,original,predict,differ,abs
0,67,73,-6,6
1,58,60,-2,2
2,88,84,4,4
3,183,184,-1,1
4,81,79,2,2
5,88,84,4,4
6,83,83,0,0
7,183,123,60,60
8,81,72,9,9
9,117,113,4,4
10,64,64,0,0
11,59,62,-3,3
12,74,70,4,4
13,100,101,-1,1
14,103,99,4,4
15,66,70,-4,4
16,97,88,9,9
17,120,107,13,13
18,79,74,5,5
19,110,121,-11,11
20,217,206,11,11
21,156,156,0,0
22,97,81,16,16
23,101,109,-8,8
24,82,71,11,11
25,127,120,7,7
26,112,111,1,1
27,191,176,15,15
28,48,61,-13,13
29,106,115,-9,9
30,133,128,5,5
31,57,69,-12,12
32,108,112,-4,4
33,89,76,13,13
34,50,55,-5,5
35,62,50,12,12
36,102,92,10,10
37,55,59,-4,4
38,89,99,-10,10
39,96,98,-2,2
40,70,70,0,0
41,115,112,3,3
42,82,76,6,6
43,102,94,8,8
44,167,146,21,21
45,82,76,6,6
46,118,126,-8,8
47,85,87,-2,2
48,93,90,3,3
49,111,101,10,10
50,77,80,-3,3
51,136,135,1,1
52,109,97,12,12
53,85,84,1,1
54,133,123,10,10
55,138,121,17,17
56,100,116,-16,16
57,130,135,-5,5
58,96,101,-5,5
59,58,52,6,6
60,115,111,4,4
61,73,75,-2,2
62,135,126,9,9
63,177,181,-4,4
64,96,97,-1,1
65,77,74,3,3
66,84,81,3,3
67,105,86,19,19
68,193,187,6,6
69,143,133,10,10
70,111,112,-1,1
71,104,99,5,5
72,265,285,-20,20
73,88,97,-9,9
74,78,79,-1,1
75,58,60,-2,2
76,86,79,7,7
77,59,64,-5,5
78,139,135,4,4
79,96,86,10,10
80,90,79,11,11
81,83,86,-3,3
82,133,126,7,7
83,141,142,-1,1
84,72,69,3,3
85,75,84,-9,9
86,43,62,-19,19
87,68,68,0,0
88,170,136,34,34
89,92,93,-1,1
90,64,82,-18,18
91,101,107,-6,6
92,82,68,14,14
93,81,77,4,4
94,75,72,3,3
95,99,89,10,10
96,45,53,-8,8
97,186,189,-3,3
98,127,139,-12,12
99,100,102,-2,2
100,66,59,7,7
101,129,106,23,23
102,107,107,0,0
103,128,121,7,7
104,90,85,5,5
105,68,70,-2,2
106,107,106,1,1
107,90,79,11,11
108,89,93,-4,4
109,70,71,-1,1
110,174,150,24,24
111,90,81,9,9
112,76,73,3,3
113,67,69,-2,2
114,76,82,-6,6
115,168,160,8,8
116,91,85,6,6
117,103,96,7,7
118,91,84,7,7
119,67,69,-2,2
120,118,121,-3,3
121,51,53,-2,2
122,76,80,-4,4
123,110,111,-1,1
124,99,92,7,7
125,96,93,3,3
126,169,170,-1,1
127,89,91,-2,2
128,94,93,1,1
129,123,134,-11,11
130,186,157,29,29
131,132,122,10,10
132,102,99,3,3
133,78,75,3,3
134,129,118,11,11
135,116,101,15,15
136,136,128,8,8
137,131,132,-1,1
138,105,101,4,4
139,69,74,-5,5
140,66,66,0,0
141,127,121,6,6
142,127,119,8,8
143,66,77,-11,11
144,112,113,-1,1
145,115,102,13,13
146,98,87,11,11
147,69,75,-6,6
148,93,88,5,5
149,121,127,-6,6
150,92,94,-2,2
151,73,70,3,3
152,139,130,9,9
153,80,73,7,7
154,89,86,3,3
155,67,64,3,3
156,66,60,6,6
157,81,79,2,2
158,59,57,2,2
159,128,124,4,4
160,109,104,5,5
161,50,64,-14,14
162,74,76,-2,2
163,80,81,-1,1
164,132,99,33,33
165,51,61,-10,10
166,115,114,1,1
167,70,79,-9,9
168,159,141,18,18
169,151,162,-11,11
170,94,87,7,7
171,81,81,0,0
172,77,78,-1,1
173,42,66,-24,24
174,135,129,6,6
175,106,93,13,13
176,50,62,-12,12
177,162,136,26,26
178,130,107,23,23
179,120,100,20,20
180,84,86,-2,2
181,76,67,9,9
182,67,74,-7,7
183,75,70,5,5
184,39,51,-12,12
185,119,106,13,13
186,55,58,-3,3
187,90,82,8,8
188,124,132,-8,8
189,171,172,-1,1
190,70,64,6,6
191,137,140,-3,3
192,127,133,-6,6
193,143,158,-15,15
194,195,171,24,24
195,112,107,5,5
196,43,61,-18,18
197,114,105,9,9
198,111,115,-4,4
199,80,75,5,5
200,128,105,23,23
201,176,173,3,3
202,64,60,4,4
203,142,137,5,5
204,100,93,7,7
205,63,53,10,10
206,145,138,7,7
207,101,100,1,1
208,78,73,5,5
209,98,90,8,8
210,147,151,-4,4
211,50,57,-7,7
212,70,71,-1,1
213,175,170,5,5
214,87,109,-22,22
215,87,73,14,14
216,108,128,-20,20
217,67,65,2,2
218,95,97,-2,2
219,89,84,5,5
220,135,137,-2,2
221,79,89,-10,10
222,43,62,-19,19
223,195,152,43,43
224,83,86,-3,3
225,81,83,-2,2
226,63,66,-3,3
227,119,110,9,9
228,98,93,5,5
229,44,56,-12,12
230,47,59,-12,12
231,87,63,24,24
232,90,69,21,21
233,62,68,-6,6
234,103,98,5,5
235,140,155,-15,15
236,114,111,3,3
237,57,72,-15,15
238,81,81,0,0
239,74,103,-29,29
240,61,67,-6,6
241,43,49,-6,6
242,55,51,4,4
243,100,86,14,14
244,124,108,16,16
245,107,107,0,0
246,121,123,-2,2
247,86,87,-1,1
248,146,141,5,5
249,147,148,-1,1
250,47,51,-4,4
251,124,121,3,3
252,89,86,3,3
253,50,60,-10,10
254,110,105,5,5
255,158,142,16,16
256,86,73,13,13
257,102,103,-1,1
258,107,105,2,2
259,64,63,1,1
260,136,130,6,6
261,125,108,17,17
262,115,106,9,9
263,71,68,3,3
264,80,75,5,5
265,82,84,-2,2
266,79,85,-6,6
267,102,98,4,4
268,49,67,-18,18
269,109,116,-7,7
270,52,54,-2,2
271,72,69,3,3
272,68,73,-5,5
273,151,154,-3,3
274,112,102,10,10
275,97,105,-8,8
276,82,93,-11,11
277,72,72,0,0
278,125,131,-6,6
279,128,133,-5,5
280,94,99,-5,5
281,76,79,-3,3
282,71,71,0,0
283,112,116,-4,4
284,75,70,5,5
285,77,66,11,11
286,78,81,-3,3
287,89,74,15,15
288,88,90,-2,2
289,97,93,4,4
290,80,77,3,3
291,67,71,-4,4
292,83,85,-2,2
293,85,91,-6,6
294,76,80,-4,4
295,64,57,7,7
296,107,106,1,1
297,141,145,-4,4
298,130,128,2,2
299,51,54,-3,3
300,66,69,-3,3
301,75,86,-11,11
302,186,171,15,15
303,86,76,10,10
304,141,151,-10,10
305,83,77,6,6
306,85,87,-2,2
307,148,129,19,19
308,87,87,0,0
309,77,68,9,9
310,27,55,-28,28
311,88,87,1,1
312,92,92,0,0
313,86,97,-11,11
314,135,133,2,2
315,77,77,0,0
316,73,69,4,4
317,133,139,-6,6
318,51,54,-3,3
319,125,121,4,4
320,98,101,-3,3
321,143,139,4,4
322,140,133,7,7
323,87,85,2,2
324,89,72,17,17
325,69,68,1,1
326,96,64,32,32
327,127,115,12,12
328,79,73,6,6
329,137,125,12,12
330,85,83,2,2
331,84,94,-10,10
332,52,50,2,2
333,77,73,4,4
334,78,77,1,1
335,104,90,14,14
336,89,92,-3,3
337,89,56,33,33
338,56,70,-14,14
339,106,88,18,18
340,71,70,1,1
341,132,127,5,5
342,82,75,7,7
343,100,95,5,5
344,51,60,-9,9
345,66,69,-3,3
346,85,78,7,7
347,112,101,11,11
348,34,53,-19,19
349,134,115,19,19
350,93,92,1,1
351,114,136,-22,22
352,137,119,18,18
353,88,91,-3,3
354,108,118,-10,10
355,106,93,13,13
356,146,187,-41,41
357,54,80,-26,26
358,170,136,34,34
359,86,72,14,14
360,110,93,17,17
361,82,90,-8,8
362,101,92,9,9
363,64,65,-1,1
364,44,59,-15,15
365,84,81,3,3
366,60,67,-7,7
367,101,104,-3,3
368,120,106,14,14
369,60,65,-5,5
370,130,132,-2,2
371,41,61,-20,20
372,116,103,13,13
373,58,56,2,2
374,77,73,4,4
375,96,91,5,5
376,88,94,-6,6
377,103,97,6,6
378,35,39,-4,4
379,64,60,4,4
380,86,74,12,12
381,89,80,9,9
382,108,96,12,12
383,116,101,15,15
384,82,82,0,0
385,65,61,4,4
386,64,68,-4,4
387,134,128,6,6
388,65,61,4,4
389,77,78,-1,1
390,120,124,-4,4
391,54,56,-2,2
392,90,85,5,5
393,87,90,-3,3
394,97,107,-10,10
395,17,35,-18,18
396,69,91,-22,22
397,31,59,-28,28
398,90,89,1,1
399,104,105,-1,1
400,97,98,-1,1
401,52,75,-23,23
402,81,86,-5,5
403,88,87,1,1
404,150,147,3,3
405,103,112,-9,9
406,47,54,-7,7
407,119,120,-1,1
408,107,105,2,2
409,88,70,18,18
410,85,80,5,5
411,95,98,-3,3
412,89,79,10,10
413,87,81,6,6
414,148,134,14,14
415,98,92,6,6
416,148,153,-5,5
417,77,74,3,3
418,70,76,-6,6
419,64,63,1,1
420,110,132,-22,22
421,143,162,-19,19
422,122,177,-55,55
423,82,85,-3,3
424,112,109,3,3
425,128,132,-4,4
426,148,143,5,5
427,80,69,11,11
428,56,61,-5,5
429,90,90,0,0
430,110,105,5,5
431,88,94,-6,6
432,91,89,2,2
433,99,89,10,10
434,122,109,13,13
435,66,64,2,2
436,106,87,19,19
437,65,66,-1,1
438,164,147,17,17
439,68,56,12,12
440,48,67,-19,19
441,88,76,12,12
442,107,99,8,8
443,58,68,-10,10
444,91,83,8,8
445,113,98,15,15
446,107,100,7,7
447,101,95,6,6
448,72,73,-1,1
449,134,135,-1,1
450,87,81,6,6
451,64,67,-3,3
452,72,68,4,4
453,146,160,-14,14
454,110,102,8,8
455,104,95,9,9
456,129,129,0,0
457,134,145,-11,11
458,123,113,10,10
459,62,60,2,2
460,71,79,-8,8
461,58,67,-9,9
462,88,84,4,4
463,134,134,0,0
464,81,84,-3,3
465,77,89,-12,12
466,118,114,4,4
467,131,122,9,9
468,66,58,8,8
469,61,68,-7,7
470,43,55,-12,12
471,121,121,0,0
472,101,103,-2,2
473,112,99,13,13
474,67,62,5,5
475,88,78,10,10
476,57,58,-1,1
477,93,74,19,19
478,77,66,11,11
479,57,58,-1,1
480,55,71,-16,16
481,68,64,4,4
482,118,119,-1,1
483,63,63,0,0
484,110,112,-2,2
485,58,54,4,4
486,119,101,18,18
487,110,143,-33,33
488,146,148,-2,2
489,50,49,1,1
490,104,94,10,10
491,136,128,8,8
492,145,150,-5,5
493,110,96,14,14
494,124,127,-3,3
495,117,103,14,14
496,134,125,9,9
497,98,89,9,9
498,104,119,-15,15
499,78,66,12,12
500,100,94,6,6
501,45,61,-16,16
502,108,114,-6,6
503,50,64,-14,14
504,69,72,-3,3
505,106,95,11,11
506,66,60,6,6
507,61,70,-9,9
508,96,93,3,3
509,96,79,17,17
510,53,65,-12,12
511,93,90,3,3
512,80,75,5,5
513,73,76,-3,3
514,70,73,-3,3
515,100,94,6,6
516,137,129,8,8
517,114,112,2,2
518,70,65,5,5
519,55,58,-3,3
520,108,80,28,28
521,138,140,-2,2
522,95,95,0,0
523,142,149,-7,7
524,83,80,3,3
525,122,112,10,10
526,97,100,-3,3
527,56,64,-8,8
528,122,128,-6,6
529,73,76,-3,3
530,69,55,14,14
531,95,98,-3,3
532,68,68,0,0
533,95,86,9,9
534,78,90,-12,12
535,90,88,2,2
536,106,104,2,2
537,42,51,-9,9
538,76,78,-2,2
539,157,180,-23,23
540,119,116,3,3
541,99,90,9,9
542,61,63,-2,2
543,102,90,12,12
544,92,95,-3,3
545,124,111,13,13
546,82,83,-1,1
547,76,76,0,0
548,67,73,-6,6
549,148,145,3,3
550,74,77,-3,3
551,66,78,-12,12
552,108,100,8,8
553,64,62,2,2
554,102,89,13,13
555,63,59,4,4
556,66,59,7,7
557,74,67,7,7
558,74,82,-8,8
559,67,75,-8,8
560,86,93,-7,7
561,81,97,-16,16
562,90,95,-5,5
563,47,57,-10,10
564,68,64,4,4
565,88,77,11,11
566,83,84,-1,1
567,76,68,8,8
568,55,62,-7,7
569,100,98,2,2
570,108,116,-8,8
571,178,151,27,27
572,80,82,-2,2
573,82,73,9,9
574,149,119,30,30
575,69,76,-7,7
576,70,78,-8,8
577,90,105,-15,15
578,91,82,9,9
579,75,74,1,1
580,88,87,1,1
581,134,128,6,6
582,49,64,-15,15
583,51,48,3,3
584,113,104,9,9
585,88,91,-3,3
586,53,64,-11,11
587,84,63,21,21
588,105,88,17,17
589,85,84,1,1
590,105,95,10,10
591,75,79,-4,4
592,139,134,5,5
593,103,94,9,9
594,87,84,3,3
595,65,78,-13,13
596,74,73,1,1
597,98,102,-4,4
598,110,103,7,7
599,112,104,8,8
600,88,87,1,1
601,85,81,4,4
602,55,57,-2,2
603,86,83,3,3
604,124,125,-1,1
605,114,112,2,2
606,57,59,-2,2
607,56,54,2,2
608,78,68,10,10
609,122,146,-24,24
610,79,80,-1,1
611,81,67,14,14
612,117,104,13,13
613,112,112,0,0
614,95,101,-6,6
615,195,175,20,20
616,76,80,-4,4
617,104,92,12,12
618,112,113,-1,1
619,103,106,-3,3
620,91,83,8,8
621,105,98,7,7
622,127,111,16,16
623,60,64,-4,4
624,111,112,-1,1
625,106,100,6,6
626,109,106,3,3
627,85,75,10,10
628,67,66,1,1
629,81,84,-3,3
630,83,85,-2,2
631,56,73,-17,17
632,92,92,0,0
633,71,83,-12,12
634,95,90,5,5
635,93,93,0,0
636,144,143,1,1
637,53,61,-8,8
638,77,81,-4,4
639,71,69,2,2
640,95,96,-1,1
641,95,98,-3,3
642,61,63,-2,2
643,141,135,6,6
644,133,125,8,8
645,94,89,5,5
646,112,112,0,0
647,84,82,2,2
648,92,95,-3,3
649,84,84,0,0
650,94,94,0,0
651,72,64,8,8
652,102,119,-17,17
653,61,67,-6,6
654,108,106,2,2
655,105,112,-7,7
656,85,78,7,7
657,74,74,0,0
658,50,60,-10,10
659,101,96,5,5
660,82,74,8,8
661,108,92,16,16
662,148,146,2,2
663,126,122,4,4
664,136,146,-10,10
665,75,65,10,10
666,36,60,-24,24
667,42,55,-13,13
668,69,63,6,6
669,126,120,6,6
670,109,100,9,9
671,90,91,-1,1
672,116,104,12,12
673,151,206,-55,55
674,147,143,4,4
675,52,87,-35,35
676,107,103,4,4
677,90,90,0,0
678,162,152,10,10
679,103,108,-5,5
680,150,141,9,9
681,62,78,-16,16
682,111,101,10,10
683,77,86,-9,9
684,166,176,-10,10
685,151,165,-14,14
686,116,111,5,5
687,79,79,0,0
688,94,110,-16,16
689,110,110,0,0
690,152,123,29,29
691,176,169,7,7
692,92,91,1,1
693,156,142,14,14
694,92,97,-5,5
695,77,71,6,6
696,32,59,-27,27
697,87,83,4,4
698,108,102,6,6
699,104,84,20,20
700,70,66,4,4
701,66,62,4,4
702,118,109,9,9
703,65,67,-2,2
704,111,98,13,13
705,74,66,8,8
706,81,88,-7,7
707,88,80,8,8
708,87,86,1,1
709,116,121,-5,5
710,47,46,1,1
711,95,88,7,7
712,44,71,-27,27
713,91,94,-3,3
714,83,78,5,5
715,137,126,11,11
716,80,86,-6,6
717,147,129,18,18
718,119,119,0,0
719,137,107,30,30
720,133,142,-9,9
721,89,87,2,2
722,150,135,15,15
723,108,94,14,14
724,96,86,10,10
725,88,78,10,10
726,140,126,14,14
727,128,139,-11,11
728,53,65,-12,12
729,100,109,-9,9
730,58,59,-1,1
731,110,95,15,15
732,125,129,-4,4
733,124,106,18,18
734,109,112,-3,3
735,122,124,-2,2
736,95,91,4,4
737,93,97,-4,4
738,85,85,0,0
739,98,86,12,12
740,68,71,-3,3
741,48,59,-11,11
742,97,102,-5,5
743,81,75,6,6
744,88,81,7,7
745,91,101,-10,10
746,64,62,2,2
747,204,198,6,6
748,114,101,13,13
749,185,143,42,42
750,75,76,-1,1
751,70,84,-14,14
752,145,145,0,0
753,87,82,5,5
754,45,63,-18,18
755,73,69,4,4
756,125,126,-1,1
757,60,72,-12,12
758,95,87,8,8
759,119,93,26,26
760,76,66,10,10
761,56,61,-5,5
762,44,69,-25,25
763,98,98,0,0
764,86,72,14,14
765,161,145,16,16
766,102,117,-15,15
767,103,96,7,7
768,69,67,2,2
769,151,154,-3,3
770,92,71,21,21
771,80,86,-6,6
772,87,84,3,3
773,108,101,7,7
774,51,62,-11,11
775,110,103,7,7
776,64,60,4,4
777,73,72,1,1
778,92,83,9,9
779,93,87,6,6
780,103,95,8,8
781,49,59,-10,10
782,71,68,3,3
783,70,68,2,2
784,67,65,2,2
785,100,90,10,10
786,93,94,-1,1
787,75,74,1,1
788,97,96,1,1
789,84,82,2,2
790,140,134,6,6
791,151,141,10,10
792,78,81,-3,3
793,79,89,-10,10
794,108,117,-9,9
795,95,80,15,15
796,98,85,13,13
797,119,122,-3,3
798,83,89,-6,6
799,67,67,0,0
800,64,67,-3,3
801,102,88,14,14
802,75,72,3,3
803,68,81,-13,13
804,78,73,5,5
805,53,50,3,3
806,126,120,6,6
807,89,85,4,4
808,85,87,-2,2
809,64,69,-5,5
810,85,75,10,10
811,74,65,9,9
812,66,67,-1,1
813,79,66,13,13
814,125,104,21,21
815,119,110,9,9
816,26,55,-29,29
817,66,64,2,2
818,88,75,13,13
819,111,95,16,16
820,86,78,8,8
821,76,79,-3,3
822,86,82,4,4
823,145,146,-1,1
824,46,57,-11,11
825,107,103,4,4
826,99,88,11,11
827,63,73,-10,10
828,68,67,1,1
829,100,77,23,23
830,110,115,-5,5
831,77,78,-1,1
832,66,68,-2,2
833,64,54,10,10
834,77,82,-5,5
835,144,143,1,1
836,106,104,2,2
837,93,97,-4,4
838,73,86,-13,13
839,103,102,1,1
840,105,104,1,1
841,75,80,-5,5
842,83,80,3,3
843,112,108,4,4
844,156,155,1,1
845,156,150,6,6
846,77,84,-7,7
847,76,79,-3,3
848,95,94,1,1
849,41,59,-18,18
850,106,115,-9,9
851,135,125,10,10
852,92,99,-7,7
853,91,96,-5,5
854,112,108,4,4
855,84,90,-6,6
856,77,67,10,10
857,29,60,-31,31
858,64,61,3,3
859,143,122,21,21
860,59,63,-4,4
861,155,158,-3,3
862,207,176,31,31
863,129,122,7,7
864,115,103,12,12
865,108,99,9,9
866,162,140,22,22
867,69,72,-3,3
868,62,70,-8,8
869,79,95,-16,16
870,57,62,-5,5
871,90,87,3,3
872,98,84,14,14
873,108,107,1,1
874,80,93,-13,13
875,114,101,13,13
876,57,64,-7,7
877,41,111,-70,70
878,90,80,10,10
879,84,76,8,8
880,87,87,0,0
881,70,75,-5,5
882,109,115,-6,6
883,76,73,3,3
884,62,53,9,9
885,83,80,3,3
886,124,130,-6,6
887,122,127,-5,5
888,55,67,-12,12
889,108,113,-5,5
890,109,111,-2,2
891,52,77,-25,25
892,134,120,14,14
893,60,67,-7,7
894,71,70,1,1
895,123,114,9,9
896,60,66,-6,6
897,140,136,4,4
898,109,93,16,16
899,150,170,-20,20
900,74,71,3,3
901,94,91,3,3
902,71,69,2,2
903,139,127,12,12
904,87,103,-16,16
905,72,75,-3,3
906,53,54,-1,1
907,163,150,13,13
908,111,95,16,16
909,70,61,9,9
910,46,67,-21,21
911,138,125,13,13
912,127,123,4,4
913,70,83,-13,13
914,107,124,-17,17
915,64,62,2,2
916,69,73,-4,4
917,196,190,6,6
918,136,138,-2,2
919,52,46,6,6
920,79,78,1,1
921,109,105,4,4
922,78,80,-2,2
923,115,112,3,3
924,77,90,-13,13
925,110,104,6,6
926,74,65,9,9
927,49,58,-9,9
928,55,61,-6,6
929,145,137,8,8
930,119,106,13,13
931,96,84,12,12
932,196,184,12,12
933,72,78,-6,6
934,90,93,-3,3
935,62,97,-35,35
936,118,121,-3,3
937,137,146,-9,9
938,79,78,1,1
939,152,157,-5,5
940,87,96,-9,9
941,112,105,7,7
942,62,59,3,3
943,72,78,-6,6
944,109,106,3,3
945,83,68,15,15
946,68,72,-4,4
947,97,93,4,4
948,59,55,4,4
949,173,156,17,17
950,73,63,10,10
951,85,79,6,6
952,62,62,0,0
953,75,70,5,5
954,90,98,-8,8
955,93,90,3,3
956,98,91,7,7
957,116,103,13,13
958,50,55,-5,5
959,106,111,-5,5
960,114,92,22,22
961,98,86,12,12
962,184,185,-1,1
963,69,70,-1,1
964,147,150,-3,3
965,29,64,-35,35
966,108,119,-11,11
967,65,70,-5,5
968,96,82,14,14
969,84,83,1,1
970,70,59,11,11
971,162,159,3,3
972,112,110,2,2
973,71,68,3,3
974,139,122,17,17
975,72,75,-3,3
976,68,68,0,0
977,76,84,-8,8
978,87,65,22,22
979,52,57,-5,5
980,115,110,5,5
981,161,148,13,13
982,88,73,15,15
983,107,104,3,3
984,84,75,9,9
985,90,88,2,2
986,55,59,-4,4
987,138,133,5,5
988,90,74,16,16
989,114,108,6,6
990,111,132,-21,21
991,44,53,-9,9
992,111,117,-6,6
993,128,110,18,18
994,98,90,8,8
995,93,82,11,11
996,74,75,-1,1
997,130,126,4,4
998,82,90,-8,8
999,178,154,24,24
1000,42,67,-25,25
1001,96,89,7,7
1002,39,52,-13,13
1003,75,70,5,5
1004,147,144,3,3
1005,102,102,0,0
1006,212,180,32,32
1007,64,61,3,3
1008,91,77,14,14
1009,39,51,-12,12
1010,92,102,-10,10
1011,159,150,9,9
1012,119,102,17,17
1013,128,122,6,6
1014,125,120,5,5
1015,63,72,-9,9
1016,117,111,6,6
1017,117,117,0,0
1018,35,68,-33,33
1019,108,103,5,5
1020,108,108,0,0
1021,77,67,10,10
1022,88,84,4,4
1023,45,50,-5,5
1024,88,86,2,2
1025,110,96,14,14
1026,93,78,15,15
1027,77,80,-3,3
1028,144,130,14,14
1029,63,70,-7,7
1030,56,59,-3,3
1031,143,137,6,6
1032,119,138,-19,19
1033,85,73,12,12
1034,94,95,-1,1
1035,115,118,-3,3
1036,117,120,-3,3
1037,71,69,2,2
1038,79,75,4,4
1039,119,72,47,47
1040,78,75,3,3
1041,101,122,-21,21
1042,89,91,-2,2
1043,91,96,-5,5
1044,112,116,-4,4
1045,131,120,11,11
1046,43,47,-4,4
1047,162,158,4,4
1048,55,64,-9,9
1049,116,119,-3,3
1050,49,56,-7,7
1051,88,78,10,10
1052,108,105,3,3
1053,72,62,10,10
1054,115,110,5,5
1055,55,59,-4,4
1056,146,136,10,10
1057,97,80,17,17
1058,81,77,4,4
1059,146,136,10,10
1060,133,126,7,7
1061,62,62,0,0
1062,148,152,-4,4
1063,98,79,19,19
1064,81,64,17,17
1065,73,76,-3,3
1066,81,79,2,2
1067,148,137,11,11
1068,141,127,14,14
1069,56,63,-7,7
1070,123,123,0,0
1071,83,63,20,20
1072,117,120,-3,3
1073,99,100,-1,1
1074,99,100,-1,1
1075,64,71,-7,7
1076,92,82,10,10
1077,40,48,-8,8
1078,183,169,14,14
1079,44,62,-18,18
1080,115,107,8,8
1081,49,66,-17,17
1082,127,114,13,13
1083,155,136,19,19
1084,81,93,-12,12
1085,92,77,15,15
1086,74,64,10,10
1087,108,111,-3,3
1088,57,54,3,3
1089,61,79,-18,18
1090,125,77,48,48
1091,97,86,11,11
1092,60,87,-27,27
1093,78,80,-2,2
1094,71,84,-13,13
1095,84,91,-7,7
1096,177,157,20,20
1097,80,74,6,6
1098,130,122,8,8
1099,81,74,7,7
1100,88,74,14,14
1101,56,63,-7,7
1102,149,144,5,5
1103,92,78,14,14
1104,90,90,0,0
1105,45,53,-8,8
1106,63,65,-2,2
1107,92,87,5,5
1108,124,124,0,0
1109,140,146,-6,6
1110,122,141,-19,19
1111,47,56,-9,9
1112,67,70,-3,3
1113,199,190,9,9
1114,110,134,-24,24
1115,78,74,4,4
1116,42,43,-1,1
1117,51,47,4,4
1118,183,154,29,29
1119,160,155,5,5
1120,117,116,1,1
1121,70,78,-8,8
1122,90,87,3,3
1123,101,105,-4,4
1124,73,67,6,6
1125,64,64,0,0
1126,69,69,0,0
1127,98,92,6,6
1128,121,117,4,4
1129,83,77,6,6
1130,170,174,-4,4
1131,80,74,6,6
1132,68,69,-1,1
1133,130,140,-10,10
1134,66,71,-5,5
1135,65,83,-18,18
1136,95,91,4,4
1137,99,88,11,11
1138,95,117,-22,22
1139,174,176,-2,2
1140,154,138,16,16
1141,121,108,13,13
1142,109,93,16,16
1143,87,105,-18,18
1144,61,60,1,1
1145,96,95,1,1
1146,96,93,3,3
1147,118,107,11,11
1148,97,89,8,8
1149,105,102,3,3
1150,87,77,10,10
1151,104,89,15,15
1152,80,79,1,1
1153,54,71,-17,17
1154,92,83,9,9
1155,48,68,-20,20
1156,78,81,-3,3
1157,136,121,15,15
1158,139,120,19,19
1159,61,95,-34,34
1160,83,89,-6,6
1161,103,106,-3,3
1162,128,121,7,7
1163,131,124,7,7
1164,76,65,11,11
1165,74,75,-1,1
1166,135,127,8,8
1167,73,74,-1,1
1168,115,115,0,0
1169,81,93,-12,12
1170,140,131,9,9
1171,69,73,-4,4
1172,46,53,-7,7
1173,109,108,1,1
1174,197,186,11,11
1175,111,117,-6,6
1176,100,94,6,6
1177,77,69,8,8
1178,66,59,7,7
1179,67,65,2,2
1180,120,130,-10,10
1181,349,440,-91,91
1182,78,70,8,8
1183,118,117,1,1
1184,51,61,-10,10
1185,82,79,3,3
1186,49,51,-2,2
1187,72,72,0,0
1188,112,286,-174,174
1189,140,112,28,28
1190,69,77,-8,8
1191,94,90,4,4
1192,69,69,0,0
1193,96,100,-4,4
1194,77,108,-31,31
1195,92,103,-11,11
1196,141,136,5,5
1197,94,93,1,1
1198,92,79,13,13
1199,96,112,-16,16
1200,69,65,4,4
1201,35,52,-17,17
1202,78,78,0,0
1203,113,109,4,4
1204,99,93,6,6
1205,108,104,4,4
1206,118,109,9,9
1207,95,82,13,13
1208,106,111,-5,5
1209,101,95,6,6
1210,77,84,-7,7
1211,97,94,3,3
1212,86,77,9,9
1213,60,65,-5,5
1214,101,109,-8,8
1215,105,89,16,16
1216,73,76,-3,3
1217,90,89,1,1
1218,121,110,11,11
1219,80,74,6,6
1220,85,87,-2,2
1221,158,153,5,5
1222,75,83,-8,8
1223,70,76,-6,6
1224,66,66,0,0
1225,107,100,7,7
1226,182,183,-1,1
1227,134,131,3,3
1228,103,96,7,7
1229,69,81,-12,12
1230,95,84,11,11
1231,33,55,-22,22
1232,58,64,-6,6
1233,63,64,-1,1
1234,115,98,17,17
1235,111,104,7,7
1236,128,114,14,14
1237,141,121,20,20
1238,50,59,-9,9
1239,129,107,22,22
1240,49,60,-11,11
1241,91,78,13,13
1242,131,116,15,15
1243,120,94,26,26
1244,91,85,6,6
1245,108,104,4,4
1246,70,77,-7,7
1247,51,55,-4,4
1248,92,89,3,3
1249,77,68,9,9
1250,149,137,12,12
1251,117,103,14,14
1252,144,140,4,4
1253,82,71,11,11
1254,107,108,-1,1
1255,51,58,-7,7
1256,55,61,-6,6
1257,101,100,1,1
1258,99,93,6,6
1259,114,102,12,12
1260,55,55,0,0
1261,83,68,15,15
1262,174,154,20,20
1263,136,123,13,13
1264,89,89,0,0
1265,67,81,-14,14
1266,81,80,1,1
1267,122,123,-1,1
1268,74,69,5,5
1269,149,165,-16,16
1270,62,59,3,3
1271,64,73,-9,9
1272,85,86,-1,1
1273,163,135,28,28
1274,72,83,-11,11
1275,62,58,4,4
1276,50,57,-7,7
1277,57,71,-14,14
1278,82,88,-6,6
1279,58,53,5,5
1280,51,60,-9,9
1281,63,66,-3,3
1282,125,122,3,3
1283,78,81,-3,3
1284,57,61,-4,4
1285,65,72,-7,7
1286,111,117,-6,6
1287,90,87,3,3
1288,107,103,4,4
1289,81,64,17,17
1290,133,114,19,19
1291,111,116,-5,5
1292,64,73,-9,9
1293,56,69,-13,13
1294,51,55,-4,4
1295,64,54,10,10
1296,156,147,9,9
1297,96,104,-8,8
1298,94,78,16,16
1299,65,99,-34,34
1300,167,161,6,6
1301,44,53,-9,9
1302,255,227,28,28
1303,80,77,3,3
1304,142,131,11,11
1305,73,60,13,13
1306,114,109,5,5
1307,81,72,9,9
1308,66,66,0,0
1309,91,89,2,2
1310,106,91,15,15
1311,84,80,4,4
1312,120,116,4,4
1313,115,105,10,10
1314,130,119,11,11
1315,192,216,-24,24
1316,150,135,15,15
1317,87,80,7,7
1318,69,71,-2,2
1319,170,176,-6,6
1320,99,96,3,3
1321,72,70,2,2
1322,106,95,11,11
1323,142,122,20,20
1324,44,50,-6,6
1325,87,86,1,1
1326,72,77,-5,5
1327,116,102,14,14
1328,66,66,0,0
1329,43,66,-23,23
1330,145,133,12,12
1331,92,87,5,5
1332,86,88,-2,2
1333,87,90,-3,3
1334,71,65,6,6
1335,136,123,13,13
1336,73,80,-7,7
1337,81,77,4,4
1338,65,58,7,7
1339,97,83,14,14
1340,61,60,1,1
1341,76,68,8,8
1342,55,60,-5,5
1343,100,93,7,7
1344,120,119,1,1
1345,110,126,-16,16
1346,103,100,3,3
1347,57,56,1,1
1348,95,76,19,19
1349,82,81,1,1
1350,105,110,-5,5
1351,68,69,-1,1
1352,177,156,21,21
1353,97,97,0,0
1354,150,124,26,26
1355,38,52,-14,14
1356,85,78,7,7
1357,79,79,0,0
1358,78,76,2,2
1359,98,89,9,9
1360,138,127,11,11
1361,92,82,10,10
1362,110,98,12,12
1363,135,145,-10,10
1364,96,98,-2,2
1365,107,99,8,8
1366,84,83,1,1
1367,82,75,7,7
1368,87,115,-28,28
1369,58,63,-5,5
1370,55,49,6,6
1371,69,69,0,0
1372,193,182,11,11
1373,102,105,-3,3
1374,105,98,7,7
1375,74,85,-11,11
1376,122,122,0,0
1377,85,78,7,7
1378,103,100,3,3
1379,139,125,14,14
1380,91,77,14,14
1381,84,96,-12,12
1382,155,141,14,14
1383,73,67,6,6
1384,141,120,21,21
1385,70,65,5,5
1386,93,84,9,9
1387,100,83,17,17
1388,96,88,8,8
1389,56,60,-4,4
1390,93,118,-25,25
1391,97,116,-19,19
1392,43,50,-7,7
1393,58,60,-2,2
1394,107,96,11,11
1395,118,110,8,8
1396,64,78,-14,14
1397,114,99,15,15
1398,84,79,5,5
1399,68,70,-2,2
1400,170,153,17,17
1401,121,117,4,4
1402,180,169,11,11
1403,81,73,8,8
1404,131,121,10,10
1405,166,148,18,18
1406,83,82,1,1
1407,107,99,8,8
1408,95,86,9,9
1409,88,77,11,11
1410,149,140,9,9
1411,160,154,6,6
1412,112,110,2,2
1413,145,135,10,10
1414,38,51,-13,13
1415,104,90,14,14
1416,125,127,-2,2
1417,86,75,11,11
1418,105,100,5,5
1419,44,53,-9,9
1420,116,105,11,11
1421,136,129,7,7
1422,149,136,13,13
1423,135,108,27,27
1424,51,54,-3,3
1425,94,100,-6,6
1426,88,94,-6,6
1427,128,122,6,6
1428,148,143,5,5
1429,103,115,-12,12
1430,59,77,-18,18
1431,75,68,7,7
1432,83,81,2,2
1433,73,69,4,4
1434,75,97,-22,22
1435,74,72,2,2
1436,85,80,5,5
1437,74,66,8,8
1438,99,91,8,8
1439,122,118,4,4
1440,130,134,-4,4
1441,61,68,-7,7
1442,48,57,-9,9
1443,111,110,1,1
1444,58,65,-7,7
1445,61,74,-13,13
1446,129,124,5,5
1447,55,51,4,4
1448,159,159,0,0
1449,81,78,3,3
1450,44,60,-16,16
1451,64,66,-2,2
1452,105,97,8,8
1453,131,140,-9,9
1454,188,188,0,0
1455,107,100,7,7
1456,74,65,9,9
1457,155,170,-15,15
1458,93,79,14,14
1459,125,126,-1,1
1460,113,110,3,3
1461,81,83,-2,2
1462,73,64,9,9
1463,78,77,1,1
1464,124,100,24,24
1465,68,79,-11,11
1466,90,86,4,4
1467,108,90,18,18
1468,73,64,9,9
1469,92,93,-1,1
1470,118,117,1,1
1471,70,65,5,5
1472,98,101,-3,3
1473,70,66,4,4
1474,72,65,7,7
1475,107,90,17,17
1476,112,107,5,5
1477,118,115,3,3
1478,86,76,10,10
1479,114,96,18,18
1480,121,114,7,7
1481,120,116,4,4
1482,275,246,29,29
1483,98,87,11,11
1484,95,103,-8,8
1485,80,77,3,3
1486,126,133,-7,7
1487,98,94,4,4
1488,133,143,-10,10
1489,61,59,2,2
1490,129,113,16,16
1491,117,107,10,10
1492,54,66,-12,12
1493,54,61,-7,7
1494,48,56,-8,8
1495,85,76,9,9
1496,56,81,-25,25
1497,77,86,-9,9
1498,140,115,25,25
1499,69,77,-8,8
1500,88,82,6,6
1501,107,106,1,1
1502,81,82,-1,1
1503,134,121,13,13
1504,80,85,-5,5
1505,121,111,10,10
1506,111,105,6,6
1507,72,73,-1,1
1508,155,149,6,6
1509,61,62,-1,1
1510,70,78,-8,8
1511,55,59,-4,4
1512,74,73,1,1
1513,151,146,5,5
1514,38,48,-10,10
1515,164,201,-37,37
1516,66,69,-3,3
1517,58,62,-4,4
1518,66,73,-7,7
1519,116,90,26,26
1520,71,82,-11,11
1521,99,95,4,4
1522,108,121,-13,13
1523,77,77,0,0
1524,56,61,-5,5
1525,126,108,18,18
1526,117,107,10,10
1527,71,63,8,8
1528,80,69,11,11
1529,69,73,-4,4
1530,76,65,11,11
1531,137,128,9,9
1532,184,174,10,10
1533,131,116,15,15
1534,149,131,18,18
1535,95,84,11,11
1536,122,117,5,5
1537,54,60,-6,6
1538,88,87,1,1
1539,83,73,10,10
1540,69,70,-1,1
1541,87,92,-5,5
1542,156,149,7,7
1543,118,117,1,1
1544,55,56,-1,1
1545,83,79,4,4
1546,81,91,-10,10
1547,101,111,-10,10
1548,73,64,9,9
1549,105,107,-2,2
1550,82,79,3,3
1551,65,65,0,0
1552,78,79,-1,1
1553,115,110,5,5
1554,133,117,16,16
1555,58,58,0,0
1556,108,105,3,3
1557,128,128,0,0
1558,136,122,14,14
1559,37,62,-25,25
1560,95,101,-6,6
1561,121,120,1,1
1562,87,81,6,6
1563,100,118,-18,18
1564,89,82,7,7
1565,126,131,-5,5
1566,109,112,-3,3
1567,103,90,13,13
1568,150,142,8,8
1569,94,117,-23,23
1570,148,157,-9,9
1571,60,80,-20,20
1572,70,77,-7,7
1573,131,128,3,3
1574,70,75,-5,5
1575,95,101,-6,6
1576,66,73,-7,7
1577,86,78,8,8
1578,91,90,1,1
1579,75,83,-8,8
1580,46,49,-3,3
1581,100,97,3,3
1582,98,91,7,7
1583,92,80,12,12
1584,112,102,10,10
1585,167,166,1,1
1586,90,85,5,5
1587,109,100,9,9
1588,93,104,-11,11
1589,61,58,3,3
1590,123,118,5,5
1591,93,90,3,3
1592,74,68,6,6
1593,36,62,-26,26
1594,89,84,5,5
1595,144,153,-9,9
1596,80,77,3,3
1597,114,111,3,3
1598,106,113,-7,7
1599,57,54,3,3
1600,70,70,0,0
1601,112,110,2,2
1602,92,83,9,9
1603,106,91,15,15
1604,122,124,-2,2
1605,128,120,8,8
1606,109,106,3,3
1607,75,67,8,8
1608,120,111,9,9
1609,60,64,-4,4
1610,137,131,6,6
1611,78,78,0,0
1612,93,88,5,5
1613,91,79,12,12
1614,84,84,0,0
1615,137,135,2,2
1616,43,57,-14,14
1617,74,52,22,22
1618,77,76,1,1
1619,114,106,8,8
1620,104,83,21,21
1621,101,105,-4,4
1622,43,56,-13,13
1623,106,101,5,5
1624,90,92,-2,2
1625,114,119,-5,5
1626,82,72,10,10
1627,62,64,-2,2
1628,112,106,6,6
1629,46,62,-16,16
1630,104,108,-4,4
1631,106,101,5,5
1632,62,60,2,2
1633,123,119,4,4
1634,95,93,2,2
1635,64,63,1,1
1636,76,79,-3,3
1637,104,97,7,7
1638,126,112,14,14
1639,144,138,6,6
1640,119,124,-5,5
1641,74,69,5,5
1642,51,58,-7,7
1643,91,92,-1,1
1644,86,95,-9,9
1645,95,98,-3,3
1646,72,74,-2,2
1647,162,156,6,6
1648,87,88,-1,1
1649,91,93,-2,2
1650,122,130,-8,8
1651,70,68,2,2
1652,106,107,-1,1
1653,89,95,-6,6
1654,59,59,0,0
1655,44,53,-9,9
1656,74,66,8,8
1657,77,83,-6,6
1658,135,114,21,21
1659,107,103,4,4
1660,64,70,-6,6
1661,52,72,-20,20
1662,61,61,0,0
1663,74,80,-6,6
1664,87,91,-4,4
1665,106,100,6,6
1666,64,61,3,3
1667,70,80,-10,10
1668,77,67,10,10
1669,62,68,-6,6
1670,67,61,6,6
1671,109,105,4,4
1672,118,106,12,12
1673,74,77,-3,3
1674,100,96,4,4
1675,83,104,-21,21
1676,83,77,6,6
1677,121,112,9,9
1678,79,83,-4,4
1679,46,58,-12,12
1680,92,78,14,14
1681,102,96,6,6
1682,103,96,7,7
1683,64,58,6,6
1684,101,92,9,9
1685,105,96,9,9
1686,55,64,-9,9
1687,66,59,7,7
1688,60,60,0,0
1689,62,66,-4,4
1690,150,152,-2,2
1691,84,90,-6,6
1692,98,108,-10,10
1693,59,58,1,1
1694,57,57,0,0
1695,88,127,-39,39
1696,146,152,-6,6
1697,58,63,-5,5
1698,73,62,11,11
1699,192,183,9,9
1700,58,72,-14,14
1701,97,84,13,13
1702,84,84,0,0
1703,149,140,9,9
1704,162,145,17,17
1705,53,68,-15,15
1706,48,63,-15,15
1707,103,108,-5,5
1708,64,62,2,2
1709,85,65,20,20
1710,64,63,1,1
1711,73,75,-2,2
1712,72,66,6,6
1713,136,112,24,24
1714,103,105,-2,2
1715,161,145,16,16
1716,89,85,4,4
1717,102,90,12,12
1718,66,107,-41,41
1719,87,80,7,7
1720,101,95,6,6
1721,90,95,-5,5
1722,108,107,1,1
1723,59,70,-11,11
1724,118,109,9,9
1725,56,54,2,2
1726,195,193,2,2
1727,70,64,6,6
1728,90,85,5,5
1729,108,105,3,3
1730,118,132,-14,14
1731,74,78,-4,4
1732,115,108,7,7
1733,31,51,-20,20
1734,121,125,-4,4
1735,43,73,-30,30
1736,78,73,5,5
1737,63,69,-6,6
1738,57,57,0,0
1739,53,60,-7,7
1740,63,72,-9,9
1741,88,83,5,5
1742,80,92,-12,12
1743,133,123,10,10
1744,90,83,7,7
1745,130,125,5,5
1746,70,71,-1,1
1747,169,165,4,4
1748,45,54,-9,9
1749,171,153,18,18
1750,84,76,8,8
1751,95,94,1,1
1752,73,80,-7,7
1753,59,59,0,0
1754,82,86,-4,4
1755,101,92,9,9
1756,77,80,-3,3
1757,57,63,-6,6
1758,97,89,8,8
1759,69,73,-4,4
1760,82,78,4,4
1761,60,76,-16,16
1762,70,73,-3,3
1763,79,77,2,2
1764,127,126,1,1
1765,92,98,-6,6
1766,119,118,1,1
1767,59,65,-6,6
1768,66,70,-4,4
1769,44,56,-12,12
1770,46,58,-12,12
1771,129,107,22,22
1772,93,83,10,10
1773,98,125,-27,27
1774,89,83,6,6
1775,74,68,6,6
1776,96,95,1,1
1777,103,93,10,10
1778,84,92,-8,8
1779,75,72,3,3
1780,167,156,11,11
1781,85,85,0,0
1782,108,111,-3,3
1783,59,56,3,3
1784,101,97,4,4
1785,76,74,2,2
1786,118,106,12,12
1787,67,71,-4,4
1788,53,66,-13,13
1789,108,106,2,2
1790,103,94,9,9
1791,130,135,-5,5
1792,83,78,5,5
1793,52,53,-1,1
1794,79,83,-4,4
1795,80,83,-3,3
1796,88,71,17,17
1797,55,62,-7,7
1798,53,58,-5,5
1799,116,111,5,5
1800,103,95,8,8
1801,73,75,-2,2
1802,72,67,5,5
1803,155,142,13,13
1804,205,223,-18,18
1805,55,57,-2,2
1806,119,110,9,9
1807,93,80,13,13
1808,81,80,1,1
1809,93,91,2,2
1810,121,119,2,2
1811,62,66,-4,4
1812,61,67,-6,6
1813,113,106,7,7
1814,79,75,4,4
1815,130,121,9,9
1816,68,73,-5,5
1817,81,80,1,1
1818,114,88,26,26
1819,101,82,19,19
1820,63,56,7,7
1821,87,96,-9,9
1822,117,114,3,3
1823,114,107,7,7
1824,109,108,1,1
1825,96,84,12,12
1826,54,62,-8,8
1827,132,126,6,6
1828,85,79,6,6
1829,70,61,9,9
1830,60,55,5,5
1831,68,66,2,2
1832,48,47,1,1
1833,75,80,-5,5
1834,126,125,1,1
1835,106,94,12,12
1836,60,56,4,4
1837,70,67,3,3
1838,52,53,-1,1
1839,86,84,2,2
1840,74,70,4,4
1841,118,111,7,7
1842,43,56,-13,13
1843,207,215,-8,8
1844,97,87,10,10
1845,78,75,3,3
1846,100,103,-3,3
1847,108,95,13,13
1848,73,74,-1,1
1849,151,136,15,15
1850,45,53,-8,8
1851,81,77,4,4
1852,68,67,1,1
1853,140,149,-9,9
1854,121,116,5,5
1855,88,101,-13,13
1856,42,54,-12,12
1857,76,73,3,3
1858,89,86,3,3
1859,61,57,4,4
1860,98,96,2,2
1861,78,79,-1,1
1862,54,65,-11,11
1863,128,152,-24,24
1864,160,157,3,3
1865,65,66,-1,1
1866,109,108,1,1
1867,149,162,-13,13
1868,112,97,15,15
1869,78,74,4,4
1870,61,56,5,5
1871,82,80,2,2
1872,54,63,-9,9
1873,45,58,-13,13
1874,102,97,5,5
1875,92,81,11,11
1876,121,119,2,2
1877,119,112,7,7
1878,84,76,8,8
1879,99,95,4,4
1880,116,115,1,1
1881,119,112,7,7
1882,157,146,11,11
1883,119,109,10,10
1884,92,83,9,9
1885,60,65,-5,5
1886,101,95,6,6
1887,90,86,4,4
1888,132,136,-4,4
1889,156,147,9,9
1890,101,97,4,4
1891,88,90,-2,2
1892,141,118,23,23
1893,56,57,-1,1
1894,85,78,7,7
1895,182,159,23,23
1896,127,110,17,17
1897,76,76,0,0
1898,83,73,10,10
1899,59,58,1,1
1900,33,50,-17,17
1901,38,56,-18,18
1902,90,84,6,6
1903,87,100,-13,13
1904,81,82,-1,1
1905,123,129,-6,6
1906,111,105,6,6
1907,207,205,2,2
1908,140,121,19,19
1909,90,89,1,1
1910,67,66,1,1
1911,102,130,-28,28
1912,65,65,0,0
1913,81,84,-3,3
1914,75,71,4,4
1915,93,91,2,2
1916,87,101,-14,14
1917,183,163,20,20
1918,95,95,0,0
1919,200,179,21,21
1920,95,93,2,2
1921,199,175,24,24
1922,87,259,-172,172
1923,56,55,1,1
1924,55,72,-17,17
1925,90,94,-4,4
1926,64,64,0,0
1927,57,65,-8,8
1928,179,213,-34,34
1929,78,73,5,5
1930,54,73,-19,19
1931,112,106,6,6
1932,69,90,-21,21
1933,73,78,-5,5
1934,64,64,0,0
1935,65,75,-10,10
1936,63,74,-11,11
1937,159,145,14,14
1938,71,76,-5,5
1939,90,87,3,3
1940,116,101,15,15
1941,110,106,4,4
1942,80,79,1,1
1943,116,131,-15,15
1944,101,112,-11,11
1945,145,140,5,5
1946,144,138,6,6
1947,163,145,18,18
1948,115,117,-2,2
1949,115,121,-6,6
1950,102,100,2,2
1951,105,79,26,26
1952,61,60,1,1
1953,74,64,10,10
1954,88,87,1,1
1955,86,69,17,17
1956,98,91,7,7
1957,113,110,3,3
1958,82,67,15,15
1959,124,102,22,22
1960,76,71,5,5
1961,137,133,4,4
1962,88,92,-4,4
1963,130,120,10,10
1964,75,67,8,8
1965,97,77,20,20
1966,114,120,-6,6
1967,92,93,-1,1
1968,106,104,2,2
1969,89,92,-3,3
1970,72,87,-15,15
1971,92,84,8,8
1972,66,70,-4,4
1973,26,58,-32,32
1974,106,94,12,12
1975,82,83,-1,1
1976,112,115,-3,3
1977,94,90,4,4
1978,106,104,2,2
1979,114,106,8,8
1980,85,96,-11,11
1981,144,144,0,0
1982,137,127,10,10
1983,56,73,-17,17
1984,62,67,-5,5
1985,65,62,3,3
1986,71,69,2,2
1987,78,89,-11,11
1988,66,66,0,0
1989,106,100,6,6
1990,74,95,-21,21
1991,46,123,-77,77
1992,140,124,16,16
1993,129,120,9,9
1994,83,90,-7,7
1995,81,77,4,4
1996,49,54,-5,5
1997,124,119,5,5
1998,42,53,-11,11
1999,89,88,1,1
2000,101,90,11,11
2001,184,216,-32,32
2002,113,106,7,7
2003,212,219,-7,7
2004,120,115,5,5
2005,95,90,5,5
2006,120,120,0,0
2007,97,91,6,6
2008,72,68,4,4
2009,80,66,14,14
2010,87,95,-8,8
2011,100,96,4,4
2012,185,171,14,14
2013,90,88,2,2
2014,77,80,-3,3
2015,67,70,-3,3
2016,63,63,0,0
2017,74,76,-2,2
2018,104,91,13,13
2019,129,121,8,8
2020,73,73,0,0
2021,128,112,16,16
2022,64,62,2,2
2023,88,84,4,4
2024,47,52,-5,5
2025,68,68,0,0
2026,75,72,3,3
2027,75,74,1,1
2028,80,76,4,4
2029,61,70,-9,9
2030,74,73,1,1
2031,79,84,-5,5
2032,62,59,3,3
2033,121,124,-3,3
2034,77,78,-1,1
2035,104,92,12,12
2036,116,107,9,9
2037,61,66,-5,5
2038,86,84,2,2
2039,83,80,3,3
2040,119,112,7,7
2041,109,113,-4,4
2042,83,87,-4,4
2043,66,71,-5,5
2044,112,110,2,2
2045,110,109,1,1
2046,115,122,-7,7
2047,97,96,1,1
2048,115,113,2,2
2049,78,80,-2,2
2050,58,65,-7,7
2051,98,109,-11,11
2052,104,102,2,2
2053,109,95,14,14
2054,143,140,3,3
2055,98,97,1,1
2056,56,71,-15,15
2057,61,71,-10,10
2058,86,75,11,11
2059,73,75,-2,2
2060,101,97,4,4
2061,165,156,9,9
2062,64,57,7,7
2063,62,65,-3,3
2064,68,59,9,9
2065,101,99,2,2
2066,72,71,1,1
2067,56,57,-1,1
2068,109,111,-2,2
2069,63,53,10,10
2070,48,53,-5,5
2071,134,125,9,9
2072,91,96,-5,5
2073,80,79,1,1
2074,112,107,5,5
2075,49,60,-11,11
2076,91,91,0,0
2077,75,84,-9,9
2078,86,83,3,3
2079,142,128,14,14
2080,79,76,3,3
2081,122,126,-4,4
2082,139,137,2,2
2083,79,68,11,11
2084,184,157,27,27
2085,134,161,-27,27
2086,99,91,8,8
2087,59,64,-5,5
2088,77,79,-2,2
2089,84,82,2,2
2090,116,121,-5,5
2091,41,58,-17,17
2092,70,90,-20,20
2093,39,59,-20,20
2094,82,76,6,6
2095,58,56,2,2
2096,166,156,10,10
2097,71,71,0,0
2098,119,114,5,5
2099,92,95,-3,3
2100,116,115,1,1
2101,121,111,10,10
2102,106,97,9,9
2103,82,78,4,4
2104,137,136,1,1
2105,113,114,-1,1
2106,84,81,3,3
2107,136,127,9,9
2108,57,66,-9,9
2109,142,134,8,8
2110,55,59,-4,4
2111,82,78,4,4
2112,208,190,18,18
2113,101,84,17,17
2114,156,166,-10,10
2115,175,148,27,27
2116,137,123,14,14
2117,105,118,-13,13
2118,84,78,6,6
2119,78,75,3,3
2120,115,106,9,9
2121,74,72,2,2
2122,67,63,4,4
2123,46,57,-11,11
2124,123,124,-1,1
2125,68,62,6,6
2126,110,110,0,0
2127,95,91,4,4
2128,77,73,4,4
2129,86,87,-1,1
2130,62,61,1,1
2131,91,80,11,11
2132,76,81,-5,5
2133,92,80,12,12
2134,98,95,3,3
2135,108,106,2,2
2136,142,137,5,5
2137,111,72,39,39
2138,96,97,-1,1
2139,86,86,0,0
2140,138,136,2,2
2141,89,82,7,7
2142,149,128,21,21
2143,82,86,-4,4
2144,135,136,-1,1
2145,94,91,3,3
2146,79,73,6,6
2147,84,82,2,2
2148,44,84,-40,40
2149,46,62,-16,16
2150,96,86,10,10
2151,114,116,-2,2
2152,57,62,-5,5
2153,79,77,2,2
2154,78,80,-2,2
2155,117,138,-21,21
2156,98,76,22,22
2157,57,58,-1,1
2158,99,81,18,18
2159,97,89,8,8
2160,98,86,12,12
2161,70,68,2,2
2162,102,112,-10,10
2163,82,88,-6,6
2164,81,85,-4,4
2165,69,77,-8,8
2166,66,60,6,6
2167,97,88,9,9
2168,86,82,4,4
2169,58,61,-3,3
2170,83,89,-6,6
2171,78,65,13,13
2172,64,62,2,2
2173,127,100,27,27
2174,73,65,8,8
2175,70,76,-6,6
2176,93,90,3,3
2177,116,120,-4,4
2178,103,79,24,24
2179,44,54,-10,10
2180,84,84,0,0
2181,116,92,24,24
2182,102,102,0,0
2183,56,63,-7,7
2184,117,112,5,5
2185,111,114,-3,3
2186,82,81,1,1
2187,115,107,8,8
2188,96,107,-11,11
2189,137,111,26,26
2190,111,112,-1,1
2191,63,73,-10,10
2192,65,69,-4,4
2193,57,53,4,4
2194,82,69,13,13
2195,64,84,-20,20
2196,100,97,3,3
2197,68,64,4,4
2198,57,61,-4,4
2199,76,68,8,8
2200,138,136,2,2
2201,61,72,-11,11
2202,80,85,-5,5
2203,98,95,3,3
2204,137,136,1,1
2205,101,93,8,8
2206,122,123,-1,1
2207,75,77,-2,2
2208,118,108,10,10
2209,87,89,-2,2
2210,116,105,11,11
2211,97,91,6,6
2212,147,165,-18,18
2213,74,75,-1,1
2214,55,57,-2,2
2215,110,94,16,16
2216,93,97,-4,4
2217,64,66,-2,2
2218,105,114,-9,9
2219,70,97,-27,27
2220,92,81,11,11
2221,63,63,0,0
2222,93,87,6,6
2223,60,65,-5,5
2224,82,77,5,5
2225,108,112,-4,4
2226,118,110,8,8
2227,167,163,4,4
2228,112,107,5,5
2229,85,84,1,1
2230,77,81,-4,4
2231,105,110,-5,5
2232,144,137,7,7
2233,159,171,-12,12
2234,68,72,-4,4
2235,42,60,-18,18
2236,111,116,-5,5
2237,67,72,-5,5
2238,135,124,11,11
2239,45,60,-15,15
2240,79,79,0,0
2241,117,119,-2,2
2242,94,98,-4,4
2243,44,65,-21,21
2244,94,97,-3,3
2245,140,135,5,5
2246,98,92,6,6
2247,66,72,-6,6
2248,63,69,-6,6
2249,65,72,-7,7
2250,104,103,1,1
2251,92,100,-8,8
2252,86,81,5,5
2253,81,82,-1,1
2254,77,77,0,0
2255,78,72,6,6
2256,48,72,-24,24
2257,39,49,-10,10
2258,47,53,-6,6
2259,94,100,-6,6
2260,161,168,-7,7
2261,72,66,6,6
2262,35,45,-10,10
2263,89,96,-7,7
2264,69,92,-23,23
2265,102,106,-4,4
2266,79,94,-15,15
2267,107,95,12,12
2268,111,128,-17,17
2269,95,95,0,0
2270,102,99,3,3
2271,89,91,-2,2
2272,65,63,2,2
2273,108,106,2,2
2274,57,71,-14,14
2275,103,102,1,1
2276,151,126,25,25
2277,184,170,14,14
2278,78,73,5,5
2279,185,165,20,20
2280,63,62,1,1
2281,131,118,13,13
2282,155,149,6,6
2283,87,81,6,6
2284,136,131,5,5
2285,104,102,2,2
2286,54,59,-5,5
2287,107,106,1,1
2288,64,70,-6,6
2289,68,71,-3,3
2290,90,93,-3,3
2291,65,73,-8,8
2292,86,91,-5,5
2293,78,74,4,4
2294,72,65,7,7
2295,50,54,-4,4
2296,107,104,3,3
2297,101,244,-143,143
2298,104,94,10,10
2299,47,52,-5,5
2300,87,86,1,1
2301,102,106,-4,4
2302,103,96,7,7
2303,62,63,-1,1
2304,57,55,2,2
2305,68,65,3,3
2306,109,111,-2,2
2307,80,79,1,1
2308,76,80,-4,4
2309,97,102,-5,5
2310,83,75,8,8
2311,116,110,6,6
2312,72,73,-1,1
2313,49,63,-14,14
2314,108,109,-1,1
2315,106,82,24,24
2316,135,121,14,14
2317,115,118,-3,3
2318,111,87,24,24
2319,95,89,6,6
2320,56,65,-9,9
2321,154,139,15,15
2322,106,95,11,11
2323,71,78,-7,7
2324,92,82,10,10
2325,96,84,12,12
2326,75,75,0,0
2327,127,110,17,17
2328,66,67,-1,1
2329,78,81,-3,3
2330,148,150,-2,2
2331,95,96,-1,1
2332,145,126,19,19
2333,80,78,2,2
2334,48,68,-20,20
2335,73,73,0,0
2336,128,128,0,0
2337,38,56,-18,18
2338,180,181,-1,1
2339,63,64,-1,1
2340,60,55,5,5
2341,149,147,2,2
2342,97,102,-5,5
2343,57,65,-8,8
2344,158,140,18,18
2345,85,88,-3,3
2346,83,67,16,16
2347,145,128,17,17
2348,76,70,6,6
2349,107,96,11,11
2350,177,160,17,17
2351,106,96,10,10
2352,73,78,-5,5
2353,43,59,-16,16
2354,141,124,17,17
2355,100,97,3,3
2356,81,94,-13,13
2357,267,242,25,25
2358,69,76,-7,7
2359,114,108,6,6
2360,110,100,10,10
2361,107,107,0,0
2362,95,84,11,11
2363,92,74,18,18
2364,166,151,15,15
2365,83,84,-1,1
2366,140,126,14,14
2367,102,90,12,12
2368,82,83,-1,1
2369,88,94,-6,6
2370,129,101,28,28
2371,171,185,-14,14
2372,53,47,6,6
2373,139,120,19,19
2374,131,122,9,9
2375,137,119,18,18
2376,65,68,-3,3
2377,83,81,2,2
2378,191,191,0,0
2379,65,68,-3,3
2380,197,175,22,22
2381,101,97,4,4
2382,147,133,14,14
2383,159,164,-5,5
2384,46,46,0,0
2385,151,130,21,21
2386,104,98,6,6
2387,132,137,-5,5
2388,67,70,-3,3
2389,80,70,10,10
2390,198,188,10,10
2391,116,137,-21,21
2392,72,106,-34,34
2393,152,128,24,24
2394,63,68,-5,5
2395,61,64,-3,3
2396,112,103,9,9
2397,96,81,15,15
2398,90,84,6,6
2399,118,120,-2,2
2400,102,95,7,7
2401,65,65,0,0
2402,93,96,-3,3
2403,64,69,-5,5
2404,88,106,-18,18
2405,116,114,2,2
2406,94,97,-3,3
2407,96,108,-12,12
2408,83,102,-19,19
2409,125,126,-1,1
2410,71,61,10,10
2411,147,156,-9,9
2412,117,117,0,0
2413,125,118,7,7
2414,65,73,-8,8
2415,69,79,-10,10
2416,72,79,-7,7
2417,80,94,-14,14
2418,73,67,6,6
2419,62,62,0,0
2420,126,120,6,6
2421,56,62,-6,6
2422,90,93,-3,3
2423,95,100,-5,5
2424,67,73,-6,6
2425,37,61,-24,24
2426,128,121,7,7
2427,63,58,5,5
2428,32,50,-18,18
2429,63,60,3,3
2430,42,53,-11,11
2431,90,93,-3,3
2432,58,68,-10,10
2433,159,145,14,14
2434,114,122,-8,8
2435,76,74,2,2
2436,71,64,7,7
2437,91,84,7,7
2438,144,138,6,6
2439,71,62,9,9
2440,70,75,-5,5
2441,109,103,6,6
2442,86,88,-2,2
2443,114,119,-5,5
2444,66,58,8,8
2445,92,84,8,8
2446,71,61,10,10
2447,92,78,14,14
2448,137,158,-21,21
2449,73,78,-5,5
2450,73,68,5,5
2451,101,84,17,17
2452,119,106,13,13
2453,97,94,3,3
2454,110,91,19,19
2455,69,67,2,2
2456,81,73,8,8
2457,67,80,-13,13
2458,139,131,8,8
2459,88,82,6,6
2460,114,102,12,12
2461,64,66,-2,2
2462,86,80,6,6
2463,122,116,6,6
2464,122,113,9,9
2465,94,91,3,3
2466,128,141,-13,13
2467,83,77,6,6
2468,92,90,2,2
2469,175,165,10,10
2470,141,147,-6,6
2471,72,70,2,2
2472,135,151,-16,16
2473,84,84,0,0
2474,123,110,13,13
2475,113,120,-7,7
2476,135,128,7,7
2477,83,84,-1,1
2478,58,64,-6,6
2479,146,151,-5,5
2480,123,120,3,3
2481,50,71,-21,21
2482,67,76,-9,9
2483,80,78,2,2
2484,136,134,2,2
2485,165,164,1,1
2486,84,76,8,8
2487,107,106,1,1
2488,151,151,0,0
2489,111,103,8,8
2490,51,60,-9,9
2491,78,77,1,1
2492,145,126,19,19
2493,54,57,-3,3
2494,86,83,3,3
2495,93,92,1,1
2496,117,110,7,7
2497,52,70,-18,18
2498,84,95,-11,11
2499,196,194,2,2
2500,70,64,6,6
2501,166,169,-3,3
2502,103,89,14,14
2503,67,79,-12,12
2504,54,54,0,0
2505,91,87,4,4
2506,124,119,5,5
2507,80,73,7,7
2508,111,107,4,4
2509,108,91,17,17
2510,134,135,-1,1
2511,98,90,8,8
2512,64,90,-26,26
2513,73,65,8,8
2514,94,93,1,1
2515,61,70,-9,9
2516,90,89,1,1
2517,102,95,7,7
2518,150,136,14,14
2519,97,98,-1,1
2520,76,74,2,2
2521,58,61,-3,3
2522,90,78,12,12
2523,70,75,-5,5
2524,65,66,-1,1
2525,78,74,4,4
2526,53,63,-10,10
2527,83,74,9,9
2528,103,73,30,30
2529,74,69,5,5
2530,173,167,6,6
2531,63,66,-3,3
2532,104,97,7,7
2533,96,98,-2,2
2534,110,123,-13,13
2535,83,82,1,1
2536,89,93,-4,4
2537,95,94,1,1
2538,74,77,-3,3
2539,55,69,-14,14
2540,117,117,0,0
2541,32,49,-17,17
2542,64,68,-4,4
2543,103,85,18,18
2544,121,109,12,12
2545,129,116,13,13
2546,90,90,0,0
2547,119,149,-30,30
2548,105,97,8,8
2549,78,66,12,12
2550,159,144,15,15
2551,73,78,-5,5
2552,128,123,5,5
2553,149,157,-8,8
2554,129,115,14,14
2555,87,91,-4,4
2556,69,80,-11,11
2557,120,115,5,5
2558,57,54,3,3
2559,107,113,-6,6
2560,56,54,2,2
2561,128,76,52,52
2562,153,130,23,23
2563,114,127,-13,13
2564,96,94,2,2
2565,111,99,12,12
2566,130,135,-5,5
2567,88,90,-2,2
2568,75,73,2,2
2569,85,86,-1,1
2570,105,103,2,2
2571,48,69,-21,21
2572,98,91,7,7
2573,62,69,-7,7
2574,142,131,11,11
2575,91,57,34,34
2576,85,87,-2,2
2577,67,60,7,7
2578,116,106,10,10
2579,82,89,-7,7
2580,136,127,9,9
2581,145,120,25,25
2582,76,73,3,3
2583,46,65,-19,19
2584,112,129,-17,17
2585,119,115,4,4
2586,75,90,-15,15
2587,58,67,-9,9
2588,90,95,-5,5
2589,106,112,-6,6
2590,117,116,1,1
2591,97,97,0,0
2592,142,152,-10,10
2593,156,148,8,8
2594,136,70,66,66
2595,73,73,0,0
2596,98,92,6,6
2597,79,82,-3,3
2598,130,132,-2,2
2599,114,109,5,5
2600,122,120,2,2
2601,87,79,8,8
2602,136,119,17,17
2603,157,144,13,13
2604,53,59,-6,6
2605,106,101,5,5
2606,62,67,-5,5
2607,87,95,-8,8
2608,75,69,6,6
2609,71,73,-2,2
2610,87,85,2,2
2611,81,86,-5,5
2612,110,105,5,5
2613,119,115,4,4
2614,103,95,8,8
2615,65,65,0,0
2616,137,124,13,13
2617,66,66,0,0
2618,78,70,8,8
2619,93,90,3,3
2620,117,107,10,10
2621,95,89,6,6
2622,88,81,7,7
2623,102,85,17,17
2624,49,44,5,5
2625,82,78,4,4
2626,70,74,-4,4
2627,78,79,-1,1
2628,75,77,-2,2
2629,80,64,16,16
2630,133,121,12,12
2631,82,77,5,5
2632,147,104,43,43
2633,174,174,0,0
2634,65,72,-7,7
2635,95,86,9,9
2636,105,91,14,14
2637,72,69,3,3
2638,78,80,-2,2
2639,137,137,0,0
2640,153,133,20,20
2641,131,153,-22,22
2642,53,60,-7,7
2643,88,86,2,2
2644,74,80,-6,6
2645,62,53,9,9
2646,97,103,-6,6
2647,121,110,11,11
2648,106,107,-1,1
2649,76,106,-30,30
2650,103,97,6,6
2651,87,80,7,7
2652,67,64,3,3
2653,68,88,-20,20
2654,123,114,9,9
2655,68,56,12,12
2656,115,108,7,7
2657,116,108,8,8
2658,95,90,5,5
2659,57,67,-10,10
2660,106,103,3,3
2661,85,80,5,5
2662,106,88,18,18
2663,87,86,1,1
2664,86,88,-2,2
2665,84,82,2,2
2666,60,66,-6,6
2667,99,103,-4,4
2668,84,79,5,5
2669,60,57,3,3
2670,134,120,14,14
2671,130,134,-4,4
2672,78,70,8,8
2673,62,60,2,2
2674,90,68,22,22
2675,105,99,6,6
2676,104,105,-1,1
2677,102,97,5,5
2678,125,121,4,4
2679,74,59,15,15
2680,100,97,3,3
2681,103,105,-2,2
2682,77,71,6,6
2683,86,82,4,4
2684,97,102,-5,5
2685,81,89,-8,8
2686,88,81,7,7
2687,52,58,-6,6
2688,59,75,-16,16
2689,89,74,15,15
2690,51,58,-7,7
2691,45,55,-10,10
2692,103,113,-10,10
2693,70,71,-1,1
2694,148,142,6,6
2695,91,92,-1,1
2696,45,50,-5,5
2697,146,149,-3,3
2698,119,111,8,8
2699,107,114,-7,7
2700,170,160,10,10
2701,62,65,-3,3
2702,130,113,17,17
2703,40,57,-17,17
2704,91,86,5,5
2705,61,58,3,3
2706,72,70,2,2
2707,113,109,4,4
2708,120,90,30,30
2709,52,65,-13,13
2710,43,57,-14,14
2711,63,63,0,0
2712,106,106,0,0
2713,109,108,1,1
2714,136,130,6,6
2715,100,97,3,3
2716,58,70,-12,12
2717,64,67,-3,3
2718,135,132,3,3
2719,125,130,-5,5
2720,91,100,-9,9
2721,81,85,-4,4
2722,53,53,0,0
2723,120,119,1,1
2724,96,90,6,6
2725,42,55,-13,13
2726,122,121,1,1
2727,67,64,3,3
2728,97,88,9,9
2729,65,77,-12,12
2730,86,92,-6,6
2731,72,70,2,2
2732,62,65,-3,3
2733,72,67,5,5
2734,83,65,18,18
2735,129,137,-8,8
2736,109,98,11,11
2737,72,84,-12,12
2738,78,76,2,2
2739,175,195,-20,20
2740,125,122,3,3
2741,65,64,1,1
2742,122,118,4,4
2743,79,85,-6,6
2744,35,50,-15,15
2745,86,90,-4,4
2746,120,102,18,18
2747,96,90,6,6
2748,152,155,-3,3
2749,114,112,2,2
2750,94,89,5,5
2751,67,64,3,3
2752,94,100,-6,6
2753,145,126,19,19
2754,52,50,2,2
2755,108,101,7,7
2756,86,89,-3,3
2757,91,83,8,8
2758,132,119,13,13
2759,160,167,-7,7
2760,94,82,12,12
2761,136,120,16,16
2762,46,53,-7,7
2763,76,74,2,2
2764,66,73,-7,7
2765,72,68,4,4
2766,102,99,3,3
2767,77,77,0,0
2768,56,65,-9,9
2769,139,154,-15,15
2770,217,187,30,30
2771,105,110,-5,5
2772,86,81,5,5
2773,172,166,6,6
2774,131,134,-3,3
2775,141,137,4,4
2776,85,90,-5,5
2777,68,62,6,6
2778,90,94,-4,4
2779,75,77,-2,2
2780,82,82,0,0
2781,76,70,6,6
2782,92,89,3,3
2783,76,79,-3,3
2784,108,107,1,1
2785,99,90,9,9
2786,65,68,-3,3
2787,101,107,-6,6
2788,196,191,5,5
2789,80,90,-10,10
2790,130,134,-4,4
2791,57,81,-24,24
2792,105,88,17,17
2793,83,86,-3,3
2794,75,85,-10,10
2795,37,62,-25,25
2796,92,98,-6,6
2797,70,61,9,9
2798,35,48,-13,13
2799,120,104,16,16
2800,87,76,11,11
2801,56,64,-8,8
2802,84,87,-3,3
2803,185,189,-4,4
2804,95,81,14,14
2805,76,78,-2,2
2806,60,59,1,1
2807,84,83,1,1
2808,67,66,1,1
2809,79,80,-1,1
2810,106,95,11,11
2811,121,108,13,13
2812,81,85,-4,4
2813,93,88,5,5
2814,150,144,6,6
2815,104,104,0,0
2816,95,90,5,5
2817,120,112,8,8
2818,140,142,-2,2
2819,106,113,-7,7
2820,92,75,17,17
2821,75,70,5,5
2822,69,72,-3,3
2823,78,72,6,6
2824,57,70,-13,13
2825,71,64,7,7
2826,110,105,5,5
2827,90,88,2,2
2828,58,54,4,4
2829,52,59,-7,7
2830,108,107,1,1
2831,53,60,-7,7
2832,102,99,3,3
2833,89,89,0,0
2834,158,149,9,9
2835,81,72,9,9
2836,93,98,-5,5
2837,127,115,12,12
2838,117,112,5,5
2839,105,95,10,10
2840,133,135,-2,2
2841,106,91,15,15
2842,149,140,9,9
2843,117,115,2,2
2844,92,88,4,4
2845,74,77,-3,3
2846,156,158,-2,2
2847,90,81,9,9
2848,116,119,-3,3
2849,118,113,5,5
2850,109,105,4,4
2851,110,107,3,3
2852,84,89,-5,5
2853,120,100,20,20
2854,145,136,9,9
2855,64,72,-8,8
2856,95,106,-11,11
2857,54,68,-14,14
2858,109,103,6,6
2859,81,74,7,7
2860,74,81,-7,7
2861,123,128,-5,5
2862,88,78,10,10
2863,153,168,-15,15
2864,119,123,-4,4
2865,100,94,6,6
2866,91,79,12,12
2867,85,80,5,5
2868,72,70,2,2
2869,137,130,7,7
2870,120,153,-33,33
2871,58,68,-10,10
2872,106,98,8,8
2873,100,89,11,11
2874,75,75,0,0
2875,71,66,5,5
2876,90,78,12,12
2877,56,65,-9,9
2878,109,101,8,8
2879,97,98,-1,1
2880,95,79,16,16
2881,84,80,4,4
2882,64,59,5,5
2883,79,70,9,9
2884,66,65,1,1
2885,65,61,4,4
2886,117,111,6,6
2887,143,145,-2,2
2888,65,63,2,2
2889,80,79,1,1
2890,111,117,-6,6
2891,116,113,3,3
2892,80,128,-48,48
2893,89,80,9,9
2894,181,166,15,15
2895,95,81,14,14
2896,81,79,2,2
2897,172,148,24,24
2898,137,114,23,23
2899,83,79,4,4
2900,98,96,2,2
2901,131,124,7,7
2902,75,75,0,0
2903,160,162,-2,2
2904,115,99,16,16
2905,124,119,5,5
2906,121,111,10,10
2907,113,109,4,4
2908,116,109,7,7
2909,62,79,-17,17
2910,94,81,13,13
2911,92,83,9,9
2912,144,131,13,13
2913,37,92,-55,55
2914,65,73,-8,8
2915,159,184,-25,25
2916,76,71,5,5
2917,116,118,-2,2
2918,79,80,-1,1
2919,89,87,2,2
2920,79,80,-1,1
2921,100,107,-7,7
2922,92,77,15,15
2923,90,81,9,9
2924,53,57,-4,4
2925,97,97,0,0
2926,148,139,9,9
2927,104,105,-1,1
2928,57,74,-17,17
2929,71,65,6,6
2930,116,126,-10,10
2931,191,202,-11,11
2932,122,115,7,7
2933,60,71,-11,11
2934,125,156,-31,31
2935,69,86,-17,17
2936,98,96,2,2
2937,131,121,10,10
2938,105,102,3,3
2939,103,92,11,11
2940,60,70,-10,10
2941,67,72,-5,5
2942,118,112,6,6
2943,58,66,-8,8
2944,76,74,2,2
2945,109,92,17,17
2946,72,67,5,5
2947,87,88,-1,1
2948,57,65,-8,8
2949,85,88,-3,3
2950,78,75,3,3
2951,88,76,12,12
2952,75,74,1,1
2953,124,116,8,8
2954,84,83,1,1
2955,112,102,10,10
2956,98,98,0,0
2957,152,141,11,11
2958,54,60,-6,6
2959,121,117,4,4
2960,164,148,16,16
2961,58,59,-1,1
2962,164,165,-1,1
2963,47,58,-11,11
2964,163,166,-3,3
2965,104,99,5,5
2966,66,72,-6,6
2967,111,106,5,5
2968,60,59,1,1
2969,45,62,-17,17
2970,98,83,15,15
2971,129,118,11,11
2972,94,91,3,3
2973,100,97,3,3
2974,88,91,-3,3
2975,79,77,2,2
2976,73,76,-3,3
2977,125,118,7,7
2978,91,92,-1,1
2979,102,108,-6,6
2980,137,131,6,6
2981,186,185,1,1
2982,67,77,-10,10
2983,59,69,-10,10
2984,36,47,-11,11
2985,128,116,12,12
2986,80,71,9,9
2987,102,116,-14,14
2988,137,111,26,26
2989,58,61,-3,3
2990,94,100,-6,6
2991,90,75,15,15
2992,110,100,10,10
2993,101,110,-9,9
2994,78,67,11,11
2995,121,95,26,26
2996,87,71,16,16
2997,81,64,17,17
2998,70,77,-7,7
2999,142,143,-1,1
3000,93,94,-1,1
3001,98,79,19,19
3002,125,122,3,3
3003,65,59,6,6
3004,126,119,7,7
3005,77,74,3,3
3006,79,76,3,3
3007,85,92,-7,7
3008,65,52,13,13
3009,74,75,-1,1
3010,124,125,-1,1
3011,112,97,15,15
3012,99,99,0,0
3013,73,75,-2,2
3014,97,85,12,12
3015,73,79,-6,6
3016,58,46,12,12
3017,172,174,-2,2
3018,91,86,5,5
3019,67,67,0,0
3020,100,102,-2,2
3021,110,111,-1,1
3022,58,60,-2,2
3023,96,98,-2,2
3024,69,70,-1,1
3025,91,95,-4,4
3026,64,74,-10,10
3027,71,82,-11,11
3028,49,75,-26,26
3029,88,90,-2,2
3030,147,124,23,23
3031,71,74,-3,3
3032,117,98,19,19
3033,89,92,-3,3
3034,95,86,9,9
3035,78,83,-5,5
3036,82,91,-9,9
3037,72,74,-2,2
3038,137,116,21,21
3039,122,125,-3,3
3040,115,106,9,9
3041,120,113,7,7
3042,119,115,4,4
3043,84,76,8,8
3044,88,77,11,11
3045,60,63,-3,3
3046,115,118,-3,3
3047,81,82,-1,1
3048,136,144,-8,8
3049,85,92,-7,7
3050,100,102,-2,2
3051,118,116,2,2
3052,109,100,9,9
3053,61,69,-8,8
3054,105,101,4,4
3055,206,204,2,2
3056,112,113,-1,1
3057,83,81,2,2
3058,181,194,-13,13
3059,151,142,9,9
3060,104,101,3,3
3061,83,96,-13,13
3062,109,99,10,10
3063,62,63,-1,1
3064,76,73,3,3
3065,86,91,-5,5
3066,127,119,8,8
3067,83,76,7,7
3068,122,113,9,9
3069,103,111,-8,8
3070,107,99,8,8
3071,94,88,6,6
3072,103,86,17,17
3073,72,59,13,13
3074,66,71,-5,5
3075,70,84,-14,14
3076,54,69,-15,15
3077,57,68,-11,11
3078,165,161,4,4
3079,125,117,8,8
3080,125,127,-2,2
3081,92,89,3,3
3082,53,50,3,3
3083,106,127,-21,21
3084,95,84,11,11
3085,94,77,17,17
3086,72,68,4,4
3087,78,73,5,5
3088,113,118,-5,5
3089,106,96,10,10
3090,101,97,4,4
3091,102,112,-10,10
3092,95,94,1,1
3093,69,67,2,2
3094,74,67,7,7
3095,104,89,15,15
3096,78,74,4,4
3097,86,84,2,2
3098,41,53,-12,12
3099,86,84,2,2
3100,80,76,4,4
3101,182,179,3,3
3102,83,81,2,2
3103,65,54,11,11
3104,81,77,4,4
3105,159,156,3,3
3106,103,96,7,7
3107,102,89,13,13
3108,60,53,7,7
3109,142,124,18,18
3110,62,62,0,0
3111,129,115,14,14
3112,79,86,-7,7
3113,87,82,5,5
3114,127,113,14,14
3115,56,67,-11,11
3116,94,109,-15,15
3117,90,84,6,6
3118,62,67,-5,5
3119,60,62,-2,2
3120,110,149,-39,39
3121,98,101,-3,3
3122,58,67,-9,9
3123,88,84,4,4
3124,35,55,-20,20
3125,138,132,6,6
3126,73,72,1,1
3127,99,84,15,15
3128,87,86,1,1
3129,69,67,2,2
3130,102,90,12,12
3131,89,83,6,6
3132,106,95,11,11
3133,116,110,6,6
3134,69,74,-5,5
3135,75,65,10,10
3136,91,81,10,10
3137,67,64,3,3
3138,133,136,-3,3
3139,76,83,-7,7
3140,103,98,5,5
3141,71,67,4,4
3142,135,129,6,6
3143,99,100,-1,1
3144,104,98,6,6
3145,146,127,19,19
3146,57,65,-8,8
3147,108,110,-2,2
3148,82,69,13,13
3149,106,92,14,14
3150,110,112,-2,2
3151,98,88,10,10
3152,62,56,6,6
3153,102,100,2,2
3154,130,121,9,9
3155,108,89,19,19
3156,61,62,-1,1
3157,73,86,-13,13
3158,54,48,6,6
3159,63,60,3,3
3160,140,122,18,18
3161,47,108,-61,61
3162,68,69,-1,1
3163,134,116,18,18
3164,106,107,-1,1
3165,72,66,6,6
3166,107,103,4,4
3167,107,107,0,0
3168,53,50,3,3
3169,112,97,15,15
3170,124,121,3,3
3171,103,98,5,5
3172,76,79,-3,3
3173,103,96,7,7
3174,92,78,14,14
3175,40,52,-12,12
3176,79,75,4,4
3177,83,86,-3,3
3178,77,65,12,12
3179,75,73,2,2
3180,63,61,2,2
3181,134,136,-2,2
3182,66,74,-8,8
3183,173,179,-6,6
3184,100,92,8,8
3185,119,101,18,18
3186,143,146,-3,3
3187,61,71,-10,10
3188,59,60,-1,1
3189,91,97,-6,6
3190,61,73,-12,12
3191,127,134,-7,7
3192,164,152,12,12
3193,81,81,0,0
3194,136,130,6,6
3195,73,76,-3,3
3196,72,70,2,2
3197,82,79,3,3
3198,79,79,0,0
3199,70,68,2,2
3200,95,92,3,3
3201,63,67,-4,4
3202,67,60,7,7
3203,127,130,-3,3
3204,107,102,5,5
3205,58,63,-5,5
3206,91,93,-2,2
3207,60,70,-10,10
3208,94,96,-2,2
3209,90,70,20,20
3210,49,60,-11,11
3211,94,112,-18,18
3212,68,73,-5,5
3213,86,78,8,8
3214,107,95,12,12
3215,54,50,4,4
3216,88,71,17,17
3217,69,74,-5,5
3218,85,75,10,10
3219,99,94,5,5
3220,116,125,-9,9
3221,113,103,10,10
3222,42,48,-6,6
3223,36,51,-15,15
3224,52,53,-1,1
3225,88,71,17,17
3226,62,67,-5,5
3227,87,78,9,9
3228,97,105,-8,8
3229,94,96,-2,2
3230,113,105,8,8
3231,168,149,19,19
3232,107,95,12,12
3233,130,128,2,2
3234,169,177,-8,8
3235,84,79,5,5
3236,151,121,30,30
3237,75,66,9,9
3238,73,65,8,8
3239,64,78,-14,14
3240,144,152,-8,8
3241,86,81,5,5
3242,91,85,6,6
3243,76,66,10,10
3244,112,117,-5,5
3245,46,59,-13,13
3246,51,87,-36,36
3247,116,101,15,15
3248,106,114,-8,8
3249,63,69,-6,6
3250,115,103,12,12
3251,151,176,-25,25
3252,70,59,11,11
3253,153,145,8,8
3254,66,58,8,8
3255,95,101,-6,6
3256,71,67,4,4
3257,75,79,-4,4
3258,83,82,1,1
3259,75,70,5,5
3260,111,92,19,19
3261,95,89,6,6
3262,133,117,16,16
3263,56,56,0,0
3264,42,57,-15,15
3265,61,62,-1,1
3266,72,75,-3,3
3267,60,71,-11,11
3268,95,83,12,12
3269,115,123,-8,8
3270,101,108,-7,7
3271,65,68,-3,3
3272,100,102,-2,2
3273,69,63,6,6
3274,81,82,-1,1
3275,82,82,0,0
3276,107,96,11,11
3277,112,121,-9,9
3278,99,96,3,3
3279,75,80,-5,5
3280,161,157,4,4
3281,76,79,-3,3
3282,142,139,3,3
3283,111,97,14,14
3284,78,76,2,2
3285,137,132,5,5
3286,40,58,-18,18
3287,65,66,-1,1
3288,88,85,3,3
3289,103,89,14,14
3290,143,169,-26,26
3291,37,51,-14,14
3292,65,67,-2,2
3293,90,86,4,4
3294,97,71,26,26
3295,107,100,7,7
3296,104,107,-3,3
3297,151,134,17,17
3298,98,97,1,1
3299,91,91,0,0
3300,90,93,-3,3
3301,79,80,-1,1
3302,62,61,1,1
3303,83,74,9,9
3304,102,109,-7,7
3305,92,94,-2,2
3306,48,54,-6,6
3307,103,96,7,7
3308,65,66,-1,1
3309,84,77,7,7
3310,57,58,-1,1
3311,108,108,0,0
3312,80,80,0,0
3313,66,75,-9,9
3314,106,112,-6,6
3315,52,61,-9,9
3316,107,121,-14,14
3317,107,100,7,7
3318,57,62,-5,5
3319,137,138,-1,1
3320,69,66,3,3
3321,90,83,7,7
3322,65,65,0,0
3323,49,61,-12,12
3324,153,149,4,4
3325,119,106,13,13
3326,75,75,0,0
3327,160,146,14,14
3328,140,137,3,3
3329,146,143,3,3
3330,104,93,11,11
3331,94,91,3,3
3332,60,51,9,9
3333,118,92,26,26
3334,71,72,-1,1
3335,66,71,-5,5
3336,183,174,9,9
3337,103,90,13,13
3338,119,112,7,7
3339,107,116,-9,9
3340,92,83,9,9
3341,89,91,-2,2
3342,116,103,13,13
3343,84,74,10,10
3344,118,117,1,1
3345,52,50,2,2
3346,75,74,1,1
3347,163,164,-1,1
3348,96,94,2,2
3349,104,112,-8,8
3350,135,138,-3,3
3351,78,81,-3,3
3352,127,114,13,13
3353,96,88,8,8
3354,123,101,22,22
3355,119,112,7,7
3356,83,82,1,1
3357,107,107,0,0
3358,96,84,12,12
3359,105,102,3,3
3360,142,119,23,23
3361,67,66,1,1
3362,67,67,0,0
3363,126,125,1,1
3364,59,60,-1,1
3365,59,68,-9,9
3366,74,69,5,5
3367,87,81,6,6
3368,69,66,3,3
3369,66,68,-2,2
3370,117,104,13,13
3371,186,171,15,15
3372,63,64,-1,1
3373,125,118,7,7
3374,87,71,16,16
3375,97,102,-5,5
3376,96,94,2,2
3377,49,54,-5,5
3378,105,105,0,0
3379,48,55,-7,7
3380,111,106,5,5
3381,98,96,2,2
3382,123,104,19,19
3383,74,66,8,8
3384,55,51,4,4
3385,124,117,7,7
3386,151,147,4,4
3387,54,72,-18,18
3388,44,48,-4,4
3389,78,85,-7,7
3390,141,149,-8,8
3391,85,71,14,14
3392,40,59,-19,19
3393,77,83,-6,6
3394,104,101,3,3
3395,71,61,10,10
3396,94,96,-2,2
3397,98,103,-5,5
3398,56,59,-3,3
3399,64,70,-6,6
3400,107,98,9,9
3401,58,59,-1,1
3402,40,51,-11,11
3403,107,88,19,19
3404,110,109,1,1
3405,124,114,10,10
3406,100,93,7,7
3407,88,86,2,2
3408,131,106,25,25
3409,93,74,19,19
3410,134,126,8,8
3411,81,88,-7,7
3412,81,81,0,0
3413,84,82,2,2
3414,86,81,5,5
3415,152,152,0,0
3416,64,60,4,4
3417,73,71,2,2
3418,118,109,9,9
3419,73,75,-2,2
3420,88,74,14,14
3421,112,118,-6,6
3422,141,138,3,3
3423,150,164,-14,14
3424,105,95,10,10
3425,163,147,16,16
3426,29,49,-20,20
3427,94,93,1,1
3428,67,69,-2,2
3429,98,109,-11,11
3430,89,82,7,7
3431,106,97,9,9
3432,100,97,3,3
3433,107,83,24,24
3434,64,63,1,1
3435,45,54,-9,9
3436,77,81,-4,4
3437,144,123,21,21
3438,103,95,8,8
3439,67,109,-42,42
3440,38,60,-22,22
3441,116,113,3,3
3442,102,105,-3,3
3443,119,109,10,10
3444,88,90,-2,2
3445,111,102,9,9
3446,48,53,-5,5
3447,131,116,15,15
3448,86,82,4,4
3449,76,79,-3,3
3450,80,83,-3,3
3451,99,100,-1,1
3452,132,123,9,9
3453,91,99,-8,8
3454,105,98,7,7
3455,159,167,-8,8
3456,117,113,4,4
3457,142,145,-3,3
3458,69,62,7,7
3459,79,75,4,4
3460,134,143,-9,9
3461,101,82,19,19
3462,94,88,6,6
3463,97,114,-17,17
3464,112,96,16,16
3465,70,66,4,4
3466,139,128,11,11
3467,120,112,8,8
3468,93,102,-9,9
3469,70,74,-4,4
3470,77,72,5,5
3471,91,86,5,5
3472,57,58,-1,1
3473,75,85,-10,10
3474,64,65,-1,1
3475,88,93,-5,5
3476,90,89,1,1
3477,82,84,-2,2
3478,54,61,-7,7
3479,101,96,5,5
3480,102,105,-3,3
3481,92,95,-3,3
3482,77,73,4,4
3483,76,83,-7,7
3484,109,92,17,17
3485,48,53,-5,5
3486,86,88,-2,2
3487,91,91,0,0
3488,60,54,6,6
3489,117,114,3,3
3490,121,114,7,7
3491,129,138,-9,9
3492,90,92,-2,2
3493,106,82,24,24
3494,80,71,9,9
3495,129,106,23,23
3496,65,58,7,7
3497,48,55,-7,7
3498,104,96,8,8
3499,72,76,-4,4
3500,69,71,-2,2
3501,115,107,8,8
3502,147,175,-28,28
3503,83,78,5,5
3504,96,93,3,3
3505,83,87,-4,4
3506,106,105,1,1
3507,83,86,-3,3
3508,94,81,13,13
3509,101,86,15,15
3510,112,117,-5,5
3511,56,73,-17,17
3512,106,104,2,2
3513,93,82,11,11
3514,83,89,-6,6
3515,60,62,-2,2
3516,116,99,17,17
3517,127,107,20,20
3518,65,74,-9,9
3519,134,133,1,1
3520,45,63,-18,18
3521,74,80,-6,6
3522,107,110,-3,3
3523,97,94,3,3
3524,145,149,-4,4
3525,101,97,4,4
3526,104,94,10,10
3527,90,90,0,0
3528,98,77,21,21
3529,107,111,-4,4
3530,66,69,-3,3
3531,76,82,-6,6
3532,39,67,-28,28
3533,89,87,2,2
3534,47,61,-14,14
3535,68,76,-8,8
3536,47,69,-22,22
3537,194,168,26,26
3538,107,113,-6,6
3539,155,146,9,9
3540,163,147,16,16
3541,93,83,10,10
3542,124,110,14,14
3543,28,48,-20,20
3544,101,102,-1,1
3545,70,70,0,0
3546,61,69,-8,8
3547,92,80,12,12
3548,78,70,8,8
3549,51,63,-12,12
3550,99,90,9,9
3551,95,90,5,5
3552,137,114,23,23
3553,90,82,8,8
3554,84,84,0,0
3555,72,80,-8,8
3556,83,82,1,1
3557,94,93,1,1
3558,86,80,6,6
3559,86,80,6,6
3560,87,83,4,4
3561,104,109,-5,5
3562,58,54,4,4
3563,50,67,-17,17
3564,44,61,-17,17
3565,83,84,-1,1
3566,97,93,4,4
3567,146,140,6,6
3568,147,128,19,19
3569,107,105,2,2
3570,117,105,12,12
3571,152,153,-1,1
3572,130,110,20,20
3573,157,144,13,13
3574,268,249,19,19
3575,90,80,10,10
3576,101,99,2,2
3577,73,69,4,4
3578,120,117,3,3
3579,86,85,1,1
3580,144,120,24,24
3581,97,87,10,10
3582,93,82,11,11
3583,49,63,-14,14
3584,97,93,4,4
3585,99,92,7,7
3586,63,63,0,0
3587,135,120,15,15
3588,66,75,-9,9
3589,71,71,0,0
3590,74,72,2,2
3591,160,151,9,9
3592,52,66,-14,14
3593,84,74,10,10
3594,127,131,-4,4
3595,82,71,11,11
3596,80,83,-3,3
3597,108,107,1,1
3598,104,109,-5,5
3599,106,82,24,24
3600,154,149,5,5
3601,54,59,-5,5
3602,91,101,-10,10
3603,115,130,-15,15
3604,98,103,-5,5
3605,117,116,1,1
3606,46,51,-5,5
3607,93,94,-1,1
3608,50,52,-2,2
3609,110,153,-43,43
3610,101,97,4,4
3611,121,95,26,26
3612,129,124,5,5
3613,123,104,19,19
3614,55,60,-5,5
3615,97,82,15,15
3616,102,91,11,11
3617,127,140,-13,13
3618,66,67,-1,1
3619,75,74,1,1
3620,125,135,-10,10
3621,75,69,6,6
3622,137,148,-11,11
3623,76,79,-3,3
3624,80,65,15,15
3625,93,84,9,9
3626,213,231,-18,18
3627,73,72,1,1
3628,99,93,6,6
3629,152,139,13,13
3630,110,108,2,2
3631,53,53,0,0
3632,83,79,4,4
3633,94,98,-4,4
3634,60,62,-2,2
3635,150,144,6,6
3636,146,135,11,11
3637,156,174,-18,18
3638,99,86,13,13
3639,66,64,2,2
3640,85,72,13,13
3641,68,81,-13,13
3642,174,157,17,17
3643,112,101,11,11
3644,102,100,2,2
3645,96,94,2,2
3646,123,116,7,7
3647,62,72,-10,10
3648,42,50,-8,8
3649,84,90,-6,6
3650,99,112,-13,13
3651,96,100,-4,4
3652,94,84,10,10
3653,88,85,3,3
3654,113,102,11,11
3655,136,136,0,0
3656,51,73,-22,22
3657,82,83,-1,1
3658,103,85,18,18
3659,109,99,10,10
3660,39,44,-5,5
3661,66,65,1,1
3662,68,63,5,5
3663,97,92,5,5
3664,85,81,4,4
3665,123,119,4,4
3666,134,134,0,0
3667,171,168,3,3
3668,88,99,-11,11
3669,83,76,7,7
3670,52,61,-9,9
3671,90,82,8,8
3672,75,73,2,2
3673,80,93,-13,13
3674,85,86,-1,1
3675,113,130,-17,17
3676,85,65,20,20
3677,124,123,1,1
3678,126,121,5,5
3679,136,121,15,15
3680,111,108,3,3
3681,122,120,2,2
3682,84,77,7,7
3683,53,55,-2,2
3684,83,73,10,10
3685,132,130,2,2
3686,133,132,1,1
3687,96,82,14,14
3688,53,62,-9,9
3689,87,94,-7,7
3690,63,71,-8,8
3691,92,82,10,10
3692,73,74,-1,1
3693,142,131,11,11
3694,93,72,21,21
3695,69,68,1,1
3696,59,62,-3,3
3697,120,123,-3,3
3698,52,63,-11,11
3699,50,57,-7,7
3700,80,91,-11,11
3701,68,65,3,3
3702,73,74,-1,1
3703,245,200,45,45
3704,147,148,-1,1
3705,75,70,5,5
3706,59,62,-3,3
3707,84,80,4,4
3708,92,89,3,3
3709,146,138,8,8
3710,183,170,13,13
3711,64,67,-3,3
3712,101,98,3,3
3713,102,103,-1,1
3714,117,112,5,5
3715,178,172,6,6
3716,143,113,30,30
3717,68,78,-10,10
3718,90,79,11,11
3719,48,55,-7,7
3720,74,71,3,3
3721,63,58,5,5
3722,74,84,-10,10
3723,83,86,-3,3
3724,89,94,-5,5
3725,112,108,4,4
3726,89,95,-6,6
3727,71,55,16,16
3728,72,80,-8,8
3729,66,66,0,0
3730,173,181,-8,8
3731,139,133,6,6
3732,94,109,-15,15
3733,48,54,-6,6
3734,102,101,1,1
3735,69,71,-2,2
3736,67,64,3,3
3737,91,92,-1,1
3738,109,107,2,2
3739,39,52,-13,13
3740,146,141,5,5
3741,103,107,-4,4
3742,149,156,-7,7
3743,78,61,17,17
3744,78,77,1,1
3745,76,73,3,3
3746,81,76,5,5
3747,155,155,0,0
3748,76,72,4,4
3749,113,104,9,9
3750,87,85,2,2
3751,81,74,7,7
3752,82,74,8,8
3753,107,107,0,0
3754,148,146,2,2
3755,57,57,0,0
3756,73,71,2,2
3757,112,106,6,6
3758,48,55,-7,7
3759,77,84,-7,7
3760,142,129,13,13
3761,142,131,11,11
3762,122,122,0,0
3763,67,57,10,10
3764,132,114,18,18
3765,134,159,-25,25
3766,96,91,5,5
3767,70,75,-5,5
3768,84,70,14,14
3769,108,98,10,10
3770,159,155,4,4
3771,114,119,-5,5
3772,71,73,-2,2
3773,88,91,-3,3
3774,95,89,6,6
3775,36,53,-17,17
3776,99,101,-2,2
3777,54,73,-19,19
3778,148,132,16,16
3779,75,75,0,0
3780,64,65,-1,1
3781,170,171,-1,1
3782,176,173,3,3
3783,143,126,17,17
3784,108,95,13,13
3785,94,157,-63,63
3786,102,118,-16,16
3787,92,97,-5,5
3788,132,136,-4,4
3789,84,82,2,2
3790,152,150,2,2
3791,94,78,16,16
3792,103,108,-5,5
3793,122,127,-5,5
3794,79,85,-6,6
3795,81,65,16,16
3796,81,83,-2,2
3797,65,60,5,5
3798,90,78,12,12
3799,85,83,2,2
3800,74,76,-2,2
3801,110,102,8,8
3802,62,58,4,4
3803,132,134,-2,2
3804,94,95,-1,1
3805,77,70,7,7
3806,69,68,1,1
3807,90,92,-2,2
3808,58,55,3,3
3809,101,105,-4,4
3810,72,82,-10,10
3811,49,69,-20,20
3812,120,124,-4,4
3813,60,61,-1,1
3814,140,158,-18,18
3815,53,58,-5,5
3816,66,71,-5,5
3817,60,68,-8,8
3818,103,100,3,3
3819,92,91,1,1
3820,158,143,15,15
3821,71,93,-22,22
3822,73,70,3,3
3823,66,72,-6,6
3824,149,145,4,4
3825,146,146,0,0
3826,68,60,8,8
3827,108,101,7,7
3828,54,57,-3,3
3829,70,66,4,4
3830,98,92,6,6
3831,112,109,3,3
3832,64,60,4,4
3833,96,96,0,0
3834,124,137,-13,13
3835,73,80,-7,7
3836,75,80,-5,5
3837,97,84,13,13
3838,100,91,9,9
3839,153,178,-25,25
3840,145,135,10,10
3841,98,83,15,15
3842,114,98,16,16
3843,111,94,17,17
3844,68,71,-3,3
3845,60,58,2,2
3846,87,99,-12,12
3847,74,68,6,6
3848,54,63,-9,9
3849,77,70,7,7
3850,63,68,-5,5
3851,120,112,8,8
3852,107,93,14,14
3853,75,83,-8,8
3854,96,97,-1,1
3855,50,58,-8,8
3856,152,136,16,16
3857,133,127,6,6
3858,140,143,-3,3
3859,63,59,4,4
3860,82,79,3,3
3861,101,101,0,0
3862,78,75,3,3
3863,101,86,15,15
3864,74,73,1,1
3865,104,104,0,0
3866,97,92,5,5
3867,55,73,-18,18
3868,166,166,0,0
3869,110,86,24,24
3870,76,99,-23,23
3871,81,77,4,4
3872,128,120,8,8
3873,108,93,15,15
3874,68,67,1,1
3875,86,85,1,1
3876,79,83,-4,4
3877,65,61,4,4
3878,148,149,-1,1
3879,165,154,11,11
3880,96,96,0,0
3881,61,59,2,2
3882,86,77,9,9
3883,65,59,6,6
3884,124,122,2,2
3885,94,95,-1,1
3886,55,67,-12,12
3887,71,62,9,9
3888,132,118,14,14
3889,55,62,-7,7
3890,97,118,-21,21
3891,96,93,3,3
3892,101,86,15,15
3893,100,89,11,11
3894,78,74,4,4
3895,132,140,-8,8
3896,73,72,1,1
3897,93,85,8,8
3898,51,62,-11,11
3899,136,136,0,0
3900,80,72,8,8
3901,159,173,-14,14
3902,151,142,9,9
3903,64,61,3,3
3904,75,74,1,1
3905,151,130,21,21
3906,72,74,-2,2
3907,113,94,19,19
3908,88,97,-9,9
3909,93,81,12,12
3910,62,63,-1,1
3911,59,63,-4,4
3912,104,95,9,9
3913,133,114,19,19
3914,66,74,-8,8
3915,90,95,-5,5
3916,98,83,15,15
3917,181,146,35,35
3918,68,67,1,1
3919,81,78,3,3
3920,148,146,2,2
3921,92,76,16,16
3922,109,103,6,6
3923,176,168,8,8
3924,236,221,15,15
3925,112,99,13,13
3926,74,73,1,1
3927,82,67,15,15
3928,78,76,2,2
3929,83,83,0,0
3930,89,92,-3,3
3931,95,89,6,6
3932,177,170,7,7
3933,53,63,-10,10
3934,94,101,-7,7
3935,104,107,-3,3
3936,63,69,-6,6
3937,94,91,3,3
3938,95,95,0,0
3939,122,119,3,3
3940,135,127,8,8
3941,170,141,29,29
3942,104,110,-6,6
3943,153,118,35,35
3944,70,89,-19,19
3945,124,102,22,22
3946,81,80,1,1
3947,143,134,9,9
3948,86,92,-6,6
3949,87,87,0,0
3950,92,96,-4,4
3951,111,103,8,8
3952,73,75,-2,2
3953,83,79,4,4
3954,117,107,10,10
3955,92,90,2,2
3956,70,73,-3,3
3957,107,96,11,11
3958,62,68,-6,6
3959,96,87,9,9
3960,93,88,5,5
3961,50,64,-14,14
3962,61,67,-6,6
3963,118,120,-2,2
3964,117,112,5,5
3965,116,110,6,6
3966,183,180,3,3
3967,56,70,-14,14
3968,67,69,-2,2
3969,81,69,12,12
3970,117,108,9,9
3971,98,96,2,2
3972,63,74,-11,11
3973,62,56,6,6
3974,84,89,-5,5
3975,156,154,2,2
3976,105,86,19,19
3977,89,78,11,11
3978,132,128,4,4
3979,106,103,3,3
3980,111,114,-3,3
3981,150,140,10,10
3982,95,90,5,5
3983,20,59,-39,39
3984,99,97,2,2
3985,103,104,-1,1
3986,73,89,-16,16
3987,83,99,-16,16
3988,69,79,-10,10
3989,130,128,2,2
3990,106,96,10,10
3991,104,95,9,9
3992,125,131,-6,6
3993,121,95,26,26
3994,190,202,-12,12
3995,116,116,0,0
3996,87,100,-13,13
3997,71,70,1,1
3998,71,79,-8,8
3999,146,154,-8,8
4000,97,94,3,3
4001,98,95,3,3
4002,127,129,-2,2
4003,74,75,-1,1
4004,47,60,-13,13
4005,92,87,5,5
4006,82,83,-1,1
4007,118,105,13,13
4008,137,119,18,18
4009,101,94,7,7
4010,51,57,-6,6
4011,88,86,2,2
4012,177,160,17,17
4013,82,79,3,3
4014,90,96,-6,6
4015,99,92,7,7
4016,83,84,-1,1
4017,104,95,9,9
4018,83,76,7,7
4019,57,67,-10,10
4020,155,146,9,9
4021,107,98,9,9
4022,72,67,5,5
4023,72,67,5,5
4024,102,104,-2,2
4025,90,85,5,5
4026,111,97,14,14
4027,123,119,4,4
4028,46,52,-6,6
4029,81,77,4,4
4030,95,75,20,20
4031,125,119,6,6
4032,105,98,7,7
4033,74,73,1,1
4034,166,157,9,9
4035,96,90,6,6
4036,70,69,1,1
4037,56,48,8,8
4038,66,63,3,3
4039,85,90,-5,5
4040,46,51,-5,5
4041,47,59,-12,12
4042,68,73,-5,5
4043,130,128,2,2
4044,141,146,-5,5
4045,95,87,8,8
4046,111,97,14,14
4047,50,55,-5,5
4048,111,108,3,3
4049,100,97,3,3
4050,72,69,3,3
4051,80,75,5,5
4052,120,116,4,4
4053,180,167,13,13
4054,39,62,-23,23
4055,103,108,-5,5
4056,95,87,8,8
4057,146,150,-4,4
4058,110,103,7,7
4059,48,58,-10,10
4060,83,93,-10,10
4061,66,80,-14,14
4062,86,81,5,5
4063,79,77,2,2
4064,113,118,-5,5
4065,114,107,7,7
4066,86,77,9,9
4067,165,168,-3,3
4068,69,71,-2,2
4069,124,119,5,5
4070,103,111,-8,8
4071,76,63,13,13
4072,118,116,2,2
4073,157,155,2,2
4074,107,100,7,7
4075,170,150,20,20
4076,58,67,-9,9
4077,59,62,-3,3
4078,124,116,8,8
4079,142,127,15,15
4080,105,116,-11,11
4081,116,108,8,8
4082,140,131,9,9
4083,92,86,6,6
4084,130,135,-5,5
4085,113,108,5,5
4086,129,145,-16,16
4087,73,78,-5,5
4088,100,95,5,5
4089,87,97,-10,10
4090,75,81,-6,6
4091,87,83,4,4
4092,113,94,19,19
4093,64,68,-4,4
4094,83,78,5,5
4095,75,73,2,2
4096,124,130,-6,6
4097,87,73,14,14
4098,63,62,1,1
4099,78,73,5,5
4100,86,88,-2,2
4101,104,109,-5,5
4102,95,99,-4,4
4103,119,125,-6,6
4104,99,99,0,0
4105,54,58,-4,4
4106,73,65,8,8
4107,71,71,0,0
4108,83,83,0,0
4109,182,156,26,26
4110,74,90,-16,16
4111,133,133,0,0
4112,80,78,2,2
4113,98,100,-2,2
4114,98,101,-3,3
4115,96,91,5,5
4116,84,71,13,13
4117,199,223,-24,24
4118,153,142,11,11
4119,121,134,-13,13
4120,104,112,-8,8
4121,79,82,-3,3
4122,109,95,14,14
4123,74,74,0,0
4124,48,62,-14,14
4125,127,123,4,4
4126,77,69,8,8
4127,57,56,1,1
4128,88,80,8,8
4129,76,94,-18,18
4130,120,116,4,4
4131,86,91,-5,5
4132,62,69,-7,7
4133,60,61,-1,1
4134,83,79,4,4
4135,90,86,4,4
4136,69,68,1,1
4137,65,61,4,4
4138,97,99,-2,2
4139,107,95,12,12
4140,131,130,1,1
4141,118,109,9,9
4142,107,123,-16,16
4143,72,78,-6,6
4144,153,159,-6,6
4145,83,79,4,4
4146,55,55,0,0
4147,106,103,3,3
4148,97,105,-8,8
4149,176,177,-1,1
4150,139,129,10,10
4151,84,88,-4,4
4152,112,97,15,15
4153,58,71,-13,13
4154,119,107,12,12
4155,75,69,6,6
4156,155,156,-1,1
4157,71,70,1,1
4158,150,135,15,15
4159,94,93,1,1
4160,54,63,-9,9
4161,70,64,6,6
4162,125,117,8,8
4163,36,65,-29,29
4164,78,82,-4,4
4165,96,87,9,9
4166,100,94,6,6
4167,106,102,4,4
4168,129,118,11,11
4169,39,57,-18,18
4170,44,53,-9,9
4171,97,87,10,10
4172,80,83,-3,3
4173,52,62,-10,10
4174,102,94,8,8
4175,101,86,15,15
4176,90,92,-2,2
4177,151,147,4,4
4178,82,85,-3,3
4179,117,107,10,10
4180,63,78,-15,15
4181,135,127,8,8
4182,71,64,7,7
4183,96,106,-10,10
4184,123,114,9,9
4185,75,65,10,10
4186,60,60,0,0
4187,103,101,2,2
4188,59,58,1,1
4189,116,123,-7,7
4190,92,86,6,6
4191,76,67,9,9
4192,53,67,-14,14
4193,107,108,-1,1
4194,70,70,0,0
4195,101,92,9,9
4196,88,82,6,6
4197,84,76,8,8
4198,26,55,-29,29
4199,107,107,0,0
4200,121,109,12,12
4201,66,71,-5,5
4202,75,72,3,3
4203,140,141,-1,1
4204,87,93,-6,6
4205,57,58,-1,1
4206,100,91,9,9
4207,183,172,11,11
4208,131,127,4,4
4209,98,118,-20,20
4210,70,69,1,1
4211,80,77,3,3
4212,112,116,-4,4
4213,164,177,-13,13
4214,112,92,20,20
4215,49,48,1,1
4216,69,73,-4,4
4217,64,70,-6,6
4218,78,87,-9,9
4219,116,122,-6,6
4220,113,100,13,13
4221,123,126,-3,3
4222,101,98,3,3
4223,100,103,-3,3
4224,84,75,9,9
4225,114,101,13,13
4226,109,98,11,11
4227,52,63,-11,11
4228,115,110,5,5
4229,106,100,6,6
4230,93,91,2,2
4231,69,73,-4,4
4232,149,139,10,10
4233,87,89,-2,2
4234,103,101,2,2
4235,106,108,-2,2
4236,76,90,-14,14
4237,124,139,-15,15
4238,115,119,-4,4
4239,82,77,5,5
4240,152,156,-4,4
4241,138,129,9,9
4242,196,191,5,5
4243,133,113,20,20
4244,146,142,4,4
4245,105,106,-1,1
4246,92,101,-9,9
4247,71,65,6,6
4248,97,98,-1,1
4249,70,75,-5,5
4250,107,112,-5,5
4251,80,77,3,3
4252,63,70,-7,7
4253,75,72,3,3
4254,75,73,2,2
4255,75,71,4,4
4256,104,83,21,21
4257,152,143,9,9
4258,71,68,3,3
4259,107,107,0,0
4260,161,155,6,6
4261,71,76,-5,5
4262,91,76,15,15
4263,98,93,5,5
4264,108,104,4,4
4265,78,70,8,8
4266,116,124,-8,8
4267,108,89,19,19
4268,81,75,6,6
4269,65,70,-5,5
4270,111,112,-1,1
4271,70,76,-6,6
4272,55,54,1,1
4273,102,96,6,6
4274,102,104,-2,2
4275,56,63,-7,7
4276,100,82,18,18
4277,47,55,-8,8
4278,145,132,13,13
4279,108,104,4,4
4280,143,139,4,4
4281,123,111,12,12
4282,172,178,-6,6
4283,60,63,-3,3
4284,105,99,6,6
4285,46,45,1,1
4286,80,64,16,16
4287,114,115,-1,1
4288,189,203,-14,14
4289,82,68,14,14
4290,126,121,5,5
4291,157,150,7,7
4292,147,189,-42,42
4293,27,71,-44,44
4294,79,72,7,7
4295,75,69,6,6
4296,65,66,-1,1
4297,68,72,-4,4
4298,126,116,10,10
4299,133,124,9,9
4300,101,83,18,18
4301,80,71,9,9
4302,103,96,7,7
4303,95,92,3,3
4304,103,103,0,0
4305,113,111,2,2
4306,42,61,-19,19
4307,85,81,4,4
4308,82,83,-1,1
4309,104,106,-2,2
4310,85,77,8,8
4311,107,79,28,28
4312,78,68,10,10
4313,66,59,7,7
4314,108,102,6,6
4315,90,97,-7,7
4316,88,85,3,3
4317,59,63,-4,4
4318,79,81,-2,2
4319,69,72,-3,3
4320,135,126,9,9
4321,96,110,-14,14
4322,148,148,0,0
4323,31,58,-27,27
4324,65,72,-7,7
4325,86,84,2,2
4326,47,63,-16,16
4327,83,68,15,15
4328,170,179,-9,9
4329,63,64,-1,1
4330,110,104,6,6
4331,182,158,24,24
4332,141,134,7,7
4333,94,91,3,3
4334,81,80,1,1
4335,87,89,-2,2
4336,131,132,-1,1
4337,117,99,18,18
4338,64,59,5,5
4339,150,173,-23,23
4340,93,93,0,0
4341,88,89,-1,1
4342,90,92,-2,2
4343,86,88,-2,2
4344,96,109,-13,13
4345,173,160,13,13
4346,104,99,5,5
4347,44,54,-10,10
4348,81,77,4,4
4349,71,62,9,9
4350,77,70,7,7
4351,82,70,12,12
4352,196,196,0,0
4353,126,120,6,6
4354,100,98,2,2
4355,159,158,1,1
4356,61,59,2,2
4357,54,61,-7,7
4358,73,62,11,11
4359,73,74,-1,1
4360,88,72,16,16
4361,136,124,12,12
4362,94,90,4,4
4363,164,187,-23,23
4364,100,101,-1,1
4365,126,120,6,6
4366,50,56,-6,6
4367,79,78,1,1
4368,94,108,-14,14
4369,110,113,-3,3
4370,144,148,-4,4
4371,62,67,-5,5
4372,92,94,-2,2
4373,59,66,-7,7
4374,279,258,21,21
4375,149,144,5,5
4376,61,68,-7,7
4377,72,87,-15,15
4378,64,70,-6,6
4379,142,144,-2,2
4380,56,64,-8,8
4381,140,140,0,0
4382,221,195,26,26
4383,111,105,6,6
4384,93,83,10,10
4385,110,110,0,0
4386,83,66,17,17
4387,65,80,-15,15
4388,154,158,-4,4
4389,92,83,9,9
4390,144,137,7,7
4391,102,95,7,7
4392,131,124,7,7
4393,98,87,11,11
4394,104,97,7,7
4395,95,95,0,0
4396,108,103,5,5
4397,89,82,7,7
4398,139,147,-8,8
4399,116,105,11,11
4400,58,65,-7,7
4401,140,151,-11,11
4402,89,87,2,2
4403,103,102,1,1
4404,67,76,-9,9
4405,62,66,-4,4
4406,162,169,-7,7
4407,77,79,-2,2
4408,99,90,9,9
4409,92,77,15,15
4410,105,100,5,5
4411,99,92,7,7
4412,82,89,-7,7
4413,139,131,8,8
4414,99,98,1,1
4415,82,82,0,0
4416,95,92,3,3
4417,101,93,8,8
4418,85,91,-6,6
4419,102,99,3,3
4420,133,138,-5,5
4421,76,78,-2,2
4422,126,115,11,11
4423,101,103,-2,2
4424,119,103,16,16
4425,152,167,-15,15
4426,136,119,17,17
4427,87,79,8,8
4428,116,108,8,8
4429,60,65,-5,5
4430,96,91,5,5
4431,76,73,3,3
4432,128,122,6,6
4433,85,86,-1,1
4434,84,81,3,3
4435,153,132,21,21
4436,72,69,3,3
4437,73,61,12,12
4438,108,97,11,11
4439,73,73,0,0
4440,94,90,4,4
4441,86,79,7,7
4442,89,83,6,6
4443,56,58,-2,2
4444,195,190,5,5
4445,70,72,-2,2
4446,64,61,3,3
4447,96,91,5,5
4448,103,110,-7,7
4449,131,131,0,0
4450,93,77,16,16
4451,122,117,5,5
4452,54,53,1,1
4453,67,73,-6,6
4454,66,59,7,7
4455,110,114,-4,4
4456,108,101,7,7
4457,119,125,-6,6
4458,80,64,16,16
4459,60,67,-7,7
4460,88,76,12,12
4461,123,98,25,25
4462,59,64,-5,5
4463,103,87,16,16
4464,93,92,1,1
4465,90,91,-1,1
4466,157,152,5,5
4467,94,92,2,2
4468,79,59,20,20
4469,131,125,6,6
4470,50,62,-12,12
4471,111,112,-1,1
4472,106,109,-3,3
4473,104,96,8,8
4474,94,96,-2,2
4475,71,64,7,7
4476,168,156,12,12
4477,102,115,-13,13
4478,58,69,-11,11
4479,49,53,-4,4
4480,96,97,-1,1
4481,74,86,-12,12
4482,135,127,8,8
4483,171,166,5,5
4484,70,73,-3,3
4485,118,116,2,2
4486,90,75,15,15
4487,101,113,-12,12
4488,97,87,10,10
4489,107,99,8,8
4490,87,83,4,4
4491,43,64,-21,21
4492,79,73,6,6
4493,106,90,16,16
4494,39,56,-17,17
4495,178,173,5,5
4496,74,70,4,4
4497,36,42,-6,6
4498,68,73,-5,5
4499,114,90,24,24
4500,80,82,-2,2
4501,109,115,-6,6
4502,128,120,8,8
4503,87,89,-2,2
4504,110,87,23,23
4505,100,85,15,15
4506,128,122,6,6
4507,136,133,3,3
4508,129,128,1,1
4509,122,121,1,1
4510,102,97,5,5
4511,109,100,9,9
4512,58,67,-9,9
4513,122,115,7,7
4514,90,86,4,4
4515,57,63,-6,6
4516,107,97,10,10
4517,168,170,-2,2
4518,98,93,5,5
4519,120,110,10,10
4520,74,79,-5,5
4521,88,82,6,6
4522,96,81,15,15
4523,64,74,-10,10
4524,55,53,2,2
4525,94,85,9,9
4526,148,138,10,10
4527,92,101,-9,9
4528,95,103,-8,8
4529,110,102,8,8
4530,83,64,19,19
4531,139,132,7,7
4532,108,93,15,15
4533,78,73,5,5
4534,78,81,-3,3
4535,98,93,5,5
4536,104,106,-2,2
4537,68,67,1,1
4538,103,101,2,2
4539,66,80,-14,14
4540,100,93,7,7
4541,123,122,1,1
4542,74,64,10,10
4543,136,131,5,5
4544,47,55,-8,8
4545,92,84,8,8
4546,122,115,7,7
4547,125,138,-13,13
4548,122,103,19,19
4549,61,62,-1,1
4550,82,98,-16,16
4551,112,108,4,4
4552,48,90,-42,42
4553,146,155,-9,9
4554,67,59,8,8
4555,115,109,6,6
4556,165,180,-15,15
4557,87,93,-6,6
4558,40,52,-12,12
4559,55,48,7,7
4560,127,120,7,7
4561,70,71,-1,1
4562,99,101,-2,2
4563,45,53,-8,8
4564,95,92,3,3
4565,80,80,0,0
4566,47,62,-15,15
4567,99,117,-18,18
4568,118,114,4,4
4569,104,94,10,10
4570,75,77,-2,2
4571,90,78,12,12
4572,82,75,7,7
4573,163,137,26,26
4574,93,87,6,6
4575,166,189,-23,23
4576,69,69,0,0
4577,122,127,-5,5
4578,148,155,-7,7
4579,56,58,-2,2
4580,66,67,-1,1
4581,83,96,-13,13
4582,63,54,9,9
4583,108,98,10,10
4584,123,103,20,20
4585,161,165,-4,4
4586,83,102,-19,19
4587,49,60,-11,11
4588,78,75,3,3
4589,101,99,2,2
4590,38,44,-6,6
4591,98,93,5,5
4592,174,148,26,26
4593,75,67,8,8
4594,56,64,-8,8
4595,138,119,19,19
4596,38,63,-25,25
4597,51,50,1,1
4598,69,63,6,6
4599,98,104,-6,6
4600,87,85,2,2
4601,88,82,6,6
4602,156,164,-8,8
4603,140,134,6,6
4604,92,88,4,4
4605,49,60,-11,11
4606,82,90,-8,8
4607,217,271,-54,54
4608,99,98,1,1
4609,110,96,14,14
4610,79,75,4,4
4611,69,68,1,1
4612,87,73,14,14
4613,84,78,6,6
4614,77,62,15,15
4615,78,68,10,10
4616,100,103,-3,3
4617,112,98,14,14
4618,130,123,7,7
4619,137,123,14,14
4620,125,112,13,13
4621,86,77,9,9
4622,152,140,12,12
4623,96,104,-8,8
4624,111,106,5,5
4625,99,105,-6,6
4626,56,58,-2,2
4627,211,223,-12,12
4628,109,123,-14,14
4629,137,126,11,11
4630,74,80,-6,6
4631,120,125,-5,5
4632,81,81,0,0
4633,71,70,1,1
4634,88,84,4,4
4635,111,100,11,11
4636,197,204,-7,7
4637,85,76,9,9
4638,112,108,4,4
4639,44,62,-18,18
4640,86,78,8,8
4641,72,77,-5,5
4642,59,60,-1,1
4643,82,89,-7,7
4644,69,66,3,3
4645,91,73,18,18
4646,142,139,3,3
4647,84,61,23,23
4648,81,73,8,8
4649,101,93,8,8
4650,190,158,32,32
4651,107,98,9,9
4652,119,121,-2,2
4653,77,76,1,1
4654,152,149,3,3
4655,64,64,0,0
4656,77,73,4,4
4657,51,62,-11,11
4658,77,75,2,2
4659,84,76,8,8
4660,60,68,-8,8
4661,107,97,10,10
4662,87,95,-8,8
4663,116,128,-12,12
4664,160,141,19,19
4665,116,114,2,2
4666,84,81,3,3
4667,113,107,6,6
4668,105,106,-1,1
4669,55,56,-1,1
4670,91,88,3,3
4671,113,102,11,11
4672,62,55,7,7
4673,75,74,1,1
4674,45,47,-2,2
4675,177,155,22,22
4676,131,138,-7,7
4677,112,110,2,2
4678,127,133,-6,6
4679,146,124,22,22
4680,138,139,-1,1
4681,93,89,4,4
4682,65,71,-6,6
4683,168,174,-6,6
4684,112,124,-12,12
4685,149,144,5,5
4686,140,148,-8,8
4687,94,91,3,3
4688,141,135,6,6
4689,75,78,-3,3
4690,134,126,8,8
4691,95,78,17,17
4692,119,97,22,22
4693,95,101,-6,6
4694,65,66,-1,1
4695,95,93,2,2
4696,97,98,-1,1
4697,132,130,2,2
4698,87,84,3,3
4699,124,91,33,33
4700,115,113,2,2
4701,45,55,-10,10
4702,110,94,16,16
4703,57,67,-10,10
4704,126,97,29,29
4705,50,55,-5,5
4706,132,126,6,6
4707,71,60,11,11
4708,88,80,8,8
4709,91,99,-8,8
4710,79,74,5,5
4711,47,45,2,2
4712,103,106,-3,3
4713,38,53,-15,15
4714,68,50,18,18
4715,130,117,13,13
4716,157,158,-1,1
4717,99,93,6,6
4718,62,66,-4,4
4719,79,82,-3,3
4720,74,77,-3,3
4721,154,134,20,20
4722,36,52,-16,16
4723,81,72,9,9
4724,69,70,-1,1
4725,39,53,-14,14
4726,106,94,12,12
4727,141,125,16,16
4728,71,73,-2,2
4729,108,103,5,5
4730,142,140,2,2
4731,43,60,-17,17
4732,109,113,-4,4
4733,72,68,4,4
4734,110,101,9,9
4735,84,87,-3,3
4736,88,84,4,4
4737,156,147,9,9
4738,106,101,5,5
4739,160,151,9,9
4740,105,96,9,9
4741,231,235,-4,4
4742,111,102,9,9
4743,53,56,-3,3
4744,124,130,-6,6
4745,105,100,5,5
4746,144,138,6,6
4747,83,90,-7,7
4748,81,83,-2,2
4749,96,89,7,7
4750,143,136,7,7
4751,118,93,25,25
4752,77,74,3,3
4753,116,113,3,3
4754,116,82,34,34
4755,76,73,3,3
4756,73,71,2,2
4757,92,88,4,4
4758,89,85,4,4
4759,58,55,3,3
4760,70,65,5,5
4761,134,129,5,5
4762,73,75,-2,2
4763,139,134,5,5
4764,59,66,-7,7
4765,59,63,-4,4
4766,72,81,-9,9
4767,81,86,-5,5
4768,96,89,7,7
4769,190,162,28,28
4770,131,121,10,10
4771,188,209,-21,21
4772,141,153,-12,12
4773,103,103,0,0
4774,65,75,-10,10
4775,86,92,-6,6
4776,64,66,-2,2
4777,115,124,-9,9
4778,58,77,-19,19
4779,150,145,5,5
4780,70,66,4,4
4781,91,84,7,7
4782,104,102,2,2
4783,78,73,5,5
4784,57,62,-5,5
4785,117,104,13,13
4786,82,82,0,0
4787,50,62,-12,12
4788,76,78,-2,2
4789,64,66,-2,2
4790,140,131,9,9
4791,88,87,1,1
4792,41,55,-14,14
4793,56,68,-12,12
4794,161,174,-13,13
4795,107,69,38,38
4796,94,92,2,2
4797,71,68,3,3
4798,163,148,15,15
4799,99,86,13,13
4800,30,57,-27,27
4801,99,83,16,16
4802,161,141,20,20
4803,82,76,6,6
4804,92,90,2,2
4805,152,122,30,30
4806,131,104,27,27
4807,99,91,8,8
4808,50,68,-18,18
4809,80,76,4,4
4810,99,93,6,6
4811,69,67,2,2
4812,67,69,-2,2
4813,143,123,20,20
4814,68,69,-1,1
4815,65,75,-10,10
4816,94,94,0,0
4817,55,69,-14,14
4818,94,89,5,5
4819,45,53,-8,8
4820,140,138,2,2
4821,65,59,6,6
4822,62,59,3,3
4823,94,91,3,3
4824,129,124,5,5
4825,123,130,-7,7
4826,80,83,-3,3
4827,86,65,21,21
4828,112,113,-1,1
4829,89,87,2,2
4830,72,68,4,4
4831,65,69,-4,4
4832,90,83,7,7
4833,71,86,-15,15
4834,107,107,0,0
4835,140,135,5,5
4836,57,63,-6,6
4837,104,106,-2,2
4838,56,71,-15,15
4839,103,85,18,18
4840,104,96,8,8
4841,78,74,4,4
4842,126,118,8,8
4843,101,89,12,12
4844,85,89,-4,4
4845,72,55,17,17
4846,57,62,-5,5
4847,51,67,-16,16
4848,102,100,2,2
4849,85,81,4,4
4850,71,63,8,8
4851,87,82,5,5
4852,74,70,4,4
4853,104,97,7,7
4854,102,98,4,4
4855,181,169,12,12
4856,130,125,5,5
4857,75,78,-3,3
4858,102,95,7,7
4859,56,61,-5,5
4860,72,73,-1,1
4861,90,96,-6,6
4862,66,69,-3,3
4863,82,76,6,6
4864,139,157,-18,18
4865,97,80,17,17
4866,83,82,1,1
4867,71,74,-3,3
4868,81,76,5,5
4869,80,72,8,8
4870,152,149,3,3
4871,54,62,-8,8
4872,51,63,-12,12
4873,142,127,15,15
4874,134,144,-10,10
4875,253,305,-52,52
4876,85,101,-16,16
4877,274,232,42,42
4878,180,166,14,14
4879,85,92,-7,7
4880,68,79,-11,11
4881,126,118,8,8
4882,147,138,9,9
4883,67,68,-1,1
4884,58,64,-6,6
4885,146,153,-7,7
4886,170,156,14,14
4887,80,85,-5,5
4888,117,116,1,1
4889,72,78,-6,6
4890,52,57,-5,5
4891,92,99,-7,7
4892,88,77,11,11
4893,106,104,2,2
4894,93,94,-1,1
4895,151,135,16,16
4896,90,88,2,2
4897,71,74,-3,3
4898,63,61,2,2
4899,171,167,4,4
4900,83,78,5,5
4901,125,117,8,8
4902,123,112,11,11
4903,119,109,10,10
4904,100,93,7,7
4905,97,112,-15,15
4906,82,71,11,11
4907,104,108,-4,4
4908,84,72,12,12
4909,133,138,-5,5
4910,66,66,0,0
4911,328,312,16,16
4912,66,74,-8,8
4913,129,114,15,15
4914,60,78,-18,18
4915,107,121,-14,14
4916,88,73,15,15
4917,92,93,-1,1
4918,97,79,18,18
4919,95,97,-2,2
4920,176,162,14,14
4921,93,84,9,9
4922,124,134,-10,10
4923,80,74,6,6
4924,117,116,1,1
4925,92,83,9,9
4926,137,113,24,24
4927,160,163,-3,3
4928,114,107,7,7
4929,78,69,9,9
4930,73,74,-1,1
4931,62,56,6,6
4932,85,87,-2,2
4933,52,50,2,2
4934,53,60,-7,7
4935,98,80,18,18
4936,92,91,1,1
4937,100,94,6,6
4938,114,121,-7,7
4939,139,133,6,6
4940,76,69,7,7
4941,119,106,13,13
4942,41,52,-11,11
4943,53,69,-16,16
4944,268,307,-39,39
4945,66,67,-1,1
4946,130,123,7,7
4947,115,97,18,18
4948,157,149,8,8
4949,50,63,-13,13
4950,75,61,14,14
4951,79,70,9,9
4952,85,80,5,5
4953,42,60,-18,18
4954,85,83,2,2
4955,95,95,0,0
4956,72,69,3,3
4957,90,106,-16,16
4958,81,78,3,3
4959,109,109,0,0
4960,146,159,-13,13
4961,131,123,8,8
4962,138,123,15,15
4963,32,50,-18,18
4964,86,81,5,5
4965,76,84,-8,8
4966,73,79,-6,6
4967,132,132,0,0
4968,136,132,4,4
4969,36,54,-18,18
4970,40,45,-5,5
4971,62,62,0,0
4972,99,99,0,0
4973,63,66,-3,3
4974,90,77,13,13
4975,63,75,-12,12
4976,63,72,-9,9
4977,73,90,-17,17
4978,73,71,2,2
4979,120,107,13,13
4980,161,142,19,19
4981,74,59,15,15
4982,74,67,7,7
4983,49,55,-6,6
4984,157,142,15,15
4985,123,120,3,3
4986,91,90,1,1
4987,115,105,10,10
4988,85,79,6,6
4989,66,66,0,0
4990,102,85,17,17
4991,98,97,1,1
4992,100,90,10,10
4993,105,115,-10,10
4994,84,89,-5,5
4995,95,88,7,7
4996,108,97,11,11
4997,62,66,-4,4
4998,116,113,3,3
4999,79,78,1,1
5000,73,61,12,12
5001,50,66,-16,16
5002,97,93,4,4
5003,145,126,19,19
5004,152,134,18,18
5005,134,123,11,11
5006,110,98,12,12
5007,114,107,7,7
5008,72,71,1,1
5009,113,95,18,18
5010,58,57,1,1
5011,50,84,-34,34
5012,29,44,-15,15
5013,71,68,3,3
5014,90,98,-8,8
5015,140,131,9,9
5016,123,117,6,6
5017,131,117,14,14
5018,50,57,-7,7
5019,82,79,3,3
5020,77,81,-4,4
5021,98,82,16,16
5022,83,66,17,17
5023,88,75,13,13
5024,122,122,0,0
5025,87,85,2,2
5026,107,101,6,6
5027,75,81,-6,6
5028,89,89,0,0
5029,124,129,-5,5
5030,105,96,9,9
5031,62,66,-4,4
5032,125,118,7,7
5033,94,99,-5,5
5034,91,89,2,2
5035,74,79,-5,5
5036,82,94,-12,12
5037,60,58,2,2
5038,69,64,5,5
5039,132,127,5,5
5040,76,72,4,4
5041,169,160,9,9
5042,101,95,6,6
5043,167,157,10,10
5044,79,80,-1,1
5045,78,89,-11,11
5046,61,71,-10,10
5047,137,117,20,20
5048,116,98,18,18
5049,77,81,-4,4
5050,76,82,-6,6
5051,157,169,-12,12
5052,90,105,-15,15
5053,79,80,-1,1
5054,131,118,13,13
5055,118,109,9,9
5056,110,95,15,15
5057,151,141,10,10
5058,159,162,-3,3
5059,95,90,5,5
5060,78,73,5,5
5061,107,111,-4,4
5062,131,120,11,11
5063,87,83,4,4
5064,42,52,-10,10
5065,66,71,-5,5
5066,101,99,2,2
5067,140,138,2,2
5068,66,62,4,4
5069,43,51,-8,8
5070,100,99,1,1
5071,120,112,8,8
5072,76,69,7,7
5073,121,121,0,0
5074,78,75,3,3
5075,121,121,0,0
5076,51,58,-7,7
5077,101,110,-9,9
5078,136,133,3,3
5079,107,117,-10,10
5080,106,110,-4,4
5081,116,103,13,13
5082,89,75,14,14
5083,65,68,-3,3
5084,154,144,10,10
5085,130,136,-6,6
5086,98,87,11,11
5087,75,80,-5,5
5088,81,73,8,8
5089,82,90,-8,8
5090,86,87,-1,1
5091,93,98,-5,5
5092,73,74,-1,1
5093,76,79,-3,3
5094,166,168,-2,2
5095,98,102,-4,4
5096,120,107,13,13
5097,67,73,-6,6
5098,81,76,5,5
5099,170,170,0,0
5100,40,47,-7,7
5101,101,95,6,6
5102,80,75,5,5
5103,121,105,16,16
5104,58,56,2,2
5105,115,108,7,7
5106,63,66,-3,3
5107,87,82,5,5
5108,148,155,-7,7
5109,102,95,7,7
5110,79,81,-2,2
5111,118,99,19,19
5112,92,85,7,7
5113,110,107,3,3
5114,131,133,-2,2
5115,139,154,-15,15
5116,68,65,3,3
5117,122,122,0,0
5118,140,127,13,13
5119,124,109,15,15
5120,103,98,5,5
5121,59,70,-11,11
5122,80,78,2,2
5123,131,124,7,7
5124,104,95,9,9
5125,155,146,9,9
5126,89,89,0,0
5127,68,72,-4,4
5128,79,80,-1,1
5129,110,106,4,4
5130,54,57,-3,3
5131,121,137,-16,16
5132,101,101,0,0
5133,109,109,0,0
5134,100,93,7,7
5135,132,128,4,4
5136,71,65,6,6
5137,89,89,0,0
5138,92,79,13,13
5139,91,86,5,5
5140,117,103,14,14
5141,100,93,7,7
5142,118,99,19,19
5143,160,127,33,33
5144,121,114,7,7
5145,88,89,-1,1
5146,152,160,-8,8
5147,56,57,-1,1
5148,51,57,-6,6
5149,110,91,19,19
5150,79,76,3,3
5151,68,82,-14,14
5152,52,68,-16,16
5153,129,136,-7,7
5154,81,70,11,11
5155,39,47,-8,8
5156,55,108,-53,53
5157,53,59,-6,6
5158,92,88,4,4
5159,72,75,-3,3
5160,103,95,8,8
5161,141,128,13,13
5162,82,83,-1,1
5163,69,75,-6,6
5164,168,158,10,10
5165,65,70,-5,5
5166,76,82,-6,6
5167,104,97,7,7
5168,89,83,6,6
5169,101,106,-5,5
5170,53,53,0,0
5171,105,98,7,7
5172,90,83,7,7
5173,116,102,14,14
5174,137,128,9,9
5175,126,104,22,22
5176,43,56,-13,13
5177,65,65,0,0
5178,76,74,2,2
5179,104,98,6,6
5180,88,77,11,11
5181,75,69,6,6
5182,82,83,-1,1
5183,40,46,-6,6
5184,77,81,-4,4
5185,66,60,6,6
5186,154,136,18,18
5187,86,78,8,8
5188,112,124,-12,12
5189,93,92,1,1
5190,130,158,-28,28
5191,177,175,2,2
5192,148,135,13,13
5193,80,77,3,3
5194,58,67,-9,9
5195,115,106,9,9
5196,118,110,8,8
5197,66,66,0,0
5198,161,148,13,13
5199,80,83,-3,3
5200,105,96,9,9
5201,56,52,4,4
5202,66,73,-7,7
5203,93,81,12,12
5204,105,90,15,15
5205,96,96,0,0
5206,62,62,0,0
5207,68,72,-4,4
5208,83,83,0,0
5209,110,98,12,12
5210,109,104,5,5
5211,147,136,11,11
5212,68,55,13,13
5213,121,108,13,13
5214,128,141,-13,13
5215,136,118,18,18
5216,110,93,17,17
5217,84,76,8,8
5218,93,94,-1,1
5219,68,64,4,4
5220,88,83,5,5
5221,89,89,0,0
5222,134,133,1,1
5223,128,122,6,6
5224,79,72,7,7
5225,66,76,-10,10
5226,58,60,-2,2
5227,58,73,-15,15
5228,69,69,0,0
5229,56,70,-14,14
5230,85,82,3,3
5231,73,67,6,6
5232,97,93,4,4
5233,100,76,24,24
5234,82,58,24,24
5235,65,66,-1,1
5236,90,82,8,8
5237,66,77,-11,11
5238,58,68,-10,10
5239,62,107,-45,45
5240,50,60,-10,10
5241,84,73,11,11
5242,82,84,-2,2
5243,147,161,-14,14
5244,91,82,9,9
5245,95,93,2,2
5246,121,115,6,6
5247,56,62,-6,6
5248,54,62,-8,8
5249,103,99,4,4
5250,86,66,20,20
5251,85,86,-1,1
5252,97,77,20,20
5253,92,71,21,21
5254,59,67,-8,8
5255,115,107,8,8
5256,116,114,2,2
5257,101,89,12,12
5258,120,100,20,20
5259,164,152,12,12
5260,55,63,-8,8
5261,91,92,-1,1
5262,75,74,1,1
5263,121,120,1,1
5264,57,66,-9,9
5265,38,59,-21,21
5266,92,74,18,18
5267,67,68,-1,1
5268,120,118,2,2
5269,83,80,3,3
5270,138,140,-2,2
5271,169,152,17,17
5272,59,71,-12,12
5273,47,54,-7,7
5274,46,56,-10,10
5275,123,134,-11,11
5276,142,129,13,13
5277,80,86,-6,6
5278,31,57,-26,26
5279,128,123,5,5
5280,112,95,17,17
5281,98,98,0,0
5282,55,58,-3,3
5283,110,88,22,22
5284,91,87,4,4
5285,112,91,21,21
5286,115,111,4,4
5287,73,80,-7,7
5288,106,102,4,4
5289,93,88,5,5
5290,166,180,-14,14
5291,128,135,-7,7
5292,112,100,12,12
5293,89,86,3,3
5294,74,81,-7,7
5295,106,117,-11,11
5296,72,64,8,8
5297,78,74,4,4
5298,92,91,1,1
5299,140,126,14,14
5300,103,102,1,1
5301,102,114,-12,12
5302,63,68,-5,5
5303,169,147,22,22
5304,78,74,4,4
5305,132,133,-1,1
5306,50,53,-3,3
5307,127,111,16,16
5308,138,113,25,25
5309,61,59,2,2
5310,87,83,4,4
5311,109,109,0,0
5312,77,72,5,5
5313,92,103,-11,11
5314,84,82,2,2
5315,140,121,19,19
5316,79,83,-4,4
5317,87,66,21,21
5318,76,75,1,1
5319,54,65,-11,11
5320,77,77,0,0
5321,28,53,-25,25
5322,85,81,4,4
5323,41,51,-10,10
5324,78,78,0,0
5325,117,105,12,12
5326,99,95,4,4
5327,130,123,7,7
5328,58,55,3,3
5329,76,63,13,13
5330,72,73,-1,1
5331,72,77,-5,5
5332,130,111,19,19
5333,85,90,-5,5
5334,74,82,-8,8
5335,117,105,12,12
5336,105,110,-5,5
5337,114,108,6,6
5338,94,62,32,32
5339,127,116,11,11
5340,100,91,9,9
5341,100,99,1,1
5342,114,110,4,4
5343,137,147,-10,10
5344,141,126,15,15
5345,186,179,7,7
5346,49,73,-24,24
5347,71,69,2,2
5348,144,143,1,1
5349,108,85,23,23
5350,102,90,12,12
5351,129,125,4,4
5352,123,124,-1,1
5353,48,63,-15,15
5354,70,64,6,6
5355,81,79,2,2
5356,72,75,-3,3
5357,76,71,5,5
5358,114,120,-6,6
5359,130,124,6,6
5360,113,117,-4,4
5361,57,57,0,0
5362,77,74,3,3
5363,117,113,4,4
5364,79,68,11,11
5365,87,87,0,0
5366,99,92,7,7
5367,211,217,-6,6
5368,92,73,19,19
5369,119,107,12,12
5370,54,68,-14,14
5371,111,97,14,14
5372,67,67,0,0
5373,185,180,5,5
5374,68,69,-1,1
5375,190,175,15,15
5376,124,114,10,10
5377,80,86,-6,6
5378,78,81,-3,3
5379,92,99,-7,7
5380,70,66,4,4
5381,51,60,-9,9
5382,89,94,-5,5
5383,82,88,-6,6
5384,83,78,5,5
5385,204,183,21,21
5386,114,97,17,17
5387,62,63,-1,1
5388,100,90,10,10
5389,143,157,-14,14
5390,89,84,5,5
5391,123,134,-11,11
5392,150,151,-1,1
5393,135,106,29,29
5394,114,125,-11,11
5395,94,103,-9,9
5396,158,149,9,9
5397,58,77,-19,19
5398,94,89,5,5
5399,59,63,-4,4
5400,81,88,-7,7
5401,70,70,0,0
5402,79,81,-2,2
5403,49,58,-9,9
5404,85,87,-2,2
5405,85,81,4,4
5406,55,55,0,0
5407,97,97,0,0
5408,95,91,4,4
5409,129,120,9,9
5410,53,59,-6,6
5411,109,112,-3,3
5412,92,82,10,10
5413,122,94,28,28
5414,102,97,5,5
5415,98,108,-10,10
5416,68,74,-6,6
5417,108,108,0,0
5418,92,90,2,2
5419,95,85,10,10
5420,65,69,-4,4
5421,27,48,-21,21
5422,62,58,4,4
5423,109,101,8,8
5424,72,76,-4,4
5425,58,62,-4,4
5426,121,110,11,11
5427,101,89,12,12
5428,63,64,-1,1
5429,38,47,-9,9
5430,145,136,9,9
5431,103,101,2,2
5432,215,268,-53,53
5433,122,113,9,9
5434,90,87,3,3
5435,67,64,3,3
5436,98,94,4,4
5437,106,117,-11,11
5438,119,120,-1,1
5439,93,92,1,1
5440,48,58,-10,10
5441,87,91,-4,4
5442,108,107,1,1
5443,72,67,5,5
5444,124,123,1,1
5445,114,106,8,8
5446,43,48,-5,5
5447,109,108,1,1
5448,99,100,-1,1
5449,116,105,11,11
5450,72,82,-10,10
5451,122,132,-10,10
5452,98,98,0,0
5453,144,149,-5,5
5454,78,76,2,2
5455,70,70,0,0
5456,114,101,13,13
5457,137,129,8,8
5458,113,98,15,15
5459,115,102,13,13
5460,85,82,3,3
5461,63,68,-5,5
5462,114,111,3,3
5463,88,82,6,6
5464,125,110,15,15
5465,116,114,2,2
5466,150,120,30,30
5467,78,66,12,12
5468,75,68,7,7
5469,81,86,-5,5
5470,116,126,-10,10
5471,64,64,0,0
5472,93,92,1,1
5473,96,81,15,15
5474,147,163,-16,16
5475,77,67,10,10
5476,139,131,8,8
5477,64,54,10,10
5478,82,73,9,9
5479,70,70,0,0
5480,142,136,6,6
5481,99,89,10,10
5482,64,73,-9,9
5483,80,82,-2,2
5484,69,61,8,8
5485,64,63,1,1
5486,99,94,5,5
5487,120,117,3,3
5488,80,76,4,4
5489,145,148,-3,3
5490,161,146,15,15
5491,86,93,-7,7
5492,123,119,4,4
5493,91,85,6,6
5494,147,134,13,13
5495,92,87,5,5
5496,79,79,0,0
5497,144,133,11,11
5498,72,77,-5,5
5499,91,93,-2,2
5500,162,161,1,1
5501,76,82,-6,6
5502,82,85,-3,3
5503,63,69,-6,6
5504,71,71,0,0
5505,74,73,1,1
5506,152,151,1,1
5507,102,103,-1,1
5508,70,71,-1,1
5509,46,49,-3,3
5510,85,93,-8,8
5511,81,76,5,5
5512,85,87,-2,2
5513,108,92,16,16
5514,124,117,7,7
5515,81,75,6,6
5516,97,127,-30,30
5517,137,138,-1,1
5518,125,112,13,13
5519,90,94,-4,4
5520,83,67,16,16
5521,89,83,6,6
5522,124,112,12,12
5523,101,86,15,15
5524,103,99,4,4
5525,61,72,-11,11
5526,85,79,6,6
5527,102,95,7,7
5528,83,93,-10,10
5529,91,89,2,2
5530,131,98,33,33
5531,150,135,15,15
5532,107,101,6,6
5533,115,114,1,1
5534,126,125,1,1
5535,129,122,7,7
5536,95,89,6,6
5537,143,115,28,28
5538,115,112,3,3
5539,85,81,4,4
5540,164,160,4,4
5541,95,94,1,1
5542,137,136,1,1
5543,121,108,13,13
5544,83,78,5,5
5545,115,122,-7,7
5546,154,154,0,0
5547,115,110,5,5
5548,88,78,10,10
5549,116,121,-5,5
5550,119,109,10,10
5551,30,49,-19,19
5552,100,85,15,15
5553,132,140,-8,8
5554,186,182,4,4
5555,82,81,1,1
5556,176,141,35,35
5557,107,98,9,9
5558,89,75,14,14
5559,94,94,0,0
5560,51,57,-6,6
5561,138,145,-7,7
5562,78,78,0,0
5563,59,65,-6,6
5564,58,61,-3,3
5565,67,65,2,2
5566,79,73,6,6
5567,54,53,1,1
5568,62,64,-2,2
5569,83,83,0,0
5570,75,75,0,0
5571,115,109,6,6
5572,114,108,6,6
5573,126,111,15,15
5574,88,95,-7,7
5575,69,67,2,2
5576,38,60,-22,22
5577,71,74,-3,3
5578,66,61,5,5
5579,62,55,7,7
5580,75,73,2,2
5581,59,63,-4,4
5582,97,99,-2,2
5583,81,89,-8,8
5584,69,73,-4,4
5585,81,72,9,9
5586,101,105,-4,4
5587,97,85,12,12
5588,60,73,-13,13
5589,119,106,13,13
5590,113,136,-23,23
5591,130,116,14,14
5592,61,63,-2,2
5593,166,162,4,4
5594,51,58,-7,7
5595,140,133,7,7
5596,109,114,-5,5
5597,115,116,-1,1
5598,112,103,9,9
5599,89,91,-2,2
5600,65,69,-4,4
5601,97,101,-4,4
5602,81,77,4,4
5603,59,66,-7,7
5604,52,58,-6,6
5605,74,80,-6,6
5606,76,66,10,10
5607,111,71,40,40
5608,112,114,-2,2
5609,66,70,-4,4
5610,96,84,12,12
5611,61,70,-9,9
5612,162,155,7,7
5613,120,109,11,11
5614,68,73,-5,5
5615,61,73,-12,12
5616,110,104,6,6
5617,114,120,-6,6
5618,41,50,-9,9
5619,63,59,4,4
5620,77,72,5,5
5621,92,81,11,11
5622,80,72,8,8
5623,40,50,-10,10
5624,56,72,-16,16
5625,72,67,5,5
5626,123,112,11,11
5627,77,70,7,7
5628,107,106,1,1
5629,112,104,8,8
5630,72,74,-2,2
5631,99,102,-3,3
5632,118,105,13,13
5633,77,76,1,1
5634,139,131,8,8
5635,84,78,6,6
5636,62,64,-2,2
5637,100,105,-5,5
5638,80,77,3,3
5639,91,93,-2,2
5640,113,106,7,7
5641,45,52,-7,7
5642,71,65,6,6
5643,122,102,20,20
5644,53,61,-8,8
5645,78,92,-14,14
5646,65,50,15,15
5647,40,61,-21,21
5648,136,128,8,8
5649,120,110,10,10
5650,104,116,-12,12
5651,85,75,10,10
5652,89,85,4,4
5653,84,83,1,1
5654,80,86,-6,6
5655,119,118,1,1
5656,105,101,4,4
5657,61,83,-22,22
5658,53,66,-13,13
5659,69,79,-10,10
5660,83,75,8,8
5661,122,103,19,19
5662,88,84,4,4
5663,88,78,10,10
5664,104,112,-8,8
5665,94,84,10,10
5666,133,127,6,6
5667,53,78,-25,25
5668,73,74,-1,1
5669,92,100,-8,8
5670,92,85,7,7
5671,91,90,1,1
5672,82,82,0,0
5673,87,86,1,1
5674,135,127,8,8
5675,126,125,1,1
5676,94,89,5,5
5677,55,57,-2,2
5678,104,94,10,10
5679,127,124,3,3
5680,135,137,-2,2
5681,145,129,16,16
5682,99,96,3,3
5683,96,97,-1,1
5684,103,87,16,16
5685,32,45,-13,13
5686,74,64,10,10
5687,109,94,15,15
5688,59,60,-1,1
5689,101,93,8,8
5690,69,68,1,1
5691,71,73,-2,2
5692,101,93,8,8
5693,129,132,-3,3
5694,114,109,5,5
5695,73,67,6,6
5696,179,163,16,16
5697,81,77,4,4
5698,127,118,9,9
5699,129,123,6,6
5700,57,61,-4,4
5701,50,60,-10,10
5702,80,67,13,13
5703,116,110,6,6
5704,93,86,7,7
5705,164,134,30,30
5706,43,50,-7,7
5707,96,103,-7,7
5708,88,76,12,12
5709,66,77,-11,11
5710,97,94,3,3
5711,86,83,3,3
5712,83,89,-6,6
5713,87,88,-1,1
5714,61,58,3,3
5715,81,81,0,0
5716,164,151,13,13
5717,138,138,0,0
5718,115,112,3,3
5719,86,91,-5,5
5720,118,147,-29,29
5721,67,59,8,8
5722,87,89,-2,2
5723,74,73,1,1
5724,51,58,-7,7
5725,67,68,-1,1
5726,84,83,1,1
5727,94,102,-8,8
5728,69,67,2,2
5729,115,116,-1,1
5730,48,51,-3,3
5731,77,71,6,6
5732,81,75,6,6
5733,110,111,-1,1
5734,74,85,-11,11
5735,54,62,-8,8
5736,84,84,0,0
5737,70,68,2,2
5738,64,71,-7,7
5739,80,80,0,0
5740,78,70,8,8
5741,83,85,-2,2
5742,81,79,2,2
5743,34,55,-21,21
5744,149,164,-15,15
5745,50,65,-15,15
5746,57,52,5,5
5747,75,68,7,7
5748,139,124,15,15
5749,48,54,-6,6
5750,61,65,-4,4
5751,96,88,8,8
5752,64,61,3,3
5753,90,97,-7,7
5754,81,85,-4,4
5755,119,131,-12,12
5756,129,122,7,7
5757,111,112,-1,1
5758,79,75,4,4
5759,107,96,11,11
5760,77,86,-9,9
5761,67,62,5,5
5762,103,105,-2,2
5763,60,61,-1,1
5764,115,112,3,3
5765,62,60,2,2
5766,71,70,1,1
5767,67,79,-12,12
5768,46,52,-6,6
5769,52,56,-4,4
5770,55,58,-3,3
5771,95,80,15,15
5772,119,100,19,19
5773,156,171,-15,15
5774,89,80,9,9
5775,130,111,19,19
5776,149,136,13,13
5777,53,65,-12,12
5778,103,95,8,8
5779,181,163,18,18
5780,88,92,-4,4
5781,91,90,1,1
5782,79,73,6,6
5783,64,77,-13,13
5784,85,91,-6,6
5785,45,56,-11,11
5786,72,75,-3,3
5787,118,111,7,7
5788,54,50,4,4
5789,98,101,-3,3
5790,79,86,-7,7
5791,63,65,-2,2
5792,27,78,-51,51
5793,142,128,14,14
5794,67,68,-1,1
5795,146,144,2,2
5796,80,80,0,0
5797,68,77,-9,9
5798,92,93,-1,1
5799,48,53,-5,5
5800,117,87,30,30
5801,98,92,6,6
5802,73,73,0,0
5803,84,78,6,6
5804,95,90,5,5
5805,120,115,5,5
5806,151,158,-7,7
5807,50,56,-6,6
5808,93,88,5,5
5809,150,140,10,10
5810,65,80,-15,15
5811,76,81,-5,5
5812,69,72,-3,3
5813,91,85,6,6
5814,81,87,-6,6
5815,92,84,8,8
5816,127,137,-10,10
5817,100,99,1,1
5818,98,91,7,7
5819,109,104,5,5
5820,69,64,5,5
5821,94,92,2,2
5822,156,144,12,12
5823,82,86,-4,4
5824,62,69,-7,7
5825,56,67,-11,11
5826,44,56,-12,12
5827,134,103,31,31
5828,75,70,5,5
5829,88,85,3,3
5830,63,68,-5,5
5831,106,104,2,2
5832,121,106,15,15
5833,94,93,1,1
5834,89,95,-6,6
5835,45,54,-9,9
5836,76,77,-1,1
5837,85,85,0,0
5838,129,128,1,1
5839,113,106,7,7
5840,127,123,4,4
5841,129,152,-23,23
5842,92,84,8,8
5843,60,54,6,6
5844,91,74,17,17
5845,90,86,4,4
5846,143,145,-2,2
5847,79,78,1,1
5848,118,168,-50,50
5849,65,62,3,3
5850,88,69,19,19
5851,102,100,2,2
5852,67,62,5,5
5853,104,100,4,4
5854,164,163,1,1
5855,145,132,13,13
5856,51,58,-7,7
5857,35,62,-27,27
5858,125,122,3,3
5859,78,76,2,2
5860,110,107,3,3
5861,133,138,-5,5
5862,92,89,3,3
5863,89,83,6,6
5864,66,68,-2,2
5865,96,93,3,3
5866,74,77,-3,3
5867,21,55,-34,34
5868,52,63,-11,11
5869,49,57,-8,8
5870,133,145,-12,12
5871,56,50,6,6
5872,48,57,-9,9
5873,53,66,-13,13
5874,86,88,-2,2
5875,81,92,-11,11
5876,139,147,-8,8
5877,111,128,-17,17
5878,118,124,-6,6
5879,61,64,-3,3
5880,88,90,-2,2
5881,58,54,4,4
5882,91,87,4,4
5883,110,109,1,1
5884,118,74,44,44
5885,109,101,8,8
5886,52,60,-8,8
5887,69,72,-3,3
5888,144,129,15,15
5889,87,89,-2,2
5890,153,126,27,27
5891,49,49,0,0
5892,106,109,-3,3
5893,85,77,8,8
5894,95,92,3,3
5895,99,98,1,1
5896,154,154,0,0
5897,64,71,-7,7
5898,74,67,7,7
5899,94,89,5,5
5900,83,56,27,27
5901,66,61,5,5
5902,48,55,-7,7
5903,87,93,-6,6
5904,28,57,-29,29
5905,63,61,2,2
5906,117,104,13,13
5907,169,157,12,12
5908,54,57,-3,3
5909,118,115,3,3
5910,77,75,2,2
5911,87,85,2,2
5912,259,249,10,10
5913,116,114,2,2
5914,141,133,8,8
5915,63,63,0,0
5916,194,175,19,19
5917,58,81,-23,23
5918,117,112,5,5
5919,101,94,7,7
5920,128,125,3,3
5921,99,88,11,11
5922,122,104,18,18
5923,146,132,14,14
5924,117,99,18,18
5925,85,82,3,3
5926,156,146,10,10
5927,85,87,-2,2
5928,149,143,6,6
5929,62,63,-1,1
5930,133,132,1,1
5931,76,70,6,6
5932,67,68,-1,1
5933,125,148,-23,23
5934,73,71,2,2
5935,106,83,23,23
5936,98,100,-2,2
5937,113,116,-3,3
5938,151,140,11,11
5939,91,79,12,12
5940,115,121,-6,6
5941,99,95,4,4
5942,51,63,-12,12
5943,102,106,-4,4
5944,123,105,18,18
5945,71,72,-1,1
5946,116,117,-1,1
5947,118,111,7,7
5948,151,156,-5,5
5949,93,88,5,5
5950,77,80,-3,3
5951,52,52,0,0
5952,88,83,5,5
5953,56,60,-4,4
5954,152,168,-16,16
5955,129,132,-3,3
5956,75,84,-9,9
5957,98,89,9,9
5958,149,160,-11,11
5959,73,69,4,4
5960,96,106,-10,10
5961,145,144,1,1
5962,88,86,2,2
5963,159,153,6,6
5964,178,175,3,3
5965,81,90,-9,9
5966,142,134,8,8
5967,97,97,0,0
5968,145,138,7,7
5969,91,85,6,6
5970,85,72,13,13
5971,87,69,18,18
5972,90,73,17,17
5973,68,69,-1,1
5974,94,72,22,22
5975,101,93,8,8
5976,92,88,4,4
5977,71,70,1,1
5978,113,116,-3,3
5979,102,99,3,3
5980,114,116,-2,2
5981,97,97,0,0
5982,47,54,-7,7
5983,60,68,-8,8
5984,135,135,0,0
5985,58,63,-5,5
5986,206,169,37,37
5987,68,70,-2,2
5988,42,50,-8,8
5989,73,57,16,16
5990,83,79,4,4
5991,72,56,16,16
5992,111,67,44,44
5993,58,62,-4,4
5994,130,141,-11,11
5995,111,111,0,0
5996,140,156,-16,16
5997,95,101,-6,6
5998,96,84,12,12
5999,91,87,4,4
6000,79,80,-1,1
6001,74,71,3,3
6002,169,157,12,12
6003,117,112,5,5
6004,78,64,14,14
6005,115,118,-3,3
6006,44,54,-10,10
6007,103,111,-8,8
6008,78,82,-4,4
6009,49,56,-7,7
6010,126,131,-5,5
6011,93,71,22,22
6012,140,137,3,3
6013,85,97,-12,12
6014,116,125,-9,9
6015,83,73,10,10
6016,96,98,-2,2
6017,143,130,13,13
6018,74,78,-4,4
6019,92,87,5,5
6020,63,58,5,5
6021,49,67,-18,18
6022,144,138,6,6
6023,54,56,-2,2
6024,116,170,-54,54
6025,66,80,-14,14
6026,56,63,-7,7
6027,56,80,-24,24
6028,107,114,-7,7
6029,140,130,10,10
6030,92,105,-13,13
6031,76,84,-8,8
6032,90,93,-3,3
6033,138,140,-2,2
6034,71,65,6,6
6035,89,97,-8,8
6036,66,61,5,5
6037,60,59,1,1
6038,116,119,-3,3
6039,179,184,-5,5
6040,90,96,-6,6
6041,116,115,1,1
6042,89,81,8,8
6043,95,87,8,8
6044,85,71,14,14
6045,53,54,-1,1
6046,166,167,-1,1
6047,43,58,-15,15
6048,119,127,-8,8
6049,105,117,-12,12
6050,121,112,9,9
6051,73,73,0,0
6052,67,73,-6,6
6053,119,118,1,1
6054,106,106,0,0
6055,72,73,-1,1
6056,75,70,5,5
6057,70,70,0,0
6058,143,127,16,16
6059,83,76,7,7
6060,83,82,1,1
6061,46,66,-20,20
6062,47,53,-6,6
6063,119,107,12,12
6064,108,95,13,13
6065,43,54,-11,11
6066,64,62,2,2
6067,83,88,-5,5
6068,141,137,4,4
6069,107,105,2,2
6070,35,59,-24,24
6071,119,116,3,3
6072,88,80,8,8
6073,77,84,-7,7
6074,75,67,8,8
6075,140,139,1,1
6076,66,67,-1,1
6077,121,120,1,1
6078,47,58,-11,11
6079,68,65,3,3
6080,112,106,6,6
6081,178,153,25,25
6082,87,90,-3,3
6083,164,157,7,7
6084,79,82,-3,3
6085,71,67,4,4
6086,111,126,-15,15
6087,78,78,0,0
6088,160,171,-11,11
6089,98,93,5,5
6090,115,148,-33,33
6091,95,104,-9,9
6092,65,67,-2,2
6093,159,169,-10,10
6094,85,84,1,1
6095,69,69,0,0
6096,116,115,1,1
6097,55,60,-5,5
6098,96,101,-5,5
6099,94,93,1,1
6100,72,75,-3,3
6101,94,92,2,2
6102,124,135,-11,11
6103,62,61,1,1
6104,79,72,7,7
6105,146,141,5,5
6106,42,54,-12,12
6107,85,81,4,4
6108,100,90,10,10
6109,131,110,21,21
6110,72,75,-3,3
6111,49,63,-14,14
6112,116,109,7,7
6113,102,94,8,8
6114,135,138,-3,3
6115,138,128,10,10
6116,40,54,-14,14
6117,104,97,7,7
6118,99,89,10,10
6119,50,51,-1,1
6120,108,97,11,11
6121,106,104,2,2
6122,93,87,6,6
6123,155,148,7,7
6124,127,125,2,2
6125,78,74,4,4
6126,87,85,2,2
6127,73,80,-7,7
6128,92,94,-2,2
6129,86,82,4,4
6130,117,115,2,2
6131,65,60,5,5
6132,44,55,-11,11
6133,142,137,5,5
6134,83,89,-6,6
6135,104,96,8,8
6136,119,104,15,15
6137,112,104,8,8
6138,96,93,3,3
6139,58,62,-4,4
6140,44,61,-17,17
6141,107,112,-5,5
6142,115,113,2,2
6143,87,86,1,1
6144,102,97,5,5
6145,89,85,4,4
6146,119,109,10,10
6147,101,99,2,2
6148,55,58,-3,3
6149,92,90,2,2
6150,108,88,20,20
6151,57,69,-12,12
6152,119,114,5,5
6153,133,124,9,9
6154,80,79,1,1
6155,66,73,-7,7
6156,114,98,16,16
6157,111,117,-6,6
6158,140,137,3,3
6159,108,81,27,27
6160,89,99,-10,10
6161,88,73,15,15
6162,76,73,3,3
6163,80,85,-5,5
6164,98,91,7,7
6165,73,77,-4,4
6166,136,123,13,13
6167,50,54,-4,4
6168,88,97,-9,9
6169,69,71,-2,2
6170,151,146,5,5
6171,66,58,8,8
6172,73,76,-3,3
6173,65,58,7,7
6174,72,66,6,6
6175,52,62,-10,10
6176,108,85,23,23
6177,86,74,12,12
6178,34,65,-31,31
6179,183,186,-3,3
6180,54,50,4,4
6181,122,126,-4,4
6182,64,69,-5,5
6183,75,75,0,0
6184,105,90,15,15
6185,65,68,-3,3
6186,84,88,-4,4
6187,101,93,8,8
6188,117,107,10,10
6189,148,147,1,1
6190,66,71,-5,5
6191,106,108,-2,2
6192,147,131,16,16
6193,108,110,-2,2
6194,133,114,19,19
6195,42,57,-15,15
6196,67,72,-5,5
6197,117,109,8,8
6198,127,132,-5,5
6199,84,83,1,1
6200,72,69,3,3
6201,77,75,2,2
6202,83,84,-1,1
6203,77,92,-15,15
6204,133,132,1,1
6205,61,69,-8,8
6206,75,74,1,1
6207,81,68,13,13
6208,95,86,9,9
6209,115,107,8,8
6210,106,96,10,10
6211,85,70,15,15
6212,89,90,-1,1
6213,103,103,0,0
6214,78,74,4,4
6215,83,75,8,8
6216,128,109,19,19
6217,64,71,-7,7
6218,87,85,2,2
6219,108,91,17,17
6220,108,105,3,3
6221,77,74,3,3
6222,65,75,-10,10
6223,56,62,-6,6
6224,69,69,0,0
6225,83,73,10,10
6226,93,94,-1,1
6227,85,79,6,6
6228,177,175,2,2
6229,52,56,-4,4
6230,35,55,-20,20
6231,128,107,21,21
6232,98,91,7,7
6233,83,69,14,14
6234,67,69,-2,2
6235,102,99,3,3
6236,115,111,4,4
6237,103,102,1,1
6238,99,96,3,3
6239,100,91,9,9
6240,148,126,22,22
6241,67,68,-1,1
6242,131,140,-9,9
6243,76,76,0,0
6244,91,87,4,4
6245,110,84,26,26
6246,133,132,1,1
6247,77,70,7,7
6248,151,153,-2,2
6249,130,141,-11,11
6250,80,92,-12,12
6251,86,78,8,8
6252,117,121,-4,4
6253,72,71,1,1
6254,104,96,8,8
6255,108,101,7,7
6256,103,99,4,4
6257,57,66,-9,9
6258,30,58,-28,28
6259,70,75,-5,5
6260,93,101,-8,8
6261,75,72,3,3
6262,46,49,-3,3
6263,169,135,34,34
6264,88,83,5,5
6265,71,76,-5,5
6266,97,94,3,3
6267,133,115,18,18
6268,77,72,5,5
6269,93,92,1,1
6270,52,61,-9,9
6271,124,128,-4,4
6272,60,83,-23,23
6273,53,57,-4,4
6274,98,90,8,8
6275,105,86,19,19
6276,92,83,9,9
6277,106,96,10,10
6278,55,67,-12,12
6279,94,94,0,0
6280,94,87,7,7
6281,67,77,-10,10
6282,109,91,18,18
6283,61,66,-5,5
6284,49,53,-4,4
6285,99,90,9,9
6286,109,96,13,13
6287,73,67,6,6
6288,107,98,9,9
6289,82,74,8,8
6290,122,108,14,14
6291,50,59,-9,9
6292,102,86,16,16
6293,99,96,3,3
6294,40,51,-11,11
6295,61,62,-1,1
6296,94,90,4,4
6297,55,56,-1,1
6298,66,66,0,0
6299,58,63,-5,5
6300,139,151,-12,12
6301,104,87,17,17
6302,74,69,5,5
6303,77,75,2,2
6304,77,66,11,11
6305,91,93,-2,2
6306,74,76,-2,2
6307,63,61,2,2
6308,56,58,-2,2
6309,103,111,-8,8
6310,83,75,8,8
6311,69,74,-5,5
6312,165,147,18,18
6313,109,106,3,3
6314,93,85,8,8
6315,123,118,5,5
6316,142,143,-1,1
6317,71,56,15,15
6318,102,101,1,1
6319,81,83,-2,2
6320,178,163,15,15
6321,75,68,7,7
6322,68,60,8,8
6323,135,123,12,12
6324,103,102,1,1
6325,108,102,6,6
6326,62,76,-14,14
6327,95,98,-3,3
6328,114,113,1,1
6329,120,119,1,1
6330,124,125,-1,1
6331,90,90,0,0
6332,29,53,-24,24
6333,69,68,1,1
6334,61,67,-6,6
6335,85,77,8,8
6336,83,83,0,0
6337,122,112,10,10
6338,148,144,4,4
6339,108,89,19,19
6340,96,97,-1,1
6341,75,79,-4,4
6342,101,108,-7,7
6343,81,79,2,2
6344,98,102,-4,4
6345,95,89,6,6
6346,100,87,13,13
6347,96,91,5,5
6348,161,181,-20,20
6349,84,84,0,0
6350,55,55,0,0
6351,59,61,-2,2
6352,124,121,3,3
6353,137,132,5,5
6354,118,116,2,2
6355,144,123,21,21
6356,182,167,15,15
6357,126,116,10,10
6358,127,110,17,17
6359,111,106,5,5
6360,92,91,1,1
6361,106,101,5,5
6362,74,80,-6,6
6363,68,82,-14,14
6364,108,113,-5,5
6365,95,84,11,11
6366,103,106,-3,3
6367,81,72,9,9
6368,86,92,-6,6
6369,170,157,13,13
6370,50,58,-8,8
6371,51,52,-1,1
6372,94,87,7,7
6373,146,156,-10,10
6374,74,74,0,0
6375,100,85,15,15
6376,128,103,25,25
6377,74,75,-1,1
6378,108,102,6,6
6379,77,81,-4,4
6380,63,60,3,3
6381,50,51,-1,1
6382,109,101,8,8
6383,52,55,-3,3
6384,68,67,1,1
6385,90,93,-3,3
6386,80,83,-3,3
6387,55,64,-9,9
6388,103,103,0,0
6389,84,89,-5,5
6390,90,75,15,15
6391,66,69,-3,3
6392,167,161,6,6
6393,82,78,4,4
6394,73,66,7,7
6395,86,88,-2,2
6396,71,68,3,3
6397,80,89,-9,9
6398,92,102,-10,10
6399,117,100,17,17
6400,51,78,-27,27
6401,94,73,21,21
6402,84,77,7,7
6403,135,135,0,0
6404,66,69,-3,3
6405,151,145,6,6
6406,92,87,5,5
6407,102,93,9,9
6408,116,104,12,12
6409,50,62,-12,12
6410,88,90,-2,2
6411,119,111,8,8
6412,107,97,10,10
6413,93,96,-3,3
6414,142,137,5,5
6415,52,59,-7,7
6416,115,119,-4,4
6417,52,50,2,2
6418,56,64,-8,8
6419,152,135,17,17
6420,83,68,15,15
6421,62,67,-5,5
6422,64,65,-1,1
6423,119,107,12,12
6424,157,142,15,15
6425,51,63,-12,12
6426,118,110,8,8
6427,58,59,-1,1
6428,94,84,10,10
6429,45,57,-12,12
6430,120,112,8,8
6431,88,79,9,9
6432,84,92,-8,8
6433,131,127,4,4
6434,98,95,3,3
6435,50,50,0,0
6436,88,76,12,12
6437,101,121,-20,20
6438,78,73,5,5
6439,40,62,-22,22
6440,103,110,-7,7
6441,96,81,15,15
6442,83,80,3,3
6443,93,94,-1,1
6444,82,69,13,13
6445,103,96,7,7
6446,41,73,-32,32
6447,39,51,-12,12
6448,60,62,-2,2
6449,137,127,10,10
6450,46,62,-16,16
6451,51,52,-1,1
6452,82,86,-4,4
6453,131,124,7,7
6454,66,69,-3,3
6455,76,77,-1,1
6456,204,189,15,15
6457,106,101,5,5
6458,72,66,6,6
6459,145,150,-5,5
6460,80,82,-2,2
6461,89,93,-4,4
6462,148,150,-2,2
6463,141,123,18,18
6464,59,63,-4,4
6465,51,62,-11,11
6466,88,79,9,9
6467,77,80,-3,3
6468,103,88,15,15
6469,94,78,16,16
6470,92,70,22,22
6471,82,87,-5,5
6472,89,85,4,4
6473,72,65,7,7
6474,135,127,8,8
6475,135,134,1,1
6476,85,79,6,6
6477,63,70,-7,7
6478,173,172,1,1
6479,108,101,7,7
6480,141,114,27,27
6481,85,84,1,1
6482,144,139,5,5
6483,66,64,2,2
6484,86,82,4,4
6485,84,63,21,21
6486,107,106,1,1
6487,60,74,-14,14
6488,62,64,-2,2
6489,174,186,-12,12
6490,68,61,7,7
6491,74,76,-2,2
6492,67,63,4,4
6493,72,64,8,8
6494,117,107,10,10
6495,93,113,-20,20
6496,69,77,-8,8
6497,75,67,8,8
6498,84,70,14,14
6499,101,106,-5,5
6500,78,75,3,3
6501,202,215,-13,13
6502,97,108,-11,11
6503,79,77,2,2
6504,97,102,-5,5
6505,60,65,-5,5
6506,58,69,-11,11
6507,113,111,2,2
6508,63,67,-4,4
6509,79,85,-6,6
6510,94,84,10,10
6511,129,129,0,0
6512,142,133,9,9
6513,96,95,1,1
6514,83,75,8,8
6515,137,124,13,13
6516,99,86,13,13
6517,92,89,3,3
6518,92,103,-11,11
6519,69,67,2,2
6520,126,141,-15,15
6521,148,165,-17,17
6522,90,81,9,9
6523,94,88,6,6
6524,111,104,7,7
6525,86,97,-11,11
6526,49,56,-7,7
6527,124,119,5,5
6528,107,108,-1,1
6529,129,117,12,12
6530,58,61,-3,3
6531,70,59,11,11
6532,70,76,-6,6
6533,91,82,9,9
6534,86,70,16,16
6535,102,98,4,4
6536,83,81,2,2
6537,119,111,8,8
6538,76,86,-10,10
6539,49,52,-3,3
6540,94,82,12,12
6541,124,99,25,25
6542,65,61,4,4
6543,96,106,-10,10
6544,170,179,-9,9
6545,68,68,0,0
6546,28,51,-23,23
6547,135,139,-4,4
6548,151,128,23,23
6549,80,78,2,2
6550,79,85,-6,6
6551,68,73,-5,5
6552,118,103,15,15
6553,73,69,4,4
6554,104,114,-10,10
6555,147,119,28,28
6556,91,87,4,4
6557,147,130,17,17
6558,55,57,-2,2
6559,66,64,2,2
6560,121,110,11,11
6561,70,66,4,4
6562,107,105,2,2
6563,153,149,4,4
6564,124,119,5,5
6565,59,65,-6,6
6566,90,102,-12,12
6567,57,55,2,2
6568,129,110,19,19
6569,98,101,-3,3
6570,152,132,20,20
6571,55,62,-7,7
6572,93,61,32,32
6573,61,59,2,2
6574,135,123,12,12
6575,72,64,8,8
6576,105,110,-5,5
6577,65,87,-22,22
6578,91,85,6,6
6579,117,113,4,4
6580,85,84,1,1
6581,125,114,11,11
6582,57,51,6,6
6583,151,137,14,14
6584,68,63,5,5
6585,104,109,-5,5
6586,53,62,-9,9
6587,88,82,6,6
6588,91,90,1,1
6589,184,162,22,22
6590,99,90,9,9
6591,189,181,8,8
6592,186,179,7,7
6593,125,109,16,16
6594,62,68,-6,6
6595,103,103,0,0
6596,183,185,-2,2
6597,62,65,-3,3
6598,66,72,-6,6
6599,73,64,9,9
6600,114,115,-1,1
6601,123,116,7,7
6602,108,93,15,15
6603,115,105,10,10
6604,124,110,14,14
6605,66,71,-5,5
6606,104,83,21,21
6607,75,75,0,0
6608,108,115,-7,7
6609,81,88,-7,7
6610,82,78,4,4
6611,80,71,9,9
6612,30,51,-21,21
6613,90,94,-4,4
6614,62,58,4,4
6615,86,81,5,5
6616,56,62,-6,6
6617,95,97,-2,2
6618,100,97,3,3
6619,102,100,2,2
6620,102,103,-1,1
6621,59,56,3,3
6622,152,134,18,18
6623,163,173,-10,10
6624,143,133,10,10
6625,162,165,-3,3
6626,84,78,6,6
6627,78,85,-7,7
6628,92,98,-6,6
6629,79,87,-8,8
6630,78,67,11,11
6631,120,101,19,19
6632,99,84,15,15
6633,103,84,19,19
6634,76,85,-9,9
6635,80,79,1,1
6636,66,74,-8,8
6637,128,125,3,3
6638,85,72,13,13
6639,100,99,1,1
6640,46,60,-14,14
6641,125,126,-1,1
6642,111,109,2,2
6643,119,116,3,3
6644,59,57,2,2
6645,55,69,-14,14
6646,158,152,6,6
6647,106,117,-11,11
6648,136,121,15,15
6649,108,95,13,13
6650,124,115,9,9
6651,106,97,9,9
6652,92,79,13,13
6653,118,126,-8,8
6654,108,100,8,8
6655,114,105,9,9
6656,51,63,-12,12
6657,85,80,5,5
6658,61,84,-23,23
6659,74,81,-7,7
6660,67,57,10,10
6661,108,103,5,5
6662,132,131,1,1
6663,78,74,4,4
6664,102,100,2,2
6665,175,160,15,15
6666,140,143,-3,3
6667,93,87,6,6
6668,75,75,0,0
6669,98,95,3,3
6670,98,83,15,15
6671,119,110,9,9
6672,121,148,-27,27
6673,94,90,4,4
6674,117,92,25,25
6675,108,105,3,3
6676,87,103,-16,16
6677,100,89,11,11
6678,88,84,4,4
6679,86,64,22,22
6680,65,65,0,0
6681,81,77,4,4
6682,89,84,5,5
6683,114,108,6,6
6684,108,110,-2,2
6685,95,87,8,8
6686,100,99,1,1
6687,98,97,1,1
6688,88,85,3,3
6689,95,83,12,12
6690,92,85,7,7
6691,161,163,-2,2
6692,57,59,-2,2
6693,89,88,1,1
6694,67,50,17,17
6695,101,98,3,3
6696,102,111,-9,9
6697,84,74,10,10
6698,64,68,-4,4
6699,127,133,-6,6
6700,97,97,0,0
6701,101,96,5,5
6702,65,74,-9,9
6703,89,82,7,7
6704,70,65,5,5
6705,67,63,4,4
6706,169,163,6,6
6707,59,62,-3,3
6708,163,153,10,10
6709,38,54,-16,16
6710,117,114,3,3
6711,53,63,-10,10
6712,52,60,-8,8
6713,120,118,2,2
6714,80,68,12,12
6715,52,59,-7,7
6716,127,146,-19,19
6717,87,104,-17,17
6718,54,56,-2,2
6719,66,60,6,6
6720,98,93,5,5
6721,112,111,1,1
6722,56,63,-7,7
6723,114,119,-5,5
6724,90,92,-2,2
6725,87,88,-1,1
6726,58,58,0,0
6727,118,115,3,3
6728,96,91,5,5
6729,102,110,-8,8
6730,84,92,-8,8
6731,111,96,15,15
6732,62,74,-12,12
6733,73,64,9,9
6734,69,72,-3,3
6735,133,119,14,14
6736,87,86,1,1
6737,64,70,-6,6
6738,85,88,-3,3
6739,103,87,16,16
6740,86,80,6,6
6741,68,59,9,9
6742,145,146,-1,1
6743,74,76,-2,2
6744,91,95,-4,4
6745,102,88,14,14
6746,128,125,3,3
6747,104,102,2,2
6748,110,116,-6,6
6749,56,58,-2,2
6750,83,84,-1,1
6751,109,113,-4,4
6752,77,80,-3,3
6753,164,142,22,22
6754,137,131,6,6
6755,134,121,13,13
6756,172,172,0,0
6757,116,107,9,9
6758,80,75,5,5
6759,50,61,-11,11
6760,168,157,11,11
6761,68,71,-3,3
6762,88,97,-9,9
6763,48,65,-17,17
6764,60,63,-3,3
6765,135,130,5,5
6766,75,79,-4,4
6767,187,192,-5,5
6768,78,67,11,11
6769,117,97,20,20
6770,109,107,2,2
6771,79,72,7,7
6772,80,81,-1,1
6773,72,73,-1,1
6774,105,109,-4,4
6775,130,141,-11,11
6776,108,115,-7,7
6777,39,53,-14,14
6778,94,99,-5,5
6779,76,82,-6,6
6780,84,81,3,3
6781,110,117,-7,7
6782,79,79,0,0
6783,129,102,27,27
6784,66,71,-5,5
6785,73,66,7,7
6786,90,69,21,21
6787,69,67,2,2
6788,76,71,5,5
6789,96,107,-11,11
6790,113,119,-6,6
6791,118,121,-3,3
6792,78,77,1,1
6793,92,80,12,12
6794,96,86,10,10
6795,111,125,-14,14
6796,143,137,6,6
6797,101,102,-1,1
6798,99,99,0,0
6799,110,120,-10,10
6800,105,104,1,1
6801,79,75,4,4
6802,80,85,-5,5
6803,54,60,-6,6
6804,86,76,10,10
6805,66,78,-12,12
6806,96,90,6,6
6807,151,156,-5,5
6808,78,104,-26,26
6809,82,84,-2,2
6810,93,92,1,1
6811,57,70,-13,13
6812,129,112,17,17
6813,89,89,0,0
6814,83,77,6,6
6815,72,87,-15,15
6816,85,89,-4,4
6817,58,59,-1,1
6818,69,64,5,5
6819,69,88,-19,19
6820,55,64,-9,9
6821,114,92,22,22
6822,145,131,14,14
6823,81,77,4,4
6824,41,55,-14,14
6825,88,103,-15,15
6826,108,100,8,8
6827,104,97,7,7
6828,74,71,3,3
6829,111,111,0,0
6830,74,66,8,8
6831,82,76,6,6
6832,129,127,2,2
6833,75,74,1,1
6834,137,133,4,4
6835,135,141,-6,6
6836,93,84,9,9
6837,73,85,-12,12
6838,125,128,-3,3
6839,110,122,-12,12
6840,147,162,-15,15
6841,86,91,-5,5
6842,96,88,8,8
6843,104,94,10,10
6844,110,108,2,2
6845,80,73,7,7
6846,66,73,-7,7
6847,168,160,8,8
6848,123,146,-23,23
6849,138,138,0,0
6850,66,59,7,7
6851,66,62,4,4
6852,143,129,14,14
6853,88,76,12,12
6854,76,85,-9,9
6855,143,145,-2,2
6856,108,95,13,13
6857,74,64,10,10
6858,76,73,3,3
6859,59,69,-10,10
6860,87,81,6,6
6861,113,111,2,2
6862,57,54,3,3
6863,56,65,-9,9
6864,102,93,9,9
6865,74,61,13,13
6866,89,96,-7,7
6867,75,73,2,2
6868,128,125,3,3
6869,106,115,-9,9
6870,92,82,10,10
6871,138,143,-5,5
6872,75,72,3,3
6873,103,96,7,7
6874,120,111,9,9
6875,136,124,12,12
6876,72,68,4,4
6877,128,130,-2,2
6878,128,127,1,1
6879,150,142,8,8
6880,86,81,5,5
6881,85,74,11,11
6882,62,59,3,3
6883,76,65,11,11
6884,123,111,12,12
6885,64,66,-2,2
6886,116,119,-3,3
6887,62,74,-12,12
6888,81,79,2,2
6889,118,108,10,10
6890,117,114,3,3
6891,123,111,12,12
6892,144,117,27,27
6893,109,108,1,1
6894,79,75,4,4
6895,97,99,-2,2
6896,87,61,26,26
6897,55,53,2,2
6898,65,68,-3,3
6899,103,98,5,5
6900,90,72,18,18
6901,87,74,13,13
6902,43,57,-14,14
6903,92,80,12,12
6904,147,150,-3,3
6905,106,94,12,12
6906,68,73,-5,5
6907,71,63,8,8
6908,97,97,0,0
6909,93,97,-4,4
6910,69,76,-7,7
6911,92,96,-4,4
6912,77,83,-6,6
6913,132,123,9,9
6914,87,92,-5,5
6915,118,112,6,6
6916,58,60,-2,2
6917,43,48,-5,5
6918,80,87,-7,7
6919,118,101,17,17
6920,107,118,-11,11
6921,132,130,2,2
6922,86,85,1,1
6923,114,100,14,14
6924,85,77,8,8
6925,66,60,6,6
6926,65,70,-5,5
6927,84,82,2,2
6928,122,131,-9,9
6929,74,88,-14,14
6930,154,147,7,7
6931,93,90,3,3
6932,40,100,-60,60
6933,88,83,5,5
6934,84,82,2,2
6935,67,62,5,5
6936,113,113,0,0
6937,110,105,5,5
6938,217,205,12,12
6939,99,103,-4,4
6940,107,106,1,1
6941,120,116,4,4
6942,116,109,7,7
6943,70,76,-6,6
6944,86,85,1,1
6945,89,83,6,6
6946,75,70,5,5
6947,72,71,1,1
6948,75,76,-1,1
6949,55,67,-12,12
6950,196,197,-1,1
6951,114,104,10,10
6952,142,75,67,67
6953,76,84,-8,8
6954,71,61,10,10
6955,80,81,-1,1
6956,81,72,9,9
6957,106,86,20,20
6958,126,120,6,6
6959,114,113,1,1
6960,90,80,10,10
6961,134,126,8,8
6962,112,111,1,1
6963,86,80,6,6
6964,109,118,-9,9
6965,98,106,-8,8
6966,123,124,-1,1
6967,48,58,-10,10
6968,89,82,7,7
6969,141,147,-6,6
6970,122,124,-2,2
6971,65,59,6,6
6972,163,146,17,17
6973,106,108,-2,2
6974,145,146,-1,1
6975,65,70,-5,5
6976,111,95,16,16
6977,110,105,5,5
6978,40,50,-10,10
6979,77,74,3,3
6980,81,71,10,10
6981,136,124,12,12
6982,124,131,-7,7
6983,107,115,-8,8
6984,83,80,3,3
6985,137,123,14,14
6986,93,94,-1,1
6987,95,106,-11,11
6988,82,92,-10,10
6989,91,97,-6,6
6990,139,125,14,14
6991,49,55,-6,6
6992,36,56,-20,20
6993,76,67,9,9
6994,57,62,-5,5
6995,128,129,-1,1
6996,77,87,-10,10
6997,86,82,4,4
6998,144,134,10,10
6999,72,81,-9,9
7000,48,62,-14,14
7001,86,82,4,4
7002,96,87,9,9
7003,67,72,-5,5
7004,65,66,-1,1
7005,132,125,7,7
7006,128,122,6,6
7007,115,101,14,14
7008,109,108,1,1
7009,63,60,3,3
7010,55,63,-8,8
7011,119,102,17,17
7012,70,73,-3,3
7013,125,116,9,9
7014,146,136,10,10
7015,84,73,11,11
7016,120,118,2,2
7017,83,87,-4,4
7018,68,66,2,2
7019,106,90,16,16
7020,147,123,24,24
7021,81,78,3,3
7022,87,89,-2,2
7023,86,81,5,5
7024,67,73,-6,6
7025,100,87,13,13
7026,81,83,-2,2
7027,70,72,-2,2
7028,94,82,12,12
7029,123,111,12,12
7030,121,104,17,17
7031,71,70,1,1
7032,73,73,0,0
7033,79,74,5,5
7034,98,100,-2,2
7035,147,114,33,33
7036,86,87,-1,1
7037,83,76,7,7
7038,117,110,7,7
7039,93,93,0,0
7040,44,62,-18,18
7041,68,73,-5,5
7042,74,71,3,3
7043,76,87,-11,11
7044,96,82,14,14
7045,80,68,12,12
7046,73,72,1,1
7047,93,85,8,8
7048,48,57,-9,9
7049,85,86,-1,1
7050,140,143,-3,3
7051,81,82,-1,1
7052,57,63,-6,6
7053,93,85,8,8
7054,119,119,0,0
7055,129,142,-13,13
7056,88,74,14,14
7057,101,107,-6,6
7058,91,86,5,5
7059,59,60,-1,1
7060,109,112,-3,3
7061,89,76,13,13
7062,101,100,1,1
7063,116,110,6,6
7064,86,90,-4,4
7065,113,113,0,0
7066,101,92,9,9
7067,110,108,2,2
7068,115,146,-31,31
7069,137,146,-9,9
7070,64,67,-3,3
7071,133,124,9,9
7072,80,84,-4,4
7073,61,61,0,0
7074,116,115,1,1
7075,154,147,7,7
7076,69,70,-1,1
7077,123,133,-10,10
7078,63,63,0,0
7079,99,120,-21,21
7080,52,56,-4,4
7081,86,73,13,13
7082,79,81,-2,2
7083,97,101,-4,4
7084,68,73,-5,5
7085,79,75,4,4
7086,82,71,11,11
7087,66,65,1,1
7088,28,50,-22,22
7089,54,62,-8,8
7090,76,71,5,5
7091,74,83,-9,9
7092,97,99,-2,2
7093,82,84,-2,2
7094,103,105,-2,2
7095,61,62,-1,1
7096,69,67,2,2
7097,60,67,-7,7
7098,61,74,-13,13
7099,100,104,-4,4
7100,100,101,-1,1
7101,129,124,5,5
7102,184,175,9,9
7103,119,114,5,5
7104,91,82,9,9
7105,99,97,2,2
7106,100,90,10,10
7107,58,67,-9,9
7108,70,64,6,6
7109,76,74,2,2
7110,77,72,5,5
7111,70,76,-6,6
7112,116,109,7,7
7113,149,140,9,9
7114,124,120,4,4
7115,139,117,22,22
7116,142,160,-18,18
7117,77,81,-4,4
7118,96,79,17,17
7119,215,202,13,13
7120,70,75,-5,5
7121,118,120,-2,2
7122,89,84,5,5
7123,106,102,4,4
7124,117,115,2,2
7125,60,63,-3,3
7126,67,69,-2,2
7127,149,151,-2,2
7128,364,496,-132,132
7129,110,105,5,5
7130,106,88,18,18
7131,161,166,-5,5
7132,119,137,-18,18
7133,113,146,-33,33
7134,100,105,-5,5
7135,51,65,-14,14
7136,121,115,6,6
7137,108,111,-3,3
7138,107,108,-1,1
7139,62,60,2,2
7140,84,86,-2,2
7141,93,80,13,13
7142,143,142,1,1
7143,136,127,9,9
7144,53,62,-9,9
7145,97,99,-2,2
7146,139,137,2,2
7147,126,121,5,5
7148,46,56,-10,10
7149,172,168,4,4
7150,101,98,3,3
7151,89,88,1,1
7152,118,104,14,14
7153,71,79,-8,8
7154,120,127,-7,7
7155,77,74,3,3
7156,145,132,13,13
7157,45,64,-19,19
7158,80,75,5,5
7159,58,53,5,5
7160,117,113,4,4
7161,91,88,3,3
7162,192,194,-2,2
7163,68,66,2,2
7164,71,62,9,9
7165,82,82,0,0
7166,84,81,3,3
7167,70,73,-3,3
7168,47,60,-13,13
7169,95,84,11,11
7170,59,63,-4,4
7171,154,135,19,19
7172,131,118,13,13
7173,98,100,-2,2
7174,38,50,-12,12
7175,86,88,-2,2
7176,55,64,-9,9
7177,40,58,-18,18
7178,119,120,-1,1
7179,247,215,32,32
7180,96,93,3,3
7181,69,76,-7,7
7182,87,83,4,4
7183,93,101,-8,8
7184,84,75,9,9
7185,127,133,-6,6
7186,106,96,10,10
7187,62,68,-6,6
7188,84,86,-2,2
7189,48,63,-15,15
7190,116,126,-10,10
7191,83,76,7,7
7192,123,130,-7,7
7193,97,81,16,16
7194,119,90,29,29
7195,113,114,-1,1
7196,70,72,-2,2
7197,123,119,4,4
7198,86,80,6,6
7199,49,61,-12,12
7200,113,111,2,2
7201,100,95,5,5
7202,131,124,7,7
7203,93,94,-1,1
7204,92,76,16,16
7205,73,62,11,11
7206,61,68,-7,7
7207,72,70,2,2
7208,91,86,5,5
7209,86,82,4,4
7210,82,71,11,11
7211,179,185,-6,6
7212,121,97,24,24
7213,58,56,2,2
7214,83,79,4,4
7215,100,78,22,22
7216,84,80,4,4
7217,76,64,12,12
7218,83,69,14,14
7219,81,81,0,0
7220,119,106,13,13
7221,160,159,1,1
7222,97,99,-2,2
7223,143,168,-25,25
7224,49,55,-6,6
7225,188,164,24,24
7226,79,84,-5,5
7227,62,71,-9,9
7228,71,62,9,9
7229,114,115,-1,1
7230,167,177,-10,10
7231,100,92,8,8
7232,90,77,13,13
7233,106,105,1,1
7234,129,128,1,1
7235,81,82,-1,1
7236,52,61,-9,9
7237,86,82,4,4
7238,92,106,-14,14
7239,59,60,-1,1
7240,98,102,-4,4
7241,94,92,2,2
7242,173,164,9,9
7243,82,92,-10,10
7244,121,119,2,2
7245,84,84,0,0
7246,44,52,-8,8
7247,88,87,1,1
7248,91,78,13,13
7249,97,89,8,8
7250,46,48,-2,2
7251,114,108,6,6
7252,108,96,12,12
7253,66,65,1,1
7254,71,74,-3,3
7255,76,79,-3,3
7256,159,150,9,9
7257,39,70,-31,31
7258,47,61,-14,14
7259,142,120,22,22
7260,124,130,-6,6
7261,109,112,-3,3
7262,110,110,0,0
7263,59,59,0,0
7264,107,92,15,15
7265,59,49,10,10
7266,93,101,-8,8
7267,96,96,0,0
7268,40,41,-1,1
7269,124,124,0,0
7270,90,74,16,16
7271,52,62,-10,10
7272,95,83,12,12
7273,81,69,12,12
7274,171,147,24,24
7275,78,63,15,15
7276,97,89,8,8
7277,82,83,-1,1
7278,93,78,15,15
7279,106,104,2,2
7280,129,112,17,17
7281,110,119,-9,9
7282,28,50,-22,22
7283,152,167,-15,15
7284,113,106,7,7
7285,62,72,-10,10
7286,51,52,-1,1
7287,167,169,-2,2
7288,60,56,4,4
7289,176,176,0,0
7290,139,144,-5,5
7291,193,201,-8,8
7292,78,87,-9,9
7293,76,66,10,10
7294,80,81,-1,1
7295,86,97,-11,11
7296,102,83,19,19
7297,51,59,-8,8
7298,32,45,-13,13
7299,133,115,18,18
7300,160,151,9,9
7301,75,61,14,14
7302,84,77,7,7
7303,85,77,8,8
7304,89,91,-2,2
7305,69,71,-2,2
7306,113,104,9,9
7307,69,68,1,1
7308,76,73,3,3
7309,56,76,-20,20
7310,86,79,7,7
7311,92,99,-7,7
7312,54,65,-11,11
7313,100,81,19,19
7314,37,40,-3,3
7315,140,137,3,3
7316,57,74,-17,17
7317,83,80,3,3
7318,75,66,9,9
7319,59,62,-3,3
7320,99,118,-19,19
7321,108,97,11,11
7322,93,99,-6,6
7323,78,79,-1,1
7324,166,173,-7,7
7325,81,82,-1,1
7326,80,76,4,4
7327,166,136,30,30
7328,56,65,-9,9
7329,108,102,6,6
7330,88,86,2,2
7331,124,124,0,0
7332,71,72,-1,1
7333,111,103,8,8
7334,77,86,-9,9
7335,84,82,2,2
7336,85,78,7,7
7337,103,89,14,14
7338,67,74,-7,7
7339,128,118,10,10
7340,54,56,-2,2
7341,98,87,11,11
7342,115,120,-5,5
7343,80,89,-9,9
7344,66,66,0,0
7345,84,78,6,6
7346,179,175,4,4
7347,70,68,2,2
7348,93,90,3,3
7349,139,155,-16,16
7350,136,126,10,10
7351,173,179,-6,6
7352,112,104,8,8
7353,76,89,-13,13
7354,112,108,4,4
7355,118,120,-2,2
7356,109,91,18,18
7357,101,109,-8,8
7358,105,94,11,11
7359,67,62,5,5
7360,131,123,8,8
7361,41,54,-13,13
7362,49,51,-2,2
7363,113,108,5,5
7364,137,143,-6,6
7365,96,104,-8,8
7366,68,64,4,4
7367,110,104,6,6
7368,70,70,0,0
7369,155,169,-14,14
7370,58,55,3,3
7371,140,153,-13,13
7372,119,123,-4,4
7373,67,71,-4,4
7374,79,83,-4,4
7375,68,74,-6,6
7376,62,60,2,2
7377,48,53,-5,5
7378,104,105,-1,1
7379,67,74,-7,7
7380,63,64,-1,1
7381,70,62,8,8
7382,83,76,7,7
7383,66,68,-2,2
7384,67,78,-11,11
7385,54,57,-3,3
7386,144,147,-3,3
7387,68,78,-10,10
7388,76,77,-1,1
7389,62,60,2,2
7390,147,138,9,9
7391,80,92,-12,12
7392,53,54,-1,1
7393,73,54,19,19
7394,74,71,3,3
7395,63,66,-3,3
7396,111,105,6,6
7397,199,180,19,19
7398,90,86,4,4
7399,65,68,-3,3
7400,68,62,6,6
7401,81,82,-1,1
7402,95,89,6,6
7403,83,77,6,6
7404,99,81,18,18
7405,64,65,-1,1
7406,70,63,7,7
7407,62,59,3,3
7408,60,69,-9,9
7409,84,86,-2,2
7410,63,61,2,2
7411,91,96,-5,5
7412,53,70,-17,17
7413,114,106,8,8
7414,102,94,8,8
7415,80,67,13,13
7416,85,88,-3,3
7417,112,118,-6,6
7418,86,83,3,3
7419,61,68,-7,7
7420,118,108,10,10
7421,108,88,20,20
7422,179,156,23,23
7423,87,86,1,1
7424,185,173,12,12
7425,91,82,9,9
7426,73,68,5,5
7427,63,64,-1,1
7428,159,149,10,10
7429,146,142,4,4
7430,75,80,-5,5
7431,73,71,2,2
7432,107,94,13,13
7433,93,87,6,6
7434,89,91,-2,2
7435,82,85,-3,3
7436,79,72,7,7
7437,50,59,-9,9
7438,69,68,1,1
7439,89,85,4,4
7440,145,141,4,4
7441,84,83,1,1
7442,115,113,2,2
7443,103,119,-16,16
7444,90,92,-2,2
7445,57,53,4,4
7446,118,101,17,17
7447,99,105,-6,6
7448,124,121,3,3
7449,102,108,-6,6
7450,97,98,-1,1
7451,64,64,0,0
7452,78,76,2,2
7453,121,114,7,7
7454,163,165,-2,2
7455,63,64,-1,1
7456,53,61,-8,8
7457,71,65,6,6
7458,79,76,3,3
7459,102,103,-1,1
7460,130,124,6,6
7461,114,106,8,8
7462,118,126,-8,8
7463,93,91,2,2
7464,78,72,6,6
7465,87,84,3,3
7466,107,91,16,16
7467,105,92,13,13
7468,135,107,28,28
7469,64,64,0,0
7470,80,70,10,10
7471,79,86,-7,7
7472,156,154,2,2
7473,123,126,-3,3
7474,81,93,-12,12
7475,91,88,3,3
7476,184,162,22,22
7477,62,73,-11,11
7478,76,80,-4,4
7479,112,105,7,7
7480,60,64,-4,4
7481,103,97,6,6
7482,83,80,3,3
7483,69,69,0,0
7484,206,212,-6,6
7485,78,82,-4,4
7486,82,72,10,10
7487,81,81,0,0
7488,39,50,-11,11
7489,109,114,-5,5
7490,32,60,-28,28
7491,65,85,-20,20
7492,88,84,4,4
7493,94,96,-2,2
7494,87,86,1,1
7495,74,76,-2,2
7496,88,76,12,12
7497,103,101,2,2
7498,72,54,18,18
7499,83,83,0,0
7500,197,226,-29,29
7501,41,62,-21,21
7502,76,76,0,0
7503,129,106,23,23
7504,40,56,-16,16
7505,136,141,-5,5
7506,62,60,2,2
7507,66,65,1,1
7508,106,119,-13,13
7509,62,63,-1,1
7510,109,93,16,16
7511,136,126,10,10
7512,100,90,10,10
7513,160,144,16,16
7514,105,95,10,10
7515,122,116,6,6
7516,98,92,6,6
7517,78,79,-1,1
7518,75,74,1,1
7519,67,64,3,3
7520,56,60,-4,4
7521,60,74,-14,14
7522,38,47,-9,9
7523,53,57,-4,4
7524,57,61,-4,4
7525,113,108,5,5
7526,83,73,10,10
7527,81,76,5,5
7528,136,132,4,4
7529,78,64,14,14
7530,89,73,16,16
7531,86,82,4,4
7532,68,64,4,4
7533,156,160,-4,4
7534,85,73,12,12
7535,126,130,-4,4
7536,57,62,-5,5
7537,114,120,-6,6
7538,113,105,8,8
7539,75,78,-3,3
7540,130,120,10,10
7541,79,69,10,10
7542,112,108,4,4
7543,120,122,-2,2
7544,76,77,-1,1
7545,86,78,8,8
7546,60,66,-6,6
7547,52,56,-4,4
7548,80,70,10,10
7549,136,127,9,9
7550,71,75,-4,4
7551,152,150,2,2
7552,59,62,-3,3
7553,88,75,13,13
7554,71,62,9,9
7555,71,67,4,4
7556,88,92,-4,4
7557,44,54,-10,10
7558,95,96,-1,1
7559,99,92,7,7
7560,74,77,-3,3
7561,148,135,13,13
7562,74,73,1,1
7563,103,97,6,6
7564,70,67,3,3
7565,128,111,17,17
7566,70,74,-4,4
7567,69,71,-2,2
7568,95,62,33,33
7569,125,124,1,1
7570,87,93,-6,6
7571,130,129,1,1
7572,105,120,-15,15
7573,96,95,1,1
7574,90,88,2,2
7575,52,53,-1,1
7576,77,82,-5,5
7577,143,127,16,16
7578,97,101,-4,4
7579,81,77,4,4
7580,55,58,-3,3
7581,122,110,12,12
7582,59,56,3,3
7583,106,105,1,1
7584,146,115,31,31
7585,62,60,2,2
7586,122,114,8,8
7587,166,158,8,8
7588,76,62,14,14
7589,82,95,-13,13
7590,114,110,4,4
7591,113,141,-28,28
7592,94,98,-4,4
7593,113,117,-4,4
7594,79,83,-4,4
7595,106,98,8,8
7596,123,119,4,4
7597,118,105,13,13
7598,80,73,7,7
7599,94,89,5,5
7600,89,79,10,10
7601,64,61,3,3
7602,113,112,1,1
7603,137,133,4,4
7604,53,103,-50,50
7605,133,134,-1,1
7606,65,79,-14,14
7607,78,74,4,4
7608,40,53,-13,13
7609,60,65,-5,5
7610,52,57,-5,5
7611,136,127,9,9
7612,155,153,2,2
7613,94,94,0,0
7614,75,75,0,0
7615,36,52,-16,16
7616,132,129,3,3
7617,117,114,3,3
7618,136,144,-8,8
7619,141,120,21,21
7620,65,62,3,3
7621,96,72,24,24
7622,68,54,14,14
7623,144,137,7,7
7624,148,141,7,7
7625,117,116,1,1
7626,60,66,-6,6
7627,98,94,4,4
7628,114,110,4,4
7629,139,119,20,20
7630,109,101,8,8
7631,69,69,0,0
7632,105,101,4,4
7633,116,101,15,15
7634,72,67,5,5
7635,74,82,-8,8
7636,102,103,-1,1
7637,62,62,0,0
7638,36,57,-21,21
7639,94,83,11,11
7640,78,72,6,6
7641,150,138,12,12
7642,81,73,8,8
7643,154,161,-7,7
7644,115,121,-6,6
7645,44,58,-14,14
7646,88,95,-7,7
7647,80,73,7,7
7648,75,70,5,5
7649,58,71,-13,13
7650,124,123,1,1
7651,90,81,9,9
7652,117,106,11,11
7653,93,85,8,8
7654,133,137,-4,4
7655,71,67,4,4
7656,82,80,2,2
7657,66,70,-4,4
7658,69,73,-4,4
7659,112,104,8,8
7660,114,102,12,12
7661,81,73,8,8
7662,110,112,-2,2
7663,76,69,7,7
7664,97,99,-2,2
7665,83,85,-2,2
7666,73,78,-5,5
7667,109,105,4,4
7668,67,63,4,4
7669,101,107,-6,6
7670,74,74,0,0
7671,122,120,2,2
7672,51,62,-11,11
7673,80,91,-11,11
7674,118,106,12,12
7675,87,77,10,10
7676,84,77,7,7
7677,135,137,-2,2
7678,51,94,-43,43
7679,121,99,22,22
7680,60,60,0,0
7681,150,141,9,9
7682,41,52,-11,11
7683,55,56,-1,1
7684,149,126,23,23
7685,136,130,6,6
7686,121,109,12,12
7687,121,110,11,11
7688,50,61,-11,11
7689,61,53,8,8
7690,129,118,11,11
7691,83,98,-15,15
7692,83,112,-29,29
7693,77,66,11,11
7694,110,99,11,11
7695,110,90,20,20
7696,108,113,-5,5
7697,95,96,-1,1
7698,91,84,7,7
7699,99,92,7,7
7700,105,103,2,2
7701,104,123,-19,19
7702,82,89,-7,7
7703,68,62,6,6
7704,77,70,7,7
7705,103,88,15,15
7706,87,84,3,3
7707,55,61,-6,6
7708,94,93,1,1
7709,67,67,0,0
7710,75,93,-18,18
7711,137,132,5,5
7712,69,61,8,8
7713,67,69,-2,2
7714,77,92,-15,15
7715,68,66,2,2
7716,117,110,7,7
7717,109,108,1,1
7718,164,150,14,14
7719,102,112,-10,10
7720,77,79,-2,2
7721,71,77,-6,6
7722,71,66,5,5
7723,146,137,9,9
7724,40,48,-8,8
7725,121,115,6,6
7726,86,71,15,15
7727,99,92,7,7
7728,68,65,3,3
7729,89,72,17,17
7730,71,69,2,2
7731,72,72,0,0
7732,49,51,-2,2
7733,155,128,27,27
7734,145,142,3,3
7735,102,104,-2,2
7736,131,124,7,7
7737,101,83,18,18
7738,61,60,1,1
7739,108,112,-4,4
7740,62,70,-8,8
7741,93,92,1,1
7742,84,76,8,8
7743,56,80,-24,24
7744,143,124,19,19
7745,145,142,3,3
7746,103,86,17,17
7747,88,88,0,0
7748,96,98,-2,2
7749,63,80,-17,17
7750,88,80,8,8
7751,50,60,-10,10
7752,106,106,0,0
7753,89,77,12,12
7754,101,107,-6,6
7755,134,127,7,7
7756,91,78,13,13
7757,134,149,-15,15
7758,79,82,-3,3
7759,161,165,-4,4
7760,127,125,2,2
7761,88,91,-3,3
7762,61,72,-11,11
7763,60,65,-5,5
7764,102,96,6,6
7765,140,143,-3,3
7766,69,64,5,5
7767,101,108,-7,7
7768,175,178,-3,3
7769,129,148,-19,19
7770,115,113,2,2
7771,88,99,-11,11
7772,79,81,-2,2
7773,102,94,8,8
7774,43,46,-3,3
7775,97,101,-4,4
7776,132,137,-5,5
7777,58,54,4,4
7778,89,89,0,0
7779,90,88,2,2
7780,98,103,-5,5
7781,102,98,4,4
7782,88,87,1,1
7783,106,106,0,0
7784,99,90,9,9
7785,151,139,12,12
7786,111,85,26,26
7787,65,65,0,0
7788,71,74,-3,3
7789,79,91,-12,12
7790,65,61,4,4
7791,136,126,10,10
7792,151,153,-2,2
7793,108,106,2,2
7794,121,108,13,13
7795,54,64,-10,10
7796,96,99,-3,3
7797,98,82,16,16
7798,62,63,-1,1
7799,78,80,-2,2
7800,97,92,5,5
7801,80,74,6,6
7802,65,71,-6,6
7803,74,91,-17,17
7804,118,119,-1,1
7805,109,100,9,9
7806,99,88,11,11
7807,78,81,-3,3
7808,59,70,-11,11
7809,84,87,-3,3
7810,108,107,1,1
7811,89,91,-2,2
7812,119,108,11,11
7813,182,171,11,11
7814,133,118,15,15
7815,90,88,2,2
7816,144,168,-24,24
7817,109,102,7,7
7818,154,134,20,20
7819,54,59,-5,5
7820,59,68,-9,9
7821,120,116,4,4
7822,113,117,-4,4
7823,90,87,3,3
7824,119,111,8,8
7825,72,73,-1,1
7826,173,176,-3,3
7827,252,242,10,10
7828,123,135,-12,12
7829,178,174,4,4
7830,207,182,25,25
7831,86,91,-5,5
7832,61,58,3,3
7833,82,85,-3,3
7834,77,70,7,7
7835,90,85,5,5
7836,85,96,-11,11
7837,133,141,-8,8
7838,67,74,-7,7
7839,71,77,-6,6
7840,118,122,-4,4
7841,168,176,-8,8
7842,101,94,7,7
7843,126,117,9,9
7844,127,123,4,4
7845,197,174,23,23
7846,67,62,5,5
7847,59,62,-3,3
7848,139,138,1,1
7849,84,80,4,4
7850,75,75,0,0
7851,124,121,3,3
7852,61,65,-4,4
7853,78,78,0,0
7854,102,90,12,12
7855,50,56,-6,6
7856,72,83,-11,11
7857,98,100,-2,2
7858,109,113,-4,4
7859,97,89,8,8
7860,79,71,8,8
7861,73,68,5,5
7862,114,109,5,5
7863,118,117,1,1
7864,101,116,-15,15
7865,103,109,-6,6
7866,49,62,-13,13
7867,49,55,-6,6
7868,37,53,-16,16
7869,121,122,-1,1
7870,69,71,-2,2
7871,126,122,4,4
7872,91,81,10,10
7873,119,104,15,15
7874,105,92,13,13
7875,129,126,3,3
7876,83,72,11,11
7877,99,86,13,13
7878,106,111,-5,5
7879,67,69,-2,2
7880,132,122,10,10
7881,110,101,9,9
7882,72,72,0,0
7883,126,117,9,9
7884,129,144,-15,15
7885,74,68,6,6
7886,131,136,-5,5
7887,97,88,9,9
7888,118,118,0,0
7889,124,118,6,6
7890,66,87,-21,21
7891,99,95,4,4
7892,93,86,7,7
7893,169,171,-2,2
7894,109,113,-4,4
7895,194,163,31,31
7896,131,120,11,11
7897,67,72,-5,5
7898,102,97,5,5
7899,126,121,5,5
7900,166,173,-7,7
7901,52,55,-3,3
7902,129,147,-18,18
7903,175,184,-9,9
7904,77,68,9,9
7905,52,54,-2,2
7906,73,69,4,4
7907,97,99,-2,2
7908,49,50,-1,1
7909,112,104,8,8
7910,108,107,1,1
7911,91,82,9,9
7912,84,104,-20,20
7913,35,54,-19,19
7914,182,202,-20,20
7915,61,60,1,1
7916,61,49,12,12
7917,79,80,-1,1
7918,55,65,-10,10
7919,64,64,0,0
7920,142,129,13,13
7921,66,61,5,5
7922,74,74,0,0
7923,150,152,-2,2
7924,99,97,2,2
7925,106,107,-1,1
7926,72,75,-3,3
7927,121,110,11,11
7928,114,113,1,1
7929,75,75,0,0
7930,65,69,-4,4
7931,116,109,7,7
7932,99,90,9,9
7933,199,194,5,5
7934,60,62,-2,2
7935,67,75,-8,8
7936,81,72,9,9
7937,178,138,40,40
7938,70,78,-8,8
7939,131,116,15,15
7940,149,134,15,15
7941,70,67,3,3
7942,97,101,-4,4
7943,104,85,19,19
7944,73,73,0,0
7945,74,78,-4,4
7946,87,92,-5,5
7947,112,110,2,2
7948,126,117,9,9
7949,86,101,-15,15
7950,134,122,12,12
7951,117,93,24,24
7952,61,61,0,0
7953,71,85,-14,14
7954,80,79,1,1
7955,63,77,-14,14
7956,70,72,-2,2
7957,63,81,-18,18
7958,46,54,-8,8
7959,59,63,-4,4
7960,89,82,7,7
7961,134,127,7,7
7962,113,109,4,4
7963,73,79,-6,6
7964,122,111,11,11
7965,59,61,-2,2
7966,142,154,-12,12
7967,175,179,-4,4
7968,61,60,1,1
7969,142,162,-20,20
7970,68,64,4,4
7971,51,53,-2,2
7972,94,103,-9,9
7973,104,105,-1,1
7974,85,89,-4,4
7975,155,166,-11,11
7976,157,168,-11,11
7977,115,110,5,5
7978,94,96,-2,2
7979,86,84,2,2
7980,115,125,-10,10
7981,85,77,8,8
7982,106,102,4,4
7983,64,67,-3,3
7984,38,78,-40,40
7985,51,65,-14,14
7986,106,102,4,4
7987,101,107,-6,6
7988,46,68,-22,22
7989,85,71,14,14
7990,104,107,-3,3
7991,95,97,-2,2
7992,130,121,9,9
7993,151,145,6,6
7994,57,57,0,0
7995,93,100,-7,7
7996,69,62,7,7
7997,39,48,-9,9
7998,76,74,2,2
7999,84,67,17,17
8000,41,58,-17,17
8001,45,51,-6,6
8002,68,75,-7,7
8003,82,72,10,10
8004,68,73,-5,5
8005,73,67,6,6
8006,49,50,-1,1
8007,93,90,3,3
8008,75,71,4,4
8009,85,77,8,8
8010,103,102,1,1
8011,129,127,2,2
8012,116,126,-10,10
8013,77,76,1,1
8014,83,72,11,11
8015,104,86,18,18
8016,124,112,12,12
8017,89,77,12,12
8018,88,103,-15,15
8019,49,58,-9,9
8020,104,105,-1,1
8021,107,102,5,5
8022,125,124,1,1
8023,57,65,-8,8
8024,104,100,4,4
8025,51,77,-26,26
8026,86,79,7,7
8027,96,90,6,6
8028,190,184,6,6
8029,84,86,-2,2
8030,105,109,-4,4
8031,94,76,18,18
8032,74,69,5,5
8033,100,87,13,13
8034,126,117,9,9
8035,73,70,3,3
8036,83,83,0,0
8037,141,133,8,8
8038,124,124,0,0
8039,79,82,-3,3
8040,135,121,14,14
8041,81,80,1,1
8042,137,131,6,6
8043,75,77,-2,2
8044,54,60,-6,6
8045,102,105,-3,3
8046,157,133,24,24
8047,93,87,6,6
8048,155,133,22,22
8049,71,69,2,2
8050,109,97,12,12
8051,60,60,0,0
8052,57,59,-2,2
8053,113,108,5,5
8054,130,136,-6,6
8055,71,78,-7,7
8056,92,79,13,13
8057,148,124,24,24
8058,117,103,14,14
8059,68,69,-1,1
8060,161,156,5,5
8061,85,78,7,7
8062,65,63,2,2
8063,43,50,-7,7
8064,102,95,7,7
8065,69,62,7,7
8066,185,176,9,9
8067,133,122,11,11
8068,104,92,12,12
8069,105,98,7,7
8070,120,101,19,19
8071,85,91,-6,6
8072,73,68,5,5
8073,158,162,-4,4
8074,76,75,1,1
8075,87,68,19,19
8076,148,127,21,21
8077,85,91,-6,6
8078,98,84,14,14
8079,66,74,-8,8
8080,100,105,-5,5
8081,110,106,4,4
8082,86,88,-2,2
8083,119,123,-4,4
8084,75,80,-5,5
8085,110,118,-8,8
8086,69,82,-13,13
8087,127,110,17,17
8088,98,90,8,8
8089,116,124,-8,8
8090,65,65,0,0
8091,94,94,0,0
8092,58,68,-10,10
8093,68,84,-16,16
8094,118,116,2,2
8095,27,74,-47,47
8096,74,70,4,4
8097,81,84,-3,3
8098,98,90,8,8
8099,56,69,-13,13
8100,101,95,6,6
8101,128,125,3,3
8102,104,96,8,8
8103,69,58,11,11
8104,130,120,10,10
8105,121,121,0,0
8106,42,72,-30,30
8107,89,91,-2,2
8108,71,73,-2,2
8109,129,109,20,20
8110,59,63,-4,4
8111,101,103,-2,2
8112,102,101,1,1
8113,109,119,-10,10
8114,94,87,7,7
8115,108,116,-8,8
8116,102,92,10,10
8117,89,85,4,4
8118,121,121,0,0
8119,122,120,2,2
8120,67,67,0,0
8121,51,66,-15,15
8122,89,80,9,9
8123,88,90,-2,2
8124,131,108,23,23
8125,103,106,-3,3
8126,151,183,-32,32
8127,134,138,-4,4
8128,108,107,1,1
8129,92,87,5,5
8130,65,72,-7,7
8131,81,75,6,6
8132,68,85,-17,17
8133,91,85,6,6
8134,114,97,17,17
8135,48,55,-7,7
8136,102,103,-1,1
8137,149,143,6,6
8138,108,102,6,6
8139,60,61,-1,1
8140,103,106,-3,3
8141,65,62,3,3
8142,119,121,-2,2
8143,104,101,3,3
8144,64,53,11,11
8145,48,50,-2,2
8146,55,61,-6,6
8147,75,77,-2,2
8148,44,56,-12,12
8149,73,73,0,0
8150,54,65,-11,11
8151,54,58,-4,4
8152,52,63,-11,11
8153,95,85,10,10
8154,66,75,-9,9
8155,85,91,-6,6
8156,75,59,16,16
8157,95,94,1,1
8158,95,84,11,11
8159,36,53,-17,17
8160,79,75,4,4
8161,123,123,0,0
8162,81,79,2,2
8163,176,158,18,18
8164,60,57,3,3
8165,61,68,-7,7
8166,140,124,16,16
8167,127,119,8,8
8168,96,97,-1,1
8169,99,84,15,15
8170,108,95,13,13
8171,58,58,0,0
8172,51,57,-6,6
8173,95,93,2,2
8174,58,81,-23,23
8175,76,78,-2,2
8176,116,109,7,7
8177,108,95,13,13
8178,168,163,5,5
8179,27,50,-23,23
8180,145,133,12,12
8181,53,59,-6,6
8182,67,60,7,7
8183,92,86,6,6
8184,78,81,-3,3
8185,113,114,-1,1
8186,141,136,5,5
8187,136,113,23,23
8188,103,104,-1,1
8189,86,82,4,4
8190,195,193,2,2
8191,75,66,9,9
8192,63,62,1,1
8193,66,64,2,2
8194,127,125,2,2
8195,122,113,9,9
8196,54,95,-41,41
8197,101,102,-1,1
8198,93,89,4,4
8199,64,66,-2,2
8200,108,105,3,3
8201,111,108,3,3
8202,77,72,5,5
8203,154,150,4,4
8204,94,78,16,16
8205,84,73,11,11
8206,76,86,-10,10
8207,87,84,3,3
8208,126,115,11,11
8209,82,81,1,1
8210,82,86,-4,4
8211,80,77,3,3
8212,126,126,0,0
8213,64,67,-3,3
8214,142,118,24,24
8215,143,134,9,9
8216,127,149,-22,22
8217,76,77,-1,1
8218,57,66,-9,9
8219,109,99,10,10
8220,141,133,8,8
8221,129,120,9,9
8222,114,102,12,12
8223,83,76,7,7
8224,149,151,-2,2
8225,47,68,-21,21
8226,88,89,-1,1
8227,88,83,5,5
8228,105,100,5,5
8229,93,106,-13,13
8230,109,92,17,17
8231,87,78,9,9
8232,43,59,-16,16
8233,81,69,12,12
8234,101,81,20,20
8235,80,84,-4,4
8236,112,98,14,14
8237,92,91,1,1
8238,102,96,6,6
8239,71,63,8,8
8240,166,149,17,17
8241,98,81,17,17
8242,129,112,17,17
8243,79,86,-7,7
8244,109,98,11,11
8245,145,126,19,19
8246,166,163,3,3
8247,76,82,-6,6
8248,46,52,-6,6
8249,113,108,5,5
8250,75,79,-4,4
8251,86,80,6,6
8252,76,73,3,3
8253,88,90,-2,2
8254,67,69,-2,2
8255,100,89,11,11
8256,71,71,0,0
8257,59,63,-4,4
8258,181,161,20,20
8259,56,63,-7,7
8260,114,94,20,20
8261,92,103,-11,11
8262,100,90,10,10
8263,75,86,-11,11
8264,188,168,20,20
8265,51,57,-6,6
8266,84,83,1,1
8267,171,197,-26,26
8268,66,57,9,9
8269,92,85,7,7
8270,122,115,7,7
8271,40,54,-14,14
8272,87,85,2,2
8273,122,116,6,6
8274,98,88,10,10
8275,96,98,-2,2
8276,120,106,14,14
8277,82,88,-6,6
8278,88,83,5,5
8279,60,70,-10,10
8280,83,82,1,1
8281,81,74,7,7
8282,151,143,8,8
8283,187,179,8,8
8284,98,110,-12,12
8285,95,88,7,7
8286,77,71,6,6
8287,144,142,2,2
8288,81,74,7,7
8289,91,95,-4,4
8290,149,149,0,0
8291,99,119,-20,20
8292,96,80,16,16
8293,129,132,-3,3
8294,63,67,-4,4
8295,86,72,14,14
8296,64,65,-1,1
8297,74,61,13,13
8298,93,91,2,2
8299,85,94,-9,9
8300,248,233,15,15
8301,91,94,-3,3
8302,58,59,-1,1
8303,93,78,15,15
8304,93,93,0,0
8305,55,64,-9,9
8306,102,102,0,0
8307,107,87,20,20
8308,79,76,3,3
8309,84,81,3,3
8310,95,85,10,10
8311,110,107,3,3
8312,80,77,3,3
8313,44,44,0,0
8314,96,90,6,6
8315,59,60,-1,1
8316,109,109,0,0
8317,198,203,-5,5
8318,81,88,-7,7
8319,119,110,9,9
8320,106,102,4,4
8321,114,100,14,14
8322,51,65,-14,14
8323,110,110,0,0
8324,112,107,5,5
8325,99,95,4,4
8326,80,73,7,7
8327,59,74,-15,15
8328,110,108,2,2
8329,125,114,11,11
8330,137,127,10,10
8331,73,79,-6,6
8332,190,198,-8,8
8333,137,138,-1,1
8334,46,57,-11,11
8335,124,127,-3,3
8336,87,83,4,4
8337,114,101,13,13
8338,83,81,2,2
8339,85,89,-4,4
8340,142,165,-23,23
8341,108,89,19,19
8342,129,124,5,5
8343,107,101,6,6
8344,109,107,2,2
8345,144,131,13,13
8346,76,73,3,3
8347,38,63,-25,25
8348,157,153,4,4
8349,55,60,-5,5
8350,99,108,-9,9
8351,153,136,17,17
8352,74,72,2,2
8353,74,71,3,3
8354,78,71,7,7
8355,74,90,-16,16
8356,94,99,-5,5
8357,112,100,12,12
8358,141,146,-5,5
8359,82,71,11,11
8360,160,166,-6,6
8361,103,94,9,9
8362,110,101,9,9
8363,42,64,-22,22
8364,69,70,-1,1
8365,59,54,5,5
8366,98,93,5,5
8367,75,61,14,14
8368,58,64,-6,6
8369,74,64,10,10
8370,108,109,-1,1
8371,66,67,-1,1
8372,105,91,14,14
8373,46,52,-6,6
8374,55,61,-6,6
8375,71,72,-1,1
8376,115,114,1,1
8377,88,75,13,13
8378,47,64,-17,17
8379,174,173,1,1
8380,94,79,15,15
8381,74,65,9,9
8382,84,84,0,0
8383,85,79,6,6
8384,65,62,3,3
8385,39,50,-11,11
8386,118,108,10,10
8387,101,101,0,0
8388,78,71,7,7
8389,97,100,-3,3
8390,104,97,7,7
8391,98,89,9,9
8392,81,95,-14,14
8393,112,115,-3,3
8394,98,95,3,3
8395,96,88,8,8
8396,53,57,-4,4
8397,67,75,-8,8
8398,70,77,-7,7
8399,114,102,12,12
8400,104,104,0,0
8401,65,71,-6,6
8402,80,64,16,16
8403,96,76,20,20
8404,70,68,2,2
8405,105,105,0,0
8406,100,82,18,18
8407,160,146,14,14
8408,91,96,-5,5
8409,100,103,-3,3
8410,119,97,22,22
8411,65,70,-5,5
8412,99,105,-6,6
8413,172,148,24,24
8414,83,81,2,2
8415,85,75,10,10
8416,69,60,9,9
8417,59,65,-6,6
8418,93,93,0,0
8419,81,84,-3,3
8420,75,75,0,0
8421,62,65,-3,3
8422,115,104,11,11
8423,107,141,-34,34
8424,105,95,10,10
8425,51,57,-6,6
8426,76,72,4,4
8427,88,87,1,1
8428,145,138,7,7
8429,114,114,0,0
8430,38,68,-30,30
8431,133,130,3,3
8432,74,76,-2,2
8433,119,118,1,1
8434,96,86,10,10
8435,143,132,11,11
8436,60,68,-8,8
8437,130,120,10,10
8438,120,96,24,24
8439,122,139,-17,17
8440,113,106,7,7
8441,68,76,-8,8
8442,98,96,2,2
8443,143,125,18,18
8444,77,62,15,15
8445,92,91,1,1
8446,61,63,-2,2
8447,74,81,-7,7
8448,94,71,23,23
8449,102,93,9,9
8450,118,104,14,14
8451,119,118,1,1
8452,193,192,1,1
8453,95,99,-4,4
8454,89,82,7,7
8455,129,127,2,2
8456,124,114,10,10
8457,84,83,1,1
8458,76,76,0,0
8459,55,64,-9,9
8460,143,126,17,17
8461,134,119,15,15
8462,88,92,-4,4
8463,132,136,-4,4
8464,114,102,12,12
8465,71,64,7,7
8466,79,66,13,13
8467,101,97,4,4
8468,134,135,-1,1
8469,61,57,4,4
8470,81,81,0,0
8471,107,114,-7,7
8472,86,80,6,6
8473,83,78,5,5
8474,94,88,6,6
8475,102,112,-10,10
8476,110,124,-14,14
8477,137,135,2,2
8478,56,80,-24,24
8479,134,123,11,11
8480,80,84,-4,4
8481,46,69,-23,23
8482,111,104,7,7
8483,112,100,12,12
8484,121,122,-1,1
8485,113,114,-1,1
8486,91,95,-4,4
8487,47,68,-21,21
8488,65,64,1,1
8489,56,68,-12,12
8490,83,87,-4,4
8491,85,87,-2,2
8492,102,95,7,7
8493,80,87,-7,7
8494,110,101,9,9
8495,141,151,-10,10
8496,90,81,9,9
8497,73,68,5,5
8498,60,61,-1,1
8499,178,150,28,28
8500,124,118,6,6
8501,108,90,18,18
8502,100,100,0,0
8503,78,75,3,3
8504,115,120,-5,5
8505,127,130,-3,3
8506,47,58,-11,11
8507,58,55,3,3
8508,151,131,20,20
8509,104,92,12,12
8510,56,74,-18,18
8511,79,98,-19,19
8512,67,65,2,2
8513,109,109,0,0
8514,83,68,15,15
8515,101,81,20,20
8516,78,83,-5,5
8517,101,127,-26,26
8518,64,70,-6,6
8519,69,57,12,12
8520,81,73,8,8
8521,185,170,15,15
8522,89,78,11,11
8523,137,118,19,19
8524,98,91,7,7
8525,185,187,-2,2
8526,62,80,-18,18
8527,135,133,2,2
8528,140,128,12,12
8529,166,180,-14,14
8530,68,61,7,7
8531,100,99,1,1
8532,122,126,-4,4
8533,105,106,-1,1
8534,129,131,-2,2
8535,117,113,4,4
8536,74,78,-4,4
8537,91,90,1,1
8538,96,86,10,10
8539,96,90,6,6
8540,76,78,-2,2
8541,106,98,8,8
8542,71,70,1,1
8543,43,42,1,1
8544,88,84,4,4
8545,79,90,-11,11
8546,104,95,9,9
8547,82,81,1,1
8548,112,112,0,0
8549,104,102,2,2
8550,55,69,-14,14
8551,90,90,0,0
8552,47,57,-10,10
8553,111,94,17,17
8554,127,116,11,11
8555,67,71,-4,4
8556,163,155,8,8
8557,154,146,8,8
8558,63,68,-5,5
8559,50,64,-14,14
8560,56,67,-11,11
8561,104,112,-8,8
8562,80,82,-2,2
8563,83,72,11,11
8564,64,74,-10,10
8565,55,58,-3,3
8566,84,72,12,12
8567,130,123,7,7
8568,85,81,4,4
8569,109,108,1,1
8570,153,123,30,30
8571,104,100,4,4
8572,129,116,13,13
8573,106,92,14,14
8574,173,173,0,0
8575,93,86,7,7
8576,93,88,5,5
8577,99,92,7,7
8578,66,70,-4,4
8579,98,86,12,12
8580,110,140,-30,30
8581,50,59,-9,9
8582,104,101,3,3
8583,110,96,14,14
8584,60,72,-12,12
8585,102,95,7,7
8586,87,90,-3,3
8587,133,132,1,1
8588,133,135,-2,2
8589,122,109,13,13
8590,92,85,7,7
8591,139,133,6,6
8592,52,62,-10,10
8593,83,96,-13,13
8594,91,88,3,3
8595,65,72,-7,7
8596,113,108,5,5
8597,77,76,1,1
8598,161,144,17,17
8599,92,92,0,0
8600,180,165,15,15
8601,77,72,5,5
8602,109,100,9,9
8603,81,77,4,4
8604,98,99,-1,1
8605,54,56,-2,2
8606,126,117,9,9
8607,91,93,-2,2
8608,77,79,-2,2
8609,124,119,5,5
8610,78,90,-12,12
8611,189,172,17,17
8612,80,69,11,11
8613,159,139,20,20
8614,73,76,-3,3
8615,90,100,-10,10
8616,62,76,-14,14
8617,90,84,6,6
8618,134,150,-16,16
8619,121,101,20,20
8620,87,88,-1,1
8621,59,61,-2,2
8622,89,93,-4,4
8623,105,110,-5,5
8624,97,84,13,13
8625,110,96,14,14
8626,141,122,19,19
8627,85,83,2,2
8628,132,131,1,1
8629,89,90,-1,1
8630,75,74,1,1
8631,81,73,8,8
8632,77,56,21,21
8633,104,103,1,1
8634,132,136,-4,4
8635,136,122,14,14
8636,82,78,4,4
8637,85,89,-4,4
8638,76,74,2,2
8639,109,129,-20,20
8640,51,54,-3,3
8641,85,83,2,2
8642,58,60,-2,2
8643,161,158,3,3
8644,85,86,-1,1
8645,61,64,-3,3
8646,82,77,5,5
8647,114,116,-2,2
8648,113,111,2,2
8649,82,83,-1,1
8650,128,118,10,10
8651,113,109,4,4
8652,61,71,-10,10
8653,85,77,8,8
8654,112,110,2,2
8655,76,71,5,5
8656,89,83,6,6
8657,142,129,13,13
8658,81,78,3,3
8659,143,131,12,12
8660,94,91,3,3
8661,134,108,26,26
8662,59,61,-2,2
8663,55,61,-6,6
8664,75,84,-9,9
8665,87,91,-4,4
8666,69,61,8,8
8667,104,91,13,13
8668,57,73,-16,16
8669,68,63,5,5
8670,169,160,9,9
8671,114,109,5,5
8672,92,89,3,3
8673,97,86,11,11
8674,121,117,4,4
8675,89,68,21,21
8676,116,118,-2,2
8677,93,96,-3,3
8678,116,102,14,14
8679,125,125,0,0
8680,82,104,-22,22
8681,50,54,-4,4
8682,46,54,-8,8
8683,45,52,-7,7
8684,120,122,-2,2
8685,93,89,4,4
8686,102,98,4,4
8687,126,125,1,1
8688,108,123,-15,15
8689,110,112,-2,2
8690,101,92,9,9
8691,73,85,-12,12
8692,58,63,-5,5
8693,113,100,13,13
8694,136,140,-4,4
8695,64,69,-5,5
8696,125,168,-43,43
8697,88,75,13,13
8698,92,83,9,9
8699,106,104,2,2
8700,90,100,-10,10
8701,85,83,2,2
8702,80,82,-2,2
8703,110,103,7,7
8704,80,83,-3,3
8705,117,111,6,6
8706,47,54,-7,7
8707,112,105,7,7
8708,84,82,2,2
8709,116,108,8,8
8710,61,66,-5,5
8711,82,71,11,11
8712,164,151,13,13
8713,125,118,7,7
8714,80,76,4,4
8715,66,72,-6,6
8716,61,71,-10,10
8717,82,93,-11,11
8718,81,73,8,8
8719,143,129,14,14
8720,145,132,13,13
8721,75,70,5,5
8722,60,78,-18,18
8723,86,92,-6,6
8724,99,104,-5,5
8725,112,111,1,1
8726,98,86,12,12
8727,96,81,15,15
8728,64,90,-26,26
8729,62,64,-2,2
8730,123,127,-4,4
8731,83,80,3,3
8732,101,100,1,1
8733,27,43,-16,16
8734,167,157,10,10
8735,149,150,-1,1
8736,94,90,4,4
8737,155,158,-3,3
8738,39,50,-11,11
8739,62,63,-1,1
8740,81,73,8,8
8741,58,56,2,2
8742,74,80,-6,6
8743,139,144,-5,5
8744,74,70,4,4
8745,84,87,-3,3
8746,155,115,40,40
8747,114,112,2,2
8748,152,263,-111,111
8749,104,91,13,13
8750,92,98,-6,6
8751,55,63,-8,8
8752,91,85,6,6
8753,90,80,10,10
8754,86,84,2,2
8755,76,64,12,12
8756,86,89,-3,3
8757,49,58,-9,9
8758,105,106,-1,1
8759,67,65,2,2
8760,96,122,-26,26
8761,105,95,10,10
8762,98,80,18,18
8763,114,108,6,6
8764,114,114,0,0
8765,103,110,-7,7
8766,128,118,10,10
8767,110,104,6,6
8768,89,72,17,17
8769,67,59,8,8
8770,136,116,20,20
8771,154,139,15,15
8772,62,72,-10,10
8773,109,106,3,3
8774,91,80,11,11
8775,63,57,6,6
8776,172,170,2,2
8777,93,84,9,9
8778,81,76,5,5
8779,87,86,1,1
8780,49,62,-13,13
8781,157,146,11,11
8782,87,82,5,5
8783,61,79,-18,18
8784,60,59,1,1
8785,129,125,4,4
8786,75,72,3,3
8787,86,88,-2,2
8788,37,44,-7,7
8789,110,105,5,5
8790,124,113,11,11
8791,65,63,2,2
8792,148,156,-8,8
8793,73,84,-11,11
8794,105,112,-7,7
8795,70,73,-3,3
8796,63,77,-14,14
8797,71,65,6,6
8798,71,73,-2,2
8799,68,65,3,3
8800,96,90,6,6
8801,87,76,11,11
8802,88,93,-5,5
8803,69,65,4,4
8804,83,79,4,4
8805,72,80,-8,8
8806,98,98,0,0
8807,126,124,2,2
8808,45,61,-16,16
8809,52,60,-8,8
8810,103,108,-5,5
8811,77,69,8,8
8812,83,81,2,2
8813,73,66,7,7
8814,108,104,4,4
8815,73,77,-4,4
8816,80,82,-2,2
8817,57,61,-4,4
8818,63,62,1,1
8819,24,56,-32,32
8820,89,78,11,11
8821,61,58,3,3
8822,97,90,7,7
8823,85,90,-5,5
8824,143,144,-1,1
8825,129,118,11,11
8826,75,78,-3,3
8827,71,71,0,0
8828,92,83,9,9
8829,72,65,7,7
8830,91,81,10,10
8831,83,70,13,13
8832,75,86,-11,11
8833,66,68,-2,2
8834,43,47,-4,4
8835,127,119,8,8
8836,125,129,-4,4
8837,44,52,-8,8
8838,51,59,-8,8
8839,54,66,-12,12
8840,203,260,-57,57
8841,127,123,4,4
8842,102,94,8,8
8843,81,71,10,10
8844,69,68,1,1
8845,121,117,4,4
8846,85,83,2,2
8847,125,118,7,7
8848,138,131,7,7
8849,191,170,21,21
8850,92,99,-7,7
8851,94,81,13,13
8852,128,132,-4,4
8853,35,72,-37,37
8854,104,98,6,6
8855,86,81,5,5
8856,132,117,15,15
8857,89,88,1,1
8858,48,53,-5,5
8859,75,73,2,2
8860,80,77,3,3
8861,100,84,16,16
8862,115,108,7,7
8863,135,127,8,8
8864,88,87,1,1
8865,108,102,6,6
8866,141,144,-3,3
8867,81,75,6,6
8868,147,152,-5,5
8869,94,92,2,2
8870,86,86,0,0
8871,125,117,8,8
8872,62,69,-7,7
8873,82,79,3,3
8874,123,113,10,10
8875,80,81,-1,1
8876,108,96,12,12
8877,91,74,17,17
8878,124,115,9,9
8879,93,97,-4,4
8880,141,157,-16,16
8881,97,52,45,45
8882,177,161,16,16
8883,80,83,-3,3
8884,133,159,-26,26
8885,98,104,-6,6
8886,104,87,17,17
8887,64,67,-3,3
8888,170,167,3,3
8889,91,90,1,1
8890,98,86,12,12
8891,125,119,6,6
8892,65,69,-4,4
8893,86,86,0,0
8894,75,74,1,1
8895,72,76,-4,4
8896,53,69,-16,16
8897,93,79,14,14
8898,69,67,2,2
8899,95,90,5,5
8900,76,77,-1,1
8901,73,67,6,6
8902,56,64,-8,8
8903,92,92,0,0
8904,43,47,-4,4
8905,60,49,11,11
8906,74,74,0,0
8907,85,90,-5,5
8908,91,86,5,5
8909,92,85,7,7
8910,91,91,0,0
8911,60,68,-8,8
8912,142,146,-4,4
8913,127,129,-2,2
8914,87,92,-5,5
8915,130,130,0,0
8916,104,100,4,4
8917,62,53,9,9
8918,125,121,4,4
8919,96,166,-70,70
8920,170,145,25,25
8921,103,114,-11,11
8922,185,158,27,27
8923,80,73,7,7
8924,56,63,-7,7
8925,105,116,-11,11
8926,63,66,-3,3
8927,88,86,2,2
8928,79,74,5,5
8929,60,75,-15,15
8930,84,77,7,7
8931,123,123,0,0
8932,107,95,12,12
8933,94,93,1,1
8934,70,71,-1,1
8935,141,126,15,15
8936,56,61,-5,5
8937,166,168,-2,2
8938,120,98,22,22
8939,137,117,20,20
8940,88,90,-2,2
8941,127,96,31,31
8942,157,159,-2,2
8943,130,137,-7,7
8944,106,109,-3,3
8945,131,133,-2,2
8946,54,57,-3,3
8947,132,127,5,5
8948,80,79,1,1
8949,81,84,-3,3
8950,128,109,19,19
8951,36,54,-18,18
8952,106,112,-6,6
8953,85,79,6,6
8954,64,65,-1,1
8955,81,74,7,7
8956,120,112,8,8
8957,130,123,7,7
8958,99,90,9,9
8959,70,67,3,3
8960,78,71,7,7
8961,112,107,5,5
8962,82,80,2,2
8963,184,173,11,11
8964,129,139,-10,10
8965,111,101,10,10
8966,99,101,-2,2
8967,51,57,-6,6
8968,102,100,2,2
8969,66,66,0,0
8970,74,78,-4,4
8971,129,125,4,4
8972,54,70,-16,16
8973,117,138,-21,21
8974,120,116,4,4
8975,73,79,-6,6
8976,177,165,12,12
8977,157,160,-3,3
8978,77,74,3,3
8979,55,63,-8,8
8980,132,119,13,13
8981,180,167,13,13
8982,72,77,-5,5
8983,88,91,-3,3
8984,71,75,-4,4
8985,85,81,4,4
8986,51,52,-1,1
8987,61,62,-1,1
8988,76,77,-1,1
8989,90,93,-3,3
8990,64,65,-1,1
8991,67,92,-25,25
8992,95,87,8,8
8993,46,65,-19,19
8994,92,80,12,12
8995,121,140,-19,19
8996,93,95,-2,2
8997,92,94,-2,2
8998,52,52,0,0
8999,112,121,-9,9
9000,66,102,-36,36
9001,76,78,-2,2
9002,157,140,17,17
9003,75,68,7,7
9004,68,69,-1,1
9005,64,73,-9,9
9006,135,127,8,8
9007,107,101,6,6
9008,79,76,3,3
9009,82,76,6,6
9010,101,85,16,16
9011,142,171,-29,29
9012,108,102,6,6
9013,93,93,0,0
9014,111,111,0,0
9015,111,107,4,4
9016,101,92,9,9
9017,67,57,10,10
9018,58,60,-2,2
9019,117,111,6,6
9020,100,94,6,6
9021,96,90,6,6
9022,106,101,5,5
9023,82,82,0,0
9024,57,57,0,0
9025,95,81,14,14
9026,92,79,13,13
9027,78,80,-2,2
9028,85,81,4,4
9029,46,58,-12,12
9030,60,73,-13,13
9031,68,77,-9,9
9032,90,85,5,5
9033,106,102,4,4
9034,72,67,5,5
9035,91,90,1,1
9036,142,142,0,0
9037,63,61,2,2
9038,55,63,-8,8
9039,112,109,3,3
9040,165,170,-5,5
9041,80,77,3,3
9042,58,55,3,3
9043,96,97,-1,1
9044,69,65,4,4
9045,85,98,-13,13
9046,74,73,1,1
9047,148,138,10,10
9048,61,59,2,2
9049,114,118,-4,4
9050,117,113,4,4
9051,87,80,7,7
9052,148,145,3,3
9053,129,116,13,13
9054,100,90,10,10
9055,79,69,10,10
9056,84,76,8,8
9057,75,78,-3,3
9058,101,94,7,7
9059,74,75,-1,1
9060,98,83,15,15
9061,97,93,4,4
9062,58,69,-11,11
9063,104,99,5,5
9064,122,114,8,8
9065,33,50,-17,17
9066,62,61,1,1
9067,59,71,-12,12
9068,66,70,-4,4
9069,112,109,3,3
9070,109,101,8,8
9071,67,72,-5,5
9072,157,192,-35,35
9073,147,145,2,2
9074,114,106,8,8
9075,45,53,-8,8
9076,71,70,1,1
9077,135,127,8,8
9078,64,59,5,5
9079,101,110,-9,9
9080,93,91,2,2
9081,92,74,18,18
9082,128,127,1,1
9083,90,79,11,11
9084,113,89,24,24
9085,62,71,-9,9
9086,66,67,-1,1
9087,69,74,-5,5
9088,90,85,5,5
9089,69,73,-4,4
9090,87,85,2,2
9091,70,79,-9,9
9092,88,86,2,2
9093,60,64,-4,4
9094,172,169,3,3
9095,94,79,15,15
9096,53,64,-11,11
9097,81,76,5,5
9098,103,87,16,16
9099,146,141,5,5
9100,93,92,1,1
9101,106,110,-4,4
9102,115,109,6,6
9103,171,153,18,18
9104,80,92,-12,12
9105,89,78,11,11
9106,75,76,-1,1
9107,197,174,23,23
9108,52,63,-11,11
9109,56,63,-7,7
9110,76,78,-2,2
9111,136,127,9,9
9112,127,124,3,3
9113,102,106,-4,4
9114,100,97,3,3
9115,154,144,10,10
9116,127,138,-11,11
9117,115,112,3,3
9118,69,72,-3,3
9119,113,100,13,13
9120,116,113,3,3
9121,92,89,3,3
9122,95,98,-3,3
9123,81,75,6,6
9124,81,80,1,1
9125,148,149,-1,1
9126,94,90,4,4
9127,117,110,7,7
9128,47,53,-6,6
9129,100,96,4,4
9130,133,128,5,5
9131,79,84,-5,5
9132,147,129,18,18
9133,62,63,-1,1
9134,77,73,4,4
9135,154,146,8,8
9136,112,115,-3,3
9137,65,61,4,4
9138,42,54,-12,12
9139,114,108,6,6
9140,114,103,11,11
9141,77,67,10,10
9142,68,78,-10,10
9143,84,92,-8,8
9144,120,118,2,2
9145,132,129,3,3
9146,113,125,-12,12
9147,86,80,6,6
9148,78,73,5,5
9149,73,88,-15,15
9150,68,65,3,3
9151,93,90,3,3
9152,113,126,-13,13
9153,58,55,3,3
9154,63,70,-7,7
9155,54,60,-6,6
9156,123,100,23,23
9157,43,61,-18,18
9158,82,62,20,20
9159,144,145,-1,1
9160,73,77,-4,4
9161,49,56,-7,7
9162,103,92,11,11
9163,179,195,-16,16
9164,106,98,8,8
9165,93,120,-27,27
9166,135,144,-9,9
9167,120,119,1,1
9168,130,125,5,5
9169,79,85,-6,6
9170,82,77,5,5
9171,55,53,2,2
9172,74,69,5,5
9173,153,152,1,1
9174,93,89,4,4
9175,107,100,7,7
9176,136,150,-14,14
9177,88,82,6,6
9178,56,72,-16,16
9179,171,165,6,6
9180,115,107,8,8
9181,53,61,-8,8
9182,124,123,1,1
9183,117,102,15,15
9184,76,72,4,4
9185,168,158,10,10
9186,78,68,10,10
9187,42,55,-13,13
9188,74,65,9,9
9189,156,137,19,19
9190,81,87,-6,6
9191,88,83,5,5
9192,169,156,13,13
9193,74,65,9,9
9194,108,101,7,7
9195,98,85,13,13
9196,175,198,-23,23
9197,39,60,-21,21
9198,47,53,-6,6
9199,100,81,19,19
9200,105,89,16,16
9201,103,96,7,7
9202,114,108,6,6
9203,65,67,-2,2
9204,70,58,12,12
9205,79,78,1,1
9206,96,91,5,5
9207,123,133,-10,10
9208,94,86,8,8
9209,124,129,-5,5
9210,102,92,10,10
9211,108,101,7,7
9212,78,71,7,7
9213,111,112,-1,1
9214,84,83,1,1
9215,58,58,0,0
9216,124,112,12,12
9217,92,76,16,16
9218,75,75,0,0
9219,64,59,5,5
9220,89,77,12,12
9221,88,93,-5,5
9222,58,73,-15,15
9223,116,115,1,1
9224,57,69,-12,12
9225,98,94,4,4
9226,138,150,-12,12
9227,87,84,3,3
9228,58,55,3,3
9229,141,126,15,15
9230,72,72,0,0
9231,63,74,-11,11
9232,173,170,3,3
9233,113,111,2,2
9234,114,109,5,5
9235,95,82,13,13
9236,80,79,1,1
9237,75,73,2,2
9238,113,105,8,8
9239,86,90,-4,4
9240,54,66,-12,12
9241,99,87,12,12
9242,149,129,20,20
9243,73,63,10,10
9244,86,73,13,13
9245,108,95,13,13
9246,74,73,1,1
9247,59,77,-18,18
9248,106,113,-7,7
9249,158,142,16,16
9250,45,66,-21,21
9251,77,69,8,8
9252,116,133,-17,17
9253,52,61,-9,9
9254,93,103,-10,10
9255,129,116,13,13
9256,63,67,-4,4
9257,41,64,-23,23
9258,62,57,5,5
9259,168,153,15,15
9260,117,125,-8,8
9261,142,133,9,9
9262,112,104,8,8
9263,101,84,17,17
9264,86,81,5,5
9265,77,80,-3,3
9266,141,134,7,7
9267,80,98,-18,18
9268,107,120,-13,13
9269,90,84,6,6
9270,65,72,-7,7
9271,57,64,-7,7
9272,89,82,7,7
9273,63,66,-3,3
9274,121,127,-6,6
9275,108,98,10,10
9276,83,80,3,3
9277,116,103,13,13
9278,66,67,-1,1
9279,128,132,-4,4
9280,98,97,1,1
9281,76,71,5,5
9282,130,119,11,11
9283,55,65,-10,10
9284,64,62,2,2
9285,107,114,-7,7
9286,117,102,15,15
9287,124,125,-1,1
9288,88,88,0,0
9289,44,50,-6,6
9290,89,86,3,3
9291,82,88,-6,6
9292,78,75,3,3
9293,63,64,-1,1
9294,60,68,-8,8
9295,55,64,-9,9
9296,80,85,-5,5
9297,56,65,-9,9
9298,68,74,-6,6
9299,177,177,0,0
9300,69,74,-5,5
9301,63,66,-3,3
9302,116,107,9,9
9303,96,102,-6,6
9304,142,114,28,28
9305,85,79,6,6
9306,56,71,-15,15
9307,91,77,14,14
9308,72,71,1,1
9309,69,76,-7,7
9310,114,102,12,12
9311,131,132,-1,1
9312,70,77,-7,7
9313,138,132,6,6
9314,103,96,7,7
9315,69,71,-2,2
9316,97,90,7,7
9317,98,112,-14,14
9318,117,108,9,9
9319,95,100,-5,5
9320,130,124,6,6
9321,174,160,14,14
9322,114,120,-6,6
9323,87,86,1,1
9324,92,88,4,4
9325,57,59,-2,2
9326,93,88,5,5
9327,90,92,-2,2
9328,87,96,-9,9
9329,87,89,-2,2
9330,115,115,0,0
9331,103,106,-3,3
9332,66,64,2,2
9333,95,81,14,14
9334,98,95,3,3
9335,82,75,7,7
9336,63,51,12,12
9337,39,61,-22,22
9338,60,55,5,5
9339,112,107,5,5
9340,159,158,1,1
9341,41,56,-15,15
9342,96,93,3,3
9343,117,108,9,9
9344,69,73,-4,4
9345,82,86,-4,4
9346,125,103,22,22
9347,82,71,11,11
9348,65,68,-3,3
9349,92,78,14,14
9350,91,90,1,1
9351,91,90,1,1
9352,95,84,11,11
9353,28,47,-19,19
9354,64,68,-4,4
9355,73,63,10,10
9356,122,115,7,7
9357,76,81,-5,5
9358,82,81,1,1
9359,134,126,8,8
9360,118,108,10,10
9361,72,75,-3,3
9362,96,120,-24,24
9363,176,169,7,7
9364,156,157,-1,1
9365,64,80,-16,16
9366,99,101,-2,2
9367,94,83,11,11
9368,84,84,0,0
9369,88,87,1,1
9370,144,153,-9,9
9371,123,117,6,6
9372,99,100,-1,1
9373,63,73,-10,10
9374,64,62,2,2
9375,141,128,13,13
9376,71,93,-22,22
9377,166,164,2,2
9378,118,108,10,10
9379,120,107,13,13
9380,145,134,11,11
9381,87,87,0,0
9382,90,94,-4,4
9383,80,90,-10,10
9384,125,127,-2,2
9385,59,60,-1,1
9386,171,162,9,9
9387,72,66,6,6
9388,121,111,10,10
9389,47,46,1,1
9390,73,80,-7,7
9391,124,107,17,17
9392,87,85,2,2
9393,95,91,4,4
9394,77,68,9,9
9395,167,173,-6,6
9396,53,47,6,6
9397,89,80,9,9
9398,83,70,13,13
9399,77,91,-14,14
9400,127,115,12,12
9401,94,97,-3,3
9402,95,87,8,8
9403,93,89,4,4
9404,74,62,12,12
9405,112,112,0,0
9406,117,101,16,16
9407,69,73,-4,4
9408,88,87,1,1
9409,71,68,3,3
9410,57,56,1,1
9411,89,77,12,12
9412,98,106,-8,8
9413,123,124,-1,1
9414,88,75,13,13
9415,136,124,12,12
9416,85,70,15,15
9417,93,81,12,12
9418,150,146,4,4
9419,50,51,-1,1
9420,77,78,-1,1
9421,87,87,0,0
9422,123,110,13,13
9423,71,72,-1,1
9424,142,143,-1,1
9425,78,82,-4,4
9426,111,92,19,19
9427,54,77,-23,23
9428,66,72,-6,6
9429,110,98,12,12
9430,96,93,3,3
9431,56,57,-1,1
9432,17,49,-32,32
9433,84,85,-1,1
9434,108,103,5,5
9435,103,89,14,14
9436,102,95,7,7
9437,81,86,-5,5
9438,125,119,6,6
9439,120,131,-11,11
9440,89,87,2,2
9441,73,68,5,5
9442,110,107,3,3
9443,86,82,4,4
9444,94,99,-5,5
9445,76,75,1,1
9446,72,72,0,0
9447,41,53,-12,12
9448,129,122,7,7
9449,80,80,0,0
9450,92,79,13,13
9451,208,182,26,26
9452,170,175,-5,5
9453,88,82,6,6
9454,43,60,-17,17
9455,65,63,2,2
9456,52,74,-22,22
9457,44,60,-16,16
9458,96,99,-3,3
9459,165,151,14,14
9460,92,79,13,13
9461,104,90,14,14
9462,131,132,-1,1
9463,73,77,-4,4
9464,131,114,17,17
9465,51,71,-20,20
9466,63,76,-13,13
9467,107,110,-3,3
9468,109,129,-20,20
9469,131,113,18,18
9470,96,86,10,10
9471,90,77,13,13
9472,60,65,-5,5
9473,106,106,0,0
9474,101,77,24,24
9475,67,82,-15,15
9476,117,112,5,5
9477,76,83,-7,7
9478,78,67,11,11
9479,94,84,10,10
9480,95,91,4,4
9481,78,68,10,10
9482,133,132,1,1
9483,41,43,-2,2
9484,105,105,0,0
9485,102,100,2,2
9486,88,98,-10,10
9487,106,109,-3,3
9488,89,84,5,5
9489,98,117,-19,19
9490,128,127,1,1
9491,102,97,5,5
9492,132,133,-1,1
9493,101,103,-2,2
9494,144,141,3,3
9495,61,68,-7,7
9496,61,66,-5,5
9497,114,119,-5,5
9498,125,124,1,1
9499,70,70,0,0
9500,83,69,14,14
9501,147,148,-1,1
9502,97,99,-2,2
9503,82,83,-1,1
9504,87,78,9,9
9505,94,88,6,6
9506,54,65,-11,11
9507,71,80,-9,9
9508,105,95,10,10
9509,87,81,6,6
9510,95,95,0,0
9511,71,79,-8,8
9512,76,79,-3,3
9513,123,119,4,4
9514,127,146,-19,19
9515,84,86,-2,2
9516,48,70,-22,22
9517,108,93,15,15
9518,157,133,24,24
9519,54,52,2,2
9520,100,89,11,11
9521,118,113,5,5
9522,57,56,1,1
9523,137,137,0,0
9524,80,74,6,6
9525,48,49,-1,1
9526,49,53,-4,4
9527,94,95,-1,1
9528,101,91,10,10
9529,64,72,-8,8
9530,114,129,-15,15
9531,82,79,3,3
9532,62,64,-2,2
9533,57,66,-9,9
9534,88,90,-2,2
9535,92,96,-4,4
9536,66,87,-21,21
9537,76,75,1,1
9538,59,63,-4,4
9539,89,94,-5,5
9540,63,67,-4,4
9541,51,65,-14,14
9542,123,117,6,6
9543,88,87,1,1
9544,59,71,-12,12
9545,66,65,1,1
9546,135,117,18,18
9547,54,61,-7,7
9548,24,43,-19,19
9549,91,83,8,8
9550,166,169,-3,3
9551,45,56,-11,11
9552,95,89,6,6
9553,99,97,2,2
9554,70,78,-8,8
9555,81,73,8,8
9556,97,73,24,24
9557,75,82,-7,7
9558,55,61,-6,6
9559,86,93,-7,7
9560,172,170,2,2
9561,65,76,-11,11
9562,174,187,-13,13
9563,78,77,1,1
9564,81,88,-7,7
9565,68,59,9,9
9566,74,68,6,6
9567,46,50,-4,4
9568,119,124,-5,5
9569,48,67,-19,19
9570,112,113,-1,1
9571,135,153,-18,18
9572,91,78,13,13
9573,103,94,9,9
9574,95,113,-18,18
9575,91,74,17,17
9576,201,188,13,13
9577,89,85,4,4
9578,71,77,-6,6
9579,198,199,-1,1
9580,93,83,10,10
9581,82,79,3,3
9582,132,132,0,0
9583,79,82,-3,3
9584,60,66,-6,6
9585,72,79,-7,7
9586,107,111,-4,4
9587,112,106,6,6
9588,99,97,2,2
9589,104,116,-12,12
9590,68,63,5,5
9591,57,59,-2,2
9592,47,66,-19,19
9593,96,82,14,14
9594,95,99,-4,4
9595,43,54,-11,11
9596,116,98,18,18
9597,65,75,-10,10
9598,106,96,10,10
9599,117,115,2,2
9600,96,88,8,8
9601,67,61,6,6
9602,100,100,0,0
9603,108,104,4,4
9604,103,100,3,3
9605,58,56,2,2
9606,88,91,-3,3
9607,133,130,3,3
9608,161,148,13,13
9609,95,83,12,12
9610,99,87,12,12
9611,69,76,-7,7
9612,112,106,6,6
9613,127,114,13,13
9614,66,58,8,8
9615,116,109,7,7
9616,105,106,-1,1
9617,100,94,6,6
9618,93,96,-3,3
9619,79,80,-1,1
9620,121,106,15,15
9621,86,92,-6,6
9622,88,80,8,8
9623,177,161,16,16
9624,67,64,3,3
9625,73,66,7,7
9626,105,87,18,18
9627,115,111,4,4
9628,141,136,5,5
9629,75,70,5,5
9630,58,56,2,2
9631,86,83,3,3
9632,137,134,3,3
9633,113,109,4,4
9634,92,81,11,11
9635,83,83,0,0
9636,103,118,-15,15
9637,145,129,16,16
9638,84,86,-2,2
9639,123,125,-2,2
9640,104,98,6,6
9641,61,56,5,5
9642,79,74,5,5
9643,90,110,-20,20
9644,115,110,5,5
9645,138,144,-6,6
9646,80,74,6,6
9647,92,100,-8,8
9648,126,120,6,6
9649,62,62,0,0
9650,81,78,3,3
9651,88,85,3,3
9652,90,95,-5,5
9653,70,62,8,8
9654,113,107,6,6
9655,81,79,2,2
9656,70,75,-5,5
9657,87,89,-2,2
9658,62,69,-7,7
9659,54,55,-1,1
9660,85,88,-3,3
9661,76,68,8,8
9662,44,49,-5,5
9663,106,96,10,10
9664,116,115,1,1
9665,114,100,14,14
9666,156,160,-4,4
9667,127,114,13,13
9668,61,67,-6,6
9669,57,68,-11,11
9670,128,122,6,6
9671,90,80,10,10
9672,113,101,12,12
9673,81,75,6,6
9674,48,63,-15,15
9675,47,59,-12,12
9676,139,128,11,11
9677,154,155,-1,1
9678,104,105,-1,1
9679,97,100,-3,3
9680,123,112,11,11
9681,68,62,6,6
9682,94,89,5,5
9683,77,83,-6,6
9684,45,58,-13,13
9685,78,80,-2,2
9686,75,71,4,4
9687,79,77,2,2
9688,175,186,-11,11
9689,117,108,9,9
9690,108,96,12,12
9691,106,109,-3,3
9692,82,71,11,11
9693,112,109,3,3
9694,74,82,-8,8
9695,117,110,7,7
9696,94,99,-5,5
9697,226,224,2,2
9698,120,106,14,14
9699,40,55,-15,15
9700,40,103,-63,63
9701,119,118,1,1
9702,51,69,-18,18
9703,61,66,-5,5
9704,119,119,0,0
9705,97,82,15,15
9706,70,72,-2,2
9707,101,88,13,13
9708,160,148,12,12
9709,88,73,15,15
9710,41,51,-10,10
9711,86,81,5,5
9712,76,82,-6,6
9713,66,67,-1,1
9714,110,110,0,0
9715,120,113,7,7
9716,97,93,4,4
9717,89,92,-3,3
9718,117,106,11,11
9719,59,66,-7,7
9720,145,135,10,10
9721,84,75,9,9
9722,78,84,-6,6
9723,65,57,8,8
9724,62,66,-4,4
9725,114,113,1,1
9726,76,80,-4,4
9727,51,48,3,3
9728,131,145,-14,14
9729,162,184,-22,22
9730,90,93,-3,3
9731,95,106,-11,11
9732,49,58,-9,9
9733,81,86,-5,5
9734,103,98,5,5
9735,136,141,-5,5
9736,116,109,7,7
9737,74,77,-3,3
9738,54,63,-9,9
9739,110,113,-3,3
9740,113,89,24,24
9741,142,116,26,26
9742,130,98,32,32
9743,156,151,5,5
9744,186,190,-4,4
9745,70,70,0,0
9746,115,98,17,17
9747,149,127,22,22
9748,135,135,0,0
9749,72,63,9,9
9750,143,137,6,6
9751,190,180,10,10
9752,117,126,-9,9
9753,124,95,29,29
9754,78,89,-11,11
9755,90,87,3,3
9756,49,48,1,1
9757,52,56,-4,4
9758,48,67,-19,19
9759,69,75,-6,6
9760,69,64,5,5
9761,40,59,-19,19
9762,89,91,-2,2
9763,85,80,5,5
9764,104,109,-5,5
9765,130,120,10,10
9766,110,86,24,24
9767,136,124,12,12
9768,91,81,10,10
9769,83,78,5,5
9770,50,51,-1,1
9771,104,106,-2,2
9772,83,83,0,0
9773,114,107,7,7
9774,119,129,-10,10
9775,88,81,7,7
9776,68,78,-10,10
9777,84,102,-18,18
9778,93,76,17,17
9779,56,76,-20,20
9780,66,67,-1,1
9781,60,60,0,0
9782,58,57,1,1
9783,142,150,-8,8
9784,197,187,10,10
9785,53,62,-9,9
9786,86,107,-21,21
9787,85,82,3,3
9788,153,134,19,19
9789,58,52,6,6
9790,78,83,-5,5
9791,159,155,4,4
9792,129,124,5,5
9793,115,106,9,9
9794,64,62,2,2
9795,142,130,12,12
9796,83,78,5,5
9797,171,188,-17,17
9798,137,89,48,48
9799,107,108,-1,1
9800,101,85,16,16
9801,75,61,14,14
9802,103,91,12,12
9803,80,77,3,3
9804,51,49,2,2
9805,92,80,12,12
9806,88,90,-2,2
9807,96,96,0,0
9808,140,121,19,19
9809,107,100,7,7
9810,59,65,-6,6
9811,128,109,19,19
9812,80,74,6,6
9813,40,54,-14,14
9814,139,144,-5,5
9815,79,73,6,6
9816,89,85,4,4
9817,127,124,3,3
9818,132,119,13,13
9819,104,106,-2,2
9820,100,84,16,16
9821,76,78,-2,2
9822,182,154,28,28
9823,43,61,-18,18
9824,56,57,-1,1
9825,140,131,9,9
9826,98,92,6,6
9827,66,81,-15,15
9828,52,54,-2,2
9829,100,91,9,9
9830,131,114,17,17
9831,47,58,-11,11
9832,57,61,-4,4
9833,58,63,-5,5
9834,100,93,7,7
9835,143,152,-9,9
9836,81,69,12,12
9837,130,104,26,26
9838,63,69,-6,6
9839,84,101,-17,17
9840,86,82,4,4
9841,118,109,9,9
9842,109,99,10,10
9843,176,192,-16,16
9844,68,69,-1,1
9845,102,100,2,2
9846,65,72,-7,7
9847,88,86,2,2
9848,127,120,7,7
9849,56,61,-5,5
9850,104,105,-1,1
9851,105,82,23,23
9852,84,82,2,2
9853,27,66,-39,39
9854,95,95,0,0
9855,77,78,-1,1
9856,192,210,-18,18
9857,78,66,12,12
9858,122,119,3,3
9859,80,85,-5,5
9860,94,81,13,13
9861,126,122,4,4
9862,44,51,-7,7
9863,73,79,-6,6
9864,104,86,18,18
9865,71,76,-5,5
9866,65,75,-10,10
9867,96,75,21,21
9868,116,88,28,28
9869,103,103,0,0
9870,129,120,9,9
9871,143,148,-5,5
9872,100,111,-11,11
9873,133,117,16,16
9874,64,57,7,7
9875,121,117,4,4
9876,61,61,0,0
9877,55,57,-2,2
9878,49,62,-13,13
9879,86,85,1,1
9880,85,78,7,7
9881,61,63,-2,2
9882,128,137,-9,9
9883,91,77,14,14
9884,99,81,18,18
9885,92,87,5,5
9886,179,178,1,1
9887,114,94,20,20
9888,66,61,5,5
9889,78,85,-7,7
9890,69,65,4,4
9891,121,119,2,2
9892,85,67,18,18
9893,110,122,-12,12
9894,92,106,-14,14
9895,117,107,10,10
9896,174,181,-7,7
9897,135,142,-7,7
9898,64,60,4,4
9899,75,77,-2,2
9900,97,106,-9,9
9901,120,121,-1,1
9902,102,96,6,6
9903,91,79,12,12
9904,70,72,-2,2
9905,64,68,-4,4
9906,49,56,-7,7
9907,94,94,0,0
9908,71,72,-1,1
9909,136,163,-27,27
9910,68,74,-6,6
9911,122,115,7,7
9912,73,66,7,7
9913,114,106,8,8
9914,98,95,3,3
9915,104,107,-3,3
9916,103,99,4,4
9917,108,97,11,11
9918,127,119,8,8
9919,130,133,-3,3
9920,95,97,-2,2
9921,89,80,9,9
9922,73,79,-6,6
9923,157,135,22,22
9924,103,93,10,10
9925,105,100,5,5
9926,112,93,19,19
9927,109,100,9,9
9928,79,59,20,20
9929,92,111,-19,19
9930,72,58,14,14
9931,48,62,-14,14
9932,98,81,17,17
9933,111,109,2,2
9934,119,107,12,12
9935,139,119,20,20
9936,55,66,-11,11
9937,107,109,-2,2
9938,135,150,-15,15
9939,102,100,2,2
9940,88,93,-5,5
9941,105,110,-5,5
9942,136,114,22,22
9943,82,78,4,4
9944,67,73,-6,6
9945,123,122,1,1
9946,120,120,0,0
9947,94,98,-4,4
9948,51,50,1,1
9949,95,79,16,16
9950,92,86,6,6
9951,154,129,25,25
9952,76,92,-16,16
9953,59,53,6,6
9954,153,135,18,18
9955,66,77,-11,11
9956,96,99,-3,3
9957,131,124,7,7
9958,81,81,0,0
9959,80,79,1,1
9960,59,62,-3,3
9961,72,77,-5,5
9962,148,132,16,16
9963,123,130,-7,7
9964,72,60,12,12
9965,59,65,-6,6
9966,145,141,4,4
9967,95,98,-3,3
9968,125,112,13,13
9969,79,77,2,2
9970,79,78,1,1
9971,68,75,-7,7
9972,135,140,-5,5
9973,96,94,2,2
9974,64,66,-2,2
9975,62,56,6,6
9976,102,98,4,4
9977,141,136,5,5
9978,82,76,6,6
9979,84,69,15,15
9980,85,80,5,5
9981,77,71,6,6
9982,107,94,13,13
9983,94,86,8,8
9984,84,70,14,14
9985,90,87,3,3
9986,127,114,13,13
9987,94,91,3,3
9988,142,181,-39,39
9989,88,87,1,1
9990,104,94,10,10
9991,66,73,-7,7
9992,48,57,-9,9
9993,76,70,6,6
9994,105,117,-12,12
9995,62,63,-1,1
9996,82,78,4,4
9997,123,126,-3,3
9998,88,89,-1,1
9999,68,62,6,6
10000,171,153,18,18
10001,134,131,3,3
10002,81,74,7,7
10003,66,65,1,1
10004,49,62,-13,13
10005,92,86,6,6
10006,121,119,2,2
10007,133,124,9,9
10008,147,140,7,7
10009,81,81,0,0
10010,69,65,4,4
10011,83,81,2,2
10012,88,81,7,7
10013,59,61,-2,2
10014,91,93,-2,2
10015,153,152,1,1
10016,114,94,20,20
10017,77,84,-7,7
10018,85,80,5,5
10019,80,78,2,2
10020,74,74,0,0
10021,169,170,-1,1
10022,108,108,0,0
10023,121,121,0,0
10024,83,86,-3,3
10025,56,56,0,0
10026,74,79,-5,5
10027,53,56,-3,3
10028,80,80,0,0
10029,79,89,-10,10
10030,117,110,7,7
10031,174,166,8,8
10032,77,71,6,6
10033,114,95,19,19
10034,79,73,6,6
10035,158,147,11,11
10036,80,83,-3,3
10037,90,114,-24,24
10038,111,106,5,5
10039,155,137,18,18
10040,55,71,-16,16
10041,74,84,-10,10
10042,62,69,-7,7
10043,138,138,0,0
10044,143,155,-12,12
10045,113,116,-3,3
10046,100,103,-3,3
10047,115,101,14,14
10048,49,62,-13,13
10049,139,146,-7,7
10050,114,122,-8,8
10051,125,126,-1,1
10052,61,58,3,3
10053,136,132,4,4
10054,77,77,0,0
10055,211,206,5,5
10056,66,59,7,7
10057,111,98,13,13
10058,122,124,-2,2
10059,139,130,9,9
10060,121,108,13,13
10061,108,111,-3,3
10062,85,93,-8,8
10063,110,114,-4,4
10064,62,68,-6,6
10065,107,97,10,10
10066,49,55,-6,6
10067,82,65,17,17
10068,92,86,6,6
10069,59,74,-15,15
10070,56,69,-13,13
10071,105,92,13,13
10072,61,71,-10,10
10073,95,96,-1,1
10074,56,60,-4,4
10075,148,141,7,7
10076,123,125,-2,2
10077,111,121,-10,10
10078,75,76,-1,1
10079,139,150,-11,11
10080,68,75,-7,7
10081,90,79,11,11
10082,150,162,-12,12
10083,133,117,16,16
10084,49,58,-9,9
10085,62,59,3,3
10086,111,102,9,9
10087,117,112,5,5
10088,151,148,3,3
10089,100,96,4,4
10090,42,56,-14,14
10091,78,75,3,3
10092,48,56,-8,8
10093,118,111,7,7
10094,70,62,8,8
10095,117,124,-7,7
10096,61,81,-20,20
10097,94,96,-2,2
10098,78,79,-1,1
10099,170,169,1,1
10100,68,61,7,7
10101,78,74,4,4
10102,47,58,-11,11
10103,130,105,25,25
10104,80,76,4,4
10105,70,80,-10,10
10106,49,73,-24,24
10107,117,110,7,7
10108,86,86,0,0
10109,82,72,10,10
10110,54,61,-7,7
10111,160,158,2,2
10112,78,91,-13,13
10113,82,84,-2,2
10114,59,72,-13,13
10115,115,103,12,12
10116,86,87,-1,1
10117,119,115,4,4
10118,116,110,6,6
10119,90,94,-4,4
10120,75,81,-6,6
10121,81,80,1,1
10122,87,78,9,9
10123,108,96,12,12
10124,50,57,-7,7
10125,53,56,-3,3
10126,130,137,-7,7
10127,125,115,10,10
10128,118,108,10,10
10129,112,113,-1,1
10130,62,75,-13,13
10131,105,104,1,1
10132,90,88,2,2
10133,143,145,-2,2
10134,58,62,-4,4
10135,64,67,-3,3
10136,108,99,9,9
10137,98,80,18,18
10138,136,128,8,8
10139,101,107,-6,6
10140,85,86,-1,1
10141,92,90,2,2
10142,144,138,6,6
10143,80,78,2,2
10144,110,91,19,19
10145,66,61,5,5
10146,73,72,1,1
10147,59,59,0,0
10148,88,88,0,0
10149,74,77,-3,3
10150,61,64,-3,3
10151,125,110,15,15
10152,55,53,2,2
10153,115,109,6,6
10154,58,60,-2,2
10155,76,77,-1,1
10156,137,149,-12,12
10157,81,77,4,4
10158,116,113,3,3
10159,81,76,5,5
10160,94,87,7,7
10161,78,96,-18,18
10162,80,70,10,10
10163,99,96,3,3
10164,118,112,6,6
10165,137,128,9,9
10166,98,89,9,9
10167,71,73,-2,2
10168,83,74,9,9
10169,132,148,-16,16
10170,69,72,-3,3
10171,119,119,0,0
10172,101,114,-13,13
10173,92,85,7,7
10174,74,74,0,0
10175,95,101,-6,6
10176,67,70,-3,3
10177,50,58,-8,8
10178,106,96,10,10
10179,102,86,16,16
10180,359,327,32,32
10181,58,73,-15,15
10182,94,87,7,7
10183,90,81,9,9
10184,88,85,3,3
10185,105,96,9,9
10186,75,70,5,5
10187,89,91,-2,2
10188,86,73,13,13
10189,133,124,9,9
10190,35,64,-29,29
10191,88,77,11,11
10192,177,171,6,6
10193,100,100,0,0
10194,65,67,-2,2
10195,104,95,9,9
10196,67,60,7,7
10197,86,73,13,13
10198,123,112,11,11
10199,108,97,11,11
10200,84,88,-4,4
10201,54,66,-12,12
10202,95,96,-1,1
10203,86,97,-11,11
10204,70,76,-6,6
10205,84,79,5,5
10206,107,94,13,13
10207,45,55,-10,10
10208,85,86,-1,1
10209,79,65,14,14
10210,125,124,1,1
10211,92,87,5,5
10212,74,79,-5,5
10213,139,148,-9,9
10214,84,82,2,2
10215,103,113,-10,10
10216,60,66,-6,6
10217,78,77,1,1
10218,69,50,19,19
10219,131,135,-4,4
10220,102,98,4,4
10221,69,67,2,2
10222,58,59,-1,1
10223,43,61,-18,18
10224,29,57,-28,28
10225,86,83,3,3
10226,114,114,0,0
10227,38,50,-12,12
10228,113,108,5,5
10229,74,83,-9,9
10230,67,63,4,4
10231,221,205,16,16
10232,103,97,6,6
10233,224,225,-1,1
10234,82,96,-14,14
10235,104,102,2,2
10236,115,97,18,18
10237,70,84,-14,14
10238,92,86,6,6
10239,118,115,3,3
10240,159,147,12,12
10241,124,118,6,6
10242,165,135,30,30
10243,118,115,3,3
10244,79,69,10,10
10245,113,109,4,4
10246,61,68,-7,7
10247,112,106,6,6
10248,68,62,6,6
10249,71,71,0,0
10250,127,118,9,9
10251,82,87,-5,5
10252,63,69,-6,6
10253,189,203,-14,14
10254,73,85,-12,12
10255,76,68,8,8
10256,99,107,-8,8
10257,131,130,1,1
10258,88,82,6,6
10259,61,63,-2,2
10260,135,120,15,15
10261,52,75,-23,23
10262,114,111,3,3
10263,82,81,1,1
10264,106,95,11,11
10265,102,117,-15,15
10266,105,113,-8,8
10267,77,76,1,1
10268,66,68,-2,2
10269,129,116,13,13
10270,73,71,2,2
10271,77,75,2,2
10272,70,64,6,6
10273,40,64,-24,24
10274,55,73,-18,18
10275,130,129,1,1
10276,168,165,3,3
10277,76,61,15,15
10278,136,123,13,13
10279,104,108,-4,4
10280,52,60,-8,8
10281,151,144,7,7
10282,74,63,11,11
10283,60,64,-4,4
10284,90,77,13,13
10285,81,73,8,8
10286,118,122,-4,4
10287,96,88,8,8
10288,96,85,11,11
10289,151,162,-11,11
10290,125,122,3,3
10291,73,71,2,2
10292,107,92,15,15
10293,113,113,0,0
10294,118,113,5,5
10295,71,75,-4,4
10296,68,64,4,4
10297,65,65,0,0
10298,48,55,-7,7
10299,73,71,2,2
10300,86,101,-15,15
10301,45,52,-7,7
10302,87,83,4,4
10303,113,106,7,7
10304,137,130,7,7
10305,114,116,-2,2
10306,61,62,-1,1
10307,106,84,22,22
10308,128,123,5,5
10309,111,105,6,6
10310,100,96,4,4
10311,100,97,3,3
10312,133,141,-8,8
10313,96,94,2,2
10314,133,122,11,11
10315,130,125,5,5
10316,78,75,3,3
10317,130,112,18,18
10318,110,118,-8,8
10319,75,75,0,0
10320,144,143,1,1
10321,81,81,0,0
10322,63,63,0,0
10323,122,124,-2,2
10324,119,124,-5,5
10325,99,90,9,9
10326,111,106,5,5
10327,143,120,23,23
10328,104,119,-15,15
10329,93,83,10,10
10330,72,81,-9,9
10331,79,73,6,6
10332,128,127,1,1
10333,99,89,10,10
10334,76,78,-2,2
10335,100,93,7,7
10336,70,68,2,2
10337,148,149,-1,1
10338,68,60,8,8
10339,100,111,-11,11
10340,74,78,-4,4
10341,86,76,10,10
10342,93,82,11,11
10343,138,118,20,20
10344,149,164,-15,15
10345,65,59,6,6
10346,89,89,0,0
10347,117,70,47,47
10348,98,97,1,1
10349,127,125,2,2
10350,106,92,14,14
10351,68,70,-2,2
10352,160,142,18,18
10353,83,88,-5,5
10354,129,106,23,23
10355,117,99,18,18
10356,74,76,-2,2
10357,101,102,-1,1
10358,113,109,4,4
10359,121,111,10,10
10360,122,133,-11,11
10361,117,109,8,8
10362,131,135,-4,4
10363,68,72,-4,4
10364,86,97,-11,11
10365,97,94,3,3
10366,125,119,6,6
10367,65,71,-6,6
10368,49,53,-4,4
10369,81,86,-5,5
10370,103,100,3,3
10371,110,103,7,7
10372,86,83,3,3
10373,103,99,4,4
10374,103,104,-1,1
10375,59,63,-4,4
10376,119,107,12,12
10377,40,50,-10,10
10378,102,103,-1,1
10379,120,106,14,14
10380,103,105,-2,2
10381,101,94,7,7
10382,106,103,3,3
10383,110,106,4,4
10384,82,71,11,11
10385,88,82,6,6
10386,174,186,-12,12
10387,99,91,8,8
10388,66,70,-4,4
10389,105,112,-7,7
10390,59,64,-5,5
10391,128,107,21,21
10392,53,57,-4,4
10393,123,129,-6,6
10394,88,77,11,11
10395,80,81,-1,1
10396,72,88,-16,16
10397,73,75,-2,2
10398,60,62,-2,2
10399,88,80,8,8
10400,82,76,6,6
10401,156,151,5,5
10402,163,155,8,8
10403,73,73,0,0
10404,105,98,7,7
10405,137,126,11,11
10406,74,73,1,1
10407,85,82,3,3
10408,71,76,-5,5
10409,56,63,-7,7
10410,95,98,-3,3
10411,48,60,-12,12
10412,113,117,-4,4
10413,96,90,6,6
10414,111,97,14,14
10415,80,113,-33,33
10416,44,51,-7,7
10417,73,71,2,2
10418,132,104,28,28
10419,100,87,13,13
10420,126,114,12,12
10421,77,81,-4,4
10422,81,94,-13,13
10423,68,70,-2,2
10424,73,89,-16,16
10425,100,107,-7,7
10426,98,82,16,16
10427,60,60,0,0
10428,110,106,4,4
10429,102,97,5,5
10430,75,72,3,3
10431,138,139,-1,1
10432,81,70,11,11
10433,108,116,-8,8
10434,148,137,11,11
10435,59,68,-9,9
10436,88,88,0,0
10437,104,83,21,21
10438,72,67,5,5
10439,82,77,5,5
10440,93,91,2,2
10441,93,78,15,15
10442,160,163,-3,3
10443,129,119,10,10
10444,113,122,-9,9
10445,116,104,12,12
10446,119,110,9,9
10447,86,75,11,11
10448,44,41,3,3
10449,76,72,4,4
10450,61,63,-2,2
10451,80,79,1,1
10452,99,85,14,14
10453,87,99,-12,12
10454,117,119,-2,2
10455,50,77,-27,27
10456,150,142,8,8
10457,123,113,10,10
10458,100,66,34,34
10459,147,144,3,3
10460,185,198,-13,13
10461,59,67,-8,8
10462,81,71,10,10
10463,61,66,-5,5
10464,126,122,4,4
10465,82,80,2,2
10466,100,92,8,8
10467,81,78,3,3
10468,39,52,-13,13
10469,77,77,0,0
10470,51,64,-13,13
10471,98,107,-9,9
10472,133,152,-19,19
10473,80,81,-1,1
10474,151,140,11,11
10475,88,77,11,11
10476,55,56,-1,1
10477,72,75,-3,3
10478,75,88,-13,13
10479,77,66,11,11
10480,81,71,10,10
10481,144,137,7,7
10482,121,98,23,23
10483,57,63,-6,6
10484,69,64,5,5
10485,99,103,-4,4
10486,64,75,-11,11
10487,130,110,20,20
10488,106,111,-5,5
10489,72,74,-2,2
10490,67,79,-12,12
10491,68,60,8,8
10492,79,79,0,0
10493,81,84,-3,3
10494,69,69,0,0
10495,67,68,-1,1
10496,73,63,10,10
10497,39,49,-10,10
10498,112,120,-8,8
10499,71,73,-2,2
10500,132,119,13,13
10501,133,139,-6,6
10502,95,90,5,5
10503,112,101,11,11
10504,112,93,19,19
10505,99,114,-15,15
10506,71,81,-10,10
10507,127,133,-6,6
10508,89,95,-6,6
10509,87,79,8,8
10510,124,121,3,3
10511,66,73,-7,7
10512,92,100,-8,8
10513,80,70,10,10
10514,94,93,1,1
10515,146,159,-13,13
10516,139,140,-1,1
10517,136,137,-1,1
10518,63,63,0,0
10519,54,63,-9,9
10520,171,167,4,4
10521,91,74,17,17
10522,170,159,11,11
10523,147,123,24,24
10524,70,70,0,0
10525,140,146,-6,6
10526,117,113,4,4
10527,72,68,4,4
10528,132,126,6,6
10529,63,59,4,4
10530,102,102,0,0
10531,81,83,-2,2
10532,90,82,8,8
10533,87,76,11,11
10534,127,123,4,4
10535,56,61,-5,5
10536,44,49,-5,5
10537,122,113,9,9
10538,111,105,6,6
10539,66,74,-8,8
10540,110,113,-3,3
10541,101,107,-6,6
10542,119,123,-4,4
10543,75,81,-6,6
10544,65,72,-7,7
10545,55,62,-7,7
10546,76,72,4,4
10547,70,83,-13,13
10548,157,193,-36,36
10549,27,67,-40,40
10550,83,75,8,8
10551,125,117,8,8
10552,95,97,-2,2
10553,86,73,13,13
10554,116,116,0,0
10555,66,64,2,2
10556,144,172,-28,28
10557,96,98,-2,2
10558,94,101,-7,7
10559,37,65,-28,28
10560,195,183,12,12
10561,108,126,-18,18
10562,130,124,6,6
10563,78,80,-2,2
10564,57,65,-8,8
10565,72,63,9,9
10566,57,64,-7,7
10567,90,105,-15,15
10568,67,68,-1,1
10569,157,167,-10,10
10570,57,60,-3,3
10571,94,85,9,9
10572,69,68,1,1
10573,86,88,-2,2
10574,58,63,-5,5
10575,105,101,4,4
10576,74,78,-4,4
10577,116,110,6,6
10578,78,72,6,6
10579,115,107,8,8
10580,64,64,0,0
10581,127,117,10,10
10582,77,75,2,2
10583,99,89,10,10
10584,68,71,-3,3
10585,101,107,-6,6
10586,88,84,4,4
10587,121,121,0,0
10588,100,100,0,0
10589,87,73,14,14
10590,80,71,9,9
10591,43,58,-15,15
10592,103,113,-10,10
10593,149,141,8,8
10594,67,71,-4,4
10595,110,113,-3,3
10596,127,110,17,17
10597,55,57,-2,2
10598,133,131,2,2
10599,82,82,0,0
10600,45,60,-15,15
10601,59,60,-1,1
10602,120,113,7,7
10603,103,117,-14,14
10604,145,148,-3,3
10605,119,125,-6,6
10606,75,74,1,1
10607,74,73,1,1
10608,109,109,0,0
10609,148,145,3,3
10610,80,80,0,0
10611,68,74,-6,6
10612,116,120,-4,4
10613,114,109,5,5
10614,100,98,2,2
10615,72,65,7,7
10616,119,127,-8,8
10617,96,84,12,12
10618,58,59,-1,1
10619,132,134,-2,2
10620,169,162,7,7
10621,70,67,3,3
10622,90,84,6,6
10623,93,87,6,6
10624,107,118,-11,11
10625,124,111,13,13
10626,43,56,-13,13
10627,102,96,6,6
10628,107,106,1,1
10629,61,58,3,3
10630,62,62,0,0
10631,72,71,1,1
10632,129,115,14,14
10633,74,64,10,10
10634,81,73,8,8
10635,107,96,11,11
10636,79,80,-1,1
10637,43,50,-7,7
10638,72,64,8,8
10639,102,83,19,19
10640,93,90,3,3
10641,90,91,-1,1
10642,66,66,0,0
10643,125,119,6,6
10644,73,68,5,5
10645,78,69,9,9
10646,49,63,-14,14
10647,81,74,7,7
10648,74,79,-5,5
10649,78,79,-1,1
10650,82,80,2,2
10651,92,109,-17,17
10652,110,79,31,31
10653,96,82,14,14
10654,83,89,-6,6
10655,143,135,8,8
10656,88,75,13,13
10657,111,104,7,7
10658,54,58,-4,4
10659,66,64,2,2
10660,68,82,-14,14
10661,57,67,-10,10
10662,169,152,17,17
10663,63,67,-4,4
10664,131,140,-9,9
10665,102,96,6,6
10666,47,54,-7,7
10667,58,54,4,4
10668,127,111,16,16
10669,100,86,14,14
10670,109,113,-4,4
10671,109,103,6,6
10672,92,80,12,12
10673,93,74,19,19
10674,64,70,-6,6
10675,95,88,7,7
10676,97,87,10,10
10677,87,89,-2,2
10678,65,77,-12,12
10679,84,83,1,1
10680,140,112,28,28
10681,88,87,1,1
10682,56,54,2,2
10683,131,128,3,3
10684,107,100,7,7
10685,93,79,14,14
10686,125,117,8,8
10687,204,204,0,0
10688,128,110,18,18
10689,80,81,-1,1
10690,161,180,-19,19
10691,114,108,6,6
10692,96,77,19,19
10693,79,78,1,1
10694,60,57,3,3
10695,176,179,-3,3
10696,41,67,-26,26
10697,50,53,-3,3
10698,45,52,-7,7
10699,168,138,30,30
10700,65,75,-10,10
10701,57,66,-9,9
10702,98,94,4,4
10703,77,70,7,7
10704,84,78,6,6
10705,76,80,-4,4
10706,75,89,-14,14
10707,93,84,9,9
10708,71,96,-25,25
10709,87,80,7,7
10710,65,60,5,5
10711,130,111,19,19
10712,74,70,4,4
10713,34,48,-14,14
10714,129,106,23,23
10715,114,115,-1,1
10716,70,71,-1,1
10717,50,62,-12,12
10718,93,83,10,10
10719,55,54,1,1
10720,94,74,20,20
10721,46,55,-9,9
10722,50,60,-10,10
10723,104,92,12,12
10724,118,112,6,6
10725,102,92,10,10
10726,84,84,0,0
10727,165,179,-14,14
10728,97,94,3,3
10729,92,96,-4,4
10730,89,62,27,27
10731,76,75,1,1
10732,75,87,-12,12
10733,142,134,8,8
10734,96,94,2,2
10735,145,147,-2,2
10736,87,83,4,4
10737,64,56,8,8
10738,48,58,-10,10
10739,94,91,3,3
10740,69,71,-2,2
10741,66,66,0,0
10742,131,116,15,15
10743,98,90,8,8
10744,94,94,0,0
10745,65,63,2,2
10746,89,97,-8,8
10747,128,110,18,18
10748,144,133,11,11
10749,53,63,-10,10
10750,108,106,2,2
10751,29,54,-25,25
10752,58,58,0,0
10753,94,100,-6,6
10754,74,60,14,14
10755,133,135,-2,2
10756,75,79,-4,4
10757,87,80,7,7
10758,133,130,3,3
10759,74,52,22,22
10760,80,70,10,10
10761,52,65,-13,13
10762,116,112,4,4
10763,158,144,14,14
10764,224,195,29,29
10765,97,95,2,2
10766,128,119,9,9
10767,102,91,11,11
10768,114,100,14,14
10769,41,54,-13,13
10770,86,82,4,4
10771,42,59,-17,17
10772,111,105,6,6
10773,142,151,-9,9
10774,68,70,-2,2
10775,65,77,-12,12
10776,116,114,2,2
10777,91,92,-1,1
10778,157,167,-10,10
10779,140,134,6,6
10780,126,114,12,12
10781,77,77,0,0
10782,86,83,3,3
10783,102,96,6,6
10784,95,89,6,6
10785,64,55,9,9
10786,103,95,8,8
10787,55,64,-9,9
10788,77,73,4,4
10789,160,139,21,21
10790,58,64,-6,6
10791,191,181,10,10
10792,121,125,-4,4
10793,77,71,6,6
10794,161,146,15,15
10795,65,59,6,6
10796,80,99,-19,19
10797,77,74,3,3
10798,67,65,2,2
10799,51,70,-19,19
10800,76,74,2,2
10801,155,142,13,13
10802,96,81,15,15
10803,65,58,7,7
10804,98,89,9,9
10805,101,93,8,8
10806,49,54,-5,5
10807,112,89,23,23
10808,81,68,13,13
10809,49,56,-7,7
10810,65,67,-2,2
10811,90,84,6,6
10812,126,115,11,11
10813,48,62,-14,14
10814,120,113,7,7
10815,55,62,-7,7
10816,75,90,-15,15
10817,83,91,-8,8
10818,135,123,12,12
10819,131,131,0,0
10820,117,120,-3,3
10821,88,78,10,10
10822,92,91,1,1
10823,90,102,-12,12
10824,98,104,-6,6
10825,101,94,7,7
10826,138,138,0,0
10827,84,86,-2,2
10828,104,106,-2,2
10829,98,115,-17,17
10830,87,90,-3,3
10831,102,96,6,6
10832,81,75,6,6
10833,75,71,4,4
10834,145,127,18,18
10835,114,110,4,4
10836,63,60,3,3
10837,51,52,-1,1
10838,109,102,7,7
10839,69,68,1,1
10840,87,83,4,4
10841,72,69,3,3
10842,114,111,3,3
10843,96,83,13,13
10844,140,140,0,0
10845,171,166,5,5
10846,97,94,3,3
10847,77,76,1,1
10848,125,101,24,24
10849,75,69,6,6
10850,98,97,1,1
10851,118,121,-3,3
10852,120,108,12,12
10853,69,64,5,5
10854,57,60,-3,3
10855,129,120,9,9
10856,127,125,2,2
10857,81,77,4,4
10858,102,93,9,9
10859,154,147,7,7
10860,116,108,8,8
10861,47,53,-6,6
10862,124,118,6,6
10863,124,118,6,6
10864,138,122,16,16
10865,82,82,0,0
10866,120,107,13,13
10867,114,118,-4,4
10868,90,87,3,3
10869,88,81,7,7
10870,53,68,-15,15
10871,84,77,7,7
10872,80,76,4,4
10873,147,147,0,0
10874,79,77,2,2
10875,115,117,-2,2
10876,80,80,0,0
10877,117,108,9,9
10878,123,114,9,9
10879,54,63,-9,9
10880,93,96,-3,3
10881,145,146,-1,1
10882,128,133,-5,5
10883,73,66,7,7
10884,51,51,0,0
10885,65,70,-5,5
10886,102,109,-7,7
10887,95,94,1,1
10888,58,74,-16,16
10889,49,57,-8,8
10890,113,115,-2,2
10891,121,116,5,5
10892,148,143,5,5
10893,139,150,-11,11
10894,96,106,-10,10
10895,143,140,3,3
10896,92,90,2,2
10897,78,76,2,2
10898,11,68,-57,57
10899,66,69,-3,3
10900,79,74,5,5
10901,70,64,6,6
10902,67,65,2,2
10903,77,76,1,1
10904,144,149,-5,5
10905,84,88,-4,4
10906,50,55,-5,5
10907,79,75,4,4
10908,90,101,-11,11
10909,62,61,1,1
10910,134,147,-13,13
10911,110,87,23,23
10912,78,117,-39,39
10913,142,124,18,18
10914,79,78,1,1
10915,143,134,9,9
10916,80,81,-1,1
10917,37,49,-12,12
10918,70,63,7,7
10919,96,100,-4,4
10920,135,135,0,0
10921,76,74,2,2
10922,181,174,7,7
10923,105,109,-4,4
10924,49,59,-10,10
10925,65,64,1,1
10926,139,129,10,10
10927,38,52,-14,14
10928,83,65,18,18
10929,56,58,-2,2
10930,120,99,21,21
10931,109,109,0,0
10932,160,143,17,17
10933,117,122,-5,5
10934,92,95,-3,3
10935,99,95,4,4
10936,114,116,-2,2
10937,70,65,5,5
10938,93,97,-4,4
10939,112,95,17,17
10940,118,114,4,4
10941,72,70,2,2
10942,51,58,-7,7
10943,119,100,19,19
10944,85,79,6,6
10945,101,106,-5,5
10946,78,81,-3,3
10947,75,75,0,0
10948,69,78,-9,9
10949,120,111,9,9
10950,72,74,-2,2
10951,64,73,-9,9
10952,80,78,2,2
10953,80,78,2,2
10954,75,72,3,3
10955,76,65,11,11
10956,157,152,5,5
10957,80,87,-7,7
10958,117,111,6,6
10959,103,89,14,14
10960,129,106,23,23
10961,139,129,10,10
10962,98,82,16,16
10963,87,78,9,9
10964,165,142,23,23
10965,73,76,-3,3
10966,137,135,2,2
10967,150,142,8,8
10968,74,80,-6,6
10969,157,152,5,5
10970,82,92,-10,10
10971,74,67,7,7
10972,37,47,-10,10
10973,95,90,5,5
10974,104,95,9,9
10975,124,124,0,0
10976,37,42,-5,5
10977,80,99,-19,19
10978,80,91,-11,11
10979,88,81,7,7
10980,147,119,28,28
10981,65,76,-11,11
10982,101,97,4,4
10983,93,91,2,2
10984,71,73,-2,2
10985,64,59,5,5
10986,71,70,1,1
10987,60,64,-4,4
10988,64,71,-7,7
10989,55,67,-12,12
10990,48,72,-24,24
10991,141,130,11,11
10992,95,90,5,5
10993,58,62,-4,4
10994,95,86,9,9
10995,71,75,-4,4
10996,89,83,6,6
10997,125,117,8,8
10998,170,163,7,7
10999,153,158,-5,5
11000,84,73,11,11
11001,137,136,1,1
11002,81,74,7,7
11003,77,79,-2,2
11004,75,77,-2,2
11005,110,107,3,3
11006,53,63,-10,10
11007,92,85,7,7
11008,105,114,-9,9
11009,55,64,-9,9
11010,85,97,-12,12
11011,141,123,18,18
11012,126,132,-6,6
11013,82,84,-2,2
11014,124,120,4,4
11015,76,94,-18,18
11016,126,100,26,26
11017,56,60,-4,4
11018,65,67,-2,2
11019,91,89,2,2
11020,65,75,-10,10
11021,84,85,-1,1
11022,95,86,9,9
11023,109,101,8,8
11024,74,63,11,11
11025,60,63,-3,3
11026,65,72,-7,7
11027,77,76,1,1
11028,79,77,2,2
11029,65,67,-2,2
11030,110,110,0,0
11031,116,123,-7,7
11032,67,72,-5,5
11033,83,78,5,5
11034,120,107,13,13
11035,157,137,20,20
11036,123,116,7,7
11037,80,75,5,5
11038,99,98,1,1
11039,88,81,7,7
11040,67,72,-5,5
11041,134,126,8,8
11042,76,69,7,7
11043,96,100,-4,4
11044,83,84,-1,1
11045,57,55,2,2
11046,93,90,3,3
11047,60,59,1,1
11048,85,81,4,4
11049,62,73,-11,11
11050,110,107,3,3
11051,108,111,-3,3
11052,66,65,1,1
11053,67,67,0,0
11054,71,64,7,7
11055,79,72,7,7
11056,145,149,-4,4
11057,62,72,-10,10
11058,60,66,-6,6
11059,126,125,1,1
11060,120,120,0,0
11061,67,59,8,8
11062,96,82,14,14
11063,54,68,-14,14
11064,66,62,4,4
11065,101,94,7,7
11066,83,80,3,3
11067,120,103,17,17
11068,186,190,-4,4
11069,72,70,2,2
11070,91,81,10,10
11071,158,147,11,11
11072,67,74,-7,7
11073,118,98,20,20
11074,63,67,-4,4
11075,105,94,11,11
11076,124,94,30,30
11077,108,83,25,25
11078,121,116,5,5
11079,39,45,-6,6
11080,90,89,1,1
11081,218,234,-16,16
11082,71,84,-13,13
11083,81,79,2,2
11084,61,52,9,9
11085,86,80,6,6
11086,59,63,-4,4
11087,168,159,9,9
11088,86,92,-6,6
11089,104,107,-3,3
11090,89,87,2,2
11091,80,82,-2,2
11092,81,70,11,11
11093,87,75,12,12
11094,119,103,16,16
11095,136,128,8,8
11096,113,100,13,13
11097,68,84,-16,16
11098,86,79,7,7
11099,103,91,12,12
11100,72,75,-3,3
11101,142,146,-4,4
11102,172,189,-17,17
11103,166,169,-3,3
11104,96,103,-7,7
11105,106,82,24,24
11106,125,113,12,12
11107,125,116,9,9
11108,75,100,-25,25
11109,94,81,13,13
11110,103,101,2,2
11111,58,70,-12,12
11112,81,69,12,12
11113,133,124,9,9
11114,122,113,9,9
11115,99,102,-3,3
11116,67,62,5,5
11117,126,116,10,10
11118,91,87,4,4
11119,73,68,5,5
11120,89,83,6,6
11121,124,146,-22,22
11122,68,56,12,12
11123,126,119,7,7
11124,76,72,4,4
11125,167,155,12,12
11126,36,48,-12,12
11127,137,128,9,9
11128,93,87,6,6
11129,115,114,1,1
11130,125,120,5,5
11131,79,78,1,1
11132,59,59,0,0
11133,90,90,0,0
11134,73,74,-1,1
11135,74,68,6,6
11136,111,107,4,4
11137,129,125,4,4
11138,80,81,-1,1
11139,97,88,9,9
11140,83,83,0,0
11141,129,127,2,2
11142,120,115,5,5
11143,93,85,8,8
11144,95,100,-5,5
11145,101,84,17,17
11146,93,83,10,10
11147,112,120,-8,8
11148,103,97,6,6
11149,60,62,-2,2
11150,95,101,-6,6
11151,62,65,-3,3
11152,69,68,1,1
11153,83,93,-10,10
11154,53,60,-7,7
11155,98,77,21,21
11156,101,105,-4,4
11157,73,87,-14,14
11158,94,99,-5,5
11159,55,54,1,1
11160,93,108,-15,15
11161,70,66,4,4
11162,102,102,0,0
11163,75,66,9,9
11164,77,66,11,11
11165,96,94,2,2
11166,93,103,-10,10
11167,78,81,-3,3
11168,155,149,6,6
11169,94,91,3,3
11170,66,63,3,3
11171,71,79,-8,8
11172,96,91,5,5
11173,143,151,-8,8
11174,60,58,2,2
11175,79,83,-4,4
11176,93,96,-3,3
11177,126,114,12,12
11178,128,124,4,4
11179,103,89,14,14
11180,95,84,11,11
11181,86,93,-7,7
11182,95,87,8,8
11183,68,64,4,4
11184,102,95,7,7
11185,74,77,-3,3
11186,94,117,-23,23
11187,83,57,26,26
11188,107,98,9,9
11189,65,55,10,10
11190,66,69,-3,3
11191,113,113,0,0
11192,164,141,23,23
11193,60,66,-6,6
11194,139,155,-16,16
11195,96,101,-5,5
11196,87,71,16,16
11197,113,107,6,6
11198,180,163,17,17
11199,106,92,14,14
11200,73,72,1,1
11201,121,118,3,3
11202,125,120,5,5
11203,62,71,-9,9
11204,56,65,-9,9
11205,81,74,7,7
11206,103,88,15,15
11207,107,99,8,8
11208,70,61,9,9
11209,107,95,12,12
11210,167,229,-62,62
11211,72,69,3,3
11212,123,111,12,12
11213,178,203,-25,25
11214,142,140,2,2
11215,138,121,17,17
11216,148,146,2,2
11217,141,136,5,5
11218,119,123,-4,4
11219,67,59,8,8
11220,126,129,-3,3
11221,35,56,-21,21
11222,86,83,3,3
11223,82,86,-4,4
11224,135,170,-35,35
11225,111,96,15,15
11226,145,140,5,5
11227,99,88,11,11
11228,69,76,-7,7
11229,81,102,-21,21
11230,58,60,-2,2
11231,58,66,-8,8
11232,141,119,22,22
11233,75,60,15,15
11234,108,123,-15,15
11235,128,127,1,1
11236,87,95,-8,8
11237,90,86,4,4
11238,133,136,-3,3
11239,73,68,5,5
11240,63,73,-10,10
11241,73,73,0,0
11242,136,141,-5,5
11243,105,93,12,12
11244,60,64,-4,4
11245,102,98,4,4
11246,100,99,1,1
11247,57,65,-8,8
11248,71,62,9,9
11249,76,72,4,4
11250,58,65,-7,7
11251,204,189,15,15
11252,96,89,7,7
11253,113,99,14,14
11254,114,94,20,20
11255,138,133,5,5
11256,79,79,0,0
11257,142,131,11,11
11258,109,96,13,13
11259,141,145,-4,4
11260,73,78,-5,5
11261,89,83,6,6
11262,85,84,1,1
11263,159,140,19,19
11264,107,96,11,11
11265,68,77,-9,9
11266,79,76,3,3
11267,109,110,-1,1
11268,78,70,8,8
11269,61,72,-11,11
11270,102,108,-6,6
11271,140,123,17,17
11272,156,158,-2,2
11273,155,156,-1,1
11274,118,108,10,10
11275,85,70,15,15
11276,162,160,2,2
11277,105,102,3,3
11278,100,94,6,6
11279,102,96,6,6
11280,130,115,15,15
11281,55,51,4,4
11282,69,78,-9,9
11283,89,82,7,7
11284,39,57,-18,18
11285,139,128,11,11
11286,94,90,4,4
11287,79,70,9,9
11288,171,151,20,20
11289,139,137,2,2
11290,85,94,-9,9
11291,86,80,6,6
11292,114,105,9,9
11293,134,120,14,14
11294,51,56,-5,5
11295,47,55,-8,8
11296,56,61,-5,5
11297,72,77,-5,5
11298,96,102,-6,6
11299,143,143,0,0
11300,115,95,20,20
11301,99,107,-8,8
11302,91,91,0,0
11303,85,101,-16,16
11304,151,123,28,28
11305,42,55,-13,13
11306,125,117,8,8
11307,41,67,-26,26
11308,137,117,20,20
11309,100,86,14,14
11310,143,120,23,23
11311,174,164,10,10
11312,81,76,5,5
11313,106,111,-5,5
11314,150,140,10,10
11315,66,74,-8,8
11316,119,110,9,9
11317,133,120,13,13
11318,58,70,-12,12
11319,90,85,5,5
11320,111,109,2,2
11321,157,146,11,11
11322,106,104,2,2
11323,121,107,14,14
11324,61,65,-4,4
11325,111,109,2,2
11326,88,86,2,2
11327,81,77,4,4
11328,93,87,6,6
11329,77,77,0,0
11330,163,144,19,19
11331,104,98,6,6
11332,76,67,9,9
11333,52,73,-21,21
11334,87,89,-2,2
11335,104,94,10,10
11336,62,59,3,3
11337,112,121,-9,9
11338,76,77,-1,1
11339,129,123,6,6
11340,106,113,-7,7
11341,63,61,2,2
11342,87,83,4,4
11343,106,101,5,5
11344,86,80,6,6
11345,88,78,10,10
11346,89,92,-3,3
11347,71,74,-3,3
11348,116,99,17,17
11349,55,68,-13,13
11350,83,91,-8,8
11351,64,60,4,4
11352,71,74,-3,3
11353,128,123,5,5
11354,57,63,-6,6
11355,127,120,7,7
11356,47,65,-18,18
11357,94,79,15,15
11358,60,64,-4,4
11359,60,67,-7,7
11360,55,51,4,4
11361,97,97,0,0
11362,82,84,-2,2
11363,109,100,9,9
11364,111,100,11,11
11365,61,66,-5,5
11366,70,68,2,2
11367,79,74,5,5
11368,107,98,9,9
11369,89,81,8,8
11370,60,68,-8,8
11371,147,148,-1,1
11372,83,88,-5,5
11373,104,98,6,6
11374,134,129,5,5
11375,88,89,-1,1
11376,35,53,-18,18
11377,117,128,-11,11
11378,78,75,3,3
11379,149,131,18,18
11380,85,83,2,2
11381,97,94,3,3
11382,115,110,5,5
11383,109,91,18,18
11384,81,74,7,7
11385,81,83,-2,2
11386,93,94,-1,1
11387,123,125,-2,2
11388,95,96,-1,1
11389,102,99,3,3
11390,57,59,-2,2
11391,179,192,-13,13
11392,126,122,4,4
11393,62,70,-8,8
11394,65,75,-10,10
11395,109,102,7,7
11396,74,78,-4,4
11397,113,106,7,7
11398,121,118,3,3
11399,114,98,16,16
11400,63,55,8,8
11401,103,96,7,7
11402,80,75,5,5
11403,45,79,-34,34
11404,93,93,0,0
11405,121,107,14,14
11406,166,174,-8,8
11407,63,74,-11,11
11408,66,68,-2,2
11409,55,72,-17,17
11410,116,116,0,0
11411,96,94,2,2
11412,76,74,2,2
11413,54,65,-11,11
11414,108,100,8,8
11415,51,61,-10,10
11416,109,104,5,5
11417,75,73,2,2
11418,86,84,2,2
11419,82,88,-6,6
11420,36,55,-19,19
11421,64,74,-10,10
11422,119,107,12,12
11423,53,60,-7,7
11424,73,66,7,7
11425,58,56,2,2
11426,41,53,-12,12
11427,58,61,-3,3
11428,118,119,-1,1
11429,134,125,9,9
11430,75,73,2,2
11431,50,58,-8,8
11432,98,97,1,1
11433,33,45,-12,12
11434,109,101,8,8
11435,79,80,-1,1
11436,60,57,3,3
11437,100,103,-3,3
11438,85,70,15,15
11439,75,81,-6,6
11440,82,78,4,4
11441,57,75,-18,18
11442,164,165,-1,1
11443,157,146,11,11
11444,76,65,11,11
11445,72,75,-3,3
11446,57,80,-23,23
11447,96,113,-17,17
11448,90,78,12,12
11449,100,97,3,3
11450,129,127,2,2
11451,91,91,0,0
11452,98,90,8,8
11453,102,98,4,4
11454,198,193,5,5
11455,78,79,-1,1
11456,60,67,-7,7
11457,173,162,11,11
11458,98,97,1,1
11459,72,67,5,5
11460,90,116,-26,26
11461,170,175,-5,5
11462,163,144,19,19
11463,77,78,-1,1
11464,66,62,4,4
11465,67,52,15,15
11466,66,58,8,8
11467,99,78,21,21
11468,86,79,7,7
11469,85,86,-1,1
11470,71,69,2,2
11471,136,121,15,15
11472,86,83,3,3
11473,60,65,-5,5
11474,119,121,-2,2
11475,132,127,5,5
11476,114,118,-4,4
11477,66,64,2,2
11478,147,160,-13,13
11479,90,83,7,7
11480,112,104,8,8
11481,68,63,5,5
11482,119,106,13,13
11483,121,115,6,6
11484,70,87,-17,17
11485,124,117,7,7
11486,47,57,-10,10
11487,70,83,-13,13
11488,80,70,10,10
11489,44,52,-8,8
11490,75,83,-8,8
11491,65,65,0,0
11492,80,66,14,14
11493,95,90,5,5
11494,124,112,12,12
11495,50,69,-19,19
11496,133,127,6,6
11497,77,77,0,0
11498,105,109,-4,4
11499,70,75,-5,5
11500,86,87,-1,1
11501,97,84,13,13
11502,80,65,15,15
11503,98,109,-11,11
11504,106,108,-2,2
11505,74,66,8,8
11506,66,70,-4,4
11507,118,121,-3,3
11508,110,102,8,8
11509,156,143,13,13
11510,67,63,4,4
11511,170,137,33,33
11512,117,102,15,15
11513,101,98,3,3
11514,130,126,4,4
11515,93,104,-11,11
11516,105,99,6,6
11517,41,59,-18,18
11518,84,65,19,19
11519,59,63,-4,4
11520,141,136,5,5
11521,47,58,-11,11
11522,114,85,29,29
11523,137,119,18,18
11524,126,134,-8,8
11525,62,59,3,3
11526,111,104,7,7
11527,74,68,6,6
11528,81,75,6,6
11529,160,152,8,8
11530,102,100,2,2
11531,91,84,7,7
11532,83,82,1,1
11533,72,69,3,3
11534,68,74,-6,6
11535,126,106,20,20
11536,77,85,-8,8
11537,160,139,21,21
11538,106,106,0,0
11539,81,80,1,1
11540,170,140,30,30
11541,131,122,9,9
11542,50,60,-10,10
11543,115,107,8,8
11544,70,73,-3,3
11545,109,108,1,1
11546,72,60,12,12
11547,74,73,1,1
11548,67,70,-3,3
11549,81,72,9,9
11550,83,80,3,3
11551,105,99,6,6
11552,95,94,1,1
11553,133,121,12,12
11554,115,122,-7,7
11555,98,85,13,13
11556,55,47,8,8
11557,109,109,0,0
11558,50,59,-9,9
11559,145,129,16,16
11560,89,76,13,13
11561,85,80,5,5
11562,85,87,-2,2
11563,65,73,-8,8
11564,86,88,-2,2
11565,105,85,20,20
11566,53,64,-11,11
11567,60,62,-2,2
11568,121,114,7,7
11569,52,65,-13,13
11570,53,58,-5,5
11571,164,152,12,12
11572,92,92,0,0
11573,100,95,5,5
11574,111,104,7,7
11575,67,67,0,0
11576,169,155,14,14
11577,86,79,7,7
11578,51,59,-8,8
11579,96,84,12,12
11580,97,84,13,13
11581,82,73,9,9
11582,75,75,0,0
11583,103,93,10,10
11584,91,82,9,9
11585,108,102,6,6
11586,85,93,-8,8
11587,137,127,10,10
11588,88,87,1,1
11589,167,156,11,11
11590,65,75,-10,10
11591,92,85,7,7
11592,98,90,8,8
11593,68,69,-1,1
11594,65,58,7,7
11595,60,58,2,2
11596,71,72,-1,1
11597,50,57,-7,7
11598,79,73,6,6
11599,102,93,9,9
11600,85,68,17,17
11601,69,63,6,6
11602,105,105,0,0
11603,114,101,13,13
11604,77,82,-5,5
11605,70,55,15,15
11606,80,78,2,2
11607,137,137,0,0
11608,105,103,2,2
11609,83,83,0,0
11610,95,93,2,2
11611,70,75,-5,5
11612,183,188,-5,5
11613,50,62,-12,12
11614,164,166,-2,2
11615,125,113,12,12
11616,90,82,8,8
11617,108,110,-2,2
11618,150,144,6,6
11619,90,65,25,25
11620,73,78,-5,5
11621,86,89,-3,3
11622,91,98,-7,7
11623,108,99,9,9
11624,120,103,17,17
11625,127,94,33,33
11626,65,66,-1,1
11627,121,89,32,32
11628,80,75,5,5
11629,89,74,15,15
11630,81,83,-2,2
11631,96,67,29,29
11632,119,115,4,4
11633,118,123,-5,5
11634,128,131,-3,3
11635,56,75,-19,19
11636,56,81,-25,25
11637,86,82,4,4
11638,79,77,2,2
11639,116,102,14,14
11640,69,73,-4,4
11641,111,75,36,36
11642,81,95,-14,14
11643,56,63,-7,7
11644,119,117,2,2
11645,82,69,13,13
11646,81,65,16,16
11647,136,122,14,14
11648,127,131,-4,4
11649,108,114,-6,6
11650,129,117,12,12
11651,74,94,-20,20
11652,63,73,-10,10
11653,168,139,29,29
11654,100,103,-3,3
11655,66,65,1,1
11656,70,91,-21,21
11657,101,92,9,9
11658,112,102,10,10
11659,102,87,15,15
11660,124,112,12,12
11661,82,82,0,0
11662,94,97,-3,3
11663,70,77,-7,7
11664,72,72,0,0
11665,67,66,1,1
11666,117,121,-4,4
11667,47,57,-10,10
11668,110,89,21,21
11669,93,88,5,5
11670,64,58,6,6
11671,134,135,-1,1
11672,66,62,4,4
11673,69,74,-5,5
11674,99,92,7,7
11675,137,132,5,5
11676,58,64,-6,6
11677,85,74,11,11
11678,94,83,11,11
11679,104,98,6,6
11680,108,108,0,0
11681,89,77,12,12
11682,176,162,14,14
11683,88,85,3,3
11684,46,56,-10,10
11685,94,90,4,4
11686,162,166,-4,4
11687,92,92,0,0
11688,96,97,-1,1
11689,124,121,3,3
11690,74,78,-4,4
11691,68,72,-4,4
11692,67,70,-3,3
11693,90,95,-5,5
11694,87,65,22,22
11695,86,83,3,3
11696,68,67,1,1
11697,90,87,3,3
11698,77,80,-3,3
11699,126,105,21,21
11700,126,115,11,11
11701,94,87,7,7
11702,172,161,11,11
11703,63,80,-17,17
11704,101,90,11,11
11705,148,140,8,8
11706,87,90,-3,3
11707,127,110,17,17
11708,121,104,17,17
11709,142,130,12,12
11710,73,76,-3,3
11711,71,69,2,2
11712,103,136,-33,33
11713,39,60,-21,21
11714,99,106,-7,7
11715,69,65,4,4
11716,182,156,26,26
11717,138,163,-25,25
11718,142,138,4,4
11719,114,117,-3,3
11720,54,61,-7,7
11721,93,89,4,4
11722,110,102,8,8
11723,38,45,-7,7
11724,133,131,2,2
11725,143,146,-3,3
11726,125,128,-3,3
11727,69,73,-4,4
11728,120,111,9,9
11729,121,125,-4,4
11730,71,74,-3,3
11731,97,90,7,7
11732,104,90,14,14
11733,97,100,-3,3
11734,47,53,-6,6
11735,184,178,6,6
11736,110,111,-1,1
11737,67,63,4,4
11738,106,97,9,9
11739,66,78,-12,12
11740,118,106,12,12
11741,81,85,-4,4
11742,83,80,3,3
11743,64,71,-7,7
11744,70,59,11,11
11745,50,65,-15,15
11746,93,83,10,10
11747,157,136,21,21
11748,51,60,-9,9
11749,77,71,6,6
11750,87,80,7,7
11751,119,100,19,19
11752,115,107,8,8
11753,85,79,6,6
11754,63,68,-5,5
11755,91,92,-1,1
11756,67,62,5,5
11757,64,75,-11,11
11758,127,140,-13,13
11759,67,70,-3,3
11760,71,74,-3,3
11761,96,94,2,2
11762,111,107,4,4
11763,62,54,8,8
11764,77,71,6,6
11765,174,166,8,8
11766,138,122,16,16
11767,65,64,1,1
11768,116,102,14,14
11769,47,50,-3,3
11770,119,113,6,6
11771,94,85,9,9
11772,122,117,5,5
11773,92,95,-3,3
11774,148,136,12,12
11775,67,66,1,1
11776,101,104,-3,3
11777,86,85,1,1
11778,53,57,-4,4
11779,77,83,-6,6
11780,126,119,7,7
11781,74,73,1,1
11782,91,94,-3,3
11783,81,80,1,1
11784,43,56,-13,13
11785,114,112,2,2
11786,79,72,7,7
11787,96,91,5,5
11788,106,91,15,15
11789,79,84,-5,5
11790,120,136,-16,16
11791,107,98,9,9
11792,98,102,-4,4
11793,47,54,-7,7
11794,76,77,-1,1
11795,85,74,11,11
11796,67,69,-2,2
11797,79,80,-1,1
11798,90,101,-11,11
11799,84,84,0,0
11800,152,156,-4,4
11801,152,154,-2,2
11802,87,78,9,9
11803,65,61,4,4
11804,83,83,0,0
11805,205,202,3,3
11806,151,136,15,15
11807,114,94,20,20
11808,83,86,-3,3
11809,66,71,-5,5
11810,66,72,-6,6
11811,105,106,-1,1
11812,176,175,1,1
11813,166,165,1,1
11814,185,178,7,7
11815,108,108,0,0
11816,95,91,4,4
11817,67,86,-19,19
11818,87,83,4,4
11819,82,83,-1,1
11820,121,111,10,10
11821,71,77,-6,6
11822,62,62,0,0
11823,113,76,37,37
11824,104,101,3,3
11825,68,66,2,2
11826,93,103,-10,10
11827,74,67,7,7
11828,60,61,-1,1
11829,80,87,-7,7
11830,70,71,-1,1
11831,75,78,-3,3
11832,76,74,2,2
11833,75,70,5,5
11834,80,67,13,13
11835,45,50,-5,5
11836,93,99,-6,6
11837,99,117,-18,18
11838,77,78,-1,1
11839,89,80,9,9
11840,143,152,-9,9
11841,83,90,-7,7
11842,102,103,-1,1
11843,122,113,9,9
11844,118,103,15,15
11845,132,107,25,25
11846,102,107,-5,5
11847,75,74,1,1
11848,105,102,3,3
11849,124,119,5,5
11850,75,62,13,13
11851,47,62,-15,15
11852,130,136,-6,6
11853,147,141,6,6
11854,134,127,7,7
11855,71,68,3,3
11856,72,70,2,2
11857,42,59,-17,17
11858,97,89,8,8
11859,99,103,-4,4
11860,147,147,0,0
11861,127,127,0,0
11862,65,70,-5,5
11863,73,82,-9,9
11864,54,58,-4,4
11865,87,82,5,5
11866,125,134,-9,9
11867,120,122,-2,2
11868,75,76,-1,1
11869,101,103,-2,2
11870,139,136,3,3
11871,93,86,7,7
11872,85,90,-5,5
11873,162,165,-3,3
11874,158,160,-2,2
11875,234,221,13,13
11876,76,78,-2,2
11877,68,61,7,7
11878,60,57,3,3
11879,115,103,12,12
11880,92,85,7,7
11881,99,75,24,24
11882,95,85,10,10
11883,69,72,-3,3
11884,53,51,2,2
11885,100,96,4,4
11886,157,146,11,11
11887,103,94,9,9
11888,117,104,13,13
11889,100,93,7,7
11890,95,84,11,11
11891,146,128,18,18
11892,97,82,15,15
11893,49,65,-16,16
11894,83,82,1,1
11895,89,84,5,5
11896,97,98,-1,1
11897,98,101,-3,3
11898,99,87,12,12
11899,52,58,-6,6
11900,92,93,-1,1
11901,128,129,-1,1
11902,60,57,3,3
11903,47,57,-10,10
11904,106,93,13,13
11905,78,80,-2,2
11906,143,152,-9,9
11907,90,82,8,8
11908,125,117,8,8
11909,80,82,-2,2
11910,114,103,11,11
11911,161,164,-3,3
11912,120,114,6,6
11913,41,61,-20,20
11914,38,48,-10,10
11915,105,107,-2,2
11916,48,60,-12,12
11917,58,61,-3,3
11918,112,100,12,12
11919,59,56,3,3
11920,76,71,5,5
11921,118,110,8,8
11922,77,67,10,10
11923,51,58,-7,7
11924,76,67,9,9
11925,56,69,-13,13
11926,40,50,-10,10
11927,69,70,-1,1
11928,77,72,5,5
11929,91,98,-7,7
11930,149,144,5,5
11931,110,102,8,8
11932,115,115,0,0
11933,117,116,1,1
11934,93,95,-2,2
11935,31,53,-22,22
11936,111,119,-8,8
11937,79,74,5,5
11938,72,67,5,5
11939,44,50,-6,6
11940,89,86,3,3
11941,51,61,-10,10
11942,186,169,17,17
11943,144,123,21,21
11944,98,91,7,7
11945,68,69,-1,1
11946,82,86,-4,4
11947,110,102,8,8
11948,101,82,19,19
11949,73,73,0,0
11950,106,103,3,3
11951,50,56,-6,6
11952,128,126,2,2
11953,82,65,17,17
11954,39,61,-22,22
11955,57,66,-9,9
11956,100,100,0,0
11957,132,128,4,4
11958,58,59,-1,1
11959,65,67,-2,2
11960,46,51,-5,5
11961,90,92,-2,2
11962,132,125,7,7
11963,84,81,3,3
11964,95,87,8,8
11965,152,149,3,3
11966,67,74,-7,7
11967,96,103,-7,7
11968,78,70,8,8
11969,99,80,19,19
11970,71,85,-14,14
11971,116,104,12,12
11972,122,119,3,3
11973,81,80,1,1
11974,42,69,-27,27
11975,121,119,2,2
11976,144,133,11,11
11977,190,210,-20,20
11978,132,132,0,0
11979,112,93,19,19
11980,106,78,28,28
11981,104,83,21,21
11982,79,80,-1,1
11983,81,78,3,3
11984,92,104,-12,12
11985,55,59,-4,4
11986,85,81,4,4
11987,72,72,0,0
11988,48,62,-14,14
11989,92,103,-11,11
11990,44,52,-8,8
11991,112,100,12,12
11992,118,111,7,7
11993,74,73,1,1
11994,102,85,17,17
11995,93,106,-13,13
11996,113,102,11,11
11997,89,84,5,5
11998,133,128,5,5
11999,45,52,-7,7
12000,53,70,-17,17
12001,139,145,-6,6
12002,61,60,1,1
12003,85,94,-9,9
12004,67,73,-6,6
12005,81,82,-1,1
12006,33,54,-21,21
12007,74,67,7,7
12008,81,79,2,2
12009,81,93,-12,12
12010,114,118,-4,4
12011,158,168,-10,10
12012,59,68,-9,9
12013,60,63,-3,3
12014,111,105,6,6
12015,102,103,-1,1
12016,89,75,14,14
12017,80,73,7,7
12018,73,80,-7,7
12019,53,55,-2,2
12020,124,120,4,4
12021,108,99,9,9
12022,101,82,19,19
12023,93,90,3,3
12024,69,60,9,9
12025,111,115,-4,4
12026,74,71,3,3
12027,80,72,8,8
12028,101,83,18,18
12029,127,147,-20,20
12030,78,74,4,4
12031,143,147,-4,4
12032,114,124,-10,10
12033,49,68,-19,19
12034,115,118,-3,3
12035,103,110,-7,7
12036,84,81,3,3
12037,88,88,0,0
12038,92,77,15,15
12039,108,111,-3,3
12040,90,84,6,6
12041,65,77,-12,12
12042,60,65,-5,5
12043,72,64,8,8
12044,129,142,-13,13
12045,76,77,-1,1
12046,109,109,0,0
12047,88,88,0,0
12048,60,57,3,3
12049,47,43,4,4
12050,100,89,11,11
12051,117,122,-5,5
12052,125,109,16,16
12053,113,94,19,19
12054,54,63,-9,9
12055,111,101,10,10
12056,156,133,23,23
12057,110,98,12,12
12058,82,115,-33,33
12059,114,106,8,8
12060,68,79,-11,11
12061,66,66,0,0
12062,90,99,-9,9
12063,63,62,1,1
12064,100,95,5,5
12065,66,73,-7,7
12066,141,142,-1,1
12067,79,77,2,2
12068,104,92,12,12
12069,140,124,16,16
12070,72,73,-1,1
12071,39,49,-10,10
12072,118,107,11,11
12073,97,79,18,18
12074,95,99,-4,4
12075,86,83,3,3
12076,90,78,12,12
12077,86,96,-10,10
12078,95,86,9,9
12079,118,107,11,11
12080,94,88,6,6
12081,130,131,-1,1
12082,58,58,0,0
12083,121,127,-6,6
12084,125,134,-9,9
12085,150,147,3,3
12086,102,93,9,9
12087,122,118,4,4
12088,109,97,12,12
12089,74,73,1,1
12090,93,76,17,17
12091,53,62,-9,9
12092,117,116,1,1
12093,93,89,4,4
12094,191,204,-13,13
12095,142,125,17,17
12096,123,111,12,12
12097,83,81,2,2
12098,127,122,5,5
12099,83,80,3,3
12100,85,83,2,2
12101,83,76,7,7
12102,94,92,2,2
12103,164,166,-2,2
12104,72,66,6,6
12105,76,71,5,5
12106,122,104,18,18
12107,59,52,7,7
12108,87,80,7,7
12109,88,64,24,24
12110,61,59,2,2
12111,154,141,13,13
12112,159,155,4,4
12113,163,151,12,12
12114,104,97,7,7
12115,121,125,-4,4
12116,116,105,11,11
12117,98,89,9,9
12118,84,83,1,1
12119,42,54,-12,12
12120,78,76,2,2
12121,99,109,-10,10
12122,77,84,-7,7
12123,189,184,5,5
12124,66,76,-10,10
12125,144,147,-3,3
12126,196,170,26,26
12127,107,101,6,6
12128,68,76,-8,8
12129,88,80,8,8
12130,36,48,-12,12
12131,107,87,20,20
12132,123,91,32,32
12133,62,73,-11,11
12134,207,215,-8,8
12135,89,86,3,3
12136,74,79,-5,5
12137,87,87,0,0
12138,135,134,1,1
12139,72,71,1,1
12140,183,142,41,41
12141,118,116,2,2
12142,110,80,30,30
12143,111,108,3,3
12144,122,113,9,9
12145,90,89,1,1
12146,121,116,5,5
12147,58,50,8,8
12148,126,109,17,17
12149,105,106,-1,1
12150,109,108,1,1
12151,71,72,-1,1
12152,148,139,9,9
12153,95,94,1,1
12154,103,93,10,10
12155,90,80,10,10
12156,77,78,-1,1
12157,126,109,17,17
12158,141,141,0,0
12159,134,124,10,10
12160,49,68,-19,19
12161,99,102,-3,3
12162,130,129,1,1
12163,74,71,3,3
12164,64,64,0,0
12165,196,169,27,27
12166,106,102,4,4
12167,100,98,2,2
12168,88,86,2,2
12169,116,108,8,8
12170,107,108,-1,1
12171,128,114,14,14
12172,93,89,4,4
12173,150,131,19,19
12174,92,72,20,20
12175,96,85,11,11
12176,115,112,3,3
12177,111,102,9,9
12178,87,91,-4,4
12179,69,73,-4,4
12180,139,158,-19,19
12181,104,95,9,9
12182,115,118,-3,3
12183,114,99,15,15
12184,58,69,-11,11
12185,77,77,0,0
12186,79,75,4,4
12187,114,107,7,7
12188,111,112,-1,1
12189,102,97,5,5
12190,161,158,3,3
12191,197,200,-3,3
12192,72,66,6,6
12193,142,138,4,4
12194,49,45,4,4
12195,63,70,-7,7
12196,135,127,8,8
12197,192,177,15,15
12198,47,43,4,4
12199,110,102,8,8
12200,71,66,5,5
12201,108,112,-4,4
12202,137,151,-14,14
12203,128,115,13,13
12204,137,135,2,2
12205,148,145,3,3
12206,82,84,-2,2
12207,70,81,-11,11
12208,60,60,0,0
12209,115,107,8,8
12210,76,75,1,1
12211,86,85,1,1
12212,97,94,3,3
12213,122,109,13,13
12214,104,87,17,17
12215,149,159,-10,10
12216,73,64,9,9
12217,88,79,9,9
12218,93,84,9,9
12219,94,87,7,7
12220,110,103,7,7
12221,56,63,-7,7
12222,66,71,-5,5
12223,73,82,-9,9
12224,96,90,6,6
12225,121,110,11,11
12226,122,120,2,2
12227,94,78,16,16
12228,88,88,0,0
12229,130,133,-3,3
12230,63,47,16,16
12231,141,127,14,14
12232,54,61,-7,7
12233,73,78,-5,5
12234,71,66,5,5
12235,95,86,9,9
12236,121,105,16,16
12237,73,76,-3,3
12238,125,121,4,4
12239,67,74,-7,7
12240,121,126,-5,5
12241,109,97,12,12
12242,64,76,-12,12
12243,96,81,15,15
12244,119,132,-13,13
12245,93,89,4,4
12246,75,73,2,2
12247,95,93,2,2
12248,66,68,-2,2
12249,99,99,0,0
12250,47,66,-19,19
12251,84,89,-5,5
12252,165,223,-58,58
12253,97,89,8,8
12254,73,71,2,2
12255,37,60,-23,23
12256,104,87,17,17
12257,71,74,-3,3
12258,65,62,3,3
12259,66,62,4,4
12260,63,61,2,2
12261,96,94,2,2
12262,130,129,1,1
12263,141,138,3,3
12264,86,95,-9,9
12265,108,112,-4,4
12266,128,116,12,12
12267,118,112,6,6
12268,83,75,8,8
12269,68,85,-17,17
12270,84,90,-6,6
12271,105,90,15,15
12272,61,70,-9,9
12273,73,79,-6,6
12274,65,65,0,0
12275,131,121,10,10
12276,118,113,5,5
12277,93,94,-1,1
12278,76,75,1,1
12279,75,73,2,2
12280,65,68,-3,3
12281,70,67,3,3
12282,140,146,-6,6
12283,95,86,9,9
12284,145,123,22,22
12285,82,66,16,16
12286,185,178,7,7
12287,71,80,-9,9
12288,100,101,-1,1
12289,99,85,14,14
12290,64,65,-1,1
12291,65,67,-2,2
12292,51,59,-8,8
12293,79,83,-4,4
12294,50,63,-13,13
12295,128,138,-10,10
12296,109,101,8,8
12297,106,94,12,12
12298,50,56,-6,6
12299,126,112,14,14
12300,105,94,11,11
12301,39,47,-8,8
12302,70,76,-6,6
12303,134,102,32,32
12304,46,55,-9,9
12305,81,78,3,3
12306,115,108,7,7
12307,56,63,-7,7
12308,90,92,-2,2
12309,107,104,3,3
12310,38,47,-9,9
12311,112,97,15,15
12312,86,77,9,9
12313,102,99,3,3
12314,81,86,-5,5
12315,133,122,11,11
12316,65,65,0,0
12317,67,77,-10,10
12318,63,68,-5,5
12319,105,91,14,14
12320,81,79,2,2
12321,97,104,-7,7
12322,96,92,4,4
12323,113,126,-13,13
12324,91,85,6,6
12325,67,76,-9,9
12326,85,72,13,13
12327,102,98,4,4
12328,76,65,11,11
12329,190,218,-28,28
12330,63,59,4,4
12331,87,73,14,14
12332,140,136,4,4
12333,113,94,19,19
12334,102,101,1,1
12335,62,56,6,6
12336,57,61,-4,4
12337,48,48,0,0
12338,62,64,-2,2
12339,94,110,-16,16
12340,95,103,-8,8
12341,183,173,10,10
12342,80,77,3,3
12343,164,161,3,3
12344,66,67,-1,1
12345,67,80,-13,13
12346,103,88,15,15
12347,69,77,-8,8
12348,118,117,1,1
12349,78,75,3,3
12350,66,62,4,4
12351,94,90,4,4
12352,92,100,-8,8
12353,142,115,27,27
12354,55,69,-14,14
12355,101,97,4,4
12356,79,67,12,12
12357,122,135,-13,13
12358,123,104,19,19
12359,38,59,-21,21
12360,65,78,-13,13
12361,138,110,28,28
12362,76,77,-1,1
12363,114,113,1,1
12364,79,75,4,4
12365,114,100,14,14
12366,68,66,2,2
12367,78,79,-1,1
12368,93,109,-16,16
12369,103,106,-3,3
12370,163,147,16,16
12371,101,103,-2,2
12372,126,131,-5,5
12373,67,60,7,7
12374,78,68,10,10
12375,116,108,8,8
12376,128,119,9,9
12377,91,88,3,3
12378,142,124,18,18
12379,65,78,-13,13
12380,145,167,-22,22
12381,61,68,-7,7
12382,136,133,3,3
12383,84,72,12,12
12384,98,87,11,11
12385,87,84,3,3
12386,107,106,1,1
12387,115,127,-12,12
12388,106,87,19,19
12389,93,87,6,6
12390,80,70,10,10
12391,130,115,15,15
12392,115,113,2,2
12393,97,107,-10,10
12394,92,90,2,2
12395,88,88,0,0
12396,66,58,8,8
12397,66,60,6,6
12398,87,87,0,0
12399,106,100,6,6
12400,70,74,-4,4
12401,180,177,3,3
12402,87,92,-5,5
12403,89,76,13,13
12404,92,97,-5,5
12405,125,113,12,12
12406,88,99,-11,11
12407,109,102,7,7
12408,35,55,-20,20
12409,67,67,0,0
12410,117,111,6,6
12411,190,174,16,16
12412,114,112,2,2
12413,137,136,1,1
12414,138,150,-12,12
12415,129,127,2,2
12416,106,83,23,23
12417,63,74,-11,11
12418,58,57,1,1
12419,57,67,-10,10
12420,86,88,-2,2
12421,104,96,8,8
12422,97,92,5,5
12423,101,100,1,1
12424,137,129,8,8
12425,64,59,5,5
12426,176,214,-38,38
12427,93,78,15,15
12428,120,111,9,9
12429,108,103,5,5
12430,70,76,-6,6
12431,97,83,14,14
12432,83,96,-13,13
12433,83,73,10,10
12434,150,162,-12,12
12435,64,62,2,2
12436,89,86,3,3
12437,96,91,5,5
12438,114,107,7,7
12439,119,106,13,13
12440,61,60,1,1
12441,96,91,5,5
12442,105,104,1,1
12443,61,69,-8,8
12444,141,143,-2,2
12445,86,76,10,10
12446,87,78,9,9
12447,90,72,18,18
12448,105,97,8,8
12449,91,82,9,9
12450,111,111,0,0
12451,76,70,6,6
12452,87,78,9,9
12453,91,79,12,12
12454,107,114,-7,7
12455,110,100,10,10
12456,124,127,-3,3
12457,128,122,6,6
12458,109,101,8,8
12459,71,69,2,2
12460,87,82,5,5
12461,148,153,-5,5
12462,107,102,5,5
12463,134,133,1,1
12464,23,47,-24,24
12465,119,127,-8,8
12466,91,85,6,6
12467,25,56,-31,31
12468,61,74,-13,13
12469,101,95,6,6
12470,72,61,11,11
12471,95,91,4,4
12472,47,62,-15,15
12473,97,92,5,5
12474,81,80,1,1
12475,59,62,-3,3
12476,77,74,3,3
12477,138,124,14,14
12478,120,114,6,6
12479,136,140,-4,4
12480,79,81,-2,2
12481,63,68,-5,5
12482,102,101,1,1
12483,158,137,21,21
12484,73,80,-7,7
12485,53,57,-4,4
12486,83,87,-4,4
12487,155,131,24,24
12488,139,124,15,15
12489,93,80,13,13
12490,128,130,-2,2
12491,98,103,-5,5
12492,96,83,13,13
12493,153,142,11,11
12494,104,98,6,6
12495,115,98,17,17
12496,72,67,5,5
12497,90,86,4,4
12498,127,141,-14,14
12499,112,128,-16,16
12500,64,62,2,2
12501,73,76,-3,3
12502,72,73,-1,1
12503,73,70,3,3
12504,56,57,-1,1
12505,106,105,1,1
12506,144,134,10,10
12507,47,60,-13,13
12508,147,147,0,0
12509,95,100,-5,5
12510,76,73,3,3
12511,128,124,4,4
12512,81,72,9,9
12513,79,76,3,3
12514,86,83,3,3
12515,44,55,-11,11
12516,87,86,1,1
12517,102,98,4,4
12518,116,109,7,7
12519,105,104,1,1
12520,113,116,-3,3
12521,152,148,4,4
12522,175,172,3,3
12523,70,69,1,1
12524,173,168,5,5
12525,87,67,20,20
12526,102,93,9,9
12527,88,91,-3,3
12528,76,70,6,6
12529,110,97,13,13
12530,99,96,3,3
12531,71,73,-2,2
12532,75,74,1,1
12533,105,101,4,4
12534,153,143,10,10
12535,100,115,-15,15
12536,90,78,12,12
12537,83,91,-8,8
12538,82,77,5,5
12539,49,52,-3,3
12540,69,61,8,8
12541,113,108,5,5
12542,63,64,-1,1
12543,58,64,-6,6
12544,65,59,6,6
12545,145,134,11,11
12546,50,53,-3,3
12547,83,81,2,2
12548,100,93,7,7
12549,76,74,2,2
12550,72,70,2,2
12551,71,85,-14,14
12552,106,105,1,1
12553,127,144,-17,17
12554,96,96,0,0
12555,67,67,0,0
12556,140,141,-1,1
12557,56,60,-4,4
12558,108,104,4,4
12559,94,87,7,7
12560,59,58,1,1
12561,84,81,3,3
12562,96,95,1,1
12563,92,95,-3,3
12564,186,174,12,12
12565,62,62,0,0
12566,164,152,12,12
12567,49,60,-11,11
12568,62,67,-5,5
12569,50,58,-8,8
12570,128,138,-10,10
12571,57,61,-4,4
12572,69,76,-7,7
12573,48,52,-4,4
12574,132,124,8,8
12575,140,148,-8,8
12576,107,100,7,7
12577,80,82,-2,2
12578,78,77,1,1
12579,140,113,27,27
12580,78,76,2,2
12581,123,105,18,18
12582,87,83,4,4
12583,91,104,-13,13
12584,119,127,-8,8
12585,107,103,4,4
12586,52,58,-6,6
12587,61,63,-2,2
12588,102,92,10,10
12589,79,73,6,6
12590,81,89,-8,8
12591,72,73,-1,1
12592,74,89,-15,15
12593,73,64,9,9
12594,114,94,20,20
12595,127,120,7,7
12596,92,82,10,10
12597,118,124,-6,6
12598,115,191,-76,76
12599,73,66,7,7
12600,93,94,-1,1
12601,70,52,18,18
12602,73,65,8,8
12603,107,113,-6,6
12604,96,92,4,4
12605,101,82,19,19
12606,76,84,-8,8
12607,85,66,19,19
12608,111,106,5,5
12609,42,54,-12,12
12610,69,63,6,6
12611,97,82,15,15
12612,90,83,7,7
12613,96,94,2,2
12614,114,131,-17,17
12615,121,112,9,9
12616,68,70,-2,2
12617,45,71,-26,26
12618,73,78,-5,5
12619,109,104,5,5
12620,175,185,-10,10
12621,90,77,13,13
12622,70,68,2,2
12623,85,83,2,2
12624,62,75,-13,13
12625,89,106,-17,17
12626,132,128,4,4
12627,155,140,15,15
12628,99,108,-9,9
12629,60,62,-2,2
12630,110,106,4,4
12631,87,86,1,1
12632,98,112,-14,14
12633,80,79,1,1
12634,127,117,10,10
12635,172,155,17,17
12636,181,181,0,0
12637,130,103,27,27
12638,76,75,1,1
12639,86,88,-2,2
12640,105,100,5,5
12641,105,110,-5,5
12642,56,67,-11,11
12643,65,65,0,0
12644,42,54,-12,12
12645,120,105,15,15
12646,65,66,-1,1
12647,76,79,-3,3
12648,134,126,8,8
12649,28,69,-41,41
12650,96,90,6,6
12651,92,91,1,1
12652,53,52,1,1
12653,66,58,8,8
12654,79,72,7,7
12655,101,109,-8,8
12656,78,97,-19,19
12657,88,94,-6,6
12658,136,132,4,4
12659,142,139,3,3
12660,73,68,5,5
12661,97,86,11,11
12662,80,68,12,12
12663,51,61,-10,10
12664,69,72,-3,3
12665,52,77,-25,25
12666,57,56,1,1
12667,100,97,3,3
12668,147,142,5,5
12669,129,137,-8,8
12670,92,108,-16,16
12671,107,92,15,15
12672,99,105,-6,6
12673,89,84,5,5
12674,58,68,-10,10
12675,103,83,20,20
12676,33,55,-22,22
12677,103,89,14,14
12678,88,81,7,7
12679,81,82,-1,1
12680,53,58,-5,5
12681,70,76,-6,6
12682,32,53,-21,21
12683,88,83,5,5
12684,99,117,-18,18
12685,110,99,11,11
12686,78,77,1,1
12687,99,99,0,0
12688,46,59,-13,13
12689,136,120,16,16
12690,75,70,5,5
12691,117,104,13,13
12692,93,80,13,13
12693,132,129,3,3
12694,70,72,-2,2
12695,69,68,1,1
12696,49,60,-11,11
12697,71,74,-3,3
12698,118,114,4,4
12699,97,94,3,3
12700,76,79,-3,3
12701,195,164,31,31
12702,128,119,9,9
12703,66,64,2,2
12704,120,116,4,4
12705,73,77,-4,4
12706,62,64,-2,2
12707,104,91,13,13
12708,94,83,11,11
12709,94,87,7,7
12710,110,98,12,12
12711,96,94,2,2
12712,107,97,10,10
12713,77,84,-7,7
12714,91,100,-9,9
12715,63,62,1,1
12716,128,103,25,25
12717,77,78,-1,1
12718,67,72,-5,5
12719,124,107,17,17
12720,94,89,5,5
12721,64,67,-3,3
12722,74,72,2,2
12723,88,78,10,10
12724,70,79,-9,9
12725,78,79,-1,1
12726,66,74,-8,8
12727,104,98,6,6
12728,134,140,-6,6
12729,92,92,0,0
12730,74,76,-2,2
12731,93,91,2,2
12732,98,95,3,3
12733,100,86,14,14
12734,87,82,5,5
12735,101,96,5,5
12736,49,66,-17,17
12737,121,114,7,7
12738,84,87,-3,3
12739,158,163,-5,5
12740,115,102,13,13
12741,125,109,16,16
12742,53,53,0,0
12743,80,84,-4,4
12744,68,62,6,6
12745,103,95,8,8
12746,107,102,5,5
12747,77,90,-13,13
12748,100,113,-13,13
12749,120,125,-5,5
12750,91,84,7,7
12751,77,67,10,10
12752,132,121,11,11
12753,131,133,-2,2
12754,43,59,-16,16
12755,45,61,-16,16
12756,124,109,15,15
12757,86,75,11,11
12758,107,99,8,8
12759,82,86,-4,4
12760,204,194,10,10
12761,107,97,10,10
12762,120,100,20,20
12763,140,126,14,14
12764,153,145,8,8
12765,83,73,10,10
12766,47,55,-8,8
12767,91,78,13,13
12768,68,62,6,6
12769,56,60,-4,4
12770,77,82,-5,5
12771,37,49,-12,12
12772,117,111,6,6
12773,85,82,3,3
12774,101,89,12,12
12775,67,64,3,3
12776,118,134,-16,16
12777,56,57,-1,1
12778,68,72,-4,4
12779,65,57,8,8
12780,105,96,9,9
12781,102,109,-7,7
12782,116,104,12,12
12783,69,71,-2,2
12784,79,75,4,4
12785,105,107,-2,2
12786,101,77,24,24
12787,106,93,13,13
12788,89,82,7,7
12789,77,78,-1,1
12790,116,108,8,8
12791,111,104,7,7
12792,91,72,19,19
12793,74,62,12,12
12794,96,94,2,2
12795,119,123,-4,4
12796,124,108,16,16
12797,83,77,6,6
12798,59,63,-4,4
12799,87,71,16,16
12800,55,62,-7,7
12801,121,115,6,6
12802,94,88,6,6
12803,90,85,5,5
12804,181,162,19,19
12805,93,80,13,13
12806,72,71,1,1
12807,92,86,6,6
12808,153,140,13,13
12809,55,55,0,0
12810,61,63,-2,2
12811,99,91,8,8
12812,82,81,1,1
12813,102,97,5,5
12814,148,140,8,8
12815,112,97,15,15
12816,172,178,-6,6
12817,133,129,4,4
12818,97,104,-7,7
12819,70,73,-3,3
12820,70,71,-1,1
12821,98,77,21,21
12822,96,104,-8,8
12823,69,67,2,2
12824,90,87,3,3
12825,138,136,2,2
12826,132,133,-1,1
12827,153,166,-13,13
12828,86,69,17,17
12829,108,94,14,14
12830,80,91,-11,11
12831,154,136,18,18
12832,116,125,-9,9
12833,103,97,6,6
12834,104,107,-3,3
12835,116,107,9,9
12836,107,92,15,15
12837,96,88,8,8
12838,90,93,-3,3
12839,50,59,-9,9
12840,104,98,6,6
12841,72,63,9,9
12842,106,97,9,9
12843,87,85,2,2
12844,124,121,3,3
12845,27,60,-33,33
12846,133,132,1,1
12847,122,104,18,18
12848,124,147,-23,23
12849,89,96,-7,7
12850,97,120,-23,23
12851,84,87,-3,3
12852,140,141,-1,1
12853,136,123,13,13
12854,20,50,-30,30
12855,93,90,3,3
12856,85,93,-8,8
12857,74,71,3,3
12858,103,83,20,20
12859,75,74,1,1
12860,46,53,-7,7
12861,84,96,-12,12
12862,75,70,5,5
12863,53,59,-6,6
12864,52,76,-24,24
12865,87,92,-5,5
12866,109,96,13,13
12867,105,89,16,16
12868,67,64,3,3
12869,154,134,20,20
12870,84,87,-3,3
12871,128,119,9,9
12872,113,119,-6,6
12873,87,85,2,2
12874,101,108,-7,7
12875,96,97,-1,1
12876,39,52,-13,13
12877,133,130,3,3
12878,191,209,-18,18
12879,60,61,-1,1
12880,125,119,6,6
12881,75,76,-1,1
12882,40,57,-17,17
12883,103,102,1,1
12884,79,80,-1,1
12885,185,193,-8,8
12886,124,113,11,11
12887,109,111,-2,2
12888,89,96,-7,7
12889,67,80,-13,13
12890,47,62,-15,15
12891,76,70,6,6
12892,122,123,-1,1
12893,106,94,12,12
12894,142,120,22,22
12895,96,70,26,26
12896,52,55,-3,3
12897,96,92,4,4
12898,117,112,5,5
12899,69,67,2,2
12900,89,79,10,10
12901,72,71,1,1
12902,180,162,18,18
12903,94,81,13,13
12904,53,63,-10,10
12905,93,101,-8,8
12906,161,145,16,16
12907,137,135,2,2
12908,129,123,6,6
12909,89,74,15,15
12910,102,90,12,12
12911,159,158,1,1
12912,67,66,1,1
12913,67,65,2,2
12914,97,89,8,8
12915,71,78,-7,7
12916,153,153,0,0
12917,100,102,-2,2
12918,92,96,-4,4
12919,79,93,-14,14
12920,79,71,8,8
12921,73,79,-6,6
12922,133,125,8,8
12923,51,57,-6,6
12924,139,124,15,15
12925,115,126,-11,11
12926,89,88,1,1
12927,124,126,-2,2
12928,90,89,1,1
12929,128,127,1,1
12930,131,122,9,9
12931,71,68,3,3
12932,113,106,7,7
12933,127,133,-6,6
12934,61,61,0,0
12935,113,109,4,4
12936,112,84,28,28
12937,75,77,-2,2
12938,125,105,20,20
12939,73,73,0,0
12940,100,113,-13,13
12941,187,177,10,10
12942,101,94,7,7
12943,103,88,15,15
12944,99,104,-5,5
12945,65,69,-4,4
12946,116,109,7,7
12947,97,107,-10,10
12948,83,87,-4,4
12949,90,92,-2,2
12950,101,99,2,2
12951,97,104,-7,7
12952,107,95,12,12
12953,119,134,-15,15
12954,78,71,7,7
12955,79,74,5,5
12956,74,77,-3,3
12957,150,134,16,16
12958,83,93,-10,10
12959,131,137,-6,6
12960,68,66,2,2
12961,222,205,17,17
12962,88,89,-1,1
12963,109,101,8,8
12964,149,152,-3,3
12965,82,78,4,4
12966,33,55,-22,22
12967,97,98,-1,1
12968,88,86,2,2
12969,127,139,-12,12
12970,70,69,1,1
12971,86,102,-16,16
12972,63,68,-5,5
12973,101,90,11,11
12974,85,82,3,3
12975,97,73,24,24
12976,68,72,-4,4
12977,79,86,-7,7
12978,182,181,1,1
12979,68,67,1,1
12980,68,67,1,1
12981,81,78,3,3
12982,118,104,14,14
12983,93,93,0,0
12984,117,96,21,21
12985,144,138,6,6
12986,134,119,15,15
12987,69,79,-10,10
12988,133,126,7,7
12989,88,95,-7,7
12990,63,68,-5,5
12991,116,108,8,8
12992,113,123,-10,10
12993,103,96,7,7
12994,127,113,14,14
12995,116,118,-2,2
12996,114,106,8,8
12997,123,113,10,10
12998,72,73,-1,1
12999,107,100,7,7
13000,121,100,21,21
13001,100,88,12,12
13002,87,83,4,4
13003,102,92,10,10
13004,155,161,-6,6
13005,72,78,-6,6
13006,84,79,5,5
13007,86,93,-7,7
13008,115,112,3,3
13009,100,90,10,10
13010,81,73,8,8
13011,51,59,-8,8
13012,54,56,-2,2
13013,86,91,-5,5
13014,92,89,3,3
13015,60,66,-6,6
13016,112,114,-2,2
13017,92,79,13,13
13018,87,82,5,5
13019,95,94,1,1
13020,80,73,7,7
13021,139,148,-9,9
13022,103,82,21,21
13023,120,130,-10,10
13024,75,86,-11,11
13025,51,56,-5,5
13026,76,81,-5,5
13027,67,65,2,2
13028,165,158,7,7
13029,84,84,0,0
13030,83,76,7,7
13031,61,63,-2,2
13032,159,153,6,6
13033,64,67,-3,3
13034,140,134,6,6
13035,65,70,-5,5
13036,68,66,2,2
13037,67,63,4,4
13038,87,92,-5,5
13039,109,106,3,3
13040,116,112,4,4
13041,94,106,-12,12
13042,135,128,7,7
13043,77,72,5,5
13044,55,60,-5,5
13045,61,61,0,0
13046,73,73,0,0
13047,139,123,16,16
13048,106,124,-18,18
13049,78,84,-6,6
13050,74,65,9,9
13051,99,97,2,2
13052,88,90,-2,2
13053,93,77,16,16
13054,69,64,5,5
13055,235,234,1,1
13056,83,81,2,2
13057,101,73,28,28
13058,66,63,3,3
13059,58,50,8,8
13060,119,119,0,0
13061,129,115,14,14
13062,82,78,4,4
13063,168,166,2,2
13064,72,80,-8,8
13065,125,118,7,7
13066,82,72,10,10
13067,97,84,13,13
13068,56,60,-4,4
13069,123,129,-6,6
13070,79,79,0,0
13071,84,82,2,2
13072,112,101,11,11
13073,80,86,-6,6
13074,106,102,4,4
13075,60,64,-4,4
13076,72,72,0,0
13077,96,108,-12,12
13078,60,58,2,2
13079,117,91,26,26
13080,66,63,3,3
13081,78,75,3,3
13082,55,58,-3,3
13083,164,146,18,18
13084,184,161,23,23
13085,78,79,-1,1
13086,61,70,-9,9
13087,109,125,-16,16
13088,101,101,0,0
13089,79,72,7,7
13090,51,64,-13,13
13091,64,58,6,6
13092,62,69,-7,7
13093,144,144,0,0
13094,57,59,-2,2
13095,50,59,-9,9
13096,81,77,4,4
13097,99,102,-3,3
13098,97,103,-6,6
13099,129,110,19,19
13100,104,100,4,4
13101,93,99,-6,6
13102,84,76,8,8
13103,90,94,-4,4
13104,112,116,-4,4
13105,69,72,-3,3
13106,69,65,4,4
13107,107,94,13,13
13108,145,127,18,18
13109,84,72,12,12
13110,51,56,-5,5
13111,100,86,14,14
13112,82,85,-3,3
13113,71,73,-2,2
13114,104,98,6,6
13115,67,71,-4,4
13116,89,90,-1,1
13117,61,87,-26,26
13118,74,73,1,1
13119,101,108,-7,7
13120,67,70,-3,3
13121,72,78,-6,6
13122,70,71,-1,1
13123,158,152,6,6
13124,94,91,3,3
13125,84,80,4,4
13126,120,114,6,6
13127,152,147,5,5
13128,137,131,6,6
13129,82,94,-12,12
13130,116,115,1,1
13131,112,103,9,9
13132,99,96,3,3
13133,150,147,3,3
13134,66,67,-1,1
13135,81,59,22,22
13136,50,64,-14,14
13137,133,136,-3,3
13138,65,71,-6,6
13139,65,65,0,0
13140,80,72,8,8
13141,53,73,-20,20
13142,108,88,20,20
13143,80,71,9,9
13144,126,126,0,0
13145,73,73,0,0
13146,58,64,-6,6
13147,80,69,11,11
13148,62,63,-1,1
13149,64,61,3,3
13150,55,60,-5,5
13151,81,78,3,3
13152,97,103,-6,6
13153,78,72,6,6
13154,101,88,13,13
13155,72,83,-11,11
13156,112,106,6,6
13157,84,87,-3,3
13158,68,71,-3,3
13159,102,104,-2,2
13160,117,131,-14,14
13161,88,78,10,10
13162,127,102,25,25
13163,64,60,4,4
13164,87,95,-8,8
13165,80,74,6,6
13166,101,88,13,13
13167,122,107,15,15
13168,67,72,-5,5
13169,131,128,3,3
13170,97,69,28,28
13171,135,123,12,12
13172,88,87,1,1
13173,115,126,-11,11
13174,134,113,21,21
13175,116,119,-3,3
13176,79,82,-3,3
13177,45,57,-12,12
13178,100,95,5,5
13179,85,101,-16,16
13180,63,63,0,0
13181,89,85,4,4
13182,76,76,0,0
13183,138,117,21,21
13184,123,122,1,1
13185,74,81,-7,7
13186,43,55,-12,12
13187,66,77,-11,11
13188,86,105,-19,19
13189,115,117,-2,2
13190,30,53,-23,23
13191,66,76,-10,10
13192,208,180,28,28
13193,90,88,2,2
13194,71,66,5,5
13195,94,77,17,17
13196,171,155,16,16
13197,55,59,-4,4
13198,43,65,-22,22
13199,67,73,-6,6
13200,143,128,15,15
13201,98,88,10,10
13202,100,86,14,14
13203,108,103,5,5
13204,91,77,14,14
13205,131,131,0,0
13206,79,75,4,4
13207,153,165,-12,12
13208,37,53,-16,16
13209,46,54,-8,8
13210,241,208,33,33
13211,89,82,7,7
13212,72,67,5,5
13213,100,87,13,13
13214,83,71,12,12
13215,98,104,-6,6
13216,128,127,1,1
13217,162,117,45,45
13218,81,73,8,8
13219,98,104,-6,6
13220,70,84,-14,14
13221,182,179,3,3
13222,71,68,3,3
13223,173,175,-2,2
13224,54,68,-14,14
13225,66,70,-4,4
13226,85,74,11,11
13227,93,92,1,1
13228,71,114,-43,43
13229,163,172,-9,9
13230,86,74,12,12
13231,74,74,0,0
13232,148,156,-8,8
13233,112,112,0,0
13234,90,72,18,18
13235,64,53,11,11
13236,78,92,-14,14
13237,115,113,2,2
13238,105,93,12,12
13239,90,82,8,8
13240,117,110,7,7
13241,103,97,6,6
13242,139,157,-18,18
13243,107,109,-2,2
13244,118,127,-9,9
13245,94,77,17,17
13246,56,62,-6,6
13247,97,93,4,4
13248,77,74,3,3
13249,117,90,27,27
13250,125,123,2,2
13251,67,72,-5,5
13252,73,75,-2,2
13253,152,143,9,9
13254,73,60,13,13
13255,121,121,0,0
13256,166,173,-7,7
13257,90,92,-2,2
13258,96,98,-2,2
13259,149,148,1,1
13260,61,64,-3,3
13261,144,131,13,13
13262,121,127,-6,6
13263,131,114,17,17
13264,58,58,0,0
13265,51,61,-10,10
13266,54,61,-7,7
13267,72,75,-3,3
13268,99,96,3,3
13269,124,103,21,21
13270,105,104,1,1
13271,100,100,0,0
13272,153,159,-6,6
13273,76,80,-4,4
13274,120,104,16,16
13275,94,93,1,1
13276,85,80,5,5
13277,84,75,9,9
13278,53,72,-19,19
13279,106,105,1,1
13280,108,107,1,1
13281,140,125,15,15
13282,113,102,11,11
13283,57,62,-5,5
13284,108,102,6,6
13285,123,111,12,12
13286,108,88,20,20
13287,83,84,-1,1
13288,99,82,17,17
13289,78,72,6,6
13290,96,97,-1,1
13291,58,63,-5,5
13292,82,83,-1,1
13293,148,147,1,1
13294,86,86,0,0
13295,81,72,9,9
13296,119,117,2,2
13297,97,97,0,0
13298,118,112,6,6
13299,92,79,13,13
13300,102,110,-8,8
13301,72,68,4,4
13302,64,58,6,6
13303,86,88,-2,2
13304,57,65,-8,8
13305,102,88,14,14
13306,67,63,4,4
13307,88,84,4,4
13308,139,120,19,19
13309,61,67,-6,6
13310,77,72,5,5
13311,158,164,-6,6
13312,130,118,12,12
13313,132,133,-1,1
13314,187,199,-12,12
13315,79,72,7,7
13316,96,103,-7,7
13317,76,83,-7,7
13318,71,75,-4,4
13319,78,81,-3,3
13320,209,218,-9,9
13321,75,76,-1,1
13322,146,133,13,13
13323,100,95,5,5
13324,80,76,4,4
13325,70,66,4,4
13326,65,67,-2,2
13327,95,95,0,0
13328,80,76,4,4
13329,69,68,1,1
13330,132,138,-6,6
13331,77,73,4,4
13332,98,81,17,17
13333,94,93,1,1
13334,86,87,-1,1
13335,90,84,6,6
13336,75,71,4,4
13337,130,101,29,29
13338,87,93,-6,6
13339,141,130,11,11
13340,161,145,16,16
13341,68,74,-6,6
13342,97,88,9,9
13343,125,112,13,13
13344,36,50,-14,14
13345,115,112,3,3
13346,68,64,4,4
13347,106,104,2,2
13348,96,102,-6,6
13349,82,74,8,8
13350,73,60,13,13
13351,89,78,11,11
13352,75,74,1,1
13353,85,97,-12,12
13354,134,143,-9,9
13355,90,83,7,7
13356,83,77,6,6
13357,129,102,27,27
13358,140,145,-5,5
13359,60,82,-22,22
13360,82,78,4,4
13361,153,104,49,49
13362,80,88,-8,8
13363,119,125,-6,6
13364,108,95,13,13
13365,54,55,-1,1
13366,99,100,-1,1
13367,130,162,-32,32
13368,100,94,6,6
13369,59,57,2,2
13370,84,84,0,0
13371,117,111,6,6
13372,60,62,-2,2
13373,55,55,0,0
13374,96,94,2,2
13375,73,80,-7,7
13376,64,76,-12,12
13377,75,78,-3,3
13378,55,62,-7,7
13379,90,85,5,5
13380,142,153,-11,11
13381,139,141,-2,2
13382,118,104,14,14
13383,120,109,11,11
13384,112,110,2,2
13385,43,59,-16,16
13386,106,105,1,1
13387,187,184,3,3
13388,117,114,3,3
13389,111,98,13,13
13390,188,182,6,6
13391,156,135,21,21
13392,136,145,-9,9
13393,88,85,3,3
13394,29,58,-29,29
13395,107,89,18,18
13396,113,88,25,25
13397,93,92,1,1
13398,81,76,5,5
13399,22,55,-33,33
13400,69,74,-5,5
13401,168,156,12,12
13402,147,134,13,13
13403,105,110,-5,5
13404,145,131,14,14
13405,58,68,-10,10
13406,60,75,-15,15
13407,150,156,-6,6
13408,70,66,4,4
13409,69,57,12,12
13410,140,137,3,3
13411,88,86,2,2
13412,120,113,7,7
13413,63,64,-1,1
13414,81,80,1,1
13415,66,58,8,8
13416,91,87,4,4
13417,131,136,-5,5
13418,126,104,22,22
13419,138,137,1,1
13420,103,109,-6,6
13421,103,99,4,4
13422,50,51,-1,1
13423,64,67,-3,3
13424,75,82,-7,7
13425,67,62,5,5
13426,97,91,6,6
13427,109,108,1,1
13428,137,127,10,10
13429,71,65,6,6
13430,98,85,13,13
13431,82,92,-10,10
13432,65,73,-8,8
13433,117,104,13,13
13434,148,147,1,1
13435,190,172,18,18
13436,84,82,2,2
13437,110,94,16,16
13438,138,133,5,5
13439,74,72,2,2
13440,130,107,23,23
13441,79,76,3,3
13442,92,113,-21,21
13443,137,133,4,4
13444,104,90,14,14
13445,160,143,17,17
13446,90,78,12,12
13447,101,95,6,6
13448,123,125,-2,2
13449,73,74,-1,1
13450,66,59,7,7
13451,124,115,9,9
13452,173,160,13,13
13453,142,131,11,11
13454,32,39,-7,7
13455,104,94,10,10
13456,65,76,-11,11
13457,60,55,5,5
13458,71,72,-1,1
13459,56,60,-4,4
13460,122,122,0,0
13461,135,145,-10,10
13462,162,159,3,3
13463,96,111,-15,15
13464,126,131,-5,5
13465,74,72,2,2
13466,102,98,4,4
13467,80,78,2,2
13468,88,77,11,11
13469,92,76,16,16
13470,107,102,5,5
13471,87,90,-3,3
13472,58,53,5,5
13473,80,68,12,12
13474,79,75,4,4
13475,114,117,-3,3
13476,78,83,-5,5
13477,75,77,-2,2
13478,168,169,-1,1
13479,114,113,1,1
13480,59,73,-14,14
13481,152,156,-4,4
13482,66,70,-4,4
13483,98,86,12,12
13484,70,65,5,5
13485,101,87,14,14
13486,130,127,3,3
13487,114,99,15,15
13488,63,64,-1,1
13489,181,177,4,4
13490,86,88,-2,2
13491,107,120,-13,13
13492,59,61,-2,2
13493,74,66,8,8
13494,134,135,-1,1
13495,199,181,18,18
13496,58,60,-2,2
13497,99,90,9,9
13498,103,107,-4,4
13499,183,160,23,23
13500,96,94,2,2
13501,99,95,4,4
13502,113,101,12,12
13503,88,77,11,11
13504,88,83,5,5
13505,128,119,9,9
13506,82,86,-4,4
13507,80,77,3,3
13508,53,57,-4,4
13509,47,67,-20,20
13510,102,85,17,17
13511,97,97,0,0
13512,68,67,1,1
13513,125,117,8,8
13514,110,117,-7,7
13515,77,78,-1,1
13516,127,115,12,12
13517,87,86,1,1
13518,107,86,21,21
13519,105,109,-4,4
13520,153,133,20,20
13521,61,70,-9,9
13522,33,80,-47,47
13523,146,143,3,3
13524,100,108,-8,8
13525,170,140,30,30
13526,134,126,8,8
13527,78,94,-16,16
13528,73,61,12,12
13529,60,59,1,1
13530,64,66,-2,2
13531,99,84,15,15
13532,80,86,-6,6
13533,65,67,-2,2
13534,67,57,10,10
13535,141,123,18,18
13536,60,57,3,3
13537,138,140,-2,2
13538,154,151,3,3
13539,58,63,-5,5
13540,114,122,-8,8
13541,132,115,17,17
13542,98,97,1,1
13543,80,85,-5,5
13544,105,101,4,4
13545,84,99,-15,15
13546,78,86,-8,8
13547,154,149,5,5
13548,67,72,-5,5
13549,95,103,-8,8
13550,125,118,7,7
13551,128,125,3,3
13552,42,44,-2,2
13553,204,204,0,0
13554,98,91,7,7
13555,112,104,8,8
13556,132,117,15,15
13557,139,124,15,15
13558,93,73,20,20
13559,146,143,3,3
13560,56,59,-3,3
13561,65,66,-1,1
13562,124,118,6,6
13563,103,97,6,6
13564,86,86,0,0
13565,60,72,-12,12
13566,98,104,-6,6
13567,80,119,-39,39
13568,89,91,-2,2
13569,148,128,20,20
13570,40,51,-11,11
13571,80,85,-5,5
13572,70,76,-6,6
13573,82,71,11,11
13574,133,142,-9,9
13575,75,82,-7,7
13576,75,70,5,5
13577,120,99,21,21
13578,50,53,-3,3
13579,111,125,-14,14
13580,86,78,8,8
13581,115,120,-5,5
13582,63,59,4,4
13583,93,89,4,4
13584,104,96,8,8
13585,153,153,0,0
13586,51,54,-3,3
13587,128,116,12,12
13588,92,88,4,4
13589,51,56,-5,5
13590,84,81,3,3
13591,104,100,4,4
13592,101,86,15,15
13593,83,83,0,0
13594,69,69,0,0
13595,96,83,13,13
13596,83,68,15,15
13597,54,73,-19,19
13598,83,76,7,7
13599,54,54,0,0
13600,61,60,1,1
13601,116,102,14,14
13602,113,94,19,19
13603,76,71,5,5
13604,87,85,2,2
13605,59,61,-2,2
13606,141,142,-1,1
13607,97,98,-1,1
13608,89,81,8,8
13609,131,137,-6,6
13610,71,71,0,0
13611,60,62,-2,2
13612,39,51,-12,12
13613,68,66,2,2
13614,61,58,3,3
13615,107,101,6,6
13616,95,90,5,5
13617,94,108,-14,14
13618,82,78,4,4
13619,110,107,3,3
13620,113,110,3,3
13621,107,102,5,5
13622,161,144,17,17
13623,180,173,7,7
13624,101,102,-1,1
13625,88,81,7,7
13626,87,78,9,9
13627,115,119,-4,4
13628,121,116,5,5
13629,139,135,4,4
13630,123,118,5,5
13631,63,62,1,1
13632,122,109,13,13
13633,68,69,-1,1
13634,110,103,7,7
13635,57,66,-9,9
13636,82,76,6,6
13637,95,87,8,8
13638,134,131,3,3
13639,98,89,9,9
13640,128,152,-24,24
13641,95,92,3,3
13642,104,127,-23,23
13643,175,173,2,2
13644,109,97,12,12
13645,164,151,13,13
13646,118,102,16,16
13647,70,64,6,6
13648,54,61,-7,7
13649,145,147,-2,2
13650,68,59,9,9
13651,82,62,20,20
13652,61,66,-5,5
13653,92,97,-5,5
13654,89,77,12,12
13655,96,86,10,10
13656,122,116,6,6
13657,79,76,3,3
13658,75,75,0,0
13659,108,105,3,3
13660,43,54,-11,11
13661,67,70,-3,3
13662,75,69,6,6
13663,67,67,0,0
13664,88,94,-6,6
13665,55,61,-6,6
13666,96,99,-3,3
13667,60,59,1,1
13668,125,111,14,14
13669,56,69,-13,13
13670,111,110,1,1
13671,105,121,-16,16
13672,77,89,-12,12
13673,89,87,2,2
13674,79,77,2,2
13675,107,110,-3,3
13676,124,125,-1,1
13677,119,116,3,3
13678,57,70,-13,13
13679,127,117,10,10
13680,64,69,-5,5
13681,96,94,2,2
13682,89,75,14,14
13683,71,67,4,4
13684,76,80,-4,4
13685,110,109,1,1
13686,120,133,-13,13
13687,98,94,4,4
13688,84,90,-6,6
13689,233,239,-6,6
13690,75,65,10,10
13691,107,82,25,25
13692,76,70,6,6
13693,84,76,8,8
13694,86,84,2,2
13695,103,93,10,10
13696,106,95,11,11
13697,150,128,22,22
13698,73,71,2,2
13699,130,138,-8,8
13700,132,117,15,15
13701,139,150,-11,11
13702,115,113,2,2
13703,155,152,3,3
13704,75,86,-11,11
13705,70,59,11,11
13706,127,121,6,6
13707,65,57,8,8
13708,100,109,-9,9
13709,170,157,13,13
13710,135,128,7,7
13711,75,84,-9,9
13712,164,165,-1,1
13713,125,104,21,21
13714,104,114,-10,10
13715,53,59,-6,6
13716,146,148,-2,2
13717,102,86,16,16
13718,70,105,-35,35
13719,54,64,-10,10
13720,108,113,-5,5
13721,97,91,6,6
13722,104,93,11,11
13723,140,145,-5,5
13724,94,97,-3,3
13725,62,69,-7,7
13726,105,88,17,17
13727,48,57,-9,9
13728,63,68,-5,5
13729,64,63,1,1
13730,51,55,-4,4
13731,63,60,3,3
13732,121,115,6,6
13733,120,105,15,15
13734,86,86,0,0
13735,91,89,2,2
13736,55,76,-21,21
13737,98,100,-2,2
13738,69,74,-5,5
13739,45,56,-11,11
13740,126,131,-5,5
13741,169,158,11,11
13742,95,78,17,17
13743,106,107,-1,1
13744,91,79,12,12
13745,126,106,20,20
13746,67,63,4,4
13747,55,59,-4,4
13748,74,75,-1,1
13749,87,68,19,19
13750,87,90,-3,3
13751,83,73,10,10
13752,114,124,-10,10
13753,125,128,-3,3
13754,120,113,7,7
13755,86,89,-3,3
13756,66,76,-10,10
13757,106,93,13,13
13758,62,67,-5,5
13759,87,113,-26,26
13760,68,60,8,8
13761,77,79,-2,2
13762,106,99,7,7
13763,101,90,11,11
13764,93,77,16,16
13765,63,83,-20,20
13766,53,65,-12,12
13767,116,112,4,4
13768,116,113,3,3
13769,92,120,-28,28
13770,80,78,2,2
13771,93,89,4,4
13772,129,123,6,6
13773,97,94,3,3
13774,51,64,-13,13
13775,98,86,12,12
13776,80,103,-23,23
13777,74,66,8,8
13778,157,145,12,12
13779,163,171,-8,8
13780,62,61,1,1
13781,107,106,1,1
13782,107,89,18,18
13783,107,101,6,6
13784,83,77,6,6
13785,117,101,16,16
13786,94,90,4,4
13787,65,67,-2,2
13788,61,66,-5,5
13789,79,75,4,4
13790,137,139,-2,2
13791,141,123,18,18
13792,95,95,0,0
13793,101,97,4,4
13794,95,95,0,0
13795,142,130,12,12
13796,107,101,6,6
13797,80,70,10,10
13798,91,93,-2,2
13799,71,65,6,6
13800,81,82,-1,1
13801,96,90,6,6
13802,151,139,12,12
13803,75,78,-3,3
13804,69,73,-4,4
13805,70,63,7,7
13806,66,74,-8,8
13807,100,107,-7,7
13808,107,104,3,3
13809,116,105,11,11
13810,59,58,1,1
13811,90,87,3,3
13812,60,66,-6,6
13813,55,56,-1,1
13814,66,69,-3,3
13815,90,91,-1,1
13816,80,74,6,6
13817,151,63,88,88
13818,91,88,3,3
13819,59,68,-9,9
13820,73,73,0,0
13821,51,54,-3,3
13822,95,100,-5,5
13823,92,83,9,9
13824,61,63,-2,2
13825,80,76,4,4
13826,107,123,-16,16
13827,79,77,2,2
13828,167,144,23,23
13829,58,73,-15,15
13830,104,95,9,9
13831,106,116,-10,10
13832,61,61,0,0
13833,111,118,-7,7
13834,97,116,-19,19
13835,101,98,3,3
13836,67,69,-2,2
13837,56,69,-13,13
13838,57,59,-2,2
13839,82,66,16,16
13840,95,89,6,6
13841,69,76,-7,7
13842,58,62,-4,4
13843,105,97,8,8
13844,163,144,19,19
13845,61,70,-9,9
13846,90,69,21,21
13847,220,211,9,9
13848,96,71,25,25
13849,44,48,-4,4
13850,59,67,-8,8
13851,60,69,-9,9
13852,64,73,-9,9
13853,94,91,3,3
13854,151,141,10,10
13855,75,67,8,8
13856,75,76,-1,1
13857,79,72,7,7
13858,70,74,-4,4
13859,107,108,-1,1
13860,145,134,11,11
13861,70,64,6,6
13862,75,69,6,6
13863,141,137,4,4
13864,66,65,1,1
13865,79,75,4,4
13866,111,96,15,15
13867,112,105,7,7
13868,125,134,-9,9
13869,121,129,-8,8
13870,108,101,7,7
13871,74,80,-6,6
13872,106,106,0,0
13873,118,113,5,5
13874,162,143,19,19
13875,142,110,32,32
13876,65,66,-1,1
13877,59,61,-2,2
13878,91,85,6,6
13879,75,75,0,0
13880,125,103,22,22
13881,146,142,4,4
13882,84,73,11,11
13883,95,93,2,2
13884,88,79,9,9
13885,95,80,15,15
13886,54,61,-7,7
13887,68,58,10,10
13888,250,278,-28,28
13889,64,60,4,4
13890,89,83,6,6
13891,63,68,-5,5
13892,47,64,-17,17
13893,113,107,6,6
13894,118,106,12,12
13895,77,78,-1,1
13896,175,152,23,23
13897,87,85,2,2
13898,85,81,4,4
13899,107,94,13,13
13900,77,71,6,6
13901,112,116,-4,4
13902,67,79,-12,12
13903,124,124,0,0
13904,69,67,2,2
13905,170,174,-4,4
13906,91,86,5,5
13907,69,72,-3,3
13908,69,62,7,7
13909,102,96,6,6
13910,87,91,-4,4
13911,61,67,-6,6
13912,140,118,22,22
13913,56,50,6,6
13914,50,47,3,3
13915,71,68,3,3
13916,46,59,-13,13
13917,102,101,1,1
13918,72,72,0,0
13919,102,101,1,1
13920,98,88,10,10
13921,114,118,-4,4
13922,83,81,2,2
13923,75,77,-2,2
13924,92,83,9,9
13925,107,110,-3,3
13926,166,160,6,6
13927,72,73,-1,1
13928,43,65,-22,22
13929,98,92,6,6
13930,141,128,13,13
13931,112,91,21,21
13932,149,143,6,6
13933,17,57,-40,40
13934,63,67,-4,4
13935,127,122,5,5
13936,128,120,8,8
13937,64,62,2,2
13938,59,60,-1,1
13939,45,59,-14,14
13940,104,88,16,16
13941,82,77,5,5
13942,52,54,-2,2
13943,96,82,14,14
13944,108,108,0,0
13945,122,116,6,6
13946,105,95,10,10
13947,72,72,0,0
13948,75,68,7,7
13949,111,108,3,3
13950,86,81,5,5
13951,121,122,-1,1
13952,86,81,5,5
13953,66,68,-2,2
13954,93,99,-6,6
13955,128,136,-8,8
13956,142,133,9,9
13957,87,68,19,19
13958,84,76,8,8
13959,103,96,7,7
13960,113,106,7,7
13961,136,138,-2,2
13962,74,66,8,8
13963,108,124,-16,16
13964,89,88,1,1
13965,84,73,11,11
13966,98,96,2,2
13967,51,65,-14,14
13968,53,51,2,2
13969,88,93,-5,5
13970,96,91,5,5
13971,105,107,-2,2
13972,95,87,8,8
13973,119,78,41,41
13974,79,78,1,1
13975,110,91,19,19
13976,68,56,12,12
13977,98,100,-2,2
13978,162,186,-24,24
13979,124,121,3,3
13980,54,57,-3,3
13981,89,91,-2,2
13982,55,67,-12,12
13983,147,125,22,22
13984,118,101,17,17
13985,28,46,-18,18
13986,115,111,4,4
13987,87,88,-1,1
13988,129,125,4,4
13989,100,87,13,13
13990,119,119,0,0
13991,95,93,2,2
13992,130,128,2,2
13993,57,57,0,0
13994,103,86,17,17
13995,100,90,10,10
13996,95,96,-1,1
13997,61,66,-5,5
13998,59,60,-1,1
13999,126,104,22,22
14000,162,180,-18,18
14001,98,93,5,5
14002,134,113,21,21
14003,118,110,8,8
14004,57,61,-4,4
14005,84,81,3,3
14006,84,78,6,6
14007,120,138,-18,18
14008,163,154,9,9
14009,64,66,-2,2
14010,83,69,14,14
14011,69,84,-15,15
14012,135,94,41,41
14013,86,77,9,9
14014,60,57,3,3
14015,77,77,0,0
14016,92,88,4,4
14017,85,83,2,2
14018,161,161,0,0
14019,126,106,20,20
14020,63,68,-5,5
14021,93,102,-9,9
14022,73,58,15,15
14023,107,100,7,7
14024,74,72,2,2
14025,73,78,-5,5
14026,108,82,26,26
14027,182,171,11,11
14028,134,118,16,16
14029,67,71,-4,4
14030,91,88,3,3
14031,131,157,-26,26
14032,146,142,4,4
14033,80,75,5,5
14034,139,132,7,7
14035,188,197,-9,9
14036,150,156,-6,6
14037,74,73,1,1
14038,115,115,0,0
14039,87,78,9,9
14040,83,67,16,16
14041,71,69,2,2
14042,95,96,-1,1
14043,110,102,8,8
14044,91,86,5,5
14045,108,100,8,8
14046,51,50,1,1
14047,71,72,-1,1
14048,50,50,0,0
14049,66,68,-2,2
14050,56,57,-1,1
14051,108,104,4,4
14052,114,103,11,11
14053,86,68,18,18
14054,88,78,10,10
14055,66,64,2,2
14056,111,114,-3,3
14057,53,59,-6,6
14058,94,89,5,5
14059,74,72,2,2
14060,129,135,-6,6
14061,75,77,-2,2
14062,198,186,12,12
14063,76,67,9,9
14064,94,84,10,10
14065,70,67,3,3
14066,172,143,29,29
14067,61,65,-4,4
14068,80,78,2,2
14069,102,99,3,3
14070,114,110,4,4
14071,70,74,-4,4
14072,75,82,-7,7
14073,112,107,5,5
14074,44,47,-3,3
14075,145,176,-31,31
14076,68,89,-21,21
14077,148,153,-5,5
14078,56,62,-6,6
14079,81,84,-3,3
14080,73,79,-6,6
14081,122,125,-3,3
14082,75,80,-5,5
14083,121,127,-6,6
14084,139,140,-1,1
14085,63,65,-2,2
14086,125,118,7,7
14087,85,72,13,13
14088,112,93,19,19
14089,114,110,4,4
14090,134,125,9,9
14091,98,105,-7,7
14092,75,74,1,1
14093,135,115,20,20
14094,96,98,-2,2
14095,102,103,-1,1
14096,150,161,-11,11
14097,186,166,20,20
14098,63,68,-5,5
14099,116,108,8,8
14100,83,68,15,15
14101,110,96,14,14
14102,104,94,10,10
14103,71,69,2,2
14104,111,118,-7,7
14105,106,105,1,1
14106,147,143,4,4
14107,67,75,-8,8
14108,212,202,10,10
14109,83,74,9,9
14110,174,152,22,22
14111,113,124,-11,11
14112,68,74,-6,6
14113,159,159,0,0
14114,52,68,-16,16
14115,123,119,4,4
14116,112,107,5,5
14117,69,75,-6,6
14118,61,71,-10,10
14119,63,70,-7,7
14120,70,74,-4,4
14121,65,76,-11,11
14122,145,142,3,3
14123,121,123,-2,2
14124,60,62,-2,2
14125,187,180,7,7
14126,24,52,-28,28
14127,136,132,4,4
14128,65,71,-6,6
14129,67,61,6,6
14130,189,210,-21,21
14131,83,98,-15,15
14132,76,79,-3,3
14133,91,86,5,5
14134,74,81,-7,7
14135,55,61,-6,6
14136,107,97,10,10
14137,160,153,7,7
14138,149,138,11,11
14139,96,88,8,8
14140,88,81,7,7
14141,118,114,4,4
14142,91,84,7,7
14143,92,88,4,4
14144,74,69,5,5
14145,118,120,-2,2
14146,81,88,-7,7
14147,95,100,-5,5
14148,68,72,-4,4
14149,132,124,8,8
14150,49,59,-10,10
14151,115,117,-2,2
14152,148,140,8,8
14153,109,131,-22,22
14154,104,99,5,5
14155,159,168,-9,9
14156,83,79,4,4
14157,47,55,-8,8
14158,92,86,6,6
14159,101,98,3,3
14160,57,58,-1,1
14161,40,52,-12,12
14162,153,137,16,16
14163,163,155,8,8
14164,66,65,1,1
14165,90,80,10,10
14166,55,64,-9,9
14167,52,61,-9,9
14168,96,96,0,0
14169,115,109,6,6
14170,47,50,-3,3
14171,77,85,-8,8
14172,76,72,4,4
14173,115,117,-2,2
14174,93,99,-6,6
14175,120,91,29,29
14176,83,81,2,2
14177,119,112,7,7
14178,40,49,-9,9
14179,47,56,-9,9
14180,55,56,-1,1
14181,96,85,11,11
14182,88,88,0,0
14183,74,75,-1,1
14184,80,86,-6,6
14185,68,65,3,3
14186,144,138,6,6
14187,101,97,4,4
14188,116,113,3,3
14189,63,65,-2,2
14190,51,74,-23,23
14191,123,102,21,21
14192,145,137,8,8
14193,107,96,11,11
14194,109,105,4,4
14195,115,108,7,7
14196,59,53,6,6
14197,63,74,-11,11
14198,190,200,-10,10
14199,69,56,13,13
14200,77,70,7,7
14201,78,79,-1,1
14202,85,88,-3,3
14203,112,88,24,24
14204,82,86,-4,4
14205,150,155,-5,5
14206,72,81,-9,9
14207,105,104,1,1
14208,80,80,0,0
14209,39,48,-9,9
14210,102,98,4,4
14211,68,66,2,2
14212,95,88,7,7
14213,24,45,-21,21
14214,50,61,-11,11
14215,66,60,6,6
14216,69,68,1,1
14217,120,118,2,2
14218,140,120,20,20
14219,69,70,-1,1
14220,187,152,35,35
14221,107,107,0,0
14222,67,62,5,5
14223,126,123,3,3
14224,112,125,-13,13
14225,93,100,-7,7
14226,89,87,2,2
14227,93,98,-5,5
14228,48,45,3,3
14229,153,144,9,9
14230,67,63,4,4
14231,48,70,-22,22
14232,58,65,-7,7
14233,179,177,2,2
14234,91,92,-1,1
14235,123,126,-3,3
14236,70,63,7,7
14237,32,49,-17,17
14238,96,87,9,9
14239,53,54,-1,1
14240,99,100,-1,1
14241,133,119,14,14
14242,77,85,-8,8
14243,47,64,-17,17
14244,55,58,-3,3
14245,85,75,10,10
14246,135,135,0,0
14247,103,94,9,9
14248,62,69,-7,7
14249,73,78,-5,5
14250,117,128,-11,11
14251,112,111,1,1
14252,34,51,-17,17
14253,46,52,-6,6
14254,68,61,7,7
14255,42,53,-11,11
14256,88,106,-18,18
14257,88,91,-3,3
14258,78,84,-6,6
14259,74,81,-7,7
14260,145,131,14,14
14261,144,144,0,0
14262,146,145,1,1
14263,50,57,-7,7
14264,134,102,32,32
14265,81,68,13,13
14266,81,72,9,9
14267,64,61,3,3
14268,134,132,2,2
14269,177,184,-7,7
14270,115,106,9,9
14271,105,102,3,3
14272,142,131,11,11
14273,104,95,9,9
14274,74,75,-1,1
14275,177,167,10,10
14276,47,48,-1,1
14277,127,127,0,0
14278,186,179,7,7
14279,81,98,-17,17
14280,78,67,11,11
14281,155,144,11,11
14282,170,137,33,33
14283,97,89,8,8
14284,94,94,0,0
14285,77,75,2,2
14286,83,79,4,4
14287,109,109,0,0
14288,92,85,7,7
14289,93,85,8,8
14290,63,82,-19,19
14291,85,81,4,4
14292,92,100,-8,8
14293,68,68,0,0
14294,111,115,-4,4
14295,181,178,3,3
14296,57,61,-4,4
14297,93,100,-7,7
14298,68,84,-16,16
14299,95,98,-3,3
14300,123,106,17,17
14301,58,59,-1,1
14302,159,144,15,15
14303,97,83,14,14
14304,82,82,0,0
14305,70,62,8,8
14306,87,70,17,17
14307,63,64,-1,1
14308,138,139,-1,1
14309,124,118,6,6
14310,90,85,5,5
14311,72,66,6,6
14312,82,88,-6,6
14313,102,112,-10,10
14314,149,125,24,24
14315,127,115,12,12
14316,127,100,27,27
14317,80,81,-1,1
14318,79,72,7,7
14319,126,127,-1,1
14320,160,155,5,5
14321,88,88,0,0
14322,57,64,-7,7
14323,117,116,1,1
14324,88,74,14,14
14325,117,118,-1,1
14326,108,109,-1,1
14327,122,137,-15,15
14328,126,120,6,6
14329,137,134,3,3
14330,119,92,27,27
14331,94,87,7,7
14332,89,68,21,21
14333,65,56,9,9
14334,80,80,0,0
14335,73,72,1,1
14336,137,118,19,19
14337,112,116,-4,4
14338,93,88,5,5
14339,121,94,27,27
14340,94,99,-5,5
14341,74,75,-1,1
14342,126,115,11,11
14343,102,92,10,10
14344,61,64,-3,3
14345,107,119,-12,12
14346,187,179,8,8
14347,129,115,14,14
14348,96,92,4,4
14349,85,69,16,16
14350,89,87,2,2
14351,65,68,-3,3
14352,67,85,-18,18
14353,95,86,9,9
14354,90,79,11,11
14355,70,80,-10,10
14356,51,66,-15,15
14357,67,71,-4,4
14358,105,92,13,13
14359,72,80,-8,8
14360,73,67,6,6
14361,90,81,9,9
14362,60,64,-4,4
14363,125,119,6,6
14364,128,104,24,24
14365,114,112,2,2
14366,80,52,28,28
14367,130,119,11,11
14368,170,204,-34,34
14369,163,153,10,10
14370,121,103,18,18
14371,65,72,-7,7
14372,110,113,-3,3
14373,86,83,3,3
14374,136,140,-4,4
14375,95,91,4,4
14376,82,78,4,4
14377,117,107,10,10
14378,122,121,1,1
14379,61,63,-2,2
14380,49,50,-1,1
14381,188,171,17,17
14382,61,67,-6,6
14383,164,164,0,0
14384,64,66,-2,2
14385,100,86,14,14
14386,75,76,-1,1
14387,90,82,8,8
14388,83,71,12,12
14389,74,79,-5,5
14390,88,89,-1,1
14391,110,88,22,22
14392,104,99,5,5
14393,61,61,0,0
14394,80,83,-3,3
14395,121,106,15,15
14396,72,89,-17,17
14397,80,74,6,6
14398,38,47,-9,9
14399,136,121,15,15
14400,85,93,-8,8
14401,86,84,2,2
14402,129,123,6,6
14403,58,59,-1,1
14404,73,80,-7,7
14405,135,135,0,0
14406,106,118,-12,12
14407,53,63,-10,10
14408,54,70,-16,16
14409,62,71,-9,9
14410,91,92,-1,1
14411,61,64,-3,3
14412,56,62,-6,6
14413,53,59,-6,6
14414,67,68,-1,1
14415,81,82,-1,1
14416,77,82,-5,5
14417,92,89,3,3
14418,181,160,21,21
14419,68,70,-2,2
14420,73,72,1,1
14421,102,90,12,12
14422,85,83,2,2
14423,78,77,1,1
14424,85,80,5,5
14425,86,84,2,2
14426,61,52,9,9
14427,60,55,5,5
14428,70,77,-7,7
14429,63,65,-2,2
14430,141,151,-10,10
14431,82,83,-1,1
14432,125,105,20,20
14433,25,49,-24,24
14434,124,116,8,8
14435,42,66,-24,24
14436,123,123,0,0
14437,50,59,-9,9
14438,94,93,1,1
14439,175,168,7,7
14440,119,125,-6,6
14441,97,102,-5,5
14442,112,108,4,4
14443,105,103,2,2
14444,85,80,5,5
14445,117,120,-3,3
14446,140,125,15,15
14447,117,103,14,14
14448,45,55,-10,10
14449,73,71,2,2
14450,71,79,-8,8
14451,41,48,-7,7
14452,134,124,10,10
14453,102,98,4,4
14454,69,70,-1,1
14455,98,101,-3,3
14456,113,98,15,15
14457,90,92,-2,2
14458,67,62,5,5
14459,83,78,5,5
14460,64,64,0,0
14461,192,155,37,37
14462,93,78,15,15
14463,111,114,-3,3
14464,122,125,-3,3
14465,89,95,-6,6
14466,77,93,-16,16
14467,66,69,-3,3
14468,57,68,-11,11
14469,84,81,3,3
14470,90,92,-2,2
14471,103,94,9,9
14472,144,143,1,1
14473,120,107,13,13
14474,105,92,13,13
14475,121,119,2,2
14476,51,91,-40,40
14477,91,79,12,12
14478,73,75,-2,2
14479,60,66,-6,6
14480,50,54,-4,4
14481,94,96,-2,2
14482,107,96,11,11
14483,62,52,10,10
14484,77,76,1,1
14485,109,101,8,8
14486,113,105,8,8
14487,95,89,6,6
14488,153,152,1,1
14489,146,136,10,10
14490,75,76,-1,1
14491,97,100,-3,3
14492,96,93,3,3
14493,112,130,-18,18
14494,93,104,-11,11
14495,88,89,-1,1
14496,143,128,15,15
14497,131,127,4,4
14498,92,92,0,0
14499,77,73,4,4
14500,94,86,8,8
14501,60,66,-6,6
14502,70,70,0,0
14503,73,76,-3,3
14504,115,105,10,10
14505,111,115,-4,4
14506,41,47,-6,6
14507,49,64,-15,15
14508,141,142,-1,1
14509,85,73,12,12
14510,89,88,1,1
14511,84,71,13,13
14512,102,94,8,8
14513,100,97,3,3
14514,72,70,2,2
14515,99,92,7,7
14516,68,64,4,4
14517,63,64,-1,1
14518,156,163,-7,7
14519,113,112,1,1
14520,109,95,14,14
14521,141,140,1,1
14522,173,162,11,11
14523,95,106,-11,11
14524,89,92,-3,3
14525,103,99,4,4
14526,71,72,-1,1
14527,81,77,4,4
14528,93,88,5,5
14529,138,146,-8,8
14530,94,78,16,16
14531,168,159,9,9
14532,56,60,-4,4
14533,70,59,11,11
14534,143,122,21,21
14535,115,111,4,4
14536,78,71,7,7
14537,71,59,12,12
14538,61,65,-4,4
14539,174,174,0,0
14540,136,137,-1,1
14541,137,143,-6,6
14542,64,60,4,4
14543,98,96,2,2
14544,61,67,-6,6
14545,79,67,12,12
14546,58,69,-11,11
14547,88,89,-1,1
14548,83,80,3,3
14549,58,70,-12,12
14550,113,98,15,15
14551,65,70,-5,5
14552,98,105,-7,7
14553,98,90,8,8
14554,119,103,16,16
14555,81,78,3,3
14556,107,108,-1,1
14557,69,67,2,2
14558,102,105,-3,3
14559,64,66,-2,2
14560,92,101,-9,9
14561,91,78,13,13
14562,76,61,15,15
14563,120,116,4,4
14564,131,117,14,14
14565,73,66,7,7
14566,113,80,33,33
14567,46,52,-6,6
14568,31,49,-18,18
14569,86,107,-21,21
14570,124,135,-11,11
14571,69,69,0,0
14572,103,94,9,9
14573,78,79,-1,1
14574,85,78,7,7
14575,43,56,-13,13
14576,102,97,5,5
14577,64,61,3,3
14578,112,116,-4,4
14579,104,102,2,2
14580,116,114,2,2
14581,72,72,0,0
14582,86,85,1,1
14583,45,64,-19,19
14584,90,84,6,6
14585,204,204,0,0
14586,38,53,-15,15
14587,95,79,16,16
14588,102,104,-2,2
14589,193,182,11,11
14590,130,119,11,11
14591,47,57,-10,10
14592,132,135,-3,3
14593,176,148,28,28
14594,67,77,-10,10
14595,100,101,-1,1
14596,73,70,3,3
14597,44,49,-5,5
14598,65,63,2,2
14599,34,53,-19,19
14600,56,56,0,0
14601,87,92,-5,5
14602,87,95,-8,8
14603,44,51,-7,7
14604,115,89,26,26
14605,82,71,11,11
14606,134,133,1,1
14607,161,155,6,6
14608,61,61,0,0
14609,150,146,4,4
14610,106,105,1,1
14611,68,63,5,5
14612,106,88,18,18
14613,96,97,-1,1
14614,142,151,-9,9
14615,74,68,6,6
14616,47,57,-10,10
14617,130,142,-12,12
14618,121,122,-1,1
14619,104,94,10,10
14620,79,80,-1,1
14621,85,69,16,16
14622,92,86,6,6
14623,52,95,-43,43
14624,144,165,-21,21
14625,92,76,16,16
14626,58,62,-4,4
14627,116,127,-11,11
14628,71,73,-2,2
14629,65,63,2,2
14630,86,64,22,22
14631,51,58,-7,7
14632,51,59,-8,8
14633,169,162,7,7
14634,117,119,-2,2
14635,94,91,3,3
14636,77,68,9,9
14637,61,58,3,3
14638,64,61,3,3
14639,38,54,-16,16
14640,54,63,-9,9
14641,70,77,-7,7
14642,77,77,0,0
14643,127,110,17,17
14644,58,63,-5,5
14645,84,77,7,7
14646,89,82,7,7
14647,52,51,1,1
14648,73,74,-1,1
14649,64,73,-9,9
14650,53,71,-18,18
14651,112,108,4,4
14652,92,87,5,5
14653,90,66,24,24
14654,72,72,0,0
14655,99,99,0,0
14656,84,77,7,7
14657,90,98,-8,8
14658,135,135,0,0
14659,91,82,9,9
14660,81,84,-3,3
14661,119,108,11,11
14662,70,70,0,0
14663,62,65,-3,3
14664,80,82,-2,2
14665,69,74,-5,5
14666,107,118,-11,11
14667,145,136,9,9
14668,137,122,15,15
14669,94,90,4,4
14670,158,137,21,21
14671,174,176,-2,2
14672,100,106,-6,6
14673,141,131,10,10
14674,131,135,-4,4
14675,168,172,-4,4
14676,98,90,8,8
14677,116,127,-11,11
14678,101,93,8,8
14679,89,101,-12,12
14680,119,112,7,7
14681,139,139,0,0
14682,25,51,-26,26
14683,106,98,8,8
14684,161,174,-13,13
14685,123,117,6,6
14686,87,73,14,14
14687,58,65,-7,7
14688,62,65,-3,3
14689,89,79,10,10
14690,81,66,15,15
14691,70,62,8,8
14692,78,87,-9,9
14693,163,153,10,10
14694,46,73,-27,27
14695,57,65,-8,8
14696,108,112,-4,4
14697,148,111,37,37
14698,74,83,-9,9
14699,54,51,3,3
14700,64,66,-2,2
14701,162,139,23,23
14702,124,113,11,11
14703,75,75,0,0
14704,76,72,4,4
14705,81,88,-7,7
14706,56,58,-2,2
14707,90,79,11,11
14708,70,81,-11,11
14709,66,77,-11,11
14710,75,80,-5,5
14711,95,111,-16,16
14712,123,117,6,6
14713,125,112,13,13
14714,44,53,-9,9
14715,141,145,-4,4
14716,53,64,-11,11
14717,97,91,6,6
14718,100,89,11,11
14719,78,92,-14,14
14720,199,174,25,25
14721,124,112,12,12
14722,56,68,-12,12
14723,62,60,2,2
14724,109,94,15,15
14725,149,124,25,25
14726,101,103,-2,2
14727,129,118,11,11
14728,138,119,19,19
14729,118,128,-10,10
14730,151,149,2,2
14731,58,63,-5,5
14732,148,156,-8,8
14733,89,89,0,0
14734,93,89,4,4
14735,111,96,15,15
14736,131,124,7,7
14737,106,102,4,4
14738,123,124,-1,1
14739,119,141,-22,22
14740,106,107,-1,1
14741,121,112,9,9
14742,74,71,3,3
14743,94,100,-6,6
14744,83,80,3,3
14745,159,150,9,9
14746,126,111,15,15
14747,71,71,0,0
14748,52,55,-3,3
14749,139,141,-2,2
14750,98,80,18,18
14751,94,83,11,11
14752,58,66,-8,8
14753,126,135,-9,9
14754,65,65,0,0
14755,98,88,10,10
14756,170,159,11,11
14757,71,73,-2,2
14758,63,74,-11,11
14759,74,80,-6,6
14760,119,103,16,16
14761,73,86,-13,13
14762,88,91,-3,3
14763,96,97,-1,1
14764,125,122,3,3
14765,119,120,-1,1
14766,88,83,5,5
14767,98,81,17,17
14768,103,113,-10,10
14769,95,92,3,3
14770,80,83,-3,3
14771,88,86,2,2
14772,50,55,-5,5
14773,81,74,7,7
14774,72,77,-5,5
14775,56,67,-11,11
14776,54,49,5,5
14777,70,79,-9,9
14778,92,77,15,15
14779,79,71,8,8
14780,64,61,3,3
14781,121,110,11,11
14782,55,56,-1,1
14783,110,99,11,11
14784,142,141,1,1
14785,160,145,15,15
14786,61,65,-4,4
14787,59,62,-3,3
14788,102,104,-2,2
14789,95,76,19,19
14790,62,65,-3,3
14791,142,148,-6,6
14792,91,70,21,21
14793,114,108,6,6
14794,54,65,-11,11
14795,93,99,-6,6
14796,96,93,3,3
14797,75,78,-3,3
14798,95,91,4,4
14799,59,64,-5,5
14800,87,75,12,12
14801,121,109,12,12
14802,85,87,-2,2
14803,74,76,-2,2
14804,94,95,-1,1
14805,117,110,7,7
14806,136,135,1,1
14807,51,58,-7,7
14808,143,134,9,9
14809,110,113,-3,3
14810,112,99,13,13
14811,59,55,4,4
14812,69,60,9,9
14813,92,81,11,11
14814,92,90,2,2
14815,125,116,9,9
14816,93,83,10,10
14817,94,85,9,9
14818,183,176,7,7
14819,158,152,6,6
14820,126,119,7,7
14821,201,189,12,12
14822,96,82,14,14
14823,69,87,-18,18
14824,112,117,-5,5
14825,60,67,-7,7
14826,81,73,8,8
14827,229,235,-6,6
14828,81,81,0,0
14829,49,56,-7,7
14830,98,85,13,13
14831,104,86,18,18
14832,117,95,22,22
14833,91,93,-2,2
14834,96,86,10,10
14835,82,86,-4,4
14836,193,178,15,15
14837,75,78,-3,3
14838,101,93,8,8
14839,128,107,21,21
14840,103,96,7,7
14841,84,74,10,10
14842,162,155,7,7
14843,117,109,8,8
14844,104,119,-15,15
14845,85,89,-4,4
14846,90,90,0,0
14847,67,68,-1,1
14848,91,74,17,17
14849,152,144,8,8
14850,60,58,2,2
14851,107,98,9,9
14852,114,128,-14,14
14853,95,92,3,3
14854,85,85,0,0
14855,72,103,-31,31
14856,66,79,-13,13
14857,81,83,-2,2
14858,112,104,8,8
14859,39,50,-11,11
14860,125,139,-14,14
14861,67,67,0,0
14862,103,101,2,2
14863,44,62,-18,18
14864,52,55,-3,3
14865,58,69,-11,11
14866,105,100,5,5
14867,55,62,-7,7
14868,107,118,-11,11
14869,102,101,1,1
14870,61,86,-25,25
14871,129,126,3,3
14872,72,73,-1,1
14873,144,133,11,11
14874,67,74,-7,7
14875,131,117,14,14
14876,59,67,-8,8
14877,142,139,3,3
14878,80,83,-3,3
14879,95,88,7,7
14880,62,72,-10,10
14881,99,103,-4,4
14882,69,77,-8,8
14883,36,50,-14,14
14884,53,66,-13,13
14885,174,157,17,17
14886,120,117,3,3
14887,60,67,-7,7
14888,44,64,-20,20
14889,104,102,2,2
14890,70,67,3,3
14891,80,74,6,6
14892,72,66,6,6
14893,114,125,-11,11
14894,110,111,-1,1
14895,69,78,-9,9
14896,108,102,6,6
14897,136,132,4,4
14898,62,68,-6,6
14899,170,178,-8,8
14900,109,102,7,7
14901,85,77,8,8
14902,93,81,12,12
14903,117,114,3,3
14904,102,90,12,12
14905,123,110,13,13
14906,91,95,-4,4
14907,65,63,2,2
14908,52,67,-15,15
14909,139,124,15,15
14910,88,90,-2,2
14911,67,82,-15,15
14912,143,133,10,10
14913,153,158,-5,5
14914,65,63,2,2
14915,84,80,4,4
14916,101,108,-7,7
14917,90,113,-23,23
14918,75,63,12,12
14919,95,86,9,9
14920,197,182,15,15
14921,60,60,0,0
14922,152,160,-8,8
14923,69,59,10,10
14924,79,79,0,0
14925,63,59,4,4
14926,114,112,2,2
14927,94,82,12,12
14928,107,103,4,4
14929,94,96,-2,2
14930,68,68,0,0
14931,95,87,8,8
14932,123,109,14,14
14933,81,79,2,2
14934,141,130,11,11
14935,78,73,5,5
14936,100,105,-5,5
14937,120,120,0,0
14938,36,51,-15,15
14939,81,90,-9,9
14940,118,95,23,23
14941,122,125,-3,3
14942,80,78,2,2
14943,130,116,14,14
14944,44,50,-6,6
14945,170,180,-10,10
14946,74,77,-3,3
14947,66,67,-1,1
14948,192,185,7,7
14949,84,83,1,1
14950,116,133,-17,17
14951,81,79,2,2
14952,43,48,-5,5
14953,69,76,-7,7
14954,63,58,5,5
14955,94,88,6,6
14956,84,75,9,9
14957,56,56,0,0
14958,106,105,1,1
14959,152,125,27,27
14960,92,82,10,10
14961,68,66,2,2
14962,87,87,0,0
14963,88,94,-6,6
14964,78,81,-3,3
14965,64,77,-13,13
14966,147,145,2,2
14967,57,59,-2,2
14968,81,98,-17,17
14969,59,62,-3,3
14970,70,67,3,3
14971,87,93,-6,6
14972,90,77,13,13
14973,87,76,11,11
14974,49,64,-15,15
14975,160,144,16,16
14976,131,111,20,20
14977,83,76,7,7
14978,44,51,-7,7
14979,44,49,-5,5
14980,52,54,-2,2
14981,102,98,4,4
14982,69,65,4,4
14983,99,90,9,9
14984,81,91,-10,10
14985,91,99,-8,8
14986,87,73,14,14
14987,57,60,-3,3
14988,82,86,-4,4
14989,56,53,3,3
14990,76,70,6,6
14991,79,76,3,3
14992,78,73,5,5
14993,121,105,16,16
14994,119,114,5,5
14995,68,75,-7,7
14996,146,131,15,15
14997,106,82,24,24
14998,132,126,6,6
14999,47,55,-8,8
15000,70,70,0,0
15001,114,92,22,22
15002,71,62,9,9
15003,85,95,-10,10
15004,132,125,7,7
15005,33,53,-20,20
15006,16,55,-39,39
15007,68,68,0,0
15008,62,62,0,0
15009,84,89,-5,5
15010,50,55,-5,5
15011,91,96,-5,5
15012,116,112,4,4
15013,97,88,9,9
15014,126,118,8,8
15015,102,107,-5,5
15016,111,97,14,14
15017,113,111,2,2
15018,149,131,18,18
15019,87,64,23,23
15020,120,104,16,16
15021,124,122,2,2
15022,145,136,9,9
15023,78,73,5,5
15024,158,167,-9,9
15025,47,57,-10,10
15026,228,227,1,1
15027,86,90,-4,4
15028,97,89,8,8
15029,105,101,4,4
15030,59,66,-7,7
15031,134,104,30,30
15032,122,121,1,1
15033,116,131,-15,15
15034,72,70,2,2
15035,95,106,-11,11
15036,48,55,-7,7
15037,71,70,1,1
15038,164,176,-12,12
15039,80,78,2,2
15040,96,92,4,4
15041,133,134,-1,1
15042,121,127,-6,6
15043,122,121,1,1
15044,99,85,14,14
15045,96,88,8,8
15046,41,54,-13,13
15047,157,134,23,23
15048,104,76,28,28
15049,65,71,-6,6
15050,103,105,-2,2
15051,118,107,11,11
15052,99,94,5,5
15053,126,119,7,7
15054,106,99,7,7
15055,55,51,4,4
15056,75,71,4,4
15057,69,71,-2,2
15058,107,105,2,2
15059,122,115,7,7
15060,63,71,-8,8
15061,107,110,-3,3
15062,96,107,-11,11
15063,62,62,0,0
15064,72,66,6,6
15065,152,137,15,15
15066,65,69,-4,4
15067,78,76,2,2
15068,115,106,9,9
15069,113,103,10,10
15070,113,102,11,11
15071,105,93,12,12
15072,116,114,2,2
15073,158,157,1,1
15074,57,58,-1,1
15075,141,153,-12,12
15076,82,75,7,7
15077,106,104,2,2
15078,96,87,9,9
15079,104,93,11,11
15080,98,88,10,10
15081,83,91,-8,8
15082,138,122,16,16
15083,148,135,13,13
15084,71,65,6,6
15085,90,97,-7,7
15086,134,119,15,15
15087,129,135,-6,6
15088,127,126,1,1
15089,77,80,-3,3
15090,69,78,-9,9
15091,102,86,16,16
15092,69,62,7,7
15093,65,69,-4,4
15094,102,112,-10,10
15095,56,72,-16,16
15096,123,113,10,10
15097,73,82,-9,9
15098,61,66,-5,5
15099,102,120,-18,18
15100,98,94,4,4
15101,80,63,17,17
15102,85,82,3,3
15103,61,78,-17,17
15104,127,135,-8,8
15105,68,68,0,0
15106,127,135,-8,8
15107,71,75,-4,4
15108,71,66,5,5
15109,149,142,7,7
15110,91,73,18,18
15111,98,102,-4,4
15112,51,58,-7,7
15113,90,85,5,5
15114,105,114,-9,9
15115,84,81,3,3
15116,98,80,18,18
15117,188,209,-21,21
15118,57,63,-6,6
15119,135,111,24,24
15120,107,106,1,1
15121,166,166,0,0
15122,102,88,14,14
15123,162,167,-5,5
15124,74,66,8,8
15125,81,87,-6,6
15126,58,62,-4,4
15127,93,73,20,20
15128,67,64,3,3
15129,136,147,-11,11
15130,122,122,0,0
15131,114,114,0,0
15132,66,65,1,1
15133,121,111,10,10
15134,82,92,-10,10
15135,110,103,7,7
15136,63,68,-5,5
15137,108,109,-1,1
15138,77,79,-2,2
15139,86,76,10,10
15140,74,72,2,2
15141,101,101,0,0
15142,114,126,-12,12
15143,105,93,12,12
15144,106,104,2,2
15145,83,71,12,12
15146,169,152,17,17
15147,71,72,-1,1
15148,87,89,-2,2
15149,67,69,-2,2
15150,86,100,-14,14
15151,244,256,-12,12
15152,96,71,25,25
15153,136,130,6,6
15154,64,68,-4,4
15155,131,143,-12,12
15156,142,152,-10,10
15157,63,62,1,1
15158,56,62,-6,6
15159,65,61,4,4
15160,116,101,15,15
15161,57,58,-1,1
15162,109,115,-6,6
15163,114,129,-15,15
15164,68,67,1,1
15165,114,108,6,6
15166,64,84,-20,20
15167,112,115,-3,3
15168,47,57,-10,10
15169,66,71,-5,5
15170,81,84,-3,3
15171,127,124,3,3
15172,109,107,2,2
15173,72,66,6,6
15174,94,91,3,3
15175,46,59,-13,13
15176,113,70,43,43
15177,70,68,2,2
15178,80,84,-4,4
15179,64,61,3,3
15180,113,108,5,5
15181,56,77,-21,21
15182,112,95,17,17
15183,50,56,-6,6
15184,101,90,11,11
15185,173,160,13,13
15186,57,57,0,0
15187,104,85,19,19
15188,90,80,10,10
15189,76,71,5,5
15190,94,85,9,9
15191,105,117,-12,12
15192,121,117,4,4
15193,126,138,-12,12
15194,127,118,9,9
15195,116,115,1,1
15196,88,73,15,15
15197,62,75,-13,13
15198,190,204,-14,14
15199,91,102,-11,11
15200,68,70,-2,2
15201,102,94,8,8
15202,150,118,32,32
15203,85,90,-5,5
15204,45,65,-20,20
15205,106,104,2,2
15206,64,62,2,2
15207,152,152,0,0
15208,124,132,-8,8
15209,77,77,0,0
15210,80,89,-9,9
15211,68,53,15,15
15212,131,121,10,10
15213,141,132,9,9
15214,138,120,18,18
15215,139,155,-16,16
15216,54,67,-13,13
15217,81,77,4,4
15218,131,135,-4,4
15219,105,103,2,2
15220,88,74,14,14
15221,97,90,7,7
15222,132,127,5,5
15223,80,86,-6,6
15224,83,74,9,9
15225,56,62,-6,6
15226,68,80,-12,12
15227,88,80,8,8
15228,101,96,5,5
15229,123,116,7,7
15230,123,121,2,2
15231,56,66,-10,10
15232,139,124,15,15
15233,102,95,7,7
15234,53,62,-9,9
15235,145,148,-3,3
15236,94,96,-2,2
15237,126,128,-2,2
15238,92,81,11,11
15239,82,79,3,3
15240,74,81,-7,7
15241,165,142,23,23
15242,99,102,-3,3
15243,139,139,0,0
15244,84,82,2,2
15245,85,79,6,6
15246,63,64,-1,1
15247,174,159,15,15
15248,127,109,18,18
15249,93,94,-1,1
15250,106,103,3,3
15251,108,141,-33,33
15252,93,84,9,9
15253,98,82,16,16
15254,91,84,7,7
15255,68,61,7,7
15256,98,96,2,2
15257,264,265,-1,1
15258,105,88,17,17
15259,71,70,1,1
15260,57,70,-13,13
15261,99,97,2,2
15262,87,82,5,5
15263,109,102,7,7
15264,132,132,0,0
15265,66,75,-9,9
15266,99,103,-4,4
15267,70,76,-6,6
15268,111,108,3,3
15269,124,107,17,17
15270,53,59,-6,6
15271,113,97,16,16
15272,69,64,5,5
15273,69,80,-11,11
15274,80,81,-1,1
15275,87,82,5,5
15276,117,102,15,15
15277,105,91,14,14
15278,64,57,7,7
15279,41,48,-7,7
15280,60,61,-1,1
15281,93,84,9,9
15282,74,63,11,11
15283,100,80,20,20
15284,75,72,3,3
15285,117,102,15,15
15286,129,132,-3,3
15287,145,142,3,3
15288,102,103,-1,1
15289,147,147,0,0
15290,55,63,-8,8
15291,91,83,8,8
15292,46,53,-7,7
15293,211,193,18,18
15294,125,126,-1,1
15295,76,73,3,3
15296,84,84,0,0
15297,104,100,4,4
15298,62,69,-7,7
15299,77,75,2,2
15300,100,96,4,4
15301,83,87,-4,4
15302,90,95,-5,5
15303,181,171,10,10
15304,132,140,-8,8
15305,88,82,6,6
15306,85,79,6,6
15307,69,67,2,2
15308,59,66,-7,7
15309,42,51,-9,9
15310,138,135,3,3
15311,75,66,9,9
15312,116,118,-2,2
15313,76,86,-10,10
15314,85,84,1,1
15315,60,65,-5,5
15316,101,110,-9,9
15317,117,121,-4,4
15318,73,75,-2,2
15319,65,55,10,10
15320,136,137,-1,1
15321,40,49,-9,9
15322,61,62,-1,1
15323,138,136,2,2
15324,55,56,-1,1
15325,87,82,5,5
15326,60,57,3,3
15327,42,56,-14,14
15328,184,195,-11,11
15329,136,137,-1,1
15330,46,41,5,5
15331,157,119,38,38
15332,99,96,3,3
15333,64,61,3,3
15334,95,96,-1,1
15335,138,130,8,8
15336,63,58,5,5
15337,72,107,-35,35
15338,52,60,-8,8
15339,90,71,19,19
15340,78,76,2,2
15341,97,105,-8,8
15342,118,121,-3,3
15343,89,87,2,2
15344,55,54,1,1
15345,109,101,8,8
15346,64,65,-1,1
15347,103,92,11,11
15348,96,92,4,4
15349,101,102,-1,1
15350,130,124,6,6
15351,67,79,-12,12
15352,65,58,7,7
15353,80,73,7,7
15354,90,87,3,3
15355,86,81,5,5
15356,62,62,0,0
15357,162,154,8,8
15358,107,115,-8,8
15359,42,42,0,0
15360,104,104,0,0
15361,125,119,6,6
15362,93,90,3,3
15363,163,183,-20,20
15364,42,56,-14,14
15365,127,121,6,6
15366,94,101,-7,7
15367,88,81,7,7
15368,147,142,5,5
15369,155,159,-4,4
15370,107,101,6,6
15371,65,65,0,0
15372,94,106,-12,12
15373,77,87,-10,10
15374,128,132,-4,4
15375,70,74,-4,4
15376,51,63,-12,12
15377,101,100,1,1
15378,108,88,20,20
15379,169,152,17,17
15380,56,57,-1,1
15381,114,97,17,17
15382,129,144,-15,15
15383,98,89,9,9
15384,62,52,10,10
15385,52,61,-9,9
15386,125,117,8,8
15387,123,114,9,9
15388,107,102,5,5
15389,100,102,-2,2
15390,153,159,-6,6
15391,81,80,1,1
15392,82,79,3,3
15393,97,107,-10,10
15394,28,41,-13,13
15395,123,124,-1,1
15396,66,73,-7,7
15397,91,94,-3,3
15398,95,80,15,15
15399,66,72,-6,6
15400,105,99,6,6
15401,64,61,3,3
15402,106,97,9,9
15403,136,120,16,16
15404,87,84,3,3
15405,71,70,1,1
15406,116,117,-1,1
15407,88,87,1,1
15408,53,59,-6,6
15409,126,111,15,15
15410,144,124,20,20
15411,74,70,4,4
15412,63,63,0,0
15413,72,65,7,7
15414,73,69,4,4
15415,76,80,-4,4
15416,88,80,8,8
15417,78,80,-2,2
15418,103,102,1,1
15419,76,71,5,5
15420,41,91,-50,50
15421,231,223,8,8
15422,134,133,1,1
15423,126,105,21,21
15424,138,136,2,2
15425,103,115,-12,12
15426,90,93,-3,3
15427,73,70,3,3
15428,63,69,-6,6
15429,81,95,-14,14
15430,120,103,17,17
15431,92,99,-7,7
15432,100,92,8,8
15433,51,62,-11,11
15434,116,110,6,6
15435,97,92,5,5
15436,87,69,18,18
15437,138,126,12,12
15438,52,59,-7,7
15439,36,51,-15,15
15440,167,181,-14,14
15441,80,90,-10,10
15442,117,115,2,2
15443,91,81,10,10
15444,163,160,3,3
15445,112,117,-5,5
15446,75,75,0,0
15447,119,106,13,13
15448,61,71,-10,10
15449,71,64,7,7
15450,117,115,2,2
15451,115,133,-18,18
15452,99,101,-2,2
15453,125,119,6,6
15454,100,95,5,5
15455,153,156,-3,3
15456,146,152,-6,6
15457,157,150,7,7
15458,104,106,-2,2
15459,130,124,6,6
15460,137,144,-7,7
15461,105,111,-6,6
15462,101,88,13,13
15463,110,110,0,0
15464,97,85,12,12
15465,87,76,11,11
15466,107,104,3,3
15467,87,80,7,7
15468,90,77,13,13
15469,90,88,2,2
15470,118,114,4,4
15471,57,59,-2,2
15472,108,106,2,2
15473,51,53,-2,2
15474,56,61,-5,5
15475,53,63,-10,10
15476,55,55,0,0
15477,68,70,-2,2
15478,61,67,-6,6
15479,142,142,0,0
15480,83,75,8,8
15481,56,60,-4,4
15482,60,70,-10,10
15483,59,69,-10,10
15484,119,112,7,7
15485,60,77,-17,17
15486,60,68,-8,8
15487,106,97,9,9
15488,78,70,8,8
15489,83,78,5,5
15490,63,66,-3,3
15491,147,113,34,34
15492,182,174,8,8
15493,129,121,8,8
15494,97,96,1,1
15495,115,101,14,14
15496,105,107,-2,2
15497,102,104,-2,2
15498,127,130,-3,3
15499,157,161,-4,4
15500,84,79,5,5
15501,152,123,29,29
15502,74,69,5,5
15503,79,78,1,1
15504,123,128,-5,5
15505,135,136,-1,1
15506,82,77,5,5
15507,111,105,6,6
15508,62,85,-23,23
15509,59,59,0,0
15510,77,85,-8,8
15511,63,69,-6,6
15512,81,77,4,4
15513,56,66,-10,10
15514,69,65,4,4
15515,65,67,-2,2
15516,82,73,9,9
15517,91,89,2,2
15518,190,171,19,19
15519,185,190,-5,5
15520,131,114,17,17
15521,65,70,-5,5
15522,158,153,5,5
15523,144,158,-14,14
15524,73,78,-5,5
15525,80,70,10,10
15526,152,140,12,12
15527,62,75,-13,13
15528,64,65,-1,1
15529,65,64,1,1
15530,146,143,3,3
15531,124,118,6,6
15532,108,92,16,16
15533,131,139,-8,8
15534,107,113,-6,6
15535,104,99,5,5
15536,78,70,8,8
15537,115,124,-9,9
15538,159,136,23,23
15539,103,103,0,0
15540,101,104,-3,3
15541,63,59,4,4
15542,160,166,-6,6
15543,61,64,-3,3
15544,60,64,-4,4
15545,130,141,-11,11
15546,96,89,7,7
15547,84,84,0,0
15548,93,78,15,15
15549,110,109,1,1
15550,66,55,11,11
15551,77,72,5,5
15552,103,93,10,10
15553,78,77,1,1
15554,147,134,13,13
15555,87,91,-4,4
15556,84,70,14,14
15557,83,75,8,8
15558,69,62,7,7
15559,180,170,10,10
15560,140,144,-4,4
15561,57,59,-2,2
15562,120,107,13,13
15563,62,65,-3,3
15564,79,77,2,2
15565,127,127,0,0
15566,64,63,1,1
15567,81,80,1,1
15568,100,90,10,10
15569,118,121,-3,3
15570,85,78,7,7
15571,77,86,-9,9
15572,104,90,14,14
15573,72,66,6,6
15574,101,93,8,8
15575,95,97,-2,2
15576,98,92,6,6
15577,62,60,2,2
15578,98,86,12,12
15579,113,131,-18,18
15580,62,62,0,0
15581,52,62,-10,10
15582,112,108,4,4
15583,80,81,-1,1
15584,106,113,-7,7
15585,63,66,-3,3
15586,49,69,-20,20
15587,72,65,7,7
15588,117,106,11,11
15589,116,101,15,15
15590,94,81,13,13
15591,95,93,2,2
15592,83,83,0,0
15593,119,112,7,7
15594,106,109,-3,3
15595,92,83,9,9
15596,70,79,-9,9
15597,133,121,12,12
15598,64,74,-10,10
15599,169,163,6,6
15600,93,87,6,6
15601,102,108,-6,6
15602,87,79,8,8
15603,71,63,8,8
15604,62,61,1,1
15605,59,61,-2,2
15606,85,74,11,11
15607,72,75,-3,3
15608,50,58,-8,8
15609,92,88,4,4
15610,127,117,10,10
15611,57,58,-1,1
15612,107,100,7,7
15613,65,67,-2,2
15614,82,85,-3,3
15615,81,77,4,4
15616,98,96,2,2
15617,82,75,7,7
15618,110,129,-19,19
15619,166,168,-2,2
15620,107,106,1,1
15621,50,55,-5,5
15622,148,131,17,17
15623,70,70,0,0
15624,100,90,10,10
15625,108,97,11,11
15626,113,106,7,7
15627,53,60,-7,7
15628,126,129,-3,3
15629,72,67,5,5
15630,197,171,26,26
15631,47,53,-6,6
15632,89,74,15,15
15633,143,128,15,15
15634,119,124,-5,5
15635,76,76,0,0
15636,73,78,-5,5
15637,68,65,3,3
15638,111,109,2,2
15639,121,101,20,20
15640,92,98,-6,6
15641,113,104,9,9
15642,98,88,10,10
15643,152,165,-13,13
15644,80,75,5,5
15645,82,79,3,3
15646,128,115,13,13
15647,49,58,-9,9
15648,128,130,-2,2
15649,63,63,0,0
15650,52,56,-4,4
15651,89,84,5,5
15652,68,71,-3,3
15653,109,102,7,7
15654,83,88,-5,5
15655,97,97,0,0
15656,73,75,-2,2
15657,75,73,2,2
15658,127,111,16,16
15659,52,78,-26,26
15660,69,70,-1,1
15661,152,148,4,4
15662,87,70,17,17
15663,130,110,20,20
15664,72,79,-7,7
15665,114,114,0,0
15666,75,75,0,0
15667,136,128,8,8
15668,77,68,9,9
15669,88,74,14,14
15670,64,68,-4,4
15671,90,72,18,18
15672,174,187,-13,13
15673,57,64,-7,7
15674,56,56,0,0
15675,78,75,3,3
15676,81,76,5,5
15677,67,71,-4,4
15678,123,114,9,9
15679,146,145,1,1
15680,123,121,2,2
15681,98,104,-6,6
15682,61,58,3,3
15683,109,103,6,6
15684,76,77,-1,1
15685,121,112,9,9
15686,81,77,4,4
15687,38,49,-11,11
15688,70,75,-5,5
15689,83,93,-10,10
15690,100,101,-1,1
15691,79,91,-12,12
15692,98,93,5,5
15693,79,68,11,11
15694,196,199,-3,3
15695,137,129,8,8
15696,67,72,-5,5
15697,87,83,4,4
15698,79,75,4,4
15699,84,91,-7,7
15700,104,115,-11,11
15701,105,117,-12,12
15702,113,98,15,15
15703,54,59,-5,5
15704,77,67,10,10
15705,124,112,12,12
15706,103,107,-4,4
15707,175,162,13,13
15708,67,69,-2,2
15709,86,87,-1,1
15710,65,64,1,1
15711,74,74,0,0
15712,85,49,36,36
15713,77,80,-3,3
15714,94,96,-2,2
15715,163,150,13,13
15716,107,98,9,9
15717,126,121,5,5
15718,97,84,13,13
15719,80,80,0,0
15720,150,140,10,10
15721,67,74,-7,7
15722,120,103,17,17
15723,86,92,-6,6
15724,80,77,3,3
15725,79,73,6,6
15726,98,100,-2,2
15727,100,99,1,1
15728,105,107,-2,2
15729,140,165,-25,25
15730,110,104,6,6
15731,101,89,12,12
15732,50,61,-11,11
15733,132,126,6,6
15734,160,164,-4,4
15735,119,101,18,18
15736,94,85,9,9
15737,83,70,13,13
15738,92,82,10,10
15739,76,70,6,6
15740,103,98,5,5
15741,93,89,4,4
15742,67,66,1,1
15743,104,114,-10,10
15744,123,118,5,5
15745,90,86,4,4
15746,75,79,-4,4
15747,120,118,2,2
15748,66,60,6,6
15749,106,104,2,2
15750,120,111,9,9
15751,98,84,14,14
15752,105,103,2,2
15753,97,90,7,7
15754,101,89,12,12
15755,80,76,4,4
15756,87,80,7,7
15757,68,72,-4,4
15758,160,149,11,11
15759,77,72,5,5
15760,65,68,-3,3
15761,90,89,1,1
15762,34,61,-27,27
15763,90,94,-4,4
15764,83,80,3,3
15765,47,61,-14,14
15766,47,65,-18,18
15767,106,117,-11,11
15768,63,68,-5,5
15769,96,93,3,3
15770,108,112,-4,4
15771,85,73,12,12
15772,157,141,16,16
15773,90,63,27,27
15774,116,110,6,6
15775,132,131,1,1
15776,123,108,15,15
15777,118,111,7,7
15778,45,51,-6,6
15779,60,68,-8,8
15780,179,164,15,15
15781,111,109,2,2
15782,118,115,3,3
15783,87,94,-7,7
15784,51,64,-13,13
15785,37,58,-21,21
15786,91,91,0,0
15787,69,70,-1,1
15788,130,111,19,19
15789,102,112,-10,10
15790,93,95,-2,2
15791,129,125,4,4
15792,54,59,-5,5
15793,70,66,4,4
15794,125,111,14,14
15795,59,61,-2,2
15796,46,63,-17,17
15797,64,60,4,4
15798,113,93,20,20
15799,110,97,13,13
15800,46,55,-9,9
15801,134,137,-3,3
15802,71,83,-12,12
15803,143,141,2,2
15804,63,64,-1,1
15805,120,114,6,6
15806,86,83,3,3
15807,74,74,0,0
15808,118,122,-4,4
15809,61,67,-6,6
15810,65,66,-1,1
15811,136,123,13,13
15812,85,81,4,4
15813,105,88,17,17
15814,146,132,14,14
15815,98,102,-4,4
15816,30,73,-43,43
15817,76,76,0,0
15818,148,144,4,4
15819,126,89,37,37
15820,121,112,9,9
15821,173,128,45,45
15822,68,79,-11,11
15823,100,94,6,6
15824,109,106,3,3
15825,73,72,1,1
15826,97,93,4,4
15827,92,100,-8,8
15828,97,90,7,7
15829,88,93,-5,5
15830,159,139,20,20
15831,104,97,7,7
15832,65,63,2,2
15833,84,77,7,7
15834,82,70,12,12
15835,100,109,-9,9
15836,105,99,6,6
15837,70,78,-8,8
15838,77,76,1,1
15839,111,106,5,5
15840,96,86,10,10
15841,98,104,-6,6
15842,89,95,-6,6
15843,62,71,-9,9
15844,144,127,17,17
15845,134,127,7,7
15846,96,89,7,7
15847,64,68,-4,4
15848,74,70,4,4
15849,113,110,3,3
15850,125,130,-5,5
15851,122,112,10,10
15852,66,73,-7,7
15853,46,47,-1,1
15854,115,117,-2,2
15855,59,53,6,6
15856,76,78,-2,2
15857,97,94,3,3
15858,125,131,-6,6
15859,138,100,38,38
15860,24,50,-26,26
15861,34,52,-18,18
15862,77,78,-1,1
15863,112,119,-7,7
15864,123,113,10,10
15865,88,89,-1,1
15866,130,124,6,6
15867,108,97,11,11
15868,52,53,-1,1
15869,112,111,1,1
15870,41,56,-15,15
15871,68,71,-3,3
15872,111,107,4,4
15873,97,92,5,5
15874,73,79,-6,6
15875,75,78,-3,3
15876,79,89,-10,10
15877,62,63,-1,1
15878,75,87,-12,12
15879,128,123,5,5
15880,113,115,-2,2
15881,49,55,-6,6
15882,65,63,2,2
15883,64,69,-5,5
15884,97,99,-2,2
15885,117,101,16,16
15886,62,64,-2,2
15887,75,98,-23,23
15888,80,83,-3,3
15889,63,65,-2,2
15890,50,58,-8,8
15891,112,108,4,4
15892,129,128,1,1
15893,78,69,9,9
15894,102,98,4,4
15895,101,89,12,12
15896,67,77,-10,10
15897,49,56,-7,7
15898,184,178,6,6
15899,81,83,-2,2
15900,70,69,1,1
15901,95,80,15,15
15902,111,96,15,15
15903,141,128,13,13
15904,105,109,-4,4
15905,54,58,-4,4
15906,78,69,9,9
15907,155,141,14,14
15908,134,121,13,13
15909,88,75,13,13
15910,66,76,-10,10
15911,64,68,-4,4
15912,60,68,-8,8
15913,94,91,3,3
15914,103,90,13,13
15915,146,141,5,5
15916,74,79,-5,5
15917,73,75,-2,2
15918,62,60,2,2
15919,103,102,1,1
15920,126,121,5,5
15921,96,81,15,15
15922,160,141,19,19
15923,118,117,1,1
15924,128,118,10,10
15925,191,180,11,11
15926,123,111,12,12
15927,107,103,4,4
15928,55,67,-12,12
15929,47,60,-13,13
15930,55,64,-9,9
15931,58,67,-9,9
15932,107,111,-4,4
15933,76,70,6,6
15934,96,84,12,12
15935,57,72,-15,15
15936,110,119,-9,9
15937,79,67,12,12
15938,65,75,-10,10
15939,123,104,19,19
15940,61,57,4,4
15941,65,68,-3,3
15942,113,97,16,16
15943,49,51,-2,2
15944,82,81,1,1
15945,98,96,2,2
15946,75,78,-3,3
15947,112,107,5,5
15948,113,99,14,14
15949,94,91,3,3
15950,58,62,-4,4
15951,64,73,-9,9
15952,105,113,-8,8
15953,101,102,-1,1
15954,68,76,-8,8
15955,101,91,10,10
15956,52,48,4,4
15957,70,73,-3,3
15958,97,136,-39,39
15959,117,106,11,11
15960,68,67,1,1
15961,127,117,10,10
15962,69,70,-1,1
15963,90,92,-2,2
15964,40,62,-22,22
15965,114,102,12,12
15966,98,97,1,1
15967,66,60,6,6
15968,67,83,-16,16
15969,190,204,-14,14
15970,104,96,8,8
15971,74,81,-7,7
15972,69,72,-3,3
15973,86,83,3,3
15974,102,86,16,16
15975,122,110,12,12
15976,142,129,13,13
15977,103,93,10,10
15978,164,154,10,10
15979,110,123,-13,13
15980,64,71,-7,7
15981,74,69,5,5
15982,61,59,2,2
15983,63,63,0,0
15984,100,83,17,17
15985,107,104,3,3
15986,102,92,10,10
15987,31,62,-31,31
15988,147,135,12,12
15989,60,56,4,4
15990,86,81,5,5
15991,114,131,-17,17
15992,103,121,-18,18
15993,75,72,3,3
15994,95,93,2,2
15995,87,81,6,6
15996,99,92,7,7
15997,114,109,5,5
15998,76,74,2,2
15999,120,125,-5,5
16000,90,86,4,4
16001,64,67,-3,3
16002,113,116,-3,3
16003,66,68,-2,2
16004,123,108,15,15
16005,132,116,16,16
16006,124,102,22,22
16007,56,62,-6,6
16008,125,130,-5,5
16009,101,108,-7,7
16010,89,75,14,14
16011,57,66,-9,9
16012,98,87,11,11
16013,101,100,1,1
16014,82,83,-1,1
16015,128,134,-6,6
16016,56,66,-10,10
16017,162,164,-2,2
16018,84,88,-4,4
16019,79,72,7,7
16020,53,61,-8,8
16021,55,63,-8,8
16022,62,65,-3,3
16023,73,72,1,1
16024,42,67,-25,25
16025,127,142,-15,15
16026,52,60,-8,8
16027,121,124,-3,3
16028,75,85,-10,10
16029,89,79,10,10
16030,64,68,-4,4
16031,36,52,-16,16
16032,89,83,6,6
16033,72,69,3,3
16034,148,140,8,8
16035,106,97,9,9
16036,158,163,-5,5
16037,131,114,17,17
16038,130,134,-4,4
16039,77,70,7,7
16040,136,121,15,15
16041,102,106,-4,4
16042,86,83,3,3
16043,89,79,10,10
16044,101,84,17,17
16045,99,95,4,4
16046,100,87,13,13
16047,69,71,-2,2
16048,92,70,22,22
16049,69,67,2,2
16050,128,123,5,5
16051,151,140,11,11
16052,39,46,-7,7
16053,44,54,-10,10
16054,74,81,-7,7
16055,82,73,9,9
16056,140,128,12,12
16057,120,106,14,14
16058,79,71,8,8
16059,89,93,-4,4
16060,158,207,-49,49
16061,105,132,-27,27
16062,113,109,4,4
16063,58,55,3,3
16064,95,87,8,8
16065,82,85,-3,3
16066,140,128,12,12
16067,66,80,-14,14
16068,94,90,4,4
16069,116,117,-1,1
16070,70,79,-9,9
16071,90,91,-1,1
16072,73,74,-1,1
16073,62,100,-38,38
16074,55,56,-1,1
16075,87,75,12,12
16076,97,93,4,4
16077,75,73,2,2
16078,113,127,-14,14
16079,148,132,16,16
16080,144,171,-27,27
16081,64,66,-2,2
16082,117,99,18,18
16083,89,83,6,6
16084,106,101,5,5
16085,130,112,18,18
16086,91,94,-3,3
16087,52,52,0,0
16088,54,70,-16,16
16089,117,103,14,14
16090,127,133,-6,6
16091,104,85,19,19
16092,122,112,10,10
16093,67,57,10,10
16094,73,76,-3,3
16095,84,73,11,11
16096,63,62,1,1
16097,199,203,-4,4
16098,138,138,0,0
16099,85,77,8,8
16100,112,112,0,0
16101,100,94,6,6
16102,184,202,-18,18
16103,90,84,6,6
16104,55,63,-8,8
16105,142,130,12,12
16106,124,122,2,2
16107,83,91,-8,8
16108,79,83,-4,4
16109,52,67,-15,15
16110,92,91,1,1
16111,71,73,-2,2
16112,47,62,-15,15
16113,83,69,14,14
16114,68,69,-1,1
16115,65,65,0,0
16116,99,96,3,3
16117,114,117,-3,3
16118,98,107,-9,9
16119,84,100,-16,16
16120,181,165,16,16
16121,51,58,-7,7
16122,95,76,19,19
16123,77,74,3,3
16124,70,74,-4,4
16125,103,107,-4,4
16126,106,113,-7,7
16127,70,70,0,0
16128,92,85,7,7
16129,104,106,-2,2
16130,49,63,-14,14
16131,62,66,-4,4
16132,52,59,-7,7
16133,88,84,4,4
16134,84,77,7,7
16135,80,81,-1,1
16136,55,63,-8,8
16137,84,77,7,7
16138,158,138,20,20
16139,76,70,6,6
16140,58,62,-4,4
16141,94,80,14,14
16142,44,54,-10,10
16143,96,88,8,8
16144,134,124,10,10
16145,124,118,6,6
16146,137,144,-7,7
16147,139,128,11,11
16148,40,54,-14,14
16149,64,64,0,0
16150,100,92,8,8
16151,90,90,0,0
16152,88,81,7,7
16153,80,75,5,5
16154,67,69,-2,2
16155,96,88,8,8
16156,74,70,4,4
16157,80,65,15,15
16158,54,60,-6,6
16159,133,129,4,4
16160,71,67,4,4
16161,151,142,9,9
16162,150,144,6,6
16163,107,105,2,2
16164,104,106,-2,2
16165,96,92,4,4
16166,164,158,6,6
16167,61,67,-6,6
16168,95,87,8,8
16169,120,113,7,7
16170,107,104,3,3
16171,116,101,15,15
16172,89,85,4,4
16173,42,54,-12,12
16174,74,62,12,12
16175,100,97,3,3
16176,66,71,-5,5
16177,105,110,-5,5
16178,108,90,18,18
16179,144,140,4,4
16180,118,110,8,8
16181,82,70,12,12
16182,164,149,15,15
16183,125,136,-11,11
16184,68,64,4,4
16185,102,91,11,11
16186,109,119,-10,10
16187,111,95,16,16
16188,115,94,21,21
16189,58,63,-5,5
16190,109,102,7,7
16191,90,80,10,10
16192,99,97,2,2
16193,124,141,-17,17
16194,147,115,32,32
16195,67,71,-4,4
16196,89,92,-3,3
16197,77,70,7,7
16198,106,126,-20,20
16199,78,81,-3,3
16200,58,70,-12,12
16201,119,110,9,9
16202,74,77,-3,3
16203,80,83,-3,3
16204,143,142,1,1
16205,160,153,7,7
16206,117,112,5,5
16207,79,67,12,12
16208,103,104,-1,1
16209,88,62,26,26
16210,74,77,-3,3
16211,96,100,-4,4
16212,94,104,-10,10
16213,66,60,6,6
16214,43,50,-7,7
16215,137,126,11,11
16216,89,80,9,9
16217,95,98,-3,3
16218,172,184,-12,12
16219,37,52,-15,15
16220,75,81,-6,6
16221,112,110,2,2
16222,98,92,6,6
16223,137,136,1,1
16224,122,106,16,16
16225,55,61,-6,6
16226,65,65,0,0
16227,105,106,-1,1
16228,67,71,-4,4
16229,115,95,20,20
16230,35,61,-26,26
16231,95,87,8,8
16232,62,63,-1,1
16233,60,60,0,0
16234,142,123,19,19
16235,74,80,-6,6
16236,100,93,7,7
16237,179,87,92,92
16238,173,166,7,7
16239,161,170,-9,9
16240,76,70,6,6
16241,79,80,-1,1
16242,116,101,15,15
16243,58,66,-8,8
16244,83,84,-1,1
16245,48,56,-8,8
16246,74,69,5,5
16247,57,70,-13,13
16248,84,74,10,10
16249,114,103,11,11
16250,72,64,8,8
16251,96,98,-2,2
16252,113,138,-25,25
16253,105,90,15,15
16254,149,130,19,19
16255,62,66,-4,4
16256,72,73,-1,1
16257,77,78,-1,1
16258,152,138,14,14
16259,94,86,8,8
16260,115,114,1,1
16261,56,57,-1,1
16262,65,69,-4,4
16263,111,106,5,5
16264,73,81,-8,8
16265,75,61,14,14
16266,90,76,14,14
16267,121,125,-4,4
16268,111,105,6,6
16269,179,175,4,4
16270,136,145,-9,9
16271,111,94,17,17
16272,35,60,-25,25
16273,90,77,13,13
16274,58,57,1,1
16275,172,154,18,18
16276,77,79,-2,2
16277,81,70,11,11
16278,31,60,-29,29
16279,87,86,1,1
16280,63,74,-11,11
16281,114,101,13,13
16282,96,96,0,0
16283,83,81,2,2
16284,117,123,-6,6
16285,121,100,21,21
16286,89,82,7,7
16287,106,100,6,6
16288,108,101,7,7
16289,121,118,3,3
16290,160,154,6,6
16291,110,107,3,3
16292,87,79,8,8
16293,107,103,4,4
16294,117,113,4,4
16295,74,77,-3,3
16296,96,84,12,12
16297,133,130,3,3
16298,81,95,-14,14
16299,81,87,-6,6
16300,76,80,-4,4
16301,57,68,-11,11
16302,131,140,-9,9
16303,91,77,14,14
16304,39,52,-13,13
16305,119,105,14,14
16306,138,133,5,5
16307,105,105,0,0
16308,77,57,20,20
16309,132,138,-6,6
16310,58,71,-13,13
16311,42,62,-20,20
16312,67,70,-3,3
16313,54,57,-3,3
16314,74,65,9,9
16315,95,91,4,4
16316,73,63,10,10
16317,75,86,-11,11
16318,58,64,-6,6
16319,112,105,7,7
16320,114,99,15,15
16321,118,122,-4,4
16322,63,68,-5,5
16323,59,73,-14,14
16324,56,76,-20,20
16325,66,61,5,5
16326,64,63,1,1
16327,100,89,11,11
16328,97,90,7,7
16329,155,156,-1,1
16330,93,89,4,4
16331,123,122,1,1
16332,89,69,20,20
16333,76,80,-4,4
16334,178,199,-21,21
16335,67,66,1,1
16336,112,101,11,11
16337,105,98,7,7
16338,95,92,3,3
16339,81,82,-1,1
16340,67,76,-9,9
16341,79,73,6,6
16342,117,125,-8,8
16343,72,80,-8,8
16344,103,102,1,1
16345,109,102,7,7
16346,59,65,-6,6
16347,101,96,5,5
16348,112,110,2,2
16349,158,148,10,10
16350,119,116,3,3
16351,92,88,4,4
16352,38,51,-13,13
16353,66,69,-3,3
16354,69,75,-6,6
16355,51,54,-3,3
16356,200,172,28,28
16357,93,81,12,12
16358,97,94,3,3
16359,171,139,32,32
16360,65,72,-7,7
16361,102,89,13,13
16362,72,68,4,4
16363,55,69,-14,14
16364,118,93,25,25
16365,86,82,4,4
16366,135,123,12,12
16367,78,66,12,12
16368,115,121,-6,6
16369,140,146,-6,6
16370,61,60,1,1
16371,48,56,-8,8
16372,78,82,-4,4
16373,195,176,19,19
16374,48,63,-15,15
16375,71,71,0,0
16376,126,122,4,4
16377,207,186,21,21
16378,111,97,14,14
16379,75,90,-15,15
16380,106,91,15,15
16381,84,74,10,10
16382,140,142,-2,2
16383,77,91,-14,14
16384,88,89,-1,1
16385,63,64,-1,1
16386,146,143,3,3
16387,43,60,-17,17
16388,87,79,8,8
16389,63,63,0,0
16390,92,98,-6,6
16391,64,58,6,6
16392,107,88,19,19
16393,114,103,11,11
16394,76,65,11,11
16395,108,117,-9,9
16396,61,66,-5,5
16397,157,156,1,1
16398,161,155,6,6
16399,81,75,6,6
16400,42,48,-6,6
16401,120,82,38,38
16402,118,102,16,16
16403,99,90,9,9
16404,78,72,6,6
16405,39,49,-10,10
16406,62,73,-11,11
16407,93,81,12,12
16408,51,59,-8,8
16409,63,83,-20,20
16410,131,139,-8,8
16411,117,95,22,22
16412,96,90,6,6
16413,158,150,8,8
16414,88,83,5,5
16415,77,82,-5,5
16416,84,85,-1,1
16417,123,112,11,11
16418,84,76,8,8
16419,122,125,-3,3
16420,88,84,4,4
16421,73,66,7,7
16422,198,180,18,18
16423,87,75,12,12
16424,76,75,1,1
16425,85,85,0,0
16426,86,85,1,1
16427,161,168,-7,7
16428,132,106,26,26
16429,65,66,-1,1
16430,65,66,-1,1
16431,155,145,10,10
16432,94,103,-9,9
16433,91,84,7,7
16434,94,111,-17,17
16435,132,116,16,16
16436,74,86,-12,12
16437,134,132,2,2
16438,186,176,10,10
16439,117,104,13,13
16440,128,126,2,2
16441,49,56,-7,7
16442,52,53,-1,1
16443,54,58,-4,4
16444,49,60,-11,11
16445,61,66,-5,5
16446,87,90,-3,3
16447,121,120,1,1
16448,110,110,0,0
16449,29,54,-25,25
16450,75,67,8,8
16451,119,124,-5,5
16452,100,91,9,9
16453,73,87,-14,14
16454,71,71,0,0
16455,61,66,-5,5
16456,91,104,-13,13
16457,68,84,-16,16
16458,79,72,7,7
16459,141,144,-3,3
16460,89,79,10,10
16461,132,124,8,8
16462,110,106,4,4
16463,70,69,1,1
16464,49,57,-8,8
16465,99,102,-3,3
16466,60,57,3,3
16467,94,96,-2,2
16468,89,80,9,9
16469,149,149,0,0
16470,78,72,6,6
16471,133,146,-13,13
16472,134,141,-7,7
16473,65,64,1,1
16474,117,102,15,15
16475,96,87,9,9
16476,130,111,19,19
16477,138,127,11,11
16478,85,83,2,2
16479,128,122,6,6
16480,84,89,-5,5
16481,127,110,17,17
16482,67,70,-3,3
16483,149,165,-16,16
16484,77,63,14,14
16485,91,88,3,3
16486,137,132,5,5
16487,142,141,1,1
16488,68,63,5,5
16489,129,128,1,1
16490,120,121,-1,1
16491,38,56,-18,18
16492,109,109,0,0
16493,101,87,14,14
16494,66,89,-23,23
16495,61,59,2,2
16496,107,107,0,0
16497,112,102,10,10
16498,114,126,-12,12
16499,96,95,1,1
16500,136,129,7,7
16501,60,56,4,4
16502,108,97,11,11
16503,109,116,-7,7
16504,98,96,2,2
16505,53,60,-7,7
16506,68,66,2,2
16507,114,111,3,3
16508,181,197,-16,16
16509,121,116,5,5
16510,67,64,3,3
16511,78,69,9,9
16512,74,65,9,9
16513,47,52,-5,5
16514,113,121,-8,8
16515,41,57,-16,16
16516,57,54,3,3
16517,68,62,6,6
16518,88,87,1,1
16519,76,84,-8,8
16520,96,87,9,9
16521,45,47,-2,2
16522,119,114,5,5
16523,104,104,0,0
16524,111,103,8,8
16525,62,57,5,5
16526,94,95,-1,1
16527,86,83,3,3
16528,78,95,-17,17
16529,132,126,6,6
16530,105,98,7,7
16531,141,122,19,19
16532,59,64,-5,5
16533,205,181,24,24
16534,91,99,-8,8
16535,87,103,-16,16
16536,87,92,-5,5
16537,102,81,21,21
16538,94,87,7,7
16539,77,82,-5,5
16540,61,64,-3,3
16541,152,129,23,23
16542,85,76,9,9
16543,120,110,10,10
16544,83,88,-5,5
16545,135,133,2,2
16546,52,52,0,0
16547,79,83,-4,4
16548,50,57,-7,7
16549,152,142,10,10
16550,80,70,10,10
16551,83,86,-3,3
16552,163,160,3,3
16553,75,75,0,0
16554,72,74,-2,2
16555,93,87,6,6
16556,118,93,25,25
16557,84,82,2,2
16558,72,75,-3,3
16559,75,76,-1,1
16560,79,79,0,0
16561,84,86,-2,2
16562,88,87,1,1
16563,99,92,7,7
16564,59,70,-11,11
16565,112,103,9,9
16566,128,117,11,11
16567,115,87,28,28
16568,101,116,-15,15
16569,60,60,0,0
16570,80,88,-8,8
16571,134,134,0,0
16572,72,78,-6,6
16573,160,145,15,15
16574,123,122,1,1
16575,111,103,8,8
16576,61,62,-1,1
16577,68,67,1,1
16578,131,145,-14,14
16579,135,129,6,6
16580,217,239,-22,22
16581,56,59,-3,3
16582,86,93,-7,7
16583,104,95,9,9
16584,87,91,-4,4
16585,76,78,-2,2
16586,137,129,8,8
16587,86,81,5,5
16588,53,54,-1,1
16589,82,75,7,7
16590,52,55,-3,3
16591,85,83,2,2
16592,110,105,5,5
16593,58,63,-5,5
16594,103,100,3,3
16595,40,51,-11,11
16596,70,63,7,7
16597,50,60,-10,10
16598,69,68,1,1
16599,108,109,-1,1
16600,82,65,17,17
16601,138,133,5,5
16602,103,101,2,2
16603,119,110,9,9
16604,111,101,10,10
16605,154,142,12,12
16606,131,130,1,1
16607,67,72,-5,5
16608,76,79,-3,3
16609,104,105,-1,1
16610,134,122,12,12
16611,41,56,-15,15
16612,54,53,1,1
16613,116,109,7,7
16614,58,63,-5,5
16615,74,81,-7,7
16616,101,96,5,5
16617,62,67,-5,5
16618,141,130,11,11
16619,93,87,6,6
16620,98,96,2,2
16621,88,97,-9,9
16622,33,56,-23,23
16623,115,122,-7,7
16624,86,75,11,11
16625,156,144,12,12
16626,66,63,3,3
16627,93,77,16,16
16628,61,58,3,3
16629,128,124,4,4
16630,161,128,33,33
16631,51,62,-11,11
16632,59,62,-3,3
16633,97,90,7,7
16634,157,145,12,12
16635,91,95,-4,4
16636,67,67,0,0
16637,90,91,-1,1
16638,82,76,6,6
16639,104,101,3,3
16640,96,85,11,11
16641,122,121,1,1
16642,86,79,7,7
16643,126,123,3,3
16644,87,77,10,10
16645,77,80,-3,3
16646,117,102,15,15
16647,144,129,15,15
16648,86,75,11,11
16649,61,65,-4,4
16650,79,94,-15,15
16651,96,79,17,17
16652,89,100,-11,11
16653,89,92,-3,3
16654,110,110,0,0
16655,87,82,5,5
16656,39,44,-5,5
16657,98,87,11,11
16658,151,144,7,7
16659,89,87,2,2
16660,67,68,-1,1
16661,71,61,10,10
16662,119,116,3,3
16663,86,80,6,6
16664,147,140,7,7
16665,51,55,-4,4
16666,83,91,-8,8
16667,83,87,-4,4
16668,54,52,2,2
16669,138,121,17,17
16670,64,69,-5,5
16671,80,80,0,0
16672,58,63,-5,5
16673,92,84,8,8
16674,56,79,-23,23
16675,114,119,-5,5
16676,58,61,-3,3
16677,51,57,-6,6
16678,111,107,4,4
16679,66,73,-7,7
16680,64,68,-4,4
16681,99,101,-2,2
16682,73,73,0,0
16683,110,94,16,16
16684,99,101,-2,2
16685,92,82,10,10
16686,57,61,-4,4
16687,138,129,9,9
16688,156,168,-12,12
16689,113,108,5,5
16690,37,60,-23,23
16691,119,114,5,5
16692,109,108,1,1
16693,137,135,2,2
16694,187,140,47,47
16695,77,77,0,0
16696,78,76,2,2
16697,89,91,-2,2
16698,144,131,13,13
16699,111,105,6,6
16700,46,55,-9,9
16701,119,117,2,2
16702,89,74,15,15
16703,85,53,32,32
16704,155,146,9,9
16705,164,171,-7,7
16706,176,181,-5,5
16707,61,75,-14,14
16708,143,148,-5,5
16709,66,63,3,3
16710,138,122,16,16
16711,107,101,6,6
16712,80,77,3,3
16713,95,79,16,16
16714,94,100,-6,6
16715,90,85,5,5
16716,65,64,1,1
16717,75,72,3,3
16718,54,58,-4,4
16719,84,83,1,1
16720,129,118,11,11
16721,142,121,21,21
16722,96,96,0,0
16723,112,105,7,7
16724,93,79,14,14
16725,57,63,-6,6
16726,36,50,-14,14
16727,46,66,-20,20
16728,94,94,0,0
16729,57,56,1,1
16730,106,107,-1,1
16731,130,133,-3,3
16732,62,66,-4,4
16733,89,80,9,9
16734,137,129,8,8
16735,107,109,-2,2
16736,58,52,6,6
16737,73,63,10,10
16738,86,86,0,0
16739,103,97,6,6
16740,121,121,0,0
16741,66,64,2,2
16742,87,82,5,5
16743,59,57,2,2
16744,109,103,6,6
16745,79,83,-4,4
16746,68,70,-2,2
16747,66,63,3,3
16748,72,67,5,5
16749,100,95,5,5
16750,102,101,1,1
16751,55,54,1,1
16752,98,73,25,25
16753,107,105,2,2
16754,77,58,19,19
16755,76,79,-3,3
16756,65,58,7,7
16757,134,117,17,17
16758,39,54,-15,15
16759,123,123,0,0
16760,64,60,4,4
16761,105,95,10,10
16762,66,66,0,0
16763,203,219,-16,16
16764,144,115,29,29
16765,75,71,4,4
16766,106,97,9,9
16767,104,95,9,9
16768,73,81,-8,8
16769,83,67,16,16
16770,81,95,-14,14
16771,83,80,3,3
16772,100,111,-11,11
16773,103,89,14,14
16774,76,71,5,5
16775,66,64,2,2
16776,72,69,3,3
16777,87,93,-6,6
16778,81,59,22,22
16779,109,103,6,6
16780,103,91,12,12
16781,112,130,-18,18
16782,170,165,5,5
16783,89,83,6,6
16784,73,81,-8,8
16785,59,70,-11,11
16786,135,134,1,1
16787,61,69,-8,8
16788,78,73,5,5
16789,125,113,12,12
16790,64,69,-5,5
16791,54,59,-5,5
16792,119,109,10,10
16793,92,93,-1,1
16794,117,96,21,21
16795,88,81,7,7
16796,99,84,15,15
16797,48,47,1,1
16798,123,119,4,4
16799,113,115,-2,2
16800,98,93,5,5
16801,66,61,5,5
16802,82,72,10,10
16803,38,54,-16,16
16804,86,89,-3,3
16805,135,139,-4,4
16806,140,136,4,4
16807,73,71,2,2
16808,95,89,6,6
16809,40,55,-15,15
16810,67,86,-19,19
16811,160,149,11,11
16812,121,113,8,8
16813,104,82,22,22
16814,98,96,2,2
16815,125,115,10,10
16816,119,101,18,18
16817,109,109,0,0
16818,73,69,4,4
16819,212,220,-8,8
16820,81,75,6,6
16821,104,90,14,14
16822,44,54,-10,10
16823,82,68,14,14
16824,181,160,21,21
16825,50,53,-3,3
16826,90,97,-7,7
16827,87,76,11,11
16828,76,81,-5,5
16829,211,204,7,7
16830,104,96,8,8
16831,114,107,7,7
16832,143,139,4,4
16833,142,141,1,1
16834,153,180,-27,27
16835,60,63,-3,3
16836,60,61,-1,1
16837,111,94,17,17
16838,143,162,-19,19
16839,76,74,2,2
16840,73,67,6,6
16841,76,67,9,9
16842,75,68,7,7
16843,58,59,-1,1
16844,57,51,6,6
16845,112,102,10,10
16846,151,130,21,21
16847,51,52,-1,1
16848,64,64,0,0
16849,80,78,2,2
16850,89,83,6,6
16851,155,157,-2,2
16852,97,93,4,4
16853,82,80,2,2
16854,122,121,1,1
16855,110,113,-3,3
16856,91,84,7,7
16857,27,65,-38,38
16858,55,51,4,4
16859,107,100,7,7
16860,61,58,3,3
16861,67,76,-9,9
16862,111,115,-4,4
16863,95,96,-1,1
16864,129,122,7,7
16865,165,175,-10,10
16866,139,122,17,17
16867,97,135,-38,38
16868,88,84,4,4
16869,64,74,-10,10
16870,83,76,7,7
16871,118,118,0,0
16872,81,74,7,7
16873,78,76,2,2
16874,164,170,-6,6
16875,60,47,13,13
16876,23,53,-30,30
16877,60,62,-2,2
16878,58,69,-11,11
16879,102,101,1,1
16880,100,99,1,1
16881,103,106,-3,3
16882,98,86,12,12
16883,136,128,8,8
16884,110,103,7,7
16885,95,84,11,11
16886,113,110,3,3
16887,143,159,-16,16
16888,141,141,0,0
16889,117,114,3,3
16890,63,72,-9,9
16891,83,69,14,14
16892,52,68,-16,16
16893,95,96,-1,1
16894,85,84,1,1
16895,75,79,-4,4
16896,137,130,7,7
16897,81,77,4,4
16898,55,49,6,6
16899,128,110,18,18
16900,135,122,13,13
16901,107,98,9,9
16902,68,74,-6,6
16903,95,89,6,6
16904,131,124,7,7
16905,106,100,6,6
16906,84,94,-10,10
16907,120,121,-1,1
16908,69,66,3,3
16909,93,98,-5,5
16910,100,99,1,1
16911,152,138,14,14
16912,139,150,-11,11
16913,109,103,6,6
16914,122,113,9,9
16915,70,70,0,0
16916,89,86,3,3
16917,81,76,5,5
16918,59,61,-2,2
16919,74,74,0,0
16920,121,103,18,18
16921,88,78,10,10
16922,72,87,-15,15
16923,107,98,9,9
16924,47,63,-16,16
16925,105,101,4,4
16926,61,62,-1,1
16927,116,102,14,14
16928,110,99,11,11
16929,63,71,-8,8
16930,121,115,6,6
16931,52,64,-12,12
16932,92,79,13,13
16933,102,109,-7,7
16934,86,84,2,2
16935,171,185,-14,14
16936,97,90,7,7
16937,105,94,11,11
16938,127,87,40,40
16939,84,83,1,1
16940,99,90,9,9
16941,65,68,-3,3
16942,86,67,19,19
16943,107,101,6,6
16944,84,77,7,7
16945,136,126,10,10
16946,82,82,0,0
16947,52,59,-7,7
16948,103,113,-10,10
16949,102,97,5,5
16950,126,113,13,13
16951,185,184,1,1
16952,143,123,20,20
16953,48,55,-7,7
16954,142,116,26,26
16955,58,68,-10,10
16956,164,155,9,9
16957,95,94,1,1
16958,191,203,-12,12
16959,115,111,4,4
16960,58,63,-5,5
16961,121,119,2,2
16962,101,86,15,15
16963,79,82,-3,3
16964,84,82,2,2
16965,69,65,4,4
16966,153,153,0,0
16967,67,71,-4,4
16968,69,84,-15,15
16969,71,78,-7,7
16970,94,90,4,4
16971,110,109,1,1
16972,105,103,2,2
16973,88,98,-10,10
16974,93,88,5,5
16975,70,76,-6,6
16976,65,68,-3,3
16977,62,59,3,3
16978,120,107,13,13
16979,55,62,-7,7
16980,73,69,4,4
16981,102,89,13,13
16982,71,67,4,4
16983,111,125,-14,14
16984,156,148,8,8
16985,89,85,4,4
16986,67,63,4,4
16987,71,74,-3,3
16988,71,64,7,7
16989,108,91,17,17
16990,72,71,1,1
16991,80,77,3,3
16992,104,88,16,16
16993,111,106,5,5
16994,58,57,1,1
16995,68,62,6,6
16996,92,92,0,0
16997,161,151,10,10
16998,107,92,15,15
16999,66,77,-11,11
17000,76,81,-5,5
17001,105,99,6,6
17002,140,120,20,20
17003,77,76,1,1
17004,70,77,-7,7
17005,133,124,9,9
17006,50,59,-9,9
17007,66,67,-1,1
17008,60,70,-10,10
17009,72,67,5,5
17010,123,117,6,6
17011,88,81,7,7
17012,110,101,9,9
17013,94,88,6,6
17014,88,82,6,6
17015,82,78,4,4
17016,107,124,-17,17
17017,69,75,-6,6
17018,85,85,0,0
17019,81,80,1,1
17020,57,76,-19,19
17021,124,112,12,12
17022,126,126,0,0
17023,59,50,9,9
17024,78,69,9,9
17025,112,114,-2,2
17026,87,97,-10,10
17027,101,91,10,10
17028,101,95,6,6
17029,150,159,-9,9
17030,135,119,16,16
17031,146,150,-4,4
17032,61,60,1,1
17033,103,99,4,4
17034,134,127,7,7
17035,68,68,0,0
17036,84,75,9,9
17037,59,67,-8,8
17038,115,108,7,7
17039,98,77,21,21
17040,118,129,-11,11
17041,97,96,1,1
17042,94,100,-6,6
17043,143,127,16,16
17044,119,117,2,2
17045,82,92,-10,10
17046,86,90,-4,4
17047,79,79,0,0
17048,178,193,-15,15
17049,151,136,15,15
17050,133,127,6,6
17051,71,71,0,0
17052,56,66,-10,10
17053,61,65,-4,4
17054,69,73,-4,4
17055,95,96,-1,1
17056,98,94,4,4
17057,88,85,3,3
17058,86,94,-8,8
17059,79,77,2,2
17060,77,75,2,2
17061,88,95,-7,7
17062,110,99,11,11
17063,138,139,-1,1
17064,98,102,-4,4
17065,99,89,10,10
17066,73,77,-4,4
17067,143,140,3,3
17068,44,51,-7,7
17069,136,122,14,14
17070,150,135,15,15
17071,125,120,5,5
17072,134,131,3,3
17073,93,101,-8,8
17074,107,103,4,4
17075,38,65,-27,27
17076,133,152,-19,19
17077,151,145,6,6
17078,104,107,-3,3
17079,83,79,4,4
17080,124,102,22,22
17081,161,166,-5,5
17082,72,68,4,4
17083,77,81,-4,4
17084,111,113,-2,2
17085,107,106,1,1
17086,107,107,0,0
17087,98,94,4,4
17088,168,171,-3,3
17089,100,92,8,8
17090,70,73,-3,3
17091,68,62,6,6
17092,74,62,12,12
17093,129,133,-4,4
17094,121,114,7,7
17095,69,68,1,1
17096,121,120,1,1
17097,103,98,5,5
17098,187,187,0,0
17099,61,55,6,6
17100,81,88,-7,7
17101,117,125,-8,8
17102,46,46,0,0
17103,77,86,-9,9
17104,85,87,-2,2
17105,47,57,-10,10
17106,81,76,5,5
17107,99,88,11,11
17108,152,150,2,2
17109,58,64,-6,6
17110,45,66,-21,21
17111,87,86,1,1
17112,100,79,21,21
17113,41,66,-25,25
17114,184,150,34,34
17115,72,68,4,4
17116,38,54,-16,16
17117,79,95,-16,16
17118,98,84,14,14
17119,71,70,1,1
17120,62,59,3,3
17121,90,77,13,13
17122,97,81,16,16
17123,52,59,-7,7
17124,74,74,0,0
17125,154,134,20,20
17126,99,95,4,4
17127,44,53,-9,9
17128,85,79,6,6
17129,128,121,7,7
17130,128,114,14,14
17131,78,82,-4,4
17132,62,60,2,2
17133,112,114,-2,2
17134,63,69,-6,6
17135,88,80,8,8
17136,51,51,0,0
17137,129,121,8,8
17138,65,68,-3,3
17139,56,64,-8,8
17140,102,93,9,9
17141,87,78,9,9
17142,129,125,4,4
17143,61,68,-7,7
17144,79,83,-4,4
17145,57,71,-14,14
17146,171,158,13,13
17147,90,86,4,4
17148,96,88,8,8
17149,91,90,1,1
17150,47,57,-10,10
17151,87,91,-4,4
17152,86,101,-15,15
17153,133,127,6,6
17154,133,123,10,10
17155,89,88,1,1
17156,64,64,0,0
17157,54,60,-6,6
17158,99,110,-11,11
17159,91,87,4,4
17160,76,84,-8,8
17161,75,74,1,1
17162,72,70,2,2
17163,107,111,-4,4
17164,39,50,-11,11
17165,99,94,5,5
17166,121,107,14,14
17167,89,81,8,8
17168,132,119,13,13
17169,108,112,-4,4
17170,84,73,11,11
17171,104,102,2,2
17172,68,77,-9,9
17173,55,64,-9,9
17174,74,63,11,11
17175,85,80,5,5
17176,63,64,-1,1
17177,77,85,-8,8
17178,103,100,3,3
17179,66,68,-2,2
17180,77,75,2,2
17181,112,93,19,19
17182,127,128,-1,1
17183,100,97,3,3
17184,59,64,-5,5
17185,111,101,10,10
17186,29,58,-29,29
17187,77,69,8,8
17188,98,97,1,1
17189,108,103,5,5
17190,196,187,9,9
17191,79,75,4,4
17192,150,144,6,6
17193,99,97,2,2
17194,73,74,-1,1
17195,75,63,12,12
17196,62,66,-4,4
17197,77,79,-2,2
17198,100,92,8,8
17199,139,142,-3,3
17200,80,84,-4,4
17201,151,122,29,29
17202,125,121,4,4
17203,70,72,-2,2
17204,141,133,8,8
17205,76,84,-8,8
17206,74,80,-6,6
17207,108,100,8,8
17208,146,127,19,19
17209,65,61,4,4
17210,92,94,-2,2
17211,98,94,4,4
17212,112,118,-6,6
17213,155,140,15,15
17214,109,98,11,11
17215,127,111,16,16
17216,40,53,-13,13
17217,106,114,-8,8
17218,106,114,-8,8
17219,68,75,-7,7
17220,73,77,-4,4
17221,69,66,3,3
17222,93,88,5,5
17223,95,98,-3,3
17224,99,99,0,0
17225,108,96,12,12
17226,77,66,11,11
17227,76,77,-1,1
17228,102,97,5,5
17229,117,109,8,8
17230,88,85,3,3
17231,82,83,-1,1
17232,99,93,6,6
17233,147,126,21,21
17234,66,63,3,3
17235,79,68,11,11
17236,62,84,-22,22
17237,175,172,3,3
17238,101,98,3,3
17239,64,65,-1,1
17240,74,66,8,8
17241,72,91,-19,19
17242,64,67,-3,3
17243,73,69,4,4
17244,48,65,-17,17
17245,186,183,3,3
17246,100,127,-27,27
17247,120,116,4,4
17248,53,61,-8,8
17249,120,107,13,13
17250,98,100,-2,2
17251,34,53,-19,19
17252,97,74,23,23
17253,118,108,10,10
17254,128,108,20,20
17255,90,81,9,9
17256,63,67,-4,4
17257,160,144,16,16
17258,177,155,22,22
17259,185,163,22,22
17260,104,102,2,2
17261,68,72,-4,4
17262,119,117,2,2
17263,110,99,11,11
17264,67,64,3,3
17265,56,67,-11,11
17266,160,156,4,4
17267,103,118,-15,15
17268,68,63,5,5
17269,112,121,-9,9
17270,75,72,3,3
17271,101,103,-2,2
17272,89,110,-21,21
17273,57,67,-10,10
17274,65,66,-1,1
17275,95,95,0,0
17276,93,93,0,0
17277,100,93,7,7
17278,127,131,-4,4
17279,105,89,16,16
17280,58,49,9,9
17281,70,76,-6,6
17282,146,138,8,8
17283,90,92,-2,2
17284,75,75,0,0
17285,92,92,0,0
17286,122,118,4,4
17287,77,76,1,1
17288,50,56,-6,6
17289,69,68,1,1
17290,36,54,-18,18
17291,97,82,15,15
17292,81,82,-1,1
17293,127,134,-7,7
17294,142,132,10,10
17295,98,104,-6,6
17296,91,75,16,16
17297,84,76,8,8
17298,94,77,17,17
17299,71,83,-12,12
17300,87,77,10,10
17301,109,101,8,8
17302,58,60,-2,2
17303,63,64,-1,1
17304,65,70,-5,5
17305,45,56,-11,11
17306,87,69,18,18
17307,64,79,-15,15
17308,82,80,2,2
17309,156,159,-3,3
17310,138,114,24,24
17311,76,74,2,2
17312,134,124,10,10
17313,115,112,3,3
17314,92,90,2,2
17315,126,121,5,5
17316,103,105,-2,2
17317,56,58,-2,2
17318,125,136,-11,11
17319,108,91,17,17
17320,69,68,1,1
17321,151,140,11,11
17322,88,87,1,1
17323,101,95,6,6
17324,165,177,-12,12
17325,151,135,16,16
17326,82,78,4,4
17327,65,72,-7,7
17328,93,91,2,2
17329,102,97,5,5
17330,71,71,0,0
17331,66,79,-13,13
17332,101,101,0,0
17333,109,100,9,9
17334,67,67,0,0
17335,150,139,11,11
17336,71,64,7,7
17337,93,100,-7,7
17338,106,108,-2,2
17339,127,114,13,13
17340,167,176,-9,9
17341,67,67,0,0
17342,137,135,2,2
17343,90,83,7,7
17344,48,66,-18,18
17345,79,75,4,4
17346,72,79,-7,7
17347,139,135,4,4
17348,81,77,4,4
17349,124,119,5,5
17350,114,108,6,6
17351,75,86,-11,11
17352,73,71,2,2
17353,90,73,17,17
17354,156,157,-1,1
17355,107,109,-2,2
17356,88,83,5,5
17357,135,146,-11,11
17358,120,105,15,15
17359,55,75,-20,20
17360,58,70,-12,12
17361,104,107,-3,3
17362,53,60,-7,7
17363,65,76,-11,11
17364,71,77,-6,6
17365,36,61,-25,25
17366,135,130,5,5
17367,159,148,11,11
17368,118,100,18,18
17369,93,89,4,4
17370,91,81,10,10
17371,66,70,-4,4
17372,68,60,8,8
17373,81,79,2,2
17374,138,142,-4,4
17375,68,72,-4,4
17376,128,135,-7,7
17377,97,102,-5,5
17378,83,79,4,4
17379,194,187,7,7
17380,63,70,-7,7
17381,68,68,0,0
17382,68,67,1,1
17383,89,86,3,3
17384,103,91,12,12
17385,113,117,-4,4
17386,95,92,3,3
17387,93,84,9,9
17388,68,68,0,0
17389,57,57,0,0
17390,58,68,-10,10
17391,174,152,22,22
17392,71,67,4,4
17393,106,87,19,19
17394,63,68,-5,5
17395,63,74,-11,11
17396,126,113,13,13
17397,104,96,8,8
17398,83,78,5,5
17399,80,80,0,0
17400,175,179,-4,4
17401,77,92,-15,15
17402,146,138,8,8
17403,78,73,5,5
17404,114,102,12,12
17405,86,95,-9,9
17406,149,154,-5,5
17407,170,161,9,9
17408,121,111,10,10
17409,61,62,-1,1
17410,64,65,-1,1
17411,67,64,3,3
17412,99,103,-4,4
17413,185,180,5,5
17414,56,65,-9,9
17415,99,91,8,8
17416,75,82,-7,7
17417,85,75,10,10
17418,92,87,5,5
17419,91,81,10,10
17420,80,65,15,15
17421,56,63,-7,7
17422,80,78,2,2
17423,135,125,10,10
17424,98,117,-19,19
17425,150,159,-9,9
17426,53,68,-15,15
17427,106,101,5,5
17428,74,74,0,0
17429,196,173,23,23
17430,88,81,7,7
17431,47,45,2,2
17432,101,102,-1,1
17433,110,108,2,2
17434,116,114,2,2
17435,96,100,-4,4
17436,65,72,-7,7
17437,55,63,-8,8
17438,140,147,-7,7
17439,94,90,4,4
17440,89,82,7,7
17441,101,97,4,4
17442,80,77,3,3
17443,112,102,10,10
17444,106,110,-4,4
17445,103,108,-5,5
17446,60,65,-5,5
17447,95,103,-8,8
17448,87,96,-9,9
17449,45,65,-20,20
17450,92,82,10,10
17451,108,94,14,14
17452,98,91,7,7
17453,62,64,-2,2
17454,107,101,6,6
17455,74,72,2,2
17456,137,122,15,15
17457,75,73,2,2
17458,66,64,2,2
17459,100,81,19,19
17460,129,137,-8,8
17461,79,69,10,10
17462,111,101,10,10
17463,88,91,-3,3
17464,63,66,-3,3
17465,95,95,0,0
17466,74,71,3,3
17467,108,101,7,7
17468,115,104,11,11
17469,96,92,4,4
17470,146,138,8,8
17471,178,156,22,22
17472,171,169,2,2
17473,171,155,16,16
17474,151,153,-2,2
17475,90,87,3,3
17476,94,74,20,20
17477,89,78,11,11
17478,71,67,4,4
17479,223,222,1,1
17480,66,60,6,6
17481,116,110,6,6
17482,69,74,-5,5
17483,153,145,8,8
17484,48,64,-16,16
17485,83,73,10,10
17486,177,173,4,4
17487,70,84,-14,14
17488,80,77,3,3
17489,77,77,0,0
17490,69,57,12,12
17491,81,75,6,6
17492,115,110,5,5
17493,96,92,4,4
17494,94,85,9,9
17495,46,55,-9,9
17496,88,102,-14,14
17497,90,82,8,8
17498,89,86,3,3
17499,65,74,-9,9
17500,78,74,4,4
17501,76,74,2,2
17502,116,88,28,28
17503,127,115,12,12
17504,146,153,-7,7
17505,89,91,-2,2
17506,42,53,-11,11
17507,73,76,-3,3
17508,61,71,-10,10
17509,79,71,8,8
17510,105,98,7,7
17511,64,64,0,0
17512,115,112,3,3
17513,66,69,-3,3
17514,75,67,8,8
17515,82,83,-1,1
17516,46,59,-13,13
17517,106,102,4,4
17518,74,72,2,2
17519,58,69,-11,11
17520,89,83,6,6
17521,76,63,13,13
17522,90,79,11,11
17523,108,100,8,8
17524,89,100,-11,11
17525,75,75,0,0
17526,98,86,12,12
17527,87,69,18,18
17528,65,70,-5,5
17529,121,103,18,18
17530,63,64,-1,1
17531,139,148,-9,9
17532,80,72,8,8
17533,75,72,3,3
17534,64,70,-6,6
17535,48,65,-17,17
17536,115,110,5,5
17537,82,79,3,3
17538,120,114,6,6
17539,141,147,-6,6
17540,67,77,-10,10
17541,48,59,-11,11
17542,117,104,13,13
17543,173,172,1,1
17544,74,76,-2,2
17545,53,64,-11,11
17546,33,52,-19,19
17547,79,83,-4,4
17548,76,77,-1,1
17549,119,102,17,17
17550,139,129,10,10
17551,77,66,11,11
17552,115,100,15,15
17553,67,74,-7,7
17554,105,91,14,14
17555,127,124,3,3
17556,84,84,0,0
17557,106,104,2,2
17558,79,83,-4,4
17559,96,93,3,3
17560,82,76,6,6
17561,146,139,7,7
17562,98,98,0,0
17563,116,109,7,7
17564,42,54,-12,12
17565,82,83,-1,1
17566,71,64,7,7
17567,103,95,8,8
17568,60,62,-2,2
17569,86,83,3,3
17570,137,124,13,13
17571,105,87,18,18
17572,68,78,-10,10
17573,94,94,0,0
17574,190,200,-10,10
17575,61,63,-2,2
17576,112,100,12,12
17577,72,68,4,4
17578,137,124,13,13
17579,85,89,-4,4
17580,190,178,12,12
17581,145,162,-17,17
17582,100,97,3,3
17583,143,133,10,10
17584,81,71,10,10
17585,58,66,-8,8
17586,79,82,-3,3
17587,119,97,22,22
17588,63,75,-12,12
17589,106,94,12,12
17590,111,100,11,11
17591,90,88,2,2
17592,134,143,-9,9
17593,129,104,25,25
17594,67,64,3,3
17595,128,128,0,0
17596,43,52,-9,9
17597,58,63,-5,5
17598,123,121,2,2
17599,63,66,-3,3
17600,61,68,-7,7
17601,74,66,8,8
17602,117,101,16,16
17603,132,103,29,29
17604,73,62,11,11
17605,127,121,6,6
17606,170,181,-11,11
17607,101,103,-2,2
17608,118,100,18,18
17609,73,64,9,9
17610,82,86,-4,4
17611,100,92,8,8
17612,62,73,-11,11
17613,80,74,6,6
17614,50,56,-6,6
17615,68,77,-9,9
17616,163,155,8,8
17617,49,62,-13,13
17618,75,76,-1,1
17619,133,125,8,8
17620,115,114,1,1
17621,102,101,1,1
17622,74,74,0,0
17623,161,145,16,16
17624,130,134,-4,4
17625,122,114,8,8
17626,109,98,11,11
17627,120,125,-5,5
17628,72,53,19,19
17629,90,91,-1,1
17630,80,93,-13,13
17631,103,113,-10,10
17632,134,128,6,6
17633,93,90,3,3
17634,82,73,9,9
17635,184,171,13,13
17636,84,83,1,1
17637,62,71,-9,9
17638,65,68,-3,3
17639,68,75,-7,7
17640,118,116,2,2
17641,81,87,-6,6
17642,116,119,-3,3
17643,116,113,3,3
17644,85,79,6,6
17645,55,64,-9,9
17646,91,88,3,3
17647,79,78,1,1
17648,24,54,-30,30
17649,155,149,6,6
17650,97,86,11,11
17651,69,68,1,1
17652,105,108,-3,3
17653,158,157,1,1
17654,129,133,-4,4
17655,115,106,9,9
17656,92,101,-9,9
17657,82,88,-6,6
17658,100,91,9,9
17659,66,70,-4,4
17660,46,49,-3,3
17661,141,152,-11,11
17662,128,125,3,3
17663,101,79,22,22
17664,103,98,5,5
17665,75,80,-5,5
17666,125,119,6,6
17667,50,54,-4,4
17668,67,71,-4,4
17669,91,96,-5,5
17670,95,89,6,6
17671,133,131,2,2
17672,124,117,7,7
17673,59,56,3,3
17674,138,122,16,16
17675,132,122,10,10
17676,109,107,2,2
17677,72,70,2,2
17678,84,88,-4,4
17679,107,97,10,10
17680,73,81,-8,8
17681,76,70,6,6
17682,122,107,15,15
17683,107,119,-12,12
17684,38,47,-9,9
17685,127,112,15,15
17686,82,77,5,5
17687,189,187,2,2
17688,115,114,1,1
17689,100,88,12,12
17690,70,70,0,0
17691,81,75,6,6
17692,150,170,-20,20
17693,94,93,1,1
17694,88,84,4,4
17695,81,82,-1,1
17696,148,138,10,10
17697,75,81,-6,6
17698,90,77,13,13
17699,124,120,4,4
17700,46,64,-18,18
17701,103,109,-6,6
17702,101,92,9,9
17703,93,87,6,6
17704,105,109,-4,4
17705,91,81,10,10
17706,138,128,10,10
17707,85,86,-1,1
17708,102,92,10,10
17709,72,76,-4,4
17710,81,76,5,5
17711,118,116,2,2
17712,114,114,0,0
17713,118,114,4,4
17714,79,71,8,8
17715,149,143,6,6
17716,74,70,4,4
17717,46,56,-10,10
17718,76,67,9,9
17719,80,85,-5,5
17720,124,129,-5,5
17721,126,138,-12,12
17722,57,54,3,3
17723,91,92,-1,1
17724,206,198,8,8
17725,122,106,16,16
17726,89,89,0,0
17727,108,104,4,4
17728,170,152,18,18
17729,89,88,1,1
17730,90,85,5,5
17731,85,84,1,1
17732,80,72,8,8
17733,105,89,16,16
17734,84,71,13,13
17735,97,92,5,5
17736,60,65,-5,5
17737,39,54,-15,15
17738,103,94,9,9
17739,122,124,-2,2
17740,105,102,3,3
17741,72,83,-11,11
17742,72,76,-4,4
17743,126,119,7,7
17744,113,96,17,17
17745,88,83,5,5
17746,121,117,4,4
17747,88,81,7,7
17748,72,70,2,2
17749,65,72,-7,7
17750,74,69,5,5
17751,112,107,5,5
17752,53,72,-19,19
17753,138,134,4,4
17754,108,103,5,5
17755,65,62,3,3
17756,72,76,-4,4
17757,122,116,6,6
17758,48,55,-7,7
17759,93,93,0,0
17760,124,110,14,14
17761,92,90,2,2
17762,66,66,0,0
17763,69,70,-1,1
17764,144,148,-4,4
17765,103,100,3,3
17766,96,85,11,11
17767,107,110,-3,3
17768,129,124,5,5
17769,60,62,-2,2
17770,72,72,0,0
17771,53,59,-6,6
17772,117,87,30,30
17773,109,112,-3,3
17774,73,72,1,1
17775,121,114,7,7
17776,193,199,-6,6
17777,69,73,-4,4
17778,80,70,10,10
17779,135,120,15,15
17780,47,53,-6,6
17781,75,69,6,6
17782,135,145,-10,10
17783,97,94,3,3
17784,76,74,2,2
17785,108,101,7,7
17786,110,113,-3,3
17787,87,86,1,1
17788,59,66,-7,7
17789,163,160,3,3
17790,80,81,-1,1
17791,169,145,24,24
17792,91,97,-6,6
17793,122,111,11,11
17794,97,91,6,6
17795,63,68,-5,5
17796,139,149,-10,10
17797,76,66,10,10
17798,80,76,4,4
17799,79,70,9,9
17800,112,106,6,6
17801,94,82,12,12
17802,103,105,-2,2
17803,53,63,-10,10
17804,70,69,1,1
17805,156,152,4,4
17806,29,62,-33,33
17807,128,133,-5,5
17808,125,111,14,14
17809,126,102,24,24
17810,50,72,-22,22
17811,152,158,-6,6
17812,195,173,22,22
17813,76,79,-3,3
17814,87,75,12,12
17815,80,74,6,6
17816,66,70,-4,4
17817,72,73,-1,1
17818,104,108,-4,4
17819,67,71,-4,4
17820,109,109,0,0
17821,146,139,7,7
17822,59,61,-2,2
17823,78,74,4,4
17824,73,68,5,5
17825,139,135,4,4
17826,103,92,11,11
17827,112,114,-2,2
17828,99,86,13,13
17829,68,65,3,3
17830,53,51,2,2
17831,152,131,21,21
17832,55,53,2,2
17833,96,104,-8,8
17834,78,76,2,2
17835,69,86,-17,17
17836,54,56,-2,2
17837,118,127,-9,9
17838,120,103,17,17
17839,45,56,-11,11
17840,94,91,3,3
17841,141,132,9,9
17842,81,90,-9,9
17843,85,86,-1,1
17844,100,102,-2,2
17845,104,99,5,5
17846,189,172,17,17
17847,79,81,-2,2
17848,98,97,1,1
17849,53,63,-10,10
17850,139,127,12,12
17851,96,108,-12,12
17852,75,73,2,2
17853,74,78,-4,4
17854,142,144,-2,2
17855,135,147,-12,12
17856,40,47,-7,7
17857,176,172,4,4
17858,55,62,-7,7
17859,70,78,-8,8
17860,71,73,-2,2
17861,55,69,-14,14
17862,168,156,12,12
17863,146,134,12,12
17864,111,109,2,2
17865,117,97,20,20
17866,64,67,-3,3
17867,106,90,16,16
17868,110,92,18,18
17869,79,77,2,2
17870,95,92,3,3
17871,121,114,7,7
17872,129,128,1,1
17873,98,87,11,11
17874,60,59,1,1
17875,53,51,2,2
17876,121,114,7,7
17877,112,129,-17,17
17878,54,60,-6,6
17879,76,73,3,3
17880,126,130,-4,4
17881,131,120,11,11
17882,45,63,-18,18
17883,135,130,5,5
17884,95,78,17,17
17885,80,73,7,7
17886,96,104,-8,8
17887,143,130,13,13
17888,59,60,-1,1
17889,140,148,-8,8
17890,73,69,4,4
17891,109,112,-3,3
17892,116,128,-12,12
17893,42,53,-11,11
17894,44,54,-10,10
17895,151,157,-6,6
17896,109,118,-9,9
17897,106,95,11,11
17898,131,95,36,36
17899,139,128,11,11
17900,77,73,4,4
17901,127,124,3,3
17902,79,85,-6,6
17903,140,143,-3,3
17904,63,59,4,4
17905,121,129,-8,8
17906,65,72,-7,7
17907,146,139,7,7
17908,110,99,11,11
17909,101,100,1,1
17910,35,46,-11,11
17911,105,92,13,13
17912,154,171,-17,17
17913,72,67,5,5
17914,98,100,-2,2
17915,126,128,-2,2
17916,142,137,5,5
17917,98,118,-20,20
17918,82,85,-3,3
17919,86,91,-5,5
17920,79,68,11,11
17921,111,97,14,14
17922,74,74,0,0
17923,58,64,-6,6
17924,48,55,-7,7
17925,74,73,1,1
17926,123,119,4,4
17927,40,53,-13,13
17928,80,65,15,15
17929,63,64,-1,1
17930,115,90,25,25
17931,107,106,1,1
17932,80,71,9,9
17933,85,79,6,6
17934,166,161,5,5
17935,71,76,-5,5
17936,56,72,-16,16
17937,48,53,-5,5
17938,96,84,12,12
17939,54,60,-6,6
17940,124,125,-1,1
17941,92,95,-3,3
17942,51,58,-7,7
17943,62,67,-5,5
17944,89,75,14,14
17945,141,122,19,19
17946,87,71,16,16
17947,75,84,-9,9
17948,81,76,5,5
17949,65,87,-22,22
17950,90,83,7,7
17951,85,75,10,10
17952,71,77,-6,6
17953,61,59,2,2
17954,104,96,8,8
17955,98,103,-5,5
17956,68,76,-8,8
17957,77,64,13,13
17958,90,84,6,6
17959,71,76,-5,5
17960,59,66,-7,7
17961,109,103,6,6
17962,105,107,-2,2
17963,175,174,1,1
17964,83,86,-3,3
17965,139,123,16,16
17966,68,70,-2,2
17967,88,90,-2,2
17968,75,71,4,4
17969,104,107,-3,3
17970,126,109,17,17
17971,91,90,1,1
17972,94,90,4,4
17973,89,93,-4,4
17974,41,59,-18,18
17975,91,102,-11,11
17976,81,87,-6,6
17977,72,67,5,5
17978,146,129,17,17
17979,80,81,-1,1
17980,141,118,23,23
17981,104,91,13,13
17982,111,100,11,11
17983,115,108,7,7
17984,67,60,7,7
17985,132,130,2,2
17986,118,123,-5,5
17987,79,76,3,3
17988,67,78,-11,11
17989,158,124,34,34
17990,90,80,10,10
17991,78,78,0,0
17992,52,61,-9,9
17993,67,68,-1,1
17994,57,59,-2,2
17995,93,92,1,1
17996,73,66,7,7
17997,100,97,3,3
17998,150,132,18,18
17999,68,61,7,7
18000,74,79,-5,5
18001,100,95,5,5
18002,92,98,-6,6
18003,101,99,2,2
18004,96,86,10,10
18005,161,146,15,15
18006,71,68,3,3
18007,97,98,-1,1
18008,62,66,-4,4
18009,70,72,-2,2
18010,106,96,10,10
18011,67,70,-3,3
18012,56,63,-7,7
18013,75,67,8,8
18014,47,57,-10,10
18015,78,69,9,9
18016,62,67,-5,5
18017,68,65,3,3
18018,106,96,10,10
18019,125,111,14,14
18020,84,90,-6,6
18021,107,104,3,3
18022,63,55,8,8
18023,76,87,-11,11
18024,98,85,13,13
18025,139,112,27,27
18026,94,98,-4,4
18027,142,141,1,1
18028,121,119,2,2
18029,79,73,6,6
18030,123,123,0,0
18031,82,77,5,5
18032,174,181,-7,7
18033,116,116,0,0
18034,51,63,-12,12
18035,157,145,12,12
18036,57,57,0,0
18037,71,56,15,15
18038,30,49,-19,19
18039,102,97,5,5
18040,140,123,17,17
18041,156,168,-12,12
18042,44,53,-9,9
18043,157,150,7,7
18044,91,92,-1,1
18045,111,115,-4,4
18046,107,101,6,6
18047,83,76,7,7
18048,83,78,5,5
18049,103,95,8,8
18050,84,82,2,2
18051,79,74,5,5
18052,119,99,20,20
18053,66,72,-6,6
18054,34,48,-14,14
18055,134,125,9,9
18056,108,103,5,5
18057,60,67,-7,7
18058,33,55,-22,22
18059,105,108,-3,3
18060,71,77,-6,6
18061,92,92,0,0
18062,62,61,1,1
18063,54,60,-6,6
18064,85,104,-19,19
18065,154,137,17,17
18066,109,97,12,12
18067,120,131,-11,11
18068,55,59,-4,4
18069,102,122,-20,20
18070,58,55,3,3
18071,34,44,-10,10
18072,91,89,2,2
18073,110,97,13,13
18074,117,106,11,11
18075,102,121,-19,19
18076,95,89,6,6
18077,38,51,-13,13
18078,88,95,-7,7
18079,107,87,20,20
18080,113,116,-3,3
18081,58,61,-3,3
18082,56,61,-5,5
18083,68,73,-5,5
18084,59,65,-6,6
18085,169,169,0,0
18086,70,70,0,0
18087,117,103,14,14
18088,84,82,2,2
18089,150,149,1,1
18090,123,130,-7,7
18091,72,77,-5,5
18092,108,113,-5,5
18093,87,80,7,7
18094,123,151,-28,28
18095,79,81,-2,2
18096,112,128,-16,16
18097,77,74,3,3
18098,123,112,11,11
18099,109,113,-4,4
18100,82,69,13,13
18101,57,55,2,2
18102,120,107,13,13
18103,117,122,-5,5
18104,53,59,-6,6
18105,72,82,-10,10
18106,90,87,3,3
18107,92,102,-10,10
18108,88,76,12,12
18109,55,68,-13,13
18110,62,57,5,5
18111,108,104,4,4
18112,85,81,4,4
18113,66,72,-6,6
18114,165,177,-12,12
18115,124,128,-4,4
18116,75,80,-5,5
18117,54,56,-2,2
18118,141,142,-1,1
18119,67,64,3,3
18120,94,96,-2,2
18121,102,102,0,0
18122,119,124,-5,5
18123,53,63,-10,10
18124,122,131,-9,9
18125,60,72,-12,12
18126,88,91,-3,3
18127,101,101,0,0
18128,64,61,3,3
18129,48,60,-12,12
18130,75,63,12,12
18131,53,73,-20,20
18132,123,105,18,18
18133,90,87,3,3
18134,137,143,-6,6
18135,95,97,-2,2
18136,88,101,-13,13
18137,106,110,-4,4
18138,155,157,-2,2
18139,75,71,4,4
18140,62,67,-5,5
18141,91,73,18,18
18142,58,57,1,1
18143,51,63,-12,12
18144,120,123,-3,3
18145,94,95,-1,1
18146,112,101,11,11
18147,84,97,-13,13
18148,67,71,-4,4
18149,83,80,3,3
18150,162,155,7,7
18151,122,114,8,8
18152,36,48,-12,12
18153,127,123,4,4
18154,75,85,-10,10
18155,119,99,20,20
18156,147,145,2,2
18157,105,100,5,5
18158,55,67,-12,12
18159,90,83,7,7
18160,57,66,-9,9
18161,100,97,3,3
18162,63,56,7,7
18163,58,62,-4,4
18164,140,144,-4,4
18165,107,101,6,6
18166,71,75,-4,4
18167,145,136,9,9
18168,64,67,-3,3
18169,94,77,17,17
18170,71,73,-2,2
18171,68,67,1,1
18172,109,99,10,10
18173,67,67,0,0
18174,81,76,5,5
18175,101,89,12,12
18176,135,123,12,12
18177,60,71,-11,11
18178,154,143,11,11
18179,131,114,17,17
18180,97,99,-2,2
18181,65,59,6,6
18182,132,125,7,7
18183,95,99,-4,4
18184,97,83,14,14
18185,122,117,5,5
18186,80,79,1,1
18187,89,81,8,8
18188,97,83,14,14
18189,106,101,5,5
18190,101,95,6,6
18191,116,124,-8,8
18192,70,82,-12,12
18193,44,62,-18,18
18194,149,146,3,3
18195,95,96,-1,1
18196,79,81,-2,2
18197,114,105,9,9
18198,77,76,1,1
18199,121,110,11,11
18200,80,80,0,0
18201,117,109,8,8
18202,150,142,8,8
18203,85,82,3,3
18204,72,85,-13,13
18205,112,103,9,9
18206,91,83,8,8
18207,61,63,-2,2
18208,126,120,6,6
18209,78,78,0,0
18210,129,132,-3,3
18211,71,67,4,4
18212,72,77,-5,5
18213,166,154,12,12
18214,134,132,2,2
18215,36,51,-15,15
18216,63,65,-2,2
18217,73,66,7,7
18218,88,90,-2,2
18219,88,90,-2,2
18220,113,119,-6,6
18221,138,128,10,10
18222,88,73,15,15
18223,127,126,1,1
18224,216,228,-12,12
18225,108,109,-1,1
18226,137,136,1,1
18227,66,86,-20,20
18228,68,68,0,0
18229,100,86,14,14
18230,50,57,-7,7
18231,130,133,-3,3
18232,100,96,4,4
18233,201,189,12,12
18234,53,52,1,1
18235,65,62,3,3
18236,60,58,2,2
18237,177,180,-3,3
18238,88,74,14,14
18239,64,65,-1,1
18240,141,141,0,0
18241,87,95,-8,8
18242,144,134,10,10
18243,118,96,22,22
18244,84,87,-3,3
18245,80,77,3,3
18246,131,141,-10,10
18247,61,59,2,2
18248,93,87,6,6
18249,78,90,-12,12
18250,58,60,-2,2
18251,99,84,15,15
18252,107,92,15,15
18253,119,111,8,8
18254,104,115,-11,11
18255,87,94,-7,7
18256,88,78,10,10
18257,131,130,1,1
18258,126,136,-10,10
18259,125,113,12,12
18260,99,109,-10,10
18261,127,125,2,2
18262,34,47,-13,13
18263,77,64,13,13
18264,88,89,-1,1
18265,106,121,-15,15
18266,104,98,6,6
18267,78,77,1,1
18268,78,84,-6,6
18269,211,194,17,17
18270,68,60,8,8
18271,110,100,10,10
18272,86,73,13,13
18273,102,102,0,0
18274,82,72,10,10
18275,57,61,-4,4
18276,106,106,0,0
18277,52,69,-17,17
18278,60,60,0,0
18279,78,80,-2,2
18280,66,60,6,6
18281,134,133,1,1
18282,61,70,-9,9
18283,88,89,-1,1
18284,95,88,7,7
18285,79,76,3,3
18286,109,112,-3,3
18287,74,81,-7,7
18288,82,78,4,4
18289,77,77,0,0
18290,89,85,4,4
18291,115,102,13,13
18292,64,68,-4,4
18293,143,132,11,11
18294,189,168,21,21
18295,27,57,-30,30
18296,82,86,-4,4
18297,127,142,-15,15
18298,121,112,9,9
18299,103,105,-2,2
18300,55,65,-10,10
18301,163,170,-7,7
18302,93,94,-1,1
18303,95,96,-1,1
18304,123,122,1,1
18305,59,60,-1,1
18306,112,91,21,21
18307,76,76,0,0
18308,77,93,-16,16
18309,62,66,-4,4
18310,71,76,-5,5
18311,60,58,2,2
18312,141,135,6,6
18313,91,99,-8,8
18314,96,88,8,8
18315,58,67,-9,9
18316,93,93,0,0
18317,165,167,-2,2
18318,199,205,-6,6
18319,98,95,3,3
18320,152,146,6,6
18321,81,70,11,11
18322,93,87,6,6
18323,122,113,9,9
18324,83,82,1,1
18325,82,78,4,4
18326,61,61,0,0
18327,87,88,-1,1
18328,44,53,-9,9
18329,90,90,0,0
18330,50,53,-3,3
18331,122,110,12,12
18332,82,81,1,1
18333,101,103,-2,2
18334,93,100,-7,7
18335,132,124,8,8
18336,111,116,-5,5
18337,96,80,16,16
18338,47,59,-12,12
18339,113,122,-9,9
18340,182,170,12,12
18341,107,122,-15,15
18342,99,105,-6,6
18343,72,69,3,3
18344,84,82,2,2
18345,55,66,-11,11
18346,154,158,-4,4
18347,39,53,-14,14
18348,107,101,6,6
18349,89,88,1,1
18350,114,107,7,7
18351,99,97,2,2
18352,76,64,12,12
18353,61,55,6,6
18354,112,93,19,19
18355,79,77,2,2
18356,81,86,-5,5
18357,80,82,-2,2
18358,49,62,-13,13
18359,48,52,-4,4
18360,113,108,5,5
18361,91,78,13,13
18362,76,78,-2,2
18363,144,153,-9,9
18364,67,68,-1,1
18365,81,76,5,5
18366,111,102,9,9
18367,78,65,13,13
18368,53,52,1,1
18369,77,77,0,0
18370,71,70,1,1
18371,76,69,7,7
18372,65,62,3,3
18373,90,93,-3,3
18374,165,166,-1,1
18375,188,195,-7,7
18376,58,161,-103,103
18377,81,87,-6,6
18378,65,61,4,4
18379,91,91,0,0
18380,116,119,-3,3
18381,145,134,11,11
18382,111,85,26,26
18383,146,131,15,15
18384,119,108,11,11
18385,91,98,-7,7
18386,116,113,3,3
18387,48,55,-7,7
18388,107,112,-5,5
18389,63,74,-11,11
18390,120,105,15,15
18391,86,79,7,7
18392,93,90,3,3
18393,89,93,-4,4
18394,95,96,-1,1
18395,90,85,5,5
18396,104,101,3,3
18397,144,144,0,0
18398,119,113,6,6
18399,82,76,6,6
18400,61,69,-8,8
18401,93,101,-8,8
18402,142,130,12,12
18403,73,72,1,1
18404,133,112,21,21
18405,128,130,-2,2
18406,104,96,8,8
18407,90,85,5,5
18408,88,88,0,0
18409,65,73,-8,8
18410,102,96,6,6
18411,176,162,14,14
18412,90,96,-6,6
18413,241,220,21,21
18414,115,103,12,12
18415,69,66,3,3
18416,94,80,14,14
18417,123,119,4,4
18418,96,106,-10,10
18419,90,95,-5,5
18420,59,65,-6,6
18421,76,74,2,2
18422,72,71,1,1
18423,70,68,2,2
18424,67,61,6,6
18425,83,78,5,5
18426,205,200,5,5
18427,62,62,0,0
18428,214,208,6,6
18429,79,73,6,6
18430,142,126,16,16
18431,88,86,2,2
18432,107,119,-12,12
18433,120,112,8,8
18434,108,106,2,2
18435,102,91,11,11
18436,64,65,-1,1
18437,86,80,6,6
18438,70,71,-1,1
18439,130,102,28,28
18440,97,86,11,11
18441,85,88,-3,3
18442,67,67,0,0
18443,142,112,30,30
18444,48,55,-7,7
18445,88,83,5,5
18446,123,121,2,2
18447,69,67,2,2
18448,92,90,2,2
18449,69,69,0,0
18450,45,47,-2,2
18451,64,65,-1,1
18452,84,70,14,14
18453,131,129,2,2
18454,78,81,-3,3
18455,32,56,-24,24
18456,85,79,6,6
18457,100,89,11,11
18458,99,81,18,18
18459,125,111,14,14
18460,91,85,6,6
18461,196,189,7,7
18462,94,114,-20,20
18463,54,57,-3,3
18464,134,125,9,9
18465,168,155,13,13
18466,64,63,1,1
18467,73,71,2,2
18468,96,93,3,3
18469,82,75,7,7
18470,48,65,-17,17
18471,65,65,0,0
18472,121,119,2,2
18473,102,98,4,4
18474,69,65,4,4
18475,92,90,2,2
18476,79,71,8,8
18477,107,108,-1,1
18478,76,91,-15,15
18479,73,70,3,3
18480,75,69,6,6
18481,150,155,-5,5
18482,149,141,8,8
18483,144,135,9,9
18484,113,105,8,8
18485,62,67,-5,5
18486,108,113,-5,5
18487,103,101,2,2
18488,58,69,-11,11
18489,42,58,-16,16
18490,115,105,10,10
18491,58,98,-40,40
18492,115,101,14,14
18493,109,100,9,9
18494,51,53,-2,2
18495,70,70,0,0
18496,68,70,-2,2
18497,143,117,26,26
18498,83,75,8,8
18499,116,109,7,7
18500,45,59,-14,14
18501,90,77,13,13
18502,67,66,1,1
18503,100,89,11,11
18504,113,111,2,2
18505,30,45,-15,15
18506,98,98,0,0
18507,67,65,2,2
18508,53,55,-2,2
18509,105,103,2,2
18510,123,123,0,0
18511,57,56,1,1
18512,125,111,14,14
18513,98,87,11,11
18514,111,98,13,13
18515,122,110,12,12
18516,117,109,8,8
18517,74,71,3,3
18518,84,82,2,2
18519,143,125,18,18
18520,121,112,9,9
18521,121,118,3,3
18522,99,96,3,3
18523,103,94,9,9
18524,104,74,30,30
18525,63,60,3,3
18526,222,184,38,38
18527,113,106,7,7
18528,88,82,6,6
18529,122,96,26,26
18530,109,117,-8,8
18531,72,62,10,10
18532,64,66,-2,2
18533,144,127,17,17
18534,82,73,9,9
18535,82,86,-4,4
18536,162,163,-1,1
18537,112,118,-6,6
18538,62,67,-5,5
18539,78,84,-6,6
18540,48,55,-7,7
18541,90,87,3,3
18542,130,116,14,14
18543,70,69,1,1
18544,141,132,9,9
18545,138,132,6,6
18546,126,85,41,41
18547,71,77,-6,6
18548,89,87,2,2
18549,138,126,12,12
18550,70,69,1,1
18551,123,106,17,17
18552,72,72,0,0
18553,107,113,-6,6
18554,58,52,6,6
18555,90,86,4,4
18556,136,140,-4,4
18557,163,152,11,11
18558,108,103,5,5
18559,83,60,23,23
18560,117,108,9,9
18561,142,127,15,15
18562,69,69,0,0
18563,100,90,10,10
18564,211,200,11,11
18565,148,151,-3,3
18566,82,79,3,3
18567,86,77,9,9
18568,201,201,0,0
18569,113,117,-4,4
18570,126,127,-1,1
18571,64,68,-4,4
18572,98,89,9,9
18573,51,66,-15,15
18574,93,98,-5,5
18575,60,62,-2,2
18576,82,78,4,4
18577,95,108,-13,13
18578,94,82,12,12
18579,81,81,0,0
18580,111,108,3,3
18581,63,71,-8,8
18582,55,52,3,3
18583,142,140,2,2
18584,139,131,8,8
18585,118,113,5,5
18586,209,183,26,26
18587,73,77,-4,4
18588,103,99,4,4
18589,118,117,1,1
18590,124,120,4,4
18591,79,87,-8,8
18592,124,117,7,7
18593,129,121,8,8
18594,91,79,12,12
18595,83,84,-1,1
18596,120,110,10,10
18597,91,82,9,9
18598,101,89,12,12
18599,117,103,14,14
18600,154,148,6,6
18601,83,85,-2,2
18602,113,111,2,2
18603,83,87,-4,4
18604,106,108,-2,2
18605,47,47,0,0
18606,63,65,-2,2
18607,99,97,2,2
18608,47,62,-15,15
18609,111,103,8,8
18610,111,105,6,6
18611,152,143,9,9
18612,91,112,-21,21
18613,111,118,-7,7
18614,103,111,-8,8
18615,80,84,-4,4
18616,133,124,9,9
18617,83,83,0,0
18618,67,73,-6,6
18619,124,126,-2,2
18620,93,103,-10,10
18621,80,70,10,10
18622,64,68,-4,4
18623,74,69,5,5
18624,92,93,-1,1
18625,122,107,15,15
18626,92,106,-14,14
18627,111,110,1,1
18628,148,122,26,26
18629,102,90,12,12
18630,101,89,12,12
18631,89,86,3,3
18632,94,100,-6,6
18633,78,70,8,8
18634,88,84,4,4
18635,87,90,-3,3
18636,59,58,1,1
18637,75,68,7,7
18638,101,101,0,0
18639,96,99,-3,3
18640,64,69,-5,5
18641,106,96,10,10
18642,90,83,7,7
18643,95,97,-2,2
18644,107,106,1,1
18645,95,97,-2,2
18646,78,88,-10,10
18647,124,156,-32,32
18648,142,143,-1,1
18649,73,69,4,4
18650,111,109,2,2
18651,92,77,15,15
18652,205,198,7,7
18653,93,88,5,5
18654,87,96,-9,9
18655,43,66,-23,23
18656,51,62,-11,11
18657,102,100,2,2
18658,85,90,-5,5
18659,152,153,-1,1
18660,69,74,-5,5
18661,47,49,-2,2
18662,52,56,-4,4
18663,94,91,3,3
18664,149,148,1,1
18665,81,70,11,11
18666,96,88,8,8
18667,88,84,4,4
18668,81,82,-1,1
18669,129,112,17,17
18670,107,123,-16,16
18671,93,77,16,16
18672,90,94,-4,4
18673,72,73,-1,1
18674,82,84,-2,2
18675,73,69,4,4
18676,102,98,4,4
18677,52,74,-22,22
18678,79,82,-3,3
18679,131,124,7,7
18680,56,59,-3,3
18681,58,52,6,6
18682,66,53,13,13
18683,58,59,-1,1
18684,76,84,-8,8
18685,83,74,9,9
18686,84,86,-2,2
18687,100,98,2,2
18688,114,103,11,11
18689,112,111,1,1
18690,104,88,16,16
18691,110,111,-1,1
18692,160,167,-7,7
18693,98,96,2,2
18694,122,121,1,1
18695,39,53,-14,14
18696,120,117,3,3
18697,84,82,2,2
18698,64,74,-10,10
18699,87,88,-1,1
18700,102,85,17,17
18701,87,93,-6,6
18702,76,65,11,11
18703,132,128,4,4
18704,65,65,0,0
18705,136,106,30,30
18706,87,77,10,10
18707,93,85,8,8
18708,130,122,8,8
18709,96,93,3,3
18710,93,88,5,5
18711,67,74,-7,7
18712,116,107,9,9
18713,81,82,-1,1
18714,107,116,-9,9
18715,70,53,17,17
18716,113,94,19,19
18717,78,82,-4,4
18718,93,88,5,5
18719,62,69,-7,7
18720,43,60,-17,17
18721,81,78,3,3
18722,85,83,2,2
18723,128,107,21,21
18724,110,110,0,0
18725,37,53,-16,16
18726,66,68,-2,2
18727,56,52,4,4
18728,95,101,-6,6
18729,95,102,-7,7
18730,92,88,4,4
18731,99,103,-4,4
18732,75,80,-5,5
18733,186,166,20,20
18734,30,52,-22,22
18735,63,72,-9,9
18736,60,61,-1,1
18737,38,58,-20,20
18738,70,79,-9,9
18739,85,90,-5,5
18740,71,46,25,25
18741,122,125,-3,3
18742,45,50,-5,5
18743,94,87,7,7
18744,133,122,11,11
18745,89,71,18,18
18746,85,79,6,6
18747,80,85,-5,5
18748,141,125,16,16
18749,108,106,2,2
18750,39,68,-29,29
18751,85,96,-11,11
18752,99,103,-4,4
18753,81,77,4,4
18754,123,119,4,4
18755,98,89,9,9
18756,81,74,7,7
18757,110,106,4,4
18758,64,65,-1,1
18759,75,81,-6,6
18760,59,67,-8,8
18761,66,66,0,0
18762,81,59,22,22
18763,92,86,6,6
18764,115,107,8,8
18765,129,131,-2,2
18766,99,92,7,7
18767,72,80,-8,8
18768,91,99,-8,8
18769,69,72,-3,3
18770,80,69,11,11
18771,89,90,-1,1
18772,92,97,-5,5
18773,95,90,5,5
18774,166,156,10,10
18775,61,56,5,5
18776,59,44,15,15
18777,42,61,-19,19
18778,53,55,-2,2
18779,101,86,15,15
18780,90,82,8,8
18781,116,100,16,16
18782,83,65,18,18
18783,89,85,4,4
18784,121,117,4,4
18785,74,68,6,6
18786,113,101,12,12
18787,85,86,-1,1
18788,137,125,12,12
18789,72,70,2,2
18790,78,74,4,4
18791,113,125,-12,12
18792,144,119,25,25
18793,54,53,1,1
18794,74,64,10,10
18795,72,68,4,4
18796,73,72,1,1
18797,163,148,15,15
18798,96,94,2,2
18799,90,92,-2,2
18800,64,67,-3,3
18801,61,62,-1,1
18802,79,71,8,8
18803,118,116,2,2
18804,70,69,1,1
18805,108,105,3,3
18806,83,101,-18,18
18807,55,48,7,7
18808,139,134,5,5
18809,49,54,-5,5
18810,159,147,12,12
18811,30,58,-28,28
18812,111,114,-3,3
18813,112,106,6,6
18814,149,162,-13,13
18815,104,113,-9,9
18816,166,148,18,18
18817,76,71,5,5
18818,128,134,-6,6
18819,54,57,-3,3
18820,99,91,8,8
18821,53,55,-2,2
18822,98,84,14,14
18823,94,90,4,4
18824,144,112,32,32
18825,47,51,-4,4
18826,124,133,-9,9
18827,137,154,-17,17
18828,55,56,-1,1
18829,79,69,10,10
18830,103,102,1,1
18831,67,63,4,4
18832,45,55,-10,10
18833,129,113,16,16
18834,33,61,-28,28
18835,108,109,-1,1
18836,68,65,3,3
18837,165,150,15,15
18838,108,89,19,19
18839,142,120,22,22
18840,108,119,-11,11
18841,56,64,-8,8
18842,73,76,-3,3
18843,121,117,4,4
18844,139,146,-7,7
18845,124,115,9,9
18846,59,61,-2,2
18847,98,114,-16,16
18848,42,50,-8,8
18849,94,99,-5,5
18850,120,104,16,16
18851,64,77,-13,13
18852,52,58,-6,6
18853,193,200,-7,7
18854,99,101,-2,2
18855,73,71,2,2
18856,166,147,19,19
18857,116,110,6,6
18858,69,82,-13,13
18859,67,64,3,3
18860,81,61,20,20
18861,112,103,9,9
18862,120,100,20,20
18863,67,66,1,1
18864,105,87,18,18
18865,146,135,11,11
18866,110,94,16,16
18867,90,80,10,10
18868,94,87,7,7
18869,106,105,1,1
18870,95,91,4,4
18871,112,115,-3,3
18872,104,91,13,13
18873,60,70,-10,10
18874,93,83,10,10
18875,171,187,-16,16
18876,57,58,-1,1
18877,106,98,8,8
18878,83,87,-4,4
18879,65,65,0,0
18880,111,107,4,4
18881,117,113,4,4
18882,71,70,1,1
18883,46,47,-1,1
18884,87,104,-17,17
18885,80,78,2,2
18886,58,56,2,2
18887,47,59,-12,12
18888,196,186,10,10
18889,100,103,-3,3
18890,122,116,6,6
18891,126,126,0,0
18892,61,60,1,1
18893,68,71,-3,3
18894,90,96,-6,6
18895,96,90,6,6
18896,154,149,5,5
18897,153,166,-13,13
18898,83,80,3,3
18899,130,126,4,4
18900,110,99,11,11
18901,122,113,9,9
18902,85,77,8,8
18903,55,55,0,0
18904,85,85,0,0
18905,122,130,-8,8
18906,71,66,5,5
18907,149,155,-6,6
18908,101,93,8,8
18909,81,101,-20,20
18910,95,92,3,3
18911,120,113,7,7
18912,137,150,-13,13
18913,132,151,-19,19
18914,83,69,14,14
18915,121,108,13,13
18916,121,107,14,14
18917,125,143,-18,18
18918,81,87,-6,6
18919,137,137,0,0
18920,89,84,5,5
18921,113,106,7,7
18922,23,68,-45,45
18923,123,97,26,26
18924,172,180,-8,8
18925,64,63,1,1
18926,122,127,-5,5
18927,67,69,-2,2
18928,86,81,5,5
18929,42,58,-16,16
18930,126,120,6,6
18931,148,140,8,8
18932,81,71,10,10
18933,78,80,-2,2
18934,74,68,6,6
18935,52,59,-7,7
18936,67,71,-4,4
18937,69,66,3,3
18938,76,80,-4,4
18939,56,60,-4,4
18940,103,112,-9,9
18941,86,89,-3,3
18942,67,65,2,2
18943,74,77,-3,3
18944,61,66,-5,5
18945,42,54,-12,12
18946,106,105,1,1
18947,59,62,-3,3
18948,65,65,0,0
18949,148,151,-3,3
18950,161,142,19,19
18951,140,123,17,17
18952,140,130,10,10
18953,70,70,0,0
18954,157,147,10,10
18955,70,81,-11,11
18956,110,109,1,1
18957,132,161,-29,29
18958,40,56,-16,16
18959,115,110,5,5
18960,165,177,-12,12
18961,46,66,-20,20
18962,108,117,-9,9
18963,145,137,8,8
18964,153,145,8,8
18965,64,73,-9,9
18966,104,89,15,15
18967,104,82,22,22
18968,103,82,21,21
18969,99,108,-9,9
18970,58,74,-16,16
18971,78,71,7,7
18972,116,107,9,9
18973,95,108,-13,13
18974,77,71,6,6
18975,100,89,11,11
18976,147,140,7,7
18977,73,71,2,2
18978,90,95,-5,5
18979,91,89,2,2
18980,136,124,12,12
18981,156,144,12,12
18982,71,71,0,0
18983,65,73,-8,8
18984,82,80,2,2
18985,116,107,9,9
18986,134,128,6,6
18987,70,74,-4,4
18988,98,85,13,13
18989,194,174,20,20
18990,58,59,-1,1
18991,111,154,-43,43
18992,55,56,-1,1
18993,105,105,0,0
18994,85,83,2,2
18995,105,94,11,11
18996,83,86,-3,3
18997,96,78,18,18
18998,83,79,4,4
18999,153,148,5,5
19000,81,85,-4,4
19001,60,64,-4,4
19002,137,130,7,7
19003,140,133,7,7
19004,88,90,-2,2
19005,124,120,4,4
19006,101,90,11,11
19007,84,76,8,8
19008,99,84,15,15
19009,59,62,-3,3
19010,83,86,-3,3
19011,113,127,-14,14
19012,83,83,0,0
19013,65,65,0,0
19014,52,57,-5,5
19015,120,119,1,1
19016,102,88,14,14
19017,50,63,-13,13
19018,134,155,-21,21
19019,90,86,4,4
19020,79,73,6,6
19021,78,78,0,0
19022,122,111,11,11
19023,69,72,-3,3
19024,72,66,6,6
19025,71,73,-2,2
19026,112,84,28,28
19027,111,99,12,12
19028,96,86,10,10
19029,96,94,2,2
19030,67,67,0,0
19031,102,102,0,0
19032,71,66,5,5
19033,147,148,-1,1
19034,123,123,0,0
19035,89,67,22,22
19036,72,83,-11,11
19037,81,87,-6,6
19038,61,57,4,4
19039,79,94,-15,15
19040,112,102,10,10
19041,167,180,-13,13
19042,74,73,1,1
19043,122,111,11,11
19044,78,79,-1,1
19045,64,62,2,2
19046,72,74,-2,2
19047,90,83,7,7
19048,86,81,5,5
19049,122,120,2,2
19050,70,60,10,10
19051,80,78,2,2
19052,55,53,2,2
19053,86,74,12,12
19054,117,119,-2,2
19055,95,86,9,9
19056,88,88,0,0
19057,123,113,10,10
19058,102,92,10,10
19059,73,66,7,7
19060,33,51,-18,18
19061,133,121,12,12
19062,65,79,-14,14
19063,75,71,4,4
19064,39,47,-8,8
19065,119,109,10,10
19066,88,78,10,10
19067,110,93,17,17
19068,59,69,-10,10
19069,94,97,-3,3
19070,90,85,5,5
19071,64,66,-2,2
19072,111,110,1,1
19073,95,92,3,3
19074,77,75,2,2
19075,60,64,-4,4
19076,151,150,1,1
19077,90,85,5,5
19078,65,71,-6,6
19079,100,112,-12,12
19080,59,64,-5,5
19081,89,79,10,10
19082,91,101,-10,10
19083,152,136,16,16
19084,58,67,-9,9
19085,98,100,-2,2
19086,111,103,8,8
19087,94,84,10,10
19088,98,101,-3,3
19089,99,83,16,16
19090,132,122,10,10
19091,99,111,-12,12
19092,163,177,-14,14
19093,105,81,24,24
19094,109,111,-2,2
19095,49,57,-8,8
19096,97,112,-15,15
19097,153,135,18,18
19098,73,96,-23,23
19099,71,73,-2,2
19100,89,92,-3,3
19101,110,95,15,15
19102,73,76,-3,3
19103,151,139,12,12
19104,146,140,6,6
19105,74,69,5,5
19106,76,61,15,15
19107,57,96,-39,39
19108,96,80,16,16
19109,143,132,11,11
19110,98,86,12,12
19111,74,74,0,0
19112,78,71,7,7
19113,139,169,-30,30
19114,81,87,-6,6
19115,74,78,-4,4
19116,81,76,5,5
19117,149,170,-21,21
19118,59,70,-11,11
19119,92,87,5,5
19120,88,83,5,5
19121,94,100,-6,6
19122,106,101,5,5
19123,143,121,22,22
19124,61,70,-9,9
19125,84,80,4,4
19126,107,106,1,1
19127,129,128,1,1
19128,80,79,1,1
19129,89,79,10,10
19130,159,144,15,15
19131,44,56,-12,12
19132,116,120,-4,4
19133,79,81,-2,2
19134,82,78,4,4
19135,77,81,-4,4
19136,124,117,7,7
19137,97,100,-3,3
19138,62,62,0,0
19139,65,70,-5,5
19140,78,65,13,13
19141,105,102,3,3
19142,107,111,-4,4
19143,60,67,-7,7
19144,63,54,9,9
19145,71,67,4,4
19146,122,123,-1,1
19147,76,75,1,1
19148,137,142,-5,5
19149,89,89,0,0
19150,87,90,-3,3
19151,147,145,2,2
19152,121,138,-17,17
19153,91,78,13,13
19154,62,60,2,2
19155,77,82,-5,5
19156,95,83,12,12
19157,71,71,0,0
19158,129,141,-12,12
19159,114,114,0,0
19160,196,174,22,22
19161,113,115,-2,2
19162,122,113,9,9
19163,120,115,5,5
19164,104,112,-8,8
19165,99,99,0,0
19166,80,81,-1,1
19167,69,74,-5,5
19168,100,100,0,0
19169,63,69,-6,6
19170,145,139,6,6
19171,55,60,-5,5
19172,91,84,7,7
19173,148,145,3,3
19174,75,64,11,11
19175,106,105,1,1
19176,179,178,1,1
19177,86,95,-9,9
19178,72,65,7,7
19179,127,133,-6,6
19180,68,65,3,3
19181,69,84,-15,15
19182,136,136,0,0
19183,91,89,2,2
19184,102,101,1,1
19185,128,116,12,12
19186,94,82,12,12
19187,105,96,9,9
19188,146,145,1,1
19189,72,60,12,12
19190,105,104,1,1
19191,137,137,0,0
19192,169,167,2,2
19193,130,153,-23,23
19194,126,121,5,5
19195,125,119,6,6
19196,102,102,0,0
19197,74,83,-9,9
19198,74,75,-1,1
19199,97,96,1,1
19200,113,100,13,13
19201,54,69,-15,15
19202,127,97,30,30
19203,73,78,-5,5
19204,145,143,2,2
19205,117,101,16,16
19206,123,124,-1,1
19207,188,168,20,20
19208,75,97,-22,22
19209,76,85,-9,9
19210,45,69,-24,24
19211,86,83,3,3
19212,74,74,0,0
19213,103,115,-12,12
19214,140,122,18,18
19215,95,99,-4,4
19216,102,106,-4,4
19217,34,57,-23,23
19218,101,87,14,14
19219,62,73,-11,11
19220,81,92,-11,11
19221,84,79,5,5
19222,114,124,-10,10
19223,90,82,8,8
19224,66,93,-27,27
19225,98,93,5,5
19226,68,69,-1,1
19227,115,111,4,4
19228,101,62,39,39
19229,137,129,8,8
19230,125,114,11,11
19231,84,81,3,3
19232,43,66,-23,23
19233,99,82,17,17
19234,126,125,1,1
19235,97,99,-2,2
19236,105,91,14,14
19237,74,81,-7,7
19238,108,110,-2,2
19239,70,73,-3,3
19240,49,54,-5,5
19241,133,127,6,6
19242,105,98,7,7
19243,147,140,7,7
19244,98,91,7,7
19245,124,114,10,10
19246,73,77,-4,4
19247,78,77,1,1
19248,106,104,2,2
19249,63,64,-1,1
19250,87,91,-4,4
19251,80,73,7,7
19252,101,94,7,7
19253,80,78,2,2
19254,107,87,20,20
19255,65,70,-5,5
19256,62,55,7,7
19257,124,128,-4,4
19258,37,56,-19,19
19259,109,99,10,10
19260,48,63,-15,15
19261,152,141,11,11
19262,163,161,2,2
19263,126,123,3,3
19264,62,85,-23,23
19265,128,140,-12,12
19266,104,99,5,5
19267,110,124,-14,14
19268,79,88,-9,9
19269,79,82,-3,3
19270,145,133,12,12
19271,74,83,-9,9
19272,59,69,-10,10
19273,107,101,6,6
19274,88,84,4,4
19275,47,63,-16,16
19276,111,111,0,0
19277,108,98,10,10
19278,133,115,18,18
19279,155,169,-14,14
19280,85,88,-3,3
19281,135,127,8,8
19282,104,99,5,5
19283,149,154,-5,5
19284,78,70,8,8
19285,76,80,-4,4
19286,96,95,1,1
19287,130,121,9,9
19288,90,80,10,10
19289,55,66,-11,11
19290,123,126,-3,3
19291,65,60,5,5
19292,69,47,22,22
19293,50,57,-7,7
19294,51,68,-17,17
19295,81,68,13,13
19296,108,108,0,0
19297,81,81,0,0
19298,42,48,-6,6
19299,141,125,16,16
19300,66,71,-5,5
19301,103,103,0,0
19302,147,135,12,12
19303,105,89,16,16
19304,136,116,20,20
19305,58,65,-7,7
19306,108,84,24,24
19307,63,68,-5,5
19308,116,109,7,7
19309,147,133,14,14
19310,73,62,11,11
19311,92,93,-1,1
19312,63,72,-9,9
19313,98,96,2,2
19314,153,152,1,1
19315,98,87,11,11
19316,68,70,-2,2
19317,70,60,10,10
19318,69,137,-68,68
19319,68,71,-3,3
19320,66,64,2,2
19321,83,77,6,6
19322,113,104,9,9
19323,123,115,8,8
19324,39,53,-14,14
19325,127,123,4,4
19326,119,111,8,8
19327,80,74,6,6
19328,202,243,-41,41
19329,71,72,-1,1
19330,49,61,-12,12
19331,73,81,-8,8
19332,90,97,-7,7
19333,86,94,-8,8
19334,71,82,-11,11
19335,62,58,4,4
19336,89,87,2,2
19337,205,195,10,10
19338,157,133,24,24
19339,95,101,-6,6
19340,54,63,-9,9
19341,86,77,9,9
19342,105,111,-6,6
19343,51,54,-3,3
19344,56,70,-14,14
19345,142,149,-7,7
19346,151,142,9,9
19347,72,74,-2,2
19348,71,73,-2,2
19349,73,81,-8,8
19350,58,62,-4,4
19351,175,218,-43,43
19352,132,133,-1,1
19353,102,103,-1,1
19354,115,107,8,8
19355,92,92,0,0
19356,77,76,1,1
19357,113,112,1,1
19358,103,110,-7,7
19359,147,155,-8,8
19360,93,102,-9,9
19361,105,107,-2,2
19362,95,82,13,13
19363,158,154,4,4
19364,117,117,0,0
19365,113,113,0,0
19366,84,74,10,10
19367,64,71,-7,7
19368,98,94,4,4
19369,91,100,-9,9
19370,106,93,13,13
19371,57,61,-4,4
19372,130,131,-1,1
19373,67,74,-7,7
19374,60,72,-12,12
19375,80,70,10,10
19376,109,110,-1,1
19377,56,80,-24,24
19378,61,74,-13,13
19379,162,165,-3,3
19380,105,96,9,9
19381,118,103,15,15
19382,88,86,2,2
19383,61,53,8,8
19384,101,88,13,13
19385,130,140,-10,10
19386,116,110,6,6
19387,66,64,2,2
19388,67,88,-21,21
19389,68,76,-8,8
19390,54,49,5,5
19391,76,83,-7,7
19392,91,89,2,2
19393,48,65,-17,17
19394,108,99,9,9
19395,50,58,-8,8
19396,121,125,-4,4
19397,55,63,-8,8
19398,99,86,13,13
19399,109,104,5,5
19400,129,121,8,8
19401,59,55,4,4
19402,193,178,15,15
19403,115,106,9,9
19404,168,176,-8,8
19405,109,110,-1,1
19406,79,97,-18,18
19407,69,67,2,2
19408,124,122,2,2
19409,86,93,-7,7
19410,108,104,4,4
19411,57,70,-13,13
19412,69,82,-13,13
19413,73,71,2,2
19414,93,97,-4,4
19415,108,109,-1,1
19416,47,53,-6,6
19417,96,90,6,6
19418,136,143,-7,7
19419,62,56,6,6
19420,35,59,-24,24
19421,168,185,-17,17
19422,72,73,-1,1
19423,53,55,-2,2
19424,181,184,-3,3
19425,106,96,10,10
19426,110,120,-10,10
19427,71,79,-8,8
19428,81,82,-1,1
19429,66,69,-3,3
19430,96,103,-7,7
19431,94,82,12,12
19432,101,80,21,21
19433,56,67,-11,11
19434,161,140,21,21
19435,120,109,11,11
19436,90,83,7,7
19437,74,69,5,5
19438,119,112,7,7
19439,120,117,3,3
19440,116,140,-24,24
19441,72,65,7,7
19442,100,97,3,3
19443,72,71,1,1
19444,152,146,6,6
19445,65,74,-9,9
19446,84,79,5,5
19447,100,99,1,1
19448,116,98,18,18
19449,88,88,0,0
19450,94,96,-2,2
19451,76,70,6,6
19452,70,77,-7,7
19453,72,78,-6,6
19454,114,106,8,8
19455,95,97,-2,2
19456,88,79,9,9
19457,103,110,-7,7
19458,82,81,1,1
19459,66,75,-9,9
19460,126,101,25,25
19461,215,256,-41,41
19462,127,121,6,6
19463,71,68,3,3
19464,106,87,19,19
19465,125,115,10,10
19466,98,94,4,4
19467,80,86,-6,6
19468,76,76,0,0
19469,126,123,3,3
19470,45,51,-6,6
19471,98,89,9,9
19472,75,68,7,7
19473,76,69,7,7
19474,103,104,-1,1
19475,149,152,-3,3
19476,110,106,4,4
19477,71,69,2,2
19478,121,101,20,20
19479,86,83,3,3
19480,44,62,-18,18
19481,126,130,-4,4
19482,145,133,12,12
19483,94,100,-6,6
19484,49,62,-13,13
19485,99,93,6,6
19486,75,74,1,1
19487,77,92,-15,15
19488,65,69,-4,4
19489,117,111,6,6
19490,87,79,8,8
19491,87,93,-6,6
19492,138,141,-3,3
19493,66,71,-5,5
19494,100,94,6,6
19495,107,91,16,16
19496,82,99,-17,17
19497,76,76,0,0
19498,67,101,-34,34
19499,40,57,-17,17
19500,88,96,-8,8
19501,184,177,7,7
19502,92,83,9,9
19503,134,138,-4,4
19504,105,102,3,3
19505,112,112,0,0
19506,70,66,4,4
19507,70,69,1,1
19508,57,71,-14,14
19509,120,120,0,0
19510,98,100,-2,2
19511,115,103,12,12
19512,84,93,-9,9
19513,97,88,9,9
19514,85,79,6,6
19515,67,69,-2,2
19516,93,87,6,6
19517,123,116,7,7
19518,52,89,-37,37
19519,113,102,11,11
19520,63,68,-5,5
19521,97,90,7,7
19522,103,96,7,7
19523,91,106,-15,15
19524,74,79,-5,5
19525,110,113,-3,3
19526,162,155,7,7
19527,98,95,3,3
19528,103,94,9,9
19529,96,106,-10,10
19530,35,53,-18,18
19531,85,85,0,0
19532,69,66,3,3
19533,80,78,2,2
19534,60,55,5,5
19535,87,92,-5,5
19536,77,76,1,1
19537,139,126,13,13
19538,51,55,-4,4
19539,122,110,12,12
19540,125,101,24,24
19541,63,61,2,2
19542,125,114,11,11
19543,85,91,-6,6
19544,112,109,3,3
19545,58,63,-5,5
19546,104,101,3,3
19547,120,110,10,10
19548,43,48,-5,5
19549,90,102,-12,12
19550,29,46,-17,17
19551,92,84,8,8
19552,99,82,17,17
19553,55,69,-14,14
19554,66,57,9,9
19555,78,78,0,0
19556,67,68,-1,1
19557,91,69,22,22
19558,143,127,16,16
19559,86,76,10,10
19560,57,77,-20,20
19561,96,86,10,10
19562,101,109,-8,8
19563,58,61,-3,3
19564,113,98,15,15
19565,44,57,-13,13
19566,140,126,14,14
19567,150,151,-1,1
19568,117,119,-2,2
19569,86,87,-1,1
19570,99,82,17,17
19571,114,102,12,12
19572,81,71,10,10
19573,64,64,0,0
19574,132,142,-10,10
19575,82,78,4,4
19576,141,133,8,8
19577,68,78,-10,10
19578,137,129,8,8
19579,75,62,13,13
19580,71,74,-3,3
19581,59,48,11,11
19582,45,53,-8,8
19583,70,63,7,7
19584,107,106,1,1
19585,59,61,-2,2
19586,41,54,-13,13
19587,65,75,-10,10
19588,50,67,-17,17
19589,88,84,4,4
19590,114,112,2,2
19591,64,55,9,9
19592,154,154,0,0
19593,64,65,-1,1
19594,46,64,-18,18
19595,120,109,11,11
19596,80,80,0,0
19597,52,58,-6,6
19598,88,105,-17,17
19599,65,94,-29,29
19600,49,56,-7,7
19601,82,89,-7,7
19602,108,112,-4,4
19603,59,60,-1,1
19604,68,66,2,2
19605,99,96,3,3
19606,100,98,2,2
19607,100,92,8,8
19608,156,159,-3,3
19609,91,93,-2,2
19610,152,148,4,4
19611,125,112,13,13
19612,60,68,-8,8
19613,43,56,-13,13
19614,48,69,-21,21
19615,94,99,-5,5
19616,70,72,-2,2
19617,52,63,-11,11
19618,70,70,0,0
19619,154,138,16,16
19620,133,130,3,3
19621,72,72,0,0
19622,79,78,1,1
19623,111,112,-1,1
19624,72,71,1,1
19625,147,141,6,6
19626,94,90,4,4
19627,41,55,-14,14
19628,79,83,-4,4
19629,61,65,-4,4
19630,68,67,1,1
19631,70,76,-6,6
19632,80,81,-1,1
19633,58,60,-2,2
19634,45,47,-2,2
19635,187,178,9,9
19636,84,78,6,6
19637,76,73,3,3
19638,154,147,7,7
19639,139,131,8,8
19640,173,181,-8,8
19641,75,67,8,8
19642,148,147,1,1
19643,174,162,12,12
19644,100,102,-2,2
19645,29,64,-35,35
19646,102,80,22,22
19647,67,71,-4,4
19648,51,63,-12,12
19649,133,103,30,30
19650,36,56,-20,20
19651,66,79,-13,13
19652,65,56,9,9
19653,73,76,-3,3
19654,151,140,11,11
19655,87,82,5,5
19656,138,136,2,2
19657,65,71,-6,6
19658,97,89,8,8
19659,84,78,6,6
19660,171,147,24,24
19661,110,97,13,13
19662,120,109,11,11
19663,99,101,-2,2
19664,135,124,11,11
19665,90,80,10,10
19666,70,67,3,3
19667,99,101,-2,2
19668,58,60,-2,2
19669,109,128,-19,19
19670,77,78,-1,1
19671,74,64,10,10
19672,134,141,-7,7
19673,130,115,15,15
19674,65,62,3,3
19675,109,103,6,6
19676,75,76,-1,1
19677,125,122,3,3
19678,99,96,3,3
19679,147,141,6,6
19680,160,140,20,20
19681,49,51,-2,2
19682,62,69,-7,7
19683,332,358,-26,26
19684,127,125,2,2
19685,34,42,-8,8
19686,145,133,12,12
19687,108,102,6,6
19688,66,73,-7,7
19689,65,69,-4,4
19690,157,144,13,13
19691,89,78,11,11
19692,97,103,-6,6
19693,116,110,6,6
19694,102,98,4,4
19695,118,116,2,2
19696,161,178,-17,17
19697,97,75,22,22
19698,40,56,-16,16
19699,63,71,-8,8
19700,70,77,-7,7
19701,83,80,3,3
19702,100,104,-4,4
19703,76,69,7,7
19704,105,99,6,6
19705,72,79,-7,7
19706,69,81,-12,12
19707,136,139,-3,3
19708,126,109,17,17
19709,130,132,-2,2
19710,116,122,-6,6
19711,87,80,7,7
19712,100,101,-1,1
19713,100,94,6,6
19714,55,56,-1,1
19715,92,95,-3,3
19716,101,96,5,5
19717,149,141,8,8
19718,98,86,12,12
19719,89,88,1,1
19720,40,45,-5,5
19721,91,86,5,5
19722,103,103,0,0
19723,88,73,15,15
19724,76,89,-13,13
19725,43,58,-15,15
19726,60,63,-3,3
19727,165,156,9,9
19728,148,150,-2,2
19729,114,111,3,3
19730,97,87,10,10
19731,141,139,2,2
19732,82,85,-3,3
19733,89,85,4,4
19734,141,142,-1,1
19735,31,54,-23,23
19736,87,98,-11,11
19737,83,85,-2,2
19738,64,67,-3,3
19739,68,79,-11,11
19740,75,71,4,4
19741,102,97,5,5
19742,54,61,-7,7
19743,108,113,-5,5
19744,104,89,15,15
19745,132,138,-6,6
19746,77,81,-4,4
19747,130,130,0,0
19748,46,59,-13,13
19749,83,40,43,43
19750,79,93,-14,14
19751,180,153,27,27
19752,118,128,-10,10
19753,105,112,-7,7
19754,93,99,-6,6
19755,81,75,6,6
19756,61,72,-11,11
19757,142,137,5,5
19758,93,99,-6,6
19759,100,104,-4,4
19760,146,135,11,11
19761,64,68,-4,4
19762,116,111,5,5
19763,55,51,4,4
19764,55,65,-10,10
19765,86,92,-6,6
19766,90,86,4,4
19767,146,148,-2,2
19768,55,54,1,1
19769,76,74,2,2
19770,48,52,-4,4
19771,84,79,5,5
19772,62,58,4,4
19773,93,87,6,6
19774,104,95,9,9
19775,108,101,7,7
19776,83,83,0,0
19777,57,58,-1,1
19778,76,71,5,5
19779,100,129,-29,29
19780,96,94,2,2
19781,124,90,34,34
19782,55,61,-6,6
19783,61,60,1,1
19784,104,90,14,14
19785,70,70,0,0
19786,94,81,13,13
19787,64,74,-10,10
19788,113,116,-3,3
19789,92,98,-6,6
19790,136,135,1,1
19791,115,96,19,19
19792,103,109,-6,6
19793,84,94,-10,10
19794,60,67,-7,7
19795,83,108,-25,25
19796,127,118,9,9
19797,137,123,14,14
19798,64,57,7,7
19799,180,174,6,6
19800,144,134,10,10
19801,82,76,6,6
19802,89,81,8,8
19803,122,129,-7,7
19804,85,88,-3,3
19805,127,118,9,9
19806,86,78,8,8
19807,81,80,1,1
19808,102,81,21,21
19809,104,79,25,25
19810,47,57,-10,10
19811,163,131,32,32
19812,102,102,0,0
19813,152,122,30,30
19814,139,124,15,15
19815,88,73,15,15
19816,57,60,-3,3
19817,79,73,6,6
19818,60,62,-2,2
19819,104,88,16,16
19820,92,89,3,3
19821,74,68,6,6
19822,94,96,-2,2
19823,102,104,-2,2
19824,109,103,6,6
19825,86,78,8,8
19826,85,73,12,12
19827,86,78,8,8
19828,158,147,11,11
19829,78,70,8,8
19830,72,68,4,4
19831,127,120,7,7
19832,81,81,0,0
19833,99,97,2,2
19834,64,75,-11,11
19835,137,144,-7,7
19836,99,100,-1,1
19837,74,80,-6,6
19838,80,90,-10,10
19839,99,87,12,12
19840,95,102,-7,7
19841,48,54,-6,6
19842,77,84,-7,7
19843,88,93,-5,5
19844,99,108,-9,9
19845,87,72,15,15
19846,75,73,2,2
19847,103,110,-7,7
19848,190,196,-6,6
19849,88,73,15,15
19850,85,92,-7,7
19851,59,56,3,3
19852,63,92,-29,29
19853,85,86,-1,1
19854,67,89,-22,22
19855,76,86,-10,10
19856,115,110,5,5
19857,62,60,2,2
19858,61,67,-6,6
19859,147,135,12,12
19860,153,140,13,13
19861,68,66,2,2
19862,106,113,-7,7
19863,79,81,-2,2
19864,165,158,7,7
19865,63,62,1,1
19866,106,105,1,1
19867,74,72,2,2
19868,135,127,8,8
19869,76,71,5,5
19870,113,120,-7,7
19871,77,85,-8,8
19872,67,72,-5,5
19873,93,101,-8,8
19874,170,150,20,20
19875,77,84,-7,7
19876,88,74,14,14
19877,103,101,2,2
19878,85,88,-3,3
19879,82,76,6,6
19880,70,80,-10,10
19881,94,100,-6,6
19882,44,50,-6,6
19883,103,95,8,8
19884,99,98,1,1
19885,67,71,-4,4
19886,56,74,-18,18
19887,94,82,12,12
19888,77,76,1,1
19889,68,73,-5,5
19890,125,108,17,17
19891,110,107,3,3
19892,102,81,21,21
19893,57,68,-11,11
19894,68,83,-15,15
19895,75,76,-1,1
19896,101,96,5,5
19897,57,50,7,7
19898,93,101,-8,8
19899,52,48,4,4
19900,57,62,-5,5
19901,123,114,9,9
19902,111,121,-10,10
19903,62,71,-9,9
19904,89,101,-12,12
19905,114,103,11,11
19906,45,51,-6,6
19907,79,77,2,2
19908,134,127,7,7
19909,101,94,7,7
19910,92,87,5,5
19911,74,69,5,5
19912,95,87,8,8
19913,49,60,-11,11
19914,86,75,11,11
19915,50,67,-17,17
19916,55,73,-18,18
19917,49,53,-4,4
19918,87,87,0,0
19919,59,65,-6,6
19920,108,113,-5,5
19921,88,95,-7,7
19922,118,125,-7,7
19923,108,101,7,7
19924,38,63,-25,25
19925,94,85,9,9
19926,35,54,-19,19
19927,114,114,0,0
19928,124,107,17,17
19929,108,117,-9,9
19930,129,144,-15,15
19931,69,69,0,0
19932,108,111,-3,3
19933,66,71,-5,5
19934,62,61,1,1
19935,107,103,4,4
19936,65,65,0,0
19937,169,153,16,16
19938,115,114,1,1
19939,116,113,3,3
19940,87,84,3,3
19941,62,67,-5,5
19942,128,120,8,8
19943,126,133,-7,7
19944,139,150,-11,11
19945,217,213,4,4
19946,147,146,1,1
19947,117,108,9,9
19948,181,195,-14,14
19949,101,120,-19,19
19950,66,73,-7,7
19951,77,72,5,5
19952,110,110,0,0
19953,186,191,-5,5
19954,60,56,4,4
19955,68,63,5,5
19956,125,119,6,6
19957,52,55,-3,3
19958,75,77,-2,2
19959,109,114,-5,5
19960,44,61,-17,17
19961,123,125,-2,2
19962,123,120,3,3
19963,69,65,4,4
19964,51,57,-6,6
19965,148,128,20,20
19966,104,88,16,16
19967,64,70,-6,6
19968,82,104,-22,22
19969,82,69,13,13
19970,135,130,5,5
19971,54,62,-8,8
19972,88,71,17,17
19973,88,82,6,6
19974,102,91,11,11
19975,45,53,-8,8
19976,85,83,2,2
19977,117,95,22,22
19978,124,114,10,10
19979,60,62,-2,2
19980,40,62,-22,22
19981,133,136,-3,3
19982,101,94,7,7
19983,80,72,8,8
19984,90,103,-13,13
19985,85,84,1,1
19986,68,61,7,7
19987,150,140,10,10
19988,86,82,4,4
19989,105,110,-5,5
19990,45,57,-12,12
19991,149,163,-14,14
19992,74,71,3,3
19993,40,64,-24,24
19994,75,70,5,5
19995,47,54,-7,7
19996,70,75,-5,5
19997,56,60,-4,4
19998,46,66,-20,20
19999,98,106,-8,8
20000,107,93,14,14
20001,121,111,10,10
20002,192,183,9,9
20003,50,61,-11,11
20004,62,80,-18,18
20005,93,86,7,7
20006,96,78,18,18
20007,72,71,1,1
20008,134,143,-9,9
20009,98,95,3,3
20010,159,145,14,14
20011,115,109,6,6
20012,54,51,3,3
20013,60,57,3,3
20014,80,85,-5,5
20015,103,98,5,5
20016,89,84,5,5
20017,118,112,6,6
20018,109,102,7,7
20019,65,78,-13,13
20020,62,66,-4,4
20021,100,88,12,12
20022,127,129,-2,2
20023,54,56,-2,2
20024,113,105,8,8
20025,122,112,10,10
20026,140,123,17,17
20027,71,57,14,14
20028,86,94,-8,8
20029,94,93,1,1
20030,124,123,1,1
20031,59,63,-4,4
20032,115,113,2,2
20033,61,59,2,2
20034,65,62,3,3
20035,79,66,13,13
20036,122,114,8,8
20037,97,98,-1,1
20038,64,68,-4,4
20039,107,94,13,13
20040,109,107,2,2
20041,70,72,-2,2
20042,63,60,3,3
20043,104,105,-1,1
20044,88,74,14,14
20045,91,87,4,4
20046,136,144,-8,8
20047,67,68,-1,1
20048,65,59,6,6
20049,97,99,-2,2
20050,114,119,-5,5
20051,122,131,-9,9
20052,76,63,13,13
20053,96,90,6,6
20054,90,67,23,23
20055,68,74,-6,6
20056,78,72,6,6
20057,158,145,13,13
20058,77,79,-2,2
20059,65,63,2,2
20060,126,113,13,13
20061,102,94,8,8
20062,96,90,6,6
20063,120,129,-9,9
20064,44,45,-1,1
20065,68,72,-4,4
20066,170,179,-9,9
20067,40,49,-9,9
20068,43,52,-9,9
20069,95,85,10,10
20070,114,103,11,11
20071,60,68,-8,8
20072,35,47,-12,12
20073,70,69,1,1
20074,126,123,3,3
20075,68,76,-8,8
20076,137,149,-12,12
20077,154,127,27,27
20078,139,133,6,6
20079,103,98,5,5
20080,82,70,12,12
20081,94,100,-6,6
20082,136,123,13,13
20083,81,67,14,14
20084,51,61,-10,10
20085,126,125,1,1
20086,89,119,-30,30
20087,88,86,2,2
20088,77,65,12,12
20089,83,86,-3,3
20090,77,78,-1,1
20091,84,77,7,7
20092,82,74,8,8
20093,65,64,1,1
20094,113,104,9,9
20095,78,103,-25,25
20096,54,57,-3,3
20097,94,104,-10,10
20098,59,62,-3,3
20099,117,128,-11,11
20100,78,66,12,12
20101,48,49,-1,1
20102,54,61,-7,7
20103,99,100,-1,1
20104,71,66,5,5
20105,136,126,10,10
20106,45,61,-16,16
20107,84,78,6,6
20108,82,81,1,1
20109,45,49,-4,4
20110,125,97,28,28
20111,50,57,-7,7
20112,71,70,1,1
20113,89,79,10,10
20114,61,69,-8,8
20115,105,97,8,8
20116,143,140,3,3
20117,185,177,8,8
20118,48,60,-12,12
20119,98,92,6,6
20120,38,58,-20,20
20121,92,79,13,13
20122,139,131,8,8
20123,99,88,11,11
20124,106,101,5,5
20125,60,78,-18,18
20126,96,74,22,22
20127,138,146,-8,8
20128,83,71,12,12
20129,152,117,35,35
20130,115,116,-1,1
20131,84,100,-16,16
20132,133,125,8,8
20133,128,118,10,10
20134,78,76,2,2
20135,93,90,3,3
20136,105,97,8,8
20137,90,93,-3,3
20138,205,211,-6,6
20139,80,76,4,4
20140,80,83,-3,3
20141,118,99,19,19
20142,60,74,-14,14
20143,101,88,13,13
20144,95,83,12,12
20145,130,139,-9,9
20146,113,103,10,10
20147,79,87,-8,8
20148,88,84,4,4
20149,109,104,5,5
20150,98,90,8,8
20151,70,64,6,6
20152,92,98,-6,6
20153,157,175,-18,18
20154,44,64,-20,20
20155,95,95,0,0
20156,87,77,10,10
20157,109,98,11,11
20158,111,114,-3,3
20159,86,83,3,3
20160,149,155,-6,6
20161,111,102,9,9
20162,45,58,-13,13
20163,150,151,-1,1
20164,89,73,16,16
20165,67,70,-3,3
20166,87,80,7,7
20167,150,142,8,8
20168,124,105,19,19
20169,96,99,-3,3
20170,125,124,1,1
20171,116,125,-9,9
20172,80,86,-6,6
20173,156,135,21,21
20174,159,162,-3,3
20175,108,102,6,6
20176,90,92,-2,2
20177,117,105,12,12
20178,139,132,7,7
20179,87,86,1,1
20180,79,77,2,2
20181,103,99,4,4
20182,157,145,12,12
20183,159,178,-19,19
20184,46,79,-33,33
20185,84,86,-2,2
20186,62,70,-8,8
20187,99,94,5,5
20188,62,71,-9,9
20189,87,101,-14,14
20190,186,169,17,17
20191,104,95,9,9
20192,83,84,-1,1
20193,82,82,0,0
20194,82,86,-4,4
20195,116,119,-3,3
20196,48,57,-9,9
20197,72,89,-17,17
20198,81,80,1,1
20199,89,94,-5,5
20200,66,65,1,1
20201,99,91,8,8
20202,97,91,6,6
20203,83,74,9,9
20204,57,56,1,1
20205,95,92,3,3
20206,81,82,-1,1
20207,77,85,-8,8
20208,65,59,6,6
20209,109,102,7,7
20210,58,61,-3,3
20211,38,53,-15,15
20212,109,109,0,0
20213,128,125,3,3
20214,68,62,6,6
20215,134,131,3,3
20216,80,79,1,1
20217,197,185,12,12
20218,105,103,2,2
20219,78,76,2,2
20220,99,117,-18,18
20221,88,93,-5,5
20222,105,94,11,11
20223,63,87,-24,24
20224,76,101,-25,25
20225,80,83,-3,3
20226,68,72,-4,4
20227,97,88,9,9
20228,107,102,5,5
20229,96,85,11,11
20230,120,128,-8,8
20231,110,96,14,14
20232,67,71,-4,4
20233,154,143,11,11
20234,133,124,9,9
20235,98,94,4,4
20236,93,88,5,5
20237,93,89,4,4
20238,95,101,-6,6
20239,96,97,-1,1
20240,66,71,-5,5
20241,54,61,-7,7
20242,89,87,2,2
20243,165,159,6,6
20244,189,194,-5,5
20245,62,69,-7,7
20246,49,48,1,1
20247,59,64,-5,5
20248,82,74,8,8
20249,75,71,4,4
20250,121,115,6,6
20251,116,86,30,30
20252,185,173,12,12
20253,139,140,-1,1
20254,73,76,-3,3
20255,147,144,3,3
20256,109,115,-6,6
20257,119,117,2,2
20258,83,70,13,13
20259,122,124,-2,2
20260,84,88,-4,4
20261,130,124,6,6
20262,137,146,-9,9
20263,96,96,0,0
20264,81,78,3,3
20265,123,112,11,11
20266,83,65,18,18
20267,104,101,3,3
20268,121,103,18,18
20269,130,132,-2,2
20270,104,93,11,11
20271,107,108,-1,1
20272,121,107,14,14
20273,76,71,5,5
20274,59,54,5,5
20275,127,134,-7,7
20276,179,191,-12,12
20277,70,74,-4,4
20278,83,85,-2,2
20279,83,93,-10,10
20280,52,66,-14,14
20281,58,66,-8,8
20282,116,118,-2,2
20283,57,65,-8,8
20284,107,89,18,18
20285,164,160,4,4
20286,110,95,15,15
20287,101,98,3,3
20288,159,158,1,1
20289,103,109,-6,6
20290,133,149,-16,16
20291,59,72,-13,13
20292,93,101,-8,8
20293,129,117,12,12
20294,49,63,-14,14
20295,98,90,8,8
20296,100,94,6,6
20297,131,123,8,8
20298,140,148,-8,8
20299,87,88,-1,1
20300,138,129,9,9
20301,145,151,-6,6
20302,124,120,4,4
20303,111,103,8,8
20304,128,118,10,10
20305,83,67,16,16
20306,90,100,-10,10
20307,96,97,-1,1
20308,160,165,-5,5
20309,75,74,1,1
20310,83,85,-2,2
20311,115,113,2,2
20312,78,79,-1,1
20313,91,83,8,8
20314,60,56,4,4
20315,92,87,5,5
20316,107,89,18,18
20317,94,101,-7,7
20318,75,101,-26,26
20319,60,55,5,5
20320,58,69,-11,11
20321,103,106,-3,3
20322,68,68,0,0
20323,141,129,12,12
20324,89,99,-10,10
20325,172,148,24,24
20326,147,154,-7,7
20327,94,78,16,16
20328,128,121,7,7
20329,76,77,-1,1
20330,97,85,12,12
20331,110,106,4,4
20332,89,93,-4,4
20333,72,69,3,3
20334,104,103,1,1
20335,82,92,-10,10
20336,87,84,3,3
20337,96,88,8,8
20338,94,96,-2,2
20339,158,149,9,9
20340,102,100,2,2
20341,62,70,-8,8
20342,53,63,-10,10
20343,98,92,6,6
20344,96,87,9,9
20345,79,78,1,1
20346,131,117,14,14
20347,44,51,-7,7
20348,102,95,7,7
20349,69,89,-20,20
20350,106,112,-6,6
20351,128,138,-10,10
20352,49,52,-3,3
20353,123,114,9,9
20354,191,168,23,23
20355,116,107,9,9
20356,127,119,8,8
20357,42,50,-8,8
20358,124,100,24,24
20359,92,102,-10,10
20360,143,129,14,14
20361,68,69,-1,1
20362,111,101,10,10
20363,120,129,-9,9
20364,93,85,8,8
20365,46,57,-11,11
20366,116,113,3,3
20367,84,77,7,7
20368,39,47,-8,8
20369,70,72,-2,2
20370,59,72,-13,13
20371,107,124,-17,17
20372,59,54,5,5
20373,115,106,9,9
20374,92,106,-14,14
20375,105,115,-10,10
20376,110,93,17,17
20377,60,64,-4,4
20378,119,101,18,18
20379,106,116,-10,10
20380,90,84,6,6
20381,63,68,-5,5
20382,103,95,8,8
20383,105,109,-4,4
20384,98,99,-1,1
20385,48,69,-21,21
20386,110,133,-23,23
20387,119,100,19,19
20388,86,87,-1,1
20389,82,98,-16,16
20390,65,70,-5,5
20391,89,88,1,1
20392,118,124,-6,6
20393,146,132,14,14
20394,65,62,3,3
20395,125,123,2,2
20396,87,88,-1,1
20397,89,89,0,0
20398,75,70,5,5
20399,87,83,4,4
20400,130,133,-3,3
20401,51,56,-5,5
20402,129,133,-4,4
20403,81,67,14,14
20404,80,83,-3,3
20405,66,63,3,3
20406,47,56,-9,9
20407,103,105,-2,2
20408,77,73,4,4
20409,60,67,-7,7
20410,133,122,11,11
20411,66,62,4,4
20412,161,146,15,15
20413,101,118,-17,17
20414,80,82,-2,2
20415,124,128,-4,4
20416,140,118,22,22
20417,120,111,9,9
20418,141,130,11,11
20419,90,85,5,5
20420,54,60,-6,6
20421,63,58,5,5
20422,115,118,-3,3
20423,59,71,-12,12
20424,68,72,-4,4
20425,51,56,-5,5
20426,56,64,-8,8
20427,69,79,-10,10
20428,71,76,-5,5
20429,103,104,-1,1
20430,94,93,1,1
20431,157,173,-16,16
20432,122,115,7,7
20433,111,106,5,5
20434,120,126,-6,6
20435,103,87,16,16
20436,62,61,1,1
20437,130,132,-2,2
20438,81,87,-6,6
20439,166,145,21,21
20440,79,80,-1,1
20441,90,91,-1,1
20442,91,92,-1,1
20443,44,50,-6,6
20444,87,92,-5,5
20445,117,111,6,6
20446,101,104,-3,3
20447,106,110,-4,4
20448,102,89,13,13
20449,74,78,-4,4
20450,175,172,3,3
20451,71,82,-11,11
20452,122,115,7,7
20453,165,167,-2,2
20454,134,120,14,14
20455,192,154,38,38
20456,80,76,4,4
20457,65,58,7,7
20458,105,103,2,2
20459,121,113,8,8
20460,84,85,-1,1
20461,106,111,-5,5
20462,91,84,7,7
20463,174,187,-13,13
20464,64,56,8,8
20465,58,75,-17,17
20466,76,71,5,5
20467,70,77,-7,7
20468,143,133,10,10
20469,92,94,-2,2
20470,94,85,9,9
20471,95,90,5,5
20472,119,108,11,11
20473,101,79,22,22
20474,110,101,9,9
20475,144,159,-15,15
20476,129,144,-15,15
20477,79,71,8,8
20478,99,103,-4,4
20479,85,79,6,6
20480,142,128,14,14
20481,77,86,-9,9
20482,62,63,-1,1
20483,122,122,0,0
20484,106,104,2,2
20485,52,49,3,3
20486,79,69,10,10
20487,95,90,5,5
20488,77,79,-2,2
20489,89,86,3,3
20490,70,68,2,2
20491,97,93,4,4
20492,100,101,-1,1
20493,79,71,8,8
20494,138,146,-8,8
20495,123,111,12,12
20496,152,131,21,21
20497,135,124,11,11
20498,83,84,-1,1
20499,118,104,14,14
20500,91,86,5,5
20501,83,90,-7,7
20502,77,75,2,2
20503,69,72,-3,3
20504,68,69,-1,1
20505,139,137,2,2
20506,171,162,9,9
20507,80,77,3,3
20508,83,78,5,5
20509,108,95,13,13
20510,92,93,-1,1
20511,59,68,-9,9
20512,74,72,2,2
20513,62,59,3,3
20514,138,128,10,10
20515,55,62,-7,7
20516,85,78,7,7
20517,77,67,10,10
20518,39,45,-6,6
20519,65,74,-9,9
20520,109,109,0,0
20521,91,100,-9,9
20522,74,66,8,8
20523,74,76,-2,2
20524,154,140,14,14
20525,153,135,18,18
20526,40,64,-24,24
20527,110,111,-1,1
20528,63,60,3,3
20529,114,108,6,6
20530,114,124,-10,10
20531,62,67,-5,5
20532,81,77,4,4
20533,49,62,-13,13
20534,63,64,-1,1
20535,93,89,4,4
20536,76,69,7,7
20537,146,150,-4,4
20538,87,81,6,6
20539,162,155,7,7
20540,91,104,-13,13
20541,107,124,-17,17
20542,82,87,-5,5
20543,97,94,3,3
20544,42,55,-13,13
20545,81,81,0,0
20546,115,102,13,13
20547,120,110,10,10
20548,62,67,-5,5
20549,131,138,-7,7
20550,82,85,-3,3
20551,59,65,-6,6
20552,127,130,-3,3
20553,100,94,6,6
20554,92,81,11,11
20555,55,59,-4,4
20556,111,98,13,13
20557,92,86,6,6
20558,111,112,-1,1
20559,189,159,30,30
20560,93,74,19,19
20561,61,62,-1,1
20562,50,51,-1,1
20563,62,67,-5,5
20564,46,48,-2,2
20565,145,151,-6,6
20566,82,78,4,4
20567,83,76,7,7
20568,78,73,5,5
20569,69,71,-2,2
20570,117,120,-3,3
20571,142,134,8,8
20572,111,107,4,4
20573,72,62,10,10
20574,95,79,16,16
20575,141,125,16,16
20576,179,164,15,15
20577,85,95,-10,10
20578,286,202,84,84
20579,87,77,10,10
20580,93,95,-2,2
20581,87,79,8,8
20582,49,57,-8,8
20583,87,87,0,0
20584,143,113,30,30
20585,98,103,-5,5
20586,70,73,-3,3
20587,112,124,-12,12
20588,53,67,-14,14
20589,55,54,1,1
20590,88,81,7,7
20591,113,108,5,5
20592,86,84,2,2
20593,59,40,19,19
20594,62,62,0,0
20595,71,79,-8,8
20596,102,123,-21,21
20597,69,79,-10,10
20598,117,116,1,1
20599,79,70,9,9
20600,131,133,-2,2
20601,45,58,-13,13
20602,81,77,4,4
20603,62,80,-18,18
20604,82,92,-10,10
20605,86,77,9,9
20606,52,58,-6,6
20607,79,76,3,3
20608,108,100,8,8
20609,62,75,-13,13
20610,94,92,2,2
20611,74,87,-13,13
20612,136,127,9,9
20613,151,137,14,14
20614,145,160,-15,15
20615,99,96,3,3
20616,169,189,-20,20
20617,69,72,-3,3
20618,54,62,-8,8
20619,93,88,5,5
20620,106,105,1,1
20621,77,74,3,3
20622,100,115,-15,15
20623,96,99,-3,3
20624,56,51,5,5
20625,99,96,3,3
20626,115,122,-7,7
20627,90,92,-2,2
20628,56,65,-9,9
20629,83,74,9,9
20630,117,104,13,13
20631,75,79,-4,4
20632,88,85,3,3
20633,80,82,-2,2
20634,150,129,21,21
20635,126,107,19,19
20636,92,78,14,14
20637,117,114,3,3
20638,75,77,-2,2
20639,92,83,9,9
20640,72,78,-6,6
20641,45,64,-19,19
20642,55,70,-15,15
20643,123,143,-20,20
20644,127,117,10,10
20645,128,133,-5,5
20646,161,155,6,6
20647,130,119,11,11
20648,87,78,9,9
20649,223,194,29,29
20650,79,78,1,1
20651,155,135,20,20
20652,77,76,1,1
20653,82,75,7,7
20654,101,99,2,2
20655,89,87,2,2
20656,106,111,-5,5
20657,68,67,1,1
20658,98,93,5,5
20659,102,104,-2,2
20660,88,74,14,14
20661,102,94,8,8
20662,173,169,4,4
20663,52,65,-13,13
20664,114,111,3,3
20665,85,79,6,6
20666,86,86,0,0
20667,77,63,14,14
20668,81,81,0,0
20669,89,75,14,14
20670,149,137,12,12
20671,68,70,-2,2
20672,77,73,4,4
20673,83,76,7,7
20674,71,70,1,1
20675,71,69,2,2
20676,91,91,0,0
20677,56,65,-9,9
20678,80,80,0,0
20679,129,113,16,16
20680,95,87,8,8
20681,114,99,15,15
20682,149,140,9,9
20683,74,67,7,7
20684,84,66,18,18
20685,72,78,-6,6
20686,119,110,9,9
20687,82,66,16,16
20688,94,120,-26,26
20689,89,92,-3,3
20690,45,50,-5,5
20691,77,71,6,6
20692,169,182,-13,13
20693,100,78,22,22
20694,114,101,13,13
20695,95,90,5,5
20696,97,108,-11,11
20697,224,232,-8,8
20698,96,89,7,7
20699,66,62,4,4
20700,97,89,8,8
20701,113,110,3,3
20702,107,113,-6,6
20703,59,65,-6,6
20704,148,164,-16,16
20705,66,56,10,10
20706,151,149,2,2
20707,87,84,3,3
20708,119,109,10,10
20709,63,63,0,0
20710,122,114,8,8
20711,75,71,4,4
20712,142,132,10,10
20713,33,51,-18,18
20714,86,89,-3,3
20715,33,51,-18,18
20716,144,116,28,28
20717,124,115,9,9
20718,77,73,4,4
20719,144,139,5,5
20720,88,95,-7,7
20721,87,88,-1,1
20722,45,50,-5,5
20723,104,90,14,14
20724,70,70,0,0
20725,87,83,4,4
20726,139,143,-4,4
20727,136,136,0,0
20728,85,74,11,11
20729,106,109,-3,3
20730,134,122,12,12
20731,98,91,7,7
20732,77,80,-3,3
20733,131,134,-3,3
20734,125,154,-29,29
20735,76,73,3,3
20736,110,100,10,10
20737,123,117,6,6
20738,56,50,6,6
20739,62,63,-1,1
20740,59,58,1,1
20741,96,100,-4,4
20742,107,92,15,15
20743,126,134,-8,8
20744,114,116,-2,2
20745,85,85,0,0
20746,63,59,4,4
20747,59,76,-17,17
20748,80,75,5,5
20749,93,86,7,7
20750,82,87,-5,5
20751,73,77,-4,4
20752,133,127,6,6
20753,145,130,15,15
20754,78,72,6,6
20755,89,83,6,6
20756,81,69,12,12
20757,100,99,1,1
20758,129,131,-2,2
20759,80,84,-4,4
20760,122,116,6,6
20761,26,53,-27,27
20762,151,158,-7,7
20763,118,123,-5,5
20764,146,138,8,8
20765,75,69,6,6
20766,80,95,-15,15
20767,52,64,-12,12
20768,128,111,17,17
20769,76,88,-12,12
20770,73,73,0,0
20771,55,89,-34,34
20772,94,85,9,9
20773,115,107,8,8
20774,70,69,1,1
20775,125,113,12,12
20776,50,61,-11,11
20777,90,92,-2,2
20778,110,101,9,9
20779,120,127,-7,7
20780,62,72,-10,10
20781,78,87,-9,9
20782,132,133,-1,1
20783,46,48,-2,2
20784,140,148,-8,8
20785,97,87,10,10
20786,53,58,-5,5
20787,93,98,-5,5
20788,145,138,7,7
20789,84,85,-1,1
20790,121,123,-2,2
20791,124,124,0,0
20792,65,66,-1,1
20793,129,137,-8,8
20794,111,110,1,1
20795,81,70,11,11
20796,87,70,17,17
20797,64,62,2,2
20798,92,85,7,7
20799,74,73,1,1
20800,78,72,6,6
20801,72,69,3,3
20802,101,95,6,6
20803,35,50,-15,15
20804,171,171,0,0
20805,54,62,-8,8
20806,155,170,-15,15
20807,151,157,-6,6
20808,45,57,-12,12
20809,87,87,0,0
20810,115,104,11,11
20811,75,66,9,9
20812,89,90,-1,1
20813,134,127,7,7
20814,65,67,-2,2
20815,51,56,-5,5
20816,33,50,-17,17
20817,85,95,-10,10
20818,114,112,2,2
20819,120,117,3,3
20820,83,87,-4,4
20821,106,107,-1,1
20822,41,55,-14,14
20823,101,111,-10,10
20824,134,119,15,15
20825,132,125,7,7
20826,53,55,-2,2
20827,89,82,7,7
20828,120,121,-1,1
20829,106,113,-7,7
20830,165,135,30,30
20831,59,68,-9,9
20832,77,69,8,8
20833,105,95,10,10
20834,113,116,-3,3
20835,85,84,1,1
20836,57,57,0,0
20837,101,103,-2,2
20838,109,97,12,12
20839,129,125,4,4
20840,75,82,-7,7
20841,143,140,3,3
20842,48,63,-15,15
20843,115,120,-5,5
20844,57,104,-47,47
20845,76,69,7,7
20846,79,76,3,3
20847,107,108,-1,1
20848,61,73,-12,12
20849,134,139,-5,5
20850,93,79,14,14
20851,141,152,-11,11
20852,81,70,11,11
20853,65,64,1,1
20854,148,148,0,0
20855,70,76,-6,6
20856,78,88,-10,10
20857,46,56,-10,10
20858,108,105,3,3
20859,94,92,2,2
20860,165,161,4,4
20861,83,87,-4,4
20862,131,134,-3,3
20863,91,81,10,10
20864,86,115,-29,29
20865,99,97,2,2
20866,111,96,15,15
20867,93,87,6,6
20868,82,58,24,24
20869,60,71,-11,11
20870,89,83,6,6
20871,153,158,-5,5
20872,102,101,1,1
20873,92,98,-6,6
20874,102,95,7,7
20875,118,121,-3,3
20876,75,67,8,8
20877,176,159,17,17
20878,129,122,7,7
20879,69,77,-8,8
20880,83,75,8,8
20881,124,118,6,6
20882,68,52,16,16
20883,102,90,12,12
20884,63,61,2,2
20885,96,107,-11,11
20886,120,127,-7,7
20887,75,78,-3,3
20888,111,114,-3,3
20889,181,170,11,11
20890,82,80,2,2
20891,132,127,5,5
20892,48,76,-28,28
20893,75,74,1,1
20894,64,69,-5,5
20895,41,44,-3,3
20896,64,74,-10,10
20897,97,90,7,7
20898,77,82,-5,5
20899,91,87,4,4
20900,51,62,-11,11
20901,68,70,-2,2
20902,121,123,-2,2
20903,86,83,3,3
20904,59,70,-11,11
20905,107,109,-2,2
20906,84,95,-11,11
20907,55,60,-5,5
20908,76,86,-10,10
20909,93,82,11,11
20910,40,54,-14,14
20911,118,100,18,18
20912,156,156,0,0
20913,126,124,2,2
20914,74,66,8,8
20915,96,99,-3,3
20916,121,119,2,2
20917,76,68,8,8
20918,122,130,-8,8
20919,89,81,8,8
20920,59,52,7,7
20921,84,66,18,18
20922,83,82,1,1
20923,73,72,1,1
20924,63,67,-4,4
20925,64,69,-5,5
20926,125,115,10,10
20927,101,82,19,19
20928,122,125,-3,3
20929,63,59,4,4
20930,107,106,1,1
20931,68,61,7,7
20932,74,65,9,9
20933,102,100,2,2
20934,119,121,-2,2
20935,106,88,18,18
20936,66,74,-8,8
20937,87,89,-2,2
20938,85,85,0,0
20939,66,60,6,6
20940,145,136,9,9
20941,180,156,24,24
20942,75,77,-2,2
20943,63,71,-8,8
20944,144,142,2,2
20945,66,67,-1,1
20946,49,55,-6,6
20947,98,89,9,9
20948,77,70,7,7
20949,105,96,9,9
20950,81,99,-18,18
20951,92,88,4,4
20952,104,113,-9,9
20953,151,141,10,10
20954,51,55,-4,4
20955,124,137,-13,13
20956,84,82,2,2
20957,58,66,-8,8
20958,108,99,9,9
20959,41,49,-8,8
20960,151,142,9,9
20961,113,101,12,12
20962,138,130,8,8
20963,70,76,-6,6
20964,106,103,3,3
20965,95,104,-9,9
20966,121,126,-5,5
20967,66,74,-8,8
20968,98,97,1,1
20969,70,74,-4,4
20970,142,137,5,5
20971,139,150,-11,11
20972,62,56,6,6
20973,138,147,-9,9
20974,70,74,-4,4
20975,138,111,27,27
20976,105,93,12,12
20977,61,64,-3,3
20978,113,113,0,0
20979,173,154,19,19
20980,94,86,8,8
20981,90,87,3,3
20982,112,100,12,12
20983,43,51,-8,8
20984,140,151,-11,11
20985,197,229,-32,32
20986,116,101,15,15
20987,229,198,31,31
20988,119,119,0,0
20989,80,67,13,13
20990,115,113,2,2
20991,61,73,-12,12
20992,41,65,-24,24
20993,101,90,11,11
20994,185,193,-8,8
20995,46,57,-11,11
20996,221,227,-6,6
20997,113,105,8,8
20998,60,66,-6,6
20999,116,93,23,23
21000,125,120,5,5
21001,99,97,2,2
21002,97,119,-22,22
21003,171,153,18,18
21004,79,84,-5,5
21005,73,76,-3,3
21006,80,83,-3,3
21007,148,137,11,11
21008,111,121,-10,10
21009,110,112,-2,2
21010,84,94,-10,10
21011,60,69,-9,9
21012,94,75,19,19
21013,57,66,-9,9
21014,118,109,9,9
21015,115,107,8,8
21016,118,134,-16,16
21017,133,121,12,12
21018,67,68,-1,1
21019,148,149,-1,1
21020,34,76,-42,42
21021,59,52,7,7
21022,71,70,1,1
21023,59,63,-4,4
21024,58,76,-18,18
21025,61,63,-2,2
21026,105,95,10,10
21027,144,141,3,3
21028,135,133,2,2
21029,120,108,12,12
21030,180,171,9,9
21031,177,163,14,14
21032,115,125,-10,10
21033,138,136,2,2
21034,113,93,20,20
21035,97,89,8,8
21036,88,86,2,2
21037,108,118,-10,10
21038,106,103,3,3
21039,81,77,4,4
21040,105,102,3,3
21041,30,54,-24,24
21042,97,91,6,6
21043,39,55,-16,16
21044,57,60,-3,3
21045,92,110,-18,18
21046,85,71,14,14
21047,94,85,9,9
21048,165,159,6,6
21049,119,114,5,5
21050,120,110,10,10
21051,139,128,11,11
21052,42,50,-8,8
21053,78,74,4,4
21054,78,78,0,0
21055,73,69,4,4
21056,84,81,3,3
21057,159,153,6,6
21058,84,78,6,6
21059,133,128,5,5
21060,87,91,-4,4
21061,147,141,6,6
21062,83,75,8,8
21063,51,28,23,23
21064,107,100,7,7
21065,62,59,3,3
21066,94,84,10,10
21067,62,59,3,3
21068,79,74,5,5
21069,177,156,21,21
21070,104,76,28,28
21071,85,94,-9,9
21072,100,83,17,17
21073,69,70,-1,1
21074,119,124,-5,5
21075,90,73,17,17
21076,82,82,0,0
21077,54,56,-2,2
21078,115,107,8,8
21079,74,65,9,9
21080,113,104,9,9
21081,56,56,0,0
21082,68,72,-4,4
21083,195,198,-3,3
21084,150,135,15,15
21085,62,81,-19,19
21086,71,74,-3,3
21087,81,78,3,3
21088,131,130,1,1
21089,90,93,-3,3
21090,86,93,-7,7
21091,168,168,0,0
21092,101,92,9,9
21093,109,101,8,8
21094,71,107,-36,36
21095,67,66,1,1
21096,115,115,0,0
21097,95,103,-8,8
21098,84,71,13,13
21099,74,75,-1,1
21100,69,60,9,9
21101,63,62,1,1
21102,127,113,14,14
21103,82,87,-5,5
21104,78,71,7,7
21105,78,72,6,6
21106,147,140,7,7
21107,96,85,11,11
21108,72,79,-7,7
21109,65,64,1,1
21110,107,113,-6,6
21111,119,115,4,4
21112,101,86,15,15
21113,162,153,9,9
21114,119,111,8,8
21115,93,94,-1,1
21116,102,100,2,2
21117,145,143,2,2
21118,94,78,16,16
21119,83,91,-8,8
21120,166,154,12,12
21121,63,70,-7,7
21122,90,92,-2,2
21123,53,56,-3,3
21124,103,104,-1,1
21125,117,110,7,7
21126,99,93,6,6
21127,44,63,-19,19
21128,149,148,1,1
21129,104,98,6,6
21130,225,238,-13,13
21131,101,92,9,9
21132,101,106,-5,5
21133,76,76,0,0
21134,80,78,2,2
21135,70,69,1,1
21136,130,100,30,30
21137,148,137,11,11
21138,70,77,-7,7
21139,137,150,-13,13
21140,59,59,0,0
21141,71,72,-1,1
21142,134,131,3,3
21143,116,106,10,10
21144,104,98,6,6
21145,63,69,-6,6
21146,61,64,-3,3
21147,89,110,-21,21
21148,61,56,5,5
21149,97,84,13,13
21150,102,88,14,14
21151,63,67,-4,4
21152,165,159,6,6
21153,88,89,-1,1
21154,112,92,20,20
21155,90,88,2,2
21156,179,183,-4,4
21157,89,86,3,3
21158,19,55,-36,36
21159,123,121,2,2
21160,111,136,-25,25
21161,89,77,12,12
21162,86,88,-2,2
21163,92,90,2,2
21164,93,86,7,7
21165,91,86,5,5
21166,70,72,-2,2
21167,105,100,5,5
21168,85,79,6,6
21169,78,68,10,10
21170,112,106,6,6
21171,96,94,2,2
21172,54,63,-9,9
21173,121,109,12,12
21174,131,124,7,7
21175,66,69,-3,3
21176,61,68,-7,7
21177,80,80,0,0
21178,89,84,5,5
21179,74,63,11,11
21180,65,78,-13,13
21181,101,102,-1,1
21182,97,83,14,14
21183,108,109,-1,1
21184,96,103,-7,7
21185,132,121,11,11
21186,62,62,0,0
21187,82,62,20,20
21188,154,135,19,19
21189,82,82,0,0
21190,50,53,-3,3
21191,68,65,3,3
21192,124,133,-9,9
21193,74,68,6,6
21194,149,154,-5,5
21195,59,75,-16,16
21196,56,60,-4,4
21197,58,64,-6,6
21198,151,168,-17,17
21199,113,107,6,6
21200,74,101,-27,27
21201,71,69,2,2
21202,86,80,6,6
21203,65,58,7,7
21204,69,92,-23,23
21205,161,162,-1,1
21206,89,93,-4,4
21207,36,57,-21,21
21208,55,70,-15,15
21209,97,88,9,9
21210,89,77,12,12
21211,64,58,6,6
21212,98,97,1,1
21213,89,86,3,3
21214,44,47,-3,3
21215,162,152,10,10
21216,126,132,-6,6
21217,82,82,0,0
21218,77,89,-12,12
21219,81,77,4,4
21220,137,138,-1,1
21221,69,70,-1,1
21222,86,78,8,8
21223,67,71,-4,4
21224,101,96,5,5
21225,74,75,-1,1
21226,71,65,6,6
21227,66,69,-3,3
21228,104,102,2,2
21229,111,134,-23,23
21230,86,86,0,0
21231,96,96,0,0
21232,79,80,-1,1
21233,183,198,-15,15
21234,89,81,8,8
21235,133,126,7,7
21236,80,80,0,0
21237,72,69,3,3
21238,109,88,21,21
21239,107,97,10,10
21240,84,80,4,4
21241,67,72,-5,5
21242,102,98,4,4
21243,66,193,-127,127
21244,132,139,-7,7
21245,103,97,6,6
21246,91,83,8,8
21247,111,119,-8,8
21248,110,106,4,4
21249,156,146,10,10
21250,44,55,-11,11
21251,48,57,-9,9
21252,79,85,-6,6
21253,58,53,5,5
21254,134,124,10,10
21255,105,98,7,7
21256,79,76,3,3
21257,124,160,-36,36
21258,109,96,13,13
21259,79,66,13,13
21260,66,71,-5,5
21261,93,80,13,13
21262,93,84,9,9
21263,85,91,-6,6
21264,92,84,8,8
21265,103,102,1,1
21266,104,96,8,8
21267,108,109,-1,1
21268,82,83,-1,1
21269,92,88,4,4
21270,41,53,-12,12
21271,47,54,-7,7
21272,79,85,-6,6
21273,101,105,-4,4
21274,66,65,1,1
21275,83,74,9,9
21276,89,86,3,3
21277,55,59,-4,4
21278,137,126,11,11
21279,92,85,7,7
21280,131,127,4,4
21281,99,93,6,6
21282,100,111,-11,11
21283,82,75,7,7
21284,57,57,0,0
21285,74,83,-9,9
21286,79,82,-3,3
21287,83,76,7,7
21288,118,114,4,4
21289,133,163,-30,30
21290,129,120,9,9
21291,70,79,-9,9
21292,145,142,3,3
21293,149,112,37,37
21294,113,117,-4,4
21295,56,59,-3,3
21296,44,51,-7,7
21297,89,96,-7,7
21298,90,86,4,4
21299,74,72,2,2
21300,117,106,11,11
21301,65,60,5,5
21302,48,54,-6,6
21303,92,84,8,8
21304,72,60,12,12
21305,83,68,15,15
21306,63,63,0,0
21307,135,132,3,3
21308,147,163,-16,16
21309,142,156,-14,14
21310,122,110,12,12
21311,77,76,1,1
21312,106,102,4,4
21313,65,70,-5,5
21314,70,79,-9,9
21315,124,116,8,8
21316,100,95,5,5
21317,56,59,-3,3
21318,72,64,8,8
21319,83,74,9,9
21320,66,65,1,1
21321,45,50,-5,5
21322,162,161,1,1
21323,85,75,10,10
21324,115,112,3,3
21325,122,118,4,4
21326,72,65,7,7
21327,68,72,-4,4
21328,65,67,-2,2
21329,84,85,-1,1
21330,161,146,15,15
21331,149,136,13,13
21332,109,98,11,11
21333,57,64,-7,7
21334,85,73,12,12
21335,100,96,4,4
21336,171,139,32,32
21337,73,81,-8,8
21338,78,76,2,2
21339,67,78,-11,11
21340,122,137,-15,15
21341,84,79,5,5
21342,171,163,8,8
21343,87,92,-5,5
21344,140,119,21,21
21345,86,86,0,0
21346,85,89,-4,4
21347,50,59,-9,9
21348,78,81,-3,3
21349,67,56,11,11
21350,81,76,5,5
21351,75,66,9,9
21352,91,88,3,3
21353,119,111,8,8
21354,138,138,0,0
21355,58,51,7,7
21356,137,129,8,8
21357,88,91,-3,3
21358,122,119,3,3
21359,106,99,7,7
21360,101,95,6,6
21361,88,95,-7,7
21362,83,73,10,10
21363,80,67,13,13
21364,111,111,0,0
21365,183,176,7,7
21366,73,63,10,10
21367,97,99,-2,2
21368,55,62,-7,7
21369,116,126,-10,10
21370,78,68,10,10
21371,99,94,5,5
21372,141,132,9,9
21373,56,61,-5,5
21374,65,64,1,1
21375,72,64,8,8
21376,99,68,31,31
21377,96,84,12,12
21378,69,73,-4,4
21379,94,101,-7,7
21380,98,92,6,6
21381,55,61,-6,6
21382,107,112,-5,5
21383,68,60,8,8
21384,84,89,-5,5
21385,65,58,7,7
21386,177,162,15,15
21387,62,60,2,2
21388,182,177,5,5
21389,72,56,16,16
21390,151,145,6,6
21391,80,78,2,2
21392,122,122,0,0
21393,136,117,19,19
21394,141,133,8,8
21395,88,83,5,5
21396,88,75,13,13
21397,127,119,8,8
21398,92,86,6,6
21399,74,69,5,5
21400,111,105,6,6
21401,204,194,10,10
21402,111,94,17,17
21403,59,59,0,0
21404,129,110,19,19
21405,107,95,12,12
21406,104,88,16,16
21407,76,77,-1,1
21408,113,115,-2,2
21409,110,106,4,4
21410,69,64,5,5
21411,67,66,1,1
21412,85,82,3,3
21413,94,94,0,0
21414,93,85,8,8
21415,90,83,7,7
21416,61,47,14,14
21417,56,60,-4,4
21418,114,102,12,12
21419,71,63,8,8
21420,86,87,-1,1
21421,114,109,5,5
21422,50,57,-7,7
21423,155,148,7,7
21424,108,122,-14,14
21425,104,90,14,14
21426,89,78,11,11
21427,75,70,5,5
21428,149,149,0,0
21429,94,83,11,11
21430,63,79,-16,16
21431,127,134,-7,7
21432,103,100,3,3
21433,90,77,13,13
21434,64,73,-9,9
21435,144,136,8,8
21436,119,107,12,12
21437,45,47,-2,2
21438,78,74,4,4
21439,45,57,-12,12
21440,113,116,-3,3
21441,89,95,-6,6
21442,122,125,-3,3
21443,93,88,5,5
21444,54,57,-3,3
21445,89,74,15,15
21446,85,69,16,16
21447,101,102,-1,1
21448,132,138,-6,6
21449,47,50,-3,3
21450,83,73,10,10
21451,89,75,14,14
21452,77,61,16,16
21453,150,144,6,6
21454,130,111,19,19
21455,85,82,3,3
21456,114,108,6,6
21457,155,149,6,6
21458,63,71,-8,8
21459,94,94,0,0
21460,42,51,-9,9
21461,138,142,-4,4
21462,78,79,-1,1
21463,79,75,4,4
21464,95,98,-3,3
21465,80,74,6,6
21466,80,87,-7,7
21467,39,63,-24,24
21468,143,138,5,5
21469,88,76,12,12
21470,47,54,-7,7
21471,70,70,0,0
21472,174,170,4,4
21473,148,147,1,1
21474,185,167,18,18
21475,122,126,-4,4
21476,138,134,4,4
21477,99,93,6,6
21478,50,52,-2,2
21479,104,87,17,17
21480,69,65,4,4
21481,127,116,11,11
21482,59,67,-8,8
21483,89,84,5,5
21484,81,80,1,1
21485,64,63,1,1
21486,124,117,7,7
21487,75,78,-3,3
21488,102,93,9,9
21489,156,142,14,14
21490,81,82,-1,1
21491,90,82,8,8
21492,58,59,-1,1
21493,153,132,21,21
21494,100,95,5,5
21495,133,121,12,12
21496,133,123,10,10
21497,68,70,-2,2
21498,104,98,6,6
21499,74,68,6,6
21500,138,128,10,10
21501,83,82,1,1
21502,125,137,-12,12
21503,98,87,11,11
21504,92,83,9,9
21505,39,40,-1,1
21506,93,99,-6,6
21507,47,65,-18,18
21508,72,75,-3,3
21509,138,129,9,9
21510,81,83,-2,2
21511,102,94,8,8
21512,146,144,2,2
21513,80,82,-2,2
21514,76,61,15,15
21515,130,136,-6,6
21516,138,118,20,20
21517,69,72,-3,3
21518,134,112,22,22
21519,73,72,1,1
21520,55,62,-7,7
21521,68,78,-10,10
21522,78,91,-13,13
21523,85,83,2,2
21524,118,115,3,3
21525,80,70,10,10
21526,153,159,-6,6
21527,81,66,15,15
21528,85,82,3,3
21529,117,112,5,5
21530,126,131,-5,5
21531,34,52,-18,18
21532,72,68,4,4
21533,138,132,6,6
21534,82,85,-3,3
21535,113,118,-5,5
21536,63,69,-6,6
21537,80,69,11,11
21538,67,62,5,5
21539,117,131,-14,14
21540,120,106,14,14
21541,75,78,-3,3
21542,117,104,13,13
21543,103,97,6,6
21544,149,164,-15,15
21545,169,180,-11,11
21546,85,86,-1,1
21547,91,82,9,9
21548,121,119,2,2
21549,95,111,-16,16
21550,123,128,-5,5
21551,36,58,-22,22
21552,71,66,5,5
21553,106,106,0,0
21554,101,89,12,12
21555,60,80,-20,20
21556,68,65,3,3
21557,76,73,3,3
21558,91,88,3,3
21559,84,81,3,3
21560,97,91,6,6
21561,75,73,2,2
21562,44,55,-11,11
21563,78,60,18,18
21564,55,52,3,3
21565,106,110,-4,4
21566,125,112,13,13
21567,185,168,17,17
21568,148,179,-31,31
21569,156,146,10,10
21570,128,125,3,3
21571,96,90,6,6
21572,99,92,7,7
21573,63,69,-6,6
21574,78,79,-1,1
21575,162,136,26,26
21576,75,68,7,7
21577,103,103,0,0
21578,110,99,11,11
21579,116,112,4,4
21580,51,63,-12,12
21581,126,122,4,4
21582,37,53,-16,16
21583,109,88,21,21
21584,115,118,-3,3
21585,70,65,5,5
21586,94,93,1,1
21587,113,106,7,7
21588,91,89,2,2
21589,71,82,-11,11
21590,55,64,-9,9
21591,63,73,-10,10
21592,59,66,-7,7
21593,81,79,2,2
21594,135,132,3,3
21595,95,92,3,3
21596,67,73,-6,6
21597,80,76,4,4
21598,73,81,-8,8
21599,98,90,8,8
21600,104,87,17,17
21601,63,56,7,7
21602,60,64,-4,4
21603,117,109,8,8
21604,60,60,0,0
21605,127,129,-2,2
21606,121,95,26,26
21607,118,110,8,8
21608,80,77,3,3
21609,77,78,-1,1
21610,104,91,13,13
21611,182,224,-42,42
21612,90,89,1,1
21613,49,52,-3,3
21614,86,82,4,4
21615,88,82,6,6
21616,114,103,11,11
21617,56,51,5,5
21618,66,64,2,2
21619,68,97,-29,29
21620,88,82,6,6
21621,45,65,-20,20
21622,231,223,8,8
21623,136,132,4,4
21624,69,70,-1,1
21625,123,132,-9,9
21626,60,58,2,2
21627,72,72,0,0
21628,84,83,1,1
21629,123,120,3,3
21630,58,70,-12,12
21631,58,62,-4,4
21632,71,59,12,12
21633,97,84,13,13
21634,61,67,-6,6
21635,57,64,-7,7
21636,172,180,-8,8
21637,62,66,-4,4
21638,112,95,17,17
21639,126,134,-8,8
21640,85,74,11,11
21641,105,110,-5,5
21642,100,102,-2,2
21643,117,131,-14,14
21644,76,79,-3,3
21645,85,86,-1,1
21646,187,168,19,19
21647,145,135,10,10
21648,64,62,2,2
21649,107,98,9,9
21650,140,134,6,6
21651,46,66,-20,20
21652,63,57,6,6
21653,93,86,7,7
21654,111,107,4,4
21655,60,57,3,3
21656,120,107,13,13
21657,67,64,3,3
21658,157,163,-6,6
21659,133,132,1,1
21660,112,128,-16,16
21661,119,128,-9,9
21662,86,81,5,5
21663,128,131,-3,3
21664,109,106,3,3
21665,133,121,12,12
21666,62,62,0,0
21667,167,158,9,9
21668,122,112,10,10
21669,42,49,-7,7
21670,66,58,8,8
21671,110,113,-3,3
21672,84,94,-10,10
21673,115,119,-4,4
21674,174,166,8,8
21675,85,74,11,11
21676,100,100,0,0
21677,56,66,-10,10
21678,72,68,4,4
21679,87,83,4,4
21680,70,81,-11,11
21681,76,67,9,9
21682,89,86,3,3
21683,69,73,-4,4
21684,175,166,9,9
21685,191,184,7,7
21686,66,66,0,0
21687,145,147,-2,2
21688,127,116,11,11
21689,54,58,-4,4
21690,70,67,3,3
21691,67,75,-8,8
21692,77,69,8,8
21693,119,121,-2,2
21694,38,59,-21,21
21695,77,72,5,5
21696,49,55,-6,6
21697,63,69,-6,6
21698,40,45,-5,5
21699,69,64,5,5
21700,35,65,-30,30
21701,93,77,16,16
21702,61,73,-12,12
21703,50,54,-4,4
21704,113,109,4,4
21705,123,109,14,14
21706,75,74,1,1
21707,94,85,9,9
21708,71,75,-4,4
21709,114,111,3,3
21710,68,67,1,1
21711,129,137,-8,8
21712,61,77,-16,16
21713,92,89,3,3
21714,76,70,6,6
21715,106,89,17,17
21716,123,120,3,3
21717,89,89,0,0
21718,88,94,-6,6
21719,48,60,-12,12
21720,87,85,2,2
21721,53,74,-21,21
21722,120,111,9,9
21723,105,106,-1,1
21724,117,101,16,16
21725,128,117,11,11
21726,173,168,5,5
21727,85,80,5,5
21728,97,84,13,13
21729,101,94,7,7
21730,67,75,-8,8
21731,71,66,5,5
21732,89,80,9,9
21733,85,96,-11,11
21734,83,76,7,7
21735,78,71,7,7
21736,76,80,-4,4
21737,115,109,6,6
21738,68,59,9,9
21739,75,70,5,5
21740,106,84,22,22
21741,76,79,-3,3
21742,123,113,10,10
21743,82,87,-5,5
21744,82,82,0,0
21745,162,143,19,19
21746,64,66,-2,2
21747,66,63,3,3
21748,48,51,-3,3
21749,86,88,-2,2
21750,59,64,-5,5
21751,118,120,-2,2
21752,75,78,-3,3
21753,138,133,5,5
21754,50,51,-1,1
21755,96,74,22,22
21756,68,69,-1,1
21757,83,81,2,2
21758,93,106,-13,13
21759,78,80,-2,2
21760,45,56,-11,11
21761,85,84,1,1
21762,123,109,14,14
21763,42,46,-4,4
21764,84,82,2,2
21765,123,119,4,4
21766,45,62,-17,17
21767,88,85,3,3
21768,85,76,9,9
21769,79,66,13,13
21770,75,74,1,1
21771,125,124,1,1
21772,33,53,-20,20
21773,84,83,1,1
21774,117,125,-8,8
21775,79,73,6,6
21776,190,176,14,14
21777,112,111,1,1
21778,86,82,4,4
21779,115,109,6,6
21780,74,66,8,8
21781,85,78,7,7
21782,28,50,-22,22
21783,45,68,-23,23
21784,115,108,7,7
21785,92,85,7,7
21786,78,65,13,13
21787,129,126,3,3
21788,119,99,20,20
21789,78,81,-3,3
21790,78,74,4,4
21791,211,204,7,7
21792,95,100,-5,5
21793,101,99,2,2
21794,163,154,9,9
21795,168,171,-3,3
21796,109,105,4,4
21797,98,98,0,0
21798,61,66,-5,5
21799,131,137,-6,6
21800,74,64,10,10
21801,66,77,-11,11
21802,130,120,10,10
21803,71,75,-4,4
21804,135,138,-3,3
21805,88,85,3,3
21806,150,181,-31,31
21807,152,135,17,17
21808,117,101,16,16
21809,133,133,0,0
21810,77,74,3,3
21811,75,69,6,6
21812,63,65,-2,2
21813,73,66,7,7
21814,72,78,-6,6
21815,62,80,-18,18
21816,98,100,-2,2
21817,103,93,10,10
21818,167,197,-30,30
21819,73,86,-13,13
21820,68,62,6,6
21821,104,100,4,4
21822,96,102,-6,6
21823,165,156,9,9
21824,128,128,0,0
21825,147,144,3,3
21826,139,144,-5,5
21827,156,140,16,16
21828,86,91,-5,5
21829,78,78,0,0
21830,78,79,-1,1
21831,89,74,15,15
21832,115,105,10,10
21833,122,114,8,8
21834,47,65,-18,18
21835,60,66,-6,6
21836,87,99,-12,12
21837,77,75,2,2
21838,115,96,19,19
21839,105,88,17,17
21840,120,118,2,2
21841,95,88,7,7
21842,103,90,13,13
21843,57,57,0,0
21844,132,120,12,12
21845,118,101,17,17
21846,134,115,19,19
21847,85,94,-9,9
21848,130,133,-3,3
21849,107,112,-5,5
21850,112,101,11,11
21851,63,70,-7,7
21852,176,171,5,5
21853,83,71,12,12
21854,88,91,-3,3
21855,141,121,20,20
21856,121,110,11,11
21857,119,104,15,15
21858,51,61,-10,10
21859,60,63,-3,3
21860,103,90,13,13
21861,122,116,6,6
21862,79,75,4,4
21863,103,85,18,18
21864,86,71,15,15
21865,58,64,-6,6
21866,103,98,5,5
21867,89,81,8,8
21868,94,77,17,17
21869,115,112,3,3
21870,151,173,-22,22
21871,97,93,4,4
21872,88,80,8,8
21873,78,79,-1,1
21874,79,66,13,13
21875,51,51,0,0
21876,77,83,-6,6
21877,98,88,10,10
21878,160,130,30,30
21879,114,105,9,9
21880,95,88,7,7
21881,77,88,-11,11
21882,75,76,-1,1
21883,142,129,13,13
21884,72,72,0,0
21885,150,136,14,14
21886,67,75,-8,8
21887,104,95,9,9
21888,95,102,-7,7
21889,116,108,8,8
21890,43,74,-31,31
21891,98,98,0,0
21892,85,75,10,10
21893,93,95,-2,2
21894,106,104,2,2
21895,99,95,4,4
21896,179,180,-1,1
21897,61,76,-15,15
21898,77,71,6,6
21899,64,55,9,9
21900,90,87,3,3
21901,106,113,-7,7
21902,67,65,2,2
21903,102,105,-3,3
21904,94,51,43,43
21905,92,81,11,11
21906,81,70,11,11
21907,84,85,-1,1
21908,131,133,-2,2
21909,96,105,-9,9
21910,89,83,6,6
21911,107,98,9,9
21912,73,78,-5,5
21913,81,77,4,4
21914,69,74,-5,5
21915,73,69,4,4
21916,150,151,-1,1
21917,115,96,19,19
21918,90,79,11,11
21919,63,59,4,4
21920,138,128,10,10
21921,125,122,3,3
21922,111,115,-4,4
21923,124,109,15,15
21924,37,45,-8,8
21925,114,118,-4,4
21926,67,57,10,10
21927,116,113,3,3
21928,134,149,-15,15
21929,58,66,-8,8
21930,75,69,6,6
21931,119,109,10,10
21932,94,84,10,10
21933,72,71,1,1
21934,144,140,4,4
21935,86,76,10,10
21936,112,114,-2,2
21937,57,62,-5,5
21938,121,129,-8,8
21939,118,112,6,6
21940,79,83,-4,4
21941,53,55,-2,2
21942,61,54,7,7
21943,90,90,0,0
21944,114,114,0,0
21945,101,96,5,5
21946,180,172,8,8
21947,136,167,-31,31
21948,100,92,8,8
21949,107,108,-1,1
21950,95,96,-1,1
21951,75,78,-3,3
21952,86,94,-8,8
21953,71,78,-7,7
21954,126,119,7,7
21955,125,119,6,6
21956,162,167,-5,5
21957,71,79,-8,8
21958,60,65,-5,5
21959,118,123,-5,5
21960,104,63,41,41
21961,117,109,8,8
21962,144,137,7,7
21963,78,78,0,0
21964,95,85,10,10
21965,157,149,8,8
21966,70,69,1,1
21967,68,77,-9,9
21968,125,118,7,7
21969,111,90,21,21
21970,112,101,11,11
21971,118,102,16,16
21972,71,57,14,14
21973,126,105,21,21
21974,96,86,10,10
21975,59,76,-17,17
21976,82,89,-7,7
21977,101,106,-5,5
21978,80,77,3,3
21979,61,67,-6,6
21980,89,102,-13,13
21981,107,98,9,9
21982,55,67,-12,12
21983,99,83,16,16
21984,131,133,-2,2
21985,80,70,10,10
21986,110,98,12,12
21987,94,88,6,6
21988,32,63,-31,31
21989,105,104,1,1
21990,103,103,0,0
21991,152,151,1,1
21992,136,120,16,16
21993,78,75,3,3
21994,68,68,0,0
21995,68,84,-16,16
21996,36,52,-16,16
21997,111,107,4,4
21998,64,62,2,2
21999,70,68,2,2
22000,89,85,4,4
22001,103,97,6,6
22002,79,82,-3,3
22003,175,174,1,1
22004,103,110,-7,7
22005,84,85,-1,1
22006,79,73,6,6
22007,93,94,-1,1
22008,124,116,8,8
22009,106,101,5,5
22010,144,135,9,9
22011,100,89,11,11
22012,70,78,-8,8
22013,122,122,0,0
22014,101,93,8,8
22015,125,113,12,12
22016,94,83,11,11
22017,134,141,-7,7
22018,69,68,1,1
22019,119,112,7,7
22020,106,94,12,12
22021,122,117,5,5
22022,54,57,-3,3
22023,89,78,11,11
22024,76,93,-17,17
22025,86,90,-4,4
22026,144,127,17,17
22027,93,87,6,6
22028,105,100,5,5
22029,101,100,1,1
22030,81,81,0,0
22031,85,70,15,15
22032,157,133,24,24
22033,112,116,-4,4
22034,76,77,-1,1
22035,85,85,0,0
22036,141,123,18,18
22037,87,80,7,7
22038,71,76,-5,5
22039,104,112,-8,8
22040,73,75,-2,2
22041,143,137,6,6
22042,92,93,-1,1
22043,80,78,2,2
22044,98,97,1,1
22045,80,77,3,3
22046,54,68,-14,14
22047,134,161,-27,27
22048,70,67,3,3
22049,114,113,1,1
22050,80,67,13,13
22051,90,80,10,10
22052,82,87,-5,5
22053,103,102,1,1
22054,82,78,4,4
22055,92,88,4,4
22056,82,82,0,0
22057,66,66,0,0
22058,124,163,-39,39
22059,61,65,-4,4
22060,63,67,-4,4
22061,91,91,0,0
22062,72,64,8,8
22063,54,66,-12,12
22064,87,90,-3,3
22065,104,114,-10,10
22066,61,72,-11,11
22067,125,109,16,16
22068,129,132,-3,3
22069,33,49,-16,16
22070,97,97,0,0
22071,73,78,-5,5
22072,154,129,25,25
22073,74,74,0,0
22074,125,126,-1,1
22075,54,58,-4,4
22076,68,69,-1,1
22077,91,79,12,12
22078,68,67,1,1
22079,92,102,-10,10
22080,117,105,12,12
22081,98,100,-2,2
22082,124,111,13,13
22083,71,75,-4,4
22084,66,65,1,1
22085,37,58,-21,21
22086,108,102,6,6
22087,59,62,-3,3
22088,84,82,2,2
22089,162,147,15,15
22090,108,109,-1,1
22091,120,110,10,10
22092,102,110,-8,8
22093,68,75,-7,7
22094,146,122,24,24
22095,116,117,-1,1
22096,66,64,2,2
22097,67,70,-3,3
22098,46,57,-11,11
22099,92,81,11,11
22100,150,137,13,13
22101,58,65,-7,7
22102,103,88,15,15
22103,112,91,21,21
22104,90,97,-7,7
22105,98,91,7,7
22106,54,64,-10,10
22107,76,76,0,0
22108,77,80,-3,3
22109,111,101,10,10
22110,118,114,4,4
22111,125,119,6,6
22112,94,100,-6,6
22113,73,80,-7,7
22114,173,161,12,12
22115,155,160,-5,5
22116,120,133,-13,13
22117,86,85,1,1
22118,115,111,4,4
22119,149,136,13,13
22120,68,86,-18,18
22121,130,110,20,20
22122,65,66,-1,1
22123,63,56,7,7
22124,39,59,-20,20
22125,82,76,6,6
22126,74,61,13,13
22127,57,60,-3,3
22128,105,104,1,1
22129,106,100,6,6
22130,126,150,-24,24
22131,113,100,13,13
22132,109,104,5,5
22133,95,99,-4,4
22134,86,77,9,9
22135,99,92,7,7
22136,65,54,11,11
22137,70,72,-2,2
22138,66,69,-3,3
22139,45,62,-17,17
22140,77,74,3,3
22141,50,74,-24,24
22142,105,116,-11,11
22143,101,95,6,6
22144,62,66,-4,4
22145,82,76,6,6
22146,69,61,8,8
22147,122,137,-15,15
22148,147,153,-6,6
22149,220,221,-1,1
22150,69,66,3,3
22151,93,86,7,7
22152,111,107,4,4
22153,152,144,8,8
22154,124,116,8,8
22155,43,63,-20,20
22156,112,89,23,23
22157,83,87,-4,4
22158,140,139,1,1
22159,110,104,6,6
22160,71,68,3,3
22161,96,108,-12,12
22162,148,158,-10,10
22163,53,47,6,6
22164,120,112,8,8
22165,188,193,-5,5
22166,29,62,-33,33
22167,117,107,10,10
22168,104,102,2,2
22169,81,92,-11,11
22170,124,119,5,5
22171,103,111,-8,8
22172,139,143,-4,4
22173,79,67,12,12
22174,133,142,-9,9
22175,112,113,-1,1
22176,99,105,-6,6
22177,101,87,14,14
22178,75,68,7,7
22179,110,103,7,7
22180,121,115,6,6
22181,110,102,8,8
22182,68,77,-9,9
22183,99,101,-2,2
22184,67,72,-5,5
22185,72,86,-14,14
22186,151,136,15,15
22187,87,92,-5,5
22188,83,75,8,8
22189,58,78,-20,20
22190,56,67,-11,11
22191,72,69,3,3
22192,91,94,-3,3
22193,61,61,0,0
22194,95,76,19,19
22195,101,90,11,11
22196,98,95,3,3
22197,128,133,-5,5
22198,183,162,21,21
22199,68,66,2,2
22200,97,99,-2,2
22201,74,69,5,5
22202,127,128,-1,1
22203,91,88,3,3
22204,95,91,4,4
22205,83,74,9,9
22206,130,123,7,7
22207,143,61,82,82
22208,68,81,-13,13
22209,72,74,-2,2
22210,81,74,7,7
22211,63,63,0,0
22212,92,86,6,6
22213,70,77,-7,7
22214,114,120,-6,6
22215,119,109,10,10
22216,130,130,0,0
22217,94,95,-1,1
22218,104,100,4,4
22219,99,105,-6,6
22220,55,71,-16,16
22221,111,105,6,6
22222,101,97,4,4
22223,86,81,5,5
22224,89,90,-1,1
22225,91,101,-10,10
22226,140,128,12,12
22227,74,71,3,3
22228,82,76,6,6
22229,103,76,27,27
22230,104,97,7,7
22231,75,78,-3,3
22232,92,92,0,0
22233,53,59,-6,6
22234,74,82,-8,8
22235,38,51,-13,13
22236,141,143,-2,2
22237,91,80,11,11
22238,97,85,12,12
22239,115,116,-1,1
22240,141,138,3,3
22241,72,76,-4,4
22242,87,94,-7,7
22243,114,107,7,7
22244,96,87,9,9
22245,68,66,2,2
22246,123,130,-7,7
22247,91,83,8,8
22248,91,84,7,7
22249,116,123,-7,7
22250,49,71,-22,22
22251,57,57,0,0
22252,124,128,-4,4
22253,88,95,-7,7
22254,129,119,10,10
22255,55,63,-8,8
22256,188,182,6,6
22257,64,71,-7,7
22258,71,68,3,3
22259,45,64,-19,19
22260,93,99,-6,6
22261,68,68,0,0
22262,161,186,-25,25
22263,69,74,-5,5
22264,113,117,-4,4
22265,74,81,-7,7
22266,58,66,-8,8
22267,149,154,-5,5
22268,49,60,-11,11
22269,96,92,4,4
22270,122,115,7,7
22271,92,80,12,12
22272,124,120,4,4
22273,93,86,7,7
22274,149,156,-7,7
22275,179,186,-7,7
22276,147,147,0,0
22277,121,115,6,6
22278,62,63,-1,1
22279,50,66,-16,16
22280,54,61,-7,7
22281,104,85,19,19
22282,73,69,4,4
22283,101,96,5,5
22284,71,78,-7,7
22285,90,93,-3,3
22286,71,71,0,0
22287,72,72,0,0
22288,61,84,-23,23
22289,65,69,-4,4
22290,81,76,5,5
22291,37,55,-18,18
22292,65,70,-5,5
22293,128,120,8,8
22294,55,72,-17,17
22295,55,79,-24,24
22296,131,112,19,19
22297,67,67,0,0
22298,138,135,3,3
22299,66,59,7,7
22300,62,61,1,1
22301,187,167,20,20
22302,127,115,12,12
22303,105,109,-4,4
22304,78,76,2,2
22305,94,89,5,5
22306,94,109,-15,15
22307,108,105,3,3
22308,135,135,0,0
22309,78,73,5,5
22310,87,99,-12,12
22311,59,62,-3,3
22312,134,143,-9,9
22313,89,78,11,11
22314,79,84,-5,5
22315,27,54,-27,27
22316,74,67,7,7
22317,56,61,-5,5
22318,121,125,-4,4
22319,88,84,4,4
22320,145,143,2,2
22321,99,93,6,6
22322,127,118,9,9
22323,85,77,8,8
22324,91,73,18,18
22325,184,191,-7,7
22326,76,71,5,5
22327,86,73,13,13
22328,88,84,4,4
22329,156,140,16,16
22330,106,111,-5,5
22331,102,80,22,22
22332,106,94,12,12
22333,87,83,4,4
22334,60,54,6,6
22335,82,73,9,9
22336,112,100,12,12
22337,118,124,-6,6
22338,75,65,10,10
22339,94,88,6,6
22340,57,67,-10,10
22341,96,85,11,11
22342,67,77,-10,10
22343,78,87,-9,9
22344,114,100,14,14
22345,70,64,6,6
22346,60,62,-2,2
22347,91,91,0,0
22348,86,81,5,5
22349,84,83,1,1
22350,75,72,3,3
22351,133,151,-18,18
22352,193,166,27,27
22353,68,74,-6,6
22354,139,130,9,9
22355,57,75,-18,18
22356,110,113,-3,3
22357,83,92,-9,9
22358,159,134,25,25
22359,110,106,4,4
22360,150,127,23,23
22361,95,99,-4,4
22362,139,125,14,14
22363,72,73,-1,1
22364,147,136,11,11
22365,89,85,4,4
22366,136,139,-3,3
22367,47,58,-11,11
22368,158,158,0,0
22369,111,112,-1,1
22370,99,83,16,16
22371,112,109,3,3
22372,82,81,1,1
22373,38,53,-15,15
22374,82,68,14,14
22375,80,81,-1,1
22376,119,116,3,3
22377,68,81,-13,13
22378,117,117,0,0
22379,76,79,-3,3
22380,94,93,1,1
22381,68,70,-2,2
22382,49,56,-7,7
22383,59,72,-13,13
22384,135,142,-7,7
22385,111,117,-6,6
22386,102,96,6,6
22387,118,113,5,5
22388,90,85,5,5
22389,62,58,4,4
22390,104,101,3,3
22391,120,109,11,11
22392,105,101,4,4
22393,131,118,13,13
22394,103,112,-9,9
22395,117,112,5,5
22396,92,82,10,10
22397,70,72,-2,2
22398,108,105,3,3
22399,71,68,3,3
22400,58,66,-8,8
22401,91,77,14,14
22402,98,86,12,12
22403,40,53,-13,13
22404,92,83,9,9
22405,100,101,-1,1
22406,138,152,-14,14
22407,132,117,15,15
22408,101,96,5,5
22409,71,82,-11,11
22410,86,83,3,3
22411,107,104,3,3
22412,85,84,1,1
22413,68,74,-6,6
22414,80,69,11,11
22415,125,115,10,10
22416,99,89,10,10
22417,122,110,12,12
22418,190,184,6,6
22419,109,95,14,14
22420,83,67,16,16
22421,121,147,-26,26
22422,79,78,1,1
22423,142,162,-20,20
22424,63,59,4,4
22425,66,61,5,5
22426,114,92,22,22
22427,80,83,-3,3
22428,72,66,6,6
22429,190,196,-6,6
22430,91,90,1,1
22431,152,142,10,10
22432,74,66,8,8
22433,88,84,4,4
22434,181,184,-3,3
22435,118,122,-4,4
22436,131,111,20,20
22437,64,105,-41,41
22438,86,88,-2,2
22439,74,74,0,0
22440,79,74,5,5
22441,99,98,1,1
22442,169,171,-2,2
22443,68,67,1,1
22444,79,68,11,11
22445,181,157,24,24
22446,119,102,17,17
22447,120,105,15,15
22448,67,73,-6,6
22449,67,70,-3,3
22450,76,68,8,8
22451,87,85,2,2
22452,91,88,3,3
22453,161,143,18,18
22454,58,55,3,3
22455,57,56,1,1
22456,95,72,23,23
22457,63,66,-3,3
22458,64,60,4,4
22459,55,66,-11,11
22460,136,139,-3,3
22461,107,95,12,12
22462,83,84,-1,1
22463,52,57,-5,5
22464,127,137,-10,10
22465,90,89,1,1
22466,141,140,1,1
22467,87,87,0,0
22468,99,94,5,5
22469,67,76,-9,9
22470,79,69,10,10
22471,102,97,5,5
22472,168,163,5,5
22473,154,151,3,3
22474,118,110,8,8
22475,68,79,-11,11
22476,109,108,1,1
22477,41,63,-22,22
22478,65,77,-12,12
22479,108,97,11,11
22480,26,52,-26,26
22481,99,111,-12,12
22482,137,136,1,1
22483,180,186,-6,6
22484,223,194,29,29
22485,103,94,9,9
22486,91,86,5,5
22487,120,111,9,9
22488,73,66,7,7
22489,69,72,-3,3
22490,76,92,-16,16
22491,73,63,10,10
22492,41,56,-15,15
22493,143,147,-4,4
22494,121,135,-14,14
22495,97,100,-3,3
22496,86,96,-10,10
22497,80,81,-1,1
22498,105,110,-5,5
22499,111,99,12,12
22500,133,143,-10,10
22501,120,119,1,1
22502,156,165,-9,9
22503,100,110,-10,10
22504,41,56,-15,15
22505,94,97,-3,3
22506,59,57,2,2
22507,71,74,-3,3
22508,68,69,-1,1
22509,102,94,8,8
22510,134,129,5,5
22511,60,59,1,1
22512,169,148,21,21
22513,80,74,6,6
22514,126,153,-27,27
22515,146,137,9,9
22516,128,127,1,1
22517,67,71,-4,4
22518,92,93,-1,1
22519,72,78,-6,6
22520,79,83,-4,4
22521,102,99,3,3
22522,62,56,6,6
22523,59,65,-6,6
22524,116,101,15,15
22525,96,99,-3,3
22526,86,76,10,10
22527,68,71,-3,3
22528,90,93,-3,3
22529,90,79,11,11
22530,141,134,7,7
22531,109,110,-1,1
22532,51,60,-9,9
22533,107,99,8,8
22534,130,128,2,2
22535,103,106,-3,3
22536,49,61,-12,12
22537,106,98,8,8
22538,87,83,4,4
22539,68,63,5,5
22540,88,87,1,1
22541,79,81,-2,2
22542,104,89,15,15
22543,94,88,6,6
22544,123,112,11,11
22545,98,79,19,19
22546,123,120,3,3
22547,104,105,-1,1
22548,60,69,-9,9
22549,70,68,2,2
22550,89,83,6,6
22551,122,111,11,11
22552,55,60,-5,5
22553,141,140,1,1
22554,80,75,5,5
22555,97,97,0,0
22556,126,111,15,15
22557,73,79,-6,6
22558,63,83,-20,20
22559,151,136,15,15
22560,109,103,6,6
22561,161,156,5,5
22562,80,81,-1,1
22563,126,106,20,20
22564,89,77,12,12
22565,95,87,8,8
22566,163,141,22,22
22567,121,108,13,13
22568,80,87,-7,7
22569,79,78,1,1
22570,94,80,14,14
22571,143,134,9,9
22572,95,86,9,9
22573,108,116,-8,8
22574,94,95,-1,1
22575,102,102,0,0
22576,84,98,-14,14
22577,80,75,5,5
22578,135,120,15,15
22579,98,82,16,16
22580,113,110,3,3
22581,85,98,-13,13
22582,97,91,6,6
22583,67,79,-12,12
22584,135,120,15,15
22585,31,47,-16,16
22586,154,157,-3,3
22587,136,126,10,10
22588,35,51,-16,16
22589,145,132,13,13
22590,76,63,13,13
22591,89,89,0,0
22592,84,89,-5,5
22593,82,88,-6,6
22594,76,76,0,0
22595,88,92,-4,4
22596,85,78,7,7
22597,109,121,-12,12
22598,165,163,2,2
22599,88,91,-3,3
22600,54,58,-4,4
22601,93,80,13,13
22602,66,73,-7,7
22603,75,81,-6,6
22604,55,62,-7,7
22605,72,68,4,4
22606,113,109,4,4
22607,127,119,8,8
22608,53,59,-6,6
22609,94,101,-7,7
22610,90,88,2,2
22611,65,71,-6,6
22612,60,61,-1,1
22613,59,56,3,3
22614,107,97,10,10
22615,93,102,-9,9
22616,128,110,18,18
22617,55,61,-6,6
22618,93,89,4,4
22619,79,71,8,8
22620,148,133,15,15
22621,129,119,10,10
22622,51,59,-8,8
22623,92,89,3,3
22624,93,104,-11,11
22625,114,115,-1,1
22626,72,77,-5,5
22627,92,101,-9,9
22628,81,76,5,5
22629,69,67,2,2
22630,93,88,5,5
22631,189,168,21,21
22632,71,72,-1,1
22633,87,87,0,0
22634,48,67,-19,19
22635,94,79,15,15
22636,116,127,-11,11
22637,62,63,-1,1
22638,240,235,5,5
22639,104,105,-1,1
22640,80,85,-5,5
22641,66,66,0,0
22642,100,90,10,10
22643,133,128,5,5
22644,103,96,7,7
22645,137,150,-13,13
22646,165,147,18,18
22647,125,115,10,10
22648,86,81,5,5
22649,95,82,13,13
22650,103,113,-10,10
22651,140,117,23,23
22652,95,90,5,5
22653,68,72,-4,4
22654,52,62,-10,10
22655,77,71,6,6
22656,121,113,8,8
22657,107,110,-3,3
22658,98,93,5,5
22659,100,84,16,16
22660,81,77,4,4
22661,46,48,-2,2
22662,162,165,-3,3
22663,136,129,7,7
22664,85,88,-3,3
22665,83,72,11,11
22666,135,109,26,26
22667,39,71,-32,32
22668,61,57,4,4
22669,73,64,9,9
22670,87,66,21,21
22671,76,81,-5,5
22672,84,101,-17,17
22673,94,82,12,12
22674,163,163,0,0
22675,80,91,-11,11
22676,86,99,-13,13
22677,152,141,11,11
22678,100,112,-12,12
22679,75,82,-7,7
22680,92,80,12,12
22681,84,72,12,12
22682,144,149,-5,5
22683,69,61,8,8
22684,109,114,-5,5
22685,109,87,22,22
22686,88,73,15,15
22687,67,72,-5,5
22688,115,103,12,12
22689,125,129,-4,4
22690,95,100,-5,5
22691,87,77,10,10
22692,98,100,-2,2
22693,83,89,-6,6
22694,101,110,-9,9
22695,51,62,-11,11
22696,108,105,3,3
22697,136,144,-8,8
22698,208,232,-24,24
22699,121,119,2,2
22700,84,71,13,13
22701,86,84,2,2
22702,148,140,8,8
22703,110,127,-17,17
22704,117,104,13,13
22705,96,96,0,0
22706,69,65,4,4
22707,137,134,3,3
22708,66,67,-1,1
22709,89,72,17,17
22710,44,49,-5,5
22711,136,131,5,5
22712,128,112,16,16
22713,73,88,-15,15
22714,155,153,2,2
22715,89,73,16,16
22716,87,71,16,16
22717,147,143,4,4
22718,64,61,3,3
22719,37,50,-13,13
22720,122,109,13,13
22721,44,56,-12,12
22722,126,115,11,11
22723,60,69,-9,9
22724,148,141,7,7
22725,134,138,-4,4
22726,87,73,14,14
22727,135,146,-11,11
22728,90,81,9,9
22729,60,68,-8,8
22730,86,67,19,19
22731,150,153,-3,3
22732,59,78,-19,19
22733,111,95,16,16
22734,54,67,-13,13
22735,158,133,25,25
22736,135,113,22,22
22737,32,45,-13,13
22738,63,64,-1,1
22739,117,96,21,21
22740,83,87,-4,4
22741,54,53,1,1
22742,151,141,10,10
22743,64,66,-2,2
22744,44,56,-12,12
22745,138,135,3,3
22746,48,69,-21,21
22747,123,114,9,9
22748,97,93,4,4
22749,59,63,-4,4
22750,96,90,6,6
22751,19,55,-36,36
22752,112,117,-5,5
22753,131,145,-14,14
22754,153,150,3,3
22755,100,96,4,4
22756,183,191,-8,8
22757,121,115,6,6
22758,129,120,9,9
22759,93,105,-12,12
22760,89,89,0,0
22761,92,80,12,12
22762,81,99,-18,18
22763,133,130,3,3
22764,77,84,-7,7
22765,63,60,3,3
22766,66,55,11,11
22767,74,80,-6,6
22768,150,152,-2,2
22769,76,74,2,2
22770,68,62,6,6
22771,73,66,7,7
22772,93,90,3,3
22773,90,90,0,0
22774,81,99,-18,18
22775,59,48,11,11
22776,160,143,17,17
22777,47,56,-9,9
22778,109,134,-25,25
22779,133,129,4,4
22780,114,112,2,2
22781,89,81,8,8
22782,86,78,8,8
22783,95,88,7,7
22784,149,162,-13,13
22785,86,80,6,6
22786,112,98,14,14
22787,61,99,-38,38
22788,32,54,-22,22
22789,141,142,-1,1
22790,106,97,9,9
22791,62,71,-9,9
22792,98,97,1,1
22793,169,142,27,27
22794,75,82,-7,7
22795,113,112,1,1
22796,69,67,2,2
22797,54,65,-11,11
22798,72,76,-4,4
22799,140,140,0,0
22800,86,82,4,4
22801,106,109,-3,3
22802,81,76,5,5
22803,109,101,8,8
22804,120,107,13,13
22805,103,94,9,9
22806,201,191,10,10
22807,115,129,-14,14
22808,94,86,8,8
22809,110,122,-12,12
22810,90,77,13,13
22811,117,112,5,5
22812,80,81,-1,1
22813,136,141,-5,5
22814,95,94,1,1
22815,121,108,13,13
22816,38,64,-26,26
22817,100,80,20,20
22818,83,83,0,0
22819,102,92,10,10
22820,100,91,9,9
22821,67,69,-2,2
22822,88,119,-31,31
22823,68,63,5,5
22824,145,141,4,4
22825,86,80,6,6
22826,107,98,9,9
22827,85,92,-7,7
22828,102,109,-7,7
22829,132,134,-2,2
22830,61,61,0,0
22831,70,65,5,5
22832,91,83,8,8
22833,139,135,4,4
22834,51,55,-4,4
22835,39,45,-6,6
22836,100,94,6,6
22837,93,88,5,5
22838,89,92,-3,3
22839,92,92,0,0
22840,35,53,-18,18
22841,93,92,1,1
22842,64,62,2,2
22843,62,70,-8,8
22844,102,94,8,8
22845,101,97,4,4
22846,93,87,6,6
22847,63,62,1,1
22848,88,84,4,4
22849,80,77,3,3
22850,134,80,54,54
22851,77,76,1,1
22852,73,80,-7,7
22853,57,57,0,0
22854,118,89,29,29
22855,134,131,3,3
22856,127,128,-1,1
22857,88,76,12,12
22858,91,88,3,3
22859,110,108,2,2
22860,46,50,-4,4
22861,105,105,0,0
22862,103,104,-1,1
22863,108,97,11,11
22864,93,92,1,1
22865,75,77,-2,2
22866,131,128,3,3
22867,130,125,5,5
22868,89,82,7,7
22869,49,94,-45,45
22870,120,114,6,6
22871,151,174,-23,23
22872,92,87,5,5
22873,77,84,-7,7
22874,126,131,-5,5
22875,100,101,-1,1
22876,54,74,-20,20
22877,110,101,9,9
22878,133,133,0,0
22879,119,124,-5,5
22880,126,108,18,18
22881,42,50,-8,8
22882,63,57,6,6
22883,170,173,-3,3
22884,68,79,-11,11
22885,114,107,7,7
22886,115,88,27,27
22887,64,66,-2,2
22888,90,80,10,10
22889,126,109,17,17
22890,72,85,-13,13
22891,116,131,-15,15
22892,151,148,3,3
22893,98,82,16,16
22894,135,128,7,7
22895,132,122,10,10
22896,166,167,-1,1
22897,109,104,5,5
22898,73,62,11,11
22899,43,55,-12,12
22900,60,68,-8,8
22901,95,91,4,4
22902,185,181,4,4
22903,116,118,-2,2
22904,120,119,1,1
22905,117,109,8,8
22906,80,95,-15,15
22907,54,72,-18,18
22908,94,89,5,5
22909,104,105,-1,1
22910,167,188,-21,21
22911,183,200,-17,17
22912,125,122,3,3
22913,67,72,-5,5
22914,127,110,17,17
22915,108,108,0,0
22916,110,106,4,4
22917,72,68,4,4
22918,76,76,0,0
22919,60,66,-6,6
22920,127,113,14,14
22921,60,64,-4,4
22922,117,111,6,6
22923,62,58,4,4
22924,98,96,2,2
22925,64,66,-2,2
22926,90,86,4,4
22927,155,147,8,8
22928,69,64,5,5
22929,91,84,7,7
22930,91,80,11,11
22931,97,91,6,6
22932,116,109,7,7
22933,100,98,2,2
22934,81,71,10,10
22935,77,80,-3,3
22936,46,55,-9,9
22937,86,99,-13,13
22938,98,85,13,13
22939,128,105,23,23
22940,53,63,-10,10
22941,86,78,8,8
22942,106,103,3,3
22943,118,108,10,10
22944,132,136,-4,4
22945,179,172,7,7
22946,72,67,5,5
22947,57,56,1,1
22948,159,148,11,11
22949,56,57,-1,1
22950,90,97,-7,7
22951,84,82,2,2
22952,120,125,-5,5
22953,99,92,7,7
22954,121,111,10,10
22955,96,91,5,5
22956,46,55,-9,9
22957,84,87,-3,3
22958,79,74,5,5
22959,165,148,17,17
22960,72,64,8,8
22961,75,76,-1,1
22962,116,119,-3,3
22963,117,110,7,7
22964,95,90,5,5
22965,138,144,-6,6
22966,64,67,-3,3
22967,70,69,1,1
22968,51,67,-16,16
22969,74,84,-10,10
22970,105,99,6,6
22971,137,137,0,0
22972,93,83,10,10
22973,72,72,0,0
22974,83,77,6,6
22975,113,109,4,4
22976,97,92,5,5
22977,76,83,-7,7
22978,65,71,-6,6
22979,159,162,-3,3
22980,72,71,1,1
22981,127,115,12,12
22982,94,90,4,4
22983,83,74,9,9
22984,84,89,-5,5
22985,60,65,-5,5
22986,100,98,2,2
22987,108,101,7,7
22988,118,118,0,0
22989,76,94,-18,18
22990,87,75,12,12
22991,50,52,-2,2
22992,38,50,-12,12
22993,146,128,18,18
22994,114,107,7,7
22995,52,58,-6,6
22996,84,90,-6,6
22997,122,129,-7,7
22998,102,104,-2,2
22999,181,166,15,15
23000,98,84,14,14
23001,39,62,-23,23
23002,84,74,10,10
23003,145,114,31,31
23004,124,126,-2,2
23005,110,123,-13,13
23006,57,65,-8,8
23007,88,71,17,17
23008,64,61,3,3
23009,195,194,1,1
23010,131,132,-1,1
23011,124,119,5,5
23012,79,98,-19,19
23013,66,70,-4,4
23014,100,107,-7,7
23015,82,78,4,4
23016,81,83,-2,2
23017,85,82,3,3
23018,192,213,-21,21
23019,112,113,-1,1
23020,166,155,11,11
23021,101,96,5,5
23022,82,67,15,15
23023,89,77,12,12
23024,94,92,2,2
23025,79,88,-9,9
23026,108,106,2,2
23027,117,106,11,11
23028,123,108,15,15
23029,81,77,4,4
23030,87,81,6,6
23031,66,68,-2,2
23032,35,54,-19,19
23033,102,89,13,13
23034,145,125,20,20
23035,62,73,-11,11
23036,121,110,11,11
23037,69,74,-5,5
23038,142,136,6,6
23039,74,61,13,13
23040,92,86,6,6
23041,63,59,4,4
23042,71,79,-8,8
23043,148,137,11,11
23044,72,69,3,3
23045,75,79,-4,4
23046,118,122,-4,4
23047,103,100,3,3
23048,136,111,25,25
23049,126,141,-15,15
23050,93,93,0,0
23051,101,99,2,2
23052,133,118,15,15
23053,83,91,-8,8
23054,91,93,-2,2
23055,52,53,-1,1
23056,100,98,2,2
23057,88,91,-3,3
23058,80,84,-4,4
23059,83,82,1,1
23060,90,85,5,5
23061,69,97,-28,28
23062,85,88,-3,3
23063,107,99,8,8
23064,103,95,8,8
23065,60,59,1,1
23066,152,167,-15,15
23067,40,51,-11,11
23068,87,70,17,17
23069,78,65,13,13
23070,145,134,11,11
23071,47,53,-6,6
23072,139,125,14,14
23073,94,93,1,1
23074,138,157,-19,19
23075,115,101,14,14
23076,94,90,4,4
23077,106,100,6,6
23078,85,65,20,20
23079,82,71,11,11
23080,61,65,-4,4
23081,160,148,12,12
23082,157,169,-12,12
23083,87,91,-4,4
23084,135,118,17,17
23085,120,109,11,11
23086,104,92,12,12
23087,165,153,12,12
23088,88,85,3,3
23089,67,72,-5,5
23090,87,81,6,6
23091,66,65,1,1
23092,74,74,0,0
23093,76,76,0,0
23094,62,69,-7,7
23095,79,77,2,2
23096,91,92,-1,1
23097,70,73,-3,3
23098,148,138,10,10
23099,135,128,7,7
23100,74,83,-9,9
23101,78,74,4,4
23102,93,87,6,6
23103,124,119,5,5
23104,129,139,-10,10
23105,98,81,17,17
23106,72,70,2,2
23107,53,59,-6,6
23108,138,130,8,8
23109,184,159,25,25
23110,85,82,3,3
23111,82,62,20,20
23112,105,110,-5,5
23113,99,90,9,9
23114,65,67,-2,2
23115,73,67,6,6
23116,66,58,8,8
23117,102,97,5,5
23118,85,76,9,9
23119,188,182,6,6
23120,81,188,-107,107
23121,124,126,-2,2
23122,59,63,-4,4
23123,108,107,1,1
23124,92,100,-8,8
23125,100,90,10,10
23126,105,105,0,0
23127,93,100,-7,7
23128,155,151,4,4
23129,71,74,-3,3
23130,65,63,2,2
23131,94,80,14,14
23132,122,135,-13,13
23133,70,63,7,7
23134,65,64,1,1
23135,160,162,-2,2
23136,115,110,5,5
23137,134,139,-5,5
23138,101,88,13,13
23139,105,98,7,7
23140,93,92,1,1
23141,94,87,7,7
23142,82,76,6,6
23143,90,83,7,7
23144,78,70,8,8
23145,145,147,-2,2
23146,120,115,5,5
23147,94,97,-3,3
23148,95,85,10,10
23149,115,129,-14,14
23150,49,64,-15,15
23151,134,142,-8,8
23152,88,81,7,7
23153,82,78,4,4
23154,67,66,1,1
23155,71,75,-4,4
23156,56,65,-9,9
23157,88,82,6,6
23158,34,57,-23,23
23159,62,75,-13,13
23160,82,89,-7,7
23161,111,105,6,6
23162,48,57,-9,9
23163,102,103,-1,1
23164,143,124,19,19
23165,47,47,0,0
23166,76,71,5,5
23167,119,111,8,8
23168,64,55,9,9
23169,72,67,5,5
23170,141,126,15,15
23171,64,68,-4,4
23172,127,117,10,10
23173,72,71,1,1
23174,111,102,9,9
23175,104,100,4,4
23176,77,70,7,7
23177,133,139,-6,6
23178,113,111,2,2
23179,110,105,5,5
23180,89,89,0,0
23181,125,125,0,0
23182,127,107,20,20
23183,68,67,1,1
23184,99,99,0,0
23185,86,85,1,1
23186,111,110,1,1
23187,118,105,13,13
23188,74,74,0,0
23189,132,117,15,15
23190,99,92,7,7
23191,139,143,-4,4
23192,107,105,2,2
23193,70,80,-10,10
23194,77,68,9,9
23195,101,108,-7,7
23196,103,97,6,6
23197,86,92,-6,6
23198,104,94,10,10
23199,100,104,-4,4
23200,150,139,11,11
23201,69,64,5,5
23202,129,118,11,11
23203,162,172,-10,10
23204,111,121,-10,10
23205,133,132,1,1
23206,87,82,5,5
23207,74,83,-9,9
23208,95,99,-4,4
23209,110,119,-9,9
23210,124,119,5,5
23211,155,149,6,6
23212,74,69,5,5
23213,80,80,0,0
23214,90,78,12,12
23215,100,86,14,14
23216,112,87,25,25
23217,81,65,16,16
23218,73,78,-5,5
23219,122,118,4,4
23220,130,117,13,13
23221,129,124,5,5
23222,123,117,6,6
23223,84,89,-5,5
23224,63,74,-11,11
23225,144,133,11,11
23226,91,151,-60,60
23227,66,79,-13,13
23228,95,93,2,2
23229,129,124,5,5
23230,75,77,-2,2
23231,152,191,-39,39
23232,119,89,30,30
23233,107,106,1,1
23234,184,183,1,1
23235,84,93,-9,9
23236,123,112,11,11
23237,167,153,14,14
23238,59,62,-3,3
23239,68,69,-1,1
23240,119,81,38,38
23241,77,54,23,23
23242,70,78,-8,8
23243,79,67,12,12
23244,114,120,-6,6
23245,75,69,6,6
23246,64,61,3,3
23247,127,122,5,5
23248,52,56,-4,4
23249,67,65,2,2
23250,73,69,4,4
23251,85,81,4,4
23252,63,66,-3,3
23253,88,75,13,13
23254,89,98,-9,9
23255,133,115,18,18
23256,82,81,1,1
23257,115,104,11,11
23258,97,93,4,4
23259,81,81,0,0
23260,102,91,11,11
23261,68,63,5,5
23262,64,63,1,1
23263,70,68,2,2
23264,73,73,0,0
23265,59,69,-10,10
23266,136,121,15,15
23267,103,102,1,1
23268,137,121,16,16
23269,73,72,1,1
23270,83,70,13,13
23271,95,85,10,10
23272,138,129,9,9
23273,86,71,15,15
23274,66,79,-13,13
23275,134,170,-36,36
23276,116,116,0,0
23277,70,70,0,0
23278,118,111,7,7
23279,131,119,12,12
23280,40,73,-33,33
23281,82,84,-2,2
23282,78,69,9,9
23283,97,80,17,17
23284,89,92,-3,3
23285,133,130,3,3
23286,76,76,0,0
23287,152,135,17,17
23288,92,84,8,8
23289,62,69,-7,7
23290,179,162,17,17
23291,127,121,6,6
23292,115,110,5,5
23293,54,71,-17,17
23294,136,111,25,25
23295,76,80,-4,4
23296,62,74,-12,12
23297,78,71,7,7
23298,182,171,11,11
23299,67,73,-6,6
23300,110,88,22,22
23301,92,83,9,9
23302,150,137,13,13
23303,122,124,-2,2
23304,62,71,-9,9
23305,109,93,16,16
23306,123,115,8,8
23307,107,109,-2,2
23308,50,65,-15,15
23309,62,67,-5,5
23310,115,111,4,4
23311,41,70,-29,29
23312,106,95,11,11
23313,58,57,1,1
23314,67,75,-8,8
23315,64,57,7,7
23316,71,81,-10,10
23317,83,82,1,1
23318,157,163,-6,6
23319,90,85,5,5
23320,100,102,-2,2
23321,92,100,-8,8
23322,87,97,-10,10
23323,76,90,-14,14
23324,101,100,1,1
23325,56,49,7,7
23326,65,69,-4,4
23327,70,70,0,0
23328,57,58,-1,1
23329,112,143,-31,31
23330,50,70,-20,20
23331,47,58,-11,11
23332,140,157,-17,17
23333,51,55,-4,4
23334,61,65,-4,4
23335,78,84,-6,6
23336,70,63,7,7
23337,98,91,7,7
23338,152,144,8,8
23339,99,99,0,0
23340,93,97,-4,4
23341,90,80,10,10
23342,51,61,-10,10
23343,94,88,6,6
23344,82,85,-3,3
23345,137,116,21,21
23346,85,90,-5,5
23347,131,141,-10,10
23348,110,92,18,18
23349,70,67,3,3
23350,99,109,-10,10
23351,146,138,8,8
23352,37,41,-4,4
23353,94,90,4,4
23354,124,121,3,3
23355,91,101,-10,10
23356,85,87,-2,2
23357,58,58,0,0
23358,78,83,-5,5
23359,62,76,-14,14
23360,51,56,-5,5
23361,85,95,-10,10
23362,64,66,-2,2
23363,108,115,-7,7
23364,89,87,2,2
23365,120,122,-2,2
23366,131,113,18,18
23367,50,56,-6,6
23368,109,109,0,0
23369,82,76,6,6
23370,115,99,16,16
23371,121,95,26,26
23372,193,192,1,1
23373,66,63,3,3
23374,125,120,5,5
23375,64,69,-5,5
23376,105,93,12,12
23377,47,56,-9,9
23378,57,64,-7,7
23379,105,97,8,8
23380,124,122,2,2
23381,90,99,-9,9
23382,126,111,15,15
23383,89,92,-3,3
23384,122,117,5,5
23385,116,120,-4,4
23386,80,67,13,13
23387,92,78,14,14
23388,62,73,-11,11
23389,144,133,11,11
23390,45,61,-16,16
23391,139,138,1,1
23392,117,108,9,9
23393,99,92,7,7
23394,98,94,4,4
23395,87,88,-1,1
23396,171,147,24,24
23397,127,106,21,21
23398,114,98,16,16
23399,100,100,0,0
23400,71,79,-8,8
23401,143,129,14,14
23402,84,89,-5,5
23403,89,84,5,5
23404,85,97,-12,12
23405,69,63,6,6
23406,145,164,-19,19
23407,115,121,-6,6
23408,116,109,7,7
23409,114,120,-6,6
23410,58,58,0,0
23411,79,71,8,8
23412,73,68,5,5
23413,114,120,-6,6
23414,140,144,-4,4
23415,92,96,-4,4
23416,111,109,2,2
23417,131,141,-10,10
23418,76,75,1,1
23419,94,95,-1,1
23420,91,94,-3,3
23421,76,67,9,9
23422,115,103,12,12
23423,65,69,-4,4
23424,113,116,-3,3
23425,85,97,-12,12
23426,214,254,-40,40
23427,211,206,5,5
23428,41,54,-13,13
23429,78,73,5,5
23430,161,150,11,11
23431,79,83,-4,4
23432,51,56,-5,5
23433,103,103,0,0
23434,73,73,0,0
23435,55,72,-17,17
23436,136,109,27,27
23437,131,128,3,3
23438,77,78,-1,1
23439,80,69,11,11
23440,110,115,-5,5
23441,54,64,-10,10
23442,111,119,-8,8
23443,84,84,0,0
23444,70,61,9,9
23445,70,70,0,0
23446,106,89,17,17
23447,97,95,2,2
23448,100,96,4,4
23449,135,136,-1,1
23450,86,78,8,8
23451,42,65,-23,23
23452,132,136,-4,4
23453,73,79,-6,6
23454,125,124,1,1
23455,83,84,-1,1
23456,125,120,5,5
23457,120,115,5,5
23458,110,111,-1,1
23459,197,173,24,24
23460,111,107,4,4
23461,86,94,-8,8
23462,76,71,5,5
23463,150,142,8,8
23464,115,114,1,1
23465,89,100,-11,11
23466,176,157,19,19
23467,64,69,-5,5
23468,120,120,0,0
23469,121,115,6,6
23470,64,85,-21,21
23471,49,68,-19,19
23472,70,67,3,3
23473,112,106,6,6
23474,89,99,-10,10
23475,107,102,5,5
23476,155,159,-4,4
23477,73,69,4,4
23478,129,133,-4,4
23479,161,157,4,4
23480,89,87,2,2
23481,113,109,4,4
23482,99,82,17,17
23483,127,126,1,1
23484,115,117,-2,2
23485,78,82,-4,4
23486,155,172,-17,17
23487,54,55,-1,1
23488,89,80,9,9
23489,115,101,14,14
23490,82,78,4,4
23491,165,157,8,8
23492,90,83,7,7
23493,87,79,8,8
23494,115,110,5,5
23495,70,68,2,2
23496,85,80,5,5
23497,101,92,9,9
23498,118,123,-5,5
23499,135,110,25,25
23500,74,82,-8,8
23501,108,118,-10,10
23502,134,142,-8,8
23503,109,96,13,13
23504,77,80,-3,3
23505,71,62,9,9
23506,78,72,6,6
23507,125,107,18,18
23508,90,84,6,6
23509,47,68,-21,21
23510,89,75,14,14
23511,102,89,13,13
23512,94,93,1,1
23513,137,136,1,1
23514,110,94,16,16
23515,100,98,2,2
23516,125,113,12,12
23517,57,84,-27,27
23518,120,114,6,6
23519,149,143,6,6
23520,69,81,-12,12
23521,91,95,-4,4
23522,69,67,2,2
23523,143,133,10,10
23524,112,99,13,13
23525,108,97,11,11
23526,83,84,-1,1
23527,102,100,2,2
23528,55,56,-1,1
23529,101,86,15,15
23530,39,41,-2,2
23531,173,165,8,8
23532,98,91,7,7
23533,136,129,7,7
23534,62,58,4,4
23535,188,163,25,25
23536,98,98,0,0
23537,132,129,3,3
23538,89,97,-8,8
23539,106,113,-7,7
23540,101,111,-10,10
23541,150,143,7,7
23542,194,172,22,22
23543,108,112,-4,4
23544,78,83,-5,5
23545,70,65,5,5
23546,93,92,1,1
23547,65,71,-6,6
23548,113,101,12,12
23549,129,119,10,10
23550,94,101,-7,7
23551,108,103,5,5
23552,90,86,4,4
23553,68,69,-1,1
23554,98,96,2,2
23555,96,109,-13,13
23556,85,85,0,0
23557,137,138,-1,1
23558,112,106,6,6
23559,168,161,7,7
23560,87,88,-1,1
23561,134,132,2,2
23562,75,70,5,5
23563,135,129,6,6
23564,81,84,-3,3
23565,96,105,-9,9
23566,91,95,-4,4
23567,104,89,15,15
23568,105,96,9,9
23569,56,57,-1,1
23570,111,109,2,2
23571,56,61,-5,5
23572,62,66,-4,4
23573,103,94,9,9
23574,144,139,5,5
23575,101,95,6,6
23576,79,66,13,13
23577,102,98,4,4
23578,121,108,13,13
23579,140,133,7,7
23580,135,138,-3,3
23581,80,72,8,8
23582,51,62,-11,11
23583,152,143,9,9
23584,94,98,-4,4
23585,52,57,-5,5
23586,78,77,1,1
23587,82,69,13,13
23588,75,70,5,5
23589,117,126,-9,9
23590,136,124,12,12
23591,92,81,11,11
23592,55,60,-5,5
23593,126,113,13,13
23594,55,60,-5,5
23595,43,57,-14,14
23596,83,92,-9,9
23597,116,123,-7,7
23598,113,108,5,5
23599,60,55,5,5
23600,100,95,5,5
23601,100,106,-6,6
23602,113,108,5,5
23603,123,141,-18,18
23604,69,68,1,1
23605,113,129,-16,16
23606,71,72,-1,1
23607,132,124,8,8
23608,151,157,-6,6
23609,57,61,-4,4
23610,105,96,9,9
23611,188,156,32,32
23612,79,66,13,13
23613,151,145,6,6
23614,137,134,3,3
23615,42,40,2,2
23616,144,135,9,9
23617,41,46,-5,5
23618,82,76,6,6
23619,91,76,15,15
23620,65,65,0,0
23621,65,70,-5,5
23622,103,103,0,0
23623,116,118,-2,2
23624,149,155,-6,6
23625,202,188,14,14
23626,61,64,-3,3
23627,78,75,3,3
23628,154,136,18,18
23629,87,87,0,0
23630,93,81,12,12
23631,134,118,16,16
23632,116,118,-2,2
23633,124,126,-2,2
23634,148,140,8,8
23635,140,130,10,10
23636,69,64,5,5
23637,107,99,8,8
23638,99,93,6,6
23639,137,126,11,11
23640,165,145,20,20
23641,102,92,10,10
23642,116,110,6,6
23643,95,82,13,13
23644,86,106,-20,20
23645,88,92,-4,4
23646,108,106,2,2
23647,153,150,3,3
23648,69,72,-3,3
23649,76,71,5,5
23650,103,91,12,12
23651,79,93,-14,14
23652,129,115,14,14
23653,87,80,7,7
23654,67,62,5,5
23655,81,75,6,6
23656,118,116,2,2
23657,69,65,4,4
23658,63,68,-5,5
23659,77,76,1,1
23660,113,107,6,6
23661,143,144,-1,1
23662,57,58,-1,1
23663,86,90,-4,4
23664,36,58,-22,22
23665,128,106,22,22
23666,111,111,0,0
23667,68,65,3,3
23668,60,62,-2,2
23669,90,80,10,10
23670,99,99,0,0
23671,80,70,10,10
23672,79,85,-6,6
23673,84,97,-13,13
23674,77,72,5,5
23675,132,131,1,1
23676,94,69,25,25
23677,95,102,-7,7
23678,67,64,3,3
23679,134,124,10,10
23680,148,151,-3,3
23681,92,81,11,11
23682,85,81,4,4
23683,69,68,1,1
23684,107,115,-8,8
23685,113,128,-15,15
23686,49,71,-22,22
23687,31,65,-34,34
23688,72,71,1,1
23689,135,132,3,3
23690,126,104,22,22
23691,67,58,9,9
23692,70,86,-16,16
23693,64,61,3,3
23694,70,91,-21,21
23695,88,74,14,14
23696,66,63,3,3
23697,80,83,-3,3
23698,82,85,-3,3
23699,85,86,-1,1
23700,128,116,12,12
23701,116,117,-1,1
23702,74,69,5,5
23703,107,95,12,12
23704,74,77,-3,3
23705,133,117,16,16
23706,91,88,3,3
23707,100,100,0,0
23708,90,85,5,5
23709,41,50,-9,9
23710,117,112,5,5
23711,91,80,11,11
23712,108,115,-7,7
23713,61,50,11,11
23714,201,202,-1,1
23715,112,108,4,4
23716,62,63,-1,1
23717,70,71,-1,1
23718,79,82,-3,3
23719,85,72,13,13
23720,138,121,17,17
23721,132,133,-1,1
23722,46,59,-13,13
23723,172,164,8,8
23724,120,106,14,14
23725,120,113,7,7
23726,96,100,-4,4
23727,108,87,21,21
23728,125,130,-5,5
23729,72,71,1,1
23730,110,97,13,13
23731,51,65,-14,14
23732,127,121,6,6
23733,109,125,-16,16
23734,70,68,2,2
23735,91,96,-5,5
23736,53,58,-5,5
23737,195,211,-16,16
23738,63,61,2,2
23739,97,106,-9,9
23740,109,103,6,6
23741,116,118,-2,2
23742,52,56,-4,4
23743,66,76,-10,10
23744,70,58,12,12
23745,143,151,-8,8
23746,61,87,-26,26
23747,105,90,15,15
23748,58,55,3,3
23749,141,141,0,0
23750,64,64,0,0
23751,126,117,9,9
23752,154,155,-1,1
23753,103,93,10,10
23754,54,58,-4,4
23755,100,97,3,3
23756,99,88,11,11
23757,84,83,1,1
23758,67,69,-2,2
23759,51,58,-7,7
23760,118,117,1,1
23761,139,128,11,11
23762,83,78,5,5
23763,127,120,7,7
23764,98,89,9,9
23765,86,75,11,11
23766,53,70,-17,17
23767,111,117,-6,6
23768,82,81,1,1
23769,101,91,10,10
23770,79,75,4,4
23771,82,82,0,0
23772,101,88,13,13
23773,172,158,14,14
23774,49,57,-8,8
23775,144,135,9,9
23776,79,76,3,3
23777,71,71,0,0
23778,109,109,0,0
23779,97,87,10,10
23780,134,123,11,11
23781,139,161,-22,22
23782,103,96,7,7
23783,104,92,12,12
23784,45,53,-8,8
23785,124,138,-14,14
23786,77,82,-5,5
23787,92,99,-7,7
23788,54,57,-3,3
23789,96,102,-6,6
23790,77,72,5,5
23791,99,86,13,13
23792,46,67,-21,21
23793,128,125,3,3
23794,114,125,-11,11
23795,183,182,1,1
23796,74,77,-3,3
23797,152,131,21,21
23798,95,91,4,4
23799,84,70,14,14
23800,103,102,1,1
23801,118,102,16,16
23802,82,94,-12,12
23803,161,175,-14,14
23804,93,82,11,11
23805,91,89,2,2
23806,106,100,6,6
23807,91,84,7,7
23808,52,70,-18,18
23809,89,84,5,5
23810,80,79,1,1
23811,112,113,-1,1
23812,69,64,5,5
23813,68,64,4,4
23814,219,210,9,9
23815,89,85,4,4
23816,127,124,3,3
23817,84,90,-6,6
23818,85,84,1,1
23819,28,58,-30,30
23820,141,130,11,11
23821,92,91,1,1
23822,130,119,11,11
23823,59,66,-7,7
23824,143,127,16,16
23825,145,131,14,14
23826,73,74,-1,1
23827,177,187,-10,10
23828,169,145,24,24
23829,54,56,-2,2
23830,128,110,18,18
23831,52,52,0,0
23832,129,127,2,2
23833,99,93,6,6
23834,119,94,25,25
23835,75,74,1,1
23836,119,105,14,14
23837,103,92,11,11
23838,130,126,4,4
23839,119,103,16,16
23840,100,90,10,10
23841,159,179,-20,20
23842,75,64,11,11
23843,86,87,-1,1
23844,123,119,4,4
23845,74,72,2,2
23846,50,54,-4,4
23847,57,58,-1,1
23848,50,65,-15,15
23849,71,75,-4,4
23850,96,93,3,3
23851,76,80,-4,4
23852,130,114,16,16
23853,62,73,-11,11
23854,92,82,10,10
23855,98,110,-12,12
23856,67,66,1,1
23857,231,239,-8,8
23858,68,55,13,13
23859,59,64,-5,5
23860,82,67,15,15
23861,67,61,6,6
23862,88,74,14,14
23863,138,118,20,20
23864,81,65,16,16
23865,117,111,6,6
23866,67,66,1,1
23867,57,51,6,6
23868,53,60,-7,7
23869,87,86,1,1
23870,123,128,-5,5
23871,128,121,7,7
23872,80,85,-5,5
23873,95,98,-3,3
23874,105,102,3,3
23875,92,86,6,6
23876,97,88,9,9
23877,96,92,4,4
23878,114,103,11,11
23879,57,60,-3,3
23880,174,164,10,10
23881,98,90,8,8
23882,96,82,14,14
23883,34,56,-22,22
23884,53,61,-8,8
23885,70,70,0,0
23886,100,110,-10,10
23887,112,116,-4,4
23888,86,81,5,5
23889,106,106,0,0
23890,75,78,-3,3
23891,97,107,-10,10
23892,93,91,2,2
23893,105,83,22,22
23894,108,99,9,9
23895,137,142,-5,5
23896,99,105,-6,6
23897,71,73,-2,2
23898,157,155,2,2
23899,111,109,2,2
23900,102,89,13,13
23901,144,137,7,7
23902,86,78,8,8
23903,63,78,-15,15
23904,97,92,5,5
23905,30,57,-27,27
23906,77,68,9,9
23907,111,109,2,2
23908,77,73,4,4
23909,41,42,-1,1
23910,82,88,-6,6
23911,144,143,1,1
23912,117,113,4,4
23913,94,90,4,4
23914,58,61,-3,3
23915,101,92,9,9
23916,105,90,15,15
23917,99,98,1,1
23918,88,84,4,4
23919,69,74,-5,5
23920,67,63,4,4
23921,51,69,-18,18
23922,120,113,7,7
23923,60,74,-14,14
23924,90,79,11,11
23925,81,75,6,6
23926,163,179,-16,16
23927,142,131,11,11
23928,65,59,6,6
23929,156,143,13,13
23930,52,53,-1,1
23931,74,62,12,12
23932,115,111,4,4
23933,126,134,-8,8
23934,48,70,-22,22
23935,129,135,-6,6
23936,160,140,20,20
23937,110,121,-11,11
23938,121,125,-4,4
23939,97,89,8,8
23940,110,132,-22,22
23941,135,132,3,3
23942,153,154,-1,1
23943,103,123,-20,20
23944,103,96,7,7
23945,119,109,10,10
23946,76,86,-10,10
23947,195,226,-31,31
23948,57,59,-2,2
23949,59,78,-19,19
23950,146,157,-11,11
23951,91,73,18,18
23952,101,92,9,9
23953,240,222,18,18
23954,88,85,3,3
23955,83,71,12,12
23956,77,70,7,7
23957,82,80,2,2
23958,82,93,-11,11
23959,119,104,15,15
23960,106,94,12,12
23961,101,104,-3,3
23962,78,74,4,4
23963,82,74,8,8
23964,82,77,5,5
23965,126,117,9,9
23966,87,95,-8,8
23967,96,94,2,2
23968,68,64,4,4
23969,100,84,16,16
23970,71,74,-3,3
23971,91,101,-10,10
23972,118,114,4,4
23973,93,96,-3,3
23974,87,84,3,3
23975,75,82,-7,7
23976,64,70,-6,6
23977,94,95,-1,1
23978,45,64,-19,19
23979,97,81,16,16
23980,115,109,6,6
23981,84,82,2,2
23982,139,124,15,15
23983,155,161,-6,6
23984,65,71,-6,6
23985,72,71,1,1
23986,65,65,0,0
23987,45,55,-10,10
23988,92,89,3,3
23989,148,144,4,4
23990,163,139,24,24
23991,80,70,10,10
23992,131,125,6,6
23993,74,73,1,1
23994,62,66,-4,4
23995,65,59,6,6
23996,110,94,16,16
23997,119,86,33,33
23998,110,99,11,11
23999,89,94,-5,5
24000,104,112,-8,8
24001,110,119,-9,9
24002,83,67,16,16
24003,134,130,4,4
24004,110,111,-1,1
24005,74,97,-23,23
24006,152,156,-4,4
24007,103,99,4,4
24008,47,64,-17,17
24009,104,90,14,14
24010,59,65,-6,6
24011,76,60,16,16
24012,82,80,2,2
24013,100,101,-1,1
24014,127,116,11,11
24015,70,67,3,3
24016,71,79,-8,8
24017,83,86,-3,3
24018,80,79,1,1
24019,102,96,6,6
24020,70,81,-11,11
24021,89,85,4,4
24022,75,74,1,1
24023,104,96,8,8
24024,84,75,9,9
24025,56,64,-8,8
24026,55,68,-13,13
24027,141,150,-9,9
24028,82,86,-4,4
24029,182,163,19,19
24030,154,162,-8,8
24031,86,85,1,1
24032,78,80,-2,2
24033,91,89,2,2
24034,115,111,4,4
24035,112,117,-5,5
24036,98,110,-12,12
24037,83,80,3,3
24038,58,63,-5,5
24039,72,74,-2,2
24040,46,71,-25,25
24041,54,65,-11,11
24042,99,97,2,2
24043,100,128,-28,28
24044,114,109,5,5
24045,56,57,-1,1
24046,49,64,-15,15
24047,63,68,-5,5
24048,63,63,0,0
24049,72,72,0,0
24050,97,87,10,10
24051,59,65,-6,6
24052,123,130,-7,7
24053,109,113,-4,4
24054,108,96,12,12
24055,95,104,-9,9
24056,94,95,-1,1
24057,59,70,-11,11
24058,80,81,-1,1
24059,140,140,0,0
24060,102,102,0,0
24061,65,72,-7,7
24062,117,110,7,7
24063,63,61,2,2
24064,77,92,-15,15
24065,137,86,51,51
24066,114,112,2,2
24067,78,68,10,10
24068,45,53,-8,8
24069,84,90,-6,6
24070,96,102,-6,6
24071,62,71,-9,9
24072,67,73,-6,6
24073,178,160,18,18
24074,78,94,-16,16
24075,112,106,6,6
24076,99,74,25,25
24077,94,94,0,0
24078,86,76,10,10
24079,116,106,10,10
24080,64,65,-1,1
24081,51,69,-18,18
24082,176,145,31,31
24083,120,105,15,15
24084,121,109,12,12
24085,84,82,2,2
24086,108,105,3,3
24087,97,98,-1,1
24088,91,85,6,6
24089,117,116,1,1
24090,102,79,23,23
24091,53,60,-7,7
24092,82,77,5,5
24093,63,64,-1,1
24094,50,78,-28,28
24095,121,114,7,7
24096,33,53,-20,20
24097,75,75,0,0
24098,98,101,-3,3
24099,95,83,12,12
24100,94,97,-3,3
24101,43,53,-10,10
24102,88,97,-9,9
24103,72,77,-5,5
24104,118,112,6,6
24105,76,80,-4,4
24106,58,63,-5,5
24107,104,74,30,30
24108,115,113,2,2
24109,63,76,-13,13
24110,105,106,-1,1
24111,59,60,-1,1
24112,58,64,-6,6
24113,146,130,16,16
24114,82,79,3,3
24115,114,125,-11,11
24116,95,91,4,4
24117,46,56,-10,10
24118,122,106,16,16
24119,78,79,-1,1
24120,97,93,4,4
24121,111,105,6,6
24122,161,147,14,14
24123,157,164,-7,7
24124,90,93,-3,3
24125,69,62,7,7
24126,78,71,7,7
24127,111,105,6,6
24128,56,54,2,2
24129,83,73,10,10
24130,186,186,0,0
24131,76,77,-1,1
24132,76,75,1,1
24133,136,136,0,0
24134,87,81,6,6
24135,87,77,10,10
24136,72,49,23,23
24137,64,80,-16,16
24138,162,163,-1,1
24139,59,63,-4,4
24140,77,69,8,8
24141,58,64,-6,6
24142,65,63,2,2
24143,103,88,15,15
24144,74,66,8,8
24145,83,77,6,6
24146,62,57,5,5
24147,115,107,8,8
24148,88,96,-8,8
24149,79,77,2,2
24150,102,101,1,1
24151,76,77,-1,1
24152,72,75,-3,3
24153,127,123,4,4
24154,57,59,-2,2
24155,123,131,-8,8
24156,108,96,12,12
24157,179,159,20,20
24158,56,73,-17,17
24159,129,135,-6,6
24160,76,74,2,2
24161,160,135,25,25
24162,108,94,14,14
24163,65,64,1,1
24164,80,71,9,9
24165,68,81,-13,13
24166,125,157,-32,32
24167,55,66,-11,11
24168,101,107,-6,6
24169,102,93,9,9
24170,151,139,12,12
24171,98,125,-27,27
24172,72,81,-9,9
24173,124,121,3,3
24174,113,109,4,4
24175,84,67,17,17
24176,51,54,-3,3
24177,73,70,3,3
24178,58,61,-3,3
24179,103,100,3,3
24180,89,73,16,16
24181,103,101,2,2
24182,122,120,2,2
24183,62,68,-6,6
24184,152,140,12,12
24185,49,54,-5,5
24186,76,72,4,4
24187,107,105,2,2
24188,63,71,-8,8
24189,132,117,15,15
24190,167,97,70,70
24191,105,99,6,6
24192,160,167,-7,7
24193,86,85,1,1
24194,105,101,4,4
24195,88,90,-2,2
24196,102,93,9,9
24197,102,113,-11,11
24198,101,115,-14,14
24199,48,61,-13,13
24200,131,124,7,7
24201,45,57,-12,12
24202,100,101,-1,1
24203,77,71,6,6
24204,131,143,-12,12
24205,106,105,1,1
24206,115,104,11,11
24207,140,131,9,9
24208,111,110,1,1
24209,100,113,-13,13
24210,55,63,-8,8
24211,80,77,3,3
24212,98,118,-20,20
24213,61,65,-4,4
24214,106,101,5,5
24215,91,95,-4,4
24216,96,85,11,11
24217,88,82,6,6
24218,79,77,2,2
24219,108,119,-11,11
24220,108,116,-8,8
24221,137,121,16,16
24222,110,103,7,7
24223,67,63,4,4
24224,81,76,5,5
24225,74,69,5,5
24226,95,95,0,0
24227,36,55,-19,19
24228,96,95,1,1
24229,80,85,-5,5
24230,86,80,6,6
24231,145,157,-12,12
24232,163,167,-4,4
24233,57,57,0,0
24234,91,101,-10,10
24235,100,107,-7,7
24236,55,57,-2,2
24237,118,113,5,5
24238,183,187,-4,4
24239,79,78,1,1
24240,82,68,14,14
24241,107,97,10,10
24242,47,68,-21,21
24243,103,104,-1,1
24244,78,70,8,8
24245,114,115,-1,1
24246,127,122,5,5
24247,65,61,4,4
24248,149,164,-15,15
24249,72,63,9,9
24250,75,71,4,4
24251,99,100,-1,1
24252,91,82,9,9
24253,50,54,-4,4
24254,116,113,3,3
24255,150,136,14,14
24256,136,139,-3,3
24257,145,93,52,52
24258,64,71,-7,7
24259,81,80,1,1
24260,76,62,14,14
24261,91,92,-1,1
24262,64,69,-5,5
24263,52,58,-6,6
24264,85,82,3,3
24265,93,93,0,0
24266,80,88,-8,8
24267,84,83,1,1
24268,71,74,-3,3
24269,73,74,-1,1
24270,54,63,-9,9
24271,87,72,15,15
24272,88,98,-10,10
24273,50,60,-10,10
24274,122,108,14,14
24275,98,97,1,1
24276,82,75,7,7
24277,173,153,20,20
24278,78,74,4,4
24279,106,92,14,14
24280,103,110,-7,7
24281,78,65,13,13
24282,57,64,-7,7
24283,125,135,-10,10
24284,103,106,-3,3
24285,100,101,-1,1
24286,78,77,1,1
24287,122,107,15,15
24288,122,140,-18,18
24289,135,118,17,17
24290,110,91,19,19
24291,174,151,23,23
24292,54,63,-9,9
24293,43,59,-16,16
24294,82,78,4,4
24295,91,91,0,0
24296,104,95,9,9
24297,148,142,6,6
24298,30,55,-25,25
24299,115,115,0,0
24300,122,116,6,6
24301,126,121,5,5
24302,68,84,-16,16
24303,119,101,18,18
24304,124,124,0,0
24305,81,70,11,11
24306,74,68,6,6
24307,75,78,-3,3
24308,57,58,-1,1
24309,92,58,34,34
24310,79,69,10,10
24311,118,123,-5,5
24312,62,67,-5,5
24313,86,72,14,14
24314,57,54,3,3
24315,93,103,-10,10
24316,111,95,16,16
24317,77,78,-1,1
24318,66,70,-4,4
24319,142,107,35,35
24320,117,106,11,11
24321,48,61,-13,13
24322,195,180,15,15
24323,100,98,2,2
24324,103,73,30,30
24325,59,63,-4,4
24326,76,78,-2,2
24327,108,108,0,0
24328,127,126,1,1
24329,91,68,23,23
24330,67,72,-5,5
24331,157,140,17,17
24332,120,132,-12,12
24333,79,73,6,6
24334,95,92,3,3
24335,103,103,0,0
24336,126,117,9,9
24337,73,96,-23,23
24338,53,61,-8,8
24339,126,131,-5,5
24340,78,75,3,3
24341,128,125,3,3
24342,51,63,-12,12
24343,76,71,5,5
24344,130,137,-7,7
24345,87,92,-5,5
24346,76,81,-5,5
24347,71,74,-3,3
24348,115,114,1,1
24349,119,113,6,6
24350,75,78,-3,3
24351,75,78,-3,3
24352,93,91,2,2
24353,128,132,-4,4
24354,127,156,-29,29
24355,94,91,3,3
24356,133,121,12,12
24357,53,59,-6,6
24358,146,130,16,16
24359,117,127,-10,10
24360,74,77,-3,3
24361,126,123,3,3
24362,41,59,-18,18
24363,143,149,-6,6
24364,90,88,2,2
24365,73,67,6,6
24366,156,157,-1,1
24367,72,75,-3,3
24368,59,65,-6,6
24369,27,36,-9,9
24370,93,95,-2,2
24371,87,95,-8,8
24372,44,60,-16,16
24373,182,196,-14,14
24374,90,84,6,6
24375,170,162,8,8
24376,128,131,-3,3
24377,102,84,18,18
24378,99,93,6,6
24379,106,99,7,7
24380,86,79,7,7
24381,127,119,8,8
24382,99,75,24,24
24383,101,103,-2,2
24384,155,159,-4,4
24385,184,174,10,10
24386,98,93,5,5
24387,95,85,10,10
24388,108,128,-20,20
24389,103,101,2,2
24390,147,148,-1,1
24391,100,91,9,9
24392,76,91,-15,15
24393,308,265,43,43
24394,71,50,21,21
24395,80,73,7,7
24396,88,88,0,0
24397,92,103,-11,11
24398,105,106,-1,1
24399,63,74,-11,11
24400,89,77,12,12
24401,77,92,-15,15
24402,94,94,0,0
24403,72,88,-16,16
24404,65,58,7,7
24405,132,132,0,0
24406,90,83,7,7
24407,83,76,7,7
24408,35,77,-42,42
24409,163,162,1,1
24410,73,75,-2,2
24411,117,116,1,1
24412,87,84,3,3
24413,70,69,1,1
24414,189,186,3,3
24415,81,79,2,2
24416,59,66,-7,7
24417,110,116,-6,6
24418,103,109,-6,6
24419,89,89,0,0
24420,90,81,9,9
24421,475,417,58,58
24422,66,59,7,7
24423,97,97,0,0
24424,89,77,12,12
24425,106,93,13,13
24426,81,80,1,1
24427,143,125,18,18
24428,113,109,4,4
24429,83,86,-3,3
24430,276,283,-7,7
24431,88,79,9,9
24432,91,92,-1,1
24433,179,174,5,5
24434,175,136,39,39
24435,86,87,-1,1
24436,60,67,-7,7
24437,86,83,3,3
24438,104,94,10,10
24439,144,141,3,3
24440,93,91,2,2
24441,98,93,5,5
24442,59,71,-12,12
24443,112,152,-40,40
24444,98,105,-7,7
24445,60,66,-6,6
24446,72,79,-7,7
24447,42,61,-19,19
24448,57,64,-7,7
24449,138,125,13,13
24450,99,91,8,8
24451,134,130,4,4
24452,96,72,24,24
24453,101,93,8,8
24454,88,109,-21,21
24455,79,81,-2,2
24456,61,66,-5,5
24457,77,62,15,15
24458,119,110,9,9
24459,124,110,14,14
24460,77,80,-3,3
24461,81,84,-3,3
24462,70,66,4,4
24463,120,135,-15,15
24464,90,94,-4,4
24465,88,88,0,0
24466,49,57,-8,8
24467,70,67,3,3
24468,90,81,9,9
24469,70,69,1,1
24470,119,109,10,10
24471,99,98,1,1
24472,79,89,-10,10
24473,112,115,-3,3
24474,63,74,-11,11
24475,40,50,-10,10
24476,145,136,9,9
24477,82,76,6,6
24478,87,83,4,4
24479,75,62,13,13
24480,71,67,4,4
24481,84,75,9,9
24482,85,70,15,15
24483,101,99,2,2
24484,111,101,10,10
24485,90,91,-1,1
24486,63,65,-2,2
24487,174,197,-23,23
24488,106,94,12,12
24489,64,77,-13,13
24490,33,65,-32,32
24491,100,107,-7,7
24492,185,166,19,19
24493,68,66,2,2
24494,29,58,-29,29
24495,45,49,-4,4
24496,58,63,-5,5
24497,120,109,11,11
24498,124,110,14,14
24499,70,67,3,3
24500,104,103,1,1
24501,101,93,8,8
24502,92,92,0,0
24503,81,70,11,11
24504,59,62,-3,3
24505,84,77,7,7
24506,67,68,-1,1
24507,105,96,9,9
24508,81,76,5,5
24509,56,62,-6,6
24510,115,119,-4,4
24511,117,110,7,7
24512,95,81,14,14
24513,134,125,9,9
24514,89,96,-7,7
24515,136,132,4,4
24516,100,95,5,5
24517,95,114,-19,19
24518,73,70,3,3
24519,58,67,-9,9
24520,157,140,17,17
24521,77,95,-18,18
24522,54,54,0,0
24523,90,93,-3,3
24524,85,85,0,0
24525,71,86,-15,15
24526,73,67,6,6
24527,87,81,6,6
24528,57,67,-10,10
24529,64,64,0,0
24530,72,68,4,4
24531,184,165,19,19
24532,152,122,30,30
24533,88,85,3,3
24534,90,82,8,8
24535,96,99,-3,3
24536,117,100,17,17
24537,65,66,-1,1
24538,101,96,5,5
24539,130,133,-3,3
24540,189,177,12,12
24541,80,79,1,1
24542,72,71,1,1
24543,99,104,-5,5
24544,131,127,4,4
24545,120,128,-8,8
24546,64,68,-4,4
24547,59,56,3,3
24548,69,84,-15,15
24549,44,54,-10,10
24550,85,86,-1,1
24551,51,73,-22,22
24552,70,73,-3,3
24553,61,65,-4,4
24554,110,117,-7,7
24555,69,68,1,1
24556,56,62,-6,6
24557,125,134,-9,9
24558,91,81,10,10
24559,53,60,-7,7
24560,91,87,4,4
24561,42,57,-15,15
24562,85,79,6,6
24563,33,51,-18,18
24564,94,77,17,17
24565,143,141,2,2
24566,72,69,3,3
24567,85,85,0,0
24568,132,140,-8,8
24569,103,91,12,12
24570,131,105,26,26
24571,72,71,1,1
24572,109,106,3,3
24573,104,100,4,4
24574,128,126,2,2
24575,147,126,21,21
24576,90,87,3,3
24577,44,57,-13,13
24578,84,92,-8,8
24579,129,133,-4,4
24580,76,85,-9,9
24581,82,81,1,1
24582,155,131,24,24
24583,141,120,21,21
24584,110,124,-14,14
24585,117,121,-4,4
24586,112,113,-1,1
24587,109,113,-4,4
24588,63,57,6,6
24589,68,66,2,2
24590,140,136,4,4
24591,42,58,-16,16
24592,97,101,-4,4
24593,73,75,-2,2
24594,49,61,-12,12
24595,163,140,23,23
24596,116,105,11,11
24597,98,102,-4,4
24598,97,96,1,1
24599,76,73,3,3
24600,84,84,0,0
24601,52,51,1,1
24602,134,131,3,3
24603,62,63,-1,1
24604,123,128,-5,5
24605,55,58,-3,3
24606,80,89,-9,9
24607,77,70,7,7
24608,121,129,-8,8
24609,45,57,-12,12
24610,66,63,3,3
24611,59,52,7,7
24612,45,48,-3,3
24613,63,65,-2,2
24614,65,72,-7,7
24615,95,88,7,7
24616,84,74,10,10
24617,110,130,-20,20
24618,83,79,4,4
24619,133,112,21,21
24620,111,105,6,6
24621,69,72,-3,3
24622,43,63,-20,20
24623,97,95,2,2
24624,78,89,-11,11
24625,75,68,7,7
24626,130,125,5,5
24627,73,71,2,2
24628,156,163,-7,7
24629,110,87,23,23
24630,132,130,2,2
24631,108,111,-3,3
24632,97,102,-5,5
24633,139,137,2,2
24634,88,83,5,5
24635,136,125,11,11
24636,115,108,7,7
24637,141,127,14,14
24638,125,127,-2,2
24639,114,109,5,5
24640,127,121,6,6
24641,87,91,-4,4
24642,126,128,-2,2
24643,83,88,-5,5
24644,68,61,7,7
24645,100,100,0,0
24646,67,71,-4,4
24647,79,64,15,15
24648,123,113,10,10
24649,49,60,-11,11
24650,73,87,-14,14
24651,105,96,9,9
24652,86,86,0,0
24653,78,77,1,1
24654,97,81,16,16
24655,95,95,0,0
24656,46,63,-17,17
24657,105,98,7,7
24658,157,140,17,17
24659,97,109,-12,12
24660,130,111,19,19
24661,114,128,-14,14
24662,56,67,-11,11
24663,37,55,-18,18
24664,133,134,-1,1
24665,80,99,-19,19
24666,56,57,-1,1
24667,64,57,7,7
24668,78,82,-4,4
24669,96,84,12,12
24670,90,85,5,5
24671,126,114,12,12
24672,85,81,4,4
24673,60,62,-2,2
24674,92,81,11,11
24675,105,100,5,5
24676,92,85,7,7
24677,85,82,3,3
24678,187,167,20,20
24679,108,117,-9,9
24680,64,65,-1,1
24681,99,94,5,5
24682,92,82,10,10
24683,111,111,0,0
24684,83,69,14,14
24685,92,85,7,7
24686,68,59,9,9
24687,158,143,15,15
24688,54,52,2,2
24689,86,72,14,14
24690,94,92,2,2
24691,102,99,3,3
24692,55,49,6,6
24693,52,67,-15,15
24694,69,78,-9,9
24695,97,100,-3,3
24696,59,68,-9,9
24697,86,87,-1,1
24698,104,103,1,1
24699,119,125,-6,6
24700,124,107,17,17
24701,99,103,-4,4
24702,94,96,-2,2
24703,129,145,-16,16
24704,134,113,21,21
24705,58,66,-8,8
24706,131,123,8,8
24707,100,89,11,11
24708,97,84,13,13
24709,75,65,10,10
24710,133,128,5,5
24711,87,75,12,12
24712,76,78,-2,2
24713,55,65,-10,10
24714,167,157,10,10
24715,108,110,-2,2
24716,64,63,1,1
24717,56,65,-9,9
24718,49,84,-35,35
24719,55,47,8,8
24720,80,89,-9,9
24721,55,63,-8,8
24722,169,159,10,10
24723,156,149,7,7
24724,102,99,3,3
24725,94,82,12,12
24726,92,82,10,10
24727,116,127,-11,11
24728,120,119,1,1
24729,107,101,6,6
24730,113,115,-2,2
24731,75,76,-1,1
24732,67,59,8,8
24733,98,96,2,2
24734,193,175,18,18
24735,165,164,1,1
24736,92,78,14,14
24737,53,59,-6,6
24738,82,91,-9,9
24739,113,115,-2,2
24740,89,94,-5,5
24741,93,93,0,0
24742,94,82,12,12
24743,87,83,4,4
24744,145,131,14,14
24745,142,137,5,5
24746,115,108,7,7
24747,82,84,-2,2
24748,87,91,-4,4
24749,74,66,8,8
24750,61,52,9,9
24751,125,110,15,15
24752,74,73,1,1
24753,129,124,5,5
24754,88,74,14,14
24755,93,90,3,3
24756,83,83,0,0
24757,123,106,17,17
24758,103,96,7,7
24759,136,130,6,6
24760,88,82,6,6
24761,94,82,12,12
24762,71,74,-3,3
24763,80,79,1,1
24764,73,68,5,5
24765,90,79,11,11
24766,81,72,9,9
24767,85,90,-5,5
24768,48,59,-11,11
24769,122,133,-11,11
24770,120,110,10,10
24771,100,104,-4,4
24772,123,109,14,14
24773,154,131,23,23
24774,49,68,-19,19
24775,110,97,13,13
24776,90,94,-4,4
24777,103,94,9,9
24778,69,77,-8,8
24779,113,100,13,13
24780,102,101,1,1
24781,80,100,-20,20
24782,45,56,-11,11
24783,154,146,8,8
24784,116,108,8,8
24785,125,114,11,11
24786,182,165,17,17
24787,68,73,-5,5
24788,82,68,14,14
24789,78,79,-1,1
24790,60,70,-10,10
24791,119,112,7,7
24792,76,75,1,1
24793,102,96,6,6
24794,94,107,-13,13
24795,76,79,-3,3
24796,52,57,-5,5
24797,82,79,3,3
24798,117,120,-3,3
24799,110,96,14,14
24800,165,153,12,12
24801,79,71,8,8
24802,132,118,14,14
24803,118,110,8,8
24804,95,89,6,6
24805,74,77,-3,3
24806,52,58,-6,6
24807,104,102,2,2
24808,103,128,-25,25
24809,119,117,2,2
24810,99,93,6,6
24811,141,135,6,6
24812,62,61,1,1
24813,95,91,4,4
24814,115,114,1,1
24815,97,101,-4,4
24816,46,47,-1,1
24817,122,127,-5,5
24818,121,121,0,0
24819,102,106,-4,4
24820,148,138,10,10
24821,71,70,1,1
24822,114,102,12,12
24823,126,113,13,13
24824,84,78,6,6
24825,83,77,6,6
24826,101,80,21,21
24827,98,99,-1,1
24828,121,110,11,11
24829,84,87,-3,3
24830,56,54,2,2
24831,90,76,14,14
24832,85,84,1,1
24833,87,82,5,5
24834,113,113,0,0
24835,140,139,1,1
24836,116,105,11,11
24837,120,128,-8,8
24838,82,71,11,11
24839,150,143,7,7
24840,89,86,3,3
24841,72,72,0,0
24842,106,106,0,0
24843,66,73,-7,7
24844,67,72,-5,5
24845,78,72,6,6
24846,118,112,6,6
24847,83,91,-8,8
24848,133,138,-5,5
24849,127,117,10,10
24850,178,154,24,24
24851,70,65,5,5
24852,50,55,-5,5
24853,121,106,15,15
24854,127,122,5,5
24855,62,61,1,1
24856,74,72,2,2
24857,79,77,2,2
24858,95,91,4,4
24859,103,106,-3,3
24860,113,99,14,14
24861,58,64,-6,6
24862,162,125,37,37
24863,43,53,-10,10
24864,73,70,3,3
24865,60,66,-6,6
24866,134,120,14,14
24867,66,69,-3,3
24868,42,57,-15,15
24869,89,87,2,2
24870,82,67,15,15
24871,133,121,12,12
24872,28,54,-26,26
24873,120,110,10,10
24874,60,60,0,0
24875,59,62,-3,3
24876,54,61,-7,7
24877,81,90,-9,9
24878,102,90,12,12
24879,47,60,-13,13
24880,90,72,18,18
24881,123,103,20,20
24882,83,75,8,8
24883,92,109,-17,17
24884,105,103,2,2
24885,108,93,15,15
24886,114,124,-10,10
24887,57,60,-3,3
24888,67,75,-8,8
24889,85,86,-1,1
24890,68,63,5,5
24891,55,66,-11,11
24892,93,76,17,17
24893,61,62,-1,1
24894,61,75,-14,14
24895,87,83,4,4
24896,85,87,-2,2
24897,88,89,-1,1
24898,57,59,-2,2
24899,65,69,-4,4
24900,58,64,-6,6
24901,118,114,4,4
24902,94,101,-7,7
24903,164,165,-1,1
24904,74,72,2,2
24905,106,147,-41,41
24906,97,114,-17,17
24907,117,113,4,4
24908,123,119,4,4
24909,72,78,-6,6
24910,73,71,2,2
24911,105,154,-49,49
24912,53,53,0,0
24913,63,62,1,1
24914,85,86,-1,1
24915,136,133,3,3
24916,113,107,6,6
24917,92,106,-14,14
24918,97,99,-2,2
24919,95,101,-6,6
24920,106,96,10,10
24921,167,164,3,3
24922,121,124,-3,3
24923,42,48,-6,6
24924,80,82,-2,2
24925,48,50,-2,2
24926,116,113,3,3
24927,117,116,1,1
24928,67,57,10,10
24929,69,72,-3,3
24930,114,102,12,12
24931,134,118,16,16
24932,91,83,8,8
24933,88,83,5,5
24934,130,123,7,7
24935,187,196,-9,9
24936,99,101,-2,2
24937,95,100,-5,5
24938,151,156,-5,5
24939,97,96,1,1
24940,66,63,3,3
24941,39,64,-25,25
24942,114,115,-1,1
24943,124,115,9,9
24944,109,108,1,1
24945,92,102,-10,10
24946,50,56,-6,6
24947,139,127,12,12
24948,116,112,4,4
24949,79,75,4,4
24950,69,88,-19,19
24951,95,95,0,0
24952,112,109,3,3
24953,57,62,-5,5
24954,57,56,1,1
24955,112,123,-11,11
24956,77,80,-3,3
24957,79,80,-1,1
24958,115,112,3,3
24959,52,59,-7,7
24960,121,109,12,12
24961,93,94,-1,1
24962,51,61,-10,10
24963,71,73,-2,2
24964,126,126,0,0
24965,149,138,11,11
24966,91,111,-20,20
24967,142,143,-1,1
24968,55,63,-8,8
24969,110,106,4,4
24970,197,197,0,0
24971,85,84,1,1
24972,115,107,8,8
24973,111,106,5,5
24974,136,122,14,14
24975,57,57,0,0
24976,100,90,10,10
24977,121,125,-4,4
24978,105,96,9,9
24979,145,149,-4,4
24980,93,84,9,9
24981,104,101,3,3
24982,104,92,12,12
24983,89,80,9,9
24984,82,74,8,8
24985,137,129,8,8
24986,112,100,12,12
24987,99,86,13,13
24988,94,94,0,0
24989,140,125,15,15
24990,75,66,9,9
24991,114,118,-4,4
24992,71,81,-10,10
24993,155,147,8,8
24994,71,71,0,0
24995,61,66,-5,5
24996,84,82,2,2
24997,75,73,2,2
24998,128,134,-6,6
24999,247,264,-17,17
25000,101,103,-2,2
25001,113,94,19,19
25002,116,114,2,2
25003,112,110,2,2
25004,83,78,5,5
25005,52,62,-10,10
25006,73,63,10,10
25007,43,65,-22,22
25008,96,91,5,5
25009,49,61,-12,12
25010,57,63,-6,6
25011,104,121,-17,17
25012,86,80,6,6
25013,66,74,-8,8
25014,69,71,-2,2
25015,92,97,-5,5
25016,120,121,-1,1
25017,124,125,-1,1
25018,109,107,2,2
25019,90,97,-7,7
25020,88,84,4,4
25021,60,61,-1,1
25022,100,95,5,5
25023,171,222,-51,51
25024,55,66,-11,11
25025,143,136,7,7
25026,104,99,5,5
25027,120,117,3,3
25028,132,120,12,12
25029,142,139,3,3
25030,68,69,-1,1
25031,74,65,9,9
25032,107,100,7,7
25033,82,76,6,6
25034,48,50,-2,2
25035,83,76,7,7
25036,66,59,7,7
25037,90,90,0,0
25038,114,117,-3,3
25039,123,105,18,18
25040,140,124,16,16
25041,71,62,9,9
25042,112,94,18,18
25043,175,192,-17,17
25044,148,127,21,21
25045,87,76,11,11
25046,156,154,2,2
25047,44,57,-13,13
25048,105,94,11,11
25049,120,126,-6,6
25050,65,73,-8,8
25051,120,126,-6,6
25052,69,69,0,0
25053,91,96,-5,5
25054,135,101,34,34
25055,133,128,5,5
25056,81,82,-1,1
25057,74,71,3,3
25058,144,155,-11,11
25059,146,144,2,2
25060,95,86,9,9
25061,223,201,22,22
25062,126,106,20,20
25063,49,54,-5,5
25064,102,100,2,2
25065,116,110,6,6
25066,60,63,-3,3
25067,154,150,4,4
25068,134,116,18,18
25069,100,96,4,4
25070,76,72,4,4
25071,74,72,2,2
25072,77,69,8,8
25073,88,80,8,8
25074,76,80,-4,4
25075,81,82,-1,1
25076,165,163,2,2
25077,108,106,2,2
25078,53,43,10,10
25079,59,64,-5,5
25080,85,88,-3,3
25081,98,93,5,5
25082,58,57,1,1
25083,105,105,0,0
25084,148,138,10,10
25085,159,139,20,20
25086,163,172,-9,9
25087,102,101,1,1
25088,71,82,-11,11
25089,156,139,17,17
25090,97,85,12,12
25091,97,84,13,13
25092,72,73,-1,1
25093,83,106,-23,23
25094,81,65,16,16
25095,103,93,10,10
25096,95,91,4,4
25097,82,87,-5,5
25098,121,116,5,5
25099,78,74,4,4
25100,98,87,11,11
25101,145,142,3,3
25102,122,116,6,6
25103,123,116,7,7
25104,76,75,1,1
25105,195,191,4,4
25106,48,50,-2,2
25107,59,70,-11,11
25108,73,73,0,0
25109,73,71,2,2
25110,63,66,-3,3
25111,178,160,18,18
25112,69,71,-2,2
25113,96,91,5,5
25114,67,67,0,0
25115,46,51,-5,5
25116,88,86,2,2
25117,47,73,-26,26
25118,45,59,-14,14
25119,47,63,-16,16
25120,123,119,4,4
25121,124,115,9,9
25122,167,166,1,1
25123,136,118,18,18
25124,72,75,-3,3
25125,109,109,0,0
25126,74,75,-1,1
25127,80,78,2,2
25128,126,116,10,10
25129,119,111,8,8
25130,60,68,-8,8
25131,98,98,0,0
25132,128,107,21,21
25133,96,79,17,17
25134,109,103,6,6
25135,135,122,13,13
25136,86,84,2,2
25137,125,118,7,7
25138,71,78,-7,7
25139,137,129,8,8
25140,86,82,4,4
25141,150,176,-26,26
25142,83,80,3,3
25143,57,57,0,0
25144,87,85,2,2
25145,58,57,1,1
25146,74,88,-14,14
25147,168,145,23,23
25148,145,133,12,12
25149,65,73,-8,8
25150,76,81,-5,5
25151,114,109,5,5
25152,151,150,1,1
25153,146,168,-22,22
25154,65,76,-11,11
25155,77,102,-25,25
25156,165,144,21,21
25157,89,104,-15,15
25158,107,93,14,14
25159,96,111,-15,15
25160,115,114,1,1
25161,74,69,5,5
25162,160,163,-3,3
25163,82,85,-3,3
25164,80,71,9,9
25165,94,100,-6,6
25166,97,98,-1,1
25167,48,63,-15,15
25168,79,72,7,7
25169,16,41,-25,25
25170,100,102,-2,2
25171,51,68,-17,17
25172,86,84,2,2
25173,108,105,3,3
25174,46,56,-10,10
25175,55,69,-14,14
25176,112,121,-9,9
25177,84,80,4,4
25178,100,104,-4,4
25179,150,139,11,11
25180,138,131,7,7
25181,92,90,2,2
25182,66,69,-3,3
25183,103,104,-1,1
25184,96,90,6,6
25185,148,162,-14,14
25186,81,78,3,3
25187,45,88,-43,43
25188,126,126,0,0
25189,168,169,-1,1
25190,76,74,2,2
25191,134,141,-7,7
25192,83,75,8,8
25193,118,115,3,3
25194,117,113,4,4
25195,100,108,-8,8
25196,96,99,-3,3
25197,122,111,11,11
25198,76,83,-7,7
25199,96,102,-6,6
25200,103,99,4,4
25201,70,74,-4,4
25202,209,185,24,24
25203,75,83,-8,8
25204,54,65,-11,11
25205,111,108,3,3
25206,70,69,1,1
25207,100,95,5,5
25208,108,95,13,13
25209,56,62,-6,6
25210,172,190,-18,18
25211,67,63,4,4
25212,118,102,16,16
25213,47,60,-13,13
25214,69,73,-4,4
25215,85,95,-10,10
25216,63,66,-3,3
25217,267,257,10,10
25218,101,99,2,2
25219,126,114,12,12
25220,99,102,-3,3
25221,124,137,-13,13
25222,145,128,17,17
25223,83,86,-3,3
25224,96,85,11,11
25225,149,156,-7,7
25226,65,70,-5,5
25227,83,74,9,9
25228,51,64,-13,13
25229,73,85,-12,12
25230,164,126,38,38
25231,76,73,3,3
25232,86,91,-5,5
25233,128,122,6,6
25234,126,113,13,13
25235,75,76,-1,1
25236,85,82,3,3
25237,59,55,4,4
25238,80,70,10,10
25239,115,104,11,11
25240,96,84,12,12
25241,57,62,-5,5
25242,78,76,2,2
25243,92,97,-5,5
25244,114,115,-1,1
25245,97,79,18,18
25246,67,59,8,8
25247,68,82,-14,14
25248,88,89,-1,1
25249,58,62,-4,4
25250,86,94,-8,8
25251,81,89,-8,8
25252,80,82,-2,2
25253,107,116,-9,9
25254,65,73,-8,8
25255,77,69,8,8
25256,30,62,-32,32
25257,81,75,6,6
25258,91,97,-6,6
25259,62,61,1,1
25260,78,81,-3,3
25261,103,89,14,14
25262,113,106,7,7
25263,121,115,6,6
25264,75,72,3,3
25265,113,113,0,0
25266,52,60,-8,8
25267,93,97,-4,4
25268,51,61,-10,10
25269,128,113,15,15
25270,86,64,22,22
25271,107,105,2,2
25272,105,98,7,7
25273,195,199,-4,4
25274,64,62,2,2
25275,56,67,-11,11
25276,38,63,-25,25
25277,111,126,-15,15
25278,72,74,-2,2
25279,103,93,10,10
25280,93,88,5,5
25281,90,95,-5,5
25282,64,58,6,6
25283,142,129,13,13
25284,96,81,15,15
25285,85,89,-4,4
25286,99,97,2,2
25287,52,57,-5,5
25288,117,140,-23,23
25289,76,70,6,6
25290,80,87,-7,7
25291,99,90,9,9
25292,103,100,3,3
25293,60,70,-10,10
25294,96,99,-3,3
25295,112,107,5,5
25296,77,73,4,4
25297,126,120,6,6
25298,125,122,3,3
25299,132,131,1,1
25300,79,80,-1,1
25301,106,95,11,11
25302,35,53,-18,18
25303,85,66,19,19
25304,63,63,0,0
25305,65,63,2,2
25306,23,64,-41,41
25307,73,72,1,1
25308,103,103,0,0
25309,79,73,6,6
25310,81,81,0,0
25311,54,62,-8,8
25312,77,77,0,0
25313,90,89,1,1
25314,92,92,0,0
25315,54,58,-4,4
25316,101,103,-2,2
25317,102,79,23,23
25318,77,84,-7,7
25319,113,122,-9,9
25320,166,160,6,6
25321,74,78,-4,4
25322,116,124,-8,8
25323,127,124,3,3
25324,89,82,7,7
25325,101,97,4,4
25326,103,101,2,2
25327,127,121,6,6
25328,83,80,3,3
25329,123,127,-4,4
25330,118,114,4,4
25331,160,164,-4,4
25332,79,74,5,5
25333,76,71,5,5
25334,51,59,-8,8
25335,110,111,-1,1
25336,112,131,-19,19
25337,73,68,5,5
25338,90,79,11,11
25339,87,89,-2,2
25340,97,94,3,3
25341,51,52,-1,1
25342,175,181,-6,6
25343,51,61,-10,10
25344,96,93,3,3
25345,96,79,17,17
25346,87,89,-2,2
25347,98,95,3,3
25348,195,165,30,30
25349,74,70,4,4
25350,111,98,13,13
25351,62,62,0,0
25352,62,90,-28,28
25353,50,55,-5,5
25354,77,73,4,4
25355,68,68,0,0
25356,72,78,-6,6
25357,82,75,7,7
25358,69,71,-2,2
25359,133,130,3,3
25360,57,66,-9,9
25361,87,100,-13,13
25362,86,78,8,8
25363,53,87,-34,34
25364,111,134,-23,23
25365,85,90,-5,5
25366,68,66,2,2
25367,82,86,-4,4
25368,125,107,18,18
25369,127,112,15,15
25370,46,79,-33,33
25371,125,120,5,5
25372,133,113,20,20
25373,84,87,-3,3
25374,70,70,0,0
25375,130,108,22,22
25376,86,83,3,3
25377,161,151,10,10
25378,100,133,-33,33
25379,107,104,3,3
25380,89,86,3,3
25381,62,58,4,4
25382,75,74,1,1
25383,82,84,-2,2
25384,104,105,-1,1
25385,83,93,-10,10
25386,109,100,9,9
25387,57,53,4,4
25388,125,113,12,12
25389,87,78,9,9
25390,201,179,22,22
25391,75,70,5,5
25392,80,80,0,0
25393,143,159,-16,16
25394,120,117,3,3
25395,146,143,3,3
25396,70,68,2,2
25397,93,82,11,11
25398,110,114,-4,4
25399,43,58,-15,15
25400,97,84,13,13
25401,70,66,4,4
25402,85,79,6,6
25403,91,98,-7,7
25404,85,88,-3,3
25405,120,108,12,12
25406,70,72,-2,2
25407,61,58,3,3
25408,67,74,-7,7
25409,156,141,15,15
25410,45,56,-11,11
25411,121,129,-8,8
25412,93,105,-12,12
25413,111,125,-14,14
25414,72,77,-5,5
25415,44,49,-5,5
25416,140,150,-10,10
25417,52,57,-5,5
25418,70,70,0,0
25419,117,109,8,8
25420,60,49,11,11
25421,73,90,-17,17
25422,107,103,4,4
25423,90,86,4,4
25424,59,63,-4,4
25425,102,101,1,1
25426,73,71,2,2
25427,86,88,-2,2
25428,58,61,-3,3
25429,66,74,-8,8
25430,62,101,-39,39
25431,130,130,0,0
25432,121,102,19,19
25433,114,110,4,4
25434,128,130,-2,2
25435,106,108,-2,2
25436,94,92,2,2
25437,139,136,3,3
25438,57,60,-3,3
25439,62,72,-10,10
25440,59,63,-4,4
25441,134,112,22,22
25442,88,80,8,8
25443,67,66,1,1
25444,91,90,1,1
25445,79,77,2,2
25446,99,101,-2,2
25447,135,142,-7,7
25448,118,115,3,3
25449,97,87,10,10
25450,96,87,9,9
25451,81,79,2,2
25452,93,98,-5,5
25453,108,101,7,7
25454,69,64,5,5
25455,106,118,-12,12
25456,80,81,-1,1
25457,108,108,0,0
25458,95,88,7,7
25459,41,51,-10,10
25460,97,101,-4,4
25461,161,135,26,26
25462,96,83,13,13
25463,86,96,-10,10
25464,123,105,18,18
25465,84,62,22,22
25466,81,77,4,4
25467,99,98,1,1
25468,108,93,15,15
25469,57,69,-12,12
25470,82,74,8,8
25471,117,146,-29,29
25472,78,92,-14,14
25473,206,215,-9,9
25474,70,71,-1,1
25475,66,63,3,3
25476,132,112,20,20
25477,73,78,-5,5
25478,53,60,-7,7
25479,47,51,-4,4
25480,73,81,-8,8
25481,72,74,-2,2
25482,96,91,5,5
25483,182,186,-4,4
25484,80,70,10,10
25485,98,92,6,6
25486,103,103,0,0
25487,182,171,11,11
25488,136,154,-18,18
25489,101,103,-2,2
25490,81,72,9,9
25491,161,150,11,11
25492,83,85,-2,2
25493,57,63,-6,6
25494,119,101,18,18
25495,103,95,8,8
25496,143,123,20,20
25497,61,101,-40,40
25498,117,104,13,13
25499,113,108,5,5
25500,94,95,-1,1
25501,70,66,4,4
25502,116,125,-9,9
25503,102,86,16,16
25504,154,163,-9,9
25505,91,80,11,11
25506,105,110,-5,5
25507,114,118,-4,4
25508,160,158,2,2
25509,94,89,5,5
25510,151,135,16,16
25511,170,166,4,4
25512,76,63,13,13
25513,74,61,13,13
25514,101,103,-2,2
25515,62,68,-6,6
25516,84,76,8,8
25517,109,115,-6,6
25518,106,90,16,16
25519,119,108,11,11
25520,89,90,-1,1
25521,53,57,-4,4
25522,37,53,-16,16
25523,97,91,6,6
25524,91,79,12,12
25525,94,83,11,11
25526,111,89,22,22
25527,203,212,-9,9
25528,71,71,0,0
25529,63,73,-10,10
25530,55,63,-8,8
25531,87,79,8,8
25532,125,144,-19,19
25533,101,101,0,0
25534,98,89,9,9
25535,116,121,-5,5
25536,79,82,-3,3
25537,206,199,7,7
25538,102,100,2,2
25539,153,146,7,7
25540,86,95,-9,9
25541,60,66,-6,6
25542,95,98,-3,3
25543,156,150,6,6
25544,90,85,5,5
25545,131,118,13,13
25546,107,93,14,14
25547,56,57,-1,1
25548,96,91,5,5
25549,67,68,-1,1
25550,66,61,5,5
25551,116,106,10,10
25552,97,100,-3,3
25553,132,128,4,4
25554,87,86,1,1
25555,94,97,-3,3
25556,50,52,-2,2
25557,104,88,16,16
25558,179,193,-14,14
25559,121,104,17,17
25560,54,59,-5,5
25561,86,81,5,5
25562,29,50,-21,21
25563,109,101,8,8
25564,81,81,0,0
25565,75,88,-13,13
25566,179,165,14,14
25567,59,52,7,7
25568,122,113,9,9
25569,209,207,2,2
25570,53,66,-13,13
25571,79,74,5,5
25572,97,92,5,5
25573,99,101,-2,2
25574,50,61,-11,11
25575,81,83,-2,2
25576,77,74,3,3
25577,179,166,13,13
25578,100,103,-3,3
25579,57,69,-12,12
25580,88,89,-1,1
25581,47,49,-2,2
25582,92,89,3,3
25583,94,91,3,3
25584,49,57,-8,8
25585,155,128,27,27
25586,93,95,-2,2
25587,160,140,20,20
25588,34,47,-13,13
25589,109,97,12,12
25590,112,105,7,7
25591,65,64,1,1
25592,76,71,5,5
25593,82,90,-8,8
25594,97,81,16,16
25595,72,75,-3,3
25596,95,102,-7,7
25597,59,69,-10,10
25598,52,54,-2,2
25599,81,68,13,13
25600,87,77,10,10
25601,129,119,10,10
25602,57,72,-15,15
25603,54,57,-3,3
25604,122,100,22,22
25605,90,92,-2,2
25606,136,118,18,18
25607,55,57,-2,2
25608,69,76,-7,7
25609,118,110,8,8
25610,103,98,5,5
25611,70,63,7,7
25612,43,51,-8,8
25613,66,64,2,2
25614,140,138,2,2
25615,89,91,-2,2
25616,147,119,28,28
25617,112,114,-2,2
25618,78,66,12,12
25619,40,52,-12,12
25620,55,53,2,2
25621,77,76,1,1
25622,80,97,-17,17
25623,71,73,-2,2
25624,82,79,3,3
25625,82,86,-4,4
25626,93,104,-11,11
25627,68,70,-2,2
25628,96,88,8,8
25629,116,107,9,9
25630,53,69,-16,16
25631,87,80,7,7
25632,116,112,4,4
25633,102,96,6,6
25634,89,86,3,3
25635,121,113,8,8
25636,92,90,2,2
25637,29,58,-29,29
25638,98,83,15,15
25639,70,72,-2,2
25640,127,114,13,13
25641,208,208,0,0
25642,85,76,9,9
25643,84,85,-1,1
25644,92,93,-1,1
25645,118,124,-6,6
25646,66,77,-11,11
25647,79,78,1,1
25648,167,158,9,9
25649,174,175,-1,1
25650,92,83,9,9
25651,90,93,-3,3
25652,103,97,6,6
25653,85,84,1,1
25654,43,46,-3,3
25655,144,150,-6,6
25656,66,66,0,0
25657,33,59,-26,26
25658,50,52,-2,2
25659,68,72,-4,4
25660,152,172,-20,20
25661,102,94,8,8
25662,45,53,-8,8
25663,67,56,11,11
25664,59,62,-3,3
25665,92,91,1,1
25666,138,132,6,6
25667,152,155,-3,3
25668,79,67,12,12
25669,122,129,-7,7
25670,122,119,3,3
25671,59,70,-11,11
25672,164,149,15,15
25673,93,139,-46,46
25674,86,91,-5,5
25675,133,125,8,8
25676,95,97,-2,2
25677,86,91,-5,5
25678,76,77,-1,1
25679,152,152,0,0
25680,99,87,12,12
25681,62,64,-2,2
25682,92,91,1,1
25683,105,93,12,12
25684,95,83,12,12
25685,103,75,28,28
25686,64,61,3,3
25687,113,129,-16,16
25688,139,142,-3,3
25689,116,109,7,7
25690,109,115,-6,6
25691,110,106,4,4
25692,102,93,9,9
25693,108,115,-7,7
25694,83,62,21,21
25695,151,149,2,2
25696,84,94,-10,10
25697,109,98,11,11
25698,136,133,3,3
25699,109,102,7,7
25700,136,120,16,16
25701,109,98,11,11
25702,68,74,-6,6
25703,76,77,-1,1
25704,81,83,-2,2
25705,102,98,4,4
25706,139,134,5,5
25707,86,84,2,2
25708,105,89,16,16
25709,58,64,-6,6
25710,35,53,-18,18
25711,49,61,-12,12
25712,82,74,8,8
25713,70,79,-9,9
25714,79,79,0,0
25715,66,67,-1,1
25716,122,107,15,15
25717,77,68,9,9
25718,120,114,6,6
25719,155,139,16,16
25720,123,120,3,3
25721,74,83,-9,9
25722,88,75,13,13
25723,143,143,0,0
25724,88,72,16,16
25725,57,53,4,4
25726,130,123,7,7
25727,81,82,-1,1
25728,83,87,-4,4
25729,173,152,21,21
25730,66,73,-7,7
25731,91,96,-5,5
25732,70,62,8,8
25733,73,76,-3,3
25734,72,70,2,2
25735,73,72,1,1
25736,109,116,-7,7
25737,106,62,44,44
25738,72,66,6,6
25739,80,85,-5,5
25740,188,166,22,22
25741,112,103,9,9
25742,116,118,-2,2
25743,115,104,11,11
25744,97,89,8,8
25745,171,162,9,9
25746,96,110,-14,14
25747,97,88,9,9
25748,60,64,-4,4
25749,119,106,13,13
25750,144,143,1,1
25751,64,68,-4,4
25752,55,59,-4,4
25753,92,86,6,6
25754,92,86,6,6
25755,133,145,-12,12
25756,62,68,-6,6
25757,143,132,11,11
25758,92,94,-2,2
25759,95,107,-12,12
25760,43,53,-10,10
25761,110,100,10,10
25762,94,82,12,12
25763,68,72,-4,4
25764,81,79,2,2
25765,150,127,23,23
25766,129,121,8,8
25767,133,120,13,13
25768,105,92,13,13
25769,66,86,-20,20
25770,91,95,-4,4
25771,90,78,12,12
25772,117,97,20,20
25773,140,142,-2,2
25774,165,167,-2,2
25775,95,95,0,0
25776,85,90,-5,5
25777,158,151,7,7
25778,138,143,-5,5
25779,96,88,8,8
25780,122,119,3,3
25781,65,65,0,0
25782,63,63,0,0
25783,111,112,-1,1
25784,80,89,-9,9
25785,79,78,1,1
25786,100,85,15,15
25787,81,88,-7,7
25788,92,82,10,10
25789,75,87,-12,12
25790,82,85,-3,3
25791,79,80,-1,1
25792,57,66,-9,9
25793,148,115,33,33
25794,79,82,-3,3
25795,122,114,8,8
25796,82,88,-6,6
25797,61,72,-11,11
25798,38,55,-17,17
25799,94,102,-8,8
25800,101,84,17,17
25801,89,84,5,5
25802,68,60,8,8
25803,47,48,-1,1
25804,90,89,1,1
25805,60,53,7,7
25806,114,102,12,12
25807,80,83,-3,3
25808,127,112,15,15
25809,102,100,2,2
25810,69,69,0,0
25811,53,63,-10,10
25812,59,61,-2,2
25813,95,95,0,0
25814,64,58,6,6
25815,144,157,-13,13
25816,71,59,12,12
25817,100,95,5,5
25818,116,113,3,3
25819,104,102,2,2
25820,177,169,8,8
25821,108,105,3,3
25822,132,121,11,11
25823,118,105,13,13
25824,135,157,-22,22
25825,115,107,8,8
25826,73,75,-2,2
25827,133,126,7,7
25828,95,83,12,12
25829,80,76,4,4
25830,48,70,-22,22
25831,158,161,-3,3
25832,73,78,-5,5
25833,94,84,10,10
25834,74,95,-21,21
25835,154,150,4,4
25836,127,132,-5,5
25837,73,70,3,3
25838,89,79,10,10
25839,61,64,-3,3
25840,87,83,4,4
25841,65,78,-13,13
25842,81,78,3,3
25843,99,95,4,4
25844,83,83,0,0
25845,90,94,-4,4
25846,82,84,-2,2
25847,115,109,6,6
25848,137,138,-1,1
25849,78,76,2,2
25850,94,86,8,8
25851,101,109,-8,8
25852,96,88,8,8
25853,77,72,5,5
25854,112,101,11,11
25855,138,142,-4,4
25856,98,96,2,2
25857,91,102,-11,11
25858,143,130,13,13
25859,153,148,5,5
25860,40,59,-19,19
25861,69,78,-9,9
25862,67,71,-4,4
25863,43,49,-6,6
25864,104,102,2,2
25865,117,104,13,13
25866,84,72,12,12
25867,84,93,-9,9
25868,74,71,3,3
25869,75,71,4,4
25870,147,148,-1,1
25871,94,98,-4,4
25872,92,82,10,10
25873,71,71,0,0
25874,84,75,9,9
25875,78,98,-20,20
25876,83,74,9,9
25877,84,89,-5,5
25878,42,51,-9,9
25879,149,142,7,7
25880,95,92,3,3
25881,132,120,12,12
25882,83,78,5,5
25883,131,134,-3,3
25884,62,75,-13,13
25885,87,91,-4,4
25886,91,80,11,11
25887,155,158,-3,3
25888,73,78,-5,5
25889,98,101,-3,3
25890,72,71,1,1
25891,75,83,-8,8
25892,147,145,2,2
25893,54,61,-7,7
25894,128,116,12,12
25895,98,94,4,4
25896,111,112,-1,1
25897,81,82,-1,1
25898,87,77,10,10
25899,28,68,-40,40
25900,123,116,7,7
25901,82,77,5,5
25902,82,76,6,6
25903,113,110,3,3
25904,121,131,-10,10
25905,124,114,10,10
25906,85,71,14,14
25907,82,89,-7,7
25908,107,102,5,5
25909,113,106,7,7
25910,74,75,-1,1
25911,97,89,8,8
25912,56,78,-22,22
25913,89,86,3,3
25914,132,127,5,5
25915,134,130,4,4
25916,93,93,0,0
25917,128,140,-12,12
25918,121,124,-3,3
25919,132,141,-9,9
25920,114,110,4,4
25921,93,87,6,6
25922,132,127,5,5
25923,139,119,20,20
25924,59,60,-1,1
25925,185,180,5,5
25926,47,47,0,0
25927,68,61,7,7
25928,122,129,-7,7
25929,130,124,6,6
25930,98,93,5,5
25931,42,51,-9,9
25932,125,119,6,6
25933,56,62,-6,6
25934,129,128,1,1
25935,60,79,-19,19
25936,51,57,-6,6
25937,78,77,1,1
25938,62,69,-7,7
25939,80,91,-11,11
25940,39,60,-21,21
25941,120,113,7,7
25942,100,87,13,13
25943,112,125,-13,13
25944,85,82,3,3
25945,118,111,7,7
25946,124,136,-12,12
25947,56,54,2,2
25948,97,103,-6,6
25949,83,78,5,5
25950,91,100,-9,9
25951,68,68,0,0
25952,108,116,-8,8
25953,87,82,5,5
25954,57,68,-11,11
25955,70,59,11,11
25956,87,82,5,5
25957,111,97,14,14
25958,79,89,-10,10
25959,117,93,24,24
25960,95,94,1,1
25961,139,133,6,6
25962,52,61,-9,9
25963,47,97,-50,50
25964,104,109,-5,5
25965,89,87,2,2
25966,86,90,-4,4
25967,90,85,5,5
25968,113,108,5,5
25969,89,84,5,5
25970,94,87,7,7
25971,134,130,4,4
25972,63,66,-3,3
25973,102,88,14,14
25974,146,134,12,12
25975,140,134,6,6
25976,73,79,-6,6
25977,127,138,-11,11
25978,47,56,-9,9
25979,90,103,-13,13
25980,77,71,6,6
25981,136,131,5,5
25982,121,117,4,4
25983,82,73,9,9
25984,114,120,-6,6
25985,114,101,13,13
25986,80,80,0,0
25987,82,77,5,5
25988,79,78,1,1
25989,107,118,-11,11
25990,113,93,20,20
25991,114,110,4,4
25992,52,60,-8,8
25993,67,65,2,2
25994,74,81,-7,7
25995,113,116,-3,3
25996,77,65,12,12
25997,125,139,-14,14
25998,60,60,0,0
25999,78,80,-2,2
26000,94,98,-4,4
26001,102,88,14,14
26002,115,100,15,15
26003,114,110,4,4
26004,115,113,2,2
26005,109,102,7,7
26006,107,107,0,0
26007,80,80,0,0
26008,111,104,7,7
26009,36,63,-27,27
26010,78,77,1,1
26011,87,77,10,10
26012,74,72,2,2
26013,70,80,-10,10
26014,64,61,3,3
26015,51,63,-12,12
26016,97,94,3,3
26017,106,100,6,6
26018,150,148,2,2
26019,105,106,-1,1
26020,80,75,5,5
26021,81,81,0,0
26022,78,87,-9,9
26023,103,106,-3,3
26024,68,70,-2,2
26025,69,60,9,9
26026,100,110,-10,10
26027,100,87,13,13
26028,171,164,7,7
26029,102,92,10,10
26030,98,88,10,10
26031,81,85,-4,4
26032,86,75,11,11
26033,47,59,-12,12
26034,83,77,6,6
26035,139,135,4,4
26036,71,68,3,3
26037,142,146,-4,4
26038,65,68,-3,3
26039,68,68,0,0
26040,63,63,0,0
26041,105,93,12,12
26042,53,64,-11,11
26043,126,116,10,10
26044,137,140,-3,3
26045,64,63,1,1
26046,126,137,-11,11
26047,117,105,12,12
26048,65,76,-11,11
26049,133,139,-6,6
26050,64,74,-10,10
26051,96,81,15,15
26052,92,89,3,3
26053,99,97,2,2
26054,148,155,-7,7
26055,54,66,-12,12
26056,99,78,21,21
26057,89,89,0,0
26058,63,63,0,0
26059,90,82,8,8
26060,71,65,6,6
26061,82,71,11,11
26062,89,71,18,18
26063,58,55,3,3
26064,88,89,-1,1
26065,91,111,-20,20
26066,29,46,-17,17
26067,63,53,10,10
26068,73,72,1,1
26069,68,63,5,5
26070,76,80,-4,4
26071,73,75,-2,2
26072,152,134,18,18
26073,113,95,18,18
26074,57,72,-15,15
26075,81,77,4,4
26076,102,102,0,0
26077,87,107,-20,20
26078,106,106,0,0
26079,83,79,4,4
26080,164,162,2,2
26081,122,99,23,23
26082,68,80,-12,12
26083,79,76,3,3
26084,57,61,-4,4
26085,116,116,0,0
26086,57,66,-9,9
26087,105,94,11,11
26088,95,99,-4,4
26089,164,169,-5,5
26090,159,161,-2,2
26091,92,83,9,9
26092,100,107,-7,7
26093,64,62,2,2
26094,121,160,-39,39
26095,157,148,9,9
26096,116,108,8,8
26097,46,57,-11,11
26098,106,83,23,23
26099,67,69,-2,2
26100,83,90,-7,7
26101,66,67,-1,1
26102,105,103,2,2
26103,166,164,2,2
26104,109,80,29,29
26105,75,72,3,3
26106,86,75,11,11
26107,91,79,12,12
26108,76,66,10,10
26109,149,166,-17,17
26110,102,93,9,9
26111,76,75,1,1
26112,64,61,3,3
26113,108,97,11,11
26114,99,91,8,8
26115,104,103,1,1
26116,136,147,-11,11
26117,72,94,-22,22
26118,92,80,12,12
26119,70,59,11,11
26120,69,63,6,6
26121,154,134,20,20
26122,129,130,-1,1
26123,102,99,3,3
26124,107,97,10,10
26125,107,99,8,8
26126,75,76,-1,1
26127,108,104,4,4
26128,96,84,12,12
26129,80,85,-5,5
26130,73,79,-6,6
26131,129,126,3,3
26132,57,64,-7,7
26133,92,91,1,1
26134,70,77,-7,7
26135,61,62,-1,1
26136,52,64,-12,12
26137,145,144,1,1
26138,74,76,-2,2
26139,75,82,-7,7
26140,134,131,3,3
26141,105,103,2,2
26142,108,90,18,18
26143,98,89,9,9
26144,96,80,16,16
26145,135,135,0,0
26146,103,92,11,11
26147,84,78,6,6
26148,132,124,8,8
26149,114,104,10,10
26150,87,84,3,3
26151,55,61,-6,6
26152,65,58,7,7
26153,48,52,-4,4
26154,64,65,-1,1
26155,113,103,10,10
26156,137,130,7,7
26157,124,120,4,4
26158,47,72,-25,25
26159,103,94,9,9
26160,136,123,13,13
26161,80,80,0,0
26162,65,79,-14,14
26163,117,110,7,7
26164,113,118,-5,5
26165,71,55,16,16
26166,132,136,-4,4
26167,102,84,18,18
26168,191,194,-3,3
26169,127,117,10,10
26170,102,101,1,1
26171,104,85,19,19
26172,113,103,10,10
26173,74,92,-18,18
26174,143,140,3,3
26175,73,70,3,3
26176,143,129,14,14
26177,120,105,15,15
26178,95,97,-2,2
26179,84,84,0,0
26180,146,147,-1,1
26181,70,67,3,3
26182,125,107,18,18
26183,79,80,-1,1
26184,77,83,-6,6
26185,69,67,2,2
26186,100,95,5,5
26187,190,161,29,29
26188,90,98,-8,8
26189,67,76,-9,9
26190,179,182,-3,3
26191,68,73,-5,5
26192,79,92,-13,13
26193,149,138,11,11
26194,87,58,29,29
26195,58,84,-26,26
26196,176,197,-21,21
26197,67,65,2,2
26198,76,80,-4,4
26199,127,119,8,8
26200,73,66,7,7
26201,68,79,-11,11
26202,70,65,5,5
26203,101,86,15,15
26204,122,137,-15,15
26205,95,88,7,7
26206,90,97,-7,7
26207,85,86,-1,1
26208,138,128,10,10
26209,115,117,-2,2
26210,122,114,8,8
26211,59,61,-2,2
26212,51,53,-2,2
26213,106,93,13,13
26214,110,110,0,0
26215,111,108,3,3
26216,62,75,-13,13
26217,93,70,23,23
26218,46,62,-16,16
26219,107,105,2,2
26220,144,130,14,14
26221,92,78,14,14
26222,92,93,-1,1
26223,95,105,-10,10
26224,154,155,-1,1
26225,54,69,-15,15
26226,102,98,4,4
26227,61,61,0,0
26228,109,107,2,2
26229,155,129,26,26
26230,83,70,13,13
26231,79,74,5,5
26232,102,103,-1,1
26233,133,135,-2,2
26234,134,138,-4,4
26235,81,81,0,0
26236,151,153,-2,2
26237,46,56,-10,10
26238,97,96,1,1
26239,62,73,-11,11
26240,114,105,9,9
26241,83,92,-9,9
26242,114,110,4,4
26243,87,90,-3,3
26244,110,90,20,20
26245,232,236,-4,4
26246,35,55,-20,20
26247,96,86,10,10
26248,87,96,-9,9
26249,52,54,-2,2
26250,89,82,7,7
26251,84,72,12,12
26252,84,80,4,4
26253,151,153,-2,2
26254,51,56,-5,5
26255,112,99,13,13
26256,189,192,-3,3
26257,68,55,13,13
26258,77,71,6,6
26259,62,74,-12,12
26260,112,117,-5,5
26261,95,82,13,13
26262,81,74,7,7
26263,108,96,12,12
26264,96,89,7,7
26265,58,63,-5,5
26266,84,76,8,8
26267,116,99,17,17
26268,97,98,-1,1
26269,92,101,-9,9
26270,101,112,-11,11
26271,56,58,-2,2
26272,74,79,-5,5
26273,115,104,11,11
26274,74,79,-5,5
26275,58,61,-3,3
26276,129,128,1,1
26277,91,94,-3,3
26278,59,64,-5,5
26279,52,50,2,2
26280,73,77,-4,4
26281,69,55,14,14
26282,119,96,23,23
26283,126,117,9,9
26284,114,97,17,17
26285,100,103,-3,3
26286,86,87,-1,1
26287,116,133,-17,17
26288,72,68,4,4
26289,61,62,-1,1
26290,83,69,14,14
26291,94,88,6,6
26292,90,92,-2,2
26293,93,97,-4,4
26294,31,46,-15,15
26295,163,167,-4,4
26296,99,85,14,14
26297,46,58,-12,12
26298,55,50,5,5
26299,75,75,0,0
26300,72,64,8,8
26301,107,94,13,13
26302,89,88,1,1
26303,66,60,6,6
26304,67,73,-6,6
26305,145,145,0,0
26306,151,150,1,1
26307,153,129,24,24
26308,56,55,1,1
26309,97,96,1,1
26310,162,154,8,8
26311,90,91,-1,1
26312,106,94,12,12
26313,27,53,-26,26
26314,93,80,13,13
26315,105,103,2,2
26316,123,129,-6,6
26317,61,57,4,4
26318,64,62,2,2
26319,109,103,6,6
26320,153,149,4,4
26321,81,76,5,5
26322,167,161,6,6
26323,100,96,4,4
26324,40,62,-22,22
26325,84,88,-4,4
26326,126,122,4,4
26327,69,85,-16,16
26328,54,50,4,4
26329,41,55,-14,14
26330,86,88,-2,2
26331,71,62,9,9
26332,97,97,0,0
26333,131,128,3,3
26334,42,59,-17,17
26335,102,87,15,15
26336,83,77,6,6
26337,187,183,4,4
26338,180,191,-11,11
26339,73,68,5,5
26340,108,134,-26,26
26341,57,63,-6,6
26342,121,122,-1,1
26343,88,92,-4,4
26344,105,101,4,4
26345,80,80,0,0
26346,86,79,7,7
26347,124,112,12,12
26348,117,102,15,15
26349,112,112,0,0
26350,66,67,-1,1
26351,94,95,-1,1
26352,107,107,0,0
26353,45,62,-17,17
26354,121,111,10,10
26355,82,58,24,24
26356,69,67,2,2
26357,160,148,12,12
26358,119,110,9,9
26359,58,57,1,1
26360,100,99,1,1
26361,72,67,5,5
26362,67,62,5,5
26363,66,72,-6,6
26364,119,113,6,6
26365,138,148,-10,10
26366,65,60,5,5
26367,105,108,-3,3
26368,36,50,-14,14
26369,69,72,-3,3
26370,78,76,2,2
26371,131,117,14,14
26372,109,115,-6,6
26373,75,69,6,6
26374,63,52,11,11
26375,53,62,-9,9
26376,105,110,-5,5
26377,64,66,-2,2
26378,70,69,1,1
26379,26,49,-23,23
26380,181,164,17,17
26381,66,67,-1,1
26382,130,136,-6,6
26383,122,118,4,4
26384,94,80,14,14
26385,124,127,-3,3
26386,70,74,-4,4
26387,114,106,8,8
26388,93,82,11,11
26389,106,108,-2,2
26390,96,96,0,0
26391,90,85,5,5
26392,118,118,0,0
26393,63,90,-27,27
26394,79,81,-2,2
26395,43,60,-17,17
26396,112,115,-3,3
26397,45,52,-7,7
26398,114,120,-6,6
26399,107,97,10,10
26400,83,72,11,11
26401,40,61,-21,21
26402,98,95,3,3
26403,115,108,7,7
26404,92,90,2,2
26405,131,132,-1,1
26406,106,87,19,19
26407,99,89,10,10
26408,67,66,1,1
26409,171,174,-3,3
26410,128,109,19,19
26411,88,76,12,12
26412,56,59,-3,3
26413,113,107,6,6
26414,62,61,1,1
26415,81,77,4,4
26416,83,80,3,3
26417,113,103,10,10
26418,100,102,-2,2
26419,91,88,3,3
26420,79,80,-1,1
26421,156,139,17,17
26422,113,111,2,2
26423,67,80,-13,13
26424,129,121,8,8
26425,89,84,5,5
26426,66,64,2,2
26427,102,97,5,5
26428,131,118,13,13
26429,111,103,8,8
26430,47,56,-9,9
26431,37,61,-24,24
26432,92,90,2,2
26433,91,84,7,7
26434,101,94,7,7
26435,43,65,-22,22
26436,78,79,-1,1
26437,102,101,1,1
26438,92,89,3,3
26439,96,107,-11,11
26440,109,106,3,3
26441,98,94,4,4
26442,131,119,12,12
26443,104,109,-5,5
26444,96,120,-24,24
26445,98,90,8,8
26446,66,69,-3,3
26447,75,71,4,4
26448,70,67,3,3
26449,49,62,-13,13
26450,110,101,9,9
26451,128,113,15,15
26452,50,68,-18,18
26453,85,89,-4,4
26454,59,63,-4,4
26455,41,48,-7,7
26456,71,75,-4,4
26457,117,106,11,11
26458,91,79,12,12
26459,64,63,1,1
26460,118,123,-5,5
26461,43,55,-12,12
26462,134,120,14,14
26463,101,94,7,7
26464,109,98,11,11
26465,114,102,12,12
26466,118,120,-2,2
26467,70,77,-7,7
26468,102,98,4,4
26469,157,157,0,0
26470,308,301,7,7
26471,104,116,-12,12
26472,106,96,10,10
26473,74,76,-2,2
26474,148,137,11,11
26475,106,93,13,13
26476,74,74,0,0
26477,118,110,8,8
26478,114,115,-1,1
26479,60,60,0,0
26480,135,119,16,16
26481,60,66,-6,6
26482,62,56,6,6
26483,120,124,-4,4
26484,150,170,-20,20
26485,112,97,15,15
26486,87,80,7,7
26487,100,104,-4,4
26488,52,63,-11,11
26489,82,80,2,2
26490,136,152,-16,16
26491,65,72,-7,7
26492,104,93,11,11
26493,134,134,0,0
26494,104,77,27,27
26495,119,119,0,0
26496,119,122,-3,3
26497,60,64,-4,4
26498,155,161,-6,6
26499,129,130,-1,1
26500,46,60,-14,14
26501,58,71,-13,13
26502,73,71,2,2
26503,114,106,8,8
26504,85,90,-5,5
26505,77,78,-1,1
26506,89,93,-4,4
26507,186,179,7,7
26508,74,69,5,5
26509,80,73,7,7
26510,108,106,2,2
26511,112,80,32,32
26512,38,58,-20,20
26513,61,69,-8,8
26514,109,97,12,12
26515,46,52,-6,6
26516,139,125,14,14
26517,85,92,-7,7
26518,97,92,5,5
26519,60,75,-15,15
26520,36,62,-26,26
26521,89,101,-12,12
26522,147,146,1,1
26523,94,86,8,8
26524,88,76,12,12
26525,120,104,16,16
26526,75,77,-2,2
26527,95,88,7,7
26528,90,74,16,16
26529,46,53,-7,7
26530,49,78,-29,29
26531,145,128,17,17
26532,93,78,15,15
26533,48,67,-19,19
26534,93,92,1,1
26535,76,57,19,19
26536,51,52,-1,1
26537,102,93,9,9
26538,86,79,7,7
26539,88,79,9,9
26540,97,105,-8,8
26541,139,132,7,7
26542,163,167,-4,4
26543,91,104,-13,13
26544,139,127,12,12
26545,56,69,-13,13
26546,56,61,-5,5
26547,84,81,3,3
26548,85,83,2,2
26549,55,62,-7,7
26550,82,68,14,14
26551,90,83,7,7
26552,102,87,15,15
26553,46,47,-1,1
26554,151,154,-3,3
26555,90,82,8,8
26556,78,113,-35,35
26557,70,62,8,8
26558,126,114,12,12
26559,114,127,-13,13
26560,135,115,20,20
26561,209,203,6,6
26562,163,157,6,6
26563,62,61,1,1
26564,79,84,-5,5
26565,90,89,1,1
26566,126,118,8,8
26567,161,147,14,14
26568,119,107,12,12
26569,65,74,-9,9
26570,75,94,-19,19
26571,94,91,3,3
26572,57,56,1,1
26573,60,57,3,3
26574,62,69,-7,7
26575,61,64,-3,3
26576,174,175,-1,1
26577,65,61,4,4
26578,122,118,4,4
26579,103,124,-21,21
26580,66,61,5,5
26581,110,95,15,15
26582,59,59,0,0
26583,120,111,9,9
26584,101,98,3,3
26585,94,92,2,2
26586,125,116,9,9
26587,76,74,2,2
26588,66,85,-19,19
26589,85,87,-2,2
26590,101,107,-6,6
26591,79,76,3,3
26592,179,165,14,14
26593,73,74,-1,1
26594,97,94,3,3
26595,40,52,-12,12
26596,75,59,16,16
26597,157,140,17,17
26598,77,80,-3,3
26599,108,115,-7,7
26600,129,125,4,4
26601,100,87,13,13
26602,76,82,-6,6
26603,40,69,-29,29
26604,72,74,-2,2
26605,81,73,8,8
26606,122,112,10,10
26607,77,75,2,2
26608,162,165,-3,3
26609,52,62,-10,10
26610,86,78,8,8
26611,61,72,-11,11
26612,139,130,9,9
26613,122,117,5,5
26614,129,131,-2,2
26615,64,64,0,0
26616,53,49,4,4
26617,163,156,7,7
26618,76,82,-6,6
26619,47,57,-10,10
26620,57,56,1,1
26621,142,130,12,12
26622,89,75,14,14
26623,100,102,-2,2
26624,126,134,-8,8
26625,149,134,15,15
26626,102,90,12,12
26627,51,54,-3,3
26628,131,113,18,18
26629,113,110,3,3
26630,128,113,15,15
26631,84,73,11,11
26632,88,83,5,5
26633,96,86,10,10
26634,131,113,18,18
26635,142,128,14,14
26636,139,141,-2,2
26637,62,55,7,7
26638,162,157,5,5
26639,100,98,2,2
26640,94,94,0,0
26641,118,109,9,9
26642,140,125,15,15
26643,105,103,2,2
26644,54,59,-5,5
26645,80,76,4,4
26646,54,66,-12,12
26647,82,81,1,1
26648,78,75,3,3
26649,81,80,1,1
26650,55,63,-8,8
26651,142,147,-5,5
26652,152,141,11,11
26653,121,112,9,9
26654,109,103,6,6
26655,80,86,-6,6
26656,73,70,3,3
26657,154,114,40,40
26658,122,133,-11,11
26659,85,82,3,3
26660,65,64,1,1
26661,127,115,12,12
26662,44,51,-7,7
26663,90,94,-4,4
26664,115,111,4,4
26665,124,114,10,10
26666,148,154,-6,6
26667,49,48,1,1
26668,77,84,-7,7
26669,173,179,-6,6
26670,68,68,0,0
26671,149,151,-2,2
26672,73,72,1,1
26673,54,58,-4,4
26674,90,77,13,13
26675,73,68,5,5
26676,74,79,-5,5
26677,49,65,-16,16
26678,79,72,7,7
26679,117,126,-9,9
26680,57,67,-10,10
26681,123,106,17,17
26682,94,86,8,8
26683,124,101,23,23
26684,74,79,-5,5
26685,63,66,-3,3
26686,116,105,11,11
26687,93,84,9,9
26688,115,120,-5,5
26689,64,63,1,1
26690,117,125,-8,8
26691,74,69,5,5
26692,49,63,-14,14
26693,72,73,-1,1
26694,86,79,7,7
26695,52,56,-4,4
26696,87,82,5,5
26697,152,146,6,6
26698,61,59,2,2
26699,67,65,2,2
26700,64,72,-8,8
26701,100,102,-2,2
26702,135,114,21,21
26703,120,115,5,5
26704,124,115,9,9
26705,105,106,-1,1
26706,144,145,-1,1
26707,100,111,-11,11
26708,80,76,4,4
26709,73,86,-13,13
26710,82,85,-3,3
26711,76,79,-3,3
26712,115,119,-4,4
26713,106,106,0,0
26714,125,125,0,0
26715,86,81,5,5
26716,94,96,-2,2
26717,80,86,-6,6
26718,145,130,15,15
26719,122,120,2,2
26720,122,112,10,10
26721,115,113,2,2
26722,66,68,-2,2
26723,85,87,-2,2
26724,95,89,6,6
26725,110,90,20,20
26726,49,66,-17,17
26727,80,89,-9,9
26728,101,97,4,4
26729,77,70,7,7
26730,89,96,-7,7
26731,130,113,17,17
26732,106,109,-3,3
26733,56,62,-6,6
26734,68,62,6,6
26735,152,149,3,3
26736,113,110,3,3
26737,98,89,9,9
26738,125,118,7,7
26739,71,74,-3,3
26740,123,113,10,10
26741,97,73,24,24
26742,77,75,2,2
26743,56,65,-9,9
26744,127,121,6,6
26745,49,60,-11,11
26746,115,109,6,6
26747,61,64,-3,3
26748,97,89,8,8
26749,101,96,5,5
26750,77,84,-7,7
26751,117,128,-11,11
26752,90,91,-1,1
26753,120,116,4,4
26754,80,79,1,1
26755,71,63,8,8
26756,54,61,-7,7
26757,80,84,-4,4
26758,110,107,3,3
26759,71,79,-8,8
26760,82,88,-6,6
26761,68,74,-6,6
26762,78,78,0,0
26763,69,62,7,7
26764,87,81,6,6
26765,94,93,1,1
26766,137,135,2,2
26767,57,60,-3,3
26768,56,48,8,8
26769,57,67,-10,10
26770,62,63,-1,1
26771,63,62,1,1
26772,165,169,-4,4
26773,115,105,10,10
26774,133,134,-1,1
26775,94,81,13,13
26776,107,112,-5,5
26777,106,104,2,2
26778,112,115,-3,3
26779,93,85,8,8
26780,55,61,-6,6
26781,85,81,4,4
26782,41,46,-5,5
26783,120,107,13,13
26784,99,98,1,1
26785,83,68,15,15
26786,84,86,-2,2
26787,110,108,2,2
26788,124,114,10,10
26789,122,105,17,17
26790,38,62,-24,24
26791,120,120,0,0
26792,97,97,0,0
26793,61,56,5,5
26794,113,111,2,2
26795,74,68,6,6
26796,79,79,0,0
26797,125,105,20,20
26798,81,77,4,4
26799,125,114,11,11
26800,123,125,-2,2
26801,90,96,-6,6
26802,48,56,-8,8
26803,55,54,1,1
26804,62,57,5,5
26805,64,79,-15,15
26806,91,93,-2,2
26807,145,147,-2,2
26808,86,78,8,8
26809,66,68,-2,2
26810,116,114,2,2
26811,76,74,2,2
26812,88,85,3,3
26813,103,103,0,0
26814,97,105,-8,8
26815,138,128,10,10
26816,75,73,2,2
26817,92,81,11,11
26818,149,151,-2,2
26819,60,72,-12,12
26820,108,109,-1,1
26821,30,53,-23,23
26822,89,84,5,5
26823,49,72,-23,23
26824,97,92,5,5
26825,128,117,11,11
26826,96,87,9,9
26827,96,89,7,7
26828,63,55,8,8
26829,76,75,1,1
26830,106,104,2,2
26831,79,87,-8,8
26832,127,115,12,12
26833,45,57,-12,12
26834,105,129,-24,24
26835,90,92,-2,2
26836,43,53,-10,10
26837,235,198,37,37
26838,50,68,-18,18
26839,111,93,18,18
26840,69,79,-10,10
26841,52,144,-92,92
26842,105,98,7,7
26843,49,59,-10,10
26844,66,69,-3,3
26845,64,63,1,1
26846,75,75,0,0
26847,70,77,-7,7
26848,96,85,11,11
26849,86,90,-4,4
26850,109,104,5,5
26851,357,191,166,166
26852,74,69,5,5
26853,96,96,0,0
26854,101,97,4,4
26855,86,92,-6,6
26856,97,83,14,14
26857,47,61,-14,14
26858,76,84,-8,8
26859,139,129,10,10
26860,127,119,8,8
26861,119,107,12,12
26862,133,121,12,12
26863,190,194,-4,4
26864,119,107,12,12
26865,96,91,5,5
26866,31,52,-21,21
26867,94,102,-8,8
26868,112,120,-8,8
26869,104,98,6,6
26870,162,144,18,18
26871,128,122,6,6
26872,142,140,2,2
26873,107,70,37,37
26874,120,108,12,12
26875,57,60,-3,3
26876,157,150,7,7
26877,94,94,0,0
26878,109,116,-7,7
26879,58,64,-6,6
26880,108,94,14,14
26881,88,83,5,5
26882,123,128,-5,5
26883,85,73,12,12
26884,136,133,3,3
26885,72,65,7,7
26886,77,66,11,11
26887,59,66,-7,7
26888,154,151,3,3
26889,63,79,-16,16
26890,40,57,-17,17
26891,142,149,-7,7
26892,160,158,2,2
26893,68,75,-7,7
26894,91,77,14,14
26895,77,83,-6,6
26896,135,136,-1,1
26897,134,215,-81,81
26898,172,181,-9,9
26899,131,162,-31,31
26900,86,81,5,5
26901,67,71,-4,4
26902,55,60,-5,5
26903,148,150,-2,2
26904,66,65,1,1
26905,120,99,21,21
26906,83,80,3,3
26907,101,102,-1,1
26908,83,67,16,16
26909,106,137,-31,31
26910,99,94,5,5
26911,67,76,-9,9
26912,130,130,0,0
26913,79,79,0,0
26914,43,56,-13,13
26915,146,134,12,12
26916,57,53,4,4
26917,100,98,2,2
26918,139,124,15,15
26919,114,98,16,16
26920,61,65,-4,4
26921,77,81,-4,4
26922,102,103,-1,1
26923,104,93,11,11
26924,145,133,12,12
26925,81,81,0,0
26926,87,87,0,0
26927,135,145,-10,10
26928,117,117,0,0
26929,82,75,7,7
26930,118,118,0,0
26931,106,112,-6,6
26932,123,114,9,9
26933,109,105,4,4
26934,66,64,2,2
26935,86,73,13,13
26936,104,99,5,5
26937,61,76,-15,15
26938,59,78,-19,19
26939,68,63,5,5
26940,68,67,1,1
26941,63,65,-2,2
26942,85,80,5,5
26943,135,141,-6,6
26944,117,118,-1,1
26945,134,124,10,10
26946,104,100,4,4
26947,73,69,4,4
26948,79,79,0,0
26949,137,137,0,0
26950,106,91,15,15
26951,80,70,10,10
26952,175,171,4,4
26953,96,103,-7,7
26954,137,126,11,11
26955,119,112,7,7
26956,118,119,-1,1
26957,135,131,4,4
26958,127,108,19,19
26959,103,101,2,2
26960,87,82,5,5
26961,90,71,19,19
26962,50,60,-10,10
26963,68,70,-2,2
26964,75,73,2,2
26965,150,148,2,2
26966,107,95,12,12
26967,122,121,1,1
26968,48,58,-10,10
26969,141,148,-7,7
26970,96,83,13,13
26971,93,90,3,3
26972,85,79,6,6
26973,55,57,-2,2
26974,51,55,-4,4
26975,99,90,9,9
26976,52,52,0,0
26977,79,68,11,11
26978,110,100,10,10
26979,121,110,11,11
26980,37,51,-14,14
26981,92,91,1,1
26982,66,61,5,5
26983,148,138,10,10
26984,83,76,7,7
26985,175,160,15,15
26986,88,78,10,10
26987,110,93,17,17
26988,79,77,2,2
26989,64,59,5,5
26990,124,109,15,15
26991,129,119,10,10
26992,91,81,10,10
26993,59,55,4,4
26994,49,70,-21,21
26995,132,119,13,13
26996,76,112,-36,36
26997,110,101,9,9
26998,61,66,-5,5
26999,90,86,4,4
27000,126,118,8,8
27001,98,93,5,5
27002,59,63,-4,4
27003,93,98,-5,5
27004,76,68,8,8
27005,75,71,4,4
27006,85,87,-2,2
27007,149,133,16,16
27008,89,85,4,4
27009,112,104,8,8
27010,88,68,20,20
27011,65,66,-1,1
27012,86,90,-4,4
27013,64,53,11,11
27014,81,90,-9,9
27015,86,86,0,0
27016,70,60,10,10
27017,150,136,14,14
27018,102,88,14,14
27019,92,86,6,6
27020,47,53,-6,6
27021,92,100,-8,8
27022,108,111,-3,3
27023,85,79,6,6
27024,127,127,0,0
27025,114,105,9,9
27026,89,86,3,3
27027,98,97,1,1
27028,47,49,-2,2
27029,95,102,-7,7
27030,174,178,-4,4
27031,74,77,-3,3
27032,214,228,-14,14
27033,35,56,-21,21
27034,202,208,-6,6
27035,83,82,1,1
27036,125,115,10,10
27037,109,93,16,16
27038,54,58,-4,4
27039,56,70,-14,14
27040,71,72,-1,1
27041,81,80,1,1
27042,78,77,1,1
27043,61,61,0,0
27044,77,72,5,5
27045,114,105,9,9
27046,59,74,-15,15
27047,116,130,-14,14
27048,49,73,-24,24
27049,66,79,-13,13
27050,91,85,6,6
27051,98,102,-4,4
27052,73,74,-1,1
27053,78,70,8,8
27054,105,116,-11,11
27055,112,104,8,8
27056,84,84,0,0
27057,78,80,-2,2
27058,112,117,-5,5
27059,178,155,23,23
27060,134,139,-5,5
27061,93,93,0,0
27062,99,92,7,7
27063,67,69,-2,2
27064,76,81,-5,5
27065,80,75,5,5
27066,74,71,3,3
27067,83,81,2,2
27068,99,110,-11,11
27069,70,56,14,14
27070,64,65,-1,1
27071,128,119,9,9
27072,93,76,17,17
27073,65,61,4,4
27074,40,44,-4,4
27075,133,124,9,9
27076,97,92,5,5
27077,89,88,1,1
27078,73,65,8,8
27079,102,88,14,14
27080,62,69,-7,7
27081,91,88,3,3
27082,147,146,1,1
27083,70,68,2,2
27084,71,72,-1,1
27085,86,75,11,11
27086,62,71,-9,9
27087,104,86,18,18
27088,72,68,4,4
27089,52,60,-8,8
27090,38,48,-10,10
27091,67,66,1,1
27092,196,200,-4,4
27093,47,57,-10,10
27094,51,53,-2,2
27095,88,87,1,1
27096,96,89,7,7
27097,42,51,-9,9
27098,101,99,2,2
27099,105,97,8,8
27100,70,74,-4,4
27101,87,91,-4,4
27102,120,125,-5,5
27103,71,71,0,0
27104,118,106,12,12
27105,71,86,-15,15
27106,101,106,-5,5
27107,80,75,5,5
27108,107,97,10,10
27109,87,77,10,10
27110,60,82,-22,22
27111,56,62,-6,6
27112,79,79,0,0
27113,148,134,14,14
27114,75,71,4,4
27115,53,54,-1,1
27116,88,83,5,5
27117,104,132,-28,28
27118,77,64,13,13
27119,53,60,-7,7
27120,114,113,1,1
27121,74,65,9,9
27122,73,70,3,3
27123,127,120,7,7
27124,81,76,5,5
27125,127,123,4,4
27126,139,116,23,23
27127,78,77,1,1
27128,79,72,7,7
27129,115,106,9,9
27130,125,105,20,20
27131,141,134,7,7
27132,127,109,18,18
27133,105,104,1,1
27134,57,78,-21,21
27135,99,95,4,4
27136,91,88,3,3
27137,98,97,1,1
27138,114,123,-9,9
27139,74,72,2,2
27140,143,127,16,16
27141,68,63,5,5
27142,159,142,17,17
27143,69,59,10,10
27144,72,59,13,13
27145,48,63,-15,15
27146,110,108,2,2
27147,86,86,0,0
27148,72,70,2,2
27149,80,79,1,1
27150,70,79,-9,9
27151,37,64,-27,27
27152,79,79,0,0
27153,53,47,6,6
27154,82,89,-7,7
27155,55,58,-3,3
27156,72,76,-4,4
27157,104,96,8,8
27158,81,86,-5,5
27159,131,137,-6,6
27160,110,107,3,3
27161,70,79,-9,9
27162,96,100,-4,4
27163,56,64,-8,8
27164,76,71,5,5
27165,87,82,5,5
27166,100,90,10,10
27167,51,65,-14,14
27168,67,65,2,2
27169,50,59,-9,9
27170,72,77,-5,5
27171,69,64,5,5
27172,96,96,0,0
27173,90,86,4,4
27174,84,78,6,6
27175,136,132,4,4
27176,83,79,4,4
27177,93,93,0,0
27178,130,150,-20,20
27179,111,108,3,3
27180,107,110,-3,3
27181,112,116,-4,4
27182,27,53,-26,26
27183,156,146,10,10
27184,102,98,4,4
27185,122,118,4,4
27186,114,97,17,17
27187,39,48,-9,9
27188,137,131,6,6
27189,86,80,6,6
27190,83,69,14,14
27191,148,148,0,0
27192,108,105,3,3
27193,102,85,17,17
27194,95,91,4,4
27195,52,64,-12,12
27196,78,78,0,0
27197,99,90,9,9
27198,124,116,8,8
27199,94,96,-2,2
27200,120,123,-3,3
27201,102,99,3,3
27202,128,128,0,0
27203,64,56,8,8
27204,78,75,3,3
27205,65,71,-6,6
27206,128,134,-6,6
27207,88,77,11,11
27208,63,62,1,1
27209,86,91,-5,5
27210,102,99,3,3
27211,120,86,34,34
27212,95,97,-2,2
27213,83,70,13,13
27214,96,101,-5,5
27215,75,81,-6,6
27216,50,60,-10,10
27217,69,66,3,3
27218,118,99,19,19
27219,103,105,-2,2
27220,88,88,0,0
27221,83,81,2,2
27222,113,99,14,14
27223,89,80,9,9
27224,92,91,1,1
27225,96,88,8,8
27226,97,121,-24,24
27227,57,65,-8,8
27228,70,69,1,1
27229,79,90,-11,11
27230,81,70,11,11
27231,106,103,3,3
27232,178,166,12,12
27233,141,134,7,7
27234,97,90,7,7
27235,152,160,-8,8
27236,82,71,11,11
27237,62,63,-1,1
27238,69,74,-5,5
27239,145,137,8,8
27240,80,79,1,1
27241,124,123,1,1
27242,128,121,7,7
27243,147,125,22,22
27244,181,185,-4,4
27245,92,87,5,5
27246,48,58,-10,10
27247,144,142,2,2
27248,54,66,-12,12
27249,116,108,8,8
27250,106,87,19,19
27251,72,69,3,3
27252,139,135,4,4
27253,153,150,3,3
27254,105,89,16,16
27255,152,142,10,10
27256,137,113,24,24
27257,123,116,7,7
27258,49,54,-5,5
27259,80,70,10,10
27260,63,53,10,10
27261,35,62,-27,27
27262,53,58,-5,5
27263,80,81,-1,1
27264,56,49,7,7
27265,143,149,-6,6
27266,160,165,-5,5
27267,98,93,5,5
27268,98,108,-10,10
27269,83,89,-6,6
27270,117,125,-8,8
27271,143,132,11,11
27272,91,95,-4,4
27273,60,70,-10,10
27274,106,96,10,10
27275,33,59,-26,26
27276,65,65,0,0
27277,79,75,4,4
27278,47,56,-9,9
27279,78,75,3,3
27280,108,103,5,5
27281,59,63,-4,4
27282,75,84,-9,9
27283,130,134,-4,4
27284,75,87,-12,12
27285,89,93,-4,4
27286,85,75,10,10
27287,127,125,2,2
27288,71,78,-7,7
27289,103,99,4,4
27290,40,58,-18,18
27291,57,68,-11,11
27292,142,140,2,2
27293,61,80,-19,19
27294,77,70,7,7
27295,95,95,0,0
27296,90,74,16,16
27297,101,100,1,1
27298,64,60,4,4
27299,154,126,28,28
27300,90,88,2,2
27301,103,97,6,6
27302,134,126,8,8
27303,96,76,20,20
27304,48,49,-1,1
27305,88,76,12,12
27306,126,125,1,1
27307,80,80,0,0
27308,66,65,1,1
27309,43,58,-15,15
27310,71,72,-1,1
27311,102,95,7,7
27312,78,68,10,10
27313,99,96,3,3
27314,110,103,7,7
27315,105,108,-3,3
27316,103,110,-7,7
27317,103,99,4,4
27318,62,70,-8,8
27319,92,94,-2,2
27320,68,71,-3,3
27321,94,94,0,0
27322,97,100,-3,3
27323,50,66,-16,16
27324,46,65,-19,19
27325,76,73,3,3
27326,127,102,25,25
27327,55,57,-2,2
27328,62,62,0,0
27329,114,114,0,0
27330,70,71,-1,1
27331,110,102,8,8
27332,115,107,8,8
27333,102,90,12,12
27334,105,110,-5,5
27335,99,89,10,10
27336,122,124,-2,2
27337,69,74,-5,5
27338,69,63,6,6
27339,79,79,0,0
27340,67,73,-6,6
27341,76,75,1,1
27342,54,60,-6,6
27343,96,90,6,6
27344,90,87,3,3
27345,73,69,4,4
27346,76,72,4,4
27347,48,59,-11,11
27348,104,109,-5,5
27349,64,65,-1,1
27350,76,75,1,1
27351,106,100,6,6
27352,58,69,-11,11
27353,118,109,9,9
27354,78,85,-7,7
27355,119,128,-9,9
27356,64,72,-8,8
27357,144,119,25,25
27358,112,101,11,11
27359,60,60,0,0
27360,58,79,-21,21
27361,148,154,-6,6
27362,70,70,0,0
27363,193,186,7,7
27364,90,94,-4,4
27365,50,61,-11,11
27366,94,89,5,5
27367,114,101,13,13
27368,57,51,6,6
27369,72,80,-8,8
27370,97,73,24,24
27371,121,112,9,9
27372,96,91,5,5
27373,78,85,-7,7
27374,124,132,-8,8
27375,156,159,-3,3
27376,103,88,15,15
27377,117,111,6,6
27378,75,66,9,9
27379,101,99,2,2
27380,45,53,-8,8
27381,60,65,-5,5
27382,124,119,5,5
27383,129,128,1,1
27384,90,91,-1,1
27385,79,81,-2,2
27386,64,68,-4,4
27387,87,90,-3,3
27388,138,137,1,1
27389,106,101,5,5
27390,96,100,-4,4
27391,124,113,11,11
27392,78,83,-5,5
27393,99,87,12,12
27394,208,182,26,26
27395,111,110,1,1
27396,107,91,16,16
27397,92,80,12,12
27398,87,77,10,10
27399,108,114,-6,6
27400,70,70,0,0
27401,115,116,-1,1
27402,86,86,0,0
27403,86,83,3,3
27404,165,156,9,9
27405,59,104,-45,45
27406,111,109,2,2
27407,196,188,8,8
27408,99,91,8,8
27409,121,98,23,23
27410,57,62,-5,5
27411,78,68,10,10
27412,98,102,-4,4
27413,90,71,19,19
27414,89,85,4,4
27415,97,97,0,0
27416,77,72,5,5
27417,78,73,5,5
27418,95,105,-10,10
27419,98,82,16,16
27420,126,116,10,10
27421,107,96,11,11
27422,83,79,4,4
27423,129,134,-5,5
27424,93,103,-10,10
27425,210,176,34,34
27426,112,111,1,1
27427,51,58,-7,7
27428,93,87,6,6
27429,61,74,-13,13
27430,76,78,-2,2
27431,107,99,8,8
27432,115,99,16,16
27433,106,105,1,1
27434,77,77,0,0
27435,102,105,-3,3
27436,54,58,-4,4
27437,81,67,14,14
27438,64,67,-3,3
27439,134,129,5,5
27440,124,108,16,16
27441,49,58,-9,9
27442,90,103,-13,13
27443,72,61,11,11
27444,76,76,0,0
27445,114,101,13,13
27446,59,67,-8,8
27447,97,111,-14,14
27448,96,78,18,18
27449,177,147,30,30
27450,111,99,12,12
27451,105,108,-3,3
27452,78,79,-1,1
27453,85,85,0,0
27454,71,76,-5,5
27455,114,105,9,9
27456,78,82,-4,4
27457,164,161,3,3
27458,75,76,-1,1
27459,128,124,4,4
27460,105,115,-10,10
27461,75,72,3,3
27462,87,86,1,1
27463,104,104,0,0
27464,130,119,11,11
27465,101,103,-2,2
27466,81,78,3,3
27467,75,67,8,8
27468,115,110,5,5
27469,80,71,9,9
27470,54,76,-22,22
27471,93,97,-4,4
27472,142,135,7,7
27473,41,68,-27,27
27474,78,80,-2,2
27475,62,60,2,2
27476,68,71,-3,3
27477,45,51,-6,6
27478,99,93,6,6
27479,92,79,13,13
27480,88,81,7,7
27481,134,139,-5,5
27482,112,91,21,21
27483,97,109,-12,12
27484,131,140,-9,9
27485,71,70,1,1
27486,39,57,-18,18
27487,68,90,-22,22
27488,47,62,-15,15
27489,60,54,6,6
27490,151,139,12,12
27491,81,63,18,18
27492,104,101,3,3
27493,99,104,-5,5
27494,103,98,5,5
27495,84,74,10,10
27496,92,89,3,3
27497,108,102,6,6
27498,124,119,5,5
27499,68,69,-1,1
27500,107,102,5,5
27501,97,76,21,21
27502,108,99,9,9
27503,54,72,-18,18
27504,75,76,-1,1
27505,43,51,-8,8
27506,105,108,-3,3
27507,103,106,-3,3
27508,85,82,3,3
27509,121,117,4,4
27510,85,85,0,0
27511,102,94,8,8
27512,113,117,-4,4
27513,70,74,-4,4
27514,120,113,7,7
27515,106,89,17,17
27516,72,69,3,3
27517,89,87,2,2
27518,90,78,12,12
27519,52,53,-1,1
27520,78,82,-4,4
27521,88,89,-1,1
27522,290,254,36,36
27523,98,93,5,5
27524,94,91,3,3
27525,130,113,17,17
27526,50,58,-8,8
27527,102,101,1,1
27528,72,72,0,0
27529,79,83,-4,4
27530,101,96,5,5
27531,88,74,14,14
27532,75,76,-1,1
27533,109,115,-6,6
27534,68,61,7,7
27535,117,117,0,0
27536,112,98,14,14
27537,149,134,15,15
27538,94,92,2,2
27539,73,63,10,10
27540,86,85,1,1
27541,68,59,9,9
27542,94,93,1,1
27543,96,93,3,3
27544,86,115,-29,29
27545,84,89,-5,5
27546,98,87,11,11
27547,149,126,23,23
27548,92,89,3,3
27549,72,71,1,1
27550,108,106,2,2
27551,85,89,-4,4
27552,92,92,0,0
27553,72,73,-1,1
27554,73,83,-10,10
27555,91,90,1,1
27556,167,178,-11,11
27557,78,81,-3,3
27558,50,62,-12,12
27559,96,97,-1,1
27560,105,103,2,2
27561,102,99,3,3
27562,106,101,5,5
27563,138,123,15,15
27564,123,108,15,15
27565,76,77,-1,1
27566,95,88,7,7
27567,87,92,-5,5
27568,154,157,-3,3
27569,75,70,5,5
27570,137,123,14,14
27571,98,79,19,19
27572,96,92,4,4
27573,68,73,-5,5
27574,66,69,-3,3
27575,96,96,0,0
27576,99,100,-1,1
27577,53,60,-7,7
27578,36,67,-31,31
27579,79,74,5,5
27580,108,95,13,13
27581,20,47,-27,27
27582,95,93,2,2
27583,78,82,-4,4
27584,114,107,7,7
27585,89,95,-6,6
27586,118,133,-15,15
27587,163,152,11,11
27588,64,62,2,2
27589,50,52,-2,2
27590,65,66,-1,1
27591,91,92,-1,1
27592,126,131,-5,5
27593,96,94,2,2
27594,115,111,4,4
27595,114,112,2,2
27596,139,119,20,20
27597,45,56,-11,11
27598,155,163,-8,8
27599,77,70,7,7
27600,105,97,8,8
27601,156,129,27,27
27602,90,86,4,4
27603,105,91,14,14
27604,36,55,-19,19
27605,134,132,2,2
27606,111,118,-7,7
27607,61,64,-3,3
27608,97,91,6,6
27609,76,79,-3,3
27610,81,78,3,3
27611,71,71,0,0
27612,99,97,2,2
27613,98,100,-2,2
27614,89,88,1,1
27615,153,139,14,14
27616,110,117,-7,7
27617,61,53,8,8
27618,72,70,2,2
27619,107,106,1,1
27620,107,103,4,4
27621,116,109,7,7
27622,116,107,9,9
27623,71,71,0,0
27624,95,85,10,10
27625,99,91,8,8
27626,59,58,1,1
27627,107,127,-20,20
27628,130,121,9,9
27629,95,75,20,20
27630,165,138,27,27
27631,171,157,14,14
27632,93,101,-8,8
27633,79,85,-6,6
27634,175,170,5,5
27635,121,123,-2,2
27636,155,159,-4,4
27637,174,179,-5,5
27638,81,69,12,12
27639,57,58,-1,1
27640,180,162,18,18
27641,116,105,11,11
27642,162,151,11,11
27643,77,67,10,10
27644,78,73,5,5
27645,111,110,1,1
27646,87,72,15,15
27647,37,52,-15,15
27648,176,164,12,12
27649,69,81,-12,12
27650,72,72,0,0
27651,91,81,10,10
27652,102,96,6,6
27653,81,80,1,1
27654,142,145,-3,3
27655,189,168,21,21
27656,200,199,1,1
27657,61,64,-3,3
27658,89,91,-2,2
27659,94,93,1,1
27660,88,87,1,1
27661,85,73,12,12
27662,88,80,8,8
27663,52,64,-12,12
27664,61,71,-10,10
27665,79,71,8,8
27666,141,132,9,9
27667,83,87,-4,4
27668,112,145,-33,33
27669,123,113,10,10
27670,54,56,-2,2
27671,66,64,2,2
27672,117,119,-2,2
27673,73,72,1,1
27674,70,90,-20,20
27675,66,66,0,0
27676,105,119,-14,14
27677,77,76,1,1
27678,100,90,10,10
27679,167,140,27,27
27680,73,67,6,6
27681,130,120,10,10
27682,87,76,11,11
27683,85,79,6,6
27684,69,71,-2,2
27685,73,71,2,2
27686,77,78,-1,1
27687,138,127,11,11
27688,80,86,-6,6
27689,55,57,-2,2
27690,117,105,12,12
27691,110,103,7,7
27692,60,61,-1,1
27693,96,81,15,15
27694,85,84,1,1
27695,106,104,2,2
27696,94,93,1,1
27697,69,77,-8,8
27698,125,130,-5,5
27699,179,164,15,15
27700,86,80,6,6
27701,129,119,10,10
27702,82,83,-1,1
27703,91,71,20,20
27704,150,140,10,10
27705,57,64,-7,7
27706,70,65,5,5
27707,134,122,12,12
27708,71,77,-6,6
27709,74,75,-1,1
27710,83,82,1,1
27711,82,95,-13,13
27712,70,73,-3,3
27713,82,84,-2,2
27714,52,60,-8,8
27715,93,88,5,5
27716,54,57,-3,3
27717,136,130,6,6
27718,72,69,3,3
27719,86,112,-26,26
27720,108,120,-12,12
27721,93,91,2,2
27722,57,75,-18,18
27723,78,74,4,4
27724,130,121,9,9
27725,83,85,-2,2
27726,116,89,27,27
27727,103,89,14,14
27728,79,81,-2,2
27729,43,56,-13,13
27730,100,97,3,3
27731,77,78,-1,1
27732,127,121,6,6
27733,83,77,6,6
27734,134,155,-21,21
27735,108,95,13,13
27736,122,111,11,11
27737,86,82,4,4
27738,71,64,7,7
27739,111,116,-5,5
27740,132,118,14,14
27741,200,205,-5,5
27742,77,73,4,4
27743,131,114,17,17
27744,75,80,-5,5
27745,66,65,1,1
27746,83,74,9,9
27747,155,147,8,8
27748,104,86,18,18
27749,85,74,11,11
27750,149,141,8,8
27751,198,270,-72,72
27752,68,76,-8,8
27753,143,109,34,34
27754,118,106,12,12
27755,75,66,9,9
27756,150,177,-27,27
27757,52,61,-9,9
27758,153,143,10,10
27759,88,90,-2,2
27760,101,104,-3,3
27761,74,71,3,3
27762,102,85,17,17
27763,140,141,-1,1
27764,71,64,7,7
27765,110,78,32,32
27766,110,105,5,5
27767,63,64,-1,1
27768,66,63,3,3
27769,49,54,-5,5
27770,54,57,-3,3
27771,86,86,0,0
27772,58,60,-2,2
27773,54,55,-1,1
27774,60,77,-17,17
27775,77,81,-4,4
27776,70,76,-6,6
27777,91,87,4,4
27778,112,104,8,8
27779,89,70,19,19
27780,80,80,0,0
27781,95,91,4,4
27782,98,90,8,8
27783,91,91,0,0
27784,117,117,0,0
27785,76,77,-1,1
27786,126,154,-28,28
27787,131,118,13,13
27788,65,61,4,4
27789,90,82,8,8
27790,77,76,1,1
27791,114,113,1,1
27792,88,85,3,3
27793,90,78,12,12
27794,84,92,-8,8
27795,135,119,16,16
27796,95,90,5,5
27797,94,95,-1,1
27798,106,107,-1,1
27799,75,80,-5,5
27800,115,109,6,6
27801,143,140,3,3
27802,60,66,-6,6
27803,68,70,-2,2
27804,73,69,4,4
27805,168,148,20,20
27806,99,104,-5,5
27807,108,106,2,2
27808,77,83,-6,6
27809,60,57,3,3
27810,79,77,2,2
27811,103,124,-21,21
27812,120,118,2,2
27813,137,147,-10,10
27814,80,83,-3,3
27815,78,80,-2,2
27816,49,53,-4,4
27817,97,108,-11,11
27818,104,107,-3,3
27819,172,164,8,8
27820,154,153,1,1
27821,93,93,0,0
27822,103,86,17,17
27823,51,53,-2,2
27824,72,65,7,7
27825,81,85,-4,4
27826,69,63,6,6
27827,111,100,11,11
27828,106,97,9,9
27829,143,137,6,6
27830,46,48,-2,2
27831,118,117,1,1
27832,136,104,32,32
27833,103,94,9,9
27834,115,112,3,3
27835,100,90,10,10
27836,130,120,10,10
27837,146,141,5,5
27838,106,97,9,9
27839,160,162,-2,2
27840,151,116,35,35
27841,111,101,10,10
27842,132,115,17,17
27843,70,64,6,6
27844,95,94,1,1
27845,113,107,6,6
27846,100,111,-11,11
27847,84,89,-5,5
27848,144,120,24,24
27849,75,78,-3,3
27850,127,120,7,7
27851,35,59,-24,24
27852,48,64,-16,16
27853,52,60,-8,8
27854,110,108,2,2
27855,109,104,5,5
27856,72,66,6,6
27857,99,93,6,6
27858,58,60,-2,2
27859,81,68,13,13
27860,96,80,16,16
27861,71,68,3,3
27862,122,101,21,21
27863,151,148,3,3
27864,92,89,3,3
27865,69,63,6,6
27866,111,107,4,4
27867,106,98,8,8
27868,122,118,4,4
27869,100,84,16,16
27870,62,62,0,0
27871,77,73,4,4
27872,111,107,4,4
27873,68,73,-5,5
27874,97,89,8,8
27875,118,82,36,36
27876,118,113,5,5
27877,97,101,-4,4
27878,78,84,-6,6
27879,146,139,7,7
27880,99,102,-3,3
27881,76,66,10,10
27882,64,60,4,4
27883,48,51,-3,3
27884,89,80,9,9
27885,59,63,-4,4
27886,74,69,5,5
27887,72,79,-7,7
27888,83,79,4,4
27889,83,72,11,11
27890,97,95,2,2
27891,100,89,11,11
27892,181,177,4,4
27893,37,50,-13,13
27894,64,60,4,4
27895,84,71,13,13
27896,68,66,2,2
27897,54,71,-17,17
27898,85,82,3,3
27899,75,74,1,1
27900,98,90,8,8
27901,147,144,3,3
27902,138,134,4,4
27903,61,66,-5,5
27904,83,81,2,2
27905,158,142,16,16
27906,119,107,12,12
27907,88,73,15,15
27908,119,110,9,9
27909,118,99,19,19
27910,68,70,-2,2
27911,49,55,-6,6
27912,112,95,17,17
27913,113,107,6,6
27914,83,79,4,4
27915,81,85,-4,4
27916,31,50,-19,19
27917,87,84,3,3
27918,144,137,7,7
27919,133,144,-11,11
27920,137,137,0,0
27921,95,97,-2,2
27922,80,77,3,3
27923,109,99,10,10
27924,90,93,-3,3
27925,70,73,-3,3
27926,66,63,3,3
27927,81,73,8,8
27928,156,163,-7,7
27929,70,72,-2,2
27930,95,100,-5,5
27931,109,97,12,12
27932,61,105,-44,44
27933,40,62,-22,22
27934,138,149,-11,11
27935,96,84,12,12
27936,53,72,-19,19
27937,85,93,-8,8
27938,137,128,9,9
27939,113,107,6,6
27940,127,120,7,7
27941,77,76,1,1
27942,66,60,6,6
27943,36,61,-25,25
27944,83,94,-11,11
27945,120,97,23,23
27946,55,61,-6,6
27947,61,60,1,1
27948,68,60,8,8
27949,93,97,-4,4
27950,173,176,-3,3
27951,58,66,-8,8
27952,75,77,-2,2
27953,83,70,13,13
27954,141,151,-10,10
27955,67,62,5,5
27956,35,65,-30,30
27957,63,62,1,1
27958,52,57,-5,5
27959,183,157,26,26
27960,52,61,-9,9
27961,72,72,0,0
27962,77,77,0,0
27963,61,62,-1,1
27964,124,127,-3,3
27965,78,84,-6,6
27966,123,113,10,10
27967,122,122,0,0
27968,88,96,-8,8
27969,74,75,-1,1
27970,66,70,-4,4
27971,69,74,-5,5
27972,92,102,-10,10
27973,79,79,0,0
27974,45,77,-32,32
27975,115,116,-1,1
27976,143,142,1,1
27977,99,102,-3,3
27978,129,133,-4,4
27979,103,98,5,5
27980,90,99,-9,9
27981,88,80,8,8
27982,123,125,-2,2
27983,175,152,23,23
27984,95,87,8,8
27985,105,113,-8,8
27986,65,73,-8,8
27987,66,63,3,3
27988,137,123,14,14
27989,84,81,3,3
27990,110,98,12,12
27991,118,105,13,13
27992,114,113,1,1
27993,97,104,-7,7
27994,90,76,14,14
27995,124,123,1,1
27996,158,167,-9,9
27997,67,82,-15,15
27998,96,94,2,2
27999,97,86,11,11
28000,108,104,4,4
28001,106,102,4,4
28002,56,63,-7,7
28003,69,64,5,5
28004,41,59,-18,18
28005,67,65,2,2
28006,172,178,-6,6
28007,53,52,1,1
28008,94,84,10,10
28009,121,118,3,3
28010,97,70,27,27
28011,91,79,12,12
28012,117,84,33,33
28013,125,140,-15,15
28014,59,62,-3,3
28015,114,99,15,15
28016,87,76,11,11
28017,106,97,9,9
28018,77,81,-4,4
28019,135,120,15,15
28020,145,128,17,17
28021,72,64,8,8
28022,53,59,-6,6
28023,149,131,18,18
28024,101,98,3,3
28025,76,66,10,10
28026,87,77,10,10
28027,73,69,4,4
28028,107,119,-12,12
28029,67,66,1,1
28030,67,65,2,2
28031,80,86,-6,6
28032,91,82,9,9
28033,91,76,15,15
28034,104,114,-10,10
28035,66,64,2,2
28036,90,86,4,4
28037,71,92,-21,21
28038,118,105,13,13
28039,87,93,-6,6
28040,68,62,6,6
28041,114,114,0,0
28042,117,122,-5,5
28043,130,123,7,7
28044,134,146,-12,12
28045,125,110,15,15
28046,74,62,12,12
28047,88,83,5,5
28048,56,66,-10,10
28049,116,102,14,14
28050,145,141,4,4
28051,75,59,16,16
28052,71,83,-12,12
28053,50,60,-10,10
28054,97,94,3,3
28055,55,54,1,1
28056,52,58,-6,6
28057,154,125,29,29
28058,132,114,18,18
28059,180,163,17,17
28060,68,82,-14,14
28061,86,81,5,5
28062,147,145,2,2
28063,68,77,-9,9
28064,80,77,3,3
28065,98,90,8,8
28066,109,115,-6,6
28067,88,85,3,3
28068,78,87,-9,9
28069,86,77,9,9
28070,42,61,-19,19
28071,74,77,-3,3
28072,137,129,8,8
28073,110,104,6,6
28074,76,86,-10,10
28075,64,66,-2,2
28076,150,139,11,11
28077,116,93,23,23
28078,74,78,-4,4
28079,69,71,-2,2
28080,55,50,5,5
28081,114,122,-8,8
28082,178,173,5,5
28083,78,79,-1,1
28084,71,69,2,2
28085,80,86,-6,6
28086,119,128,-9,9
28087,59,60,-1,1
28088,75,77,-2,2
28089,77,81,-4,4
28090,64,70,-6,6
28091,118,105,13,13
28092,141,132,9,9
28093,144,158,-14,14
28094,118,114,4,4
28095,90,74,16,16
28096,96,97,-1,1
28097,107,95,12,12
28098,141,143,-2,2
28099,71,63,8,8
28100,94,86,8,8
28101,196,186,10,10
28102,93,96,-3,3
28103,122,109,13,13
28104,78,85,-7,7
28105,83,94,-11,11
28106,84,74,10,10
28107,65,60,5,5
28108,165,169,-4,4
28109,116,136,-20,20
28110,91,71,20,20
28111,69,60,9,9
28112,87,83,4,4
28113,94,99,-5,5
28114,113,110,3,3
28115,169,168,1,1
28116,112,99,13,13
28117,85,90,-5,5
28118,113,107,6,6
28119,145,125,20,20
28120,53,58,-5,5
28121,97,89,8,8
28122,102,106,-4,4
28123,107,111,-4,4
28124,88,86,2,2
28125,76,66,10,10
28126,46,50,-4,4
28127,83,84,-1,1
28128,99,85,14,14
28129,118,113,5,5
28130,85,75,10,10
28131,112,109,3,3
28132,120,109,11,11
28133,246,219,27,27
28134,124,112,12,12
28135,64,63,1,1
28136,118,103,15,15
28137,118,108,10,10
28138,78,80,-2,2
28139,74,75,-1,1
28140,86,79,7,7
28141,90,78,12,12
28142,132,138,-6,6
28143,125,115,10,10
28144,70,61,9,9
28145,69,69,0,0
28146,119,105,14,14
28147,144,130,14,14
28148,172,160,12,12
28149,83,70,13,13
28150,99,97,2,2
28151,104,97,7,7
28152,127,123,4,4
28153,78,71,7,7
28154,110,93,17,17
28155,53,60,-7,7
28156,79,82,-3,3
28157,47,55,-8,8
28158,123,87,36,36
28159,132,134,-2,2
28160,104,96,8,8
28161,127,124,3,3
28162,105,101,4,4
28163,65,66,-1,1
28164,100,96,4,4
28165,192,182,10,10
28166,61,93,-32,32
28167,106,112,-6,6
28168,38,70,-32,32
28169,186,168,18,18
28170,166,149,17,17
28171,122,113,9,9
28172,141,127,14,14
28173,122,132,-10,10
28174,39,61,-22,22
28175,117,116,1,1
28176,128,124,4,4
28177,148,144,4,4
28178,118,117,1,1
28179,96,88,8,8
28180,72,74,-2,2
28181,76,59,17,17
28182,63,74,-11,11
28183,84,98,-14,14
28184,102,101,1,1
28185,75,76,-1,1
28186,92,85,7,7
28187,69,63,6,6
28188,94,79,15,15
28189,70,68,2,2
28190,112,94,18,18
28191,87,80,7,7
28192,68,72,-4,4
28193,123,134,-11,11
28194,81,70,11,11
28195,116,128,-12,12
28196,82,83,-1,1
28197,149,128,21,21
28198,60,81,-21,21
28199,59,69,-10,10
28200,110,96,14,14
28201,89,121,-32,32
28202,114,111,3,3
28203,128,122,6,6
28204,57,62,-5,5
28205,77,87,-10,10
28206,85,82,3,3
28207,194,189,5,5
28208,72,73,-1,1
28209,75,82,-7,7
28210,57,72,-15,15
28211,165,156,9,9
28212,99,85,14,14
28213,84,77,7,7
28214,89,98,-9,9
28215,64,66,-2,2
28216,115,125,-10,10
28217,81,78,3,3
28218,96,97,-1,1
28219,134,131,3,3
28220,74,67,7,7
28221,121,144,-23,23
28222,81,92,-11,11
28223,58,60,-2,2
28224,77,67,10,10
28225,97,93,4,4
28226,66,61,5,5
28227,104,97,7,7
28228,112,117,-5,5
28229,59,60,-1,1
28230,151,139,12,12
28231,111,101,10,10
28232,133,131,2,2
28233,76,66,10,10
28234,93,91,2,2
28235,76,66,10,10
28236,85,74,11,11
28237,151,147,4,4
28238,76,82,-6,6
28239,79,77,2,2
28240,172,199,-27,27
28241,148,138,10,10
28242,89,93,-4,4
28243,87,76,11,11
28244,128,131,-3,3
28245,71,65,6,6
28246,72,66,6,6
28247,77,75,2,2
28248,100,93,7,7
28249,107,115,-8,8
28250,86,88,-2,2
28251,81,77,4,4
28252,93,92,1,1
28253,56,55,1,1
28254,138,138,0,0
28255,77,73,4,4
28256,175,183,-8,8
28257,72,74,-2,2
28258,93,89,4,4
28259,92,88,4,4
28260,104,116,-12,12
28261,132,117,15,15
28262,81,88,-7,7
28263,71,80,-9,9
28264,140,131,9,9
28265,102,89,13,13
28266,53,55,-2,2
28267,87,89,-2,2
28268,147,149,-2,2
28269,93,101,-8,8
28270,65,67,-2,2
28271,154,146,8,8
28272,222,203,19,19
28273,107,95,12,12
28274,81,73,8,8
28275,59,57,2,2
28276,63,73,-10,10
28277,100,93,7,7
28278,89,78,11,11
28279,70,65,5,5
28280,90,88,2,2
28281,135,139,-4,4
28282,112,105,7,7
28283,102,98,4,4
28284,126,120,6,6
28285,87,89,-2,2
28286,98,98,0,0
28287,128,113,15,15
28288,54,56,-2,2
28289,88,84,4,4
28290,79,82,-3,3
28291,177,165,12,12
28292,110,108,2,2
28293,68,71,-3,3
28294,126,122,4,4
28295,115,116,-1,1
28296,105,101,4,4
28297,86,80,6,6
28298,66,98,-32,32
28299,65,58,7,7
28300,78,89,-11,11
28301,87,92,-5,5
28302,108,97,11,11
28303,46,61,-15,15
28304,106,100,6,6
28305,127,117,10,10
28306,137,138,-1,1
28307,84,75,9,9
28308,73,72,1,1
28309,70,72,-2,2
28310,76,79,-3,3
28311,84,73,11,11
28312,125,79,46,46
28313,73,79,-6,6
28314,176,186,-10,10
28315,97,83,14,14
28316,128,124,4,4
28317,74,71,3,3
28318,145,139,6,6
28319,93,92,1,1
28320,70,77,-7,7
28321,67,77,-10,10
28322,84,83,1,1
28323,59,61,-2,2
28324,92,87,5,5
28325,112,99,13,13
28326,51,60,-9,9
28327,56,56,0,0
28328,92,81,11,11
28329,49,58,-9,9
28330,98,90,8,8
28331,71,72,-1,1
28332,72,71,1,1
28333,68,72,-4,4
28334,87,90,-3,3
28335,121,112,9,9
28336,94,98,-4,4
28337,76,73,3,3
28338,112,106,6,6
28339,69,62,7,7
28340,113,108,5,5
28341,129,139,-10,10
28342,105,109,-4,4
28343,99,104,-5,5
28344,58,65,-7,7
28345,130,119,11,11
28346,85,76,9,9
28347,73,58,15,15
28348,56,65,-9,9
28349,97,100,-3,3
28350,104,101,3,3
28351,73,88,-15,15
28352,111,98,13,13
28353,73,68,5,5
28354,98,85,13,13
28355,102,108,-6,6
28356,80,74,6,6
28357,47,62,-15,15
28358,102,104,-2,2
28359,76,80,-4,4
28360,69,69,0,0
28361,85,84,1,1
28362,111,117,-6,6
28363,34,58,-24,24
28364,137,152,-15,15
28365,79,74,5,5
28366,72,81,-9,9
28367,62,67,-5,5
28368,91,93,-2,2
28369,82,77,5,5
28370,120,127,-7,7
28371,92,97,-5,5
28372,110,112,-2,2
28373,122,127,-5,5
28374,119,112,7,7
28375,183,180,3,3
28376,61,67,-6,6
28377,97,89,8,8
28378,117,118,-1,1
28379,71,68,3,3
28380,100,86,14,14
28381,119,112,7,7
28382,94,86,8,8
28383,94,88,6,6
28384,97,89,8,8
28385,62,65,-3,3
28386,74,74,0,0
28387,104,104,0,0
28388,143,143,0,0
28389,74,77,-3,3
28390,126,120,6,6
28391,64,55,9,9
28392,97,90,7,7
28393,82,82,0,0
28394,56,65,-9,9
28395,98,106,-8,8
28396,139,132,7,7
28397,102,100,2,2
28398,100,101,-1,1
28399,115,95,20,20
28400,138,119,19,19
28401,39,49,-10,10
28402,132,132,0,0
28403,127,121,6,6
28404,98,95,3,3
28405,83,71,12,12
28406,106,114,-8,8
28407,161,149,12,12
28408,77,60,17,17
28409,76,85,-9,9
28410,96,88,8,8
28411,107,106,1,1
28412,85,266,-181,181
28413,79,82,-3,3
28414,102,96,6,6
28415,57,60,-3,3
28416,79,69,10,10
28417,76,86,-10,10
28418,82,89,-7,7
28419,56,58,-2,2
28420,84,80,4,4
28421,110,95,15,15
28422,183,159,24,24
28423,118,122,-4,4
28424,100,94,6,6
28425,109,96,13,13
28426,101,103,-2,2
28427,57,61,-4,4
28428,89,104,-15,15
28429,148,139,9,9
28430,202,206,-4,4
28431,137,148,-11,11
28432,91,85,6,6
28433,112,105,7,7
28434,68,74,-6,6
28435,83,80,3,3
28436,72,71,1,1
28437,79,72,7,7
28438,116,114,2,2
28439,54,57,-3,3
28440,87,89,-2,2
28441,82,79,3,3
28442,104,99,5,5
28443,126,127,-1,1
28444,106,102,4,4
28445,116,103,13,13
28446,91,99,-8,8
28447,77,71,6,6
28448,123,141,-18,18
28449,145,131,14,14
28450,88,78,10,10
28451,95,109,-14,14
28452,79,77,2,2
28453,91,93,-2,2
28454,133,116,17,17
28455,165,193,-28,28
28456,61,58,3,3
28457,63,71,-8,8
28458,120,115,5,5
28459,54,54,0,0
28460,145,144,1,1
28461,130,122,8,8
28462,68,57,11,11
28463,55,58,-3,3
28464,90,82,8,8
28465,102,88,14,14
28466,52,59,-7,7
28467,102,94,8,8
28468,162,166,-4,4
28469,85,84,1,1
28470,81,78,3,3
28471,57,54,3,3
28472,82,69,13,13
28473,135,88,47,47
28474,43,58,-15,15
28475,82,85,-3,3
28476,66,67,-1,1
28477,102,97,5,5
28478,70,66,4,4
28479,151,156,-5,5
28480,127,127,0,0
28481,77,52,25,25
28482,137,117,20,20
28483,83,74,9,9
28484,183,179,4,4
28485,43,54,-11,11
28486,129,126,3,3
28487,58,57,1,1
28488,73,72,1,1
28489,67,65,2,2
28490,57,56,1,1
28491,133,145,-12,12
28492,76,89,-13,13
28493,87,84,3,3
28494,76,77,-1,1
28495,99,90,9,9
28496,95,85,10,10
28497,56,53,3,3
28498,146,127,19,19
28499,123,96,27,27
28500,93,114,-21,21
28501,71,79,-8,8
28502,97,86,11,11
28503,122,105,17,17
28504,97,102,-5,5
28505,86,79,7,7
28506,87,90,-3,3
28507,134,126,8,8
28508,99,99,0,0
28509,135,132,3,3
28510,85,85,0,0
28511,132,125,7,7
28512,54,52,2,2
28513,77,85,-8,8
28514,63,64,-1,1
28515,138,135,3,3
28516,58,58,0,0
28517,141,125,16,16
28518,161,166,-5,5
28519,105,117,-12,12
28520,107,114,-7,7
28521,153,167,-14,14
28522,90,92,-2,2
28523,147,145,2,2
28524,92,98,-6,6
28525,34,49,-15,15
28526,90,94,-4,4
28527,50,67,-17,17
28528,83,78,5,5
28529,127,136,-9,9
28530,59,58,1,1
28531,57,63,-6,6
28532,115,112,3,3
28533,91,91,0,0
28534,143,131,12,12
28535,119,108,11,11
28536,97,93,4,4
28537,155,160,-5,5
28538,128,121,7,7
28539,67,73,-6,6
28540,60,56,4,4
28541,103,96,7,7
28542,128,126,2,2
28543,100,94,6,6
28544,71,75,-4,4
28545,85,84,1,1
28546,74,74,0,0
28547,172,147,25,25
28548,73,76,-3,3
28549,51,74,-23,23
28550,76,77,-1,1
28551,110,105,5,5
28552,125,98,27,27
28553,49,55,-6,6
28554,145,135,10,10
28555,81,75,6,6
28556,79,89,-10,10
28557,108,102,6,6
28558,95,93,2,2
28559,66,61,5,5
28560,78,78,0,0
28561,41,55,-14,14
28562,89,78,11,11
28563,60,66,-6,6
28564,88,75,13,13
28565,54,64,-10,10
28566,112,103,9,9
28567,135,117,18,18
28568,123,115,8,8
28569,76,86,-10,10
28570,82,76,6,6
28571,38,47,-9,9
28572,51,66,-15,15
28573,33,52,-19,19
28574,100,99,1,1
28575,64,71,-7,7
28576,98,105,-7,7
28577,104,93,11,11
28578,108,112,-4,4
28579,112,106,6,6
28580,54,56,-2,2
28581,75,75,0,0
28582,89,88,1,1
28583,137,128,9,9
28584,66,55,11,11
28585,81,77,4,4
28586,91,87,4,4
28587,84,79,5,5
28588,52,55,-3,3
28589,64,78,-14,14
28590,176,178,-2,2
28591,59,60,-1,1
28592,70,70,0,0
28593,69,70,-1,1
28594,83,110,-27,27
28595,71,79,-8,8
28596,61,64,-3,3
28597,65,71,-6,6
28598,94,108,-14,14
28599,53,69,-16,16
28600,66,56,10,10
28601,93,88,5,5
28602,66,62,4,4
28603,75,72,3,3
28604,96,101,-5,5
28605,66,63,3,3
28606,158,125,33,33
28607,80,66,14,14
28608,67,66,1,1
28609,67,68,-1,1
28610,79,79,0,0
28611,57,66,-9,9
28612,66,73,-7,7
28613,44,47,-3,3
28614,59,69,-10,10
28615,150,135,15,15
28616,128,117,11,11
28617,74,70,4,4
28618,38,60,-22,22
28619,51,62,-11,11
28620,123,113,10,10
28621,61,59,2,2
28622,77,64,13,13
28623,61,62,-1,1
28624,94,89,5,5
28625,104,101,3,3
28626,62,70,-8,8
28627,115,102,13,13
28628,122,103,19,19
28629,96,93,3,3
28630,84,89,-5,5
28631,119,107,12,12
28632,99,91,8,8
28633,85,78,7,7
28634,118,105,13,13
28635,144,137,7,7
28636,54,62,-8,8
28637,152,145,7,7
28638,47,60,-13,13
28639,67,66,1,1
28640,81,77,4,4
28641,125,116,9,9
28642,104,96,8,8
28643,63,71,-8,8
28644,71,65,6,6
28645,56,66,-10,10
28646,144,127,17,17
28647,125,138,-13,13
28648,64,52,12,12
28649,108,87,21,21
28650,87,75,12,12
28651,66,79,-13,13
28652,83,88,-5,5
28653,102,100,2,2
28654,120,120,0,0
28655,114,111,3,3
28656,114,108,6,6
28657,148,139,9,9
28658,100,91,9,9
28659,76,71,5,5
28660,53,61,-8,8
28661,104,104,0,0
28662,101,100,1,1
28663,93,90,3,3
28664,50,53,-3,3
28665,47,56,-9,9
28666,137,134,3,3
28667,109,103,6,6
28668,83,94,-11,11
28669,32,54,-22,22
28670,69,74,-5,5
28671,92,94,-2,2
28672,78,86,-8,8
28673,96,107,-11,11
28674,92,78,14,14
28675,53,71,-18,18
28676,144,142,2,2
28677,107,92,15,15
28678,112,105,7,7
28679,72,58,14,14
28680,108,99,9,9
28681,84,85,-1,1
28682,54,54,0,0
28683,82,108,-26,26
28684,98,86,12,12
28685,73,74,-1,1
28686,50,61,-11,11
28687,89,84,5,5
28688,66,58,8,8
28689,140,140,0,0
28690,97,90,7,7
28691,77,79,-2,2
28692,106,70,36,36
28693,73,71,2,2
28694,122,118,4,4
28695,80,83,-3,3
28696,60,59,1,1
28697,90,82,8,8
28698,83,78,5,5
28699,86,83,3,3
28700,33,52,-19,19
28701,134,125,9,9
28702,117,115,2,2
28703,60,54,6,6
28704,116,110,6,6
28705,110,116,-6,6
28706,129,123,6,6
28707,88,85,3,3
28708,76,71,5,5
28709,171,177,-6,6
28710,98,76,22,22
28711,100,88,12,12
28712,66,70,-4,4
28713,140,129,11,11
28714,101,80,21,21
28715,61,63,-2,2
28716,89,89,0,0
28717,93,99,-6,6
28718,101,82,19,19
28719,63,76,-13,13
28720,85,92,-7,7
28721,94,88,6,6
28722,114,135,-21,21
28723,104,109,-5,5
28724,78,73,5,5
28725,108,123,-15,15
28726,57,65,-8,8
28727,38,44,-6,6
28728,69,75,-6,6
28729,106,104,2,2
28730,77,72,5,5
28731,235,238,-3,3
28732,98,91,7,7
28733,111,113,-2,2
28734,70,78,-8,8
28735,102,103,-1,1
28736,92,96,-4,4
28737,67,66,1,1
28738,83,86,-3,3
28739,71,77,-6,6
28740,92,78,14,14
28741,59,56,3,3
28742,90,89,1,1
28743,71,73,-2,2
28744,52,59,-7,7
28745,109,95,14,14
28746,105,111,-6,6
28747,79,80,-1,1
28748,81,73,8,8
28749,84,87,-3,3
28750,80,66,14,14
28751,56,68,-12,12
28752,84,74,10,10
28753,44,55,-11,11
28754,85,82,3,3
28755,62,70,-8,8
28756,83,70,13,13
28757,59,67,-8,8
28758,92,87,5,5
28759,99,102,-3,3
28760,131,143,-12,12
28761,58,65,-7,7
28762,164,158,6,6
28763,132,113,19,19
28764,73,69,4,4
28765,82,82,0,0
28766,57,55,2,2
28767,97,105,-8,8
28768,26,56,-30,30
28769,107,97,10,10
28770,88,85,3,3
28771,84,76,8,8
28772,82,88,-6,6
28773,141,139,2,2
28774,78,65,13,13
28775,146,152,-6,6
28776,84,70,14,14
28777,93,81,12,12
28778,74,67,7,7
28779,139,125,14,14
28780,125,121,4,4
28781,65,61,4,4
28782,101,108,-7,7
28783,114,120,-6,6
28784,54,58,-4,4
28785,99,83,16,16
28786,83,61,22,22
28787,128,117,11,11
28788,90,85,5,5
28789,77,80,-3,3
28790,68,63,5,5
28791,78,90,-12,12
28792,76,70,6,6
28793,85,81,4,4
28794,106,107,-1,1
28795,207,173,34,34
28796,105,103,2,2
28797,110,106,4,4
28798,86,81,5,5
28799,166,144,22,22
28800,118,123,-5,5
28801,99,83,16,16
28802,80,87,-7,7
28803,27,51,-24,24
28804,125,111,14,14
28805,92,93,-1,1
28806,85,73,12,12
28807,91,84,7,7
28808,61,64,-3,3
28809,86,87,-1,1
28810,50,66,-16,16
28811,101,103,-2,2
28812,79,68,11,11
28813,82,91,-9,9
28814,63,58,5,5
28815,100,92,8,8
28816,103,84,19,19
28817,150,137,13,13
28818,86,66,20,20
28819,72,83,-11,11
28820,54,61,-7,7
28821,136,142,-6,6
28822,60,61,-1,1
28823,118,116,2,2
28824,64,57,7,7
28825,78,74,4,4
28826,76,69,7,7
28827,145,137,8,8
28828,62,66,-4,4
28829,98,96,2,2
28830,100,99,1,1
28831,142,136,6,6
28832,77,86,-9,9
28833,81,79,2,2
28834,79,74,5,5
28835,78,78,0,0
28836,84,81,3,3
28837,63,79,-16,16
28838,94,93,1,1
28839,89,79,10,10
28840,78,68,10,10
28841,132,138,-6,6
28842,151,139,12,12
28843,156,132,24,24
28844,41,69,-28,28
28845,106,108,-2,2
28846,99,91,8,8
28847,42,53,-11,11
28848,79,65,14,14
28849,60,73,-13,13
28850,136,135,1,1
28851,130,131,-1,1
28852,136,137,-1,1
28853,81,67,14,14
28854,112,109,3,3
28855,60,70,-10,10
28856,93,74,19,19
28857,103,101,2,2
28858,180,173,7,7
28859,93,92,1,1
28860,172,164,8,8
28861,95,103,-8,8
28862,79,87,-8,8
28863,55,66,-11,11
28864,105,106,-1,1
28865,118,109,9,9
28866,111,111,0,0
28867,66,74,-8,8
28868,146,130,16,16
28869,81,110,-29,29
28870,75,65,10,10
28871,79,84,-5,5
28872,64,72,-8,8
28873,97,97,0,0
28874,103,96,7,7
28875,68,66,2,2
28876,74,70,4,4
28877,80,68,12,12
28878,90,83,7,7
28879,59,62,-3,3
28880,109,108,1,1
28881,90,83,7,7
28882,71,80,-9,9
28883,108,108,0,0
28884,83,87,-4,4
28885,130,123,7,7
28886,85,80,5,5
28887,49,66,-17,17
28888,73,66,7,7
28889,104,105,-1,1
28890,131,130,1,1
28891,69,71,-2,2
28892,102,97,5,5
28893,74,66,8,8
28894,58,56,2,2
28895,167,158,9,9
28896,144,124,20,20
28897,108,102,6,6
28898,70,68,2,2
28899,84,86,-2,2
28900,50,52,-2,2
28901,68,67,1,1
28902,128,137,-9,9
28903,106,106,0,0
28904,63,66,-3,3
28905,61,81,-20,20
28906,82,78,4,4
28907,100,104,-4,4
28908,92,78,14,14
28909,75,79,-4,4
28910,132,127,5,5
28911,85,85,0,0
28912,183,167,16,16
28913,115,107,8,8
28914,125,103,22,22
28915,99,96,3,3
28916,102,99,3,3
28917,125,124,1,1
28918,75,76,-1,1
28919,173,160,13,13
28920,66,73,-7,7
28921,90,77,13,13
28922,88,89,-1,1
28923,124,122,2,2
28924,70,76,-6,6
28925,93,79,14,14
28926,64,66,-2,2
28927,60,59,1,1
28928,134,139,-5,5
28929,104,87,17,17
28930,44,45,-1,1
28931,109,88,21,21
28932,68,71,-3,3
28933,81,89,-8,8
28934,103,95,8,8
28935,99,103,-4,4
28936,80,77,3,3
28937,104,109,-5,5
28938,67,73,-6,6
28939,126,121,5,5
28940,53,60,-7,7
28941,135,125,10,10
28942,95,79,16,16
28943,95,93,2,2
28944,63,63,0,0
28945,140,121,19,19
28946,71,75,-4,4
28947,79,71,8,8
28948,47,62,-15,15
28949,87,100,-13,13
28950,57,64,-7,7
28951,81,84,-3,3
28952,53,59,-6,6
28953,88,97,-9,9
28954,109,110,-1,1
28955,85,83,2,2
28956,114,115,-1,1
28957,81,90,-9,9
28958,85,94,-9,9
28959,95,93,2,2
28960,61,66,-5,5
28961,65,64,1,1
28962,47,51,-4,4
28963,57,61,-4,4
28964,66,74,-8,8
28965,86,89,-3,3
28966,76,84,-8,8
28967,143,135,8,8
28968,79,93,-14,14
28969,87,77,10,10
28970,99,95,4,4
28971,103,109,-6,6
28972,83,77,6,6
28973,116,110,6,6
28974,128,110,18,18
28975,159,147,12,12
28976,113,96,17,17
28977,124,117,7,7
28978,81,89,-8,8
28979,66,63,3,3
28980,82,69,13,13
28981,58,61,-3,3
28982,101,125,-24,24
28983,67,98,-31,31
28984,97,86,11,11
28985,78,70,8,8
28986,104,104,0,0
28987,117,104,13,13
28988,82,90,-8,8
28989,125,123,2,2
28990,152,153,-1,1
28991,92,83,9,9
28992,128,115,13,13
28993,68,66,2,2
28994,101,91,10,10
28995,96,97,-1,1
28996,98,90,8,8
28997,134,125,9,9
28998,106,104,2,2
28999,54,55,-1,1
29000,88,95,-7,7
29001,66,61,5,5
29002,99,93,6,6
29003,82,88,-6,6
29004,118,131,-13,13
29005,66,66,0,0
29006,96,86,10,10
29007,139,142,-3,3
29008,25,49,-24,24
29009,123,114,9,9
29010,130,137,-7,7
29011,92,86,6,6
29012,80,84,-4,4
29013,67,66,1,1
29014,71,66,5,5
29015,92,87,5,5
29016,113,102,11,11
29017,67,79,-12,12
29018,58,59,-1,1
29019,39,78,-39,39
29020,78,81,-3,3
29021,113,100,13,13
29022,50,63,-13,13
29023,66,79,-13,13
29024,88,80,8,8
29025,88,93,-5,5
29026,131,113,18,18
29027,64,80,-16,16
29028,91,92,-1,1
29029,101,84,17,17
29030,110,105,5,5
29031,56,56,0,0
29032,77,74,3,3
29033,129,129,0,0
29034,91,105,-14,14
29035,97,101,-4,4
29036,98,95,3,3
29037,75,73,2,2
29038,109,90,19,19
29039,64,70,-6,6
29040,71,73,-2,2
29041,54,67,-13,13
29042,59,66,-7,7
29043,145,151,-6,6
29044,86,84,2,2
29045,56,61,-5,5
29046,79,78,1,1
29047,114,107,7,7
29048,65,75,-10,10
29049,104,95,9,9
29050,61,68,-7,7
29051,155,147,8,8
29052,106,90,16,16
29053,48,71,-23,23
29054,173,160,13,13
29055,31,60,-29,29
29056,87,90,-3,3
29057,147,146,1,1
29058,79,75,4,4
29059,92,94,-2,2
29060,100,83,17,17
29061,118,123,-5,5
29062,83,81,2,2
29063,72,70,2,2
29064,101,92,9,9
29065,83,83,0,0
29066,94,88,6,6
29067,103,109,-6,6
29068,73,68,5,5
29069,179,193,-14,14
29070,115,102,13,13
29071,85,82,3,3
29072,101,95,6,6
29073,130,128,2,2
29074,155,171,-16,16
29075,65,69,-4,4
29076,116,125,-9,9
29077,71,70,1,1
29078,78,78,0,0
29079,129,122,7,7
29080,78,69,9,9
29081,141,129,12,12
29082,139,122,17,17
29083,90,94,-4,4
29084,174,165,9,9
29085,92,92,0,0
29086,76,74,2,2
29087,40,60,-20,20
29088,36,61,-25,25
29089,78,60,18,18
29090,89,95,-6,6
29091,63,71,-8,8
29092,79,70,9,9
29093,127,113,14,14
29094,61,65,-4,4
29095,118,63,55,55
29096,112,100,12,12
29097,131,126,5,5
29098,78,78,0,0
29099,95,96,-1,1
29100,75,63,12,12
29101,170,162,8,8
29102,97,91,6,6
29103,62,61,1,1
29104,130,121,9,9
29105,116,131,-15,15
29106,72,78,-6,6
29107,89,82,7,7
29108,95,97,-2,2
29109,82,87,-5,5
29110,54,57,-3,3
29111,102,101,1,1
29112,106,101,5,5
29113,138,132,6,6
29114,90,92,-2,2
29115,53,62,-9,9
29116,111,94,17,17
29117,91,88,3,3
29118,84,86,-2,2
29119,116,102,14,14
29120,119,113,6,6
29121,82,75,7,7
29122,102,92,10,10
29123,64,64,0,0
29124,40,62,-22,22
29125,104,103,1,1
29126,73,71,2,2
29127,92,80,12,12
29128,127,104,23,23
29129,155,145,10,10
29130,82,83,-1,1
29131,86,94,-8,8
29132,61,60,1,1
29133,136,121,15,15
29134,123,130,-7,7
29135,40,54,-14,14
29136,103,90,13,13
29137,145,142,3,3
29138,92,87,5,5
29139,60,85,-25,25
29140,71,78,-7,7
29141,63,57,6,6
29142,51,56,-5,5
29143,92,89,3,3
29144,48,58,-10,10
29145,66,48,18,18
29146,165,150,15,15
29147,114,108,6,6
29148,48,61,-13,13
29149,121,107,14,14
29150,134,127,7,7
29151,68,64,4,4
29152,34,47,-13,13
29153,68,64,4,4
29154,72,78,-6,6
29155,63,57,6,6
29156,59,66,-7,7
29157,94,83,11,11
29158,59,62,-3,3
29159,77,92,-15,15
29160,119,101,18,18
29161,134,129,5,5
29162,120,116,4,4
29163,90,83,7,7
29164,79,77,2,2
29165,70,67,3,3
29166,103,95,8,8
29167,111,91,20,20
29168,62,66,-4,4
29169,139,130,9,9
29170,138,148,-10,10
29171,213,226,-13,13
29172,73,68,5,5
29173,116,116,0,0
29174,135,124,11,11
29175,77,71,6,6
29176,89,79,10,10
29177,40,49,-9,9
29178,82,70,12,12
29179,101,106,-5,5
29180,81,96,-15,15
29181,159,158,1,1
29182,89,85,4,4
29183,74,86,-12,12
29184,106,95,11,11
29185,53,61,-8,8
29186,98,111,-13,13
29187,96,103,-7,7
29188,116,123,-7,7
29189,68,72,-4,4
29190,74,75,-1,1
29191,167,181,-14,14
29192,90,91,-1,1
29193,106,95,11,11
29194,62,61,1,1
29195,46,53,-7,7
29196,68,70,-2,2
29197,73,64,9,9
29198,78,84,-6,6
29199,58,52,6,6
29200,129,119,10,10
29201,79,89,-10,10
29202,92,88,4,4
29203,34,58,-24,24
29204,81,53,28,28
29205,73,66,7,7
29206,171,179,-8,8
29207,90,96,-6,6
29208,70,75,-5,5
29209,199,212,-13,13
29210,68,64,4,4
29211,161,162,-1,1
29212,46,51,-5,5
29213,61,62,-1,1
29214,112,100,12,12
29215,133,117,16,16
29216,91,86,5,5
29217,80,82,-2,2
29218,160,131,29,29
29219,90,76,14,14
29220,103,91,12,12
29221,87,81,6,6
29222,148,144,4,4
29223,183,129,54,54
29224,87,89,-2,2
29225,161,170,-9,9
29226,80,71,9,9
29227,128,124,4,4
29228,123,112,11,11
29229,159,155,4,4
29230,48,50,-2,2
29231,77,70,7,7
29232,87,84,3,3
29233,53,54,-1,1
29234,118,108,10,10
29235,89,72,17,17
29236,76,69,7,7
29237,145,132,13,13
29238,125,113,12,12
29239,97,105,-8,8
29240,49,63,-14,14
29241,62,70,-8,8
29242,81,90,-9,9
29243,136,137,-1,1
29244,100,100,0,0
29245,187,223,-36,36
29246,105,104,1,1
29247,176,166,10,10
29248,113,109,4,4
29249,115,118,-3,3
29250,86,86,0,0
29251,120,111,9,9
29252,74,80,-6,6
29253,86,99,-13,13
29254,99,107,-8,8
29255,70,68,2,2
29256,109,109,0,0
29257,110,101,9,9
29258,102,103,-1,1
29259,156,132,24,24
29260,107,101,6,6
29261,53,51,2,2
29262,121,106,15,15
29263,97,87,10,10
29264,103,108,-5,5
29265,66,59,7,7
29266,108,122,-14,14
29267,59,70,-11,11
29268,64,62,2,2
29269,70,72,-2,2
29270,86,80,6,6
29271,118,110,8,8
29272,61,65,-4,4
29273,120,102,18,18
29274,112,97,15,15
29275,176,155,21,21
29276,61,62,-1,1
29277,89,91,-2,2
29278,115,102,13,13
29279,112,90,22,22
29280,110,102,8,8
29281,92,88,4,4
29282,124,117,7,7
29283,60,62,-2,2
29284,70,71,-1,1
29285,98,96,2,2
29286,77,73,4,4
29287,60,59,1,1
29288,149,154,-5,5
29289,135,131,4,4
29290,71,66,5,5
29291,47,55,-8,8
29292,141,126,15,15
29293,76,90,-14,14
29294,85,82,3,3
29295,66,68,-2,2
29296,86,84,2,2
29297,144,137,7,7
29298,74,78,-4,4
29299,181,173,8,8
29300,79,79,0,0
29301,106,96,10,10
29302,138,128,10,10
29303,91,81,10,10
29304,76,71,5,5
29305,140,129,11,11
29306,77,74,3,3
29307,54,63,-9,9
29308,71,83,-12,12
29309,110,88,22,22
29310,90,84,6,6
29311,116,115,1,1
29312,83,75,8,8
29313,59,66,-7,7
29314,92,83,9,9
29315,144,142,2,2
29316,67,65,2,2
29317,105,98,7,7
29318,62,62,0,0
29319,136,129,7,7
29320,111,108,3,3
29321,64,70,-6,6
29322,73,56,17,17
29323,86,93,-7,7
29324,84,81,3,3
29325,74,77,-3,3
29326,135,128,7,7
29327,119,107,12,12
29328,83,84,-1,1
29329,102,99,3,3
29330,84,87,-3,3
29331,66,121,-55,55
29332,47,43,4,4
29333,97,89,8,8
29334,106,111,-5,5
29335,75,73,2,2
29336,108,120,-12,12
29337,154,142,12,12
29338,91,82,9,9
29339,75,76,-1,1
29340,155,138,17,17
29341,75,85,-10,10
29342,211,192,19,19
29343,69,61,8,8
29344,52,58,-6,6
29345,84,63,21,21
29346,89,79,10,10
29347,79,79,0,0
29348,78,79,-1,1
29349,90,81,9,9
29350,305,301,4,4
29351,83,76,7,7
29352,193,175,18,18
29353,124,129,-5,5
29354,46,55,-9,9
29355,85,83,2,2
29356,84,78,6,6
29357,98,92,6,6
29358,72,66,6,6
29359,60,73,-13,13
29360,102,91,11,11
29361,92,81,11,11
29362,102,93,9,9
29363,74,70,4,4
29364,114,103,11,11
29365,86,87,-1,1
29366,114,115,-1,1
29367,151,169,-18,18
29368,91,94,-3,3
29369,78,80,-2,2
29370,153,151,2,2
29371,80,96,-16,16
29372,108,103,5,5
29373,88,78,10,10
29374,153,149,4,4
29375,71,82,-11,11
29376,95,97,-2,2
29377,127,109,18,18
29378,139,137,2,2
29379,46,59,-13,13
29380,124,114,10,10
29381,93,87,6,6
29382,114,105,9,9
29383,93,86,7,7
29384,67,61,6,6
29385,110,109,1,1
29386,63,64,-1,1
29387,70,71,-1,1
29388,87,78,9,9
29389,122,118,4,4
29390,107,110,-3,3
29391,153,146,7,7
29392,94,92,2,2
29393,101,98,3,3
29394,78,82,-4,4
29395,82,94,-12,12
29396,88,76,12,12
29397,94,79,15,15
29398,37,57,-20,20
29399,67,70,-3,3
29400,85,91,-6,6
29401,105,89,16,16
29402,40,58,-18,18
29403,194,188,6,6
29404,123,120,3,3
29405,87,78,9,9
29406,102,91,11,11
29407,145,139,6,6
29408,68,65,3,3
29409,159,139,20,20
29410,82,69,13,13
29411,83,74,9,9
29412,82,70,12,12
29413,69,74,-5,5
29414,103,98,5,5
29415,105,101,4,4
29416,100,112,-12,12
29417,55,67,-12,12
29418,80,78,2,2
29419,73,74,-1,1
29420,51,43,8,8
29421,124,111,13,13
29422,52,66,-14,14
29423,115,129,-14,14
29424,116,108,8,8
29425,101,105,-4,4
29426,63,53,10,10
29427,52,64,-12,12
29428,84,74,10,10
29429,142,138,4,4
29430,71,72,-1,1
29431,82,90,-8,8
29432,85,88,-3,3
29433,74,74,0,0
29434,61,60,1,1
29435,107,106,1,1
29436,98,88,10,10
29437,80,71,9,9
29438,69,68,1,1
29439,64,63,1,1
29440,137,131,6,6
29441,77,86,-9,9
29442,94,102,-8,8
29443,86,85,1,1
29444,60,64,-4,4
29445,54,63,-9,9
29446,62,63,-1,1
29447,86,74,12,12
29448,60,59,1,1
29449,64,56,8,8
29450,91,99,-8,8
29451,71,63,8,8
29452,78,77,1,1
29453,104,104,0,0
29454,103,100,3,3
29455,167,171,-4,4
29456,129,107,22,22
29457,125,116,9,9
29458,108,110,-2,2
29459,77,74,3,3
29460,121,111,10,10
29461,77,71,6,6
29462,61,59,2,2
29463,67,74,-7,7
29464,96,89,7,7
29465,113,120,-7,7
29466,70,78,-8,8
29467,79,78,1,1
29468,91,94,-3,3
29469,86,89,-3,3
29470,74,73,1,1
29471,78,80,-2,2
29472,117,90,27,27
29473,82,62,20,20
29474,79,77,2,2
29475,138,154,-16,16
29476,92,78,14,14
29477,69,69,0,0
29478,81,85,-4,4
29479,73,76,-3,3
29480,100,100,0,0
29481,51,51,0,0
29482,60,60,0,0
29483,109,96,13,13
29484,131,130,1,1
29485,71,76,-5,5
29486,77,80,-3,3
29487,97,107,-10,10
29488,69,72,-3,3
29489,124,110,14,14
29490,69,67,2,2
29491,131,117,14,14
29492,87,80,7,7
29493,178,191,-13,13
29494,111,110,1,1
29495,122,110,12,12
29496,155,142,13,13
29497,136,112,24,24
29498,113,127,-14,14
29499,64,68,-4,4
29500,111,108,3,3
29501,94,90,4,4
29502,58,60,-2,2
29503,89,89,0,0
29504,82,79,3,3
29505,87,83,4,4
29506,50,50,0,0
29507,79,69,10,10
29508,140,126,14,14
29509,134,238,-104,104
29510,119,105,14,14
29511,140,149,-9,9
29512,119,116,3,3
29513,52,56,-4,4
29514,124,134,-10,10
29515,131,98,33,33
29516,45,51,-6,6
29517,70,67,3,3
29518,99,89,10,10
29519,82,82,0,0
29520,73,65,8,8
29521,120,126,-6,6
29522,107,109,-2,2
29523,88,86,2,2
29524,82,76,6,6
29525,59,65,-6,6
29526,90,94,-4,4
29527,56,58,-2,2
29528,113,104,9,9
29529,78,74,4,4
29530,61,69,-8,8
29531,89,92,-3,3
29532,44,53,-9,9
29533,62,61,1,1
29534,111,111,0,0
29535,75,74,1,1
29536,74,71,3,3
29537,79,69,10,10
29538,89,83,6,6
29539,94,91,3,3
29540,116,113,3,3
29541,120,112,8,8
29542,180,176,4,4
29543,48,48,0,0
29544,85,83,2,2
29545,112,103,9,9
29546,114,94,20,20
29547,78,81,-3,3
29548,111,121,-10,10
29549,71,69,2,2
29550,64,68,-4,4
29551,47,63,-16,16
29552,85,83,2,2
29553,90,100,-10,10
29554,137,128,9,9
29555,138,137,1,1
29556,64,70,-6,6
29557,78,79,-1,1
29558,42,59,-17,17
29559,98,82,16,16
29560,59,52,7,7
29561,76,79,-3,3
29562,106,101,5,5
29563,33,53,-20,20
29564,121,115,6,6
29565,108,106,2,2
29566,76,70,6,6
29567,64,64,0,0
29568,73,63,10,10
29569,112,104,8,8
29570,105,94,11,11
29571,59,63,-4,4
29572,205,174,31,31
29573,78,85,-7,7
29574,79,78,1,1
29575,123,119,4,4
29576,83,85,-2,2
29577,115,104,11,11
29578,75,70,5,5
29579,86,88,-2,2
29580,111,114,-3,3
29581,82,108,-26,26
29582,157,158,-1,1
29583,58,71,-13,13
29584,101,93,8,8
29585,99,93,6,6
29586,96,92,4,4
29587,133,143,-10,10
29588,93,88,5,5
29589,79,69,10,10
29590,87,75,12,12
29591,101,111,-10,10
29592,73,72,1,1
29593,76,76,0,0
29594,110,96,14,14
29595,100,97,3,3
29596,87,81,6,6
29597,126,128,-2,2
29598,81,75,6,6
29599,70,84,-14,14
29600,139,137,2,2
29601,74,70,4,4
29602,147,118,29,29
29603,92,89,3,3
29604,133,112,21,21
29605,87,85,2,2
29606,96,95,1,1
29607,70,90,-20,20
29608,75,79,-4,4
29609,121,102,19,19
29610,88,86,2,2
29611,96,96,0,0
29612,196,144,52,52
29613,90,95,-5,5
29614,110,113,-3,3
29615,59,65,-6,6
29616,131,124,7,7
29617,56,59,-3,3
29618,98,99,-1,1
29619,94,88,6,6
29620,73,78,-5,5
29621,52,56,-4,4
29622,97,89,8,8
29623,119,109,10,10
29624,94,81,13,13
29625,144,137,7,7
29626,128,125,3,3
29627,81,74,7,7
29628,101,96,5,5
29629,138,127,11,11
29630,68,62,6,6
29631,124,103,21,21
29632,61,71,-10,10
29633,118,101,17,17
29634,69,66,3,3
29635,84,82,2,2
29636,175,157,18,18
29637,54,60,-6,6
29638,72,89,-17,17
29639,82,74,8,8
29640,102,94,8,8
29641,107,101,6,6
29642,110,104,6,6
29643,128,128,0,0
29644,132,127,5,5
29645,80,79,1,1
29646,60,81,-21,21
29647,54,69,-15,15
29648,89,92,-3,3
29649,90,95,-5,5
29650,62,66,-4,4
29651,64,79,-15,15
29652,74,62,12,12
29653,123,225,-102,102
29654,77,69,8,8
29655,79,73,6,6
29656,88,83,5,5
29657,77,74,3,3
29658,96,97,-1,1
29659,80,75,5,5
29660,104,90,14,14
29661,46,64,-18,18
29662,70,72,-2,2
29663,93,93,0,0
29664,103,92,11,11
29665,117,101,16,16
29666,80,85,-5,5
29667,93,95,-2,2
29668,88,90,-2,2
29669,101,86,15,15
29670,69,77,-8,8
29671,97,80,17,17
29672,56,60,-4,4
29673,101,98,3,3
29674,122,117,5,5
29675,95,90,5,5
29676,113,112,1,1
29677,150,143,7,7
29678,164,176,-12,12
29679,87,80,7,7
29680,128,119,9,9
29681,66,72,-6,6
29682,68,64,4,4
29683,120,114,6,6
29684,151,151,0,0
29685,72,63,9,9
29686,89,91,-2,2
29687,231,234,-3,3
29688,49,58,-9,9
29689,68,69,-1,1
29690,81,82,-1,1
29691,96,96,0,0
29692,123,112,11,11
29693,88,83,5,5
29694,188,175,13,13
29695,78,76,2,2
29696,78,80,-2,2
29697,105,110,-5,5
29698,102,99,3,3
29699,74,74,0,0
29700,74,75,-1,1
29701,63,55,8,8
29702,106,104,2,2
29703,90,79,11,11
29704,100,89,11,11
29705,106,102,4,4
29706,74,80,-6,6
29707,75,82,-7,7
29708,119,128,-9,9
29709,115,115,0,0
29710,125,108,17,17
29711,106,97,9,9
29712,113,113,0,0
29713,81,75,6,6
29714,84,77,7,7
29715,79,85,-6,6
29716,129,123,6,6
29717,55,54,1,1
29718,99,98,1,1
29719,88,87,1,1
29720,129,113,16,16
29721,92,89,3,3
29722,113,120,-7,7
29723,67,62,5,5
29724,96,99,-3,3
29725,64,68,-4,4
29726,132,142,-10,10
29727,172,158,14,14
29728,104,109,-5,5
29729,83,79,4,4
29730,70,89,-19,19
29731,104,105,-1,1
29732,78,75,3,3
29733,66,83,-17,17
29734,81,75,6,6
29735,63,66,-3,3
29736,74,74,0,0
29737,109,92,17,17
29738,70,67,3,3
29739,91,77,14,14
29740,95,89,6,6
29741,76,82,-6,6
29742,68,66,2,2
29743,92,90,2,2
29744,65,58,7,7
29745,36,53,-17,17
29746,105,95,10,10
29747,110,111,-1,1
29748,121,107,14,14
29749,49,64,-15,15
29750,98,87,11,11
29751,117,109,8,8
29752,52,98,-46,46
29753,84,83,1,1
29754,148,142,6,6
29755,63,62,1,1
29756,63,73,-10,10
29757,92,94,-2,2
29758,85,81,4,4
29759,93,85,8,8
29760,88,85,3,3
29761,80,71,9,9
29762,83,82,1,1
29763,61,69,-8,8
29764,76,80,-4,4
29765,81,94,-13,13
29766,75,64,11,11
29767,61,56,5,5
29768,110,102,8,8
29769,91,79,12,12
29770,63,61,2,2
29771,126,128,-2,2
29772,102,87,15,15
29773,102,96,6,6
29774,107,102,5,5
29775,49,58,-9,9
29776,71,79,-8,8
29777,70,85,-15,15
29778,94,96,-2,2
29779,201,206,-5,5
29780,80,85,-5,5
29781,62,65,-3,3
29782,97,95,2,2
29783,77,78,-1,1
29784,74,67,7,7
29785,55,58,-3,3
29786,88,86,2,2
29787,27,49,-22,22
29788,64,63,1,1
29789,95,107,-12,12
29790,74,76,-2,2
29791,99,117,-18,18
29792,68,64,4,4
29793,65,76,-11,11
29794,97,96,1,1
29795,73,63,10,10
29796,88,77,11,11
29797,121,123,-2,2
29798,102,88,14,14
29799,101,111,-10,10
29800,78,83,-5,5
29801,156,145,11,11
29802,76,83,-7,7
29803,66,80,-14,14
29804,91,98,-7,7
29805,82,74,8,8
29806,150,149,1,1
29807,46,50,-4,4
29808,164,154,10,10
29809,134,136,-2,2
29810,124,111,13,13
29811,75,69,6,6
29812,64,74,-10,10
29813,207,188,19,19
29814,125,124,1,1
29815,143,128,15,15
29816,79,73,6,6
29817,62,62,0,0
29818,149,163,-14,14
29819,136,133,3,3
29820,48,59,-11,11
29821,117,108,9,9
29822,50,58,-8,8
29823,88,81,7,7
29824,62,69,-7,7
29825,37,52,-15,15
29826,142,127,15,15
29827,59,59,0,0
29828,123,113,10,10
29829,78,78,0,0
29830,117,109,8,8
29831,84,86,-2,2
29832,191,192,-1,1
29833,176,165,11,11
29834,68,49,19,19
29835,58,53,5,5
29836,74,76,-2,2
29837,166,158,8,8
29838,178,169,9,9
29839,102,98,4,4
29840,106,100,6,6
29841,121,131,-10,10
29842,157,152,5,5
29843,60,56,4,4
29844,116,107,9,9
29845,133,139,-6,6
29846,50,62,-12,12
29847,90,85,5,5
29848,138,122,16,16
29849,216,226,-10,10
29850,114,111,3,3
29851,107,106,1,1
29852,68,61,7,7
29853,52,61,-9,9
29854,139,135,4,4
29855,98,86,12,12
29856,143,137,6,6
29857,97,78,19,19
29858,80,81,-1,1
29859,60,65,-5,5
29860,104,97,7,7
29861,102,100,2,2
29862,155,155,0,0
29863,157,136,21,21
29864,122,101,21,21
29865,89,82,7,7
29866,68,73,-5,5
29867,68,68,0,0
29868,102,100,2,2
29869,107,114,-7,7
29870,62,63,-1,1
29871,145,151,-6,6
29872,92,88,4,4
29873,113,106,7,7
29874,72,64,8,8
29875,67,71,-4,4
29876,86,88,-2,2
29877,78,75,3,3
29878,94,94,0,0
29879,103,80,23,23
29880,145,161,-16,16
29881,74,77,-3,3
29882,128,131,-3,3
29883,146,117,29,29
29884,54,59,-5,5
29885,162,147,15,15
29886,150,151,-1,1
29887,57,65,-8,8
29888,118,122,-4,4
29889,37,50,-13,13
29890,121,105,16,16
29891,130,111,19,19
29892,62,65,-3,3
29893,66,67,-1,1
29894,119,92,27,27
29895,120,104,16,16
29896,100,96,4,4
29897,121,130,-9,9
29898,85,77,8,8
29899,99,89,10,10
29900,63,62,1,1
29901,98,93,5,5
29902,62,63,-1,1
29903,78,77,1,1
29904,61,62,-1,1
29905,110,104,6,6
29906,90,89,1,1
29907,125,90,35,35
29908,59,56,3,3
29909,83,79,4,4
29910,103,113,-10,10
29911,66,60,6,6
29912,131,126,5,5
29913,72,78,-6,6
29914,56,62,-6,6
29915,110,106,4,4
29916,72,71,1,1
29917,120,118,2,2
29918,82,82,0,0
29919,79,85,-6,6
29920,169,158,11,11
29921,140,152,-12,12
29922,139,100,39,39
29923,53,56,-3,3
29924,93,103,-10,10
29925,95,78,17,17
29926,91,89,2,2
29927,96,90,6,6
29928,115,111,4,4
29929,80,71,9,9
29930,61,76,-15,15
29931,125,130,-5,5
29932,79,78,1,1
29933,113,103,10,10
29934,113,115,-2,2
29935,79,83,-4,4
29936,143,125,18,18
29937,69,81,-12,12
29938,71,95,-24,24
29939,67,68,-1,1
29940,53,50,3,3
29941,132,141,-9,9
29942,129,117,12,12
29943,85,80,5,5
29944,107,106,1,1
29945,143,134,9,9
29946,57,74,-17,17
29947,99,91,8,8
29948,54,55,-1,1
29949,102,108,-6,6
29950,64,63,1,1
29951,86,96,-10,10
29952,88,88,0,0
29953,170,154,16,16
29954,71,68,3,3
29955,127,144,-17,17
29956,61,66,-5,5
29957,63,70,-7,7
29958,46,55,-9,9
29959,78,63,15,15
29960,85,88,-3,3
29961,86,75,11,11
29962,91,89,2,2
29963,75,72,3,3
29964,75,80,-5,5
29965,73,88,-15,15
29966,74,65,9,9
29967,69,69,0,0
29968,77,75,2,2
29969,119,115,4,4
29970,77,87,-10,10
29971,143,136,7,7
29972,132,136,-4,4
29973,89,89,0,0
29974,60,65,-5,5
29975,131,124,7,7
29976,83,69,14,14
29977,80,69,11,11
29978,92,81,11,11
29979,187,195,-8,8
29980,128,131,-3,3
29981,151,139,12,12
29982,44,58,-14,14
29983,83,85,-2,2
29984,78,84,-6,6
29985,81,84,-3,3
29986,73,64,9,9
29987,138,140,-2,2
29988,45,47,-2,2
29989,58,65,-7,7
29990,105,103,2,2
29991,103,103,0,0
29992,91,87,4,4
29993,48,57,-9,9
29994,74,77,-3,3
29995,104,85,19,19
29996,69,70,-1,1
29997,62,71,-9,9
29998,140,165,-25,25
29999,129,161,-32,32
30000,98,92,6,6
30001,99,90,9,9
30002,71,68,3,3
30003,149,168,-19,19
30004,101,97,4,4
30005,114,120,-6,6
30006,181,179,2,2
30007,112,113,-1,1
30008,112,108,4,4
30009,95,88,7,7
30010,133,132,1,1
30011,168,146,22,22
30012,24,53,-29,29
30013,119,109,10,10
30014,102,98,4,4
30015,84,73,11,11
30016,134,130,4,4
30017,69,63,6,6
30018,66,65,1,1
30019,74,68,6,6
30020,113,107,6,6
30021,64,74,-10,10
30022,79,73,6,6
30023,103,90,13,13
30024,107,100,7,7
30025,66,65,1,1
30026,88,89,-1,1
30027,158,172,-14,14
30028,123,111,12,12
30029,73,83,-10,10
30030,105,98,7,7
30031,65,60,5,5
30032,119,116,3,3
30033,68,64,4,4
30034,64,66,-2,2
30035,74,68,6,6
30036,23,42,-19,19
30037,97,90,7,7
30038,124,121,3,3
30039,72,76,-4,4
30040,132,128,4,4
30041,42,55,-13,13
30042,121,102,19,19
30043,89,86,3,3
30044,113,106,7,7
30045,114,106,8,8
30046,57,63,-6,6
30047,63,65,-2,2
30048,121,117,4,4
30049,144,148,-4,4
30050,118,111,7,7
30051,64,64,0,0
30052,121,110,11,11
30053,135,127,8,8
30054,80,76,4,4
30055,110,100,10,10
30056,100,98,2,2
30057,94,92,2,2
30058,83,78,5,5
30059,87,84,3,3
30060,67,63,4,4
30061,95,104,-9,9
30062,88,81,7,7
30063,93,90,3,3
30064,91,79,12,12
30065,133,126,7,7
30066,77,98,-21,21
30067,106,110,-4,4
30068,53,56,-3,3
30069,89,84,5,5
30070,154,138,16,16
30071,98,98,0,0
30072,54,75,-21,21
30073,79,81,-2,2
30074,115,110,5,5
30075,135,135,0,0
30076,81,76,5,5
30077,56,56,0,0
30078,54,60,-6,6
30079,73,72,1,1
30080,80,81,-1,1
30081,114,111,3,3
30082,170,188,-18,18
30083,124,110,14,14
30084,63,69,-6,6
30085,93,112,-19,19
30086,77,74,3,3
30087,178,181,-3,3
30088,67,68,-1,1
30089,72,66,6,6
30090,60,73,-13,13
30091,64,61,3,3
30092,85,84,1,1
30093,158,161,-3,3
30094,124,110,14,14
30095,70,114,-44,44
30096,61,62,-1,1
30097,110,116,-6,6
30098,94,96,-2,2
30099,161,147,14,14
30100,98,99,-1,1
30101,165,156,9,9
30102,82,90,-8,8
30103,102,107,-5,5
30104,105,98,7,7
30105,85,82,3,3
30106,106,109,-3,3
30107,91,78,13,13
30108,86,90,-4,4
30109,44,53,-9,9
30110,96,99,-3,3
30111,114,112,2,2
30112,83,94,-11,11
30113,24,39,-15,15
30114,75,81,-6,6
30115,140,147,-7,7
30116,46,64,-18,18
30117,80,78,2,2
30118,82,99,-17,17
30119,125,126,-1,1
30120,56,55,1,1
30121,76,76,0,0
30122,44,49,-5,5
30123,102,83,19,19
30124,146,142,4,4
30125,46,67,-21,21
30126,80,84,-4,4
30127,117,128,-11,11
30128,85,64,21,21
30129,60,62,-2,2
30130,81,89,-8,8
30131,42,58,-16,16
30132,79,74,5,5
30133,98,91,7,7
30134,110,96,14,14
30135,74,63,11,11
30136,54,51,3,3
30137,113,116,-3,3
30138,78,92,-14,14
30139,52,56,-4,4
30140,449,552,-103,103
30141,121,114,7,7
30142,68,56,12,12
30143,35,57,-22,22
30144,36,54,-18,18
30145,81,79,2,2
30146,155,152,3,3
30147,207,194,13,13
30148,105,110,-5,5
30149,66,65,1,1
30150,105,88,17,17
30151,63,60,3,3
30152,97,91,6,6
30153,114,103,11,11
30154,69,68,1,1
30155,181,189,-8,8
30156,58,55,3,3
30157,56,65,-9,9
30158,41,63,-22,22
30159,61,70,-9,9
30160,108,114,-6,6
30161,113,96,17,17
30162,46,49,-3,3
30163,85,81,4,4
30164,109,108,1,1
30165,144,143,1,1
30166,45,75,-30,30
30167,56,68,-12,12
30168,71,66,5,5
30169,83,76,7,7
30170,72,73,-1,1
30171,92,77,15,15
30172,97,112,-15,15
30173,52,56,-4,4
30174,135,144,-9,9
30175,69,67,2,2
30176,88,82,6,6
30177,79,81,-2,2
30178,74,74,0,0
30179,74,74,0,0
30180,102,97,5,5
30181,154,147,7,7
30182,225,201,24,24
30183,98,95,3,3
30184,77,72,5,5
30185,164,154,10,10
30186,144,118,26,26
30187,75,69,6,6
30188,142,152,-10,10
30189,115,115,0,0
30190,81,76,5,5
30191,103,108,-5,5
30192,94,97,-3,3
30193,76,73,3,3
30194,50,61,-11,11
30195,108,114,-6,6
30196,146,139,7,7
30197,90,89,1,1
30198,129,128,1,1
30199,74,88,-14,14
30200,105,92,13,13
30201,91,88,3,3
30202,121,133,-12,12
30203,109,99,10,10
30204,85,100,-15,15
30205,111,118,-7,7
30206,136,131,5,5
30207,74,67,7,7
30208,89,87,2,2
30209,102,97,5,5
30210,63,53,10,10
30211,113,105,8,8
30212,92,78,14,14
30213,87,81,6,6
30214,98,88,10,10
30215,111,105,6,6
30216,116,103,13,13
30217,133,134,-1,1
30218,160,133,27,27
30219,86,77,9,9
30220,132,114,18,18
30221,110,103,7,7
30222,53,50,3,3
30223,95,88,7,7
30224,88,86,2,2
30225,56,61,-5,5
30226,75,68,7,7
30227,76,73,3,3
30228,47,55,-8,8
30229,96,83,13,13
30230,39,69,-30,30
30231,159,144,15,15
30232,61,60,1,1
30233,53,57,-4,4
30234,84,82,2,2
30235,85,80,5,5
30236,82,86,-4,4
30237,88,85,3,3
30238,87,85,2,2
30239,111,112,-1,1
30240,161,152,9,9
30241,131,120,11,11
30242,89,76,13,13
30243,156,159,-3,3
30244,61,63,-2,2
30245,94,94,0,0
30246,102,86,16,16
30247,167,172,-5,5
30248,182,180,2,2
30249,59,59,0,0
30250,162,152,10,10
30251,132,132,0,0
30252,66,56,10,10
30253,88,84,4,4
30254,106,86,20,20
30255,59,61,-2,2
30256,86,94,-8,8
30257,45,63,-18,18
30258,42,58,-16,16
30259,54,58,-4,4
30260,79,83,-4,4
30261,139,147,-8,8
30262,98,99,-1,1
30263,113,116,-3,3
30264,87,82,5,5
30265,55,59,-4,4
30266,47,67,-20,20
30267,93,99,-6,6
30268,55,73,-18,18
30269,113,142,-29,29
30270,87,79,8,8
30271,138,144,-6,6
30272,106,90,16,16
30273,76,80,-4,4
30274,89,87,2,2
30275,90,90,0,0
30276,119,114,5,5
30277,106,102,4,4
30278,89,85,4,4
30279,80,83,-3,3
30280,77,75,2,2
30281,138,132,6,6
30282,99,90,9,9
30283,70,70,0,0
30284,107,106,1,1
30285,64,66,-2,2
30286,123,115,8,8
30287,75,79,-4,4
30288,46,54,-8,8
30289,94,93,1,1
30290,68,66,2,2
30291,116,130,-14,14
30292,68,77,-9,9
30293,42,58,-16,16
30294,74,65,9,9
30295,102,105,-3,3
30296,111,104,7,7
30297,102,111,-9,9
30298,155,184,-29,29
30299,97,100,-3,3
30300,75,83,-8,8
30301,158,163,-5,5
30302,66,62,4,4
30303,72,81,-9,9
30304,197,174,23,23
30305,133,110,23,23
30306,103,111,-8,8
30307,119,117,2,2
30308,88,85,3,3
30309,56,67,-11,11
30310,59,65,-6,6
30311,73,76,-3,3
30312,100,96,4,4
30313,83,85,-2,2
30314,104,107,-3,3
30315,91,90,1,1
30316,86,83,3,3
30317,62,63,-1,1
30318,90,97,-7,7
30319,79,80,-1,1
30320,127,124,3,3
30321,108,113,-5,5
30322,38,57,-19,19
30323,63,73,-10,10
30324,55,53,2,2
30325,111,93,18,18
30326,53,76,-23,23
30327,77,74,3,3
30328,143,145,-2,2
30329,136,132,4,4
30330,47,52,-5,5
30331,85,80,5,5
30332,96,95,1,1
30333,87,86,1,1
30334,87,87,0,0
30335,144,124,20,20
30336,105,94,11,11
30337,96,103,-7,7
30338,78,79,-1,1
30339,140,150,-10,10
30340,69,70,-1,1
30341,41,59,-18,18
30342,73,84,-11,11
30343,75,76,-1,1
30344,54,57,-3,3
30345,71,83,-12,12
30346,92,99,-7,7
30347,78,64,14,14
30348,106,98,8,8
30349,77,75,2,2
30350,74,74,0,0
30351,59,58,1,1
30352,94,100,-6,6
30353,86,85,1,1
30354,102,113,-11,11
30355,87,82,5,5
30356,121,122,-1,1
30357,75,71,4,4
30358,108,101,7,7
30359,174,147,27,27
30360,119,107,12,12
30361,84,94,-10,10
30362,98,93,5,5
30363,84,92,-8,8
30364,89,83,6,6
30365,87,74,13,13
30366,43,66,-23,23
30367,95,107,-12,12
30368,62,65,-3,3
30369,97,103,-6,6
30370,110,106,4,4
30371,102,107,-5,5
30372,95,98,-3,3
30373,84,83,1,1
30374,88,83,5,5
30375,101,99,2,2
30376,154,165,-11,11
30377,159,156,3,3
30378,103,90,13,13
30379,75,72,3,3
30380,119,94,25,25
30381,27,63,-36,36
30382,77,73,4,4
30383,169,152,17,17
30384,151,149,2,2
30385,72,62,10,10
30386,145,123,22,22
30387,62,68,-6,6
30388,52,74,-22,22
30389,69,70,-1,1
30390,74,72,2,2
30391,102,65,37,37
30392,91,91,0,0
30393,93,89,4,4
30394,81,73,8,8
30395,137,128,9,9
30396,157,169,-12,12
30397,48,53,-5,5
30398,122,122,0,0
30399,64,56,8,8
30400,175,166,9,9
30401,74,75,-1,1
30402,47,56,-9,9
30403,103,102,1,1
30404,88,80,8,8
30405,64,66,-2,2
30406,94,85,9,9
30407,111,105,6,6
30408,209,198,11,11
30409,80,84,-4,4
30410,108,111,-3,3
30411,103,99,4,4
30412,93,111,-18,18
30413,86,85,1,1
30414,105,99,6,6
30415,110,102,8,8
30416,82,81,1,1
30417,69,59,10,10
30418,43,51,-8,8
30419,74,78,-4,4
30420,131,123,8,8
30421,137,128,9,9
30422,110,106,4,4
30423,61,67,-6,6
30424,90,91,-1,1
30425,78,84,-6,6
30426,82,80,2,2
30427,82,83,-1,1
30428,66,74,-8,8
30429,136,138,-2,2
30430,112,111,1,1
30431,71,71,0,0
30432,114,107,7,7
30433,105,148,-43,43
30434,93,80,13,13
30435,122,138,-16,16
30436,167,163,4,4
30437,67,66,1,1
30438,62,74,-12,12
30439,116,110,6,6
30440,120,106,14,14
30441,126,117,9,9
30442,110,109,1,1
30443,85,85,0,0
30444,124,124,0,0
30445,129,135,-6,6
30446,99,121,-22,22
30447,172,166,6,6
30448,76,78,-2,2
30449,64,59,5,5
30450,138,121,17,17
30451,59,54,5,5
30452,123,100,23,23
30453,140,97,43,43
30454,67,69,-2,2
30455,211,209,2,2
30456,155,145,10,10
30457,84,90,-6,6
30458,125,124,1,1
30459,72,71,1,1
30460,121,122,-1,1
30461,121,128,-7,7
30462,141,141,0,0
30463,67,59,8,8
30464,73,89,-16,16
30465,107,120,-13,13
30466,72,61,11,11
30467,65,68,-3,3
30468,82,72,10,10
30469,87,72,15,15
30470,87,85,2,2
30471,52,62,-10,10
30472,84,74,10,10
30473,81,77,4,4
30474,75,83,-8,8
30475,126,117,9,9
30476,45,61,-16,16
30477,48,52,-4,4
30478,77,77,0,0
30479,150,134,16,16
30480,100,95,5,5
30481,128,136,-8,8
30482,86,80,6,6
30483,72,66,6,6
30484,108,98,10,10
30485,61,55,6,6
30486,121,126,-5,5
30487,132,129,3,3
30488,112,110,2,2
30489,148,139,9,9
30490,89,96,-7,7
30491,47,53,-6,6
30492,75,79,-4,4
30493,113,125,-12,12
30494,82,86,-4,4
30495,82,82,0,0
30496,155,151,4,4
30497,114,96,18,18
30498,85,82,3,3
30499,97,97,0,0
30500,117,110,7,7
30501,57,77,-20,20
30502,121,121,0,0
30503,50,56,-6,6
30504,32,48,-16,16
30505,126,123,3,3
30506,85,96,-11,11
30507,45,62,-17,17
30508,105,94,11,11
30509,84,82,2,2
30510,99,93,6,6
30511,129,90,39,39
30512,115,116,-1,1
30513,127,130,-3,3
30514,42,71,-29,29
30515,86,92,-6,6
30516,106,104,2,2
30517,108,106,2,2
30518,143,139,4,4
30519,98,106,-8,8
30520,131,99,32,32
30521,117,124,-7,7
30522,82,66,16,16
30523,79,84,-5,5
30524,58,62,-4,4
30525,96,84,12,12
30526,105,87,18,18
30527,103,105,-2,2
30528,72,78,-6,6
30529,108,116,-8,8
30530,155,151,4,4
30531,164,161,3,3
30532,60,63,-3,3
30533,130,118,12,12
30534,123,111,12,12
30535,104,110,-6,6
30536,79,77,2,2
30537,136,127,9,9
30538,130,131,-1,1
30539,135,116,19,19
30540,77,66,11,11
30541,136,126,10,10
30542,107,76,31,31
30543,127,114,13,13
30544,116,115,1,1
30545,132,130,2,2
30546,88,78,10,10
30547,74,75,-1,1
30548,71,73,-2,2
30549,53,58,-5,5
30550,57,56,1,1
30551,189,192,-3,3
30552,49,56,-7,7
30553,124,121,3,3
30554,127,124,3,3
30555,45,58,-13,13
30556,110,113,-3,3
30557,104,100,4,4
30558,82,82,0,0
30559,133,126,7,7
30560,229,220,9,9
30561,64,60,4,4
30562,107,92,15,15
30563,109,108,1,1
30564,174,168,6,6
30565,176,180,-4,4
30566,101,86,15,15
30567,113,101,12,12
30568,139,135,4,4
30569,56,63,-7,7
30570,75,65,10,10
30571,89,84,5,5
30572,34,52,-18,18
30573,130,130,0,0
30574,81,81,0,0
30575,103,95,8,8
30576,99,97,2,2
30577,136,134,2,2
30578,37,47,-10,10
30579,82,72,10,10
30580,125,122,3,3
30581,121,110,11,11
30582,94,87,7,7
30583,67,63,4,4
30584,110,115,-5,5
30585,82,72,10,10
30586,106,115,-9,9
30587,154,142,12,12
30588,97,85,12,12
30589,65,64,1,1
30590,81,88,-7,7
30591,53,61,-8,8
30592,123,117,6,6
30593,123,113,10,10
30594,60,59,1,1
30595,59,62,-3,3
30596,71,99,-28,28
30597,154,143,11,11
30598,89,75,14,14
30599,89,81,8,8
30600,95,84,11,11
30601,78,76,2,2
30602,79,78,1,1
30603,132,126,6,6
30604,124,121,3,3
30605,125,120,5,5
30606,73,74,-1,1
30607,109,109,0,0
30608,84,83,1,1
30609,114,114,0,0
30610,98,99,-1,1
30611,229,226,3,3
30612,118,119,-1,1
30613,105,98,7,7
30614,56,64,-8,8
30615,86,86,0,0
30616,72,69,3,3
30617,144,175,-31,31
30618,151,143,8,8
30619,91,85,6,6
30620,134,138,-4,4
30621,142,140,2,2
30622,119,116,3,3
30623,115,114,1,1
30624,122,123,-1,1
30625,121,110,11,11
30626,145,158,-13,13
30627,151,151,0,0
30628,99,64,35,35
30629,90,82,8,8
30630,115,143,-28,28
30631,65,72,-7,7
30632,90,93,-3,3
30633,78,76,2,2
30634,65,63,2,2
30635,77,80,-3,3
30636,64,58,6,6
30637,204,214,-10,10
30638,134,139,-5,5
30639,144,131,13,13
30640,127,128,-1,1
30641,88,79,9,9
30642,61,64,-3,3
30643,118,116,2,2
30644,91,90,1,1
30645,143,116,27,27
30646,166,134,32,32
30647,77,76,1,1
30648,97,91,6,6
30649,97,100,-3,3
30650,98,84,14,14
30651,71,74,-3,3
30652,77,73,4,4
30653,145,146,-1,1
30654,127,125,2,2
30655,144,144,0,0
30656,128,118,10,10
30657,148,145,3,3
30658,67,67,0,0
30659,147,147,0,0
30660,85,87,-2,2
30661,98,100,-2,2
30662,72,75,-3,3
30663,74,78,-4,4
30664,111,112,-1,1
30665,80,69,11,11
30666,73,71,2,2
30667,79,80,-1,1
30668,90,74,16,16
30669,104,92,12,12
30670,70,71,-1,1
30671,99,99,0,0
30672,64,67,-3,3
30673,68,76,-8,8
30674,96,102,-6,6
30675,44,57,-13,13
30676,84,84,0,0
30677,81,76,5,5
30678,152,142,10,10
30679,69,76,-7,7
30680,86,90,-4,4
30681,89,86,3,3
30682,151,147,4,4
30683,80,87,-7,7
30684,97,100,-3,3
30685,55,64,-9,9
30686,126,120,6,6
30687,110,117,-7,7
30688,112,121,-9,9
30689,156,142,14,14
30690,52,44,8,8
30691,88,86,2,2
30692,98,102,-4,4
30693,131,124,7,7
30694,114,104,10,10
30695,154,164,-10,10
30696,52,58,-6,6
30697,134,142,-8,8
30698,60,53,7,7
30699,68,62,6,6
30700,119,118,1,1
30701,61,80,-19,19
30702,94,107,-13,13
30703,98,99,-1,1
30704,103,110,-7,7
30705,120,123,-3,3
30706,97,94,3,3
30707,126,116,10,10
30708,103,94,9,9
30709,97,99,-2,2
30710,89,84,5,5
30711,69,67,2,2
30712,58,67,-9,9
30713,109,101,8,8
30714,91,78,13,13
30715,76,75,1,1
30716,206,210,-4,4
30717,109,96,13,13
30718,167,169,-2,2
30719,124,117,7,7
30720,68,73,-5,5
30721,162,135,27,27
30722,92,84,8,8
30723,160,173,-13,13
30724,107,98,9,9
30725,104,88,16,16
30726,72,71,1,1
30727,59,62,-3,3
30728,102,90,12,12
30729,110,120,-10,10
30730,71,75,-4,4
30731,96,85,11,11
30732,117,112,5,5
30733,67,67,0,0
30734,64,70,-6,6
30735,111,101,10,10
30736,54,58,-4,4
30737,70,74,-4,4
30738,89,80,9,9
30739,125,130,-5,5
30740,81,83,-2,2
30741,132,125,7,7
30742,122,121,1,1
30743,83,85,-2,2
30744,49,61,-12,12
30745,134,124,10,10
30746,86,86,0,0
30747,87,77,10,10
30748,113,107,6,6
30749,147,144,3,3
30750,57,65,-8,8
30751,81,80,1,1
30752,84,87,-3,3
30753,130,117,13,13
30754,103,91,12,12
30755,57,63,-6,6
30756,58,61,-3,3
30757,147,128,19,19
30758,136,127,9,9
30759,78,89,-11,11
30760,92,80,12,12
30761,69,75,-6,6
30762,151,137,14,14
30763,155,147,8,8
30764,80,81,-1,1
30765,71,69,2,2
30766,113,171,-58,58
30767,129,115,14,14
30768,113,118,-5,5
30769,82,91,-9,9
30770,69,64,5,5
30771,95,95,0,0
30772,86,83,3,3
30773,86,75,11,11
30774,73,67,6,6
30775,84,88,-4,4
30776,99,98,1,1
30777,159,145,14,14
30778,94,89,5,5
30779,93,83,10,10
30780,52,54,-2,2
30781,92,91,1,1
30782,77,84,-7,7
30783,83,90,-7,7
30784,145,159,-14,14
30785,89,87,2,2
30786,98,86,12,12
30787,128,140,-12,12
30788,70,74,-4,4
30789,85,85,0,0
30790,94,90,4,4
30791,63,63,0,0
30792,120,103,17,17
30793,93,98,-5,5
30794,113,102,11,11
30795,164,170,-6,6
30796,121,110,11,11
30797,61,59,2,2
30798,100,239,-139,139
30799,67,57,10,10
30800,107,102,5,5
30801,56,68,-12,12
30802,79,79,0,0
30803,116,149,-33,33
30804,139,134,5,5
30805,112,119,-7,7
30806,92,90,2,2
30807,108,103,5,5
30808,124,125,-1,1
30809,158,158,0,0
30810,106,93,13,13
30811,132,127,5,5
30812,100,92,8,8
30813,64,103,-39,39
30814,128,116,12,12
30815,53,51,2,2
30816,54,59,-5,5
30817,81,81,0,0
30818,67,66,1,1
30819,97,106,-9,9
30820,129,116,13,13
30821,122,104,18,18
30822,139,143,-4,4
30823,44,62,-18,18
30824,131,131,0,0
30825,67,69,-2,2
30826,115,89,26,26
30827,53,67,-14,14
30828,84,76,8,8
30829,124,122,2,2
30830,74,67,7,7
30831,104,103,1,1
30832,70,71,-1,1
30833,112,103,9,9
30834,90,76,14,14
30835,83,108,-25,25
30836,71,65,6,6
30837,81,86,-5,5
30838,124,144,-20,20
30839,161,165,-4,4
30840,52,52,0,0
30841,78,89,-11,11
30842,57,58,-1,1
30843,113,108,5,5
30844,105,93,12,12
30845,119,117,2,2
30846,48,57,-9,9
30847,123,165,-42,42
30848,96,102,-6,6
30849,124,112,12,12
30850,129,124,5,5
30851,125,129,-4,4
30852,104,107,-3,3
30853,117,120,-3,3
30854,151,151,0,0
30855,125,121,4,4
30856,87,97,-10,10
30857,71,67,4,4
30858,58,62,-4,4
30859,127,125,2,2
30860,143,123,20,20
30861,78,73,5,5
30862,114,125,-11,11
30863,49,62,-13,13
30864,86,86,0,0
30865,81,87,-6,6
30866,85,80,5,5
30867,158,131,27,27
30868,57,59,-2,2
30869,109,103,6,6
30870,95,91,4,4
30871,45,49,-4,4
30872,76,86,-10,10
30873,83,74,9,9
30874,100,109,-9,9
30875,65,74,-9,9
30876,76,76,0,0
30877,47,66,-19,19
30878,70,69,1,1
30879,157,165,-8,8
30880,204,189,15,15
30881,88,85,3,3
30882,93,87,6,6
30883,53,63,-10,10
30884,97,93,4,4
30885,84,86,-2,2
30886,66,68,-2,2
30887,73,74,-1,1
30888,64,66,-2,2
30889,102,91,11,11
30890,56,53,3,3
30891,73,76,-3,3
30892,78,80,-2,2
30893,64,75,-11,11
30894,89,85,4,4
30895,108,105,3,3
30896,79,75,4,4
30897,99,97,2,2
30898,104,101,3,3
30899,174,156,18,18
30900,76,76,0,0
30901,67,65,2,2
30902,103,97,6,6
30903,72,70,2,2
30904,65,78,-13,13
30905,79,84,-5,5
30906,39,68,-29,29
30907,42,52,-10,10
30908,43,55,-12,12
30909,130,117,13,13
30910,56,61,-5,5
30911,67,75,-8,8
30912,61,68,-7,7
30913,79,61,18,18
30914,122,105,17,17
30915,121,113,8,8
30916,87,77,10,10
30917,95,99,-4,4
30918,76,71,5,5
30919,98,84,14,14
30920,149,153,-4,4
30921,37,51,-14,14
30922,91,82,9,9
30923,99,91,8,8
30924,64,62,2,2
30925,113,125,-12,12
30926,82,80,2,2
30927,71,72,-1,1
30928,103,109,-6,6
30929,58,64,-6,6
30930,112,105,7,7
30931,61,64,-3,3
30932,60,60,0,0
30933,118,121,-3,3
30934,48,81,-33,33
30935,86,75,11,11
30936,61,66,-5,5
30937,123,112,11,11
30938,151,149,2,2
30939,50,55,-5,5
30940,123,123,0,0
30941,186,177,9,9
30942,59,61,-2,2
30943,141,144,-3,3
30944,130,153,-23,23
30945,83,72,11,11
30946,63,67,-4,4
30947,168,156,12,12
30948,88,86,2,2
30949,49,63,-14,14
30950,47,55,-8,8
30951,81,82,-1,1
30952,176,155,21,21
30953,58,57,1,1
30954,48,54,-6,6
30955,117,122,-5,5
30956,115,107,8,8
30957,120,112,8,8
30958,90,90,0,0
30959,46,57,-11,11
30960,113,124,-11,11
30961,64,65,-1,1
30962,126,120,6,6
30963,153,131,22,22
30964,114,109,5,5
30965,182,190,-8,8
30966,114,115,-1,1
30967,91,78,13,13
30968,116,102,14,14
30969,135,121,14,14
30970,70,79,-9,9
30971,80,70,10,10
30972,50,59,-9,9
30973,90,86,4,4
30974,50,53,-3,3
30975,144,124,20,20
30976,77,86,-9,9
30977,81,66,15,15
30978,41,79,-38,38
30979,80,81,-1,1
30980,97,95,2,2
30981,65,61,4,4
30982,70,68,2,2
30983,176,189,-13,13
30984,143,139,4,4
30985,79,77,2,2
30986,122,109,13,13
30987,135,130,5,5
30988,85,90,-5,5
30989,50,58,-8,8
30990,88,79,9,9
30991,120,101,19,19
30992,134,128,6,6
30993,74,78,-4,4
30994,86,87,-1,1
30995,95,85,10,10
30996,56,63,-7,7
30997,92,91,1,1
30998,86,87,-1,1
30999,70,83,-13,13
31000,81,79,2,2
31001,113,111,2,2
31002,99,88,11,11
31003,77,81,-4,4
31004,31,51,-20,20
31005,99,91,8,8
31006,85,81,4,4
31007,80,85,-5,5
31008,92,82,10,10
31009,56,54,2,2
31010,139,162,-23,23
31011,51,54,-3,3
31012,36,58,-22,22
31013,126,116,10,10
31014,76,79,-3,3
31015,96,110,-14,14
31016,87,88,-1,1
31017,117,117,0,0
31018,102,100,2,2
31019,89,88,1,1
31020,107,83,24,24
31021,79,79,0,0
31022,89,92,-3,3
31023,67,61,6,6
31024,114,106,8,8
31025,69,72,-3,3
31026,115,91,24,24
31027,168,181,-13,13
31028,84,68,16,16
31029,79,45,34,34
31030,133,132,1,1
31031,123,107,16,16
31032,102,108,-6,6
31033,123,112,11,11
31034,97,86,11,11
31035,89,86,3,3
31036,92,95,-3,3
31037,171,164,7,7
31038,72,68,4,4
31039,92,101,-9,9
31040,54,56,-2,2
31041,113,108,5,5
31042,110,99,11,11
31043,64,65,-1,1
31044,64,61,3,3
31045,69,55,14,14
31046,81,79,2,2
31047,101,104,-3,3
31048,92,90,2,2
31049,85,91,-6,6
31050,58,60,-2,2
31051,124,116,8,8
31052,81,78,3,3
31053,108,97,11,11
31054,93,82,11,11
31055,70,68,2,2
31056,119,91,28,28
31057,65,68,-3,3
31058,90,74,16,16
31059,53,58,-5,5
31060,73,73,0,0
31061,52,75,-23,23
31062,97,97,0,0
31063,118,92,26,26
31064,95,89,6,6
31065,89,85,4,4
31066,66,59,7,7
31067,75,82,-7,7
31068,107,101,6,6
31069,63,58,5,5
31070,148,132,16,16
31071,110,115,-5,5
31072,96,102,-6,6
31073,123,120,3,3
31074,123,114,9,9
31075,106,86,20,20
31076,101,96,5,5
31077,105,107,-2,2
31078,94,106,-12,12
31079,53,73,-20,20
31080,53,63,-10,10
31081,116,110,6,6
31082,122,122,0,0
31083,96,93,3,3
31084,117,108,9,9
31085,105,96,9,9
31086,74,74,0,0
31087,43,56,-13,13
31088,110,104,6,6
31089,71,65,6,6
31090,72,77,-5,5
31091,109,101,8,8
31092,142,146,-4,4
31093,69,67,2,2
31094,127,134,-7,7
31095,113,122,-9,9
31096,61,60,1,1
31097,108,108,0,0
31098,83,72,11,11
31099,58,65,-7,7
31100,107,100,7,7
31101,108,124,-16,16
31102,97,86,11,11
31103,101,91,10,10
31104,101,104,-3,3
31105,123,113,10,10
31106,68,75,-7,7
31107,89,80,9,9
31108,47,53,-6,6
31109,128,107,21,21
31110,117,106,11,11
31111,94,84,10,10
31112,111,101,10,10
31113,51,50,1,1
31114,65,75,-10,10
31115,79,87,-8,8
31116,140,138,2,2
31117,152,130,22,22
31118,108,110,-2,2
31119,115,98,17,17
31120,78,93,-15,15
31121,100,102,-2,2
31122,69,69,0,0
31123,127,127,0,0
31124,64,56,8,8
31125,148,139,9,9
31126,105,96,9,9
31127,123,120,3,3
31128,56,68,-12,12
31129,60,70,-10,10
31130,100,86,14,14
31131,77,93,-16,16
31132,89,110,-21,21
31133,63,69,-6,6
31134,70,73,-3,3
31135,74,74,0,0
31136,74,85,-11,11
31137,149,130,19,19
31138,60,59,1,1
31139,115,170,-55,55
31140,65,70,-5,5
31141,95,82,13,13
31142,126,141,-15,15
31143,84,84,0,0
31144,114,94,20,20
31145,130,115,15,15
31146,117,106,11,11
31147,135,138,-3,3
31148,110,114,-4,4
31149,74,67,7,7
31150,91,81,10,10
31151,102,94,8,8
31152,76,81,-5,5
31153,81,88,-7,7
31154,117,110,7,7
31155,58,61,-3,3
31156,52,69,-17,17
31157,44,66,-22,22
31158,126,128,-2,2
31159,102,99,3,3
31160,68,59,9,9
31161,96,111,-15,15
31162,116,95,21,21
31163,96,93,3,3
31164,44,48,-4,4
31165,49,58,-9,9
31166,109,104,5,5
31167,40,54,-14,14
31168,84,120,-36,36
31169,57,58,-1,1
31170,85,89,-4,4
31171,44,58,-14,14
31172,77,76,1,1
31173,70,82,-12,12
31174,63,61,2,2
31175,75,66,9,9
31176,88,86,2,2
31177,98,89,9,9
31178,66,88,-22,22
31179,78,70,8,8
31180,95,102,-7,7
31181,99,121,-22,22
31182,20,99,-79,79
31183,88,88,0,0
31184,165,174,-9,9
31185,127,115,12,12
31186,55,57,-2,2
31187,145,146,-1,1
31188,72,69,3,3
31189,84,76,8,8
31190,62,61,1,1
31191,107,116,-9,9
31192,113,91,22,22
31193,64,68,-4,4
31194,132,113,19,19
31195,80,76,4,4
31196,64,64,0,0
31197,58,74,-16,16
31198,53,64,-11,11
31199,101,90,11,11
31200,97,83,14,14
31201,93,94,-1,1
31202,87,75,12,12
31203,78,69,9,9
31204,70,63,7,7
31205,119,73,46,46
31206,66,63,3,3
31207,82,87,-5,5
31208,117,104,13,13
31209,106,94,12,12
31210,79,73,6,6
31211,129,168,-39,39
31212,95,89,6,6
31213,66,85,-19,19
31214,63,60,3,3
31215,128,115,13,13
31216,86,73,13,13
31217,87,91,-4,4
31218,115,96,19,19
31219,126,132,-6,6
31220,66,100,-34,34
31221,138,135,3,3
31222,118,103,15,15
31223,105,98,7,7
31224,59,65,-6,6
31225,51,55,-4,4
31226,45,64,-19,19
31227,79,76,3,3
31228,103,92,11,11
31229,86,109,-23,23
31230,63,62,1,1
31231,104,94,10,10
31232,144,149,-5,5
31233,160,165,-5,5
31234,55,75,-20,20
31235,83,81,2,2
31236,104,96,8,8
31237,61,71,-10,10
31238,92,89,3,3
31239,72,72,0,0
31240,103,89,14,14
31241,192,172,20,20
31242,89,87,2,2
31243,76,77,-1,1
31244,70,77,-7,7
31245,81,75,6,6
31246,96,90,6,6
31247,120,115,5,5
31248,88,87,1,1
31249,81,78,3,3
31250,91,92,-1,1
31251,104,91,13,13
31252,71,76,-5,5
31253,51,47,4,4
31254,138,126,12,12
31255,88,70,18,18
31256,64,76,-12,12
31257,108,107,1,1
31258,120,116,4,4
31259,78,99,-21,21
31260,158,141,17,17
31261,185,180,5,5
31262,168,183,-15,15
31263,96,96,0,0
31264,100,78,22,22
31265,48,99,-51,51
31266,80,79,1,1
31267,49,62,-13,13
31268,108,107,1,1
31269,71,68,3,3
31270,111,107,4,4
31271,75,76,-1,1
31272,117,107,10,10
31273,156,137,19,19
31274,111,97,14,14
31275,108,110,-2,2
31276,54,56,-2,2
31277,83,78,5,5
31278,91,84,7,7
31279,53,59,-6,6
31280,46,59,-13,13
31281,39,44,-5,5
31282,97,97,0,0
31283,97,110,-13,13
31284,93,79,14,14
31285,173,170,3,3
31286,76,73,3,3
31287,146,143,3,3
31288,128,137,-9,9
31289,81,85,-4,4
31290,90,88,2,2
31291,109,103,6,6
31292,123,103,20,20
31293,100,103,-3,3
31294,77,71,6,6
31295,77,74,3,3
31296,109,101,8,8
31297,85,75,10,10
31298,94,85,9,9
31299,57,60,-3,3
31300,51,51,0,0
31301,50,57,-7,7
31302,80,80,0,0
31303,73,66,7,7
31304,68,68,0,0
31305,153,128,25,25
31306,120,129,-9,9
31307,99,97,2,2
31308,97,94,3,3
31309,82,85,-3,3
31310,85,88,-3,3
31311,84,81,3,3
31312,93,101,-8,8
31313,55,59,-4,4
31314,53,54,-1,1
31315,148,147,1,1
31316,115,112,3,3
31317,116,109,7,7
31318,109,95,14,14
31319,72,75,-3,3
31320,85,85,0,0
31321,78,68,10,10
31322,133,130,3,3
31323,89,76,13,13
31324,53,60,-7,7
31325,145,158,-13,13
31326,75,67,8,8
31327,60,63,-3,3
31328,71,68,3,3
31329,62,60,2,2
31330,165,149,16,16
31331,51,52,-1,1
31332,146,154,-8,8
31333,64,68,-4,4
31334,75,86,-11,11
31335,79,70,9,9
31336,85,87,-2,2
31337,100,94,6,6
31338,119,111,8,8
31339,106,106,0,0
31340,79,72,7,7
31341,163,152,11,11
31342,121,129,-8,8
31343,66,68,-2,2
31344,114,111,3,3
31345,77,78,-1,1
31346,57,70,-13,13
31347,87,81,6,6
31348,86,80,6,6
31349,71,82,-11,11
31350,124,123,1,1
31351,65,61,4,4
31352,111,112,-1,1
31353,62,69,-7,7
31354,94,85,9,9
31355,76,74,2,2
31356,122,135,-13,13
31357,136,154,-18,18
31358,76,72,4,4
31359,82,89,-7,7
31360,62,59,3,3
31361,65,65,0,0
31362,63,66,-3,3
31363,50,58,-8,8
31364,56,77,-21,21
31365,80,78,2,2
31366,95,89,6,6
31367,94,90,4,4
31368,90,84,6,6
31369,116,100,16,16
31370,113,105,8,8
31371,70,73,-3,3
31372,31,59,-28,28
31373,70,66,4,4
31374,72,63,9,9
31375,92,82,10,10
31376,82,74,8,8
31377,58,74,-16,16
31378,104,126,-22,22
31379,75,75,0,0
31380,90,83,7,7
31381,130,122,8,8
31382,126,120,6,6
31383,89,82,7,7
31384,108,103,5,5
31385,51,57,-6,6
31386,132,136,-4,4
31387,91,80,11,11
31388,109,114,-5,5
31389,103,115,-12,12
31390,87,67,20,20
31391,123,123,0,0
31392,109,95,14,14
31393,77,89,-12,12
31394,96,96,0,0
31395,82,81,1,1
31396,111,110,1,1
31397,72,71,1,1
31398,117,109,8,8
31399,117,108,9,9
31400,137,131,6,6
31401,107,93,14,14
31402,91,93,-2,2
31403,110,107,3,3
31404,76,77,-1,1
31405,83,73,10,10
31406,142,130,12,12
31407,97,93,4,4
31408,54,52,2,2
31409,71,73,-2,2
31410,91,97,-6,6
31411,100,101,-1,1
31412,47,54,-7,7
31413,114,97,17,17
31414,65,63,2,2
31415,33,46,-13,13
31416,88,92,-4,4
31417,102,107,-5,5
31418,72,81,-9,9
31419,95,91,4,4
31420,100,99,1,1
31421,200,195,5,5
31422,147,133,14,14
31423,98,106,-8,8
31424,111,103,8,8
31425,105,101,4,4
31426,89,84,5,5
31427,108,100,8,8
31428,35,72,-37,37
31429,54,63,-9,9
31430,124,128,-4,4
31431,90,79,11,11
31432,130,118,12,12
31433,138,126,12,12
31434,143,119,24,24
31435,74,68,6,6
31436,47,57,-10,10
31437,64,64,0,0
31438,174,166,8,8
31439,96,92,4,4
31440,132,124,8,8
31441,66,64,2,2
31442,105,107,-2,2
31443,128,136,-8,8
31444,99,93,6,6
31445,70,71,-1,1
31446,62,60,2,2
31447,78,74,4,4
31448,93,111,-18,18
31449,89,75,14,14
31450,104,109,-5,5
31451,74,73,1,1
31452,102,78,24,24
31453,58,49,9,9
31454,89,84,5,5
31455,84,68,16,16
31456,128,114,14,14
31457,91,89,2,2
31458,80,66,14,14
31459,84,88,-4,4
31460,100,96,4,4
31461,115,109,6,6
31462,92,91,1,1
31463,155,157,-2,2
31464,175,161,14,14
31465,79,73,6,6
31466,70,60,10,10
31467,64,74,-10,10
31468,111,116,-5,5
31469,83,81,2,2
31470,92,87,5,5
31471,153,153,0,0
31472,138,135,3,3
31473,90,106,-16,16
31474,104,108,-4,4
31475,52,54,-2,2
31476,72,74,-2,2
31477,76,78,-2,2
31478,69,66,3,3
31479,145,129,16,16
31480,67,68,-1,1
31481,79,68,11,11
31482,103,87,16,16
31483,145,142,3,3
31484,86,80,6,6
31485,112,102,10,10
31486,130,118,12,12
31487,173,162,11,11
31488,75,74,1,1
31489,195,175,20,20
31490,93,90,3,3
31491,102,102,0,0
31492,64,66,-2,2
31493,68,62,6,6
31494,58,57,1,1
31495,93,80,13,13
31496,119,95,24,24
31497,54,56,-2,2
31498,72,85,-13,13
31499,82,79,3,3
31500,130,122,8,8
31501,75,71,4,4
31502,73,72,1,1
31503,72,74,-2,2
31504,243,305,-62,62
31505,62,70,-8,8
31506,79,65,14,14
31507,129,133,-4,4
31508,119,120,-1,1
31509,121,120,1,1
31510,135,129,6,6
31511,64,60,4,4
31512,84,77,7,7
31513,68,75,-7,7
31514,89,82,7,7
31515,59,59,0,0
31516,67,72,-5,5
31517,108,105,3,3
31518,55,55,0,0
31519,161,142,19,19
31520,75,77,-2,2
31521,113,116,-3,3
31522,102,92,10,10
31523,116,116,0,0
31524,134,130,4,4
31525,161,125,36,36
31526,122,95,27,27
31527,103,100,3,3
31528,75,70,5,5
31529,162,148,14,14
31530,76,83,-7,7
31531,57,58,-1,1
31532,74,74,0,0
31533,78,65,13,13
31534,68,57,11,11
31535,101,85,16,16
31536,66,72,-6,6
31537,61,68,-7,7
31538,120,109,11,11
31539,62,61,1,1
31540,149,129,20,20
31541,85,89,-4,4
31542,126,109,17,17
31543,192,172,20,20
31544,94,90,4,4
31545,69,67,2,2
31546,99,80,19,19
31547,114,95,19,19
31548,75,69,6,6
31549,113,127,-14,14
31550,165,155,10,10
31551,133,127,6,6
31552,86,92,-6,6
31553,72,68,4,4
31554,97,89,8,8
31555,113,166,-53,53
31556,110,121,-11,11
31557,119,122,-3,3
31558,60,62,-2,2
31559,72,80,-8,8
31560,110,112,-2,2
31561,151,131,20,20
31562,70,78,-8,8
31563,89,93,-4,4
31564,112,97,15,15
31565,70,71,-1,1
31566,64,58,6,6
31567,155,164,-9,9
31568,103,102,1,1
31569,115,106,9,9
31570,57,69,-12,12
31571,92,98,-6,6
31572,96,83,13,13
31573,61,65,-4,4
31574,144,120,24,24
31575,75,74,1,1
31576,138,126,12,12
31577,103,101,2,2
31578,118,96,22,22
31579,80,90,-10,10
31580,107,95,12,12
31581,84,82,2,2
31582,87,75,12,12
31583,56,57,-1,1
31584,129,86,43,43
31585,94,82,12,12
31586,72,74,-2,2
31587,193,157,36,36
31588,141,123,18,18
31589,98,96,2,2
31590,116,127,-11,11
31591,154,149,5,5
31592,116,117,-1,1
31593,75,70,5,5
31594,107,98,9,9
31595,83,66,17,17
31596,103,117,-14,14
31597,99,86,13,13
31598,109,113,-4,4
31599,95,84,11,11
31600,85,72,13,13
31601,81,77,4,4
31602,112,82,30,30
31603,82,83,-1,1
31604,56,67,-11,11
31605,64,63,1,1
31606,105,128,-23,23
31607,118,104,14,14
31608,82,87,-5,5
31609,96,94,2,2
31610,69,67,2,2
31611,128,128,0,0
31612,88,98,-10,10
31613,90,95,-5,5
31614,141,138,3,3
31615,75,80,-5,5
31616,108,100,8,8
31617,153,154,-1,1
31618,101,92,9,9
31619,76,80,-4,4
31620,86,94,-8,8
31621,49,56,-7,7
31622,130,117,13,13
31623,95,89,6,6
31624,33,47,-14,14
31625,156,159,-3,3
31626,49,56,-7,7
31627,89,75,14,14
31628,86,77,9,9
31629,80,72,8,8
31630,97,82,15,15
31631,59,58,1,1
31632,153,148,5,5
31633,51,63,-12,12
31634,88,75,13,13
31635,145,164,-19,19
31636,165,187,-22,22
31637,74,78,-4,4
31638,80,91,-11,11
31639,101,93,8,8
31640,46,53,-7,7
31641,62,66,-4,4
31642,107,89,18,18
31643,66,64,2,2
31644,153,156,-3,3
31645,75,84,-9,9
31646,49,58,-9,9
31647,120,116,4,4
31648,131,129,2,2
31649,106,103,3,3
31650,147,134,13,13
31651,81,82,-1,1
31652,94,89,5,5
31653,57,53,4,4
31654,61,63,-2,2
31655,47,54,-7,7
31656,53,58,-5,5
31657,117,109,8,8
31658,98,69,29,29
31659,48,48,0,0
31660,190,196,-6,6
31661,68,79,-11,11
31662,106,95,11,11
31663,57,60,-3,3
31664,131,121,10,10
31665,132,120,12,12
31666,74,74,0,0
31667,125,127,-2,2
31668,86,87,-1,1
31669,49,62,-13,13
31670,95,72,23,23
31671,67,68,-1,1
31672,82,83,-1,1
31673,93,91,2,2
31674,52,50,2,2
31675,55,64,-9,9
31676,111,101,10,10
31677,73,74,-1,1
31678,72,75,-3,3
31679,160,160,0,0
31680,97,101,-4,4
31681,95,82,13,13
31682,117,94,23,23
31683,67,60,7,7
31684,55,70,-15,15
31685,103,95,8,8
31686,108,112,-4,4
31687,82,63,19,19
31688,155,143,12,12
31689,87,68,19,19
31690,88,88,0,0
31691,84,88,-4,4
31692,66,79,-13,13
31693,59,66,-7,7
31694,80,79,1,1
31695,120,127,-7,7
31696,92,91,1,1
31697,36,56,-20,20
31698,89,79,10,10
31699,113,99,14,14
31700,86,95,-9,9
31701,117,137,-20,20
31702,78,68,10,10
31703,72,78,-6,6
31704,76,66,10,10
31705,76,74,2,2
31706,87,82,5,5
31707,76,95,-19,19
31708,79,71,8,8
31709,51,47,4,4
31710,121,122,-1,1
31711,100,85,15,15
31712,83,85,-2,2
31713,84,69,15,15
31714,100,107,-7,7
31715,125,112,13,13
31716,73,75,-2,2
31717,59,67,-8,8
31718,79,83,-4,4
31719,76,77,-1,1
31720,108,108,0,0
31721,64,70,-6,6
31722,101,95,6,6
31723,140,126,14,14
31724,89,89,0,0
31725,72,70,2,2
31726,82,92,-10,10
31727,68,75,-7,7
31728,41,49,-8,8
31729,77,73,4,4
31730,150,139,11,11
31731,121,113,8,8
31732,96,114,-18,18
31733,50,62,-12,12
31734,45,52,-7,7
31735,118,122,-4,4
31736,108,100,8,8
31737,74,82,-8,8
31738,148,133,15,15
31739,109,102,7,7
31740,53,63,-10,10
31741,69,63,6,6
31742,75,90,-15,15
31743,75,89,-14,14
31744,93,85,8,8
31745,36,54,-18,18
31746,62,64,-2,2
31747,139,139,0,0
31748,67,65,2,2
31749,199,201,-2,2
31750,61,58,3,3
31751,66,60,6,6
31752,58,62,-4,4
31753,58,69,-11,11
31754,98,100,-2,2
31755,65,64,1,1
31756,96,93,3,3
31757,105,96,9,9
31758,44,60,-16,16
31759,116,112,4,4
31760,87,81,6,6
31761,94,92,2,2
31762,130,135,-5,5
31763,103,96,7,7
31764,85,79,6,6
31765,94,99,-5,5
31766,78,74,4,4
31767,120,113,7,7
31768,48,71,-23,23
31769,107,91,16,16
31770,87,89,-2,2
31771,115,112,3,3
31772,122,114,8,8
31773,137,121,16,16
31774,19,45,-26,26
31775,90,93,-3,3
31776,45,49,-4,4
31777,53,58,-5,5
31778,132,112,20,20
31779,54,60,-6,6
31780,123,137,-14,14
31781,88,99,-11,11
31782,90,84,6,6
31783,112,105,7,7
31784,67,68,-1,1
31785,50,71,-21,21
31786,65,61,4,4
31787,44,58,-14,14
31788,86,92,-6,6
31789,65,67,-2,2
31790,80,96,-16,16
31791,128,117,11,11
31792,166,136,30,30
31793,105,98,7,7
31794,77,81,-4,4
31795,113,115,-2,2
31796,82,78,4,4
31797,94,93,1,1
31798,123,118,5,5
31799,118,111,7,7
31800,159,139,20,20
31801,100,77,23,23
31802,95,86,9,9
31803,128,110,18,18
31804,67,75,-8,8
31805,131,110,21,21
31806,78,80,-2,2
31807,58,71,-13,13
31808,126,112,14,14
31809,136,139,-3,3
31810,75,69,6,6
31811,100,91,9,9
31812,52,57,-5,5
31813,94,75,19,19
31814,64,63,1,1
31815,65,77,-12,12
31816,85,87,-2,2
31817,100,106,-6,6
31818,134,127,7,7
31819,88,88,0,0
31820,87,82,5,5
31821,112,113,-1,1
31822,222,203,19,19
31823,103,92,11,11
31824,131,154,-23,23
31825,143,123,20,20
31826,89,85,4,4
31827,144,135,9,9
31828,90,84,6,6
31829,117,104,13,13
31830,41,49,-8,8
31831,161,160,1,1
31832,87,88,-1,1
31833,67,70,-3,3
31834,89,83,6,6
31835,58,58,0,0
31836,54,54,0,0
31837,66,66,0,0
31838,62,55,7,7
31839,46,48,-2,2
31840,116,108,8,8
31841,146,158,-12,12
31842,153,164,-11,11
31843,110,91,19,19
31844,83,74,9,9
31845,138,122,16,16
31846,117,102,15,15
31847,86,75,11,11
31848,170,170,0,0
31849,96,104,-8,8
31850,57,58,-1,1
31851,102,87,15,15
31852,96,91,5,5
31853,88,84,4,4
31854,117,118,-1,1
31855,83,98,-15,15
31856,94,100,-6,6
31857,68,78,-10,10
31858,81,68,13,13
31859,165,164,1,1
31860,93,83,10,10
31861,169,164,5,5
31862,79,75,4,4
31863,91,81,10,10
31864,96,96,0,0
31865,107,87,20,20
31866,98,94,4,4
31867,81,79,2,2
31868,125,126,-1,1
31869,111,105,6,6
31870,50,63,-13,13
31871,102,97,5,5
31872,94,93,1,1
31873,57,71,-14,14
31874,110,101,9,9
31875,89,89,0,0
31876,69,58,11,11
31877,116,109,7,7
31878,135,118,17,17
31879,76,69,7,7
31880,98,86,12,12
31881,72,61,11,11
31882,68,76,-8,8
31883,77,68,9,9
31884,125,132,-7,7
31885,115,100,15,15
31886,136,132,4,4
31887,80,94,-14,14
31888,82,81,1,1
31889,76,74,2,2
31890,82,81,1,1
31891,138,116,22,22
31892,108,100,8,8
31893,153,144,9,9
31894,76,74,2,2
31895,100,90,10,10
31896,97,89,8,8
31897,119,112,7,7
31898,35,51,-16,16
31899,39,55,-16,16
31900,102,96,6,6
31901,93,102,-9,9
31902,122,112,10,10
31903,88,80,8,8
31904,84,80,4,4
31905,207,207,0,0
31906,67,68,-1,1
31907,111,108,3,3
31908,75,66,9,9
31909,112,92,20,20
31910,59,66,-7,7
31911,66,65,1,1
31912,161,163,-2,2
31913,80,80,0,0
31914,64,66,-2,2
31915,123,74,49,49
31916,123,114,9,9
31917,144,152,-8,8
31918,61,71,-10,10
31919,85,69,16,16
31920,100,89,11,11
31921,100,94,6,6
31922,65,58,7,7
31923,75,76,-1,1
31924,104,96,8,8
31925,112,126,-14,14
31926,93,92,1,1
31927,69,64,5,5
31928,58,65,-7,7
31929,120,96,24,24
31930,131,124,7,7
31931,101,83,18,18
31932,156,159,-3,3
31933,83,74,9,9
31934,62,60,2,2
31935,94,91,3,3
31936,87,88,-1,1
31937,182,170,12,12
31938,132,127,5,5
31939,100,101,-1,1
31940,74,71,3,3
31941,57,58,-1,1
31942,95,97,-2,2
31943,64,59,5,5
31944,99,90,9,9
31945,102,100,2,2
31946,144,135,9,9
31947,152,141,11,11
31948,66,70,-4,4
31949,57,59,-2,2
31950,73,78,-5,5
31951,85,70,15,15
31952,111,110,1,1
31953,78,75,3,3
31954,87,88,-1,1
31955,58,59,-1,1
31956,125,125,0,0
31957,98,100,-2,2
31958,127,124,3,3
31959,125,112,13,13
31960,107,106,1,1
31961,57,58,-1,1
31962,161,155,6,6
31963,109,101,8,8
31964,110,91,19,19
31965,64,60,4,4
31966,304,369,-65,65
31967,75,71,4,4
31968,161,167,-6,6
31969,85,91,-6,6
31970,124,103,21,21
31971,53,55,-2,2
31972,98,96,2,2
31973,124,116,8,8
31974,67,73,-6,6
31975,59,56,3,3
31976,115,97,18,18
31977,91,78,13,13
31978,108,106,2,2
31979,82,87,-5,5
31980,104,94,10,10
31981,65,66,-1,1
31982,107,100,7,7
31983,140,138,2,2
31984,83,86,-3,3
31985,128,145,-17,17
31986,65,63,2,2
31987,70,77,-7,7
31988,160,173,-13,13
31989,94,91,3,3
31990,74,68,6,6
31991,99,95,4,4
31992,105,109,-4,4
31993,65,74,-9,9
31994,46,54,-8,8
31995,72,79,-7,7
31996,53,57,-4,4
31997,110,107,3,3
31998,100,92,8,8
31999,65,66,-1,1
32000,102,96,6,6
32001,128,120,8,8
32002,90,89,1,1
32003,139,159,-20,20
32004,145,129,16,16
32005,89,79,10,10
32006,68,71,-3,3
32007,64,60,4,4
32008,79,85,-6,6
32009,86,76,10,10
32010,60,68,-8,8
32011,101,101,0,0
32012,36,56,-20,20
32013,103,96,7,7
32014,52,55,-3,3
32015,152,156,-4,4
32016,80,81,-1,1
32017,142,130,12,12
32018,129,112,17,17
32019,140,112,28,28
32020,49,56,-7,7
32021,147,161,-14,14
32022,100,80,20,20
32023,59,72,-13,13
32024,106,106,0,0
32025,88,89,-1,1
32026,86,82,4,4
32027,106,89,17,17
32028,110,104,6,6
32029,43,66,-23,23
32030,114,121,-7,7
32031,77,72,5,5
32032,103,97,6,6
32033,125,131,-6,6
32034,65,66,-1,1
32035,105,96,9,9
32036,98,114,-16,16
32037,132,147,-15,15
32038,119,117,2,2
32039,80,71,9,9
32040,107,107,0,0
32041,94,81,13,13
32042,59,55,4,4
32043,109,97,12,12
32044,144,145,-1,1
32045,45,52,-7,7
32046,66,64,2,2
32047,122,121,1,1
32048,88,88,0,0
32049,53,50,3,3
32050,58,68,-10,10
32051,68,73,-5,5
32052,104,94,10,10
32053,129,135,-6,6
32054,55,60,-5,5
32055,80,77,3,3
32056,100,98,2,2
32057,64,69,-5,5
32058,150,144,6,6
32059,80,71,9,9
32060,96,91,5,5
32061,83,77,6,6
32062,39,63,-24,24
32063,112,90,22,22
32064,146,139,7,7
32065,91,95,-4,4
32066,77,82,-5,5
32067,121,117,4,4
32068,113,104,9,9
32069,132,146,-14,14
32070,102,93,9,9
32071,71,65,6,6
32072,81,79,2,2
32073,60,70,-10,10
32074,112,98,14,14
32075,95,85,10,10
32076,116,113,3,3
32077,85,78,7,7
32078,116,126,-10,10
32079,107,111,-4,4
32080,156,138,18,18
32081,84,85,-1,1
32082,77,90,-13,13
32083,111,103,8,8
32084,61,81,-20,20
32085,124,130,-6,6
32086,106,88,18,18
32087,116,112,4,4
32088,64,72,-8,8
32089,108,100,8,8
32090,76,80,-4,4
32091,72,72,0,0
32092,75,75,0,0
32093,66,59,7,7
32094,128,136,-8,8
32095,189,152,37,37
32096,120,119,1,1
32097,64,65,-1,1
32098,141,137,4,4
32099,96,84,12,12
32100,170,175,-5,5
32101,83,83,0,0
32102,101,96,5,5
32103,81,87,-6,6
32104,43,60,-17,17
32105,150,145,5,5
32106,70,62,8,8
32107,89,82,7,7
32108,115,99,16,16
32109,103,97,6,6
32110,54,57,-3,3
32111,63,68,-5,5
32112,127,128,-1,1
32113,96,69,27,27
32114,79,89,-10,10
32115,83,89,-6,6
32116,108,99,9,9
32117,116,111,5,5
32118,121,117,4,4
32119,127,115,12,12
32120,109,110,-1,1
32121,96,95,1,1
32122,82,74,8,8
32123,103,131,-28,28
32124,142,146,-4,4
32125,161,142,19,19
32126,126,122,4,4
32127,78,78,0,0
32128,157,174,-17,17
32129,63,68,-5,5
32130,64,73,-9,9
32131,90,91,-1,1
32132,95,100,-5,5
32133,146,139,7,7
32134,56,74,-18,18
32135,48,55,-7,7
32136,68,70,-2,2
32137,94,90,4,4
32138,87,78,9,9
32139,122,104,18,18
32140,126,100,26,26
32141,55,50,5,5
32142,61,64,-3,3
32143,89,103,-14,14
32144,62,67,-5,5
32145,71,75,-4,4
32146,87,93,-6,6
32147,39,51,-12,12
32148,123,114,9,9
32149,79,77,2,2
32150,109,105,4,4
32151,101,105,-4,4
32152,107,96,11,11
32153,114,107,7,7
32154,81,92,-11,11
32155,167,157,10,10
32156,71,70,1,1
32157,65,65,0,0
32158,76,73,3,3
32159,94,93,1,1
32160,162,158,4,4
32161,86,98,-12,12
32162,162,154,8,8
32163,50,51,-1,1
32164,109,96,13,13
32165,70,70,0,0
32166,69,76,-7,7
32167,36,61,-25,25
32168,117,107,10,10
32169,104,95,9,9
32170,107,105,2,2
32171,66,66,0,0
32172,98,92,6,6
32173,113,117,-4,4
32174,57,60,-3,3
32175,117,110,7,7
32176,79,88,-9,9
32177,88,81,7,7
32178,101,96,5,5
32179,98,90,8,8
32180,164,193,-29,29
32181,108,106,2,2
32182,79,83,-4,4
32183,77,75,2,2
32184,81,78,3,3
32185,111,107,4,4
32186,108,104,4,4
32187,104,91,13,13
32188,51,56,-5,5
32189,79,80,-1,1
32190,141,139,2,2
32191,105,92,13,13
32192,79,79,0,0
32193,121,112,9,9
32194,85,95,-10,10
32195,60,67,-7,7
32196,76,73,3,3
32197,66,62,4,4
32198,140,136,4,4
32199,115,97,18,18
32200,135,115,20,20
32201,137,156,-19,19
32202,108,115,-7,7
32203,56,59,-3,3
32204,145,139,6,6
32205,107,100,7,7
32206,75,57,18,18
32207,73,83,-10,10
32208,58,63,-5,5
32209,73,70,3,3
32210,100,90,10,10
32211,154,147,7,7
32212,89,82,7,7
32213,86,79,7,7
32214,218,176,42,42
32215,96,93,3,3
32216,72,68,4,4
32217,136,155,-19,19
32218,197,203,-6,6
32219,75,76,-1,1
32220,138,139,-1,1
32221,112,106,6,6
32222,97,92,5,5
32223,50,56,-6,6
32224,144,127,17,17
32225,62,61,1,1
32226,91,95,-4,4
32227,108,117,-9,9
32228,111,104,7,7
32229,154,138,16,16
32230,84,81,3,3
32231,181,192,-11,11
32232,80,87,-7,7
32233,134,127,7,7
32234,78,79,-1,1
32235,243,229,14,14
32236,59,52,7,7
32237,83,76,7,7
32238,76,75,1,1
32239,88,84,4,4
32240,62,56,6,6
32241,81,89,-8,8
32242,127,130,-3,3
32243,119,115,4,4
32244,70,88,-18,18
32245,114,108,6,6
32246,91,84,7,7
32247,120,105,15,15
32248,61,61,0,0
32249,73,72,1,1
32250,77,76,1,1
32251,175,180,-5,5
32252,86,76,10,10
32253,125,116,9,9
32254,109,100,9,9
32255,90,102,-12,12
32256,71,73,-2,2
32257,64,73,-9,9
32258,91,72,19,19
32259,116,104,12,12
32260,63,58,5,5
32261,79,81,-2,2
32262,56,51,5,5
32263,144,139,5,5
32264,130,112,18,18
32265,73,70,3,3
32266,64,58,6,6
32267,146,135,11,11
32268,30,55,-25,25
32269,107,107,0,0
32270,80,84,-4,4
32271,94,107,-13,13
32272,57,53,4,4
32273,85,77,8,8
32274,157,138,19,19
32275,131,136,-5,5
32276,170,144,26,26
32277,115,125,-10,10
32278,124,109,15,15
32279,83,74,9,9
32280,139,135,4,4
32281,104,98,6,6
32282,54,57,-3,3
32283,117,116,1,1
32284,84,89,-5,5
32285,97,92,5,5
32286,50,55,-5,5
32287,57,67,-10,10
32288,84,84,0,0
32289,70,75,-5,5
32290,75,79,-4,4
32291,33,45,-12,12
32292,110,125,-15,15
32293,60,60,0,0
32294,66,67,-1,1
32295,121,102,19,19
32296,97,91,6,6
32297,128,114,14,14
32298,82,77,5,5
32299,110,104,6,6
32300,135,139,-4,4
32301,96,94,2,2
32302,79,70,9,9
32303,82,73,9,9
32304,112,98,14,14
32305,119,127,-8,8
32306,113,87,26,26
32307,129,124,5,5
32308,30,65,-35,35
32309,143,146,-3,3
32310,48,64,-16,16
32311,70,66,4,4
32312,66,91,-25,25
32313,117,119,-2,2
32314,49,51,-2,2
32315,73,79,-6,6
32316,104,113,-9,9
32317,78,85,-7,7
32318,94,90,4,4
32319,39,51,-12,12
32320,163,159,4,4
32321,131,129,2,2
32322,78,87,-9,9
32323,107,111,-4,4
32324,40,56,-16,16
32325,83,81,2,2
32326,88,92,-4,4
32327,104,102,2,2
32328,116,103,13,13
32329,144,130,14,14
32330,93,96,-3,3
32331,89,88,1,1
32332,110,99,11,11
32333,62,78,-16,16
32334,100,94,6,6
32335,79,81,-2,2
32336,80,72,8,8
32337,120,116,4,4
32338,84,104,-20,20
32339,88,92,-4,4
32340,132,115,17,17
32341,93,74,19,19
32342,79,78,1,1
32343,27,48,-21,21
32344,97,91,6,6
32345,167,167,0,0
32346,146,162,-16,16
32347,45,51,-6,6
32348,53,66,-13,13
32349,57,60,-3,3
32350,40,61,-21,21
32351,77,73,4,4
32352,120,108,12,12
32353,87,103,-16,16
32354,189,180,9,9
32355,84,82,2,2
32356,68,59,9,9
32357,85,83,2,2
32358,75,85,-10,10
32359,58,63,-5,5
32360,67,66,1,1
32361,58,68,-10,10
32362,38,45,-7,7
32363,63,64,-1,1
32364,82,94,-12,12
32365,111,123,-12,12
32366,168,154,14,14
32367,67,68,-1,1
32368,92,85,7,7
32369,43,53,-10,10
32370,126,116,10,10
32371,94,90,4,4
32372,108,113,-5,5
32373,80,78,2,2
32374,159,136,23,23
32375,101,83,18,18
32376,71,65,6,6
32377,77,82,-5,5
32378,53,62,-9,9
32379,96,102,-6,6
32380,144,126,18,18
32381,96,100,-4,4
32382,120,119,1,1
32383,91,85,6,6
32384,57,65,-8,8
32385,95,97,-2,2
32386,114,111,3,3
32387,115,118,-3,3
32388,63,50,13,13
32389,103,102,1,1
32390,213,208,5,5
32391,82,89,-7,7
32392,113,101,12,12
32393,75,70,5,5
32394,122,117,5,5
32395,82,61,21,21
32396,112,98,14,14
32397,114,109,5,5
32398,62,61,1,1
32399,145,138,7,7
32400,153,163,-10,10
32401,102,74,28,28
32402,65,72,-7,7
32403,79,56,23,23
32404,85,90,-5,5
32405,69,62,7,7
32406,69,83,-14,14
32407,106,84,22,22
32408,73,68,5,5
32409,95,84,11,11
32410,68,75,-7,7
32411,72,67,5,5
32412,71,70,1,1
32413,135,134,1,1
32414,115,108,7,7
32415,75,74,1,1
32416,57,60,-3,3
32417,33,55,-22,22
32418,73,78,-5,5
32419,147,136,11,11
32420,100,92,8,8
32421,81,83,-2,2
32422,130,117,13,13
32423,63,63,0,0
32424,75,79,-4,4
32425,97,101,-4,4
32426,80,87,-7,7
32427,67,71,-4,4
32428,135,129,6,6
32429,48,53,-5,5
32430,113,125,-12,12
32431,62,65,-3,3
32432,66,64,2,2
32433,62,58,4,4
32434,140,153,-13,13
32435,82,81,1,1
32436,86,83,3,3
32437,123,121,2,2
32438,134,127,7,7
32439,63,66,-3,3
32440,142,144,-2,2
32441,63,70,-7,7
32442,94,85,9,9
32443,72,73,-1,1
32444,146,127,19,19
32445,90,69,21,21
32446,57,61,-4,4
32447,51,56,-5,5
32448,64,67,-3,3
32449,80,81,-1,1
32450,105,97,8,8
32451,109,102,7,7
32452,99,104,-5,5
32453,209,208,1,1
32454,82,73,9,9
32455,49,48,1,1
32456,72,73,-1,1
32457,62,64,-2,2
32458,50,59,-9,9
32459,153,149,4,4
32460,140,130,10,10
32461,95,83,12,12
32462,81,75,6,6
32463,114,99,15,15
32464,130,126,4,4
32465,31,41,-10,10
32466,86,84,2,2
32467,100,101,-1,1
32468,58,66,-8,8
32469,58,57,1,1
32470,95,87,8,8
32471,121,124,-3,3
32472,83,73,10,10
32473,152,140,12,12
32474,138,142,-4,4
32475,128,128,0,0
32476,92,94,-2,2
32477,64,71,-7,7
32478,72,77,-5,5
32479,110,112,-2,2
32480,57,56,1,1
32481,99,88,11,11
32482,98,93,5,5
32483,73,82,-9,9
32484,53,65,-12,12
32485,55,51,4,4
32486,61,57,4,4
32487,239,239,0,0
32488,86,84,2,2
32489,133,111,22,22
32490,80,68,12,12
32491,76,75,1,1
32492,79,74,5,5
32493,140,125,15,15
32494,97,98,-1,1
32495,74,66,8,8
32496,142,124,18,18
32497,82,84,-2,2
32498,62,67,-5,5
32499,101,104,-3,3
32500,69,78,-9,9
32501,171,120,51,51
32502,69,71,-2,2
32503,72,68,4,4
32504,93,83,10,10
32505,78,82,-4,4
32506,68,65,3,3
32507,54,75,-21,21
32508,110,108,2,2
32509,69,79,-10,10
32510,92,90,2,2
32511,65,69,-4,4
32512,28,59,-31,31
32513,65,62,3,3
32514,69,62,7,7
32515,119,107,12,12
32516,78,73,5,5
32517,75,73,2,2
32518,70,68,2,2
32519,57,76,-19,19
32520,88,83,5,5
32521,80,78,2,2
32522,113,113,0,0
32523,63,65,-2,2
32524,91,84,7,7
32525,141,130,11,11
32526,88,89,-1,1
32527,46,69,-23,23
32528,109,98,11,11
32529,98,93,5,5
32530,177,176,1,1
32531,142,138,4,4
32532,56,59,-3,3
32533,166,142,24,24
32534,70,63,7,7
32535,64,66,-2,2
32536,70,79,-9,9
32537,66,72,-6,6
32538,104,95,9,9
32539,131,120,11,11
32540,82,75,7,7
32541,65,61,4,4
32542,95,98,-3,3
32543,79,68,11,11
32544,86,72,14,14
32545,84,82,2,2
32546,103,80,23,23
32547,77,74,3,3
32548,125,112,13,13
32549,122,122,0,0
32550,64,66,-2,2
32551,95,99,-4,4
32552,79,84,-5,5
32553,67,69,-2,2
32554,160,154,6,6
32555,103,101,2,2
32556,114,115,-1,1
32557,74,74,0,0
32558,123,115,8,8
32559,50,56,-6,6
32560,53,58,-5,5
32561,195,193,2,2
32562,71,68,3,3
32563,171,147,24,24
32564,90,95,-5,5
32565,75,74,1,1
32566,84,87,-3,3
32567,86,104,-18,18
32568,101,98,3,3
32569,131,114,17,17
32570,159,143,16,16
32571,52,66,-14,14
32572,119,110,9,9
32573,85,82,3,3
32574,97,90,7,7
32575,73,75,-2,2
32576,54,60,-6,6
32577,73,68,5,5
32578,127,109,18,18
32579,164,162,2,2
32580,104,92,12,12
32581,57,61,-4,4
32582,40,57,-17,17
32583,103,96,7,7
32584,149,133,16,16
32585,105,94,11,11
32586,184,174,10,10
32587,74,68,6,6
32588,145,137,8,8
32589,74,84,-10,10
32590,83,96,-13,13
32591,82,79,3,3
32592,85,99,-14,14
32593,133,138,-5,5
32594,68,74,-6,6
32595,56,69,-13,13
32596,183,187,-4,4
32597,66,69,-3,3
32598,115,123,-8,8
32599,86,78,8,8
32600,64,65,-1,1
32601,41,51,-10,10
32602,97,115,-18,18
32603,76,77,-1,1
32604,64,64,0,0
32605,67,79,-12,12
32606,92,86,6,6
32607,86,83,3,3
32608,86,79,7,7
32609,114,111,3,3
32610,134,117,17,17
32611,80,74,6,6
32612,151,178,-27,27
32613,99,99,0,0
32614,144,147,-3,3
32615,118,119,-1,1
32616,74,76,-2,2
32617,85,87,-2,2
32618,51,57,-6,6
32619,57,57,0,0
32620,152,140,12,12
32621,80,81,-1,1
32622,83,75,8,8
32623,69,63,6,6
32624,126,140,-14,14
32625,178,162,16,16
32626,101,103,-2,2
32627,110,111,-1,1
32628,53,58,-5,5
32629,89,95,-6,6
32630,97,97,0,0
32631,81,74,7,7
32632,87,78,9,9
32633,52,54,-2,2
32634,98,88,10,10
32635,109,106,3,3
32636,103,94,9,9
32637,90,73,17,17
32638,73,66,7,7
32639,157,145,12,12
32640,106,103,3,3
32641,144,135,9,9
32642,105,106,-1,1
32643,191,165,26,26
32644,79,80,-1,1
32645,113,93,20,20
32646,66,63,3,3
32647,62,84,-22,22
32648,71,74,-3,3
32649,93,98,-5,5
32650,90,77,13,13
32651,81,76,5,5
32652,97,90,7,7
32653,43,54,-11,11
32654,150,141,9,9
32655,78,71,7,7
32656,122,108,14,14
32657,76,67,9,9
32658,50,57,-7,7
32659,78,84,-6,6
32660,68,71,-3,3
32661,92,88,4,4
32662,65,76,-11,11
32663,112,106,6,6
32664,69,70,-1,1
32665,86,81,5,5
32666,73,77,-4,4
32667,99,98,1,1
32668,99,81,18,18
32669,70,75,-5,5
32670,88,78,10,10
32671,66,65,1,1
32672,123,111,12,12
32673,72,64,8,8
32674,120,132,-12,12
32675,51,60,-9,9
32676,68,63,5,5
32677,103,103,0,0
32678,76,69,7,7
32679,77,78,-1,1
32680,143,160,-17,17
32681,128,127,1,1
32682,87,78,9,9
32683,47,61,-14,14
32684,119,108,11,11
32685,119,109,10,10
32686,52,62,-10,10
32687,123,99,24,24
32688,78,74,4,4
32689,135,143,-8,8
32690,65,69,-4,4
32691,50,62,-12,12
32692,59,81,-22,22
32693,95,76,19,19
32694,74,81,-7,7
32695,127,105,22,22
32696,135,110,25,25
32697,80,80,0,0
32698,81,86,-5,5
32699,102,107,-5,5
32700,131,143,-12,12
32701,96,86,10,10
32702,100,95,5,5
32703,104,106,-2,2
32704,112,112,0,0
32705,103,91,12,12
32706,96,88,8,8
32707,86,82,4,4
32708,130,141,-11,11
32709,47,49,-2,2
32710,118,101,17,17
32711,81,76,5,5
32712,117,105,12,12
32713,77,77,0,0
32714,129,124,5,5
32715,111,82,29,29
32716,131,124,7,7
32717,67,69,-2,2
32718,66,73,-7,7
32719,111,115,-4,4
32720,71,84,-13,13
32721,58,57,1,1
32722,61,72,-11,11
32723,65,62,3,3
32724,91,97,-6,6
32725,126,125,1,1
32726,79,58,21,21
32727,98,91,7,7
32728,83,101,-18,18
32729,46,45,1,1
32730,71,73,-2,2
32731,56,68,-12,12
32732,74,79,-5,5
32733,86,84,2,2
32734,125,111,14,14
32735,71,61,10,10
32736,62,62,0,0
32737,96,64,32,32
32738,145,117,28,28
32739,73,66,7,7
32740,67,76,-9,9
32741,87,84,3,3
32742,79,71,8,8
32743,93,92,1,1
32744,72,78,-6,6
32745,68,78,-10,10
32746,72,68,4,4
32747,132,115,17,17
32748,75,70,5,5
32749,86,88,-2,2
32750,101,90,11,11
32751,193,207,-14,14
32752,124,120,4,4
32753,96,76,20,20
32754,102,101,1,1
32755,48,49,-1,1
32756,95,80,15,15
32757,172,178,-6,6
32758,174,181,-7,7
32759,171,144,27,27
32760,64,70,-6,6
32761,90,83,7,7
32762,77,83,-6,6
32763,79,67,12,12
32764,82,73,9,9
32765,128,125,3,3
32766,96,95,1,1
32767,88,86,2,2
32768,78,74,4,4
32769,115,127,-12,12
32770,75,81,-6,6
32771,132,135,-3,3
32772,161,153,8,8
32773,117,110,7,7
32774,61,58,3,3
32775,84,69,15,15
32776,102,102,0,0
32777,108,106,2,2
32778,108,116,-8,8
32779,156,148,8,8
32780,107,102,5,5
32781,74,76,-2,2
32782,185,217,-32,32
32783,61,68,-7,7
32784,106,109,-3,3
32785,73,75,-2,2
32786,83,69,14,14
32787,53,68,-15,15
32788,216,216,0,0
32789,90,77,13,13
32790,94,99,-5,5
32791,113,112,1,1
32792,48,58,-10,10
32793,125,138,-13,13
32794,58,57,1,1
32795,112,107,5,5
32796,91,86,5,5
32797,90,94,-4,4
32798,104,95,9,9
32799,59,60,-1,1
32800,74,60,14,14
32801,99,108,-9,9
32802,76,82,-6,6
32803,101,91,10,10
32804,143,143,0,0
32805,66,64,2,2
32806,108,92,16,16
32807,126,120,6,6
32808,102,90,12,12
32809,106,104,2,2
32810,84,78,6,6
32811,133,131,2,2
32812,68,69,-1,1
32813,133,127,6,6
32814,91,83,8,8
32815,148,150,-2,2
32816,131,124,7,7
32817,105,98,7,7
32818,111,121,-10,10
32819,50,44,6,6
32820,118,102,16,16
32821,56,63,-7,7
32822,76,63,13,13
32823,141,130,11,11
32824,162,153,9,9
32825,144,146,-2,2
32826,131,129,2,2
32827,57,69,-12,12
32828,105,101,4,4
32829,74,71,3,3
32830,118,143,-25,25
32831,157,144,13,13
32832,105,101,4,4
32833,90,96,-6,6
32834,96,103,-7,7
32835,161,166,-5,5
32836,83,81,2,2
32837,145,141,4,4
32838,55,57,-2,2
32839,113,128,-15,15
32840,72,66,6,6
32841,199,209,-10,10
32842,57,66,-9,9
32843,86,90,-4,4
32844,124,112,12,12
32845,59,74,-15,15
32846,65,63,2,2
32847,82,73,9,9
32848,127,117,10,10
32849,82,82,0,0
32850,101,91,10,10
32851,105,99,6,6
32852,94,91,3,3
32853,125,114,11,11
32854,96,76,20,20
32855,48,60,-12,12
32856,68,73,-5,5
32857,98,89,9,9
32858,152,133,19,19
32859,139,114,25,25
32860,80,75,5,5
32861,113,107,6,6
32862,102,119,-17,17
32863,94,88,6,6
32864,56,66,-10,10
32865,112,107,5,5
32866,71,72,-1,1
32867,163,153,10,10
32868,95,97,-2,2
32869,165,166,-1,1
32870,100,96,4,4
32871,104,93,11,11
32872,68,65,3,3
32873,152,138,14,14
32874,62,64,-2,2
32875,56,59,-3,3
32876,87,81,6,6
32877,48,59,-11,11
32878,85,79,6,6
32879,82,87,-5,5
32880,70,98,-28,28
32881,80,80,0,0
32882,100,100,0,0
32883,158,146,12,12
32884,143,130,13,13
32885,76,77,-1,1
32886,64,69,-5,5
32887,121,120,1,1
32888,72,73,-1,1
32889,53,56,-3,3
32890,202,195,7,7
32891,54,56,-2,2
32892,58,67,-9,9
32893,125,116,9,9
32894,74,64,10,10
32895,58,97,-39,39
32896,144,139,5,5
32897,124,132,-8,8
32898,84,75,9,9
32899,27,66,-39,39
32900,84,84,0,0
32901,176,160,16,16
32902,44,56,-12,12
32903,66,66,0,0
32904,73,85,-12,12
32905,71,81,-10,10
32906,42,68,-26,26
32907,61,75,-14,14
32908,71,75,-4,4
32909,90,96,-6,6
32910,74,77,-3,3
32911,109,93,16,16
32912,124,115,9,9
32913,94,88,6,6
32914,158,161,-3,3
32915,97,81,16,16
32916,73,76,-3,3
32917,90,95,-5,5
32918,64,59,5,5
32919,144,151,-7,7
32920,104,101,3,3
32921,186,177,9,9
32922,102,95,7,7
32923,85,84,1,1
32924,96,104,-8,8
32925,122,123,-1,1
32926,97,85,12,12
32927,96,94,2,2
32928,50,55,-5,5
32929,110,126,-16,16
32930,89,81,8,8
32931,98,91,7,7
32932,123,126,-3,3
32933,53,63,-10,10
32934,114,106,8,8
32935,152,163,-11,11
32936,146,160,-14,14
32937,134,128,6,6
32938,105,108,-3,3
32939,38,52,-14,14
32940,99,91,8,8
32941,107,100,7,7
32942,92,85,7,7
32943,120,120,0,0
32944,129,129,0,0
32945,95,85,10,10
32946,90,90,0,0
32947,103,94,9,9
32948,114,103,11,11
32949,59,63,-4,4
32950,36,48,-12,12
32951,99,94,5,5
32952,76,75,1,1
32953,149,117,32,32
32954,106,93,13,13
32955,61,69,-8,8
32956,47,52,-5,5
32957,158,149,9,9
32958,54,59,-5,5
32959,50,63,-13,13
32960,98,87,11,11
32961,94,81,13,13
32962,67,67,0,0
32963,49,50,-1,1
32964,146,137,9,9
32965,135,123,12,12
32966,87,72,15,15
32967,98,96,2,2
32968,59,58,1,1
32969,86,81,5,5
32970,62,59,3,3
32971,113,103,10,10
32972,93,89,4,4
32973,75,78,-3,3
32974,83,71,12,12
32975,138,138,0,0
32976,67,68,-1,1
32977,84,74,10,10
32978,117,104,13,13
32979,64,64,0,0
32980,80,75,5,5
32981,85,94,-9,9
32982,67,76,-9,9
32983,96,99,-3,3
32984,72,73,-1,1
32985,63,75,-12,12
32986,151,131,20,20
32987,49,53,-4,4
32988,103,73,30,30
32989,32,52,-20,20
32990,70,57,13,13
32991,135,141,-6,6
32992,55,62,-7,7
32993,99,100,-1,1
32994,114,109,5,5
32995,82,79,3,3
32996,119,120,-1,1
32997,104,95,9,9
32998,123,118,5,5
32999,113,118,-5,5
33000,153,161,-8,8
33001,89,85,4,4
33002,48,72,-24,24
33003,113,108,5,5
33004,83,83,0,0
33005,129,113,16,16
33006,67,75,-8,8
33007,96,94,2,2
33008,92,87,5,5
33009,103,96,7,7
33010,121,101,20,20
33011,48,55,-7,7
33012,98,94,4,4
33013,112,99,13,13
33014,107,104,3,3
33015,92,77,15,15
33016,72,83,-11,11
33017,86,77,9,9
33018,86,84,2,2
33019,120,118,2,2
33020,65,67,-2,2
33021,86,85,1,1
33022,138,116,22,22
33023,74,81,-7,7
33024,60,55,5,5
33025,125,116,9,9
33026,61,72,-11,11
33027,99,90,9,9
33028,150,150,0,0
33029,69,64,5,5
33030,41,57,-16,16
33031,108,100,8,8
33032,163,172,-9,9
33033,121,117,4,4
33034,72,77,-5,5
33035,109,101,8,8
33036,133,132,1,1
33037,74,71,3,3
33038,119,113,6,6
33039,77,79,-2,2
33040,97,113,-16,16
33041,76,78,-2,2
33042,102,93,9,9
33043,88,76,12,12
33044,139,127,12,12
33045,93,91,2,2
33046,171,155,16,16
33047,115,134,-19,19
33048,73,71,2,2
33049,102,90,12,12
33050,97,89,8,8
33051,107,105,2,2
33052,180,173,7,7
33053,78,80,-2,2
33054,279,302,-23,23
33055,86,89,-3,3
33056,80,71,9,9
33057,131,137,-6,6
33058,49,54,-5,5
33059,100,98,2,2
33060,53,79,-26,26
33061,116,110,6,6
33062,61,63,-2,2
33063,73,79,-6,6
33064,70,70,0,0
33065,56,72,-16,16
33066,69,66,3,3
33067,76,69,7,7
33068,57,66,-9,9
33069,36,56,-20,20
33070,75,76,-1,1
33071,62,65,-3,3
33072,78,76,2,2
33073,112,105,7,7
33074,85,75,10,10
33075,164,149,15,15
33076,52,62,-10,10
33077,102,102,0,0
33078,34,107,-73,73
33079,52,63,-11,11
33080,63,78,-15,15
33081,60,57,3,3
33082,145,141,4,4
33083,74,74,0,0
33084,106,109,-3,3
33085,53,56,-3,3
33086,114,121,-7,7
33087,135,141,-6,6
33088,119,112,7,7
33089,84,93,-9,9
33090,62,55,7,7
33091,150,142,8,8
33092,178,213,-35,35
33093,125,122,3,3
33094,125,121,4,4
33095,56,56,0,0
33096,83,76,7,7
33097,79,95,-16,16
33098,66,65,1,1
33099,62,68,-6,6
33100,77,70,7,7
33101,113,109,4,4
33102,119,122,-3,3
33103,100,92,8,8
33104,121,118,3,3
33105,102,96,6,6
33106,106,121,-15,15
33107,67,70,-3,3
33108,104,91,13,13
33109,133,128,5,5
33110,138,123,15,15
33111,62,67,-5,5
33112,110,120,-10,10
33113,140,133,7,7
33114,80,71,9,9
33115,103,100,3,3
33116,114,105,9,9
33117,55,68,-13,13
33118,91,90,1,1
33119,38,57,-19,19
33120,89,77,12,12
33121,129,122,7,7
33122,30,69,-39,39
33123,103,95,8,8
33124,100,99,1,1
33125,87,87,0,0
33126,99,90,9,9
33127,87,81,6,6
33128,91,85,6,6
33129,105,95,10,10
33130,104,96,8,8
33131,46,65,-19,19
33132,86,74,12,12
33133,59,69,-10,10
33134,135,134,1,1
33135,47,65,-18,18
33136,108,97,11,11
33137,108,95,13,13
33138,120,121,-1,1
33139,50,79,-29,29
33140,102,120,-18,18
33141,129,134,-5,5
33142,82,119,-37,37
33143,141,122,19,19
33144,87,82,5,5
33145,108,98,10,10
33146,113,117,-4,4
33147,166,166,0,0
33148,82,76,6,6
33149,34,74,-40,40
33150,57,62,-5,5
33151,128,136,-8,8
33152,86,84,2,2
33153,70,67,3,3
33154,106,107,-1,1
33155,111,110,1,1
33156,89,97,-8,8
33157,28,53,-25,25
33158,102,96,6,6
33159,159,140,19,19
33160,170,167,3,3
33161,98,99,-1,1
33162,77,73,4,4
33163,118,114,4,4
33164,96,86,10,10
33165,51,66,-15,15
33166,63,63,0,0
33167,70,69,1,1
33168,99,105,-6,6
33169,58,57,1,1
33170,60,58,2,2
33171,78,78,0,0
33172,45,58,-13,13
33173,89,97,-8,8
33174,69,69,0,0
33175,84,78,6,6
33176,73,69,4,4
33177,178,181,-3,3
33178,63,72,-9,9
33179,108,103,5,5
33180,105,117,-12,12
33181,43,53,-10,10
33182,82,75,7,7
33183,76,75,1,1
33184,143,131,12,12
33185,91,85,6,6
33186,63,64,-1,1
33187,136,126,10,10
33188,83,66,17,17
33189,128,109,19,19
33190,63,66,-3,3
33191,72,67,5,5
33192,96,90,6,6
33193,66,61,5,5
33194,89,97,-8,8
33195,74,72,2,2
33196,69,74,-5,5
33197,86,84,2,2
33198,105,105,0,0
33199,92,97,-5,5
33200,49,63,-14,14
33201,151,152,-1,1
33202,87,86,1,1
33203,86,91,-5,5
33204,55,59,-4,4
33205,113,125,-12,12
33206,96,83,13,13
33207,84,79,5,5
33208,102,101,1,1
33209,85,86,-1,1
33210,141,135,6,6
33211,90,75,15,15
33212,57,59,-2,2
33213,80,87,-7,7
33214,111,101,10,10
33215,82,121,-39,39
33216,85,82,3,3
33217,85,75,10,10
33218,67,62,5,5
33219,86,88,-2,2
33220,102,80,22,22
33221,71,63,8,8
33222,130,154,-24,24
33223,76,80,-4,4
33224,70,71,-1,1
33225,86,94,-8,8
33226,55,61,-6,6
33227,97,101,-4,4
33228,98,120,-22,22
33229,70,59,11,11
33230,102,98,4,4
33231,79,74,5,5
33232,104,94,10,10
33233,70,62,8,8
33234,94,88,6,6
33235,103,102,1,1
33236,102,98,4,4
33237,102,98,4,4
33238,67,65,2,2
33239,165,152,13,13
33240,73,84,-11,11
33241,149,136,13,13
33242,92,87,5,5
33243,57,63,-6,6
33244,76,67,9,9
33245,129,118,11,11
33246,66,67,-1,1
33247,132,118,14,14
33248,108,103,5,5
33249,162,149,13,13
33250,104,98,6,6
33251,98,98,0,0
33252,81,72,9,9
33253,106,113,-7,7
33254,134,139,-5,5
33255,118,124,-6,6
33256,156,147,9,9
33257,73,67,6,6
33258,106,104,2,2
33259,64,58,6,6
33260,66,57,9,9
33261,126,106,20,20
33262,103,93,10,10
33263,57,57,0,0
33264,158,151,7,7
33265,103,102,1,1
33266,103,98,5,5
33267,172,164,8,8
33268,137,137,0,0
33269,95,80,15,15
33270,127,114,13,13
33271,87,78,9,9
33272,136,122,14,14
33273,51,51,0,0
33274,95,90,5,5
33275,100,103,-3,3
33276,140,133,7,7
33277,102,102,0,0
33278,69,65,4,4
33279,148,149,-1,1
33280,121,122,-1,1
33281,133,133,0,0
33282,106,103,3,3
33283,95,84,11,11
33284,71,85,-14,14
33285,148,147,1,1
33286,188,190,-2,2
33287,111,110,1,1
33288,88,82,6,6
33289,71,77,-6,6
33290,83,83,0,0
33291,44,45,-1,1
33292,69,61,8,8
33293,44,50,-6,6
33294,111,97,14,14
33295,105,108,-3,3
33296,76,70,6,6
33297,95,91,4,4
33298,181,184,-3,3
33299,128,115,13,13
33300,81,83,-2,2
33301,175,150,25,25
33302,57,52,5,5
33303,70,69,1,1
33304,77,65,12,12
33305,61,67,-6,6
33306,108,106,2,2
33307,69,65,4,4
33308,61,64,-3,3
33309,116,109,7,7
33310,50,54,-4,4
33311,95,87,8,8
33312,62,64,-2,2
33313,161,158,3,3
33314,101,95,6,6
33315,84,72,12,12
33316,87,85,2,2
33317,71,61,10,10
33318,56,60,-4,4
33319,77,74,3,3
33320,100,122,-22,22
33321,74,77,-3,3
33322,59,60,-1,1
33323,117,111,6,6
33324,102,100,2,2
33325,97,94,3,3
33326,77,67,10,10
33327,128,128,0,0
33328,89,76,13,13
33329,67,68,-1,1
33330,69,68,1,1
33331,104,107,-3,3
33332,55,53,2,2
33333,62,59,3,3
33334,101,96,5,5
33335,78,66,12,12
33336,86,77,9,9
33337,81,73,8,8
33338,104,90,14,14
33339,57,59,-2,2
33340,101,85,16,16
33341,84,79,5,5
33342,73,74,-1,1
33343,106,103,3,3
33344,102,105,-3,3
33345,71,71,0,0
33346,144,143,1,1
33347,131,109,22,22
33348,82,60,22,22
33349,83,73,10,10
33350,169,174,-5,5
33351,70,66,4,4
33352,158,153,5,5
33353,162,131,31,31
33354,104,89,15,15
33355,52,69,-17,17
33356,59,63,-4,4
33357,70,72,-2,2
33358,112,114,-2,2
33359,106,92,14,14
33360,130,122,8,8
33361,111,96,15,15
33362,117,100,17,17
33363,118,129,-11,11
33364,74,74,0,0
33365,52,59,-7,7
33366,97,110,-13,13
33367,72,76,-4,4
33368,84,84,0,0
33369,50,68,-18,18
33370,101,89,12,12
33371,52,75,-23,23
33372,85,95,-10,10
33373,90,86,4,4
33374,66,62,4,4
33375,132,116,16,16
33376,91,91,0,0
33377,46,50,-4,4
33378,36,47,-11,11
33379,94,97,-3,3
33380,65,65,0,0
33381,85,78,7,7
33382,78,76,2,2
33383,140,157,-17,17
33384,79,86,-7,7
33385,108,106,2,2
33386,84,74,10,10
33387,89,79,10,10
33388,119,121,-2,2
33389,52,58,-6,6
33390,130,118,12,12
33391,57,57,0,0
33392,128,120,8,8
33393,106,95,11,11
33394,65,51,14,14
33395,75,86,-11,11
33396,153,161,-8,8
33397,42,64,-22,22
33398,70,69,1,1
33399,157,155,2,2
33400,153,150,3,3
33401,93,81,12,12
33402,85,78,7,7
33403,70,104,-34,34
33404,84,92,-8,8
33405,61,63,-2,2
33406,80,77,3,3
33407,60,57,3,3
33408,60,57,3,3
33409,122,126,-4,4
33410,87,78,9,9
33411,207,175,32,32
33412,102,113,-11,11
33413,52,60,-8,8
33414,75,75,0,0
33415,62,66,-4,4
33416,82,89,-7,7
33417,144,128,16,16
33418,130,130,0,0
33419,90,74,16,16
33420,71,70,1,1
33421,77,70,7,7
33422,72,68,4,4
33423,46,57,-11,11
33424,55,67,-12,12
33425,64,85,-21,21
33426,73,67,6,6
33427,76,75,1,1
33428,100,98,2,2
33429,108,93,15,15
33430,130,114,16,16
33431,136,127,9,9
33432,89,87,2,2
33433,79,77,2,2
33434,110,101,9,9
33435,125,134,-9,9
33436,79,81,-2,2
33437,32,62,-30,30
33438,97,123,-26,26
33439,135,123,12,12
33440,93,98,-5,5
33441,111,102,9,9
33442,87,91,-4,4
33443,131,116,15,15
33444,72,65,7,7
33445,72,85,-13,13
33446,192,171,21,21
33447,129,115,14,14
33448,102,102,0,0
33449,86,82,4,4
33450,134,122,12,12
33451,157,158,-1,1
33452,75,76,-1,1
33453,93,91,2,2
33454,96,92,4,4
33455,105,98,7,7
33456,110,110,0,0
33457,137,127,10,10
33458,194,189,5,5
33459,82,69,13,13
33460,102,105,-3,3
33461,92,86,6,6
33462,119,97,22,22
33463,113,106,7,7
33464,85,80,5,5
33465,66,68,-2,2
33466,145,145,0,0
33467,112,116,-4,4
33468,133,137,-4,4
33469,113,98,15,15
33470,175,149,26,26
33471,113,112,1,1
33472,59,56,3,3
33473,97,100,-3,3
33474,74,65,9,9
33475,53,57,-4,4
33476,108,102,6,6
33477,133,126,7,7
33478,46,53,-7,7
33479,135,117,18,18
33480,111,101,10,10
33481,117,110,7,7
33482,69,65,4,4
33483,175,155,20,20
33484,83,73,10,10
33485,80,83,-3,3
33486,95,104,-9,9
33487,80,85,-5,5
33488,71,68,3,3
33489,61,59,2,2
33490,83,75,8,8
33491,168,153,15,15
33492,78,82,-4,4
33493,79,77,2,2
33494,112,112,0,0
33495,73,75,-2,2
33496,71,80,-9,9
33497,86,86,0,0
33498,105,113,-8,8
33499,103,94,9,9
33500,81,76,5,5
33501,70,64,6,6
33502,107,103,4,4
33503,150,160,-10,10
33504,70,65,5,5
33505,80,77,3,3
33506,48,57,-9,9
33507,100,106,-6,6
33508,52,67,-15,15
33509,97,89,8,8
33510,172,168,4,4
33511,28,46,-18,18
33512,42,76,-34,34
33513,120,117,3,3
33514,60,67,-7,7
33515,118,86,32,32
33516,175,171,4,4
33517,69,68,1,1
33518,50,52,-2,2
33519,90,84,6,6
33520,109,111,-2,2
33521,63,72,-9,9
33522,63,66,-3,3
33523,54,57,-3,3
33524,115,112,3,3
33525,61,66,-5,5
33526,91,94,-3,3
33527,76,91,-15,15
33528,72,78,-6,6
33529,64,65,-1,1
33530,47,61,-14,14
33531,67,61,6,6
33532,111,103,8,8
33533,102,138,-36,36
33534,68,71,-3,3
33535,101,81,20,20
33536,154,138,16,16
33537,71,73,-2,2
33538,77,69,8,8
33539,74,73,1,1
33540,95,93,2,2
33541,98,94,4,4
33542,87,79,8,8
33543,134,143,-9,9
33544,118,108,10,10
33545,146,128,18,18
33546,82,88,-6,6
33547,85,79,6,6
33548,68,87,-19,19
33549,62,68,-6,6
33550,79,68,11,11
33551,33,57,-24,24
33552,130,122,8,8
33553,88,62,26,26
33554,132,135,-3,3
33555,69,72,-3,3
33556,98,81,17,17
33557,113,98,15,15
33558,84,78,6,6
33559,78,71,7,7
33560,121,111,10,10
33561,69,65,4,4
33562,70,83,-13,13
33563,89,101,-12,12
33564,97,92,5,5
33565,89,91,-2,2
33566,128,120,8,8
33567,149,137,12,12
33568,115,118,-3,3
33569,68,49,19,19
33570,44,56,-12,12
33571,36,54,-18,18
33572,64,72,-8,8
33573,75,74,1,1
33574,85,85,0,0
33575,90,82,8,8
33576,98,104,-6,6
33577,110,106,4,4
33578,91,91,0,0
33579,179,168,11,11
33580,97,85,12,12
33581,65,65,0,0
33582,111,124,-13,13
33583,191,173,18,18
33584,181,160,21,21
33585,58,62,-4,4
33586,90,82,8,8
33587,101,88,13,13
33588,164,143,21,21
33589,117,102,15,15
33590,84,92,-8,8
33591,112,103,9,9
33592,117,101,16,16
33593,80,79,1,1
33594,150,139,11,11
33595,94,88,6,6
33596,115,113,2,2
33597,157,141,16,16
33598,69,69,0,0
33599,61,68,-7,7
33600,97,97,0,0
33601,74,75,-1,1
33602,90,92,-2,2
33603,59,56,3,3
33604,121,104,17,17
33605,102,90,12,12
33606,107,112,-5,5
33607,102,102,0,0
33608,256,282,-26,26
33609,75,73,2,2
33610,80,75,5,5
33611,67,64,3,3
33612,122,121,1,1
33613,65,61,4,4
33614,74,77,-3,3
33615,86,87,-1,1
33616,206,200,6,6
33617,139,146,-7,7
33618,76,78,-2,2
33619,186,176,10,10
33620,111,110,1,1
33621,80,77,3,3
33622,148,154,-6,6
33623,76,78,-2,2
33624,123,145,-22,22
33625,79,92,-13,13
33626,118,113,5,5
33627,51,59,-8,8
33628,88,100,-12,12
33629,157,144,13,13
33630,84,94,-10,10
33631,129,126,3,3
33632,131,111,20,20
33633,74,84,-10,10
33634,93,91,2,2
33635,88,89,-1,1
33636,74,83,-9,9
33637,102,97,5,5
33638,143,135,8,8
33639,67,70,-3,3
33640,197,201,-4,4
33641,98,85,13,13
33642,117,108,9,9
33643,120,119,1,1
33644,118,123,-5,5
33645,63,60,3,3
33646,139,140,-1,1
33647,144,141,3,3
33648,96,85,11,11
33649,110,88,22,22
33650,121,118,3,3
33651,68,79,-11,11
33652,84,102,-18,18
33653,118,122,-4,4
33654,96,95,1,1
33655,78,70,8,8
33656,27,51,-24,24
33657,157,147,10,10
33658,137,131,6,6
33659,107,94,13,13
33660,95,87,8,8
33661,45,57,-12,12
33662,69,87,-18,18
33663,196,180,16,16
33664,108,87,21,21
33665,88,86,2,2
33666,199,182,17,17
33667,111,115,-4,4
33668,179,165,14,14
33669,157,143,14,14
33670,82,66,16,16
33671,77,75,2,2
33672,56,62,-6,6
33673,63,63,0,0
33674,196,194,2,2
33675,89,94,-5,5
33676,126,115,11,11
33677,39,46,-7,7
33678,80,87,-7,7
33679,97,89,8,8
33680,85,75,10,10
33681,58,59,-1,1
33682,132,132,0,0
33683,54,63,-9,9
33684,99,94,5,5
33685,91,87,4,4
33686,75,66,9,9
33687,57,63,-6,6
33688,66,70,-4,4
33689,105,114,-9,9
33690,51,93,-42,42
33691,134,119,15,15
33692,27,53,-26,26
33693,71,57,14,14
33694,65,60,5,5
33695,112,89,23,23
33696,100,99,1,1
33697,56,70,-14,14
33698,74,84,-10,10
33699,137,129,8,8
33700,96,93,3,3
33701,113,119,-6,6
33702,56,54,2,2
33703,91,89,2,2
33704,179,190,-11,11
33705,54,50,4,4
33706,90,72,18,18
33707,92,89,3,3
33708,87,87,0,0
33709,122,113,9,9
33710,150,142,8,8
33711,90,81,9,9
33712,98,97,1,1
33713,59,60,-1,1
33714,122,120,2,2
33715,150,145,5,5
33716,74,74,0,0
33717,65,59,6,6
33718,53,57,-4,4
33719,93,83,10,10
33720,108,99,9,9
33721,70,76,-6,6
33722,135,129,6,6
33723,87,83,4,4
33724,65,76,-11,11
33725,55,59,-4,4
33726,40,60,-20,20
33727,88,83,5,5
33728,168,165,3,3
33729,37,55,-18,18
33730,80,69,11,11
33731,92,81,11,11
33732,157,140,17,17
33733,121,113,8,8
33734,119,115,4,4
33735,131,99,32,32
33736,112,97,15,15
33737,71,85,-14,14
33738,73,66,7,7
33739,99,91,8,8
33740,81,73,8,8
33741,70,61,9,9
33742,91,83,8,8
33743,63,58,5,5
33744,65,74,-9,9
33745,92,97,-5,5
33746,83,81,2,2
33747,62,65,-3,3
33748,137,134,3,3
33749,194,187,7,7
33750,104,95,9,9
33751,136,133,3,3
33752,149,156,-7,7
33753,109,102,7,7
33754,70,62,8,8
33755,121,106,15,15
33756,73,71,2,2
33757,97,92,5,5
33758,105,93,12,12
33759,131,128,3,3
33760,118,116,2,2
33761,97,93,4,4
33762,49,55,-6,6
33763,110,109,1,1
33764,87,87,0,0
33765,107,94,13,13
33766,72,69,3,3
33767,173,175,-2,2
33768,117,117,0,0
33769,91,95,-4,4
33770,93,70,23,23
33771,34,48,-14,14
33772,75,66,9,9
33773,110,108,2,2
33774,76,77,-1,1
33775,122,164,-42,42
33776,94,96,-2,2
33777,60,66,-6,6
33778,96,96,0,0
33779,92,95,-3,3
33780,155,137,18,18
33781,116,103,13,13
33782,113,112,1,1
33783,70,62,8,8
33784,127,126,1,1
33785,104,134,-30,30
33786,103,103,0,0
33787,66,60,6,6
33788,58,71,-13,13
33789,47,66,-19,19
33790,124,124,0,0
33791,47,53,-6,6
33792,134,113,21,21
33793,126,122,4,4
33794,133,129,4,4
33795,101,96,5,5
33796,48,66,-18,18
33797,69,56,13,13
33798,62,61,1,1
33799,112,100,12,12
33800,124,132,-8,8
33801,68,67,1,1
33802,70,67,3,3
33803,98,97,1,1
33804,61,70,-9,9
33805,98,94,4,4
33806,128,107,21,21
33807,112,104,8,8
33808,62,61,1,1
33809,106,92,14,14
33810,90,79,11,11
33811,57,49,8,8
33812,127,128,-1,1
33813,83,75,8,8
33814,123,113,10,10
33815,99,88,11,11
33816,114,113,1,1
33817,124,130,-6,6
33818,63,67,-4,4
33819,169,165,4,4
33820,86,94,-8,8
33821,97,95,2,2
33822,95,74,21,21
33823,97,86,11,11
33824,120,107,13,13
33825,100,91,9,9
33826,127,140,-13,13
33827,65,66,-1,1
33828,74,75,-1,1
33829,146,127,19,19
33830,93,90,3,3
33831,76,75,1,1
33832,127,124,3,3
33833,61,59,2,2
33834,81,83,-2,2
33835,132,96,36,36
33836,69,57,12,12
33837,56,67,-11,11
33838,103,92,11,11
33839,110,113,-3,3
33840,102,102,0,0
33841,74,67,7,7
33842,111,110,1,1
33843,74,75,-1,1
33844,58,62,-4,4
33845,96,108,-12,12
33846,67,69,-2,2
33847,57,58,-1,1
33848,104,91,13,13
33849,60,71,-11,11
33850,50,59,-9,9
33851,120,118,2,2
33852,73,71,2,2
33853,45,60,-15,15
33854,95,96,-1,1
33855,125,130,-5,5
33856,106,96,10,10
33857,80,74,6,6
33858,138,135,3,3
33859,105,105,0,0
33860,100,108,-8,8
33861,89,81,8,8
33862,161,135,26,26
33863,115,118,-3,3
33864,109,101,8,8
33865,120,108,12,12
33866,64,67,-3,3
33867,85,85,0,0
33868,139,134,5,5
33869,56,65,-9,9
33870,100,94,6,6
33871,61,52,9,9
33872,87,85,2,2
33873,78,62,16,16
33874,135,123,12,12
33875,149,137,12,12
33876,123,116,7,7
33877,114,90,24,24
33878,106,119,-13,13
33879,121,104,17,17
33880,103,110,-7,7
33881,133,134,-1,1
33882,83,80,3,3
33883,90,77,13,13
33884,43,69,-26,26
33885,195,194,1,1
33886,82,70,12,12
33887,121,115,6,6
33888,77,76,1,1
33889,80,77,3,3
33890,56,60,-4,4
33891,70,64,6,6
33892,57,63,-6,6
33893,98,95,3,3
33894,85,84,1,1
33895,102,99,3,3
33896,114,99,15,15
33897,153,144,9,9
33898,61,62,-1,1
33899,99,90,9,9
33900,77,78,-1,1
33901,89,71,18,18
33902,79,70,9,9
33903,108,118,-10,10
33904,102,93,9,9
33905,54,62,-8,8
33906,101,97,4,4
33907,131,127,4,4
33908,56,57,-1,1
33909,110,101,9,9
33910,78,75,3,3
33911,153,134,19,19
33912,73,72,1,1
33913,105,87,18,18
33914,57,58,-1,1
33915,95,99,-4,4
33916,56,52,4,4
33917,107,94,13,13
33918,62,84,-22,22
33919,157,146,11,11
33920,94,90,4,4
33921,84,72,12,12
33922,131,123,8,8
33923,75,79,-4,4
33924,122,114,8,8
33925,114,126,-12,12
33926,61,64,-3,3
33927,137,137,0,0
33928,72,75,-3,3
33929,115,101,14,14
33930,49,74,-25,25
33931,98,89,9,9
33932,114,111,3,3
33933,79,76,3,3
33934,75,71,4,4
33935,111,95,16,16
33936,84,79,5,5
33937,61,66,-5,5
33938,70,77,-7,7
33939,103,106,-3,3
33940,119,110,9,9
33941,62,64,-2,2
33942,94,87,7,7
33943,161,144,17,17
33944,253,236,17,17
33945,112,115,-3,3
33946,63,76,-13,13
33947,90,78,12,12
33948,124,115,9,9
33949,85,80,5,5
33950,167,162,5,5
33951,115,92,23,23
33952,113,109,4,4
33953,95,91,4,4
33954,93,88,5,5
33955,138,118,20,20
33956,74,78,-4,4
33957,52,61,-9,9
33958,104,98,6,6
33959,143,132,11,11
33960,74,75,-1,1
33961,69,69,0,0
33962,133,171,-38,38
33963,82,83,-1,1
33964,98,79,19,19
33965,77,71,6,6
33966,142,131,11,11
33967,84,95,-11,11
33968,95,96,-1,1
33969,83,88,-5,5
33970,114,95,19,19
33971,53,78,-25,25
33972,91,89,2,2
33973,122,118,4,4
33974,89,106,-17,17
33975,81,81,0,0
33976,110,110,0,0
33977,96,93,3,3
33978,119,110,9,9
33979,80,86,-6,6
33980,108,100,8,8
33981,71,60,11,11
33982,80,71,9,9
33983,157,171,-14,14
33984,85,72,13,13
33985,47,66,-19,19
33986,68,66,2,2
33987,86,78,8,8
33988,71,73,-2,2
33989,64,63,1,1
33990,65,69,-4,4
33991,155,169,-14,14
33992,108,112,-4,4
33993,188,182,6,6
33994,109,97,12,12
33995,64,66,-2,2
33996,120,134,-14,14
33997,72,73,-1,1
33998,55,62,-7,7
33999,69,63,6,6
34000,186,175,11,11
34001,96,98,-2,2
34002,77,77,0,0
34003,83,85,-2,2
34004,79,78,1,1
34005,55,64,-9,9
34006,155,144,11,11
34007,91,86,5,5
34008,48,63,-15,15
34009,122,120,2,2
34010,75,90,-15,15
34011,109,110,-1,1
34012,110,110,0,0
34013,79,78,1,1
34014,69,63,6,6
34015,78,88,-10,10
34016,129,120,9,9
34017,131,126,5,5
34018,45,52,-7,7
34019,96,83,13,13
34020,105,122,-17,17
34021,128,129,-1,1
34022,139,138,1,1
34023,116,99,17,17
34024,81,80,1,1
34025,77,75,2,2
34026,100,95,5,5
34027,68,72,-4,4
34028,70,74,-4,4
34029,222,265,-43,43
34030,22,53,-31,31
34031,121,113,8,8
34032,67,73,-6,6
34033,87,73,14,14
34034,58,62,-4,4
34035,69,79,-10,10
34036,71,74,-3,3
34037,54,73,-19,19
34038,60,68,-8,8
34039,87,83,4,4
34040,101,90,11,11
34041,61,59,2,2
34042,141,124,17,17
34043,121,130,-9,9
34044,102,92,10,10
34045,78,76,2,2
34046,96,106,-10,10
34047,56,54,2,2
34048,101,79,22,22
34049,64,64,0,0
34050,55,74,-19,19
34051,89,79,10,10
34052,84,74,10,10
34053,90,84,6,6
34054,166,159,7,7
34055,85,114,-29,29
34056,94,92,2,2
34057,130,136,-6,6
34058,146,148,-2,2
34059,77,91,-14,14
34060,97,90,7,7
34061,102,92,10,10
34062,150,155,-5,5
34063,104,95,9,9
34064,90,86,4,4
34065,70,64,6,6
34066,45,65,-20,20
34067,76,70,6,6
34068,90,100,-10,10
34069,63,58,5,5
34070,123,112,11,11
34071,91,77,14,14
34072,102,83,19,19
34073,120,103,17,17
34074,48,68,-20,20
34075,42,56,-14,14
34076,85,90,-5,5
34077,67,65,2,2
34078,73,54,19,19
34079,67,66,1,1
34080,87,83,4,4
34081,172,153,19,19
34082,128,126,2,2
34083,116,117,-1,1
34084,102,90,12,12
34085,134,132,2,2
34086,94,101,-7,7
34087,55,53,2,2
34088,175,188,-13,13
34089,71,68,3,3
34090,53,62,-9,9
34091,92,101,-9,9
34092,111,101,10,10
34093,120,117,3,3
34094,107,112,-5,5
34095,48,53,-5,5
34096,85,77,8,8
34097,122,134,-12,12
34098,90,92,-2,2
34099,70,74,-4,4
34100,63,69,-6,6
34101,110,95,15,15
34102,56,59,-3,3
34103,96,102,-6,6
34104,79,77,2,2
34105,56,57,-1,1
34106,115,103,12,12
34107,60,65,-5,5
34108,59,66,-7,7
34109,74,71,3,3
34110,110,117,-7,7
34111,99,100,-1,1
34112,106,110,-4,4
34113,62,55,7,7
34114,93,88,5,5
34115,59,69,-10,10
34116,88,80,8,8
34117,75,86,-11,11
34118,78,74,4,4
34119,67,71,-4,4
34120,118,104,14,14
34121,66,62,4,4
34122,69,73,-4,4
34123,110,98,12,12
34124,102,102,0,0
34125,127,123,4,4
34126,99,101,-2,2
34127,127,121,6,6
34128,97,83,14,14
34129,52,58,-6,6
34130,56,56,0,0
34131,64,60,4,4
34132,111,103,8,8
34133,114,114,0,0
34134,162,151,11,11
34135,56,67,-11,11
34136,35,45,-10,10
34137,83,87,-4,4
34138,151,142,9,9
34139,77,67,10,10
34140,65,67,-2,2
34141,67,62,5,5
34142,81,70,11,11
34143,56,55,1,1
34144,67,72,-5,5
34145,59,52,7,7
34146,142,120,22,22
34147,79,82,-3,3
34148,104,96,8,8
34149,68,73,-5,5
34150,67,75,-8,8
34151,56,69,-13,13
34152,66,62,4,4
34153,31,54,-23,23
34154,121,114,7,7
34155,115,109,6,6
34156,68,74,-6,6
34157,103,101,2,2
34158,71,67,4,4
34159,115,116,-1,1
34160,122,110,12,12
34161,99,89,10,10
34162,112,110,2,2
34163,215,243,-28,28
34164,68,75,-7,7
34165,84,90,-6,6
34166,82,78,4,4
34167,82,84,-2,2
34168,95,89,6,6
34169,80,74,6,6
34170,121,113,8,8
34171,103,90,13,13
34172,74,84,-10,10
34173,59,66,-7,7
34174,106,96,10,10
34175,62,65,-3,3
34176,49,56,-7,7
34177,62,64,-2,2
34178,151,136,15,15
34179,178,150,28,28
34180,96,86,10,10
34181,91,92,-1,1
34182,74,70,4,4
34183,78,73,5,5
34184,95,113,-18,18
34185,109,103,6,6
34186,59,61,-2,2
34187,64,64,0,0
34188,122,107,15,15
34189,106,99,7,7
34190,137,130,7,7
34191,79,76,3,3
34192,45,56,-11,11
34193,96,84,12,12
34194,53,56,-3,3
34195,121,113,8,8
34196,138,146,-8,8
34197,107,94,13,13
34198,90,85,5,5
34199,83,91,-8,8
34200,65,67,-2,2
34201,68,77,-9,9
34202,50,54,-4,4
34203,44,70,-26,26
34204,78,77,1,1
34205,74,73,1,1
34206,67,73,-6,6
34207,116,104,12,12
34208,50,55,-5,5
34209,100,85,15,15
34210,52,55,-3,3
34211,70,64,6,6
34212,92,89,3,3
34213,130,117,13,13
34214,139,139,0,0
34215,96,79,17,17
34216,98,92,6,6
34217,49,64,-15,15
34218,90,75,15,15
34219,103,97,6,6
34220,39,52,-13,13
34221,172,134,38,38
34222,104,93,11,11
34223,63,64,-1,1
34224,78,81,-3,3
34225,65,64,1,1
34226,58,60,-2,2
34227,140,142,-2,2
34228,95,102,-7,7
34229,77,69,8,8
34230,122,116,6,6
34231,63,59,4,4
34232,26,55,-29,29
34233,78,70,8,8
34234,60,64,-4,4
34235,80,81,-1,1
34236,96,98,-2,2
34237,62,59,3,3
34238,77,78,-1,1
34239,101,88,13,13
34240,103,100,3,3
34241,87,93,-6,6
34242,132,128,4,4
34243,223,216,7,7
34244,117,106,11,11
34245,151,141,10,10
34246,87,98,-11,11
34247,103,96,7,7
34248,59,57,2,2
34249,150,124,26,26
34250,100,88,12,12
34251,92,75,17,17
34252,65,78,-13,13
34253,72,72,0,0
34254,48,65,-17,17
34255,114,106,8,8
34256,63,69,-6,6
34257,139,133,6,6
34258,86,85,1,1
34259,96,84,12,12
34260,80,76,4,4
34261,126,119,7,7
34262,112,99,13,13
34263,99,114,-15,15
34264,83,75,8,8
34265,62,65,-3,3
34266,53,64,-11,11
34267,40,51,-11,11
34268,103,100,3,3
34269,87,87,0,0
34270,66,68,-2,2
34271,116,106,10,10
34272,107,93,14,14
34273,121,119,2,2
34274,114,100,14,14
34275,111,112,-1,1
34276,105,107,-2,2
34277,103,102,1,1
34278,106,101,5,5
34279,126,117,9,9
34280,104,93,11,11
34281,77,68,9,9
34282,114,117,-3,3
34283,77,68,9,9
34284,83,75,8,8
34285,78,79,-1,1
34286,81,75,6,6
34287,64,70,-6,6
34288,134,129,5,5
34289,78,74,4,4
34290,137,128,9,9
34291,80,89,-9,9
34292,145,132,13,13
34293,103,93,10,10
34294,101,97,4,4
34295,87,69,18,18
34296,83,83,0,0
34297,98,81,17,17
34298,133,133,0,0
34299,114,107,7,7
34300,119,104,15,15
34301,94,96,-2,2
34302,85,89,-4,4
34303,162,160,2,2
34304,85,72,13,13
34305,62,60,2,2
34306,83,73,10,10
34307,99,84,15,15
34308,79,82,-3,3
34309,95,89,6,6
34310,140,142,-2,2
34311,165,147,18,18
34312,104,100,4,4
34313,110,116,-6,6
34314,138,174,-36,36
34315,117,130,-13,13
34316,120,110,10,10
34317,67,80,-13,13
34318,82,78,4,4
34319,110,106,4,4
34320,110,99,11,11
34321,63,62,1,1
34322,54,59,-5,5
34323,128,136,-8,8
34324,90,83,7,7
34325,99,103,-4,4
34326,121,154,-33,33
34327,47,54,-7,7
34328,88,87,1,1
34329,96,77,19,19
34330,83,98,-15,15
34331,91,79,12,12
34332,100,88,12,12
34333,68,74,-6,6
34334,44,57,-13,13
34335,94,87,7,7
34336,48,59,-11,11
34337,63,59,4,4
34338,114,113,1,1
34339,88,85,3,3
34340,105,96,9,9
34341,67,74,-7,7
34342,61,56,5,5
34343,120,111,9,9
34344,111,99,12,12
34345,102,95,7,7
34346,111,109,2,2
34347,48,57,-9,9
34348,102,102,0,0
34349,101,101,0,0
34350,88,86,2,2
34351,58,57,1,1
34352,64,62,2,2
34353,65,72,-7,7
34354,156,150,6,6
34355,84,85,-1,1
34356,169,155,14,14
34357,130,118,12,12
34358,51,65,-14,14
34359,60,62,-2,2
34360,109,82,27,27
34361,107,103,4,4
34362,133,138,-5,5
34363,73,76,-3,3
34364,117,119,-2,2
34365,105,98,7,7
34366,118,136,-18,18
34367,107,98,9,9
34368,89,73,16,16
34369,130,130,0,0
34370,107,112,-5,5
34371,86,86,0,0
34372,87,86,1,1
34373,166,156,10,10
34374,91,87,4,4
34375,83,76,7,7
34376,90,74,16,16
34377,60,69,-9,9
34378,73,69,4,4
34379,133,116,17,17
34380,131,120,11,11
34381,128,156,-28,28
34382,93,80,13,13
34383,48,57,-9,9
34384,126,103,23,23
34385,62,74,-12,12
34386,50,63,-13,13
34387,70,72,-2,2
34388,111,105,6,6
34389,89,75,14,14
34390,94,95,-1,1
34391,38,61,-23,23
34392,76,83,-7,7
34393,92,89,3,3
34394,66,66,0,0
34395,84,80,4,4
34396,72,65,7,7
34397,79,77,2,2
34398,78,75,3,3
34399,61,60,1,1
34400,68,65,3,3
34401,114,102,12,12
34402,84,85,-1,1
34403,51,62,-11,11
34404,96,82,14,14
34405,74,69,5,5
34406,64,72,-8,8
34407,79,65,14,14
34408,89,73,16,16
34409,150,144,6,6
34410,137,116,21,21
34411,62,63,-1,1
34412,120,111,9,9
34413,75,55,20,20
34414,63,65,-2,2
34415,144,153,-9,9
34416,83,77,6,6
34417,71,103,-32,32
34418,125,123,2,2
34419,71,72,-1,1
34420,90,93,-3,3
34421,57,66,-9,9
34422,68,70,-2,2
34423,117,109,8,8
34424,142,138,4,4
34425,95,87,8,8
34426,91,97,-6,6
34427,86,93,-7,7
34428,119,126,-7,7
34429,71,65,6,6
34430,97,86,11,11
34431,92,85,7,7
34432,86,77,9,9
34433,48,81,-33,33
34434,50,48,2,2
34435,105,135,-30,30
34436,105,99,6,6
34437,127,104,23,23
34438,108,110,-2,2
34439,71,72,-1,1
34440,73,73,0,0
34441,68,75,-7,7
34442,147,132,15,15
34443,142,144,-2,2
34444,39,56,-17,17
34445,91,75,16,16
34446,79,89,-10,10
34447,84,77,7,7
34448,123,122,1,1
34449,63,73,-10,10
34450,196,176,20,20
34451,161,158,3,3
34452,152,129,23,23
34453,144,133,11,11
34454,96,90,6,6
34455,125,119,6,6
34456,82,68,14,14
34457,128,113,15,15
34458,160,175,-15,15
34459,43,56,-13,13
34460,68,65,3,3
34461,108,84,24,24
34462,74,68,6,6
34463,52,56,-4,4
34464,107,115,-8,8
34465,64,62,2,2
34466,89,89,0,0
34467,85,76,9,9
34468,73,80,-7,7
34469,177,195,-18,18
34470,111,114,-3,3
34471,67,75,-8,8
34472,76,74,2,2
34473,152,131,21,21
34474,90,88,2,2
34475,79,76,3,3
34476,99,99,0,0
34477,78,65,13,13
34478,131,123,8,8
34479,100,84,16,16
34480,74,74,0,0
34481,99,100,-1,1
34482,135,131,4,4
34483,104,110,-6,6
34484,67,65,2,2
34485,102,83,19,19
34486,48,64,-16,16
34487,243,233,10,10
34488,97,89,8,8
34489,112,109,3,3
34490,118,124,-6,6
34491,77,73,4,4
34492,73,67,6,6
34493,99,101,-2,2
34494,60,71,-11,11
34495,155,152,3,3
34496,125,127,-2,2
34497,202,186,16,16
34498,82,86,-4,4
34499,100,86,14,14
34500,78,75,3,3
34501,59,59,0,0
34502,48,65,-17,17
34503,121,124,-3,3
34504,128,117,11,11
34505,96,100,-4,4
34506,133,128,5,5
34507,107,98,9,9
34508,106,99,7,7
34509,111,124,-13,13
34510,48,70,-22,22
34511,79,77,2,2
34512,121,108,13,13
34513,147,149,-2,2
34514,113,108,5,5
34515,58,61,-3,3
34516,93,78,15,15
34517,109,107,2,2
34518,85,82,3,3
34519,69,74,-5,5
34520,70,66,4,4
34521,81,78,3,3
34522,47,58,-11,11
34523,121,112,9,9
34524,151,143,8,8
34525,80,79,1,1
34526,60,61,-1,1
34527,133,120,13,13
34528,65,71,-6,6
34529,162,151,11,11
34530,73,61,12,12
34531,108,102,6,6
34532,87,76,11,11
34533,101,97,4,4
34534,90,92,-2,2
34535,130,148,-18,18
34536,133,130,3,3
34537,139,136,3,3
34538,95,92,3,3
34539,96,88,8,8
34540,66,70,-4,4
34541,69,64,5,5
34542,69,62,7,7
34543,86,82,4,4
34544,95,92,3,3
34545,91,89,2,2
34546,189,170,19,19
34547,109,107,2,2
34548,63,60,3,3
34549,156,163,-7,7
34550,64,72,-8,8
34551,117,120,-3,3
34552,55,66,-11,11
34553,115,118,-3,3
34554,103,95,8,8
34555,155,151,4,4
34556,78,87,-9,9
34557,159,169,-10,10
34558,73,67,6,6
34559,188,190,-2,2
34560,150,160,-10,10
34561,103,102,1,1
34562,80,75,5,5
34563,92,90,2,2
34564,121,118,3,3
34565,113,111,2,2
34566,106,99,7,7
34567,72,60,12,12
34568,120,116,4,4
34569,49,58,-9,9
34570,124,130,-6,6
34571,82,83,-1,1
34572,145,172,-27,27
34573,61,53,8,8
34574,108,96,12,12
34575,53,50,3,3
34576,117,109,8,8
34577,88,85,3,3
34578,122,89,33,33
34579,56,62,-6,6
34580,161,149,12,12
34581,115,106,9,9
34582,100,92,8,8
34583,149,155,-6,6
34584,126,124,2,2
34585,74,65,9,9
34586,124,119,5,5
34587,101,99,2,2
34588,83,80,3,3
34589,105,93,12,12
34590,143,143,0,0
34591,153,142,11,11
34592,54,66,-12,12
34593,52,75,-23,23
34594,87,90,-3,3
34595,63,63,0,0
34596,84,80,4,4
34597,96,85,11,11
34598,59,53,6,6
34599,141,125,16,16
34600,121,116,5,5
34601,21,80,-59,59
34602,93,88,5,5
34603,126,126,0,0
34604,91,86,5,5
34605,126,118,8,8
34606,79,78,1,1
34607,133,140,-7,7
34608,72,71,1,1
34609,117,98,19,19
34610,51,57,-6,6
34611,92,92,0,0
34612,78,71,7,7
34613,70,70,0,0
34614,77,71,6,6
34615,94,89,5,5
34616,75,76,-1,1
34617,93,90,3,3
34618,75,72,3,3
34619,149,140,9,9
34620,99,99,0,0
34621,94,101,-7,7
34622,98,93,5,5
34623,68,65,3,3
34624,101,146,-45,45
34625,115,106,9,9
34626,87,82,5,5
34627,100,115,-15,15
34628,80,84,-4,4
34629,133,130,3,3
34630,54,59,-5,5
34631,164,163,1,1
34632,98,100,-2,2
34633,75,75,0,0
34634,77,66,11,11
34635,126,123,3,3
34636,124,121,3,3
34637,89,84,5,5
34638,77,81,-4,4
34639,162,142,20,20
34640,129,113,16,16
34641,126,122,4,4
34642,90,85,5,5
34643,145,141,4,4
34644,59,68,-9,9
34645,79,65,14,14
34646,100,88,12,12
34647,136,131,5,5
34648,53,59,-6,6
34649,109,103,6,6
34650,79,82,-3,3
34651,111,110,1,1
34652,172,140,32,32
34653,142,124,18,18
34654,81,81,0,0
34655,100,95,5,5
34656,71,68,3,3
34657,37,48,-11,11
34658,91,86,5,5
34659,85,79,6,6
34660,96,94,2,2
34661,96,90,6,6
34662,72,68,4,4
34663,58,61,-3,3
34664,128,126,2,2
34665,90,79,11,11
34666,79,86,-7,7
34667,57,72,-15,15
34668,164,127,37,37
34669,147,113,34,34
34670,42,55,-13,13
34671,92,98,-6,6
34672,73,72,1,1
34673,80,76,4,4
34674,82,72,10,10
34675,82,77,5,5
34676,124,115,9,9
34677,87,87,0,0
34678,93,97,-4,4
34679,151,140,11,11
34680,88,83,5,5
34681,99,87,12,12
34682,104,99,5,5
34683,80,85,-5,5
34684,91,83,8,8
34685,116,131,-15,15
34686,136,126,10,10
34687,76,107,-31,31
34688,125,132,-7,7
34689,99,81,18,18
34690,112,116,-4,4
34691,103,116,-13,13
34692,152,144,8,8
34693,122,113,9,9
34694,74,53,21,21
34695,106,102,4,4
34696,76,73,3,3
34697,59,64,-5,5
34698,100,113,-13,13
34699,58,57,1,1
34700,69,72,-3,3
34701,120,124,-4,4
34702,74,72,2,2
34703,55,60,-5,5
34704,89,81,8,8
34705,79,85,-6,6
34706,137,130,7,7
34707,81,75,6,6
34708,64,63,1,1
34709,170,170,0,0
34710,69,64,5,5
34711,72,60,12,12
34712,73,76,-3,3
34713,66,73,-7,7
34714,114,107,7,7
34715,96,100,-4,4
34716,67,66,1,1
34717,83,78,5,5
34718,72,70,2,2
34719,150,149,1,1
34720,56,59,-3,3
34721,66,61,5,5
34722,53,64,-11,11
34723,169,144,25,25
34724,66,59,7,7
34725,105,105,0,0
34726,101,95,6,6
34727,78,82,-4,4
34728,130,132,-2,2
34729,140,135,5,5
34730,91,100,-9,9
34731,89,69,20,20
34732,73,67,6,6
34733,111,108,3,3
34734,111,114,-3,3
34735,154,140,14,14
34736,56,51,5,5
34737,136,128,8,8
34738,101,90,11,11
34739,120,124,-4,4
34740,62,64,-2,2
34741,105,101,4,4
34742,76,72,4,4
34743,161,174,-13,13
34744,88,84,4,4
34745,51,55,-4,4
34746,108,109,-1,1
34747,101,98,3,3
34748,74,69,5,5
34749,189,173,16,16
34750,46,52,-6,6
34751,58,68,-10,10
34752,100,90,10,10
34753,171,150,21,21
34754,45,68,-23,23
34755,87,65,22,22
34756,57,62,-5,5
34757,137,127,10,10
34758,72,71,1,1
34759,115,107,8,8
34760,98,97,1,1
34761,58,57,1,1
34762,87,92,-5,5
34763,79,84,-5,5
34764,79,80,-1,1
34765,67,60,7,7
34766,32,50,-18,18
34767,76,74,2,2
34768,80,60,20,20
34769,106,82,24,24
34770,54,57,-3,3
34771,75,78,-3,3
34772,149,158,-9,9
34773,110,105,5,5
34774,106,100,6,6
34775,130,128,2,2
34776,49,53,-4,4
34777,119,122,-3,3
34778,75,73,2,2
34779,89,82,7,7
34780,63,59,4,4
34781,64,59,5,5
34782,116,108,8,8
34783,79,63,16,16
34784,92,91,1,1
34785,70,75,-5,5
34786,120,110,10,10
34787,165,166,-1,1
34788,187,176,11,11
34789,82,77,5,5
34790,53,68,-15,15
34791,88,82,6,6
34792,75,66,9,9
34793,66,53,13,13
34794,80,72,8,8
34795,113,102,11,11
34796,48,56,-8,8
34797,52,53,-1,1
34798,169,165,4,4
34799,100,106,-6,6
34800,71,76,-5,5
34801,103,112,-9,9
34802,127,124,3,3
34803,132,125,7,7
34804,136,135,1,1
34805,67,75,-8,8
34806,127,125,2,2
34807,142,149,-7,7
34808,114,101,13,13
34809,71,72,-1,1
34810,77,69,8,8
34811,86,95,-9,9
34812,166,153,13,13
34813,116,114,2,2
34814,42,60,-18,18
34815,91,84,7,7
34816,81,73,8,8
34817,109,93,16,16
34818,164,158,6,6
34819,119,109,10,10
34820,79,71,8,8
34821,122,117,5,5
34822,67,67,0,0
34823,96,88,8,8
34824,81,76,5,5
34825,110,78,32,32
34826,142,138,4,4
34827,30,54,-24,24
34828,102,99,3,3
34829,128,108,20,20
34830,127,134,-7,7
34831,55,86,-31,31
34832,125,145,-20,20
34833,85,92,-7,7
34834,82,83,-1,1
34835,99,111,-12,12
34836,142,139,3,3
34837,99,105,-6,6
34838,96,100,-4,4
34839,87,105,-18,18
34840,76,72,4,4
34841,95,95,0,0
34842,61,67,-6,6
34843,58,72,-14,14
34844,88,82,6,6
34845,87,93,-6,6
34846,89,80,9,9
34847,100,91,9,9
34848,87,91,-4,4
34849,86,81,5,5
34850,43,60,-17,17
34851,33,46,-13,13
34852,97,93,4,4
34853,130,126,4,4
34854,149,139,10,10
34855,139,117,22,22
34856,71,74,-3,3
34857,53,69,-16,16
34858,69,66,3,3
34859,114,98,16,16
34860,60,72,-12,12
34861,53,66,-13,13
34862,80,84,-4,4
34863,75,67,8,8
34864,101,109,-8,8
34865,147,140,7,7
34866,100,90,10,10
34867,112,113,-1,1
34868,61,57,4,4
34869,68,71,-3,3
34870,41,63,-22,22
34871,72,66,6,6
34872,69,67,2,2
34873,135,118,17,17
34874,112,105,7,7
34875,63,74,-11,11
34876,83,81,2,2
34877,74,78,-4,4
34878,85,85,0,0
34879,91,88,3,3
34880,150,147,3,3
34881,96,92,4,4
34882,61,77,-16,16
34883,51,63,-12,12
34884,61,65,-4,4
34885,143,166,-23,23
34886,64,67,-3,3
34887,59,55,4,4
34888,67,88,-21,21
34889,65,65,0,0
34890,142,135,7,7
34891,66,70,-4,4
34892,73,79,-6,6
34893,107,96,11,11
34894,112,95,17,17
34895,104,102,2,2
34896,46,45,1,1
34897,83,70,13,13
34898,89,82,7,7
34899,73,70,3,3
34900,59,66,-7,7
34901,59,66,-7,7
34902,112,109,3,3
34903,75,71,4,4
34904,68,77,-9,9
34905,80,82,-2,2
34906,70,74,-4,4
34907,77,86,-9,9
34908,49,56,-7,7
34909,91,84,7,7
34910,65,72,-7,7
34911,77,67,10,10
34912,130,122,8,8
34913,77,71,6,6
34914,175,194,-19,19
34915,103,109,-6,6
34916,79,72,7,7
34917,74,65,9,9
34918,98,101,-3,3
34919,111,105,6,6
34920,105,115,-10,10
34921,106,104,2,2
34922,43,56,-13,13
34923,91,92,-1,1
34924,88,83,5,5
34925,121,112,9,9
34926,111,102,9,9
34927,65,78,-13,13
34928,63,61,2,2
34929,91,92,-1,1
34930,70,67,3,3
34931,117,107,10,10
34932,56,63,-7,7
34933,153,154,-1,1
34934,135,134,1,1
34935,66,63,3,3
34936,97,103,-6,6
34937,94,99,-5,5
34938,79,75,4,4
34939,89,78,11,11
34940,117,110,7,7
34941,50,66,-16,16
34942,172,190,-18,18
34943,71,77,-6,6
34944,94,77,17,17
34945,146,142,4,4
34946,57,56,1,1
34947,91,93,-2,2
34948,44,63,-19,19
34949,124,126,-2,2
34950,117,106,11,11
34951,93,78,15,15
34952,100,101,-1,1
34953,167,146,21,21
34954,97,96,1,1
34955,117,105,12,12
34956,142,130,12,12
34957,62,61,1,1
34958,99,96,3,3
34959,83,92,-9,9
34960,61,63,-2,2
34961,80,87,-7,7
34962,85,75,10,10
34963,102,98,4,4
34964,127,129,-2,2
34965,123,126,-3,3
34966,117,115,2,2
34967,102,108,-6,6
34968,100,93,7,7
34969,105,95,10,10
34970,116,94,22,22
34971,104,110,-6,6
34972,70,75,-5,5
34973,71,73,-2,2
34974,59,66,-7,7
34975,86,84,2,2
34976,121,96,25,25
34977,104,102,2,2
34978,93,94,-1,1
34979,78,78,0,0
34980,124,115,9,9
34981,83,88,-5,5
34982,126,123,3,3
34983,91,90,1,1
34984,89,95,-6,6
34985,79,78,1,1
34986,110,112,-2,2
34987,80,84,-4,4
34988,116,115,1,1
34989,133,126,7,7
34990,91,90,1,1
34991,94,86,8,8
34992,160,137,23,23
34993,107,113,-6,6
34994,61,59,2,2
34995,74,63,11,11
34996,80,77,3,3
34997,50,57,-7,7
34998,98,92,6,6
34999,47,55,-8,8
35000,63,85,-22,22
35001,92,91,1,1
35002,97,81,16,16
35003,101,102,-1,1
35004,48,57,-9,9
35005,114,113,1,1
35006,106,106,0,0
35007,98,95,3,3
35008,133,137,-4,4
35009,98,85,13,13
35010,41,49,-8,8
35011,85,88,-3,3
35012,102,100,2,2
35013,97,81,16,16
35014,49,67,-18,18
35015,50,57,-7,7
35016,86,83,3,3
35017,96,107,-11,11
35018,110,98,12,12
35019,95,85,10,10
35020,89,72,17,17
35021,92,84,8,8
35022,109,92,17,17
35023,75,70,5,5
35024,61,61,0,0
35025,82,90,-8,8
35026,88,88,0,0
35027,139,130,9,9
35028,67,72,-5,5
35029,106,107,-1,1
35030,108,107,1,1
35031,80,85,-5,5
35032,78,87,-9,9
35033,87,85,2,2
35034,57,62,-5,5
35035,63,63,0,0
35036,105,89,16,16
35037,129,109,20,20
35038,65,60,5,5
35039,93,86,7,7
35040,50,58,-8,8
35041,30,56,-26,26
35042,81,74,7,7
35043,55,63,-8,8
35044,76,65,11,11
35045,135,120,15,15
35046,55,63,-8,8
35047,140,136,4,4
35048,92,85,7,7
35049,124,127,-3,3
35050,100,98,2,2
35051,40,46,-6,6
35052,50,65,-15,15
35053,85,77,8,8
35054,87,93,-6,6
35055,136,132,4,4
35056,65,75,-10,10
35057,97,67,30,30
35058,80,69,11,11
35059,99,106,-7,7
35060,69,68,1,1
35061,97,101,-4,4
35062,65,71,-6,6
35063,67,69,-2,2
35064,108,104,4,4
35065,105,102,3,3
35066,98,83,15,15
35067,73,65,8,8
35068,87,84,3,3
35069,80,70,10,10
35070,115,113,2,2
35071,129,113,16,16
35072,62,68,-6,6
35073,141,133,8,8
35074,165,150,15,15
35075,167,166,1,1
35076,128,109,19,19
35077,163,154,9,9
35078,49,58,-9,9
35079,73,81,-8,8
35080,117,173,-56,56
35081,182,177,5,5
35082,91,81,10,10
35083,73,75,-2,2
35084,130,131,-1,1
35085,92,89,3,3
35086,164,141,23,23
35087,100,106,-6,6
35088,106,106,0,0
35089,155,159,-4,4
35090,84,76,8,8
35091,115,121,-6,6
35092,74,77,-3,3
35093,62,59,3,3
35094,76,74,2,2
35095,82,90,-8,8
35096,116,99,17,17
35097,84,81,3,3
35098,61,66,-5,5
35099,155,135,20,20
35100,87,150,-63,63
35101,118,118,0,0
35102,126,128,-2,2
35103,123,134,-11,11
35104,72,76,-4,4
35105,106,107,-1,1
35106,119,111,8,8
35107,79,75,4,4
35108,70,86,-16,16
35109,129,117,12,12
35110,93,74,19,19
35111,98,83,15,15
35112,164,185,-21,21
35113,110,110,0,0
35114,108,115,-7,7
35115,79,75,4,4
35116,140,148,-8,8
35117,81,93,-12,12
35118,84,87,-3,3
35119,64,73,-9,9
35120,101,102,-1,1
35121,65,69,-4,4
35122,71,86,-15,15
35123,66,59,7,7
35124,81,80,1,1
35125,82,92,-10,10
35126,101,99,2,2
35127,95,93,2,2
35128,95,95,0,0
35129,177,159,18,18
35130,148,153,-5,5
35131,83,81,2,2
35132,79,78,1,1
35133,87,78,9,9
35134,120,120,0,0
35135,140,161,-21,21
35136,117,116,1,1
35137,88,88,0,0
35138,79,72,7,7
35139,89,101,-12,12
35140,83,81,2,2
35141,79,92,-13,13
35142,118,111,7,7
35143,79,83,-4,4
35144,95,85,10,10
35145,62,68,-6,6
35146,67,65,2,2
35147,63,65,-2,2
35148,99,84,15,15
35149,164,149,15,15
35150,71,62,9,9
35151,49,58,-9,9
35152,88,84,4,4
35153,93,69,24,24
35154,90,82,8,8
35155,96,83,13,13
35156,91,86,5,5
35157,41,54,-13,13
35158,94,98,-4,4
35159,58,56,2,2
35160,87,82,5,5
35161,100,85,15,15
35162,117,113,4,4
35163,106,99,7,7
35164,65,76,-11,11
35165,126,125,1,1
35166,92,93,-1,1
35167,78,84,-6,6
35168,98,95,3,3
35169,102,112,-10,10
35170,115,104,11,11
35171,93,88,5,5
35172,48,62,-14,14
35173,64,63,1,1
35174,168,190,-22,22
35175,95,83,12,12
35176,125,119,6,6
35177,128,127,1,1
35178,137,117,20,20
35179,62,63,-1,1
35180,76,81,-5,5
35181,66,68,-2,2
35182,50,57,-7,7
35183,98,88,10,10
35184,101,106,-5,5
35185,77,76,1,1
35186,97,97,0,0
35187,116,104,12,12
35188,118,108,10,10
35189,157,159,-2,2
35190,48,68,-20,20
35191,86,90,-4,4
35192,79,86,-7,7
35193,93,88,5,5
35194,58,68,-10,10
35195,65,68,-3,3
35196,203,192,11,11
35197,59,60,-1,1
35198,103,96,7,7
35199,35,50,-15,15
35200,95,101,-6,6
35201,89,92,-3,3
35202,122,109,13,13
35203,97,98,-1,1
35204,84,80,4,4
35205,146,127,19,19
35206,129,110,19,19
35207,76,82,-6,6
35208,79,79,0,0
35209,92,85,7,7
35210,82,69,13,13
35211,111,104,7,7
35212,88,80,8,8
35213,155,149,6,6
35214,75,62,13,13
35215,109,99,10,10
35216,64,64,0,0
35217,76,66,10,10
35218,114,108,6,6
35219,84,75,9,9
35220,90,85,5,5
35221,49,65,-16,16
35222,103,106,-3,3
35223,140,138,2,2
35224,64,65,-1,1
35225,171,173,-2,2
35226,89,88,1,1
35227,57,65,-8,8
35228,99,57,42,42
35229,62,62,0,0
35230,191,183,8,8
35231,108,102,6,6
35232,116,108,8,8
35233,157,150,7,7
35234,98,108,-10,10
35235,167,168,-1,1
35236,89,80,9,9
35237,65,67,-2,2
35238,103,99,4,4
35239,107,98,9,9
35240,66,64,2,2
35241,137,137,0,0
35242,68,60,8,8
35243,64,62,2,2
35244,137,137,0,0
35245,101,97,4,4
35246,120,111,9,9
35247,99,99,0,0
35248,58,66,-8,8
35249,93,97,-4,4
35250,48,62,-14,14
35251,96,112,-16,16
35252,68,64,4,4
35253,95,93,2,2
35254,117,110,7,7
35255,61,67,-6,6
35256,122,117,5,5
35257,77,81,-4,4
35258,69,71,-2,2
35259,105,96,9,9
35260,126,124,2,2
35261,67,72,-5,5
35262,122,114,8,8
35263,96,94,2,2
35264,188,181,7,7
35265,72,67,5,5
35266,122,115,7,7
35267,53,67,-14,14
35268,49,59,-10,10
35269,131,119,12,12
35270,118,102,16,16
35271,68,70,-2,2
35272,84,86,-2,2
35273,80,83,-3,3
35274,95,114,-19,19
35275,54,60,-6,6
35276,80,84,-4,4
35277,55,54,1,1
35278,50,49,1,1
35279,141,139,2,2
35280,118,107,11,11
35281,64,66,-2,2
35282,132,120,12,12
35283,81,73,8,8
35284,49,58,-9,9
35285,86,85,1,1
35286,107,107,0,0
35287,123,118,5,5
35288,109,97,12,12
35289,121,108,13,13
35290,89,85,4,4
35291,57,59,-2,2
35292,123,112,11,11
35293,102,98,4,4
35294,143,124,19,19
35295,57,62,-5,5
35296,84,81,3,3
35297,73,78,-5,5
35298,124,119,5,5
35299,86,83,3,3
35300,128,124,4,4
35301,146,129,17,17
35302,92,83,9,9
35303,68,75,-7,7
35304,88,92,-4,4
35305,147,139,8,8
35306,134,136,-2,2
35307,91,89,2,2
35308,137,133,4,4
35309,130,135,-5,5
35310,103,97,6,6
35311,78,85,-7,7
35312,85,79,6,6
35313,57,58,-1,1
35314,159,147,12,12
35315,80,83,-3,3
35316,113,117,-4,4
35317,152,145,7,7
35318,163,156,7,7
35319,137,114,23,23
35320,116,133,-17,17
35321,144,132,12,12
35322,61,65,-4,4
35323,158,143,15,15
35324,120,150,-30,30
35325,64,66,-2,2
35326,106,97,9,9
35327,60,70,-10,10
35328,87,86,1,1
35329,72,57,15,15
35330,92,80,12,12
35331,164,151,13,13
35332,121,131,-10,10
35333,63,63,0,0
35334,108,105,3,3
35335,70,62,8,8
35336,66,73,-7,7
35337,81,132,-51,51
35338,84,78,6,6
35339,69,72,-3,3
35340,161,162,-1,1
35341,73,68,5,5
35342,62,63,-1,1
35343,66,71,-5,5
35344,80,82,-2,2
35345,110,122,-12,12
35346,145,134,11,11
35347,32,60,-28,28
35348,62,66,-4,4
35349,191,201,-10,10
35350,84,76,8,8
35351,96,82,14,14
35352,87,73,14,14
35353,54,65,-11,11
35354,85,77,8,8
35355,118,115,3,3
35356,52,58,-6,6
35357,102,82,20,20
35358,66,64,2,2
35359,151,147,4,4
35360,129,144,-15,15
35361,61,61,0,0
35362,102,103,-1,1
35363,88,88,0,0
35364,61,80,-19,19
35365,77,80,-3,3
35366,79,86,-7,7
35367,110,101,9,9
35368,96,84,12,12
35369,74,71,3,3
35370,120,120,0,0
35371,134,119,15,15
35372,66,71,-5,5
35373,61,64,-3,3
35374,130,126,4,4
35375,60,65,-5,5
35376,66,70,-4,4
35377,115,109,6,6
35378,99,93,6,6
35379,55,59,-4,4
35380,104,97,7,7
35381,104,99,5,5
35382,97,95,2,2
35383,48,54,-6,6
35384,51,60,-9,9
35385,51,62,-11,11
35386,80,75,5,5
35387,57,63,-6,6
35388,77,66,11,11
35389,128,126,2,2
35390,141,143,-2,2
35391,77,80,-3,3
35392,132,114,18,18
35393,110,95,15,15
35394,43,56,-13,13
35395,110,117,-7,7
35396,85,72,13,13
35397,92,99,-7,7
35398,49,49,0,0
35399,69,60,9,9
35400,64,62,2,2
35401,82,74,8,8
35402,59,67,-8,8
35403,69,64,5,5
35404,66,67,-1,1
35405,92,80,12,12
35406,101,84,17,17
35407,62,60,2,2
35408,126,111,15,15
35409,119,109,10,10
35410,117,100,17,17
35411,162,149,13,13
35412,100,102,-2,2
35413,107,115,-8,8
35414,49,60,-11,11
35415,75,77,-2,2
35416,85,78,7,7
35417,87,75,12,12
35418,58,75,-17,17
35419,86,104,-18,18
35420,54,54,0,0
35421,149,149,0,0
35422,99,85,14,14
35423,118,116,2,2
35424,88,83,5,5
35425,128,155,-27,27
35426,121,123,-2,2
35427,62,66,-4,4
35428,32,43,-11,11
35429,152,150,2,2
35430,58,56,2,2
35431,77,81,-4,4
35432,127,104,23,23
35433,109,105,4,4
35434,116,111,5,5
35435,83,81,2,2
35436,70,82,-12,12
35437,101,88,13,13
35438,70,70,0,0
35439,117,106,11,11
35440,93,95,-2,2
35441,72,78,-6,6
35442,131,124,7,7
35443,64,62,2,2
35444,160,156,4,4
35445,86,82,4,4
35446,84,76,8,8
35447,56,58,-2,2
35448,94,84,10,10
35449,149,136,13,13
35450,128,109,19,19
35451,97,101,-4,4
35452,178,173,5,5
35453,102,95,7,7
35454,53,50,3,3
35455,124,106,18,18
35456,79,79,0,0
35457,136,151,-15,15
35458,71,70,1,1
35459,54,55,-1,1
35460,97,87,10,10
35461,72,75,-3,3
35462,169,151,18,18
35463,80,76,4,4
35464,53,64,-11,11
35465,64,55,9,9
35466,52,72,-20,20
35467,38,58,-20,20
35468,78,68,10,10
35469,160,69,91,91
35470,113,106,7,7
35471,90,93,-3,3
35472,63,75,-12,12
35473,79,79,0,0
35474,56,65,-9,9
35475,241,251,-10,10
35476,68,66,2,2
35477,145,147,-2,2
35478,69,58,11,11
35479,107,88,19,19
35480,79,82,-3,3
35481,123,113,10,10
35482,97,84,13,13
35483,77,72,5,5
35484,66,142,-76,76
35485,83,80,3,3
35486,82,78,4,4
35487,78,68,10,10
35488,89,85,4,4
35489,76,67,9,9
35490,61,63,-2,2
35491,116,104,12,12
35492,128,135,-7,7
35493,130,138,-8,8
35494,46,64,-18,18
35495,105,107,-2,2
35496,150,127,23,23
35497,156,152,4,4
35498,69,69,0,0
35499,89,87,2,2
35500,77,70,7,7
35501,123,119,4,4
35502,97,94,3,3
35503,87,86,1,1
35504,80,79,1,1
35505,79,77,2,2
35506,58,63,-5,5
35507,53,55,-2,2
35508,105,111,-6,6
35509,74,74,0,0
35510,101,98,3,3
35511,56,56,0,0
35512,115,108,7,7
35513,141,161,-20,20
35514,116,102,14,14
35515,47,63,-16,16
35516,43,53,-10,10
35517,80,82,-2,2
35518,91,86,5,5
35519,75,90,-15,15
35520,114,98,16,16
35521,79,83,-4,4
35522,106,96,10,10
35523,69,70,-1,1
35524,87,69,18,18
35525,118,119,-1,1
35526,84,85,-1,1
35527,90,97,-7,7
35528,97,90,7,7
35529,57,62,-5,5
35530,132,145,-13,13
35531,90,102,-12,12
35532,108,115,-7,7
35533,132,116,16,16
35534,76,80,-4,4
35535,38,50,-12,12
35536,52,50,2,2
35537,68,68,0,0
35538,141,144,-3,3
35539,90,93,-3,3
35540,72,67,5,5
35541,74,70,4,4
35542,89,83,6,6
35543,72,69,3,3
35544,78,66,12,12
35545,67,69,-2,2
35546,94,92,2,2
35547,65,66,-1,1
35548,75,75,0,0
35549,76,86,-10,10
35550,78,66,12,12
35551,70,75,-5,5
35552,124,109,15,15
35553,123,113,10,10
35554,185,178,7,7
35555,126,105,21,21
35556,104,101,3,3
35557,79,69,10,10
35558,74,59,15,15
35559,82,73,9,9
35560,47,50,-3,3
35561,40,54,-14,14
35562,102,100,2,2
35563,68,71,-3,3
35564,95,96,-1,1
35565,111,102,9,9
35566,74,70,4,4
35567,63,57,6,6
35568,118,116,2,2
35569,181,181,0,0
35570,63,65,-2,2
35571,73,71,2,2
35572,76,82,-6,6
35573,80,74,6,6
35574,99,97,2,2
35575,83,83,0,0
35576,48,54,-6,6
35577,140,130,10,10
35578,101,99,2,2
35579,76,92,-16,16
35580,84,93,-9,9
35581,95,76,19,19
35582,60,66,-6,6
35583,78,80,-2,2
35584,125,122,3,3
35585,90,86,4,4
35586,99,94,5,5
35587,58,60,-2,2
35588,128,135,-7,7
35589,67,75,-8,8
35590,96,109,-13,13
35591,96,87,9,9
35592,141,133,8,8
35593,77,77,0,0
35594,114,90,24,24
35595,86,86,0,0
35596,175,177,-2,2
35597,129,120,9,9
35598,50,52,-2,2
35599,70,63,7,7
35600,224,217,7,7
35601,146,126,20,20
35602,81,78,3,3
35603,97,98,-1,1
35604,118,116,2,2
35605,77,78,-1,1
35606,73,85,-12,12
35607,85,74,11,11
35608,102,96,6,6
35609,130,122,8,8
35610,133,137,-4,4
35611,129,118,11,11
35612,80,86,-6,6
35613,93,90,3,3
35614,91,80,11,11
35615,41,84,-43,43
35616,82,86,-4,4
35617,67,80,-13,13
35618,85,78,7,7
35619,75,78,-3,3
35620,118,122,-4,4
35621,118,98,20,20
35622,79,82,-3,3
35623,63,71,-8,8
35624,170,173,-3,3
35625,73,73,0,0
35626,114,93,21,21
35627,154,154,0,0
35628,54,54,0,0
35629,115,105,10,10
35630,49,122,-73,73
35631,99,93,6,6
35632,80,74,6,6
35633,152,165,-13,13
35634,71,73,-2,2
35635,118,141,-23,23
35636,106,98,8,8
35637,106,109,-3,3
35638,173,154,19,19
35639,89,97,-8,8
35640,65,70,-5,5
35641,93,94,-1,1
35642,109,108,1,1
35643,126,127,-1,1
35644,143,174,-31,31
35645,127,128,-1,1
35646,114,93,21,21
35647,84,83,1,1
35648,68,76,-8,8
35649,60,67,-7,7
35650,111,111,0,0
35651,127,137,-10,10
35652,83,84,-1,1
35653,98,93,5,5
35654,83,72,11,11
35655,77,75,2,2
35656,51,59,-8,8
35657,88,91,-3,3
35658,48,71,-23,23
35659,147,149,-2,2
35660,66,79,-13,13
35661,100,89,11,11
35662,76,82,-6,6
35663,59,50,9,9
35664,116,111,5,5
35665,61,59,2,2
35666,155,145,10,10
35667,99,99,0,0
35668,112,103,9,9
35669,70,68,2,2
35670,79,85,-6,6
35671,96,97,-1,1
35672,90,94,-4,4
35673,104,97,7,7
35674,99,93,6,6
35675,81,78,3,3
35676,134,147,-13,13
35677,126,122,4,4
35678,160,117,43,43
35679,75,71,4,4
35680,104,104,0,0
35681,150,143,7,7
35682,120,114,6,6
35683,90,90,0,0
35684,120,113,7,7
35685,142,137,5,5
35686,75,68,7,7
35687,102,87,15,15
35688,162,148,14,14
35689,74,68,6,6
35690,75,70,5,5
35691,99,88,11,11
35692,130,132,-2,2
35693,53,51,2,2
35694,127,126,1,1
35695,103,93,10,10
35696,94,91,3,3
35697,76,87,-11,11
35698,83,87,-4,4
35699,195,166,29,29
35700,58,74,-16,16
35701,51,50,1,1
35702,153,144,9,9
35703,190,177,13,13
35704,87,86,1,1
35705,96,95,1,1
35706,100,90,10,10
35707,74,71,3,3
35708,67,67,0,0
35709,124,122,2,2
35710,74,72,2,2
35711,111,94,17,17
35712,93,110,-17,17
35713,107,98,9,9
35714,70,62,8,8
35715,154,155,-1,1
35716,125,104,21,21
35717,107,86,21,21
35718,69,84,-15,15
35719,101,105,-4,4
35720,95,78,17,17
35721,96,94,2,2
35722,85,80,5,5
35723,70,97,-27,27
35724,68,57,11,11
35725,61,63,-2,2
35726,155,152,3,3
35727,58,62,-4,4
35728,72,70,2,2
35729,47,51,-4,4
35730,98,98,0,0
35731,145,137,8,8
35732,52,56,-4,4
35733,120,105,15,15
35734,78,73,5,5
35735,56,53,3,3
35736,89,86,3,3
35737,82,78,4,4
35738,104,102,2,2
35739,128,140,-12,12
35740,159,144,15,15
35741,79,90,-11,11
35742,109,94,15,15
35743,120,121,-1,1
35744,79,103,-24,24
35745,73,59,14,14
35746,64,56,8,8
35747,97,85,12,12
35748,135,108,27,27
35749,81,85,-4,4
35750,91,84,7,7
35751,58,56,2,2
35752,78,65,13,13
35753,77,76,1,1
35754,47,52,-5,5
35755,167,155,12,12
35756,65,77,-12,12
35757,152,146,6,6
35758,159,144,15,15
35759,89,122,-33,33
35760,205,191,14,14
35761,108,95,13,13
35762,101,90,11,11
35763,129,124,5,5
35764,123,124,-1,1
35765,90,101,-11,11
35766,138,119,19,19
35767,105,92,13,13
35768,93,84,9,9
35769,129,114,15,15
35770,110,95,15,15
35771,86,85,1,1
35772,72,66,6,6
35773,122,117,5,5
35774,37,64,-27,27
35775,173,181,-8,8
35776,97,84,13,13
35777,45,55,-10,10
35778,97,83,14,14
35779,85,88,-3,3
35780,83,77,6,6
35781,105,91,14,14
35782,138,135,3,3
35783,98,91,7,7
35784,128,121,7,7
35785,94,81,13,13
35786,131,111,20,20
35787,67,72,-5,5
35788,176,158,18,18
35789,116,104,12,12
35790,116,126,-10,10
35791,80,59,21,21
35792,84,74,10,10
35793,69,73,-4,4
35794,165,165,0,0
35795,55,61,-6,6
35796,123,117,6,6
35797,117,119,-2,2
35798,81,67,14,14
35799,86,78,8,8
35800,185,179,6,6
35801,104,96,8,8
35802,89,96,-7,7
35803,85,69,16,16
35804,156,140,16,16
35805,72,67,5,5
35806,95,69,26,26
35807,86,75,11,11
35808,72,62,10,10
35809,168,154,14,14
35810,42,54,-12,12
35811,93,96,-3,3
35812,103,93,10,10
35813,83,80,3,3
35814,137,134,3,3
35815,117,124,-7,7
35816,77,74,3,3
35817,79,91,-12,12
35818,121,114,7,7
35819,110,117,-7,7
35820,101,87,14,14
35821,88,112,-24,24
35822,91,84,7,7
35823,166,163,3,3
35824,63,61,2,2
35825,92,88,4,4
35826,138,130,8,8
35827,110,105,5,5
35828,151,146,5,5
35829,121,132,-11,11
35830,73,80,-7,7
35831,77,73,4,4
35832,197,208,-11,11
35833,94,65,29,29
35834,67,68,-1,1
35835,147,122,25,25
35836,92,110,-18,18
35837,138,137,1,1
35838,71,80,-9,9
35839,93,88,5,5
35840,115,102,13,13
35841,90,79,11,11
35842,137,124,13,13
35843,136,139,-3,3
35844,63,65,-2,2
35845,68,69,-1,1
35846,105,86,19,19
35847,61,64,-3,3
35848,75,66,9,9
35849,120,122,-2,2
35850,145,142,3,3
35851,106,96,10,10
35852,171,159,12,12
35853,87,93,-6,6
35854,112,94,18,18
35855,75,69,6,6
35856,84,89,-5,5
35857,55,58,-3,3
35858,57,60,-3,3
35859,71,69,2,2
35860,150,137,13,13
35861,42,53,-11,11
35862,95,88,7,7
35863,100,103,-3,3
35864,77,65,12,12
35865,134,150,-16,16
35866,100,80,20,20
35867,117,120,-3,3
35868,74,106,-32,32
35869,106,101,5,5
35870,121,109,12,12
35871,115,100,15,15
35872,137,132,5,5
35873,80,75,5,5
35874,81,79,2,2
35875,50,57,-7,7
35876,60,71,-11,11
35877,143,122,21,21
35878,80,93,-13,13
35879,72,64,8,8
35880,74,70,4,4
35881,125,110,15,15
35882,111,105,6,6
35883,99,98,1,1
35884,72,76,-4,4
35885,84,80,4,4
35886,52,62,-10,10
35887,54,64,-10,10
35888,63,60,3,3
35889,101,91,10,10
35890,65,64,1,1
35891,74,76,-2,2
35892,141,141,0,0
35893,84,81,3,3
35894,156,133,23,23
35895,105,101,4,4
35896,130,113,17,17
35897,74,74,0,0
35898,97,99,-2,2
35899,111,118,-7,7
35900,65,67,-2,2
35901,124,118,6,6
35902,80,76,4,4
35903,93,86,7,7
35904,122,113,9,9
35905,84,89,-5,5
35906,92,91,1,1
35907,52,68,-16,16
35908,86,91,-5,5
35909,69,72,-3,3
35910,114,110,4,4
35911,68,68,0,0
35912,123,131,-8,8
35913,104,113,-9,9
35914,119,100,19,19
35915,123,100,23,23
35916,99,91,8,8
35917,117,132,-15,15
35918,94,98,-4,4
35919,126,120,6,6
35920,148,133,15,15
35921,112,96,16,16
35922,168,157,11,11
35923,81,79,2,2
35924,100,89,11,11
35925,78,74,4,4
35926,109,107,2,2
35927,120,109,11,11
35928,119,119,0,0
35929,83,102,-19,19
35930,138,136,2,2
35931,63,62,1,1
35932,63,58,5,5
35933,88,76,12,12
35934,50,48,2,2
35935,171,145,26,26
35936,111,86,25,25
35937,154,153,1,1
35938,131,110,21,21
35939,110,106,4,4
35940,74,85,-11,11
35941,116,121,-5,5
35942,112,114,-2,2
35943,89,82,7,7
35944,109,120,-11,11
35945,68,60,8,8
35946,77,78,-1,1
35947,69,66,3,3
35948,54,66,-12,12
35949,74,73,1,1
35950,140,137,3,3
35951,92,88,4,4
35952,47,54,-7,7
35953,49,54,-5,5
35954,72,72,0,0
35955,79,76,3,3
35956,45,53,-8,8
35957,53,53,0,0
35958,114,113,1,1
35959,64,66,-2,2
35960,63,58,5,5
35961,113,101,12,12
35962,103,95,8,8
35963,109,102,7,7
35964,94,84,10,10
35965,65,66,-1,1
35966,94,75,19,19
35967,142,144,-2,2
35968,38,63,-25,25
35969,91,100,-9,9
35970,86,79,7,7
35971,150,142,8,8
35972,66,65,1,1
35973,68,63,5,5
35974,62,68,-6,6
35975,53,63,-10,10
35976,53,62,-9,9
35977,117,107,10,10
35978,89,88,1,1
35979,96,85,11,11
35980,109,111,-2,2
35981,100,85,15,15
35982,132,117,15,15
35983,125,123,2,2
35984,47,56,-9,9
35985,76,85,-9,9
35986,80,76,4,4
35987,108,128,-20,20
35988,72,75,-3,3
35989,79,70,9,9
35990,103,99,4,4
35991,93,83,10,10
35992,90,90,0,0
35993,76,74,2,2
35994,88,86,2,2
35995,70,77,-7,7
35996,162,134,28,28
35997,86,77,9,9
35998,62,74,-12,12
35999,78,79,-1,1
36000,51,50,1,1
36001,131,106,25,25
36002,81,71,10,10
36003,100,100,0,0
36004,107,100,7,7
36005,71,70,1,1
36006,99,93,6,6
36007,128,123,5,5
36008,102,100,2,2
36009,111,112,-1,1
36010,114,115,-1,1
36011,145,132,13,13
36012,123,103,20,20
36013,64,62,2,2
36014,138,132,6,6
36015,120,122,-2,2
36016,96,86,10,10
36017,143,141,2,2
36018,79,70,9,9
36019,139,151,-12,12
36020,124,117,7,7
36021,76,82,-6,6
36022,67,67,0,0
36023,65,83,-18,18
36024,62,75,-13,13
36025,184,184,0,0
36026,102,103,-1,1
36027,60,59,1,1
36028,79,83,-4,4
36029,63,71,-8,8
36030,70,54,16,16
36031,91,94,-3,3
36032,68,66,2,2
36033,86,80,6,6
36034,97,103,-6,6
36035,78,82,-4,4
36036,110,96,14,14
36037,94,85,9,9
36038,68,88,-20,20
36039,150,152,-2,2
36040,81,81,0,0
36041,58,66,-8,8
36042,48,51,-3,3
36043,76,65,11,11
36044,102,95,7,7
36045,74,72,2,2
36046,60,66,-6,6
36047,75,82,-7,7
36048,92,88,4,4
36049,62,61,1,1
36050,91,97,-6,6
36051,93,78,15,15
36052,146,150,-4,4
36053,94,87,7,7
36054,88,88,0,0
36055,124,120,4,4
36056,92,93,-1,1
36057,87,111,-24,24
36058,113,126,-13,13
36059,99,88,11,11
36060,90,80,10,10
36061,95,87,8,8
36062,61,59,2,2
36063,139,125,14,14
36064,106,117,-11,11
36065,42,51,-9,9
36066,95,89,6,6
36067,121,131,-10,10
36068,130,133,-3,3
36069,121,107,14,14
36070,74,80,-6,6
36071,84,77,7,7
36072,70,72,-2,2
36073,73,69,4,4
36074,116,112,4,4
36075,120,122,-2,2
36076,151,137,14,14
36077,80,72,8,8
36078,90,84,6,6
36079,68,68,0,0
36080,102,92,10,10
36081,180,164,16,16
36082,44,71,-27,27
36083,170,174,-4,4
36084,99,76,23,23
36085,130,121,9,9
36086,78,99,-21,21
36087,107,104,3,3
36088,93,95,-2,2
36089,146,143,3,3
36090,97,102,-5,5
36091,107,98,9,9
36092,116,111,5,5
36093,81,83,-2,2
36094,84,78,6,6
36095,88,96,-8,8
36096,77,68,9,9
36097,65,67,-2,2
36098,158,149,9,9
36099,76,89,-13,13
36100,56,52,4,4
36101,119,118,1,1
36102,82,80,2,2
36103,52,57,-5,5
36104,44,55,-11,11
36105,122,107,15,15
36106,92,97,-5,5
36107,87,81,6,6
36108,152,164,-12,12
36109,97,90,7,7
36110,127,113,14,14
36111,61,72,-11,11
36112,58,60,-2,2
36113,94,89,5,5
36114,123,112,11,11
36115,141,120,21,21
36116,61,74,-13,13
36117,151,156,-5,5
36118,117,112,5,5
36119,88,81,7,7
36120,71,65,6,6
36121,131,131,0,0
36122,98,98,0,0
36123,54,62,-8,8
36124,133,132,1,1
36125,68,71,-3,3
36126,49,59,-10,10
36127,106,94,12,12
36128,144,133,11,11
36129,105,105,0,0
36130,59,63,-4,4
36131,65,68,-3,3
36132,136,125,11,11
36133,58,58,0,0
36134,49,61,-12,12
36135,47,59,-12,12
36136,87,78,9,9
36137,81,100,-19,19
36138,110,90,20,20
36139,119,117,2,2
36140,114,108,6,6
36141,77,66,11,11
36142,114,106,8,8
36143,112,103,9,9
36144,86,108,-22,22
36145,91,88,3,3
36146,136,124,12,12
36147,52,55,-3,3
36148,85,84,1,1
36149,97,91,6,6
36150,151,138,13,13
36151,118,113,5,5
36152,156,128,28,28
36153,61,61,0,0
36154,107,104,3,3
36155,173,169,4,4
36156,86,86,0,0
36157,74,75,-1,1
36158,90,86,4,4
36159,61,60,1,1
36160,112,112,0,0
36161,114,99,15,15
36162,86,87,-1,1
36163,115,119,-4,4
36164,128,124,4,4
36165,62,70,-8,8
36166,81,86,-5,5
36167,102,92,10,10
36168,104,101,3,3
36169,70,72,-2,2
36170,85,80,5,5
36171,59,69,-10,10
36172,112,103,9,9
36173,141,148,-7,7
36174,103,94,9,9
36175,89,76,13,13
36176,83,76,7,7
36177,54,54,0,0
36178,70,67,3,3
36179,75,73,2,2
36180,124,113,11,11
36181,64,66,-2,2
36182,137,128,9,9
36183,112,124,-12,12
36184,60,69,-9,9
36185,103,103,0,0
36186,76,65,11,11
36187,100,85,15,15
36188,68,72,-4,4
36189,72,72,0,0
36190,52,60,-8,8
36191,91,81,10,10
36192,57,57,0,0
36193,71,62,9,9
36194,99,102,-3,3
36195,117,134,-17,17
36196,179,172,7,7
36197,109,99,10,10
36198,33,36,-3,3
36199,101,98,3,3
36200,105,84,21,21
36201,88,85,3,3
36202,152,175,-23,23
36203,88,78,10,10
36204,140,116,24,24
36205,123,100,23,23
36206,129,119,10,10
36207,57,55,2,2
36208,53,61,-8,8
36209,65,72,-7,7
36210,72,74,-2,2
36211,127,140,-13,13
36212,62,67,-5,5
36213,47,48,-1,1
36214,101,87,14,14
36215,58,51,7,7
36216,90,96,-6,6
36217,71,70,1,1
36218,148,130,18,18
36219,131,119,12,12
36220,173,188,-15,15
36221,140,129,11,11
36222,88,92,-4,4
36223,105,110,-5,5
36224,129,119,10,10
36225,105,96,9,9
36226,113,121,-8,8
36227,83,89,-6,6
36228,58,56,2,2
36229,59,61,-2,2
36230,110,81,29,29
36231,106,107,-1,1
36232,95,91,4,4
36233,101,79,22,22
36234,56,62,-6,6
36235,134,133,1,1
36236,118,114,4,4
36237,114,99,15,15
36238,70,69,1,1
36239,68,80,-12,12
36240,66,61,5,5
36241,92,81,11,11
36242,113,106,7,7
36243,108,93,15,15
36244,91,84,7,7
36245,146,149,-3,3
36246,114,113,1,1
36247,103,100,3,3
36248,108,145,-37,37
36249,60,62,-2,2
36250,62,67,-5,5
36251,102,98,4,4
36252,110,120,-10,10
36253,194,175,19,19
36254,53,58,-5,5
36255,102,91,11,11
36256,175,147,28,28
36257,66,71,-5,5
36258,108,96,12,12
36259,112,101,11,11
36260,154,141,13,13
36261,121,121,0,0
36262,66,62,4,4
36263,84,79,5,5
36264,72,68,4,4
36265,97,86,11,11
36266,125,123,2,2
36267,53,59,-6,6
36268,56,66,-10,10
36269,139,143,-4,4
36270,76,90,-14,14
36271,98,92,6,6
36272,64,67,-3,3
36273,102,101,1,1
36274,63,79,-16,16
36275,125,121,4,4
36276,133,109,24,24
36277,61,58,3,3
36278,57,63,-6,6
36279,87,72,15,15
36280,65,75,-10,10
36281,45,55,-10,10
36282,105,101,4,4
36283,123,108,15,15
36284,96,87,9,9
36285,146,150,-4,4
36286,65,69,-4,4
36287,93,81,12,12
36288,67,61,6,6
36289,112,86,26,26
36290,128,117,11,11
36291,78,77,1,1
36292,73,72,1,1
36293,89,89,0,0
36294,62,61,1,1
36295,127,130,-3,3
36296,126,114,12,12
36297,80,84,-4,4
36298,84,90,-6,6
36299,85,98,-13,13
36300,65,70,-5,5
36301,63,72,-9,9
36302,42,61,-19,19
36303,84,76,8,8
36304,73,67,6,6
36305,50,59,-9,9
36306,107,128,-21,21
36307,108,103,5,5
36308,65,71,-6,6
36309,150,124,26,26
36310,101,90,11,11
36311,51,64,-13,13
36312,74,64,10,10
36313,79,75,4,4
36314,117,102,15,15
36315,71,80,-9,9
36316,70,78,-8,8
36317,75,73,2,2
36318,38,55,-17,17
36319,104,114,-10,10
36320,97,86,11,11
36321,117,117,0,0
36322,78,62,16,16
36323,58,63,-5,5
36324,133,130,3,3
36325,51,58,-7,7
36326,117,118,-1,1
36327,82,83,-1,1
36328,155,139,16,16
36329,102,101,1,1
36330,137,134,3,3
36331,85,79,6,6
36332,132,133,-1,1
36333,35,57,-22,22
36334,72,54,18,18
36335,119,122,-3,3
36336,90,78,12,12
36337,69,62,7,7
36338,76,86,-10,10
36339,85,92,-7,7
36340,114,107,7,7
36341,84,109,-25,25
36342,78,75,3,3
36343,55,51,4,4
36344,102,104,-2,2
36345,163,149,14,14
36346,69,73,-4,4
36347,126,115,11,11
36348,43,58,-15,15
36349,61,64,-3,3
36350,54,55,-1,1
36351,109,97,12,12
36352,102,111,-9,9
36353,80,75,5,5
36354,206,198,8,8
36355,51,53,-2,2
36356,89,72,17,17
36357,72,71,1,1
36358,127,122,5,5
36359,76,74,2,2
36360,107,121,-14,14
36361,71,68,3,3
36362,66,67,-1,1
36363,76,73,3,3
36364,184,166,18,18
36365,129,126,3,3
36366,55,70,-15,15
36367,110,111,-1,1
36368,75,75,0,0
36369,61,75,-14,14
36370,136,120,16,16
36371,103,96,7,7
36372,115,115,0,0
36373,55,64,-9,9
36374,113,104,9,9
36375,89,82,7,7
36376,121,108,13,13
36377,80,92,-12,12
36378,141,136,5,5
36379,150,171,-21,21
36380,90,76,14,14
36381,73,73,0,0
36382,137,155,-18,18
36383,107,93,14,14
36384,86,80,6,6
36385,112,107,5,5
36386,46,56,-10,10
36387,72,73,-1,1
36388,99,99,0,0
36389,63,62,1,1
36390,126,104,22,22
36391,64,62,2,2
36392,90,89,1,1
36393,59,61,-2,2
36394,66,64,2,2
36395,114,96,18,18
36396,102,92,10,10
36397,77,73,4,4
36398,90,74,16,16
36399,68,56,12,12
36400,78,76,2,2
36401,71,69,2,2
36402,49,50,-1,1
36403,83,84,-1,1
36404,112,127,-15,15
36405,102,101,1,1
36406,134,104,30,30
36407,57,63,-6,6
36408,71,72,-1,1
36409,163,154,9,9
36410,130,117,13,13
36411,123,142,-19,19
36412,117,112,5,5
36413,78,69,9,9
36414,39,51,-12,12
36415,49,58,-9,9
36416,57,64,-7,7
36417,51,71,-20,20
36418,123,102,21,21
36419,92,89,3,3
36420,93,96,-3,3
36421,77,78,-1,1
36422,197,161,36,36
36423,112,107,5,5
36424,63,65,-2,2
36425,83,85,-2,2
36426,68,86,-18,18
36427,105,93,12,12
36428,62,60,2,2
36429,71,61,10,10
36430,91,85,6,6
36431,85,77,8,8
36432,197,217,-20,20
36433,124,113,11,11
36434,119,108,11,11
36435,130,131,-1,1
36436,81,74,7,7
36437,92,97,-5,5
36438,71,75,-4,4
36439,67,70,-3,3
36440,99,90,9,9
36441,94,87,7,7
36442,114,114,0,0
36443,167,157,10,10
36444,120,109,11,11
36445,125,98,27,27
36446,70,69,1,1
36447,114,97,17,17
36448,95,84,11,11
36449,46,52,-6,6
36450,101,102,-1,1
36451,61,58,3,3
36452,90,97,-7,7
36453,67,142,-75,75
36454,157,136,21,21
36455,79,83,-4,4
36456,105,100,5,5
36457,112,97,15,15
36458,89,82,7,7
36459,105,103,2,2
36460,124,109,15,15
36461,65,62,3,3
36462,73,65,8,8
36463,66,62,4,4
36464,61,69,-8,8
36465,125,134,-9,9
36466,122,129,-7,7
36467,76,71,5,5
36468,90,94,-4,4
36469,176,159,17,17
36470,62,66,-4,4
36471,139,141,-2,2
36472,43,49,-6,6
36473,67,82,-15,15
36474,50,64,-14,14
36475,66,67,-1,1
36476,59,58,1,1
36477,81,79,2,2
36478,83,70,13,13
36479,92,94,-2,2
36480,76,80,-4,4
36481,62,60,2,2
36482,64,83,-19,19
36483,92,97,-5,5
36484,123,113,10,10
36485,84,76,8,8
36486,88,88,0,0
36487,58,61,-3,3
36488,87,73,14,14
36489,73,75,-2,2
36490,44,52,-8,8
36491,123,112,11,11
36492,76,70,6,6
36493,82,91,-9,9
36494,84,79,5,5
36495,69,73,-4,4
36496,80,76,4,4
36497,104,100,4,4
36498,81,77,4,4
36499,79,81,-2,2
36500,90,107,-17,17
36501,105,96,9,9
36502,140,130,10,10
36503,85,84,1,1
36504,96,89,7,7
36505,102,101,1,1
36506,81,69,12,12
36507,117,102,15,15
36508,68,64,4,4
36509,79,76,3,3
36510,143,138,5,5
36511,66,62,4,4
36512,52,55,-3,3
36513,109,94,15,15
36514,40,60,-20,20
36515,140,127,13,13
36516,115,112,3,3
36517,74,87,-13,13
36518,61,61,0,0
36519,66,59,7,7
36520,92,87,5,5
36521,48,73,-25,25
36522,116,105,11,11
36523,141,127,14,14
36524,113,100,13,13
36525,89,73,16,16
36526,139,116,23,23
36527,134,142,-8,8
36528,152,149,3,3
36529,88,89,-1,1
36530,93,91,2,2
36531,161,154,7,7
36532,90,96,-6,6
36533,68,69,-1,1
36534,148,128,20,20
36535,82,82,0,0
36536,96,94,2,2
36537,171,186,-15,15
36538,96,105,-9,9
36539,66,69,-3,3
36540,113,100,13,13
36541,78,76,2,2
36542,82,76,6,6
36543,61,65,-4,4
36544,82,79,3,3
36545,99,108,-9,9
36546,225,195,30,30
36547,81,79,2,2
36548,62,61,1,1
36549,66,65,1,1
36550,44,45,-1,1
36551,74,88,-14,14
36552,83,73,10,10
36553,109,97,12,12
36554,51,73,-22,22
36555,121,107,14,14
36556,83,71,12,12
36557,81,86,-5,5
36558,53,57,-4,4
36559,73,74,-1,1
36560,109,95,14,14
36561,151,148,3,3
36562,115,112,3,3
36563,122,114,8,8
36564,116,114,2,2
36565,107,93,14,14
36566,109,94,15,15
36567,72,70,2,2
36568,43,43,0,0
36569,78,67,11,11
36570,127,115,12,12
36571,50,65,-15,15
36572,96,78,18,18
36573,53,50,3,3
36574,37,55,-18,18
36575,94,82,12,12
36576,56,62,-6,6
36577,27,55,-28,28
36578,38,68,-30,30
36579,109,110,-1,1
36580,109,105,4,4
36581,70,75,-5,5
36582,60,58,2,2
36583,82,86,-4,4
36584,67,65,2,2
36585,67,69,-2,2
36586,78,65,13,13
36587,62,66,-4,4
36588,49,56,-7,7
36589,109,96,13,13
36590,88,87,1,1
36591,81,86,-5,5
36592,82,88,-6,6
36593,90,86,4,4
36594,79,78,1,1
36595,97,87,10,10
36596,75,73,2,2
36597,104,90,14,14
36598,84,78,6,6
36599,146,135,11,11
36600,62,68,-6,6
36601,104,106,-2,2
36602,106,99,7,7
36603,92,88,4,4
36604,92,81,11,11
36605,92,91,1,1
36606,71,81,-10,10
36607,91,92,-1,1
36608,87,89,-2,2
36609,79,91,-12,12
36610,86,96,-10,10
36611,128,114,14,14
36612,186,194,-8,8
36613,138,134,4,4
36614,89,80,9,9
36615,168,150,18,18
36616,46,61,-15,15
36617,93,84,9,9
36618,72,70,2,2
36619,110,100,10,10
36620,99,84,15,15
36621,51,56,-5,5
36622,93,81,12,12
36623,99,90,9,9
36624,126,121,5,5
36625,64,69,-5,5
36626,209,211,-2,2
36627,102,99,3,3
36628,98,103,-5,5
36629,79,70,9,9
36630,85,87,-2,2
36631,64,72,-8,8
36632,83,77,6,6
36633,121,97,24,24
36634,111,99,12,12
36635,72,65,7,7
36636,97,92,5,5
36637,96,83,13,13
36638,64,69,-5,5
36639,128,120,8,8
36640,34,49,-15,15
36641,124,107,17,17
36642,84,75,9,9
36643,132,119,13,13
36644,55,56,-1,1
36645,118,108,10,10
36646,47,62,-15,15
36647,74,65,9,9
36648,75,76,-1,1
36649,93,96,-3,3
36650,171,152,19,19
36651,81,85,-4,4
36652,62,67,-5,5
36653,81,76,5,5
36654,83,82,1,1
36655,65,56,9,9
36656,61,74,-13,13
36657,83,87,-4,4
36658,102,96,6,6
36659,78,77,1,1
36660,85,76,9,9
36661,122,109,13,13
36662,60,76,-16,16
36663,151,143,8,8
36664,72,77,-5,5
36665,93,88,5,5
36666,99,99,0,0
36667,95,96,-1,1
36668,105,98,7,7
36669,83,66,17,17
36670,128,139,-11,11
36671,76,101,-25,25
36672,114,109,5,5
36673,125,126,-1,1
36674,88,78,10,10
36675,117,114,3,3
36676,54,58,-4,4
36677,102,94,8,8
36678,60,63,-3,3
36679,47,58,-11,11
36680,76,77,-1,1
36681,53,59,-6,6
36682,83,86,-3,3
36683,148,164,-16,16
36684,101,98,3,3
36685,126,122,4,4
36686,124,207,-83,83
36687,114,118,-4,4
36688,74,78,-4,4
36689,83,95,-12,12
36690,109,99,10,10
36691,89,90,-1,1
36692,76,75,1,1
36693,53,57,-4,4
36694,78,74,4,4
36695,60,66,-6,6
36696,136,124,12,12
36697,42,60,-18,18
36698,126,112,14,14
36699,99,105,-6,6
36700,96,104,-8,8
36701,45,55,-10,10
36702,77,65,12,12
36703,167,148,19,19
36704,102,133,-31,31
36705,92,103,-11,11
36706,61,70,-9,9
36707,138,131,7,7
36708,117,129,-12,12
36709,127,110,17,17
36710,92,80,12,12
36711,83,88,-5,5
36712,69,64,5,5
36713,189,183,6,6
36714,89,69,20,20
36715,154,155,-1,1
36716,78,79,-1,1
36717,92,86,6,6
36718,151,153,-2,2
36719,138,149,-11,11
36720,73,65,8,8
36721,152,158,-6,6
36722,122,117,5,5
36723,71,65,6,6
36724,118,114,4,4
36725,93,81,12,12
36726,104,96,8,8
36727,85,75,10,10
36728,91,86,5,5
36729,50,54,-4,4
36730,102,86,16,16
36731,120,119,1,1
36732,111,108,3,3
36733,71,71,0,0
36734,57,60,-3,3
36735,161,118,43,43
36736,53,54,-1,1
36737,122,139,-17,17
36738,125,126,-1,1
36739,83,75,8,8
36740,74,81,-7,7
36741,78,70,8,8
36742,51,54,-3,3
36743,167,142,25,25
36744,78,75,3,3
36745,207,206,1,1
36746,120,115,5,5
36747,142,157,-15,15
36748,71,83,-12,12
36749,144,124,20,20
36750,55,61,-6,6
36751,75,64,11,11
36752,113,115,-2,2
36753,100,105,-5,5
36754,56,67,-11,11
36755,137,129,8,8
36756,92,93,-1,1
36757,142,133,9,9
36758,114,110,4,4
36759,47,68,-21,21
36760,61,60,1,1
36761,130,120,10,10
36762,68,66,2,2
36763,72,75,-3,3
36764,39,53,-14,14
36765,116,117,-1,1
36766,135,118,17,17
36767,121,112,9,9
36768,126,115,11,11
36769,115,125,-10,10
36770,92,78,14,14
36771,137,122,15,15
36772,67,67,0,0
36773,58,52,6,6
36774,74,75,-1,1
36775,66,59,7,7
36776,70,64,6,6
36777,89,100,-11,11
36778,85,90,-5,5
36779,77,75,2,2
36780,54,61,-7,7
36781,103,102,1,1
36782,45,54,-9,9
36783,35,50,-15,15
36784,84,108,-24,24
36785,61,64,-3,3
36786,114,104,10,10
36787,47,56,-9,9
36788,86,81,5,5
36789,92,81,11,11
36790,61,70,-9,9
36791,96,96,0,0
36792,48,67,-19,19
36793,115,120,-5,5
36794,209,197,12,12
36795,89,98,-9,9
36796,63,54,9,9
36797,68,67,1,1
36798,88,108,-20,20
36799,63,75,-12,12
36800,121,136,-15,15
36801,146,171,-25,25
36802,64,59,5,5
36803,75,78,-3,3
36804,118,122,-4,4
36805,121,120,1,1
36806,87,77,10,10
36807,80,75,5,5
36808,80,81,-1,1
36809,107,100,7,7
36810,137,129,8,8
36811,96,85,11,11
36812,74,80,-6,6
36813,90,88,2,2
36814,70,74,-4,4
36815,45,56,-11,11
36816,63,62,1,1
36817,122,116,6,6
36818,80,84,-4,4
36819,91,83,8,8
36820,241,237,4,4
36821,49,49,0,0
36822,115,122,-7,7
36823,136,88,48,48
36824,87,77,10,10
36825,90,108,-18,18
36826,86,74,12,12
36827,126,122,4,4
36828,63,75,-12,12
36829,68,69,-1,1
36830,83,65,18,18
36831,101,86,15,15
36832,82,102,-20,20
36833,105,105,0,0
36834,141,150,-9,9
36835,67,64,3,3
36836,29,53,-24,24
36837,96,95,1,1
36838,69,69,0,0
36839,62,65,-3,3
36840,68,66,2,2
36841,96,86,10,10
36842,122,125,-3,3
36843,109,116,-7,7
36844,83,77,6,6
36845,127,115,12,12
36846,115,133,-18,18
36847,95,92,3,3
36848,64,71,-7,7
36849,80,77,3,3
36850,285,301,-16,16
36851,88,82,6,6
36852,154,121,33,33
36853,163,157,6,6
36854,68,111,-43,43
36855,72,84,-12,12
36856,184,193,-9,9
36857,87,84,3,3
36858,58,59,-1,1
36859,110,117,-7,7
36860,62,68,-6,6
36861,53,60,-7,7
36862,158,164,-6,6
36863,87,103,-16,16
36864,70,77,-7,7
36865,72,65,7,7
36866,141,129,12,12
36867,94,93,1,1
36868,48,58,-10,10
36869,56,53,3,3
36870,169,151,18,18
36871,81,99,-18,18
36872,71,81,-10,10
36873,97,78,19,19
36874,73,80,-7,7
36875,90,91,-1,1
36876,122,106,16,16
36877,68,59,9,9
36878,128,112,16,16
36879,68,74,-6,6
36880,128,121,7,7
36881,80,83,-3,3
36882,76,65,11,11
36883,131,143,-12,12
36884,96,102,-6,6
36885,118,125,-7,7
36886,112,99,13,13
36887,174,161,13,13
36888,44,58,-14,14
36889,92,95,-3,3
36890,66,64,2,2
36891,90,93,-3,3
36892,144,139,5,5
36893,110,98,12,12
36894,164,142,22,22
36895,85,75,10,10
36896,87,89,-2,2
36897,126,138,-12,12
36898,70,63,7,7
36899,111,101,10,10
36900,56,66,-10,10
36901,50,61,-11,11
36902,93,87,6,6
36903,66,69,-3,3
36904,77,71,6,6
36905,59,54,5,5
36906,95,93,2,2
36907,79,81,-2,2
36908,84,79,5,5
36909,81,81,0,0
36910,118,106,12,12
36911,62,57,5,5
36912,113,115,-2,2
36913,89,73,16,16
36914,109,94,15,15
36915,157,151,6,6
36916,144,164,-20,20
36917,113,92,21,21
36918,136,121,15,15
36919,55,54,1,1
36920,100,132,-32,32
36921,127,107,20,20
36922,137,128,9,9
36923,77,76,1,1
36924,75,69,6,6
36925,96,99,-3,3
36926,183,176,7,7
36927,100,91,9,9
36928,66,62,4,4
36929,87,91,-4,4
36930,76,73,3,3
36931,79,92,-13,13
36932,84,84,0,0
36933,101,90,11,11
36934,110,107,3,3
36935,97,89,8,8
36936,55,54,1,1
36937,94,77,17,17
36938,65,67,-2,2
36939,78,73,5,5
36940,69,84,-15,15
36941,171,175,-4,4
36942,78,72,6,6
36943,58,60,-2,2
36944,79,80,-1,1
36945,90,88,2,2
36946,43,62,-19,19
36947,80,101,-21,21
36948,121,124,-3,3
36949,186,164,22,22
36950,87,95,-8,8
36951,25,55,-30,30
36952,77,85,-8,8
36953,111,105,6,6
36954,60,59,1,1
36955,70,69,1,1
36956,145,131,14,14
36957,83,67,16,16
36958,87,73,14,14
36959,79,74,5,5
36960,110,98,12,12
36961,70,63,7,7
36962,157,147,10,10
36963,95,98,-3,3
36964,62,70,-8,8
36965,83,86,-3,3
36966,64,57,7,7
36967,240,229,11,11
36968,77,84,-7,7
36969,171,158,13,13
36970,111,106,5,5
36971,98,84,14,14
36972,60,63,-3,3
36973,94,94,0,0
36974,117,118,-1,1
36975,113,110,3,3
36976,149,164,-15,15
36977,84,80,4,4
36978,50,58,-8,8
36979,109,114,-5,5
36980,77,96,-19,19
36981,125,119,6,6
36982,74,87,-13,13
36983,80,78,2,2
36984,70,70,0,0
36985,79,73,6,6
36986,125,106,19,19
36987,102,78,24,24
36988,72,72,0,0
36989,99,104,-5,5
36990,73,77,-4,4
36991,104,86,18,18
36992,99,93,6,6
36993,97,86,11,11
36994,135,130,5,5
36995,80,89,-9,9
36996,146,150,-4,4
36997,59,67,-8,8
36998,95,94,1,1
36999,159,143,16,16
37000,73,74,-1,1
37001,94,93,1,1
37002,159,125,34,34
37003,178,163,15,15
37004,58,67,-9,9
37005,88,93,-5,5
37006,88,94,-6,6
37007,81,81,0,0
37008,79,77,2,2
37009,54,59,-5,5
37010,88,81,7,7
37011,75,69,6,6
37012,101,83,18,18
37013,89,80,9,9
37014,51,59,-8,8
37015,121,120,1,1
37016,110,108,2,2
37017,99,88,11,11
37018,63,60,3,3
37019,113,111,2,2
37020,137,140,-3,3
37021,114,120,-6,6
37022,87,85,2,2
37023,176,154,22,22
37024,136,127,9,9
37025,104,107,-3,3
37026,131,495,-364,364
37027,100,112,-12,12
37028,110,119,-9,9
37029,54,58,-4,4
37030,99,98,1,1
37031,55,54,1,1
37032,141,129,12,12
37033,142,136,6,6
37034,125,109,16,16
37035,114,120,-6,6
37036,121,111,10,10
37037,138,127,11,11
37038,66,72,-6,6
37039,108,99,9,9
37040,137,129,8,8
37041,57,58,-1,1
37042,97,97,0,0
37043,114,101,13,13
37044,124,151,-27,27
37045,66,69,-3,3
37046,51,61,-10,10
37047,162,147,15,15
37048,161,144,17,17
37049,116,105,11,11
37050,111,102,9,9
37051,143,147,-4,4
37052,41,51,-10,10
37053,97,85,12,12
37054,49,52,-3,3
37055,156,155,1,1
37056,48,62,-14,14
37057,82,76,6,6
37058,58,63,-5,5
37059,81,71,10,10
37060,81,69,12,12
37061,68,69,-1,1
37062,120,125,-5,5
37063,28,42,-14,14
37064,84,101,-17,17
37065,96,100,-4,4
37066,79,78,1,1
37067,446,507,-61,61
37068,132,126,6,6
37069,131,117,14,14
37070,60,72,-12,12
37071,78,70,8,8
37072,113,108,5,5
37073,67,64,3,3
37074,83,76,7,7
37075,77,65,12,12
37076,82,75,7,7
37077,60,67,-7,7
37078,112,107,5,5
37079,124,118,6,6
37080,150,131,19,19
37081,87,80,7,7
37082,129,112,17,17
37083,151,149,2,2
37084,36,51,-15,15
37085,100,86,14,14
37086,57,89,-32,32
37087,108,113,-5,5
37088,78,81,-3,3
37089,72,62,10,10
37090,69,77,-8,8
37091,108,114,-6,6
37092,87,85,2,2
37093,51,61,-10,10
37094,48,50,-2,2
37095,98,108,-10,10
37096,31,45,-14,14
37097,140,115,25,25
37098,74,64,10,10
37099,95,92,3,3
37100,87,78,9,9
37101,120,115,5,5
37102,83,71,12,12
37103,81,94,-13,13
37104,75,75,0,0
37105,87,88,-1,1
37106,145,147,-2,2
37107,98,90,8,8
37108,52,55,-3,3
37109,83,83,0,0
37110,55,79,-24,24
37111,110,110,0,0
37112,125,132,-7,7
37113,87,76,11,11
37114,101,99,2,2
37115,81,72,9,9
37116,143,134,9,9
37117,218,213,5,5
37118,79,76,3,3
37119,97,85,12,12
37120,58,65,-7,7
37121,116,129,-13,13
37122,76,62,14,14
37123,94,81,13,13
37124,79,91,-12,12
37125,60,63,-3,3
37126,103,112,-9,9
37127,51,55,-4,4
37128,113,107,6,6
37129,83,96,-13,13
37130,121,113,8,8
37131,87,77,10,10
37132,152,136,16,16
37133,97,87,10,10
37134,169,182,-13,13
37135,73,86,-13,13
37136,141,149,-8,8
37137,88,77,11,11
37138,75,163,-88,88
37139,78,76,2,2
37140,114,104,10,10
37141,95,73,22,22
37142,100,108,-8,8
37143,94,87,7,7
37144,62,62,0,0
37145,75,94,-19,19
37146,91,87,4,4
37147,155,146,9,9
37148,82,73,9,9
37149,120,114,6,6
37150,154,139,15,15
37151,45,55,-10,10
37152,69,68,1,1
37153,70,74,-4,4
37154,129,127,2,2
37155,83,78,5,5
37156,102,82,20,20
37157,34,57,-23,23
37158,84,77,7,7
37159,93,86,7,7
37160,173,161,12,12
37161,81,90,-9,9
37162,112,121,-9,9
37163,141,141,0,0
37164,117,113,4,4
37165,87,90,-3,3
37166,89,101,-12,12
37167,138,151,-13,13
37168,77,80,-3,3
37169,71,71,0,0
37170,108,108,0,0
37171,84,78,6,6
37172,90,103,-13,13
37173,156,149,7,7
37174,90,94,-4,4
37175,91,88,3,3
37176,64,64,0,0
37177,66,67,-1,1
37178,59,62,-3,3
37179,124,115,9,9
37180,49,49,0,0
37181,108,106,2,2
37182,83,84,-1,1
37183,115,96,19,19
37184,59,62,-3,3
37185,51,72,-21,21
37186,90,81,9,9
37187,77,86,-9,9
37188,59,54,5,5
37189,100,91,9,9
37190,138,132,6,6
37191,237,251,-14,14
37192,71,71,0,0
37193,51,55,-4,4
37194,160,173,-13,13
37195,162,134,28,28
37196,121,121,0,0
37197,122,113,9,9
37198,64,67,-3,3
37199,78,59,19,19
37200,107,135,-28,28
37201,102,105,-3,3
37202,74,76,-2,2
37203,90,95,-5,5
37204,65,53,12,12
37205,85,92,-7,7
37206,88,91,-3,3
37207,95,80,15,15
37208,92,83,9,9
37209,148,125,23,23
37210,89,96,-7,7
37211,63,72,-9,9
37212,98,87,11,11
37213,74,76,-2,2
37214,69,74,-5,5
37215,58,63,-5,5
37216,148,132,16,16
37217,75,73,2,2
37218,128,130,-2,2
37219,63,81,-18,18
37220,113,83,30,30
37221,88,95,-7,7
37222,68,61,7,7
37223,98,88,10,10
37224,79,90,-11,11
37225,69,70,-1,1
37226,284,268,16,16
37227,76,75,1,1
37228,98,103,-5,5
37229,73,74,-1,1
37230,135,136,-1,1
37231,71,66,5,5
37232,85,82,3,3
37233,58,60,-2,2
37234,110,106,4,4
37235,63,63,0,0
37236,91,101,-10,10
37237,72,73,-1,1
37238,111,135,-24,24
37239,75,77,-2,2
37240,127,118,9,9
37241,157,135,22,22
37242,136,134,2,2
37243,66,67,-1,1
37244,53,56,-3,3
37245,76,77,-1,1
37246,76,74,2,2
37247,123,136,-13,13
37248,90,93,-3,3
37249,62,71,-9,9
37250,93,115,-22,22
37251,150,127,23,23
37252,114,115,-1,1
37253,99,78,21,21
37254,85,83,2,2
37255,68,63,5,5
37256,54,72,-18,18
37257,64,62,2,2
37258,126,128,-2,2
37259,52,55,-3,3
37260,119,120,-1,1
37261,112,113,-1,1
37262,257,260,-3,3
37263,75,68,7,7
37264,58,61,-3,3
37265,87,76,11,11
37266,50,53,-3,3
37267,79,82,-3,3
37268,142,135,7,7
37269,122,121,1,1
37270,69,73,-4,4
37271,82,77,5,5
37272,83,88,-5,5
37273,87,75,12,12
37274,132,136,-4,4
37275,110,127,-17,17
37276,98,82,16,16
37277,93,87,6,6
37278,112,113,-1,1
37279,101,90,11,11
37280,97,99,-2,2
37281,111,120,-9,9
37282,53,55,-2,2
37283,78,94,-16,16
37284,104,100,4,4
37285,86,83,3,3
37286,109,98,11,11
37287,136,125,11,11
37288,113,120,-7,7
37289,53,61,-8,8
37290,85,79,6,6
37291,142,123,19,19
37292,141,119,22,22
37293,87,85,2,2
37294,79,79,0,0
37295,171,156,15,15
37296,104,110,-6,6
37297,91,120,-29,29
37298,70,68,2,2
37299,93,90,3,3
37300,115,113,2,2
37301,49,69,-20,20
37302,115,96,19,19
37303,85,82,3,3
37304,96,93,3,3
37305,112,102,10,10
37306,133,140,-7,7
37307,114,109,5,5
37308,78,100,-22,22
37309,158,153,5,5
37310,73,66,7,7
37311,44,50,-6,6
37312,160,161,-1,1
37313,114,118,-4,4
37314,163,114,49,49
37315,113,120,-7,7
37316,92,86,6,6
37317,35,48,-13,13
37318,135,130,5,5
37319,113,104,9,9
37320,105,95,10,10
37321,79,66,13,13
37322,130,107,23,23
37323,129,122,7,7
37324,81,82,-1,1
37325,71,75,-4,4
37326,233,202,31,31
37327,79,88,-9,9
37328,88,80,8,8
37329,121,123,-2,2
37330,132,118,14,14
37331,179,173,6,6
37332,199,192,7,7
37333,133,130,3,3
37334,127,125,2,2
37335,71,72,-1,1
37336,59,68,-9,9
37337,92,83,9,9
37338,98,90,8,8
37339,93,77,16,16
37340,103,78,25,25
37341,114,126,-12,12
37342,80,85,-5,5
37343,84,82,2,2
37344,95,79,16,16
37345,141,131,10,10
37346,184,175,9,9
37347,138,126,12,12
37348,59,58,1,1
37349,172,156,16,16
37350,146,140,6,6
37351,72,74,-2,2
37352,139,141,-2,2
37353,108,103,5,5
37354,91,96,-5,5
37355,38,61,-23,23
37356,44,53,-9,9
37357,86,87,-1,1
37358,68,76,-8,8
37359,68,59,9,9
37360,100,104,-4,4
37361,135,124,11,11
37362,30,47,-17,17
37363,149,128,21,21
37364,93,86,7,7
37365,132,139,-7,7
37366,61,63,-2,2
37367,104,99,5,5
37368,119,114,5,5
37369,61,69,-8,8
37370,79,80,-1,1
37371,48,62,-14,14
37372,80,48,32,32
37373,145,174,-29,29
37374,65,69,-4,4
37375,68,67,1,1
37376,68,66,2,2
37377,78,78,0,0
37378,65,75,-10,10
37379,98,95,3,3
37380,102,104,-2,2
37381,115,103,12,12
37382,71,66,5,5
37383,63,68,-5,5
37384,64,67,-3,3
37385,97,99,-2,2
37386,102,91,11,11
37387,101,101,0,0
37388,34,47,-13,13
37389,70,64,6,6
37390,53,57,-4,4
37391,92,83,9,9
37392,83,82,1,1
37393,101,108,-7,7
37394,76,72,4,4
37395,76,77,-1,1
37396,111,95,16,16
37397,49,63,-14,14
37398,55,67,-12,12
37399,115,105,10,10
37400,126,123,3,3
37401,121,105,16,16
37402,145,141,4,4
37403,60,60,0,0
37404,73,64,9,9
37405,63,75,-12,12
37406,71,60,11,11
37407,81,94,-13,13
37408,98,98,0,0
37409,138,135,3,3
37410,69,73,-4,4
37411,172,189,-17,17
37412,57,63,-6,6
37413,119,109,10,10
37414,65,70,-5,5
37415,54,60,-6,6
37416,86,86,0,0
37417,116,118,-2,2
37418,145,132,13,13
37419,102,108,-6,6
37420,108,107,1,1
37421,63,67,-4,4
37422,125,115,10,10
37423,90,97,-7,7
37424,139,146,-7,7
37425,94,84,10,10
37426,86,83,3,3
37427,44,79,-35,35
37428,89,96,-7,7
37429,82,85,-3,3
37430,114,93,21,21
37431,60,62,-2,2
37432,103,89,14,14
37433,58,74,-16,16
37434,108,112,-4,4
37435,140,139,1,1
37436,160,152,8,8
37437,54,68,-14,14
37438,106,93,13,13
37439,140,146,-6,6
37440,101,101,0,0
37441,120,115,5,5
37442,118,112,6,6
37443,116,105,11,11
37444,108,109,-1,1
37445,205,230,-25,25
37446,192,186,6,6
37447,97,89,8,8
37448,59,58,1,1
37449,60,62,-2,2
37450,51,53,-2,2
37451,48,46,2,2
37452,118,116,2,2
37453,209,198,11,11
37454,64,66,-2,2
37455,76,76,0,0
37456,130,128,2,2
37457,83,71,12,12
37458,69,76,-7,7
37459,66,57,9,9
37460,81,87,-6,6
37461,116,142,-26,26
37462,91,94,-3,3
37463,178,189,-11,11
37464,148,173,-25,25
37465,160,160,0,0
37466,116,125,-9,9
37467,87,100,-13,13
37468,93,92,1,1
37469,71,77,-6,6
37470,121,114,7,7
37471,85,67,18,18
37472,75,85,-10,10
37473,101,98,3,3
37474,72,80,-8,8
37475,60,58,2,2
37476,102,92,10,10
37477,111,103,8,8
37478,81,86,-5,5
37479,75,83,-8,8
37480,107,105,2,2
37481,75,74,1,1
37482,67,74,-7,7
37483,126,138,-12,12
37484,106,102,4,4
37485,126,128,-2,2
37486,104,105,-1,1
37487,65,67,-2,2
37488,92,92,0,0
37489,78,72,6,6
37490,127,114,13,13
37491,88,84,4,4
37492,35,48,-13,13
37493,87,82,5,5
37494,53,68,-15,15
37495,108,105,3,3
37496,89,91,-2,2
37497,79,77,2,2
37498,79,76,3,3
37499,138,126,12,12
37500,92,81,11,11
37501,84,82,2,2
37502,65,64,1,1
37503,74,76,-2,2
37504,147,146,1,1
37505,96,88,8,8
37506,124,106,18,18
37507,84,83,1,1
37508,118,111,7,7
37509,80,74,6,6
37510,89,91,-2,2
37511,154,166,-12,12
37512,96,103,-7,7
37513,73,82,-9,9
37514,218,191,27,27
37515,108,101,7,7
37516,156,150,6,6
37517,56,52,4,4
37518,105,94,11,11
37519,103,122,-19,19
37520,98,100,-2,2
37521,161,154,7,7
37522,150,124,26,26
37523,50,64,-14,14
37524,99,95,4,4
37525,62,67,-5,5
37526,102,90,12,12
37527,86,76,10,10
37528,81,75,6,6
37529,51,62,-11,11
37530,100,96,4,4
37531,74,70,4,4
37532,65,62,3,3
37533,95,95,0,0
37534,99,97,2,2
37535,84,83,1,1
37536,114,94,20,20
37537,99,92,7,7
37538,58,51,7,7
37539,49,54,-5,5
37540,119,106,13,13
37541,83,84,-1,1
37542,96,101,-5,5
37543,70,62,8,8
37544,108,101,7,7
37545,128,106,22,22
37546,75,61,14,14
37547,72,82,-10,10
37548,88,79,9,9
37549,71,68,3,3
37550,103,92,11,11
37551,109,93,16,16
37552,77,74,3,3
37553,74,70,4,4
37554,105,90,15,15
37555,56,66,-10,10
37556,95,90,5,5
37557,152,129,23,23
37558,62,57,5,5
37559,128,124,4,4
37560,108,93,15,15
37561,58,65,-7,7
37562,144,133,11,11
37563,109,96,13,13
37564,66,65,1,1
37565,114,110,4,4
37566,150,123,27,27
37567,98,93,5,5
37568,151,143,8,8
37569,73,65,8,8
37570,84,78,6,6
37571,126,124,2,2
37572,50,57,-7,7
37573,101,113,-12,12
37574,56,67,-11,11
37575,95,101,-6,6
37576,65,65,0,0
37577,141,113,28,28
37578,94,85,9,9
37579,67,66,1,1
37580,55,60,-5,5
37581,65,66,-1,1
37582,52,65,-13,13
37583,95,90,5,5
37584,158,150,8,8
37585,106,45,61,61
37586,101,92,9,9
37587,96,87,9,9
37588,132,135,-3,3
37589,91,88,3,3
37590,80,75,5,5
37591,209,194,15,15
37592,71,74,-3,3
37593,94,89,5,5
37594,93,84,9,9
37595,103,101,2,2
37596,69,78,-9,9
37597,190,183,7,7
37598,92,91,1,1
37599,105,97,8,8
37600,69,66,3,3
37601,54,62,-8,8
37602,59,58,1,1
37603,82,87,-5,5
37604,84,75,9,9
37605,30,52,-22,22
37606,150,134,16,16
37607,65,61,4,4
37608,88,74,14,14
37609,80,77,3,3
37610,174,162,12,12
37611,134,156,-22,22
37612,82,80,2,2
37613,77,67,10,10
37614,65,65,0,0
37615,49,57,-8,8
37616,95,92,3,3
37617,67,67,0,0
37618,69,65,4,4
37619,125,129,-4,4
37620,124,130,-6,6
37621,81,75,6,6
37622,93,97,-4,4
37623,148,127,21,21
37624,158,146,12,12
37625,107,102,5,5
37626,138,124,14,14
37627,106,100,6,6
37628,102,105,-3,3
37629,151,145,6,6
37630,103,108,-5,5
37631,77,77,0,0
37632,139,138,1,1
37633,122,115,7,7
37634,86,81,5,5
37635,85,84,1,1
37636,76,66,10,10
37637,115,100,15,15
37638,137,126,11,11
37639,113,101,12,12
37640,155,132,23,23
37641,66,77,-11,11
37642,75,66,9,9
37643,120,118,2,2
37644,116,96,20,20
37645,152,157,-5,5
37646,56,61,-5,5
37647,205,177,28,28
37648,96,94,2,2
37649,101,91,10,10
37650,100,99,1,1
37651,94,85,9,9
37652,130,128,2,2
37653,61,70,-9,9
37654,123,105,18,18
37655,111,113,-2,2
37656,136,137,-1,1
37657,166,157,9,9
37658,85,82,3,3
37659,99,99,0,0
37660,58,60,-2,2
37661,98,88,10,10
37662,88,73,15,15
37663,164,143,21,21
37664,67,69,-2,2
37665,112,91,21,21
37666,105,97,8,8
37667,151,134,17,17
37668,80,78,2,2
37669,121,120,1,1
37670,179,156,23,23
37671,151,146,5,5
37672,116,112,4,4
37673,93,94,-1,1
37674,96,83,13,13
37675,112,129,-17,17
37676,45,63,-18,18
37677,100,91,9,9
37678,71,84,-13,13
37679,72,71,1,1
37680,124,110,14,14
37681,54,65,-11,11
37682,135,122,13,13
37683,125,116,9,9
37684,125,97,28,28
37685,104,112,-8,8
37686,76,67,9,9
37687,106,130,-24,24
37688,76,70,6,6
37689,87,83,4,4
37690,146,138,8,8
37691,91,80,11,11
37692,72,87,-15,15
37693,149,142,7,7
37694,82,82,0,0
37695,157,108,49,49
37696,138,127,11,11
37697,122,118,4,4
37698,105,107,-2,2
37699,88,86,2,2
37700,157,181,-24,24
37701,108,90,18,18
37702,94,87,7,7
37703,102,107,-5,5
37704,51,57,-6,6
37705,84,85,-1,1
37706,67,76,-9,9
37707,128,122,6,6
37708,130,131,-1,1
37709,165,161,4,4
37710,100,108,-8,8
37711,121,124,-3,3
37712,74,83,-9,9
37713,58,58,0,0
37714,88,91,-3,3
37715,105,105,0,0
37716,116,110,6,6
37717,103,98,5,5
37718,101,99,2,2
37719,108,120,-12,12
37720,75,84,-9,9
37721,106,106,0,0
37722,69,68,1,1
37723,87,90,-3,3
37724,68,72,-4,4
37725,51,55,-4,4
37726,61,53,8,8
37727,110,102,8,8
37728,104,106,-2,2
37729,70,65,5,5
37730,47,57,-10,10
37731,69,74,-5,5
37732,48,63,-15,15
37733,92,83,9,9
37734,116,114,2,2
37735,94,89,5,5
37736,79,70,9,9
37737,116,138,-22,22
37738,133,137,-4,4
37739,70,65,5,5
37740,153,151,2,2
37741,41,87,-46,46
37742,73,72,1,1
37743,109,107,2,2
37744,145,127,18,18
37745,106,113,-7,7
37746,89,86,3,3
37747,69,74,-5,5
37748,73,62,11,11
37749,61,71,-10,10
37750,127,118,9,9
37751,104,102,2,2
37752,103,99,4,4
37753,107,96,11,11
37754,116,112,4,4
37755,66,58,8,8
37756,130,116,14,14
37757,102,87,15,15
37758,102,97,5,5
37759,72,82,-10,10
37760,98,87,11,11
37761,55,45,10,10
37762,90,100,-10,10
37763,116,111,5,5
37764,64,69,-5,5
37765,113,103,10,10
37766,75,75,0,0
37767,75,84,-9,9
37768,119,104,15,15
37769,81,71,10,10
37770,74,70,4,4
37771,156,157,-1,1
37772,93,85,8,8
37773,84,80,4,4
37774,118,133,-15,15
37775,70,81,-11,11
37776,197,209,-12,12
37777,57,61,-4,4
37778,41,44,-3,3
37779,110,118,-8,8
37780,94,86,8,8
37781,121,99,22,22
37782,77,79,-2,2
37783,104,85,19,19
37784,98,96,2,2
37785,101,90,11,11
37786,65,67,-2,2
37787,140,128,12,12
37788,113,98,15,15
37789,103,86,17,17
37790,84,73,11,11
37791,75,60,15,15
37792,136,121,15,15
37793,123,122,1,1
37794,117,122,-5,5
37795,107,94,13,13
37796,64,61,3,3
37797,61,73,-12,12
37798,216,193,23,23
37799,94,92,2,2
37800,96,88,8,8
37801,83,98,-15,15
37802,42,66,-24,24
37803,93,93,0,0
37804,61,63,-2,2
37805,101,72,29,29
37806,118,118,0,0
37807,100,85,15,15
37808,107,95,12,12
37809,98,105,-7,7
37810,64,59,5,5
37811,215,235,-20,20
37812,127,121,6,6
37813,91,86,5,5
37814,113,131,-18,18
37815,82,83,-1,1
37816,120,120,0,0
37817,72,64,8,8
37818,77,91,-14,14
37819,79,88,-9,9
37820,67,73,-6,6
37821,89,91,-2,2
37822,54,56,-2,2
37823,97,91,6,6
37824,82,68,14,14
37825,91,105,-14,14
37826,83,74,9,9
37827,54,67,-13,13
37828,116,111,5,5
37829,80,87,-7,7
37830,75,71,4,4
37831,187,203,-16,16
37832,78,84,-6,6
37833,95,92,3,3
37834,87,83,4,4
37835,74,64,10,10
37836,67,62,5,5
37837,66,62,4,4
37838,78,83,-5,5
37839,107,101,6,6
37840,59,62,-3,3
37841,92,92,0,0
37842,41,54,-13,13
37843,130,124,6,6
37844,100,109,-9,9
37845,88,77,11,11
37846,67,58,9,9
37847,100,90,10,10
37848,99,99,0,0
37849,69,76,-7,7
37850,115,122,-7,7
37851,116,106,10,10
37852,49,56,-7,7
37853,91,94,-3,3
37854,67,66,1,1
37855,105,93,12,12
37856,137,133,4,4
37857,72,82,-10,10
37858,61,62,-1,1
37859,86,83,3,3
37860,91,99,-8,8
37861,85,79,6,6
37862,83,36,47,47
37863,68,59,9,9
37864,103,89,14,14
37865,106,93,13,13
37866,139,114,25,25
37867,115,123,-8,8
37868,48,58,-10,10
37869,159,158,1,1
37870,61,62,-1,1
37871,113,127,-14,14
37872,101,93,8,8
37873,77,71,6,6
37874,134,140,-6,6
37875,67,71,-4,4
37876,106,94,12,12
37877,57,66,-9,9
37878,95,88,7,7
37879,93,93,0,0
37880,95,78,17,17
37881,179,183,-4,4
37882,153,176,-23,23
37883,62,63,-1,1
37884,69,66,3,3
37885,165,157,8,8
37886,180,200,-20,20
37887,87,81,6,6
37888,110,109,1,1
37889,116,115,1,1
37890,159,177,-18,18
37891,99,100,-1,1
37892,114,104,10,10
37893,102,90,12,12
37894,154,150,4,4
37895,91,85,6,6
37896,124,103,21,21
37897,91,83,8,8
37898,41,52,-11,11
37899,45,55,-10,10
37900,71,89,-18,18
37901,76,78,-2,2
37902,99,106,-7,7
37903,111,104,7,7
37904,97,83,14,14
37905,124,113,11,11
37906,96,134,-38,38
37907,79,81,-2,2
37908,122,133,-11,11
37909,115,96,19,19
37910,89,79,10,10
37911,73,70,3,3
37912,111,117,-6,6
37913,89,80,9,9
37914,138,118,20,20
37915,100,106,-6,6
37916,78,98,-20,20
37917,83,92,-9,9
37918,86,96,-10,10
37919,135,148,-13,13
37920,114,115,-1,1
37921,56,54,2,2
37922,149,142,7,7
37923,81,76,5,5
37924,79,75,4,4
37925,103,105,-2,2
37926,56,73,-17,17
37927,150,137,13,13
37928,78,76,2,2
37929,78,80,-2,2
37930,41,54,-13,13
37931,121,98,23,23
37932,123,117,6,6
37933,76,85,-9,9
37934,103,99,4,4
37935,35,63,-28,28
37936,124,121,3,3
37937,55,58,-3,3
37938,88,85,3,3
37939,90,83,7,7
37940,120,85,35,35
37941,71,68,3,3
37942,79,81,-2,2
37943,62,62,0,0
37944,86,88,-2,2
37945,64,61,3,3
37946,131,143,-12,12
37947,146,133,13,13
37948,86,79,7,7
37949,98,94,4,4
37950,183,164,19,19
37951,91,94,-3,3
37952,77,73,4,4
37953,142,139,3,3
37954,79,77,2,2
37955,41,51,-10,10
37956,105,109,-4,4
37957,197,178,19,19
37958,115,113,2,2
37959,71,77,-6,6
37960,140,137,3,3
37961,130,124,6,6
37962,83,77,6,6
37963,108,116,-8,8
37964,67,73,-6,6
37965,70,77,-7,7
37966,93,93,0,0
37967,64,71,-7,7
37968,98,115,-17,17
37969,115,111,4,4
37970,62,78,-16,16
37971,88,88,0,0
37972,61,71,-10,10
37973,198,201,-3,3
37974,101,104,-3,3
37975,66,75,-9,9
37976,31,61,-30,30
37977,94,83,11,11
37978,93,97,-4,4
37979,117,167,-50,50
37980,99,102,-3,3
37981,36,40,-4,4
37982,76,75,1,1
37983,67,75,-8,8
37984,78,88,-10,10
37985,50,57,-7,7
37986,55,56,-1,1
37987,92,96,-4,4
37988,94,81,13,13
37989,137,140,-3,3
37990,102,93,9,9
37991,113,100,13,13
37992,89,79,10,10
37993,124,132,-8,8
37994,82,74,8,8
37995,60,72,-12,12
37996,125,103,22,22
37997,78,74,4,4
37998,143,134,9,9
37999,142,145,-3,3
38000,106,97,9,9
38001,124,104,20,20
38002,52,51,1,1
38003,97,118,-21,21
38004,80,73,7,7
38005,107,110,-3,3
38006,141,141,0,0
38007,57,57,0,0
38008,89,74,15,15
38009,104,106,-2,2
38010,154,132,22,22
38011,76,80,-4,4
38012,95,72,23,23
38013,179,170,9,9
38014,64,66,-2,2
38015,119,109,10,10
38016,108,120,-12,12
38017,114,108,6,6
38018,92,83,9,9
38019,109,104,5,5
38020,139,136,3,3
38021,130,132,-2,2
38022,112,107,5,5
38023,123,105,18,18
38024,125,115,10,10
38025,66,66,0,0
38026,77,78,-1,1
38027,87,91,-4,4
38028,97,96,1,1
38029,56,66,-10,10
38030,146,132,14,14
38031,71,68,3,3
38032,176,175,1,1
38033,96,94,2,2
38034,105,101,4,4
38035,127,124,3,3
38036,82,82,0,0
38037,137,149,-12,12
38038,120,108,12,12
38039,82,81,1,1
38040,73,66,7,7
38041,78,70,8,8
38042,83,80,3,3
38043,83,73,10,10
38044,74,78,-4,4
38045,81,78,3,3
38046,178,171,7,7
38047,96,103,-7,7
38048,48,54,-6,6
38049,74,82,-8,8
38050,143,137,6,6
38051,94,86,8,8
38052,142,134,8,8
38053,144,157,-13,13
38054,114,117,-3,3
38055,91,90,1,1
38056,127,130,-3,3
38057,65,66,-1,1
38058,152,137,15,15
38059,106,98,8,8
38060,140,136,4,4
38061,96,100,-4,4
38062,72,97,-25,25
38063,71,52,19,19
38064,116,109,7,7
38065,156,144,12,12
38066,57,73,-16,16
38067,24,49,-25,25
38068,122,114,8,8
38069,118,107,11,11
38070,96,91,5,5
38071,86,84,2,2
38072,163,162,1,1
38073,60,59,1,1
38074,80,71,9,9
38075,78,73,5,5
38076,82,72,10,10
38077,113,104,9,9
38078,104,108,-4,4
38079,154,176,-22,22
38080,34,46,-12,12
38081,111,109,2,2
38082,103,98,5,5
38083,88,85,3,3
38084,112,114,-2,2
38085,115,102,13,13
38086,60,71,-11,11
38087,150,145,5,5
38088,116,105,11,11
38089,80,80,0,0
38090,112,103,9,9
38091,116,117,-1,1
38092,83,88,-5,5
38093,161,153,8,8
38094,65,72,-7,7
38095,74,75,-1,1
38096,72,66,6,6
38097,185,164,21,21
38098,89,70,19,19
38099,90,90,0,0
38100,175,166,9,9
38101,96,91,5,5
38102,96,81,15,15
38103,111,110,1,1
38104,46,57,-11,11
38105,105,112,-7,7
38106,69,67,2,2
38107,117,112,5,5
38108,91,90,1,1
38109,70,76,-6,6
38110,150,130,20,20
38111,122,126,-4,4
38112,98,96,2,2
38113,100,92,8,8
38114,160,148,12,12
38115,139,140,-1,1
38116,170,162,8,8
38117,79,78,1,1
38118,132,125,7,7
38119,121,112,9,9
38120,118,120,-2,2
38121,102,88,14,14
38122,98,87,11,11
38123,115,115,0,0
38124,159,159,0,0
38125,92,89,3,3
38126,41,55,-14,14
38127,84,78,6,6
38128,132,148,-16,16
38129,109,91,18,18
38130,78,81,-3,3
38131,114,106,8,8
38132,121,113,8,8
38133,93,81,12,12
38134,115,108,7,7
38135,44,54,-10,10
38136,74,64,10,10
38137,49,62,-13,13
38138,165,155,10,10
38139,83,80,3,3
38140,158,147,11,11
38141,101,87,14,14
38142,118,115,3,3
38143,94,97,-3,3
38144,117,131,-14,14
38145,109,101,8,8
38146,73,85,-12,12
38147,76,71,5,5
38148,138,136,2,2
38149,113,101,12,12
38150,96,94,2,2
38151,73,75,-2,2
38152,112,103,9,9
38153,63,67,-4,4
38154,104,98,6,6
38155,82,79,3,3
38156,54,62,-8,8
38157,84,80,4,4
38158,133,145,-12,12
38159,101,104,-3,3
38160,108,116,-8,8
38161,83,89,-6,6
38162,78,85,-7,7
38163,82,73,9,9
38164,76,69,7,7
38165,90,85,5,5
38166,105,105,0,0
38167,61,59,2,2
38168,102,116,-14,14
38169,104,118,-14,14
38170,72,71,1,1
38171,74,62,12,12
38172,92,91,1,1
38173,85,81,4,4
38174,99,97,2,2
38175,111,128,-17,17
38176,67,69,-2,2
38177,76,67,9,9
38178,113,95,18,18
38179,107,88,19,19
38180,117,108,9,9
38181,116,124,-8,8
38182,97,89,8,8
38183,125,119,6,6
38184,112,106,6,6
38185,71,83,-12,12
38186,115,114,1,1
38187,59,84,-25,25
38188,97,94,3,3
38189,124,104,20,20
38190,45,58,-13,13
38191,87,80,7,7
38192,103,119,-16,16
38193,64,61,3,3
38194,100,91,9,9
38195,97,85,12,12
38196,121,118,3,3
38197,111,129,-18,18
38198,74,71,3,3
38199,118,152,-34,34
38200,91,86,5,5
38201,89,87,2,2
38202,105,82,23,23
38203,79,90,-11,11
38204,68,68,0,0
38205,125,129,-4,4
38206,87,82,5,5
38207,123,118,5,5
38208,93,95,-2,2
38209,100,92,8,8
38210,64,58,6,6
38211,108,94,14,14
38212,68,60,8,8
38213,86,81,5,5
38214,107,82,25,25
38215,73,82,-9,9
38216,128,134,-6,6
38217,119,109,10,10
38218,54,56,-2,2
38219,72,70,2,2
38220,73,82,-9,9
38221,159,159,0,0
38222,83,71,12,12
38223,97,87,10,10
38224,131,128,3,3
38225,69,77,-8,8
38226,86,79,7,7
38227,119,124,-5,5
38228,100,86,14,14
38229,102,110,-8,8
38230,67,67,0,0
38231,53,60,-7,7
38232,85,86,-1,1
38233,168,164,4,4
38234,61,76,-15,15
38235,77,74,3,3
38236,85,85,0,0
38237,69,69,0,0
38238,124,119,5,5
38239,89,82,7,7
38240,148,146,2,2
38241,143,119,24,24
38242,57,75,-18,18
38243,144,128,16,16
38244,66,69,-3,3
38245,83,94,-11,11
38246,120,121,-1,1
38247,131,127,4,4
38248,51,55,-4,4
38249,77,61,16,16
38250,62,64,-2,2
38251,125,130,-5,5
38252,87,92,-5,5
38253,89,85,4,4
38254,162,153,9,9
38255,109,118,-9,9
38256,126,133,-7,7
38257,87,89,-2,2
38258,87,106,-19,19
38259,116,116,0,0
38260,51,58,-7,7
38261,65,66,-1,1
38262,95,82,13,13
38263,86,78,8,8
38264,98,99,-1,1
38265,74,62,12,12
38266,87,89,-2,2
38267,113,103,10,10
38268,70,82,-12,12
38269,119,103,16,16
38270,180,178,2,2
38271,94,79,15,15
38272,67,74,-7,7
38273,85,112,-27,27
38274,147,152,-5,5
38275,79,63,16,16
38276,76,74,2,2
38277,60,64,-4,4
38278,55,62,-7,7
38279,95,100,-5,5
38280,127,109,18,18
38281,100,105,-5,5
38282,85,86,-1,1
38283,127,122,5,5
38284,101,85,16,16
38285,70,63,7,7
38286,102,95,7,7
38287,73,61,12,12
38288,107,104,3,3
38289,129,130,-1,1
38290,114,108,6,6
38291,45,54,-9,9
38292,52,59,-7,7
38293,69,63,6,6
38294,71,71,0,0
38295,65,69,-4,4
38296,211,191,20,20
38297,113,119,-6,6
38298,97,94,3,3
38299,60,68,-8,8
38300,184,145,39,39
38301,106,97,9,9
38302,121,116,5,5
38303,112,113,-1,1
38304,137,136,1,1
38305,104,100,4,4
38306,124,76,48,48
38307,72,64,8,8
38308,116,111,5,5
38309,76,69,7,7
38310,99,100,-1,1
38311,75,74,1,1
38312,81,88,-7,7
38313,69,66,3,3
38314,72,77,-5,5
38315,87,67,20,20
38316,93,90,3,3
38317,136,139,-3,3
38318,101,84,17,17
38319,89,80,9,9
38320,112,110,2,2
38321,65,68,-3,3
38322,118,113,5,5
38323,92,77,15,15
38324,80,95,-15,15
38325,98,95,3,3
38326,70,77,-7,7
38327,127,110,17,17
38328,149,130,19,19
38329,70,67,3,3
38330,139,146,-7,7
38331,82,74,8,8
38332,91,82,9,9
38333,39,54,-15,15
38334,82,82,0,0
38335,105,99,6,6
38336,147,143,4,4
38337,104,102,2,2
38338,117,90,27,27
38339,91,99,-8,8
38340,90,90,0,0
38341,104,89,15,15
38342,47,69,-22,22
38343,56,60,-4,4
38344,110,118,-8,8
38345,43,61,-18,18
38346,120,108,12,12
38347,70,79,-9,9
38348,75,77,-2,2
38349,77,74,3,3
38350,72,71,1,1
38351,105,97,8,8
38352,218,207,11,11
38353,56,59,-3,3
38354,100,93,7,7
38355,123,132,-9,9
38356,130,114,16,16
38357,63,65,-2,2
38358,89,90,-1,1
38359,60,76,-16,16
38360,65,87,-22,22
38361,118,112,6,6
38362,86,82,4,4
38363,166,185,-19,19
38364,106,106,0,0
38365,58,61,-3,3
38366,141,127,14,14
38367,96,96,0,0
38368,106,103,3,3
38369,110,113,-3,3
38370,64,68,-4,4
38371,83,77,6,6
38372,92,97,-5,5
38373,70,69,1,1
38374,122,127,-5,5
38375,86,79,7,7
38376,105,89,16,16
38377,99,99,0,0
38378,57,55,2,2
38379,79,73,6,6
38380,59,59,0,0
38381,70,68,2,2
38382,104,96,8,8
38383,86,88,-2,2
38384,112,120,-8,8
38385,102,101,1,1
38386,63,69,-6,6
38387,118,111,7,7
38388,63,78,-15,15
38389,104,118,-14,14
38390,86,87,-1,1
38391,167,160,7,7
38392,164,157,7,7
38393,85,74,11,11
38394,111,110,1,1
38395,121,108,13,13
38396,94,97,-3,3
38397,77,84,-7,7
38398,35,46,-11,11
38399,95,89,6,6
38400,133,134,-1,1
38401,85,79,6,6
38402,67,66,1,1
38403,114,115,-1,1
38404,157,147,10,10
38405,157,151,6,6
38406,94,104,-10,10
38407,54,59,-5,5
38408,64,64,0,0
38409,109,99,10,10
38410,71,77,-6,6
38411,73,78,-5,5
38412,76,93,-17,17
38413,130,117,13,13
38414,79,73,6,6
38415,142,154,-12,12
38416,89,86,3,3
38417,105,109,-4,4
38418,78,86,-8,8
38419,64,62,2,2
38420,63,69,-6,6
38421,89,87,2,2
38422,171,180,-9,9
38423,111,91,20,20
38424,86,78,8,8
38425,102,90,12,12
38426,61,54,7,7
38427,85,86,-1,1
38428,134,125,9,9
38429,81,84,-3,3
38430,142,144,-2,2
38431,80,72,8,8
38432,83,75,8,8
38433,121,106,15,15
38434,67,57,10,10
38435,100,110,-10,10
38436,129,123,6,6
38437,102,103,-1,1
38438,126,128,-2,2
38439,98,95,3,3
38440,63,56,7,7
38441,72,74,-2,2
38442,88,88,0,0
38443,64,68,-4,4
38444,107,111,-4,4
38445,89,83,6,6
38446,93,88,5,5
38447,146,139,7,7
38448,101,105,-4,4
38449,87,82,5,5
38450,97,104,-7,7
38451,78,66,12,12
38452,130,119,11,11
38453,85,64,21,21
38454,77,71,6,6
38455,44,66,-22,22
38456,96,100,-4,4
38457,89,72,17,17
38458,117,109,8,8
38459,41,60,-19,19
38460,113,111,2,2
38461,103,91,12,12
38462,161,156,5,5
38463,196,194,2,2
38464,64,46,18,18
38465,82,67,15,15
38466,66,90,-24,24
38467,80,71,9,9
38468,54,57,-3,3
38469,104,107,-3,3
38470,55,66,-11,11
38471,57,65,-8,8
38472,49,61,-12,12
38473,70,66,4,4
38474,74,77,-3,3
38475,33,57,-24,24
38476,83,83,0,0
38477,89,84,5,5
38478,102,94,8,8
38479,156,168,-12,12
38480,36,44,-8,8
38481,62,64,-2,2
38482,102,92,10,10
38483,87,84,3,3
38484,50,58,-8,8
38485,89,92,-3,3
38486,100,98,2,2
38487,98,90,8,8
38488,56,52,4,4
38489,75,72,3,3
38490,98,84,14,14
38491,117,103,14,14
38492,235,223,12,12
38493,54,61,-7,7
38494,68,59,9,9
38495,116,123,-7,7
38496,32,55,-23,23
38497,55,55,0,0
38498,82,83,-1,1
38499,119,114,5,5
38500,183,192,-9,9
38501,112,72,40,40
38502,57,59,-2,2
38503,120,107,13,13
38504,77,72,5,5
38505,68,71,-3,3
38506,126,122,4,4
38507,68,73,-5,5
38508,103,94,9,9
38509,110,115,-5,5
38510,122,110,12,12
38511,100,112,-12,12
38512,74,66,8,8
38513,185,161,24,24
38514,118,132,-14,14
38515,41,53,-12,12
38516,91,80,11,11
38517,83,69,14,14
38518,79,88,-9,9
38519,82,74,8,8
38520,84,76,8,8
38521,70,58,12,12
38522,97,103,-6,6
38523,99,98,1,1
38524,108,96,12,12
38525,85,84,1,1
38526,132,132,0,0
38527,99,96,3,3
38528,62,61,1,1
38529,80,63,17,17
38530,96,78,18,18
38531,98,92,6,6
38532,109,107,2,2
38533,124,129,-5,5
38534,101,111,-10,10
38535,118,115,3,3
38536,57,60,-3,3
38537,79,78,1,1
38538,86,85,1,1
38539,77,66,11,11
38540,132,120,12,12
38541,74,65,9,9
38542,108,109,-1,1
38543,137,125,12,12
38544,102,102,0,0
38545,150,148,2,2
38546,51,58,-7,7
38547,77,66,11,11
38548,59,58,1,1
38549,42,47,-5,5
38550,141,138,3,3
38551,132,118,14,14
38552,67,66,1,1
38553,108,107,1,1
38554,144,139,5,5
38555,69,72,-3,3
38556,85,76,9,9
38557,64,61,3,3
38558,65,64,1,1
38559,221,228,-7,7
38560,70,68,2,2
38561,56,57,-1,1
38562,62,70,-8,8
38563,88,102,-14,14
38564,108,112,-4,4
38565,178,177,1,1
38566,74,67,7,7
38567,85,94,-9,9
38568,61,72,-11,11
38569,111,68,43,43
38570,103,105,-2,2
38571,110,105,5,5
38572,74,66,8,8
38573,172,161,11,11
38574,87,92,-5,5
38575,141,158,-17,17
38576,86,74,12,12
38577,89,85,4,4
38578,106,83,23,23
38579,103,94,9,9
38580,115,100,15,15
38581,61,70,-9,9
38582,102,101,1,1
38583,64,68,-4,4
38584,121,113,8,8
38585,61,66,-5,5
38586,75,72,3,3
38587,43,51,-8,8
38588,84,86,-2,2
38589,118,107,11,11
38590,50,50,0,0
38591,81,62,19,19
38592,160,159,1,1
38593,121,110,11,11
38594,77,83,-6,6
38595,124,118,6,6
38596,140,130,10,10
38597,56,62,-6,6
38598,92,85,7,7
38599,99,103,-4,4
38600,169,158,11,11
38601,102,107,-5,5
38602,149,151,-2,2
38603,161,156,5,5
38604,73,77,-4,4
38605,81,83,-2,2
38606,76,78,-2,2
38607,131,119,12,12
38608,155,166,-11,11
38609,87,83,4,4
38610,62,62,0,0
38611,87,77,10,10
38612,78,92,-14,14
38613,74,81,-7,7
38614,49,74,-25,25
38615,92,80,12,12
38616,133,130,3,3
38617,149,137,12,12
38618,120,113,7,7
38619,89,80,9,9
38620,102,102,0,0
38621,62,44,18,18
38622,57,58,-1,1
38623,43,67,-24,24
38624,72,67,5,5
38625,58,66,-8,8
38626,66,59,7,7
38627,73,71,2,2
38628,112,91,21,21
38629,158,154,4,4
38630,70,78,-8,8
38631,136,134,2,2
38632,85,78,7,7
38633,37,44,-7,7
38634,87,87,0,0
38635,130,136,-6,6
38636,88,88,0,0
38637,57,62,-5,5
38638,117,116,1,1
38639,105,100,5,5
38640,75,73,2,2
38641,153,147,6,6
38642,90,104,-14,14
38643,130,110,20,20
38644,86,83,3,3
38645,124,125,-1,1
38646,83,83,0,0
38647,145,123,22,22
38648,77,75,2,2
38649,64,68,-4,4
38650,129,121,8,8
38651,109,94,15,15
38652,94,92,2,2
38653,84,74,10,10
38654,64,58,6,6
38655,90,89,1,1
38656,171,171,0,0
38657,93,94,-1,1
38658,121,124,-3,3
38659,72,71,1,1
38660,72,78,-6,6
38661,85,83,2,2
38662,86,71,15,15
38663,93,91,2,2
38664,94,79,15,15
38665,118,120,-2,2
38666,72,65,7,7
38667,64,74,-10,10
38668,127,108,19,19
38669,64,68,-4,4
38670,75,72,3,3
38671,57,60,-3,3
38672,61,62,-1,1
38673,74,80,-6,6
38674,53,55,-2,2
38675,80,73,7,7
38676,83,80,3,3
38677,124,117,7,7
38678,81,82,-1,1
38679,84,92,-8,8
38680,128,117,11,11
38681,93,96,-3,3
38682,79,76,3,3
38683,81,97,-16,16
38684,81,76,5,5
38685,104,105,-1,1
38686,82,72,10,10
38687,84,70,14,14
38688,71,81,-10,10
38689,62,56,6,6
38690,66,63,3,3
38691,63,80,-17,17
38692,77,70,7,7
38693,56,60,-4,4
38694,155,141,14,14
38695,143,128,15,15
38696,75,70,5,5
38697,92,78,14,14
38698,108,94,14,14
38699,105,110,-5,5
38700,63,56,7,7
38701,117,112,5,5
38702,123,104,19,19
38703,69,68,1,1
38704,119,124,-5,5
38705,92,106,-14,14
38706,94,78,16,16
38707,80,79,1,1
38708,101,104,-3,3
38709,150,145,5,5
38710,92,80,12,12
38711,97,88,9,9
38712,100,94,6,6
38713,74,82,-8,8
38714,157,157,0,0
38715,65,66,-1,1
38716,97,85,12,12
38717,79,77,2,2
38718,86,82,4,4
38719,91,82,9,9
38720,51,53,-2,2
38721,110,102,8,8
38722,106,102,4,4
38723,50,56,-6,6
38724,76,69,7,7
38725,126,112,14,14
38726,73,70,3,3
38727,80,84,-4,4
38728,90,89,1,1
38729,94,69,25,25
38730,99,89,10,10
38731,140,135,5,5
38732,92,76,16,16
38733,96,92,4,4
38734,107,102,5,5
38735,120,110,10,10
38736,141,131,10,10
38737,58,59,-1,1
38738,99,98,1,1
38739,75,69,6,6
38740,118,102,16,16
38741,93,93,0,0
38742,104,81,23,23
38743,81,82,-1,1
38744,107,106,1,1
38745,91,95,-4,4
38746,87,81,6,6
38747,53,69,-16,16
38748,147,139,8,8
38749,108,100,8,8
38750,76,71,5,5
38751,59,70,-11,11
38752,85,94,-9,9
38753,82,76,6,6
38754,57,62,-5,5
38755,37,54,-17,17
38756,129,131,-2,2
38757,57,60,-3,3
38758,67,80,-13,13
38759,76,72,4,4
38760,85,78,7,7
38761,130,120,10,10
38762,106,104,2,2
38763,104,111,-7,7
38764,88,87,1,1
38765,65,52,13,13
38766,75,71,4,4
38767,145,135,10,10
38768,149,149,0,0
38769,44,59,-15,15
38770,69,64,5,5
38771,93,102,-9,9
38772,78,68,10,10
38773,63,62,1,1
38774,78,79,-1,1
38775,85,76,9,9
38776,55,75,-20,20
38777,73,87,-14,14
38778,107,107,0,0
38779,131,118,13,13
38780,87,76,11,11
38781,40,58,-18,18
38782,139,119,20,20
38783,85,84,1,1
38784,163,182,-19,19
38785,64,67,-3,3
38786,193,199,-6,6
38787,86,89,-3,3
38788,98,94,4,4
38789,51,62,-11,11
38790,128,121,7,7
38791,141,129,12,12
38792,84,75,9,9
38793,142,143,-1,1
38794,59,71,-12,12
38795,108,98,10,10
38796,39,55,-16,16
38797,156,144,12,12
38798,107,112,-5,5
38799,99,102,-3,3
38800,166,152,14,14
38801,85,80,5,5
38802,84,80,4,4
38803,98,87,11,11
38804,76,78,-2,2
38805,138,125,13,13
38806,93,93,0,0
38807,182,164,18,18
38808,149,133,16,16
38809,132,112,20,20
38810,127,120,7,7
38811,70,64,6,6
38812,57,66,-9,9
38813,176,195,-19,19
38814,68,62,6,6
38815,46,74,-28,28
38816,66,61,5,5
38817,113,112,1,1
38818,135,132,3,3
38819,48,70,-22,22
38820,135,131,4,4
38821,70,68,2,2
38822,91,91,0,0
38823,125,115,10,10
38824,109,96,13,13
38825,53,68,-15,15
38826,91,89,2,2
38827,70,70,0,0
38828,65,70,-5,5
38829,125,115,10,10
38830,72,67,5,5
38831,103,97,6,6
38832,103,75,28,28
38833,101,77,24,24
38834,117,119,-2,2
38835,63,63,0,0
38836,164,173,-9,9
38837,57,64,-7,7
38838,120,118,2,2
38839,133,126,7,7
38840,83,83,0,0
38841,64,73,-9,9
38842,102,100,2,2
38843,70,80,-10,10
38844,124,131,-7,7
38845,106,87,19,19
38846,156,154,2,2
38847,67,70,-3,3
38848,147,150,-3,3
38849,113,112,1,1
38850,121,122,-1,1
38851,97,95,2,2
38852,59,65,-6,6
38853,50,70,-20,20
38854,118,98,20,20
38855,56,62,-6,6
38856,87,79,8,8
38857,89,93,-4,4
38858,65,73,-8,8
38859,62,64,-2,2
38860,138,135,3,3
38861,149,142,7,7
38862,69,73,-4,4
38863,76,77,-1,1
38864,65,72,-7,7
38865,70,64,6,6
38866,133,147,-14,14
38867,77,81,-4,4
38868,93,95,-2,2
38869,105,131,-26,26
38870,67,72,-5,5
38871,84,78,6,6
38872,83,91,-8,8
38873,46,47,-1,1
38874,102,92,10,10
38875,80,69,11,11
38876,106,107,-1,1
38877,91,93,-2,2
38878,70,60,10,10
38879,213,187,26,26
38880,84,81,3,3
38881,124,100,24,24
38882,113,98,15,15
38883,89,89,0,0
38884,112,99,13,13
38885,78,72,6,6
38886,60,55,5,5
38887,119,103,16,16
38888,58,61,-3,3
38889,109,101,8,8
38890,113,129,-16,16
38891,101,92,9,9
38892,61,54,7,7
38893,76,81,-5,5
38894,84,83,1,1
38895,86,90,-4,4
38896,108,105,3,3
38897,102,97,5,5
38898,151,146,5,5
38899,66,66,0,0
38900,71,73,-2,2
38901,66,70,-4,4
38902,131,135,-4,4
38903,49,57,-8,8
38904,99,103,-4,4
38905,69,77,-8,8
38906,72,72,0,0
38907,179,161,18,18
38908,152,137,15,15
38909,70,64,6,6
38910,63,70,-7,7
38911,104,107,-3,3
38912,22,44,-22,22
38913,105,113,-8,8
38914,174,170,4,4
38915,123,115,8,8
38916,34,59,-25,25
38917,76,77,-1,1
38918,114,105,9,9
38919,84,96,-12,12
38920,114,101,13,13
38921,236,225,11,11
38922,86,85,1,1
38923,91,69,22,22
38924,109,108,1,1
38925,99,84,15,15
38926,79,73,6,6
38927,51,62,-11,11
38928,201,207,-6,6
38929,60,61,-1,1
38930,89,92,-3,3
38931,84,79,5,5
38932,40,69,-29,29
38933,68,68,0,0
38934,58,65,-7,7
38935,73,67,6,6
38936,121,118,3,3
38937,55,53,2,2
38938,91,90,1,1
38939,57,61,-4,4
38940,68,58,10,10
38941,93,80,13,13
38942,59,70,-11,11
38943,76,71,5,5
38944,99,91,8,8
38945,85,99,-14,14
38946,113,93,20,20
38947,107,93,14,14
38948,184,185,-1,1
38949,80,81,-1,1
38950,99,97,2,2
38951,180,171,9,9
38952,94,100,-6,6
38953,37,46,-9,9
38954,59,71,-12,12
38955,65,63,2,2
38956,93,90,3,3
38957,88,90,-2,2
38958,92,98,-6,6
38959,128,111,17,17
38960,111,111,0,0
38961,128,178,-50,50
38962,48,61,-13,13
38963,116,127,-11,11
38964,54,53,1,1
38965,57,67,-10,10
38966,61,67,-6,6
38967,79,77,2,2
38968,61,64,-3,3
38969,122,119,3,3
38970,89,85,4,4
38971,121,112,9,9
38972,119,112,7,7
38973,108,120,-12,12
38974,100,105,-5,5
38975,58,56,2,2
38976,106,99,7,7
38977,88,93,-5,5
38978,103,93,10,10
38979,31,55,-24,24
38980,34,59,-25,25
38981,87,98,-11,11
38982,111,103,8,8
38983,101,105,-4,4
38984,41,54,-13,13
38985,60,56,4,4
38986,115,106,9,9
38987,136,133,3,3
38988,74,69,5,5
38989,84,77,7,7
38990,110,100,10,10
38991,73,79,-6,6
38992,126,125,1,1
38993,77,73,4,4
38994,129,131,-2,2
38995,123,130,-7,7
38996,99,85,14,14
38997,88,62,26,26
38998,61,75,-14,14
38999,74,73,1,1
39000,107,97,10,10
39001,122,99,23,23
39002,60,74,-14,14
39003,188,195,-7,7
39004,84,74,10,10
39005,146,147,-1,1
39006,154,150,4,4
39007,114,118,-4,4
39008,117,109,8,8
39009,163,164,-1,1
39010,74,71,3,3
39011,113,98,15,15
39012,68,73,-5,5
39013,137,127,10,10
39014,86,92,-6,6
39015,136,133,3,3
39016,77,60,17,17
39017,156,140,16,16
39018,146,135,11,11
39019,62,68,-6,6
39020,66,67,-1,1
39021,121,121,0,0
39022,161,147,14,14
39023,102,113,-11,11
39024,67,74,-7,7
39025,129,117,12,12
39026,120,123,-3,3
39027,174,184,-10,10
39028,179,157,22,22
39029,92,85,7,7
39030,112,109,3,3
39031,110,103,7,7
39032,97,96,1,1
39033,68,67,1,1
39034,117,114,3,3
39035,155,136,19,19
39036,60,63,-3,3
39037,167,150,17,17
39038,115,114,1,1
39039,134,140,-6,6
39040,48,60,-12,12
39041,89,77,12,12
39042,42,60,-18,18
39043,31,47,-16,16
39044,105,96,9,9
39045,138,126,12,12
39046,97,75,22,22
39047,83,73,10,10
39048,54,67,-13,13
39049,65,61,4,4
39050,94,102,-8,8
39051,86,88,-2,2
39052,88,96,-8,8
39053,63,55,8,8
39054,144,143,1,1
39055,62,63,-1,1
39056,63,72,-9,9
39057,98,90,8,8
39058,60,65,-5,5
39059,49,49,0,0
39060,96,85,11,11
39061,71,77,-6,6
39062,120,104,16,16
39063,150,121,29,29
39064,80,73,7,7
39065,58,58,0,0
39066,64,64,0,0
39067,140,137,3,3
39068,124,136,-12,12
39069,97,86,11,11
39070,161,140,21,21
39071,50,59,-9,9
39072,101,94,7,7
39073,44,58,-14,14
39074,99,96,3,3
39075,171,145,26,26
39076,43,55,-12,12
39077,93,101,-8,8
39078,139,141,-2,2
39079,120,110,10,10
39080,98,102,-4,4
39081,101,93,8,8
39082,80,70,10,10
39083,63,56,7,7
39084,149,147,2,2
39085,132,121,11,11
39086,71,73,-2,2
39087,92,85,7,7
39088,61,67,-6,6
39089,110,105,5,5
39090,67,73,-6,6
39091,38,55,-17,17
39092,89,100,-11,11
39093,86,77,9,9
39094,157,180,-23,23
39095,63,74,-11,11
39096,56,61,-5,5
39097,96,90,6,6
39098,58,64,-6,6
39099,164,164,0,0
39100,107,102,5,5
39101,131,117,14,14
39102,119,113,6,6
39103,103,99,4,4
39104,58,61,-3,3
39105,158,142,16,16
39106,148,128,20,20
39107,107,110,-3,3
39108,108,91,17,17
39109,85,75,10,10
39110,76,82,-6,6
39111,72,71,1,1
39112,133,122,11,11
39113,71,80,-9,9
39114,90,71,19,19
39115,105,96,9,9
39116,107,100,7,7
39117,84,79,5,5
39118,67,74,-7,7
39119,154,156,-2,2
39120,63,71,-8,8
39121,182,154,28,28
39122,130,111,19,19
39123,126,128,-2,2
39124,135,124,11,11
39125,86,82,4,4
39126,90,86,4,4
39127,69,59,10,10
39128,99,97,2,2
39129,81,87,-6,6
39130,92,89,3,3
39131,83,75,8,8
39132,76,78,-2,2
39133,79,66,13,13
39134,59,63,-4,4
39135,100,96,4,4
39136,60,46,14,14
39137,76,78,-2,2
39138,110,100,10,10
39139,112,108,4,4
39140,93,91,2,2
39141,101,104,-3,3
39142,107,103,4,4
39143,180,162,18,18
39144,109,101,8,8
39145,85,66,19,19
39146,123,117,6,6
39147,90,89,1,1
39148,118,115,3,3
39149,108,92,16,16
39150,95,87,8,8
39151,119,90,29,29
39152,115,96,19,19
39153,145,132,13,13
39154,46,66,-20,20
39155,59,63,-4,4
39156,127,130,-3,3
39157,114,105,9,9
39158,101,96,5,5
39159,134,126,8,8
39160,99,95,4,4
39161,143,135,8,8
39162,136,129,7,7
39163,152,139,13,13
39164,103,99,4,4
39165,79,69,10,10
39166,83,76,7,7
39167,125,111,14,14
39168,74,92,-18,18
39169,44,54,-10,10
39170,100,101,-1,1
39171,111,115,-4,4
39172,65,60,5,5
39173,102,93,9,9
39174,109,101,8,8
39175,80,69,11,11
39176,117,113,4,4
39177,121,116,5,5
39178,154,143,11,11
39179,55,62,-7,7
39180,90,82,8,8
39181,137,112,25,25
39182,53,55,-2,2
39183,137,132,5,5
39184,64,63,1,1
39185,133,125,8,8
39186,38,65,-27,27
39187,105,80,25,25
39188,45,56,-11,11
39189,133,119,14,14
39190,121,119,2,2
39191,138,132,6,6
39192,84,70,14,14
39193,79,74,5,5
39194,48,62,-14,14
39195,51,58,-7,7
39196,90,94,-4,4
39197,79,74,5,5
39198,73,79,-6,6
39199,82,73,9,9
39200,90,91,-1,1
39201,98,94,4,4
39202,56,71,-15,15
39203,100,99,1,1
39204,55,69,-14,14
39205,116,124,-8,8
39206,61,63,-2,2
39207,77,70,7,7
39208,131,130,1,1
39209,115,105,10,10
39210,94,81,13,13
39211,80,68,12,12
39212,57,79,-22,22
39213,112,102,10,10
39214,98,93,5,5
39215,136,143,-7,7
39216,125,115,10,10
39217,90,97,-7,7
39218,81,80,1,1
39219,123,116,7,7
39220,114,120,-6,6
39221,35,65,-30,30
39222,55,54,1,1
39223,110,106,4,4
39224,52,62,-10,10
39225,191,185,6,6
39226,48,62,-14,14
39227,70,67,3,3
39228,116,116,0,0
39229,114,117,-3,3
39230,71,74,-3,3
39231,130,114,16,16
39232,92,86,6,6
39233,111,110,1,1
39234,150,156,-6,6
39235,112,130,-18,18
39236,85,84,1,1
39237,75,75,0,0
39238,64,71,-7,7
39239,65,67,-2,2
39240,164,155,9,9
39241,63,47,16,16
39242,105,104,1,1
39243,96,90,6,6
39244,102,84,18,18
39245,84,75,9,9
39246,72,69,3,3
39247,118,113,5,5
39248,110,97,13,13
39249,81,91,-10,10
39250,109,110,-1,1
39251,76,69,7,7
39252,64,55,9,9
39253,133,117,16,16
39254,143,131,12,12
39255,72,72,0,0
39256,74,83,-9,9
39257,41,52,-11,11
39258,65,66,-1,1
39259,73,74,-1,1
39260,63,71,-8,8
39261,175,165,10,10
39262,85,95,-10,10
39263,82,78,4,4
39264,48,56,-8,8
39265,97,95,2,2
39266,86,83,3,3
39267,66,70,-4,4
39268,80,75,5,5
39269,84,85,-1,1
39270,90,85,5,5
39271,76,81,-5,5
39272,90,104,-14,14
39273,128,126,2,2
39274,76,79,-3,3
39275,84,78,6,6
39276,116,116,0,0
39277,72,81,-9,9
39278,88,81,7,7
39279,58,75,-17,17
39280,80,74,6,6
39281,122,115,7,7
39282,84,87,-3,3
39283,62,61,1,1
39284,78,72,6,6
39285,113,112,1,1
39286,152,148,4,4
39287,68,71,-3,3
39288,72,77,-5,5
39289,104,105,-1,1
39290,100,100,0,0
39291,92,76,16,16
39292,95,91,4,4
39293,66,68,-2,2
39294,78,74,4,4
39295,117,107,10,10
39296,109,75,34,34
39297,157,155,2,2
39298,100,90,10,10
39299,101,96,5,5
39300,68,60,8,8
39301,137,124,13,13
39302,144,144,0,0
39303,152,158,-6,6
39304,121,114,7,7
39305,83,86,-3,3
39306,86,80,6,6
39307,72,67,5,5
39308,82,98,-16,16
39309,115,104,11,11
39310,44,64,-20,20
39311,130,136,-6,6
39312,84,85,-1,1
39313,104,91,13,13
39314,70,61,9,9
39315,152,127,25,25
39316,66,72,-6,6
39317,137,115,22,22
39318,86,78,8,8
39319,130,103,27,27
39320,105,92,13,13
39321,79,79,0,0
39322,79,76,3,3
39323,68,67,1,1
39324,86,75,11,11
39325,90,93,-3,3
39326,174,153,21,21
39327,41,53,-12,12
39328,109,104,5,5
39329,98,85,13,13
39330,79,75,4,4
39331,107,100,7,7
39332,138,139,-1,1
39333,49,52,-3,3
39334,68,68,0,0
39335,465,451,14,14
39336,102,97,5,5
39337,108,104,4,4
39338,98,99,-1,1
39339,70,68,2,2
39340,90,87,3,3
39341,103,102,1,1
39342,84,72,12,12
39343,128,136,-8,8
39344,205,202,3,3
39345,149,136,13,13
39346,51,57,-6,6
39347,64,67,-3,3
39348,155,142,13,13
39349,61,67,-6,6
39350,91,89,2,2
39351,69,66,3,3
39352,51,60,-9,9
39353,59,60,-1,1
39354,110,96,14,14
39355,145,118,27,27
39356,86,91,-5,5
39357,192,198,-6,6
39358,80,65,15,15
39359,62,65,-3,3
39360,116,116,0,0
39361,94,99,-5,5
39362,60,62,-2,2
39363,128,152,-24,24
39364,129,116,13,13
39365,111,107,4,4
39366,137,128,9,9
39367,164,144,20,20
39368,119,113,6,6
39369,90,91,-1,1
39370,114,119,-5,5
39371,26,57,-31,31
39372,107,99,8,8
39373,68,61,7,7
39374,118,120,-2,2
39375,124,111,13,13
39376,170,160,10,10
39377,61,67,-6,6
39378,136,135,1,1
39379,196,160,36,36
39380,87,80,7,7
39381,95,96,-1,1
39382,108,127,-19,19
39383,151,139,12,12
39384,67,76,-9,9
39385,149,133,16,16
39386,113,105,8,8
39387,50,56,-6,6
39388,79,86,-7,7
39389,103,106,-3,3
39390,80,80,0,0
39391,172,183,-11,11
39392,105,108,-3,3
39393,82,72,10,10
39394,47,57,-10,10
39395,54,64,-10,10
39396,80,85,-5,5
39397,64,67,-3,3
39398,150,139,11,11
39399,134,122,12,12
39400,61,70,-9,9
39401,108,98,10,10
39402,116,112,4,4
39403,101,117,-16,16
39404,81,86,-5,5
39405,90,97,-7,7
39406,71,76,-5,5
39407,119,113,6,6
39408,133,129,4,4
39409,125,127,-2,2
39410,70,65,5,5
39411,182,172,10,10
39412,114,107,7,7
39413,136,151,-15,15
39414,76,73,3,3
39415,114,102,12,12
39416,46,50,-4,4
39417,97,110,-13,13
39418,70,77,-7,7
39419,63,63,0,0
39420,100,84,16,16
39421,114,101,13,13
39422,52,51,1,1
39423,130,146,-16,16
39424,108,104,4,4
39425,133,121,12,12
39426,26,45,-19,19
39427,75,68,7,7
39428,112,114,-2,2
39429,73,65,8,8
39430,44,52,-8,8
39431,75,73,2,2
39432,93,76,17,17
39433,60,77,-17,17
39434,83,82,1,1
39435,140,131,9,9
39436,100,89,11,11
39437,107,99,8,8
39438,95,81,14,14
39439,111,94,17,17
39440,112,113,-1,1
39441,67,73,-6,6
39442,52,61,-9,9
39443,113,95,18,18
39444,77,68,9,9
39445,135,142,-7,7
39446,61,64,-3,3
39447,58,56,2,2
39448,60,52,8,8
39449,100,92,8,8
39450,49,63,-14,14
39451,71,71,0,0
39452,104,110,-6,6
39453,49,62,-13,13
39454,141,137,4,4
39455,113,113,0,0
39456,74,69,5,5
39457,135,131,4,4
39458,61,61,0,0
39459,115,111,4,4
39460,89,91,-2,2
39461,76,75,1,1
39462,111,115,-4,4
39463,61,64,-3,3
39464,54,65,-11,11
39465,95,93,2,2
39466,125,118,7,7
39467,168,160,8,8
39468,71,75,-4,4
39469,80,69,11,11
39470,224,222,2,2
39471,87,92,-5,5
39472,65,66,-1,1
39473,130,143,-13,13
39474,111,107,4,4
39475,76,72,4,4
39476,111,98,13,13
39477,88,95,-7,7
39478,97,92,5,5
39479,118,114,4,4
39480,93,81,12,12
39481,131,117,14,14
39482,82,71,11,11
39483,153,143,10,10
39484,76,77,-1,1
39485,105,110,-5,5
39486,38,54,-16,16
39487,56,61,-5,5
39488,75,75,0,0
39489,40,60,-20,20
39490,139,138,1,1
39491,78,76,2,2
39492,72,74,-2,2
39493,123,127,-4,4
39494,71,67,4,4
39495,144,133,11,11
39496,51,65,-14,14
39497,63,62,1,1
39498,51,60,-9,9
39499,98,88,10,10
39500,83,70,13,13
39501,75,81,-6,6
39502,108,104,4,4
39503,100,72,28,28
39504,61,60,1,1
39505,76,72,4,4
39506,156,252,-96,96
39507,69,66,3,3
39508,219,204,15,15
39509,112,107,5,5
39510,86,92,-6,6
39511,53,53,0,0
39512,108,105,3,3
39513,82,71,11,11
39514,89,78,11,11
39515,125,108,17,17
39516,96,111,-15,15
39517,113,107,6,6
39518,61,58,3,3
39519,39,51,-12,12
39520,65,73,-8,8
39521,101,100,1,1
39522,188,166,22,22
39523,73,75,-2,2
39524,51,66,-15,15
39525,126,128,-2,2
39526,95,119,-24,24
39527,85,96,-11,11
39528,112,90,22,22
39529,117,116,1,1
39530,109,87,22,22
39531,47,60,-13,13
39532,63,69,-6,6
39533,92,92,0,0
39534,78,75,3,3
39535,100,83,17,17
39536,137,123,14,14
39537,163,154,9,9
39538,74,75,-1,1
39539,64,68,-4,4
39540,87,68,19,19
39541,87,88,-1,1
39542,120,129,-9,9
39543,129,119,10,10
39544,137,131,6,6
39545,65,71,-6,6
39546,67,64,3,3
39547,83,84,-1,1
39548,91,77,14,14
39549,88,79,9,9
39550,47,61,-14,14
39551,119,111,8,8
39552,76,83,-7,7
39553,96,86,10,10
39554,69,80,-11,11
39555,91,85,6,6
39556,95,91,4,4
39557,89,100,-11,11
39558,89,81,8,8
39559,106,110,-4,4
39560,86,56,30,30
39561,119,110,9,9
39562,76,85,-9,9
39563,95,78,17,17
39564,93,89,4,4
39565,93,75,18,18
39566,87,81,6,6
39567,142,147,-5,5
39568,81,76,5,5
39569,54,61,-7,7
39570,131,119,12,12
39571,53,57,-4,4
39572,132,126,6,6
39573,83,85,-2,2
39574,77,68,9,9
39575,86,90,-4,4
39576,135,127,8,8
39577,114,110,4,4
39578,75,84,-9,9
39579,62,64,-2,2
39580,96,86,10,10
39581,88,72,16,16
39582,58,67,-9,9
39583,55,64,-9,9
39584,70,72,-2,2
39585,162,132,30,30
39586,98,91,7,7
39587,73,74,-1,1
39588,52,59,-7,7
39589,86,88,-2,2
39590,133,119,14,14
39591,102,102,0,0
39592,137,135,2,2
39593,58,61,-3,3
39594,94,73,21,21
39595,158,151,7,7
39596,88,77,11,11
39597,81,77,4,4
39598,88,77,11,11
39599,170,167,3,3
39600,132,125,7,7
39601,160,146,14,14
39602,69,64,5,5
39603,78,69,9,9
39604,47,63,-16,16
39605,122,117,5,5
39606,46,45,1,1
39607,81,84,-3,3
39608,173,188,-15,15
39609,36,106,-70,70
39610,84,83,1,1
39611,118,99,19,19
39612,113,94,19,19
39613,162,165,-3,3
39614,98,98,0,0
39615,96,105,-9,9
39616,71,67,4,4
39617,68,61,7,7
39618,85,76,9,9
39619,34,65,-31,31
39620,69,100,-31,31
39621,69,72,-3,3
39622,128,119,9,9
39623,99,103,-4,4
39624,121,123,-2,2
39625,179,170,9,9
39626,92,94,-2,2
39627,171,180,-9,9
39628,94,81,13,13
39629,112,113,-1,1
39630,79,76,3,3
39631,57,64,-7,7
39632,72,68,4,4
39633,161,138,23,23
39634,132,130,2,2
39635,126,105,21,21
39636,78,76,2,2
39637,72,73,-1,1
39638,88,95,-7,7
39639,93,87,6,6
39640,56,58,-2,2
39641,179,184,-5,5
39642,99,85,14,14
39643,143,138,5,5
39644,25,48,-23,23
39645,85,83,2,2
39646,50,60,-10,10
39647,110,97,13,13
39648,133,119,14,14
39649,103,83,20,20
39650,149,141,8,8
39651,146,144,2,2
39652,65,67,-2,2
39653,117,139,-22,22
39654,53,56,-3,3
39655,155,147,8,8
39656,127,120,7,7
39657,87,88,-1,1
39658,167,159,8,8
39659,74,63,11,11
39660,65,64,1,1
39661,50,67,-17,17
39662,109,99,10,10
39663,65,67,-2,2
39664,98,93,5,5
39665,128,123,5,5
39666,132,123,9,9
39667,174,172,2,2
39668,81,76,5,5
39669,69,76,-7,7
39670,77,73,4,4
39671,69,76,-7,7
39672,68,67,1,1
39673,132,141,-9,9
39674,152,180,-28,28
39675,87,86,1,1
39676,30,54,-24,24
39677,98,85,13,13
39678,99,86,13,13
39679,116,118,-2,2
39680,100,93,7,7
39681,137,122,15,15
39682,63,71,-8,8
39683,82,84,-2,2
39684,99,108,-9,9
39685,58,59,-1,1
39686,68,78,-10,10
39687,121,119,2,2
39688,91,87,4,4
39689,61,78,-17,17
39690,46,63,-17,17
39691,107,115,-8,8
39692,80,80,0,0
39693,78,71,7,7
39694,83,77,6,6
39695,139,130,9,9
39696,113,111,2,2
39697,109,107,2,2
39698,168,168,0,0
39699,148,133,15,15
39700,90,83,7,7
39701,49,56,-7,7
39702,91,94,-3,3
39703,48,62,-14,14
39704,99,101,-2,2
39705,125,128,-3,3
39706,77,92,-15,15
39707,89,99,-10,10
39708,85,74,11,11
39709,85,85,0,0
39710,60,66,-6,6
39711,100,96,4,4
39712,61,67,-6,6
39713,87,81,6,6
39714,79,75,4,4
39715,48,55,-7,7
39716,90,94,-4,4
39717,85,76,9,9
39718,77,68,9,9
39719,56,55,1,1
39720,55,60,-5,5
39721,148,142,6,6
39722,108,98,10,10
39723,69,55,14,14
39724,151,144,7,7
39725,98,86,12,12
39726,87,92,-5,5
39727,76,72,4,4
39728,84,80,4,4
39729,39,55,-16,16
39730,105,95,10,10
39731,68,92,-24,24
39732,58,71,-13,13
39733,81,75,6,6
39734,108,111,-3,3
39735,98,99,-1,1
39736,148,130,18,18
39737,71,69,2,2
39738,108,106,2,2
39739,68,69,-1,1
39740,82,77,5,5
39741,159,138,21,21
39742,109,92,17,17
39743,113,105,8,8
39744,106,106,0,0
39745,124,111,13,13
39746,74,72,2,2
39747,23,47,-24,24
39748,94,83,11,11
39749,69,70,-1,1
39750,63,67,-4,4
39751,49,55,-6,6
39752,83,91,-8,8
39753,65,74,-9,9
39754,122,78,44,44
39755,110,103,7,7
39756,145,139,6,6
39757,128,110,18,18
39758,61,62,-1,1
39759,135,132,3,3
39760,62,64,-2,2
39761,143,114,29,29
39762,59,58,1,1
39763,133,136,-3,3
39764,84,89,-5,5
39765,127,126,1,1
39766,75,65,10,10
39767,128,121,7,7
39768,85,90,-5,5
39769,127,112,15,15
39770,66,72,-6,6
39771,45,46,-1,1
39772,89,87,2,2
39773,82,62,20,20
39774,98,92,6,6
39775,51,65,-14,14
39776,112,119,-7,7
39777,70,61,9,9
39778,75,65,10,10
39779,97,89,8,8
39780,59,74,-15,15
39781,51,51,0,0
39782,53,59,-6,6
39783,56,62,-6,6
39784,67,68,-1,1
39785,66,69,-3,3
39786,89,84,5,5
39787,94,85,9,9
39788,77,85,-8,8
39789,41,53,-12,12
39790,85,81,4,4
39791,72,61,11,11
39792,108,108,0,0
39793,105,96,9,9
39794,67,75,-8,8
39795,97,96,1,1
39796,76,66,10,10
39797,133,145,-12,12
39798,93,89,4,4
39799,40,51,-11,11
39800,66,67,-1,1
39801,43,60,-17,17
39802,145,153,-8,8
39803,135,106,29,29
39804,64,69,-5,5
39805,76,87,-11,11
39806,55,64,-9,9
39807,78,68,10,10
39808,103,94,9,9
39809,141,144,-3,3
39810,152,150,2,2
39811,110,116,-6,6
39812,122,114,8,8
39813,78,72,6,6
39814,82,83,-1,1
39815,104,85,19,19
39816,112,100,12,12
39817,69,64,5,5
39818,48,51,-3,3
39819,60,70,-10,10
39820,54,56,-2,2
39821,128,116,12,12
39822,61,63,-2,2
39823,108,103,5,5
39824,86,88,-2,2
39825,74,78,-4,4
39826,168,160,8,8
39827,76,71,5,5
39828,80,74,6,6
39829,96,80,16,16
39830,74,75,-1,1
39831,59,63,-4,4
39832,143,140,3,3
39833,68,68,0,0
39834,76,77,-1,1
39835,97,98,-1,1
39836,66,73,-7,7
39837,94,87,7,7
39838,159,152,7,7
39839,76,72,4,4
39840,121,118,3,3
39841,123,121,2,2
39842,80,73,7,7
39843,77,75,2,2
39844,52,56,-4,4
39845,115,115,0,0
39846,180,162,18,18
39847,70,75,-5,5
39848,79,86,-7,7
39849,112,96,16,16
39850,89,84,5,5
39851,83,82,1,1
39852,108,115,-7,7
39853,67,76,-9,9
39854,86,77,9,9
39855,82,83,-1,1
39856,156,141,15,15
39857,141,128,13,13
39858,154,149,5,5
39859,63,73,-10,10
39860,52,59,-7,7
39861,122,109,13,13
39862,69,77,-8,8
39863,93,89,4,4
39864,106,115,-9,9
39865,76,65,11,11
39866,97,78,19,19
39867,96,92,4,4
39868,116,113,3,3
39869,98,98,0,0
39870,89,87,2,2
39871,137,142,-5,5
39872,88,72,16,16
39873,115,111,4,4
39874,135,133,2,2
39875,99,94,5,5
39876,68,81,-13,13
39877,98,89,9,9
39878,119,111,8,8
39879,77,65,12,12
39880,74,76,-2,2
39881,115,119,-4,4
39882,67,59,8,8
39883,79,81,-2,2
39884,107,106,1,1
39885,83,71,12,12
39886,74,80,-6,6
39887,160,157,3,3
39888,56,59,-3,3
39889,74,70,4,4
39890,95,93,2,2
39891,141,151,-10,10
39892,98,96,2,2
39893,84,82,2,2
39894,118,113,5,5
39895,58,59,-1,1
39896,54,59,-5,5
39897,74,75,-1,1
39898,69,70,-1,1
39899,123,102,21,21
39900,59,63,-4,4
39901,50,58,-8,8
39902,56,58,-2,2
39903,55,62,-7,7
39904,145,133,12,12
39905,89,71,18,18
39906,74,64,10,10
39907,67,71,-4,4
39908,100,93,7,7
39909,99,88,11,11
39910,64,68,-4,4
39911,49,56,-7,7
39912,144,138,6,6
39913,65,60,5,5
39914,57,69,-12,12
39915,74,76,-2,2
39916,82,86,-4,4
39917,80,74,6,6
39918,167,194,-27,27
39919,55,60,-5,5
39920,98,100,-2,2
39921,69,66,3,3
39922,60,62,-2,2
39923,149,146,3,3
39924,170,174,-4,4
39925,56,59,-3,3
39926,120,107,13,13
39927,114,107,7,7
39928,123,120,3,3
39929,67,74,-7,7
39930,145,138,7,7
39931,72,66,6,6
39932,85,77,8,8
39933,117,113,4,4
39934,87,97,-10,10
39935,66,74,-8,8
39936,116,120,-4,4
39937,53,68,-15,15
39938,109,90,19,19
39939,26,48,-22,22
39940,51,68,-17,17
39941,65,62,3,3
39942,89,81,8,8
39943,110,90,20,20
39944,70,72,-2,2
39945,46,49,-3,3
39946,119,107,12,12
39947,127,122,5,5
39948,95,92,3,3
39949,68,71,-3,3
39950,73,70,3,3
39951,112,100,12,12
39952,152,152,0,0
39953,83,77,6,6
39954,115,115,0,0
39955,131,114,17,17
39956,49,67,-18,18
39957,118,94,24,24
39958,94,82,12,12
39959,120,119,1,1
39960,64,79,-15,15
39961,145,132,13,13
39962,63,57,6,6
39963,62,64,-2,2
39964,55,64,-9,9
39965,113,125,-12,12
39966,62,56,6,6
39967,80,65,15,15
39968,100,86,14,14
39969,72,72,0,0
39970,75,78,-3,3
39971,104,103,1,1
39972,56,58,-2,2
39973,116,120,-4,4
39974,87,86,1,1
39975,109,103,6,6
39976,107,115,-8,8
39977,63,69,-6,6
39978,127,134,-7,7
39979,124,107,17,17
39980,67,62,5,5
39981,229,195,34,34
39982,144,126,18,18
39983,110,105,5,5
39984,70,66,4,4
39985,102,97,5,5
39986,153,124,29,29
39987,82,77,5,5
39988,50,61,-11,11
39989,54,63,-9,9
39990,97,82,15,15
39991,75,83,-8,8
39992,83,81,2,2
39993,88,84,4,4
39994,129,113,16,16
39995,91,80,11,11
39996,115,100,15,15
39997,96,89,7,7
39998,177,170,7,7
39999,109,109,0,0
40000,91,91,0,0
40001,102,92,10,10
40002,75,69,6,6
40003,67,64,3,3
40004,85,81,4,4
40005,133,122,11,11
40006,122,119,3,3
40007,99,104,-5,5
40008,72,74,-2,2
40009,80,75,5,5
40010,61,63,-2,2
40011,118,107,11,11
40012,112,112,0,0
40013,69,74,-5,5
40014,156,152,4,4
40015,140,133,7,7
40016,55,52,3,3
40017,85,100,-15,15
40018,104,96,8,8
40019,113,110,3,3
40020,61,69,-8,8
40021,110,111,-1,1
40022,142,128,14,14
40023,93,83,10,10
40024,49,56,-7,7
40025,139,145,-6,6
40026,42,62,-20,20
40027,80,62,18,18
40028,138,127,11,11
40029,148,146,2,2
40030,28,55,-27,27
40031,54,65,-11,11
40032,85,82,3,3
40033,84,76,8,8
40034,161,136,25,25
40035,80,80,0,0
40036,108,121,-13,13
40037,91,90,1,1
40038,92,83,9,9
40039,92,103,-11,11
40040,91,88,3,3
40041,146,137,9,9
40042,59,70,-11,11
40043,109,98,11,11
40044,67,76,-9,9
40045,89,94,-5,5
40046,156,126,30,30
40047,106,98,8,8
40048,71,59,12,12
40049,161,147,14,14
40050,97,89,8,8
40051,95,87,8,8
40052,128,119,9,9
40053,79,95,-16,16
40054,127,136,-9,9
40055,88,98,-10,10
40056,63,64,-1,1
40057,47,57,-10,10
40058,67,65,2,2
40059,44,55,-11,11
40060,70,68,2,2
40061,59,56,3,3
40062,115,106,9,9
40063,123,132,-9,9
40064,49,45,4,4
40065,81,73,8,8
40066,55,55,0,0
40067,105,92,13,13
40068,120,108,12,12
40069,95,90,5,5
40070,73,74,-1,1
40071,76,70,6,6
40072,95,90,5,5
40073,35,44,-9,9
40074,85,84,1,1
40075,65,78,-13,13
40076,125,119,6,6
40077,62,68,-6,6
40078,95,93,2,2
40079,139,124,15,15
40080,77,76,1,1
40081,65,57,8,8
40082,53,63,-10,10
40083,83,79,4,4
40084,62,68,-6,6
40085,74,75,-1,1
40086,32,47,-15,15
40087,67,66,1,1
40088,134,135,-1,1
40089,78,80,-2,2
40090,88,80,8,8
40091,81,86,-5,5
40092,60,67,-7,7
40093,117,100,17,17
40094,61,62,-1,1
40095,147,136,11,11
40096,217,185,32,32
40097,84,75,9,9
40098,67,64,3,3
40099,158,176,-18,18
40100,51,70,-19,19
40101,91,87,4,4
40102,72,65,7,7
40103,121,120,1,1
40104,76,73,3,3
40105,117,101,16,16
40106,63,81,-18,18
40107,82,91,-9,9
40108,87,95,-8,8
40109,77,72,5,5
40110,67,65,2,2
40111,129,99,30,30
40112,56,56,0,0
40113,60,64,-4,4
40114,130,115,15,15
40115,106,114,-8,8
40116,73,78,-5,5
40117,89,94,-5,5
40118,85,97,-12,12
40119,71,67,4,4
40120,206,217,-11,11
40121,142,138,4,4
40122,106,111,-5,5
40123,98,98,0,0
40124,60,73,-13,13
40125,113,108,5,5
40126,57,62,-5,5
40127,73,55,18,18
40128,186,169,17,17
40129,87,91,-4,4
40130,122,107,15,15
40131,80,84,-4,4
40132,130,116,14,14
40133,106,94,12,12
40134,175,216,-41,41
40135,135,112,23,23
40136,115,111,4,4
40137,80,82,-2,2
40138,125,108,17,17
40139,85,87,-2,2
40140,85,82,3,3
40141,143,130,13,13
40142,92,81,11,11
40143,74,68,6,6
40144,66,69,-3,3
40145,68,61,7,7
40146,103,74,29,29
40147,82,85,-3,3
40148,57,64,-7,7
40149,102,109,-7,7
40150,117,110,7,7
40151,79,80,-1,1
40152,179,159,20,20
40153,111,117,-6,6
40154,59,56,3,3
40155,90,89,1,1
40156,82,101,-19,19
40157,120,111,9,9
40158,89,79,10,10
40159,76,75,1,1
40160,74,66,8,8
40161,54,62,-8,8
40162,51,43,8,8
40163,71,77,-6,6
40164,116,100,16,16
40165,84,85,-1,1
40166,107,108,-1,1
40167,83,72,11,11
40168,170,159,11,11
40169,118,113,5,5
40170,115,105,10,10
40171,78,80,-2,2
40172,155,138,17,17
40173,143,133,10,10
40174,80,85,-5,5
40175,64,69,-5,5
40176,97,85,12,12
40177,92,92,0,0
40178,63,68,-5,5
40179,196,178,18,18
40180,70,78,-8,8
40181,95,99,-4,4
40182,73,75,-2,2
40183,64,73,-9,9
40184,86,98,-12,12
40185,93,94,-1,1
40186,81,78,3,3
40187,132,101,31,31
40188,89,62,27,27
40189,80,65,15,15
40190,61,62,-1,1
40191,148,154,-6,6
40192,104,95,9,9
40193,105,106,-1,1
40194,94,79,15,15
40195,72,72,0,0
40196,71,70,1,1
40197,115,111,4,4
40198,100,92,8,8
40199,64,59,5,5
40200,88,91,-3,3
40201,175,191,-16,16
40202,153,167,-14,14
40203,58,62,-4,4
40204,143,148,-5,5
40205,49,64,-15,15
40206,62,71,-9,9
40207,72,68,4,4
40208,112,112,0,0
40209,90,81,9,9
40210,88,81,7,7
40211,92,79,13,13
40212,25,47,-22,22
40213,97,84,13,13
40214,133,114,19,19
40215,86,75,11,11
40216,81,77,4,4
40217,164,146,18,18
40218,64,64,0,0
40219,79,88,-9,9
40220,108,106,2,2
40221,62,67,-5,5
40222,84,79,5,5
40223,187,196,-9,9
40224,70,80,-10,10
40225,119,105,14,14
40226,86,76,10,10
40227,118,114,4,4
40228,79,79,0,0
40229,77,74,3,3
40230,85,88,-3,3
40231,107,96,11,11
40232,76,83,-7,7
40233,54,54,0,0
40234,66,71,-5,5
40235,64,79,-15,15
40236,56,57,-1,1
40237,147,157,-10,10
40238,92,69,23,23
40239,119,113,6,6
40240,61,73,-12,12
40241,112,105,7,7
40242,116,121,-5,5
40243,68,76,-8,8
40244,153,148,5,5
40245,114,123,-9,9
40246,115,112,3,3
40247,91,91,0,0
40248,68,77,-9,9
40249,111,106,5,5
40250,79,73,6,6
40251,57,62,-5,5
40252,114,104,10,10
40253,66,69,-3,3
40254,96,74,22,22
40255,83,94,-11,11
40256,93,79,14,14
40257,83,70,13,13
40258,80,78,2,2
40259,82,81,1,1
40260,114,109,5,5
40261,49,73,-24,24
40262,67,68,-1,1
40263,79,77,2,2
40264,77,66,11,11
40265,64,58,6,6
40266,177,175,2,2
40267,71,76,-5,5
40268,99,98,1,1
40269,90,83,7,7
40270,107,100,7,7
40271,103,96,7,7
40272,144,142,2,2
40273,81,79,2,2
40274,69,82,-13,13
40275,63,80,-17,17
40276,105,109,-4,4
40277,100,86,14,14
40278,118,118,0,0
40279,89,84,5,5
40280,90,88,2,2
40281,88,93,-5,5
40282,69,71,-2,2
40283,59,64,-5,5
40284,84,80,4,4
40285,143,150,-7,7
40286,112,117,-5,5
40287,143,147,-4,4
40288,78,73,5,5
40289,38,57,-19,19
40290,107,94,13,13
40291,57,55,2,2
40292,62,75,-13,13
40293,79,78,1,1
40294,72,79,-7,7
40295,85,78,7,7
40296,83,80,3,3
40297,69,67,2,2
40298,62,59,3,3
40299,80,71,9,9
40300,55,69,-14,14
40301,77,71,6,6
40302,77,75,2,2
40303,81,80,1,1
40304,88,86,2,2
40305,75,84,-9,9
40306,103,101,2,2
40307,63,62,1,1
40308,115,98,17,17
40309,149,142,7,7
40310,48,54,-6,6
40311,67,66,1,1
40312,167,149,18,18
40313,116,107,9,9
40314,40,54,-14,14
40315,93,95,-2,2
40316,98,97,1,1
40317,105,93,12,12
40318,150,142,8,8
40319,174,151,23,23
40320,156,107,49,49
40321,61,88,-27,27
40322,124,125,-1,1
40323,61,62,-1,1
40324,58,72,-14,14
40325,147,151,-4,4
40326,80,95,-15,15
40327,115,89,26,26
40328,139,141,-2,2
40329,73,77,-4,4
40330,208,215,-7,7
40331,92,93,-1,1
40332,63,65,-2,2
40333,126,109,17,17
40334,31,54,-23,23
40335,55,76,-21,21
40336,154,157,-3,3
40337,110,113,-3,3
40338,62,69,-7,7
40339,124,116,8,8
40340,81,75,6,6
40341,78,78,0,0
40342,122,140,-18,18
40343,110,125,-15,15
40344,100,82,18,18
40345,112,111,1,1
40346,58,63,-5,5
40347,92,81,11,11
40348,143,142,1,1
40349,76,75,1,1
40350,62,68,-6,6
40351,72,73,-1,1
40352,96,95,1,1
40353,98,102,-4,4
40354,209,193,16,16
40355,81,81,0,0
40356,65,81,-16,16
40357,111,86,25,25
40358,158,164,-6,6
40359,106,106,0,0
40360,124,109,15,15
40361,90,80,10,10
40362,95,92,3,3
40363,86,96,-10,10
40364,89,84,5,5
40365,59,66,-7,7
40366,132,119,13,13
40367,91,68,23,23
40368,90,80,10,10
40369,85,83,2,2
40370,77,83,-6,6
40371,68,68,0,0
40372,77,80,-3,3
40373,125,125,0,0
40374,53,55,-2,2
40375,100,105,-5,5
40376,128,124,4,4
40377,78,66,12,12
40378,73,100,-27,27
40379,79,83,-4,4
40380,89,97,-8,8
40381,101,96,5,5
40382,93,107,-14,14
40383,93,96,-3,3
40384,62,63,-1,1
40385,113,111,2,2
40386,117,101,16,16
40387,133,128,5,5
40388,107,111,-4,4
40389,64,82,-18,18
40390,48,57,-9,9
40391,103,89,14,14
40392,91,92,-1,1
40393,121,130,-9,9
40394,109,113,-4,4
40395,92,87,5,5
40396,118,108,10,10
40397,82,88,-6,6
40398,76,63,13,13
40399,98,76,22,22
40400,118,98,20,20
40401,124,123,1,1
40402,120,108,12,12
40403,85,82,3,3
40404,112,110,2,2
40405,88,86,2,2
40406,65,61,4,4
40407,48,62,-14,14
40408,66,75,-9,9
40409,106,75,31,31
40410,174,168,6,6
40411,161,156,5,5
40412,42,86,-44,44
40413,65,68,-3,3
40414,47,57,-10,10
40415,100,106,-6,6
40416,91,88,3,3
40417,59,61,-2,2
40418,77,79,-2,2
40419,83,90,-7,7
40420,91,82,9,9
40421,91,85,6,6
40422,163,172,-9,9
40423,89,82,7,7
40424,144,151,-7,7
40425,107,112,-5,5
40426,75,72,3,3
40427,210,208,2,2
40428,168,159,9,9
40429,116,80,36,36
40430,67,74,-7,7
40431,66,70,-4,4
40432,23,44,-21,21
40433,99,87,12,12
40434,66,72,-6,6
40435,56,55,1,1
40436,92,83,9,9
40437,132,118,14,14
40438,67,75,-8,8
40439,42,50,-8,8
40440,123,121,2,2
40441,44,53,-9,9
40442,117,118,-1,1
40443,109,105,4,4
40444,106,99,7,7
40445,92,77,15,15
40446,88,83,5,5
40447,74,78,-4,4
40448,114,122,-8,8
40449,146,127,19,19
40450,105,104,1,1
40451,91,88,3,3
40452,124,115,9,9
40453,178,171,7,7
40454,98,94,4,4
40455,145,149,-4,4
40456,76,78,-2,2
40457,100,83,17,17
40458,128,102,26,26
40459,152,150,2,2
40460,40,48,-8,8
40461,65,69,-4,4
40462,107,109,-2,2
40463,90,82,8,8
40464,100,104,-4,4
40465,71,84,-13,13
40466,55,59,-4,4
40467,80,82,-2,2
40468,131,99,32,32
40469,28,55,-27,27
40470,93,80,13,13
40471,149,152,-3,3
40472,88,77,11,11
40473,50,52,-2,2
40474,82,89,-7,7
40475,125,118,7,7
40476,131,109,22,22
40477,93,97,-4,4
40478,83,83,0,0
40479,149,166,-17,17
40480,74,76,-2,2
40481,124,120,4,4
40482,174,157,17,17
40483,83,107,-24,24
40484,119,128,-9,9
40485,85,79,6,6
40486,70,61,9,9
40487,197,177,20,20
40488,131,121,10,10
40489,130,115,15,15
40490,73,80,-7,7
40491,97,94,3,3
40492,85,75,10,10
40493,198,174,24,24
40494,100,99,1,1
40495,81,77,4,4
40496,71,66,5,5
40497,97,90,7,7
40498,77,87,-10,10
40499,88,81,7,7
40500,90,82,8,8
40501,74,70,4,4
40502,70,78,-8,8
40503,63,69,-6,6
40504,149,143,6,6
40505,97,84,13,13
40506,65,75,-10,10
40507,81,85,-4,4
40508,100,98,2,2
40509,79,81,-2,2
40510,106,107,-1,1
40511,79,76,3,3
40512,137,133,4,4
40513,82,85,-3,3
40514,68,62,6,6
40515,100,83,17,17
40516,40,51,-11,11
40517,57,56,1,1
40518,73,71,2,2
40519,85,89,-4,4
40520,135,144,-9,9
40521,126,125,1,1
40522,158,164,-6,6
40523,110,105,5,5
40524,125,133,-8,8
40525,115,103,12,12
40526,112,113,-1,1
40527,71,70,1,1
40528,121,128,-7,7
40529,97,102,-5,5
40530,104,95,9,9
40531,97,91,6,6
40532,54,57,-3,3
40533,76,85,-9,9
40534,132,109,23,23
40535,98,107,-9,9
40536,107,92,15,15
40537,119,114,5,5
40538,125,110,15,15
40539,96,94,2,2
40540,49,55,-6,6
40541,89,67,22,22
40542,101,92,9,9
40543,86,91,-5,5
40544,43,66,-23,23
40545,40,55,-15,15
40546,109,102,7,7
40547,49,70,-21,21
40548,99,90,9,9
40549,120,86,34,34
40550,70,80,-10,10
40551,177,166,11,11
40552,59,62,-3,3
40553,90,88,2,2
40554,99,99,0,0
40555,99,94,5,5
40556,113,92,21,21
40557,87,90,-3,3
40558,120,111,9,9
40559,122,106,16,16
40560,156,150,6,6
40561,90,77,13,13
40562,109,106,3,3
40563,59,74,-15,15
40564,110,107,3,3
40565,64,66,-2,2
40566,76,69,7,7
40567,93,92,1,1
40568,81,77,4,4
40569,155,153,2,2
40570,77,85,-8,8
40571,52,60,-8,8
40572,48,53,-5,5
40573,94,102,-8,8
40574,72,70,2,2
40575,78,91,-13,13
40576,108,110,-2,2
40577,74,73,1,1
40578,67,69,-2,2
40579,88,78,10,10
40580,127,123,4,4
40581,88,88,0,0
40582,53,69,-16,16
40583,101,98,3,3
40584,105,98,7,7
40585,120,115,5,5
40586,63,67,-4,4
40587,50,58,-8,8
40588,67,73,-6,6
40589,121,118,3,3
40590,76,73,3,3
40591,95,76,19,19
40592,97,98,-1,1
40593,63,66,-3,3
40594,135,130,5,5
40595,61,56,5,5
40596,79,74,5,5
40597,133,120,13,13
40598,97,95,2,2
40599,78,67,11,11
40600,96,93,3,3
40601,47,68,-21,21
40602,139,126,13,13
40603,99,92,7,7
40604,113,101,12,12
40605,94,91,3,3
40606,100,104,-4,4
40607,71,78,-7,7
40608,102,103,-1,1
40609,113,109,4,4
40610,85,83,2,2
40611,75,70,5,5
40612,62,58,4,4
40613,111,80,31,31
40614,80,76,4,4
40615,117,113,4,4
40616,107,100,7,7
40617,75,81,-6,6
40618,82,77,5,5
40619,73,70,3,3
40620,110,99,11,11
40621,115,108,7,7
40622,151,144,7,7
40623,60,64,-4,4
40624,51,64,-13,13
40625,76,76,0,0
40626,115,105,10,10
40627,79,76,3,3
40628,85,78,7,7
40629,84,87,-3,3
40630,136,124,12,12
40631,76,76,0,0
40632,30,67,-37,37
40633,141,123,18,18
40634,83,76,7,7
40635,81,86,-5,5
40636,79,76,3,3
40637,113,105,8,8
40638,88,73,15,15
40639,145,172,-27,27
40640,156,155,1,1
40641,80,87,-7,7
40642,103,107,-4,4
40643,116,105,11,11
40644,76,73,3,3
40645,123,131,-8,8
40646,93,100,-7,7
40647,103,105,-2,2
40648,67,61,6,6
40649,102,103,-1,1
40650,92,76,16,16
40651,86,81,5,5
40652,56,59,-3,3
40653,80,80,0,0
40654,137,140,-3,3
40655,48,75,-27,27
40656,87,66,21,21
40657,112,120,-8,8
40658,74,74,0,0
40659,87,85,2,2
40660,101,103,-2,2
40661,58,68,-10,10
40662,116,109,7,7
40663,97,85,12,12
40664,65,62,3,3
40665,98,86,12,12
40666,98,91,7,7
40667,156,135,21,21
40668,88,90,-2,2
40669,85,90,-5,5
40670,64,63,1,1
40671,72,68,4,4
40672,107,115,-8,8
40673,87,99,-12,12
40674,115,107,8,8
40675,102,75,27,27
40676,120,103,17,17
40677,87,94,-7,7
40678,81,81,0,0
40679,53,60,-7,7
40680,71,80,-9,9
40681,78,79,-1,1
40682,104,102,2,2
40683,113,113,0,0
40684,51,55,-4,4
40685,65,73,-8,8
40686,109,125,-16,16
40687,78,80,-2,2
40688,105,85,20,20
40689,93,88,5,5
40690,103,99,4,4
40691,113,101,12,12
40692,77,83,-6,6
40693,135,126,9,9
40694,82,66,16,16
40695,84,76,8,8
40696,56,64,-8,8
40697,54,70,-16,16
40698,146,129,17,17
40699,149,148,1,1
40700,91,84,7,7
40701,61,62,-1,1
40702,117,127,-10,10
40703,46,59,-13,13
40704,159,140,19,19
40705,94,79,15,15
40706,153,145,8,8
40707,108,101,7,7
40708,85,82,3,3
40709,69,69,0,0
40710,295,260,35,35
40711,74,65,9,9
40712,103,103,0,0
40713,80,78,2,2
40714,68,65,3,3
40715,120,124,-4,4
40716,86,88,-2,2
40717,118,112,6,6
40718,74,74,0,0
40719,99,88,11,11
40720,76,68,8,8
40721,134,124,10,10
40722,97,107,-10,10
40723,66,71,-5,5
40724,92,98,-6,6
40725,50,65,-15,15
40726,83,88,-5,5
40727,98,92,6,6
40728,72,69,3,3
40729,71,72,-1,1
40730,71,68,3,3
40731,78,79,-1,1
40732,81,78,3,3
40733,126,121,5,5
40734,71,64,7,7
40735,70,67,3,3
40736,141,141,0,0
40737,75,76,-1,1
40738,85,79,6,6
40739,89,86,3,3
40740,82,89,-7,7
40741,174,156,18,18
40742,77,82,-5,5
40743,113,120,-7,7
40744,165,172,-7,7
40745,55,55,0,0
40746,94,83,11,11
40747,81,78,3,3
40748,103,99,4,4
40749,87,94,-7,7
40750,68,81,-13,13
40751,205,230,-25,25
40752,85,86,-1,1
40753,66,53,13,13
40754,68,63,5,5
40755,87,82,5,5
40756,101,85,16,16
40757,115,107,8,8
40758,69,65,4,4
40759,144,135,9,9
40760,97,80,17,17
40761,107,108,-1,1
40762,88,101,-13,13
40763,138,126,12,12
40764,90,83,7,7
40765,129,142,-13,13
40766,66,72,-6,6
40767,75,75,0,0
40768,118,113,5,5
40769,99,91,8,8
40770,77,64,13,13
40771,89,75,14,14
40772,95,94,1,1
40773,56,60,-4,4
40774,115,111,4,4
40775,59,58,1,1
40776,117,114,3,3
40777,110,110,0,0
40778,120,96,24,24
40779,98,84,14,14
40780,121,124,-3,3
40781,100,87,13,13
40782,85,73,12,12
40783,106,101,5,5
40784,165,160,5,5
40785,65,68,-3,3
40786,58,57,1,1
40787,165,167,-2,2
40788,56,63,-7,7
40789,62,64,-2,2
40790,85,75,10,10
40791,93,96,-3,3
40792,57,62,-5,5
40793,97,91,6,6
40794,96,101,-5,5
40795,45,61,-16,16
40796,114,106,8,8
40797,77,64,13,13
40798,77,83,-6,6
40799,89,77,12,12
40800,70,72,-2,2
40801,84,84,0,0
40802,89,107,-18,18
40803,104,99,5,5
40804,88,84,4,4
40805,68,72,-4,4
40806,67,66,1,1
40807,51,59,-8,8
40808,144,145,-1,1
40809,135,135,0,0
40810,89,80,9,9
40811,122,114,8,8
40812,110,102,8,8
40813,81,81,0,0
40814,147,156,-9,9
40815,60,59,1,1
40816,137,149,-12,12
40817,110,105,5,5
40818,125,115,10,10
40819,89,97,-8,8
40820,129,140,-11,11
40821,70,59,11,11
40822,149,141,8,8
40823,72,62,10,10
40824,96,95,1,1
40825,76,67,9,9
40826,154,150,4,4
40827,220,194,26,26
40828,106,102,4,4
40829,95,99,-4,4
40830,158,165,-7,7
40831,140,132,8,8
40832,86,83,3,3
40833,96,85,11,11
40834,100,87,13,13
40835,70,79,-9,9
40836,64,69,-5,5
40837,147,136,11,11
40838,75,73,2,2
40839,80,71,9,9
40840,161,138,23,23
40841,83,97,-14,14
40842,89,75,14,14
40843,169,151,18,18
40844,85,95,-10,10
40845,151,147,4,4
40846,85,75,10,10
40847,61,60,1,1
40848,62,66,-4,4
40849,118,109,9,9
40850,97,87,10,10
40851,118,108,10,10
40852,104,82,22,22
40853,44,63,-19,19
40854,101,96,5,5
40855,69,66,3,3
40856,52,67,-15,15
40857,115,110,5,5
40858,56,57,-1,1
40859,110,117,-7,7
40860,96,120,-24,24
40861,88,84,4,4
40862,94,86,8,8
40863,60,65,-5,5
40864,108,104,4,4
40865,114,99,15,15
40866,87,89,-2,2
40867,102,98,4,4
40868,75,69,6,6
40869,56,48,8,8
40870,123,124,-1,1
40871,29,57,-28,28
40872,70,84,-14,14
40873,87,80,7,7
40874,48,63,-15,15
40875,108,103,5,5
40876,164,167,-3,3
40877,125,109,16,16
40878,66,65,1,1
40879,190,175,15,15
40880,91,86,5,5
40881,116,84,32,32
40882,96,88,8,8
40883,86,81,5,5
40884,157,161,-4,4
40885,149,137,12,12
40886,54,70,-16,16
40887,81,87,-6,6
40888,97,93,4,4
40889,128,123,5,5
40890,96,93,3,3
40891,121,121,0,0
40892,131,126,5,5
40893,133,119,14,14
40894,130,120,10,10
40895,97,83,14,14
40896,68,80,-12,12
40897,118,106,12,12
40898,91,92,-1,1
40899,90,105,-15,15
40900,65,62,3,3
40901,143,132,11,11
40902,80,62,18,18
40903,96,66,30,30
40904,104,89,15,15
40905,112,116,-4,4
40906,86,81,5,5
40907,91,88,3,3
40908,205,174,31,31
40909,73,78,-5,5
40910,101,88,13,13
40911,73,67,6,6
40912,90,81,9,9
40913,191,203,-12,12
40914,90,91,-1,1
40915,149,141,8,8
40916,73,82,-9,9
40917,152,157,-5,5
40918,115,107,8,8
40919,88,89,-1,1
40920,86,81,5,5
40921,103,93,10,10
40922,37,53,-16,16
40923,83,72,11,11
40924,76,72,4,4
40925,56,80,-24,24
40926,130,133,-3,3
40927,67,60,7,7
40928,78,79,-1,1
40929,105,105,0,0
40930,101,95,6,6
40931,88,88,0,0
40932,83,83,0,0
40933,108,108,0,0
40934,67,77,-10,10
40935,107,102,5,5
40936,43,56,-13,13
40937,71,79,-8,8
40938,99,79,20,20
40939,120,128,-8,8
40940,132,115,17,17
40941,30,55,-25,25
40942,88,85,3,3
40943,82,96,-14,14
40944,59,67,-8,8
40945,68,59,9,9
40946,120,107,13,13
40947,60,70,-10,10
40948,103,92,11,11
40949,110,102,8,8
40950,114,106,8,8
40951,90,85,5,5
40952,192,196,-4,4
40953,100,94,6,6
40954,119,113,6,6
40955,91,79,12,12
40956,98,94,4,4
40957,51,58,-7,7
40958,94,90,4,4
40959,98,100,-2,2
40960,71,70,1,1
40961,106,115,-9,9
40962,78,79,-1,1
40963,66,61,5,5
40964,79,76,3,3
40965,85,88,-3,3
40966,147,141,6,6
40967,68,66,2,2
40968,66,65,1,1
40969,81,75,6,6
40970,133,125,8,8
40971,120,113,7,7
40972,71,78,-7,7
40973,169,164,5,5
40974,159,155,4,4
40975,57,62,-5,5
40976,73,79,-6,6
40977,44,52,-8,8
40978,85,88,-3,3
40979,49,70,-21,21
40980,54,61,-7,7
40981,89,82,7,7
40982,62,68,-6,6
40983,88,81,7,7
40984,93,91,2,2
40985,66,66,0,0
40986,69,75,-6,6
40987,138,160,-22,22
40988,88,91,-3,3
40989,102,101,1,1
40990,45,53,-8,8
40991,48,58,-10,10
40992,106,116,-10,10
40993,158,144,14,14
40994,125,117,8,8
40995,64,77,-13,13
40996,153,160,-7,7
40997,66,66,0,0
40998,87,79,8,8
40999,90,92,-2,2
41000,105,97,8,8
41001,51,56,-5,5
41002,148,132,16,16
41003,123,123,0,0
41004,59,57,2,2
41005,88,81,7,7
41006,91,93,-2,2
41007,77,74,3,3
41008,98,93,5,5
41009,84,87,-3,3
41010,97,96,1,1
41011,129,109,20,20
41012,158,147,11,11
41013,99,97,2,2
41014,153,164,-11,11
41015,140,119,21,21
41016,97,84,13,13
41017,116,111,5,5
41018,108,101,7,7
41019,117,115,2,2
41020,112,104,8,8
41021,70,61,9,9
41022,117,118,-1,1
41023,186,188,-2,2
41024,88,85,3,3
41025,40,53,-13,13
41026,69,77,-8,8
41027,138,123,15,15
41028,68,77,-9,9
41029,194,177,17,17
41030,141,128,13,13
41031,66,81,-15,15
41032,87,88,-1,1
41033,112,104,8,8
41034,120,101,19,19
41035,117,105,12,12
41036,116,109,7,7
41037,113,118,-5,5
41038,109,116,-7,7
41039,116,109,7,7
41040,107,103,4,4
41041,156,144,12,12
41042,54,59,-5,5
41043,96,90,6,6
41044,116,111,5,5
41045,105,96,9,9
41046,53,56,-3,3
41047,146,143,3,3
41048,111,122,-11,11
41049,55,62,-7,7
41050,130,127,3,3
41051,89,79,10,10
41052,99,103,-4,4
41053,101,95,6,6
41054,107,107,0,0
41055,56,66,-10,10
41056,72,70,2,2
41057,141,135,6,6
41058,49,56,-7,7
41059,50,65,-15,15
41060,106,99,7,7
41061,71,64,7,7
41062,82,92,-10,10
41063,112,108,4,4
41064,114,114,0,0
41065,91,86,5,5
41066,79,72,7,7
41067,87,89,-2,2
41068,72,67,5,5
41069,140,140,0,0
41070,79,84,-5,5
41071,103,93,10,10
41072,105,95,10,10
41073,80,75,5,5
41074,63,60,3,3
41075,89,88,1,1
41076,58,67,-9,9
41077,71,61,10,10
41078,91,83,8,8
41079,64,61,3,3
41080,134,128,6,6
41081,144,138,6,6
41082,46,67,-21,21
41083,79,87,-8,8
41084,137,118,19,19
41085,71,67,4,4
41086,88,90,-2,2
41087,99,87,12,12
41088,77,78,-1,1
41089,71,70,1,1
41090,66,64,2,2
41091,57,69,-12,12
41092,107,105,2,2
41093,157,160,-3,3
41094,59,59,0,0
41095,107,114,-7,7
41096,150,135,15,15
41097,97,104,-7,7
41098,56,58,-2,2
41099,122,108,14,14
41100,118,127,-9,9
41101,98,65,33,33
41102,87,95,-8,8
41103,84,65,19,19
41104,67,67,0,0
41105,97,99,-2,2
41106,110,104,6,6
41107,75,77,-2,2
41108,49,61,-12,12
41109,121,129,-8,8
41110,124,116,8,8
41111,86,87,-1,1
41112,91,92,-1,1
41113,74,64,10,10
41114,87,74,13,13
41115,61,61,0,0
41116,76,75,1,1
41117,169,180,-11,11
41118,79,81,-2,2
41119,85,92,-7,7
41120,129,109,20,20
41121,68,70,-2,2
41122,88,103,-15,15
41123,136,120,16,16
41124,81,82,-1,1
41125,143,149,-6,6
41126,66,69,-3,3
41127,90,97,-7,7
41128,69,66,3,3
41129,129,121,8,8
41130,77,78,-1,1
41131,128,131,-3,3
41132,110,111,-1,1
41133,125,127,-2,2
41134,82,81,1,1
41135,147,137,10,10
41136,77,72,5,5
41137,81,72,9,9
41138,91,93,-2,2
41139,106,94,12,12
41140,65,77,-12,12
41141,59,60,-1,1
41142,107,112,-5,5
41143,75,81,-6,6
41144,86,94,-8,8
41145,92,79,13,13
41146,87,89,-2,2
41147,115,121,-6,6
41148,70,83,-13,13
41149,78,67,11,11
41150,77,70,7,7
41151,142,158,-16,16
41152,161,160,1,1
41153,145,125,20,20
41154,102,96,6,6
41155,68,68,0,0
41156,81,79,2,2
41157,92,91,1,1
41158,91,85,6,6
41159,87,83,4,4
41160,168,155,13,13
41161,58,64,-6,6
41162,119,100,19,19
41163,55,57,-2,2
41164,69,70,-1,1
41165,69,74,-5,5
41166,99,100,-1,1
41167,72,71,1,1
41168,82,88,-6,6
41169,134,132,2,2
41170,88,81,7,7
41171,61,65,-4,4
41172,77,72,5,5
41173,106,105,1,1
41174,89,94,-5,5
41175,90,85,5,5
41176,102,106,-4,4
41177,77,68,9,9
41178,63,67,-4,4
41179,76,74,2,2
41180,67,65,2,2
41181,64,72,-8,8
41182,66,75,-9,9
41183,126,120,6,6
41184,91,102,-11,11
41185,148,121,27,27
41186,111,105,6,6
41187,58,58,0,0
41188,93,89,4,4
41189,80,69,11,11
41190,173,171,2,2
41191,80,67,13,13
41192,117,106,11,11
41193,69,62,7,7
41194,115,109,6,6
41195,122,109,13,13
41196,76,79,-3,3
41197,89,79,10,10
41198,92,106,-14,14
41199,101,90,11,11
41200,156,136,20,20
41201,88,80,8,8
41202,61,60,1,1
41203,80,71,9,9
41204,128,122,6,6
41205,101,85,16,16
41206,114,111,3,3
41207,142,122,20,20
41208,53,54,-1,1
41209,138,132,6,6
41210,49,59,-10,10
41211,146,131,15,15
41212,91,83,8,8
41213,136,134,2,2
41214,60,62,-2,2
41215,147,132,15,15
41216,86,85,1,1
41217,71,65,6,6
41218,127,157,-30,30
41219,62,66,-4,4
41220,109,96,13,13
41221,69,65,4,4
41222,186,196,-10,10
41223,44,60,-16,16
41224,39,50,-11,11
41225,89,89,0,0
41226,113,107,6,6
41227,65,68,-3,3
41228,63,66,-3,3
41229,61,69,-8,8
41230,132,128,4,4
41231,70,73,-3,3
41232,179,181,-2,2
41233,103,105,-2,2
41234,118,101,17,17
41235,71,80,-9,9
41236,156,142,14,14
41237,95,83,12,12
41238,108,105,3,3
41239,92,94,-2,2
41240,125,108,17,17
41241,103,85,18,18
41242,87,70,17,17
41243,57,64,-7,7
41244,95,96,-1,1
41245,207,232,-25,25
41246,72,74,-2,2
41247,158,155,3,3
41248,78,76,2,2
41249,59,66,-7,7
41250,77,67,10,10
41251,78,68,10,10
41252,120,102,18,18
41253,137,133,4,4
41254,71,61,10,10
41255,117,106,11,11
41256,97,99,-2,2
41257,108,104,4,4
41258,64,75,-11,11
41259,125,109,16,16
41260,57,63,-6,6
41261,47,57,-10,10
41262,110,95,15,15
41263,173,170,3,3
41264,70,62,8,8
41265,112,105,7,7
41266,69,67,2,2
41267,95,88,7,7
41268,50,52,-2,2
41269,60,68,-8,8
41270,108,105,3,3
41271,88,87,1,1
41272,141,151,-10,10
41273,65,64,1,1
41274,111,120,-9,9
41275,110,97,13,13
41276,156,130,26,26
41277,70,88,-18,18
41278,77,68,9,9
41279,111,100,11,11
41280,77,75,2,2
41281,132,143,-11,11
41282,94,86,8,8
41283,87,99,-12,12
41284,71,83,-12,12
41285,69,68,1,1
41286,57,61,-4,4
41287,63,63,0,0
41288,170,179,-9,9
41289,99,97,2,2
41290,91,85,6,6
41291,75,78,-3,3
41292,155,154,1,1
41293,169,151,18,18
41294,121,114,7,7
41295,56,61,-5,5
41296,73,78,-5,5
41297,142,77,65,65
41298,76,78,-2,2
41299,117,161,-44,44
41300,113,109,4,4
41301,63,66,-3,3
41302,146,140,6,6
41303,71,65,6,6
41304,68,66,2,2
41305,96,91,5,5
41306,64,70,-6,6
41307,79,68,11,11
41308,77,78,-1,1
41309,54,60,-6,6
41310,81,80,1,1
41311,106,110,-4,4
41312,130,116,14,14
41313,63,55,8,8
41314,74,81,-7,7
41315,87,83,4,4
41316,97,91,6,6
41317,136,148,-12,12
41318,78,73,5,5
41319,114,111,3,3
41320,172,212,-40,40
41321,69,89,-20,20
41322,55,83,-28,28
41323,68,66,2,2
41324,84,74,10,10
41325,64,51,13,13
41326,44,55,-11,11
41327,98,98,0,0
41328,118,124,-6,6
41329,115,106,9,9
41330,151,153,-2,2
41331,66,62,4,4
41332,150,128,22,22
41333,94,84,10,10
41334,83,88,-5,5
41335,138,122,16,16
41336,96,94,2,2
41337,117,109,8,8
41338,32,60,-28,28
41339,167,161,6,6
41340,162,145,17,17
41341,120,124,-4,4
41342,84,84,0,0
41343,64,70,-6,6
41344,147,138,9,9
41345,74,79,-5,5
41346,42,63,-21,21
41347,65,74,-9,9
41348,87,70,17,17
41349,101,112,-11,11
41350,64,72,-8,8
41351,54,66,-12,12
41352,99,101,-2,2
41353,60,71,-11,11
41354,62,70,-8,8
41355,134,124,10,10
41356,79,83,-4,4
41357,74,78,-4,4
41358,103,107,-4,4
41359,160,157,3,3
41360,103,99,4,4
41361,96,88,8,8
41362,66,60,6,6
41363,72,72,0,0
41364,69,72,-3,3
41365,115,107,8,8
41366,74,74,0,0
41367,47,61,-14,14
41368,116,101,15,15
41369,75,80,-5,5
41370,74,87,-13,13
41371,138,134,4,4
41372,83,82,1,1
41373,78,78,0,0
41374,144,132,12,12
41375,94,85,9,9
41376,91,81,10,10
41377,97,94,3,3
41378,79,81,-2,2
41379,87,79,8,8
41380,50,73,-23,23
41381,61,61,0,0
41382,66,82,-16,16
41383,83,82,1,1
41384,69,66,3,3
41385,117,101,16,16
41386,123,111,12,12
41387,152,129,23,23
41388,53,55,-2,2
41389,41,55,-14,14
41390,120,110,10,10
41391,50,57,-7,7
41392,103,99,4,4
41393,59,68,-9,9
41394,146,89,57,57
41395,74,68,6,6
41396,119,107,12,12
41397,100,93,7,7
41398,109,94,15,15
41399,140,124,16,16
41400,104,103,1,1
41401,118,122,-4,4
41402,129,117,12,12
41403,62,62,0,0
41404,80,77,3,3
41405,67,78,-11,11
41406,45,52,-7,7
41407,111,108,3,3
41408,110,115,-5,5
41409,68,65,3,3
41410,84,95,-11,11
41411,132,117,15,15
41412,67,65,2,2
41413,66,70,-4,4
41414,53,87,-34,34
41415,88,93,-5,5
41416,115,116,-1,1
41417,142,140,2,2
41418,134,140,-6,6
41419,108,105,3,3
41420,63,68,-5,5
41421,68,53,15,15
41422,96,82,14,14
41423,73,70,3,3
41424,88,85,3,3
41425,107,99,8,8
41426,114,127,-13,13
41427,132,128,4,4
41428,64,68,-4,4
41429,73,74,-1,1
41430,109,96,13,13
41431,65,69,-4,4
41432,138,106,32,32
41433,103,92,11,11
41434,132,122,10,10
41435,67,65,2,2
41436,70,75,-5,5
41437,114,123,-9,9
41438,54,64,-10,10
41439,87,79,8,8
41440,57,56,1,1
41441,163,178,-15,15
41442,83,79,4,4
41443,48,57,-9,9
41444,62,67,-5,5
41445,110,96,14,14
41446,64,57,7,7
41447,154,155,-1,1
41448,119,111,8,8
41449,81,79,2,2
41450,76,78,-2,2
41451,125,108,17,17
41452,82,78,4,4
41453,140,139,1,1
41454,58,70,-12,12
41455,90,81,9,9
41456,94,91,3,3
41457,70,72,-2,2
41458,126,118,8,8
41459,42,53,-11,11
41460,96,99,-3,3
41461,144,127,17,17
41462,84,76,8,8
41463,91,74,17,17
41464,89,81,8,8
41465,68,67,1,1
41466,74,74,0,0
41467,73,75,-2,2
41468,95,85,10,10
41469,141,112,29,29
41470,144,129,15,15
41471,115,116,-1,1
41472,126,108,18,18
41473,81,75,6,6
41474,70,58,12,12
41475,101,102,-1,1
41476,36,54,-18,18
41477,103,94,9,9
41478,50,57,-7,7
41479,108,98,10,10
41480,168,187,-19,19
41481,89,91,-2,2
41482,128,118,10,10
41483,87,76,11,11
41484,72,64,8,8
41485,166,165,1,1
41486,75,78,-3,3
41487,116,119,-3,3
41488,66,66,0,0
41489,89,85,4,4
41490,72,74,-2,2
41491,103,113,-10,10
41492,82,85,-3,3
41493,108,113,-5,5
41494,115,104,11,11
41495,154,185,-31,31
41496,96,91,5,5
41497,70,75,-5,5
41498,105,96,9,9
41499,103,102,1,1
41500,80,82,-2,2
41501,167,134,33,33
41502,131,132,-1,1
41503,87,80,7,7
41504,83,79,4,4
41505,221,217,4,4
41506,67,76,-9,9
41507,114,104,10,10
41508,88,71,17,17
41509,80,69,11,11
41510,183,170,13,13
41511,67,69,-2,2
41512,172,166,6,6
41513,56,60,-4,4
41514,60,55,5,5
41515,60,71,-11,11
41516,77,79,-2,2
41517,85,76,9,9
41518,64,67,-3,3
41519,88,91,-3,3
41520,143,123,20,20
41521,148,144,4,4
41522,73,61,12,12
41523,97,100,-3,3
41524,85,87,-2,2
41525,62,52,10,10
41526,82,83,-1,1
41527,63,53,10,10
41528,55,59,-4,4
41529,133,121,12,12
41530,96,90,6,6
41531,98,98,0,0
41532,67,70,-3,3
41533,104,105,-1,1
41534,118,190,-72,72
41535,83,88,-5,5
41536,110,110,0,0
41537,138,131,7,7
41538,79,67,12,12
41539,75,70,5,5
41540,67,67,0,0
41541,59,65,-6,6
41542,63,65,-2,2
41543,125,123,2,2
41544,156,164,-8,8
41545,88,72,16,16
41546,106,104,2,2
41547,88,76,12,12
41548,126,128,-2,2
41549,71,79,-8,8
41550,109,105,4,4
41551,61,103,-42,42
41552,100,107,-7,7
41553,157,144,13,13
41554,168,169,-1,1
41555,110,101,9,9
41556,92,89,3,3
41557,118,129,-11,11
41558,159,155,4,4
41559,67,71,-4,4
41560,78,85,-7,7
41561,93,81,12,12
41562,76,69,7,7
41563,156,159,-3,3
41564,63,73,-10,10
41565,87,83,4,4
41566,79,72,7,7
41567,56,58,-2,2
41568,65,65,0,0
41569,99,99,0,0
41570,90,67,23,23
41571,108,108,0,0
41572,59,57,2,2
41573,48,72,-24,24
41574,73,71,2,2
41575,111,100,11,11
41576,69,73,-4,4
41577,149,128,21,21
41578,87,75,12,12
41579,87,77,10,10
41580,85,84,1,1
41581,112,92,20,20
41582,78,82,-4,4
41583,74,67,7,7
41584,85,82,3,3
41585,77,84,-7,7
41586,113,104,9,9
41587,106,97,9,9
41588,61,74,-13,13
41589,82,84,-2,2
41590,115,115,0,0
41591,51,54,-3,3
41592,109,91,18,18
41593,61,63,-2,2
41594,60,60,0,0
41595,129,120,9,9
41596,152,128,24,24
41597,90,79,11,11
41598,204,183,21,21
41599,95,91,4,4
41600,81,80,1,1
41601,75,69,6,6
41602,95,85,10,10
41603,108,108,0,0
41604,140,122,18,18
41605,47,57,-10,10
41606,92,86,6,6
41607,127,123,4,4
41608,64,68,-4,4
41609,86,79,7,7
41610,83,78,5,5
41611,86,93,-7,7
41612,110,98,12,12
41613,128,131,-3,3
41614,152,142,10,10
41615,106,105,1,1
41616,71,67,4,4
41617,70,73,-3,3
41618,71,69,2,2
41619,80,75,5,5
41620,10,67,-57,57
41621,95,84,11,11
41622,88,84,4,4
41623,55,58,-3,3
41624,96,77,19,19
41625,114,100,14,14
41626,113,100,13,13
41627,115,98,17,17
41628,50,61,-11,11
41629,130,123,7,7
41630,130,122,8,8
41631,85,80,5,5
41632,72,69,3,3
41633,177,177,0,0
41634,90,95,-5,5
41635,131,144,-13,13
41636,68,68,0,0
41637,46,55,-9,9
41638,96,98,-2,2
41639,161,151,10,10
41640,60,63,-3,3
41641,73,84,-11,11
41642,50,61,-11,11
41643,60,60,0,0
41644,122,114,8,8
41645,136,143,-7,7
41646,90,83,7,7
41647,131,124,7,7
41648,95,90,5,5
41649,66,72,-6,6
41650,105,114,-9,9
41651,82,80,2,2
41652,107,100,7,7
41653,61,60,1,1
41654,136,127,9,9
41655,128,133,-5,5
41656,66,65,1,1
41657,125,125,0,0
41658,69,66,3,3
41659,68,76,-8,8
41660,84,83,1,1
41661,47,59,-12,12
41662,77,72,5,5
41663,113,98,15,15
41664,155,162,-7,7
41665,88,96,-8,8
41666,76,73,3,3
41667,104,146,-42,42
41668,43,56,-13,13
41669,69,65,4,4
41670,94,99,-5,5
41671,121,114,7,7
41672,178,154,24,24
41673,69,68,1,1
41674,113,115,-2,2
41675,118,113,5,5
41676,86,79,7,7
41677,71,74,-3,3
41678,112,101,11,11
41679,114,106,8,8
41680,68,68,0,0
41681,75,81,-6,6
41682,103,86,17,17
41683,71,60,11,11
41684,57,58,-1,1
41685,88,77,11,11
41686,165,165,0,0
41687,79,85,-6,6
41688,133,134,-1,1
41689,125,116,9,9
41690,91,106,-15,15
41691,117,111,6,6
41692,108,95,13,13
41693,101,99,2,2
41694,61,61,0,0
41695,170,163,7,7
41696,152,137,15,15
41697,86,86,0,0
41698,89,88,1,1
41699,137,127,10,10
41700,107,97,10,10
41701,145,123,22,22
41702,152,157,-5,5
41703,89,65,24,24
41704,81,70,11,11
41705,102,100,2,2
41706,85,85,0,0
41707,70,72,-2,2
41708,85,82,3,3
41709,105,101,4,4
41710,79,62,17,17
41711,55,67,-12,12
41712,94,85,9,9
41713,49,57,-8,8
41714,42,51,-9,9
41715,302,280,22,22
41716,116,104,12,12
41717,68,62,6,6
41718,81,79,2,2
41719,98,120,-22,22
41720,120,108,12,12
41721,135,138,-3,3
41722,85,88,-3,3
41723,76,81,-5,5
41724,125,121,4,4
41725,26,55,-29,29
41726,111,96,15,15
41727,152,138,14,14
41728,85,78,7,7
41729,99,99,0,0
41730,98,88,10,10
41731,99,95,4,4
41732,81,68,13,13
41733,98,99,-1,1
41734,101,82,19,19
41735,64,72,-8,8
41736,185,187,-2,2
41737,97,84,13,13
41738,93,98,-5,5
41739,65,78,-13,13
41740,89,87,2,2
41741,53,56,-3,3
41742,96,85,11,11
41743,133,132,1,1
41744,149,135,14,14
41745,155,142,13,13
41746,86,83,3,3
41747,64,63,1,1
41748,133,117,16,16
41749,119,131,-12,12
41750,70,74,-4,4
41751,57,56,1,1
41752,56,60,-4,4
41753,55,62,-7,7
41754,57,59,-2,2
41755,106,109,-3,3
41756,85,100,-15,15
41757,80,75,5,5
41758,71,73,-2,2
41759,79,90,-11,11
41760,72,73,-1,1
41761,67,64,3,3
41762,200,199,1,1
41763,55,62,-7,7
41764,103,100,3,3
41765,80,72,8,8
41766,113,115,-2,2
41767,34,75,-41,41
41768,77,72,5,5
41769,145,143,2,2
41770,143,153,-10,10
41771,100,89,11,11
41772,53,84,-31,31
41773,61,90,-29,29
41774,109,112,-3,3
41775,86,70,16,16
41776,72,77,-5,5
41777,86,87,-1,1
41778,115,126,-11,11
41779,74,75,-1,1
41780,85,82,3,3
41781,97,89,8,8
41782,111,98,13,13
41783,63,76,-13,13
41784,104,103,1,1
41785,101,102,-1,1
41786,110,103,7,7
41787,72,69,3,3
41788,128,119,9,9
41789,74,85,-11,11
41790,108,95,13,13
41791,110,102,8,8
41792,68,57,11,11
41793,41,61,-20,20
41794,153,168,-15,15
41795,115,116,-1,1
41796,58,59,-1,1
41797,45,67,-22,22
41798,92,74,18,18
41799,57,64,-7,7
41800,125,107,18,18
41801,82,87,-5,5
41802,61,64,-3,3
41803,148,138,10,10
41804,72,64,8,8
41805,108,105,3,3
41806,97,101,-4,4
41807,134,122,12,12
41808,50,51,-1,1
41809,66,74,-8,8
41810,61,58,3,3
41811,91,88,3,3
41812,133,124,9,9
41813,131,114,17,17
41814,67,68,-1,1
41815,112,113,-1,1
41816,100,117,-17,17
41817,193,168,25,25
41818,90,69,21,21
41819,77,68,9,9
41820,80,75,5,5
41821,117,116,1,1
41822,87,89,-2,2
41823,64,69,-5,5
41824,61,82,-21,21
41825,120,125,-5,5
41826,119,116,3,3
41827,137,126,11,11
41828,54,62,-8,8
41829,162,151,11,11
41830,152,164,-12,12
41831,69,67,2,2
41832,80,93,-13,13
41833,92,93,-1,1
41834,96,97,-1,1
41835,107,103,4,4
41836,71,67,4,4
41837,83,85,-2,2
41838,89,94,-5,5
41839,121,111,10,10
41840,81,73,8,8
41841,112,112,0,0
41842,147,121,26,26
41843,62,62,0,0
41844,129,121,8,8
41845,74,70,4,4
41846,168,153,15,15
41847,47,61,-14,14
41848,128,134,-6,6
41849,49,50,-1,1
41850,56,66,-10,10
41851,89,82,7,7
41852,67,67,0,0
41853,68,71,-3,3
41854,114,108,6,6
41855,137,143,-6,6
41856,122,112,10,10
41857,74,74,0,0
41858,67,71,-4,4
41859,129,125,4,4
41860,139,149,-10,10
41861,62,61,1,1
41862,100,86,14,14
41863,88,85,3,3
41864,64,68,-4,4
41865,92,79,13,13
41866,119,140,-21,21
41867,81,84,-3,3
41868,59,53,6,6
41869,106,99,7,7
41870,94,89,5,5
41871,112,93,19,19
41872,80,79,1,1
41873,101,109,-8,8
41874,135,125,10,10
41875,135,120,15,15
41876,104,88,16,16
41877,85,80,5,5
41878,176,171,5,5
41879,79,75,4,4
41880,69,68,1,1
41881,41,49,-8,8
41882,47,56,-9,9
41883,67,65,2,2
41884,69,75,-6,6
41885,51,71,-20,20
41886,73,82,-9,9
41887,108,89,19,19
41888,47,50,-3,3
41889,120,129,-9,9
41890,117,101,16,16
41891,91,97,-6,6
41892,110,115,-5,5
41893,82,75,7,7
41894,97,85,12,12
41895,92,80,12,12
41896,72,70,2,2
41897,74,66,8,8
41898,80,90,-10,10
41899,49,52,-3,3
41900,133,126,7,7
41901,85,82,3,3
41902,116,117,-1,1
41903,72,60,12,12
41904,125,127,-2,2
41905,91,84,7,7
41906,103,95,8,8
41907,110,102,8,8
41908,102,106,-4,4
41909,111,101,10,10
41910,50,62,-12,12
41911,50,69,-19,19
41912,106,101,5,5
41913,79,75,4,4
41914,138,131,7,7
41915,110,112,-2,2
41916,59,66,-7,7
41917,72,77,-5,5
41918,190,169,21,21
41919,93,81,12,12
41920,47,55,-8,8
41921,46,58,-12,12
41922,135,130,5,5
41923,56,63,-7,7
41924,67,66,1,1
41925,101,102,-1,1
41926,78,71,7,7
41927,61,65,-4,4
41928,43,62,-19,19
41929,142,134,8,8
41930,88,84,4,4
41931,119,120,-1,1
41932,146,131,15,15
41933,93,85,8,8
41934,109,105,4,4
41935,105,103,2,2
41936,98,97,1,1
41937,75,64,11,11
41938,78,78,0,0
41939,101,113,-12,12
41940,88,101,-13,13
41941,133,135,-2,2
41942,66,70,-4,4
41943,101,98,3,3
41944,94,91,3,3
41945,86,83,3,3
41946,95,90,5,5
41947,96,104,-8,8
41948,83,81,2,2
41949,119,86,33,33
41950,116,112,4,4
41951,92,89,3,3
41952,89,88,1,1
41953,215,245,-30,30
41954,96,95,1,1
41955,138,130,8,8
41956,73,70,3,3
41957,72,68,4,4
41958,83,84,-1,1
41959,119,110,9,9
41960,83,78,5,5
41961,140,124,16,16
41962,164,148,16,16
41963,105,91,14,14
41964,109,83,26,26
41965,100,93,7,7
41966,95,96,-1,1
41967,85,69,16,16
41968,83,84,-1,1
41969,148,145,3,3
41970,95,109,-14,14
41971,110,127,-17,17
41972,104,109,-5,5
41973,125,136,-11,11
41974,110,122,-12,12
41975,109,102,7,7
41976,87,81,6,6
41977,166,164,2,2
41978,68,73,-5,5
41979,104,86,18,18
41980,127,103,24,24
41981,60,65,-5,5
41982,106,92,14,14
41983,58,63,-5,5
41984,59,55,4,4
41985,98,98,0,0
41986,150,151,-1,1
41987,107,108,-1,1
41988,75,70,5,5
41989,95,96,-1,1
41990,82,83,-1,1
41991,101,85,16,16
41992,63,63,0,0
41993,81,69,12,12
41994,60,62,-2,2
41995,121,111,10,10
41996,110,104,6,6
41997,73,68,5,5
41998,62,65,-3,3
41999,66,71,-5,5
42000,87,89,-2,2
42001,130,134,-4,4
42002,84,90,-6,6
42003,142,140,2,2
42004,61,66,-5,5
42005,109,100,9,9
42006,147,136,11,11
42007,37,55,-18,18
42008,246,208,38,38
42009,61,60,1,1
42010,111,97,14,14
42011,92,103,-11,11
42012,133,145,-12,12
42013,161,149,12,12
42014,128,132,-4,4
42015,73,71,2,2
42016,115,119,-4,4
42017,159,161,-2,2
42018,75,68,7,7
42019,85,97,-12,12
42020,79,76,3,3
42021,103,98,5,5
42022,109,113,-4,4
42023,89,91,-2,2
42024,158,161,-3,3
42025,86,82,4,4
42026,114,96,18,18
42027,145,139,6,6
42028,83,71,12,12
42029,142,147,-5,5
42030,48,60,-12,12
42031,69,68,1,1
42032,90,103,-13,13
42033,152,142,10,10
42034,72,81,-9,9
42035,93,91,2,2
42036,59,65,-6,6
42037,142,142,0,0
42038,95,86,9,9
42039,152,135,17,17
42040,87,82,5,5
42041,79,66,13,13
42042,80,84,-4,4
42043,89,89,0,0
42044,74,68,6,6
42045,78,67,11,11
42046,100,91,9,9
42047,92,91,1,1
42048,135,127,8,8
42049,112,107,5,5
42050,109,113,-4,4
42051,86,75,11,11
42052,80,76,4,4
42053,92,102,-10,10
42054,93,86,7,7
42055,111,112,-1,1
42056,64,60,4,4
42057,96,79,17,17
42058,79,87,-8,8
42059,148,167,-19,19
42060,74,87,-13,13
42061,91,77,14,14
42062,85,80,5,5
42063,104,96,8,8
42064,132,132,0,0
42065,75,88,-13,13
42066,175,185,-10,10
42067,77,75,2,2
42068,92,83,9,9
42069,150,149,1,1
42070,35,60,-25,25
42071,79,62,17,17
42072,57,60,-3,3
42073,70,59,11,11
42074,117,132,-15,15
42075,84,76,8,8
42076,51,76,-25,25
42077,88,89,-1,1
42078,83,79,4,4
42079,89,74,15,15
42080,79,77,2,2
42081,76,69,7,7
42082,50,56,-6,6
42083,102,97,5,5
42084,111,132,-21,21
42085,82,85,-3,3
42086,114,124,-10,10
42087,99,74,25,25
42088,111,99,12,12
42089,99,106,-7,7
42090,68,60,8,8
42091,159,148,11,11
42092,78,68,10,10
42093,43,52,-9,9
42094,64,62,2,2
42095,77,79,-2,2
42096,38,46,-8,8
42097,39,59,-20,20
42098,87,100,-13,13
42099,89,86,3,3
42100,101,98,3,3
42101,115,109,6,6
42102,101,94,7,7
42103,52,58,-6,6
42104,68,67,1,1
42105,57,54,3,3
42106,97,96,1,1
42107,80,81,-1,1
42108,95,92,3,3
42109,155,153,2,2
42110,74,79,-5,5
42111,104,91,13,13
42112,63,61,2,2
42113,28,44,-16,16
42114,96,82,14,14
42115,104,108,-4,4
42116,118,105,13,13
42117,81,72,9,9
42118,58,55,3,3
42119,85,99,-14,14
42120,59,74,-15,15
42121,91,96,-5,5
42122,120,111,9,9
42123,58,56,2,2
42124,89,81,8,8
42125,101,103,-2,2
42126,89,82,7,7
42127,68,58,10,10
42128,122,111,11,11
42129,71,76,-5,5
42130,71,70,1,1
42131,75,90,-15,15
42132,130,145,-15,15
42133,103,95,8,8
42134,114,106,8,8
42135,145,148,-3,3
42136,108,100,8,8
42137,102,99,3,3
42138,107,107,0,0
42139,97,95,2,2
42140,94,84,10,10
42141,70,71,-1,1
42142,91,88,3,3
42143,92,98,-6,6
42144,60,67,-7,7
42145,83,83,0,0
42146,92,74,18,18
42147,106,110,-4,4
42148,47,62,-15,15
42149,72,76,-4,4
42150,137,134,3,3
42151,69,64,5,5
42152,69,67,2,2
42153,123,119,4,4
42154,77,83,-6,6
42155,74,63,11,11
42156,144,155,-11,11
42157,132,140,-8,8
42158,109,96,13,13
42159,93,91,2,2
42160,56,64,-8,8
42161,125,121,4,4
42162,54,63,-9,9
42163,127,111,16,16
42164,96,96,0,0
42165,106,100,6,6
42166,98,106,-8,8
42167,97,86,11,11
42168,65,66,-1,1
42169,91,79,12,12
42170,90,91,-1,1
42171,135,120,15,15
42172,109,126,-17,17
42173,101,113,-12,12
42174,80,67,13,13
42175,105,105,0,0
42176,64,71,-7,7
42177,155,152,3,3
42178,119,118,1,1
42179,76,66,10,10
42180,122,105,17,17
42181,59,62,-3,3
42182,63,68,-5,5
42183,92,87,5,5
42184,101,97,4,4
42185,100,98,2,2
42186,88,93,-5,5
42187,98,90,8,8
42188,153,143,10,10
42189,92,84,8,8
42190,76,71,5,5
42191,110,102,8,8
42192,86,88,-2,2
42193,130,127,3,3
42194,126,131,-5,5
42195,78,70,8,8
42196,77,79,-2,2
42197,104,104,0,0
42198,126,135,-9,9
42199,79,70,9,9
42200,117,122,-5,5
42201,45,56,-11,11
42202,100,100,0,0
42203,83,67,16,16
42204,134,129,5,5
42205,83,81,2,2
42206,90,100,-10,10
42207,86,80,6,6
42208,89,79,10,10
42209,60,72,-12,12
42210,78,78,0,0
42211,120,118,2,2
42212,72,78,-6,6
42213,104,98,6,6
42214,188,168,20,20
42215,93,91,2,2
42216,159,148,11,11
42217,80,81,-1,1
42218,96,97,-1,1
42219,114,117,-3,3
42220,113,110,3,3
42221,62,62,0,0
42222,140,135,5,5
42223,157,148,9,9
42224,61,73,-12,12
42225,95,104,-9,9
42226,130,125,5,5
42227,134,139,-5,5
42228,84,82,2,2
42229,83,75,8,8
42230,96,93,3,3
42231,85,77,8,8
42232,117,123,-6,6
42233,49,70,-21,21
42234,55,58,-3,3
42235,116,90,26,26
42236,65,76,-11,11
42237,86,74,12,12
42238,58,77,-19,19
42239,55,55,0,0
42240,109,97,12,12
42241,109,99,10,10
42242,115,104,11,11
42243,131,107,24,24
42244,79,78,1,1
42245,74,78,-4,4
42246,114,107,7,7
42247,125,120,5,5
42248,90,86,4,4
42249,81,82,-1,1
42250,109,104,5,5
42251,90,84,6,6
42252,58,51,7,7
42253,67,67,0,0
42254,88,80,8,8
42255,71,78,-7,7
42256,118,128,-10,10
42257,109,110,-1,1
42258,75,89,-14,14
42259,38,53,-15,15
42260,173,155,18,18
42261,153,161,-8,8
42262,66,59,7,7
42263,58,64,-6,6
42264,44,60,-16,16
42265,86,76,10,10
42266,100,89,11,11
42267,86,86,0,0
42268,106,100,6,6
42269,80,81,-1,1
42270,84,79,5,5
42271,76,69,7,7
42272,96,84,12,12
42273,90,87,3,3
42274,116,122,-6,6
42275,196,161,35,35
42276,103,104,-1,1
42277,95,87,8,8
42278,68,67,1,1
42279,96,84,12,12
42280,109,103,6,6
42281,86,84,2,2
42282,174,184,-10,10
42283,78,81,-3,3
42284,47,48,-1,1
42285,96,85,11,11
42286,92,88,4,4
42287,79,72,7,7
42288,85,84,1,1
42289,113,117,-4,4
42290,96,100,-4,4
42291,80,66,14,14
42292,43,52,-9,9
42293,93,97,-4,4
42294,63,69,-6,6
42295,96,90,6,6
42296,103,96,7,7
42297,53,63,-10,10
42298,99,95,4,4
42299,79,78,1,1
42300,70,75,-5,5
42301,106,95,11,11
42302,104,144,-40,40
42303,141,144,-3,3
42304,99,86,13,13
42305,96,82,14,14
42306,55,54,1,1
42307,99,94,5,5
42308,116,108,8,8
42309,64,97,-33,33
42310,152,133,19,19
42311,63,64,-1,1
42312,78,69,9,9
42313,123,137,-14,14
42314,126,126,0,0
42315,79,69,10,10
42316,92,78,14,14
42317,94,104,-10,10
42318,200,204,-4,4
42319,157,157,0,0
42320,80,74,6,6
42321,57,65,-8,8
42322,141,130,11,11
42323,60,70,-10,10
42324,85,83,2,2
42325,54,71,-17,17
42326,159,168,-9,9
42327,150,137,13,13
42328,87,77,10,10
42329,47,61,-14,14
42330,96,96,0,0
42331,82,81,1,1
42332,74,52,22,22
42333,120,117,3,3
42334,109,82,27,27
42335,86,91,-5,5
42336,129,108,21,21
42337,196,198,-2,2
42338,178,175,3,3
42339,105,93,12,12
42340,61,65,-4,4
42341,67,64,3,3
42342,109,105,4,4
42343,111,122,-11,11
42344,52,65,-13,13
42345,89,82,7,7
42346,71,78,-7,7
42347,111,111,0,0
42348,40,60,-20,20
42349,79,84,-5,5
42350,99,90,9,9
42351,96,93,3,3
42352,63,63,0,0
42353,103,124,-21,21
42354,97,105,-8,8
42355,90,92,-2,2
42356,119,100,19,19
42357,176,171,5,5
42358,97,102,-5,5
42359,131,138,-7,7
42360,86,81,5,5
42361,77,68,9,9
42362,84,77,7,7
42363,70,76,-6,6
42364,109,103,6,6
42365,121,107,14,14
42366,125,138,-13,13
42367,150,123,27,27
42368,103,101,2,2
42369,151,138,13,13
42370,58,67,-9,9
42371,64,61,3,3
42372,122,123,-1,1
42373,104,98,6,6
42374,92,82,10,10
42375,100,99,1,1
42376,142,133,9,9
42377,93,88,5,5
42378,120,107,13,13
42379,75,76,-1,1
42380,106,93,13,13
42381,60,77,-17,17
42382,83,80,3,3
42383,98,100,-2,2
42384,56,48,8,8
42385,37,49,-12,12
42386,97,82,15,15
42387,152,138,14,14
42388,97,91,6,6
42389,76,71,5,5
42390,80,87,-7,7
42391,56,50,6,6
42392,108,92,16,16
42393,128,96,32,32
42394,117,112,5,5
42395,103,95,8,8
42396,31,50,-19,19
42397,84,83,1,1
42398,92,93,-1,1
42399,115,128,-13,13
42400,128,130,-2,2
42401,128,118,10,10
42402,75,74,1,1
42403,72,43,29,29
42404,95,92,3,3
42405,56,61,-5,5
42406,83,88,-5,5
42407,97,99,-2,2
42408,109,96,13,13
42409,126,108,18,18
42410,135,146,-11,11
42411,75,80,-5,5
42412,73,72,1,1
42413,89,101,-12,12
42414,94,92,2,2
42415,81,78,3,3
42416,78,78,0,0
42417,79,74,5,5
42418,78,80,-2,2
42419,105,102,3,3
42420,112,105,7,7
42421,75,64,11,11
42422,98,94,4,4
42423,94,89,5,5
42424,56,68,-12,12
42425,92,78,14,14
42426,68,65,3,3
42427,104,96,8,8
42428,144,122,22,22
42429,50,60,-10,10
42430,51,61,-10,10
42431,61,60,1,1
42432,83,92,-9,9
42433,28,50,-22,22
42434,99,103,-4,4
42435,83,92,-9,9
42436,162,149,13,13
42437,104,94,10,10
42438,88,83,5,5
42439,95,84,11,11
42440,116,103,13,13
42441,144,124,20,20
42442,69,59,10,10
42443,102,106,-4,4
42444,116,116,0,0
42445,61,58,3,3
42446,108,110,-2,2
42447,55,58,-3,3
42448,142,133,9,9
42449,156,144,12,12
42450,129,115,14,14
42451,180,156,24,24
42452,111,115,-4,4
42453,179,191,-12,12
42454,89,87,2,2
42455,114,114,0,0
42456,96,85,11,11
42457,117,116,1,1
42458,64,62,2,2
42459,57,59,-2,2
42460,54,60,-6,6
42461,95,87,8,8
42462,89,64,25,25
42463,109,97,12,12
42464,76,82,-6,6
42465,67,71,-4,4
42466,65,70,-5,5
42467,76,83,-7,7
42468,92,85,7,7
42469,92,84,8,8
42470,74,71,3,3
42471,92,76,16,16
42472,80,70,10,10
42473,89,99,-10,10
42474,43,48,-5,5
42475,69,70,-1,1
42476,88,86,2,2
42477,84,85,-1,1
42478,115,108,7,7
42479,56,51,5,5
42480,95,97,-2,2
42481,80,91,-11,11
42482,80,81,-1,1
42483,98,92,6,6
42484,49,59,-10,10
42485,91,90,1,1
42486,64,60,4,4
42487,53,67,-14,14
42488,85,72,13,13
42489,98,88,10,10
42490,100,85,15,15
42491,69,71,-2,2
42492,48,61,-13,13
42493,105,91,14,14
42494,163,154,9,9
42495,150,141,9,9
42496,85,82,3,3
42497,128,124,4,4
42498,99,95,4,4
42499,103,93,10,10
42500,128,115,13,13
42501,107,111,-4,4
42502,55,67,-12,12
42503,84,81,3,3
42504,90,94,-4,4
42505,90,92,-2,2
42506,72,73,-1,1
42507,91,94,-3,3
42508,87,95,-8,8
42509,84,59,25,25
42510,42,63,-21,21
42511,65,60,5,5
42512,131,127,4,4
42513,48,65,-17,17
42514,109,96,13,13
42515,85,91,-6,6
42516,66,59,7,7
42517,83,81,2,2
42518,46,66,-20,20
42519,141,134,7,7
42520,59,67,-8,8
42521,87,90,-3,3
42522,84,82,2,2
42523,86,98,-12,12
42524,127,116,11,11
42525,111,115,-4,4
42526,102,105,-3,3
42527,65,69,-4,4
42528,70,72,-2,2
42529,61,71,-10,10
42530,104,104,0,0
42531,111,100,11,11
42532,202,198,4,4
42533,100,89,11,11
42534,136,126,10,10
42535,35,46,-11,11
42536,40,47,-7,7
42537,115,105,10,10
42538,116,109,7,7
42539,72,63,9,9
42540,108,104,4,4
42541,106,124,-18,18
42542,62,62,0,0
42543,127,112,15,15
42544,94,92,2,2
42545,89,78,11,11
42546,70,72,-2,2
42547,72,74,-2,2
42548,98,80,18,18
42549,96,89,7,7
42550,108,110,-2,2
42551,142,124,18,18
42552,77,74,3,3
42553,67,70,-3,3
42554,81,84,-3,3
42555,54,56,-2,2
42556,124,123,1,1
42557,110,115,-5,5
42558,101,96,5,5
42559,86,93,-7,7
42560,117,115,2,2
42561,111,105,6,6
42562,136,131,5,5
42563,78,77,1,1
42564,62,71,-9,9
42565,231,234,-3,3
42566,180,182,-2,2
42567,91,94,-3,3
42568,134,134,0,0
42569,80,74,6,6
42570,100,102,-2,2
42571,123,120,3,3
42572,109,105,4,4
42573,70,73,-3,3
42574,57,62,-5,5
42575,148,141,7,7
42576,76,64,12,12
42577,70,78,-8,8
42578,82,76,6,6
42579,102,107,-5,5
42580,198,199,-1,1
42581,56,62,-6,6
42582,94,86,8,8
42583,97,93,4,4
42584,103,83,20,20
42585,81,74,7,7
42586,102,97,5,5
42587,85,83,2,2
42588,165,158,7,7
42589,50,56,-6,6
42590,124,116,8,8
42591,101,99,2,2
42592,79,82,-3,3
42593,138,141,-3,3
42594,191,152,39,39
42595,162,161,1,1
42596,126,116,10,10
42597,103,101,2,2
42598,49,55,-6,6
42599,113,115,-2,2
42600,100,97,3,3
42601,118,116,2,2
42602,117,126,-9,9
42603,84,78,6,6
42604,110,97,13,13
42605,128,113,15,15
42606,105,94,11,11
42607,59,48,11,11
42608,91,90,1,1
42609,68,67,1,1
42610,72,80,-8,8
42611,135,135,0,0
42612,79,91,-12,12
42613,107,108,-1,1
42614,30,52,-22,22
42615,70,70,0,0
42616,105,103,2,2
42617,92,83,9,9
42618,177,169,8,8
42619,84,81,3,3
42620,67,75,-8,8
42621,150,124,26,26
42622,65,82,-17,17
42623,69,78,-9,9
42624,94,86,8,8
42625,87,72,15,15
42626,73,83,-10,10
42627,70,78,-8,8
42628,93,82,11,11
42629,110,105,5,5
42630,87,82,5,5
42631,109,111,-2,2
42632,71,74,-3,3
42633,103,102,1,1
42634,152,143,9,9
42635,70,75,-5,5
42636,125,115,10,10
42637,91,94,-3,3
42638,172,180,-8,8
42639,60,61,-1,1
42640,99,123,-24,24
42641,61,60,1,1
42642,91,93,-2,2
42643,94,83,11,11
42644,135,129,6,6
42645,43,61,-18,18
42646,83,82,1,1
42647,93,89,4,4
42648,116,109,7,7
42649,131,106,25,25
42650,140,149,-9,9
42651,101,103,-2,2
42652,160,152,8,8
42653,157,132,25,25
42654,147,189,-42,42
42655,151,152,-1,1
42656,162,166,-4,4
42657,52,87,-35,35
42658,77,69,8,8
42659,86,84,2,2
42660,86,89,-3,3
42661,91,85,6,6
42662,118,111,7,7
42663,103,77,26,26
42664,103,103,0,0
42665,74,76,-2,2
42666,119,112,7,7
42667,89,81,8,8
42668,107,99,8,8
42669,109,144,-35,35
42670,85,81,4,4
42671,70,66,4,4
42672,86,83,3,3
42673,105,102,3,3
42674,98,101,-3,3
42675,75,74,1,1
42676,50,62,-12,12
42677,67,65,2,2
42678,76,80,-4,4
42679,80,80,0,0
42680,124,123,1,1
42681,60,72,-12,12
42682,73,73,0,0
42683,52,59,-7,7
42684,102,101,1,1
42685,29,50,-21,21
42686,66,71,-5,5
42687,80,70,10,10
42688,76,73,3,3
42689,107,105,2,2
42690,68,61,7,7
42691,129,117,12,12
42692,51,66,-15,15
42693,131,135,-4,4
42694,73,73,0,0
42695,157,155,2,2
42696,96,92,4,4
42697,19,50,-31,31
42698,109,102,7,7
42699,67,62,5,5
42700,132,131,1,1
42701,156,132,24,24
42702,85,84,1,1
42703,90,81,9,9
42704,85,78,7,7
42705,44,55,-11,11
42706,150,140,10,10
42707,65,62,3,3
42708,91,98,-7,7
42709,63,72,-9,9
42710,80,85,-5,5
42711,163,177,-14,14
42712,110,98,12,12
42713,100,89,11,11
42714,89,78,11,11
42715,51,56,-5,5
42716,97,98,-1,1
42717,82,80,2,2
42718,85,78,7,7
42719,73,75,-2,2
42720,80,78,2,2
42721,50,65,-15,15
42722,81,80,1,1
42723,68,69,-1,1
42724,76,75,1,1
42725,75,64,11,11
42726,82,89,-7,7
42727,78,80,-2,2
42728,53,66,-13,13
42729,55,55,0,0
42730,41,62,-21,21
42731,95,84,11,11
42732,55,58,-3,3
42733,99,116,-17,17
42734,64,70,-6,6
42735,93,103,-10,10
42736,61,59,2,2
42737,95,89,6,6
42738,116,116,0,0
42739,83,71,12,12
42740,82,79,3,3
42741,137,112,25,25
42742,69,74,-5,5
42743,69,65,4,4
42744,60,64,-4,4
42745,81,91,-10,10
42746,128,126,2,2
42747,78,72,6,6
42748,79,87,-8,8
42749,74,77,-3,3
42750,69,65,4,4
42751,140,129,11,11
42752,108,115,-7,7
42753,61,55,6,6
42754,142,137,5,5
42755,42,56,-14,14
42756,68,62,6,6
42757,74,72,2,2
42758,94,93,1,1
42759,164,149,15,15
42760,77,73,4,4
42761,94,76,18,18
42762,192,199,-7,7
42763,121,121,0,0
42764,61,61,0,0
42765,120,123,-3,3
42766,103,98,5,5
42767,89,77,12,12
42768,100,91,9,9
42769,97,90,7,7
42770,64,65,-1,1
42771,165,168,-3,3
42772,74,77,-3,3
42773,65,70,-5,5
42774,39,42,-3,3
42775,183,167,16,16
42776,82,79,3,3
42777,111,101,10,10
42778,150,136,14,14
42779,89,86,3,3
42780,116,107,9,9
42781,106,104,2,2
42782,129,132,-3,3
42783,59,58,1,1
42784,161,138,23,23
42785,108,123,-15,15
42786,63,70,-7,7
42787,114,102,12,12
42788,80,78,2,2
42789,81,79,2,2
42790,72,64,8,8
42791,99,92,7,7
42792,98,78,20,20
42793,111,91,20,20
42794,120,104,16,16
42795,119,114,5,5
42796,69,71,-2,2
42797,137,128,9,9
42798,130,132,-2,2
42799,106,89,17,17
42800,58,64,-6,6
42801,144,140,4,4
42802,117,117,0,0
42803,146,160,-14,14
42804,137,142,-5,5
42805,116,125,-9,9
42806,86,79,7,7
42807,89,81,8,8
42808,107,100,7,7
42809,108,102,6,6
42810,109,94,15,15
42811,53,55,-2,2
42812,79,69,10,10
42813,59,65,-6,6
42814,84,83,1,1
42815,156,136,20,20
42816,121,118,3,3
42817,66,73,-7,7
42818,74,69,5,5
42819,47,102,-55,55
42820,106,86,20,20
42821,98,89,9,9
42822,68,71,-3,3
42823,58,65,-7,7
42824,86,83,3,3
42825,87,93,-6,6
42826,85,85,0,0
42827,143,135,8,8
42828,168,151,17,17
42829,63,67,-4,4
42830,72,118,-46,46
42831,170,187,-17,17
42832,139,154,-15,15
42833,104,105,-1,1
42834,66,50,16,16
42835,78,76,2,2
42836,66,60,6,6
42837,78,77,1,1
42838,178,173,5,5
42839,176,180,-4,4
42840,77,75,2,2
42841,51,57,-6,6
42842,112,93,19,19
42843,110,125,-15,15
42844,140,138,2,2
42845,120,110,10,10
42846,88,90,-2,2
42847,85,83,2,2
42848,166,156,10,10
42849,71,85,-14,14
42850,112,120,-8,8
42851,73,63,10,10
42852,80,84,-4,4
42853,113,124,-11,11
42854,62,62,0,0
42855,94,58,36,36
42856,145,158,-13,13
42857,131,133,-2,2
42858,103,99,4,4
42859,98,96,2,2
42860,84,77,7,7
42861,133,120,13,13
42862,144,130,14,14
42863,141,131,10,10
42864,119,102,17,17
42865,87,79,8,8
42866,79,70,9,9
42867,63,69,-6,6
42868,89,99,-10,10
42869,38,50,-12,12
42870,99,101,-2,2
42871,114,104,10,10
42872,129,119,10,10
42873,155,154,1,1
42874,87,73,14,14
42875,70,71,-1,1
42876,112,97,15,15
42877,137,123,14,14
42878,92,84,8,8
42879,145,136,9,9
42880,154,135,19,19
42881,130,122,8,8
42882,45,48,-3,3
42883,63,60,3,3
42884,58,57,1,1
42885,96,91,5,5
42886,102,95,7,7
42887,118,121,-3,3
42888,119,123,-4,4
42889,75,81,-6,6
42890,115,106,9,9
42891,94,94,0,0
42892,108,98,10,10
42893,101,91,10,10
42894,136,135,1,1
42895,110,111,-1,1
42896,127,125,2,2
42897,94,74,20,20
42898,124,105,19,19
42899,68,59,9,9
42900,128,118,10,10
42901,138,137,1,1
42902,83,82,1,1
42903,125,105,20,20
42904,63,71,-8,8
42905,133,112,21,21
42906,77,78,-1,1
42907,94,101,-7,7
42908,116,106,10,10
42909,93,92,1,1
42910,84,91,-7,7
42911,125,111,14,14
42912,123,130,-7,7
42913,92,94,-2,2
42914,155,152,3,3
42915,86,230,-144,144
42916,75,79,-4,4
42917,74,75,-1,1
42918,78,75,3,3
42919,96,82,14,14
42920,113,117,-4,4
42921,139,155,-16,16
42922,95,82,13,13
42923,83,82,1,1
42924,128,136,-8,8
42925,102,104,-2,2
42926,124,137,-13,13
42927,71,72,-1,1
42928,63,64,-1,1
42929,71,69,2,2
42930,131,135,-4,4
42931,115,132,-17,17
42932,91,81,10,10
42933,92,88,4,4
42934,59,53,6,6
42935,138,127,11,11
42936,71,71,0,0
42937,53,48,5,5
42938,103,93,10,10
42939,85,75,10,10
42940,92,93,-1,1
42941,109,112,-3,3
42942,74,75,-1,1
42943,100,91,9,9
42944,111,111,0,0
42945,112,104,8,8
42946,112,97,15,15
42947,31,49,-18,18
42948,57,56,1,1
42949,194,171,23,23
42950,75,63,12,12
42951,119,113,6,6
42952,106,103,3,3
42953,89,70,19,19
42954,75,69,6,6
42955,77,79,-2,2
42956,68,75,-7,7
42957,48,61,-13,13
42958,53,59,-6,6
42959,91,83,8,8
42960,90,101,-11,11
42961,57,63,-6,6
42962,81,76,5,5
42963,113,110,3,3
42964,89,81,8,8
42965,74,67,7,7
42966,89,93,-4,4
42967,73,81,-8,8
42968,54,54,0,0
42969,77,72,5,5
42970,108,99,9,9
42971,59,60,-1,1
42972,218,198,20,20
42973,118,134,-16,16
42974,86,92,-6,6
42975,153,156,-3,3
42976,123,120,3,3
42977,117,114,3,3
42978,51,50,1,1
42979,77,70,7,7
42980,59,57,2,2
42981,69,72,-3,3
42982,67,78,-11,11
42983,83,69,14,14
42984,137,129,8,8
42985,96,79,17,17
42986,68,62,6,6
42987,91,92,-1,1
42988,81,77,4,4
42989,79,62,17,17
42990,50,56,-6,6
42991,78,75,3,3
42992,32,45,-13,13
42993,64,63,1,1
42994,80,85,-5,5
42995,99,78,21,21
42996,131,141,-10,10
42997,48,59,-11,11
42998,77,64,13,13
42999,128,122,6,6
43000,120,119,1,1
43001,55,62,-7,7
43002,79,67,12,12
43003,85,79,6,6
43004,148,140,8,8
43005,136,131,5,5
43006,111,122,-11,11
43007,105,142,-37,37
43008,93,90,3,3
43009,79,70,9,9
43010,87,85,2,2
43011,69,76,-7,7
43012,109,94,15,15
43013,156,152,4,4
43014,106,105,1,1
43015,105,104,1,1
43016,42,61,-19,19
43017,84,67,17,17
43018,15,95,-80,80
43019,89,94,-5,5
43020,179,179,0,0
43021,65,65,0,0
43022,108,113,-5,5
43023,40,60,-20,20
43024,89,79,10,10
43025,138,130,8,8
43026,134,132,2,2
43027,102,92,10,10
43028,103,96,7,7
43029,143,131,12,12
43030,65,73,-8,8
43031,74,72,2,2
43032,116,102,14,14
43033,79,80,-1,1
43034,74,77,-3,3
43035,91,60,31,31
43036,99,89,10,10
43037,64,58,6,6
43038,120,112,8,8
43039,103,95,8,8
43040,90,81,9,9
43041,51,55,-4,4
43042,96,82,14,14
43043,77,69,8,8
43044,142,138,4,4
43045,77,61,16,16
43046,90,86,4,4
43047,141,141,0,0
43048,85,91,-6,6
43049,98,92,6,6
43050,146,145,1,1
43051,120,114,6,6
43052,107,108,-1,1
43053,97,92,5,5
43054,125,132,-7,7
43055,81,81,0,0
43056,99,105,-6,6
43057,90,89,1,1
43058,53,53,0,0
43059,88,72,16,16
43060,70,74,-4,4
43061,57,69,-12,12
43062,77,67,10,10
43063,51,60,-9,9
43064,110,110,0,0
43065,72,76,-4,4
43066,101,98,3,3
43067,177,164,13,13
43068,153,149,4,4
43069,157,157,0,0
43070,67,65,2,2
43071,63,65,-2,2
43072,208,201,7,7
43073,84,78,6,6
43074,69,73,-4,4
43075,110,88,22,22
43076,85,68,17,17
43077,37,61,-24,24
43078,142,117,25,25
43079,82,91,-9,9
43080,81,91,-10,10
43081,94,89,5,5
43082,143,143,0,0
43083,118,107,11,11
43084,86,92,-6,6
43085,76,71,5,5
43086,73,60,13,13
43087,131,116,15,15
43088,53,76,-23,23
43089,66,69,-3,3
43090,101,103,-2,2
43091,115,112,3,3
43092,136,129,7,7
43093,61,77,-16,16
43094,86,85,1,1
43095,71,78,-7,7
43096,81,79,2,2
43097,69,76,-7,7
43098,36,47,-11,11
43099,157,158,-1,1
43100,57,69,-12,12
43101,73,74,-1,1
43102,185,171,14,14
43103,62,60,2,2
43104,123,124,-1,1
43105,65,68,-3,3
43106,73,69,4,4
43107,98,101,-3,3
43108,101,94,7,7
43109,104,98,6,6
43110,83,79,4,4
43111,58,65,-7,7
43112,85,79,6,6
43113,55,52,3,3
43114,80,84,-4,4
43115,66,61,5,5
43116,83,74,9,9
43117,107,105,2,2
43118,104,96,8,8
43119,44,48,-4,4
43120,63,66,-3,3
43121,85,76,9,9
43122,133,117,16,16
43123,59,58,1,1
43124,130,108,22,22
43125,74,76,-2,2
43126,62,66,-4,4
43127,109,95,14,14
43128,71,84,-13,13
43129,55,73,-18,18
43130,142,133,9,9
43131,117,118,-1,1
43132,110,104,6,6
43133,35,54,-19,19
43134,85,85,0,0
43135,63,62,1,1
43136,79,86,-7,7
43137,101,92,9,9
43138,73,82,-9,9
43139,150,160,-10,10
43140,164,151,13,13
43141,121,120,1,1
43142,56,61,-5,5
43143,82,86,-4,4
43144,115,127,-12,12
43145,103,96,7,7
43146,80,75,5,5
43147,90,80,10,10
43148,103,96,7,7
43149,122,120,2,2
43150,113,115,-2,2
43151,62,68,-6,6
43152,120,120,0,0
43153,94,98,-4,4
43154,93,84,9,9
43155,52,54,-2,2
43156,89,78,11,11
43157,72,63,9,9
43158,65,72,-7,7
43159,92,84,8,8
43160,59,63,-4,4
43161,86,89,-3,3
43162,119,103,16,16
43163,64,64,0,0
43164,142,115,27,27
43165,80,83,-3,3
43166,68,65,3,3
43167,85,88,-3,3
43168,69,55,14,14
43169,157,154,3,3
43170,120,108,12,12
43171,135,132,3,3
43172,72,66,6,6
43173,99,91,8,8
43174,88,92,-4,4
43175,101,96,5,5
43176,72,72,0,0
43177,166,161,5,5
43178,49,60,-11,11
43179,89,78,11,11
43180,113,104,9,9
43181,113,108,5,5
43182,85,87,-2,2
43183,67,72,-5,5
43184,89,91,-2,2
43185,63,71,-8,8
43186,52,69,-17,17
43187,127,120,7,7
43188,106,101,5,5
43189,120,101,19,19
43190,97,112,-15,15
43191,57,61,-4,4
43192,68,77,-9,9
43193,105,120,-15,15
43194,106,105,1,1
43195,133,138,-5,5
43196,63,63,0,0
43197,58,66,-8,8
43198,106,103,3,3
43199,103,92,11,11
43200,71,73,-2,2
43201,103,96,7,7
43202,42,55,-13,13
43203,91,90,1,1
43204,103,109,-6,6
43205,90,84,6,6
43206,103,107,-4,4
43207,111,101,10,10
43208,132,115,17,17
43209,115,107,8,8
43210,121,119,2,2
43211,122,109,13,13
43212,132,119,13,13
43213,32,56,-24,24
43214,110,102,8,8
43215,87,87,0,0
43216,135,132,3,3
43217,102,96,6,6
43218,82,73,9,9
43219,131,113,18,18
43220,102,100,2,2
43221,52,47,5,5
43222,100,118,-18,18
43223,100,91,9,9
43224,90,89,1,1
43225,85,82,3,3
43226,61,60,1,1
43227,154,175,-21,21
43228,137,120,17,17
43229,107,91,16,16
43230,98,85,13,13
43231,92,82,10,10
43232,191,172,19,19
43233,113,121,-8,8
43234,104,104,0,0
43235,62,56,6,6
43236,80,79,1,1
43237,50,58,-8,8
43238,100,79,21,21
43239,126,128,-2,2
43240,113,102,11,11
43241,69,65,4,4
43242,62,76,-14,14
43243,52,70,-18,18
43244,118,116,2,2
43245,59,69,-10,10
43246,40,50,-10,10
43247,93,87,6,6
43248,105,106,-1,1
43249,127,112,15,15
43250,84,91,-7,7
43251,93,90,3,3
43252,121,126,-5,5
43253,94,94,0,0
43254,64,67,-3,3
43255,109,101,8,8
43256,123,144,-21,21
43257,130,119,11,11
43258,138,137,1,1
43259,67,64,3,3
43260,99,111,-12,12
43261,84,72,12,12
43262,112,125,-13,13
43263,103,102,1,1
43264,60,61,-1,1
43265,90,110,-20,20
43266,131,137,-6,6
43267,47,54,-7,7
43268,90,80,10,10
43269,81,79,2,2
43270,84,75,9,9
43271,81,72,9,9
43272,105,115,-10,10
43273,67,72,-5,5
43274,86,87,-1,1
43275,140,147,-7,7
43276,78,81,-3,3
43277,96,91,5,5
43278,102,100,2,2
43279,43,48,-5,5
43280,71,76,-5,5
43281,91,91,0,0
43282,84,83,1,1
43283,125,119,6,6
43284,50,71,-21,21
43285,90,96,-6,6
43286,68,74,-6,6
43287,129,123,6,6
43288,133,137,-4,4
43289,72,85,-13,13
43290,150,144,6,6
43291,179,175,4,4
43292,96,88,8,8
43293,72,66,6,6
43294,178,158,20,20
43295,89,93,-4,4
43296,129,112,17,17
43297,84,78,6,6
43298,87,81,6,6
43299,82,73,9,9
43300,82,94,-12,12
43301,91,82,9,9
43302,112,111,1,1
43303,88,88,0,0
43304,100,109,-9,9
43305,164,163,1,1
43306,89,92,-3,3
43307,72,77,-5,5
43308,111,109,2,2
43309,123,126,-3,3
43310,163,132,31,31
43311,65,63,2,2
43312,130,137,-7,7
43313,145,135,10,10
43314,92,93,-1,1
43315,50,57,-7,7
43316,73,77,-4,4
43317,57,71,-14,14
43318,89,74,15,15
43319,82,77,5,5
43320,67,74,-7,7
43321,91,100,-9,9
43322,112,104,8,8
43323,73,75,-2,2
43324,64,72,-8,8
43325,119,139,-20,20
43326,61,58,3,3
43327,26,51,-25,25
43328,67,67,0,0
43329,178,177,1,1
43330,97,77,20,20
43331,132,110,22,22
43332,121,122,-1,1
43333,143,120,23,23
43334,92,91,1,1
43335,78,75,3,3
43336,99,101,-2,2
43337,68,67,1,1
43338,61,59,2,2
43339,139,138,1,1
43340,162,159,3,3
43341,86,77,9,9
43342,106,105,1,1
43343,48,58,-10,10
43344,125,118,7,7
43345,123,121,2,2
43346,117,113,4,4
43347,229,219,10,10
43348,83,86,-3,3
43349,72,110,-38,38
43350,130,123,7,7
43351,49,58,-9,9
43352,124,121,3,3
43353,123,129,-6,6
43354,127,131,-4,4
43355,78,73,5,5
43356,87,107,-20,20
43357,129,112,17,17
43358,97,85,12,12
43359,129,140,-11,11
43360,69,74,-5,5
43361,84,76,8,8
43362,122,116,6,6
43363,158,144,14,14
43364,77,84,-7,7
43365,86,102,-16,16
43366,100,100,0,0
43367,93,90,3,3
43368,117,117,0,0
43369,139,132,7,7
43370,100,85,15,15
43371,162,154,8,8
43372,68,71,-3,3
43373,68,71,-3,3
43374,85,76,9,9
43375,105,95,10,10
43376,174,160,14,14
43377,85,81,4,4
43378,108,106,2,2
43379,67,69,-2,2
43380,115,113,2,2
43381,63,66,-3,3
43382,107,95,12,12
43383,99,101,-2,2
43384,52,53,-1,1
43385,87,76,11,11
43386,125,93,32,32
43387,64,62,2,2
43388,101,100,1,1
43389,118,115,3,3
43390,129,127,2,2
43391,100,101,-1,1
43392,71,62,9,9
43393,70,64,6,6
43394,70,67,3,3
43395,101,82,19,19
43396,71,67,4,4
43397,70,66,4,4
43398,115,99,16,16
43399,56,56,0,0
43400,106,95,11,11
43401,125,119,6,6
43402,104,103,1,1
43403,84,83,1,1
43404,64,63,1,1
43405,82,84,-2,2
43406,99,102,-3,3
43407,167,168,-1,1
43408,107,106,1,1
43409,91,87,4,4
43410,83,85,-2,2
43411,89,75,14,14
43412,92,93,-1,1
43413,114,100,14,14
43414,126,104,22,22
43415,133,131,2,2
43416,51,58,-7,7
43417,87,80,7,7
43418,67,62,5,5
43419,67,68,-1,1
43420,142,119,23,23
43421,139,128,11,11
43422,125,108,17,17
43423,81,71,10,10
43424,210,208,2,2
43425,113,107,6,6
43426,57,74,-17,17
43427,94,91,3,3
43428,121,86,35,35
43429,107,103,4,4
43430,38,62,-24,24
43431,81,81,0,0
43432,126,113,13,13
43433,248,260,-12,12
43434,92,78,14,14
43435,153,129,24,24
43436,127,119,8,8
43437,45,56,-11,11
43438,81,113,-32,32
43439,164,166,-2,2
43440,140,140,0,0
43441,114,114,0,0
43442,115,112,3,3
43443,87,81,6,6
43444,57,65,-8,8
43445,51,71,-20,20
43446,95,104,-9,9
43447,33,53,-20,20
43448,128,119,9,9
43449,101,90,11,11
43450,75,78,-3,3
43451,138,139,-1,1
43452,136,123,13,13
43453,63,72,-9,9
43454,80,60,20,20
43455,90,95,-5,5
43456,47,60,-13,13
43457,96,98,-2,2
43458,62,62,0,0
43459,98,90,8,8
43460,140,134,6,6
43461,84,74,10,10
43462,143,148,-5,5
43463,84,83,1,1
43464,151,151,0,0
43465,87,75,12,12
43466,107,108,-1,1
43467,118,109,9,9
43468,60,65,-5,5
43469,82,74,8,8
43470,167,164,3,3
43471,110,88,22,22
43472,98,88,10,10
43473,83,81,2,2
43474,76,75,1,1
43475,93,69,24,24
43476,102,103,-1,1
43477,76,66,10,10
43478,76,75,1,1
43479,115,109,6,6
43480,77,72,5,5
43481,98,86,12,12
43482,149,145,4,4
43483,78,84,-6,6
43484,119,114,5,5
43485,121,112,9,9
43486,46,76,-30,30
43487,67,70,-3,3
43488,129,116,13,13
43489,114,115,-1,1
43490,73,78,-5,5
43491,118,113,5,5
43492,90,84,6,6
43493,165,171,-6,6
43494,147,152,-5,5
43495,52,61,-9,9
43496,111,115,-4,4
43497,160,141,19,19
43498,88,93,-5,5
43499,105,102,3,3
43500,105,85,20,20
43501,90,100,-10,10
43502,120,128,-8,8
43503,89,82,7,7
43504,79,79,0,0
43505,82,91,-9,9
43506,122,131,-9,9
43507,96,89,7,7
43508,48,44,4,4
43509,70,59,11,11
43510,65,69,-4,4
43511,78,74,4,4
43512,133,132,1,1
43513,48,63,-15,15
43514,90,83,7,7
43515,54,58,-4,4
43516,104,95,9,9
43517,91,69,22,22
43518,112,102,10,10
43519,63,71,-8,8
43520,113,105,8,8
43521,99,87,12,12
43522,100,98,2,2
43523,69,64,5,5
43524,122,120,2,2
43525,84,78,6,6
43526,119,102,17,17
43527,103,90,13,13
43528,91,94,-3,3
43529,55,57,-2,2
43530,64,64,0,0
43531,87,71,16,16
43532,220,228,-8,8
43533,85,83,2,2
43534,63,70,-7,7
43535,64,63,1,1
43536,109,118,-9,9
43537,80,73,7,7
43538,91,84,7,7
43539,146,140,6,6
43540,125,124,1,1
43541,130,142,-12,12
43542,127,137,-10,10
43543,113,100,13,13
43544,125,125,0,0
43545,84,82,2,2
43546,111,105,6,6
43547,138,123,15,15
43548,47,69,-22,22
43549,75,75,0,0
43550,98,103,-5,5
43551,163,156,7,7
43552,140,131,9,9
43553,50,60,-10,10
43554,77,82,-5,5
43555,64,61,3,3
43556,76,68,8,8
43557,108,108,0,0
43558,53,58,-5,5
43559,65,75,-10,10
43560,197,198,-1,1
43561,182,171,11,11
43562,71,64,7,7
43563,134,119,15,15
43564,126,121,5,5
43565,54,60,-6,6
43566,132,128,4,4
43567,86,78,8,8
43568,106,103,3,3
43569,53,68,-15,15
43570,87,95,-8,8
43571,80,73,7,7
43572,150,147,3,3
43573,49,56,-7,7
43574,137,95,42,42
43575,51,56,-5,5
43576,90,84,6,6
43577,125,117,8,8
43578,110,110,0,0
43579,112,120,-8,8
43580,51,54,-3,3
43581,105,89,16,16
43582,110,108,2,2
43583,93,88,5,5
43584,169,169,0,0
43585,97,71,26,26
43586,97,87,10,10
43587,89,93,-4,4
43588,75,71,4,4
43589,119,115,4,4
43590,93,90,3,3
43591,53,65,-12,12
43592,121,107,14,14
43593,61,66,-5,5
43594,98,101,-3,3
43595,92,89,3,3
43596,63,63,0,0
43597,101,85,16,16
43598,180,162,18,18
43599,70,76,-6,6
43600,66,75,-9,9
43601,121,195,-74,74
43602,100,101,-1,1
43603,151,144,7,7
43604,44,69,-25,25
43605,93,87,6,6
43606,79,61,18,18
43607,133,117,16,16
43608,51,69,-18,18
43609,111,108,3,3
43610,83,83,0,0
43611,93,107,-14,14
43612,78,62,16,16
43613,75,70,5,5
43614,133,127,6,6
43615,128,110,18,18
43616,98,92,6,6
43617,137,119,18,18
43618,79,79,0,0
43619,90,84,6,6
43620,62,71,-9,9
43621,170,182,-12,12
43622,123,105,18,18
43623,57,64,-7,7
43624,87,90,-3,3
43625,35,62,-27,27
43626,76,74,2,2
43627,95,76,19,19
43628,63,71,-8,8
43629,74,71,3,3
43630,125,127,-2,2
43631,115,115,0,0
43632,63,69,-6,6
43633,141,139,2,2
43634,78,75,3,3
43635,71,73,-2,2
43636,90,79,11,11
43637,235,239,-4,4
43638,118,105,13,13
43639,65,66,-1,1
43640,98,92,6,6
43641,97,100,-3,3
43642,48,62,-14,14
43643,110,108,2,2
43644,96,85,11,11
43645,119,111,8,8
43646,141,135,6,6
43647,80,76,4,4
43648,88,112,-24,24
43649,93,99,-6,6
43650,141,138,3,3
43651,59,71,-12,12
43652,98,93,5,5
43653,66,78,-12,12
43654,91,92,-1,1
43655,90,80,10,10
43656,111,117,-6,6
43657,96,94,2,2
43658,103,91,12,12
43659,59,61,-2,2
43660,68,68,0,0
43661,73,71,2,2
43662,60,70,-10,10
43663,75,86,-11,11
43664,65,76,-11,11
43665,91,87,4,4
43666,53,67,-14,14
43667,97,98,-1,1
43668,66,62,4,4
43669,94,96,-2,2
43670,97,87,10,10
43671,81,71,10,10
43672,134,125,9,9
43673,96,103,-7,7
43674,115,112,3,3
43675,51,76,-25,25
43676,75,74,1,1
43677,157,141,16,16
43678,86,84,2,2
43679,147,155,-8,8
43680,85,76,9,9
43681,88,84,4,4
43682,46,53,-7,7
43683,119,122,-3,3
43684,109,102,7,7
43685,142,142,0,0
43686,95,93,2,2
43687,93,103,-10,10
43688,79,77,2,2
43689,142,133,9,9
43690,83,78,5,5
43691,93,91,2,2
43692,149,103,46,46
43693,114,96,18,18
43694,99,84,15,15
43695,125,125,0,0
43696,116,99,17,17
43697,131,136,-5,5
43698,103,89,14,14
43699,79,76,3,3
43700,171,167,4,4
43701,69,76,-7,7
43702,78,84,-6,6
43703,67,77,-10,10
43704,82,74,8,8
43705,110,117,-7,7
43706,171,171,0,0
43707,46,59,-13,13
43708,60,53,7,7
43709,179,175,4,4
43710,68,72,-4,4
43711,66,58,8,8
43712,67,68,-1,1
43713,87,97,-10,10
43714,61,55,6,6
43715,61,59,2,2
43716,122,128,-6,6
43717,96,91,5,5
43718,106,86,20,20
43719,54,55,-1,1
43720,76,80,-4,4
43721,111,114,-3,3
43722,44,49,-5,5
43723,163,169,-6,6
43724,71,71,0,0
43725,74,75,-1,1
43726,97,97,0,0
43727,134,127,7,7
43728,82,72,10,10
43729,79,96,-17,17
43730,138,122,16,16
43731,82,89,-7,7
43732,152,143,9,9
43733,111,105,6,6
43734,123,118,5,5
43735,77,71,6,6
43736,146,140,6,6
43737,82,68,14,14
43738,69,71,-2,2
43739,91,100,-9,9
43740,166,162,4,4
43741,53,59,-6,6
43742,71,67,4,4
43743,84,77,7,7
43744,68,75,-7,7
43745,94,101,-7,7
43746,101,127,-26,26
43747,106,100,6,6
43748,93,82,11,11
43749,69,66,3,3
43750,136,122,14,14
43751,90,84,6,6
43752,87,70,17,17
43753,64,64,0,0
43754,62,90,-28,28
43755,77,83,-6,6
43756,47,56,-9,9
43757,122,110,12,12
43758,67,73,-6,6
43759,87,90,-3,3
43760,84,75,9,9
43761,68,75,-7,7
43762,60,65,-5,5
43763,75,69,6,6
43764,90,90,0,0
43765,69,78,-9,9
43766,77,75,2,2
43767,82,83,-1,1
43768,127,123,4,4
43769,58,57,1,1
43770,151,135,16,16
43771,125,133,-8,8
43772,114,108,6,6
43773,106,109,-3,3
43774,85,85,0,0
43775,92,86,6,6
43776,70,61,9,9
43777,124,122,2,2
43778,97,98,-1,1
43779,71,76,-5,5
43780,146,153,-7,7
43781,93,87,6,6
43782,91,86,5,5
43783,63,64,-1,1
43784,60,58,2,2
43785,84,93,-9,9
43786,192,210,-18,18
43787,93,83,10,10
43788,133,125,8,8
43789,95,92,3,3
43790,65,60,5,5
43791,81,90,-9,9
43792,107,102,5,5
43793,131,119,12,12
43794,130,132,-2,2
43795,68,71,-3,3
43796,77,74,3,3
43797,112,119,-7,7
43798,67,69,-2,2
43799,91,94,-3,3
43800,90,90,0,0
43801,125,126,-1,1
43802,69,66,3,3
43803,106,102,4,4
43804,110,102,8,8
43805,65,59,6,6
43806,87,73,14,14
43807,60,51,9,9
43808,91,85,6,6
43809,153,144,9,9
43810,95,90,5,5
43811,150,133,17,17
43812,61,67,-6,6
43813,169,168,1,1
43814,76,75,1,1
43815,93,88,5,5
43816,75,73,2,2
43817,76,85,-9,9
43818,85,97,-12,12
43819,63,63,0,0
43820,86,89,-3,3
43821,111,109,2,2
43822,81,75,6,6
43823,225,181,44,44
43824,49,56,-7,7
43825,90,91,-1,1
43826,67,65,2,2
43827,109,115,-6,6
43828,103,93,10,10
43829,73,72,1,1
43830,137,134,3,3
43831,93,91,2,2
43832,68,63,5,5
43833,82,91,-9,9
43834,66,78,-12,12
43835,110,86,24,24
43836,170,185,-15,15
43837,104,96,8,8
43838,73,74,-1,1
43839,137,132,5,5
43840,55,56,-1,1
43841,52,64,-12,12
43842,95,92,3,3
43843,48,52,-4,4
43844,67,77,-10,10
43845,64,70,-6,6
43846,71,59,12,12
43847,77,72,5,5
43848,66,68,-2,2
43849,78,73,5,5
43850,71,68,3,3
43851,117,124,-7,7
43852,83,78,5,5
43853,43,63,-20,20
43854,100,96,4,4
43855,50,63,-13,13
43856,140,141,-1,1
43857,86,100,-14,14
43858,63,57,6,6
43859,91,89,2,2
43860,113,105,8,8
43861,63,63,0,0
43862,61,66,-5,5
43863,78,88,-10,10
43864,34,51,-17,17
43865,90,99,-9,9
43866,47,57,-10,10
43867,64,67,-3,3
43868,58,75,-17,17
43869,116,122,-6,6
43870,117,113,4,4
43871,84,88,-4,4
43872,105,104,1,1
43873,86,85,1,1
43874,68,8,60,60
43875,131,141,-10,10
43876,77,78,-1,1
43877,76,69,7,7
43878,117,100,17,17
43879,97,92,5,5
43880,123,112,11,11
43881,98,92,6,6
43882,71,73,-2,2
43883,127,123,4,4
43884,56,58,-2,2
43885,122,110,12,12
43886,49,60,-11,11
43887,60,65,-5,5
43888,115,104,11,11
43889,78,79,-1,1
43890,46,57,-11,11
43891,119,116,3,3
43892,129,142,-13,13
43893,66,64,2,2
43894,142,142,0,0
43895,79,73,6,6
43896,71,75,-4,4
43897,144,137,7,7
43898,106,111,-5,5
43899,77,81,-4,4
43900,74,79,-5,5
43901,69,76,-7,7
43902,88,80,8,8
43903,59,57,2,2
43904,123,107,16,16
43905,54,63,-9,9
43906,43,55,-12,12
43907,155,134,21,21
43908,68,68,0,0
43909,131,132,-1,1
43910,146,138,8,8
43911,102,84,18,18
43912,80,83,-3,3
43913,57,58,-1,1
43914,81,84,-3,3
43915,104,115,-11,11
43916,39,52,-13,13
43917,78,82,-4,4
43918,112,112,0,0
43919,44,88,-44,44
43920,79,77,2,2
43921,132,125,7,7
43922,117,103,14,14
43923,80,76,4,4
43924,88,85,3,3
43925,61,64,-3,3
43926,57,55,2,2
43927,123,120,3,3
43928,60,59,1,1
43929,113,103,10,10
43930,64,71,-7,7
43931,101,88,13,13
43932,143,143,0,0
43933,71,71,0,0
43934,80,74,6,6
43935,70,70,0,0
43936,45,55,-10,10
43937,44,59,-15,15
43938,92,77,15,15
43939,67,67,0,0
43940,63,59,4,4
43941,139,134,5,5
43942,127,116,11,11
43943,69,68,1,1
43944,136,125,11,11
43945,109,116,-7,7
43946,120,116,4,4
43947,63,61,2,2
43948,50,54,-4,4
43949,97,86,11,11
43950,103,93,10,10
43951,89,90,-1,1
43952,85,67,18,18
43953,173,165,8,8
43954,128,122,6,6
43955,171,164,7,7
43956,49,67,-18,18
43957,99,85,14,14
43958,129,139,-10,10
43959,85,88,-3,3
43960,102,92,10,10
43961,124,127,-3,3
43962,122,109,13,13
43963,137,128,9,9
43964,89,109,-20,20
43965,51,50,1,1
43966,81,97,-16,16
43967,88,83,5,5
43968,76,73,3,3
43969,111,115,-4,4
43970,86,77,9,9
43971,131,125,6,6
43972,23,50,-27,27
43973,109,105,4,4
43974,84,78,6,6
43975,101,98,3,3
43976,139,140,-1,1
43977,58,74,-16,16
43978,71,66,5,5
43979,95,84,11,11
43980,70,60,10,10
43981,65,66,-1,1
43982,95,86,9,9
43983,109,104,5,5
43984,57,65,-8,8
43985,103,96,7,7
43986,184,170,14,14
43987,80,77,3,3
43988,103,95,8,8
43989,94,125,-31,31
43990,62,69,-7,7
43991,110,84,26,26
43992,109,109,0,0
43993,47,68,-21,21
43994,107,108,-1,1
43995,184,172,12,12
43996,122,131,-9,9
43997,155,162,-7,7
43998,66,72,-6,6
43999,63,60,3,3
44000,104,128,-24,24
44001,100,88,12,12
44002,82,93,-11,11
44003,162,164,-2,2
44004,122,125,-3,3
44005,78,134,-56,56
44006,71,60,11,11
44007,131,105,26,26
44008,113,92,21,21
44009,84,84,0,0
44010,65,62,3,3
44011,81,87,-6,6
44012,93,85,8,8
44013,67,72,-5,5
44014,148,127,21,21
44015,72,87,-15,15
44016,106,99,7,7
44017,79,84,-5,5
44018,113,111,2,2
44019,66,66,0,0
44020,68,69,-1,1
44021,63,66,-3,3
44022,81,96,-15,15
44023,117,114,3,3
44024,70,105,-35,35
44025,78,71,7,7
44026,165,170,-5,5
44027,40,48,-8,8
44028,85,94,-9,9
44029,73,104,-31,31
44030,104,92,12,12
44031,129,122,7,7
44032,116,105,11,11
44033,115,114,1,1
44034,82,76,6,6
44035,84,91,-7,7
44036,82,88,-6,6
44037,29,70,-41,41
44038,64,65,-1,1
44039,66,60,6,6
44040,114,107,7,7
44041,146,126,20,20
44042,65,64,1,1
44043,42,59,-17,17
44044,157,149,8,8
44045,89,85,4,4
44046,116,139,-23,23
44047,54,61,-7,7
44048,77,76,1,1
44049,79,87,-8,8
44050,137,127,10,10
44051,67,68,-1,1
44052,105,106,-1,1
44053,149,117,32,32
44054,57,65,-8,8
44055,104,111,-7,7
44056,89,99,-10,10
44057,82,87,-5,5
44058,106,118,-12,12
44059,191,183,8,8
44060,87,82,5,5
44061,58,70,-12,12
44062,114,108,6,6
44063,114,114,0,0
44064,118,114,4,4
44065,159,147,12,12
44066,58,58,0,0
44067,95,95,0,0
44068,74,70,4,4
44069,135,119,16,16
44070,134,139,-5,5
44071,87,71,16,16
44072,130,117,13,13
44073,119,117,2,2
44074,142,132,10,10
44075,152,147,5,5
44076,105,96,9,9
44077,63,73,-10,10
44078,92,81,11,11
44079,75,61,14,14
44080,96,84,12,12
44081,75,63,12,12
44082,56,53,3,3
44083,72,72,0,0
44084,89,90,-1,1
44085,58,62,-4,4
44086,76,70,6,6
44087,90,94,-4,4
44088,73,78,-5,5
44089,78,80,-2,2
44090,110,119,-9,9
44091,174,152,22,22
44092,104,80,24,24
44093,94,94,0,0
44094,165,150,15,15
44095,107,96,11,11
44096,78,80,-2,2
44097,90,86,4,4
44098,124,120,4,4
44099,129,115,14,14
44100,66,61,5,5
44101,73,83,-10,10
44102,139,145,-6,6
44103,72,73,-1,1
44104,140,133,7,7
44105,93,93,0,0
44106,135,127,8,8
44107,56,55,1,1
44108,76,73,3,3
44109,102,79,23,23
44110,102,104,-2,2
44111,130,119,11,11
44112,152,144,8,8
44113,76,77,-1,1
44114,178,189,-11,11
44115,85,80,5,5
44116,78,68,10,10
44117,97,109,-12,12
44118,113,121,-8,8
44119,81,80,1,1
44120,65,73,-8,8
44121,42,58,-16,16
44122,72,81,-9,9
44123,115,109,6,6
44124,80,82,-2,2
44125,39,51,-12,12
44126,85,72,13,13
44127,101,86,15,15
44128,158,142,16,16
44129,91,89,2,2
44130,68,67,1,1
44131,112,107,5,5
44132,161,168,-7,7
44133,147,157,-10,10
44134,63,63,0,0
44135,60,71,-11,11
44136,84,84,0,0
44137,112,103,9,9
44138,129,119,10,10
44139,136,137,-1,1
44140,130,130,0,0
44141,74,80,-6,6
44142,111,102,9,9
44143,118,109,9,9
44144,60,59,1,1
44145,59,66,-7,7
44146,90,88,2,2
44147,72,72,0,0
44148,118,117,1,1
44149,63,60,3,3
44150,91,85,6,6
44151,106,108,-2,2
44152,89,93,-4,4
44153,111,114,-3,3
44154,131,130,1,1
44155,85,87,-2,2
44156,97,99,-2,2
44157,41,71,-30,30
44158,104,105,-1,1
44159,137,143,-6,6
44160,110,101,9,9
44161,50,70,-20,20
44162,143,149,-6,6
44163,110,113,-3,3
44164,79,92,-13,13
44165,79,74,5,5
44166,71,73,-2,2
44167,116,119,-3,3
44168,89,74,15,15
44169,85,80,5,5
44170,62,70,-8,8
44171,105,89,16,16
44172,110,107,3,3
44173,68,92,-24,24
44174,125,134,-9,9
44175,120,109,11,11
44176,118,112,6,6
44177,63,63,0,0
44178,42,57,-15,15
44179,49,55,-6,6
44180,96,81,15,15
44181,107,110,-3,3
44182,108,117,-9,9
44183,94,91,3,3
44184,89,88,1,1
44185,117,113,4,4
44186,120,121,-1,1
44187,71,68,3,3
44188,71,67,4,4
44189,58,64,-6,6
44190,90,98,-8,8
44191,118,102,16,16
44192,43,71,-28,28
44193,78,79,-1,1
44194,159,141,18,18
44195,99,104,-5,5
44196,92,93,-1,1
44197,148,135,13,13
44198,97,75,22,22
44199,84,87,-3,3
44200,45,56,-11,11
44201,63,65,-2,2
44202,117,97,20,20
44203,122,114,8,8
44204,115,103,12,12
44205,110,102,8,8
44206,114,112,2,2
44207,71,67,4,4
44208,132,134,-2,2
44209,73,73,0,0
44210,137,128,9,9
44211,79,68,11,11
44212,79,66,13,13
44213,106,99,7,7
44214,99,89,10,10
44215,77,97,-20,20
44216,127,135,-8,8
44217,96,88,8,8
44218,66,62,4,4
44219,63,66,-3,3
44220,95,93,2,2
44221,97,95,2,2
44222,42,53,-11,11
44223,60,53,7,7
44224,59,68,-9,9
44225,66,67,-1,1
44226,140,95,45,45
44227,64,70,-6,6
44228,72,71,1,1
44229,85,81,4,4
44230,119,94,25,25
44231,99,90,9,9
44232,133,122,11,11
44233,75,78,-3,3
44234,66,70,-4,4
44235,102,91,11,11
44236,63,69,-6,6
44237,133,116,17,17
44238,144,138,6,6
44239,141,123,18,18
44240,97,103,-6,6
44241,90,94,-4,4
44242,124,122,2,2
44243,123,120,3,3
44244,191,185,6,6
44245,62,59,3,3
44246,58,61,-3,3
44247,98,89,9,9
44248,113,110,3,3
44249,107,93,14,14
44250,106,102,4,4
44251,95,94,1,1
44252,144,137,7,7
44253,50,54,-4,4
44254,195,174,21,21
44255,122,95,27,27
44256,97,92,5,5
44257,71,67,4,4
44258,153,145,8,8
44259,67,66,1,1
44260,51,56,-5,5
44261,65,73,-8,8
44262,78,73,5,5
44263,87,82,5,5
44264,72,75,-3,3
44265,81,68,13,13
44266,149,145,4,4
44267,119,95,24,24
44268,102,94,8,8
44269,93,90,3,3
44270,116,110,6,6
44271,125,117,8,8
44272,138,130,8,8
44273,75,78,-3,3
44274,100,96,4,4
44275,107,88,19,19
44276,91,116,-25,25
44277,135,131,4,4
44278,47,66,-19,19
44279,95,81,14,14
44280,88,92,-4,4
44281,71,72,-1,1
44282,110,129,-19,19
44283,108,104,4,4
44284,49,48,1,1
44285,48,58,-10,10
44286,93,82,11,11
44287,94,95,-1,1
44288,140,132,8,8
44289,68,60,8,8
44290,79,89,-10,10
44291,147,148,-1,1
44292,107,88,19,19
44293,77,75,2,2
44294,87,86,1,1
44295,183,195,-12,12
44296,123,114,9,9
44297,143,132,11,11
44298,94,89,5,5
44299,96,86,10,10
44300,85,86,-1,1
44301,112,110,2,2
44302,82,80,2,2
44303,103,96,7,7
44304,98,107,-9,9
44305,104,114,-10,10
44306,81,75,6,6
44307,57,65,-8,8
44308,113,135,-22,22
44309,80,74,6,6
44310,117,114,3,3
44311,68,64,4,4
44312,76,72,4,4
44313,69,75,-6,6
44314,86,95,-9,9
44315,107,87,20,20
44316,63,72,-9,9
44317,127,122,5,5
44318,87,78,9,9
44319,82,74,8,8
44320,92,91,1,1
44321,78,77,1,1
44322,117,103,14,14
44323,93,96,-3,3
44324,116,116,0,0
44325,51,54,-3,3
44326,80,69,11,11
44327,126,130,-4,4
44328,48,58,-10,10
44329,183,176,7,7
44330,61,69,-8,8
44331,128,129,-1,1
44332,95,83,12,12
44333,107,97,10,10
44334,87,92,-5,5
44335,136,137,-1,1
44336,49,56,-7,7
44337,77,65,12,12
44338,114,107,7,7
44339,139,129,10,10
44340,90,90,0,0
44341,164,187,-23,23
44342,124,127,-3,3
44343,115,109,6,6
44344,111,102,9,9
44345,144,143,1,1
44346,72,73,-1,1
44347,121,119,2,2
44348,131,116,15,15
44349,99,95,4,4
44350,55,59,-4,4
44351,125,115,10,10
44352,43,73,-30,30
44353,75,65,10,10
44354,71,68,3,3
44355,62,68,-6,6
44356,86,78,8,8
44357,78,83,-5,5
44358,101,100,1,1
44359,81,81,0,0
44360,144,130,14,14
44361,121,104,17,17
44362,84,79,5,5
44363,91,83,8,8
44364,108,124,-16,16
44365,84,75,9,9
44366,96,88,8,8
44367,130,135,-5,5
44368,53,63,-10,10
44369,111,119,-8,8
44370,65,63,2,2
44371,138,130,8,8
44372,39,62,-23,23
44373,54,55,-1,1
44374,48,48,0,0
44375,62,64,-2,2
44376,110,108,2,2
44377,88,81,7,7
44378,92,77,15,15
44379,124,112,12,12
44380,86,77,9,9
44381,89,97,-8,8
44382,96,95,1,1
44383,50,54,-4,4
44384,92,86,6,6
44385,70,71,-1,1
44386,101,94,7,7
44387,143,133,10,10
44388,128,146,-18,18
44389,83,80,3,3
44390,59,62,-3,3
44391,131,129,2,2
44392,79,78,1,1
44393,66,63,3,3
44394,110,84,26,26
44395,99,98,1,1
44396,100,100,0,0
44397,92,90,2,2
44398,115,106,9,9
44399,87,74,13,13
44400,105,97,8,8
44401,77,73,4,4
44402,93,88,5,5
44403,124,125,-1,1
44404,71,76,-5,5
44405,68,72,-4,4
44406,107,110,-3,3
44407,130,123,7,7
44408,32,52,-20,20
44409,96,122,-26,26
44410,82,68,14,14
44411,73,66,7,7
44412,57,86,-29,29
44413,60,65,-5,5
44414,61,66,-5,5
44415,127,112,15,15
44416,67,56,11,11
44417,148,135,13,13
44418,111,86,25,25
44419,119,114,5,5
44420,86,79,7,7
44421,88,80,8,8
44422,68,76,-8,8
44423,65,73,-8,8
44424,64,72,-8,8
44425,158,136,22,22
44426,144,123,21,21
44427,91,89,2,2
44428,63,64,-1,1
44429,88,94,-6,6
44430,122,108,14,14
44431,51,65,-14,14
44432,124,133,-9,9
44433,118,100,18,18
44434,49,58,-9,9
44435,94,75,19,19
44436,69,69,0,0
44437,168,161,7,7
44438,79,75,4,4
44439,70,71,-1,1
44440,199,185,14,14
44441,43,50,-7,7
44442,85,83,2,2
44443,51,63,-12,12
44444,135,121,14,14
44445,57,76,-19,19
44446,191,202,-11,11
44447,94,98,-4,4
44448,109,115,-6,6
44449,76,71,5,5
44450,175,179,-4,4
44451,126,129,-3,3
44452,143,135,8,8
44453,101,97,4,4
44454,50,62,-12,12
44455,84,85,-1,1
44456,94,85,9,9
44457,110,104,6,6
44458,170,153,17,17
44459,149,137,12,12
44460,94,87,7,7
44461,102,99,3,3
44462,118,133,-15,15
44463,112,110,2,2
44464,108,104,4,4
44465,58,67,-9,9
44466,39,102,-63,63
44467,112,100,12,12
44468,107,115,-8,8
44469,61,52,9,9
44470,99,87,12,12
44471,62,75,-13,13
44472,119,110,9,9
44473,105,90,15,15
44474,93,79,14,14
44475,109,103,6,6
44476,132,132,0,0
44477,83,119,-36,36
44478,46,64,-18,18
44479,170,161,9,9
44480,217,194,23,23
44481,119,122,-3,3
44482,140,162,-22,22
44483,106,103,3,3
44484,100,90,10,10
44485,61,63,-2,2
44486,111,134,-23,23
44487,117,104,13,13
44488,68,78,-10,10
44489,94,93,1,1
44490,74,71,3,3
44491,109,115,-6,6
44492,98,116,-18,18
44493,103,94,9,9
44494,78,82,-4,4
44495,80,79,1,1
44496,83,74,9,9
44497,76,77,-1,1
44498,110,111,-1,1
44499,152,150,2,2
44500,81,73,8,8
44501,133,137,-4,4
44502,66,71,-5,5
44503,102,94,8,8
44504,102,95,7,7
44505,53,55,-2,2
44506,139,136,3,3
44507,133,119,14,14
44508,57,62,-5,5
44509,61,63,-2,2
44510,116,99,17,17
44511,97,83,14,14
44512,187,167,20,20
44513,62,54,8,8
44514,102,91,11,11
44515,62,68,-6,6
44516,48,59,-11,11
44517,108,113,-5,5
44518,68,65,3,3
44519,112,110,2,2
44520,154,141,13,13
44521,76,80,-4,4
44522,110,119,-9,9
44523,89,90,-1,1
44524,128,118,10,10
44525,61,64,-3,3
44526,60,70,-10,10
44527,143,146,-3,3
44528,107,105,2,2
44529,76,74,2,2
44530,79,78,1,1
44531,65,66,-1,1
44532,104,106,-2,2
44533,145,138,7,7
44534,86,71,15,15
44535,83,81,2,2
44536,88,92,-4,4
44537,178,153,25,25
44538,116,121,-5,5
44539,105,123,-18,18
44540,72,82,-10,10
44541,77,74,3,3
44542,56,63,-7,7
44543,109,91,18,18
44544,45,49,-4,4
44545,106,97,9,9
44546,42,58,-16,16
44547,118,112,6,6
44548,102,104,-2,2
44549,47,68,-21,21
44550,70,85,-15,15
44551,103,100,3,3
44552,123,127,-4,4
44553,170,162,8,8
44554,124,130,-6,6
44555,98,104,-6,6
44556,57,67,-10,10
44557,122,139,-17,17
44558,59,59,0,0
44559,107,89,18,18
44560,73,72,1,1
44561,65,69,-4,4
44562,53,67,-14,14
44563,152,147,5,5
44564,81,67,14,14
44565,87,88,-1,1
44566,77,74,3,3
44567,129,128,1,1
44568,165,161,4,4
44569,111,110,1,1
44570,108,106,2,2
44571,67,61,6,6
44572,78,76,2,2
44573,105,103,2,2
44574,72,75,-3,3
44575,75,85,-10,10
44576,85,77,8,8
44577,57,57,0,0
44578,115,118,-3,3
44579,74,71,3,3
44580,170,168,2,2
44581,90,91,-1,1
44582,85,79,6,6
44583,65,66,-1,1
44584,45,58,-13,13
44585,160,159,1,1
44586,160,146,14,14
44587,99,105,-6,6
44588,62,87,-25,25
44589,121,112,9,9
44590,129,125,4,4
44591,98,101,-3,3
44592,104,93,11,11
44593,69,72,-3,3
44594,75,67,8,8
44595,95,90,5,5
44596,118,114,4,4
44597,94,129,-35,35
44598,100,100,0,0
44599,129,120,9,9
44600,118,110,8,8
44601,57,156,-99,99
44602,68,67,1,1
44603,123,122,1,1
44604,93,88,5,5
44605,53,47,6,6
44606,92,90,2,2
44607,78,80,-2,2
44608,175,155,20,20
44609,115,131,-16,16
44610,70,71,-1,1
44611,161,144,17,17
44612,61,66,-5,5
44613,64,60,4,4
44614,86,90,-4,4
44615,84,90,-6,6
44616,152,105,47,47
44617,116,116,0,0
44618,53,58,-5,5
44619,57,63,-6,6
44620,68,68,0,0
44621,178,170,8,8
44622,93,90,3,3
44623,120,110,10,10
44624,136,135,1,1
44625,39,52,-13,13
44626,102,89,13,13
44627,167,174,-7,7
44628,65,71,-6,6
44629,50,53,-3,3
44630,80,66,14,14
44631,126,121,5,5
44632,67,65,2,2
44633,59,62,-3,3
44634,116,112,4,4
44635,95,91,4,4
44636,57,69,-12,12
44637,75,87,-12,12
44638,99,97,2,2
44639,94,80,14,14
44640,65,66,-1,1
44641,90,86,4,4
44642,126,97,29,29
44643,86,91,-5,5
44644,103,96,7,7
44645,92,101,-9,9
44646,120,121,-1,1
44647,86,73,13,13
44648,19,54,-35,35
44649,138,134,4,4
44650,86,87,-1,1
44651,126,136,-10,10
44652,103,90,13,13
44653,89,81,8,8
44654,71,70,1,1
44655,63,72,-9,9
44656,76,76,0,0
44657,154,157,-3,3
44658,64,62,2,2
44659,73,68,5,5
44660,61,56,5,5
44661,57,69,-12,12
44662,142,153,-11,11
44663,193,171,22,22
44664,58,91,-33,33
44665,89,100,-11,11
44666,88,86,2,2
44667,121,118,3,3
44668,110,103,7,7
44669,116,111,5,5
44670,100,94,6,6
44671,62,77,-15,15
44672,100,107,-7,7
44673,146,124,22,22
44674,33,52,-19,19
44675,105,104,1,1
44676,93,98,-5,5
44677,48,58,-10,10
44678,74,70,4,4
44679,55,52,3,3
44680,77,71,6,6
44681,83,59,24,24
44682,162,153,9,9
44683,59,63,-4,4
44684,196,190,6,6
44685,95,89,6,6
44686,64,64,0,0
44687,107,104,3,3
44688,163,163,0,0
44689,78,67,11,11
44690,66,75,-9,9
44691,62,68,-6,6
44692,109,93,16,16
44693,77,80,-3,3
44694,125,116,9,9
44695,103,91,12,12
44696,81,76,5,5
44697,50,68,-18,18
44698,116,136,-20,20
44699,70,70,0,0
44700,68,56,12,12
44701,96,86,10,10
44702,155,137,18,18
44703,128,132,-4,4
44704,75,85,-10,10
44705,116,111,5,5
44706,88,92,-4,4
44707,100,91,9,9
44708,73,67,6,6
44709,140,141,-1,1
44710,106,110,-4,4
44711,87,86,1,1
44712,78,80,-2,2
44713,92,97,-5,5
44714,109,102,7,7
44715,69,70,-1,1
44716,174,183,-9,9
44717,60,65,-5,5
44718,61,61,0,0
44719,59,57,2,2
44720,124,111,13,13
44721,85,80,5,5
44722,136,110,26,26
44723,118,111,7,7
44724,81,80,1,1
44725,80,88,-8,8
44726,69,68,1,1
44727,60,66,-6,6
44728,63,60,3,3
44729,46,54,-8,8
44730,61,66,-5,5
44731,65,87,-22,22
44732,104,113,-9,9
44733,144,129,15,15
44734,73,81,-8,8
44735,77,65,12,12
44736,96,90,6,6
44737,71,75,-4,4
44738,74,75,-1,1
44739,60,57,3,3
44740,80,81,-1,1
44741,74,77,-3,3
44742,168,156,12,12
44743,145,131,14,14
44744,86,88,-2,2
44745,137,130,7,7
44746,121,114,7,7
44747,91,74,17,17
44748,68,72,-4,4
44749,78,67,11,11
44750,84,79,5,5
44751,150,142,8,8
44752,103,83,20,20
44753,79,72,7,7
44754,63,65,-2,2
44755,70,72,-2,2
44756,229,211,18,18
44757,130,147,-17,17
44758,81,81,0,0
44759,112,95,17,17
44760,134,121,13,13
44761,82,73,9,9
44762,152,237,-85,85
44763,90,90,0,0
44764,105,113,-8,8
44765,138,136,2,2
44766,95,95,0,0
44767,86,71,15,15
44768,91,82,9,9
44769,58,71,-13,13
44770,130,115,15,15
44771,154,147,7,7
44772,69,73,-4,4
44773,158,128,30,30
44774,136,127,9,9
44775,56,67,-11,11
44776,86,74,12,12
44777,49,56,-7,7
44778,138,131,7,7
44779,100,96,4,4
44780,146,145,1,1
44781,56,74,-18,18
44782,79,82,-3,3
44783,53,62,-9,9
44784,59,65,-6,6
44785,64,61,3,3
44786,108,94,14,14
44787,66,76,-10,10
44788,117,121,-4,4
44789,60,56,4,4
44790,51,70,-19,19
44791,104,85,19,19
44792,92,105,-13,13
44793,87,77,10,10
44794,84,101,-17,17
44795,155,146,9,9
44796,100,95,5,5
44797,43,53,-10,10
44798,72,73,-1,1
44799,124,126,-2,2
44800,116,141,-25,25
44801,159,133,26,26
44802,91,101,-10,10
44803,71,78,-7,7
44804,158,153,5,5
44805,71,75,-4,4
44806,102,90,12,12
44807,117,113,4,4
44808,94,90,4,4
44809,79,84,-5,5
44810,51,70,-19,19
44811,63,60,3,3
44812,55,71,-16,16
44813,152,130,22,22
44814,78,55,23,23
44815,54,57,-3,3
44816,80,82,-2,2
44817,59,54,5,5
44818,84,86,-2,2
44819,110,105,5,5
44820,124,99,25,25
44821,92,65,27,27
44822,126,130,-4,4
44823,130,124,6,6
44824,89,87,2,2
44825,109,106,3,3
44826,87,96,-9,9
44827,75,64,11,11
44828,225,215,10,10
44829,182,195,-13,13
44830,82,81,1,1
44831,54,58,-4,4
44832,187,176,11,11
44833,128,130,-2,2
44834,87,80,7,7
44835,92,77,15,15
44836,58,68,-10,10
44837,63,61,2,2
44838,100,89,11,11
44839,102,109,-7,7
44840,46,61,-15,15
44841,89,91,-2,2
44842,61,67,-6,6
44843,134,135,-1,1
44844,69,62,7,7
44845,118,108,10,10
44846,153,156,-3,3
44847,115,102,13,13
44848,88,75,13,13
44849,91,93,-2,2
44850,51,64,-13,13
44851,68,80,-12,12
44852,155,137,18,18
44853,52,49,3,3
44854,71,69,2,2
44855,100,97,3,3
44856,81,79,2,2
44857,168,164,4,4
44858,80,73,7,7
44859,83,84,-1,1
44860,90,96,-6,6
44861,99,90,9,9
44862,45,54,-9,9
44863,110,101,9,9
44864,118,97,21,21
44865,98,89,9,9
44866,162,136,26,26
44867,54,59,-5,5
44868,80,78,2,2
44869,91,80,11,11
44870,81,76,5,5
44871,89,87,2,2
44872,58,70,-12,12
44873,194,217,-23,23
44874,78,84,-6,6
44875,63,55,8,8
44876,61,64,-3,3
44877,98,86,12,12
44878,95,94,1,1
44879,97,88,9,9
44880,96,107,-11,11
44881,89,80,9,9
44882,154,150,4,4
44883,51,60,-9,9
44884,117,99,18,18
44885,42,65,-23,23
44886,92,88,4,4
44887,91,90,1,1
44888,162,182,-20,20
44889,75,72,3,3
44890,104,100,4,4
44891,117,110,7,7
44892,74,87,-13,13
44893,52,60,-8,8
44894,77,65,12,12
44895,83,73,10,10
44896,71,71,0,0
44897,57,71,-14,14
44898,62,60,2,2
44899,114,113,1,1
44900,58,61,-3,3
44901,120,111,9,9
44902,74,72,2,2
44903,95,70,25,25
44904,63,70,-7,7
44905,84,98,-14,14
44906,57,58,-1,1
44907,70,71,-1,1
44908,71,78,-7,7
44909,71,64,7,7
44910,140,116,24,24
44911,116,119,-3,3
44912,62,67,-5,5
44913,96,108,-12,12
44914,73,71,2,2
44915,79,75,4,4
44916,97,83,14,14
44917,80,67,13,13
44918,76,76,0,0
44919,67,63,4,4
44920,176,177,-1,1
44921,71,82,-11,11
44922,89,81,8,8
44923,75,67,8,8
44924,142,131,11,11
44925,96,85,11,11
44926,70,81,-11,11
44927,134,125,9,9
44928,123,114,9,9
44929,71,76,-5,5
44930,45,63,-18,18
44931,102,94,8,8
44932,130,136,-6,6
44933,134,129,5,5
44934,71,98,-27,27
44935,111,125,-14,14
44936,134,123,11,11
44937,131,112,19,19
44938,136,172,-36,36
44939,116,111,5,5
44940,156,135,21,21
44941,139,117,22,22
44942,102,104,-2,2
44943,69,73,-4,4
44944,81,74,7,7
44945,109,113,-4,4
44946,94,95,-1,1
44947,77,71,6,6
44948,173,187,-14,14
44949,70,68,2,2
44950,77,72,5,5
44951,95,88,7,7
44952,96,96,0,0
44953,90,89,1,1
44954,47,71,-24,24
44955,116,119,-3,3
44956,84,74,10,10
44957,62,63,-1,1
44958,128,134,-6,6
44959,83,84,-1,1
44960,90,93,-3,3
44961,86,88,-2,2
44962,113,119,-6,6
44963,153,133,20,20
44964,90,85,5,5
44965,96,96,0,0
44966,76,83,-7,7
44967,73,69,4,4
44968,98,92,6,6
44969,23,55,-32,32
44970,57,69,-12,12
44971,65,74,-9,9
44972,107,110,-3,3
44973,140,128,12,12
44974,112,94,18,18
44975,149,164,-15,15
44976,100,84,16,16
44977,100,95,5,5
44978,64,62,2,2
44979,89,92,-3,3
44980,154,146,8,8
44981,53,70,-17,17
44982,45,52,-7,7
44983,61,62,-1,1
44984,108,102,6,6
44985,88,93,-5,5
44986,109,107,2,2
44987,143,119,24,24
44988,91,105,-14,14
44989,102,102,0,0
44990,61,59,2,2
44991,85,89,-4,4
44992,121,102,19,19
44993,65,62,3,3
44994,56,59,-3,3
44995,103,104,-1,1
44996,111,101,10,10
44997,102,93,9,9
44998,99,84,15,15
44999,97,128,-31,31
45000,79,76,3,3
45001,139,133,6,6
45002,107,90,17,17
45003,166,171,-5,5
45004,51,66,-15,15
45005,75,68,7,7
45006,113,108,5,5
45007,69,68,1,1
45008,129,130,-1,1
45009,197,206,-9,9
45010,104,102,2,2
45011,99,102,-3,3
45012,86,78,8,8
45013,95,92,3,3
45014,138,130,8,8
45015,78,82,-4,4
45016,47,85,-38,38
45017,56,61,-5,5
45018,62,64,-2,2
45019,64,63,1,1
45020,105,82,23,23
45021,104,96,8,8
45022,140,126,14,14
45023,84,76,8,8
45024,126,134,-8,8
45025,82,77,5,5
45026,75,74,1,1
45027,92,90,2,2
45028,77,78,-1,1
45029,100,87,13,13
45030,140,143,-3,3
45031,67,64,3,3
45032,117,121,-4,4
45033,54,65,-11,11
45034,81,83,-2,2
45035,130,125,5,5
45036,100,90,10,10
45037,86,77,9,9
45038,57,57,0,0
45039,115,98,17,17
45040,147,150,-3,3
45041,86,91,-5,5
45042,39,56,-17,17
45043,79,78,1,1
45044,89,88,1,1
45045,70,67,3,3
45046,73,72,1,1
45047,113,102,11,11
45048,99,96,3,3
45049,78,74,4,4
45050,132,138,-6,6
45051,79,80,-1,1
45052,143,131,12,12
45053,57,63,-6,6
45054,49,74,-25,25
45055,85,86,-1,1
45056,49,76,-27,27
45057,96,83,13,13
45058,87,87,0,0
45059,151,119,32,32
45060,147,142,5,5
45061,94,90,4,4
45062,91,87,4,4
45063,56,52,4,4
45064,123,133,-10,10
45065,188,176,12,12
45066,55,51,4,4
45067,117,103,14,14
45068,106,98,8,8
45069,109,109,0,0
45070,61,60,1,1
45071,46,70,-24,24
45072,62,52,10,10
45073,102,95,7,7
45074,62,62,0,0
45075,85,77,8,8
45076,89,84,5,5
45077,96,93,3,3
45078,132,122,10,10
45079,94,94,0,0
45080,118,107,11,11
45081,73,72,1,1
45082,69,71,-2,2
45083,57,63,-6,6
45084,86,84,2,2
45085,130,116,14,14
45086,144,137,7,7
45087,67,79,-12,12
45088,64,94,-30,30
45089,85,85,0,0
45090,104,106,-2,2
45091,109,100,9,9
45092,110,101,9,9
45093,129,123,6,6
45094,97,87,10,10
45095,85,85,0,0
45096,104,96,8,8
45097,77,78,-1,1
45098,81,86,-5,5
45099,97,90,7,7
45100,130,147,-17,17
45101,67,64,3,3
45102,55,56,-1,1
45103,92,79,13,13
45104,83,89,-6,6
45105,135,148,-13,13
45106,69,60,9,9
45107,109,105,4,4
45108,98,83,15,15
45109,95,86,9,9
45110,121,117,4,4
45111,80,73,7,7
45112,79,74,5,5
45113,123,121,2,2
45114,117,103,14,14
45115,59,65,-6,6
45116,89,84,5,5
45117,82,76,6,6
45118,117,104,13,13
45119,69,75,-6,6
45120,123,113,10,10
45121,57,77,-20,20
45122,87,71,16,16
45123,105,101,4,4
45124,108,105,3,3
45125,76,77,-1,1
45126,74,92,-18,18
45127,84,69,15,15
45128,96,97,-1,1
45129,78,77,1,1
45130,76,74,2,2
45131,88,84,4,4
45132,89,85,4,4
45133,90,87,3,3
45134,60,59,1,1
45135,53,51,2,2
45136,67,63,4,4
45137,89,82,7,7
45138,149,130,19,19
45139,95,90,5,5
45140,109,110,-1,1
45141,169,168,1,1
45142,78,63,15,15
45143,122,113,9,9
45144,48,66,-18,18
45145,108,117,-9,9
45146,90,87,3,3
45147,147,138,9,9
45148,69,65,4,4
45149,112,93,19,19
45150,158,149,9,9
45151,123,125,-2,2
45152,42,62,-20,20
45153,135,126,9,9
45154,148,130,18,18
45155,109,102,7,7
45156,73,72,1,1
45157,88,78,10,10
45158,90,78,12,12
45159,55,68,-13,13
45160,83,94,-11,11
45161,54,52,2,2
45162,85,89,-4,4
45163,75,66,9,9
45164,121,122,-1,1
45165,65,57,8,8
45166,77,70,7,7
45167,102,92,10,10
45168,104,104,0,0
45169,67,61,6,6
45170,134,126,8,8
45171,107,95,12,12
45172,87,81,6,6
45173,168,160,8,8
45174,145,145,0,0
45175,127,132,-5,5
45176,168,167,1,1
45177,113,93,20,20
45178,64,65,-1,1
45179,64,55,9,9
45180,83,73,10,10
45181,83,81,2,2
45182,125,112,13,13
45183,61,68,-7,7
45184,40,56,-16,16
45185,57,60,-3,3
45186,153,148,5,5
45187,101,99,2,2
45188,83,87,-4,4
45189,89,89,0,0
45190,111,106,5,5
45191,77,75,2,2
45192,127,118,9,9
45193,128,126,2,2
45194,146,134,12,12
45195,49,59,-10,10
45196,49,61,-12,12
45197,57,68,-11,11
45198,89,83,6,6
45199,88,94,-6,6
45200,153,162,-9,9
45201,71,74,-3,3
45202,135,139,-4,4
45203,109,93,16,16
45204,73,59,14,14
45205,185,165,20,20
45206,69,67,2,2
45207,109,112,-3,3
45208,74,80,-6,6
45209,181,151,30,30
45210,96,97,-1,1
45211,93,102,-9,9
45212,60,54,6,6
45213,104,104,0,0
45214,67,77,-10,10
45215,89,99,-10,10
45216,128,115,13,13
45217,100,93,7,7
45218,96,93,3,3
45219,90,73,17,17
45220,68,67,1,1
45221,126,113,13,13
45222,54,71,-17,17
45223,106,104,2,2
45224,63,57,6,6
45225,113,96,17,17
45226,45,62,-17,17
45227,98,96,2,2
45228,156,141,15,15
45229,52,56,-4,4
45230,134,114,20,20
45231,74,89,-15,15
45232,102,100,2,2
45233,100,93,7,7
45234,62,63,-1,1
45235,82,73,9,9
45236,105,92,13,13
45237,69,76,-7,7
45238,124,132,-8,8
45239,118,107,11,11
45240,82,77,5,5
45241,63,74,-11,11
45242,70,76,-6,6
45243,68,71,-3,3
45244,121,111,10,10
45245,73,101,-28,28
45246,51,57,-6,6
45247,81,70,11,11
45248,146,128,18,18
45249,88,80,8,8
45250,101,91,10,10
45251,126,134,-8,8
45252,119,118,1,1
45253,113,121,-8,8
45254,172,157,15,15
45255,81,75,6,6
45256,90,87,3,3
45257,110,101,9,9
45258,134,145,-11,11
45259,37,63,-26,26
45260,62,75,-13,13
45261,65,65,0,0
45262,52,59,-7,7
45263,76,85,-9,9
45264,116,119,-3,3
45265,98,125,-27,27
45266,61,69,-8,8
45267,84,83,1,1
45268,153,137,16,16
45269,72,70,2,2
45270,77,79,-2,2
45271,86,81,5,5
45272,99,105,-6,6
45273,124,114,10,10
45274,66,74,-8,8
45275,76,74,2,2
45276,67,60,7,7
45277,133,116,17,17
45278,91,80,11,11
45279,71,87,-16,16
45280,207,202,5,5
45281,65,63,2,2
45282,97,98,-1,1
45283,131,132,-1,1
45284,120,106,14,14
45285,59,64,-5,5
45286,124,114,10,10
45287,74,70,4,4
45288,101,96,5,5
45289,85,82,3,3
45290,85,78,7,7
45291,137,119,18,18
45292,76,73,3,3
45293,136,134,2,2
45294,139,149,-10,10
45295,49,54,-5,5
45296,136,127,9,9
45297,75,60,15,15
45298,109,113,-4,4
45299,53,57,-4,4
45300,110,106,4,4
45301,59,64,-5,5
45302,119,118,1,1
45303,86,83,3,3
45304,139,131,8,8
45305,132,101,31,31
45306,191,195,-4,4
45307,87,79,8,8
45308,90,91,-1,1
45309,122,121,1,1
45310,73,64,9,9
45311,122,109,13,13
45312,93,93,0,0
45313,46,52,-6,6
45314,84,88,-4,4
45315,103,89,14,14
45316,39,58,-19,19
45317,96,105,-9,9
45318,72,66,6,6
45319,146,135,11,11
45320,80,87,-7,7
45321,68,78,-10,10
45322,49,55,-6,6
45323,110,98,12,12
45324,117,112,5,5
45325,121,105,16,16
45326,55,62,-7,7
45327,149,150,-1,1
45328,78,71,7,7
45329,60,65,-5,5
45330,161,162,-1,1
45331,95,97,-2,2
45332,75,61,14,14
45333,92,92,0,0
45334,112,125,-13,13
45335,67,65,2,2
45336,91,83,8,8
45337,109,95,14,14
45338,177,173,4,4
45339,105,117,-12,12
45340,82,77,5,5
45341,89,75,14,14
45342,109,90,19,19
45343,67,71,-4,4
45344,117,119,-2,2
45345,96,90,6,6
45346,49,64,-15,15
45347,110,99,11,11
45348,57,62,-5,5
45349,118,92,26,26
45350,120,108,12,12
45351,77,81,-4,4
45352,107,95,12,12
45353,60,65,-5,5
45354,70,69,1,1
45355,115,116,-1,1
45356,70,68,2,2
45357,70,70,0,0
45358,96,106,-10,10
45359,72,82,-10,10
45360,72,71,1,1
45361,67,64,3,3
45362,170,159,11,11
45363,57,70,-13,13
45364,67,63,4,4
45365,85,91,-6,6
45366,95,104,-9,9
45367,119,142,-23,23
45368,84,71,13,13
45369,65,83,-18,18
45370,225,225,0,0
45371,97,89,8,8
45372,81,82,-1,1
45373,104,100,4,4
45374,23,48,-25,25
45375,75,76,-1,1
45376,115,111,4,4
45377,111,96,15,15
45378,60,56,4,4
45379,72,68,4,4
45380,100,104,-4,4
45381,85,73,12,12
45382,60,72,-12,12
45383,55,56,-1,1
45384,120,119,1,1
45385,121,136,-15,15
45386,79,68,11,11
45387,89,89,0,0
45388,127,109,18,18
45389,86,83,3,3
45390,58,59,-1,1
45391,99,89,10,10
45392,126,118,8,8
45393,53,55,-2,2
45394,55,74,-19,19
45395,107,103,4,4
45396,67,73,-6,6
45397,83,87,-4,4
45398,81,79,2,2
45399,92,97,-5,5
45400,109,103,6,6
45401,148,140,8,8
45402,115,123,-8,8
45403,124,117,7,7
45404,103,100,3,3
45405,122,130,-8,8
45406,104,98,6,6
45407,58,54,4,4
45408,68,65,3,3
45409,83,93,-10,10
45410,51,63,-12,12
45411,84,79,5,5
45412,129,136,-7,7
45413,64,75,-11,11
45414,150,130,20,20
45415,48,64,-16,16
45416,67,61,6,6
45417,72,65,7,7
45418,101,98,3,3
45419,68,68,0,0
45420,135,120,15,15
45421,98,100,-2,2
45422,73,77,-4,4
45423,93,96,-3,3
45424,161,155,6,6
45425,58,60,-2,2
45426,125,124,1,1
45427,91,91,0,0
45428,82,77,5,5
45429,82,86,-4,4
45430,89,95,-6,6
45431,45,56,-11,11
45432,56,71,-15,15
45433,152,188,-36,36
45434,110,100,10,10
45435,81,74,7,7
45436,43,58,-15,15
45437,154,165,-11,11
45438,82,81,1,1
45439,104,102,2,2
45440,78,83,-5,5
45441,130,112,18,18
45442,66,73,-7,7
45443,86,81,5,5
45444,98,101,-3,3
45445,106,103,3,3
45446,78,72,6,6
45447,89,75,14,14
45448,84,90,-6,6
45449,111,102,9,9
45450,73,73,0,0
45451,115,139,-24,24
45452,174,169,5,5
45453,87,79,8,8
45454,102,103,-1,1
45455,77,73,4,4
45456,37,52,-15,15
45457,131,131,0,0
45458,104,97,7,7
45459,109,147,-38,38
45460,89,82,7,7
45461,108,104,4,4
45462,158,143,15,15
45463,69,67,2,2
45464,89,74,15,15
45465,42,71,-29,29
45466,97,79,18,18
45467,70,68,2,2
45468,116,114,2,2
45469,138,148,-10,10
45470,110,106,4,4
45471,105,89,16,16
45472,51,66,-15,15
45473,94,91,3,3
45474,75,72,3,3
45475,129,132,-3,3
45476,88,76,12,12
45477,100,90,10,10
45478,79,79,0,0
45479,176,183,-7,7
45480,86,78,8,8
45481,88,97,-9,9
45482,105,109,-4,4
45483,140,125,15,15
45484,72,75,-3,3
45485,111,90,21,21
45486,105,86,19,19
45487,191,182,9,9
45488,120,122,-2,2
45489,99,102,-3,3
45490,45,53,-8,8
45491,94,86,8,8
45492,80,84,-4,4
45493,85,86,-1,1
45494,74,65,9,9
45495,78,76,2,2
45496,131,113,18,18
45497,95,97,-2,2
45498,59,68,-9,9
45499,72,65,7,7
45500,108,106,2,2
45501,71,75,-4,4
45502,74,67,7,7
45503,134,146,-12,12
45504,101,97,4,4
45505,68,58,10,10
45506,127,120,7,7
45507,195,159,36,36
45508,73,79,-6,6
45509,77,80,-3,3
45510,79,70,9,9
45511,59,62,-3,3
45512,115,102,13,13
45513,79,71,8,8
45514,91,85,6,6
45515,82,79,3,3
45516,72,68,4,4
45517,63,74,-11,11
45518,89,82,7,7
45519,69,64,5,5
45520,62,93,-31,31
45521,45,49,-4,4
45522,87,92,-5,5
45523,75,86,-11,11
45524,105,100,5,5
45525,93,96,-3,3
45526,104,93,11,11
45527,86,82,4,4
45528,159,160,-1,1
45529,93,85,8,8
45530,112,109,3,3
45531,120,124,-4,4
45532,62,54,8,8
45533,108,107,1,1
45534,124,120,4,4
45535,167,155,12,12
45536,163,153,10,10
45537,113,111,2,2
45538,98,80,18,18
45539,64,68,-4,4
45540,120,113,7,7
45541,52,62,-10,10
45542,42,50,-8,8
45543,131,138,-7,7
45544,95,77,18,18
45545,85,77,8,8
45546,71,66,5,5
45547,116,108,8,8
45548,91,78,13,13
45549,94,92,2,2
45550,52,60,-8,8
45551,84,103,-19,19
45552,61,60,1,1
45553,101,103,-2,2
45554,97,96,1,1
45555,96,99,-3,3
45556,141,143,-2,2
45557,124,118,6,6
45558,72,67,5,5
45559,79,140,-61,61
45560,155,160,-5,5
45561,112,120,-8,8
45562,63,71,-8,8
45563,73,75,-2,2
45564,67,69,-2,2
45565,61,71,-10,10
45566,114,106,8,8
45567,33,53,-20,20
45568,64,64,0,0
45569,79,74,5,5
45570,149,167,-18,18
45571,97,93,4,4
45572,84,82,2,2
45573,134,134,0,0
45574,85,88,-3,3
45575,123,110,13,13
45576,97,83,14,14
45577,69,75,-6,6
45578,116,96,20,20
45579,92,75,17,17
45580,125,126,-1,1
45581,103,91,12,12
45582,99,84,15,15
45583,154,158,-4,4
45584,102,91,11,11
45585,53,54,-1,1
45586,104,101,3,3
45587,218,180,38,38
45588,57,66,-9,9
45589,154,164,-10,10
45590,141,148,-7,7
45591,113,127,-14,14
45592,69,70,-1,1
45593,87,99,-12,12
45594,126,121,5,5
45595,99,101,-2,2
45596,85,83,2,2
45597,78,75,3,3
45598,85,73,12,12
45599,77,71,6,6
45600,97,86,11,11
45601,67,76,-9,9
45602,114,107,7,7
45603,130,138,-8,8
45604,127,123,4,4
45605,66,59,7,7
45606,74,83,-9,9
45607,117,114,3,3
45608,57,66,-9,9
45609,169,172,-3,3
45610,79,77,2,2
45611,122,141,-19,19
45612,117,120,-3,3
45613,82,85,-3,3
45614,119,113,6,6
45615,105,104,1,1
45616,121,113,8,8
45617,107,106,1,1
45618,63,63,0,0
45619,76,80,-4,4
45620,141,118,23,23
45621,76,71,5,5
45622,189,140,49,49
45623,78,77,1,1
45624,105,116,-11,11
45625,69,72,-3,3
45626,95,98,-3,3
45627,55,55,0,0
45628,85,79,6,6
45629,62,66,-4,4
45630,72,77,-5,5
45631,91,83,8,8
45632,78,81,-3,3
45633,69,66,3,3
45634,58,64,-6,6
45635,104,94,10,10
45636,90,97,-7,7
45637,45,59,-14,14
45638,109,85,24,24
45639,174,189,-15,15
45640,102,113,-11,11
45641,72,73,-1,1
45642,93,98,-5,5
45643,88,119,-31,31
45644,147,138,9,9
45645,116,108,8,8
45646,71,95,-24,24
45647,59,59,0,0
45648,110,117,-7,7
45649,112,100,12,12
45650,67,50,17,17
45651,63,64,-1,1
45652,99,84,15,15
45653,71,76,-5,5
45654,61,63,-2,2
45655,145,191,-46,46
45656,59,60,-1,1
45657,91,93,-2,2
45658,97,93,4,4
45659,67,68,-1,1
45660,75,69,6,6
45661,107,91,16,16
45662,47,60,-13,13
45663,111,112,-1,1
45664,122,105,17,17
45665,145,146,-1,1
45666,133,117,16,16
45667,90,77,13,13
45668,153,149,4,4
45669,83,72,11,11
45670,44,52,-8,8
45671,64,66,-2,2
45672,74,76,-2,2
45673,98,102,-4,4
45674,117,68,49,49
45675,83,89,-6,6
45676,52,60,-8,8
45677,74,62,12,12
45678,128,120,8,8
45679,75,78,-3,3
45680,71,66,5,5
45681,72,67,5,5
45682,80,81,-1,1
45683,98,85,13,13
45684,138,141,-3,3
45685,161,163,-2,2
45686,152,153,-1,1
45687,117,109,8,8
45688,96,99,-3,3
45689,76,77,-1,1
45690,150,150,0,0
45691,71,76,-5,5
45692,127,138,-11,11
45693,93,89,4,4
45694,116,115,1,1
45695,128,120,8,8
45696,47,59,-12,12
45697,53,58,-5,5
45698,173,166,7,7
45699,84,95,-11,11
45700,74,66,8,8
45701,40,53,-13,13
45702,125,95,30,30
45703,100,108,-8,8
45704,62,58,4,4
45705,120,106,14,14
45706,163,132,31,31
45707,111,109,2,2
45708,62,64,-2,2
45709,104,111,-7,7
45710,96,93,3,3
45711,71,65,6,6
45712,94,98,-4,4
45713,109,102,7,7
45714,46,62,-16,16
45715,94,93,1,1
45716,52,58,-6,6
45717,88,86,2,2
45718,68,68,0,0
45719,193,220,-27,27
45720,137,128,9,9
45721,109,100,9,9
45722,97,98,-1,1
45723,114,93,21,21
45724,90,86,4,4
45725,57,53,4,4
45726,119,112,7,7
45727,157,158,-1,1
45728,86,75,11,11
45729,108,100,8,8
45730,82,82,0,0
45731,111,98,13,13
45732,110,100,10,10
45733,108,70,38,38
45734,92,81,11,11
45735,38,60,-22,22
45736,92,89,3,3
45737,92,80,12,12
45738,68,67,1,1
45739,74,86,-12,12
45740,83,75,8,8
45741,106,85,21,21
45742,86,86,0,0
45743,78,60,18,18
45744,155,174,-19,19
45745,116,111,5,5
45746,129,96,33,33
45747,99,95,4,4
45748,114,111,3,3
45749,103,89,14,14
45750,82,67,15,15
45751,50,53,-3,3
45752,86,79,7,7
45753,82,75,7,7
45754,82,98,-16,16
45755,50,50,0,0
45756,88,74,14,14
45757,86,80,6,6
45758,103,88,15,15
45759,60,65,-5,5
45760,68,66,2,2
45761,86,64,22,22
45762,85,81,4,4
45763,80,82,-2,2
45764,58,58,0,0
45765,63,77,-14,14
45766,117,112,5,5
45767,97,106,-9,9
45768,59,68,-9,9
45769,66,67,-1,1
45770,121,124,-3,3
45771,77,75,2,2
45772,47,47,0,0
45773,61,64,-3,3
45774,128,121,7,7
45775,225,208,17,17
45776,145,137,8,8
45777,125,127,-2,2
45778,40,58,-18,18
45779,94,87,7,7
45780,103,101,2,2
45781,137,133,4,4
45782,151,137,14,14
45783,98,100,-2,2
45784,115,111,4,4
45785,77,71,6,6
45786,75,84,-9,9
45787,75,77,-2,2
45788,117,105,12,12
45789,133,138,-5,5
45790,89,92,-3,3
45791,92,87,5,5
45792,66,65,1,1
45793,26,55,-29,29
45794,135,118,17,17
45795,82,86,-4,4
45796,44,52,-8,8
45797,79,60,19,19
45798,135,141,-6,6
45799,122,130,-8,8
45800,177,185,-8,8
45801,93,82,11,11
45802,54,56,-2,2
45803,104,112,-8,8
45804,69,68,1,1
45805,64,72,-8,8
45806,113,119,-6,6
45807,69,66,3,3
45808,127,131,-4,4
45809,115,108,7,7
45810,75,67,8,8
45811,81,79,2,2
45812,35,48,-13,13
45813,120,118,2,2
45814,86,88,-2,2
45815,111,105,6,6
45816,149,131,18,18
45817,86,83,3,3
45818,122,120,2,2
45819,80,78,2,2
45820,91,90,1,1
45821,106,106,0,0
45822,30,52,-22,22
45823,84,81,3,3
45824,159,129,30,30
45825,76,74,2,2
45826,73,70,3,3
45827,78,79,-1,1
45828,271,251,20,20
45829,138,136,2,2
45830,72,74,-2,2
45831,77,73,4,4
45832,94,92,2,2
45833,101,105,-4,4
45834,72,68,4,4
45835,101,103,-2,2
45836,120,112,8,8
45837,159,172,-13,13
45838,78,84,-6,6
45839,78,80,-2,2
45840,106,97,9,9
45841,87,101,-14,14
45842,62,58,4,4
45843,106,107,-1,1
45844,127,136,-9,9
45845,101,88,13,13
45846,56,64,-8,8
45847,41,59,-18,18
45848,83,74,9,9
45849,128,127,1,1
45850,86,78,8,8
45851,82,84,-2,2
45852,104,98,6,6
45853,116,135,-19,19
45854,115,85,30,30
45855,81,66,15,15
45856,82,93,-11,11
45857,88,83,5,5
45858,115,114,1,1
45859,170,173,-3,3
45860,110,108,2,2
45861,228,207,21,21
45862,161,152,9,9
45863,72,79,-7,7
45864,171,161,10,10
45865,117,113,4,4
45866,116,110,6,6
45867,60,58,2,2
45868,113,119,-6,6
45869,121,108,13,13
45870,41,55,-14,14
45871,98,86,12,12
45872,83,78,5,5
45873,56,62,-6,6
45874,107,96,11,11
45875,90,92,-2,2
45876,91,94,-3,3
45877,68,70,-2,2
45878,131,122,9,9
45879,95,80,15,15
45880,93,82,11,11
45881,99,89,10,10
45882,195,174,21,21
45883,124,117,7,7
45884,124,120,4,4
45885,44,47,-3,3
45886,63,66,-3,3
45887,175,165,10,10
45888,127,112,15,15
45889,113,113,0,0
45890,118,94,24,24
45891,99,105,-6,6
45892,89,85,4,4
45893,64,68,-4,4
45894,73,68,5,5
45895,104,94,10,10
45896,50,55,-5,5
45897,94,80,14,14
45898,115,111,4,4
45899,91,90,1,1
45900,80,77,3,3
45901,81,85,-4,4
45902,80,74,6,6
45903,100,94,6,6
45904,123,120,3,3
45905,89,72,17,17
45906,71,62,9,9
45907,162,141,21,21
45908,152,131,21,21
45909,69,63,6,6
45910,81,88,-7,7
45911,71,73,-2,2
45912,90,81,9,9
45913,104,95,9,9
45914,106,84,22,22
45915,66,68,-2,2
45916,66,66,0,0
45917,79,98,-19,19
45918,45,47,-2,2
45919,89,81,8,8
45920,105,97,8,8
45921,59,55,4,4
45922,103,87,16,16
45923,116,113,3,3
45924,93,94,-1,1
45925,116,128,-12,12
45926,133,121,12,12
45927,86,84,2,2
45928,86,73,13,13
45929,65,68,-3,3
45930,139,131,8,8
45931,117,120,-3,3
45932,67,66,1,1
45933,119,104,15,15
45934,81,90,-9,9
45935,127,123,4,4
45936,142,132,10,10
45937,87,88,-1,1
45938,70,74,-4,4
45939,79,81,-2,2
45940,119,115,4,4
45941,73,67,6,6
45942,72,60,12,12
45943,87,88,-1,1
45944,108,103,5,5
45945,120,118,2,2
45946,82,74,8,8
45947,97,96,1,1
45948,73,73,0,0
45949,69,72,-3,3
45950,96,91,5,5
45951,44,55,-11,11
45952,104,101,3,3
45953,68,77,-9,9
45954,108,85,23,23
45955,81,81,0,0
45956,124,118,6,6
45957,91,83,8,8
45958,116,133,-17,17
45959,41,44,-3,3
45960,93,90,3,3
45961,100,96,4,4
45962,70,81,-11,11
45963,82,78,4,4
45964,124,114,10,10
45965,168,147,21,21
45966,81,82,-1,1
45967,124,127,-3,3
45968,74,73,1,1
45969,191,193,-2,2
45970,99,105,-6,6
45971,72,69,3,3
45972,92,97,-5,5
45973,122,124,-2,2
45974,104,89,15,15
45975,93,85,8,8
45976,50,62,-12,12
45977,79,78,1,1
45978,86,82,4,4
45979,147,155,-8,8
45980,129,146,-17,17
45981,135,143,-8,8
45982,124,105,19,19
45983,91,89,2,2
45984,80,78,2,2
45985,150,157,-7,7
45986,113,111,2,2
45987,74,62,12,12
45988,165,151,14,14
45989,105,89,16,16
45990,49,50,-1,1
45991,96,97,-1,1
45992,115,105,10,10
45993,132,115,17,17
45994,111,100,11,11
45995,44,61,-17,17
45996,98,90,8,8
45997,52,51,1,1
45998,78,85,-7,7
45999,71,72,-1,1
46000,30,49,-19,19
46001,116,120,-4,4
46002,128,153,-25,25
46003,75,77,-2,2
46004,47,59,-12,12
46005,89,84,5,5
46006,88,77,11,11
46007,102,101,1,1
46008,48,66,-18,18
46009,59,66,-7,7
46010,131,122,9,9
46011,71,70,1,1
46012,81,86,-5,5
46013,110,114,-4,4
46014,154,140,14,14
46015,120,112,8,8
46016,155,136,19,19
46017,109,94,15,15
46018,71,81,-10,10
46019,81,73,8,8
46020,58,58,0,0
46021,69,82,-13,13
46022,134,122,12,12
46023,99,118,-19,19
46024,71,77,-6,6
46025,99,99,0,0
46026,76,75,1,1
46027,98,78,20,20
46028,68,71,-3,3
46029,105,85,20,20
46030,109,100,9,9
46031,143,132,11,11
46032,112,101,11,11
46033,82,98,-16,16
46034,59,60,-1,1
46035,170,169,1,1
46036,84,78,6,6
46037,84,82,2,2
46038,97,94,3,3
46039,241,223,18,18
46040,216,185,31,31
46041,121,113,8,8
46042,72,60,12,12
46043,61,65,-4,4
46044,76,72,4,4
46045,140,146,-6,6
46046,101,93,8,8
46047,92,88,4,4
46048,65,60,5,5
46049,62,66,-4,4
46050,62,67,-5,5
46051,172,152,20,20
46052,82,74,8,8
46053,118,116,2,2
46054,99,95,4,4
46055,121,117,4,4
46056,108,99,9,9
46057,96,78,18,18
46058,145,135,10,10
46059,111,135,-24,24
46060,46,56,-10,10
46061,74,75,-1,1
46062,96,86,10,10
46063,60,66,-6,6
46064,110,141,-31,31
46065,78,77,1,1
46066,114,97,17,17
46067,154,159,-5,5
46068,165,154,11,11
46069,42,57,-15,15
46070,91,85,6,6
46071,100,102,-2,2
46072,110,84,26,26
46073,67,67,0,0
46074,68,82,-14,14
46075,137,111,26,26
46076,87,90,-3,3
46077,93,85,8,8
46078,86,82,4,4
46079,200,203,-3,3
46080,119,117,2,2
46081,176,173,3,3
46082,75,72,3,3
46083,125,90,35,35
46084,74,72,2,2
46085,102,90,12,12
46086,53,62,-9,9
46087,107,99,8,8
46088,95,84,11,11
46089,120,122,-2,2
46090,88,86,2,2
46091,66,73,-7,7
46092,94,86,8,8
46093,137,143,-6,6
46094,67,79,-12,12
46095,83,82,1,1
46096,56,63,-7,7
46097,139,124,15,15
46098,100,94,6,6
46099,78,89,-11,11
46100,103,91,12,12
46101,59,66,-7,7
46102,47,60,-13,13
46103,65,62,3,3
46104,112,103,9,9
46105,132,118,14,14
46106,82,81,1,1
46107,118,106,12,12
46108,109,98,11,11
46109,91,81,10,10
46110,67,75,-8,8
46111,83,85,-2,2
46112,79,71,8,8
46113,26,60,-34,34
46114,44,57,-13,13
46115,71,85,-14,14
46116,86,81,5,5
46117,77,73,4,4
46118,53,57,-4,4
46119,98,95,3,3
46120,144,126,18,18
46121,89,68,21,21
46122,67,64,3,3
46123,147,139,8,8
46124,127,123,4,4
46125,85,77,8,8
46126,66,66,0,0
46127,89,73,16,16
46128,89,83,6,6
46129,75,78,-3,3
46130,72,70,2,2
46131,101,101,0,0
46132,126,97,29,29
46133,62,67,-5,5
46134,83,74,9,9
46135,151,140,11,11
46136,102,81,21,21
46137,215,210,5,5
46138,149,140,9,9
46139,133,125,8,8
46140,90,83,7,7
46141,100,82,18,18
46142,57,48,9,9
46143,61,67,-6,6
46144,41,57,-16,16
46145,137,124,13,13
46146,164,161,3,3
46147,242,268,-26,26
46148,99,97,2,2
46149,51,61,-10,10
46150,68,63,5,5
46151,78,75,3,3
46152,120,113,7,7
46153,87,83,4,4
46154,105,94,11,11
46155,112,107,5,5
46156,87,90,-3,3
46157,88,85,3,3
46158,71,65,6,6
46159,125,117,8,8
46160,73,78,-5,5
46161,108,103,5,5
46162,76,78,-2,2
46163,45,54,-9,9
46164,100,96,4,4
46165,76,78,-2,2
46166,158,155,3,3
46167,92,85,7,7
46168,77,76,1,1
46169,44,54,-10,10
46170,115,111,4,4
46171,85,88,-3,3
46172,109,106,3,3
46173,89,85,4,4
46174,39,57,-18,18
46175,66,62,4,4
46176,62,70,-8,8
46177,89,91,-2,2
46178,130,128,2,2
46179,92,83,9,9
46180,138,126,12,12
46181,118,103,15,15
46182,219,269,-50,50
46183,104,103,1,1
46184,94,98,-4,4
46185,100,90,10,10
46186,54,54,0,0
46187,153,133,20,20
46188,84,78,6,6
46189,91,90,1,1
46190,46,59,-13,13
46191,53,58,-5,5
46192,77,81,-4,4
46193,80,71,9,9
46194,138,128,10,10
46195,80,76,4,4
46196,138,116,22,22
46197,141,134,7,7
46198,91,84,7,7
46199,176,157,19,19
46200,117,109,8,8
46201,69,68,1,1
46202,108,116,-8,8
46203,101,90,11,11
46204,135,125,10,10
46205,115,112,3,3
46206,102,107,-5,5
46207,56,68,-12,12
46208,96,96,0,0
46209,69,70,-1,1
46210,106,113,-7,7
46211,151,159,-8,8
46212,110,100,10,10
46213,112,82,30,30
46214,134,120,14,14
46215,65,63,2,2
46216,66,77,-11,11
46217,97,103,-6,6
46218,109,111,-2,2
46219,141,142,-1,1
46220,78,106,-28,28
46221,94,95,-1,1
46222,64,69,-5,5
46223,47,65,-18,18
46224,79,71,8,8
46225,104,112,-8,8
46226,39,53,-14,14
46227,62,74,-12,12
46228,123,118,5,5
46229,144,127,17,17
46230,108,117,-9,9
46231,183,170,13,13
46232,85,73,12,12
46233,49,51,-2,2
46234,40,55,-15,15
46235,27,51,-24,24
46236,107,106,1,1
46237,135,139,-4,4
46238,129,109,20,20
46239,77,79,-2,2
46240,61,67,-6,6
46241,58,65,-7,7
46242,144,134,10,10
46243,53,57,-4,4
46244,95,97,-2,2
46245,82,75,7,7
46246,73,72,1,1
46247,174,173,1,1
46248,101,93,8,8
46249,100,124,-24,24
46250,81,79,2,2
46251,94,85,9,9
46252,76,74,2,2
46253,70,70,0,0
46254,100,102,-2,2
46255,79,69,10,10
46256,83,79,4,4
46257,90,85,5,5
46258,136,129,7,7
46259,61,72,-11,11
46260,106,100,6,6
46261,90,88,2,2
46262,32,40,-8,8
46263,100,103,-3,3
46264,74,70,4,4
46265,62,61,1,1
46266,101,87,14,14
46267,104,91,13,13
46268,94,96,-2,2
46269,95,97,-2,2
46270,134,123,11,11
46271,134,136,-2,2
46272,77,78,-1,1
46273,80,87,-7,7
46274,90,82,8,8
46275,128,121,7,7
46276,108,104,4,4
46277,64,64,0,0
46278,44,68,-24,24
46279,115,105,10,10
46280,49,68,-19,19
46281,64,73,-9,9
46282,64,56,8,8
46283,128,120,8,8
46284,69,69,0,0
46285,73,70,3,3
46286,38,44,-6,6
46287,71,70,1,1
46288,94,97,-3,3
46289,89,88,1,1
46290,63,65,-2,2
46291,116,108,8,8
46292,83,80,3,3
46293,38,57,-19,19
46294,57,62,-5,5
46295,84,80,4,4
46296,552,499,53,53
46297,75,78,-3,3
46298,70,86,-16,16
46299,90,101,-11,11
46300,181,210,-29,29
46301,109,104,5,5
46302,99,108,-9,9
46303,99,95,4,4
46304,73,77,-4,4
46305,71,77,-6,6
46306,125,129,-4,4
46307,142,139,3,3
46308,125,126,-1,1
46309,99,93,6,6
46310,127,115,12,12
46311,134,116,18,18
46312,87,81,6,6
46313,99,102,-3,3
46314,116,117,-1,1
46315,57,54,3,3
46316,160,154,6,6
46317,104,87,17,17
46318,106,104,2,2
46319,82,87,-5,5
46320,149,137,12,12
46321,122,119,3,3
46322,46,55,-9,9
46323,44,58,-14,14
46324,47,59,-12,12
46325,46,65,-19,19
46326,103,107,-4,4
46327,118,115,3,3
46328,62,63,-1,1
46329,61,71,-10,10
46330,90,87,3,3
46331,87,76,11,11
46332,163,147,16,16
46333,108,109,-1,1
46334,68,71,-3,3
46335,128,115,13,13
46336,132,155,-23,23
46337,48,64,-16,16
46338,66,70,-4,4
46339,62,60,2,2
46340,77,85,-8,8
46341,47,60,-13,13
46342,124,112,12,12
46343,95,101,-6,6
46344,65,68,-3,3
46345,70,76,-6,6
46346,133,127,6,6
46347,98,97,1,1
46348,138,150,-12,12
46349,93,93,0,0
46350,136,127,9,9
46351,119,115,4,4
46352,102,98,4,4
46353,106,126,-20,20
46354,75,84,-9,9
46355,58,61,-3,3
46356,130,121,9,9
46357,85,84,1,1
46358,102,113,-11,11
46359,66,70,-4,4
46360,83,93,-10,10
46361,85,77,8,8
46362,122,117,5,5
46363,107,112,-5,5
46364,68,67,1,1
46365,58,58,0,0
46366,87,86,1,1
46367,67,74,-7,7
46368,74,78,-4,4
46369,68,59,9,9
46370,104,98,6,6
46371,158,155,3,3
46372,131,129,2,2
46373,103,93,10,10
46374,109,108,1,1
46375,64,59,5,5
46376,123,113,10,10
46377,111,101,10,10
46378,38,51,-13,13
46379,59,62,-3,3
46380,46,61,-15,15
46381,101,99,2,2
46382,149,141,8,8
46383,116,114,2,2
46384,62,70,-8,8
46385,78,74,4,4
46386,92,80,12,12
46387,109,102,7,7
46388,94,94,0,0
46389,107,107,0,0
46390,75,80,-5,5
46391,64,64,0,0
46392,30,46,-16,16
46393,127,129,-2,2
46394,67,66,1,1
46395,109,110,-1,1
46396,187,175,12,12
46397,90,93,-3,3
46398,123,111,12,12
46399,72,59,13,13
46400,124,115,9,9
46401,110,105,5,5
46402,108,110,-2,2
46403,65,86,-21,21
46404,116,133,-17,17
46405,77,94,-17,17
46406,40,67,-27,27
46407,108,108,0,0
46408,159,148,11,11
46409,60,61,-1,1
46410,116,106,10,10
46411,124,136,-12,12
46412,94,97,-3,3
46413,90,80,10,10
46414,30,49,-19,19
46415,89,91,-2,2
46416,89,79,10,10
46417,111,116,-5,5
46418,84,90,-6,6
46419,49,59,-10,10
46420,75,69,6,6
46421,136,129,7,7
46422,41,62,-21,21
46423,72,67,5,5
46424,173,164,9,9
46425,70,77,-7,7
46426,90,83,7,7
46427,153,160,-7,7
46428,138,135,3,3
46429,147,139,8,8
46430,116,129,-13,13
46431,148,148,0,0
46432,117,121,-4,4
46433,103,99,4,4
46434,123,119,4,4
46435,151,134,17,17
46436,126,124,2,2
46437,105,108,-3,3
46438,111,108,3,3
46439,71,64,7,7
46440,99,108,-9,9
46441,59,62,-3,3
46442,104,89,15,15
46443,60,63,-3,3
46444,88,84,4,4
46445,63,64,-1,1
46446,186,163,23,23
46447,97,87,10,10
46448,128,124,4,4
46449,162,133,29,29
46450,74,67,7,7
46451,92,88,4,4
46452,153,145,8,8
46453,97,101,-4,4
46454,116,109,7,7
46455,161,133,28,28
46456,73,65,8,8
46457,107,99,8,8
46458,112,128,-16,16
46459,89,87,2,2
46460,92,92,0,0
46461,83,78,5,5
46462,108,115,-7,7
46463,108,110,-2,2
46464,49,53,-4,4
46465,64,60,4,4
46466,109,117,-8,8
46467,52,69,-17,17
46468,139,145,-6,6
46469,90,90,0,0
46470,90,83,7,7
46471,70,73,-3,3
46472,97,96,1,1
46473,56,57,-1,1
46474,64,67,-3,3
46475,67,69,-2,2
46476,48,52,-4,4
46477,69,65,4,4
46478,93,90,3,3
46479,144,138,6,6
46480,145,147,-2,2
46481,142,139,3,3
46482,150,142,8,8
46483,58,63,-5,5
46484,120,103,17,17
46485,102,96,6,6
46486,142,150,-8,8
46487,100,104,-4,4
46488,125,116,9,9
46489,84,95,-11,11
46490,123,113,10,10
46491,145,159,-14,14
46492,86,85,1,1
46493,73,67,6,6
46494,97,98,-1,1
46495,57,56,1,1
46496,122,115,7,7
46497,71,66,5,5
46498,99,94,5,5
46499,83,68,15,15
46500,165,158,7,7
46501,193,164,29,29
46502,104,85,19,19
46503,110,126,-16,16
46504,65,52,13,13
46505,72,76,-4,4
46506,76,74,2,2
46507,173,169,4,4
46508,76,85,-9,9
46509,95,95,0,0
46510,96,98,-2,2
46511,82,74,8,8
46512,91,91,0,0
46513,88,82,6,6
46514,104,109,-5,5
46515,114,121,-7,7
46516,109,103,6,6
46517,74,73,1,1
46518,137,131,6,6
46519,93,83,10,10
46520,88,91,-3,3
46521,55,56,-1,1
46522,72,70,2,2
46523,71,81,-10,10
46524,110,95,15,15
46525,114,112,2,2
46526,128,134,-6,6
46527,65,59,6,6
46528,114,118,-4,4
46529,97,82,15,15
46530,117,152,-35,35
46531,72,68,4,4
46532,92,81,11,11
46533,64,55,9,9
46534,125,128,-3,3
46535,99,93,6,6
46536,56,55,1,1
46537,54,53,1,1
46538,122,122,0,0
46539,178,178,0,0
46540,179,176,3,3
46541,80,90,-10,10
46542,109,101,8,8
46543,83,87,-4,4
46544,103,92,11,11
46545,61,72,-11,11
46546,125,114,11,11
46547,96,93,3,3
46548,96,109,-13,13
46549,97,91,6,6
46550,108,89,19,19
46551,89,95,-6,6
46552,55,60,-5,5
46553,87,134,-47,47
46554,49,57,-8,8
46555,94,97,-3,3
46556,93,113,-20,20
46557,75,68,7,7
46558,65,58,7,7
46559,52,65,-13,13
46560,83,76,7,7
46561,123,97,26,26
46562,92,84,8,8
46563,74,79,-5,5
46564,109,93,16,16
46565,52,54,-2,2
46566,76,65,11,11
46567,116,107,9,9
46568,83,76,7,7
46569,82,78,4,4
46570,144,144,0,0
46571,35,59,-24,24
46572,155,154,1,1
46573,136,123,13,13
46574,123,119,4,4
46575,81,79,2,2
46576,66,63,3,3
46577,131,123,8,8
46578,133,119,14,14
46579,71,59,12,12
46580,82,81,1,1
46581,82,73,9,9
46582,42,55,-13,13
46583,137,157,-20,20
46584,140,155,-15,15
46585,58,71,-13,13
46586,117,103,14,14
46587,69,75,-6,6
46588,85,80,5,5
46589,52,57,-5,5
46590,87,94,-7,7
46591,135,148,-13,13
46592,64,55,9,9
46593,129,106,23,23
46594,190,198,-8,8
46595,68,77,-9,9
46596,82,79,3,3
46597,75,72,3,3
46598,149,135,14,14
46599,84,76,8,8
46600,54,53,1,1
46601,98,92,6,6
46602,99,92,7,7
46603,125,126,-1,1
46604,86,83,3,3
46605,95,95,0,0
46606,75,73,2,2
46607,80,65,15,15
46608,118,119,-1,1
46609,91,88,3,3
46610,106,93,13,13
46611,85,90,-5,5
46612,153,153,0,0
46613,103,104,-1,1
46614,159,161,-2,2
46615,69,74,-5,5
46616,166,131,35,35
46617,109,100,9,9
46618,133,124,9,9
46619,191,189,2,2
46620,113,89,24,24
46621,124,113,11,11
46622,139,125,14,14
46623,88,94,-6,6
46624,43,57,-14,14
46625,71,68,3,3
46626,116,108,8,8
46627,115,103,12,12
46628,118,115,3,3
46629,62,72,-10,10
46630,106,104,2,2
46631,116,130,-14,14
46632,137,128,9,9
46633,201,174,27,27
46634,53,59,-6,6
46635,73,78,-5,5
46636,46,55,-9,9
46637,90,80,10,10
46638,126,124,2,2
46639,113,108,5,5
46640,80,79,1,1
46641,102,95,7,7
46642,161,148,13,13
46643,103,97,6,6
46644,119,127,-8,8
46645,54,68,-14,14
46646,159,150,9,9
46647,87,73,14,14
46648,59,49,10,10
46649,59,68,-9,9
46650,90,86,4,4
46651,59,65,-6,6
46652,104,92,12,12
46653,131,122,9,9
46654,60,54,6,6
46655,68,68,0,0
46656,86,86,0,0
46657,88,83,5,5
46658,146,142,4,4
46659,62,56,6,6
46660,152,156,-4,4
46661,104,98,6,6
46662,67,69,-2,2
46663,102,104,-2,2
46664,96,90,6,6
46665,99,112,-13,13
46666,99,100,-1,1
46667,76,78,-2,2
46668,97,93,4,4
46669,83,89,-6,6
46670,112,124,-12,12
46671,63,66,-3,3
46672,136,139,-3,3
46673,74,72,2,2
46674,172,146,26,26
46675,136,121,15,15
46676,120,123,-3,3
46677,116,109,7,7
46678,126,113,13,13
46679,114,105,9,9
46680,72,71,1,1
46681,104,99,5,5
46682,147,144,3,3
46683,103,97,6,6
46684,81,79,2,2
46685,80,78,2,2
46686,101,97,4,4
46687,125,101,24,24
46688,92,74,18,18
46689,84,80,4,4
46690,80,106,-26,26
46691,150,150,0,0
46692,61,67,-6,6
46693,112,112,0,0
46694,112,99,13,13
46695,67,57,10,10
46696,137,125,12,12
46697,58,61,-3,3
46698,105,95,10,10
46699,88,90,-2,2
46700,76,76,0,0
46701,88,81,7,7
46702,108,110,-2,2
46703,97,95,2,2
46704,141,145,-4,4
46705,64,77,-13,13
46706,51,60,-9,9
46707,101,83,18,18
46708,158,166,-8,8
46709,97,96,1,1
46710,79,85,-6,6
46711,69,69,0,0
46712,97,105,-8,8
46713,90,95,-5,5
46714,85,83,2,2
46715,90,84,6,6
46716,120,114,6,6
46717,61,59,2,2
46718,145,144,1,1
46719,77,83,-6,6
46720,49,66,-17,17
46721,81,85,-4,4
46722,70,77,-7,7
46723,107,104,3,3
46724,87,84,3,3
46725,66,74,-8,8
46726,108,111,-3,3
46727,86,92,-6,6
46728,68,67,1,1
46729,84,71,13,13
46730,72,74,-2,2
46731,67,65,2,2
46732,73,72,1,1
46733,81,90,-9,9
46734,65,70,-5,5
46735,130,109,21,21
46736,47,55,-8,8
46737,117,115,2,2
46738,141,120,21,21
46739,204,186,18,18
46740,85,77,8,8
46741,116,120,-4,4
46742,118,103,15,15
46743,110,109,1,1
46744,100,95,5,5
46745,93,89,4,4
46746,53,63,-10,10
46747,86,77,9,9
46748,70,73,-3,3
46749,80,87,-7,7
46750,146,155,-9,9
46751,72,69,3,3
46752,154,144,10,10
46753,206,191,15,15
46754,72,86,-14,14
46755,141,140,1,1
46756,83,102,-19,19
46757,141,147,-6,6
46758,97,101,-4,4
46759,137,135,2,2
46760,124,124,0,0
46761,84,84,0,0
46762,102,115,-13,13
46763,22,66,-44,44
46764,97,90,7,7
46765,59,48,11,11
46766,124,123,1,1
46767,198,204,-6,6
46768,93,76,17,17
46769,96,90,6,6
46770,99,90,9,9
46771,191,164,27,27
46772,88,74,14,14
46773,88,82,6,6
46774,114,104,10,10
46775,85,90,-5,5
46776,85,70,15,15
46777,63,70,-7,7
46778,129,105,24,24
46779,142,133,9,9
46780,66,72,-6,6
46781,64,61,3,3
46782,72,62,10,10
46783,143,141,2,2
46784,73,67,6,6
46785,92,93,-1,1
46786,80,61,19,19
46787,123,115,8,8
46788,67,62,5,5
46789,87,95,-8,8
46790,81,76,5,5
46791,77,98,-21,21
46792,70,73,-3,3
46793,120,117,3,3
46794,119,117,2,2
46795,116,120,-4,4
46796,193,202,-9,9
46797,90,76,14,14
46798,113,128,-15,15
46799,109,98,11,11
46800,85,97,-12,12
46801,63,67,-4,4
46802,56,74,-18,18
46803,131,132,-1,1
46804,108,106,2,2
46805,58,56,2,2
46806,57,68,-11,11
46807,98,117,-19,19
46808,86,90,-4,4
46809,60,70,-10,10
46810,54,59,-5,5
46811,160,153,7,7
46812,91,96,-5,5
46813,179,147,32,32
46814,68,87,-19,19
46815,143,143,0,0
46816,86,80,6,6
46817,115,112,3,3
46818,139,124,15,15
46819,95,98,-3,3
46820,66,76,-10,10
46821,66,68,-2,2
46822,143,136,7,7
46823,87,85,2,2
46824,85,86,-1,1
46825,77,77,0,0
46826,77,68,9,9
46827,91,74,17,17
46828,80,78,2,2
46829,23,53,-30,30
46830,92,93,-1,1
46831,109,96,13,13
46832,115,94,21,21
46833,93,89,4,4
46834,67,77,-10,10
46835,150,132,18,18
46836,78,71,7,7
46837,159,155,4,4
46838,124,106,18,18
46839,93,111,-18,18
46840,133,140,-7,7
46841,79,95,-16,16
46842,62,66,-4,4
46843,73,74,-1,1
46844,66,56,10,10
46845,69,65,4,4
46846,146,166,-20,20
46847,73,65,8,8
46848,91,97,-6,6
46849,67,69,-2,2
46850,80,87,-7,7
46851,96,87,9,9
46852,75,84,-9,9
46853,72,80,-8,8
46854,87,84,3,3
46855,93,82,11,11
46856,115,109,6,6
46857,142,136,6,6
46858,168,142,26,26
46859,149,136,13,13
46860,91,87,4,4
46861,69,78,-9,9
46862,112,98,14,14
46863,83,82,1,1
46864,63,52,11,11
46865,84,84,0,0
46866,113,108,5,5
46867,98,87,11,11
46868,174,187,-13,13
46869,103,87,16,16
46870,32,96,-64,64
46871,126,122,4,4
46872,132,140,-8,8
46873,49,53,-4,4
46874,107,108,-1,1
46875,121,131,-10,10
46876,132,92,40,40
46877,75,79,-4,4
46878,71,75,-4,4
46879,69,83,-14,14
46880,158,151,7,7
46881,73,67,6,6
46882,146,131,15,15
46883,49,68,-19,19
46884,124,117,7,7
46885,71,68,3,3
46886,43,50,-7,7
46887,94,101,-7,7
46888,120,135,-15,15
46889,107,107,0,0
46890,83,75,8,8
46891,111,107,4,4
46892,79,80,-1,1
46893,93,85,8,8
46894,130,125,5,5
46895,119,112,7,7
46896,80,74,6,6
46897,80,70,10,10
46898,76,70,6,6
46899,101,98,3,3
46900,131,133,-2,2
46901,91,98,-7,7
46902,81,87,-6,6
46903,102,105,-3,3
46904,108,91,17,17
46905,79,74,5,5
46906,121,111,10,10
46907,135,143,-8,8
46908,68,78,-10,10
46909,104,112,-8,8
46910,44,56,-12,12
46911,103,103,0,0
46912,136,136,0,0
46913,107,86,21,21
46914,78,82,-4,4
46915,75,79,-4,4
46916,37,53,-16,16
46917,24,51,-27,27
46918,166,169,-3,3
46919,134,118,16,16
46920,116,113,3,3
46921,85,88,-3,3
46922,130,132,-2,2
46923,150,135,15,15
46924,103,89,14,14
46925,92,90,2,2
46926,127,130,-3,3
46927,72,73,-1,1
46928,95,94,1,1
46929,56,58,-2,2
46930,170,146,24,24
46931,106,89,17,17
46932,78,73,5,5
46933,135,135,0,0
46934,113,103,10,10
46935,191,166,25,25
46936,61,67,-6,6
46937,95,80,15,15
46938,119,114,5,5
46939,114,100,14,14
46940,88,81,7,7
46941,71,79,-8,8
46942,76,80,-4,4
46943,50,69,-19,19
46944,69,69,0,0
46945,51,79,-28,28
46946,74,70,4,4
46947,79,75,4,4
46948,74,72,2,2
46949,113,114,-1,1
46950,99,105,-6,6
46951,86,75,11,11
46952,91,76,15,15
46953,83,92,-9,9
46954,106,91,15,15
46955,66,65,1,1
46956,74,76,-2,2
46957,78,69,9,9
46958,101,94,7,7
46959,78,76,2,2
46960,91,99,-8,8
46961,94,95,-1,1
46962,86,86,0,0
46963,64,64,0,0
46964,98,78,20,20
46965,100,98,2,2
46966,148,142,6,6
46967,96,95,1,1
46968,135,114,21,21
46969,123,132,-9,9
46970,65,66,-1,1
46971,86,76,10,10
46972,86,80,6,6
46973,93,85,8,8
46974,106,101,5,5
46975,122,112,10,10
46976,75,83,-8,8
46977,86,80,6,6
46978,51,61,-10,10
46979,56,60,-4,4
46980,125,127,-2,2
46981,92,75,17,17
46982,108,111,-3,3
46983,151,144,7,7
46984,83,79,4,4
46985,66,73,-7,7
46986,138,121,17,17
46987,120,119,1,1
46988,79,71,8,8
46989,86,89,-3,3
46990,163,174,-11,11
46991,112,109,3,3
46992,98,81,17,17
46993,40,70,-30,30
46994,85,81,4,4
46995,73,79,-6,6
46996,84,90,-6,6
46997,127,124,3,3
46998,113,105,8,8
46999,116,109,7,7
47000,91,82,9,9
47001,91,77,14,14
47002,50,53,-3,3
47003,78,81,-3,3
47004,90,83,7,7
47005,125,115,10,10
47006,84,84,0,0
47007,79,88,-9,9
47008,69,69,0,0
47009,115,102,13,13
47010,227,253,-26,26
47011,107,106,1,1
47012,136,169,-33,33
47013,88,76,12,12
47014,117,114,3,3
47015,81,87,-6,6
47016,150,146,4,4
47017,101,119,-18,18
47018,169,170,-1,1
47019,75,75,0,0
47020,146,146,0,0
47021,96,92,4,4
47022,66,70,-4,4
47023,73,75,-2,2
47024,85,95,-10,10
47025,104,84,20,20
47026,53,57,-4,4
47027,148,160,-12,12
47028,119,87,32,32
47029,45,62,-17,17
47030,72,67,5,5
47031,126,125,1,1
47032,64,66,-2,2
47033,119,119,0,0
47034,89,87,2,2
47035,139,135,4,4
47036,111,117,-6,6
47037,100,104,-4,4
47038,82,83,-1,1
47039,138,131,7,7
47040,47,55,-8,8
47041,167,146,21,21
47042,63,61,2,2
47043,118,111,7,7
47044,201,196,5,5
47045,82,81,1,1
47046,91,96,-5,5
47047,81,81,0,0
47048,91,83,8,8
47049,119,100,19,19
47050,88,84,4,4
47051,76,72,4,4
47052,86,87,-1,1
47053,47,55,-8,8
47054,134,122,12,12
47055,96,96,0,0
47056,82,78,4,4
47057,82,74,8,8
47058,89,90,-1,1
47059,99,96,3,3
47060,93,90,3,3
47061,87,87,0,0
47062,62,66,-4,4
47063,58,58,0,0
47064,82,74,8,8
47065,142,148,-6,6
47066,101,90,11,11
47067,127,114,13,13
47068,46,56,-10,10
47069,116,112,4,4
47070,54,65,-11,11
47071,71,63,8,8
47072,121,142,-21,21
47073,80,85,-5,5
47074,86,88,-2,2
47075,119,104,15,15
47076,71,79,-8,8
47077,171,175,-4,4
47078,126,115,11,11
47079,57,58,-1,1
47080,99,90,9,9
47081,55,64,-9,9
47082,77,84,-7,7
47083,110,106,4,4
47084,77,103,-26,26
47085,111,107,4,4
47086,164,156,8,8
47087,104,90,14,14
47088,85,79,6,6
47089,75,71,4,4
47090,119,112,7,7
47091,82,77,5,5
47092,122,114,8,8
47093,111,101,10,10
47094,102,90,12,12
47095,54,67,-13,13
47096,96,93,3,3
47097,65,69,-4,4
47098,135,136,-1,1
47099,79,71,8,8
47100,92,82,10,10
47101,56,63,-7,7
47102,109,107,2,2
47103,124,125,-1,1
47104,65,65,0,0
47105,84,82,2,2
47106,107,101,6,6
47107,114,98,16,16
47108,92,84,8,8
47109,129,121,8,8
47110,159,150,9,9
47111,80,81,-1,1
47112,106,98,8,8
47113,76,73,3,3
47114,81,81,0,0
47115,115,108,7,7
47116,89,95,-6,6
47117,66,70,-4,4
47118,49,56,-7,7
47119,74,66,8,8
47120,77,67,10,10
47121,98,88,10,10
47122,181,171,10,10
47123,65,72,-7,7
47124,125,119,6,6
47125,120,125,-5,5
47126,92,82,10,10
47127,125,121,4,4
47128,97,97,0,0
47129,113,98,15,15
47130,69,71,-2,2
47131,41,49,-8,8
47132,112,105,7,7
47133,93,83,10,10
47134,77,72,5,5
47135,114,127,-13,13
47136,90,89,1,1
47137,119,127,-8,8
47138,85,93,-8,8
47139,99,104,-5,5
47140,113,91,22,22
47141,112,108,4,4
47142,43,51,-8,8
47143,73,69,4,4
47144,149,139,10,10
47145,72,68,4,4
47146,62,70,-8,8
47147,74,77,-3,3
47148,197,202,-5,5
47149,93,108,-15,15
47150,103,71,32,32
47151,96,87,9,9
47152,191,181,10,10
47153,116,105,11,11
47154,75,71,4,4
47155,99,103,-4,4
47156,94,79,15,15
47157,124,127,-3,3
47158,83,91,-8,8
47159,131,126,5,5
47160,108,87,21,21
47161,108,114,-6,6
47162,77,78,-1,1
47163,77,65,12,12
47164,126,127,-1,1
47165,59,76,-17,17
47166,101,111,-10,10
47167,121,113,8,8
47168,116,126,-10,10
47169,124,106,18,18
47170,69,64,5,5
47171,160,136,24,24
47172,67,67,0,0
47173,111,110,1,1
47174,80,98,-18,18
47175,44,55,-11,11
47176,89,74,15,15
47177,92,86,6,6
47178,105,109,-4,4
47179,113,96,17,17
47180,83,84,-1,1
47181,54,62,-8,8
47182,47,55,-8,8
47183,105,94,11,11
47184,65,56,9,9
47185,118,103,15,15
47186,115,100,15,15
47187,92,93,-1,1
47188,69,66,3,3
47189,42,62,-20,20
47190,64,61,3,3
47191,119,127,-8,8
47192,142,131,11,11
47193,117,105,12,12
47194,67,71,-4,4
47195,157,135,22,22
47196,57,59,-2,2
47197,122,105,17,17
47198,84,80,4,4
47199,112,114,-2,2
47200,96,97,-1,1
47201,75,54,21,21
47202,86,75,11,11
47203,168,144,24,24
47204,128,114,14,14
47205,111,90,21,21
47206,95,90,5,5
47207,74,89,-15,15
47208,101,88,13,13
47209,69,67,2,2
47210,160,160,0,0
47211,139,126,13,13
47212,24,67,-43,43
47213,89,79,10,10
47214,102,110,-8,8
47215,49,52,-3,3
47216,94,106,-12,12
47217,76,77,-1,1
47218,170,148,22,22
47219,158,152,6,6
47220,31,63,-32,32
47221,66,72,-6,6
47222,106,86,20,20
47223,60,65,-5,5
47224,77,73,4,4
47225,68,74,-6,6
47226,129,129,0,0
47227,60,59,1,1
47228,106,111,-5,5
47229,64,59,5,5
47230,67,74,-7,7
47231,85,82,3,3
47232,79,69,10,10
47233,175,169,6,6
47234,20,54,-34,34
47235,169,156,13,13
47236,90,87,3,3
47237,74,74,0,0
47238,68,80,-12,12
47239,52,58,-6,6
47240,81,79,2,2
47241,106,104,2,2
47242,113,125,-12,12
47243,64,68,-4,4
47244,98,93,5,5
47245,120,111,9,9
47246,85,72,13,13
47247,70,66,4,4
47248,121,116,5,5
47249,132,123,9,9
47250,50,62,-12,12
47251,68,74,-6,6
47252,55,60,-5,5
47253,122,106,16,16
47254,107,100,7,7
47255,69,64,5,5
47256,115,105,10,10
47257,118,118,0,0
47258,184,235,-51,51
47259,78,85,-7,7
47260,47,54,-7,7
47261,65,64,1,1
47262,109,93,16,16
47263,89,81,8,8
47264,141,145,-4,4
47265,68,87,-19,19
47266,167,156,11,11
47267,68,71,-3,3
47268,86,90,-4,4
47269,93,85,8,8
47270,91,84,7,7
47271,65,69,-4,4
47272,132,134,-2,2
47273,91,92,-1,1
47274,71,63,8,8
47275,71,69,2,2
47276,120,118,2,2
47277,118,103,15,15
47278,117,105,12,12
47279,157,154,3,3
47280,73,74,-1,1
47281,108,108,0,0
47282,82,78,4,4
47283,122,121,1,1
47284,143,151,-8,8
47285,172,153,19,19
47286,76,65,11,11
47287,130,127,3,3
47288,61,66,-5,5
47289,65,73,-8,8
47290,128,113,15,15
47291,98,94,4,4
47292,161,157,4,4
47293,56,63,-7,7
47294,97,137,-40,40
47295,176,213,-37,37
47296,125,122,3,3
47297,115,107,8,8
47298,81,88,-7,7
47299,103,96,7,7
47300,53,59,-6,6
47301,173,175,-2,2
47302,132,115,17,17
47303,129,119,10,10
47304,120,118,2,2
47305,123,118,5,5
47306,203,160,43,43
47307,59,59,0,0
47308,67,71,-4,4
47309,132,123,9,9
47310,182,154,28,28
47311,143,143,0,0
47312,97,83,14,14
47313,91,80,11,11
47314,96,100,-4,4
47315,91,88,3,3
47316,87,76,11,11
47317,143,149,-6,6
47318,65,68,-3,3
47319,78,68,10,10
47320,78,71,7,7
47321,140,132,8,8
47322,93,97,-4,4
47323,52,54,-2,2
47324,95,95,0,0
47325,96,84,12,12
47326,72,76,-4,4
47327,113,103,10,10
47328,97,94,3,3
47329,77,73,4,4
47330,71,69,2,2
47331,58,63,-5,5
47332,72,75,-3,3
47333,210,193,17,17
47334,97,82,15,15
47335,141,149,-8,8
47336,130,130,0,0
47337,105,105,0,0
47338,66,81,-15,15
47339,78,85,-7,7
47340,96,92,4,4
47341,120,122,-2,2
47342,57,64,-7,7
47343,162,159,3,3
47344,134,137,-3,3
47345,161,144,17,17
47346,171,171,0,0
47347,91,94,-3,3
47348,46,55,-9,9
47349,128,120,8,8
47350,113,100,13,13
47351,96,94,2,2
47352,55,57,-2,2
47353,101,105,-4,4
47354,146,135,11,11
47355,83,118,-35,35
47356,41,56,-15,15
47357,117,119,-2,2
47358,118,112,6,6
47359,89,90,-1,1
47360,88,90,-2,2
47361,37,46,-9,9
47362,68,74,-6,6
47363,53,50,3,3
47364,106,98,8,8
47365,125,112,13,13
47366,79,75,4,4
47367,100,93,7,7
47368,99,93,6,6
47369,99,97,2,2
47370,130,116,14,14
47371,75,85,-10,10
47372,101,93,8,8
47373,90,82,8,8
47374,154,138,16,16
47375,116,104,12,12
47376,60,57,3,3
47377,144,149,-5,5
47378,75,80,-5,5
47379,110,107,3,3
47380,124,126,-2,2
47381,79,79,0,0
47382,38,46,-8,8
47383,90,82,8,8
47384,84,63,21,21
47385,76,82,-6,6
47386,88,88,0,0
47387,124,127,-3,3
47388,76,72,4,4
47389,84,67,17,17
47390,75,72,3,3
47391,78,72,6,6
47392,48,55,-7,7
47393,70,83,-13,13
47394,125,120,5,5
47395,129,130,-1,1
47396,75,69,6,6
47397,91,105,-14,14
47398,108,99,9,9
47399,100,88,12,12
47400,56,67,-11,11
47401,140,123,17,17
47402,62,63,-1,1
47403,224,199,25,25
47404,109,111,-2,2
47405,159,176,-17,17
47406,90,92,-2,2
47407,125,110,15,15
47408,96,91,5,5
47409,74,81,-7,7
47410,109,106,3,3
47411,84,81,3,3
47412,50,57,-7,7
47413,146,141,5,5
47414,116,105,11,11
47415,93,82,11,11
47416,92,85,7,7
47417,72,66,6,6
47418,159,129,30,30
47419,79,77,2,2
47420,117,101,16,16
47421,92,85,7,7
47422,102,100,2,2
47423,61,67,-6,6
47424,55,64,-9,9
47425,91,77,14,14
47426,94,77,17,17
47427,64,64,0,0
47428,121,113,8,8
47429,50,63,-13,13
47430,91,81,10,10
47431,87,85,2,2
47432,100,93,7,7
47433,60,76,-16,16
47434,139,131,8,8
47435,77,67,10,10
47436,54,59,-5,5
47437,117,96,21,21
47438,105,121,-16,16
47439,105,108,-3,3
47440,78,76,2,2
47441,108,101,7,7
47442,111,116,-5,5
47443,112,113,-1,1
47444,69,67,2,2
47445,100,104,-4,4
47446,96,83,13,13
47447,31,54,-23,23
47448,75,82,-7,7
47449,68,69,-1,1
47450,53,56,-3,3
47451,63,73,-10,10
47452,85,76,9,9
47453,126,123,3,3
47454,107,104,3,3
47455,130,116,14,14
47456,65,58,7,7
47457,73,70,3,3
47458,107,111,-4,4
47459,121,118,3,3
47460,99,95,4,4
47461,92,85,7,7
47462,170,179,-9,9
47463,85,66,19,19
47464,142,147,-5,5
47465,86,85,1,1
47466,63,61,2,2
47467,121,111,10,10
47468,84,89,-5,5
47469,66,61,5,5
47470,60,62,-2,2
47471,68,61,7,7
47472,113,118,-5,5
47473,101,91,10,10
47474,48,59,-11,11
47475,154,153,1,1
47476,160,158,2,2
47477,102,86,16,16
47478,94,82,12,12
47479,84,82,2,2
47480,107,111,-4,4
47481,66,70,-4,4
47482,87,91,-4,4
47483,84,72,12,12
47484,86,83,3,3
47485,101,58,43,43
47486,83,73,10,10
47487,70,64,6,6
47488,104,90,14,14
47489,78,69,9,9
47490,69,69,0,0
47491,172,159,13,13
47492,66,77,-11,11
47493,96,82,14,14
47494,73,70,3,3
47495,122,127,-5,5
47496,66,73,-7,7
47497,78,79,-1,1
47498,70,130,-60,60
47499,62,69,-7,7
47500,64,59,5,5
47501,189,164,25,25
47502,101,100,1,1
47503,83,74,9,9
47504,88,72,16,16
47505,108,106,2,2
47506,109,104,5,5
47507,50,52,-2,2
47508,100,93,7,7
47509,98,91,7,7
47510,74,66,8,8
47511,151,143,8,8
47512,67,69,-2,2
47513,145,140,5,5
47514,99,86,13,13
47515,79,79,0,0
47516,66,72,-6,6
47517,87,91,-4,4
47518,104,91,13,13
47519,75,81,-6,6
47520,81,68,13,13
47521,79,85,-6,6
47522,82,74,8,8
47523,202,192,10,10
47524,64,65,-1,1
47525,142,145,-3,3
47526,77,64,13,13
47527,95,101,-6,6
47528,127,127,0,0
47529,89,97,-8,8
47530,136,152,-16,16
47531,63,69,-6,6
47532,123,115,8,8
47533,113,104,9,9
47534,98,86,12,12
47535,136,127,9,9
47536,124,115,9,9
47537,124,113,11,11
47538,162,141,21,21
47539,81,89,-8,8
47540,93,92,1,1
47541,83,91,-8,8
47542,127,107,20,20
47543,60,61,-1,1
47544,83,83,0,0
47545,60,60,0,0
47546,103,115,-12,12
47547,93,85,8,8
47548,78,73,5,5
47549,97,92,5,5
47550,73,67,6,6
47551,128,114,14,14
47552,92,96,-4,4
47553,37,48,-11,11
47554,154,150,4,4
47555,60,71,-11,11
47556,94,90,4,4
47557,103,90,13,13
47558,72,69,3,3
47559,65,74,-9,9
47560,85,80,5,5
47561,111,111,0,0
47562,88,84,4,4
47563,110,100,10,10
47564,102,92,10,10
47565,59,65,-6,6
47566,89,77,12,12
47567,113,103,10,10
47568,65,70,-5,5
47569,148,135,13,13
47570,83,78,5,5
47571,81,81,0,0
47572,88,80,8,8
47573,67,71,-4,4
47574,44,56,-12,12
47575,98,98,0,0
47576,89,81,8,8
47577,85,78,7,7
47578,165,151,14,14
47579,58,60,-2,2
47580,118,111,7,7
47581,138,115,23,23
47582,85,81,4,4
47583,77,76,1,1
47584,58,64,-6,6
47585,78,71,7,7
47586,94,99,-5,5
47587,51,62,-11,11
47588,109,114,-5,5
47589,72,72,0,0
47590,71,65,6,6
47591,83,84,-1,1
47592,97,94,3,3
47593,81,79,2,2
47594,192,205,-13,13
47595,152,145,7,7
47596,101,96,5,5
47597,65,63,2,2
47598,77,79,-2,2
47599,130,121,9,9
47600,124,98,26,26
47601,89,95,-6,6
47602,105,117,-12,12
47603,85,78,7,7
47604,147,143,4,4
47605,108,118,-10,10
47606,86,80,6,6
47607,66,65,1,1
47608,62,55,7,7
47609,74,65,9,9
47610,144,124,20,20
47611,77,73,4,4
47612,53,52,1,1
47613,81,77,4,4
47614,121,113,8,8
47615,71,67,4,4
47616,75,58,17,17
47617,105,95,10,10
47618,98,97,1,1
47619,133,136,-3,3
47620,115,128,-13,13
47621,56,69,-13,13
47622,139,142,-3,3
47623,108,105,3,3
47624,207,193,14,14
47625,43,49,-6,6
47626,135,128,7,7
47627,122,121,1,1
47628,61,63,-2,2
47629,97,87,10,10
47630,77,78,-1,1
47631,123,100,23,23
47632,59,60,-1,1
47633,113,118,-5,5
47634,125,129,-4,4
47635,88,82,6,6
47636,72,69,3,3
47637,137,130,7,7
47638,113,102,11,11
47639,112,93,19,19
47640,60,67,-7,7
47641,106,107,-1,1
47642,143,144,-1,1
47643,91,76,15,15
47644,95,92,3,3
47645,155,136,19,19
47646,106,111,-5,5
47647,103,112,-9,9
47648,142,124,18,18
47649,76,87,-11,11
47650,115,123,-8,8
47651,96,117,-21,21
47652,103,92,11,11
47653,106,111,-5,5
47654,67,70,-3,3
47655,100,92,8,8
47656,103,101,2,2
47657,72,71,1,1
47658,142,133,9,9
47659,32,46,-14,14
47660,137,129,8,8
47661,57,63,-6,6
47662,69,72,-3,3
47663,47,55,-8,8
47664,82,62,20,20
47665,113,104,9,9
47666,81,82,-1,1
47667,96,98,-2,2
47668,67,59,8,8
47669,138,130,8,8
47670,73,62,11,11
47671,62,84,-22,22
47672,45,51,-6,6
47673,106,96,10,10
47674,65,65,0,0
47675,79,76,3,3
47676,109,101,8,8
47677,147,143,4,4
47678,67,66,1,1
47679,94,90,4,4
47680,73,73,0,0
47681,57,64,-7,7
47682,124,114,10,10
47683,68,59,9,9
47684,89,80,9,9
47685,105,92,13,13
47686,64,74,-10,10
47687,78,79,-1,1
47688,108,98,10,10
47689,171,160,11,11
47690,92,84,8,8
47691,63,60,3,3
47692,66,64,2,2
47693,85,82,3,3
47694,134,126,8,8
47695,73,74,-1,1
47696,85,79,6,6
47697,81,78,3,3
47698,119,105,14,14
47699,64,52,12,12
47700,73,73,0,0
47701,120,99,21,21
47702,122,120,2,2
47703,97,95,2,2
47704,69,65,4,4
47705,88,85,3,3
47706,86,81,5,5
47707,87,82,5,5
47708,152,144,8,8
47709,65,64,1,1
47710,37,54,-17,17
47711,125,117,8,8
47712,117,127,-10,10
47713,72,70,2,2
47714,120,137,-17,17
47715,67,74,-7,7
47716,147,137,10,10
47717,142,138,4,4
47718,111,85,26,26
47719,104,106,-2,2
47720,90,77,13,13
47721,76,82,-6,6
47722,82,69,13,13
47723,122,96,26,26
47724,176,171,5,5
47725,97,78,19,19
47726,84,79,5,5
47727,94,79,15,15
47728,175,168,7,7
47729,90,83,7,7
47730,62,63,-1,1
47731,116,99,17,17
47732,137,129,8,8
47733,141,126,15,15
47734,96,130,-34,34
47735,99,102,-3,3
47736,66,63,3,3
47737,183,186,-3,3
47738,64,67,-3,3
47739,137,161,-24,24
47740,51,60,-9,9
47741,35,56,-21,21
47742,137,122,15,15
47743,151,155,-4,4
47744,115,111,4,4
47745,94,83,11,11
47746,42,56,-14,14
47747,57,63,-6,6
47748,102,110,-8,8
47749,59,61,-2,2
47750,73,77,-4,4
47751,80,78,2,2
47752,102,106,-4,4
47753,111,105,6,6
47754,150,150,0,0
47755,149,141,8,8
47756,129,118,11,11
47757,35,56,-21,21
47758,50,60,-10,10
47759,85,71,14,14
47760,90,89,1,1
47761,129,116,13,13
47762,111,112,-1,1
47763,80,80,0,0
47764,165,171,-6,6
47765,69,67,2,2
47766,132,115,17,17
47767,145,135,10,10
47768,51,61,-10,10
47769,152,148,4,4
47770,64,71,-7,7
47771,168,155,13,13
47772,100,101,-1,1
47773,72,67,5,5
47774,86,94,-8,8
47775,67,74,-7,7
47776,71,78,-7,7
47777,156,148,8,8
47778,92,78,14,14
47779,93,93,0,0
47780,95,92,3,3
47781,113,112,1,1
47782,105,95,10,10
47783,77,78,-1,1
47784,96,100,-4,4
47785,103,102,1,1
47786,76,84,-8,8
47787,77,76,1,1
47788,103,85,18,18
47789,80,76,4,4
47790,72,77,-5,5
47791,98,90,8,8
47792,94,78,16,16
47793,145,144,1,1
47794,57,64,-7,7
47795,95,82,13,13
47796,97,71,26,26
47797,160,145,15,15
47798,161,154,7,7
47799,71,70,1,1
47800,95,88,7,7
47801,100,96,4,4
47802,57,50,7,7
47803,96,97,-1,1
47804,70,62,8,8
47805,51,70,-19,19
47806,70,68,2,2
47807,27,55,-28,28
47808,93,95,-2,2
47809,110,109,1,1
47810,128,123,5,5
47811,146,154,-8,8
47812,81,64,17,17
47813,100,94,6,6
47814,77,73,4,4
47815,57,64,-7,7
47816,110,106,4,4
47817,90,85,5,5
47818,105,116,-11,11
47819,91,85,6,6
47820,158,146,12,12
47821,79,71,8,8
47822,52,56,-4,4
47823,86,71,15,15
47824,100,94,6,6
47825,65,64,1,1
47826,116,105,11,11
47827,75,69,6,6
47828,95,95,0,0
47829,71,73,-2,2
47830,87,90,-3,3
47831,79,64,15,15
47832,77,71,6,6
47833,55,60,-5,5
47834,94,80,14,14
47835,99,95,4,4
47836,98,91,7,7
47837,95,105,-10,10
47838,123,119,4,4
47839,76,88,-12,12
47840,157,177,-20,20
47841,75,80,-5,5
47842,114,116,-2,2
47843,47,48,-1,1
47844,110,110,0,0
47845,122,114,8,8
47846,89,91,-2,2
47847,65,67,-2,2
47848,63,66,-3,3
47849,140,130,10,10
47850,101,102,-1,1
47851,132,126,6,6
47852,175,191,-16,16
47853,79,76,3,3
47854,97,98,-1,1
47855,108,92,16,16
47856,76,71,5,5
47857,80,68,12,12
47858,114,102,12,12
47859,160,155,5,5
47860,101,89,12,12
47861,143,130,13,13
47862,40,62,-22,22
47863,151,132,19,19
47864,111,126,-15,15
47865,105,116,-11,11
47866,93,88,5,5
47867,121,126,-5,5
47868,162,151,11,11
47869,91,97,-6,6
47870,86,83,3,3
47871,133,144,-11,11
47872,69,71,-2,2
47873,110,80,30,30
47874,76,72,4,4
47875,70,69,1,1
47876,129,117,12,12
47877,105,102,3,3
47878,118,109,9,9
47879,51,59,-8,8
47880,155,152,3,3
47881,80,77,3,3
47882,91,108,-17,17
47883,87,80,7,7
47884,61,74,-13,13
47885,65,65,0,0
47886,85,92,-7,7
47887,89,77,12,12
47888,62,62,0,0
47889,85,77,8,8
47890,65,70,-5,5
47891,127,123,4,4
47892,94,88,6,6
47893,106,108,-2,2
47894,72,61,11,11
47895,115,108,7,7
47896,100,80,20,20
47897,56,72,-16,16
47898,78,93,-15,15
47899,100,88,12,12
47900,94,94,0,0
47901,104,93,11,11
47902,76,80,-4,4
47903,100,87,13,13
47904,114,103,11,11
47905,94,86,8,8
47906,92,87,5,5
47907,51,47,4,4
47908,129,123,6,6
47909,30,39,-9,9
47910,91,92,-1,1
47911,72,81,-9,9
47912,99,96,3,3
47913,59,59,0,0
47914,103,99,4,4
47915,140,126,14,14
47916,71,75,-4,4
47917,77,71,6,6
47918,108,110,-2,2
47919,87,76,11,11
47920,150,145,5,5
47921,108,110,-2,2
47922,78,69,9,9
47923,143,131,12,12
47924,109,110,-1,1
47925,81,76,5,5
47926,82,87,-5,5
47927,46,61,-15,15
47928,142,128,14,14
47929,54,59,-5,5
47930,89,107,-18,18
47931,53,66,-13,13
47932,73,73,0,0
47933,74,78,-4,4
47934,43,49,-6,6
47935,89,92,-3,3
47936,71,75,-4,4
47937,62,65,-3,3
47938,59,67,-8,8
47939,114,105,9,9
47940,56,60,-4,4
47941,94,96,-2,2
47942,102,101,1,1
47943,112,102,10,10
47944,75,85,-10,10
47945,77,83,-6,6
47946,124,121,3,3
47947,128,113,15,15
47948,70,77,-7,7
47949,84,128,-44,44
47950,151,140,11,11
47951,113,108,5,5
47952,85,80,5,5
47953,82,107,-25,25
47954,163,176,-13,13
47955,124,140,-16,16
47956,80,77,3,3
47957,122,150,-28,28
47958,88,79,9,9
47959,66,57,9,9
47960,83,82,1,1
47961,118,112,6,6
47962,57,57,0,0
47963,66,68,-2,2
47964,108,111,-3,3
47965,93,97,-4,4
47966,51,47,4,4
47967,171,168,3,3
47968,114,99,15,15
47969,45,57,-12,12
47970,86,71,15,15
47971,62,72,-10,10
47972,67,69,-2,2
47973,76,76,0,0
47974,108,110,-2,2
47975,100,118,-18,18
47976,139,130,9,9
47977,115,105,10,10
47978,144,116,28,28
47979,90,74,16,16
47980,91,86,5,5
47981,75,80,-5,5
47982,135,127,8,8
47983,67,82,-15,15
47984,117,97,20,20
47985,127,114,13,13
47986,59,63,-4,4
47987,48,61,-13,13
47988,69,73,-4,4
47989,93,86,7,7
47990,123,118,5,5
47991,131,146,-15,15
47992,105,95,10,10
47993,121,131,-10,10
47994,111,116,-5,5
47995,43,51,-8,8
47996,131,124,7,7
47997,133,129,4,4
47998,74,73,1,1
47999,154,134,20,20
48000,36,46,-10,10
48001,83,86,-3,3
48002,114,112,2,2
48003,115,103,12,12
48004,117,108,9,9
48005,129,127,2,2
48006,119,114,5,5
48007,65,65,0,0
48008,88,84,4,4
48009,80,71,9,9
48010,43,48,-5,5
48011,68,74,-6,6
48012,157,147,10,10
48013,104,101,3,3
48014,56,51,5,5
48015,52,61,-9,9
48016,115,116,-1,1
48017,64,59,5,5
48018,139,130,9,9
48019,58,55,3,3
48020,105,103,2,2
48021,196,209,-13,13
48022,117,109,8,8
48023,108,87,21,21
48024,109,116,-7,7
48025,53,52,1,1
48026,97,92,5,5
48027,89,88,1,1
48028,136,134,2,2
48029,156,159,-3,3
48030,107,91,16,16
48031,48,59,-11,11
48032,108,108,0,0
48033,151,138,13,13
48034,71,78,-7,7
48035,99,89,10,10
48036,119,98,21,21
48037,131,125,6,6
48038,72,79,-7,7
48039,112,109,3,3
48040,142,156,-14,14
48041,130,131,-1,1
48042,103,108,-5,5
48043,136,126,10,10
48044,61,68,-7,7
48045,93,86,7,7
48046,124,122,2,2
48047,44,64,-20,20
48048,166,171,-5,5
48049,134,132,2,2
48050,85,73,12,12
48051,56,60,-4,4
48052,58,62,-4,4
48053,95,86,9,9
48054,113,109,4,4
48055,80,84,-4,4
48056,105,96,9,9
48057,56,53,3,3
48058,79,81,-2,2
48059,77,82,-5,5
48060,90,85,5,5
48061,68,66,2,2
48062,65,74,-9,9
48063,95,92,3,3
48064,51,56,-5,5
48065,99,96,3,3
48066,81,74,7,7
48067,116,96,20,20
48068,72,76,-4,4
48069,55,60,-5,5
48070,144,136,8,8
48071,74,76,-2,2
48072,135,140,-5,5
48073,60,66,-6,6
48074,76,84,-8,8
48075,144,121,23,23
48076,141,123,18,18
48077,80,70,10,10
48078,74,79,-5,5
48079,83,81,2,2
48080,76,64,12,12
48081,100,95,5,5
48082,97,92,5,5
48083,141,117,24,24
48084,109,112,-3,3
48085,87,104,-17,17
48086,104,94,10,10
48087,69,61,8,8
48088,60,75,-15,15
48089,71,69,2,2
48090,64,71,-7,7
48091,69,69,0,0
48092,92,89,3,3
48093,93,91,2,2
48094,88,77,11,11
48095,11,51,-40,40
48096,132,121,11,11
48097,62,70,-8,8
48098,73,83,-10,10
48099,110,96,14,14
48100,84,78,6,6
48101,63,67,-4,4
48102,110,101,9,9
48103,61,60,1,1
48104,81,92,-11,11
48105,107,100,7,7
48106,161,151,10,10
48107,66,65,1,1
48108,59,70,-11,11
48109,115,119,-4,4
48110,113,113,0,0
48111,125,128,-3,3
48112,104,104,0,0
48113,90,90,0,0
48114,84,77,7,7
48115,101,91,10,10
48116,151,130,21,21
48117,127,119,8,8
48118,102,105,-3,3
48119,85,88,-3,3
48120,64,74,-10,10
48121,114,109,5,5
48122,104,98,6,6
48123,99,98,1,1
48124,60,60,0,0
48125,102,110,-8,8
48126,125,119,6,6
48127,109,114,-5,5
48128,106,102,4,4
48129,91,92,-1,1
48130,54,74,-20,20
48131,86,94,-8,8
48132,108,114,-6,6
48133,61,52,9,9
48134,63,72,-9,9
48135,112,107,5,5
48136,35,57,-22,22
48137,86,79,7,7
48138,79,93,-14,14
48139,112,110,2,2
48140,180,176,4,4
48141,94,84,10,10
48142,125,116,9,9
48143,82,76,6,6
48144,94,105,-11,11
48145,83,78,5,5
48146,93,96,-3,3
48147,89,90,-1,1
48148,63,63,0,0
48149,120,124,-4,4
48150,91,79,12,12
48151,102,116,-14,14
48152,70,72,-2,2
48153,66,65,1,1
48154,73,70,3,3
48155,122,109,13,13
48156,50,55,-5,5
48157,65,70,-5,5
48158,146,141,5,5
48159,72,75,-3,3
48160,109,91,18,18
48161,67,69,-2,2
48162,138,140,-2,2
48163,78,74,4,4
48164,143,139,4,4
48165,82,79,3,3
48166,147,163,-16,16
48167,115,113,2,2
48168,107,109,-2,2
48169,60,60,0,0
48170,95,87,8,8
48171,95,85,10,10
48172,39,46,-7,7
48173,75,89,-14,14
48174,61,54,7,7
48175,194,222,-28,28
48176,67,73,-6,6
48177,104,103,1,1
48178,79,81,-2,2
48179,57,70,-13,13
48180,45,51,-6,6
48181,66,67,-1,1
48182,70,62,8,8
48183,61,68,-7,7
48184,93,91,2,2
48185,104,95,9,9
48186,122,141,-19,19
48187,64,70,-6,6
48188,68,78,-10,10
48189,132,125,7,7
48190,55,69,-14,14
48191,117,113,4,4
48192,89,85,4,4
48193,83,87,-4,4
48194,94,100,-6,6
48195,59,57,2,2
48196,149,141,8,8
48197,77,76,1,1
48198,92,95,-3,3
48199,84,73,11,11
48200,71,71,0,0
48201,75,72,3,3
48202,123,106,17,17
48203,108,114,-6,6
48204,90,90,0,0
48205,99,75,24,24
48206,38,56,-18,18
48207,59,59,0,0
48208,104,101,3,3
48209,114,123,-9,9
48210,83,80,3,3
48211,182,169,13,13
48212,89,76,13,13
48213,77,68,9,9
48214,146,128,18,18
48215,74,76,-2,2
48216,73,68,5,5
48217,71,67,4,4
48218,70,69,1,1
48219,139,134,5,5
48220,75,69,6,6
48221,110,124,-14,14
48222,106,109,-3,3
48223,150,143,7,7
48224,132,121,11,11
48225,108,96,12,12
48226,56,51,5,5
48227,133,130,3,3
48228,123,107,16,16
48229,58,65,-7,7
48230,73,77,-4,4
48231,118,108,10,10
48232,83,77,6,6
48233,66,71,-5,5
48234,83,84,-1,1
48235,89,83,6,6
48236,87,87,0,0
48237,95,93,2,2
48238,57,56,1,1
48239,124,123,1,1
48240,136,131,5,5
48241,102,100,2,2
48242,123,121,2,2
48243,53,56,-3,3
48244,59,68,-9,9
48245,150,124,26,26
48246,140,127,13,13
48247,88,87,1,1
48248,140,135,5,5
48249,86,76,10,10
48250,106,103,3,3
48251,127,146,-19,19
48252,88,64,24,24
48253,99,99,0,0
48254,83,77,6,6
48255,81,74,7,7
48256,151,147,4,4
48257,144,140,4,4
48258,55,54,1,1
48259,66,63,3,3
48260,103,101,2,2
48261,100,91,9,9
48262,76,75,1,1
48263,115,107,8,8
48264,135,120,15,15
48265,128,113,15,15
48266,163,144,19,19
48267,81,64,17,17
48268,88,85,3,3
48269,86,103,-17,17
48270,147,133,14,14
48271,179,179,0,0
48272,98,87,11,11
48273,91,78,13,13
48274,145,141,4,4
48275,53,64,-11,11
48276,122,125,-3,3
48277,79,73,6,6
48278,118,124,-6,6
48279,100,79,21,21
48280,76,71,5,5
48281,148,150,-2,2
48282,55,49,6,6
48283,80,71,9,9
48284,129,143,-14,14
48285,52,58,-6,6
48286,108,101,7,7
48287,71,74,-3,3
48288,49,56,-7,7
48289,111,101,10,10
48290,97,82,15,15
48291,106,77,29,29
48292,31,52,-21,21
48293,62,55,7,7
48294,140,159,-19,19
48295,102,92,10,10
48296,68,67,1,1
48297,66,61,5,5
48298,98,103,-5,5
48299,29,47,-18,18
48300,162,155,7,7
48301,68,68,0,0
48302,39,48,-9,9
48303,61,69,-8,8
48304,126,133,-7,7
48305,82,61,21,21
48306,95,87,8,8
48307,86,86,0,0
48308,91,82,9,9
48309,68,73,-5,5
48310,70,74,-4,4
48311,56,58,-2,2
48312,113,107,6,6
48313,83,80,3,3
48314,185,170,15,15
48315,133,121,12,12
48316,98,89,9,9
48317,47,59,-12,12
48318,86,73,13,13
48319,115,92,23,23
48320,121,107,14,14
48321,130,135,-5,5
48322,116,116,0,0
48323,55,60,-5,5
48324,88,82,6,6
48325,158,153,5,5
48326,208,213,-5,5
48327,104,93,11,11
48328,109,108,1,1
48329,94,96,-2,2
48330,49,62,-13,13
48331,66,75,-9,9
48332,135,152,-17,17
48333,112,90,22,22
48334,75,86,-11,11
48335,99,98,1,1
48336,98,97,1,1
48337,77,80,-3,3
48338,108,88,20,20
48339,81,81,0,0
48340,99,108,-9,9
48341,113,87,26,26
48342,68,61,7,7
48343,111,117,-6,6
48344,57,61,-4,4
48345,141,123,18,18
48346,96,88,8,8
48347,57,66,-9,9
48348,86,86,0,0
48349,64,82,-18,18
48350,58,77,-19,19
48351,68,65,3,3
48352,79,70,9,9
48353,128,128,0,0
48354,133,120,13,13
48355,129,126,3,3
48356,98,91,7,7
48357,126,114,12,12
48358,68,75,-7,7
48359,98,95,3,3
48360,76,70,6,6
48361,151,134,17,17
48362,143,139,4,4
48363,81,83,-2,2
48364,154,143,11,11
48365,99,97,2,2
48366,58,63,-5,5
48367,40,46,-6,6
48368,101,98,3,3
48369,88,73,15,15
48370,102,91,11,11
48371,82,76,6,6
48372,80,74,6,6
48373,77,75,2,2
48374,91,91,0,0
48375,133,126,7,7
48376,160,146,14,14
48377,137,129,8,8
48378,110,102,8,8
48379,78,63,15,15
48380,83,84,-1,1
48381,68,76,-8,8
48382,85,88,-3,3
48383,90,86,4,4
48384,51,60,-9,9
48385,95,83,12,12
48386,133,127,6,6
48387,63,62,1,1
48388,64,63,1,1
48389,64,55,9,9
48390,128,131,-3,3
48391,94,102,-8,8
48392,87,83,4,4
48393,49,59,-10,10
48394,66,64,2,2
48395,53,62,-9,9
48396,99,91,8,8
48397,55,68,-13,13
48398,166,165,1,1
48399,179,174,5,5
48400,100,87,13,13
48401,97,91,6,6
48402,139,131,8,8
48403,59,63,-4,4
48404,175,167,8,8
48405,123,131,-8,8
48406,72,77,-5,5
48407,77,86,-9,9
48408,86,71,15,15
48409,52,60,-8,8
48410,122,140,-18,18
48411,83,80,3,3
48412,109,119,-10,10
48413,123,113,10,10
48414,72,77,-5,5
48415,86,129,-43,43
48416,97,111,-14,14
48417,98,89,9,9
48418,98,87,11,11
48419,72,74,-2,2
48420,160,150,10,10
48421,61,62,-1,1
48422,91,86,5,5
48423,65,65,0,0
48424,145,137,8,8
48425,60,68,-8,8
48426,125,112,13,13
48427,57,69,-12,12
48428,117,109,8,8
48429,104,104,0,0
48430,141,133,8,8
48431,65,68,-3,3
48432,78,70,8,8
48433,74,73,1,1
48434,82,85,-3,3
48435,83,77,6,6
48436,79,79,0,0
48437,79,79,0,0
48438,73,70,3,3
48439,154,141,13,13
48440,89,91,-2,2
48441,83,86,-3,3
48442,79,73,6,6
48443,167,148,19,19
48444,103,110,-7,7
48445,89,83,6,6
48446,199,188,11,11
48447,63,71,-8,8
48448,67,70,-3,3
48449,152,149,3,3
48450,98,97,1,1
48451,78,72,6,6
48452,78,76,2,2
48453,119,123,-4,4
48454,93,103,-10,10
48455,121,122,-1,1
48456,105,86,19,19
48457,184,144,40,40
48458,60,57,3,3
48459,167,151,16,16
48460,51,59,-8,8
48461,114,113,1,1
48462,59,57,2,2
48463,98,103,-5,5
48464,62,63,-1,1
48465,74,59,15,15
48466,87,80,7,7
48467,84,87,-3,3
48468,63,60,3,3
48469,103,88,15,15
48470,133,121,12,12
48471,125,103,22,22
48472,137,135,2,2
48473,82,75,7,7
48474,145,146,-1,1
48475,111,111,0,0
48476,117,101,16,16
48477,61,55,6,6
48478,107,112,-5,5
48479,127,115,12,12
48480,50,57,-7,7
48481,75,75,0,0
48482,173,172,1,1
48483,162,140,22,22
48484,72,77,-5,5
48485,104,92,12,12
48486,84,85,-1,1
48487,84,72,12,12
48488,99,95,4,4
48489,109,105,4,4
48490,125,122,3,3
48491,100,98,2,2
48492,108,110,-2,2
48493,118,124,-6,6
48494,70,73,-3,3
48495,67,66,1,1
48496,39,50,-11,11
48497,87,95,-8,8
48498,71,74,-3,3
48499,65,73,-8,8
48500,185,157,28,28
48501,89,85,4,4
48502,94,85,9,9
48503,68,74,-6,6
48504,66,72,-6,6
48505,126,112,14,14
48506,99,96,3,3
48507,100,100,0,0
48508,85,75,10,10
48509,38,58,-20,20
48510,170,165,5,5
48511,109,94,15,15
48512,90,90,0,0
48513,58,60,-2,2
48514,52,69,-17,17
48515,162,170,-8,8
48516,60,61,-1,1
48517,99,94,5,5
48518,80,74,6,6
48519,82,95,-13,13
48520,112,102,10,10
48521,81,67,14,14
48522,112,133,-21,21
48523,160,144,16,16
48524,44,48,-4,4
48525,60,66,-6,6
48526,87,80,7,7
48527,66,69,-3,3
48528,54,62,-8,8
48529,158,142,16,16
48530,125,125,0,0
48531,61,63,-2,2
48532,179,165,14,14
48533,174,145,29,29
48534,86,97,-11,11
48535,86,94,-8,8
48536,79,98,-19,19
48537,60,64,-4,4
48538,78,76,2,2
48539,128,133,-5,5
48540,111,104,7,7
48541,98,94,4,4
48542,142,119,23,23
48543,65,63,2,2
48544,142,119,23,23
48545,176,188,-12,12
48546,88,82,6,6
48547,165,149,16,16
48548,85,89,-4,4
48549,85,82,3,3
48550,88,97,-9,9
48551,97,106,-9,9
48552,125,120,5,5
48553,99,90,9,9
48554,83,72,11,11
48555,97,85,12,12
48556,96,86,10,10
48557,62,71,-9,9
48558,99,108,-9,9
48559,57,60,-3,3
48560,77,79,-2,2
48561,77,80,-3,3
48562,104,112,-8,8
48563,114,98,16,16
48564,94,78,16,16
48565,67,83,-16,16
48566,112,104,8,8
48567,128,126,2,2
48568,93,93,0,0
48569,115,119,-4,4
48570,63,65,-2,2
48571,67,69,-2,2
48572,136,146,-10,10
48573,96,106,-10,10
48574,97,101,-4,4
48575,97,104,-7,7
48576,100,90,10,10
48577,60,63,-3,3
48578,155,182,-27,27
48579,80,90,-10,10
48580,92,99,-7,7
48581,130,123,7,7
48582,139,111,28,28
48583,121,114,7,7
48584,58,56,2,2
48585,73,82,-9,9
48586,98,91,7,7
48587,95,94,1,1
48588,126,114,12,12
48589,112,103,9,9
48590,82,87,-5,5
48591,105,103,2,2
48592,68,70,-2,2
48593,67,78,-11,11
48594,121,122,-1,1
48595,164,145,19,19
48596,107,110,-3,3
48597,110,110,0,0
48598,125,129,-4,4
48599,71,73,-2,2
48600,77,81,-4,4
48601,97,93,4,4
48602,114,122,-8,8
48603,140,144,-4,4
48604,57,65,-8,8
48605,99,88,11,11
48606,99,95,4,4
48607,52,59,-7,7
48608,83,74,9,9
48609,173,270,-97,97
48610,94,102,-8,8
48611,47,50,-3,3
48612,58,79,-21,21
48613,61,81,-20,20
48614,82,100,-18,18
48615,53,68,-15,15
48616,53,62,-9,9
48617,77,73,4,4
48618,88,93,-5,5
48619,74,81,-7,7
48620,74,65,9,9
48621,150,141,9,9
48622,135,128,7,7
48623,176,191,-15,15
48624,53,56,-3,3
48625,140,128,12,12
48626,106,109,-3,3
48627,189,177,12,12
48628,104,111,-7,7
48629,71,87,-16,16
48630,66,58,8,8
48631,82,97,-15,15
48632,111,121,-10,10
48633,114,87,27,27
48634,140,139,1,1
48635,95,103,-8,8
48636,152,152,0,0
48637,101,112,-11,11
48638,67,73,-6,6
48639,47,47,0,0
48640,73,74,-1,1
48641,84,97,-13,13
48642,92,77,15,15
48643,157,153,4,4
48644,128,125,3,3
48645,96,112,-16,16
48646,91,89,2,2
48647,92,80,12,12
48648,132,132,0,0
48649,170,171,-1,1
48650,103,78,25,25
48651,46,57,-11,11
48652,123,108,15,15
48653,91,81,10,10
48654,111,106,5,5
48655,144,148,-4,4
48656,73,74,-1,1
48657,116,108,8,8
48658,137,148,-11,11
48659,131,118,13,13
48660,37,52,-15,15
48661,84,91,-7,7
48662,91,83,8,8
48663,175,184,-9,9
48664,137,130,7,7
48665,91,84,7,7
48666,41,58,-17,17
48667,88,78,10,10
48668,86,77,9,9
48669,67,74,-7,7
48670,181,157,24,24
48671,108,106,2,2
48672,51,52,-1,1
48673,145,135,10,10
48674,87,83,4,4
48675,42,53,-11,11
48676,92,83,9,9
48677,196,193,3,3
48678,43,59,-16,16
48679,108,102,6,6
48680,131,117,14,14
48681,105,114,-9,9
48682,77,79,-2,2
48683,80,71,9,9
48684,144,134,10,10
48685,120,128,-8,8
48686,70,69,1,1
48687,62,59,3,3
48688,40,61,-21,21
48689,80,74,6,6
48690,93,87,6,6
48691,41,56,-15,15
48692,90,100,-10,10
48693,82,76,6,6
48694,85,94,-9,9
48695,103,84,19,19
48696,119,105,14,14
48697,65,66,-1,1
48698,85,81,4,4
48699,114,98,16,16
48700,95,90,5,5
48701,39,51,-12,12
48702,89,81,8,8
48703,116,119,-3,3
48704,133,135,-2,2
48705,76,73,3,3
48706,146,128,18,18
48707,55,52,3,3
48708,170,163,7,7
48709,76,68,8,8
48710,89,93,-4,4
48711,76,95,-19,19
48712,107,100,7,7
48713,69,64,5,5
48714,94,103,-9,9
48715,106,101,5,5
48716,91,82,9,9
48717,158,165,-7,7
48718,110,106,4,4
48719,69,78,-9,9
48720,90,78,12,12
48721,99,87,12,12
48722,74,79,-5,5
48723,94,96,-2,2
48724,70,72,-2,2
48725,81,87,-6,6
48726,136,147,-11,11
48727,89,90,-1,1
48728,113,115,-2,2
48729,110,103,7,7
48730,137,142,-5,5
48731,100,91,9,9
48732,114,103,11,11
48733,122,111,11,11
48734,27,38,-11,11
48735,105,107,-2,2
48736,65,69,-4,4
48737,120,131,-11,11
48738,68,66,2,2
48739,158,158,0,0
48740,76,79,-3,3
48741,123,116,7,7
48742,71,77,-6,6
48743,86,73,13,13
48744,68,78,-10,10
48745,118,112,6,6
48746,36,49,-13,13
48747,26,43,-17,17
48748,55,60,-5,5
48749,87,80,7,7
48750,117,110,7,7
48751,36,48,-12,12
48752,112,93,19,19
48753,73,68,5,5
48754,93,86,7,7
48755,122,113,9,9
48756,117,108,9,9
48757,116,122,-6,6
48758,95,86,9,9
48759,51,63,-12,12
48760,81,79,2,2
48761,88,72,16,16
48762,62,60,2,2
48763,84,63,21,21
48764,69,65,4,4
48765,62,61,1,1
48766,101,103,-2,2
48767,112,109,3,3
48768,182,167,15,15
48769,51,61,-10,10
48770,89,89,0,0
48771,123,126,-3,3
48772,91,84,7,7
48773,67,87,-20,20
48774,150,135,15,15
48775,61,65,-4,4
48776,107,97,10,10
48777,53,55,-2,2
48778,79,86,-7,7
48779,143,154,-11,11
48780,115,111,4,4
48781,66,74,-8,8
48782,104,96,8,8
48783,154,161,-7,7
48784,96,81,15,15
48785,165,167,-2,2
48786,124,128,-4,4
48787,108,97,11,11
48788,106,113,-7,7
48789,124,130,-6,6
48790,91,96,-5,5
48791,98,109,-11,11
48792,74,80,-6,6
48793,146,142,4,4
48794,136,147,-11,11
48795,96,106,-10,10
48796,117,117,0,0
48797,113,104,9,9
48798,118,114,4,4
48799,151,114,37,37
48800,157,153,4,4
48801,98,82,16,16
48802,136,140,-4,4
48803,119,134,-15,15
48804,66,65,1,1
48805,144,139,5,5
48806,118,114,4,4
48807,186,197,-11,11
48808,91,96,-5,5
48809,99,91,8,8
48810,78,77,1,1
48811,81,75,6,6
48812,77,73,4,4
48813,51,52,-1,1
48814,81,89,-8,8
48815,110,98,12,12
48816,83,74,9,9
48817,75,83,-8,8
48818,73,70,3,3
48819,113,105,8,8
48820,84,71,13,13
48821,94,84,10,10
48822,77,92,-15,15
48823,101,90,11,11
48824,100,87,13,13
48825,68,75,-7,7
48826,65,73,-8,8
48827,159,162,-3,3
48828,66,65,1,1
48829,149,126,23,23
48830,81,88,-7,7
48831,56,56,0,0
48832,149,178,-29,29
48833,56,53,3,3
48834,110,109,1,1
48835,61,72,-11,11
48836,57,56,1,1
48837,107,104,3,3
48838,58,73,-15,15
48839,106,104,2,2
48840,145,124,21,21
48841,70,63,7,7
48842,115,113,2,2
48843,106,80,26,26
48844,144,141,3,3
48845,129,116,13,13
48846,127,131,-4,4
48847,223,206,17,17
48848,147,149,-2,2
48849,95,88,7,7
48850,34,46,-12,12
48851,66,67,-1,1
48852,88,81,7,7
48853,91,79,12,12
48854,90,78,12,12
48855,131,130,1,1
48856,61,64,-3,3
48857,66,64,2,2
48858,125,133,-8,8
48859,69,69,0,0
48860,73,76,-3,3
48861,87,74,13,13
48862,89,82,7,7
48863,69,79,-10,10
48864,114,111,3,3
48865,64,71,-7,7
48866,146,142,4,4
48867,93,97,-4,4
48868,54,54,0,0
48869,171,172,-1,1
48870,63,59,4,4
48871,70,76,-6,6
48872,61,64,-3,3
48873,75,77,-2,2
48874,158,147,11,11
48875,65,84,-19,19
48876,93,93,0,0
48877,97,84,13,13
48878,126,80,46,46
48879,122,119,3,3
48880,128,139,-11,11
48881,109,107,2,2
48882,90,81,9,9
48883,167,157,10,10
48884,79,70,9,9
48885,56,53,3,3
48886,117,111,6,6
48887,80,72,8,8
48888,48,54,-6,6
48889,72,82,-10,10
48890,69,72,-3,3
48891,105,101,4,4
48892,103,99,4,4
48893,94,84,10,10
48894,91,88,3,3
48895,117,116,1,1
48896,168,173,-5,5
48897,60,56,4,4
48898,93,91,2,2
48899,110,99,11,11
48900,61,60,1,1
48901,133,123,10,10
48902,124,103,21,21
48903,131,116,15,15
48904,81,76,5,5
48905,78,72,6,6
48906,117,106,11,11
48907,116,118,-2,2
48908,75,78,-3,3
48909,50,53,-3,3
48910,76,69,7,7
48911,120,107,13,13
48912,96,88,8,8
48913,99,114,-15,15
48914,163,163,0,0
48915,136,136,0,0
48916,150,140,10,10
48917,87,90,-3,3
48918,116,121,-5,5
48919,127,118,9,9
48920,73,62,11,11
48921,110,106,4,4
48922,65,60,5,5
48923,74,75,-1,1
48924,98,85,13,13
48925,74,76,-2,2
48926,105,106,-1,1
48927,92,96,-4,4
48928,80,82,-2,2
48929,111,105,6,6
48930,93,84,9,9
48931,69,63,6,6
48932,76,89,-13,13
48933,59,60,-1,1
48934,127,121,6,6
48935,45,46,-1,1
48936,100,81,19,19
48937,111,104,7,7
48938,165,225,-60,60
48939,161,164,-3,3
48940,108,107,1,1
48941,85,68,17,17
48942,131,133,-2,2
48943,28,62,-34,34
48944,92,87,5,5
48945,55,67,-12,12
48946,134,135,-1,1
48947,112,94,18,18
48948,123,107,16,16
48949,137,144,-7,7
48950,72,83,-11,11
48951,116,108,8,8
48952,136,125,11,11
48953,122,121,1,1
48954,120,121,-1,1
48955,85,74,11,11
48956,98,100,-2,2
48957,108,122,-14,14
48958,95,88,7,7
48959,71,69,2,2
48960,160,145,15,15
48961,112,109,3,3
48962,98,99,-1,1
48963,72,70,2,2
48964,102,99,3,3
48965,95,85,10,10
48966,130,123,7,7
48967,96,86,10,10
48968,123,116,7,7
48969,100,108,-8,8
48970,172,170,2,2
48971,55,57,-2,2
48972,60,70,-10,10
48973,101,97,4,4
48974,90,102,-12,12
48975,76,85,-9,9
48976,80,68,12,12
48977,100,108,-8,8
48978,61,60,1,1
48979,75,81,-6,6
48980,81,96,-15,15
48981,121,118,3,3
48982,81,82,-1,1
48983,139,148,-9,9
48984,86,77,9,9
48985,94,95,-1,1
48986,121,110,11,11
48987,83,73,10,10
48988,127,128,-1,1
48989,49,55,-6,6
48990,83,90,-7,7
48991,76,63,13,13
48992,113,106,7,7
48993,73,72,1,1
48994,85,89,-4,4
48995,97,95,2,2
48996,82,80,2,2
48997,103,106,-3,3
48998,68,67,1,1
48999,65,70,-5,5
49000,46,47,-1,1
49001,108,107,1,1
49002,96,104,-8,8
49003,133,119,14,14
49004,97,105,-8,8
49005,62,59,3,3
49006,95,87,8,8
49007,132,118,14,14
49008,164,160,4,4
49009,62,65,-3,3
49010,81,77,4,4
49011,91,86,5,5
49012,73,75,-2,2
49013,73,66,7,7
49014,105,104,1,1
49015,75,79,-4,4
49016,73,64,9,9
49017,94,100,-6,6
49018,112,119,-7,7
49019,107,93,14,14
49020,79,78,1,1
49021,128,136,-8,8
49022,100,82,18,18
49023,68,64,4,4
49024,84,73,11,11
49025,115,134,-19,19
49026,68,71,-3,3
49027,50,55,-5,5
49028,80,77,3,3
49029,71,70,1,1
49030,115,104,11,11
49031,103,114,-11,11
49032,112,102,10,10
49033,95,90,5,5
49034,132,136,-4,4
49035,108,112,-4,4
49036,89,95,-6,6
49037,96,81,15,15
49038,110,101,9,9
49039,103,185,-82,82
49040,113,91,22,22
49041,72,73,-1,1
49042,85,99,-14,14
49043,106,104,2,2
49044,101,100,1,1
49045,117,129,-12,12
49046,67,71,-4,4
49047,82,83,-1,1
49048,61,65,-4,4
49049,64,62,2,2
49050,86,84,2,2
49051,89,81,8,8
49052,49,59,-10,10
49053,136,118,18,18
49054,137,139,-2,2
49055,79,60,19,19
49056,127,114,13,13
49057,130,121,9,9
49058,119,146,-27,27
49059,83,81,2,2
49060,98,101,-3,3
49061,124,122,2,2
49062,72,85,-13,13
49063,114,104,10,10
49064,144,131,13,13
49065,117,105,12,12
49066,68,66,2,2
49067,41,48,-7,7
49068,88,87,1,1
49069,156,139,17,17
49070,85,72,13,13
49071,99,101,-2,2
49072,71,88,-17,17
49073,152,138,14,14
49074,86,78,8,8
49075,95,79,16,16
49076,100,93,7,7
49077,99,93,6,6
49078,137,96,41,41
49079,78,71,7,7
49080,142,134,8,8
49081,80,84,-4,4
49082,70,65,5,5
49083,112,102,10,10
49084,116,119,-3,3
49085,76,78,-2,2
49086,128,124,4,4
49087,101,92,9,9
49088,111,104,7,7
49089,71,67,4,4
49090,129,130,-1,1
49091,170,159,11,11
49092,136,112,24,24
49093,105,90,15,15
49094,117,105,12,12
49095,102,89,13,13
49096,77,79,-2,2
49097,103,102,1,1
49098,53,57,-4,4
49099,94,98,-4,4
49100,73,78,-5,5
49101,65,71,-6,6
49102,107,129,-22,22
49103,78,87,-9,9
49104,83,88,-5,5
49105,117,118,-1,1
49106,33,48,-15,15
49107,97,94,3,3
49108,119,115,4,4
49109,74,66,8,8
49110,96,93,3,3
49111,113,115,-2,2
49112,68,83,-15,15
49113,78,72,6,6
49114,123,95,28,28
49115,121,124,-3,3
49116,74,71,3,3
49117,100,97,3,3
49118,71,71,0,0
49119,46,50,-4,4
49120,90,89,1,1
49121,63,81,-18,18
49122,94,82,12,12
49123,83,84,-1,1
49124,86,79,7,7
49125,116,114,2,2
49126,107,95,12,12
49127,111,128,-17,17
49128,211,212,-1,1
49129,71,66,5,5
49130,57,79,-22,22
49131,135,121,14,14
49132,111,103,8,8
49133,97,89,8,8
49134,139,133,6,6
49135,96,87,9,9
49136,91,84,7,7
49137,131,132,-1,1
49138,134,129,5,5
49139,81,81,0,0
49140,123,112,11,11
49141,122,126,-4,4
49142,149,145,4,4
49143,122,106,16,16
49144,114,102,12,12
49145,112,99,13,13
49146,110,103,7,7
49147,111,114,-3,3
49148,50,58,-8,8
49149,52,55,-3,3
49150,119,127,-8,8
49151,67,76,-9,9
49152,135,128,7,7
49153,81,72,9,9
49154,122,107,15,15
49155,130,123,7,7
49156,60,56,4,4
49157,108,122,-14,14
49158,97,96,1,1
49159,50,61,-11,11
49160,77,68,9,9
49161,106,89,17,17
49162,100,102,-2,2
49163,70,76,-6,6
49164,99,102,-3,3
49165,108,112,-4,4
49166,138,118,20,20
49167,132,128,4,4
49168,73,77,-4,4
49169,73,73,0,0
49170,111,102,9,9
49171,101,103,-2,2
49172,123,125,-2,2
49173,80,116,-36,36
49174,56,60,-4,4
49175,101,91,10,10
49176,119,117,2,2
49177,125,148,-23,23
49178,107,98,9,9
49179,141,129,12,12
49180,110,125,-15,15
49181,91,76,15,15
49182,67,61,6,6
49183,91,93,-2,2
49184,62,65,-3,3
49185,66,63,3,3
49186,51,62,-11,11
49187,26,50,-24,24
49188,112,104,8,8
49189,85,77,8,8
49190,173,163,10,10
49191,65,55,10,10
49192,71,74,-3,3
49193,48,49,-1,1
49194,113,112,1,1
49195,111,116,-5,5
49196,76,78,-2,2
49197,72,70,2,2
49198,104,100,4,4
49199,113,104,9,9
49200,80,77,3,3
49201,129,133,-4,4
49202,80,75,5,5
49203,99,93,6,6
49204,98,98,0,0
49205,186,191,-5,5
49206,84,87,-3,3
49207,46,57,-11,11
49208,81,86,-5,5
49209,62,62,0,0
49210,85,83,2,2
49211,63,72,-9,9
49212,114,118,-4,4
49213,91,89,2,2
49214,100,107,-7,7
49215,53,59,-6,6
49216,127,110,17,17
49217,93,86,7,7
49218,59,59,0,0
49219,52,45,7,7
49220,100,103,-3,3
49221,73,73,0,0
49222,110,116,-6,6
49223,88,75,13,13
49224,87,81,6,6
49225,53,58,-5,5
49226,96,98,-2,2
49227,70,80,-10,10
49228,80,91,-11,11
49229,80,91,-11,11
49230,78,77,1,1
49231,45,47,-2,2
49232,97,90,7,7
49233,172,158,14,14
49234,92,89,3,3
49235,72,72,0,0
49236,125,138,-13,13
49237,72,73,-1,1
49238,156,156,0,0
49239,61,67,-6,6
49240,118,121,-3,3
49241,89,112,-23,23
49242,126,104,22,22
49243,121,101,20,20
49244,63,67,-4,4
49245,96,92,4,4
49246,123,113,10,10
49247,80,84,-4,4
49248,120,119,1,1
49249,75,76,-1,1
49250,128,121,7,7
49251,166,158,8,8
49252,129,130,-1,1
49253,74,81,-7,7
49254,70,74,-4,4
49255,75,77,-2,2
49256,115,93,22,22
49257,109,93,16,16
49258,86,84,2,2
49259,90,83,7,7
49260,95,84,11,11
49261,102,105,-3,3
49262,178,167,11,11
49263,140,126,14,14
49264,148,146,2,2
49265,75,78,-3,3
49266,94,83,11,11
49267,83,86,-3,3
49268,184,168,16,16
49269,98,91,7,7
49270,36,57,-21,21
49271,68,66,2,2
49272,88,86,2,2
49273,71,68,3,3
49274,80,70,10,10
49275,81,77,4,4
49276,98,108,-10,10
49277,99,92,7,7
49278,41,53,-12,12
49279,51,44,7,7
49280,161,150,11,11
49281,76,87,-11,11
49282,103,98,5,5
49283,86,68,18,18
49284,111,104,7,7
49285,132,117,15,15
49286,91,78,13,13
49287,114,94,20,20
49288,106,96,10,10
49289,140,133,7,7
49290,54,59,-5,5
49291,231,233,-2,2
49292,74,75,-1,1
49293,59,61,-2,2
49294,149,132,17,17
49295,98,80,18,18
49296,96,87,9,9
49297,98,100,-2,2
49298,29,46,-17,17
49299,80,77,3,3
49300,115,104,11,11
49301,75,63,12,12
49302,93,93,0,0
49303,86,86,0,0
49304,67,63,4,4
49305,56,60,-4,4
49306,120,120,0,0
49307,188,180,8,8
49308,31,50,-19,19
49309,51,60,-9,9
49310,55,57,-2,2
49311,81,82,-1,1
49312,75,75,0,0
49313,63,72,-9,9
49314,85,87,-2,2
49315,32,50,-18,18
49316,83,87,-4,4
49317,86,88,-2,2
49318,122,101,21,21
49319,46,54,-8,8
49320,122,107,15,15
49321,101,114,-13,13
49322,55,58,-3,3
49323,80,72,8,8
49324,106,101,5,5
49325,79,91,-12,12
49326,143,146,-3,3
49327,124,120,4,4
49328,128,124,4,4
49329,88,94,-6,6
49330,98,100,-2,2
49331,207,197,10,10
49332,133,117,16,16
49333,46,53,-7,7
49334,115,113,2,2
49335,75,56,19,19
49336,93,81,12,12
49337,99,103,-4,4
49338,107,111,-4,4
49339,99,87,12,12
49340,78,75,3,3
49341,104,92,12,12
49342,112,112,0,0
49343,75,67,8,8
49344,84,89,-5,5
49345,87,94,-7,7
49346,83,74,9,9
49347,151,143,8,8
49348,23,57,-34,34
49349,168,158,10,10
49350,62,62,0,0
49351,65,77,-12,12
49352,68,72,-4,4
49353,110,118,-8,8
49354,159,151,8,8
49355,44,59,-15,15
49356,144,142,2,2
49357,71,71,0,0
49358,71,68,3,3
49359,131,126,5,5
49360,148,93,55,55
49361,116,115,1,1
49362,117,105,12,12
49363,116,134,-18,18
49364,95,87,8,8
49365,59,66,-7,7
49366,41,60,-19,19
49367,80,89,-9,9
49368,66,87,-21,21
49369,98,92,6,6
49370,186,178,8,8
49371,109,107,2,2
49372,97,127,-30,30
49373,74,71,3,3
49374,113,116,-3,3
49375,61,64,-3,3
49376,108,103,5,5
49377,123,106,17,17
49378,78,81,-3,3
49379,57,65,-8,8
49380,42,52,-10,10
49381,118,125,-7,7
49382,59,58,1,1
49383,96,103,-7,7
49384,69,63,6,6
49385,94,86,8,8
49386,84,89,-5,5
49387,182,203,-21,21
49388,44,55,-11,11
49389,74,79,-5,5
49390,84,73,11,11
49391,173,167,6,6
49392,73,74,-1,1
49393,67,75,-8,8
49394,84,79,5,5
49395,106,102,4,4
49396,80,71,9,9
49397,79,93,-14,14
49398,61,58,3,3
49399,73,71,2,2
49400,50,51,-1,1
49401,94,88,6,6
49402,86,90,-4,4
49403,71,61,10,10
49404,60,65,-5,5
49405,126,126,0,0
49406,60,60,0,0
49407,65,56,9,9
49408,83,71,12,12
49409,47,55,-8,8
49410,234,181,53,53
49411,101,92,9,9
49412,111,106,5,5
49413,65,66,-1,1
49414,50,63,-13,13
49415,63,67,-4,4
49416,121,115,6,6
49417,63,57,6,6
49418,105,98,7,7
49419,51,60,-9,9
49420,85,79,6,6
49421,154,138,16,16
49422,130,119,11,11
49423,95,84,11,11
49424,55,72,-17,17
49425,95,98,-3,3
49426,154,150,4,4
49427,109,103,6,6
49428,57,65,-8,8
49429,109,103,6,6
49430,125,99,26,26
49431,85,71,14,14
49432,76,71,5,5
49433,66,84,-18,18
49434,89,81,8,8
49435,64,72,-8,8
49436,46,57,-11,11
49437,79,76,3,3
49438,114,114,0,0
49439,73,70,3,3
49440,130,137,-7,7
49441,78,70,8,8
49442,62,78,-16,16
49443,49,55,-6,6
49444,65,68,-3,3
49445,66,60,6,6
49446,72,75,-3,3
49447,81,76,5,5
49448,131,131,0,0
49449,113,111,2,2
49450,103,96,7,7
49451,60,57,3,3
49452,61,55,6,6
49453,62,62,0,0
49454,79,75,4,4
49455,111,129,-18,18
49456,108,99,9,9
49457,124,102,22,22
49458,93,106,-13,13
49459,121,123,-2,2
49460,49,58,-9,9
49461,72,76,-4,4
49462,86,69,17,17
49463,64,71,-7,7
49464,95,83,12,12
49465,108,114,-6,6
49466,148,144,4,4
49467,71,72,-1,1
49468,85,94,-9,9
49469,72,77,-5,5
49470,107,108,-1,1
49471,121,104,17,17
49472,119,74,45,45
49473,81,96,-15,15
49474,94,92,2,2
49475,147,116,31,31
49476,101,108,-7,7
49477,106,111,-5,5
49478,59,64,-5,5
49479,70,66,4,4
49480,52,53,-1,1
49481,89,77,12,12
49482,128,125,3,3
49483,111,106,5,5
49484,146,140,6,6
49485,49,60,-11,11
49486,110,102,8,8
49487,119,93,26,26
49488,96,98,-2,2
49489,119,110,9,9
49490,140,136,4,4
49491,124,121,3,3
49492,90,83,7,7
49493,68,72,-4,4
49494,92,93,-1,1
49495,163,146,17,17
49496,77,81,-4,4
49497,103,96,7,7
49498,126,108,18,18
49499,70,65,5,5
49500,127,117,10,10
49501,76,76,0,0
49502,138,131,7,7
49503,88,94,-6,6
49504,58,78,-20,20
49505,68,68,0,0
49506,146,151,-5,5
49507,139,141,-2,2
49508,71,74,-3,3
49509,143,131,12,12
49510,123,113,10,10
49511,55,74,-19,19
49512,93,87,6,6
49513,74,81,-7,7
49514,122,112,10,10
49515,79,86,-7,7
49516,75,76,-1,1
49517,72,72,0,0
49518,122,122,0,0
49519,82,75,7,7
49520,66,63,3,3
49521,67,68,-1,1
49522,62,66,-4,4
49523,108,104,4,4
49524,82,76,6,6
49525,93,94,-1,1
49526,57,62,-5,5
49527,73,69,4,4
49528,116,96,20,20
49529,97,87,10,10
49530,107,111,-4,4
49531,69,64,5,5
49532,118,112,6,6
49533,112,111,1,1
49534,75,83,-8,8
49535,128,137,-9,9
49536,96,95,1,1
49537,81,84,-3,3
49538,149,134,15,15
49539,65,68,-3,3
49540,28,59,-31,31
49541,92,97,-5,5
49542,82,71,11,11
49543,65,73,-8,8
49544,130,132,-2,2
49545,85,85,0,0
49546,105,104,1,1
49547,119,111,8,8
49548,124,107,17,17
49549,89,81,8,8
49550,52,53,-1,1
49551,95,83,12,12
49552,111,126,-15,15
49553,110,94,16,16
49554,104,100,4,4
49555,107,111,-4,4
49556,79,73,6,6
49557,98,93,5,5
49558,113,107,6,6
49559,59,60,-1,1
49560,86,76,10,10
49561,40,51,-11,11
49562,59,59,0,0
49563,108,104,4,4
49564,49,62,-13,13
49565,86,71,15,15
49566,84,84,0,0
49567,93,81,12,12
49568,74,66,8,8
49569,73,69,4,4
49570,89,87,2,2
49571,83,84,-1,1
49572,94,92,2,2
49573,103,85,18,18
49574,117,121,-4,4
49575,162,145,17,17
49576,72,74,-2,2
49577,107,108,-1,1
49578,122,119,3,3
49579,108,112,-4,4
49580,96,78,18,18
49581,98,93,5,5
49582,111,111,0,0
49583,51,58,-7,7
49584,70,75,-5,5
49585,64,67,-3,3
49586,47,58,-11,11
49587,45,49,-4,4
49588,69,91,-22,22
49589,91,86,5,5
49590,77,71,6,6
49591,83,81,2,2
49592,73,70,3,3
49593,70,69,1,1
49594,228,207,21,21
49595,50,56,-6,6
49596,69,67,2,2
49597,88,86,2,2
49598,76,76,0,0
49599,80,71,9,9
49600,73,68,5,5
49601,86,82,4,4
49602,103,123,-20,20
49603,135,124,11,11
49604,75,79,-4,4
49605,78,79,-1,1
49606,114,105,9,9
49607,112,117,-5,5
49608,66,71,-5,5
49609,94,81,13,13
49610,86,77,9,9
49611,86,75,11,11
49612,115,120,-5,5
49613,81,72,9,9
49614,96,101,-5,5
49615,100,86,14,14
49616,137,125,12,12
49617,71,70,1,1
49618,77,72,5,5
49619,102,89,13,13
49620,83,88,-5,5
49621,87,79,8,8
49622,123,96,27,27
49623,65,74,-9,9
49624,59,57,2,2
49625,98,106,-8,8
49626,127,136,-9,9
49627,141,118,23,23
49628,55,64,-9,9
49629,63,67,-4,4
49630,102,96,6,6
49631,63,74,-11,11
49632,108,104,4,4
49633,105,99,6,6
49634,57,56,1,1
49635,64,54,10,10
49636,83,77,6,6
49637,97,105,-8,8
49638,97,96,1,1
49639,84,94,-10,10
49640,117,111,6,6
49641,99,89,10,10
49642,106,102,4,4
49643,101,96,5,5
49644,91,80,11,11
49645,131,133,-2,2
49646,162,162,0,0
49647,81,77,4,4
49648,56,60,-4,4
49649,120,97,23,23
49650,103,85,18,18
49651,43,52,-9,9
49652,59,60,-1,1
49653,90,74,16,16
49654,116,103,13,13
49655,55,59,-4,4
49656,97,78,19,19
49657,99,89,10,10
49658,52,56,-4,4
49659,32,48,-16,16
49660,91,97,-6,6
49661,92,78,14,14
49662,52,59,-7,7
49663,159,132,27,27
49664,144,133,11,11
49665,115,119,-4,4
49666,44,49,-5,5
49667,114,117,-3,3
49668,183,172,11,11
49669,94,90,4,4
49670,82,95,-13,13
49671,85,63,22,22
49672,71,76,-5,5
49673,151,144,7,7
49674,98,89,9,9
49675,116,117,-1,1
49676,108,98,10,10
49677,85,79,6,6
49678,96,100,-4,4
49679,94,100,-6,6
49680,59,62,-3,3
49681,81,91,-10,10
49682,125,123,2,2
49683,64,71,-7,7
49684,106,88,18,18
49685,89,92,-3,3
49686,91,70,21,21
49687,72,73,-1,1
49688,69,77,-8,8
49689,94,76,18,18
49690,133,123,10,10
49691,115,118,-3,3
49692,92,97,-5,5
49693,171,160,11,11
49694,108,106,2,2
49695,102,95,7,7
49696,133,139,-6,6
49697,89,83,6,6
49698,93,84,9,9
49699,39,52,-13,13
49700,119,100,19,19
49701,116,104,12,12
49702,71,62,9,9
49703,121,124,-3,3
49704,109,101,8,8
49705,121,103,18,18
49706,87,82,5,5
49707,73,79,-6,6
49708,103,87,16,16
49709,50,66,-16,16
49710,53,57,-4,4
49711,94,93,1,1
49712,143,148,-5,5
49713,68,67,1,1
49714,148,138,10,10
49715,54,59,-5,5
49716,121,107,14,14
49717,116,125,-9,9
49718,91,96,-5,5
49719,74,65,9,9
49720,68,77,-9,9
49721,129,131,-2,2
49722,69,64,5,5
49723,43,59,-16,16
49724,125,108,17,17
49725,101,109,-8,8
49726,188,180,8,8
49727,135,110,25,25
49728,57,65,-8,8
49729,96,93,3,3
49730,68,65,3,3
49731,154,143,11,11
49732,101,95,6,6
49733,48,51,-3,3
49734,62,66,-4,4
49735,182,166,16,16
49736,83,71,12,12
49737,52,56,-4,4
49738,97,77,20,20
49739,108,94,14,14
49740,90,92,-2,2
49741,88,91,-3,3
49742,109,104,5,5
49743,84,98,-14,14
49744,93,92,1,1
49745,87,79,8,8
49746,75,73,2,2
49747,77,72,5,5
49748,159,149,10,10
49749,56,60,-4,4
49750,135,121,14,14
49751,42,53,-11,11
49752,42,57,-15,15
49753,82,98,-16,16
49754,106,95,11,11
49755,98,105,-7,7
49756,59,68,-9,9
49757,158,142,16,16
49758,109,113,-4,4
49759,93,92,1,1
49760,174,169,5,5
49761,91,91,0,0
49762,138,116,22,22
49763,104,106,-2,2
49764,92,90,2,2
49765,67,71,-4,4
49766,87,89,-2,2
49767,135,127,8,8
49768,102,91,11,11
49769,164,152,12,12
49770,67,73,-6,6
49771,106,81,25,25
49772,88,90,-2,2
49773,109,97,12,12
49774,97,89,8,8
49775,49,63,-14,14
49776,124,112,12,12
49777,64,62,2,2
49778,160,147,13,13
49779,108,105,3,3
49780,71,62,9,9
49781,108,98,10,10
49782,87,83,4,4
49783,181,175,6,6
49784,100,92,8,8
49785,52,59,-7,7
49786,128,117,11,11
49787,84,80,4,4
49788,123,114,9,9
49789,131,124,7,7
49790,113,111,2,2
49791,127,122,5,5
49792,85,77,8,8
49793,71,73,-2,2
49794,108,107,1,1
49795,74,77,-3,3
49796,160,155,5,5
49797,72,70,2,2
49798,75,81,-6,6
49799,122,124,-2,2
49800,85,77,8,8
49801,74,80,-6,6
49802,44,69,-25,25
49803,110,128,-18,18
49804,64,75,-11,11
49805,40,51,-11,11
49806,124,116,8,8
49807,88,88,0,0
49808,123,119,4,4
49809,122,133,-11,11
49810,122,116,6,6
49811,104,85,19,19
49812,100,97,3,3
49813,83,71,12,12
49814,50,64,-14,14
49815,93,87,6,6
49816,91,78,13,13
49817,78,71,7,7
49818,121,111,10,10
49819,90,92,-2,2
49820,53,61,-8,8
49821,112,108,4,4
49822,82,72,10,10
49823,167,165,2,2
49824,97,86,11,11
49825,63,62,1,1
49826,112,106,6,6
49827,102,77,25,25
49828,78,75,3,3
49829,124,115,9,9
49830,60,58,2,2
49831,59,52,7,7
49832,55,53,2,2
49833,154,147,7,7
49834,86,81,5,5
49835,102,85,17,17
49836,70,72,-2,2
49837,47,65,-18,18
49838,79,65,14,14
49839,62,69,-7,7
49840,114,130,-16,16
49841,117,106,11,11
49842,60,72,-12,12
49843,86,80,6,6
49844,152,158,-6,6
49845,168,177,-9,9
49846,124,129,-5,5
49847,60,60,0,0
49848,125,117,8,8
49849,62,58,4,4
49850,88,93,-5,5
49851,66,65,1,1
49852,175,162,13,13
49853,88,85,3,3
49854,45,57,-12,12
49855,74,75,-1,1
49856,135,142,-7,7
49857,106,105,1,1
49858,130,120,10,10
49859,79,83,-4,4
49860,81,78,3,3
49861,65,67,-2,2
49862,107,95,12,12
49863,97,84,13,13
49864,76,84,-8,8
49865,116,106,10,10
49866,59,65,-6,6
49867,54,63,-9,9
49868,98,87,11,11
49869,128,153,-25,25
49870,106,104,2,2
49871,78,73,5,5
49872,131,125,6,6
49873,69,66,3,3
49874,153,167,-14,14
49875,71,75,-4,4
49876,67,64,3,3
49877,107,100,7,7
49878,75,89,-14,14
49879,87,87,0,0
49880,94,78,16,16
49881,90,92,-2,2
49882,74,75,-1,1
49883,135,120,15,15
49884,134,124,10,10
49885,151,144,7,7
49886,92,92,0,0
49887,92,92,0,0
49888,80,82,-2,2
49889,91,92,-1,1
49890,89,86,3,3
49891,86,80,6,6
49892,76,75,1,1
49893,107,103,4,4
49894,140,109,31,31
49895,85,99,-14,14
49896,85,73,12,12
49897,69,68,1,1
49898,96,92,4,4
49899,62,58,4,4
49900,79,71,8,8
49901,138,113,25,25
49902,115,104,11,11
49903,106,92,14,14
49904,93,85,8,8
49905,122,108,14,14
49906,106,92,14,14
49907,90,94,-4,4
49908,88,77,11,11
49909,72,66,6,6
49910,84,86,-2,2
49911,138,139,-1,1
49912,92,98,-6,6
49913,95,98,-3,3
49914,86,75,11,11
49915,73,73,0,0
49916,70,76,-6,6
49917,61,56,5,5
49918,161,151,10,10
49919,89,89,0,0
49920,130,120,10,10
49921,99,78,21,21
49922,79,66,13,13
49923,47,60,-13,13
49924,75,78,-3,3
49925,69,72,-3,3
49926,78,77,1,1
49927,45,49,-4,4
49928,67,81,-14,14
49929,99,106,-7,7
49930,92,97,-5,5
49931,116,109,7,7
49932,132,115,17,17
49933,88,94,-6,6
49934,94,89,5,5
49935,112,121,-9,9
49936,40,57,-17,17
49937,58,66,-8,8
49938,88,77,11,11
49939,85,86,-1,1
49940,86,59,27,27
49941,145,142,3,3
49942,105,103,2,2
49943,99,89,10,10
49944,62,59,3,3
49945,95,90,5,5
49946,90,79,11,11
49947,57,59,-2,2
49948,104,94,10,10
49949,70,60,10,10
49950,103,84,19,19
49951,102,93,9,9
49952,56,60,-4,4
49953,67,62,5,5
49954,65,69,-4,4
49955,65,63,2,2
49956,100,131,-31,31
49957,77,84,-7,7
49958,140,122,18,18
49959,86,79,7,7
49960,123,114,9,9
49961,33,70,-37,37
49962,102,106,-4,4
49963,116,110,6,6
49964,63,67,-4,4
49965,79,79,0,0
49966,160,152,8,8
49967,60,62,-2,2
49968,65,71,-6,6
49969,84,80,4,4
49970,67,64,3,3
49971,90,81,9,9
49972,70,75,-5,5
49973,68,73,-5,5
49974,104,117,-13,13
49975,87,82,5,5
49976,124,112,12,12
49977,128,116,12,12
49978,166,177,-11,11
49979,72,75,-3,3
49980,54,55,-1,1
49981,111,96,15,15
49982,93,74,19,19
49983,107,97,10,10
49984,137,131,6,6
49985,89,81,8,8
49986,68,65,3,3
49987,52,62,-10,10
49988,75,73,2,2
49989,79,77,2,2
49990,48,53,-5,5
49991,75,75,0,0
49992,85,83,2,2
49993,78,79,-1,1
49994,101,96,5,5
49995,173,159,14,14
49996,90,85,5,5
49997,55,60,-5,5
49998,98,103,-5,5
49999,131,110,21,21
50000,149,137,12,12
50001,90,77,13,13
50002,51,65,-14,14
50003,68,69,-1,1
50004,111,94,17,17
50005,77,79,-2,2
50006,150,140,10,10
50007,123,121,2,2
50008,42,54,-12,12
50009,111,100,11,11
50010,73,82,-9,9
50011,77,82,-5,5
50012,74,84,-10,10
50013,145,134,11,11
50014,77,69,8,8
50015,102,100,2,2
50016,79,74,5,5
50017,65,62,3,3
50018,64,59,5,5
50019,54,60,-6,6
50020,127,111,16,16
50021,126,130,-4,4
50022,83,86,-3,3
50023,108,92,16,16
50024,103,95,8,8
50025,132,129,3,3
50026,141,120,21,21
50027,132,133,-1,1
50028,71,72,-1,1
50029,111,105,6,6
50030,133,123,10,10
50031,102,99,3,3
50032,57,74,-17,17
50033,92,103,-11,11
50034,120,108,12,12
50035,85,83,2,2
50036,86,90,-4,4
50037,79,75,4,4
50038,69,77,-8,8
50039,63,61,2,2
50040,118,117,1,1
50041,132,116,16,16
50042,72,73,-1,1
50043,98,110,-12,12
50044,110,111,-1,1
50045,105,113,-8,8
50046,67,63,4,4
50047,92,92,0,0
50048,118,132,-14,14
50049,134,119,15,15
50050,70,65,5,5
50051,129,110,19,19
50052,67,62,5,5
50053,36,63,-27,27
50054,137,146,-9,9
50055,40,63,-23,23
50056,89,94,-5,5
50057,89,85,4,4
50058,83,87,-4,4
50059,70,83,-13,13
50060,125,118,7,7
50061,113,101,12,12
50062,64,67,-3,3
50063,101,101,0,0
50064,92,85,7,7
50065,118,115,3,3
50066,70,65,5,5
50067,87,115,-28,28
50068,112,101,11,11
50069,195,208,-13,13
50070,122,116,6,6
50071,59,63,-4,4
50072,155,151,4,4
50073,131,116,15,15
50074,143,116,27,27
50075,117,107,10,10
50076,120,113,7,7
50077,113,101,12,12
50078,102,93,9,9
50079,131,121,10,10
50080,105,95,10,10
50081,87,85,2,2
50082,66,62,4,4
50083,122,143,-21,21
50084,116,101,15,15
50085,104,98,6,6
50086,51,64,-13,13
50087,90,83,7,7
50088,87,84,3,3
50089,93,91,2,2
50090,61,68,-7,7
50091,106,109,-3,3
50092,47,64,-17,17
50093,80,74,6,6
50094,74,62,12,12
50095,50,58,-8,8
50096,167,168,-1,1
50097,56,51,5,5
50098,110,117,-7,7
50099,160,139,21,21
50100,105,111,-6,6
50101,63,63,0,0
50102,97,99,-2,2
50103,98,92,6,6
50104,108,109,-1,1
50105,105,95,10,10
50106,119,110,9,9
50107,144,133,11,11
50108,65,57,8,8
50109,112,109,3,3
50110,113,96,17,17
50111,98,104,-6,6
50112,83,83,0,0
50113,170,169,1,1
50114,88,93,-5,5
50115,109,91,18,18
50116,92,84,8,8
50117,121,113,8,8
50118,58,69,-11,11
50119,96,125,-29,29
50120,108,94,14,14
50121,150,145,5,5
50122,78,82,-4,4
50123,43,61,-18,18
50124,49,59,-10,10
50125,173,156,17,17
50126,100,91,9,9
50127,104,103,1,1
50128,76,85,-9,9
50129,108,108,0,0
50130,148,132,16,16
50131,74,66,8,8
50132,72,60,12,12
50133,78,73,5,5
50134,108,110,-2,2
50135,92,96,-4,4
50136,94,91,3,3
50137,104,97,7,7
50138,102,112,-10,10
50139,70,73,-3,3
50140,88,82,6,6
50141,104,99,5,5
50142,115,85,30,30
50143,87,76,11,11
50144,110,110,0,0
50145,70,66,4,4
50146,78,77,1,1
50147,80,85,-5,5
50148,56,51,5,5
50149,125,123,2,2
50150,79,69,10,10
50151,90,81,9,9
50152,134,127,7,7
50153,123,121,2,2
50154,116,94,22,22
50155,79,82,-3,3
50156,100,112,-12,12
50157,55,61,-6,6
50158,86,84,2,2
50159,125,134,-9,9
50160,68,66,2,2
50161,73,78,-5,5
50162,103,87,16,16
50163,172,183,-11,11
50164,18,49,-31,31
50165,80,76,4,4
50166,64,75,-11,11
50167,90,87,3,3
50168,100,100,0,0
50169,52,63,-11,11
50170,199,174,25,25
50171,90,92,-2,2
50172,80,97,-17,17
50173,138,136,2,2
50174,64,65,-1,1
50175,101,92,9,9
50176,116,141,-25,25
50177,134,119,15,15
50178,113,104,9,9
50179,84,84,0,0
50180,55,72,-17,17
50181,194,192,2,2
50182,81,76,5,5
50183,100,90,10,10
50184,97,97,0,0
50185,64,63,1,1
50186,55,61,-6,6
50187,68,68,0,0
50188,103,90,13,13
50189,102,93,9,9
50190,68,65,3,3
50191,95,84,11,11
50192,74,66,8,8
50193,77,46,31,31
50194,97,100,-3,3
50195,77,64,13,13
50196,124,119,5,5
50197,62,70,-8,8
50198,78,82,-4,4
50199,149,138,11,11
50200,53,58,-5,5
50201,80,66,14,14
50202,82,84,-2,2
50203,69,71,-2,2
50204,80,85,-5,5
50205,45,54,-9,9
50206,66,67,-1,1
50207,46,67,-21,21
50208,82,89,-7,7
50209,45,44,1,1
50210,105,105,0,0
50211,109,95,14,14
50212,89,83,6,6
50213,69,68,1,1
50214,132,102,30,30
50215,106,103,3,3
50216,132,129,3,3
50217,141,130,11,11
50218,282,291,-9,9
50219,151,168,-17,17
50220,93,98,-5,5
50221,129,135,-6,6
50222,82,95,-13,13
50223,72,76,-4,4
50224,86,81,5,5
50225,42,47,-5,5
50226,85,82,3,3
50227,105,91,14,14
50228,110,103,7,7
50229,50,69,-19,19
50230,88,94,-6,6
50231,98,88,10,10
50232,85,78,7,7
50233,122,114,8,8
50234,122,157,-35,35
50235,124,126,-2,2
50236,77,78,-1,1
50237,117,112,5,5
50238,98,103,-5,5
50239,90,76,14,14
50240,129,122,7,7
50241,88,106,-18,18
50242,73,78,-5,5
50243,77,86,-9,9
50244,139,149,-10,10
50245,96,81,15,15
50246,102,90,12,12
50247,87,81,6,6
50248,70,63,7,7
50249,159,160,-1,1
50250,60,61,-1,1
50251,69,69,0,0
50252,113,108,5,5
50253,156,140,16,16
50254,118,102,16,16
50255,53,49,4,4
50256,104,111,-7,7
50257,83,73,10,10
50258,67,58,9,9
50259,95,102,-7,7
50260,103,103,0,0
50261,132,143,-11,11
50262,115,103,12,12
50263,89,87,2,2
50264,107,99,8,8
50265,99,104,-5,5
50266,97,94,3,3
50267,54,65,-11,11
50268,101,99,2,2
50269,97,82,15,15
50270,81,87,-6,6
50271,150,170,-20,20
50272,76,96,-20,20
50273,87,85,2,2
50274,101,118,-17,17
50275,51,54,-3,3
50276,99,86,13,13
50277,76,70,6,6
50278,170,152,18,18
50279,129,107,22,22
50280,73,77,-4,4
50281,172,169,3,3
50282,142,149,-7,7
50283,104,99,5,5
50284,125,108,17,17
50285,51,56,-5,5
50286,127,122,5,5
50287,150,138,12,12
50288,71,67,4,4
50289,129,135,-6,6
50290,92,97,-5,5
50291,83,80,3,3
50292,82,77,5,5
50293,143,152,-9,9
50294,105,106,-1,1
50295,60,58,2,2
50296,79,78,1,1
50297,26,60,-34,34
50298,131,110,21,21
50299,90,89,1,1
50300,72,84,-12,12
50301,62,63,-1,1
50302,76,78,-2,2
50303,138,138,0,0
50304,81,82,-1,1
50305,108,98,10,10
50306,88,100,-12,12
50307,115,114,1,1
50308,123,120,3,3
50309,89,96,-7,7
50310,123,119,4,4
50311,104,93,11,11
50312,67,64,3,3
50313,82,85,-3,3
50314,68,57,11,11
50315,72,70,2,2
50316,92,81,11,11
50317,60,65,-5,5
50318,76,89,-13,13
50319,91,98,-7,7
50320,95,85,10,10
50321,101,105,-4,4
50322,96,95,1,1
50323,122,111,11,11
50324,139,135,4,4
50325,141,110,31,31
50326,89,85,4,4
50327,103,109,-6,6
50328,51,67,-16,16
50329,75,80,-5,5
50330,107,82,25,25
50331,64,66,-2,2
50332,54,52,2,2
50333,90,74,16,16
50334,75,74,1,1
50335,136,125,11,11
50336,99,104,-5,5
50337,128,130,-2,2
50338,125,98,27,27
50339,131,120,11,11
50340,61,56,5,5
50341,60,55,5,5
50342,70,78,-8,8
50343,136,144,-8,8
50344,91,82,9,9
50345,74,74,0,0
50346,63,74,-11,11
50347,113,98,15,15
50348,78,75,3,3
50349,208,201,7,7
50350,153,144,9,9
50351,154,153,1,1
50352,92,89,3,3
50353,61,62,-1,1
50354,88,93,-5,5
50355,53,64,-11,11
50356,60,61,-1,1
50357,101,98,3,3
50358,108,97,11,11
50359,70,74,-4,4
50360,73,72,1,1
50361,86,81,5,5
50362,63,62,1,1
50363,105,111,-6,6
50364,72,67,5,5
50365,145,136,9,9
50366,71,74,-3,3
50367,148,133,15,15
50368,68,74,-6,6
50369,158,150,8,8
50370,176,178,-2,2
50371,98,70,28,28
50372,151,139,12,12
50373,72,95,-23,23
50374,48,58,-10,10
50375,77,69,8,8
50376,65,60,5,5
50377,107,101,6,6
50378,93,79,14,14
50379,103,104,-1,1
50380,95,96,-1,1
50381,45,56,-11,11
50382,148,136,12,12
50383,130,126,4,4
50384,123,116,7,7
50385,91,89,2,2
50386,127,155,-28,28
50387,66,80,-14,14
50388,71,74,-3,3
50389,133,126,7,7
50390,111,108,3,3
50391,92,92,0,0
50392,72,67,5,5
50393,70,75,-5,5
50394,158,144,14,14
50395,56,56,0,0
50396,63,66,-3,3
50397,73,71,2,2
50398,170,170,0,0
50399,118,114,4,4
50400,83,86,-3,3
50401,59,61,-2,2
50402,95,79,16,16
50403,79,69,10,10
50404,79,72,7,7
50405,103,116,-13,13
50406,127,118,9,9
50407,93,92,1,1
50408,82,80,2,2
50409,48,66,-18,18
50410,90,83,7,7
50411,76,71,5,5
50412,91,93,-2,2
50413,43,54,-11,11
50414,66,66,0,0
50415,55,71,-16,16
50416,93,90,3,3
50417,102,93,9,9
50418,56,66,-10,10
50419,91,92,-1,1
50420,126,125,1,1
50421,78,85,-7,7
50422,81,73,8,8
50423,103,101,2,2
50424,114,106,8,8
50425,103,96,7,7
50426,137,133,4,4
50427,111,104,7,7
50428,71,75,-4,4
50429,99,77,22,22
50430,118,108,10,10
50431,145,139,6,6
50432,83,73,10,10
50433,59,55,4,4
50434,79,74,5,5
50435,60,58,2,2
50436,59,57,2,2
50437,109,114,-5,5
50438,74,80,-6,6
50439,125,136,-11,11
50440,112,89,23,23
50441,74,72,2,2
50442,149,149,0,0
50443,79,77,2,2
50444,76,71,5,5
50445,124,121,3,3
50446,62,68,-6,6
50447,59,65,-6,6
50448,190,169,21,21
50449,62,79,-17,17
50450,105,110,-5,5
50451,97,95,2,2
50452,128,117,11,11
50453,113,108,5,5
50454,98,95,3,3
50455,37,62,-25,25
50456,136,136,0,0
50457,79,91,-12,12
50458,47,58,-11,11
50459,98,89,9,9
50460,101,106,-5,5
50461,87,90,-3,3
50462,49,55,-6,6
50463,88,74,14,14
50464,92,86,6,6
50465,128,124,4,4
50466,111,105,6,6
50467,106,95,11,11
50468,57,59,-2,2
50469,95,93,2,2
50470,60,63,-3,3
50471,131,116,15,15
50472,88,78,10,10
50473,83,92,-9,9
50474,109,103,6,6
50475,114,111,3,3
50476,84,88,-4,4
50477,85,85,0,0
50478,86,79,7,7
50479,76,74,2,2
50480,112,101,11,11
50481,106,112,-6,6
50482,56,57,-1,1
50483,120,118,2,2
50484,53,66,-13,13
50485,32,59,-27,27
50486,184,196,-12,12
50487,82,75,7,7
50488,66,60,6,6
50489,67,79,-12,12
50490,123,116,7,7
50491,123,109,14,14
50492,146,126,20,20
50493,74,68,6,6
50494,113,107,6,6
50495,102,105,-3,3
50496,143,130,13,13
50497,88,79,9,9
50498,136,125,11,11
50499,149,155,-6,6
50500,165,175,-10,10
50501,59,59,0,0
50502,87,72,15,15
50503,85,78,7,7
50504,54,73,-19,19
50505,48,52,-4,4
50506,73,71,2,2
50507,74,71,3,3
50508,125,135,-10,10
50509,71,68,3,3
50510,36,53,-17,17
50511,127,108,19,19
50512,71,69,2,2
50513,92,89,3,3
50514,55,61,-6,6
50515,62,55,7,7
50516,76,75,1,1
50517,64,73,-9,9
50518,129,131,-2,2
50519,147,133,14,14
50520,69,64,5,5
50521,76,68,8,8
50522,86,85,1,1
50523,66,60,6,6
50524,76,66,10,10
50525,74,75,-1,1
50526,54,57,-3,3
50527,109,108,1,1
50528,141,133,8,8
50529,55,66,-11,11
50530,121,100,21,21
50531,79,74,5,5
50532,80,76,4,4
50533,156,161,-5,5
50534,44,59,-15,15
50535,114,102,12,12
50536,105,102,3,3
50537,73,77,-4,4
50538,84,81,3,3
50539,176,169,7,7
50540,62,54,8,8
50541,121,112,9,9
50542,114,110,4,4
50543,87,79,8,8
50544,77,91,-14,14
50545,64,69,-5,5
50546,165,150,15,15
50547,139,152,-13,13
50548,121,111,10,10
50549,97,82,15,15
50550,193,180,13,13
50551,125,132,-7,7
50552,76,105,-29,29
50553,54,51,3,3
50554,134,142,-8,8
50555,72,82,-10,10
50556,96,89,7,7
50557,37,59,-22,22
50558,125,116,9,9
50559,87,76,11,11
50560,33,48,-15,15
50561,71,72,-1,1
50562,53,54,-1,1
50563,59,63,-4,4
50564,110,99,11,11
50565,82,83,-1,1
50566,110,109,1,1
50567,64,70,-6,6
50568,65,62,3,3
50569,134,122,12,12
50570,58,71,-13,13
50571,90,91,-1,1
50572,79,88,-9,9
50573,66,74,-8,8
50574,88,103,-15,15
50575,89,120,-31,31
50576,124,121,3,3
50577,111,109,2,2
50578,144,129,15,15
50579,131,129,2,2
50580,133,118,15,15
50581,104,100,4,4
50582,63,60,3,3
50583,72,78,-6,6
50584,76,74,2,2
50585,59,70,-11,11
50586,110,104,6,6
50587,69,73,-4,4
50588,112,104,8,8
50589,41,59,-18,18
50590,135,134,1,1
50591,101,125,-24,24
50592,86,82,4,4
50593,116,128,-12,12
50594,88,85,3,3
50595,74,83,-9,9
50596,41,51,-10,10
50597,91,102,-11,11
50598,164,163,1,1
50599,58,76,-18,18
50600,203,159,44,44
50601,84,88,-4,4
50602,91,68,23,23
50603,98,101,-3,3
50604,123,118,5,5
50605,63,65,-2,2
50606,88,75,13,13
50607,92,95,-3,3
50608,117,112,5,5
50609,72,69,3,3
50610,69,77,-8,8
50611,77,77,0,0
50612,77,69,8,8
50613,73,60,13,13
50614,94,91,3,3
50615,118,109,9,9
50616,98,97,1,1
50617,82,79,3,3
50618,137,134,3,3
50619,84,106,-22,22
50620,113,106,7,7
50621,145,132,13,13
50622,67,72,-5,5
50623,101,105,-4,4
50624,37,57,-20,20
50625,49,53,-4,4
50626,63,57,6,6
50627,76,74,2,2
50628,216,204,12,12
50629,138,147,-9,9
50630,96,91,5,5
50631,76,87,-11,11
50632,66,67,-1,1
50633,55,51,4,4
50634,92,90,2,2
50635,83,84,-1,1
50636,107,115,-8,8
50637,124,115,9,9
50638,78,72,6,6
50639,149,157,-8,8
50640,154,135,19,19
50641,67,61,6,6
50642,82,82,0,0
50643,99,88,11,11
50644,107,109,-2,2
50645,156,150,6,6
50646,174,206,-32,32
50647,103,99,4,4
50648,116,117,-1,1
50649,44,56,-12,12
50650,108,106,2,2
50651,94,101,-7,7
50652,63,61,2,2
50653,95,93,2,2
50654,57,66,-9,9
50655,72,64,8,8
50656,72,68,4,4
50657,101,100,1,1
50658,94,114,-20,20
50659,86,74,12,12
50660,157,151,6,6
50661,56,65,-9,9
50662,77,86,-9,9
50663,76,83,-7,7
50664,164,169,-5,5
50665,68,69,-1,1
50666,65,74,-9,9
50667,124,109,15,15
50668,62,63,-1,1
50669,138,129,9,9
50670,146,148,-2,2
50671,135,150,-15,15
50672,124,105,19,19
50673,105,97,8,8
50674,71,64,7,7
50675,84,88,-4,4
50676,84,74,10,10
50677,70,70,0,0
50678,112,102,10,10
50679,127,116,11,11
50680,51,78,-27,27
50681,104,99,5,5
50682,96,97,-1,1
50683,97,84,13,13
50684,72,67,5,5
50685,117,112,5,5
50686,115,131,-16,16
50687,76,74,2,2
50688,98,96,2,2
50689,70,73,-3,3
50690,97,109,-12,12
50691,131,141,-10,10
50692,50,57,-7,7
50693,68,70,-2,2
50694,64,66,-2,2
50695,103,104,-1,1
50696,48,61,-13,13
50697,106,110,-4,4
50698,80,75,5,5
50699,131,129,2,2
50700,59,64,-5,5
50701,196,201,-5,5
50702,143,159,-16,16
50703,74,67,7,7
50704,69,73,-4,4
50705,70,72,-2,2
50706,114,106,8,8
50707,70,68,2,2
50708,42,55,-13,13
50709,112,118,-6,6
50710,79,74,5,5
50711,159,153,6,6
50712,121,118,3,3
50713,69,72,-3,3
50714,93,86,7,7
50715,90,84,6,6
50716,91,86,5,5
50717,65,69,-4,4
50718,136,140,-4,4
50719,65,61,4,4
50720,51,61,-10,10
50721,131,126,5,5
50722,81,87,-6,6
50723,60,119,-59,59
50724,99,86,13,13
50725,37,72,-35,35
50726,131,109,22,22
50727,164,141,23,23
50728,63,65,-2,2
50729,208,201,7,7
50730,40,58,-18,18
50731,94,98,-4,4
50732,114,113,1,1
50733,72,72,0,0
50734,83,75,8,8
50735,65,73,-8,8
50736,124,128,-4,4
50737,45,58,-13,13
50738,78,77,1,1
50739,139,132,7,7
50740,63,71,-8,8
50741,88,88,0,0
50742,81,77,4,4
50743,79,71,8,8
50744,106,96,10,10
50745,129,115,14,14
50746,107,111,-4,4
50747,67,79,-12,12
50748,119,112,7,7
50749,96,94,2,2
50750,96,85,11,11
50751,64,73,-9,9
50752,110,104,6,6
50753,122,126,-4,4
50754,159,159,0,0
50755,84,80,4,4
50756,78,83,-5,5
50757,186,196,-10,10
50758,77,80,-3,3
50759,95,86,9,9
50760,78,77,1,1
50761,84,99,-15,15
50762,115,107,8,8
50763,104,105,-1,1
50764,84,74,10,10
50765,94,94,0,0
50766,103,98,5,5
50767,120,114,6,6
50768,80,76,4,4
50769,63,54,9,9
50770,113,115,-2,2
50771,82,109,-27,27
50772,111,107,4,4
50773,103,104,-1,1
50774,122,115,7,7
50775,81,78,3,3
50776,141,140,1,1
50777,122,119,3,3
50778,136,133,3,3
50779,67,63,4,4
50780,91,101,-10,10
50781,86,75,11,11
50782,97,83,14,14
50783,42,59,-17,17
50784,63,68,-5,5
50785,118,117,1,1
50786,81,91,-10,10
50787,62,51,11,11
50788,55,54,1,1
50789,89,84,5,5
50790,71,69,2,2
50791,57,53,4,4
50792,83,84,-1,1
50793,153,143,10,10
50794,106,97,9,9
50795,122,108,14,14
50796,76,74,2,2
50797,90,94,-4,4
50798,70,78,-8,8
50799,33,48,-15,15
50800,83,79,4,4
50801,50,58,-8,8
50802,118,106,12,12
50803,115,113,2,2
50804,45,66,-21,21
50805,58,62,-4,4
50806,38,49,-11,11
50807,97,97,0,0
50808,39,58,-19,19
50809,28,50,-22,22
50810,117,110,7,7
50811,115,123,-8,8
50812,121,111,10,10
50813,105,102,3,3
50814,88,85,3,3
50815,64,69,-5,5
50816,85,91,-6,6
50817,103,83,20,20
50818,76,65,11,11
50819,60,64,-4,4
50820,73,72,1,1
50821,70,66,4,4
50822,54,67,-13,13
50823,83,85,-2,2
50824,77,75,2,2
50825,58,66,-8,8
50826,105,89,16,16
50827,145,146,-1,1
50828,119,87,32,32
50829,100,92,8,8
50830,84,89,-5,5
50831,88,75,13,13
50832,90,90,0,0
50833,65,76,-11,11
50834,131,128,3,3
50835,76,88,-12,12
50836,166,163,3,3
50837,52,63,-11,11
50838,156,156,0,0
50839,139,156,-17,17
50840,80,75,5,5
50841,73,84,-11,11
50842,94,95,-1,1
50843,83,84,-1,1
50844,108,101,7,7
50845,71,75,-4,4
50846,98,103,-5,5
50847,94,95,-1,1
50848,99,94,5,5
50849,29,53,-24,24
50850,85,70,15,15
50851,92,91,1,1
50852,96,85,11,11
50853,107,99,8,8
50854,31,61,-30,30
50855,80,92,-12,12
50856,86,85,1,1
50857,147,142,5,5
50858,113,113,0,0
50859,58,66,-8,8
50860,69,74,-5,5
50861,81,79,2,2
50862,105,99,6,6
50863,146,127,19,19
50864,126,123,3,3
50865,72,71,1,1
50866,110,106,4,4
50867,140,141,-1,1
50868,93,81,12,12
50869,88,86,2,2
50870,84,97,-13,13
50871,57,57,0,0
50872,78,70,8,8
50873,76,72,4,4
50874,143,127,16,16
50875,108,138,-30,30
50876,45,60,-15,15
50877,87,89,-2,2
50878,77,66,11,11
50879,96,108,-12,12
50880,84,83,1,1
50881,60,59,1,1
50882,74,79,-5,5
50883,83,81,2,2
50884,69,70,-1,1
50885,58,62,-4,4
50886,73,71,2,2
50887,81,85,-4,4
50888,106,92,14,14
50889,140,152,-12,12
50890,75,75,0,0
50891,102,97,5,5
50892,137,112,25,25
50893,63,92,-29,29
50894,80,81,-1,1
50895,65,72,-7,7
50896,151,146,5,5
50897,138,146,-8,8
50898,104,88,16,16
50899,142,139,3,3
50900,77,83,-6,6
50901,102,109,-7,7
50902,83,81,2,2
50903,74,81,-7,7
50904,113,112,1,1
50905,115,108,7,7
50906,86,89,-3,3
50907,66,59,7,7
50908,123,112,11,11
50909,173,173,0,0
50910,138,151,-13,13
50911,121,116,5,5
50912,187,184,3,3
50913,103,90,13,13
50914,93,159,-66,66
50915,134,122,12,12
50916,84,75,9,9
50917,140,130,10,10
50918,139,133,6,6
50919,112,114,-2,2
50920,81,76,5,5
50921,48,55,-7,7
50922,111,102,9,9
50923,133,118,15,15
50924,158,152,6,6
50925,47,50,-3,3
50926,115,124,-9,9
50927,59,67,-8,8
50928,136,129,7,7
50929,86,83,3,3
50930,89,93,-4,4
50931,104,104,0,0
50932,88,87,1,1
50933,68,71,-3,3
50934,105,90,15,15
50935,122,104,18,18
50936,93,79,14,14
50937,172,158,14,14
50938,77,84,-7,7
50939,141,126,15,15
50940,106,102,4,4
50941,102,107,-5,5
50942,136,125,11,11
50943,83,70,13,13
50944,60,76,-16,16
50945,90,100,-10,10
50946,69,69,0,0
50947,96,92,4,4
50948,101,98,3,3
50949,90,75,15,15
50950,95,94,1,1
50951,80,82,-2,2
50952,91,87,4,4
50953,125,125,0,0
50954,85,89,-4,4
50955,129,130,-1,1
50956,117,114,3,3
50957,77,75,2,2
50958,82,95,-13,13
50959,135,123,12,12
50960,120,108,12,12
50961,89,78,11,11
50962,161,159,2,2
50963,70,68,2,2
50964,60,67,-7,7
50965,172,165,7,7
50966,136,127,9,9
50967,86,70,16,16
50968,106,104,2,2
50969,107,106,1,1
50970,98,100,-2,2
50971,120,146,-26,26
50972,158,168,-10,10
50973,61,67,-6,6
50974,101,90,11,11
50975,94,89,5,5
50976,60,65,-5,5
50977,68,67,1,1
50978,99,70,29,29
50979,56,70,-14,14
50980,110,89,21,21
50981,102,98,4,4
50982,83,81,2,2
50983,92,91,1,1
50984,77,59,18,18
50985,125,132,-7,7
50986,79,65,14,14
50987,67,55,12,12
50988,113,105,8,8
50989,122,121,1,1
50990,131,128,3,3
50991,104,97,7,7
50992,89,101,-12,12
50993,92,94,-2,2
50994,217,176,41,41
50995,45,45,0,0
50996,69,71,-2,2
50997,112,115,-3,3
50998,146,120,26,26
50999,95,97,-2,2
51000,91,95,-4,4
51001,70,68,2,2
51002,75,83,-8,8
51003,95,96,-1,1
51004,112,100,12,12
51005,58,61,-3,3
51006,54,64,-10,10
51007,94,94,0,0
51008,108,95,13,13
51009,89,92,-3,3
51010,90,88,2,2
51011,129,127,2,2
51012,105,91,14,14
51013,94,90,4,4
51014,132,162,-30,30
51015,95,69,26,26
51016,68,65,3,3
51017,97,92,5,5
51018,128,118,10,10
51019,116,111,5,5
51020,93,85,8,8
51021,89,86,3,3
51022,176,195,-19,19
51023,172,186,-14,14
51024,54,71,-17,17
51025,60,63,-3,3
51026,39,43,-4,4
51027,96,81,15,15
51028,60,73,-13,13
51029,52,48,4,4
51030,105,102,3,3
51031,137,124,13,13
51032,151,131,20,20
51033,108,119,-11,11
51034,100,98,2,2
51035,68,67,1,1
51036,99,97,2,2
51037,100,100,0,0
51038,112,102,10,10
51039,78,66,12,12
51040,110,110,0,0
51041,70,69,1,1
51042,122,118,4,4
51043,72,73,-1,1
51044,191,171,20,20
51045,106,110,-4,4
51046,102,96,6,6
51047,130,116,14,14
51048,83,89,-6,6
51049,70,75,-5,5
51050,93,100,-7,7
51051,98,82,16,16
51052,72,68,4,4
51053,121,108,13,13
51054,157,155,2,2
51055,72,69,3,3
51056,88,99,-11,11
51057,109,105,4,4
51058,129,128,1,1
51059,185,182,3,3
51060,82,83,-1,1
51061,45,43,2,2
51062,47,53,-6,6
51063,75,73,2,2
51064,107,101,6,6
51065,73,76,-3,3
51066,90,88,2,2
51067,69,62,7,7
51068,100,114,-14,14
51069,87,87,0,0
51070,56,56,0,0
51071,83,74,9,9
51072,140,135,5,5
51073,64,61,3,3
51074,97,95,2,2
51075,86,82,4,4
51076,129,111,18,18
51077,119,101,18,18
51078,85,82,3,3
51079,109,102,7,7
51080,92,89,3,3
51081,152,130,22,22
51082,74,85,-11,11
51083,147,234,-87,87
51084,117,117,0,0
51085,85,102,-17,17
51086,115,126,-11,11
51087,96,86,10,10
51088,109,107,2,2
51089,70,63,7,7
51090,107,102,5,5
51091,71,80,-9,9
51092,80,79,1,1
51093,117,112,5,5
51094,149,144,5,5
51095,74,74,0,0
51096,100,84,16,16
51097,131,136,-5,5
51098,100,97,3,3
51099,72,78,-6,6
51100,92,105,-13,13
51101,68,67,1,1
51102,71,73,-2,2
51103,60,69,-9,9
51104,74,65,9,9
51105,114,101,13,13
51106,44,64,-20,20
51107,104,111,-7,7
51108,143,135,8,8
51109,159,147,12,12
51110,76,82,-6,6
51111,93,87,6,6
51112,91,95,-4,4
51113,91,88,3,3
51114,188,179,9,9
51115,85,84,1,1
51116,58,60,-2,2
51117,115,114,1,1
51118,51,70,-19,19
51119,49,55,-6,6
51120,108,116,-8,8
51121,92,93,-1,1
51122,102,110,-8,8
51123,113,106,7,7
51124,100,95,5,5
51125,80,73,7,7
51126,109,117,-8,8
51127,72,77,-5,5
51128,91,89,2,2
51129,93,94,-1,1
51130,44,58,-14,14
51131,104,104,0,0
51132,50,66,-16,16
51133,76,69,7,7
51134,53,57,-4,4
51135,119,115,4,4
51136,105,98,7,7
51137,110,126,-16,16
51138,148,147,1,1
51139,105,96,9,9
51140,139,131,8,8
51141,97,82,15,15
51142,113,104,9,9
51143,85,82,3,3
51144,113,98,15,15
51145,60,62,-2,2
51146,66,55,11,11
51147,115,111,4,4
51148,30,61,-31,31
51149,76,64,12,12
51150,73,79,-6,6
51151,72,73,-1,1
51152,141,134,7,7
51153,58,69,-11,11
51154,101,99,2,2
51155,80,85,-5,5
51156,76,69,7,7
51157,118,120,-2,2
51158,97,97,0,0
51159,96,108,-12,12
51160,40,52,-12,12
51161,157,135,22,22
51162,125,114,11,11
51163,99,86,13,13
51164,66,70,-4,4
51165,117,110,7,7
51166,94,92,2,2
51167,54,60,-6,6
51168,62,66,-4,4
51169,74,74,0,0
51170,166,170,-4,4
51171,142,151,-9,9
51172,81,90,-9,9
51173,110,116,-6,6
51174,114,106,8,8
51175,96,83,13,13
51176,54,61,-7,7
51177,97,92,5,5
51178,86,88,-2,2
51179,67,67,0,0
51180,65,65,0,0
51181,89,91,-2,2
51182,86,87,-1,1
51183,71,76,-5,5
51184,146,137,9,9
51185,81,63,18,18
51186,108,103,5,5
51187,116,106,10,10
51188,90,91,-1,1
51189,108,94,14,14
51190,127,116,11,11
51191,60,57,3,3
51192,66,55,11,11
51193,180,182,-2,2
51194,52,57,-5,5
51195,93,90,3,3
51196,127,126,1,1
51197,96,83,13,13
51198,110,90,20,20
51199,102,110,-8,8
51200,110,111,-1,1
51201,72,65,7,7
51202,161,157,4,4
51203,89,77,12,12
51204,78,75,3,3
51205,77,80,-3,3
51206,80,81,-1,1
51207,78,75,3,3
51208,135,116,19,19
51209,88,81,7,7
51210,102,87,15,15
51211,73,69,4,4
51212,101,102,-1,1
51213,84,80,4,4
51214,87,82,5,5
51215,79,86,-7,7
51216,84,87,-3,3
51217,140,146,-6,6
51218,106,108,-2,2
51219,75,62,13,13
51220,94,95,-1,1
51221,79,76,3,3
51222,93,83,10,10
51223,155,155,0,0
51224,97,96,1,1
51225,109,132,-23,23
51226,115,104,11,11
51227,126,119,7,7
51228,90,84,6,6
51229,72,64,8,8
51230,63,61,2,2
51231,105,103,2,2
51232,68,73,-5,5
51233,143,118,25,25
51234,116,113,3,3
51235,121,121,0,0
51236,130,105,25,25
51237,75,71,4,4
51238,70,80,-10,10
51239,109,91,18,18
51240,98,97,1,1
51241,106,87,19,19
51242,76,81,-5,5
51243,60,49,11,11
51244,68,68,0,0
51245,165,146,19,19
51246,90,99,-9,9
51247,178,170,8,8
51248,79,75,4,4
51249,72,63,9,9
51250,87,85,2,2
51251,82,80,2,2
51252,57,65,-8,8
51253,110,115,-5,5
51254,111,106,5,5
51255,70,79,-9,9
51256,112,108,4,4
51257,52,60,-8,8
51258,94,87,7,7
51259,97,94,3,3
51260,66,80,-14,14
51261,67,65,2,2
51262,66,73,-7,7
51263,107,103,4,4
51264,156,205,-49,49
51265,40,92,-52,52
51266,60,63,-3,3
51267,109,128,-19,19
51268,62,66,-4,4
51269,126,112,14,14
51270,96,89,7,7
51271,106,96,10,10
51272,109,89,20,20
51273,77,80,-3,3
51274,70,71,-1,1
51275,75,95,-20,20
51276,194,194,0,0
51277,24,51,-27,27
51278,94,94,0,0
51279,102,87,15,15
51280,126,126,0,0
51281,150,127,23,23
51282,126,124,2,2
51283,82,92,-10,10
51284,92,105,-13,13
51285,87,73,14,14
51286,122,126,-4,4
51287,129,124,5,5
51288,93,92,1,1
51289,62,80,-18,18
51290,148,144,4,4
51291,73,76,-3,3
51292,114,90,24,24
51293,82,85,-3,3
51294,99,102,-3,3
51295,181,160,21,21
51296,158,136,22,22
51297,100,99,1,1
51298,143,137,6,6
51299,118,113,5,5
51300,85,75,10,10
51301,127,125,2,2
51302,83,88,-5,5
51303,95,91,4,4
51304,63,60,3,3
51305,76,67,9,9
51306,111,119,-8,8
51307,69,78,-9,9
51308,100,93,7,7
51309,47,51,-4,4
51310,83,91,-8,8
51311,85,83,2,2
51312,74,69,5,5
51313,53,68,-15,15
51314,75,77,-2,2
51315,71,81,-10,10
51316,108,101,7,7
51317,71,74,-3,3
51318,121,116,5,5
51319,100,103,-3,3
51320,113,111,2,2
51321,86,70,16,16
51322,86,70,16,16
51323,115,108,7,7
51324,38,55,-17,17
51325,140,136,4,4
51326,119,123,-4,4
51327,104,110,-6,6
51328,135,124,11,11
51329,147,135,12,12
51330,116,108,8,8
51331,137,139,-2,2
51332,86,82,4,4
51333,96,90,6,6
51334,76,74,2,2
51335,64,59,5,5
51336,57,55,2,2
51337,90,102,-12,12
51338,56,78,-22,22
51339,84,84,0,0
51340,109,101,8,8
51341,124,117,7,7
51342,138,123,15,15
51343,73,73,0,0
51344,98,93,5,5
51345,93,83,10,10
51346,51,52,-1,1
51347,54,54,0,0
51348,62,70,-8,8
51349,126,126,0,0
51350,85,82,3,3
51351,86,74,12,12
51352,67,65,2,2
51353,80,84,-4,4
51354,55,57,-2,2
51355,115,104,11,11
51356,71,67,4,4
51357,86,83,3,3
51358,120,111,9,9
51359,94,82,12,12
51360,71,70,1,1
51361,106,107,-1,1
51362,101,93,8,8
51363,41,47,-6,6
51364,77,69,8,8
51365,130,117,13,13
51366,154,153,1,1
51367,102,85,17,17
51368,56,63,-7,7
51369,108,103,5,5
51370,74,82,-8,8
51371,33,106,-73,73
51372,109,109,0,0
51373,113,116,-3,3
51374,115,108,7,7
51375,73,73,0,0
51376,60,70,-10,10
51377,115,101,14,14
51378,85,89,-4,4
51379,121,110,11,11
51380,128,122,6,6
51381,76,88,-12,12
51382,158,148,10,10
51383,109,96,13,13
51384,47,57,-10,10
51385,76,68,8,8
51386,75,67,8,8
51387,92,85,7,7
51388,92,88,4,4
51389,110,94,16,16
51390,101,90,11,11
51391,95,85,10,10
51392,107,108,-1,1
51393,96,97,-1,1
51394,127,126,1,1
51395,104,101,3,3
51396,84,79,5,5
51397,44,55,-11,11
51398,112,116,-4,4
51399,94,104,-10,10
51400,65,65,0,0
51401,67,74,-7,7
51402,106,102,4,4
51403,85,77,8,8
51404,75,90,-15,15
51405,72,70,2,2
51406,99,76,23,23
51407,63,73,-10,10
51408,157,161,-4,4
51409,70,64,6,6
51410,79,77,2,2
51411,99,88,11,11
51412,100,104,-4,4
51413,152,143,9,9
51414,111,122,-11,11
51415,73,71,2,2
51416,117,108,9,9
51417,74,73,1,1
51418,84,90,-6,6
51419,117,107,10,10
51420,70,73,-3,3
51421,72,77,-5,5
51422,62,58,4,4
51423,90,93,-3,3
51424,123,115,8,8
51425,81,81,0,0
51426,62,67,-5,5
51427,74,70,4,4
51428,189,172,17,17
51429,97,97,0,0
51430,131,126,5,5
51431,66,70,-4,4
51432,131,122,9,9
51433,101,89,12,12
51434,205,189,16,16
51435,92,96,-4,4
51436,74,78,-4,4
51437,108,98,10,10
51438,78,71,7,7
51439,69,71,-2,2
51440,92,84,8,8
51441,76,80,-4,4
51442,83,83,0,0
51443,104,99,5,5
51444,85,81,4,4
51445,74,67,7,7
51446,134,126,8,8
51447,119,111,8,8
51448,92,88,4,4
51449,88,85,3,3
51450,126,132,-6,6
51451,100,106,-6,6
51452,45,55,-10,10
51453,131,109,22,22
51454,55,56,-1,1
51455,180,159,21,21
51456,133,108,25,25
51457,94,74,20,20
51458,62,74,-12,12
51459,119,109,10,10
51460,183,191,-8,8
51461,88,83,5,5
51462,115,81,34,34
51463,100,87,13,13
51464,64,70,-6,6
51465,83,94,-11,11
51466,138,138,0,0
51467,62,64,-2,2
51468,193,180,13,13
51469,90,89,1,1
51470,77,81,-4,4
51471,111,107,4,4
51472,99,101,-2,2
51473,118,126,-8,8
51474,131,122,9,9
51475,71,55,16,16
51476,78,71,7,7
51477,94,79,15,15
51478,92,98,-6,6
51479,97,99,-2,2
51480,89,82,7,7
51481,131,114,17,17
51482,119,93,26,26
51483,59,63,-4,4
51484,80,76,4,4
51485,116,104,12,12
51486,93,83,10,10
51487,72,72,0,0
51488,185,165,20,20
51489,85,88,-3,3
51490,108,130,-22,22
51491,84,81,3,3
51492,100,98,2,2
51493,109,83,26,26
51494,43,55,-12,12
51495,77,85,-8,8
51496,87,79,8,8
51497,121,115,6,6
51498,109,115,-6,6
51499,83,88,-5,5
51500,108,95,13,13
51501,166,144,22,22
51502,68,68,0,0
51503,112,127,-15,15
51504,103,105,-2,2
51505,106,107,-1,1
51506,33,63,-30,30
51507,56,54,2,2
51508,72,74,-2,2
51509,136,138,-2,2
51510,79,78,1,1
51511,143,124,19,19
51512,103,93,10,10
51513,75,66,9,9
51514,73,69,4,4
51515,68,67,1,1
51516,68,72,-4,4
51517,102,84,18,18
51518,83,85,-2,2
51519,70,72,-2,2
51520,88,81,7,7
51521,124,122,2,2
51522,111,112,-1,1
51523,103,108,-5,5
51524,104,86,18,18
51525,122,123,-1,1
51526,119,114,5,5
51527,71,97,-26,26
51528,196,183,13,13
51529,70,77,-7,7
51530,70,83,-13,13
51531,88,78,10,10
51532,122,114,8,8
51533,102,93,9,9
51534,119,109,10,10
51535,138,134,4,4
51536,165,154,11,11
51537,94,97,-3,3
51538,52,58,-6,6
51539,86,81,5,5
51540,63,69,-6,6
51541,92,89,3,3
51542,65,61,4,4
51543,47,56,-9,9
51544,62,69,-7,7
51545,79,87,-8,8
51546,166,132,34,34
51547,96,94,2,2
51548,120,126,-6,6
51549,117,120,-3,3
51550,99,97,2,2
51551,124,128,-4,4
51552,138,117,21,21
51553,60,59,1,1
51554,90,82,8,8
51555,76,76,0,0
51556,113,133,-20,20
51557,129,129,0,0
51558,80,81,-1,1
51559,99,93,6,6
51560,87,78,9,9
51561,74,81,-7,7
51562,70,65,5,5
51563,50,49,1,1
51564,83,88,-5,5
51565,150,141,9,9
51566,104,93,11,11
51567,107,99,8,8
51568,101,94,7,7
51569,153,148,5,5
51570,81,78,3,3
51571,58,67,-9,9
51572,104,92,12,12
51573,64,65,-1,1
51574,58,62,-4,4
51575,137,136,1,1
51576,132,111,21,21
51577,110,112,-2,2
51578,120,117,3,3
51579,92,95,-3,3
51580,83,104,-21,21
51581,41,53,-12,12
51582,194,214,-20,20
51583,79,71,8,8
51584,65,70,-5,5
51585,126,134,-8,8
51586,125,136,-11,11
51587,148,145,3,3
51588,63,59,4,4
51589,82,71,11,11
51590,127,122,5,5
51591,141,130,11,11
51592,98,94,4,4
51593,140,138,2,2
51594,92,84,8,8
51595,78,79,-1,1
51596,72,65,7,7
51597,133,117,16,16
51598,82,84,-2,2
51599,53,60,-7,7
51600,68,70,-2,2
51601,135,119,16,16
51602,76,94,-18,18
51603,84,73,11,11
51604,109,99,10,10
51605,115,115,0,0
51606,32,49,-17,17
51607,202,192,10,10
51608,64,66,-2,2
51609,69,60,9,9
51610,61,67,-6,6
51611,81,76,5,5
51612,81,80,1,1
51613,103,101,2,2
51614,73,64,9,9
51615,103,112,-9,9
51616,153,144,9,9
51617,78,84,-6,6
51618,100,91,9,9
51619,136,144,-8,8
51620,58,61,-3,3
51621,75,88,-13,13
51622,130,114,16,16
51623,127,116,11,11
51624,51,63,-12,12
51625,87,71,16,16
51626,99,89,10,10
51627,121,107,14,14
51628,83,93,-10,10
51629,65,71,-6,6
51630,86,84,2,2
51631,129,132,-3,3
51632,77,84,-7,7
51633,63,71,-8,8
51634,70,76,-6,6
51635,75,72,3,3
51636,75,89,-14,14
51637,132,131,1,1
51638,157,155,2,2
51639,130,137,-7,7
51640,80,85,-5,5
51641,97,100,-3,3
51642,68,60,8,8
51643,98,99,-1,1
51644,81,83,-2,2
51645,51,59,-8,8
51646,84,81,3,3
51647,79,77,2,2
51648,151,137,14,14
51649,82,77,5,5
51650,127,123,4,4
51651,63,77,-14,14
51652,97,101,-4,4
51653,121,112,9,9
51654,157,152,5,5
51655,101,90,11,11
51656,160,161,-1,1
51657,92,81,11,11
51658,107,114,-7,7
51659,108,89,19,19
51660,119,96,23,23
51661,61,66,-5,5
51662,112,100,12,12
51663,71,74,-3,3
51664,99,97,2,2
51665,68,65,3,3
51666,116,118,-2,2
51667,64,78,-14,14
51668,124,125,-1,1
51669,139,138,1,1
51670,80,79,1,1
51671,157,144,13,13
51672,101,92,9,9
51673,114,103,11,11
51674,126,127,-1,1
51675,148,130,18,18
51676,77,80,-3,3
51677,187,187,0,0
51678,139,126,13,13
51679,164,138,26,26
51680,98,98,0,0
51681,86,91,-5,5
51682,61,58,3,3
51683,143,151,-8,8
51684,57,59,-2,2
51685,52,63,-11,11
51686,92,105,-13,13
51687,108,91,17,17
51688,156,128,28,28
51689,159,150,9,9
51690,157,141,16,16
51691,102,96,6,6
51692,138,125,13,13
51693,78,84,-6,6
51694,83,73,10,10
51695,108,86,22,22
51696,60,56,4,4
51697,142,118,24,24
51698,55,63,-8,8
51699,65,66,-1,1
51700,125,121,4,4
51701,90,94,-4,4
51702,74,74,0,0
51703,156,154,2,2
51704,76,83,-7,7
51705,94,102,-8,8
51706,84,70,14,14
51707,84,78,6,6
51708,68,71,-3,3
51709,144,130,14,14
51710,74,75,-1,1
51711,104,103,1,1
51712,98,59,39,39
51713,92,79,13,13
51714,106,123,-17,17
51715,94,93,1,1
51716,91,99,-8,8
51717,61,54,7,7
51718,77,69,8,8
51719,71,63,8,8
51720,98,92,6,6
51721,73,79,-6,6
51722,103,108,-5,5
51723,124,112,12,12
51724,135,91,44,44
51725,118,123,-5,5
51726,96,97,-1,1
51727,54,58,-4,4
51728,112,101,11,11
51729,72,68,4,4
51730,70,69,1,1
51731,85,85,0,0
51732,51,53,-2,2
51733,106,118,-12,12
51734,113,100,13,13
51735,76,74,2,2
51736,63,64,-1,1
51737,140,119,21,21
51738,103,91,12,12
51739,163,177,-14,14
51740,126,115,11,11
51741,92,93,-1,1
51742,40,59,-19,19
51743,33,44,-11,11
51744,99,90,9,9
51745,113,93,20,20
51746,59,67,-8,8
51747,88,105,-17,17
51748,58,64,-6,6
51749,98,98,0,0
51750,135,117,18,18
51751,92,90,2,2
51752,101,100,1,1
51753,116,109,7,7
51754,171,156,15,15
51755,98,85,13,13
51756,99,87,12,12
51757,77,80,-3,3
51758,99,91,8,8
51759,61,65,-4,4
51760,124,98,26,26
51761,36,51,-15,15
51762,124,113,11,11
51763,89,87,2,2
51764,144,144,0,0
51765,113,106,7,7
51766,157,154,3,3
51767,95,98,-3,3
51768,101,95,6,6
51769,76,89,-13,13
51770,65,86,-21,21
51771,222,184,38,38
51772,123,109,14,14
51773,71,82,-11,11
51774,102,89,13,13
51775,96,84,12,12
51776,105,102,3,3
51777,81,82,-1,1
51778,122,145,-23,23
51779,64,71,-7,7
51780,43,80,-37,37
51781,114,99,15,15
51782,62,59,3,3
51783,104,105,-1,1
51784,175,190,-15,15
51785,98,98,0,0
51786,87,97,-10,10
51787,144,145,-1,1
51788,76,82,-6,6
51789,125,122,3,3
51790,70,68,2,2
51791,86,92,-6,6
51792,140,110,30,30
51793,44,51,-7,7
51794,101,98,3,3
51795,68,71,-3,3
51796,155,158,-3,3
51797,125,121,4,4
51798,49,64,-15,15
51799,140,139,1,1
51800,105,96,9,9
51801,192,208,-16,16
51802,89,88,1,1
51803,140,132,8,8
51804,140,137,3,3
51805,112,116,-4,4
51806,136,114,22,22
51807,76,86,-10,10
51808,64,77,-13,13
51809,64,68,-4,4
51810,83,85,-2,2
51811,72,64,8,8
51812,145,153,-8,8
51813,113,94,19,19
51814,114,101,13,13
51815,154,144,10,10
51816,67,63,4,4
51817,197,160,37,37
51818,61,57,4,4
51819,99,95,4,4
51820,91,90,1,1
51821,181,161,20,20
51822,45,58,-13,13
51823,55,70,-15,15
51824,183,214,-31,31
51825,106,105,1,1
51826,57,88,-31,31
51827,133,121,12,12
51828,36,66,-30,30
51829,98,104,-6,6
51830,54,53,1,1
51831,140,140,0,0
51832,114,109,5,5
51833,99,71,28,28
51834,69,70,-1,1
51835,144,135,9,9
51836,112,107,5,5
51837,101,96,5,5
51838,88,72,16,16
51839,88,77,11,11
51840,94,77,17,17
51841,67,55,12,12
51842,46,58,-12,12
51843,72,69,3,3
51844,80,73,7,7
51845,75,77,-2,2
51846,94,71,23,23
51847,117,125,-8,8
51848,67,60,7,7
51849,71,72,-1,1
51850,67,79,-12,12
51851,68,64,4,4
51852,91,88,3,3
51853,71,76,-5,5
51854,114,110,4,4
51855,93,96,-3,3
51856,73,69,4,4
51857,164,149,15,15
51858,132,117,15,15
51859,66,61,5,5
51860,153,130,23,23
51861,108,113,-5,5
51862,110,108,2,2
51863,156,138,18,18
51864,162,156,6,6
51865,150,150,0,0
51866,125,114,11,11
51867,61,65,-4,4
51868,95,85,10,10
51869,152,132,20,20
51870,125,132,-7,7
51871,119,108,11,11
51872,166,194,-28,28
51873,120,100,20,20
51874,58,55,3,3
51875,45,47,-2,2
51876,117,118,-1,1
51877,65,59,6,6
51878,105,114,-9,9
51879,70,60,10,10
51880,78,72,6,6
51881,91,89,2,2
51882,78,74,4,4
51883,116,130,-14,14
51884,132,116,16,16
51885,143,134,9,9
51886,117,123,-6,6
51887,147,159,-12,12
51888,63,70,-7,7
51889,80,86,-6,6
51890,98,91,7,7
51891,51,68,-17,17
51892,51,63,-12,12
51893,73,76,-3,3
51894,95,83,12,12
51895,100,93,7,7
51896,74,83,-9,9
51897,110,93,17,17
51898,78,78,0,0
51899,54,68,-14,14
51900,115,108,7,7
51901,139,124,15,15
51902,73,72,1,1
51903,67,65,2,2
51904,76,70,6,6
51905,108,98,10,10
51906,104,99,5,5
51907,130,125,5,5
51908,116,120,-4,4
51909,57,65,-8,8
51910,102,109,-7,7
51911,108,95,13,13
51912,95,84,11,11
51913,40,62,-22,22
51914,76,72,4,4
51915,71,73,-2,2
51916,137,138,-1,1
51917,118,103,15,15
51918,129,145,-16,16
51919,67,64,3,3
51920,72,68,4,4
51921,111,117,-6,6
51922,95,93,2,2
51923,130,134,-4,4
51924,116,112,4,4
51925,68,74,-6,6
51926,103,94,9,9
51927,95,94,1,1
51928,117,117,0,0
51929,62,72,-10,10
51930,75,85,-10,10
51931,56,61,-5,5
51932,120,101,19,19
51933,113,115,-2,2
51934,85,77,8,8
51935,71,82,-11,11
51936,130,129,1,1
51937,87,95,-8,8
51938,156,145,11,11
51939,89,86,3,3
51940,61,64,-3,3
51941,115,109,6,6
51942,144,130,14,14
51943,73,68,5,5
51944,94,95,-1,1
51945,102,98,4,4
51946,125,129,-4,4
51947,71,68,3,3
51948,140,139,1,1
51949,143,133,10,10
51950,77,93,-16,16
51951,86,72,14,14
51952,70,78,-8,8
51953,101,86,15,15
51954,82,79,3,3
51955,93,85,8,8
51956,55,66,-11,11
51957,138,149,-11,11
51958,88,90,-2,2
51959,81,86,-5,5
51960,176,157,19,19
51961,90,85,5,5
51962,52,60,-8,8
51963,97,95,2,2
51964,45,56,-11,11
51965,114,117,-3,3
51966,155,145,10,10
51967,151,177,-26,26
51968,60,62,-2,2
51969,82,73,9,9
51970,96,92,4,4
51971,126,113,13,13
51972,90,89,1,1
51973,83,72,11,11
51974,72,73,-1,1
51975,139,136,3,3
51976,137,123,14,14
51977,119,117,2,2
51978,115,98,17,17
51979,76,72,4,4
51980,80,93,-13,13
51981,101,98,3,3
51982,92,93,-1,1
51983,65,60,5,5
51984,89,82,7,7
51985,72,79,-7,7
51986,45,49,-4,4
51987,69,71,-2,2
51988,81,76,5,5
51989,95,93,2,2
51990,76,77,-1,1
51991,49,56,-7,7
51992,97,95,2,2
51993,90,76,14,14
51994,130,121,9,9
51995,74,78,-4,4
51996,46,54,-8,8
51997,74,75,-1,1
51998,108,100,8,8
51999,115,121,-6,6
52000,37,58,-21,21
52001,79,72,7,7
52002,75,74,1,1
52003,174,162,12,12
52004,107,97,10,10
52005,53,55,-2,2
52006,83,88,-5,5
52007,60,61,-1,1
52008,98,96,2,2
52009,57,55,2,2
52010,54,60,-6,6
52011,83,80,3,3
52012,182,211,-29,29
52013,107,110,-3,3
52014,89,97,-8,8
52015,105,98,7,7
52016,109,111,-2,2
52017,141,127,14,14
52018,121,117,4,4
52019,91,99,-8,8
52020,117,105,12,12
52021,58,50,8,8
52022,80,77,3,3
52023,88,71,17,17
52024,80,76,4,4
52025,146,145,1,1
52026,105,100,5,5
52027,128,145,-17,17
52028,79,80,-1,1
52029,123,124,-1,1
52030,85,78,7,7
52031,77,76,1,1
52032,70,61,9,9
52033,100,105,-5,5
52034,71,71,0,0
52035,123,119,4,4
52036,85,93,-8,8
52037,113,96,17,17
52038,98,89,9,9
52039,67,75,-8,8
52040,130,129,1,1
52041,176,166,10,10
52042,117,113,4,4
52043,130,120,10,10
52044,114,101,13,13
52045,108,107,1,1
52046,111,115,-4,4
52047,91,80,11,11
52048,153,132,21,21
52049,83,63,20,20
52050,91,93,-2,2
52051,103,101,2,2
52052,123,116,7,7
52053,57,68,-11,11
52054,115,109,6,6
52055,86,94,-8,8
52056,147,138,9,9
52057,116,136,-20,20
52058,87,77,10,10
52059,81,75,6,6
52060,58,65,-7,7
52061,97,80,17,17
52062,138,149,-11,11
52063,74,73,1,1
52064,60,68,-8,8
52065,94,90,4,4
52066,150,145,5,5
52067,143,146,-3,3
52068,72,78,-6,6
52069,80,77,3,3
52070,94,88,6,6
52071,85,77,8,8
52072,108,98,10,10
52073,106,93,13,13
52074,86,88,-2,2
52075,160,150,10,10
52076,84,84,0,0
52077,78,70,8,8
52078,89,96,-7,7
52079,76,80,-4,4
52080,57,61,-4,4
52081,93,87,6,6
52082,92,93,-1,1
52083,79,95,-16,16
52084,105,99,6,6
52085,146,145,1,1
52086,79,90,-11,11
52087,96,92,4,4
52088,97,91,6,6
52089,74,72,2,2
52090,79,100,-21,21
52091,90,86,4,4
52092,133,126,7,7
52093,81,80,1,1
52094,140,125,15,15
52095,20,44,-24,24
52096,42,86,-44,44
52097,178,154,24,24
52098,57,64,-7,7
52099,91,93,-2,2
52100,125,138,-13,13
52101,77,74,3,3
52102,73,71,2,2
52103,96,99,-3,3
52104,63,59,4,4
52105,75,73,2,2
52106,117,111,6,6
52107,135,134,1,1
52108,105,113,-8,8
52109,141,131,10,10
52110,123,104,19,19
52111,71,77,-6,6
52112,108,99,9,9
52113,104,102,2,2
52114,108,79,29,29
52115,93,89,4,4
52116,102,99,3,3
52117,99,87,12,12
52118,95,105,-10,10
52119,53,62,-9,9
52120,117,97,20,20
52121,79,97,-18,18
52122,55,78,-23,23
52123,163,173,-10,10
52124,53,59,-6,6
52125,80,87,-7,7
52126,124,119,5,5
52127,75,67,8,8
52128,133,128,5,5
52129,83,81,2,2
52130,54,59,-5,5
52131,52,66,-14,14
52132,67,58,9,9
52133,75,67,8,8
52134,106,100,6,6
52135,140,128,12,12
52136,124,128,-4,4
52137,65,69,-4,4
52138,94,89,5,5
52139,108,103,5,5
52140,132,117,15,15
52141,123,115,8,8
52142,73,93,-20,20
52143,246,229,17,17
52144,91,88,3,3
52145,48,74,-26,26
52146,109,91,18,18
52147,120,100,20,20
52148,71,69,2,2
52149,44,50,-6,6
52150,83,81,2,2
52151,77,79,-2,2
52152,108,95,13,13
52153,76,72,4,4
52154,116,108,8,8
52155,98,113,-15,15
52156,114,98,16,16
52157,142,136,6,6
52158,92,101,-9,9
52159,82,78,4,4
52160,86,87,-1,1
52161,65,62,3,3
52162,91,87,4,4
52163,158,160,-2,2
52164,79,75,4,4
52165,89,80,9,9
52166,54,53,1,1
52167,144,123,21,21
52168,167,172,-5,5
52169,94,100,-6,6
52170,75,71,4,4
52171,110,114,-4,4
52172,113,103,10,10
52173,63,66,-3,3
52174,138,127,11,11
52175,101,75,26,26
52176,99,110,-11,11
52177,98,95,3,3
52178,138,164,-26,26
52179,116,112,4,4
52180,53,63,-10,10
52181,97,90,7,7
52182,79,69,10,10
52183,94,111,-17,17
52184,72,83,-11,11
52185,104,114,-10,10
52186,113,101,12,12
52187,105,112,-7,7
52188,84,78,6,6
52189,66,74,-8,8
52190,75,74,1,1
52191,106,112,-6,6
52192,100,89,11,11
52193,75,81,-6,6
52194,45,54,-9,9
52195,126,128,-2,2
52196,102,90,12,12
52197,108,103,5,5
52198,99,88,11,11
52199,146,115,31,31
52200,107,104,3,3
52201,105,109,-4,4
52202,58,55,3,3
52203,114,115,-1,1
52204,151,135,16,16
52205,72,75,-3,3
52206,79,75,4,4
52207,131,120,11,11
52208,91,89,2,2
52209,52,62,-10,10
52210,81,77,4,4
52211,85,75,10,10
52212,96,89,7,7
52213,42,56,-14,14
52214,73,73,0,0
52215,100,93,7,7
52216,104,89,15,15
52217,85,97,-12,12
52218,67,71,-4,4
52219,71,68,3,3
52220,100,89,11,11
52221,134,105,29,29
52222,104,107,-3,3
52223,90,77,13,13
52224,96,125,-29,29
52225,61,78,-17,17
52226,65,71,-6,6
52227,139,126,13,13
52228,46,53,-7,7
52229,70,66,4,4
52230,142,127,15,15
52231,90,86,4,4
52232,112,100,12,12
52233,113,98,15,15
52234,59,71,-12,12
52235,111,103,8,8
52236,84,70,14,14
52237,74,62,12,12
52238,78,64,14,14
52239,145,155,-10,10
52240,100,124,-24,24
52241,103,98,5,5
52242,55,72,-17,17
52243,93,89,4,4
52244,78,77,1,1
52245,80,83,-3,3
52246,104,89,15,15
52247,66,66,0,0
52248,68,64,4,4
52249,60,64,-4,4
52250,103,106,-3,3
52251,69,65,4,4
52252,92,89,3,3
52253,48,59,-11,11
52254,54,59,-5,5
52255,54,67,-13,13
52256,58,56,2,2
52257,160,147,13,13
52258,83,71,12,12
52259,90,74,16,16
52260,71,127,-56,56
52261,168,173,-5,5
52262,137,149,-12,12
52263,139,139,0,0
52264,74,73,1,1
52265,75,73,2,2
52266,65,70,-5,5
52267,93,80,13,13
52268,94,88,6,6
52269,65,76,-11,11
52270,110,108,2,2
52271,29,56,-27,27
52272,91,88,3,3
52273,78,76,2,2
52274,77,72,5,5
52275,93,93,0,0
52276,158,153,5,5
52277,206,192,14,14
52278,98,95,3,3
52279,131,126,5,5
52280,115,110,5,5
52281,129,103,26,26
52282,97,83,14,14
52283,97,85,12,12
52284,78,89,-11,11
52285,81,70,11,11
52286,107,98,9,9
52287,80,70,10,10
52288,67,69,-2,2
52289,66,79,-13,13
52290,56,61,-5,5
52291,72,73,-1,1
52292,50,60,-10,10
52293,70,91,-21,21
52294,128,120,8,8
52295,138,145,-7,7
52296,38,58,-20,20
52297,113,109,4,4
52298,168,172,-4,4
52299,115,100,15,15
52300,88,84,4,4
52301,80,75,5,5
52302,124,127,-3,3
52303,190,168,22,22
52304,92,92,0,0
52305,83,82,1,1
52306,78,80,-2,2
52307,64,62,2,2
52308,121,123,-2,2
52309,74,71,3,3
52310,59,74,-15,15
52311,200,156,44,44
52312,157,142,15,15
52313,86,93,-7,7
52314,126,116,10,10
52315,75,87,-12,12
52316,95,102,-7,7
52317,118,98,20,20
52318,174,162,12,12
52319,148,138,10,10
52320,70,77,-7,7
52321,99,98,1,1
52322,73,72,1,1
52323,178,156,22,22
52324,127,117,10,10
52325,137,140,-3,3
52326,35,52,-17,17
52327,58,63,-5,5
52328,104,104,0,0
52329,85,82,3,3
52330,91,88,3,3
52331,40,47,-7,7
52332,83,80,3,3
52333,100,103,-3,3
52334,73,80,-7,7
52335,51,66,-15,15
52336,263,219,44,44
52337,87,96,-9,9
52338,85,81,4,4
52339,85,85,0,0
52340,89,91,-2,2
52341,176,165,11,11
52342,103,100,3,3
52343,128,130,-2,2
52344,166,179,-13,13
52345,92,104,-12,12
52346,100,102,-2,2
52347,98,90,8,8
52348,57,55,2,2
52349,127,116,11,11
52350,86,83,3,3
52351,144,155,-11,11
52352,60,65,-5,5
52353,113,104,9,9
52354,113,107,6,6
52355,103,98,5,5
52356,90,81,9,9
52357,56,58,-2,2
52358,47,57,-10,10
52359,105,109,-4,4
52360,61,67,-6,6
52361,128,137,-9,9
52362,55,78,-23,23
52363,67,66,1,1
52364,65,67,-2,2
52365,116,106,10,10
52366,76,80,-4,4
52367,41,46,-5,5
52368,83,69,14,14
52369,82,74,8,8
52370,50,61,-11,11
52371,81,88,-7,7
52372,57,52,5,5
52373,83,77,6,6
52374,87,90,-3,3
52375,56,47,9,9
52376,68,67,1,1
52377,71,76,-5,5
52378,77,79,-2,2
52379,67,69,-2,2
52380,120,107,13,13
52381,74,71,3,3
52382,121,129,-8,8
52383,73,71,2,2
52384,53,66,-13,13
52385,68,76,-8,8
52386,95,88,7,7
52387,103,108,-5,5
52388,46,58,-12,12
52389,73,70,3,3
52390,148,138,10,10
52391,145,132,13,13
52392,105,91,14,14
52393,71,66,5,5
52394,43,52,-9,9
52395,106,108,-2,2
52396,114,112,2,2
52397,80,60,20,20
52398,64,56,8,8
52399,125,120,5,5
52400,84,89,-5,5
52401,86,89,-3,3
52402,101,90,11,11
52403,95,93,2,2
52404,90,89,1,1
52405,93,81,12,12
52406,62,60,2,2
52407,146,145,1,1
52408,87,80,7,7
52409,85,80,5,5
52410,134,108,26,26
52411,82,76,6,6
52412,46,67,-21,21
52413,73,75,-2,2
52414,23,84,-61,61
52415,167,159,8,8
52416,116,97,19,19
52417,112,114,-2,2
52418,227,222,5,5
52419,108,118,-10,10
52420,93,92,1,1
52421,76,80,-4,4
52422,75,81,-6,6
52423,74,85,-11,11
52424,85,81,4,4
52425,68,62,6,6
52426,93,86,7,7
52427,143,136,7,7
52428,132,129,3,3
52429,68,72,-4,4
52430,49,50,-1,1
52431,116,98,18,18
52432,87,87,0,0
52433,114,105,9,9
52434,133,118,15,15
52435,81,74,7,7
52436,105,96,9,9
52437,88,87,1,1
52438,158,132,26,26
52439,82,75,7,7
52440,91,94,-3,3
52441,158,151,7,7
52442,77,69,8,8
52443,61,78,-17,17
52444,57,70,-13,13
52445,76,75,1,1
52446,80,79,1,1
52447,90,91,-1,1
52448,75,64,11,11
52449,105,97,8,8
52450,99,98,1,1
52451,134,127,7,7
52452,70,71,-1,1
52453,139,160,-21,21
52454,67,72,-5,5
52455,186,172,14,14
52456,101,98,3,3
52457,142,133,9,9
52458,66,68,-2,2
52459,88,74,14,14
52460,79,85,-6,6
52461,80,75,5,5
52462,103,102,1,1
52463,133,149,-16,16
52464,21,69,-48,48
52465,98,80,18,18
52466,67,68,-1,1
52467,117,138,-21,21
52468,71,66,5,5
52469,45,56,-11,11
52470,90,77,13,13
52471,122,102,20,20
52472,133,123,10,10
52473,70,63,7,7
52474,99,101,-2,2
52475,161,156,5,5
52476,123,115,8,8
52477,116,105,11,11
52478,148,122,26,26
52479,55,56,-1,1
52480,107,108,-1,1
52481,69,65,4,4
52482,103,118,-15,15
52483,50,63,-13,13
52484,76,78,-2,2
52485,98,88,10,10
52486,63,63,0,0
52487,69,74,-5,5
52488,115,110,5,5
52489,64,62,2,2
52490,80,76,4,4
52491,93,82,11,11
52492,93,87,6,6
52493,107,100,7,7
52494,91,85,6,6
52495,73,76,-3,3
52496,163,147,16,16
52497,82,78,4,4
52498,133,90,43,43
52499,70,78,-8,8
52500,74,75,-1,1
52501,72,63,9,9
52502,51,54,-3,3
52503,192,179,13,13
52504,59,68,-9,9
52505,69,68,1,1
52506,47,55,-8,8
52507,146,152,-6,6
52508,149,140,9,9
52509,96,107,-11,11
52510,73,69,4,4
52511,143,137,6,6
52512,101,97,4,4
52513,96,92,4,4
52514,108,113,-5,5
52515,77,75,2,2
52516,45,59,-14,14
52517,89,93,-4,4
52518,160,156,4,4
52519,97,106,-9,9
52520,82,86,-4,4
52521,80,71,9,9
52522,70,59,11,11
52523,123,109,14,14
52524,109,99,10,10
52525,162,160,2,2
52526,129,121,8,8
52527,80,77,3,3
52528,49,54,-5,5
52529,129,124,5,5
52530,79,70,9,9
52531,89,90,-1,1
52532,92,94,-2,2
52533,87,75,12,12
52534,104,95,9,9
52535,106,83,23,23
52536,169,161,8,8
52537,96,99,-3,3
52538,66,61,5,5
52539,140,135,5,5
52540,128,119,9,9
52541,82,82,0,0
52542,128,117,11,11
52543,109,114,-5,5
52544,59,61,-2,2
52545,61,59,2,2
52546,109,88,21,21
52547,72,82,-10,10
52548,57,53,4,4
52549,94,97,-3,3
52550,86,78,8,8
52551,57,61,-4,4
52552,142,129,13,13
52553,79,80,-1,1
52554,150,142,8,8
52555,122,127,-5,5
52556,106,115,-9,9
52557,41,50,-9,9
52558,218,198,20,20
52559,106,95,11,11
52560,80,74,6,6
52561,87,82,5,5
52562,121,137,-16,16
52563,68,69,-1,1
52564,79,82,-3,3
52565,63,56,7,7
52566,57,73,-16,16
52567,132,129,3,3
52568,86,93,-7,7
52569,92,87,5,5
52570,187,180,7,7
52571,97,94,3,3
52572,135,129,6,6
52573,126,111,15,15
52574,79,76,3,3
52575,69,78,-9,9
52576,142,135,7,7
52577,97,90,7,7
52578,104,108,-4,4
52579,112,114,-2,2
52580,168,180,-12,12
52581,145,124,21,21
52582,137,139,-2,2
52583,142,121,21,21
52584,81,68,13,13
52585,97,96,1,1
52586,90,87,3,3
52587,121,151,-30,30
52588,71,77,-6,6
52589,61,66,-5,5
52590,95,111,-16,16
52591,95,117,-22,22
52592,53,70,-17,17
52593,126,125,1,1
52594,72,77,-5,5
52595,86,71,15,15
52596,141,131,10,10
52597,96,100,-4,4
52598,98,100,-2,2
52599,123,116,7,7
52600,46,58,-12,12
52601,95,84,11,11
52602,127,122,5,5
52603,153,127,26,26
52604,115,117,-2,2
52605,104,85,19,19
52606,53,64,-11,11
52607,95,87,8,8
52608,88,83,5,5
52609,133,116,17,17
52610,88,78,10,10
52611,25,48,-23,23
52612,142,140,2,2
52613,98,115,-17,17
52614,93,85,8,8
52615,99,88,11,11
52616,152,142,10,10
52617,124,129,-5,5
52618,112,108,4,4
52619,134,115,19,19
52620,104,104,0,0
52621,86,84,2,2
52622,117,113,4,4
52623,77,74,3,3
52624,88,87,1,1
52625,72,70,2,2
52626,87,107,-20,20
52627,80,82,-2,2
52628,103,103,0,0
52629,136,133,3,3
52630,105,112,-7,7
52631,96,92,4,4
52632,90,87,3,3
52633,53,59,-6,6
52634,77,80,-3,3
52635,60,59,1,1
52636,115,123,-8,8
52637,93,88,5,5
52638,91,77,14,14
52639,162,155,7,7
52640,115,93,22,22
52641,148,162,-14,14
52642,68,74,-6,6
52643,79,88,-9,9
52644,53,66,-13,13
52645,60,58,2,2
52646,63,72,-9,9
52647,102,98,4,4
52648,111,91,20,20
52649,116,114,2,2
52650,50,69,-19,19
52651,113,100,13,13
52652,46,57,-11,11
52653,62,57,5,5
52654,112,102,10,10
52655,58,50,8,8
52656,85,93,-8,8
52657,111,99,12,12
52658,105,105,0,0
52659,113,121,-8,8
52660,174,148,26,26
52661,125,117,8,8
52662,109,108,1,1
52663,67,83,-16,16
52664,76,68,8,8
52665,193,281,-88,88
52666,128,127,1,1
52667,88,80,8,8
52668,70,72,-2,2
52669,63,69,-6,6
52670,148,95,53,53
52671,89,99,-10,10
52672,152,149,3,3
52673,62,64,-2,2
52674,141,119,22,22
52675,48,54,-6,6
52676,185,171,14,14
52677,89,86,3,3
52678,87,87,0,0
52679,50,52,-2,2
52680,79,74,5,5
52681,124,129,-5,5
52682,109,107,2,2
52683,54,66,-12,12
52684,90,96,-6,6
52685,85,83,2,2
52686,35,95,-60,60
52687,86,77,9,9
52688,47,61,-14,14
52689,103,88,15,15
52690,105,102,3,3
52691,47,63,-16,16
52692,44,49,-5,5
52693,137,123,14,14
52694,69,75,-6,6
52695,47,50,-3,3
52696,63,60,3,3
52697,118,116,2,2
52698,83,83,0,0
52699,80,85,-5,5
52700,119,90,29,29
52701,107,112,-5,5
52702,100,110,-10,10
52703,96,92,4,4
52704,90,106,-16,16
52705,136,127,9,9
52706,142,156,-14,14
52707,82,85,-3,3
52708,64,58,6,6
52709,89,87,2,2
52710,49,80,-31,31
52711,138,123,15,15
52712,74,73,1,1
52713,55,71,-16,16
52714,147,124,23,23
52715,87,92,-5,5
52716,67,75,-8,8
52717,90,84,6,6
52718,72,86,-14,14
52719,110,109,1,1
52720,166,168,-2,2
52721,128,104,24,24
52722,70,75,-5,5
52723,95,94,1,1
52724,58,57,1,1
52725,95,86,9,9
52726,78,84,-6,6
52727,99,99,0,0
52728,79,78,1,1
52729,96,85,11,11
52730,87,85,2,2
52731,57,65,-8,8
52732,67,63,4,4
52733,84,94,-10,10
52734,73,69,4,4
52735,77,77,0,0
52736,65,59,6,6
52737,34,57,-23,23
52738,103,100,3,3
52739,117,113,4,4
52740,73,73,0,0
52741,121,111,10,10
52742,67,69,-2,2
52743,118,98,20,20
52744,145,142,3,3
52745,83,75,8,8
52746,105,95,10,10
52747,81,72,9,9
52748,92,87,5,5
52749,44,54,-10,10
52750,104,106,-2,2
52751,45,73,-28,28
52752,96,91,5,5
52753,115,115,0,0
52754,91,87,4,4
52755,64,75,-11,11
52756,63,65,-2,2
52757,83,77,6,6
52758,126,131,-5,5
52759,57,66,-9,9
52760,209,205,4,4
52761,153,142,11,11
52762,57,63,-6,6
52763,70,59,11,11
52764,118,118,0,0
52765,110,105,5,5
52766,63,58,5,5
52767,117,108,9,9
52768,151,136,15,15
52769,135,139,-4,4
52770,75,68,7,7
52771,121,105,16,16
52772,142,145,-3,3
52773,107,107,0,0
52774,87,95,-8,8
52775,83,85,-2,2
52776,54,57,-3,3
52777,120,111,9,9
52778,75,69,6,6
52779,116,117,-1,1
52780,80,78,2,2
52781,132,136,-4,4
52782,61,67,-6,6
52783,70,72,-2,2
52784,57,49,8,8
52785,137,128,9,9
52786,112,98,14,14
52787,77,74,3,3
52788,78,82,-4,4
52789,94,97,-3,3
52790,85,91,-6,6
52791,61,67,-6,6
52792,80,72,8,8
52793,116,104,12,12
52794,64,86,-22,22
52795,69,68,1,1
52796,124,108,16,16
52797,78,65,13,13
52798,109,109,0,0
52799,90,77,13,13
52800,148,140,8,8
52801,64,70,-6,6
52802,59,69,-10,10
52803,42,57,-15,15
52804,132,130,2,2
52805,132,127,5,5
52806,68,66,2,2
52807,173,184,-11,11
52808,73,68,5,5
52809,88,90,-2,2
52810,95,85,10,10
52811,56,63,-7,7
52812,83,65,18,18
52813,131,138,-7,7
52814,65,63,2,2
52815,77,73,4,4
52816,110,119,-9,9
52817,80,111,-31,31
52818,76,63,13,13
52819,73,63,10,10
52820,66,66,0,0
52821,149,142,7,7
52822,55,60,-5,5
52823,60,72,-12,12
52824,151,149,2,2
52825,112,115,-3,3
52826,67,61,6,6
52827,67,78,-11,11
52828,77,82,-5,5
52829,114,109,5,5
52830,123,126,-3,3
52831,83,78,5,5
52832,42,58,-16,16
52833,104,108,-4,4
52834,90,89,1,1
52835,107,111,-4,4
52836,153,131,22,22
52837,68,61,7,7
52838,41,57,-16,16
52839,82,79,3,3
52840,55,65,-10,10
52841,114,97,17,17
52842,92,93,-1,1
52843,90,84,6,6
52844,70,70,0,0
52845,75,76,-1,1
52846,112,97,15,15
52847,76,83,-7,7
52848,107,78,29,29
52849,96,92,4,4
52850,107,106,1,1
52851,46,52,-6,6
52852,103,114,-11,11
52853,122,119,3,3
52854,117,105,12,12
52855,69,85,-16,16
52856,100,93,7,7
52857,70,68,2,2
52858,96,106,-10,10
52859,89,85,4,4
52860,112,117,-5,5
52861,93,102,-9,9
52862,104,93,11,11
52863,79,79,0,0
52864,150,130,20,20
52865,145,139,6,6
52866,135,142,-7,7
52867,61,61,0,0
52868,75,82,-7,7
52869,63,68,-5,5
52870,77,74,3,3
52871,115,113,2,2
52872,94,94,0,0
52873,60,61,-1,1
52874,99,99,0,0
52875,162,181,-19,19
52876,89,95,-6,6
52877,84,80,4,4
52878,90,96,-6,6
52879,132,114,18,18
52880,106,97,9,9
52881,50,57,-7,7
52882,66,64,2,2
52883,153,141,12,12
52884,55,57,-2,2
52885,92,94,-2,2
52886,113,115,-2,2
52887,54,64,-10,10
52888,132,122,10,10
52889,116,99,17,17
52890,88,246,-158,158
52891,127,124,3,3
52892,80,89,-9,9
52893,125,108,17,17
52894,108,98,10,10
52895,104,106,-2,2
52896,62,66,-4,4
52897,76,72,4,4
52898,77,79,-2,2
52899,120,107,13,13
52900,71,74,-3,3
52901,54,70,-16,16
52902,115,120,-5,5
52903,138,144,-6,6
52904,95,86,9,9
52905,31,48,-17,17
52906,46,64,-18,18
52907,147,126,21,21
52908,129,139,-10,10
52909,82,62,20,20
52910,81,91,-10,10
52911,62,70,-8,8
52912,140,128,12,12
52913,101,100,1,1
52914,120,106,14,14
52915,48,57,-9,9
52916,132,120,12,12
52917,164,152,12,12
52918,48,60,-12,12
52919,81,91,-10,10
52920,74,80,-6,6
52921,79,86,-7,7
52922,97,90,7,7
52923,81,87,-6,6
52924,47,66,-19,19
52925,97,101,-4,4
52926,59,69,-10,10
52927,68,64,4,4
52928,67,70,-3,3
52929,66,60,6,6
52930,143,124,19,19
52931,88,89,-1,1
52932,96,91,5,5
52933,169,145,24,24
52934,106,96,10,10
52935,106,104,2,2
52936,78,79,-1,1
52937,107,106,1,1
52938,132,143,-11,11
52939,88,78,10,10
52940,68,70,-2,2
52941,104,93,11,11
52942,79,78,1,1
52943,96,86,10,10
52944,159,164,-5,5
52945,133,137,-4,4
52946,81,79,2,2
52947,67,78,-11,11
52948,86,79,7,7
52949,75,71,4,4
52950,106,106,0,0
52951,55,66,-11,11
52952,167,156,11,11
52953,33,52,-19,19
52954,114,122,-8,8
52955,153,134,19,19
52956,76,72,4,4
52957,74,73,1,1
52958,152,159,-7,7
52959,176,140,36,36
52960,86,85,1,1
52961,191,173,18,18
52962,116,117,-1,1
52963,87,79,8,8
52964,133,133,0,0
52965,131,126,5,5
52966,96,91,5,5
52967,113,119,-6,6
52968,52,56,-4,4
52969,68,71,-3,3
52970,110,107,3,3
52971,58,56,2,2
52972,104,121,-17,17
52973,93,94,-1,1
52974,118,109,9,9
52975,92,89,3,3
52976,77,77,0,0
52977,43,55,-12,12
52978,19,48,-29,29
52979,156,138,18,18
52980,145,140,5,5
52981,85,92,-7,7
52982,85,75,10,10
52983,121,110,11,11
52984,76,75,1,1
52985,137,136,1,1
52986,76,72,4,4
52987,91,85,6,6
52988,93,86,7,7
52989,133,144,-11,11
52990,128,103,25,25
52991,106,107,-1,1
52992,77,80,-3,3
52993,104,101,3,3
52994,82,74,8,8
52995,77,80,-3,3
52996,91,103,-12,12
52997,73,90,-17,17
52998,144,131,13,13
52999,103,91,12,12
53000,97,82,15,15
53001,238,235,3,3
53002,87,85,2,2
53003,135,125,10,10
53004,63,60,3,3
53005,95,87,8,8
53006,42,48,-6,6
53007,69,71,-2,2
53008,98,84,14,14
53009,147,150,-3,3
53010,108,117,-9,9
53011,52,60,-8,8
53012,69,68,1,1
53013,92,70,22,22
53014,129,129,0,0
53015,83,80,3,3
53016,108,110,-2,2
53017,126,126,0,0
53018,84,82,2,2
53019,86,70,16,16
53020,82,106,-24,24
53021,88,87,1,1
53022,101,88,13,13
53023,130,119,11,11
53024,83,75,8,8
53025,118,125,-7,7
53026,106,100,6,6
53027,108,114,-6,6
53028,85,73,12,12
53029,133,120,13,13
53030,77,67,10,10
53031,110,95,15,15
53032,71,74,-3,3
53033,72,82,-10,10
53034,44,51,-7,7
53035,69,66,3,3
53036,106,90,16,16
53037,103,89,14,14
53038,82,77,5,5
53039,119,133,-14,14
53040,94,95,-1,1
53041,67,65,2,2
53042,81,66,15,15
53043,102,91,11,11
53044,68,61,7,7
53045,154,147,7,7
53046,80,72,8,8
53047,120,111,9,9
53048,59,72,-13,13
53049,149,148,1,1
53050,66,66,0,0
53051,80,69,11,11
53052,61,63,-2,2
53053,40,50,-10,10
53054,80,79,1,1
53055,54,56,-2,2
53056,90,98,-8,8
53057,107,100,7,7
53058,62,59,3,3
53059,157,171,-14,14
53060,113,112,1,1
53061,107,115,-8,8
53062,87,78,9,9
53063,90,91,-1,1
53064,155,143,12,12
53065,37,63,-26,26
53066,66,66,0,0
53067,92,102,-10,10
53068,74,79,-5,5
53069,38,55,-17,17
53070,83,77,6,6
53071,90,97,-7,7
53072,262,369,-107,107
53073,83,72,11,11
53074,65,66,-1,1
53075,84,81,3,3
53076,50,59,-9,9
53077,95,94,1,1
53078,80,89,-9,9
53079,135,125,10,10
53080,75,74,1,1
53081,79,81,-2,2
53082,179,167,12,12
53083,119,118,1,1
53084,89,80,9,9
53085,58,74,-16,16
53086,98,106,-8,8
53087,58,69,-11,11
53088,62,55,7,7
53089,65,67,-2,2
53090,90,85,5,5
53091,134,121,13,13
53092,61,61,0,0
53093,142,135,7,7
53094,71,73,-2,2
53095,147,115,32,32
53096,122,116,6,6
53097,151,142,9,9
53098,105,104,1,1
53099,56,51,5,5
53100,124,130,-6,6
53101,140,152,-12,12
53102,107,98,9,9
53103,103,100,3,3
53104,98,94,4,4
53105,63,65,-2,2
53106,51,60,-9,9
53107,81,83,-2,2
53108,65,72,-7,7
53109,150,146,4,4
53110,134,137,-3,3
53111,46,60,-14,14
53112,120,103,17,17
53113,80,81,-1,1
53114,93,94,-1,1
53115,176,159,17,17
53116,115,108,7,7
53117,128,115,13,13
53118,143,128,15,15
53119,55,51,4,4
53120,85,74,11,11
53121,102,91,11,11
53122,54,58,-4,4
53123,151,128,23,23
53124,83,65,18,18
53125,47,51,-4,4
53126,80,77,3,3
53127,126,129,-3,3
53128,105,113,-8,8
53129,103,103,0,0
53130,70,78,-8,8
53131,64,65,-1,1
53132,116,101,15,15
53133,124,140,-16,16
53134,89,79,10,10
53135,73,69,4,4
53136,131,137,-6,6
53137,120,106,14,14
53138,102,88,14,14
53139,88,80,8,8
53140,82,82,0,0
53141,88,81,7,7
53142,135,115,20,20
53143,119,111,8,8
53144,67,78,-11,11
53145,55,64,-9,9
53146,170,162,8,8
53147,125,130,-5,5
53148,132,117,15,15
53149,146,138,8,8
53150,83,77,6,6
53151,85,69,16,16
53152,101,91,10,10
53153,84,87,-3,3
53154,135,126,9,9
53155,54,55,-1,1
53156,74,64,10,10
53157,72,70,2,2
53158,112,85,27,27
53159,137,132,5,5
53160,82,66,16,16
53161,121,99,22,22
53162,83,79,4,4
53163,112,117,-5,5
53164,66,59,7,7
53165,90,91,-1,1
53166,111,114,-3,3
53167,70,75,-5,5
53168,98,104,-6,6
53169,101,99,2,2
53170,108,102,6,6
53171,77,77,0,0
53172,94,102,-8,8
53173,77,87,-10,10
53174,52,65,-13,13
53175,114,113,1,1
53176,79,71,8,8
53177,43,59,-16,16
53178,110,96,14,14
53179,51,52,-1,1
53180,81,67,14,14
53181,122,109,13,13
53182,128,129,-1,1
53183,92,109,-17,17
53184,111,110,1,1
53185,106,96,10,10
53186,56,66,-10,10
53187,137,122,15,15
53188,75,69,6,6
53189,71,71,0,0
53190,67,68,-1,1
53191,89,81,8,8
53192,96,97,-1,1
53193,106,105,1,1
53194,71,67,4,4
53195,128,115,13,13
53196,63,63,0,0
53197,82,68,14,14
53198,67,66,1,1
53199,80,86,-6,6
53200,124,120,4,4
53201,117,110,7,7
53202,115,124,-9,9
53203,107,101,6,6
53204,65,64,1,1
53205,119,121,-2,2
53206,88,99,-11,11
53207,53,58,-5,5
53208,156,153,3,3
53209,71,70,1,1
53210,89,86,3,3
53211,88,73,15,15
53212,113,105,8,8
53213,43,49,-6,6
53214,106,96,10,10
53215,85,74,11,11
53216,108,123,-15,15
53217,70,59,11,11
53218,163,157,6,6
53219,102,97,5,5
53220,74,70,4,4
53221,60,60,0,0
53222,107,97,10,10
53223,59,59,0,0
53224,90,61,29,29
53225,134,124,10,10
53226,159,153,6,6
53227,99,92,7,7
53228,75,74,1,1
53229,62,57,5,5
53230,93,82,11,11
53231,101,95,6,6
53232,61,62,-1,1
53233,88,64,24,24
53234,99,98,1,1
53235,45,58,-13,13
53236,65,72,-7,7
53237,120,102,18,18
53238,85,87,-2,2
53239,76,80,-4,4
53240,111,109,2,2
53241,75,73,2,2
53242,96,93,3,3
53243,134,119,15,15
53244,62,73,-11,11
53245,69,63,6,6
53246,95,87,8,8
53247,93,88,5,5
53248,73,68,5,5
53249,89,79,10,10
53250,59,56,3,3
53251,73,67,6,6
53252,115,112,3,3
53253,86,84,2,2
53254,141,157,-16,16
53255,109,120,-11,11
53256,112,94,18,18
53257,74,76,-2,2
53258,57,64,-7,7
53259,61,65,-4,4
53260,104,104,0,0
53261,111,92,19,19
53262,80,72,8,8
53263,107,85,22,22
53264,43,52,-9,9
53265,71,74,-3,3
53266,54,53,1,1
53267,74,81,-7,7
53268,77,81,-4,4
53269,86,95,-9,9
53270,65,63,2,2
53271,103,89,14,14
53272,67,69,-2,2
53273,77,62,15,15
53274,53,66,-13,13
53275,128,103,25,25
53276,75,85,-10,10
53277,111,133,-22,22
53278,94,84,10,10
53279,93,92,1,1
53280,131,106,25,25
53281,61,90,-29,29
53282,69,65,4,4
53283,70,61,9,9
53284,50,54,-4,4
53285,69,60,9,9
53286,101,83,18,18
53287,86,77,9,9
53288,98,85,13,13
53289,140,93,47,47
53290,88,85,3,3
53291,51,59,-8,8
53292,72,86,-14,14
53293,109,111,-2,2
53294,67,82,-15,15
53295,114,113,1,1
53296,98,90,8,8
53297,98,103,-5,5
53298,107,116,-9,9
53299,133,148,-15,15
53300,161,156,5,5
53301,161,130,31,31
53302,125,129,-4,4
53303,90,88,2,2
53304,112,113,-1,1
53305,61,63,-2,2
53306,186,171,15,15
53307,102,107,-5,5
53308,273,301,-28,28
53309,125,124,1,1
53310,124,126,-2,2
53311,115,106,9,9
53312,86,81,5,5
53313,67,68,-1,1
53314,90,95,-5,5
53315,146,139,7,7
53316,64,62,2,2
53317,78,73,5,5
53318,73,77,-4,4
53319,132,121,11,11
53320,78,77,1,1
53321,108,117,-9,9
53322,72,74,-2,2
53323,112,115,-3,3
53324,110,112,-2,2
53325,157,142,15,15
53326,87,76,11,11
53327,63,65,-2,2
53328,47,65,-18,18
53329,55,60,-5,5
53330,57,61,-4,4
53331,77,80,-3,3
53332,73,73,0,0
53333,52,62,-10,10
53334,60,73,-13,13
53335,171,191,-20,20
53336,153,148,5,5
53337,128,126,2,2
53338,101,96,5,5
53339,58,55,3,3
53340,67,67,0,0
53341,58,57,1,1
53342,69,70,-1,1
53343,198,186,12,12
53344,85,70,15,15
53345,96,79,17,17
53346,68,88,-20,20
53347,80,81,-1,1
53348,56,63,-7,7
53349,67,65,2,2
53350,57,58,-1,1
53351,39,56,-17,17
53352,81,77,4,4
53353,117,117,0,0
53354,104,108,-4,4
53355,105,115,-10,10
53356,83,80,3,3
53357,135,128,7,7
53358,76,75,1,1
53359,122,113,9,9
53360,78,88,-10,10
53361,37,48,-11,11
53362,134,122,12,12
53363,71,65,6,6
53364,119,108,11,11
53365,23,51,-28,28
53366,145,129,16,16
53367,99,95,4,4
53368,70,71,-1,1
53369,41,63,-22,22
53370,82,88,-6,6
53371,102,90,12,12
53372,64,67,-3,3
53373,60,61,-1,1
53374,157,153,4,4
53375,144,118,26,26
53376,107,96,11,11
53377,108,120,-12,12
53378,79,71,8,8
53379,77,83,-6,6
53380,102,98,4,4
53381,62,64,-2,2
53382,87,91,-4,4
53383,156,151,5,5
53384,59,54,5,5
53385,54,61,-7,7
53386,114,107,7,7
53387,87,95,-8,8
53388,132,133,-1,1
53389,135,136,-1,1
53390,126,111,15,15
53391,105,106,-1,1
53392,95,103,-8,8
53393,101,91,10,10
53394,51,62,-11,11
53395,63,75,-12,12
53396,149,147,2,2
53397,72,63,9,9
53398,147,143,4,4
53399,67,64,3,3
53400,106,113,-7,7
53401,98,103,-5,5
53402,100,93,7,7
53403,93,105,-12,12
53404,69,66,3,3
53405,116,138,-22,22
53406,88,77,11,11
53407,114,137,-23,23
53408,53,57,-4,4
53409,55,65,-10,10
53410,86,93,-7,7
53411,110,94,16,16
53412,82,78,4,4
53413,87,74,13,13
53414,60,56,4,4
53415,59,65,-6,6
53416,72,68,4,4
53417,99,84,15,15
53418,111,93,18,18
53419,105,105,0,0
53420,110,100,10,10
53421,56,59,-3,3
53422,126,138,-12,12
53423,75,69,6,6
53424,56,66,-10,10
53425,119,135,-16,16
53426,98,96,2,2
53427,171,158,13,13
53428,169,141,28,28
53429,126,130,-4,4
53430,194,173,21,21
53431,112,98,14,14
53432,73,73,0,0
53433,106,108,-2,2
53434,101,84,17,17
53435,119,118,1,1
53436,96,92,4,4
53437,58,63,-5,5
53438,89,86,3,3
53439,78,56,22,22
53440,85,100,-15,15
53441,87,85,2,2
53442,70,78,-8,8
53443,50,77,-27,27
53444,51,57,-6,6
53445,91,86,5,5
53446,79,91,-12,12
53447,98,90,8,8
53448,117,134,-17,17
53449,94,104,-10,10
53450,141,125,16,16
53451,133,132,1,1
53452,48,66,-18,18
53453,121,118,3,3
53454,90,92,-2,2
53455,50,61,-11,11
53456,69,75,-6,6
53457,90,108,-18,18
53458,83,96,-13,13
53459,89,100,-11,11
53460,84,83,1,1
53461,72,60,12,12
53462,65,74,-9,9
53463,93,87,6,6
53464,70,71,-1,1
53465,68,65,3,3
53466,128,149,-21,21
53467,102,88,14,14
53468,111,116,-5,5
53469,54,55,-1,1
53470,94,97,-3,3
53471,102,91,11,11
53472,104,90,14,14
53473,90,91,-1,1
53474,96,100,-4,4
53475,119,134,-15,15
53476,80,92,-12,12
53477,77,70,7,7
53478,228,272,-44,44
53479,134,109,25,25
53480,140,156,-16,16
53481,47,51,-4,4
53482,113,111,2,2
53483,58,62,-4,4
53484,34,55,-21,21
53485,46,63,-17,17
53486,68,64,4,4
53487,68,64,4,4
53488,43,56,-13,13
53489,74,73,1,1
53490,88,89,-1,1
53491,130,143,-13,13
53492,112,87,25,25
53493,91,89,2,2
53494,70,68,2,2
53495,137,128,9,9
53496,67,61,6,6
53497,90,79,11,11
53498,137,117,20,20
53499,83,88,-5,5
53500,105,111,-6,6
53501,78,84,-6,6
53502,93,75,18,18
53503,88,75,13,13
53504,65,60,5,5
53505,105,91,14,14
53506,131,132,-1,1
53507,52,56,-4,4
53508,48,68,-20,20
53509,127,129,-2,2
53510,70,77,-7,7
53511,62,59,3,3
53512,119,121,-2,2
53513,75,75,0,0
53514,90,81,9,9
53515,60,55,5,5
53516,133,131,2,2
53517,86,82,4,4
53518,77,86,-9,9
53519,81,78,3,3
53520,98,99,-1,1
53521,101,99,2,2
53522,70,66,4,4
53523,86,72,14,14
53524,111,110,1,1
53525,99,94,5,5
53526,62,68,-6,6
53527,111,110,1,1
53528,57,58,-1,1
53529,93,90,3,3
53530,77,85,-8,8
53531,122,115,7,7
53532,96,99,-3,3
53533,52,57,-5,5
53534,66,55,11,11
53535,102,97,5,5
53536,79,91,-12,12
53537,83,89,-6,6
53538,90,89,1,1
53539,117,87,30,30
53540,87,88,-1,1
53541,127,113,14,14
53542,50,62,-12,12
53543,62,73,-11,11
53544,63,73,-10,10
53545,80,66,14,14
53546,111,136,-25,25
53547,53,61,-8,8
53548,105,102,3,3
53549,97,83,14,14
53550,48,55,-7,7
53551,66,72,-6,6
53552,113,116,-3,3
53553,142,137,5,5
53554,42,46,-4,4
53555,55,63,-8,8
53556,111,106,5,5
53557,89,86,3,3
53558,76,89,-13,13
53559,126,119,7,7
53560,103,96,7,7
53561,53,69,-16,16
53562,90,90,0,0
53563,66,66,0,0
53564,60,64,-4,4
53565,49,51,-2,2
53566,230,194,36,36
53567,64,85,-21,21
53568,104,105,-1,1
53569,82,87,-5,5
53570,157,152,5,5
53571,53,50,3,3
53572,93,92,1,1
53573,76,66,10,10
53574,61,75,-14,14
53575,100,94,6,6
53576,52,59,-7,7
53577,69,68,1,1
53578,117,115,2,2
53579,124,114,10,10
53580,100,98,2,2
53581,149,122,27,27
53582,99,104,-5,5
53583,120,103,17,17
53584,79,81,-2,2
53585,177,182,-5,5
53586,62,65,-3,3
53587,99,87,12,12
53588,157,149,8,8
53589,117,119,-2,2
53590,98,93,5,5
53591,68,69,-1,1
53592,85,82,3,3
53593,91,101,-10,10
53594,106,92,14,14
53595,129,122,7,7
53596,134,126,8,8
53597,85,72,13,13
53598,122,126,-4,4
53599,89,85,4,4
53600,46,57,-11,11
53601,91,94,-3,3
53602,136,128,8,8
53603,52,52,0,0
53604,98,100,-2,2
53605,98,93,5,5
53606,129,116,13,13
53607,49,52,-3,3
53608,75,66,9,9
53609,70,70,0,0
53610,102,84,18,18
53611,114,109,5,5
53612,31,47,-16,16
53613,120,101,19,19
53614,108,104,4,4
53615,84,90,-6,6
53616,61,70,-9,9
53617,150,143,7,7
53618,52,79,-27,27
53619,44,51,-7,7
53620,71,69,2,2
53621,62,70,-8,8
53622,74,74,0,0
53623,100,99,1,1
53624,83,85,-2,2
53625,82,89,-7,7
53626,149,132,17,17
53627,113,118,-5,5
53628,99,90,9,9
53629,94,94,0,0
53630,77,84,-7,7
53631,116,121,-5,5
53632,154,154,0,0
53633,84,76,8,8
53634,116,104,12,12
53635,169,157,12,12
53636,126,118,8,8
53637,31,51,-20,20
53638,84,77,7,7
53639,81,77,4,4
53640,109,96,13,13
53641,96,95,1,1
53642,78,71,7,7
53643,100,98,2,2
53644,101,91,10,10
53645,63,71,-8,8
53646,118,110,8,8
53647,119,109,10,10
53648,70,65,5,5
53649,82,78,4,4
53650,57,66,-9,9
53651,89,85,4,4
53652,124,111,13,13
53653,67,72,-5,5
53654,87,81,6,6
53655,115,113,2,2
53656,76,65,11,11
53657,63,63,0,0
53658,105,95,10,10
53659,77,73,4,4
53660,124,118,6,6
53661,84,71,13,13
53662,52,69,-17,17
53663,55,63,-8,8
53664,120,105,15,15
53665,206,177,29,29
53666,67,72,-5,5
53667,93,87,6,6
53668,67,75,-8,8
53669,71,68,3,3
53670,87,65,22,22
53671,72,63,9,9
53672,108,102,6,6
53673,116,111,5,5
53674,62,73,-11,11
53675,61,69,-8,8
53676,57,55,2,2
53677,100,93,7,7
53678,78,79,-1,1
53679,93,86,7,7
53680,102,100,2,2
53681,187,195,-8,8
53682,88,74,14,14
53683,100,95,5,5
53684,169,176,-7,7
53685,160,184,-24,24
53686,142,130,12,12
53687,146,156,-10,10
53688,81,81,0,0
53689,41,50,-9,9
53690,111,86,25,25
53691,124,115,9,9
53692,114,117,-3,3
53693,133,152,-19,19
53694,88,74,14,14
53695,90,88,2,2
53696,76,63,13,13
53697,83,76,7,7
53698,130,134,-4,4
53699,48,61,-13,13
53700,85,98,-13,13
53701,77,81,-4,4
53702,130,135,-5,5
53703,118,95,23,23
53704,106,106,0,0
53705,67,70,-3,3
53706,111,106,5,5
53707,94,83,11,11
53708,69,62,7,7
53709,76,88,-12,12
53710,96,87,9,9
53711,84,77,7,7
53712,144,104,40,40
53713,66,76,-10,10
53714,86,89,-3,3
53715,56,63,-7,7
53716,103,111,-8,8
53717,154,142,12,12
53718,80,80,0,0
53719,89,81,8,8
53720,63,62,1,1
53721,90,91,-1,1
53722,102,101,1,1
53723,132,128,4,4
53724,103,104,-1,1
53725,138,129,9,9
53726,107,105,2,2
53727,84,80,4,4
53728,158,154,4,4
53729,143,143,0,0
53730,83,87,-4,4
53731,101,89,12,12
53732,42,54,-12,12
53733,156,146,10,10
53734,96,94,2,2
53735,124,126,-2,2
53736,91,81,10,10
53737,139,130,9,9
53738,80,79,1,1
53739,95,85,10,10
53740,95,89,6,6
53741,83,83,0,0
53742,88,88,0,0
53743,120,113,7,7
53744,79,76,3,3
53745,114,109,5,5
53746,54,53,1,1
53747,72,75,-3,3
53748,122,107,15,15
53749,125,122,3,3
53750,100,94,6,6
53751,90,98,-8,8
53752,92,93,-1,1
53753,85,82,3,3
53754,115,111,4,4
53755,76,72,4,4
53756,94,100,-6,6
53757,128,114,14,14
53758,49,73,-24,24
53759,134,123,11,11
53760,114,110,4,4
53761,75,70,5,5
53762,71,61,10,10
53763,131,134,-3,3
53764,110,106,4,4
53765,113,104,9,9
53766,79,83,-4,4
53767,90,72,18,18
53768,112,98,14,14
53769,92,87,5,5
53770,141,131,10,10
53771,46,54,-8,8
53772,103,102,1,1
53773,124,119,5,5
53774,98,87,11,11
53775,106,95,11,11
53776,95,78,17,17
53777,50,54,-4,4
53778,98,93,5,5
53779,127,125,2,2
53780,147,139,8,8
53781,136,127,9,9
53782,68,67,1,1
53783,133,122,11,11
53784,112,108,4,4
53785,73,70,3,3
53786,104,97,7,7
53787,118,114,4,4
53788,84,90,-6,6
53789,66,64,2,2
53790,74,76,-2,2
53791,71,64,7,7
53792,122,119,3,3
53793,88,79,9,9
53794,90,92,-2,2
53795,44,51,-7,7
53796,68,72,-4,4
53797,72,74,-2,2
53798,141,125,16,16
53799,84,107,-23,23
53800,120,114,6,6
53801,46,66,-20,20
53802,59,61,-2,2
53803,136,120,16,16
53804,47,51,-4,4
53805,57,61,-4,4
53806,64,66,-2,2
53807,114,99,15,15
53808,75,68,7,7
53809,72,73,-1,1
53810,58,55,3,3
53811,70,75,-5,5
53812,146,127,19,19
53813,83,93,-10,10
53814,116,134,-18,18
53815,143,140,3,3
53816,118,93,25,25
53817,200,188,12,12
53818,116,93,23,23
53819,124,114,10,10
53820,142,141,1,1
53821,184,167,17,17
53822,137,140,-3,3
53823,76,75,1,1
53824,96,82,14,14
53825,52,51,1,1
53826,91,82,9,9
53827,55,55,0,0
53828,95,86,9,9
53829,59,69,-10,10
53830,145,159,-14,14
53831,84,69,15,15
53832,112,114,-2,2
53833,63,72,-9,9
53834,60,67,-7,7
53835,134,124,10,10
53836,88,80,8,8
53837,72,73,-1,1
53838,107,110,-3,3
53839,74,64,10,10
53840,94,84,10,10
53841,84,73,11,11
53842,55,63,-8,8
53843,30,42,-12,12
53844,31,56,-25,25
53845,77,81,-4,4
53846,74,69,5,5
53847,99,81,18,18
53848,148,153,-5,5
53849,70,72,-2,2
53850,86,75,11,11
53851,124,136,-12,12
53852,144,141,3,3
53853,77,73,4,4
53854,117,101,16,16
53855,78,75,3,3
53856,53,61,-8,8
53857,105,91,14,14
53858,79,63,16,16
53859,127,115,12,12
53860,94,88,6,6
53861,159,158,1,1
53862,90,89,1,1
53863,71,77,-6,6
53864,156,146,10,10
53865,140,148,-8,8
53866,57,62,-5,5
53867,91,83,8,8
53868,61,61,0,0
53869,91,91,0,0
53870,54,60,-6,6
53871,78,81,-3,3
53872,133,117,16,16
53873,121,106,15,15
53874,151,151,0,0
53875,119,110,9,9
53876,76,107,-31,31
53877,98,86,12,12
53878,97,89,8,8
53879,41,60,-19,19
53880,149,176,-27,27
53881,119,112,7,7
53882,80,84,-4,4
53883,67,60,7,7
53884,70,80,-10,10
53885,120,105,15,15
53886,125,124,1,1
53887,76,80,-4,4
53888,77,83,-6,6
53889,89,91,-2,2
53890,63,67,-4,4
53891,163,151,12,12
53892,51,52,-1,1
53893,68,67,1,1
53894,131,131,0,0
53895,109,99,10,10
53896,61,59,2,2
53897,118,129,-11,11
53898,103,94,9,9
53899,137,110,27,27
53900,93,88,5,5
53901,116,89,27,27
53902,61,66,-5,5
53903,80,82,-2,2
53904,88,88,0,0
53905,121,126,-5,5
53906,63,67,-4,4
53907,150,145,5,5
53908,130,127,3,3
53909,112,100,12,12
53910,48,59,-11,11
53911,159,160,-1,1
53912,75,71,4,4
53913,66,66,0,0
53914,75,70,5,5
53915,70,70,0,0
53916,80,71,9,9
53917,95,97,-2,2
53918,57,50,7,7
53919,79,71,8,8
53920,69,62,7,7
53921,60,63,-3,3
53922,115,106,9,9
53923,121,95,26,26
53924,71,65,6,6
53925,88,83,5,5
53926,97,92,5,5
53927,56,64,-8,8
53928,107,94,13,13
53929,35,54,-19,19
53930,112,107,5,5
53931,74,74,0,0
53932,80,75,5,5
53933,89,107,-18,18
53934,81,87,-6,6
53935,142,142,0,0
53936,109,105,4,4
53937,118,101,17,17
53938,93,92,1,1
53939,127,124,3,3
53940,84,77,7,7
53941,135,139,-4,4
53942,128,128,0,0
53943,88,71,17,17
53944,77,91,-14,14
53945,73,75,-2,2
53946,92,90,2,2
53947,163,175,-12,12
53948,117,105,12,12
53949,186,193,-7,7
53950,118,130,-12,12
53951,79,65,14,14
53952,81,85,-4,4
53953,114,126,-12,12
53954,83,74,9,9
53955,89,78,11,11
53956,139,131,8,8
53957,85,84,1,1
53958,52,68,-16,16
53959,112,100,12,12
53960,79,79,0,0
53961,90,82,8,8
53962,102,102,0,0
53963,86,75,11,11
53964,83,72,11,11
53965,149,139,10,10
53966,50,53,-3,3
53967,73,67,6,6
53968,66,79,-13,13
53969,106,107,-1,1
53970,78,73,5,5
53971,85,84,1,1
53972,97,99,-2,2
53973,50,57,-7,7
53974,126,137,-11,11
53975,83,79,4,4
53976,98,85,13,13
53977,75,77,-2,2
53978,93,84,9,9
53979,143,131,12,12
53980,142,118,24,24
53981,55,62,-7,7
53982,68,66,2,2
53983,61,58,3,3
53984,68,75,-7,7
53985,119,98,21,21
53986,85,75,10,10
53987,56,54,2,2
53988,105,104,1,1
53989,74,73,1,1
53990,61,65,-4,4
53991,125,123,2,2
53992,49,54,-5,5
53993,117,126,-9,9
53994,109,96,13,13
53995,108,119,-11,11
53996,153,151,2,2
53997,59,63,-4,4
53998,173,154,19,19
53999,90,85,5,5
54000,102,92,10,10
54001,53,53,0,0
54002,91,96,-5,5
54003,162,129,33,33
54004,129,120,9,9
54005,110,112,-2,2
54006,80,66,14,14
54007,94,85,9,9
54008,107,111,-4,4
54009,57,61,-4,4
54010,109,108,1,1
54011,73,69,4,4
54012,229,242,-13,13
54013,170,172,-2,2
54014,70,71,-1,1
54015,104,105,-1,1
54016,83,79,4,4
54017,101,100,1,1
54018,86,87,-1,1
54019,108,104,4,4
54020,96,87,9,9
54021,80,80,0,0
54022,68,68,0,0
54023,91,86,5,5
54024,112,115,-3,3
54025,122,111,11,11
54026,132,122,10,10
54027,96,93,3,3
54028,81,77,4,4
54029,80,87,-7,7
54030,101,96,5,5
54031,117,106,11,11
54032,100,94,6,6
54033,83,101,-18,18
54034,93,88,5,5
54035,103,104,-1,1
54036,48,54,-6,6
54037,110,104,6,6
54038,128,119,9,9
54039,37,54,-17,17
54040,110,116,-6,6
54041,94,92,2,2
54042,127,138,-11,11
54043,70,64,6,6
54044,112,110,2,2
54045,189,178,11,11
54046,95,102,-7,7
54047,123,129,-6,6
54048,152,150,2,2
54049,85,79,6,6
54050,60,68,-8,8
54051,74,72,2,2
54052,89,90,-1,1
54053,97,95,2,2
54054,159,145,14,14
54055,90,97,-7,7
54056,76,82,-6,6
54057,83,84,-1,1
54058,71,76,-5,5
54059,105,95,10,10
54060,102,101,1,1
54061,161,152,9,9
54062,123,117,6,6
54063,85,82,3,3
54064,41,64,-23,23
54065,165,149,16,16
54066,60,89,-29,29
54067,123,125,-2,2
54068,59,61,-2,2
54069,51,53,-2,2
54070,160,153,7,7
54071,134,146,-12,12
54072,87,89,-2,2
54073,91,80,11,11
54074,52,62,-10,10
54075,111,99,12,12
54076,139,140,-1,1
54077,65,67,-2,2
54078,96,85,11,11
54079,92,86,6,6
54080,77,89,-12,12
54081,106,114,-8,8
54082,194,203,-9,9
54083,127,125,2,2
54084,121,98,23,23
54085,140,154,-14,14
54086,129,127,2,2
54087,59,58,1,1
54088,82,80,2,2
54089,59,61,-2,2
54090,98,87,11,11
54091,214,204,10,10
54092,107,94,13,13
54093,122,125,-3,3
54094,75,72,3,3
54095,52,47,5,5
54096,129,112,17,17
54097,59,64,-5,5
54098,64,71,-7,7
54099,144,147,-3,3
54100,99,93,6,6
54101,156,143,13,13
54102,173,161,12,12
54103,82,77,5,5
54104,145,131,14,14
54105,105,94,11,11
54106,102,108,-6,6
54107,69,71,-2,2
54108,51,53,-2,2
54109,44,62,-18,18
54110,30,49,-19,19
54111,118,106,12,12
54112,85,76,9,9
54113,70,72,-2,2
54114,61,57,4,4
54115,69,69,0,0
54116,81,75,6,6
54117,68,62,6,6
54118,149,143,6,6
54119,47,68,-21,21
54120,53,64,-11,11
54121,143,127,16,16
54122,91,99,-8,8
54123,93,98,-5,5
54124,45,59,-14,14
54125,122,123,-1,1
54126,112,106,6,6
54127,165,145,20,20
54128,57,62,-5,5
54129,101,92,9,9
54130,54,75,-21,21
54131,55,62,-7,7
54132,74,69,5,5
54133,95,84,11,11
54134,58,97,-39,39
54135,114,130,-16,16
54136,73,84,-11,11
54137,81,78,3,3
54138,63,56,7,7
54139,139,144,-5,5
54140,96,93,3,3
54141,111,105,6,6
54142,157,146,11,11
54143,167,164,3,3
54144,166,141,25,25
54145,115,117,-2,2
54146,80,70,10,10
54147,166,152,14,14
54148,89,86,3,3
54149,69,70,-1,1
54150,34,47,-13,13
54151,92,80,12,12
54152,81,93,-12,12
54153,131,131,0,0
54154,65,69,-4,4
54155,107,106,1,1
54156,61,60,1,1
54157,77,77,0,0
54158,92,95,-3,3
54159,175,183,-8,8
54160,154,150,4,4
54161,101,106,-5,5
54162,96,87,9,9
54163,82,78,4,4
54164,72,66,6,6
54165,60,59,1,1
54166,137,128,9,9
54167,44,54,-10,10
54168,77,68,9,9
54169,111,107,4,4
54170,41,57,-16,16
54171,119,102,17,17
54172,83,77,6,6
54173,108,93,15,15
54174,128,112,16,16
54175,76,88,-12,12
54176,41,51,-10,10
54177,79,82,-3,3
54178,175,159,16,16
54179,115,106,9,9
54180,87,84,3,3
54181,136,123,13,13
54182,76,74,2,2
54183,107,109,-2,2
54184,86,85,1,1
54185,118,104,14,14
54186,98,88,10,10
54187,73,70,3,3
54188,176,173,3,3
54189,110,96,14,14
54190,73,75,-2,2
54191,73,75,-2,2
54192,109,113,-4,4
54193,96,98,-2,2
54194,128,119,9,9
54195,65,67,-2,2
54196,81,85,-4,4
54197,76,67,9,9
54198,81,90,-9,9
54199,55,55,0,0
54200,93,95,-2,2
54201,138,143,-5,5
54202,127,121,6,6
54203,110,95,15,15
54204,97,91,6,6
54205,106,112,-6,6
54206,70,73,-3,3
54207,84,94,-10,10
54208,103,99,4,4
54209,109,93,16,16
54210,82,78,4,4
54211,82,79,3,3
54212,75,77,-2,2
54213,96,93,3,3
54214,74,70,4,4
54215,50,62,-12,12
54216,80,73,7,7
54217,129,146,-17,17
54218,127,127,0,0
54219,101,99,2,2
54220,94,102,-8,8
54221,80,84,-4,4
54222,51,63,-12,12
54223,98,97,1,1
54224,93,88,5,5
54225,138,117,21,21
54226,127,118,9,9
54227,115,105,10,10
54228,57,62,-5,5
54229,62,63,-1,1
54230,125,122,3,3
54231,74,79,-5,5
54232,104,90,14,14
54233,112,111,1,1
54234,101,92,9,9
54235,81,72,9,9
54236,58,65,-7,7
54237,98,87,11,11
54238,60,62,-2,2
54239,60,62,-2,2
54240,119,109,10,10
54241,92,88,4,4
54242,79,81,-2,2
54243,72,67,5,5
54244,59,61,-2,2
54245,53,62,-9,9
54246,133,126,7,7
54247,81,83,-2,2
54248,167,151,16,16
54249,110,105,5,5
54250,62,72,-10,10
54251,77,77,0,0
54252,81,87,-6,6
54253,108,85,23,23
54254,107,94,13,13
54255,56,62,-6,6
54256,74,69,5,5
54257,55,74,-19,19
54258,41,50,-9,9
54259,95,89,6,6
54260,80,80,0,0
54261,107,101,6,6
54262,89,94,-5,5
54263,69,77,-8,8
54264,89,91,-2,2
54265,125,111,14,14
54266,139,145,-6,6
54267,63,71,-8,8
54268,79,73,6,6
54269,111,114,-3,3
54270,80,78,2,2
54271,89,96,-7,7
54272,65,80,-15,15
54273,139,140,-1,1
54274,105,96,9,9
54275,59,64,-5,5
54276,108,95,13,13
54277,71,75,-4,4
54278,57,69,-12,12
54279,65,63,2,2
54280,66,61,5,5
54281,171,180,-9,9
54282,69,78,-9,9
54283,137,118,19,19
54284,62,68,-6,6
54285,92,90,2,2
54286,87,71,16,16
54287,131,120,11,11
54288,160,158,2,2
54289,78,79,-1,1
54290,82,83,-1,1
54291,152,186,-34,34
54292,34,43,-9,9
54293,80,92,-12,12
54294,201,188,13,13
54295,89,90,-1,1
54296,88,91,-3,3
54297,137,129,8,8
54298,58,64,-6,6
54299,87,98,-11,11
54300,106,114,-8,8
54301,67,67,0,0
54302,57,63,-6,6
54303,83,81,2,2
54304,105,99,6,6
54305,187,167,20,20
54306,92,88,4,4
54307,43,53,-10,10
54308,130,133,-3,3
54309,103,90,13,13
54310,79,69,10,10
54311,176,182,-6,6
54312,120,98,22,22
54313,75,65,10,10
54314,75,76,-1,1
54315,77,75,2,2
54316,87,78,9,9
54317,49,53,-4,4
54318,164,141,23,23
54319,142,134,8,8
54320,136,132,4,4
54321,51,65,-14,14
54322,79,87,-8,8
54323,173,171,2,2
54324,118,111,7,7
54325,75,80,-5,5
54326,87,92,-5,5
54327,66,68,-2,2
54328,67,71,-4,4
54329,124,120,4,4
54330,62,66,-4,4
54331,88,89,-1,1
54332,87,78,9,9
54333,125,127,-2,2
54334,107,78,29,29
54335,65,58,7,7
54336,50,50,0,0
54337,80,68,12,12
54338,166,168,-2,2
54339,142,136,6,6
54340,171,174,-3,3
54341,57,55,2,2
54342,87,85,2,2
54343,106,86,20,20
54344,95,98,-3,3
54345,108,89,19,19
54346,105,90,15,15
54347,112,111,1,1
54348,101,92,9,9
54349,89,89,0,0
54350,49,57,-8,8
54351,84,83,1,1
54352,101,99,2,2
54353,66,61,5,5
54354,83,79,4,4
54355,58,59,-1,1
54356,85,79,6,6
54357,91,117,-26,26
54358,53,72,-19,19
54359,94,87,7,7
54360,97,77,20,20
54361,76,80,-4,4
54362,45,53,-8,8
54363,49,65,-16,16
54364,150,136,14,14
54365,104,101,3,3
54366,111,116,-5,5
54367,68,58,10,10
54368,93,100,-7,7
54369,100,104,-4,4
54370,107,102,5,5
54371,121,114,7,7
54372,60,65,-5,5
54373,134,131,3,3
54374,127,125,2,2
54375,76,74,2,2
54376,122,109,13,13
54377,71,68,3,3
54378,73,72,1,1
54379,74,68,6,6
54380,133,123,10,10
54381,78,64,14,14
54382,60,75,-15,15
54383,112,130,-18,18
54384,87,97,-10,10
54385,105,97,8,8
54386,62,66,-4,4
54387,76,71,5,5
54388,124,111,13,13
54389,108,114,-6,6
54390,63,62,1,1
54391,192,188,4,4
54392,63,82,-19,19
54393,94,96,-2,2
54394,76,89,-13,13
54395,153,149,4,4
54396,145,137,8,8
54397,118,122,-4,4
54398,144,149,-5,5
54399,80,82,-2,2
54400,81,79,2,2
54401,167,146,21,21
54402,112,85,27,27
54403,87,87,0,0
54404,114,80,34,34
54405,96,97,-1,1
54406,72,76,-4,4
54407,148,145,3,3
54408,105,104,1,1
54409,138,144,-6,6
54410,80,74,6,6
54411,79,74,5,5
54412,92,88,4,4
54413,104,98,6,6
54414,60,74,-14,14
54415,179,170,9,9
54416,86,86,0,0
54417,32,57,-25,25
54418,134,102,32,32
54419,71,71,0,0
54420,93,89,4,4
54421,112,96,16,16
54422,117,116,1,1
54423,112,106,6,6
54424,83,82,1,1
54425,111,107,4,4
54426,143,131,12,12
54427,84,66,18,18
54428,58,61,-3,3
54429,78,78,0,0
54430,116,98,18,18
54431,120,104,16,16
54432,102,101,1,1
54433,155,69,86,86
54434,106,104,2,2
54435,79,70,9,9
54436,111,111,0,0
54437,72,72,0,0
54438,59,57,2,2
54439,139,147,-8,8
54440,119,108,11,11
54441,100,85,15,15
54442,59,70,-11,11
54443,67,73,-6,6
54444,149,154,-5,5
54445,74,67,7,7
54446,96,92,4,4
54447,196,209,-13,13
54448,144,136,8,8
54449,101,93,8,8
54450,80,90,-10,10
54451,76,85,-9,9
54452,96,91,5,5
54453,112,97,15,15
54454,73,81,-8,8
54455,126,103,23,23
54456,92,86,6,6
54457,125,135,-10,10
54458,64,69,-5,5
54459,146,141,5,5
54460,77,99,-22,22
54461,148,140,8,8
54462,126,116,10,10
54463,95,97,-2,2
54464,58,64,-6,6
54465,146,129,17,17
54466,148,133,15,15
54467,104,100,4,4
54468,129,101,28,28
54469,60,64,-4,4
54470,83,83,0,0
54471,67,60,7,7
54472,132,119,13,13
54473,82,89,-7,7
54474,34,56,-22,22
54475,76,75,1,1
54476,116,118,-2,2
54477,119,131,-12,12
54478,96,97,-1,1
54479,138,121,17,17
54480,80,79,1,1
54481,109,104,5,5
54482,103,99,4,4
54483,57,67,-10,10
54484,41,52,-11,11
54485,121,117,4,4
54486,87,75,12,12
54487,125,123,2,2
54488,82,93,-11,11
54489,36,45,-9,9
54490,63,61,2,2
54491,112,115,-3,3
54492,90,77,13,13
54493,110,120,-10,10
54494,184,178,6,6
54495,97,95,2,2
54496,64,60,4,4
54497,115,104,11,11
54498,85,81,4,4
54499,60,65,-5,5
54500,68,72,-4,4
54501,118,110,8,8
54502,56,65,-9,9
54503,49,63,-14,14
54504,92,85,7,7
54505,62,58,4,4
54506,131,122,9,9
54507,125,120,5,5
54508,146,150,-4,4
54509,78,78,0,0
54510,69,70,-1,1
54511,76,69,7,7
54512,66,63,3,3
54513,71,71,0,0
54514,97,90,7,7
54515,264,241,23,23
54516,38,44,-6,6
54517,134,138,-4,4
54518,70,71,-1,1
54519,67,71,-4,4
54520,128,117,11,11
54521,138,107,31,31
54522,101,111,-10,10
54523,76,67,9,9
54524,42,54,-12,12
54525,138,114,24,24
54526,126,115,11,11
54527,80,68,12,12
54528,61,61,0,0
54529,105,88,17,17
54530,113,104,9,9
54531,96,100,-4,4
54532,97,88,9,9
54533,74,84,-10,10
54534,129,123,6,6
54535,83,76,7,7
54536,87,81,6,6
54537,72,61,11,11
54538,120,110,10,10
54539,95,110,-15,15
54540,62,67,-5,5
54541,54,51,3,3
54542,80,75,5,5
54543,109,99,10,10
54544,90,78,12,12
54545,30,101,-71,71
54546,103,94,9,9
54547,91,100,-9,9
54548,92,80,12,12
54549,79,84,-5,5
54550,120,113,7,7
54551,131,124,7,7
54552,91,86,5,5
54553,64,67,-3,3
54554,106,95,11,11
54555,81,75,6,6
54556,86,83,3,3
54557,190,211,-21,21
54558,80,73,7,7
54559,108,112,-4,4
54560,136,131,5,5
54561,84,78,6,6
54562,122,119,3,3
54563,80,69,11,11
54564,80,69,11,11
54565,143,140,3,3
54566,31,46,-15,15
54567,96,91,5,5
54568,74,69,5,5
54569,130,118,12,12
54570,99,92,7,7
54571,90,94,-4,4
54572,89,79,10,10
54573,122,107,15,15
54574,116,110,6,6
54575,111,114,-3,3
54576,129,113,16,16
54577,97,91,6,6
54578,122,100,22,22
54579,94,114,-20,20
54580,78,78,0,0
54581,101,92,9,9
54582,77,84,-7,7
54583,99,114,-15,15
54584,91,113,-22,22
54585,74,75,-1,1
54586,120,117,3,3
54587,109,95,14,14
54588,54,72,-18,18
54589,105,89,16,16
54590,140,156,-16,16
54591,175,174,1,1
54592,103,84,19,19
54593,80,83,-3,3
54594,71,69,2,2
54595,101,90,11,11
54596,91,90,1,1
54597,75,86,-11,11
54598,51,56,-5,5
54599,59,65,-6,6
54600,108,102,6,6
54601,198,185,13,13
54602,48,55,-7,7
54603,117,123,-6,6
54604,44,52,-8,8
54605,105,102,3,3
54606,78,76,2,2
54607,92,94,-2,2
54608,89,82,7,7
54609,68,62,6,6
54610,50,48,2,2
54611,83,76,7,7
54612,71,70,1,1
54613,96,111,-15,15
54614,146,147,-1,1
54615,134,102,32,32
54616,73,82,-9,9
54617,84,105,-21,21
54618,86,86,0,0
54619,152,139,13,13
54620,59,67,-8,8
54621,183,177,6,6
54622,50,58,-8,8
54623,83,78,5,5
54624,103,96,7,7
54625,63,71,-8,8
54626,58,66,-8,8
54627,79,78,1,1
54628,65,83,-18,18
54629,50,52,-2,2
54630,89,81,8,8
54631,132,115,17,17
54632,91,94,-3,3
54633,79,79,0,0
54634,89,85,4,4
54635,117,122,-5,5
54636,89,82,7,7
54637,109,117,-8,8
54638,124,122,2,2
54639,97,90,7,7
54640,131,134,-3,3
54641,86,78,8,8
54642,77,78,-1,1
54643,96,91,5,5
54644,94,90,4,4
54645,74,82,-8,8
54646,129,120,9,9
54647,104,98,6,6
54648,113,120,-7,7
54649,99,94,5,5
54650,63,70,-7,7
54651,95,89,6,6
54652,68,69,-1,1
54653,194,165,29,29
54654,99,113,-14,14
54655,123,135,-12,12
54656,119,112,7,7
54657,108,95,13,13
54658,66,76,-10,10
54659,60,66,-6,6
54660,58,57,1,1
54661,183,159,24,24
54662,190,200,-10,10
54663,165,151,14,14
54664,80,80,0,0
54665,166,155,11,11
54666,123,129,-6,6
54667,131,140,-9,9
54668,62,63,-1,1
54669,83,72,11,11
54670,125,119,6,6
54671,103,107,-4,4
54672,101,109,-8,8
54673,95,90,5,5
54674,59,65,-6,6
54675,107,88,19,19
54676,79,73,6,6
54677,87,69,18,18
54678,84,78,6,6
54679,67,65,2,2
54680,75,71,4,4
54681,85,79,6,6
54682,89,78,11,11
54683,105,116,-11,11
54684,71,78,-7,7
54685,150,127,23,23
54686,59,62,-3,3
54687,86,81,5,5
54688,85,78,7,7
54689,110,110,0,0
54690,76,82,-6,6
54691,100,88,12,12
54692,109,89,20,20
54693,110,103,7,7
54694,97,106,-9,9
54695,109,106,3,3
54696,188,188,0,0
54697,52,60,-8,8
54698,56,61,-5,5
54699,87,84,3,3
54700,72,70,2,2
54701,171,174,-3,3
54702,109,112,-3,3
54703,86,94,-8,8
54704,140,135,5,5
54705,113,101,12,12
54706,89,84,5,5
54707,102,96,6,6
54708,82,69,13,13
54709,87,80,7,7
54710,85,80,5,5
54711,150,141,9,9
54712,151,138,13,13
54713,65,74,-9,9
54714,150,151,-1,1
54715,102,101,1,1
54716,88,73,15,15
54717,108,107,1,1
54718,38,54,-16,16
54719,123,123,0,0
54720,92,76,16,16
54721,120,102,18,18
54722,108,95,13,13
54723,72,66,6,6
54724,62,63,-1,1
54725,105,109,-4,4
54726,71,85,-14,14
54727,99,89,10,10
54728,88,81,7,7
54729,79,90,-11,11
54730,86,82,4,4
54731,116,106,10,10
54732,74,76,-2,2
54733,93,90,3,3
54734,198,121,77,77
54735,96,87,9,9
54736,78,75,3,3
54737,57,60,-3,3
54738,45,63,-18,18
54739,140,132,8,8
54740,76,69,7,7
54741,88,81,7,7
54742,127,124,3,3
54743,50,71,-21,21
54744,101,108,-7,7
54745,71,84,-13,13
54746,141,129,12,12
54747,110,125,-15,15
54748,144,122,22,22
54749,114,120,-6,6
54750,66,61,5,5
54751,90,103,-13,13
54752,83,75,8,8
54753,143,123,20,20
54754,81,65,16,16
54755,41,49,-8,8
54756,165,152,13,13
54757,92,95,-3,3
54758,43,69,-26,26
54759,84,66,18,18
54760,58,75,-17,17
54761,74,77,-3,3
54762,102,73,29,29
54763,62,67,-5,5
54764,115,107,8,8
54765,93,92,1,1
54766,155,143,12,12
54767,173,188,-15,15
54768,145,137,8,8
54769,75,73,2,2
54770,116,106,10,10
54771,114,114,0,0
54772,115,117,-2,2
54773,123,113,10,10
54774,86,95,-9,9
54775,95,86,9,9
54776,59,58,1,1
54777,123,124,-1,1
54778,111,112,-1,1
54779,109,122,-13,13
54780,92,85,7,7
54781,118,127,-9,9
54782,42,55,-13,13
54783,65,71,-6,6
54784,74,70,4,4
54785,144,155,-11,11
54786,139,121,18,18
54787,71,73,-2,2
54788,66,58,8,8
54789,81,79,2,2
54790,103,104,-1,1
54791,65,65,0,0
54792,137,157,-20,20
54793,86,80,6,6
54794,64,59,5,5
54795,96,95,1,1
54796,76,77,-1,1
54797,56,63,-7,7
54798,59,64,-5,5
54799,70,71,-1,1
54800,79,73,6,6
54801,92,75,17,17
54802,64,74,-10,10
54803,141,151,-10,10
54804,111,101,10,10
54805,123,109,14,14
54806,55,59,-4,4
54807,58,62,-4,4
54808,105,87,18,18
54809,124,107,17,17
54810,76,78,-2,2
54811,72,83,-11,11
54812,68,83,-15,15
54813,39,53,-14,14
54814,83,75,8,8
54815,90,81,9,9
54816,84,58,26,26
54817,131,121,10,10
54818,100,90,10,10
54819,68,61,7,7
54820,199,195,4,4
54821,111,111,0,0
54822,63,62,1,1
54823,112,101,11,11
54824,58,67,-9,9
54825,167,155,12,12
54826,167,161,6,6
54827,204,198,6,6
54828,88,84,4,4
54829,112,116,-4,4
54830,109,105,4,4
54831,74,65,9,9
54832,118,120,-2,2
54833,114,109,5,5
54834,52,57,-5,5
54835,79,77,2,2
54836,63,62,1,1
54837,34,55,-21,21
54838,75,77,-2,2
54839,66,76,-10,10
54840,165,183,-18,18
54841,140,116,24,24
54842,68,70,-2,2
54843,119,105,14,14
54844,109,113,-4,4
54845,79,71,8,8
54846,96,78,18,18
54847,96,84,12,12
54848,58,58,0,0
54849,99,99,0,0
54850,68,77,-9,9
54851,61,63,-2,2
54852,89,98,-9,9
54853,135,135,0,0
54854,60,67,-7,7
54855,92,95,-3,3
54856,84,69,15,15
54857,84,89,-5,5
54858,94,90,4,4
54859,101,106,-5,5
54860,119,112,7,7
54861,139,144,-5,5
54862,84,81,3,3
54863,204,170,34,34
54864,97,89,8,8
54865,79,89,-10,10
54866,101,98,3,3
54867,86,77,9,9
54868,84,77,7,7
54869,67,71,-4,4
54870,98,95,3,3
54871,79,78,1,1
54872,90,81,9,9
54873,62,60,2,2
54874,65,72,-7,7
54875,62,74,-12,12
54876,41,52,-11,11
54877,140,129,11,11
54878,167,157,10,10
54879,129,133,-4,4
54880,170,205,-35,35
54881,76,72,4,4
54882,88,90,-2,2
54883,57,66,-9,9
54884,55,62,-7,7
54885,81,69,12,12
54886,142,132,10,10
54887,118,104,14,14
54888,66,60,6,6
54889,61,64,-3,3
54890,97,103,-6,6
54891,88,84,4,4
54892,101,101,0,0
54893,64,82,-18,18
54894,116,107,9,9
54895,90,75,15,15
54896,87,82,5,5
54897,98,82,16,16
54898,111,107,4,4
54899,67,65,2,2
54900,51,64,-13,13
54901,123,122,1,1
54902,59,63,-4,4
54903,67,61,6,6
54904,48,53,-5,5
54905,52,64,-12,12
54906,180,185,-5,5
54907,61,59,2,2
54908,162,147,15,15
54909,76,80,-4,4
54910,57,53,4,4
54911,90,89,1,1
54912,55,62,-7,7
54913,103,103,0,0
54914,72,75,-3,3
54915,70,66,4,4
54916,154,145,9,9
54917,113,105,8,8
54918,108,106,2,2
54919,50,71,-21,21
54920,45,56,-11,11
54921,71,64,7,7
54922,132,131,1,1
54923,164,164,0,0
54924,100,108,-8,8
54925,46,57,-11,11
54926,85,75,10,10
54927,88,84,4,4
54928,107,109,-2,2
54929,84,73,11,11
54930,48,49,-1,1
54931,98,92,6,6
54932,154,155,-1,1
54933,115,110,5,5
54934,69,62,7,7
54935,47,65,-18,18
54936,79,72,7,7
54937,74,68,6,6
54938,77,76,1,1
54939,52,59,-7,7
54940,146,133,13,13
54941,74,84,-10,10
54942,122,117,5,5
54943,83,109,-26,26
54944,134,105,29,29
54945,113,105,8,8
54946,113,102,11,11
54947,100,110,-10,10
54948,77,75,2,2
54949,91,86,5,5
54950,112,144,-32,32
54951,109,94,15,15
54952,97,90,7,7
54953,156,159,-3,3
54954,128,118,10,10
54955,88,87,1,1
54956,68,65,3,3
54957,69,72,-3,3
54958,137,133,4,4
54959,68,71,-3,3
54960,65,68,-3,3
54961,93,81,12,12
54962,58,56,2,2
54963,55,60,-5,5
54964,121,119,2,2
54965,133,133,0,0
54966,50,62,-12,12
54967,228,225,3,3
54968,101,93,8,8
54969,51,55,-4,4
54970,89,82,7,7
54971,63,70,-7,7
54972,70,78,-8,8
54973,41,59,-18,18
54974,114,107,7,7
54975,65,65,0,0
54976,83,84,-1,1
54977,61,68,-7,7
54978,68,68,0,0
54979,107,112,-5,5
54980,70,148,-78,78
54981,122,109,13,13
54982,44,55,-11,11
54983,138,131,7,7
54984,178,192,-14,14
54985,94,82,12,12
54986,107,92,15,15
54987,63,65,-2,2
54988,84,92,-8,8
54989,124,113,11,11
54990,68,75,-7,7
54991,78,78,0,0
54992,177,181,-4,4
54993,49,64,-15,15
54994,60,64,-4,4
54995,63,77,-14,14
54996,39,66,-27,27
54997,88,81,7,7
54998,150,150,0,0
54999,105,105,0,0
55000,88,83,5,5
55001,58,52,6,6
55002,47,59,-12,12
55003,135,117,18,18
55004,101,92,9,9
55005,61,67,-6,6
55006,114,94,20,20
55007,75,69,6,6
55008,88,81,7,7
55009,69,63,6,6
55010,95,84,11,11
55011,120,141,-21,21
55012,148,151,-3,3
55013,80,83,-3,3
55014,54,65,-11,11
55015,85,83,2,2
55016,123,75,48,48
55017,101,106,-5,5
55018,108,108,0,0
55019,62,65,-3,3
55020,68,81,-13,13
55021,55,62,-7,7
55022,103,104,-1,1
55023,115,105,10,10
55024,94,79,15,15
55025,77,79,-2,2
55026,146,125,21,21
55027,62,62,0,0
55028,57,61,-4,4
55029,204,194,10,10
55030,52,66,-14,14
55031,111,134,-23,23
55032,67,65,2,2
55033,116,110,6,6
55034,168,163,5,5
55035,47,66,-19,19
55036,75,66,9,9
55037,92,91,1,1
55038,139,138,1,1
55039,130,117,13,13
55040,118,110,8,8
55041,72,77,-5,5
55042,90,92,-2,2
55043,104,72,32,32
55044,99,105,-6,6
55045,98,101,-3,3
55046,84,77,7,7
55047,106,84,22,22
55048,69,69,0,0
55049,72,78,-6,6
55050,86,89,-3,3
55051,122,105,17,17
55052,103,78,25,25
55053,113,113,0,0
55054,70,65,5,5
55055,73,87,-14,14
55056,79,74,5,5
55057,102,86,16,16
55058,79,77,2,2
55059,67,66,1,1
55060,61,57,4,4
55061,78,83,-5,5
55062,83,73,10,10
55063,91,80,11,11
55064,49,63,-14,14
55065,64,65,-1,1
55066,76,76,0,0
55067,155,152,3,3
55068,90,88,2,2
55069,78,95,-17,17
55070,67,71,-4,4
55071,112,105,7,7
55072,90,86,4,4
55073,98,82,16,16
55074,93,92,1,1
55075,103,111,-8,8
55076,64,74,-10,10
55077,94,94,0,0
55078,58,68,-10,10
55079,76,78,-2,2
55080,153,154,-1,1
55081,96,80,16,16
55082,151,151,0,0
55083,60,61,-1,1
55084,87,77,10,10
55085,30,46,-16,16
55086,83,79,4,4
55087,107,109,-2,2
55088,114,104,10,10
55089,74,66,8,8
55090,99,119,-20,20
55091,120,114,6,6
55092,89,83,6,6
55093,215,224,-9,9
55094,53,59,-6,6
55095,74,74,0,0
55096,112,105,7,7
55097,76,68,8,8
55098,69,64,5,5
55099,146,122,24,24
55100,92,87,5,5
55101,72,69,3,3
55102,184,177,7,7
55103,50,53,-3,3
55104,82,75,7,7
55105,90,74,16,16
55106,152,137,15,15
55107,41,52,-11,11
55108,149,146,3,3
55109,83,73,10,10
55110,45,56,-11,11
55111,225,224,1,1
55112,169,154,15,15
55113,44,55,-11,11
55114,118,114,4,4
55115,108,102,6,6
55116,125,121,4,4
55117,124,113,11,11
55118,65,82,-17,17
55119,164,155,9,9
55120,138,137,1,1
55121,87,79,8,8
55122,51,61,-10,10
55123,98,96,2,2
55124,64,66,-2,2
55125,63,61,2,2
55126,101,101,0,0
55127,90,85,5,5
55128,104,90,14,14
55129,140,131,9,9
55130,121,104,17,17
55131,107,109,-2,2
55132,85,86,-1,1
55133,116,116,0,0
55134,55,66,-11,11
55135,74,78,-4,4
55136,178,136,42,42
55137,134,110,24,24
55138,62,76,-14,14
55139,113,105,8,8
55140,75,72,3,3
55141,84,80,4,4
55142,88,73,15,15
55143,68,81,-13,13
55144,46,52,-6,6
55145,150,169,-19,19
55146,99,76,23,23
55147,108,91,17,17
55148,118,61,57,57
55149,48,54,-6,6
55150,104,81,23,23
55151,73,63,10,10
55152,109,106,3,3
55153,62,64,-2,2
55154,91,70,21,21
55155,119,111,8,8
55156,157,148,9,9
55157,117,112,5,5
55158,60,60,0,0
55159,90,79,11,11
55160,102,100,2,2
55161,100,92,8,8
55162,99,91,8,8
55163,108,88,20,20
55164,90,85,5,5
55165,120,115,5,5
55166,97,90,7,7
55167,78,85,-7,7
55168,105,103,2,2
55169,160,157,3,3
55170,143,133,10,10
55171,112,116,-4,4
55172,152,127,25,25
55173,153,139,14,14
55174,65,69,-4,4
55175,66,72,-6,6
55176,63,65,-2,2
55177,55,81,-26,26
55178,75,77,-2,2
55179,91,86,5,5
55180,81,78,3,3
55181,138,130,8,8
55182,120,111,9,9
55183,86,82,4,4
55184,75,67,8,8
55185,15,56,-41,41
55186,71,71,0,0
55187,158,146,12,12
55188,102,80,22,22
55189,58,63,-5,5
55190,54,56,-2,2
55191,77,67,10,10
55192,82,80,2,2
55193,69,66,3,3
55194,92,94,-2,2
55195,132,132,0,0
55196,109,98,11,11
55197,192,174,18,18
55198,62,63,-1,1
55199,41,56,-15,15
55200,120,113,7,7
55201,82,73,9,9
55202,116,109,7,7
55203,44,55,-11,11
55204,87,80,7,7
55205,63,73,-10,10
55206,75,86,-11,11
55207,106,94,12,12
55208,198,190,8,8
55209,87,78,9,9
55210,45,74,-29,29
55211,95,89,6,6
55212,128,121,7,7
55213,72,70,2,2
55214,80,76,4,4
55215,144,162,-18,18
55216,83,77,6,6
55217,138,135,3,3
55218,107,96,11,11
55219,42,56,-14,14
55220,105,102,3,3
55221,129,118,11,11
55222,78,80,-2,2
55223,157,139,18,18
55224,135,126,9,9
55225,38,67,-29,29
55226,174,152,22,22
55227,83,81,2,2
55228,79,74,5,5
55229,172,161,11,11
55230,76,69,7,7
55231,106,106,0,0
55232,102,106,-4,4
55233,60,68,-8,8
55234,160,153,7,7
55235,58,60,-2,2
55236,66,63,3,3
55237,93,84,9,9
55238,97,90,7,7
55239,99,101,-2,2
55240,232,242,-10,10
55241,111,102,9,9
55242,57,69,-12,12
55243,92,99,-7,7
55244,70,64,6,6
55245,58,72,-14,14
55246,58,56,2,2
55247,80,89,-9,9
55248,119,90,29,29
55249,111,92,19,19
55250,73,73,0,0
55251,72,74,-2,2
55252,98,91,7,7
55253,114,122,-8,8
55254,115,96,19,19
55255,180,53,127,127
55256,137,142,-5,5
55257,106,81,25,25
55258,116,114,2,2
55259,161,161,0,0
55260,53,59,-6,6
55261,160,154,6,6
55262,105,107,-2,2
55263,85,74,11,11
55264,137,137,0,0
55265,78,75,3,3
55266,152,160,-8,8
55267,107,94,13,13
55268,61,60,1,1
55269,113,89,24,24
55270,145,136,9,9
55271,125,113,12,12
55272,63,64,-1,1
55273,83,78,5,5
55274,139,119,20,20
55275,79,66,13,13
55276,136,129,7,7
55277,77,82,-5,5
55278,101,92,9,9
55279,54,63,-9,9
55280,103,104,-1,1
55281,84,65,19,19
55282,62,60,2,2
55283,149,144,5,5
55284,52,53,-1,1
55285,143,143,0,0
55286,185,188,-3,3
55287,121,110,11,11
55288,93,104,-11,11
55289,89,90,-1,1
55290,71,74,-3,3
55291,96,82,14,14
55292,92,88,4,4
55293,132,119,13,13
55294,110,114,-4,4
55295,81,83,-2,2
55296,138,119,19,19
55297,121,132,-11,11
55298,136,128,8,8
55299,108,113,-5,5
55300,102,96,6,6
55301,107,103,4,4
55302,123,124,-1,1
55303,78,74,4,4
55304,123,129,-6,6
55305,191,175,16,16
55306,83,83,0,0
55307,66,76,-10,10
55308,147,140,7,7
55309,75,71,4,4
55310,142,153,-11,11
55311,54,62,-8,8
55312,79,87,-8,8
55313,65,56,9,9
55314,69,61,8,8
55315,92,85,7,7
55316,116,88,28,28
55317,138,110,28,28
55318,60,66,-6,6
55319,113,107,6,6
55320,107,100,7,7
55321,71,78,-7,7
55322,87,77,10,10
55323,66,61,5,5
55324,115,115,0,0
55325,88,92,-4,4
55326,59,61,-2,2
55327,109,98,11,11
55328,101,105,-4,4
55329,99,89,10,10
55330,84,77,7,7
55331,79,73,6,6
55332,144,125,19,19
55333,74,79,-5,5
55334,67,64,3,3
55335,79,90,-11,11
55336,69,59,10,10
55337,64,71,-7,7
55338,74,73,1,1
55339,122,146,-24,24
55340,88,94,-6,6
55341,85,97,-12,12
55342,135,153,-18,18
55343,150,139,11,11
55344,120,113,7,7
55345,85,82,3,3
55346,87,89,-2,2
55347,69,70,-1,1
55348,136,117,19,19
55349,139,114,25,25
55350,81,73,8,8
55351,88,84,4,4
55352,117,111,6,6
55353,127,137,-10,10
55354,83,82,1,1
55355,53,64,-11,11
55356,41,47,-6,6
55357,97,94,3,3
55358,169,176,-7,7
55359,112,106,6,6
55360,38,57,-19,19
55361,84,84,0,0
55362,67,69,-2,2
55363,92,82,10,10
55364,110,101,9,9
55365,88,89,-1,1
55366,78,75,3,3
55367,84,87,-3,3
55368,69,65,4,4
55369,99,95,4,4
55370,101,113,-12,12
55371,86,89,-3,3
55372,102,99,3,3
55373,60,74,-14,14
55374,54,68,-14,14
55375,111,113,-2,2
55376,138,126,12,12
55377,82,76,6,6
55378,96,105,-9,9
55379,62,64,-2,2
55380,161,146,15,15
55381,73,80,-7,7
55382,92,97,-5,5
55383,115,112,3,3
55384,150,141,9,9
55385,78,77,1,1
55386,93,89,4,4
55387,80,74,6,6
55388,88,81,7,7
55389,89,88,1,1
55390,107,101,6,6
55391,76,70,6,6
55392,115,119,-4,4
55393,96,92,4,4
55394,119,110,9,9
55395,56,66,-10,10
55396,100,77,23,23
55397,101,97,4,4
55398,89,74,15,15
55399,75,73,2,2
55400,106,96,10,10
55401,68,69,-1,1
55402,69,65,4,4
55403,83,72,11,11
55404,85,97,-12,12
55405,130,122,8,8
55406,64,67,-3,3
55407,44,55,-11,11
55408,83,73,10,10
55409,54,88,-34,34
55410,130,110,20,20
55411,91,93,-2,2
55412,59,71,-12,12
55413,109,96,13,13
55414,145,133,12,12
55415,65,54,11,11
55416,50,52,-2,2
55417,147,132,15,15
55418,90,90,0,0
55419,143,143,0,0
55420,97,97,0,0
55421,111,103,8,8
55422,63,59,4,4
55423,70,85,-15,15
55424,109,90,19,19
55425,108,116,-8,8
55426,149,151,-2,2
55427,98,88,10,10
55428,137,133,4,4
55429,45,53,-8,8
55430,95,88,7,7
55431,59,69,-10,10
55432,71,69,2,2
55433,117,118,-1,1
55434,73,76,-3,3
55435,80,66,14,14
55436,168,139,29,29
55437,149,155,-6,6
55438,53,56,-3,3
55439,65,80,-15,15
55440,160,147,13,13
55441,83,83,0,0
55442,88,79,9,9
55443,98,84,14,14
55444,51,59,-8,8
55445,54,60,-6,6
55446,70,74,-4,4
55447,80,76,4,4
55448,169,146,23,23
55449,109,103,6,6
55450,57,56,1,1
55451,119,114,5,5
55452,238,210,28,28
55453,132,130,2,2
55454,78,84,-6,6
55455,88,83,5,5
55456,85,85,0,0
55457,27,52,-25,25
55458,62,76,-14,14
55459,131,118,13,13
55460,138,129,9,9
55461,43,86,-43,43
55462,58,69,-11,11
55463,76,76,0,0
55464,72,83,-11,11
55465,121,96,25,25
55466,107,101,6,6
55467,81,85,-4,4
55468,49,69,-20,20
55469,113,98,15,15
55470,71,67,4,4
55471,44,50,-6,6
55472,81,78,3,3
55473,73,70,3,3
55474,85,100,-15,15
55475,100,92,8,8
55476,126,119,7,7
55477,96,99,-3,3
55478,67,64,3,3
55479,114,113,1,1
55480,97,77,20,20
55481,185,167,18,18
55482,55,61,-6,6
55483,177,164,13,13
55484,85,88,-3,3
55485,117,112,5,5
55486,157,150,7,7
55487,129,117,12,12
55488,94,98,-4,4
55489,87,91,-4,4
55490,139,125,14,14
55491,121,124,-3,3
55492,65,68,-3,3
55493,58,60,-2,2
55494,98,98,0,0
55495,37,68,-31,31
55496,63,66,-3,3
55497,193,173,20,20
55498,101,104,-3,3
55499,69,81,-12,12
55500,133,124,9,9
55501,121,102,19,19
55502,91,86,5,5
55503,85,77,8,8
55504,67,73,-6,6
55505,117,114,3,3
55506,61,60,1,1
55507,61,61,0,0
55508,97,103,-6,6
55509,81,82,-1,1
55510,89,86,3,3
55511,58,58,0,0
55512,80,79,1,1
55513,96,83,13,13
55514,87,90,-3,3
55515,69,69,0,0
55516,116,117,-1,1
55517,138,151,-13,13
55518,65,65,0,0
55519,90,83,7,7
55520,87,77,10,10
55521,102,94,8,8
55522,79,83,-4,4
55523,146,147,-1,1
55524,130,118,12,12
55525,127,119,8,8
55526,96,87,9,9
55527,80,70,10,10
55528,132,131,1,1
55529,115,94,21,21
55530,81,87,-6,6
55531,86,86,0,0
55532,105,95,10,10
55533,130,136,-6,6
55534,84,87,-3,3
55535,52,94,-42,42
55536,72,71,1,1
55537,82,76,6,6
55538,115,112,3,3
55539,100,91,9,9
55540,102,99,3,3
55541,107,112,-5,5
55542,116,109,7,7
55543,61,65,-4,4
55544,95,93,2,2
55545,78,73,5,5
55546,78,66,12,12
55547,79,71,8,8
55548,82,83,-1,1
55549,71,82,-11,11
55550,128,108,20,20
55551,89,92,-3,3
55552,115,133,-18,18
55553,83,79,4,4
55554,80,70,10,10
55555,79,96,-17,17
55556,69,77,-8,8
55557,123,112,11,11
55558,67,75,-8,8
55559,135,130,5,5
55560,134,157,-23,23
55561,133,129,4,4
55562,52,61,-9,9
55563,175,174,1,1
55564,95,76,19,19
55565,122,120,2,2
55566,74,60,14,14
55567,73,72,1,1
55568,53,64,-11,11
55569,69,74,-5,5
55570,103,106,-3,3
55571,45,53,-8,8
55572,107,89,18,18
55573,49,52,-3,3
55574,132,117,15,15
55575,89,81,8,8
55576,62,66,-4,4
55577,109,100,9,9
55578,81,84,-3,3
55579,72,73,-1,1
55580,52,55,-3,3
55581,74,82,-8,8
55582,36,49,-13,13
55583,68,67,1,1
55584,73,72,1,1
55585,89,84,5,5
55586,63,73,-10,10
55587,69,67,2,2
55588,103,112,-9,9
55589,53,62,-9,9
55590,103,104,-1,1
55591,108,97,11,11
55592,109,159,-50,50
55593,187,178,9,9
55594,69,67,2,2
55595,124,109,15,15
55596,117,118,-1,1
55597,94,90,4,4
55598,44,59,-15,15
55599,120,113,7,7
55600,140,151,-11,11
55601,131,123,8,8
55602,100,104,-4,4
55603,147,156,-9,9
55604,55,61,-6,6
55605,126,133,-7,7
55606,84,83,1,1
55607,81,82,-1,1
55608,110,92,18,18
55609,68,74,-6,6
55610,90,87,3,3
55611,79,82,-3,3
55612,108,111,-3,3
55613,69,68,1,1
55614,67,60,7,7
55615,151,151,0,0
55616,121,114,7,7
55617,67,75,-8,8
55618,100,98,2,2
55619,105,103,2,2
55620,105,118,-13,13
55621,92,94,-2,2
55622,107,108,-1,1
55623,163,157,6,6
55624,110,117,-7,7
55625,115,102,13,13
55626,93,84,9,9
55627,143,131,12,12
55628,105,81,24,24
55629,102,104,-2,2
55630,54,52,2,2
55631,117,111,6,6
55632,94,86,8,8
55633,121,100,21,21
55634,51,56,-5,5
55635,93,89,4,4
55636,136,140,-4,4
55637,75,64,11,11
55638,83,68,15,15
55639,90,82,8,8
55640,110,113,-3,3
55641,69,60,9,9
55642,110,108,2,2
55643,78,83,-5,5
55644,85,77,8,8
55645,89,88,1,1
55646,86,98,-12,12
55647,106,99,7,7
55648,102,98,4,4
55649,52,65,-13,13
55650,207,209,-2,2
55651,93,82,11,11
55652,113,116,-3,3
55653,97,102,-5,5
55654,80,80,0,0
55655,118,131,-13,13
55656,90,89,1,1
55657,88,98,-10,10
55658,96,95,1,1
55659,103,102,1,1
55660,65,65,0,0
55661,48,54,-6,6
55662,85,74,11,11
55663,104,93,11,11
55664,54,56,-2,2
55665,89,73,16,16
55666,132,124,8,8
55667,83,83,0,0
55668,80,83,-3,3
55669,76,68,8,8
55670,67,61,6,6
55671,89,82,7,7
55672,149,146,3,3
55673,106,118,-12,12
55674,149,151,-2,2
55675,52,56,-4,4
55676,58,56,2,2
55677,70,75,-5,5
55678,78,72,6,6
55679,212,193,19,19
55680,105,95,10,10
55681,101,85,16,16
55682,107,98,9,9
55683,145,151,-6,6
55684,77,79,-2,2
55685,108,83,25,25
55686,97,103,-6,6
55687,90,78,12,12
55688,104,97,7,7
55689,99,101,-2,2
55690,94,90,4,4
55691,105,109,-4,4
55692,69,71,-2,2
55693,81,76,5,5
55694,88,84,4,4
55695,112,120,-8,8
55696,93,91,2,2
55697,130,132,-2,2
55698,145,132,13,13
55699,130,116,14,14
55700,62,57,5,5
55701,99,99,0,0
55702,67,56,11,11
55703,129,125,4,4
55704,72,74,-2,2
55705,96,83,13,13
55706,76,71,5,5
55707,102,99,3,3
55708,81,72,9,9
55709,157,159,-2,2
55710,100,98,2,2
55711,122,114,8,8
55712,65,56,9,9
55713,82,72,10,10
55714,95,84,11,11
55715,133,139,-6,6
55716,108,105,3,3
55717,81,83,-2,2
55718,91,92,-1,1
55719,134,122,12,12
55720,146,136,10,10
55721,93,102,-9,9
55722,53,60,-7,7
55723,108,98,10,10
55724,93,88,5,5
55725,99,89,10,10
55726,158,142,16,16
55727,66,74,-8,8
55728,66,66,0,0
55729,83,81,2,2
55730,103,88,15,15
55731,54,53,1,1
55732,144,147,-3,3
55733,88,97,-9,9
55734,105,90,15,15
55735,115,99,16,16
55736,125,122,3,3
55737,67,77,-10,10
55738,193,177,16,16
55739,127,109,18,18
55740,29,43,-14,14
55741,86,89,-3,3
55742,121,124,-3,3
55743,94,83,11,11
55744,125,111,14,14
55745,174,183,-9,9
55746,163,158,5,5
55747,128,111,17,17
55748,155,152,3,3
55749,123,129,-6,6
55750,100,101,-1,1
55751,80,78,2,2
55752,121,113,8,8
55753,31,63,-32,32
55754,96,93,3,3
55755,80,77,3,3
55756,83,77,6,6
55757,82,72,10,10
55758,97,93,4,4
55759,72,74,-2,2
55760,69,71,-2,2
55761,86,79,7,7
55762,73,84,-11,11
55763,100,98,2,2
55764,66,69,-3,3
55765,83,78,5,5
55766,92,93,-1,1
55767,68,62,6,6
55768,118,121,-3,3
55769,97,112,-15,15
55770,62,65,-3,3
55771,78,75,3,3
55772,48,57,-9,9
55773,98,91,7,7
55774,71,73,-2,2
55775,62,64,-2,2
55776,45,61,-16,16
55777,122,127,-5,5
55778,91,89,2,2
55779,71,142,-71,71
55780,68,63,5,5
55781,118,117,1,1
55782,79,82,-3,3
55783,120,122,-2,2
55784,134,153,-19,19
55785,72,80,-8,8
55786,92,85,7,7
55787,49,72,-23,23
55788,100,90,10,10
55789,90,98,-8,8
55790,71,77,-6,6
55791,83,84,-1,1
55792,71,79,-8,8
55793,90,97,-7,7
55794,168,160,8,8
55795,68,72,-4,4
55796,50,58,-8,8
55797,59,58,1,1
55798,52,66,-14,14
55799,104,102,2,2
55800,95,96,-1,1
55801,57,58,-1,1
55802,211,217,-6,6
55803,58,66,-8,8
55804,125,117,8,8
55805,99,93,6,6
55806,88,93,-5,5
55807,182,180,2,2
55808,99,94,5,5
55809,66,60,6,6
55810,169,159,10,10
55811,105,92,13,13
55812,92,94,-2,2
55813,110,110,0,0
55814,111,101,10,10
55815,95,86,9,9
55816,74,69,5,5
55817,135,112,23,23
55818,51,102,-51,51
55819,78,76,2,2
55820,118,108,10,10
55821,118,111,7,7
55822,104,96,8,8
55823,37,51,-14,14
55824,96,97,-1,1
55825,93,87,6,6
55826,60,83,-23,23
55827,102,94,8,8
55828,112,121,-9,9
55829,73,74,-1,1
55830,142,135,7,7
55831,67,64,3,3
55832,69,68,1,1
55833,103,197,-94,94
55834,42,61,-19,19
55835,99,78,21,21
55836,181,166,15,15
55837,94,86,8,8
55838,83,83,0,0
55839,98,82,16,16
55840,151,136,15,15
55841,149,126,23,23
55842,92,95,-3,3
55843,129,134,-5,5
55844,79,76,3,3
55845,119,118,1,1
55846,159,157,2,2
55847,63,67,-4,4
55848,74,70,4,4
55849,141,140,1,1
55850,133,125,8,8
55851,106,103,3,3
55852,180,172,8,8
55853,152,140,12,12
55854,85,79,6,6
55855,118,100,18,18
55856,127,127,0,0
55857,143,144,-1,1
55858,80,89,-9,9
55859,123,117,6,6
55860,131,116,15,15
55861,53,62,-9,9
55862,83,75,8,8
55863,97,87,10,10
55864,120,105,15,15
55865,71,72,-1,1
55866,127,112,15,15
55867,68,63,5,5
55868,79,77,2,2
55869,104,114,-10,10
55870,139,146,-7,7
55871,143,159,-16,16
55872,102,115,-13,13
55873,75,82,-7,7
55874,105,109,-4,4
55875,71,61,10,10
55876,52,51,1,1
55877,73,78,-5,5
55878,95,84,11,11
55879,84,64,20,20
55880,77,67,10,10
55881,63,73,-10,10
55882,80,91,-11,11
55883,111,103,8,8
55884,146,129,17,17
55885,136,147,-11,11
55886,58,56,2,2
55887,77,65,12,12
55888,74,90,-16,16
55889,157,159,-2,2
55890,113,94,19,19
55891,88,79,9,9
55892,98,99,-1,1
55893,70,74,-4,4
55894,70,76,-6,6
55895,95,92,3,3
55896,113,96,17,17
55897,65,67,-2,2
55898,82,74,8,8
55899,89,95,-6,6
55900,90,82,8,8
55901,75,92,-17,17
55902,73,65,8,8
55903,45,59,-14,14
55904,75,82,-7,7
55905,89,90,-1,1
55906,127,104,23,23
55907,189,204,-15,15
55908,132,126,6,6
55909,95,88,7,7
55910,113,108,5,5
55911,81,83,-2,2
55912,121,123,-2,2
55913,73,76,-3,3
55914,107,112,-5,5
55915,72,64,8,8
55916,110,114,-4,4
55917,69,70,-1,1
55918,149,144,5,5
55919,63,67,-4,4
55920,115,112,3,3
55921,105,96,9,9
55922,88,86,2,2
55923,65,67,-2,2
55924,87,87,0,0
55925,94,103,-9,9
55926,125,119,6,6
55927,93,84,9,9
55928,112,107,5,5
55929,103,97,6,6
55930,117,116,1,1
55931,95,92,3,3
55932,76,83,-7,7
55933,94,100,-6,6
55934,50,53,-3,3
55935,115,115,0,0
55936,105,81,24,24
55937,108,96,12,12
55938,141,140,1,1
55939,102,93,9,9
55940,58,68,-10,10
55941,108,98,10,10
55942,89,69,20,20
55943,71,67,4,4
55944,59,57,2,2
55945,89,80,9,9
55946,57,57,0,0
55947,106,93,13,13
55948,161,142,19,19
55949,92,81,11,11
55950,66,71,-5,5
55951,82,83,-1,1
55952,84,70,14,14
55953,115,98,17,17
55954,110,105,5,5
55955,135,126,9,9
55956,93,93,0,0
55957,134,157,-23,23
55958,105,90,15,15
55959,79,75,4,4
55960,25,50,-25,25
55961,124,131,-7,7
55962,29,55,-26,26
55963,96,79,17,17
55964,125,120,5,5
55965,52,63,-11,11
55966,101,101,0,0
55967,70,71,-1,1
55968,98,86,12,12
55969,77,74,3,3
55970,167,153,14,14
55971,82,75,7,7
55972,91,82,9,9
55973,70,66,4,4
55974,74,62,12,12
55975,121,123,-2,2
55976,46,56,-10,10
55977,76,86,-10,10
55978,111,109,2,2
55979,58,60,-2,2
55980,65,58,7,7
55981,53,63,-10,10
55982,109,115,-6,6
55983,80,83,-3,3
55984,88,78,10,10
55985,110,103,7,7
55986,98,94,4,4
55987,97,104,-7,7
55988,128,115,13,13
55989,144,137,7,7
55990,82,82,0,0
55991,131,114,17,17
55992,100,98,2,2
55993,95,91,4,4
55994,108,100,8,8
55995,82,83,-1,1
55996,73,62,11,11
55997,94,92,2,2
55998,99,99,0,0
55999,88,76,12,12
56000,157,162,-5,5
56001,75,73,2,2
56002,95,123,-28,28
56003,82,82,0,0
56004,160,183,-23,23
56005,146,143,3,3
56006,166,177,-11,11
56007,76,75,1,1
56008,139,142,-3,3
56009,110,100,10,10
56010,118,117,1,1
56011,122,101,21,21
56012,50,55,-5,5
56013,59,57,2,2
56014,112,107,5,5
56015,108,119,-11,11
56016,42,48,-6,6
56017,112,111,1,1
56018,126,117,9,9
56019,88,90,-2,2
56020,121,99,22,22
56021,83,74,9,9
56022,95,92,3,3
56023,98,95,3,3
56024,104,111,-7,7
56025,66,64,2,2
56026,129,133,-4,4
56027,85,76,9,9
56028,101,97,4,4
56029,68,79,-11,11
56030,86,83,3,3
56031,79,67,12,12
56032,91,85,6,6
56033,113,118,-5,5
56034,149,140,9,9
56035,76,73,3,3
56036,107,104,3,3
56037,110,104,6,6
56038,75,73,2,2
56039,100,106,-6,6
56040,110,111,-1,1
56041,115,107,8,8
56042,128,123,5,5
56043,177,156,21,21
56044,105,96,9,9
56045,79,147,-68,68
56046,126,126,0,0
56047,135,147,-12,12
56048,66,65,1,1
56049,148,145,3,3
56050,128,120,8,8
56051,106,87,19,19
56052,99,82,17,17
56053,73,76,-3,3
56054,64,67,-3,3
56055,98,117,-19,19
56056,111,112,-1,1
56057,124,133,-9,9
56058,117,106,11,11
56059,94,90,4,4
56060,86,79,7,7
56061,80,68,12,12
56062,105,107,-2,2
56063,77,80,-3,3
56064,101,111,-10,10
56065,118,108,10,10
56066,130,105,25,25
56067,97,88,9,9
56068,77,75,2,2
56069,76,82,-6,6
56070,122,124,-2,2
56071,116,136,-20,20
56072,67,75,-8,8
56073,109,100,9,9
56074,62,66,-4,4
56075,95,86,9,9
56076,130,125,5,5
56077,49,63,-14,14
56078,64,67,-3,3
56079,84,85,-1,1
56080,147,120,27,27
56081,121,103,18,18
56082,158,165,-7,7
56083,105,97,8,8
56084,99,94,5,5
56085,108,106,2,2
56086,159,160,-1,1
56087,87,77,10,10
56088,128,137,-9,9
56089,58,63,-5,5
56090,110,106,4,4
56091,187,167,20,20
56092,87,82,5,5
56093,143,149,-6,6
56094,84,73,11,11
56095,132,133,-1,1
56096,74,68,6,6
56097,109,100,9,9
56098,86,105,-19,19
56099,111,96,15,15
56100,49,58,-9,9
56101,73,76,-3,3
56102,125,132,-7,7
56103,75,67,8,8
56104,78,76,2,2
56105,99,94,5,5
56106,103,112,-9,9
56107,106,93,13,13
56108,57,71,-14,14
56109,139,132,7,7
56110,90,75,15,15
56111,67,66,1,1
56112,60,62,-2,2
56113,46,52,-6,6
56114,56,47,9,9
56115,135,127,8,8
56116,52,63,-11,11
56117,102,92,10,10
56118,79,75,4,4
56119,75,73,2,2
56120,118,117,1,1
56121,107,118,-11,11
56122,24,72,-48,48
56123,102,89,13,13
56124,78,75,3,3
56125,94,85,9,9
56126,109,87,22,22
56127,139,130,9,9
56128,105,106,-1,1
56129,155,152,3,3
56130,53,54,-1,1
56131,82,89,-7,7
56132,159,173,-14,14
56133,105,93,12,12
56134,102,96,6,6
56135,78,84,-6,6
56136,67,56,11,11
56137,149,158,-9,9
56138,84,80,4,4
56139,87,87,0,0
56140,132,133,-1,1
56141,83,82,1,1
56142,75,76,-1,1
56143,99,93,6,6
56144,77,93,-16,16
56145,97,83,14,14
56146,132,113,19,19
56147,105,103,2,2
56148,105,89,16,16
56149,59,57,2,2
56150,69,67,2,2
56151,120,110,10,10
56152,59,60,-1,1
56153,105,93,12,12
56154,81,74,7,7
56155,156,159,-3,3
56156,62,69,-7,7
56157,63,72,-9,9
56158,156,139,17,17
56159,48,147,-99,99
56160,81,83,-2,2
56161,78,80,-2,2
56162,72,71,1,1
56163,110,103,7,7
56164,76,81,-5,5
56165,82,83,-1,1
56166,76,82,-6,6
56167,106,99,7,7
56168,109,118,-9,9
56169,96,89,7,7
56170,129,125,4,4
56171,71,75,-4,4
56172,124,134,-10,10
56173,107,100,7,7
56174,97,88,9,9
56175,113,115,-2,2
56176,152,128,24,24
56177,91,102,-11,11
56178,78,88,-10,10
56179,158,151,7,7
56180,117,116,1,1
56181,97,98,-1,1
56182,83,77,6,6
56183,132,121,11,11
56184,79,69,10,10
56185,101,106,-5,5
56186,135,121,14,14
56187,96,80,16,16
56188,82,69,13,13
56189,70,66,4,4
56190,110,107,3,3
56191,141,124,17,17
56192,61,67,-6,6
56193,97,86,11,11
56194,119,94,25,25
56195,67,67,0,0
56196,92,104,-12,12
56197,84,70,14,14
56198,65,61,4,4
56199,84,89,-5,5
56200,124,111,13,13
56201,135,126,9,9
56202,146,126,20,20
56203,109,104,5,5
56204,145,156,-11,11
56205,89,79,10,10
56206,136,129,7,7
56207,85,79,6,6
56208,55,60,-5,5
56209,92,98,-6,6
56210,61,67,-6,6
56211,132,124,8,8
56212,65,79,-14,14
56213,112,113,-1,1
56214,107,93,14,14
56215,48,54,-6,6
56216,55,68,-13,13
56217,109,102,7,7
56218,136,133,3,3
56219,94,88,6,6
56220,45,55,-10,10
56221,139,125,14,14
56222,72,81,-9,9
56223,156,140,16,16
56224,58,57,1,1
56225,96,83,13,13
56226,83,77,6,6
56227,94,85,9,9
56228,29,52,-23,23
56229,124,123,1,1
56230,71,79,-8,8
56231,146,122,24,24
56232,97,89,8,8
56233,104,104,0,0
56234,32,45,-13,13
56235,140,122,18,18
56236,57,57,0,0
56237,112,110,2,2
56238,70,77,-7,7
56239,92,81,11,11
56240,57,57,0,0
56241,107,108,-1,1
56242,76,70,6,6
56243,81,76,5,5
56244,115,119,-4,4
56245,22,72,-50,50
56246,96,102,-6,6
56247,84,92,-8,8
56248,103,96,7,7
56249,126,108,18,18
56250,76,77,-1,1
56251,159,146,13,13
56252,74,60,14,14
56253,87,76,11,11
56254,46,68,-22,22
56255,33,60,-27,27
56256,76,57,19,19
56257,98,102,-4,4
56258,73,67,6,6
56259,105,91,14,14
56260,51,56,-5,5
56261,94,77,17,17
56262,54,46,8,8
56263,86,93,-7,7
56264,60,69,-9,9
56265,144,138,6,6
56266,74,59,15,15
56267,90,69,21,21
56268,100,98,2,2
56269,107,112,-5,5
56270,129,99,30,30
56271,133,127,6,6
56272,70,59,11,11
56273,101,84,17,17
56274,60,65,-5,5
56275,200,178,22,22
56276,64,77,-13,13
56277,143,134,9,9
56278,90,91,-1,1
56279,72,71,1,1
56280,85,84,1,1
56281,136,134,2,2
56282,94,96,-2,2
56283,135,118,17,17
56284,102,96,6,6
56285,71,86,-15,15
56286,74,83,-9,9
56287,122,126,-4,4
56288,86,87,-1,1
56289,40,47,-7,7
56290,109,111,-2,2
56291,113,115,-2,2
56292,110,100,10,10
56293,68,61,7,7
56294,130,117,13,13
56295,89,85,4,4
56296,106,104,2,2
56297,98,96,2,2
56298,71,57,14,14
56299,128,122,6,6
56300,158,145,13,13
56301,82,76,6,6
56302,42,53,-11,11
56303,67,61,6,6
56304,107,107,0,0
56305,77,81,-4,4
56306,113,110,3,3
56307,73,67,6,6
56308,189,201,-12,12
56309,101,104,-3,3
56310,117,122,-5,5
56311,113,113,0,0
56312,81,70,11,11
56313,113,104,9,9
56314,108,105,3,3
56315,133,139,-6,6
56316,117,111,6,6
56317,119,115,4,4
56318,72,66,6,6
56319,72,83,-11,11
56320,105,111,-6,6
56321,70,74,-4,4
56322,66,70,-4,4
56323,152,141,11,11
56324,89,76,13,13
56325,20,53,-33,33
56326,72,74,-2,2
56327,89,79,10,10
56328,83,96,-13,13
56329,121,132,-11,11
56330,119,108,11,11
56331,101,95,6,6
56332,84,79,5,5
56333,78,79,-1,1
56334,166,152,14,14
56335,117,115,2,2
56336,141,141,0,0
56337,123,110,13,13
56338,162,158,4,4
56339,50,61,-11,11
56340,60,62,-2,2
56341,86,87,-1,1
56342,70,62,8,8
56343,129,129,0,0
56344,65,65,0,0
56345,75,74,1,1
56346,91,72,19,19
56347,55,61,-6,6
56348,82,80,2,2
56349,102,108,-6,6
56350,74,69,5,5
56351,84,77,7,7
56352,128,121,7,7
56353,91,86,5,5
56354,120,119,1,1
56355,85,88,-3,3
56356,108,114,-6,6
56357,72,68,4,4
56358,90,73,17,17
56359,85,90,-5,5
56360,112,112,0,0
56361,148,155,-7,7
56362,105,113,-8,8
56363,44,50,-6,6
56364,42,55,-13,13
56365,103,98,5,5
56366,93,72,21,21
56367,63,55,8,8
56368,169,184,-15,15
56369,65,69,-4,4
56370,74,59,15,15
56371,99,89,10,10
56372,129,134,-5,5
56373,93,90,3,3
56374,139,140,-1,1
56375,64,107,-43,43
56376,93,89,4,4
56377,53,72,-19,19
56378,110,104,6,6
56379,97,86,11,11
56380,170,145,25,25
56381,56,57,-1,1
56382,172,177,-5,5
56383,71,67,4,4
56384,161,147,14,14
56385,130,143,-13,13
56386,101,94,7,7
56387,107,103,4,4
56388,101,94,7,7
56389,64,71,-7,7
56390,75,73,2,2
56391,128,134,-6,6
56392,80,76,4,4
56393,129,122,7,7
56394,54,64,-10,10
56395,71,77,-6,6
56396,55,60,-5,5
56397,91,97,-6,6
56398,119,108,11,11
56399,94,86,8,8
56400,158,149,9,9
56401,60,69,-9,9
56402,158,160,-2,2
56403,56,62,-6,6
56404,121,121,0,0
56405,79,70,9,9
56406,120,115,5,5
56407,64,71,-7,7
56408,62,82,-20,20
56409,80,76,4,4
56410,135,132,3,3
56411,102,121,-19,19
56412,115,103,12,12
56413,142,149,-7,7
56414,115,127,-12,12
56415,119,127,-8,8
56416,138,134,4,4
56417,97,79,18,18
56418,80,76,4,4
56419,97,102,-5,5
56420,111,104,7,7
56421,91,95,-4,4
56422,95,95,0,0
56423,91,90,1,1
56424,101,86,15,15
56425,130,127,3,3
56426,89,90,-1,1
56427,86,86,0,0
56428,178,173,5,5
56429,168,174,-6,6
56430,63,47,16,16
56431,69,63,6,6
56432,186,179,7,7
56433,143,136,7,7
56434,76,62,14,14
56435,87,85,2,2
56436,46,65,-19,19
56437,81,78,3,3
56438,43,57,-14,14
56439,125,111,14,14
56440,190,202,-12,12
56441,112,108,4,4
56442,161,166,-5,5
56443,119,105,14,14
56444,98,92,6,6
56445,122,107,15,15
56446,94,90,4,4
56447,68,63,5,5
56448,103,90,13,13
56449,126,100,26,26
56450,75,70,5,5
56451,123,111,12,12
56452,81,77,4,4
56453,144,154,-10,10
56454,53,61,-8,8
56455,164,154,10,10
56456,60,68,-8,8
56457,117,114,3,3
56458,121,125,-4,4
56459,90,95,-5,5
56460,86,84,2,2
56461,63,72,-9,9
56462,147,138,9,9
56463,103,97,6,6
56464,68,74,-6,6
56465,91,82,9,9
56466,81,69,12,12
56467,71,68,3,3
56468,63,59,4,4
56469,123,113,10,10
56470,105,90,15,15
56471,81,77,4,4
56472,112,115,-3,3
56473,78,80,-2,2
56474,85,83,2,2
56475,118,120,-2,2
56476,65,69,-4,4
56477,127,136,-9,9
56478,83,85,-2,2
56479,91,83,8,8
56480,62,64,-2,2
56481,75,85,-10,10
56482,88,94,-6,6
56483,163,170,-7,7
56484,48,58,-10,10
56485,93,108,-15,15
56486,85,77,8,8
56487,142,141,1,1
56488,93,98,-5,5
56489,73,69,4,4
56490,65,61,4,4
56491,83,78,5,5
56492,77,73,4,4
56493,113,107,6,6
56494,121,113,8,8
56495,71,74,-3,3
56496,64,69,-5,5
56497,70,72,-2,2
56498,155,114,41,41
56499,59,67,-8,8
56500,80,78,2,2
56501,80,83,-3,3
56502,59,60,-1,1
56503,83,78,5,5
56504,68,70,-2,2
56505,77,88,-11,11
56506,121,120,1,1
56507,63,68,-5,5
56508,82,80,2,2
56509,145,146,-1,1
56510,63,72,-9,9
56511,124,123,1,1
56512,83,80,3,3
56513,175,183,-8,8
56514,185,181,4,4
56515,65,70,-5,5
56516,61,64,-3,3
56517,76,72,4,4
56518,75,76,-1,1
56519,74,90,-16,16
56520,136,127,9,9
56521,47,50,-3,3
56522,66,58,8,8
56523,131,134,-3,3
56524,123,109,14,14
56525,118,105,13,13
56526,58,62,-4,4
56527,89,79,10,10
56528,156,147,9,9
56529,55,63,-8,8
56530,115,94,21,21
56531,111,102,9,9
56532,116,124,-8,8
56533,62,66,-4,4
56534,108,91,17,17
56535,120,132,-12,12
56536,112,111,1,1
56537,56,64,-8,8
56538,142,141,1,1
56539,91,73,18,18
56540,86,83,3,3
56541,121,121,0,0
56542,80,74,6,6
56543,103,105,-2,2
56544,76,91,-15,15
56545,100,121,-21,21
56546,94,93,1,1
56547,117,128,-11,11
56548,84,73,11,11
56549,87,82,5,5
56550,127,111,16,16
56551,90,76,14,14
56552,96,86,10,10
56553,56,63,-7,7
56554,74,74,0,0
56555,98,94,4,4
56556,107,116,-9,9
56557,125,110,15,15
56558,66,67,-1,1
56559,91,105,-14,14
56560,154,156,-2,2
56561,151,134,17,17
56562,77,72,5,5
56563,60,66,-6,6
56564,72,76,-4,4
56565,132,112,20,20
56566,74,75,-1,1
56567,63,60,3,3
56568,129,123,6,6
56569,169,176,-7,7
56570,88,100,-12,12
56571,129,112,17,17
56572,140,130,10,10
56573,80,84,-4,4
56574,94,89,5,5
56575,49,58,-9,9
56576,145,144,1,1
56577,97,96,1,1
56578,94,90,4,4
56579,83,76,7,7
56580,135,137,-2,2
56581,103,95,8,8
56582,40,62,-22,22
56583,119,135,-16,16
56584,60,62,-2,2
56585,44,52,-8,8
56586,104,99,5,5
56587,49,67,-18,18
56588,70,76,-6,6
56589,59,56,3,3
56590,114,127,-13,13
56591,65,61,4,4
56592,60,61,-1,1
56593,121,128,-7,7
56594,115,106,9,9
56595,75,81,-6,6
56596,74,76,-2,2
56597,103,96,7,7
56598,59,59,0,0
56599,125,135,-10,10
56600,94,93,1,1
56601,73,65,8,8
56602,54,71,-17,17
56603,58,63,-5,5
56604,174,182,-8,8
56605,46,52,-6,6
56606,79,77,2,2
56607,108,90,18,18
56608,50,65,-15,15
56609,120,103,17,17
56610,159,163,-4,4
56611,171,179,-8,8
56612,81,80,1,1
56613,85,83,2,2
56614,118,139,-21,21
56615,73,73,0,0
56616,114,102,12,12
56617,77,63,14,14
56618,150,136,14,14
56619,72,76,-4,4
56620,64,79,-15,15
56621,85,88,-3,3
56622,112,111,1,1
56623,57,64,-7,7
56624,101,88,13,13
56625,83,80,3,3
56626,74,72,2,2
56627,142,140,2,2
56628,111,101,10,10
56629,135,128,7,7
56630,64,67,-3,3
56631,75,70,5,5
56632,188,202,-14,14
56633,63,66,-3,3
56634,124,110,14,14
56635,42,61,-19,19
56636,136,125,11,11
56637,50,60,-10,10
56638,87,76,11,11
56639,140,127,13,13
56640,94,86,8,8
56641,94,90,4,4
56642,61,73,-12,12
56643,86,77,9,9
56644,126,107,19,19
56645,63,72,-9,9
56646,82,75,7,7
56647,140,149,-9,9
56648,134,125,9,9
56649,79,78,1,1
56650,126,136,-10,10
56651,101,105,-4,4
56652,103,99,4,4
56653,70,69,1,1
56654,85,72,13,13
56655,84,91,-7,7
56656,58,70,-12,12
56657,139,139,0,0
56658,67,74,-7,7
56659,101,100,1,1
56660,83,82,1,1
56661,66,66,0,0
56662,59,59,0,0
56663,77,76,1,1
56664,53,57,-4,4
56665,130,134,-4,4
56666,59,73,-14,14
56667,94,91,3,3
56668,120,118,2,2
56669,108,96,12,12
56670,95,83,12,12
56671,67,67,0,0
56672,103,107,-4,4
56673,68,65,3,3
56674,82,70,12,12
56675,111,114,-3,3
56676,78,76,2,2
56677,59,62,-3,3
56678,72,81,-9,9
56679,101,89,12,12
56680,77,81,-4,4
56681,65,67,-2,2
56682,64,77,-13,13
56683,57,62,-5,5
56684,95,98,-3,3
56685,68,65,3,3
56686,137,117,20,20
56687,65,65,0,0
56688,82,74,8,8
56689,73,78,-5,5
56690,96,111,-15,15
56691,110,84,26,26
56692,139,129,10,10
56693,87,70,17,17
56694,113,91,22,22
56695,40,51,-11,11
56696,81,88,-7,7
56697,51,58,-7,7
56698,173,165,8,8
56699,72,86,-14,14
56700,107,105,2,2
56701,112,113,-1,1
56702,125,126,-1,1
56703,56,65,-9,9
56704,141,123,18,18
56705,150,146,4,4
56706,136,137,-1,1
56707,127,117,10,10
56708,132,130,2,2
56709,96,83,13,13
56710,35,56,-21,21
56711,86,76,10,10
56712,108,97,11,11
56713,149,137,12,12
56714,103,98,5,5
56715,144,159,-15,15
56716,135,125,10,10
56717,112,89,23,23
56718,86,100,-14,14
56719,54,58,-4,4
56720,78,74,4,4
56721,72,78,-6,6
56722,87,88,-1,1
56723,79,88,-9,9
56724,109,132,-23,23
56725,120,105,15,15
56726,173,145,28,28
56727,57,63,-6,6
56728,40,58,-18,18
56729,82,79,3,3
56730,70,76,-6,6
56731,86,101,-15,15
56732,98,101,-3,3
56733,134,150,-16,16
56734,45,48,-3,3
56735,129,130,-1,1
56736,68,75,-7,7
56737,91,82,9,9
56738,113,99,14,14
56739,52,68,-16,16
56740,94,83,11,11
56741,94,101,-7,7
56742,113,105,8,8
56743,128,107,21,21
56744,99,103,-4,4
56745,105,94,11,11
56746,86,105,-19,19
56747,148,151,-3,3
56748,138,120,18,18
56749,99,77,22,22
56750,94,103,-9,9
56751,73,70,3,3
56752,153,141,12,12
56753,95,96,-1,1
56754,118,127,-9,9
56755,129,124,5,5
56756,50,63,-13,13
56757,123,118,5,5
56758,142,139,3,3
56759,123,114,9,9
56760,148,134,14,14
56761,107,107,0,0
56762,98,106,-8,8
56763,112,106,6,6
56764,137,132,5,5
56765,106,106,0,0
56766,97,87,10,10
56767,96,95,1,1
56768,245,215,30,30
56769,115,94,21,21
56770,81,87,-6,6
56771,130,105,25,25
56772,86,73,13,13
56773,128,120,8,8
56774,73,70,3,3
56775,110,97,13,13
56776,130,121,9,9
56777,97,90,7,7
56778,80,84,-4,4
56779,91,90,1,1
56780,88,75,13,13
56781,105,101,4,4
56782,75,75,0,0
56783,93,99,-6,6
56784,115,108,7,7
56785,133,128,5,5
56786,142,134,8,8
56787,62,80,-18,18
56788,78,86,-8,8
56789,91,75,16,16
56790,102,90,12,12
56791,109,106,3,3
56792,102,88,14,14
56793,90,84,6,6
56794,135,116,19,19
56795,31,56,-25,25
56796,143,144,-1,1
56797,123,108,15,15
56798,102,98,4,4
56799,59,53,6,6
56800,83,90,-7,7
56801,99,101,-2,2
56802,50,64,-14,14
56803,168,145,23,23
56804,80,87,-7,7
56805,104,113,-9,9
56806,117,112,5,5
56807,113,118,-5,5
56808,73,92,-19,19
56809,72,83,-11,11
56810,144,139,5,5
56811,131,138,-7,7
56812,107,125,-18,18
56813,85,81,4,4
56814,58,65,-7,7
56815,67,66,1,1
56816,62,62,0,0
56817,63,62,1,1
56818,148,157,-9,9
56819,139,126,13,13
56820,82,86,-4,4
56821,133,133,0,0
56822,70,73,-3,3
56823,99,97,2,2
56824,115,109,6,6
56825,121,125,-4,4
56826,107,116,-9,9
56827,113,95,18,18
56828,61,66,-5,5
56829,80,71,9,9
56830,78,73,5,5
56831,68,68,0,0
56832,122,129,-7,7
56833,109,94,15,15
56834,71,70,1,1
56835,60,62,-2,2
56836,125,124,1,1
56837,68,66,2,2
56838,114,116,-2,2
56839,93,77,16,16
56840,75,71,4,4
56841,99,105,-6,6
56842,133,118,15,15
56843,78,75,3,3
56844,45,58,-13,13
56845,87,73,14,14
56846,72,66,6,6
56847,129,122,7,7
56848,93,89,4,4
56849,95,99,-4,4
56850,119,119,0,0
56851,96,75,21,21
56852,45,52,-7,7
56853,151,138,13,13
56854,75,65,10,10
56855,84,79,5,5
56856,75,61,14,14
56857,97,140,-43,43
56858,79,74,5,5
56859,132,126,6,6
56860,108,95,13,13
56861,115,108,7,7
56862,89,93,-4,4
56863,84,97,-13,13
56864,132,134,-2,2
56865,94,86,8,8
56866,182,196,-14,14
56867,170,162,8,8
56868,93,92,1,1
56869,70,72,-2,2
56870,38,56,-18,18
56871,102,111,-9,9
56872,139,126,13,13
56873,97,99,-2,2
56874,87,85,2,2
56875,86,83,3,3
56876,76,84,-8,8
56877,91,95,-4,4
56878,81,67,14,14
56879,86,86,0,0
56880,90,82,8,8
56881,73,72,1,1
56882,122,124,-2,2
56883,81,79,2,2
56884,182,179,3,3
56885,73,70,3,3
56886,108,99,9,9
56887,70,69,1,1
56888,170,164,6,6
56889,98,86,12,12
56890,83,83,0,0
56891,89,95,-6,6
56892,79,81,-2,2
56893,77,82,-5,5
56894,82,85,-3,3
56895,79,76,3,3
56896,165,146,19,19
56897,57,68,-11,11
56898,94,95,-1,1
56899,101,92,9,9
56900,170,183,-13,13
56901,68,76,-8,8
56902,121,119,2,2
56903,137,127,10,10
56904,72,64,8,8
56905,109,106,3,3
56906,81,70,11,11
56907,71,75,-4,4
56908,135,138,-3,3
56909,105,99,6,6
56910,101,90,11,11
56911,71,80,-9,9
56912,93,91,2,2
56913,75,77,-2,2
56914,68,142,-74,74
56915,107,94,13,13
56916,76,76,0,0
56917,127,117,10,10
56918,117,123,-6,6
56919,123,102,21,21
56920,158,169,-11,11
56921,96,96,0,0
56922,44,58,-14,14
56923,100,97,3,3
56924,69,74,-5,5
56925,77,81,-4,4
56926,66,70,-4,4
56927,71,63,8,8
56928,117,104,13,13
56929,103,112,-9,9
56930,99,105,-6,6
56931,131,133,-2,2
56932,50,60,-10,10
56933,39,55,-16,16
56934,74,77,-3,3
56935,51,52,-1,1
56936,91,85,6,6
56937,104,108,-4,4
56938,76,64,12,12
56939,126,133,-7,7
56940,79,76,3,3
56941,88,96,-8,8
56942,103,103,0,0
56943,156,148,8,8
56944,153,144,9,9
56945,82,76,6,6
56946,69,76,-7,7
56947,85,89,-4,4
56948,90,104,-14,14
56949,118,107,11,11
56950,113,113,0,0
56951,63,66,-3,3
56952,39,49,-10,10
56953,125,116,9,9
56954,111,129,-18,18
56955,85,83,2,2
56956,69,71,-2,2
56957,164,166,-2,2
56958,115,116,-1,1
56959,100,117,-17,17
56960,97,95,2,2
56961,76,81,-5,5
56962,109,114,-5,5
56963,122,115,7,7
56964,75,78,-3,3
56965,94,92,2,2
56966,73,77,-4,4
56967,138,129,9,9
56968,109,92,17,17
56969,84,81,3,3
56970,65,71,-6,6
56971,97,94,3,3
56972,150,149,1,1
56973,158,151,7,7
56974,74,76,-2,2
56975,64,64,0,0
56976,102,100,2,2
56977,83,93,-10,10
56978,181,159,22,22
56979,149,133,16,16
56980,67,69,-2,2
56981,108,110,-2,2
56982,126,119,7,7
56983,129,127,2,2
56984,123,115,8,8
56985,88,72,16,16
56986,79,83,-4,4
56987,122,102,20,20
56988,88,80,8,8
56989,129,127,2,2
56990,82,79,3,3
56991,72,74,-2,2
56992,116,118,-2,2
56993,93,79,14,14
56994,82,79,3,3
56995,153,164,-11,11
56996,169,163,6,6
56997,79,91,-12,12
56998,92,89,3,3
56999,123,107,16,16
57000,75,88,-13,13
57001,162,180,-18,18
57002,79,74,5,5
57003,90,91,-1,1
57004,74,88,-14,14
57005,130,112,18,18
57006,128,114,14,14
57007,75,79,-4,4
57008,86,82,4,4
57009,111,109,2,2
57010,100,94,6,6
57011,57,62,-5,5
57012,126,117,9,9
57013,61,56,5,5
57014,79,72,7,7
57015,80,70,10,10
57016,49,57,-8,8
57017,83,85,-2,2
57018,65,69,-4,4
57019,76,74,2,2
57020,99,92,7,7
57021,152,139,13,13
57022,74,76,-2,2
57023,90,85,5,5
57024,116,121,-5,5
57025,150,151,-1,1
57026,98,101,-3,3
57027,136,124,12,12
57028,109,106,3,3
57029,131,147,-16,16
57030,44,57,-13,13
57031,52,68,-16,16
57032,73,72,1,1
57033,160,120,40,40
57034,104,103,1,1
57035,71,68,3,3
57036,52,65,-13,13
57037,69,61,8,8
57038,120,108,12,12
57039,51,54,-3,3
57040,65,64,1,1
57041,93,84,9,9
57042,62,76,-14,14
57043,108,95,13,13
57044,86,91,-5,5
57045,65,75,-10,10
57046,151,157,-6,6
57047,82,80,2,2
57048,54,64,-10,10
57049,57,58,-1,1
57050,87,111,-24,24
57051,75,72,3,3
57052,76,78,-2,2
57053,144,144,0,0
57054,82,81,1,1
57055,70,67,3,3
57056,65,64,1,1
57057,130,136,-6,6
57058,179,201,-22,22
57059,143,151,-8,8
57060,128,116,12,12
57061,59,60,-1,1
57062,141,123,18,18
57063,91,80,11,11
57064,117,109,8,8
57065,103,92,11,11
57066,102,106,-4,4
57067,150,117,33,33
57068,91,86,5,5
57069,82,87,-5,5
57070,72,69,3,3
57071,146,131,15,15
57072,51,65,-14,14
57073,119,123,-4,4
57074,94,95,-1,1
57075,113,108,5,5
57076,115,104,11,11
57077,50,78,-28,28
57078,72,92,-20,20
57079,127,123,4,4
57080,67,69,-2,2
57081,76,74,2,2
57082,96,104,-8,8
57083,137,152,-15,15
57084,189,195,-6,6
57085,83,86,-3,3
57086,90,94,-4,4
57087,85,76,9,9
57088,99,103,-4,4
57089,88,86,2,2
57090,163,163,0,0
57091,78,74,4,4
57092,63,58,5,5
57093,87,85,2,2
57094,81,79,2,2
57095,117,127,-10,10
57096,86,82,4,4
57097,97,95,2,2
57098,120,114,6,6
57099,61,59,2,2
57100,109,108,1,1
57101,82,87,-5,5
57102,98,83,15,15
57103,100,88,12,12
57104,114,100,14,14
57105,61,73,-12,12
57106,88,94,-6,6
57107,75,72,3,3
57108,96,96,0,0
57109,125,127,-2,2
57110,216,219,-3,3
57111,91,87,4,4
57112,149,175,-26,26
57113,104,91,13,13
57114,69,69,0,0
57115,65,70,-5,5
57116,116,94,22,22
57117,66,69,-3,3
57118,53,61,-8,8
57119,61,76,-15,15
57120,106,108,-2,2
57121,118,104,14,14
57122,145,139,6,6
57123,90,87,3,3
57124,76,72,4,4
57125,48,47,1,1
57126,38,51,-13,13
57127,65,68,-3,3
57128,98,96,2,2
57129,48,58,-10,10
57130,93,97,-4,4
57131,117,120,-3,3
57132,66,68,-2,2
57133,110,100,10,10
57134,121,121,0,0
57135,95,92,3,3
57136,81,81,0,0
57137,48,62,-14,14
57138,80,84,-4,4
57139,136,136,0,0
57140,55,57,-2,2
57141,110,96,14,14
57142,104,111,-7,7
57143,89,88,1,1
57144,90,112,-22,22
57145,111,108,3,3
57146,85,90,-5,5
57147,113,112,1,1
57148,100,95,5,5
57149,147,132,15,15
57150,86,93,-7,7
57151,76,69,7,7
57152,164,147,17,17
57153,130,116,14,14
57154,99,94,5,5
57155,40,58,-18,18
57156,175,179,-4,4
57157,148,146,2,2
57158,106,112,-6,6
57159,152,142,10,10
57160,91,96,-5,5
57161,98,87,11,11
57162,51,66,-15,15
57163,88,94,-6,6
57164,89,84,5,5
57165,63,58,5,5
57166,84,82,2,2
57167,75,69,6,6
57168,117,113,4,4
57169,111,104,7,7
57170,134,158,-24,24
57171,81,86,-5,5
57172,101,96,5,5
57173,61,65,-4,4
57174,116,111,5,5
57175,77,86,-9,9
57176,121,106,15,15
57177,101,96,5,5
57178,22,52,-30,30
57179,89,91,-2,2
57180,134,133,1,1
57181,132,134,-2,2
57182,48,53,-5,5
57183,102,90,12,12
57184,90,76,14,14
57185,89,80,9,9
57186,109,115,-6,6
57187,164,156,8,8
57188,93,94,-1,1
57189,93,92,1,1
57190,63,70,-7,7
57191,99,97,2,2
57192,72,75,-3,3
57193,85,96,-11,11
57194,76,73,3,3
57195,85,81,4,4
57196,125,83,42,42
57197,63,67,-4,4
57198,47,57,-10,10
57199,123,121,2,2
57200,88,89,-1,1
57201,75,70,5,5
57202,78,73,5,5
57203,73,76,-3,3
57204,113,133,-20,20
57205,88,76,12,12
57206,91,72,19,19
57207,99,93,6,6
57208,92,91,1,1
57209,102,109,-7,7
57210,84,84,0,0
57211,153,148,5,5
57212,117,121,-4,4
57213,61,64,-3,3
57214,81,82,-1,1
57215,148,144,4,4
57216,88,72,16,16
57217,109,109,0,0
57218,124,115,9,9
57219,44,49,-5,5
57220,75,72,3,3
57221,107,103,4,4
57222,74,75,-1,1
57223,75,68,7,7
57224,97,77,20,20
57225,95,81,14,14
57226,72,74,-2,2
57227,71,71,0,0
57228,100,101,-1,1
57229,110,97,13,13
57230,67,66,1,1
57231,59,58,1,1
57232,162,148,14,14
57233,97,93,4,4
57234,66,72,-6,6
57235,87,81,6,6
57236,142,140,2,2
57237,77,87,-10,10
57238,61,55,6,6
57239,61,119,-58,58
57240,131,119,12,12
57241,84,74,10,10
57242,77,80,-3,3
57243,60,66,-6,6
57244,77,73,4,4
57245,47,66,-19,19
57246,71,82,-11,11
57247,118,116,2,2
57248,105,118,-13,13
57249,137,137,0,0
57250,48,56,-8,8
57251,81,78,3,3
57252,105,78,27,27
57253,107,99,8,8
57254,149,138,11,11
57255,88,101,-13,13
57256,104,86,18,18
57257,130,118,12,12
57258,118,117,1,1
57259,50,70,-20,20
57260,113,106,7,7
57261,48,59,-11,11
57262,105,101,4,4
57263,63,64,-1,1
57264,63,60,3,3
57265,65,72,-7,7
57266,105,105,0,0
57267,38,56,-18,18
57268,57,51,6,6
57269,94,97,-3,3
57270,87,80,7,7
57271,68,69,-1,1
57272,66,77,-11,11
57273,87,80,7,7
57274,121,120,1,1
57275,104,100,4,4
57276,124,123,1,1
57277,158,139,19,19
57278,30,48,-18,18
57279,101,113,-12,12
57280,86,68,18,18
57281,93,77,16,16
57282,123,140,-17,17
57283,102,96,6,6
57284,142,165,-23,23
57285,61,84,-23,23
57286,75,83,-8,8
57287,125,135,-10,10
57288,95,92,3,3
57289,171,166,5,5
57290,96,132,-36,36
57291,123,119,4,4
57292,106,115,-9,9
57293,62,56,6,6
57294,87,79,8,8
57295,57,56,1,1
57296,56,58,-2,2
57297,124,119,5,5
57298,81,74,7,7
57299,109,96,13,13
57300,165,159,6,6
57301,171,141,30,30
57302,104,103,1,1
57303,59,72,-13,13
57304,40,57,-17,17
57305,74,90,-16,16
57306,127,129,-2,2
57307,73,81,-8,8
57308,130,118,12,12
57309,47,67,-20,20
57310,59,78,-19,19
57311,156,149,7,7
57312,101,89,12,12
57313,89,63,26,26
57314,95,95,0,0
57315,60,67,-7,7
57316,91,92,-1,1
57317,74,71,3,3
57318,160,137,23,23
57319,114,115,-1,1
57320,148,148,0,0
57321,80,78,2,2
57322,24,62,-38,38
57323,52,61,-9,9
57324,259,247,12,12
57325,44,55,-11,11
57326,149,135,14,14
57327,57,66,-9,9
57328,126,137,-11,11
57329,142,131,11,11
57330,111,113,-2,2
57331,167,168,-1,1
57332,76,72,4,4
57333,69,64,5,5
57334,110,123,-13,13
57335,92,92,0,0
57336,99,82,17,17
57337,95,99,-4,4
57338,114,99,15,15
57339,91,92,-1,1
57340,104,95,9,9
57341,84,82,2,2
57342,164,137,27,27
57343,44,61,-17,17
57344,75,72,3,3
57345,95,86,9,9
57346,27,44,-17,17
57347,81,94,-13,13
57348,72,67,5,5
57349,100,92,8,8
57350,131,116,15,15
57351,61,67,-6,6
57352,89,80,9,9
57353,65,71,-6,6
57354,53,58,-5,5
57355,103,114,-11,11
57356,129,126,3,3
57357,114,100,14,14
57358,102,104,-2,2
57359,87,89,-2,2
57360,77,63,14,14
57361,72,85,-13,13
57362,71,64,7,7
57363,67,59,8,8
57364,116,119,-3,3
57365,102,97,5,5
57366,83,71,12,12
57367,55,58,-3,3
57368,71,75,-4,4
57369,84,71,13,13
57370,98,89,9,9
57371,101,93,8,8
57372,82,71,11,11
57373,117,114,3,3
57374,126,126,0,0
57375,66,75,-9,9
57376,81,83,-2,2
57377,189,207,-18,18
57378,90,84,6,6
57379,86,78,8,8
57380,107,101,6,6
57381,117,140,-23,23
57382,54,64,-10,10
57383,81,88,-7,7
57384,85,82,3,3
57385,88,86,2,2
57386,57,65,-8,8
57387,103,99,4,4
57388,103,97,6,6
57389,95,95,0,0
57390,107,98,9,9
57391,91,85,6,6
57392,111,132,-21,21
57393,200,179,21,21
57394,83,80,3,3
57395,86,82,4,4
57396,80,81,-1,1
57397,109,108,1,1
57398,69,66,3,3
57399,78,78,0,0
57400,70,84,-14,14
57401,77,77,0,0
57402,69,59,10,10
57403,96,92,4,4
57404,121,140,-19,19
57405,90,94,-4,4
57406,152,148,4,4
57407,91,84,7,7
57408,89,86,3,3
57409,104,91,13,13
57410,88,66,22,22
57411,113,108,5,5
57412,81,87,-6,6
57413,92,84,8,8
57414,112,93,19,19
57415,113,117,-4,4
57416,119,112,7,7
57417,68,74,-6,6
57418,183,159,24,24
57419,154,142,12,12
57420,115,113,2,2
57421,173,179,-6,6
57422,108,100,8,8
57423,124,133,-9,9
57424,71,76,-5,5
57425,84,74,10,10
57426,80,69,11,11
57427,90,98,-8,8
57428,74,69,5,5
57429,89,79,10,10
57430,81,85,-4,4
57431,100,89,11,11
57432,136,137,-1,1
57433,55,59,-4,4
57434,105,105,0,0
57435,77,68,9,9
57436,192,196,-4,4
57437,99,90,9,9
57438,90,86,4,4
57439,134,124,10,10
57440,113,113,0,0
57441,90,80,10,10
57442,150,129,21,21
57443,52,68,-16,16
57444,102,92,10,10
57445,55,62,-7,7
57446,110,103,7,7
57447,57,62,-5,5
57448,57,68,-11,11
57449,97,94,3,3
57450,117,123,-6,6
57451,83,91,-8,8
57452,121,115,6,6
57453,58,58,0,0
57454,101,97,4,4
57455,63,73,-10,10
57456,105,111,-6,6
57457,94,78,16,16
57458,138,138,0,0
57459,62,64,-2,2
57460,113,113,0,0
57461,50,51,-1,1
57462,90,89,1,1
57463,135,136,-1,1
57464,68,62,6,6
57465,94,79,15,15
57466,63,58,5,5
57467,179,184,-5,5
57468,78,76,2,2
57469,197,185,12,12
57470,124,126,-2,2
57471,115,122,-7,7
57472,105,99,6,6
57473,135,121,14,14
57474,59,72,-13,13
57475,75,79,-4,4
57476,131,116,15,15
57477,125,120,5,5
57478,82,82,0,0
57479,193,176,17,17
57480,23,40,-17,17
57481,67,72,-5,5
57482,204,206,-2,2
57483,78,72,6,6
57484,95,90,5,5
57485,143,135,8,8
57486,69,71,-2,2
57487,78,72,6,6
57488,185,194,-9,9
57489,60,60,0,0
57490,93,77,16,16
57491,49,59,-10,10
57492,151,131,20,20
57493,93,83,10,10
57494,109,110,-1,1
57495,58,55,3,3
57496,132,114,18,18
57497,85,70,15,15
57498,118,94,24,24
57499,69,62,7,7
57500,76,70,6,6
57501,68,76,-8,8
57502,68,61,7,7
57503,103,110,-7,7
57504,116,113,3,3
57505,189,175,14,14
57506,64,68,-4,4
57507,54,59,-5,5
57508,99,100,-1,1
57509,140,131,9,9
57510,52,62,-10,10
57511,144,149,-5,5
57512,96,86,10,10
57513,60,68,-8,8
57514,131,129,2,2
57515,101,108,-7,7
57516,21,46,-25,25
57517,77,75,2,2
57518,94,85,9,9
57519,64,58,6,6
57520,77,83,-6,6
57521,89,87,2,2
57522,68,68,0,0
57523,100,68,32,32
57524,94,95,-1,1
57525,99,95,4,4
57526,104,106,-2,2
57527,76,74,2,2
57528,41,61,-20,20
57529,89,79,10,10
57530,159,141,18,18
57531,145,129,16,16
57532,89,83,6,6
57533,117,114,3,3
57534,56,70,-14,14
57535,112,113,-1,1
57536,59,58,1,1
57537,54,59,-5,5
57538,83,74,9,9
57539,70,74,-4,4
57540,64,61,3,3
57541,134,132,2,2
57542,107,110,-3,3
57543,81,79,2,2
57544,117,120,-3,3
57545,123,124,-1,1
57546,114,105,9,9
57547,173,165,8,8
57548,79,76,3,3
57549,117,106,11,11
57550,32,44,-12,12
57551,87,87,0,0
57552,189,196,-7,7
57553,70,82,-12,12
57554,155,128,27,27
57555,81,77,4,4
57556,168,168,0,0
57557,114,111,3,3
57558,153,152,1,1
57559,124,111,13,13
57560,51,69,-18,18
57561,105,109,-4,4
57562,101,114,-13,13
57563,86,85,1,1
57564,129,121,8,8
57565,122,114,8,8
57566,149,145,4,4
57567,85,78,7,7
57568,73,72,1,1
57569,66,70,-4,4
57570,180,167,13,13
57571,33,48,-15,15
57572,70,73,-3,3
57573,101,124,-23,23
57574,89,85,4,4
57575,120,125,-5,5
57576,121,112,9,9
57577,91,91,0,0
57578,90,82,8,8
57579,121,109,12,12
57580,154,159,-5,5
57581,110,99,11,11
57582,65,67,-2,2
57583,107,119,-12,12
57584,141,130,11,11
57585,61,70,-9,9
57586,119,127,-8,8
57587,135,134,1,1
57588,185,162,23,23
57589,46,55,-9,9
57590,89,93,-4,4
57591,134,128,6,6
57592,102,97,5,5
57593,138,135,3,3
57594,104,90,14,14
57595,176,160,16,16
57596,112,108,4,4
57597,135,128,7,7
57598,119,114,5,5
57599,82,73,9,9
57600,99,103,-4,4
57601,119,110,9,9
57602,98,100,-2,2
57603,96,94,2,2
57604,90,99,-9,9
57605,81,72,9,9
57606,65,68,-3,3
57607,120,114,6,6
57608,90,86,4,4
57609,80,80,0,0
57610,81,86,-5,5
57611,78,96,-18,18
57612,82,71,11,11
57613,155,137,18,18
57614,77,84,-7,7
57615,116,118,-2,2
57616,78,72,6,6
57617,69,67,2,2
57618,64,65,-1,1
57619,88,83,5,5
57620,56,52,4,4
57621,62,74,-12,12
57622,49,56,-7,7
57623,120,104,16,16
57624,154,154,0,0
57625,86,81,5,5
57626,61,64,-3,3
57627,66,63,3,3
57628,145,125,20,20
57629,83,83,0,0
57630,136,118,18,18
57631,88,89,-1,1
57632,71,61,10,10
57633,93,81,12,12
57634,97,85,12,12
57635,94,76,18,18
57636,97,105,-8,8
57637,57,71,-14,14
57638,142,137,5,5
57639,119,113,6,6
57640,87,87,0,0
57641,131,137,-6,6
57642,119,122,-3,3
57643,76,72,4,4
57644,55,60,-5,5
57645,106,92,14,14
57646,70,70,0,0
57647,103,100,3,3
57648,96,88,8,8
57649,150,148,2,2
57650,128,133,-5,5
57651,38,52,-14,14
57652,65,77,-12,12
57653,79,71,8,8
57654,96,91,5,5
57655,88,76,12,12
57656,185,217,-32,32
57657,81,72,9,9
57658,151,139,12,12
57659,94,84,10,10
57660,72,74,-2,2
57661,110,107,3,3
57662,109,94,15,15
57663,80,79,1,1
57664,68,71,-3,3
57665,111,95,16,16
57666,67,71,-4,4
57667,95,92,3,3
57668,114,120,-6,6
57669,51,52,-1,1
57670,111,105,6,6
57671,118,108,10,10
57672,157,127,30,30
57673,82,83,-1,1
57674,119,97,22,22
57675,73,68,5,5
57676,88,83,5,5
57677,46,58,-12,12
57678,61,66,-5,5
57679,81,81,0,0
57680,117,108,9,9
57681,87,84,3,3
57682,71,64,7,7
57683,70,77,-7,7
57684,98,96,2,2
57685,89,93,-4,4
57686,100,88,12,12
57687,124,111,13,13
57688,166,158,8,8
57689,90,87,3,3
57690,43,58,-15,15
57691,175,166,9,9
57692,104,100,4,4
57693,180,171,9,9
57694,57,68,-11,11
57695,36,61,-25,25
57696,144,168,-24,24
57697,136,128,8,8
57698,56,57,-1,1
57699,93,93,0,0
57700,91,87,4,4
57701,98,90,8,8
57702,82,67,15,15
57703,101,107,-6,6
57704,113,110,3,3
57705,53,60,-7,7
57706,55,61,-6,6
57707,120,105,15,15
57708,105,106,-1,1
57709,71,74,-3,3
57710,78,75,3,3
57711,165,164,1,1
57712,82,90,-8,8
57713,126,115,11,11
57714,114,106,8,8
57715,143,133,10,10
57716,118,111,7,7
57717,94,90,4,4
57718,41,59,-18,18
57719,67,58,9,9
57720,83,79,4,4
57721,119,106,13,13
57722,62,63,-1,1
57723,55,53,2,2
57724,95,94,1,1
57725,91,97,-6,6
57726,68,71,-3,3
57727,144,148,-4,4
57728,64,64,0,0
57729,43,56,-13,13
57730,81,81,0,0
57731,94,79,15,15
57732,77,80,-3,3
57733,167,160,7,7
57734,51,67,-16,16
57735,117,101,16,16
57736,93,88,5,5
57737,71,72,-1,1
57738,64,70,-6,6
57739,168,152,16,16
57740,98,92,6,6
57741,38,52,-14,14
57742,124,111,13,13
57743,104,102,2,2
57744,45,55,-10,10
57745,36,49,-13,13
57746,82,74,8,8
57747,120,105,15,15
57748,108,104,4,4
57749,43,48,-5,5
57750,85,76,9,9
57751,146,128,18,18
57752,82,91,-9,9
57753,115,109,6,6
57754,98,80,18,18
57755,87,74,13,13
57756,124,132,-8,8
57757,86,75,11,11
57758,92,106,-14,14
57759,109,83,26,26
57760,125,114,11,11
57761,140,146,-6,6
57762,84,100,-16,16
57763,66,59,7,7
57764,131,118,13,13
57765,81,83,-2,2
57766,88,84,4,4
57767,143,158,-15,15
57768,74,78,-4,4
57769,118,126,-8,8
57770,56,66,-10,10
57771,61,67,-6,6
57772,112,111,1,1
57773,119,105,14,14
57774,102,90,12,12
57775,101,130,-29,29
57776,71,64,7,7
57777,118,114,4,4
57778,119,134,-15,15
57779,83,74,9,9
57780,133,118,15,15
57781,57,70,-13,13
57782,87,92,-5,5
57783,6,93,-87,87
57784,76,78,-2,2
57785,124,120,4,4
57786,28,53,-25,25
57787,65,66,-1,1
57788,86,81,5,5
57789,111,108,3,3
57790,59,67,-8,8
57791,94,94,0,0
57792,97,116,-19,19
57793,115,111,4,4
57794,75,79,-4,4
57795,144,135,9,9
57796,86,90,-4,4
57797,74,71,3,3
57798,102,109,-7,7
57799,79,86,-7,7
57800,99,96,3,3
57801,140,157,-17,17
57802,101,96,5,5
57803,156,146,10,10
57804,92,83,9,9
57805,70,61,9,9
57806,59,67,-8,8
57807,116,109,7,7
57808,138,135,3,3
57809,136,147,-11,11
57810,61,55,6,6
57811,53,56,-3,3
57812,79,70,9,9
57813,90,80,10,10
57814,127,120,7,7
57815,177,155,22,22
57816,110,117,-7,7
57817,129,118,11,11
57818,106,118,-12,12
57819,74,77,-3,3
57820,154,158,-4,4
57821,129,124,5,5
57822,73,75,-2,2
57823,77,76,1,1
57824,84,89,-5,5
57825,103,89,14,14
57826,90,113,-23,23
57827,109,100,9,9
57828,68,60,8,8
57829,72,69,3,3
57830,105,112,-7,7
57831,65,67,-2,2
57832,95,96,-1,1
57833,133,127,6,6
57834,103,94,9,9
57835,107,107,0,0
57836,79,75,4,4
57837,116,107,9,9
57838,91,78,13,13
57839,72,80,-8,8
57840,66,74,-8,8
57841,147,133,14,14
57842,90,101,-11,11
57843,192,237,-45,45
57844,98,115,-17,17
57845,105,95,10,10
57846,44,62,-18,18
57847,102,89,13,13
57848,82,85,-3,3
57849,107,99,8,8
57850,102,94,8,8
57851,135,125,10,10
57852,157,137,20,20
57853,61,57,4,4
57854,155,151,4,4
57855,121,136,-15,15
57856,77,80,-3,3
57857,142,133,9,9
57858,95,79,16,16
57859,104,92,12,12
57860,77,78,-1,1
57861,135,132,3,3
57862,101,98,3,3
57863,65,62,3,3
57864,108,106,2,2
57865,46,65,-19,19
57866,196,205,-9,9
57867,83,94,-11,11
57868,92,79,13,13
57869,66,63,3,3
57870,87,90,-3,3
57871,76,68,8,8
57872,24,50,-26,26
57873,94,103,-9,9
57874,85,69,16,16
57875,147,209,-62,62
57876,104,108,-4,4
57877,97,86,11,11
57878,159,145,14,14
57879,103,98,5,5
57880,114,114,0,0
57881,133,127,6,6
57882,66,61,5,5
57883,101,97,4,4
57884,71,72,-1,1
57885,85,86,-1,1
57886,87,72,15,15
57887,116,88,28,28
57888,88,75,13,13
57889,64,65,-1,1
57890,48,66,-18,18
57891,55,55,0,0
57892,61,88,-27,27
57893,86,99,-13,13
57894,56,68,-12,12
57895,58,56,2,2
57896,77,74,3,3
57897,70,82,-12,12
57898,78,80,-2,2
57899,136,140,-4,4
57900,69,73,-4,4
57901,68,60,8,8
57902,102,97,5,5
57903,67,66,1,1
57904,82,78,4,4
57905,54,61,-7,7
57906,70,69,1,1
57907,83,73,10,10
57908,129,112,17,17
57909,43,54,-11,11
57910,46,48,-2,2
57911,119,112,7,7
57912,50,52,-2,2
57913,76,72,4,4
57914,168,171,-3,3
57915,83,70,13,13
57916,116,108,8,8
57917,121,133,-12,12
57918,96,99,-3,3
57919,126,135,-9,9
57920,86,90,-4,4
57921,85,74,11,11
57922,93,82,11,11
57923,52,57,-5,5
57924,129,131,-2,2
57925,87,83,4,4
57926,38,61,-23,23
57927,61,75,-14,14
57928,77,73,4,4
57929,73,74,-1,1
57930,143,148,-5,5
57931,59,61,-2,2
57932,57,59,-2,2
57933,64,61,3,3
57934,140,134,6,6
57935,109,114,-5,5
57936,91,83,8,8
57937,64,62,2,2
57938,105,86,19,19
57939,121,104,17,17
57940,65,61,4,4
57941,80,94,-14,14
57942,75,82,-7,7
57943,90,79,11,11
57944,93,101,-8,8
57945,60,70,-10,10
57946,75,74,1,1
57947,97,95,2,2
57948,130,125,5,5
57949,111,94,17,17
57950,82,77,5,5
57951,102,91,11,11
57952,72,74,-2,2
57953,180,173,7,7
57954,71,81,-10,10
57955,92,89,3,3
57956,109,108,1,1
57957,113,103,10,10
57958,117,92,25,25
57959,105,99,6,6
57960,85,77,8,8
57961,75,63,12,12
57962,77,74,3,3
57963,79,80,-1,1
57964,106,97,9,9
57965,52,62,-10,10
57966,107,78,29,29
57967,89,86,3,3
57968,150,145,5,5
57969,84,79,5,5
57970,78,82,-4,4
57971,124,111,13,13
57972,58,71,-13,13
57973,110,107,3,3
57974,108,99,9,9
57975,95,108,-13,13
57976,139,119,20,20
57977,92,93,-1,1
57978,63,66,-3,3
57979,81,83,-2,2
57980,103,91,12,12
57981,75,72,3,3
57982,75,78,-3,3
57983,125,125,0,0
57984,98,103,-5,5
57985,101,93,8,8
57986,73,84,-11,11
57987,95,94,1,1
57988,120,101,19,19
57989,90,98,-8,8
57990,178,167,11,11
57991,111,114,-3,3
57992,90,84,6,6
57993,91,73,18,18
57994,92,80,12,12
57995,77,70,7,7
57996,87,74,13,13
57997,121,112,9,9
57998,99,81,18,18
57999,119,124,-5,5
58000,85,91,-6,6
58001,102,103,-1,1
58002,102,91,11,11
58003,68,63,5,5
58004,159,148,11,11
58005,91,72,19,19
58006,85,83,2,2
58007,77,76,1,1
58008,136,130,6,6
58009,182,156,26,26
58010,101,98,3,3
58011,63,72,-9,9
58012,89,98,-9,9
58013,78,77,1,1
58014,104,86,18,18
58015,113,112,1,1
58016,88,80,8,8
58017,87,83,4,4
58018,182,163,19,19
58019,97,87,10,10
58020,123,124,-1,1
58021,93,118,-25,25
58022,77,72,5,5
58023,87,86,1,1
58024,71,76,-5,5
58025,60,67,-7,7
58026,95,98,-3,3
58027,92,79,13,13
58028,78,78,0,0
58029,84,88,-4,4
58030,153,143,10,10
58031,140,152,-12,12
58032,99,83,16,16
58033,57,66,-9,9
58034,83,79,4,4
58035,79,79,0,0
58036,87,88,-1,1
58037,85,89,-4,4
58038,80,73,7,7
58039,69,72,-3,3
58040,68,70,-2,2
58041,94,91,3,3
58042,79,80,-1,1
58043,115,107,8,8
58044,59,70,-11,11
58045,183,192,-9,9
58046,64,61,3,3
58047,109,106,3,3
58048,54,57,-3,3
58049,62,58,4,4
58050,69,78,-9,9
58051,62,64,-2,2
58052,71,78,-7,7
58053,140,131,9,9
58054,73,69,4,4
58055,124,123,1,1
58056,86,92,-6,6
58057,142,154,-12,12
58058,170,163,7,7
58059,69,65,4,4
58060,124,135,-11,11
58061,123,125,-2,2
58062,104,90,14,14
58063,65,66,-1,1
58064,110,107,3,3
58065,80,63,17,17
58066,66,66,0,0
58067,96,70,26,26
58068,116,116,0,0
58069,74,64,10,10
58070,59,58,1,1
58071,64,58,6,6
58072,115,116,-1,1
58073,89,78,11,11
58074,136,120,16,16
58075,51,48,3,3
58076,73,72,1,1
58077,68,77,-9,9
58078,116,108,8,8
58079,135,140,-5,5
58080,29,60,-31,31
58081,96,84,12,12
58082,38,54,-16,16
58083,170,176,-6,6
58084,125,120,5,5
58085,160,145,15,15
58086,108,113,-5,5
58087,144,137,7,7
58088,70,64,6,6
58089,100,88,12,12
58090,62,62,0,0
58091,129,116,13,13
58092,99,88,11,11
58093,93,94,-1,1
58094,108,89,19,19
58095,59,58,1,1
58096,43,50,-7,7
58097,119,102,17,17
58098,71,65,6,6
58099,147,168,-21,21
58100,60,71,-11,11
58101,79,79,0,0
58102,64,64,0,0
58103,73,69,4,4
58104,105,104,1,1
58105,80,70,10,10
58106,79,77,2,2
58107,90,82,8,8
58108,89,75,14,14
58109,73,66,7,7
58110,113,115,-2,2
58111,78,70,8,8
58112,63,77,-14,14
58113,142,122,20,20
58114,145,157,-12,12
58115,95,99,-4,4
58116,101,96,5,5
58117,126,108,18,18
58118,154,143,11,11
58119,184,165,19,19
58120,116,122,-6,6
58121,84,82,2,2
58122,129,126,3,3
58123,74,64,10,10
58124,97,88,9,9
58125,88,100,-12,12
58126,102,102,0,0
58127,69,72,-3,3
58128,73,75,-2,2
58129,77,63,14,14
58130,98,87,11,11
58131,78,76,2,2
58132,108,91,17,17
58133,78,71,7,7
58134,86,92,-6,6
58135,70,66,4,4
58136,70,73,-3,3
58137,78,74,4,4
58138,81,75,6,6
58139,55,69,-14,14
58140,37,70,-33,33
58141,80,80,0,0
58142,68,69,-1,1
58143,130,125,5,5
58144,100,94,6,6
58145,71,76,-5,5
58146,97,90,7,7
58147,147,148,-1,1
58148,93,98,-5,5
58149,165,178,-13,13
58150,70,64,6,6
58151,59,63,-4,4
58152,46,56,-10,10
58153,132,115,17,17
58154,90,78,12,12
58155,208,212,-4,4
58156,124,126,-2,2
58157,92,104,-12,12
58158,75,81,-6,6
58159,103,98,5,5
58160,47,55,-8,8
58161,72,66,6,6
58162,65,64,1,1
58163,107,111,-4,4
58164,131,129,2,2
58165,67,78,-11,11
58166,119,116,3,3
58167,63,70,-7,7
58168,153,148,5,5
58169,72,73,-1,1
58170,131,148,-17,17
58171,92,73,19,19
58172,70,65,5,5
58173,93,92,1,1
58174,48,64,-16,16
58175,75,68,7,7
58176,185,200,-15,15
58177,90,66,24,24
58178,53,61,-8,8
58179,130,128,2,2
58180,139,139,0,0
58181,92,97,-5,5
58182,77,103,-26,26
58183,130,113,17,17
58184,88,82,6,6
58185,68,70,-2,2
58186,144,122,22,22
58187,73,70,3,3
58188,136,137,-1,1
58189,115,103,12,12
58190,79,77,2,2
58191,97,86,11,11
58192,70,68,2,2
58193,76,77,-1,1
58194,110,106,4,4
58195,103,115,-12,12
58196,106,94,12,12
58197,82,83,-1,1
58198,82,83,-1,1
58199,64,66,-2,2
58200,108,103,5,5
58201,162,147,15,15
58202,64,70,-6,6
58203,42,49,-7,7
58204,128,116,12,12
58205,93,87,6,6
58206,83,71,12,12
58207,75,67,8,8
58208,113,115,-2,2
58209,131,121,10,10
58210,70,62,8,8
58211,82,85,-3,3
58212,53,59,-6,6
58213,92,98,-6,6
58214,123,115,8,8
58215,132,119,13,13
58216,71,71,0,0
58217,83,79,4,4
58218,52,60,-8,8
58219,102,92,10,10
58220,51,60,-9,9
58221,90,81,9,9
58222,121,127,-6,6
58223,125,125,0,0
58224,66,74,-8,8
58225,99,103,-4,4
58226,71,85,-14,14
58227,103,99,4,4
58228,87,89,-2,2
58229,130,129,1,1
58230,74,67,7,7
58231,171,169,2,2
58232,146,131,15,15
58233,81,80,1,1
58234,72,65,7,7
58235,81,86,-5,5
58236,58,54,4,4
58237,111,98,13,13
58238,148,144,4,4
58239,76,76,0,0
58240,78,69,9,9
58241,91,90,1,1
58242,91,93,-2,2
58243,70,80,-10,10
58244,155,135,20,20
58245,89,81,8,8
58246,55,56,-1,1
58247,97,78,19,19
58248,71,69,2,2
58249,134,140,-6,6
58250,85,67,18,18
58251,76,74,2,2
58252,98,105,-7,7
58253,51,55,-4,4
58254,111,106,5,5
58255,59,59,0,0
58256,112,110,2,2
58257,43,52,-9,9
58258,122,114,8,8
58259,62,46,16,16
58260,57,59,-2,2
58261,94,92,2,2
58262,92,82,10,10
58263,113,130,-17,17
58264,125,114,11,11
58265,98,98,0,0
58266,58,69,-11,11
58267,110,100,10,10
58268,69,74,-5,5
58269,57,61,-4,4
58270,54,53,1,1
58271,69,66,3,3
58272,84,90,-6,6
58273,81,85,-4,4
58274,72,74,-2,2
58275,120,106,14,14
58276,59,53,6,6
58277,121,112,9,9
58278,54,68,-14,14
58279,62,55,7,7
58280,83,68,15,15
58281,85,75,10,10
58282,102,105,-3,3
58283,109,88,21,21
58284,128,136,-8,8
58285,128,116,12,12
58286,155,115,40,40
58287,75,71,4,4
58288,44,56,-12,12
58289,106,115,-9,9
58290,122,109,13,13
58291,99,85,14,14
58292,76,64,12,12
58293,93,88,5,5
58294,59,67,-8,8
58295,115,96,19,19
58296,147,146,1,1
58297,104,104,0,0
58298,56,67,-11,11
58299,119,106,13,13
58300,92,79,13,13
58301,55,62,-7,7
58302,70,62,8,8
58303,79,82,-3,3
58304,106,100,6,6
58305,141,119,22,22
58306,142,133,9,9
58307,100,98,2,2
58308,71,68,3,3
58309,37,46,-9,9
58310,58,58,0,0
58311,107,107,0,0
58312,104,103,1,1
58313,125,123,2,2
58314,95,130,-35,35
58315,164,147,17,17
58316,45,57,-12,12
58317,86,80,6,6
58318,101,84,17,17
58319,117,105,12,12
58320,85,87,-2,2
58321,60,62,-2,2
58322,141,162,-21,21
58323,101,97,4,4
58324,113,100,13,13
58325,108,107,1,1
58326,86,79,7,7
58327,121,114,7,7
58328,165,174,-9,9
58329,58,63,-5,5
58330,165,167,-2,2
58331,99,98,1,1
58332,77,79,-2,2
58333,120,114,6,6
58334,132,122,10,10
58335,138,121,17,17
58336,104,138,-34,34
58337,59,62,-3,3
58338,68,67,1,1
58339,76,79,-3,3
58340,81,91,-10,10
58341,126,111,15,15
58342,125,90,35,35
58343,39,63,-24,24
58344,103,77,26,26
58345,64,66,-2,2
58346,120,105,15,15
58347,53,68,-15,15
58348,81,71,10,10
58349,128,112,16,16
58350,75,73,2,2
58351,67,63,4,4
58352,158,145,13,13
58353,77,91,-14,14
58354,140,139,1,1
58355,75,77,-2,2
58356,114,118,-4,4
58357,82,86,-4,4
58358,96,98,-2,2
58359,142,132,10,10
58360,84,93,-9,9
58361,84,68,16,16
58362,69,62,7,7
58363,63,65,-2,2
58364,83,78,5,5
58365,136,127,9,9
58366,107,104,3,3
58367,95,93,2,2
58368,157,137,20,20
58369,89,93,-4,4
58370,85,81,4,4
58371,102,97,5,5
58372,103,108,-5,5
58373,88,78,10,10
58374,100,92,8,8
58375,69,65,4,4
58376,84,66,18,18
58377,32,48,-16,16
58378,52,60,-8,8
58379,156,153,3,3
58380,71,68,3,3
58381,114,102,12,12
58382,83,82,1,1
58383,81,71,10,10
58384,164,148,16,16
58385,109,104,5,5
58386,89,93,-4,4
58387,125,105,20,20
58388,82,79,3,3
58389,73,76,-3,3
58390,117,140,-23,23
58391,69,61,8,8
58392,98,90,8,8
58393,114,98,16,16
58394,86,84,2,2
58395,112,99,13,13
58396,96,98,-2,2
58397,113,107,6,6
58398,86,93,-7,7
58399,130,120,10,10
58400,80,81,-1,1
58401,134,143,-9,9
58402,158,164,-6,6
58403,59,54,5,5
58404,55,64,-9,9
58405,87,87,0,0
58406,42,50,-8,8
58407,76,72,4,4
58408,62,74,-12,12
58409,119,108,11,11
58410,103,99,4,4
58411,172,179,-7,7
58412,134,140,-6,6
58413,68,67,1,1
58414,62,58,4,4
58415,57,66,-9,9
58416,147,138,9,9
58417,93,87,6,6
58418,116,109,7,7
58419,161,150,11,11
58420,79,98,-19,19
58421,148,142,6,6
58422,118,112,6,6
58423,46,53,-7,7
58424,130,131,-1,1
58425,163,164,-1,1
58426,56,60,-4,4
58427,74,78,-4,4
58428,66,67,-1,1
58429,84,80,4,4
58430,76,85,-9,9
58431,88,83,5,5
58432,69,71,-2,2
58433,60,62,-2,2
58434,75,68,7,7
58435,164,150,14,14
58436,71,75,-4,4
58437,125,111,14,14
58438,86,89,-3,3
58439,62,59,3,3
58440,82,77,5,5
58441,55,64,-9,9
58442,58,70,-12,12
58443,52,63,-11,11
58444,107,98,9,9
58445,82,89,-7,7
58446,118,117,1,1
58447,104,96,8,8
58448,65,61,4,4
58449,148,161,-13,13
58450,104,112,-8,8
58451,189,187,2,2
58452,126,131,-5,5
58453,92,63,29,29
58454,122,119,3,3
58455,75,80,-5,5
58456,99,94,5,5
58457,99,86,13,13
58458,154,155,-1,1
58459,89,94,-5,5
58460,145,153,-8,8
58461,81,74,7,7
58462,146,150,-4,4
58463,171,168,3,3
58464,52,57,-5,5
58465,81,70,11,11
58466,102,102,0,0
58467,137,148,-11,11
58468,43,47,-4,4
58469,93,97,-4,4
58470,62,58,4,4
58471,110,103,7,7
58472,78,64,14,14
58473,112,116,-4,4
58474,64,70,-6,6
58475,52,60,-8,8
58476,51,63,-12,12
58477,71,74,-3,3
58478,62,70,-8,8
58479,54,61,-7,7
58480,81,67,14,14
58481,156,136,20,20
58482,76,85,-9,9
58483,74,67,7,7
58484,63,70,-7,7
58485,59,66,-7,7
58486,45,56,-11,11
58487,127,102,25,25
58488,110,93,17,17
58489,68,64,4,4
58490,89,89,0,0
58491,64,63,1,1
58492,116,114,2,2
58493,68,74,-6,6
58494,211,208,3,3
58495,93,78,15,15
58496,79,74,5,5
58497,84,75,9,9
58498,73,76,-3,3
58499,82,73,9,9
58500,80,85,-5,5
58501,75,77,-2,2
58502,83,83,0,0
58503,123,119,4,4
58504,52,64,-12,12
58505,133,117,16,16
58506,90,88,2,2
58507,70,60,10,10
58508,74,83,-9,9
58509,84,74,10,10
58510,90,84,6,6
58511,92,91,1,1
58512,55,62,-7,7
58513,62,75,-13,13
58514,120,111,9,9
58515,84,87,-3,3
58516,83,67,16,16
58517,95,112,-17,17
58518,79,72,7,7
58519,89,94,-5,5
58520,149,139,10,10
58521,81,111,-30,30
58522,91,85,6,6
58523,87,80,7,7
58524,76,72,4,4
58525,45,54,-9,9
58526,226,228,-2,2
58527,125,121,4,4
58528,148,167,-19,19
58529,60,55,5,5
58530,134,132,2,2
58531,165,144,21,21
58532,129,122,7,7
58533,65,64,1,1
58534,89,85,4,4
58535,95,92,3,3
58536,83,84,-1,1
58537,79,70,9,9
58538,111,103,8,8
58539,83,76,7,7
58540,121,115,6,6
58541,97,100,-3,3
58542,114,116,-2,2
58543,55,58,-3,3
58544,118,104,14,14
58545,95,72,23,23
58546,80,71,9,9
58547,112,107,5,5
58548,127,116,11,11
58549,140,136,4,4
58550,100,173,-73,73
58551,50,50,0,0
58552,130,125,5,5
58553,77,76,1,1
58554,86,90,-4,4
58555,117,98,19,19
58556,163,160,3,3
58557,78,69,9,9
58558,118,111,7,7
58559,110,106,4,4
58560,93,88,5,5
58561,76,88,-12,12
58562,71,71,0,0
58563,85,84,1,1
58564,39,49,-10,10
58565,77,85,-8,8
58566,57,63,-6,6
58567,68,67,1,1
58568,74,70,4,4
58569,80,75,5,5
58570,86,92,-6,6
58571,55,60,-5,5
58572,129,111,18,18
58573,181,200,-19,19
58574,71,71,0,0
58575,106,130,-24,24
58576,43,66,-23,23
58577,157,158,-1,1
58578,68,63,5,5
58579,134,118,16,16
58580,137,145,-8,8
58581,71,73,-2,2
58582,48,51,-3,3
58583,45,49,-4,4
58584,75,76,-1,1
58585,67,82,-15,15
58586,108,102,6,6
58587,81,78,3,3
58588,94,88,6,6
58589,229,253,-24,24
58590,58,67,-9,9
58591,75,80,-5,5
58592,97,110,-13,13
58593,142,139,3,3
58594,196,165,31,31
58595,78,77,1,1
58596,101,114,-13,13
58597,100,93,7,7
58598,82,70,12,12
58599,100,96,4,4
58600,81,83,-2,2
58601,81,87,-6,6
58602,106,92,14,14
58603,74,75,-1,1
58604,77,80,-3,3
58605,124,123,1,1
58606,35,51,-16,16
58607,76,81,-5,5
58608,106,99,7,7
58609,83,79,4,4
58610,82,80,2,2
58611,77,74,3,3
58612,113,110,3,3
58613,86,80,6,6
58614,115,101,14,14
58615,98,90,8,8
58616,69,80,-11,11
58617,90,93,-3,3
58618,99,93,6,6
58619,59,65,-6,6
58620,109,98,11,11
58621,72,72,0,0
58622,130,123,7,7
58623,118,127,-9,9
58624,113,105,8,8
58625,98,97,1,1
58626,102,96,6,6
58627,142,124,18,18
58628,95,91,4,4
58629,89,87,2,2
58630,45,70,-25,25
58631,35,52,-17,17
58632,54,66,-12,12
58633,102,85,17,17
58634,27,53,-26,26
58635,66,65,1,1
58636,35,61,-26,26
58637,115,100,15,15
58638,148,149,-1,1
58639,98,92,6,6
58640,115,119,-4,4
58641,79,88,-9,9
58642,84,83,1,1
58643,147,141,6,6
58644,79,74,5,5
58645,62,61,1,1
58646,95,88,7,7
58647,71,71,0,0
58648,66,69,-3,3
58649,84,84,0,0
58650,142,140,2,2
58651,142,130,12,12
58652,91,94,-3,3
58653,102,104,-2,2
58654,105,135,-30,30
58655,66,55,11,11
58656,83,87,-4,4
58657,63,65,-2,2
58658,66,71,-5,5
58659,109,123,-14,14
58660,71,73,-2,2
58661,92,93,-1,1
58662,139,143,-4,4
58663,117,116,1,1
58664,120,119,1,1
58665,94,102,-8,8
58666,99,94,5,5
58667,58,70,-12,12
58668,129,121,8,8
58669,66,73,-7,7
58670,126,104,22,22
58671,111,115,-4,4
58672,54,56,-2,2
58673,153,128,25,25
58674,82,79,3,3
58675,56,56,0,0
58676,59,62,-3,3
58677,146,130,16,16
58678,64,62,2,2
58679,56,59,-3,3
58680,60,70,-10,10
58681,21,58,-37,37
58682,132,135,-3,3
58683,85,93,-8,8
58684,113,103,10,10
58685,81,78,3,3
58686,110,108,2,2
58687,98,90,8,8
58688,86,82,4,4
58689,102,102,0,0
58690,129,144,-15,15
58691,89,83,6,6
58692,121,123,-2,2
58693,104,98,6,6
58694,63,69,-6,6
58695,138,116,22,22
58696,119,140,-21,21
58697,92,90,2,2
58698,113,108,5,5
58699,97,95,2,2
58700,162,157,5,5
58701,41,54,-13,13
58702,112,105,7,7
58703,124,115,9,9
58704,76,77,-1,1
58705,116,114,2,2
58706,86,71,15,15
58707,69,65,4,4
58708,99,100,-1,1
58709,65,73,-8,8
58710,70,76,-6,6
58711,111,95,16,16
58712,79,73,6,6
58713,92,89,3,3
58714,92,80,12,12
58715,126,124,2,2
58716,109,102,7,7
58717,65,68,-3,3
58718,79,75,4,4
58719,160,168,-8,8
58720,75,75,0,0
58721,95,91,4,4
58722,97,97,0,0
58723,102,87,15,15
58724,75,62,13,13
58725,119,124,-5,5
58726,31,51,-20,20
58727,137,123,14,14
58728,99,105,-6,6
58729,135,125,10,10
58730,143,145,-2,2
58731,128,124,4,4
58732,135,125,10,10
58733,56,55,1,1
58734,79,68,11,11
58735,157,134,23,23
58736,103,112,-9,9
58737,147,142,5,5
58738,78,76,2,2
58739,124,124,0,0
58740,57,57,0,0
58741,63,72,-9,9
58742,79,63,16,16
58743,87,89,-2,2
58744,105,93,12,12
58745,119,103,16,16
58746,41,56,-15,15
58747,62,66,-4,4
58748,148,156,-8,8
58749,113,116,-3,3
58750,236,221,15,15
58751,49,65,-16,16
58752,78,90,-12,12
58753,105,108,-3,3
58754,136,130,6,6
58755,93,96,-3,3
58756,55,57,-2,2
58757,87,87,0,0
58758,67,83,-16,16
58759,113,100,13,13
58760,52,64,-12,12
58761,102,120,-18,18
58762,149,124,25,25
58763,65,73,-8,8
58764,106,90,16,16
58765,88,79,9,9
58766,175,164,11,11
58767,116,110,6,6
58768,128,121,7,7
58769,86,79,7,7
58770,154,127,27,27
58771,93,88,5,5
58772,65,89,-24,24
58773,119,113,6,6
58774,81,70,11,11
58775,93,89,4,4
58776,77,80,-3,3
58777,144,111,33,33
58778,105,110,-5,5
58779,111,95,16,16
58780,143,127,16,16
58781,96,93,3,3
58782,86,94,-8,8
58783,78,71,7,7
58784,136,127,9,9
58785,82,84,-2,2
58786,91,88,3,3
58787,83,84,-1,1
58788,106,103,3,3
58789,94,93,1,1
58790,99,103,-4,4
58791,78,74,4,4
58792,154,146,8,8
58793,77,63,14,14
58794,184,168,16,16
58795,192,173,19,19
58796,77,71,6,6
58797,105,112,-7,7
58798,62,68,-6,6
58799,103,95,8,8
58800,59,61,-2,2
58801,77,58,19,19
58802,155,160,-5,5
58803,90,87,3,3
58804,98,125,-27,27
58805,93,86,7,7
58806,132,132,0,0
58807,115,114,1,1
58808,67,69,-2,2
58809,198,215,-17,17
58810,90,91,-1,1
58811,114,112,2,2
58812,108,109,-1,1
58813,77,80,-3,3
58814,114,118,-4,4
58815,126,134,-8,8
58816,86,83,3,3
58817,67,71,-4,4
58818,108,107,1,1
58819,92,91,1,1
58820,123,118,5,5
58821,96,100,-4,4
58822,64,61,3,3
58823,166,164,2,2
58824,218,244,-26,26
58825,89,91,-2,2
58826,76,69,7,7
58827,69,70,-1,1
58828,122,123,-1,1
58829,115,114,1,1
58830,87,118,-31,31
58831,119,113,6,6
58832,95,82,13,13
58833,82,78,4,4
58834,57,58,-1,1
58835,100,106,-6,6
58836,86,71,15,15
58837,101,88,13,13
58838,65,60,5,5
58839,106,106,0,0
58840,75,80,-5,5
58841,142,136,6,6
58842,81,73,8,8
58843,77,78,-1,1
58844,59,56,3,3
58845,130,111,19,19
58846,100,87,13,13
58847,92,94,-2,2
58848,55,49,6,6
58849,101,129,-28,28
58850,66,63,3,3
58851,108,102,6,6
58852,83,85,-2,2
58853,69,64,5,5
58854,140,120,20,20
58855,87,74,13,13
58856,96,98,-2,2
58857,167,164,3,3
58858,72,70,2,2
58859,88,85,3,3
58860,124,108,16,16
58861,91,87,4,4
58862,51,58,-7,7
58863,87,76,11,11
58864,92,94,-2,2
58865,58,60,-2,2
58866,45,54,-9,9
58867,95,84,11,11
58868,134,125,9,9
58869,91,82,9,9
58870,121,116,5,5
58871,51,55,-4,4
58872,58,70,-12,12
58873,48,58,-10,10
58874,75,82,-7,7
58875,46,49,-3,3
58876,56,60,-4,4
58877,87,81,6,6
58878,47,69,-22,22
58879,88,86,2,2
58880,112,106,6,6
58881,56,60,-4,4
58882,104,108,-4,4
58883,61,65,-4,4
58884,96,96,0,0
58885,113,110,3,3
58886,66,67,-1,1
58887,153,161,-8,8
58888,115,128,-13,13
58889,100,96,4,4
58890,73,65,8,8
58891,89,68,21,21
58892,101,107,-6,6
58893,82,89,-7,7
58894,89,96,-7,7
58895,94,95,-1,1
58896,93,84,9,9
58897,113,107,6,6
58898,129,112,17,17
58899,68,64,4,4
58900,68,68,0,0
58901,94,93,1,1
58902,157,154,3,3
58903,99,93,6,6
58904,54,68,-14,14
58905,123,113,10,10
58906,94,76,18,18
58907,183,192,-9,9
58908,74,70,4,4
58909,59,60,-1,1
58910,173,166,7,7
58911,122,113,9,9
58912,75,80,-5,5
58913,77,77,0,0
58914,63,65,-2,2
58915,90,99,-9,9
58916,56,60,-4,4
58917,82,89,-7,7
58918,86,103,-17,17
58919,149,150,-1,1
58920,108,96,12,12
58921,73,74,-1,1
58922,67,70,-3,3
58923,93,84,9,9
58924,55,59,-4,4
58925,108,114,-6,6
58926,118,115,3,3
58927,30,50,-20,20
58928,70,49,21,21
58929,94,92,2,2
58930,84,80,4,4
58931,77,75,2,2
58932,64,66,-2,2
58933,103,103,0,0
58934,93,114,-21,21
58935,91,80,11,11
58936,65,68,-3,3
58937,108,93,15,15
58938,117,105,12,12
58939,45,53,-8,8
58940,113,113,0,0
58941,70,60,10,10
58942,75,96,-21,21
58943,79,87,-8,8
58944,59,50,9,9
58945,59,66,-7,7
58946,42,64,-22,22
58947,96,77,19,19
58948,109,101,8,8
58949,95,101,-6,6
58950,126,125,1,1
58951,89,88,1,1
58952,99,98,1,1
58953,145,147,-2,2
58954,108,97,11,11
58955,84,87,-3,3
58956,82,79,3,3
58957,171,148,23,23
58958,103,97,6,6
58959,118,111,7,7
58960,180,173,7,7
58961,61,60,1,1
58962,163,137,26,26
58963,135,140,-5,5
58964,152,146,6,6
58965,109,95,14,14
58966,61,74,-13,13
58967,108,105,3,3
58968,181,201,-20,20
58969,104,111,-7,7
58970,105,99,6,6
58971,68,68,0,0
58972,116,143,-27,27
58973,144,137,7,7
58974,85,86,-1,1
58975,141,153,-12,12
58976,152,163,-11,11
58977,114,113,1,1
58978,143,133,10,10
58979,155,152,3,3
58980,191,188,3,3
58981,102,93,9,9
58982,77,75,2,2
58983,97,92,5,5
58984,85,92,-7,7
58985,82,63,19,19
58986,83,70,13,13
58987,64,66,-2,2
58988,135,132,3,3
58989,86,71,15,15
58990,59,54,5,5
58991,71,62,9,9
58992,65,56,9,9
58993,134,128,6,6
58994,85,86,-1,1
58995,159,145,14,14
58996,145,153,-8,8
58997,66,68,-2,2
58998,71,67,4,4
58999,154,142,12,12
59000,159,155,4,4
59001,50,56,-6,6
59002,95,91,4,4
59003,81,90,-9,9
59004,128,111,17,17
59005,79,80,-1,1
59006,93,90,3,3
59007,156,146,10,10
59008,107,89,18,18
59009,48,56,-8,8
59010,49,62,-13,13
59011,52,110,-58,58
59012,43,47,-4,4
59013,166,165,1,1
59014,59,67,-8,8
59015,97,81,16,16
59016,143,164,-21,21
59017,107,115,-8,8
59018,122,115,7,7
59019,77,72,5,5
59020,77,86,-9,9
59021,52,52,0,0
59022,70,67,3,3
59023,93,88,5,5
59024,93,106,-13,13
59025,110,111,-1,1
59026,53,67,-14,14
59027,67,67,0,0
59028,185,176,9,9
59029,90,72,18,18
59030,107,98,9,9
59031,148,152,-4,4
59032,119,114,5,5
59033,95,104,-9,9
59034,112,98,14,14
59035,171,171,0,0
59036,110,82,28,28
59037,76,69,7,7
59038,99,95,4,4
59039,94,103,-9,9
59040,107,111,-4,4
59041,73,72,1,1
59042,133,115,18,18
59043,70,84,-14,14
59044,80,64,16,16
59045,149,139,10,10
59046,78,51,27,27
59047,95,86,9,9
59048,79,89,-10,10
59049,42,59,-17,17
59050,73,78,-5,5
59051,346,295,51,51
59052,70,75,-5,5
59053,75,74,1,1
59054,144,154,-10,10
59055,63,59,4,4
59056,80,78,2,2
59057,124,109,15,15
59058,69,70,-1,1
59059,99,91,8,8
59060,140,116,24,24
59061,117,110,7,7
59062,58,61,-3,3
59063,84,86,-2,2
59064,47,49,-2,2
59065,86,76,10,10
59066,52,61,-9,9
59067,77,77,0,0
59068,69,63,6,6
59069,107,94,13,13
59070,118,95,23,23
59071,81,95,-14,14
59072,109,101,8,8
59073,97,100,-3,3
59074,85,78,7,7
59075,81,81,0,0
59076,65,66,-1,1
59077,101,109,-8,8
59078,90,94,-4,4
59079,68,72,-4,4
59080,59,55,4,4
59081,97,105,-8,8
59082,104,102,2,2
59083,52,57,-5,5
59084,58,74,-16,16
59085,64,67,-3,3
59086,92,91,1,1
59087,179,170,9,9
59088,112,104,8,8
59089,100,110,-10,10
59090,60,58,2,2
59091,102,102,0,0
59092,111,99,12,12
59093,100,94,6,6
59094,80,81,-1,1
59095,89,89,0,0
59096,124,131,-7,7
59097,70,71,-1,1
59098,85,95,-10,10
59099,79,78,1,1
59100,74,69,5,5
59101,66,61,5,5
59102,75,73,2,2
59103,83,75,8,8
59104,65,65,0,0
59105,119,117,2,2
59106,102,89,13,13
59107,81,82,-1,1
59108,77,74,3,3
59109,81,75,6,6
59110,94,96,-2,2
59111,103,102,1,1
59112,104,92,12,12
59113,118,104,14,14
59114,90,90,0,0
59115,71,69,2,2
59116,114,102,12,12
59117,120,100,20,20
59118,85,78,7,7
59119,79,82,-3,3
59120,49,61,-12,12
59121,74,73,1,1
59122,99,91,8,8
59123,106,113,-7,7
59124,89,83,6,6
59125,21,45,-24,24
59126,114,109,5,5
59127,90,96,-6,6
59128,129,118,11,11
59129,64,71,-7,7
59130,44,55,-11,11
59131,150,134,16,16
59132,136,143,-7,7
59133,119,121,-2,2
59134,68,76,-8,8
59135,87,87,0,0
59136,66,71,-5,5
59137,103,103,0,0
59138,117,110,7,7
59139,111,87,24,24
59140,112,91,21,21
59141,101,84,17,17
59142,143,145,-2,2
59143,81,77,4,4
59144,180,160,20,20
59145,61,58,3,3
59146,131,121,10,10
59147,70,80,-10,10
59148,107,112,-5,5
59149,135,130,5,5
59150,92,83,9,9
59151,81,84,-3,3
59152,108,102,6,6
59153,90,86,4,4
59154,86,68,18,18
59155,127,115,12,12
59156,47,50,-3,3
59157,130,131,-1,1
59158,84,86,-2,2
59159,79,78,1,1
59160,91,83,8,8
59161,120,102,18,18
59162,80,70,10,10
59163,59,75,-16,16
59164,81,88,-7,7
59165,143,141,2,2
59166,117,98,19,19
59167,143,142,1,1
59168,154,133,21,21
59169,57,64,-7,7
59170,69,66,3,3
59171,44,48,-4,4
59172,84,86,-2,2
59173,96,85,11,11
59174,80,67,13,13
59175,61,94,-33,33
59176,64,84,-20,20
59177,67,66,1,1
59178,108,105,3,3
59179,87,82,5,5
59180,87,76,11,11
59181,112,89,23,23
59182,147,142,5,5
59183,143,143,0,0
59184,124,124,0,0
59185,160,152,8,8
59186,109,101,8,8
59187,71,68,3,3
59188,138,125,13,13
59189,76,73,3,3
59190,96,85,11,11
59191,94,86,8,8
59192,44,47,-3,3
59193,83,86,-3,3
59194,49,60,-11,11
59195,75,79,-4,4
59196,104,107,-3,3
59197,75,72,3,3
59198,93,95,-2,2
59199,96,107,-11,11
59200,81,87,-6,6
59201,80,73,7,7
59202,97,82,15,15
59203,65,66,-1,1
59204,46,47,-1,1
59205,79,80,-1,1
59206,88,96,-8,8
59207,62,66,-4,4
59208,84,77,7,7
59209,70,71,-1,1
59210,129,141,-12,12
59211,104,73,31,31
59212,116,117,-1,1
59213,126,111,15,15
59214,95,97,-2,2
59215,66,65,1,1
59216,81,75,6,6
59217,133,117,16,16
59218,95,90,5,5
59219,151,145,6,6
59220,88,85,3,3
59221,110,108,2,2
59222,69,58,11,11
59223,106,98,8,8
59224,64,79,-15,15
59225,126,112,14,14
59226,41,43,-2,2
59227,97,96,1,1
59228,46,60,-14,14
59229,52,60,-8,8
59230,66,58,8,8
59231,81,79,2,2
59232,81,79,2,2
59233,85,79,6,6
59234,35,51,-16,16
59235,118,105,13,13
59236,94,91,3,3
59237,92,69,23,23
59238,55,59,-4,4
59239,99,104,-5,5
59240,68,74,-6,6
59241,56,63,-7,7
59242,97,101,-4,4
59243,110,119,-9,9
59244,152,136,16,16
59245,40,68,-28,28
59246,52,56,-4,4
59247,169,182,-13,13
59248,160,152,8,8
59249,78,78,0,0
59250,77,86,-9,9
59251,40,55,-15,15
59252,93,117,-24,24
59253,115,105,10,10
59254,108,106,2,2
59255,69,71,-2,2
59256,126,164,-38,38
59257,133,146,-13,13
59258,116,106,10,10
59259,76,74,2,2
59260,42,66,-24,24
59261,74,74,0,0
59262,145,137,8,8
59263,72,73,-1,1
59264,103,102,1,1
59265,67,65,2,2
59266,139,123,16,16
59267,93,91,2,2
59268,112,101,11,11
59269,176,159,17,17
59270,70,75,-5,5
59271,158,135,23,23
59272,71,74,-3,3
59273,47,56,-9,9
59274,93,89,4,4
59275,57,67,-10,10
59276,75,70,5,5
59277,62,68,-6,6
59278,104,116,-12,12
59279,143,137,6,6
59280,83,67,16,16
59281,75,73,2,2
59282,92,92,0,0
59283,60,56,4,4
59284,117,113,4,4
59285,64,67,-3,3
59286,61,59,2,2
59287,87,79,8,8
59288,175,171,4,4
59289,58,58,0,0
59290,77,73,4,4
59291,96,76,20,20
59292,120,118,2,2
59293,176,159,17,17
59294,132,128,4,4
59295,67,62,5,5
59296,73,74,-1,1
59297,120,140,-20,20
59298,71,70,1,1
59299,63,50,13,13
59300,74,63,11,11
59301,35,63,-28,28
59302,129,113,16,16
59303,132,142,-10,10
59304,75,72,3,3
59305,122,116,6,6
59306,89,83,6,6
59307,90,78,12,12
59308,71,78,-7,7
59309,92,75,17,17
59310,184,182,2,2
59311,59,79,-20,20
59312,90,91,-1,1
59313,100,105,-5,5
59314,83,88,-5,5
59315,83,84,-1,1
59316,78,85,-7,7
59317,106,105,1,1
59318,107,107,0,0
59319,45,59,-14,14
59320,82,79,3,3
59321,85,96,-11,11
59322,109,89,20,20
59323,70,68,2,2
59324,70,71,-1,1
59325,109,113,-4,4
59326,62,63,-1,1
59327,63,65,-2,2
59328,67,70,-3,3
59329,38,57,-19,19
59330,45,64,-19,19
59331,111,97,14,14
59332,99,108,-9,9
59333,52,57,-5,5
59334,93,90,3,3
59335,103,115,-12,12
59336,86,88,-2,2
59337,69,63,6,6
59338,52,82,-30,30
59339,215,185,30,30
59340,90,92,-2,2
59341,54,63,-9,9
59342,110,105,5,5
59343,97,83,14,14
59344,150,102,48,48
59345,142,129,13,13
59346,57,64,-7,7
59347,116,112,4,4
59348,177,153,24,24
59349,109,101,8,8
59350,78,81,-3,3
59351,79,84,-5,5
59352,51,64,-13,13
59353,80,79,1,1
59354,99,107,-8,8
59355,49,56,-7,7
59356,153,159,-6,6
59357,174,180,-6,6
59358,100,90,10,10
59359,147,140,7,7
59360,75,106,-31,31
59361,138,129,9,9
59362,78,72,6,6
59363,77,82,-5,5
59364,93,81,12,12
59365,148,139,9,9
59366,176,160,16,16
59367,74,74,0,0
59368,178,190,-12,12
59369,107,110,-3,3
59370,103,83,20,20
59371,125,125,0,0
59372,119,109,10,10
59373,98,95,3,3
59374,69,60,9,9
59375,72,62,10,10
59376,81,87,-6,6
59377,54,62,-8,8
59378,110,115,-5,5
59379,84,83,1,1
59380,148,149,-1,1
59381,61,61,0,0
59382,94,95,-1,1
59383,79,89,-10,10
59384,77,74,3,3
59385,83,80,3,3
59386,102,90,12,12
59387,99,99,0,0
59388,104,96,8,8
59389,128,133,-5,5
59390,73,72,1,1
59391,85,81,4,4
59392,123,135,-12,12
59393,87,86,1,1
59394,135,120,15,15
59395,71,73,-2,2
59396,81,95,-14,14
59397,64,71,-7,7
59398,71,66,5,5
59399,105,97,8,8
59400,59,70,-11,11
59401,140,131,9,9
59402,161,159,2,2
59403,100,85,15,15
59404,89,93,-4,4
59405,64,77,-13,13
59406,154,161,-7,7
59407,167,140,27,27
59408,178,164,14,14
59409,88,71,17,17
59410,79,91,-12,12
59411,72,73,-1,1
59412,85,79,6,6
59413,92,83,9,9
59414,71,77,-6,6
59415,60,58,2,2
59416,66,70,-4,4
59417,95,80,15,15
59418,82,75,7,7
59419,82,93,-11,11
59420,91,81,10,10
59421,121,107,14,14
59422,78,78,0,0
59423,148,137,11,11
59424,95,86,9,9
59425,138,134,4,4
59426,61,59,2,2
59427,66,68,-2,2
59428,83,78,5,5
59429,61,65,-4,4
59430,60,52,8,8
59431,56,56,0,0
59432,127,120,7,7
59433,62,64,-2,2
59434,133,129,4,4
59435,79,71,8,8
59436,123,96,27,27
59437,53,61,-8,8
59438,79,87,-8,8
59439,126,108,18,18
59440,117,136,-19,19
59441,136,128,8,8
59442,81,101,-20,20
59443,105,130,-25,25
59444,118,127,-9,9
59445,66,58,8,8
59446,59,64,-5,5
59447,129,125,4,4
59448,93,102,-9,9
59449,87,88,-1,1
59450,45,65,-20,20
59451,64,67,-3,3
59452,121,120,1,1
59453,168,157,11,11
59454,81,66,15,15
59455,99,90,9,9
59456,117,102,15,15
59457,95,78,17,17
59458,66,70,-4,4
59459,122,110,12,12
59460,112,125,-13,13
59461,71,75,-4,4
59462,172,185,-13,13
59463,108,99,9,9
59464,85,79,6,6
59465,130,123,7,7
59466,64,70,-6,6
59467,74,79,-5,5
59468,63,65,-2,2
59469,145,143,2,2
59470,95,92,3,3
59471,138,137,1,1
59472,105,102,3,3
59473,51,62,-11,11
59474,109,115,-6,6
59475,91,104,-13,13
59476,70,70,0,0
59477,129,134,-5,5
59478,106,83,23,23
59479,82,73,9,9
59480,54,65,-11,11
59481,151,160,-9,9
59482,120,115,5,5
59483,151,139,12,12
59484,96,96,0,0
59485,62,70,-8,8
59486,165,158,7,7
59487,138,127,11,11
59488,128,127,1,1
59489,80,69,11,11
59490,94,87,7,7
59491,86,89,-3,3
59492,130,128,2,2
59493,154,145,9,9
59494,81,66,15,15
59495,152,141,11,11
59496,52,67,-15,15
59497,65,69,-4,4
59498,109,91,18,18
59499,72,69,3,3
59500,103,92,11,11
59501,112,110,2,2
59502,65,76,-11,11
59503,77,80,-3,3
59504,189,214,-25,25
59505,178,162,16,16
59506,48,57,-9,9
59507,145,142,3,3
59508,47,69,-22,22
59509,146,143,3,3
59510,118,119,-1,1
59511,78,71,7,7
59512,93,92,1,1
59513,72,73,-1,1
59514,86,85,1,1
59515,118,97,21,21
59516,87,82,5,5
59517,42,58,-16,16
59518,87,100,-13,13
59519,87,88,-1,1
59520,159,147,12,12
59521,96,98,-2,2
59522,50,56,-6,6
59523,76,84,-8,8
59524,111,112,-1,1
59525,140,139,1,1
59526,133,121,12,12
59527,89,98,-9,9
59528,94,84,10,10
59529,60,69,-9,9
59530,67,65,2,2
59531,166,143,23,23
59532,74,75,-1,1
59533,88,85,3,3
59534,113,101,12,12
59535,114,107,7,7
59536,98,85,13,13
59537,52,59,-7,7
59538,109,103,6,6
59539,51,56,-5,5
59540,92,81,11,11
59541,79,87,-8,8
59542,65,70,-5,5
59543,80,77,3,3
59544,130,115,15,15
59545,90,119,-29,29
59546,108,86,22,22
59547,84,92,-8,8
59548,160,155,5,5
59549,53,64,-11,11
59550,62,69,-7,7
59551,65,86,-21,21
59552,65,66,-1,1
59553,61,67,-6,6
59554,35,57,-22,22
59555,113,105,8,8
59556,69,75,-6,6
59557,56,59,-3,3
59558,103,114,-11,11
59559,76,74,2,2
59560,106,114,-8,8
59561,157,154,3,3
59562,150,145,5,5
59563,79,77,2,2
59564,94,84,10,10
59565,59,64,-5,5
59566,135,162,-27,27
59567,91,87,4,4
59568,129,130,-1,1
59569,80,81,-1,1
59570,58,48,10,10
59571,96,76,20,20
59572,160,170,-10,10
59573,80,74,6,6
59574,55,66,-11,11
59575,101,92,9,9
59576,85,77,8,8
59577,68,69,-1,1
59578,95,104,-9,9
59579,110,98,12,12
59580,75,69,6,6
59581,73,71,2,2
59582,90,81,9,9
59583,78,75,3,3
59584,148,137,11,11
59585,94,88,6,6
59586,64,64,0,0
59587,186,166,20,20
59588,40,54,-14,14
59589,74,77,-3,3
59590,140,135,5,5
59591,103,102,1,1
59592,179,151,28,28
59593,209,183,26,26
59594,114,116,-2,2
59595,44,65,-21,21
59596,84,76,8,8
59597,55,53,2,2
59598,150,144,6,6
59599,64,62,2,2
59600,61,64,-3,3
59601,89,79,10,10
59602,129,116,13,13
59603,61,66,-5,5
59604,125,105,20,20
59605,129,124,5,5
59606,94,86,8,8
59607,86,70,16,16
59608,124,127,-3,3
59609,45,41,4,4
59610,131,112,19,19
59611,89,90,-1,1
59612,140,151,-11,11
59613,85,86,-1,1
59614,178,175,3,3
59615,120,110,10,10
59616,135,123,12,12
59617,72,70,2,2
59618,45,64,-19,19
59619,63,67,-4,4
59620,62,71,-9,9
59621,87,80,7,7
59622,165,163,2,2
59623,107,123,-16,16
59624,69,73,-4,4
59625,94,88,6,6
59626,58,59,-1,1
59627,105,96,9,9
59628,115,116,-1,1
59629,92,89,3,3
59630,80,79,1,1
59631,154,154,0,0
59632,61,58,3,3
59633,115,107,8,8
59634,52,71,-19,19
59635,69,68,1,1
59636,58,66,-8,8
59637,92,96,-4,4
59638,56,69,-13,13
59639,94,98,-4,4
59640,70,74,-4,4
59641,126,100,26,26
59642,77,77,0,0
59643,77,75,2,2
59644,160,166,-6,6
59645,69,68,1,1
59646,73,71,2,2
59647,72,77,-5,5
59648,72,71,1,1
59649,124,95,29,29
59650,78,73,5,5
59651,81,82,-1,1
59652,156,153,3,3
59653,67,66,1,1
59654,118,114,4,4
59655,79,78,1,1
59656,81,78,3,3
59657,87,71,16,16
59658,57,65,-8,8
59659,70,202,-132,132
59660,147,100,47,47
59661,141,134,7,7
59662,42,57,-15,15
59663,89,90,-1,1
59664,94,94,0,0
59665,103,96,7,7
59666,100,104,-4,4
59667,56,63,-7,7
59668,85,94,-9,9
59669,77,73,4,4
59670,89,83,6,6
59671,125,146,-21,21
59672,41,66,-25,25
59673,135,112,23,23
59674,70,73,-3,3
59675,51,60,-9,9
59676,86,97,-11,11
59677,100,97,3,3
59678,103,116,-13,13
59679,62,65,-3,3
59680,153,135,18,18
59681,173,166,7,7
59682,137,139,-2,2
59683,107,91,16,16
59684,161,147,14,14
59685,139,139,0,0
59686,62,61,1,1
59687,71,73,-2,2
59688,104,123,-19,19
59689,115,105,10,10
59690,144,146,-2,2
59691,76,76,0,0
59692,168,158,10,10
59693,76,66,10,10
59694,78,77,1,1
59695,94,116,-22,22
59696,92,82,10,10
59697,96,89,7,7
59698,131,123,8,8
59699,93,93,0,0
59700,93,84,9,9
59701,60,61,-1,1
59702,78,74,4,4
59703,72,76,-4,4
59704,141,106,35,35
59705,116,114,2,2
59706,83,98,-15,15
59707,78,80,-2,2
59708,79,72,7,7
59709,113,119,-6,6
59710,46,60,-14,14
59711,93,91,2,2
59712,99,82,17,17
59713,103,108,-5,5
59714,98,86,12,12
59715,113,110,3,3
59716,121,145,-24,24
59717,58,63,-5,5
59718,92,88,4,4
59719,89,98,-9,9
59720,99,94,5,5
59721,89,82,7,7
59722,79,80,-1,1
59723,138,131,7,7
59724,79,73,6,6
59725,73,76,-3,3
59726,88,88,0,0
59727,73,79,-6,6
59728,95,96,-1,1
59729,104,110,-6,6
59730,77,74,3,3
59731,54,65,-11,11
59732,128,119,9,9
59733,88,94,-6,6
59734,89,88,1,1
59735,100,104,-4,4
59736,132,136,-4,4
59737,73,86,-13,13
59738,69,69,0,0
59739,88,75,13,13
59740,127,127,0,0
59741,135,143,-8,8
59742,71,64,7,7
59743,133,131,2,2
59744,98,97,1,1
59745,96,75,21,21
59746,121,114,7,7
59747,110,101,9,9
59748,63,66,-3,3
59749,149,140,9,9
59750,75,80,-5,5
59751,61,70,-9,9
59752,203,184,19,19
59753,106,104,2,2
59754,90,82,8,8
59755,111,89,22,22
59756,98,85,13,13
59757,70,87,-17,17
59758,77,68,9,9
59759,65,80,-15,15
59760,110,108,2,2
59761,82,93,-11,11
59762,135,131,4,4
59763,133,133,0,0
59764,93,88,5,5
59765,96,107,-11,11
59766,83,90,-7,7
59767,83,79,4,4
59768,114,102,12,12
59769,169,177,-8,8
59770,83,66,17,17
59771,87,88,-1,1
59772,80,82,-2,2
59773,64,68,-4,4
59774,185,173,12,12
59775,110,101,9,9
59776,109,106,3,3
59777,52,60,-8,8
59778,103,101,2,2
59779,34,46,-12,12
59780,69,113,-44,44
59781,154,135,19,19
59782,149,132,17,17
59783,81,77,4,4
59784,81,78,3,3
59785,68,69,-1,1
59786,93,86,7,7
59787,57,54,3,3
59788,129,126,3,3
59789,98,85,13,13
59790,117,125,-8,8
59791,76,82,-6,6
59792,36,49,-13,13
59793,130,121,9,9
59794,81,77,4,4
59795,72,87,-15,15
59796,76,70,6,6
59797,63,64,-1,1
59798,97,100,-3,3
59799,61,62,-1,1
59800,85,82,3,3
59801,110,137,-27,27
59802,85,74,11,11
59803,77,90,-13,13
59804,127,115,12,12
59805,49,58,-9,9
59806,85,93,-8,8
59807,83,90,-7,7
59808,132,146,-14,14
59809,136,140,-4,4
59810,73,70,3,3
59811,71,73,-2,2
59812,79,82,-3,3
59813,88,95,-7,7
59814,70,123,-53,53
59815,75,73,2,2
59816,46,44,2,2
59817,101,85,16,16
59818,128,147,-19,19
59819,92,90,2,2
59820,149,124,25,25
59821,122,79,43,43
59822,79,100,-21,21
59823,48,56,-8,8
59824,101,107,-6,6
59825,94,88,6,6
59826,125,120,5,5
59827,91,102,-11,11
59828,78,67,11,11
59829,121,114,7,7
59830,166,148,18,18
59831,96,86,10,10
59832,124,136,-12,12
59833,159,152,7,7
59834,66,67,-1,1
59835,82,69,13,13
59836,75,70,5,5
59837,59,63,-4,4
59838,85,80,5,5
59839,99,84,15,15
59840,148,134,14,14
59841,109,96,13,13
59842,81,77,4,4
59843,99,90,9,9
59844,47,54,-7,7
59845,78,84,-6,6
59846,85,76,9,9
59847,76,80,-4,4
59848,54,56,-2,2
59849,106,102,4,4
59850,83,74,9,9
59851,66,73,-7,7
59852,47,50,-3,3
59853,60,67,-7,7
59854,109,104,5,5
59855,122,117,5,5
59856,92,86,6,6
59857,102,92,10,10
59858,130,135,-5,5
59859,104,92,12,12
59860,106,93,13,13
59861,74,77,-3,3
59862,149,145,4,4
59863,46,65,-19,19
59864,55,56,-1,1
59865,81,66,15,15
59866,86,86,0,0
59867,159,146,13,13
59868,49,58,-9,9
59869,76,75,1,1
59870,109,104,5,5
59871,88,74,14,14
59872,66,66,0,0
59873,95,97,-2,2
59874,123,110,13,13
59875,49,59,-10,10
59876,60,55,5,5
59877,140,139,1,1
59878,72,61,11,11
59879,103,108,-5,5
59880,88,88,0,0
59881,94,90,4,4
59882,97,92,5,5
59883,112,109,3,3
59884,37,54,-17,17
59885,70,68,2,2
59886,217,224,-7,7
59887,159,137,22,22
59888,86,79,7,7
59889,116,111,5,5
59890,76,76,0,0
59891,159,159,0,0
59892,102,98,4,4
59893,72,77,-5,5
59894,102,100,2,2
59895,94,81,13,13
59896,56,64,-8,8
59897,136,137,-1,1
59898,78,68,10,10
59899,75,73,2,2
59900,138,132,6,6
59901,79,75,4,4
59902,89,91,-2,2
59903,63,69,-6,6
59904,59,64,-5,5
59905,127,126,1,1
59906,100,98,2,2
59907,60,58,2,2
59908,100,91,9,9
59909,108,87,21,21
59910,152,146,6,6
59911,118,119,-1,1
59912,81,74,7,7
59913,49,52,-3,3
59914,90,86,4,4
59915,97,87,10,10
59916,90,92,-2,2
59917,138,140,-2,2
59918,116,136,-20,20
59919,86,78,8,8
59920,106,88,18,18
59921,155,148,7,7
59922,100,95,5,5
59923,66,72,-6,6
59924,84,74,10,10
59925,103,94,9,9
59926,56,71,-15,15
59927,100,96,4,4
59928,93,92,1,1
59929,135,134,1,1
59930,32,47,-15,15
59931,93,102,-9,9
59932,107,122,-15,15
59933,62,65,-3,3
59934,59,67,-8,8
59935,91,99,-8,8
59936,75,77,-2,2
59937,73,72,1,1
59938,96,86,10,10
59939,115,117,-2,2
59940,63,70,-7,7
59941,85,83,2,2
59942,72,78,-6,6
59943,158,169,-11,11
59944,91,76,15,15
59945,69,75,-6,6
59946,89,111,-22,22
59947,74,78,-4,4
59948,104,315,-211,211
59949,49,59,-10,10
59950,99,93,6,6
59951,127,116,11,11
59952,73,80,-7,7
59953,49,69,-20,20
59954,87,87,0,0
59955,157,153,4,4
59956,80,83,-3,3
59957,144,121,23,23
59958,83,92,-9,9
59959,131,129,2,2
59960,95,94,1,1
59961,141,137,4,4
59962,89,103,-14,14
59963,59,58,1,1
59964,86,86,0,0
59965,118,109,9,9
59966,78,81,-3,3
59967,148,129,19,19
59968,59,66,-7,7
59969,104,108,-4,4
59970,85,81,4,4
59971,103,104,-1,1
59972,236,218,18,18
59973,66,72,-6,6
59974,50,66,-16,16
59975,77,74,3,3
59976,114,98,16,16
59977,85,82,3,3
59978,88,78,10,10
59979,74,69,5,5
59980,71,78,-7,7
59981,155,153,2,2
59982,62,70,-8,8
59983,100,89,11,11
59984,82,94,-12,12
59985,113,103,10,10
59986,104,98,6,6
59987,104,92,12,12
59988,105,120,-15,15
59989,153,145,8,8
59990,76,75,1,1
59991,85,73,12,12
59992,119,124,-5,5
59993,106,97,9,9
59994,73,77,-4,4
59995,137,121,16,16
59996,79,72,7,7
59997,186,191,-5,5
59998,63,72,-9,9
59999,93,80,13,13
60000,126,136,-10,10
60001,70,74,-4,4
60002,128,122,6,6
60003,61,63,-2,2
60004,83,74,9,9
60005,108,95,13,13
60006,87,97,-10,10
60007,97,105,-8,8
60008,62,64,-2,2
60009,129,125,4,4
60010,124,103,21,21
60011,63,62,1,1
60012,138,128,10,10
60013,53,48,5,5
60014,76,68,8,8
60015,138,141,-3,3
60016,123,127,-4,4
60017,57,53,4,4
60018,83,80,3,3
60019,96,96,0,0
60020,119,123,-4,4
60021,72,62,10,10
60022,78,76,2,2
60023,106,89,17,17
60024,83,72,11,11
60025,71,61,10,10
60026,205,189,16,16
60027,59,60,-1,1
60028,57,57,0,0
60029,90,74,16,16
60030,34,65,-31,31
60031,215,189,26,26
60032,85,82,3,3
60033,158,161,-3,3
60034,136,122,14,14
60035,55,62,-7,7
60036,119,116,3,3
60037,109,147,-38,38
60038,57,52,5,5
60039,92,82,10,10
60040,99,92,7,7
60041,95,92,3,3
60042,74,71,3,3
60043,84,76,8,8
60044,107,97,10,10
60045,78,77,1,1
60046,64,66,-2,2
60047,66,71,-5,5
60048,88,89,-1,1
60049,135,118,17,17
60050,139,129,10,10
60051,126,144,-18,18
60052,82,88,-6,6
60053,70,66,4,4
60054,81,88,-7,7
60055,60,77,-17,17
60056,56,65,-9,9
60057,131,125,6,6
60058,59,66,-7,7
60059,83,72,11,11
60060,145,147,-2,2
60061,86,93,-7,7
60062,102,102,0,0
60063,77,84,-7,7
60064,136,126,10,10
60065,68,57,11,11
60066,81,77,4,4
60067,82,71,11,11
60068,85,80,5,5
60069,121,112,9,9
60070,69,63,6,6
60071,56,57,-1,1
60072,170,170,0,0
60073,123,127,-4,4
60074,71,62,9,9
60075,77,75,2,2
60076,140,127,13,13
60077,141,130,11,11
60078,98,91,7,7
60079,93,82,11,11
60080,69,73,-4,4
60081,104,101,3,3
60082,53,59,-6,6
60083,75,78,-3,3
60084,120,116,4,4
60085,86,99,-13,13
60086,98,97,1,1
60087,84,73,11,11
60088,88,89,-1,1
60089,113,114,-1,1
60090,74,72,2,2
60091,91,85,6,6
60092,149,133,16,16
60093,82,72,10,10
60094,84,80,4,4
60095,195,187,8,8
60096,117,124,-7,7
60097,120,115,5,5
60098,180,164,16,16
60099,80,97,-17,17
60100,122,112,10,10
60101,135,129,6,6
60102,159,165,-6,6
60103,107,102,5,5
60104,76,77,-1,1
60105,85,84,1,1
60106,87,76,11,11
60107,88,87,1,1
60108,41,53,-12,12
60109,78,72,6,6
60110,61,63,-2,2
60111,87,82,5,5
60112,129,114,15,15
60113,84,82,2,2
60114,142,128,14,14
60115,126,121,5,5
60116,89,78,11,11
60117,74,64,10,10
60118,51,75,-24,24
60119,141,126,15,15
60120,83,79,4,4
60121,120,170,-50,50
60122,144,138,6,6
60123,67,72,-5,5
60124,82,79,3,3
60125,67,65,2,2
60126,85,84,1,1
60127,62,57,5,5
60128,106,98,8,8
60129,59,68,-9,9
60130,73,79,-6,6
60131,145,142,3,3
60132,65,66,-1,1
60133,72,63,9,9
60134,118,113,5,5
60135,105,113,-8,8
60136,71,70,1,1
60137,96,96,0,0
60138,111,103,8,8
60139,73,83,-10,10
60140,88,79,9,9
60141,210,218,-8,8
60142,104,90,14,14
60143,76,63,13,13
60144,43,52,-9,9
60145,110,93,17,17
60146,93,77,16,16
60147,114,108,6,6
60148,190,198,-8,8
60149,87,79,8,8
60150,85,87,-2,2
60151,95,93,2,2
60152,97,113,-16,16
60153,58,70,-12,12
60154,126,136,-10,10
60155,145,134,11,11
60156,61,62,-1,1
60157,113,93,20,20
60158,42,50,-8,8
60159,108,102,6,6
60160,93,81,12,12
60161,157,162,-5,5
60162,75,75,0,0
60163,59,62,-3,3
60164,101,90,11,11
60165,83,73,10,10
60166,95,82,13,13
60167,100,97,3,3
60168,69,65,4,4
60169,108,103,5,5
60170,79,68,11,11
60171,105,101,4,4
60172,98,112,-14,14
60173,123,130,-7,7
60174,103,95,8,8
60175,158,159,-1,1
60176,98,97,1,1
60177,128,124,4,4
60178,54,66,-12,12
60179,54,70,-16,16
60180,86,83,3,3
60181,119,115,4,4
60182,67,66,1,1
60183,114,116,-2,2
60184,104,104,0,0
60185,81,75,6,6
60186,84,73,11,11
60187,86,77,9,9
60188,93,90,3,3
60189,75,64,11,11
60190,69,73,-4,4
60191,96,88,8,8
60192,117,113,4,4
60193,164,158,6,6
60194,121,108,13,13
60195,93,87,6,6
60196,91,77,14,14
60197,144,131,13,13
60198,101,98,3,3
60199,135,108,27,27
60200,102,99,3,3
60201,83,89,-6,6
60202,88,80,8,8
60203,101,101,0,0
60204,102,95,7,7
60205,102,100,2,2
60206,105,91,14,14
60207,99,101,-2,2
60208,151,143,8,8
60209,67,73,-6,6
60210,164,133,31,31
60211,85,82,3,3
60212,89,88,1,1
60213,59,62,-3,3
60214,94,84,10,10
60215,123,116,7,7
60216,79,102,-23,23
60217,74,70,4,4
60218,176,174,2,2
60219,59,62,-3,3
60220,100,99,1,1
60221,123,116,7,7
60222,104,104,0,0
60223,145,153,-8,8
60224,97,96,1,1
60225,175,177,-2,2
60226,63,60,3,3
60227,124,145,-21,21
60228,68,65,3,3
60229,139,132,7,7
60230,78,79,-1,1
60231,79,58,21,21
60232,48,70,-22,22
60233,141,134,7,7
60234,136,121,15,15
60235,123,125,-2,2
60236,85,80,5,5
60237,128,116,12,12
60238,97,84,13,13
60239,63,58,5,5
60240,141,155,-14,14
60241,87,83,4,4
60242,93,102,-9,9
60243,54,53,1,1
60244,133,116,17,17
60245,50,50,0,0
60246,71,71,0,0
60247,75,77,-2,2
60248,165,179,-14,14
60249,64,67,-3,3
60250,95,80,15,15
60251,65,60,5,5
60252,106,101,5,5
60253,91,78,13,13
60254,70,71,-1,1
60255,124,127,-3,3
60256,48,69,-21,21
60257,74,86,-12,12
60258,64,73,-9,9
60259,104,101,3,3
60260,82,84,-2,2
60261,82,78,4,4
60262,147,157,-10,10
60263,123,102,21,21
60264,81,74,7,7
60265,146,156,-10,10
60266,88,84,4,4
60267,78,73,5,5
60268,118,122,-4,4
60269,160,157,3,3
60270,176,173,3,3
60271,133,97,36,36
60272,122,119,3,3
60273,74,82,-8,8
60274,75,79,-4,4
60275,116,111,5,5
60276,116,112,4,4
60277,126,105,21,21
60278,53,65,-12,12
60279,58,81,-23,23
60280,169,158,11,11
60281,100,110,-10,10
60282,56,61,-5,5
60283,63,72,-9,9
60284,58,66,-8,8
60285,56,64,-8,8
60286,131,137,-6,6
60287,74,63,11,11
60288,143,127,16,16
60289,127,128,-1,1
60290,98,95,3,3
60291,60,53,7,7
60292,65,74,-9,9
60293,76,66,10,10
60294,72,67,5,5
60295,83,74,9,9
60296,41,46,-5,5
60297,91,76,15,15
60298,125,129,-4,4
60299,119,129,-10,10
60300,92,82,10,10
60301,100,110,-10,10
60302,125,130,-5,5
60303,95,86,9,9
60304,108,98,10,10
60305,118,112,6,6
60306,124,138,-14,14
60307,31,49,-18,18
60308,175,187,-12,12
60309,122,115,7,7
60310,117,125,-8,8
60311,30,54,-24,24
60312,184,164,20,20
60313,93,86,7,7
60314,98,89,9,9
60315,82,79,3,3
60316,91,78,13,13
60317,67,65,2,2
60318,103,75,28,28
60319,127,132,-5,5
60320,64,57,7,7
60321,70,77,-7,7
60322,68,67,1,1
60323,87,96,-9,9
60324,103,93,10,10
60325,91,79,12,12
60326,77,75,2,2
60327,70,64,6,6
60328,90,93,-3,3
60329,64,59,5,5
60330,53,60,-7,7
60331,87,75,12,12
60332,112,101,11,11
60333,91,95,-4,4
60334,132,138,-6,6
60335,116,113,3,3
60336,99,101,-2,2
60337,80,79,1,1
60338,125,128,-3,3
60339,83,71,12,12
60340,123,129,-6,6
60341,126,110,16,16
60342,114,114,0,0
60343,139,131,8,8
60344,135,154,-19,19
60345,61,58,3,3
60346,70,84,-14,14
60347,112,105,7,7
60348,79,74,5,5
60349,58,63,-5,5
60350,131,142,-11,11
60351,154,143,11,11
60352,85,79,6,6
60353,116,102,14,14
60354,71,79,-8,8
60355,62,74,-12,12
60356,72,70,2,2
60357,137,140,-3,3
60358,152,153,-1,1
60359,85,86,-1,1
60360,63,64,-1,1
60361,67,64,3,3
60362,108,116,-8,8
60363,120,128,-8,8
60364,103,99,4,4
60365,96,100,-4,4
60366,108,104,4,4
60367,49,104,-55,55
60368,83,89,-6,6
60369,91,91,0,0
60370,112,105,7,7
60371,148,138,10,10
60372,110,121,-11,11
60373,90,87,3,3
60374,71,65,6,6
60375,95,101,-6,6
60376,78,58,20,20
60377,102,96,6,6
60378,99,92,7,7
60379,71,73,-2,2
60380,103,111,-8,8
60381,75,74,1,1
60382,128,129,-1,1
60383,37,44,-7,7
60384,82,75,7,7
60385,82,87,-5,5
60386,105,108,-3,3
60387,96,82,14,14
60388,57,64,-7,7
60389,135,131,4,4
60390,87,95,-8,8
60391,75,83,-8,8
60392,75,83,-8,8
60393,127,122,5,5
60394,105,97,8,8
60395,61,61,0,0
60396,66,91,-25,25
60397,140,127,13,13
60398,129,126,3,3
60399,150,138,12,12
60400,109,105,4,4
60401,115,132,-17,17
60402,118,111,7,7
60403,58,69,-11,11
60404,79,73,6,6
60405,28,49,-21,21
60406,173,165,8,8
60407,89,88,1,1
60408,95,93,2,2
60409,71,72,-1,1
60410,87,86,1,1
60411,77,72,5,5
60412,106,104,2,2
60413,88,84,4,4
60414,74,80,-6,6
60415,66,84,-18,18
60416,64,72,-8,8
60417,115,115,0,0
60418,59,61,-2,2
60419,142,131,11,11
60420,73,71,2,2
60421,138,121,17,17
60422,110,112,-2,2
60423,81,86,-5,5
60424,143,162,-19,19
60425,137,128,9,9
60426,177,174,3,3
60427,100,96,4,4
60428,112,112,0,0
60429,136,110,26,26
60430,48,52,-4,4
60431,112,134,-22,22
60432,115,111,4,4
60433,134,128,6,6
60434,97,102,-5,5
60435,86,79,7,7
60436,115,103,12,12
60437,80,79,1,1
60438,157,160,-3,3
60439,59,57,2,2
60440,118,108,10,10
60441,64,71,-7,7
60442,123,119,4,4
60443,70,75,-5,5
60444,60,66,-6,6
60445,76,71,5,5
60446,161,155,6,6
60447,129,140,-11,11
60448,66,62,4,4
60449,104,93,11,11
60450,86,76,10,10
60451,53,57,-4,4
60452,76,77,-1,1
60453,202,193,9,9
60454,81,70,11,11
60455,136,138,-2,2
60456,80,75,5,5
60457,54,60,-6,6
60458,71,64,7,7
60459,37,60,-23,23
60460,92,88,4,4
60461,81,73,8,8
60462,94,117,-23,23
60463,116,108,8,8
60464,89,92,-3,3
60465,123,110,13,13
60466,95,91,4,4
60467,114,105,9,9
60468,134,144,-10,10
60469,153,156,-3,3
60470,82,71,11,11
60471,104,96,8,8
60472,101,99,2,2
60473,73,64,9,9
60474,121,123,-2,2
60475,147,132,15,15
60476,70,72,-2,2
60477,126,131,-5,5
60478,284,261,23,23
60479,124,142,-18,18
60480,107,102,5,5
60481,78,74,4,4
60482,116,105,11,11
60483,139,140,-1,1
60484,127,119,8,8
60485,61,64,-3,3
60486,56,57,-1,1
60487,105,97,8,8
60488,68,76,-8,8
60489,101,91,10,10
60490,64,68,-4,4
60491,70,66,4,4
60492,129,131,-2,2
60493,86,84,2,2
60494,71,71,0,0
60495,57,147,-90,90
60496,63,68,-5,5
60497,100,84,16,16
60498,138,149,-11,11
60499,143,132,11,11
60500,123,121,2,2
60501,114,121,-7,7
60502,69,67,2,2
60503,71,72,-1,1
60504,65,58,7,7
60505,94,102,-8,8
60506,73,80,-7,7
60507,77,72,5,5
60508,68,66,2,2
60509,126,132,-6,6
60510,133,130,3,3
60511,111,122,-11,11
60512,80,72,8,8
60513,74,79,-5,5
60514,91,88,3,3
60515,111,123,-12,12
60516,100,98,2,2
60517,191,180,11,11
60518,124,115,9,9
60519,55,62,-7,7
60520,113,101,12,12
60521,34,50,-16,16
60522,108,99,9,9
60523,74,75,-1,1
60524,163,146,17,17
60525,135,123,12,12
60526,86,97,-11,11
60527,122,121,1,1
60528,135,121,14,14
60529,68,79,-11,11
60530,75,65,10,10
60531,127,134,-7,7
60532,65,72,-7,7
60533,83,83,0,0
60534,103,88,15,15
60535,79,76,3,3
60536,77,78,-1,1
60537,116,109,7,7
60538,123,119,4,4
60539,70,70,0,0
60540,66,65,1,1
60541,102,106,-4,4
60542,108,136,-28,28
60543,64,62,2,2
60544,116,123,-7,7
60545,154,162,-8,8
60546,78,78,0,0
60547,97,95,2,2
60548,64,78,-14,14
60549,109,109,0,0
60550,109,89,20,20
60551,110,111,-1,1
60552,124,100,24,24
60553,50,53,-3,3
60554,75,58,17,17
60555,112,112,0,0
60556,72,78,-6,6
60557,113,108,5,5
60558,70,82,-12,12
60559,112,81,31,31
60560,71,66,5,5
60561,117,105,12,12
60562,88,88,0,0
60563,88,77,11,11
60564,96,78,18,18
60565,114,109,5,5
60566,46,61,-15,15
60567,82,82,0,0
60568,77,68,9,9
60569,68,64,4,4
60570,79,80,-1,1
60571,78,86,-8,8
60572,48,50,-2,2
60573,55,63,-8,8
60574,110,116,-6,6
60575,106,94,12,12
60576,88,83,5,5
60577,90,92,-2,2
60578,84,96,-12,12
60579,78,77,1,1
60580,108,120,-12,12
60581,52,65,-13,13
60582,162,131,31,31
60583,46,59,-13,13
60584,100,99,1,1
60585,95,86,9,9
60586,138,134,4,4
60587,53,60,-7,7
60588,100,85,15,15
60589,93,92,1,1
60590,90,106,-16,16
60591,103,106,-3,3
60592,92,86,6,6
60593,52,57,-5,5
60594,104,100,4,4
60595,49,57,-8,8
60596,82,77,5,5
60597,104,98,6,6
60598,167,172,-5,5
60599,58,64,-6,6
60600,79,83,-4,4
60601,75,72,3,3
60602,70,66,4,4
60603,78,81,-3,3
60604,70,83,-13,13
60605,130,125,5,5
60606,90,85,5,5
60607,68,67,1,1
60608,97,103,-6,6
60609,83,78,5,5
60610,51,48,3,3
60611,70,70,0,0
60612,35,55,-20,20
60613,24,69,-45,45
60614,113,99,14,14
60615,133,127,6,6
60616,90,98,-8,8
60617,84,84,0,0
60618,86,79,7,7
60619,63,65,-2,2
60620,51,57,-6,6
60621,153,151,2,2
60622,113,117,-4,4
60623,47,60,-13,13
60624,111,104,7,7
60625,67,67,0,0
60626,51,21,30,30
60627,57,65,-8,8
60628,67,62,5,5
60629,149,151,-2,2
60630,71,72,-1,1
60631,100,111,-11,11
60632,94,82,12,12
60633,61,56,5,5
60634,100,86,14,14
60635,147,148,-1,1
60636,92,91,1,1
60637,79,85,-6,6
60638,95,96,-1,1
60639,155,161,-6,6
60640,88,83,5,5
60641,149,124,25,25
60642,128,122,6,6
60643,73,58,15,15
60644,124,115,9,9
60645,78,79,-1,1
60646,73,73,0,0
60647,104,97,7,7
60648,124,107,17,17
60649,65,61,4,4
60650,98,94,4,4
60651,100,87,13,13
60652,79,71,8,8
60653,216,202,14,14
60654,77,72,5,5
60655,64,76,-12,12
60656,43,55,-12,12
60657,124,111,13,13
60658,87,74,13,13
60659,98,89,9,9
60660,91,83,8,8
60661,81,77,4,4
60662,109,116,-7,7
60663,61,71,-10,10
60664,86,84,2,2
60665,126,117,9,9
60666,85,79,6,6
60667,94,111,-17,17
60668,68,58,10,10
60669,77,68,9,9
60670,72,77,-5,5
60671,107,100,7,7
60672,83,80,3,3
60673,116,118,-2,2
60674,59,67,-8,8
60675,53,56,-3,3
60676,137,126,11,11
60677,128,114,14,14
60678,97,92,5,5
60679,97,95,2,2
60680,75,65,10,10
60681,107,89,18,18
60682,96,87,9,9
60683,139,132,7,7
60684,62,61,1,1
60685,90,83,7,7
60686,104,105,-1,1
60687,124,120,4,4
60688,107,108,-1,1
60689,124,128,-4,4
60690,105,103,2,2
60691,134,142,-8,8
60692,122,118,4,4
60693,70,69,1,1
60694,152,146,6,6
60695,95,82,13,13
60696,67,83,-16,16
60697,109,105,4,4
60698,170,229,-59,59
60699,80,81,-1,1
60700,88,78,10,10
60701,131,104,27,27
60702,84,76,8,8
60703,97,99,-2,2
60704,149,127,22,22
60705,79,84,-5,5
60706,93,97,-4,4
60707,81,75,6,6
60708,125,130,-5,5
60709,82,84,-2,2
60710,79,74,5,5
60711,65,56,9,9
60712,95,97,-2,2
60713,111,118,-7,7
60714,113,107,6,6
60715,119,123,-4,4
60716,68,70,-2,2
60717,135,102,33,33
60718,102,91,11,11
60719,96,109,-13,13
60720,107,129,-22,22
60721,86,82,4,4
60722,158,138,20,20
60723,141,136,5,5
60724,129,129,0,0
60725,49,56,-7,7
60726,149,147,2,2
60727,114,109,5,5
60728,40,59,-19,19
60729,55,61,-6,6
60730,85,78,7,7
60731,65,58,7,7
60732,97,105,-8,8
60733,148,141,7,7
60734,141,121,20,20
60735,69,66,3,3
60736,80,76,4,4
60737,158,137,21,21
60738,75,79,-4,4
60739,88,88,0,0
60740,110,95,15,15
60741,82,75,7,7
60742,58,67,-9,9
60743,76,71,5,5
60744,48,62,-14,14
60745,106,92,14,14
60746,108,108,0,0
60747,191,171,20,20
60748,100,97,3,3
60749,58,69,-11,11
60750,117,113,4,4
60751,233,200,33,33
60752,78,89,-11,11
60753,83,75,8,8
60754,66,60,6,6
60755,55,62,-7,7
60756,77,66,11,11
60757,102,91,11,11
60758,62,55,7,7
60759,71,65,6,6
60760,139,142,-3,3
60761,132,133,-1,1
60762,94,97,-3,3
60763,107,107,0,0
60764,60,74,-14,14
60765,94,116,-22,22
60766,72,56,16,16
60767,86,85,1,1
60768,75,74,1,1
60769,87,74,13,13
60770,148,134,14,14
60771,120,105,15,15
60772,68,64,4,4
60773,81,71,10,10
60774,222,230,-8,8
60775,68,57,11,11
60776,103,115,-12,12
60777,133,111,22,22
60778,135,107,28,28
60779,97,88,9,9
60780,56,73,-17,17
60781,73,71,2,2
60782,110,114,-4,4
60783,116,116,0,0
60784,46,55,-9,9
60785,119,118,1,1
60786,42,58,-16,16
60787,71,85,-14,14
60788,80,83,-3,3
60789,87,81,6,6
60790,73,77,-4,4
60791,99,88,11,11
60792,36,58,-22,22
60793,70,69,1,1
60794,55,60,-5,5
60795,104,93,11,11
60796,135,133,2,2
60797,103,91,12,12
60798,83,82,1,1
60799,87,72,15,15
60800,78,75,3,3
60801,68,73,-5,5
60802,70,79,-9,9
60803,112,100,12,12
60804,99,102,-3,3
60805,103,104,-1,1
60806,87,77,10,10
60807,105,96,9,9
60808,94,94,0,0
60809,185,170,15,15
60810,167,170,-3,3
60811,67,77,-10,10
60812,98,80,18,18
60813,109,113,-4,4
60814,139,144,-5,5
60815,88,85,3,3
60816,117,106,11,11
60817,101,107,-6,6
60818,124,128,-4,4
60819,182,146,36,36
60820,198,177,21,21
60821,115,108,7,7
60822,92,97,-5,5
60823,77,70,7,7
60824,104,102,2,2
60825,75,81,-6,6
60826,93,79,14,14
60827,173,173,0,0
60828,121,124,-3,3
60829,141,115,26,26
60830,66,82,-16,16
60831,72,67,5,5
60832,104,103,1,1
60833,103,101,2,2
60834,81,77,4,4
60835,122,94,28,28
60836,131,114,17,17
60837,58,59,-1,1
60838,106,97,9,9
60839,119,108,11,11
60840,57,58,-1,1
60841,77,75,2,2
60842,67,66,1,1
60843,85,76,9,9
60844,62,71,-9,9
60845,140,134,6,6
60846,72,79,-7,7
60847,125,131,-6,6
60848,166,161,5,5
60849,133,127,6,6
60850,101,77,24,24
60851,156,141,15,15
60852,68,67,1,1
60853,70,69,1,1
60854,127,123,4,4
60855,89,85,4,4
60856,111,97,14,14
60857,154,131,23,23
60858,91,84,7,7
60859,59,67,-8,8
60860,105,102,3,3
60861,108,123,-15,15
60862,87,89,-2,2
60863,143,133,10,10
60864,88,80,8,8
60865,83,83,0,0
60866,105,98,7,7
60867,96,97,-1,1
60868,95,87,8,8
60869,104,106,-2,2
60870,97,111,-14,14
60871,111,110,1,1
60872,93,81,12,12
60873,54,49,5,5
60874,90,97,-7,7
60875,52,70,-18,18
60876,85,86,-1,1
60877,114,108,6,6
60878,152,169,-17,17
60879,79,74,5,5
60880,118,122,-4,4
60881,85,73,12,12
60882,94,78,16,16
60883,49,56,-7,7
60884,56,65,-9,9
60885,156,135,21,21
60886,55,63,-8,8
60887,116,121,-5,5
60888,84,87,-3,3
60889,105,94,11,11
60890,122,113,9,9
60891,80,91,-11,11
60892,89,70,19,19
60893,117,115,2,2
60894,50,51,-1,1
60895,65,65,0,0
60896,115,124,-9,9
60897,78,76,2,2
60898,112,108,4,4
60899,84,74,10,10
60900,144,145,-1,1
60901,95,88,7,7
60902,125,126,-1,1
60903,115,127,-12,12
60904,76,80,-4,4
60905,119,112,7,7
60906,133,157,-24,24
60907,90,80,10,10
60908,112,104,8,8
60909,76,74,2,2
60910,147,138,9,9
60911,55,68,-13,13
60912,131,122,9,9
60913,116,101,15,15
60914,84,71,13,13
60915,72,68,4,4
60916,73,66,7,7
60917,43,47,-4,4
60918,73,76,-3,3
60919,82,85,-3,3
60920,56,65,-9,9
60921,99,88,11,11
60922,105,106,-1,1
60923,79,88,-9,9
60924,138,123,15,15
60925,111,111,0,0
60926,36,62,-26,26
60927,138,132,6,6
60928,89,91,-2,2
60929,93,79,14,14
60930,132,136,-4,4
60931,108,100,8,8
60932,66,70,-4,4
60933,71,75,-4,4
60934,65,65,0,0
60935,200,190,10,10
60936,72,102,-30,30
60937,232,249,-17,17
60938,75,79,-4,4
60939,186,161,25,25
60940,125,123,2,2
60941,95,96,-1,1
60942,203,160,43,43
60943,176,144,32,32
60944,129,120,9,9
60945,76,80,-4,4
60946,143,135,8,8
60947,49,59,-10,10
60948,92,86,6,6
60949,92,93,-1,1
60950,75,75,0,0
60951,105,91,14,14
60952,155,131,24,24
60953,95,98,-3,3
60954,86,93,-7,7
60955,132,120,12,12
60956,46,52,-6,6
60957,69,71,-2,2
60958,58,74,-16,16
60959,140,124,16,16
60960,70,68,2,2
60961,89,88,1,1
60962,84,70,14,14
60963,124,117,7,7
60964,71,75,-4,4
60965,127,128,-1,1
60966,69,76,-7,7
60967,111,102,9,9
60968,125,120,5,5
60969,85,83,2,2
60970,76,82,-6,6
60971,85,89,-4,4
60972,55,54,1,1
60973,92,85,7,7
60974,182,170,12,12
60975,89,81,8,8
60976,102,90,12,12
60977,113,115,-2,2
60978,131,135,-4,4
60979,133,138,-5,5
60980,98,88,10,10
60981,154,133,21,21
60982,99,93,6,6
60983,114,107,7,7
60984,110,102,8,8
60985,125,85,40,40
60986,52,67,-15,15
60987,42,55,-13,13
60988,80,72,8,8
60989,83,78,5,5
60990,143,136,7,7
60991,56,62,-6,6
60992,131,116,15,15
60993,112,123,-11,11
60994,110,104,6,6
60995,104,94,10,10
60996,71,71,0,0
60997,36,45,-9,9
60998,57,73,-16,16
60999,72,69,3,3
61000,119,107,12,12
61001,194,171,23,23
61002,107,92,15,15
61003,123,115,8,8
61004,87,84,3,3
61005,157,158,-1,1
61006,75,78,-3,3
61007,94,88,6,6
61008,85,80,5,5
61009,85,75,10,10
61010,44,61,-17,17
61011,78,76,2,2
61012,97,83,14,14
61013,34,60,-26,26
61014,38,51,-13,13
61015,93,77,16,16
61016,113,103,10,10
61017,130,129,1,1
61018,46,44,2,2
61019,94,92,2,2
61020,144,130,14,14
61021,60,69,-9,9
61022,110,109,1,1
61023,78,75,3,3
61024,172,158,14,14
61025,117,125,-8,8
61026,60,71,-11,11
61027,114,100,14,14
61028,136,141,-5,5
61029,130,127,3,3
61030,140,128,12,12
61031,58,67,-9,9
61032,87,80,7,7
61033,154,153,1,1
61034,84,80,4,4
61035,78,67,11,11
61036,224,296,-72,72
61037,77,72,5,5
61038,114,107,7,7
61039,64,69,-5,5
61040,145,135,10,10
61041,62,56,6,6
61042,123,118,5,5
61043,126,123,3,3
61044,59,70,-11,11
61045,59,66,-7,7
61046,65,75,-10,10
61047,81,80,1,1
61048,104,93,11,11
61049,94,90,4,4
61050,131,126,5,5
61051,60,61,-1,1
61052,111,99,12,12
61053,159,143,16,16
61054,145,141,4,4
61055,67,74,-7,7
61056,114,110,4,4
61057,82,78,4,4
61058,93,88,5,5
61059,53,56,-3,3
61060,83,87,-4,4
61061,101,99,2,2
61062,112,130,-18,18
61063,71,57,14,14
61064,86,76,10,10
61065,49,92,-43,43
61066,59,76,-17,17
61067,125,121,4,4
61068,157,164,-7,7
61069,90,84,6,6
61070,160,174,-14,14
61071,128,110,18,18
61072,78,87,-9,9
61073,153,151,2,2
61074,87,104,-17,17
61075,133,120,13,13
61076,96,93,3,3
61077,88,90,-2,2
61078,69,78,-9,9
61079,150,153,-3,3
61080,134,123,11,11
61081,122,118,4,4
61082,91,91,0,0
61083,156,140,16,16
61084,76,71,5,5
61085,44,50,-6,6
61086,117,118,-1,1
61087,110,107,3,3
61088,101,87,14,14
61089,81,78,3,3
61090,52,49,3,3
61091,164,169,-5,5
61092,40,62,-22,22
61093,80,86,-6,6
61094,129,119,10,10
61095,131,119,12,12
61096,87,91,-4,4
61097,79,74,5,5
61098,110,97,13,13
61099,120,115,5,5
61100,100,113,-13,13
61101,113,105,8,8
61102,97,121,-24,24
61103,75,79,-4,4
61104,85,96,-11,11
61105,49,54,-5,5
61106,103,109,-6,6
61107,177,163,14,14
61108,94,95,-1,1
61109,130,130,0,0
61110,72,75,-3,3
61111,158,142,16,16
61112,47,55,-8,8
61113,74,76,-2,2
61114,101,107,-6,6
61115,51,58,-7,7
61116,83,86,-3,3
61117,142,137,5,5
61118,58,68,-10,10
61119,83,91,-8,8
61120,45,47,-2,2
61121,138,131,7,7
61122,152,134,18,18
61123,101,105,-4,4
61124,77,70,7,7
61125,52,74,-22,22
61126,89,80,9,9
61127,149,144,5,5
61128,78,71,7,7
61129,146,140,6,6
61130,122,126,-4,4
61131,88,69,19,19
61132,131,134,-3,3
61133,67,64,3,3
61134,107,89,18,18
61135,139,138,1,1
61136,164,152,12,12
61137,134,121,13,13
61138,71,72,-1,1
61139,87,75,12,12
61140,68,65,3,3
61141,56,103,-47,47
61142,118,116,2,2
61143,101,100,1,1
61144,75,79,-4,4
61145,127,134,-7,7
61146,85,87,-2,2
61147,57,69,-12,12
61148,37,60,-23,23
61149,116,130,-14,14
61150,108,95,13,13
61151,137,130,7,7
61152,58,56,2,2
61153,67,82,-15,15
61154,106,101,5,5
61155,132,119,13,13
61156,102,98,4,4
61157,115,117,-2,2
61158,85,82,3,3
61159,107,104,3,3
61160,49,60,-11,11
61161,139,144,-5,5
61162,126,132,-6,6
61163,135,144,-9,9
61164,69,57,12,12
61165,88,90,-2,2
61166,117,107,10,10
61167,77,67,10,10
61168,51,55,-4,4
61169,92,102,-10,10
61170,80,83,-3,3
61171,82,90,-8,8
61172,157,149,8,8
61173,83,85,-2,2
61174,136,119,17,17
61175,147,140,7,7
61176,49,49,0,0
61177,86,79,7,7
61178,125,113,12,12
61179,73,58,15,15
61180,99,116,-17,17
61181,102,105,-3,3
61182,101,96,5,5
61183,109,100,9,9
61184,126,120,6,6
61185,142,121,21,21
61186,62,57,5,5
61187,113,114,-1,1
61188,149,123,26,26
61189,61,49,12,12
61190,66,70,-4,4
61191,122,114,8,8
61192,89,89,0,0
61193,76,71,5,5
61194,74,83,-9,9
61195,61,66,-5,5
61196,44,55,-11,11
61197,107,122,-15,15
61198,104,91,13,13
61199,109,104,5,5
61200,140,130,10,10
61201,43,46,-3,3
61202,40,59,-19,19
61203,223,211,12,12
61204,95,85,10,10
61205,47,60,-13,13
61206,71,67,4,4
61207,121,105,16,16
61208,119,114,5,5
61209,135,133,2,2
61210,78,72,6,6
61211,96,80,16,16
61212,71,79,-8,8
61213,71,71,0,0
61214,108,134,-26,26
61215,64,56,8,8
61216,169,196,-27,27
61217,80,78,2,2
61218,78,81,-3,3
61219,100,94,6,6
61220,90,88,2,2
61221,108,97,11,11
61222,84,84,0,0
61223,150,150,0,0
61224,91,85,6,6
61225,55,45,10,10
61226,83,78,5,5
61227,119,162,-43,43
61228,86,81,5,5
61229,101,101,0,0
61230,89,84,5,5
61231,80,83,-3,3
61232,116,109,7,7
61233,146,149,-3,3
61234,64,73,-9,9
61235,175,153,22,22
61236,139,135,4,4
61237,79,65,14,14
61238,120,111,9,9
61239,84,83,1,1
61240,132,138,-6,6
61241,71,78,-7,7
61242,104,89,15,15
61243,60,62,-2,2
61244,171,148,23,23
61245,93,82,11,11
61246,132,123,9,9
61247,55,59,-4,4
61248,74,68,6,6
61249,126,121,5,5
61250,75,73,2,2
61251,45,52,-7,7
61252,95,89,6,6
61253,154,140,14,14
61254,143,129,14,14
61255,111,111,0,0
61256,97,90,7,7
61257,203,246,-43,43
61258,42,53,-11,11
61259,49,62,-13,13
61260,111,99,12,12
61261,76,72,4,4
61262,79,74,5,5
61263,70,78,-8,8
61264,57,62,-5,5
61265,60,66,-6,6
61266,119,119,0,0
61267,76,82,-6,6
61268,72,73,-1,1
61269,124,103,21,21
61270,138,115,23,23
61271,118,121,-3,3
61272,119,108,11,11
61273,94,82,12,12
61274,113,137,-24,24
61275,69,85,-16,16
61276,106,108,-2,2
61277,41,52,-11,11
61278,88,88,0,0
61279,124,134,-10,10
61280,51,61,-10,10
61281,70,73,-3,3
61282,112,110,2,2
61283,100,92,8,8
61284,143,142,1,1
61285,87,89,-2,2
61286,61,65,-4,4
61287,64,69,-5,5
61288,130,87,43,43
61289,81,83,-2,2
61290,73,61,12,12
61291,47,58,-11,11
61292,99,109,-10,10
61293,95,97,-2,2
61294,105,102,3,3
61295,126,126,0,0
61296,108,107,1,1
61297,67,63,4,4
61298,72,80,-8,8
61299,65,57,8,8
61300,109,103,6,6
61301,52,55,-3,3
61302,122,108,14,14
61303,59,66,-7,7
61304,117,132,-15,15
61305,79,66,13,13
61306,46,59,-13,13
61307,64,72,-8,8
61308,71,88,-17,17
61309,60,63,-3,3
61310,70,61,9,9
61311,114,112,2,2
61312,101,103,-2,2
61313,138,134,4,4
61314,98,84,14,14
61315,92,96,-4,4
61316,196,198,-2,2
61317,109,108,1,1
61318,55,76,-21,21
61319,166,178,-12,12
61320,68,75,-7,7
61321,61,65,-4,4
61322,79,78,1,1
61323,86,73,13,13
61324,90,81,9,9
61325,128,118,10,10
61326,102,105,-3,3
61327,118,109,9,9
61328,86,87,-1,1
61329,105,101,4,4
61330,78,78,0,0
61331,96,88,8,8
61332,38,45,-7,7
61333,96,97,-1,1
61334,123,125,-2,2
61335,85,75,10,10
61336,117,110,7,7
61337,78,91,-13,13
61338,131,125,6,6
61339,82,80,2,2
61340,87,88,-1,1
61341,81,76,5,5
61342,59,56,3,3
61343,84,78,6,6
61344,89,86,3,3
61345,65,69,-4,4
61346,131,127,4,4
61347,55,56,-1,1
61348,66,72,-6,6
61349,74,75,-1,1
61350,84,74,10,10
61351,110,106,4,4
61352,63,63,0,0
61353,97,80,17,17
61354,55,63,-8,8
61355,94,91,3,3
61356,148,137,11,11
61357,110,95,15,15
61358,161,159,2,2
61359,139,138,1,1
61360,63,63,0,0
61361,120,110,10,10
61362,79,77,2,2
61363,131,129,2,2
61364,150,131,19,19
61365,80,73,7,7
61366,37,46,-9,9
61367,116,113,3,3
61368,82,76,6,6
61369,130,122,8,8
61370,68,69,-1,1
61371,86,73,13,13
61372,90,88,2,2
61373,57,62,-5,5
61374,149,128,21,21
61375,79,75,4,4
61376,126,117,9,9
61377,120,132,-12,12
61378,197,189,8,8
61379,62,68,-6,6
61380,88,76,12,12
61381,144,132,12,12
61382,99,106,-7,7
61383,101,116,-15,15
61384,111,102,9,9
61385,61,65,-4,4
61386,85,74,11,11
61387,96,90,6,6
61388,125,119,6,6
61389,107,98,9,9
61390,136,127,9,9
61391,148,141,7,7
61392,98,99,-1,1
61393,66,67,-1,1
61394,95,73,22,22
61395,107,93,14,14
61396,47,56,-9,9
61397,78,76,2,2
61398,81,78,3,3
61399,72,72,0,0
61400,84,88,-4,4
61401,145,144,1,1
61402,77,74,3,3
61403,90,76,14,14
61404,131,123,8,8
61405,91,87,4,4
61406,38,61,-23,23
61407,94,94,0,0
61408,111,99,12,12
61409,145,148,-3,3
61410,84,77,7,7
61411,87,71,16,16
61412,115,99,16,16
61413,95,84,11,11
61414,144,137,7,7
61415,90,82,8,8
61416,101,87,14,14
61417,91,85,6,6
61418,190,204,-14,14
61419,80,79,1,1
61420,167,163,4,4
61421,83,76,7,7
61422,66,62,4,4
61423,50,56,-6,6
61424,111,110,1,1
61425,83,88,-5,5
61426,72,66,6,6
61427,73,61,12,12
61428,79,83,-4,4
61429,66,74,-8,8
61430,83,73,10,10
61431,262,277,-15,15
61432,108,115,-7,7
61433,117,116,1,1
61434,98,84,14,14
61435,85,81,4,4
61436,63,73,-10,10
61437,190,185,5,5
61438,85,85,0,0
61439,123,108,15,15
61440,144,149,-5,5
61441,75,69,6,6
61442,97,84,13,13
61443,85,78,7,7
61444,69,78,-9,9
61445,77,74,3,3
61446,61,69,-8,8
61447,75,73,2,2
61448,97,116,-19,19
61449,70,72,-2,2
61450,85,91,-6,6
61451,61,64,-3,3
61452,77,77,0,0
61453,58,56,2,2
61454,83,87,-4,4
61455,91,87,4,4
61456,53,60,-7,7
61457,55,57,-2,2
61458,87,79,8,8
61459,80,85,-5,5
61460,53,61,-8,8
61461,133,119,14,14
61462,90,90,0,0
61463,60,62,-2,2
61464,68,64,4,4
61465,66,65,1,1
61466,112,112,0,0
61467,139,135,4,4
61468,50,61,-11,11
61469,120,128,-8,8
61470,77,78,-1,1
61471,81,74,7,7
61472,87,80,7,7
61473,43,56,-13,13
61474,68,71,-3,3
61475,58,55,3,3
61476,120,121,-1,1
61477,114,100,14,14
61478,173,167,6,6
61479,62,73,-11,11
61480,115,102,13,13
61481,213,212,1,1
61482,108,103,5,5
61483,53,66,-13,13
61484,85,74,11,11
61485,119,109,10,10
61486,74,79,-5,5
61487,93,87,6,6
61488,72,63,9,9
61489,104,84,20,20
61490,88,91,-3,3
61491,56,75,-19,19
61492,139,130,9,9
61493,110,109,1,1
61494,93,64,29,29
61495,54,48,6,6
61496,83,95,-12,12
61497,73,69,4,4
61498,202,196,6,6
61499,95,88,7,7
61500,51,73,-22,22
61501,141,122,19,19
61502,130,128,2,2
61503,89,86,3,3
61504,67,68,-1,1
61505,92,63,29,29
61506,138,146,-8,8
61507,50,64,-14,14
61508,85,78,7,7
61509,118,100,18,18
61510,84,78,6,6
61511,95,87,8,8
61512,92,98,-6,6
61513,141,147,-6,6
61514,94,92,2,2
61515,117,112,5,5
61516,82,67,15,15
61517,73,70,3,3
61518,108,109,-1,1
61519,93,102,-9,9
61520,156,159,-3,3
61521,84,79,5,5
61522,106,99,7,7
61523,91,96,-5,5
61524,88,92,-4,4
61525,78,82,-4,4
61526,136,135,1,1
61527,59,68,-9,9
61528,94,98,-4,4
61529,100,99,1,1
61530,144,137,7,7
61531,89,109,-20,20
61532,67,67,0,0
61533,28,45,-17,17
61534,114,111,3,3
61535,123,136,-13,13
61536,85,69,16,16
61537,77,71,6,6
61538,89,107,-18,18
61539,90,93,-3,3
61540,80,76,4,4
61541,114,122,-8,8
61542,46,60,-14,14
61543,123,110,13,13
61544,132,121,11,11
61545,106,117,-11,11
61546,93,89,4,4
61547,100,118,-18,18
61548,82,71,11,11
61549,170,186,-16,16
61550,103,120,-17,17
61551,60,55,5,5
61552,101,111,-10,10
61553,101,88,13,13
61554,106,102,4,4
61555,53,61,-8,8
61556,45,49,-4,4
61557,102,109,-7,7
61558,74,75,-1,1
61559,107,115,-8,8
61560,95,90,5,5
61561,96,88,8,8
61562,100,97,3,3
61563,40,54,-14,14
61564,85,74,11,11
61565,59,59,0,0
61566,107,92,15,15
61567,157,146,11,11
61568,72,68,4,4
61569,104,95,9,9
61570,53,56,-3,3
61571,131,124,7,7
61572,147,141,6,6
61573,80,77,3,3
61574,135,123,12,12
61575,119,105,14,14
61576,128,107,21,21
61577,126,115,11,11
61578,91,84,7,7
61579,102,96,6,6
61580,55,56,-1,1
61581,69,76,-7,7
61582,57,54,3,3
61583,53,57,-4,4
61584,109,96,13,13
61585,106,85,21,21
61586,106,99,7,7
61587,128,104,24,24
61588,84,84,0,0
61589,73,70,3,3
61590,137,97,40,40
61591,96,100,-4,4
61592,106,107,-1,1
61593,119,117,2,2
61594,113,115,-2,2
61595,138,138,0,0
61596,52,58,-6,6
61597,115,111,4,4
61598,66,69,-3,3
61599,114,115,-1,1
61600,46,63,-17,17
61601,108,94,14,14
61602,85,71,14,14
61603,67,71,-4,4
61604,66,71,-5,5
61605,76,74,2,2
61606,93,84,9,9
61607,145,163,-18,18
61608,122,115,7,7
61609,88,81,7,7
61610,59,60,-1,1
61611,77,81,-4,4
61612,84,86,-2,2
61613,71,70,1,1
61614,93,83,10,10
61615,71,65,6,6
61616,40,63,-23,23
61617,165,172,-7,7
61618,104,100,4,4
61619,54,65,-11,11
61620,46,62,-16,16
61621,70,67,3,3
61622,51,66,-15,15
61623,86,76,10,10
61624,86,87,-1,1
61625,90,92,-2,2
61626,160,154,6,6
61627,119,108,11,11
61628,78,78,0,0
61629,112,121,-9,9
61630,89,91,-2,2
61631,96,97,-1,1
61632,96,92,4,4
61633,96,90,6,6
61634,33,65,-32,32
61635,78,80,-2,2
61636,65,60,5,5
61637,69,72,-3,3
61638,85,79,6,6
61639,71,68,3,3
61640,119,108,11,11
61641,100,92,8,8
61642,102,95,7,7
61643,96,85,11,11
61644,77,65,12,12
61645,91,93,-2,2
61646,175,152,23,23
61647,96,93,3,3
61648,133,126,7,7
61649,107,128,-21,21
61650,98,96,2,2
61651,94,95,-1,1
61652,67,73,-6,6
61653,116,122,-6,6
61654,73,74,-1,1
61655,83,70,13,13
61656,75,72,3,3
61657,109,116,-7,7
61658,143,143,0,0
61659,84,78,6,6
61660,79,84,-5,5
61661,104,105,-1,1
61662,44,53,-9,9
61663,53,52,1,1
61664,108,102,6,6
61665,86,82,4,4
61666,119,115,4,4
61667,56,55,1,1
61668,88,89,-1,1
61669,118,113,5,5
61670,102,98,4,4
61671,49,46,3,3
61672,99,93,6,6
61673,105,203,-98,98
61674,131,106,25,25
61675,78,63,15,15
61676,99,94,5,5
61677,23,73,-50,50
61678,126,127,-1,1
61679,92,82,10,10
61680,85,93,-8,8
61681,61,60,1,1
61682,137,140,-3,3
61683,74,73,1,1
61684,129,118,11,11
61685,156,147,9,9
61686,72,71,1,1
61687,151,130,21,21
61688,72,68,4,4
61689,81,91,-10,10
61690,128,121,7,7
61691,136,114,22,22
61692,111,116,-5,5
61693,150,140,10,10
61694,79,80,-1,1
61695,124,126,-2,2
61696,133,129,4,4
61697,106,111,-5,5
61698,71,66,5,5
61699,69,68,1,1
61700,105,114,-9,9
61701,60,63,-3,3
61702,97,94,3,3
61703,129,141,-12,12
61704,70,72,-2,2
61705,137,136,1,1
61706,110,101,9,9
61707,97,91,6,6
61708,149,173,-24,24
61709,63,62,1,1
61710,71,81,-10,10
61711,108,102,6,6
61712,127,129,-2,2
61713,92,93,-1,1
61714,41,54,-13,13
61715,87,87,0,0
61716,95,81,14,14
61717,58,60,-2,2
61718,103,112,-9,9
61719,106,101,5,5
61720,100,102,-2,2
61721,49,61,-12,12
61722,103,98,5,5
61723,147,157,-10,10
61724,110,105,5,5
61725,121,145,-24,24
61726,66,65,1,1
61727,66,67,-1,1
61728,75,75,0,0
61729,127,135,-8,8
61730,96,103,-7,7
61731,179,146,33,33
61732,153,157,-4,4
61733,89,78,11,11
61734,111,104,7,7
61735,124,103,21,21
61736,86,69,17,17
61737,98,102,-4,4
61738,82,85,-3,3
61739,138,116,22,22
61740,98,75,23,23
61741,187,178,9,9
61742,141,139,2,2
61743,72,69,3,3
61744,110,100,10,10
61745,87,81,6,6
61746,60,67,-7,7
61747,71,70,1,1
61748,123,126,-3,3
61749,57,55,2,2
61750,113,117,-4,4
61751,148,154,-6,6
61752,73,76,-3,3
61753,62,66,-4,4
61754,108,125,-17,17
61755,105,92,13,13
61756,152,119,33,33
61757,51,49,2,2
61758,127,124,3,3
61759,31,40,-9,9
61760,68,64,4,4
61761,163,150,13,13
61762,160,148,12,12
61763,73,79,-6,6
61764,43,42,1,1
61765,102,95,7,7
61766,91,100,-9,9
61767,136,113,23,23
61768,92,87,5,5
61769,60,70,-10,10
61770,45,56,-11,11
61771,111,106,5,5
61772,95,117,-22,22
61773,100,91,9,9
61774,139,144,-5,5
61775,99,83,16,16
61776,68,67,1,1
61777,55,63,-8,8
61778,110,90,20,20
61779,67,75,-8,8
61780,103,98,5,5
61781,115,108,7,7
61782,131,159,-28,28
61783,106,109,-3,3
61784,154,149,5,5
61785,104,108,-4,4
61786,91,76,15,15
61787,139,149,-10,10
61788,56,54,2,2
61789,139,129,10,10
61790,72,67,5,5
61791,144,137,7,7
61792,112,116,-4,4
61793,68,62,6,6
61794,88,78,10,10
61795,79,104,-25,25
61796,104,106,-2,2
61797,54,62,-8,8
61798,111,96,15,15
61799,87,77,10,10
61800,185,183,2,2
61801,92,93,-1,1
61802,68,72,-4,4
61803,91,88,3,3
61804,84,75,9,9
61805,82,73,9,9
61806,126,121,5,5
61807,71,72,-1,1
61808,72,65,7,7
61809,137,153,-16,16
61810,61,64,-3,3
61811,106,101,5,5
61812,59,74,-15,15
61813,77,70,7,7
61814,149,123,26,26
61815,63,67,-4,4
61816,66,71,-5,5
61817,105,99,6,6
61818,85,74,11,11
61819,109,87,22,22
61820,81,79,2,2
61821,60,64,-4,4
61822,40,53,-13,13
61823,95,88,7,7
61824,110,93,17,17
61825,68,61,7,7
61826,67,67,0,0
61827,76,78,-2,2
61828,188,189,-1,1
61829,59,60,-1,1
61830,131,118,13,13
61831,108,97,11,11
61832,114,113,1,1
61833,108,96,12,12
61834,104,102,2,2
61835,94,92,2,2
61836,47,54,-7,7
61837,77,62,15,15
61838,80,76,4,4
61839,96,89,7,7
61840,103,102,1,1
61841,109,104,5,5
61842,66,73,-7,7
61843,98,91,7,7
61844,126,107,19,19
61845,97,112,-15,15
61846,99,96,3,3
61847,107,98,9,9
61848,129,126,3,3
61849,87,89,-2,2
61850,69,69,0,0
61851,115,102,13,13
61852,99,97,2,2
61853,99,90,9,9
61854,155,178,-23,23
61855,121,116,5,5
61856,123,122,1,1
61857,91,86,5,5
61858,68,77,-9,9
61859,118,108,10,10
61860,98,95,3,3
61861,108,106,2,2
61862,112,115,-3,3
61863,80,79,1,1
61864,92,135,-43,43
61865,116,110,6,6
61866,56,72,-16,16
61867,127,134,-7,7
61868,50,65,-15,15
61869,121,106,15,15
61870,157,149,8,8
61871,78,77,1,1
61872,85,71,14,14
61873,142,140,2,2
61874,42,62,-20,20
61875,62,69,-7,7
61876,61,68,-7,7
61877,75,73,2,2
61878,82,83,-1,1
61879,107,94,13,13
61880,130,131,-1,1
61881,64,68,-4,4
61882,75,67,8,8
61883,109,101,8,8
61884,65,66,-1,1
61885,112,113,-1,1
61886,88,96,-8,8
61887,140,128,12,12
61888,132,125,7,7
61889,108,114,-6,6
61890,92,78,14,14
61891,63,67,-4,4
61892,48,66,-18,18
61893,144,110,34,34
61894,104,102,2,2
61895,107,93,14,14
61896,52,73,-21,21
61897,73,74,-1,1
61898,44,55,-11,11
61899,120,111,9,9
61900,87,86,1,1
61901,110,125,-15,15
61902,73,74,-1,1
61903,79,78,1,1
61904,57,55,2,2
61905,68,69,-1,1
61906,81,96,-15,15
61907,63,63,0,0
61908,41,58,-17,17
61909,71,60,11,11
61910,106,103,3,3
61911,105,89,16,16
61912,183,156,27,27
61913,111,118,-7,7
61914,137,134,3,3
61915,51,67,-16,16
61916,40,60,-20,20
61917,70,85,-15,15
61918,120,105,15,15
61919,57,63,-6,6
61920,66,57,9,9
61921,140,124,16,16
61922,71,71,0,0
61923,96,90,6,6
61924,108,109,-1,1
61925,134,157,-23,23
61926,97,94,3,3
61927,44,53,-9,9
61928,49,53,-4,4
61929,63,62,1,1
61930,97,97,0,0
61931,38,48,-10,10
61932,68,69,-1,1
61933,114,112,2,2
61934,105,113,-8,8
61935,36,58,-22,22
61936,69,62,7,7
61937,101,98,3,3
61938,155,144,11,11
61939,53,67,-14,14
61940,151,137,14,14
61941,65,60,5,5
61942,64,75,-11,11
61943,181,171,10,10
61944,110,103,7,7
61945,93,91,2,2
61946,183,163,20,20
61947,94,90,4,4
61948,91,82,9,9
61949,105,109,-4,4
61950,51,53,-2,2
61951,76,78,-2,2
61952,60,67,-7,7
61953,72,72,0,0
61954,108,104,4,4
61955,119,111,8,8
61956,98,106,-8,8
61957,119,111,8,8
61958,122,115,7,7
61959,90,83,7,7
61960,55,58,-3,3
61961,62,62,0,0
61962,41,57,-16,16
61963,86,79,7,7
61964,58,46,12,12
61965,159,165,-6,6
61966,84,85,-1,1
61967,101,97,4,4
61968,107,92,15,15
61969,150,143,7,7
61970,105,105,0,0
61971,83,79,4,4
61972,78,92,-14,14
61973,51,64,-13,13
61974,83,96,-13,13
61975,111,111,0,0
61976,116,121,-5,5
61977,124,98,26,26
61978,116,103,13,13
61979,133,132,1,1
61980,143,135,8,8
61981,102,108,-6,6
61982,94,91,3,3
61983,66,70,-4,4
61984,76,74,2,2
61985,108,95,13,13
61986,69,65,4,4
61987,90,77,13,13
61988,65,63,2,2
61989,157,153,4,4
61990,81,70,11,11
61991,116,117,-1,1
61992,94,89,5,5
61993,98,107,-9,9
61994,149,136,13,13
61995,87,83,4,4
61996,124,120,4,4
61997,121,119,2,2
61998,157,146,11,11
61999,100,97,3,3
62000,129,133,-4,4
62001,97,94,3,3
62002,57,65,-8,8
62003,108,97,11,11
62004,64,61,3,3
62005,195,167,28,28
62006,81,86,-5,5
62007,92,85,7,7
62008,139,148,-9,9
62009,67,64,3,3
62010,78,83,-5,5
62011,56,60,-4,4
62012,90,82,8,8
62013,69,64,5,5
62014,109,92,17,17
62015,67,74,-7,7
62016,65,72,-7,7
62017,67,80,-13,13
62018,128,114,14,14
62019,101,88,13,13
62020,103,94,9,9
62021,66,65,1,1
62022,78,73,5,5
62023,121,115,6,6
62024,99,103,-4,4
62025,69,66,3,3
62026,64,63,1,1
62027,66,69,-3,3
62028,76,75,1,1
62029,91,86,5,5
62030,49,56,-7,7
62031,222,175,47,47
62032,71,67,4,4
62033,155,165,-10,10
62034,80,82,-2,2
62035,94,73,21,21
62036,70,65,5,5
62037,106,103,3,3
62038,81,79,2,2
62039,90,78,12,12
62040,73,76,-3,3
62041,65,69,-4,4
62042,71,77,-6,6
62043,140,122,18,18
62044,109,109,0,0
62045,72,66,6,6
62046,95,100,-5,5
62047,92,86,6,6
62048,104,105,-1,1
62049,74,71,3,3
62050,102,93,9,9
62051,75,75,0,0
62052,100,89,11,11
62053,111,114,-3,3
62054,52,55,-3,3
62055,79,69,10,10
62056,99,98,1,1
62057,140,135,5,5
62058,181,194,-13,13
62059,106,91,15,15
62060,59,65,-6,6
62061,129,115,14,14
62062,95,109,-14,14
62063,50,63,-13,13
62064,71,70,1,1
62065,46,59,-13,13
62066,103,99,4,4
62067,82,83,-1,1
62068,114,99,15,15
62069,114,101,13,13
62070,92,91,1,1
62071,74,75,-1,1
62072,102,105,-3,3
62073,104,95,9,9
62074,86,81,5,5
62075,51,57,-6,6
62076,86,81,5,5
62077,78,78,0,0
62078,99,101,-2,2
62079,95,86,9,9
62080,82,86,-4,4
62081,111,109,2,2
62082,129,112,17,17
62083,90,111,-21,21
62084,139,117,22,22
62085,72,79,-7,7
62086,55,56,-1,1
62087,165,161,4,4
62088,115,108,7,7
62089,61,66,-5,5
62090,84,73,11,11
62091,136,131,5,5
62092,83,77,6,6
62093,27,56,-29,29
62094,108,109,-1,1
62095,147,127,20,20
62096,120,116,4,4
62097,73,74,-1,1
62098,60,71,-11,11
62099,123,123,0,0
62100,89,95,-6,6
62101,73,68,5,5
62102,64,72,-8,8
62103,62,63,-1,1
62104,100,102,-2,2
62105,100,86,14,14
62106,48,57,-9,9
62107,119,106,13,13
62108,53,59,-6,6
62109,142,152,-10,10
62110,58,62,-4,4
62111,100,108,-8,8
62112,77,76,1,1
62113,71,82,-11,11
62114,126,120,6,6
62115,50,60,-10,10
62116,205,172,33,33
62117,60,64,-4,4
62118,91,95,-4,4
62119,70,74,-4,4
62120,90,95,-5,5
62121,159,143,16,16
62122,75,76,-1,1
62123,116,96,20,20
62124,109,111,-2,2
62125,143,132,11,11
62126,112,102,10,10
62127,84,84,0,0
62128,170,168,2,2
62129,150,161,-11,11
62130,109,104,5,5
62131,161,158,3,3
62132,99,96,3,3
62133,127,110,17,17
62134,62,56,6,6
62135,133,111,22,22
62136,101,99,2,2
62137,127,118,9,9
62138,89,85,4,4
62139,95,89,6,6
62140,150,133,17,17
62141,49,53,-4,4
62142,92,97,-5,5
62143,92,86,6,6
62144,38,50,-12,12
62145,145,152,-7,7
62146,156,175,-19,19
62147,125,114,11,11
62148,51,56,-5,5
62149,134,110,24,24
62150,92,96,-4,4
62151,85,84,1,1
62152,60,62,-2,2
62153,67,69,-2,2
62154,99,106,-7,7
62155,159,157,2,2
62156,86,85,1,1
62157,75,50,25,25
62158,42,55,-13,13
62159,71,78,-7,7
62160,136,131,5,5
62161,67,75,-8,8
62162,112,109,3,3
62163,71,66,5,5
62164,48,59,-11,11
62165,139,148,-9,9
62166,114,153,-39,39
62167,48,58,-10,10
62168,86,84,2,2
62169,119,104,15,15
62170,94,92,2,2
62171,105,109,-4,4
62172,104,92,12,12
62173,85,75,10,10
62174,66,66,0,0
62175,93,83,10,10
62176,88,95,-7,7
62177,67,72,-5,5
62178,91,91,0,0
62179,110,104,6,6
62180,80,75,5,5
62181,98,98,0,0
62182,126,125,1,1
62183,52,65,-13,13
62184,63,62,1,1
62185,91,96,-5,5
62186,103,97,6,6
62187,68,58,10,10
62188,73,70,3,3
62189,95,95,0,0
62190,100,95,5,5
62191,111,93,18,18
62192,100,99,1,1
62193,75,78,-3,3
62194,84,91,-7,7
62195,75,76,-1,1
62196,139,125,14,14
62197,105,106,-1,1
62198,84,84,0,0
62199,137,123,14,14
62200,65,96,-31,31
62201,97,88,9,9
62202,78,83,-5,5
62203,122,122,0,0
62204,72,77,-5,5
62205,80,96,-16,16
62206,132,116,16,16
62207,113,109,4,4
62208,121,113,8,8
62209,72,74,-2,2
62210,95,98,-3,3
62211,124,125,-1,1
62212,122,116,6,6
62213,152,154,-2,2
62214,105,98,7,7
62215,103,101,2,2
62216,111,106,5,5
62217,60,52,8,8
62218,75,83,-8,8
62219,69,69,0,0
62220,85,72,13,13
62221,91,93,-2,2
62222,106,86,20,20
62223,76,80,-4,4
62224,43,51,-8,8
62225,65,65,0,0
62226,180,191,-11,11
62227,38,61,-23,23
62228,86,84,2,2
62229,77,80,-3,3
62230,110,106,4,4
62231,111,108,3,3
62232,134,118,16,16
62233,123,126,-3,3
62234,67,70,-3,3
62235,77,85,-8,8
62236,95,97,-2,2
62237,94,85,9,9
62238,131,126,5,5
62239,88,95,-7,7
62240,130,127,3,3
62241,78,74,4,4
62242,98,94,4,4
62243,66,66,0,0
62244,63,61,2,2
62245,85,82,3,3
62246,82,86,-4,4
62247,82,83,-1,1
62248,104,97,7,7
62249,120,109,11,11
62250,68,72,-4,4
62251,108,111,-3,3
62252,101,88,13,13
62253,102,93,9,9
62254,161,170,-9,9
62255,48,62,-14,14
62256,82,82,0,0
62257,134,126,8,8
62258,102,90,12,12
62259,47,49,-2,2
62260,101,78,23,23
62261,103,92,11,11
62262,158,143,15,15
62263,79,81,-2,2
62264,126,118,8,8
62265,72,75,-3,3
62266,103,102,1,1
62267,86,94,-8,8
62268,73,76,-3,3
62269,150,130,20,20
62270,69,63,6,6
62271,89,87,2,2
62272,102,100,2,2
62273,89,85,4,4
62274,92,95,-3,3
62275,91,72,19,19
62276,69,80,-11,11
62277,31,50,-19,19
62278,62,58,4,4
62279,74,78,-4,4
62280,73,61,12,12
62281,92,75,17,17
62282,68,55,13,13
62283,121,111,10,10
62284,160,162,-2,2
62285,124,123,1,1
62286,71,72,-1,1
62287,98,90,8,8
62288,85,81,4,4
62289,93,85,8,8
62290,87,79,8,8
62291,210,191,19,19
62292,74,82,-8,8
62293,84,83,1,1
62294,141,137,4,4
62295,68,70,-2,2
62296,118,119,-1,1
62297,75,72,3,3
62298,150,137,13,13
62299,162,167,-5,5
62300,59,70,-11,11
62301,82,83,-1,1
62302,118,114,4,4
62303,94,100,-6,6
62304,75,87,-12,12
62305,71,73,-2,2
62306,131,124,7,7
62307,120,111,9,9
62308,91,86,5,5
62309,112,106,6,6
62310,145,157,-12,12
62311,93,73,20,20
62312,93,72,21,21
62313,89,78,11,11
62314,110,108,2,2
62315,78,74,4,4
62316,80,76,4,4
62317,133,134,-1,1
62318,50,59,-9,9
62319,82,77,5,5
62320,145,120,25,25
62321,126,103,23,23
62322,105,95,10,10
62323,159,161,-2,2
62324,118,113,5,5
62325,142,137,5,5
62326,108,112,-4,4
62327,110,109,1,1
62328,106,92,14,14
62329,119,114,5,5
62330,90,92,-2,2
62331,68,75,-7,7
62332,119,104,15,15
62333,162,141,21,21
62334,76,76,0,0
62335,89,74,15,15
62336,57,62,-5,5
62337,79,65,14,14
62338,72,82,-10,10
62339,110,101,9,9
62340,82,74,8,8
62341,76,69,7,7
62342,68,74,-6,6
62343,79,91,-12,12
62344,64,71,-7,7
62345,151,133,18,18
62346,64,64,0,0
62347,110,102,8,8
62348,78,69,9,9
62349,123,118,5,5
62350,118,110,8,8
62351,58,57,1,1
62352,140,129,11,11
62353,128,112,16,16
62354,57,59,-2,2
62355,101,110,-9,9
62356,106,96,10,10
62357,71,77,-6,6
62358,61,67,-6,6
62359,187,172,15,15
62360,123,106,17,17
62361,64,59,5,5
62362,59,66,-7,7
62363,83,83,0,0
62364,68,80,-12,12
62365,83,81,2,2
62366,111,99,12,12
62367,86,85,1,1
62368,87,88,-1,1
62369,97,89,8,8
62370,76,79,-3,3
62371,91,103,-12,12
62372,169,160,9,9
62373,51,46,5,5
62374,57,74,-17,17
62375,168,179,-11,11
62376,93,66,27,27
62377,93,89,4,4
62378,98,79,19,19
62379,76,75,1,1
62380,142,134,8,8
62381,60,65,-5,5
62382,118,106,12,12
62383,40,60,-20,20
62384,68,66,2,2
62385,75,74,1,1
62386,97,99,-2,2
62387,124,120,4,4
62388,68,69,-1,1
62389,89,71,18,18
62390,109,107,2,2
62391,53,53,0,0
62392,112,102,10,10
62393,140,157,-17,17
62394,113,104,9,9
62395,105,118,-13,13
62396,69,70,-1,1
62397,98,113,-15,15
62398,150,156,-6,6
62399,93,81,12,12
62400,117,123,-6,6
62401,44,58,-14,14
62402,65,59,6,6
62403,78,70,8,8
62404,149,146,3,3
62405,75,73,2,2
62406,82,75,7,7
62407,93,88,5,5
62408,129,125,4,4
62409,46,51,-5,5
62410,56,49,7,7
62411,99,81,18,18
62412,31,51,-20,20
62413,113,111,2,2
62414,167,175,-8,8
62415,113,108,5,5
62416,171,157,14,14
62417,71,65,6,6
62418,103,104,-1,1
62419,76,79,-3,3
62420,64,62,2,2
62421,105,102,3,3
62422,176,180,-4,4
62423,127,121,6,6
62424,118,106,12,12
62425,88,92,-4,4
62426,133,131,2,2
62427,84,88,-4,4
62428,108,111,-3,3
62429,72,77,-5,5
62430,128,129,-1,1
62431,36,48,-12,12
62432,116,107,9,9
62433,105,106,-1,1
62434,85,83,2,2
62435,48,51,-3,3
62436,142,127,15,15
62437,78,63,15,15
62438,72,78,-6,6
62439,255,268,-13,13
62440,113,112,1,1
62441,98,83,15,15
62442,143,132,11,11
62443,85,101,-16,16
62444,111,103,8,8
62445,106,101,5,5
62446,111,104,7,7
62447,84,78,6,6
62448,74,77,-3,3
62449,87,81,6,6
62450,133,127,6,6
62451,111,117,-6,6
62452,78,80,-2,2
62453,83,84,-1,1
62454,117,109,8,8
62455,97,90,7,7
62456,127,132,-5,5
62457,66,59,7,7
62458,124,111,13,13
62459,72,73,-1,1
62460,108,87,21,21
62461,124,128,-4,4
62462,137,118,19,19
62463,84,74,10,10
62464,175,164,11,11
62465,32,57,-25,25
62466,127,113,14,14
62467,139,142,-3,3
62468,84,102,-18,18
62469,138,139,-1,1
62470,147,152,-5,5
62471,49,49,0,0
62472,87,89,-2,2
62473,71,75,-4,4
62474,89,80,9,9
62475,122,121,1,1
62476,110,117,-7,7
62477,112,106,6,6
62478,161,140,21,21
62479,78,75,3,3
62480,84,88,-4,4
62481,96,92,4,4
62482,83,81,2,2
62483,166,149,17,17
62484,69,68,1,1
62485,48,58,-10,10
62486,84,55,29,29
62487,113,88,25,25
62488,89,84,5,5
62489,51,53,-2,2
62490,101,99,2,2
62491,70,70,0,0
62492,107,96,11,11
62493,99,95,4,4
62494,142,133,9,9
62495,123,106,17,17
62496,81,72,9,9
62497,60,61,-1,1
62498,139,135,4,4
62499,93,95,-2,2
62500,123,127,-4,4
62501,101,79,22,22
62502,128,130,-2,2
62503,72,73,-1,1
62504,134,125,9,9
62505,89,84,5,5
62506,162,158,4,4
62507,129,107,22,22
62508,97,96,1,1
62509,63,77,-14,14
62510,88,90,-2,2
62511,47,52,-5,5
62512,163,150,13,13
62513,169,161,8,8
62514,88,83,5,5
62515,116,116,0,0
62516,68,74,-6,6
62517,66,69,-3,3
62518,75,73,2,2
62519,79,86,-7,7
62520,132,135,-3,3
62521,64,64,0,0
62522,154,140,14,14
62523,159,133,26,26
62524,97,97,0,0
62525,151,140,11,11
62526,64,56,8,8
62527,86,75,11,11
62528,86,100,-14,14
62529,105,96,9,9
62530,135,133,2,2
62531,78,85,-7,7
62532,180,155,25,25
62533,126,107,19,19
62534,115,121,-6,6
62535,95,101,-6,6
62536,123,104,19,19
62537,49,53,-4,4
62538,94,99,-5,5
62539,170,160,10,10
62540,92,88,4,4
62541,101,106,-5,5
62542,93,91,2,2
62543,123,127,-4,4
62544,83,84,-1,1
62545,122,104,18,18
62546,109,117,-8,8
62547,67,64,3,3
62548,59,63,-4,4
62549,79,65,14,14
62550,82,84,-2,2
62551,69,62,7,7
62552,83,94,-11,11
62553,116,108,8,8
62554,202,173,29,29
62555,92,107,-15,15
62556,95,99,-4,4
62557,104,109,-5,5
62558,124,113,11,11
62559,203,176,27,27
62560,95,90,5,5
62561,131,131,0,0
62562,42,46,-4,4
62563,106,88,18,18
62564,40,60,-20,20
62565,81,79,2,2
62566,125,111,14,14
62567,82,77,5,5
62568,121,104,17,17
62569,85,96,-11,11
62570,104,84,20,20
62571,82,84,-2,2
62572,76,66,10,10
62573,60,58,2,2
62574,91,74,17,17
62575,96,82,14,14
62576,118,108,10,10
62577,101,84,17,17
62578,140,138,2,2
62579,153,166,-13,13
62580,115,123,-8,8
62581,38,60,-22,22
62582,74,82,-8,8
62583,28,59,-31,31
62584,65,71,-6,6
62585,113,118,-5,5
62586,109,101,8,8
62587,93,89,4,4
62588,87,87,0,0
62589,54,59,-5,5
62590,125,123,2,2
62591,141,142,-1,1
62592,114,119,-5,5
62593,122,109,13,13
62594,138,139,-1,1
62595,98,90,8,8
62596,84,89,-5,5
62597,118,117,1,1
62598,114,112,2,2
62599,69,68,1,1
62600,47,58,-11,11
62601,72,67,5,5
62602,72,65,7,7
62603,85,83,2,2
62604,48,58,-10,10
62605,96,94,2,2
62606,90,86,4,4
62607,99,82,17,17
62608,122,126,-4,4
62609,60,58,2,2
62610,80,86,-6,6
62611,79,78,1,1
62612,54,67,-13,13
62613,90,87,3,3
62614,84,94,-10,10
62615,98,96,2,2
62616,106,100,6,6
62617,70,68,2,2
62618,93,87,6,6
62619,81,76,5,5
62620,108,95,13,13
62621,66,69,-3,3
62622,92,89,3,3
62623,58,59,-1,1
62624,80,70,10,10
62625,72,69,3,3
62626,92,88,4,4
62627,114,114,0,0
62628,149,136,13,13
62629,85,71,14,14
62630,61,59,2,2
62631,104,89,15,15
62632,100,85,15,15
62633,132,124,8,8
62634,132,121,11,11
62635,114,100,14,14
62636,89,85,4,4
62637,52,52,0,0
62638,51,53,-2,2
62639,109,121,-12,12
62640,112,125,-13,13
62641,80,73,7,7
62642,158,170,-12,12
62643,103,92,11,11
62644,59,65,-6,6
62645,118,107,11,11
62646,114,104,10,10
62647,101,90,11,11
62648,64,66,-2,2
62649,75,62,13,13
62650,110,96,14,14
62651,168,194,-26,26
62652,109,96,13,13
62653,106,105,1,1
62654,32,77,-45,45
62655,86,99,-13,13
62656,185,157,28,28
62657,125,131,-6,6
62658,48,51,-3,3
62659,128,138,-10,10
62660,138,151,-13,13
62661,75,63,12,12
62662,84,99,-15,15
62663,115,96,19,19
62664,58,71,-13,13
62665,97,92,5,5
62666,152,142,10,10
62667,94,93,1,1
62668,114,105,9,9
62669,130,135,-5,5
62670,61,71,-10,10
62671,185,163,22,22
62672,110,108,2,2
62673,58,53,5,5
62674,79,81,-2,2
62675,79,76,3,3
62676,93,83,10,10
62677,129,125,4,4
62678,134,120,14,14
62679,98,100,-2,2
62680,162,149,13,13
62681,83,84,-1,1
62682,107,91,16,16
62683,98,101,-3,3
62684,131,120,11,11
62685,57,58,-1,1
62686,153,146,7,7
62687,126,119,7,7
62688,89,86,3,3
62689,68,64,4,4
62690,131,118,13,13
62691,68,73,-5,5
62692,94,84,10,10
62693,135,124,11,11
62694,96,90,6,6
62695,95,99,-4,4
62696,90,84,6,6
62697,55,58,-3,3
62698,108,110,-2,2
62699,36,47,-11,11
62700,73,75,-2,2
62701,73,78,-5,5
62702,102,92,10,10
62703,52,54,-2,2
62704,22,60,-38,38
62705,102,92,10,10
62706,136,122,14,14
62707,83,71,12,12
62708,76,68,8,8
62709,135,126,9,9
62710,116,124,-8,8
62711,69,65,4,4
62712,42,48,-6,6
62713,86,74,12,12
62714,131,131,0,0
62715,119,117,2,2
62716,65,66,-1,1
62717,100,103,-3,3
62718,65,68,-3,3
62719,73,67,6,6
62720,63,63,0,0
62721,115,158,-43,43
62722,164,155,9,9
62723,146,147,-1,1
62724,64,63,1,1
62725,101,91,10,10
62726,124,118,6,6
62727,74,82,-8,8
62728,92,75,17,17
62729,90,84,6,6
62730,93,91,2,2
62731,76,75,1,1
62732,133,131,2,2
62733,54,55,-1,1
62734,147,119,28,28
62735,107,110,-3,3
62736,132,113,19,19
62737,129,115,14,14
62738,95,93,2,2
62739,78,85,-7,7
62740,93,86,7,7
62741,85,87,-2,2
62742,138,160,-22,22
62743,106,98,8,8
62744,45,60,-15,15
62745,50,60,-10,10
62746,55,48,7,7
62747,44,54,-10,10
62748,70,66,4,4
62749,125,122,3,3
62750,82,81,1,1
62751,80,80,0,0
62752,120,115,5,5
62753,100,88,12,12
62754,70,67,3,3
62755,65,64,1,1
62756,96,90,6,6
62757,93,90,3,3
62758,106,96,10,10
62759,168,160,8,8
62760,169,170,-1,1
62761,95,67,28,28
62762,95,97,-2,2
62763,81,80,1,1
62764,65,56,9,9
62765,64,63,1,1
62766,62,68,-6,6
62767,119,117,2,2
62768,93,77,16,16
62769,77,69,8,8
62770,141,139,2,2
62771,66,66,0,0
62772,76,79,-3,3
62773,148,147,1,1
62774,57,59,-2,2
62775,78,57,21,21
62776,134,113,21,21
62777,133,122,11,11
62778,66,74,-8,8
62779,75,73,2,2
62780,97,86,11,11
62781,131,121,10,10
62782,171,167,4,4
62783,222,198,24,24
62784,102,96,6,6
62785,60,71,-11,11
62786,144,153,-9,9
62787,43,46,-3,3
62788,82,79,3,3
62789,84,80,4,4
62790,92,101,-9,9
62791,94,74,20,20
62792,179,174,5,5
62793,119,120,-1,1
62794,61,63,-2,2
62795,93,93,0,0
62796,53,59,-6,6
62797,142,142,0,0
62798,69,69,0,0
62799,90,90,0,0
62800,139,129,10,10
62801,90,103,-13,13
62802,56,60,-4,4
62803,113,117,-4,4
62804,91,92,-1,1
62805,86,81,5,5
62806,111,95,16,16
62807,74,63,11,11
62808,139,129,10,10
62809,96,93,3,3
62810,105,97,8,8
62811,139,142,-3,3
62812,61,67,-6,6
62813,70,74,-4,4
62814,70,73,-3,3
62815,61,67,-6,6
62816,127,129,-2,2
62817,92,101,-9,9
62818,120,103,17,17
62819,52,53,-1,1
62820,86,84,2,2
62821,62,66,-4,4
62822,101,121,-20,20
62823,85,99,-14,14
62824,96,101,-5,5
62825,105,103,2,2
62826,122,117,5,5
62827,116,108,8,8
62828,98,82,16,16
62829,154,161,-7,7
62830,100,89,11,11
62831,164,149,15,15
62832,162,160,2,2
62833,136,144,-8,8
62834,62,66,-4,4
62835,178,175,3,3
62836,109,89,20,20
62837,121,113,8,8
62838,108,121,-13,13
62839,84,76,8,8
62840,131,115,16,16
62841,122,119,3,3
62842,64,67,-3,3
62843,84,92,-8,8
62844,72,71,1,1
62845,185,163,22,22
62846,77,72,5,5
62847,137,155,-18,18
62848,93,94,-1,1
62849,86,93,-7,7
62850,144,129,15,15
62851,78,76,2,2
62852,61,71,-10,10
62853,129,118,11,11
62854,52,59,-7,7
62855,195,198,-3,3
62856,87,84,3,3
62857,101,99,2,2
62858,103,102,1,1
62859,169,168,1,1
62860,104,96,8,8
62861,80,80,0,0
62862,40,57,-17,17
62863,90,99,-9,9
62864,89,87,2,2
62865,105,107,-2,2
62866,86,87,-1,1
62867,133,123,10,10
62868,89,89,0,0
62869,64,62,2,2
62870,94,93,1,1
62871,86,93,-7,7
62872,128,125,3,3
62873,53,59,-6,6
62874,91,73,18,18
62875,74,73,1,1
62876,64,66,-2,2
62877,81,77,4,4
62878,66,73,-7,7
62879,76,70,6,6
62880,91,88,3,3
62881,76,73,3,3
62882,109,102,7,7
62883,77,73,4,4
62884,76,72,4,4
62885,110,101,9,9
62886,88,83,5,5
62887,120,111,9,9
62888,127,125,2,2
62889,106,105,1,1
62890,201,183,18,18
62891,111,109,2,2
62892,231,230,1,1
62893,59,65,-6,6
62894,150,139,11,11
62895,141,131,10,10
62896,62,62,0,0
62897,191,190,1,1
62898,119,117,2,2
62899,72,74,-2,2
62900,103,99,4,4
62901,79,81,-2,2
62902,106,103,3,3
62903,104,117,-13,13
62904,88,94,-6,6
62905,78,70,8,8
62906,81,92,-11,11
62907,98,96,2,2
62908,123,113,10,10
62909,142,107,35,35
62910,74,75,-1,1
62911,163,147,16,16
62912,102,94,8,8
62913,60,62,-2,2
62914,133,112,21,21
62915,59,61,-2,2
62916,47,61,-14,14
62917,86,91,-5,5
62918,124,117,7,7
62919,28,51,-23,23
62920,59,64,-5,5
62921,124,138,-14,14
62922,105,95,10,10
62923,103,100,3,3
62924,80,83,-3,3
62925,82,80,2,2
62926,84,82,2,2
62927,128,122,6,6
62928,101,111,-10,10
62929,72,77,-5,5
62930,89,79,10,10
62931,119,111,8,8
62932,181,191,-10,10
62933,146,144,2,2
62934,58,64,-6,6
62935,80,84,-4,4
62936,37,46,-9,9
62937,45,52,-7,7
62938,95,103,-8,8
62939,108,101,7,7
62940,79,73,6,6
62941,85,69,16,16
62942,53,67,-14,14
62943,211,210,1,1
62944,103,95,8,8
62945,77,66,11,11
62946,75,79,-4,4
62947,95,96,-1,1
62948,102,91,11,11
62949,77,77,0,0
62950,54,63,-9,9
62951,110,109,1,1
62952,121,111,10,10
62953,89,73,16,16
62954,93,92,1,1
62955,44,54,-10,10
62956,84,92,-8,8
62957,135,124,11,11
62958,66,63,3,3
62959,104,117,-13,13
62960,141,125,16,16
62961,98,87,11,11
62962,90,86,4,4
62963,115,112,3,3
62964,109,107,2,2
62965,69,76,-7,7
62966,64,60,4,4
62967,185,179,6,6
62968,114,110,4,4
62969,191,176,15,15
62970,49,56,-7,7
62971,83,90,-7,7
62972,100,100,0,0
62973,98,89,9,9
62974,69,74,-5,5
62975,103,89,14,14
62976,148,153,-5,5
62977,81,72,9,9
62978,151,152,-1,1
62979,70,62,8,8
62980,88,80,8,8
62981,93,105,-12,12
62982,60,65,-5,5
62983,88,80,8,8
62984,63,64,-1,1
62985,92,98,-6,6
62986,108,112,-4,4
62987,78,80,-2,2
62988,156,130,26,26
62989,63,62,1,1
62990,58,58,0,0
62991,38,60,-22,22
62992,107,96,11,11
62993,101,92,9,9
62994,65,70,-5,5
62995,120,124,-4,4
62996,101,89,12,12
62997,106,94,12,12
62998,72,65,7,7
62999,127,115,12,12
63000,65,68,-3,3
63001,126,116,10,10
63002,113,113,0,0
63003,104,116,-12,12
63004,152,148,4,4
63005,57,67,-10,10
63006,83,75,8,8
63007,101,105,-4,4
63008,81,75,6,6
63009,54,63,-9,9
63010,80,73,7,7
63011,83,85,-2,2
63012,31,47,-16,16
63013,64,66,-2,2
63014,159,171,-12,12
63015,133,126,7,7
63016,116,120,-4,4
63017,57,60,-3,3
63018,99,77,22,22
63019,62,65,-3,3
63020,90,90,0,0
63021,117,111,6,6
63022,142,137,5,5
63023,177,166,11,11
63024,59,63,-4,4
63025,89,97,-8,8
63026,69,68,1,1
63027,63,74,-11,11
63028,46,65,-19,19
63029,136,152,-16,16
63030,105,116,-11,11
63031,127,138,-11,11
63032,66,73,-7,7
63033,138,133,5,5
63034,71,61,10,10
63035,97,94,3,3
63036,112,104,8,8
63037,77,77,0,0
63038,57,59,-2,2
63039,84,79,5,5
63040,85,77,8,8
63041,111,103,8,8
63042,123,118,5,5
63043,110,119,-9,9
63044,114,117,-3,3
63045,111,136,-25,25
63046,71,75,-4,4
63047,93,78,15,15
63048,343,360,-17,17
63049,72,64,8,8
63050,186,177,9,9
63051,62,65,-3,3
63052,79,81,-2,2
63053,129,129,0,0
63054,121,135,-14,14
63055,105,100,5,5
63056,157,146,11,11
63057,115,105,10,10
63058,78,68,10,10
63059,179,208,-29,29
63060,80,77,3,3
63061,113,124,-11,11
63062,87,83,4,4
63063,95,92,3,3
63064,95,91,4,4
63065,104,99,5,5
63066,88,91,-3,3
63067,61,63,-2,2
63068,63,65,-2,2
63069,87,96,-9,9
63070,157,155,2,2
63071,92,111,-19,19
63072,53,64,-11,11
63073,128,132,-4,4
63074,114,117,-3,3
63075,95,95,0,0
63076,102,96,6,6
63077,120,128,-8,8
63078,110,116,-6,6
63079,207,185,22,22
63080,103,102,1,1
63081,55,62,-7,7
63082,98,89,9,9
63083,99,107,-8,8
63084,94,92,2,2
63085,82,89,-7,7
63086,60,84,-24,24
63087,95,101,-6,6
63088,113,102,11,11
63089,113,111,2,2
63090,105,97,8,8
63091,80,69,11,11
63092,104,102,2,2
63093,97,87,10,10
63094,62,66,-4,4
63095,62,68,-6,6
63096,85,88,-3,3
63097,114,107,7,7
63098,72,67,5,5
63099,82,73,9,9
63100,94,81,13,13
63101,90,88,2,2
63102,110,97,13,13
63103,90,84,6,6
63104,80,81,-1,1
63105,109,89,20,20
63106,61,65,-4,4
63107,185,193,-8,8
63108,117,116,1,1
63109,139,137,2,2
63110,56,61,-5,5
63111,74,61,13,13
63112,107,107,0,0
63113,78,86,-8,8
63114,51,56,-5,5
63115,87,83,4,4
63116,114,105,9,9
63117,83,78,5,5
63118,137,122,15,15
63119,117,109,8,8
63120,87,96,-9,9
63121,69,72,-3,3
63122,86,88,-2,2
63123,150,153,-3,3
63124,162,163,-1,1
63125,87,87,0,0
63126,68,68,0,0
63127,68,64,4,4
63128,126,95,31,31
63129,109,89,20,20
63130,106,111,-5,5
63131,114,112,2,2
63132,136,143,-7,7
63133,128,113,15,15
63134,109,109,0,0
63135,114,113,1,1
63136,102,98,4,4
63137,144,126,18,18
63138,52,68,-16,16
63139,73,82,-9,9
63140,116,107,9,9
63141,111,99,12,12
63142,106,111,-5,5
63143,125,123,2,2
63144,119,104,15,15
63145,77,79,-2,2
63146,78,67,11,11
63147,62,64,-2,2
63148,80,82,-2,2
63149,101,97,4,4
63150,130,136,-6,6
63151,165,154,11,11
63152,88,75,13,13
63153,97,90,7,7
63154,125,108,17,17
63155,55,61,-6,6
63156,76,78,-2,2
63157,124,134,-10,10
63158,82,80,2,2
63159,60,69,-9,9
63160,107,95,12,12
63161,109,104,5,5
63162,162,158,4,4
63163,95,108,-13,13
63164,54,55,-1,1
63165,125,117,8,8
63166,107,93,14,14
63167,74,64,10,10
63168,155,145,10,10
63169,77,78,-1,1
63170,80,77,3,3
63171,122,120,2,2
63172,71,84,-13,13
63173,112,111,1,1
63174,61,66,-5,5
63175,88,94,-6,6
63176,171,158,13,13
63177,98,94,4,4
63178,59,54,5,5
63179,150,142,8,8
63180,94,89,5,5
63181,112,106,6,6
63182,113,83,30,30
63183,92,93,-1,1
63184,121,120,1,1
63185,101,97,4,4
63186,82,78,4,4
63187,125,108,17,17
63188,74,69,5,5
63189,68,81,-13,13
63190,104,98,6,6
63191,80,77,3,3
63192,101,90,11,11
63193,96,94,2,2
63194,96,95,1,1
63195,79,89,-10,10
63196,75,75,0,0
63197,121,113,8,8
63198,173,169,4,4
63199,123,114,9,9
63200,124,112,12,12
63201,123,110,13,13
63202,129,132,-3,3
63203,119,107,12,12
63204,107,110,-3,3
63205,117,116,1,1
63206,74,81,-7,7
63207,72,65,7,7
63208,92,93,-1,1
63209,102,92,10,10
63210,123,131,-8,8
63211,119,113,6,6
63212,71,75,-4,4
63213,64,70,-6,6
63214,108,89,19,19
63215,140,124,16,16
63216,90,96,-6,6
63217,128,113,15,15
63218,99,94,5,5
63219,82,95,-13,13
63220,156,154,2,2
63221,137,127,10,10
63222,78,65,13,13
63223,95,94,1,1
63224,82,92,-10,10
63225,90,86,4,4
63226,64,70,-6,6
63227,73,77,-4,4
63228,53,65,-12,12
63229,123,120,3,3
63230,62,66,-4,4
63231,92,102,-10,10
63232,123,114,9,9
63233,125,114,11,11
63234,41,54,-13,13
63235,187,193,-6,6
63236,91,78,13,13
63237,76,73,3,3
63238,176,157,19,19
63239,93,98,-5,5
63240,87,79,8,8
63241,89,91,-2,2
63242,88,64,24,24
63243,99,91,8,8
63244,134,123,11,11
63245,95,92,3,3
63246,105,99,6,6
63247,42,52,-10,10
63248,96,96,0,0
63249,50,59,-9,9
63250,63,75,-12,12
63251,95,101,-6,6
63252,99,95,4,4
63253,109,123,-14,14
63254,133,117,16,16
63255,90,70,20,20
63256,71,70,1,1
63257,58,59,-1,1
63258,173,158,15,15
63259,77,82,-5,5
63260,88,64,24,24
63261,72,65,7,7
63262,116,107,9,9
63263,61,68,-7,7
63264,94,83,11,11
63265,117,127,-10,10
63266,114,115,-1,1
63267,147,135,12,12
63268,125,122,3,3
63269,100,101,-1,1
63270,101,82,19,19
63271,112,109,3,3
63272,94,81,13,13
63273,119,95,24,24
63274,154,153,1,1
63275,82,80,2,2
63276,58,62,-4,4
63277,131,114,17,17
63278,82,83,-1,1
63279,96,99,-3,3
63280,80,68,12,12
63281,118,116,2,2
63282,51,61,-10,10
63283,164,149,15,15
63284,77,110,-33,33
63285,144,140,4,4
63286,132,130,2,2
63287,89,87,2,2
63288,78,66,12,12
63289,51,66,-15,15
63290,100,100,0,0
63291,108,101,7,7
63292,143,131,12,12
63293,88,82,6,6
63294,67,57,10,10
63295,121,128,-7,7
63296,90,78,12,12
63297,65,75,-10,10
63298,79,79,0,0
63299,144,142,2,2
63300,55,88,-33,33
63301,78,78,0,0
63302,82,85,-3,3
63303,78,66,12,12
63304,160,167,-7,7
63305,89,83,6,6
63306,101,107,-6,6
63307,114,100,14,14
63308,86,78,8,8
63309,155,146,9,9
63310,105,102,3,3
63311,76,69,7,7
63312,149,143,6,6
63313,99,107,-8,8
63314,120,105,15,15
63315,69,70,-1,1
63316,102,98,4,4
63317,59,63,-4,4
63318,54,49,5,5
63319,107,87,20,20
63320,60,69,-9,9
63321,70,62,8,8
63322,219,216,3,3
63323,83,79,4,4
63324,68,69,-1,1
63325,89,88,1,1
63326,68,75,-7,7
63327,108,108,0,0
63328,94,94,0,0
63329,90,91,-1,1
63330,171,159,12,12
63331,35,54,-19,19
63332,39,59,-20,20
63333,80,112,-32,32
63334,69,68,1,1
63335,109,103,6,6
63336,112,120,-8,8
63337,127,129,-2,2
63338,87,84,3,3
63339,60,123,-63,63
63340,67,73,-6,6
63341,151,150,1,1
63342,115,104,11,11
63343,86,88,-2,2
63344,97,84,13,13
63345,128,112,16,16
63346,137,121,16,16
63347,102,100,2,2
63348,76,69,7,7
63349,33,59,-26,26
63350,89,84,5,5
63351,68,75,-7,7
63352,55,56,-1,1
63353,104,107,-3,3
63354,98,102,-4,4
63355,67,75,-8,8
63356,103,94,9,9
63357,87,87,0,0
63358,92,92,0,0
63359,97,86,11,11
63360,144,141,3,3
63361,94,99,-5,5
63362,95,91,4,4
63363,131,110,21,21
63364,102,97,5,5
63365,132,129,3,3
63366,83,90,-7,7
63367,127,133,-6,6
63368,71,69,2,2
63369,86,84,2,2
63370,202,174,28,28
63371,181,180,1,1
63372,129,123,6,6
63373,112,108,4,4
63374,118,108,10,10
63375,46,51,-5,5
63376,120,100,20,20
63377,55,65,-10,10
63378,141,132,9,9
63379,92,86,6,6
63380,137,137,0,0
63381,59,75,-16,16
63382,192,214,-22,22
63383,144,138,6,6
63384,91,90,1,1
63385,111,123,-12,12
63386,52,57,-5,5
63387,135,133,2,2
63388,43,58,-15,15
63389,138,120,18,18
63390,159,144,15,15
63391,88,96,-8,8
63392,63,68,-5,5
63393,90,89,1,1
63394,101,92,9,9
63395,72,69,3,3
63396,64,52,12,12
63397,81,72,9,9
63398,94,86,8,8
63399,125,115,10,10
63400,64,64,0,0
63401,68,64,4,4
63402,77,79,-2,2
63403,125,127,-2,2
63404,68,71,-3,3
63405,131,139,-8,8
63406,72,74,-2,2
63407,113,100,13,13
63408,136,142,-6,6
63409,136,126,10,10
63410,129,112,17,17
63411,118,103,15,15
63412,79,71,8,8
63413,98,83,15,15
63414,117,109,8,8
63415,98,104,-6,6
63416,30,52,-22,22
63417,76,80,-4,4
63418,87,78,9,9
63419,110,100,10,10
63420,80,80,0,0
63421,48,59,-11,11
63422,120,110,10,10
63423,98,93,5,5
63424,43,53,-10,10
63425,84,82,2,2
63426,62,61,1,1
63427,165,173,-8,8
63428,56,65,-9,9
63429,85,85,0,0
63430,109,104,5,5
63431,149,140,9,9
63432,55,57,-2,2
63433,89,90,-1,1
63434,68,78,-10,10
63435,68,71,-3,3
63436,146,148,-2,2
63437,112,101,11,11
63438,104,103,1,1
63439,49,47,2,2
63440,67,64,3,3
63441,70,70,0,0
63442,109,93,16,16
63443,56,55,1,1
63444,148,132,16,16
63445,97,104,-7,7
63446,79,71,8,8
63447,116,103,13,13
63448,97,86,11,11
63449,79,76,3,3
63450,74,64,10,10
63451,67,61,6,6
63452,118,107,11,11
63453,72,71,1,1
63454,128,100,28,28
63455,113,116,-3,3
63456,103,105,-2,2
63457,86,93,-7,7
63458,59,63,-4,4
63459,114,130,-16,16
63460,125,137,-12,12
63461,105,98,7,7
63462,70,70,0,0
63463,147,132,15,15
63464,90,78,12,12
63465,81,92,-11,11
63466,65,76,-11,11
63467,63,68,-5,5
63468,110,110,0,0
63469,108,98,10,10
63470,62,88,-26,26
63471,107,107,0,0
63472,47,60,-13,13
63473,76,84,-8,8
63474,92,94,-2,2
63475,129,121,8,8
63476,87,84,3,3
63477,90,83,7,7
63478,75,73,2,2
63479,69,74,-5,5
63480,61,71,-10,10
63481,76,70,6,6
63482,49,60,-11,11
63483,133,123,10,10
63484,147,159,-12,12
63485,115,101,14,14
63486,88,88,0,0
63487,70,69,1,1
63488,77,79,-2,2
63489,64,61,3,3
63490,182,175,7,7
63491,103,95,8,8
63492,91,88,3,3
63493,104,103,1,1
63494,67,70,-3,3
63495,90,86,4,4
63496,81,76,5,5
63497,140,138,2,2
63498,64,74,-10,10
63499,132,135,-3,3
63500,64,67,-3,3
63501,117,110,7,7
63502,86,93,-7,7
63503,216,215,1,1
63504,129,122,7,7
63505,107,100,7,7
63506,114,109,5,5
63507,99,92,7,7
63508,232,202,30,30
63509,81,86,-5,5
63510,117,118,-1,1
63511,142,143,-1,1
63512,33,50,-17,17
63513,80,82,-2,2
63514,95,78,17,17
63515,84,80,4,4
63516,111,117,-6,6
63517,53,58,-5,5
63518,47,65,-18,18
63519,80,79,1,1
63520,81,75,6,6
63521,74,66,8,8
63522,49,55,-6,6
63523,124,109,15,15
63524,98,92,6,6
63525,155,163,-8,8
63526,58,66,-8,8
63527,111,109,2,2
63528,99,105,-6,6
63529,124,118,6,6
63530,62,60,2,2
63531,55,55,0,0
63532,72,68,4,4
63533,62,67,-5,5
63534,74,70,4,4
63535,76,64,12,12
63536,102,89,13,13
63537,87,80,7,7
63538,136,119,17,17
63539,89,81,8,8
63540,68,71,-3,3
63541,67,74,-7,7
63542,97,97,0,0
63543,123,118,5,5
63544,170,150,20,20
63545,120,126,-6,6
63546,110,108,2,2
63547,100,94,6,6
63548,37,53,-16,16
63549,84,73,11,11
63550,62,64,-2,2
63551,145,139,6,6
63552,106,105,1,1
63553,115,107,8,8
63554,126,128,-2,2
63555,141,145,-4,4
63556,92,80,12,12
63557,110,111,-1,1
63558,59,66,-7,7
63559,90,69,21,21
63560,77,78,-1,1
63561,70,73,-3,3
63562,77,62,15,15
63563,79,75,4,4
63564,154,156,-2,2
63565,137,135,2,2
63566,106,113,-7,7
63567,116,101,15,15
63568,119,104,15,15
63569,65,63,2,2
63570,139,125,14,14
63571,145,134,11,11
63572,141,135,6,6
63573,119,110,9,9
63574,70,68,2,2
63575,78,75,3,3
63576,75,78,-3,3
63577,100,91,9,9
63578,163,152,11,11
63579,162,154,8,8
63580,153,152,1,1
63581,94,94,0,0
63582,74,79,-5,5
63583,88,86,2,2
63584,67,67,0,0
63585,100,110,-10,10
63586,117,123,-6,6
63587,80,81,-1,1
63588,95,85,10,10
63589,77,77,0,0
63590,121,110,11,11
63591,141,134,7,7
63592,83,74,9,9
63593,55,53,2,2
63594,87,79,8,8
63595,76,77,-1,1
63596,116,101,15,15
63597,162,208,-46,46
63598,114,109,5,5
63599,79,64,15,15
63600,117,118,-1,1
63601,54,62,-8,8
63602,87,90,-3,3
63603,124,126,-2,2
63604,101,89,12,12
63605,53,47,6,6
63606,133,129,4,4
63607,75,88,-13,13
63608,78,84,-6,6
63609,69,86,-17,17
63610,40,61,-21,21
63611,84,84,0,0
63612,94,94,0,0
63613,75,76,-1,1
63614,95,90,5,5
63615,82,92,-10,10
63616,75,74,1,1
63617,141,114,27,27
63618,98,102,-4,4
63619,101,102,-1,1
63620,49,63,-14,14
63621,45,52,-7,7
63622,94,91,3,3
63623,132,109,23,23
63624,122,105,17,17
63625,96,93,3,3
63626,89,71,18,18
63627,114,122,-8,8
63628,112,100,12,12
63629,55,65,-10,10
63630,63,61,2,2
63631,133,113,20,20
63632,71,81,-10,10
63633,81,70,11,11
63634,104,106,-2,2
63635,97,81,16,16
63636,103,112,-9,9
63637,110,96,14,14
63638,91,90,1,1
63639,60,65,-5,5
63640,58,65,-7,7
63641,91,85,6,6
63642,69,76,-7,7
63643,75,81,-6,6
63644,175,191,-16,16
63645,62,72,-10,10
63646,121,121,0,0
63647,64,67,-3,3
63648,103,96,7,7
63649,109,66,43,43
63650,111,101,10,10
63651,87,78,9,9
63652,146,141,5,5
63653,68,74,-6,6
63654,69,75,-6,6
63655,79,77,2,2
63656,111,107,4,4
63657,72,62,10,10
63658,110,103,7,7
63659,106,97,9,9
63660,112,99,13,13
63661,85,72,13,13
63662,153,164,-11,11
63663,102,83,19,19
63664,75,77,-2,2
63665,123,106,17,17
63666,80,98,-18,18
63667,81,77,4,4
63668,76,78,-2,2
63669,107,92,15,15
63670,163,154,9,9
63671,75,77,-2,2
63672,83,81,2,2
63673,72,72,0,0
63674,73,72,1,1
63675,47,58,-11,11
63676,127,121,6,6
63677,31,52,-21,21
63678,88,81,7,7
63679,131,129,2,2
63680,140,152,-12,12
63681,172,160,12,12
63682,86,82,4,4
63683,137,126,11,11
63684,108,104,4,4
63685,67,64,3,3
63686,157,169,-12,12
63687,42,55,-13,13
63688,81,92,-11,11
63689,96,87,9,9
63690,189,191,-2,2
63691,97,108,-11,11
63692,82,97,-15,15
63693,105,96,9,9
63694,107,92,15,15
63695,81,76,5,5
63696,44,52,-8,8
63697,93,93,0,0
63698,63,67,-4,4
63699,46,88,-42,42
63700,128,131,-3,3
63701,133,123,10,10
63702,40,51,-11,11
63703,119,106,13,13
63704,100,82,18,18
63705,96,98,-2,2
63706,84,81,3,3
63707,188,182,6,6
63708,66,63,3,3
63709,145,138,7,7
63710,50,68,-18,18
63711,74,68,6,6
63712,82,81,1,1
63713,92,72,20,20
63714,131,125,6,6
63715,69,72,-3,3
63716,97,96,1,1
63717,137,135,2,2
63718,98,95,3,3
63719,67,68,-1,1
63720,107,107,0,0
63721,49,53,-4,4
63722,76,77,-1,1
63723,66,66,0,0
63724,170,161,9,9
63725,101,104,-3,3
63726,95,79,16,16
63727,76,59,17,17
63728,82,94,-12,12
63729,84,80,4,4
63730,106,109,-3,3
63731,64,89,-25,25
63732,91,93,-2,2
63733,86,80,6,6
63734,54,56,-2,2
63735,82,98,-16,16
63736,89,87,2,2
63737,97,94,3,3
63738,161,149,12,12
63739,48,51,-3,3
63740,109,102,7,7
63741,159,153,6,6
63742,106,111,-5,5
63743,181,155,26,26
63744,129,137,-8,8
63745,101,104,-3,3
63746,114,105,9,9
63747,126,120,6,6
63748,168,135,33,33
63749,95,92,3,3
63750,80,72,8,8
63751,96,88,8,8
63752,35,53,-18,18
63753,73,70,3,3
63754,89,79,10,10
63755,107,105,2,2
63756,88,96,-8,8
63757,92,90,2,2
63758,91,72,19,19
63759,91,84,7,7
63760,120,139,-19,19
63761,82,76,6,6
63762,80,81,-1,1
63763,55,50,5,5
63764,76,67,9,9
63765,72,62,10,10
63766,105,101,4,4
63767,113,117,-4,4
63768,67,74,-7,7
63769,101,102,-1,1
63770,80,82,-2,2
63771,80,75,5,5
63772,96,85,11,11
63773,71,60,11,11
63774,148,151,-3,3
63775,72,70,2,2
63776,127,129,-2,2
63777,75,76,-1,1
63778,83,82,1,1
63779,90,84,6,6
63780,86,88,-2,2
63781,75,76,-1,1
63782,72,64,8,8
63783,70,64,6,6
63784,105,92,13,13
63785,41,60,-19,19
63786,68,73,-5,5
63787,86,89,-3,3
63788,64,62,2,2
63789,86,92,-6,6
63790,51,71,-20,20
63791,124,109,15,15
63792,88,86,2,2
63793,93,93,0,0
63794,54,79,-25,25
63795,71,58,13,13
63796,132,144,-12,12
63797,101,91,10,10
63798,172,152,20,20
63799,176,176,0,0
63800,173,186,-13,13
63801,130,135,-5,5
63802,79,67,12,12
63803,102,103,-1,1
63804,133,122,11,11
63805,90,73,17,17
63806,102,95,7,7
63807,65,70,-5,5
63808,128,120,8,8
63809,159,127,32,32
63810,57,69,-12,12
63811,171,173,-2,2
63812,66,72,-6,6
63813,165,159,6,6
63814,51,59,-8,8
63815,111,110,1,1
63816,211,192,19,19
63817,89,75,14,14
63818,74,71,3,3
63819,86,97,-11,11
63820,129,103,26,26
63821,67,65,2,2
63822,112,105,7,7
63823,102,80,22,22
63824,76,72,4,4
63825,67,72,-5,5
63826,96,83,13,13
63827,115,117,-2,2
63828,95,93,2,2
63829,129,128,1,1
63830,78,75,3,3
63831,58,60,-2,2
63832,93,88,5,5
63833,53,54,-1,1
63834,62,62,0,0
63835,89,84,5,5
63836,110,97,13,13
63837,109,114,-5,5
63838,34,68,-34,34
63839,94,69,25,25
63840,54,70,-16,16
63841,111,113,-2,2
63842,128,132,-4,4
63843,141,136,5,5
63844,92,80,12,12
63845,102,75,27,27
63846,94,102,-8,8
63847,130,124,6,6
63848,93,94,-1,1
63849,86,72,14,14
63850,102,93,9,9
63851,137,126,11,11
63852,55,68,-13,13
63853,118,115,3,3
63854,121,117,4,4
63855,155,146,9,9
63856,71,71,0,0
63857,140,133,7,7
63858,64,80,-16,16
63859,110,113,-3,3
63860,119,124,-5,5
63861,55,49,6,6
63862,80,76,4,4
63863,142,122,20,20
63864,44,53,-9,9
63865,111,114,-3,3
63866,113,111,2,2
63867,146,131,15,15
63868,169,155,14,14
63869,129,120,9,9
63870,76,75,1,1
63871,67,64,3,3
63872,75,68,7,7
63873,68,69,-1,1
63874,74,83,-9,9
63875,80,70,10,10
63876,33,49,-16,16
63877,91,83,8,8
63878,75,76,-1,1
63879,94,87,7,7
63880,142,126,16,16
63881,50,107,-57,57
63882,193,196,-3,3
63883,81,79,2,2
63884,111,103,8,8
63885,130,129,1,1
63886,51,62,-11,11
63887,73,66,7,7
63888,136,140,-4,4
63889,94,95,-1,1
63890,111,99,12,12
63891,119,112,7,7
63892,101,94,7,7
63893,79,69,10,10
63894,92,84,8,8
63895,84,71,13,13
63896,48,63,-15,15
63897,105,94,11,11
63898,87,72,15,15
63899,91,99,-8,8
63900,78,68,10,10
63901,136,152,-16,16
63902,123,121,2,2
63903,130,130,0,0
63904,126,116,10,10
63905,84,93,-9,9
63906,122,128,-6,6
63907,124,120,4,4
63908,117,102,15,15
63909,49,59,-10,10
63910,63,63,0,0
63911,64,66,-2,2
63912,57,59,-2,2
63913,37,57,-20,20
63914,38,61,-23,23
63915,56,59,-3,3
63916,137,128,9,9
63917,109,111,-2,2
63918,158,160,-2,2
63919,112,123,-11,11
63920,96,96,0,0
63921,99,96,3,3
63922,68,67,1,1
63923,94,95,-1,1
63924,118,119,-1,1
63925,80,90,-10,10
63926,78,93,-15,15
63927,94,78,16,16
63928,172,182,-10,10
63929,39,50,-11,11
63930,62,66,-4,4
63931,152,134,18,18
63932,120,113,7,7
63933,90,81,9,9
63934,105,90,15,15
63935,80,77,3,3
63936,58,63,-5,5
63937,51,63,-12,12
63938,90,91,-1,1
63939,107,99,8,8
63940,71,72,-1,1
63941,61,73,-12,12
63942,111,129,-18,18
63943,88,89,-1,1
63944,56,63,-7,7
63945,93,88,5,5
63946,106,100,6,6
63947,96,86,10,10
63948,81,88,-7,7
63949,63,60,3,3
63950,112,115,-3,3
63951,120,105,15,15
63952,59,67,-8,8
63953,103,79,24,24
63954,50,55,-5,5
63955,115,94,21,21
63956,54,59,-5,5
63957,71,71,0,0
63958,59,72,-13,13
63959,115,106,9,9
63960,47,57,-10,10
63961,100,94,6,6
63962,77,70,7,7
63963,195,186,9,9
63964,118,111,7,7
63965,90,80,10,10
63966,101,106,-5,5
63967,141,129,12,12
63968,153,146,7,7
63969,72,78,-6,6
63970,76,75,1,1
63971,141,122,19,19
63972,168,159,9,9
63973,189,157,32,32
63974,52,56,-4,4
63975,90,83,7,7
63976,81,89,-8,8
63977,54,63,-9,9
63978,128,111,17,17
63979,86,88,-2,2
63980,65,64,1,1
63981,53,58,-5,5
63982,57,58,-1,1
63983,90,60,30,30
63984,73,81,-8,8
63985,75,83,-8,8
63986,85,72,13,13
63987,143,145,-2,2
63988,44,69,-25,25
63989,81,69,12,12
63990,76,70,6,6
63991,126,121,5,5
63992,46,61,-15,15
63993,139,121,18,18
63994,154,146,8,8
63995,161,169,-8,8
63996,59,60,-1,1
63997,78,80,-2,2
63998,85,84,1,1
63999,48,64,-16,16
64000,71,72,-1,1
64001,79,73,6,6
64002,65,62,3,3
64003,78,78,0,0
64004,117,113,4,4
64005,51,60,-9,9
64006,153,76,77,77
64007,118,116,2,2
64008,66,73,-7,7
64009,75,83,-8,8
64010,102,105,-3,3
64011,85,88,-3,3
64012,64,64,0,0
64013,95,100,-5,5
64014,160,142,18,18
64015,94,82,12,12
64016,68,81,-13,13
64017,180,186,-6,6
64018,52,76,-24,24
64019,106,108,-2,2
64020,85,83,2,2
64021,115,129,-14,14
64022,57,57,0,0
64023,104,100,4,4
64024,53,59,-6,6
64025,79,72,7,7
64026,68,74,-6,6
64027,86,77,9,9
64028,121,111,10,10
64029,54,58,-4,4
64030,74,71,3,3
64031,122,142,-20,20
64032,67,65,2,2
64033,128,130,-2,2
64034,56,64,-8,8
64035,146,143,3,3
64036,111,120,-9,9
64037,86,90,-4,4
64038,96,88,8,8
64039,144,156,-12,12
64040,73,73,0,0
64041,50,57,-7,7
64042,179,176,3,3
64043,83,77,6,6
64044,62,66,-4,4
64045,103,110,-7,7
64046,101,98,3,3
64047,59,64,-5,5
64048,74,58,16,16
64049,72,84,-12,12
64050,75,82,-7,7
64051,109,112,-3,3
64052,102,75,27,27
64053,143,124,19,19
64054,83,96,-13,13
64055,156,145,11,11
64056,124,112,12,12
64057,80,84,-4,4
64058,161,147,14,14
64059,54,62,-8,8
64060,75,75,0,0
64061,155,129,26,26
64062,117,103,14,14
64063,130,126,4,4
64064,225,210,15,15
64065,94,91,3,3
64066,63,64,-1,1
64067,72,68,4,4
64068,179,179,0,0
64069,141,143,-2,2
64070,82,75,7,7
64071,62,60,2,2
64072,122,140,-18,18
64073,79,73,6,6
64074,93,79,14,14
64075,137,171,-34,34
64076,110,110,0,0
64077,137,130,7,7
64078,84,74,10,10
64079,64,62,2,2
64080,64,62,2,2
64081,56,60,-4,4
64082,70,84,-14,14
64083,76,84,-8,8
64084,118,111,7,7
64085,88,77,11,11
64086,81,78,3,3
64087,129,136,-7,7
64088,64,71,-7,7
64089,97,82,15,15
64090,123,129,-6,6
64091,86,75,11,11
64092,97,87,10,10
64093,115,114,1,1
64094,96,101,-5,5
64095,77,79,-2,2
64096,168,193,-25,25
64097,51,53,-2,2
64098,90,80,10,10
64099,56,68,-12,12
64100,71,73,-2,2
64101,107,110,-3,3
64102,94,84,10,10
64103,46,64,-18,18
64104,118,104,14,14
64105,129,112,17,17
64106,106,101,5,5
64107,81,84,-3,3
64108,82,76,6,6
64109,56,62,-6,6
64110,79,79,0,0
64111,71,75,-4,4
64112,148,160,-12,12
64113,205,205,0,0
64114,142,120,22,22
64115,85,72,13,13
64116,47,57,-10,10
64117,91,81,10,10
64118,108,106,2,2
64119,73,71,2,2
64120,102,103,-1,1
64121,129,144,-15,15
64122,130,161,-31,31
64123,103,93,10,10
64124,70,86,-16,16
64125,90,79,11,11
64126,118,132,-14,14
64127,85,80,5,5
64128,63,70,-7,7
64129,62,59,3,3
64130,93,92,1,1
64131,66,83,-17,17
64132,57,61,-4,4
64133,43,67,-24,24
64134,104,101,3,3
64135,131,120,11,11
64136,88,82,6,6
64137,79,78,1,1
64138,83,70,13,13
64139,77,76,1,1
64140,82,86,-4,4
64141,109,107,2,2
64142,118,107,11,11
64143,134,140,-6,6
64144,124,125,-1,1
64145,105,108,-3,3
64146,102,92,10,10
64147,109,99,10,10
64148,100,95,5,5
64149,84,81,3,3
64150,88,90,-2,2
64151,86,84,2,2
64152,92,80,12,12
64153,125,116,9,9
64154,70,77,-7,7
64155,167,136,31,31
64156,151,159,-8,8
64157,80,72,8,8
64158,125,103,22,22
64159,140,154,-14,14
64160,101,98,3,3
64161,68,58,10,10
64162,48,57,-9,9
64163,105,99,6,6
64164,72,68,4,4
64165,73,73,0,0
64166,139,133,6,6
64167,88,90,-2,2
64168,65,106,-41,41
64169,100,90,10,10
64170,150,148,2,2
64171,116,112,4,4
64172,64,74,-10,10
64173,115,107,8,8
64174,58,63,-5,5
64175,132,141,-9,9
64176,91,74,17,17
64177,75,73,2,2
64178,98,95,3,3
64179,109,97,12,12
64180,115,107,8,8
64181,86,94,-8,8
64182,100,81,19,19
64183,77,78,-1,1
64184,156,171,-15,15
64185,63,57,6,6
64186,81,76,5,5
64187,95,98,-3,3
64188,70,67,3,3
64189,100,98,2,2
64190,92,89,3,3
64191,150,153,-3,3
64192,99,96,3,3
64193,133,136,-3,3
64194,46,53,-7,7
64195,99,86,13,13
64196,128,119,9,9
64197,77,72,5,5
64198,77,75,2,2
64199,62,68,-6,6
64200,175,172,3,3
64201,183,194,-11,11
64202,80,79,1,1
64203,124,120,4,4
64204,116,111,5,5
64205,140,132,8,8
64206,74,68,6,6
64207,104,122,-18,18
64208,43,49,-6,6
64209,191,177,14,14
64210,245,276,-31,31
64211,94,90,4,4
64212,110,96,14,14
64213,86,80,6,6
64214,49,55,-6,6
64215,116,122,-6,6
64216,58,57,1,1
64217,51,56,-5,5
64218,96,86,10,10
64219,73,78,-5,5
64220,100,109,-9,9
64221,83,134,-51,51
64222,130,121,9,9
64223,64,69,-5,5
64224,77,80,-3,3
64225,126,127,-1,1
64226,52,54,-2,2
64227,84,79,5,5
64228,69,67,2,2
64229,107,122,-15,15
64230,104,95,9,9
64231,55,56,-1,1
64232,87,97,-10,10
64233,88,87,1,1
64234,147,153,-6,6
64235,122,117,5,5
64236,120,109,11,11
64237,166,154,12,12
64238,80,80,0,0
64239,122,133,-11,11
64240,43,52,-9,9
64241,121,102,19,19
64242,70,73,-3,3
64243,101,100,1,1
64244,57,61,-4,4
64245,100,98,2,2
64246,52,73,-21,21
64247,69,71,-2,2
64248,52,56,-4,4
64249,60,68,-8,8
64250,74,83,-9,9
64251,92,94,-2,2
64252,47,55,-8,8
64253,91,84,7,7
64254,72,81,-9,9
64255,45,51,-6,6
64256,70,78,-8,8
64257,119,114,5,5
64258,113,114,-1,1
64259,51,53,-2,2
64260,56,60,-4,4
64261,95,86,9,9
64262,82,95,-13,13
64263,79,74,5,5
64264,70,71,-1,1
64265,78,82,-4,4
64266,94,94,0,0
64267,68,65,3,3
64268,87,98,-11,11
64269,164,194,-30,30
64270,101,88,13,13
64271,145,140,5,5
64272,50,50,0,0
64273,65,83,-18,18
64274,108,98,10,10
64275,77,64,13,13
64276,153,140,13,13
64277,113,103,10,10
64278,181,150,31,31
64279,52,51,1,1
64280,96,87,9,9
64281,139,132,7,7
64282,91,81,10,10
64283,73,76,-3,3
64284,77,81,-4,4
64285,71,74,-3,3
64286,51,58,-7,7
64287,90,83,7,7
64288,68,68,0,0
64289,73,76,-3,3
64290,94,100,-6,6
64291,69,69,0,0
64292,90,85,5,5
64293,154,151,3,3
64294,163,145,18,18
64295,74,74,0,0
64296,55,59,-4,4
64297,73,76,-3,3
64298,33,46,-13,13
64299,154,145,9,9
64300,70,62,8,8
64301,72,71,1,1
64302,96,93,3,3
64303,117,128,-11,11
64304,127,120,7,7
64305,84,83,1,1
64306,99,102,-3,3
64307,72,74,-2,2
64308,144,136,8,8
64309,74,74,0,0
64310,75,65,10,10
64311,89,83,6,6
64312,122,112,10,10
64313,165,162,3,3
64314,45,59,-14,14
64315,82,88,-6,6
64316,84,76,8,8
64317,166,165,1,1
64318,140,121,19,19
64319,96,96,0,0
64320,73,70,3,3
64321,200,183,17,17
64322,113,96,17,17
64323,137,132,5,5
64324,87,78,9,9
64325,127,126,1,1
64326,74,67,7,7
64327,89,82,7,7
64328,128,132,-4,4
64329,73,68,5,5
64330,53,55,-2,2
64331,26,55,-29,29
64332,104,97,7,7
64333,91,82,9,9
64334,157,143,14,14
64335,93,85,8,8
64336,125,134,-9,9
64337,66,62,4,4
64338,125,124,1,1
64339,144,112,32,32
64340,106,100,6,6
64341,129,119,10,10
64342,86,90,-4,4
64343,188,192,-4,4
64344,142,126,16,16
64345,54,56,-2,2
64346,185,159,26,26
64347,152,147,5,5
64348,55,54,1,1
64349,74,74,0,0
64350,132,125,7,7
64351,80,92,-12,12
64352,77,82,-5,5
64353,67,68,-1,1
64354,71,67,4,4
64355,129,89,40,40
64356,116,106,10,10
64357,97,94,3,3
64358,39,52,-13,13
64359,44,50,-6,6
64360,73,70,3,3
64361,78,78,0,0
64362,68,64,4,4
64363,57,58,-1,1
64364,97,71,26,26
64365,77,77,0,0
64366,159,165,-6,6
64367,144,127,17,17
64368,58,59,-1,1
64369,74,80,-6,6
64370,47,50,-3,3
64371,86,77,9,9
64372,95,82,13,13
64373,74,74,0,0
64374,84,97,-13,13
64375,175,174,1,1
64376,47,50,-3,3
64377,110,101,9,9
64378,181,182,-1,1
64379,117,111,6,6
64380,77,67,10,10
64381,88,77,11,11
64382,84,88,-4,4
64383,56,58,-2,2
64384,49,58,-9,9
64385,75,71,4,4
64386,58,60,-2,2
64387,110,108,2,2
64388,80,85,-5,5
64389,120,123,-3,3
64390,79,98,-19,19
64391,107,109,-2,2
64392,79,82,-3,3
64393,69,61,8,8
64394,36,67,-31,31
64395,106,104,2,2
64396,64,57,7,7
64397,91,88,3,3
64398,70,77,-7,7
64399,69,64,5,5
64400,75,74,1,1
64401,54,61,-7,7
64402,69,76,-7,7
64403,105,103,2,2
64404,67,75,-8,8
64405,28,51,-23,23
64406,57,65,-8,8
64407,46,58,-12,12
64408,52,62,-10,10
64409,122,123,-1,1
64410,101,91,10,10
64411,129,122,7,7
64412,143,149,-6,6
64413,193,193,0,0
64414,55,58,-3,3
64415,92,90,2,2
64416,107,90,17,17
64417,137,118,19,19
64418,100,94,6,6
64419,61,62,-1,1
64420,113,98,15,15
64421,112,101,11,11
64422,78,61,17,17
64423,82,84,-2,2
64424,58,64,-6,6
64425,65,66,-1,1
64426,52,56,-4,4
64427,106,95,11,11
64428,47,52,-5,5
64429,72,68,4,4
64430,75,75,0,0
64431,135,146,-11,11
64432,87,92,-5,5
64433,175,165,10,10
64434,99,99,0,0
64435,50,58,-8,8
64436,90,85,5,5
64437,83,82,1,1
64438,68,74,-6,6
64439,85,83,2,2
64440,73,74,-1,1
64441,58,60,-2,2
64442,78,74,4,4
64443,89,86,3,3
64444,49,50,-1,1
64445,73,68,5,5
64446,108,73,35,35
64447,60,63,-3,3
64448,142,120,22,22
64449,217,201,16,16
64450,57,58,-1,1
64451,61,70,-9,9
64452,82,66,16,16
64453,73,68,5,5
64454,108,106,2,2
64455,139,142,-3,3
64456,80,66,14,14
64457,218,198,20,20
64458,119,111,8,8
64459,105,98,7,7
64460,57,53,4,4
64461,106,112,-6,6
64462,74,83,-9,9
64463,77,80,-3,3
64464,143,136,7,7
64465,103,99,4,4
64466,120,118,2,2
64467,124,103,21,21
64468,112,100,12,12
64469,105,101,4,4
64470,144,149,-5,5
64471,97,92,5,5
64472,65,66,-1,1
64473,74,78,-4,4
64474,55,56,-1,1
64475,80,81,-1,1
64476,115,114,1,1
64477,145,149,-4,4
64478,103,110,-7,7
64479,132,123,9,9
64480,46,67,-21,21
64481,59,62,-3,3
64482,83,81,2,2
64483,150,131,19,19
64484,182,165,17,17
64485,44,56,-12,12
64486,64,71,-7,7
64487,53,56,-3,3
64488,78,81,-3,3
64489,112,117,-5,5
64490,109,109,0,0
64491,95,100,-5,5
64492,62,87,-25,25
64493,57,51,6,6
64494,130,132,-2,2
64495,101,98,3,3
64496,135,141,-6,6
64497,100,119,-19,19
64498,107,113,-6,6
64499,97,101,-4,4
64500,79,74,5,5
64501,80,74,6,6
64502,94,69,25,25
64503,122,106,16,16
64504,57,57,0,0
64505,58,57,1,1
64506,76,73,3,3
64507,144,127,17,17
64508,51,58,-7,7
64509,54,57,-3,3
64510,85,87,-2,2
64511,61,62,-1,1
64512,148,120,28,28
64513,33,45,-12,12
64514,99,84,15,15
64515,117,109,8,8
64516,82,75,7,7
64517,54,82,-28,28
64518,144,140,4,4
64519,141,129,12,12
64520,80,89,-9,9
64521,203,183,20,20
64522,93,83,10,10
64523,65,66,-1,1
64524,61,64,-3,3
64525,139,124,15,15
64526,84,91,-7,7
64527,72,75,-3,3
64528,68,69,-1,1
64529,56,64,-8,8
64530,101,101,0,0
64531,63,71,-8,8
64532,94,93,1,1
64533,120,125,-5,5
64534,113,116,-3,3
64535,32,39,-7,7
64536,94,106,-12,12
64537,116,111,5,5
64538,101,96,5,5
64539,57,61,-4,4
64540,144,139,5,5
64541,76,71,5,5
64542,94,92,2,2
64543,80,82,-2,2
64544,100,108,-8,8
64545,150,135,15,15
64546,85,84,1,1
64547,77,72,5,5
64548,75,66,9,9
64549,170,164,6,6
64550,138,160,-22,22
64551,74,71,3,3
64552,83,81,2,2
64553,193,204,-11,11
64554,95,83,12,12
64555,132,121,11,11
64556,69,68,1,1
64557,120,138,-18,18
64558,102,96,6,6
64559,87,76,11,11
64560,133,116,17,17
64561,106,104,2,2
64562,90,95,-5,5
64563,61,60,1,1
64564,87,84,3,3
64565,130,121,9,9
64566,77,69,8,8
64567,80,93,-13,13
64568,95,70,25,25
64569,64,65,-1,1
64570,57,58,-1,1
64571,70,72,-2,2
64572,111,109,2,2
64573,54,55,-1,1
64574,142,172,-30,30
64575,52,58,-6,6
64576,47,53,-6,6
64577,133,133,0,0
64578,140,145,-5,5
64579,60,73,-13,13
64580,186,159,27,27
64581,77,78,-1,1
64582,101,91,10,10
64583,59,54,5,5
64584,121,129,-8,8
64585,104,108,-4,4
64586,155,131,24,24
64587,83,76,7,7
64588,77,77,0,0
64589,123,111,12,12
64590,59,56,3,3
64591,105,87,18,18
64592,75,80,-5,5
64593,116,105,11,11
64594,72,71,1,1
64595,149,161,-12,12
64596,119,108,11,11
64597,63,67,-4,4
64598,87,78,9,9
64599,137,132,5,5
64600,82,77,5,5
64601,125,116,9,9
64602,36,49,-13,13
64603,67,77,-10,10
64604,116,114,2,2
64605,155,141,14,14
64606,103,95,8,8
64607,104,99,5,5
64608,143,142,1,1
64609,123,119,4,4
64610,121,120,1,1
64611,87,60,27,27
64612,72,77,-5,5
64613,49,68,-19,19
64614,69,77,-8,8
64615,72,94,-22,22
64616,116,85,31,31
64617,138,152,-14,14
64618,97,108,-11,11
64619,63,55,8,8
64620,109,96,13,13
64621,80,75,5,5
64622,96,84,12,12
64623,98,91,7,7
64624,101,99,2,2
64625,143,137,6,6
64626,90,87,3,3
64627,85,80,5,5
64628,120,114,6,6
64629,65,59,6,6
64630,161,142,19,19
64631,124,101,23,23
64632,103,104,-1,1
64633,99,93,6,6
64634,121,126,-5,5
64635,122,120,2,2
64636,104,103,1,1
64637,160,165,-5,5
64638,109,84,25,25
64639,63,76,-13,13
64640,112,104,8,8
64641,88,81,7,7
64642,88,79,9,9
64643,101,122,-21,21
64644,50,54,-4,4
64645,170,185,-15,15
64646,64,72,-8,8
64647,102,105,-3,3
64648,93,93,0,0
64649,132,127,5,5
64650,75,85,-10,10
64651,84,80,4,4
64652,60,72,-12,12
64653,103,117,-14,14
64654,58,61,-3,3
64655,153,137,16,16
64656,135,118,17,17
64657,62,73,-11,11
64658,162,140,22,22
64659,74,87,-13,13
64660,90,83,7,7
64661,127,117,10,10
64662,97,99,-2,2
64663,102,92,10,10
64664,117,108,9,9
64665,38,49,-11,11
64666,114,108,6,6
64667,45,53,-8,8
64668,100,87,13,13
64669,61,61,0,0
64670,101,91,10,10
64671,120,132,-12,12
64672,152,143,9,9
64673,84,80,4,4
64674,100,81,19,19
64675,108,105,3,3
64676,124,141,-17,17
64677,148,167,-19,19
64678,46,58,-12,12
64679,119,119,0,0
64680,118,107,11,11
64681,52,64,-12,12
64682,104,112,-8,8
64683,82,93,-11,11
64684,100,87,13,13
64685,118,100,18,18
64686,70,77,-7,7
64687,104,94,10,10
64688,141,133,8,8
64689,97,90,7,7
64690,24,58,-34,34
64691,192,168,24,24
64692,71,68,3,3
64693,78,95,-17,17
64694,46,53,-7,7
64695,79,86,-7,7
64696,153,137,16,16
64697,88,97,-9,9
64698,64,74,-10,10
64699,81,70,11,11
64700,81,90,-9,9
64701,105,96,9,9
64702,88,78,10,10
64703,120,121,-1,1
64704,68,65,3,3
64705,84,79,5,5
64706,121,109,12,12
64707,80,76,4,4
64708,138,137,1,1
64709,90,85,5,5
64710,87,87,0,0
64711,92,86,6,6
64712,111,115,-4,4
64713,77,74,3,3
64714,74,76,-2,2
64715,170,147,23,23
64716,77,83,-6,6
64717,117,118,-1,1
64718,151,135,16,16
64719,84,89,-5,5
64720,108,113,-5,5
64721,69,70,-1,1
64722,121,124,-3,3
64723,94,104,-10,10
64724,41,47,-6,6
64725,140,125,15,15
64726,76,66,10,10
64727,85,73,12,12
64728,104,106,-2,2
64729,48,51,-3,3
64730,128,126,2,2
64731,68,67,1,1
64732,70,57,13,13
64733,93,85,8,8
64734,69,73,-4,4
64735,56,62,-6,6
64736,96,90,6,6
64737,50,58,-8,8
64738,64,66,-2,2
64739,69,68,1,1
64740,89,91,-2,2
64741,75,81,-6,6
64742,77,67,10,10
64743,68,64,4,4
64744,59,86,-27,27
64745,140,122,18,18
64746,79,66,13,13
64747,46,50,-4,4
64748,54,64,-10,10
64749,89,95,-6,6
64750,99,101,-2,2
64751,68,69,-1,1
64752,86,99,-13,13
64753,106,94,12,12
64754,82,85,-3,3
64755,97,129,-32,32
64756,29,54,-25,25
64757,99,100,-1,1
64758,119,118,1,1
64759,102,97,5,5
64760,104,106,-2,2
64761,148,127,21,21
64762,146,141,5,5
64763,107,93,14,14
64764,49,68,-19,19
64765,45,53,-8,8
64766,133,127,6,6
64767,102,93,9,9
64768,110,114,-4,4
64769,100,102,-2,2
64770,112,102,10,10
64771,59,67,-8,8
64772,73,74,-1,1
64773,115,120,-5,5
64774,88,83,5,5
64775,77,93,-16,16
64776,133,123,10,10
64777,86,78,8,8
64778,74,67,7,7
64779,125,126,-1,1
64780,97,100,-3,3
64781,71,68,3,3
64782,42,50,-8,8
64783,140,147,-7,7
64784,70,79,-9,9
64785,76,90,-14,14
64786,59,65,-6,6
64787,87,87,0,0
64788,134,120,14,14
64789,173,167,6,6
64790,47,58,-11,11
64791,112,101,11,11
64792,94,99,-5,5
64793,81,75,6,6
64794,152,149,3,3
64795,56,63,-7,7
64796,72,69,3,3
64797,82,82,0,0
64798,68,66,2,2
64799,87,91,-4,4
64800,116,135,-19,19
64801,49,49,0,0
64802,124,116,8,8
64803,146,148,-2,2
64804,151,147,4,4
64805,67,80,-13,13
64806,57,86,-29,29
64807,147,154,-7,7
64808,104,99,5,5
64809,124,129,-5,5
64810,46,59,-13,13
64811,118,102,16,16
64812,110,107,3,3
64813,82,81,1,1
64814,97,94,3,3
64815,104,96,8,8
64816,46,64,-18,18
64817,76,85,-9,9
64818,66,72,-6,6
64819,51,58,-7,7
64820,63,68,-5,5
64821,81,74,7,7
64822,110,107,3,3
64823,160,164,-4,4
64824,65,66,-1,1
64825,43,60,-17,17
64826,67,116,-49,49
64827,104,88,16,16
64828,83,76,7,7
64829,57,61,-4,4
64830,139,136,3,3
64831,78,80,-2,2
64832,68,61,7,7
64833,91,87,4,4
64834,117,109,8,8
64835,117,104,13,13
64836,110,115,-5,5
64837,67,62,5,5
64838,89,88,1,1
64839,96,113,-17,17
64840,92,104,-12,12
64841,87,77,10,10
64842,92,71,21,21
64843,59,65,-6,6
64844,66,60,6,6
64845,160,163,-3,3
64846,188,165,23,23
64847,96,93,3,3
64848,75,82,-7,7
64849,140,129,11,11
64850,95,95,0,0
64851,83,80,3,3
64852,103,102,1,1
64853,81,82,-1,1
64854,87,89,-2,2
64855,90,91,-1,1
64856,66,72,-6,6
64857,100,99,1,1
64858,75,67,8,8
64859,50,48,2,2
64860,68,75,-7,7
64861,82,74,8,8
64862,72,74,-2,2
64863,56,66,-10,10
64864,113,109,4,4
64865,41,48,-7,7
64866,56,59,-3,3
64867,92,85,7,7
64868,68,68,0,0
64869,63,67,-4,4
64870,111,120,-9,9
64871,74,76,-2,2
64872,91,93,-2,2
64873,84,129,-45,45
64874,107,112,-5,5
64875,95,81,14,14
64876,80,78,2,2
64877,125,135,-10,10
64878,57,64,-7,7
64879,115,117,-2,2
64880,117,113,4,4
64881,71,76,-5,5
64882,72,67,5,5
64883,199,197,2,2
64884,100,99,1,1
64885,75,63,12,12
64886,78,74,4,4
64887,82,79,3,3
64888,85,79,6,6
64889,53,56,-3,3
64890,89,84,5,5
64891,111,96,15,15
64892,58,60,-2,2
64893,74,65,9,9
64894,106,110,-4,4
64895,139,140,-1,1
64896,94,95,-1,1
64897,66,59,7,7
64898,140,122,18,18
64899,100,104,-4,4
64900,60,62,-2,2
64901,118,101,17,17
64902,108,103,5,5
64903,131,116,15,15
64904,141,157,-16,16
64905,107,100,7,7
64906,65,85,-20,20
64907,104,115,-11,11
64908,121,119,2,2
64909,93,103,-10,10
64910,85,79,6,6
64911,77,78,-1,1
64912,113,95,18,18
64913,44,57,-13,13
64914,110,127,-17,17
64915,75,78,-3,3
64916,65,70,-5,5
64917,59,57,2,2
64918,102,84,18,18
64919,93,107,-14,14
64920,85,77,8,8
64921,57,57,0,0
64922,129,122,7,7
64923,45,52,-7,7
64924,60,80,-20,20
64925,89,98,-9,9
64926,93,87,6,6
64927,104,103,1,1
64928,55,63,-8,8
64929,83,86,-3,3
64930,137,136,1,1
64931,109,91,18,18
64932,69,80,-11,11
64933,110,126,-16,16
64934,119,100,19,19
64935,97,91,6,6
64936,81,76,5,5
64937,104,105,-1,1
64938,71,75,-4,4
64939,50,57,-7,7
64940,136,132,4,4
64941,70,71,-1,1
64942,63,68,-5,5
64943,90,85,5,5
64944,102,95,7,7
64945,50,52,-2,2
64946,138,124,14,14
64947,103,121,-18,18
64948,127,116,11,11
64949,129,133,-4,4
64950,144,143,1,1
64951,52,62,-10,10
64952,72,78,-6,6
64953,94,96,-2,2
64954,77,74,3,3
64955,62,65,-3,3
64956,91,87,4,4
64957,58,58,0,0
64958,78,67,11,11
64959,63,69,-6,6
64960,111,97,14,14
64961,87,84,3,3
64962,85,85,0,0
64963,224,219,5,5
64964,99,92,7,7
64965,84,76,8,8
64966,101,98,3,3
64967,156,135,21,21
64968,50,60,-10,10
64969,82,79,3,3
64970,190,211,-21,21
64971,127,130,-3,3
64972,61,62,-1,1
64973,100,102,-2,2
64974,81,85,-4,4
64975,141,119,22,22
64976,80,74,6,6
64977,67,68,-1,1
64978,90,90,0,0
64979,81,64,17,17
64980,55,65,-10,10
64981,85,80,5,5
64982,36,52,-16,16
64983,87,73,14,14
64984,73,82,-9,9
64985,90,81,9,9
64986,69,66,3,3
64987,88,81,7,7
64988,64,63,1,1
64989,56,56,0,0
64990,130,119,11,11
64991,59,62,-3,3
64992,140,144,-4,4
64993,129,113,16,16
64994,122,115,7,7
64995,69,61,8,8
64996,65,72,-7,7
64997,103,106,-3,3
64998,36,57,-21,21
64999,193,192,1,1
65000,123,115,8,8
65001,77,71,6,6
65002,75,67,8,8
65003,85,96,-11,11
65004,124,119,5,5
65005,148,144,4,4
65006,92,92,0,0
65007,70,59,11,11
65008,129,116,13,13
65009,51,52,-1,1
65010,98,89,9,9
65011,130,121,9,9
65012,134,131,3,3
65013,89,82,7,7
65014,83,92,-9,9
65015,89,86,3,3
65016,101,93,8,8
65017,110,97,13,13
65018,68,65,3,3
65019,68,67,1,1
65020,72,77,-5,5
65021,77,79,-2,2
65022,147,138,9,9
65023,117,113,4,4
65024,79,92,-13,13
65025,103,109,-6,6
65026,65,65,0,0
65027,102,90,12,12
65028,66,71,-5,5
65029,101,88,13,13
65030,77,74,3,3
65031,58,67,-9,9
65032,75,73,2,2
65033,50,63,-13,13
65034,116,108,8,8
65035,78,74,4,4
65036,111,97,14,14
65037,35,41,-6,6
65038,94,100,-6,6
65039,136,130,6,6
65040,71,67,4,4
65041,94,101,-7,7
65042,81,76,5,5
65043,54,59,-5,5
65044,94,82,12,12
65045,94,94,0,0
65046,143,140,3,3
65047,82,84,-2,2
65048,156,128,28,28
65049,81,86,-5,5
65050,169,178,-9,9
65051,104,96,8,8
65052,107,111,-4,4
65053,69,75,-6,6
65054,123,101,22,22
65055,51,59,-8,8
65056,88,91,-3,3
65057,41,56,-15,15
65058,56,68,-12,12
65059,138,133,5,5
65060,102,100,2,2
65061,97,83,14,14
65062,124,138,-14,14
65063,124,125,-1,1
65064,119,133,-14,14
65065,55,59,-4,4
65066,116,106,10,10
65067,60,76,-16,16
65068,134,123,11,11
65069,63,90,-27,27
65070,73,68,5,5
65071,145,137,8,8
65072,111,102,9,9
65073,110,115,-5,5
65074,194,173,21,21
65075,92,97,-5,5
65076,97,88,9,9
65077,116,117,-1,1
65078,61,62,-1,1
65079,150,153,-3,3
65080,45,63,-18,18
65081,99,80,19,19
65082,79,79,0,0
65083,118,121,-3,3
65084,74,60,14,14
65085,108,103,5,5
65086,85,70,15,15
65087,89,79,10,10
65088,107,109,-2,2
65089,165,171,-6,6
65090,84,79,5,5
65091,132,133,-1,1
65092,90,77,13,13
65093,144,125,19,19
65094,87,86,1,1
65095,103,87,16,16
65096,98,104,-6,6
65097,88,88,0,0
65098,125,122,3,3
65099,112,95,17,17
65100,51,62,-11,11
65101,105,97,8,8
65102,149,130,19,19
65103,109,103,6,6
65104,74,68,6,6
65105,83,91,-8,8
65106,85,80,5,5
65107,75,64,11,11
65108,78,87,-9,9
65109,67,73,-6,6
65110,48,56,-8,8
65111,109,83,26,26
65112,92,88,4,4
65113,90,89,1,1
65114,90,88,2,2
65115,98,88,10,10
65116,76,71,5,5
65117,83,87,-4,4
65118,148,156,-8,8
65119,99,96,3,3
65120,68,66,2,2
65121,79,71,8,8
65122,98,99,-1,1
65123,194,210,-16,16
65124,90,80,10,10
65125,70,70,0,0
65126,88,86,2,2
65127,66,65,1,1
65128,81,60,21,21
65129,122,119,3,3
65130,96,96,0,0
65131,69,70,-1,1
65132,113,97,16,16
65133,61,68,-7,7
65134,101,85,16,16
65135,178,175,3,3
65136,111,103,8,8
65137,81,80,1,1
65138,147,170,-23,23
65139,121,110,11,11
65140,78,83,-5,5
65141,86,79,7,7
65142,54,55,-1,1
65143,46,56,-10,10
65144,62,66,-4,4
65145,94,98,-4,4
65146,101,100,1,1
65147,60,65,-5,5
65148,72,66,6,6
65149,75,86,-11,11
65150,148,139,9,9
65151,123,106,17,17
65152,81,82,-1,1
65153,126,130,-4,4
65154,163,152,11,11
65155,105,101,4,4
65156,85,82,3,3
65157,102,91,11,11
65158,89,87,2,2
65159,123,122,1,1
65160,62,59,3,3
65161,78,80,-2,2
65162,98,91,7,7
65163,68,72,-4,4
65164,99,96,3,3
65165,112,101,11,11
65166,89,85,4,4
65167,89,93,-4,4
65168,83,74,9,9
65169,119,107,12,12
65170,92,105,-13,13
65171,77,80,-3,3
65172,74,67,7,7
65173,115,144,-29,29
65174,107,101,6,6
65175,98,88,10,10
65176,136,128,8,8
65177,42,55,-13,13
65178,119,122,-3,3
65179,119,116,3,3
65180,109,96,13,13
65181,113,107,6,6
65182,164,164,0,0
65183,86,74,12,12
65184,97,94,3,3
65185,112,105,7,7
65186,124,127,-3,3
65187,84,105,-21,21
65188,77,74,3,3
65189,87,100,-13,13
65190,52,60,-8,8
65191,112,105,7,7
65192,78,77,1,1
65193,93,84,9,9
65194,115,132,-17,17
65195,76,70,6,6
65196,209,207,2,2
65197,41,52,-11,11
65198,115,114,1,1
65199,155,138,17,17
65200,53,59,-6,6
65201,72,71,1,1
65202,110,75,35,35
65203,91,93,-2,2
65204,99,96,3,3
65205,88,89,-1,1
65206,100,96,4,4
65207,73,84,-11,11
65208,70,67,3,3
65209,126,122,4,4
65210,102,103,-1,1
65211,97,90,7,7
65212,60,63,-3,3
65213,44,60,-16,16
65214,62,69,-7,7
65215,52,51,1,1
65216,128,123,5,5
65217,168,172,-4,4
65218,101,92,9,9
65219,106,104,2,2
65220,191,176,15,15
65221,51,59,-8,8
65222,196,181,15,15
65223,92,100,-8,8
65224,47,57,-10,10
65225,115,99,16,16
65226,70,72,-2,2
65227,84,86,-2,2
65228,145,133,12,12
65229,102,97,5,5
65230,31,43,-12,12
65231,65,70,-5,5
65232,92,82,10,10
65233,77,75,2,2
65234,90,100,-10,10
65235,30,66,-36,36
65236,72,76,-4,4
65237,109,105,4,4
65238,148,155,-7,7
65239,81,68,13,13
65240,75,68,7,7
65241,60,70,-10,10
65242,147,144,3,3
65243,95,80,15,15
65244,71,73,-2,2
65245,145,144,1,1
65246,91,100,-9,9
65247,48,70,-22,22
65248,94,89,5,5
65249,86,97,-11,11
65250,70,67,3,3
65251,120,125,-5,5
65252,117,115,2,2
65253,118,92,26,26
65254,66,66,0,0
65255,70,69,1,1
65256,51,58,-7,7
65257,80,76,4,4
65258,78,74,4,4
65259,136,116,20,20
65260,105,105,0,0
65261,94,83,11,11
65262,119,111,8,8
65263,119,119,0,0
65264,66,70,-4,4
65265,133,128,5,5
65266,106,104,2,2
65267,110,101,9,9
65268,109,114,-5,5
65269,97,114,-17,17
65270,54,62,-8,8
65271,143,128,15,15
65272,103,104,-1,1
65273,55,63,-8,8
65274,72,69,3,3
65275,300,275,25,25
65276,110,96,14,14
65277,120,112,8,8
65278,114,117,-3,3
65279,65,76,-11,11
65280,51,54,-3,3
65281,107,92,15,15
65282,86,90,-4,4
65283,91,88,3,3
65284,102,81,21,21
65285,72,63,9,9
65286,82,78,4,4
65287,134,121,13,13
65288,133,122,11,11
65289,79,70,9,9
65290,146,145,1,1
65291,176,167,9,9
65292,117,116,1,1
65293,82,79,3,3
65294,105,104,1,1
65295,89,80,9,9
65296,72,79,-7,7
65297,71,60,11,11
65298,117,115,2,2
65299,140,138,2,2
65300,80,73,7,7
65301,53,66,-13,13
65302,185,196,-11,11
65303,111,102,9,9
65304,92,87,5,5
65305,91,81,10,10
65306,112,101,11,11
65307,59,60,-1,1
65308,106,99,7,7
65309,53,68,-15,15
65310,132,139,-7,7
65311,80,83,-3,3
65312,163,157,6,6
65313,58,62,-4,4
65314,138,117,21,21
65315,173,177,-4,4
65316,64,70,-6,6
65317,78,63,15,15
65318,101,101,0,0
65319,103,103,0,0
65320,87,93,-6,6
65321,105,94,11,11
65322,94,90,4,4
65323,89,103,-14,14
65324,63,72,-9,9
65325,92,85,7,7
65326,139,143,-4,4
65327,78,78,0,0
65328,58,79,-21,21
65329,77,79,-2,2
65330,71,89,-18,18
65331,154,155,-1,1
65332,93,82,11,11
65333,61,60,1,1
65334,168,164,4,4
65335,139,131,8,8
65336,78,81,-3,3
65337,132,128,4,4
65338,56,61,-5,5
65339,78,78,0,0
65340,86,84,2,2
65341,68,70,-2,2
65342,31,61,-30,30
65343,60,64,-4,4
65344,150,150,0,0
65345,117,112,5,5
65346,104,92,12,12
65347,102,93,9,9
65348,77,85,-8,8
65349,64,71,-7,7
65350,103,95,8,8
65351,113,103,10,10
65352,96,98,-2,2
65353,114,88,26,26
65354,126,118,8,8
65355,106,107,-1,1
65356,59,56,3,3
65357,81,80,1,1
65358,109,97,12,12
65359,121,125,-4,4
65360,70,67,3,3
65361,148,141,7,7
65362,94,84,10,10
65363,127,117,10,10
65364,117,121,-4,4
65365,104,101,3,3
65366,46,54,-8,8
65367,106,117,-11,11
65368,94,84,10,10
65369,124,108,16,16
65370,62,62,0,0
65371,62,65,-3,3
65372,74,85,-11,11
65373,53,61,-8,8
65374,40,47,-7,7
65375,70,70,0,0
65376,60,64,-4,4
65377,45,53,-8,8
65378,111,110,1,1
65379,37,54,-17,17
65380,88,94,-6,6
65381,51,104,-53,53
65382,66,64,2,2
65383,76,88,-12,12
65384,91,85,6,6
65385,121,120,1,1
65386,135,134,1,1
65387,87,96,-9,9
65388,99,93,6,6
65389,106,96,10,10
65390,83,88,-5,5
65391,94,83,11,11
65392,76,69,7,7
65393,69,63,6,6
65394,100,114,-14,14
65395,118,109,9,9
65396,66,71,-5,5
65397,89,84,5,5
65398,104,112,-8,8
65399,110,97,13,13
65400,106,90,16,16
65401,118,111,7,7
65402,83,89,-6,6
65403,85,81,4,4
65404,73,82,-9,9
65405,72,65,7,7
65406,61,52,9,9
65407,59,62,-3,3
65408,114,121,-7,7
65409,68,70,-2,2
65410,179,188,-9,9
65411,70,65,5,5
65412,91,85,6,6
65413,114,103,11,11
65414,108,104,4,4
65415,79,82,-3,3
65416,79,77,2,2
65417,125,131,-6,6
65418,117,87,30,30
65419,68,78,-10,10
65420,79,74,5,5
65421,103,105,-2,2
65422,207,182,25,25
65423,63,72,-9,9
65424,117,120,-3,3
65425,63,64,-1,1
65426,71,80,-9,9
65427,74,80,-6,6
65428,55,61,-6,6
65429,170,167,3,3
65430,69,61,8,8
65431,51,51,0,0
65432,55,62,-7,7
65433,73,63,10,10
65434,89,100,-11,11
65435,173,141,32,32
65436,119,110,9,9
65437,85,108,-23,23
65438,94,95,-1,1
65439,104,90,14,14
65440,96,98,-2,2
65441,61,63,-2,2
65442,86,83,3,3
65443,95,87,8,8
65444,161,161,0,0
65445,80,77,3,3
65446,112,106,6,6
65447,75,70,5,5
65448,141,128,13,13
65449,161,159,2,2
65450,99,96,3,3
65451,94,85,9,9
65452,146,135,11,11
65453,72,73,-1,1
65454,105,88,17,17
65455,69,70,-1,1
65456,113,103,10,10
65457,132,104,28,28
65458,121,121,0,0
65459,91,100,-9,9
65460,70,67,3,3
65461,96,88,8,8
65462,155,145,10,10
65463,130,135,-5,5
65464,186,158,28,28
65465,96,91,5,5
65466,146,150,-4,4
65467,113,101,12,12
65468,86,91,-5,5
65469,104,102,2,2
65470,66,69,-3,3
65471,96,91,5,5
65472,88,74,14,14
65473,111,96,15,15
65474,146,129,17,17
65475,86,73,13,13
65476,46,52,-6,6
65477,72,74,-2,2
65478,170,145,25,25
65479,35,53,-18,18
65480,90,83,7,7
65481,143,148,-5,5
65482,157,146,11,11
65483,62,68,-6,6
65484,65,67,-2,2
65485,75,71,4,4
65486,89,77,12,12
65487,82,70,12,12
65488,80,78,2,2
65489,56,59,-3,3
65490,76,72,4,4
65491,113,110,3,3
65492,104,109,-5,5
65493,99,93,6,6
65494,62,65,-3,3
65495,140,144,-4,4
65496,76,75,1,1
65497,114,106,8,8
65498,108,115,-7,7
65499,81,69,12,12
65500,63,62,1,1
65501,125,118,7,7
65502,70,67,3,3
65503,90,88,2,2
65504,37,46,-9,9
65505,92,118,-26,26
65506,96,101,-5,5
65507,85,74,11,11
65508,106,110,-4,4
65509,86,80,6,6
65510,101,89,12,12
65511,101,99,2,2
65512,100,97,3,3
65513,105,94,11,11
65514,71,73,-2,2
65515,58,66,-8,8
65516,179,172,7,7
65517,106,104,2,2
65518,89,77,12,12
65519,84,69,15,15
65520,113,114,-1,1
65521,129,109,20,20
65522,87,95,-8,8
65523,122,126,-4,4
65524,109,104,5,5
65525,78,73,5,5
65526,96,96,0,0
65527,176,152,24,24
65528,114,108,6,6
65529,89,81,8,8
65530,115,104,11,11
65531,73,72,1,1
65532,68,69,-1,1
65533,148,137,11,11
65534,70,72,-2,2
65535,108,94,14,14
65536,60,52,8,8
65537,98,82,16,16
65538,47,57,-10,10
65539,84,92,-8,8
65540,60,60,0,0
65541,119,124,-5,5
65542,66,64,2,2
65543,115,96,19,19
65544,172,162,10,10
65545,105,93,12,12
65546,83,73,10,10
65547,75,74,1,1
65548,48,48,0,0
65549,100,100,0,0
65550,59,57,2,2
65551,67,60,7,7
65552,103,113,-10,10
65553,48,59,-11,11
65554,108,117,-9,9
65555,77,70,7,7
65556,126,126,0,0
65557,82,95,-13,13
65558,38,42,-4,4
65559,99,86,13,13
65560,56,66,-10,10
65561,131,100,31,31
65562,96,81,15,15
65563,83,75,8,8
65564,120,112,8,8
65565,102,83,19,19
65566,93,97,-4,4
65567,127,119,8,8
65568,67,59,8,8
65569,98,92,6,6
65570,77,64,13,13
65571,84,77,7,7
65572,96,84,12,12
65573,118,114,4,4
65574,84,85,-1,1
65575,70,73,-3,3
65576,100,107,-7,7
65577,118,114,4,4
65578,54,72,-18,18
65579,170,160,10,10
65580,91,89,2,2
65581,86,75,11,11
65582,82,86,-4,4
65583,123,122,1,1
65584,94,92,2,2
65585,86,67,19,19
65586,142,145,-3,3
65587,132,118,14,14
65588,140,132,8,8
65589,177,159,18,18
65590,54,68,-14,14
65591,51,62,-11,11
65592,130,118,12,12
65593,71,73,-2,2
65594,61,60,1,1
65595,93,82,11,11
65596,93,90,3,3
65597,83,67,16,16
65598,104,85,19,19
65599,93,95,-2,2
65600,88,89,-1,1
65601,89,94,-5,5
65602,154,170,-16,16
65603,53,62,-9,9
65604,85,86,-1,1
65605,89,90,-1,1
65606,107,106,1,1
65607,102,100,2,2
65608,88,94,-6,6
65609,35,47,-12,12
65610,118,110,8,8
65611,63,59,4,4
65612,56,60,-4,4
65613,41,56,-15,15
65614,108,118,-10,10
65615,137,135,2,2
65616,70,66,4,4
65617,131,139,-8,8
65618,83,80,3,3
65619,87,79,8,8
65620,87,90,-3,3
65621,134,138,-4,4
65622,108,89,19,19
65623,73,70,3,3
65624,110,100,10,10
65625,100,70,30,30
65626,57,56,1,1
65627,101,97,4,4
65628,124,115,9,9
65629,100,100,0,0
65630,116,112,4,4
65631,124,105,19,19
65632,119,121,-2,2
65633,95,104,-9,9
65634,131,119,12,12
65635,46,58,-12,12
65636,119,110,9,9
65637,86,86,0,0
65638,148,134,14,14
65639,63,56,7,7
65640,84,69,15,15
65641,88,74,14,14
65642,125,112,13,13
65643,180,169,11,11
65644,92,93,-1,1
65645,73,73,0,0
65646,54,64,-10,10
65647,125,129,-4,4
65648,158,165,-7,7
65649,115,115,0,0
65650,176,174,2,2
65651,71,86,-15,15
65652,109,121,-12,12
65653,115,102,13,13
65654,135,127,8,8
65655,75,64,11,11
65656,71,68,3,3
65657,74,70,4,4
65658,123,125,-2,2
65659,85,87,-2,2
65660,124,130,-6,6
65661,51,55,-4,4
65662,53,73,-20,20
65663,97,104,-7,7
65664,92,83,9,9
65665,122,123,-1,1
65666,183,176,7,7
65667,94,105,-11,11
65668,151,138,13,13
65669,65,59,6,6
65670,146,141,5,5
65671,68,73,-5,5
65672,186,118,68,68
65673,121,101,20,20
65674,77,74,3,3
65675,99,106,-7,7
65676,102,99,3,3
65677,80,76,4,4
65678,123,124,-1,1
65679,90,104,-14,14
65680,96,95,1,1
65681,119,97,22,22
65682,136,126,10,10
65683,84,97,-13,13
65684,135,134,1,1
65685,84,98,-14,14
65686,56,63,-7,7
65687,81,82,-1,1
65688,69,56,13,13
65689,89,62,27,27
65690,105,100,5,5
65691,113,107,6,6
65692,79,71,8,8
65693,167,148,19,19
65694,85,74,11,11
65695,80,84,-4,4
65696,72,71,1,1
65697,129,117,12,12
65698,155,133,22,22
65699,53,55,-2,2
65700,48,53,-5,5
65701,45,56,-11,11
65702,55,57,-2,2
65703,99,95,4,4
65704,91,94,-3,3
65705,75,74,1,1
65706,84,71,13,13
65707,38,58,-20,20
65708,41,56,-15,15
65709,86,87,-1,1
65710,76,62,14,14
65711,53,57,-4,4
65712,63,58,5,5
65713,79,73,6,6
65714,145,142,3,3
65715,97,102,-5,5
65716,120,118,2,2
65717,74,74,0,0
65718,96,87,9,9
65719,101,90,11,11
65720,94,105,-11,11
65721,92,82,10,10
65722,83,72,11,11
65723,122,109,13,13
65724,57,56,1,1
65725,56,64,-8,8
65726,123,118,5,5
65727,104,105,-1,1
65728,147,128,19,19
65729,190,210,-20,20
65730,120,115,5,5
65731,173,169,4,4
65732,52,61,-9,9
65733,134,117,17,17
65734,110,103,7,7
65735,84,79,5,5
65736,92,89,3,3
65737,112,107,5,5
65738,60,61,-1,1
65739,76,76,0,0
65740,159,152,7,7
65741,61,60,1,1
65742,141,127,14,14
65743,107,102,5,5
65744,103,93,10,10
65745,129,124,5,5
65746,61,56,5,5
65747,77,72,5,5
65748,84,90,-6,6
65749,78,78,0,0
65750,47,59,-12,12
65751,140,131,9,9
65752,56,64,-8,8
65753,154,141,13,13
65754,77,84,-7,7
65755,85,71,14,14
65756,104,109,-5,5
65757,70,80,-10,10
65758,71,72,-1,1
65759,63,58,5,5
65760,84,76,8,8
65761,110,90,20,20
65762,88,92,-4,4
65763,74,73,1,1
65764,72,88,-16,16
65765,46,56,-10,10
65766,94,92,2,2
65767,93,95,-2,2
65768,63,65,-2,2
65769,100,97,3,3
65770,71,67,4,4
65771,113,116,-3,3
65772,88,86,2,2
65773,83,65,18,18
65774,76,73,3,3
65775,83,75,8,8
65776,153,140,13,13
65777,134,131,3,3
65778,91,84,7,7
65779,56,70,-14,14
65780,89,85,4,4
65781,51,55,-4,4
65782,121,128,-7,7
65783,107,102,5,5
65784,97,150,-53,53
65785,79,80,-1,1
65786,115,103,12,12
65787,60,61,-1,1
65788,105,92,13,13
65789,65,65,0,0
65790,57,53,4,4
65791,169,162,7,7
65792,92,90,2,2
65793,104,115,-11,11
65794,68,66,2,2
65795,72,71,1,1
65796,92,88,4,4
65797,124,117,7,7
65798,85,88,-3,3
65799,123,124,-1,1
65800,112,98,14,14
65801,138,155,-17,17
65802,205,206,-1,1
65803,88,91,-3,3
65804,82,74,8,8
65805,77,80,-3,3
65806,68,64,4,4
65807,125,119,6,6
65808,87,85,2,2
65809,112,113,-1,1
65810,66,71,-5,5
65811,132,123,9,9
65812,136,121,15,15
65813,232,236,-4,4
65814,63,64,-1,1
65815,77,79,-2,2
65816,121,111,10,10
65817,161,145,16,16
65818,200,166,34,34
65819,65,62,3,3
65820,104,87,17,17
65821,129,108,21,21
65822,129,143,-14,14
65823,123,110,13,13
65824,72,74,-2,2
65825,59,58,1,1
65826,94,97,-3,3
65827,102,109,-7,7
65828,74,75,-1,1
65829,64,67,-3,3
65830,48,53,-5,5
65831,80,80,0,0
65832,112,93,19,19
65833,67,122,-55,55
65834,79,89,-10,10
65835,79,74,5,5
65836,51,55,-4,4
65837,213,193,20,20
65838,116,114,2,2
65839,82,80,2,2
65840,88,82,6,6
65841,154,153,1,1
65842,93,89,4,4
65843,115,106,9,9
65844,58,63,-5,5
65845,89,87,2,2
65846,69,65,4,4
65847,124,113,11,11
65848,87,79,8,8
65849,114,120,-6,6
65850,75,73,2,2
65851,46,67,-21,21
65852,54,69,-15,15
65853,63,71,-8,8
65854,54,54,0,0
65855,70,72,-2,2
65856,98,89,9,9
65857,74,75,-1,1
65858,76,82,-6,6
65859,80,78,2,2
65860,73,131,-58,58
65861,108,96,12,12
65862,100,98,2,2
65863,64,58,6,6
65864,101,106,-5,5
65865,75,72,3,3
65866,66,77,-11,11
65867,142,133,9,9
65868,47,56,-9,9
65869,71,58,13,13
65870,26,58,-32,32
65871,53,58,-5,5
65872,133,131,2,2
65873,96,97,-1,1
65874,91,92,-1,1
65875,83,77,6,6
65876,103,104,-1,1
65877,89,76,13,13
65878,90,86,4,4
65879,95,102,-7,7
65880,32,49,-17,17
65881,72,74,-2,2
65882,99,86,13,13
65883,115,110,5,5
65884,86,98,-12,12
65885,93,98,-5,5
65886,129,115,14,14
65887,92,89,3,3
65888,114,108,6,6
65889,84,86,-2,2
65890,93,92,1,1
65891,89,95,-6,6
65892,59,59,0,0
65893,63,73,-10,10
65894,59,61,-2,2
65895,115,111,4,4
65896,144,120,24,24
65897,76,72,4,4
65898,112,102,10,10
65899,118,130,-12,12
65900,80,84,-4,4
65901,106,101,5,5
65902,92,93,-1,1
65903,65,66,-1,1
65904,130,140,-10,10
65905,108,97,11,11
65906,44,53,-9,9
65907,101,97,4,4
65908,72,83,-11,11
65909,67,73,-6,6
65910,73,71,2,2
65911,184,160,24,24
65912,83,80,3,3
65913,77,72,5,5
65914,113,108,5,5
65915,46,53,-7,7
65916,101,109,-8,8
65917,92,83,9,9
65918,122,108,14,14
65919,67,67,0,0
65920,134,117,17,17
65921,82,85,-3,3
65922,142,129,13,13
65923,101,86,15,15
65924,119,124,-5,5
65925,44,55,-11,11
65926,105,104,1,1
65927,99,96,3,3
65928,127,113,14,14
65929,76,76,0,0
65930,107,97,10,10
65931,104,112,-8,8
65932,104,93,11,11
65933,100,89,11,11
65934,106,101,5,5
65935,66,56,10,10
65936,154,139,15,15
65937,124,122,2,2
65938,118,122,-4,4
65939,79,81,-2,2
65940,76,76,0,0
65941,89,82,7,7
65942,67,81,-14,14
65943,104,98,6,6
65944,108,91,17,17
65945,76,67,9,9
65946,47,55,-8,8
65947,98,99,-1,1
65948,137,139,-2,2
65949,111,106,5,5
65950,62,58,4,4
65951,37,49,-12,12
65952,69,70,-1,1
65953,115,119,-4,4
65954,98,89,9,9
65955,62,80,-18,18
65956,94,82,12,12
65957,46,43,3,3
65958,97,84,13,13
65959,108,96,12,12
65960,124,123,1,1
65961,74,80,-6,6
65962,113,116,-3,3
65963,96,92,4,4
65964,135,123,12,12
65965,81,75,6,6
65966,101,99,2,2
65967,109,111,-2,2
65968,121,115,6,6
65969,62,59,3,3
65970,105,115,-10,10
65971,105,87,18,18
65972,96,72,24,24
65973,90,74,16,16
65974,81,73,8,8
65975,137,130,7,7
65976,86,99,-13,13
65977,86,85,1,1
65978,105,107,-2,2
65979,120,108,12,12
65980,70,57,13,13
65981,90,72,18,18
65982,90,87,3,3
65983,79,75,4,4
65984,62,63,-1,1
65985,56,71,-15,15
65986,62,71,-9,9
65987,123,113,10,10
65988,108,107,1,1
65989,73,73,0,0
65990,92,77,15,15
65991,97,87,10,10
65992,94,90,4,4
65993,119,119,0,0
65994,125,117,8,8
65995,252,249,3,3
65996,124,118,6,6
65997,76,81,-5,5
65998,120,118,2,2
65999,83,89,-6,6
66000,82,77,5,5
66001,93,100,-7,7
66002,56,64,-8,8
66003,78,89,-11,11
66004,121,158,-37,37
66005,100,85,15,15
66006,91,76,15,15
66007,66,62,4,4
66008,62,60,2,2
66009,72,70,2,2
66010,77,72,5,5
66011,93,81,12,12
66012,176,152,24,24
66013,55,58,-3,3
66014,75,77,-2,2
66015,60,59,1,1
66016,143,111,32,32
66017,117,123,-6,6
66018,36,55,-19,19
66019,45,62,-17,17
66020,96,92,4,4
66021,81,90,-9,9
66022,106,95,11,11
66023,83,83,0,0
66024,105,93,12,12
66025,80,90,-10,10
66026,43,62,-19,19
66027,103,102,1,1
66028,134,122,12,12
66029,53,52,1,1
66030,115,108,7,7
66031,157,134,23,23
66032,67,53,14,14
66033,104,133,-29,29
66034,148,149,-1,1
66035,116,111,5,5
66036,100,85,15,15
66037,63,68,-5,5
66038,71,75,-4,4
66039,71,67,4,4
66040,67,70,-3,3
66041,105,104,1,1
66042,102,92,10,10
66043,53,65,-12,12
66044,71,76,-5,5
66045,115,109,6,6
66046,105,100,5,5
66047,62,81,-19,19
66048,119,115,4,4
66049,151,133,18,18
66050,55,59,-4,4
66051,76,81,-5,5
66052,37,51,-14,14
66053,126,99,27,27
66054,116,89,27,27
66055,119,117,2,2
66056,86,81,5,5
66057,64,75,-11,11
66058,53,58,-5,5
66059,108,96,12,12
66060,118,112,6,6
66061,126,117,9,9
66062,71,78,-7,7
66063,99,102,-3,3
66064,49,64,-15,15
66065,87,93,-6,6
66066,75,68,7,7
66067,89,94,-5,5
66068,94,85,9,9
66069,100,88,12,12
66070,80,78,2,2
66071,78,71,7,7
66072,65,72,-7,7
66073,104,96,8,8
66074,111,118,-7,7
66075,182,152,30,30
66076,69,75,-6,6
66077,67,61,6,6
66078,99,115,-16,16
66079,82,74,8,8
66080,99,83,16,16
66081,66,68,-2,2
66082,162,154,8,8
66083,142,139,3,3
66084,84,88,-4,4
66085,70,79,-9,9
66086,106,96,10,10
66087,57,54,3,3
66088,89,83,6,6
66089,119,113,6,6
66090,90,73,17,17
66091,59,57,2,2
66092,80,71,9,9
66093,113,102,11,11
66094,47,56,-9,9
66095,72,67,5,5
66096,178,204,-26,26
66097,76,83,-7,7
66098,96,90,6,6
66099,83,75,8,8
66100,63,67,-4,4
66101,144,148,-4,4
66102,42,57,-15,15
66103,52,58,-6,6
66104,125,104,21,21
66105,63,68,-5,5
66106,69,62,7,7
66107,78,70,8,8
66108,63,93,-30,30
66109,80,86,-6,6
66110,101,93,8,8
66111,187,151,36,36
66112,163,151,12,12
66113,109,109,0,0
66114,101,110,-9,9
66115,86,78,8,8
66116,72,86,-14,14
66117,142,173,-31,31
66118,99,85,14,14
66119,64,70,-6,6
66120,79,82,-3,3
66121,85,66,19,19
66122,107,73,34,34
66123,97,90,7,7
66124,116,110,6,6
66125,67,73,-6,6
66126,89,105,-16,16
66127,122,108,14,14
66128,140,140,0,0
66129,62,55,7,7
66130,119,126,-7,7
66131,117,108,9,9
66132,104,112,-8,8
66133,47,48,-1,1
66134,73,74,-1,1
66135,159,137,22,22
66136,101,102,-1,1
66137,77,68,9,9
66138,58,68,-10,10
66139,78,86,-8,8
66140,97,83,14,14
66141,76,73,3,3
66142,88,87,1,1
66143,64,63,1,1
66144,81,89,-8,8
66145,69,65,4,4
66146,115,129,-14,14
66147,65,84,-19,19
66148,76,65,11,11
66149,58,70,-12,12
66150,33,50,-17,17
66151,133,123,10,10
66152,45,66,-21,21
66153,123,133,-10,10
66154,100,90,10,10
66155,82,80,2,2
66156,83,79,4,4
66157,117,101,16,16
66158,74,61,13,13
66159,103,93,10,10
66160,72,70,2,2
66161,142,129,13,13
66162,121,106,15,15
66163,82,77,5,5
66164,80,87,-7,7
66165,100,96,4,4
66166,164,169,-5,5
66167,95,94,1,1
66168,57,58,-1,1
66169,81,70,11,11
66170,39,42,-3,3
66171,123,117,6,6
66172,127,121,6,6
66173,82,82,0,0
66174,105,96,9,9
66175,72,71,1,1
66176,37,51,-14,14
66177,85,88,-3,3
66178,152,147,5,5
66179,80,78,2,2
66180,55,59,-4,4
66181,76,89,-13,13
66182,21,46,-25,25
66183,220,224,-4,4
66184,159,141,18,18
66185,90,93,-3,3
66186,148,157,-9,9
66187,102,97,5,5
66188,83,77,6,6
66189,80,93,-13,13
66190,100,90,10,10
66191,111,101,10,10
66192,79,83,-4,4
66193,82,77,5,5
66194,82,78,4,4
66195,197,204,-7,7
66196,188,157,31,31
66197,177,188,-11,11
66198,76,78,-2,2
66199,157,174,-17,17
66200,49,54,-5,5
66201,44,62,-18,18
66202,66,75,-9,9
66203,156,148,8,8
66204,111,117,-6,6
66205,69,69,0,0
66206,188,192,-4,4
66207,126,107,19,19
66208,73,73,0,0
66209,111,102,9,9
66210,94,91,3,3
66211,57,60,-3,3
66212,132,130,2,2
66213,164,151,13,13
66214,55,61,-6,6
66215,139,130,9,9
66216,77,71,6,6
66217,43,60,-17,17
66218,96,85,11,11
66219,88,84,4,4
66220,74,74,0,0
66221,81,74,7,7
66222,84,79,5,5
66223,100,87,13,13
66224,108,87,21,21
66225,44,52,-8,8
66226,77,74,3,3
66227,79,81,-2,2
66228,111,106,5,5
66229,86,87,-1,1
66230,61,82,-21,21
66231,85,81,4,4
66232,45,49,-4,4
66233,81,69,12,12
66234,159,150,9,9
66235,80,73,7,7
66236,94,90,4,4
66237,89,90,-1,1
66238,96,92,4,4
66239,95,87,8,8
66240,127,104,23,23
66241,71,62,9,9
66242,68,58,10,10
66243,80,78,2,2
66244,122,113,9,9
66245,136,139,-3,3
66246,95,81,14,14
66247,89,95,-6,6
66248,88,97,-9,9
66249,44,50,-6,6
66250,121,112,9,9
66251,47,60,-13,13
66252,72,62,10,10
66253,72,70,2,2
66254,145,162,-17,17
66255,77,77,0,0
66256,129,137,-8,8
66257,65,69,-4,4
66258,121,117,4,4
66259,92,92,0,0
66260,100,101,-1,1
66261,36,69,-33,33
66262,122,108,14,14
66263,112,100,12,12
66264,76,74,2,2
66265,112,109,3,3
66266,75,76,-1,1
66267,81,76,5,5
66268,102,93,9,9
66269,43,47,-4,4
66270,92,89,3,3
66271,118,101,17,17
66272,73,64,9,9
66273,179,174,5,5
66274,63,67,-4,4
66275,128,141,-13,13
66276,161,161,0,0
66277,178,155,23,23
66278,90,76,14,14
66279,74,69,5,5
66280,74,71,3,3
66281,95,90,5,5
66282,98,95,3,3
66283,94,85,9,9
66284,115,119,-4,4
66285,131,134,-3,3
66286,99,79,20,20
66287,87,84,3,3
66288,74,78,-4,4
66289,56,54,2,2
66290,58,58,0,0
66291,77,76,1,1
66292,122,110,12,12
66293,70,70,0,0
66294,40,49,-9,9
66295,106,108,-2,2
66296,100,93,7,7
66297,73,67,6,6
66298,72,71,1,1
66299,99,95,4,4
66300,135,136,-1,1
66301,184,157,27,27
66302,50,63,-13,13
66303,77,77,0,0
66304,48,53,-5,5
66305,76,80,-4,4
66306,87,94,-7,7
66307,137,127,10,10
66308,110,112,-2,2
66309,84,82,2,2
66310,74,73,1,1
66311,83,66,17,17
66312,76,71,5,5
66313,107,128,-21,21
66314,78,69,9,9
66315,87,85,2,2
66316,64,66,-2,2
66317,60,62,-2,2
66318,94,99,-5,5
66319,80,79,1,1
66320,50,62,-12,12
66321,54,57,-3,3
66322,65,57,8,8
66323,101,116,-15,15
66324,89,81,8,8
66325,127,124,3,3
66326,59,62,-3,3
66327,90,94,-4,4
66328,77,78,-1,1
66329,100,107,-7,7
66330,103,99,4,4
66331,33,59,-26,26
66332,61,60,1,1
66333,63,75,-12,12
66334,47,62,-15,15
66335,51,55,-4,4
66336,141,138,3,3
66337,74,66,8,8
66338,74,73,1,1
66339,85,93,-8,8
66340,149,138,11,11
66341,90,84,6,6
66342,79,85,-6,6
66343,93,93,0,0
66344,79,77,2,2
66345,146,152,-6,6
66346,81,75,6,6
66347,83,100,-17,17
66348,196,181,15,15
66349,114,101,13,13
66350,102,90,12,12
66351,140,138,2,2
66352,46,56,-10,10
66353,189,183,6,6
66354,102,96,6,6
66355,96,91,5,5
66356,73,80,-7,7
66357,131,132,-1,1
66358,143,128,15,15
66359,94,73,21,21
66360,95,88,7,7
66361,131,122,9,9
66362,138,125,13,13
66363,55,61,-6,6
66364,40,52,-12,12
66365,97,80,17,17
66366,70,77,-7,7
66367,95,85,10,10
66368,86,77,9,9
66369,107,96,11,11
66370,45,56,-11,11
66371,107,108,-1,1
66372,77,64,13,13
66373,75,65,10,10
66374,85,71,14,14
66375,81,86,-5,5
66376,100,89,11,11
66377,65,69,-4,4
66378,57,69,-12,12
66379,61,56,5,5
66380,79,70,9,9
66381,104,93,11,11
66382,106,108,-2,2
66383,55,71,-16,16
66384,100,95,5,5
66385,89,83,6,6
66386,73,68,5,5
66387,77,76,1,1
66388,59,63,-4,4
66389,71,68,3,3
66390,52,64,-12,12
66391,58,60,-2,2
66392,72,60,12,12
66393,90,82,8,8
66394,57,68,-11,11
66395,82,91,-9,9
66396,92,89,3,3
66397,88,81,7,7
66398,49,55,-6,6
66399,91,84,7,7
66400,171,153,18,18
66401,75,97,-22,22
66402,82,80,2,2
66403,74,64,10,10
66404,116,105,11,11
66405,95,86,9,9
66406,116,100,16,16
66407,74,97,-23,23
66408,100,101,-1,1
66409,81,79,2,2
66410,141,161,-20,20
66411,113,118,-5,5
66412,100,93,7,7
66413,80,69,11,11
66414,96,89,7,7
66415,83,77,6,6
66416,68,72,-4,4
66417,66,72,-6,6
66418,73,68,5,5
66419,169,176,-7,7
66420,119,102,17,17
66421,82,88,-6,6
66422,85,82,3,3
66423,92,101,-9,9
66424,92,91,1,1
66425,164,150,14,14
66426,131,140,-9,9
66427,106,127,-21,21
66428,72,80,-8,8
66429,54,55,-1,1
66430,75,72,3,3
66431,62,60,2,2
66432,89,79,10,10
66433,63,60,3,3
66434,87,78,9,9
66435,136,121,15,15
66436,79,70,9,9
66437,86,94,-8,8
66438,71,70,1,1
66439,68,62,6,6
66440,127,119,8,8
66441,78,80,-2,2
66442,43,72,-29,29
66443,82,79,3,3
66444,61,66,-5,5
66445,91,96,-5,5
66446,78,67,11,11
66447,121,119,2,2
66448,83,79,4,4
66449,169,184,-15,15
66450,56,56,0,0
66451,78,69,9,9
66452,73,72,1,1
66453,66,65,1,1
66454,67,65,2,2
66455,69,50,19,19
66456,96,85,11,11
66457,118,113,5,5
66458,67,67,0,0
66459,58,55,3,3
66460,77,73,4,4
66461,164,156,8,8
66462,57,61,-4,4
66463,98,92,6,6
66464,97,95,2,2
66465,58,65,-7,7
66466,107,106,1,1
66467,70,76,-6,6
66468,121,103,18,18
66469,144,131,13,13
66470,157,161,-4,4
66471,113,110,3,3
66472,66,57,9,9
66473,47,58,-11,11
66474,106,100,6,6
66475,77,87,-10,10
66476,180,165,15,15
66477,55,56,-1,1
66478,57,63,-6,6
66479,104,101,3,3
66480,120,119,1,1
66481,124,113,11,11
66482,157,149,8,8
66483,185,179,6,6
66484,63,62,1,1
66485,158,138,20,20
66486,161,162,-1,1
66487,61,59,2,2
66488,104,107,-3,3
66489,65,71,-6,6
66490,174,164,10,10
66491,52,57,-5,5
66492,118,110,8,8
66493,89,77,12,12
66494,88,82,6,6
66495,88,93,-5,5
66496,62,67,-5,5
66497,67,73,-6,6
66498,118,109,9,9
66499,113,115,-2,2
66500,99,103,-4,4
66501,68,74,-6,6
66502,50,64,-14,14
66503,123,112,11,11
66504,97,91,6,6
66505,93,104,-11,11
66506,132,128,4,4
66507,70,80,-10,10
66508,65,62,3,3
66509,80,96,-16,16
66510,79,82,-3,3
66511,96,100,-4,4
66512,69,74,-5,5
66513,142,133,9,9
66514,126,128,-2,2
66515,88,107,-19,19
66516,57,61,-4,4
66517,68,64,4,4
66518,97,109,-12,12
66519,128,131,-3,3
66520,129,140,-11,11
66521,92,91,1,1
66522,146,122,24,24
66523,83,79,4,4
66524,92,83,9,9
66525,207,191,16,16
66526,40,57,-17,17
66527,92,88,4,4
66528,95,113,-18,18
66529,107,95,12,12
66530,51,52,-1,1
66531,210,188,22,22
66532,73,72,1,1
66533,103,99,4,4
66534,120,117,3,3
66535,132,111,21,21
66536,112,98,14,14
66537,86,78,8,8
66538,195,206,-11,11
66539,69,66,3,3
66540,91,94,-3,3
66541,57,68,-11,11
66542,112,106,6,6
66543,72,74,-2,2
66544,90,77,13,13
66545,99,94,5,5
66546,46,49,-3,3
66547,51,52,-1,1
66548,107,98,9,9
66549,156,164,-8,8
66550,61,55,6,6
66551,88,82,6,6
66552,107,100,7,7
66553,121,106,15,15
66554,89,77,12,12
66555,99,92,7,7
66556,87,95,-8,8
66557,46,50,-4,4
66558,152,141,11,11
66559,67,71,-4,4
66560,164,158,6,6
66561,68,63,5,5
66562,94,89,5,5
66563,60,70,-10,10
66564,205,191,14,14
66565,92,87,5,5
66566,95,84,11,11
66567,67,57,10,10
66568,55,64,-9,9
66569,151,140,11,11
66570,160,160,0,0
66571,29,64,-35,35
66572,108,103,5,5
66573,112,122,-10,10
66574,109,162,-53,53
66575,86,78,8,8
66576,75,70,5,5
66577,60,74,-14,14
66578,64,75,-11,11
66579,64,76,-12,12
66580,110,109,1,1
66581,81,75,6,6
66582,79,81,-2,2
66583,124,109,15,15
66584,94,97,-3,3
66585,73,87,-14,14
66586,111,99,12,12
66587,107,105,2,2
66588,71,68,3,3
66589,125,121,4,4
66590,123,107,16,16
66591,63,71,-8,8
66592,98,93,5,5
66593,101,86,15,15
66594,129,124,5,5
66595,96,85,11,11
66596,58,57,1,1
66597,162,171,-9,9
66598,48,47,1,1
66599,151,136,15,15
66600,67,73,-6,6
66601,122,115,7,7
66602,100,92,8,8
66603,135,142,-7,7
66604,213,193,20,20
66605,129,133,-4,4
66606,61,60,1,1
66607,70,69,1,1
66608,88,88,0,0
66609,75,76,-1,1
66610,159,164,-5,5
66611,100,94,6,6
66612,75,68,7,7
66613,120,139,-19,19
66614,70,77,-7,7
66615,129,113,16,16
66616,124,90,34,34
66617,105,95,10,10
66618,60,55,5,5
66619,76,78,-2,2
66620,64,67,-3,3
66621,145,132,13,13
66622,95,106,-11,11
66623,104,105,-1,1
66624,148,138,10,10
66625,126,122,4,4
66626,142,133,9,9
66627,67,70,-3,3
66628,96,98,-2,2
66629,114,109,5,5
66630,47,61,-14,14
66631,125,133,-8,8
66632,66,65,1,1
66633,203,230,-27,27
66634,58,61,-3,3
66635,114,102,12,12
66636,100,117,-17,17
66637,92,103,-11,11
66638,114,116,-2,2
66639,67,71,-4,4
66640,56,57,-1,1
66641,78,71,7,7
66642,62,68,-6,6
66643,77,87,-10,10
66644,104,99,5,5
66645,37,64,-27,27
66646,94,88,6,6
66647,108,98,10,10
66648,42,59,-17,17
66649,106,100,6,6
66650,74,72,2,2
66651,116,97,19,19
66652,77,66,11,11
66653,123,118,5,5
66654,89,100,-11,11
66655,74,78,-4,4
66656,118,108,10,10
66657,73,74,-1,1
66658,69,79,-10,10
66659,79,79,0,0
66660,58,59,-1,1
66661,172,141,31,31
66662,118,113,5,5
66663,140,131,9,9
66664,124,125,-1,1
66665,111,106,5,5
66666,88,89,-1,1
66667,90,112,-22,22
66668,59,55,4,4
66669,139,139,0,0
66670,125,129,-4,4
66671,64,68,-4,4
66672,147,134,13,13
66673,50,75,-25,25
66674,81,82,-1,1
66675,105,102,3,3
66676,63,68,-5,5
66677,87,91,-4,4
66678,90,79,11,11
66679,47,55,-8,8
66680,134,126,8,8
66681,61,67,-6,6
66682,73,85,-12,12
66683,73,56,17,17
66684,78,73,5,5
66685,134,125,9,9
66686,51,50,1,1
66687,108,88,20,20
66688,96,91,5,5
66689,54,57,-3,3
66690,122,114,8,8
66691,129,122,7,7
66692,86,78,8,8
66693,114,101,13,13
66694,70,76,-6,6
66695,79,84,-5,5
66696,56,60,-4,4
66697,66,61,5,5
66698,89,83,6,6
66699,106,102,4,4
66700,77,70,7,7
66701,82,72,10,10
66702,63,77,-14,14
66703,87,87,0,0
66704,119,126,-7,7
66705,146,140,6,6
66706,71,65,6,6
66707,70,79,-9,9
66708,82,86,-4,4
66709,72,80,-8,8
66710,91,94,-3,3
66711,57,73,-16,16
66712,68,64,4,4
66713,92,77,15,15
66714,71,60,11,11
66715,100,91,9,9
66716,106,93,13,13
66717,64,62,2,2
66718,58,58,0,0
66719,74,75,-1,1
66720,104,118,-14,14
66721,133,124,9,9
66722,59,73,-14,14
66723,77,75,2,2
66724,90,86,4,4
66725,116,92,24,24
66726,94,75,19,19
66727,102,102,0,0
66728,130,122,8,8
66729,115,111,4,4
66730,79,68,11,11
66731,151,147,4,4
66732,88,94,-6,6
66733,188,175,13,13
66734,91,83,8,8
66735,81,67,14,14
66736,74,74,0,0
66737,80,77,3,3
66738,125,119,6,6
66739,140,131,9,9
66740,60,63,-3,3
66741,45,52,-7,7
66742,65,73,-8,8
66743,120,123,-3,3
66744,105,99,6,6
66745,136,132,4,4
66746,31,60,-29,29
66747,77,76,1,1
66748,79,88,-9,9
66749,96,93,3,3
66750,40,60,-20,20
66751,54,60,-6,6
66752,94,87,7,7
66753,83,99,-16,16
66754,54,60,-6,6
66755,92,95,-3,3
66756,146,125,21,21
66757,172,162,10,10
66758,62,64,-2,2
66759,155,154,1,1
66760,111,106,5,5
66761,99,93,6,6
66762,126,124,2,2
66763,55,58,-3,3
66764,202,185,17,17
66765,60,65,-5,5
66766,97,79,18,18
66767,111,102,9,9
66768,114,104,10,10
66769,81,73,8,8
66770,35,51,-16,16
66771,88,85,3,3
66772,62,67,-5,5
66773,84,82,2,2
66774,96,85,11,11
66775,105,103,2,2
66776,67,75,-8,8
66777,68,78,-10,10
66778,75,74,1,1
66779,64,71,-7,7
66780,165,147,18,18
66781,92,119,-27,27
66782,136,110,26,26
66783,93,91,2,2
66784,58,65,-7,7
66785,72,67,5,5
66786,87,83,4,4
66787,53,57,-4,4
66788,138,141,-3,3
66789,98,100,-2,2
66790,81,81,0,0
66791,82,77,5,5
66792,140,143,-3,3
66793,92,81,11,11
66794,116,111,5,5
66795,169,156,13,13
66796,76,85,-9,9
66797,70,68,2,2
66798,206,180,26,26
66799,118,110,8,8
66800,82,84,-2,2
66801,143,135,8,8
66802,113,97,16,16
66803,82,76,6,6
66804,72,70,2,2
66805,53,55,-2,2
66806,38,61,-23,23
66807,102,93,9,9
66808,98,100,-2,2
66809,60,62,-2,2
66810,133,112,21,21
66811,108,98,10,10
66812,103,93,10,10
66813,58,55,3,3
66814,80,78,2,2
66815,72,73,-1,1
66816,103,90,13,13
66817,115,121,-6,6
66818,66,68,-2,2
66819,134,132,2,2
66820,129,126,3,3
66821,82,73,9,9
66822,92,87,5,5
66823,72,73,-1,1
66824,156,157,-1,1
66825,97,95,2,2
66826,80,81,-1,1
66827,110,95,15,15
66828,112,103,9,9
66829,73,74,-1,1
66830,93,97,-4,4
66831,84,90,-6,6
66832,69,68,1,1
66833,63,75,-12,12
66834,97,95,2,2
66835,51,61,-10,10
66836,117,111,6,6
66837,102,118,-16,16
66838,63,60,3,3
66839,90,110,-20,20
66840,75,74,1,1
66841,31,65,-34,34
66842,118,122,-4,4
66843,110,125,-15,15
66844,126,124,2,2
66845,132,136,-4,4
66846,94,83,11,11
66847,55,61,-6,6
66848,119,112,7,7
66849,47,52,-5,5
66850,152,131,21,21
66851,38,52,-14,14
66852,96,105,-9,9
66853,79,65,14,14
66854,63,62,1,1
66855,120,115,5,5
66856,97,87,10,10
66857,65,64,1,1
66858,108,100,8,8
66859,146,141,5,5
66860,99,99,0,0
66861,50,60,-10,10
66862,98,90,8,8
66863,61,65,-4,4
66864,67,71,-4,4
66865,102,92,10,10
66866,98,94,4,4
66867,127,120,7,7
66868,134,121,13,13
66869,107,98,9,9
66870,62,73,-11,11
66871,83,80,3,3
66872,41,53,-12,12
66873,65,73,-8,8
66874,73,81,-8,8
66875,81,80,1,1
66876,85,71,14,14
66877,85,76,9,9
66878,117,105,12,12
66879,128,127,1,1
66880,89,78,11,11
66881,42,53,-11,11
66882,125,140,-15,15
66883,68,66,2,2
66884,72,81,-9,9
66885,96,97,-1,1
66886,134,133,1,1
66887,122,117,5,5
66888,87,87,0,0
66889,54,58,-4,4
66890,79,84,-5,5
66891,148,131,17,17
66892,66,69,-3,3
66893,142,127,15,15
66894,106,92,14,14
66895,48,51,-3,3
66896,57,70,-13,13
66897,126,128,-2,2
66898,51,51,0,0
66899,109,113,-4,4
66900,106,110,-4,4
66901,102,99,3,3
66902,94,83,11,11
66903,112,110,2,2
66904,140,124,16,16
66905,117,108,9,9
66906,112,95,17,17
66907,49,78,-29,29
66908,156,143,13,13
66909,89,79,10,10
66910,74,77,-3,3
66911,67,63,4,4
66912,70,74,-4,4
66913,93,98,-5,5
66914,93,92,1,1
66915,101,97,4,4
66916,76,80,-4,4
66917,67,64,3,3
66918,106,98,8,8
66919,72,86,-14,14
66920,65,68,-3,3
66921,87,89,-2,2
66922,89,92,-3,3
66923,257,329,-72,72
66924,175,157,18,18
66925,69,63,6,6
66926,76,68,8,8
66927,65,67,-2,2
66928,153,148,5,5
66929,68,71,-3,3
66930,116,103,13,13
66931,114,114,0,0
66932,76,87,-11,11
66933,65,68,-3,3
66934,104,101,3,3
66935,148,142,6,6
66936,43,53,-10,10
66937,90,81,9,9
66938,99,90,9,9
66939,128,133,-5,5
66940,110,102,8,8
66941,42,100,-58,58
66942,120,115,5,5
66943,135,106,29,29
66944,134,143,-9,9
66945,116,116,0,0
66946,138,120,18,18
66947,125,111,14,14
66948,43,56,-13,13
66949,89,69,20,20
66950,126,111,15,15
66951,90,78,12,12
66952,77,78,-1,1
66953,91,88,3,3
66954,120,108,12,12
66955,63,61,2,2
66956,88,76,12,12
66957,50,61,-11,11
66958,110,104,6,6
66959,71,70,1,1
66960,81,74,7,7
66961,120,109,11,11
66962,94,84,10,10
66963,51,57,-6,6
66964,84,86,-2,2
66965,96,97,-1,1
66966,179,161,18,18
66967,57,62,-5,5
66968,114,121,-7,7
66969,111,115,-4,4
66970,111,99,12,12
66971,101,94,7,7
66972,53,55,-2,2
66973,97,97,0,0
66974,98,87,11,11
66975,50,62,-12,12
66976,82,90,-8,8
66977,108,95,13,13
66978,59,67,-8,8
66979,69,72,-3,3
66980,68,73,-5,5
66981,69,80,-11,11
66982,73,78,-5,5
66983,28,55,-27,27
66984,75,74,1,1
66985,68,73,-5,5
66986,110,102,8,8
66987,99,97,2,2
66988,72,72,0,0
66989,74,76,-2,2
66990,70,76,-6,6
66991,109,92,17,17
66992,191,205,-14,14
66993,54,58,-4,4
66994,119,104,15,15
66995,76,79,-3,3
66996,174,158,16,16
66997,87,79,8,8
66998,88,83,5,5
66999,53,67,-14,14
67000,75,77,-2,2
67001,68,60,8,8
67002,118,123,-5,5
67003,114,104,10,10
67004,101,96,5,5
67005,102,99,3,3
67006,82,86,-4,4
67007,100,100,0,0
67008,134,141,-7,7
67009,140,131,9,9
67010,109,109,0,0
67011,124,120,4,4
67012,157,134,23,23
67013,67,50,17,17
67014,117,121,-4,4
67015,64,71,-7,7
67016,89,98,-9,9
67017,52,51,1,1
67018,126,115,11,11
67019,99,94,5,5
67020,82,79,3,3
67021,96,78,18,18
67022,85,86,-1,1
67023,68,73,-5,5
67024,132,124,8,8
67025,148,132,16,16
67026,56,59,-3,3
67027,173,181,-8,8
67028,115,112,3,3
67029,99,95,4,4
67030,115,125,-10,10
67031,71,73,-2,2
67032,141,137,4,4
67033,111,105,6,6
67034,53,52,1,1
67035,279,240,39,39
67036,101,83,18,18
67037,93,83,10,10
67038,71,72,-1,1
67039,163,154,9,9
67040,52,56,-4,4
67041,109,104,5,5
67042,80,90,-10,10
67043,72,101,-29,29
67044,72,66,6,6
67045,87,86,1,1
67046,82,91,-9,9
67047,74,84,-10,10
67048,156,153,3,3
67049,133,130,3,3
67050,123,116,7,7
67051,63,72,-9,9
67052,70,67,3,3
67053,40,49,-9,9
67054,76,79,-3,3
67055,201,190,11,11
67056,76,75,1,1
67057,109,112,-3,3
67058,116,114,2,2
67059,45,61,-16,16
67060,59,60,-1,1
67061,104,90,14,14
67062,122,151,-29,29
67063,108,89,19,19
67064,59,64,-5,5
67065,111,118,-7,7
67066,47,54,-7,7
67067,123,117,6,6
67068,127,115,12,12
67069,98,91,7,7
67070,90,93,-3,3
67071,70,72,-2,2
67072,102,96,6,6
67073,101,99,2,2
67074,72,87,-15,15
67075,86,102,-16,16
67076,77,77,0,0
67077,175,148,27,27
67078,85,85,0,0
67079,109,100,9,9
67080,143,134,9,9
67081,79,84,-5,5
67082,81,82,-1,1
67083,110,97,13,13
67084,68,80,-12,12
67085,107,94,13,13
67086,115,110,5,5
67087,120,108,12,12
67088,67,73,-6,6
67089,95,76,19,19
67090,116,110,6,6
67091,83,83,0,0
67092,97,81,16,16
67093,85,88,-3,3
67094,91,89,2,2
67095,147,130,17,17
67096,60,64,-4,4
67097,104,97,7,7
67098,99,94,5,5
67099,142,126,16,16
67100,65,71,-6,6
67101,58,63,-5,5
67102,81,84,-3,3
67103,85,72,13,13
67104,158,153,5,5
67105,57,59,-2,2
67106,32,48,-16,16
67107,161,157,4,4
67108,139,132,7,7
67109,123,116,7,7
67110,141,146,-5,5
67111,127,125,2,2
67112,65,65,0,0
67113,177,171,6,6
67114,131,125,6,6
67115,140,131,9,9
67116,51,59,-8,8
67117,85,85,0,0
67118,75,68,7,7
67119,103,97,6,6
67120,155,133,22,22
67121,85,72,13,13
67122,72,79,-7,7
67123,80,77,3,3
67124,62,76,-14,14
67125,58,61,-3,3
67126,53,58,-5,5
67127,76,81,-5,5
67128,117,113,4,4
67129,75,71,4,4
67130,138,130,8,8
67131,82,77,5,5
67132,79,78,1,1
67133,83,85,-2,2
67134,79,78,1,1
67135,141,132,9,9
67136,76,66,10,10
67137,165,149,16,16
67138,150,143,7,7
67139,65,69,-4,4
67140,37,48,-11,11
67141,55,50,5,5
67142,227,204,23,23
67143,82,88,-6,6
67144,70,66,4,4
67145,57,59,-2,2
67146,73,61,12,12
67147,78,74,4,4
67148,58,75,-17,17
67149,87,79,8,8
67150,48,55,-7,7
67151,127,129,-2,2
67152,65,67,-2,2
67153,111,101,10,10
67154,74,71,3,3
67155,103,93,10,10
67156,91,74,17,17
67157,188,215,-27,27
67158,98,101,-3,3
67159,86,76,10,10
67160,68,67,1,1
67161,99,102,-3,3
67162,68,61,7,7
67163,87,86,1,1
67164,110,107,3,3
67165,53,62,-9,9
67166,75,76,-1,1
67167,113,113,0,0
67168,103,116,-13,13
67169,48,53,-5,5
67170,180,171,9,9
67171,67,74,-7,7
67172,69,75,-6,6
67173,114,114,0,0
67174,82,79,3,3
67175,152,139,13,13
67176,108,108,0,0
67177,126,129,-3,3
67178,126,133,-7,7
67179,68,79,-11,11
67180,111,97,14,14
67181,127,111,16,16
67182,106,98,8,8
67183,93,95,-2,2
67184,134,134,0,0
67185,65,70,-5,5
67186,129,110,19,19
67187,84,80,4,4
67188,64,73,-9,9
67189,147,140,7,7
67190,123,113,10,10
67191,102,92,10,10
67192,66,59,7,7
67193,56,64,-8,8
67194,99,107,-8,8
67195,92,79,13,13
67196,96,92,4,4
67197,125,141,-16,16
67198,85,74,11,11
67199,100,104,-4,4
67200,77,81,-4,4
67201,69,66,3,3
67202,95,96,-1,1
67203,87,83,4,4
67204,112,98,14,14
67205,124,116,8,8
67206,99,86,13,13
67207,65,59,6,6
67208,119,97,22,22
67209,66,62,4,4
67210,89,81,8,8
67211,139,123,16,16
67212,111,98,13,13
67213,81,93,-12,12
67214,100,87,13,13
67215,82,72,10,10
67216,145,159,-14,14
67217,91,89,2,2
67218,187,200,-13,13
67219,84,84,0,0
67220,45,63,-18,18
67221,116,101,15,15
67222,69,77,-8,8
67223,80,85,-5,5
67224,44,52,-8,8
67225,93,100,-7,7
67226,58,65,-7,7
67227,74,71,3,3
67228,74,75,-1,1
67229,99,109,-10,10
67230,93,96,-3,3
67231,67,59,8,8
67232,108,102,6,6
67233,108,110,-2,2
67234,116,96,20,20
67235,127,106,21,21
67236,98,85,13,13
67237,115,116,-1,1
67238,131,121,10,10
67239,185,174,11,11
67240,120,99,21,21
67241,75,71,4,4
67242,165,135,30,30
67243,44,78,-34,34
67244,82,80,2,2
67245,66,65,1,1
67246,72,74,-2,2
67247,137,119,18,18
67248,66,76,-10,10
67249,79,92,-13,13
67250,48,59,-11,11
67251,76,66,10,10
67252,87,85,2,2
67253,90,71,19,19
67254,67,66,1,1
67255,139,142,-3,3
67256,52,63,-11,11
67257,97,89,8,8
67258,135,126,9,9
67259,60,54,6,6
67260,65,68,-3,3
67261,61,62,-1,1
67262,175,157,18,18
67263,146,126,20,20
67264,64,67,-3,3
67265,122,119,3,3
67266,66,72,-6,6
67267,62,60,2,2
67268,97,102,-5,5
67269,117,118,-1,1
67270,72,75,-3,3
67271,66,78,-12,12
67272,147,140,7,7
67273,139,136,3,3
67274,143,149,-6,6
67275,106,104,2,2
67276,81,83,-2,2
67277,85,69,16,16
67278,112,103,9,9
67279,74,82,-8,8
67280,157,141,16,16
67281,76,78,-2,2
67282,69,68,1,1
67283,133,127,6,6
67284,79,81,-2,2
67285,58,66,-8,8
67286,111,113,-2,2
67287,195,184,11,11
67288,129,108,21,21
67289,58,51,7,7
67290,101,109,-8,8
67291,186,164,22,22
67292,76,68,8,8
67293,72,76,-4,4
67294,100,109,-9,9
67295,60,59,1,1
67296,59,63,-4,4
67297,118,112,6,6
67298,195,176,19,19
67299,92,86,6,6
67300,245,275,-30,30
67301,102,108,-6,6
67302,84,84,0,0
67303,95,90,5,5
67304,126,117,9,9
67305,101,92,9,9
67306,192,158,34,34
67307,118,119,-1,1
67308,72,80,-8,8
67309,66,77,-11,11
67310,72,70,2,2
67311,75,69,6,6
67312,47,58,-11,11
67313,53,71,-18,18
67314,75,77,-2,2
67315,77,95,-18,18
67316,133,133,0,0
67317,66,76,-10,10
67318,122,124,-2,2
67319,151,153,-2,2
67320,95,114,-19,19
67321,70,76,-6,6
67322,66,62,4,4
67323,101,98,3,3
67324,92,82,10,10
67325,94,85,9,9
67326,80,65,15,15
67327,86,89,-3,3
67328,99,80,19,19
67329,167,143,24,24
67330,104,91,13,13
67331,92,78,14,14
67332,82,82,0,0
67333,93,84,9,9
67334,57,63,-6,6
67335,80,75,5,5
67336,154,139,15,15
67337,92,83,9,9
67338,121,97,24,24
67339,90,99,-9,9
67340,94,90,4,4
67341,100,103,-3,3
67342,55,56,-1,1
67343,179,182,-3,3
67344,157,150,7,7
67345,58,67,-9,9
67346,94,102,-8,8
67347,85,79,6,6
67348,55,68,-13,13
67349,72,65,7,7
67350,114,125,-11,11
67351,99,89,10,10
67352,75,68,7,7
67353,45,60,-15,15
67354,58,62,-4,4
67355,110,102,8,8
67356,69,76,-7,7
67357,68,72,-4,4
67358,102,88,14,14
67359,77,74,3,3
67360,85,69,16,16
67361,112,109,3,3
67362,40,61,-21,21
67363,73,83,-10,10
67364,76,81,-5,5
67365,65,72,-7,7
67366,72,87,-15,15
67367,89,108,-19,19
67368,110,107,3,3
67369,91,88,3,3
67370,59,89,-30,30
67371,90,81,9,9
67372,84,86,-2,2
67373,130,123,7,7
67374,63,70,-7,7
67375,63,71,-8,8
67376,87,81,6,6
67377,106,111,-5,5
67378,145,137,8,8
67379,128,123,5,5
67380,81,79,2,2
67381,111,100,11,11
67382,76,84,-8,8
67383,53,62,-9,9
67384,82,85,-3,3
67385,100,98,2,2
67386,74,91,-17,17
67387,105,108,-3,3
67388,58,55,3,3
67389,102,103,-1,1
67390,113,97,16,16
67391,99,104,-5,5
67392,113,105,8,8
67393,55,70,-15,15
67394,98,82,16,16
67395,108,119,-11,11
67396,54,55,-1,1
67397,99,91,8,8
67398,78,71,7,7
67399,68,47,21,21
67400,45,58,-13,13
67401,71,71,0,0
67402,216,183,33,33
67403,103,101,2,2
67404,77,72,5,5
67405,64,68,-4,4
67406,108,114,-6,6
67407,106,86,20,20
67408,124,110,14,14
67409,71,69,2,2
67410,91,80,11,11
67411,80,85,-5,5
67412,122,112,10,10
67413,105,99,6,6
67414,80,77,3,3
67415,142,120,22,22
67416,64,84,-20,20
67417,95,78,17,17
67418,112,126,-14,14
67419,83,77,6,6
67420,147,143,4,4
67421,47,54,-7,7
67422,80,84,-4,4
67423,104,111,-7,7
67424,71,68,3,3
67425,67,71,-4,4
67426,69,69,0,0
67427,82,82,0,0
67428,85,72,13,13
67429,144,147,-3,3
67430,81,83,-2,2
67431,141,133,8,8
67432,86,80,6,6
67433,176,181,-5,5
67434,74,64,10,10
67435,91,87,4,4
67436,102,86,16,16
67437,74,66,8,8
67438,97,86,11,11
67439,60,67,-7,7
67440,97,93,4,4
67441,119,110,9,9
67442,97,93,4,4
67443,70,70,0,0
67444,102,87,15,15
67445,61,62,-1,1
67446,86,68,18,18
67447,45,56,-11,11
67448,51,51,0,0
67449,130,129,1,1
67450,74,81,-7,7
67451,78,83,-5,5
67452,163,169,-6,6
67453,52,61,-9,9
67454,99,95,4,4
67455,84,84,0,0
67456,109,101,8,8
67457,84,75,9,9
67458,88,101,-13,13
67459,117,104,13,13
67460,186,176,10,10
67461,55,50,5,5
67462,65,74,-9,9
67463,119,142,-23,23
67464,71,71,0,0
67465,87,67,20,20
67466,51,64,-13,13
67467,46,56,-10,10
67468,61,61,0,0
67469,103,91,12,12
67470,84,79,5,5
67471,56,71,-15,15
67472,73,78,-5,5
67473,84,89,-5,5
67474,127,102,25,25
67475,178,186,-8,8
67476,71,72,-1,1
67477,107,105,2,2
67478,111,100,11,11
67479,69,71,-2,2
67480,94,90,4,4
67481,45,54,-9,9
67482,94,102,-8,8
67483,120,110,10,10
67484,63,74,-11,11
67485,78,71,7,7
67486,40,67,-27,27
67487,114,111,3,3
67488,112,101,11,11
67489,152,143,9,9
67490,184,169,15,15
67491,84,75,9,9
67492,122,106,16,16
67493,108,93,15,15
67494,64,69,-5,5
67495,114,113,1,1
67496,143,143,0,0
67497,97,85,12,12
67498,99,86,13,13
67499,145,147,-2,2
67500,63,75,-12,12
67501,111,112,-1,1
67502,68,79,-11,11
67503,108,120,-12,12
67504,94,76,18,18
67505,77,76,1,1
67506,49,53,-4,4
67507,82,78,4,4
67508,66,64,2,2
67509,74,66,8,8
67510,142,146,-4,4
67511,82,83,-1,1
67512,87,72,15,15
67513,78,77,1,1
67514,58,64,-6,6
67515,108,96,12,12
67516,50,67,-17,17
67517,170,151,19,19
67518,74,78,-4,4
67519,102,105,-3,3
67520,95,93,2,2
67521,90,87,3,3
67522,118,110,8,8
67523,70,65,5,5
67524,111,106,5,5
67525,96,104,-8,8
67526,81,79,2,2
67527,110,101,9,9
67528,94,90,4,4
67529,99,106,-7,7
67530,107,109,-2,2
67531,129,129,0,0
67532,135,113,22,22
67533,123,117,6,6
67534,67,67,0,0
67535,79,77,2,2
67536,91,88,3,3
67537,72,76,-4,4
67538,150,169,-19,19
67539,117,127,-10,10
67540,60,64,-4,4
67541,102,102,0,0
67542,32,46,-14,14
67543,65,64,1,1
67544,163,159,4,4
67545,99,115,-16,16
67546,76,73,3,3
67547,146,122,24,24
67548,137,125,12,12
67549,131,128,3,3
67550,152,141,11,11
67551,93,112,-19,19
67552,78,70,8,8
67553,83,74,9,9
67554,109,103,6,6
67555,134,140,-6,6
67556,56,72,-16,16
67557,82,83,-1,1
67558,50,55,-5,5
67559,104,93,11,11
67560,78,75,3,3
67561,60,61,-1,1
67562,137,122,15,15
67563,64,65,-1,1
67564,144,139,5,5
67565,49,64,-15,15
67566,104,96,8,8
67567,66,64,2,2
67568,71,62,9,9
67569,128,118,10,10
67570,84,98,-14,14
67571,141,143,-2,2
67572,97,88,9,9
67573,52,60,-8,8
67574,74,68,6,6
67575,98,108,-10,10
67576,71,76,-5,5
67577,56,58,-2,2
67578,71,80,-9,9
67579,123,118,5,5
67580,146,117,29,29
67581,77,67,10,10
67582,68,78,-10,10
67583,110,91,19,19
67584,85,86,-1,1
67585,162,126,36,36
67586,105,91,14,14
67587,68,68,0,0
67588,100,89,11,11
67589,103,91,12,12
67590,121,106,15,15
67591,96,90,6,6
67592,199,195,4,4
67593,83,83,0,0
67594,91,88,3,3
67595,61,56,5,5
67596,103,112,-9,9
67597,95,93,2,2
67598,68,68,0,0
67599,94,82,12,12
67600,54,67,-13,13
67601,160,135,25,25
67602,123,115,8,8
67603,154,142,12,12
67604,48,53,-5,5
67605,66,66,0,0
67606,81,80,1,1
67607,56,56,0,0
67608,160,141,19,19
67609,121,149,-28,28
67610,103,82,21,21
67611,126,120,6,6
67612,82,71,11,11
67613,63,79,-16,16
67614,88,84,4,4
67615,111,108,3,3
67616,139,120,19,19
67617,103,105,-2,2
67618,74,81,-7,7
67619,133,119,14,14
67620,49,61,-12,12
67621,93,85,8,8
67622,86,82,4,4
67623,77,68,9,9
67624,56,70,-14,14
67625,66,67,-1,1
67626,132,120,12,12
67627,149,139,10,10
67628,39,51,-12,12
67629,117,112,5,5
67630,98,92,6,6
67631,59,62,-3,3
67632,146,131,15,15
67633,106,96,10,10
67634,63,68,-5,5
67635,90,88,2,2
67636,73,77,-4,4
67637,80,81,-1,1
67638,89,78,11,11
67639,88,83,5,5
67640,51,52,-1,1
67641,85,79,6,6
67642,106,117,-11,11
67643,136,133,3,3
67644,46,66,-20,20
67645,107,106,1,1
67646,154,163,-9,9
67647,109,103,6,6
67648,79,75,4,4
67649,94,72,22,22
67650,64,68,-4,4
67651,63,67,-4,4
67652,62,64,-2,2
67653,58,67,-9,9
67654,48,61,-13,13
67655,67,70,-3,3
67656,74,69,5,5
67657,94,92,2,2
67658,75,78,-3,3
67659,158,142,16,16
67660,134,122,12,12
67661,189,188,1,1
67662,62,67,-5,5
67663,73,68,5,5
67664,89,86,3,3
67665,42,47,-5,5
67666,129,111,18,18
67667,65,63,2,2
67668,49,60,-11,11
67669,163,155,8,8
67670,93,79,14,14
67671,185,166,19,19
67672,91,81,10,10
67673,43,59,-16,16
67674,163,156,7,7
67675,65,65,0,0
67676,49,58,-9,9
67677,62,63,-1,1
67678,123,129,-6,6
67679,78,75,3,3
67680,144,130,14,14
67681,75,94,-19,19
67682,83,75,8,8
67683,122,88,34,34
67684,92,88,4,4
67685,101,101,0,0
67686,75,87,-12,12
67687,130,123,7,7
67688,160,177,-17,17
67689,58,55,3,3
67690,154,143,11,11
67691,101,102,-1,1
67692,54,67,-13,13
67693,177,185,-8,8
67694,198,179,19,19
67695,98,114,-16,16
67696,87,99,-12,12
67697,116,105,11,11
67698,63,68,-5,5
67699,95,88,7,7
67700,57,54,3,3
67701,64,62,2,2
67702,69,66,3,3
67703,79,75,4,4
67704,89,93,-4,4
67705,53,75,-22,22
67706,94,94,0,0
67707,85,91,-6,6
67708,85,80,5,5
67709,80,89,-9,9
67710,80,82,-2,2
67711,95,89,6,6
67712,95,91,4,4
67713,72,69,3,3
67714,59,58,1,1
67715,122,103,19,19
67716,76,73,3,3
67717,103,86,17,17
67718,80,79,1,1
67719,84,90,-6,6
67720,108,107,1,1
67721,94,91,3,3
67722,128,121,7,7
67723,121,115,6,6
67724,156,137,19,19
67725,120,115,5,5
67726,97,92,5,5
67727,87,90,-3,3
67728,116,108,8,8
67729,48,52,-4,4
67730,139,150,-11,11
67731,93,87,6,6
67732,184,200,-16,16
67733,62,68,-6,6
67734,116,123,-7,7
67735,114,105,9,9
67736,104,94,10,10
67737,94,98,-4,4
67738,169,164,5,5
67739,89,88,1,1
67740,91,94,-3,3
67741,97,93,4,4
67742,111,106,5,5
67743,69,68,1,1
67744,120,115,5,5
67745,105,122,-17,17
67746,99,100,-1,1
67747,37,62,-25,25
67748,105,88,17,17
67749,69,73,-4,4
67750,67,66,1,1
67751,31,53,-22,22
67752,60,69,-9,9
67753,90,95,-5,5
67754,74,71,3,3
67755,123,111,12,12
67756,97,98,-1,1
67757,55,61,-6,6
67758,127,124,3,3
67759,122,112,10,10
67760,103,103,0,0
67761,141,135,6,6
67762,67,66,1,1
67763,113,115,-2,2
67764,135,126,9,9
67765,203,195,8,8
67766,88,88,0,0
67767,94,95,-1,1
67768,103,104,-1,1
67769,86,87,-1,1
67770,143,144,-1,1
67771,52,58,-6,6
67772,75,85,-10,10
67773,114,123,-9,9
67774,92,86,6,6
67775,113,112,1,1
67776,123,121,2,2
67777,68,75,-7,7
67778,86,97,-11,11
67779,27,85,-58,58
67780,126,118,8,8
67781,89,77,12,12
67782,113,102,11,11
67783,106,98,8,8
67784,90,79,11,11
67785,82,73,9,9
67786,88,96,-8,8
67787,97,93,4,4
67788,141,135,6,6
67789,123,102,21,21
67790,188,199,-11,11
67791,108,105,3,3
67792,73,69,4,4
67793,104,105,-1,1
67794,87,81,6,6
67795,78,79,-1,1
67796,75,74,1,1
67797,153,143,10,10
67798,74,69,5,5
67799,129,118,11,11
67800,117,104,13,13
67801,82,82,0,0
67802,103,98,5,5
67803,93,78,15,15
67804,89,86,3,3
67805,44,51,-7,7
67806,76,79,-3,3
67807,79,87,-8,8
67808,87,86,1,1
67809,38,50,-12,12
67810,120,115,5,5
67811,88,91,-3,3
67812,155,143,12,12
67813,120,96,24,24
67814,89,79,10,10
67815,100,95,5,5
67816,66,69,-3,3
67817,85,83,2,2
67818,90,71,19,19
67819,126,116,10,10
67820,153,135,18,18
67821,83,71,12,12
67822,113,101,12,12
67823,88,82,6,6
67824,152,159,-7,7
67825,104,94,10,10
67826,75,71,4,4
67827,48,69,-21,21
67828,127,112,15,15
67829,79,76,3,3
67830,117,117,0,0
67831,63,66,-3,3
67832,113,125,-12,12
67833,143,157,-14,14
67834,110,109,1,1
67835,75,90,-15,15
67836,48,67,-19,19
67837,64,78,-14,14
67838,99,96,3,3
67839,91,89,2,2
67840,111,102,9,9
67841,89,81,8,8
67842,141,128,13,13
67843,101,92,9,9
67844,74,68,6,6
67845,124,105,19,19
67846,115,112,3,3
67847,94,94,0,0
67848,110,103,7,7
67849,70,75,-5,5
67850,89,88,1,1
67851,53,55,-2,2
67852,85,90,-5,5
67853,166,153,13,13
67854,77,66,11,11
67855,76,70,6,6
67856,137,137,0,0
67857,79,85,-6,6
67858,144,126,18,18
67859,57,53,4,4
67860,102,98,4,4
67861,77,74,3,3
67862,105,105,0,0
67863,99,90,9,9
67864,40,47,-7,7
67865,96,86,10,10
67866,99,97,2,2
67867,69,64,5,5
67868,111,99,12,12
67869,119,125,-6,6
67870,152,144,8,8
67871,138,125,13,13
67872,146,163,-17,17
67873,79,98,-19,19
67874,113,108,5,5
67875,65,66,-1,1
67876,135,123,12,12
67877,58,57,1,1
67878,68,73,-5,5
67879,103,92,11,11
67880,110,119,-9,9
67881,57,63,-6,6
67882,191,184,7,7
67883,87,74,13,13
67884,130,121,9,9
67885,94,89,5,5
67886,101,99,2,2
67887,52,56,-4,4
67888,134,140,-6,6
67889,75,68,7,7
67890,91,97,-6,6
67891,109,101,8,8
67892,96,90,6,6
67893,55,61,-6,6
67894,114,104,10,10
67895,159,148,11,11
67896,74,70,4,4
67897,89,105,-16,16
67898,45,50,-5,5
67899,50,73,-23,23
67900,78,66,12,12
67901,136,142,-6,6
67902,81,70,11,11
67903,104,92,12,12
67904,42,68,-26,26
67905,45,61,-16,16
67906,91,70,21,21
67907,81,76,5,5
67908,73,70,3,3
67909,163,142,21,21
67910,62,64,-2,2
67911,62,80,-18,18
67912,117,100,17,17
67913,91,90,1,1
67914,81,97,-16,16
67915,183,162,21,21
67916,115,116,-1,1
67917,45,56,-11,11
67918,67,70,-3,3
67919,73,77,-4,4
67920,115,111,4,4
67921,143,131,12,12
67922,122,111,11,11
67923,158,140,18,18
67924,132,129,3,3
67925,56,61,-5,5
67926,138,137,1,1
67927,128,111,17,17
67928,170,159,11,11
67929,101,92,9,9
67930,147,144,3,3
67931,116,115,1,1
67932,97,113,-16,16
67933,116,119,-3,3
67934,73,73,0,0
67935,58,54,4,4
67936,99,88,11,11
67937,148,154,-6,6
67938,56,58,-2,2
67939,144,145,-1,1
67940,73,62,11,11
67941,124,130,-6,6
67942,58,82,-24,24
67943,72,76,-4,4
67944,57,53,4,4
67945,77,69,8,8
67946,93,94,-1,1
67947,136,125,11,11
67948,56,67,-11,11
67949,106,87,19,19
67950,68,63,5,5
67951,107,100,7,7
67952,137,135,2,2
67953,51,54,-3,3
67954,161,151,10,10
67955,75,70,5,5
67956,207,180,27,27
67957,134,139,-5,5
67958,139,136,3,3
67959,85,84,1,1
67960,64,66,-2,2
67961,57,58,-1,1
67962,87,79,8,8
67963,143,137,6,6
67964,89,73,16,16
67965,78,82,-4,4
67966,73,86,-13,13
67967,188,218,-30,30
67968,115,93,22,22
67969,119,92,27,27
67970,74,71,3,3
67971,96,98,-2,2
67972,64,66,-2,2
67973,117,109,8,8
67974,127,131,-4,4
67975,70,71,-1,1
67976,97,109,-12,12
67977,163,147,16,16
67978,143,128,15,15
67979,69,75,-6,6
67980,98,103,-5,5
67981,87,76,11,11
67982,100,96,4,4
67983,111,121,-10,10
67984,129,131,-2,2
67985,94,79,15,15
67986,124,129,-5,5
67987,70,74,-4,4
67988,64,68,-4,4
67989,131,123,8,8
67990,81,83,-2,2
67991,121,112,9,9
67992,139,134,5,5
67993,49,58,-9,9
67994,54,58,-4,4
67995,109,111,-2,2
67996,71,69,2,2
67997,124,104,20,20
67998,110,91,19,19
67999,103,106,-3,3
68000,104,107,-3,3
68001,95,113,-18,18
68002,85,75,10,10
68003,83,75,8,8
68004,111,116,-5,5
68005,68,58,10,10
68006,76,72,4,4
68007,47,55,-8,8
68008,143,125,18,18
68009,64,64,0,0
68010,102,101,1,1
68011,77,80,-3,3
68012,52,62,-10,10
68013,52,51,1,1
68014,75,76,-1,1
68015,83,71,12,12
68016,70,69,1,1
68017,44,52,-8,8
68018,41,50,-9,9
68019,77,76,1,1
68020,53,56,-3,3
68021,132,127,5,5
68022,112,101,11,11
68023,81,79,2,2
68024,85,76,9,9
68025,90,77,13,13
68026,51,60,-9,9
68027,55,60,-5,5
68028,45,56,-11,11
68029,52,58,-6,6
68030,98,91,7,7
68031,72,70,2,2
68032,239,250,-11,11
68033,123,105,18,18
68034,164,156,8,8
68035,75,79,-4,4
68036,145,136,9,9
68037,63,60,3,3
68038,63,91,-28,28
68039,100,100,0,0
68040,110,105,5,5
68041,76,88,-12,12
68042,94,95,-1,1
68043,109,90,19,19
68044,59,63,-4,4
68045,140,161,-21,21
68046,83,73,10,10
68047,136,119,17,17
68048,50,69,-19,19
68049,85,79,6,6
68050,113,102,11,11
68051,49,57,-8,8
68052,98,76,22,22
68053,80,68,12,12
68054,95,90,5,5
68055,129,132,-3,3
68056,89,79,10,10
68057,115,99,16,16
68058,73,75,-2,2
68059,75,77,-2,2
68060,168,147,21,21
68061,52,59,-7,7
68062,76,67,9,9
68063,104,103,1,1
68064,124,109,15,15
68065,113,115,-2,2
68066,80,76,4,4
68067,79,95,-16,16
68068,89,77,12,12
68069,90,78,12,12
68070,46,59,-13,13
68071,80,71,9,9
68072,108,119,-11,11
68073,46,60,-14,14
68074,106,102,4,4
68075,139,131,8,8
68076,99,102,-3,3
68077,50,49,1,1
68078,65,58,7,7
68079,69,69,0,0
68080,125,121,4,4
68081,97,99,-2,2
68082,84,88,-4,4
68083,114,122,-8,8
68084,39,54,-15,15
68085,106,98,8,8
68086,88,83,5,5
68087,80,85,-5,5
68088,178,164,14,14
68089,104,110,-6,6
68090,76,65,11,11
68091,108,92,16,16
68092,82,86,-4,4
68093,44,45,-1,1
68094,67,65,2,2
68095,69,68,1,1
68096,69,72,-3,3
68097,112,107,5,5
68098,151,142,9,9
68099,47,54,-7,7
68100,70,70,0,0
68101,86,79,7,7
68102,95,94,1,1
68103,68,71,-3,3
68104,44,53,-9,9
68105,70,78,-8,8
68106,132,117,15,15
68107,66,62,4,4
68108,104,101,3,3
68109,155,142,13,13
68110,136,129,7,7
68111,74,75,-1,1
68112,109,109,0,0
68113,88,92,-4,4
68114,156,175,-19,19
68115,153,158,-5,5
68116,83,72,11,11
68117,88,76,12,12
68118,167,172,-5,5
68119,44,53,-9,9
68120,124,115,9,9
68121,71,65,6,6
68122,131,110,21,21
68123,94,83,11,11
68124,64,65,-1,1
68125,81,85,-4,4
68126,69,70,-1,1
68127,52,56,-4,4
68128,84,92,-8,8
68129,59,61,-2,2
68130,117,117,0,0
68131,115,103,12,12
68132,86,82,4,4
68133,111,102,9,9
68134,69,70,-1,1
68135,119,114,5,5
68136,73,64,9,9
68137,81,86,-5,5
68138,79,96,-17,17
68139,89,102,-13,13
68140,51,50,1,1
68141,63,64,-1,1
68142,87,87,0,0
68143,116,118,-2,2
68144,115,100,15,15
68145,111,110,1,1
68146,38,49,-11,11
68147,130,139,-9,9
68148,100,89,11,11
68149,60,58,2,2
68150,91,79,12,12
68151,67,69,-2,2
68152,73,60,13,13
68153,152,159,-7,7
68154,199,181,18,18
68155,156,139,17,17
68156,61,66,-5,5
68157,109,89,20,20
68158,69,71,-2,2
68159,87,84,3,3
68160,65,75,-10,10
68161,83,99,-16,16
68162,94,87,7,7
68163,104,92,12,12
68164,72,67,5,5
68165,74,85,-11,11
68166,93,84,9,9
68167,88,77,11,11
68168,88,81,7,7
68169,75,84,-9,9
68170,102,100,2,2
68171,72,72,0,0
68172,95,87,8,8
68173,98,98,0,0
68174,86,80,6,6
68175,91,105,-14,14
68176,67,64,3,3
68177,73,75,-2,2
68178,129,132,-3,3
68179,64,60,4,4
68180,94,86,8,8
68181,123,104,19,19
68182,89,74,15,15
68183,45,57,-12,12
68184,95,89,6,6
68185,77,79,-2,2
68186,61,62,-1,1
68187,151,165,-14,14
68188,53,67,-14,14
68189,109,104,5,5
68190,84,91,-7,7
68191,86,84,2,2
68192,105,101,4,4
68193,107,117,-10,10
68194,97,101,-4,4
68195,41,54,-13,13
68196,69,73,-4,4
68197,111,75,36,36
68198,40,54,-14,14
68199,140,136,4,4
68200,65,58,7,7
68201,149,128,21,21
68202,46,55,-9,9
68203,103,106,-3,3
68204,80,83,-3,3
68205,41,60,-19,19
68206,97,127,-30,30
68207,65,61,4,4
68208,124,155,-31,31
68209,65,67,-2,2
68210,85,80,5,5
68211,151,152,-1,1
68212,75,69,6,6
68213,92,91,1,1
68214,96,85,11,11
68215,120,111,9,9
68216,71,59,12,12
68217,77,71,6,6
68218,84,89,-5,5
68219,100,102,-2,2
68220,105,117,-12,12
68221,123,108,15,15
68222,53,57,-4,4
68223,178,184,-6,6
68224,99,94,5,5
68225,64,76,-12,12
68226,78,81,-3,3
68227,108,101,7,7
68228,77,76,1,1
68229,157,146,11,11
68230,72,82,-10,10
68231,68,67,1,1
68232,87,70,17,17
68233,70,67,3,3
68234,52,60,-8,8
68235,85,73,12,12
68236,100,107,-7,7
68237,71,66,5,5
68238,109,119,-10,10
68239,154,178,-24,24
68240,96,69,27,27
68241,78,84,-6,6
68242,82,86,-4,4
68243,114,110,4,4
68244,103,104,-1,1
68245,118,116,2,2
68246,87,85,2,2
68247,121,125,-4,4
68248,94,99,-5,5
68249,62,58,4,4
68250,89,79,10,10
68251,105,94,11,11
68252,85,86,-1,1
68253,79,87,-8,8
68254,86,80,6,6
68255,100,99,1,1
68256,104,100,4,4
68257,83,75,8,8
68258,90,88,2,2
68259,112,129,-17,17
68260,69,67,2,2
68261,121,100,21,21
68262,84,88,-4,4
68263,87,85,2,2
68264,92,83,9,9
68265,147,143,4,4
68266,86,85,1,1
68267,89,78,11,11
68268,52,67,-15,15
68269,110,109,1,1
68270,145,132,13,13
68271,87,86,1,1
68272,107,82,25,25
68273,145,121,24,24
68274,55,57,-2,2
68275,51,65,-14,14
68276,95,88,7,7
68277,101,91,10,10
68278,72,69,3,3
68279,90,79,11,11
68280,91,73,18,18
68281,94,97,-3,3
68282,60,61,-1,1
68283,59,59,0,0
68284,96,90,6,6
68285,55,66,-11,11
68286,101,78,23,23
68287,95,99,-4,4
68288,113,105,8,8
68289,77,77,0,0
68290,114,128,-14,14
68291,101,106,-5,5
68292,100,103,-3,3
68293,64,66,-2,2
68294,100,80,20,20
68295,158,146,12,12
68296,81,85,-4,4
68297,62,66,-4,4
68298,136,122,14,14
68299,156,141,15,15
68300,160,149,11,11
68301,128,129,-1,1
68302,49,60,-11,11
68303,135,128,7,7
68304,81,82,-1,1
68305,85,81,4,4
68306,74,72,2,2
68307,141,134,7,7
68308,98,97,1,1
68309,140,122,18,18
68310,102,96,6,6
68311,91,92,-1,1
68312,68,71,-3,3
68313,117,105,12,12
68314,57,65,-8,8
68315,70,70,0,0
68316,203,178,25,25
68317,96,105,-9,9
68318,128,121,7,7
68319,81,79,2,2
68320,81,90,-9,9
68321,66,60,6,6
68322,128,121,7,7
68323,150,145,5,5
68324,79,85,-6,6
68325,68,83,-15,15
68326,57,52,5,5
68327,63,71,-8,8
68328,110,108,2,2
68329,84,73,11,11
68330,84,72,12,12
68331,59,61,-2,2
68332,101,91,10,10
68333,73,68,5,5
68334,82,83,-1,1
68335,163,157,6,6
68336,113,110,3,3
68337,95,77,18,18
68338,73,73,0,0
68339,83,74,9,9
68340,114,114,0,0
68341,136,109,27,27
68342,86,83,3,3
68343,81,77,4,4
68344,108,109,-1,1
68345,149,140,9,9
68346,101,98,3,3
68347,78,71,7,7
68348,126,117,9,9
68349,122,134,-12,12
68350,112,105,7,7
68351,67,66,1,1
68352,62,69,-7,7
68353,112,108,4,4
68354,171,161,10,10
68355,65,63,2,2
68356,97,84,13,13
68357,43,52,-9,9
68358,71,65,6,6
68359,71,62,9,9
68360,55,59,-4,4
68361,72,77,-5,5
68362,85,82,3,3
68363,190,183,7,7
68364,97,99,-2,2
68365,100,94,6,6
68366,75,76,-1,1
68367,130,115,15,15
68368,60,60,0,0
68369,105,95,10,10
68370,85,70,15,15
68371,89,85,4,4
68372,93,95,-2,2
68373,39,52,-13,13
68374,74,74,0,0
68375,148,154,-6,6
68376,136,126,10,10
68377,61,73,-12,12
68378,181,182,-1,1
68379,99,92,7,7
68380,165,168,-3,3
68381,97,90,7,7
68382,116,105,11,11
68383,105,105,0,0
68384,50,52,-2,2
68385,71,74,-3,3
68386,115,105,10,10
68387,61,62,-1,1
68388,101,103,-2,2
68389,80,79,1,1
68390,100,104,-4,4
68391,79,88,-9,9
68392,121,119,2,2
68393,85,85,0,0
68394,87,92,-5,5
68395,61,70,-9,9
68396,125,126,-1,1
68397,85,92,-7,7
68398,87,85,2,2
68399,64,64,0,0
68400,66,61,5,5
68401,85,78,7,7
68402,159,143,16,16
68403,132,129,3,3
68404,96,99,-3,3
68405,100,112,-12,12
68406,76,68,8,8
68407,117,111,6,6
68408,101,108,-7,7
68409,86,80,6,6
68410,117,103,14,14
68411,96,92,4,4
68412,55,69,-14,14
68413,145,139,6,6
68414,68,78,-10,10
68415,71,65,6,6
68416,129,118,11,11
68417,121,118,3,3
68418,92,83,9,9
68419,57,65,-8,8
68420,50,51,-1,1
68421,56,62,-6,6
68422,52,65,-13,13
68423,61,63,-2,2
68424,164,155,9,9
68425,119,114,5,5
68426,85,81,4,4
68427,83,73,10,10
68428,149,131,18,18
68429,103,86,17,17
68430,61,50,11,11
68431,142,133,9,9
68432,80,75,5,5
68433,49,59,-10,10
68434,109,84,25,25
68435,101,98,3,3
68436,77,79,-2,2
68437,160,179,-19,19
68438,108,111,-3,3
68439,137,123,14,14
68440,125,119,6,6
68441,76,79,-3,3
68442,145,125,20,20
68443,86,73,13,13
68444,131,121,10,10
68445,99,99,0,0
68446,97,95,2,2
68447,67,65,2,2
68448,107,127,-20,20
68449,87,79,8,8
68450,104,95,9,9
68451,77,76,1,1
68452,49,51,-2,2
68453,152,131,21,21
68454,138,134,4,4
68455,183,176,7,7
68456,53,59,-6,6
68457,100,86,14,14
68458,71,70,1,1
68459,73,97,-24,24
68460,108,98,10,10
68461,85,84,1,1
68462,72,72,0,0
68463,92,89,3,3
68464,127,116,11,11
68465,61,78,-17,17
68466,86,102,-16,16
68467,56,57,-1,1
68468,104,97,7,7
68469,86,82,4,4
68470,142,142,0,0
68471,78,75,3,3
68472,96,84,12,12
68473,75,71,4,4
68474,88,90,-2,2
68475,69,74,-5,5
68476,62,67,-5,5
68477,107,104,3,3
68478,65,61,4,4
68479,129,136,-7,7
68480,86,82,4,4
68481,77,65,12,12
68482,115,102,13,13
68483,87,75,12,12
68484,32,54,-22,22
68485,80,73,7,7
68486,107,101,6,6
68487,112,122,-10,10
68488,83,81,2,2
68489,89,86,3,3
68490,65,70,-5,5
68491,63,73,-10,10
68492,56,58,-2,2
68493,99,84,15,15
68494,88,84,4,4
68495,130,126,4,4
68496,59,60,-1,1
68497,157,131,26,26
68498,94,99,-5,5
68499,94,95,-1,1
68500,61,63,-2,2
68501,98,103,-5,5
68502,98,93,5,5
68503,108,87,21,21
68504,122,119,3,3
68505,115,125,-10,10
68506,49,68,-19,19
68507,79,80,-1,1
68508,96,106,-10,10
68509,81,88,-7,7
68510,54,69,-15,15
68511,70,73,-3,3
68512,141,128,13,13
68513,113,237,-124,124
68514,110,106,4,4
68515,75,75,0,0
68516,85,93,-8,8
68517,85,77,8,8
68518,105,102,3,3
68519,62,66,-4,4
68520,39,57,-18,18
68521,83,80,3,3
68522,103,95,8,8
68523,69,74,-5,5
68524,103,93,10,10
68525,82,72,10,10
68526,98,92,6,6
68527,134,120,14,14
68528,51,67,-16,16
68529,98,93,5,5
68530,58,55,3,3
68531,66,71,-5,5
68532,66,64,2,2
68533,139,126,13,13
68534,182,172,10,10
68535,118,130,-12,12
68536,69,76,-7,7
68537,61,66,-5,5
68538,101,86,15,15
68539,126,86,40,40
68540,87,80,7,7
68541,53,75,-22,22
68542,83,71,12,12
68543,113,107,6,6
68544,109,93,16,16
68545,60,58,2,2
68546,113,106,7,7
68547,84,97,-13,13
68548,60,60,0,0
68549,56,74,-18,18
68550,52,55,-3,3
68551,111,105,6,6
68552,74,71,3,3
68553,57,60,-3,3
68554,72,68,4,4
68555,77,77,0,0
68556,93,87,6,6
68557,167,151,16,16
68558,64,55,9,9
68559,97,90,7,7
68560,106,98,8,8
68561,165,149,16,16
68562,86,96,-10,10
68563,146,131,15,15
68564,98,93,5,5
68565,88,84,4,4
68566,89,84,5,5
68567,99,89,10,10
68568,86,80,6,6
68569,95,110,-15,15
68570,70,68,2,2
68571,91,103,-12,12
68572,98,89,9,9
68573,92,84,8,8
68574,103,94,9,9
68575,91,86,5,5
68576,58,71,-13,13
68577,61,64,-3,3
68578,53,57,-4,4
68579,83,83,0,0
68580,56,57,-1,1
68581,84,90,-6,6
68582,73,80,-7,7
68583,73,67,6,6
68584,81,79,2,2
68585,69,70,-1,1
68586,71,65,6,6
68587,107,117,-10,10
68588,111,108,3,3
68589,107,98,9,9
68590,115,97,18,18
68591,75,67,8,8
68592,129,115,14,14
68593,94,83,11,11
68594,52,67,-15,15
68595,146,143,3,3
68596,99,101,-2,2
68597,93,99,-6,6
68598,57,61,-4,4
68599,102,106,-4,4
68600,58,58,0,0
68601,95,134,-39,39
68602,92,83,9,9
68603,99,96,3,3
68604,115,115,0,0
68605,77,65,12,12
68606,176,172,4,4
68607,97,96,1,1
68608,153,137,16,16
68609,74,74,0,0
68610,182,172,10,10
68611,91,82,9,9
68612,67,78,-11,11
68613,85,91,-6,6
68614,109,107,2,2
68615,113,103,10,10
68616,111,112,-1,1
68617,95,100,-5,5
68618,74,67,7,7
68619,110,108,2,2
68620,58,59,-1,1
68621,135,123,12,12
68622,108,107,1,1
68623,112,114,-2,2
68624,49,64,-15,15
68625,114,115,-1,1
68626,57,65,-8,8
68627,74,76,-2,2
68628,99,97,2,2
68629,96,84,12,12
68630,88,82,6,6
68631,79,83,-4,4
68632,82,68,14,14
68633,99,97,2,2
68634,116,102,14,14
68635,80,76,4,4
68636,120,111,9,9
68637,70,68,2,2
68638,74,62,12,12
68639,55,68,-13,13
68640,97,84,13,13
68641,74,65,9,9
68642,92,96,-4,4
68643,71,67,4,4
68644,86,77,9,9
68645,66,58,8,8
68646,74,73,1,1
68647,90,83,7,7
68648,110,101,9,9
68649,94,94,0,0
68650,101,93,8,8
68651,115,113,2,2
68652,91,86,5,5
68653,102,97,5,5
68654,116,118,-2,2
68655,130,133,-3,3
68656,45,58,-13,13
68657,77,84,-7,7
68658,117,130,-13,13
68659,109,109,0,0
68660,94,91,3,3
68661,130,120,10,10
68662,37,54,-17,17
68663,73,72,1,1
68664,79,69,10,10
68665,80,82,-2,2
68666,143,123,20,20
68667,69,69,0,0
68668,143,139,4,4
68669,105,105,0,0
68670,150,139,11,11
68671,94,85,9,9
68672,107,98,9,9
68673,64,71,-7,7
68674,154,140,14,14
68675,129,112,17,17
68676,118,110,8,8
68677,86,80,6,6
68678,98,91,7,7
68679,134,150,-16,16
68680,96,101,-5,5
68681,90,94,-4,4
68682,173,180,-7,7
68683,83,85,-2,2
68684,168,157,11,11
68685,97,92,5,5
68686,88,84,4,4
68687,54,64,-10,10
68688,142,123,19,19
68689,152,147,5,5
68690,75,77,-2,2
68691,73,80,-7,7
68692,170,169,1,1
68693,82,84,-2,2
68694,103,114,-11,11
68695,135,120,15,15
68696,98,95,3,3
68697,190,194,-4,4
68698,110,97,13,13
68699,56,56,0,0
68700,160,157,3,3
68701,86,99,-13,13
68702,105,102,3,3
68703,42,58,-16,16
68704,148,164,-16,16
68705,78,73,5,5
68706,108,109,-1,1
68707,81,75,6,6
68708,135,138,-3,3
68709,84,91,-7,7
68710,115,92,23,23
68711,124,113,11,11
68712,67,73,-6,6
68713,97,92,5,5
68714,90,93,-3,3
68715,158,144,14,14
68716,162,159,3,3
68717,165,174,-9,9
68718,76,76,0,0
68719,174,171,3,3
68720,125,105,20,20
68721,155,150,5,5
68722,80,82,-2,2
68723,150,159,-9,9
68724,54,59,-5,5
68725,119,99,20,20
68726,83,72,11,11
68727,56,63,-7,7
68728,69,75,-6,6
68729,94,97,-3,3
68730,103,108,-5,5
68731,120,106,14,14
68732,119,121,-2,2
68733,92,89,3,3
68734,102,98,4,4
68735,75,70,5,5
68736,64,72,-8,8
68737,175,167,8,8
68738,66,61,5,5
68739,69,56,13,13
68740,66,62,4,4
68741,42,55,-13,13
68742,222,229,-7,7
68743,161,150,11,11
68744,139,119,20,20
68745,88,83,5,5
68746,81,73,8,8
68747,160,166,-6,6
68748,100,97,3,3
68749,64,73,-9,9
68750,26,37,-11,11
68751,126,121,5,5
68752,49,63,-14,14
68753,101,88,13,13
68754,78,81,-3,3
68755,82,80,2,2
68756,68,63,5,5
68757,90,76,14,14
68758,78,77,1,1
68759,114,111,3,3
68760,160,142,18,18
68761,108,102,6,6
68762,93,89,4,4
68763,52,62,-10,10
68764,142,141,1,1
68765,151,166,-15,15
68766,118,120,-2,2
68767,90,82,8,8
68768,103,92,11,11
68769,126,122,4,4
68770,121,112,9,9
68771,111,114,-3,3
68772,87,78,9,9
68773,48,50,-2,2
68774,86,76,10,10
68775,60,92,-32,32
68776,162,150,12,12
68777,98,82,16,16
68778,134,118,16,16
68779,147,147,0,0
68780,113,120,-7,7
68781,79,76,3,3
68782,76,63,13,13
68783,72,74,-2,2
68784,59,65,-6,6
68785,151,144,7,7
68786,114,109,5,5
68787,71,67,4,4
68788,146,144,2,2
68789,83,73,10,10
68790,65,59,6,6
68791,60,64,-4,4
68792,113,98,15,15
68793,146,131,15,15
68794,103,102,1,1
68795,123,118,5,5
68796,59,68,-9,9
68797,158,142,16,16
68798,114,101,13,13
68799,133,121,12,12
68800,151,147,4,4
68801,41,51,-10,10
68802,80,77,3,3
68803,71,64,7,7
68804,88,88,0,0
68805,94,105,-11,11
68806,41,59,-18,18
68807,129,148,-19,19
68808,126,119,7,7
68809,132,113,19,19
68810,38,53,-15,15
68811,81,79,2,2
68812,97,94,3,3
68813,99,88,11,11
68814,159,149,10,10
68815,113,114,-1,1
68816,42,53,-11,11
68817,176,165,11,11
68818,96,82,14,14
68819,122,113,9,9
68820,134,142,-8,8
68821,63,60,3,3
68822,81,70,11,11
68823,94,92,2,2
68824,122,113,9,9
68825,99,84,15,15
68826,103,107,-4,4
68827,77,98,-21,21
68828,90,101,-11,11
68829,139,127,12,12
68830,74,65,9,9
68831,83,80,3,3
68832,84,82,2,2
68833,108,96,12,12
68834,80,76,4,4
68835,117,117,0,0
68836,81,79,2,2
68837,73,70,3,3
68838,146,134,12,12
68839,83,79,4,4
68840,71,65,6,6
68841,99,105,-6,6
68842,52,58,-6,6
68843,97,98,-1,1
68844,80,88,-8,8
68845,112,106,6,6
68846,57,69,-12,12
68847,105,101,4,4
68848,145,157,-12,12
68849,104,95,9,9
68850,94,84,10,10
68851,109,103,6,6
68852,73,71,2,2
68853,54,60,-6,6
68854,99,81,18,18
68855,204,200,4,4
68856,42,55,-13,13
68857,40,53,-13,13
68858,61,63,-2,2
68859,98,96,2,2
68860,88,85,3,3
68861,107,112,-5,5
68862,101,102,-1,1
68863,156,142,14,14
68864,43,54,-11,11
68865,85,84,1,1
68866,130,117,13,13
68867,49,59,-10,10
68868,82,74,8,8
68869,105,98,7,7
68870,141,152,-11,11
68871,124,120,4,4
68872,149,171,-22,22
68873,61,56,5,5
68874,163,161,2,2
68875,94,101,-7,7
68876,64,65,-1,1
68877,129,140,-11,11
68878,71,72,-1,1
68879,95,102,-7,7
68880,106,109,-3,3
68881,103,93,10,10
68882,81,76,5,5
68883,89,86,3,3
68884,144,131,13,13
68885,64,67,-3,3
68886,37,130,-93,93
68887,87,82,5,5
68888,34,44,-10,10
68889,94,102,-8,8
68890,84,85,-1,1
68891,76,72,4,4
68892,79,72,7,7
68893,96,97,-1,1
68894,99,88,11,11
68895,102,97,5,5
68896,66,71,-5,5
68897,96,80,16,16
68898,75,67,8,8
68899,98,89,9,9
68900,75,70,5,5
68901,106,94,12,12
68902,85,82,3,3
68903,104,113,-9,9
68904,83,91,-8,8
68905,92,85,7,7
68906,110,125,-15,15
68907,89,99,-10,10
68908,148,144,4,4
68909,105,100,5,5
68910,90,79,11,11
68911,42,54,-12,12
68912,102,100,2,2
68913,142,133,9,9
68914,122,113,9,9
68915,109,109,0,0
68916,101,110,-9,9
68917,89,92,-3,3
68918,118,111,7,7
68919,146,129,17,17
68920,100,98,2,2
68921,99,90,9,9
68922,62,58,4,4
68923,84,79,5,5
68924,62,67,-5,5
68925,190,170,20,20
68926,105,101,4,4
68927,101,83,18,18
68928,69,71,-2,2
68929,105,91,14,14
68930,135,133,2,2
68931,162,182,-20,20
68932,96,92,4,4
68933,80,78,2,2
68934,83,83,0,0
68935,133,119,14,14
68936,77,76,1,1
68937,130,121,9,9
68938,143,175,-32,32
68939,83,82,1,1
68940,77,80,-3,3
68941,148,141,7,7
68942,88,81,7,7
68943,47,66,-19,19
68944,66,63,3,3
68945,54,71,-17,17
68946,97,89,8,8
68947,80,84,-4,4
68948,51,73,-22,22
68949,122,123,-1,1
68950,134,116,18,18
68951,152,144,8,8
68952,96,97,-1,1
68953,75,82,-7,7
68954,143,132,11,11
68955,164,172,-8,8
68956,99,97,2,2
68957,149,153,-4,4
68958,126,120,6,6
68959,90,71,19,19
68960,102,104,-2,2
68961,18,47,-29,29
68962,103,128,-25,25
68963,130,117,13,13
68964,67,66,1,1
68965,69,65,4,4
68966,84,82,2,2
68967,122,126,-4,4
68968,103,91,12,12
68969,65,63,2,2
68970,111,114,-3,3
68971,177,186,-9,9
68972,64,66,-2,2
68973,159,150,9,9
68974,123,129,-6,6
68975,67,72,-5,5
68976,138,143,-5,5
68977,88,95,-7,7
68978,94,108,-14,14
68979,114,102,12,12
68980,81,75,6,6
68981,68,68,0,0
68982,214,218,-4,4
68983,145,131,14,14
68984,54,57,-3,3
68985,100,86,14,14
68986,146,140,6,6
68987,213,180,33,33
68988,106,110,-4,4
68989,57,63,-6,6
68990,128,119,9,9
68991,97,89,8,8
68992,90,98,-8,8
68993,102,102,0,0
68994,153,138,15,15
68995,84,77,7,7
68996,27,51,-24,24
68997,51,57,-6,6
68998,73,77,-4,4
68999,86,78,8,8
69000,77,75,2,2
69001,154,140,14,14
69002,107,99,8,8
69003,173,182,-9,9
69004,80,84,-4,4
69005,92,82,10,10
69006,86,83,3,3
69007,70,74,-4,4
69008,116,121,-5,5
69009,79,71,8,8
69010,101,96,5,5
69011,138,139,-1,1
69012,125,107,18,18
69013,65,62,3,3
69014,82,83,-1,1
69015,88,87,1,1
69016,40,59,-19,19
69017,104,110,-6,6
69018,111,106,5,5
69019,81,82,-1,1
69020,67,75,-8,8
69021,91,94,-3,3
69022,135,130,5,5
69023,155,164,-9,9
69024,89,79,10,10
69025,58,65,-7,7
69026,137,130,7,7
69027,69,70,-1,1
69028,84,91,-7,7
69029,110,90,20,20
69030,68,92,-24,24
69031,126,110,16,16
69032,185,151,34,34
69033,64,66,-2,2
69034,119,112,7,7
69035,133,128,5,5
69036,96,86,10,10
69037,54,56,-2,2
69038,90,84,6,6
69039,75,74,1,1
69040,123,124,-1,1
69041,91,85,6,6
69042,114,108,6,6
69043,49,77,-28,28
69044,119,109,10,10
69045,78,75,3,3
69046,105,93,12,12
69047,113,106,7,7
69048,75,67,8,8
69049,162,148,14,14
69050,62,70,-8,8
69051,93,71,22,22
69052,67,68,-1,1
69053,118,107,11,11
69054,76,75,1,1
69055,132,126,6,6
69056,43,68,-25,25
69057,69,73,-4,4
69058,99,94,5,5
69059,81,82,-1,1
69060,103,98,5,5
69061,87,77,10,10
69062,88,84,4,4
69063,92,87,5,5
69064,102,92,10,10
69065,53,65,-12,12
69066,80,76,4,4
69067,86,75,11,11
69068,107,108,-1,1
69069,165,182,-17,17
69070,43,62,-19,19
69071,84,78,6,6
69072,129,112,17,17
69073,135,130,5,5
69074,32,67,-35,35
69075,49,51,-2,2
69076,91,83,8,8
69077,72,70,2,2
69078,85,86,-1,1
69079,75,82,-7,7
69080,95,120,-25,25
69081,132,125,7,7
69082,98,100,-2,2
69083,34,62,-28,28
69084,114,107,7,7
69085,104,97,7,7
69086,111,102,9,9
69087,59,62,-3,3
69088,38,44,-6,6
69089,45,50,-5,5
69090,160,181,-21,21
69091,87,86,1,1
69092,78,82,-4,4
69093,180,161,19,19
69094,112,121,-9,9
69095,99,103,-4,4
69096,77,73,4,4
69097,64,69,-5,5
69098,93,77,16,16
69099,135,152,-17,17
69100,80,85,-5,5
69101,105,88,17,17
69102,93,96,-3,3
69103,97,92,5,5
69104,93,103,-10,10
69105,126,114,12,12
69106,100,94,6,6
69107,93,91,2,2
69108,116,116,0,0
69109,89,87,2,2
69110,72,85,-13,13
69111,158,142,16,16
69112,107,84,23,23
69113,57,59,-2,2
69114,95,91,4,4
69115,199,173,26,26
69116,98,99,-1,1
69117,50,54,-4,4
69118,72,71,1,1
69119,86,78,8,8
69120,36,44,-8,8
69121,77,64,13,13
69122,144,151,-7,7
69123,101,118,-17,17
69124,141,144,-3,3
69125,136,127,9,9
69126,81,83,-2,2
69127,96,119,-23,23
69128,92,86,6,6
69129,37,55,-18,18
69130,117,113,4,4
69131,96,81,15,15
69132,120,135,-15,15
69133,58,62,-4,4
69134,147,128,19,19
69135,60,61,-1,1
69136,85,80,5,5
69137,71,60,11,11
69138,74,72,2,2
69139,98,81,17,17
69140,59,64,-5,5
69141,77,76,1,1
69142,77,82,-5,5
69143,76,79,-3,3
69144,52,55,-3,3
69145,116,109,7,7
69146,78,82,-4,4
69147,74,74,0,0
69148,124,121,3,3
69149,58,58,0,0
69150,86,81,5,5
69151,132,126,6,6
69152,108,93,15,15
69153,38,49,-11,11
69154,138,144,-6,6
69155,74,77,-3,3
69156,73,67,6,6
69157,95,85,10,10
69158,129,131,-2,2
69159,102,100,2,2
69160,112,108,4,4
69161,141,140,1,1
69162,76,73,3,3
69163,142,144,-2,2
69164,72,75,-3,3
69165,163,162,1,1
69166,122,119,3,3
69167,44,63,-19,19
69168,104,95,9,9
69169,72,88,-16,16
69170,60,56,4,4
69171,69,67,2,2
69172,113,107,6,6
69173,89,101,-12,12
69174,42,56,-14,14
69175,146,146,0,0
69176,147,125,22,22
69177,132,134,-2,2
69178,107,95,12,12
69179,77,74,3,3
69180,102,93,9,9
69181,153,144,9,9
69182,56,79,-23,23
69183,105,106,-1,1
69184,129,124,5,5
69185,99,87,12,12
69186,55,58,-3,3
69187,102,109,-7,7
69188,102,93,9,9
69189,111,104,7,7
69190,123,124,-1,1
69191,62,66,-4,4
69192,152,171,-19,19
69193,89,84,5,5
69194,94,89,5,5
69195,35,58,-23,23
69196,94,90,4,4
69197,110,109,1,1
69198,175,169,6,6
69199,105,91,14,14
69200,42,57,-15,15
69201,152,146,6,6
69202,149,133,16,16
69203,207,182,25,25
69204,152,159,-7,7
69205,88,97,-9,9
69206,94,89,5,5
69207,76,62,14,14
69208,84,78,6,6
69209,87,83,4,4
69210,59,45,14,14
69211,112,107,5,5
69212,110,95,15,15
69213,136,114,22,22
69214,81,84,-3,3
69215,177,159,18,18
69216,120,115,5,5
69217,86,99,-13,13
69218,57,62,-5,5
69219,100,78,22,22
69220,134,132,2,2
69221,75,66,9,9
69222,88,79,9,9
69223,82,80,2,2
69224,54,64,-10,10
69225,74,65,9,9
69226,50,51,-1,1
69227,125,103,22,22
69228,85,81,4,4
69229,148,129,19,19
69230,88,91,-3,3
69231,58,77,-19,19
69232,124,101,23,23
69233,129,121,8,8
69234,100,89,11,11
69235,76,68,8,8
69236,86,74,12,12
69237,57,64,-7,7
69238,84,74,10,10
69239,103,87,16,16
69240,87,82,5,5
69241,114,113,1,1
69242,58,63,-5,5
69243,100,97,3,3
69244,92,69,23,23
69245,78,74,4,4
69246,73,77,-4,4
69247,73,81,-8,8
69248,106,104,2,2
69249,135,130,5,5
69250,95,105,-10,10
69251,75,76,-1,1
69252,116,121,-5,5
69253,58,55,3,3
69254,135,122,13,13
69255,75,70,5,5
69256,51,59,-8,8
69257,69,74,-5,5
69258,97,110,-13,13
69259,73,72,1,1
69260,91,93,-2,2
69261,156,157,-1,1
69262,67,71,-4,4
69263,77,70,7,7
69264,133,137,-4,4
69265,129,154,-25,25
69266,110,107,3,3
69267,121,136,-15,15
69268,150,138,12,12
69269,89,87,2,2
69270,71,81,-10,10
69271,119,103,16,16
69272,70,70,0,0
69273,121,118,3,3
69274,116,121,-5,5
69275,123,120,3,3
69276,95,81,14,14
69277,70,59,11,11
69278,111,85,26,26
69279,113,107,6,6
69280,92,85,7,7
69281,52,65,-13,13
69282,114,107,7,7
69283,106,105,1,1
69284,102,123,-21,21
69285,72,74,-2,2
69286,134,119,15,15
69287,101,96,5,5
69288,134,123,11,11
69289,111,107,4,4
69290,99,95,4,4
69291,98,95,3,3
69292,94,95,-1,1
69293,44,53,-9,9
69294,92,101,-9,9
69295,81,73,8,8
69296,74,72,2,2
69297,51,54,-3,3
69298,135,133,2,2
69299,34,51,-17,17
69300,151,160,-9,9
69301,64,59,5,5
69302,105,99,6,6
69303,117,96,21,21
69304,88,84,4,4
69305,100,90,10,10
69306,88,83,5,5
69307,84,89,-5,5
69308,189,182,7,7
69309,45,57,-12,12
69310,64,75,-11,11
69311,94,98,-4,4
69312,199,178,21,21
69313,80,69,11,11
69314,105,100,5,5
69315,112,98,14,14
69316,59,57,2,2
69317,54,56,-2,2
69318,123,116,7,7
69319,59,71,-12,12
69320,186,177,9,9
69321,110,100,10,10
69322,117,98,19,19
69323,82,83,-1,1
69324,202,184,18,18
69325,129,107,22,22
69326,91,87,4,4
69327,131,115,16,16
69328,117,113,4,4
69329,82,72,10,10
69330,78,80,-2,2
69331,129,123,6,6
69332,46,53,-7,7
69333,122,123,-1,1
69334,124,108,16,16
69335,186,178,8,8
69336,103,94,9,9
69337,112,122,-10,10
69338,135,147,-12,12
69339,68,70,-2,2
69340,110,107,3,3
69341,57,66,-9,9
69342,144,133,11,11
69343,115,102,13,13
69344,143,138,5,5
69345,75,88,-13,13
69346,69,66,3,3
69347,140,128,12,12
69348,93,96,-3,3
69349,74,69,5,5
69350,165,168,-3,3
69351,77,73,4,4
69352,57,60,-3,3
69353,87,105,-18,18
69354,123,118,5,5
69355,78,86,-8,8
69356,120,112,8,8
69357,100,96,4,4
69358,112,110,2,2
69359,87,88,-1,1
69360,98,88,10,10
69361,106,99,7,7
69362,91,99,-8,8
69363,107,104,3,3
69364,67,63,4,4
69365,125,124,1,1
69366,61,61,0,0
69367,96,90,6,6
69368,73,72,1,1
69369,70,68,2,2
69370,89,76,13,13
69371,114,111,3,3
69372,74,86,-12,12
69373,133,118,15,15
69374,107,116,-9,9
69375,91,90,1,1
69376,83,69,14,14
69377,76,75,1,1
69378,75,78,-3,3
69379,83,79,4,4
69380,62,59,3,3
69381,71,74,-3,3
69382,40,58,-18,18
69383,131,119,12,12
69384,138,143,-5,5
69385,43,54,-11,11
69386,76,86,-10,10
69387,128,157,-29,29
69388,62,60,2,2
69389,128,122,6,6
69390,79,81,-2,2
69391,140,129,11,11
69392,94,102,-8,8
69393,96,94,2,2
69394,43,55,-12,12
69395,159,144,15,15
69396,62,65,-3,3
69397,131,122,9,9
69398,65,68,-3,3
69399,63,77,-14,14
69400,116,125,-9,9
69401,65,72,-7,7
69402,70,55,15,15
69403,56,62,-6,6
69404,95,89,6,6
69405,120,110,10,10
69406,93,91,2,2
69407,92,89,3,3
69408,101,86,15,15
69409,106,103,3,3
69410,151,140,11,11
69411,98,97,1,1
69412,63,70,-7,7
69413,120,113,7,7
69414,93,91,2,2
69415,89,87,2,2
69416,47,73,-26,26
69417,92,95,-3,3
69418,95,86,9,9
69419,90,82,8,8
69420,116,106,10,10
69421,88,85,3,3
69422,107,113,-6,6
69423,168,178,-10,10
69424,49,57,-8,8
69425,111,97,14,14
69426,76,77,-1,1
69427,89,81,8,8
69428,72,80,-8,8
69429,131,127,4,4
69430,61,69,-8,8
69431,106,92,14,14
69432,65,69,-4,4
69433,76,82,-6,6
69434,62,90,-28,28
69435,63,64,-1,1
69436,77,65,12,12
69437,120,104,16,16
69438,109,110,-1,1
69439,93,84,9,9
69440,66,68,-2,2
69441,72,67,5,5
69442,94,83,11,11
69443,143,136,7,7
69444,75,70,5,5
69445,99,94,5,5
69446,112,109,3,3
69447,66,67,-1,1
69448,72,61,11,11
69449,46,61,-15,15
69450,100,113,-13,13
69451,89,82,7,7
69452,101,97,4,4
69453,63,60,3,3
69454,108,109,-1,1
69455,89,90,-1,1
69456,101,100,1,1
69457,94,87,7,7
69458,73,75,-2,2
69459,148,121,27,27
69460,142,135,7,7
69461,92,90,2,2
69462,151,124,27,27
69463,119,113,6,6
69464,61,70,-9,9
69465,124,123,1,1
69466,46,51,-5,5
69467,67,69,-2,2
69468,46,66,-20,20
69469,81,81,0,0
69470,104,103,1,1
69471,47,56,-9,9
69472,88,86,2,2
69473,115,74,41,41
69474,92,102,-10,10
69475,100,79,21,21
69476,141,133,8,8
69477,107,108,-1,1
69478,127,112,15,15
69479,117,121,-4,4
69480,72,73,-1,1
69481,81,83,-2,2
69482,100,129,-29,29
69483,84,103,-19,19
69484,70,64,6,6
69485,152,133,19,19
69486,32,55,-23,23
69487,121,120,1,1
69488,69,62,7,7
69489,63,58,5,5
69490,76,73,3,3
69491,81,82,-1,1
69492,106,102,4,4
69493,69,71,-2,2
69494,54,57,-3,3
69495,92,83,9,9
69496,61,62,-1,1
69497,141,125,16,16
69498,78,76,2,2
69499,124,145,-21,21
69500,94,92,2,2
69501,66,67,-1,1
69502,156,177,-21,21
69503,80,99,-19,19
69504,84,86,-2,2
69505,161,162,-1,1
69506,106,95,11,11
69507,98,90,8,8
69508,108,97,11,11
69509,109,105,4,4
69510,85,73,12,12
69511,74,81,-7,7
69512,74,75,-1,1
69513,88,98,-10,10
69514,128,120,8,8
69515,93,88,5,5
69516,140,127,13,13
69517,109,97,12,12
69518,58,55,3,3
69519,73,72,1,1
69520,86,88,-2,2
69521,94,81,13,13
69522,332,348,-16,16
69523,112,107,5,5
69524,48,56,-8,8
69525,73,75,-2,2
69526,116,108,8,8
69527,105,90,15,15
69528,65,69,-4,4
69529,108,102,6,6
69530,83,86,-3,3
69531,81,83,-2,2
69532,155,164,-9,9
69533,110,83,27,27
69534,120,112,8,8
69535,92,84,8,8
69536,152,135,17,17
69537,131,139,-8,8
69538,48,68,-20,20
69539,68,71,-3,3
69540,74,72,2,2
69541,86,95,-9,9
69542,148,148,0,0
69543,188,176,12,12
69544,79,87,-8,8
69545,125,113,12,12
69546,95,79,16,16
69547,63,56,7,7
69548,78,73,5,5
69549,116,109,7,7
69550,83,87,-4,4
69551,68,67,1,1
69552,104,91,13,13
69553,107,101,6,6
69554,93,81,12,12
69555,115,109,6,6
69556,105,86,19,19
69557,76,91,-15,15
69558,129,113,16,16
69559,53,58,-5,5
69560,78,82,-4,4
69561,108,94,14,14
69562,39,60,-21,21
69563,81,73,8,8
69564,122,126,-4,4
69565,74,66,8,8
69566,63,57,6,6
69567,115,106,9,9
69568,119,119,0,0
69569,130,123,7,7
69570,103,124,-21,21
69571,107,99,8,8
69572,69,81,-12,12
69573,130,119,11,11
69574,98,115,-17,17
69575,126,110,16,16
69576,119,102,17,17
69577,86,91,-5,5
69578,211,219,-8,8
69579,82,86,-4,4
69580,64,60,4,4
69581,96,72,24,24
69582,63,58,5,5
69583,102,101,1,1
69584,119,121,-2,2
69585,82,94,-12,12
69586,119,110,9,9
69587,64,68,-4,4
69588,48,64,-16,16
69589,140,139,1,1
69590,112,111,1,1
69591,93,110,-17,17
69592,88,82,6,6
69593,93,81,12,12
69594,60,67,-7,7
69595,66,57,9,9
69596,48,57,-9,9
69597,101,86,15,15
69598,54,58,-4,4
69599,99,95,4,4
69600,81,76,5,5
69601,155,146,9,9
69602,80,66,14,14
69603,69,68,1,1
69604,65,70,-5,5
69605,81,80,1,1
69606,100,102,-2,2
69607,89,99,-10,10
69608,86,80,6,6
69609,107,109,-2,2
69610,61,65,-4,4
69611,59,59,0,0
69612,51,58,-7,7
69613,147,158,-11,11
69614,127,121,6,6
69615,130,137,-7,7
69616,53,57,-4,4
69617,117,92,25,25
69618,132,121,11,11
69619,119,112,7,7
69620,107,94,13,13
69621,79,92,-13,13
69622,157,156,1,1
69623,125,106,19,19
69624,60,66,-6,6
69625,79,70,9,9
69626,80,79,1,1
69627,151,139,12,12
69628,109,96,13,13
69629,64,61,3,3
69630,111,99,12,12
69631,44,60,-16,16
69632,95,79,16,16
69633,137,127,10,10
69634,121,100,21,21
69635,51,55,-4,4
69636,53,59,-6,6
69637,93,93,0,0
69638,91,94,-3,3
69639,125,114,11,11
69640,59,64,-5,5
69641,63,62,1,1
69642,111,95,16,16
69643,117,117,0,0
69644,74,66,8,8
69645,117,125,-8,8
69646,65,66,-1,1
69647,100,88,12,12
69648,227,237,-10,10
69649,145,177,-32,32
69650,82,85,-3,3
69651,93,72,21,21
69652,120,125,-5,5
69653,122,111,11,11
69654,121,108,13,13
69655,106,93,13,13
69656,95,94,1,1
69657,71,80,-9,9
69658,64,78,-14,14
69659,103,99,4,4
69660,66,85,-19,19
69661,60,62,-2,2
69662,85,86,-1,1
69663,110,109,1,1
69664,109,109,0,0
69665,80,86,-6,6
69666,80,79,1,1
69667,147,152,-5,5
69668,107,112,-5,5
69669,61,75,-14,14
69670,163,168,-5,5
69671,60,53,7,7
69672,85,79,6,6
69673,152,160,-8,8
69674,90,86,4,4
69675,81,79,2,2
69676,76,74,2,2
69677,95,95,0,0
69678,70,74,-4,4
69679,101,99,2,2
69680,65,66,-1,1
69681,78,84,-6,6
69682,94,89,5,5
69683,69,66,3,3
69684,161,157,4,4
69685,97,98,-1,1
69686,66,67,-1,1
69687,171,161,10,10
69688,93,77,16,16
69689,98,93,5,5
69690,101,105,-4,4
69691,97,86,11,11
69692,74,72,2,2
69693,88,71,17,17
69694,184,165,19,19
69695,74,76,-2,2
69696,65,71,-6,6
69697,193,195,-2,2
69698,103,96,7,7
69699,57,57,0,0
69700,113,132,-19,19
69701,145,174,-29,29
69702,60,62,-2,2
69703,128,138,-10,10
69704,89,82,7,7
69705,80,73,7,7
69706,79,75,4,4
69707,114,118,-4,4
69708,200,200,0,0
69709,133,128,5,5
69710,114,116,-2,2
69711,125,113,12,12
69712,82,78,4,4
69713,90,80,10,10
69714,95,89,6,6
69715,140,142,-2,2
69716,96,96,0,0
69717,186,192,-6,6
69718,89,103,-14,14
69719,57,62,-5,5
69720,76,79,-3,3
69721,64,58,6,6
69722,138,126,12,12
69723,97,83,14,14
69724,95,91,4,4
69725,157,156,1,1
69726,76,72,4,4
69727,77,72,5,5
69728,110,103,7,7
69729,191,167,24,24
69730,70,87,-17,17
69731,100,109,-9,9
69732,98,99,-1,1
69733,64,80,-16,16
69734,106,108,-2,2
69735,95,98,-3,3
69736,70,75,-5,5
69737,132,110,22,22
69738,43,48,-5,5
69739,177,163,14,14
69740,59,68,-9,9
69741,42,49,-7,7
69742,40,55,-15,15
69743,82,46,36,36
69744,79,89,-10,10
69745,62,73,-11,11
69746,108,96,12,12
69747,103,106,-3,3
69748,92,93,-1,1
69749,63,67,-4,4
69750,65,67,-2,2
69751,144,138,6,6
69752,92,90,2,2
69753,129,115,14,14
69754,137,142,-5,5
69755,122,126,-4,4
69756,48,61,-13,13
69757,85,67,18,18
69758,90,93,-3,3
69759,82,71,11,11
69760,112,104,8,8
69761,85,80,5,5
69762,91,75,16,16
69763,78,79,-1,1
69764,69,63,6,6
69765,121,105,16,16
69766,68,67,1,1
69767,131,126,5,5
69768,89,94,-5,5
69769,93,87,6,6
69770,54,54,0,0
69771,136,126,10,10
69772,35,57,-22,22
69773,178,162,16,16
69774,105,96,9,9
69775,145,135,10,10
69776,75,79,-4,4
69777,117,98,19,19
69778,63,68,-5,5
69779,132,135,-3,3
69780,100,98,2,2
69781,67,63,4,4
69782,47,57,-10,10
69783,128,109,19,19
69784,119,118,1,1
69785,119,118,1,1
69786,93,84,9,9
69787,121,118,3,3
69788,79,71,8,8
69789,166,153,13,13
69790,87,71,16,16
69791,85,85,0,0
69792,80,78,2,2
69793,68,75,-7,7
69794,131,137,-6,6
69795,124,119,5,5
69796,146,157,-11,11
69797,71,70,1,1
69798,89,88,1,1
69799,60,72,-12,12
69800,64,69,-5,5
69801,63,74,-11,11
69802,61,69,-8,8
69803,119,97,22,22
69804,83,95,-12,12
69805,96,95,1,1
69806,116,135,-19,19
69807,122,115,7,7
69808,102,93,9,9
69809,85,86,-1,1
69810,129,131,-2,2
69811,109,95,14,14
69812,41,51,-10,10
69813,95,104,-9,9
69814,131,107,24,24
69815,98,72,26,26
69816,105,96,9,9
69817,35,42,-7,7
69818,65,68,-3,3
69819,69,72,-3,3
69820,72,66,6,6
69821,101,96,5,5
69822,86,83,3,3
69823,103,101,2,2
69824,110,96,14,14
69825,77,65,12,12
69826,98,69,29,29
69827,107,106,1,1
69828,72,81,-9,9
69829,109,105,4,4
69830,68,61,7,7
69831,64,53,11,11
69832,158,147,11,11
69833,112,118,-6,6
69834,71,75,-4,4
69835,119,111,8,8
69836,63,60,3,3
69837,66,70,-4,4
69838,90,84,6,6
69839,114,117,-3,3
69840,81,83,-2,2
69841,136,116,20,20
69842,92,93,-1,1
69843,46,67,-21,21
69844,48,53,-5,5
69845,99,91,8,8
69846,63,59,4,4
69847,113,100,13,13
69848,77,71,6,6
69849,95,115,-20,20
69850,95,92,3,3
69851,92,95,-3,3
69852,77,74,3,3
69853,108,99,9,9
69854,80,75,5,5
69855,106,92,14,14
69856,193,202,-9,9
69857,138,126,12,12
69858,146,137,9,9
69859,146,149,-3,3
69860,121,109,12,12
69861,134,120,14,14
69862,92,89,3,3
69863,109,104,5,5
69864,94,96,-2,2
69865,96,98,-2,2
69866,105,118,-13,13
69867,124,123,1,1
69868,101,97,4,4
69869,63,76,-13,13
69870,91,86,5,5
69871,75,80,-5,5
69872,89,97,-8,8
69873,134,125,9,9
69874,130,118,12,12
69875,71,76,-5,5
69876,152,161,-9,9
69877,79,67,12,12
69878,82,75,7,7
69879,80,89,-9,9
69880,51,60,-9,9
69881,134,130,4,4
69882,120,104,16,16
69883,88,80,8,8
69884,66,70,-4,4
69885,40,56,-16,16
69886,81,74,7,7
69887,125,112,13,13
69888,57,57,0,0
69889,127,120,7,7
69890,70,66,4,4
69891,144,97,47,47
69892,100,104,-4,4
69893,190,185,5,5
69894,79,79,0,0
69895,95,69,26,26
69896,86,76,10,10
69897,75,60,15,15
69898,108,100,8,8
69899,74,69,5,5
69900,110,119,-9,9
69901,121,118,3,3
69902,75,72,3,3
69903,193,179,14,14
69904,102,100,2,2
69905,83,89,-6,6
69906,161,163,-2,2
69907,43,51,-8,8
69908,157,193,-36,36
69909,152,165,-13,13
69910,166,157,9,9
69911,61,62,-1,1
69912,123,115,8,8
69913,77,65,12,12
69914,76,66,10,10
69915,103,109,-6,6
69916,73,67,6,6
69917,94,91,3,3
69918,71,80,-9,9
69919,69,63,6,6
69920,46,57,-11,11
69921,59,55,4,4
69922,109,95,14,14
69923,166,179,-13,13
69924,65,62,3,3
69925,97,90,7,7
69926,170,159,11,11
69927,76,85,-9,9
69928,79,76,3,3
69929,84,82,2,2
69930,36,51,-15,15
69931,149,146,3,3
69932,61,60,1,1
69933,109,101,8,8
69934,160,148,12,12
69935,96,81,15,15
69936,139,145,-6,6
69937,59,61,-2,2
69938,52,50,2,2
69939,148,126,22,22
69940,90,68,22,22
69941,68,62,6,6
69942,60,69,-9,9
69943,110,104,6,6
69944,80,90,-10,10
69945,37,43,-6,6
69946,75,80,-5,5
69947,62,83,-21,21
69948,66,68,-2,2
69949,99,109,-10,10
69950,105,92,13,13
69951,165,150,15,15
69952,164,170,-6,6
69953,93,87,6,6
69954,58,71,-13,13
69955,93,82,11,11
69956,37,48,-11,11
69957,68,72,-4,4
69958,122,120,2,2
69959,36,50,-14,14
69960,109,111,-2,2
69961,111,91,20,20
69962,39,55,-16,16
69963,139,140,-1,1
69964,109,114,-5,5
69965,169,168,1,1
69966,138,130,8,8
69967,104,122,-18,18
69968,170,175,-5,5
69969,66,69,-3,3
69970,154,153,1,1
69971,46,59,-13,13
69972,136,121,15,15
69973,81,74,7,7
69974,390,362,28,28
69975,88,79,9,9
69976,66,79,-13,13
69977,69,68,1,1
69978,48,58,-10,10
69979,136,125,11,11
69980,85,79,6,6
69981,73,70,3,3
69982,128,124,4,4
69983,90,86,4,4
69984,105,102,3,3
69985,127,127,0,0
69986,102,106,-4,4
69987,111,108,3,3
69988,110,91,19,19
69989,92,79,13,13
69990,66,101,-35,35
69991,103,93,10,10
69992,111,109,2,2
69993,120,127,-7,7
69994,96,93,3,3
69995,141,129,12,12
69996,89,95,-6,6
69997,66,69,-3,3
69998,95,93,2,2
69999,83,86,-3,3
70000,62,56,6,6
70001,136,146,-10,10
70002,99,85,14,14
70003,78,71,7,7
70004,79,78,1,1
70005,86,75,11,11
70006,70,66,4,4
70007,128,135,-7,7
70008,100,77,23,23
70009,116,103,13,13
70010,165,180,-15,15
70011,125,115,10,10
70012,63,78,-15,15
70013,93,101,-8,8
70014,135,121,14,14
70015,61,57,4,4
70016,55,56,-1,1
70017,95,90,5,5
70018,98,95,3,3
70019,54,52,2,2
70020,85,92,-7,7
70021,96,93,3,3
70022,132,119,13,13
70023,81,78,3,3
70024,57,59,-2,2
70025,71,67,4,4
70026,92,85,7,7
70027,99,84,15,15
70028,87,79,8,8
70029,116,85,31,31
70030,46,59,-13,13
70031,29,58,-29,29
70032,163,171,-8,8
70033,110,101,9,9
70034,68,62,6,6
70035,62,65,-3,3
70036,60,71,-11,11
70037,91,99,-8,8
70038,35,57,-22,22
70039,61,70,-9,9
70040,101,90,11,11
70041,135,129,6,6
70042,169,173,-4,4
70043,122,109,13,13
70044,182,193,-11,11
70045,86,86,0,0
70046,121,112,9,9
70047,65,65,0,0
70048,84,88,-4,4
70049,98,89,9,9
70050,61,62,-1,1
70051,71,64,7,7
70052,54,65,-11,11
70053,130,118,12,12
70054,47,49,-2,2
70055,78,74,4,4
70056,83,70,13,13
70057,119,107,12,12
70058,86,73,13,13
70059,92,92,0,0
70060,76,83,-7,7
70061,80,94,-14,14
70062,103,96,7,7
70063,113,109,4,4
70064,79,79,0,0
70065,68,66,2,2
70066,115,112,3,3
70067,62,66,-4,4
70068,107,116,-9,9
70069,115,99,16,16
70070,138,146,-8,8
70071,115,115,0,0
70072,117,109,8,8
70073,92,146,-54,54
70074,122,111,11,11
70075,54,56,-2,2
70076,76,72,4,4
70077,96,84,12,12
70078,57,62,-5,5
70079,108,103,5,5
70080,104,111,-7,7
70081,107,91,16,16
70082,66,54,12,12
70083,57,55,2,2
70084,72,68,4,4
70085,63,86,-23,23
70086,119,117,2,2
70087,123,103,20,20
70088,86,81,5,5
70089,121,99,22,22
70090,72,56,16,16
70091,70,75,-5,5
70092,84,70,14,14
70093,72,75,-3,3
70094,61,55,6,6
70095,128,107,21,21
70096,90,90,0,0
70097,138,155,-17,17
70098,80,83,-3,3
70099,134,110,24,24
70100,135,148,-13,13
70101,108,105,3,3
70102,114,106,8,8
70103,87,103,-16,16
70104,29,53,-24,24
70105,84,75,9,9
70106,139,131,8,8
70107,126,108,18,18
70108,61,68,-7,7
70109,22,49,-27,27
70110,61,64,-3,3
70111,74,83,-9,9
70112,120,117,3,3
70113,69,63,6,6
70114,61,59,2,2
70115,88,89,-1,1
70116,102,96,6,6
70117,107,111,-4,4
70118,103,100,3,3
70119,89,81,8,8
70120,134,137,-3,3
70121,52,68,-16,16
70122,63,74,-11,11
70123,116,103,13,13
70124,123,136,-13,13
70125,101,91,10,10
70126,58,54,4,4
70127,95,96,-1,1
70128,66,63,3,3
70129,69,69,0,0
70130,107,95,12,12
70131,118,126,-8,8
70132,155,139,16,16
70133,75,65,10,10
70134,103,87,16,16
70135,81,76,5,5
70136,94,88,6,6
70137,64,62,2,2
70138,135,136,-1,1
70139,116,139,-23,23
70140,213,192,21,21
70141,87,86,1,1
70142,109,129,-20,20
70143,149,148,1,1
70144,81,94,-13,13
70145,78,79,-1,1
70146,62,60,2,2
70147,73,79,-6,6
70148,68,67,1,1
70149,103,65,38,38
70150,121,108,13,13
70151,165,149,16,16
70152,105,90,15,15
70153,71,63,8,8
70154,139,146,-7,7
70155,75,90,-15,15
70156,146,153,-7,7
70157,88,83,5,5
70158,184,177,7,7
70159,122,112,10,10
70160,50,57,-7,7
70161,98,93,5,5
70162,28,72,-44,44
70163,68,71,-3,3
70164,34,48,-14,14
70165,88,74,14,14
70166,87,87,0,0
70167,91,80,11,11
70168,97,88,9,9
70169,93,74,19,19
70170,46,56,-10,10
70171,63,65,-2,2
70172,54,56,-2,2
70173,68,68,0,0
70174,100,113,-13,13
70175,51,68,-17,17
70176,92,99,-7,7
70177,111,115,-4,4
70178,66,60,6,6
70179,60,71,-11,11
70180,66,71,-5,5
70181,130,118,12,12
70182,125,109,16,16
70183,134,134,0,0
70184,139,145,-6,6
70185,105,98,7,7
70186,70,69,1,1
70187,106,91,15,15
70188,146,126,20,20
70189,144,140,4,4
70190,108,124,-16,16
70191,77,71,6,6
70192,99,95,4,4
70193,79,77,2,2
70194,65,64,1,1
70195,65,79,-14,14
70196,89,99,-10,10
70197,128,110,18,18
70198,95,117,-22,22
70199,131,137,-6,6
70200,48,54,-6,6
70201,127,112,15,15
70202,102,108,-6,6
70203,127,117,10,10
70204,53,55,-2,2
70205,148,127,21,21
70206,173,161,12,12
70207,110,96,14,14
70208,61,66,-5,5
70209,65,66,-1,1
70210,83,84,-1,1
70211,125,127,-2,2
70212,94,88,6,6
70213,82,69,13,13
70214,95,78,17,17
70215,48,67,-19,19
70216,112,114,-2,2
70217,74,82,-8,8
70218,114,112,2,2
70219,64,64,0,0
70220,109,102,7,7
70221,163,159,4,4
70222,136,144,-8,8
70223,218,206,12,12
70224,114,99,15,15
70225,152,149,3,3
70226,115,119,-4,4
70227,70,78,-8,8
70228,76,69,7,7
70229,101,94,7,7
70230,122,102,20,20
70231,95,86,9,9
70232,112,145,-33,33
70233,114,108,6,6
70234,93,87,6,6
70235,56,73,-17,17
70236,110,123,-13,13
70237,97,89,8,8
70238,86,97,-11,11
70239,87,88,-1,1
70240,55,59,-4,4
70241,183,212,-29,29
70242,99,93,6,6
70243,102,96,6,6
70244,113,103,10,10
70245,95,91,4,4
70246,191,177,14,14
70247,82,80,2,2
70248,55,61,-6,6
70249,60,64,-4,4
70250,81,86,-5,5
70251,87,79,8,8
70252,142,144,-2,2
70253,97,85,12,12
70254,116,100,16,16
70255,73,63,10,10
70256,87,85,2,2
70257,102,87,15,15
70258,57,56,1,1
70259,56,64,-8,8
70260,193,168,25,25
70261,99,97,2,2
70262,61,64,-3,3
70263,90,83,7,7
70264,129,134,-5,5
70265,86,76,10,10
70266,68,77,-9,9
70267,106,90,16,16
70268,101,105,-4,4
70269,139,134,5,5
70270,97,102,-5,5
70271,79,80,-1,1
70272,54,69,-15,15
70273,47,61,-14,14
70274,119,106,13,13
70275,93,86,7,7
70276,70,73,-3,3
70277,109,109,0,0
70278,55,72,-17,17
70279,127,138,-11,11
70280,76,71,5,5
70281,35,52,-17,17
70282,66,66,0,0
70283,72,68,4,4
70284,91,100,-9,9
70285,128,125,3,3
70286,123,127,-4,4
70287,129,133,-4,4
70288,106,96,10,10
70289,84,86,-2,2
70290,99,88,11,11
70291,59,53,6,6
70292,54,60,-6,6
70293,120,112,8,8
70294,188,180,8,8
70295,83,80,3,3
70296,146,129,17,17
70297,69,70,-1,1
70298,58,54,4,4
70299,173,158,15,15
70300,131,119,12,12
70301,150,142,8,8
70302,115,105,10,10
70303,107,91,16,16
70304,131,129,2,2
70305,101,112,-11,11
70306,105,88,17,17
70307,104,96,8,8
70308,138,130,8,8
70309,62,64,-2,2
70310,88,91,-3,3
70311,44,60,-16,16
70312,116,115,1,1
70313,84,81,3,3
70314,80,98,-18,18
70315,112,112,0,0
70316,85,79,6,6
70317,82,65,17,17
70318,101,106,-5,5
70319,123,119,4,4
70320,137,125,12,12
70321,112,77,35,35
70322,72,64,8,8
70323,100,99,1,1
70324,106,96,10,10
70325,64,51,13,13
70326,115,102,13,13
70327,44,47,-3,3
70328,112,108,4,4
70329,113,105,8,8
70330,203,200,3,3
70331,113,92,21,21
70332,154,161,-7,7
70333,88,87,1,1
70334,88,97,-9,9
70335,56,59,-3,3
70336,116,106,10,10
70337,104,101,3,3
70338,96,82,14,14
70339,99,93,6,6
70340,98,101,-3,3
70341,128,136,-8,8
70342,79,81,-2,2
70343,97,111,-14,14
70344,68,74,-6,6
70345,93,82,11,11
70346,99,96,3,3
70347,68,79,-11,11
70348,83,74,9,9
70349,85,97,-12,12
70350,89,96,-7,7
70351,95,87,8,8
70352,133,130,3,3
70353,86,89,-3,3
70354,94,90,4,4
70355,63,64,-1,1
70356,134,128,6,6
70357,79,80,-1,1
70358,55,58,-3,3
70359,82,86,-4,4
70360,60,67,-7,7
70361,63,78,-15,15
70362,179,170,9,9
70363,127,123,4,4
70364,65,57,8,8
70365,101,100,1,1
70366,112,103,9,9
70367,66,66,0,0
70368,104,104,0,0
70369,80,91,-11,11
70370,84,82,2,2
70371,57,63,-6,6
70372,55,55,0,0
70373,134,123,11,11
70374,125,113,12,12
70375,83,80,3,3
70376,66,70,-4,4
70377,59,85,-26,26
70378,117,112,5,5
70379,103,128,-25,25
70380,101,91,10,10
70381,128,134,-6,6
70382,92,99,-7,7
70383,167,148,19,19
70384,79,86,-7,7
70385,121,115,6,6
70386,85,73,12,12
70387,80,72,8,8
70388,26,56,-30,30
70389,52,57,-5,5
70390,58,68,-10,10
70391,137,136,1,1
70392,48,72,-24,24
70393,138,132,6,6
70394,81,59,22,22
70395,132,139,-7,7
70396,111,107,4,4
70397,115,117,-2,2
70398,129,129,0,0
70399,125,124,1,1
70400,138,165,-27,27
70401,51,57,-6,6
70402,131,138,-7,7
70403,164,174,-10,10
70404,107,87,20,20
70405,102,89,13,13
70406,66,67,-1,1
70407,59,66,-7,7
70408,60,59,1,1
70409,145,147,-2,2
70410,143,138,5,5
70411,121,129,-8,8
70412,98,98,0,0
70413,107,88,19,19
70414,69,65,4,4
70415,154,161,-7,7
70416,93,97,-4,4
70417,93,86,7,7
70418,41,53,-12,12
70419,103,100,3,3
70420,81,71,10,10
70421,105,87,18,18
70422,60,63,-3,3
70423,90,86,4,4
70424,76,75,1,1
70425,98,103,-5,5
70426,70,70,0,0
70427,49,54,-5,5
70428,113,100,13,13
70429,45,53,-8,8
70430,109,108,1,1
70431,53,67,-14,14
70432,98,77,21,21
70433,70,68,2,2
70434,91,78,13,13
70435,126,115,11,11
70436,68,58,10,10
70437,54,68,-14,14
70438,99,90,9,9
70439,85,87,-2,2
70440,85,76,9,9
70441,93,91,2,2
70442,69,66,3,3
70443,59,69,-10,10
70444,47,62,-15,15
70445,83,84,-1,1
70446,103,107,-4,4
70447,93,88,5,5
70448,125,130,-5,5
70449,97,96,1,1
70450,103,106,-3,3
70451,79,80,-1,1
70452,103,112,-9,9
70453,132,125,7,7
70454,165,176,-11,11
70455,132,122,10,10
70456,88,84,4,4
70457,92,87,5,5
70458,75,70,5,5
70459,108,97,11,11
70460,98,83,15,15
70461,133,153,-20,20
70462,75,61,14,14
70463,187,190,-3,3
70464,123,113,10,10
70465,63,76,-13,13
70466,92,104,-12,12
70467,117,106,11,11
70468,98,86,12,12
70469,247,263,-16,16
70470,98,96,2,2
70471,102,89,13,13
70472,66,67,-1,1
70473,62,66,-4,4
70474,84,80,4,4
70475,52,67,-15,15
70476,107,96,11,11
70477,155,145,10,10
70478,118,118,0,0
70479,150,157,-7,7
70480,112,96,16,16
70481,106,105,1,1
70482,61,55,6,6
70483,101,108,-7,7
70484,80,65,15,15
70485,65,71,-6,6
70486,86,85,1,1
70487,74,63,11,11
70488,163,144,19,19
70489,100,112,-12,12
70490,44,56,-12,12
70491,86,71,15,15
70492,119,115,4,4
70493,80,76,4,4
70494,57,64,-7,7
70495,136,91,45,45
70496,113,116,-3,3
70497,75,73,2,2
70498,41,64,-23,23
70499,125,137,-12,12
70500,77,82,-5,5
70501,97,88,9,9
70502,159,158,1,1
70503,43,56,-13,13
70504,47,47,0,0
70505,53,64,-11,11
70506,141,133,8,8
70507,79,78,1,1
70508,74,75,-1,1
70509,117,110,7,7
70510,39,55,-16,16
70511,74,76,-2,2
70512,131,134,-3,3
70513,95,85,10,10
70514,152,138,14,14
70515,80,83,-3,3
70516,125,103,22,22
70517,114,111,3,3
70518,113,87,26,26
70519,58,65,-7,7
70520,98,88,10,10
70521,135,121,14,14
70522,88,96,-8,8
70523,147,144,3,3
70524,83,84,-1,1
70525,145,133,12,12
70526,144,147,-3,3
70527,142,139,3,3
70528,65,67,-2,2
70529,59,56,3,3
70530,116,114,2,2
70531,51,52,-1,1
70532,48,57,-9,9
70533,113,120,-7,7
70534,87,88,-1,1
70535,72,73,-1,1
70536,100,95,5,5
70537,66,73,-7,7
70538,106,113,-7,7
70539,128,125,3,3
70540,71,61,10,10
70541,69,73,-4,4
70542,117,132,-15,15
70543,125,129,-4,4
70544,105,98,7,7
70545,43,51,-8,8
70546,154,157,-3,3
70547,77,82,-5,5
70548,104,103,1,1
70549,112,102,10,10
70550,84,88,-4,4
70551,69,69,0,0
70552,135,118,17,17
70553,130,111,19,19
70554,117,117,0,0
70555,47,65,-18,18
70556,114,109,5,5
70557,100,97,3,3
70558,129,135,-6,6
70559,59,63,-4,4
70560,159,164,-5,5
70561,61,49,12,12
70562,51,57,-6,6
70563,92,82,10,10
70564,73,69,4,4
70565,98,75,23,23
70566,117,113,4,4
70567,100,109,-9,9
70568,54,75,-21,21
70569,76,73,3,3
70570,132,136,-4,4
70571,178,129,49,49
70572,91,91,0,0
70573,127,112,15,15
70574,75,72,3,3
70575,70,67,3,3
70576,124,120,4,4
70577,125,133,-8,8
70578,80,80,0,0
70579,59,72,-13,13
70580,82,86,-4,4
70581,130,127,3,3
70582,82,85,-3,3
70583,93,79,14,14
70584,82,83,-1,1
70585,160,149,11,11
70586,83,76,7,7
70587,128,114,14,14
70588,123,109,14,14
70589,98,90,8,8
70590,104,93,11,11
70591,109,101,8,8
70592,48,51,-3,3
70593,62,65,-3,3
70594,63,56,7,7
70595,63,69,-6,6
70596,115,104,11,11
70597,94,88,6,6
70598,94,89,5,5
70599,91,82,9,9
70600,141,140,1,1
70601,162,141,21,21
70602,91,92,-1,1
70603,88,97,-9,9
70604,117,130,-13,13
70605,52,54,-2,2
70606,57,64,-7,7
70607,106,89,17,17
70608,77,82,-5,5
70609,58,62,-4,4
70610,85,78,7,7
70611,110,101,9,9
70612,74,73,1,1
70613,97,91,6,6
70614,58,64,-6,6
70615,92,96,-4,4
70616,97,105,-8,8
70617,73,64,9,9
70618,89,90,-1,1
70619,108,97,11,11
70620,129,123,6,6
70621,83,87,-4,4
70622,97,90,7,7
70623,88,82,6,6
70624,88,77,11,11
70625,74,78,-4,4
70626,103,106,-3,3
70627,93,82,11,11
70628,39,51,-12,12
70629,168,158,10,10
70630,102,86,16,16
70631,77,85,-8,8
70632,209,219,-10,10
70633,88,84,4,4
70634,88,81,7,7
70635,95,100,-5,5
70636,113,106,7,7
70637,109,113,-4,4
70638,93,89,4,4
70639,167,152,15,15
70640,55,71,-16,16
70641,115,110,5,5
70642,101,105,-4,4
70643,52,61,-9,9
70644,155,158,-3,3
70645,47,60,-13,13
70646,123,134,-11,11
70647,71,68,3,3
70648,109,110,-1,1
70649,63,70,-7,7
70650,132,151,-19,19
70651,74,69,5,5
70652,89,98,-9,9
70653,131,130,1,1
70654,71,68,3,3
70655,100,95,5,5
70656,76,79,-3,3
70657,67,67,0,0
70658,121,98,23,23
70659,45,62,-17,17
70660,79,69,10,10
70661,145,147,-2,2
70662,242,205,37,37
70663,64,55,9,9
70664,146,126,20,20
70665,80,77,3,3
70666,135,138,-3,3
70667,94,85,9,9
70668,88,76,12,12
70669,119,123,-4,4
70670,129,121,8,8
70671,86,87,-1,1
70672,60,55,5,5
70673,148,150,-2,2
70674,43,67,-24,24
70675,41,54,-13,13
70676,272,259,13,13
70677,116,86,30,30
70678,86,74,12,12
70679,69,75,-6,6
70680,51,56,-5,5
70681,80,75,5,5
70682,83,76,7,7
70683,108,88,20,20
70684,66,71,-5,5
70685,178,172,6,6
70686,138,140,-2,2
70687,124,103,21,21
70688,58,57,1,1
70689,93,85,8,8
70690,135,123,12,12
70691,98,86,12,12
70692,91,79,12,12
70693,83,73,10,10
70694,192,196,-4,4
70695,119,101,18,18
70696,44,42,2,2
70697,83,89,-6,6
70698,75,78,-3,3
70699,216,210,6,6
70700,178,184,-6,6
70701,81,80,1,1
70702,56,70,-14,14
70703,85,80,5,5
70704,87,71,16,16
70705,77,79,-2,2
70706,73,72,1,1
70707,122,113,9,9
70708,169,151,18,18
70709,155,138,17,17
70710,111,104,7,7
70711,37,57,-20,20
70712,116,119,-3,3
70713,107,104,3,3
70714,63,65,-2,2
70715,97,85,12,12
70716,108,95,13,13
70717,94,88,6,6
70718,56,63,-7,7
70719,49,61,-12,12
70720,87,92,-5,5
70721,110,102,8,8
70722,89,92,-3,3
70723,87,77,10,10
70724,127,127,0,0
70725,82,84,-2,2
70726,58,62,-4,4
70727,69,76,-7,7
70728,66,55,11,11
70729,62,76,-14,14
70730,80,85,-5,5
70731,62,65,-3,3
70732,46,55,-9,9
70733,48,73,-25,25
70734,77,69,8,8
70735,99,111,-12,12
70736,98,107,-9,9
70737,87,88,-1,1
70738,63,68,-5,5
70739,114,116,-2,2
70740,121,134,-13,13
70741,70,72,-2,2
70742,118,108,10,10
70743,116,120,-4,4
70744,89,86,3,3
70745,100,94,6,6
70746,249,296,-47,47
70747,202,178,24,24
70748,152,151,1,1
70749,140,130,10,10
70750,162,142,20,20
70751,90,82,8,8
70752,132,115,17,17
70753,79,71,8,8
70754,73,70,3,3
70755,115,103,12,12
70756,188,188,0,0
70757,72,65,7,7
70758,112,102,10,10
70759,131,117,14,14
70760,128,125,3,3
70761,125,120,5,5
70762,133,127,6,6
70763,159,148,11,11
70764,96,88,8,8
70765,85,82,3,3
70766,103,101,2,2
70767,74,68,6,6
70768,139,139,0,0
70769,114,111,3,3
70770,35,64,-29,29
70771,56,68,-12,12
70772,85,88,-3,3
70773,111,95,16,16
70774,107,112,-5,5
70775,138,142,-4,4
70776,79,69,10,10
70777,89,91,-2,2
70778,97,85,12,12
70779,88,77,11,11
70780,77,76,1,1
70781,83,70,13,13
70782,138,133,5,5
70783,109,108,1,1
70784,58,62,-4,4
70785,65,74,-9,9
70786,97,100,-3,3
70787,95,86,9,9
70788,93,87,6,6
70789,80,85,-5,5
70790,88,79,9,9
70791,104,107,-3,3
70792,72,72,0,0
70793,75,63,12,12
70794,88,90,-2,2
70795,104,106,-2,2
70796,70,72,-2,2
70797,83,77,6,6
70798,108,100,8,8
70799,84,70,14,14
70800,91,95,-4,4
70801,115,106,9,9
70802,80,87,-7,7
70803,122,123,-1,1
70804,116,108,8,8
70805,119,113,6,6
70806,105,89,16,16
70807,80,85,-5,5
70808,63,83,-20,20
70809,108,117,-9,9
70810,73,73,0,0
70811,116,113,3,3
70812,101,87,14,14
70813,78,75,3,3
70814,137,135,2,2
70815,94,89,5,5
70816,63,74,-11,11
70817,122,128,-6,6
70818,145,137,8,8
70819,110,98,12,12
70820,86,94,-8,8
70821,160,161,-1,1
70822,149,141,8,8
70823,93,85,8,8
70824,77,68,9,9
70825,43,55,-12,12
70826,85,86,-1,1
70827,85,72,13,13
70828,71,71,0,0
70829,68,71,-3,3
70830,85,83,2,2
70831,74,89,-15,15
70832,152,177,-25,25
70833,161,144,17,17
70834,130,133,-3,3
70835,83,82,1,1
70836,102,94,8,8
70837,96,103,-7,7
70838,111,113,-2,2
70839,41,47,-6,6
70840,54,61,-7,7
70841,119,110,9,9
70842,89,79,10,10
70843,105,91,14,14
70844,163,160,3,3
70845,102,101,1,1
70846,90,80,10,10
70847,52,62,-10,10
70848,61,70,-9,9
70849,84,96,-12,12
70850,87,88,-1,1
70851,56,61,-5,5
70852,86,90,-4,4
70853,153,141,12,12
70854,130,115,15,15
70855,171,167,4,4
70856,81,83,-2,2
70857,76,73,3,3
70858,82,85,-3,3
70859,114,125,-11,11
70860,103,104,-1,1
70861,98,90,8,8
70862,130,130,0,0
70863,145,121,24,24
70864,66,79,-13,13
70865,136,116,20,20
70866,96,101,-5,5
70867,35,49,-14,14
70868,77,80,-3,3
70869,108,103,5,5
70870,91,104,-13,13
70871,68,73,-5,5
70872,114,112,2,2
70873,38,51,-13,13
70874,123,95,28,28
70875,81,82,-1,1
70876,96,87,9,9
70877,89,79,10,10
70878,129,154,-25,25
70879,93,88,5,5
70880,57,61,-4,4
70881,81,73,8,8
70882,137,129,8,8
70883,83,79,4,4
70884,97,90,7,7
70885,100,99,1,1
70886,83,77,6,6
70887,94,85,9,9
70888,87,91,-4,4
70889,154,149,5,5
70890,126,108,18,18
70891,74,74,0,0
70892,87,82,5,5
70893,62,64,-2,2
70894,61,64,-3,3
70895,94,81,13,13
70896,91,84,7,7
70897,67,72,-5,5
70898,87,80,7,7
70899,58,70,-12,12
70900,126,121,5,5
70901,102,99,3,3
70902,97,92,5,5
70903,60,56,4,4
70904,84,86,-2,2
70905,168,135,33,33
70906,89,90,-1,1
70907,60,60,0,0
70908,99,102,-3,3
70909,119,110,9,9
70910,90,90,0,0
70911,150,149,1,1
70912,95,96,-1,1
70913,79,72,7,7
70914,45,61,-16,16
70915,101,100,1,1
70916,123,115,8,8
70917,145,145,0,0
70918,56,64,-8,8
70919,83,91,-8,8
70920,48,55,-7,7
70921,65,70,-5,5
70922,102,103,-1,1
70923,75,70,5,5
70924,194,198,-4,4
70925,55,58,-3,3
70926,61,62,-1,1
70927,97,90,7,7
70928,123,129,-6,6
70929,47,53,-6,6
70930,99,108,-9,9
70931,88,83,5,5
70932,65,58,7,7
70933,71,71,0,0
70934,140,140,0,0
70935,113,102,11,11
70936,70,76,-6,6
70937,123,122,1,1
70938,113,96,17,17
70939,170,149,21,21
70940,101,92,9,9
70941,113,103,10,10
70942,102,88,14,14
70943,74,81,-7,7
70944,73,77,-4,4
70945,90,91,-1,1
70946,62,57,5,5
70947,104,116,-12,12
70948,119,120,-1,1
70949,71,69,2,2
70950,129,137,-8,8
70951,48,51,-3,3
70952,149,162,-13,13
70953,63,66,-3,3
70954,115,117,-2,2
70955,110,114,-4,4
70956,93,114,-21,21
70957,100,90,10,10
70958,90,85,5,5
70959,46,66,-20,20
70960,126,116,10,10
70961,99,97,2,2
70962,65,66,-1,1
70963,77,81,-4,4
70964,70,59,11,11
70965,82,95,-13,13
70966,91,95,-4,4
70967,142,130,12,12
70968,73,69,4,4
70969,146,145,1,1
70970,106,108,-2,2
70971,185,189,-4,4
70972,72,71,1,1
70973,119,102,17,17
70974,56,63,-7,7
70975,110,109,1,1
70976,94,87,7,7
70977,79,82,-3,3
70978,50,53,-3,3
70979,86,76,10,10
70980,73,75,-2,2
70981,81,74,7,7
70982,68,68,0,0
70983,69,66,3,3
70984,135,117,18,18
70985,162,106,56,56
70986,107,96,11,11
70987,74,71,3,3
70988,61,66,-5,5
70989,101,94,7,7
70990,70,67,3,3
70991,101,119,-18,18
70992,61,74,-13,13
70993,103,102,1,1
70994,47,114,-67,67
70995,87,79,8,8
70996,73,79,-6,6
70997,100,92,8,8
70998,97,88,9,9
70999,75,78,-3,3
71000,77,73,4,4
71001,59,62,-3,3
71002,136,138,-2,2
71003,44,53,-9,9
71004,149,139,10,10
71005,85,84,1,1
71006,132,132,0,0
71007,54,51,3,3
71008,98,90,8,8
71009,102,99,3,3
71010,122,116,6,6
71011,70,76,-6,6
71012,121,96,25,25
71013,86,82,4,4
71014,99,89,10,10
71015,71,61,10,10
71016,113,96,17,17
71017,100,95,5,5
71018,61,68,-7,7
71019,69,76,-7,7
71020,103,107,-4,4
71021,122,139,-17,17
71022,90,83,7,7
71023,113,102,11,11
71024,99,101,-2,2
71025,100,97,3,3
71026,77,80,-3,3
71027,84,83,1,1
71028,101,87,14,14
71029,86,78,8,8
71030,43,60,-17,17
71031,73,73,0,0
71032,128,119,9,9
71033,81,72,9,9
71034,67,59,8,8
71035,137,118,19,19
71036,77,78,-1,1
71037,52,60,-8,8
71038,103,100,3,3
71039,107,99,8,8
71040,101,90,11,11
71041,80,78,2,2
71042,114,113,1,1
71043,112,111,1,1
71044,118,109,9,9
71045,110,105,5,5
71046,88,80,8,8
71047,63,93,-30,30
71048,125,108,17,17
71049,126,118,8,8
71050,68,73,-5,5
71051,59,73,-14,14
71052,69,69,0,0
71053,90,77,13,13
71054,108,112,-4,4
71055,80,84,-4,4
71056,63,69,-6,6
71057,52,58,-6,6
71058,72,76,-4,4
71059,76,74,2,2
71060,92,85,7,7
71061,133,164,-31,31
71062,65,66,-1,1
71063,69,67,2,2
71064,121,113,8,8
71065,92,83,9,9
71066,67,70,-3,3
71067,134,121,13,13
71068,81,79,2,2
71069,68,79,-11,11
71070,67,60,7,7
71071,52,51,1,1
71072,107,102,5,5
71073,120,110,10,10
71074,133,123,10,10
71075,150,143,7,7
71076,124,140,-16,16
71077,86,84,2,2
71078,29,40,-11,11
71079,170,166,4,4
71080,88,76,12,12
71081,158,155,3,3
71082,58,65,-7,7
71083,129,125,4,4
71084,94,93,1,1
71085,116,110,6,6
71086,159,153,6,6
71087,86,76,10,10
71088,174,188,-14,14
71089,104,91,13,13
71090,90,77,13,13
71091,101,89,12,12
71092,107,104,3,3
71093,133,111,22,22
71094,70,69,1,1
71095,100,94,6,6
71096,174,176,-2,2
71097,41,62,-21,21
71098,85,86,-1,1
71099,76,85,-9,9
71100,73,71,2,2
71101,131,119,12,12
71102,83,74,9,9
71103,88,88,0,0
71104,128,126,2,2
71105,86,83,3,3
71106,163,167,-4,4
71107,104,105,-1,1
71108,50,57,-7,7
71109,114,87,27,27
71110,108,105,3,3
71111,72,72,0,0
71112,63,76,-13,13
71113,51,50,1,1
71114,94,86,8,8
71115,76,72,4,4
71116,39,47,-8,8
71117,100,99,1,1
71118,64,67,-3,3
71119,87,87,0,0
71120,112,107,5,5
71121,105,102,3,3
71122,84,87,-3,3
71123,135,135,0,0
71124,66,66,0,0
71125,164,156,8,8
71126,53,63,-10,10
71127,131,124,7,7
71128,97,92,5,5
71129,44,55,-11,11
71130,85,81,4,4
71131,58,55,3,3
71132,105,98,7,7
71133,51,54,-3,3
71134,67,73,-6,6
71135,82,91,-9,9
71136,100,88,12,12
71137,154,151,3,3
71138,89,90,-1,1
71139,88,77,11,11
71140,104,88,16,16
71141,82,66,16,16
71142,97,85,12,12
71143,87,92,-5,5
71144,71,63,8,8
71145,87,92,-5,5
71146,71,74,-3,3
71147,168,155,13,13
71148,124,119,5,5
71149,75,67,8,8
71150,137,109,28,28
71151,131,119,12,12
71152,161,168,-7,7
71153,80,83,-3,3
71154,109,105,4,4
71155,65,64,1,1
71156,152,139,13,13
71157,120,108,12,12
71158,116,113,3,3
71159,82,95,-13,13
71160,214,211,3,3
71161,75,72,3,3
71162,95,72,23,23
71163,120,106,14,14
71164,126,126,0,0
71165,112,104,8,8
71166,115,127,-12,12
71167,94,83,11,11
71168,84,83,1,1
71169,99,99,0,0
71170,69,67,2,2
71171,62,64,-2,2
71172,106,103,3,3
71173,110,97,13,13
71174,78,77,1,1
71175,161,203,-42,42
71176,140,100,40,40
71177,83,94,-11,11
71178,110,104,6,6
71179,50,55,-5,5
71180,160,144,16,16
71181,93,78,15,15
71182,161,157,4,4
71183,37,48,-11,11
71184,58,73,-15,15
71185,109,119,-10,10
71186,99,107,-8,8
71187,124,151,-27,27
71188,65,65,0,0
71189,113,106,7,7
71190,114,119,-5,5
71191,127,111,16,16
71192,99,94,5,5
71193,83,76,7,7
71194,74,75,-1,1
71195,112,115,-3,3
71196,76,86,-10,10
71197,86,83,3,3
71198,59,58,1,1
71199,185,165,20,20
71200,113,90,23,23
71201,90,87,3,3
71202,60,69,-9,9
71203,136,117,19,19
71204,94,82,12,12
71205,100,88,12,12
71206,93,84,9,9
71207,80,81,-1,1
71208,138,114,24,24
71209,123,115,8,8
71210,84,100,-16,16
71211,96,98,-2,2
71212,123,121,2,2
71213,46,69,-23,23
71214,54,70,-16,16
71215,135,133,2,2
71216,135,107,28,28
71217,79,75,4,4
71218,127,120,7,7
71219,75,81,-6,6
71220,43,63,-20,20
71221,107,87,20,20
71222,86,73,13,13
71223,114,107,7,7
71224,56,52,4,4
71225,80,77,3,3
71226,86,76,10,10
71227,62,66,-4,4
71228,78,65,13,13
71229,158,157,1,1
71230,96,109,-13,13
71231,88,85,3,3
71232,62,64,-2,2
71233,116,106,10,10
71234,103,103,0,0
71235,108,118,-10,10
71236,96,86,10,10
71237,65,59,6,6
71238,64,65,-1,1
71239,136,126,10,10
71240,92,92,0,0
71241,66,70,-4,4
71242,106,99,7,7
71243,168,157,11,11
71244,91,85,6,6
71245,90,92,-2,2
71246,83,74,9,9
71247,198,184,14,14
71248,98,96,2,2
71249,116,98,18,18
71250,77,84,-7,7
71251,95,93,2,2
71252,113,106,7,7
71253,102,97,5,5
71254,54,69,-15,15
71255,138,143,-5,5
71256,76,73,3,3
71257,58,60,-2,2
71258,74,73,1,1
71259,93,81,12,12
71260,56,70,-14,14
71261,139,143,-4,4
71262,169,157,12,12
71263,131,124,7,7
71264,64,58,6,6
71265,89,91,-2,2
71266,111,102,9,9
71267,149,145,4,4
71268,86,74,12,12
71269,67,76,-9,9
71270,54,77,-23,23
71271,47,57,-10,10
71272,43,64,-21,21
71273,90,86,4,4
71274,139,122,17,17
71275,62,62,0,0
71276,67,67,0,0
71277,75,83,-8,8
71278,87,81,6,6
71279,82,76,6,6
71280,41,46,-5,5
71281,86,90,-4,4
71282,151,129,22,22
71283,87,80,7,7
71284,107,99,8,8
71285,67,74,-7,7
71286,90,93,-3,3
71287,133,122,11,11
71288,42,53,-11,11
71289,124,108,16,16
71290,66,71,-5,5
71291,74,74,0,0
71292,54,65,-11,11
71293,123,119,4,4
71294,137,133,4,4
71295,67,60,7,7
71296,113,115,-2,2
71297,103,86,17,17
71298,161,156,5,5
71299,114,100,14,14
71300,112,81,31,31
71301,103,95,8,8
71302,112,110,2,2
71303,123,129,-6,6
71304,65,61,4,4
71305,97,87,10,10
71306,68,60,8,8
71307,69,64,5,5
71308,69,74,-5,5
71309,143,142,1,1
71310,107,106,1,1
71311,59,63,-4,4
71312,125,118,7,7
71313,57,57,0,0
71314,108,107,1,1
71315,86,78,8,8
71316,98,86,12,12
71317,82,75,7,7
71318,87,119,-32,32
71319,65,67,-2,2
71320,96,94,2,2
71321,60,56,4,4
71322,77,83,-6,6
71323,81,85,-4,4
71324,147,140,7,7
71325,75,74,1,1
71326,75,71,4,4
71327,85,91,-6,6
71328,94,90,4,4
71329,158,148,10,10
71330,103,74,29,29
71331,125,110,15,15
71332,119,150,-31,31
71333,109,103,6,6
71334,64,66,-2,2
71335,74,78,-4,4
71336,33,54,-21,21
71337,104,102,2,2
71338,73,65,8,8
71339,148,128,20,20
71340,57,60,-3,3
71341,62,56,6,6
71342,143,140,3,3
71343,96,109,-13,13
71344,61,60,1,1
71345,126,124,2,2
71346,66,87,-21,21
71347,97,103,-6,6
71348,58,66,-8,8
71349,85,86,-1,1
71350,207,176,31,31
71351,114,112,2,2
71352,105,104,1,1
71353,92,90,2,2
71354,80,78,2,2
71355,97,84,13,13
71356,93,79,14,14
71357,55,53,2,2
71358,89,87,2,2
71359,116,113,3,3
71360,98,96,2,2
71361,79,72,7,7
71362,127,127,0,0
71363,112,96,16,16
71364,131,115,16,16
71365,92,100,-8,8
71366,81,83,-2,2
71367,236,236,0,0
71368,110,123,-13,13
71369,66,73,-7,7
71370,100,99,1,1
71371,98,99,-1,1
71372,118,103,15,15
71373,91,94,-3,3
71374,162,140,22,22
71375,77,74,3,3
71376,67,70,-3,3
71377,131,131,0,0
71378,103,104,-1,1
71379,57,62,-5,5
71380,93,77,16,16
71381,72,86,-14,14
71382,67,56,11,11
71383,49,58,-9,9
71384,72,70,2,2
71385,56,61,-5,5
71386,154,189,-35,35
71387,72,70,2,2
71388,44,54,-10,10
71389,97,97,0,0
71390,173,149,24,24
71391,151,152,-1,1
71392,92,91,1,1
71393,41,66,-25,25
71394,101,98,3,3
71395,151,135,16,16
71396,112,97,15,15
71397,82,81,1,1
71398,147,138,9,9
71399,104,88,16,16
71400,156,146,10,10
71401,69,61,8,8
71402,88,88,0,0
71403,49,49,0,0
71404,72,70,2,2
71405,87,79,8,8
71406,83,77,6,6
71407,78,70,8,8
71408,109,117,-8,8
71409,118,121,-3,3
71410,146,206,-60,60
71411,95,93,2,2
71412,139,131,8,8
71413,112,108,4,4
71414,74,73,1,1
71415,101,109,-8,8
71416,69,71,-2,2
71417,60,61,-1,1
71418,52,59,-7,7
71419,70,66,4,4
71420,52,53,-1,1
71421,93,88,5,5
71422,75,70,5,5
71423,50,54,-4,4
71424,64,70,-6,6
71425,167,148,19,19
71426,59,61,-2,2
71427,117,117,0,0
71428,97,94,3,3
71429,93,93,0,0
71430,70,70,0,0
71431,91,72,19,19
71432,52,55,-3,3
71433,97,97,0,0
71434,66,64,2,2
71435,91,88,3,3
71436,72,107,-35,35
71437,113,103,10,10
71438,91,90,1,1
71439,50,62,-12,12
71440,85,103,-18,18
71441,167,165,2,2
71442,78,71,7,7
71443,149,145,4,4
71444,102,89,13,13
71445,116,109,7,7
71446,69,76,-7,7
71447,63,71,-8,8
71448,108,107,1,1
71449,81,81,0,0
71450,82,86,-4,4
71451,113,114,-1,1
71452,83,83,0,0
71453,97,89,8,8
71454,78,93,-15,15
71455,102,103,-1,1
71456,109,114,-5,5
71457,64,64,0,0
71458,98,87,11,11
71459,156,140,16,16
71460,126,128,-2,2
71461,90,84,6,6
71462,122,116,6,6
71463,67,68,-1,1
71464,60,55,5,5
71465,60,68,-8,8
71466,73,73,0,0
71467,135,133,2,2
71468,116,113,3,3
71469,92,89,3,3
71470,116,113,3,3
71471,76,71,5,5
71472,137,129,8,8
71473,38,60,-22,22
71474,212,193,19,19
71475,115,113,2,2
71476,170,164,6,6
71477,140,161,-21,21
71478,194,177,17,17
71479,119,115,4,4
71480,46,71,-25,25
71481,67,72,-5,5
71482,114,112,2,2
71483,107,127,-20,20
71484,83,107,-24,24
71485,103,86,17,17
71486,75,76,-1,1
71487,117,132,-15,15
71488,59,69,-10,10
71489,68,86,-18,18
71490,117,115,2,2
71491,142,129,13,13
71492,50,62,-12,12
71493,72,74,-2,2
71494,114,122,-8,8
71495,161,149,12,12
71496,104,102,2,2
71497,241,247,-6,6
71498,72,71,1,1
71499,89,89,0,0
71500,76,73,3,3
71501,97,92,5,5
71502,93,81,12,12
71503,73,67,6,6
71504,67,58,9,9
71505,89,91,-2,2
71506,91,87,4,4
71507,112,106,6,6
71508,156,161,-5,5
71509,59,54,5,5
71510,71,70,1,1
71511,35,45,-10,10
71512,60,64,-4,4
71513,151,166,-15,15
71514,83,85,-2,2
71515,114,111,3,3
71516,66,59,7,7
71517,68,77,-9,9
71518,128,129,-1,1
71519,168,138,30,30
71520,84,78,6,6
71521,87,91,-4,4
71522,94,83,11,11
71523,44,57,-13,13
71524,93,94,-1,1
71525,135,118,17,17
71526,80,73,7,7
71527,105,98,7,7
71528,86,89,-3,3
71529,115,113,2,2
71530,183,174,9,9
71531,120,117,3,3
71532,25,55,-30,30
71533,53,53,0,0
71534,131,111,20,20
71535,164,143,21,21
71536,74,73,1,1
71537,125,124,1,1
71538,91,104,-13,13
71539,106,93,13,13
71540,95,90,5,5
71541,75,66,9,9
71542,114,109,5,5
71543,70,75,-5,5
71544,89,80,9,9
71545,37,41,-4,4
71546,90,86,4,4
71547,60,53,7,7
71548,106,105,1,1
71549,59,67,-8,8
71550,114,116,-2,2
71551,69,77,-8,8
71552,96,97,-1,1
71553,90,68,22,22
71554,132,140,-8,8
71555,117,115,2,2
71556,78,74,4,4
71557,63,69,-6,6
71558,96,98,-2,2
71559,132,103,29,29
71560,83,73,10,10
71561,114,108,6,6
71562,109,92,17,17
71563,97,87,10,10
71564,81,76,5,5
71565,95,89,6,6
71566,82,89,-7,7
71567,127,137,-10,10
71568,108,95,13,13
71569,91,98,-7,7
71570,87,80,7,7
71571,92,90,2,2
71572,165,152,13,13
71573,85,81,4,4
71574,50,60,-10,10
71575,62,67,-5,5
71576,97,89,8,8
71577,87,84,3,3
71578,66,58,8,8
71579,76,68,8,8
71580,75,77,-2,2
71581,172,163,9,9
71582,45,71,-26,26
71583,86,83,3,3
71584,73,81,-8,8
71585,189,171,18,18
71586,65,68,-3,3
71587,76,72,4,4
71588,95,95,0,0
71589,95,77,18,18
71590,87,84,3,3
71591,108,105,3,3
71592,91,76,15,15
71593,69,75,-6,6
71594,141,138,3,3
71595,75,75,0,0
71596,82,90,-8,8
71597,55,62,-7,7
71598,55,63,-8,8
71599,121,116,5,5
71600,55,53,2,2
71601,131,119,12,12
71602,111,105,6,6
71603,52,60,-8,8
71604,141,134,7,7
71605,82,86,-4,4
71606,49,62,-13,13
71607,67,70,-3,3
71608,65,61,4,4
71609,116,125,-9,9
71610,112,112,0,0
71611,117,110,7,7
71612,137,130,7,7
71613,95,98,-3,3
71614,59,59,0,0
71615,84,84,0,0
71616,89,74,15,15
71617,137,128,9,9
71618,194,177,17,17
71619,144,127,17,17
71620,106,98,8,8
71621,122,106,16,16
71622,67,65,2,2
71623,104,110,-6,6
71624,114,103,11,11
71625,84,93,-9,9
71626,49,65,-16,16
71627,232,225,7,7
71628,79,70,9,9
71629,101,103,-2,2
71630,105,109,-4,4
71631,104,100,4,4
71632,221,206,15,15
71633,124,100,24,24
71634,154,152,2,2
71635,110,106,4,4
71636,75,77,-2,2
71637,175,156,19,19
71638,162,159,3,3
71639,169,147,22,22
71640,82,82,0,0
71641,69,70,-1,1
71642,63,65,-2,2
71643,101,106,-5,5
71644,59,73,-14,14
71645,123,137,-14,14
71646,105,109,-4,4
71647,99,89,10,10
71648,58,66,-8,8
71649,103,91,12,12
71650,77,79,-2,2
71651,64,63,1,1
71652,49,60,-11,11
71653,96,96,0,0
71654,78,80,-2,2
71655,124,134,-10,10
71656,66,79,-13,13
71657,163,159,4,4
71658,140,142,-2,2
71659,77,80,-3,3
71660,55,67,-12,12
71661,64,59,5,5
71662,73,90,-17,17
71663,86,89,-3,3
71664,87,85,2,2
71665,80,84,-4,4
71666,74,82,-8,8
71667,69,66,3,3
71668,118,119,-1,1
71669,74,87,-13,13
71670,162,166,-4,4
71671,63,64,-1,1
71672,88,90,-2,2
71673,105,103,2,2
71674,70,58,12,12
71675,86,81,5,5
71676,82,79,3,3
71677,181,193,-12,12
71678,60,58,2,2
71679,139,140,-1,1
71680,45,51,-6,6
71681,84,83,1,1
71682,87,82,5,5
71683,94,83,11,11
71684,94,103,-9,9
71685,102,122,-20,20
71686,82,78,4,4
71687,102,88,14,14
71688,51,57,-6,6
71689,91,80,11,11
71690,92,89,3,3
71691,119,118,1,1
71692,98,102,-4,4
71693,92,83,9,9
71694,144,138,6,6
71695,117,118,-1,1
71696,61,55,6,6
71697,55,53,2,2
71698,89,79,10,10
71699,83,85,-2,2
71700,122,111,11,11
71701,101,96,5,5
71702,71,76,-5,5
71703,183,169,14,14
71704,79,87,-8,8
71705,68,90,-22,22
71706,124,120,4,4
71707,96,84,12,12
71708,82,75,7,7
71709,99,108,-9,9
71710,145,122,23,23
71711,143,141,2,2
71712,131,126,5,5
71713,83,77,6,6
71714,118,123,-5,5
71715,65,66,-1,1
71716,52,59,-7,7
71717,78,77,1,1
71718,76,71,5,5
71719,142,123,19,19
71720,90,81,9,9
71721,64,61,3,3
71722,70,74,-4,4
71723,81,85,-4,4
71724,155,154,1,1
71725,94,110,-16,16
71726,64,65,-1,1
71727,83,72,11,11
71728,112,107,5,5
71729,112,90,22,22
71730,132,120,12,12
71731,84,79,5,5
71732,63,70,-7,7
71733,78,83,-5,5
71734,143,137,6,6
71735,71,72,-1,1
71736,94,88,6,6
71737,75,72,3,3
71738,54,63,-9,9
71739,81,65,16,16
71740,72,69,3,3
71741,95,81,14,14
71742,136,122,14,14
71743,89,82,7,7
71744,66,67,-1,1
71745,95,84,11,11
71746,85,83,2,2
71747,114,117,-3,3
71748,70,67,3,3
71749,70,57,13,13
71750,115,111,4,4
71751,139,138,1,1
71752,104,88,16,16
71753,65,70,-5,5
71754,145,128,17,17
71755,108,91,17,17
71756,81,73,8,8
71757,85,73,12,12
71758,59,70,-11,11
71759,146,154,-8,8
71760,89,95,-6,6
71761,94,89,5,5
71762,82,82,0,0
71763,58,65,-7,7
71764,78,76,2,2
71765,92,76,16,16
71766,65,64,1,1
71767,100,87,13,13
71768,126,123,3,3
71769,115,99,16,16
71770,64,61,3,3
71771,67,77,-10,10
71772,114,95,19,19
71773,73,72,1,1
71774,86,82,4,4
71775,92,75,17,17
71776,393,452,-59,59
71777,121,135,-14,14
71778,77,85,-8,8
71779,106,90,16,16
71780,81,78,3,3
71781,99,74,25,25
71782,150,151,-1,1
71783,98,91,7,7
71784,107,104,3,3
71785,59,58,1,1
71786,53,70,-17,17
71787,99,94,5,5
71788,138,139,-1,1
71789,58,66,-8,8
71790,85,78,7,7
71791,129,115,14,14
71792,60,54,6,6
71793,67,66,1,1
71794,107,96,11,11
71795,42,59,-17,17
71796,73,74,-1,1
71797,81,78,3,3
71798,154,139,15,15
71799,84,83,1,1
71800,67,62,5,5
71801,62,57,5,5
71802,93,81,12,12
71803,119,104,15,15
71804,112,108,4,4
71805,146,143,3,3
71806,45,48,-3,3
71807,127,121,6,6
71808,87,80,7,7
71809,122,117,5,5
71810,83,72,11,11
71811,116,104,12,12
71812,95,98,-3,3
71813,101,104,-3,3
71814,132,129,3,3
71815,116,99,17,17
71816,79,70,9,9
71817,94,90,4,4
71818,131,118,13,13
71819,61,64,-3,3
71820,66,70,-4,4
71821,78,74,4,4
71822,145,150,-5,5
71823,166,163,3,3
71824,88,85,3,3
71825,99,95,4,4
71826,85,80,5,5
71827,62,77,-15,15
71828,85,89,-4,4
71829,103,99,4,4
71830,123,151,-28,28
71831,43,60,-17,17
71832,89,90,-1,1
71833,61,67,-6,6
71834,65,61,4,4
71835,81,75,6,6
71836,77,73,4,4
71837,118,111,7,7
71838,53,59,-6,6
71839,90,73,17,17
71840,101,112,-11,11
71841,88,79,9,9
71842,136,137,-1,1
71843,142,133,9,9
71844,79,70,9,9
71845,124,125,-1,1
71846,69,73,-4,4
71847,55,56,-1,1
71848,84,78,6,6
71849,34,47,-13,13
71850,86,82,4,4
71851,67,45,22,22
71852,234,206,28,28
71853,175,163,12,12
71854,50,68,-18,18
71855,75,69,6,6
71856,61,67,-6,6
71857,103,93,10,10
71858,59,66,-7,7
71859,83,91,-8,8
71860,50,67,-17,17
71861,89,87,2,2
71862,65,72,-7,7
71863,140,132,8,8
71864,158,163,-5,5
71865,113,84,29,29
71866,118,127,-9,9
71867,172,160,12,12
71868,119,122,-3,3
71869,106,106,0,0
71870,146,153,-7,7
71871,72,68,4,4
71872,84,82,2,2
71873,78,75,3,3
71874,58,61,-3,3
71875,85,74,11,11
71876,137,125,12,12
71877,86,111,-25,25
71878,78,83,-5,5
71879,88,87,1,1
71880,108,93,15,15
71881,104,85,19,19
71882,77,81,-4,4
71883,101,93,8,8
71884,109,121,-12,12
71885,84,76,8,8
71886,70,68,2,2
71887,134,129,5,5
71888,51,53,-2,2
71889,128,122,6,6
71890,103,113,-10,10
71891,76,77,-1,1
71892,101,106,-5,5
71893,92,88,4,4
71894,72,73,-1,1
71895,68,76,-8,8
71896,84,86,-2,2
71897,88,82,6,6
71898,119,128,-9,9
71899,56,63,-7,7
71900,31,53,-22,22
71901,91,88,3,3
71902,163,159,4,4
71903,124,116,8,8
71904,71,61,10,10
71905,101,97,4,4
71906,112,145,-33,33
71907,103,99,4,4
71908,74,79,-5,5
71909,57,66,-9,9
71910,137,137,0,0
71911,124,107,17,17
71912,77,84,-7,7
71913,83,79,4,4
71914,66,75,-9,9
71915,110,103,7,7
71916,65,62,3,3
71917,98,90,8,8
71918,87,78,9,9
71919,90,81,9,9
71920,140,136,4,4
71921,116,110,6,6
71922,128,122,6,6
71923,73,72,1,1
71924,155,184,-29,29
71925,96,101,-5,5
71926,115,111,4,4
71927,63,69,-6,6
71928,57,62,-5,5
71929,113,115,-2,2
71930,104,91,13,13
71931,53,65,-12,12
71932,62,72,-10,10
71933,53,54,-1,1
71934,71,80,-9,9
71935,76,76,0,0
71936,117,110,7,7
71937,57,62,-5,5
71938,79,75,4,4
71939,69,82,-13,13
71940,78,69,9,9
71941,40,64,-24,24
71942,58,72,-14,14
71943,105,90,15,15
71944,87,103,-16,16
71945,118,99,19,19
71946,101,113,-12,12
71947,32,53,-21,21
71948,75,70,5,5
71949,112,104,8,8
71950,112,108,4,4
71951,124,129,-5,5
71952,68,69,-1,1
71953,72,64,8,8
71954,52,64,-12,12
71955,84,81,3,3
71956,78,72,6,6
71957,106,85,21,21
71958,126,126,0,0
71959,103,105,-2,2
71960,110,80,30,30
71961,91,87,4,4
71962,149,136,13,13
71963,55,62,-7,7
71964,113,106,7,7
71965,72,69,3,3
71966,79,85,-6,6
71967,125,119,6,6
71968,126,107,19,19
71969,156,163,-7,7
71970,69,68,1,1
71971,59,73,-14,14
71972,92,106,-14,14
71973,65,63,2,2
71974,94,89,5,5
71975,76,96,-20,20
71976,145,143,2,2
71977,141,141,0,0
71978,71,76,-5,5
71979,91,84,7,7
71980,56,64,-8,8
71981,107,105,2,2
71982,73,77,-4,4
71983,120,135,-15,15
71984,109,64,45,45
71985,125,115,10,10
71986,80,88,-8,8
71987,55,57,-2,2
71988,92,91,1,1
71989,125,118,7,7
71990,74,77,-3,3
71991,65,75,-10,10
71992,85,83,2,2
71993,41,64,-23,23
71994,73,83,-10,10
71995,133,97,36,36
71996,48,62,-14,14
71997,81,75,6,6
71998,109,107,2,2
71999,98,97,1,1
72000,123,117,6,6
72001,103,108,-5,5
72002,79,80,-1,1
72003,60,66,-6,6
72004,93,90,3,3
72005,162,129,33,33
72006,121,114,7,7
72007,113,119,-6,6
72008,64,85,-21,21
72009,61,71,-10,10
72010,110,99,11,11
72011,106,100,6,6
72012,111,101,10,10
72013,72,75,-3,3
72014,50,57,-7,7
72015,58,56,2,2
72016,112,117,-5,5
72017,86,90,-4,4
72018,77,74,3,3
72019,116,113,3,3
72020,77,70,7,7
72021,156,148,8,8
72022,94,89,5,5
72023,152,137,15,15
72024,153,147,6,6
72025,91,95,-4,4
72026,114,106,8,8
72027,54,57,-3,3
72028,68,67,1,1
72029,108,121,-13,13
72030,144,139,5,5
72031,122,109,13,13
72032,94,100,-6,6
72033,100,94,6,6
72034,63,63,0,0
72035,109,99,10,10
72036,92,91,1,1
72037,104,96,8,8
72038,80,74,6,6
72039,83,75,8,8
72040,115,114,1,1
72041,149,157,-8,8
72042,111,108,3,3
72043,64,68,-4,4
72044,117,103,14,14
72045,68,65,3,3
72046,98,88,10,10
72047,58,57,1,1
72048,109,93,16,16
72049,84,72,12,12
72050,59,61,-2,2
72051,122,102,20,20
72052,67,63,4,4
72053,74,71,3,3
72054,65,74,-9,9
72055,95,87,8,8
72056,90,92,-2,2
72057,71,69,2,2
72058,46,58,-12,12
72059,37,64,-27,27
72060,128,124,4,4
72061,110,105,5,5
72062,98,104,-6,6
72063,55,63,-8,8
72064,118,112,6,6
72065,28,50,-22,22
72066,164,149,15,15
72067,97,95,2,2
72068,149,125,24,24
72069,100,89,11,11
72070,102,111,-9,9
72071,99,105,-6,6
72072,170,151,19,19
72073,124,129,-5,5
72074,109,118,-9,9
72075,146,133,13,13
72076,170,181,-11,11
72077,85,68,17,17
72078,106,92,14,14
72079,96,88,8,8
72080,105,91,14,14
72081,116,95,21,21
72082,61,68,-7,7
72083,114,108,6,6
72084,105,88,17,17
72085,163,162,1,1
72086,50,59,-9,9
72087,141,108,33,33
72088,79,77,2,2
72089,129,123,6,6
72090,82,77,5,5
72091,61,68,-7,7
72092,69,71,-2,2
72093,62,74,-12,12
72094,93,89,4,4
72095,92,90,2,2
72096,91,101,-10,10
72097,45,68,-23,23
72098,167,157,10,10
72099,71,68,3,3
72100,43,59,-16,16
72101,122,118,4,4
72102,73,70,3,3
72103,99,90,9,9
72104,82,81,1,1
72105,119,102,17,17
72106,135,116,19,19
72107,46,60,-14,14
72108,102,97,5,5
72109,66,72,-6,6
72110,159,165,-6,6
72111,93,77,16,16
72112,93,80,13,13
72113,71,78,-7,7
72114,106,82,24,24
72115,99,88,11,11
72116,145,156,-11,11
72117,102,111,-9,9
72118,146,143,3,3
72119,129,119,10,10
72120,105,114,-9,9
72121,119,105,14,14
72122,49,53,-4,4
72123,114,105,9,9
72124,137,128,9,9
72125,84,83,1,1
72126,63,63,0,0
72127,120,104,16,16
72128,63,70,-7,7
72129,153,146,7,7
72130,73,67,6,6
72131,110,94,16,16
72132,178,180,-2,2
72133,73,89,-16,16
72134,80,71,9,9
72135,98,95,3,3
72136,122,122,0,0
72137,122,118,4,4
72138,95,89,6,6
72139,100,99,1,1
72140,107,105,2,2
72141,86,81,5,5
72142,62,59,3,3
72143,77,77,0,0
72144,49,54,-5,5
72145,68,63,5,5
72146,25,65,-40,40
72147,83,76,7,7
72148,54,59,-5,5
72149,122,122,0,0
72150,115,120,-5,5
72151,92,83,9,9
72152,120,129,-9,9
72153,161,153,8,8
72154,100,89,11,11
72155,127,125,2,2
72156,56,66,-10,10
72157,120,113,7,7
72158,319,329,-10,10
72159,161,148,13,13
72160,120,101,19,19
72161,119,106,13,13
72162,119,97,22,22
72163,155,137,18,18
72164,90,91,-1,1
72165,43,49,-6,6
72166,67,64,3,3
72167,75,70,5,5
72168,86,88,-2,2
72169,107,93,14,14
72170,109,103,6,6
72171,105,100,5,5
72172,120,117,3,3
72173,57,65,-8,8
72174,81,87,-6,6
72175,114,100,14,14
72176,101,92,9,9
72177,104,95,9,9
72178,105,89,16,16
72179,93,92,1,1
72180,117,112,5,5
72181,93,84,9,9
72182,60,67,-7,7
72183,81,67,14,14
72184,96,95,1,1
72185,99,93,6,6
72186,88,79,9,9
72187,113,114,-1,1
72188,91,106,-15,15
72189,142,131,11,11
72190,95,90,5,5
72191,79,83,-4,4
72192,80,88,-8,8
72193,54,78,-24,24
72194,124,115,9,9
72195,86,90,-4,4
72196,154,133,21,21
72197,77,73,4,4
72198,129,105,24,24
72199,196,179,17,17
72200,78,79,-1,1
72201,63,61,2,2
72202,176,168,8,8
72203,102,97,5,5
72204,102,106,-4,4
72205,92,82,10,10
72206,145,140,5,5
72207,64,65,-1,1
72208,100,84,16,16
72209,96,108,-12,12
72210,96,81,15,15
72211,51,63,-12,12
72212,61,80,-19,19
72213,129,121,8,8
72214,196,193,3,3
72215,61,57,4,4
72216,86,74,12,12
72217,69,77,-8,8
72218,121,109,12,12
72219,87,96,-9,9
72220,105,95,10,10
72221,67,85,-18,18
72222,71,81,-10,10
72223,165,161,4,4
72224,132,117,15,15
72225,171,154,17,17
72226,81,69,12,12
72227,142,140,2,2
72228,75,76,-1,1
72229,102,93,9,9
72230,86,86,0,0
72231,136,120,16,16
72232,63,64,-1,1
72233,122,126,-4,4
72234,89,94,-5,5
72235,97,101,-4,4
72236,67,69,-2,2
72237,105,92,13,13
72238,64,74,-10,10
72239,85,96,-11,11
72240,99,94,5,5
72241,80,65,15,15
72242,115,98,17,17
72243,65,67,-2,2
72244,104,100,4,4
72245,115,104,11,11
72246,147,151,-4,4
72247,105,96,9,9
72248,141,132,9,9
72249,163,155,8,8
72250,129,120,9,9
72251,90,94,-4,4
72252,73,68,5,5
72253,101,79,22,22
72254,103,104,-1,1
72255,53,64,-11,11
72256,67,67,0,0
72257,78,74,4,4
72258,75,70,5,5
72259,76,67,9,9
72260,105,97,8,8
72261,103,92,11,11
72262,108,110,-2,2
72263,154,129,25,25
72264,84,87,-3,3
72265,125,118,7,7
72266,71,67,4,4
72267,84,83,1,1
72268,81,79,2,2
72269,95,92,3,3
72270,249,214,35,35
72271,101,93,8,8
72272,69,69,0,0
72273,109,118,-9,9
72274,76,77,-1,1
72275,92,96,-4,4
72276,56,63,-7,7
72277,85,86,-1,1
72278,51,48,3,3
72279,117,92,25,25
72280,74,69,5,5
72281,184,173,11,11
72282,82,88,-6,6
72283,93,97,-4,4
72284,87,72,15,15
72285,56,58,-2,2
72286,65,68,-3,3
72287,95,82,13,13
72288,112,115,-3,3
72289,110,106,4,4
72290,137,133,4,4
72291,73,70,3,3
72292,128,119,9,9
72293,99,89,10,10
72294,133,129,4,4
72295,109,104,5,5
72296,74,84,-10,10
72297,99,85,14,14
72298,23,60,-37,37
72299,87,96,-9,9
72300,175,177,-2,2
72301,71,76,-5,5
72302,64,69,-5,5
72303,74,74,0,0
72304,127,117,10,10
72305,136,144,-8,8
72306,114,114,0,0
72307,143,139,4,4
72308,115,109,6,6
72309,83,84,-1,1
72310,118,115,3,3
72311,64,58,6,6
72312,94,102,-8,8
72313,69,60,9,9
72314,142,141,1,1
72315,75,77,-2,2
72316,58,52,6,6
72317,19,54,-35,35
72318,83,91,-8,8
72319,59,57,2,2
72320,99,99,0,0
72321,69,73,-4,4
72322,95,90,5,5
72323,248,223,25,25
72324,129,119,10,10
72325,45,54,-9,9
72326,129,124,5,5
72327,99,96,3,3
72328,98,93,5,5
72329,115,118,-3,3
72330,136,138,-2,2
72331,111,103,8,8
72332,98,97,1,1
72333,85,89,-4,4
72334,141,144,-3,3
72335,94,106,-12,12
72336,94,84,10,10
72337,112,115,-3,3
72338,107,108,-1,1
72339,127,124,3,3
72340,113,103,10,10
72341,131,111,20,20
72342,69,70,-1,1
72343,51,55,-4,4
72344,148,135,13,13
72345,79,75,4,4
72346,108,104,4,4
72347,105,105,0,0
72348,82,96,-14,14
72349,152,168,-16,16
72350,77,84,-7,7
72351,96,100,-4,4
72352,118,126,-8,8
72353,176,174,2,2
72354,161,171,-10,10
72355,74,71,3,3
72356,89,86,3,3
72357,126,129,-3,3
72358,105,116,-11,11
72359,102,99,3,3
72360,74,75,-1,1
72361,122,118,4,4
72362,80,87,-7,7
72363,75,69,6,6
72364,148,140,8,8
72365,129,121,8,8
72366,68,61,7,7
72367,74,92,-18,18
72368,96,80,16,16
72369,88,82,6,6
72370,53,64,-11,11
72371,79,71,8,8
72372,78,72,6,6
72373,69,75,-6,6
72374,134,117,17,17
72375,77,83,-6,6
72376,144,114,30,30
72377,102,99,3,3
72378,112,125,-13,13
72379,122,108,14,14
72380,87,77,10,10
72381,111,111,0,0
72382,102,88,14,14
72383,73,75,-2,2
72384,86,90,-4,4
72385,74,71,3,3
72386,132,114,18,18
72387,128,136,-8,8
72388,130,123,7,7
72389,62,68,-6,6
72390,44,71,-27,27
72391,78,80,-2,2
72392,95,92,3,3
72393,95,71,24,24
72394,116,114,2,2
72395,80,79,1,1
72396,57,66,-9,9
72397,84,87,-3,3
72398,122,104,18,18
72399,115,116,-1,1
72400,185,159,26,26
72401,144,116,28,28
72402,54,60,-6,6
72403,125,126,-1,1
72404,107,118,-11,11
72405,140,153,-13,13
72406,59,59,0,0
72407,64,69,-5,5
72408,83,74,9,9
72409,56,52,4,4
72410,79,67,12,12
72411,58,60,-2,2
72412,92,88,4,4
72413,138,136,2,2
72414,110,93,17,17
72415,197,182,15,15
72416,102,97,5,5
72417,75,69,6,6
72418,127,126,1,1
72419,95,94,1,1
72420,64,64,0,0
72421,68,75,-7,7
72422,174,163,11,11
72423,61,56,5,5
72424,74,65,9,9
72425,106,105,1,1
72426,60,64,-4,4
72427,73,83,-10,10
72428,92,90,2,2
72429,189,170,19,19
72430,99,93,6,6
72431,147,135,12,12
72432,120,120,0,0
72433,75,79,-4,4
72434,57,59,-2,2
72435,56,51,5,5
72436,73,72,1,1
72437,67,73,-6,6
72438,176,159,17,17
72439,131,126,5,5
72440,101,89,12,12
72441,77,70,7,7
72442,90,113,-23,23
72443,106,106,0,0
72444,120,118,2,2
72445,82,73,9,9
72446,117,114,3,3
72447,57,62,-5,5
72448,57,61,-4,4
72449,104,93,11,11
72450,85,72,13,13
72451,112,113,-1,1
72452,89,88,1,1
72453,88,96,-8,8
72454,87,81,6,6
72455,103,119,-16,16
72456,151,133,18,18
72457,92,92,0,0
72458,98,83,15,15
72459,63,74,-11,11
72460,88,93,-5,5
72461,85,79,6,6
72462,29,38,-9,9
72463,88,91,-3,3
72464,105,103,2,2
72465,108,106,2,2
72466,69,67,2,2
72467,100,98,2,2
72468,67,66,1,1
72469,78,67,11,11
72470,97,103,-6,6
72471,84,68,16,16
72472,57,67,-10,10
72473,124,114,10,10
72474,117,113,4,4
72475,101,87,14,14
72476,104,107,-3,3
72477,97,106,-9,9
72478,69,60,9,9
72479,105,105,0,0
72480,78,93,-15,15
72481,75,75,0,0
72482,67,67,0,0
72483,182,177,5,5
72484,49,64,-15,15
72485,89,97,-8,8
72486,72,72,0,0
72487,97,100,-3,3
72488,72,66,6,6
72489,66,70,-4,4
72490,118,133,-15,15
72491,49,53,-4,4
72492,87,76,11,11
72493,157,135,22,22
72494,63,60,3,3
72495,69,69,0,0
72496,163,182,-19,19
72497,221,218,3,3
72498,60,64,-4,4
72499,97,92,5,5
72500,64,56,8,8
72501,87,92,-5,5
72502,101,97,4,4
72503,96,88,8,8
72504,111,108,3,3
72505,67,67,0,0
72506,112,109,3,3
72507,92,72,20,20
72508,90,96,-6,6
72509,127,136,-9,9
72510,62,58,4,4
72511,82,86,-4,4
72512,131,118,13,13
72513,66,63,3,3
72514,122,123,-1,1
72515,80,93,-13,13
72516,83,84,-1,1
72517,71,75,-4,4
72518,76,72,4,4
72519,130,130,0,0
72520,72,58,14,14
72521,51,60,-9,9
72522,114,114,0,0
72523,62,71,-9,9
72524,46,49,-3,3
72525,58,70,-12,12
72526,84,97,-13,13
72527,69,71,-2,2
72528,59,109,-50,50
72529,65,63,2,2
72530,175,163,12,12
72531,135,130,5,5
72532,106,104,2,2
72533,72,85,-13,13
72534,124,120,4,4
72535,126,121,5,5
72536,120,127,-7,7
72537,92,89,3,3
72538,68,60,8,8
72539,109,101,8,8
72540,74,81,-7,7
72541,61,63,-2,2
72542,96,89,7,7
72543,115,128,-13,13
72544,88,85,3,3
72545,112,106,6,6
72546,182,169,13,13
72547,156,152,4,4
72548,156,162,-6,6
72549,103,79,24,24
72550,89,83,6,6
72551,114,101,13,13
72552,106,94,12,12
72553,85,80,5,5
72554,107,103,4,4
72555,75,66,9,9
72556,84,88,-4,4
72557,120,125,-5,5
72558,95,80,15,15
72559,48,57,-9,9
72560,65,62,3,3
72561,59,69,-10,10
72562,85,78,7,7
72563,125,118,7,7
72564,89,80,9,9
72565,92,86,6,6
72566,131,122,9,9
72567,83,87,-4,4
72568,81,76,5,5
72569,82,72,10,10
72570,66,72,-6,6
72571,126,129,-3,3
72572,167,160,7,7
72573,103,115,-12,12
72574,119,106,13,13
72575,133,133,0,0
72576,138,143,-5,5
72577,136,128,8,8
72578,57,58,-1,1
72579,111,107,4,4
72580,75,67,8,8
72581,64,71,-7,7
72582,111,106,5,5
72583,126,125,1,1
72584,147,138,9,9
72585,188,170,18,18
72586,123,59,64,64
72587,87,98,-11,11
72588,77,78,-1,1
72589,82,86,-4,4
72590,83,84,-1,1
72591,69,78,-9,9
72592,136,131,5,5
72593,53,65,-12,12
72594,81,73,8,8
72595,124,109,15,15
72596,111,100,11,11
72597,120,113,7,7
72598,66,64,2,2
72599,68,66,2,2
72600,147,156,-9,9
72601,193,193,0,0
72602,62,65,-3,3
72603,113,109,4,4
72604,83,90,-7,7
72605,114,120,-6,6
72606,138,133,5,5
72607,63,67,-4,4
72608,153,142,11,11
72609,75,77,-2,2
72610,104,102,2,2
72611,138,137,1,1
72612,86,78,8,8
72613,85,83,2,2
72614,132,137,-5,5
72615,86,79,7,7
72616,60,63,-3,3
72617,119,116,3,3
72618,233,219,14,14
72619,125,131,-6,6
72620,128,124,4,4
72621,135,141,-6,6
72622,92,85,7,7
72623,134,123,11,11
72624,108,103,5,5
72625,154,143,11,11
72626,149,142,7,7
72627,112,100,12,12
72628,117,106,11,11
72629,158,155,3,3
72630,83,80,3,3
72631,92,91,1,1
72632,80,73,7,7
72633,86,90,-4,4
72634,23,55,-32,32
72635,90,84,6,6
72636,129,124,5,5
72637,122,115,7,7
72638,49,57,-8,8
72639,58,62,-4,4
72640,115,102,13,13
72641,92,86,6,6
72642,146,171,-25,25
72643,69,93,-24,24
72644,107,114,-7,7
72645,152,136,16,16
72646,106,119,-13,13
72647,78,75,3,3
72648,122,113,9,9
72649,97,107,-10,10
72650,62,66,-4,4
72651,125,118,7,7
72652,172,158,14,14
72653,73,71,2,2
72654,88,77,11,11
72655,69,80,-11,11
72656,72,60,12,12
72657,87,83,4,4
72658,53,63,-10,10
72659,65,71,-6,6
72660,117,109,8,8
72661,105,112,-7,7
72662,168,164,4,4
72663,83,95,-12,12
72664,65,71,-6,6
72665,108,99,9,9
72666,45,49,-4,4
72667,123,114,9,9
72668,62,70,-8,8
72669,69,74,-5,5
72670,65,61,4,4
72671,88,101,-13,13
72672,70,71,-1,1
72673,115,112,3,3
72674,68,65,3,3
72675,109,95,14,14
72676,117,122,-5,5
72677,68,75,-7,7
72678,93,92,1,1
72679,76,69,7,7
72680,147,130,17,17
72681,124,116,8,8
72682,146,137,9,9
72683,104,108,-4,4
72684,85,80,5,5
72685,107,87,20,20
72686,131,113,18,18
72687,71,71,0,0
72688,78,63,15,15
72689,69,73,-4,4
72690,124,126,-2,2
72691,101,82,19,19
72692,64,55,9,9
72693,69,73,-4,4
72694,60,65,-5,5
72695,97,95,2,2
72696,78,78,0,0
72697,106,136,-30,30
72698,102,105,-3,3
72699,102,95,7,7
72700,135,124,11,11
72701,84,90,-6,6
72702,132,121,11,11
72703,81,70,11,11
72704,55,64,-9,9
72705,80,79,1,1
72706,89,105,-16,16
72707,218,461,-243,243
72708,68,59,9,9
72709,136,115,21,21
72710,78,67,11,11
72711,66,63,3,3
72712,115,111,4,4
72713,102,89,13,13
72714,64,58,6,6
72715,32,44,-12,12
72716,61,63,-2,2
72717,98,96,2,2
72718,87,87,0,0
72719,75,66,9,9
72720,131,120,11,11
72721,82,84,-2,2
72722,102,86,16,16
72723,68,71,-3,3
72724,129,121,8,8
72725,147,145,2,2
72726,54,65,-11,11
72727,95,86,9,9
72728,181,171,10,10
72729,102,98,4,4
72730,49,61,-12,12
72731,100,84,16,16
72732,72,76,-4,4
72733,137,154,-17,17
72734,57,65,-8,8
72735,85,76,9,9
72736,69,70,-1,1
72737,44,52,-8,8
72738,102,100,2,2
72739,140,139,1,1
72740,59,71,-12,12
72741,59,67,-8,8
72742,67,73,-6,6
72743,96,94,2,2
72744,54,51,3,3
72745,81,84,-3,3
72746,154,146,8,8
72747,134,139,-5,5
72748,100,76,24,24
72749,104,95,9,9
72750,92,98,-6,6
72751,63,69,-6,6
72752,115,94,21,21
72753,55,63,-8,8
72754,163,153,10,10
72755,122,121,1,1
72756,106,96,10,10
72757,90,94,-4,4
72758,97,93,4,4
72759,69,71,-2,2
72760,86,85,1,1
72761,87,85,2,2
72762,134,120,14,14
72763,83,96,-13,13
72764,96,94,2,2
72765,75,69,6,6
72766,91,81,10,10
72767,74,71,3,3
72768,105,108,-3,3
72769,109,102,7,7
72770,50,66,-16,16
72771,83,70,13,13
72772,101,98,3,3
72773,98,99,-1,1
72774,78,72,6,6
72775,115,93,22,22
72776,151,150,1,1
72777,50,53,-3,3
72778,111,110,1,1
72779,75,79,-4,4
72780,191,191,0,0
72781,82,80,2,2
72782,133,121,12,12
72783,131,126,5,5
72784,69,81,-12,12
72785,112,103,9,9
72786,52,58,-6,6
72787,109,127,-18,18
72788,82,87,-5,5
72789,106,107,-1,1
72790,36,48,-12,12
72791,84,72,12,12
72792,103,94,9,9
72793,56,61,-5,5
72794,78,76,2,2
72795,69,68,1,1
72796,67,80,-13,13
72797,83,86,-3,3
72798,103,101,2,2
72799,84,86,-2,2
72800,68,70,-2,2
72801,78,74,4,4
72802,118,107,11,11
72803,112,101,11,11
72804,108,106,2,2
72805,113,104,9,9
72806,116,94,22,22
72807,67,68,-1,1
72808,110,122,-12,12
72809,100,87,13,13
72810,111,101,10,10
72811,82,85,-3,3
72812,157,147,10,10
72813,75,74,1,1
72814,102,91,11,11
72815,90,85,5,5
72816,60,65,-5,5
72817,88,80,8,8
72818,96,89,7,7
72819,117,134,-17,17
72820,76,87,-11,11
72821,166,150,16,16
72822,187,157,30,30
72823,73,60,13,13
72824,91,92,-1,1
72825,125,124,1,1
72826,60,58,2,2
72827,91,90,1,1
72828,99,109,-10,10
72829,80,81,-1,1
72830,125,120,5,5
72831,111,113,-2,2
72832,54,54,0,0
72833,192,168,24,24
72834,159,154,5,5
72835,71,74,-3,3
72836,80,73,7,7
72837,58,61,-3,3
72838,78,67,11,11
72839,146,135,11,11
72840,73,63,10,10
72841,178,170,8,8
72842,94,90,4,4
72843,131,131,0,0
72844,70,70,0,0
72845,126,122,4,4
72846,84,79,5,5
72847,80,79,1,1
72848,214,179,35,35
72849,111,107,4,4
72850,134,136,-2,2
72851,89,91,-2,2
72852,124,144,-20,20
72853,112,104,8,8
72854,94,98,-4,4
72855,110,107,3,3
72856,143,141,2,2
72857,70,63,7,7
72858,112,114,-2,2
72859,88,81,7,7
72860,89,74,15,15
72861,78,75,3,3
72862,121,109,12,12
72863,69,69,0,0
72864,82,78,4,4
72865,137,178,-41,41
72866,116,118,-2,2
72867,169,168,1,1
72868,108,95,13,13
72869,62,56,6,6
72870,66,74,-8,8
72871,126,118,8,8
72872,77,70,7,7
72873,170,148,22,22
72874,48,53,-5,5
72875,123,112,11,11
72876,135,129,6,6
72877,128,125,3,3
72878,108,107,1,1
72879,102,88,14,14
72880,89,97,-8,8
72881,68,79,-11,11
72882,83,79,4,4
72883,174,174,0,0
72884,130,117,13,13
72885,176,160,16,16
72886,87,93,-6,6
72887,69,62,7,7
72888,69,79,-10,10
72889,100,87,13,13
72890,164,148,16,16
72891,94,101,-7,7
72892,82,71,11,11
72893,191,185,6,6
72894,99,99,0,0
72895,78,80,-2,2
72896,68,62,6,6
72897,121,106,15,15
72898,128,123,5,5
72899,149,148,1,1
72900,164,156,8,8
72901,74,72,2,2
72902,67,69,-2,2
72903,59,65,-6,6
72904,100,118,-18,18
72905,62,67,-5,5
72906,100,102,-2,2
72907,79,77,2,2
72908,137,155,-18,18
72909,74,83,-9,9
72910,94,89,5,5
72911,119,91,28,28
72912,103,80,23,23
72913,95,94,1,1
72914,60,59,1,1
72915,111,111,0,0
72916,34,52,-18,18
72917,78,78,0,0
72918,97,89,8,8
72919,111,107,4,4
72920,85,82,3,3
72921,149,146,3,3
72922,90,80,10,10
72923,49,58,-9,9
72924,138,129,9,9
72925,69,65,4,4
72926,79,82,-3,3
72927,70,71,-1,1
72928,82,79,3,3
72929,79,73,6,6
72930,85,92,-7,7
72931,89,92,-3,3
72932,67,67,0,0
72933,106,109,-3,3
72934,70,82,-12,12
72935,74,77,-3,3
72936,55,62,-7,7
72937,164,163,1,1
72938,77,77,0,0
72939,57,62,-5,5
72940,97,106,-9,9
72941,136,148,-12,12
72942,83,79,4,4
72943,66,70,-4,4
72944,92,86,6,6
72945,92,94,-2,2
72946,71,73,-2,2
72947,67,88,-21,21
72948,150,134,16,16
72949,69,75,-6,6
72950,132,123,9,9
72951,194,180,14,14
72952,137,129,8,8
72953,68,77,-9,9
72954,90,91,-1,1
72955,113,104,9,9
72956,61,55,6,6
72957,160,145,15,15
72958,149,149,0,0
72959,48,61,-13,13
72960,128,128,0,0
72961,102,91,11,11
72962,95,94,1,1
72963,68,66,2,2
72964,164,149,15,15
72965,92,94,-2,2
72966,100,88,12,12
72967,68,68,0,0
72968,81,75,6,6
72969,87,75,12,12
72970,121,95,26,26
72971,95,97,-2,2
72972,99,90,9,9
72973,59,66,-7,7
72974,140,126,14,14
72975,109,87,22,22
72976,147,138,9,9
72977,84,77,7,7
72978,111,98,13,13
72979,85,85,0,0
72980,63,65,-2,2
72981,64,65,-1,1
72982,75,74,1,1
72983,136,110,26,26
72984,140,143,-3,3
72985,45,49,-4,4
72986,159,154,5,5
72987,110,96,14,14
72988,54,79,-25,25
72989,129,123,6,6
72990,170,184,-14,14
72991,111,108,3,3
72992,72,70,2,2
72993,129,127,2,2
72994,67,71,-4,4
72995,159,153,6,6
72996,60,61,-1,1
72997,91,86,5,5
72998,126,114,12,12
72999,240,204,36,36
73000,113,107,6,6
73001,85,79,6,6
73002,54,53,1,1
73003,68,61,7,7
73004,89,85,4,4
73005,142,127,15,15
73006,146,130,16,16
73007,87,89,-2,2
73008,122,125,-3,3
73009,81,48,33,33
73010,77,78,-1,1
73011,113,101,12,12
73012,182,191,-9,9
73013,111,106,5,5
73014,97,83,14,14
73015,90,79,11,11
73016,149,136,13,13
73017,62,81,-19,19
73018,121,120,1,1
73019,90,84,6,6
73020,64,64,0,0
73021,158,147,11,11
73022,89,83,6,6
73023,93,90,3,3
73024,82,80,2,2
73025,80,82,-2,2
73026,231,233,-2,2
73027,52,56,-4,4
73028,185,165,20,20
73029,125,129,-4,4
73030,116,108,8,8
73031,70,74,-4,4
73032,92,83,9,9
73033,135,143,-8,8
73034,83,86,-3,3
73035,78,67,11,11
73036,89,71,18,18
73037,98,91,7,7
73038,74,79,-5,5
73039,117,105,12,12
73040,65,212,-147,147
73041,80,85,-5,5
73042,82,77,5,5
73043,144,149,-5,5
73044,64,64,0,0
73045,144,142,2,2
73046,46,67,-21,21
73047,29,46,-17,17
73048,81,79,2,2
73049,115,116,-1,1
73050,99,90,9,9
73051,80,77,3,3
73052,111,103,8,8
73053,113,113,0,0
73054,119,98,21,21
73055,49,61,-12,12
73056,128,126,2,2
73057,168,161,7,7
73058,52,51,1,1
73059,115,106,9,9
73060,230,207,23,23
73061,113,128,-15,15
73062,66,64,2,2
73063,102,105,-3,3
73064,52,55,-3,3
73065,94,84,10,10
73066,69,68,1,1
73067,146,158,-12,12
73068,130,122,8,8
73069,82,70,12,12
73070,51,54,-3,3
73071,114,116,-2,2
73072,58,69,-11,11
73073,70,68,2,2
73074,74,72,2,2
73075,75,72,3,3
73076,54,57,-3,3
73077,134,140,-6,6
73078,46,57,-11,11
73079,79,62,17,17
73080,66,74,-8,8
73081,114,114,0,0
73082,76,79,-3,3
73083,149,148,1,1
73084,126,116,10,10
73085,91,88,3,3
73086,56,54,2,2
73087,131,125,6,6
73088,119,134,-15,15
73089,119,114,5,5
73090,124,117,7,7
73091,142,146,-4,4
73092,215,208,7,7
73093,59,56,3,3
73094,60,73,-13,13
73095,76,82,-6,6
73096,54,60,-6,6
73097,78,83,-5,5
73098,133,137,-4,4
73099,56,53,3,3
73100,79,82,-3,3
73101,74,68,6,6
73102,55,65,-10,10
73103,62,67,-5,5
73104,47,59,-12,12
73105,112,115,-3,3
73106,112,97,15,15
73107,122,118,4,4
73108,104,100,4,4
73109,81,94,-13,13
73110,76,88,-12,12
73111,61,62,-1,1
73112,230,188,42,42
73113,87,82,5,5
73114,94,85,9,9
73115,83,78,5,5
73116,154,126,28,28
73117,140,131,9,9
73118,81,84,-3,3
73119,78,79,-1,1
73120,112,101,11,11
73121,133,116,17,17
73122,72,68,4,4
73123,150,118,32,32
73124,133,137,-4,4
73125,74,70,4,4
73126,122,113,9,9
73127,90,85,5,5
73128,69,68,1,1
73129,75,76,-1,1
73130,50,55,-5,5
73131,135,130,5,5
73132,126,119,7,7
73133,68,78,-10,10
73134,88,82,6,6
73135,78,83,-5,5
73136,55,57,-2,2
73137,94,93,1,1
73138,57,56,1,1
73139,70,76,-6,6
73140,150,141,9,9
73141,67,68,-1,1
73142,78,76,2,2
73143,82,73,9,9
73144,123,133,-10,10
73145,75,75,0,0
73146,151,147,4,4
73147,79,81,-2,2
73148,116,104,12,12
73149,89,85,4,4
73150,143,136,7,7
73151,94,92,2,2
73152,94,94,0,0
73153,81,85,-4,4
73154,77,73,4,4
73155,85,78,7,7
73156,104,110,-6,6
73157,58,60,-2,2
73158,76,78,-2,2
73159,72,69,3,3
73160,90,72,18,18
73161,126,134,-8,8
73162,81,79,2,2
73163,113,107,6,6
73164,72,76,-4,4
73165,111,109,2,2
73166,94,89,5,5
73167,77,70,7,7
73168,76,67,9,9
73169,91,85,6,6
73170,84,83,1,1
73171,50,58,-8,8
73172,111,112,-1,1
73173,160,150,10,10
73174,90,79,11,11
73175,165,185,-20,20
73176,153,133,20,20
73177,38,59,-21,21
73178,76,87,-11,11
73179,73,77,-4,4
73180,99,100,-1,1
73181,64,56,8,8
73182,148,128,20,20
73183,146,145,1,1
73184,86,86,0,0
73185,70,66,4,4
73186,74,68,6,6
73187,102,97,5,5
73188,76,68,8,8
73189,115,109,6,6
73190,111,104,7,7
73191,67,77,-10,10
73192,120,117,3,3
73193,72,68,4,4
73194,93,85,8,8
73195,256,272,-16,16
73196,157,152,5,5
73197,70,72,-2,2
73198,95,94,1,1
73199,99,97,2,2
73200,94,98,-4,4
73201,81,68,13,13
73202,102,90,12,12
73203,107,103,4,4
73204,137,123,14,14
73205,91,91,0,0
73206,90,90,0,0
73207,68,68,0,0
73208,59,54,5,5
73209,86,88,-2,2
73210,118,126,-8,8
73211,197,206,-9,9
73212,55,56,-1,1
73213,82,71,11,11
73214,96,89,7,7
73215,88,86,2,2
73216,72,81,-9,9
73217,56,88,-32,32
73218,110,102,8,8
73219,75,74,1,1
73220,107,114,-7,7
73221,100,104,-4,4
73222,137,130,7,7
73223,76,82,-6,6
73224,174,174,0,0
73225,101,95,6,6
73226,85,84,1,1
73227,53,61,-8,8
73228,108,101,7,7
73229,82,77,5,5
73230,84,85,-1,1
73231,92,101,-9,9
73232,125,139,-14,14
73233,93,106,-13,13
73234,54,59,-5,5
73235,113,99,14,14
73236,196,205,-9,9
73237,71,69,2,2
73238,75,79,-4,4
73239,46,57,-11,11
73240,107,110,-3,3
73241,82,80,2,2
73242,88,101,-13,13
73243,57,61,-4,4
73244,153,144,9,9
73245,131,139,-8,8
73246,111,125,-14,14
73247,136,124,12,12
73248,58,66,-8,8
73249,85,78,7,7
73250,98,85,13,13
73251,80,83,-3,3
73252,82,89,-7,7
73253,74,63,11,11
73254,135,123,12,12
73255,88,82,6,6
73256,27,44,-17,17
73257,60,60,0,0
73258,82,74,8,8
73259,176,178,-2,2
73260,163,142,21,21
73261,130,134,-4,4
73262,120,112,8,8
73263,143,110,33,33
73264,138,141,-3,3
73265,88,82,6,6
73266,125,118,7,7
73267,81,79,2,2
73268,56,51,5,5
73269,70,74,-4,4
73270,59,67,-8,8
73271,117,127,-10,10
73272,35,57,-22,22
73273,115,100,15,15
73274,59,61,-2,2
73275,88,84,4,4
73276,124,128,-4,4
73277,110,93,17,17
73278,118,107,11,11
73279,103,92,11,11
73280,121,123,-2,2
73281,78,78,0,0
73282,69,70,-1,1
73283,129,118,11,11
73284,75,67,8,8
73285,54,52,2,2
73286,185,166,19,19
73287,105,94,11,11
73288,65,68,-3,3
73289,145,130,15,15
73290,134,127,7,7
73291,102,93,9,9
73292,75,74,1,1
73293,106,92,14,14
73294,122,117,5,5
73295,42,63,-21,21
73296,144,152,-8,8
73297,104,97,7,7
73298,117,103,14,14
73299,69,68,1,1
73300,63,85,-22,22
73301,184,153,31,31
73302,96,105,-9,9
73303,86,83,3,3
73304,98,100,-2,2
73305,78,80,-2,2
73306,91,82,9,9
73307,53,55,-2,2
73308,79,70,9,9
73309,141,124,17,17
73310,82,79,3,3
73311,49,51,-2,2
73312,109,100,9,9
73313,61,61,0,0
73314,90,96,-6,6
73315,61,63,-2,2
73316,94,106,-12,12
73317,134,133,1,1
73318,65,67,-2,2
73319,136,125,11,11
73320,164,164,0,0
73321,98,102,-4,4
73322,83,81,2,2
73323,40,55,-15,15
73324,67,78,-11,11
73325,90,85,5,5
73326,62,64,-2,2
73327,60,56,4,4
73328,115,102,13,13
73329,135,141,-6,6
73330,75,73,2,2
73331,35,58,-23,23
73332,94,99,-5,5
73333,113,107,6,6
73334,133,129,4,4
73335,103,82,21,21
73336,108,92,16,16
73337,65,66,-1,1
73338,67,58,9,9
73339,121,111,10,10
73340,89,104,-15,15
73341,69,66,3,3
73342,128,121,7,7
73343,99,85,14,14
73344,100,100,0,0
73345,88,72,16,16
73346,160,143,17,17
73347,94,85,9,9
73348,111,109,2,2
73349,83,72,11,11
73350,51,56,-5,5
73351,126,110,16,16
73352,150,132,18,18
73353,57,56,1,1
73354,63,69,-6,6
73355,112,112,0,0
73356,196,204,-8,8
73357,71,67,4,4
73358,152,142,10,10
73359,87,87,0,0
73360,59,63,-4,4
73361,144,145,-1,1
73362,122,109,13,13
73363,61,63,-2,2
73364,99,106,-7,7
73365,74,55,19,19
73366,68,72,-4,4
73367,92,96,-4,4
73368,147,142,5,5
73369,114,105,9,9
73370,64,72,-8,8
73371,92,83,9,9
73372,85,71,14,14
73373,100,90,10,10
73374,142,132,10,10
73375,34,56,-22,22
73376,107,92,15,15
73377,110,94,16,16
73378,154,150,4,4
73379,69,74,-5,5
73380,91,102,-11,11
73381,124,110,14,14
73382,71,66,5,5
73383,61,56,5,5
73384,110,103,7,7
73385,86,81,5,5
73386,143,144,-1,1
73387,65,65,0,0
73388,82,68,14,14
73389,90,95,-5,5
73390,156,166,-10,10
73391,177,166,11,11
73392,108,118,-10,10
73393,100,112,-12,12
73394,60,68,-8,8
73395,81,89,-8,8
73396,99,93,6,6
73397,63,81,-18,18
73398,87,92,-5,5
73399,53,66,-13,13
73400,47,57,-10,10
73401,65,67,-2,2
73402,79,71,8,8
73403,65,64,1,1
73404,99,96,3,3
73405,61,59,2,2
73406,101,110,-9,9
73407,75,70,5,5
73408,99,98,1,1
73409,84,66,18,18
73410,130,116,14,14
73411,147,136,11,11
73412,103,106,-3,3
73413,48,59,-11,11
73414,88,84,4,4
73415,115,111,4,4
73416,81,81,0,0
73417,69,77,-8,8
73418,144,147,-3,3
73419,103,87,16,16
73420,84,82,2,2
73421,175,186,-11,11
73422,133,117,16,16
73423,88,92,-4,4
73424,112,113,-1,1
73425,98,96,2,2
73426,79,71,8,8
73427,65,65,0,0
73428,75,90,-15,15
73429,101,102,-1,1
73430,44,57,-13,13
73431,89,80,9,9
73432,107,106,1,1
73433,85,88,-3,3
73434,42,53,-11,11
73435,86,83,3,3
73436,92,85,7,7
73437,70,78,-8,8
73438,79,81,-2,2
73439,39,63,-24,24
73440,90,88,2,2
73441,126,109,17,17
73442,116,111,5,5
73443,69,78,-9,9
73444,51,59,-8,8
73445,107,98,9,9
73446,88,75,13,13
73447,104,96,8,8
73448,81,71,10,10
73449,78,71,7,7
73450,87,83,4,4
73451,63,80,-17,17
73452,92,85,7,7
73453,125,130,-5,5
73454,113,106,7,7
73455,50,58,-8,8
73456,71,79,-8,8
73457,78,77,1,1
73458,65,68,-3,3
73459,145,143,2,2
73460,64,59,5,5
73461,83,79,4,4
73462,162,143,19,19
73463,84,86,-2,2
73464,149,147,2,2
73465,68,62,6,6
73466,84,80,4,4
73467,74,67,7,7
73468,106,102,4,4
73469,87,94,-7,7
73470,102,115,-13,13
73471,142,123,19,19
73472,159,144,15,15
73473,49,58,-9,9
73474,133,138,-5,5
73475,89,83,6,6
73476,47,56,-9,9
73477,111,120,-9,9
73478,79,72,7,7
73479,108,113,-5,5
73480,58,63,-5,5
73481,111,112,-1,1
73482,46,73,-27,27
73483,69,58,11,11
73484,144,145,-1,1
73485,122,122,0,0
73486,114,113,1,1
73487,60,62,-2,2
73488,75,73,2,2
73489,79,76,3,3
73490,97,90,7,7
73491,177,197,-20,20
73492,111,95,16,16
73493,35,55,-20,20
73494,133,119,14,14
73495,58,70,-12,12
73496,114,94,20,20
73497,80,83,-3,3
73498,133,114,19,19
73499,116,115,1,1
73500,88,61,27,27
73501,126,107,19,19
73502,135,116,19,19
73503,85,84,1,1
73504,154,158,-4,4
73505,118,110,8,8
73506,92,84,8,8
73507,146,151,-5,5
73508,63,59,4,4
73509,77,64,13,13
73510,113,109,4,4
73511,110,165,-55,55
73512,63,68,-5,5
73513,78,56,22,22
73514,130,119,11,11
73515,64,66,-2,2
73516,81,85,-4,4
73517,75,64,11,11
73518,41,57,-16,16
73519,139,127,12,12
73520,60,61,-1,1
73521,81,77,4,4
73522,108,94,14,14
73523,102,86,16,16
73524,63,59,4,4
73525,111,110,1,1
73526,42,57,-15,15
73527,93,88,5,5
73528,106,99,7,7
73529,92,82,10,10
73530,87,82,5,5
73531,100,100,0,0
73532,73,76,-3,3
73533,65,58,7,7
73534,84,86,-2,2
73535,158,160,-2,2
73536,73,64,9,9
73537,116,129,-13,13
73538,79,82,-3,3
73539,114,111,3,3
73540,108,108,0,0
73541,89,89,0,0
73542,65,64,1,1
73543,123,119,4,4
73544,70,72,-2,2
73545,58,59,-1,1
73546,61,62,-1,1
73547,118,126,-8,8
73548,91,92,-1,1
73549,82,88,-6,6
73550,42,58,-16,16
73551,43,51,-8,8
73552,144,124,20,20
73553,60,75,-15,15
73554,29,48,-19,19
73555,111,86,25,25
73556,69,68,1,1
73557,192,187,5,5
73558,88,99,-11,11
73559,64,65,-1,1
73560,131,122,9,9
73561,107,117,-10,10
73562,95,102,-7,7
73563,70,78,-8,8
73564,51,56,-5,5
73565,195,188,7,7
73566,77,76,1,1
73567,117,121,-4,4
73568,87,79,8,8
73569,46,55,-9,9
73570,71,72,-1,1
73571,65,63,2,2
73572,171,181,-10,10
73573,106,101,5,5
73574,82,79,3,3
73575,130,119,11,11
73576,58,59,-1,1
73577,105,108,-3,3
73578,121,107,14,14
73579,148,159,-11,11
73580,87,81,6,6
73581,98,95,3,3
73582,74,82,-8,8
73583,138,140,-2,2
73584,95,98,-3,3
73585,104,103,1,1
73586,64,63,1,1
73587,74,74,0,0
73588,126,101,25,25
73589,93,87,6,6
73590,80,76,4,4
73591,62,64,-2,2
73592,56,61,-5,5
73593,91,96,-5,5
73594,202,200,2,2
73595,97,104,-7,7
73596,109,111,-2,2
73597,62,67,-5,5
73598,156,158,-2,2
73599,62,59,3,3
73600,156,161,-5,5
73601,60,60,0,0
73602,67,69,-2,2
73603,109,108,1,1
73604,129,121,8,8
73605,126,115,11,11
73606,141,130,11,11
73607,117,101,16,16
73608,167,173,-6,6
73609,123,132,-9,9
73610,127,110,17,17
73611,70,63,7,7
73612,67,71,-4,4
73613,93,91,2,2
73614,79,69,10,10
73615,80,75,5,5
73616,81,80,1,1
73617,77,80,-3,3
73618,57,67,-10,10
73619,125,138,-13,13
73620,137,121,16,16
73621,98,92,6,6
73622,76,70,6,6
73623,99,84,15,15
73624,88,87,1,1
73625,71,59,12,12
73626,85,80,5,5
73627,93,95,-2,2
73628,112,96,16,16
73629,63,62,1,1
73630,79,88,-9,9
73631,90,90,0,0
73632,71,69,2,2
73633,67,91,-24,24
73634,147,124,23,23
73635,57,69,-12,12
73636,61,62,-1,1
73637,100,88,12,12
73638,79,67,12,12
73639,136,115,21,21
73640,88,82,6,6
73641,67,68,-1,1
73642,173,154,19,19
73643,111,95,16,16
73644,96,81,15,15
73645,91,76,15,15
73646,90,78,12,12
73647,93,94,-1,1
73648,99,96,3,3
73649,57,68,-11,11
73650,71,65,6,6
73651,165,161,4,4
73652,91,101,-10,10
73653,59,59,0,0
73654,103,97,6,6
73655,72,73,-1,1
73656,95,102,-7,7
73657,86,71,15,15
73658,142,112,30,30
73659,92,88,4,4
73660,86,91,-5,5
73661,143,140,3,3
73662,37,59,-22,22
73663,66,65,1,1
73664,121,117,4,4
73665,89,104,-15,15
73666,54,62,-8,8
73667,64,58,6,6
73668,48,55,-7,7
73669,33,48,-15,15
73670,154,141,13,13
73671,55,62,-7,7
73672,85,86,-1,1
73673,68,72,-4,4
73674,88,84,4,4
73675,61,56,5,5
73676,123,115,8,8
73677,98,103,-5,5
73678,161,154,7,7
73679,53,64,-11,11
73680,68,68,0,0
73681,131,127,4,4
73682,100,100,0,0
73683,64,61,3,3
73684,109,113,-4,4
73685,87,83,4,4
73686,78,72,6,6
73687,56,68,-12,12
73688,96,87,9,9
73689,104,91,13,13
73690,94,88,6,6
73691,66,73,-7,7
73692,106,95,11,11
73693,132,146,-14,14
73694,142,120,22,22
73695,112,122,-10,10
73696,104,75,29,29
73697,129,134,-5,5
73698,107,99,8,8
73699,137,151,-14,14
73700,81,78,3,3
73701,57,65,-8,8
73702,126,115,11,11
73703,57,60,-3,3
73704,141,128,13,13
73705,94,82,12,12
73706,56,59,-3,3
73707,100,90,10,10
73708,65,72,-7,7
73709,153,150,3,3
73710,106,110,-4,4
73711,65,72,-7,7
73712,89,89,0,0
73713,69,60,9,9
73714,172,169,3,3
73715,74,75,-1,1
73716,55,63,-8,8
73717,95,87,8,8
73718,80,78,2,2
73719,72,63,9,9
73720,69,70,-1,1
73721,77,85,-8,8
73722,136,125,11,11
73723,60,68,-8,8
73724,106,98,8,8
73725,98,83,15,15
73726,113,110,3,3
73727,66,76,-10,10
73728,117,112,5,5
73729,75,74,1,1
73730,123,116,7,7
73731,54,55,-1,1
73732,157,171,-14,14
73733,100,92,8,8
73734,74,74,0,0
73735,61,65,-4,4
73736,72,70,2,2
73737,81,76,5,5
73738,138,140,-2,2
73739,137,143,-6,6
73740,163,142,21,21
73741,65,66,-1,1
73742,130,125,5,5
73743,68,65,3,3
73744,97,93,4,4
73745,167,144,23,23
73746,93,74,19,19
73747,63,62,1,1
73748,91,80,11,11
73749,174,163,11,11
73750,138,124,14,14
73751,75,77,-2,2
73752,129,136,-7,7
73753,116,105,11,11
73754,47,61,-14,14
73755,116,101,15,15
73756,103,91,12,12
73757,112,92,20,20
73758,133,120,13,13
73759,55,65,-10,10
73760,75,67,8,8
73761,53,59,-6,6
73762,88,94,-6,6
73763,132,128,4,4
73764,35,46,-11,11
73765,45,57,-12,12
73766,67,75,-8,8
73767,124,117,7,7
73768,148,147,1,1
73769,138,123,15,15
73770,98,93,5,5
73771,81,84,-3,3
73772,54,59,-5,5
73773,35,57,-22,22
73774,69,67,2,2
73775,66,70,-4,4
73776,116,109,7,7
73777,86,85,1,1
73778,95,97,-2,2
73779,95,98,-3,3
73780,61,59,2,2
73781,79,73,6,6
73782,74,90,-16,16
73783,117,119,-2,2
73784,63,65,-2,2
73785,138,117,21,21
73786,125,129,-4,4
73787,95,85,10,10
73788,66,60,6,6
73789,53,60,-7,7
73790,83,74,9,9
73791,60,62,-2,2
73792,52,58,-6,6
73793,55,55,0,0
73794,100,104,-4,4
73795,91,98,-7,7
73796,87,90,-3,3
73797,63,64,-1,1
73798,122,95,27,27
73799,75,69,6,6
73800,57,66,-9,9
73801,55,54,1,1
73802,110,101,9,9
73803,88,96,-8,8
73804,155,164,-9,9
73805,96,103,-7,7
73806,81,67,14,14
73807,102,91,11,11
73808,141,127,14,14
73809,105,100,5,5
73810,68,76,-8,8
73811,80,78,2,2
73812,94,107,-13,13
73813,60,65,-5,5
73814,107,92,15,15
73815,112,103,9,9
73816,92,89,3,3
73817,86,72,14,14
73818,131,108,23,23
73819,62,65,-3,3
73820,146,148,-2,2
73821,67,78,-11,11
73822,77,86,-9,9
73823,101,105,-4,4
73824,80,82,-2,2
73825,97,91,6,6
73826,140,134,6,6
73827,128,139,-11,11
73828,108,100,8,8
73829,91,88,3,3
73830,91,91,0,0
73831,87,78,9,9
73832,151,134,17,17
73833,91,92,-1,1
73834,161,143,18,18
73835,60,74,-14,14
73836,135,129,6,6
73837,73,85,-12,12
73838,88,94,-6,6
73839,71,66,5,5
73840,80,83,-3,3
73841,50,66,-16,16
73842,106,92,14,14
73843,66,65,1,1
73844,90,91,-1,1
73845,122,111,11,11
73846,99,93,6,6
73847,73,74,-1,1
73848,60,64,-4,4
73849,63,64,-1,1
73850,105,116,-11,11
73851,34,47,-13,13
73852,74,84,-10,10
73853,122,123,-1,1
73854,123,108,15,15
73855,66,57,9,9
73856,122,115,7,7
73857,114,100,14,14
73858,165,161,4,4
73859,139,155,-16,16
73860,58,52,6,6
73861,70,68,2,2
73862,71,64,7,7
73863,158,175,-17,17
73864,66,59,7,7
73865,166,137,29,29
73866,129,134,-5,5
73867,91,85,6,6
73868,109,132,-23,23
73869,118,127,-9,9
73870,90,83,7,7
73871,125,113,12,12
73872,94,86,8,8
73873,107,90,17,17
73874,144,119,25,25
73875,83,80,3,3
73876,71,72,-1,1
73877,93,82,11,11
73878,103,96,7,7
73879,78,70,8,8
73880,33,78,-45,45
73881,44,70,-26,26
73882,129,111,18,18
73883,210,202,8,8
73884,98,78,20,20
73885,60,73,-13,13
73886,110,99,11,11
73887,56,70,-14,14
73888,149,142,7,7
73889,86,89,-3,3
73890,101,100,1,1
73891,80,64,16,16
73892,96,91,5,5
73893,66,76,-10,10
73894,73,86,-13,13
73895,87,72,15,15
73896,73,63,10,10
73897,96,91,5,5
73898,36,51,-15,15
73899,171,200,-29,29
73900,125,127,-2,2
73901,82,80,2,2
73902,79,80,-1,1
73903,148,138,10,10
73904,137,132,5,5
73905,82,75,7,7
73906,72,91,-19,19
73907,57,60,-3,3
73908,162,150,12,12
73909,148,129,19,19
73910,82,81,1,1
73911,76,62,14,14
73912,72,64,8,8
73913,42,56,-14,14
73914,102,98,4,4
73915,61,67,-6,6
73916,107,106,1,1
73917,72,63,9,9
73918,117,123,-6,6
73919,70,75,-5,5
73920,60,60,0,0
73921,110,90,20,20
73922,94,92,2,2
73923,121,127,-6,6
73924,102,101,1,1
73925,61,65,-4,4
73926,69,70,-1,1
73927,51,59,-8,8
73928,113,118,-5,5
73929,148,174,-26,26
73930,129,98,31,31
73931,60,67,-7,7
73932,82,97,-15,15
73933,149,148,1,1
73934,64,63,1,1
73935,95,88,7,7
73936,105,89,16,16
73937,129,123,6,6
73938,140,128,12,12
73939,143,143,0,0
73940,67,67,0,0
73941,81,79,2,2
73942,131,117,14,14
73943,61,64,-3,3
73944,95,86,9,9
73945,121,117,4,4
73946,96,85,11,11
73947,159,143,16,16
73948,51,52,-1,1
73949,72,71,1,1
73950,83,78,5,5
73951,114,111,3,3
73952,90,90,0,0
73953,72,66,6,6
73954,88,88,0,0
73955,149,144,5,5
73956,69,61,8,8
73957,67,65,2,2
73958,65,68,-3,3
73959,119,127,-8,8
73960,146,136,10,10
73961,75,80,-5,5
73962,175,153,22,22
73963,109,110,-1,1
73964,80,76,4,4
73965,99,89,10,10
73966,137,127,10,10
73967,77,93,-16,16
73968,44,72,-28,28
73969,96,87,9,9
73970,55,66,-11,11
73971,113,103,10,10
73972,108,107,1,1
73973,55,61,-6,6
73974,138,120,18,18
73975,74,72,2,2
73976,69,70,-1,1
73977,131,130,1,1
73978,129,167,-38,38
73979,103,91,12,12
73980,50,55,-5,5
73981,90,92,-2,2
73982,42,47,-5,5
73983,140,164,-24,24
73984,76,101,-25,25
73985,113,104,9,9
73986,43,62,-19,19
73987,73,80,-7,7
73988,116,115,1,1
73989,112,121,-9,9
73990,126,124,2,2
73991,98,99,-1,1
73992,83,88,-5,5
73993,51,45,6,6
73994,73,88,-15,15
73995,220,180,40,40
73996,72,86,-14,14
73997,63,69,-6,6
73998,107,110,-3,3
73999,90,89,1,1
74000,50,63,-13,13
74001,100,96,4,4
74002,126,115,11,11
74003,73,66,7,7
74004,88,90,-2,2
74005,65,74,-9,9
74006,73,58,15,15
74007,83,86,-3,3
74008,118,126,-8,8
74009,77,75,2,2
74010,175,171,4,4
74011,101,90,11,11
74012,72,62,10,10
74013,84,85,-1,1
74014,320,443,-123,123
74015,86,102,-16,16
74016,48,60,-12,12
74017,82,70,12,12
74018,111,97,14,14
74019,83,83,0,0
74020,105,107,-2,2
74021,87,93,-6,6
74022,92,84,8,8
74023,106,101,5,5
74024,179,188,-9,9
74025,123,105,18,18
74026,68,79,-11,11
74027,52,71,-19,19
74028,155,135,20,20
74029,97,103,-6,6
74030,78,76,2,2
74031,52,59,-7,7
74032,62,71,-9,9
74033,92,93,-1,1
74034,113,106,7,7
74035,141,132,9,9
74036,66,64,2,2
74037,97,83,14,14
74038,80,100,-20,20
74039,71,84,-13,13
74040,117,111,6,6
74041,202,184,18,18
74042,89,83,6,6
74043,65,67,-2,2
74044,83,83,0,0
74045,151,135,16,16
74046,68,63,5,5
74047,84,79,5,5
74048,114,102,12,12
74049,67,69,-2,2
74050,48,53,-5,5
74051,108,106,2,2
74052,159,135,24,24
74053,84,83,1,1
74054,153,146,7,7
74055,52,71,-19,19
74056,159,156,3,3
74057,118,120,-2,2
74058,83,91,-8,8
74059,50,58,-8,8
74060,125,121,4,4
74061,41,86,-45,45
74062,62,72,-10,10
74063,85,80,5,5
74064,133,138,-5,5
74065,129,119,10,10
74066,97,89,8,8
74067,102,101,1,1
74068,23,45,-22,22
74069,74,76,-2,2
74070,41,56,-15,15
74071,108,109,-1,1
74072,104,101,3,3
74073,108,94,14,14
74074,97,89,8,8
74075,74,78,-4,4
74076,94,98,-4,4
74077,78,66,12,12
74078,117,120,-3,3
74079,119,122,-3,3
74080,60,64,-4,4
74081,86,74,12,12
74082,84,84,0,0
74083,72,77,-5,5
74084,93,91,2,2
74085,72,64,8,8
74086,156,138,18,18
74087,73,72,1,1
74088,108,116,-8,8
74089,126,134,-8,8
74090,93,98,-5,5
74091,79,70,9,9
74092,181,158,23,23
74093,83,76,7,7
74094,119,119,0,0
74095,71,70,1,1
74096,77,62,15,15
74097,104,113,-9,9
74098,72,76,-4,4
74099,68,66,2,2
74100,98,100,-2,2
74101,57,78,-21,21
74102,80,102,-22,22
74103,73,72,1,1
74104,191,185,6,6
74105,100,91,9,9
74106,132,115,17,17
74107,40,50,-10,10
74108,54,62,-8,8
74109,154,155,-1,1
74110,139,135,4,4
74111,107,99,8,8
74112,128,120,8,8
74113,133,135,-2,2
74114,83,78,5,5
74115,63,74,-11,11
74116,81,69,12,12
74117,163,150,13,13
74118,109,106,3,3
74119,63,63,0,0
74120,90,82,8,8
74121,81,92,-11,11
74122,66,61,5,5
74123,120,124,-4,4
74124,89,73,16,16
74125,67,64,3,3
74126,85,71,14,14
74127,78,76,2,2
74128,75,76,-1,1
74129,198,181,17,17
74130,92,85,7,7
74131,118,105,13,13
74132,57,65,-8,8
74133,155,152,3,3
74134,86,81,5,5
74135,67,61,6,6
74136,178,152,26,26
74137,68,74,-6,6
74138,85,81,4,4
74139,79,80,-1,1
74140,93,87,6,6
74141,50,58,-8,8
74142,58,64,-6,6
74143,104,106,-2,2
74144,100,90,10,10
74145,201,179,22,22
74146,105,113,-8,8
74147,105,109,-4,4
74148,90,90,0,0
74149,68,70,-2,2
74150,74,79,-5,5
74151,60,58,2,2
74152,59,55,4,4
74153,97,102,-5,5
74154,87,81,6,6
74155,55,57,-2,2
74156,111,105,6,6
74157,119,100,19,19
74158,115,112,3,3
74159,59,67,-8,8
74160,61,61,0,0
74161,30,49,-19,19
74162,96,88,8,8
74163,131,105,26,26
74164,183,184,-1,1
74165,161,163,-2,2
74166,146,151,-5,5
74167,200,193,7,7
74168,100,99,1,1
74169,114,109,5,5
74170,108,98,10,10
74171,73,65,8,8
74172,75,67,8,8
74173,72,70,2,2
74174,143,158,-15,15
74175,101,85,16,16
74176,66,71,-5,5
74177,164,137,27,27
74178,85,89,-4,4
74179,88,78,10,10
74180,98,100,-2,2
74181,54,85,-31,31
74182,95,86,9,9
74183,64,64,0,0
74184,144,129,15,15
74185,105,99,6,6
74186,102,107,-5,5
74187,114,93,21,21
74188,54,52,2,2
74189,112,99,13,13
74190,181,160,21,21
74191,110,104,6,6
74192,75,66,9,9
74193,51,57,-6,6
74194,98,89,9,9
74195,85,87,-2,2
74196,54,55,-1,1
74197,57,57,0,0
74198,77,87,-10,10
74199,66,76,-10,10
74200,84,69,15,15
74201,102,99,3,3
74202,124,130,-6,6
74203,129,119,10,10
74204,195,203,-8,8
74205,111,105,6,6
74206,109,113,-4,4
74207,68,62,6,6
74208,57,57,0,0
74209,76,90,-14,14
74210,99,92,7,7
74211,78,80,-2,2
74212,124,118,6,6
74213,83,77,6,6
74214,82,77,5,5
74215,73,77,-4,4
74216,66,70,-4,4
74217,102,96,6,6
74218,107,118,-11,11
74219,101,97,4,4
74220,119,129,-10,10
74221,120,122,-2,2
74222,69,73,-4,4
74223,80,99,-19,19
74224,113,110,3,3
74225,63,62,1,1
74226,94,91,3,3
74227,146,144,2,2
74228,109,106,3,3
74229,117,104,13,13
74230,66,61,5,5
74231,151,123,28,28
74232,60,56,4,4
74233,146,168,-22,22
74234,135,138,-3,3
74235,90,76,14,14
74236,48,68,-20,20
74237,71,66,5,5
74238,155,155,0,0
74239,86,81,5,5
74240,111,127,-16,16
74241,96,87,9,9
74242,137,147,-10,10
74243,81,85,-4,4
74244,60,67,-7,7
74245,83,87,-4,4
74246,106,101,5,5
74247,67,70,-3,3
74248,52,54,-2,2
74249,104,99,5,5
74250,73,77,-4,4
74251,87,64,23,23
74252,148,147,1,1
74253,77,71,6,6
74254,92,82,10,10
74255,201,190,11,11
74256,50,65,-15,15
74257,149,140,9,9
74258,150,113,37,37
74259,89,97,-8,8
74260,131,132,-1,1
74261,73,66,7,7
74262,83,94,-11,11
74263,155,146,9,9
74264,80,69,11,11
74265,128,128,0,0
74266,59,68,-9,9
74267,85,89,-4,4
74268,87,100,-13,13
74269,85,77,8,8
74270,72,65,7,7
74271,72,72,0,0
74272,56,65,-9,9
74273,127,120,7,7
74274,73,76,-3,3
74275,94,77,17,17
74276,72,71,1,1
74277,48,55,-7,7
74278,130,114,16,16
74279,103,97,6,6
74280,96,80,16,16
74281,140,133,7,7
74282,63,71,-8,8
74283,61,75,-14,14
74284,78,68,10,10
74285,75,73,2,2
74286,81,78,3,3
74287,79,82,-3,3
74288,94,90,4,4
74289,117,106,11,11
74290,59,58,1,1
74291,84,72,12,12
74292,149,136,13,13
74293,109,105,4,4
74294,46,63,-17,17
74295,131,124,7,7
74296,118,112,6,6
74297,83,98,-15,15
74298,68,81,-13,13
74299,70,80,-10,10
74300,49,59,-10,10
74301,73,76,-3,3
74302,132,136,-4,4
74303,93,85,8,8
74304,159,180,-21,21
74305,107,101,6,6
74306,185,179,6,6
74307,143,130,13,13
74308,60,65,-5,5
74309,78,81,-3,3
74310,106,105,1,1
74311,98,90,8,8
74312,101,94,7,7
74313,39,58,-19,19
74314,104,108,-4,4
74315,51,66,-15,15
74316,88,80,8,8
74317,83,78,5,5
74318,116,131,-15,15
74319,59,68,-9,9
74320,88,77,11,11
74321,206,177,29,29
74322,147,120,27,27
74323,40,53,-13,13
74324,45,64,-19,19
74325,89,88,1,1
74326,146,138,8,8
74327,76,74,2,2
74328,92,75,17,17
74329,35,54,-19,19
74330,77,84,-7,7
74331,104,99,5,5
74332,97,91,6,6
74333,135,130,5,5
74334,63,67,-4,4
74335,54,56,-2,2
74336,117,113,4,4
74337,79,74,5,5
74338,64,68,-4,4
74339,63,62,1,1
74340,63,69,-6,6
74341,80,74,6,6
74342,136,134,2,2
74343,106,92,14,14
74344,76,71,5,5
74345,80,70,10,10
74346,126,121,5,5
74347,96,86,10,10
74348,56,54,2,2
74349,124,121,3,3
74350,137,131,6,6
74351,63,72,-9,9
74352,59,64,-5,5
74353,102,99,3,3
74354,41,64,-23,23
74355,84,87,-3,3
74356,99,103,-4,4
74357,108,126,-18,18
74358,125,124,1,1
74359,115,105,10,10
74360,84,87,-3,3
74361,100,102,-2,2
74362,128,123,5,5
74363,60,65,-5,5
74364,77,82,-5,5
74365,63,63,0,0
74366,90,92,-2,2
74367,64,74,-10,10
74368,61,54,7,7
74369,99,98,1,1
74370,97,102,-5,5
74371,65,59,6,6
74372,99,95,4,4
74373,181,159,22,22
74374,83,80,3,3
74375,102,106,-4,4
74376,136,151,-15,15
74377,56,62,-6,6
74378,132,126,6,6
74379,76,67,9,9
74380,101,95,6,6
74381,110,93,17,17
74382,51,53,-2,2
74383,60,66,-6,6
74384,127,126,1,1
74385,81,109,-28,28
74386,59,56,3,3
74387,82,83,-1,1
74388,103,95,8,8
74389,99,98,1,1
74390,50,53,-3,3
74391,85,97,-12,12
74392,67,54,13,13
74393,125,117,8,8
74394,93,79,14,14
74395,116,105,11,11
74396,68,80,-12,12
74397,77,78,-1,1
74398,95,85,10,10
74399,59,71,-12,12
74400,111,93,18,18
74401,79,78,1,1
74402,84,80,4,4
74403,89,95,-6,6
74404,164,167,-3,3
74405,72,68,4,4
74406,78,85,-7,7
74407,149,153,-4,4
74408,95,78,17,17
74409,85,59,26,26
74410,96,95,1,1
74411,72,70,2,2
74412,112,98,14,14
74413,77,74,3,3
74414,40,56,-16,16
74415,110,105,5,5
74416,59,70,-11,11
74417,107,102,5,5
74418,66,63,3,3
74419,87,80,7,7
74420,72,69,3,3
74421,85,83,2,2
74422,49,53,-4,4
74423,72,74,-2,2
74424,156,139,17,17
74425,75,72,3,3
74426,83,58,25,25
74427,107,96,11,11
74428,97,85,12,12
74429,108,101,7,7
74430,89,75,14,14
74431,103,110,-7,7
74432,133,129,4,4
74433,56,61,-5,5
74434,77,75,2,2
74435,88,90,-2,2
74436,106,107,-1,1
74437,134,141,-7,7
74438,81,80,1,1
74439,126,119,7,7
74440,69,75,-6,6
74441,120,169,-49,49
74442,121,112,9,9
74443,62,56,6,6
74444,85,71,14,14
74445,93,81,12,12
74446,111,104,7,7
74447,99,117,-18,18
74448,50,62,-12,12
74449,98,110,-12,12
74450,83,62,21,21
74451,94,102,-8,8
74452,144,135,9,9
74453,49,62,-13,13
74454,46,50,-4,4
74455,87,90,-3,3
74456,80,82,-2,2
74457,150,123,27,27
74458,67,75,-8,8
74459,39,48,-9,9
74460,82,66,16,16
74461,76,79,-3,3
74462,56,62,-6,6
74463,33,50,-17,17
74464,95,89,6,6
74465,67,62,5,5
74466,87,90,-3,3
74467,101,90,11,11
74468,62,74,-12,12
74469,62,72,-10,10
74470,93,83,10,10
74471,71,57,14,14
74472,79,81,-2,2
74473,86,75,11,11
74474,70,76,-6,6
74475,117,116,1,1
74476,51,56,-5,5
74477,168,152,16,16
74478,120,109,11,11
74479,99,88,11,11
74480,73,74,-1,1
74481,120,117,3,3
74482,136,127,9,9
74483,57,81,-24,24
74484,89,83,6,6
74485,89,97,-8,8
74486,81,79,2,2
74487,72,64,8,8
74488,104,94,10,10
74489,141,138,3,3
74490,79,78,1,1
74491,167,166,1,1
74492,86,82,4,4
74493,138,130,8,8
74494,66,61,5,5
74495,59,62,-3,3
74496,110,120,-10,10
74497,82,74,8,8
74498,92,83,9,9
74499,62,53,9,9
74500,82,84,-2,2
74501,62,66,-4,4
74502,94,88,6,6
74503,135,152,-17,17
74504,227,270,-43,43
74505,85,84,1,1
74506,74,76,-2,2
74507,106,136,-30,30
74508,52,72,-20,20
74509,96,99,-3,3
74510,97,93,4,4
74511,143,146,-3,3
74512,84,63,21,21
74513,77,70,7,7
74514,49,71,-22,22
74515,116,113,3,3
74516,67,86,-19,19
74517,74,80,-6,6
74518,83,84,-1,1
74519,77,74,3,3
74520,113,103,10,10
74521,125,127,-2,2
74522,59,63,-4,4
74523,62,65,-3,3
74524,148,137,11,11
74525,56,67,-11,11
74526,85,88,-3,3
74527,158,141,17,17
74528,79,81,-2,2
74529,87,85,2,2
74530,115,136,-21,21
74531,62,61,1,1
74532,78,68,10,10
74533,107,93,14,14
74534,129,115,14,14
74535,109,102,7,7
74536,46,58,-12,12
74537,73,70,3,3
74538,47,57,-10,10
74539,57,51,6,6
74540,136,132,4,4
74541,74,68,6,6
74542,73,73,0,0
74543,117,111,6,6
74544,64,58,6,6
74545,65,77,-12,12
74546,61,71,-10,10
74547,40,58,-18,18
74548,84,88,-4,4
74549,96,83,13,13
74550,108,93,15,15
74551,148,145,3,3
74552,111,109,2,2
74553,131,132,-1,1
74554,55,57,-2,2
74555,132,121,11,11
74556,156,138,18,18
74557,68,60,8,8
74558,109,85,24,24
74559,65,65,0,0
74560,78,67,11,11
74561,136,122,14,14
74562,190,202,-12,12
74563,157,160,-3,3
74564,110,103,7,7
74565,50,62,-12,12
74566,123,125,-2,2
74567,127,114,13,13
74568,88,87,1,1
74569,116,114,2,2
74570,85,86,-1,1
74571,116,108,8,8
74572,181,162,19,19
74573,87,79,8,8
74574,135,141,-6,6
74575,64,69,-5,5
74576,92,90,2,2
74577,59,61,-2,2
74578,81,78,3,3
74579,71,63,8,8
74580,130,129,1,1
74581,96,81,15,15
74582,86,86,0,0
74583,107,120,-13,13
74584,118,95,23,23
74585,93,93,0,0
74586,88,84,4,4
74587,54,59,-5,5
74588,101,102,-1,1
74589,58,67,-9,9
74590,109,102,7,7
74591,106,108,-2,2
74592,139,133,6,6
74593,50,49,1,1
74594,168,178,-10,10
74595,115,116,-1,1
74596,70,73,-3,3
74597,92,87,5,5
74598,133,123,10,10
74599,74,68,6,6
74600,159,150,9,9
74601,120,117,3,3
74602,84,97,-13,13
74603,103,112,-9,9
74604,183,160,23,23
74605,139,131,8,8
74606,86,58,28,28
74607,82,81,1,1
74608,61,68,-7,7
74609,123,91,32,32
74610,87,84,3,3
74611,135,135,0,0
74612,99,83,16,16
74613,74,75,-1,1
74614,74,73,1,1
74615,139,143,-4,4
74616,85,81,4,4
74617,70,75,-5,5
74618,106,94,12,12
74619,123,129,-6,6
74620,100,93,7,7
74621,61,62,-1,1
74622,92,104,-12,12
74623,132,137,-5,5
74624,59,65,-6,6
74625,226,202,24,24
74626,84,79,5,5
74627,165,176,-11,11
74628,83,93,-10,10
74629,115,116,-1,1
74630,159,145,14,14
74631,93,71,22,22
74632,126,137,-11,11
74633,51,56,-5,5
74634,118,111,7,7
74635,80,67,13,13
74636,161,151,10,10
74637,91,89,2,2
74638,83,81,2,2
74639,91,90,1,1
74640,234,205,29,29
74641,78,75,3,3
74642,101,93,8,8
74643,72,68,4,4
74644,92,77,15,15
74645,44,53,-9,9
74646,76,74,2,2
74647,106,100,6,6
74648,119,100,19,19
74649,111,95,16,16
74650,111,116,-5,5
74651,105,91,14,14
74652,62,68,-6,6
74653,113,111,2,2
74654,94,89,5,5
74655,155,135,20,20
74656,59,57,2,2
74657,86,90,-4,4
74658,61,72,-11,11
74659,198,184,14,14
74660,83,76,7,7
74661,50,62,-12,12
74662,126,119,7,7
74663,95,82,13,13
74664,95,81,14,14
74665,24,55,-31,31
74666,90,93,-3,3
74667,47,55,-8,8
74668,64,72,-8,8
74669,107,103,4,4
74670,94,76,18,18
74671,77,69,8,8
74672,111,126,-15,15
74673,107,105,2,2
74674,33,47,-14,14
74675,73,68,5,5
74676,63,65,-2,2
74677,90,88,2,2
74678,89,160,-71,71
74679,79,70,9,9
74680,128,126,2,2
74681,91,81,10,10
74682,114,113,1,1
74683,103,95,8,8
74684,61,64,-3,3
74685,122,129,-7,7
74686,114,107,7,7
74687,143,132,11,11
74688,75,70,5,5
74689,66,70,-4,4
74690,90,85,5,5
74691,108,85,23,23
74692,74,76,-2,2
74693,137,135,2,2
74694,121,106,15,15
74695,85,97,-12,12
74696,47,60,-13,13
74697,51,68,-17,17
74698,79,68,11,11
74699,80,79,1,1
74700,111,104,7,7
74701,126,132,-6,6
74702,37,49,-12,12
74703,87,85,2,2
74704,102,100,2,2
74705,73,75,-2,2
74706,81,83,-2,2
74707,85,67,18,18
74708,127,116,11,11
74709,127,112,15,15
74710,93,99,-6,6
74711,122,120,2,2
74712,175,162,13,13
74713,96,89,7,7
74714,88,88,0,0
74715,162,143,19,19
74716,124,132,-8,8
74717,42,50,-8,8
74718,90,85,5,5
74719,91,95,-4,4
74720,129,130,-1,1
74721,53,59,-6,6
74722,75,72,3,3
74723,88,69,19,19
74724,70,67,3,3
74725,185,172,13,13
74726,105,101,4,4
74727,128,118,10,10
74728,103,100,3,3
74729,100,109,-9,9
74730,71,69,2,2
74731,157,131,26,26
74732,103,108,-5,5
74733,118,112,6,6
74734,140,182,-42,42
74735,102,107,-5,5
74736,71,63,8,8
74737,143,142,1,1
74738,58,57,1,1
74739,96,99,-3,3
74740,112,114,-2,2
74741,85,84,1,1
74742,92,96,-4,4
74743,81,86,-5,5
74744,102,98,4,4
74745,43,47,-4,4
74746,87,77,10,10
74747,118,108,10,10
74748,85,65,20,20
74749,100,96,4,4
74750,83,94,-11,11
74751,83,88,-5,5
74752,89,84,5,5
74753,50,52,-2,2
74754,134,131,3,3
74755,65,67,-2,2
74756,72,71,1,1
74757,75,67,8,8
74758,78,73,5,5
74759,81,82,-1,1
74760,105,104,1,1
74761,67,61,6,6
74762,136,73,63,63
74763,86,103,-17,17
74764,139,132,7,7
74765,78,79,-1,1
74766,38,40,-2,2
74767,78,78,0,0
74768,59,61,-2,2
74769,91,84,7,7
74770,152,132,20,20
74771,148,163,-15,15
74772,108,107,1,1
74773,77,72,5,5
74774,83,75,8,8
74775,89,83,6,6
74776,104,93,11,11
74777,117,118,-1,1
74778,151,149,2,2
74779,45,58,-13,13
74780,60,58,2,2
74781,125,125,0,0
74782,41,64,-23,23
74783,49,55,-6,6
74784,140,133,7,7
74785,90,90,0,0
74786,93,92,1,1
74787,100,85,15,15
74788,125,120,5,5
74789,114,114,0,0
74790,128,121,7,7
74791,60,56,4,4
74792,191,170,21,21
74793,140,143,-3,3
74794,82,106,-24,24
74795,76,74,2,2
74796,117,113,4,4
74797,83,83,0,0
74798,82,73,9,9
74799,122,135,-13,13
74800,60,61,-1,1
74801,117,111,6,6
74802,96,75,21,21
74803,115,111,4,4
74804,134,136,-2,2
74805,109,109,0,0
74806,91,76,15,15
74807,72,74,-2,2
74808,96,94,2,2
74809,80,78,2,2
74810,71,74,-3,3
74811,95,80,15,15
74812,101,98,3,3
74813,67,65,2,2
74814,87,87,0,0
74815,89,92,-3,3
74816,62,61,1,1
74817,126,150,-24,24
74818,78,78,0,0
74819,100,98,2,2
74820,96,89,7,7
74821,100,95,5,5
74822,59,67,-8,8
74823,93,88,5,5
74824,120,116,4,4
74825,70,65,5,5
74826,46,51,-5,5
74827,153,147,6,6
74828,91,87,4,4
74829,94,103,-9,9
74830,74,80,-6,6
74831,87,74,13,13
74832,76,68,8,8
74833,56,57,-1,1
74834,104,120,-16,16
74835,126,122,4,4
74836,115,115,0,0
74837,107,110,-3,3
74838,41,61,-20,20
74839,75,76,-1,1
74840,76,78,-2,2
74841,75,81,-6,6
74842,50,56,-6,6
74843,118,116,2,2
74844,131,130,1,1
74845,92,128,-36,36
74846,113,98,15,15
74847,126,112,14,14
74848,65,71,-6,6
74849,128,126,2,2
74850,89,91,-2,2
74851,100,81,19,19
74852,85,79,6,6
74853,166,154,12,12
74854,100,112,-12,12
74855,119,119,0,0
74856,72,74,-2,2
74857,78,69,9,9
74858,70,61,9,9
74859,84,85,-1,1
74860,56,65,-9,9
74861,18,78,-60,60
74862,75,69,6,6
74863,107,118,-11,11
74864,86,71,15,15
74865,128,131,-3,3
74866,99,98,1,1
74867,69,77,-8,8
74868,130,119,11,11
74869,127,119,8,8
74870,188,184,4,4
74871,99,98,1,1
74872,83,77,6,6
74873,105,87,18,18
74874,56,64,-8,8
74875,84,83,1,1
74876,43,55,-12,12
74877,104,112,-8,8
74878,93,88,5,5
74879,111,112,-1,1
74880,106,110,-4,4
74881,77,81,-4,4
74882,74,65,9,9
74883,138,134,4,4
74884,47,74,-27,27
74885,158,156,2,2
74886,111,110,1,1
74887,84,83,1,1
74888,129,136,-7,7
74889,76,82,-6,6
74890,84,76,8,8
74891,67,65,2,2
74892,61,61,0,0
74893,107,102,5,5
74894,79,70,9,9
74895,112,120,-8,8
74896,53,58,-5,5
74897,84,85,-1,1
74898,46,51,-5,5
74899,115,104,11,11
74900,48,48,0,0
74901,51,55,-4,4
74902,73,73,0,0
74903,81,96,-15,15
74904,53,61,-8,8
74905,144,135,9,9
74906,93,84,9,9
74907,63,70,-7,7
74908,47,48,-1,1
74909,117,104,13,13
74910,172,120,52,52
74911,57,66,-9,9
74912,143,139,4,4
74913,108,109,-1,1
74914,140,119,21,21
74915,70,68,2,2
74916,96,93,3,3
74917,107,105,2,2
74918,116,114,2,2
74919,120,121,-1,1
74920,60,52,8,8
74921,77,84,-7,7
74922,112,115,-3,3
74923,97,99,-2,2
74924,183,189,-6,6
74925,95,94,1,1
74926,92,83,9,9
74927,76,89,-13,13
74928,99,102,-3,3
74929,85,76,9,9
74930,76,83,-7,7
74931,93,82,11,11
74932,50,58,-8,8
74933,55,68,-13,13
74934,88,86,2,2
74935,97,117,-20,20
74936,83,78,5,5
74937,54,57,-3,3
74938,86,89,-3,3
74939,77,91,-14,14
74940,282,415,-133,133
74941,136,134,2,2
74942,91,73,18,18
74943,150,168,-18,18
74944,66,68,-2,2
74945,71,71,0,0
74946,87,84,3,3
74947,87,91,-4,4
74948,119,112,7,7
74949,148,134,14,14
74950,117,111,6,6
74951,85,87,-2,2
74952,97,95,2,2
74953,49,48,1,1
74954,103,100,3,3
74955,38,59,-21,21
74956,86,93,-7,7
74957,49,57,-8,8
74958,103,98,5,5
74959,103,118,-15,15
74960,45,57,-12,12
74961,103,103,0,0
74962,83,86,-3,3
74963,95,79,16,16
74964,60,66,-6,6
74965,102,115,-13,13
74966,138,152,-14,14
74967,83,73,10,10
74968,95,101,-6,6
74969,96,86,10,10
74970,150,145,5,5
74971,53,51,2,2
74972,133,124,9,9
74973,45,53,-8,8
74974,50,60,-10,10
74975,35,80,-45,45
74976,103,90,13,13
74977,58,54,4,4
74978,72,69,3,3
74979,100,105,-5,5
74980,95,83,12,12
74981,109,97,12,12
74982,57,68,-11,11
74983,68,79,-11,11
74984,89,90,-1,1
74985,129,123,6,6
74986,118,117,1,1
74987,114,111,3,3
74988,112,108,4,4
74989,103,98,5,5
74990,95,96,-1,1
74991,130,133,-3,3
74992,95,75,20,20
74993,129,110,19,19
74994,84,81,3,3
74995,103,105,-2,2
74996,146,144,2,2
74997,84,83,1,1
74998,143,132,11,11
74999,84,94,-10,10
75000,69,69,0,0
75001,94,96,-2,2
75002,56,74,-18,18
75003,133,132,1,1
75004,49,63,-14,14
75005,58,56,2,2
75006,122,110,12,12
75007,117,119,-2,2
75008,87,89,-2,2
75009,113,101,12,12
75010,60,71,-11,11
75011,65,59,6,6
75012,103,101,2,2
75013,152,142,10,10
75014,121,119,2,2
75015,119,114,5,5
75016,47,64,-17,17
75017,113,100,13,13
75018,101,98,3,3
75019,73,74,-1,1
75020,88,94,-6,6
75021,156,134,22,22
75022,99,82,17,17
75023,86,83,3,3
75024,101,107,-6,6
75025,91,88,3,3
75026,59,62,-3,3
75027,72,77,-5,5
75028,111,88,23,23
75029,108,101,7,7
75030,78,81,-3,3
75031,63,73,-10,10
75032,97,95,2,2
75033,76,75,1,1
75034,94,102,-8,8
75035,83,74,9,9
75036,72,74,-2,2
75037,113,99,14,14
75038,126,127,-1,1
75039,86,91,-5,5
75040,67,64,3,3
75041,149,142,7,7
75042,89,77,12,12
75043,115,97,18,18
75044,111,100,11,11
75045,135,144,-9,9
75046,54,57,-3,3
75047,123,124,-1,1
75048,82,82,0,0
75049,26,44,-18,18
75050,66,66,0,0
75051,117,104,13,13
75052,135,137,-2,2
75053,70,66,4,4
75054,59,62,-3,3
75055,141,147,-6,6
75056,64,65,-1,1
75057,126,130,-4,4
75058,97,85,12,12
75059,54,56,-2,2
75060,99,97,2,2
75061,138,124,14,14
75062,130,131,-1,1
75063,111,91,20,20
75064,81,83,-2,2
75065,97,80,17,17
75066,146,139,7,7
75067,92,78,14,14
75068,68,59,9,9
75069,70,76,-6,6
75070,79,72,7,7
75071,57,63,-6,6
75072,70,60,10,10
75073,52,57,-5,5
75074,82,88,-6,6
75075,72,69,3,3
75076,86,78,8,8
75077,124,106,18,18
75078,71,71,0,0
75079,75,58,17,17
75080,111,103,8,8
75081,85,84,1,1
75082,77,75,2,2
75083,116,116,0,0
75084,121,128,-7,7
75085,63,56,7,7
75086,65,56,9,9
75087,92,95,-3,3
75088,115,108,7,7
75089,62,58,4,4
75090,90,86,4,4
75091,50,56,-6,6
75092,81,79,2,2
75093,33,61,-28,28
75094,141,133,8,8
75095,51,57,-6,6
75096,32,67,-35,35
75097,89,105,-16,16
75098,117,110,7,7
75099,97,100,-3,3
75100,92,81,11,11
75101,71,70,1,1
75102,76,80,-4,4
75103,42,51,-9,9
75104,84,87,-3,3
75105,87,92,-5,5
75106,153,150,3,3
75107,91,91,0,0
75108,59,70,-11,11
75109,69,75,-6,6
75110,109,97,12,12
75111,115,111,4,4
75112,169,175,-6,6
75113,67,66,1,1
75114,96,94,2,2
75115,94,99,-5,5
75116,173,144,29,29
75117,96,87,9,9
75118,127,100,27,27
75119,58,58,0,0
75120,69,69,0,0
75121,68,69,-1,1
75122,141,135,6,6
75123,110,130,-20,20
75124,46,87,-41,41
75125,56,117,-61,61
75126,99,102,-3,3
75127,117,108,9,9
75128,53,60,-7,7
75129,92,95,-3,3
75130,100,119,-19,19
75131,100,88,12,12
75132,92,101,-9,9
75133,67,66,1,1
75134,148,132,16,16
75135,122,116,6,6
75136,162,147,15,15
75137,86,84,2,2
75138,165,146,19,19
75139,106,92,14,14
75140,84,93,-9,9
75141,97,97,0,0
75142,61,69,-8,8
75143,187,206,-19,19
75144,153,154,-1,1
75145,57,61,-4,4
75146,101,96,5,5
75147,154,129,25,25
75148,108,109,-1,1
75149,55,58,-3,3
75150,113,105,8,8
75151,55,58,-3,3
75152,101,86,15,15
75153,91,90,1,1
75154,89,82,7,7
75155,96,85,11,11
75156,52,59,-7,7
75157,54,57,-3,3
75158,69,63,6,6
75159,95,103,-8,8
75160,88,87,1,1
75161,126,121,5,5
75162,82,91,-9,9
75163,76,87,-11,11
75164,112,99,13,13
75165,117,105,12,12
75166,113,108,5,5
75167,97,92,5,5
75168,98,98,0,0
75169,83,73,10,10
75170,76,78,-2,2
75171,80,83,-3,3
75172,111,109,2,2
75173,135,124,11,11
75174,62,64,-2,2
75175,140,135,5,5
75176,68,70,-2,2
75177,141,143,-2,2
75178,53,68,-15,15
75179,140,142,-2,2
75180,74,69,5,5
75181,70,72,-2,2
75182,78,80,-2,2
75183,103,95,8,8
75184,97,92,5,5
75185,75,72,3,3
75186,143,146,-3,3
75187,163,164,-1,1
75188,71,70,1,1
75189,58,54,4,4
75190,69,70,-1,1
75191,72,77,-5,5
75192,158,155,3,3
75193,93,97,-4,4
75194,80,79,1,1
75195,142,127,15,15
75196,46,55,-9,9
75197,76,72,4,4
75198,129,165,-36,36
75199,82,76,6,6
75200,146,137,9,9
75201,93,89,4,4
75202,113,111,2,2
75203,142,151,-9,9
75204,72,65,7,7
75205,74,71,3,3
75206,88,100,-12,12
75207,105,109,-4,4
75208,110,110,0,0
75209,83,75,8,8
75210,27,55,-28,28
75211,136,136,0,0
75212,81,74,7,7
75213,98,87,11,11
75214,120,111,9,9
75215,92,95,-3,3
75216,145,133,12,12
75217,137,129,8,8
75218,103,110,-7,7
75219,121,132,-11,11
75220,54,61,-7,7
75221,112,105,7,7
75222,76,81,-5,5
75223,89,79,10,10
75224,160,142,18,18
75225,28,54,-26,26
75226,76,71,5,5
75227,165,161,4,4
75228,100,85,15,15
75229,152,125,27,27
75230,82,81,1,1
75231,94,84,10,10
75232,60,67,-7,7
75233,125,124,1,1
75234,69,72,-3,3
75235,120,85,35,35
75236,91,84,7,7
75237,96,87,9,9
75238,45,48,-3,3
75239,56,61,-5,5
75240,76,65,11,11
75241,75,74,1,1
75242,79,77,2,2
75243,124,107,17,17
75244,106,105,1,1
75245,122,112,10,10
75246,51,52,-1,1
75247,69,64,5,5
75248,85,75,10,10
75249,115,152,-37,37
75250,115,103,12,12
75251,115,112,3,3
75252,60,65,-5,5
75253,76,76,0,0
75254,32,42,-10,10
75255,79,78,1,1
75256,44,54,-10,10
75257,58,62,-4,4
75258,130,113,17,17
75259,132,130,2,2
75260,79,79,0,0
75261,92,94,-2,2
75262,144,158,-14,14
75263,54,58,-4,4
75264,133,120,13,13
75265,64,76,-12,12
75266,92,85,7,7
75267,156,160,-4,4
75268,58,56,2,2
75269,82,72,10,10
75270,86,75,11,11
75271,173,169,4,4
75272,94,85,9,9
75273,60,57,3,3
75274,108,106,2,2
75275,126,131,-5,5
75276,56,53,3,3
75277,98,101,-3,3
75278,92,80,12,12
75279,117,105,12,12
75280,52,71,-19,19
75281,94,83,11,11
75282,78,69,9,9
75283,76,99,-23,23
75284,67,64,3,3
75285,124,125,-1,1
75286,128,130,-2,2
75287,73,71,2,2
75288,62,60,2,2
75289,100,100,0,0
75290,130,132,-2,2
75291,61,69,-8,8
75292,262,255,7,7
75293,60,66,-6,6
75294,102,105,-3,3
75295,57,63,-6,6
75296,97,97,0,0
75297,84,89,-5,5
75298,61,76,-15,15
75299,135,119,16,16
75300,104,84,20,20
75301,79,75,4,4
75302,187,167,20,20
75303,62,62,0,0
75304,94,87,7,7
75305,94,95,-1,1
75306,94,81,13,13
75307,126,119,7,7
75308,126,108,18,18
75309,108,98,10,10
75310,60,52,8,8
75311,93,105,-12,12
75312,53,58,-5,5
75313,61,58,3,3
75314,79,73,6,6
75315,74,70,4,4
75316,50,53,-3,3
75317,75,54,21,21
75318,40,48,-8,8
75319,47,53,-6,6
75320,78,88,-10,10
75321,51,63,-12,12
75322,97,93,4,4
75323,54,58,-4,4
75324,100,100,0,0
75325,91,86,5,5
75326,48,48,0,0
75327,46,60,-14,14
75328,153,148,5,5
75329,123,131,-8,8
75330,52,63,-11,11
75331,92,83,9,9
75332,71,79,-8,8
75333,141,126,15,15
75334,46,56,-10,10
75335,72,78,-6,6
75336,84,74,10,10
75337,82,82,0,0
75338,78,71,7,7
75339,77,73,4,4
75340,93,77,16,16
75341,47,65,-18,18
75342,67,72,-5,5
75343,67,67,0,0
75344,113,102,11,11
75345,179,176,3,3
75346,95,101,-6,6
75347,164,151,13,13
75348,45,65,-20,20
75349,127,113,14,14
75350,118,122,-4,4
75351,96,86,10,10
75352,57,59,-2,2
75353,151,150,1,1
75354,69,84,-15,15
75355,79,72,7,7
75356,86,87,-1,1
75357,186,168,18,18
75358,147,141,6,6
75359,109,107,2,2
75360,97,84,13,13
75361,110,97,13,13
75362,69,63,6,6
75363,65,70,-5,5
75364,119,106,13,13
75365,58,62,-4,4
75366,77,72,5,5
75367,97,97,0,0
75368,95,91,4,4
75369,123,131,-8,8
75370,107,136,-29,29
75371,117,112,5,5
75372,72,79,-7,7
75373,119,108,11,11
75374,103,94,9,9
75375,129,126,3,3
75376,83,77,6,6
75377,248,247,1,1
75378,93,79,14,14
75379,129,129,0,0
75380,68,65,3,3
75381,117,120,-3,3
75382,87,92,-5,5
75383,118,109,9,9
75384,98,87,11,11
75385,103,104,-1,1
75386,69,72,-3,3
75387,110,91,19,19
75388,125,114,11,11
75389,113,118,-5,5
75390,112,114,-2,2
75391,81,70,11,11
75392,86,86,0,0
75393,148,132,16,16
75394,102,92,10,10
75395,31,65,-34,34
75396,64,68,-4,4
75397,114,111,3,3
75398,87,85,2,2
75399,127,115,12,12
75400,91,96,-5,5
75401,74,68,6,6
75402,175,151,24,24
75403,223,196,27,27
75404,87,67,20,20
75405,67,59,8,8
75406,59,73,-14,14
75407,104,99,5,5
75408,64,80,-16,16
75409,149,155,-6,6
75410,125,122,3,3
75411,45,50,-5,5
75412,93,94,-1,1
75413,86,92,-6,6
75414,80,77,3,3
75415,73,76,-3,3
75416,92,86,6,6
75417,120,138,-18,18
75418,126,114,12,12
75419,73,75,-2,2
75420,54,64,-10,10
75421,65,57,8,8
75422,100,95,5,5
75423,105,96,9,9
75424,85,76,9,9
75425,100,84,16,16
75426,81,90,-9,9
75427,67,66,1,1
75428,174,177,-3,3
75429,132,125,7,7
75430,127,93,34,34
75431,96,102,-6,6
75432,73,75,-2,2
75433,86,80,6,6
75434,73,69,4,4
75435,124,119,5,5
75436,75,84,-9,9
75437,49,68,-19,19
75438,99,126,-27,27
75439,55,66,-11,11
75440,141,104,37,37
75441,62,70,-8,8
75442,75,72,3,3
75443,99,94,5,5
75444,97,93,4,4
75445,104,109,-5,5
75446,96,87,9,9
75447,122,112,10,10
75448,101,71,30,30
75449,109,110,-1,1
75450,111,114,-3,3
75451,99,96,3,3
75452,77,86,-9,9
75453,118,124,-6,6
75454,89,71,18,18
75455,75,86,-11,11
75456,59,66,-7,7
75457,57,70,-13,13
75458,99,86,13,13
75459,88,62,26,26
75460,106,91,15,15
75461,101,103,-2,2
75462,131,128,3,3
75463,127,123,4,4
75464,65,66,-1,1
75465,101,85,16,16
75466,140,138,2,2
75467,122,118,4,4
75468,80,69,11,11
75469,128,129,-1,1
75470,85,80,5,5
75471,111,107,4,4
75472,78,83,-5,5
75473,93,95,-2,2
75474,42,51,-9,9
75475,66,59,7,7
75476,95,100,-5,5
75477,90,76,14,14
75478,100,99,1,1
75479,82,80,2,2
75480,67,77,-10,10
75481,105,92,13,13
75482,110,105,5,5
75483,56,58,-2,2
75484,37,52,-15,15
75485,65,67,-2,2
75486,72,65,7,7
75487,106,98,8,8
75488,99,83,16,16
75489,104,95,9,9
75490,87,80,7,7
75491,76,80,-4,4
75492,53,57,-4,4
75493,57,69,-12,12
75494,69,68,1,1
75495,83,78,5,5
75496,56,60,-4,4
75497,78,78,0,0
75498,95,112,-17,17
75499,78,72,6,6
75500,74,67,7,7
75501,82,112,-30,30
75502,95,85,10,10
75503,85,81,4,4
75504,63,63,0,0
75505,124,124,0,0
75506,67,67,0,0
75507,112,111,1,1
75508,94,89,5,5
75509,69,71,-2,2
75510,121,140,-19,19
75511,82,85,-3,3
75512,111,103,8,8
75513,126,120,6,6
75514,74,72,2,2
75515,81,75,6,6
75516,100,95,5,5
75517,148,132,16,16
75518,88,84,4,4
75519,70,67,3,3
75520,150,134,16,16
75521,88,85,3,3
75522,28,47,-19,19
75523,93,80,13,13
75524,96,104,-8,8
75525,90,86,4,4
75526,150,165,-15,15
75527,75,79,-4,4
75528,93,99,-6,6
75529,150,150,0,0
75530,123,96,27,27
75531,133,138,-5,5
75532,69,86,-17,17
75533,167,146,21,21
75534,46,54,-8,8
75535,92,87,5,5
75536,54,55,-1,1
75537,154,145,9,9
75538,45,45,0,0
75539,137,131,6,6
75540,115,109,6,6
75541,99,89,10,10
75542,93,88,5,5
75543,83,73,10,10
75544,115,96,19,19
75545,23,58,-35,35
75546,92,92,0,0
75547,85,91,-6,6
75548,80,75,5,5
75549,190,203,-13,13
75550,95,86,9,9
75551,153,130,23,23
75552,83,91,-8,8
75553,51,62,-11,11
75554,85,80,5,5
75555,85,88,-3,3
75556,59,68,-9,9
75557,172,159,13,13
75558,53,54,-1,1
75559,128,109,19,19
75560,72,74,-2,2
75561,130,124,6,6
75562,54,57,-3,3
75563,145,125,20,20
75564,94,102,-8,8
75565,111,102,9,9
75566,35,56,-21,21
75567,74,77,-3,3
75568,85,83,2,2
75569,129,125,4,4
75570,49,51,-2,2
75571,56,61,-5,5
75572,99,86,13,13
75573,79,86,-7,7
75574,129,122,7,7
75575,74,68,6,6
75576,78,76,2,2
75577,70,65,5,5
75578,157,179,-22,22
75579,98,101,-3,3
75580,66,76,-10,10
75581,75,78,-3,3
75582,76,71,5,5
75583,94,105,-11,11
75584,100,89,11,11
75585,50,55,-5,5
75586,98,94,4,4
75587,96,104,-8,8
75588,134,141,-7,7
75589,108,93,15,15
75590,212,215,-3,3
75591,138,136,2,2
75592,88,82,6,6
75593,12,48,-36,36
75594,66,65,1,1
75595,98,82,16,16
75596,110,101,9,9
75597,75,66,9,9
75598,146,156,-10,10
75599,176,177,-1,1
75600,91,86,5,5
75601,88,85,3,3
75602,51,53,-2,2
75603,190,177,13,13
75604,128,114,14,14
75605,74,76,-2,2
75606,83,83,0,0
75607,64,60,4,4
75608,127,123,4,4
75609,130,115,15,15
75610,95,92,3,3
75611,66,149,-83,83
75612,46,58,-12,12
75613,79,78,1,1
75614,110,106,4,4
75615,116,110,6,6
75616,68,82,-14,14
75617,70,72,-2,2
75618,59,73,-14,14
75619,107,85,22,22
75620,77,80,-3,3
75621,97,109,-12,12
75622,160,148,12,12
75623,130,137,-7,7
75624,60,59,1,1
75625,104,93,11,11
75626,91,83,8,8
75627,89,98,-9,9
75628,49,57,-8,8
75629,155,158,-3,3
75630,94,89,5,5
75631,146,151,-5,5
75632,87,88,-1,1
75633,127,121,6,6
75634,79,83,-4,4
75635,93,86,7,7
75636,121,128,-7,7
75637,74,67,7,7
75638,113,114,-1,1
75639,163,147,16,16
75640,122,108,14,14
75641,118,120,-2,2
75642,56,68,-12,12
75643,129,113,16,16
75644,128,117,11,11
75645,159,156,3,3
75646,62,69,-7,7
75647,108,112,-4,4
75648,72,75,-3,3
75649,79,83,-4,4
75650,166,166,0,0
75651,62,78,-16,16
75652,144,135,9,9
75653,129,118,11,11
75654,72,72,0,0
75655,93,78,15,15
75656,86,90,-4,4
75657,126,109,17,17
75658,86,76,10,10
75659,87,78,9,9
75660,183,166,17,17
75661,68,77,-9,9
75662,80,82,-2,2
75663,63,78,-15,15
75664,61,62,-1,1
75665,103,95,8,8
75666,46,52,-6,6
75667,107,101,6,6
75668,127,122,5,5
75669,89,81,8,8
75670,104,91,13,13
75671,82,85,-3,3
75672,114,109,5,5
75673,82,82,0,0
75674,109,111,-2,2
75675,105,102,3,3
75676,67,68,-1,1
75677,64,59,5,5
75678,109,99,10,10
75679,50,51,-1,1
75680,49,49,0,0
75681,89,90,-1,1
75682,163,170,-7,7
75683,64,65,-1,1
75684,180,168,12,12
75685,73,121,-48,48
75686,155,149,6,6
75687,106,98,8,8
75688,102,99,3,3
75689,142,136,6,6
75690,62,68,-6,6
75691,93,95,-2,2
75692,125,106,19,19
75693,71,70,1,1
75694,62,76,-14,14
75695,129,129,0,0
75696,109,122,-13,13
75697,174,159,15,15
75698,103,101,2,2
75699,124,116,8,8
75700,74,76,-2,2
75701,96,88,8,8
75702,112,101,11,11
75703,78,75,3,3
75704,59,64,-5,5
75705,54,52,2,2
75706,86,80,6,6
75707,99,105,-6,6
75708,120,128,-8,8
75709,134,126,8,8
75710,141,126,15,15
75711,99,96,3,3
75712,92,87,5,5
75713,121,125,-4,4
75714,74,71,3,3
75715,101,89,12,12
75716,14,92,-78,78
75717,80,75,5,5
75718,88,79,9,9
75719,60,68,-8,8
75720,112,108,4,4
75721,153,136,17,17
75722,108,104,4,4
75723,98,95,3,3
75724,78,100,-22,22
75725,115,151,-36,36
75726,71,67,4,4
75727,129,122,7,7
75728,56,64,-8,8
75729,68,59,9,9
75730,80,72,8,8
75731,110,122,-12,12
75732,86,90,-4,4
75733,139,133,6,6
75734,125,119,6,6
75735,73,77,-4,4
75736,122,112,10,10
75737,99,88,11,11
75738,78,68,10,10
75739,150,136,14,14
75740,112,100,12,12
75741,95,98,-3,3
75742,85,79,6,6
75743,67,62,5,5
75744,91,77,14,14
75745,110,93,17,17
75746,88,70,18,18
75747,115,128,-13,13
75748,78,81,-3,3
75749,89,103,-14,14
75750,71,70,1,1
75751,65,59,6,6
75752,67,76,-9,9
75753,144,139,5,5
75754,98,100,-2,2
75755,78,72,6,6
75756,130,132,-2,2
75757,75,72,3,3
75758,83,76,7,7
75759,72,71,1,1
75760,106,98,8,8
75761,44,49,-5,5
75762,108,106,2,2
75763,80,74,6,6
75764,98,97,1,1
75765,97,91,6,6
75766,124,139,-15,15
75767,96,82,14,14
75768,71,63,8,8
75769,118,111,7,7
75770,115,108,7,7
75771,88,78,10,10
75772,104,99,5,5
75773,75,63,12,12
75774,115,106,9,9
75775,94,80,14,14
75776,97,89,8,8
75777,71,87,-16,16
75778,73,92,-19,19
75779,64,71,-7,7
75780,61,67,-6,6
75781,46,48,-2,2
75782,81,82,-1,1
75783,56,59,-3,3
75784,99,88,11,11
75785,131,145,-14,14
75786,75,69,6,6
75787,74,68,6,6
75788,111,102,9,9
75789,136,132,4,4
75790,81,77,4,4
75791,50,67,-17,17
75792,95,82,13,13
75793,108,129,-21,21
75794,62,107,-45,45
75795,78,81,-3,3
75796,92,78,14,14
75797,42,55,-13,13
75798,102,102,0,0
75799,104,102,2,2
75800,55,65,-10,10
75801,69,70,-1,1
75802,90,91,-1,1
75803,63,52,11,11
75804,101,107,-6,6
75805,43,63,-20,20
75806,69,66,3,3
75807,109,101,8,8
75808,142,140,2,2
75809,140,134,6,6
75810,67,69,-2,2
75811,62,61,1,1
75812,114,104,10,10
75813,107,109,-2,2
75814,85,89,-4,4
75815,167,164,3,3
75816,163,178,-15,15
75817,85,87,-2,2
75818,73,78,-5,5
75819,109,104,5,5
75820,61,65,-4,4
75821,77,72,5,5
75822,207,190,17,17
75823,99,98,1,1
75824,182,177,5,5
75825,99,99,0,0
75826,83,86,-3,3
75827,75,81,-6,6
75828,139,135,4,4
75829,47,56,-9,9
75830,65,73,-8,8
75831,143,129,14,14
75832,73,81,-8,8
75833,79,81,-2,2
75834,85,76,9,9
75835,88,82,6,6
75836,141,130,11,11
75837,71,88,-17,17
75838,96,97,-1,1
75839,153,144,9,9
75840,133,120,13,13
75841,80,84,-4,4
75842,171,185,-14,14
75843,125,128,-3,3
75844,91,87,4,4
75845,61,67,-6,6
75846,131,121,10,10
75847,136,120,16,16
75848,58,72,-14,14
75849,93,88,5,5
75850,88,86,2,2
75851,68,68,0,0
75852,129,125,4,4
75853,127,117,10,10
75854,98,144,-46,46
75855,87,89,-2,2
75856,84,77,7,7
75857,51,80,-29,29
75858,72,66,6,6
75859,144,132,12,12
75860,96,98,-2,2
75861,61,67,-6,6
75862,86,74,12,12
75863,78,75,3,3
75864,51,62,-11,11
75865,151,134,17,17
75866,109,99,10,10
75867,108,110,-2,2
75868,80,76,4,4
75869,67,62,5,5
75870,125,141,-16,16
75871,75,78,-3,3
75872,176,181,-5,5
75873,105,100,5,5
75874,82,79,3,3
75875,146,147,-1,1
75876,49,81,-32,32
75877,68,78,-10,10
75878,119,120,-1,1
75879,40,46,-6,6
75880,118,119,-1,1
75881,65,68,-3,3
75882,92,92,0,0
75883,69,66,3,3
75884,110,108,2,2
75885,94,92,2,2
75886,152,174,-22,22
75887,118,114,4,4
75888,72,76,-4,4
75889,141,127,14,14
75890,43,58,-15,15
75891,122,101,21,21
75892,73,72,1,1
75893,92,91,1,1
75894,101,100,1,1
75895,66,58,8,8
75896,70,65,5,5
75897,43,64,-21,21
75898,84,70,14,14
75899,83,95,-12,12
75900,71,62,9,9
75901,97,81,16,16
75902,116,112,4,4
75903,107,121,-14,14
75904,152,141,11,11
75905,130,154,-24,24
75906,49,76,-27,27
75907,111,101,10,10
75908,124,103,21,21
75909,75,71,4,4
75910,112,130,-18,18
75911,111,115,-4,4
75912,97,96,1,1
75913,47,62,-15,15
75914,114,89,25,25
75915,107,118,-11,11
75916,93,88,5,5
75917,107,102,5,5
75918,114,112,2,2
75919,124,132,-8,8
75920,133,111,22,22
75921,64,72,-8,8
75922,80,85,-5,5
75923,155,142,13,13
75924,98,100,-2,2
75925,82,71,11,11
75926,50,58,-8,8
75927,64,64,0,0
75928,97,98,-1,1
75929,123,113,10,10
75930,46,51,-5,5
75931,78,63,15,15
75932,122,115,7,7
75933,181,155,26,26
75934,64,68,-4,4
75935,56,55,1,1
75936,72,74,-2,2
75937,141,132,9,9
75938,126,113,13,13
75939,71,72,-1,1
75940,81,69,12,12
75941,137,123,14,14
75942,91,87,4,4
75943,117,114,3,3
75944,160,166,-6,6
75945,101,91,10,10
75946,55,70,-15,15
75947,104,107,-3,3
75948,72,67,5,5
75949,165,164,1,1
75950,74,72,2,2
75951,72,71,1,1
75952,138,109,29,29
75953,87,94,-7,7
75954,66,63,3,3
75955,78,67,11,11
75956,80,72,8,8
75957,111,116,-5,5
75958,132,131,1,1
75959,70,70,0,0
75960,96,89,7,7
75961,127,119,8,8
75962,121,119,2,2
75963,57,60,-3,3
75964,203,220,-17,17
75965,94,86,8,8
75966,81,91,-10,10
75967,52,68,-16,16
75968,150,142,8,8
75969,83,113,-30,30
75970,99,76,23,23
75971,64,59,5,5
75972,79,81,-2,2
75973,81,79,2,2
75974,47,55,-8,8
75975,54,61,-7,7
75976,152,137,15,15
75977,44,58,-14,14
75978,87,82,5,5
75979,161,148,13,13
75980,83,73,10,10
75981,75,77,-2,2
75982,111,118,-7,7
75983,60,63,-3,3
75984,98,92,6,6
75985,74,79,-5,5
75986,81,72,9,9
75987,113,108,5,5
75988,110,101,9,9
75989,84,76,8,8
75990,57,57,0,0
75991,70,62,8,8
75992,175,160,15,15
75993,95,93,2,2
75994,94,91,3,3
75995,107,99,8,8
75996,75,86,-11,11
75997,85,97,-12,12
75998,162,149,13,13
75999,93,95,-2,2
76000,73,67,6,6
76001,86,81,5,5
76002,179,177,2,2
76003,202,209,-7,7
76004,98,102,-4,4
76005,85,81,4,4
76006,37,49,-12,12
76007,121,113,8,8
76008,128,117,11,11
76009,87,91,-4,4
76010,141,138,3,3
76011,70,71,-1,1
76012,151,146,5,5
76013,116,101,15,15
76014,81,79,2,2
76015,81,70,11,11
76016,89,97,-8,8
76017,124,98,26,26
76018,94,89,5,5
76019,56,63,-7,7
76020,151,133,18,18
76021,157,141,16,16
76022,70,69,1,1
76023,154,145,9,9
76024,130,129,1,1
76025,121,115,6,6
76026,119,120,-1,1
76027,94,101,-7,7
76028,62,79,-17,17
76029,99,86,13,13
76030,82,78,4,4
76031,145,147,-2,2
76032,107,121,-14,14
76033,107,104,3,3
76034,128,113,15,15
76035,52,62,-10,10
76036,103,99,4,4
76037,70,69,1,1
76038,161,153,8,8
76039,74,77,-3,3
76040,70,71,-1,1
76041,114,105,9,9
76042,150,150,0,0
76043,105,126,-21,21
76044,119,127,-8,8
76045,71,74,-3,3
76046,102,95,7,7
76047,43,57,-14,14
76048,84,82,2,2
76049,70,64,6,6
76050,82,80,2,2
76051,74,68,6,6
76052,98,83,15,15
76053,55,56,-1,1
76054,110,114,-4,4
76055,145,150,-5,5
76056,80,71,9,9
76057,137,96,41,41
76058,77,92,-15,15
76059,80,67,13,13
76060,73,68,5,5
76061,83,77,6,6
76062,100,96,4,4
76063,85,77,8,8
76064,101,102,-1,1
76065,79,77,2,2
76066,89,90,-1,1
76067,60,66,-6,6
76068,112,94,18,18
76069,173,174,-1,1
76070,60,60,0,0
76071,41,51,-10,10
76072,57,69,-12,12
76073,88,90,-2,2
76074,101,95,6,6
76075,82,72,10,10
76076,100,96,4,4
76077,85,84,1,1
76078,117,107,10,10
76079,83,88,-5,5
76080,162,148,14,14
76081,59,61,-2,2
76082,127,116,11,11
76083,170,156,14,14
76084,114,109,5,5
76085,111,104,7,7
76086,44,50,-6,6
76087,91,90,1,1
76088,76,75,1,1
76089,64,74,-10,10
76090,67,68,-1,1
76091,135,123,12,12
76092,75,77,-2,2
76093,110,103,7,7
76094,84,81,3,3
76095,77,67,10,10
76096,97,100,-3,3
76097,85,93,-8,8
76098,61,59,2,2
76099,86,82,4,4
76100,75,72,3,3
76101,83,108,-25,25
76102,168,160,8,8
76103,97,97,0,0
76104,64,67,-3,3
76105,126,115,11,11
76106,85,89,-4,4
76107,111,115,-4,4
76108,87,77,10,10
76109,101,99,2,2
76110,162,113,49,49
76111,143,151,-8,8
76112,123,109,14,14
76113,82,81,1,1
76114,101,97,4,4
76115,92,98,-6,6
76116,87,102,-15,15
76117,93,69,24,24
76118,100,105,-5,5
76119,92,86,6,6
76120,85,75,10,10
76121,49,63,-14,14
76122,79,87,-8,8
76123,58,55,3,3
76124,85,87,-2,2
76125,61,64,-3,3
76126,140,138,2,2
76127,127,123,4,4
76128,152,148,4,4
76129,67,55,12,12
76130,64,67,-3,3
76131,136,133,3,3
76132,74,69,5,5
76133,100,91,9,9
76134,158,139,19,19
76135,80,83,-3,3
76136,88,83,5,5
76137,110,118,-8,8
76138,74,66,8,8
76139,116,128,-12,12
76140,82,69,13,13
76141,117,112,5,5
76142,81,74,7,7
76143,74,77,-3,3
76144,104,93,11,11
76145,147,136,11,11
76146,82,73,9,9
76147,50,59,-9,9
76148,180,166,14,14
76149,182,206,-24,24
76150,63,69,-6,6
76151,190,174,16,16
76152,122,141,-19,19
76153,99,87,12,12
76154,66,74,-8,8
76155,53,71,-18,18
76156,63,63,0,0
76157,125,133,-8,8
76158,112,97,15,15
76159,85,88,-3,3
76160,56,58,-2,2
76161,85,91,-6,6
76162,70,80,-10,10
76163,83,85,-2,2
76164,135,131,4,4
76165,57,58,-1,1
76166,84,82,2,2
76167,90,102,-12,12
76168,59,54,5,5
76169,77,72,5,5
76170,64,68,-4,4
76171,99,94,5,5
76172,109,97,12,12
76173,97,94,3,3
76174,92,86,6,6
76175,87,92,-5,5
76176,42,58,-16,16
76177,74,73,1,1
76178,162,178,-16,16
76179,125,123,2,2
76180,178,190,-12,12
76181,98,124,-26,26
76182,89,87,2,2
76183,72,75,-3,3
76184,78,71,7,7
76185,53,63,-10,10
76186,85,74,11,11
76187,122,117,5,5
76188,101,117,-16,16
76189,81,77,4,4
76190,128,82,46,46
76191,98,94,4,4
76192,154,162,-8,8
76193,122,122,0,0
76194,63,67,-4,4
76195,83,93,-10,10
76196,98,97,1,1
76197,70,64,6,6
76198,89,100,-11,11
76199,111,119,-8,8
76200,44,63,-19,19
76201,48,59,-11,11
76202,104,101,3,3
76203,106,103,3,3
76204,148,132,16,16
76205,128,131,-3,3
76206,118,115,3,3
76207,105,88,17,17
76208,141,145,-4,4
76209,115,100,15,15
76210,161,159,2,2
76211,71,86,-15,15
76212,149,131,18,18
76213,77,69,8,8
76214,117,103,14,14
76215,119,116,3,3
76216,116,103,13,13
76217,88,94,-6,6
76218,107,101,6,6
76219,72,82,-10,10
76220,137,159,-22,22
76221,122,132,-10,10
76222,126,120,6,6
76223,50,61,-11,11
76224,119,94,25,25
76225,79,64,15,15
76226,124,137,-13,13
76227,128,131,-3,3
76228,132,113,19,19
76229,90,87,3,3
76230,95,94,1,1
76231,97,83,14,14
76232,63,62,1,1
76233,109,101,8,8
76234,133,145,-12,12
76235,104,97,7,7
76236,35,61,-26,26
76237,72,78,-6,6
76238,65,75,-10,10
76239,120,109,11,11
76240,135,158,-23,23
76241,130,122,8,8
76242,137,134,3,3
76243,81,81,0,0
76244,83,81,2,2
76245,51,58,-7,7
76246,77,79,-2,2
76247,116,103,13,13
76248,72,81,-9,9
76249,97,99,-2,2
76250,78,69,9,9
76251,63,63,0,0
76252,130,135,-5,5
76253,158,144,14,14
76254,75,79,-4,4
76255,76,74,2,2
76256,101,98,3,3
76257,44,56,-12,12
76258,74,69,5,5
76259,98,89,9,9
76260,134,118,16,16
76261,104,96,8,8
76262,88,78,10,10
76263,179,175,4,4
76264,46,63,-17,17
76265,141,126,15,15
76266,91,72,19,19
76267,72,71,1,1
76268,82,73,9,9
76269,73,71,2,2
76270,139,131,8,8
76271,124,114,10,10
76272,100,75,25,25
76273,98,93,5,5
76274,80,70,10,10
76275,97,108,-11,11
76276,62,72,-10,10
76277,136,136,0,0
76278,93,87,6,6
76279,104,96,8,8
76280,158,154,4,4
76281,105,92,13,13
76282,82,69,13,13
76283,150,157,-7,7
76284,161,138,23,23
76285,68,60,8,8
76286,97,98,-1,1
76287,106,100,6,6
76288,75,63,12,12
76289,95,88,7,7
76290,84,87,-3,3
76291,144,126,18,18
76292,115,108,7,7
76293,45,55,-10,10
76294,99,93,6,6
76295,91,82,9,9
76296,75,65,10,10
76297,134,111,23,23
76298,69,58,11,11
76299,74,75,-1,1
76300,53,48,5,5
76301,74,72,2,2
76302,95,93,2,2
76303,54,56,-2,2
76304,96,89,7,7
76305,93,85,8,8
76306,108,106,2,2
76307,104,116,-12,12
76308,80,76,4,4
76309,87,78,9,9
76310,98,104,-6,6
76311,60,68,-8,8
76312,65,75,-10,10
76313,75,84,-9,9
76314,80,75,5,5
76315,81,85,-4,4
76316,123,109,14,14
76317,89,91,-2,2
76318,142,145,-3,3
76319,64,57,7,7
76320,100,113,-13,13
76321,45,61,-16,16
76322,118,105,13,13
76323,73,81,-8,8
76324,74,80,-6,6
76325,102,104,-2,2
76326,66,75,-9,9
76327,120,118,2,2
76328,57,61,-4,4
76329,149,123,26,26
76330,131,131,0,0
76331,81,66,15,15
76332,61,66,-5,5
76333,89,86,3,3
76334,66,56,10,10
76335,64,71,-7,7
76336,76,74,2,2
76337,124,114,10,10
76338,48,56,-8,8
76339,68,77,-9,9
76340,100,98,2,2
76341,96,86,10,10
76342,50,61,-11,11
76343,85,85,0,0
76344,85,82,3,3
76345,61,56,5,5
76346,91,82,9,9
76347,72,69,3,3
76348,129,110,19,19
76349,104,98,6,6
76350,54,68,-14,14
76351,53,60,-7,7
76352,105,107,-2,2
76353,91,98,-7,7
76354,66,68,-2,2
76355,59,63,-4,4
76356,118,113,5,5
76357,109,108,1,1
76358,63,63,0,0
76359,63,59,4,4
76360,68,72,-4,4
76361,166,166,0,0
76362,84,89,-5,5
76363,66,60,6,6
76364,100,115,-15,15
76365,104,95,9,9
76366,65,66,-1,1
76367,57,74,-17,17
76368,99,96,3,3
76369,96,107,-11,11
76370,71,68,3,3
76371,57,66,-9,9
76372,105,114,-9,9
76373,88,84,4,4
76374,54,63,-9,9
76375,181,170,11,11
76376,100,95,5,5
76377,103,98,5,5
76378,138,131,7,7
76379,65,73,-8,8
76380,71,66,5,5
76381,70,67,3,3
76382,72,65,7,7
76383,66,63,3,3
76384,79,72,7,7
76385,169,165,4,4
76386,129,106,23,23
76387,129,107,22,22
76388,63,61,2,2
76389,92,94,-2,2
76390,109,100,9,9
76391,58,63,-5,5
76392,108,93,15,15
76393,107,98,9,9
76394,162,160,2,2
76395,57,55,2,2
76396,109,116,-7,7
76397,86,86,0,0
76398,91,78,13,13
76399,89,69,20,20
76400,93,90,3,3
76401,70,77,-7,7
76402,73,80,-7,7
76403,71,62,9,9
76404,59,65,-6,6
76405,166,155,11,11
76406,71,62,9,9
76407,71,62,9,9
76408,132,120,12,12
76409,103,109,-6,6
76410,114,107,7,7
76411,103,111,-8,8
76412,98,88,10,10
76413,92,84,8,8
76414,102,107,-5,5
76415,113,116,-3,3
76416,130,157,-27,27
76417,56,62,-6,6
76418,127,119,8,8
76419,53,81,-28,28
76420,129,128,1,1
76421,93,82,11,11
76422,133,128,5,5
76423,93,87,6,6
76424,92,91,1,1
76425,45,53,-8,8
76426,96,84,12,12
76427,104,122,-18,18
76428,65,75,-10,10
76429,114,101,13,13
76430,52,62,-10,10
76431,80,77,3,3
76432,135,136,-1,1
76433,78,103,-25,25
76434,69,70,-1,1
76435,61,47,14,14
76436,75,74,1,1
76437,131,136,-5,5
76438,108,120,-12,12
76439,96,90,6,6
76440,178,169,9,9
76441,171,181,-10,10
76442,81,76,5,5
76443,91,74,17,17
76444,69,73,-4,4
76445,146,124,22,22
76446,111,97,14,14
76447,65,67,-2,2
76448,86,82,4,4
76449,79,97,-18,18
76450,108,107,1,1
76451,94,94,0,0
76452,107,99,8,8
76453,100,89,11,11
76454,121,109,12,12
76455,144,158,-14,14
76456,66,65,1,1
76457,40,66,-26,26
76458,99,93,6,6
76459,32,47,-15,15
76460,69,81,-12,12
76461,145,148,-3,3
76462,76,73,3,3
76463,85,78,7,7
76464,53,54,-1,1
76465,27,49,-22,22
76466,55,65,-10,10
76467,41,56,-15,15
76468,57,62,-5,5
76469,83,66,17,17
76470,77,75,2,2
76471,85,89,-4,4
76472,118,111,7,7
76473,55,66,-11,11
76474,62,67,-5,5
76475,111,109,2,2
76476,108,100,8,8
76477,89,79,10,10
76478,97,86,11,11
76479,94,95,-1,1
76480,61,65,-4,4
76481,82,88,-6,6
76482,83,88,-5,5
76483,140,120,20,20
76484,152,128,24,24
76485,86,68,18,18
76486,33,48,-15,15
76487,88,87,1,1
76488,71,60,11,11
76489,97,112,-15,15
76490,81,86,-5,5
76491,129,111,18,18
76492,55,64,-9,9
76493,122,122,0,0
76494,103,108,-5,5
76495,98,88,10,10
76496,89,80,9,9
76497,87,79,8,8
76498,79,87,-8,8
76499,98,109,-11,11
76500,49,48,1,1
76501,82,76,6,6
76502,120,116,4,4
76503,108,97,11,11
76504,169,158,11,11
76505,161,144,17,17
76506,134,144,-10,10
76507,96,95,1,1
76508,56,61,-5,5
76509,101,107,-6,6
76510,86,94,-8,8
76511,82,72,10,10
76512,85,93,-8,8
76513,79,74,5,5
76514,78,77,1,1
76515,105,81,24,24
76516,142,127,15,15
76517,65,72,-7,7
76518,57,53,4,4
76519,81,82,-1,1
76520,139,112,27,27
76521,84,77,7,7
76522,81,82,-1,1
76523,154,138,16,16
76524,147,138,9,9
76525,153,142,11,11
76526,73,77,-4,4
76527,141,142,-1,1
76528,43,48,-5,5
76529,101,96,5,5
76530,42,55,-13,13
76531,78,83,-5,5
76532,97,102,-5,5
76533,65,73,-8,8
76534,58,57,1,1
76535,79,79,0,0
76536,95,93,2,2
76537,105,113,-8,8
76538,37,42,-5,5
76539,82,69,13,13
76540,130,121,9,9
76541,99,107,-8,8
76542,125,97,28,28
76543,51,56,-5,5
76544,87,77,10,10
76545,147,166,-19,19
76546,61,75,-14,14
76547,122,119,3,3
76548,70,75,-5,5
76549,81,66,15,15
76550,93,88,5,5
76551,136,135,1,1
76552,61,74,-13,13
76553,75,83,-8,8
76554,118,103,15,15
76555,110,107,3,3
76556,153,156,-3,3
76557,57,54,3,3
76558,128,112,16,16
76559,118,108,10,10
76560,81,87,-6,6
76561,82,80,2,2
76562,126,119,7,7
76563,110,98,12,12
76564,91,93,-2,2
76565,106,84,22,22
76566,92,87,5,5
76567,74,73,1,1
76568,119,113,6,6
76569,47,64,-17,17
76570,81,90,-9,9
76571,101,99,2,2
76572,91,84,7,7
76573,68,63,5,5
76574,119,116,3,3
76575,90,84,6,6
76576,104,105,-1,1
76577,80,75,5,5
76578,84,82,2,2
76579,132,123,9,9
76580,32,63,-31,31
76581,139,138,1,1
76582,85,80,5,5
76583,83,70,13,13
76584,55,64,-9,9
76585,98,106,-8,8
76586,177,169,8,8
76587,81,81,0,0
76588,90,96,-6,6
76589,133,118,15,15
76590,85,64,21,21
76591,58,53,5,5
76592,133,139,-6,6
76593,81,72,9,9
76594,149,134,15,15
76595,107,103,4,4
76596,113,96,17,17
76597,108,93,15,15
76598,93,85,8,8
76599,100,86,14,14
76600,66,66,0,0
76601,109,103,6,6
76602,77,82,-5,5
76603,208,192,16,16
76604,79,83,-4,4
76605,74,74,0,0
76606,74,76,-2,2
76607,131,118,13,13
76608,127,115,12,12
76609,77,67,10,10
76610,100,83,17,17
76611,82,116,-34,34
76612,100,95,5,5
76613,65,70,-5,5
76614,97,96,1,1
76615,146,130,16,16
76616,99,89,10,10
76617,117,110,7,7
76618,71,72,-1,1
76619,60,56,4,4
76620,75,74,1,1
76621,46,54,-8,8
76622,121,108,13,13
76623,55,54,1,1
76624,119,125,-6,6
76625,178,180,-2,2
76626,131,130,1,1
76627,123,115,8,8
76628,99,99,0,0
76629,164,186,-22,22
76630,69,68,1,1
76631,55,64,-9,9
76632,148,154,-6,6
76633,67,71,-4,4
76634,138,146,-8,8
76635,115,103,12,12
76636,134,127,7,7
76637,91,93,-2,2
76638,94,94,0,0
76639,114,100,14,14
76640,92,88,4,4
76641,98,93,5,5
76642,41,49,-8,8
76643,49,62,-13,13
76644,59,69,-10,10
76645,90,81,9,9
76646,165,152,13,13
76647,53,57,-4,4
76648,67,63,4,4
76649,77,74,3,3
76650,87,82,5,5
76651,65,67,-2,2
76652,133,123,10,10
76653,98,87,11,11
76654,103,100,3,3
76655,85,77,8,8
76656,153,149,4,4
76657,85,74,11,11
76658,126,130,-4,4
76659,102,111,-9,9
76660,115,109,6,6
76661,78,84,-6,6
76662,152,161,-9,9
76663,72,80,-8,8
76664,65,72,-7,7
76665,71,68,3,3
76666,134,127,7,7
76667,104,97,7,7
76668,54,58,-4,4
76669,133,121,12,12
76670,99,75,24,24
76671,69,66,3,3
76672,169,180,-11,11
76673,94,96,-2,2
76674,106,110,-4,4
76675,86,86,0,0
76676,107,100,7,7
76677,52,64,-12,12
76678,71,72,-1,1
76679,87,75,12,12
76680,155,153,2,2
76681,58,59,-1,1
76682,144,133,11,11
76683,111,102,9,9
76684,90,84,6,6
76685,74,62,12,12
76686,100,89,11,11
76687,112,112,0,0
76688,117,117,0,0
76689,48,80,-32,32
76690,107,89,18,18
76691,144,137,7,7
76692,86,70,16,16
76693,101,94,7,7
76694,94,90,4,4
76695,129,120,9,9
76696,132,132,0,0
76697,61,62,-1,1
76698,103,109,-6,6
76699,104,98,6,6
76700,135,118,17,17
76701,76,86,-10,10
76702,112,110,2,2
76703,114,88,26,26
76704,69,67,2,2
76705,92,76,16,16
76706,80,84,-4,4
76707,139,132,7,7
76708,76,74,2,2
76709,71,70,1,1
76710,100,102,-2,2
76711,106,94,12,12
76712,145,128,17,17
76713,76,82,-6,6
76714,92,101,-9,9
76715,49,53,-4,4
76716,110,104,6,6
76717,92,91,1,1
76718,173,151,22,22
76719,98,94,4,4
76720,175,164,11,11
76721,75,81,-6,6
76722,103,80,23,23
76723,111,123,-12,12
76724,215,200,15,15
76725,131,121,10,10
76726,67,71,-4,4
76727,127,138,-11,11
76728,72,73,-1,1
76729,43,74,-31,31
76730,65,76,-11,11
76731,69,68,1,1
76732,149,162,-13,13
76733,75,62,13,13
76734,81,81,0,0
76735,76,60,16,16
76736,53,70,-17,17
76737,79,93,-14,14
76738,152,142,10,10
76739,97,98,-1,1
76740,48,68,-20,20
76741,107,104,3,3
76742,118,112,6,6
76743,78,66,12,12
76744,98,76,22,22
76745,121,108,13,13
76746,108,97,11,11
76747,59,62,-3,3
76748,95,96,-1,1
76749,98,88,10,10
76750,71,64,7,7
76751,76,73,3,3
76752,100,109,-9,9
76753,70,67,3,3
76754,71,70,1,1
76755,94,64,30,30
76756,86,79,7,7
76757,102,111,-9,9
76758,106,101,5,5
76759,74,76,-2,2
76760,49,60,-11,11
76761,103,96,7,7
76762,70,76,-6,6
76763,168,179,-11,11
76764,66,61,5,5
76765,128,129,-1,1
76766,110,98,12,12
76767,82,74,8,8
76768,92,79,13,13
76769,187,193,-6,6
76770,101,118,-17,17
76771,47,62,-15,15
76772,72,73,-1,1
76773,77,76,1,1
76774,30,47,-17,17
76775,124,118,6,6
76776,218,181,37,37
76777,110,109,1,1
76778,106,112,-6,6
76779,133,113,20,20
76780,88,74,14,14
76781,58,73,-15,15
76782,184,175,9,9
76783,152,137,15,15
76784,87,89,-2,2
76785,167,163,4,4
76786,93,95,-2,2
76787,130,109,21,21
76788,96,83,13,13
76789,119,116,3,3
76790,81,75,6,6
76791,52,58,-6,6
76792,66,67,-1,1
76793,102,103,-1,1
76794,76,75,1,1
76795,117,101,16,16
76796,98,89,9,9
76797,81,76,5,5
76798,99,101,-2,2
76799,81,70,11,11
76800,64,71,-7,7
76801,139,145,-6,6
76802,84,82,2,2
76803,68,62,6,6
76804,42,57,-15,15
76805,73,71,2,2
76806,158,121,37,37
76807,101,98,3,3
76808,122,113,9,9
76809,76,93,-17,17
76810,129,148,-19,19
76811,99,92,7,7
76812,71,65,6,6
76813,80,81,-1,1
76814,141,136,5,5
76815,48,56,-8,8
76816,146,136,10,10
76817,83,88,-5,5
76818,102,105,-3,3
76819,87,87,0,0
76820,83,74,9,9
76821,63,64,-1,1
76822,89,85,4,4
76823,142,123,19,19
76824,90,94,-4,4
76825,97,87,10,10
76826,130,124,6,6
76827,88,78,10,10
76828,146,143,3,3
76829,118,104,14,14
76830,124,109,15,15
76831,108,124,-16,16
76832,53,58,-5,5
76833,78,76,2,2
76834,54,60,-6,6
76835,121,111,10,10
76836,105,111,-6,6
76837,47,60,-13,13
76838,58,55,3,3
76839,126,103,23,23
76840,165,143,22,22
76841,118,114,4,4
76842,54,59,-5,5
76843,98,90,8,8
76844,39,54,-15,15
76845,88,93,-5,5
76846,85,117,-32,32
76847,92,99,-7,7
76848,101,101,0,0
76849,69,79,-10,10
76850,70,67,3,3
76851,57,88,-31,31
76852,89,94,-5,5
76853,165,152,13,13
76854,88,86,2,2
76855,142,138,4,4
76856,109,117,-8,8
76857,105,106,-1,1
76858,94,100,-6,6
76859,124,114,10,10
76860,119,114,5,5
76861,41,51,-10,10
76862,102,96,6,6
76863,90,69,21,21
76864,126,121,5,5
76865,59,70,-11,11
76866,74,69,5,5
76867,104,105,-1,1
76868,101,98,3,3
76869,102,99,3,3
76870,123,129,-6,6
76871,90,90,0,0
76872,85,76,9,9
76873,85,94,-9,9
76874,57,66,-9,9
76875,73,74,-1,1
76876,73,81,-8,8
76877,106,96,10,10
76878,47,51,-4,4
76879,91,90,1,1
76880,93,80,13,13
76881,63,63,0,0
76882,80,70,10,10
76883,71,73,-2,2
76884,92,80,12,12
76885,125,109,16,16
76886,82,91,-9,9
76887,97,91,6,6
76888,59,63,-4,4
76889,125,138,-13,13
76890,115,104,11,11
76891,103,91,12,12
76892,97,92,5,5
76893,89,85,4,4
76894,78,82,-4,4
76895,159,158,1,1
76896,117,129,-12,12
76897,100,87,13,13
76898,104,100,4,4
76899,97,99,-2,2
76900,114,102,12,12
76901,118,123,-5,5
76902,99,80,19,19
76903,98,87,11,11
76904,114,111,3,3
76905,99,94,5,5
76906,95,91,4,4
76907,68,64,4,4
76908,119,110,9,9
76909,125,113,12,12
76910,74,70,4,4
76911,97,87,10,10
76912,101,94,7,7
76913,157,158,-1,1
76914,141,143,-2,2
76915,132,132,0,0
76916,104,105,-1,1
76917,85,87,-2,2
76918,110,108,2,2
76919,91,86,5,5
76920,53,53,0,0
76921,81,84,-3,3
76922,78,80,-2,2
76923,79,84,-5,5
76924,73,63,10,10
76925,81,83,-2,2
76926,89,88,1,1
76927,78,70,8,8
76928,122,115,7,7
76929,64,73,-9,9
76930,52,63,-11,11
76931,87,84,3,3
76932,134,130,4,4
76933,104,100,4,4
76934,116,113,3,3
76935,102,103,-1,1
76936,160,99,61,61
76937,83,76,7,7
76938,159,166,-7,7
76939,130,135,-5,5
76940,92,83,9,9
76941,95,84,11,11
76942,179,198,-19,19
76943,132,108,24,24
76944,53,53,0,0
76945,100,88,12,12
76946,105,93,12,12
76947,77,76,1,1
76948,115,106,9,9
76949,126,124,2,2
76950,91,86,5,5
76951,79,79,0,0
76952,40,56,-16,16
76953,128,121,7,7
76954,145,131,14,14
76955,153,139,14,14
76956,81,75,6,6
76957,113,119,-6,6
76958,138,119,19,19
76959,100,99,1,1
76960,77,63,14,14
76961,71,73,-2,2
76962,110,113,-3,3
76963,118,112,6,6
76964,137,134,3,3
76965,94,86,8,8
76966,65,64,1,1
76967,52,65,-13,13
76968,74,63,11,11
76969,68,65,3,3
76970,101,104,-3,3
76971,104,107,-3,3
76972,138,132,6,6
76973,71,65,6,6
76974,140,125,15,15
76975,83,70,13,13
76976,91,85,6,6
76977,125,110,15,15
76978,77,78,-1,1
76979,63,74,-11,11
76980,116,112,4,4
76981,102,94,8,8
76982,121,126,-5,5
76983,116,112,4,4
76984,181,187,-6,6
76985,112,114,-2,2
76986,151,161,-10,10
76987,127,121,6,6
76988,87,82,5,5
76989,123,104,19,19
76990,74,81,-7,7
76991,161,152,9,9
76992,48,71,-23,23
76993,207,201,6,6
76994,124,130,-6,6
76995,91,98,-7,7
76996,104,106,-2,2
76997,118,122,-4,4
76998,112,113,-1,1
76999,70,69,1,1
77000,76,71,5,5
77001,133,124,9,9
77002,79,75,4,4
77003,56,71,-15,15
77004,111,130,-19,19
77005,48,59,-11,11
77006,80,75,5,5
77007,144,120,24,24
77008,39,42,-3,3
77009,91,82,9,9
77010,97,96,1,1
77011,93,78,15,15
77012,142,126,16,16
77013,116,109,7,7
77014,86,80,6,6
77015,128,131,-3,3
77016,101,104,-3,3
77017,53,64,-11,11
77018,153,143,10,10
77019,69,71,-2,2
77020,101,84,17,17
77021,146,135,11,11
77022,107,100,7,7
77023,86,86,0,0
77024,44,50,-6,6
77025,64,67,-3,3
77026,90,70,20,20
77027,69,65,4,4
77028,78,69,9,9
77029,141,129,12,12
77030,54,45,9,9
77031,61,55,6,6
77032,140,118,22,22
77033,158,140,18,18
77034,96,85,11,11
77035,159,160,-1,1
77036,155,127,28,28
77037,152,133,19,19
77038,62,69,-7,7
77039,84,67,17,17
77040,197,195,2,2
77041,123,116,7,7
77042,80,75,5,5
77043,25,48,-23,23
77044,140,149,-9,9
77045,65,72,-7,7
77046,67,98,-31,31
77047,62,64,-2,2
77048,71,64,7,7
77049,138,134,4,4
77050,73,70,3,3
77051,84,80,4,4
77052,227,211,16,16
77053,97,91,6,6
77054,47,61,-14,14
77055,74,80,-6,6
77056,75,78,-3,3
77057,64,68,-4,4
77058,107,102,5,5
77059,60,63,-3,3
77060,70,77,-7,7
77061,117,95,22,22
77062,110,111,-1,1
77063,118,109,9,9
77064,86,86,0,0
77065,61,65,-4,4
77066,72,70,2,2
77067,153,147,6,6
77068,92,89,3,3
77069,117,119,-2,2
77070,79,79,0,0
77071,111,100,11,11
77072,48,53,-5,5
77073,71,60,11,11
77074,100,98,2,2
77075,90,79,11,11
77076,67,66,1,1
77077,111,106,5,5
77078,68,68,0,0
77079,113,103,10,10
77080,78,92,-14,14
77081,94,86,8,8
77082,86,85,1,1
77083,131,133,-2,2
77084,142,126,16,16
77085,83,81,2,2
77086,62,73,-11,11
77087,74,65,9,9
77088,143,146,-3,3
77089,163,155,8,8
77090,78,75,3,3
77091,42,61,-19,19
77092,69,60,9,9
77093,68,58,10,10
77094,132,128,4,4
77095,59,61,-2,2
77096,107,107,0,0
77097,107,104,3,3
77098,49,56,-7,7
77099,114,111,3,3
77100,87,84,3,3
77101,103,76,27,27
77102,122,108,14,14
77103,114,107,7,7
77104,172,164,8,8
77105,69,70,-1,1
77106,57,59,-2,2
77107,108,104,4,4
77108,80,89,-9,9
77109,70,67,3,3
77110,126,117,9,9
77111,102,92,10,10
77112,45,52,-7,7
77113,72,66,6,6
77114,174,155,19,19
77115,101,99,2,2
77116,53,60,-7,7
77117,71,64,7,7
77118,157,176,-19,19
77119,139,125,14,14
77120,116,108,8,8
77121,86,74,12,12
77122,96,83,13,13
77123,107,106,1,1
77124,98,109,-11,11
77125,89,87,2,2
77126,117,126,-9,9
77127,108,105,3,3
77128,54,55,-1,1
77129,116,118,-2,2
77130,111,105,6,6
77131,139,139,0,0
77132,74,78,-4,4
77133,117,119,-2,2
77134,106,115,-9,9
77135,158,145,13,13
77136,97,92,5,5
77137,70,69,1,1
77138,106,109,-3,3
77139,82,70,12,12
77140,141,124,17,17
77141,132,126,6,6
77142,114,101,13,13
77143,145,142,3,3
77144,56,64,-8,8
77145,109,92,17,17
77146,131,113,18,18
77147,154,109,45,45
77148,73,66,7,7
77149,63,70,-7,7
77150,134,149,-15,15
77151,91,79,12,12
77152,127,116,11,11
77153,42,50,-8,8
77154,101,105,-4,4
77155,52,56,-4,4
77156,143,145,-2,2
77157,92,86,6,6
77158,84,88,-4,4
77159,101,119,-18,18
77160,117,117,0,0
77161,85,88,-3,3
77162,52,56,-4,4
77163,74,64,10,10
77164,78,67,11,11
77165,64,64,0,0
77166,90,98,-8,8
77167,59,59,0,0
77168,53,59,-6,6
77169,94,95,-1,1
77170,77,72,5,5
77171,108,88,20,20
77172,138,133,5,5
77173,83,89,-6,6
77174,150,137,13,13
77175,108,102,6,6
77176,64,65,-1,1
77177,101,106,-5,5
77178,92,82,10,10
77179,150,136,14,14
77180,133,130,3,3
77181,42,59,-17,17
77182,43,52,-9,9
77183,63,63,0,0
77184,82,81,1,1
77185,56,56,0,0
77186,101,109,-8,8
77187,65,88,-23,23
77188,112,102,10,10
77189,50,57,-7,7
77190,130,114,16,16
77191,88,95,-7,7
77192,74,68,6,6
77193,129,144,-15,15
77194,57,67,-10,10
77195,110,112,-2,2
77196,99,100,-1,1
77197,77,64,13,13
77198,117,120,-3,3
77199,107,99,8,8
77200,62,63,-1,1
77201,75,72,3,3
77202,97,95,2,2
77203,54,48,6,6
77204,80,76,4,4
77205,84,78,6,6
77206,52,54,-2,2
77207,106,99,7,7
77208,99,118,-19,19
77209,92,78,14,14
77210,53,63,-10,10
77211,135,138,-3,3
77212,116,107,9,9
77213,96,103,-7,7
77214,116,104,12,12
77215,90,85,5,5
77216,187,165,22,22
77217,55,86,-31,31
77218,48,44,4,4
77219,77,86,-9,9
77220,74,71,3,3
77221,97,98,-1,1
77222,159,152,7,7
77223,127,125,2,2
77224,83,77,6,6
77225,67,65,2,2
77226,103,96,7,7
77227,68,61,7,7
77228,75,66,9,9
77229,88,89,-1,1
77230,82,116,-34,34
77231,128,116,12,12
77232,177,173,4,4
77233,140,132,8,8
77234,108,87,21,21
77235,59,62,-3,3
77236,97,95,2,2
77237,105,100,5,5
77238,59,67,-8,8
77239,74,72,2,2
77240,63,68,-5,5
77241,53,62,-9,9
77242,67,63,4,4
77243,88,78,10,10
77244,116,112,4,4
77245,141,134,7,7
77246,123,120,3,3
77247,111,107,4,4
77248,89,79,10,10
77249,112,90,22,22
77250,118,112,6,6
77251,51,55,-4,4
77252,165,160,5,5
77253,70,76,-6,6
77254,92,89,3,3
77255,156,136,20,20
77256,160,137,23,23
77257,64,62,2,2
77258,137,130,7,7
77259,93,89,4,4
77260,124,122,2,2
77261,77,85,-8,8
77262,128,127,1,1
77263,79,71,8,8
77264,61,59,2,2
77265,112,108,4,4
77266,45,62,-17,17
77267,67,61,6,6
77268,126,119,7,7
77269,92,85,7,7
77270,74,84,-10,10
77271,67,69,-2,2
77272,105,91,14,14
77273,167,171,-4,4
77274,131,123,8,8
77275,84,122,-38,38
77276,110,114,-4,4
77277,72,70,2,2
77278,71,111,-40,40
77279,115,121,-6,6
77280,159,145,14,14
77281,82,76,6,6
77282,100,105,-5,5
77283,70,69,1,1
77284,104,109,-5,5
77285,49,59,-10,10
77286,104,101,3,3
77287,101,107,-6,6
77288,66,61,5,5
77289,87,78,9,9
77290,85,99,-14,14
77291,124,139,-15,15
77292,121,109,12,12
77293,97,87,10,10
77294,63,63,0,0
77295,93,94,-1,1
77296,79,72,7,7
77297,49,55,-6,6
77298,95,95,0,0
77299,76,76,0,0
77300,133,131,2,2
77301,66,71,-5,5
77302,85,79,6,6
77303,228,305,-77,77
77304,124,131,-7,7
77305,90,75,15,15
77306,95,80,15,15
77307,54,59,-5,5
77308,82,85,-3,3
77309,155,141,14,14
77310,173,169,4,4
77311,171,167,4,4
77312,42,63,-21,21
77313,141,149,-8,8
77314,92,84,8,8
77315,94,91,3,3
77316,82,74,8,8
77317,132,124,8,8
77318,124,120,4,4
77319,94,82,12,12
77320,60,68,-8,8
77321,58,59,-1,1
77322,102,103,-1,1
77323,112,111,1,1
77324,121,117,4,4
77325,133,136,-3,3
77326,54,68,-14,14
77327,105,105,0,0
77328,82,79,3,3
77329,104,99,5,5
77330,91,76,15,15
77331,103,111,-8,8
77332,96,100,-4,4
77333,147,154,-7,7
77334,95,94,1,1
77335,111,110,1,1
77336,106,107,-1,1
77337,59,64,-5,5
77338,77,64,13,13
77339,97,91,6,6
77340,73,65,8,8
77341,105,97,8,8
77342,122,114,8,8
77343,55,60,-5,5
77344,108,103,5,5
77345,59,67,-8,8
77346,124,126,-2,2
77347,116,121,-5,5
77348,100,101,-1,1
77349,76,82,-6,6
77350,102,93,9,9
77351,95,102,-7,7
77352,138,122,16,16
77353,119,114,5,5
77354,78,76,2,2
77355,108,110,-2,2
77356,34,46,-12,12
77357,105,102,3,3
77358,120,110,10,10
77359,91,88,3,3
77360,103,107,-4,4
77361,75,73,2,2
77362,176,162,14,14
77363,85,76,9,9
77364,75,73,2,2
77365,103,100,3,3
77366,81,75,6,6
77367,105,115,-10,10
77368,50,56,-6,6
77369,118,108,10,10
77370,163,151,12,12
77371,137,128,9,9
77372,167,158,9,9
77373,116,101,15,15
77374,52,49,3,3
77375,115,109,6,6
77376,188,207,-19,19
77377,187,181,6,6
77378,84,75,9,9
77379,124,116,8,8
77380,95,85,10,10
77381,79,83,-4,4
77382,72,62,10,10
77383,68,72,-4,4
77384,116,113,3,3
77385,83,85,-2,2
77386,94,88,6,6
77387,63,72,-9,9
77388,200,226,-26,26
77389,61,58,3,3
77390,148,140,8,8
77391,56,60,-4,4
77392,110,100,10,10
77393,94,92,2,2
77394,59,62,-3,3
77395,76,66,10,10
77396,67,77,-10,10
77397,102,104,-2,2
77398,165,144,21,21
77399,79,86,-7,7
77400,74,64,10,10
77401,136,131,5,5
77402,116,92,24,24
77403,95,96,-1,1
77404,112,110,2,2
77405,65,66,-1,1
77406,43,56,-13,13
77407,92,87,5,5
77408,48,48,0,0
77409,75,69,6,6
77410,118,108,10,10
77411,99,83,16,16
77412,101,89,12,12
77413,41,63,-22,22
77414,78,85,-7,7
77415,129,108,21,21
77416,109,108,1,1
77417,81,78,3,3
77418,167,166,1,1
77419,55,73,-18,18
77420,202,165,37,37
77421,118,113,5,5
77422,122,127,-5,5
77423,67,65,2,2
77424,67,65,2,2
77425,54,62,-8,8
77426,54,55,-1,1
77427,89,94,-5,5
77428,107,107,0,0
77429,94,95,-1,1
77430,72,67,5,5
77431,127,131,-4,4
77432,84,85,-1,1
77433,64,74,-10,10
77434,96,94,2,2
77435,116,105,11,11
77436,127,124,3,3
77437,128,116,12,12
77438,118,127,-9,9
77439,62,62,0,0
77440,73,64,9,9
77441,36,60,-24,24
77442,165,142,23,23
77443,100,105,-5,5
77444,65,69,-4,4
77445,75,77,-2,2
77446,75,81,-6,6
77447,97,97,0,0
77448,93,111,-18,18
77449,57,61,-4,4
77450,59,70,-11,11
77451,85,84,1,1
77452,99,104,-5,5
77453,87,85,2,2
77454,102,109,-7,7
77455,75,68,7,7
77456,92,94,-2,2
77457,79,90,-11,11
77458,50,66,-16,16
77459,48,53,-5,5
77460,217,197,20,20
77461,132,119,13,13
77462,101,96,5,5
77463,82,77,5,5
77464,116,116,0,0
77465,112,93,19,19
77466,66,80,-14,14
77467,81,87,-6,6
77468,56,58,-2,2
77469,97,81,16,16
77470,84,79,5,5
77471,37,49,-12,12
77472,74,65,9,9
77473,127,121,6,6
77474,54,66,-12,12
77475,80,80,0,0
77476,57,63,-6,6
77477,106,67,39,39
77478,91,86,5,5
77479,103,98,5,5
77480,114,99,15,15
77481,131,135,-4,4
77482,85,77,8,8
77483,85,91,-6,6
77484,93,92,1,1
77485,74,78,-4,4
77486,88,92,-4,4
77487,52,66,-14,14
77488,41,61,-20,20
77489,82,83,-1,1
77490,112,105,7,7
77491,67,80,-13,13
77492,69,70,-1,1
77493,150,131,19,19
77494,93,88,5,5
77495,63,60,3,3
77496,95,85,10,10
77497,46,49,-3,3
77498,72,71,1,1
77499,77,77,0,0
77500,87,92,-5,5
77501,121,135,-14,14
77502,149,134,15,15
77503,82,66,16,16
77504,57,61,-4,4
77505,127,105,22,22
77506,103,99,4,4
77507,96,98,-2,2
77508,82,75,7,7
77509,161,158,3,3
77510,133,123,10,10
77511,73,74,-1,1
77512,71,66,5,5
77513,168,154,14,14
77514,137,136,1,1
77515,72,58,14,14
77516,77,74,3,3
77517,114,106,8,8
77518,115,105,10,10
77519,70,61,9,9
77520,78,75,3,3
77521,118,106,12,12
77522,88,82,6,6
77523,81,79,2,2
77524,118,115,3,3
77525,60,64,-4,4
77526,98,95,3,3
77527,99,88,11,11
77528,55,53,2,2
77529,100,98,2,2
77530,75,75,0,0
77531,77,74,3,3
77532,139,146,-7,7
77533,99,93,6,6
77534,106,104,2,2
77535,92,94,-2,2
77536,87,82,5,5
77537,55,67,-12,12
77538,89,99,-10,10
77539,106,108,-2,2
77540,161,161,0,0
77541,72,77,-5,5
77542,119,103,16,16
77543,90,81,9,9
77544,110,106,4,4
77545,51,55,-4,4
77546,63,65,-2,2
77547,42,54,-12,12
77548,85,74,11,11
77549,144,128,16,16
77550,69,73,-4,4
77551,43,60,-17,17
77552,94,89,5,5
77553,178,198,-20,20
77554,80,79,1,1
77555,65,65,0,0
77556,62,69,-7,7
77557,62,71,-9,9
77558,144,146,-2,2
77559,102,92,10,10
77560,104,98,6,6
77561,45,53,-8,8
77562,57,59,-2,2
77563,132,101,31,31
77564,105,101,4,4
77565,99,94,5,5
77566,60,81,-21,21
77567,72,69,3,3
77568,122,124,-2,2
77569,141,134,7,7
77570,94,83,11,11
77571,89,92,-3,3
77572,43,54,-11,11
77573,160,154,6,6
77574,84,73,11,11
77575,84,84,0,0
77576,90,87,3,3
77577,68,68,0,0
77578,189,174,15,15
77579,77,77,0,0
77580,59,68,-9,9
77581,139,133,6,6
77582,98,94,4,4
77583,147,133,14,14
77584,158,134,24,24
77585,97,91,6,6
77586,109,115,-6,6
77587,112,98,14,14
77588,74,68,6,6
77589,155,144,11,11
77590,75,75,0,0
77591,129,122,7,7
77592,189,197,-8,8
77593,98,98,0,0
77594,68,74,-6,6
77595,100,98,2,2
77596,136,113,23,23
77597,144,136,8,8
77598,123,115,8,8
77599,60,61,-1,1
77600,131,118,13,13
77601,74,79,-5,5
77602,148,123,25,25
77603,112,101,11,11
77604,60,60,0,0
77605,89,85,4,4
77606,83,86,-3,3
77607,100,84,16,16
77608,70,73,-3,3
77609,119,118,1,1
77610,52,64,-12,12
77611,72,71,1,1
77612,127,113,14,14
77613,82,78,4,4
77614,65,69,-4,4
77615,75,65,10,10
77616,65,71,-6,6
77617,80,91,-11,11
77618,95,115,-20,20
77619,74,84,-10,10
77620,107,102,5,5
77621,63,69,-6,6
77622,117,112,5,5
77623,83,74,9,9
77624,74,67,7,7
77625,56,57,-1,1
77626,143,151,-8,8
77627,61,66,-5,5
77628,92,92,0,0
77629,147,170,-23,23
77630,68,79,-11,11
77631,95,88,7,7
77632,80,88,-8,8
77633,129,118,11,11
77634,133,152,-19,19
77635,47,62,-15,15
77636,65,60,5,5
77637,85,84,1,1
77638,100,95,5,5
77639,113,110,3,3
77640,104,95,9,9
77641,70,67,3,3
77642,16,50,-34,34
77643,102,92,10,10
77644,125,125,0,0
77645,83,86,-3,3
77646,114,100,14,14
77647,150,159,-9,9
77648,164,148,16,16
77649,97,98,-1,1
77650,71,67,4,4
77651,78,76,2,2
77652,128,118,10,10
77653,111,108,3,3
77654,78,72,6,6
77655,83,83,0,0
77656,84,77,7,7
77657,81,78,3,3
77658,103,104,-1,1
77659,91,91,0,0
77660,79,71,8,8
77661,84,76,8,8
77662,143,121,22,22
77663,97,92,5,5
77664,85,84,1,1
77665,120,111,9,9
77666,88,97,-9,9
77667,114,94,20,20
77668,116,105,11,11
77669,72,76,-4,4
77670,101,86,15,15
77671,129,121,8,8
77672,119,97,22,22
77673,86,88,-2,2
77674,75,85,-10,10
77675,76,71,5,5
77676,84,82,2,2
77677,75,82,-7,7
77678,124,116,8,8
77679,177,192,-15,15
77680,75,76,-1,1
77681,117,106,11,11
77682,99,124,-25,25
77683,50,53,-3,3
77684,70,70,0,0
77685,115,112,3,3
77686,60,61,-1,1
77687,96,90,6,6
77688,142,135,7,7
77689,87,84,3,3
77690,112,109,3,3
77691,116,100,16,16
77692,56,63,-7,7
77693,158,168,-10,10
77694,188,196,-8,8
77695,181,167,14,14
77696,104,91,13,13
77697,159,158,1,1
77698,122,121,1,1
77699,69,73,-4,4
77700,105,100,5,5
77701,84,89,-5,5
77702,80,70,10,10
77703,62,66,-4,4
77704,75,71,4,4
77705,72,82,-10,10
77706,86,85,1,1
77707,99,98,1,1
77708,59,56,3,3
77709,104,92,12,12
77710,78,78,0,0
77711,97,99,-2,2
77712,129,126,3,3
77713,64,68,-4,4
77714,105,95,10,10
77715,93,82,11,11
77716,92,89,3,3
77717,40,49,-9,9
77718,98,96,2,2
77719,132,137,-5,5
77720,67,73,-6,6
77721,51,83,-32,32
77722,81,85,-4,4
77723,142,136,6,6
77724,145,137,8,8
77725,72,66,6,6
77726,102,94,8,8
77727,87,84,3,3
77728,111,107,4,4
77729,80,81,-1,1
77730,85,91,-6,6
77731,144,131,13,13
77732,66,67,-1,1
77733,98,97,1,1
77734,91,92,-1,1
77735,61,69,-8,8
77736,46,55,-9,9
77737,89,98,-9,9
77738,105,96,9,9
77739,102,86,16,16
77740,100,100,0,0
77741,58,63,-5,5
77742,116,118,-2,2
77743,73,71,2,2
77744,96,90,6,6
77745,89,84,5,5
77746,79,84,-5,5
77747,74,66,8,8
77748,100,80,20,20
77749,35,58,-23,23
77750,49,55,-6,6
77751,79,84,-5,5
77752,102,90,12,12
77753,104,81,23,23
77754,198,187,11,11
77755,136,124,12,12
77756,62,62,0,0
77757,100,92,8,8
77758,89,81,8,8
77759,131,123,8,8
77760,82,78,4,4
77761,157,151,6,6
77762,71,68,3,3
77763,54,61,-7,7
77764,115,119,-4,4
77765,80,83,-3,3
77766,69,69,0,0
77767,80,68,12,12
77768,89,90,-1,1
77769,91,89,2,2
77770,171,141,30,30
77771,86,84,2,2
77772,120,112,8,8
77773,72,74,-2,2
77774,67,68,-1,1
77775,122,145,-23,23
77776,71,59,12,12
77777,119,122,-3,3
77778,80,78,2,2
77779,110,89,21,21
77780,47,68,-21,21
77781,193,169,24,24
77782,80,75,5,5
77783,52,69,-17,17
77784,61,65,-4,4
77785,90,77,13,13
77786,85,85,0,0
77787,74,74,0,0
77788,85,88,-3,3
77789,125,152,-27,27
77790,150,141,9,9
77791,89,80,9,9
77792,93,84,9,9
77793,131,133,-2,2
77794,66,68,-2,2
77795,78,77,1,1
77796,151,153,-2,2
77797,91,84,7,7
77798,75,78,-3,3
77799,39,49,-10,10
77800,54,61,-7,7
77801,106,92,14,14
77802,128,130,-2,2
77803,49,59,-10,10
77804,124,123,1,1
77805,76,73,3,3
77806,89,86,3,3
77807,48,61,-13,13
77808,135,157,-22,22
77809,108,102,6,6
77810,113,109,4,4
77811,97,83,14,14
77812,155,146,9,9
77813,154,138,16,16
77814,118,102,16,16
77815,87,78,9,9
77816,56,65,-9,9
77817,56,68,-12,12
77818,70,79,-9,9
77819,45,57,-12,12
77820,49,71,-22,22
77821,91,80,11,11
77822,76,65,11,11
77823,81,94,-13,13
77824,121,117,4,4
77825,109,100,9,9
77826,72,63,9,9
77827,75,82,-7,7
77828,35,54,-19,19
77829,90,91,-1,1
77830,132,123,9,9
77831,140,154,-14,14
77832,75,76,-1,1
77833,76,72,4,4
77834,111,130,-19,19
77835,92,96,-4,4
77836,120,134,-14,14
77837,119,114,5,5
77838,78,79,-1,1
77839,86,84,2,2
77840,60,59,1,1
77841,158,145,13,13
77842,94,82,12,12
77843,126,119,7,7
77844,112,98,14,14
77845,112,101,11,11
77846,73,75,-2,2
77847,94,100,-6,6
77848,133,111,22,22
77849,70,54,16,16
77850,83,75,8,8
77851,117,114,3,3
77852,104,103,1,1
77853,109,102,7,7
77854,173,149,24,24
77855,55,66,-11,11
77856,46,56,-10,10
77857,36,46,-10,10
77858,76,72,4,4
77859,136,133,3,3
77860,102,99,3,3
77861,110,108,2,2
77862,94,80,14,14
77863,80,67,13,13
77864,149,134,15,15
77865,249,241,8,8
77866,150,159,-9,9
77867,49,58,-9,9
77868,58,55,3,3
77869,54,57,-3,3
77870,83,65,18,18
77871,119,108,11,11
77872,58,66,-8,8
77873,123,108,15,15
77874,125,111,14,14
77875,115,113,2,2
77876,74,76,-2,2
77877,71,61,10,10
77878,162,138,24,24
77879,96,88,8,8
77880,63,51,12,12
77881,87,86,1,1
77882,74,57,17,17
77883,70,88,-18,18
77884,114,114,0,0
77885,72,64,8,8
77886,58,64,-6,6
77887,117,108,9,9
77888,77,92,-15,15
77889,57,59,-2,2
77890,142,128,14,14
77891,57,71,-14,14
77892,77,67,10,10
77893,100,119,-19,19
77894,92,103,-11,11
77895,53,60,-7,7
77896,98,92,6,6
77897,96,93,3,3
77898,67,66,1,1
77899,69,76,-7,7
77900,108,107,1,1
77901,97,84,13,13
77902,75,64,11,11
77903,97,94,3,3
77904,127,114,13,13
77905,87,77,10,10
77906,86,84,2,2
77907,84,71,13,13
77908,86,83,3,3
77909,88,91,-3,3
77910,97,86,11,11
77911,86,78,8,8
77912,79,82,-3,3
77913,183,187,-4,4
77914,97,99,-2,2
77915,136,137,-1,1
77916,78,80,-2,2
77917,128,125,3,3
77918,116,105,11,11
77919,167,167,0,0
77920,143,148,-5,5
77921,72,81,-9,9
77922,101,97,4,4
77923,89,75,14,14
77924,63,67,-4,4
77925,136,129,7,7
77926,129,121,8,8
77927,77,79,-2,2
77928,70,78,-8,8
77929,114,109,5,5
77930,100,110,-10,10
77931,133,123,10,10
77932,130,127,3,3
77933,64,59,5,5
77934,105,106,-1,1
77935,171,147,24,24
77936,120,101,19,19
77937,95,94,1,1
77938,72,78,-6,6
77939,75,74,1,1
77940,110,94,16,16
77941,119,109,10,10
77942,184,179,5,5
77943,132,140,-8,8
77944,128,134,-6,6
77945,78,83,-5,5
77946,124,131,-7,7
77947,123,122,1,1
77948,105,90,15,15
77949,51,54,-3,3
77950,89,98,-9,9
77951,58,58,0,0
77952,112,112,0,0
77953,97,92,5,5
77954,95,97,-2,2
77955,79,75,4,4
77956,85,78,7,7
77957,135,119,16,16
77958,127,125,2,2
77959,95,80,15,15
77960,141,151,-10,10
77961,76,72,4,4
77962,63,66,-3,3
77963,106,88,18,18
77964,95,83,12,12
77965,91,77,14,14
77966,147,147,0,0
77967,124,117,7,7
77968,88,75,13,13
77969,70,63,7,7
77970,80,87,-7,7
77971,41,63,-22,22
77972,59,59,0,0
77973,97,103,-6,6
77974,61,64,-3,3
77975,148,141,7,7
77976,106,101,5,5
77977,102,117,-15,15
77978,66,67,-1,1
77979,75,61,14,14
77980,98,84,14,14
77981,58,49,9,9
77982,59,67,-8,8
77983,53,58,-5,5
77984,53,70,-17,17
77985,121,106,15,15
77986,101,87,14,14
77987,145,143,2,2
77988,57,61,-4,4
77989,74,61,13,13
77990,65,59,6,6
77991,79,80,-1,1
77992,117,113,4,4
77993,65,59,6,6
77994,64,60,4,4
77995,81,68,13,13
77996,125,105,20,20
77997,67,67,0,0
77998,69,68,1,1
77999,59,62,-3,3
78000,126,113,13,13
78001,106,101,5,5
78002,63,59,4,4
78003,89,92,-3,3
78004,120,94,26,26
78005,97,96,1,1
78006,70,65,5,5
78007,116,119,-3,3
78008,77,65,12,12
78009,49,55,-6,6
78010,71,67,4,4
78011,64,78,-14,14
78012,72,65,7,7
78013,128,107,21,21
78014,98,90,8,8
78015,66,77,-11,11
78016,112,113,-1,1
78017,51,69,-18,18
78018,85,81,4,4
78019,100,91,9,9
78020,92,83,9,9
78021,111,102,9,9
78022,100,125,-25,25
78023,96,96,0,0
78024,166,155,11,11
78025,137,148,-11,11
78026,72,73,-1,1
78027,115,114,1,1
78028,88,77,11,11
78029,91,87,4,4
78030,103,104,-1,1
78031,47,55,-8,8
78032,86,79,7,7
78033,136,124,12,12
78034,157,159,-2,2
78035,124,133,-9,9
78036,137,144,-7,7
78037,101,97,4,4
78038,74,70,4,4
78039,85,71,14,14
78040,45,50,-5,5
78041,168,167,1,1
78042,115,106,9,9
78043,116,132,-16,16
78044,84,96,-12,12
78045,102,102,0,0
78046,59,63,-4,4
78047,106,112,-6,6
78048,60,55,5,5
78049,123,109,14,14
78050,85,73,12,12
78051,60,66,-6,6
78052,82,74,8,8
78053,160,155,5,5
78054,82,77,5,5
78055,83,75,8,8
78056,73,68,5,5
78057,113,111,2,2
78058,95,86,9,9
78059,100,93,7,7
78060,40,58,-18,18
78061,80,73,7,7
78062,110,107,3,3
78063,144,137,7,7
78064,115,95,20,20
78065,64,82,-18,18
78066,119,108,11,11
78067,102,98,4,4
78068,159,146,13,13
78069,104,91,13,13
78070,91,87,4,4
78071,133,133,0,0
78072,98,95,3,3
78073,96,102,-6,6
78074,134,130,4,4
78075,160,152,8,8
78076,59,71,-12,12
78077,74,74,0,0
78078,106,91,15,15
78079,64,66,-2,2
78080,90,99,-9,9
78081,67,72,-5,5
78082,100,99,1,1
78083,68,62,6,6
78084,159,161,-2,2
78085,87,82,5,5
78086,123,129,-6,6
78087,78,78,0,0
78088,95,85,10,10
78089,56,70,-14,14
78090,102,94,8,8
78091,108,85,23,23
78092,73,64,9,9
78093,111,113,-2,2
78094,137,130,7,7
78095,84,80,4,4
78096,89,79,10,10
78097,70,84,-14,14
78098,78,77,1,1
78099,152,152,0,0
78100,81,76,5,5
78101,49,62,-13,13
78102,69,68,1,1
78103,102,84,18,18
78104,62,63,-1,1
78105,91,84,7,7
78106,72,54,18,18
78107,47,50,-3,3
78108,184,170,14,14
78109,103,93,10,10
78110,69,73,-4,4
78111,51,67,-16,16
78112,120,130,-10,10
78113,105,87,18,18
78114,46,54,-8,8
78115,75,75,0,0
78116,71,68,3,3
78117,45,61,-16,16
78118,80,90,-10,10
78119,79,88,-9,9
78120,78,74,4,4
78121,62,70,-8,8
78122,86,88,-2,2
78123,122,127,-5,5
78124,101,100,1,1
78125,72,68,4,4
78126,141,132,9,9
78127,69,76,-7,7
78128,93,90,3,3
78129,55,58,-3,3
78130,121,113,8,8
78131,105,103,2,2
78132,99,83,16,16
78133,195,175,20,20
78134,76,71,5,5
78135,124,113,11,11
78136,100,78,22,22
78137,152,153,-1,1
78138,108,106,2,2
78139,49,60,-11,11
78140,176,166,10,10
78141,104,195,-91,91
78142,81,59,22,22
78143,97,88,9,9
78144,58,63,-5,5
78145,110,101,9,9
78146,55,51,4,4
78147,69,65,4,4
78148,107,137,-30,30
78149,71,75,-4,4
78150,88,93,-5,5
78151,43,60,-17,17
78152,117,115,2,2
78153,81,64,17,17
78154,75,79,-4,4
78155,108,110,-2,2
78156,63,65,-2,2
78157,74,70,4,4
78158,68,67,1,1
78159,62,59,3,3
78160,52,58,-6,6
78161,78,77,1,1
78162,108,111,-3,3
78163,188,169,19,19
78164,61,66,-5,5
78165,77,77,0,0
78166,97,83,14,14
78167,67,66,1,1
78168,77,98,-21,21
78169,91,92,-1,1
78170,69,75,-6,6
78171,131,141,-10,10
78172,56,59,-3,3
78173,49,57,-8,8
78174,126,124,2,2
78175,114,102,12,12
78176,90,86,4,4
78177,75,86,-11,11
78178,83,88,-5,5
78179,92,93,-1,1
78180,83,80,3,3
78181,89,86,3,3
78182,85,87,-2,2
78183,70,67,3,3
78184,108,102,6,6
78185,71,72,-1,1
78186,68,61,7,7
78187,70,69,1,1
78188,107,108,-1,1
78189,58,65,-7,7
78190,51,51,0,0
78191,55,76,-21,21
78192,161,158,3,3
78193,46,57,-11,11
78194,92,86,6,6
78195,154,152,2,2
78196,83,80,3,3
78197,128,123,5,5
78198,73,81,-8,8
78199,87,80,7,7
78200,122,115,7,7
78201,108,83,25,25
78202,76,84,-8,8
78203,59,69,-10,10
78204,83,87,-4,4
78205,92,90,2,2
78206,96,88,8,8
78207,105,85,20,20
78208,58,74,-16,16
78209,81,72,9,9
78210,110,97,13,13
78211,44,59,-15,15
78212,81,86,-5,5
78213,63,77,-14,14
78214,78,76,2,2
78215,68,71,-3,3
78216,120,129,-9,9
78217,181,165,16,16
78218,141,128,13,13
78219,178,165,13,13
78220,64,57,7,7
78221,72,71,1,1
78222,45,54,-9,9
78223,143,122,21,21
78224,145,133,12,12
78225,111,120,-9,9
78226,86,82,4,4
78227,125,124,1,1
78228,79,75,4,4
78229,67,67,0,0
78230,173,164,9,9
78231,81,82,-1,1
78232,88,88,0,0
78233,63,65,-2,2
78234,66,77,-11,11
78235,96,94,2,2
78236,100,69,31,31
78237,57,63,-6,6
78238,125,107,18,18
78239,156,148,8,8
78240,125,120,5,5
78241,133,135,-2,2
78242,66,63,3,3
78243,159,163,-4,4
78244,44,76,-32,32
78245,67,70,-3,3
78246,105,99,6,6
78247,77,83,-6,6
78248,64,72,-8,8
78249,62,102,-40,40
78250,69,59,10,10
78251,163,155,8,8
78252,62,69,-7,7
78253,50,64,-14,14
78254,100,97,3,3
78255,108,99,9,9
78256,70,72,-2,2
78257,97,86,11,11
78258,83,67,16,16
78259,137,149,-12,12
78260,70,75,-5,5
78261,122,97,25,25
78262,79,85,-6,6
78263,52,62,-10,10
78264,86,82,4,4
78265,93,79,14,14
78266,93,103,-10,10
78267,62,56,6,6
78268,109,93,16,16
78269,107,103,4,4
78270,83,80,3,3
78271,57,53,4,4
78272,61,60,1,1
78273,43,52,-9,9
78274,156,136,20,20
78275,102,94,8,8
78276,56,75,-19,19
78277,199,168,31,31
78278,103,104,-1,1
78279,77,74,3,3
78280,147,153,-6,6
78281,99,107,-8,8
78282,74,103,-29,29
78283,71,73,-2,2
78284,142,141,1,1
78285,72,73,-1,1
78286,28,43,-15,15
78287,99,114,-15,15
78288,145,153,-8,8
78289,51,57,-6,6
78290,132,135,-3,3
78291,102,102,0,0
78292,69,62,7,7
78293,142,134,8,8
78294,52,55,-3,3
78295,87,91,-4,4
78296,122,126,-4,4
78297,93,97,-4,4
78298,85,95,-10,10
78299,101,91,10,10
78300,88,88,0,0
78301,64,70,-6,6
78302,131,121,10,10
78303,91,86,5,5
78304,174,175,-1,1
78305,50,66,-16,16
78306,78,85,-7,7
78307,76,79,-3,3
78308,118,118,0,0
78309,56,61,-5,5
78310,53,64,-11,11
78311,98,102,-4,4
78312,119,127,-8,8
78313,133,124,9,9
78314,66,68,-2,2
78315,117,125,-8,8
78316,94,86,8,8
78317,79,82,-3,3
78318,114,114,0,0
78319,96,77,19,19
78320,81,86,-5,5
78321,83,87,-4,4
78322,74,72,2,2
78323,89,72,17,17
78324,73,79,-6,6
78325,160,152,8,8
78326,120,110,10,10
78327,52,58,-6,6
78328,127,132,-5,5
78329,93,84,9,9
78330,108,116,-8,8
78331,95,87,8,8
78332,75,75,0,0
78333,124,105,19,19
78334,90,89,1,1
78335,101,104,-3,3
78336,44,53,-9,9
78337,113,102,11,11
78338,64,72,-8,8
78339,135,128,7,7
78340,147,138,9,9
78341,112,113,-1,1
78342,63,75,-12,12
78343,91,100,-9,9
78344,93,73,20,20
78345,116,109,7,7
78346,124,129,-5,5
78347,127,130,-3,3
78348,114,119,-5,5
78349,137,111,26,26
78350,56,64,-8,8
78351,54,67,-13,13
78352,78,81,-3,3
78353,71,71,0,0
78354,72,82,-10,10
78355,67,70,-3,3
78356,48,55,-7,7
78357,115,139,-24,24
78358,53,50,3,3
78359,95,95,0,0
78360,56,66,-10,10
78361,45,53,-8,8
78362,209,208,1,1
78363,85,97,-12,12
78364,80,73,7,7
78365,139,141,-2,2
78366,64,64,0,0
78367,83,81,2,2
78368,121,108,13,13
78369,102,103,-1,1
78370,94,91,3,3
78371,119,112,7,7
78372,59,67,-8,8
78373,61,77,-16,16
78374,74,64,10,10
78375,76,71,5,5
78376,91,86,5,5
78377,132,122,10,10
78378,54,60,-6,6
78379,74,84,-10,10
78380,96,82,14,14
78381,60,65,-5,5
78382,91,91,0,0
78383,102,97,5,5
78384,131,131,0,0
78385,95,84,11,11
78386,35,54,-19,19
78387,70,81,-11,11
78388,115,98,17,17
78389,63,66,-3,3
78390,70,77,-7,7
78391,73,65,8,8
78392,79,77,2,2
78393,114,119,-5,5
78394,75,77,-2,2
78395,103,103,0,0
78396,111,109,2,2
78397,110,114,-4,4
78398,55,60,-5,5
78399,89,96,-7,7
78400,53,68,-15,15
78401,114,97,17,17
78402,104,99,5,5
78403,45,48,-3,3
78404,122,119,3,3
78405,72,77,-5,5
78406,140,128,12,12
78407,132,120,12,12
78408,127,162,-35,35
78409,133,123,10,10
78410,66,68,-2,2
78411,99,91,8,8
78412,112,110,2,2
78413,104,84,20,20
78414,143,140,3,3
78415,107,103,4,4
78416,122,121,1,1
78417,166,172,-6,6
78418,169,175,-6,6
78419,165,163,2,2
78420,147,125,22,22
78421,63,55,8,8
78422,71,85,-14,14
78423,59,60,-1,1
78424,127,129,-2,2
78425,168,158,10,10
78426,43,57,-14,14
78427,103,82,21,21
78428,109,103,6,6
78429,99,106,-7,7
78430,71,69,2,2
78431,94,93,1,1
78432,104,104,0,0
78433,96,100,-4,4
78434,85,75,10,10
78435,122,105,17,17
78436,85,83,2,2
78437,49,52,-3,3
78438,44,69,-25,25
78439,65,63,2,2
78440,78,76,2,2
78441,117,114,3,3
78442,103,96,7,7
78443,106,93,13,13
78444,97,101,-4,4
78445,167,192,-25,25
78446,50,53,-3,3
78447,134,126,8,8
78448,100,111,-11,11
78449,81,84,-3,3
78450,108,119,-11,11
78451,55,53,2,2
78452,82,81,1,1
78453,94,113,-19,19
78454,94,84,10,10
78455,61,68,-7,7
78456,141,129,12,12
78457,79,81,-2,2
78458,71,81,-10,10
78459,48,58,-10,10
78460,140,135,5,5
78461,70,86,-16,16
78462,63,56,7,7
78463,137,127,10,10
78464,40,46,-6,6
78465,103,98,5,5
78466,67,81,-14,14
78467,82,73,9,9
78468,119,119,0,0
78469,131,119,12,12
78470,77,85,-8,8
78471,98,98,0,0
78472,148,161,-13,13
78473,91,86,5,5
78474,95,89,6,6
78475,60,67,-7,7
78476,72,73,-1,1
78477,123,119,4,4
78478,68,64,4,4
78479,124,126,-2,2
78480,128,126,2,2
78481,114,111,3,3
78482,90,92,-2,2
78483,108,111,-3,3
78484,114,100,14,14
78485,33,65,-32,32
78486,95,96,-1,1
78487,113,106,7,7
78488,57,55,2,2
78489,71,69,2,2
78490,110,87,23,23
78491,67,65,2,2
78492,59,61,-2,2
78493,105,106,-1,1
78494,132,121,11,11
78495,93,102,-9,9
78496,90,94,-4,4
78497,134,131,3,3
78498,32,42,-10,10
78499,108,149,-41,41
78500,81,78,3,3
78501,94,90,4,4
78502,116,120,-4,4
78503,131,127,4,4
78504,63,70,-7,7
78505,96,82,14,14
78506,71,64,7,7
78507,71,64,7,7
78508,79,71,8,8
78509,115,103,12,12
78510,48,53,-5,5
78511,85,77,8,8
78512,113,104,9,9
78513,89,81,8,8
78514,131,119,12,12
78515,91,88,3,3
78516,72,74,-2,2
78517,169,144,25,25
78518,133,136,-3,3
78519,176,117,59,59
78520,118,127,-9,9
78521,71,74,-3,3
78522,65,64,1,1
78523,144,119,25,25
78524,72,85,-13,13
78525,70,73,-3,3
78526,70,71,-1,1
78527,117,106,11,11
78528,97,90,7,7
78529,57,62,-5,5
78530,61,83,-22,22
78531,80,74,6,6
78532,92,81,11,11
78533,85,85,0,0
78534,125,114,11,11
78535,90,89,1,1
78536,80,78,2,2
78537,71,69,2,2
78538,149,134,15,15
78539,69,65,4,4
78540,104,101,3,3
78541,95,88,7,7
78542,129,112,17,17
78543,144,118,26,26
78544,61,69,-8,8
78545,130,112,18,18
78546,144,137,7,7
78547,39,52,-13,13
78548,114,117,-3,3
78549,48,51,-3,3
78550,94,82,12,12
78551,92,85,7,7
78552,101,88,13,13
78553,79,84,-5,5
78554,113,101,12,12
78555,69,77,-8,8
78556,41,57,-16,16
78557,69,67,2,2
78558,108,101,7,7
78559,66,64,2,2
78560,93,85,8,8
78561,86,76,10,10
78562,79,83,-4,4
78563,80,85,-5,5
78564,87,93,-6,6
78565,179,158,21,21
78566,67,50,17,17
78567,71,77,-6,6
78568,86,77,9,9
78569,92,96,-4,4
78570,109,112,-3,3
78571,45,60,-15,15
78572,84,85,-1,1
78573,158,149,9,9
78574,92,85,7,7
78575,75,67,8,8
78576,84,82,2,2
78577,65,65,0,0
78578,104,89,15,15
78579,44,50,-6,6
78580,198,173,25,25
78581,124,109,15,15
78582,134,118,16,16
78583,122,111,11,11
78584,77,72,5,5
78585,103,95,8,8
78586,98,87,11,11
78587,59,55,4,4
78588,87,62,25,25
78589,74,67,7,7
78590,67,66,1,1
78591,85,81,4,4
78592,79,69,10,10
78593,96,96,0,0
78594,121,122,-1,1
78595,98,110,-12,12
78596,145,137,8,8
78597,110,93,17,17
78598,144,145,-1,1
78599,85,73,12,12
78600,114,123,-9,9
78601,95,89,6,6
78602,51,59,-8,8
78603,97,97,0,0
78604,81,64,17,17
78605,81,79,2,2
78606,85,83,2,2
78607,154,159,-5,5
78608,125,113,12,12
78609,97,97,0,0
78610,161,150,11,11
78611,144,127,17,17
78612,127,123,4,4
78613,88,86,2,2
78614,180,176,4,4
78615,90,97,-7,7
78616,66,73,-7,7
78617,95,93,2,2
78618,94,94,0,0
78619,75,73,2,2
78620,65,69,-4,4
78621,111,119,-8,8
78622,67,75,-8,8
78623,86,86,0,0
78624,141,131,10,10
78625,102,92,10,10
78626,142,152,-10,10
78627,188,199,-11,11
78628,62,60,2,2
78629,104,113,-9,9
78630,63,61,2,2
78631,100,92,8,8
78632,148,141,7,7
78633,103,106,-3,3
78634,122,127,-5,5
78635,69,69,0,0
78636,89,78,11,11
78637,113,98,15,15
78638,135,130,5,5
78639,158,141,17,17
78640,74,68,6,6
78641,54,53,1,1
78642,106,110,-4,4
78643,56,69,-13,13
78644,113,107,6,6
78645,95,75,20,20
78646,134,130,4,4
78647,73,72,1,1
78648,51,54,-3,3
78649,50,56,-6,6
78650,33,55,-22,22
78651,130,113,17,17
78652,111,123,-12,12
78653,58,52,6,6
78654,103,95,8,8
78655,136,129,7,7
78656,99,90,9,9
78657,99,86,13,13
78658,116,107,9,9
78659,149,134,15,15
78660,69,66,3,3
78661,81,91,-10,10
78662,57,59,-2,2
78663,85,79,6,6
78664,78,85,-7,7
78665,94,84,10,10
78666,112,103,9,9
78667,141,116,25,25
78668,133,121,12,12
78669,85,85,0,0
78670,100,102,-2,2
78671,62,71,-9,9
78672,121,114,7,7
78673,54,63,-9,9
78674,154,157,-3,3
78675,142,122,20,20
78676,104,112,-8,8
78677,103,97,6,6
78678,70,66,4,4
78679,118,106,12,12
78680,115,116,-1,1
78681,145,142,3,3
78682,106,109,-3,3
78683,114,107,7,7
78684,87,82,5,5
78685,155,138,17,17
78686,142,137,5,5
78687,132,126,6,6
78688,94,87,7,7
78689,142,136,6,6
78690,150,146,4,4
78691,53,56,-3,3
78692,94,92,2,2
78693,85,99,-14,14
78694,62,69,-7,7
78695,53,65,-12,12
78696,81,80,1,1
78697,175,162,13,13
78698,55,62,-7,7
78699,72,83,-11,11
78700,93,93,0,0
78701,73,75,-2,2
78702,47,60,-13,13
78703,67,67,0,0
78704,117,115,2,2
78705,104,108,-4,4
78706,76,70,6,6
78707,99,76,23,23
78708,131,125,6,6
78709,84,85,-1,1
78710,105,114,-9,9
78711,157,135,22,22
78712,111,114,-3,3
78713,91,93,-2,2
78714,74,72,2,2
78715,79,72,7,7
78716,103,88,15,15
78717,119,106,13,13
78718,163,139,24,24
78719,69,68,1,1
78720,112,101,11,11
78721,55,64,-9,9
78722,97,89,8,8
78723,99,85,14,14
78724,58,77,-19,19
78725,125,104,21,21
78726,88,80,8,8
78727,81,66,15,15
78728,158,173,-15,15
78729,55,54,1,1
78730,114,121,-7,7
78731,95,97,-2,2
78732,87,107,-20,20
78733,139,120,19,19
78734,79,67,12,12
78735,75,67,8,8
78736,56,60,-4,4
78737,113,122,-9,9
78738,148,135,13,13
78739,160,144,16,16
78740,97,90,7,7
78741,88,84,4,4
78742,89,86,3,3
78743,101,105,-4,4
78744,53,49,4,4
78745,97,112,-15,15
78746,67,64,3,3
78747,117,102,15,15
78748,72,63,9,9
78749,40,60,-20,20
78750,48,55,-7,7
78751,88,75,13,13
78752,95,83,12,12
78753,132,126,6,6
78754,63,63,0,0
78755,95,90,5,5
78756,84,78,6,6
78757,33,41,-8,8
78758,70,69,1,1
78759,154,149,5,5
78760,163,148,15,15
78761,175,171,4,4
78762,92,81,11,11
78763,150,144,6,6
78764,67,68,-1,1
78765,127,131,-4,4
78766,131,122,9,9
78767,194,180,14,14
78768,113,110,3,3
78769,106,102,4,4
78770,88,81,7,7
78771,75,78,-3,3
78772,56,64,-8,8
78773,86,87,-1,1
78774,66,59,7,7
78775,171,156,15,15
78776,127,111,16,16
78777,110,96,14,14
78778,93,97,-4,4
78779,89,86,3,3
78780,72,76,-4,4
78781,98,96,2,2
78782,77,75,2,2
78783,93,88,5,5
78784,112,90,22,22
78785,68,71,-3,3
78786,104,111,-7,7
78787,78,75,3,3
78788,69,79,-10,10
78789,48,55,-7,7
78790,65,70,-5,5
78791,109,103,6,6
78792,90,109,-19,19
78793,141,128,13,13
78794,100,97,3,3
78795,133,123,10,10
78796,110,95,15,15
78797,54,58,-4,4
78798,71,66,5,5
78799,144,137,7,7
78800,57,68,-11,11
78801,88,88,0,0
78802,107,100,7,7
78803,128,118,10,10
78804,93,95,-2,2
78805,136,134,2,2
78806,107,86,21,21
78807,151,150,1,1
78808,114,103,11,11
78809,67,74,-7,7
78810,94,88,6,6
78811,90,85,5,5
78812,105,92,13,13
78813,132,122,10,10
78814,90,96,-6,6
78815,120,127,-7,7
78816,91,99,-8,8
78817,155,155,0,0
78818,62,66,-4,4
78819,109,97,12,12
78820,100,105,-5,5
78821,160,142,18,18
78822,96,91,5,5
78823,104,104,0,0
78824,93,84,9,9
78825,72,72,0,0
78826,59,68,-9,9
78827,74,71,3,3
78828,83,78,5,5
78829,92,77,15,15
78830,100,102,-2,2
78831,87,76,11,11
78832,122,116,6,6
78833,78,81,-3,3
78834,79,76,3,3
78835,138,116,22,22
78836,158,141,17,17
78837,75,70,5,5
78838,100,86,14,14
78839,134,117,17,17
78840,138,149,-11,11
78841,82,85,-3,3
78842,52,64,-12,12
78843,74,77,-3,3
78844,60,69,-9,9
78845,49,82,-33,33
78846,45,60,-15,15
78847,83,79,4,4
78848,55,59,-4,4
78849,74,67,7,7
78850,96,87,9,9
78851,71,72,-1,1
78852,73,80,-7,7
78853,104,108,-4,4
78854,57,58,-1,1
78855,79,80,-1,1
78856,109,101,8,8
78857,65,56,9,9
78858,129,149,-20,20
78859,75,68,7,7
78860,209,204,5,5
78861,102,82,20,20
78862,102,104,-2,2
78863,142,123,19,19
78864,140,117,23,23
78865,44,63,-19,19
78866,102,101,1,1
78867,89,76,13,13
78868,86,81,5,5
78869,85,89,-4,4
78870,88,77,11,11
78871,77,77,0,0
78872,123,130,-7,7
78873,62,80,-18,18
78874,163,152,11,11
78875,114,114,0,0
78876,55,73,-18,18
78877,112,115,-3,3
78878,125,121,4,4
78879,123,121,2,2
78880,96,95,1,1
78881,111,96,15,15
78882,136,131,5,5
78883,75,71,4,4
78884,134,142,-8,8
78885,77,82,-5,5
78886,98,97,1,1
78887,94,82,12,12
78888,77,73,4,4
78889,83,78,5,5
78890,97,95,2,2
78891,82,79,3,3
78892,126,123,3,3
78893,159,148,11,11
78894,100,97,3,3
78895,100,112,-12,12
78896,121,115,6,6
78897,117,91,26,26
78898,81,77,4,4
78899,90,91,-1,1
78900,68,64,4,4
78901,110,104,6,6
78902,118,129,-11,11
78903,97,84,13,13
78904,81,75,6,6
78905,105,95,10,10
78906,95,87,8,8
78907,66,75,-9,9
78908,109,107,2,2
78909,141,136,5,5
78910,52,49,3,3
78911,80,66,14,14
78912,93,86,7,7
78913,76,76,0,0
78914,111,107,4,4
78915,107,96,11,11
78916,132,120,12,12
78917,100,92,8,8
78918,138,127,11,11
78919,122,109,13,13
78920,105,106,-1,1
78921,85,84,1,1
78922,96,84,12,12
78923,60,60,0,0
78924,106,101,5,5
78925,47,58,-11,11
78926,97,94,3,3
78927,36,48,-12,12
78928,111,85,26,26
78929,121,125,-4,4
78930,85,70,15,15
78931,95,63,32,32
78932,78,79,-1,1
78933,113,111,2,2
78934,72,66,6,6
78935,110,113,-3,3
78936,38,48,-10,10
78937,133,134,-1,1
78938,52,67,-15,15
78939,49,57,-8,8
78940,57,53,4,4
78941,209,175,34,34
78942,93,94,-1,1
78943,62,66,-4,4
78944,51,59,-8,8
78945,82,108,-26,26
78946,77,77,0,0
78947,165,146,19,19
78948,58,53,5,5
78949,108,93,15,15
78950,43,56,-13,13
78951,83,77,6,6
78952,92,74,18,18
78953,127,116,11,11
78954,47,56,-9,9
78955,78,76,2,2
78956,62,86,-24,24
78957,136,121,15,15
78958,121,125,-4,4
78959,79,83,-4,4
78960,83,91,-8,8
78961,100,98,2,2
78962,86,86,0,0
78963,89,89,0,0
78964,74,69,5,5
78965,133,130,3,3
78966,107,104,3,3
78967,89,80,9,9
78968,72,69,3,3
78969,78,62,16,16
78970,52,65,-13,13
78971,94,91,3,3
78972,107,106,1,1
78973,61,62,-1,1
78974,224,214,10,10
78975,75,66,9,9
78976,53,60,-7,7
78977,95,90,5,5
78978,63,61,2,2
78979,133,132,1,1
78980,45,54,-9,9
78981,65,64,1,1
78982,93,86,7,7
78983,68,65,3,3
78984,86,86,0,0
78985,116,116,0,0
78986,112,111,1,1
78987,79,70,9,9
78988,83,70,13,13
78989,136,136,0,0
78990,58,67,-9,9
78991,98,88,10,10
78992,216,222,-6,6
78993,135,129,6,6
78994,87,89,-2,2
78995,99,94,5,5
78996,85,82,3,3
78997,57,54,3,3
78998,69,67,2,2
78999,72,70,2,2
79000,42,56,-14,14
79001,50,62,-12,12
79002,120,116,4,4
79003,43,46,-3,3
79004,58,59,-1,1
79005,64,71,-7,7
79006,47,61,-14,14
79007,118,107,11,11
79008,91,109,-18,18
79009,115,111,4,4
79010,132,131,1,1
79011,124,117,7,7
79012,127,145,-18,18
79013,90,75,15,15
79014,142,136,6,6
79015,72,70,2,2
79016,91,93,-2,2
79017,93,94,-1,1
79018,159,164,-5,5
79019,76,74,2,2
79020,89,92,-3,3
79021,127,102,25,25
79022,76,70,6,6
79023,101,96,5,5
79024,95,88,7,7
79025,82,78,4,4
79026,109,103,6,6
79027,108,92,16,16
79028,84,86,-2,2
79029,184,173,11,11
79030,77,74,3,3
79031,92,77,15,15
79032,57,62,-5,5
79033,104,78,26,26
79034,118,119,-1,1
79035,111,115,-4,4
79036,78,65,13,13
79037,122,123,-1,1
79038,72,73,-1,1
79039,106,97,9,9
79040,61,60,1,1
79041,106,106,0,0
79042,122,121,1,1
79043,119,116,3,3
79044,141,128,13,13
79045,114,106,8,8
79046,124,117,7,7
79047,86,77,9,9
79048,43,60,-17,17
79049,177,183,-6,6
79050,169,195,-26,26
79051,100,104,-4,4
79052,70,73,-3,3
79053,80,77,3,3
79054,82,81,1,1
79055,97,88,9,9
79056,112,99,13,13
79057,122,113,9,9
79058,62,63,-1,1
79059,146,124,22,22
79060,77,86,-9,9
79061,95,90,5,5
79062,167,152,15,15
79063,62,91,-29,29
79064,112,137,-25,25
79065,56,51,5,5
79066,126,102,24,24
79067,127,108,19,19
79068,221,211,10,10
79069,180,157,23,23
79070,73,67,6,6
79071,53,55,-2,2
79072,82,83,-1,1
79073,58,66,-8,8
79074,78,75,3,3
79075,130,114,16,16
79076,39,59,-20,20
79077,93,120,-27,27
79078,87,86,1,1
79079,82,70,12,12
79080,130,127,3,3
79081,74,77,-3,3
79082,93,91,2,2
79083,69,72,-3,3
79084,57,53,4,4
79085,79,67,12,12
79086,120,114,6,6
79087,91,81,10,10
79088,99,114,-15,15
79089,100,94,6,6
79090,93,89,4,4
79091,78,87,-9,9
79092,82,82,0,0
79093,242,219,23,23
79094,154,159,-5,5
79095,63,69,-6,6
79096,52,53,-1,1
79097,106,99,7,7
79098,87,99,-12,12
79099,106,115,-9,9
79100,36,48,-12,12
79101,108,131,-23,23
79102,153,203,-50,50
79103,44,62,-18,18
79104,119,115,4,4
79105,51,64,-13,13
79106,156,140,16,16
79107,114,132,-18,18
79108,123,119,4,4
79109,149,141,8,8
79110,90,82,8,8
79111,67,69,-2,2
79112,179,169,10,10
79113,123,113,10,10
79114,88,87,1,1
79115,211,212,-1,1
79116,149,133,16,16
79117,58,61,-3,3
79118,85,75,10,10
79119,94,91,3,3
79120,125,132,-7,7
79121,50,61,-11,11
79122,78,64,14,14
79123,91,88,3,3
79124,166,174,-8,8
79125,89,79,10,10
79126,55,63,-8,8
79127,140,135,5,5
79128,122,115,7,7
79129,92,78,14,14
79130,59,61,-2,2
79131,112,117,-5,5
79132,97,97,0,0
79133,109,110,-1,1
79134,121,143,-22,22
79135,75,82,-7,7
79136,80,73,7,7
79137,104,97,7,7
79138,130,134,-4,4
79139,148,152,-4,4
79140,54,58,-4,4
79141,121,113,8,8
79142,65,83,-18,18
79143,51,66,-15,15
79144,142,119,23,23
79145,40,50,-10,10
79146,58,63,-5,5
79147,92,88,4,4
79148,71,73,-2,2
79149,96,92,4,4
79150,118,105,13,13
79151,54,56,-2,2
79152,91,104,-13,13
79153,70,73,-3,3
79154,85,75,10,10
79155,47,53,-6,6
79156,137,134,3,3
79157,88,99,-11,11
79158,73,67,6,6
79159,99,90,9,9
79160,68,59,9,9
79161,174,194,-20,20
79162,119,124,-5,5
79163,84,85,-1,1
79164,103,116,-13,13
79165,174,181,-7,7
79166,98,90,8,8
79167,86,73,13,13
79168,101,109,-8,8
79169,88,80,8,8
79170,78,67,11,11
79171,94,82,12,12
79172,131,121,10,10
79173,104,90,14,14
79174,89,93,-4,4
79175,104,114,-10,10
79176,43,53,-10,10
79177,85,81,4,4
79178,66,58,8,8
79179,108,120,-12,12
79180,89,96,-7,7
79181,54,58,-4,4
79182,75,77,-2,2
79183,85,92,-7,7
79184,94,97,-3,3
79185,58,60,-2,2
79186,191,169,22,22
79187,63,60,3,3
79188,73,61,12,12
79189,92,89,3,3
79190,125,104,21,21
79191,90,86,4,4
79192,128,122,6,6
79193,38,58,-20,20
79194,84,70,14,14
79195,85,77,8,8
79196,147,144,3,3
79197,54,53,1,1
79198,78,77,1,1
79199,117,100,17,17
79200,78,78,0,0
79201,83,82,1,1
79202,125,151,-26,26
79203,108,111,-3,3
79204,94,100,-6,6
79205,45,57,-12,12
79206,120,110,10,10
79207,86,83,3,3
79208,85,78,7,7
79209,50,54,-4,4
79210,89,77,12,12
79211,90,81,9,9
79212,75,67,8,8
79213,110,114,-4,4
79214,82,79,3,3
79215,140,132,8,8
79216,102,98,4,4
79217,78,79,-1,1
79218,90,96,-6,6
79219,49,66,-17,17
79220,60,61,-1,1
79221,128,147,-19,19
79222,91,87,4,4
79223,94,93,1,1
79224,101,92,9,9
79225,90,84,6,6
79226,115,102,13,13
79227,111,100,11,11
79228,110,115,-5,5
79229,64,69,-5,5
79230,112,90,22,22
79231,88,81,7,7
79232,108,89,19,19
79233,100,93,7,7
79234,66,70,-4,4
79235,142,123,19,19
79236,64,61,3,3
79237,140,137,3,3
79238,124,112,12,12
79239,66,79,-13,13
79240,99,95,4,4
79241,78,72,6,6
79242,103,113,-10,10
79243,121,101,20,20
79244,96,88,8,8
79245,30,49,-19,19
79246,69,68,1,1
79247,97,87,10,10
79248,81,72,9,9
79249,72,69,3,3
79250,93,78,15,15
79251,84,82,2,2
79252,84,80,4,4
79253,98,96,2,2
79254,57,88,-31,31
79255,81,81,0,0
79256,88,88,0,0
79257,98,91,7,7
79258,171,170,1,1
79259,76,72,4,4
79260,126,131,-5,5
79261,90,77,13,13
79262,91,82,9,9
79263,94,80,14,14
79264,91,87,4,4
79265,122,119,3,3
79266,81,81,0,0
79267,86,97,-11,11
79268,79,70,9,9
79269,76,91,-15,15
79270,97,99,-2,2
79271,125,148,-23,23
79272,125,128,-3,3
79273,62,72,-10,10
79274,63,72,-9,9
79275,81,74,7,7
79276,115,97,18,18
79277,162,159,3,3
79278,103,93,10,10
79279,64,70,-6,6
79280,153,143,10,10
79281,69,75,-6,6
79282,132,117,15,15
79283,76,71,5,5
79284,63,72,-9,9
79285,65,69,-4,4
79286,89,96,-7,7
79287,165,140,25,25
79288,84,76,8,8
79289,89,81,8,8
79290,130,122,8,8
79291,73,62,11,11
79292,110,118,-8,8
79293,157,138,19,19
79294,82,87,-5,5
79295,100,96,4,4
79296,128,112,16,16
79297,122,117,5,5
79298,102,99,3,3
79299,102,94,8,8
79300,86,77,9,9
79301,124,124,0,0
79302,157,149,8,8
79303,104,88,16,16
79304,94,89,5,5
79305,59,55,4,4
79306,103,93,10,10
79307,78,75,3,3
79308,73,83,-10,10
79309,76,79,-3,3
79310,112,113,-1,1
79311,103,117,-14,14
79312,159,131,28,28
79313,42,59,-17,17
79314,83,75,8,8
79315,108,106,2,2
79316,129,130,-1,1
79317,129,120,9,9
79318,145,135,10,10
79319,70,62,8,8
79320,71,75,-4,4
79321,60,69,-9,9
79322,100,91,9,9
79323,173,171,2,2
79324,156,146,10,10
79325,101,91,10,10
79326,99,96,3,3
79327,130,127,3,3
79328,68,125,-57,57
79329,138,126,12,12
79330,138,136,2,2
79331,126,125,1,1
79332,74,75,-1,1
79333,75,81,-6,6
79334,79,73,6,6
79335,67,73,-6,6
79336,80,120,-40,40
79337,86,76,10,10
79338,57,62,-5,5
79339,111,119,-8,8
79340,95,83,12,12
79341,85,74,11,11
79342,88,82,6,6
79343,72,70,2,2
79344,22,56,-34,34
79345,97,84,13,13
79346,130,117,13,13
79347,55,51,4,4
79348,95,87,8,8
79349,86,82,4,4
79350,53,57,-4,4
79351,66,67,-1,1
79352,122,133,-11,11
79353,130,128,2,2
79354,135,128,7,7
79355,47,62,-15,15
79356,65,97,-32,32
79357,46,53,-7,7
79358,155,132,23,23
79359,60,65,-5,5
79360,75,74,1,1
79361,97,92,5,5
79362,142,117,25,25
79363,57,59,-2,2
79364,80,70,10,10
79365,44,51,-7,7
79366,107,101,6,6
79367,39,61,-22,22
79368,163,157,6,6
79369,152,156,-4,4
79370,119,117,2,2
79371,98,76,22,22
79372,67,62,5,5
79373,61,58,3,3
79374,99,100,-1,1
79375,62,65,-3,3
79376,68,69,-1,1
79377,72,76,-4,4
79378,83,75,8,8
79379,103,93,10,10
79380,116,124,-8,8
79381,122,125,-3,3
79382,88,83,5,5
79383,129,114,15,15
79384,86,80,6,6
79385,82,79,3,3
79386,83,88,-5,5
79387,71,80,-9,9
79388,77,80,-3,3
79389,100,101,-1,1
79390,206,220,-14,14
79391,152,183,-31,31
79392,58,52,6,6
79393,141,141,0,0
79394,96,86,10,10
79395,149,131,18,18
79396,80,73,7,7
79397,48,54,-6,6
79398,75,76,-1,1
79399,95,87,8,8
79400,126,125,1,1
79401,74,64,10,10
79402,95,85,10,10
79403,59,55,4,4
79404,164,148,16,16
79405,95,84,11,11
79406,46,50,-4,4
79407,88,91,-3,3
79408,135,146,-11,11
79409,140,128,12,12
79410,103,96,7,7
79411,69,71,-2,2
79412,144,118,26,26
79413,147,124,23,23
79414,105,121,-16,16
79415,154,131,23,23
79416,77,72,5,5
79417,74,77,-3,3
79418,132,124,8,8
79419,56,64,-8,8
79420,48,50,-2,2
79421,77,76,1,1
79422,20,47,-27,27
79423,94,97,-3,3
79424,66,63,3,3
79425,72,74,-2,2
79426,130,115,15,15
79427,282,282,0,0
79428,139,123,16,16
79429,99,108,-9,9
79430,67,67,0,0
79431,72,76,-4,4
79432,96,108,-12,12
79433,76,75,1,1
79434,119,105,14,14
79435,93,76,17,17
79436,61,65,-4,4
79437,79,75,4,4
79438,107,96,11,11
79439,152,161,-9,9
79440,85,75,10,10
79441,62,53,9,9
79442,103,84,19,19
79443,59,63,-4,4
79444,109,119,-10,10
79445,84,86,-2,2
79446,85,75,10,10
79447,77,90,-13,13
79448,182,167,15,15
79449,105,100,5,5
79450,165,161,4,4
79451,101,95,6,6
79452,91,81,10,10
79453,93,89,4,4
79454,105,107,-2,2
79455,98,98,0,0
79456,140,133,7,7
79457,150,131,19,19
79458,168,147,21,21
79459,155,149,6,6
79460,75,68,7,7
79461,56,51,5,5
79462,41,51,-10,10
79463,84,82,2,2
79464,46,59,-13,13
79465,168,175,-7,7
79466,148,136,12,12
79467,92,92,0,0
79468,93,86,7,7
79469,108,102,6,6
79470,52,63,-11,11
79471,100,93,7,7
79472,77,85,-8,8
79473,95,84,11,11
79474,67,69,-2,2
79475,84,73,11,11
79476,107,99,8,8
79477,80,72,8,8
79478,104,97,7,7
79479,86,86,0,0
79480,90,74,16,16
79481,70,76,-6,6
79482,125,141,-16,16
79483,68,71,-3,3
79484,125,122,3,3
79485,133,138,-5,5
79486,77,67,10,10
79487,70,76,-6,6
79488,182,153,29,29
79489,114,96,18,18
79490,114,111,3,3
79491,183,187,-4,4
79492,57,61,-4,4
79493,111,114,-3,3
79494,49,58,-9,9
79495,58,60,-2,2
79496,97,103,-6,6
79497,141,141,0,0
79498,133,126,7,7
79499,115,100,15,15
79500,142,131,11,11
79501,53,61,-8,8
79502,69,57,12,12
79503,152,130,22,22
79504,52,67,-15,15
79505,145,152,-7,7
79506,90,77,13,13
79507,125,113,12,12
79508,73,66,7,7
79509,72,77,-5,5
79510,69,71,-2,2
79511,146,135,11,11
79512,149,142,7,7
79513,79,77,2,2
79514,105,108,-3,3
79515,65,63,2,2
79516,139,129,10,10
79517,123,115,8,8
79518,105,76,29,29
79519,40,53,-13,13
79520,65,71,-6,6
79521,134,129,5,5
79522,123,108,15,15
79523,127,115,12,12
79524,39,63,-24,24
79525,104,103,1,1
79526,48,58,-10,10
79527,78,82,-4,4
79528,102,87,15,15
79529,72,63,9,9
79530,130,128,2,2
79531,107,104,3,3
79532,90,83,7,7
79533,85,84,1,1
79534,103,97,6,6
79535,118,103,15,15
79536,67,64,3,3
79537,101,92,9,9
79538,108,87,21,21
79539,134,155,-21,21
79540,83,71,12,12
79541,103,102,1,1
79542,43,58,-15,15
79543,154,138,16,16
79544,137,127,10,10
79545,133,118,15,15
79546,165,149,16,16
79547,68,77,-9,9
79548,144,146,-2,2
79549,112,113,-1,1
79550,96,85,11,11
79551,84,83,1,1
79552,131,114,17,17
79553,95,98,-3,3
79554,166,144,22,22
79555,56,75,-19,19
79556,112,109,3,3
79557,55,56,-1,1
79558,88,85,3,3
79559,81,71,10,10
79560,79,75,4,4
79561,105,105,0,0
79562,52,61,-9,9
79563,131,119,12,12
79564,101,100,1,1
79565,98,67,31,31
79566,60,57,3,3
79567,66,66,0,0
79568,85,72,13,13
79569,81,73,8,8
79570,117,127,-10,10
79571,61,64,-3,3
79572,74,77,-3,3
79573,64,68,-4,4
79574,61,64,-3,3
79575,106,101,5,5
79576,82,80,2,2
79577,68,80,-12,12
79578,100,98,2,2
79579,111,80,31,31
79580,73,73,0,0
79581,110,103,7,7
79582,110,107,3,3
79583,150,148,2,2
79584,119,125,-6,6
79585,140,146,-6,6
79586,107,101,6,6
79587,31,53,-22,22
79588,111,103,8,8
79589,93,102,-9,9
79590,73,80,-7,7
79591,75,79,-4,4
79592,106,116,-10,10
79593,46,53,-7,7
79594,169,156,13,13
79595,128,120,8,8
79596,189,198,-9,9
79597,119,115,4,4
79598,61,59,2,2
79599,109,114,-5,5
79600,129,108,21,21
79601,118,118,0,0
79602,91,83,8,8
79603,95,99,-4,4
79604,106,89,17,17
79605,188,168,20,20
79606,78,68,10,10
79607,59,74,-15,15
79608,66,71,-5,5
79609,62,66,-4,4
79610,137,125,12,12
79611,82,85,-3,3
79612,115,107,8,8
79613,102,78,24,24
79614,50,47,3,3
79615,119,125,-6,6
79616,159,174,-15,15
79617,146,137,9,9
79618,62,58,4,4
79619,72,72,0,0
79620,82,82,0,0
79621,64,73,-9,9
79622,74,69,5,5
79623,104,92,12,12
79624,169,127,42,42
79625,86,82,4,4
79626,178,200,-22,22
79627,83,68,15,15
79628,115,103,12,12
79629,124,119,5,5
79630,123,141,-18,18
79631,90,88,2,2
79632,51,55,-4,4
79633,99,98,1,1
79634,99,124,-25,25
79635,108,98,10,10
79636,124,112,12,12
79637,144,135,9,9
79638,128,131,-3,3
79639,70,69,1,1
79640,74,76,-2,2
79641,134,136,-2,2
79642,119,122,-3,3
79643,41,52,-11,11
79644,101,107,-6,6
79645,149,147,2,2
79646,121,109,12,12
79647,56,59,-3,3
79648,108,96,12,12
79649,72,71,1,1
79650,98,92,6,6
79651,67,64,3,3
79652,69,74,-5,5
79653,89,88,1,1
79654,122,138,-16,16
79655,75,75,0,0
79656,80,79,1,1
79657,184,198,-14,14
79658,80,79,1,1
79659,136,131,5,5
79660,85,86,-1,1
79661,86,79,7,7
79662,99,97,2,2
79663,161,153,8,8
79664,106,105,1,1
79665,86,81,5,5
79666,160,148,12,12
79667,140,152,-12,12
79668,157,167,-10,10
79669,121,116,5,5
79670,61,58,3,3
79671,108,105,3,3
79672,110,108,2,2
79673,101,87,14,14
79674,85,80,5,5
79675,125,133,-8,8
79676,67,64,3,3
79677,64,64,0,0
79678,47,57,-10,10
79679,111,120,-9,9
79680,45,55,-10,10
79681,79,64,15,15
79682,102,97,5,5
79683,99,80,19,19
79684,121,119,2,2
79685,75,77,-2,2
79686,172,168,4,4
79687,67,68,-1,1
79688,111,108,3,3
79689,119,127,-8,8
79690,134,125,9,9
79691,139,131,8,8
79692,67,73,-6,6
79693,100,126,-26,26
79694,64,71,-7,7
79695,105,100,5,5
79696,106,95,11,11
79697,41,60,-19,19
79698,122,112,10,10
79699,96,94,2,2
79700,74,79,-5,5
79701,97,100,-3,3
79702,106,91,15,15
79703,58,62,-4,4
79704,61,63,-2,2
79705,72,80,-8,8
79706,97,95,2,2
79707,104,107,-3,3
79708,90,87,3,3
79709,190,180,10,10
79710,113,114,-1,1
79711,72,88,-16,16
79712,102,101,1,1
79713,143,126,17,17
79714,71,73,-2,2
79715,80,95,-15,15
79716,45,59,-14,14
79717,57,62,-5,5
79718,109,100,9,9
79719,80,75,5,5
79720,54,71,-17,17
79721,75,84,-9,9
79722,80,82,-2,2
79723,73,76,-3,3
79724,216,187,29,29
79725,73,71,2,2
79726,124,118,6,6
79727,160,128,32,32
79728,140,131,9,9
79729,136,129,7,7
79730,68,62,6,6
79731,91,77,14,14
79732,69,73,-4,4
79733,93,104,-11,11
79734,103,102,1,1
79735,93,87,6,6
79736,53,46,7,7
79737,116,112,4,4
79738,57,68,-11,11
79739,89,81,8,8
79740,58,59,-1,1
79741,136,124,12,12
79742,95,89,6,6
79743,59,63,-4,4
79744,169,158,11,11
79745,105,101,4,4
79746,119,94,25,25
79747,89,85,4,4
79748,132,121,11,11
79749,81,70,11,11
79750,52,55,-3,3
79751,139,114,25,25
79752,60,64,-4,4
79753,128,115,13,13
79754,54,61,-7,7
79755,123,129,-6,6
79756,99,90,9,9
79757,36,62,-26,26
79758,40,49,-9,9
79759,114,108,6,6
79760,89,78,11,11
79761,68,69,-1,1
79762,96,75,21,21
79763,120,121,-1,1
79764,85,85,0,0
79765,67,65,2,2
79766,90,88,2,2
79767,59,70,-11,11
79768,86,70,16,16
79769,187,188,-1,1
79770,117,109,8,8
79771,50,49,1,1
79772,90,82,8,8
79773,92,98,-6,6
79774,57,64,-7,7
79775,55,60,-5,5
79776,51,61,-10,10
79777,84,85,-1,1
79778,110,110,0,0
79779,52,67,-15,15
79780,56,74,-18,18
79781,82,80,2,2
79782,141,143,-2,2
79783,104,102,2,2
79784,113,110,3,3
79785,119,100,19,19
79786,124,118,6,6
79787,79,69,10,10
79788,99,84,15,15
79789,133,117,16,16
79790,53,67,-14,14
79791,88,74,14,14
79792,58,58,0,0
79793,90,94,-4,4
79794,89,94,-5,5
79795,91,98,-7,7
79796,110,103,7,7
79797,77,79,-2,2
79798,71,76,-5,5
79799,77,76,1,1
79800,115,112,3,3
79801,62,62,0,0
79802,167,152,15,15
79803,105,109,-4,4
79804,100,97,3,3
79805,100,104,-4,4
79806,111,115,-4,4
79807,92,79,13,13
79808,162,154,8,8
79809,109,111,-2,2
79810,164,162,2,2
79811,63,59,4,4
79812,67,68,-1,1
79813,158,159,-1,1
79814,82,78,4,4
79815,65,58,7,7
79816,118,109,9,9
79817,87,88,-1,1
79818,159,158,1,1
79819,122,112,10,10
79820,102,94,8,8
79821,63,56,7,7
79822,94,89,5,5
79823,100,98,2,2
79824,87,69,18,18
79825,98,95,3,3
79826,79,71,8,8
79827,104,94,10,10
79828,115,111,4,4
79829,118,133,-15,15
79830,82,78,4,4
79831,130,115,15,15
79832,98,89,9,9
79833,141,149,-8,8
79834,197,182,15,15
79835,141,147,-6,6
79836,91,90,1,1
79837,80,78,2,2
79838,104,87,17,17
79839,171,164,7,7
79840,292,261,31,31
79841,113,108,5,5
79842,111,100,11,11
79843,116,116,0,0
79844,66,71,-5,5
79845,146,148,-2,2
79846,62,62,0,0
79847,105,99,6,6
79848,66,62,4,4
79849,59,64,-5,5
79850,74,82,-8,8
79851,91,77,14,14
79852,117,109,8,8
79853,101,119,-18,18
79854,167,183,-16,16
79855,69,72,-3,3
79856,120,121,-1,1
79857,119,112,7,7
79858,130,124,6,6
79859,69,59,10,10
79860,97,106,-9,9
79861,76,74,2,2
79862,183,181,2,2
79863,65,62,3,3
79864,155,151,4,4
79865,80,126,-46,46
79866,107,110,-3,3
79867,46,59,-13,13
79868,95,85,10,10
79869,72,60,12,12
79870,74,78,-4,4
79871,73,76,-3,3
79872,66,61,5,5
79873,76,71,5,5
79874,75,72,3,3
79875,36,61,-25,25
79876,82,86,-4,4
79877,150,145,5,5
79878,88,90,-2,2
79879,40,63,-23,23
79880,82,81,1,1
79881,166,160,6,6
79882,113,108,5,5
79883,120,119,1,1
79884,136,135,1,1
79885,53,65,-12,12
79886,233,267,-34,34
79887,78,78,0,0
79888,112,102,10,10
79889,103,119,-16,16
79890,100,94,6,6
79891,86,86,0,0
79892,69,71,-2,2
79893,109,106,3,3
79894,105,99,6,6
79895,51,79,-28,28
79896,99,107,-8,8
79897,138,152,-14,14
79898,42,94,-52,52
79899,87,87,0,0
79900,141,133,8,8
79901,75,86,-11,11
79902,96,96,0,0
79903,56,61,-5,5
79904,122,112,10,10
79905,65,69,-4,4
79906,113,96,17,17
79907,67,64,3,3
79908,83,82,1,1
79909,91,79,12,12
79910,136,142,-6,6
79911,85,79,6,6
79912,66,72,-6,6
79913,79,71,8,8
79914,73,77,-4,4
79915,106,106,0,0
79916,76,69,7,7
79917,149,134,15,15
79918,38,57,-19,19
79919,108,91,17,17
79920,91,87,4,4
79921,105,101,4,4
79922,85,80,5,5
79923,62,67,-5,5
79924,117,139,-22,22
79925,62,66,-4,4
79926,115,96,19,19
79927,85,77,8,8
79928,150,155,-5,5
79929,132,121,11,11
79930,74,72,2,2
79931,44,59,-15,15
79932,152,164,-12,12
79933,142,154,-12,12
79934,106,99,7,7
79935,97,100,-3,3
79936,97,83,14,14
79937,53,63,-10,10
79938,116,106,10,10
79939,141,139,2,2
79940,109,103,6,6
79941,90,90,0,0
79942,111,114,-3,3
79943,186,193,-7,7
79944,133,123,10,10
79945,83,75,8,8
79946,69,75,-6,6
79947,73,76,-3,3
79948,154,147,7,7
79949,93,100,-7,7
79950,87,86,1,1
79951,126,130,-4,4
79952,91,92,-1,1
79953,79,73,6,6
79954,82,96,-14,14
79955,112,95,17,17
79956,72,65,7,7
79957,179,179,0,0
79958,67,71,-4,4
79959,61,78,-17,17
79960,134,115,19,19
79961,129,123,6,6
79962,79,78,1,1
79963,95,85,10,10
79964,147,136,11,11
79965,86,96,-10,10
79966,64,67,-3,3
79967,73,83,-10,10
79968,60,55,5,5
79969,122,123,-1,1
79970,91,91,0,0
79971,78,68,10,10
79972,69,73,-4,4
79973,64,74,-10,10
79974,120,119,1,1
79975,101,101,0,0
79976,51,64,-13,13
79977,80,74,6,6
79978,100,141,-41,41
79979,104,106,-2,2
79980,69,70,-1,1
79981,94,88,6,6
79982,110,119,-9,9
79983,157,159,-2,2
79984,56,61,-5,5
79985,118,120,-2,2
79986,29,61,-32,32
79987,110,137,-27,27
79988,102,93,9,9
79989,78,75,3,3
79990,116,127,-11,11
79991,129,122,7,7
79992,124,127,-3,3
79993,69,73,-4,4
79994,94,87,7,7
79995,105,96,9,9
79996,127,142,-15,15
79997,99,91,8,8
79998,106,101,5,5
79999,45,53,-8,8
80000,73,74,-1,1
80001,57,57,0,0
80002,71,72,-1,1
80003,84,82,2,2
80004,91,83,8,8
80005,93,87,6,6
80006,75,73,2,2
80007,98,82,16,16
80008,76,75,1,1
80009,87,72,15,15
80010,100,97,3,3
80011,101,106,-5,5
80012,63,73,-10,10
80013,94,86,8,8
80014,58,69,-11,11
80015,77,75,2,2
80016,136,121,15,15
80017,86,85,1,1
80018,109,96,13,13
80019,77,67,10,10
80020,146,141,5,5
80021,128,128,0,0
80022,164,163,1,1
80023,71,71,0,0
80024,147,157,-10,10
80025,96,93,3,3
80026,65,65,0,0
80027,95,96,-1,1
80028,84,82,2,2
80029,104,99,5,5
80030,75,78,-3,3
80031,168,181,-13,13
80032,200,197,3,3
80033,153,160,-7,7
80034,171,177,-6,6
80035,111,126,-15,15
80036,65,74,-9,9
80037,85,91,-6,6
80038,98,87,11,11
80039,111,109,2,2
80040,112,105,7,7
80041,113,102,11,11
80042,148,134,14,14
80043,115,109,6,6
80044,63,70,-7,7
80045,95,83,12,12
80046,98,92,6,6
80047,117,127,-10,10
80048,144,129,15,15
80049,115,120,-5,5
80050,124,113,11,11
80051,115,120,-5,5
80052,93,94,-1,1
80053,83,88,-5,5
80054,83,86,-3,3
80055,106,98,8,8
80056,104,100,4,4
80057,149,173,-24,24
80058,94,93,1,1
80059,61,75,-14,14
80060,63,77,-14,14
80061,98,92,6,6
80062,70,77,-7,7
80063,96,98,-2,2
80064,89,79,10,10
80065,120,140,-20,20
80066,85,76,9,9
80067,159,135,24,24
80068,144,143,1,1
80069,63,64,-1,1
80070,102,96,6,6
80071,119,106,13,13
80072,106,103,3,3
80073,88,65,23,23
80074,54,59,-5,5
80075,58,64,-6,6
80076,130,116,14,14
80077,168,149,19,19
80078,73,73,0,0
80079,133,143,-10,10
80080,98,100,-2,2
80081,86,75,11,11
80082,81,79,2,2
80083,83,85,-2,2
80084,59,62,-3,3
80085,43,68,-25,25
80086,80,76,4,4
80087,73,75,-2,2
80088,86,88,-2,2
80089,89,113,-24,24
80090,77,84,-7,7
80091,59,64,-5,5
80092,64,92,-28,28
80093,82,73,9,9
80094,47,61,-14,14
80095,99,84,15,15
80096,104,104,0,0
80097,62,67,-5,5
80098,70,70,0,0
80099,65,69,-4,4
80100,79,74,5,5
80101,86,80,6,6
80102,105,97,8,8
80103,91,94,-3,3
80104,117,108,9,9
80105,43,65,-22,22
80106,171,170,1,1
80107,115,108,7,7
80108,111,121,-10,10
80109,73,76,-3,3
80110,118,110,8,8
80111,84,80,4,4
80112,96,103,-7,7
80113,115,115,0,0
80114,172,176,-4,4
80115,138,134,4,4
80116,130,118,12,12
80117,142,146,-4,4
80118,92,86,6,6
80119,71,59,12,12
80120,42,44,-2,2
80121,93,89,4,4
80122,116,98,18,18
80123,90,83,7,7
80124,74,78,-4,4
80125,56,60,-4,4
80126,139,126,13,13
80127,76,72,4,4
80128,97,99,-2,2
80129,88,87,1,1
80130,70,72,-2,2
80131,148,132,16,16
80132,70,77,-7,7
80133,112,107,5,5
80134,81,72,9,9
80135,52,64,-12,12
80136,95,98,-3,3
80137,80,84,-4,4
80138,46,63,-17,17
80139,50,59,-9,9
80140,129,120,9,9
80141,90,89,1,1
80142,132,114,18,18
80143,143,134,9,9
80144,130,161,-31,31
80145,147,135,12,12
80146,103,99,4,4
80147,61,69,-8,8
80148,88,85,3,3
80149,158,145,13,13
80150,50,58,-8,8
80151,115,111,4,4
80152,86,90,-4,4
80153,95,86,9,9
80154,135,145,-10,10
80155,84,79,5,5
80156,116,133,-17,17
80157,31,51,-20,20
80158,86,87,-1,1
80159,87,76,11,11
80160,99,93,6,6
80161,61,70,-9,9
80162,66,60,6,6
80163,99,102,-3,3
80164,83,74,9,9
80165,63,58,5,5
80166,85,69,16,16
80167,90,92,-2,2
80168,114,106,8,8
80169,77,71,6,6
80170,74,77,-3,3
80171,85,82,3,3
80172,49,74,-25,25
80173,29,52,-23,23
80174,77,76,1,1
80175,70,71,-1,1
80176,72,71,1,1
80177,67,75,-8,8
80178,73,68,5,5
80179,112,88,24,24
80180,153,153,0,0
80181,120,118,2,2
80182,96,94,2,2
80183,104,95,9,9
80184,74,77,-3,3
80185,50,50,0,0
80186,74,75,-1,1
80187,91,87,4,4
80188,100,91,9,9
80189,45,62,-17,17
80190,96,93,3,3
80191,57,64,-7,7
80192,117,102,15,15
80193,116,117,-1,1
80194,117,116,1,1
80195,85,82,3,3
80196,90,97,-7,7
80197,120,96,24,24
80198,63,71,-8,8
80199,131,152,-21,21
80200,55,56,-1,1
80201,159,163,-4,4
80202,95,80,15,15
80203,91,79,12,12
80204,52,57,-5,5
80205,73,67,6,6
80206,107,91,16,16
80207,73,73,0,0
80208,144,137,7,7
80209,101,101,0,0
80210,84,82,2,2
80211,72,78,-6,6
80212,100,108,-8,8
80213,57,55,2,2
80214,89,82,7,7
80215,85,73,12,12
80216,136,136,0,0
80217,104,98,6,6
80218,180,179,1,1
80219,88,86,2,2
80220,81,83,-2,2
80221,98,93,5,5
80222,63,64,-1,1
80223,81,91,-10,10
80224,132,136,-4,4
80225,139,136,3,3
80226,156,151,5,5
80227,94,88,6,6
80228,113,111,2,2
80229,155,173,-18,18
80230,106,94,12,12
80231,71,71,0,0
80232,98,96,2,2
80233,48,152,-104,104
80234,54,63,-9,9
80235,86,74,12,12
80236,103,93,10,10
80237,148,139,9,9
80238,73,69,4,4
80239,135,143,-8,8
80240,93,95,-2,2
80241,137,139,-2,2
80242,82,87,-5,5
80243,78,75,3,3
80244,95,97,-2,2
80245,74,72,2,2
80246,95,87,8,8
80247,64,65,-1,1
80248,100,98,2,2
80249,95,102,-7,7
80250,28,59,-31,31
80251,38,58,-20,20
80252,92,91,1,1
80253,134,137,-3,3
80254,68,64,4,4
80255,117,102,15,15
80256,118,111,7,7
80257,79,74,5,5
80258,61,58,3,3
80259,132,125,7,7
80260,98,105,-7,7
80261,70,78,-8,8
80262,117,105,12,12
80263,61,58,3,3
80264,69,77,-8,8
80265,76,70,6,6
80266,56,64,-8,8
80267,108,106,2,2
80268,70,68,2,2
80269,53,57,-4,4
80270,94,105,-11,11
80271,158,153,5,5
80272,146,141,5,5
80273,94,93,1,1
80274,48,69,-21,21
80275,85,104,-19,19
80276,117,103,14,14
80277,119,102,17,17
80278,72,70,2,2
80279,103,92,11,11
80280,85,80,5,5
80281,121,112,9,9
80282,66,68,-2,2
80283,177,208,-31,31
80284,85,75,10,10
80285,151,153,-2,2
80286,57,59,-2,2
80287,83,81,2,2
80288,68,70,-2,2
80289,118,121,-3,3
80290,70,71,-1,1
80291,30,52,-22,22
80292,94,86,8,8
80293,68,70,-2,2
80294,153,166,-13,13
80295,81,75,6,6
80296,106,109,-3,3
80297,93,83,10,10
80298,152,155,-3,3
80299,117,116,1,1
80300,121,112,9,9
80301,104,110,-6,6
80302,130,115,15,15
80303,113,102,11,11
80304,108,101,7,7
80305,110,103,7,7
80306,76,80,-4,4
80307,119,108,11,11
80308,79,76,3,3
80309,96,101,-5,5
80310,74,83,-9,9
80311,71,63,8,8
80312,79,72,7,7
80313,62,59,3,3
80314,67,67,0,0
80315,149,137,12,12
80316,70,73,-3,3
80317,87,82,5,5
80318,302,309,-7,7
80319,51,67,-16,16
80320,73,66,7,7
80321,47,59,-12,12
80322,138,120,18,18
80323,155,151,4,4
80324,67,66,1,1
80325,118,126,-8,8
80326,73,82,-9,9
80327,67,76,-9,9
80328,43,55,-12,12
80329,101,106,-5,5
80330,89,74,15,15
80331,67,71,-4,4
80332,148,154,-6,6
80333,131,130,1,1
80334,73,68,5,5
80335,135,138,-3,3
80336,71,77,-6,6
80337,71,61,10,10
80338,108,94,14,14
80339,131,120,11,11
80340,115,136,-21,21
80341,56,70,-14,14
80342,84,82,2,2
80343,92,95,-3,3
80344,38,48,-10,10
80345,134,125,9,9
80346,75,74,1,1
80347,124,114,10,10
80348,126,120,6,6
80349,103,118,-15,15
80350,57,54,3,3
80351,82,87,-5,5
80352,113,115,-2,2
80353,103,107,-4,4
80354,119,101,18,18
80355,259,324,-65,65
80356,87,82,5,5
80357,180,160,20,20
80358,84,79,5,5
80359,110,117,-7,7
80360,116,105,11,11
80361,114,111,3,3
80362,124,132,-8,8
80363,92,81,11,11
80364,86,89,-3,3
80365,85,84,1,1
80366,65,73,-8,8
80367,73,74,-1,1
80368,72,78,-6,6
80369,108,103,5,5
80370,47,53,-6,6
80371,96,95,1,1
80372,66,65,1,1
80373,70,74,-4,4
80374,134,129,5,5
80375,47,61,-14,14
80376,50,60,-10,10
80377,69,73,-4,4
80378,82,83,-1,1
80379,103,100,3,3
80380,79,74,5,5
80381,82,80,2,2
80382,77,86,-9,9
80383,77,78,-1,1
80384,99,91,8,8
80385,99,104,-5,5
80386,156,167,-11,11
80387,82,70,12,12
80388,123,111,12,12
80389,75,65,10,10
80390,47,49,-2,2
80391,32,50,-18,18
80392,72,74,-2,2
80393,92,88,4,4
80394,128,105,23,23
80395,100,104,-4,4
80396,78,82,-4,4
80397,141,133,8,8
80398,361,327,34,34
80399,142,123,19,19
80400,28,57,-29,29
80401,53,56,-3,3
80402,80,80,0,0
80403,81,78,3,3
80404,181,153,28,28
80405,55,69,-14,14
80406,81,77,4,4
80407,58,63,-5,5
80408,28,57,-29,29
80409,76,80,-4,4
80410,77,76,1,1
80411,125,125,0,0
80412,89,97,-8,8
80413,91,90,1,1
80414,103,100,3,3
80415,97,99,-2,2
80416,90,75,15,15
80417,69,62,7,7
80418,140,138,2,2
80419,59,65,-6,6
80420,140,133,7,7
80421,119,122,-3,3
80422,86,89,-3,3
80423,71,65,6,6
80424,179,177,2,2
80425,119,93,26,26
80426,115,105,10,10
80427,61,72,-11,11
80428,160,155,5,5
80429,127,130,-3,3
80430,186,201,-15,15
80431,95,90,5,5
80432,73,71,2,2
80433,86,70,16,16
80434,64,71,-7,7
80435,164,158,6,6
80436,80,78,2,2
80437,107,115,-8,8
80438,138,127,11,11
80439,95,99,-4,4
80440,161,160,1,1
80441,81,75,6,6
80442,118,109,9,9
80443,102,95,7,7
80444,79,79,0,0
80445,83,82,1,1
80446,96,78,18,18
80447,99,101,-2,2
80448,101,90,11,11
80449,73,65,8,8
80450,151,142,9,9
80451,86,91,-5,5
80452,107,93,14,14
80453,102,83,19,19
80454,87,83,4,4
80455,110,100,10,10
80456,75,79,-4,4
80457,68,71,-3,3
80458,88,90,-2,2
80459,84,73,11,11
80460,81,79,2,2
80461,78,72,6,6
80462,73,67,6,6
80463,103,94,9,9
80464,175,178,-3,3
80465,122,111,11,11
80466,106,104,2,2
80467,53,58,-5,5
80468,120,118,2,2
80469,135,136,-1,1
80470,96,95,1,1
80471,69,68,1,1
80472,86,83,3,3
80473,94,101,-7,7
80474,46,66,-20,20
80475,93,84,9,9
80476,111,108,3,3
80477,54,60,-6,6
80478,63,80,-17,17
80479,59,67,-8,8
80480,61,65,-4,4
80481,68,62,6,6
80482,140,122,18,18
80483,79,68,11,11
80484,148,146,2,2
80485,114,110,4,4
80486,77,81,-4,4
80487,95,82,13,13
80488,53,54,-1,1
80489,102,105,-3,3
80490,150,149,1,1
80491,142,120,22,22
80492,123,138,-15,15
80493,85,83,2,2
80494,86,82,4,4
80495,106,90,16,16
80496,123,117,6,6
80497,99,99,0,0
80498,78,68,10,10
80499,74,72,2,2
80500,83,81,2,2
80501,68,95,-27,27
80502,100,106,-6,6
80503,71,71,0,0
80504,85,79,6,6
80505,105,106,-1,1
80506,132,130,2,2
80507,109,92,17,17
80508,95,86,9,9
80509,101,89,12,12
80510,49,67,-18,18
80511,37,47,-10,10
80512,80,74,6,6
80513,66,57,9,9
80514,70,69,1,1
80515,93,82,11,11
80516,54,61,-7,7
80517,99,101,-2,2
80518,100,102,-2,2
80519,143,141,2,2
80520,67,69,-2,2
80521,69,68,1,1
80522,72,86,-14,14
80523,88,85,3,3
80524,116,87,29,29
80525,103,101,2,2
80526,129,131,-2,2
80527,112,106,6,6
80528,47,55,-8,8
80529,80,71,9,9
80530,87,84,3,3
80531,102,104,-2,2
80532,111,108,3,3
80533,113,108,5,5
80534,85,77,8,8
80535,57,57,0,0
80536,110,95,15,15
80537,91,98,-7,7
80538,127,120,7,7
80539,71,69,2,2
80540,110,101,9,9
80541,143,132,11,11
80542,90,94,-4,4
80543,122,98,24,24
80544,124,122,2,2
80545,53,61,-8,8
80546,77,81,-4,4
80547,35,43,-8,8
80548,63,69,-6,6
80549,115,102,13,13
80550,128,117,11,11
80551,99,90,9,9
80552,90,95,-5,5
80553,80,70,10,10
80554,98,86,12,12
80555,95,87,8,8
80556,138,129,9,9
80557,84,69,15,15
80558,129,125,4,4
80559,101,89,12,12
80560,109,85,24,24
80561,142,148,-6,6
80562,72,55,17,17
80563,110,107,3,3
80564,52,63,-11,11
80565,66,85,-19,19
80566,69,73,-4,4
80567,79,63,16,16
80568,69,61,8,8
80569,97,89,8,8
80570,96,87,9,9
80571,105,90,15,15
80572,144,128,16,16
80573,129,111,18,18
80574,75,77,-2,2
80575,111,95,16,16
80576,149,136,13,13
80577,110,100,10,10
80578,73,71,2,2
80579,58,71,-13,13
80580,47,55,-8,8
80581,82,79,3,3
80582,70,63,7,7
80583,124,95,29,29
80584,78,73,5,5
80585,136,126,10,10
80586,147,152,-5,5
80587,84,92,-8,8
80588,121,114,7,7
80589,63,65,-2,2
80590,94,85,9,9
80591,125,123,2,2
80592,82,91,-9,9
80593,158,148,10,10
80594,67,74,-7,7
80595,61,70,-9,9
80596,119,119,0,0
80597,65,64,1,1
80598,86,87,-1,1
80599,98,74,24,24
80600,143,149,-6,6
80601,105,96,9,9
80602,113,130,-17,17
80603,77,74,3,3
80604,107,113,-6,6
80605,58,56,2,2
80606,145,149,-4,4
80607,52,61,-9,9
80608,109,94,15,15
80609,71,63,8,8
80610,64,71,-7,7
80611,129,110,19,19
80612,83,89,-6,6
80613,40,53,-13,13
80614,102,105,-3,3
80615,65,60,5,5
80616,100,82,18,18
80617,131,129,2,2
80618,90,89,1,1
80619,92,91,1,1
80620,67,77,-10,10
80621,121,108,13,13
80622,126,110,16,16
80623,93,87,6,6
80624,157,150,7,7
80625,89,83,6,6
80626,53,69,-16,16
80627,96,85,11,11
80628,111,103,8,8
80629,121,118,3,3
80630,67,73,-6,6
80631,59,65,-6,6
80632,88,88,0,0
80633,71,78,-7,7
80634,57,55,2,2
80635,118,102,16,16
80636,78,69,9,9
80637,118,109,9,9
80638,85,76,9,9
80639,102,100,2,2
80640,69,65,4,4
80641,179,183,-4,4
80642,94,102,-8,8
80643,100,96,4,4
80644,91,78,13,13
80645,139,148,-9,9
80646,77,78,-1,1
80647,64,64,0,0
80648,64,71,-7,7
80649,137,133,4,4
80650,113,102,11,11
80651,93,77,16,16
80652,100,101,-1,1
80653,88,84,4,4
80654,87,82,5,5
80655,144,147,-3,3
80656,41,52,-11,11
80657,51,56,-5,5
80658,78,79,-1,1
80659,72,73,-1,1
80660,66,56,10,10
80661,58,56,2,2
80662,123,123,0,0
80663,90,74,16,16
80664,56,57,-1,1
80665,98,88,10,10
80666,91,93,-2,2
80667,126,117,9,9
80668,68,56,12,12
80669,117,104,13,13
80670,46,52,-6,6
80671,71,76,-5,5
80672,111,105,6,6
80673,89,83,6,6
80674,58,65,-7,7
80675,104,94,10,10
80676,110,99,11,11
80677,101,96,5,5
80678,203,248,-45,45
80679,90,95,-5,5
80680,82,76,6,6
80681,133,115,18,18
80682,67,73,-6,6
80683,75,78,-3,3
80684,90,82,8,8
80685,91,78,13,13
80686,91,95,-4,4
80687,67,72,-5,5
80688,122,110,12,12
80689,59,65,-6,6
80690,40,56,-16,16
80691,104,94,10,10
80692,118,114,4,4
80693,92,85,7,7
80694,157,155,2,2
80695,65,66,-1,1
80696,60,69,-9,9
80697,100,102,-2,2
80698,31,46,-15,15
80699,94,89,5,5
80700,45,58,-13,13
80701,109,102,7,7
80702,85,69,16,16
80703,86,90,-4,4
80704,185,180,5,5
80705,97,96,1,1
80706,69,64,5,5
80707,194,197,-3,3
80708,63,77,-14,14
80709,141,136,5,5
80710,87,77,10,10
80711,131,130,1,1
80712,152,141,11,11
80713,96,87,9,9
80714,111,110,1,1
80715,92,75,17,17
80716,108,96,12,12
80717,83,83,0,0
80718,52,51,1,1
80719,103,92,11,11
80720,189,182,7,7
80721,80,71,9,9
80722,149,146,3,3
80723,146,132,14,14
80724,66,66,0,0
80725,38,49,-11,11
80726,124,132,-8,8
80727,55,65,-10,10
80728,141,113,28,28
80729,83,112,-29,29
80730,144,165,-21,21
80731,127,126,1,1
80732,80,64,16,16
80733,125,116,9,9
80734,115,115,0,0
80735,79,73,6,6
80736,73,72,1,1
80737,92,76,16,16
80738,84,90,-6,6
80739,103,100,3,3
80740,104,109,-5,5
80741,101,100,1,1
80742,92,89,3,3
80743,169,149,20,20
80744,53,77,-24,24
80745,114,100,14,14
80746,138,137,1,1
80747,86,83,3,3
80748,85,87,-2,2
80749,147,149,-2,2
80750,58,69,-11,11
80751,128,125,3,3
80752,65,77,-12,12
80753,89,84,5,5
80754,95,113,-18,18
80755,84,72,12,12
80756,115,102,13,13
80757,142,134,8,8
80758,120,115,5,5
80759,102,102,0,0
80760,121,146,-25,25
80761,48,55,-7,7
80762,127,99,28,28
80763,76,70,6,6
80764,133,129,4,4
80765,108,101,7,7
80766,67,63,4,4
80767,33,49,-16,16
80768,148,139,9,9
80769,115,94,21,21
80770,68,93,-25,25
80771,132,149,-17,17
80772,167,163,4,4
80773,145,158,-13,13
80774,126,122,4,4
80775,72,73,-1,1
80776,108,105,3,3
80777,75,75,0,0
80778,66,68,-2,2
80779,72,71,1,1
80780,99,94,5,5
80781,67,68,-1,1
80782,113,117,-4,4
80783,108,91,17,17
80784,94,84,10,10
80785,57,59,-2,2
80786,97,93,4,4
80787,64,65,-1,1
80788,127,119,8,8
80789,90,87,3,3
80790,185,169,16,16
80791,110,94,16,16
80792,59,58,1,1
80793,119,95,24,24
80794,88,96,-8,8
80795,196,192,4,4
80796,95,98,-3,3
80797,69,70,-1,1
80798,159,160,-1,1
80799,66,75,-9,9
80800,100,88,12,12
80801,90,97,-7,7
80802,71,73,-2,2
80803,63,65,-2,2
80804,104,92,12,12
80805,64,64,0,0
80806,67,68,-1,1
80807,71,75,-4,4
80808,155,133,22,22
80809,89,76,13,13
80810,128,124,4,4
80811,95,94,1,1
80812,51,63,-12,12
80813,118,109,9,9
80814,102,92,10,10
80815,124,114,10,10
80816,68,63,5,5
80817,50,50,0,0
80818,86,86,0,0
80819,89,89,0,0
80820,113,98,15,15
80821,126,108,18,18
80822,64,72,-8,8
80823,120,126,-6,6
80824,62,84,-22,22
80825,73,78,-5,5
80826,145,142,3,3
80827,63,69,-6,6
80828,80,83,-3,3
80829,82,82,0,0
80830,41,48,-7,7
80831,93,95,-2,2
80832,107,92,15,15
80833,60,68,-8,8
80834,93,90,3,3
80835,97,96,1,1
80836,90,87,3,3
80837,111,113,-2,2
80838,57,64,-7,7
80839,75,72,3,3
80840,54,61,-7,7
80841,55,65,-10,10
80842,84,84,0,0
80843,95,97,-2,2
80844,101,82,19,19
80845,91,91,0,0
80846,65,60,5,5
80847,59,57,2,2
80848,112,107,5,5
80849,164,173,-9,9
80850,61,64,-3,3
80851,75,76,-1,1
80852,149,143,6,6
80853,152,134,18,18
80854,65,74,-9,9
80855,90,80,10,10
80856,96,95,1,1
80857,105,87,18,18
80858,75,74,1,1
80859,61,61,0,0
80860,102,86,16,16
80861,96,91,5,5
80862,96,81,15,15
80863,89,83,6,6
80864,100,89,11,11
80865,96,89,7,7
80866,57,65,-8,8
80867,67,69,-2,2
80868,148,148,0,0
80869,108,105,3,3
80870,50,55,-5,5
80871,151,147,4,4
80872,72,73,-1,1
80873,55,57,-2,2
80874,166,144,22,22
80875,75,74,1,1
80876,154,134,20,20
80877,71,73,-2,2
80878,77,69,8,8
80879,72,63,9,9
80880,79,70,9,9
80881,166,160,6,6
80882,72,69,3,3
80883,91,92,-1,1
80884,80,83,-3,3
80885,111,80,31,31
80886,81,85,-4,4
80887,74,83,-9,9
80888,129,126,3,3
80889,120,113,7,7
80890,79,80,-1,1
80891,95,66,29,29
80892,82,82,0,0
80893,124,112,12,12
80894,73,72,1,1
80895,328,549,-221,221
80896,95,87,8,8
80897,90,75,15,15
80898,105,102,3,3
80899,131,133,-2,2
80900,96,92,4,4
80901,64,63,1,1
80902,129,110,19,19
80903,84,75,9,9
80904,126,117,9,9
80905,132,126,6,6
80906,108,111,-3,3
80907,74,68,6,6
80908,122,117,5,5
80909,96,102,-6,6
80910,172,195,-23,23
80911,150,143,7,7
80912,82,78,4,4
80913,119,119,0,0
80914,42,43,-1,1
80915,125,110,15,15
80916,47,50,-3,3
80917,78,71,7,7
80918,51,62,-11,11
80919,56,70,-14,14
80920,100,107,-7,7
80921,105,90,15,15
80922,241,208,33,33
80923,148,137,11,11
80924,49,53,-4,4
80925,116,114,2,2
80926,45,60,-15,15
80927,89,79,10,10
80928,83,79,4,4
80929,106,103,3,3
80930,84,97,-13,13
80931,82,82,0,0
80932,69,69,0,0
80933,87,89,-2,2
80934,85,99,-14,14
80935,75,62,13,13
80936,142,136,6,6
80937,84,89,-5,5
80938,112,96,16,16
80939,74,77,-3,3
80940,82,81,1,1
80941,96,95,1,1
80942,106,101,5,5
80943,41,58,-17,17
80944,70,61,9,9
80945,62,71,-9,9
80946,108,101,7,7
80947,115,103,12,12
80948,79,75,4,4
80949,101,91,10,10
80950,73,62,11,11
80951,69,66,3,3
80952,42,54,-12,12
80953,130,123,7,7
80954,74,66,8,8
80955,69,68,1,1
80956,112,105,7,7
80957,95,99,-4,4
80958,56,72,-16,16
80959,98,79,19,19
80960,93,93,0,0
80961,93,80,13,13
80962,99,98,1,1
80963,137,123,14,14
80964,127,127,0,0
80965,82,81,1,1
80966,58,78,-20,20
80967,83,68,15,15
80968,130,116,14,14
80969,99,76,23,23
80970,134,140,-6,6
80971,134,125,9,9
80972,73,68,5,5
80973,98,102,-4,4
80974,56,58,-2,2
80975,106,104,2,2
80976,157,147,10,10
80977,70,68,2,2
80978,105,99,6,6
80979,108,113,-5,5
80980,65,68,-3,3
80981,82,75,7,7
80982,75,85,-10,10
80983,88,86,2,2
80984,79,76,3,3
80985,85,86,-1,1
80986,98,96,2,2
80987,70,55,15,15
80988,132,128,4,4
80989,121,99,22,22
80990,120,135,-15,15
80991,131,124,7,7
80992,100,95,5,5
80993,103,100,3,3
80994,89,87,2,2
80995,87,83,4,4
80996,63,67,-4,4
80997,101,76,25,25
80998,80,75,5,5
80999,60,64,-4,4
81000,53,66,-13,13
81001,147,132,15,15
81002,83,85,-2,2
81003,91,87,4,4
81004,120,109,11,11
81005,79,80,-1,1
81006,66,58,8,8
81007,126,101,25,25
81008,155,146,9,9
81009,73,73,0,0
81010,75,68,7,7
81011,110,105,5,5
81012,87,90,-3,3
81013,92,87,5,5
81014,133,131,2,2
81015,100,91,9,9
81016,89,89,0,0
81017,73,72,1,1
81018,56,57,-1,1
81019,117,102,15,15
81020,77,53,24,24
81021,58,57,1,1
81022,132,128,4,4
81023,149,121,28,28
81024,60,60,0,0
81025,88,83,5,5
81026,118,111,7,7
81027,71,75,-4,4
81028,158,154,4,4
81029,143,135,8,8
81030,63,64,-1,1
81031,49,65,-16,16
81032,111,100,11,11
81033,121,116,5,5
81034,97,84,13,13
81035,116,108,8,8
81036,58,69,-11,11
81037,66,56,10,10
81038,63,56,7,7
81039,54,60,-6,6
81040,83,82,1,1
81041,66,68,-2,2
81042,48,60,-12,12
81043,69,71,-2,2
81044,39,53,-14,14
81045,158,118,40,40
81046,48,64,-16,16
81047,63,60,3,3
81048,93,96,-3,3
81049,87,74,13,13
81050,64,63,1,1
81051,148,113,35,35
81052,58,57,1,1
81053,51,61,-10,10
81054,53,65,-12,12
81055,138,131,7,7
81056,75,74,1,1
81057,94,94,0,0
81058,49,65,-16,16
81059,132,141,-9,9
81060,98,85,13,13
81061,97,105,-8,8
81062,100,78,22,22
81063,107,95,12,12
81064,65,60,5,5
81065,67,65,2,2
81066,54,64,-10,10
81067,123,110,13,13
81068,133,120,13,13
81069,105,117,-12,12
81070,91,96,-5,5
81071,121,117,4,4
81072,81,89,-8,8
81073,59,71,-12,12
81074,154,137,17,17
81075,85,85,0,0
81076,80,95,-15,15
81077,181,172,9,9
81078,112,98,14,14
81079,80,75,5,5
81080,140,131,9,9
81081,92,81,11,11
81082,87,70,17,17
81083,62,57,5,5
81084,136,123,13,13
81085,74,77,-3,3
81086,74,71,3,3
81087,45,53,-8,8
81088,87,82,5,5
81089,81,76,5,5
81090,37,46,-9,9
81091,73,71,2,2
81092,81,80,1,1
81093,119,120,-1,1
81094,139,137,2,2
81095,106,104,2,2
81096,105,107,-2,2
81097,129,124,5,5
81098,97,93,4,4
81099,94,113,-19,19
81100,89,103,-14,14
81101,84,75,9,9
81102,182,160,22,22
81103,44,57,-13,13
81104,98,84,14,14
81105,83,78,5,5
81106,159,151,8,8
81107,61,59,2,2
81108,145,122,23,23
81109,113,137,-24,24
81110,74,73,1,1
81111,44,50,-6,6
81112,70,79,-9,9
81113,87,100,-13,13
81114,156,156,0,0
81115,78,75,3,3
81116,99,84,15,15
81117,120,114,6,6
81118,100,107,-7,7
81119,90,86,4,4
81120,90,92,-2,2
81121,126,122,4,4
81122,59,60,-1,1
81123,82,83,-1,1
81124,71,74,-3,3
81125,87,73,14,14
81126,72,84,-12,12
81127,112,92,20,20
81128,65,67,-2,2
81129,68,64,4,4
81130,62,78,-16,16
81131,130,130,0,0
81132,60,50,10,10
81133,100,106,-6,6
81134,48,61,-13,13
81135,97,96,1,1
81136,85,74,11,11
81137,143,118,25,25
81138,112,108,4,4
81139,70,69,1,1
81140,107,122,-15,15
81141,103,98,5,5
81142,79,76,3,3
81143,65,54,11,11
81144,74,65,9,9
81145,62,64,-2,2
81146,146,145,1,1
81147,138,134,4,4
81148,109,99,10,10
81149,57,64,-7,7
81150,81,84,-3,3
81151,100,96,4,4
81152,55,69,-14,14
81153,71,74,-3,3
81154,137,119,18,18
81155,173,183,-10,10
81156,53,61,-8,8
81157,69,63,6,6
81158,115,100,15,15
81159,71,68,3,3
81160,129,122,7,7
81161,142,136,6,6
81162,48,61,-13,13
81163,77,79,-2,2
81164,81,92,-11,11
81165,103,93,10,10
81166,75,70,5,5
81167,86,85,1,1
81168,105,113,-8,8
81169,61,65,-4,4
81170,109,92,17,17
81171,98,91,7,7
81172,153,162,-9,9
81173,50,61,-11,11
81174,178,167,11,11
81175,85,88,-3,3
81176,118,111,7,7
81177,94,91,3,3
81178,116,91,25,25
81179,92,85,7,7
81180,96,84,12,12
81181,44,53,-9,9
81182,96,96,0,0
81183,146,125,21,21
81184,90,74,16,16
81185,86,75,11,11
81186,112,114,-2,2
81187,102,110,-8,8
81188,47,56,-9,9
81189,107,99,8,8
81190,52,72,-20,20
81191,122,117,5,5
81192,84,75,9,9
81193,76,81,-5,5
81194,72,71,1,1
81195,181,200,-19,19
81196,71,71,0,0
81197,92,93,-1,1
81198,152,144,8,8
81199,133,129,4,4
81200,97,92,5,5
81201,135,131,4,4
81202,75,80,-5,5
81203,99,84,15,15
81204,92,113,-21,21
81205,113,117,-4,4
81206,65,61,4,4
81207,100,100,0,0
81208,124,133,-9,9
81209,82,85,-3,3
81210,111,107,4,4
81211,101,94,7,7
81212,60,64,-4,4
81213,141,131,10,10
81214,69,70,-1,1
81215,141,144,-3,3
81216,111,96,15,15
81217,169,178,-9,9
81218,126,116,10,10
81219,75,76,-1,1
81220,120,108,12,12
81221,141,143,-2,2
81222,104,124,-20,20
81223,48,55,-7,7
81224,93,91,2,2
81225,140,132,8,8
81226,97,92,5,5
81227,110,95,15,15
81228,45,53,-8,8
81229,92,91,1,1
81230,87,65,22,22
81231,90,76,14,14
81232,68,80,-12,12
81233,64,66,-2,2
81234,59,59,0,0
81235,135,130,5,5
81236,52,56,-4,4
81237,121,124,-3,3
81238,78,80,-2,2
81239,97,82,15,15
81240,64,100,-36,36
81241,113,113,0,0
81242,83,73,10,10
81243,79,76,3,3
81244,77,81,-4,4
81245,56,72,-16,16
81246,156,148,8,8
81247,134,125,9,9
81248,66,62,4,4
81249,113,112,1,1
81250,89,89,0,0
81251,95,104,-9,9
81252,98,93,5,5
81253,137,138,-1,1
81254,113,97,16,16
81255,173,147,26,26
81256,122,117,5,5
81257,92,80,12,12
81258,142,135,7,7
81259,82,77,5,5
81260,42,64,-22,22
81261,116,133,-17,17
81262,89,88,1,1
81263,140,130,10,10
81264,130,104,26,26
81265,80,80,0,0
81266,113,117,-4,4
81267,60,69,-9,9
81268,143,181,-38,38
81269,86,82,4,4
81270,126,108,18,18
81271,75,69,6,6
81272,120,111,9,9
81273,125,116,9,9
81274,195,198,-3,3
81275,71,65,6,6
81276,131,100,31,31
81277,111,102,9,9
81278,89,95,-6,6
81279,93,93,0,0
81280,80,77,3,3
81281,80,64,16,16
81282,46,50,-4,4
81283,134,120,14,14
81284,83,77,6,6
81285,145,144,1,1
81286,80,76,4,4
81287,82,74,8,8
81288,86,77,9,9
81289,62,73,-11,11
81290,46,52,-6,6
81291,112,111,1,1
81292,99,88,11,11
81293,145,133,12,12
81294,166,170,-4,4
81295,45,63,-18,18
81296,126,103,23,23
81297,89,87,2,2
81298,99,99,0,0
81299,77,86,-9,9
81300,119,116,3,3
81301,93,110,-17,17
81302,102,109,-7,7
81303,62,64,-2,2
81304,57,72,-15,15
81305,63,69,-6,6
81306,56,55,1,1
81307,137,128,9,9
81308,101,99,2,2
81309,90,75,15,15
81310,136,129,7,7
81311,70,63,7,7
81312,81,78,3,3
81313,66,62,4,4
81314,93,89,4,4
81315,73,63,10,10
81316,90,87,3,3
81317,83,87,-4,4
81318,89,66,23,23
81319,103,105,-2,2
81320,105,101,4,4
81321,83,101,-18,18
81322,115,115,0,0
81323,99,94,5,5
81324,85,91,-6,6
81325,73,68,5,5
81326,80,86,-6,6
81327,49,54,-5,5
81328,80,85,-5,5
81329,63,63,0,0
81330,33,48,-15,15
81331,178,170,8,8
81332,105,128,-23,23
81333,41,54,-13,13
81334,92,93,-1,1
81335,98,83,15,15
81336,71,68,3,3
81337,30,85,-55,55
81338,62,64,-2,2
81339,126,150,-24,24
81340,102,105,-3,3
81341,122,125,-3,3
81342,79,83,-4,4
81343,152,145,7,7
81344,159,153,6,6
81345,161,165,-4,4
81346,71,66,5,5
81347,84,87,-3,3
81348,118,101,17,17
81349,73,62,11,11
81350,118,117,1,1
81351,102,82,20,20
81352,69,80,-11,11
81353,101,79,22,22
81354,127,119,8,8
81355,84,85,-1,1
81356,40,49,-9,9
81357,70,69,1,1
81358,135,122,13,13
81359,77,73,4,4
81360,78,71,7,7
81361,70,70,0,0
81362,73,67,6,6
81363,85,78,7,7
81364,106,101,5,5
81365,151,136,15,15
81366,153,153,0,0
81367,133,108,25,25
81368,121,107,14,14
81369,110,106,4,4
81370,71,75,-4,4
81371,98,84,14,14
81372,126,127,-1,1
81373,86,92,-6,6
81374,77,75,2,2
81375,198,189,9,9
81376,133,120,13,13
81377,124,127,-3,3
81378,90,79,11,11
81379,60,62,-2,2
81380,80,93,-13,13
81381,47,51,-4,4
81382,82,78,4,4
81383,119,91,28,28
81384,66,70,-4,4
81385,136,118,18,18
81386,141,135,6,6
81387,50,61,-11,11
81388,71,72,-1,1
81389,98,110,-12,12
81390,121,98,23,23
81391,81,87,-6,6
81392,117,117,0,0
81393,112,112,0,0
81394,94,89,5,5
81395,55,62,-7,7
81396,97,112,-15,15
81397,92,92,0,0
81398,137,142,-5,5
81399,54,58,-4,4
81400,140,130,10,10
81401,138,119,19,19
81402,85,83,2,2
81403,84,80,4,4
81404,104,99,5,5
81405,113,108,5,5
81406,109,121,-12,12
81407,76,85,-9,9
81408,79,85,-6,6
81409,65,63,2,2
81410,81,69,12,12
81411,131,113,18,18
81412,204,173,31,31
81413,77,70,7,7
81414,161,138,23,23
81415,97,94,3,3
81416,110,101,9,9
81417,76,70,6,6
81418,70,63,7,7
81419,122,119,3,3
81420,52,63,-11,11
81421,121,115,6,6
81422,89,84,5,5
81423,99,92,7,7
81424,62,61,1,1
81425,117,116,1,1
81426,92,96,-4,4
81427,169,161,8,8
81428,122,108,14,14
81429,88,79,9,9
81430,94,86,8,8
81431,163,140,23,23
81432,72,73,-1,1
81433,87,94,-7,7
81434,104,113,-9,9
81435,51,57,-6,6
81436,57,61,-4,4
81437,149,147,2,2
81438,87,92,-5,5
81439,109,111,-2,2
81440,120,118,2,2
81441,79,69,10,10
81442,129,128,1,1
81443,162,163,-1,1
81444,133,134,-1,1
81445,82,87,-5,5
81446,110,106,4,4
81447,180,159,21,21
81448,104,101,3,3
81449,134,138,-4,4
81450,114,107,7,7
81451,130,149,-19,19
81452,94,100,-6,6
81453,182,173,9,9
81454,93,97,-4,4
81455,74,74,0,0
81456,66,72,-6,6
81457,164,293,-129,129
81458,125,179,-54,54
81459,74,79,-5,5
81460,148,140,8,8
81461,69,78,-9,9
81462,98,95,3,3
81463,71,66,5,5
81464,107,103,4,4
81465,133,119,14,14
81466,72,64,8,8
81467,68,73,-5,5
81468,97,89,8,8
81469,185,169,16,16
81470,184,191,-7,7
81471,106,109,-3,3
81472,143,150,-7,7
81473,82,87,-5,5
81474,47,55,-8,8
81475,82,74,8,8
81476,97,77,20,20
81477,58,63,-5,5
81478,115,96,19,19
81479,137,115,22,22
81480,112,114,-2,2
81481,101,91,10,10
81482,56,58,-2,2
81483,80,73,7,7
81484,79,83,-4,4
81485,186,181,5,5
81486,79,78,1,1
81487,80,68,12,12
81488,85,76,9,9
81489,123,106,17,17
81490,94,82,12,12
81491,71,85,-14,14
81492,83,79,4,4
81493,45,68,-23,23
81494,120,147,-27,27
81495,165,156,9,9
81496,73,71,2,2
81497,87,86,1,1
81498,80,77,3,3
81499,132,134,-2,2
81500,82,77,5,5
81501,77,72,5,5
81502,62,72,-10,10
81503,74,75,-1,1
81504,87,89,-2,2
81505,142,139,3,3
81506,119,100,19,19
81507,62,67,-5,5
