,original,predict,differ,abs
0,67,72,-5,5
1,58,62,-4,4
2,88,82,6,6
3,183,174,9,9
4,81,78,3,3
5,88,89,-1,1
6,83,86,-3,3
7,183,150,33,33
8,81,77,4,4
9,117,120,-3,3
10,64,52,12,12
11,59,66,-7,7
12,74,72,2,2
13,100,107,-7,7
14,103,101,2,2
15,66,67,-1,1
16,97,96,1,1
17,120,104,16,16
18,79,82,-3,3
19,110,114,-4,4
20,217,203,14,14
21,156,151,5,5
22,97,86,11,11
23,101,121,-20,20
24,82,75,7,7
25,127,118,9,9
26,112,111,1,1
27,191,172,19,19
28,48,46,2,2
29,106,116,-10,10
30,133,131,2,2
31,57,59,-2,2
32,108,101,7,7
33,89,79,10,10
34,50,67,-17,17
35,62,62,0,0
36,102,95,7,7
37,55,50,5,5
38,89,106,-17,17
39,96,104,-8,8
40,70,71,-1,1
41,115,119,-4,4
42,82,79,3,3
43,102,102,0,0
44,167,143,24,24
45,82,89,-7,7
46,118,129,-11,11
47,85,76,9,9
48,93,93,0,0
49,111,92,19,19
50,77,71,6,6
51,136,132,4,4
52,109,97,12,12
53,85,92,-7,7
54,133,122,11,11
55,138,127,11,11
56,100,121,-21,21
57,130,127,3,3
58,96,101,-5,5
59,58,59,-1,1
60,115,115,0,0
61,73,76,-3,3
62,135,127,8,8
63,177,175,2,2
64,96,101,-5,5
65,77,79,-2,2
66,84,86,-2,2
67,105,93,12,12
68,193,187,6,6
69,143,144,-1,1
70,111,99,12,12
71,104,91,13,13
72,265,256,9,9
73,88,89,-1,1
74,78,81,-3,3
75,58,59,-1,1
76,86,83,3,3
77,59,62,-3,3
78,139,138,1,1
79,96,94,2,2
80,90,85,5,5
81,83,80,3,3
82,133,130,3,3
83,141,141,0,0
84,72,65,7,7
85,75,71,4,4
86,43,43,0,0
87,68,70,-2,2
88,170,139,31,31
89,92,100,-8,8
90,64,89,-25,25
91,101,109,-8,8
92,82,75,7,7
93,81,74,7,7
94,75,74,1,1
95,99,96,3,3
96,45,55,-10,10
97,186,187,-1,1
98,127,142,-15,15
99,100,101,-1,1
100,66,66,0,0
101,129,110,19,19
102,107,111,-4,4
103,128,126,2,2
104,90,87,3,3
105,68,66,2,2
106,107,108,-1,1
107,90,86,4,4
108,89,90,-1,1
109,70,71,-1,1
110,174,150,24,24
111,90,75,15,15
112,76,79,-3,3
113,67,63,4,4
114,76,86,-10,10
115,168,161,7,7
116,91,89,2,2
117,103,105,-2,2
118,91,85,6,6
119,67,73,-6,6
120,118,123,-5,5
121,51,53,-2,2
122,76,77,-1,1
123,110,117,-7,7
124,99,92,7,7
125,96,95,1,1
126,169,168,1,1
127,89,93,-4,4
128,94,100,-6,6
129,123,133,-10,10
130,186,178,8,8
131,132,131,1,1
132,102,87,15,15
133,78,82,-4,4
134,129,115,14,14
135,116,100,16,16
136,136,129,7,7
137,131,132,-1,1
138,105,104,1,1
139,69,70,-1,1
140,66,61,5,5
141,127,119,8,8
142,127,129,-2,2
143,66,79,-13,13
144,112,121,-9,9
145,115,106,9,9
146,98,87,11,11
147,69,61,8,8
148,93,80,13,13
149,121,127,-6,6
150,92,93,-1,1
151,73,69,4,4
152,139,137,2,2
153,80,84,-4,4
154,89,92,-3,3
155,67,63,4,4
156,66,63,3,3
157,81,86,-5,5
158,59,61,-2,2
159,128,131,-3,3
160,109,113,-4,4
161,50,49,1,1
162,74,69,5,5
163,80,83,-3,3
164,132,138,-6,6
165,51,51,0,0
166,115,111,4,4
167,70,87,-17,17
168,159,145,14,14
169,151,157,-6,6
170,94,97,-3,3
171,81,96,-15,15
172,77,78,-1,1
173,42,43,-1,1
174,135,132,3,3
175,106,99,7,7
176,50,51,-1,1
177,162,142,20,20
178,130,111,19,19
179,120,102,18,18
180,84,86,-2,2
181,76,79,-3,3
182,67,65,2,2
183,75,70,5,5
184,39,40,-1,1
185,119,104,15,15
186,55,61,-6,6
187,90,84,6,6
188,124,128,-4,4
189,171,173,-2,2
190,70,69,1,1
191,137,136,1,1
192,127,136,-9,9
193,143,151,-8,8
194,195,164,31,31
195,112,105,7,7
196,43,45,-2,2
197,114,110,4,4
198,111,105,6,6
199,80,81,-1,1
200,128,108,20,20
201,176,178,-2,2
202,64,61,3,3
203,142,137,5,5
204,100,91,9,9
205,63,58,5,5
206,145,135,10,10
207,101,95,6,6
208,78,73,5,5
209,98,91,7,7
210,147,150,-3,3
211,50,50,0,0
212,70,66,4,4
213,175,169,6,6
214,87,107,-20,20
215,87,76,11,11
216,108,121,-13,13
217,67,64,3,3
218,95,100,-5,5
219,89,98,-9,9
220,135,141,-6,6
221,79,89,-10,10
222,43,48,-5,5
223,195,163,32,32
224,83,85,-2,2
225,81,90,-9,9
226,63,71,-8,8
227,119,117,2,2
228,98,97,1,1
229,44,46,-2,2
230,47,52,-5,5
231,87,68,19,19
232,90,82,8,8
233,62,60,2,2
234,103,97,6,6
235,140,143,-3,3
236,114,114,0,0
237,57,68,-11,11
238,81,76,5,5
239,74,96,-22,22
240,61,71,-10,10
241,43,42,1,1
242,55,60,-5,5
243,100,89,11,11
244,124,110,14,14
245,107,112,-5,5
246,121,126,-5,5
247,86,95,-9,9
248,146,137,9,9
249,147,150,-3,3
250,47,41,6,6
251,124,113,11,11
252,89,91,-2,2
253,50,59,-9,9
254,110,116,-6,6
255,158,154,4,4
256,86,81,5,5
257,102,103,-1,1
258,107,111,-4,4
259,64,62,2,2
260,136,129,7,7
261,125,108,17,17
262,115,103,12,12
263,71,69,2,2
264,80,80,0,0
265,82,87,-5,5
266,79,80,-1,1
267,102,94,8,8
268,49,55,-6,6
269,109,116,-7,7
270,52,55,-3,3
271,72,67,5,5
272,68,77,-9,9
273,151,157,-6,6
274,112,112,0,0
275,97,114,-17,17
276,82,92,-10,10
277,72,75,-3,3
278,125,131,-6,6
279,128,131,-3,3
280,94,93,1,1
281,76,68,8,8
282,71,73,-2,2
283,112,109,3,3
284,75,72,3,3
285,77,72,5,5
286,78,72,6,6
287,89,83,6,6
288,88,81,7,7
289,97,95,2,2
290,80,71,9,9
291,67,72,-5,5
292,83,84,-1,1
293,85,87,-2,2
294,76,69,7,7
295,64,63,1,1
296,107,112,-5,5
297,141,150,-9,9
298,130,125,5,5
299,51,60,-9,9
300,66,61,5,5
301,75,75,0,0
302,186,166,20,20
303,86,78,8,8
304,141,142,-1,1
305,83,77,6,6
306,85,80,5,5
307,148,136,12,12
308,87,85,2,2
309,77,68,9,9
310,27,47,-20,20
311,88,89,-1,1
312,92,84,8,8
313,86,90,-4,4
314,135,135,0,0
315,77,67,10,10
316,73,75,-2,2
317,133,137,-4,4
318,51,50,1,1
319,125,116,9,9
320,98,110,-12,12
321,143,137,6,6
322,140,137,3,3
323,87,93,-6,6
324,89,74,15,15
325,69,72,-3,3
326,96,73,23,23
327,127,122,5,5
328,79,77,2,2
329,137,122,15,15
330,85,87,-2,2
331,84,86,-2,2
332,52,61,-9,9
333,77,72,5,5
334,78,84,-6,6
335,104,96,8,8
336,89,92,-3,3
337,89,69,20,20
338,56,51,5,5
339,106,84,22,22
340,71,67,4,4
341,132,120,12,12
342,82,73,9,9
343,100,94,6,6
344,51,60,-9,9
345,66,61,5,5
346,85,75,10,10
347,112,113,-1,1
348,34,52,-18,18
349,134,119,15,15
350,93,98,-5,5
351,114,134,-20,20
352,137,128,9,9
353,88,89,-1,1
354,108,115,-7,7
355,106,97,9,9
356,146,174,-28,28
357,54,65,-11,11
358,170,138,32,32
359,86,71,15,15
360,110,94,16,16
361,82,78,4,4
362,101,95,6,6
363,64,66,-2,2
364,44,50,-6,6
365,84,79,5,5
366,60,58,2,2
367,101,106,-5,5
368,120,110,10,10
369,60,55,5,5
370,130,124,6,6
371,41,45,-4,4
372,116,109,7,7
373,58,59,-1,1
374,77,73,4,4
375,96,101,-5,5
376,88,93,-5,5
377,103,98,5,5
378,35,78,-43,43
379,64,61,3,3
380,86,77,9,9
381,89,91,-2,2
382,108,107,1,1
383,116,108,8,8
384,82,84,-2,2
385,65,66,-1,1
386,64,72,-8,8
387,134,129,5,5
388,65,67,-2,2
389,77,75,2,2
390,120,120,0,0
391,54,55,-1,1
392,90,91,-1,1
393,87,90,-3,3
394,97,90,7,7
395,17,42,-25,25
396,69,89,-20,20
397,31,39,-8,8
398,90,89,1,1
399,104,105,-1,1
400,97,91,6,6
401,52,60,-8,8
402,81,82,-1,1
403,88,86,2,2
404,150,154,-4,4
405,103,114,-11,11
406,47,45,2,2
407,119,117,2,2
408,107,115,-8,8
409,88,63,25,25
410,85,85,0,0
411,95,98,-3,3
412,89,82,7,7
413,87,89,-2,2
414,148,134,14,14
415,98,95,3,3
416,148,153,-5,5
417,77,80,-3,3
418,70,73,-3,3
419,64,62,2,2
420,110,129,-19,19
421,143,148,-5,5
422,122,169,-47,47
423,82,82,0,0
424,112,110,2,2
425,128,132,-4,4
426,148,149,-1,1
427,80,76,4,4
428,56,66,-10,10
429,90,90,0,0
430,110,109,1,1
431,88,95,-7,7
432,91,88,3,3
433,99,97,2,2
434,122,118,4,4
435,66,61,5,5
436,106,103,3,3
437,65,59,6,6
438,164,153,11,11
439,68,67,1,1
440,48,64,-16,16
441,88,80,8,8
442,107,105,2,2
443,58,62,-4,4
444,91,87,4,4
445,113,106,7,7
446,107,101,6,6
447,101,93,8,8
448,72,84,-12,12
449,134,130,4,4
450,87,88,-1,1
451,64,63,1,1
452,72,70,2,2
453,146,153,-7,7
454,110,111,-1,1
455,104,103,1,1
456,129,135,-6,6
457,134,142,-8,8
458,123,127,-4,4
459,62,60,2,2
460,71,68,3,3
461,58,61,-3,3
462,88,85,3,3
463,134,135,-1,1
464,81,81,0,0
465,77,89,-12,12
466,118,114,4,4
467,131,128,3,3
468,66,68,-2,2
469,61,60,1,1
470,43,39,4,4
471,121,119,2,2
472,101,110,-9,9
473,112,99,13,13
474,67,61,6,6
475,88,81,7,7
476,57,49,8,8
477,93,82,11,11
478,77,63,14,14
479,57,60,-3,3
480,55,64,-9,9
481,68,69,-1,1
482,118,113,5,5
483,63,69,-6,6
484,110,116,-6,6
485,58,59,-1,1
486,119,105,14,14
487,110,140,-30,30
488,146,141,5,5
489,50,46,4,4
490,104,100,4,4
491,136,128,8,8
492,145,149,-4,4
493,110,96,14,14
494,124,130,-6,6
495,117,115,2,2
496,134,130,4,4
497,98,85,13,13
498,104,129,-25,25
499,78,78,0,0
500,100,95,5,5
501,45,52,-7,7
502,108,114,-6,6
503,50,58,-8,8
504,69,75,-6,6
505,106,100,6,6
506,66,59,7,7
507,61,66,-5,5
508,96,94,2,2
509,96,89,7,7
510,53,54,-1,1
511,93,95,-2,2
512,80,71,9,9
513,73,73,0,0
514,70,77,-7,7
515,100,89,11,11
516,137,132,5,5
517,114,114,0,0
518,70,69,1,1
519,55,68,-13,13
520,108,92,16,16
521,138,138,0,0
522,95,93,2,2
523,142,139,3,3
524,83,82,1,1
525,122,112,10,10
526,97,95,2,2
527,56,53,3,3
528,122,118,4,4
529,73,73,0,0
530,69,62,7,7
531,95,100,-5,5
532,68,76,-8,8
533,95,88,7,7
534,78,89,-11,11
535,90,86,4,4
536,106,102,4,4
537,42,46,-4,4
538,76,80,-4,4
539,157,168,-11,11
540,119,115,4,4
541,99,103,-4,4
542,61,65,-4,4
543,102,95,7,7
544,92,92,0,0
545,124,110,14,14
546,82,87,-5,5
547,76,78,-2,2
548,67,71,-4,4
549,148,141,7,7
550,74,76,-2,2
551,66,68,-2,2
552,108,110,-2,2
553,64,68,-4,4
554,102,101,1,1
555,63,63,0,0
556,66,59,7,7
557,74,69,5,5
558,74,73,1,1
559,67,66,1,1
560,86,94,-8,8
561,81,93,-12,12
562,90,93,-3,3
563,47,50,-3,3
564,68,79,-11,11
565,88,75,13,13
566,83,76,7,7
567,76,76,0,0
568,55,53,2,2
569,100,110,-10,10
570,108,122,-14,14
571,178,164,14,14
572,80,81,-1,1
573,82,85,-3,3
574,149,139,10,10
575,69,71,-2,2
576,70,74,-4,4
577,90,101,-11,11
578,91,90,1,1
579,75,62,13,13
580,88,88,0,0
581,134,124,10,10
582,49,53,-4,4
583,51,50,1,1
584,113,108,5,5
585,88,88,0,0
586,53,47,6,6
587,84,70,14,14
588,105,101,4,4
589,85,81,4,4
590,105,100,5,5
591,75,73,2,2
592,139,132,7,7
593,103,98,5,5
594,87,92,-5,5
595,65,80,-15,15
596,74,70,4,4
597,98,105,-7,7
598,110,104,6,6
599,112,111,1,1
600,88,83,5,5
601,85,82,3,3
602,55,53,2,2
603,86,81,5,5
604,124,125,-1,1
605,114,112,2,2
606,57,56,1,1
607,56,61,-5,5
608,78,74,4,4
609,122,135,-13,13
610,79,72,7,7
611,81,75,6,6
612,117,110,7,7
613,112,121,-9,9
614,95,97,-2,2
615,195,176,19,19
616,76,87,-11,11
617,104,96,8,8
618,112,108,4,4
619,103,104,-1,1
620,91,98,-7,7
621,105,97,8,8
622,127,109,18,18
623,60,62,-2,2
624,111,108,3,3
625,106,107,-1,1
626,109,107,2,2
627,85,87,-2,2
628,67,74,-7,7
629,81,83,-2,2
630,83,84,-1,1
631,56,63,-7,7
632,92,89,3,3
633,71,78,-7,7
634,95,87,8,8
635,93,94,-1,1
636,144,148,-4,4
637,53,56,-3,3
638,77,86,-9,9
639,71,68,3,3
640,95,100,-5,5
641,95,102,-7,7
642,61,54,7,7
643,141,126,15,15
644,133,125,8,8
645,94,88,6,6
646,112,113,-1,1
647,84,82,2,2
648,92,90,2,2
649,84,82,2,2
650,94,95,-1,1
651,72,73,-1,1
652,102,120,-18,18
653,61,63,-2,2
654,108,115,-7,7
655,105,104,1,1
656,85,90,-5,5
657,74,78,-4,4
658,50,49,1,1
659,101,94,7,7
660,82,73,9,9
661,108,89,19,19
662,148,142,6,6
663,126,118,8,8
664,136,147,-11,11
665,75,78,-3,3
666,36,37,-1,1
667,42,61,-19,19
668,69,63,6,6
669,126,121,5,5
670,109,94,15,15
671,90,87,3,3
672,116,106,10,10
673,151,188,-37,37
674,147,146,1,1
675,52,91,-39,39
676,107,111,-4,4
677,90,90,0,0
678,162,149,13,13
679,103,102,1,1
680,150,136,14,14
681,62,86,-24,24
682,111,109,2,2
683,77,81,-4,4
684,166,170,-4,4
685,151,161,-10,10
686,116,120,-4,4
687,79,78,1,1
688,94,119,-25,25
689,110,113,-3,3
690,152,140,12,12
691,176,161,15,15
692,92,95,-3,3
693,156,148,8,8
694,92,95,-3,3
695,77,73,4,4
696,32,48,-16,16
697,87,88,-1,1
698,108,108,0,0
699,104,94,10,10
700,70,67,3,3
701,66,45,21,21
702,118,108,10,10
703,65,64,1,1
704,111,99,12,12
705,74,68,6,6
706,81,86,-5,5
707,88,80,8,8
708,87,83,4,4
709,116,120,-4,4
710,47,46,1,1
711,95,98,-3,3
712,44,47,-3,3
713,91,104,-13,13
714,83,84,-1,1
715,137,133,4,4
716,80,77,3,3
717,147,137,10,10
718,119,125,-6,6
719,137,111,26,26
720,133,142,-9,9
721,89,91,-2,2
722,150,144,6,6
723,108,105,3,3
724,96,77,19,19
725,88,83,5,5
726,140,129,11,11
727,128,133,-5,5
728,53,51,2,2
729,100,114,-14,14
730,58,71,-13,13
731,110,103,7,7
732,125,121,4,4
733,124,109,15,15
734,109,119,-10,10
735,122,127,-5,5
736,95,93,2,2
737,93,94,-1,1
738,85,75,10,10
739,98,84,14,14
740,68,75,-7,7
741,48,50,-2,2
742,97,100,-3,3
743,81,82,-1,1
744,88,82,6,6
745,91,112,-21,21
746,64,62,2,2
747,204,187,17,17
748,114,110,4,4
749,185,154,31,31
750,75,75,0,0
751,70,62,8,8
752,145,144,1,1
753,87,82,5,5
754,45,50,-5,5
755,73,70,3,3
756,125,130,-5,5
757,60,62,-2,2
758,95,95,0,0
759,119,98,21,21
760,76,70,6,6
761,56,60,-4,4
762,44,62,-18,18
763,98,99,-1,1
764,86,77,9,9
765,161,146,15,15
766,102,118,-16,16
767,103,101,2,2
768,69,72,-3,3
769,151,159,-8,8
770,92,73,19,19
771,80,88,-8,8
772,87,87,0,0
773,108,98,10,10
774,51,51,0,0
775,110,110,0,0
776,64,62,2,2
777,73,73,0,0
778,92,86,6,6
779,93,90,3,3
780,103,100,3,3
781,49,45,4,4
782,71,77,-6,6
783,70,65,5,5
784,67,63,4,4
785,100,96,4,4
786,93,99,-6,6
787,75,74,1,1
788,97,98,-1,1
789,84,87,-3,3
790,140,126,14,14
791,151,139,12,12
792,78,81,-3,3
793,79,82,-3,3
794,108,119,-11,11
795,95,92,3,3
796,98,91,7,7
797,119,124,-5,5
798,83,95,-12,12
799,67,70,-3,3
800,64,63,1,1
801,102,97,5,5
802,75,74,1,1
803,68,80,-12,12
804,78,78,0,0
805,53,54,-1,1
806,126,124,2,2
807,89,92,-3,3
808,85,97,-12,12
809,64,67,-3,3
810,85,83,2,2
811,74,67,7,7
812,66,63,3,3
813,79,72,7,7
814,125,108,17,17
815,119,113,6,6
816,26,46,-20,20
817,66,65,1,1
818,88,83,5,5
819,111,99,12,12
820,86,81,5,5
821,76,87,-11,11
822,86,81,5,5
823,145,131,14,14
824,46,46,0,0
825,107,97,10,10
826,99,89,10,10
827,63,68,-5,5
828,68,68,0,0
829,100,91,9,9
830,110,120,-10,10
831,77,78,-1,1
832,66,72,-6,6
833,64,62,2,2
834,77,83,-6,6
835,144,144,0,0
836,106,102,4,4
837,93,97,-4,4
838,73,83,-10,10
839,103,106,-3,3
840,105,109,-4,4
841,75,74,1,1
842,83,78,5,5
843,112,113,-1,1
844,156,149,7,7
845,156,148,8,8
846,77,79,-2,2
847,76,72,4,4
848,95,93,2,2
849,41,52,-11,11
850,106,115,-9,9
851,135,131,4,4
852,92,97,-5,5
853,91,97,-6,6
854,112,112,0,0
855,84,88,-4,4
856,77,72,5,5
857,29,59,-30,30
858,64,68,-4,4
859,143,127,16,16
860,59,56,3,3
861,155,153,2,2
862,207,171,36,36
863,129,116,13,13
864,115,107,8,8
865,108,98,10,10
866,162,148,14,14
867,69,72,-3,3
868,62,70,-8,8
869,79,94,-15,15
870,57,52,5,5
871,90,90,0,0
872,98,97,1,1
873,108,106,2,2
874,80,98,-18,18
875,114,106,8,8
876,57,57,0,0
877,41,103,-62,62
878,90,87,3,3
879,84,68,16,16
880,87,86,1,1
881,70,79,-9,9
882,109,110,-1,1
883,76,74,2,2
884,62,67,-5,5
885,83,79,4,4
886,124,131,-7,7
887,122,125,-3,3
888,55,51,4,4
889,108,117,-9,9
890,109,113,-4,4
891,52,73,-21,21
892,134,120,14,14
893,60,51,9,9
894,71,69,2,2
895,123,117,6,6
896,60,63,-3,3
897,140,136,4,4
898,109,95,14,14
899,150,168,-18,18
900,74,77,-3,3
901,94,88,6,6
902,71,74,-3,3
903,139,132,7,7
904,87,96,-9,9
905,72,75,-3,3
906,53,50,3,3
907,163,147,16,16
908,111,93,18,18
909,70,61,9,9
910,46,46,0,0
911,138,136,2,2
912,127,119,8,8
913,70,75,-5,5
914,107,120,-13,13
915,64,60,4,4
916,69,75,-6,6
917,196,186,10,10
918,136,141,-5,5
919,52,65,-13,13
920,79,84,-5,5
921,109,119,-10,10
922,78,78,0,0
923,115,113,2,2
924,77,80,-3,3
925,110,106,4,4
926,74,69,5,5
927,49,47,2,2
928,55,58,-3,3
929,145,133,12,12
930,119,115,4,4
931,96,96,0,0
932,196,189,7,7
933,72,77,-5,5
934,90,99,-9,9
935,62,103,-41,41
936,118,105,13,13
937,137,141,-4,4
938,79,75,4,4
939,152,145,7,7
940,87,96,-9,9
941,112,113,-1,1
942,62,66,-4,4
943,72,76,-4,4
944,109,106,3,3
945,83,80,3,3
946,68,62,6,6
947,97,96,1,1
948,59,61,-2,2
949,173,151,22,22
950,73,69,4,4
951,85,88,-3,3
952,62,62,0,0
953,75,71,4,4
954,90,90,0,0
955,93,96,-3,3
956,98,98,0,0
957,116,112,4,4
958,50,46,4,4
959,106,108,-2,2
960,114,109,5,5
961,98,89,9,9
962,184,184,0,0
963,69,72,-3,3
964,147,145,2,2
965,29,63,-34,34
966,108,117,-9,9
967,65,69,-4,4
968,96,94,2,2
969,84,88,-4,4
970,70,66,4,4
971,162,155,7,7
972,112,115,-3,3
973,71,70,1,1
974,139,126,13,13
975,72,78,-6,6
976,68,70,-2,2
977,76,76,0,0
978,87,88,-1,1
979,52,47,5,5
980,115,110,5,5
981,161,151,10,10
982,88,81,7,7
983,107,103,4,4
984,84,76,8,8
985,90,86,4,4
986,55,57,-2,2
987,138,131,7,7
988,90,86,4,4
989,114,102,12,12
990,111,124,-13,13
991,44,43,1,1
992,111,119,-8,8
993,128,109,19,19
994,98,91,7,7
995,93,84,9,9
996,74,71,3,3
997,130,131,-1,1
998,82,89,-7,7
999,178,157,21,21
1000,42,46,-4,4
1001,96,90,6,6
1002,39,50,-11,11
1003,75,77,-2,2
1004,147,145,2,2
1005,102,104,-2,2
1006,212,190,22,22
1007,64,63,1,1
1008,91,88,3,3
1009,39,41,-2,2
1010,92,100,-8,8
1011,159,150,9,9
1012,119,112,7,7
1013,128,127,1,1
1014,125,122,3,3
1015,63,65,-2,2
1016,117,116,1,1
1017,117,120,-3,3
1018,35,42,-7,7
1019,108,112,-4,4
1020,108,100,8,8
1021,77,75,2,2
1022,88,86,2,2
1023,45,50,-5,5
1024,88,102,-14,14
1025,110,99,11,11
1026,93,88,5,5
1027,77,83,-6,6
1028,144,135,9,9
1029,63,70,-7,7
1030,56,49,7,7
1031,143,136,7,7
1032,119,134,-15,15
1033,85,80,5,5
1034,94,90,4,4
1035,115,119,-4,4
1036,117,120,-3,3
1037,71,65,6,6
1038,79,79,0,0
1039,119,82,37,37
1040,78,73,5,5
1041,101,112,-11,11
1042,89,94,-5,5
1043,91,95,-4,4
1044,112,108,4,4
1045,131,132,-1,1
1046,43,47,-4,4
1047,162,157,5,5
1048,55,55,0,0
1049,116,117,-1,1
1050,49,48,1,1
1051,88,80,8,8
1052,108,106,2,2
1053,72,65,7,7
1054,115,109,6,6
1055,55,56,-1,1
1056,146,136,10,10
1057,97,78,19,19
1058,81,81,0,0
1059,146,137,9,9
1060,133,127,6,6
1061,62,64,-2,2
1062,148,143,5,5
1063,98,88,10,10
1064,81,71,10,10
1065,73,74,-1,1
1066,81,76,5,5
1067,148,140,8,8
1068,141,130,11,11
1069,56,54,2,2
1070,123,119,4,4
1071,83,76,7,7
1072,117,121,-4,4
1073,99,98,1,1
1074,99,104,-5,5
1075,64,61,3,3
1076,92,87,5,5
1077,40,42,-2,2
1078,183,166,17,17
1079,44,58,-14,14
1080,115,115,0,0
1081,49,51,-2,2
1082,127,123,4,4
1083,155,138,17,17
1084,81,91,-10,10
1085,92,86,6,6
1086,74,64,10,10
1087,108,107,1,1
1088,57,60,-3,3
1089,61,66,-5,5
1090,125,127,-2,2
1091,97,89,8,8
1092,60,94,-34,34
1093,78,77,1,1
1094,71,81,-10,10
1095,84,84,0,0
1096,177,163,14,14
1097,80,75,5,5
1098,130,135,-5,5
1099,81,85,-4,4
1100,88,85,3,3
1101,56,53,3,3
1102,149,141,8,8
1103,92,79,13,13
1104,90,91,-1,1
1105,45,50,-5,5
1106,63,71,-8,8
1107,92,92,0,0
1108,124,126,-2,2
1109,140,141,-1,1
1110,122,136,-14,14
1111,47,48,-1,1
1112,67,71,-4,4
1113,199,185,14,14
1114,110,133,-23,23
1115,78,83,-5,5
1116,42,44,-2,2
1117,51,52,-1,1
1118,183,156,27,27
1119,160,160,0,0
1120,117,116,1,1
1121,70,73,-3,3
1122,90,84,6,6
1123,101,110,-9,9
1124,73,72,1,1
1125,64,64,0,0
1126,69,67,2,2
1127,98,95,3,3
1128,121,120,1,1
1129,83,82,1,1
1130,170,168,2,2
1131,80,80,0,0
1132,68,72,-4,4
1133,130,137,-7,7
1134,66,74,-8,8
1135,65,87,-22,22
1136,95,94,1,1
1137,99,97,2,2
1138,95,119,-24,24
1139,174,169,5,5
1140,154,136,18,18
1141,121,108,13,13
1142,109,96,13,13
1143,87,104,-17,17
1144,61,48,13,13
1145,96,96,0,0
1146,96,91,5,5
1147,118,117,1,1
1148,97,90,7,7
1149,105,101,4,4
1150,87,84,3,3
1151,104,98,6,6
1152,80,88,-8,8
1153,54,60,-6,6
1154,92,90,2,2
1155,48,51,-3,3
1156,78,84,-6,6
1157,136,124,12,12
1158,139,128,11,11
1159,61,111,-50,50
1160,83,83,0,0
1161,103,110,-7,7
1162,128,126,2,2
1163,131,125,6,6
1164,76,78,-2,2
1165,74,62,12,12
1166,135,137,-2,2
1167,73,75,-2,2
1168,115,121,-6,6
1169,81,84,-3,3
1170,140,132,8,8
1171,69,73,-4,4
1172,46,51,-5,5
1173,109,103,6,6
1174,197,174,23,23
1175,111,125,-14,14
1176,100,99,1,1
1177,77,73,4,4
1178,66,70,-4,4
1179,67,70,-3,3
1180,120,135,-15,15
1181,349,346,3,3
1182,78,77,1,1
1183,118,123,-5,5
1184,51,62,-11,11
1185,82,85,-3,3
1186,49,45,4,4
1187,72,69,3,3
1188,112,269,-157,157
1189,140,124,16,16
1190,69,61,8,8
1191,94,93,1,1
1192,69,70,-1,1
1193,96,99,-3,3
1194,77,117,-40,40
1195,92,101,-9,9
1196,141,145,-4,4
1197,94,88,6,6
1198,92,80,12,12
1199,96,118,-22,22
1200,69,61,8,8
1201,35,45,-10,10
1202,78,75,3,3
1203,113,113,0,0
1204,99,90,9,9
1205,108,106,2,2
1206,118,106,12,12
1207,95,94,1,1
1208,106,107,-1,1
1209,101,78,23,23
1210,77,91,-14,14
1211,97,92,5,5
1212,86,85,1,1
1213,60,60,0,0
1214,101,107,-6,6
1215,105,95,10,10
1216,73,76,-3,3
1217,90,87,3,3
1218,121,112,9,9
1219,80,87,-7,7
1220,85,92,-7,7
1221,158,156,2,2
1222,75,74,1,1
1223,70,77,-7,7
1224,66,70,-4,4
1225,107,103,4,4
1226,182,178,4,4
1227,134,130,4,4
1228,103,97,6,6
1229,69,73,-4,4
1230,95,87,8,8
1231,33,42,-9,9
1232,58,54,4,4
1233,63,71,-8,8
1234,115,100,15,15
1235,111,100,11,11
1236,128,116,12,12
1237,141,133,8,8
1238,50,52,-2,2
1239,129,113,16,16
1240,49,56,-7,7
1241,91,87,4,4
1242,131,120,11,11
1243,120,109,11,11
1244,91,86,5,5
1245,108,112,-4,4
1246,70,77,-7,7
1247,51,48,3,3
1248,92,97,-5,5
1249,77,76,1,1
1250,149,138,11,11
1251,117,111,6,6
1252,144,142,2,2
1253,82,71,11,11
1254,107,111,-4,4
1255,51,48,3,3
1256,55,59,-4,4
1257,101,101,0,0
1258,99,94,5,5
1259,114,105,9,9
1260,55,66,-11,11
1261,83,83,0,0
1262,174,168,6,6
1263,136,130,6,6
1264,89,95,-6,6
1265,67,77,-10,10
1266,81,84,-3,3
1267,122,124,-2,2
1268,74,77,-3,3
1269,149,164,-15,15
1270,62,66,-4,4
1271,64,73,-9,9
1272,85,89,-4,4
1273,163,141,22,22
1274,72,76,-4,4
1275,62,59,3,3
1276,50,54,-4,4
1277,57,62,-5,5
1278,82,90,-8,8
1279,58,59,-1,1
1280,51,49,2,2
1281,63,67,-4,4
1282,125,124,1,1
1283,78,84,-6,6
1284,57,53,4,4
1285,65,62,3,3
1286,111,118,-7,7
1287,90,85,5,5
1288,107,106,1,1
1289,81,76,5,5
1290,133,109,24,24
1291,111,120,-9,9
1292,64,71,-7,7
1293,56,75,-19,19
1294,51,57,-6,6
1295,64,68,-4,4
1296,156,151,5,5
1297,96,106,-10,10
1298,94,87,7,7
1299,65,91,-26,26
1300,167,157,10,10
1301,44,47,-3,3
1302,255,225,30,30
1303,80,75,5,5
1304,142,132,10,10
1305,73,61,12,12
1306,114,104,10,10
1307,81,72,9,9
1308,66,68,-2,2
1309,91,91,0,0
1310,106,95,11,11
1311,84,92,-8,8
1312,120,118,2,2
1313,115,111,4,4
1314,130,126,4,4
1315,192,195,-3,3
1316,150,138,12,12
1317,87,89,-2,2
1318,69,73,-4,4
1319,170,179,-9,9
1320,99,94,5,5
1321,72,81,-9,9
1322,106,100,6,6
1323,142,123,19,19
1324,44,48,-4,4
1325,87,94,-7,7
1326,72,75,-3,3
1327,116,104,12,12
1328,66,67,-1,1
1329,43,43,0,0
1330,145,139,6,6
1331,92,88,4,4
1332,86,87,-1,1
1333,87,94,-7,7
1334,71,69,2,2
1335,136,125,11,11
1336,73,78,-5,5
1337,81,82,-1,1
1338,65,61,4,4
1339,97,87,10,10
1340,61,59,2,2
1341,76,64,12,12
1342,55,52,3,3
1343,100,94,6,6
1344,120,122,-2,2
1345,110,123,-13,13
1346,103,103,0,0
1347,57,60,-3,3
1348,95,84,11,11
1349,82,86,-4,4
1350,105,114,-9,9
1351,68,72,-4,4
1352,177,165,12,12
1353,97,92,5,5
1354,150,132,18,18
1355,38,43,-5,5
1356,85,83,2,2
1357,79,81,-2,2
1358,78,80,-2,2
1359,98,98,0,0
1360,138,133,5,5
1361,92,81,11,11
1362,110,106,4,4
1363,135,146,-11,11
1364,96,97,-1,1
1365,107,97,10,10
1366,84,87,-3,3
1367,82,77,5,5
1368,87,107,-20,20
1369,58,59,-1,1
1370,55,51,4,4
1371,69,76,-7,7
1372,193,183,10,10
1373,102,108,-6,6
1374,105,97,8,8
1375,74,89,-15,15
1376,122,141,-19,19
1377,85,79,6,6
1378,103,98,5,5
1379,139,129,10,10
1380,91,84,7,7
1381,84,95,-11,11
1382,155,142,13,13
1383,73,72,1,1
1384,141,128,13,13
1385,70,63,7,7
1386,93,81,12,12
1387,100,90,10,10
1388,96,93,3,3
1389,56,60,-4,4
1390,93,117,-24,24
1391,97,119,-22,22
1392,43,46,-3,3
1393,58,52,6,6
1394,107,104,3,3
1395,118,115,3,3
1396,64,53,11,11
1397,114,96,18,18
1398,84,77,7,7
1399,68,71,-3,3
1400,170,153,17,17
1401,121,118,3,3
1402,180,172,8,8
1403,81,83,-2,2
1404,131,123,8,8
1405,166,162,4,4
1406,83,83,0,0
1407,107,95,12,12
1408,95,98,-3,3
1409,88,76,12,12
1410,149,141,8,8
1411,160,157,3,3
1412,112,111,1,1
1413,145,143,2,2
1414,38,38,0,0
1415,104,101,3,3
1416,125,129,-4,4
1417,86,85,1,1
1418,105,100,5,5
1419,44,48,-4,4
1420,116,102,14,14
1421,136,128,8,8
1422,149,138,11,11
1423,135,108,27,27
1424,51,63,-12,12
1425,94,105,-11,11
1426,88,98,-10,10
1427,128,131,-3,3
1428,148,145,3,3
1429,103,110,-7,7
1430,59,62,-3,3
1431,75,76,-1,1
1432,83,80,3,3
1433,73,71,2,2
1434,75,94,-19,19
1435,74,81,-7,7
1436,85,86,-1,1
1437,74,65,9,9
1438,99,97,2,2
1439,122,122,0,0
1440,130,131,-1,1
1441,61,68,-7,7
1442,48,46,2,2
1443,111,116,-5,5
1444,58,52,6,6
1445,61,74,-13,13
1446,129,133,-4,4
1447,55,56,-1,1
1448,159,150,9,9
1449,81,81,0,0
1450,44,49,-5,5
1451,64,55,9,9
1452,105,95,10,10
1453,131,132,-1,1
1454,188,179,9,9
1455,107,102,5,5
1456,74,80,-6,6
1457,155,168,-13,13
1458,93,89,4,4
1459,125,122,3,3
1460,113,121,-8,8
1461,81,78,3,3
1462,73,70,3,3
1463,78,71,7,7
1464,124,109,15,15
1465,68,72,-4,4
1466,90,93,-3,3
1467,108,96,12,12
1468,73,71,2,2
1469,92,88,4,4
1470,118,119,-1,1
1471,70,62,8,8
1472,98,99,-1,1
1473,70,62,8,8
1474,72,73,-1,1
1475,107,94,13,13
1476,112,108,4,4
1477,118,115,3,3
1478,86,84,2,2
1479,114,91,23,23
1480,121,109,12,12
1481,120,107,13,13
1482,275,213,62,62
1483,98,89,9,9
1484,95,106,-11,11
1485,80,73,7,7
1486,126,131,-5,5
1487,98,99,-1,1
1488,133,144,-11,11
1489,61,62,-1,1
1490,129,121,8,8
1491,117,114,3,3
1492,54,76,-22,22
1493,54,60,-6,6
1494,48,52,-4,4
1495,85,80,5,5
1496,56,76,-20,20
1497,77,86,-9,9
1498,140,127,13,13
1499,69,71,-2,2
1500,88,92,-4,4
1501,107,105,2,2
1502,81,78,3,3
1503,134,120,14,14
1504,80,78,2,2
1505,121,116,5,5
1506,111,105,6,6
1507,72,77,-5,5
1508,155,157,-2,2
1509,61,60,1,1
1510,70,75,-5,5
1511,55,58,-3,3
1512,74,75,-1,1
1513,151,147,4,4
1514,38,42,-4,4
1515,164,188,-24,24
1516,66,77,-11,11
1517,58,52,6,6
1518,66,68,-2,2
1519,116,106,10,10
1520,71,88,-17,17
1521,99,100,-1,1
1522,108,117,-9,9
1523,77,79,-2,2
1524,56,59,-3,3
1525,126,110,16,16
1526,117,114,3,3
1527,71,63,8,8
1528,80,74,6,6
1529,69,72,-3,3
1530,76,68,8,8
1531,137,133,4,4
1532,184,173,11,11
1533,131,116,15,15
1534,149,138,11,11
1535,95,96,-1,1
1536,122,119,3,3
1537,54,50,4,4
1538,88,91,-3,3
1539,83,87,-4,4
1540,69,74,-5,5
1541,87,100,-13,13
1542,156,155,1,1
1543,118,120,-2,2
1544,55,59,-4,4
1545,83,81,2,2
1546,81,93,-12,12
1547,101,111,-10,10
1548,73,76,-3,3
1549,105,104,1,1
1550,82,86,-4,4
1551,65,66,-1,1
1552,78,77,1,1
1553,115,108,7,7
1554,133,126,7,7
1555,58,66,-8,8
1556,108,109,-1,1
1557,128,131,-3,3
1558,136,118,18,18
1559,37,45,-8,8
1560,95,103,-8,8
1561,121,117,4,4
1562,87,81,6,6
1563,100,117,-17,17
1564,89,83,6,6
1565,126,129,-3,3
1566,109,121,-12,12
1567,103,98,5,5
1568,150,139,11,11
1569,94,125,-31,31
1570,148,157,-9,9
1571,60,61,-1,1
1572,70,75,-5,5
1573,131,136,-5,5
1574,70,63,7,7
1575,95,99,-4,4
1576,66,70,-4,4
1577,86,75,11,11
1578,91,84,7,7
1579,75,84,-9,9
1580,46,51,-5,5
1581,100,103,-3,3
1582,98,92,6,6
1583,92,84,8,8
1584,112,100,12,12
1585,167,158,9,9
1586,90,96,-6,6
1587,109,100,9,9
1588,93,109,-16,16
1589,61,62,-1,1
1590,123,116,7,7
1591,93,95,-2,2
1592,74,65,9,9
1593,36,41,-5,5
1594,89,82,7,7
1595,144,153,-9,9
1596,80,82,-2,2
1597,114,113,1,1
1598,106,110,-4,4
1599,57,59,-2,2
1600,70,79,-9,9
1601,112,113,-1,1
1602,92,84,8,8
1603,106,101,5,5
1604,122,128,-6,6
1605,128,120,8,8
1606,109,106,3,3
1607,75,76,-1,1
1608,120,109,11,11
1609,60,54,6,6
1610,137,124,13,13
1611,78,79,-1,1
1612,93,97,-4,4
1613,91,89,2,2
1614,84,84,0,0
1615,137,133,4,4
1616,43,51,-8,8
1617,74,65,9,9
1618,77,72,5,5
1619,114,115,-1,1
1620,104,90,14,14
1621,101,104,-3,3
1622,43,45,-2,2
1623,106,104,2,2
1624,90,87,3,3
1625,114,120,-6,6
1626,82,70,12,12
1627,62,70,-8,8
1628,112,106,6,6
1629,46,52,-6,6
1630,104,87,17,17
1631,106,103,3,3
1632,62,59,3,3
1633,123,121,2,2
1634,95,94,1,1
1635,64,68,-4,4
1636,76,82,-6,6
1637,104,98,6,6
1638,126,126,0,0
1639,144,136,8,8
1640,119,121,-2,2
1641,74,68,6,6
1642,51,55,-4,4
1643,91,93,-2,2
1644,86,94,-8,8
1645,95,88,7,7
1646,72,75,-3,3
1647,162,155,7,7
1648,87,79,8,8
1649,91,91,0,0
1650,122,135,-13,13
1651,70,70,0,0
1652,106,114,-8,8
1653,89,98,-9,9
1654,59,52,7,7
1655,44,46,-2,2
1656,74,63,11,11
1657,77,77,0,0
1658,135,129,6,6
1659,107,102,5,5
1660,64,61,3,3
1661,52,69,-17,17
1662,61,62,-1,1
1663,74,75,-1,1
1664,87,100,-13,13
1665,106,98,8,8
1666,64,61,3,3
1667,70,74,-4,4
1668,77,82,-5,5
1669,62,60,2,2
1670,67,65,2,2
1671,109,105,4,4
1672,118,120,-2,2
1673,74,81,-7,7
1674,100,96,4,4
1675,83,97,-14,14
1676,83,73,10,10
1677,121,113,8,8
1678,79,81,-2,2
1679,46,47,-1,1
1680,92,80,12,12
1681,102,97,5,5
1682,103,93,10,10
1683,64,57,7,7
1684,101,95,6,6
1685,105,101,4,4
1686,55,56,-1,1
1687,66,63,3,3
1688,60,60,0,0
1689,62,65,-3,3
1690,150,152,-2,2
1691,84,89,-5,5
1692,98,106,-8,8
1693,59,64,-5,5
1694,57,61,-4,4
1695,88,125,-37,37
1696,146,150,-4,4
1697,58,59,-1,1
1698,73,66,7,7
1699,192,180,12,12
1700,58,53,5,5
1701,97,88,9,9
1702,84,81,3,3
1703,149,140,9,9
1704,162,143,19,19
1705,53,64,-11,11
1706,48,55,-7,7
1707,103,113,-10,10
1708,64,65,-1,1
1709,85,78,7,7
1710,64,67,-3,3
1711,73,71,2,2
1712,72,66,6,6
1713,136,123,13,13
1714,103,96,7,7
1715,161,153,8,8
1716,89,86,3,3
1717,102,92,10,10
1718,66,114,-48,48
1719,87,83,4,4
1720,101,102,-1,1
1721,90,95,-5,5
1722,108,114,-6,6
1723,59,62,-3,3
1724,118,113,5,5
1725,56,53,3,3
1726,195,186,9,9
1727,70,68,2,2
1728,90,92,-2,2
1729,108,113,-5,5
1730,118,133,-15,15
1731,74,75,-1,1
1732,115,110,5,5
1733,31,38,-7,7
1734,121,126,-5,5
1735,43,45,-2,2
1736,78,73,5,5
1737,63,63,0,0
1738,57,52,5,5
1739,53,59,-6,6
1740,63,65,-2,2
1741,88,86,2,2
1742,80,89,-9,9
1743,133,140,-7,7
1744,90,81,9,9
1745,130,129,1,1
1746,70,71,-1,1
1747,169,151,18,18
1748,45,48,-3,3
1749,171,162,9,9
1750,84,84,0,0
1751,95,100,-5,5
1752,73,75,-2,2
1753,59,60,-1,1
1754,82,89,-7,7
1755,101,92,9,9
1756,77,88,-11,11
1757,57,63,-6,6
1758,97,92,5,5
1759,69,71,-2,2
1760,82,67,15,15
1761,60,81,-21,21
1762,70,69,1,1
1763,79,83,-4,4
1764,127,121,6,6
1765,92,107,-15,15
1766,119,121,-2,2
1767,59,60,-1,1
1768,66,73,-7,7
1769,44,49,-5,5
1770,46,43,3,3
1771,129,115,14,14
1772,93,84,9,9
1773,98,122,-24,24
1774,89,84,5,5
1775,74,71,3,3
1776,96,95,1,1
1777,103,94,9,9
1778,84,87,-3,3
1779,75,76,-1,1
1780,167,152,15,15
1781,85,84,1,1
1782,108,116,-8,8
1783,59,60,-1,1
1784,101,100,1,1
1785,76,75,1,1
1786,118,115,3,3
1787,67,67,0,0
1788,53,66,-13,13
1789,108,108,0,0
1790,103,98,5,5
1791,130,140,-10,10
1792,83,82,1,1
1793,52,64,-12,12
1794,79,83,-4,4
1795,80,87,-7,7
1796,88,67,21,21
1797,55,59,-4,4
1798,53,50,3,3
1799,116,104,12,12
1800,103,98,5,5
1801,73,79,-6,6
1802,72,73,-1,1
1803,155,141,14,14
1804,205,205,0,0
1805,55,54,1,1
1806,119,118,1,1
1807,93,86,7,7
1808,81,82,-1,1
1809,93,91,2,2
1810,121,124,-3,3
1811,62,61,1,1
1812,61,64,-3,3
1813,113,113,0,0
1814,79,77,2,2
1815,130,133,-3,3
1816,68,78,-10,10
1817,81,78,3,3
1818,114,104,10,10
1819,101,86,15,15
1820,63,54,9,9
1821,87,103,-16,16
1822,117,119,-2,2
1823,114,116,-2,2
1824,109,106,3,3
1825,96,92,4,4
1826,54,56,-2,2
1827,132,127,5,5
1828,85,90,-5,5
1829,70,64,6,6
1830,60,51,9,9
1831,68,70,-2,2
1832,48,46,2,2
1833,75,79,-4,4
1834,126,119,7,7
1835,106,101,5,5
1836,60,60,0,0
1837,70,63,7,7
1838,52,49,3,3
1839,86,79,7,7
1840,74,71,3,3
1841,118,108,10,10
1842,43,48,-5,5
1843,207,197,10,10
1844,97,88,9,9
1845,78,74,4,4
1846,100,101,-1,1
1847,108,99,9,9
1848,73,71,2,2
1849,151,144,7,7
1850,45,49,-4,4
1851,81,77,4,4
1852,68,68,0,0
1853,140,150,-10,10
1854,121,113,8,8
1855,88,102,-14,14
1856,42,46,-4,4
1857,76,81,-5,5
1858,89,85,4,4
1859,61,62,-1,1
1860,98,89,9,9
1861,78,80,-2,2
1862,54,56,-2,2
1863,128,149,-21,21
1864,160,154,6,6
1865,65,67,-2,2
1866,109,103,6,6
1867,149,160,-11,11
1868,112,107,5,5
1869,78,73,5,5
1870,61,56,5,5
1871,82,74,8,8
1872,54,52,2,2
1873,45,53,-8,8
1874,102,97,5,5
1875,92,93,-1,1
1876,121,119,2,2
1877,119,116,3,3
1878,84,78,6,6
1879,99,106,-7,7
1880,116,121,-5,5
1881,119,114,5,5
1882,157,154,3,3
1883,119,104,15,15
1884,92,86,6,6
1885,60,68,-8,8
1886,101,100,1,1
1887,90,92,-2,2
1888,132,137,-5,5
1889,156,151,5,5
1890,101,100,1,1
1891,88,82,6,6
1892,141,116,25,25
1893,56,59,-3,3
1894,85,74,11,11
1895,182,165,17,17
1896,127,116,11,11
1897,76,72,4,4
1898,83,78,5,5
1899,59,60,-1,1
1900,33,42,-9,9
1901,38,45,-7,7
1902,90,77,13,13
1903,87,99,-12,12
1904,81,90,-9,9
1905,123,128,-5,5
1906,111,105,6,6
1907,207,215,-8,8
1908,140,137,3,3
1909,90,84,6,6
1910,67,72,-5,5
1911,102,133,-31,31
1912,65,67,-2,2
1913,81,81,0,0
1914,75,76,-1,1
1915,93,97,-4,4
1916,87,99,-12,12
1917,183,164,19,19
1918,95,95,0,0
1919,200,196,4,4
1920,95,91,4,4
1921,199,185,14,14
1922,87,73,14,14
1923,56,59,-3,3
1924,55,64,-9,9
1925,90,99,-9,9
1926,64,71,-7,7
1927,57,59,-2,2
1928,179,190,-11,11
1929,78,75,3,3
1930,54,54,0,0
1931,112,105,7,7
1932,69,86,-17,17
1933,73,78,-5,5
1934,64,70,-6,6
1935,65,70,-5,5
1936,63,64,-1,1
1937,159,150,9,9
1938,71,77,-6,6
1939,90,90,0,0
1940,116,114,2,2
1941,110,107,3,3
1942,80,80,0,0
1943,116,120,-4,4
1944,101,106,-5,5
1945,145,142,3,3
1946,144,146,-2,2
1947,163,147,16,16
1948,115,125,-10,10
1949,115,126,-11,11
1950,102,106,-4,4
1951,105,89,16,16
1952,61,59,2,2
1953,74,72,2,2
1954,88,86,2,2
1955,86,76,10,10
1956,98,98,0,0
1957,113,109,4,4
1958,82,70,12,12
1959,124,106,18,18
1960,76,73,3,3
1961,137,138,-1,1
1962,88,98,-10,10
1963,130,122,8,8
1964,75,66,9,9
1965,97,83,14,14
1966,114,121,-7,7
1967,92,85,7,7
1968,106,105,1,1
1969,89,92,-3,3
1970,72,92,-20,20
1971,92,93,-1,1
1972,66,66,0,0
1973,26,31,-5,5
1974,106,98,8,8
1975,82,86,-4,4
1976,112,109,3,3
1977,94,88,6,6
1978,106,102,4,4
1979,114,107,7,7
1980,85,99,-14,14
1981,144,147,-3,3
1982,137,125,12,12
1983,56,62,-6,6
1984,62,52,10,10
1985,65,71,-6,6
1986,71,79,-8,8
1987,78,86,-8,8
1988,66,58,8,8
1989,106,111,-5,5
1990,74,102,-28,28
1991,46,121,-75,75
1992,140,132,8,8
1993,129,122,7,7
1994,83,86,-3,3
1995,81,84,-3,3
1996,49,49,0,0
1997,124,118,6,6
1998,42,43,-1,1
1999,89,89,0,0
2000,101,91,10,10
2001,184,202,-18,18
2002,113,111,2,2
2003,212,203,9,9
2004,120,113,7,7
2005,95,94,1,1
2006,120,121,-1,1
2007,97,95,2,2
2008,72,73,-1,1
2009,80,66,14,14
2010,87,95,-8,8
2011,100,97,3,3
2012,185,181,4,4
2013,90,91,-1,1
2014,77,80,-3,3
2015,67,69,-2,2
2016,63,68,-5,5
2017,74,73,1,1
2018,104,97,7,7
2019,129,128,1,1
2020,73,71,2,2
2021,128,123,5,5
2022,64,66,-2,2
2023,88,77,11,11
2024,47,55,-8,8
2025,68,62,6,6
2026,75,70,5,5
2027,75,74,1,1
2028,80,83,-3,3
2029,61,63,-2,2
2030,74,73,1,1
2031,79,84,-5,5
2032,62,72,-10,10
2033,121,129,-8,8
2034,77,79,-2,2
2035,104,108,-4,4
2036,116,113,3,3
2037,61,75,-14,14
2038,86,82,4,4
2039,83,90,-7,7
2040,119,122,-3,3
2041,109,117,-8,8
2042,83,96,-13,13
2043,66,68,-2,2
2044,112,114,-2,2
2045,110,109,1,1
2046,115,125,-10,10
2047,97,95,2,2
2048,115,111,4,4
2049,78,82,-4,4
2050,58,59,-1,1
2051,98,101,-3,3
2052,104,99,5,5
2053,109,100,9,9
2054,143,137,6,6
2055,98,97,1,1
2056,56,61,-5,5
2057,61,63,-2,2
2058,86,83,3,3
2059,73,75,-2,2
2060,101,102,-1,1
2061,165,151,14,14
2062,64,68,-4,4
2063,62,59,3,3
2064,68,66,2,2
2065,101,105,-4,4
2066,72,84,-12,12
2067,56,55,1,1
2068,109,95,14,14
2069,63,59,4,4
2070,48,52,-4,4
2071,134,138,-4,4
2072,91,100,-9,9
2073,80,81,-1,1
2074,112,106,6,6
2075,49,51,-2,2
2076,91,85,6,6
2077,75,80,-5,5
2078,86,76,10,10
2079,142,129,13,13
2080,79,72,7,7
2081,122,131,-9,9
2082,139,138,1,1
2083,79,65,14,14
2084,184,163,21,21
2085,134,164,-30,30
2086,99,93,6,6
2087,59,67,-8,8
2088,77,79,-2,2
2089,84,81,3,3
2090,116,120,-4,4
2091,41,40,1,1
2092,70,73,-3,3
2093,39,42,-3,3
2094,82,81,1,1
2095,58,60,-2,2
2096,166,156,10,10
2097,71,74,-3,3
2098,119,112,7,7
2099,92,101,-9,9
2100,116,119,-3,3
2101,121,112,9,9
2102,106,101,5,5
2103,82,79,3,3
2104,137,135,2,2
2105,113,117,-4,4
2106,84,87,-3,3
2107,136,124,12,12
2108,57,57,0,0
2109,142,134,8,8
2110,55,50,5,5
2111,82,84,-2,2
2112,208,194,14,14
2113,101,87,14,14
2114,156,165,-9,9
2115,175,158,17,17
2116,137,119,18,18
2117,105,120,-15,15
2118,84,90,-6,6
2119,78,80,-2,2
2120,115,101,14,14
2121,74,73,1,1
2122,67,62,5,5
2123,46,47,-1,1
2124,123,117,6,6
2125,68,63,5,5
2126,110,117,-7,7
2127,95,92,3,3
2128,77,85,-8,8
2129,86,93,-7,7
2130,62,58,4,4
2131,91,82,9,9
2132,76,75,1,1
2133,92,77,15,15
2134,98,92,6,6
2135,108,104,4,4
2136,142,138,4,4
2137,111,77,34,34
2138,96,98,-2,2
2139,86,82,4,4
2140,138,131,7,7
2141,89,92,-3,3
2142,149,133,16,16
2143,82,86,-4,4
2144,135,134,1,1
2145,94,91,3,3
2146,79,77,2,2
2147,84,85,-1,1
2148,44,79,-35,35
2149,46,62,-16,16
2150,96,95,1,1
2151,114,106,8,8
2152,57,62,-5,5
2153,79,74,5,5
2154,78,89,-11,11
2155,117,136,-19,19
2156,98,90,8,8
2157,57,50,7,7
2158,99,91,8,8
2159,97,94,3,3
2160,98,87,11,11
2161,70,65,5,5
2162,102,105,-3,3
2163,82,87,-5,5
2164,81,79,2,2
2165,69,71,-2,2
2166,66,60,6,6
2167,97,81,16,16
2168,86,88,-2,2
2169,58,59,-1,1
2170,83,91,-8,8
2171,78,82,-4,4
2172,64,59,5,5
2173,127,98,29,29
2174,73,63,10,10
2175,70,80,-10,10
2176,93,91,2,2
2177,116,115,1,1
2178,103,91,12,12
2179,44,51,-7,7
2180,84,94,-10,10
2181,116,100,16,16
2182,102,109,-7,7
2183,56,52,4,4
2184,117,113,4,4
2185,111,109,2,2
2186,82,89,-7,7
2187,115,104,11,11
2188,96,106,-10,10
2189,137,113,24,24
2190,111,111,0,0
2191,63,69,-6,6
2192,65,61,4,4
2193,57,56,1,1
2194,82,73,9,9
2195,64,80,-16,16
2196,100,97,3,3
2197,68,64,4,4
2198,57,62,-5,5
2199,76,71,5,5
2200,138,135,3,3
2201,61,70,-9,9
2202,80,85,-5,5
2203,98,104,-6,6
2204,137,136,1,1
2205,101,94,7,7
2206,122,125,-3,3
2207,75,84,-9,9
2208,118,117,1,1
2209,87,90,-3,3
2210,116,112,4,4
2211,97,100,-3,3
2212,147,163,-16,16
2213,74,67,7,7
2214,55,60,-5,5
2215,110,98,12,12
2216,93,93,0,0
2217,64,72,-8,8
2218,105,114,-9,9
2219,70,97,-27,27
2220,92,83,9,9
2221,63,63,0,0
2222,93,93,0,0
2223,60,78,-18,18
2224,82,81,1,1
2225,108,106,2,2
2226,118,116,2,2
2227,167,166,1,1
2228,112,111,1,1
2229,85,87,-2,2
2230,77,95,-18,18
2231,105,107,-2,2
2232,144,140,4,4
2233,159,161,-2,2
2234,68,68,0,0
2235,42,41,1,1
2236,111,130,-19,19
2237,67,76,-9,9
2238,135,127,8,8
2239,45,51,-6,6
2240,79,77,2,2
2241,117,118,-1,1
2242,94,88,6,6
2243,44,76,-32,32
2244,94,103,-9,9
2245,140,131,9,9
2246,98,94,4,4
2247,66,73,-7,7
2248,63,64,-1,1
2249,65,72,-7,7
2250,104,104,0,0
2251,92,97,-5,5
2252,86,90,-4,4
2253,81,84,-3,3
2254,77,89,-12,12
2255,78,79,-1,1
2256,48,54,-6,6
2257,39,39,0,0
2258,47,43,4,4
2259,94,103,-9,9
2260,161,151,10,10
2261,72,61,11,11
2262,35,44,-9,9
2263,89,103,-14,14
2264,69,93,-24,24
2265,102,107,-5,5
2266,79,99,-20,20
2267,107,95,12,12
2268,111,127,-16,16
2269,95,97,-2,2
2270,102,102,0,0
2271,89,96,-7,7
2272,65,63,2,2
2273,108,107,1,1
2274,57,70,-13,13
2275,103,99,4,4
2276,151,128,23,23
2277,184,171,13,13
2278,78,79,-1,1
2279,185,158,27,27
2280,63,71,-8,8
2281,131,133,-2,2
2282,155,143,12,12
2283,87,81,6,6
2284,136,132,4,4
2285,104,107,-3,3
2286,54,56,-2,2
2287,107,109,-2,2
2288,64,61,3,3
2289,68,68,0,0
2290,90,93,-3,3
2291,65,71,-6,6
2292,86,95,-9,9
2293,78,77,1,1
2294,72,64,8,8
2295,50,61,-11,11
2296,107,108,-1,1
2297,101,217,-116,116
2298,104,100,4,4
2299,47,47,0,0
2300,87,83,4,4
2301,102,105,-3,3
2302,103,94,9,9
2303,62,48,14,14
2304,57,61,-4,4
2305,68,76,-8,8
2306,109,108,1,1
2307,80,87,-7,7
2308,76,80,-4,4
2309,97,100,-3,3
2310,83,78,5,5
2311,116,114,2,2
2312,72,67,5,5
2313,49,52,-3,3
2314,108,118,-10,10
2315,106,93,13,13
2316,135,122,13,13
2317,115,120,-5,5
2318,111,104,7,7
2319,95,85,10,10
2320,56,68,-12,12
2321,154,139,15,15
2322,106,106,0,0
2323,71,73,-2,2
2324,92,86,6,6
2325,96,86,10,10
2326,75,77,-2,2
2327,127,111,16,16
2328,66,69,-3,3
2329,78,73,5,5
2330,148,148,0,0
2331,95,91,4,4
2332,145,126,19,19
2333,80,87,-7,7
2334,48,52,-4,4
2335,73,83,-10,10
2336,128,137,-9,9
2337,38,49,-11,11
2338,180,175,5,5
2339,63,64,-1,1
2340,60,59,1,1
2341,149,147,2,2
2342,97,102,-5,5
2343,57,61,-4,4
2344,158,141,17,17
2345,85,92,-7,7
2346,83,76,7,7
2347,145,137,8,8
2348,76,75,1,1
2349,107,100,7,7
2350,177,169,8,8
2351,106,94,12,12
2352,73,73,0,0
2353,43,44,-1,1
2354,141,119,22,22
2355,100,106,-6,6
2356,81,100,-19,19
2357,267,215,52,52
2358,69,68,1,1
2359,114,119,-5,5
2360,110,110,0,0
2361,107,111,-4,4
2362,95,83,12,12
2363,92,87,5,5
2364,166,147,19,19
2365,83,87,-4,4
2366,140,127,13,13
2367,102,96,6,6
2368,82,86,-4,4
2369,88,94,-6,6
2370,129,112,17,17
2371,171,176,-5,5
2372,53,54,-1,1
2373,139,122,17,17
2374,131,115,16,16
2375,137,122,15,15
2376,65,68,-3,3
2377,83,86,-3,3
2378,191,188,3,3
2379,65,60,5,5
2380,197,187,10,10
2381,101,101,0,0
2382,147,145,2,2
2383,159,159,0,0
2384,46,50,-4,4
2385,151,145,6,6
2386,104,99,5,5
2387,132,133,-1,1
2388,67,64,3,3
2389,80,80,0,0
2390,198,189,9,9
2391,116,132,-16,16
2392,72,105,-33,33
2393,152,141,11,11
2394,63,72,-9,9
2395,61,62,-1,1
2396,112,111,1,1
2397,96,88,8,8
2398,90,86,4,4
2399,118,119,-1,1
2400,102,107,-5,5
2401,65,63,2,2
2402,93,96,-3,3
2403,64,62,2,2
2404,88,117,-29,29
2405,116,110,6,6
2406,94,106,-12,12
2407,96,106,-10,10
2408,83,100,-17,17
2409,125,127,-2,2
2410,71,64,7,7
2411,147,152,-5,5
2412,117,122,-5,5
2413,125,120,5,5
2414,65,60,5,5
2415,69,72,-3,3
2416,72,73,-1,1
2417,80,83,-3,3
2418,73,70,3,3
2419,62,66,-4,4
2420,126,123,3,3
2421,56,53,3,3
2422,90,95,-5,5
2423,95,100,-5,5
2424,67,72,-5,5
2425,37,44,-7,7
2426,128,121,7,7
2427,63,62,1,1
2428,32,60,-28,28
2429,63,60,3,3
2430,42,51,-9,9
2431,90,91,-1,1
2432,58,59,-1,1
2433,159,143,16,16
2434,114,122,-8,8
2435,76,73,3,3
2436,71,70,1,1
2437,91,88,3,3
2438,144,133,11,11
2439,71,65,6,6
2440,70,76,-6,6
2441,109,111,-2,2
2442,86,82,4,4
2443,114,114,0,0
2444,66,52,14,14
2445,92,82,10,10
2446,71,70,1,1
2447,92,87,5,5
2448,137,150,-13,13
2449,73,83,-10,10
2450,73,74,-1,1
2451,101,95,6,6
2452,119,113,6,6
2453,97,97,0,0
2454,110,107,3,3
2455,69,65,4,4
2456,81,75,6,6
2457,67,69,-2,2
2458,139,134,5,5
2459,88,86,2,2
2460,114,110,4,4
2461,64,60,4,4
2462,86,84,2,2
2463,122,118,4,4
2464,122,115,7,7
2465,94,89,5,5
2466,128,131,-3,3
2467,83,79,4,4
2468,92,91,1,1
2469,175,171,4,4
2470,141,140,1,1
2471,72,80,-8,8
2472,135,143,-8,8
2473,84,77,7,7
2474,123,121,2,2
2475,113,117,-4,4
2476,135,133,2,2
2477,83,83,0,0
2478,58,66,-8,8
2479,146,149,-3,3
2480,123,126,-3,3
2481,50,52,-2,2
2482,67,78,-11,11
2483,80,85,-5,5
2484,136,134,2,2
2485,165,164,1,1
2486,84,78,6,6
2487,107,99,8,8
2488,151,150,1,1
2489,111,112,-1,1
2490,51,63,-12,12
2491,78,80,-2,2
2492,145,126,19,19
2493,54,59,-5,5
2494,86,79,7,7
2495,93,91,2,2
2496,117,107,10,10
2497,52,54,-2,2
2498,84,90,-6,6
2499,196,195,1,1
2500,70,64,6,6
2501,166,168,-2,2
2502,103,89,14,14
2503,67,79,-12,12
2504,54,51,3,3
2505,91,91,0,0
2506,124,122,2,2
2507,80,81,-1,1
2508,111,111,0,0
2509,108,95,13,13
2510,134,139,-5,5
2511,98,99,-1,1
2512,64,86,-22,22
2513,73,78,-5,5
2514,94,95,-1,1
2515,61,73,-12,12
2516,90,98,-8,8
2517,102,98,4,4
2518,150,138,12,12
2519,97,101,-4,4
2520,76,75,1,1
2521,58,62,-4,4
2522,90,76,14,14
2523,70,70,0,0
2524,65,67,-2,2
2525,78,78,0,0
2526,53,55,-2,2
2527,83,75,8,8
2528,103,74,29,29
2529,74,72,2,2
2530,173,169,4,4
2531,63,64,-1,1
2532,104,103,1,1
2533,96,100,-4,4
2534,110,121,-11,11
2535,83,81,2,2
2536,89,88,1,1
2537,95,104,-9,9
2538,74,80,-6,6
2539,55,53,2,2
2540,117,116,1,1
2541,32,34,-2,2
2542,64,74,-10,10
2543,103,87,16,16
2544,121,123,-2,2
2545,129,119,10,10
2546,90,99,-9,9
2547,119,145,-26,26
2548,105,93,12,12
2549,78,73,5,5
2550,159,144,15,15
2551,73,74,-1,1
2552,128,128,0,0
2553,149,152,-3,3
2554,129,111,18,18
2555,87,93,-6,6
2556,69,72,-3,3
2557,120,116,4,4
2558,57,59,-2,2
2559,107,117,-10,10
2560,56,60,-4,4
2561,128,80,48,48
2562,153,138,15,15
2563,114,126,-12,12
2564,96,101,-5,5
2565,111,109,2,2
2566,130,131,-1,1
2567,88,88,0,0
2568,75,75,0,0
2569,85,89,-4,4
2570,105,105,0,0
2571,48,50,-2,2
2572,98,98,0,0
2573,62,68,-6,6
2574,142,137,5,5
2575,91,72,19,19
2576,85,87,-2,2
2577,67,61,6,6
2578,116,111,5,5
2579,82,88,-6,6
2580,136,139,-3,3
2581,145,127,18,18
2582,76,82,-6,6
2583,46,49,-3,3
2584,112,129,-17,17
2585,119,124,-5,5
2586,75,89,-14,14
2587,58,66,-8,8
2588,90,100,-10,10
2589,106,116,-10,10
2590,117,115,2,2
2591,97,92,5,5
2592,142,148,-6,6
2593,156,150,6,6
2594,136,91,45,45
2595,73,81,-8,8
2596,98,83,15,15
2597,79,83,-4,4
2598,130,134,-4,4
2599,114,121,-7,7
2600,122,125,-3,3
2601,87,84,3,3
2602,136,128,8,8
2603,157,144,13,13
2604,53,52,1,1
2605,106,103,3,3
2606,62,66,-4,4
2607,87,89,-2,2
2608,75,72,3,3
2609,71,72,-1,1
2610,87,85,2,2
2611,81,77,4,4
2612,110,104,6,6
2613,119,120,-1,1
2614,103,100,3,3
2615,65,55,10,10
2616,137,122,15,15
2617,66,76,-10,10
2618,78,73,5,5
2619,93,99,-6,6
2620,117,111,6,6
2621,95,92,3,3
2622,88,84,4,4
2623,102,88,14,14
2624,49,54,-5,5
2625,82,76,6,6
2626,70,76,-6,6
2627,78,84,-6,6
2628,75,69,6,6
2629,80,89,-9,9
2630,133,126,7,7
2631,82,82,0,0
2632,147,111,36,36
2633,174,164,10,10
2634,65,65,0,0
2635,95,93,2,2
2636,105,97,8,8
2637,72,67,5,5
2638,78,82,-4,4
2639,137,134,3,3
2640,153,142,11,11
2641,131,151,-20,20
2642,53,59,-6,6
2643,88,79,9,9
2644,74,74,0,0
2645,62,65,-3,3
2646,97,108,-11,11
2647,121,120,1,1
2648,106,107,-1,1
2649,76,108,-32,32
2650,103,104,-1,1
2651,87,77,10,10
2652,67,60,7,7
2653,68,93,-25,25
2654,123,112,11,11
2655,68,66,2,2
2656,115,115,0,0
2657,116,103,13,13
2658,95,90,5,5
2659,57,67,-10,10
2660,106,102,4,4
2661,85,83,2,2
2662,106,94,12,12
2663,87,83,4,4
2664,86,85,1,1
2665,84,88,-4,4
2666,60,59,1,1
2667,99,102,-3,3
2668,84,100,-16,16
2669,60,60,0,0
2670,134,118,16,16
2671,130,133,-3,3
2672,78,73,5,5
2673,62,62,0,0
2674,90,81,9,9
2675,105,115,-10,10
2676,104,105,-1,1
2677,102,99,3,3
2678,125,122,3,3
2679,74,66,8,8
2680,100,99,1,1
2681,103,108,-5,5
2682,77,68,9,9
2683,86,86,0,0
2684,97,103,-6,6
2685,81,86,-5,5
2686,88,96,-8,8
2687,52,55,-3,3
2688,59,70,-11,11
2689,89,81,8,8
2690,51,65,-14,14
2691,45,53,-8,8
2692,103,113,-10,10
2693,70,75,-5,5
2694,148,146,2,2
2695,91,98,-7,7
2696,45,44,1,1
2697,146,151,-5,5
2698,119,119,0,0
2699,107,113,-6,6
2700,170,157,13,13
2701,62,60,2,2
2702,130,109,21,21
2703,40,56,-16,16
2704,91,82,9,9
2705,61,61,0,0
2706,72,67,5,5
2707,113,115,-2,2
2708,120,99,21,21
2709,52,50,2,2
2710,43,49,-6,6
2711,63,59,4,4
2712,106,108,-2,2
2713,109,109,0,0
2714,136,135,1,1
2715,100,100,0,0
2716,58,60,-2,2
2717,64,61,3,3
2718,135,139,-4,4
2719,125,123,2,2
2720,91,106,-15,15
2721,81,83,-2,2
2722,53,52,1,1
2723,120,119,1,1
2724,96,100,-4,4
2725,42,39,3,3
2726,122,123,-1,1
2727,67,62,5,5
2728,97,90,7,7
2729,65,65,0,0
2730,86,91,-5,5
2731,72,68,4,4
2732,62,60,2,2
2733,72,68,4,4
2734,83,73,10,10
2735,129,128,1,1
2736,109,107,2,2
2737,72,84,-12,12
2738,78,81,-3,3
2739,175,185,-10,10
2740,125,121,4,4
2741,65,59,6,6
2742,122,116,6,6
2743,79,83,-4,4
2744,35,43,-8,8
2745,86,93,-7,7
2746,120,111,9,9
2747,96,95,1,1
2748,152,153,-1,1
2749,114,122,-8,8
2750,94,100,-6,6
2751,67,68,-1,1
2752,94,99,-5,5
2753,145,128,17,17
2754,52,59,-7,7
2755,108,111,-3,3
2756,86,96,-10,10
2757,91,92,-1,1
2758,132,129,3,3
2759,160,161,-1,1
2760,94,86,8,8
2761,136,123,13,13
2762,46,43,3,3
2763,76,70,6,6
2764,66,69,-3,3
2765,72,73,-1,1
2766,102,102,0,0
2767,77,80,-3,3
2768,56,56,0,0
2769,139,142,-3,3
2770,217,197,20,20
2771,105,107,-2,2
2772,86,78,8,8
2773,172,161,11,11
2774,131,129,2,2
2775,141,135,6,6
2776,85,90,-5,5
2777,68,60,8,8
2778,90,93,-3,3
2779,75,76,-1,1
2780,82,78,4,4
2781,76,72,4,4
2782,92,88,4,4
2783,76,76,0,0
2784,108,106,2,2
2785,99,97,2,2
2786,65,70,-5,5
2787,101,108,-7,7
2788,196,186,10,10
2789,80,85,-5,5
2790,130,128,2,2
2791,57,67,-10,10
2792,105,96,9,9
2793,83,85,-2,2
2794,75,88,-13,13
2795,37,42,-5,5
2796,92,100,-8,8
2797,70,70,0,0
2798,35,43,-8,8
2799,120,110,10,10
2800,87,78,9,9
2801,56,50,6,6
2802,84,82,2,2
2803,185,178,7,7
2804,95,82,13,13
2805,76,75,1,1
2806,60,59,1,1
2807,84,83,1,1
2808,67,66,1,1
2809,79,75,4,4
2810,106,107,-1,1
2811,121,120,1,1
2812,81,88,-7,7
2813,93,89,4,4
2814,150,144,6,6
2815,104,110,-6,6
2816,95,92,3,3
2817,120,110,10,10
2818,140,145,-5,5
2819,106,118,-12,12
2820,92,78,14,14
2821,75,75,0,0
2822,69,83,-14,14
2823,78,74,4,4
2824,57,60,-3,3
2825,71,63,8,8
2826,110,101,9,9
2827,90,89,1,1
2828,58,56,2,2
2829,52,53,-1,1
2830,108,111,-3,3
2831,53,62,-9,9
2832,102,99,3,3
2833,89,93,-4,4
2834,158,145,13,13
2835,81,73,8,8
2836,93,103,-10,10
2837,127,121,6,6
2838,117,114,3,3
2839,105,97,8,8
2840,133,127,6,6
2841,106,98,8,8
2842,149,142,7,7
2843,117,112,5,5
2844,92,88,4,4
2845,74,71,3,3
2846,156,148,8,8
2847,90,88,2,2
2848,116,116,0,0
2849,118,115,3,3
2850,109,109,0,0
2851,110,108,2,2
2852,84,89,-5,5
2853,120,108,12,12
2854,145,144,1,1
2855,64,63,1,1
2856,95,115,-20,20
2857,54,54,0,0
2858,109,101,8,8
2859,81,80,1,1
2860,74,75,-1,1
2861,123,128,-5,5
2862,88,87,1,1
2863,153,160,-7,7
2864,119,129,-10,10
2865,100,96,4,4
2866,91,86,5,5
2867,85,69,16,16
2868,72,67,5,5
2869,137,126,11,11
2870,120,144,-24,24
2871,58,60,-2,2
2872,106,105,1,1
2873,100,89,11,11
2874,75,77,-2,2
2875,71,67,4,4
2876,90,93,-3,3
2877,56,62,-6,6
2878,109,108,1,1
2879,97,103,-6,6
2880,95,90,5,5
2881,84,79,5,5
2882,64,62,2,2
2883,79,75,4,4
2884,66,63,3,3
2885,65,73,-8,8
2886,117,119,-2,2
2887,143,142,1,1
2888,65,60,5,5
2889,80,79,1,1
2890,111,118,-7,7
2891,116,113,3,3
2892,80,134,-54,54
2893,89,93,-4,4
2894,181,167,14,14
2895,95,86,9,9
2896,81,81,0,0
2897,172,150,22,22
2898,137,124,13,13
2899,83,83,0,0
2900,98,97,1,1
2901,131,125,6,6
2902,75,75,0,0
2903,160,157,3,3
2904,115,105,10,10
2905,124,129,-5,5
2906,121,111,10,10
2907,113,106,7,7
2908,116,110,6,6
2909,62,70,-8,8
2910,94,89,5,5
2911,92,89,3,3
2912,144,138,6,6
2913,37,80,-43,43
2914,65,70,-5,5
2915,159,176,-17,17
2916,76,70,6,6
2917,116,115,1,1
2918,79,75,4,4
2919,89,100,-11,11
2920,79,81,-2,2
2921,100,107,-7,7
2922,92,91,1,1
2923,90,87,3,3
2924,53,53,0,0
2925,97,109,-12,12
2926,148,140,8,8
2927,104,109,-5,5
2928,57,52,5,5
2929,71,69,2,2
2930,116,129,-13,13
2931,191,187,4,4
2932,122,118,4,4
2933,60,60,0,0
2934,125,154,-29,29
2935,69,77,-8,8
2936,98,97,1,1
2937,131,118,13,13
2938,105,111,-6,6
2939,103,98,5,5
2940,60,63,-3,3
2941,67,65,2,2
2942,118,116,2,2
2943,58,75,-17,17
2944,76,73,3,3
2945,109,99,10,10
2946,72,70,2,2
2947,87,81,6,6
2948,57,60,-3,3
2949,85,88,-3,3
2950,78,80,-2,2
2951,88,79,9,9
2952,75,72,3,3
2953,124,118,6,6
2954,84,89,-5,5
2955,112,107,5,5
2956,98,87,11,11
2957,152,145,7,7
2958,54,54,0,0
2959,121,125,-4,4
2960,164,151,13,13
2961,58,59,-1,1
2962,164,158,6,6
2963,47,54,-7,7
2964,163,171,-8,8
2965,104,100,4,4
2966,66,69,-3,3
2967,111,110,1,1
2968,60,68,-8,8
2969,45,44,1,1
2970,98,85,13,13
2971,129,118,11,11
2972,94,93,1,1
2973,100,99,1,1
2974,88,93,-5,5
2975,79,76,3,3
2976,73,76,-3,3
2977,125,123,2,2
2978,91,92,-1,1
2979,102,103,-1,1
2980,137,133,4,4
2981,186,184,2,2
2982,67,71,-4,4
2983,59,62,-3,3
2984,36,43,-7,7
2985,128,120,8,8
2986,80,75,5,5
2987,102,118,-16,16
2988,137,114,23,23
2989,58,47,11,11
2990,94,91,3,3
2991,90,86,4,4
2992,110,101,9,9
2993,101,110,-9,9
2994,78,78,0,0
2995,121,108,13,13
2996,87,86,1,1
2997,81,92,-11,11
2998,70,72,-2,2
2999,142,134,8,8
3000,93,94,-1,1
3001,98,86,12,12
3002,125,124,1,1
3003,65,62,3,3
3004,126,126,0,0
3005,77,75,2,2
3006,79,82,-3,3
3007,85,88,-3,3
3008,65,61,4,4
3009,74,77,-3,3
3010,124,130,-6,6
3011,112,102,10,10
3012,99,103,-4,4
3013,73,67,6,6
3014,97,103,-6,6
3015,73,71,2,2
3016,58,81,-23,23
3017,172,167,5,5
3018,91,90,1,1
3019,67,69,-2,2
3020,100,102,-2,2
3021,110,112,-2,2
3022,58,64,-6,6
3023,96,100,-4,4
3024,69,80,-11,11
3025,91,89,2,2
3026,64,68,-4,4
3027,71,76,-5,5
3028,49,67,-18,18
3029,88,95,-7,7
3030,147,126,21,21
3031,71,66,5,5
3032,117,113,4,4
3033,89,95,-6,6
3034,95,91,4,4
3035,78,82,-4,4
3036,82,95,-13,13
3037,72,80,-8,8
3038,137,120,17,17
3039,122,128,-6,6
3040,115,108,7,7
3041,120,114,6,6
3042,119,123,-4,4
3043,84,81,3,3
3044,88,81,7,7
3045,60,60,0,0
3046,115,111,4,4
3047,81,76,5,5
3048,136,147,-11,11
3049,85,93,-8,8
3050,100,110,-10,10
3051,118,124,-6,6
3052,109,106,3,3
3053,61,78,-17,17
3054,105,102,3,3
3055,206,190,16,16
3056,112,110,2,2
3057,83,80,3,3
3058,181,188,-7,7
3059,151,143,8,8
3060,104,103,1,1
3061,83,99,-16,16
3062,109,101,8,8
3063,62,63,-1,1
3064,76,78,-2,2
3065,86,95,-9,9
3066,127,113,14,14
3067,83,78,5,5
3068,122,107,15,15
3069,103,105,-2,2
3070,107,106,1,1
3071,94,91,3,3
3072,103,88,15,15
3073,72,70,2,2
3074,66,68,-2,2
3075,70,84,-14,14
3076,54,52,2,2
3077,57,66,-9,9
3078,165,166,-1,1
3079,125,119,6,6
3080,125,132,-7,7
3081,92,89,3,3
3082,53,44,9,9
3083,106,127,-21,21
3084,95,91,4,4
3085,94,89,5,5
3086,72,75,-3,3
3087,78,76,2,2
3088,113,111,2,2
3089,106,93,13,13
3090,101,96,5,5
3091,102,113,-11,11
3092,95,87,8,8
3093,69,72,-3,3
3094,74,68,6,6
3095,104,93,11,11
3096,78,80,-2,2
3097,86,89,-3,3
3098,41,48,-7,7
3099,86,88,-2,2
3100,80,80,0,0
3101,182,169,13,13
3102,83,85,-2,2
3103,65,63,2,2
3104,81,72,9,9
3105,159,153,6,6
3106,103,98,5,5
3107,102,95,7,7
3108,60,51,9,9
3109,142,131,11,11
3110,62,62,0,0
3111,129,125,4,4
3112,79,86,-7,7
3113,87,87,0,0
3114,127,116,11,11
3115,56,60,-4,4
3116,94,105,-11,11
3117,90,87,3,3
3118,62,68,-6,6
3119,60,66,-6,6
3120,110,131,-21,21
3121,98,100,-2,2
3122,58,61,-3,3
3123,88,88,0,0
3124,35,37,-2,2
3125,138,138,0,0
3126,73,75,-2,2
3127,99,82,17,17
3128,87,80,7,7
3129,69,70,-1,1
3130,102,91,11,11
3131,89,90,-1,1
3132,106,96,10,10
3133,116,113,3,3
3134,69,69,0,0
3135,75,72,3,3
3136,91,85,6,6
3137,67,68,-1,1
3138,133,137,-4,4
3139,76,78,-2,2
3140,103,91,12,12
3141,71,62,9,9
3142,135,129,6,6
3143,99,101,-2,2
3144,104,99,5,5
3145,146,126,20,20
3146,57,42,15,15
3147,108,116,-8,8
3148,82,77,5,5
3149,106,96,10,10
3150,110,109,1,1
3151,98,101,-3,3
3152,62,59,3,3
3153,102,102,0,0
3154,130,133,-3,3
3155,108,99,9,9
3156,61,67,-6,6
3157,73,86,-13,13
3158,54,59,-5,5
3159,63,58,5,5
3160,140,126,14,14
3161,47,117,-70,70
3162,68,80,-12,12
3163,134,126,8,8
3164,106,99,7,7
3165,72,73,-1,1
3166,107,109,-2,2
3167,107,106,1,1
3168,53,54,-1,1
3169,112,105,7,7
3170,124,123,1,1
3171,103,97,6,6
3172,76,81,-5,5
3173,103,103,0,0
3174,92,94,-2,2
3175,40,44,-4,4
3176,79,78,1,1
3177,83,89,-6,6
3178,77,76,1,1
3179,75,72,3,3
3180,63,57,6,6
3181,134,130,4,4
3182,66,66,0,0
3183,173,175,-2,2
3184,100,86,14,14
3185,119,104,15,15
3186,143,145,-2,2
3187,61,69,-8,8
3188,59,61,-2,2
3189,91,96,-5,5
3190,61,59,2,2
3191,127,127,0,0
3192,164,161,3,3
3193,81,76,5,5
3194,136,129,7,7
3195,73,80,-7,7
3196,72,74,-2,2
3197,82,81,1,1
3198,79,79,0,0
3199,70,78,-8,8
3200,95,93,2,2
3201,63,65,-2,2
3202,67,74,-7,7
3203,127,129,-2,2
3204,107,102,5,5
3205,58,60,-2,2
3206,91,91,0,0
3207,60,52,8,8
3208,94,107,-13,13
3209,90,76,14,14
3210,49,61,-12,12
3211,94,115,-21,21
3212,68,61,7,7
3213,86,73,13,13
3214,107,94,13,13
3215,54,63,-9,9
3216,88,82,6,6
3217,69,73,-4,4
3218,85,81,4,4
3219,99,96,3,3
3220,116,125,-9,9
3221,113,109,4,4
3222,42,59,-17,17
3223,36,39,-3,3
3224,52,60,-8,8
3225,88,79,9,9
3226,62,66,-4,4
3227,87,78,9,9
3228,97,112,-15,15
3229,94,94,0,0
3230,113,109,4,4
3231,168,160,8,8
3232,107,100,7,7
3233,130,127,3,3
3234,169,156,13,13
3235,84,88,-4,4
3236,151,126,25,25
3237,75,69,6,6
3238,73,72,1,1
3239,64,72,-8,8
3240,144,151,-7,7
3241,86,87,-1,1
3242,91,87,4,4
3243,76,72,4,4
3244,112,116,-4,4
3245,46,66,-20,20
3246,51,64,-13,13
3247,116,106,10,10
3248,106,121,-15,15
3249,63,73,-10,10
3250,115,107,8,8
3251,151,163,-12,12
3252,70,65,5,5
3253,153,152,1,1
3254,66,63,3,3
3255,95,99,-4,4
3256,71,69,2,2
3257,75,77,-2,2
3258,83,77,6,6
3259,75,65,10,10
3260,111,98,13,13
3261,95,96,-1,1
3262,133,117,16,16
3263,56,47,9,9
3264,42,47,-5,5
3265,61,67,-6,6
3266,72,73,-1,1
3267,60,60,0,0
3268,95,85,10,10
3269,115,127,-12,12
3270,101,106,-5,5
3271,65,66,-1,1
3272,100,109,-9,9
3273,69,73,-4,4
3274,81,77,4,4
3275,82,82,0,0
3276,107,104,3,3
3277,112,117,-5,5
3278,99,94,5,5
3279,75,74,1,1
3280,161,157,4,4
3281,76,72,4,4
3282,142,141,1,1
3283,111,103,8,8
3284,78,80,-2,2
3285,137,134,3,3
3286,40,42,-2,2
3287,65,68,-3,3
3288,88,90,-2,2
3289,103,88,15,15
3290,143,166,-23,23
3291,37,36,1,1
3292,65,57,8,8
3293,90,80,10,10
3294,97,84,13,13
3295,107,104,3,3
3296,104,110,-6,6
3297,151,140,11,11
3298,98,99,-1,1
3299,91,97,-6,6
3300,90,80,10,10
3301,79,87,-8,8
3302,62,56,6,6
3303,83,79,4,4
3304,102,107,-5,5
3305,92,98,-6,6
3306,48,53,-5,5
3307,103,106,-3,3
3308,65,59,6,6
3309,84,82,2,2
3310,57,60,-3,3
3311,108,111,-3,3
3312,80,80,0,0
3313,66,83,-17,17
3314,106,113,-7,7
3315,52,53,-1,1
3316,107,119,-12,12
3317,107,94,13,13
3318,57,59,-2,2
3319,137,135,2,2
3320,69,70,-1,1
3321,90,82,8,8
3322,65,67,-2,2
3323,49,50,-1,1
3324,153,149,4,4
3325,119,115,4,4
3326,75,80,-5,5
3327,160,155,5,5
3328,140,142,-2,2
3329,146,152,-6,6
3330,104,85,19,19
3331,94,96,-2,2
3332,60,53,7,7
3333,118,105,13,13
3334,71,69,2,2
3335,66,69,-3,3
3336,183,170,13,13
3337,103,90,13,13
3338,119,111,8,8
3339,107,119,-12,12
3340,92,85,7,7
3341,89,95,-6,6
3342,116,104,12,12
3343,84,80,4,4
3344,118,123,-5,5
3345,52,57,-5,5
3346,75,81,-6,6
3347,163,155,8,8
3348,96,98,-2,2
3349,104,110,-6,6
3350,135,142,-7,7
3351,78,76,2,2
3352,127,120,7,7
3353,96,94,2,2
3354,123,108,15,15
3355,119,106,13,13
3356,83,85,-2,2
3357,107,108,-1,1
3358,96,84,12,12
3359,105,98,7,7
3360,142,124,18,18
3361,67,71,-4,4
3362,67,79,-12,12
3363,126,122,4,4
3364,59,61,-2,2
3365,59,60,-1,1
3366,74,77,-3,3
3367,87,87,0,0
3368,69,71,-2,2
3369,66,67,-1,1
3370,117,105,12,12
3371,186,180,6,6
3372,63,67,-4,4
3373,125,127,-2,2
3374,87,79,8,8
3375,97,99,-2,2
3376,96,90,6,6
3377,49,49,0,0
3378,105,112,-7,7
3379,48,46,2,2
3380,111,106,5,5
3381,98,102,-4,4
3382,123,112,11,11
3383,74,65,9,9
3384,55,59,-4,4
3385,124,123,1,1
3386,151,147,4,4
3387,54,53,1,1
3388,44,48,-4,4
3389,78,83,-5,5
3390,141,148,-7,7
3391,85,95,-10,10
3392,40,66,-26,26
3393,77,72,5,5
3394,104,100,4,4
3395,71,62,9,9
3396,94,102,-8,8
3397,98,107,-9,9
3398,56,59,-3,3
3399,64,69,-5,5
3400,107,107,0,0
3401,58,61,-3,3
3402,40,46,-6,6
3403,107,94,13,13
3404,110,103,7,7
3405,124,113,11,11
3406,100,89,11,11
3407,88,96,-8,8
3408,131,112,19,19
3409,93,85,8,8
3410,134,132,2,2
3411,81,88,-7,7
3412,81,85,-4,4
3413,84,87,-3,3
3414,86,87,-1,1
3415,152,157,-5,5
3416,64,66,-2,2
3417,73,81,-8,8
3418,118,116,2,2
3419,73,65,8,8
3420,88,80,8,8
3421,112,124,-12,12
3422,141,138,3,3
3423,150,156,-6,6
3424,105,106,-1,1
3425,163,155,8,8
3426,29,40,-11,11
3427,94,93,1,1
3428,67,72,-5,5
3429,98,114,-16,16
3430,89,90,-1,1
3431,106,101,5,5
3432,100,99,1,1
3433,107,103,4,4
3434,64,68,-4,4
3435,45,53,-8,8
3436,77,80,-3,3
3437,144,130,14,14
3438,103,104,-1,1
3439,67,111,-44,44
3440,38,41,-3,3
3441,116,108,8,8
3442,102,103,-1,1
3443,119,111,8,8
3444,88,91,-3,3
3445,111,106,5,5
3446,48,47,1,1
3447,131,110,21,21
3448,86,83,3,3
3449,76,74,2,2
3450,80,83,-3,3
3451,99,93,6,6
3452,132,130,2,2
3453,91,106,-15,15
3454,105,104,1,1
3455,159,165,-6,6
3456,117,111,6,6
3457,142,146,-4,4
3458,69,62,7,7
3459,79,83,-4,4
3460,134,140,-6,6
3461,101,92,9,9
3462,94,90,4,4
3463,97,117,-20,20
3464,112,97,15,15
3465,70,66,4,4
3466,139,132,7,7
3467,120,112,8,8
3468,93,95,-2,2
3469,70,70,0,0
3470,77,70,7,7
3471,91,89,2,2
3472,57,52,5,5
3473,75,84,-9,9
3474,64,61,3,3
3475,88,85,3,3
3476,90,93,-3,3
3477,82,86,-4,4
3478,54,57,-3,3
3479,101,95,6,6
3480,102,108,-6,6
3481,92,92,0,0
3482,77,74,3,3
3483,76,76,0,0
3484,109,120,-11,11
3485,48,52,-4,4
3486,86,84,2,2
3487,91,89,2,2
3488,60,55,5,5
3489,117,119,-2,2
3490,121,126,-5,5
3491,129,137,-8,8
3492,90,98,-8,8
3493,106,84,22,22
3494,80,68,12,12
3495,129,112,17,17
3496,65,68,-3,3
3497,48,49,-1,1
3498,104,99,5,5
3499,72,67,5,5
3500,69,70,-1,1
3501,115,110,5,5
3502,147,166,-19,19
3503,83,87,-4,4
3504,96,95,1,1
3505,83,77,6,6
3506,106,101,5,5
3507,83,85,-2,2
3508,94,79,15,15
3509,101,82,19,19
3510,112,112,0,0
3511,56,63,-7,7
3512,106,108,-2,2
3513,93,85,8,8
3514,83,90,-7,7
3515,60,63,-3,3
3516,116,121,-5,5
3517,127,113,14,14
3518,65,68,-3,3
3519,134,138,-4,4
3520,45,52,-7,7
3521,74,81,-7,7
3522,107,106,1,1
3523,97,98,-1,1
3524,145,142,3,3
3525,101,102,-1,1
3526,104,93,11,11
3527,90,91,-1,1
3528,98,98,0,0
3529,107,109,-2,2
3530,66,65,1,1
3531,76,83,-7,7
3532,39,39,0,0
3533,89,86,3,3
3534,47,52,-5,5
3535,68,78,-10,10
3536,47,49,-2,2
3537,194,169,25,25
3538,107,118,-11,11
3539,155,151,4,4
3540,163,158,5,5
3541,93,79,14,14
3542,124,133,-9,9
3543,28,30,-2,2
3544,101,106,-5,5
3545,70,72,-2,2
3546,61,66,-5,5
3547,92,85,7,7
3548,78,83,-5,5
3549,51,53,-2,2
3550,99,98,1,1
3551,95,95,0,0
3552,137,124,13,13
3553,90,85,5,5
3554,84,89,-5,5
3555,72,79,-7,7
3556,83,92,-9,9
3557,94,94,0,0
3558,86,81,5,5
3559,86,77,9,9
3560,87,91,-4,4
3561,104,113,-9,9
3562,58,62,-4,4
3563,50,60,-10,10
3564,44,46,-2,2
3565,83,82,1,1
3566,97,93,4,4
3567,146,129,17,17
3568,147,133,14,14
3569,107,103,4,4
3570,117,101,16,16
3571,152,158,-6,6
3572,130,114,16,16
3573,157,142,15,15
3574,268,235,33,33
3575,90,83,7,7
3576,101,104,-3,3
3577,73,74,-1,1
3578,120,122,-2,2
3579,86,83,3,3
3580,144,129,15,15
3581,97,95,2,2
3582,93,89,4,4
3583,49,50,-1,1
3584,97,101,-4,4
3585,99,87,12,12
3586,63,60,3,3
3587,135,124,11,11
3588,66,65,1,1
3589,71,70,1,1
3590,74,71,3,3
3591,160,146,14,14
3592,52,63,-11,11
3593,84,77,7,7
3594,127,131,-4,4
3595,82,84,-2,2
3596,80,86,-6,6
3597,108,108,0,0
3598,104,112,-8,8
3599,106,102,4,4
3600,154,147,7,7
3601,54,58,-4,4
3602,91,98,-7,7
3603,115,129,-14,14
3604,98,104,-6,6
3605,117,117,0,0
3606,46,47,-1,1
3607,93,93,0,0
3608,50,53,-3,3
3609,110,150,-40,40
3610,101,99,2,2
3611,121,117,4,4
3612,129,137,-8,8
3613,123,112,11,11
3614,55,70,-15,15
3615,97,83,14,14
3616,102,101,1,1
3617,127,138,-11,11
3618,66,77,-11,11
3619,75,74,1,1
3620,125,133,-8,8
3621,75,66,9,9
3622,137,146,-9,9
3623,76,74,2,2
3624,80,68,12,12
3625,93,96,-3,3
3626,213,211,2,2
3627,73,68,5,5
3628,99,93,6,6
3629,152,150,2,2
3630,110,113,-3,3
3631,53,60,-7,7
3632,83,76,7,7
3633,94,97,-3,3
3634,60,61,-1,1
3635,150,145,5,5
3636,146,131,15,15
3637,156,169,-13,13
3638,99,98,1,1
3639,66,61,5,5
3640,85,75,10,10
3641,68,81,-13,13
3642,174,166,8,8
3643,112,98,14,14
3644,102,106,-4,4
3645,96,95,1,1
3646,123,116,7,7
3647,62,70,-8,8
3648,42,46,-4,4
3649,84,78,6,6
3650,99,114,-15,15
3651,96,100,-4,4
3652,94,86,8,8
3653,88,77,11,11
3654,113,107,6,6
3655,136,141,-5,5
3656,51,55,-4,4
3657,82,90,-8,8
3658,103,91,12,12
3659,109,102,7,7
3660,39,47,-8,8
3661,66,58,8,8
3662,68,62,6,6
3663,97,89,8,8
3664,85,80,5,5
3665,123,115,8,8
3666,134,139,-5,5
3667,171,164,7,7
3668,88,86,2,2
3669,83,73,10,10
3670,52,53,-1,1
3671,90,89,1,1
3672,75,72,3,3
3673,80,78,2,2
3674,85,76,9,9
3675,113,125,-12,12
3676,85,70,15,15
3677,124,116,8,8
3678,126,116,10,10
3679,136,122,14,14
3680,111,110,1,1
3681,122,107,15,15
3682,84,84,0,0
3683,53,64,-11,11
3684,83,86,-3,3
3685,132,132,0,0
3686,133,134,-1,1
3687,96,92,4,4
3688,53,54,-1,1
3689,87,99,-12,12
3690,63,60,3,3
3691,92,80,12,12
3692,73,80,-7,7
3693,142,135,7,7
3694,93,77,16,16
3695,69,66,3,3
3696,59,58,1,1
3697,120,126,-6,6
3698,52,50,2,2
3699,50,46,4,4
3700,80,89,-9,9
3701,68,71,-3,3
3702,73,74,-1,1
3703,245,204,41,41
3704,147,151,-4,4
3705,75,74,1,1
3706,59,65,-6,6
3707,84,79,5,5
3708,92,88,4,4
3709,146,137,9,9
3710,183,184,-1,1
3711,64,69,-5,5
3712,101,85,16,16
3713,102,101,1,1
3714,117,112,5,5
3715,178,177,1,1
3716,143,125,18,18
3717,68,71,-3,3
3718,90,81,9,9
3719,48,46,2,2
3720,74,72,2,2
3721,63,61,2,2
3722,74,72,2,2
3723,83,86,-3,3
3724,89,93,-4,4
3725,112,103,9,9
3726,89,95,-6,6
3727,71,68,3,3
3728,72,73,-1,1
3729,66,63,3,3
3730,173,172,1,1
3731,139,141,-2,2
3732,94,97,-3,3
3733,48,51,-3,3
3734,102,100,2,2
3735,69,70,-1,1
3736,67,60,7,7
3737,91,90,1,1
3738,109,112,-3,3
3739,39,44,-5,5
3740,146,136,10,10
3741,103,104,-1,1
3742,149,153,-4,4
3743,78,70,8,8
3744,78,79,-1,1
3745,76,64,12,12
3746,81,85,-4,4
3747,155,154,1,1
3748,76,80,-4,4
3749,113,107,6,6
3750,87,84,3,3
3751,81,69,12,12
3752,82,86,-4,4
3753,107,113,-6,6
3754,148,149,-1,1
3755,57,66,-9,9
3756,73,69,4,4
3757,112,103,9,9
3758,48,48,0,0
3759,77,85,-8,8
3760,142,131,11,11
3761,142,127,15,15
3762,122,123,-1,1
3763,67,66,1,1
3764,132,117,15,15
3765,134,154,-20,20
3766,96,88,8,8
3767,70,68,2,2
3768,84,83,1,1
3769,108,95,13,13
3770,159,157,2,2
3771,114,123,-9,9
3772,71,73,-2,2
3773,88,97,-9,9
3774,95,93,2,2
3775,36,37,-1,1
3776,99,103,-4,4
3777,54,54,0,0
3778,148,138,10,10
3779,75,66,9,9
3780,64,74,-10,10
3781,170,168,2,2
3782,176,161,15,15
3783,143,130,13,13
3784,108,99,9,9
3785,94,166,-72,72
3786,102,115,-13,13
3787,92,100,-8,8
3788,132,132,0,0
3789,84,86,-2,2
3790,152,152,0,0
3791,94,84,10,10
3792,103,105,-2,2
3793,122,118,4,4
3794,79,87,-8,8
3795,81,68,13,13
3796,81,84,-3,3
3797,65,59,6,6
3798,90,77,13,13
3799,85,88,-3,3
3800,74,73,1,1
3801,110,104,6,6
3802,62,69,-7,7
3803,132,134,-2,2
3804,94,91,3,3
3805,77,73,4,4
3806,69,77,-8,8
3807,90,88,2,2
3808,58,60,-2,2
3809,101,106,-5,5
3810,72,75,-3,3
3811,49,67,-18,18
3812,120,123,-3,3
3813,60,74,-14,14
3814,140,157,-17,17
3815,53,50,3,3
3816,66,64,2,2
3817,60,55,5,5
3818,103,105,-2,2
3819,92,96,-4,4
3820,158,138,20,20
3821,71,89,-18,18
3822,73,76,-3,3
3823,66,70,-4,4
3824,149,143,6,6
3825,146,139,7,7
3826,68,65,3,3
3827,108,109,-1,1
3828,54,60,-6,6
3829,70,68,2,2
3830,98,98,0,0
3831,112,108,4,4
3832,64,63,1,1
3833,96,99,-3,3
3834,124,136,-12,12
3835,73,76,-3,3
3836,75,73,2,2
3837,97,97,0,0
3838,100,100,0,0
3839,153,176,-23,23
3840,145,148,-3,3
3841,98,89,9,9
3842,114,100,14,14
3843,111,96,15,15
3844,68,72,-4,4
3845,60,65,-5,5
3846,87,97,-10,10
3847,74,56,18,18
3848,54,63,-9,9
3849,77,73,4,4
3850,63,59,4,4
3851,120,113,7,7
3852,107,95,12,12
3853,75,76,-1,1
3854,96,98,-2,2
3855,50,40,10,10
3856,152,130,22,22
3857,133,128,5,5
3858,140,141,-1,1
3859,63,63,0,0
3860,82,88,-6,6
3861,101,112,-11,11
3862,78,74,4,4
3863,101,96,5,5
3864,74,72,2,2
3865,104,97,7,7
3866,97,97,0,0
3867,55,67,-12,12
3868,166,157,9,9
3869,110,104,6,6
3870,76,93,-17,17
3871,81,81,0,0
3872,128,125,3,3
3873,108,108,0,0
3874,68,65,3,3
3875,86,86,0,0
3876,79,77,2,2
3877,65,66,-1,1
3878,148,146,2,2
3879,165,151,14,14
3880,96,100,-4,4
3881,61,61,0,0
3882,86,76,10,10
3883,65,63,2,2
3884,124,132,-8,8
3885,94,90,4,4
3886,55,55,0,0
3887,71,70,1,1
3888,132,115,17,17
3889,55,54,1,1
3890,97,106,-9,9
3891,96,100,-4,4
3892,101,98,3,3
3893,100,86,14,14
3894,78,71,7,7
3895,132,136,-4,4
3896,73,76,-3,3
3897,93,78,15,15
3898,51,49,2,2
3899,136,134,2,2
3900,80,70,10,10
3901,159,172,-13,13
3902,151,142,9,9
3903,64,61,3,3
3904,75,77,-2,2
3905,151,133,18,18
3906,72,80,-8,8
3907,113,100,13,13
3908,88,91,-3,3
3909,93,89,4,4
3910,62,71,-9,9
3911,59,70,-11,11
3912,104,103,1,1
3913,133,129,4,4
3914,66,76,-10,10
3915,90,99,-9,9
3916,98,95,3,3
3917,181,143,38,38
3918,68,61,7,7
3919,81,76,5,5
3920,148,143,5,5
3921,92,79,13,13
3922,109,102,7,7
3923,176,171,5,5
3924,236,208,28,28
3925,112,106,6,6
3926,74,76,-2,2
3927,82,71,11,11
3928,78,76,2,2
3929,83,81,2,2
3930,89,89,0,0
3931,95,95,0,0
3932,177,169,8,8
3933,53,61,-8,8
3934,94,103,-9,9
3935,104,99,5,5
3936,63,60,3,3
3937,94,93,1,1
3938,95,93,2,2
3939,122,114,8,8
3940,135,127,8,8
3941,170,152,18,18
3942,104,120,-16,16
3943,153,142,11,11
3944,70,96,-26,26
3945,124,115,9,9
3946,81,76,5,5
3947,143,136,7,7
3948,86,98,-12,12
3949,87,82,5,5
3950,92,95,-3,3
3951,111,105,6,6
3952,73,78,-5,5
3953,83,72,11,11
3954,117,108,9,9
3955,92,88,4,4
3956,70,77,-7,7
3957,107,103,4,4
3958,62,68,-6,6
3959,96,92,4,4
3960,93,92,1,1
3961,50,53,-3,3
3962,61,59,2,2
3963,118,123,-5,5
3964,117,112,5,5
3965,116,108,8,8
3966,183,169,14,14
3967,56,64,-8,8
3968,67,63,4,4
3969,81,75,6,6
3970,117,109,8,8
3971,98,91,7,7
3972,63,59,4,4
3973,62,60,2,2
3974,84,91,-7,7
3975,156,154,2,2
3976,105,100,5,5
3977,89,79,10,10
3978,132,139,-7,7
3979,106,107,-1,1
3980,111,114,-3,3
3981,150,158,-8,8
3982,95,101,-6,6
3983,20,37,-17,17
3984,99,100,-1,1
3985,103,103,0,0
3986,73,86,-13,13
3987,83,80,3,3
3988,69,61,8,8
3989,130,128,2,2
3990,106,103,3,3
3991,104,89,15,15
3992,125,133,-8,8
3993,121,100,21,21
3994,190,184,6,6
3995,116,117,-1,1
3996,87,104,-17,17
3997,71,72,-1,1
3998,71,81,-10,10
3999,146,153,-7,7
4000,97,100,-3,3
4001,98,94,4,4
4002,127,127,0,0
4003,74,74,0,0
4004,47,60,-13,13
4005,92,89,3,3
4006,82,74,8,8
4007,118,111,7,7
4008,137,119,18,18
4009,101,96,5,5
4010,51,55,-4,4
4011,88,95,-7,7
4012,177,159,18,18
4013,82,75,7,7
4014,90,94,-4,4
4015,99,90,9,9
4016,83,87,-4,4
4017,104,100,4,4
4018,83,76,7,7
4019,57,63,-6,6
4020,155,153,2,2
4021,107,100,7,7
4022,72,79,-7,7
4023,72,69,3,3
4024,102,102,0,0
4025,90,87,3,3
4026,111,102,9,9
4027,123,117,6,6
4028,46,48,-2,2
4029,81,83,-2,2
4030,95,81,14,14
4031,125,119,6,6
4032,105,96,9,9
4033,74,74,0,0
4034,166,150,16,16
4035,96,98,-2,2
4036,70,66,4,4
4037,56,58,-2,2
4038,66,61,5,5
4039,85,82,3,3
4040,46,49,-3,3
4041,47,66,-19,19
4042,68,73,-5,5
4043,130,126,4,4
4044,141,142,-1,1
4045,95,94,1,1
4046,111,101,10,10
4047,50,51,-1,1
4048,111,116,-5,5
4049,100,107,-7,7
4050,72,69,3,3
4051,80,84,-4,4
4052,120,106,14,14
4053,180,169,11,11
4054,39,45,-6,6
4055,103,113,-10,10
4056,95,95,0,0
4057,146,153,-7,7
4058,110,103,7,7
4059,48,39,9,9
4060,83,101,-18,18
4061,66,81,-15,15
4062,86,92,-6,6
4063,79,74,5,5
4064,113,118,-5,5
4065,114,109,5,5
4066,86,73,13,13
4067,165,160,5,5
4068,69,82,-13,13
4069,124,126,-2,2
4070,103,108,-5,5
4071,76,70,6,6
4072,118,118,0,0
4073,157,155,2,2
4074,107,102,5,5
4075,170,146,24,24
4076,58,59,-1,1
4077,59,62,-3,3
4078,124,115,9,9
4079,142,125,17,17
4080,105,121,-16,16
4081,116,116,0,0
4082,140,139,1,1
4083,92,87,5,5
4084,130,133,-3,3
4085,113,111,2,2
4086,129,141,-12,12
4087,73,85,-12,12
4088,100,101,-1,1
4089,87,95,-8,8
4090,75,68,7,7
4091,87,91,-4,4
4092,113,97,16,16
4093,64,67,-3,3
4094,83,81,2,2
4095,75,73,2,2
4096,124,128,-4,4
4097,87,89,-2,2
4098,63,68,-5,5
4099,78,74,4,4
4100,86,88,-2,2
4101,104,113,-9,9
4102,95,97,-2,2
4103,119,127,-8,8
4104,99,107,-8,8
4105,54,60,-6,6
4106,73,72,1,1
4107,71,70,1,1
4108,83,81,2,2
4109,182,154,28,28
4110,74,82,-8,8
4111,133,130,3,3
4112,80,74,6,6
4113,98,103,-5,5
4114,98,99,-1,1
4115,96,93,3,3
4116,84,71,13,13
4117,199,200,-1,1
4118,153,141,12,12
4119,121,134,-13,13
4120,104,118,-14,14
4121,79,84,-5,5
4122,109,93,16,16
4123,74,79,-5,5
4124,48,53,-5,5
4125,127,122,5,5
4126,77,83,-6,6
4127,57,67,-10,10
4128,88,83,5,5
4129,76,66,10,10
4130,120,119,1,1
4131,86,93,-7,7
4132,62,70,-8,8
4133,60,60,0,0
4134,83,78,5,5
4135,90,95,-5,5
4136,69,69,0,0
4137,65,68,-3,3
4138,97,94,3,3
4139,107,102,5,5
4140,131,138,-7,7
4141,118,111,7,7
4142,107,131,-24,24
4143,72,78,-6,6
4144,153,151,2,2
4145,83,78,5,5
4146,55,59,-4,4
4147,106,104,2,2
4148,97,104,-7,7
4149,176,171,5,5
4150,139,129,10,10
4151,84,94,-10,10
4152,112,103,9,9
4153,58,66,-8,8
4154,119,116,3,3
4155,75,76,-1,1
4156,155,158,-3,3
4157,71,61,10,10
4158,150,140,10,10
4159,94,93,1,1
4160,54,62,-8,8
4161,70,77,-7,7
4162,125,116,9,9
4163,36,34,2,2
4164,78,80,-2,2
4165,96,93,3,3
4166,100,95,5,5
4167,106,102,4,4
4168,129,117,12,12
4169,39,41,-2,2
4170,44,45,-1,1
4171,97,95,2,2
4172,80,89,-9,9
4173,52,51,1,1
4174,102,99,3,3
4175,101,95,6,6
4176,90,91,-1,1
4177,151,145,6,6
4178,82,78,4,4
4179,117,110,7,7
4180,63,75,-12,12
4181,135,132,3,3
4182,71,70,1,1
4183,96,110,-14,14
4184,123,121,2,2
4185,75,75,0,0
4186,60,65,-5,5
4187,103,106,-3,3
4188,59,60,-1,1
4189,116,128,-12,12
4190,92,90,2,2
4191,76,64,12,12
4192,53,47,6,6
4193,107,113,-6,6
4194,70,70,0,0
4195,101,97,4,4
4196,88,84,4,4
4197,84,84,0,0
4198,26,57,-31,31
4199,107,110,-3,3
4200,121,121,0,0
4201,66,67,-1,1
4202,75,86,-11,11
4203,140,150,-10,10
4204,87,81,6,6
4205,57,48,9,9
4206,100,97,3,3
4207,183,161,22,22
4208,131,131,0,0
4209,98,128,-30,30
4210,70,73,-3,3
4211,80,78,2,2
4212,112,114,-2,2
4213,164,172,-8,8
4214,112,102,10,10
4215,49,51,-2,2
4216,69,74,-5,5
4217,64,75,-11,11
4218,78,83,-5,5
4219,116,128,-12,12
4220,113,105,8,8
4221,123,124,-1,1
4222,101,108,-7,7
4223,100,106,-6,6
4224,84,78,6,6
4225,114,110,4,4
4226,109,98,11,11
4227,52,50,2,2
4228,115,103,12,12
4229,106,107,-1,1
4230,93,92,1,1
4231,69,75,-6,6
4232,149,145,4,4
4233,87,86,1,1
4234,103,95,8,8
4235,106,109,-3,3
4236,76,91,-15,15
4237,124,134,-10,10
4238,115,122,-7,7
4239,82,78,4,4
4240,152,158,-6,6
4241,138,135,3,3
4242,196,186,10,10
4243,133,114,19,19
4244,146,145,1,1
4245,105,113,-8,8
4246,92,100,-8,8
4247,71,67,4,4
4248,97,101,-4,4
4249,70,71,-1,1
4250,107,119,-12,12
4251,80,82,-2,2
4252,63,74,-11,11
4253,75,73,2,2
4254,75,79,-4,4
4255,75,80,-5,5
4256,104,96,8,8
4257,152,143,9,9
4258,71,65,6,6
4259,107,98,9,9
4260,161,152,9,9
4261,71,75,-4,4
4262,91,84,7,7
4263,98,88,10,10
4264,108,110,-2,2
4265,78,73,5,5
4266,116,119,-3,3
4267,108,97,11,11
4268,81,81,0,0
4269,65,73,-8,8
4270,111,114,-3,3
4271,70,64,6,6
4272,55,60,-5,5
4273,102,96,6,6
4274,102,100,2,2
4275,56,54,2,2
4276,100,88,12,12
4277,47,43,4,4
4278,145,139,6,6
4279,108,101,7,7
4280,143,140,3,3
4281,123,123,0,0
4282,172,165,7,7
4283,60,65,-5,5
4284,105,97,8,8
4285,46,64,-18,18
4286,80,67,13,13
4287,114,117,-3,3
4288,189,185,4,4
4289,82,74,8,8
4290,126,126,0,0
4291,157,147,10,10
4292,147,174,-27,27
4293,27,70,-43,43
4294,79,75,4,4
4295,75,73,2,2
4296,65,60,5,5
4297,68,62,6,6
4298,126,123,3,3
4299,133,130,3,3
4300,101,91,10,10
4301,80,77,3,3
4302,103,95,8,8
4303,95,92,3,3
4304,103,106,-3,3
4305,113,109,4,4
4306,42,38,4,4
4307,85,88,-3,3
4308,82,83,-1,1
4309,104,105,-1,1
4310,85,74,11,11
4311,107,85,22,22
4312,78,73,5,5
4313,66,67,-1,1
4314,108,107,1,1
4315,90,100,-10,10
4316,88,92,-4,4
4317,59,60,-1,1
4318,79,72,7,7
4319,69,72,-3,3
4320,135,134,1,1
4321,96,111,-15,15
4322,148,148,0,0
4323,31,36,-5,5
4324,65,77,-12,12
4325,86,83,3,3
4326,47,45,2,2
4327,83,80,3,3
4328,170,180,-10,10
4329,63,66,-3,3
4330,110,103,7,7
4331,182,168,14,14
4332,141,142,-1,1
4333,94,97,-3,3
4334,81,82,-1,1
4335,87,88,-1,1
4336,131,132,-1,1
4337,117,104,13,13
4338,64,61,3,3
4339,150,170,-20,20
4340,93,103,-10,10
4341,88,85,3,3
4342,90,91,-1,1
4343,86,90,-4,4
4344,96,109,-13,13
4345,173,162,11,11
4346,104,99,5,5
4347,44,49,-5,5
4348,81,75,6,6
4349,71,64,7,7
4350,77,65,12,12
4351,82,73,9,9
4352,196,183,13,13
4353,126,125,1,1
4354,100,101,-1,1
4355,159,149,10,10
4356,61,71,-10,10
4357,54,55,-1,1
4358,73,69,4,4
4359,73,80,-7,7
4360,88,83,5,5
4361,136,135,1,1
4362,94,94,0,0
4363,164,182,-18,18
4364,100,101,-1,1
4365,126,120,6,6
4366,50,53,-3,3
4367,79,84,-5,5
4368,94,112,-18,18
4369,110,120,-10,10
4370,144,141,3,3
4371,62,55,7,7
4372,92,95,-3,3
4373,59,65,-6,6
4374,279,240,39,39
4375,149,140,9,9
4376,61,78,-17,17
4377,72,87,-15,15
4378,64,68,-4,4
4379,142,139,3,3
4380,56,54,2,2
4381,140,146,-6,6
4382,221,198,23,23
4383,111,102,9,9
4384,93,88,5,5
4385,110,113,-3,3
4386,83,75,8,8
4387,65,73,-8,8
4388,154,154,0,0
4389,92,90,2,2
4390,144,136,8,8
4391,102,100,2,2
4392,131,123,8,8
4393,98,91,7,7
4394,104,100,4,4
4395,95,95,0,0
4396,108,119,-11,11
4397,89,88,1,1
4398,139,148,-9,9
4399,116,111,5,5
4400,58,62,-4,4
4401,140,141,-1,1
4402,89,89,0,0
4403,103,102,1,1
4404,67,82,-15,15
4405,62,62,0,0
4406,162,162,0,0
4407,77,73,4,4
4408,99,104,-5,5
4409,92,80,12,12
4410,105,107,-2,2
4411,99,93,6,6
4412,82,96,-14,14
4413,139,125,14,14
4414,99,96,3,3
4415,82,86,-4,4
4416,95,98,-3,3
4417,101,96,5,5
4418,85,88,-3,3
4419,102,102,0,0
4420,133,136,-3,3
4421,76,72,4,4
4422,126,129,-3,3
4423,101,95,6,6
4424,119,103,16,16
4425,152,158,-6,6
4426,136,119,17,17
4427,87,90,-3,3
4428,116,107,9,9
4429,60,62,-2,2
4430,96,95,1,1
4431,76,81,-5,5
4432,128,123,5,5
4433,85,88,-3,3
4434,84,89,-5,5
4435,153,138,15,15
4436,72,65,7,7
4437,73,67,6,6
4438,108,95,13,13
4439,73,73,0,0
4440,94,89,5,5
4441,86,80,6,6
4442,89,79,10,10
4443,56,56,0,0
4444,195,185,10,10
4445,70,69,1,1
4446,64,65,-1,1
4447,96,85,11,11
4448,103,109,-6,6
4449,131,125,6,6
4450,93,92,1,1
4451,122,126,-4,4
4452,54,55,-1,1
4453,67,78,-11,11
4454,66,60,6,6
4455,110,113,-3,3
4456,108,106,2,2
4457,119,122,-3,3
4458,80,67,13,13
4459,60,67,-7,7
4460,88,83,5,5
4461,123,109,14,14
4462,59,62,-3,3
4463,103,93,10,10
4464,93,92,1,1
4465,90,86,4,4
4466,157,155,2,2
4467,94,92,2,2
4468,79,79,0,0
4469,131,134,-3,3
4470,50,63,-13,13
4471,111,103,8,8
4472,106,106,0,0
4473,104,105,-1,1
4474,94,100,-6,6
4475,71,64,7,7
4476,168,150,18,18
4477,102,117,-15,15
4478,58,61,-3,3
4479,49,47,2,2
4480,96,90,6,6
4481,74,78,-4,4
4482,135,137,-2,2
4483,171,161,10,10
4484,70,76,-6,6
4485,118,124,-6,6
4486,90,79,11,11
4487,101,117,-16,16
4488,97,96,1,1
4489,107,101,6,6
4490,87,82,5,5
4491,43,47,-4,4
4492,79,76,3,3
4493,106,97,9,9
4494,39,38,1,1
4495,178,164,14,14
4496,74,84,-10,10
4497,36,43,-7,7
4498,68,68,0,0
4499,114,112,2,2
4500,80,80,0,0
4501,109,124,-15,15
4502,128,119,9,9
4503,87,100,-13,13
4504,110,103,7,7
4505,100,92,8,8
4506,128,132,-4,4
4507,136,135,1,1
4508,129,128,1,1
4509,122,122,0,0
4510,102,98,4,4
4511,109,109,0,0
4512,58,61,-3,3
4513,122,119,3,3
4514,90,86,4,4
4515,57,47,10,10
4516,107,104,3,3
4517,168,164,4,4
4518,98,100,-2,2
4519,120,110,10,10
4520,74,73,1,1
4521,88,85,3,3
4522,96,86,10,10
4523,64,68,-4,4
4524,55,59,-4,4
4525,94,92,2,2
4526,148,136,12,12
4527,92,104,-12,12
4528,95,105,-10,10
4529,110,104,6,6
4530,83,75,8,8
4531,139,134,5,5
4532,108,93,15,15
4533,78,78,0,0
4534,78,77,1,1
4535,98,96,2,2
4536,104,99,5,5
4537,68,63,5,5
4538,103,105,-2,2
4539,66,59,7,7
4540,100,100,0,0
4541,123,118,5,5
4542,74,93,-19,19
4543,136,127,9,9
4544,47,46,1,1
4545,92,93,-1,1
4546,122,110,12,12
4547,125,130,-5,5
4548,122,111,11,11
4549,61,60,1,1
4550,82,100,-18,18
4551,112,105,7,7
4552,48,61,-13,13
4553,146,154,-8,8
4554,67,62,5,5
4555,115,112,3,3
4556,165,170,-5,5
4557,87,94,-7,7
4558,40,42,-2,2
4559,55,51,4,4
4560,127,117,10,10
4561,70,73,-3,3
4562,99,108,-9,9
4563,45,50,-5,5
4564,95,91,4,4
4565,80,82,-2,2
4566,47,52,-5,5
4567,99,115,-16,16
4568,118,120,-2,2
4569,104,105,-1,1
4570,75,76,-1,1
4571,90,88,2,2
4572,82,79,3,3
4573,163,148,15,15
4574,93,87,6,6
4575,166,182,-16,16
4576,69,71,-2,2
4577,122,135,-13,13
4578,148,149,-1,1
4579,56,59,-3,3
4580,66,61,5,5
4581,83,94,-11,11
4582,63,62,1,1
4583,108,102,6,6
4584,123,105,18,18
4585,161,168,-7,7
4586,83,105,-22,22
4587,49,46,3,3
4588,78,76,2,2
4589,101,102,-1,1
4590,38,52,-14,14
4591,98,91,7,7
4592,174,155,19,19
4593,75,93,-18,18
4594,56,58,-2,2
4595,138,128,10,10
4596,38,39,-1,1
4597,51,51,0,0
4598,69,62,7,7
4599,98,99,-1,1
4600,87,86,1,1
4601,88,86,2,2
4602,156,160,-4,4
4603,140,135,5,5
4604,92,97,-5,5
4605,49,54,-5,5
4606,82,84,-2,2
4607,217,247,-30,30
4608,99,102,-3,3
4609,110,101,9,9
4610,79,82,-3,3
4611,69,66,3,3
4612,87,74,13,13
4613,84,80,4,4
4614,77,72,5,5
4615,78,73,5,5
4616,100,105,-5,5
4617,112,109,3,3
4618,130,121,9,9
4619,137,125,12,12
4620,125,118,7,7
4621,86,88,-2,2
4622,152,143,9,9
4623,96,106,-10,10
4624,111,112,-1,1
4625,99,108,-9,9
4626,56,53,3,3
4627,211,212,-1,1
4628,109,114,-5,5
4629,137,136,1,1
4630,74,76,-2,2
4631,120,124,-4,4
4632,81,86,-5,5
4633,71,75,-4,4
4634,88,84,4,4
4635,111,103,8,8
4636,197,193,4,4
4637,85,79,6,6
4638,112,111,1,1
4639,44,65,-21,21
4640,86,90,-4,4
4641,72,80,-8,8
4642,59,61,-2,2
4643,82,91,-9,9
4644,69,67,2,2
4645,91,86,5,5
4646,142,141,1,1
4647,84,66,18,18
4648,81,83,-2,2
4649,101,98,3,3
4650,190,169,21,21
4651,107,101,6,6
4652,119,123,-4,4
4653,77,78,-1,1
4654,152,151,1,1
4655,64,49,15,15
4656,77,80,-3,3
4657,51,46,5,5
4658,77,78,-1,1
4659,84,87,-3,3
4660,60,60,0,0
4661,107,104,3,3
4662,87,105,-18,18
4663,116,129,-13,13
4664,160,140,20,20
4665,116,116,0,0
4666,84,81,3,3
4667,113,120,-7,7
4668,105,103,2,2
4669,55,46,9,9
4670,91,92,-1,1
4671,113,101,12,12
4672,62,53,9,9
4673,75,74,1,1
4674,45,47,-2,2
4675,177,159,18,18
4676,131,138,-7,7
4677,112,111,1,1
4678,127,133,-6,6
4679,146,122,24,24
4680,138,134,4,4
4681,93,98,-5,5
4682,65,69,-4,4
4683,168,172,-4,4
4684,112,125,-13,13
4685,149,138,11,11
4686,140,148,-8,8
4687,94,91,3,3
4688,141,137,4,4
4689,75,85,-10,10
4690,134,124,10,10
4691,95,89,6,6
4692,119,103,16,16
4693,95,101,-6,6
4694,65,65,0,0
4695,95,101,-6,6
4696,97,101,-4,4
4697,132,133,-1,1
4698,87,85,2,2
4699,124,116,8,8
4700,115,117,-2,2
4701,45,45,0,0
4702,110,105,5,5
4703,57,61,-4,4
4704,126,102,24,24
4705,50,48,2,2
4706,132,131,1,1
4707,71,65,6,6
4708,88,79,9,9
4709,91,103,-12,12
4710,79,75,4,4
4711,47,45,2,2
4712,103,113,-10,10
4713,38,41,-3,3
4714,68,63,5,5
4715,130,124,6,6
4716,157,158,-1,1
4717,99,98,1,1
4718,62,58,4,4
4719,79,76,3,3
4720,74,77,-3,3
4721,154,139,15,15
4722,36,54,-18,18
4723,81,82,-1,1
4724,69,65,4,4
4725,39,44,-5,5
4726,106,106,0,0
4727,141,132,9,9
4728,71,70,1,1
4729,108,102,6,6
4730,142,135,7,7
4731,43,44,-1,1
4732,109,118,-9,9
4733,72,75,-3,3
4734,110,101,9,9
4735,84,95,-11,11
4736,88,83,5,5
4737,156,147,9,9
4738,106,116,-10,10
4739,160,162,-2,2
4740,105,103,2,2
4741,231,219,12,12
4742,111,100,11,11
4743,53,55,-2,2
4744,124,130,-6,6
4745,105,107,-2,2
4746,144,148,-4,4
4747,83,87,-4,4
4748,81,80,1,1
4749,96,99,-3,3
4750,143,135,8,8
4751,118,111,7,7
4752,77,79,-2,2
4753,116,119,-3,3
4754,116,75,41,41
4755,76,75,1,1
4756,73,75,-2,2
4757,92,81,11,11
4758,89,82,7,7
4759,58,54,4,4
4760,70,69,1,1
4761,134,128,6,6
4762,73,81,-8,8
4763,139,130,9,9
4764,59,67,-8,8
4765,59,59,0,0
4766,72,74,-2,2
4767,81,81,0,0
4768,96,91,5,5
4769,190,181,9,9
4770,131,116,15,15
4771,188,193,-5,5
4772,141,154,-13,13
4773,103,100,3,3
4774,65,79,-14,14
4775,86,83,3,3
4776,64,65,-1,1
4777,115,118,-3,3
4778,58,65,-7,7
4779,150,141,9,9
4780,70,73,-3,3
4781,91,90,1,1
4782,104,98,6,6
4783,78,81,-3,3
4784,57,54,3,3
4785,117,109,8,8
4786,82,83,-1,1
4787,50,55,-5,5
4788,76,79,-3,3
4789,64,65,-1,1
4790,140,140,0,0
4791,88,93,-5,5
4792,41,43,-2,2
4793,56,70,-14,14
4794,161,171,-10,10
4795,107,96,11,11
4796,94,93,1,1
4797,71,62,9,9
4798,163,148,15,15
4799,99,92,7,7
4800,30,35,-5,5
4801,99,88,11,11
4802,161,139,22,22
4803,82,83,-1,1
4804,92,86,6,6
4805,152,133,19,19
4806,131,111,20,20
4807,99,91,8,8
4808,50,48,2,2
4809,80,88,-8,8
4810,99,99,0,0
4811,69,66,3,3
4812,67,78,-11,11
4813,143,125,18,18
4814,68,70,-2,2
4815,65,69,-4,4
4816,94,94,0,0
4817,55,58,-3,3
4818,94,93,1,1
4819,45,50,-5,5
4820,140,140,0,0
4821,65,61,4,4
4822,62,62,0,0
4823,94,99,-5,5
4824,129,125,4,4
4825,123,122,1,1
4826,80,78,2,2
4827,86,79,7,7
4828,112,116,-4,4
4829,89,85,4,4
4830,72,71,1,1
4831,65,72,-7,7
4832,90,92,-2,2
4833,71,78,-7,7
4834,107,112,-5,5
4835,140,138,2,2
4836,57,62,-5,5
4837,104,104,0,0
4838,56,63,-7,7
4839,103,102,1,1
4840,104,102,2,2
4841,78,76,2,2
4842,126,121,5,5
4843,101,93,8,8
4844,85,90,-5,5
4845,72,65,7,7
4846,57,60,-3,3
4847,51,61,-10,10
4848,102,107,-5,5
4849,85,88,-3,3
4850,71,68,3,3
4851,87,81,6,6
4852,74,77,-3,3
4853,104,101,3,3
4854,102,105,-3,3
4855,181,165,16,16
4856,130,128,2,2
4857,75,89,-14,14
4858,102,100,2,2
4859,56,63,-7,7
4860,72,74,-2,2
4861,90,93,-3,3
4862,66,74,-8,8
4863,82,77,5,5
4864,139,158,-19,19
4865,97,85,12,12
4866,83,84,-1,1
4867,71,83,-12,12
4868,81,71,10,10
4869,80,72,8,8
4870,152,151,1,1
4871,54,54,0,0
4872,51,52,-1,1
4873,142,124,18,18
4874,134,144,-10,10
4875,253,263,-10,10
4876,85,100,-15,15
4877,274,231,43,43
4878,180,163,17,17
4879,85,87,-2,2
4880,68,76,-8,8
4881,126,124,2,2
4882,147,138,9,9
4883,67,65,2,2
4884,58,64,-6,6
4885,146,144,2,2
4886,170,177,-7,7
4887,80,87,-7,7
4888,117,117,0,0
4889,72,71,1,1
4890,52,60,-8,8
4891,92,90,2,2
4892,88,86,2,2
4893,106,105,1,1
4894,93,90,3,3
4895,151,150,1,1
4896,90,85,5,5
4897,71,68,3,3
4898,63,67,-4,4
4899,171,156,15,15
4900,83,68,15,15
4901,125,119,6,6
4902,123,112,11,11
4903,119,112,7,7
4904,100,97,3,3
4905,97,108,-11,11
4906,82,75,7,7
4907,104,111,-7,7
4908,84,77,7,7
4909,133,136,-3,3
4910,66,68,-2,2
4911,328,275,53,53
4912,66,66,0,0
4913,129,123,6,6
4914,60,61,-1,1
4915,107,119,-12,12
4916,88,80,8,8
4917,92,109,-17,17
4918,97,81,16,16
4919,95,96,-1,1
4920,176,160,16,16
4921,93,91,2,2
4922,124,128,-4,4
4923,80,75,5,5
4924,117,114,3,3
4925,92,87,5,5
4926,137,117,20,20
4927,160,156,4,4
4928,114,111,3,3
4929,78,69,9,9
4930,73,71,2,2
4931,62,60,2,2
4932,85,88,-3,3
4933,52,58,-6,6
4934,53,54,-1,1
4935,98,76,22,22
4936,92,95,-3,3
4937,100,101,-1,1
4938,114,108,6,6
4939,139,144,-5,5
4940,76,80,-4,4
4941,119,114,5,5
4942,41,47,-6,6
4943,53,47,6,6
4944,268,271,-3,3
4945,66,62,4,4
4946,130,119,11,11
4947,115,115,0,0
4948,157,160,-3,3
4949,50,54,-4,4
4950,75,78,-3,3
4951,79,75,4,4
4952,85,82,3,3
4953,42,66,-24,24
4954,85,77,8,8
4955,95,92,3,3
4956,72,80,-8,8
4957,90,99,-9,9
4958,81,76,5,5
4959,109,111,-2,2
4960,146,156,-10,10
4961,131,119,12,12
4962,138,131,7,7
4963,32,43,-11,11
4964,86,87,-1,1
4965,76,78,-2,2
4966,73,82,-9,9
4967,132,126,6,6
4968,136,135,1,1
4969,36,42,-6,6
4970,40,47,-7,7
4971,62,59,3,3
4972,99,106,-7,7
4973,63,76,-13,13
4974,90,81,9,9
4975,63,75,-12,12
4976,63,64,-1,1
4977,73,81,-8,8
4978,73,75,-2,2
4979,120,121,-1,1
4980,161,152,9,9
4981,74,73,1,1
4982,74,62,12,12
4983,49,51,-2,2
4984,157,139,18,18
4985,123,118,5,5
4986,91,85,6,6
4987,115,103,12,12
4988,85,87,-2,2
4989,66,67,-1,1
4990,102,96,6,6
4991,98,94,4,4
4992,100,94,6,6
4993,105,123,-18,18
4994,84,94,-10,10
4995,95,89,6,6
4996,108,95,13,13
4997,62,59,3,3
4998,116,117,-1,1
4999,79,73,6,6
5000,73,64,9,9
5001,50,60,-10,10
5002,97,93,4,4
5003,145,133,12,12
5004,152,141,11,11
5005,134,123,11,11
5006,110,103,7,7
5007,114,113,1,1
5008,72,64,8,8
5009,113,111,2,2
5010,58,67,-9,9
5011,50,49,1,1
5012,29,38,-9,9
5013,71,69,2,2
5014,90,91,-1,1
5015,140,134,6,6
5016,123,116,7,7
5017,131,125,6,6
5018,50,48,2,2
5019,82,82,0,0
5020,77,81,-4,4
5021,98,92,6,6
5022,83,76,7,7
5023,88,76,12,12
5024,122,108,14,14
5025,87,83,4,4
5026,107,105,2,2
5027,75,81,-6,6
5028,89,91,-2,2
5029,124,128,-4,4
5030,105,103,2,2
5031,62,58,4,4
5032,125,107,18,18
5033,94,92,2,2
5034,91,94,-3,3
5035,74,88,-14,14
5036,82,91,-9,9
5037,60,59,1,1
5038,69,69,0,0
5039,132,125,7,7
5040,76,74,2,2
5041,169,168,1,1
5042,101,100,1,1
5043,167,160,7,7
5044,79,80,-1,1
5045,78,88,-10,10
5046,61,61,0,0
5047,137,122,15,15
5048,116,103,13,13
5049,77,82,-5,5
5050,76,77,-1,1
5051,157,167,-10,10
5052,90,99,-9,9
5053,79,72,7,7
5054,131,117,14,14
5055,118,103,15,15
5056,110,96,14,14
5057,151,133,18,18
5058,159,161,-2,2
5059,95,101,-6,6
5060,78,75,3,3
5061,107,115,-8,8
5062,131,128,3,3
5063,87,93,-6,6
5064,42,43,-1,1
5065,66,67,-1,1
5066,101,100,1,1
5067,140,136,4,4
5068,66,63,3,3
5069,43,45,-2,2
5070,100,95,5,5
5071,120,104,16,16
5072,76,64,12,12
5073,121,130,-9,9
5074,78,79,-1,1
5075,121,120,1,1
5076,51,54,-3,3
5077,101,102,-1,1
5078,136,137,-1,1
5079,107,119,-12,12
5080,106,108,-2,2
5081,116,109,7,7
5082,89,89,0,0
5083,65,69,-4,4
5084,154,146,8,8
5085,130,122,8,8
5086,98,88,10,10
5087,75,91,-16,16
5088,81,83,-2,2
5089,82,88,-6,6
5090,86,90,-4,4
5091,93,95,-2,2
5092,73,79,-6,6
5093,76,83,-7,7
5094,166,168,-2,2
5095,98,94,4,4
5096,120,102,18,18
5097,67,68,-1,1
5098,81,78,3,3
5099,170,169,1,1
5100,40,52,-12,12
5101,101,95,6,6
5102,80,81,-1,1
5103,121,103,18,18
5104,58,52,6,6
5105,115,107,8,8
5106,63,63,0,0
5107,87,91,-4,4
5108,148,157,-9,9
5109,102,100,2,2
5110,79,74,5,5
5111,118,107,11,11
5112,92,92,0,0
5113,110,111,-1,1
5114,131,132,-1,1
5115,139,154,-15,15
5116,68,75,-7,7
5117,122,126,-4,4
5118,140,131,9,9
5119,124,120,4,4
5120,103,91,12,12
5121,59,75,-16,16
5122,80,83,-3,3
5123,131,124,7,7
5124,104,100,4,4
5125,155,143,12,12
5126,89,90,-1,1
5127,68,85,-17,17
5128,79,77,2,2
5129,110,108,2,2
5130,54,58,-4,4
5131,121,135,-14,14
5132,101,104,-3,3
5133,109,113,-4,4
5134,100,95,5,5
5135,132,131,1,1
5136,71,75,-4,4
5137,89,88,1,1
5138,92,91,1,1
5139,91,89,2,2
5140,117,105,12,12
5141,100,100,0,0
5142,118,110,8,8
5143,160,138,22,22
5144,121,109,12,12
5145,88,93,-5,5
5146,152,152,0,0
5147,56,54,2,2
5148,51,69,-18,18
5149,110,93,17,17
5150,79,84,-5,5
5151,68,76,-8,8
5152,52,54,-2,2
5153,129,131,-2,2
5154,81,73,8,8
5155,39,42,-3,3
5156,55,116,-61,61
5157,53,60,-7,7
5158,92,93,-1,1
5159,72,73,-1,1
5160,103,105,-2,2
5161,141,130,11,11
5162,82,85,-3,3
5163,69,73,-4,4
5164,168,160,8,8
5165,65,66,-1,1
5166,76,81,-5,5
5167,104,101,3,3
5168,89,91,-2,2
5169,101,104,-3,3
5170,53,60,-7,7
5171,105,101,4,4
5172,90,80,10,10
5173,116,108,8,8
5174,137,133,4,4
5175,126,112,14,14
5176,43,41,2,2
5177,65,74,-9,9
5178,76,74,2,2
5179,104,99,5,5
5180,88,83,5,5
5181,75,70,5,5
5182,82,81,1,1
5183,40,68,-28,28
5184,77,75,2,2
5185,66,66,0,0
5186,154,137,17,17
5187,86,84,2,2
5188,112,121,-9,9
5189,93,93,0,0
5190,130,150,-20,20
5191,177,169,8,8
5192,148,140,8,8
5193,80,83,-3,3
5194,58,54,4,4
5195,115,106,9,9
5196,118,114,4,4
5197,66,66,0,0
5198,161,155,6,6
5199,80,84,-4,4
5200,105,99,6,6
5201,56,54,2,2
5202,66,65,1,1
5203,93,93,0,0
5204,105,101,4,4
5205,96,93,3,3
5206,62,64,-2,2
5207,68,79,-11,11
5208,83,77,6,6
5209,110,109,1,1
5210,109,110,-1,1
5211,147,137,10,10
5212,68,62,6,6
5213,121,109,12,12
5214,128,134,-6,6
5215,136,133,3,3
5216,110,100,10,10
5217,84,74,10,10
5218,93,89,4,4
5219,68,72,-4,4
5220,88,89,-1,1
5221,89,99,-10,10
5222,134,137,-3,3
5223,128,127,1,1
5224,79,77,2,2
5225,66,65,1,1
5226,58,48,10,10
5227,58,75,-17,17
5228,69,65,4,4
5229,56,53,3,3
5230,85,87,-2,2
5231,73,78,-5,5
5232,97,93,4,4
5233,100,83,17,17
5234,82,71,11,11
5235,65,64,1,1
5236,90,98,-8,8
5237,66,80,-14,14
5238,58,55,3,3
5239,62,98,-36,36
5240,50,53,-3,3
5241,84,80,4,4
5242,82,83,-1,1
5243,147,156,-9,9
5244,91,83,8,8
5245,95,89,6,6
5246,121,119,2,2
5247,56,60,-4,4
5248,54,49,5,5
5249,103,99,4,4
5250,86,73,13,13
5251,85,79,6,6
5252,97,77,20,20
5253,92,79,13,13
5254,59,60,-1,1
5255,115,113,2,2
5256,116,113,3,3
5257,101,99,2,2
5258,120,97,23,23
5259,164,149,15,15
5260,55,48,7,7
5261,91,99,-8,8
5262,75,82,-7,7
5263,121,123,-2,2
5264,57,58,-1,1
5265,38,60,-22,22
5266,92,86,6,6
5267,67,66,1,1
5268,120,116,4,4
5269,83,83,0,0
5270,138,139,-1,1
5271,169,161,8,8
5272,59,68,-9,9
5273,47,52,-5,5
5274,46,41,5,5
5275,123,129,-6,6
5276,142,140,2,2
5277,80,85,-5,5
5278,31,38,-7,7
5279,128,129,-1,1
5280,112,99,13,13
5281,98,107,-9,9
5282,55,61,-6,6
5283,110,97,13,13
5284,91,94,-3,3
5285,112,93,19,19
5286,115,113,2,2
5287,73,66,7,7
5288,106,104,2,2
5289,93,89,4,4
5290,166,167,-1,1
5291,128,138,-10,10
5292,112,108,4,4
5293,89,81,8,8
5294,74,72,2,2
5295,106,122,-16,16
5296,72,71,1,1
5297,78,78,0,0
5298,92,91,1,1
5299,140,129,11,11
5300,103,96,7,7
5301,102,111,-9,9
5302,63,78,-15,15
5303,169,159,10,10
5304,78,75,3,3
5305,132,128,4,4
5306,50,64,-14,14
5307,127,116,11,11
5308,138,110,28,28
5309,61,51,10,10
5310,87,88,-1,1
5311,109,113,-4,4
5312,77,81,-4,4
5313,92,105,-13,13
5314,84,77,7,7
5315,140,129,11,11
5316,79,83,-4,4
5317,87,81,6,6
5318,76,78,-2,2
5319,54,47,7,7
5320,77,90,-13,13
5321,28,59,-31,31
5322,85,72,13,13
5323,41,42,-1,1
5324,78,82,-4,4
5325,117,110,7,7
5326,99,99,0,0
5327,130,128,2,2
5328,58,62,-4,4
5329,76,73,3,3
5330,72,79,-7,7
5331,72,67,5,5
5332,130,119,11,11
5333,85,91,-6,6
5334,74,75,-1,1
5335,117,106,11,11
5336,105,108,-3,3
5337,114,112,2,2
5338,94,97,-3,3
5339,127,125,2,2
5340,100,90,10,10
5341,100,103,-3,3
5342,114,105,9,9
5343,137,148,-11,11
5344,141,136,5,5
5345,186,177,9,9
5346,49,53,-4,4
5347,71,74,-3,3
5348,144,142,2,2
5349,108,86,22,22
5350,102,90,12,12
5351,129,123,6,6
5352,123,117,6,6
5353,48,51,-3,3
5354,70,67,3,3
5355,81,82,-1,1
5356,72,78,-6,6
5357,76,78,-2,2
5358,114,127,-13,13
5359,130,125,5,5
5360,113,122,-9,9
5361,57,59,-2,2
5362,77,80,-3,3
5363,117,115,2,2
5364,79,71,8,8
5365,87,95,-8,8
5366,99,97,2,2
5367,211,200,11,11
5368,92,84,8,8
5369,119,110,9,9
5370,54,61,-7,7
5371,111,103,8,8
5372,67,67,0,0
5373,185,187,-2,2
5374,68,80,-12,12
5375,190,170,20,20
5376,124,121,3,3
5377,80,89,-9,9
5378,78,72,6,6
5379,92,102,-10,10
5380,70,71,-1,1
5381,51,64,-13,13
5382,89,90,-1,1
5383,82,89,-7,7
5384,83,81,2,2
5385,204,188,16,16
5386,114,108,6,6
5387,62,64,-2,2
5388,100,85,15,15
5389,143,158,-15,15
5390,89,84,5,5
5391,123,131,-8,8
5392,150,146,4,4
5393,135,112,23,23
5394,114,117,-3,3
5395,94,98,-4,4
5396,158,153,5,5
5397,58,69,-11,11
5398,94,109,-15,15
5399,59,54,5,5
5400,81,96,-15,15
5401,70,69,1,1
5402,79,77,2,2
5403,49,55,-6,6
5404,85,77,8,8
5405,85,81,4,4
5406,55,50,5,5
5407,97,101,-4,4
5408,95,94,1,1
5409,129,122,7,7
5410,53,60,-7,7
5411,109,113,-4,4
5412,92,92,0,0
5413,122,99,23,23
5414,102,103,-1,1
5415,98,109,-11,11
5416,68,76,-8,8
5417,108,102,6,6
5418,92,85,7,7
5419,95,92,3,3
5420,65,63,2,2
5421,27,35,-8,8
5422,62,64,-2,2
5423,109,108,1,1
5424,72,71,1,1
5425,58,53,5,5
5426,121,111,10,10
5427,101,96,5,5
5428,63,69,-6,6
5429,38,36,2,2
5430,145,140,5,5
5431,103,102,1,1
5432,215,234,-19,19
5433,122,112,10,10
5434,90,97,-7,7
5435,67,68,-1,1
5436,98,103,-5,5
5437,106,114,-8,8
5438,119,123,-4,4
5439,93,90,3,3
5440,48,60,-12,12
5441,87,85,2,2
5442,108,114,-6,6
5443,72,67,5,5
5444,124,120,4,4
5445,114,115,-1,1
5446,43,44,-1,1
5447,109,105,4,4
5448,99,103,-4,4
5449,116,109,7,7
5450,72,89,-17,17
5451,122,133,-11,11
5452,98,96,2,2
5453,144,154,-10,10
5454,78,72,6,6
5455,70,64,6,6
5456,114,108,6,6
5457,137,135,2,2
5458,113,104,9,9
5459,115,101,14,14
5460,85,85,0,0
5461,63,60,3,3
5462,114,120,-6,6
5463,88,88,0,0
5464,125,113,12,12
5465,116,115,1,1
5466,150,118,32,32
5467,78,83,-5,5
5468,75,74,1,1
5469,81,86,-5,5
5470,116,129,-13,13
5471,64,58,6,6
5472,93,94,-1,1
5473,96,91,5,5
5474,147,150,-3,3
5475,77,74,3,3
5476,139,141,-2,2
5477,64,65,-1,1
5478,82,77,5,5
5479,70,68,2,2
5480,142,138,4,4
5481,99,92,7,7
5482,64,63,1,1
5483,80,89,-9,9
5484,69,61,8,8
5485,64,67,-3,3
5486,99,100,-1,1
5487,120,102,18,18
5488,80,76,4,4
5489,145,149,-4,4
5490,161,155,6,6
5491,86,89,-3,3
5492,123,122,1,1
5493,91,87,4,4
5494,147,138,9,9
5495,92,89,3,3
5496,79,82,-3,3
5497,144,134,10,10
5498,72,71,1,1
5499,91,102,-11,11
5500,162,160,2,2
5501,76,82,-6,6
5502,82,85,-3,3
5503,63,71,-8,8
5504,71,73,-2,2
5505,74,74,0,0
5506,152,141,11,11
5507,102,105,-3,3
5508,70,64,6,6
5509,46,50,-4,4
5510,85,97,-12,12
5511,81,83,-2,2
5512,85,87,-2,2
5513,108,96,12,12
5514,124,120,4,4
5515,81,86,-5,5
5516,97,123,-26,26
5517,137,141,-4,4
5518,125,117,8,8
5519,90,97,-7,7
5520,83,81,2,2
5521,89,88,1,1
5522,124,112,12,12
5523,101,93,8,8
5524,103,102,1,1
5525,61,59,2,2
5526,85,76,9,9
5527,102,104,-2,2
5528,83,98,-15,15
5529,91,94,-3,3
5530,131,108,23,23
5531,150,141,9,9
5532,107,105,2,2
5533,115,113,2,2
5534,126,123,3,3
5535,129,127,2,2
5536,95,89,6,6
5537,143,133,10,10
5538,115,119,-4,4
5539,85,81,4,4
5540,164,158,6,6
5541,95,92,3,3
5542,137,147,-10,10
5543,121,118,3,3
5544,83,83,0,0
5545,115,124,-9,9
5546,154,159,-5,5
5547,115,116,-1,1
5548,88,80,8,8
5549,116,121,-5,5
5550,119,101,18,18
5551,30,45,-15,15
5552,100,93,7,7
5553,132,139,-7,7
5554,186,177,9,9
5555,82,87,-5,5
5556,176,143,33,33
5557,107,101,6,6
5558,89,81,8,8
5559,94,96,-2,2
5560,51,44,7,7
5561,138,141,-3,3
5562,78,80,-2,2
5563,59,60,-1,1
5564,58,53,5,5
5565,67,64,3,3
5566,79,71,8,8
5567,54,53,1,1
5568,62,60,2,2
5569,83,78,5,5
5570,75,79,-4,4
5571,115,111,4,4
5572,114,116,-2,2
5573,126,110,16,16
5574,88,99,-11,11
5575,69,64,5,5
5576,38,48,-10,10
5577,71,67,4,4
5578,66,63,3,3
5579,62,61,1,1
5580,75,68,7,7
5581,59,51,8,8
5582,97,106,-9,9
5583,81,93,-12,12
5584,69,77,-8,8
5585,81,76,5,5
5586,101,100,1,1
5587,97,91,6,6
5588,60,71,-11,11
5589,119,114,5,5
5590,113,139,-26,26
5591,130,114,16,16
5592,61,70,-9,9
5593,166,160,6,6
5594,51,49,2,2
5595,140,137,3,3
5596,109,115,-6,6
5597,115,120,-5,5
5598,112,104,8,8
5599,89,86,3,3
5600,65,63,2,2
5601,97,101,-4,4
5602,81,85,-4,4
5603,59,58,1,1
5604,52,50,2,2
5605,74,87,-13,13
5606,76,78,-2,2
5607,111,74,37,37
5608,112,108,4,4
5609,66,64,2,2
5610,96,91,5,5
5611,61,63,-2,2
5612,162,157,5,5
5613,120,110,10,10
5614,68,84,-16,16
5615,61,75,-14,14
5616,110,105,5,5
5617,114,119,-5,5
5618,41,42,-1,1
5619,63,50,13,13
5620,77,76,1,1
5621,92,85,7,7
5622,80,79,1,1
5623,40,47,-7,7
5624,56,61,-5,5
5625,72,73,-1,1
5626,123,112,11,11
5627,77,72,5,5
5628,107,106,1,1
5629,112,113,-1,1
5630,72,77,-5,5
5631,99,105,-6,6
5632,118,113,5,5
5633,77,70,7,7
5634,139,135,4,4
5635,84,83,1,1
5636,62,67,-5,5
5637,100,98,2,2
5638,80,77,3,3
5639,91,96,-5,5
5640,113,106,7,7
5641,45,43,2,2
5642,71,61,10,10
5643,122,105,17,17
5644,53,52,1,1
5645,78,90,-12,12
5646,65,74,-9,9
5647,40,49,-9,9
5648,136,127,9,9
5649,120,113,7,7
5650,104,109,-5,5
5651,85,83,2,2
5652,89,86,3,3
5653,84,89,-5,5
5654,80,90,-10,10
5655,119,125,-6,6
5656,105,100,5,5
5657,61,68,-7,7
5658,53,66,-13,13
5659,69,71,-2,2
5660,83,81,2,2
5661,122,101,21,21
5662,88,87,1,1
5663,88,80,8,8
5664,104,106,-2,2
5665,94,89,5,5
5666,133,128,5,5
5667,53,64,-11,11
5668,73,78,-5,5
5669,92,90,2,2
5670,92,85,7,7
5671,91,87,4,4
5672,82,84,-2,2
5673,87,91,-4,4
5674,135,128,7,7
5675,126,127,-1,1
5676,94,92,2,2
5677,55,54,1,1
5678,104,97,7,7
5679,127,123,4,4
5680,135,135,0,0
5681,145,130,15,15
5682,99,102,-3,3
5683,96,103,-7,7
5684,103,87,16,16
5685,32,38,-6,6
5686,74,79,-5,5
5687,109,93,16,16
5688,59,61,-2,2
5689,101,96,5,5
5690,69,65,4,4
5691,71,86,-15,15
5692,101,93,8,8
5693,129,132,-3,3
5694,114,114,0,0
5695,73,73,0,0
5696,179,158,21,21
5697,81,80,1,1
5698,127,118,9,9
5699,129,131,-2,2
5700,57,49,8,8
5701,50,54,-4,4
5702,80,68,12,12
5703,116,114,2,2
5704,93,83,10,10
5705,164,142,22,22
5706,43,49,-6,6
5707,96,109,-13,13
5708,88,78,10,10
5709,66,59,7,7
5710,97,98,-1,1
5711,86,84,2,2
5712,83,92,-9,9
5713,87,84,3,3
5714,61,65,-4,4
5715,81,82,-1,1
5716,164,158,6,6
5717,138,130,8,8
5718,115,118,-3,3
5719,86,86,0,0
5720,118,142,-24,24
5721,67,66,1,1
5722,87,94,-7,7
5723,74,67,7,7
5724,51,61,-10,10
5725,67,65,2,2
5726,84,80,4,4
5727,94,87,7,7
5728,69,70,-1,1
5729,115,121,-6,6
5730,48,47,1,1
5731,77,72,5,5
5732,81,79,2,2
5733,110,119,-9,9
5734,74,90,-16,16
5735,54,63,-9,9
5736,84,85,-1,1
5737,70,74,-4,4
5738,64,69,-5,5
5739,80,89,-9,9
5740,78,69,9,9
5741,83,95,-12,12
5742,81,80,1,1
5743,34,38,-4,4
5744,149,164,-15,15
5745,50,52,-2,2
5746,57,55,2,2
5747,75,79,-4,4
5748,139,126,13,13
5749,48,47,1,1
5750,61,64,-3,3
5751,96,88,8,8
5752,64,59,5,5
5753,90,92,-2,2
5754,81,76,5,5
5755,119,126,-7,7
5756,129,125,4,4
5757,111,118,-7,7
5758,79,81,-2,2
5759,107,102,5,5
5760,77,80,-3,3
5761,67,66,1,1
5762,103,91,12,12
5763,60,63,-3,3
5764,115,119,-4,4
5765,62,54,8,8
5766,71,77,-6,6
5767,67,78,-11,11
5768,46,51,-5,5
5769,52,51,1,1
5770,55,54,1,1
5771,95,88,7,7
5772,119,103,16,16
5773,156,165,-9,9
5774,89,79,10,10
5775,130,110,20,20
5776,149,140,9,9
5777,53,66,-13,13
5778,103,101,2,2
5779,181,163,18,18
5780,88,87,1,1
5781,91,89,2,2
5782,79,69,10,10
5783,64,78,-14,14
5784,85,91,-6,6
5785,45,45,0,0
5786,72,68,4,4
5787,118,110,8,8
5788,54,51,3,3
5789,98,101,-3,3
5790,79,85,-6,6
5791,63,63,0,0
5792,27,38,-11,11
5793,142,137,5,5
5794,67,68,-1,1
5795,146,141,5,5
5796,80,87,-7,7
5797,68,81,-13,13
5798,92,98,-6,6
5799,48,52,-4,4
5800,117,104,13,13
5801,98,100,-2,2
5802,73,73,0,0
5803,84,81,3,3
5804,95,92,3,3
5805,120,120,0,0
5806,151,162,-11,11
5807,50,46,4,4
5808,93,91,2,2
5809,150,147,3,3
5810,65,79,-14,14
5811,76,79,-3,3
5812,69,71,-2,2
5813,91,88,3,3
5814,81,85,-4,4
5815,92,86,6,6
5816,127,146,-19,19
5817,100,94,6,6
5818,98,98,0,0
5819,109,103,6,6
5820,69,73,-4,4
5821,94,101,-7,7
5822,156,143,13,13
5823,82,93,-11,11
5824,62,69,-7,7
5825,56,54,2,2
5826,44,48,-4,4
5827,134,103,31,31
5828,75,71,4,4
5829,88,89,-1,1
5830,63,69,-6,6
5831,106,109,-3,3
5832,121,109,12,12
5833,94,98,-4,4
5834,89,94,-5,5
5835,45,52,-7,7
5836,76,79,-3,3
5837,85,85,0,0
5838,129,137,-8,8
5839,113,110,3,3
5840,127,117,10,10
5841,129,149,-20,20
5842,92,89,3,3
5843,60,59,1,1
5844,91,75,16,16
5845,90,83,7,7
5846,143,141,2,2
5847,79,75,4,4
5848,118,165,-47,47
5849,65,68,-3,3
5850,88,80,8,8
5851,102,105,-3,3
5852,67,66,1,1
5853,104,96,8,8
5854,164,161,3,3
5855,145,140,5,5
5856,51,50,1,1
5857,35,37,-2,2
5858,125,122,3,3
5859,78,80,-2,2
5860,110,105,5,5
5861,133,134,-1,1
5862,92,92,0,0
5863,89,94,-5,5
5864,66,66,0,0
5865,96,97,-1,1
5866,74,76,-2,2
5867,21,27,-6,6
5868,52,52,0,0
5869,49,48,1,1
5870,133,144,-11,11
5871,56,60,-4,4
5872,48,49,-1,1
5873,53,43,10,10
5874,86,84,2,2
5875,81,94,-13,13
5876,139,140,-1,1
5877,111,125,-14,14
5878,118,125,-7,7
5879,61,55,6,6
5880,88,100,-12,12
5881,58,59,-1,1
5882,91,85,6,6
5883,110,105,5,5
5884,118,92,26,26
5885,109,102,7,7
5886,52,54,-2,2
5887,69,75,-6,6
5888,144,128,16,16
5889,87,84,3,3
5890,153,138,15,15
5891,49,55,-6,6
5892,106,113,-7,7
5893,85,88,-3,3
5894,95,94,1,1
5895,99,98,1,1
5896,154,154,0,0
5897,64,80,-16,16
5898,74,73,1,1
5899,94,86,8,8
5900,83,66,17,17
5901,66,67,-1,1
5902,48,51,-3,3
5903,87,99,-12,12
5904,28,49,-21,21
5905,63,58,5,5
5906,117,114,3,3
5907,169,165,4,4
5908,54,51,3,3
5909,118,116,2,2
5910,77,71,6,6
5911,87,89,-2,2
5912,259,235,24,24
5913,116,124,-8,8
5914,141,135,6,6
5915,63,70,-7,7
5916,194,180,14,14
5917,58,72,-14,14
5918,117,117,0,0
5919,101,99,2,2
5920,128,128,0,0
5921,99,86,13,13
5922,122,107,15,15
5923,146,141,5,5
5924,117,104,13,13
5925,85,91,-6,6
5926,156,151,5,5
5927,85,83,2,2
5928,149,157,-8,8
5929,62,70,-8,8
5930,133,137,-4,4
5931,76,80,-4,4
5932,67,65,2,2
5933,125,147,-22,22
5934,73,67,6,6
5935,106,89,17,17
5936,98,95,3,3
5937,113,111,2,2
5938,151,152,-1,1
5939,91,89,2,2
5940,115,124,-9,9
5941,99,104,-5,5
5942,51,50,1,1
5943,102,111,-9,9
5944,123,119,4,4
5945,71,65,6,6
5946,116,117,-1,1
5947,118,118,0,0
5948,151,162,-11,11
5949,93,82,11,11
5950,77,79,-2,2
5951,52,49,3,3
5952,88,83,5,5
5953,56,48,8,8
5954,152,168,-16,16
5955,129,132,-3,3
5956,75,80,-5,5
5957,98,94,4,4
5958,149,151,-2,2
5959,73,70,3,3
5960,96,106,-10,10
5961,145,148,-3,3
5962,88,81,7,7
5963,159,148,11,11
5964,178,166,12,12
5965,81,86,-5,5
5966,142,133,9,9
5967,97,93,4,4
5968,145,145,0,0
5969,91,91,0,0
5970,85,73,12,12
5971,87,74,13,13
5972,90,76,14,14
5973,68,69,-1,1
5974,94,93,1,1
5975,101,95,6,6
5976,92,80,12,12
5977,71,79,-8,8
5978,113,112,1,1
5979,102,99,3,3
5980,114,118,-4,4
5981,97,92,5,5
5982,47,54,-7,7
5983,60,62,-2,2
5984,135,134,1,1
5985,58,52,6,6
5986,206,182,24,24
5987,68,71,-3,3
5988,42,47,-5,5
5989,73,63,10,10
5990,83,77,6,6
5991,72,69,3,3
5992,111,75,36,36
5993,58,52,6,6
5994,130,142,-12,12
5995,111,110,1,1
5996,140,154,-14,14
5997,95,98,-3,3
5998,96,97,-1,1
5999,91,86,5,5
6000,79,77,2,2
6001,74,72,2,2
6002,169,154,15,15
6003,117,121,-4,4
6004,78,61,17,17
6005,115,119,-4,4
6006,44,48,-4,4
6007,103,114,-11,11
6008,78,92,-14,14
6009,49,51,-2,2
6010,126,132,-6,6
6011,93,86,7,7
6012,140,139,1,1
6013,85,92,-7,7
6014,116,128,-12,12
6015,83,74,9,9
6016,96,104,-8,8
6017,143,130,13,13
6018,74,76,-2,2
6019,92,99,-7,7
6020,63,53,10,10
6021,49,56,-7,7
6022,144,145,-1,1
6023,54,54,0,0
6024,116,163,-47,47
6025,66,75,-9,9
6026,56,59,-3,3
6027,56,89,-33,33
6028,107,109,-2,2
6029,140,133,7,7
6030,92,94,-2,2
6031,76,81,-5,5
6032,90,94,-4,4
6033,138,145,-7,7
6034,71,64,7,7
6035,89,101,-12,12
6036,66,57,9,9
6037,60,60,0,0
6038,116,125,-9,9
6039,179,177,2,2
6040,90,78,12,12
6041,116,121,-5,5
6042,89,90,-1,1
6043,95,88,7,7
6044,85,83,2,2
6045,53,53,0,0
6046,166,165,1,1
6047,43,46,-3,3
6048,119,126,-7,7
6049,105,118,-13,13
6050,121,112,9,9
6051,73,72,1,1
6052,67,65,2,2
6053,119,121,-2,2
6054,106,108,-2,2
6055,72,62,10,10
6056,75,70,5,5
6057,70,77,-7,7
6058,143,132,11,11
6059,83,77,6,6
6060,83,75,8,8
6061,46,59,-13,13
6062,47,44,3,3
6063,119,117,2,2
6064,108,99,9,9
6065,43,64,-21,21
6066,64,61,3,3
6067,83,85,-2,2
6068,141,136,5,5
6069,107,104,3,3
6070,35,51,-16,16
6071,119,118,1,1
6072,88,81,7,7
6073,77,82,-5,5
6074,75,73,2,2
6075,140,135,5,5
6076,66,67,-1,1
6077,121,131,-10,10
6078,47,58,-11,11
6079,68,74,-6,6
6080,112,104,8,8
6081,178,166,12,12
6082,87,95,-8,8
6083,164,150,14,14
6084,79,81,-2,2
6085,71,71,0,0
6086,111,132,-21,21
6087,78,84,-6,6
6088,160,171,-11,11
6089,98,98,0,0
6090,115,158,-43,43
6091,95,106,-11,11
6092,65,67,-2,2
6093,159,162,-3,3
6094,85,86,-1,1
6095,69,67,2,2
6096,116,118,-2,2
6097,55,60,-5,5
6098,96,95,1,1
6099,94,84,10,10
6100,72,67,5,5
6101,94,82,12,12
6102,124,134,-10,10
6103,62,63,-1,1
6104,79,72,7,7
6105,146,134,12,12
6106,42,46,-4,4
6107,85,81,4,4
6108,100,87,13,13
6109,131,113,18,18
6110,72,79,-7,7
6111,49,49,0,0
6112,116,107,9,9
6113,102,100,2,2
6114,135,135,0,0
6115,138,132,6,6
6116,40,60,-20,20
6117,104,101,3,3
6118,99,96,3,3
6119,50,48,2,2
6120,108,104,4,4
6121,106,107,-1,1
6122,93,86,7,7
6123,155,157,-2,2
6124,127,122,5,5
6125,78,76,2,2
6126,87,87,0,0
6127,73,73,0,0
6128,92,92,0,0
6129,86,83,3,3
6130,117,114,3,3
6131,65,62,3,3
6132,44,41,3,3
6133,142,138,4,4
6134,83,89,-6,6
6135,104,98,6,6
6136,119,108,11,11
6137,112,108,4,4
6138,96,83,13,13
6139,58,65,-7,7
6140,44,43,1,1
6141,107,108,-1,1
6142,115,114,1,1
6143,87,91,-4,4
6144,102,99,3,3
6145,89,84,5,5
6146,119,115,4,4
6147,101,100,1,1
6148,55,59,-4,4
6149,92,86,6,6
6150,108,102,6,6
6151,57,59,-2,2
6152,119,113,6,6
6153,133,132,1,1
6154,80,84,-4,4
6155,66,66,0,0
6156,114,105,9,9
6157,111,114,-3,3
6158,140,132,8,8
6159,108,88,20,20
6160,89,99,-10,10
6161,88,80,8,8
6162,76,83,-7,7
6163,80,82,-2,2
6164,98,85,13,13
6165,73,71,2,2
6166,136,131,5,5
6167,50,49,1,1
6168,88,99,-11,11
6169,69,69,0,0
6170,151,147,4,4
6171,66,60,6,6
6172,73,67,6,6
6173,65,60,5,5
6174,72,76,-4,4
6175,52,53,-1,1
6176,108,93,15,15
6177,86,83,3,3
6178,34,46,-12,12
6179,183,185,-2,2
6180,54,50,4,4
6181,122,127,-5,5
6182,64,63,1,1
6183,75,76,-1,1
6184,105,95,10,10
6185,65,70,-5,5
6186,84,91,-7,7
6187,101,100,1,1
6188,117,110,7,7
6189,148,149,-1,1
6190,66,64,2,2
6191,106,117,-11,11
6192,147,131,16,16
6193,108,111,-3,3
6194,133,106,27,27
6195,42,44,-2,2
6196,67,62,5,5
6197,117,111,6,6
6198,127,136,-9,9
6199,84,81,3,3
6200,72,66,6,6
6201,77,74,3,3
6202,83,77,6,6
6203,77,90,-13,13
6204,133,130,3,3
6205,61,67,-6,6
6206,75,82,-7,7
6207,81,80,1,1
6208,95,90,5,5
6209,115,112,3,3
6210,106,93,13,13
6211,85,75,10,10
6212,89,87,2,2
6213,103,98,5,5
6214,78,73,5,5
6215,83,83,0,0
6216,128,116,12,12
6217,64,68,-4,4
6218,87,82,5,5
6219,108,96,12,12
6220,108,106,2,2
6221,77,73,4,4
6222,65,72,-7,7
6223,56,59,-3,3
6224,69,62,7,7
6225,83,85,-2,2
6226,93,97,-4,4
6227,85,84,1,1
6228,177,177,0,0
6229,52,50,2,2
6230,35,39,-4,4
6231,128,117,11,11
6232,98,95,3,3
6233,83,79,4,4
6234,67,65,2,2
6235,102,102,0,0
6236,115,117,-2,2
6237,103,96,7,7
6238,99,98,1,1
6239,100,98,2,2
6240,148,128,20,20
6241,67,67,0,0
6242,131,127,4,4
6243,76,77,-1,1
6244,91,90,1,1
6245,110,85,25,25
6246,133,133,0,0
6247,77,94,-17,17
6248,151,154,-3,3
6249,130,137,-7,7
6250,80,86,-6,6
6251,86,90,-4,4
6252,117,126,-9,9
6253,72,71,1,1
6254,104,108,-4,4
6255,108,97,11,11
6256,103,105,-2,2
6257,57,61,-4,4
6258,30,38,-8,8
6259,70,70,0,0
6260,93,108,-15,15
6261,75,72,3,3
6262,46,49,-3,3
6263,169,141,28,28
6264,88,85,3,3
6265,71,78,-7,7
6266,97,100,-3,3
6267,133,124,9,9
6268,77,81,-4,4
6269,93,95,-2,2
6270,52,66,-14,14
6271,124,136,-12,12
6272,60,90,-30,30
6273,53,61,-8,8
6274,98,97,1,1
6275,105,90,15,15
6276,92,87,5,5
6277,106,99,7,7
6278,55,52,3,3
6279,94,96,-2,2
6280,94,85,9,9
6281,67,66,1,1
6282,109,98,11,11
6283,61,64,-3,3
6284,49,57,-8,8
6285,99,94,5,5
6286,109,100,9,9
6287,73,67,6,6
6288,107,104,3,3
6289,82,79,3,3
6290,122,116,6,6
6291,50,48,2,2
6292,102,96,6,6
6293,99,97,2,2
6294,40,40,0,0
6295,61,54,7,7
6296,94,98,-4,4
6297,55,60,-5,5
6298,66,63,3,3
6299,58,65,-7,7
6300,139,152,-13,13
6301,104,89,15,15
6302,74,73,1,1
6303,77,70,7,7
6304,77,70,7,7
6305,91,88,3,3
6306,74,72,2,2
6307,63,61,2,2
6308,56,57,-1,1
6309,103,113,-10,10
6310,83,87,-4,4
6311,69,77,-8,8
6312,165,151,14,14
6313,109,108,1,1
6314,93,79,14,14
6315,123,124,-1,1
6316,142,141,1,1
6317,71,64,7,7
6318,102,102,0,0
6319,81,83,-2,2
6320,178,159,19,19
6321,75,69,6,6
6322,68,71,-3,3
6323,135,126,9,9
6324,103,104,-1,1
6325,108,109,-1,1
6326,62,77,-15,15
6327,95,99,-4,4
6328,114,105,9,9
6329,120,118,2,2
6330,124,127,-3,3
6331,90,93,-3,3
6332,29,39,-10,10
6333,69,74,-5,5
6334,61,71,-10,10
6335,85,78,7,7
6336,83,93,-10,10
6337,122,113,9,9
6338,148,142,6,6
6339,108,98,10,10
6340,96,102,-6,6
6341,75,75,0,0
6342,101,111,-10,10
6343,81,76,5,5
6344,98,102,-4,4
6345,95,90,5,5
6346,100,95,5,5
6347,96,101,-5,5
6348,161,177,-16,16
6349,84,80,4,4
6350,55,51,4,4
6351,59,65,-6,6
6352,124,127,-3,3
6353,137,136,1,1
6354,118,114,4,4
6355,144,124,20,20
6356,182,175,7,7
6357,126,117,9,9
6358,127,115,12,12
6359,111,107,4,4
6360,92,90,2,2
6361,106,101,5,5
6362,74,78,-4,4
6363,68,83,-15,15
6364,108,116,-8,8
6365,95,88,7,7
6366,103,104,-1,1
6367,81,84,-3,3
6368,86,89,-3,3
6369,170,156,14,14
6370,50,50,0,0
6371,51,52,-1,1
6372,94,83,11,11
6373,146,157,-11,11
6374,74,77,-3,3
6375,100,93,7,7
6376,128,109,19,19
6377,74,66,8,8
6378,108,103,5,5
6379,77,82,-5,5
6380,63,70,-7,7
6381,50,45,5,5
6382,109,108,1,1
6383,52,56,-4,4
6384,68,73,-5,5
6385,90,100,-10,10
6386,80,88,-8,8
6387,55,64,-9,9
6388,103,92,11,11
6389,84,88,-4,4
6390,90,81,9,9
6391,66,75,-9,9
6392,167,163,4,4
6393,82,83,-1,1
6394,73,73,0,0
6395,86,92,-6,6
6396,71,77,-6,6
6397,80,85,-5,5
6398,92,89,3,3
6399,117,109,8,8
6400,51,66,-15,15
6401,94,97,-3,3
6402,84,82,2,2
6403,135,139,-4,4
6404,66,75,-9,9
6405,151,146,5,5
6406,92,93,-1,1
6407,102,101,1,1
6408,116,103,13,13
6409,50,59,-9,9
6410,88,92,-4,4
6411,119,115,4,4
6412,107,109,-2,2
6413,93,102,-9,9
6414,142,136,6,6
6415,52,51,1,1
6416,115,115,0,0
6417,52,55,-3,3
6418,56,52,4,4
6419,152,136,16,16
6420,83,73,10,10
6421,62,61,1,1
6422,64,74,-10,10
6423,119,110,9,9
6424,157,140,17,17
6425,51,57,-6,6
6426,118,119,-1,1
6427,58,68,-10,10
6428,94,88,6,6
6429,45,44,1,1
6430,120,111,9,9
6431,88,91,-3,3
6432,84,90,-6,6
6433,131,134,-3,3
6434,98,90,8,8
6435,50,49,1,1
6436,88,80,8,8
6437,101,114,-13,13
6438,78,72,6,6
6439,40,62,-22,22
6440,103,113,-10,10
6441,96,90,6,6
6442,83,82,1,1
6443,93,92,1,1
6444,82,72,10,10
6445,103,101,2,2
6446,41,62,-21,21
6447,39,49,-10,10
6448,60,52,8,8
6449,137,127,10,10
6450,46,44,2,2
6451,51,51,0,0
6452,82,86,-4,4
6453,131,120,11,11
6454,66,74,-8,8
6455,76,67,9,9
6456,204,190,14,14
6457,106,106,0,0
6458,72,69,3,3
6459,145,141,4,4
6460,80,76,4,4
6461,89,91,-2,2
6462,148,148,0,0
6463,141,126,15,15
6464,59,63,-4,4
6465,51,49,2,2
6466,88,84,4,4
6467,77,81,-4,4
6468,103,111,-8,8
6469,94,87,7,7
6470,92,81,11,11
6471,82,77,5,5
6472,89,97,-8,8
6473,72,76,-4,4
6474,135,129,6,6
6475,135,127,8,8
6476,85,82,3,3
6477,63,62,1,1
6478,173,167,6,6
6479,108,106,2,2
6480,141,120,21,21
6481,85,91,-6,6
6482,144,143,1,1
6483,66,64,2,2
6484,86,87,-1,1
6485,84,76,8,8
6486,107,99,8,8
6487,60,61,-1,1
6488,62,69,-7,7
6489,174,176,-2,2
6490,68,61,7,7
6491,74,80,-6,6
6492,67,67,0,0
6493,72,63,9,9
6494,117,107,10,10
6495,93,117,-24,24
6496,69,77,-8,8
6497,75,75,0,0
6498,84,84,0,0
6499,101,100,1,1
6500,78,78,0,0
6501,202,197,5,5
6502,97,106,-9,9
6503,79,77,2,2
6504,97,103,-6,6
6505,60,70,-10,10
6506,58,54,4,4
6507,113,123,-10,10
6508,63,66,-3,3
6509,79,79,0,0
6510,94,94,0,0
6511,129,127,2,2
6512,142,141,1,1
6513,96,93,3,3
6514,83,76,7,7
6515,137,129,8,8
6516,99,89,10,10
6517,92,94,-2,2
6518,92,99,-7,7
6519,69,64,5,5
6520,126,144,-18,18
6521,148,158,-10,10
6522,90,89,1,1
6523,94,88,6,6
6524,111,112,-1,1
6525,86,92,-6,6
6526,49,55,-6,6
6527,124,115,9,9
6528,107,110,-3,3
6529,129,129,0,0
6530,58,50,8,8
6531,70,71,-1,1
6532,70,75,-5,5
6533,91,85,6,6
6534,86,73,13,13
6535,102,105,-3,3
6536,83,84,-1,1
6537,119,121,-2,2
6538,76,75,1,1
6539,49,45,4,4
6540,94,81,13,13
6541,124,107,17,17
6542,65,62,3,3
6543,96,110,-14,14
6544,170,170,0,0
6545,68,76,-8,8
6546,28,32,-4,4
6547,135,138,-3,3
6548,151,128,23,23
6549,80,84,-4,4
6550,79,94,-15,15
6551,68,83,-15,15
6552,118,105,13,13
6553,73,73,0,0
6554,104,113,-9,9
6555,147,134,13,13
6556,91,106,-15,15
6557,147,126,21,21
6558,55,65,-10,10
6559,66,70,-4,4
6560,121,111,10,10
6561,70,70,0,0
6562,107,101,6,6
6563,153,154,-1,1
6564,124,123,1,1
6565,59,70,-11,11
6566,90,91,-1,1
6567,57,69,-12,12
6568,129,113,16,16
6569,98,102,-4,4
6570,152,144,8,8
6571,55,60,-5,5
6572,93,68,25,25
6573,61,59,2,2
6574,135,130,5,5
6575,72,67,5,5
6576,105,112,-7,7
6577,65,96,-31,31
6578,91,87,4,4
6579,117,112,5,5
6580,85,89,-4,4
6581,125,119,6,6
6582,57,65,-8,8
6583,151,138,13,13
6584,68,72,-4,4
6585,104,114,-10,10
6586,53,62,-9,9
6587,88,89,-1,1
6588,91,87,4,4
6589,184,153,31,31
6590,99,98,1,1
6591,189,171,18,18
6592,186,176,10,10
6593,125,114,11,11
6594,62,75,-13,13
6595,103,105,-2,2
6596,183,182,1,1
6597,62,55,7,7
6598,66,64,2,2
6599,73,69,4,4
6600,114,109,5,5
6601,123,127,-4,4
6602,108,93,15,15
6603,115,109,6,6
6604,124,117,7,7
6605,66,80,-14,14
6606,104,82,22,22
6607,75,77,-2,2
6608,108,113,-5,5
6609,81,79,2,2
6610,82,68,14,14
6611,80,71,9,9
6612,30,39,-9,9
6613,90,85,5,5
6614,62,64,-2,2
6615,86,80,6,6
6616,56,53,3,3
6617,95,96,-1,1
6618,100,104,-4,4
6619,102,97,5,5
6620,102,103,-1,1
6621,59,54,5,5
6622,152,137,15,15
6623,163,167,-4,4
6624,143,138,5,5
6625,162,161,1,1
6626,84,89,-5,5
6627,78,85,-7,7
6628,92,97,-5,5
6629,79,83,-4,4
6630,78,73,5,5
6631,120,108,12,12
6632,99,94,5,5
6633,103,94,9,9
6634,76,79,-3,3
6635,80,75,5,5
6636,66,64,2,2
6637,128,128,0,0
6638,85,77,8,8
6639,100,102,-2,2
6640,46,52,-6,6
6641,125,123,2,2
6642,111,116,-5,5
6643,119,116,3,3
6644,59,64,-5,5
6645,55,53,2,2
6646,158,152,6,6
6647,106,111,-5,5
6648,136,136,0,0
6649,108,102,6,6
6650,124,119,5,5
6651,106,107,-1,1
6652,92,81,11,11
6653,118,125,-7,7
6654,108,101,7,7
6655,114,106,8,8
6656,51,57,-6,6
6657,85,80,5,5
6658,61,86,-25,25
6659,74,69,5,5
6660,67,66,1,1
6661,108,102,6,6
6662,132,129,3,3
6663,78,68,10,10
6664,102,111,-9,9
6665,175,151,24,24
6666,140,138,2,2
6667,93,84,9,9
6668,75,81,-6,6
6669,98,94,4,4
6670,98,89,9,9
6671,119,109,10,10
6672,121,148,-27,27
6673,94,96,-2,2
6674,117,101,16,16
6675,108,113,-5,5
6676,87,108,-21,21
6677,100,94,6,6
6678,88,79,9,9
6679,86,67,19,19
6680,65,70,-5,5
6681,81,77,4,4
6682,89,87,2,2
6683,114,104,10,10
6684,108,108,0,0
6685,95,86,9,9
6686,100,101,-1,1
6687,98,99,-1,1
6688,88,87,1,1
6689,95,95,0,0
6690,92,93,-1,1
6691,161,156,5,5
6692,57,54,3,3
6693,89,88,1,1
6694,67,54,13,13
6695,101,104,-3,3
6696,102,109,-7,7
6697,84,84,0,0
6698,64,60,4,4
6699,127,127,0,0
6700,97,99,-2,2
6701,101,105,-4,4
6702,65,68,-3,3
6703,89,83,6,6
6704,70,66,4,4
6705,67,75,-8,8
6706,169,164,5,5
6707,59,69,-10,10
6708,163,149,14,14
6709,38,40,-2,2
6710,117,114,3,3
6711,53,52,1,1
6712,52,50,2,2
6713,120,121,-1,1
6714,80,69,11,11
6715,52,55,-3,3
6716,127,145,-18,18
6717,87,100,-13,13
6718,54,87,-33,33
6719,66,59,7,7
6720,98,90,8,8
6721,112,116,-4,4
6722,56,56,0,0
6723,114,109,5,5
6724,90,84,6,6
6725,87,86,1,1
6726,58,61,-3,3
6727,118,113,5,5
6728,96,101,-5,5
6729,102,110,-8,8
6730,84,89,-5,5
6731,111,105,6,6
6732,62,65,-3,3
6733,73,66,7,7
6734,69,67,2,2
6735,133,127,6,6
6736,87,82,5,5
6737,64,62,2,2
6738,85,89,-4,4
6739,103,96,7,7
6740,86,81,5,5
6741,68,67,1,1
6742,145,147,-2,2
6743,74,66,8,8
6744,91,99,-8,8
6745,102,93,9,9
6746,128,127,1,1
6747,104,109,-5,5
6748,110,121,-11,11
6749,56,55,1,1
6750,83,84,-1,1
6751,109,112,-3,3
6752,77,72,5,5
6753,164,145,19,19
6754,137,132,5,5
6755,134,122,12,12
6756,172,168,4,4
6757,116,114,2,2
6758,80,75,5,5
6759,50,52,-2,2
6760,168,153,15,15
6761,68,72,-4,4
6762,88,92,-4,4
6763,48,46,2,2
6764,60,55,5,5
6765,135,139,-4,4
6766,75,64,11,11
6767,187,181,6,6
6768,78,76,2,2
6769,117,100,17,17
6770,109,117,-8,8
6771,79,71,8,8
6772,80,82,-2,2
6773,72,73,-1,1
6774,105,105,0,0
6775,130,140,-10,10
6776,108,113,-5,5
6777,39,43,-4,4
6778,94,100,-6,6
6779,76,81,-5,5
6780,84,88,-4,4
6781,110,119,-9,9
6782,79,78,1,1
6783,129,111,18,18
6784,66,64,2,2
6785,73,76,-3,3
6786,90,82,8,8
6787,69,71,-2,2
6788,76,65,11,11
6789,96,109,-13,13
6790,113,106,7,7
6791,118,119,-1,1
6792,78,73,5,5
6793,92,85,7,7
6794,96,93,3,3
6795,111,120,-9,9
6796,143,151,-8,8
6797,101,96,5,5
6798,99,101,-2,2
6799,110,122,-12,12
6800,105,107,-2,2
6801,79,79,0,0
6802,80,91,-11,11
6803,54,52,2,2
6804,86,79,7,7
6805,66,70,-4,4
6806,96,90,6,6
6807,151,150,1,1
6808,78,98,-20,20
6809,82,92,-10,10
6810,93,86,7,7
6811,57,66,-9,9
6812,129,122,7,7
6813,89,86,3,3
6814,83,81,2,2
6815,72,81,-9,9
6816,85,88,-3,3
6817,58,59,-1,1
6818,69,69,0,0
6819,69,83,-14,14
6820,55,49,6,6
6821,114,102,12,12
6822,145,131,14,14
6823,81,90,-9,9
6824,41,53,-12,12
6825,88,102,-14,14
6826,108,113,-5,5
6827,104,102,2,2
6828,74,64,10,10
6829,111,108,3,3
6830,74,72,2,2
6831,82,80,2,2
6832,129,124,5,5
6833,75,81,-6,6
6834,137,126,11,11
6835,135,133,2,2
6836,93,83,10,10
6837,73,85,-12,12
6838,125,126,-1,1
6839,110,121,-11,11
6840,147,160,-13,13
6841,86,93,-7,7
6842,96,89,7,7
6843,104,103,1,1
6844,110,116,-6,6
6845,80,79,1,1
6846,66,71,-5,5
6847,168,167,1,1
6848,123,134,-11,11
6849,138,141,-3,3
6850,66,65,1,1
6851,66,62,4,4
6852,143,130,13,13
6853,88,76,12,12
6854,76,83,-7,7
6855,143,150,-7,7
6856,108,98,10,10
6857,74,74,0,0
6858,76,72,4,4
6859,59,63,-4,4
6860,87,84,3,3
6861,113,107,6,6
6862,57,60,-3,3
6863,56,67,-11,11
6864,102,92,10,10
6865,74,78,-4,4
6866,89,89,0,0
6867,75,82,-7,7
6868,128,129,-1,1
6869,106,115,-9,9
6870,92,85,7,7
6871,138,144,-6,6
6872,75,72,3,3
6873,103,104,-1,1
6874,120,109,11,11
6875,136,127,9,9
6876,72,76,-4,4
6877,128,131,-3,3
6878,128,126,2,2
6879,150,147,3,3
6880,86,80,6,6
6881,85,80,5,5
6882,62,60,2,2
6883,76,78,-2,2
6884,123,122,1,1
6885,64,66,-2,2
6886,116,119,-3,3
6887,62,66,-4,4
6888,81,77,4,4
6889,118,111,7,7
6890,117,116,1,1
6891,123,110,13,13
6892,144,131,13,13
6893,109,109,0,0
6894,79,75,4,4
6895,97,104,-7,7
6896,87,86,1,1
6897,55,53,2,2
6898,65,69,-4,4
6899,103,102,1,1
6900,90,79,11,11
6901,87,80,7,7
6902,43,47,-4,4
6903,92,89,3,3
6904,147,148,-1,1
6905,106,103,3,3
6906,68,74,-6,6
6907,71,67,4,4
6908,97,96,1,1
6909,93,92,1,1
6910,69,86,-17,17
6911,92,93,-1,1
6912,77,85,-8,8
6913,132,128,4,4
6914,87,89,-2,2
6915,118,111,7,7
6916,58,58,0,0
6917,43,42,1,1
6918,80,89,-9,9
6919,118,107,11,11
6920,107,119,-12,12
6921,132,129,3,3
6922,86,88,-2,2
6923,114,107,7,7
6924,85,81,4,4
6925,66,72,-6,6
6926,65,62,3,3
6927,84,88,-4,4
6928,122,122,0,0
6929,74,79,-5,5
6930,154,160,-6,6
6931,93,92,1,1
6932,40,69,-29,29
6933,88,78,10,10
6934,84,89,-5,5
6935,67,65,2,2
6936,113,119,-6,6
6937,110,108,2,2
6938,217,195,22,22
6939,99,105,-6,6
6940,107,113,-6,6
6941,120,119,1,1
6942,116,108,8,8
6943,70,80,-10,10
6944,86,85,1,1
6945,89,93,-4,4
6946,75,71,4,4
6947,72,69,3,3
6948,75,76,-1,1
6949,55,62,-7,7
6950,196,198,-2,2
6951,114,108,6,6
6952,142,85,57,57
6953,76,76,0,0
6954,71,64,7,7
6955,80,88,-8,8
6956,81,81,0,0
6957,106,97,9,9
6958,126,123,3,3
6959,114,118,-4,4
6960,90,89,1,1
6961,134,129,5,5
6962,112,110,2,2
6963,86,85,1,1
6964,109,118,-9,9
6965,98,109,-11,11
6966,123,124,-1,1
6967,48,46,2,2
6968,89,86,3,3
6969,141,142,-1,1
6970,122,121,1,1
6971,65,78,-13,13
6972,163,155,8,8
6973,106,105,1,1
6974,145,148,-3,3
6975,65,61,4,4
6976,111,92,19,19
6977,110,111,-1,1
6978,40,41,-1,1
6979,77,79,-2,2
6980,81,80,1,1
6981,136,131,5,5
6982,124,131,-7,7
6983,107,108,-1,1
6984,83,82,1,1
6985,137,129,8,8
6986,93,94,-1,1
6987,95,93,2,2
6988,82,90,-8,8
6989,91,90,1,1
6990,139,124,15,15
6991,49,47,2,2
6992,36,39,-3,3
6993,76,65,11,11
6994,57,60,-3,3
6995,128,133,-5,5
6996,77,96,-19,19
6997,86,91,-5,5
6998,144,141,3,3
6999,72,72,0,0
7000,48,50,-2,2
7001,86,79,7,7
7002,96,90,6,6
7003,67,69,-2,2
7004,65,68,-3,3
7005,132,118,14,14
7006,128,121,7,7
7007,115,112,3,3
7008,109,112,-3,3
7009,63,66,-3,3
7010,55,62,-7,7
7011,119,104,15,15
7012,70,62,8,8
7013,125,112,13,13
7014,146,138,8,8
7015,84,87,-3,3
7016,120,124,-4,4
7017,83,86,-3,3
7018,68,67,1,1
7019,106,100,6,6
7020,147,125,22,22
7021,81,78,3,3
7022,87,92,-5,5
7023,86,80,6,6
7024,67,73,-6,6
7025,100,93,7,7
7026,81,84,-3,3
7027,70,78,-8,8
7028,94,84,10,10
7029,123,114,9,9
7030,121,115,6,6
7031,71,74,-3,3
7032,73,69,4,4
7033,79,76,3,3
7034,98,104,-6,6
7035,147,121,26,26
7036,86,75,11,11
7037,83,74,9,9
7038,117,114,3,3
7039,93,96,-3,3
7040,44,48,-4,4
7041,68,71,-3,3
7042,74,75,-1,1
7043,76,95,-19,19
7044,96,88,8,8
7045,80,70,10,10
7046,73,81,-8,8
7047,93,86,7,7
7048,48,52,-4,4
7049,85,83,2,2
7050,140,138,2,2
7051,81,81,0,0
7052,57,60,-3,3
7053,93,86,7,7
7054,119,120,-1,1
7055,129,139,-10,10
7056,88,83,5,5
7057,101,95,6,6
7058,91,89,2,2
7059,59,59,0,0
7060,109,120,-11,11
7061,89,82,7,7
7062,101,89,12,12
7063,116,109,7,7
7064,86,88,-2,2
7065,113,109,4,4
7066,101,93,8,8
7067,110,114,-4,4
7068,115,141,-26,26
7069,137,145,-8,8
7070,64,76,-12,12
7071,133,120,13,13
7072,80,88,-8,8
7073,61,62,-1,1
7074,116,120,-4,4
7075,154,148,6,6
7076,69,67,2,2
7077,123,124,-1,1
7078,63,68,-5,5
7079,99,118,-19,19
7080,52,49,3,3
7081,86,81,5,5
7082,79,75,4,4
7083,97,105,-8,8
7084,68,68,0,0
7085,79,87,-8,8
7086,82,73,9,9
7087,66,61,5,5
7088,28,29,-1,1
7089,54,65,-11,11
7090,76,73,3,3
7091,74,85,-11,11
7092,97,99,-2,2
7093,82,80,2,2
7094,103,105,-2,2
7095,61,51,10,10
7096,69,60,9,9
7097,60,64,-4,4
7098,61,92,-31,31
7099,100,106,-6,6
7100,100,102,-2,2
7101,129,117,12,12
7102,184,168,16,16
7103,119,120,-1,1
7104,91,82,9,9
7105,99,108,-9,9
7106,100,97,3,3
7107,58,64,-6,6
7108,70,72,-2,2
7109,76,88,-12,12
7110,77,77,0,0
7111,70,63,7,7
7112,116,111,5,5
7113,149,146,3,3
7114,124,128,-4,4
7115,139,111,28,28
7116,142,156,-14,14
7117,77,80,-3,3
7118,96,87,9,9
7119,215,189,26,26
7120,70,71,-1,1
7121,118,118,0,0
7122,89,88,1,1
7123,106,94,12,12
7124,117,117,0,0
7125,60,61,-1,1
7126,67,69,-2,2
7127,149,153,-4,4
7128,364,392,-28,28
7129,110,106,4,4
7130,106,95,11,11
7131,161,164,-3,3
7132,119,134,-15,15
7133,113,144,-31,31
7134,100,101,-1,1
7135,51,55,-4,4
7136,121,119,2,2
7137,108,108,0,0
7138,107,107,0,0
7139,62,61,1,1
7140,84,87,-3,3
7141,93,81,12,12
7142,143,142,1,1
7143,136,129,7,7
7144,53,60,-7,7
7145,97,103,-6,6
7146,139,145,-6,6
7147,126,134,-8,8
7148,46,53,-7,7
7149,172,176,-4,4
7150,101,102,-1,1
7151,89,87,2,2
7152,118,114,4,4
7153,71,73,-2,2
7154,120,123,-3,3
7155,77,80,-3,3
7156,145,134,11,11
7157,45,42,3,3
7158,80,80,0,0
7159,58,66,-8,8
7160,117,108,9,9
7161,91,91,0,0
7162,192,184,8,8
7163,68,66,2,2
7164,71,62,9,9
7165,82,80,2,2
7166,84,83,1,1
7167,70,78,-8,8
7168,47,52,-5,5
7169,95,86,9,9
7170,59,64,-5,5
7171,154,144,10,10
7172,131,123,8,8
7173,98,99,-1,1
7174,38,45,-7,7
7175,86,93,-7,7
7176,55,55,0,0
7177,40,45,-5,5
7178,119,114,5,5
7179,247,219,28,28
7180,96,98,-2,2
7181,69,74,-5,5
7182,87,95,-8,8
7183,93,97,-4,4
7184,84,81,3,3
7185,127,134,-7,7
7186,106,103,3,3
7187,62,60,2,2
7188,84,89,-5,5
7189,48,51,-3,3
7190,116,125,-9,9
7191,83,82,1,1
7192,123,125,-2,2
7193,97,87,10,10
7194,119,109,10,10
7195,113,117,-4,4
7196,70,73,-3,3
7197,123,129,-6,6
7198,86,83,3,3
7199,49,52,-3,3
7200,113,111,2,2
7201,100,99,1,1
7202,131,129,2,2
7203,93,90,3,3
7204,92,86,6,6
7205,73,73,0,0
7206,61,60,1,1
7207,72,67,5,5
7208,91,87,4,4
7209,86,85,1,1
7210,82,78,4,4
7211,179,178,1,1
7212,121,108,13,13
7213,58,59,-1,1
7214,83,72,11,11
7215,100,81,19,19
7216,84,78,6,6
7217,76,72,4,4
7218,83,72,11,11
7219,81,79,2,2
7220,119,120,-1,1
7221,160,153,7,7
7222,97,101,-4,4
7223,143,162,-19,19
7224,49,64,-15,15
7225,188,167,21,21
7226,79,83,-4,4
7227,62,65,-3,3
7228,71,64,7,7
7229,114,127,-13,13
7230,167,173,-6,6
7231,100,93,7,7
7232,90,83,7,7
7233,106,111,-5,5
7234,129,132,-3,3
7235,81,77,4,4
7236,52,53,-1,1
7237,86,81,5,5
7238,92,107,-15,15
7239,59,63,-4,4
7240,98,103,-5,5
7241,94,90,4,4
7242,173,168,5,5
7243,82,91,-9,9
7244,121,113,8,8
7245,84,72,12,12
7246,44,41,3,3
7247,88,98,-10,10
7248,91,86,5,5
7249,97,91,6,6
7250,46,48,-2,2
7251,114,105,9,9
7252,108,101,7,7
7253,66,61,5,5
7254,71,70,1,1
7255,76,74,2,2
7256,159,157,2,2
7257,39,65,-26,26
7258,47,52,-5,5
7259,142,121,21,21
7260,124,134,-10,10
7261,109,110,-1,1
7262,110,113,-3,3
7263,59,53,6,6
7264,107,96,11,11
7265,59,59,0,0
7266,93,95,-2,2
7267,96,102,-6,6
7268,40,62,-22,22
7269,124,121,3,3
7270,90,74,16,16
7271,52,59,-7,7
7272,95,89,6,6
7273,81,89,-8,8
7274,171,157,14,14
7275,78,68,10,10
7276,97,84,13,13
7277,82,90,-8,8
7278,93,90,3,3
7279,106,111,-5,5
7280,129,119,10,10
7281,110,121,-11,11
7282,28,53,-25,25
7283,152,157,-5,5
7284,113,100,13,13
7285,62,59,3,3
7286,51,50,1,1
7287,167,171,-4,4
7288,60,51,9,9
7289,176,170,6,6
7290,139,140,-1,1
7291,193,191,2,2
7292,78,79,-1,1
7293,76,74,2,2
7294,80,76,4,4
7295,86,102,-16,16
7296,102,96,6,6
7297,51,48,3,3
7298,32,39,-7,7
7299,133,118,15,15
7300,160,150,10,10
7301,75,77,-2,2
7302,84,76,8,8
7303,85,85,0,0
7304,89,91,-2,2
7305,69,63,6,6
7306,113,114,-1,1
7307,69,65,4,4
7308,76,78,-2,2
7309,56,77,-21,21
7310,86,77,9,9
7311,92,97,-5,5
7312,54,54,0,0
7313,100,91,9,9
7314,37,60,-23,23
7315,140,137,3,3
7316,57,73,-16,16
7317,83,86,-3,3
7318,75,66,9,9
7319,59,55,4,4
7320,99,120,-21,21
7321,108,104,4,4
7322,93,98,-5,5
7323,78,84,-6,6
7324,166,168,-2,2
7325,81,81,0,0
7326,80,79,1,1
7327,166,143,23,23
7328,56,54,2,2
7329,108,108,0,0
7330,88,87,1,1
7331,124,134,-10,10
7332,71,75,-4,4
7333,111,99,12,12
7334,77,87,-10,10
7335,84,80,4,4
7336,85,86,-1,1
7337,103,91,12,12
7338,67,77,-10,10
7339,128,120,8,8
7340,54,51,3,3
7341,98,94,4,4
7342,115,132,-17,17
7343,80,74,6,6
7344,66,60,6,6
7345,84,80,4,4
7346,179,175,4,4
7347,70,76,-6,6
7348,93,97,-4,4
7349,139,156,-17,17
7350,136,125,11,11
7351,173,173,0,0
7352,112,104,8,8
7353,76,82,-6,6
7354,112,119,-7,7
7355,118,131,-13,13
7356,109,100,9,9
7357,101,108,-7,7
7358,105,95,10,10
7359,67,71,-4,4
7360,131,123,8,8
7361,41,53,-12,12
7362,49,46,3,3
7363,113,113,0,0
7364,137,139,-2,2
7365,96,101,-5,5
7366,68,69,-1,1
7367,110,122,-12,12
7368,70,72,-2,2
7369,155,164,-9,9
7370,58,51,7,7
7371,140,152,-12,12
7372,119,123,-4,4
7373,67,71,-4,4
7374,79,80,-1,1
7375,68,67,1,1
7376,62,61,1,1
7377,48,52,-4,4
7378,104,106,-2,2
7379,67,73,-6,6
7380,63,70,-7,7
7381,70,67,3,3
7382,83,89,-6,6
7383,66,68,-2,2
7384,67,79,-12,12
7385,54,54,0,0
7386,144,148,-4,4
7387,68,68,0,0
7388,76,78,-2,2
7389,62,59,3,3
7390,147,136,11,11
7391,80,100,-20,20
7392,53,58,-5,5
7393,73,69,4,4
7394,74,69,5,5
7395,63,66,-3,3
7396,111,113,-2,2
7397,199,181,18,18
7398,90,87,3,3
7399,65,68,-3,3
7400,68,61,7,7
7401,81,83,-2,2
7402,95,92,3,3
7403,83,86,-3,3
7404,99,85,14,14
7405,64,69,-5,5
7406,70,76,-6,6
7407,62,54,8,8
7408,60,62,-2,2
7409,84,86,-2,2
7410,63,63,0,0
7411,91,94,-3,3
7412,53,68,-15,15
7413,114,107,7,7
7414,102,99,3,3
7415,80,65,15,15
7416,85,93,-8,8
7417,112,118,-6,6
7418,86,85,1,1
7419,61,65,-4,4
7420,118,111,7,7
7421,108,89,19,19
7422,179,161,18,18
7423,87,89,-2,2
7424,185,171,14,14
7425,91,89,2,2
7426,73,78,-5,5
7427,63,51,12,12
7428,159,146,13,13
7429,146,146,0,0
7430,75,82,-7,7
7431,73,77,-4,4
7432,107,98,9,9
7433,93,88,5,5
7434,89,97,-8,8
7435,82,97,-15,15
7436,79,76,3,3
7437,50,54,-4,4
7438,69,72,-3,3
7439,89,93,-4,4
7440,145,150,-5,5
7441,84,91,-7,7
7442,115,123,-8,8
7443,103,116,-13,13
7444,90,98,-8,8
7445,57,52,5,5
7446,118,106,12,12
7447,99,102,-3,3
7448,124,114,10,10
7449,102,114,-12,12
7450,97,95,2,2
7451,64,64,0,0
7452,78,68,10,10
7453,121,123,-2,2
7454,163,154,9,9
7455,63,60,3,3
7456,53,60,-7,7
7457,71,70,1,1
7458,79,80,-1,1
7459,102,105,-3,3
7460,130,125,5,5
7461,114,110,4,4
7462,118,125,-7,7
7463,93,95,-2,2
7464,78,67,11,11
7465,87,89,-2,2
7466,107,97,10,10
7467,105,100,5,5
7468,135,132,3,3
7469,64,62,2,2
7470,80,76,4,4
7471,79,87,-8,8
7472,156,159,-3,3
7473,123,129,-6,6
7474,81,91,-10,10
7475,91,94,-3,3
7476,184,167,17,17
7477,62,69,-7,7
7478,76,83,-7,7
7479,112,109,3,3
7480,60,67,-7,7
7481,103,96,7,7
7482,83,84,-1,1
7483,69,70,-1,1
7484,206,196,10,10
7485,78,80,-2,2
7486,82,74,8,8
7487,81,85,-4,4
7488,39,40,-1,1
7489,109,109,0,0
7490,32,61,-29,29
7491,65,71,-6,6
7492,88,84,4,4
7493,94,98,-4,4
7494,87,90,-3,3
7495,74,69,5,5
7496,88,83,5,5
7497,103,109,-6,6
7498,72,65,7,7
7499,83,87,-4,4
7500,197,208,-11,11
7501,41,44,-3,3
7502,76,76,0,0
7503,129,120,9,9
7504,40,63,-23,23
7505,136,142,-6,6
7506,62,59,3,3
7507,66,66,0,0
7508,106,120,-14,14
7509,62,62,0,0
7510,109,102,7,7
7511,136,125,11,11
7512,100,94,6,6
7513,160,154,6,6
7514,105,104,1,1
7515,122,115,7,7
7516,98,101,-3,3
7517,78,71,7,7
7518,75,77,-2,2
7519,67,68,-1,1
7520,56,59,-3,3
7521,60,56,4,4
7522,38,39,-1,1
7523,53,55,-2,2
7524,57,70,-13,13
7525,113,111,2,2
7526,83,78,5,5
7527,81,70,11,11
7528,136,141,-5,5
7529,78,74,4,4
7530,89,85,4,4
7531,86,87,-1,1
7532,68,75,-7,7
7533,156,157,-1,1
7534,85,82,3,3
7535,126,129,-3,3
7536,57,67,-10,10
7537,114,114,0,0
7538,113,103,10,10
7539,75,82,-7,7
7540,130,125,5,5
7541,79,65,14,14
7542,112,106,6,6
7543,120,122,-2,2
7544,76,77,-1,1
7545,86,82,4,4
7546,60,56,4,4
7547,52,59,-7,7
7548,80,71,9,9
7549,136,127,9,9
7550,71,75,-4,4
7551,152,155,-3,3
7552,59,67,-8,8
7553,88,82,6,6
7554,71,66,5,5
7555,71,63,8,8
7556,88,95,-7,7
7557,44,50,-6,6
7558,95,101,-6,6
7559,99,94,5,5
7560,74,85,-11,11
7561,148,137,11,11
7562,74,71,3,3
7563,103,87,16,16
7564,70,65,5,5
7565,128,117,11,11
7566,70,68,2,2
7567,69,73,-4,4
7568,95,74,21,21
7569,125,125,0,0
7570,87,94,-7,7
7571,130,129,1,1
7572,105,118,-13,13
7573,96,86,10,10
7574,90,90,0,0
7575,52,50,2,2
7576,77,93,-16,16
7577,143,139,4,4
7578,97,108,-11,11
7579,81,82,-1,1
7580,55,49,6,6
7581,122,135,-13,13
7582,59,62,-3,3
7583,106,102,4,4
7584,146,136,10,10
7585,62,61,1,1
7586,122,119,3,3
7587,166,158,8,8
7588,76,72,4,4
7589,82,84,-2,2
7590,114,110,4,4
7591,113,123,-10,10
7592,94,92,2,2
7593,113,114,-1,1
7594,79,80,-1,1
7595,106,104,2,2
7596,123,123,0,0
7597,118,111,7,7
7598,80,74,6,6
7599,94,93,1,1
7600,89,81,8,8
7601,64,55,9,9
7602,113,114,-1,1
7603,137,133,4,4
7604,53,105,-52,52
7605,133,133,0,0
7606,65,80,-15,15
7607,78,84,-6,6
7608,40,44,-4,4
7609,60,63,-3,3
7610,52,52,0,0
7611,136,133,3,3
7612,155,155,0,0
7613,94,100,-6,6
7614,75,79,-4,4
7615,36,42,-6,6
7616,132,123,9,9
7617,117,111,6,6
7618,136,148,-12,12
7619,141,126,15,15
7620,65,66,-1,1
7621,96,80,16,16
7622,68,71,-3,3
7623,144,127,17,17
7624,148,147,1,1
7625,117,118,-1,1
7626,60,70,-10,10
7627,98,98,0,0
7628,114,109,5,5
7629,139,121,18,18
7630,109,100,9,9
7631,69,79,-10,10
7632,105,98,7,7
7633,116,108,8,8
7634,72,66,6,6
7635,74,75,-1,1
7636,102,105,-3,3
7637,62,50,12,12
7638,36,36,0,0
7639,94,89,5,5
7640,78,80,-2,2
7641,150,139,11,11
7642,81,79,2,2
7643,154,158,-4,4
7644,115,119,-4,4
7645,44,53,-9,9
7646,88,91,-3,3
7647,80,78,2,2
7648,75,71,4,4
7649,58,52,6,6
7650,124,123,1,1
7651,90,88,2,2
7652,117,107,10,10
7653,93,87,6,6
7654,133,132,1,1
7655,71,62,9,9
7656,82,85,-3,3
7657,66,68,-2,2
7658,69,71,-2,2
7659,112,105,7,7
7660,114,105,9,9
7661,81,68,13,13
7662,110,114,-4,4
7663,76,70,6,6
7664,97,101,-4,4
7665,83,83,0,0
7666,73,71,2,2
7667,109,108,1,1
7668,67,66,1,1
7669,101,107,-6,6
7670,74,69,5,5
7671,122,119,3,3
7672,51,61,-10,10
7673,80,89,-9,9
7674,118,115,3,3
7675,87,81,6,6
7676,84,77,7,7
7677,135,127,8,8
7678,51,100,-49,49
7679,121,108,13,13
7680,60,59,1,1
7681,150,147,3,3
7682,41,45,-4,4
7683,55,52,3,3
7684,149,134,15,15
7685,136,136,0,0
7686,121,101,20,20
7687,121,119,2,2
7688,50,61,-11,11
7689,61,54,7,7
7690,129,123,6,6
7691,83,96,-13,13
7692,83,97,-14,14
7693,77,72,5,5
7694,110,98,12,12
7695,110,94,16,16
7696,108,116,-8,8
7697,95,101,-6,6
7698,91,85,6,6
7699,99,92,7,7
7700,105,106,-1,1
7701,104,130,-26,26
7702,82,79,3,3
7703,68,67,1,1
7704,77,77,0,0
7705,103,98,5,5
7706,87,86,1,1
7707,55,50,5,5
7708,94,92,2,2
7709,67,64,3,3
7710,75,89,-14,14
7711,137,139,-2,2
7712,69,72,-3,3
7713,67,64,3,3
7714,77,89,-12,12
7715,68,68,0,0
7716,117,113,4,4
7717,109,115,-6,6
7718,164,150,14,14
7719,102,121,-19,19
7720,77,85,-8,8
7721,71,93,-22,22
7722,71,75,-4,4
7723,146,130,16,16
7724,40,39,1,1
7725,121,113,8,8
7726,86,78,8,8
7727,99,98,1,1
7728,68,75,-7,7
7729,89,74,15,15
7730,71,77,-6,6
7731,72,69,3,3
7732,49,48,1,1
7733,155,124,31,31
7734,145,151,-6,6
7735,102,107,-5,5
7736,131,127,4,4
7737,101,82,19,19
7738,61,65,-4,4
7739,108,113,-5,5
7740,62,66,-4,4
7741,93,87,6,6
7742,84,79,5,5
7743,56,98,-42,42
7744,143,136,7,7
7745,145,139,6,6
7746,103,99,4,4
7747,88,89,-1,1
7748,96,94,2,2
7749,63,62,1,1
7750,88,94,-6,6
7751,50,64,-14,14
7752,106,108,-2,2
7753,89,75,14,14
7754,101,110,-9,9
7755,134,125,9,9
7756,91,86,5,5
7757,134,142,-8,8
7758,79,83,-4,4
7759,161,155,6,6
7760,127,128,-1,1
7761,88,90,-2,2
7762,61,67,-6,6
7763,60,73,-13,13
7764,102,94,8,8
7765,140,145,-5,5
7766,69,70,-1,1
7767,101,111,-10,10
7768,175,174,1,1
7769,129,143,-14,14
7770,115,115,0,0
7771,88,101,-13,13
7772,79,79,0,0
7773,102,105,-3,3
7774,43,46,-3,3
7775,97,95,2,2
7776,132,140,-8,8
7777,58,61,-3,3
7778,89,95,-6,6
7779,90,95,-5,5
7780,98,107,-9,9
7781,102,103,-1,1
7782,88,87,1,1
7783,106,101,5,5
7784,99,92,7,7
7785,151,144,7,7
7786,111,96,15,15
7787,65,65,0,0
7788,71,73,-2,2
7789,79,94,-15,15
7790,65,64,1,1
7791,136,128,8,8
7792,151,157,-6,6
7793,108,107,1,1
7794,121,111,10,10
7795,54,63,-9,9
7796,96,103,-7,7
7797,98,90,8,8
7798,62,67,-5,5
7799,78,82,-4,4
7800,97,98,-1,1
7801,80,75,5,5
7802,65,69,-4,4
7803,74,77,-3,3
7804,118,119,-1,1
7805,109,98,11,11
7806,99,99,0,0
7807,78,87,-9,9
7808,59,70,-11,11
7809,84,94,-10,10
7810,108,111,-3,3
7811,89,93,-4,4
7812,119,105,14,14
7813,182,168,14,14
7814,133,114,19,19
7815,90,97,-7,7
7816,144,158,-14,14
7817,109,108,1,1
7818,154,144,10,10
7819,54,46,8,8
7820,59,61,-2,2
7821,120,118,2,2
7822,113,123,-10,10
7823,90,82,8,8
7824,119,109,10,10
7825,72,73,-1,1
7826,173,168,5,5
7827,252,228,24,24
7828,123,136,-13,13
7829,178,173,5,5
7830,207,191,16,16
7831,86,92,-6,6
7832,61,59,2,2
7833,82,88,-6,6
7834,77,78,-1,1
7835,90,87,3,3
7836,85,105,-20,20
7837,133,146,-13,13
7838,67,70,-3,3
7839,71,80,-9,9
7840,118,127,-9,9
7841,168,168,0,0
7842,101,102,-1,1
7843,126,118,8,8
7844,127,126,1,1
7845,197,186,11,11
7846,67,69,-2,2
7847,59,56,3,3
7848,139,135,4,4
7849,84,86,-2,2
7850,75,75,0,0
7851,124,124,0,0
7852,61,63,-2,2
7853,78,75,3,3
7854,102,91,11,11
7855,50,44,6,6
7856,72,82,-10,10
7857,98,108,-10,10
7858,109,101,8,8
7859,97,89,8,8
7860,79,79,0,0
7861,73,71,2,2
7862,114,104,10,10
7863,118,114,4,4
7864,101,105,-4,4
7865,103,101,2,2
7866,49,51,-2,2
7867,49,53,-4,4
7868,37,46,-9,9
7869,121,120,1,1
7870,69,72,-3,3
7871,126,129,-3,3
7872,91,89,2,2
7873,119,115,4,4
7874,105,102,3,3
7875,129,127,2,2
7876,83,77,6,6
7877,99,98,1,1
7878,106,112,-6,6
7879,67,62,5,5
7880,132,135,-3,3
7881,110,96,14,14
7882,72,67,5,5
7883,126,124,2,2
7884,129,145,-16,16
7885,74,71,3,3
7886,131,132,-1,1
7887,97,100,-3,3
7888,118,124,-6,6
7889,124,121,3,3
7890,66,71,-5,5
7891,99,108,-9,9
7892,93,89,4,4
7893,169,169,0,0
7894,109,118,-9,9
7895,194,180,14,14
7896,131,124,7,7
7897,67,67,0,0
7898,102,104,-2,2
7899,126,123,3,3
7900,166,172,-6,6
7901,52,61,-9,9
7902,129,143,-14,14
7903,175,170,5,5
7904,77,68,9,9
7905,52,48,4,4
7906,73,64,9,9
7907,97,99,-2,2
7908,49,52,-3,3
7909,112,110,2,2
7910,108,118,-10,10
7911,91,82,9,9
7912,84,107,-23,23
7913,35,45,-10,10
7914,182,187,-5,5
7915,61,64,-3,3
7916,61,62,-1,1
7917,79,77,2,2
7918,55,55,0,0
7919,64,67,-3,3
7920,142,135,7,7
7921,66,66,0,0
7922,74,83,-9,9
7923,150,142,8,8
7924,99,96,3,3
7925,106,112,-6,6
7926,72,80,-8,8
7927,121,117,4,4
7928,114,114,0,0
7929,75,70,5,5
7930,65,72,-7,7
7931,116,119,-3,3
7932,99,96,3,3
7933,199,199,0,0
7934,60,61,-1,1
7935,67,62,5,5
7936,81,79,2,2
7937,178,136,42,42
7938,70,79,-9,9
7939,131,121,10,10
7940,149,138,11,11
7941,70,68,2,2
7942,97,106,-9,9
7943,104,91,13,13
7944,73,74,-1,1
7945,74,81,-7,7
7946,87,97,-10,10
7947,112,111,1,1
7948,126,117,9,9
7949,86,103,-17,17
7950,134,131,3,3
7951,117,99,18,18
7952,61,61,0,0
7953,71,80,-9,9
7954,80,92,-12,12
7955,63,62,1,1
7956,70,64,6,6
7957,63,74,-11,11
7958,46,52,-6,6
7959,59,61,-2,2
7960,89,92,-3,3
7961,134,130,4,4
7962,113,112,1,1
7963,73,86,-13,13
7964,122,115,7,7
7965,59,61,-2,2
7966,142,151,-9,9
7967,175,174,1,1
7968,61,55,6,6
7969,142,157,-15,15
7970,68,56,12,12
7971,51,53,-2,2
7972,94,100,-6,6
7973,104,94,10,10
7974,85,83,2,2
7975,155,159,-4,4
7976,157,169,-12,12
7977,115,113,2,2
7978,94,97,-3,3
7979,86,94,-8,8
7980,115,120,-5,5
7981,85,84,1,1
7982,106,102,4,4
7983,64,60,4,4
7984,38,77,-39,39
7985,51,52,-1,1
7986,106,108,-2,2
7987,101,108,-7,7
7988,46,50,-4,4
7989,85,75,10,10
7990,104,102,2,2
7991,95,101,-6,6
7992,130,123,7,7
7993,151,146,5,5
7994,57,59,-2,2
7995,93,96,-3,3
7996,69,64,5,5
7997,39,35,4,4
7998,76,83,-7,7
7999,84,75,9,9
8000,41,42,-1,1
8001,45,52,-7,7
8002,68,68,0,0
8003,82,82,0,0
8004,68,71,-3,3
8005,73,67,6,6
8006,49,70,-21,21
8007,93,90,3,3
8008,75,71,4,4
8009,85,77,8,8
8010,103,102,1,1
8011,129,127,2,2
8012,116,116,0,0
8013,77,79,-2,2
8014,83,82,1,1
8015,104,98,6,6
8016,124,110,14,14
8017,89,90,-1,1
8018,88,101,-13,13
8019,49,63,-14,14
8020,104,109,-5,5
8021,107,106,1,1
8022,125,126,-1,1
8023,57,61,-4,4
8024,104,98,6,6
8025,51,74,-23,23
8026,86,79,7,7
8027,96,102,-6,6
8028,190,186,4,4
8029,84,87,-3,3
8030,105,103,2,2
8031,94,95,-1,1
8032,74,70,4,4
8033,100,92,8,8
8034,126,119,7,7
8035,73,71,2,2
8036,83,87,-4,4
8037,141,131,10,10
8038,124,126,-2,2
8039,79,80,-1,1
8040,135,130,5,5
8041,81,69,12,12
8042,137,139,-2,2
8043,75,75,0,0
8044,54,64,-10,10
8045,102,100,2,2
8046,157,141,16,16
8047,93,92,1,1
8048,155,143,12,12
8049,71,66,5,5
8050,109,103,6,6
8051,60,64,-4,4
8052,57,74,-17,17
8053,113,113,0,0
8054,130,132,-2,2
8055,71,81,-10,10
8056,92,91,1,1
8057,148,129,19,19
8058,117,104,13,13
8059,68,66,2,2
8060,161,148,13,13
8061,85,83,2,2
8062,65,61,4,4
8063,43,45,-2,2
8064,102,100,2,2
8065,69,61,8,8
8066,185,184,1,1
8067,133,137,-4,4
8068,104,106,-2,2
8069,105,105,0,0
8070,120,118,2,2
8071,85,80,5,5
8072,73,62,11,11
8073,158,166,-8,8
8074,76,73,3,3
8075,87,70,17,17
8076,148,131,17,17
8077,85,88,-3,3
8078,98,84,14,14
8079,66,71,-5,5
8080,100,98,2,2
8081,110,113,-3,3
8082,86,90,-4,4
8083,119,124,-5,5
8084,75,69,6,6
8085,110,128,-18,18
8086,69,74,-5,5
8087,127,111,16,16
8088,98,93,5,5
8089,116,126,-10,10
8090,65,66,-1,1
8091,94,92,2,2
8092,58,55,3,3
8093,68,80,-12,12
8094,118,110,8,8
8095,27,39,-12,12
8096,74,70,4,4
8097,81,86,-5,5
8098,98,90,8,8
8099,56,51,5,5
8100,101,100,1,1
8101,128,120,8,8
8102,104,108,-4,4
8103,69,68,1,1
8104,130,111,19,19
8105,121,122,-1,1
8106,42,81,-39,39
8107,89,97,-8,8
8108,71,62,9,9
8109,129,117,12,12
8110,59,67,-8,8
8111,101,105,-4,4
8112,102,103,-1,1
8113,109,114,-5,5
8114,94,87,7,7
8115,108,114,-6,6
8116,102,96,6,6
8117,89,93,-4,4
8118,121,126,-5,5
8119,122,136,-14,14
8120,67,71,-4,4
8121,51,62,-11,11
8122,89,85,4,4
8123,88,95,-7,7
8124,131,116,15,15
8125,103,98,5,5
8126,151,175,-24,24
8127,134,145,-11,11
8128,108,109,-1,1
8129,92,88,4,4
8130,65,59,6,6
8131,81,80,1,1
8132,68,76,-8,8
8133,91,88,3,3
8134,114,108,6,6
8135,48,62,-14,14
8136,102,108,-6,6
8137,149,150,-1,1
8138,108,107,1,1
8139,60,60,0,0
8140,103,108,-5,5
8141,65,71,-6,6
8142,119,122,-3,3
8143,104,113,-9,9
8144,64,62,2,2
8145,48,53,-5,5
8146,55,52,3,3
8147,75,79,-4,4
8148,44,61,-17,17
8149,73,82,-9,9
8150,54,52,2,2
8151,54,62,-8,8
8152,52,51,1,1
8153,95,84,11,11
8154,66,70,-4,4
8155,85,99,-14,14
8156,75,66,9,9
8157,95,109,-14,14
8158,95,91,4,4
8159,36,38,-2,2
8160,79,81,-2,2
8161,123,122,1,1
8162,81,71,10,10
8163,176,159,17,17
8164,60,50,10,10
8165,61,71,-10,10
8166,140,128,12,12
8167,127,123,4,4
8168,96,94,2,2
8169,99,89,10,10
8170,108,96,12,12
8171,58,60,-2,2
8172,51,63,-12,12
8173,95,89,6,6
8174,58,72,-14,14
8175,76,67,9,9
8176,116,107,9,9
8177,108,99,9,9
8178,168,157,11,11
8179,27,37,-10,10
8180,145,130,15,15
8181,53,59,-6,6
8182,67,69,-2,2
8183,92,90,2,2
8184,78,69,9,9
8185,113,116,-3,3
8186,141,143,-2,2
8187,136,128,8,8
8188,103,109,-6,6
8189,86,82,4,4
8190,195,197,-2,2
8191,75,73,2,2
8192,63,64,-1,1
8193,66,66,0,0
8194,127,129,-2,2
8195,122,113,9,9
8196,54,100,-46,46
8197,101,103,-2,2
8198,93,76,17,17
8199,64,69,-5,5
8200,108,112,-4,4
8201,111,105,6,6
8202,77,69,8,8
8203,154,152,2,2
8204,94,85,9,9
8205,84,87,-3,3
8206,76,91,-15,15
8207,87,78,9,9
8208,126,115,11,11
8209,82,82,0,0
8210,82,84,-2,2
8211,80,80,0,0
8212,126,127,-1,1
8213,64,65,-1,1
8214,142,125,17,17
8215,143,139,4,4
8216,127,139,-12,12
8217,76,79,-3,3
8218,57,70,-13,13
8219,109,94,15,15
8220,141,138,3,3
8221,129,122,7,7
8222,114,107,7,7
8223,83,83,0,0
8224,149,147,2,2
8225,47,54,-7,7
8226,88,87,1,1
8227,88,87,1,1
8228,105,106,-1,1
8229,93,101,-8,8
8230,109,93,16,16
8231,87,85,2,2
8232,43,41,2,2
8233,81,78,3,3
8234,101,80,21,21
8235,80,68,12,12
8236,112,112,0,0
8237,92,102,-10,10
8238,102,100,2,2
8239,71,67,4,4
8240,166,157,9,9
8241,98,94,4,4
8242,129,118,11,11
8243,79,87,-8,8
8244,109,102,7,7
8245,145,140,5,5
8246,166,157,9,9
8247,76,79,-3,3
8248,46,48,-2,2
8249,113,106,7,7
8250,75,86,-11,11
8251,86,78,8,8
8252,76,80,-4,4
8253,88,94,-6,6
8254,67,78,-11,11
8255,100,96,4,4
8256,71,82,-11,11
8257,59,62,-3,3
8258,181,178,3,3
8259,56,55,1,1
8260,114,95,19,19
8261,92,99,-7,7
8262,100,101,-1,1
8263,75,94,-19,19
8264,188,176,12,12
8265,51,50,1,1
8266,84,94,-10,10
8267,171,188,-17,17
8268,66,62,4,4
8269,92,87,5,5
8270,122,125,-3,3
8271,40,62,-22,22
8272,87,89,-2,2
8273,122,119,3,3
8274,98,91,7,7
8275,96,98,-2,2
8276,120,113,7,7
8277,82,84,-2,2
8278,88,84,4,4
8279,60,66,-6,6
8280,83,82,1,1
8281,81,73,8,8
8282,151,154,-3,3
8283,187,182,5,5
8284,98,109,-11,11
8285,95,88,7,7
8286,77,77,0,0
8287,144,143,1,1
8288,81,83,-2,2
8289,91,90,1,1
8290,149,149,0,0
8291,99,116,-17,17
8292,96,86,10,10
8293,129,133,-4,4
8294,63,62,1,1
8295,86,85,1,1
8296,64,72,-8,8
8297,74,65,9,9
8298,93,93,0,0
8299,85,79,6,6
8300,248,227,21,21
8301,91,92,-1,1
8302,58,60,-2,2
8303,93,79,14,14
8304,93,96,-3,3
8305,55,56,-1,1
8306,102,109,-7,7
8307,107,100,7,7
8308,79,80,-1,1
8309,84,77,7,7
8310,95,92,3,3
8311,110,108,2,2
8312,80,76,4,4
8313,44,63,-19,19
8314,96,93,3,3
8315,59,68,-9,9
8316,109,109,0,0
8317,198,194,4,4
8318,81,92,-11,11
8319,119,116,3,3
8320,106,107,-1,1
8321,114,102,12,12
8322,51,55,-4,4
8323,110,106,4,4
8324,112,118,-6,6
8325,99,100,-1,1
8326,80,74,6,6
8327,59,67,-8,8
8328,110,119,-9,9
8329,125,112,13,13
8330,137,126,11,11
8331,73,72,1,1
8332,190,184,6,6
8333,137,143,-6,6
8334,46,51,-5,5
8335,124,127,-3,3
8336,87,83,4,4
8337,114,103,11,11
8338,83,83,0,0
8339,85,85,0,0
8340,142,159,-17,17
8341,108,99,9,9
8342,129,131,-2,2
8343,107,97,10,10
8344,109,109,0,0
8345,144,145,-1,1
8346,76,76,0,0
8347,38,62,-24,24
8348,157,158,-1,1
8349,55,54,1,1
8350,99,108,-9,9
8351,153,144,9,9
8352,74,69,5,5
8353,74,77,-3,3
8354,78,77,1,1
8355,74,81,-7,7
8356,94,91,3,3
8357,112,101,11,11
8358,141,148,-7,7
8359,82,74,8,8
8360,160,164,-4,4
8361,103,104,-1,1
8362,110,105,5,5
8363,42,45,-3,3
8364,69,72,-3,3
8365,59,55,4,4
8366,98,95,3,3
8367,75,68,7,7
8368,58,57,1,1
8369,74,66,8,8
8370,108,111,-3,3
8371,66,80,-14,14
8372,105,99,6,6
8373,46,63,-17,17
8374,55,52,3,3
8375,71,62,9,9
8376,115,118,-3,3
8377,88,78,10,10
8378,47,45,2,2
8379,174,163,11,11
8380,94,87,7,7
8381,74,74,0,0
8382,84,80,4,4
8383,85,76,9,9
8384,65,55,10,10
8385,39,38,1,1
8386,118,110,8,8
8387,101,93,8,8
8388,78,83,-5,5
8389,97,112,-15,15
8390,104,97,7,7
8391,98,93,5,5
8392,81,94,-13,13
8393,112,109,3,3
8394,98,98,0,0
8395,96,106,-10,10
8396,53,47,6,6
8397,67,80,-13,13
8398,70,72,-2,2
8399,114,100,14,14
8400,104,110,-6,6
8401,65,68,-3,3
8402,80,71,9,9
8403,96,77,19,19
8404,70,65,5,5
8405,105,106,-1,1
8406,100,86,14,14
8407,160,147,13,13
8408,91,98,-7,7
8409,100,99,1,1
8410,119,103,16,16
8411,65,65,0,0
8412,99,102,-3,3
8413,172,142,30,30
8414,83,77,6,6
8415,85,75,10,10
8416,69,64,5,5
8417,59,65,-6,6
8418,93,96,-3,3
8419,81,81,0,0
8420,75,75,0,0
8421,62,60,2,2
8422,115,105,10,10
8423,107,139,-32,32
8424,105,107,-2,2
8425,51,56,-5,5
8426,76,83,-7,7
8427,88,94,-6,6
8428,145,142,3,3
8429,114,118,-4,4
8430,38,41,-3,3
8431,133,132,1,1
8432,74,71,3,3
8433,119,115,4,4
8434,96,90,6,6
8435,143,130,13,13
8436,60,61,-1,1
8437,130,117,13,13
8438,120,110,10,10
8439,122,141,-19,19
8440,113,109,4,4
8441,68,76,-8,8
8442,98,94,4,4
8443,143,125,18,18
8444,77,75,2,2
8445,92,95,-3,3
8446,61,60,1,1
8447,74,78,-4,4
8448,94,82,12,12
8449,102,98,4,4
8450,118,113,5,5
8451,119,117,2,2
8452,193,183,10,10
8453,95,94,1,1
8454,89,91,-2,2
8455,129,125,4,4
8456,124,113,11,11
8457,84,79,5,5
8458,76,79,-3,3
8459,55,55,0,0
8460,143,140,3,3
8461,134,119,15,15
8462,88,91,-3,3
8463,132,133,-1,1
8464,114,99,15,15
8465,71,72,-1,1
8466,79,72,7,7
8467,101,99,2,2
8468,134,138,-4,4
8469,61,64,-3,3
8470,81,76,5,5
8471,107,111,-4,4
8472,86,81,5,5
8473,83,82,1,1
8474,94,97,-3,3
8475,102,105,-3,3
8476,110,127,-17,17
8477,137,140,-3,3
8478,56,71,-15,15
8479,134,124,10,10
8480,80,88,-8,8
8481,46,48,-2,2
8482,111,112,-1,1
8483,112,108,4,4
8484,121,120,1,1
8485,113,108,5,5
8486,91,98,-7,7
8487,47,53,-6,6
8488,65,66,-1,1
8489,56,68,-12,12
8490,83,86,-3,3
8491,85,91,-6,6
8492,102,96,6,6
8493,80,81,-1,1
8494,110,104,6,6
8495,141,147,-6,6
8496,90,91,-1,1
8497,73,70,3,3
8498,60,57,3,3
8499,178,149,29,29
8500,124,137,-13,13
8501,108,102,6,6
8502,100,101,-1,1
8503,78,80,-2,2
8504,115,121,-6,6
8505,127,132,-5,5
8506,47,44,3,3
8507,58,63,-5,5
8508,151,139,12,12
8509,104,94,10,10
8510,56,65,-9,9
8511,79,84,-5,5
8512,67,70,-3,3
8513,109,114,-5,5
8514,83,76,7,7
8515,101,77,24,24
8516,78,84,-6,6
8517,101,133,-32,32
8518,64,74,-10,10
8519,69,67,2,2
8520,81,80,1,1
8521,185,180,5,5
8522,89,79,10,10
8523,137,121,16,16
8524,98,92,6,6
8525,185,175,10,10
8526,62,72,-10,10
8527,135,132,3,3
8528,140,132,8,8
8529,166,174,-8,8
8530,68,74,-6,6
8531,100,109,-9,9
8532,122,136,-14,14
8533,105,103,2,2
8534,129,129,0,0
8535,117,112,5,5
8536,74,76,-2,2
8537,91,85,6,6
8538,96,95,1,1
8539,96,98,-2,2
8540,76,84,-8,8
8541,106,97,9,9
8542,71,65,6,6
8543,43,49,-6,6
8544,88,85,3,3
8545,79,91,-12,12
8546,104,96,8,8
8547,82,83,-1,1
8548,112,117,-5,5
8549,104,107,-3,3
8550,55,57,-2,2
8551,90,86,4,4
8552,47,54,-7,7
8553,111,101,10,10
8554,127,125,2,2
8555,67,73,-6,6
8556,163,153,10,10
8557,154,157,-3,3
8558,63,65,-2,2
8559,50,50,0,0
8560,56,63,-7,7
8561,104,111,-7,7
8562,80,87,-7,7
8563,83,78,5,5
8564,64,64,0,0
8565,55,53,2,2
8566,84,73,11,11
8567,130,128,2,2
8568,85,89,-4,4
8569,109,107,2,2
8570,153,144,9,9
8571,104,105,-1,1
8572,129,123,6,6
8573,106,102,4,4
8574,173,173,0,0
8575,93,90,3,3
8576,93,88,5,5
8577,99,96,3,3
8578,66,66,0,0
8579,98,96,2,2
8580,110,141,-31,31
8581,50,63,-13,13
8582,104,102,2,2
8583,110,102,8,8
8584,60,76,-16,16
8585,102,98,4,4
8586,87,81,6,6
8587,133,134,-1,1
8588,133,134,-1,1
8589,122,104,18,18
8590,92,87,5,5
8591,139,137,2,2
8592,52,50,2,2
8593,83,96,-13,13
8594,91,85,6,6
8595,65,63,2,2
8596,113,118,-5,5
8597,77,80,-3,3
8598,161,147,14,14
8599,92,90,2,2
8600,180,156,24,24
8601,77,70,7,7
8602,109,106,3,3
8603,81,85,-4,4
8604,98,105,-7,7
8605,54,52,2,2
8606,126,121,5,5
8607,91,93,-2,2
8608,77,83,-6,6
8609,124,120,4,4
8610,78,80,-2,2
8611,189,165,24,24
8612,80,77,3,3
8613,159,143,16,16
8614,73,80,-7,7
8615,90,96,-6,6
8616,62,71,-9,9
8617,90,88,2,2
8618,134,142,-8,8
8619,121,101,20,20
8620,87,85,2,2
8621,59,61,-2,2
8622,89,105,-16,16
8623,105,107,-2,2
8624,97,93,4,4
8625,110,106,4,4
8626,141,122,19,19
8627,85,83,2,2
8628,132,132,0,0
8629,89,87,2,2
8630,75,81,-6,6
8631,81,74,7,7
8632,77,69,8,8
8633,104,96,8,8
8634,132,146,-14,14
8635,136,128,8,8
8636,82,83,-1,1
8637,85,88,-3,3
8638,76,76,0,0
8639,109,128,-19,19
8640,51,59,-8,8
8641,85,91,-6,6
8642,58,60,-2,2
8643,161,164,-3,3
8644,85,90,-5,5
8645,61,52,9,9
8646,82,83,-1,1
8647,114,118,-4,4
8648,113,108,5,5
8649,82,79,3,3
8650,128,125,3,3
8651,113,115,-2,2
8652,61,71,-10,10
8653,85,73,12,12
8654,112,104,8,8
8655,76,82,-6,6
8656,89,87,2,2
8657,142,134,8,8
8658,81,80,1,1
8659,143,149,-6,6
8660,94,90,4,4
8661,134,109,25,25
8662,59,54,5,5
8663,55,61,-6,6
8664,75,84,-9,9
8665,87,90,-3,3
8666,69,54,15,15
8667,104,102,2,2
8668,57,49,8,8
8669,68,66,2,2
8670,169,162,7,7
8671,114,124,-10,10
8672,92,87,5,5
8673,97,85,12,12
8674,121,120,1,1
8675,89,72,17,17
8676,116,116,0,0
8677,93,102,-9,9
8678,116,105,11,11
8679,125,129,-4,4
8680,82,111,-29,29
8681,50,48,2,2
8682,46,64,-18,18
8683,45,49,-4,4
8684,120,121,-1,1
8685,93,90,3,3
8686,102,103,-1,1
8687,126,126,0,0
8688,108,129,-21,21
8689,110,105,5,5
8690,101,100,1,1
8691,73,74,-1,1
8692,58,52,6,6
8693,113,106,7,7
8694,136,145,-9,9
8695,64,64,0,0
8696,125,159,-34,34
8697,88,80,8,8
8698,92,86,6,6
8699,106,101,5,5
8700,90,103,-13,13
8701,85,82,3,3
8702,80,74,6,6
8703,110,107,3,3
8704,80,77,3,3
8705,117,110,7,7
8706,47,60,-13,13
8707,112,106,6,6
8708,84,84,0,0
8709,116,110,6,6
8710,61,69,-8,8
8711,82,80,2,2
8712,164,144,20,20
8713,125,124,1,1
8714,80,86,-6,6
8715,66,65,1,1
8716,61,68,-7,7
8717,82,104,-22,22
8718,81,87,-6,6
8719,143,130,13,13
8720,145,129,16,16
8721,75,68,7,7
8722,60,81,-21,21
8723,86,91,-5,5
8724,99,104,-5,5
8725,112,110,2,2
8726,98,98,0,0
8727,96,87,9,9
8728,64,74,-10,10
8729,62,62,0,0
8730,123,132,-9,9
8731,83,86,-3,3
8732,101,99,2,2
8733,27,30,-3,3
8734,167,161,6,6
8735,149,151,-2,2
8736,94,93,1,1
8737,155,149,6,6
8738,39,42,-3,3
8739,62,62,0,0
8740,81,71,10,10
8741,58,59,-1,1
8742,74,80,-6,6
8743,139,141,-2,2
8744,74,79,-5,5
8745,84,89,-5,5
8746,155,124,31,31
8747,114,114,0,0
8748,152,227,-75,75
8749,104,90,14,14
8750,92,103,-11,11
8751,55,61,-6,6
8752,91,87,4,4
8753,90,81,9,9
8754,86,84,2,2
8755,76,101,-25,25
8756,86,89,-3,3
8757,49,44,5,5
8758,105,107,-2,2
8759,67,69,-2,2
8760,96,124,-28,28
8761,105,108,-3,3
8762,98,81,17,17
8763,114,115,-1,1
8764,114,118,-4,4
8765,103,118,-15,15
8766,128,126,2,2
8767,110,100,10,10
8768,89,77,12,12
8769,67,63,4,4
8770,136,122,14,14
8771,154,153,1,1
8772,62,79,-17,17
8773,109,107,2,2
8774,91,92,-1,1
8775,63,62,1,1
8776,172,164,8,8
8777,93,83,10,10
8778,81,79,2,2
8779,87,94,-7,7
8780,49,63,-14,14
8781,157,162,-5,5
8782,87,85,2,2
8783,61,86,-25,25
8784,60,59,1,1
8785,129,126,3,3
8786,75,69,6,6
8787,86,93,-7,7
8788,37,40,-3,3
8789,110,112,-2,2
8790,124,119,5,5
8791,65,67,-2,2
8792,148,153,-5,5
8793,73,82,-9,9
8794,105,111,-6,6
8795,70,75,-5,5
8796,63,70,-7,7
8797,71,67,4,4
8798,71,75,-4,4
8799,68,73,-5,5
8800,96,85,11,11
8801,87,81,6,6
8802,88,88,0,0
8803,69,65,4,4
8804,83,81,2,2
8805,72,82,-10,10
8806,98,102,-4,4
8807,126,119,7,7
8808,45,52,-7,7
8809,52,50,2,2
8810,103,105,-2,2
8811,77,71,6,6
8812,83,78,5,5
8813,73,61,12,12
8814,108,105,3,3
8815,73,78,-5,5
8816,80,81,-1,1
8817,57,54,3,3
8818,63,64,-1,1
8819,24,30,-6,6
8820,89,72,17,17
8821,61,66,-5,5
8822,97,99,-2,2
8823,85,85,0,0
8824,143,145,-2,2
8825,129,123,6,6
8826,75,82,-7,7
8827,71,77,-6,6
8828,92,91,1,1
8829,72,69,3,3
8830,91,78,13,13
8831,83,70,13,13
8832,75,80,-5,5
8833,66,64,2,2
8834,43,53,-10,10
8835,127,124,3,3
8836,125,132,-7,7
8837,44,45,-1,1
8838,51,60,-9,9
8839,54,54,0,0
8840,203,227,-24,24
8841,127,118,9,9
8842,102,95,7,7
8843,81,79,2,2
8844,69,65,4,4
8845,121,121,0,0
8846,85,75,10,10
8847,125,114,11,11
8848,138,125,13,13
8849,191,165,26,26
8850,92,95,-3,3
8851,94,91,3,3
8852,128,125,3,3
8853,35,48,-13,13
8854,104,103,1,1
8855,86,78,8,8
8856,132,122,10,10
8857,89,83,6,6
8858,48,49,-1,1
8859,75,64,11,11
8860,80,69,11,11
8861,100,97,3,3
8862,115,112,3,3
8863,135,129,6,6
8864,88,92,-4,4
8865,108,105,3,3
8866,141,148,-7,7
8867,81,81,0,0
8868,147,148,-1,1
8869,94,86,8,8
8870,86,83,3,3
8871,125,122,3,3
8872,62,62,0,0
8873,82,80,2,2
8874,123,116,7,7
8875,80,75,5,5
8876,108,101,7,7
8877,91,81,10,10
8878,124,118,6,6
8879,93,98,-5,5
8880,141,158,-17,17
8881,97,68,29,29
8882,177,166,11,11
8883,80,81,-1,1
8884,133,156,-23,23
8885,98,107,-9,9
8886,104,95,9,9
8887,64,63,1,1
8888,170,165,5,5
8889,91,93,-2,2
8890,98,99,-1,1
8891,125,115,10,10
8892,65,70,-5,5
8893,86,89,-3,3
8894,75,65,10,10
8895,72,72,0,0
8896,53,69,-16,16
8897,93,82,11,11
8898,69,65,4,4
8899,95,86,9,9
8900,76,78,-2,2
8901,73,73,0,0
8902,56,53,3,3
8903,92,90,2,2
8904,43,52,-9,9
8905,60,59,1,1
8906,74,79,-5,5
8907,85,92,-7,7
8908,91,93,-2,2
8909,92,86,6,6
8910,91,87,4,4
8911,60,67,-7,7
8912,142,150,-8,8
8913,127,136,-9,9
8914,87,90,-3,3
8915,130,150,-20,20
8916,104,100,4,4
8917,62,61,1,1
8918,125,127,-2,2
8919,96,178,-82,82
8920,170,148,22,22
8921,103,125,-22,22
8922,185,175,10,10
8923,80,76,4,4
8924,56,63,-7,7
8925,105,119,-14,14
8926,63,66,-3,3
8927,88,92,-4,4
8928,79,83,-4,4
8929,60,73,-13,13
8930,84,86,-2,2
8931,123,131,-8,8
8932,107,103,4,4
8933,94,98,-4,4
8934,70,70,0,0
8935,141,125,16,16
8936,56,46,10,10
8937,166,165,1,1
8938,120,103,17,17
8939,137,128,9,9
8940,88,100,-12,12
8941,127,101,26,26
8942,157,154,3,3
8943,130,138,-8,8
8944,106,111,-5,5
8945,131,134,-3,3
8946,54,53,1,1
8947,132,129,3,3
8948,80,78,2,2
8949,81,88,-7,7
8950,128,115,13,13
8951,36,41,-5,5
8952,106,110,-4,4
8953,85,87,-2,2
8954,64,65,-1,1
8955,81,81,0,0
8956,120,116,4,4
8957,130,121,9,9
8958,99,91,8,8
8959,70,64,6,6
8960,78,72,6,6
8961,112,116,-4,4
8962,82,80,2,2
8963,184,164,20,20
8964,129,140,-11,11
8965,111,106,5,5
8966,99,108,-9,9
8967,51,59,-8,8
8968,102,96,6,6
8969,66,68,-2,2
8970,74,76,-2,2
8971,129,132,-3,3
8972,54,59,-5,5
8973,117,135,-18,18
8974,120,115,5,5
8975,73,78,-5,5
8976,177,170,7,7
8977,157,155,2,2
8978,77,80,-3,3
8979,55,59,-4,4
8980,132,125,7,7
8981,180,167,13,13
8982,72,68,4,4
8983,88,95,-7,7
8984,71,77,-6,6
8985,85,79,6,6
8986,51,46,5,5
8987,61,63,-2,2
8988,76,69,7,7
8989,90,90,0,0
8990,64,74,-10,10
8991,67,85,-18,18
8992,95,96,-1,1
8993,46,47,-1,1
8994,92,84,8,8
8995,121,139,-18,18
8996,93,91,2,2
8997,92,97,-5,5
8998,52,51,1,1
8999,112,121,-9,9
9000,66,106,-40,40
9001,76,68,8,8
9002,157,151,6,6
9003,75,73,2,2
9004,68,68,0,0
9005,64,65,-1,1
9006,135,124,11,11
9007,107,104,3,3
9008,79,96,-17,17
9009,82,80,2,2
9010,101,92,9,9
9011,142,167,-25,25
9012,108,106,2,2
9013,93,99,-6,6
9014,111,118,-7,7
9015,111,106,5,5
9016,101,88,13,13
9017,67,67,0,0
9018,58,54,4,4
9019,117,110,7,7
9020,100,96,4,4
9021,96,93,3,3
9022,106,106,0,0
9023,82,83,-1,1
9024,57,61,-4,4
9025,95,90,5,5
9026,92,88,4,4
9027,78,78,0,0
9028,85,78,7,7
9029,46,40,6,6
9030,60,67,-7,7
9031,68,73,-5,5
9032,90,83,7,7
9033,106,105,1,1
9034,72,69,3,3
9035,91,87,4,4
9036,142,140,2,2
9037,63,56,7,7
9038,55,53,2,2
9039,112,107,5,5
9040,165,164,1,1
9041,80,78,2,2
9042,58,53,5,5
9043,96,104,-8,8
9044,69,69,0,0
9045,85,100,-15,15
9046,74,77,-3,3
9047,148,140,8,8
9048,61,55,6,6
9049,114,118,-4,4
9050,117,113,4,4
9051,87,90,-3,3
9052,148,146,2,2
9053,129,122,7,7
9054,100,92,8,8
9055,79,81,-2,2
9056,84,84,0,0
9057,75,72,3,3
9058,101,100,1,1
9059,74,76,-2,2
9060,98,85,13,13
9061,97,100,-3,3
9062,58,53,5,5
9063,104,97,7,7
9064,122,118,4,4
9065,33,42,-9,9
9066,62,58,4,4
9067,59,64,-5,5
9068,66,74,-8,8
9069,112,107,5,5
9070,109,99,10,10
9071,67,67,0,0
9072,157,175,-18,18
9073,147,150,-3,3
9074,114,111,3,3
9075,45,40,5,5
9076,71,78,-7,7
9077,135,129,6,6
9078,64,53,11,11
9079,101,106,-5,5
9080,93,95,-2,2
9081,92,88,4,4
9082,128,126,2,2
9083,90,82,8,8
9084,113,101,12,12
9085,62,63,-1,1
9086,66,60,6,6
9087,69,69,0,0
9088,90,87,3,3
9089,69,63,6,6
9090,87,89,-2,2
9091,70,81,-11,11
9092,88,86,2,2
9093,60,65,-5,5
9094,172,157,15,15
9095,94,97,-3,3
9096,53,56,-3,3
9097,81,76,5,5
9098,103,100,3,3
9099,146,140,6,6
9100,93,91,2,2
9101,106,110,-4,4
9102,115,106,9,9
9103,171,160,11,11
9104,80,74,6,6
9105,89,79,10,10
9106,75,81,-6,6
9107,197,184,13,13
9108,52,63,-11,11
9109,56,60,-4,4
9110,76,72,4,4
9111,136,139,-3,3
9112,127,131,-4,4
9113,102,103,-1,1
9114,100,100,0,0
9115,154,145,9,9
9116,127,136,-9,9
9117,115,108,7,7
9118,69,74,-5,5
9119,113,102,11,11
9120,116,120,-4,4
9121,92,95,-3,3
9122,95,100,-5,5
9123,81,73,8,8
9124,81,84,-3,3
9125,148,148,0,0
9126,94,91,3,3
9127,117,120,-3,3
9128,47,49,-2,2
9129,100,94,6,6
9130,133,128,5,5
9131,79,102,-23,23
9132,147,139,8,8
9133,62,65,-3,3
9134,77,82,-5,5
9135,154,145,9,9
9136,112,116,-4,4
9137,65,62,3,3
9138,42,46,-4,4
9139,114,118,-4,4
9140,114,110,4,4
9141,77,69,8,8
9142,68,72,-4,4
9143,84,81,3,3
9144,120,124,-4,4
9145,132,132,0,0
9146,113,121,-8,8
9147,86,81,5,5
9148,78,82,-4,4
9149,73,92,-19,19
9150,68,60,8,8
9151,93,97,-4,4
9152,113,126,-13,13
9153,58,61,-3,3
9154,63,62,1,1
9155,54,47,7,7
9156,123,106,17,17
9157,43,43,0,0
9158,82,82,0,0
9159,144,140,4,4
9160,73,91,-18,18
9161,49,50,-1,1
9162,103,99,4,4
9163,179,184,-5,5
9164,106,103,3,3
9165,93,96,-3,3
9166,135,145,-10,10
9167,120,121,-1,1
9168,130,124,6,6
9169,79,91,-12,12
9170,82,80,2,2
9171,55,54,1,1
9172,74,65,9,9
9173,153,151,2,2
9174,93,90,3,3
9175,107,105,2,2
9176,136,148,-12,12
9177,88,93,-5,5
9178,56,64,-8,8
9179,171,159,12,12
9180,115,114,1,1
9181,53,61,-8,8
9182,124,128,-4,4
9183,117,106,11,11
9184,76,79,-3,3
9185,168,156,12,12
9186,78,72,6,6
9187,42,41,1,1
9188,74,77,-3,3
9189,156,134,22,22
9190,81,79,2,2
9191,88,76,12,12
9192,169,161,8,8
9193,74,70,4,4
9194,108,107,1,1
9195,98,91,7,7
9196,175,189,-14,14
9197,39,46,-7,7
9198,47,51,-4,4
9199,100,83,17,17
9200,105,93,12,12
9201,103,103,0,0
9202,114,114,0,0
9203,65,67,-2,2
9204,70,70,0,0
9205,79,82,-3,3
9206,96,101,-5,5
9207,123,128,-5,5
9208,94,91,3,3
9209,124,125,-1,1
9210,102,97,5,5
9211,108,106,2,2
9212,78,86,-8,8
9213,111,115,-4,4
9214,84,91,-7,7
9215,58,48,10,10
9216,124,121,3,3
9217,92,84,8,8
9218,75,79,-4,4
9219,64,50,14,14
9220,89,83,6,6
9221,88,95,-7,7
9222,58,63,-5,5
9223,116,114,2,2
9224,57,60,-3,3
9225,98,95,3,3
9226,138,147,-9,9
9227,87,92,-5,5
9228,58,54,4,4
9229,141,131,10,10
9230,72,71,1,1
9231,63,71,-8,8
9232,173,164,9,9
9233,113,106,7,7
9234,114,105,9,9
9235,95,88,7,7
9236,80,86,-6,6
9237,75,74,1,1
9238,113,113,0,0
9239,86,93,-7,7
9240,54,56,-2,2
9241,99,94,5,5
9242,149,142,7,7
9243,73,61,12,12
9244,86,80,6,6
9245,108,107,1,1
9246,74,70,4,4
9247,59,62,-3,3
9248,106,112,-6,6
9249,158,139,19,19
9250,45,65,-20,20
9251,77,79,-2,2
9252,116,130,-14,14
9253,52,51,1,1
9254,93,101,-8,8
9255,129,120,9,9
9256,63,65,-2,2
9257,41,43,-2,2
9258,62,59,3,3
9259,168,161,7,7
9260,117,115,2,2
9261,142,134,8,8
9262,112,103,9,9
9263,101,103,-2,2
9264,86,84,2,2
9265,77,80,-3,3
9266,141,133,8,8
9267,80,91,-11,11
9268,107,119,-12,12
9269,90,89,1,1
9270,65,66,-1,1
9271,57,49,8,8
9272,89,81,8,8
9273,63,59,4,4
9274,121,115,6,6
9275,108,104,4,4
9276,83,84,-1,1
9277,116,115,1,1
9278,66,70,-4,4
9279,128,131,-3,3
9280,98,97,1,1
9281,76,80,-4,4
9282,130,124,6,6
9283,55,58,-3,3
9284,64,69,-5,5
9285,107,119,-12,12
9286,117,105,12,12
9287,124,118,6,6
9288,88,86,2,2
9289,44,41,3,3
9290,89,85,4,4
9291,82,84,-2,2
9292,78,74,4,4
9293,63,64,-1,1
9294,60,54,6,6
9295,55,60,-5,5
9296,80,85,-5,5
9297,56,58,-2,2
9298,68,71,-3,3
9299,177,179,-2,2
9300,69,67,2,2
9301,63,68,-5,5
9302,116,106,10,10
9303,96,98,-2,2
9304,142,123,19,19
9305,85,80,5,5
9306,56,64,-8,8
9307,91,87,4,4
9308,72,73,-1,1
9309,69,78,-9,9
9310,114,100,14,14
9311,131,134,-3,3
9312,70,75,-5,5
9313,138,133,5,5
9314,103,99,4,4
9315,69,74,-5,5
9316,97,97,0,0
9317,98,115,-17,17
9318,117,105,12,12
9319,95,103,-8,8
9320,130,122,8,8
9321,174,157,17,17
9322,114,119,-5,5
9323,87,96,-9,9
9324,92,96,-4,4
9325,57,63,-6,6
9326,93,89,4,4
9327,90,88,2,2
9328,87,92,-5,5
9329,87,91,-4,4
9330,115,115,0,0
9331,103,106,-3,3
9332,66,66,0,0
9333,95,90,5,5
9334,98,94,4,4
9335,82,79,3,3
9336,63,58,5,5
9337,39,42,-3,3
9338,60,65,-5,5
9339,112,107,5,5
9340,159,151,8,8
9341,41,45,-4,4
9342,96,95,1,1
9343,117,112,5,5
9344,69,78,-9,9
9345,82,84,-2,2
9346,125,119,6,6
9347,82,78,4,4
9348,65,72,-7,7
9349,92,85,7,7
9350,91,90,1,1
9351,91,89,2,2
9352,95,88,7,7
9353,28,41,-13,13
9354,64,59,5,5
9355,73,74,-1,1
9356,122,113,9,9
9357,76,84,-8,8
9358,82,75,7,7
9359,134,127,7,7
9360,118,110,8,8
9361,72,74,-2,2
9362,96,122,-26,26
9363,176,159,17,17
9364,156,151,5,5
9365,64,79,-15,15
9366,99,109,-10,10
9367,94,90,4,4
9368,84,74,10,10
9369,88,88,0,0
9370,144,148,-4,4
9371,123,114,9,9
9372,99,105,-6,6
9373,63,85,-22,22
9374,64,65,-1,1
9375,141,131,10,10
9376,71,84,-13,13
9377,166,157,9,9
9378,118,112,6,6
9379,120,108,12,12
9380,145,136,9,9
9381,87,88,-1,1
9382,90,91,-1,1
9383,80,83,-3,3
9384,125,126,-1,1
9385,59,51,8,8
9386,171,161,10,10
9387,72,68,4,4
9388,121,105,16,16
9389,47,48,-1,1
9390,73,82,-9,9
9391,124,107,17,17
9392,87,93,-6,6
9393,95,95,0,0
9394,77,78,-1,1
9395,167,162,5,5
9396,53,69,-16,16
9397,89,84,5,5
9398,83,77,6,6
9399,77,84,-7,7
9400,127,129,-2,2
9401,94,93,1,1
9402,95,81,14,14
9403,93,92,1,1
9404,74,71,3,3
9405,112,116,-4,4
9406,117,107,10,10
9407,69,66,3,3
9408,88,100,-12,12
9409,71,72,-1,1
9410,57,48,9,9
9411,89,83,6,6
9412,98,111,-13,13
9413,123,120,3,3
9414,88,86,2,2
9415,136,124,12,12
9416,85,77,8,8
9417,93,90,3,3
9418,150,155,-5,5
9419,50,57,-7,7
9420,77,82,-5,5
9421,87,92,-5,5
9422,123,119,4,4
9423,71,73,-2,2
9424,142,142,0,0
9425,78,80,-2,2
9426,111,110,1,1
9427,54,65,-11,11
9428,66,66,0,0
9429,110,104,6,6
9430,96,89,7,7
9431,56,59,-3,3
9432,17,26,-9,9
9433,84,78,6,6
9434,108,109,-1,1
9435,103,86,17,17
9436,102,107,-5,5
9437,81,85,-4,4
9438,125,125,0,0
9439,120,133,-13,13
9440,89,84,5,5
9441,73,65,8,8
9442,110,104,6,6
9443,86,85,1,1
9444,94,95,-1,1
9445,76,72,4,4
9446,72,67,5,5
9447,41,46,-5,5
9448,129,128,1,1
9449,80,79,1,1
9450,92,83,9,9
9451,208,184,24,24
9452,170,171,-1,1
9453,88,88,0,0
9454,43,47,-4,4
9455,65,64,1,1
9456,52,54,-2,2
9457,44,44,0,0
9458,96,100,-4,4
9459,165,161,4,4
9460,92,84,8,8
9461,104,87,17,17
9462,131,129,2,2
9463,73,76,-3,3
9464,131,119,12,12
9465,51,68,-17,17
9466,63,66,-3,3
9467,107,113,-6,6
9468,109,125,-16,16
9469,131,114,17,17
9470,96,92,4,4
9471,90,74,16,16
9472,60,67,-7,7
9473,106,107,-1,1
9474,101,87,14,14
9475,67,69,-2,2
9476,117,116,1,1
9477,76,79,-3,3
9478,78,74,4,4
9479,94,89,5,5
9480,95,95,0,0
9481,78,69,9,9
9482,133,130,3,3
9483,41,63,-22,22
9484,105,103,2,2
9485,102,94,8,8
9486,88,94,-6,6
9487,106,108,-2,2
9488,89,87,2,2
9489,98,120,-22,22
9490,128,117,11,11
9491,102,105,-3,3
9492,132,138,-6,6
9493,101,96,5,5
9494,144,144,0,0
9495,61,65,-4,4
9496,61,64,-3,3
9497,114,121,-7,7
9498,125,123,2,2
9499,70,67,3,3
9500,83,88,-5,5
9501,147,145,2,2
9502,97,103,-6,6
9503,82,82,0,0
9504,87,81,6,6
9505,94,89,5,5
9506,54,64,-10,10
9507,71,78,-7,7
9508,105,96,9,9
9509,87,91,-4,4
9510,95,106,-11,11
9511,71,72,-1,1
9512,76,81,-5,5
9513,123,118,5,5
9514,127,114,13,13
9515,84,95,-11,11
9516,48,51,-3,3
9517,108,96,12,12
9518,157,135,22,22
9519,54,59,-5,5
9520,100,90,10,10
9521,118,108,10,10
9522,57,58,-1,1
9523,137,133,4,4
9524,80,86,-6,6
9525,48,50,-2,2
9526,49,42,7,7
9527,94,93,1,1
9528,101,92,9,9
9529,64,71,-7,7
9530,114,125,-11,11
9531,82,79,3,3
9532,62,66,-4,4
9533,57,63,-6,6
9534,88,93,-5,5
9535,92,97,-5,5
9536,66,85,-19,19
9537,76,81,-5,5
9538,59,60,-1,1
9539,89,86,3,3
9540,63,63,0,0
9541,51,48,3,3
9542,123,121,2,2
9543,88,91,-3,3
9544,59,62,-3,3
9545,66,66,0,0
9546,135,120,15,15
9547,54,60,-6,6
9548,24,33,-9,9
9549,91,78,13,13
9550,166,161,5,5
9551,45,44,1,1
9552,95,89,6,6
9553,99,97,2,2
9554,70,78,-8,8
9555,81,72,9,9
9556,97,84,13,13
9557,75,89,-14,14
9558,55,64,-9,9
9559,86,89,-3,3
9560,172,165,7,7
9561,65,79,-14,14
9562,174,154,20,20
9563,78,77,1,1
9564,81,87,-6,6
9565,68,63,5,5
9566,74,63,11,11
9567,46,49,-3,3
9568,119,129,-10,10
9569,48,52,-4,4
9570,112,116,-4,4
9571,135,152,-17,17
9572,91,79,12,12
9573,103,96,7,7
9574,95,116,-21,21
9575,91,74,17,17
9576,201,179,22,22
9577,89,87,2,2
9578,71,65,6,6
9579,198,188,10,10
9580,93,81,12,12
9581,82,80,2,2
9582,132,127,5,5
9583,79,89,-10,10
9584,60,61,-1,1
9585,72,81,-9,9
9586,107,109,-2,2
9587,112,113,-1,1
9588,99,105,-6,6
9589,104,111,-7,7
9590,68,71,-3,3
9591,57,58,-1,1
9592,47,51,-4,4
9593,96,93,3,3
9594,95,107,-12,12
9595,43,45,-2,2
9596,116,106,10,10
9597,65,73,-8,8
9598,106,90,16,16
9599,117,126,-9,9
9600,96,92,4,4
9601,67,67,0,0
9602,100,90,10,10
9603,108,106,2,2
9604,103,99,4,4
9605,58,61,-3,3
9606,88,84,4,4
9607,133,125,8,8
9608,161,156,5,5
9609,95,91,4,4
9610,99,86,13,13
9611,69,62,7,7
9612,112,108,4,4
9613,127,118,9,9
9614,66,68,-2,2
9615,116,118,-2,2
9616,105,123,-18,18
9617,100,92,8,8
9618,93,91,2,2
9619,79,87,-8,8
9620,121,115,6,6
9621,86,91,-5,5
9622,88,79,9,9
9623,177,158,19,19
9624,67,64,3,3
9625,73,76,-3,3
9626,105,101,4,4
9627,115,111,4,4
9628,141,137,4,4
9629,75,76,-1,1
9630,58,62,-4,4
9631,86,86,0,0
9632,137,129,8,8
9633,113,117,-4,4
9634,92,89,3,3
9635,83,88,-5,5
9636,103,116,-13,13
9637,145,121,24,24
9638,84,79,5,5
9639,123,128,-5,5
9640,104,100,4,4
9641,61,62,-1,1
9642,79,97,-18,18
9643,90,113,-23,23
9644,115,118,-3,3
9645,138,145,-7,7
9646,80,80,0,0
9647,92,94,-2,2
9648,126,121,5,5
9649,62,49,13,13
9650,81,82,-1,1
9651,88,84,4,4
9652,90,93,-3,3
9653,70,71,-1,1
9654,113,109,4,4
9655,81,84,-3,3
9656,70,80,-10,10
9657,87,82,5,5
9658,62,68,-6,6
9659,54,59,-5,5
9660,85,86,-1,1
9661,76,75,1,1
9662,44,46,-2,2
9663,106,96,10,10
9664,116,120,-4,4
9665,114,129,-15,15
9666,156,155,1,1
9667,127,115,12,12
9668,61,64,-3,3
9669,57,54,3,3
9670,128,127,1,1
9671,90,83,7,7
9672,113,109,4,4
9673,81,74,7,7
9674,48,58,-10,10
9675,47,46,1,1
9676,139,126,13,13
9677,154,152,2,2
9678,104,112,-8,8
9679,97,93,4,4
9680,123,122,1,1
9681,68,55,13,13
9682,94,96,-2,2
9683,77,89,-12,12
9684,45,45,0,0
9685,78,76,2,2
9686,75,79,-4,4
9687,79,74,5,5
9688,175,177,-2,2
9689,117,110,7,7
9690,108,105,3,3
9691,106,110,-4,4
9692,82,72,10,10
9693,112,99,13,13
9694,74,76,-2,2
9695,117,120,-3,3
9696,94,94,0,0
9697,226,210,16,16
9698,120,110,10,10
9699,40,43,-3,3
9700,40,102,-62,62
9701,119,122,-3,3
9702,51,55,-4,4
9703,61,61,0,0
9704,119,112,7,7
9705,97,84,13,13
9706,70,76,-6,6
9707,101,90,11,11
9708,160,153,7,7
9709,88,84,4,4
9710,41,52,-11,11
9711,86,81,5,5
9712,76,81,-5,5
9713,66,73,-7,7
9714,110,111,-1,1
9715,120,116,4,4
9716,97,99,-2,2
9717,89,96,-7,7
9718,117,115,2,2
9719,59,67,-8,8
9720,145,140,5,5
9721,84,76,8,8
9722,78,83,-5,5
9723,65,66,-1,1
9724,62,63,-1,1
9725,114,114,0,0
9726,76,78,-2,2
9727,51,59,-8,8
9728,131,145,-14,14
9729,162,173,-11,11
9730,90,101,-11,11
9731,95,96,-1,1
9732,49,62,-13,13
9733,81,84,-3,3
9734,103,99,4,4
9735,136,139,-3,3
9736,116,113,3,3
9737,74,72,2,2
9738,54,65,-11,11
9739,110,110,0,0
9740,113,100,13,13
9741,142,115,27,27
9742,130,106,24,24
9743,156,151,5,5
9744,186,189,-3,3
9745,70,68,2,2
9746,115,103,12,12
9747,149,133,16,16
9748,135,121,14,14
9749,72,68,4,4
9750,143,143,0,0
9751,190,177,13,13
9752,117,128,-11,11
9753,124,106,18,18
9754,78,86,-8,8
9755,90,93,-3,3
9756,49,47,2,2
9757,52,58,-6,6
9758,48,50,-2,2
9759,69,68,1,1
9760,69,76,-7,7
9761,40,49,-9,9
9762,89,96,-7,7
9763,85,81,4,4
9764,104,110,-6,6
9765,130,124,6,6
9766,110,92,18,18
9767,136,127,9,9
9768,91,81,10,10
9769,83,89,-6,6
9770,50,51,-1,1
9771,104,102,2,2
9772,83,74,9,9
9773,114,114,0,0
9774,119,135,-16,16
9775,88,83,5,5
9776,68,92,-24,24
9777,84,101,-17,17
9778,93,75,18,18
9779,56,58,-2,2
9780,66,69,-3,3
9781,60,62,-2,2
9782,58,61,-3,3
9783,142,141,1,1
9784,197,181,16,16
9785,53,54,-1,1
9786,86,98,-12,12
9787,85,86,-1,1
9788,153,136,17,17
9789,58,62,-4,4
9790,78,73,5,5
9791,159,151,8,8
9792,129,129,0,0
9793,115,115,0,0
9794,64,60,4,4
9795,142,139,3,3
9796,83,80,3,3
9797,171,177,-6,6
9798,137,145,-8,8
9799,107,109,-2,2
9800,101,88,13,13
9801,75,68,7,7
9802,103,98,5,5
9803,80,81,-1,1
9804,51,57,-6,6
9805,92,84,8,8
9806,88,86,2,2
9807,96,101,-5,5
9808,140,123,17,17
9809,107,106,1,1
9810,59,62,-3,3
9811,128,113,15,15
9812,80,80,0,0
9813,40,42,-2,2
9814,139,137,2,2
9815,79,72,7,7
9816,89,81,8,8
9817,127,127,0,0
9818,132,120,12,12
9819,104,109,-5,5
9820,100,86,14,14
9821,76,74,2,2
9822,182,152,30,30
9823,43,42,1,1
9824,56,56,0,0
9825,140,138,2,2
9826,98,102,-4,4
9827,66,76,-10,10
9828,52,58,-6,6
9829,100,99,1,1
9830,131,115,16,16
9831,47,69,-22,22
9832,57,57,0,0
9833,58,63,-5,5
9834,100,96,4,4
9835,143,151,-8,8
9836,81,77,4,4
9837,130,109,21,21
9838,63,74,-11,11
9839,84,103,-19,19
9840,86,85,1,1
9841,118,118,0,0
9842,109,99,10,10
9843,176,182,-6,6
9844,68,71,-3,3
9845,102,105,-3,3
9846,65,62,3,3
9847,88,90,-2,2
9848,127,114,13,13
9849,56,55,1,1
9850,104,104,0,0
9851,105,93,12,12
9852,84,81,3,3
9853,27,65,-38,38
9854,95,98,-3,3
9855,77,77,0,0
9856,192,197,-5,5
9857,78,70,8,8
9858,122,124,-2,2
9859,80,85,-5,5
9860,94,81,13,13
9861,126,120,6,6
9862,44,47,-3,3
9863,73,76,-3,3
9864,104,83,21,21
9865,71,69,2,2
9866,65,72,-7,7
9867,96,80,16,16
9868,116,94,22,22
9869,103,105,-2,2
9870,129,130,-1,1
9871,143,140,3,3
9872,100,118,-18,18
9873,133,120,13,13
9874,64,66,-2,2
9875,121,118,3,3
9876,61,63,-2,2
9877,55,65,-10,10
9878,49,45,4,4
9879,86,81,5,5
9880,85,80,5,5
9881,61,55,6,6
9882,128,133,-5,5
9883,91,77,14,14
9884,99,81,18,18
9885,92,90,2,2
9886,179,175,4,4
9887,114,101,13,13
9888,66,63,3,3
9889,78,87,-9,9
9890,69,70,-1,1
9891,121,114,7,7
9892,85,71,14,14
9893,110,127,-17,17
9894,92,93,-1,1
9895,117,107,10,10
9896,174,167,7,7
9897,135,135,0,0
9898,64,58,6,6
9899,75,71,4,4
9900,97,104,-7,7
9901,120,127,-7,7
9902,102,97,5,5
9903,91,89,2,2
9904,70,76,-6,6
9905,64,73,-9,9
9906,49,47,2,2
9907,94,105,-11,11
9908,71,80,-9,9
9909,136,164,-28,28
9910,68,69,-1,1
9911,122,122,0,0
9912,73,72,1,1
9913,114,115,-1,1
9914,98,97,1,1
9915,104,101,3,3
9916,103,93,10,10
9917,108,100,8,8
9918,127,120,7,7
9919,130,135,-5,5
9920,95,96,-1,1
9921,89,80,9,9
9922,73,71,2,2
9923,157,141,16,16
9924,103,97,6,6
9925,105,100,5,5
9926,112,102,10,10
9927,109,100,9,9
9928,79,78,1,1
9929,92,110,-18,18
9930,72,69,3,3
9931,48,57,-9,9
9932,98,91,7,7
9933,111,114,-3,3
9934,119,113,6,6
9935,139,121,18,18
9936,55,68,-13,13
9937,107,113,-6,6
9938,135,146,-11,11
9939,102,95,7,7
9940,88,90,-2,2
9941,105,115,-10,10
9942,136,123,13,13
9943,82,85,-3,3
9944,67,68,-1,1
9945,123,122,1,1
9946,120,120,0,0
9947,94,98,-4,4
9948,51,51,0,0
9949,95,86,9,9
9950,92,94,-2,2
9951,154,131,23,23
9952,76,76,0,0
9953,59,55,4,4
9954,153,141,12,12
9955,66,72,-6,6
9956,96,103,-7,7
9957,131,127,4,4
9958,81,74,7,7
9959,80,82,-2,2
9960,59,62,-3,3
9961,72,76,-4,4
9962,148,143,5,5
9963,123,136,-13,13
9964,72,68,4,4
9965,59,60,-1,1
9966,145,141,4,4
9967,95,95,0,0
9968,125,125,0,0
9969,79,78,1,1
9970,79,82,-3,3
9971,68,69,-1,1
9972,135,138,-3,3
9973,96,96,0,0
9974,64,65,-1,1
9975,62,54,8,8
9976,102,99,3,3
9977,141,135,6,6
9978,82,76,6,6
9979,84,73,11,11
9980,85,86,-1,1
9981,77,81,-4,4
9982,107,101,6,6
9983,94,94,0,0
9984,84,73,11,11
9985,90,84,6,6
9986,127,126,1,1
9987,94,94,0,0
9988,142,164,-22,22
9989,88,94,-6,6
9990,104,97,7,7
9991,66,68,-2,2
9992,48,47,1,1
9993,76,75,1,1
9994,105,101,4,4
9995,62,56,6,6
9996,82,85,-3,3
9997,123,125,-2,2
9998,88,92,-4,4
9999,68,68,0,0
10000,171,153,18,18
10001,134,128,6,6
10002,81,77,4,4
10003,66,70,-4,4
10004,49,51,-2,2
10005,92,93,-1,1
10006,121,118,3,3
10007,133,125,8,8
10008,147,137,10,10
10009,81,81,0,0
10010,69,77,-8,8
10011,83,84,-1,1
10012,88,87,1,1
10013,59,49,10,10
10014,91,96,-5,5
10015,153,157,-4,4
10016,114,110,4,4
10017,77,86,-9,9
10018,85,75,10,10
10019,80,74,6,6
10020,74,71,3,3
10021,169,161,8,8
10022,108,106,2,2
10023,121,124,-3,3
10024,83,91,-8,8
10025,56,54,2,2
10026,74,73,1,1
10027,53,61,-8,8
10028,80,89,-9,9
10029,79,80,-1,1
10030,117,114,3,3
10031,174,167,7,7
10032,77,71,6,6
10033,114,103,11,11
10034,79,75,4,4
10035,158,153,5,5
10036,80,78,2,2
10037,90,116,-26,26
10038,111,106,5,5
10039,155,143,12,12
10040,55,58,-3,3
10041,74,74,0,0
10042,62,66,-4,4
10043,138,139,-1,1
10044,143,153,-10,10
10045,113,117,-4,4
10046,100,107,-7,7
10047,115,94,21,21
10048,49,48,1,1
10049,139,147,-8,8
10050,114,120,-6,6
10051,125,132,-7,7
10052,61,61,0,0
10053,136,131,5,5
10054,77,74,3,3
10055,211,190,21,21
10056,66,61,5,5
10057,111,104,7,7
10058,122,126,-4,4
10059,139,133,6,6
10060,121,112,9,9
10061,108,118,-10,10
10062,85,89,-4,4
10063,110,106,4,4
10064,62,73,-11,11
10065,107,102,5,5
10066,49,47,2,2
10067,82,77,5,5
10068,92,92,0,0
10069,59,62,-3,3
10070,56,59,-3,3
10071,105,96,9,9
10072,61,68,-7,7
10073,95,103,-8,8
10074,56,60,-4,4
10075,148,149,-1,1
10076,123,127,-4,4
10077,111,117,-6,6
10078,75,72,3,3
10079,139,152,-13,13
10080,68,70,-2,2
10081,90,83,7,7
10082,150,158,-8,8
10083,133,119,14,14
10084,49,53,-4,4
10085,62,63,-1,1
10086,111,101,10,10
10087,117,115,2,2
10088,151,150,1,1
10089,100,96,4,4
10090,42,49,-7,7
10091,78,75,3,3
10092,48,50,-2,2
10093,118,104,14,14
10094,70,62,8,8
10095,117,130,-13,13
10096,61,78,-17,17
10097,94,101,-7,7
10098,78,79,-1,1
10099,170,163,7,7
10100,68,68,0,0
10101,78,69,9,9
10102,47,50,-3,3
10103,130,111,19,19
10104,80,75,5,5
10105,70,76,-6,6
10106,49,64,-15,15
10107,117,112,5,5
10108,86,89,-3,3
10109,82,76,6,6
10110,54,52,2,2
10111,160,156,4,4
10112,78,89,-11,11
10113,82,79,3,3
10114,59,60,-1,1
10115,115,113,2,2
10116,86,89,-3,3
10117,119,103,16,16
10118,116,121,-5,5
10119,90,95,-5,5
10120,75,76,-1,1
10121,81,82,-1,1
10122,87,91,-4,4
10123,108,103,5,5
10124,50,55,-5,5
10125,53,58,-5,5
10126,130,141,-11,11
10127,125,111,14,14
10128,118,112,6,6
10129,112,110,2,2
10130,62,67,-5,5
10131,105,104,1,1
10132,90,97,-7,7
10133,143,143,0,0
10134,58,55,3,3
10135,64,69,-5,5
10136,108,100,8,8
10137,98,84,14,14
10138,136,133,3,3
10139,101,115,-14,14
10140,85,91,-6,6
10141,92,97,-5,5
10142,144,132,12,12
10143,80,82,-2,2
10144,110,95,15,15
10145,66,62,4,4
10146,73,68,5,5
10147,59,60,-1,1
10148,88,90,-2,2
10149,74,86,-12,12
10150,61,65,-4,4
10151,125,118,7,7
10152,55,53,2,2
10153,115,113,2,2
10154,58,67,-9,9
10155,76,81,-5,5
10156,137,146,-9,9
10157,81,73,8,8
10158,116,115,1,1
10159,81,79,2,2
10160,94,90,4,4
10161,78,92,-14,14
10162,80,75,5,5
10163,99,95,4,4
10164,118,112,6,6
10165,137,130,7,7
10166,98,104,-6,6
10167,71,66,5,5
10168,83,87,-4,4
10169,132,143,-11,11
10170,69,69,0,0
10171,119,117,2,2
10172,101,107,-6,6
10173,92,96,-4,4
10174,74,67,7,7
10175,95,96,-1,1
10176,67,68,-1,1
10177,50,61,-11,11
10178,106,99,7,7
10179,102,94,8,8
10180,359,280,79,79
10181,58,59,-1,1
10182,94,91,3,3
10183,90,78,12,12
10184,88,80,8,8
10185,105,95,10,10
10186,75,78,-3,3
10187,89,88,1,1
10188,86,81,5,5
10189,133,130,3,3
10190,35,41,-6,6
10191,88,82,6,6
10192,177,164,13,13
10193,100,93,7,7
10194,65,60,5,5
10195,104,102,2,2
10196,67,60,7,7
10197,86,89,-3,3
10198,123,116,7,7
10199,108,102,6,6
10200,84,80,4,4
10201,54,61,-7,7
10202,95,94,1,1
10203,86,79,7,7
10204,70,82,-12,12
10205,84,76,8,8
10206,107,106,1,1
10207,45,49,-4,4
10208,85,88,-3,3
10209,79,79,0,0
10210,125,126,-1,1
10211,92,86,6,6
10212,74,77,-3,3
10213,139,145,-6,6
10214,84,79,5,5
10215,103,117,-14,14
10216,60,73,-13,13
10217,78,85,-7,7
10218,69,63,6,6
10219,131,131,0,0
10220,102,96,6,6
10221,69,72,-3,3
10222,58,65,-7,7
10223,43,46,-3,3
10224,29,36,-7,7
10225,86,87,-1,1
10226,114,114,0,0
10227,38,46,-8,8
10228,113,123,-10,10
10229,74,86,-12,12
10230,67,68,-1,1
10231,221,214,7,7
10232,103,100,3,3
10233,224,213,11,11
10234,82,103,-21,21
10235,104,96,8,8
10236,115,108,7,7
10237,70,83,-13,13
10238,92,90,2,2
10239,118,114,4,4
10240,159,143,16,16
10241,124,111,13,13
10242,165,139,26,26
10243,118,123,-5,5
10244,79,73,6,6
10245,113,106,7,7
10246,61,64,-3,3
10247,112,110,2,2
10248,68,68,0,0
10249,71,80,-9,9
10250,127,120,7,7
10251,82,79,3,3
10252,63,62,1,1
10253,189,199,-10,10
10254,73,84,-11,11
10255,76,70,6,6
10256,99,108,-9,9
10257,131,129,2,2
10258,88,91,-3,3
10259,61,66,-5,5
10260,135,130,5,5
10261,52,53,-1,1
10262,114,112,2,2
10263,82,81,1,1
10264,106,101,5,5
10265,102,114,-12,12
10266,105,117,-12,12
10267,77,83,-6,6
10268,66,63,3,3
10269,129,119,10,10
10270,73,75,-2,2
10271,77,75,2,2
10272,70,70,0,0
10273,40,40,0,0
10274,55,63,-8,8
10275,130,137,-7,7
10276,168,159,9,9
10277,76,66,10,10
10278,136,133,3,3
10279,104,107,-3,3
10280,52,59,-7,7
10281,151,143,8,8
10282,74,79,-5,5
10283,60,68,-8,8
10284,90,85,5,5
10285,81,77,4,4
10286,118,120,-2,2
10287,96,96,0,0
10288,96,89,7,7
10289,151,154,-3,3
10290,125,117,8,8
10291,73,69,4,4
10292,107,102,5,5
10293,113,116,-3,3
10294,118,131,-13,13
10295,71,77,-6,6
10296,68,72,-4,4
10297,65,67,-2,2
10298,48,52,-4,4
10299,73,75,-2,2
10300,86,108,-22,22
10301,45,46,-1,1
10302,87,83,4,4
10303,113,110,3,3
10304,137,138,-1,1
10305,114,119,-5,5
10306,61,60,1,1
10307,106,93,13,13
10308,128,127,1,1
10309,111,115,-4,4
10310,100,97,3,3
10311,100,89,11,11
10312,133,144,-11,11
10313,96,96,0,0
10314,133,133,0,0
10315,130,130,0,0
10316,78,84,-6,6
10317,130,109,21,21
10318,110,120,-10,10
10319,75,84,-9,9
10320,144,145,-1,1
10321,81,86,-5,5
10322,63,71,-8,8
10323,122,123,-1,1
10324,119,128,-9,9
10325,99,97,2,2
10326,111,108,3,3
10327,143,117,26,26
10328,104,119,-15,15
10329,93,85,8,8
10330,72,79,-7,7
10331,79,85,-6,6
10332,128,133,-5,5
10333,99,93,6,6
10334,76,84,-8,8
10335,100,101,-1,1
10336,70,69,1,1
10337,148,150,-2,2
10338,68,66,2,2
10339,100,110,-10,10
10340,74,91,-17,17
10341,86,78,8,8
10342,93,86,7,7
10343,138,121,17,17
10344,149,165,-16,16
10345,65,62,3,3
10346,89,94,-5,5
10347,117,77,40,40
10348,98,84,14,14
10349,127,125,2,2
10350,106,99,7,7
10351,68,63,5,5
10352,160,137,23,23
10353,83,89,-6,6
10354,129,116,13,13
10355,117,105,12,12
10356,74,83,-9,9
10357,101,94,7,7
10358,113,108,5,5
10359,121,111,10,10
10360,122,129,-7,7
10361,117,116,1,1
10362,131,135,-4,4
10363,68,60,8,8
10364,86,90,-4,4
10365,97,86,11,11
10366,125,121,4,4
10367,65,69,-4,4
10368,49,42,7,7
10369,81,80,1,1
10370,103,107,-4,4
10371,110,101,9,9
10372,86,92,-6,6
10373,103,100,3,3
10374,103,107,-4,4
10375,59,58,1,1
10376,119,108,11,11
10377,40,39,1,1
10378,102,102,0,0
10379,120,113,7,7
10380,103,106,-3,3
10381,101,99,2,2
10382,106,104,2,2
10383,110,115,-5,5
10384,82,77,5,5
10385,88,80,8,8
10386,174,177,-3,3
10387,99,89,10,10
10388,66,66,0,0
10389,105,113,-8,8
10390,59,59,0,0
10391,128,113,15,15
10392,53,65,-12,12
10393,123,127,-4,4
10394,88,83,5,5
10395,80,77,3,3
10396,72,83,-11,11
10397,73,76,-3,3
10398,60,64,-4,4
10399,88,85,3,3
10400,82,83,-1,1
10401,156,146,10,10
10402,163,143,20,20
10403,73,75,-2,2
10404,105,96,9,9
10405,137,125,12,12
10406,74,78,-4,4
10407,85,78,7,7
10408,71,76,-5,5
10409,56,64,-8,8
10410,95,89,6,6
10411,48,46,2,2
10412,113,117,-4,4
10413,96,94,2,2
10414,111,113,-2,2
10415,80,117,-37,37
10416,44,46,-2,2
10417,73,67,6,6
10418,132,109,23,23
10419,100,89,11,11
10420,126,120,6,6
10421,77,83,-6,6
10422,81,88,-7,7
10423,68,65,3,3
10424,73,92,-19,19
10425,100,105,-5,5
10426,98,88,10,10
10427,60,60,0,0
10428,110,110,0,0
10429,102,100,2,2
10430,75,71,4,4
10431,138,143,-5,5
10432,81,77,4,4
10433,108,116,-8,8
10434,148,135,13,13
10435,59,54,5,5
10436,88,92,-4,4
10437,104,86,18,18
10438,72,68,4,4
10439,82,83,-1,1
10440,93,93,0,0
10441,93,87,6,6
10442,160,156,4,4
10443,129,129,0,0
10444,113,117,-4,4
10445,116,98,18,18
10446,119,118,1,1
10447,86,84,2,2
10448,44,62,-18,18
10449,76,68,8,8
10450,61,65,-4,4
10451,80,91,-11,11
10452,99,87,12,12
10453,87,101,-14,14
10454,117,111,6,6
10455,50,73,-23,23
10456,150,139,11,11
10457,123,112,11,11
10458,100,73,27,27
10459,147,143,4,4
10460,185,191,-6,6
10461,59,55,4,4
10462,81,75,6,6
10463,61,76,-15,15
10464,126,122,4,4
10465,82,86,-4,4
10466,100,95,5,5
10467,81,74,7,7
10468,39,41,-2,2
10469,77,71,6,6
10470,51,49,2,2
10471,98,107,-9,9
10472,133,146,-13,13
10473,80,77,3,3
10474,151,137,14,14
10475,88,77,11,11
10476,55,51,4,4
10477,72,79,-7,7
10478,75,83,-8,8
10479,77,71,6,6
10480,81,71,10,10
10481,144,142,2,2
10482,121,105,16,16
10483,57,53,4,4
10484,69,81,-12,12
10485,99,96,3,3
10486,64,70,-6,6
10487,130,110,20,20
10488,106,111,-5,5
10489,72,72,0,0
10490,67,70,-3,3
10491,68,69,-1,1
10492,79,85,-6,6
10493,81,82,-1,1
10494,69,70,-1,1
10495,67,67,0,0
10496,73,77,-4,4
10497,39,46,-7,7
10498,112,121,-9,9
10499,71,75,-4,4
10500,132,121,11,11
10501,133,139,-6,6
10502,95,91,4,4
10503,112,105,7,7
10504,112,100,12,12
10505,99,113,-14,14
10506,71,79,-8,8
10507,127,142,-15,15
10508,89,96,-7,7
10509,87,85,2,2
10510,124,113,11,11
10511,66,69,-3,3
10512,92,96,-4,4
10513,80,75,5,5
10514,94,95,-1,1
10515,146,154,-8,8
10516,139,138,1,1
10517,136,129,7,7
10518,63,61,2,2
10519,54,55,-1,1
10520,171,162,9,9
10521,91,87,4,4
10522,170,157,13,13
10523,147,148,-1,1
10524,70,70,0,0
10525,140,144,-4,4
10526,117,119,-2,2
10527,72,72,0,0
10528,132,127,5,5
10529,63,65,-2,2
10530,102,102,0,0
10531,81,84,-3,3
10532,90,91,-1,1
10533,87,90,-3,3
10534,127,121,6,6
10535,56,59,-3,3
10536,44,45,-1,1
10537,122,117,5,5
10538,111,109,2,2
10539,66,68,-2,2
10540,110,117,-7,7
10541,101,100,1,1
10542,119,120,-1,1
10543,75,83,-8,8
10544,65,65,0,0
10545,55,58,-3,3
10546,76,87,-11,11
10547,70,72,-2,2
10548,157,182,-25,25
10549,27,34,-7,7
10550,83,80,3,3
10551,125,121,4,4
10552,95,102,-7,7
10553,86,78,8,8
10554,116,116,0,0
10555,66,65,1,1
10556,144,166,-22,22
10557,96,101,-5,5
10558,94,91,3,3
10559,37,42,-5,5
10560,195,181,14,14
10561,108,104,4,4
10562,130,130,0,0
10563,78,83,-5,5
10564,57,62,-5,5
10565,72,66,6,6
10566,57,69,-12,12
10567,90,100,-10,10
10568,67,60,7,7
10569,157,158,-1,1
10570,57,64,-7,7
10571,94,95,-1,1
10572,69,74,-5,5
10573,86,85,1,1
10574,58,60,-2,2
10575,105,104,1,1
10576,74,70,4,4
10577,116,114,2,2
10578,78,73,5,5
10579,115,110,5,5
10580,64,63,1,1
10581,127,117,10,10
10582,77,78,-1,1
10583,99,93,6,6
10584,68,73,-5,5
10585,101,114,-13,13
10586,88,82,6,6
10587,121,119,2,2
10588,100,98,2,2
10589,87,68,19,19
10590,80,75,5,5
10591,43,47,-4,4
10592,103,108,-5,5
10593,149,136,13,13
10594,67,73,-6,6
10595,110,111,-1,1
10596,127,113,14,14
10597,55,56,-1,1
10598,133,127,6,6
10599,82,85,-3,3
10600,45,42,3,3
10601,59,62,-3,3
10602,120,116,4,4
10603,103,107,-4,4
10604,145,144,1,1
10605,119,124,-5,5
10606,75,82,-7,7
10607,74,66,8,8
10608,109,114,-5,5
10609,148,142,6,6
10610,80,81,-1,1
10611,68,66,2,2
10612,116,120,-4,4
10613,114,103,11,11
10614,100,104,-4,4
10615,72,73,-1,1
10616,119,134,-15,15
10617,96,89,7,7
10618,58,63,-5,5
10619,132,139,-7,7
10620,169,168,1,1
10621,70,69,1,1
10622,90,82,8,8
10623,93,87,6,6
10624,107,128,-21,21
10625,124,115,9,9
10626,43,47,-4,4
10627,102,95,7,7
10628,107,104,3,3
10629,61,68,-7,7
10630,62,63,-1,1
10631,72,65,7,7
10632,129,120,9,9
10633,74,76,-2,2
10634,81,76,5,5
10635,107,96,11,11
10636,79,78,1,1
10637,43,43,0,0
10638,72,79,-7,7
10639,102,88,14,14
10640,93,84,9,9
10641,90,88,2,2
10642,66,60,6,6
10643,125,120,5,5
10644,73,71,2,2
10645,78,66,12,12
10646,49,51,-2,2
10647,81,72,9,9
10648,74,82,-8,8
10649,78,72,6,6
10650,82,81,1,1
10651,92,108,-16,16
10652,110,84,26,26
10653,96,94,2,2
10654,83,86,-3,3
10655,143,141,2,2
10656,88,78,10,10
10657,111,112,-1,1
10658,54,51,3,3
10659,66,72,-6,6
10660,68,81,-13,13
10661,57,63,-6,6
10662,169,146,23,23
10663,63,73,-10,10
10664,131,143,-12,12
10665,102,99,3,3
10666,47,50,-3,3
10667,58,65,-7,7
10668,127,122,5,5
10669,100,95,5,5
10670,109,113,-4,4
10671,109,100,9,9
10672,92,88,4,4
10673,93,85,8,8
10674,64,62,2,2
10675,95,100,-5,5
10676,97,93,4,4
10677,87,90,-3,3
10678,65,69,-4,4
10679,84,85,-1,1
10680,140,121,19,19
10681,88,84,4,4
10682,56,52,4,4
10683,131,129,2,2
10684,107,102,5,5
10685,93,85,8,8
10686,125,116,9,9
10687,204,194,10,10
10688,128,118,10,10
10689,80,75,5,5
10690,161,181,-20,20
10691,114,109,5,5
10692,96,79,17,17
10693,79,84,-5,5
10694,60,60,0,0
10695,176,169,7,7
10696,41,42,-1,1
10697,50,58,-8,8
10698,45,44,1,1
10699,168,138,30,30
10700,65,64,1,1
10701,57,46,11,11
10702,98,96,2,2
10703,77,77,0,0
10704,84,79,5,5
10705,76,83,-7,7
10706,75,84,-9,9
10707,93,94,-1,1
10708,71,105,-34,34
10709,87,83,4,4
10710,65,67,-2,2
10711,130,118,12,12
10712,74,61,13,13
10713,34,42,-8,8
10714,129,110,19,19
10715,114,121,-7,7
10716,70,65,5,5
10717,50,63,-13,13
10718,93,86,7,7
10719,55,50,5,5
10720,94,83,11,11
10721,46,40,6,6
10722,50,46,4,4
10723,104,94,10,10
10724,118,117,1,1
10725,102,97,5,5
10726,84,82,2,2
10727,165,176,-11,11
10728,97,98,-1,1
10729,92,90,2,2
10730,89,79,10,10
10731,76,73,3,3
10732,75,95,-20,20
10733,142,140,2,2
10734,96,97,-1,1
10735,145,149,-4,4
10736,87,89,-2,2
10737,64,66,-2,2
10738,48,63,-15,15
10739,94,90,4,4
10740,69,63,6,6
10741,66,59,7,7
10742,131,120,11,11
10743,98,95,3,3
10744,94,101,-7,7
10745,65,66,-1,1
10746,89,88,1,1
10747,128,121,7,7
10748,144,136,8,8
10749,53,60,-7,7
10750,108,113,-5,5
10751,29,42,-13,13
10752,58,57,1,1
10753,94,104,-10,10
10754,74,71,3,3
10755,133,128,5,5
10756,75,71,4,4
10757,87,78,9,9
10758,133,132,1,1
10759,74,65,9,9
10760,80,81,-1,1
10761,52,53,-1,1
10762,116,115,1,1
10763,158,154,4,4
10764,224,204,20,20
10765,97,98,-1,1
10766,128,120,8,8
10767,102,104,-2,2
10768,114,106,8,8
10769,41,43,-2,2
10770,86,87,-1,1
10771,42,45,-3,3
10772,111,105,6,6
10773,142,143,-1,1
10774,68,70,-2,2
10775,65,62,3,3
10776,116,120,-4,4
10777,91,80,11,11
10778,157,157,0,0
10779,140,135,5,5
10780,126,116,10,10
10781,77,75,2,2
10782,86,87,-1,1
10783,102,102,0,0
10784,95,92,3,3
10785,64,64,0,0
10786,103,115,-12,12
10787,55,59,-4,4
10788,77,83,-6,6
10789,160,148,12,12
10790,58,60,-2,2
10791,191,191,0,0
10792,121,126,-5,5
10793,77,67,10,10
10794,161,152,9,9
10795,65,65,0,0
10796,80,92,-12,12
10797,77,81,-4,4
10798,67,77,-10,10
10799,51,49,2,2
10800,76,76,0,0
10801,155,139,16,16
10802,96,88,8,8
10803,65,66,-1,1
10804,98,95,3,3
10805,101,97,4,4
10806,49,42,7,7
10807,112,107,5,5
10808,81,66,15,15
10809,49,50,-1,1
10810,65,61,4,4
10811,90,86,4,4
10812,126,117,9,9
10813,48,48,0,0
10814,120,119,1,1
10815,55,59,-4,4
10816,75,86,-11,11
10817,83,100,-17,17
10818,135,126,9,9
10819,131,129,2,2
10820,117,125,-8,8
10821,88,79,9,9
10822,92,93,-1,1
10823,90,97,-7,7
10824,98,103,-5,5
10825,101,93,8,8
10826,138,139,-1,1
10827,84,86,-2,2
10828,104,107,-3,3
10829,98,113,-15,15
10830,87,87,0,0
10831,102,108,-6,6
10832,81,84,-3,3
10833,75,81,-6,6
10834,145,136,9,9
10835,114,112,2,2
10836,63,63,0,0
10837,51,55,-4,4
10838,109,110,-1,1
10839,69,68,1,1
10840,87,102,-15,15
10841,72,65,7,7
10842,114,115,-1,1
10843,96,84,12,12
10844,140,151,-11,11
10845,171,166,5,5
10846,97,96,1,1
10847,77,76,1,1
10848,125,103,22,22
10849,75,74,1,1
10850,98,107,-9,9
10851,118,116,2,2
10852,120,114,6,6
10853,69,71,-2,2
10854,57,61,-4,4
10855,129,123,6,6
10856,127,128,-1,1
10857,81,83,-2,2
10858,102,103,-1,1
10859,154,143,11,11
10860,116,107,9,9
10861,47,50,-3,3
10862,124,121,3,3
10863,124,117,7,7
10864,138,125,13,13
10865,82,85,-3,3
10866,120,114,6,6
10867,114,100,14,14
10868,90,88,2,2
10869,88,81,7,7
10870,53,52,1,1
10871,84,78,6,6
10872,80,82,-2,2
10873,147,142,5,5
10874,79,87,-8,8
10875,115,108,7,7
10876,80,75,5,5
10877,117,116,1,1
10878,123,117,6,6
10879,54,63,-9,9
10880,93,92,1,1
10881,145,145,0,0
10882,128,134,-6,6
10883,73,73,0,0
10884,51,48,3,3
10885,65,63,2,2
10886,102,113,-11,11
10887,95,104,-9,9
10888,58,54,4,4
10889,49,60,-11,11
10890,113,112,1,1
10891,121,127,-6,6
10892,148,148,0,0
10893,139,143,-4,4
10894,96,110,-14,14
10895,143,138,5,5
10896,92,95,-3,3
10897,78,78,0,0
10898,11,30,-19,19
10899,66,70,-4,4
10900,79,78,1,1
10901,70,70,0,0
10902,67,72,-5,5
10903,77,75,2,2
10904,144,144,0,0
10905,84,87,-3,3
10906,50,48,2,2
10907,79,69,10,10
10908,90,98,-8,8
10909,62,55,7,7
10910,134,146,-12,12
10911,110,95,15,15
10912,78,105,-27,27
10913,142,126,16,16
10914,79,85,-6,6
10915,143,138,5,5
10916,80,86,-6,6
10917,37,38,-1,1
10918,70,69,1,1
10919,96,102,-6,6
10920,135,142,-7,7
10921,76,73,3,3
10922,181,172,9,9
10923,105,110,-5,5
10924,49,51,-2,2
10925,65,71,-6,6
10926,139,131,8,8
10927,38,42,-4,4
10928,83,85,-2,2
10929,56,62,-6,6
10930,120,104,16,16
10931,109,114,-5,5
10932,160,155,5,5
10933,117,129,-12,12
10934,92,98,-6,6
10935,99,98,1,1
10936,114,113,1,1
10937,70,64,6,6
10938,93,101,-8,8
10939,112,103,9,9
10940,118,110,8,8
10941,72,63,9,9
10942,51,58,-7,7
10943,119,102,17,17
10944,85,84,1,1
10945,101,112,-11,11
10946,78,84,-6,6
10947,75,71,4,4
10948,69,79,-10,10
10949,120,113,7,7
10950,72,71,1,1
10951,64,75,-11,11
10952,80,82,-2,2
10953,80,84,-4,4
10954,75,70,5,5
10955,76,73,3,3
10956,157,148,9,9
10957,80,96,-16,16
10958,117,114,3,3
10959,103,91,12,12
10960,129,111,18,18
10961,139,137,2,2
10962,98,95,3,3
10963,87,75,12,12
10964,165,149,16,16
10965,73,75,-2,2
10966,137,134,3,3
10967,150,156,-6,6
10968,74,84,-10,10
10969,157,149,8,8
10970,82,100,-18,18
10971,74,65,9,9
10972,37,65,-28,28
10973,95,95,0,0
10974,104,98,6,6
10975,124,129,-5,5
10976,37,46,-9,9
10977,80,108,-28,28
10978,80,88,-8,8
10979,88,80,8,8
10980,147,122,25,25
10981,65,70,-5,5
10982,101,99,2,2
10983,93,90,3,3
10984,71,71,0,0
10985,64,54,10,10
10986,71,78,-7,7
10987,60,69,-9,9
10988,64,82,-18,18
10989,55,53,2,2
10990,48,71,-23,23
10991,141,129,12,12
10992,95,91,4,4
10993,58,62,-4,4
10994,95,92,3,3
10995,71,76,-5,5
10996,89,86,3,3
10997,125,121,4,4
10998,170,178,-8,8
10999,153,155,-2,2
11000,84,83,1,1
11001,137,137,0,0
11002,81,76,5,5
11003,77,95,-18,18
11004,75,80,-5,5
11005,110,109,1,1
11006,53,52,1,1
11007,92,85,7,7
11008,105,118,-13,13
11009,55,59,-4,4
11010,85,97,-12,12
11011,141,125,16,16
11012,126,133,-7,7
11013,82,81,1,1
11014,124,119,5,5
11015,76,92,-16,16
11016,126,109,17,17
11017,56,59,-3,3
11018,65,62,3,3
11019,91,100,-9,9
11020,65,70,-5,5
11021,84,87,-3,3
11022,95,95,0,0
11023,109,94,15,15
11024,74,64,10,10
11025,60,54,6,6
11026,65,63,2,2
11027,77,78,-1,1
11028,79,79,0,0
11029,65,60,5,5
11030,110,109,1,1
11031,116,123,-7,7
11032,67,68,-1,1
11033,83,85,-2,2
11034,120,113,7,7
11035,157,132,25,25
11036,123,122,1,1
11037,80,79,1,1
11038,99,107,-8,8
11039,88,80,8,8
11040,67,85,-18,18
11041,134,132,2,2
11042,76,70,6,6
11043,96,106,-10,10
11044,83,91,-8,8
11045,57,62,-5,5
11046,93,92,1,1
11047,60,61,-1,1
11048,85,83,2,2
11049,62,71,-9,9
11050,110,112,-2,2
11051,108,108,0,0
11052,66,63,3,3
11053,67,82,-15,15
11054,71,66,5,5
11055,79,74,5,5
11056,145,151,-6,6
11057,62,73,-11,11
11058,60,70,-10,10
11059,126,128,-2,2
11060,120,124,-4,4
11061,67,73,-6,6
11062,96,96,0,0
11063,54,51,3,3
11064,66,61,5,5
11065,101,97,4,4
11066,83,74,9,9
11067,120,111,9,9
11068,186,185,1,1
11069,72,71,1,1
11070,91,92,-1,1
11071,158,147,11,11
11072,67,67,0,0
11073,118,99,19,19
11074,63,59,4,4
11075,105,97,8,8
11076,124,104,20,20
11077,108,87,21,21
11078,121,112,9,9
11079,39,41,-2,2
11080,90,89,1,1
11081,218,230,-12,12
11082,71,76,-5,5
11083,81,86,-5,5
11084,61,60,1,1
11085,86,78,8,8
11086,59,56,3,3
11087,168,172,-4,4
11088,86,101,-15,15
11089,104,109,-5,5
11090,89,91,-2,2
11091,80,76,4,4
11092,81,77,4,4
11093,87,78,9,9
11094,119,109,10,10
11095,136,131,5,5
11096,113,106,7,7
11097,68,76,-8,8
11098,86,73,13,13
11099,103,102,1,1
11100,72,80,-8,8
11101,142,148,-6,6
11102,172,188,-16,16
11103,166,165,1,1
11104,96,111,-15,15
11105,106,122,-16,16
11106,125,117,8,8
11107,125,118,7,7
11108,75,100,-25,25
11109,94,87,7,7
11110,103,105,-2,2
11111,58,54,4,4
11112,81,75,6,6
11113,133,116,17,17
11114,122,123,-1,1
11115,99,104,-5,5
11116,67,67,0,0
11117,126,120,6,6
11118,91,84,7,7
11119,73,76,-3,3
11120,89,93,-4,4
11121,124,141,-17,17
11122,68,60,8,8
11123,126,122,4,4
11124,76,83,-7,7
11125,167,149,18,18
11126,36,38,-2,2
11127,137,135,2,2
11128,93,89,4,4
11129,115,114,1,1
11130,125,115,10,10
11131,79,75,4,4
11132,59,60,-1,1
11133,90,92,-2,2
11134,73,71,2,2
11135,74,73,1,1
11136,111,102,9,9
11137,129,124,5,5
11138,80,81,-1,1
11139,97,94,3,3
11140,83,78,5,5
11141,129,126,3,3
11142,120,119,1,1
11143,93,83,10,10
11144,95,105,-10,10
11145,101,100,1,1
11146,93,93,0,0
11147,112,128,-16,16
11148,103,104,-1,1
11149,60,65,-5,5
11150,95,107,-12,12
11151,62,53,9,9
11152,69,71,-2,2
11153,83,100,-17,17
11154,53,49,4,4
11155,98,90,8,8
11156,101,111,-10,10
11157,73,81,-8,8
11158,94,104,-10,10
11159,55,52,3,3
11160,93,110,-17,17
11161,70,75,-5,5
11162,102,109,-7,7
11163,75,69,6,6
11164,77,65,12,12
11165,96,92,4,4
11166,93,104,-11,11
11167,78,86,-8,8
11168,155,149,6,6
11169,94,95,-1,1
11170,66,65,1,1
11171,71,83,-12,12
11172,96,92,4,4
11173,143,144,-1,1
11174,60,61,-1,1
11175,79,85,-6,6
11176,93,87,6,6
11177,126,123,3,3
11178,128,118,10,10
11179,103,92,11,11
11180,95,91,4,4
11181,86,99,-13,13
11182,95,91,4,4
11183,68,69,-1,1
11184,102,109,-7,7
11185,74,72,2,2
11186,94,121,-27,27
11187,83,63,20,20
11188,107,103,4,4
11189,65,63,2,2
11190,66,71,-5,5
11191,113,111,2,2
11192,164,149,15,15
11193,60,61,-1,1
11194,139,156,-17,17
11195,96,105,-9,9
11196,87,78,9,9
11197,113,109,4,4
11198,180,177,3,3
11199,106,101,5,5
11200,73,74,-1,1
11201,121,125,-4,4
11202,125,118,7,7
11203,62,64,-2,2
11204,56,50,6,6
11205,81,78,3,3
11206,103,99,4,4
11207,107,100,7,7
11208,70,64,6,6
11209,107,100,7,7
11210,167,209,-42,42
11211,72,53,19,19
11212,123,116,7,7
11213,178,191,-13,13
11214,142,151,-9,9
11215,138,125,13,13
11216,148,138,10,10
11217,141,139,2,2
11218,119,128,-9,9
11219,67,70,-3,3
11220,126,141,-15,15
11221,35,71,-36,36
11222,86,90,-4,4
11223,82,93,-11,11
11224,135,166,-31,31
11225,111,101,10,10
11226,145,146,-1,1
11227,99,83,16,16
11228,69,73,-4,4
11229,81,95,-14,14
11230,58,59,-1,1
11231,58,70,-12,12
11232,141,119,22,22
11233,75,78,-3,3
11234,108,113,-5,5
11235,128,137,-9,9
11236,87,102,-15,15
11237,90,99,-9,9
11238,133,135,-2,2
11239,73,69,4,4
11240,63,63,0,0
11241,73,76,-3,3
11242,136,145,-9,9
11243,105,100,5,5
11244,60,61,-1,1
11245,102,95,7,7
11246,100,95,5,5
11247,57,61,-4,4
11248,71,71,0,0
11249,76,75,1,1
11250,58,60,-2,2
11251,204,190,14,14
11252,96,94,2,2
11253,113,107,6,6
11254,114,95,19,19
11255,138,130,8,8
11256,79,88,-9,9
11257,142,129,13,13
11258,109,105,4,4
11259,141,142,-1,1
11260,73,70,3,3
11261,89,81,8,8
11262,85,90,-5,5
11263,159,148,11,11
11264,107,102,5,5
11265,68,74,-6,6
11266,79,85,-6,6
11267,109,110,-1,1
11268,78,69,9,9
11269,61,62,-1,1
11270,102,101,1,1
11271,140,143,-3,3
11272,156,153,3,3
11273,155,150,5,5
11274,118,109,9,9
11275,85,83,2,2
11276,162,153,9,9
11277,105,110,-5,5
11278,100,98,2,2
11279,102,93,9,9
11280,130,124,6,6
11281,55,60,-5,5
11282,69,77,-8,8
11283,89,83,6,6
11284,39,48,-9,9
11285,139,133,6,6
11286,94,91,3,3
11287,79,69,10,10
11288,171,163,8,8
11289,139,135,4,4
11290,85,89,-4,4
11291,86,85,1,1
11292,114,103,11,11
11293,134,124,10,10
11294,51,48,3,3
11295,47,53,-6,6
11296,56,63,-7,7
11297,72,72,0,0
11298,96,104,-8,8
11299,143,143,0,0
11300,115,102,13,13
11301,99,107,-8,8
11302,91,100,-9,9
11303,85,88,-3,3
11304,151,133,18,18
11305,42,53,-11,11
11306,125,118,7,7
11307,41,71,-30,30
11308,137,118,19,19
11309,100,96,4,4
11310,143,125,18,18
11311,174,169,5,5
11312,81,79,2,2
11313,106,104,2,2
11314,150,139,11,11
11315,66,68,-2,2
11316,119,115,4,4
11317,133,114,19,19
11318,58,61,-3,3
11319,90,96,-6,6
11320,111,111,0,0
11321,157,140,17,17
11322,106,102,4,4
11323,121,118,3,3
11324,61,65,-4,4
11325,111,111,0,0
11326,88,87,1,1
11327,81,86,-5,5
11328,93,88,5,5
11329,77,79,-2,2
11330,163,144,19,19
11331,104,103,1,1
11332,76,73,3,3
11333,52,53,-1,1
11334,87,96,-9,9
11335,104,99,5,5
11336,62,59,3,3
11337,112,112,0,0
11338,76,83,-7,7
11339,129,126,3,3
11340,106,116,-10,10
11341,63,64,-1,1
11342,87,89,-2,2
11343,106,111,-5,5
11344,86,71,15,15
11345,88,86,2,2
11346,89,88,1,1
11347,71,74,-3,3
11348,116,101,15,15
11349,55,59,-4,4
11350,83,94,-11,11
11351,64,67,-3,3
11352,71,68,3,3
11353,128,116,12,12
11354,57,59,-2,2
11355,127,128,-1,1
11356,47,44,3,3
11357,94,88,6,6
11358,60,54,6,6
11359,60,69,-9,9
11360,55,68,-13,13
11361,97,103,-6,6
11362,82,84,-2,2
11363,109,104,5,5
11364,111,106,5,5
11365,61,60,1,1
11366,70,78,-8,8
11367,79,77,2,2
11368,107,106,1,1
11369,89,86,3,3
11370,60,55,5,5
11371,147,146,1,1
11372,83,83,0,0
11373,104,106,-2,2
11374,134,139,-5,5
11375,88,87,1,1
11376,35,39,-4,4
11377,117,132,-15,15
11378,78,77,1,1
11379,149,138,11,11
11380,85,85,0,0
11381,97,96,1,1
11382,115,125,-10,10
11383,109,91,18,18
11384,81,79,2,2
11385,81,87,-6,6
11386,93,102,-9,9
11387,123,131,-8,8
11388,95,95,0,0
11389,102,97,5,5
11390,57,52,5,5
11391,179,183,-4,4
11392,126,130,-4,4
11393,62,60,2,2
11394,65,76,-11,11
11395,109,101,8,8
11396,74,73,1,1
11397,113,112,1,1
11398,121,111,10,10
11399,114,108,6,6
11400,63,65,-2,2
11401,103,106,-3,3
11402,80,76,4,4
11403,45,74,-29,29
11404,93,92,1,1
11405,121,108,13,13
11406,166,170,-4,4
11407,63,75,-12,12
11408,66,60,6,6
11409,55,76,-21,21
11410,116,117,-1,1
11411,96,94,2,2
11412,76,75,1,1
11413,54,63,-9,9
11414,108,110,-2,2
11415,51,51,0,0
11416,109,105,4,4
11417,75,73,2,2
11418,86,94,-8,8
11419,82,94,-12,12
11420,36,41,-5,5
11421,64,68,-4,4
11422,119,105,14,14
11423,53,61,-8,8
11424,73,78,-5,5
11425,58,51,7,7
11426,41,44,-3,3
11427,58,66,-8,8
11428,118,117,1,1
11429,134,124,10,10
11430,75,74,1,1
11431,50,52,-2,2
11432,98,99,-1,1
11433,33,37,-4,4
11434,109,103,6,6
11435,79,85,-6,6
11436,60,59,1,1
11437,100,105,-5,5
11438,85,74,11,11
11439,75,79,-4,4
11440,82,70,12,12
11441,57,60,-3,3
11442,164,165,-1,1
11443,157,152,5,5
11444,76,70,6,6
11445,72,77,-5,5
11446,57,85,-28,28
11447,96,114,-18,18
11448,90,84,6,6
11449,100,96,4,4
11450,129,123,6,6
11451,91,85,6,6
11452,98,94,4,4
11453,102,100,2,2
11454,198,203,-5,5
11455,78,71,7,7
11456,60,59,1,1
11457,173,169,4,4
11458,98,97,1,1
11459,72,70,2,2
11460,90,121,-31,31
11461,170,161,9,9
11462,163,150,13,13
11463,77,78,-1,1
11464,66,73,-7,7
11465,67,62,5,5
11466,66,81,-15,15
11467,99,87,12,12
11468,86,85,1,1
11469,85,88,-3,3
11470,71,68,3,3
11471,136,128,8,8
11472,86,81,5,5
11473,60,61,-1,1
11474,119,121,-2,2
11475,132,134,-2,2
11476,114,115,-1,1
11477,66,67,-1,1
11478,147,139,8,8
11479,90,95,-5,5
11480,112,106,6,6
11481,68,60,8,8
11482,119,113,6,6
11483,121,117,4,4
11484,70,98,-28,28
11485,124,116,8,8
11486,47,50,-3,3
11487,70,79,-9,9
11488,80,71,9,9
11489,44,45,-1,1
11490,75,83,-8,8
11491,65,68,-3,3
11492,80,71,9,9
11493,95,95,0,0
11494,124,120,4,4
11495,50,55,-5,5
11496,133,120,13,13
11497,77,76,1,1
11498,105,106,-1,1
11499,70,67,3,3
11500,86,88,-2,2
11501,97,85,12,12
11502,80,77,3,3
11503,98,109,-11,11
11504,106,109,-3,3
11505,74,69,5,5
11506,66,66,0,0
11507,118,121,-3,3
11508,110,98,12,12
11509,156,148,8,8
11510,67,63,4,4
11511,170,145,25,25
11512,117,105,12,12
11513,101,100,1,1
11514,130,123,7,7
11515,93,103,-10,10
11516,105,101,4,4
11517,41,64,-23,23
11518,84,69,15,15
11519,59,61,-2,2
11520,141,137,4,4
11521,47,67,-20,20
11522,114,95,19,19
11523,137,133,4,4
11524,126,136,-10,10
11525,62,61,1,1
11526,111,110,1,1
11527,74,75,-1,1
11528,81,76,5,5
11529,160,157,3,3
11530,102,99,3,3
11531,91,84,7,7
11532,83,84,-1,1
11533,72,61,11,11
11534,68,74,-6,6
11535,126,115,11,11
11536,77,80,-3,3
11537,160,142,18,18
11538,106,107,-1,1
11539,81,82,-1,1
11540,170,142,28,28
11541,131,126,5,5
11542,50,65,-15,15
11543,115,108,7,7
11544,70,75,-5,5
11545,109,117,-8,8
11546,72,67,5,5
11547,74,75,-1,1
11548,67,69,-2,2
11549,81,77,4,4
11550,83,84,-1,1
11551,105,104,1,1
11552,95,101,-6,6
11553,133,122,11,11
11554,115,125,-10,10
11555,98,92,6,6
11556,55,61,-6,6
11557,109,107,2,2
11558,50,59,-9,9
11559,145,137,8,8
11560,89,76,13,13
11561,85,84,1,1
11562,85,83,2,2
11563,65,85,-20,20
11564,86,88,-2,2
11565,105,95,10,10
11566,53,53,0,0
11567,60,60,0,0
11568,121,113,8,8
11569,52,63,-11,11
11570,53,54,-1,1
11571,164,163,1,1
11572,92,97,-5,5
11573,100,101,-1,1
11574,111,108,3,3
11575,67,63,4,4
11576,169,158,11,11
11577,86,81,5,5
11578,51,47,4,4
11579,96,96,0,0
11580,97,83,14,14
11581,82,71,11,11
11582,75,79,-4,4
11583,103,98,5,5
11584,91,84,7,7
11585,108,108,0,0
11586,85,88,-3,3
11587,137,135,2,2
11588,88,90,-2,2
11589,167,155,12,12
11590,65,67,-2,2
11591,92,83,9,9
11592,98,89,9,9
11593,68,71,-3,3
11594,65,62,3,3
11595,60,56,4,4
11596,71,65,6,6
11597,50,48,2,2
11598,79,84,-5,5
11599,102,97,5,5
11600,85,79,6,6
11601,69,67,2,2
11602,105,105,0,0
11603,114,109,5,5
11604,77,78,-1,1
11605,70,61,9,9
11606,80,80,0,0
11607,137,144,-7,7
11608,105,100,5,5
11609,83,91,-8,8
11610,95,93,2,2
11611,70,77,-7,7
11612,183,177,6,6
11613,50,53,-3,3
11614,164,162,2,2
11615,125,115,10,10
11616,90,88,2,2
11617,108,104,4,4
11618,150,148,2,2
11619,90,82,8,8
11620,73,69,4,4
11621,86,95,-9,9
11622,91,102,-11,11
11623,108,108,0,0
11624,120,114,6,6
11625,127,105,22,22
11626,65,61,4,4
11627,121,93,28,28
11628,80,75,5,5
11629,89,72,17,17
11630,81,74,7,7
11631,96,74,22,22
11632,119,114,5,5
11633,118,120,-2,2
11634,128,132,-4,4
11635,56,68,-12,12
11636,56,67,-11,11
11637,86,77,9,9
11638,79,77,2,2
11639,116,105,11,11
11640,69,73,-4,4
11641,111,95,16,16
11642,81,97,-16,16
11643,56,60,-4,4
11644,119,123,-4,4
11645,82,73,9,9
11646,81,77,4,4
11647,136,122,14,14
11648,127,132,-5,5
11649,108,116,-8,8
11650,129,130,-1,1
11651,74,94,-20,20
11652,63,77,-14,14
11653,168,155,13,13
11654,100,103,-3,3
11655,66,67,-1,1
11656,70,83,-13,13
11657,101,98,3,3
11658,112,101,11,11
11659,102,89,13,13
11660,124,124,0,0
11661,82,82,0,0
11662,94,93,1,1
11663,70,82,-12,12
11664,72,79,-7,7
11665,67,65,2,2
11666,117,131,-14,14
11667,47,45,2,2
11668,110,99,11,11
11669,93,88,5,5
11670,64,62,2,2
11671,134,137,-3,3
11672,66,61,5,5
11673,69,66,3,3
11674,99,104,-5,5
11675,137,128,9,9
11676,58,62,-4,4
11677,85,80,5,5
11678,94,86,8,8
11679,104,102,2,2
11680,108,110,-2,2
11681,89,86,3,3
11682,176,167,9,9
11683,88,89,-1,1
11684,46,49,-3,3
11685,94,95,-1,1
11686,162,159,3,3
11687,92,89,3,3
11688,96,90,6,6
11689,124,122,2,2
11690,74,84,-10,10
11691,68,74,-6,6
11692,67,69,-2,2
11693,90,92,-2,2
11694,87,88,-1,1
11695,86,78,8,8
11696,68,73,-5,5
11697,90,89,1,1
11698,77,82,-5,5
11699,126,107,19,19
11700,126,117,9,9
11701,94,96,-2,2
11702,172,169,3,3
11703,63,90,-27,27
11704,101,94,7,7
11705,148,144,4,4
11706,87,94,-7,7
11707,127,115,12,12
11708,121,101,20,20
11709,142,148,-6,6
11710,73,73,0,0
11711,71,73,-2,2
11712,103,132,-29,29
11713,39,41,-2,2
11714,99,103,-4,4
11715,69,67,2,2
11716,182,168,14,14
11717,138,164,-26,26
11718,142,140,2,2
11719,114,122,-8,8
11720,54,48,6,6
11721,93,87,6,6
11722,110,102,8,8
11723,38,45,-7,7
11724,133,135,-2,2
11725,143,134,9,9
11726,125,128,-3,3
11727,69,68,1,1
11728,120,121,-1,1
11729,121,130,-9,9
11730,71,63,8,8
11731,97,94,3,3
11732,104,100,4,4
11733,97,91,6,6
11734,47,50,-3,3
11735,184,174,10,10
11736,110,122,-12,12
11737,67,68,-1,1
11738,106,106,0,0
11739,66,77,-11,11
11740,118,108,10,10
11741,81,83,-2,2
11742,83,83,0,0
11743,64,74,-10,10
11744,70,59,11,11
11745,50,51,-1,1
11746,93,84,9,9
11747,157,141,16,16
11748,51,50,1,1
11749,77,75,2,2
11750,87,79,8,8
11751,119,113,6,6
11752,115,107,8,8
11753,85,74,11,11
11754,63,76,-13,13
11755,91,98,-7,7
11756,67,66,1,1
11757,64,72,-8,8
11758,127,138,-11,11
11759,67,68,-1,1
11760,71,69,2,2
11761,96,88,8,8
11762,111,111,0,0
11763,62,62,0,0
11764,77,72,5,5
11765,174,176,-2,2
11766,138,126,12,12
11767,65,65,0,0
11768,116,111,5,5
11769,47,51,-4,4
11770,119,116,3,3
11771,94,84,10,10
11772,122,120,2,2
11773,92,99,-7,7
11774,148,129,19,19
11775,67,70,-3,3
11776,101,102,-1,1
11777,86,85,1,1
11778,53,61,-8,8
11779,77,80,-3,3
11780,126,113,13,13
11781,74,68,6,6
11782,91,92,-1,1
11783,81,83,-2,2
11784,43,44,-1,1
11785,114,105,9,9
11786,79,85,-6,6
11787,96,89,7,7
11788,106,95,11,11
11789,79,88,-9,9
11790,120,132,-12,12
11791,107,109,-2,2
11792,98,94,4,4
11793,47,47,0,0
11794,76,78,-2,2
11795,85,84,1,1
11796,67,80,-13,13
11797,79,77,2,2
11798,90,100,-10,10
11799,84,76,8,8
11800,152,140,12,12
11801,152,139,13,13
11802,87,84,3,3
11803,65,64,1,1
11804,83,80,3,3
11805,205,193,12,12
11806,151,150,1,1
11807,114,96,18,18
11808,83,82,1,1
11809,66,72,-6,6
11810,66,70,-4,4
11811,105,99,6,6
11812,176,161,15,15
11813,166,162,4,4
11814,185,174,11,11
11815,108,107,1,1
11816,95,92,3,3
11817,67,84,-17,17
11818,87,89,-2,2
11819,82,84,-2,2
11820,121,115,6,6
11821,71,78,-7,7
11822,62,68,-6,6
11823,113,92,21,21
11824,104,100,4,4
11825,68,69,-1,1
11826,93,101,-8,8
11827,74,64,10,10
11828,60,62,-2,2
11829,80,88,-8,8
11830,70,74,-4,4
11831,75,76,-1,1
11832,76,66,10,10
11833,75,70,5,5
11834,80,70,10,10
11835,45,53,-8,8
11836,93,112,-19,19
11837,99,109,-10,10
11838,77,81,-4,4
11839,89,86,3,3
11840,143,154,-11,11
11841,83,91,-8,8
11842,102,99,3,3
11843,122,121,1,1
11844,118,109,9,9
11845,132,108,24,24
11846,102,114,-12,12
11847,75,69,6,6
11848,105,109,-4,4
11849,124,118,6,6
11850,75,71,4,4
11851,47,49,-2,2
11852,130,132,-2,2
11853,147,141,6,6
11854,134,125,9,9
11855,71,72,-1,1
11856,72,70,2,2
11857,42,47,-5,5
11858,97,92,5,5
11859,99,107,-8,8
11860,147,153,-6,6
11861,127,126,1,1
11862,65,62,3,3
11863,73,89,-16,16
11864,54,61,-7,7
11865,87,86,1,1
11866,125,131,-6,6
11867,120,123,-3,3
11868,75,74,1,1
11869,101,106,-5,5
11870,139,137,2,2
11871,93,87,6,6
11872,85,89,-4,4
11873,162,152,10,10
11874,158,152,6,6
11875,234,204,30,30
11876,76,78,-2,2
11877,68,62,6,6
11878,60,58,2,2
11879,115,105,10,10
11880,92,90,2,2
11881,99,78,21,21
11882,95,91,4,4
11883,69,81,-12,12
11884,53,63,-10,10
11885,100,96,4,4
11886,157,150,7,7
11887,103,98,5,5
11888,117,118,-1,1
11889,100,96,4,4
11890,95,91,4,4
11891,146,132,14,14
11892,97,93,4,4
11893,49,49,0,0
11894,83,85,-2,2
11895,89,79,10,10
11896,97,101,-4,4
11897,98,99,-1,1
11898,99,99,0,0
11899,52,60,-8,8
11900,92,92,0,0
11901,128,137,-9,9
11902,60,54,6,6
11903,47,49,-2,2
11904,106,98,8,8
11905,78,71,7,7
11906,143,146,-3,3
11907,90,87,3,3
11908,125,120,5,5
11909,80,88,-8,8
11910,114,109,5,5
11911,161,150,11,11
11912,120,114,6,6
11913,41,68,-27,27
11914,38,44,-6,6
11915,105,115,-10,10
11916,48,49,-1,1
11917,58,60,-2,2
11918,112,105,7,7
11919,59,60,-1,1
11920,76,77,-1,1
11921,118,117,1,1
11922,77,72,5,5
11923,51,52,-1,1
11924,76,65,11,11
11925,56,59,-3,3
11926,40,48,-8,8
11927,69,68,1,1
11928,77,75,2,2
11929,91,92,-1,1
11930,149,145,4,4
11931,110,106,4,4
11932,115,121,-6,6
11933,117,111,6,6
11934,93,88,5,5
11935,31,45,-14,14
11936,111,125,-14,14
11937,79,87,-8,8
11938,72,73,-1,1
11939,44,47,-3,3
11940,89,89,0,0
11941,51,53,-2,2
11942,186,190,-4,4
11943,144,133,11,11
11944,98,90,8,8
11945,68,68,0,0
11946,82,84,-2,2
11947,110,106,4,4
11948,101,76,25,25
11949,73,74,-1,1
11950,106,107,-1,1
11951,50,51,-1,1
11952,128,127,1,1
11953,82,85,-3,3
11954,39,61,-22,22
11955,57,58,-1,1
11956,100,97,3,3
11957,132,130,2,2
11958,58,61,-3,3
11959,65,65,0,0
11960,46,50,-4,4
11961,90,87,3,3
11962,132,125,7,7
11963,84,86,-2,2
11964,95,91,4,4
11965,152,151,1,1
11966,67,65,2,2
11967,96,106,-10,10
11968,78,81,-3,3
11969,99,87,12,12
11970,71,78,-7,7
11971,116,108,8,8
11972,122,125,-3,3
11973,81,78,3,3
11974,42,50,-8,8
11975,121,120,1,1
11976,144,140,4,4
11977,190,191,-1,1
11978,132,124,8,8
11979,112,99,13,13
11980,106,93,13,13
11981,104,98,6,6
11982,79,75,4,4
11983,81,82,-1,1
11984,92,113,-21,21
11985,55,59,-4,4
11986,85,72,13,13
11987,72,70,2,2
11988,48,48,0,0
11989,92,103,-11,11
11990,44,48,-4,4
11991,112,106,6,6
11992,118,112,6,6
11993,74,79,-5,5
11994,102,93,9,9
11995,93,100,-7,7
11996,113,102,11,11
11997,89,92,-3,3
11998,133,134,-1,1
11999,45,49,-4,4
12000,53,53,0,0
12001,139,138,1,1
12002,61,61,0,0
12003,85,101,-16,16
12004,67,65,2,2
12005,81,77,4,4
12006,33,37,-4,4
12007,74,76,-2,2
12008,81,81,0,0
12009,81,83,-2,2
12010,114,111,3,3
12011,158,164,-6,6
12012,59,63,-4,4
12013,60,64,-4,4
12014,111,105,6,6
12015,102,99,3,3
12016,89,78,11,11
12017,80,75,5,5
12018,73,78,-5,5
12019,53,51,2,2
12020,124,118,6,6
12021,108,105,3,3
12022,101,89,12,12
12023,93,97,-4,4
12024,69,77,-8,8
12025,111,114,-3,3
12026,74,77,-3,3
12027,80,75,5,5
12028,101,94,7,7
12029,127,142,-15,15
12030,78,74,4,4
12031,143,151,-8,8
12032,114,128,-14,14
12033,49,72,-23,23
12034,115,119,-4,4
12035,103,91,12,12
12036,84,90,-6,6
12037,88,88,0,0
12038,92,87,5,5
12039,108,110,-2,2
12040,90,86,4,4
12041,65,70,-5,5
12042,60,55,5,5
12043,72,73,-1,1
12044,129,141,-12,12
12045,76,77,-1,1
12046,109,117,-8,8
12047,88,101,-13,13
12048,60,61,-1,1
12049,47,42,5,5
12050,100,91,9,9
12051,117,125,-8,8
12052,125,114,11,11
12053,113,105,8,8
12054,54,50,4,4
12055,111,117,-6,6
12056,156,144,12,12
12057,110,113,-3,3
12058,82,96,-14,14
12059,114,105,9,9
12060,68,74,-6,6
12061,66,78,-12,12
12062,90,91,-1,1
12063,63,62,1,1
12064,100,101,-1,1
12065,66,68,-2,2
12066,141,136,5,5
12067,79,75,4,4
12068,104,88,16,16
12069,140,129,11,11
12070,72,74,-2,2
12071,39,44,-5,5
12072,118,110,8,8
12073,97,85,12,12
12074,95,104,-9,9
12075,86,88,-2,2
12076,90,88,2,2
12077,86,98,-12,12
12078,95,95,0,0
12079,118,111,7,7
12080,94,88,6,6
12081,130,132,-2,2
12082,58,56,2,2
12083,121,127,-6,6
12084,125,127,-2,2
12085,150,152,-2,2
12086,102,98,4,4
12087,122,108,14,14
12088,109,104,5,5
12089,74,79,-5,5
12090,93,85,8,8
12091,53,55,-2,2
12092,117,123,-6,6
12093,93,94,-1,1
12094,191,201,-10,10
12095,142,122,20,20
12096,123,113,10,10
12097,83,87,-4,4
12098,127,122,5,5
12099,83,84,-1,1
12100,85,80,5,5
12101,83,85,-2,2
12102,94,84,10,10
12103,164,157,7,7
12104,72,63,9,9
12105,76,69,7,7
12106,122,108,14,14
12107,59,43,16,16
12108,87,86,1,1
12109,88,69,19,19
12110,61,56,5,5
12111,154,146,8,8
12112,159,148,11,11
12113,163,152,11,11
12114,104,95,9,9
12115,121,125,-4,4
12116,116,107,9,9
12117,98,100,-2,2
12118,84,87,-3,3
12119,42,45,-3,3
12120,78,74,4,4
12121,99,117,-18,18
12122,77,94,-17,17
12123,189,176,13,13
12124,66,79,-13,13
12125,144,148,-4,4
12126,196,186,10,10
12127,107,103,4,4
12128,68,70,-2,2
12129,88,80,8,8
12130,36,43,-7,7
12131,107,102,5,5
12132,123,112,11,11
12133,62,61,1,1
12134,207,198,9,9
12135,89,88,1,1
12136,74,79,-5,5
12137,87,85,2,2
12138,135,131,4,4
12139,72,66,6,6
12140,183,142,41,41
12141,118,127,-9,9
12142,110,85,25,25
12143,111,110,1,1
12144,122,108,14,14
12145,90,94,-4,4
12146,121,119,2,2
12147,58,65,-7,7
12148,126,122,4,4
12149,105,102,3,3
12150,109,108,1,1
12151,71,76,-5,5
12152,148,144,4,4
12153,95,96,-1,1
12154,103,102,1,1
12155,90,90,0,0
12156,77,77,0,0
12157,126,118,8,8
12158,141,138,3,3
12159,134,123,11,11
12160,49,47,2,2
12161,99,98,1,1
12162,130,119,11,11
12163,74,68,6,6
12164,64,62,2,2
12165,196,179,17,17
12166,106,115,-9,9
12167,100,104,-4,4
12168,88,86,2,2
12169,116,111,5,5
12170,107,108,-1,1
12171,128,130,-2,2
12172,93,84,9,9
12173,150,134,16,16
12174,92,83,9,9
12175,96,86,10,10
12176,115,109,6,6
12177,111,104,7,7
12178,87,89,-2,2
12179,69,69,0,0
12180,139,151,-12,12
12181,104,104,0,0
12182,115,117,-2,2
12183,114,107,7,7
12184,58,61,-3,3
12185,77,75,2,2
12186,79,87,-8,8
12187,114,114,0,0
12188,111,118,-7,7
12189,102,99,3,3
12190,161,162,-1,1
12191,197,191,6,6
12192,72,73,-1,1
12193,142,142,0,0
12194,49,64,-15,15
12195,63,65,-2,2
12196,135,134,1,1
12197,192,177,15,15
12198,47,52,-5,5
12199,110,110,0,0
12200,71,73,-2,2
12201,108,114,-6,6
12202,137,141,-4,4
12203,128,121,7,7
12204,137,137,0,0
12205,148,147,1,1
12206,82,87,-5,5
12207,70,80,-10,10
12208,60,60,0,0
12209,115,108,7,7
12210,76,75,1,1
12211,86,81,5,5
12212,97,97,0,0
12213,122,122,0,0
12214,104,96,8,8
12215,149,157,-8,8
12216,73,74,-1,1
12217,88,85,3,3
12218,93,87,6,6
12219,94,93,1,1
12220,110,102,8,8
12221,56,72,-16,16
12222,66,69,-3,3
12223,73,75,-2,2
12224,96,99,-3,3
12225,121,112,9,9
12226,122,126,-4,4
12227,94,92,2,2
12228,88,102,-14,14
12229,130,134,-4,4
12230,63,74,-11,11
12231,141,131,10,10
12232,54,60,-6,6
12233,73,73,0,0
12234,71,70,1,1
12235,95,88,7,7
12236,121,105,16,16
12237,73,76,-3,3
12238,125,126,-1,1
12239,67,77,-10,10
12240,121,114,7,7
12241,109,111,-2,2
12242,64,66,-2,2
12243,96,92,4,4
12244,119,130,-11,11
12245,93,102,-9,9
12246,75,75,0,0
12247,95,95,0,0
12248,66,69,-3,3
12249,99,98,1,1
12250,47,44,3,3
12251,84,98,-14,14
12252,165,205,-40,40
12253,97,90,7,7
12254,73,77,-4,4
12255,37,43,-6,6
12256,104,96,8,8
12257,71,70,1,1
12258,65,67,-2,2
12259,66,55,11,11
12260,63,60,3,3
12261,96,100,-4,4
12262,130,131,-1,1
12263,141,140,1,1
12264,86,104,-18,18
12265,108,111,-3,3
12266,128,116,12,12
12267,118,110,8,8
12268,83,79,4,4
12269,68,68,0,0
12270,84,81,3,3
12271,105,98,7,7
12272,61,75,-14,14
12273,73,75,-2,2
12274,65,68,-3,3
12275,131,118,13,13
12276,118,111,7,7
12277,93,92,1,1
12278,76,70,6,6
12279,75,72,3,3
12280,65,69,-4,4
12281,70,66,4,4
12282,140,145,-5,5
12283,95,91,4,4
12284,145,125,20,20
12285,82,72,10,10
12286,185,169,16,16
12287,71,68,3,3
12288,100,110,-10,10
12289,99,91,8,8
12290,64,65,-1,1
12291,65,66,-1,1
12292,51,51,0,0
12293,79,90,-11,11
12294,50,53,-3,3
12295,128,141,-13,13
12296,109,100,9,9
12297,106,89,17,17
12298,50,52,-2,2
12299,126,123,3,3
12300,105,103,2,2
12301,39,49,-10,10
12302,70,65,5,5
12303,134,102,32,32
12304,46,51,-5,5
12305,81,84,-3,3
12306,115,112,3,3
12307,56,63,-7,7
12308,90,83,7,7
12309,107,101,6,6
12310,38,43,-5,5
12311,112,107,5,5
12312,86,90,-4,4
12313,102,100,2,2
12314,81,85,-4,4
12315,133,126,7,7
12316,65,62,3,3
12317,67,75,-8,8
12318,63,68,-5,5
12319,105,98,7,7
12320,81,83,-2,2
12321,97,101,-4,4
12322,96,103,-7,7
12323,113,129,-16,16
12324,91,94,-3,3
12325,67,81,-14,14
12326,85,83,2,2
12327,102,103,-1,1
12328,76,75,1,1
12329,190,198,-8,8
12330,63,69,-6,6
12331,87,75,12,12
12332,140,134,6,6
12333,113,100,13,13
12334,102,99,3,3
12335,62,54,8,8
12336,57,59,-2,2
12337,48,64,-16,16
12338,62,54,8,8
12339,94,108,-14,14
12340,95,103,-8,8
12341,183,175,8,8
12342,80,82,-2,2
12343,164,164,0,0
12344,66,62,4,4
12345,67,79,-12,12
12346,103,100,3,3
12347,69,81,-12,12
12348,118,116,2,2
12349,78,71,7,7
12350,66,64,2,2
12351,94,91,3,3
12352,92,93,-1,1
12353,142,137,5,5
12354,55,68,-13,13
12355,101,104,-3,3
12356,79,72,7,7
12357,122,126,-4,4
12358,123,110,13,13
12359,38,37,1,1
12360,65,79,-14,14
12361,138,125,13,13
12362,76,76,0,0
12363,114,116,-2,2
12364,79,86,-7,7
12365,114,106,8,8
12366,68,68,0,0
12367,78,76,2,2
12368,93,98,-5,5
12369,103,106,-3,3
12370,163,137,26,26
12371,101,107,-6,6
12372,126,121,5,5
12373,67,63,4,4
12374,78,78,0,0
12375,116,110,6,6
12376,128,130,-2,2
12377,91,84,7,7
12378,142,132,10,10
12379,65,64,1,1
12380,145,154,-9,9
12381,61,53,8,8
12382,136,114,22,22
12383,84,80,4,4
12384,98,89,9,9
12385,87,87,0,0
12386,107,108,-1,1
12387,115,130,-15,15
12388,106,99,7,7
12389,93,95,-2,2
12390,80,70,10,10
12391,130,121,9,9
12392,115,104,11,11
12393,97,109,-12,12
12394,92,93,-1,1
12395,88,88,0,0
12396,66,63,3,3
12397,66,62,4,4
12398,87,91,-4,4
12399,106,103,3,3
12400,70,78,-8,8
12401,180,169,11,11
12402,87,97,-10,10
12403,89,81,8,8
12404,92,97,-5,5
12405,125,110,15,15
12406,88,101,-13,13
12407,109,109,0,0
12408,35,40,-5,5
12409,67,74,-7,7
12410,117,113,4,4
12411,190,177,13,13
12412,114,113,1,1
12413,137,135,2,2
12414,138,151,-13,13
12415,129,137,-8,8
12416,106,89,17,17
12417,63,65,-2,2
12418,58,63,-5,5
12419,57,64,-7,7
12420,86,91,-5,5
12421,104,97,7,7
12422,97,98,-1,1
12423,101,103,-2,2
12424,137,125,12,12
12425,64,50,14,14
12426,176,200,-24,24
12427,93,87,6,6
12428,120,115,5,5
12429,108,107,1,1
12430,70,71,-1,1
12431,97,91,6,6
12432,83,89,-6,6
12433,83,79,4,4
12434,150,159,-9,9
12435,64,68,-4,4
12436,89,81,8,8
12437,96,92,4,4
12438,114,111,3,3
12439,119,121,-2,2
12440,61,57,4,4
12441,96,93,3,3
12442,105,105,0,0
12443,61,61,0,0
12444,141,137,4,4
12445,86,83,3,3
12446,87,85,2,2
12447,90,78,12,12
12448,105,109,-4,4
12449,91,86,5,5
12450,111,116,-5,5
12451,76,76,0,0
12452,87,89,-2,2
12453,91,96,-5,5
12454,107,113,-6,6
12455,110,111,-1,1
12456,124,131,-7,7
12457,128,120,8,8
12458,109,108,1,1
12459,71,66,5,5
12460,87,79,8,8
12461,148,145,3,3
12462,107,97,10,10
12463,134,132,2,2
12464,23,34,-11,11
12465,119,134,-15,15
12466,91,88,3,3
12467,25,61,-36,36
12468,61,72,-11,11
12469,101,101,0,0
12470,72,69,3,3
12471,95,102,-7,7
12472,47,43,4,4
12473,97,95,2,2
12474,81,81,0,0
12475,59,55,4,4
12476,77,72,5,5
12477,138,122,16,16
12478,120,122,-2,2
12479,136,139,-3,3
12480,79,83,-4,4
12481,63,64,-1,1
12482,102,99,3,3
12483,158,149,9,9
12484,73,76,-3,3
12485,53,47,6,6
12486,83,86,-3,3
12487,155,134,21,21
12488,139,125,14,14
12489,93,84,9,9
12490,128,132,-4,4
12491,98,107,-9,9
12492,96,88,8,8
12493,153,150,3,3
12494,104,104,0,0
12495,115,99,16,16
12496,72,73,-1,1
12497,90,87,3,3
12498,127,139,-12,12
12499,112,127,-15,15
12500,64,74,-10,10
12501,73,66,7,7
12502,72,77,-5,5
12503,73,85,-12,12
12504,56,61,-5,5
12505,106,99,7,7
12506,144,134,10,10
12507,47,69,-22,22
12508,147,145,2,2
12509,95,96,-1,1
12510,76,85,-9,9
12511,128,128,0,0
12512,81,72,9,9
12513,79,84,-5,5
12514,86,84,2,2
12515,44,51,-7,7
12516,87,89,-2,2
12517,102,105,-3,3
12518,116,118,-2,2
12519,105,104,1,1
12520,113,126,-13,13
12521,152,139,13,13
12522,175,167,8,8
12523,70,69,1,1
12524,173,164,9,9
12525,87,82,5,5
12526,102,95,7,7
12527,88,88,0,0
12528,76,73,3,3
12529,110,100,10,10
12530,99,103,-4,4
12531,71,69,2,2
12532,75,73,2,2
12533,105,102,3,3
12534,153,157,-4,4
12535,100,113,-13,13
12536,90,87,3,3
12537,83,99,-16,16
12538,82,83,-1,1
12539,49,51,-2,2
12540,69,71,-2,2
12541,113,114,-1,1
12542,63,66,-3,3
12543,58,61,-3,3
12544,65,66,-1,1
12545,145,147,-2,2
12546,50,51,-1,1
12547,83,91,-8,8
12548,100,98,2,2
12549,76,73,3,3
12550,72,70,2,2
12551,71,90,-19,19
12552,106,99,7,7
12553,127,136,-9,9
12554,96,90,6,6
12555,67,70,-3,3
12556,140,136,4,4
12557,56,53,3,3
12558,108,105,3,3
12559,94,86,8,8
12560,59,60,-1,1
12561,84,88,-4,4
12562,96,96,0,0
12563,92,106,-14,14
12564,186,186,0,0
12565,62,61,1,1
12566,164,151,13,13
12567,49,49,0,0
12568,62,61,1,1
12569,50,58,-8,8
12570,128,127,1,1
12571,57,65,-8,8
12572,69,67,2,2
12573,48,59,-11,11
12574,132,125,7,7
12575,140,146,-6,6
12576,107,103,4,4
12577,80,83,-3,3
12578,78,77,1,1
12579,140,121,19,19
12580,78,79,-1,1
12581,123,112,11,11
12582,87,96,-9,9
12583,91,106,-15,15
12584,119,129,-10,10
12585,107,105,2,2
12586,52,54,-2,2
12587,61,73,-12,12
12588,102,93,9,9
12589,79,72,7,7
12590,81,76,5,5
12591,72,68,4,4
12592,74,82,-8,8
12593,73,64,9,9
12594,114,87,27,27
12595,127,125,2,2
12596,92,82,10,10
12597,118,125,-7,7
12598,115,196,-81,81
12599,73,71,2,2
12600,93,94,-1,1
12601,70,72,-2,2
12602,73,70,3,3
12603,107,119,-12,12
12604,96,100,-4,4
12605,101,85,16,16
12606,76,90,-14,14
12607,85,77,8,8
12608,111,108,3,3
12609,42,49,-7,7
12610,69,66,3,3
12611,97,86,11,11
12612,90,84,6,6
12613,96,92,4,4
12614,114,133,-19,19
12615,121,117,4,4
12616,68,70,-2,2
12617,45,46,-1,1
12618,73,77,-4,4
12619,109,104,5,5
12620,175,171,4,4
12621,90,82,8,8
12622,70,69,1,1
12623,85,86,-1,1
12624,62,64,-2,2
12625,89,96,-7,7
12626,132,128,4,4
12627,155,144,11,11
12628,99,99,0,0
12629,60,59,1,1
12630,110,103,7,7
12631,87,85,2,2
12632,98,109,-11,11
12633,80,94,-14,14
12634,127,124,3,3
12635,172,162,10,10
12636,181,177,4,4
12637,130,122,8,8
12638,76,72,4,4
12639,86,81,5,5
12640,105,99,6,6
12641,105,115,-10,10
12642,56,64,-8,8
12643,65,71,-6,6
12644,42,43,-1,1
12645,120,112,8,8
12646,65,62,3,3
12647,76,79,-3,3
12648,134,125,9,9
12649,28,66,-38,38
12650,96,92,4,4
12651,92,92,0,0
12652,53,49,4,4
12653,66,61,5,5
12654,79,75,4,4
12655,101,114,-13,13
12656,78,95,-17,17
12657,88,94,-6,6
12658,136,129,7,7
12659,142,141,1,1
12660,73,64,9,9
12661,97,86,11,11
12662,80,72,8,8
12663,51,52,-1,1
12664,69,80,-11,11
12665,52,52,0,0
12666,57,54,3,3
12667,100,107,-7,7
12668,147,146,1,1
12669,129,128,1,1
12670,92,99,-7,7
12671,107,92,15,15
12672,99,107,-8,8
12673,89,94,-5,5
12674,58,57,1,1
12675,103,90,13,13
12676,33,41,-8,8
12677,103,93,10,10
12678,88,92,-4,4
12679,81,81,0,0
12680,53,53,0,0
12681,70,78,-8,8
12682,32,42,-10,10
12683,88,84,4,4
12684,99,114,-15,15
12685,110,109,1,1
12686,78,79,-1,1
12687,99,98,1,1
12688,46,49,-3,3
12689,136,119,17,17
12690,75,71,4,4
12691,117,99,18,18
12692,93,82,11,11
12693,132,133,-1,1
12694,70,72,-2,2
12695,69,73,-4,4
12696,49,39,10,10
12697,71,65,6,6
12698,118,114,4,4
12699,97,96,1,1
12700,76,89,-13,13
12701,195,156,39,39
12702,128,125,3,3
12703,66,54,12,12
12704,120,120,0,0
12705,73,76,-3,3
12706,62,69,-7,7
12707,104,88,16,16
12708,94,103,-9,9
12709,94,86,8,8
12710,110,97,13,13
12711,96,91,5,5
12712,107,101,6,6
12713,77,83,-6,6
12714,91,97,-6,6
12715,63,57,6,6
12716,128,112,16,16
12717,77,75,2,2
12718,67,74,-7,7
12719,124,112,12,12
12720,94,91,3,3
12721,64,62,2,2
12722,74,77,-3,3
12723,88,90,-2,2
12724,70,72,-2,2
12725,78,75,3,3
12726,66,76,-10,10
12727,104,105,-1,1
12728,134,143,-9,9
12729,92,89,3,3
12730,74,67,7,7
12731,93,90,3,3
12732,98,93,5,5
12733,100,89,11,11
12734,87,91,-4,4
12735,101,95,6,6
12736,49,50,-1,1
12737,121,113,8,8
12738,84,98,-14,14
12739,158,156,2,2
12740,115,103,12,12
12741,125,114,11,11
12742,53,46,7,7
12743,80,84,-4,4
12744,68,63,5,5
12745,103,99,4,4
12746,107,107,0,0
12747,77,88,-11,11
12748,100,105,-5,5
12749,120,128,-8,8
12750,91,90,1,1
12751,77,61,16,16
12752,132,123,9,9
12753,131,123,8,8
12754,43,62,-19,19
12755,45,45,0,0
12756,124,116,8,8
12757,86,81,5,5
12758,107,101,6,6
12759,82,89,-7,7
12760,204,191,13,13
12761,107,100,7,7
12762,120,129,-9,9
12763,140,138,2,2
12764,153,143,10,10
12765,83,83,0,0
12766,47,48,-1,1
12767,91,80,11,11
12768,68,52,16,16
12769,56,52,4,4
12770,77,84,-7,7
12771,37,46,-9,9
12772,117,108,9,9
12773,85,81,4,4
12774,101,97,4,4
12775,67,76,-9,9
12776,118,129,-11,11
12777,56,67,-11,11
12778,68,68,0,0
12779,65,73,-8,8
12780,105,99,6,6
12781,102,106,-4,4
12782,116,108,8,8
12783,69,66,3,3
12784,79,75,4,4
12785,105,103,2,2
12786,101,77,24,24
12787,106,90,16,16
12788,89,83,6,6
12789,77,78,-1,1
12790,116,118,-2,2
12791,111,103,8,8
12792,91,80,11,11
12793,74,71,3,3
12794,96,96,0,0
12795,119,126,-7,7
12796,124,117,7,7
12797,83,77,6,6
12798,59,67,-8,8
12799,87,84,3,3
12800,55,53,2,2
12801,121,122,-1,1
12802,94,87,7,7
12803,90,88,2,2
12804,181,173,8,8
12805,93,89,4,4
12806,72,73,-1,1
12807,92,95,-3,3
12808,153,145,8,8
12809,55,57,-2,2
12810,61,64,-3,3
12811,99,92,7,7
12812,82,85,-3,3
12813,102,88,14,14
12814,148,146,2,2
12815,112,110,2,2
12816,172,177,-5,5
12817,133,131,2,2
12818,97,96,1,1
12819,70,75,-5,5
12820,70,76,-6,6
12821,98,86,12,12
12822,96,106,-10,10
12823,69,67,2,2
12824,90,81,9,9
12825,138,131,7,7
12826,132,128,4,4
12827,153,158,-5,5
12828,86,75,11,11
12829,108,101,7,7
12830,80,88,-8,8
12831,154,139,15,15
12832,116,122,-6,6
12833,103,95,8,8
12834,104,110,-6,6
12835,116,111,5,5
12836,107,94,13,13
12837,96,89,7,7
12838,90,91,-1,1
12839,50,59,-9,9
12840,104,102,2,2
12841,72,63,9,9
12842,106,97,9,9
12843,87,84,3,3
12844,124,126,-2,2
12845,27,33,-6,6
12846,133,120,13,13
12847,122,108,14,14
12848,124,140,-16,16
12849,89,94,-5,5
12850,97,126,-29,29
12851,84,89,-5,5
12852,140,146,-6,6
12853,136,129,7,7
12854,20,34,-14,14
12855,93,97,-4,4
12856,85,84,1,1
12857,74,77,-3,3
12858,103,93,10,10
12859,75,80,-5,5
12860,46,48,-2,2
12861,84,104,-20,20
12862,75,75,0,0
12863,53,49,4,4
12864,52,81,-29,29
12865,87,90,-3,3
12866,109,97,12,12
12867,105,94,11,11
12868,67,69,-2,2
12869,154,137,17,17
12870,84,84,0,0
12871,128,122,6,6
12872,113,120,-7,7
12873,87,79,8,8
12874,101,106,-5,5
12875,96,97,-1,1
12876,39,45,-6,6
12877,133,130,3,3
12878,191,195,-4,4
12879,60,61,-1,1
12880,125,118,7,7
12881,75,78,-3,3
12882,40,50,-10,10
12883,103,91,12,12
12884,79,77,2,2
12885,185,183,2,2
12886,124,117,7,7
12887,109,116,-7,7
12888,89,98,-9,9
12889,67,64,3,3
12890,47,43,4,4
12891,76,71,5,5
12892,122,124,-2,2
12893,106,97,9,9
12894,142,125,17,17
12895,96,75,21,21
12896,52,50,2,2
12897,96,96,0,0
12898,117,125,-8,8
12899,69,76,-7,7
12900,89,83,6,6
12901,72,72,0,0
12902,180,174,6,6
12903,94,89,5,5
12904,53,59,-6,6
12905,93,99,-6,6
12906,161,144,17,17
12907,137,136,1,1
12908,129,130,-1,1
12909,89,80,9,9
12910,102,100,2,2
12911,159,158,1,1
12912,67,69,-2,2
12913,67,74,-7,7
12914,97,95,2,2
12915,71,65,6,6
12916,153,154,-1,1
12917,100,97,3,3
12918,92,99,-7,7
12919,79,84,-5,5
12920,79,82,-3,3
12921,73,70,3,3
12922,133,132,1,1
12923,51,51,0,0
12924,139,131,8,8
12925,115,124,-9,9
12926,89,89,0,0
12927,124,124,0,0
12928,90,87,3,3
12929,128,127,1,1
12930,131,119,12,12
12931,71,67,4,4
12932,113,107,6,6
12933,127,134,-7,7
12934,61,67,-6,6
12935,113,114,-1,1
12936,112,86,26,26
12937,75,73,2,2
12938,125,109,16,16
12939,73,73,0,0
12940,100,109,-9,9
12941,187,176,11,11
12942,101,93,8,8
12943,103,92,11,11
12944,99,108,-9,9
12945,65,64,1,1
12946,116,113,3,3
12947,97,109,-12,12
12948,83,88,-5,5
12949,90,102,-12,12
12950,101,99,2,2
12951,97,101,-4,4
12952,107,104,3,3
12953,119,130,-11,11
12954,78,70,8,8
12955,79,82,-3,3
12956,74,78,-4,4
12957,150,145,5,5
12958,83,94,-11,11
12959,131,143,-12,12
12960,68,75,-7,7
12961,222,195,27,27
12962,88,86,2,2
12963,109,97,12,12
12964,149,153,-4,4
12965,82,90,-8,8
12966,33,36,-3,3
12967,97,107,-10,10
12968,88,90,-2,2
12969,127,128,-1,1
12970,70,71,-1,1
12971,86,84,2,2
12972,63,63,0,0
12973,101,101,0,0
12974,85,81,4,4
12975,97,87,10,10
12976,68,66,2,2
12977,79,92,-13,13
12978,182,177,5,5
12979,68,71,-3,3
12980,68,68,0,0
12981,81,77,4,4
12982,118,109,9,9
12983,93,90,3,3
12984,117,103,14,14
12985,144,141,3,3
12986,134,121,13,13
12987,69,65,4,4
12988,133,130,3,3
12989,88,90,-2,2
12990,63,57,6,6
12991,116,119,-3,3
12992,113,124,-11,11
12993,103,95,8,8
12994,127,114,13,13
12995,116,116,0,0
12996,114,109,5,5
12997,123,116,7,7
12998,72,67,5,5
12999,107,99,8,8
13000,121,108,13,13
13001,100,89,11,11
13002,87,90,-3,3
13003,102,93,9,9
13004,155,162,-7,7
13005,72,78,-6,6
13006,84,85,-1,1
13007,86,93,-7,7
13008,115,119,-4,4
13009,100,97,3,3
13010,81,70,11,11
13011,51,52,-1,1
13012,54,51,3,3
13013,86,84,2,2
13014,92,90,2,2
13015,60,62,-2,2
13016,112,112,0,0
13017,92,87,5,5
13018,87,87,0,0
13019,95,95,0,0
13020,80,76,4,4
13021,139,139,0,0
13022,103,97,6,6
13023,120,132,-12,12
13024,75,82,-7,7
13025,51,44,7,7
13026,76,70,6,6
13027,67,75,-8,8
13028,165,158,7,7
13029,84,90,-6,6
13030,83,92,-9,9
13031,61,56,5,5
13032,159,152,7,7
13033,64,73,-9,9
13034,140,140,0,0
13035,65,79,-14,14
13036,68,74,-6,6
13037,67,58,9,9
13038,87,88,-1,1
13039,109,110,-1,1
13040,116,116,0,0
13041,94,111,-17,17
13042,135,123,12,12
13043,77,74,3,3
13044,55,53,2,2
13045,61,60,1,1
13046,73,76,-3,3
13047,139,121,18,18
13048,106,120,-14,14
13049,78,87,-9,9
13050,74,63,11,11
13051,99,92,7,7
13052,88,93,-5,5
13053,93,81,12,12
13054,69,68,1,1
13055,235,212,23,23
13056,83,88,-5,5
13057,101,81,20,20
13058,66,73,-7,7
13059,58,59,-1,1
13060,119,122,-3,3
13061,129,128,1,1
13062,82,82,0,0
13063,168,160,8,8
13064,72,73,-1,1
13065,125,113,12,12
13066,82,78,4,4
13067,97,88,9,9
13068,56,66,-10,10
13069,123,139,-16,16
13070,79,73,6,6
13071,84,79,5,5
13072,112,109,3,3
13073,80,85,-5,5
13074,106,107,-1,1
13075,60,62,-2,2
13076,72,75,-3,3
13077,96,100,-4,4
13078,60,62,-2,2
13079,117,97,20,20
13080,66,72,-6,6
13081,78,79,-1,1
13082,55,59,-4,4
13083,164,144,20,20
13084,184,174,10,10
13085,78,81,-3,3
13086,61,68,-7,7
13087,109,127,-18,18
13088,101,101,0,0
13089,79,78,1,1
13090,51,52,-1,1
13091,64,59,5,5
13092,62,62,0,0
13093,144,140,4,4
13094,57,59,-2,2
13095,50,48,2,2
13096,81,77,4,4
13097,99,98,1,1
13098,97,97,0,0
13099,129,117,12,12
13100,104,97,7,7
13101,93,101,-8,8
13102,84,79,5,5
13103,90,90,0,0
13104,112,117,-5,5
13105,69,67,2,2
13106,69,75,-6,6
13107,107,87,20,20
13108,145,127,18,18
13109,84,75,9,9
13110,51,58,-7,7
13111,100,93,7,7
13112,82,87,-5,5
13113,71,84,-13,13
13114,104,96,8,8
13115,67,77,-10,10
13116,89,92,-3,3
13117,61,65,-4,4
13118,74,81,-7,7
13119,101,105,-4,4
13120,67,75,-8,8
13121,72,77,-5,5
13122,70,63,7,7
13123,158,162,-4,4
13124,94,91,3,3
13125,84,79,5,5
13126,120,121,-1,1
13127,152,154,-2,2
13128,137,130,7,7
13129,82,89,-7,7
13130,116,107,9,9
13131,112,110,2,2
13132,99,91,8,8
13133,150,153,-3,3
13134,66,62,4,4
13135,81,72,9,9
13136,50,51,-1,1
13137,133,134,-1,1
13138,65,68,-3,3
13139,65,65,0,0
13140,80,81,-1,1
13141,53,46,7,7
13142,108,98,10,10
13143,80,60,20,20
13144,126,133,-7,7
13145,73,79,-6,6
13146,58,54,4,4
13147,80,78,2,2
13148,62,60,2,2
13149,64,66,-2,2
13150,55,52,3,3
13151,81,81,0,0
13152,97,97,0,0
13153,78,71,7,7
13154,101,92,9,9
13155,72,81,-9,9
13156,112,109,3,3
13157,84,85,-1,1
13158,68,73,-5,5
13159,102,107,-5,5
13160,117,129,-12,12
13161,88,84,4,4
13162,127,116,11,11
13163,64,60,4,4
13164,87,87,0,0
13165,80,81,-1,1
13166,101,87,14,14
13167,122,119,3,3
13168,67,61,6,6
13169,131,132,-1,1
13170,97,96,1,1
13171,135,117,18,18
13172,88,87,1,1
13173,115,124,-9,9
13174,134,124,10,10
13175,116,116,0,0
13176,79,80,-1,1
13177,45,45,0,0
13178,100,100,0,0
13179,85,105,-20,20
13180,63,64,-1,1
13181,89,87,2,2
13182,76,76,0,0
13183,138,127,11,11
13184,123,122,1,1
13185,74,79,-5,5
13186,43,51,-8,8
13187,66,73,-7,7
13188,86,110,-24,24
13189,115,131,-16,16
13190,30,64,-34,34
13191,66,68,-2,2
13192,208,181,27,27
13193,90,85,5,5
13194,71,65,6,6
13195,94,85,9,9
13196,171,165,6,6
13197,55,53,2,2
13198,43,42,1,1
13199,67,71,-4,4
13200,143,123,20,20
13201,98,97,1,1
13202,100,95,5,5
13203,108,101,7,7
13204,91,78,13,13
13205,131,131,0,0
13206,79,67,12,12
13207,153,157,-4,4
13208,37,42,-5,5
13209,46,42,4,4
13210,241,229,12,12
13211,89,87,2,2
13212,72,68,4,4
13213,100,92,8,8
13214,83,84,-1,1
13215,98,101,-3,3
13216,128,121,7,7
13217,162,121,41,41
13218,81,76,5,5
13219,98,94,4,4
13220,70,77,-7,7
13221,182,169,13,13
13222,71,70,1,1
13223,173,177,-4,4
13224,54,55,-1,1
13225,66,66,0,0
13226,85,80,5,5
13227,93,93,0,0
13228,71,112,-41,41
13229,163,163,0,0
13230,86,83,3,3
13231,74,67,7,7
13232,148,150,-2,2
13233,112,108,4,4
13234,90,79,11,11
13235,64,62,2,2
13236,78,94,-16,16
13237,115,119,-4,4
13238,105,96,9,9
13239,90,89,1,1
13240,117,112,5,5
13241,103,88,15,15
13242,139,157,-18,18
13243,107,115,-8,8
13244,118,132,-14,14
13245,94,83,11,11
13246,56,50,6,6
13247,97,92,5,5
13248,77,68,9,9
13249,117,95,22,22
13250,125,127,-2,2
13251,67,71,-4,4
13252,73,70,3,3
13253,152,143,9,9
13254,73,71,2,2
13255,121,117,4,4
13256,166,166,0,0
13257,90,89,1,1
13258,96,102,-6,6
13259,149,157,-8,8
13260,61,67,-6,6
13261,144,136,8,8
13262,121,121,0,0
13263,131,119,12,12
13264,58,52,6,6
13265,51,53,-2,2
13266,54,65,-11,11
13267,72,73,-1,1
13268,99,104,-5,5
13269,124,113,11,11
13270,105,105,0,0
13271,100,93,7,7
13272,153,155,-2,2
13273,76,82,-6,6
13274,120,112,8,8
13275,94,91,3,3
13276,85,79,6,6
13277,84,91,-7,7
13278,53,67,-14,14
13279,106,107,-1,1
13280,108,112,-4,4
13281,140,130,10,10
13282,113,111,2,2
13283,57,70,-13,13
13284,108,107,1,1
13285,123,110,13,13
13286,108,104,4,4
13287,83,82,1,1
13288,99,83,16,16
13289,78,80,-2,2
13290,96,99,-3,3
13291,58,54,4,4
13292,82,80,2,2
13293,148,148,0,0
13294,86,93,-7,7
13295,81,70,11,11
13296,119,118,1,1
13297,97,99,-2,2
13298,118,119,-1,1
13299,92,86,6,6
13300,102,108,-6,6
13301,72,73,-1,1
13302,64,60,4,4
13303,86,87,-1,1
13304,57,67,-10,10
13305,102,101,1,1
13306,67,62,5,5
13307,88,95,-7,7
13308,139,123,16,16
13309,61,65,-4,4
13310,77,77,0,0
13311,158,163,-5,5
13312,130,119,11,11
13313,132,135,-3,3
13314,187,181,6,6
13315,79,79,0,0
13316,96,103,-7,7
13317,76,77,-1,1
13318,71,73,-2,2
13319,78,80,-2,2
13320,209,202,7,7
13321,75,72,3,3
13322,146,133,13,13
13323,100,97,3,3
13324,80,88,-8,8
13325,70,72,-2,2
13326,65,67,-2,2
13327,95,100,-5,5
13328,80,79,1,1
13329,69,68,1,1
13330,132,140,-8,8
13331,77,68,9,9
13332,98,94,4,4
13333,94,95,-1,1
13334,86,84,2,2
13335,90,79,11,11
13336,75,66,9,9
13337,130,105,25,25
13338,87,94,-7,7
13339,141,126,15,15
13340,161,148,13,13
13341,68,74,-6,6
13342,97,92,5,5
13343,125,116,9,9
13344,36,47,-11,11
13345,115,108,7,7
13346,68,55,13,13
13347,106,99,7,7
13348,96,113,-17,17
13349,82,84,-2,2
13350,73,63,10,10
13351,89,79,10,10
13352,75,69,6,6
13353,85,93,-8,8
13354,134,144,-10,10
13355,90,81,9,9
13356,83,87,-4,4
13357,129,105,24,24
13358,140,141,-1,1
13359,60,70,-10,10
13360,82,75,7,7
13361,153,154,-1,1
13362,80,91,-11,11
13363,119,118,1,1
13364,108,105,3,3
13365,54,59,-5,5
13366,99,104,-5,5
13367,130,166,-36,36
13368,100,96,4,4
13369,59,53,6,6
13370,84,94,-10,10
13371,117,118,-1,1
13372,60,60,0,0
13373,55,58,-3,3
13374,96,98,-2,2
13375,73,81,-8,8
13376,64,70,-6,6
13377,75,76,-1,1
13378,55,61,-6,6
13379,90,84,6,6
13380,142,148,-6,6
13381,139,138,1,1
13382,118,112,6,6
13383,120,116,4,4
13384,112,113,-1,1
13385,43,46,-3,3
13386,106,108,-2,2
13387,187,180,7,7
13388,117,123,-6,6
13389,111,112,-1,1
13390,188,185,3,3
13391,156,137,19,19
13392,136,141,-5,5
13393,88,90,-2,2
13394,29,38,-9,9
13395,107,91,16,16
13396,113,96,17,17
13397,93,90,3,3
13398,81,80,1,1
13399,22,31,-9,9
13400,69,69,0,0
13401,168,158,10,10
13402,147,135,12,12
13403,105,111,-6,6
13404,145,133,12,12
13405,58,64,-6,6
13406,60,66,-6,6
13407,150,157,-7,7
13408,70,64,6,6
13409,69,70,-1,1
13410,140,140,0,0
13411,88,79,9,9
13412,120,120,0,0
13413,63,63,0,0
13414,81,85,-4,4
13415,66,63,3,3
13416,91,81,10,10
13417,131,137,-6,6
13418,126,106,20,20
13419,138,140,-2,2
13420,103,106,-3,3
13421,103,102,1,1
13422,50,64,-14,14
13423,64,70,-6,6
13424,75,77,-2,2
13425,67,63,4,4
13426,97,92,5,5
13427,109,112,-3,3
13428,137,132,5,5
13429,71,67,4,4
13430,98,88,10,10
13431,82,97,-15,15
13432,65,67,-2,2
13433,117,101,16,16
13434,148,155,-7,7
13435,190,178,12,12
13436,84,76,8,8
13437,110,103,7,7
13438,138,134,4,4
13439,74,74,0,0
13440,130,114,16,16
13441,79,77,2,2
13442,92,109,-17,17
13443,137,145,-8,8
13444,104,91,13,13
13445,160,135,25,25
13446,90,87,3,3
13447,101,99,2,2
13448,123,123,0,0
13449,73,72,1,1
13450,66,67,-1,1
13451,124,125,-1,1
13452,173,165,8,8
13453,142,129,13,13
13454,32,42,-10,10
13455,104,100,4,4
13456,65,85,-20,20
13457,60,64,-4,4
13458,71,76,-5,5
13459,56,53,3,3
13460,122,123,-1,1
13461,135,150,-15,15
13462,162,161,1,1
13463,96,108,-12,12
13464,126,134,-8,8
13465,74,79,-5,5
13466,102,109,-7,7
13467,80,76,4,4
13468,88,80,8,8
13469,92,81,11,11
13470,107,112,-5,5
13471,87,90,-3,3
13472,58,61,-3,3
13473,80,72,8,8
13474,79,72,7,7
13475,114,124,-10,10
13476,78,87,-9,9
13477,75,82,-7,7
13478,168,174,-6,6
13479,114,114,0,0
13480,59,68,-9,9
13481,152,159,-7,7
13482,66,64,2,2
13483,98,92,6,6
13484,70,74,-4,4
13485,101,90,11,11
13486,130,130,0,0
13487,114,106,8,8
13488,63,67,-4,4
13489,181,173,8,8
13490,86,84,2,2
13491,107,120,-13,13
13492,59,63,-4,4
13493,74,72,2,2
13494,134,134,0,0
13495,199,172,27,27
13496,58,66,-8,8
13497,99,98,1,1
13498,103,109,-6,6
13499,183,165,18,18
13500,96,96,0,0
13501,99,104,-5,5
13502,113,105,8,8
13503,88,77,11,11
13504,88,91,-3,3
13505,128,122,6,6
13506,82,92,-10,10
13507,80,75,5,5
13508,53,56,-3,3
13509,47,49,-2,2
13510,102,93,9,9
13511,97,94,3,3
13512,68,65,3,3
13513,125,112,13,13
13514,110,118,-8,8
13515,77,71,6,6
13516,127,118,9,9
13517,87,89,-2,2
13518,107,92,15,15
13519,105,111,-6,6
13520,153,129,24,24
13521,61,65,-4,4
13522,33,78,-45,45
13523,146,138,8,8
13524,100,107,-7,7
13525,170,157,13,13
13526,134,124,10,10
13527,78,98,-20,20
13528,73,67,6,6
13529,60,59,1,1
13530,64,63,1,1
13531,99,94,5,5
13532,80,89,-9,9
13533,65,63,2,2
13534,67,60,7,7
13535,141,129,12,12
13536,60,66,-6,6
13537,138,144,-6,6
13538,154,155,-1,1
13539,58,57,1,1
13540,114,122,-8,8
13541,132,124,8,8
13542,98,100,-2,2
13543,80,86,-6,6
13544,105,107,-2,2
13545,84,90,-6,6
13546,78,79,-1,1
13547,154,148,6,6
13548,67,70,-3,3
13549,95,109,-14,14
13550,125,118,7,7
13551,128,118,10,10
13552,42,47,-5,5
13553,204,195,9,9
13554,98,99,-1,1
13555,112,109,3,3
13556,132,127,5,5
13557,139,131,8,8
13558,93,89,4,4
13559,146,140,6,6
13560,56,59,-3,3
13561,65,60,5,5
13562,124,115,9,9
13563,103,107,-4,4
13564,86,77,9,9
13565,60,66,-6,6
13566,98,99,-1,1
13567,80,119,-39,39
13568,89,101,-12,12
13569,148,131,17,17
13570,40,44,-4,4
13571,80,86,-6,6
13572,70,79,-9,9
13573,82,70,12,12
13574,133,143,-10,10
13575,75,81,-6,6
13576,75,69,6,6
13577,120,101,19,19
13578,50,57,-7,7
13579,111,126,-15,15
13580,86,86,0,0
13581,115,120,-5,5
13582,63,52,11,11
13583,93,95,-2,2
13584,104,92,12,12
13585,153,155,-2,2
13586,51,52,-1,1
13587,128,118,10,10
13588,92,88,4,4
13589,51,60,-9,9
13590,84,84,0,0
13591,104,102,2,2
13592,101,92,9,9
13593,83,88,-5,5
13594,69,77,-8,8
13595,96,93,3,3
13596,83,78,5,5
13597,54,67,-13,13
13598,83,69,14,14
13599,54,49,5,5
13600,61,60,1,1
13601,116,101,15,15
13602,113,101,12,12
13603,76,71,5,5
13604,87,87,0,0
13605,59,54,5,5
13606,141,140,1,1
13607,97,99,-2,2
13608,89,81,8,8
13609,131,132,-1,1
13610,71,64,7,7
13611,60,52,8,8
13612,39,47,-8,8
13613,68,80,-12,12
13614,61,62,-1,1
13615,107,104,3,3
13616,95,94,1,1
13617,94,109,-15,15
13618,82,86,-4,4
13619,110,113,-3,3
13620,113,115,-2,2
13621,107,99,8,8
13622,161,142,19,19
13623,180,158,22,22
13624,101,101,0,0
13625,88,84,4,4
13626,87,91,-4,4
13627,115,116,-1,1
13628,121,117,4,4
13629,139,137,2,2
13630,123,119,4,4
13631,63,61,2,2
13632,122,110,12,12
13633,68,71,-3,3
13634,110,98,12,12
13635,57,84,-27,27
13636,82,77,5,5
13637,95,95,0,0
13638,134,137,-3,3
13639,98,86,12,12
13640,128,121,7,7
13641,95,94,1,1
13642,104,126,-22,22
13643,175,164,11,11
13644,109,96,13,13
13645,164,152,12,12
13646,118,113,5,5
13647,70,73,-3,3
13648,54,66,-12,12
13649,145,146,-1,1
13650,68,69,-1,1
13651,82,82,0,0
13652,61,61,0,0
13653,92,91,1,1
13654,89,85,4,4
13655,96,90,6,6
13656,122,114,8,8
13657,79,81,-2,2
13658,75,76,-1,1
13659,108,104,4,4
13660,43,47,-4,4
13661,67,70,-3,3
13662,75,82,-7,7
13663,67,70,-3,3
13664,88,89,-1,1
13665,55,58,-3,3
13666,96,108,-12,12
13667,60,60,0,0
13668,125,121,4,4
13669,56,64,-8,8
13670,111,108,3,3
13671,105,119,-14,14
13672,77,98,-21,21
13673,89,92,-3,3
13674,79,81,-2,2
13675,107,111,-4,4
13676,124,114,10,10
13677,119,117,2,2
13678,57,79,-22,22
13679,127,126,1,1
13680,64,72,-8,8
13681,96,99,-3,3
13682,89,80,9,9
13683,71,78,-7,7
13684,76,75,1,1
13685,110,108,2,2
13686,120,132,-12,12
13687,98,88,10,10
13688,84,90,-6,6
13689,233,222,11,11
13690,75,68,7,7
13691,107,90,17,17
13692,76,78,-2,2
13693,84,88,-4,4
13694,86,84,2,2
13695,103,94,9,9
13696,106,94,12,12
13697,150,129,21,21
13698,73,70,3,3
13699,130,144,-14,14
13700,132,120,12,12
13701,139,135,4,4
13702,115,115,0,0
13703,155,151,4,4
13704,75,82,-7,7
13705,70,74,-4,4
13706,127,117,10,10
13707,65,62,3,3
13708,100,108,-8,8
13709,170,163,7,7
13710,135,135,0,0
13711,75,75,0,0
13712,164,173,-9,9
13713,125,115,10,10
13714,104,112,-8,8
13715,53,51,2,2
13716,146,146,0,0
13717,102,85,17,17
13718,70,73,-3,3
13719,54,59,-5,5
13720,108,106,2,2
13721,97,101,-4,4
13722,104,99,5,5
13723,140,142,-2,2
13724,94,105,-11,11
13725,62,78,-16,16
13726,105,95,10,10
13727,48,46,2,2
13728,63,66,-3,3
13729,64,53,11,11
13730,51,52,-1,1
13731,63,58,5,5
13732,121,118,3,3
13733,120,116,4,4
13734,86,86,0,0
13735,91,93,-2,2
13736,55,61,-6,6
13737,98,98,0,0
13738,69,60,9,9
13739,45,40,5,5
13740,126,139,-13,13
13741,169,165,4,4
13742,95,89,6,6
13743,106,109,-3,3
13744,91,86,5,5
13745,126,117,9,9
13746,67,72,-5,5
13747,55,56,-1,1
13748,74,81,-7,7
13749,87,75,12,12
13750,87,87,0,0
13751,83,72,11,11
13752,114,127,-13,13
13753,125,128,-3,3
13754,120,116,4,4
13755,86,79,7,7
13756,66,71,-5,5
13757,106,108,-2,2
13758,62,55,7,7
13759,87,108,-21,21
13760,68,62,6,6
13761,77,78,-1,1
13762,106,103,3,3
13763,101,98,3,3
13764,93,87,6,6
13765,63,81,-18,18
13766,53,60,-7,7
13767,116,118,-2,2
13768,116,115,1,1
13769,92,117,-25,25
13770,80,84,-4,4
13771,93,92,1,1
13772,129,123,6,6
13773,97,97,0,0
13774,51,58,-7,7
13775,98,88,10,10
13776,80,110,-30,30
13777,74,77,-3,3
13778,157,147,10,10
13779,163,168,-5,5
13780,62,63,-1,1
13781,107,104,3,3
13782,107,94,13,13
13783,107,108,-1,1
13784,83,82,1,1
13785,117,103,14,14
13786,94,102,-8,8
13787,65,65,0,0
13788,61,68,-7,7
13789,79,85,-6,6
13790,137,140,-3,3
13791,141,132,9,9
13792,95,96,-1,1
13793,101,102,-1,1
13794,95,96,-1,1
13795,142,130,12,12
13796,107,91,16,16
13797,80,79,1,1
13798,91,94,-3,3
13799,71,69,2,2
13800,81,81,0,0
13801,96,93,3,3
13802,151,141,10,10
13803,75,86,-11,11
13804,69,72,-3,3
13805,70,71,-1,1
13806,66,70,-4,4
13807,100,99,1,1
13808,107,99,8,8
13809,116,111,5,5
13810,59,64,-5,5
13811,90,93,-3,3
13812,60,58,2,2
13813,55,52,3,3
13814,66,71,-5,5
13815,90,92,-2,2
13816,80,87,-7,7
13817,151,80,71,71
13818,91,83,8,8
13819,59,60,-1,1
13820,73,73,0,0
13821,51,60,-9,9
13822,95,95,0,0
13823,92,90,2,2
13824,61,61,0,0
13825,80,77,3,3
13826,107,121,-14,14
13827,79,81,-2,2
13828,167,152,15,15
13829,58,61,-3,3
13830,104,100,4,4
13831,106,120,-14,14
13832,61,55,6,6
13833,111,117,-6,6
13834,97,109,-12,12
13835,101,97,4,4
13836,67,72,-5,5
13837,56,61,-5,5
13838,57,57,0,0
13839,82,64,18,18
13840,95,94,1,1
13841,69,74,-5,5
13842,58,59,-1,1
13843,105,102,3,3
13844,163,146,17,17
13845,61,64,-3,3
13846,90,74,16,16
13847,220,206,14,14
13848,96,83,13,13
13849,44,49,-5,5
13850,59,61,-2,2
13851,60,62,-2,2
13852,64,68,-4,4
13853,94,94,0,0
13854,151,138,13,13
13855,75,75,0,0
13856,75,76,-1,1
13857,79,71,8,8
13858,70,78,-8,8
13859,107,111,-4,4
13860,145,141,4,4
13861,70,68,2,2
13862,75,69,6,6
13863,141,135,6,6
13864,66,69,-3,3
13865,79,70,9,9
13866,111,100,11,11
13867,112,101,11,11
13868,125,136,-11,11
13869,121,127,-6,6
13870,108,106,2,2
13871,74,81,-7,7
13872,106,112,-6,6
13873,118,121,-3,3
13874,162,150,12,12
13875,142,107,35,35
13876,65,66,-1,1
13877,59,59,0,0
13878,91,82,9,9
13879,75,69,6,6
13880,125,121,4,4
13881,146,136,10,10
13882,84,81,3,3
13883,95,95,0,0
13884,88,82,6,6
13885,95,91,4,4
13886,54,61,-7,7
13887,68,60,8,8
13888,250,260,-10,10
13889,64,66,-2,2
13890,89,83,6,6
13891,63,62,1,1
13892,47,65,-18,18
13893,113,114,-1,1
13894,118,111,7,7
13895,77,75,2,2
13896,175,159,16,16
13897,87,85,2,2
13898,85,86,-1,1
13899,107,96,11,11
13900,77,64,13,13
13901,112,120,-8,8
13902,67,69,-2,2
13903,124,137,-13,13
13904,69,70,-1,1
13905,170,166,4,4
13906,91,81,10,10
13907,69,72,-3,3
13908,69,60,9,9
13909,102,103,-1,1
13910,87,99,-12,12
13911,61,63,-2,2
13912,140,120,20,20
13913,56,64,-8,8
13914,50,50,0,0
13915,71,64,7,7
13916,46,51,-5,5
13917,102,103,-1,1
13918,72,65,7,7
13919,102,103,-1,1
13920,98,95,3,3
13921,114,116,-2,2
13922,83,86,-3,3
13923,75,76,-1,1
13924,92,85,7,7
13925,107,108,-1,1
13926,166,157,9,9
13927,72,76,-4,4
13928,43,54,-11,11
13929,98,89,9,9
13930,141,136,5,5
13931,112,97,15,15
13932,149,144,5,5
13933,17,34,-17,17
13934,63,73,-10,10
13935,127,122,5,5
13936,128,126,2,2
13937,64,69,-5,5
13938,59,61,-2,2
13939,45,54,-9,9
13940,104,100,4,4
13941,82,80,2,2
13942,52,46,6,6
13943,96,87,9,9
13944,108,105,3,3
13945,122,124,-2,2
13946,105,104,1,1
13947,72,75,-3,3
13948,75,69,6,6
13949,111,109,2,2
13950,86,80,6,6
13951,121,121,0,0
13952,86,83,3,3
13953,66,65,1,1
13954,93,93,0,0
13955,128,138,-10,10
13956,142,133,9,9
13957,87,74,13,13
13958,84,81,3,3
13959,103,105,-2,2
13960,113,102,11,11
13961,136,138,-2,2
13962,74,71,3,3
13963,108,123,-15,15
13964,89,94,-5,5
13965,84,86,-2,2
13966,98,94,4,4
13967,51,59,-8,8
13968,53,47,6,6
13969,88,84,4,4
13970,96,88,8,8
13971,105,114,-9,9
13972,95,88,7,7
13973,119,106,13,13
13974,79,74,5,5
13975,110,91,19,19
13976,68,67,1,1
13977,98,98,0,0
13978,162,166,-4,4
13979,124,122,2,2
13980,54,50,4,4
13981,89,97,-8,8
13982,55,62,-7,7
13983,147,129,18,18
13984,118,108,10,10
13985,28,58,-30,30
13986,115,111,4,4
13987,87,87,0,0
13988,129,122,7,7
13989,100,94,6,6
13990,119,117,2,2
13991,95,93,2,2
13992,130,127,3,3
13993,57,51,6,6
13994,103,89,14,14
13995,100,94,6,6
13996,95,91,4,4
13997,61,59,2,2
13998,59,63,-4,4
13999,126,113,13,13
14000,162,174,-12,12
14001,98,100,-2,2
14002,134,115,19,19
14003,118,115,3,3
14004,57,61,-4,4
14005,84,91,-7,7
14006,84,79,5,5
14007,120,129,-9,9
14008,163,161,2,2
14009,64,68,-4,4
14010,83,76,7,7
14011,69,81,-12,12
14012,135,102,33,33
14013,86,79,7,7
14014,60,50,10,10
14015,77,79,-2,2
14016,92,89,3,3
14017,85,79,6,6
14018,161,156,5,5
14019,126,109,17,17
14020,63,62,1,1
14021,93,103,-10,10
14022,73,72,1,1
14023,107,108,-1,1
14024,74,75,-1,1
14025,73,70,3,3
14026,108,94,14,14
14027,182,174,8,8
14028,134,122,12,12
14029,67,68,-1,1
14030,91,89,2,2
14031,131,157,-26,26
14032,146,141,5,5
14033,80,78,2,2
14034,139,130,9,9
14035,188,187,1,1
14036,150,141,9,9
14037,74,75,-1,1
14038,115,117,-2,2
14039,87,81,6,6
14040,83,68,15,15
14041,71,68,3,3
14042,95,95,0,0
14043,110,104,6,6
14044,91,90,1,1
14045,108,108,0,0
14046,51,51,0,0
14047,71,73,-2,2
14048,50,52,-2,2
14049,66,71,-5,5
14050,56,68,-12,12
14051,108,110,-2,2
14052,114,106,8,8
14053,86,71,15,15
14054,88,86,2,2
14055,66,59,7,7
14056,111,111,0,0
14057,53,56,-3,3
14058,94,90,4,4
14059,74,75,-1,1
14060,129,132,-3,3
14061,75,78,-3,3
14062,198,182,16,16
14063,76,70,6,6
14064,94,93,1,1
14065,70,66,4,4
14066,172,150,22,22
14067,61,61,0,0
14068,80,77,3,3
14069,102,94,8,8
14070,114,115,-1,1
14071,70,72,-2,2
14072,75,84,-9,9
14073,112,108,4,4
14074,44,51,-7,7
14075,145,169,-24,24
14076,68,90,-22,22
14077,148,143,5,5
14078,56,57,-1,1
14079,81,81,0,0
14080,73,75,-2,2
14081,122,127,-5,5
14082,75,78,-3,3
14083,121,128,-7,7
14084,139,141,-2,2
14085,63,61,2,2
14086,125,128,-3,3
14087,85,80,5,5
14088,112,124,-12,12
14089,114,109,5,5
14090,134,126,8,8
14091,98,107,-9,9
14092,75,86,-11,11
14093,135,122,13,13
14094,96,99,-3,3
14095,102,98,4,4
14096,150,153,-3,3
14097,186,169,17,17
14098,63,61,2,2
14099,116,106,10,10
14100,83,69,14,14
14101,110,95,15,15
14102,104,102,2,2
14103,71,68,3,3
14104,111,122,-11,11
14105,106,114,-8,8
14106,147,150,-3,3
14107,67,67,0,0
14108,212,201,11,11
14109,83,88,-5,5
14110,174,153,21,21
14111,113,131,-18,18
14112,68,79,-11,11
14113,159,166,-7,7
14114,52,59,-7,7
14115,123,125,-2,2
14116,112,114,-2,2
14117,69,78,-9,9
14118,61,62,-1,1
14119,63,61,2,2
14120,70,70,0,0
14121,65,72,-7,7
14122,145,150,-5,5
14123,121,126,-5,5
14124,60,54,6,6
14125,187,172,15,15
14126,24,33,-9,9
14127,136,134,2,2
14128,65,72,-7,7
14129,67,65,2,2
14130,189,181,8,8
14131,83,105,-22,22
14132,76,78,-2,2
14133,91,90,1,1
14134,74,87,-13,13
14135,55,62,-7,7
14136,107,98,9,9
14137,160,148,12,12
14138,149,138,11,11
14139,96,83,13,13
14140,88,86,2,2
14141,118,112,6,6
14142,91,90,1,1
14143,92,94,-2,2
14144,74,74,0,0
14145,118,124,-6,6
14146,81,98,-17,17
14147,95,92,3,3
14148,68,72,-4,4
14149,132,117,15,15
14150,49,47,2,2
14151,115,116,-1,1
14152,148,146,2,2
14153,109,124,-15,15
14154,104,92,12,12
14155,159,163,-4,4
14156,83,73,10,10
14157,47,45,2,2
14158,92,86,6,6
14159,101,107,-6,6
14160,57,53,4,4
14161,40,48,-8,8
14162,153,143,10,10
14163,163,140,23,23
14164,66,65,1,1
14165,90,86,4,4
14166,55,52,3,3
14167,52,62,-10,10
14168,96,96,0,0
14169,115,114,1,1
14170,47,63,-16,16
14171,77,89,-12,12
14172,76,81,-5,5
14173,115,117,-2,2
14174,93,95,-2,2
14175,120,91,29,29
14176,83,83,0,0
14177,119,112,7,7
14178,40,50,-10,10
14179,47,51,-4,4
14180,55,52,3,3
14181,96,94,2,2
14182,88,92,-4,4
14183,74,86,-12,12
14184,80,88,-8,8
14185,68,63,5,5
14186,144,140,4,4
14187,101,94,7,7
14188,116,115,1,1
14189,63,63,0,0
14190,51,52,-1,1
14191,123,118,5,5
14192,145,141,4,4
14193,107,95,12,12
14194,109,108,1,1
14195,115,120,-5,5
14196,59,59,0,0
14197,63,70,-7,7
14198,190,188,2,2
14199,69,67,2,2
14200,77,79,-2,2
14201,78,87,-9,9
14202,85,94,-9,9
14203,112,94,18,18
14204,82,84,-2,2
14205,150,150,0,0
14206,72,76,-4,4
14207,105,107,-2,2
14208,80,78,2,2
14209,39,44,-5,5
14210,102,115,-13,13
14211,68,75,-7,7
14212,95,90,5,5
14213,24,35,-11,11
14214,50,52,-2,2
14215,66,54,12,12
14216,69,74,-5,5
14217,120,113,7,7
14218,140,122,18,18
14219,69,74,-5,5
14220,187,150,37,37
14221,107,103,4,4
14222,67,65,2,2
14223,126,131,-5,5
14224,112,126,-14,14
14225,93,103,-10,10
14226,89,91,-2,2
14227,93,100,-7,7
14228,48,47,1,1
14229,153,150,3,3
14230,67,64,3,3
14231,48,51,-3,3
14232,58,66,-8,8
14233,179,168,11,11
14234,91,90,1,1
14235,123,125,-2,2
14236,70,71,-1,1
14237,32,38,-6,6
14238,96,84,12,12
14239,53,51,2,2
14240,99,102,-3,3
14241,133,120,13,13
14242,77,88,-11,11
14243,47,67,-20,20
14244,55,53,2,2
14245,85,78,7,7
14246,135,131,4,4
14247,103,99,4,4
14248,62,72,-10,10
14249,73,73,0,0
14250,117,129,-12,12
14251,112,105,7,7
14252,34,36,-2,2
14253,46,48,-2,2
14254,68,65,3,3
14255,42,40,2,2
14256,88,105,-17,17
14257,88,88,0,0
14258,78,78,0,0
14259,74,81,-7,7
14260,145,137,8,8
14261,144,143,1,1
14262,146,151,-5,5
14263,50,51,-1,1
14264,134,118,16,16
14265,81,79,2,2
14266,81,74,7,7
14267,64,68,-4,4
14268,134,131,3,3
14269,177,175,2,2
14270,115,103,12,12
14271,105,105,0,0
14272,142,134,8,8
14273,104,103,1,1
14274,74,81,-7,7
14275,177,163,14,14
14276,47,48,-1,1
14277,127,131,-4,4
14278,186,171,15,15
14279,81,89,-8,8
14280,78,75,3,3
14281,155,141,14,14
14282,170,131,39,39
14283,97,92,5,5
14284,94,87,7,7
14285,77,81,-4,4
14286,83,80,3,3
14287,109,108,1,1
14288,92,94,-2,2
14289,93,92,1,1
14290,63,87,-24,24
14291,85,83,2,2
14292,92,99,-7,7
14293,68,50,18,18
14294,111,119,-8,8
14295,181,170,11,11
14296,57,61,-4,4
14297,93,98,-5,5
14298,68,78,-10,10
14299,95,100,-5,5
14300,123,110,13,13
14301,58,62,-4,4
14302,159,145,14,14
14303,97,85,12,12
14304,82,81,1,1
14305,70,67,3,3
14306,87,73,14,14
14307,63,65,-2,2
14308,138,132,6,6
14309,124,122,2,2
14310,90,85,5,5
14311,72,68,4,4
14312,82,90,-8,8
14313,102,122,-20,20
14314,149,134,15,15
14315,127,120,7,7
14316,127,106,21,21
14317,80,80,0,0
14318,79,69,10,10
14319,126,133,-7,7
14320,160,153,7,7
14321,88,89,-1,1
14322,57,44,13,13
14323,117,115,2,2
14324,88,84,4,4
14325,117,118,-1,1
14326,108,106,2,2
14327,122,133,-11,11
14328,126,115,11,11
14329,137,136,1,1
14330,119,101,18,18
14331,94,96,-2,2
14332,89,68,21,21
14333,65,61,4,4
14334,80,76,4,4
14335,73,76,-3,3
14336,137,120,17,17
14337,112,114,-2,2
14338,93,92,1,1
14339,121,100,21,21
14340,94,97,-3,3
14341,74,79,-5,5
14342,126,124,2,2
14343,102,88,14,14
14344,61,60,1,1
14345,107,109,-2,2
14346,187,173,14,14
14347,129,122,7,7
14348,96,101,-5,5
14349,85,75,10,10
14350,89,89,0,0
14351,65,55,10,10
14352,67,72,-5,5
14353,95,88,7,7
14354,90,82,8,8
14355,70,85,-15,15
14356,51,59,-8,8
14357,67,73,-6,6
14358,105,93,12,12
14359,72,88,-16,16
14360,73,69,4,4
14361,90,90,0,0
14362,60,52,8,8
14363,125,123,2,2
14364,128,120,8,8
14365,114,110,4,4
14366,80,66,14,14
14367,130,116,14,14
14368,170,190,-20,20
14369,163,159,4,4
14370,121,109,12,12
14371,65,66,-1,1
14372,110,108,2,2
14373,86,86,0,0
14374,136,138,-2,2
14375,95,94,1,1
14376,82,78,4,4
14377,117,111,6,6
14378,122,123,-1,1
14379,61,60,1,1
14380,49,49,0,0
14381,188,173,15,15
14382,61,65,-4,4
14383,164,164,0,0
14384,64,70,-6,6
14385,100,92,8,8
14386,75,75,0,0
14387,90,84,6,6
14388,83,76,7,7
14389,74,83,-9,9
14390,88,87,1,1
14391,110,100,10,10
14392,104,101,3,3
14393,61,71,-10,10
14394,80,85,-5,5
14395,121,112,9,9
14396,72,78,-6,6
14397,80,78,2,2
14398,38,40,-2,2
14399,136,116,20,20
14400,85,88,-3,3
14401,86,87,-1,1
14402,129,124,5,5
14403,58,61,-3,3
14404,73,80,-7,7
14405,135,136,-1,1
14406,106,118,-12,12
14407,53,53,0,0
14408,54,60,-6,6
14409,62,76,-14,14
14410,91,95,-4,4
14411,61,61,0,0
14412,56,65,-9,9
14413,53,52,1,1
14414,67,65,2,2
14415,81,85,-4,4
14416,77,84,-7,7
14417,92,92,0,0
14418,181,168,13,13
14419,68,72,-4,4
14420,73,75,-2,2
14421,102,95,7,7
14422,85,87,-2,2
14423,78,78,0,0
14424,85,80,5,5
14425,86,95,-9,9
14426,61,69,-8,8
14427,60,62,-2,2
14428,70,77,-7,7
14429,63,66,-3,3
14430,141,151,-10,10
14431,82,79,3,3
14432,125,116,9,9
14433,25,33,-8,8
14434,124,117,7,7
14435,42,45,-3,3
14436,123,129,-6,6
14437,50,66,-16,16
14438,94,101,-7,7
14439,175,166,9,9
14440,119,123,-4,4
14441,97,99,-2,2
14442,112,107,5,5
14443,105,101,4,4
14444,85,83,2,2
14445,117,122,-5,5
14446,140,135,5,5
14447,117,107,10,10
14448,45,43,2,2
14449,73,79,-6,6
14450,71,83,-12,12
14451,41,44,-3,3
14452,134,126,8,8
14453,102,101,1,1
14454,69,71,-2,2
14455,98,101,-3,3
14456,113,103,10,10
14457,90,92,-2,2
14458,67,66,1,1
14459,83,90,-7,7
14460,64,66,-2,2
14461,192,165,27,27
14462,93,79,14,14
14463,111,111,0,0
14464,122,127,-5,5
14465,89,100,-11,11
14466,77,99,-22,22
14467,66,64,2,2
14468,57,57,0,0
14469,84,88,-4,4
14470,90,92,-2,2
14471,103,103,0,0
14472,144,141,3,3
14473,120,109,11,11
14474,105,100,5,5
14475,121,118,3,3
14476,51,96,-45,45
14477,91,79,12,12
14478,73,80,-7,7
14479,60,61,-1,1
14480,50,47,3,3
14481,94,107,-13,13
14482,107,96,11,11
14483,62,57,5,5
14484,77,77,0,0
14485,109,106,3,3
14486,113,105,8,8
14487,95,98,-3,3
14488,153,164,-11,11
14489,146,132,14,14
14490,75,77,-2,2
14491,97,100,-3,3
14492,96,98,-2,2
14493,112,129,-17,17
14494,93,102,-9,9
14495,88,89,-1,1
14496,143,129,14,14
14497,131,133,-2,2
14498,92,93,-1,1
14499,77,72,5,5
14500,94,88,6,6
14501,60,68,-8,8
14502,70,68,2,2
14503,73,74,-1,1
14504,115,109,6,6
14505,111,111,0,0
14506,41,42,-1,1
14507,49,52,-3,3
14508,141,139,2,2
14509,85,79,6,6
14510,89,85,4,4
14511,84,70,14,14
14512,102,100,2,2
14513,100,102,-2,2
14514,72,72,0,0
14515,99,93,6,6
14516,68,64,4,4
14517,63,55,8,8
14518,156,167,-11,11
14519,113,103,10,10
14520,109,101,8,8
14521,141,134,7,7
14522,173,166,7,7
14523,95,101,-6,6
14524,89,95,-6,6
14525,103,98,5,5
14526,71,73,-2,2
14527,81,77,4,4
14528,93,93,0,0
14529,138,151,-13,13
14530,94,80,14,14
14531,168,154,14,14
14532,56,60,-4,4
14533,70,64,6,6
14534,143,121,22,22
14535,115,115,0,0
14536,78,72,6,6
14537,71,65,6,6
14538,61,59,2,2
14539,174,170,4,4
14540,136,138,-2,2
14541,137,143,-6,6
14542,64,60,4,4
14543,98,95,3,3
14544,61,65,-4,4
14545,79,78,1,1
14546,58,62,-4,4
14547,88,88,0,0
14548,83,83,0,0
14549,58,61,-3,3
14550,113,103,10,10
14551,65,59,6,6
14552,98,97,1,1
14553,98,89,9,9
14554,119,106,13,13
14555,81,83,-2,2
14556,107,109,-2,2
14557,69,63,6,6
14558,102,101,1,1
14559,64,66,-2,2
14560,92,102,-10,10
14561,91,80,11,11
14562,76,68,8,8
14563,120,116,4,4
14564,131,129,2,2
14565,73,62,11,11
14566,113,89,24,24
14567,46,62,-16,16
14568,31,31,0,0
14569,86,83,3,3
14570,124,133,-9,9
14571,69,64,5,5
14572,103,99,4,4
14573,78,86,-8,8
14574,85,78,7,7
14575,43,41,2,2
14576,102,103,-1,1
14577,64,73,-9,9
14578,112,121,-9,9
14579,104,100,4,4
14580,116,117,-1,1
14581,72,72,0,0
14582,86,97,-11,11
14583,45,45,0,0
14584,90,97,-7,7
14585,204,190,14,14
14586,38,44,-6,6
14587,95,78,17,17
14588,102,108,-6,6
14589,193,187,6,6
14590,130,116,14,14
14591,47,47,0,0
14592,132,135,-3,3
14593,176,150,26,26
14594,67,68,-1,1
14595,100,106,-6,6
14596,73,62,11,11
14597,44,49,-5,5
14598,65,68,-3,3
14599,34,42,-8,8
14600,56,63,-7,7
14601,87,87,0,0
14602,87,108,-21,21
14603,44,51,-7,7
14604,115,108,7,7
14605,82,81,1,1
14606,134,139,-5,5
14607,161,153,8,8
14608,61,54,7,7
14609,150,144,6,6
14610,106,99,7,7
14611,68,67,1,1
14612,106,97,9,9
14613,96,94,2,2
14614,142,151,-9,9
14615,74,65,9,9
14616,47,50,-3,3
14617,130,133,-3,3
14618,121,123,-2,2
14619,104,104,0,0
14620,79,77,2,2
14621,85,78,7,7
14622,92,89,3,3
14623,52,97,-45,45
14624,144,161,-17,17
14625,92,76,16,16
14626,58,50,8,8
14627,116,125,-9,9
14628,71,76,-5,5
14629,65,59,6,6
14630,86,77,9,9
14631,51,58,-7,7
14632,51,53,-2,2
14633,169,165,4,4
14634,117,125,-8,8
14635,94,94,0,0
14636,77,74,3,3
14637,61,63,-2,2
14638,64,61,3,3
14639,38,45,-7,7
14640,54,50,4,4
14641,70,72,-2,2
14642,77,83,-6,6
14643,127,118,9,9
14644,58,59,-1,1
14645,84,84,0,0
14646,89,95,-6,6
14647,52,52,0,0
14648,73,75,-2,2
14649,64,74,-10,10
14650,53,61,-8,8
14651,112,104,8,8
14652,92,92,0,0
14653,90,76,14,14
14654,72,73,-1,1
14655,99,102,-3,3
14656,84,75,9,9
14657,90,92,-2,2
14658,135,140,-5,5
14659,91,84,7,7
14660,81,88,-7,7
14661,119,114,5,5
14662,70,72,-2,2
14663,62,61,1,1
14664,80,81,-1,1
14665,69,63,6,6
14666,107,117,-10,10
14667,145,136,9,9
14668,137,128,9,9
14669,94,95,-1,1
14670,158,142,16,16
14671,174,178,-4,4
14672,100,102,-2,2
14673,141,133,8,8
14674,131,125,6,6
14675,168,163,5,5
14676,98,94,4,4
14677,116,122,-6,6
14678,101,97,4,4
14679,89,105,-16,16
14680,119,114,5,5
14681,139,138,1,1
14682,25,30,-5,5
14683,106,105,1,1
14684,161,162,-1,1
14685,123,120,3,3
14686,87,87,0,0
14687,58,62,-4,4
14688,62,70,-8,8
14689,89,86,3,3
14690,81,78,3,3
14691,70,63,7,7
14692,78,76,2,2
14693,163,159,4,4
14694,46,66,-20,20
14695,57,54,3,3
14696,108,103,5,5
14697,148,114,34,34
14698,74,73,1,1
14699,54,60,-6,6
14700,64,76,-12,12
14701,162,141,21,21
14702,124,111,13,13
14703,75,79,-4,4
14704,76,74,2,2
14705,81,90,-9,9
14706,56,60,-4,4
14707,90,82,8,8
14708,70,76,-6,6
14709,66,82,-16,16
14710,75,77,-2,2
14711,95,113,-18,18
14712,123,125,-2,2
14713,125,122,3,3
14714,44,45,-1,1
14715,141,138,3,3
14716,53,55,-2,2
14717,97,95,2,2
14718,100,100,0,0
14719,78,95,-17,17
14720,199,183,16,16
14721,124,115,9,9
14722,56,68,-12,12
14723,62,55,7,7
14724,109,104,5,5
14725,149,134,15,15
14726,101,103,-2,2
14727,129,117,12,12
14728,138,118,20,20
14729,118,120,-2,2
14730,151,149,2,2
14731,58,53,5,5
14732,148,150,-2,2
14733,89,91,-2,2
14734,93,95,-2,2
14735,111,100,11,11
14736,131,130,1,1
14737,106,108,-2,2
14738,123,118,5,5
14739,119,139,-20,20
14740,106,105,1,1
14741,121,112,9,9
14742,74,63,11,11
14743,94,99,-5,5
14744,83,75,8,8
14745,159,151,8,8
14746,126,119,7,7
14747,71,71,0,0
14748,52,49,3,3
14749,139,145,-6,6
14750,98,94,4,4
14751,94,91,3,3
14752,58,52,6,6
14753,126,129,-3,3
14754,65,64,1,1
14755,98,87,11,11
14756,170,163,7,7
14757,71,78,-7,7
14758,63,72,-9,9
14759,74,78,-4,4
14760,119,116,3,3
14761,73,85,-12,12
14762,88,86,2,2
14763,96,98,-2,2
14764,125,127,-2,2
14765,119,119,0,0
14766,88,87,1,1
14767,98,92,6,6
14768,103,118,-15,15
14769,95,90,5,5
14770,80,82,-2,2
14771,88,86,2,2
14772,50,50,0,0
14773,81,74,7,7
14774,72,63,9,9
14775,56,45,11,11
14776,54,54,0,0
14777,70,78,-8,8
14778,92,85,7,7
14779,79,81,-2,2
14780,64,66,-2,2
14781,121,118,3,3
14782,55,57,-2,2
14783,110,109,1,1
14784,142,136,6,6
14785,160,155,5,5
14786,61,59,2,2
14787,59,59,0,0
14788,102,109,-7,7
14789,95,91,4,4
14790,62,67,-5,5
14791,142,138,4,4
14792,91,76,15,15
14793,114,109,5,5
14794,54,50,4,4
14795,93,101,-8,8
14796,96,91,5,5
14797,75,72,3,3
14798,95,92,3,3
14799,59,60,-1,1
14800,87,74,13,13
14801,121,105,16,16
14802,85,89,-4,4
14803,74,74,0,0
14804,94,94,0,0
14805,117,121,-4,4
14806,136,137,-1,1
14807,51,61,-10,10
14808,143,136,7,7
14809,110,108,2,2
14810,112,108,4,4
14811,59,58,1,1
14812,69,62,7,7
14813,92,90,2,2
14814,92,97,-5,5
14815,125,115,10,10
14816,93,86,7,7
14817,94,84,10,10
14818,183,167,16,16
14819,158,163,-5,5
14820,126,122,4,4
14821,201,181,20,20
14822,96,85,11,11
14823,69,84,-15,15
14824,112,124,-12,12
14825,60,63,-3,3
14826,81,76,5,5
14827,229,222,7,7
14828,81,77,4,4
14829,49,55,-6,6
14830,98,91,7,7
14831,104,104,0,0
14832,117,109,8,8
14833,91,91,0,0
14834,96,85,11,11
14835,82,76,6,6
14836,193,167,26,26
14837,75,80,-5,5
14838,101,99,2,2
14839,128,114,14,14
14840,103,102,1,1
14841,84,81,3,3
14842,162,151,11,11
14843,117,117,0,0
14844,104,126,-22,22
14845,85,84,1,1
14846,90,89,1,1
14847,67,67,0,0
14848,91,78,13,13
14849,152,150,2,2
14850,60,56,4,4
14851,107,107,0,0
14852,114,132,-18,18
14853,95,95,0,0
14854,85,87,-2,2
14855,72,103,-31,31
14856,66,84,-18,18
14857,81,86,-5,5
14858,112,106,6,6
14859,39,42,-3,3
14860,125,139,-14,14
14861,67,66,1,1
14862,103,94,9,9
14863,44,63,-19,19
14864,52,50,2,2
14865,58,60,-2,2
14866,105,108,-3,3
14867,55,66,-11,11
14868,107,127,-20,20
14869,102,114,-12,12
14870,61,75,-14,14
14871,129,127,2,2
14872,72,69,3,3
14873,144,141,3,3
14874,67,69,-2,2
14875,131,128,3,3
14876,59,61,-2,2
14877,142,138,4,4
14878,80,84,-4,4
14879,95,87,8,8
14880,62,67,-5,5
14881,99,102,-3,3
14882,69,78,-9,9
14883,36,43,-7,7
14884,53,51,2,2
14885,174,156,18,18
14886,120,116,4,4
14887,60,70,-10,10
14888,44,40,4,4
14889,104,106,-2,2
14890,70,66,4,4
14891,80,74,6,6
14892,72,66,6,6
14893,114,126,-12,12
14894,110,109,1,1
14895,69,62,7,7
14896,108,104,4,4
14897,136,133,3,3
14898,62,62,0,0
14899,170,173,-3,3
14900,109,99,10,10
14901,85,86,-1,1
14902,93,83,10,10
14903,117,114,3,3
14904,102,82,20,20
14905,123,117,6,6
14906,91,106,-15,15
14907,65,66,-1,1
14908,52,59,-7,7
14909,139,121,18,18
14910,88,89,-1,1
14911,67,82,-15,15
14912,143,142,1,1
14913,153,159,-6,6
14914,65,65,0,0
14915,84,85,-1,1
14916,101,112,-11,11
14917,90,115,-25,25
14918,75,75,0,0
14919,95,91,4,4
14920,197,173,24,24
14921,60,60,0,0
14922,152,151,1,1
14923,69,66,3,3
14924,79,83,-4,4
14925,63,76,-13,13
14926,114,111,3,3
14927,94,86,8,8
14928,107,99,8,8
14929,94,93,1,1
14930,68,65,3,3
14931,95,93,2,2
14932,123,116,7,7
14933,81,78,3,3
14934,141,126,15,15
14935,78,78,0,0
14936,100,107,-7,7
14937,120,117,3,3
14938,36,35,1,1
14939,81,87,-6,6
14940,118,98,20,20
14941,122,125,-3,3
14942,80,76,4,4
14943,130,122,8,8
14944,44,44,0,0
14945,170,173,-3,3
14946,74,88,-14,14
14947,66,70,-4,4
14948,192,180,12,12
14949,84,87,-3,3
14950,116,138,-22,22
14951,81,78,3,3
14952,43,44,-1,1
14953,69,72,-3,3
14954,63,60,3,3
14955,94,90,4,4
14956,84,81,3,3
14957,56,54,2,2
14958,106,114,-8,8
14959,152,127,25,25
14960,92,89,3,3
14961,68,69,-1,1
14962,87,90,-3,3
14963,88,100,-12,12
14964,78,79,-1,1
14965,64,74,-10,10
14966,147,141,6,6
14967,57,53,4,4
14968,81,86,-5,5
14969,59,62,-3,3
14970,70,69,1,1
14971,87,95,-8,8
14972,90,82,8,8
14973,87,74,13,13
14974,49,52,-3,3
14975,160,137,23,23
14976,131,114,17,17
14977,83,87,-4,4
14978,44,47,-3,3
14979,44,52,-8,8
14980,52,65,-13,13
14981,102,110,-8,8
14982,69,73,-4,4
14983,99,96,3,3
14984,81,87,-6,6
14985,91,99,-8,8
14986,87,85,2,2
14987,57,52,5,5
14988,82,86,-4,4
14989,56,58,-2,2
14990,76,76,0,0
14991,79,83,-4,4
14992,78,72,6,6
14993,121,106,15,15
14994,119,99,20,20
14995,68,74,-6,6
14996,146,143,3,3
14997,106,90,16,16
14998,132,116,16,16
14999,47,50,-3,3
15000,70,66,4,4
15001,114,97,17,17
15002,71,66,5,5
15003,85,98,-13,13
15004,132,125,7,7
15005,33,33,0,0
15006,16,46,-30,30
15007,68,68,0,0
15008,62,63,-1,1
15009,84,90,-6,6
15010,50,52,-2,2
15011,91,91,0,0
15012,116,112,4,4
15013,97,90,7,7
15014,126,130,-4,4
15015,102,105,-3,3
15016,111,94,17,17
15017,113,107,6,6
15018,149,135,14,14
15019,87,71,16,16
15020,120,108,12,12
15021,124,126,-2,2
15022,145,131,14,14
15023,78,76,2,2
15024,158,160,-2,2
15025,47,53,-6,6
15026,228,204,24,24
15027,86,94,-8,8
15028,97,94,3,3
15029,105,99,6,6
15030,59,64,-5,5
15031,134,111,23,23
15032,122,124,-2,2
15033,116,132,-16,16
15034,72,80,-8,8
15035,95,106,-11,11
15036,48,47,1,1
15037,71,68,3,3
15038,164,165,-1,1
15039,80,77,3,3
15040,96,85,11,11
15041,133,122,11,11
15042,121,128,-7,7
15043,122,124,-2,2
15044,99,91,8,8
15045,96,87,9,9
15046,41,48,-7,7
15047,157,135,22,22
15048,104,86,18,18
15049,65,73,-8,8
15050,103,111,-8,8
15051,118,115,3,3
15052,99,96,3,3
15053,126,109,17,17
15054,106,101,5,5
15055,55,47,8,8
15056,75,72,3,3
15057,69,75,-6,6
15058,107,110,-3,3
15059,122,121,1,1
15060,63,64,-1,1
15061,107,101,6,6
15062,96,113,-17,17
15063,62,74,-12,12
15064,72,68,4,4
15065,152,144,8,8
15066,65,68,-3,3
15067,78,75,3,3
15068,115,114,1,1
15069,113,100,13,13
15070,113,95,18,18
15071,105,102,3,3
15072,116,117,-1,1
15073,158,154,4,4
15074,57,61,-4,4
15075,141,145,-4,4
15076,82,80,2,2
15077,106,106,0,0
15078,96,88,8,8
15079,104,100,4,4
15080,98,90,8,8
15081,83,95,-12,12
15082,138,131,7,7
15083,148,142,6,6
15084,71,78,-7,7
15085,90,99,-9,9
15086,134,121,13,13
15087,129,135,-6,6
15088,127,126,1,1
15089,77,77,0,0
15090,69,78,-9,9
15091,102,105,-3,3
15092,69,71,-2,2
15093,65,63,2,2
15094,102,112,-10,10
15095,56,69,-13,13
15096,123,115,8,8
15097,73,72,1,1
15098,61,72,-11,11
15099,102,116,-14,14
15100,98,95,3,3
15101,80,78,2,2
15102,85,89,-4,4
15103,61,68,-7,7
15104,127,126,1,1
15105,68,66,2,2
15106,127,135,-8,8
15107,71,71,0,0
15108,71,55,16,16
15109,149,141,8,8
15110,91,84,7,7
15111,98,104,-6,6
15112,51,54,-3,3
15113,90,86,4,4
15114,105,115,-10,10
15115,84,83,1,1
15116,98,92,6,6
15117,188,197,-9,9
15118,57,50,7,7
15119,135,110,25,25
15120,107,100,7,7
15121,166,159,7,7
15122,102,95,7,7
15123,162,158,4,4
15124,74,68,6,6
15125,81,80,1,1
15126,58,56,2,2
15127,93,78,15,15
15128,67,62,5,5
15129,136,145,-9,9
15130,122,124,-2,2
15131,114,125,-11,11
15132,66,60,6,6
15133,121,111,10,10
15134,82,86,-4,4
15135,110,103,7,7
15136,63,68,-5,5
15137,108,102,6,6
15138,77,75,2,2
15139,86,79,7,7
15140,74,70,4,4
15141,101,108,-7,7
15142,114,123,-9,9
15143,105,98,7,7
15144,106,106,0,0
15145,83,78,5,5
15146,169,163,6,6
15147,71,71,0,0
15148,87,92,-5,5
15149,67,69,-2,2
15150,86,111,-25,25
15151,244,232,12,12
15152,96,79,17,17
15153,136,135,1,1
15154,64,62,2,2
15155,131,144,-13,13
15156,142,149,-7,7
15157,63,77,-14,14
15158,56,60,-4,4
15159,65,63,2,2
15160,116,104,12,12
15161,57,49,8,8
15162,109,116,-7,7
15163,114,126,-12,12
15164,68,65,3,3
15165,114,111,3,3
15166,64,83,-19,19
15167,112,119,-7,7
15168,47,57,-10,10
15169,66,62,4,4
15170,81,86,-5,5
15171,127,130,-3,3
15172,109,110,-1,1
15173,72,68,4,4
15174,94,96,-2,2
15175,46,54,-8,8
15176,113,82,31,31
15177,70,73,-3,3
15178,80,85,-5,5
15179,64,65,-1,1
15180,113,110,3,3
15181,56,68,-12,12
15182,112,103,9,9
15183,50,60,-10,10
15184,101,96,5,5
15185,173,171,2,2
15186,57,50,7,7
15187,104,99,5,5
15188,90,86,4,4
15189,76,73,3,3
15190,94,94,0,0
15191,105,123,-18,18
15192,121,119,2,2
15193,126,134,-8,8
15194,127,109,18,18
15195,116,116,0,0
15196,88,81,7,7
15197,62,74,-12,12
15198,190,191,-1,1
15199,91,117,-26,26
15200,68,74,-6,6
15201,102,94,8,8
15202,150,122,28,28
15203,85,86,-1,1
15204,45,48,-3,3
15205,106,113,-7,7
15206,64,60,4,4
15207,152,154,-2,2
15208,124,128,-4,4
15209,77,83,-6,6
15210,80,85,-5,5
15211,68,60,8,8
15212,131,133,-2,2
15213,141,133,8,8
15214,138,121,17,17
15215,139,152,-13,13
15216,54,60,-6,6
15217,81,82,-1,1
15218,131,131,0,0
15219,105,102,3,3
15220,88,79,9,9
15221,97,97,0,0
15222,132,127,5,5
15223,80,84,-4,4
15224,83,86,-3,3
15225,56,61,-5,5
15226,68,77,-9,9
15227,88,82,6,6
15228,101,106,-5,5
15229,123,116,7,7
15230,123,132,-9,9
15231,56,72,-16,16
15232,139,139,0,0
15233,102,105,-3,3
15234,53,53,0,0
15235,145,141,4,4
15236,94,97,-3,3
15237,126,122,4,4
15238,92,82,10,10
15239,82,78,4,4
15240,74,80,-6,6
15241,165,136,29,29
15242,99,103,-4,4
15243,139,144,-5,5
15244,84,73,11,11
15245,85,81,4,4
15246,63,63,0,0
15247,174,150,24,24
15248,127,111,16,16
15249,93,102,-9,9
15250,106,104,2,2
15251,108,137,-29,29
15252,93,92,1,1
15253,98,81,17,17
15254,91,88,3,3
15255,68,64,4,4
15256,98,96,2,2
15257,264,224,40,40
15258,105,91,14,14
15259,71,79,-8,8
15260,57,51,6,6
15261,99,96,3,3
15262,87,80,7,7
15263,109,109,0,0
15264,132,134,-2,2
15265,66,74,-8,8
15266,99,99,0,0
15267,70,62,8,8
15268,111,106,5,5
15269,124,122,2,2
15270,53,61,-8,8
15271,113,101,12,12
15272,69,58,11,11
15273,69,74,-5,5
15274,80,77,3,3
15275,87,86,1,1
15276,117,106,11,11
15277,105,95,10,10
15278,64,54,10,10
15279,41,48,-7,7
15280,60,60,0,0
15281,93,92,1,1
15282,74,66,8,8
15283,100,94,6,6
15284,75,71,4,4
15285,117,104,13,13
15286,129,133,-4,4
15287,145,142,3,3
15288,102,104,-2,2
15289,147,149,-2,2
15290,55,59,-4,4
15291,91,82,9,9
15292,46,51,-5,5
15293,211,178,33,33
15294,125,132,-7,7
15295,76,76,0,0
15296,84,82,2,2
15297,104,103,1,1
15298,62,66,-4,4
15299,77,82,-5,5
15300,100,94,6,6
15301,83,88,-5,5
15302,90,89,1,1
15303,181,167,14,14
15304,132,149,-17,17
15305,88,84,4,4
15306,85,88,-3,3
15307,69,75,-6,6
15308,59,58,1,1
15309,42,37,5,5
15310,138,131,7,7
15311,75,70,5,5
15312,116,118,-2,2
15313,76,89,-13,13
15314,85,82,3,3
15315,60,63,-3,3
15316,101,97,4,4
15317,117,124,-7,7
15318,73,81,-8,8
15319,65,73,-8,8
15320,136,139,-3,3
15321,40,45,-5,5
15322,61,62,-1,1
15323,138,137,1,1
15324,55,59,-4,4
15325,87,78,9,9
15326,60,55,5,5
15327,42,40,2,2
15328,184,190,-6,6
15329,136,140,-4,4
15330,46,67,-21,21
15331,157,117,40,40
15332,99,102,-3,3
15333,64,60,4,4
15334,95,93,2,2
15335,138,138,0,0
15336,63,68,-5,5
15337,72,63,9,9
15338,52,59,-7,7
15339,90,84,6,6
15340,78,87,-9,9
15341,97,97,0,0
15342,118,111,7,7
15343,89,90,-1,1
15344,55,60,-5,5
15345,109,102,7,7
15346,64,71,-7,7
15347,103,95,8,8
15348,96,93,3,3
15349,101,101,0,0
15350,130,127,3,3
15351,67,79,-12,12
15352,65,66,-1,1
15353,80,80,0,0
15354,90,86,4,4
15355,86,78,8,8
15356,62,60,2,2
15357,162,157,5,5
15358,107,113,-6,6
15359,42,46,-4,4
15360,104,107,-3,3
15361,125,124,1,1
15362,93,99,-6,6
15363,163,180,-17,17
15364,42,52,-10,10
15365,127,122,5,5
15366,94,100,-6,6
15367,88,89,-1,1
15368,147,142,5,5
15369,155,149,6,6
15370,107,94,13,13
15371,65,63,2,2
15372,94,109,-15,15
15373,77,80,-3,3
15374,128,130,-2,2
15375,70,76,-6,6
15376,51,57,-6,6
15377,101,105,-4,4
15378,108,93,15,15
15379,169,160,9,9
15380,56,59,-3,3
15381,114,104,10,10
15382,129,140,-11,11
15383,98,95,3,3
15384,62,69,-7,7
15385,52,52,0,0
15386,125,112,13,13
15387,123,113,10,10
15388,107,106,1,1
15389,100,99,1,1
15390,153,167,-14,14
15391,81,87,-6,6
15392,82,81,1,1
15393,97,101,-4,4
15394,28,39,-11,11
15395,123,128,-5,5
15396,66,80,-14,14
15397,91,88,3,3
15398,95,97,-2,2
15399,66,72,-6,6
15400,105,112,-7,7
15401,64,66,-2,2
15402,106,102,4,4
15403,136,125,11,11
15404,87,87,0,0
15405,71,67,4,4
15406,116,119,-3,3
15407,88,94,-6,6
15408,53,59,-6,6
15409,126,114,12,12
15410,144,130,14,14
15411,74,78,-4,4
15412,63,64,-1,1
15413,72,73,-1,1
15414,73,65,8,8
15415,76,78,-2,2
15416,88,83,5,5
15417,78,78,0,0
15418,103,98,5,5
15419,76,69,7,7
15420,41,81,-40,40
15421,231,204,27,27
15422,134,134,0,0
15423,126,110,16,16
15424,138,130,8,8
15425,103,109,-6,6
15426,90,94,-4,4
15427,73,70,3,3
15428,63,74,-11,11
15429,81,86,-5,5
15430,120,100,20,20
15431,92,96,-4,4
15432,100,101,-1,1
15433,51,55,-4,4
15434,116,121,-5,5
15435,97,97,0,0
15436,87,73,14,14
15437,138,127,11,11
15438,52,61,-9,9
15439,36,42,-6,6
15440,167,171,-4,4
15441,80,93,-13,13
15442,117,114,3,3
15443,91,80,11,11
15444,163,156,7,7
15445,112,125,-13,13
15446,75,81,-6,6
15447,119,112,7,7
15448,61,65,-4,4
15449,71,68,3,3
15450,117,115,2,2
15451,115,131,-16,16
15452,99,104,-5,5
15453,125,124,1,1
15454,100,98,2,2
15455,153,134,19,19
15456,146,152,-6,6
15457,157,147,10,10
15458,104,105,-1,1
15459,130,120,10,10
15460,137,142,-5,5
15461,105,114,-9,9
15462,101,87,14,14
15463,110,115,-5,5
15464,97,89,8,8
15465,87,76,11,11
15466,107,108,-1,1
15467,87,87,0,0
15468,90,72,18,18
15469,90,87,3,3
15470,118,120,-2,2
15471,57,65,-8,8
15472,108,116,-8,8
15473,51,58,-7,7
15474,56,76,-20,20
15475,53,66,-13,13
15476,55,63,-8,8
15477,68,78,-10,10
15478,61,68,-7,7
15479,142,142,0,0
15480,83,75,8,8
15481,56,61,-5,5
15482,60,68,-8,8
15483,59,64,-5,5
15484,119,116,3,3
15485,60,66,-6,6
15486,60,63,-3,3
15487,106,101,5,5
15488,78,83,-5,5
15489,83,79,4,4
15490,63,64,-1,1
15491,147,139,8,8
15492,182,169,13,13
15493,129,126,3,3
15494,97,101,-4,4
15495,115,112,3,3
15496,105,113,-8,8
15497,102,110,-8,8
15498,127,132,-5,5
15499,157,151,6,6
15500,84,81,3,3
15501,152,140,12,12
15502,74,80,-6,6
15503,79,76,3,3
15504,123,127,-4,4
15505,135,139,-4,4
15506,82,81,1,1
15507,111,112,-1,1
15508,62,88,-26,26
15509,59,66,-7,7
15510,77,87,-10,10
15511,63,69,-6,6
15512,81,82,-1,1
15513,56,51,5,5
15514,69,74,-5,5
15515,65,70,-5,5
15516,82,81,1,1
15517,91,87,4,4
15518,190,165,25,25
15519,185,178,7,7
15520,131,123,8,8
15521,65,62,3,3
15522,158,148,10,10
15523,144,155,-11,11
15524,73,79,-6,6
15525,80,91,-11,11
15526,152,144,8,8
15527,62,66,-4,4
15528,64,68,-4,4
15529,65,70,-5,5
15530,146,137,9,9
15531,124,120,4,4
15532,108,103,5,5
15533,131,124,7,7
15534,107,110,-3,3
15535,104,105,-1,1
15536,78,76,2,2
15537,115,124,-9,9
15538,159,149,10,10
15539,103,107,-4,4
15540,101,105,-4,4
15541,63,60,3,3
15542,160,159,1,1
15543,61,65,-4,4
15544,60,61,-1,1
15545,130,134,-4,4
15546,96,94,2,2
15547,84,84,0,0
15548,93,86,7,7
15549,110,111,-1,1
15550,66,65,1,1
15551,77,70,7,7
15552,103,101,2,2
15553,78,81,-3,3
15554,147,140,7,7
15555,87,92,-5,5
15556,84,76,8,8
15557,83,77,6,6
15558,69,67,2,2
15559,180,176,4,4
15560,140,138,2,2
15561,57,60,-3,3
15562,120,117,3,3
15563,62,63,-1,1
15564,79,76,3,3
15565,127,130,-3,3
15566,64,69,-5,5
15567,81,72,9,9
15568,100,98,2,2
15569,118,117,1,1
15570,85,73,12,12
15571,77,86,-9,9
15572,104,100,4,4
15573,72,67,5,5
15574,101,95,6,6
15575,95,97,-2,2
15576,98,94,4,4
15577,62,59,3,3
15578,98,89,9,9
15579,113,127,-14,14
15580,62,61,1,1
15581,52,65,-13,13
15582,112,102,10,10
15583,80,84,-4,4
15584,106,115,-9,9
15585,63,65,-2,2
15586,49,60,-11,11
15587,72,75,-3,3
15588,117,99,18,18
15589,116,111,5,5
15590,94,90,4,4
15591,95,95,0,0
15592,83,93,-10,10
15593,119,120,-1,1
15594,106,108,-2,2
15595,92,83,9,9
15596,70,77,-7,7
15597,133,129,4,4
15598,64,61,3,3
15599,169,161,8,8
15600,93,90,3,3
15601,102,102,0,0
15602,87,80,7,7
15603,71,75,-4,4
15604,62,68,-6,6
15605,59,52,7,7
15606,85,84,1,1
15607,72,72,0,0
15608,50,50,0,0
15609,92,86,6,6
15610,127,123,4,4
15611,57,53,4,4
15612,107,102,5,5
15613,65,55,10,10
15614,82,85,-3,3
15615,81,87,-6,6
15616,98,97,1,1
15617,82,77,5,5
15618,110,129,-19,19
15619,166,162,4,4
15620,107,103,4,4
15621,50,55,-5,5
15622,148,136,12,12
15623,70,68,2,2
15624,100,91,9,9
15625,108,107,1,1
15626,113,116,-3,3
15627,53,60,-7,7
15628,126,126,0,0
15629,72,71,1,1
15630,197,182,15,15
15631,47,45,2,2
15632,89,84,5,5
15633,143,129,14,14
15634,119,119,0,0
15635,76,82,-6,6
15636,73,78,-5,5
15637,68,72,-4,4
15638,111,105,6,6
15639,121,107,14,14
15640,92,99,-7,7
15641,113,109,4,4
15642,98,100,-2,2
15643,152,162,-10,10
15644,80,81,-1,1
15645,82,76,6,6
15646,128,121,7,7
15647,49,54,-5,5
15648,128,132,-4,4
15649,63,63,0,0
15650,52,53,-1,1
15651,89,86,3,3
15652,68,59,9,9
15653,109,108,1,1
15654,83,79,4,4
15655,97,93,4,4
15656,73,75,-2,2
15657,75,70,5,5
15658,127,122,5,5
15659,52,76,-24,24
15660,69,59,10,10
15661,152,146,6,6
15662,87,83,4,4
15663,130,110,20,20
15664,72,81,-9,9
15665,114,118,-4,4
15666,75,69,6,6
15667,136,123,13,13
15668,77,75,2,2
15669,88,83,5,5
15670,64,74,-10,10
15671,90,79,11,11
15672,174,175,-1,1
15673,57,63,-6,6
15674,56,65,-9,9
15675,78,74,4,4
15676,81,74,7,7
15677,67,60,7,7
15678,123,110,13,13
15679,146,143,3,3
15680,123,128,-5,5
15681,98,101,-3,3
15682,61,76,-15,15
15683,109,110,-1,1
15684,76,82,-6,6
15685,121,122,-1,1
15686,81,81,0,0
15687,38,52,-14,14
15688,70,72,-2,2
15689,83,76,7,7
15690,100,97,3,3
15691,79,86,-7,7
15692,98,107,-9,9
15693,79,71,8,8
15694,196,181,15,15
15695,137,138,-1,1
15696,67,68,-1,1
15697,87,89,-2,2
15698,79,80,-1,1
15699,84,85,-1,1
15700,104,116,-12,12
15701,105,112,-7,7
15702,113,104,9,9
15703,54,50,4,4
15704,77,76,1,1
15705,124,122,2,2
15706,103,98,5,5
15707,175,160,15,15
15708,67,59,8,8
15709,86,86,0,0
15710,65,69,-4,4
15711,74,69,5,5
15712,85,64,21,21
15713,77,73,4,4
15714,94,91,3,3
15715,163,145,18,18
15716,107,109,-2,2
15717,126,124,2,2
15718,97,91,6,6
15719,80,76,4,4
15720,150,155,-5,5
15721,67,76,-9,9
15722,120,107,13,13
15723,86,96,-10,10
15724,80,75,5,5
15725,79,76,3,3
15726,98,92,6,6
15727,100,103,-3,3
15728,105,106,-1,1
15729,140,160,-20,20
15730,110,100,10,10
15731,101,93,8,8
15732,50,52,-2,2
15733,132,126,6,6
15734,160,162,-2,2
15735,119,109,10,10
15736,94,88,6,6
15737,83,81,2,2
15738,92,92,0,0
15739,76,62,14,14
15740,103,100,3,3
15741,93,97,-4,4
15742,67,72,-5,5
15743,104,114,-10,10
15744,123,122,1,1
15745,90,79,11,11
15746,75,80,-5,5
15747,120,113,7,7
15748,66,64,2,2
15749,106,107,-1,1
15750,120,115,5,5
15751,98,80,18,18
15752,105,107,-2,2
15753,97,97,0,0
15754,101,96,5,5
15755,80,83,-3,3
15756,87,84,3,3
15757,68,65,3,3
15758,160,149,11,11
15759,77,81,-4,4
15760,65,69,-4,4
15761,90,91,-1,1
15762,34,40,-6,6
15763,90,99,-9,9
15764,83,72,11,11
15765,47,45,2,2
15766,47,66,-19,19
15767,106,114,-8,8
15768,63,65,-2,2
15769,96,97,-1,1
15770,108,118,-10,10
15771,85,90,-5,5
15772,157,144,13,13
15773,90,68,22,22
15774,116,122,-6,6
15775,132,131,1,1
15776,123,118,5,5
15777,118,116,2,2
15778,45,55,-10,10
15779,60,61,-1,1
15780,179,164,15,15
15781,111,110,1,1
15782,118,124,-6,6
15783,87,96,-9,9
15784,51,58,-7,7
15785,37,43,-6,6
15786,91,90,1,1
15787,69,70,-1,1
15788,130,115,15,15
15789,102,108,-6,6
15790,93,102,-9,9
15791,129,126,3,3
15792,54,51,3,3
15793,70,69,1,1
15794,125,113,12,12
15795,59,62,-3,3
15796,46,41,5,5
15797,64,71,-7,7
15798,113,99,14,14
15799,110,95,15,15
15800,46,50,-4,4
15801,134,145,-11,11
15802,71,83,-12,12
15803,143,146,-3,3
15804,63,63,0,0
15805,120,117,3,3
15806,86,75,11,11
15807,74,79,-5,5
15808,118,124,-6,6
15809,61,65,-4,4
15810,65,61,4,4
15811,136,125,11,11
15812,85,88,-3,3
15813,105,92,13,13
15814,146,144,2,2
15815,98,105,-7,7
15816,30,46,-16,16
15817,76,75,1,1
15818,148,140,8,8
15819,126,111,15,15
15820,121,115,6,6
15821,173,128,45,45
15822,68,82,-14,14
15823,100,102,-2,2
15824,109,114,-5,5
15825,73,80,-7,7
15826,97,96,1,1
15827,92,87,5,5
15828,97,93,4,4
15829,88,97,-9,9
15830,159,148,11,11
15831,104,104,0,0
15832,65,64,1,1
15833,84,78,6,6
15834,82,84,-2,2
15835,100,109,-9,9
15836,105,103,2,2
15837,70,78,-8,8
15838,77,72,5,5
15839,111,112,-1,1
15840,96,87,9,9
15841,98,107,-9,9
15842,89,88,1,1
15843,62,68,-6,6
15844,144,131,13,13
15845,134,129,5,5
15846,96,98,-2,2
15847,64,77,-13,13
15848,74,72,2,2
15849,113,107,6,6
15850,125,134,-9,9
15851,122,114,8,8
15852,66,72,-6,6
15853,46,52,-6,6
15854,115,116,-1,1
15855,59,73,-14,14
15856,76,71,5,5
15857,97,94,3,3
15858,125,125,0,0
15859,138,113,25,25
15860,24,33,-9,9
15861,34,40,-6,6
15862,77,76,1,1
15863,112,124,-12,12
15864,123,121,2,2
15865,88,87,1,1
15866,130,121,9,9
15867,108,109,-1,1
15868,52,49,3,3
15869,112,119,-7,7
15870,41,41,0,0
15871,68,79,-11,11
15872,111,111,0,0
15873,97,103,-6,6
15874,73,72,1,1
15875,75,72,3,3
15876,79,92,-13,13
15877,62,69,-7,7
15878,75,91,-16,16
15879,128,125,3,3
15880,113,116,-3,3
15881,49,45,4,4
15882,65,56,9,9
15883,64,64,0,0
15884,97,108,-11,11
15885,117,106,11,11
15886,62,60,2,2
15887,75,93,-18,18
15888,80,86,-6,6
15889,63,70,-7,7
15890,50,60,-10,10
15891,112,110,2,2
15892,129,129,0,0
15893,78,75,3,3
15894,102,104,-2,2
15895,101,91,10,10
15896,67,71,-4,4
15897,49,52,-3,3
15898,184,171,13,13
15899,81,79,2,2
15900,70,68,2,2
15901,95,86,9,9
15902,111,102,9,9
15903,141,134,7,7
15904,105,111,-6,6
15905,54,46,8,8
15906,78,76,2,2
15907,155,142,13,13
15908,134,127,7,7
15909,88,79,9,9
15910,66,74,-8,8
15911,64,70,-6,6
15912,60,70,-10,10
15913,94,89,5,5
15914,103,90,13,13
15915,146,143,3,3
15916,74,85,-11,11
15917,73,66,7,7
15918,62,65,-3,3
15919,103,100,3,3
15920,126,120,6,6
15921,96,90,6,6
15922,160,149,11,11
15923,118,114,4,4
15924,128,116,12,12
15925,191,182,9,9
15926,123,116,7,7
15927,107,107,0,0
15928,55,53,2,2
15929,47,40,7,7
15930,55,50,5,5
15931,58,57,1,1
15932,107,104,3,3
15933,76,73,3,3
15934,96,83,13,13
15935,57,54,3,3
15936,110,117,-7,7
15937,79,77,2,2
15938,65,72,-7,7
15939,123,113,10,10
15940,61,51,10,10
15941,65,74,-9,9
15942,113,108,5,5
15943,49,46,3,3
15944,82,92,-10,10
15945,98,101,-3,3
15946,75,78,-3,3
15947,112,120,-8,8
15948,113,101,12,12
15949,94,94,0,0
15950,58,43,15,15
15951,64,69,-5,5
15952,105,112,-7,7
15953,101,99,2,2
15954,68,71,-3,3
15955,101,94,7,7
15956,52,50,2,2
15957,70,66,4,4
15958,97,132,-35,35
15959,117,108,9,9
15960,68,68,0,0
15961,127,110,17,17
15962,69,73,-4,4
15963,90,97,-7,7
15964,40,52,-12,12
15965,114,108,6,6
15966,98,99,-1,1
15967,66,70,-4,4
15968,67,81,-14,14
15969,190,192,-2,2
15970,104,97,7,7
15971,74,79,-5,5
15972,69,54,15,15
15973,86,95,-9,9
15974,102,92,10,10
15975,122,117,5,5
15976,142,132,10,10
15977,103,87,16,16
15978,164,154,10,10
15979,110,127,-17,17
15980,64,64,0,0
15981,74,71,3,3
15982,61,59,2,2
15983,63,67,-4,4
15984,100,87,13,13
15985,107,109,-2,2
15986,102,98,4,4
15987,31,42,-11,11
15988,147,138,9,9
15989,60,62,-2,2
15990,86,82,4,4
15991,114,124,-10,10
15992,103,116,-13,13
15993,75,77,-2,2
15994,95,105,-10,10
15995,87,76,11,11
15996,99,84,15,15
15997,114,115,-1,1
15998,76,85,-9,9
15999,120,124,-4,4
16000,90,85,5,5
16001,64,54,10,10
16002,113,107,6,6
16003,66,62,4,4
16004,123,107,16,16
16005,132,119,13,13
16006,124,108,16,16
16007,56,59,-3,3
16008,125,133,-8,8
16009,101,99,2,2
16010,89,79,10,10
16011,57,67,-10,10
16012,98,89,9,9
16013,101,97,4,4
16014,82,88,-6,6
16015,128,136,-8,8
16016,56,55,1,1
16017,162,163,-1,1
16018,84,93,-9,9
16019,79,76,3,3
16020,53,55,-2,2
16021,55,61,-6,6
16022,62,61,1,1
16023,73,79,-6,6
16024,42,49,-7,7
16025,127,141,-14,14
16026,52,56,-4,4
16027,121,126,-5,5
16028,75,85,-10,10
16029,89,89,0,0
16030,64,62,2,2
16031,36,35,1,1
16032,89,80,9,9
16033,72,64,8,8
16034,148,148,0,0
16035,106,103,3,3
16036,158,165,-7,7
16037,131,125,6,6
16038,130,131,-1,1
16039,77,75,2,2
16040,136,129,7,7
16041,102,103,-1,1
16042,86,88,-2,2
16043,89,86,3,3
16044,101,92,9,9
16045,99,96,3,3
16046,100,92,8,8
16047,69,73,-4,4
16048,92,82,10,10
16049,69,73,-4,4
16050,128,120,8,8
16051,151,146,5,5
16052,39,37,2,2
16053,44,50,-6,6
16054,74,83,-9,9
16055,82,76,6,6
16056,140,131,9,9
16057,120,109,11,11
16058,79,63,16,16
16059,89,94,-5,5
16060,158,189,-31,31
16061,105,128,-23,23
16062,113,115,-2,2
16063,58,54,4,4
16064,95,90,5,5
16065,82,87,-5,5
16066,140,132,8,8
16067,66,70,-4,4
16068,94,91,3,3
16069,116,117,-1,1
16070,70,77,-7,7
16071,90,88,2,2
16072,73,84,-11,11
16073,62,102,-40,40
16074,55,59,-4,4
16075,87,82,5,5
16076,97,99,-2,2
16077,75,73,2,2
16078,113,111,2,2
16079,148,131,17,17
16080,144,170,-26,26
16081,64,55,9,9
16082,117,100,17,17
16083,89,86,3,3
16084,106,102,4,4
16085,130,114,16,16
16086,91,100,-9,9
16087,52,51,1,1
16088,54,61,-7,7
16089,117,100,17,17
16090,127,136,-9,9
16091,104,91,13,13
16092,122,116,6,6
16093,67,64,3,3
16094,73,76,-3,3
16095,84,84,0,0
16096,63,61,2,2
16097,199,194,5,5
16098,138,153,-15,15
16099,85,80,5,5
16100,112,116,-4,4
16101,100,103,-3,3
16102,184,193,-9,9
16103,90,88,2,2
16104,55,55,0,0
16105,142,135,7,7
16106,124,125,-1,1
16107,83,95,-12,12
16108,79,87,-8,8
16109,52,70,-18,18
16110,92,93,-1,1
16111,71,67,4,4
16112,47,44,3,3
16113,83,83,0,0
16114,68,68,0,0
16115,65,71,-6,6
16116,99,92,7,7
16117,114,120,-6,6
16118,98,99,-1,1
16119,84,104,-20,20
16120,181,162,19,19
16121,51,50,1,1
16122,95,83,12,12
16123,77,77,0,0
16124,70,74,-4,4
16125,103,100,3,3
16126,106,100,6,6
16127,70,81,-11,11
16128,92,91,1,1
16129,104,117,-13,13
16130,49,53,-4,4
16131,62,73,-11,11
16132,52,51,1,1
16133,88,83,5,5
16134,84,73,11,11
16135,80,82,-2,2
16136,55,55,0,0
16137,84,78,6,6
16138,158,136,22,22
16139,76,71,5,5
16140,58,65,-7,7
16141,94,85,9,9
16142,44,42,2,2
16143,96,92,4,4
16144,134,126,8,8
16145,124,120,4,4
16146,137,139,-2,2
16147,139,130,9,9
16148,40,42,-2,2
16149,64,66,-2,2
16150,100,100,0,0
16151,90,93,-3,3
16152,88,89,-1,1
16153,80,80,0,0
16154,67,65,2,2
16155,96,94,2,2
16156,74,65,9,9
16157,80,68,12,12
16158,54,61,-7,7
16159,133,130,3,3
16160,71,66,5,5
16161,151,143,8,8
16162,150,148,2,2
16163,107,110,-3,3
16164,104,106,-2,2
16165,96,93,3,3
16166,164,161,3,3
16167,61,74,-13,13
16168,95,95,0,0
16169,120,117,3,3
16170,107,113,-6,6
16171,116,107,9,9
16172,89,88,1,1
16173,42,42,0,0
16174,74,77,-3,3
16175,100,107,-7,7
16176,66,60,6,6
16177,105,107,-2,2
16178,108,93,15,15
16179,144,146,-2,2
16180,118,126,-8,8
16181,82,80,2,2
16182,164,144,20,20
16183,125,128,-3,3
16184,68,73,-5,5
16185,102,102,0,0
16186,109,115,-6,6
16187,111,99,12,12
16188,115,105,10,10
16189,58,53,5,5
16190,109,97,12,12
16191,90,92,-2,2
16192,99,93,6,6
16193,124,139,-15,15
16194,147,117,30,30
16195,67,65,2,2
16196,89,91,-2,2
16197,77,68,9,9
16198,106,128,-22,22
16199,78,82,-4,4
16200,58,68,-10,10
16201,119,110,9,9
16202,74,82,-8,8
16203,80,79,1,1
16204,143,136,7,7
16205,160,145,15,15
16206,117,111,6,6
16207,79,73,6,6
16208,103,104,-1,1
16209,88,73,15,15
16210,74,82,-8,8
16211,96,97,-1,1
16212,94,121,-27,27
16213,66,65,1,1
16214,43,52,-9,9
16215,137,131,6,6
16216,89,86,3,3
16217,95,101,-6,6
16218,172,182,-10,10
16219,37,42,-5,5
16220,75,78,-3,3
16221,112,111,1,1
16222,98,101,-3,3
16223,137,133,4,4
16224,122,114,8,8
16225,55,51,4,4
16226,65,62,3,3
16227,105,104,1,1
16228,67,69,-2,2
16229,115,107,8,8
16230,35,48,-13,13
16231,95,91,4,4
16232,62,55,7,7
16233,60,59,1,1
16234,142,130,12,12
16235,74,85,-11,11
16236,100,94,6,6
16237,179,99,80,80
16238,173,157,16,16
16239,161,160,1,1
16240,76,77,-1,1
16241,79,90,-11,11
16242,116,106,10,10
16243,58,63,-5,5
16244,83,81,2,2
16245,48,53,-5,5
16246,74,73,1,1
16247,57,66,-9,9
16248,84,79,5,5
16249,114,101,13,13
16250,72,62,10,10
16251,96,103,-7,7
16252,113,140,-27,27
16253,105,98,7,7
16254,149,138,11,11
16255,62,62,0,0
16256,72,62,10,10
16257,77,78,-1,1
16258,152,148,4,4
16259,94,86,8,8
16260,115,111,4,4
16261,56,50,6,6
16262,65,68,-3,3
16263,111,103,8,8
16264,73,80,-7,7
16265,75,73,2,2
16266,90,88,2,2
16267,121,126,-5,5
16268,111,104,7,7
16269,179,169,10,10
16270,136,138,-2,2
16271,111,110,1,1
16272,35,66,-31,31
16273,90,88,2,2
16274,58,54,4,4
16275,172,159,13,13
16276,77,74,3,3
16277,81,74,7,7
16278,31,40,-9,9
16279,87,91,-4,4
16280,63,77,-14,14
16281,114,104,10,10
16282,96,95,1,1
16283,83,81,2,2
16284,117,123,-6,6
16285,121,103,18,18
16286,89,91,-2,2
16287,106,111,-5,5
16288,108,101,7,7
16289,121,115,6,6
16290,160,148,12,12
16291,110,107,3,3
16292,87,75,12,12
16293,107,106,1,1
16294,117,121,-4,4
16295,74,74,0,0
16296,96,98,-2,2
16297,133,129,4,4
16298,81,92,-11,11
16299,81,78,3,3
16300,76,76,0,0
16301,57,62,-5,5
16302,131,139,-8,8
16303,91,83,8,8
16304,39,45,-6,6
16305,119,112,7,7
16306,138,130,8,8
16307,105,111,-6,6
16308,77,73,4,4
16309,132,135,-3,3
16310,58,61,-3,3
16311,42,44,-2,2
16312,67,64,3,3
16313,54,50,4,4
16314,74,73,1,1
16315,95,97,-2,2
16316,73,65,8,8
16317,75,88,-13,13
16318,58,63,-5,5
16319,112,103,9,9
16320,114,106,8,8
16321,118,124,-6,6
16322,63,63,0,0
16323,59,71,-12,12
16324,56,52,4,4
16325,66,65,1,1
16326,64,68,-4,4
16327,100,94,6,6
16328,97,99,-2,2
16329,155,146,9,9
16330,93,82,11,11
16331,123,122,1,1
16332,89,75,14,14
16333,76,83,-7,7
16334,178,180,-2,2
16335,67,61,6,6
16336,112,104,8,8
16337,105,101,4,4
16338,95,89,6,6
16339,81,79,2,2
16340,67,78,-11,11
16341,79,71,8,8
16342,117,122,-5,5
16343,72,80,-8,8
16344,103,105,-2,2
16345,109,106,3,3
16346,59,62,-3,3
16347,101,97,4,4
16348,112,111,1,1
16349,158,148,10,10
16350,119,121,-2,2
16351,92,86,6,6
16352,38,42,-4,4
16353,66,72,-6,6
16354,69,80,-11,11
16355,51,61,-10,10
16356,200,167,33,33
16357,93,87,6,6
16358,97,98,-1,1
16359,171,141,30,30
16360,65,74,-9,9
16361,102,96,6,6
16362,72,71,1,1
16363,55,55,0,0
16364,118,99,19,19
16365,86,81,5,5
16366,135,126,9,9
16367,78,71,7,7
16368,115,117,-2,2
16369,140,149,-9,9
16370,61,64,-3,3
16371,48,53,-5,5
16372,78,74,4,4
16373,195,196,-1,1
16374,48,59,-11,11
16375,71,67,4,4
16376,126,124,2,2
16377,207,190,17,17
16378,111,97,14,14
16379,75,85,-10,10
16380,106,107,-1,1
16381,84,82,2,2
16382,140,136,4,4
16383,77,97,-20,20
16384,88,84,4,4
16385,63,60,3,3
16386,146,137,9,9
16387,43,47,-4,4
16388,87,86,1,1
16389,63,58,5,5
16390,92,103,-11,11
16391,64,73,-9,9
16392,107,98,9,9
16393,114,107,7,7
16394,76,67,9,9
16395,108,116,-8,8
16396,61,59,2,2
16397,157,156,1,1
16398,161,148,13,13
16399,81,80,1,1
16400,42,45,-3,3
16401,120,93,27,27
16402,118,107,11,11
16403,99,95,4,4
16404,78,76,2,2
16405,39,40,-1,1
16406,62,62,0,0
16407,93,81,12,12
16408,51,55,-4,4
16409,63,83,-20,20
16410,131,143,-12,12
16411,117,101,16,16
16412,96,84,12,12
16413,158,156,2,2
16414,88,89,-1,1
16415,77,85,-8,8
16416,84,82,2,2
16417,123,122,1,1
16418,84,79,5,5
16419,122,124,-2,2
16420,88,88,0,0
16421,73,66,7,7
16422,198,188,10,10
16423,87,79,8,8
16424,76,85,-9,9
16425,85,84,1,1
16426,86,90,-4,4
16427,161,163,-2,2
16428,132,107,25,25
16429,65,53,12,12
16430,65,60,5,5
16431,155,148,7,7
16432,94,98,-4,4
16433,91,85,6,6
16434,94,105,-11,11
16435,132,131,1,1
16436,74,71,3,3
16437,134,133,1,1
16438,186,186,0,0
16439,117,112,5,5
16440,128,127,1,1
16441,49,52,-3,3
16442,52,54,-2,2
16443,54,47,7,7
16444,49,58,-9,9
16445,61,65,-4,4
16446,87,85,2,2
16447,121,130,-9,9
16448,110,108,2,2
16449,29,36,-7,7
16450,75,73,2,2
16451,119,124,-5,5
16452,100,92,8,8
16453,73,93,-20,20
16454,71,77,-6,6
16455,61,84,-23,23
16456,91,107,-16,16
16457,68,76,-8,8
16458,79,82,-3,3
16459,141,150,-9,9
16460,89,92,-3,3
16461,132,130,2,2
16462,110,107,3,3
16463,70,73,-3,3
16464,49,50,-1,1
16465,99,100,-1,1
16466,60,53,7,7
16467,94,94,0,0
16468,89,85,4,4
16469,149,145,4,4
16470,78,72,6,6
16471,133,144,-11,11
16472,134,148,-14,14
16473,65,70,-5,5
16474,117,103,14,14
16475,96,93,3,3
16476,130,113,17,17
16477,138,136,2,2
16478,85,89,-4,4
16479,128,128,0,0
16480,84,78,6,6
16481,127,116,11,11
16482,67,68,-1,1
16483,149,159,-10,10
16484,77,77,0,0
16485,91,91,0,0
16486,137,129,8,8
16487,142,137,5,5
16488,68,74,-6,6
16489,129,131,-2,2
16490,120,113,7,7
16491,38,42,-4,4
16492,109,106,3,3
16493,101,93,8,8
16494,66,100,-34,34
16495,61,68,-7,7
16496,107,104,3,3
16497,112,96,16,16
16498,114,128,-14,14
16499,96,96,0,0
16500,136,135,1,1
16501,60,65,-5,5
16502,108,99,9,9
16503,109,109,0,0
16504,98,94,4,4
16505,53,68,-15,15
16506,68,58,10,10
16507,114,108,6,6
16508,181,186,-5,5
16509,121,113,8,8
16510,67,65,2,2
16511,78,73,5,5
16512,74,73,1,1
16513,47,44,3,3
16514,113,127,-14,14
16515,41,44,-3,3
16516,57,58,-1,1
16517,68,59,9,9
16518,88,94,-6,6
16519,76,93,-17,17
16520,96,98,-2,2
16521,45,54,-9,9
16522,119,115,4,4
16523,104,112,-8,8
16524,111,106,5,5
16525,62,54,8,8
16526,94,92,2,2
16527,86,79,7,7
16528,78,87,-9,9
16529,132,131,1,1
16530,105,104,1,1
16531,141,126,15,15
16532,59,60,-1,1
16533,205,173,32,32
16534,91,92,-1,1
16535,87,104,-17,17
16536,87,83,4,4
16537,102,85,17,17
16538,94,84,10,10
16539,77,75,2,2
16540,61,60,1,1
16541,152,136,16,16
16542,85,88,-3,3
16543,120,117,3,3
16544,83,89,-6,6
16545,135,133,2,2
16546,52,52,0,0
16547,79,72,7,7
16548,50,54,-4,4
16549,152,144,8,8
16550,80,73,7,7
16551,83,88,-5,5
16552,163,163,0,0
16553,75,86,-11,11
16554,72,73,-1,1
16555,93,86,7,7
16556,118,105,13,13
16557,84,85,-1,1
16558,72,66,6,6
16559,75,76,-1,1
16560,79,79,0,0
16561,84,89,-5,5
16562,88,90,-2,2
16563,99,96,3,3
16564,59,63,-4,4
16565,112,109,3,3
16566,128,109,19,19
16567,115,112,3,3
16568,101,115,-14,14
16569,60,59,1,1
16570,80,88,-8,8
16571,134,137,-3,3
16572,72,70,2,2
16573,160,149,11,11
16574,123,123,0,0
16575,111,107,4,4
16576,61,68,-7,7
16577,68,71,-3,3
16578,131,141,-10,10
16579,135,121,14,14
16580,217,228,-11,11
16581,56,46,10,10
16582,86,91,-5,5
16583,104,102,2,2
16584,87,96,-9,9
16585,76,77,-1,1
16586,137,128,9,9
16587,86,86,0,0
16588,53,54,-1,1
16589,82,85,-3,3
16590,52,46,6,6
16591,85,83,2,2
16592,110,104,6,6
16593,58,52,6,6
16594,103,107,-4,4
16595,40,43,-3,3
16596,70,68,2,2
16597,50,47,3,3
16598,69,73,-4,4
16599,108,114,-6,6
16600,82,73,9,9
16601,138,130,8,8
16602,103,104,-1,1
16603,119,108,11,11
16604,111,98,13,13
16605,154,144,10,10
16606,131,123,8,8
16607,67,65,2,2
16608,76,70,6,6
16609,104,103,1,1
16610,134,120,14,14
16611,41,49,-8,8
16612,54,50,4,4
16613,116,113,3,3
16614,58,59,-1,1
16615,74,83,-9,9
16616,101,104,-3,3
16617,62,61,1,1
16618,141,142,-1,1
16619,93,84,9,9
16620,98,96,2,2
16621,88,103,-15,15
16622,33,36,-3,3
16623,115,123,-8,8
16624,86,84,2,2
16625,156,147,9,9
16626,66,65,1,1
16627,93,84,9,9
16628,61,60,1,1
16629,128,124,4,4
16630,161,141,20,20
16631,51,52,-1,1
16632,59,63,-4,4
16633,97,94,3,3
16634,157,146,11,11
16635,91,100,-9,9
16636,67,59,8,8
16637,90,94,-4,4
16638,82,80,2,2
16639,104,97,7,7
16640,96,95,1,1
16641,122,129,-7,7
16642,86,80,6,6
16643,126,121,5,5
16644,87,85,2,2
16645,77,85,-8,8
16646,117,111,6,6
16647,144,131,13,13
16648,86,75,11,11
16649,61,58,3,3
16650,79,98,-19,19
16651,96,93,3,3
16652,89,95,-6,6
16653,89,97,-8,8
16654,110,105,5,5
16655,87,76,11,11
16656,39,46,-7,7
16657,98,94,4,4
16658,151,145,6,6
16659,89,86,3,3
16660,67,66,1,1
16661,71,68,3,3
16662,119,112,7,7
16663,86,86,0,0
16664,147,142,5,5
16665,51,49,2,2
16666,83,94,-11,11
16667,83,83,0,0
16668,54,60,-6,6
16669,138,122,16,16
16670,64,64,0,0
16671,80,77,3,3
16672,58,65,-7,7
16673,92,88,4,4
16674,56,73,-17,17
16675,114,124,-10,10
16676,58,59,-1,1
16677,51,54,-3,3
16678,111,106,5,5
16679,66,75,-9,9
16680,64,66,-2,2
16681,99,107,-8,8
16682,73,69,4,4
16683,110,96,14,14
16684,99,109,-10,10
16685,92,85,7,7
16686,57,52,5,5
16687,138,135,3,3
16688,156,159,-3,3
16689,113,107,6,6
16690,37,43,-6,6
16691,119,113,6,6
16692,109,109,0,0
16693,137,132,5,5
16694,187,147,40,40
16695,77,86,-9,9
16696,78,74,4,4
16697,89,92,-3,3
16698,144,148,-4,4
16699,111,110,1,1
16700,46,56,-10,10
16701,119,116,3,3
16702,89,78,11,11
16703,85,82,3,3
16704,155,137,18,18
16705,164,169,-5,5
16706,176,168,8,8
16707,61,64,-3,3
16708,143,148,-5,5
16709,66,52,14,14
16710,138,128,10,10
16711,107,104,3,3
16712,80,74,6,6
16713,95,92,3,3
16714,94,105,-11,11
16715,90,88,2,2
16716,65,67,-2,2
16717,75,71,4,4
16718,54,59,-5,5
16719,84,83,1,1
16720,129,117,12,12
16721,142,124,18,18
16722,96,104,-8,8
16723,112,115,-3,3
16724,93,84,9,9
16725,57,58,-1,1
16726,36,49,-13,13
16727,46,53,-7,7
16728,94,97,-3,3
16729,57,63,-6,6
16730,106,114,-8,8
16731,130,132,-2,2
16732,62,60,2,2
16733,89,93,-4,4
16734,137,130,7,7
16735,107,111,-4,4
16736,58,59,-1,1
16737,73,68,5,5
16738,86,89,-3,3
16739,103,95,8,8
16740,121,122,-1,1
16741,66,59,7,7
16742,87,95,-8,8
16743,59,52,7,7
16744,109,113,-4,4
16745,79,89,-10,10
16746,68,67,1,1
16747,66,68,-2,2
16748,72,71,1,1
16749,100,98,2,2
16750,102,99,3,3
16751,55,60,-5,5
16752,98,93,5,5
16753,107,106,1,1
16754,77,66,11,11
16755,76,81,-5,5
16756,65,67,-2,2
16757,134,115,19,19
16758,39,49,-10,10
16759,123,129,-6,6
16760,64,64,0,0
16761,105,99,6,6
16762,66,67,-1,1
16763,203,198,5,5
16764,144,119,25,25
16765,75,79,-4,4
16766,106,101,5,5
16767,104,104,0,0
16768,73,78,-5,5
16769,83,70,13,13
16770,81,95,-14,14
16771,83,85,-2,2
16772,100,105,-5,5
16773,103,97,6,6
16774,76,73,3,3
16775,66,66,0,0
16776,72,75,-3,3
16777,87,98,-11,11
16778,81,101,-20,20
16779,109,101,8,8
16780,103,93,10,10
16781,112,120,-8,8
16782,170,160,10,10
16783,89,87,2,2
16784,73,80,-7,7
16785,59,52,7,7
16786,135,131,4,4
16787,61,63,-2,2
16788,78,82,-4,4
16789,125,113,12,12
16790,64,71,-7,7
16791,54,61,-7,7
16792,119,114,5,5
16793,92,95,-3,3
16794,117,115,2,2
16795,88,81,7,7
16796,99,96,3,3
16797,48,53,-5,5
16798,123,125,-2,2
16799,113,116,-3,3
16800,98,99,-1,1
16801,66,62,4,4
16802,82,78,4,4
16803,38,67,-29,29
16804,86,86,0,0
16805,135,148,-13,13
16806,140,135,5,5
16807,73,72,1,1
16808,95,97,-2,2
16809,40,47,-7,7
16810,67,86,-19,19
16811,160,154,6,6
16812,121,112,9,9
16813,104,88,16,16
16814,98,96,2,2
16815,125,113,12,12
16816,119,106,13,13
16817,109,115,-6,6
16818,73,77,-4,4
16819,212,188,24,24
16820,81,76,5,5
16821,104,103,1,1
16822,44,46,-2,2
16823,82,69,13,13
16824,181,157,24,24
16825,50,49,1,1
16826,90,102,-12,12
16827,87,84,3,3
16828,76,90,-14,14
16829,211,204,7,7
16830,104,95,9,9
16831,114,109,5,5
16832,143,145,-2,2
16833,142,137,5,5
16834,153,170,-17,17
16835,60,54,6,6
16836,60,64,-4,4
16837,111,93,18,18
16838,143,154,-11,11
16839,76,81,-5,5
16840,73,72,1,1
16841,76,68,8,8
16842,75,74,1,1
16843,58,62,-4,4
16844,57,60,-3,3
16845,112,107,5,5
16846,151,141,10,10
16847,51,48,3,3
16848,64,71,-7,7
16849,80,82,-2,2
16850,89,84,5,5
16851,155,149,6,6
16852,97,91,6,6
16853,82,87,-5,5
16854,122,114,8,8
16855,110,114,-4,4
16856,91,85,6,6
16857,27,59,-32,32
16858,55,57,-2,2
16859,107,102,5,5
16860,61,66,-5,5
16861,67,74,-7,7
16862,111,121,-10,10
16863,95,88,7,7
16864,129,128,1,1
16865,165,180,-15,15
16866,139,132,7,7
16867,97,131,-34,34
16868,88,86,2,2
16869,64,71,-7,7
16870,83,80,3,3
16871,118,116,2,2
16872,81,78,3,3
16873,78,72,6,6
16874,164,166,-2,2
16875,60,84,-24,24
16876,23,33,-10,10
16877,60,61,-1,1
16878,58,63,-5,5
16879,102,107,-5,5
16880,100,96,4,4
16881,103,105,-2,2
16882,98,88,10,10
16883,136,142,-6,6
16884,110,108,2,2
16885,95,95,0,0
16886,113,111,2,2
16887,143,156,-13,13
16888,141,139,2,2
16889,117,107,10,10
16890,63,70,-7,7
16891,83,75,8,8
16892,52,55,-3,3
16893,95,105,-10,10
16894,85,82,3,3
16895,75,83,-8,8
16896,137,133,4,4
16897,81,80,1,1
16898,55,67,-12,12
16899,128,109,19,19
16900,135,119,16,16
16901,107,101,6,6
16902,68,70,-2,2
16903,95,96,-1,1
16904,131,122,9,9
16905,106,107,-1,1
16906,84,100,-16,16
16907,120,122,-2,2
16908,69,71,-2,2
16909,93,95,-2,2
16910,100,98,2,2
16911,152,145,7,7
16912,139,150,-11,11
16913,109,110,-1,1
16914,122,119,3,3
16915,70,71,-1,1
16916,89,80,9,9
16917,81,68,13,13
16918,59,59,0,0
16919,74,80,-6,6
16920,121,104,17,17
16921,88,80,8,8
16922,72,91,-19,19
16923,107,106,1,1
16924,47,60,-13,13
16925,105,102,3,3
16926,61,70,-9,9
16927,116,117,-1,1
16928,110,105,5,5
16929,63,60,3,3
16930,121,112,9,9
16931,52,51,1,1
16932,92,79,13,13
16933,102,117,-15,15
16934,86,86,0,0
16935,171,191,-20,20
16936,97,108,-11,11
16937,105,91,14,14
16938,127,128,-1,1
16939,84,94,-10,10
16940,99,90,9,9
16941,65,60,5,5
16942,86,75,11,11
16943,107,94,13,13
16944,84,83,1,1
16945,136,126,10,10
16946,82,72,10,10
16947,52,53,-1,1
16948,103,117,-14,14
16949,102,102,0,0
16950,126,119,7,7
16951,185,173,12,12
16952,143,136,7,7
16953,48,63,-15,15
16954,142,122,20,20
16955,58,60,-2,2
16956,164,164,0,0
16957,95,93,2,2
16958,191,193,-2,2
16959,115,118,-3,3
16960,58,61,-3,3
16961,121,114,7,7
16962,101,97,4,4
16963,79,84,-5,5
16964,84,83,1,1
16965,69,65,4,4
16966,153,156,-3,3
16967,67,73,-6,6
16968,69,81,-12,12
16969,71,77,-6,6
16970,94,95,-1,1
16971,110,110,0,0
16972,105,105,0,0
16973,88,94,-6,6
16974,93,97,-4,4
16975,70,67,3,3
16976,65,68,-3,3
16977,62,68,-6,6
16978,120,114,6,6
16979,55,61,-6,6
16980,73,80,-7,7
16981,102,104,-2,2
16982,71,69,2,2
16983,111,130,-19,19
16984,156,154,2,2
16985,89,96,-7,7
16986,67,65,2,2
16987,71,73,-2,2
16988,71,75,-4,4
16989,108,102,6,6
16990,72,69,3,3
16991,80,73,7,7
16992,104,94,10,10
16993,111,116,-5,5
16994,58,53,5,5
16995,68,62,6,6
16996,92,87,5,5
16997,161,152,9,9
16998,107,95,12,12
16999,66,77,-11,11
17000,76,82,-6,6
17001,105,101,4,4
17002,140,132,8,8
17003,77,72,5,5
17004,70,75,-5,5
17005,133,126,7,7
17006,50,59,-9,9
17007,66,68,-2,2
17008,60,73,-13,13
17009,72,76,-4,4
17010,123,109,14,14
17011,88,87,1,1
17012,110,107,3,3
17013,94,91,3,3
17014,88,84,4,4
17015,82,74,8,8
17016,107,124,-17,17
17017,69,64,5,5
17018,85,86,-1,1
17019,81,85,-4,4
17020,57,61,-4,4
17021,124,113,11,11
17022,126,126,0,0
17023,59,60,-1,1
17024,78,82,-4,4
17025,112,117,-5,5
17026,87,97,-10,10
17027,101,89,12,12
17028,101,95,6,6
17029,150,148,2,2
17030,135,126,9,9
17031,146,145,1,1
17032,61,64,-3,3
17033,103,97,6,6
17034,134,125,9,9
17035,68,68,0,0
17036,84,75,9,9
17037,59,66,-7,7
17038,115,113,2,2
17039,98,82,16,16
17040,118,131,-13,13
17041,97,99,-2,2
17042,94,105,-11,11
17043,143,134,9,9
17044,119,118,1,1
17045,82,91,-9,9
17046,86,94,-8,8
17047,79,82,-3,3
17048,178,188,-10,10
17049,151,138,13,13
17050,133,129,4,4
17051,71,81,-10,10
17052,56,49,7,7
17053,61,58,3,3
17054,69,77,-8,8
17055,95,97,-2,2
17056,98,92,6,6
17057,88,89,-1,1
17058,86,86,0,0
17059,79,83,-4,4
17060,77,72,5,5
17061,88,104,-16,16
17062,110,105,5,5
17063,138,145,-7,7
17064,98,105,-7,7
17065,99,94,5,5
17066,73,72,1,1
17067,143,138,5,5
17068,44,41,3,3
17069,136,125,11,11
17070,150,142,8,8
17071,125,121,4,4
17072,134,126,8,8
17073,93,99,-6,6
17074,107,102,5,5
17075,38,46,-8,8
17076,133,146,-13,13
17077,151,148,3,3
17078,104,109,-5,5
17079,83,77,6,6
17080,124,105,19,19
17081,161,162,-1,1
17082,72,65,7,7
17083,77,81,-4,4
17084,111,111,0,0
17085,107,107,0,0
17086,107,113,-6,6
17087,98,105,-7,7
17088,168,164,4,4
17089,100,90,10,10
17090,70,69,1,1
17091,68,68,0,0
17092,74,65,9,9
17093,129,130,-1,1
17094,121,117,4,4
17095,69,63,6,6
17096,121,123,-2,2
17097,103,102,1,1
17098,187,186,1,1
17099,61,62,-1,1
17100,81,75,6,6
17101,117,126,-9,9
17102,46,69,-23,23
17103,77,73,4,4
17104,85,89,-4,4
17105,47,53,-6,6
17106,81,74,7,7
17107,99,89,10,10
17108,152,156,-4,4
17109,58,70,-12,12
17110,45,51,-6,6
17111,87,86,1,1
17112,100,81,19,19
17113,41,40,1,1
17114,184,161,23,23
17115,72,72,0,0
17116,38,42,-4,4
17117,79,97,-18,18
17118,98,86,12,12
17119,71,74,-3,3
17120,62,66,-4,4
17121,90,80,10,10
17122,97,83,14,14
17123,52,49,3,3
17124,74,66,8,8
17125,154,148,6,6
17126,99,95,4,4
17127,44,39,5,5
17128,85,77,8,8
17129,128,129,-1,1
17130,128,111,17,17
17131,78,92,-14,14
17132,62,63,-1,1
17133,112,123,-11,11
17134,63,67,-4,4
17135,88,86,2,2
17136,51,51,0,0
17137,129,125,4,4
17138,65,63,2,2
17139,56,51,5,5
17140,102,93,9,9
17141,87,83,4,4
17142,129,127,2,2
17143,61,65,-4,4
17144,79,75,4,4
17145,57,67,-10,10
17146,171,153,18,18
17147,90,91,-1,1
17148,96,90,6,6
17149,91,88,3,3
17150,47,52,-5,5
17151,87,100,-13,13
17152,86,102,-16,16
17153,133,137,-4,4
17154,133,130,3,3
17155,89,93,-4,4
17156,64,53,11,11
17157,54,58,-4,4
17158,99,114,-15,15
17159,91,90,1,1
17160,76,79,-3,3
17161,75,75,0,0
17162,72,70,2,2
17163,107,115,-8,8
17164,39,40,-1,1
17165,99,94,5,5
17166,121,114,7,7
17167,89,85,4,4
17168,132,133,-1,1
17169,108,116,-8,8
17170,84,74,10,10
17171,104,101,3,3
17172,68,68,0,0
17173,55,55,0,0
17174,74,68,6,6
17175,85,88,-3,3
17176,63,60,3,3
17177,77,77,0,0
17178,103,103,0,0
17179,66,67,-1,1
17180,77,68,9,9
17181,112,108,4,4
17182,127,139,-12,12
17183,100,104,-4,4
17184,59,65,-6,6
17185,111,105,6,6
17186,29,34,-5,5
17187,77,77,0,0
17188,98,98,0,0
17189,108,109,-1,1
17190,196,194,2,2
17191,79,75,4,4
17192,150,152,-2,2
17193,99,93,6,6
17194,73,69,4,4
17195,75,78,-3,3
17196,62,61,1,1
17197,77,82,-5,5
17198,100,88,12,12
17199,139,141,-2,2
17200,80,75,5,5
17201,151,125,26,26
17202,125,127,-2,2
17203,70,78,-8,8
17204,141,137,4,4
17205,76,79,-3,3
17206,74,82,-8,8
17207,108,95,13,13
17208,146,126,20,20
17209,65,60,5,5
17210,92,105,-13,13
17211,98,94,4,4
17212,112,119,-7,7
17213,155,140,15,15
17214,109,106,3,3
17215,127,121,6,6
17216,40,51,-11,11
17217,106,118,-12,12
17218,106,118,-12,12
17219,68,67,1,1
17220,73,73,0,0
17221,69,67,2,2
17222,93,97,-4,4
17223,95,95,0,0
17224,99,92,7,7
17225,108,106,2,2
17226,77,71,6,6
17227,76,74,2,2
17228,102,104,-2,2
17229,117,106,11,11
17230,88,87,1,1
17231,82,83,-1,1
17232,99,96,3,3
17233,147,134,13,13
17234,66,66,0,0
17235,79,72,7,7
17236,62,68,-6,6
17237,175,167,8,8
17238,101,100,1,1
17239,64,68,-4,4
17240,74,75,-1,1
17241,72,86,-14,14
17242,64,67,-3,3
17243,73,71,2,2
17244,48,54,-6,6
17245,186,178,8,8
17246,100,125,-25,25
17247,120,114,6,6
17248,53,62,-9,9
17249,120,111,9,9
17250,98,105,-7,7
17251,34,41,-7,7
17252,97,94,3,3
17253,118,111,7,7
17254,128,112,16,16
17255,90,88,2,2
17256,63,68,-5,5
17257,160,144,16,16
17258,177,152,25,25
17259,185,182,3,3
17260,104,102,2,2
17261,68,67,1,1
17262,119,124,-5,5
17263,110,100,10,10
17264,67,60,7,7
17265,56,60,-4,4
17266,160,152,8,8
17267,103,115,-12,12
17268,68,64,4,4
17269,112,115,-3,3
17270,75,72,3,3
17271,101,105,-4,4
17272,89,109,-20,20
17273,57,67,-10,10
17274,65,65,0,0
17275,95,103,-8,8
17276,93,97,-4,4
17277,100,99,1,1
17278,127,131,-4,4
17279,105,96,9,9
17280,58,52,6,6
17281,70,71,-1,1
17282,146,145,1,1
17283,90,87,3,3
17284,75,75,0,0
17285,92,92,0,0
17286,122,120,2,2
17287,77,81,-4,4
17288,50,49,1,1
17289,69,73,-4,4
17290,36,40,-4,4
17291,97,89,8,8
17292,81,86,-5,5
17293,127,135,-8,8
17294,142,141,1,1
17295,98,102,-4,4
17296,91,81,10,10
17297,84,84,0,0
17298,94,95,-1,1
17299,71,81,-10,10
17300,87,78,9,9
17301,109,107,2,2
17302,58,53,5,5
17303,63,69,-6,6
17304,65,66,-1,1
17305,45,42,3,3
17306,87,73,14,14
17307,64,62,2,2
17308,82,84,-2,2
17309,156,160,-4,4
17310,138,117,21,21
17311,76,79,-3,3
17312,134,125,9,9
17313,115,109,6,6
17314,92,95,-3,3
17315,126,128,-2,2
17316,103,106,-3,3
17317,56,61,-5,5
17318,125,137,-12,12
17319,108,93,15,15
17320,69,69,0,0
17321,151,147,4,4
17322,88,95,-7,7
17323,101,100,1,1
17324,165,168,-3,3
17325,151,134,17,17
17326,82,80,2,2
17327,65,61,4,4
17328,93,94,-1,1
17329,102,99,3,3
17330,71,75,-4,4
17331,66,71,-5,5
17332,101,101,0,0
17333,109,100,9,9
17334,67,60,7,7
17335,150,143,7,7
17336,71,62,9,9
17337,93,96,-3,3
17338,106,111,-5,5
17339,127,123,4,4
17340,167,167,0,0
17341,67,67,0,0
17342,137,138,-1,1
17343,90,88,2,2
17344,48,51,-3,3
17345,79,72,7,7
17346,72,78,-6,6
17347,139,134,5,5
17348,81,85,-4,4
17349,124,122,2,2
17350,114,103,11,11
17351,75,75,0,0
17352,73,75,-2,2
17353,90,83,7,7
17354,156,157,-1,1
17355,107,107,0,0
17356,88,88,0,0
17357,135,148,-13,13
17358,120,106,14,14
17359,55,68,-13,13
17360,58,65,-7,7
17361,104,112,-8,8
17362,53,49,4,4
17363,65,62,3,3
17364,71,72,-1,1
17365,36,43,-7,7
17366,135,124,11,11
17367,159,157,2,2
17368,118,102,16,16
17369,93,104,-11,11
17370,91,93,-2,2
17371,66,71,-5,5
17372,68,61,7,7
17373,81,78,3,3
17374,138,144,-6,6
17375,68,69,-1,1
17376,128,135,-7,7
17377,97,108,-11,11
17378,83,87,-4,4
17379,194,184,10,10
17380,63,60,3,3
17381,68,65,3,3
17382,68,66,2,2
17383,89,94,-5,5
17384,103,94,9,9
17385,113,124,-11,11
17386,95,93,2,2
17387,93,82,11,11
17388,68,67,1,1
17389,57,51,6,6
17390,58,63,-5,5
17391,174,161,13,13
17392,71,71,0,0
17393,106,92,14,14
17394,63,61,2,2
17395,63,54,9,9
17396,126,118,8,8
17397,104,99,5,5
17398,83,82,1,1
17399,80,84,-4,4
17400,175,169,6,6
17401,77,101,-24,24
17402,146,137,9,9
17403,78,74,4,4
17404,114,104,10,10
17405,86,100,-14,14
17406,149,147,2,2
17407,170,166,4,4
17408,121,114,7,7
17409,61,60,1,1
17410,64,55,9,9
17411,67,62,5,5
17412,99,108,-9,9
17413,185,170,15,15
17414,56,66,-10,10
17415,99,96,3,3
17416,75,81,-6,6
17417,85,75,10,10
17418,92,85,7,7
17419,91,84,7,7
17420,80,69,11,11
17421,56,71,-15,15
17422,80,74,6,6
17423,135,127,8,8
17424,98,122,-24,24
17425,150,157,-7,7
17426,53,62,-9,9
17427,106,104,2,2
17428,74,77,-3,3
17429,196,174,22,22
17430,88,82,6,6
17431,47,52,-5,5
17432,101,108,-7,7
17433,110,102,8,8
17434,116,118,-2,2
17435,96,101,-5,5
17436,65,61,4,4
17437,55,49,6,6
17438,140,143,-3,3
17439,94,80,14,14
17440,89,80,9,9
17441,101,89,12,12
17442,80,72,8,8
17443,112,105,7,7
17444,106,118,-12,12
17445,103,109,-6,6
17446,60,60,0,0
17447,95,98,-3,3
17448,87,90,-3,3
17449,45,45,0,0
17450,92,95,-3,3
17451,108,105,3,3
17452,98,93,5,5
17453,62,64,-2,2
17454,107,105,2,2
17455,74,69,5,5
17456,137,122,15,15
17457,75,74,1,1
17458,66,64,2,2
17459,100,94,6,6
17460,129,143,-14,14
17461,79,80,-1,1
17462,111,101,10,10
17463,88,95,-7,7
17464,63,64,-1,1
17465,95,103,-8,8
17466,74,74,0,0
17467,108,108,0,0
17468,115,107,8,8
17469,96,94,2,2
17470,146,133,13,13
17471,178,169,9,9
17472,171,164,7,7
17473,171,158,13,13
17474,151,154,-3,3
17475,90,94,-4,4
17476,94,86,8,8
17477,89,78,11,11
17478,71,74,-3,3
17479,223,213,10,10
17480,66,69,-3,3
17481,116,114,2,2
17482,69,64,5,5
17483,153,144,9,9
17484,48,51,-3,3
17485,83,79,4,4
17486,177,168,9,9
17487,70,86,-16,16
17488,80,85,-5,5
17489,77,82,-5,5
17490,69,68,1,1
17491,81,76,5,5
17492,115,119,-4,4
17493,96,104,-8,8
17494,94,84,10,10
17495,46,51,-5,5
17496,88,102,-14,14
17497,90,77,13,13
17498,89,90,-1,1
17499,65,62,3,3
17500,78,72,6,6
17501,76,76,0,0
17502,116,106,10,10
17503,127,117,10,10
17504,146,146,0,0
17505,89,90,-1,1
17506,42,65,-23,23
17507,73,64,9,9
17508,61,61,0,0
17509,79,71,8,8
17510,105,100,5,5
17511,64,63,1,1
17512,115,119,-4,4
17513,66,74,-8,8
17514,75,72,3,3
17515,82,82,0,0
17516,46,54,-8,8
17517,106,109,-3,3
17518,74,82,-8,8
17519,58,79,-21,21
17520,89,92,-3,3
17521,76,71,5,5
17522,90,80,10,10
17523,108,107,1,1
17524,89,97,-8,8
17525,75,70,5,5
17526,98,94,4,4
17527,87,84,3,3
17528,65,67,-2,2
17529,121,105,16,16
17530,63,67,-4,4
17531,139,147,-8,8
17532,80,82,-2,2
17533,75,73,2,2
17534,64,69,-5,5
17535,48,49,-1,1
17536,115,115,0,0
17537,82,81,1,1
17538,120,118,2,2
17539,141,142,-1,1
17540,67,76,-9,9
17541,48,65,-17,17
17542,117,112,5,5
17543,173,166,7,7
17544,74,80,-6,6
17545,53,64,-11,11
17546,33,46,-13,13
17547,79,84,-5,5
17548,76,69,7,7
17549,119,107,12,12
17550,139,135,4,4
17551,77,77,0,0
17552,115,112,3,3
17553,67,75,-8,8
17554,105,95,10,10
17555,127,130,-3,3
17556,84,83,1,1
17557,106,112,-6,6
17558,79,88,-9,9
17559,96,102,-6,6
17560,82,76,6,6
17561,146,143,3,3
17562,98,101,-3,3
17563,116,125,-9,9
17564,42,44,-2,2
17565,82,83,-1,1
17566,71,72,-1,1
17567,103,92,11,11
17568,60,62,-2,2
17569,86,83,3,3
17570,137,127,10,10
17571,105,98,7,7
17572,68,73,-5,5
17573,94,98,-4,4
17574,190,178,12,12
17575,61,60,1,1
17576,112,112,0,0
17577,72,63,9,9
17578,137,127,10,10
17579,85,87,-2,2
17580,190,184,6,6
17581,145,152,-7,7
17582,100,103,-3,3
17583,143,133,10,10
17584,81,81,0,0
17585,58,61,-3,3
17586,79,91,-12,12
17587,119,118,1,1
17588,63,66,-3,3
17589,106,100,6,6
17590,111,102,9,9
17591,90,91,-1,1
17592,134,139,-5,5
17593,129,116,13,13
17594,67,70,-3,3
17595,128,130,-2,2
17596,43,45,-2,2
17597,58,55,3,3
17598,123,129,-6,6
17599,63,60,3,3
17600,61,66,-5,5
17601,74,60,14,14
17602,117,104,13,13
17603,132,105,27,27
17604,73,59,14,14
17605,127,127,0,0
17606,170,170,0,0
17607,101,105,-4,4
17608,118,102,16,16
17609,73,70,3,3
17610,82,83,-1,1
17611,100,97,3,3
17612,62,67,-5,5
17613,80,71,9,9
17614,50,50,0,0
17615,68,66,2,2
17616,163,159,4,4
17617,49,50,-1,1
17618,75,76,-1,1
17619,133,126,7,7
17620,115,115,0,0
17621,102,106,-4,4
17622,74,76,-2,2
17623,161,148,13,13
17624,130,134,-4,4
17625,122,115,7,7
17626,109,101,8,8
17627,120,128,-8,8
17628,72,58,14,14
17629,90,94,-4,4
17630,80,93,-13,13
17631,103,113,-10,10
17632,134,125,9,9
17633,93,91,2,2
17634,82,79,3,3
17635,184,170,14,14
17636,84,85,-1,1
17637,62,63,-1,1
17638,65,63,2,2
17639,68,72,-4,4
17640,118,117,1,1
17641,81,81,0,0
17642,116,114,2,2
17643,116,117,-1,1
17644,85,78,7,7
17645,55,62,-7,7
17646,91,90,1,1
17647,79,80,-1,1
17648,24,44,-20,20
17649,155,147,8,8
17650,97,88,9,9
17651,69,78,-9,9
17652,105,102,3,3
17653,158,160,-2,2
17654,129,131,-2,2
17655,115,107,8,8
17656,92,96,-4,4
17657,82,86,-4,4
17658,100,102,-2,2
17659,66,54,12,12
17660,46,50,-4,4
17661,141,145,-4,4
17662,128,126,2,2
17663,101,83,18,18
17664,103,95,8,8
17665,75,70,5,5
17666,125,122,3,3
17667,50,46,4,4
17668,67,62,5,5
17669,91,94,-3,3
17670,95,95,0,0
17671,133,123,10,10
17672,124,119,5,5
17673,59,54,5,5
17674,138,133,5,5
17675,132,131,1,1
17676,109,105,4,4
17677,72,77,-5,5
17678,84,85,-1,1
17679,107,105,2,2
17680,73,80,-7,7
17681,76,80,-4,4
17682,122,110,12,12
17683,107,110,-3,3
17684,38,43,-5,5
17685,127,118,9,9
17686,82,73,9,9
17687,189,174,15,15
17688,115,109,6,6
17689,100,98,2,2
17690,70,64,6,6
17691,81,73,8,8
17692,150,166,-16,16
17693,94,87,7,7
17694,88,86,2,2
17695,81,83,-2,2
17696,148,151,-3,3
17697,75,86,-11,11
17698,90,85,5,5
17699,124,120,4,4
17700,46,46,0,0
17701,103,109,-6,6
17702,101,94,7,7
17703,93,96,-3,3
17704,105,105,0,0
17705,91,93,-2,2
17706,138,138,0,0
17707,85,86,-1,1
17708,102,96,6,6
17709,72,82,-10,10
17710,81,79,2,2
17711,118,116,2,2
17712,114,123,-9,9
17713,118,114,4,4
17714,79,82,-3,3
17715,149,139,10,10
17716,74,81,-7,7
17717,46,48,-2,2
17718,76,68,8,8
17719,80,75,5,5
17720,124,139,-15,15
17721,126,135,-9,9
17722,57,51,6,6
17723,91,102,-11,11
17724,206,182,24,24
17725,122,108,14,14
17726,89,93,-4,4
17727,108,109,-1,1
17728,170,161,9,9
17729,89,89,0,0
17730,90,86,4,4
17731,85,87,-2,2
17732,80,71,9,9
17733,105,90,15,15
17734,84,70,14,14
17735,97,95,2,2
17736,60,61,-1,1
17737,39,46,-7,7
17738,103,93,10,10
17739,122,124,-2,2
17740,105,105,0,0
17741,72,77,-5,5
17742,72,78,-6,6
17743,126,118,8,8
17744,113,108,5,5
17745,88,82,6,6
17746,121,121,0,0
17747,88,93,-5,5
17748,72,69,3,3
17749,65,72,-7,7
17750,74,81,-7,7
17751,112,119,-7,7
17752,53,53,0,0
17753,138,131,7,7
17754,108,110,-2,2
17755,65,65,0,0
17756,72,75,-3,3
17757,122,114,8,8
17758,48,56,-8,8
17759,93,87,6,6
17760,124,119,5,5
17761,92,92,0,0
17762,66,67,-1,1
17763,69,65,4,4
17764,144,156,-12,12
17765,103,107,-4,4
17766,96,95,1,1
17767,107,102,5,5
17768,129,125,4,4
17769,60,59,1,1
17770,72,71,1,1
17771,53,50,3,3
17772,117,104,13,13
17773,109,109,0,0
17774,73,72,1,1
17775,121,115,6,6
17776,193,192,1,1
17777,69,75,-6,6
17778,80,65,15,15
17779,135,119,16,16
17780,47,47,0,0
17781,75,72,3,3
17782,135,145,-10,10
17783,97,93,4,4
17784,76,82,-6,6
17785,108,104,4,4
17786,110,111,-1,1
17787,87,91,-4,4
17788,59,60,-1,1
17789,163,157,6,6
17790,80,83,-3,3
17791,169,154,15,15
17792,91,93,-2,2
17793,122,118,4,4
17794,97,94,3,3
17795,63,71,-8,8
17796,139,146,-7,7
17797,76,72,4,4
17798,80,80,0,0
17799,79,74,5,5
17800,112,112,0,0
17801,94,94,0,0
17802,103,108,-5,5
17803,53,60,-7,7
17804,70,73,-3,3
17805,156,158,-2,2
17806,29,55,-26,26
17807,128,136,-8,8
17808,125,128,-3,3
17809,126,104,22,22
17810,50,82,-32,32
17811,152,151,1,1
17812,195,162,33,33
17813,76,82,-6,6
17814,87,83,4,4
17815,80,74,6,6
17816,66,61,5,5
17817,72,74,-2,2
17818,104,115,-11,11
17819,67,62,5,5
17820,109,108,1,1
17821,146,145,1,1
17822,59,68,-9,9
17823,78,74,4,4
17824,73,69,4,4
17825,139,136,3,3
17826,103,97,6,6
17827,112,117,-5,5
17828,99,88,11,11
17829,68,78,-10,10
17830,53,72,-19,19
17831,152,130,22,22
17832,55,53,2,2
17833,96,103,-7,7
17834,78,77,1,1
17835,69,92,-23,23
17836,54,51,3,3
17837,118,110,8,8
17838,120,105,15,15
17839,45,56,-11,11
17840,94,90,4,4
17841,141,142,-1,1
17842,81,85,-4,4
17843,85,93,-8,8
17844,100,106,-6,6
17845,104,108,-4,4
17846,189,167,22,22
17847,79,68,11,11
17848,98,96,2,2
17849,53,51,2,2
17850,139,130,9,9
17851,96,112,-16,16
17852,75,73,2,2
17853,74,77,-3,3
17854,142,143,-1,1
17855,135,153,-18,18
17856,40,42,-2,2
17857,176,163,13,13
17858,55,60,-5,5
17859,70,77,-7,7
17860,71,74,-3,3
17861,55,64,-9,9
17862,168,165,3,3
17863,146,132,14,14
17864,111,113,-2,2
17865,117,102,15,15
17866,64,65,-1,1
17867,106,99,7,7
17868,110,101,9,9
17869,79,79,0,0
17870,95,84,11,11
17871,121,117,4,4
17872,129,128,1,1
17873,98,84,14,14
17874,60,59,1,1
17875,53,60,-7,7
17876,121,109,12,12
17877,112,131,-19,19
17878,54,54,0,0
17879,76,76,0,0
17880,126,134,-8,8
17881,131,120,11,11
17882,45,48,-3,3
17883,135,134,1,1
17884,95,86,9,9
17885,80,72,8,8
17886,96,92,4,4
17887,143,134,9,9
17888,59,62,-3,3
17889,140,139,1,1
17890,73,74,-1,1
17891,109,111,-2,2
17892,116,128,-12,12
17893,42,45,-3,3
17894,44,41,3,3
17895,151,150,1,1
17896,109,111,-2,2
17897,106,89,17,17
17898,131,109,22,22
17899,139,133,6,6
17900,77,71,6,6
17901,127,121,6,6
17902,79,85,-6,6
17903,140,140,0,0
17904,63,61,2,2
17905,121,123,-2,2
17906,65,63,2,2
17907,146,139,7,7
17908,110,102,8,8
17909,101,106,-5,5
17910,35,41,-6,6
17911,105,102,3,3
17912,154,161,-7,7
17913,72,67,5,5
17914,98,102,-4,4
17915,126,136,-10,10
17916,142,138,4,4
17917,98,114,-16,16
17918,82,86,-4,4
17919,86,96,-10,10
17920,79,77,2,2
17921,111,98,13,13
17922,74,70,4,4
17923,58,54,4,4
17924,48,51,-3,3
17925,74,71,3,3
17926,123,117,6,6
17927,40,46,-6,6
17928,80,62,18,18
17929,63,63,0,0
17930,115,95,20,20
17931,107,110,-3,3
17932,80,71,9,9
17933,85,82,3,3
17934,166,167,-1,1
17935,71,79,-8,8
17936,56,64,-8,8
17937,48,53,-5,5
17938,96,91,5,5
17939,54,53,1,1
17940,124,125,-1,1
17941,92,89,3,3
17942,51,59,-8,8
17943,62,66,-4,4
17944,89,84,5,5
17945,141,136,5,5
17946,87,73,14,14
17947,75,85,-10,10
17948,81,78,3,3
17949,65,84,-19,19
17950,90,82,8,8
17951,85,85,0,0
17952,71,75,-4,4
17953,61,67,-6,6
17954,104,102,2,2
17955,98,103,-5,5
17956,68,70,-2,2
17957,77,71,6,6
17958,90,86,4,4
17959,71,87,-16,16
17960,59,70,-11,11
17961,109,96,13,13
17962,105,106,-1,1
17963,175,166,9,9
17964,83,90,-7,7
17965,139,130,9,9
17966,68,67,1,1
17967,88,93,-5,5
17968,75,68,7,7
17969,104,110,-6,6
17970,126,116,10,10
17971,91,94,-3,3
17972,94,99,-5,5
17973,89,85,4,4
17974,41,43,-2,2
17975,91,112,-21,21
17976,81,86,-5,5
17977,72,68,4,4
17978,146,129,17,17
17979,80,83,-3,3
17980,141,119,22,22
17981,104,94,10,10
17982,111,99,12,12
17983,115,119,-4,4
17984,67,66,1,1
17985,132,127,5,5
17986,118,118,0,0
17987,79,71,8,8
17988,67,80,-13,13
17989,158,139,19,19
17990,90,81,9,9
17991,78,81,-3,3
17992,52,63,-11,11
17993,67,69,-2,2
17994,57,70,-13,13
17995,93,94,-1,1
17996,73,71,2,2
17997,100,106,-6,6
17998,150,134,16,16
17999,68,68,0,0
18000,74,74,0,0
18001,100,99,1,1
18002,92,97,-5,5
18003,101,106,-5,5
18004,96,89,7,7
18005,161,151,10,10
18006,71,77,-6,6
18007,97,94,3,3
18008,62,61,1,1
18009,70,70,0,0
18010,106,100,6,6
18011,67,72,-5,5
18012,56,62,-6,6
18013,75,69,6,6
18014,47,45,2,2
18015,78,76,2,2
18016,62,56,6,6
18017,68,67,1,1
18018,106,97,9,9
18019,125,111,14,14
18020,84,101,-17,17
18021,107,102,5,5
18022,63,60,3,3
18023,76,86,-10,10
18024,98,89,9,9
18025,139,114,25,25
18026,94,95,-1,1
18027,142,141,1,1
18028,121,118,3,3
18029,79,79,0,0
18030,123,121,2,2
18031,82,83,-1,1
18032,174,172,2,2
18033,116,127,-11,11
18034,51,52,-1,1
18035,157,144,13,13
18036,57,60,-3,3
18037,71,68,3,3
18038,30,37,-7,7
18039,102,100,2,2
18040,140,128,12,12
18041,156,160,-4,4
18042,44,41,3,3
18043,157,151,6,6
18044,91,90,1,1
18045,111,123,-12,12
18046,107,109,-2,2
18047,83,89,-6,6
18048,83,78,5,5
18049,103,96,7,7
18050,84,76,8,8
18051,79,76,3,3
18052,119,106,13,13
18053,66,71,-5,5
18054,34,58,-24,24
18055,134,129,5,5
18056,108,105,3,3
18057,60,65,-5,5
18058,33,37,-4,4
18059,105,112,-7,7
18060,71,75,-4,4
18061,92,95,-3,3
18062,62,65,-3,3
18063,54,60,-6,6
18064,85,91,-6,6
18065,154,137,17,17
18066,109,102,7,7
18067,120,136,-16,16
18068,55,51,4,4
18069,102,113,-11,11
18070,58,57,1,1
18071,34,42,-8,8
18072,91,89,2,2
18073,110,105,5,5
18074,117,106,11,11
18075,102,125,-23,23
18076,95,91,4,4
18077,38,44,-6,6
18078,88,85,3,3
18079,107,96,11,11
18080,113,113,0,0
18081,58,59,-1,1
18082,56,63,-7,7
18083,68,72,-4,4
18084,59,60,-1,1
18085,169,172,-3,3
18086,70,62,8,8
18087,117,114,3,3
18088,84,84,0,0
18089,150,158,-8,8
18090,123,133,-10,10
18091,72,71,1,1
18092,108,110,-2,2
18093,87,87,0,0
18094,123,149,-26,26
18095,79,79,0,0
18096,112,128,-16,16
18097,77,72,5,5
18098,123,119,4,4
18099,109,119,-10,10
18100,82,73,9,9
18101,57,70,-13,13
18102,120,113,7,7
18103,117,124,-7,7
18104,53,52,1,1
18105,72,77,-5,5
18106,90,80,10,10
18107,92,107,-15,15
18108,88,83,5,5
18109,55,70,-15,15
18110,62,53,9,9
18111,108,113,-5,5
18112,85,76,9,9
18113,66,84,-18,18
18114,165,170,-5,5
18115,124,133,-9,9
18116,75,83,-8,8
18117,54,52,2,2
18118,141,136,5,5
18119,67,66,1,1
18120,94,97,-3,3
18121,102,112,-10,10
18122,119,121,-2,2
18123,53,59,-6,6
18124,122,138,-16,16
18125,60,62,-2,2
18126,88,91,-3,3
18127,101,105,-4,4
18128,64,65,-1,1
18129,48,65,-17,17
18130,75,71,4,4
18131,53,69,-16,16
18132,123,112,11,11
18133,90,86,4,4
18134,137,141,-4,4
18135,95,99,-4,4
18136,88,108,-20,20
18137,106,111,-5,5
18138,155,150,5,5
18139,75,67,8,8
18140,62,62,0,0
18141,91,86,5,5
18142,58,52,6,6
18143,51,60,-9,9
18144,120,120,0,0
18145,94,98,-4,4
18146,112,105,7,7
18147,84,99,-15,15
18148,67,72,-5,5
18149,83,83,0,0
18150,162,154,8,8
18151,122,121,1,1
18152,36,44,-8,8
18153,127,123,4,4
18154,75,91,-16,16
18155,119,107,12,12
18156,147,144,3,3
18157,105,102,3,3
18158,55,53,2,2
18159,90,85,5,5
18160,57,58,-1,1
18161,100,99,1,1
18162,63,62,1,1
18163,58,63,-5,5
18164,140,150,-10,10
18165,107,103,4,4
18166,71,80,-9,9
18167,145,146,-1,1
18168,64,70,-6,6
18169,94,84,10,10
18170,71,65,6,6
18171,68,74,-6,6
18172,109,98,11,11
18173,67,68,-1,1
18174,81,81,0,0
18175,101,93,8,8
18176,135,125,10,10
18177,60,53,7,7
18178,154,145,9,9
18179,131,121,10,10
18180,97,86,11,11
18181,65,64,1,1
18182,132,126,6,6
18183,95,97,-2,2
18184,97,90,7,7
18185,122,112,10,10
18186,80,82,-2,2
18187,89,82,7,7
18188,97,83,14,14
18189,106,105,1,1
18190,101,104,-3,3
18191,116,127,-11,11
18192,70,88,-18,18
18193,44,48,-4,4
18194,149,143,6,6
18195,95,97,-2,2
18196,79,77,2,2
18197,114,115,-1,1
18198,77,69,8,8
18199,121,112,9,9
18200,80,84,-4,4
18201,117,107,10,10
18202,150,140,10,10
18203,85,78,7,7
18204,72,82,-10,10
18205,112,108,4,4
18206,91,86,5,5
18207,61,58,3,3
18208,126,118,8,8
18209,78,74,4,4
18210,129,127,2,2
18211,71,73,-2,2
18212,72,75,-3,3
18213,166,162,4,4
18214,134,129,5,5
18215,36,39,-3,3
18216,63,68,-5,5
18217,73,70,3,3
18218,88,88,0,0
18219,88,94,-6,6
18220,113,119,-6,6
18221,138,132,6,6
18222,88,70,18,18
18223,127,129,-2,2
18224,216,212,4,4
18225,108,108,0,0
18226,137,136,1,1
18227,66,77,-11,11
18228,68,77,-9,9
18229,100,98,2,2
18230,50,50,0,0
18231,130,133,-3,3
18232,100,104,-4,4
18233,201,172,29,29
18234,53,54,-1,1
18235,65,65,0,0
18236,60,58,2,2
18237,177,173,4,4
18238,88,79,9,9
18239,64,65,-1,1
18240,141,146,-5,5
18241,87,91,-4,4
18242,144,139,5,5
18243,118,105,13,13
18244,84,89,-5,5
18245,80,88,-8,8
18246,131,136,-5,5
18247,61,62,-1,1
18248,93,88,5,5
18249,78,89,-11,11
18250,58,53,5,5
18251,99,88,11,11
18252,107,99,8,8
18253,119,119,0,0
18254,104,114,-10,10
18255,87,92,-5,5
18256,88,84,4,4
18257,131,130,1,1
18258,126,123,3,3
18259,125,118,7,7
18260,99,106,-7,7
18261,127,123,4,4
18262,34,53,-19,19
18263,77,69,8,8
18264,88,87,1,1
18265,106,120,-14,14
18266,104,97,7,7
18267,78,86,-8,8
18268,78,74,4,4
18269,211,192,19,19
18270,68,48,20,20
18271,110,108,2,2
18272,86,81,5,5
18273,102,101,1,1
18274,82,75,7,7
18275,57,54,3,3
18276,106,106,0,0
18277,52,55,-3,3
18278,60,60,0,0
18279,78,80,-2,2
18280,66,55,11,11
18281,134,130,4,4
18282,61,63,-2,2
18283,88,84,4,4
18284,95,98,-3,3
18285,79,81,-2,2
18286,109,109,0,0
18287,74,76,-2,2
18288,82,74,8,8
18289,77,76,1,1
18290,89,86,3,3
18291,115,110,5,5
18292,64,63,1,1
18293,143,136,7,7
18294,189,180,9,9
18295,27,37,-10,10
18296,82,90,-8,8
18297,127,139,-12,12
18298,121,111,10,10
18299,103,102,1,1
18300,55,51,4,4
18301,163,163,0,0
18302,93,94,-1,1
18303,95,93,2,2
18304,123,123,0,0
18305,59,60,-1,1
18306,112,104,8,8
18307,76,77,-1,1
18308,77,84,-7,7
18309,62,64,-2,2
18310,71,73,-2,2
18311,60,60,0,0
18312,141,147,-6,6
18313,91,94,-3,3
18314,96,91,5,5
18315,58,61,-3,3
18316,93,90,3,3
18317,165,168,-3,3
18318,199,195,4,4
18319,98,96,2,2
18320,152,156,-4,4
18321,81,74,7,7
18322,93,85,8,8
18323,122,112,10,10
18324,83,84,-1,1
18325,82,87,-5,5
18326,61,65,-4,4
18327,87,91,-4,4
18328,44,64,-20,20
18329,90,102,-12,12
18330,50,53,-3,3
18331,122,121,1,1
18332,82,82,0,0
18333,101,105,-4,4
18334,93,94,-1,1
18335,132,122,10,10
18336,111,117,-6,6
18337,96,79,17,17
18338,47,47,0,0
18339,113,111,2,2
18340,182,184,-2,2
18341,107,128,-21,21
18342,99,110,-11,11
18343,72,74,-2,2
18344,84,89,-5,5
18345,55,54,1,1
18346,154,160,-6,6
18347,39,44,-5,5
18348,107,103,4,4
18349,89,95,-6,6
18350,114,121,-7,7
18351,99,104,-5,5
18352,76,84,-8,8
18353,61,67,-6,6
18354,112,98,14,14
18355,79,76,3,3
18356,81,78,3,3
18357,80,83,-3,3
18358,49,61,-12,12
18359,48,62,-14,14
18360,113,112,1,1
18361,91,91,0,0
18362,76,75,1,1
18363,144,149,-5,5
18364,67,66,1,1
18365,81,72,9,9
18366,111,110,1,1
18367,78,79,-1,1
18368,53,59,-6,6
18369,77,82,-5,5
18370,71,85,-14,14
18371,76,74,2,2
18372,65,68,-3,3
18373,90,91,-1,1
18374,165,159,6,6
18375,188,186,2,2
18376,58,164,-106,106
18377,81,78,3,3
18378,65,68,-3,3
18379,91,92,-1,1
18380,116,115,1,1
18381,145,136,9,9
18382,111,122,-11,11
18383,146,141,5,5
18384,119,113,6,6
18385,91,93,-2,2
18386,116,119,-3,3
18387,48,45,3,3
18388,107,119,-12,12
18389,63,63,0,0
18390,120,111,9,9
18391,86,82,4,4
18392,93,92,1,1
18393,89,94,-5,5
18394,95,97,-2,2
18395,90,83,7,7
18396,104,99,5,5
18397,144,140,4,4
18398,119,109,10,10
18399,82,83,-1,1
18400,61,73,-12,12
18401,93,100,-7,7
18402,142,132,10,10
18403,73,73,0,0
18404,133,119,14,14
18405,128,136,-8,8
18406,104,100,4,4
18407,90,87,3,3
18408,88,95,-7,7
18409,65,76,-11,11
18410,102,97,5,5
18411,176,160,16,16
18412,90,94,-4,4
18413,241,224,17,17
18414,115,100,15,15
18415,69,67,2,2
18416,94,84,10,10
18417,123,117,6,6
18418,96,108,-12,12
18419,90,95,-5,5
18420,59,61,-2,2
18421,76,70,6,6
18422,72,69,3,3
18423,70,74,-4,4
18424,67,66,1,1
18425,83,86,-3,3
18426,205,187,18,18
18427,62,66,-4,4
18428,214,210,4,4
18429,79,71,8,8
18430,142,132,10,10
18431,88,84,4,4
18432,107,110,-3,3
18433,120,110,10,10
18434,108,107,1,1
18435,102,94,8,8
18436,64,67,-3,3
18437,86,95,-9,9
18438,70,72,-2,2
18439,130,110,20,20
18440,97,86,11,11
18441,85,87,-2,2
18442,67,61,6,6
18443,142,117,25,25
18444,48,54,-6,6
18445,88,81,7,7
18446,123,129,-6,6
18447,69,78,-9,9
18448,92,89,3,3
18449,69,76,-7,7
18450,45,47,-2,2
18451,64,62,2,2
18452,84,76,8,8
18453,131,128,3,3
18454,78,82,-4,4
18455,32,39,-7,7
18456,85,75,10,10
18457,100,93,7,7
18458,99,82,17,17
18459,125,118,7,7
18460,91,80,11,11
18461,196,188,8,8
18462,94,120,-26,26
18463,54,48,6,6
18464,134,126,8,8
18465,168,153,15,15
18466,64,60,4,4
18467,73,78,-5,5
18468,96,87,9,9
18469,82,71,11,11
18470,48,62,-14,14
18471,65,69,-4,4
18472,121,125,-4,4
18473,102,106,-4,4
18474,69,64,5,5
18475,92,92,0,0
18476,79,79,0,0
18477,107,111,-4,4
18478,76,91,-15,15
18479,73,80,-7,7
18480,75,68,7,7
18481,150,156,-6,6
18482,149,144,5,5
18483,144,136,8,8
18484,113,111,2,2
18485,62,70,-8,8
18486,108,109,-1,1
18487,103,106,-3,3
18488,58,90,-32,32
18489,42,54,-12,12
18490,115,101,14,14
18491,58,88,-30,30
18492,115,101,14,14
18493,109,100,9,9
18494,51,41,10,10
18495,70,66,4,4
18496,68,85,-17,17
18497,143,147,-4,4
18498,83,71,12,12
18499,116,108,8,8
18500,45,46,-1,1
18501,90,88,2,2
18502,67,66,1,1
18503,100,102,-2,2
18504,113,117,-4,4
18505,30,43,-13,13
18506,98,99,-1,1
18507,67,71,-4,4
18508,53,59,-6,6
18509,105,106,-1,1
18510,123,129,-6,6
18511,57,59,-2,2
18512,125,114,11,11
18513,98,94,4,4
18514,111,113,-2,2
18515,122,115,7,7
18516,117,121,-4,4
18517,74,76,-2,2
18518,84,83,1,1
18519,143,143,0,0
18520,121,114,7,7
18521,121,118,3,3
18522,99,95,4,4
18523,103,92,11,11
18524,104,96,8,8
18525,63,57,6,6
18526,222,192,30,30
18527,113,104,9,9
18528,88,90,-2,2
18529,122,104,18,18
18530,109,118,-9,9
18531,72,68,4,4
18532,64,61,3,3
18533,144,137,7,7
18534,82,82,0,0
18535,82,84,-2,2
18536,162,158,4,4
18537,112,122,-10,10
18538,62,63,-1,1
18539,78,97,-19,19
18540,48,45,3,3
18541,90,90,0,0
18542,130,117,13,13
18543,70,71,-1,1
18544,141,152,-11,11
18545,138,134,4,4
18546,126,93,33,33
18547,71,70,1,1
18548,89,96,-7,7
18549,138,136,2,2
18550,70,63,7,7
18551,123,116,7,7
18552,72,75,-3,3
18553,107,108,-1,1
18554,58,54,4,4
18555,90,83,7,7
18556,136,140,-4,4
18557,163,159,4,4
18558,108,99,9,9
18559,83,68,15,15
18560,117,116,1,1
18561,142,139,3,3
18562,69,66,3,3
18563,100,91,9,9
18564,211,192,19,19
18565,148,153,-5,5
18566,82,80,2,2
18567,86,90,-4,4
18568,201,196,5,5
18569,113,122,-9,9
18570,126,126,0,0
18571,64,62,2,2
18572,98,98,0,0
18573,51,50,1,1
18574,93,105,-12,12
18575,60,60,0,0
18576,82,80,2,2
18577,95,111,-16,16
18578,94,85,9,9
18579,81,79,2,2
18580,111,116,-5,5
18581,63,73,-10,10
18582,55,59,-4,4
18583,142,142,0,0
18584,139,128,11,11
18585,118,113,5,5
18586,209,173,36,36
18587,73,74,-1,1
18588,103,109,-6,6
18589,118,124,-6,6
18590,124,118,6,6
18591,79,91,-12,12
18592,124,119,5,5
18593,129,128,1,1
18594,91,84,7,7
18595,83,89,-6,6
18596,120,104,16,16
18597,91,86,5,5
18598,101,98,3,3
18599,117,111,6,6
18600,154,146,8,8
18601,83,85,-2,2
18602,113,115,-2,2
18603,83,86,-3,3
18604,106,113,-7,7
18605,47,49,-2,2
18606,63,62,1,1
18607,99,94,5,5
18608,47,67,-20,20
18609,111,101,10,10
18610,111,105,6,6
18611,152,144,8,8
18612,91,98,-7,7
18613,111,113,-2,2
18614,103,117,-14,14
18615,80,84,-4,4
18616,133,128,5,5
18617,83,78,5,5
18618,67,62,5,5
18619,124,132,-8,8
18620,93,100,-7,7
18621,80,82,-2,2
18622,64,71,-7,7
18623,74,93,-19,19
18624,92,92,0,0
18625,122,114,8,8
18626,92,106,-14,14
18627,111,114,-3,3
18628,148,133,15,15
18629,102,94,8,8
18630,101,99,2,2
18631,89,88,1,1
18632,94,103,-9,9
18633,78,77,1,1
18634,88,76,12,12
18635,87,97,-10,10
18636,59,48,11,11
18637,75,78,-3,3
18638,101,105,-4,4
18639,96,99,-3,3
18640,64,64,0,0
18641,106,99,7,7
18642,90,93,-3,3
18643,95,97,-2,2
18644,107,105,2,2
18645,95,97,-2,2
18646,78,85,-7,7
18647,124,159,-35,35
18648,142,148,-6,6
18649,73,69,4,4
18650,111,112,-1,1
18651,92,77,15,15
18652,205,179,26,26
18653,93,85,8,8
18654,87,97,-10,10
18655,43,41,2,2
18656,51,57,-6,6
18657,102,104,-2,2
18658,85,99,-14,14
18659,152,148,4,4
18660,69,71,-2,2
18661,47,50,-3,3
18662,52,60,-8,8
18663,94,101,-7,7
18664,149,144,5,5
18665,81,68,13,13
18666,96,85,11,11
18667,88,87,1,1
18668,81,74,7,7
18669,129,126,3,3
18670,107,131,-24,24
18671,93,83,10,10
18672,90,90,0,0
18673,72,76,-4,4
18674,82,85,-3,3
18675,73,77,-4,4
18676,102,99,3,3
18677,52,61,-9,9
18678,79,90,-11,11
18679,131,123,8,8
18680,56,51,5,5
18681,58,51,7,7
18682,66,63,3,3
18683,58,63,-5,5
18684,76,82,-6,6
18685,83,79,4,4
18686,84,80,4,4
18687,100,104,-4,4
18688,114,104,10,10
18689,112,114,-2,2
18690,104,97,7,7
18691,110,113,-3,3
18692,160,164,-4,4
18693,98,96,2,2
18694,122,121,1,1
18695,39,43,-4,4
18696,120,125,-5,5
18697,84,83,1,1
18698,64,81,-17,17
18699,87,94,-7,7
18700,102,102,0,0
18701,87,89,-2,2
18702,76,72,4,4
18703,132,132,0,0
18704,65,61,4,4
18705,136,123,13,13
18706,87,73,14,14
18707,93,88,5,5
18708,130,126,4,4
18709,96,91,5,5
18710,93,89,4,4
18711,67,74,-7,7
18712,116,118,-2,2
18713,81,89,-8,8
18714,107,111,-4,4
18715,70,65,5,5
18716,113,110,3,3
18717,78,83,-5,5
18718,93,86,7,7
18719,62,70,-8,8
18720,43,44,-1,1
18721,81,76,5,5
18722,85,81,4,4
18723,128,118,10,10
18724,110,113,-3,3
18725,37,36,1,1
18726,66,73,-7,7
18727,56,56,0,0
18728,95,94,1,1
18729,95,93,2,2
18730,92,90,2,2
18731,99,104,-5,5
18732,75,82,-7,7
18733,186,164,22,22
18734,30,36,-6,6
18735,63,67,-4,4
18736,60,46,14,14
18737,38,44,-6,6
18738,70,78,-8,8
18739,85,82,3,3
18740,71,63,8,8
18741,122,127,-5,5
18742,45,62,-17,17
18743,94,88,6,6
18744,133,129,4,4
18745,89,81,8,8
18746,85,77,8,8
18747,80,81,-1,1
18748,141,132,9,9
18749,108,102,6,6
18750,39,50,-11,11
18751,85,102,-17,17
18752,99,100,-1,1
18753,81,77,4,4
18754,123,124,-1,1
18755,98,95,3,3
18756,81,86,-5,5
18757,110,115,-5,5
18758,64,72,-8,8
18759,75,84,-9,9
18760,59,54,5,5
18761,66,74,-8,8
18762,81,68,13,13
18763,92,91,1,1
18764,115,110,5,5
18765,129,133,-4,4
18766,99,92,7,7
18767,72,74,-2,2
18768,91,89,2,2
18769,69,76,-7,7
18770,80,71,9,9
18771,89,96,-7,7
18772,92,101,-9,9
18773,95,92,3,3
18774,166,152,14,14
18775,61,56,5,5
18776,59,53,6,6
18777,42,61,-19,19
18778,53,59,-6,6
18779,101,98,3,3
18780,90,81,9,9
18781,116,110,6,6
18782,83,75,8,8
18783,89,87,2,2
18784,121,119,2,2
18785,74,63,11,11
18786,113,102,11,11
18787,85,87,-2,2
18788,137,137,0,0
18789,72,84,-12,12
18790,78,71,7,7
18791,113,123,-10,10
18792,144,118,26,26
18793,54,54,0,0
18794,74,71,3,3
18795,72,70,2,2
18796,73,74,-1,1
18797,163,145,18,18
18798,96,97,-1,1
18799,90,88,2,2
18800,64,64,0,0
18801,61,59,2,2
18802,79,80,-1,1
18803,118,125,-7,7
18804,70,67,3,3
18805,108,108,0,0
18806,83,108,-25,25
18807,55,59,-4,4
18808,139,139,0,0
18809,49,48,1,1
18810,159,151,8,8
18811,30,45,-15,15
18812,111,116,-5,5
18813,112,112,0,0
18814,149,153,-4,4
18815,104,98,6,6
18816,166,144,22,22
18817,76,72,4,4
18818,128,137,-9,9
18819,54,60,-6,6
18820,99,101,-2,2
18821,53,50,3,3
18822,98,96,2,2
18823,94,99,-5,5
18824,144,150,-6,6
18825,47,45,2,2
18826,124,132,-8,8
18827,137,152,-15,15
18828,55,49,6,6
18829,79,72,7,7
18830,103,103,0,0
18831,67,74,-7,7
18832,45,44,1,1
18833,129,119,10,10
18834,33,50,-17,17
18835,108,106,2,2
18836,68,65,3,3
18837,165,158,7,7
18838,108,97,11,11
18839,142,125,17,17
18840,108,108,0,0
18841,56,61,-5,5
18842,73,79,-6,6
18843,121,120,1,1
18844,139,145,-6,6
18845,124,119,5,5
18846,59,59,0,0
18847,98,119,-21,21
18848,42,43,-1,1
18849,94,101,-7,7
18850,120,111,9,9
18851,64,66,-2,2
18852,52,59,-7,7
18853,193,187,6,6
18854,99,93,6,6
18855,73,80,-7,7
18856,166,136,30,30
18857,116,117,-1,1
18858,69,83,-14,14
18859,67,67,0,0
18860,81,71,10,10
18861,112,101,11,11
18862,120,108,12,12
18863,67,55,12,12
18864,105,90,15,15
18865,146,136,10,10
18866,110,100,10,10
18867,90,88,2,2
18868,94,83,11,11
18869,106,122,-16,16
18870,95,94,1,1
18871,112,113,-1,1
18872,104,92,12,12
18873,60,63,-3,3
18874,93,78,15,15
18875,171,172,-1,1
18876,57,63,-6,6
18877,106,102,4,4
18878,83,88,-5,5
18879,65,52,13,13
18880,111,114,-3,3
18881,117,124,-7,7
18882,71,73,-2,2
18883,46,63,-17,17
18884,87,102,-15,15
18885,80,76,4,4
18886,58,61,-3,3
18887,47,68,-21,21
18888,196,182,14,14
18889,100,102,-2,2
18890,122,127,-5,5
18891,126,127,-1,1
18892,61,62,-1,1
18893,68,74,-6,6
18894,90,98,-8,8
18895,96,101,-5,5
18896,154,158,-4,4
18897,153,155,-2,2
18898,83,81,2,2
18899,130,129,1,1
18900,110,102,8,8
18901,122,120,2,2
18902,85,79,6,6
18903,55,55,0,0
18904,85,82,3,3
18905,122,117,5,5
18906,71,68,3,3
18907,149,138,11,11
18908,101,99,2,2
18909,81,93,-12,12
18910,95,91,4,4
18911,120,116,4,4
18912,137,145,-8,8
18913,132,147,-15,15
18914,83,75,8,8
18915,121,118,3,3
18916,121,116,5,5
18917,125,143,-18,18
18918,81,83,-2,2
18919,137,143,-6,6
18920,89,88,1,1
18921,113,108,5,5
18922,23,35,-12,12
18923,123,104,19,19
18924,172,173,-1,1
18925,64,64,0,0
18926,122,131,-9,9
18927,67,67,0,0
18928,86,84,2,2
18929,42,52,-10,10
18930,126,121,5,5
18931,148,134,14,14
18932,81,73,8,8
18933,78,81,-3,3
18934,74,74,0,0
18935,52,55,-3,3
18936,67,66,1,1
18937,69,69,0,0
18938,76,82,-6,6
18939,56,57,-1,1
18940,103,112,-9,9
18941,86,96,-10,10
18942,67,72,-5,5
18943,74,78,-4,4
18944,61,59,2,2
18945,42,58,-16,16
18946,106,102,4,4
18947,59,59,0,0
18948,65,60,5,5
18949,148,153,-5,5
18950,161,153,8,8
18951,140,134,6,6
18952,140,136,4,4
18953,70,77,-7,7
18954,157,149,8,8
18955,70,82,-12,12
18956,110,119,-9,9
18957,132,156,-24,24
18958,40,62,-22,22
18959,115,105,10,10
18960,165,165,0,0
18961,46,61,-15,15
18962,108,119,-11,11
18963,145,142,3,3
18964,153,143,10,10
18965,64,62,2,2
18966,104,111,-7,7
18967,104,92,12,12
18968,103,96,7,7
18969,99,108,-9,9
18970,58,60,-2,2
18971,78,75,3,3
18972,116,118,-2,2
18973,95,112,-17,17
18974,77,72,5,5
18975,100,94,6,6
18976,147,142,5,5
18977,73,73,0,0
18978,90,94,-4,4
18979,91,89,2,2
18980,136,132,4,4
18981,156,143,13,13
18982,71,69,2,2
18983,65,63,2,2
18984,82,82,0,0
18985,116,116,0,0
18986,134,129,5,5
18987,70,74,-4,4
18988,98,99,-1,1
18989,194,187,7,7
18990,58,63,-5,5
18991,111,152,-41,41
18992,55,51,4,4
18993,105,105,0,0
18994,85,86,-1,1
18995,105,97,8,8
18996,83,90,-7,7
18997,96,88,8,8
18998,83,81,2,2
18999,153,152,1,1
19000,81,80,1,1
19001,60,62,-2,2
19002,137,139,-2,2
19003,140,135,5,5
19004,88,92,-4,4
19005,124,126,-2,2
19006,101,94,7,7
19007,84,79,5,5
19008,99,96,3,3
19009,59,50,9,9
19010,83,94,-11,11
19011,113,120,-7,7
19012,83,89,-6,6
19013,65,65,0,0
19014,52,60,-8,8
19015,120,125,-5,5
19016,102,88,14,14
19017,50,72,-22,22
19018,134,137,-3,3
19019,90,90,0,0
19020,79,75,4,4
19021,78,83,-5,5
19022,122,112,10,10
19023,69,72,-3,3
19024,72,70,2,2
19025,71,72,-1,1
19026,112,96,16,16
19027,111,99,12,12
19028,96,103,-7,7
19029,96,92,4,4
19030,67,70,-3,3
19031,102,105,-3,3
19032,71,78,-7,7
19033,147,147,0,0
19034,123,129,-6,6
19035,89,72,17,17
19036,72,79,-7,7
19037,81,85,-4,4
19038,61,62,-1,1
19039,79,73,6,6
19040,112,103,9,9
19041,167,173,-6,6
19042,74,77,-3,3
19043,122,112,10,10
19044,78,88,-10,10
19045,64,68,-4,4
19046,72,78,-6,6
19047,90,84,6,6
19048,86,75,11,11
19049,122,119,3,3
19050,70,61,9,9
19051,80,79,1,1
19052,55,54,1,1
19053,86,78,8,8
19054,117,117,0,0
19055,95,94,1,1
19056,88,89,-1,1
19057,123,111,12,12
19058,102,95,7,7
19059,73,65,8,8
19060,33,39,-6,6
19061,133,120,13,13
19062,65,75,-10,10
19063,75,62,13,13
19064,39,40,-1,1
19065,119,109,10,10
19066,88,91,-3,3
19067,110,100,10,10
19068,59,64,-5,5
19069,94,104,-10,10
19070,90,85,5,5
19071,64,63,1,1
19072,111,111,0,0
19073,95,95,0,0
19074,77,77,0,0
19075,60,59,1,1
19076,151,149,2,2
19077,90,85,5,5
19078,65,71,-6,6
19079,100,113,-13,13
19080,59,63,-4,4
19081,89,88,1,1
19082,91,100,-9,9
19083,152,146,6,6
19084,58,53,5,5
19085,98,109,-11,11
19086,111,107,4,4
19087,94,86,8,8
19088,98,101,-3,3
19089,99,90,9,9
19090,132,124,8,8
19091,99,118,-19,19
19092,163,176,-13,13
19093,105,95,10,10
19094,109,112,-3,3
19095,49,50,-1,1
19096,97,113,-16,16
19097,153,144,9,9
19098,73,103,-30,30
19099,71,72,-1,1
19100,89,79,10,10
19101,110,95,15,15
19102,73,72,1,1
19103,151,132,19,19
19104,146,141,5,5
19105,74,73,1,1
19106,76,69,7,7
19107,57,122,-65,65
19108,96,85,11,11
19109,143,127,16,16
19110,98,78,20,20
19111,74,79,-5,5
19112,78,74,4,4
19113,139,157,-18,18
19114,81,84,-3,3
19115,74,81,-7,7
19116,81,79,2,2
19117,149,163,-14,14
19118,59,65,-6,6
19119,92,98,-6,6
19120,88,83,5,5
19121,94,93,1,1
19122,106,105,1,1
19123,143,125,18,18
19124,61,66,-5,5
19125,84,77,7,7
19126,107,109,-2,2
19127,129,139,-10,10
19128,80,77,3,3
19129,89,90,-1,1
19130,159,154,5,5
19131,44,48,-4,4
19132,116,119,-3,3
19133,79,78,1,1
19134,82,73,9,9
19135,77,76,1,1
19136,124,115,9,9
19137,97,99,-2,2
19138,62,70,-8,8
19139,65,67,-2,2
19140,78,69,9,9
19141,105,105,0,0
19142,107,117,-10,10
19143,60,63,-3,3
19144,63,62,1,1
19145,71,70,1,1
19146,122,127,-5,5
19147,76,75,1,1
19148,137,142,-5,5
19149,89,88,1,1
19150,87,93,-6,6
19151,147,146,1,1
19152,121,138,-17,17
19153,91,81,10,10
19154,62,62,0,0
19155,77,86,-9,9
19156,95,94,1,1
19157,71,71,0,0
19158,129,142,-13,13
19159,114,114,0,0
19160,196,185,11,11
19161,113,112,1,1
19162,122,111,11,11
19163,120,110,10,10
19164,104,118,-14,14
19165,99,96,3,3
19166,80,79,1,1
19167,69,79,-10,10
19168,100,107,-7,7
19169,63,65,-2,2
19170,145,135,10,10
19171,55,48,7,7
19172,91,85,6,6
19173,148,141,7,7
19174,75,69,6,6
19175,106,107,-1,1
19176,179,167,12,12
19177,86,95,-9,9
19178,72,77,-5,5
19179,127,133,-6,6
19180,68,61,7,7
19181,69,88,-19,19
19182,136,141,-5,5
19183,91,89,2,2
19184,102,107,-5,5
19185,128,118,10,10
19186,94,94,0,0
19187,105,103,2,2
19188,146,137,9,9
19189,72,64,8,8
19190,105,100,5,5
19191,137,132,5,5
19192,169,166,3,3
19193,130,158,-28,28
19194,126,126,0,0
19195,125,117,8,8
19196,102,101,1,1
19197,74,70,4,4
19198,74,86,-12,12
19199,97,97,0,0
19200,113,113,0,0
19201,54,55,-1,1
19202,127,112,15,15
19203,73,80,-7,7
19204,145,152,-7,7
19205,117,114,3,3
19206,123,117,6,6
19207,188,165,23,23
19208,75,81,-6,6
19209,76,85,-9,9
19210,45,51,-6,6
19211,86,84,2,2
19212,74,77,-3,3
19213,103,114,-11,11
19214,140,124,16,16
19215,95,96,-1,1
19216,102,105,-3,3
19217,34,42,-8,8
19218,101,97,4,4
19219,62,70,-8,8
19220,81,89,-8,8
19221,84,87,-3,3
19222,114,127,-13,13
19223,90,81,9,9
19224,66,92,-26,26
19225,98,96,2,2
19226,68,74,-6,6
19227,115,108,7,7
19228,101,73,28,28
19229,137,125,12,12
19230,125,127,-2,2
19231,84,87,-3,3
19232,43,57,-14,14
19233,99,93,6,6
19234,126,130,-4,4
19235,97,95,2,2
19236,105,95,10,10
19237,74,83,-9,9
19238,108,105,3,3
19239,70,63,7,7
19240,49,51,-2,2
19241,133,131,2,2
19242,105,98,7,7
19243,147,152,-5,5
19244,98,96,2,2
19245,124,117,7,7
19246,73,73,0,0
19247,78,69,9,9
19248,106,110,-4,4
19249,63,59,4,4
19250,87,91,-4,4
19251,80,78,2,2
19252,101,96,5,5
19253,80,79,1,1
19254,107,97,10,10
19255,65,71,-6,6
19256,62,59,3,3
19257,124,127,-3,3
19258,37,39,-2,2
19259,109,105,4,4
19260,48,54,-6,6
19261,152,139,13,13
19262,163,161,2,2
19263,126,122,4,4
19264,62,85,-23,23
19265,128,139,-11,11
19266,104,103,1,1
19267,110,125,-15,15
19268,79,83,-4,4
19269,79,79,0,0
19270,145,139,6,6
19271,74,82,-8,8
19272,59,62,-3,3
19273,107,107,0,0
19274,88,94,-6,6
19275,47,67,-20,20
19276,111,114,-3,3
19277,108,103,5,5
19278,133,122,11,11
19279,155,161,-6,6
19280,85,84,1,1
19281,135,123,12,12
19282,104,98,6,6
19283,149,156,-7,7
19284,78,80,-2,2
19285,76,75,1,1
19286,96,100,-4,4
19287,130,118,12,12
19288,90,85,5,5
19289,55,77,-22,22
19290,123,132,-9,9
19291,65,64,1,1
19292,69,65,4,4
19293,50,55,-5,5
19294,51,60,-9,9
19295,81,71,10,10
19296,108,107,1,1
19297,81,84,-3,3
19298,42,46,-4,4
19299,141,121,20,20
19300,66,72,-6,6
19301,103,97,6,6
19302,147,140,7,7
19303,105,89,16,16
19304,136,113,23,23
19305,58,63,-5,5
19306,108,93,15,15
19307,63,61,2,2
19308,116,118,-2,2
19309,147,138,9,9
19310,73,70,3,3
19311,92,91,1,1
19312,63,64,-1,1
19313,98,101,-3,3
19314,153,151,2,2
19315,98,97,1,1
19316,68,77,-9,9
19317,70,59,11,11
19318,69,132,-63,63
19319,68,65,3,3
19320,66,63,3,3
19321,83,77,6,6
19322,113,102,11,11
19323,123,111,12,12
19324,39,43,-4,4
19325,127,113,14,14
19326,119,123,-4,4
19327,80,75,5,5
19328,202,226,-24,24
19329,71,81,-10,10
19330,49,49,0,0
19331,73,85,-12,12
19332,90,100,-10,10
19333,86,83,3,3
19334,71,82,-11,11
19335,62,70,-8,8
19336,89,85,4,4
19337,205,186,19,19
19338,157,134,23,23
19339,95,108,-13,13
19340,54,63,-9,9
19341,86,87,-1,1
19342,105,106,-1,1
19343,51,62,-11,11
19344,56,77,-21,21
19345,142,146,-4,4
19346,151,134,17,17
19347,72,66,6,6
19348,71,82,-11,11
19349,73,69,4,4
19350,58,59,-1,1
19351,175,197,-22,22
19352,132,130,2,2
19353,102,102,0,0
19354,115,117,-2,2
19355,92,106,-14,14
19356,77,79,-2,2
19357,113,111,2,2
19358,103,105,-2,2
19359,147,159,-12,12
19360,93,113,-20,20
19361,105,108,-3,3
19362,95,89,6,6
19363,158,152,6,6
19364,117,118,-1,1
19365,113,119,-6,6
19366,84,75,9,9
19367,64,70,-6,6
19368,98,101,-3,3
19369,91,97,-6,6
19370,106,95,11,11
19371,57,67,-10,10
19372,130,128,2,2
19373,67,75,-8,8
19374,60,62,-2,2
19375,80,76,4,4
19376,109,108,1,1
19377,56,82,-26,26
19378,61,70,-9,9
19379,162,156,6,6
19380,105,102,3,3
19381,118,113,5,5
19382,88,83,5,5
19383,61,51,10,10
19384,101,97,4,4
19385,130,134,-4,4
19386,116,106,10,10
19387,66,76,-10,10
19388,67,72,-5,5
19389,68,78,-10,10
19390,54,55,-1,1
19391,76,82,-6,6
19392,91,91,0,0
19393,48,47,1,1
19394,108,108,0,0
19395,50,52,-2,2
19396,121,134,-13,13
19397,55,51,4,4
19398,99,91,8,8
19399,109,110,-1,1
19400,129,123,6,6
19401,59,54,5,5
19402,193,187,6,6
19403,115,111,4,4
19404,168,169,-1,1
19405,109,107,2,2
19406,79,90,-11,11
19407,69,66,3,3
19408,124,126,-2,2
19409,86,98,-12,12
19410,108,103,5,5
19411,57,59,-2,2
19412,69,58,11,11
19413,73,75,-2,2
19414,93,103,-10,10
19415,108,100,8,8
19416,47,47,0,0
19417,96,91,5,5
19418,136,144,-8,8
19419,62,49,13,13
19420,35,45,-10,10
19421,168,177,-9,9
19422,72,62,10,10
19423,53,52,1,1
19424,181,174,7,7
19425,106,100,6,6
19426,110,119,-9,9
19427,71,71,0,0
19428,81,88,-7,7
19429,66,64,2,2
19430,96,100,-4,4
19431,94,87,7,7
19432,101,92,9,9
19433,56,59,-3,3
19434,161,150,11,11
19435,120,110,10,10
19436,90,91,-1,1
19437,74,76,-2,2
19438,119,114,5,5
19439,120,116,4,4
19440,116,139,-23,23
19441,72,74,-2,2
19442,100,88,12,12
19443,72,69,3,3
19444,152,152,0,0
19445,65,74,-9,9
19446,84,79,5,5
19447,100,100,0,0
19448,116,104,12,12
19449,88,87,1,1
19450,94,105,-11,11
19451,76,75,1,1
19452,70,75,-5,5
19453,72,89,-17,17
19454,114,113,1,1
19455,95,96,-1,1
19456,88,83,5,5
19457,103,122,-19,19
19458,82,80,2,2
19459,66,76,-10,10
19460,126,116,10,10
19461,215,224,-9,9
19462,127,125,2,2
19463,71,71,0,0
19464,106,92,14,14
19465,125,131,-6,6
19466,98,92,6,6
19467,80,95,-15,15
19468,76,81,-5,5
19469,126,126,0,0
19470,45,48,-3,3
19471,98,97,1,1
19472,75,78,-3,3
19473,76,69,7,7
19474,103,105,-2,2
19475,149,142,7,7
19476,110,112,-2,2
19477,71,70,1,1
19478,121,139,-18,18
19479,86,85,1,1
19480,44,40,4,4
19481,126,125,1,1
19482,145,129,16,16
19483,94,102,-8,8
19484,49,59,-10,10
19485,99,94,5,5
19486,75,86,-11,11
19487,77,95,-18,18
19488,65,75,-10,10
19489,117,112,5,5
19490,87,83,4,4
19491,87,99,-12,12
19492,138,141,-3,3
19493,66,64,2,2
19494,100,85,15,15
19495,107,101,6,6
19496,82,106,-24,24
19497,76,87,-11,11
19498,67,75,-8,8
19499,40,48,-8,8
19500,88,92,-4,4
19501,184,170,14,14
19502,92,84,8,8
19503,134,138,-4,4
19504,105,105,0,0
19505,112,112,0,0
19506,70,71,-1,1
19507,70,72,-2,2
19508,57,61,-4,4
19509,120,116,4,4
19510,98,104,-6,6
19511,115,107,8,8
19512,84,96,-12,12
19513,97,93,4,4
19514,85,86,-1,1
19515,67,70,-3,3
19516,93,82,11,11
19517,123,121,2,2
19518,52,95,-43,43
19519,113,110,3,3
19520,63,65,-2,2
19521,97,93,4,4
19522,103,97,6,6
19523,91,97,-6,6
19524,74,77,-3,3
19525,110,119,-9,9
19526,162,153,9,9
19527,98,97,1,1
19528,103,98,5,5
19529,96,107,-11,11
19530,35,41,-6,6
19531,85,93,-8,8
19532,69,72,-3,3
19533,80,69,11,11
19534,60,62,-2,2
19535,87,101,-14,14
19536,77,75,2,2
19537,139,135,4,4
19538,51,58,-7,7
19539,122,110,12,12
19540,125,118,7,7
19541,63,57,6,6
19542,125,117,8,8
19543,85,96,-11,11
19544,112,114,-2,2
19545,58,66,-8,8
19546,104,105,-1,1
19547,120,115,5,5
19548,43,49,-6,6
19549,90,102,-12,12
19550,29,33,-4,4
19551,92,82,10,10
19552,99,85,14,14
19553,55,59,-4,4
19554,66,61,5,5
19555,78,79,-1,1
19556,67,62,5,5
19557,91,80,11,11
19558,143,132,11,11
19559,86,97,-11,11
19560,57,70,-13,13
19561,96,87,9,9
19562,101,115,-14,14
19563,58,53,5,5
19564,113,106,7,7
19565,44,40,4,4
19566,140,121,19,19
19567,150,152,-2,2
19568,117,123,-6,6
19569,86,88,-2,2
19570,99,95,4,4
19571,114,105,9,9
19572,81,80,1,1
19573,64,57,7,7
19574,132,135,-3,3
19575,82,82,0,0
19576,141,135,6,6
19577,68,83,-15,15
19578,137,128,9,9
19579,75,71,4,4
19580,71,69,2,2
19581,59,68,-9,9
19582,45,40,5,5
19583,70,67,3,3
19584,107,103,4,4
19585,59,61,-2,2
19586,41,45,-4,4
19587,65,71,-6,6
19588,50,53,-3,3
19589,88,90,-2,2
19590,114,114,0,0
19591,64,59,5,5
19592,154,162,-8,8
19593,64,72,-8,8
19594,46,67,-21,21
19595,120,119,1,1
19596,80,80,0,0
19597,52,47,5,5
19598,88,107,-19,19
19599,65,91,-26,26
19600,49,54,-5,5
19601,82,94,-12,12
19602,108,118,-10,10
19603,59,66,-7,7
19604,68,70,-2,2
19605,99,88,11,11
19606,100,97,3,3
19607,100,92,8,8
19608,156,149,7,7
19609,91,96,-5,5
19610,152,150,2,2
19611,125,114,11,11
19612,60,61,-1,1
19613,43,51,-8,8
19614,48,46,2,2
19615,94,98,-4,4
19616,70,64,6,6
19617,52,49,3,3
19618,70,69,1,1
19619,154,141,13,13
19620,133,135,-2,2
19621,72,72,0,0
19622,79,86,-7,7
19623,111,117,-6,6
19624,72,72,0,0
19625,147,155,-8,8
19626,94,89,5,5
19627,41,43,-2,2
19628,79,88,-9,9
19629,61,56,5,5
19630,68,76,-8,8
19631,70,65,5,5
19632,80,84,-4,4
19633,58,66,-8,8
19634,45,50,-5,5
19635,187,168,19,19
19636,84,82,2,2
19637,76,76,0,0
19638,154,150,4,4
19639,139,132,7,7
19640,173,164,9,9
19641,75,68,7,7
19642,148,142,6,6
19643,174,167,7,7
19644,100,110,-10,10
19645,29,33,-4,4
19646,102,96,6,6
19647,67,69,-2,2
19648,51,50,1,1
19649,133,115,18,18
19650,36,39,-3,3
19651,66,61,5,5
19652,65,59,6,6
19653,73,73,0,0
19654,151,140,11,11
19655,87,78,9,9
19656,138,146,-8,8
19657,65,64,1,1
19658,97,92,5,5
19659,84,86,-2,2
19660,171,166,5,5
19661,110,110,0,0
19662,120,113,7,7
19663,99,91,8,8
19664,135,148,-13,13
19665,90,90,0,0
19666,70,69,1,1
19667,99,102,-3,3
19668,58,61,-3,3
19669,109,134,-25,25
19670,77,79,-2,2
19671,74,74,0,0
19672,134,134,0,0
19673,130,116,14,14
19674,65,64,1,1
19675,109,104,5,5
19676,75,81,-6,6
19677,125,125,0,0
19678,99,97,2,2
19679,147,147,0,0
19680,160,153,7,7
19681,49,49,0,0
19682,62,67,-5,5
19683,332,307,25,25
19684,127,125,2,2
19685,34,41,-7,7
19686,145,140,5,5
19687,108,100,8,8
19688,66,69,-3,3
19689,65,66,-1,1
19690,157,147,10,10
19691,89,83,6,6
19692,97,106,-9,9
19693,116,113,3,3
19694,102,100,2,2
19695,118,125,-7,7
19696,161,156,5,5
19697,97,94,3,3
19698,40,41,-1,1
19699,63,64,-1,1
19700,70,82,-12,12
19701,83,78,5,5
19702,100,102,-2,2
19703,76,75,1,1
19704,105,102,3,3
19705,72,86,-14,14
19706,69,84,-15,15
19707,136,141,-5,5
19708,126,108,18,18
19709,130,138,-8,8
19710,116,117,-1,1
19711,87,84,3,3
19712,100,101,-1,1
19713,100,92,8,8
19714,55,59,-4,4
19715,92,92,0,0
19716,101,94,7,7
19717,149,155,-6,6
19718,98,87,11,11
19719,89,89,0,0
19720,40,63,-23,23
19721,91,87,4,4
19722,103,106,-3,3
19723,88,83,5,5
19724,76,87,-11,11
19725,43,53,-10,10
19726,60,60,0,0
19727,165,155,10,10
19728,148,159,-11,11
19729,114,111,3,3
19730,97,83,14,14
19731,141,143,-2,2
19732,82,90,-8,8
19733,89,89,0,0
19734,141,142,-1,1
19735,31,42,-11,11
19736,87,99,-12,12
19737,83,86,-3,3
19738,64,65,-1,1
19739,68,74,-6,6
19740,75,70,5,5
19741,102,101,1,1
19742,54,60,-6,6
19743,108,115,-7,7
19744,104,91,13,13
19745,132,133,-1,1
19746,77,72,5,5
19747,130,128,2,2
19748,46,42,4,4
19749,83,65,18,18
19750,79,86,-7,7
19751,180,167,13,13
19752,118,127,-9,9
19753,105,114,-9,9
19754,93,96,-3,3
19755,81,77,4,4
19756,61,66,-5,5
19757,142,142,0,0
19758,93,94,-1,1
19759,100,99,1,1
19760,146,137,9,9
19761,64,66,-2,2
19762,116,109,7,7
19763,55,65,-10,10
19764,55,63,-8,8
19765,86,98,-12,12
19766,90,91,-1,1
19767,146,146,0,0
19768,55,52,3,3
19769,76,77,-1,1
19770,48,61,-13,13
19771,84,69,15,15
19772,62,59,3,3
19773,93,87,6,6
19774,104,102,2,2
19775,108,109,-1,1
19776,83,91,-8,8
19777,57,52,5,5
19778,76,78,-2,2
19779,100,131,-31,31
19780,96,96,0,0
19781,124,98,26,26
19782,55,72,-17,17
19783,61,66,-5,5
19784,104,101,3,3
19785,70,74,-4,4
19786,94,87,7,7
19787,64,65,-1,1
19788,113,117,-4,4
19789,92,95,-3,3
19790,136,143,-7,7
19791,115,107,8,8
19792,103,114,-11,11
19793,84,85,-1,1
19794,60,61,-1,1
19795,83,115,-32,32
19796,127,127,0,0
19797,137,129,8,8
19798,64,53,11,11
19799,180,174,6,6
19800,144,133,11,11
19801,82,75,7,7
19802,89,80,9,9
19803,122,132,-10,10
19804,85,85,0,0
19805,127,121,6,6
19806,86,81,5,5
19807,81,87,-6,6
19808,102,97,5,5
19809,104,77,27,27
19810,47,45,2,2
19811,163,147,16,16
19812,102,101,1,1
19813,152,143,9,9
19814,139,130,9,9
19815,88,79,9,9
19816,57,51,6,6
19817,79,71,8,8
19818,60,47,13,13
19819,104,95,9,9
19820,92,87,5,5
19821,74,73,1,1
19822,94,88,6,6
19823,102,107,-5,5
19824,109,101,8,8
19825,86,83,3,3
19826,85,78,7,7
19827,86,79,7,7
19828,158,144,14,14
19829,78,78,0,0
19830,72,69,3,3
19831,127,123,4,4
19832,81,83,-2,2
19833,99,101,-2,2
19834,64,67,-3,3
19835,137,143,-6,6
19836,99,103,-4,4
19837,74,80,-6,6
19838,80,87,-7,7
19839,99,109,-10,10
19840,95,94,1,1
19841,48,50,-2,2
19842,77,76,1,1
19843,88,97,-9,9
19844,99,95,4,4
19845,87,78,9,9
19846,75,79,-4,4
19847,103,107,-4,4
19848,190,183,7,7
19849,88,69,19,19
19850,85,87,-2,2
19851,59,51,8,8
19852,63,81,-18,18
19853,85,85,0,0
19854,67,87,-20,20
19855,76,82,-6,6
19856,115,115,0,0
19857,62,66,-4,4
19858,61,70,-9,9
19859,147,147,0,0
19860,153,145,8,8
19861,68,57,11,11
19862,106,114,-8,8
19863,79,78,1,1
19864,165,155,10,10
19865,63,61,2,2
19866,106,109,-3,3
19867,74,79,-5,5
19868,135,130,5,5
19869,76,82,-6,6
19870,113,121,-8,8
19871,77,79,-2,2
19872,67,71,-4,4
19873,93,112,-19,19
19874,170,165,5,5
19875,77,83,-6,6
19876,88,85,3,3
19877,103,98,5,5
19878,85,87,-2,2
19879,82,74,8,8
19880,70,77,-7,7
19881,94,105,-11,11
19882,44,53,-9,9
19883,103,94,9,9
19884,99,99,0,0
19885,67,64,3,3
19886,56,60,-4,4
19887,94,98,-4,4
19888,77,81,-4,4
19889,68,65,3,3
19890,125,116,9,9
19891,110,109,1,1
19892,102,90,12,12
19893,57,49,8,8
19894,68,87,-19,19
19895,75,77,-2,2
19896,101,96,5,5
19897,57,55,2,2
19898,93,109,-16,16
19899,52,62,-10,10
19900,57,63,-6,6
19901,123,108,15,15
19902,111,118,-7,7
19903,62,64,-2,2
19904,89,100,-11,11
19905,114,107,7,7
19906,45,54,-9,9
19907,79,74,5,5
19908,134,127,7,7
19909,101,96,5,5
19910,92,88,4,4
19911,74,70,4,4
19912,95,94,1,1
19913,49,53,-4,4
19914,86,82,4,4
19915,50,69,-19,19
19916,55,52,3,3
19917,49,44,5,5
19918,87,91,-4,4
19919,59,66,-7,7
19920,108,109,-1,1
19921,88,84,4,4
19922,118,126,-8,8
19923,108,104,4,4
19924,38,68,-30,30
19925,94,88,6,6
19926,35,38,-3,3
19927,114,118,-4,4
19928,124,113,11,11
19929,108,115,-7,7
19930,129,141,-12,12
19931,69,70,-1,1
19932,108,116,-8,8
19933,66,74,-8,8
19934,62,61,1,1
19935,107,114,-7,7
19936,65,68,-3,3
19937,169,150,19,19
19938,115,109,6,6
19939,116,115,1,1
19940,87,87,0,0
19941,62,61,1,1
19942,128,122,6,6
19943,126,134,-8,8
19944,139,144,-5,5
19945,217,197,20,20
19946,147,153,-6,6
19947,117,108,9,9
19948,181,184,-3,3
19949,101,126,-25,25
19950,66,72,-6,6
19951,77,73,4,4
19952,110,109,1,1
19953,186,187,-1,1
19954,60,61,-1,1
19955,68,72,-4,4
19956,125,127,-2,2
19957,52,54,-2,2
19958,75,73,2,2
19959,109,113,-4,4
19960,44,61,-17,17
19961,123,132,-9,9
19962,123,116,7,7
19963,69,67,2,2
19964,51,53,-2,2
19965,148,135,13,13
19966,104,92,12,12
19967,64,62,2,2
19968,82,90,-8,8
19969,82,80,2,2
19970,135,140,-5,5
19971,54,59,-5,5
19972,88,78,10,10
19973,88,80,8,8
19974,102,103,-1,1
19975,45,49,-4,4
19976,85,83,2,2
19977,117,105,12,12
19978,124,115,9,9
19979,60,64,-4,4
19980,40,62,-22,22
19981,133,132,1,1
19982,101,107,-6,6
19983,80,80,0,0
19984,90,114,-24,24
19985,85,86,-1,1
19986,68,72,-4,4
19987,150,156,-6,6
19988,86,76,10,10
19989,105,112,-7,7
19990,45,51,-6,6
19991,149,162,-13,13
19992,74,79,-5,5
19993,40,43,-3,3
19994,75,82,-7,7
19995,47,52,-5,5
19996,70,77,-7,7
19997,56,55,1,1
19998,46,51,-5,5
19999,98,102,-4,4
20000,107,102,5,5
20001,121,110,11,11
20002,192,192,0,0
20003,50,49,1,1
20004,62,77,-15,15
20005,93,90,3,3
20006,96,88,8,8
20007,72,70,2,2
20008,134,140,-6,6
20009,98,101,-3,3
20010,159,141,18,18
20011,115,112,3,3
20012,54,56,-2,2
20013,60,62,-2,2
20014,80,75,5,5
20015,103,105,-2,2
20016,89,83,6,6
20017,118,122,-4,4
20018,109,103,6,6
20019,65,72,-7,7
20020,62,71,-9,9
20021,100,98,2,2
20022,127,134,-7,7
20023,54,59,-5,5
20024,113,105,8,8
20025,122,118,4,4
20026,140,126,14,14
20027,71,66,5,5
20028,86,91,-5,5
20029,94,99,-5,5
20030,124,118,6,6
20031,59,61,-2,2
20032,115,107,8,8
20033,61,61,0,0
20034,65,62,3,3
20035,79,78,1,1
20036,122,110,12,12
20037,97,105,-8,8
20038,64,67,-3,3
20039,107,103,4,4
20040,109,108,1,1
20041,70,69,1,1
20042,63,61,2,2
20043,104,102,2,2
20044,88,78,10,10
20045,91,91,0,0
20046,136,141,-5,5
20047,67,68,-1,1
20048,65,63,2,2
20049,97,97,0,0
20050,114,118,-4,4
20051,122,132,-10,10
20052,76,69,7,7
20053,96,102,-6,6
20054,90,87,3,3
20055,68,63,5,5
20056,78,83,-5,5
20057,158,146,12,12
20058,77,82,-5,5
20059,65,62,3,3
20060,126,118,8,8
20061,102,96,6,6
20062,96,88,8,8
20063,120,126,-6,6
20064,44,52,-8,8
20065,68,73,-5,5
20066,170,172,-2,2
20067,40,42,-2,2
20068,43,54,-11,11
20069,95,87,8,8
20070,114,103,11,11
20071,60,62,-2,2
20072,35,46,-11,11
20073,70,68,2,2
20074,126,121,5,5
20075,68,67,1,1
20076,137,143,-6,6
20077,154,127,27,27
20078,139,139,0,0
20079,103,107,-4,4
20080,82,73,9,9
20081,94,104,-10,10
20082,136,128,8,8
20083,81,74,7,7
20084,51,43,8,8
20085,126,126,0,0
20086,89,122,-33,33
20087,88,92,-4,4
20088,77,64,13,13
20089,83,87,-4,4
20090,77,67,10,10
20091,84,82,2,2
20092,82,72,10,10
20093,65,66,-1,1
20094,113,101,12,12
20095,78,85,-7,7
20096,54,53,1,1
20097,94,103,-9,9
20098,59,66,-7,7
20099,117,125,-8,8
20100,78,63,15,15
20101,48,41,7,7
20102,54,64,-10,10
20103,99,106,-7,7
20104,71,72,-1,1
20105,136,129,7,7
20106,45,47,-2,2
20107,84,90,-6,6
20108,82,84,-2,2
20109,45,53,-8,8
20110,125,106,19,19
20111,50,50,0,0
20112,71,74,-3,3
20113,89,84,5,5
20114,61,67,-6,6
20115,105,96,9,9
20116,143,144,-1,1
20117,185,168,17,17
20118,48,49,-1,1
20119,98,101,-3,3
20120,38,49,-11,11
20121,92,87,5,5
20122,139,137,2,2
20123,99,90,9,9
20124,106,108,-2,2
20125,60,78,-18,18
20126,96,78,18,18
20127,138,149,-11,11
20128,83,87,-4,4
20129,152,127,25,25
20130,115,118,-3,3
20131,84,92,-8,8
20132,133,128,5,5
20133,128,126,2,2
20134,78,80,-2,2
20135,93,92,1,1
20136,105,105,0,0
20137,90,94,-4,4
20138,205,173,32,32
20139,80,80,0,0
20140,80,77,3,3
20141,118,100,18,18
20142,60,70,-10,10
20143,101,101,0,0
20144,95,92,3,3
20145,130,144,-14,14
20146,113,109,4,4
20147,79,87,-8,8
20148,88,82,6,6
20149,109,105,4,4
20150,98,88,10,10
20151,70,68,2,2
20152,92,90,2,2
20153,157,166,-9,9
20154,44,51,-7,7
20155,95,85,10,10
20156,87,80,7,7
20157,109,95,14,14
20158,111,109,2,2
20159,86,80,6,6
20160,149,154,-5,5
20161,111,106,5,5
20162,45,45,0,0
20163,150,148,2,2
20164,89,82,7,7
20165,67,78,-11,11
20166,87,89,-2,2
20167,150,138,12,12
20168,124,104,20,20
20169,96,92,4,4
20170,125,127,-2,2
20171,116,131,-15,15
20172,80,79,1,1
20173,156,134,22,22
20174,159,162,-3,3
20175,108,107,1,1
20176,90,90,0,0
20177,117,108,9,9
20178,139,128,11,11
20179,87,86,1,1
20180,79,69,10,10
20181,103,100,3,3
20182,157,143,14,14
20183,159,173,-14,14
20184,46,79,-33,33
20185,84,82,2,2
20186,62,72,-10,10
20187,99,105,-6,6
20188,62,62,0,0
20189,87,103,-16,16
20190,186,187,-1,1
20191,104,97,7,7
20192,83,80,3,3
20193,82,79,3,3
20194,82,84,-2,2
20195,116,116,0,0
20196,48,44,4,4
20197,72,78,-6,6
20198,81,79,2,2
20199,89,97,-8,8
20200,66,67,-1,1
20201,99,98,1,1
20202,97,93,4,4
20203,83,81,2,2
20204,57,53,4,4
20205,95,95,0,0
20206,81,80,1,1
20207,77,83,-6,6
20208,65,62,3,3
20209,109,104,5,5
20210,58,55,3,3
20211,38,47,-9,9
20212,109,106,3,3
20213,128,124,4,4
20214,68,62,6,6
20215,134,134,0,0
20216,80,85,-5,5
20217,197,184,13,13
20218,105,108,-3,3
20219,78,77,1,1
20220,99,117,-18,18
20221,88,84,4,4
20222,105,102,3,3
20223,63,73,-10,10
20224,76,102,-26,26
20225,80,83,-3,3
20226,68,72,-4,4
20227,97,101,-4,4
20228,107,100,7,7
20229,96,78,18,18
20230,120,124,-4,4
20231,110,103,7,7
20232,67,72,-5,5
20233,154,139,15,15
20234,133,119,14,14
20235,98,92,6,6
20236,93,89,4,4
20237,93,94,-1,1
20238,95,99,-4,4
20239,96,92,4,4
20240,66,71,-5,5
20241,54,54,0,0
20242,89,87,2,2
20243,165,156,9,9
20244,189,184,5,5
20245,62,68,-6,6
20246,49,53,-4,4
20247,59,56,3,3
20248,82,80,2,2
20249,75,80,-5,5
20250,121,114,7,7
20251,116,101,15,15
20252,185,185,0,0
20253,139,139,0,0
20254,73,80,-7,7
20255,147,147,0,0
20256,109,118,-9,9
20257,119,116,3,3
20258,83,77,6,6
20259,122,126,-4,4
20260,84,92,-8,8
20261,130,125,5,5
20262,137,146,-9,9
20263,96,101,-5,5
20264,81,78,3,3
20265,123,117,6,6
20266,83,74,9,9
20267,104,98,6,6
20268,121,108,13,13
20269,130,121,9,9
20270,104,102,2,2
20271,107,96,11,11
20272,121,111,10,10
20273,76,77,-1,1
20274,59,65,-6,6
20275,127,130,-3,3
20276,179,189,-10,10
20277,70,76,-6,6
20278,83,84,-1,1
20279,83,89,-6,6
20280,52,65,-13,13
20281,58,66,-8,8
20282,116,121,-5,5
20283,57,64,-7,7
20284,107,104,3,3
20285,164,164,0,0
20286,110,106,4,4
20287,101,98,3,3
20288,159,153,6,6
20289,103,115,-12,12
20290,133,139,-6,6
20291,59,78,-19,19
20292,93,107,-14,14
20293,129,119,10,10
20294,49,65,-16,16
20295,98,96,2,2
20296,100,95,5,5
20297,131,133,-2,2
20298,140,144,-4,4
20299,87,83,4,4
20300,138,132,6,6
20301,145,146,-1,1
20302,124,120,4,4
20303,111,111,0,0
20304,128,121,7,7
20305,83,72,11,11
20306,90,98,-8,8
20307,96,93,3,3
20308,160,157,3,3
20309,75,77,-2,2
20310,83,91,-8,8
20311,115,109,6,6
20312,78,85,-7,7
20313,91,91,0,0
20314,60,58,2,2
20315,92,89,3,3
20316,107,93,14,14
20317,94,102,-8,8
20318,75,106,-31,31
20319,60,60,0,0
20320,58,65,-7,7
20321,103,101,2,2
20322,68,66,2,2
20323,141,130,11,11
20324,89,96,-7,7
20325,172,158,14,14
20326,147,149,-2,2
20327,94,87,7,7
20328,128,126,2,2
20329,76,76,0,0
20330,97,89,8,8
20331,110,107,3,3
20332,89,88,1,1
20333,72,64,8,8
20334,104,112,-8,8
20335,82,100,-18,18
20336,87,84,3,3
20337,96,81,15,15
20338,94,109,-15,15
20339,158,143,15,15
20340,102,103,-1,1
20341,62,63,-1,1
20342,53,62,-9,9
20343,98,93,5,5
20344,96,91,5,5
20345,79,86,-7,7
20346,131,117,14,14
20347,44,50,-6,6
20348,102,90,12,12
20349,69,69,0,0
20350,106,111,-5,5
20351,128,134,-6,6
20352,49,62,-13,13
20353,123,112,11,11
20354,191,167,24,24
20355,116,103,13,13
20356,127,120,7,7
20357,42,45,-3,3
20358,124,100,24,24
20359,92,102,-10,10
20360,143,129,14,14
20361,68,67,1,1
20362,111,109,2,2
20363,120,134,-14,14
20364,93,87,6,6
20365,46,55,-9,9
20366,116,119,-3,3
20367,84,84,0,0
20368,39,47,-8,8
20369,70,65,5,5
20370,59,70,-11,11
20371,107,127,-20,20
20372,59,59,0,0
20373,115,109,6,6
20374,92,98,-6,6
20375,105,115,-10,10
20376,110,102,8,8
20377,60,54,6,6
20378,119,106,13,13
20379,106,110,-4,4
20380,90,91,-1,1
20381,63,66,-3,3
20382,103,98,5,5
20383,105,112,-7,7
20384,98,102,-4,4
20385,48,47,1,1
20386,110,136,-26,26
20387,119,104,15,15
20388,86,92,-6,6
20389,82,99,-17,17
20390,65,63,2,2
20391,89,89,0,0
20392,118,121,-3,3
20393,146,136,10,10
20394,65,72,-7,7
20395,125,127,-2,2
20396,87,88,-1,1
20397,89,97,-8,8
20398,75,75,0,0
20399,87,85,2,2
20400,130,133,-3,3
20401,51,51,0,0
20402,129,136,-7,7
20403,81,81,0,0
20404,80,76,4,4
20405,66,71,-5,5
20406,47,49,-2,2
20407,103,106,-3,3
20408,77,88,-11,11
20409,60,69,-9,9
20410,133,134,-1,1
20411,66,65,1,1
20412,161,152,9,9
20413,101,109,-8,8
20414,80,85,-5,5
20415,124,129,-5,5
20416,140,136,4,4
20417,120,111,9,9
20418,141,132,9,9
20419,90,91,-1,1
20420,54,62,-8,8
20421,63,61,2,2
20422,115,118,-3,3
20423,59,70,-11,11
20424,68,70,-2,2
20425,51,59,-8,8
20426,56,61,-5,5
20427,69,80,-11,11
20428,71,73,-2,2
20429,103,108,-5,5
20430,94,99,-5,5
20431,157,171,-14,14
20432,122,116,6,6
20433,111,110,1,1
20434,120,132,-12,12
20435,103,94,9,9
20436,62,72,-10,10
20437,130,133,-3,3
20438,81,79,2,2
20439,166,145,21,21
20440,79,83,-4,4
20441,90,92,-2,2
20442,91,95,-4,4
20443,44,48,-4,4
20444,87,92,-5,5
20445,117,116,1,1
20446,101,108,-7,7
20447,106,113,-7,7
20448,102,95,7,7
20449,74,66,8,8
20450,175,163,12,12
20451,71,83,-12,12
20452,122,120,2,2
20453,165,159,6,6
20454,134,128,6,6
20455,192,184,8,8
20456,80,69,11,11
20457,65,65,0,0
20458,105,111,-6,6
20459,121,113,8,8
20460,84,86,-2,2
20461,106,109,-3,3
20462,91,85,6,6
20463,174,178,-4,4
20464,64,61,3,3
20465,58,64,-6,6
20466,76,67,9,9
20467,70,75,-5,5
20468,143,141,2,2
20469,92,87,5,5
20470,94,98,-4,4
20471,95,89,6,6
20472,119,113,6,6
20473,101,93,8,8
20474,110,109,1,1
20475,144,157,-13,13
20476,129,145,-16,16
20477,79,80,-1,1
20478,99,103,-4,4
20479,85,80,5,5
20480,142,133,9,9
20481,77,85,-8,8
20482,62,62,0,0
20483,122,127,-5,5
20484,106,114,-8,8
20485,52,50,2,2
20486,79,88,-9,9
20487,95,82,13,13
20488,77,83,-6,6
20489,89,91,-2,2
20490,70,75,-5,5
20491,97,94,3,3
20492,100,110,-10,10
20493,79,71,8,8
20494,138,137,1,1
20495,123,111,12,12
20496,152,128,24,24
20497,135,135,0,0
20498,83,84,-1,1
20499,118,104,14,14
20500,91,87,4,4
20501,83,83,0,0
20502,77,80,-3,3
20503,69,68,1,1
20504,68,70,-2,2
20505,139,136,3,3
20506,171,166,5,5
20507,80,77,3,3
20508,83,80,3,3
20509,108,105,3,3
20510,92,92,0,0
20511,59,61,-2,2
20512,74,69,5,5
20513,62,61,1,1
20514,138,133,5,5
20515,55,52,3,3
20516,85,80,5,5
20517,77,79,-2,2
20518,39,43,-4,4
20519,65,67,-2,2
20520,109,115,-6,6
20521,91,90,1,1
20522,74,74,0,0
20523,74,82,-8,8
20524,154,150,4,4
20525,153,147,6,6
20526,40,37,3,3
20527,110,110,0,0
20528,63,61,2,2
20529,114,110,4,4
20530,114,123,-9,9
20531,62,75,-13,13
20532,81,70,11,11
20533,49,49,0,0
20534,63,59,4,4
20535,93,90,3,3
20536,76,70,6,6
20537,146,143,3,3
20538,87,77,10,10
20539,162,153,9,9
20540,91,96,-5,5
20541,107,128,-21,21
20542,82,87,-5,5
20543,97,93,4,4
20544,42,43,-1,1
20545,81,80,1,1
20546,115,116,-1,1
20547,120,114,6,6
20548,62,66,-4,4
20549,131,139,-8,8
20550,82,84,-2,2
20551,59,59,0,0
20552,127,134,-7,7
20553,100,87,13,13
20554,92,88,4,4
20555,55,64,-9,9
20556,111,109,2,2
20557,92,90,2,2
20558,111,117,-6,6
20559,189,164,25,25
20560,93,81,12,12
20561,61,59,2,2
20562,50,46,4,4
20563,62,64,-2,2
20564,46,51,-5,5
20565,145,148,-3,3
20566,82,86,-4,4
20567,83,83,0,0
20568,78,75,3,3
20569,69,62,7,7
20570,117,109,8,8
20571,142,136,6,6
20572,111,113,-2,2
20573,72,70,2,2
20574,95,92,3,3
20575,141,127,14,14
20576,179,174,5,5
20577,85,90,-5,5
20578,286,259,27,27
20579,87,76,11,11
20580,93,93,0,0
20581,87,84,3,3
20582,49,61,-12,12
20583,87,89,-2,2
20584,143,118,25,25
20585,98,113,-15,15
20586,70,73,-3,3
20587,112,113,-1,1
20588,53,53,0,0
20589,55,60,-5,5
20590,88,82,6,6
20591,113,114,-1,1
20592,86,86,0,0
20593,59,62,-3,3
20594,62,61,1,1
20595,71,80,-9,9
20596,102,121,-19,19
20597,69,73,-4,4
20598,117,116,1,1
20599,79,83,-4,4
20600,131,135,-4,4
20601,45,48,-3,3
20602,81,82,-1,1
20603,62,71,-9,9
20604,82,89,-7,7
20605,86,85,1,1
20606,52,50,2,2
20607,79,82,-3,3
20608,108,99,9,9
20609,62,62,0,0
20610,94,96,-2,2
20611,74,83,-9,9
20612,136,124,12,12
20613,151,137,14,14
20614,145,154,-9,9
20615,99,95,4,4
20616,169,181,-12,12
20617,69,76,-7,7
20618,54,53,1,1
20619,93,84,9,9
20620,106,107,-1,1
20621,77,77,0,0
20622,100,108,-8,8
20623,96,106,-10,10
20624,56,59,-3,3
20625,99,93,6,6
20626,115,118,-3,3
20627,90,85,5,5
20628,56,66,-10,10
20629,83,73,10,10
20630,117,110,7,7
20631,75,79,-4,4
20632,88,85,3,3
20633,80,79,1,1
20634,150,129,21,21
20635,126,114,12,12
20636,92,89,3,3
20637,117,114,3,3
20638,75,78,-3,3
20639,92,82,10,10
20640,72,75,-3,3
20641,45,53,-8,8
20642,55,70,-15,15
20643,123,131,-8,8
20644,127,121,6,6
20645,128,135,-7,7
20646,161,159,2,2
20647,130,124,6,6
20648,87,81,6,6
20649,223,182,41,41
20650,79,85,-6,6
20651,155,144,11,11
20652,77,77,0,0
20653,82,72,10,10
20654,101,105,-4,4
20655,89,95,-6,6
20656,106,106,0,0
20657,68,58,10,10
20658,98,98,0,0
20659,102,106,-4,4
20660,88,82,6,6
20661,102,97,5,5
20662,173,158,15,15
20663,52,64,-12,12
20664,114,112,2,2
20665,85,73,12,12
20666,86,86,0,0
20667,77,73,4,4
20668,81,81,0,0
20669,89,86,3,3
20670,149,143,6,6
20671,68,78,-10,10
20672,77,72,5,5
20673,83,85,-2,2
20674,71,70,1,1
20675,71,72,-1,1
20676,91,95,-4,4
20677,56,68,-12,12
20678,80,83,-3,3
20679,129,121,8,8
20680,95,95,0,0
20681,114,104,10,10
20682,149,136,13,13
20683,74,76,-2,2
20684,84,75,9,9
20685,72,65,7,7
20686,119,114,5,5
20687,82,80,2,2
20688,94,117,-23,23
20689,89,99,-10,10
20690,45,48,-3,3
20691,77,66,11,11
20692,169,171,-2,2
20693,100,87,13,13
20694,114,109,5,5
20695,95,92,3,3
20696,97,114,-17,17
20697,224,212,12,12
20698,96,100,-4,4
20699,66,72,-6,6
20700,97,96,1,1
20701,113,112,1,1
20702,107,115,-8,8
20703,59,74,-15,15
20704,148,157,-9,9
20705,66,62,4,4
20706,151,158,-7,7
20707,87,79,8,8
20708,119,109,10,10
20709,63,55,8,8
20710,122,111,11,11
20711,75,74,1,1
20712,142,138,4,4
20713,33,39,-6,6
20714,86,86,0,0
20715,33,43,-10,10
20716,144,121,23,23
20717,124,120,4,4
20718,77,79,-2,2
20719,144,142,2,2
20720,88,93,-5,5
20721,87,94,-7,7
20722,45,47,-2,2
20723,104,89,15,15
20724,70,73,-3,3
20725,87,83,4,4
20726,139,137,2,2
20727,136,138,-2,2
20728,85,77,8,8
20729,106,111,-5,5
20730,134,128,6,6
20731,98,95,3,3
20732,77,82,-5,5
20733,131,134,-3,3
20734,125,145,-20,20
20735,76,78,-2,2
20736,110,103,7,7
20737,123,114,9,9
20738,56,49,7,7
20739,62,63,-1,1
20740,59,60,-1,1
20741,96,101,-5,5
20742,107,96,11,11
20743,126,133,-7,7
20744,114,119,-5,5
20745,85,92,-7,7
20746,63,57,6,6
20747,59,75,-16,16
20748,80,72,8,8
20749,93,85,8,8
20750,82,91,-9,9
20751,73,64,9,9
20752,133,124,9,9
20753,145,130,15,15
20754,78,80,-2,2
20755,89,88,1,1
20756,81,85,-4,4
20757,100,100,0,0
20758,129,141,-12,12
20759,80,82,-2,2
20760,122,115,7,7
20761,26,43,-17,17
20762,151,146,5,5
20763,118,125,-7,7
20764,146,136,10,10
20765,75,74,1,1
20766,80,103,-23,23
20767,52,66,-14,14
20768,128,114,14,14
20769,76,90,-14,14
20770,73,73,0,0
20771,55,60,-5,5
20772,94,98,-4,4
20773,115,108,7,7
20774,70,72,-2,2
20775,125,112,13,13
20776,50,52,-2,2
20777,90,91,-1,1
20778,110,110,0,0
20779,120,125,-5,5
20780,62,64,-2,2
20781,78,92,-14,14
20782,132,132,0,0
20783,46,50,-4,4
20784,140,151,-11,11
20785,97,93,4,4
20786,53,51,2,2
20787,93,96,-3,3
20788,145,135,10,10
20789,84,86,-2,2
20790,121,125,-4,4
20791,124,126,-2,2
20792,65,62,3,3
20793,129,139,-10,10
20794,111,108,3,3
20795,81,69,12,12
20796,87,74,13,13
20797,64,72,-8,8
20798,92,86,6,6
20799,74,75,-1,1
20800,78,74,4,4
20801,72,81,-9,9
20802,101,102,-1,1
20803,35,45,-10,10
20804,171,162,9,9
20805,54,48,6,6
20806,155,171,-16,16
20807,151,152,-1,1
20808,45,47,-2,2
20809,87,87,0,0
20810,115,110,5,5
20811,75,68,7,7
20812,89,92,-3,3
20813,134,126,8,8
20814,65,68,-3,3
20815,51,52,-1,1
20816,33,42,-9,9
20817,85,98,-13,13
20818,114,117,-3,3
20819,120,121,-1,1
20820,83,85,-2,2
20821,106,113,-7,7
20822,41,47,-6,6
20823,101,120,-19,19
20824,134,129,5,5
20825,132,132,0,0
20826,53,44,9,9
20827,89,83,6,6
20828,120,125,-5,5
20829,106,115,-9,9
20830,165,142,23,23
20831,59,71,-12,12
20832,77,80,-3,3
20833,105,99,6,6
20834,113,113,0,0
20835,85,86,-1,1
20836,57,59,-2,2
20837,101,111,-10,10
20838,109,109,0,0
20839,129,135,-6,6
20840,75,89,-14,14
20841,143,142,1,1
20842,48,49,-1,1
20843,115,126,-11,11
20844,57,110,-53,53
20845,76,76,0,0
20846,79,78,1,1
20847,107,103,4,4
20848,61,66,-5,5
20849,134,137,-3,3
20850,93,92,1,1
20851,141,141,0,0
20852,81,73,8,8
20853,65,77,-12,12
20854,148,140,8,8
20855,70,76,-6,6
20856,78,88,-10,10
20857,46,46,0,0
20858,108,112,-4,4
20859,94,95,-1,1
20860,165,167,-2,2
20861,83,93,-10,10
20862,131,130,1,1
20863,91,83,8,8
20864,86,118,-32,32
20865,99,100,-1,1
20866,111,93,18,18
20867,93,91,2,2
20868,82,82,0,0
20869,60,74,-14,14
20870,89,88,1,1
20871,153,152,1,1
20872,102,103,-1,1
20873,92,99,-7,7
20874,102,100,2,2
20875,118,127,-9,9
20876,75,69,6,6
20877,176,167,9,9
20878,129,124,5,5
20879,69,84,-15,15
20880,83,76,7,7
20881,124,122,2,2
20882,68,67,1,1
20883,102,98,4,4
20884,63,61,2,2
20885,96,110,-14,14
20886,120,128,-8,8
20887,75,79,-4,4
20888,111,113,-2,2
20889,181,165,16,16
20890,82,85,-3,3
20891,132,126,6,6
20892,48,68,-20,20
20893,75,78,-3,3
20894,64,67,-3,3
20895,41,46,-5,5
20896,64,79,-15,15
20897,97,102,-5,5
20898,77,83,-6,6
20899,91,84,7,7
20900,51,50,1,1
20901,68,72,-4,4
20902,121,127,-6,6
20903,86,84,2,2
20904,59,63,-4,4
20905,107,109,-2,2
20906,84,94,-10,10
20907,55,55,0,0
20908,76,92,-16,16
20909,93,85,8,8
20910,40,43,-3,3
20911,118,104,14,14
20912,156,156,0,0
20913,126,124,2,2
20914,74,74,0,0
20915,96,98,-2,2
20916,121,124,-3,3
20917,76,67,9,9
20918,122,134,-12,12
20919,89,83,6,6
20920,59,59,0,0
20921,84,73,11,11
20922,83,78,5,5
20923,73,68,5,5
20924,63,59,4,4
20925,64,70,-6,6
20926,125,115,10,10
20927,101,88,13,13
20928,122,134,-12,12
20929,63,63,0,0
20930,107,108,-1,1
20931,68,68,0,0
20932,74,74,0,0
20933,102,106,-4,4
20934,119,124,-5,5
20935,106,100,6,6
20936,66,64,2,2
20937,87,89,-2,2
20938,85,86,-1,1
20939,66,59,7,7
20940,145,143,2,2
20941,180,158,22,22
20942,75,77,-2,2
20943,63,76,-13,13
20944,144,145,-1,1
20945,66,70,-4,4
20946,49,43,6,6
20947,98,100,-2,2
20948,77,66,11,11
20949,105,104,1,1
20950,81,100,-19,19
20951,92,83,9,9
20952,104,109,-5,5
20953,151,151,0,0
20954,51,53,-2,2
20955,124,131,-7,7
20956,84,83,1,1
20957,58,60,-2,2
20958,108,101,7,7
20959,41,45,-4,4
20960,151,143,8,8
20961,113,102,11,11
20962,138,134,4,4
20963,70,79,-9,9
20964,106,111,-5,5
20965,95,100,-5,5
20966,121,124,-3,3
20967,66,64,2,2
20968,98,94,4,4
20969,70,72,-2,2
20970,142,138,4,4
20971,139,144,-5,5
20972,62,65,-3,3
20973,138,149,-11,11
20974,70,70,0,0
20975,138,118,20,20
20976,105,99,6,6
20977,61,62,-1,1
20978,113,121,-8,8
20979,173,154,19,19
20980,94,92,2,2
20981,90,83,7,7
20982,112,109,3,3
20983,43,43,0,0
20984,140,145,-5,5
20985,197,202,-5,5
20986,116,106,10,10
20987,229,208,21,21
20988,119,114,5,5
20989,80,69,11,11
20990,115,118,-3,3
20991,61,67,-6,6
20992,41,49,-8,8
20993,101,96,5,5
20994,185,189,-4,4
20995,46,46,0,0
20996,221,205,16,16
20997,113,106,7,7
20998,60,62,-2,2
20999,116,97,19,19
21000,125,124,1,1
21001,99,98,1,1
21002,97,114,-17,17
21003,171,156,15,15
21004,79,83,-4,4
21005,73,75,-2,2
21006,80,87,-7,7
21007,148,137,11,11
21008,111,125,-14,14
21009,110,113,-3,3
21010,84,91,-7,7
21011,60,67,-7,7
21012,94,90,4,4
21013,57,62,-5,5
21014,118,119,-1,1
21015,115,116,-1,1
21016,118,128,-10,10
21017,133,124,9,9
21018,67,70,-3,3
21019,148,147,1,1
21020,34,88,-54,54
21021,59,61,-2,2
21022,71,71,0,0
21023,59,52,7,7
21024,58,72,-14,14
21025,61,59,2,2
21026,105,106,-1,1
21027,144,141,3,3
21028,135,130,5,5
21029,120,121,-1,1
21030,180,175,5,5
21031,177,156,21,21
21032,115,136,-21,21
21033,138,131,7,7
21034,113,96,17,17
21035,97,96,1,1
21036,88,79,9,9
21037,108,121,-13,13
21038,106,101,5,5
21039,81,78,3,3
21040,105,103,2,2
21041,30,35,-5,5
21042,97,99,-2,2
21043,39,37,2,2
21044,57,62,-5,5
21045,92,114,-22,22
21046,85,80,5,5
21047,94,87,7,7
21048,165,154,11,11
21049,119,121,-2,2
21050,120,113,7,7
21051,139,130,9,9
21052,42,43,-1,1
21053,78,79,-1,1
21054,78,83,-5,5
21055,73,66,7,7
21056,84,87,-3,3
21057,159,152,7,7
21058,84,86,-2,2
21059,133,132,1,1
21060,87,93,-6,6
21061,147,136,11,11
21062,83,81,2,2
21063,51,70,-19,19
21064,107,105,2,2
21065,62,61,1,1
21066,94,86,8,8
21067,62,62,0,0
21068,79,78,1,1
21069,177,156,21,21
21070,104,87,17,17
21071,85,93,-8,8
21072,100,97,3,3
21073,69,68,1,1
21074,119,125,-6,6
21075,90,76,14,14
21076,82,75,7,7
21077,54,49,5,5
21078,115,99,16,16
21079,74,69,5,5
21080,113,107,6,6
21081,56,59,-3,3
21082,68,78,-10,10
21083,195,187,8,8
21084,150,135,15,15
21085,62,70,-8,8
21086,71,73,-2,2
21087,81,78,3,3
21088,131,132,-1,1
21089,90,80,10,10
21090,86,95,-9,9
21091,168,176,-8,8
21092,101,98,3,3
21093,109,106,3,3
21094,71,111,-40,40
21095,67,69,-2,2
21096,115,107,8,8
21097,95,91,4,4
21098,84,80,4,4
21099,74,86,-12,12
21100,69,66,3,3
21101,63,72,-9,9
21102,127,122,5,5
21103,82,88,-6,6
21104,78,79,-1,1
21105,78,81,-3,3
21106,147,141,6,6
21107,96,95,1,1
21108,72,84,-12,12
21109,65,65,0,0
21110,107,105,2,2
21111,119,108,11,11
21112,101,96,5,5
21113,162,149,13,13
21114,119,116,3,3
21115,93,96,-3,3
21116,102,103,-1,1
21117,145,142,3,3
21118,94,92,2,2
21119,83,83,0,0
21120,166,156,10,10
21121,63,65,-2,2
21122,90,85,5,5
21123,53,54,-1,1
21124,103,107,-4,4
21125,117,109,8,8
21126,99,100,-1,1
21127,44,36,8,8
21128,149,144,5,5
21129,104,98,6,6
21130,225,221,4,4
21131,101,97,4,4
21132,101,96,5,5
21133,76,67,9,9
21134,80,77,3,3
21135,70,64,6,6
21136,130,107,23,23
21137,148,138,10,10
21138,70,82,-12,12
21139,137,147,-10,10
21140,59,53,6,6
21141,71,78,-7,7
21142,134,131,3,3
21143,116,104,12,12
21144,104,104,0,0
21145,63,72,-9,9
21146,61,60,1,1
21147,89,110,-21,21
21148,61,60,1,1
21149,97,100,-3,3
21150,102,100,2,2
21151,63,65,-2,2
21152,165,161,4,4
21153,88,98,-10,10
21154,112,98,14,14
21155,90,89,1,1
21156,179,177,2,2
21157,89,96,-7,7
21158,19,30,-11,11
21159,123,118,5,5
21160,111,138,-27,27
21161,89,88,1,1
21162,86,98,-12,12
21163,92,96,-4,4
21164,93,89,4,4
21165,91,90,1,1
21166,70,72,-2,2
21167,105,105,0,0
21168,85,83,2,2
21169,78,72,6,6
21170,112,113,-1,1
21171,96,99,-3,3
21172,54,59,-5,5
21173,121,110,11,11
21174,131,130,1,1
21175,66,68,-2,2
21176,61,68,-7,7
21177,80,79,1,1
21178,89,85,4,4
21179,74,66,8,8
21180,65,77,-12,12
21181,101,106,-5,5
21182,97,88,9,9
21183,108,110,-2,2
21184,96,102,-6,6
21185,132,131,1,1
21186,62,61,1,1
21187,82,75,7,7
21188,154,140,14,14
21189,82,79,3,3
21190,50,52,-2,2
21191,68,64,4,4
21192,124,130,-6,6
21193,74,69,5,5
21194,149,153,-4,4
21195,59,60,-1,1
21196,56,54,2,2
21197,58,60,-2,2
21198,151,160,-9,9
21199,113,108,5,5
21200,74,101,-27,27
21201,71,68,3,3
21202,86,84,2,2
21203,65,61,4,4
21204,69,73,-4,4
21205,161,159,2,2
21206,89,89,0,0
21207,36,39,-3,3
21208,55,52,3,3
21209,97,93,4,4
21210,89,79,10,10
21211,64,65,-1,1
21212,98,102,-4,4
21213,89,84,5,5
21214,44,42,2,2
21215,162,158,4,4
21216,126,136,-10,10
21217,82,86,-4,4
21218,77,88,-11,11
21219,81,85,-4,4
21220,137,134,3,3
21221,69,67,2,2
21222,86,86,0,0
21223,67,70,-3,3
21224,101,97,4,4
21225,74,79,-5,5
21226,71,74,-3,3
21227,66,64,2,2
21228,104,106,-2,2
21229,111,127,-16,16
21230,86,89,-3,3
21231,96,98,-2,2
21232,79,75,4,4
21233,183,192,-9,9
21234,89,87,2,2
21235,133,122,11,11
21236,80,79,1,1
21237,72,71,1,1
21238,109,98,11,11
21239,107,105,2,2
21240,84,77,7,7
21241,67,61,6,6
21242,102,96,6,6
21243,66,185,-119,119
21244,132,139,-7,7
21245,103,105,-2,2
21246,91,91,0,0
21247,111,113,-2,2
21248,110,104,6,6
21249,156,159,-3,3
21250,44,41,3,3
21251,48,47,1,1
21252,79,89,-10,10
21253,58,50,8,8
21254,134,123,11,11
21255,105,105,0,0
21256,79,76,3,3
21257,124,163,-39,39
21258,109,99,10,10
21259,79,77,2,2
21260,66,72,-6,6
21261,93,89,4,4
21262,93,96,-3,3
21263,85,96,-11,11
21264,92,89,3,3
21265,103,107,-4,4
21266,104,100,4,4
21267,108,110,-2,2
21268,82,76,6,6
21269,92,101,-9,9
21270,41,42,-1,1
21271,47,50,-3,3
21272,79,80,-1,1
21273,101,109,-8,8
21274,66,71,-5,5
21275,83,82,1,1
21276,89,74,15,15
21277,55,57,-2,2
21278,137,135,2,2
21279,92,85,7,7
21280,131,131,0,0
21281,99,94,5,5
21282,100,104,-4,4
21283,82,76,6,6
21284,57,61,-4,4
21285,74,76,-2,2
21286,79,80,-1,1
21287,83,82,1,1
21288,118,115,3,3
21289,133,161,-28,28
21290,129,131,-2,2
21291,70,88,-18,18
21292,145,142,3,3
21293,149,117,32,32
21294,113,114,-1,1
21295,56,64,-8,8
21296,44,42,2,2
21297,89,100,-11,11
21298,90,92,-2,2
21299,74,71,3,3
21300,117,108,9,9
21301,65,58,7,7
21302,48,49,-1,1
21303,92,88,4,4
21304,72,74,-2,2
21305,83,76,7,7
21306,63,65,-2,2
21307,135,125,10,10
21308,147,152,-5,5
21309,142,151,-9,9
21310,122,111,11,11
21311,77,71,6,6
21312,106,100,6,6
21313,65,73,-8,8
21314,70,65,5,5
21315,124,115,9,9
21316,100,98,2,2
21317,56,58,-2,2
21318,72,62,10,10
21319,83,82,1,1
21320,66,64,2,2
21321,45,49,-4,4
21322,162,162,0,0
21323,85,87,-2,2
21324,115,115,0,0
21325,122,121,1,1
21326,72,69,3,3
21327,68,70,-2,2
21328,65,68,-3,3
21329,84,78,6,6
21330,161,145,16,16
21331,149,140,9,9
21332,109,106,3,3
21333,57,63,-6,6
21334,85,82,3,3
21335,100,94,6,6
21336,171,141,30,30
21337,73,77,-4,4
21338,78,83,-5,5
21339,67,80,-13,13
21340,122,132,-10,10
21341,84,76,8,8
21342,171,158,13,13
21343,87,87,0,0
21344,140,126,14,14
21345,86,95,-9,9
21346,85,90,-5,5
21347,50,47,3,3
21348,78,78,0,0
21349,67,59,8,8
21350,81,76,5,5
21351,75,79,-4,4
21352,91,90,1,1
21353,119,123,-4,4
21354,138,137,1,1
21355,58,59,-1,1
21356,137,128,9,9
21357,88,97,-9,9
21358,122,118,4,4
21359,106,98,8,8
21360,101,106,-5,5
21361,88,88,0,0
21362,83,72,11,11
21363,80,78,2,2
21364,111,113,-2,2
21365,183,177,6,6
21366,73,71,2,2
21367,97,90,7,7
21368,55,61,-6,6
21369,116,126,-10,10
21370,78,79,-1,1
21371,99,101,-2,2
21372,141,133,8,8
21373,56,59,-3,3
21374,65,64,1,1
21375,72,68,4,4
21376,99,70,29,29
21377,96,86,10,10
21378,69,73,-4,4
21379,94,107,-13,13
21380,98,89,9,9
21381,55,60,-5,5
21382,107,105,2,2
21383,68,69,-1,1
21384,84,86,-2,2
21385,65,66,-1,1
21386,177,159,18,18
21387,62,61,1,1
21388,182,164,18,18
21389,72,50,22,22
21390,151,149,2,2
21391,80,73,7,7
21392,122,124,-2,2
21393,136,124,12,12
21394,141,136,5,5
21395,88,82,6,6
21396,88,81,7,7
21397,127,127,0,0
21398,92,96,-4,4
21399,74,68,6,6
21400,111,109,2,2
21401,204,204,0,0
21402,111,103,8,8
21403,59,52,7,7
21404,129,112,17,17
21405,107,104,3,3
21406,104,97,7,7
21407,76,77,-1,1
21408,113,119,-6,6
21409,110,112,-2,2
21410,69,62,7,7
21411,67,71,-4,4
21412,85,81,4,4
21413,94,94,0,0
21414,93,86,7,7
21415,90,92,-2,2
21416,61,51,10,10
21417,56,50,6,6
21418,114,105,9,9
21419,71,65,6,6
21420,86,89,-3,3
21421,114,120,-6,6
21422,50,49,1,1
21423,155,152,3,3
21424,108,117,-9,9
21425,104,86,18,18
21426,89,87,2,2
21427,75,71,4,4
21428,149,147,2,2
21429,94,87,7,7
21430,63,76,-13,13
21431,127,140,-13,13
21432,103,102,1,1
21433,90,83,7,7
21434,64,70,-6,6
21435,144,135,9,9
21436,119,112,7,7
21437,45,52,-7,7
21438,78,74,4,4
21439,45,59,-14,14
21440,113,116,-3,3
21441,89,93,-4,4
21442,122,124,-2,2
21443,93,92,1,1
21444,54,54,0,0
21445,89,80,9,9
21446,85,84,1,1
21447,101,96,5,5
21448,132,145,-13,13
21449,47,45,2,2
21450,83,78,5,5
21451,89,82,7,7
21452,77,70,7,7
21453,150,135,15,15
21454,130,114,16,16
21455,85,85,0,0
21456,114,112,2,2
21457,155,153,2,2
21458,63,60,3,3
21459,94,98,-4,4
21460,42,45,-3,3
21461,138,140,-2,2
21462,78,85,-7,7
21463,79,77,2,2
21464,95,91,4,4
21465,80,72,8,8
21466,80,93,-13,13
21467,39,46,-7,7
21468,143,134,9,9
21469,88,83,5,5
21470,47,50,-3,3
21471,70,72,-2,2
21472,174,165,9,9
21473,148,146,2,2
21474,185,170,15,15
21475,122,132,-10,10
21476,138,135,3,3
21477,99,95,4,4
21478,50,52,-2,2
21479,104,93,11,11
21480,69,69,0,0
21481,127,121,6,6
21482,59,68,-9,9
21483,89,88,1,1
21484,81,84,-3,3
21485,64,72,-8,8
21486,124,127,-3,3
21487,75,83,-8,8
21488,102,97,5,5
21489,156,146,10,10
21490,81,83,-2,2
21491,90,83,7,7
21492,58,72,-14,14
21493,153,138,15,15
21494,100,94,6,6
21495,133,121,12,12
21496,133,125,8,8
21497,68,72,-4,4
21498,104,103,1,1
21499,74,71,3,3
21500,138,127,11,11
21501,83,86,-3,3
21502,125,139,-14,14
21503,98,103,-5,5
21504,92,86,6,6
21505,39,45,-6,6
21506,93,94,-1,1
21507,47,55,-8,8
21508,72,76,-4,4
21509,138,133,5,5
21510,81,84,-3,3
21511,102,103,-1,1
21512,146,139,7,7
21513,80,73,7,7
21514,76,72,4,4
21515,130,145,-15,15
21516,138,131,7,7
21517,69,79,-10,10
21518,134,125,9,9
21519,73,76,-3,3
21520,55,60,-5,5
21521,68,74,-6,6
21522,78,90,-12,12
21523,85,80,5,5
21524,118,114,4,4
21525,80,78,2,2
21526,153,158,-5,5
21527,81,73,8,8
21528,85,85,0,0
21529,117,116,1,1
21530,126,129,-3,3
21531,34,38,-4,4
21532,72,65,7,7
21533,138,131,7,7
21534,82,86,-4,4
21535,113,116,-3,3
21536,63,67,-4,4
21537,80,70,10,10
21538,67,66,1,1
21539,117,130,-13,13
21540,120,111,9,9
21541,75,72,3,3
21542,117,114,3,3
21543,103,109,-6,6
21544,149,160,-11,11
21545,169,171,-2,2
21546,85,98,-13,13
21547,91,85,6,6
21548,121,124,-3,3
21549,95,112,-17,17
21550,123,128,-5,5
21551,36,45,-9,9
21552,71,70,1,1
21553,106,100,6,6
21554,101,91,10,10
21555,60,73,-13,13
21556,68,64,4,4
21557,76,73,3,3
21558,91,83,8,8
21559,84,80,4,4
21560,97,104,-7,7
21561,75,83,-8,8
21562,44,44,0,0
21563,78,64,14,14
21564,55,54,1,1
21565,106,115,-9,9
21566,125,124,1,1
21567,185,169,16,16
21568,148,169,-21,21
21569,156,145,11,11
21570,128,123,5,5
21571,96,90,6,6
21572,99,91,8,8
21573,63,68,-5,5
21574,78,86,-8,8
21575,162,135,27,27
21576,75,73,2,2
21577,103,99,4,4
21578,110,99,11,11
21579,116,114,2,2
21580,51,50,1,1
21581,126,124,2,2
21582,37,44,-7,7
21583,109,106,3,3
21584,115,120,-5,5
21585,70,68,2,2
21586,94,95,-1,1
21587,113,114,-1,1
21588,91,90,1,1
21589,71,72,-1,1
21590,55,60,-5,5
21591,63,72,-9,9
21592,59,61,-2,2
21593,81,82,-1,1
21594,135,140,-5,5
21595,95,88,7,7
21596,67,76,-9,9
21597,80,80,0,0
21598,73,83,-10,10
21599,98,95,3,3
21600,104,96,8,8
21601,63,61,2,2
21602,60,52,8,8
21603,117,114,3,3
21604,60,59,1,1
21605,127,126,1,1
21606,121,103,18,18
21607,118,115,3,3
21608,80,79,1,1
21609,77,78,-1,1
21610,104,95,9,9
21611,182,206,-24,24
21612,90,93,-3,3
21613,49,47,2,2
21614,86,83,3,3
21615,88,86,2,2
21616,114,102,12,12
21617,56,56,0,0
21618,66,59,7,7
21619,68,72,-4,4
21620,88,87,1,1
21621,45,66,-21,21
21622,231,218,13,13
21623,136,127,9,9
21624,69,66,3,3
21625,123,131,-8,8
21626,60,55,5,5
21627,72,69,3,3
21628,84,87,-3,3
21629,123,123,0,0
21630,58,68,-10,10
21631,58,59,-1,1
21632,71,72,-1,1
21633,97,89,8,8
21634,61,62,-1,1
21635,57,64,-7,7
21636,172,168,4,4
21637,62,67,-5,5
21638,112,114,-2,2
21639,126,123,3,3
21640,85,81,4,4
21641,105,115,-10,10
21642,100,100,0,0
21643,117,133,-16,16
21644,76,90,-14,14
21645,85,82,3,3
21646,187,165,22,22
21647,145,140,5,5
21648,64,78,-14,14
21649,107,102,5,5
21650,140,138,2,2
21651,46,50,-4,4
21652,63,61,2,2
21653,93,89,4,4
21654,111,109,2,2
21655,60,56,4,4
21656,120,115,5,5
21657,67,72,-5,5
21658,157,153,4,4
21659,133,135,-2,2
21660,112,122,-10,10
21661,119,134,-15,15
21662,86,85,1,1
21663,128,130,-2,2
21664,109,104,5,5
21665,133,129,4,4
21666,62,58,4,4
21667,167,157,10,10
21668,122,113,9,9
21669,42,42,0,0
21670,66,63,3,3
21671,110,107,3,3
21672,84,97,-13,13
21673,115,111,4,4
21674,174,168,6,6
21675,85,86,-1,1
21676,100,96,4,4
21677,56,63,-7,7
21678,72,67,5,5
21679,87,88,-1,1
21680,70,84,-14,14
21681,76,73,3,3
21682,89,87,2,2
21683,69,69,0,0
21684,175,164,11,11
21685,191,177,14,14
21686,66,62,4,4
21687,145,141,4,4
21688,127,114,13,13
21689,54,46,8,8
21690,70,65,5,5
21691,67,62,5,5
21692,77,75,2,2
21693,119,133,-14,14
21694,38,48,-10,10
21695,77,79,-2,2
21696,49,49,0,0
21697,63,76,-13,13
21698,40,41,-1,1
21699,69,83,-14,14
21700,35,43,-8,8
21701,93,89,4,4
21702,61,75,-14,14
21703,50,46,4,4
21704,113,119,-6,6
21705,123,113,10,10
21706,75,75,0,0
21707,94,88,6,6
21708,71,77,-6,6
21709,114,119,-5,5
21710,68,65,3,3
21711,129,142,-13,13
21712,61,54,7,7
21713,92,85,7,7
21714,76,69,7,7
21715,106,95,11,11
21716,123,117,6,6
21717,89,91,-2,2
21718,88,93,-5,5
21719,48,50,-2,2
21720,87,89,-2,2
21721,53,62,-9,9
21722,120,115,5,5
21723,105,111,-6,6
21724,117,113,4,4
21725,128,120,8,8
21726,173,159,14,14
21727,85,84,1,1
21728,97,90,7,7
21729,101,96,5,5
21730,67,68,-1,1
21731,71,71,0,0
21732,89,81,8,8
21733,85,95,-10,10
21734,83,82,1,1
21735,78,72,6,6
21736,76,77,-1,1
21737,115,113,2,2
21738,68,64,4,4
21739,75,76,-1,1
21740,106,91,15,15
21741,76,72,4,4
21742,123,116,7,7
21743,82,82,0,0
21744,82,88,-6,6
21745,162,157,5,5
21746,64,69,-5,5
21747,66,52,14,14
21748,48,45,3,3
21749,86,92,-6,6
21750,59,65,-6,6
21751,118,118,0,0
21752,75,72,3,3
21753,138,125,13,13
21754,50,49,1,1
21755,96,85,11,11
21756,68,70,-2,2
21757,83,85,-2,2
21758,93,111,-18,18
21759,78,84,-6,6
21760,45,43,2,2
21761,85,85,0,0
21762,123,110,13,13
21763,42,47,-5,5
21764,84,82,2,2
21765,123,122,1,1
21766,45,53,-8,8
21767,88,90,-2,2
21768,85,83,2,2
21769,79,65,14,14
21770,75,73,2,2
21771,125,125,0,0
21772,33,63,-30,30
21773,84,89,-5,5
21774,117,124,-7,7
21775,79,79,0,0
21776,190,185,5,5
21777,112,112,0,0
21778,86,88,-2,2
21779,115,110,5,5
21780,74,69,5,5
21781,85,86,-1,1
21782,28,36,-8,8
21783,45,49,-4,4
21784,115,110,5,5
21785,92,88,4,4
21786,78,77,1,1
21787,129,127,2,2
21788,119,107,12,12
21789,78,79,-1,1
21790,78,62,16,16
21791,211,195,16,16
21792,95,103,-8,8
21793,101,99,2,2
21794,163,156,7,7
21795,168,158,10,10
21796,109,105,4,4
21797,98,103,-5,5
21798,61,60,1,1
21799,131,134,-3,3
21800,74,74,0,0
21801,66,78,-12,12
21802,130,124,6,6
21803,71,66,5,5
21804,135,140,-5,5
21805,88,80,8,8
21806,150,169,-19,19
21807,152,136,16,16
21808,117,95,22,22
21809,133,135,-2,2
21810,77,76,1,1
21811,75,71,4,4
21812,63,64,-1,1
21813,73,67,6,6
21814,72,73,-1,1
21815,62,76,-14,14
21816,98,103,-5,5
21817,103,98,5,5
21818,167,185,-18,18
21819,73,77,-4,4
21820,68,63,5,5
21821,104,101,3,3
21822,96,99,-3,3
21823,165,165,0,0
21824,128,127,1,1
21825,147,141,6,6
21826,139,138,1,1
21827,156,142,14,14
21828,86,87,-1,1
21829,78,78,0,0
21830,78,70,8,8
21831,89,85,4,4
21832,115,106,9,9
21833,122,119,3,3
21834,47,60,-13,13
21835,60,74,-14,14
21836,87,100,-13,13
21837,77,79,-2,2
21838,115,106,9,9
21839,105,89,16,16
21840,120,117,3,3
21841,95,88,7,7
21842,103,96,7,7
21843,57,54,3,3
21844,132,124,8,8
21845,118,112,6,6
21846,134,118,16,16
21847,85,96,-11,11
21848,130,138,-8,8
21849,107,115,-8,8
21850,112,108,4,4
21851,63,64,-1,1
21852,176,170,6,6
21853,83,79,4,4
21854,88,98,-10,10
21855,141,123,18,18
21856,121,117,4,4
21857,119,109,10,10
21858,51,60,-9,9
21859,60,65,-5,5
21860,103,84,19,19
21861,122,118,4,4
21862,79,79,0,0
21863,103,98,5,5
21864,86,79,7,7
21865,58,64,-6,6
21866,103,103,0,0
21867,89,84,5,5
21868,94,87,7,7
21869,115,120,-5,5
21870,151,164,-13,13
21871,97,96,1,1
21872,88,83,5,5
21873,78,79,-1,1
21874,79,80,-1,1
21875,51,62,-11,11
21876,77,87,-10,10
21877,98,88,10,10
21878,160,139,21,21
21879,114,116,-2,2
21880,95,99,-4,4
21881,77,79,-2,2
21882,75,75,0,0
21883,142,136,6,6
21884,72,72,0,0
21885,150,137,13,13
21886,67,71,-4,4
21887,104,104,0,0
21888,95,97,-2,2
21889,116,109,7,7
21890,43,75,-32,32
21891,98,100,-2,2
21892,85,76,9,9
21893,93,93,0,0
21894,106,102,4,4
21895,99,99,0,0
21896,179,168,11,11
21897,61,78,-17,17
21898,77,81,-4,4
21899,64,63,1,1
21900,90,93,-3,3
21901,106,116,-10,10
21902,67,66,1,1
21903,102,99,3,3
21904,94,74,20,20
21905,92,89,3,3
21906,81,74,7,7
21907,84,79,5,5
21908,131,140,-9,9
21909,96,94,2,2
21910,89,85,4,4
21911,107,100,7,7
21912,73,79,-6,6
21913,81,77,4,4
21914,69,75,-6,6
21915,73,74,-1,1
21916,150,149,1,1
21917,115,101,14,14
21918,90,86,4,4
21919,63,70,-7,7
21920,138,129,9,9
21921,125,129,-4,4
21922,111,109,2,2
21923,124,110,14,14
21924,37,45,-8,8
21925,114,113,1,1
21926,67,67,0,0
21927,116,118,-2,2
21928,134,147,-13,13
21929,58,61,-3,3
21930,75,70,5,5
21931,119,115,4,4
21932,94,88,6,6
21933,72,70,2,2
21934,144,148,-4,4
21935,86,84,2,2
21936,112,111,1,1
21937,57,54,3,3
21938,121,131,-10,10
21939,118,117,1,1
21940,79,76,3,3
21941,53,50,3,3
21942,61,54,7,7
21943,90,96,-6,6
21944,114,114,0,0
21945,101,105,-4,4
21946,180,178,2,2
21947,136,154,-18,18
21948,100,101,-1,1
21949,107,108,-1,1
21950,95,98,-3,3
21951,75,76,-1,1
21952,86,89,-3,3
21953,71,80,-9,9
21954,126,129,-3,3
21955,125,122,3,3
21956,162,159,3,3
21957,71,73,-2,2
21958,60,54,6,6
21959,118,125,-7,7
21960,104,74,30,30
21961,117,115,2,2
21962,144,137,7,7
21963,78,79,-1,1
21964,95,94,1,1
21965,157,152,5,5
21966,70,68,2,2
21967,68,70,-2,2
21968,125,119,6,6
21969,111,94,17,17
21970,112,106,6,6
21971,118,105,13,13
21972,71,64,7,7
21973,126,113,13,13
21974,96,92,4,4
21975,59,70,-11,11
21976,82,91,-9,9
21977,101,104,-3,3
21978,80,83,-3,3
21979,61,60,1,1
21980,89,93,-4,4
21981,107,92,15,15
21982,55,60,-5,5
21983,99,95,4,4
21984,131,139,-8,8
21985,80,74,6,6
21986,110,93,17,17
21987,94,92,2,2
21988,32,35,-3,3
21989,105,102,3,3
21990,103,112,-9,9
21991,152,157,-5,5
21992,136,122,14,14
21993,78,72,6,6
21994,68,65,3,3
21995,68,79,-11,11
21996,36,38,-2,2
21997,111,116,-5,5
21998,64,56,8,8
21999,70,71,-1,1
22000,89,88,1,1
22001,103,103,0,0
22002,79,77,2,2
22003,175,174,1,1
22004,103,111,-8,8
22005,84,79,5,5
22006,79,75,4,4
22007,93,99,-6,6
22008,124,120,4,4
22009,106,105,1,1
22010,144,132,12,12
22011,100,98,2,2
22012,70,69,1,1
22013,122,127,-5,5
22014,101,103,-2,2
22015,125,124,1,1
22016,94,89,5,5
22017,134,146,-12,12
22018,69,74,-5,5
22019,119,108,11,11
22020,106,101,5,5
22021,122,125,-3,3
22022,54,50,4,4
22023,89,89,0,0
22024,76,89,-13,13
22025,86,85,1,1
22026,144,130,14,14
22027,93,80,13,13
22028,105,113,-8,8
22029,101,104,-3,3
22030,81,93,-12,12
22031,85,86,-1,1
22032,157,139,18,18
22033,112,118,-6,6
22034,76,78,-2,2
22035,85,94,-9,9
22036,141,122,19,19
22037,87,96,-9,9
22038,71,82,-11,11
22039,104,110,-6,6
22040,73,79,-6,6
22041,143,135,8,8
22042,92,98,-6,6
22043,80,83,-3,3
22044,98,99,-1,1
22045,80,72,8,8
22046,54,59,-5,5
22047,134,142,-8,8
22048,70,66,4,4
22049,114,113,1,1
22050,80,68,12,12
22051,90,84,6,6
22052,82,91,-9,9
22053,103,96,7,7
22054,82,81,1,1
22055,92,87,5,5
22056,82,79,3,3
22057,66,68,-2,2
22058,124,161,-37,37
22059,61,68,-7,7
22060,63,72,-9,9
22061,91,95,-4,4
22062,72,70,2,2
22063,54,66,-12,12
22064,87,82,5,5
22065,104,114,-10,10
22066,61,63,-2,2
22067,125,109,16,16
22068,129,132,-3,3
22069,33,46,-13,13
22070,97,101,-4,4
22071,73,90,-17,17
22072,154,141,13,13
22073,74,72,2,2
22074,125,128,-3,3
22075,54,58,-4,4
22076,68,76,-8,8
22077,91,85,6,6
22078,68,66,2,2
22079,92,107,-15,15
22080,117,101,16,16
22081,98,109,-11,11
22082,124,112,12,12
22083,71,78,-7,7
22084,66,65,1,1
22085,37,43,-6,6
22086,108,102,6,6
22087,59,59,0,0
22088,84,83,1,1
22089,162,152,10,10
22090,108,109,-1,1
22091,120,114,6,6
22092,102,111,-9,9
22093,68,84,-16,16
22094,146,126,20,20
22095,116,120,-4,4
22096,66,70,-4,4
22097,67,68,-1,1
22098,46,53,-7,7
22099,92,88,4,4
22100,150,134,16,16
22101,58,46,12,12
22102,103,109,-6,6
22103,112,101,11,11
22104,90,101,-11,11
22105,98,97,1,1
22106,54,60,-6,6
22107,76,80,-4,4
22108,77,84,-7,7
22109,111,102,9,9
22110,118,123,-5,5
22111,125,123,2,2
22112,94,99,-5,5
22113,73,74,-1,1
22114,173,168,5,5
22115,155,157,-2,2
22116,120,131,-11,11
22117,86,79,7,7
22118,115,108,7,7
22119,149,138,11,11
22120,68,85,-17,17
22121,130,112,18,18
22122,65,68,-3,3
22123,63,61,2,2
22124,39,46,-7,7
22125,82,77,5,5
22126,74,63,11,11
22127,57,70,-13,13
22128,105,110,-5,5
22129,106,108,-2,2
22130,126,149,-23,23
22131,113,108,5,5
22132,109,111,-2,2
22133,95,97,-2,2
22134,86,73,13,13
22135,99,95,4,4
22136,65,79,-14,14
22137,70,69,1,1
22138,66,62,4,4
22139,45,45,0,0
22140,77,75,2,2
22141,50,54,-4,4
22142,105,102,3,3
22143,101,110,-9,9
22144,62,67,-5,5
22145,82,90,-8,8
22146,69,61,8,8
22147,122,141,-19,19
22148,147,146,1,1
22149,220,204,16,16
22150,69,68,1,1
22151,93,88,5,5
22152,111,109,2,2
22153,152,153,-1,1
22154,124,128,-4,4
22155,43,43,0,0
22156,112,97,15,15
22157,83,80,3,3
22158,140,139,1,1
22159,110,112,-2,2
22160,71,82,-11,11
22161,96,112,-16,16
22162,148,150,-2,2
22163,53,61,-8,8
22164,120,111,9,9
22165,188,184,4,4
22166,29,37,-8,8
22167,117,115,2,2
22168,104,103,1,1
22169,81,80,1,1
22170,124,129,-5,5
22171,103,111,-8,8
22172,139,138,1,1
22173,79,67,12,12
22174,133,125,8,8
22175,112,117,-5,5
22176,99,108,-9,9
22177,101,95,6,6
22178,75,68,7,7
22179,110,106,4,4
22180,121,121,0,0
22181,110,114,-4,4
22182,68,85,-17,17
22183,99,95,4,4
22184,67,72,-5,5
22185,72,77,-5,5
22186,151,134,17,17
22187,87,94,-7,7
22188,83,89,-6,6
22189,58,66,-8,8
22190,56,54,2,2
22191,72,70,2,2
22192,91,85,6,6
22193,61,57,4,4
22194,95,82,13,13
22195,101,91,10,10
22196,98,94,4,4
22197,128,136,-8,8
22198,183,170,13,13
22199,68,70,-2,2
22200,97,92,5,5
22201,74,74,0,0
22202,127,126,1,1
22203,91,87,4,4
22204,95,92,3,3
22205,83,79,4,4
22206,130,129,1,1
22207,143,85,58,58
22208,68,70,-2,2
22209,72,67,5,5
22210,81,82,-1,1
22211,63,68,-5,5
22212,92,83,9,9
22213,70,83,-13,13
22214,114,121,-7,7
22215,119,108,11,11
22216,130,130,0,0
22217,94,96,-2,2
22218,104,108,-4,4
22219,99,108,-9,9
22220,55,64,-9,9
22221,111,116,-5,5
22222,101,90,11,11
22223,86,87,-1,1
22224,89,89,0,0
22225,91,110,-19,19
22226,140,140,0,0
22227,74,76,-2,2
22228,82,84,-2,2
22229,103,86,17,17
22230,104,92,12,12
22231,75,82,-7,7
22232,92,101,-9,9
22233,53,55,-2,2
22234,74,79,-5,5
22235,38,39,-1,1
22236,141,138,3,3
22237,91,101,-10,10
22238,97,90,7,7
22239,115,108,7,7
22240,141,142,-1,1
22241,72,80,-8,8
22242,87,87,0,0
22243,114,114,0,0
22244,96,89,7,7
22245,68,81,-13,13
22246,123,131,-8,8
22247,91,90,1,1
22248,91,84,7,7
22249,116,122,-6,6
22250,49,73,-24,24
22251,57,56,1,1
22252,124,125,-1,1
22253,88,99,-11,11
22254,129,127,2,2
22255,55,51,4,4
22256,188,175,13,13
22257,64,74,-10,10
22258,71,71,0,0
22259,45,59,-14,14
22260,93,102,-9,9
22261,68,66,2,2
22262,161,170,-9,9
22263,69,79,-10,10
22264,113,118,-5,5
22265,74,91,-17,17
22266,58,64,-6,6
22267,149,155,-6,6
22268,49,53,-4,4
22269,96,94,2,2
22270,122,115,7,7
22271,92,80,12,12
22272,124,128,-4,4
22273,93,94,-1,1
22274,149,154,-5,5
22275,179,172,7,7
22276,147,152,-5,5
22277,121,125,-4,4
22278,62,61,1,1
22279,50,49,1,1
22280,54,48,6,6
22281,104,96,8,8
22282,73,72,1,1
22283,101,100,1,1
22284,71,78,-7,7
22285,90,86,4,4
22286,71,68,3,3
22287,72,74,-2,2
22288,61,84,-23,23
22289,65,60,5,5
22290,81,80,1,1
22291,37,48,-11,11
22292,65,68,-3,3
22293,128,122,6,6
22294,55,80,-25,25
22295,55,67,-12,12
22296,131,114,17,17
22297,67,55,12,12
22298,138,137,1,1
22299,66,66,0,0
22300,62,61,1,1
22301,187,181,6,6
22302,127,120,7,7
22303,105,111,-6,6
22304,78,76,2,2
22305,94,93,1,1
22306,94,92,2,2
22307,108,110,-2,2
22308,135,130,5,5
22309,78,75,3,3
22310,87,90,-3,3
22311,59,60,-1,1
22312,134,148,-14,14
22313,89,83,6,6
22314,79,79,0,0
22315,27,42,-15,15
22316,74,68,6,6
22317,56,62,-6,6
22318,121,126,-5,5
22319,88,91,-3,3
22320,145,148,-3,3
22321,99,99,0,0
22322,127,114,13,13
22323,85,85,0,0
22324,91,76,15,15
22325,184,191,-7,7
22326,76,73,3,3
22327,86,88,-2,2
22328,88,78,10,10
22329,156,150,6,6
22330,106,107,-1,1
22331,102,91,11,11
22332,106,101,5,5
22333,87,85,2,2
22334,60,69,-9,9
22335,82,80,2,2
22336,112,104,8,8
22337,118,122,-4,4
22338,75,67,8,8
22339,94,97,-3,3
22340,57,61,-4,4
22341,96,95,1,1
22342,67,63,4,4
22343,78,90,-12,12
22344,114,102,12,12
22345,70,67,3,3
22346,60,64,-4,4
22347,91,87,4,4
22348,86,77,9,9
22349,84,84,0,0
22350,75,72,3,3
22351,133,140,-7,7
22352,193,175,18,18
22353,68,71,-3,3
22354,139,139,0,0
22355,57,73,-16,16
22356,110,114,-4,4
22357,83,95,-12,12
22358,159,135,24,24
22359,110,109,1,1
22360,150,135,15,15
22361,95,105,-10,10
22362,139,128,11,11
22363,72,68,4,4
22364,147,134,13,13
22365,89,84,5,5
22366,136,132,4,4
22367,47,43,4,4
22368,158,160,-2,2
22369,111,115,-4,4
22370,99,90,9,9
22371,112,110,2,2
22372,82,90,-8,8
22373,38,40,-2,2
22374,82,76,6,6
22375,80,81,-1,1
22376,119,104,15,15
22377,68,72,-4,4
22378,117,114,3,3
22379,76,72,4,4
22380,94,95,-1,1
22381,68,70,-2,2
22382,49,49,0,0
22383,59,60,-1,1
22384,135,141,-6,6
22385,111,110,1,1
22386,102,91,11,11
22387,118,121,-3,3
22388,90,87,3,3
22389,62,68,-6,6
22390,104,100,4,4
22391,120,112,8,8
22392,105,108,-3,3
22393,131,131,0,0
22394,103,110,-7,7
22395,117,115,2,2
22396,92,94,-2,2
22397,70,70,0,0
22398,108,109,-1,1
22399,71,73,-2,2
22400,58,64,-6,6
22401,91,74,17,17
22402,98,90,8,8
22403,40,51,-11,11
22404,92,81,11,11
22405,100,103,-3,3
22406,138,146,-8,8
22407,132,121,11,11
22408,101,110,-9,9
22409,71,79,-8,8
22410,86,80,6,6
22411,107,105,2,2
22412,85,82,3,3
22413,68,71,-3,3
22414,80,78,2,2
22415,125,120,5,5
22416,99,91,8,8
22417,122,115,7,7
22418,190,177,13,13
22419,109,90,19,19
22420,83,73,10,10
22421,121,141,-20,20
22422,79,94,-15,15
22423,142,159,-17,17
22424,63,64,-1,1
22425,66,65,1,1
22426,114,103,11,11
22427,80,77,3,3
22428,72,68,4,4
22429,190,187,3,3
22430,91,87,4,4
22431,152,140,12,12
22432,74,61,13,13
22433,88,96,-8,8
22434,181,186,-5,5
22435,118,120,-2,2
22436,131,129,2,2
22437,64,109,-45,45
22438,86,86,0,0
22439,74,85,-11,11
22440,79,77,2,2
22441,99,100,-1,1
22442,169,171,-2,2
22443,68,60,8,8
22444,79,74,5,5
22445,181,164,17,17
22446,119,110,9,9
22447,120,111,9,9
22448,67,73,-6,6
22449,67,76,-9,9
22450,76,72,4,4
22451,87,81,6,6
22452,91,107,-16,16
22453,161,152,9,9
22454,58,56,2,2
22455,57,61,-4,4
22456,95,90,5,5
22457,63,67,-4,4
22458,64,63,1,1
22459,55,59,-4,4
22460,136,143,-7,7
22461,107,105,2,2
22462,83,91,-8,8
22463,52,65,-13,13
22464,127,141,-14,14
22465,90,93,-3,3
22466,141,135,6,6
22467,87,92,-5,5
22468,99,97,2,2
22469,67,69,-2,2
22470,79,77,2,2
22471,102,102,0,0
22472,168,175,-7,7
22473,154,155,-1,1
22474,118,116,2,2
22475,68,82,-14,14
22476,109,110,-1,1
22477,41,46,-5,5
22478,65,67,-2,2
22479,108,102,6,6
22480,26,41,-15,15
22481,99,108,-9,9
22482,137,137,0,0
22483,180,178,2,2
22484,223,185,38,38
22485,103,102,1,1
22486,91,93,-2,2
22487,120,113,7,7
22488,73,68,5,5
22489,69,76,-7,7
22490,76,82,-6,6
22491,73,60,13,13
22492,41,42,-1,1
22493,143,146,-3,3
22494,121,139,-18,18
22495,97,106,-9,9
22496,86,94,-8,8
22497,80,84,-4,4
22498,105,113,-8,8
22499,111,91,20,20
22500,133,145,-12,12
22501,120,118,2,2
22502,156,169,-13,13
22503,100,104,-4,4
22504,41,43,-2,2
22505,94,103,-9,9
22506,59,59,0,0
22507,71,68,3,3
22508,68,65,3,3
22509,102,94,8,8
22510,134,131,3,3
22511,60,51,9,9
22512,169,147,22,22
22513,80,80,0,0
22514,126,148,-22,22
22515,146,135,11,11
22516,128,138,-10,10
22517,67,63,4,4
22518,92,98,-6,6
22519,72,75,-3,3
22520,79,79,0,0
22521,102,93,9,9
22522,62,66,-4,4
22523,59,60,-1,1
22524,116,106,10,10
22525,96,88,8,8
22526,86,85,1,1
22527,68,78,-10,10
22528,90,93,-3,3
22529,90,78,12,12
22530,141,131,10,10
22531,109,108,1,1
22532,51,69,-18,18
22533,107,101,6,6
22534,130,127,3,3
22535,103,103,0,0
22536,49,55,-6,6
22537,106,101,5,5
22538,87,86,1,1
22539,68,68,0,0
22540,88,91,-3,3
22541,79,87,-8,8
22542,104,92,12,12
22543,94,93,1,1
22544,123,113,10,10
22545,98,89,9,9
22546,123,116,7,7
22547,104,104,0,0
22548,60,66,-6,6
22549,70,79,-9,9
22550,89,84,5,5
22551,122,113,9,9
22552,55,52,3,3
22553,141,134,7,7
22554,80,82,-2,2
22555,97,98,-1,1
22556,126,117,9,9
22557,73,76,-3,3
22558,63,77,-14,14
22559,151,138,13,13
22560,109,107,2,2
22561,161,160,1,1
22562,80,80,0,0
22563,126,111,15,15
22564,89,83,6,6
22565,95,90,5,5
22566,163,146,17,17
22567,121,112,9,9
22568,80,81,-1,1
22569,79,67,12,12
22570,94,87,7,7
22571,143,134,9,9
22572,95,90,5,5
22573,108,103,5,5
22574,94,101,-7,7
22575,102,93,9,9
22576,84,89,-5,5
22577,80,77,3,3
22578,135,128,7,7
22579,98,83,15,15
22580,113,116,-3,3
22581,85,104,-19,19
22582,97,90,7,7
22583,67,66,1,1
22584,135,133,2,2
22585,31,34,-3,3
22586,154,153,1,1
22587,136,137,-1,1
22588,35,38,-3,3
22589,145,140,5,5
22590,76,72,4,4
22591,89,95,-6,6
22592,84,94,-10,10
22593,82,99,-17,17
22594,76,75,1,1
22595,88,92,-4,4
22596,85,74,11,11
22597,109,118,-9,9
22598,165,160,5,5
22599,88,98,-10,10
22600,54,54,0,0
22601,93,84,9,9
22602,66,70,-4,4
22603,75,76,-1,1
22604,55,54,1,1
22605,72,75,-3,3
22606,113,112,1,1
22607,127,126,1,1
22608,53,52,1,1
22609,94,98,-4,4
22610,90,91,-1,1
22611,65,75,-10,10
22612,60,66,-6,6
22613,59,46,13,13
22614,107,106,1,1
22615,93,105,-12,12
22616,128,117,11,11
22617,55,60,-5,5
22618,93,91,2,2
22619,79,75,4,4
22620,148,134,14,14
22621,129,126,3,3
22622,51,63,-12,12
22623,92,95,-3,3
22624,93,108,-15,15
22625,114,119,-5,5
22626,72,74,-2,2
22627,92,96,-4,4
22628,81,82,-1,1
22629,69,80,-11,11
22630,93,86,7,7
22631,189,182,7,7
22632,71,71,0,0
22633,87,84,3,3
22634,48,88,-40,40
22635,94,92,2,2
22636,116,132,-16,16
22637,62,68,-6,6
22638,240,220,20,20
22639,104,97,7,7
22640,80,86,-6,6
22641,66,55,11,11
22642,100,94,6,6
22643,133,131,2,2
22644,103,95,8,8
22645,137,145,-8,8
22646,165,155,10,10
22647,125,122,3,3
22648,86,81,5,5
22649,95,89,6,6
22650,103,115,-12,12
22651,140,124,16,16
22652,95,99,-4,4
22653,68,72,-4,4
22654,52,51,1,1
22655,77,73,4,4
22656,121,116,5,5
22657,107,110,-3,3
22658,98,93,5,5
22659,100,93,7,7
22660,81,79,2,2
22661,46,44,2,2
22662,162,163,-1,1
22663,136,131,5,5
22664,85,90,-5,5
22665,83,75,8,8
22666,135,128,7,7
22667,39,41,-2,2
22668,61,65,-4,4
22669,73,62,11,11
22670,87,76,11,11
22671,76,78,-2,2
22672,84,105,-21,21
22673,94,81,13,13
22674,163,171,-8,8
22675,80,85,-5,5
22676,86,107,-21,21
22677,152,141,11,11
22678,100,110,-10,10
22679,75,70,5,5
22680,92,89,3,3
22681,84,82,2,2
22682,144,139,5,5
22683,69,70,-1,1
22684,109,112,-3,3
22685,109,98,11,11
22686,88,72,16,16
22687,67,67,0,0
22688,115,108,7,7
22689,125,134,-9,9
22690,95,100,-5,5
22691,87,83,4,4
22692,98,99,-1,1
22693,83,96,-13,13
22694,101,94,7,7
22695,51,44,7,7
22696,108,104,4,4
22697,136,142,-6,6
22698,208,217,-9,9
22699,121,118,3,3
22700,84,80,4,4
22701,86,79,7,7
22702,148,154,-6,6
22703,110,117,-7,7
22704,117,116,1,1
22705,96,98,-2,2
22706,69,70,-1,1
22707,137,134,3,3
22708,66,59,7,7
22709,89,74,15,15
22710,44,52,-8,8
22711,136,131,5,5
22712,128,116,12,12
22713,73,74,-1,1
22714,155,157,-2,2
22715,89,70,19,19
22716,87,75,12,12
22717,147,140,7,7
22718,64,62,2,2
22719,37,38,-1,1
22720,122,118,4,4
22721,44,40,4,4
22722,126,126,0,0
22723,60,70,-10,10
22724,148,145,3,3
22725,134,130,4,4
22726,87,76,11,11
22727,135,141,-6,6
22728,90,89,1,1
22729,60,54,6,6
22730,86,77,9,9
22731,150,152,-2,2
22732,59,71,-12,12
22733,111,100,11,11
22734,54,60,-6,6
22735,158,145,13,13
22736,135,121,14,14
22737,32,36,-4,4
22738,63,64,-1,1
22739,117,100,17,17
22740,83,87,-4,4
22741,54,60,-6,6
22742,151,144,7,7
22743,64,67,-3,3
22744,44,45,-1,1
22745,138,135,3,3
22746,48,60,-12,12
22747,123,113,10,10
22748,97,99,-2,2
22749,59,62,-3,3
22750,96,96,0,0
22751,19,34,-15,15
22752,112,108,4,4
22753,131,146,-15,15
22754,153,153,0,0
22755,100,99,1,1
22756,183,183,0,0
22757,121,114,7,7
22758,129,124,5,5
22759,93,102,-9,9
22760,89,95,-6,6
22761,92,90,2,2
22762,81,100,-19,19
22763,133,125,8,8
22764,77,80,-3,3
22765,63,64,-1,1
22766,66,60,6,6
22767,74,82,-8,8
22768,150,156,-6,6
22769,76,83,-7,7
22770,68,63,5,5
22771,73,67,6,6
22772,93,91,2,2
22773,90,75,15,15
22774,81,95,-14,14
22775,59,51,8,8
22776,160,144,16,16
22777,47,44,3,3
22778,109,132,-23,23
22779,133,129,4,4
22780,114,121,-7,7
22781,89,80,9,9
22782,86,80,6,6
22783,95,88,7,7
22784,149,160,-11,11
22785,86,81,5,5
22786,112,116,-4,4
22787,61,106,-45,45
22788,32,39,-7,7
22789,141,140,1,1
22790,106,97,9,9
22791,62,69,-7,7
22792,98,97,1,1
22793,169,139,30,30
22794,75,91,-16,16
22795,113,106,7,7
22796,69,70,-1,1
22797,54,60,-6,6
22798,72,78,-6,6
22799,140,146,-6,6
22800,86,92,-6,6
22801,106,99,7,7
22802,81,79,2,2
22803,109,97,12,12
22804,120,108,12,12
22805,103,97,6,6
22806,201,183,18,18
22807,115,131,-16,16
22808,94,84,10,10
22809,110,124,-14,14
22810,90,89,1,1
22811,117,110,7,7
22812,80,77,3,3
22813,136,130,6,6
22814,95,100,-5,5
22815,121,105,16,16
22816,38,42,-4,4
22817,100,89,11,11
22818,83,85,-2,2
22819,102,102,0,0
22820,100,99,1,1
22821,67,68,-1,1
22822,88,121,-33,33
22823,68,65,3,3
22824,145,142,3,3
22825,86,84,2,2
22826,107,101,6,6
22827,85,99,-14,14
22828,102,106,-4,4
22829,132,133,-1,1
22830,61,65,-4,4
22831,70,66,4,4
22832,91,91,0,0
22833,139,138,1,1
22834,51,50,1,1
22835,39,45,-6,6
22836,100,93,7,7
22837,93,93,0,0
22838,89,94,-5,5
22839,92,99,-7,7
22840,35,39,-4,4
22841,93,85,8,8
22842,64,69,-5,5
22843,62,54,8,8
22844,102,84,18,18
22845,101,98,3,3
22846,93,90,3,3
22847,63,62,1,1
22848,88,85,3,3
22849,80,85,-5,5
22850,134,92,42,42
22851,77,75,2,2
22852,73,73,0,0
22853,57,60,-3,3
22854,118,89,29,29
22855,134,138,-4,4
22856,127,123,4,4
22857,88,90,-2,2
22858,91,87,4,4
22859,110,112,-2,2
22860,46,47,-1,1
22861,105,101,4,4
22862,103,110,-7,7
22863,108,100,8,8
22864,93,102,-9,9
22865,75,81,-6,6
22866,131,132,-1,1
22867,130,131,-1,1
22868,89,86,3,3
22869,49,105,-56,56
22870,120,124,-4,4
22871,151,165,-14,14
22872,92,89,3,3
22873,77,81,-4,4
22874,126,135,-9,9
22875,100,102,-2,2
22876,54,54,0,0
22877,110,103,7,7
22878,133,130,3,3
22879,119,122,-3,3
22880,126,118,8,8
22881,42,43,-1,1
22882,63,68,-5,5
22883,170,171,-1,1
22884,68,78,-10,10
22885,114,110,4,4
22886,115,104,11,11
22887,64,72,-8,8
22888,90,91,-1,1
22889,126,112,14,14
22890,72,85,-13,13
22891,116,138,-22,22
22892,151,157,-6,6
22893,98,82,16,16
22894,135,130,5,5
22895,132,121,11,11
22896,166,155,11,11
22897,109,103,6,6
22898,73,65,8,8
22899,43,45,-2,2
22900,60,58,2,2
22901,95,101,-6,6
22902,185,174,11,11
22903,116,113,3,3
22904,120,118,2,2
22905,117,113,4,4
22906,80,85,-5,5
22907,54,55,-1,1
22908,94,96,-2,2
22909,104,109,-5,5
22910,167,177,-10,10
22911,183,185,-2,2
22912,125,130,-5,5
22913,67,63,4,4
22914,127,117,10,10
22915,108,107,1,1
22916,110,106,4,4
22917,72,71,1,1
22918,76,78,-2,2
22919,60,61,-1,1
22920,127,112,15,15
22921,60,59,1,1
22922,117,111,6,6
22923,62,62,0,0
22924,98,88,10,10
22925,64,64,0,0
22926,90,85,5,5
22927,155,158,-3,3
22928,69,65,4,4
22929,91,84,7,7
22930,91,84,7,7
22931,97,88,9,9
22932,116,104,12,12
22933,100,101,-1,1
22934,81,82,-1,1
22935,77,74,3,3
22936,46,41,5,5
22937,86,95,-9,9
22938,98,89,9,9
22939,128,105,23,23
22940,53,54,-1,1
22941,86,87,-1,1
22942,106,104,2,2
22943,118,115,3,3
22944,132,136,-4,4
22945,179,182,-3,3
22946,72,67,5,5
22947,57,59,-2,2
22948,159,160,-1,1
22949,56,65,-9,9
22950,90,97,-7,7
22951,84,85,-1,1
22952,120,120,0,0
22953,99,86,13,13
22954,121,109,12,12
22955,96,99,-3,3
22956,46,60,-14,14
22957,84,89,-5,5
22958,79,79,0,0
22959,165,157,8,8
22960,72,74,-2,2
22961,75,75,0,0
22962,116,117,-1,1
22963,117,128,-11,11
22964,95,91,4,4
22965,138,146,-8,8
22966,64,66,-2,2
22967,70,74,-4,4
22968,51,51,0,0
22969,74,83,-9,9
22970,105,105,0,0
22971,137,135,2,2
22972,93,92,1,1
22973,72,81,-9,9
22974,83,77,6,6
22975,113,108,5,5
22976,97,91,6,6
22977,76,79,-3,3
22978,65,63,2,2
22979,159,154,5,5
22980,72,70,2,2
22981,127,120,7,7
22982,94,90,4,4
22983,83,80,3,3
22984,84,84,0,0
22985,60,61,-1,1
22986,100,103,-3,3
22987,108,108,0,0
22988,118,112,6,6
22989,76,82,-6,6
22990,87,82,5,5
22991,50,53,-3,3
22992,38,41,-3,3
22993,146,129,17,17
22994,114,112,2,2
22995,52,54,-2,2
22996,84,89,-5,5
22997,122,126,-4,4
22998,102,95,7,7
22999,181,172,9,9
23000,98,93,5,5
23001,39,45,-6,6
23002,84,68,16,16
23003,145,113,32,32
23004,124,132,-8,8
23005,110,120,-10,10
23006,57,60,-3,3
23007,88,85,3,3
23008,64,65,-1,1
23009,195,186,9,9
23010,131,139,-8,8
23011,124,121,3,3
23012,79,98,-19,19
23013,66,63,3,3
23014,100,108,-8,8
23015,82,78,4,4
23016,81,86,-5,5
23017,85,79,6,6
23018,192,191,1,1
23019,112,110,2,2
23020,166,158,8,8
23021,101,99,2,2
23022,82,73,9,9
23023,89,77,12,12
23024,94,86,8,8
23025,79,89,-10,10
23026,108,117,-9,9
23027,117,112,5,5
23028,123,114,9,9
23029,81,77,4,4
23030,87,77,10,10
23031,66,64,2,2
23032,35,40,-5,5
23033,102,91,11,11
23034,145,136,9,9
23035,62,62,0,0
23036,121,115,6,6
23037,69,66,3,3
23038,142,134,8,8
23039,74,67,7,7
23040,92,85,7,7
23041,63,59,4,4
23042,71,73,-2,2
23043,148,133,15,15
23044,72,81,-9,9
23045,75,70,5,5
23046,118,123,-5,5
23047,103,107,-4,4
23048,136,120,16,16
23049,126,133,-7,7
23050,93,99,-6,6
23051,101,105,-4,4
23052,133,123,10,10
23053,83,85,-2,2
23054,91,94,-3,3
23055,52,47,5,5
23056,100,99,1,1
23057,88,86,2,2
23058,80,88,-8,8
23059,83,93,-10,10
23060,90,85,5,5
23061,69,99,-30,30
23062,85,78,7,7
23063,107,95,12,12
23064,103,92,11,11
23065,60,60,0,0
23066,152,157,-5,5
23067,40,41,-1,1
23068,87,80,7,7
23069,78,71,7,7
23070,145,146,-1,1
23071,47,49,-2,2
23072,139,127,12,12
23073,94,87,7,7
23074,138,155,-17,17
23075,115,99,16,16
23076,94,94,0,0
23077,106,102,4,4
23078,85,83,2,2
23079,82,80,2,2
23080,61,59,2,2
23081,160,153,7,7
23082,157,164,-7,7
23083,87,91,-4,4
23084,135,123,12,12
23085,120,116,4,4
23086,104,99,5,5
23087,165,147,18,18
23088,88,85,3,3
23089,67,73,-6,6
23090,87,83,4,4
23091,66,70,-4,4
23092,74,70,4,4
23093,76,77,-1,1
23094,62,66,-4,4
23095,79,81,-2,2
23096,91,91,0,0
23097,70,62,8,8
23098,148,139,9,9
23099,135,124,11,11
23100,74,79,-5,5
23101,78,74,4,4
23102,93,94,-1,1
23103,124,121,3,3
23104,129,132,-3,3
23105,98,90,8,8
23106,72,66,6,6
23107,53,61,-8,8
23108,138,140,-2,2
23109,184,160,24,24
23110,85,84,1,1
23111,82,80,2,2
23112,105,115,-10,10
23113,99,97,2,2
23114,65,67,-2,2
23115,73,64,9,9
23116,66,61,5,5
23117,102,103,-1,1
23118,85,76,9,9
23119,188,192,-4,4
23120,81,213,-132,132
23121,124,121,3,3
23122,59,61,-2,2
23123,108,109,-1,1
23124,92,98,-6,6
23125,100,97,3,3
23126,105,105,0,0
23127,93,94,-1,1
23128,155,150,5,5
23129,71,67,4,4
23130,65,54,11,11
23131,94,90,4,4
23132,122,129,-7,7
23133,70,71,-1,1
23134,65,65,0,0
23135,160,157,3,3
23136,115,114,1,1
23137,134,135,-1,1
23138,101,106,-5,5
23139,105,103,2,2
23140,93,94,-1,1
23141,94,84,10,10
23142,82,75,7,7
23143,90,89,1,1
23144,78,66,12,12
23145,145,144,1,1
23146,120,119,1,1
23147,94,92,2,2
23148,95,84,11,11
23149,115,132,-17,17
23150,49,47,2,2
23151,134,134,0,0
23152,88,84,4,4
23153,82,86,-4,4
23154,67,64,3,3
23155,71,61,10,10
23156,56,64,-8,8
23157,88,84,4,4
23158,34,41,-7,7
23159,62,77,-15,15
23160,82,81,1,1
23161,111,120,-9,9
23162,48,48,0,0
23163,102,107,-5,5
23164,143,136,7,7
23165,47,50,-3,3
23166,76,75,1,1
23167,119,121,-2,2
23168,64,63,1,1
23169,72,66,6,6
23170,141,137,4,4
23171,64,56,8,8
23172,127,118,9,9
23173,72,75,-3,3
23174,111,110,1,1
23175,104,90,14,14
23176,77,84,-7,7
23177,133,140,-7,7
23178,113,108,5,5
23179,110,107,3,3
23180,89,85,4,4
23181,125,123,2,2
23182,127,109,18,18
23183,68,64,4,4
23184,99,106,-7,7
23185,86,91,-5,5
23186,111,111,0,0
23187,118,102,16,16
23188,74,76,-2,2
23189,132,123,9,9
23190,99,94,5,5
23191,139,142,-3,3
23192,107,105,2,2
23193,70,76,-6,6
23194,77,69,8,8
23195,101,102,-1,1
23196,103,102,1,1
23197,86,89,-3,3
23198,104,89,15,15
23199,100,110,-10,10
23200,150,142,8,8
23201,69,67,2,2
23202,129,127,2,2
23203,162,166,-4,4
23204,111,124,-13,13
23205,133,132,1,1
23206,87,83,4,4
23207,74,84,-10,10
23208,95,102,-7,7
23209,110,120,-10,10
23210,124,124,0,0
23211,155,150,5,5
23212,74,62,12,12
23213,80,70,10,10
23214,90,83,7,7
23215,100,100,0,0
23216,112,100,12,12
23217,81,66,15,15
23218,73,82,-9,9
23219,122,116,6,6
23220,130,125,5,5
23221,129,124,5,5
23222,123,117,6,6
23223,84,85,-1,1
23224,63,64,-1,1
23225,144,135,9,9
23226,91,158,-67,67
23227,66,71,-5,5
23228,95,92,3,3
23229,129,123,6,6
23230,75,72,3,3
23231,152,188,-36,36
23232,119,92,27,27
23233,107,108,-1,1
23234,184,173,11,11
23235,84,90,-6,6
23236,123,118,5,5
23237,167,147,20,20
23238,59,52,7,7
23239,68,71,-3,3
23240,119,97,22,22
23241,77,67,10,10
23242,70,76,-6,6
23243,79,72,7,7
23244,114,116,-2,2
23245,75,73,2,2
23246,64,53,11,11
23247,127,114,13,13
23248,52,59,-7,7
23249,67,61,6,6
23250,73,77,-4,4
23251,85,76,9,9
23252,63,64,-1,1
23253,88,81,7,7
23254,89,104,-15,15
23255,133,116,17,17
23256,82,85,-3,3
23257,115,103,12,12
23258,97,101,-4,4
23259,81,92,-11,11
23260,102,96,6,6
23261,68,61,7,7
23262,64,62,2,2
23263,70,69,1,1
23264,73,75,-2,2
23265,59,69,-10,10
23266,136,133,3,3
23267,103,109,-6,6
23268,137,121,16,16
23269,73,73,0,0
23270,83,85,-2,2
23271,95,88,7,7
23272,138,127,11,11
23273,86,78,8,8
23274,66,86,-20,20
23275,134,162,-28,28
23276,116,111,5,5
23277,70,72,-2,2
23278,118,114,4,4
23279,131,128,3,3
23280,40,67,-27,27
23281,82,81,1,1
23282,78,74,4,4
23283,97,88,9,9
23284,89,95,-6,6
23285,133,127,6,6
23286,76,70,6,6
23287,152,137,15,15
23288,92,93,-1,1
23289,62,62,0,0
23290,179,155,24,24
23291,127,113,14,14
23292,115,112,3,3
23293,54,65,-11,11
23294,136,120,16,16
23295,76,81,-5,5
23296,62,68,-6,6
23297,78,78,0,0
23298,182,160,22,22
23299,67,64,3,3
23300,110,101,9,9
23301,92,84,8,8
23302,150,138,12,12
23303,122,127,-5,5
23304,62,67,-5,5
23305,109,102,7,7
23306,123,115,8,8
23307,107,109,-2,2
23308,50,60,-10,10
23309,62,63,-1,1
23310,115,112,3,3
23311,41,51,-10,10
23312,106,106,0,0
23313,58,59,-1,1
23314,67,62,5,5
23315,64,59,5,5
23316,71,95,-24,24
23317,83,89,-6,6
23318,157,176,-19,19
23319,90,92,-2,2
23320,100,110,-10,10
23321,92,94,-2,2
23322,87,103,-16,16
23323,76,88,-12,12
23324,101,107,-6,6
23325,56,48,8,8
23326,65,68,-3,3
23327,70,67,3,3
23328,57,60,-3,3
23329,112,144,-32,32
23330,50,67,-17,17
23331,47,60,-13,13
23332,140,156,-16,16
23333,51,52,-1,1
23334,61,72,-11,11
23335,78,78,0,0
23336,70,66,4,4
23337,98,91,7,7
23338,152,143,9,9
23339,99,103,-4,4
23340,93,95,-2,2
23341,90,87,3,3
23342,51,53,-2,2
23343,94,87,7,7
23344,82,87,-5,5
23345,137,137,0,0
23346,85,89,-4,4
23347,131,138,-7,7
23348,110,99,11,11
23349,70,65,5,5
23350,99,107,-8,8
23351,146,137,9,9
23352,37,44,-7,7
23353,94,84,10,10
23354,124,120,4,4
23355,91,106,-15,15
23356,85,88,-3,3
23357,58,66,-8,8
23358,78,87,-9,9
23359,62,65,-3,3
23360,51,55,-4,4
23361,85,91,-6,6
23362,64,67,-3,3
23363,108,119,-11,11
23364,89,100,-11,11
23365,120,118,2,2
23366,131,119,12,12
23367,50,52,-2,2
23368,109,104,5,5
23369,82,78,4,4
23370,115,109,6,6
23371,121,112,9,9
23372,193,187,6,6
23373,66,67,-1,1
23374,125,118,7,7
23375,64,66,-2,2
23376,105,95,10,10
23377,47,51,-4,4
23378,57,67,-10,10
23379,105,95,10,10
23380,124,124,0,0
23381,90,96,-6,6
23382,126,116,10,10
23383,89,98,-9,9
23384,122,116,6,6
23385,116,113,3,3
23386,80,70,10,10
23387,92,90,2,2
23388,62,87,-25,25
23389,144,145,-1,1
23390,45,58,-13,13
23391,139,142,-3,3
23392,117,107,10,10
23393,99,104,-5,5
23394,98,98,0,0
23395,87,90,-3,3
23396,171,148,23,23
23397,127,108,19,19
23398,114,113,1,1
23399,100,105,-5,5
23400,71,81,-10,10
23401,143,127,16,16
23402,84,80,4,4
23403,89,81,8,8
23404,85,81,4,4
23405,69,66,3,3
23406,145,154,-9,9
23407,115,118,-3,3
23408,116,116,0,0
23409,114,115,-1,1
23410,58,51,7,7
23411,79,76,3,3
23412,73,75,-2,2
23413,114,119,-5,5
23414,140,148,-8,8
23415,92,97,-5,5
23416,111,109,2,2
23417,131,136,-5,5
23418,76,79,-3,3
23419,94,96,-2,2
23420,91,98,-7,7
23421,76,74,2,2
23422,115,110,5,5
23423,65,63,2,2
23424,113,116,-3,3
23425,85,91,-6,6
23426,214,229,-15,15
23427,211,200,11,11
23428,41,43,-2,2
23429,78,74,4,4
23430,161,154,7,7
23431,79,72,7,7
23432,51,57,-6,6
23433,103,106,-3,3
23434,73,75,-2,2
23435,55,60,-5,5
23436,136,119,17,17
23437,131,133,-2,2
23438,77,81,-4,4
23439,80,80,0,0
23440,110,108,2,2
23441,54,59,-5,5
23442,111,115,-4,4
23443,84,86,-2,2
23444,70,65,5,5
23445,70,68,2,2
23446,106,99,7,7
23447,97,96,1,1
23448,100,96,4,4
23449,135,135,0,0
23450,86,85,1,1
23451,42,40,2,2
23452,132,138,-6,6
23453,73,76,-3,3
23454,125,123,2,2
23455,83,85,-2,2
23456,125,127,-2,2
23457,120,115,5,5
23458,110,108,2,2
23459,197,183,14,14
23460,111,107,4,4
23461,86,94,-8,8
23462,76,68,8,8
23463,150,142,8,8
23464,115,115,0,0
23465,89,96,-7,7
23466,176,167,9,9
23467,64,68,-4,4
23468,120,115,5,5
23469,121,116,5,5
23470,64,72,-8,8
23471,49,65,-16,16
23472,70,63,7,7
23473,112,109,3,3
23474,89,94,-5,5
23475,107,107,0,0
23476,155,159,-4,4
23477,73,78,-5,5
23478,129,136,-7,7
23479,161,154,7,7
23480,89,89,0,0
23481,113,111,2,2
23482,99,89,10,10
23483,127,128,-1,1
23484,115,115,0,0
23485,78,74,4,4
23486,155,170,-15,15
23487,54,49,5,5
23488,89,90,-1,1
23489,115,108,7,7
23490,82,83,-1,1
23491,165,161,4,4
23492,90,84,6,6
23493,87,87,0,0
23494,115,105,10,10
23495,70,68,2,2
23496,85,75,10,10
23497,101,102,-1,1
23498,118,131,-13,13
23499,135,118,17,17
23500,74,76,-2,2
23501,108,116,-8,8
23502,134,131,3,3
23503,109,106,3,3
23504,77,77,0,0
23505,71,64,7,7
23506,78,70,8,8
23507,125,113,12,12
23508,90,87,3,3
23509,47,41,6,6
23510,89,80,9,9
23511,102,94,8,8
23512,94,96,-2,2
23513,137,137,0,0
23514,110,104,6,6
23515,100,98,2,2
23516,125,113,12,12
23517,57,91,-34,34
23518,120,118,2,2
23519,149,140,9,9
23520,69,73,-4,4
23521,91,96,-5,5
23522,69,68,1,1
23523,143,133,10,10
23524,112,104,8,8
23525,108,99,9,9
23526,83,91,-8,8
23527,102,106,-4,4
23528,55,53,2,2
23529,101,96,5,5
23530,39,45,-6,6
23531,173,174,-1,1
23532,98,95,3,3
23533,136,130,6,6
23534,62,62,0,0
23535,188,160,28,28
23536,98,97,1,1
23537,132,123,9,9
23538,89,99,-10,10
23539,106,109,-3,3
23540,101,112,-11,11
23541,150,137,13,13
23542,194,180,14,14
23543,108,112,-4,4
23544,78,91,-13,13
23545,70,72,-2,2
23546,93,101,-8,8
23547,65,73,-8,8
23548,113,101,12,12
23549,129,125,4,4
23550,94,96,-2,2
23551,108,105,3,3
23552,90,92,-2,2
23553,68,71,-3,3
23554,98,103,-5,5
23555,96,111,-15,15
23556,85,96,-11,11
23557,137,142,-5,5
23558,112,111,1,1
23559,168,156,12,12
23560,87,95,-8,8
23561,134,125,9,9
23562,75,80,-5,5
23563,135,129,6,6
23564,81,78,3,3
23565,96,105,-9,9
23566,91,93,-2,2
23567,104,90,14,14
23568,105,97,8,8
23569,56,55,1,1
23570,111,105,6,6
23571,56,64,-8,8
23572,62,61,1,1
23573,103,102,1,1
23574,144,149,-5,5
23575,101,99,2,2
23576,79,71,8,8
23577,102,94,8,8
23578,121,122,-1,1
23579,140,137,3,3
23580,135,133,2,2
23581,80,78,2,2
23582,51,60,-9,9
23583,152,136,16,16
23584,94,94,0,0
23585,52,45,7,7
23586,78,81,-3,3
23587,82,88,-6,6
23588,75,71,4,4
23589,117,113,4,4
23590,136,132,4,4
23591,92,93,-1,1
23592,55,49,6,6
23593,126,113,13,13
23594,55,55,0,0
23595,43,43,0,0
23596,83,87,-4,4
23597,116,127,-11,11
23598,113,111,2,2
23599,60,61,-1,1
23600,100,107,-7,7
23601,100,108,-8,8
23602,113,110,3,3
23603,123,143,-20,20
23604,69,70,-1,1
23605,113,130,-17,17
23606,71,75,-4,4
23607,132,123,9,9
23608,151,149,2,2
23609,57,59,-2,2
23610,105,107,-2,2
23611,188,162,26,26
23612,79,76,3,3
23613,151,149,2,2
23614,137,140,-3,3
23615,42,62,-20,20
23616,144,140,4,4
23617,41,46,-5,5
23618,82,82,0,0
23619,91,84,7,7
23620,65,69,-4,4
23621,65,64,1,1
23622,103,104,-1,1
23623,116,113,3,3
23624,149,150,-1,1
23625,202,190,12,12
23626,61,60,1,1
23627,78,78,0,0
23628,154,139,15,15
23629,87,91,-4,4
23630,93,88,5,5
23631,134,137,-3,3
23632,116,119,-3,3
23633,124,129,-5,5
23634,148,145,3,3
23635,140,145,-5,5
23636,69,64,5,5
23637,107,108,-1,1
23638,99,96,3,3
23639,137,127,10,10
23640,165,143,22,22
23641,102,94,8,8
23642,116,108,8,8
23643,95,82,13,13
23644,86,105,-19,19
23645,88,101,-13,13
23646,108,105,3,3
23647,153,155,-2,2
23648,69,66,3,3
23649,76,72,4,4
23650,103,103,0,0
23651,79,90,-11,11
23652,129,113,16,16
23653,87,88,-1,1
23654,67,69,-2,2
23655,81,80,1,1
23656,118,113,5,5
23657,69,65,4,4
23658,63,69,-6,6
23659,77,80,-3,3
23660,113,108,5,5
23661,143,141,2,2
23662,57,61,-4,4
23663,86,85,1,1
23664,36,66,-30,30
23665,128,111,17,17
23666,111,105,6,6
23667,68,73,-5,5
23668,60,68,-8,8
23669,90,90,0,0
23670,99,93,6,6
23671,80,78,2,2
23672,79,87,-8,8
23673,84,91,-7,7
23674,77,64,13,13
23675,132,128,4,4
23676,94,67,27,27
23677,95,95,0,0
23678,67,67,0,0
23679,134,124,10,10
23680,148,149,-1,1
23681,92,88,4,4
23682,85,75,10,10
23683,69,79,-10,10
23684,107,117,-10,10
23685,113,132,-19,19
23686,49,50,-1,1
23687,31,38,-7,7
23688,72,80,-8,8
23689,135,135,0,0
23690,126,122,4,4
23691,67,68,-1,1
23692,70,75,-5,5
23693,64,67,-3,3
23694,70,95,-25,25
23695,88,79,9,9
23696,66,74,-8,8
23697,80,92,-12,12
23698,82,99,-17,17
23699,85,85,0,0
23700,128,128,0,0
23701,116,116,0,0
23702,74,64,10,10
23703,107,107,0,0
23704,74,73,1,1
23705,133,116,17,17
23706,91,83,8,8
23707,100,102,-2,2
23708,90,79,11,11
23709,41,46,-5,5
23710,117,112,5,5
23711,91,101,-10,10
23712,108,124,-16,16
23713,61,64,-3,3
23714,201,192,9,9
23715,112,109,3,3
23716,62,58,4,4
23717,70,67,3,3
23718,79,76,3,3
23719,85,77,8,8
23720,138,131,7,7
23721,132,130,2,2
23722,46,52,-6,6
23723,172,171,1,1
23724,120,109,11,11
23725,120,115,5,5
23726,96,99,-3,3
23727,108,104,4,4
23728,125,130,-5,5
23729,72,82,-10,10
23730,110,97,13,13
23731,51,60,-9,9
23732,127,126,1,1
23733,109,108,1,1
23734,70,67,3,3
23735,91,86,5,5
23736,53,64,-11,11
23737,195,190,5,5
23738,63,68,-5,5
23739,97,97,0,0
23740,109,103,6,6
23741,116,118,-2,2
23742,52,62,-10,10
23743,66,76,-10,10
23744,70,67,3,3
23745,143,146,-3,3
23746,61,105,-44,44
23747,105,93,12,12
23748,58,54,4,4
23749,141,143,-2,2
23750,64,60,4,4
23751,126,126,0,0
23752,154,155,-1,1
23753,103,96,7,7
23754,54,56,-2,2
23755,100,100,0,0
23756,99,102,-3,3
23757,84,90,-6,6
23758,67,71,-4,4
23759,51,62,-11,11
23760,118,121,-3,3
23761,139,126,13,13
23762,83,81,2,2
23763,127,130,-3,3
23764,98,93,5,5
23765,86,83,3,3
23766,53,54,-1,1
23767,111,115,-4,4
23768,82,85,-3,3
23769,101,92,9,9
23770,79,82,-3,3
23771,82,91,-9,9
23772,101,92,9,9
23773,172,162,10,10
23774,49,60,-11,11
23775,144,136,8,8
23776,79,78,1,1
23777,71,77,-6,6
23778,109,115,-6,6
23779,97,93,4,4
23780,134,128,6,6
23781,139,162,-23,23
23782,103,102,1,1
23783,104,99,5,5
23784,45,57,-12,12
23785,124,135,-11,11
23786,77,84,-7,7
23787,92,94,-2,2
23788,54,52,2,2
23789,96,94,2,2
23790,77,66,11,11
23791,99,91,8,8
23792,46,46,0,0
23793,128,129,-1,1
23794,114,125,-11,11
23795,183,174,9,9
23796,74,77,-3,3
23797,152,139,13,13
23798,95,83,12,12
23799,84,71,13,13
23800,103,100,3,3
23801,118,115,3,3
23802,82,98,-16,16
23803,161,171,-10,10
23804,93,84,9,9
23805,91,83,8,8
23806,106,101,5,5
23807,91,84,7,7
23808,52,55,-3,3
23809,89,88,1,1
23810,80,82,-2,2
23811,112,121,-9,9
23812,69,62,7,7
23813,68,66,2,2
23814,219,203,16,16
23815,89,93,-4,4
23816,127,122,5,5
23817,84,96,-12,12
23818,85,81,4,4
23819,28,68,-40,40
23820,141,133,8,8
23821,92,93,-1,1
23822,130,119,11,11
23823,59,63,-4,4
23824,143,132,11,11
23825,145,136,9,9
23826,73,71,2,2
23827,177,175,2,2
23828,169,155,14,14
23829,54,51,3,3
23830,128,117,11,11
23831,52,59,-7,7
23832,129,130,-1,1
23833,99,104,-5,5
23834,119,106,13,13
23835,75,83,-8,8
23836,119,110,9,9
23837,103,99,4,4
23838,130,127,3,3
23839,119,115,4,4
23840,100,95,5,5
23841,159,167,-8,8
23842,75,71,4,4
23843,86,88,-2,2
23844,123,120,3,3
23845,74,81,-7,7
23846,50,63,-13,13
23847,57,47,10,10
23848,50,50,0,0
23849,71,74,-3,3
23850,96,96,0,0
23851,76,77,-1,1
23852,130,125,5,5
23853,62,76,-14,14
23854,92,91,1,1
23855,98,102,-4,4
23856,67,57,10,10
23857,231,222,9,9
23858,68,61,7,7
23859,59,55,4,4
23860,82,72,10,10
23861,67,72,-5,5
23862,88,84,4,4
23863,138,119,19,19
23864,81,71,10,10
23865,117,118,-1,1
23866,67,73,-6,6
23867,57,66,-9,9
23868,53,54,-1,1
23869,87,85,2,2
23870,123,128,-5,5
23871,128,124,4,4
23872,80,86,-6,6
23873,95,92,3,3
23874,105,111,-6,6
23875,92,99,-7,7
23876,97,90,7,7
23877,96,104,-8,8
23878,114,104,10,10
23879,57,61,-4,4
23880,174,161,13,13
23881,98,95,3,3
23882,96,85,11,11
23883,34,50,-16,16
23884,53,52,1,1
23885,70,69,1,1
23886,100,103,-3,3
23887,112,117,-5,5
23888,86,90,-4,4
23889,106,100,6,6
23890,75,75,0,0
23891,97,110,-13,13
23892,93,96,-3,3
23893,105,83,22,22
23894,108,105,3,3
23895,137,143,-6,6
23896,99,102,-3,3
23897,71,71,0,0
23898,157,163,-6,6
23899,111,106,5,5
23900,102,91,11,11
23901,144,137,7,7
23902,86,82,4,4
23903,63,75,-12,12
23904,97,87,10,10
23905,30,37,-7,7
23906,77,81,-4,4
23907,111,99,12,12
23908,77,73,4,4
23909,41,44,-3,3
23910,82,88,-6,6
23911,144,136,8,8
23912,117,111,6,6
23913,94,88,6,6
23914,58,59,-1,1
23915,101,97,4,4
23916,105,93,12,12
23917,99,108,-9,9
23918,88,84,4,4
23919,69,76,-7,7
23920,67,59,8,8
23921,51,60,-9,9
23922,120,116,4,4
23923,60,60,0,0
23924,90,86,4,4
23925,81,81,0,0
23926,163,172,-9,9
23927,142,132,10,10
23928,65,70,-5,5
23929,156,154,2,2
23930,52,49,3,3
23931,74,66,8,8
23932,115,112,3,3
23933,126,135,-9,9
23934,48,45,3,3
23935,129,132,-3,3
23936,160,149,11,11
23937,110,116,-6,6
23938,121,128,-7,7
23939,97,93,4,4
23940,110,134,-24,24
23941,135,134,1,1
23942,153,156,-3,3
23943,103,127,-24,24
23944,103,97,6,6
23945,119,112,7,7
23946,76,86,-10,10
23947,195,207,-12,12
23948,57,58,-1,1
23949,59,68,-9,9
23950,146,146,0,0
23951,91,81,10,10
23952,101,95,6,6
23953,240,200,40,40
23954,88,92,-4,4
23955,83,71,12,12
23956,77,80,-3,3
23957,82,98,-16,16
23958,82,94,-12,12
23959,119,107,12,12
23960,106,98,8,8
23961,101,109,-8,8
23962,78,83,-5,5
23963,82,79,3,3
23964,82,84,-2,2
23965,126,110,16,16
23966,87,96,-9,9
23967,96,94,2,2
23968,68,68,0,0
23969,100,95,5,5
23970,71,77,-6,6
23971,91,100,-9,9
23972,118,115,3,3
23973,93,96,-3,3
23974,87,87,0,0
23975,75,78,-3,3
23976,64,60,4,4
23977,94,91,3,3
23978,45,50,-5,5
23979,97,86,11,11
23980,115,110,5,5
23981,84,70,14,14
23982,139,130,9,9
23983,155,166,-11,11
23984,65,68,-3,3
23985,72,79,-7,7
23986,65,70,-5,5
23987,45,54,-9,9
23988,92,99,-7,7
23989,148,145,3,3
23990,163,143,20,20
23991,80,73,7,7
23992,131,121,10,10
23993,74,73,1,1
23994,62,66,-4,4
23995,65,61,4,4
23996,110,94,16,16
23997,119,85,34,34
23998,110,104,6,6
23999,89,92,-3,3
24000,104,113,-9,9
24001,110,119,-9,9
24002,83,76,7,7
24003,134,132,2,2
24004,110,117,-7,7
24005,74,78,-4,4
24006,152,150,2,2
24007,103,103,0,0
24008,47,51,-4,4
24009,104,97,7,7
24010,59,66,-7,7
24011,76,64,12,12
24012,82,85,-3,3
24013,100,102,-2,2
24014,127,127,0,0
24015,70,65,5,5
24016,71,74,-3,3
24017,83,92,-9,9
24018,80,81,-1,1
24019,102,104,-2,2
24020,70,83,-13,13
24021,89,86,3,3
24022,75,74,1,1
24023,104,97,7,7
24024,84,69,15,15
24025,56,55,1,1
24026,55,61,-6,6
24027,141,154,-13,13
24028,82,83,-1,1
24029,182,172,10,10
24030,154,159,-5,5
24031,86,86,0,0
24032,78,75,3,3
24033,91,88,3,3
24034,115,116,-1,1
24035,112,118,-6,6
24036,98,117,-19,19
24037,83,78,5,5
24038,58,60,-2,2
24039,72,68,4,4
24040,46,66,-20,20
24041,54,53,1,1
24042,99,99,0,0
24043,100,129,-29,29
24044,114,116,-2,2
24045,56,50,6,6
24046,49,59,-10,10
24047,63,56,7,7
24048,63,63,0,0
24049,72,70,2,2
24050,97,92,5,5
24051,59,62,-3,3
24052,123,127,-4,4
24053,109,112,-3,3
24054,108,106,2,2
24055,95,102,-7,7
24056,94,90,4,4
24057,59,66,-7,7
24058,80,84,-4,4
24059,140,139,1,1
24060,102,103,-1,1
24061,65,69,-4,4
24062,117,109,8,8
24063,63,58,5,5
24064,77,83,-6,6
24065,137,99,38,38
24066,114,117,-3,3
24067,78,70,8,8
24068,45,45,0,0
24069,84,90,-6,6
24070,96,116,-20,20
24071,62,64,-2,2
24072,67,74,-7,7
24073,178,157,21,21
24074,78,86,-8,8
24075,112,110,2,2
24076,99,85,14,14
24077,94,98,-4,4
24078,86,73,13,13
24079,116,109,7,7
24080,64,60,4,4
24081,51,45,6,6
24082,176,150,26,26
24083,120,109,11,11
24084,121,103,18,18
24085,84,83,1,1
24086,108,108,0,0
24087,97,96,1,1
24088,91,93,-2,2
24089,117,119,-2,2
24090,102,93,9,9
24091,53,46,7,7
24092,82,80,2,2
24093,63,66,-3,3
24094,50,90,-40,40
24095,121,111,10,10
24096,33,45,-12,12
24097,75,71,4,4
24098,98,100,-2,2
24099,95,88,7,7
24100,94,91,3,3
24101,43,46,-3,3
24102,88,98,-10,10
24103,72,72,0,0
24104,118,110,8,8
24105,76,81,-5,5
24106,58,53,5,5
24107,104,88,16,16
24108,115,112,3,3
24109,63,59,4,4
24110,105,107,-2,2
24111,59,54,5,5
24112,58,52,6,6
24113,146,138,8,8
24114,82,87,-5,5
24115,114,123,-9,9
24116,95,89,6,6
24117,46,49,-3,3
24118,122,116,6,6
24119,78,81,-3,3
24120,97,90,7,7
24121,111,113,-2,2
24122,161,149,12,12
24123,157,162,-5,5
24124,90,99,-9,9
24125,69,67,2,2
24126,78,78,0,0
24127,111,105,6,6
24128,56,48,8,8
24129,83,70,13,13
24130,186,177,9,9
24131,76,82,-6,6
24132,76,82,-6,6
24133,136,136,0,0
24134,87,85,2,2
24135,87,81,6,6
24136,72,73,-1,1
24137,64,74,-10,10
24138,162,162,0,0
24139,59,61,-2,2
24140,77,74,3,3
24141,58,56,2,2
24142,65,60,5,5
24143,103,97,6,6
24144,74,76,-2,2
24145,83,70,13,13
24146,62,62,0,0
24147,115,103,12,12
24148,88,93,-5,5
24149,79,86,-7,7
24150,102,97,5,5
24151,76,70,6,6
24152,72,73,-1,1
24153,127,132,-5,5
24154,57,60,-3,3
24155,123,122,1,1
24156,108,104,4,4
24157,179,163,16,16
24158,56,79,-23,23
24159,129,136,-7,7
24160,76,76,0,0
24161,160,138,22,22
24162,108,97,11,11
24163,65,64,1,1
24164,80,75,5,5
24165,68,83,-15,15
24166,125,154,-29,29
24167,55,55,0,0
24168,101,107,-6,6
24169,102,95,7,7
24170,151,158,-7,7
24171,98,126,-28,28
24172,72,83,-11,11
24173,124,118,6,6
24174,113,106,7,7
24175,84,73,11,11
24176,51,59,-8,8
24177,73,71,2,2
24178,58,44,14,14
24179,103,100,3,3
24180,89,74,15,15
24181,103,107,-4,4
24182,122,119,3,3
24183,62,63,-1,1
24184,152,139,13,13
24185,49,53,-4,4
24186,76,78,-2,2
24187,107,100,7,7
24188,63,80,-17,17
24189,132,131,1,1
24190,167,108,59,59
24191,105,96,9,9
24192,160,162,-2,2
24193,86,83,3,3
24194,105,96,9,9
24195,88,88,0,0
24196,102,97,5,5
24197,102,115,-13,13
24198,101,110,-9,9
24199,48,55,-7,7
24200,131,134,-3,3
24201,45,42,3,3
24202,100,101,-1,1
24203,77,77,0,0
24204,131,140,-9,9
24205,106,106,0,0
24206,115,112,3,3
24207,140,128,12,12
24208,111,116,-5,5
24209,100,106,-6,6
24210,55,60,-5,5
24211,80,75,5,5
24212,98,106,-8,8
24213,61,53,8,8
24214,106,99,7,7
24215,91,93,-2,2
24216,96,91,5,5
24217,88,82,6,6
24218,79,82,-3,3
24219,108,117,-9,9
24220,108,110,-2,2
24221,137,120,17,17
24222,110,113,-3,3
24223,67,67,0,0
24224,81,75,6,6
24225,74,75,-1,1
24226,95,106,-11,11
24227,36,34,2,2
24228,96,94,2,2
24229,80,87,-7,7
24230,86,77,9,9
24231,145,159,-14,14
24232,163,166,-3,3
24233,57,54,3,3
24234,91,99,-8,8
24235,100,103,-3,3
24236,55,50,5,5
24237,118,111,7,7
24238,183,184,-1,1
24239,79,85,-6,6
24240,82,68,14,14
24241,107,106,1,1
24242,47,49,-2,2
24243,103,109,-6,6
24244,78,76,2,2
24245,114,117,-3,3
24246,127,120,7,7
24247,65,71,-6,6
24248,149,161,-12,12
24249,72,69,3,3
24250,75,81,-6,6
24251,99,98,1,1
24252,91,89,2,2
24253,50,63,-13,13
24254,116,114,2,2
24255,150,134,16,16
24256,136,139,-3,3
24257,145,106,39,39
24258,64,72,-8,8
24259,81,79,2,2
24260,76,69,7,7
24261,91,78,13,13
24262,64,57,7,7
24263,52,65,-13,13
24264,85,90,-5,5
24265,93,92,1,1
24266,80,85,-5,5
24267,84,91,-7,7
24268,71,65,6,6
24269,73,68,5,5
24270,54,59,-5,5
24271,87,80,7,7
24272,88,96,-8,8
24273,50,56,-6,6
24274,122,115,7,7
24275,98,97,1,1
24276,82,76,6,6
24277,173,161,12,12
24278,78,74,4,4
24279,106,100,6,6
24280,103,112,-9,9
24281,78,75,3,3
24282,57,60,-3,3
24283,125,135,-10,10
24284,103,113,-10,10
24285,100,99,1,1
24286,78,79,-1,1
24287,122,111,11,11
24288,122,133,-11,11
24289,135,127,8,8
24290,110,93,17,17
24291,174,159,15,15
24292,54,54,0,0
24293,43,44,-1,1
24294,82,79,3,3
24295,91,81,10,10
24296,104,94,10,10
24297,148,141,7,7
24298,30,34,-4,4
24299,115,108,7,7
24300,122,114,8,8
24301,126,116,10,10
24302,68,75,-7,7
24303,119,103,16,16
24304,124,132,-8,8
24305,81,72,9,9
24306,74,69,5,5
24307,75,72,3,3
24308,57,63,-6,6
24309,92,75,17,17
24310,79,74,5,5
24311,118,120,-2,2
24312,62,66,-4,4
24313,86,77,9,9
24314,57,49,8,8
24315,93,108,-15,15
24316,111,99,12,12
24317,77,75,2,2
24318,66,72,-6,6
24319,142,109,33,33
24320,117,100,17,17
24321,48,54,-6,6
24322,195,181,14,14
24323,100,101,-1,1
24324,103,86,17,17
24325,59,69,-10,10
24326,76,72,4,4
24327,108,109,-1,1
24328,127,128,-1,1
24329,91,87,4,4
24330,67,69,-2,2
24331,157,151,6,6
24332,120,130,-10,10
24333,79,82,-3,3
24334,95,97,-2,2
24335,103,104,-1,1
24336,126,125,1,1
24337,73,97,-24,24
24338,53,63,-10,10
24339,126,125,1,1
24340,78,68,10,10
24341,128,125,3,3
24342,51,54,-3,3
24343,76,73,3,3
24344,130,134,-4,4
24345,87,89,-2,2
24346,76,82,-6,6
24347,71,65,6,6
24348,115,112,3,3
24349,119,119,0,0
24350,75,73,2,2
24351,75,81,-6,6
24352,93,89,4,4
24353,128,135,-7,7
24354,127,157,-30,30
24355,94,94,0,0
24356,133,120,13,13
24357,53,42,11,11
24358,146,131,15,15
24359,117,131,-14,14
24360,74,73,1,1
24361,126,124,2,2
24362,41,44,-3,3
24363,143,143,0,0
24364,90,88,2,2
24365,73,79,-6,6
24366,156,153,3,3
24367,72,67,5,5
24368,59,53,6,6
24369,27,62,-35,35
24370,93,96,-3,3
24371,87,90,-3,3
24372,44,58,-14,14
24373,182,179,3,3
24374,90,91,-1,1
24375,170,157,13,13
24376,128,128,0,0
24377,102,95,7,7
24378,99,101,-2,2
24379,106,100,6,6
24380,86,78,8,8
24381,127,112,15,15
24382,99,91,8,8
24383,101,103,-2,2
24384,155,149,6,6
24385,184,163,21,21
24386,98,96,2,2
24387,95,98,-3,3
24388,108,134,-26,26
24389,103,110,-7,7
24390,147,146,1,1
24391,100,93,7,7
24392,76,98,-22,22
24393,308,228,80,80
24394,71,71,0,0
24395,80,85,-5,5
24396,88,80,8,8
24397,92,102,-10,10
24398,105,110,-5,5
24399,63,70,-7,7
24400,89,88,1,1
24401,77,87,-10,10
24402,94,95,-1,1
24403,72,85,-13,13
24404,65,62,3,3
24405,132,119,13,13
24406,90,85,5,5
24407,83,86,-3,3
24408,35,70,-35,35
24409,163,157,6,6
24410,73,71,2,2
24411,117,117,0,0
24412,87,83,4,4
24413,70,78,-8,8
24414,189,180,9,9
24415,81,78,3,3
24416,59,76,-17,17
24417,110,116,-6,6
24418,103,110,-7,7
24419,89,90,-1,1
24420,90,79,11,11
24421,475,331,144,144
24422,66,61,5,5
24423,97,99,-2,2
24424,89,83,6,6
24425,106,106,0,0
24426,81,77,4,4
24427,143,144,-1,1
24428,113,109,4,4
24429,83,88,-5,5
24430,276,276,0,0
24431,88,84,4,4
24432,91,94,-3,3
24433,179,158,21,21
24434,175,131,44,44
24435,86,87,-1,1
24436,60,63,-3,3
24437,86,85,1,1
24438,104,96,8,8
24439,144,141,3,3
24440,93,91,2,2
24441,98,99,-1,1
24442,59,67,-8,8
24443,112,149,-37,37
24444,98,108,-10,10
24445,60,62,-2,2
24446,72,63,9,9
24447,42,49,-7,7
24448,57,54,3,3
24449,138,127,11,11
24450,99,94,5,5
24451,134,135,-1,1
24452,96,81,15,15
24453,101,103,-2,2
24454,88,103,-15,15
24455,79,86,-7,7
24456,61,49,12,12
24457,77,64,13,13
24458,119,123,-4,4
24459,124,119,5,5
24460,77,82,-5,5
24461,81,78,3,3
24462,70,71,-1,1
24463,120,134,-14,14
24464,90,98,-8,8
24465,88,92,-4,4
24466,49,44,5,5
24467,70,65,5,5
24468,90,89,1,1
24469,70,65,5,5
24470,119,104,15,15
24471,99,100,-1,1
24472,79,84,-5,5
24473,112,108,4,4
24474,63,63,0,0
24475,40,50,-10,10
24476,145,140,5,5
24477,82,78,4,4
24478,87,84,3,3
24479,75,70,5,5
24480,71,66,5,5
24481,84,81,3,3
24482,85,80,5,5
24483,101,92,9,9
24484,111,93,18,18
24485,90,91,-1,1
24486,63,63,0,0
24487,174,179,-5,5
24488,106,109,-3,3
24489,64,72,-8,8
24490,33,39,-6,6
24491,100,114,-14,14
24492,185,164,21,21
24493,68,67,1,1
24494,29,33,-4,4
24495,45,48,-3,3
24496,58,62,-4,4
24497,120,110,10,10
24498,124,114,10,10
24499,70,65,5,5
24500,104,109,-5,5
24501,101,95,6,6
24502,92,92,0,0
24503,81,77,4,4
24504,59,59,0,0
24505,84,84,0,0
24506,67,72,-5,5
24507,105,97,8,8
24508,81,83,-2,2
24509,56,57,-1,1
24510,115,117,-2,2
24511,117,111,6,6
24512,95,85,10,10
24513,134,127,7,7
24514,89,91,-2,2
24515,136,137,-1,1
24516,100,101,-1,1
24517,95,108,-13,13
24518,73,76,-3,3
24519,58,69,-11,11
24520,157,146,11,11
24521,77,75,2,2
24522,54,46,8,8
24523,90,101,-11,11
24524,85,92,-7,7
24525,71,69,2,2
24526,73,71,2,2
24527,87,81,6,6
24528,57,59,-2,2
24529,64,64,0,0
24530,72,70,2,2
24531,184,158,26,26
24532,152,122,30,30
24533,88,89,-1,1
24534,90,86,4,4
24535,96,106,-10,10
24536,117,105,12,12
24537,65,61,4,4
24538,101,90,11,11
24539,130,133,-3,3
24540,189,172,17,17
24541,80,83,-3,3
24542,72,78,-6,6
24543,99,105,-6,6
24544,131,125,6,6
24545,120,129,-9,9
24546,64,67,-3,3
24547,59,47,12,12
24548,69,69,0,0
24549,44,53,-9,9
24550,85,94,-9,9
24551,51,67,-16,16
24552,70,71,-1,1
24553,61,68,-7,7
24554,110,126,-16,16
24555,69,77,-8,8
24556,56,55,1,1
24557,125,141,-16,16
24558,91,82,9,9
24559,53,64,-11,11
24560,91,92,-1,1
24561,42,44,-2,2
24562,85,88,-3,3
24563,33,38,-5,5
24564,94,84,10,10
24565,143,141,2,2
24566,72,67,5,5
24567,85,85,0,0
24568,132,134,-2,2
24569,103,98,5,5
24570,131,111,20,20
24571,72,71,1,1
24572,109,112,-3,3
24573,104,105,-1,1
24574,128,126,2,2
24575,147,143,4,4
24576,90,87,3,3
24577,44,51,-7,7
24578,84,85,-1,1
24579,129,130,-1,1
24580,76,91,-15,15
24581,82,94,-12,12
24582,155,134,21,21
24583,141,130,11,11
24584,110,121,-11,11
24585,117,122,-5,5
24586,112,113,-1,1
24587,109,115,-6,6
24588,63,53,10,10
24589,68,71,-3,3
24590,140,132,8,8
24591,42,49,-7,7
24592,97,110,-13,13
24593,73,66,7,7
24594,49,42,7,7
24595,163,137,26,26
24596,116,116,0,0
24597,98,113,-15,15
24598,97,95,2,2
24599,76,78,-2,2
24600,84,80,4,4
24601,52,47,5,5
24602,134,129,5,5
24603,62,54,8,8
24604,123,123,0,0
24605,55,55,0,0
24606,80,83,-3,3
24607,77,77,0,0
24608,121,130,-9,9
24609,45,50,-5,5
24610,66,65,1,1
24611,59,62,-3,3
24612,45,53,-8,8
24613,63,64,-1,1
24614,65,79,-14,14
24615,95,90,5,5
24616,84,81,3,3
24617,110,127,-17,17
24618,83,84,-1,1
24619,133,115,18,18
24620,111,107,4,4
24621,69,69,0,0
24622,43,43,0,0
24623,97,102,-5,5
24624,78,92,-14,14
24625,75,76,-1,1
24626,130,120,10,10
24627,73,77,-4,4
24628,156,154,2,2
24629,110,96,14,14
24630,132,132,0,0
24631,108,109,-1,1
24632,97,100,-3,3
24633,139,130,9,9
24634,88,84,4,4
24635,136,125,11,11
24636,115,108,7,7
24637,141,134,7,7
24638,125,120,5,5
24639,114,107,7,7
24640,127,123,4,4
24641,87,91,-4,4
24642,126,127,-1,1
24643,83,91,-8,8
24644,68,63,5,5
24645,100,96,4,4
24646,67,69,-2,2
24647,79,69,10,10
24648,123,121,2,2
24649,49,48,1,1
24650,73,84,-11,11
24651,105,96,9,9
24652,86,82,4,4
24653,78,88,-10,10
24654,97,89,8,8
24655,95,103,-8,8
24656,46,49,-3,3
24657,105,114,-9,9
24658,157,148,9,9
24659,97,113,-16,16
24660,130,119,11,11
24661,114,127,-13,13
24662,56,61,-5,5
24663,37,43,-6,6
24664,133,134,-1,1
24665,80,96,-16,16
24666,56,53,3,3
24667,64,63,1,1
24668,78,81,-3,3
24669,96,93,3,3
24670,90,84,6,6
24671,126,116,10,10
24672,85,85,0,0
24673,60,54,6,6
24674,92,89,3,3
24675,105,106,-1,1
24676,92,91,1,1
24677,85,82,3,3
24678,187,168,19,19
24679,108,121,-13,13
24680,64,59,5,5
24681,99,92,7,7
24682,92,93,-1,1
24683,111,112,-1,1
24684,83,74,9,9
24685,92,88,4,4
24686,68,60,8,8
24687,158,136,22,22
24688,54,52,2,2
24689,86,75,11,11
24690,94,92,2,2
24691,102,100,2,2
24692,55,53,2,2
24693,52,60,-8,8
24694,69,77,-8,8
24695,97,91,6,6
24696,59,68,-9,9
24697,86,83,3,3
24698,104,105,-1,1
24699,119,127,-8,8
24700,124,107,17,17
24701,99,99,0,0
24702,94,90,4,4
24703,129,133,-4,4
24704,134,118,16,16
24705,58,67,-9,9
24706,131,120,11,11
24707,100,90,10,10
24708,97,90,7,7
24709,75,66,9,9
24710,133,130,3,3
24711,87,80,7,7
24712,76,73,3,3
24713,55,53,2,2
24714,167,168,-1,1
24715,108,114,-6,6
24716,64,67,-3,3
24717,56,66,-10,10
24718,49,73,-24,24
24719,55,51,4,4
24720,80,99,-19,19
24721,55,59,-4,4
24722,169,160,9,9
24723,156,154,2,2
24724,102,93,9,9
24725,94,91,3,3
24726,92,93,-1,1
24727,116,130,-14,14
24728,120,125,-5,5
24729,107,104,3,3
24730,113,114,-1,1
24731,75,76,-1,1
24732,67,60,7,7
24733,98,87,11,11
24734,193,175,18,18
24735,165,164,1,1
24736,92,82,10,10
24737,53,47,6,6
24738,82,89,-7,7
24739,113,119,-6,6
24740,89,95,-6,6
24741,93,83,10,10
24742,94,94,0,0
24743,87,82,5,5
24744,145,129,16,16
24745,142,133,9,9
24746,115,111,4,4
24747,82,90,-8,8
24748,87,93,-6,6
24749,74,70,4,4
24750,61,72,-11,11
24751,125,119,6,6
24752,74,73,1,1
24753,129,123,6,6
24754,88,85,3,3
24755,93,98,-5,5
24756,83,82,1,1
24757,123,112,11,11
24758,103,100,3,3
24759,136,138,-2,2
24760,88,83,5,5
24761,94,93,1,1
24762,71,76,-5,5
24763,80,85,-5,5
24764,73,71,2,2
24765,90,80,10,10
24766,81,78,3,3
24767,85,90,-5,5
24768,48,58,-10,10
24769,122,135,-13,13
24770,120,114,6,6
24771,100,104,-4,4
24772,123,115,8,8
24773,154,139,15,15
24774,49,55,-6,6
24775,110,94,16,16
24776,90,93,-3,3
24777,103,99,4,4
24778,69,75,-6,6
24779,113,108,5,5
24780,102,99,3,3
24781,80,110,-30,30
24782,45,48,-3,3
24783,154,148,6,6
24784,116,105,11,11
24785,125,118,7,7
24786,182,164,18,18
24787,68,62,6,6
24788,82,70,12,12
24789,78,76,2,2
24790,60,74,-14,14
24791,119,109,10,10
24792,76,76,0,0
24793,102,100,2,2
24794,94,113,-19,19
24795,76,81,-5,5
24796,52,49,3,3
24797,82,67,15,15
24798,117,119,-2,2
24799,110,106,4,4
24800,165,155,10,10
24801,79,70,9,9
24802,132,128,4,4
24803,118,113,5,5
24804,95,87,8,8
24805,74,75,-1,1
24806,52,69,-17,17
24807,104,112,-8,8
24808,103,130,-27,27
24809,119,115,4,4
24810,99,102,-3,3
24811,141,133,8,8
24812,62,59,3,3
24813,95,95,0,0
24814,115,111,4,4
24815,97,108,-11,11
24816,46,64,-18,18
24817,122,131,-9,9
24818,121,122,-1,1
24819,102,108,-6,6
24820,148,140,8,8
24821,71,64,7,7
24822,114,98,16,16
24823,126,122,4,4
24824,84,81,3,3
24825,83,81,2,2
24826,101,87,14,14
24827,98,96,2,2
24828,121,111,10,10
24829,84,96,-12,12
24830,56,68,-12,12
24831,90,77,13,13
24832,85,80,5,5
24833,87,84,3,3
24834,113,117,-4,4
24835,140,140,0,0
24836,116,118,-2,2
24837,120,129,-9,9
24838,82,77,5,5
24839,150,135,15,15
24840,89,86,3,3
24841,72,69,3,3
24842,106,107,-1,1
24843,66,72,-6,6
24844,67,69,-2,2
24845,78,75,3,3
24846,118,113,5,5
24847,83,95,-12,12
24848,133,139,-6,6
24849,127,125,2,2
24850,178,168,10,10
24851,70,68,2,2
24852,50,53,-3,3
24853,121,112,9,9
24854,127,122,5,5
24855,62,54,8,8
24856,74,73,1,1
24857,79,79,0,0
24858,95,89,6,6
24859,103,105,-2,2
24860,113,102,11,11
24861,58,75,-17,17
24862,162,124,38,38
24863,43,45,-2,2
24864,73,68,5,5
24865,60,62,-2,2
24866,134,126,8,8
24867,66,66,0,0
24868,42,60,-18,18
24869,89,85,4,4
24870,82,67,15,15
24871,133,130,3,3
24872,28,32,-4,4
24873,120,104,16,16
24874,60,55,5,5
24875,59,64,-5,5
24876,54,55,-1,1
24877,81,87,-6,6
24878,102,101,1,1
24879,47,49,-2,2
24880,90,75,15,15
24881,123,110,13,13
24882,83,82,1,1
24883,92,105,-13,13
24884,105,101,4,4
24885,108,97,11,11
24886,114,123,-9,9
24887,57,62,-5,5
24888,67,67,0,0
24889,85,91,-6,6
24890,68,73,-5,5
24891,55,49,6,6
24892,93,91,2,2
24893,61,64,-3,3
24894,61,60,1,1
24895,87,87,0,0
24896,85,80,5,5
24897,88,87,1,1
24898,57,55,2,2
24899,65,69,-4,4
24900,58,61,-3,3
24901,118,113,5,5
24902,94,94,0,0
24903,164,162,2,2
24904,74,79,-5,5
24905,106,152,-46,46
24906,97,112,-15,15
24907,117,114,3,3
24908,123,126,-3,3
24909,72,81,-9,9
24910,73,66,7,7
24911,105,147,-42,42
24912,53,59,-6,6
24913,63,63,0,0
24914,85,82,3,3
24915,136,147,-11,11
24916,113,100,13,13
24917,92,101,-9,9
24918,97,99,-2,2
24919,95,108,-13,13
24920,106,103,3,3
24921,167,160,7,7
24922,121,132,-11,11
24923,42,45,-3,3
24924,80,85,-5,5
24925,48,61,-13,13
24926,116,113,3,3
24927,117,114,3,3
24928,67,69,-2,2
24929,69,69,0,0
24930,114,98,16,16
24931,134,124,10,10
24932,91,88,3,3
24933,88,84,4,4
24934,130,131,-1,1
24935,187,184,3,3
24936,99,102,-3,3
24937,95,103,-8,8
24938,151,149,2,2
24939,97,97,0,0
24940,66,65,1,1
24941,39,43,-4,4
24942,114,116,-2,2
24943,124,114,10,10
24944,109,110,-1,1
24945,92,111,-19,19
24946,50,52,-2,2
24947,139,132,7,7
24948,116,118,-2,2
24949,79,76,3,3
24950,69,86,-17,17
24951,95,98,-3,3
24952,112,116,-4,4
24953,57,64,-7,7
24954,57,60,-3,3
24955,112,122,-10,10
24956,77,80,-3,3
24957,79,84,-5,5
24958,115,111,4,4
24959,52,59,-7,7
24960,121,104,17,17
24961,93,92,1,1
24962,51,47,4,4
24963,71,74,-3,3
24964,126,131,-5,5
24965,149,138,11,11
24966,91,108,-17,17
24967,142,142,0,0
24968,55,64,-9,9
24969,110,112,-2,2
24970,197,202,-5,5
24971,85,80,5,5
24972,115,112,3,3
24973,111,101,10,10
24974,136,128,8,8
24975,57,60,-3,3
24976,100,86,14,14
24977,121,112,9,9
24978,105,96,9,9
24979,145,152,-7,7
24980,93,90,3,3
24981,104,105,-1,1
24982,104,93,11,11
24983,89,84,5,5
24984,82,79,3,3
24985,137,123,14,14
24986,112,100,12,12
24987,99,93,6,6
24988,94,94,0,0
24989,140,131,9,9
24990,75,83,-8,8
24991,114,116,-2,2
24992,71,70,1,1
24993,155,133,22,22
24994,71,70,1,1
24995,61,59,2,2
24996,84,97,-13,13
24997,75,68,7,7
24998,128,138,-10,10
24999,247,247,0,0
25000,101,106,-5,5
25001,113,100,13,13
25002,116,113,3,3
25003,112,109,3,3
25004,83,86,-3,3
25005,52,58,-6,6
25006,73,59,14,14
25007,43,50,-7,7
25008,96,101,-5,5
25009,49,60,-11,11
25010,57,64,-7,7
25011,104,125,-21,21
25012,86,82,4,4
25013,66,68,-2,2
25014,69,81,-12,12
25015,92,97,-5,5
25016,120,121,-1,1
25017,124,124,0,0
25018,109,103,6,6
25019,90,105,-15,15
25020,88,87,1,1
25021,60,59,1,1
25022,100,108,-8,8
25023,171,203,-32,32
25024,55,59,-4,4
25025,143,142,1,1
25026,104,101,3,3
25027,120,120,0,0
25028,132,129,3,3
25029,142,147,-5,5
25030,68,68,0,0
25031,74,71,3,3
25032,107,106,1,1
25033,82,76,6,6
25034,48,52,-4,4
25035,83,78,5,5
25036,66,68,-2,2
25037,90,91,-1,1
25038,114,119,-5,5
25039,123,104,19,19
25040,140,129,11,11
25041,71,65,6,6
25042,112,107,5,5
25043,175,184,-9,9
25044,148,134,14,14
25045,87,85,2,2
25046,156,159,-3,3
25047,44,46,-2,2
25048,105,104,1,1
25049,120,127,-7,7
25050,65,62,3,3
25051,120,119,1,1
25052,69,66,3,3
25053,91,101,-10,10
25054,135,119,16,16
25055,133,136,-3,3
25056,81,84,-3,3
25057,74,63,11,11
25058,144,148,-4,4
25059,146,145,1,1
25060,95,80,15,15
25061,223,193,30,30
25062,126,108,18,18
25063,49,49,0,0
25064,102,101,1,1
25065,116,108,8,8
25066,60,59,1,1
25067,154,147,7,7
25068,134,110,24,24
25069,100,100,0,0
25070,76,64,12,12
25071,74,72,2,2
25072,77,69,8,8
25073,88,89,-1,1
25074,76,85,-9,9
25075,81,77,4,4
25076,165,161,4,4
25077,108,108,0,0
25078,53,42,11,11
25079,59,61,-2,2
25080,85,108,-23,23
25081,98,92,6,6
25082,58,59,-1,1
25083,105,104,1,1
25084,148,146,2,2
25085,159,140,19,19
25086,163,168,-5,5
25087,102,96,6,6
25088,71,93,-22,22
25089,156,146,10,10
25090,97,93,4,4
25091,97,92,5,5
25092,72,68,4,4
25093,83,107,-24,24
25094,81,71,10,10
25095,103,96,7,7
25096,95,94,1,1
25097,82,93,-11,11
25098,121,114,7,7
25099,78,83,-5,5
25100,98,93,5,5
25101,145,147,-2,2
25102,122,118,4,4
25103,123,118,5,5
25104,76,72,4,4
25105,195,180,15,15
25106,48,44,4,4
25107,59,69,-10,10
25108,73,75,-2,2
25109,73,75,-2,2
25110,63,56,7,7
25111,178,155,23,23
25112,69,69,0,0
25113,96,96,0,0
25114,67,68,-1,1
25115,46,49,-3,3
25116,88,91,-3,3
25117,47,52,-5,5
25118,45,46,-1,1
25119,47,43,4,4
25120,123,117,6,6
25121,124,121,3,3
25122,167,159,8,8
25123,136,127,9,9
25124,72,77,-5,5
25125,109,108,1,1
25126,74,73,1,1
25127,80,74,6,6
25128,126,125,1,1
25129,119,112,7,7
25130,60,63,-3,3
25131,98,97,1,1
25132,128,117,11,11
25133,96,92,4,4
25134,109,108,1,1
25135,135,132,3,3
25136,86,77,9,9
25137,125,125,0,0
25138,71,78,-7,7
25139,137,136,1,1
25140,86,91,-5,5
25141,150,154,-4,4
25142,83,94,-11,11
25143,57,55,2,2
25144,87,86,1,1
25145,58,68,-10,10
25146,74,82,-8,8
25147,168,147,21,21
25148,145,135,10,10
25149,65,68,-3,3
25150,76,76,0,0
25151,114,114,0,0
25152,151,157,-6,6
25153,146,161,-15,15
25154,65,72,-7,7
25155,77,92,-15,15
25156,165,150,15,15
25157,89,111,-22,22
25158,107,102,5,5
25159,96,115,-19,19
25160,115,115,0,0
25161,74,70,4,4
25162,160,158,2,2
25163,82,84,-2,2
25164,80,75,5,5
25165,94,99,-5,5
25166,97,96,1,1
25167,48,65,-17,17
25168,79,67,12,12
25169,16,33,-17,17
25170,100,98,2,2
25171,51,69,-18,18
25172,86,84,2,2
25173,108,115,-7,7
25174,46,44,2,2
25175,55,51,4,4
25176,112,123,-11,11
25177,84,80,4,4
25178,100,97,3,3
25179,150,138,12,12
25180,138,133,5,5
25181,92,88,4,4
25182,66,68,-2,2
25183,103,99,4,4
25184,96,94,2,2
25185,148,150,-2,2
25186,81,82,-1,1
25187,45,68,-23,23
25188,126,123,3,3
25189,168,161,7,7
25190,76,78,-2,2
25191,134,142,-8,8
25192,83,85,-2,2
25193,118,109,9,9
25194,117,104,13,13
25195,100,105,-5,5
25196,96,98,-2,2
25197,122,117,5,5
25198,76,85,-9,9
25199,96,106,-10,10
25200,103,95,8,8
25201,70,71,-1,1
25202,209,187,22,22
25203,75,73,2,2
25204,54,66,-12,12
25205,111,110,1,1
25206,70,65,5,5
25207,100,105,-5,5
25208,108,99,9,9
25209,56,63,-7,7
25210,172,182,-10,10
25211,67,69,-2,2
25212,118,103,15,15
25213,47,47,0,0
25214,69,68,1,1
25215,85,90,-5,5
25216,63,57,6,6
25217,267,234,33,33
25218,101,98,3,3
25219,126,116,10,10
25220,99,101,-2,2
25221,124,130,-6,6
25222,145,134,11,11
25223,83,76,7,7
25224,96,88,8,8
25225,149,170,-21,21
25226,65,64,1,1
25227,83,76,7,7
25228,51,49,2,2
25229,73,89,-16,16
25230,164,160,4,4
25231,76,83,-7,7
25232,86,83,3,3
25233,128,116,12,12
25234,126,111,15,15
25235,75,71,4,4
25236,85,85,0,0
25237,59,56,3,3
25238,80,69,11,11
25239,115,110,5,5
25240,96,92,4,4
25241,57,62,-5,5
25242,78,74,4,4
25243,92,83,9,9
25244,114,109,5,5
25245,97,88,9,9
25246,67,67,0,0
25247,68,90,-22,22
25248,88,87,1,1
25249,58,62,-4,4
25250,86,94,-8,8
25251,81,79,2,2
25252,80,81,-1,1
25253,107,111,-4,4
25254,65,63,2,2
25255,77,76,1,1
25256,30,37,-7,7
25257,81,85,-4,4
25258,91,102,-11,11
25259,62,72,-10,10
25260,78,88,-10,10
25261,103,99,4,4
25262,113,108,5,5
25263,121,114,7,7
25264,75,74,1,1
25265,113,112,1,1
25266,52,58,-6,6
25267,93,99,-6,6
25268,51,62,-11,11
25269,128,113,15,15
25270,86,78,8,8
25271,107,104,3,3
25272,105,105,0,0
25273,195,184,11,11
25274,64,61,3,3
25275,56,69,-13,13
25276,38,81,-43,43
25277,111,132,-21,21
25278,72,73,-1,1
25279,103,105,-2,2
25280,93,88,5,5
25281,90,98,-8,8
25282,64,75,-11,11
25283,142,133,9,9
25284,96,109,-13,13
25285,85,86,-1,1
25286,99,97,2,2
25287,52,53,-1,1
25288,117,135,-18,18
25289,76,80,-4,4
25290,80,81,-1,1
25291,99,90,9,9
25292,103,96,7,7
25293,60,63,-3,3
25294,96,98,-2,2
25295,112,108,4,4
25296,77,70,7,7
25297,126,116,10,10
25298,125,126,-1,1
25299,132,137,-5,5
25300,79,84,-5,5
25301,106,109,-3,3
25302,35,42,-7,7
25303,85,80,5,5
25304,63,61,2,2
25305,65,75,-10,10
25306,23,50,-27,27
25307,73,74,-1,1
25308,103,108,-5,5
25309,79,79,0,0
25310,81,84,-3,3
25311,54,49,5,5
25312,77,78,-1,1
25313,90,88,2,2
25314,92,92,0,0
25315,54,60,-6,6
25316,101,105,-4,4
25317,102,93,9,9
25318,77,80,-3,3
25319,113,128,-15,15
25320,166,158,8,8
25321,74,78,-4,4
25322,116,118,-2,2
25323,127,136,-9,9
25324,89,85,4,4
25325,101,100,1,1
25326,103,107,-4,4
25327,127,125,2,2
25328,83,75,8,8
25329,123,125,-2,2
25330,118,123,-5,5
25331,160,156,4,4
25332,79,79,0,0
25333,76,70,6,6
25334,51,44,7,7
25335,110,115,-5,5
25336,112,130,-18,18
25337,73,69,4,4
25338,90,85,5,5
25339,87,88,-1,1
25340,97,96,1,1
25341,51,51,0,0
25342,175,173,2,2
25343,51,55,-4,4
25344,96,93,3,3
25345,96,82,14,14
25346,87,91,-4,4
25347,98,95,3,3
25348,195,180,15,15
25349,74,70,4,4
25350,111,101,10,10
25351,62,60,2,2
25352,62,70,-8,8
25353,50,51,-1,1
25354,77,75,2,2
25355,68,55,13,13
25356,72,75,-3,3
25357,82,72,10,10
25358,69,69,0,0
25359,133,135,-2,2
25360,57,61,-4,4
25361,87,101,-14,14
25362,86,81,5,5
25363,53,84,-31,31
25364,111,136,-25,25
25365,85,95,-10,10
25366,68,67,1,1
25367,82,89,-7,7
25368,125,115,10,10
25369,127,118,9,9
25370,46,85,-39,39
25371,125,131,-6,6
25372,133,126,7,7
25373,84,90,-6,6
25374,70,67,3,3
25375,130,117,13,13
25376,86,85,1,1
25377,161,158,3,3
25378,100,122,-22,22
25379,107,107,0,0
25380,89,92,-3,3
25381,62,47,15,15
25382,75,76,-1,1
25383,82,81,1,1
25384,104,109,-5,5
25385,83,96,-13,13
25386,109,100,9,9
25387,57,51,6,6
25388,125,125,0,0
25389,87,77,10,10
25390,201,169,32,32
25391,75,77,-2,2
25392,80,82,-2,2
25393,143,161,-18,18
25394,120,118,2,2
25395,146,145,1,1
25396,70,67,3,3
25397,93,94,-1,1
25398,110,110,0,0
25399,43,49,-6,6
25400,97,91,6,6
25401,70,61,9,9
25402,85,84,1,1
25403,91,100,-9,9
25404,85,89,-4,4
25405,120,113,7,7
25406,70,73,-3,3
25407,61,72,-11,11
25408,67,70,-3,3
25409,156,151,5,5
25410,45,40,5,5
25411,121,127,-6,6
25412,93,104,-11,11
25413,111,120,-9,9
25414,72,78,-6,6
25415,44,46,-2,2
25416,140,148,-8,8
25417,52,57,-5,5
25418,70,72,-2,2
25419,117,119,-2,2
25420,60,65,-5,5
25421,73,83,-10,10
25422,107,100,7,7
25423,90,103,-13,13
25424,59,68,-9,9
25425,102,105,-3,3
25426,73,75,-2,2
25427,86,91,-5,5
25428,58,61,-3,3
25429,66,64,2,2
25430,62,99,-37,37
25431,130,128,2,2
25432,121,105,16,16
25433,114,104,10,10
25434,128,126,2,2
25435,106,108,-2,2
25436,94,88,6,6
25437,139,136,3,3
25438,57,54,3,3
25439,62,74,-12,12
25440,59,65,-6,6
25441,134,124,10,10
25442,88,87,1,1
25443,67,72,-5,5
25444,91,90,1,1
25445,79,71,8,8
25446,99,98,1,1
25447,135,148,-13,13
25448,118,120,-2,2
25449,97,97,0,0
25450,96,85,11,11
25451,81,79,2,2
25452,93,98,-5,5
25453,108,114,-6,6
25454,69,68,1,1
25455,106,108,-2,2
25456,80,84,-4,4
25457,108,106,2,2
25458,95,85,10,10
25459,41,43,-2,2
25460,97,92,5,5
25461,161,133,28,28
25462,96,98,-2,2
25463,86,93,-7,7
25464,123,112,11,11
25465,84,80,4,4
25466,81,86,-5,5
25467,99,97,2,2
25468,108,100,8,8
25469,57,66,-9,9
25470,82,87,-5,5
25471,117,144,-27,27
25472,78,84,-6,6
25473,206,200,6,6
25474,70,72,-2,2
25475,66,71,-5,5
25476,132,121,11,11
25477,73,67,6,6
25478,53,60,-7,7
25479,47,54,-7,7
25480,73,82,-9,9
25481,72,75,-3,3
25482,96,87,9,9
25483,182,181,1,1
25484,80,72,8,8
25485,98,89,9,9
25486,103,104,-1,1
25487,182,184,-2,2
25488,136,149,-13,13
25489,101,98,3,3
25490,81,74,7,7
25491,161,151,10,10
25492,83,91,-8,8
25493,57,68,-11,11
25494,119,108,11,11
25495,103,96,7,7
25496,143,131,12,12
25497,61,102,-41,41
25498,117,112,5,5
25499,113,111,2,2
25500,94,98,-4,4
25501,70,72,-2,2
25502,116,120,-4,4
25503,102,89,13,13
25504,154,149,5,5
25505,91,84,7,7
25506,105,111,-6,6
25507,114,121,-7,7
25508,160,164,-4,4
25509,94,93,1,1
25510,151,133,18,18
25511,170,164,6,6
25512,76,69,7,7
25513,74,73,1,1
25514,101,100,1,1
25515,62,56,6,6
25516,84,83,1,1
25517,109,111,-2,2
25518,106,102,4,4
25519,119,112,7,7
25520,89,94,-5,5
25521,53,52,1,1
25522,37,36,1,1
25523,97,96,1,1
25524,91,86,5,5
25525,94,88,6,6
25526,111,96,15,15
25527,203,205,-2,2
25528,71,69,2,2
25529,63,66,-3,3
25530,55,60,-5,5
25531,87,82,5,5
25532,125,140,-15,15
25533,101,106,-5,5
25534,98,85,13,13
25535,116,124,-8,8
25536,79,81,-2,2
25537,206,199,7,7
25538,102,118,-16,16
25539,153,147,6,6
25540,86,89,-3,3
25541,60,59,1,1
25542,95,107,-12,12
25543,156,146,10,10
25544,90,81,9,9
25545,131,125,6,6
25546,107,101,6,6
25547,56,61,-5,5
25548,96,96,0,0
25549,67,79,-12,12
25550,66,67,-1,1
25551,116,118,-2,2
25552,97,100,-3,3
25553,132,127,5,5
25554,87,93,-6,6
25555,94,96,-2,2
25556,50,50,0,0
25557,104,93,11,11
25558,179,187,-8,8
25559,121,103,18,18
25560,54,62,-8,8
25561,86,75,11,11
25562,29,29,0,0
25563,109,107,2,2
25564,81,88,-7,7
25565,75,83,-8,8
25566,179,166,13,13
25567,59,52,7,7
25568,122,113,9,9
25569,209,193,16,16
25570,53,54,-1,1
25571,79,68,11,11
25572,97,95,2,2
25573,99,105,-6,6
25574,50,47,3,3
25575,81,86,-5,5
25576,77,72,5,5
25577,179,168,11,11
25578,100,107,-7,7
25579,57,63,-6,6
25580,88,87,1,1
25581,47,51,-4,4
25582,92,95,-3,3
25583,94,82,12,12
25584,49,69,-20,20
25585,155,137,18,18
25586,93,99,-6,6
25587,160,146,14,14
25588,34,41,-7,7
25589,109,104,5,5
25590,112,111,1,1
25591,65,61,4,4
25592,76,66,10,10
25593,82,92,-10,10
25594,97,79,18,18
25595,72,75,-3,3
25596,95,100,-5,5
25597,59,63,-4,4
25598,52,51,1,1
25599,81,72,9,9
25600,87,81,6,6
25601,129,122,7,7
25602,57,81,-24,24
25603,54,58,-4,4
25604,122,104,18,18
25605,90,89,1,1
25606,136,131,5,5
25607,55,62,-7,7
25608,69,75,-6,6
25609,118,112,6,6
25610,103,104,-1,1
25611,70,71,-1,1
25612,43,49,-6,6
25613,66,71,-5,5
25614,140,142,-2,2
25615,89,96,-7,7
25616,147,119,28,28
25617,112,113,-1,1
25618,78,68,10,10
25619,40,46,-6,6
25620,55,60,-5,5
25621,77,78,-1,1
25622,80,96,-16,16
25623,71,72,-1,1
25624,82,83,-1,1
25625,82,87,-5,5
25626,93,101,-8,8
25627,68,64,4,4
25628,96,85,11,11
25629,116,111,5,5
25630,53,69,-16,16
25631,87,81,6,6
25632,116,117,-1,1
25633,102,94,8,8
25634,89,84,5,5
25635,121,115,6,6
25636,92,88,4,4
25637,29,61,-32,32
25638,98,87,11,11
25639,70,62,8,8
25640,127,118,9,9
25641,208,199,9,9
25642,85,81,4,4
25643,84,92,-8,8
25644,92,94,-2,2
25645,118,132,-14,14
25646,66,70,-4,4
25647,79,81,-2,2
25648,167,153,14,14
25649,174,171,3,3
25650,92,91,1,1
25651,90,101,-11,11
25652,103,97,6,6
25653,85,84,1,1
25654,43,48,-5,5
25655,144,144,0,0
25656,66,60,6,6
25657,33,62,-29,29
25658,50,59,-9,9
25659,68,65,3,3
25660,152,163,-11,11
25661,102,94,8,8
25662,45,45,0,0
25663,67,66,1,1
25664,59,63,-4,4
25665,92,102,-10,10
25666,138,139,-1,1
25667,152,146,6,6
25668,79,75,4,4
25669,122,123,-1,1
25670,122,116,6,6
25671,59,65,-6,6
25672,164,149,15,15
25673,93,145,-52,52
25674,86,93,-7,7
25675,133,125,8,8
25676,95,109,-14,14
25677,86,92,-6,6
25678,76,71,5,5
25679,152,149,3,3
25680,99,86,13,13
25681,62,61,1,1
25682,92,97,-5,5
25683,105,100,5,5
25684,95,86,9,9
25685,103,78,25,25
25686,64,70,-6,6
25687,113,128,-15,15
25688,139,142,-3,3
25689,116,107,9,9
25690,109,120,-11,11
25691,110,111,-1,1
25692,102,101,1,1
25693,108,116,-8,8
25694,83,72,11,11
25695,151,147,4,4
25696,84,87,-3,3
25697,109,99,10,10
25698,136,129,7,7
25699,109,105,4,4
25700,136,116,20,20
25701,109,105,4,4
25702,68,75,-7,7
25703,76,70,6,6
25704,81,79,2,2
25705,102,99,3,3
25706,139,134,5,5
25707,86,88,-2,2
25708,105,99,6,6
25709,58,66,-8,8
25710,35,45,-10,10
25711,49,60,-11,11
25712,82,80,2,2
25713,70,77,-7,7
25714,79,78,1,1
25715,66,57,9,9
25716,122,122,0,0
25717,77,70,7,7
25718,120,114,6,6
25719,155,138,17,17
25720,123,124,-1,1
25721,74,83,-9,9
25722,88,94,-6,6
25723,143,141,2,2
25724,88,75,13,13
25725,57,62,-5,5
25726,130,129,1,1
25727,81,89,-8,8
25728,83,88,-5,5
25729,173,150,23,23
25730,66,66,0,0
25731,91,93,-2,2
25732,70,66,4,4
25733,73,60,13,13
25734,72,82,-10,10
25735,73,72,1,1
25736,109,120,-11,11
25737,106,66,40,40
25738,72,68,4,4
25739,80,83,-3,3
25740,188,172,16,16
25741,112,111,1,1
25742,116,110,6,6
25743,115,104,11,11
25744,97,97,0,0
25745,171,170,1,1
25746,96,98,-2,2
25747,97,89,8,8
25748,60,62,-2,2
25749,119,104,15,15
25750,144,142,2,2
25751,64,64,0,0
25752,55,60,-5,5
25753,92,90,2,2
25754,92,89,3,3
25755,133,139,-6,6
25756,62,62,0,0
25757,143,140,3,3
25758,92,96,-4,4
25759,95,118,-23,23
25760,43,42,1,1
25761,110,109,1,1
25762,94,82,12,12
25763,68,68,0,0
25764,81,78,3,3
25765,150,135,15,15
25766,129,127,2,2
25767,133,122,11,11
25768,105,102,3,3
25769,66,84,-18,18
25770,91,94,-3,3
25771,90,78,12,12
25772,117,97,20,20
25773,140,134,6,6
25774,165,160,5,5
25775,95,96,-1,1
25776,85,76,9,9
25777,158,150,8,8
25778,138,142,-4,4
25779,96,98,-2,2
25780,122,119,3,3
25781,65,62,3,3
25782,63,66,-3,3
25783,111,105,6,6
25784,80,97,-17,17
25785,79,82,-3,3
25786,100,89,11,11
25787,81,87,-6,6
25788,92,91,1,1
25789,75,92,-17,17
25790,82,84,-2,2
25791,79,89,-10,10
25792,57,67,-10,10
25793,148,123,25,25
25794,79,80,-1,1
25795,122,118,4,4
25796,82,86,-4,4
25797,61,62,-1,1
25798,38,46,-8,8
25799,94,100,-6,6
25800,101,86,15,15
25801,89,81,8,8
25802,68,64,4,4
25803,47,55,-8,8
25804,90,85,5,5
25805,60,64,-4,4
25806,114,106,8,8
25807,80,89,-9,9
25808,127,114,13,13
25809,102,113,-11,11
25810,69,64,5,5
25811,53,69,-16,16
25812,59,64,-5,5
25813,95,97,-2,2
25814,64,62,2,2
25815,144,152,-8,8
25816,71,68,3,3
25817,100,107,-7,7
25818,116,118,-2,2
25819,104,99,5,5
25820,177,182,-5,5
25821,108,106,2,2
25822,132,123,9,9
25823,118,105,13,13
25824,135,152,-17,17
25825,115,112,3,3
25826,73,73,0,0
25827,133,122,11,11
25828,95,93,2,2
25829,80,81,-1,1
25830,48,72,-24,24
25831,158,155,3,3
25832,73,76,-3,3
25833,94,89,5,5
25834,74,97,-23,23
25835,154,158,-4,4
25836,127,131,-4,4
25837,73,70,3,3
25838,89,85,4,4
25839,61,65,-4,4
25840,87,79,8,8
25841,65,82,-17,17
25842,81,89,-8,8
25843,99,99,0,0
25844,83,87,-4,4
25845,90,94,-4,4
25846,82,83,-1,1
25847,115,105,10,10
25848,137,141,-4,4
25849,78,79,-1,1
25850,94,82,12,12
25851,101,101,0,0
25852,96,94,2,2
25853,77,73,4,4
25854,112,101,11,11
25855,138,141,-3,3
25856,98,93,5,5
25857,91,93,-2,2
25858,143,136,7,7
25859,153,150,3,3
25860,40,45,-5,5
25861,69,64,5,5
25862,67,66,1,1
25863,43,52,-9,9
25864,104,104,0,0
25865,117,109,8,8
25866,84,77,7,7
25867,84,89,-5,5
25868,74,66,8,8
25869,75,69,6,6
25870,147,154,-7,7
25871,94,100,-6,6
25872,92,89,3,3
25873,71,76,-5,5
25874,84,82,2,2
25875,78,100,-22,22
25876,83,80,3,3
25877,84,91,-7,7
25878,42,65,-23,23
25879,149,152,-3,3
25880,95,101,-6,6
25881,132,120,12,12
25882,83,93,-10,10
25883,131,133,-2,2
25884,62,68,-6,6
25885,87,88,-1,1
25886,91,85,6,6
25887,155,170,-15,15
25888,73,80,-7,7
25889,98,101,-3,3
25890,72,67,5,5
25891,75,77,-2,2
25892,147,143,4,4
25893,54,61,-7,7
25894,128,122,6,6
25895,98,96,2,2
25896,111,109,2,2
25897,81,84,-3,3
25898,87,78,9,9
25899,28,64,-36,36
25900,123,122,1,1
25901,82,76,6,6
25902,82,72,10,10
25903,113,105,8,8
25904,121,136,-15,15
25905,124,124,0,0
25906,85,78,7,7
25907,82,83,-1,1
25908,107,111,-4,4
25909,113,113,0,0
25910,74,83,-9,9
25911,97,89,8,8
25912,56,62,-6,6
25913,89,89,0,0
25914,132,124,8,8
25915,134,129,5,5
25916,93,97,-4,4
25917,128,139,-11,11
25918,121,123,-2,2
25919,132,141,-9,9
25920,114,116,-2,2
25921,93,89,4,4
25922,132,133,-1,1
25923,139,119,20,20
25924,59,63,-4,4
25925,185,164,21,21
25926,47,53,-6,6
25927,68,71,-3,3
25928,122,132,-10,10
25929,130,137,-7,7
25930,98,101,-3,3
25931,42,44,-2,2
25932,125,125,0,0
25933,56,61,-5,5
25934,129,127,2,2
25935,60,82,-22,22
25936,51,53,-2,2
25937,78,77,1,1
25938,62,69,-7,7
25939,80,94,-14,14
25940,39,48,-9,9
25941,120,122,-2,2
25942,100,93,7,7
25943,112,122,-10,10
25944,85,81,4,4
25945,118,113,5,5
25946,124,131,-7,7
25947,56,60,-4,4
25948,97,97,0,0
25949,83,93,-10,10
25950,91,93,-2,2
25951,68,71,-3,3
25952,108,113,-5,5
25953,87,89,-2,2
25954,57,59,-2,2
25955,70,65,5,5
25956,87,86,1,1
25957,111,102,9,9
25958,79,83,-4,4
25959,117,106,11,11
25960,95,98,-3,3
25961,139,132,7,7
25962,52,47,5,5
25963,47,101,-54,54
25964,104,102,2,2
25965,89,80,9,9
25966,86,92,-6,6
25967,90,83,7,7
25968,113,108,5,5
25969,89,89,0,0
25970,94,99,-5,5
25971,134,137,-3,3
25972,63,64,-1,1
25973,102,99,3,3
25974,146,134,12,12
25975,140,142,-2,2
25976,73,75,-2,2
25977,127,125,2,2
25978,47,55,-8,8
25979,90,108,-18,18
25980,77,78,-1,1
25981,136,130,6,6
25982,121,121,0,0
25983,82,75,7,7
25984,114,123,-9,9
25985,114,108,6,6
25986,80,76,4,4
25987,82,75,7,7
25988,79,75,4,4
25989,107,110,-3,3
25990,113,100,13,13
25991,114,110,4,4
25992,52,60,-8,8
25993,67,69,-2,2
25994,74,79,-5,5
25995,113,112,1,1
25996,77,73,4,4
25997,125,132,-7,7
25998,60,57,3,3
25999,78,80,-2,2
26000,94,94,0,0
26001,102,99,3,3
26002,115,109,6,6
26003,114,109,5,5
26004,115,122,-7,7
26005,109,103,6,6
26006,107,114,-7,7
26007,80,78,2,2
26008,111,107,4,4
26009,36,60,-24,24
26010,78,76,2,2
26011,87,83,4,4
26012,74,74,0,0
26013,70,76,-6,6
26014,64,64,0,0
26015,51,51,0,0
26016,97,100,-3,3
26017,106,103,3,3
26018,150,150,0,0
26019,105,98,7,7
26020,80,84,-4,4
26021,81,82,-1,1
26022,78,81,-3,3
26023,103,108,-5,5
26024,68,71,-3,3
26025,69,72,-3,3
26026,100,117,-17,17
26027,100,85,15,15
26028,171,163,8,8
26029,102,98,4,4
26030,98,90,8,8
26031,81,88,-7,7
26032,86,79,7,7
26033,47,50,-3,3
26034,83,84,-1,1
26035,139,139,0,0
26036,71,78,-7,7
26037,142,140,2,2
26038,65,60,5,5
26039,68,65,3,3
26040,63,63,0,0
26041,105,94,11,11
26042,53,60,-7,7
26043,126,124,2,2
26044,137,138,-1,1
26045,64,60,4,4
26046,126,136,-10,10
26047,117,108,9,9
26048,65,92,-27,27
26049,133,138,-5,5
26050,64,59,5,5
26051,96,90,6,6
26052,92,92,0,0
26053,99,107,-8,8
26054,148,149,-1,1
26055,54,54,0,0
26056,99,81,18,18
26057,89,98,-9,9
26058,63,63,0,0
26059,90,89,1,1
26060,71,85,-14,14
26061,82,72,10,10
26062,89,88,1,1
26063,58,60,-2,2
26064,88,92,-4,4
26065,91,93,-2,2
26066,29,35,-6,6
26067,63,72,-9,9
26068,73,70,3,3
26069,68,60,8,8
26070,76,81,-5,5
26071,73,67,6,6
26072,152,141,11,11
26073,113,97,16,16
26074,57,49,8,8
26075,81,79,2,2
26076,102,109,-7,7
26077,87,110,-23,23
26078,106,108,-2,2
26079,83,89,-6,6
26080,164,155,9,9
26081,122,102,20,20
26082,68,76,-8,8
26083,79,75,4,4
26084,57,59,-2,2
26085,116,123,-7,7
26086,57,59,-2,2
26087,105,91,14,14
26088,95,91,4,4
26089,164,165,-1,1
26090,159,165,-6,6
26091,92,79,13,13
26092,100,112,-12,12
26093,64,59,5,5
26094,121,162,-41,41
26095,157,146,11,11
26096,116,112,4,4
26097,46,52,-6,6
26098,106,100,6,6
26099,67,74,-7,7
26100,83,84,-1,1
26101,66,61,5,5
26102,105,112,-7,7
26103,166,169,-3,3
26104,109,94,15,15
26105,75,75,0,0
26106,86,84,2,2
26107,91,87,4,4
26108,76,74,2,2
26109,149,162,-13,13
26110,102,93,9,9
26111,76,77,-1,1
26112,64,59,5,5
26113,108,103,5,5
26114,99,97,2,2
26115,104,105,-1,1
26116,136,143,-7,7
26117,72,83,-11,11
26118,92,80,12,12
26119,70,70,0,0
26120,69,68,1,1
26121,154,147,7,7
26122,129,124,5,5
26123,102,98,4,4
26124,107,103,4,4
26125,107,110,-3,3
26126,75,65,10,10
26127,108,103,5,5
26128,96,90,6,6
26129,80,85,-5,5
26130,73,75,-2,2
26131,129,128,1,1
26132,57,56,1,1
26133,92,89,3,3
26134,70,77,-7,7
26135,61,70,-9,9
26136,52,67,-15,15
26137,145,140,5,5
26138,74,78,-4,4
26139,75,71,4,4
26140,134,133,1,1
26141,105,111,-6,6
26142,108,96,12,12
26143,98,99,-1,1
26144,96,87,9,9
26145,135,133,2,2
26146,103,105,-2,2
26147,84,82,2,2
26148,132,122,10,10
26149,114,96,18,18
26150,87,79,8,8
26151,55,60,-5,5
26152,65,53,12,12
26153,48,53,-5,5
26154,64,63,1,1
26155,113,97,16,16
26156,137,128,9,9
26157,124,124,0,0
26158,47,52,-5,5
26159,103,98,5,5
26160,136,133,3,3
26161,80,79,1,1
26162,65,85,-20,20
26163,117,105,12,12
26164,113,119,-6,6
26165,71,65,6,6
26166,132,142,-10,10
26167,102,85,17,17
26168,191,184,7,7
26169,127,116,11,11
26170,102,103,-1,1
26171,104,99,5,5
26172,113,114,-1,1
26173,74,90,-16,16
26174,143,142,1,1
26175,73,64,9,9
26176,143,141,2,2
26177,120,112,8,8
26178,95,93,2,2
26179,84,87,-3,3
26180,146,143,3,3
26181,70,69,1,1
26182,125,106,19,19
26183,79,79,0,0
26184,77,83,-6,6
26185,69,64,5,5
26186,100,99,1,1
26187,190,176,14,14
26188,90,92,-2,2
26189,67,84,-17,17
26190,179,172,7,7
26191,68,78,-10,10
26192,79,94,-15,15
26193,149,136,13,13
26194,87,69,18,18
26195,58,84,-26,26
26196,176,186,-10,10
26197,67,66,1,1
26198,76,76,0,0
26199,127,124,3,3
26200,73,67,6,6
26201,68,67,1,1
26202,70,68,2,2
26203,101,89,12,12
26204,122,131,-9,9
26205,95,91,4,4
26206,90,90,0,0
26207,85,93,-8,8
26208,138,134,4,4
26209,115,116,-1,1
26210,122,115,7,7
26211,59,59,0,0
26212,51,52,-1,1
26213,106,98,8,8
26214,110,111,-1,1
26215,111,112,-1,1
26216,62,82,-20,20
26217,93,81,12,12
26218,46,50,-4,4
26219,107,111,-4,4
26220,144,131,13,13
26221,92,82,10,10
26222,92,92,0,0
26223,95,106,-11,11
26224,154,151,3,3
26225,54,53,1,1
26226,102,101,1,1
26227,61,66,-5,5
26228,109,117,-8,8
26229,155,129,26,26
26230,83,69,14,14
26231,79,77,2,2
26232,102,99,3,3
26233,133,119,14,14
26234,134,141,-7,7
26235,81,75,6,6
26236,151,148,3,3
26237,46,49,-3,3
26238,97,94,3,3
26239,62,59,3,3
26240,114,115,-1,1
26241,83,86,-3,3
26242,114,108,6,6
26243,87,97,-10,10
26244,110,98,12,12
26245,232,235,-3,3
26246,35,44,-9,9
26247,96,92,4,4
26248,87,94,-7,7
26249,52,53,-1,1
26250,89,84,5,5
26251,84,75,9,9
26252,84,84,0,0
26253,151,147,4,4
26254,51,54,-3,3
26255,112,99,13,13
26256,189,182,7,7
26257,68,68,0,0
26258,77,73,4,4
26259,62,62,0,0
26260,112,113,-1,1
26261,95,96,-1,1
26262,81,86,-5,5
26263,108,96,12,12
26264,96,94,2,2
26265,58,53,5,5
26266,84,83,1,1
26267,116,103,13,13
26268,97,99,-2,2
26269,92,89,3,3
26270,101,107,-6,6
26271,56,52,4,4
26272,74,80,-6,6
26273,115,106,9,9
26274,74,79,-5,5
26275,58,53,5,5
26276,129,130,-1,1
26277,91,91,0,0
26278,59,50,9,9
26279,52,53,-1,1
26280,73,72,1,1
26281,69,61,8,8
26282,119,96,23,23
26283,126,118,8,8
26284,114,93,21,21
26285,100,107,-7,7
26286,86,83,3,3
26287,116,132,-16,16
26288,72,67,5,5
26289,61,63,-2,2
26290,83,74,9,9
26291,94,95,-1,1
26292,90,96,-6,6
26293,93,96,-3,3
26294,31,41,-10,10
26295,163,158,5,5
26296,99,94,5,5
26297,46,51,-5,5
26298,55,54,1,1
26299,75,80,-5,5
26300,72,78,-6,6
26301,107,97,10,10
26302,89,96,-7,7
26303,66,50,16,16
26304,67,70,-3,3
26305,145,148,-3,3
26306,151,146,5,5
26307,153,136,17,17
26308,56,49,7,7
26309,97,100,-3,3
26310,162,159,3,3
26311,90,89,1,1
26312,106,98,8,8
26313,27,35,-8,8
26314,93,85,8,8
26315,105,102,3,3
26316,123,136,-13,13
26317,61,70,-9,9
26318,64,57,7,7
26319,109,110,-1,1
26320,153,150,3,3
26321,81,76,5,5
26322,167,150,17,17
26323,100,95,5,5
26324,40,52,-12,12
26325,84,92,-8,8
26326,126,127,-1,1
26327,69,71,-2,2
26328,54,46,8,8
26329,41,44,-3,3
26330,86,93,-7,7
26331,71,62,9,9
26332,97,95,2,2
26333,131,131,0,0
26334,42,43,-1,1
26335,102,102,0,0
26336,83,86,-3,3
26337,187,177,10,10
26338,180,178,2,2
26339,73,77,-4,4
26340,108,131,-23,23
26341,57,63,-6,6
26342,121,117,4,4
26343,88,93,-5,5
26344,105,103,2,2
26345,80,90,-10,10
26346,86,95,-9,9
26347,124,119,5,5
26348,117,114,3,3
26349,112,106,6,6
26350,66,63,3,3
26351,94,102,-8,8
26352,107,111,-4,4
26353,45,50,-5,5
26354,121,118,3,3
26355,82,75,7,7
26356,69,68,1,1
26357,160,149,11,11
26358,119,108,11,11
26359,58,60,-2,2
26360,100,96,4,4
26361,72,72,0,0
26362,67,69,-2,2
26363,66,70,-4,4
26364,119,113,6,6
26365,138,145,-7,7
26366,65,62,3,3
26367,105,112,-7,7
26368,36,47,-11,11
26369,69,72,-3,3
26370,78,73,5,5
26371,131,119,12,12
26372,109,117,-8,8
26373,75,70,5,5
26374,63,60,3,3
26375,53,64,-11,11
26376,105,108,-3,3
26377,64,70,-6,6
26378,70,78,-8,8
26379,26,38,-12,12
26380,181,170,11,11
26381,66,66,0,0
26382,130,142,-12,12
26383,122,120,2,2
26384,94,90,4,4
26385,124,125,-1,1
26386,70,73,-3,3
26387,114,116,-2,2
26388,93,87,6,6
26389,106,112,-6,6
26390,96,96,0,0
26391,90,95,-5,5
26392,118,120,-2,2
26393,63,87,-24,24
26394,79,85,-6,6
26395,43,48,-5,5
26396,112,116,-4,4
26397,45,59,-14,14
26398,114,122,-8,8
26399,107,99,8,8
26400,83,81,2,2
26401,40,48,-8,8
26402,98,100,-2,2
26403,115,114,1,1
26404,92,102,-10,10
26405,131,138,-7,7
26406,106,89,17,17
26407,99,93,6,6
26408,67,64,3,3
26409,171,165,6,6
26410,128,117,11,11
26411,88,84,4,4
26412,56,59,-3,3
26413,113,105,8,8
26414,62,57,5,5
26415,81,69,12,12
26416,83,85,-2,2
26417,113,101,12,12
26418,100,103,-3,3
26419,91,88,3,3
26420,79,87,-8,8
26421,156,148,8,8
26422,113,113,0,0
26423,67,79,-12,12
26424,129,121,8,8
26425,89,92,-3,3
26426,66,65,1,1
26427,102,108,-6,6
26428,131,127,4,4
26429,111,107,4,4
26430,47,49,-2,2
26431,37,45,-8,8
26432,92,93,-1,1
26433,91,88,3,3
26434,101,100,1,1
26435,43,52,-9,9
26436,78,70,8,8
26437,102,103,-1,1
26438,92,92,0,0
26439,96,104,-8,8
26440,109,109,0,0
26441,98,101,-3,3
26442,131,120,11,11
26443,104,111,-7,7
26444,96,126,-30,30
26445,98,97,1,1
26446,66,65,1,1
26447,75,75,0,0
26448,70,68,2,2
26449,49,52,-3,3
26450,110,98,12,12
26451,128,112,16,16
26452,50,49,1,1
26453,85,85,0,0
26454,59,53,6,6
26455,41,63,-22,22
26456,71,69,2,2
26457,117,110,7,7
26458,91,92,-1,1
26459,64,64,0,0
26460,118,121,-3,3
26461,43,47,-4,4
26462,134,133,1,1
26463,101,95,6,6
26464,109,98,11,11
26465,114,122,-8,8
26466,118,127,-9,9
26467,70,78,-8,8
26468,102,98,4,4
26469,157,161,-4,4
26470,308,271,37,37
26471,104,115,-11,11
26472,106,94,12,12
26473,74,69,5,5
26474,148,140,8,8
26475,106,102,4,4
26476,74,72,2,2
26477,118,113,5,5
26478,114,116,-2,2
26479,60,59,1,1
26480,135,120,15,15
26481,60,58,2,2
26482,62,65,-3,3
26483,120,125,-5,5
26484,150,163,-13,13
26485,112,104,8,8
26486,87,87,0,0
26487,100,98,2,2
26488,52,62,-10,10
26489,82,83,-1,1
26490,136,141,-5,5
26491,65,66,-1,1
26492,104,94,10,10
26493,134,127,7,7
26494,104,91,13,13
26495,119,121,-2,2
26496,119,117,2,2
26497,60,71,-11,11
26498,155,154,1,1
26499,129,130,-1,1
26500,46,48,-2,2
26501,58,59,-1,1
26502,73,60,13,13
26503,114,102,12,12
26504,85,95,-10,10
26505,77,76,1,1
26506,89,81,8,8
26507,186,171,15,15
26508,74,70,4,4
26509,80,71,9,9
26510,108,109,-1,1
26511,112,85,27,27
26512,38,41,-3,3
26513,61,53,8,8
26514,109,101,8,8
26515,46,40,6,6
26516,139,125,14,14
26517,85,88,-3,3
26518,97,87,10,10
26519,60,71,-11,11
26520,36,44,-8,8
26521,89,98,-9,9
26522,147,144,3,3
26523,94,80,14,14
26524,88,83,5,5
26525,120,111,9,9
26526,75,85,-10,10
26527,95,95,0,0
26528,90,86,4,4
26529,46,55,-9,9
26530,49,52,-3,3
26531,145,139,6,6
26532,93,83,10,10
26533,48,44,4,4
26534,93,93,0,0
26535,76,72,4,4
26536,51,59,-8,8
26537,102,96,6,6
26538,86,87,-1,1
26539,88,80,8,8
26540,97,102,-5,5
26541,139,131,8,8
26542,163,158,5,5
26543,91,100,-9,9
26544,139,125,14,14
26545,56,63,-7,7
26546,56,70,-14,14
26547,84,78,6,6
26548,85,86,-1,1
26549,55,62,-7,7
26550,82,80,2,2
26551,90,84,6,6
26552,102,89,13,13
26553,46,52,-6,6
26554,151,150,1,1
26555,90,82,8,8
26556,78,112,-34,34
26557,70,61,9,9
26558,126,113,13,13
26559,114,114,0,0
26560,135,117,18,18
26561,209,191,18,18
26562,163,155,8,8
26563,62,61,1,1
26564,79,91,-12,12
26565,90,83,7,7
26566,126,117,9,9
26567,161,147,14,14
26568,119,112,7,7
26569,65,80,-15,15
26570,75,103,-28,28
26571,94,85,9,9
26572,57,54,3,3
26573,60,59,1,1
26574,62,61,1,1
26575,61,65,-4,4
26576,174,169,5,5
26577,65,69,-4,4
26578,122,124,-2,2
26579,103,121,-18,18
26580,66,67,-1,1
26581,110,101,9,9
26582,59,64,-5,5
26583,120,108,12,12
26584,101,100,1,1
26585,94,89,5,5
26586,125,123,2,2
26587,76,70,6,6
26588,66,70,-4,4
26589,85,94,-9,9
26590,101,102,-1,1
26591,79,80,-1,1
26592,179,171,8,8
26593,73,79,-6,6
26594,97,100,-3,3
26595,40,60,-20,20
26596,75,73,2,2
26597,157,154,3,3
26598,77,80,-3,3
26599,108,115,-7,7
26600,129,121,8,8
26601,100,99,1,1
26602,76,92,-16,16
26603,40,45,-5,5
26604,72,75,-3,3
26605,81,78,3,3
26606,122,111,11,11
26607,77,70,7,7
26608,162,157,5,5
26609,52,52,0,0
26610,86,79,7,7
26611,61,52,9,9
26612,139,129,10,10
26613,122,115,7,7
26614,129,131,-2,2
26615,64,62,2,2
26616,53,57,-4,4
26617,163,151,12,12
26618,76,88,-12,12
26619,47,52,-5,5
26620,57,61,-4,4
26621,142,134,8,8
26622,89,78,11,11
26623,100,104,-4,4
26624,126,136,-10,10
26625,149,139,10,10
26626,102,97,5,5
26627,51,59,-8,8
26628,131,113,18,18
26629,113,112,1,1
26630,128,121,7,7
26631,84,75,9,9
26632,88,86,2,2
26633,96,92,4,4
26634,131,113,18,18
26635,142,140,2,2
26636,139,134,5,5
26637,62,68,-6,6
26638,162,168,-6,6
26639,100,99,1,1
26640,94,90,4,4
26641,118,109,9,9
26642,140,127,13,13
26643,105,102,3,3
26644,54,61,-7,7
26645,80,82,-2,2
26646,54,51,3,3
26647,82,88,-6,6
26648,78,78,0,0
26649,81,79,2,2
26650,55,53,2,2
26651,142,151,-9,9
26652,152,142,10,10
26653,121,118,3,3
26654,109,106,3,3
26655,80,89,-9,9
26656,73,74,-1,1
26657,154,121,33,33
26658,122,122,0,0
26659,85,82,3,3
26660,65,68,-3,3
26661,127,119,8,8
26662,44,43,1,1
26663,90,94,-4,4
26664,115,114,1,1
26665,124,122,2,2
26666,148,154,-6,6
26667,49,49,0,0
26668,77,76,1,1
26669,173,170,3,3
26670,68,73,-5,5
26671,149,152,-3,3
26672,73,74,-1,1
26673,54,60,-6,6
26674,90,81,9,9
26675,73,73,0,0
26676,74,77,-3,3
26677,49,47,2,2
26678,79,72,7,7
26679,117,119,-2,2
26680,57,63,-6,6
26681,123,118,5,5
26682,94,94,0,0
26683,124,106,18,18
26684,74,76,-2,2
26685,63,63,0,0
26686,116,105,11,11
26687,93,84,9,9
26688,115,121,-6,6
26689,64,65,-1,1
26690,117,123,-6,6
26691,74,79,-5,5
26692,49,42,7,7
26693,72,66,6,6
26694,86,88,-2,2
26695,52,55,-3,3
26696,87,85,2,2
26697,152,149,3,3
26698,61,68,-7,7
26699,67,70,-3,3
26700,64,71,-7,7
26701,100,97,3,3
26702,135,116,19,19
26703,120,121,-1,1
26704,124,114,10,10
26705,105,109,-4,4
26706,144,150,-6,6
26707,100,101,-1,1
26708,80,83,-3,3
26709,73,89,-16,16
26710,82,82,0,0
26711,76,68,8,8
26712,115,116,-1,1
26713,106,105,1,1
26714,125,128,-3,3
26715,86,80,6,6
26716,94,91,3,3
26717,80,84,-4,4
26718,145,132,13,13
26719,122,114,8,8
26720,122,121,1,1
26721,115,114,1,1
26722,66,69,-3,3
26723,85,77,8,8
26724,95,102,-7,7
26725,110,100,10,10
26726,49,64,-15,15
26727,80,95,-15,15
26728,101,98,3,3
26729,77,78,-1,1
26730,89,97,-8,8
26731,130,118,12,12
26732,106,121,-15,15
26733,56,50,6,6
26734,68,67,1,1
26735,152,144,8,8
26736,113,116,-3,3
26737,98,99,-1,1
26738,125,117,8,8
26739,71,68,3,3
26740,123,111,12,12
26741,97,75,22,22
26742,77,79,-2,2
26743,56,62,-6,6
26744,127,122,5,5
26745,49,58,-9,9
26746,115,109,6,6
26747,61,62,-1,1
26748,97,93,4,4
26749,101,101,0,0
26750,77,81,-4,4
26751,117,128,-11,11
26752,90,101,-11,11
26753,120,115,5,5
26754,80,81,-1,1
26755,71,68,3,3
26756,54,55,-1,1
26757,80,85,-5,5
26758,110,108,2,2
26759,71,91,-20,20
26760,82,86,-4,4
26761,68,79,-11,11
26762,78,87,-9,9
26763,69,66,3,3
26764,87,97,-10,10
26765,94,84,10,10
26766,137,132,5,5
26767,57,60,-3,3
26768,56,55,1,1
26769,57,66,-9,9
26770,62,59,3,3
26771,63,72,-9,9
26772,165,160,5,5
26773,115,106,9,9
26774,133,131,2,2
26775,94,83,11,11
26776,107,107,0,0
26777,106,100,6,6
26778,112,117,-5,5
26779,93,94,-1,1
26780,55,62,-7,7
26781,85,87,-2,2
26782,41,45,-4,4
26783,120,111,9,9
26784,99,96,3,3
26785,83,70,13,13
26786,84,85,-1,1
26787,110,107,3,3
26788,124,149,-25,25
26789,122,115,7,7
26790,38,43,-5,5
26791,120,114,6,6
26792,97,96,1,1
26793,61,67,-6,6
26794,113,117,-4,4
26795,74,66,8,8
26796,79,75,4,4
26797,125,105,20,20
26798,81,78,3,3
26799,125,119,6,6
26800,123,124,-1,1
26801,90,94,-4,4
26802,48,54,-6,6
26803,55,59,-4,4
26804,62,71,-9,9
26805,64,75,-11,11
26806,91,93,-2,2
26807,145,148,-3,3
26808,86,82,4,4
26809,66,73,-7,7
26810,116,133,-17,17
26811,76,75,1,1
26812,88,96,-8,8
26813,103,109,-6,6
26814,97,105,-8,8
26815,138,129,9,9
26816,75,79,-4,4
26817,92,84,8,8
26818,149,149,0,0
26819,60,60,0,0
26820,108,109,-1,1
26821,30,41,-11,11
26822,89,83,6,6
26823,49,59,-10,10
26824,97,89,8,8
26825,128,113,15,15
26826,96,92,4,4
26827,96,94,2,2
26828,63,55,8,8
26829,76,72,4,4
26830,106,115,-9,9
26831,79,85,-6,6
26832,127,117,10,10
26833,45,49,-4,4
26834,105,120,-15,15
26835,90,84,6,6
26836,43,49,-6,6
26837,235,173,62,62
26838,50,56,-6,6
26839,111,104,7,7
26840,69,65,4,4
26841,52,140,-88,88
26842,105,106,-1,1
26843,49,48,1,1
26844,66,71,-5,5
26845,64,66,-2,2
26846,75,65,10,10
26847,70,73,-3,3
26848,96,88,8,8
26849,86,89,-3,3
26850,109,105,4,4
26851,357,230,127,127
26852,74,73,1,1
26853,96,102,-6,6
26854,101,105,-4,4
26855,86,89,-3,3
26856,97,87,10,10
26857,47,46,1,1
26858,76,91,-15,15
26859,139,131,8,8
26860,127,127,0,0
26861,119,111,8,8
26862,133,127,6,6
26863,190,194,-4,4
26864,119,110,9,9
26865,96,93,3,3
26866,31,36,-5,5
26867,94,109,-15,15
26868,112,129,-17,17
26869,104,101,3,3
26870,162,148,14,14
26871,128,122,6,6
26872,142,144,-2,2
26873,107,74,33,33
26874,120,104,16,16
26875,57,61,-4,4
26876,157,148,9,9
26877,94,93,1,1
26878,109,118,-9,9
26879,58,67,-9,9
26880,108,94,14,14
26881,88,80,8,8
26882,123,128,-5,5
26883,85,87,-2,2
26884,136,142,-6,6
26885,72,74,-2,2
26886,77,78,-1,1
26887,59,54,5,5
26888,154,145,9,9
26889,63,79,-16,16
26890,40,43,-3,3
26891,142,152,-10,10
26892,160,153,7,7
26893,68,62,6,6
26894,91,78,13,13
26895,77,84,-7,7
26896,135,133,2,2
26897,134,203,-69,69
26898,172,173,-1,1
26899,131,161,-30,30
26900,86,90,-4,4
26901,67,72,-5,5
26902,55,53,2,2
26903,148,144,4,4
26904,66,72,-6,6
26905,120,103,17,17
26906,83,82,1,1
26907,101,94,7,7
26908,83,75,8,8
26909,106,130,-24,24
26910,99,100,-1,1
26911,67,69,-2,2
26912,130,130,0,0
26913,79,80,-1,1
26914,43,49,-6,6
26915,146,136,10,10
26916,57,61,-4,4
26917,100,110,-10,10
26918,139,124,15,15
26919,114,99,15,15
26920,61,62,-1,1
26921,77,95,-18,18
26922,102,110,-8,8
26923,104,97,7,7
26924,145,156,-11,11
26925,81,87,-6,6
26926,87,93,-6,6
26927,135,143,-8,8
26928,117,115,2,2
26929,82,71,11,11
26930,118,118,0,0
26931,106,114,-8,8
26932,123,123,0,0
26933,109,112,-3,3
26934,66,67,-1,1
26935,86,88,-2,2
26936,104,108,-4,4
26937,61,70,-9,9
26938,59,85,-26,26
26939,68,72,-4,4
26940,68,72,-4,4
26941,63,65,-2,2
26942,85,80,5,5
26943,135,138,-3,3
26944,117,124,-7,7
26945,134,125,9,9
26946,104,104,0,0
26947,73,75,-2,2
26948,79,81,-2,2
26949,137,131,6,6
26950,106,96,10,10
26951,80,68,12,12
26952,175,163,12,12
26953,96,101,-5,5
26954,137,125,12,12
26955,119,115,4,4
26956,118,115,3,3
26957,135,133,2,2
26958,127,101,26,26
26959,103,104,-1,1
26960,87,90,-3,3
26961,90,72,18,18
26962,50,51,-1,1
26963,68,69,-1,1
26964,75,75,0,0
26965,150,157,-7,7
26966,107,95,12,12
26967,122,118,4,4
26968,48,45,3,3
26969,141,146,-5,5
26970,96,92,4,4
26971,93,95,-2,2
26972,85,81,4,4
26973,55,55,0,0
26974,51,52,-1,1
26975,99,97,2,2
26976,52,63,-11,11
26977,79,70,9,9
26978,110,109,1,1
26979,121,116,5,5
26980,37,39,-2,2
26981,92,91,1,1
26982,66,53,13,13
26983,148,122,26,26
26984,83,80,3,3
26985,175,169,6,6
26986,88,78,10,10
26987,110,105,5,5
26988,79,87,-8,8
26989,64,53,11,11
26990,124,112,12,12
26991,129,122,7,7
26992,91,90,1,1
26993,59,54,5,5
26994,49,62,-13,13
26995,132,130,2,2
26996,76,111,-35,35
26997,110,99,11,11
26998,61,60,1,1
26999,90,92,-2,2
27000,126,124,2,2
27001,98,100,-2,2
27002,59,52,7,7
27003,93,96,-3,3
27004,76,66,10,10
27005,75,64,11,11
27006,85,89,-4,4
27007,149,139,10,10
27008,89,86,3,3
27009,112,109,3,3
27010,88,76,12,12
27011,65,60,5,5
27012,86,86,0,0
27013,64,57,7,7
27014,81,92,-11,11
27015,86,86,0,0
27016,70,65,5,5
27017,150,130,20,20
27018,102,96,6,6
27019,92,82,10,10
27020,47,61,-14,14
27021,92,98,-6,6
27022,108,101,7,7
27023,85,87,-2,2
27024,127,125,2,2
27025,114,112,2,2
27026,89,76,13,13
27027,98,101,-3,3
27028,47,46,1,1
27029,95,102,-7,7
27030,174,180,-6,6
27031,74,76,-2,2
27032,214,212,2,2
27033,35,42,-7,7
27034,202,205,-3,3
27035,83,75,8,8
27036,125,115,10,10
27037,109,97,12,12
27038,54,60,-6,6
27039,56,57,-1,1
27040,71,78,-7,7
27041,81,78,3,3
27042,78,76,2,2
27043,61,57,4,4
27044,77,73,4,4
27045,114,105,9,9
27046,59,60,-1,1
27047,116,122,-6,6
27048,49,65,-16,16
27049,66,82,-16,16
27050,91,76,15,15
27051,98,94,4,4
27052,73,74,-1,1
27053,78,79,-1,1
27054,105,111,-6,6
27055,112,105,7,7
27056,84,87,-3,3
27057,78,71,7,7
27058,112,120,-8,8
27059,178,154,24,24
27060,134,138,-4,4
27061,93,87,6,6
27062,99,98,1,1
27063,67,68,-1,1
27064,76,80,-4,4
27065,80,75,5,5
27066,74,67,7,7
27067,83,83,0,0
27068,99,115,-16,16
27069,70,61,9,9
27070,64,71,-7,7
27071,128,123,5,5
27072,93,77,16,16
27073,65,61,4,4
27074,40,47,-7,7
27075,133,128,5,5
27076,97,100,-3,3
27077,89,96,-7,7
27078,73,76,-3,3
27079,102,92,10,10
27080,62,60,2,2
27081,91,91,0,0
27082,147,139,8,8
27083,70,67,3,3
27084,71,69,2,2
27085,86,88,-2,2
27086,62,61,1,1
27087,104,94,10,10
27088,72,69,3,3
27089,52,52,0,0
27090,38,45,-7,7
27091,67,66,1,1
27092,196,190,6,6
27093,47,45,2,2
27094,51,59,-8,8
27095,88,84,4,4
27096,96,94,2,2
27097,42,46,-4,4
27098,101,103,-2,2
27099,105,99,6,6
27100,70,68,2,2
27101,87,102,-15,15
27102,120,123,-3,3
27103,71,66,5,5
27104,118,110,8,8
27105,71,82,-11,11
27106,101,110,-9,9
27107,80,74,6,6
27108,107,96,11,11
27109,87,77,10,10
27110,60,72,-12,12
27111,56,50,6,6
27112,79,81,-2,2
27113,148,145,3,3
27114,75,75,0,0
27115,53,55,-2,2
27116,88,86,2,2
27117,104,128,-24,24
27118,77,72,5,5
27119,53,52,1,1
27120,114,116,-2,2
27121,74,70,4,4
27122,73,86,-13,13
27123,127,118,9,9
27124,81,76,5,5
27125,127,129,-2,2
27126,139,131,8,8
27127,78,76,2,2
27128,79,77,2,2
27129,115,106,9,9
27130,125,112,13,13
27131,141,139,2,2
27132,127,110,17,17
27133,105,105,0,0
27134,57,62,-5,5
27135,99,102,-3,3
27136,91,88,3,3
27137,98,86,12,12
27138,114,127,-13,13
27139,74,72,2,2
27140,143,128,15,15
27141,68,74,-6,6
27142,159,152,7,7
27143,69,68,1,1
27144,72,66,6,6
27145,48,51,-3,3
27146,110,111,-1,1
27147,86,83,3,3
27148,72,77,-5,5
27149,80,72,8,8
27150,70,72,-2,2
27151,37,45,-8,8
27152,79,76,3,3
27153,53,49,4,4
27154,82,78,4,4
27155,55,63,-8,8
27156,72,78,-6,6
27157,104,102,2,2
27158,81,81,0,0
27159,131,138,-7,7
27160,110,122,-12,12
27161,70,71,-1,1
27162,96,102,-6,6
27163,56,64,-8,8
27164,76,84,-8,8
27165,87,88,-1,1
27166,100,92,8,8
27167,51,51,0,0
27168,67,67,0,0
27169,50,53,-3,3
27170,72,89,-17,17
27171,69,70,-1,1
27172,96,99,-3,3
27173,90,82,8,8
27174,84,87,-3,3
27175,136,139,-3,3
27176,83,82,1,1
27177,93,96,-3,3
27178,130,147,-17,17
27179,111,109,2,2
27180,107,122,-15,15
27181,112,120,-8,8
27182,27,35,-8,8
27183,156,142,14,14
27184,102,91,11,11
27185,122,123,-1,1
27186,114,105,9,9
27187,39,44,-5,5
27188,137,130,7,7
27189,86,83,3,3
27190,83,78,5,5
27191,148,141,7,7
27192,108,107,1,1
27193,102,96,6,6
27194,95,92,3,3
27195,52,65,-13,13
27196,78,80,-2,2
27197,99,99,0,0
27198,124,129,-5,5
27199,94,102,-8,8
27200,120,125,-5,5
27201,102,104,-2,2
27202,128,129,-1,1
27203,64,60,4,4
27204,78,80,-2,2
27205,65,76,-11,11
27206,128,134,-6,6
27207,88,85,3,3
27208,63,70,-7,7
27209,86,90,-4,4
27210,102,102,0,0
27211,120,93,27,27
27212,95,106,-11,11
27213,83,81,2,2
27214,96,107,-11,11
27215,75,77,-2,2
27216,50,51,-1,1
27217,69,67,2,2
27218,118,106,12,12
27219,103,108,-5,5
27220,88,90,-2,2
27221,83,83,0,0
27222,113,105,8,8
27223,89,80,9,9
27224,92,88,4,4
27225,96,100,-4,4
27226,97,121,-24,24
27227,57,53,4,4
27228,70,73,-3,3
27229,79,88,-9,9
27230,81,81,0,0
27231,106,102,4,4
27232,178,168,10,10
27233,141,143,-2,2
27234,97,95,2,2
27235,152,155,-3,3
27236,82,78,4,4
27237,62,60,2,2
27238,69,73,-4,4
27239,145,141,4,4
27240,80,77,3,3
27241,124,122,2,2
27242,128,132,-4,4
27243,147,136,11,11
27244,181,186,-5,5
27245,92,95,-3,3
27246,48,48,0,0
27247,144,144,0,0
27248,54,61,-7,7
27249,116,108,8,8
27250,106,100,6,6
27251,72,68,4,4
27252,139,130,9,9
27253,153,156,-3,3
27254,105,94,11,11
27255,152,141,11,11
27256,137,122,15,15
27257,123,129,-6,6
27258,49,58,-9,9
27259,80,73,7,7
27260,63,50,13,13
27261,35,62,-27,27
27262,53,53,0,0
27263,80,84,-4,4
27264,56,50,6,6
27265,143,149,-6,6
27266,160,152,8,8
27267,98,96,2,2
27268,98,90,8,8
27269,83,85,-2,2
27270,117,129,-12,12
27271,143,142,1,1
27272,91,96,-5,5
27273,60,67,-7,7
27274,106,100,6,6
27275,33,42,-9,9
27276,65,65,0,0
27277,79,74,5,5
27278,47,47,0,0
27279,78,75,3,3
27280,108,110,-2,2
27281,59,62,-3,3
27282,75,80,-5,5
27283,130,132,-2,2
27284,75,86,-11,11
27285,89,85,4,4
27286,85,77,8,8
27287,127,121,6,6
27288,71,79,-8,8
27289,103,97,6,6
27290,40,40,0,0
27291,57,68,-11,11
27292,142,138,4,4
27293,61,72,-11,11
27294,77,73,4,4
27295,95,98,-3,3
27296,90,69,21,21
27297,101,103,-2,2
27298,64,60,4,4
27299,154,131,23,23
27300,90,87,3,3
27301,103,102,1,1
27302,134,129,5,5
27303,96,72,24,24
27304,48,48,0,0
27305,88,82,6,6
27306,126,122,4,4
27307,80,74,6,6
27308,66,66,0,0
27309,43,42,1,1
27310,71,64,7,7
27311,102,98,4,4
27312,78,74,4,4
27313,99,98,1,1
27314,110,107,3,3
27315,105,102,3,3
27316,103,112,-9,9
27317,103,99,4,4
27318,62,82,-20,20
27319,92,95,-3,3
27320,68,77,-9,9
27321,94,95,-1,1
27322,97,98,-1,1
27323,50,62,-12,12
27324,46,64,-18,18
27325,76,69,7,7
27326,127,104,23,23
27327,55,58,-3,3
27328,62,59,3,3
27329,114,120,-6,6
27330,70,64,6,6
27331,110,111,-1,1
27332,115,116,-1,1
27333,102,90,12,12
27334,105,113,-8,8
27335,99,91,8,8
27336,122,123,-1,1
27337,69,73,-4,4
27338,69,60,9,9
27339,79,80,-1,1
27340,67,71,-4,4
27341,76,70,6,6
27342,54,51,3,3
27343,96,93,3,3
27344,90,88,2,2
27345,73,66,7,7
27346,76,78,-2,2
27347,48,53,-5,5
27348,104,112,-8,8
27349,64,66,-2,2
27350,76,76,0,0
27351,106,104,2,2
27352,58,60,-2,2
27353,118,123,-5,5
27354,78,81,-3,3
27355,119,117,2,2
27356,64,66,-2,2
27357,144,115,29,29
27358,112,101,11,11
27359,60,61,-1,1
27360,58,85,-27,27
27361,148,164,-16,16
27362,70,63,7,7
27363,193,177,16,16
27364,90,95,-5,5
27365,50,52,-2,2
27366,94,89,5,5
27367,114,105,9,9
27368,57,62,-5,5
27369,72,86,-14,14
27370,97,83,14,14
27371,121,113,8,8
27372,96,91,5,5
27373,78,84,-6,6
27374,124,133,-9,9
27375,156,154,2,2
27376,103,94,9,9
27377,117,119,-2,2
27378,75,62,13,13
27379,101,104,-3,3
27380,45,43,2,2
27381,60,60,0,0
27382,124,129,-5,5
27383,129,126,3,3
27384,90,91,-1,1
27385,79,83,-4,4
27386,64,64,0,0
27387,87,93,-6,6
27388,138,137,1,1
27389,106,106,0,0
27390,96,96,0,0
27391,124,124,0,0
27392,78,72,6,6
27393,99,95,4,4
27394,208,176,32,32
27395,111,108,3,3
27396,107,98,9,9
27397,92,84,8,8
27398,87,81,6,6
27399,108,118,-10,10
27400,70,61,9,9
27401,115,116,-1,1
27402,86,90,-4,4
27403,86,79,7,7
27404,165,164,1,1
27405,59,100,-41,41
27406,111,120,-9,9
27407,196,177,19,19
27408,99,97,2,2
27409,121,93,28,28
27410,57,52,5,5
27411,78,76,2,2
27412,98,97,1,1
27413,90,84,6,6
27414,89,91,-2,2
27415,97,90,7,7
27416,77,75,2,2
27417,78,75,3,3
27418,95,107,-12,12
27419,98,98,0,0
27420,126,117,9,9
27421,107,113,-6,6
27422,83,82,1,1
27423,129,135,-6,6
27424,93,97,-4,4
27425,210,182,28,28
27426,112,112,0,0
27427,51,52,-1,1
27428,93,81,12,12
27429,61,69,-8,8
27430,76,84,-8,8
27431,107,108,-1,1
27432,115,97,18,18
27433,106,108,-2,2
27434,77,79,-2,2
27435,102,105,-3,3
27436,54,60,-6,6
27437,81,71,10,10
27438,64,77,-13,13
27439,134,132,2,2
27440,124,118,6,6
27441,49,58,-9,9
27442,90,101,-11,11
27443,72,63,9,9
27444,76,79,-3,3
27445,114,109,5,5
27446,59,68,-9,9
27447,97,111,-14,14
27448,96,92,4,4
27449,177,145,32,32
27450,111,107,4,4
27451,105,109,-4,4
27452,78,90,-12,12
27453,85,96,-11,11
27454,71,66,5,5
27455,114,116,-2,2
27456,78,81,-3,3
27457,164,161,3,3
27458,75,80,-5,5
27459,128,125,3,3
27460,105,118,-13,13
27461,75,71,4,4
27462,87,88,-1,1
27463,104,96,8,8
27464,130,125,5,5
27465,101,104,-3,3
27466,81,82,-1,1
27467,75,73,2,2
27468,115,111,4,4
27469,80,71,9,9
27470,54,62,-8,8
27471,93,97,-4,4
27472,142,129,13,13
27473,41,48,-7,7
27474,78,81,-3,3
27475,62,62,0,0
27476,68,78,-10,10
27477,45,54,-9,9
27478,99,96,3,3
27479,92,85,7,7
27480,88,78,10,10
27481,134,141,-7,7
27482,112,104,8,8
27483,97,102,-5,5
27484,131,137,-6,6
27485,71,65,6,6
27486,39,43,-4,4
27487,68,72,-4,4
27488,47,46,1,1
27489,60,59,1,1
27490,151,130,21,21
27491,81,73,8,8
27492,104,96,8,8
27493,99,105,-6,6
27494,103,97,6,6
27495,84,86,-2,2
27496,92,94,-2,2
27497,108,111,-3,3
27498,124,119,5,5
27499,68,72,-4,4
27500,107,104,3,3
27501,97,82,15,15
27502,108,102,6,6
27503,54,60,-6,6
27504,75,75,0,0
27505,43,47,-4,4
27506,105,109,-4,4
27507,103,112,-9,9
27508,85,92,-7,7
27509,121,118,3,3
27510,85,85,0,0
27511,102,94,8,8
27512,113,120,-7,7
27513,70,74,-4,4
27514,120,113,7,7
27515,106,97,9,9
27516,72,78,-6,6
27517,89,89,0,0
27518,90,86,4,4
27519,52,50,2,2
27520,78,78,0,0
27521,88,94,-6,6
27522,290,247,43,43
27523,98,94,4,4
27524,94,98,-4,4
27525,130,120,10,10
27526,50,68,-18,18
27527,102,94,8,8
27528,72,73,-1,1
27529,79,71,8,8
27530,101,104,-3,3
27531,88,78,10,10
27532,75,77,-2,2
27533,109,121,-12,12
27534,68,69,-1,1
27535,117,112,5,5
27536,112,116,-4,4
27537,149,141,8,8
27538,94,103,-9,9
27539,73,72,1,1
27540,86,81,5,5
27541,68,76,-8,8
27542,94,92,2,2
27543,96,97,-1,1
27544,86,111,-25,25
27545,84,85,-1,1
27546,98,88,10,10
27547,149,144,5,5
27548,92,92,0,0
27549,72,64,8,8
27550,108,108,0,0
27551,85,95,-10,10
27552,92,92,0,0
27553,72,79,-7,7
27554,73,78,-5,5
27555,91,93,-2,2
27556,167,174,-7,7
27557,78,88,-10,10
27558,50,61,-11,11
27559,96,83,13,13
27560,105,100,5,5
27561,102,104,-2,2
27562,106,95,11,11
27563,138,125,13,13
27564,123,125,-2,2
27565,76,72,4,4
27566,95,92,3,3
27567,87,84,3,3
27568,154,154,0,0
27569,75,68,7,7
27570,137,125,12,12
27571,98,82,16,16
27572,96,99,-3,3
27573,68,69,-1,1
27574,66,74,-8,8
27575,96,99,-3,3
27576,99,97,2,2
27577,53,62,-9,9
27578,36,60,-24,24
27579,79,88,-9,9
27580,108,106,2,2
27581,20,35,-15,15
27582,95,94,1,1
27583,78,80,-2,2
27584,114,114,0,0
27585,89,97,-8,8
27586,118,137,-19,19
27587,163,150,13,13
27588,64,61,3,3
27589,50,45,5,5
27590,65,63,2,2
27591,91,88,3,3
27592,126,128,-2,2
27593,96,94,2,2
27594,115,109,6,6
27595,114,114,0,0
27596,139,119,20,20
27597,45,58,-13,13
27598,155,157,-2,2
27599,77,72,5,5
27600,105,89,16,16
27601,156,130,26,26
27602,90,92,-2,2
27603,105,94,11,11
27604,36,45,-9,9
27605,134,143,-9,9
27606,111,121,-10,10
27607,61,52,9,9
27608,97,94,3,3
27609,76,76,0,0
27610,81,84,-3,3
27611,71,67,4,4
27612,99,91,8,8
27613,98,102,-4,4
27614,89,84,5,5
27615,153,147,6,6
27616,110,112,-2,2
27617,61,62,-1,1
27618,72,80,-8,8
27619,107,104,3,3
27620,107,107,0,0
27621,116,109,7,7
27622,116,111,5,5
27623,71,71,0,0
27624,95,95,0,0
27625,99,102,-3,3
27626,59,53,6,6
27627,107,126,-19,19
27628,130,123,7,7
27629,95,78,17,17
27630,165,147,18,18
27631,171,154,17,17
27632,93,102,-9,9
27633,79,87,-8,8
27634,175,165,10,10
27635,121,120,1,1
27636,155,156,-1,1
27637,174,174,0,0
27638,81,70,11,11
27639,57,54,3,3
27640,180,152,28,28
27641,116,111,5,5
27642,162,158,4,4
27643,77,77,0,0
27644,78,75,3,3
27645,111,108,3,3
27646,87,77,10,10
27647,37,44,-7,7
27648,176,170,6,6
27649,69,74,-5,5
27650,72,78,-6,6
27651,91,93,-2,2
27652,102,104,-2,2
27653,81,80,1,1
27654,142,142,0,0
27655,189,169,20,20
27656,200,183,17,17
27657,61,64,-3,3
27658,89,87,2,2
27659,94,99,-5,5
27660,88,87,1,1
27661,85,77,8,8
27662,88,86,2,2
27663,52,53,-1,1
27664,61,80,-19,19
27665,79,71,8,8
27666,141,133,8,8
27667,83,79,4,4
27668,112,145,-33,33
27669,123,120,3,3
27670,54,49,5,5
27671,66,63,3,3
27672,117,115,2,2
27673,73,75,-2,2
27674,70,86,-16,16
27675,66,62,4,4
27676,105,117,-12,12
27677,77,76,1,1
27678,100,98,2,2
27679,167,145,22,22
27680,73,67,6,6
27681,130,125,5,5
27682,87,70,17,17
27683,85,78,7,7
27684,69,69,0,0
27685,73,74,-1,1
27686,77,78,-1,1
27687,138,136,2,2
27688,80,88,-8,8
27689,55,52,3,3
27690,117,104,13,13
27691,110,107,3,3
27692,60,59,1,1
27693,96,88,8,8
27694,85,76,9,9
27695,106,118,-12,12
27696,94,94,0,0
27697,69,76,-7,7
27698,125,128,-3,3
27699,179,164,15,15
27700,86,83,3,3
27701,129,130,-1,1
27702,82,86,-4,4
27703,91,81,10,10
27704,150,147,3,3
27705,57,61,-4,4
27706,70,66,4,4
27707,134,125,9,9
27708,71,74,-3,3
27709,74,82,-8,8
27710,83,79,4,4
27711,82,99,-17,17
27712,70,72,-2,2
27713,82,89,-7,7
27714,52,60,-8,8
27715,93,86,7,7
27716,54,62,-8,8
27717,136,136,0,0
27718,72,70,2,2
27719,86,110,-24,24
27720,108,113,-5,5
27721,93,89,4,4
27722,57,73,-16,16
27723,78,78,0,0
27724,130,120,10,10
27725,83,87,-4,4
27726,116,95,21,21
27727,103,90,13,13
27728,79,81,-2,2
27729,43,46,-3,3
27730,100,100,0,0
27731,77,73,4,4
27732,127,125,2,2
27733,83,79,4,4
27734,134,149,-15,15
27735,108,92,16,16
27736,122,113,9,9
27737,86,88,-2,2
27738,71,70,1,1
27739,111,106,5,5
27740,132,119,13,13
27741,200,194,6,6
27742,77,75,2,2
27743,131,115,16,16
27744,75,79,-4,4
27745,66,63,3,3
27746,83,83,0,0
27747,155,144,11,11
27748,104,89,15,15
27749,85,80,5,5
27750,149,133,16,16
27751,198,245,-47,47
27752,68,81,-13,13
27753,143,108,35,35
27754,118,107,11,11
27755,75,75,0,0
27756,150,174,-24,24
27757,52,52,0,0
27758,153,152,1,1
27759,88,99,-11,11
27760,101,117,-16,16
27761,74,70,4,4
27762,102,104,-2,2
27763,140,134,6,6
27764,71,61,10,10
27765,110,95,15,15
27766,110,113,-3,3
27767,63,62,1,1
27768,66,70,-4,4
27769,49,52,-3,3
27770,54,53,1,1
27771,86,85,1,1
27772,58,56,2,2
27773,54,59,-5,5
27774,60,62,-2,2
27775,77,76,1,1
27776,70,76,-6,6
27777,91,93,-2,2
27778,112,113,-1,1
27779,89,88,1,1
27780,80,75,5,5
27781,95,95,0,0
27782,98,89,9,9
27783,91,91,0,0
27784,117,115,2,2
27785,76,80,-4,4
27786,126,152,-26,26
27787,131,121,10,10
27788,65,71,-6,6
27789,90,84,6,6
27790,77,74,3,3
27791,114,113,1,1
27792,88,83,5,5
27793,90,87,3,3
27794,84,92,-8,8
27795,135,122,13,13
27796,95,89,6,6
27797,94,105,-11,11
27798,106,102,4,4
27799,75,71,4,4
27800,115,112,3,3
27801,143,144,-1,1
27802,60,54,6,6
27803,68,65,3,3
27804,73,68,5,5
27805,168,147,21,21
27806,99,100,-1,1
27807,108,104,4,4
27808,77,87,-10,10
27809,60,51,9,9
27810,79,71,8,8
27811,103,118,-15,15
27812,120,124,-4,4
27813,137,151,-14,14
27814,80,91,-11,11
27815,78,79,-1,1
27816,49,56,-7,7
27817,97,106,-9,9
27818,104,106,-2,2
27819,172,163,9,9
27820,154,152,2,2
27821,93,95,-2,2
27822,103,93,10,10
27823,51,53,-2,2
27824,72,71,1,1
27825,81,83,-2,2
27826,69,63,6,6
27827,111,103,8,8
27828,106,107,-1,1
27829,143,128,15,15
27830,46,45,1,1
27831,118,122,-4,4
27832,136,122,14,14
27833,103,95,8,8
27834,115,120,-5,5
27835,100,94,6,6
27836,130,120,10,10
27837,146,135,11,11
27838,106,104,2,2
27839,160,157,3,3
27840,151,117,34,34
27841,111,108,3,3
27842,132,119,13,13
27843,70,60,10,10
27844,95,94,1,1
27845,113,112,1,1
27846,100,124,-24,24
27847,84,83,1,1
27848,144,128,16,16
27849,75,78,-3,3
27850,127,128,-1,1
27851,35,45,-10,10
27852,48,60,-12,12
27853,52,52,0,0
27854,110,111,-1,1
27855,109,107,2,2
27856,72,76,-4,4
27857,99,94,5,5
27858,58,48,10,10
27859,81,71,10,10
27860,96,84,12,12
27861,71,69,2,2
27862,122,103,19,19
27863,151,145,6,6
27864,92,91,1,1
27865,69,70,-1,1
27866,111,104,7,7
27867,106,99,7,7
27868,122,122,0,0
27869,100,81,19,19
27870,62,63,-1,1
27871,77,72,5,5
27872,111,110,1,1
27873,68,77,-9,9
27874,97,89,8,8
27875,118,90,28,28
27876,118,118,0,0
27877,97,106,-9,9
27878,78,80,-2,2
27879,146,144,2,2
27880,99,99,0,0
27881,76,72,4,4
27882,64,57,7,7
27883,48,50,-2,2
27884,89,87,2,2
27885,59,61,-2,2
27886,74,80,-6,6
27887,72,74,-2,2
27888,83,80,3,3
27889,83,65,18,18
27890,97,98,-1,1
27891,100,93,7,7
27892,181,185,-4,4
27893,37,39,-2,2
27894,64,64,0,0
27895,84,74,10,10
27896,68,63,5,5
27897,54,53,1,1
27898,85,85,0,0
27899,75,77,-2,2
27900,98,95,3,3
27901,147,136,11,11
27902,138,136,2,2
27903,61,65,-4,4
27904,83,90,-7,7
27905,158,143,15,15
27906,119,114,5,5
27907,88,84,4,4
27908,119,118,1,1
27909,118,104,14,14
27910,68,65,3,3
27911,49,53,-4,4
27912,112,101,11,11
27913,113,107,6,6
27914,83,90,-7,7
27915,81,86,-5,5
27916,31,39,-8,8
27917,87,77,10,10
27918,144,139,5,5
27919,133,142,-9,9
27920,137,135,2,2
27921,95,97,-2,2
27922,80,80,0,0
27923,109,106,3,3
27924,90,94,-4,4
27925,70,66,4,4
27926,66,69,-3,3
27927,81,70,11,11
27928,156,154,2,2
27929,70,76,-6,6
27930,95,103,-8,8
27931,109,97,12,12
27932,61,109,-48,48
27933,40,39,1,1
27934,138,148,-10,10
27935,96,90,6,6
27936,53,63,-10,10
27937,85,89,-4,4
27938,137,127,10,10
27939,113,111,2,2
27940,127,124,3,3
27941,77,72,5,5
27942,66,71,-5,5
27943,36,40,-4,4
27944,83,85,-2,2
27945,120,107,13,13
27946,55,65,-10,10
27947,61,65,-4,4
27948,68,65,3,3
27949,93,96,-3,3
27950,173,172,1,1
27951,58,65,-7,7
27952,75,79,-4,4
27953,83,74,9,9
27954,141,151,-10,10
27955,67,66,1,1
27956,35,47,-12,12
27957,63,68,-5,5
27958,52,54,-2,2
27959,183,173,10,10
27960,52,49,3,3
27961,72,67,5,5
27962,77,82,-5,5
27963,61,59,2,2
27964,124,112,12,12
27965,78,81,-3,3
27966,123,121,2,2
27967,122,119,3,3
27968,88,88,0,0
27969,74,78,-4,4
27970,66,69,-3,3
27971,69,80,-11,11
27972,92,91,1,1
27973,79,76,3,3
27974,45,68,-23,23
27975,115,118,-3,3
27976,143,141,2,2
27977,99,102,-3,3
27978,129,135,-6,6
27979,103,104,-1,1
27980,90,101,-11,11
27981,88,89,-1,1
27982,123,125,-2,2
27983,175,153,22,22
27984,95,89,6,6
27985,105,107,-2,2
27986,65,67,-2,2
27987,66,59,7,7
27988,137,127,10,10
27989,84,86,-2,2
27990,110,105,5,5
27991,118,108,10,10
27992,114,112,2,2
27993,97,110,-13,13
27994,90,85,5,5
27995,124,125,-1,1
27996,158,161,-3,3
27997,67,91,-24,24
27998,96,92,4,4
27999,97,94,3,3
28000,108,103,5,5
28001,106,104,2,2
28002,56,52,4,4
28003,69,69,0,0
28004,41,48,-7,7
28005,67,64,3,3
28006,172,171,1,1
28007,53,53,0,0
28008,94,84,10,10
28009,121,118,3,3
28010,97,90,7,7
28011,91,97,-6,6
28012,117,91,26,26
28013,125,143,-18,18
28014,59,55,4,4
28015,114,104,10,10
28016,87,82,5,5
28017,106,105,1,1
28018,77,77,0,0
28019,135,118,17,17
28020,145,125,20,20
28021,72,74,-2,2
28022,53,63,-10,10
28023,149,140,9,9
28024,101,103,-2,2
28025,76,62,14,14
28026,87,97,-10,10
28027,73,66,7,7
28028,107,113,-6,6
28029,67,65,2,2
28030,67,74,-7,7
28031,80,81,-1,1
28032,91,89,2,2
28033,91,89,2,2
28034,104,112,-8,8
28035,66,53,13,13
28036,90,90,0,0
28037,71,78,-7,7
28038,118,101,17,17
28039,87,93,-6,6
28040,68,69,-1,1
28041,114,117,-3,3
28042,117,120,-3,3
28043,130,120,10,10
28044,134,144,-10,10
28045,125,125,0,0
28046,74,71,3,3
28047,88,83,5,5
28048,56,68,-12,12
28049,116,112,4,4
28050,145,142,3,3
28051,75,68,7,7
28052,71,83,-12,12
28053,50,50,0,0
28054,97,98,-1,1
28055,55,48,7,7
28056,52,47,5,5
28057,154,124,30,30
28058,132,125,7,7
28059,180,165,15,15
28060,68,68,0,0
28061,86,88,-2,2
28062,147,150,-3,3
28063,68,85,-17,17
28064,80,75,5,5
28065,98,88,10,10
28066,109,116,-7,7
28067,88,92,-4,4
28068,78,85,-7,7
28069,86,74,12,12
28070,42,45,-3,3
28071,74,89,-15,15
28072,137,135,2,2
28073,110,106,4,4
28074,76,88,-12,12
28075,64,67,-3,3
28076,150,138,12,12
28077,116,104,12,12
28078,74,76,-2,2
28079,69,66,3,3
28080,55,51,4,4
28081,114,123,-9,9
28082,178,180,-2,2
28083,78,76,2,2
28084,71,68,3,3
28085,80,87,-7,7
28086,119,131,-12,12
28087,59,62,-3,3
28088,75,64,11,11
28089,77,89,-12,12
28090,64,69,-5,5
28091,118,109,9,9
28092,141,140,1,1
28093,144,152,-8,8
28094,118,116,2,2
28095,90,77,13,13
28096,96,98,-2,2
28097,107,104,3,3
28098,141,150,-9,9
28099,71,59,12,12
28100,94,85,9,9
28101,196,178,18,18
28102,93,103,-10,10
28103,122,107,15,15
28104,78,80,-2,2
28105,83,103,-20,20
28106,84,79,5,5
28107,65,61,4,4
28108,165,166,-1,1
28109,116,130,-14,14
28110,91,76,15,15
28111,69,64,5,5
28112,87,76,11,11
28113,94,97,-3,3
28114,113,109,4,4
28115,169,171,-2,2
28116,112,99,13,13
28117,85,88,-3,3
28118,113,104,9,9
28119,145,133,12,12
28120,53,59,-6,6
28121,97,96,1,1
28122,102,109,-7,7
28123,107,117,-10,10
28124,88,84,4,4
28125,76,74,2,2
28126,46,50,-4,4
28127,83,85,-2,2
28128,99,93,6,6
28129,118,118,0,0
28130,85,76,9,9
28131,112,115,-3,3
28132,120,106,14,14
28133,246,222,24,24
28134,124,113,11,11
28135,64,69,-5,5
28136,118,108,10,10
28137,118,114,4,4
28138,78,80,-2,2
28139,74,80,-6,6
28140,86,82,4,4
28141,90,73,17,17
28142,132,144,-12,12
28143,125,120,5,5
28144,70,66,4,4
28145,69,64,5,5
28146,119,117,2,2
28147,144,136,8,8
28148,172,163,9,9
28149,83,83,0,0
28150,99,90,9,9
28151,104,104,0,0
28152,127,124,3,3
28153,78,69,9,9
28154,110,97,13,13
28155,53,52,1,1
28156,79,88,-9,9
28157,47,42,5,5
28158,123,123,0,0
28159,132,133,-1,1
28160,104,108,-4,4
28161,127,126,1,1
28162,105,88,17,17
28163,65,71,-6,6
28164,100,99,1,1
28165,192,171,21,21
28166,61,88,-27,27
28167,106,114,-8,8
28168,38,71,-33,33
28169,186,164,22,22
28170,166,153,13,13
28171,122,114,8,8
28172,141,141,0,0
28173,122,133,-11,11
28174,39,62,-23,23
28175,117,121,-4,4
28176,128,124,4,4
28177,148,144,4,4
28178,118,113,5,5
28179,96,95,1,1
28180,72,78,-6,6
28181,76,67,9,9
28182,63,60,3,3
28183,84,92,-8,8
28184,102,98,4,4
28185,75,71,4,4
28186,92,95,-3,3
28187,69,67,2,2
28188,94,85,9,9
28189,70,66,4,4
28190,112,102,10,10
28191,87,76,11,11
28192,68,69,-1,1
28193,123,139,-16,16
28194,81,67,14,14
28195,116,127,-11,11
28196,82,87,-5,5
28197,149,133,16,16
28198,60,75,-15,15
28199,59,68,-9,9
28200,110,99,11,11
28201,89,126,-37,37
28202,114,117,-3,3
28203,128,120,8,8
28204,57,62,-5,5
28205,77,82,-5,5
28206,85,84,1,1
28207,194,197,-3,3
28208,72,90,-18,18
28209,75,81,-6,6
28210,57,85,-28,28
28211,165,153,12,12
28212,99,100,-1,1
28213,84,85,-1,1
28214,89,95,-6,6
28215,64,67,-3,3
28216,115,124,-9,9
28217,81,87,-6,6
28218,96,103,-7,7
28219,134,135,-1,1
28220,74,71,3,3
28221,121,141,-20,20
28222,81,93,-12,12
28223,58,59,-1,1
28224,77,68,9,9
28225,97,95,2,2
28226,66,63,3,3
28227,104,103,1,1
28228,112,115,-3,3
28229,59,58,1,1
28230,151,139,12,12
28231,111,100,11,11
28232,133,130,3,3
28233,76,82,-6,6
28234,93,100,-7,7
28235,76,77,-1,1
28236,85,82,3,3
28237,151,153,-2,2
28238,76,80,-4,4
28239,79,75,4,4
28240,172,190,-18,18
28241,148,136,12,12
28242,89,87,2,2
28243,87,79,8,8
28244,128,126,2,2
28245,71,67,4,4
28246,72,66,6,6
28247,77,77,0,0
28248,100,94,6,6
28249,107,107,0,0
28250,86,85,1,1
28251,81,72,9,9
28252,93,92,1,1
28253,56,52,4,4
28254,138,130,8,8
28255,77,82,-5,5
28256,175,172,3,3
28257,72,70,2,2
28258,93,92,1,1
28259,92,86,6,6
28260,104,119,-15,15
28261,132,117,15,15
28262,81,84,-3,3
28263,71,76,-5,5
28264,140,146,-6,6
28265,102,100,2,2
28266,53,54,-1,1
28267,87,91,-4,4
28268,147,144,3,3
28269,93,103,-10,10
28270,65,67,-2,2
28271,154,146,8,8
28272,222,205,17,17
28273,107,101,6,6
28274,81,75,6,6
28275,59,64,-5,5
28276,63,61,2,2
28277,100,100,0,0
28278,89,81,8,8
28279,70,64,6,6
28280,90,91,-1,1
28281,135,137,-2,2
28282,112,106,6,6
28283,102,98,4,4
28284,126,130,-4,4
28285,87,90,-3,3
28286,98,95,3,3
28287,128,118,10,10
28288,54,55,-1,1
28289,88,88,0,0
28290,79,78,1,1
28291,177,165,12,12
28292,110,104,6,6
28293,68,75,-7,7
28294,126,129,-3,3
28295,115,113,2,2
28296,105,114,-9,9
28297,86,83,3,3
28298,66,99,-33,33
28299,65,60,5,5
28300,78,84,-6,6
28301,87,85,2,2
28302,108,108,0,0
28303,46,54,-8,8
28304,106,104,2,2
28305,127,121,6,6
28306,137,139,-2,2
28307,84,76,8,8
28308,73,79,-6,6
28309,70,66,4,4
28310,76,71,5,5
28311,84,82,2,2
28312,125,94,31,31
28313,73,77,-4,4
28314,176,175,1,1
28315,97,92,5,5
28316,128,124,4,4
28317,74,74,0,0
28318,145,139,6,6
28319,93,95,-2,2
28320,70,72,-2,2
28321,67,81,-14,14
28322,84,84,0,0
28323,59,61,-2,2
28324,92,90,2,2
28325,112,107,5,5
28326,51,48,3,3
28327,56,55,1,1
28328,92,91,1,1
28329,49,59,-10,10
28330,98,98,0,0
28331,71,75,-4,4
28332,72,74,-2,2
28333,68,76,-8,8
28334,87,91,-4,4
28335,121,114,7,7
28336,94,92,2,2
28337,76,86,-10,10
28338,112,108,4,4
28339,69,60,9,9
28340,113,114,-1,1
28341,129,134,-5,5
28342,105,110,-5,5
28343,99,106,-7,7
28344,58,64,-6,6
28345,130,118,12,12
28346,85,84,1,1
28347,73,66,7,7
28348,56,50,6,6
28349,97,108,-11,11
28350,104,110,-6,6
28351,73,75,-2,2
28352,111,101,10,10
28353,73,66,7,7
28354,98,89,9,9
28355,102,106,-4,4
28356,80,75,5,5
28357,47,48,-1,1
28358,102,114,-12,12
28359,76,74,2,2
28360,69,80,-11,11
28361,85,87,-2,2
28362,111,118,-7,7
28363,34,40,-6,6
28364,137,140,-3,3
28365,79,79,0,0
28366,72,80,-8,8
28367,62,68,-6,6
28368,91,87,4,4
28369,82,83,-1,1
28370,120,135,-15,15
28371,92,97,-5,5
28372,110,112,-2,2
28373,122,115,7,7
28374,119,114,5,5
28375,183,180,3,3
28376,61,68,-7,7
28377,97,88,9,9
28378,117,114,3,3
28379,71,73,-2,2
28380,100,89,11,11
28381,119,110,9,9
28382,94,81,13,13
28383,94,98,-4,4
28384,97,82,15,15
28385,62,51,11,11
28386,74,73,1,1
28387,104,108,-4,4
28388,143,144,-1,1
28389,74,77,-3,3
28390,126,120,6,6
28391,64,74,-10,10
28392,97,90,7,7
28393,82,80,2,2
28394,56,63,-7,7
28395,98,104,-6,6
28396,139,135,4,4
28397,102,108,-6,6
28398,100,102,-2,2
28399,115,98,17,17
28400,138,120,18,18
28401,39,43,-4,4
28402,132,131,1,1
28403,127,133,-6,6
28404,98,89,9,9
28405,83,72,11,11
28406,106,111,-5,5
28407,161,152,9,9
28408,77,67,10,10
28409,76,85,-9,9
28410,96,89,7,7
28411,107,109,-2,2
28412,85,242,-157,157
28413,79,79,0,0
28414,102,98,4,4
28415,57,52,5,5
28416,79,83,-4,4
28417,76,87,-11,11
28418,82,85,-3,3
28419,56,57,-1,1
28420,84,79,5,5
28421,110,101,9,9
28422,183,166,17,17
28423,118,124,-6,6
28424,100,92,8,8
28425,109,96,13,13
28426,101,97,4,4
28427,57,63,-6,6
28428,89,109,-20,20
28429,148,137,11,11
28430,202,203,-1,1
28431,137,147,-10,10
28432,91,86,5,5
28433,112,115,-3,3
28434,68,67,1,1
28435,83,81,2,2
28436,72,67,5,5
28437,79,77,2,2
28438,116,114,2,2
28439,54,59,-5,5
28440,87,90,-3,3
28441,82,84,-2,2
28442,104,101,3,3
28443,126,120,6,6
28444,106,112,-6,6
28445,116,110,6,6
28446,91,94,-3,3
28447,77,75,2,2
28448,123,143,-20,20
28449,145,139,6,6
28450,88,82,6,6
28451,95,110,-15,15
28452,79,86,-7,7
28453,91,98,-7,7
28454,133,127,6,6
28455,165,180,-15,15
28456,61,62,-1,1
28457,63,67,-4,4
28458,120,119,1,1
28459,54,47,7,7
28460,145,143,2,2
28461,130,131,-1,1
28462,68,76,-8,8
28463,55,58,-3,3
28464,90,88,2,2
28465,102,93,9,9
28466,52,50,2,2
28467,102,103,-1,1
28468,162,165,-3,3
28469,85,95,-10,10
28470,81,83,-2,2
28471,57,51,6,6
28472,82,80,2,2
28473,135,97,38,38
28474,43,44,-1,1
28475,82,75,7,7
28476,66,69,-3,3
28477,102,101,1,1
28478,70,72,-2,2
28479,151,145,6,6
28480,127,128,-1,1
28481,77,65,12,12
28482,137,127,10,10
28483,83,75,8,8
28484,183,175,8,8
28485,43,39,4,4
28486,129,132,-3,3
28487,58,58,0,0
28488,73,73,0,0
28489,67,60,7,7
28490,57,60,-3,3
28491,133,147,-14,14
28492,76,75,1,1
28493,87,87,0,0
28494,76,80,-4,4
28495,99,88,11,11
28496,95,97,-2,2
28497,56,62,-6,6
28498,146,140,6,6
28499,123,109,14,14
28500,93,116,-23,23
28501,71,68,3,3
28502,97,90,7,7
28503,122,112,10,10
28504,97,99,-2,2
28505,86,82,4,4
28506,87,89,-2,2
28507,134,122,12,12
28508,99,107,-8,8
28509,135,132,3,3
28510,85,80,5,5
28511,132,131,1,1
28512,54,58,-4,4
28513,77,85,-8,8
28514,63,70,-7,7
28515,138,141,-3,3
28516,58,60,-2,2
28517,141,136,5,5
28518,161,161,0,0
28519,105,113,-8,8
28520,107,114,-7,7
28521,153,164,-11,11
28522,90,93,-3,3
28523,147,149,-2,2
28524,92,94,-2,2
28525,34,32,2,2
28526,90,95,-5,5
28527,50,56,-6,6
28528,83,78,5,5
28529,127,140,-13,13
28530,59,53,6,6
28531,57,61,-4,4
28532,115,120,-5,5
28533,91,94,-3,3
28534,143,133,10,10
28535,119,112,7,7
28536,97,96,1,1
28537,155,150,5,5
28538,128,121,7,7
28539,67,68,-1,1
28540,60,63,-3,3
28541,103,94,9,9
28542,128,118,10,10
28543,100,94,6,6
28544,71,71,0,0
28545,85,84,1,1
28546,74,72,2,2
28547,172,146,26,26
28548,73,72,1,1
28549,51,59,-8,8
28550,76,75,1,1
28551,110,107,3,3
28552,125,114,11,11
28553,49,56,-7,7
28554,145,134,11,11
28555,81,77,4,4
28556,79,99,-20,20
28557,108,107,1,1
28558,95,92,3,3
28559,66,55,11,11
28560,78,75,3,3
28561,41,45,-4,4
28562,89,79,10,10
28563,60,61,-1,1
28564,88,82,6,6
28565,54,61,-7,7
28566,112,104,8,8
28567,135,121,14,14
28568,123,120,3,3
28569,76,92,-16,16
28570,82,78,4,4
28571,38,45,-7,7
28572,51,50,1,1
28573,33,46,-13,13
28574,100,95,5,5
28575,64,71,-7,7
28576,98,101,-3,3
28577,104,99,5,5
28578,108,110,-2,2
28579,112,109,3,3
28580,54,57,-3,3
28581,75,76,-1,1
28582,89,97,-8,8
28583,137,128,9,9
28584,66,59,7,7
28585,81,83,-2,2
28586,91,95,-4,4
28587,84,84,0,0
28588,52,51,1,1
28589,64,68,-4,4
28590,176,174,2,2
28591,59,61,-2,2
28592,70,66,4,4
28593,69,66,3,3
28594,83,105,-22,22
28595,71,76,-5,5
28596,61,65,-4,4
28597,65,65,0,0
28598,94,114,-20,20
28599,53,53,0,0
28600,66,60,6,6
28601,93,92,1,1
28602,66,65,1,1
28603,75,70,5,5
28604,96,101,-5,5
28605,66,72,-6,6
28606,158,126,32,32
28607,80,69,11,11
28608,67,62,5,5
28609,67,70,-3,3
28610,79,80,-1,1
28611,57,62,-5,5
28612,66,69,-3,3
28613,44,47,-3,3
28614,59,55,4,4
28615,150,138,12,12
28616,128,124,4,4
28617,74,70,4,4
28618,38,52,-14,14
28619,51,51,0,0
28620,123,125,-2,2
28621,61,53,8,8
28622,77,63,14,14
28623,61,65,-4,4
28624,94,91,3,3
28625,104,113,-9,9
28626,62,72,-10,10
28627,115,109,6,6
28628,122,106,16,16
28629,96,96,0,0
28630,84,84,0,0
28631,119,116,3,3
28632,99,95,4,4
28633,85,83,2,2
28634,118,109,9,9
28635,144,128,16,16
28636,54,53,1,1
28637,152,136,16,16
28638,47,50,-3,3
28639,67,68,-1,1
28640,81,81,0,0
28641,125,123,2,2
28642,104,95,9,9
28643,63,72,-9,9
28644,71,63,8,8
28645,56,62,-6,6
28646,144,143,1,1
28647,125,138,-13,13
28648,64,59,5,5
28649,108,100,8,8
28650,87,80,7,7
28651,66,70,-4,4
28652,83,87,-4,4
28653,102,98,4,4
28654,120,118,2,2
28655,114,115,-1,1
28656,114,109,5,5
28657,148,146,2,2
28658,100,98,2,2
28659,76,67,9,9
28660,53,61,-8,8
28661,104,108,-4,4
28662,101,108,-7,7
28663,93,91,2,2
28664,50,54,-4,4
28665,47,49,-2,2
28666,137,131,6,6
28667,109,103,6,6
28668,83,97,-14,14
28669,32,37,-5,5
28670,69,62,7,7
28671,92,86,6,6
28672,78,82,-4,4
28673,96,112,-16,16
28674,92,82,10,10
28675,53,50,3,3
28676,144,144,0,0
28677,107,98,9,9
28678,112,110,2,2
28679,72,64,8,8
28680,108,101,7,7
28681,84,74,10,10
28682,54,58,-4,4
28683,82,117,-35,35
28684,98,90,8,8
28685,73,78,-5,5
28686,50,63,-13,13
28687,89,88,1,1
28688,66,63,3,3
28689,140,142,-2,2
28690,97,96,1,1
28691,77,85,-8,8
28692,106,79,27,27
28693,73,74,-1,1
28694,122,115,7,7
28695,80,84,-4,4
28696,60,61,-1,1
28697,90,82,8,8
28698,83,86,-3,3
28699,86,87,-1,1
28700,33,34,-1,1
28701,134,128,6,6
28702,117,120,-3,3
28703,60,60,0,0
28704,116,110,6,6
28705,110,118,-8,8
28706,129,129,0,0
28707,88,87,1,1
28708,76,73,3,3
28709,171,168,3,3
28710,98,78,20,20
28711,100,96,4,4
28712,66,60,6,6
28713,140,129,11,11
28714,101,85,16,16
28715,61,54,7,7
28716,89,84,5,5
28717,93,92,1,1
28718,101,96,5,5
28719,63,70,-7,7
28720,85,86,-1,1
28721,94,97,-3,3
28722,114,131,-17,17
28723,104,109,-5,5
28724,78,76,2,2
28725,108,123,-15,15
28726,57,58,-1,1
28727,38,63,-25,25
28728,69,74,-5,5
28729,106,108,-2,2
28730,77,73,4,4
28731,235,235,0,0
28732,98,101,-3,3
28733,111,105,6,6
28734,70,87,-17,17
28735,102,96,6,6
28736,92,94,-2,2
28737,67,72,-5,5
28738,83,87,-4,4
28739,71,70,1,1
28740,92,71,21,21
28741,59,62,-3,3
28742,90,88,2,2
28743,71,65,6,6
28744,52,55,-3,3
28745,109,92,17,17
28746,105,115,-10,10
28747,79,76,3,3
28748,81,76,5,5
28749,84,85,-1,1
28750,80,70,10,10
28751,56,65,-9,9
28752,84,82,2,2
28753,44,49,-5,5
28754,85,85,0,0
28755,62,63,-1,1
28756,83,77,6,6
28757,59,74,-15,15
28758,92,86,6,6
28759,99,106,-7,7
28760,131,151,-20,20
28761,58,63,-5,5
28762,164,151,13,13
28763,132,118,14,14
28764,73,69,4,4
28765,82,83,-1,1
28766,57,62,-5,5
28767,97,107,-10,10
28768,26,32,-6,6
28769,107,101,6,6
28770,88,78,10,10
28771,84,85,-1,1
28772,82,87,-5,5
28773,141,148,-7,7
28774,78,75,3,3
28775,146,144,2,2
28776,84,78,6,6
28777,93,87,6,6
28778,74,74,0,0
28779,139,130,9,9
28780,125,127,-2,2
28781,65,70,-5,5
28782,101,105,-4,4
28783,114,127,-13,13
28784,54,60,-6,6
28785,99,93,6,6
28786,83,84,-1,1
28787,128,124,4,4
28788,90,95,-5,5
28789,77,74,3,3
28790,68,54,14,14
28791,78,90,-12,12
28792,76,76,0,0
28793,85,81,4,4
28794,106,109,-3,3
28795,207,178,29,29
28796,105,104,1,1
28797,110,117,-7,7
28798,86,79,7,7
28799,166,132,34,34
28800,118,116,2,2
28801,99,97,2,2
28802,80,90,-10,10
28803,27,46,-19,19
28804,125,108,17,17
28805,92,90,2,2
28806,85,80,5,5
28807,91,93,-2,2
28808,61,56,5,5
28809,86,78,8,8
28810,50,50,0,0
28811,101,102,-1,1
28812,79,64,15,15
28813,82,98,-16,16
28814,63,52,11,11
28815,100,94,6,6
28816,103,86,17,17
28817,150,142,8,8
28818,86,79,7,7
28819,72,81,-9,9
28820,54,54,0,0
28821,136,136,0,0
28822,60,59,1,1
28823,118,111,7,7
28824,64,58,6,6
28825,78,74,4,4
28826,76,68,8,8
28827,145,143,2,2
28828,62,71,-9,9
28829,98,99,-1,1
28830,100,101,-1,1
28831,142,137,5,5
28832,77,88,-11,11
28833,81,93,-12,12
28834,79,78,1,1
28835,78,74,4,4
28836,84,89,-5,5
28837,63,61,2,2
28838,94,92,2,2
28839,89,86,3,3
28840,78,75,3,3
28841,132,141,-9,9
28842,151,140,11,11
28843,156,152,4,4
28844,41,54,-13,13
28845,106,105,1,1
28846,99,101,-2,2
28847,42,48,-6,6
28848,79,72,7,7
28849,60,74,-14,14
28850,136,143,-7,7
28851,130,131,-1,1
28852,136,142,-6,6
28853,81,73,8,8
28854,112,111,1,1
28855,60,62,-2,2
28856,93,79,14,14
28857,103,109,-6,6
28858,180,172,8,8
28859,93,86,7,7
28860,172,167,5,5
28861,95,111,-16,16
28862,79,88,-9,9
28863,55,59,-4,4
28864,105,107,-2,2
28865,118,116,2,2
28866,111,106,5,5
28867,66,72,-6,6
28868,146,128,18,18
28869,81,111,-30,30
28870,75,69,6,6
28871,79,83,-4,4
28872,64,63,1,1
28873,97,100,-3,3
28874,103,99,4,4
28875,68,69,-1,1
28876,74,80,-6,6
28877,80,75,5,5
28878,90,82,8,8
28879,59,50,9,9
28880,109,113,-4,4
28881,90,89,1,1
28882,71,79,-8,8
28883,108,105,3,3
28884,83,72,11,11
28885,130,124,6,6
28886,85,88,-3,3
28887,49,63,-14,14
28888,73,76,-3,3
28889,104,104,0,0
28890,131,131,0,0
28891,69,72,-3,3
28892,102,97,5,5
28893,74,75,-1,1
28894,58,59,-1,1
28895,167,156,11,11
28896,144,151,-7,7
28897,108,110,-2,2
28898,70,70,0,0
28899,84,83,1,1
28900,50,50,0,0
28901,68,69,-1,1
28902,128,133,-5,5
28903,106,116,-10,10
28904,63,61,2,2
28905,61,100,-39,39
28906,82,76,6,6
28907,100,105,-5,5
28908,92,92,0,0
28909,75,78,-3,3
28910,132,130,2,2
28911,85,93,-8,8
28912,183,174,9,9
28913,115,107,8,8
28914,125,123,2,2
28915,99,97,2,2
28916,102,101,1,1
28917,125,130,-5,5
28918,75,73,2,2
28919,173,168,5,5
28920,66,70,-4,4
28921,90,82,8,8
28922,88,87,1,1
28923,124,124,0,0
28924,70,64,6,6
28925,93,86,7,7
28926,64,55,9,9
28927,60,50,10,10
28928,134,137,-3,3
28929,104,100,4,4
28930,44,51,-7,7
28931,109,95,14,14
28932,68,62,6,6
28933,81,82,-1,1
28934,103,104,-1,1
28935,99,99,0,0
28936,80,79,1,1
28937,104,106,-2,2
28938,67,71,-4,4
28939,126,120,6,6
28940,53,54,-1,1
28941,135,128,7,7
28942,95,78,17,17
28943,95,102,-7,7
28944,63,65,-2,2
28945,140,123,17,17
28946,71,79,-8,8
28947,79,75,4,4
28948,47,73,-26,26
28949,87,96,-9,9
28950,57,60,-3,3
28951,81,78,3,3
28952,53,52,1,1
28953,88,95,-7,7
28954,109,112,-3,3
28955,85,86,-1,1
28956,114,108,6,6
28957,81,80,1,1
28958,85,94,-9,9
28959,95,95,0,0
28960,61,72,-11,11
28961,65,63,2,2
28962,47,65,-18,18
28963,57,54,3,3
28964,66,78,-12,12
28965,86,89,-3,3
28966,76,73,3,3
28967,143,131,12,12
28968,79,93,-14,14
28969,87,76,11,11
28970,99,95,4,4
28971,103,114,-11,11
28972,83,75,8,8
28973,116,116,0,0
28974,128,127,1,1
28975,159,156,3,3
28976,113,104,9,9
28977,124,119,5,5
28978,81,88,-7,7
28979,66,53,13,13
28980,82,62,20,20
28981,58,65,-7,7
28982,101,110,-9,9
28983,67,81,-14,14
28984,97,85,12,12
28985,78,85,-7,7
28986,104,106,-2,2
28987,117,119,-2,2
28988,82,90,-8,8
28989,125,129,-4,4
28990,152,152,0,0
28991,92,100,-8,8
28992,128,119,9,9
28993,68,69,-1,1
28994,101,93,8,8
28995,96,96,0,0
28996,98,98,0,0
28997,134,122,12,12
28998,106,111,-5,5
28999,54,56,-2,2
29000,88,97,-9,9
29001,66,61,5,5
29002,99,97,2,2
29003,82,85,-3,3
29004,118,123,-5,5
29005,66,61,5,5
29006,96,93,3,3
29007,139,138,1,1
29008,25,36,-11,11
29009,123,112,11,11
29010,130,125,5,5
29011,92,84,8,8
29012,80,80,0,0
29013,67,59,8,8
29014,71,68,3,3
29015,92,95,-3,3
29016,113,102,11,11
29017,67,80,-13,13
29018,58,62,-4,4
29019,39,86,-47,47
29020,78,82,-4,4
29021,113,99,14,14
29022,50,51,-1,1
29023,66,63,3,3
29024,88,88,0,0
29025,88,97,-9,9
29026,131,120,11,11
29027,64,78,-14,14
29028,91,89,2,2
29029,101,88,13,13
29030,110,104,6,6
29031,56,65,-9,9
29032,77,75,2,2
29033,129,127,2,2
29034,91,102,-11,11
29035,97,102,-5,5
29036,98,99,-1,1
29037,75,76,-1,1
29038,109,92,17,17
29039,64,72,-8,8
29040,71,75,-4,4
29041,54,54,0,0
29042,59,65,-6,6
29043,145,143,2,2
29044,86,77,9,9
29045,56,52,4,4
29046,79,85,-6,6
29047,114,119,-5,5
29048,65,71,-6,6
29049,104,91,13,13
29050,61,71,-10,10
29051,155,154,1,1
29052,106,103,3,3
29053,48,62,-14,14
29054,173,145,28,28
29055,31,42,-11,11
29056,87,91,-4,4
29057,147,147,0,0
29058,79,77,2,2
29059,92,105,-13,13
29060,100,89,11,11
29061,118,127,-9,9
29062,83,79,4,4
29063,72,71,1,1
29064,101,94,7,7
29065,83,86,-3,3
29066,94,95,-1,1
29067,103,109,-6,6
29068,73,73,0,0
29069,179,175,4,4
29070,115,104,11,11
29071,85,82,3,3
29072,101,99,2,2
29073,130,130,0,0
29074,155,166,-11,11
29075,65,63,2,2
29076,116,120,-4,4
29077,71,71,0,0
29078,78,85,-7,7
29079,129,130,-1,1
29080,78,71,7,7
29081,141,133,8,8
29082,139,128,11,11
29083,90,85,5,5
29084,174,164,10,10
29085,92,90,2,2
29086,76,78,-2,2
29087,40,46,-6,6
29088,36,35,1,1
29089,78,76,2,2
29090,89,92,-3,3
29091,63,67,-4,4
29092,79,74,5,5
29093,127,114,13,13
29094,61,67,-6,6
29095,118,74,44,44
29096,112,103,9,9
29097,131,127,4,4
29098,78,77,1,1
29099,95,92,3,3
29100,75,70,5,5
29101,170,164,6,6
29102,97,101,-4,4
29103,62,62,0,0
29104,130,123,7,7
29105,116,133,-17,17
29106,72,80,-8,8
29107,89,85,4,4
29108,95,97,-2,2
29109,82,79,3,3
29110,54,60,-6,6
29111,102,98,4,4
29112,106,102,4,4
29113,138,131,7,7
29114,90,94,-4,4
29115,53,65,-12,12
29116,111,96,15,15
29117,91,87,4,4
29118,84,87,-3,3
29119,116,104,12,12
29120,119,112,7,7
29121,82,83,-1,1
29122,102,96,6,6
29123,64,64,0,0
29124,40,53,-13,13
29125,104,106,-2,2
29126,73,73,0,0
29127,92,91,1,1
29128,127,110,17,17
29129,155,151,4,4
29130,82,84,-2,2
29131,86,87,-1,1
29132,61,52,9,9
29133,136,126,10,10
29134,123,132,-9,9
29135,40,51,-11,11
29136,103,94,9,9
29137,145,148,-3,3
29138,92,98,-6,6
29139,60,83,-23,23
29140,71,67,4,4
29141,63,66,-3,3
29142,51,53,-2,2
29143,92,89,3,3
29144,48,61,-13,13
29145,66,65,1,1
29146,165,151,14,14
29147,114,109,5,5
29148,48,59,-11,11
29149,121,112,9,9
29150,134,131,3,3
29151,68,65,3,3
29152,34,48,-14,14
29153,68,63,5,5
29154,72,73,-1,1
29155,63,62,1,1
29156,59,64,-5,5
29157,94,97,-3,3
29158,59,55,4,4
29159,77,84,-7,7
29160,119,111,8,8
29161,134,136,-2,2
29162,120,118,2,2
29163,90,85,5,5
29164,79,74,5,5
29165,70,69,1,1
29166,103,100,3,3
29167,111,95,16,16
29168,62,61,1,1
29169,139,120,19,19
29170,138,141,-3,3
29171,213,217,-4,4
29172,73,74,-1,1
29173,116,116,0,0
29174,135,135,0,0
29175,77,70,7,7
29176,89,81,8,8
29177,40,41,-1,1
29178,82,75,7,7
29179,101,108,-7,7
29180,81,94,-13,13
29181,159,156,3,3
29182,89,94,-5,5
29183,74,79,-5,5
29184,106,106,0,0
29185,53,61,-8,8
29186,98,116,-18,18
29187,96,94,2,2
29188,116,120,-4,4
29189,68,70,-2,2
29190,74,77,-3,3
29191,167,170,-3,3
29192,90,101,-11,11
29193,106,101,5,5
29194,62,54,8,8
29195,46,51,-5,5
29196,68,79,-11,11
29197,73,72,1,1
29198,78,76,2,2
29199,58,60,-2,2
29200,129,126,3,3
29201,79,88,-9,9
29202,92,87,5,5
29203,34,48,-14,14
29204,81,64,17,17
29205,73,67,6,6
29206,171,172,-1,1
29207,90,98,-8,8
29208,70,80,-10,10
29209,199,204,-5,5
29210,68,62,6,6
29211,161,158,3,3
29212,46,43,3,3
29213,61,65,-4,4
29214,112,111,1,1
29215,133,124,9,9
29216,91,83,8,8
29217,80,87,-7,7
29218,160,134,26,26
29219,90,86,4,4
29220,103,92,11,11
29221,87,75,12,12
29222,148,138,10,10
29223,183,126,57,57
29224,87,82,5,5
29225,161,153,8,8
29226,80,75,5,5
29227,128,131,-3,3
29228,123,121,2,2
29229,159,149,10,10
29230,48,46,2,2
29231,77,83,-6,6
29232,87,86,1,1
29233,53,51,2,2
29234,118,115,3,3
29235,89,67,22,22
29236,76,74,2,2
29237,145,132,13,13
29238,125,109,16,16
29239,97,105,-8,8
29240,49,52,-3,3
29241,62,77,-15,15
29242,81,86,-5,5
29243,136,137,-1,1
29244,100,106,-6,6
29245,187,199,-12,12
29246,105,110,-5,5
29247,176,164,12,12
29248,113,112,1,1
29249,115,118,-3,3
29250,86,87,-1,1
29251,120,108,12,12
29252,74,83,-9,9
29253,86,95,-9,9
29254,99,109,-10,10
29255,70,65,5,5
29256,109,114,-5,5
29257,110,102,8,8
29258,102,103,-1,1
29259,156,151,5,5
29260,107,107,0,0
29261,53,59,-6,6
29262,121,118,3,3
29263,97,92,5,5
29264,103,113,-10,10
29265,66,61,5,5
29266,108,125,-17,17
29267,59,62,-3,3
29268,64,71,-7,7
29269,70,70,0,0
29270,86,83,3,3
29271,118,111,7,7
29272,61,66,-5,5
29273,120,111,9,9
29274,112,108,4,4
29275,176,153,23,23
29276,61,62,-1,1
29277,89,103,-14,14
29278,115,103,12,12
29279,112,100,12,12
29280,110,107,3,3
29281,92,92,0,0
29282,124,115,9,9
29283,60,59,1,1
29284,70,64,6,6
29285,98,86,12,12
29286,77,75,2,2
29287,60,55,5,5
29288,149,150,-1,1
29289,135,132,3,3
29290,71,71,0,0
29291,47,53,-6,6
29292,141,125,16,16
29293,76,83,-7,7
29294,85,79,6,6
29295,66,67,-1,1
29296,86,85,1,1
29297,144,138,6,6
29298,74,79,-5,5
29299,181,171,10,10
29300,79,82,-3,3
29301,106,100,6,6
29302,138,127,11,11
29303,91,74,17,17
29304,76,76,0,0
29305,140,129,11,11
29306,77,81,-4,4
29307,54,64,-10,10
29308,71,74,-3,3
29309,110,103,7,7
29310,90,86,4,4
29311,116,122,-6,6
29312,83,81,2,2
29313,59,62,-3,3
29314,92,91,1,1
29315,144,136,8,8
29316,67,55,12,12
29317,105,100,5,5
29318,62,61,1,1
29319,136,127,9,9
29320,111,115,-4,4
29321,64,71,-7,7
29322,73,60,13,13
29323,86,94,-8,8
29324,84,83,1,1
29325,74,79,-5,5
29326,135,132,3,3
29327,119,112,7,7
29328,83,88,-5,5
29329,102,99,3,3
29330,84,91,-7,7
29331,66,116,-50,50
29332,47,47,0,0
29333,97,91,6,6
29334,106,105,1,1
29335,75,75,0,0
29336,108,117,-9,9
29337,154,149,5,5
29338,91,86,5,5
29339,75,79,-4,4
29340,155,142,13,13
29341,75,85,-10,10
29342,211,192,19,19
29343,69,63,6,6
29344,52,53,-1,1
29345,84,69,15,15
29346,89,90,-1,1
29347,79,77,2,2
29348,78,84,-6,6
29349,90,88,2,2
29350,305,276,29,29
29351,83,89,-6,6
29352,193,192,1,1
29353,124,131,-7,7
29354,46,45,1,1
29355,85,75,10,10
29356,84,88,-4,4
29357,98,95,3,3
29358,72,74,-2,2
29359,60,64,-4,4
29360,102,99,3,3
29361,92,88,4,4
29362,102,105,-3,3
29363,74,80,-6,6
29364,114,106,8,8
29365,86,96,-10,10
29366,114,116,-2,2
29367,151,159,-8,8
29368,91,94,-3,3
29369,78,67,11,11
29370,153,145,8,8
29371,80,90,-10,10
29372,108,110,-2,2
29373,88,76,12,12
29374,153,140,13,13
29375,71,78,-7,7
29376,95,103,-8,8
29377,127,119,8,8
29378,139,143,-4,4
29379,46,49,-3,3
29380,124,123,1,1
29381,93,94,-1,1
29382,114,105,9,9
29383,93,84,9,9
29384,67,63,4,4
29385,110,110,0,0
29386,63,65,-2,2
29387,70,62,8,8
29388,87,84,3,3
29389,122,119,3,3
29390,107,112,-5,5
29391,153,144,9,9
29392,94,95,-1,1
29393,101,100,1,1
29394,78,80,-2,2
29395,82,91,-9,9
29396,88,85,3,3
29397,94,83,11,11
29398,37,49,-12,12
29399,67,65,2,2
29400,85,80,5,5
29401,105,90,15,15
29402,40,65,-25,25
29403,194,178,16,16
29404,123,123,0,0
29405,87,77,10,10
29406,102,97,5,5
29407,145,134,11,11
29408,68,70,-2,2
29409,159,138,21,21
29410,82,86,-4,4
29411,83,71,12,12
29412,82,78,4,4
29413,69,65,4,4
29414,103,100,3,3
29415,105,105,0,0
29416,100,108,-8,8
29417,55,51,4,4
29418,80,81,-1,1
29419,73,81,-8,8
29420,51,72,-21,21
29421,124,121,3,3
29422,52,53,-1,1
29423,115,135,-20,20
29424,116,109,7,7
29425,101,104,-3,3
29426,63,61,2,2
29427,52,59,-7,7
29428,84,77,7,7
29429,142,143,-1,1
29430,71,73,-2,2
29431,82,91,-9,9
29432,85,95,-10,10
29433,74,72,2,2
29434,61,48,13,13
29435,107,108,-1,1
29436,98,98,0,0
29437,80,83,-3,3
29438,69,77,-8,8
29439,64,65,-1,1
29440,137,128,9,9
29441,77,71,6,6
29442,94,105,-11,11
29443,86,83,3,3
29444,60,61,-1,1
29445,54,66,-12,12
29446,62,62,0,0
29447,86,89,-3,3
29448,60,59,1,1
29449,64,66,-2,2
29450,91,93,-2,2
29451,71,64,7,7
29452,78,88,-10,10
29453,104,97,7,7
29454,103,107,-4,4
29455,167,173,-6,6
29456,129,111,18,18
29457,125,147,-22,22
29458,108,117,-9,9
29459,77,81,-4,4
29460,121,127,-6,6
29461,77,73,4,4
29462,61,70,-9,9
29463,67,66,1,1
29464,96,89,7,7
29465,113,126,-13,13
29466,70,69,1,1
29467,79,71,8,8
29468,91,92,-1,1
29469,86,94,-8,8
29470,74,74,0,0
29471,78,84,-6,6
29472,117,100,17,17
29473,82,72,10,10
29474,79,81,-2,2
29475,138,149,-11,11
29476,92,85,7,7
29477,69,64,5,5
29478,81,91,-10,10
29479,73,75,-2,2
29480,100,104,-4,4
29481,51,47,4,4
29482,60,61,-1,1
29483,109,101,8,8
29484,131,132,-1,1
29485,71,79,-8,8
29486,77,81,-4,4
29487,97,111,-14,14
29488,69,66,3,3
29489,124,119,5,5
29490,69,66,3,3
29491,131,123,8,8
29492,87,91,-4,4
29493,178,179,-1,1
29494,111,112,-1,1
29495,122,107,15,15
29496,155,145,10,10
29497,136,112,24,24
29498,113,123,-10,10
29499,64,68,-4,4
29500,111,107,4,4
29501,94,92,2,2
29502,58,61,-3,3
29503,89,81,8,8
29504,82,80,2,2
29505,87,94,-7,7
29506,50,61,-11,11
29507,79,77,2,2
29508,140,125,15,15
29509,134,210,-76,76
29510,119,110,9,9
29511,140,145,-5,5
29512,119,118,1,1
29513,52,52,0,0
29514,124,135,-11,11
29515,131,105,26,26
29516,45,50,-5,5
29517,70,66,4,4
29518,99,104,-5,5
29519,82,78,4,4
29520,73,71,2,2
29521,120,129,-9,9
29522,107,112,-5,5
29523,88,88,0,0
29524,82,79,3,3
29525,59,58,1,1
29526,90,100,-10,10
29527,56,62,-6,6
29528,113,114,-1,1
29529,78,72,6,6
29530,61,68,-7,7
29531,89,89,0,0
29532,44,51,-7,7
29533,62,60,2,2
29534,111,114,-3,3
29535,75,75,0,0
29536,74,74,0,0
29537,79,73,6,6
29538,89,92,-3,3
29539,94,93,1,1
29540,116,110,6,6
29541,120,111,9,9
29542,180,171,9,9
29543,48,46,2,2
29544,85,83,2,2
29545,112,104,8,8
29546,114,94,20,20
29547,78,78,0,0
29548,111,124,-13,13
29549,71,72,-1,1
29550,64,67,-3,3
29551,47,46,1,1
29552,85,89,-4,4
29553,90,96,-6,6
29554,137,122,15,15
29555,138,139,-1,1
29556,64,51,13,13
29557,78,72,6,6
29558,42,39,3,3
29559,98,96,2,2
29560,59,51,8,8
29561,76,87,-11,11
29562,106,100,6,6
29563,33,36,-3,3
29564,121,124,-3,3
29565,108,95,13,13
29566,76,82,-6,6
29567,64,62,2,2
29568,73,62,11,11
29569,112,113,-1,1
29570,105,98,7,7
29571,59,69,-10,10
29572,205,178,27,27
29573,78,84,-6,6
29574,79,90,-11,11
29575,123,122,1,1
29576,83,84,-1,1
29577,115,118,-3,3
29578,75,78,-3,3
29579,86,90,-4,4
29580,111,126,-15,15
29581,82,107,-25,25
29582,157,157,0,0
29583,58,58,0,0
29584,101,97,4,4
29585,99,97,2,2
29586,96,95,1,1
29587,133,145,-12,12
29588,93,92,1,1
29589,79,76,3,3
29590,87,72,15,15
29591,101,105,-4,4
29592,73,70,3,3
29593,76,71,5,5
29594,110,101,9,9
29595,100,98,2,2
29596,87,85,2,2
29597,126,131,-5,5
29598,81,73,8,8
29599,70,78,-8,8
29600,139,142,-3,3
29601,74,72,2,2
29602,147,128,19,19
29603,92,83,9,9
29604,133,113,20,20
29605,87,85,2,2
29606,96,99,-3,3
29607,70,101,-31,31
29608,75,82,-7,7
29609,121,116,5,5
29610,88,86,2,2
29611,96,101,-5,5
29612,196,145,51,51
29613,90,95,-5,5
29614,110,105,5,5
29615,59,55,4,4
29616,131,129,2,2
29617,56,53,3,3
29618,98,103,-5,5
29619,94,87,7,7
29620,73,81,-8,8
29621,52,49,3,3
29622,97,89,8,8
29623,119,115,4,4
29624,94,81,13,13
29625,144,137,7,7
29626,128,124,4,4
29627,81,71,10,10
29628,101,92,9,9
29629,138,130,8,8
29630,68,65,3,3
29631,124,108,16,16
29632,61,73,-12,12
29633,118,105,13,13
29634,69,72,-3,3
29635,84,85,-1,1
29636,175,158,17,17
29637,54,54,0,0
29638,72,84,-12,12
29639,82,74,8,8
29640,102,91,11,11
29641,107,102,5,5
29642,110,108,2,2
29643,128,124,4,4
29644,132,138,-6,6
29645,80,79,1,1
29646,60,63,-3,3
29647,54,58,-4,4
29648,89,93,-4,4
29649,90,96,-6,6
29650,62,78,-16,16
29651,64,82,-18,18
29652,74,64,10,10
29653,123,208,-85,85
29654,77,76,1,1
29655,79,76,3,3
29656,88,90,-2,2
29657,77,86,-9,9
29658,96,101,-5,5
29659,80,78,2,2
29660,104,104,0,0
29661,46,47,-1,1
29662,70,79,-9,9
29663,93,100,-7,7
29664,103,96,7,7
29665,117,106,11,11
29666,80,81,-1,1
29667,93,92,1,1
29668,88,91,-3,3
29669,101,96,5,5
29670,69,67,2,2
29671,97,97,0,0
29672,56,60,-4,4
29673,101,96,5,5
29674,122,117,5,5
29675,95,99,-4,4
29676,113,113,0,0
29677,150,136,14,14
29678,164,169,-5,5
29679,87,88,-1,1
29680,128,123,5,5
29681,66,67,-1,1
29682,68,59,9,9
29683,120,114,6,6
29684,151,152,-1,1
29685,72,66,6,6
29686,89,96,-7,7
29687,231,221,10,10
29688,49,65,-16,16
29689,68,64,4,4
29690,81,77,4,4
29691,96,97,-1,1
29692,123,110,13,13
29693,88,86,2,2
29694,188,181,7,7
29695,78,71,7,7
29696,78,78,0,0
29697,105,108,-3,3
29698,102,98,4,4
29699,74,85,-11,11
29700,74,80,-6,6
29701,63,65,-2,2
29702,106,102,4,4
29703,90,82,8,8
29704,100,97,3,3
29705,106,102,4,4
29706,74,74,0,0
29707,75,78,-3,3
29708,119,129,-10,10
29709,115,114,1,1
29710,125,113,12,12
29711,106,102,4,4
29712,113,112,1,1
29713,81,79,2,2
29714,84,80,4,4
29715,79,91,-12,12
29716,129,120,9,9
29717,55,54,1,1
29718,99,101,-2,2
29719,88,92,-4,4
29720,129,110,19,19
29721,92,90,2,2
29722,113,116,-3,3
29723,67,65,2,2
29724,96,109,-13,13
29725,64,71,-7,7
29726,132,147,-15,15
29727,172,160,12,12
29728,104,106,-2,2
29729,83,75,8,8
29730,70,82,-12,12
29731,104,105,-1,1
29732,78,66,12,12
29733,66,81,-15,15
29734,81,81,0,0
29735,63,68,-5,5
29736,74,81,-7,7
29737,109,90,19,19
29738,70,68,2,2
29739,91,81,10,10
29740,95,95,0,0
29741,76,77,-1,1
29742,68,67,1,1
29743,92,90,2,2
29744,65,67,-2,2
29745,36,42,-6,6
29746,105,107,-2,2
29747,110,107,3,3
29748,121,118,3,3
29749,49,47,2,2
29750,98,83,15,15
29751,117,109,8,8
29752,52,102,-50,50
29753,84,86,-2,2
29754,148,145,3,3
29755,63,62,1,1
29756,63,70,-7,7
29757,92,95,-3,3
29758,85,80,5,5
29759,93,88,5,5
29760,88,71,17,17
29761,80,78,2,2
29762,83,85,-2,2
29763,61,66,-5,5
29764,76,74,2,2
29765,81,88,-7,7
29766,75,66,9,9
29767,61,55,6,6
29768,110,110,0,0
29769,91,87,4,4
29770,63,54,9,9
29771,126,127,-1,1
29772,102,91,11,11
29773,102,97,5,5
29774,107,103,4,4
29775,49,49,0,0
29776,71,77,-6,6
29777,70,84,-14,14
29778,94,99,-5,5
29779,201,193,8,8
29780,80,86,-6,6
29781,62,61,1,1
29782,97,95,2,2
29783,77,78,-1,1
29784,74,93,-19,19
29785,55,59,-4,4
29786,88,85,3,3
29787,27,45,-18,18
29788,64,61,3,3
29789,95,111,-16,16
29790,74,75,-1,1
29791,99,103,-4,4
29792,68,67,1,1
29793,65,66,-1,1
29794,97,101,-4,4
29795,73,77,-4,4
29796,88,104,-16,16
29797,121,129,-8,8
29798,102,97,5,5
29799,101,104,-3,3
29800,78,86,-8,8
29801,156,144,12,12
29802,76,82,-6,6
29803,66,64,2,2
29804,91,103,-12,12
29805,82,74,8,8
29806,150,148,2,2
29807,46,47,-1,1
29808,164,162,2,2
29809,134,130,4,4
29810,124,120,4,4
29811,75,79,-4,4
29812,64,68,-4,4
29813,207,197,10,10
29814,125,130,-5,5
29815,143,128,15,15
29816,79,72,7,7
29817,62,64,-2,2
29818,149,154,-5,5
29819,136,133,3,3
29820,48,47,1,1
29821,117,106,11,11
29822,50,52,-2,2
29823,88,84,4,4
29824,62,62,0,0
29825,37,43,-6,6
29826,142,128,14,14
29827,59,60,-1,1
29828,123,121,2,2
29829,78,75,3,3
29830,117,111,6,6
29831,84,90,-6,6
29832,191,179,12,12
29833,176,160,16,16
29834,68,65,3,3
29835,58,52,6,6
29836,74,73,1,1
29837,166,163,3,3
29838,178,171,7,7
29839,102,105,-3,3
29840,106,97,9,9
29841,121,128,-7,7
29842,157,157,0,0
29843,60,59,1,1
29844,116,112,4,4
29845,133,134,-1,1
29846,50,50,0,0
29847,90,91,-1,1
29848,138,128,10,10
29849,216,212,4,4
29850,114,113,1,1
29851,107,107,0,0
29852,68,63,5,5
29853,52,61,-9,9
29854,139,133,6,6
29855,98,90,8,8
29856,143,137,6,6
29857,97,89,8,8
29858,80,84,-4,4
29859,60,59,1,1
29860,104,103,1,1
29861,102,108,-6,6
29862,155,155,0,0
29863,157,146,11,11
29864,122,107,15,15
29865,89,87,2,2
29866,68,66,2,2
29867,68,68,0,0
29868,102,105,-3,3
29869,107,109,-2,2
29870,62,60,2,2
29871,145,152,-7,7
29872,92,89,3,3
29873,113,104,9,9
29874,72,65,7,7
29875,67,65,2,2
29876,86,82,4,4
29877,78,80,-2,2
29878,94,94,0,0
29879,103,91,12,12
29880,145,153,-8,8
29881,74,80,-6,6
29882,128,135,-7,7
29883,146,120,26,26
29884,54,50,4,4
29885,162,151,11,11
29886,150,155,-5,5
29887,57,61,-4,4
29888,118,120,-2,2
29889,37,41,-4,4
29890,121,113,8,8
29891,130,120,10,10
29892,62,64,-2,2
29893,66,70,-4,4
29894,119,101,18,18
29895,120,110,10,10
29896,100,110,-10,10
29897,121,128,-7,7
29898,85,89,-4,4
29899,99,92,7,7
29900,63,67,-4,4
29901,98,86,12,12
29902,62,60,2,2
29903,78,75,3,3
29904,61,61,0,0
29905,110,100,10,10
29906,90,89,1,1
29907,125,100,25,25
29908,59,52,7,7
29909,83,74,9,9
29910,103,115,-12,12
29911,66,65,1,1
29912,131,132,-1,1
29913,72,78,-6,6
29914,56,59,-3,3
29915,110,112,-2,2
29916,72,74,-2,2
29917,120,124,-4,4
29918,82,84,-2,2
29919,79,84,-5,5
29920,169,163,6,6
29921,140,152,-12,12
29922,139,140,-1,1
29923,53,62,-9,9
29924,93,102,-9,9
29925,95,87,8,8
29926,91,86,5,5
29927,96,90,6,6
29928,115,113,2,2
29929,80,74,6,6
29930,61,61,0,0
29931,125,132,-7,7
29932,79,73,6,6
29933,113,105,8,8
29934,113,117,-4,4
29935,79,80,-1,1
29936,143,131,12,12
29937,69,83,-14,14
29938,71,95,-24,24
29939,67,68,-1,1
29940,53,50,3,3
29941,132,143,-11,11
29942,129,123,6,6
29943,85,81,4,4
29944,107,110,-3,3
29945,143,138,5,5
29946,57,47,10,10
29947,99,97,2,2
29948,54,62,-8,8
29949,102,110,-8,8
29950,64,64,0,0
29951,86,98,-12,12
29952,88,82,6,6
29953,170,153,17,17
29954,71,77,-6,6
29955,127,130,-3,3
29956,61,62,-1,1
29957,63,66,-3,3
29958,46,50,-4,4
29959,78,73,5,5
29960,85,92,-7,7
29961,86,74,12,12
29962,91,86,5,5
29963,75,68,7,7
29964,75,74,1,1
29965,73,101,-28,28
29966,74,74,0,0
29967,69,75,-6,6
29968,77,67,10,10
29969,119,119,0,0
29970,77,90,-13,13
29971,143,141,2,2
29972,132,135,-3,3
29973,89,91,-2,2
29974,60,53,7,7
29975,131,137,-6,6
29976,83,76,7,7
29977,80,72,8,8
29978,92,84,8,8
29979,187,188,-1,1
29980,128,128,0,0
29981,151,143,8,8
29982,44,44,0,0
29983,83,79,4,4
29984,78,73,5,5
29985,81,81,0,0
29986,73,77,-4,4
29987,138,143,-5,5
29988,45,47,-2,2
29989,58,64,-6,6
29990,105,108,-3,3
29991,103,103,0,0
29992,91,91,0,0
29993,48,50,-2,2
29994,74,83,-9,9
29995,104,90,14,14
29996,69,70,-1,1
29997,62,62,0,0
29998,140,158,-18,18
29999,129,152,-23,23
30000,98,95,3,3
30001,99,96,3,3
30002,71,65,6,6
30003,149,164,-15,15
30004,101,105,-4,4
30005,114,125,-11,11
30006,181,177,4,4
30007,112,120,-8,8
30008,112,113,-1,1
30009,95,92,3,3
30010,133,133,0,0
30011,168,154,14,14
30012,24,43,-19,19
30013,119,110,9,9
30014,102,97,5,5
30015,84,82,2,2
30016,134,126,8,8
30017,69,66,3,3
30018,66,62,4,4
30019,74,67,7,7
30020,113,112,1,1
30021,64,67,-3,3
30022,79,80,-1,1
30023,103,87,16,16
30024,107,105,2,2
30025,66,74,-8,8
30026,88,88,0,0
30027,158,164,-6,6
30028,123,111,12,12
30029,73,78,-5,5
30030,105,105,0,0
30031,65,67,-2,2
30032,119,122,-3,3
30033,68,67,1,1
30034,64,64,0,0
30035,74,73,1,1
30036,23,31,-8,8
30037,97,95,2,2
30038,124,119,5,5
30039,72,74,-2,2
30040,132,129,3,3
30041,42,52,-10,10
30042,121,114,7,7
30043,89,86,3,3
30044,113,108,5,5
30045,114,111,3,3
30046,57,53,4,4
30047,63,61,2,2
30048,121,122,-1,1
30049,144,134,10,10
30050,118,117,1,1
30051,64,62,2,2
30052,121,116,5,5
30053,135,129,6,6
30054,80,83,-3,3
30055,110,103,7,7
30056,100,99,1,1
30057,94,102,-8,8
30058,83,78,5,5
30059,87,90,-3,3
30060,67,67,0,0
30061,95,101,-6,6
30062,88,81,7,7
30063,93,95,-2,2
30064,91,79,12,12
30065,133,124,9,9
30066,77,96,-19,19
30067,106,112,-6,6
30068,53,62,-9,9
30069,89,91,-2,2
30070,154,132,22,22
30071,98,106,-8,8
30072,54,54,0,0
30073,79,81,-2,2
30074,115,113,2,2
30075,135,137,-2,2
30076,81,78,3,3
30077,56,66,-10,10
30078,54,66,-12,12
30079,73,62,11,11
30080,80,83,-3,3
30081,114,107,7,7
30082,170,175,-5,5
30083,124,121,3,3
30084,63,61,2,2
30085,93,105,-12,12
30086,77,74,3,3
30087,178,173,5,5
30088,67,64,3,3
30089,72,64,8,8
30090,60,59,1,1
30091,64,64,0,0
30092,85,79,6,6
30093,158,155,3,3
30094,124,113,11,11
30095,70,116,-46,46
30096,61,66,-5,5
30097,110,121,-11,11
30098,94,103,-9,9
30099,161,151,10,10
30100,98,99,-1,1
30101,165,156,9,9
30102,82,85,-3,3
30103,102,113,-11,11
30104,105,102,3,3
30105,85,96,-11,11
30106,106,112,-6,6
30107,91,79,12,12
30108,86,90,-4,4
30109,44,45,-1,1
30110,96,103,-7,7
30111,114,111,3,3
30112,83,86,-3,3
30113,24,29,-5,5
30114,75,78,-3,3
30115,140,148,-8,8
30116,46,46,0,0
30117,80,78,2,2
30118,82,97,-15,15
30119,125,120,5,5
30120,56,60,-4,4
30121,76,77,-1,1
30122,44,45,-1,1
30123,102,94,8,8
30124,146,142,4,4
30125,46,47,-1,1
30126,80,83,-3,3
30127,117,126,-9,9
30128,85,73,12,12
30129,60,54,6,6
30130,81,88,-7,7
30131,42,39,3,3
30132,79,91,-12,12
30133,98,90,8,8
30134,110,106,4,4
30135,74,71,3,3
30136,54,54,0,0
30137,113,120,-7,7
30138,78,89,-11,11
30139,52,48,4,4
30140,449,436,13,13
30141,121,123,-2,2
30142,68,64,4,4
30143,35,38,-3,3
30144,36,40,-4,4
30145,81,89,-8,8
30146,155,153,2,2
30147,207,187,20,20
30148,105,110,-5,5
30149,66,72,-6,6
30150,105,87,18,18
30151,63,59,4,4
30152,97,93,4,4
30153,114,106,8,8
30154,69,70,-1,1
30155,181,182,-1,1
30156,58,63,-5,5
30157,56,61,-5,5
30158,41,43,-2,2
30159,61,63,-2,2
30160,108,116,-8,8
30161,113,104,9,9
30162,46,41,5,5
30163,85,81,4,4
30164,109,110,-1,1
30165,144,148,-4,4
30166,45,76,-31,31
30167,56,49,7,7
30168,71,66,5,5
30169,83,74,9,9
30170,72,74,-2,2
30171,92,82,10,10
30172,97,112,-15,15
30173,52,51,1,1
30174,135,139,-4,4
30175,69,70,-1,1
30176,88,94,-6,6
30177,79,77,2,2
30178,74,73,1,1
30179,74,76,-2,2
30180,102,107,-5,5
30181,154,138,16,16
30182,225,220,5,5
30183,98,105,-7,7
30184,77,79,-2,2
30185,164,147,17,17
30186,144,114,30,30
30187,75,69,6,6
30188,142,150,-8,8
30189,115,116,-1,1
30190,81,82,-1,1
30191,103,106,-3,3
30192,94,99,-5,5
30193,76,91,-15,15
30194,50,54,-4,4
30195,108,121,-13,13
30196,146,140,6,6
30197,90,91,-1,1
30198,129,125,4,4
30199,74,83,-9,9
30200,105,101,4,4
30201,91,89,2,2
30202,121,128,-7,7
30203,109,93,16,16
30204,85,100,-15,15
30205,111,119,-8,8
30206,136,132,4,4
30207,74,73,1,1
30208,89,97,-8,8
30209,102,101,1,1
30210,63,57,6,6
30211,113,119,-6,6
30212,92,80,12,12
30213,87,92,-5,5
30214,98,95,3,3
30215,111,112,-1,1
30216,116,108,8,8
30217,133,139,-6,6
30218,160,151,9,9
30219,86,88,-2,2
30220,132,134,-2,2
30221,110,108,2,2
30222,53,54,-1,1
30223,95,92,3,3
30224,88,88,0,0
30225,56,54,2,2
30226,75,77,-2,2
30227,76,78,-2,2
30228,47,48,-1,1
30229,96,89,7,7
30230,39,60,-21,21
30231,159,140,19,19
30232,61,64,-3,3
30233,53,49,4,4
30234,84,85,-1,1
30235,85,81,4,4
30236,82,89,-7,7
30237,88,93,-5,5
30238,87,81,6,6
30239,111,108,3,3
30240,161,151,10,10
30241,131,134,-3,3
30242,89,81,8,8
30243,156,153,3,3
30244,61,62,-1,1
30245,94,101,-7,7
30246,102,86,16,16
30247,167,173,-6,6
30248,182,170,12,12
30249,59,51,8,8
30250,162,146,16,16
30251,132,128,4,4
30252,66,60,6,6
30253,88,86,2,2
30254,106,90,16,16
30255,59,63,-4,4
30256,86,88,-2,2
30257,45,52,-7,7
30258,42,48,-6,6
30259,54,51,3,3
30260,79,81,-2,2
30261,139,143,-4,4
30262,98,102,-4,4
30263,113,112,1,1
30264,87,86,1,1
30265,55,59,-4,4
30266,47,49,-2,2
30267,93,101,-8,8
30268,55,58,-3,3
30269,113,142,-29,29
30270,87,79,8,8
30271,138,142,-4,4
30272,106,96,10,10
30273,76,77,-1,1
30274,89,85,4,4
30275,90,83,7,7
30276,119,114,5,5
30277,106,105,1,1
30278,89,84,5,5
30279,80,81,-1,1
30280,77,80,-3,3
30281,138,126,12,12
30282,99,92,7,7
30283,70,78,-8,8
30284,107,106,1,1
30285,64,64,0,0
30286,123,119,4,4
30287,75,81,-6,6
30288,46,60,-14,14
30289,94,94,0,0
30290,68,64,4,4
30291,116,124,-8,8
30292,68,79,-11,11
30293,42,37,5,5
30294,74,62,12,12
30295,102,104,-2,2
30296,111,105,6,6
30297,102,110,-8,8
30298,155,177,-22,22
30299,97,102,-5,5
30300,75,74,1,1
30301,158,170,-12,12
30302,66,54,12,12
30303,72,67,5,5
30304,197,167,30,30
30305,133,115,18,18
30306,103,110,-7,7
30307,119,114,5,5
30308,88,92,-4,4
30309,56,61,-5,5
30310,59,69,-10,10
30311,73,87,-14,14
30312,100,94,6,6
30313,83,76,7,7
30314,104,102,2,2
30315,91,95,-4,4
30316,86,89,-3,3
30317,62,55,7,7
30318,90,101,-11,11
30319,79,70,9,9
30320,127,128,-1,1
30321,108,118,-10,10
30322,38,66,-28,28
30323,63,72,-9,9
30324,55,57,-2,2
30325,111,94,17,17
30326,53,60,-7,7
30327,77,74,3,3
30328,143,146,-3,3
30329,136,131,5,5
30330,47,55,-8,8
30331,85,80,5,5
30332,96,94,2,2
30333,87,85,2,2
30334,87,83,4,4
30335,144,131,13,13
30336,105,98,7,7
30337,96,109,-13,13
30338,78,81,-3,3
30339,140,155,-15,15
30340,69,69,0,0
30341,41,46,-5,5
30342,73,79,-6,6
30343,75,78,-3,3
30344,54,61,-7,7
30345,71,70,1,1
30346,92,96,-4,4
30347,78,72,6,6
30348,106,104,2,2
30349,77,82,-5,5
30350,74,78,-4,4
30351,59,59,0,0
30352,94,110,-16,16
30353,86,81,5,5
30354,102,111,-9,9
30355,87,93,-6,6
30356,121,121,0,0
30357,75,69,6,6
30358,108,103,5,5
30359,174,158,16,16
30360,119,115,4,4
30361,84,89,-5,5
30362,98,96,2,2
30363,84,90,-6,6
30364,89,83,6,6
30365,87,77,10,10
30366,43,47,-4,4
30367,95,100,-5,5
30368,62,65,-3,3
30369,97,104,-7,7
30370,110,106,4,4
30371,102,109,-7,7
30372,95,100,-5,5
30373,84,89,-5,5
30374,88,93,-5,5
30375,101,99,2,2
30376,154,156,-2,2
30377,159,152,7,7
30378,103,97,6,6
30379,75,76,-1,1
30380,119,108,11,11
30381,27,33,-6,6
30382,77,84,-7,7
30383,169,150,19,19
30384,151,153,-2,2
30385,72,63,9,9
30386,145,127,18,18
30387,62,64,-2,2
30388,52,74,-22,22
30389,69,80,-11,11
30390,74,71,3,3
30391,102,82,20,20
30392,91,97,-6,6
30393,93,91,2,2
30394,81,81,0,0
30395,137,131,6,6
30396,157,160,-3,3
30397,48,46,2,2
30398,122,124,-2,2
30399,64,67,-3,3
30400,175,166,9,9
30401,74,60,14,14
30402,47,49,-2,2
30403,103,97,6,6
30404,88,96,-8,8
30405,64,74,-10,10
30406,94,95,-1,1
30407,111,105,6,6
30408,209,184,25,25
30409,80,77,3,3
30410,108,113,-5,5
30411,103,101,2,2
30412,93,117,-24,24
30413,86,90,-4,4
30414,105,103,2,2
30415,110,106,4,4
30416,82,85,-3,3
30417,69,67,2,2
30418,43,42,1,1
30419,74,81,-7,7
30420,131,116,15,15
30421,137,138,-1,1
30422,110,124,-14,14
30423,61,62,-1,1
30424,90,88,2,2
30425,78,71,7,7
30426,82,84,-2,2
30427,82,87,-5,5
30428,66,63,3,3
30429,136,139,-3,3
30430,112,104,8,8
30431,71,72,-1,1
30432,114,115,-1,1
30433,105,153,-48,48
30434,93,82,11,11
30435,122,128,-6,6
30436,167,169,-2,2
30437,67,63,4,4
30438,62,76,-14,14
30439,116,110,6,6
30440,120,110,10,10
30441,126,124,2,2
30442,110,106,4,4
30443,85,88,-3,3
30444,124,123,1,1
30445,129,134,-5,5
30446,99,116,-17,17
30447,172,167,5,5
30448,76,79,-3,3
30449,64,63,1,1
30450,138,126,12,12
30451,59,60,-1,1
30452,123,119,4,4
30453,140,104,36,36
30454,67,68,-1,1
30455,211,195,16,16
30456,155,145,10,10
30457,84,95,-11,11
30458,125,129,-4,4
30459,72,68,4,4
30460,121,129,-8,8
30461,121,124,-3,3
30462,141,145,-4,4
30463,67,66,1,1
30464,73,101,-28,28
30465,107,111,-4,4
30466,72,66,6,6
30467,65,67,-2,2
30468,82,81,1,1
30469,87,79,8,8
30470,87,80,7,7
30471,52,54,-2,2
30472,84,77,7,7
30473,81,80,1,1
30474,75,77,-2,2
30475,126,131,-5,5
30476,45,45,0,0
30477,48,53,-5,5
30478,77,78,-1,1
30479,150,130,20,20
30480,100,96,4,4
30481,128,137,-9,9
30482,86,85,1,1
30483,72,63,9,9
30484,108,108,0,0
30485,61,41,20,20
30486,121,123,-2,2
30487,132,132,0,0
30488,112,120,-8,8
30489,148,144,4,4
30490,89,101,-12,12
30491,47,54,-7,7
30492,75,74,1,1
30493,113,128,-15,15
30494,82,92,-10,10
30495,82,82,0,0
30496,155,144,11,11
30497,114,111,3,3
30498,85,92,-7,7
30499,97,98,-1,1
30500,117,105,12,12
30501,57,61,-4,4
30502,121,121,0,0
30503,50,49,1,1
30504,32,32,0,0
30505,126,126,0,0
30506,85,84,1,1
30507,45,50,-5,5
30508,105,102,3,3
30509,84,90,-6,6
30510,99,89,10,10
30511,129,101,28,28
30512,115,111,4,4
30513,127,130,-3,3
30514,42,63,-21,21
30515,86,93,-7,7
30516,106,106,0,0
30517,108,100,8,8
30518,143,141,2,2
30519,98,106,-8,8
30520,131,109,22,22
30521,117,113,4,4
30522,82,74,8,8
30523,79,82,-3,3
30524,58,54,4,4
30525,96,91,5,5
30526,105,94,11,11
30527,103,100,3,3
30528,72,88,-16,16
30529,108,117,-9,9
30530,155,152,3,3
30531,164,153,11,11
30532,60,58,2,2
30533,130,125,5,5
30534,123,121,2,2
30535,104,103,1,1
30536,79,73,6,6
30537,136,134,2,2
30538,130,130,0,0
30539,135,121,14,14
30540,77,76,1,1
30541,136,127,9,9
30542,107,80,27,27
30543,127,117,10,10
30544,116,117,-1,1
30545,132,132,0,0
30546,88,79,9,9
30547,74,73,1,1
30548,71,82,-11,11
30549,53,51,2,2
30550,57,57,0,0
30551,189,181,8,8
30552,49,45,4,4
30553,124,131,-7,7
30554,127,123,4,4
30555,45,61,-16,16
30556,110,119,-9,9
30557,104,107,-3,3
30558,82,85,-3,3
30559,133,130,3,3
30560,229,211,18,18
30561,64,71,-7,7
30562,107,97,10,10
30563,109,113,-4,4
30564,174,164,10,10
30565,176,174,2,2
30566,101,92,9,9
30567,113,106,7,7
30568,139,129,10,10
30569,56,53,3,3
30570,75,77,-2,2
30571,89,87,2,2
30572,34,41,-7,7
30573,130,131,-1,1
30574,81,73,8,8
30575,103,118,-15,15
30576,99,100,-1,1
30577,136,141,-5,5
30578,37,43,-6,6
30579,82,73,9,9
30580,125,124,1,1
30581,121,120,1,1
30582,94,90,4,4
30583,67,67,0,0
30584,110,124,-14,14
30585,82,82,0,0
30586,106,115,-9,9
30587,154,145,9,9
30588,97,92,5,5
30589,65,68,-3,3
30590,81,87,-6,6
30591,53,51,2,2
30592,123,110,13,13
30593,123,111,12,12
30594,60,47,13,13
30595,59,62,-3,3
30596,71,99,-28,28
30597,154,148,6,6
30598,89,89,0,0
30599,89,82,7,7
30600,95,89,6,6
30601,78,77,1,1
30602,79,83,-4,4
30603,132,135,-3,3
30604,124,129,-5,5
30605,125,122,3,3
30606,73,70,3,3
30607,109,114,-5,5
30608,84,82,2,2
30609,114,119,-5,5
30610,98,100,-2,2
30611,229,218,11,11
30612,118,123,-5,5
30613,105,108,-3,3
30614,56,61,-5,5
30615,86,81,5,5
30616,72,76,-4,4
30617,144,169,-25,25
30618,151,145,6,6
30619,91,91,0,0
30620,134,137,-3,3
30621,142,138,4,4
30622,119,121,-2,2
30623,115,110,5,5
30624,122,126,-4,4
30625,121,115,6,6
30626,145,158,-13,13
30627,151,148,3,3
30628,99,75,24,24
30629,90,92,-2,2
30630,115,142,-27,27
30631,65,83,-18,18
30632,90,89,1,1
30633,78,78,0,0
30634,65,75,-10,10
30635,77,79,-2,2
30636,64,65,-1,1
30637,204,196,8,8
30638,134,142,-8,8
30639,144,132,12,12
30640,127,132,-5,5
30641,88,79,9,9
30642,61,65,-4,4
30643,118,121,-3,3
30644,91,88,3,3
30645,143,127,16,16
30646,166,150,16,16
30647,77,70,7,7
30648,97,87,10,10
30649,97,100,-3,3
30650,98,85,13,13
30651,71,69,2,2
30652,77,71,6,6
30653,145,141,4,4
30654,127,123,4,4
30655,144,141,3,3
30656,128,120,8,8
30657,148,146,2,2
30658,67,60,7,7
30659,147,152,-5,5
30660,85,95,-10,10
30661,98,100,-2,2
30662,72,73,-1,1
30663,74,77,-3,3
30664,111,116,-5,5
30665,80,76,4,4
30666,73,68,5,5
30667,79,78,1,1
30668,90,81,9,9
30669,104,98,6,6
30670,70,69,1,1
30671,99,96,3,3
30672,64,66,-2,2
30673,68,67,1,1
30674,96,94,2,2
30675,44,49,-5,5
30676,84,85,-1,1
30677,81,77,4,4
30678,152,148,4,4
30679,69,74,-5,5
30680,86,99,-13,13
30681,89,98,-9,9
30682,151,148,3,3
30683,80,87,-7,7
30684,97,99,-2,2
30685,55,54,1,1
30686,126,116,10,10
30687,110,119,-9,9
30688,112,122,-10,10
30689,156,140,16,16
30690,52,69,-17,17
30691,88,89,-1,1
30692,98,106,-8,8
30693,131,125,6,6
30694,114,108,6,6
30695,154,160,-6,6
30696,52,54,-2,2
30697,134,137,-3,3
30698,60,59,1,1
30699,68,71,-3,3
30700,119,119,0,0
30701,61,70,-9,9
30702,94,100,-6,6
30703,98,107,-9,9
30704,103,114,-11,11
30705,120,121,-1,1
30706,97,99,-2,2
30707,126,115,11,11
30708,103,98,5,5
30709,97,100,-3,3
30710,89,84,5,5
30711,69,66,3,3
30712,58,60,-2,2
30713,109,102,7,7
30714,91,80,11,11
30715,76,73,3,3
30716,206,200,6,6
30717,109,98,11,11
30718,167,163,4,4
30719,124,116,8,8
30720,68,64,4,4
30721,162,136,26,26
30722,92,89,3,3
30723,160,166,-6,6
30724,107,106,1,1
30725,104,88,16,16
30726,72,62,10,10
30727,59,61,-2,2
30728,102,94,8,8
30729,110,120,-10,10
30730,71,67,4,4
30731,96,91,5,5
30732,117,115,2,2
30733,67,70,-3,3
30734,64,65,-1,1
30735,111,111,0,0
30736,54,45,9,9
30737,70,70,0,0
30738,89,85,4,4
30739,125,134,-9,9
30740,81,95,-14,14
30741,132,123,9,9
30742,122,124,-2,2
30743,83,86,-3,3
30744,49,61,-12,12
30745,134,115,19,19
30746,86,87,-1,1
30747,87,83,4,4
30748,113,116,-3,3
30749,147,151,-4,4
30750,57,68,-11,11
30751,81,78,3,3
30752,84,93,-9,9
30753,130,126,4,4
30754,103,98,5,5
30755,57,59,-2,2
30756,58,60,-2,2
30757,147,126,21,21
30758,136,137,-1,1
30759,78,79,-1,1
30760,92,95,-3,3
30761,69,72,-3,3
30762,151,140,11,11
30763,155,160,-5,5
30764,80,87,-7,7
30765,71,61,10,10
30766,113,178,-65,65
30767,129,115,14,14
30768,113,110,3,3
30769,82,89,-7,7
30770,69,51,18,18
30771,95,92,3,3
30772,86,88,-2,2
30773,86,77,9,9
30774,73,70,3,3
30775,84,88,-4,4
30776,99,93,6,6
30777,159,146,13,13
30778,94,99,-5,5
30779,93,95,-2,2
30780,52,53,-1,1
30781,92,93,-1,1
30782,77,85,-8,8
30783,83,84,-1,1
30784,145,145,0,0
30785,89,83,6,6
30786,98,93,5,5
30787,128,134,-6,6
30788,70,84,-14,14
30789,85,86,-1,1
30790,94,95,-1,1
30791,63,70,-7,7
30792,120,109,11,11
30793,93,103,-10,10
30794,113,109,4,4
30795,164,169,-5,5
30796,121,119,2,2
30797,61,53,8,8
30798,100,128,-28,28
30799,67,59,8,8
30800,107,108,-1,1
30801,56,50,6,6
30802,79,81,-2,2
30803,116,147,-31,31
30804,139,136,3,3
30805,112,121,-9,9
30806,92,90,2,2
30807,108,103,5,5
30808,124,131,-7,7
30809,158,165,-7,7
30810,106,94,12,12
30811,132,127,5,5
30812,100,94,6,6
30813,64,95,-31,31
30814,128,122,6,6
30815,53,50,3,3
30816,54,52,2,2
30817,81,80,1,1
30818,67,66,1,1
30819,97,115,-18,18
30820,129,122,7,7
30821,122,107,15,15
30822,139,138,1,1
30823,44,46,-2,2
30824,131,129,2,2
30825,67,72,-5,5
30826,115,106,9,9
30827,53,50,3,3
30828,84,76,8,8
30829,124,122,2,2
30830,74,65,9,9
30831,104,115,-11,11
30832,70,76,-6,6
30833,112,114,-2,2
30834,90,76,14,14
30835,83,98,-15,15
30836,71,73,-2,2
30837,81,76,5,5
30838,124,143,-19,19
30839,161,165,-4,4
30840,52,59,-7,7
30841,78,84,-6,6
30842,57,50,7,7
30843,113,113,0,0
30844,105,96,9,9
30845,119,105,14,14
30846,48,51,-3,3
30847,123,122,1,1
30848,96,90,6,6
30849,124,113,11,11
30850,129,132,-3,3
30851,125,125,0,0
30852,104,106,-2,2
30853,117,117,0,0
30854,151,151,0,0
30855,125,122,3,3
30856,87,96,-9,9
30857,71,71,0,0
30858,58,54,4,4
30859,127,127,0,0
30860,143,129,14,14
30861,78,76,2,2
30862,114,124,-10,10
30863,49,49,0,0
30864,86,89,-3,3
30865,81,89,-8,8
30866,85,84,1,1
30867,158,139,19,19
30868,57,51,6,6
30869,109,110,-1,1
30870,95,95,0,0
30871,45,45,0,0
30872,76,86,-10,10
30873,83,82,1,1
30874,100,117,-17,17
30875,65,79,-14,14
30876,76,80,-4,4
30877,47,54,-7,7
30878,70,73,-3,3
30879,157,160,-3,3
30880,204,182,22,22
30881,88,82,6,6
30882,93,88,5,5
30883,53,61,-8,8
30884,97,100,-3,3
30885,84,85,-1,1
30886,66,75,-9,9
30887,73,75,-2,2
30888,64,65,-1,1
30889,102,93,9,9
30890,56,60,-4,4
30891,73,75,-2,2
30892,78,83,-5,5
30893,64,70,-6,6
30894,89,93,-4,4
30895,108,112,-4,4
30896,79,68,11,11
30897,99,99,0,0
30898,104,104,0,0
30899,174,161,13,13
30900,76,81,-5,5
30901,67,73,-6,6
30902,103,98,5,5
30903,72,69,3,3
30904,65,77,-12,12
30905,79,80,-1,1
30906,39,70,-31,31
30907,42,44,-2,2
30908,43,46,-3,3
30909,130,132,-2,2
30910,56,58,-2,2
30911,67,71,-4,4
30912,61,61,0,0
30913,79,69,10,10
30914,122,102,20,20
30915,121,116,5,5
30916,87,77,10,10
30917,95,101,-6,6
30918,76,74,2,2
30919,98,86,12,12
30920,149,152,-3,3
30921,37,42,-5,5
30922,91,76,15,15
30923,99,95,4,4
30924,64,69,-5,5
30925,113,108,5,5
30926,82,84,-2,2
30927,71,73,-2,2
30928,103,110,-7,7
30929,58,63,-5,5
30930,112,110,2,2
30931,61,60,1,1
30932,60,69,-9,9
30933,118,124,-6,6
30934,48,52,-4,4
30935,86,76,10,10
30936,61,71,-10,10
30937,123,113,10,10
30938,151,145,6,6
30939,50,49,1,1
30940,123,131,-8,8
30941,186,177,9,9
30942,59,66,-7,7
30943,141,143,-2,2
30944,130,154,-24,24
30945,83,78,5,5
30946,63,63,0,0
30947,168,151,17,17
30948,88,88,0,0
30949,49,53,-4,4
30950,47,53,-6,6
30951,81,86,-5,5
30952,176,155,21,21
30953,58,61,-3,3
30954,48,42,6,6
30955,117,118,-1,1
30956,115,102,13,13
30957,120,115,5,5
30958,90,93,-3,3
30959,46,52,-6,6
30960,113,123,-10,10
30961,64,67,-3,3
30962,126,117,9,9
30963,153,139,14,14
30964,114,107,7,7
30965,182,185,-3,3
30966,114,117,-3,3
30967,91,95,-4,4
30968,116,106,10,10
30969,135,127,8,8
30970,70,70,0,0
30971,80,75,5,5
30972,50,65,-15,15
30973,90,92,-2,2
30974,50,55,-5,5
30975,144,134,10,10
30976,77,74,3,3
30977,81,72,9,9
30978,41,41,0,0
30979,80,82,-2,2
30980,97,91,6,6
30981,65,69,-4,4
30982,70,71,-1,1
30983,176,185,-9,9
30984,143,140,3,3
30985,79,80,-1,1
30986,122,116,6,6
30987,135,134,1,1
30988,85,92,-7,7
30989,50,61,-11,11
30990,88,84,4,4
30991,120,110,10,10
30992,134,132,2,2
30993,74,81,-7,7
30994,86,90,-4,4
30995,95,93,2,2
30996,56,62,-6,6
30997,92,88,4,4
30998,86,85,1,1
30999,70,91,-21,21
31000,81,78,3,3
31001,113,117,-4,4
31002,99,95,4,4
31003,77,81,-4,4
31004,31,30,1,1
31005,99,97,2,2
31006,85,82,3,3
31007,80,86,-6,6
31008,92,91,1,1
31009,56,61,-5,5
31010,139,151,-12,12
31011,51,46,5,5
31012,36,63,-27,27
31013,126,116,10,10
31014,76,77,-1,1
31015,96,110,-14,14
31016,87,92,-5,5
31017,117,111,6,6
31018,102,107,-5,5
31019,89,92,-3,3
31020,107,91,16,16
31021,79,78,1,1
31022,89,87,2,2
31023,67,60,7,7
31024,114,112,2,2
31025,69,71,-2,2
31026,115,99,16,16
31027,168,172,-4,4
31028,84,102,-18,18
31029,79,66,13,13
31030,133,139,-6,6
31031,123,108,15,15
31032,102,114,-12,12
31033,123,114,9,9
31034,97,88,9,9
31035,89,88,1,1
31036,92,98,-6,6
31037,171,153,18,18
31038,72,67,5,5
31039,92,98,-6,6
31040,54,61,-7,7
31041,113,118,-5,5
31042,110,96,14,14
31043,64,63,1,1
31044,64,62,2,2
31045,69,65,4,4
31046,81,81,0,0
31047,101,99,2,2
31048,92,94,-2,2
31049,85,91,-6,6
31050,58,53,5,5
31051,124,117,7,7
31052,81,75,6,6
31053,108,101,7,7
31054,93,91,2,2
31055,70,60,10,10
31056,119,94,25,25
31057,65,66,-1,1
31058,90,82,8,8
31059,53,53,0,0
31060,73,78,-5,5
31061,52,59,-7,7
31062,97,101,-4,4
31063,118,106,12,12
31064,95,89,6,6
31065,89,85,4,4
31066,66,66,0,0
31067,75,78,-3,3
31068,107,102,5,5
31069,63,61,2,2
31070,148,137,11,11
31071,110,109,1,1
31072,96,106,-10,10
31073,123,126,-3,3
31074,123,115,8,8
31075,106,96,10,10
31076,101,95,6,6
31077,105,106,-1,1
31078,94,101,-7,7
31079,53,66,-13,13
31080,53,62,-9,9
31081,116,114,2,2
31082,122,131,-9,9
31083,96,103,-7,7
31084,117,112,5,5
31085,105,102,3,3
31086,74,76,-2,2
31087,43,53,-10,10
31088,110,111,-1,1
31089,71,74,-3,3
31090,72,66,6,6
31091,109,113,-4,4
31092,142,146,-4,4
31093,69,61,8,8
31094,127,138,-11,11
31095,113,122,-9,9
31096,61,63,-2,2
31097,108,104,4,4
31098,83,77,6,6
31099,58,63,-5,5
31100,107,105,2,2
31101,108,125,-17,17
31102,97,91,6,6
31103,101,90,11,11
31104,101,107,-6,6
31105,123,112,11,11
31106,68,68,0,0
31107,89,84,5,5
31108,47,48,-1,1
31109,128,117,11,11
31110,117,116,1,1
31111,94,88,6,6
31112,111,102,9,9
31113,51,53,-2,2
31114,65,78,-13,13
31115,79,97,-18,18
31116,140,138,2,2
31117,152,133,19,19
31118,108,109,-1,1
31119,115,107,8,8
31120,78,89,-11,11
31121,100,101,-1,1
31122,69,71,-2,2
31123,127,126,1,1
31124,64,59,5,5
31125,148,144,4,4
31126,105,102,3,3
31127,123,120,3,3
31128,56,54,2,2
31129,60,72,-12,12
31130,100,92,8,8
31131,77,102,-25,25
31132,89,113,-24,24
31133,63,68,-5,5
31134,70,68,2,2
31135,74,68,6,6
31136,74,82,-8,8
31137,149,130,19,19
31138,60,62,-2,2
31139,115,164,-49,49
31140,65,67,-2,2
31141,95,89,6,6
31142,126,139,-13,13
31143,84,93,-9,9
31144,114,102,12,12
31145,130,124,6,6
31146,117,105,12,12
31147,135,140,-5,5
31148,110,113,-3,3
31149,74,70,4,4
31150,91,88,3,3
31151,102,98,4,4
31152,76,83,-7,7
31153,81,101,-20,20
31154,117,113,4,4
31155,58,60,-2,2
31156,52,68,-16,16
31157,44,62,-18,18
31158,126,132,-6,6
31159,102,104,-2,2
31160,68,62,6,6
31161,96,115,-19,19
31162,116,105,11,11
31163,96,89,7,7
31164,44,49,-5,5
31165,49,45,4,4
31166,109,109,0,0
31167,40,50,-10,10
31168,84,117,-33,33
31169,57,58,-1,1
31170,85,91,-6,6
31171,44,46,-2,2
31172,77,73,4,4
31173,70,79,-9,9
31174,63,69,-6,6
31175,75,72,3,3
31176,88,88,0,0
31177,98,97,1,1
31178,66,80,-14,14
31179,78,70,8,8
31180,95,100,-5,5
31181,99,127,-28,28
31182,20,91,-71,71
31183,88,92,-4,4
31184,165,160,5,5
31185,127,124,3,3
31186,55,58,-3,3
31187,145,143,2,2
31188,72,70,2,2
31189,84,78,6,6
31190,62,65,-3,3
31191,107,100,7,7
31192,113,95,18,18
31193,64,66,-2,2
31194,132,113,19,19
31195,80,79,1,1
31196,64,69,-5,5
31197,58,64,-6,6
31198,53,65,-12,12
31199,101,99,2,2
31200,97,90,7,7
31201,93,95,-2,2
31202,87,75,12,12
31203,78,78,0,0
31204,70,60,10,10
31205,119,83,36,36
31206,66,69,-3,3
31207,82,90,-8,8
31208,117,102,15,15
31209,106,103,3,3
31210,79,76,3,3
31211,129,160,-31,31
31212,95,84,11,11
31213,66,70,-4,4
31214,63,62,1,1
31215,128,143,-15,15
31216,86,80,6,6
31217,87,91,-4,4
31218,115,119,-4,4
31219,126,125,1,1
31220,66,104,-38,38
31221,138,137,1,1
31222,118,104,14,14
31223,105,105,0,0
31224,59,68,-9,9
31225,51,59,-8,8
31226,45,61,-16,16
31227,79,79,0,0
31228,103,90,13,13
31229,86,108,-22,22
31230,63,60,3,3
31231,104,103,1,1
31232,144,138,6,6
31233,160,145,15,15
31234,55,54,1,1
31235,83,82,1,1
31236,104,103,1,1
31237,61,64,-3,3
31238,92,98,-6,6
31239,72,76,-4,4
31240,103,98,5,5
31241,192,171,21,21
31242,89,85,4,4
31243,76,70,6,6
31244,70,76,-6,6
31245,81,75,6,6
31246,96,94,2,2
31247,120,113,7,7
31248,88,89,-1,1
31249,81,70,11,11
31250,91,89,2,2
31251,104,95,9,9
31252,71,67,4,4
31253,51,49,2,2
31254,138,131,7,7
31255,88,69,19,19
31256,64,72,-8,8
31257,108,112,-4,4
31258,120,117,3,3
31259,78,98,-20,20
31260,158,142,16,16
31261,185,168,17,17
31262,168,177,-9,9
31263,96,103,-7,7
31264,100,79,21,21
31265,48,105,-57,57
31266,80,78,2,2
31267,49,52,-3,3
31268,108,107,1,1
31269,71,73,-2,2
31270,111,109,2,2
31271,75,71,4,4
31272,117,119,-2,2
31273,156,143,13,13
31274,111,101,10,10
31275,108,111,-3,3
31276,54,60,-6,6
31277,83,94,-11,11
31278,91,82,9,9
31279,53,60,-7,7
31280,46,47,-1,1
31281,39,48,-9,9
31282,97,112,-15,15
31283,97,110,-13,13
31284,93,86,7,7
31285,173,160,13,13
31286,76,73,3,3
31287,146,141,5,5
31288,128,136,-8,8
31289,81,79,2,2
31290,90,89,1,1
31291,109,115,-6,6
31292,123,113,10,10
31293,100,95,5,5
31294,77,80,-3,3
31295,77,77,0,0
31296,109,120,-11,11
31297,85,83,2,2
31298,94,91,3,3
31299,57,51,6,6
31300,51,54,-3,3
31301,50,55,-5,5
31302,80,72,8,8
31303,73,67,6,6
31304,68,75,-7,7
31305,153,141,12,12
31306,120,131,-11,11
31307,99,101,-2,2
31308,97,95,2,2
31309,82,79,3,3
31310,85,96,-11,11
31311,84,82,2,2
31312,93,102,-9,9
31313,55,59,-4,4
31314,53,54,-1,1
31315,148,143,5,5
31316,115,125,-10,10
31317,116,115,1,1
31318,109,95,14,14
31319,72,78,-6,6
31320,85,85,0,0
31321,78,66,12,12
31322,133,121,12,12
31323,89,87,2,2
31324,53,63,-10,10
31325,145,157,-12,12
31326,75,70,5,5
31327,60,61,-1,1
31328,71,68,3,3
31329,62,65,-3,3
31330,165,156,9,9
31331,51,71,-20,20
31332,146,156,-10,10
31333,64,62,2,2
31334,75,83,-8,8
31335,79,72,7,7
31336,85,88,-3,3
31337,100,99,1,1
31338,119,111,8,8
31339,106,114,-8,8
31340,79,77,2,2
31341,163,156,7,7
31342,121,127,-6,6
31343,66,73,-7,7
31344,114,112,2,2
31345,77,79,-2,2
31346,57,62,-5,5
31347,87,91,-4,4
31348,86,81,5,5
31349,71,75,-4,4
31350,124,120,4,4
31351,65,60,5,5
31352,111,103,8,8
31353,62,68,-6,6
31354,94,83,11,11
31355,76,77,-1,1
31356,122,135,-13,13
31357,136,152,-16,16
31358,76,73,3,3
31359,82,94,-12,12
31360,62,64,-2,2
31361,65,61,4,4
31362,63,71,-8,8
31363,50,47,3,3
31364,56,68,-12,12
31365,80,88,-8,8
31366,95,86,9,9
31367,94,95,-1,1
31368,90,76,14,14
31369,116,101,15,15
31370,113,103,10,10
31371,70,67,3,3
31372,31,38,-7,7
31373,70,78,-8,8
31374,72,68,4,4
31375,92,84,8,8
31376,82,78,4,4
31377,58,68,-10,10
31378,104,114,-10,10
31379,75,74,1,1
31380,90,94,-4,4
31381,130,124,6,6
31382,126,125,1,1
31383,89,86,3,3
31384,108,106,2,2
31385,51,59,-8,8
31386,132,133,-1,1
31387,91,95,-4,4
31388,109,116,-7,7
31389,103,120,-17,17
31390,87,81,6,6
31391,123,127,-4,4
31392,109,99,10,10
31393,77,92,-15,15
31394,96,98,-2,2
31395,82,84,-2,2
31396,111,111,0,0
31397,72,67,5,5
31398,117,109,8,8
31399,117,116,1,1
31400,137,135,2,2
31401,107,95,12,12
31402,91,93,-2,2
31403,110,106,4,4
31404,76,83,-7,7
31405,83,75,8,8
31406,142,144,-2,2
31407,97,94,3,3
31408,54,52,2,2
31409,71,74,-3,3
31410,91,100,-9,9
31411,100,102,-2,2
31412,47,48,-1,1
31413,114,103,11,11
31414,65,52,13,13
31415,33,41,-8,8
31416,88,82,6,6
31417,102,106,-4,4
31418,72,85,-13,13
31419,95,96,-1,1
31420,100,98,2,2
31421,200,197,3,3
31422,147,135,12,12
31423,98,105,-7,7
31424,111,111,0,0
31425,105,107,-2,2
31426,89,89,0,0
31427,108,106,2,2
31428,35,62,-27,27
31429,54,65,-11,11
31430,124,121,3,3
31431,90,81,9,9
31432,130,128,2,2
31433,138,132,6,6
31434,143,129,14,14
31435,74,76,-2,2
31436,47,53,-6,6
31437,64,64,0,0
31438,174,177,-3,3
31439,96,92,4,4
31440,132,135,-3,3
31441,66,71,-5,5
31442,105,103,2,2
31443,128,129,-1,1
31444,99,99,0,0
31445,70,70,0,0
31446,62,54,8,8
31447,78,75,3,3
31448,93,97,-4,4
31449,89,71,18,18
31450,104,113,-9,9
31451,74,71,3,3
31452,102,87,15,15
31453,58,60,-2,2
31454,89,87,2,2
31455,84,76,8,8
31456,128,114,14,14
31457,91,92,-1,1
31458,80,71,9,9
31459,84,93,-9,9
31460,100,103,-3,3
31461,115,111,4,4
31462,92,97,-5,5
31463,155,155,0,0
31464,175,154,21,21
31465,79,78,1,1
31466,70,63,7,7
31467,64,73,-9,9
31468,111,112,-1,1
31469,83,84,-1,1
31470,92,96,-4,4
31471,153,151,2,2
31472,138,137,1,1
31473,90,106,-16,16
31474,104,112,-8,8
31475,52,50,2,2
31476,72,77,-5,5
31477,76,78,-2,2
31478,69,68,1,1
31479,145,137,8,8
31480,67,66,1,1
31481,79,73,6,6
31482,103,97,6,6
31483,145,150,-5,5
31484,86,86,0,0
31485,112,107,5,5
31486,130,133,-3,3
31487,173,161,12,12
31488,75,77,-2,2
31489,195,168,27,27
31490,93,91,2,2
31491,102,97,5,5
31492,64,64,0,0
31493,68,67,1,1
31494,58,62,-4,4
31495,93,79,14,14
31496,119,103,16,16
31497,54,50,4,4
31498,72,89,-17,17
31499,82,83,-1,1
31500,130,123,7,7
31501,75,80,-5,5
31502,73,80,-7,7
31503,72,75,-3,3
31504,243,266,-23,23
31505,62,86,-24,24
31506,79,70,9,9
31507,129,136,-7,7
31508,119,106,13,13
31509,121,122,-1,1
31510,135,134,1,1
31511,64,55,9,9
31512,84,85,-1,1
31513,68,72,-4,4
31514,89,82,7,7
31515,59,51,8,8
31516,67,76,-9,9
31517,108,116,-8,8
31518,55,60,-5,5
31519,161,139,22,22
31520,75,78,-3,3
31521,113,105,8,8
31522,102,98,4,4
31523,116,111,5,5
31524,134,131,3,3
31525,161,135,26,26
31526,122,103,19,19
31527,103,98,5,5
31528,75,76,-1,1
31529,162,144,18,18
31530,76,85,-9,9
31531,57,60,-3,3
31532,74,75,-1,1
31533,78,70,8,8
31534,68,66,2,2
31535,101,93,8,8
31536,66,66,0,0
31537,61,67,-6,6
31538,120,111,9,9
31539,62,61,1,1
31540,149,132,17,17
31541,85,92,-7,7
31542,126,116,10,10
31543,192,190,2,2
31544,94,93,1,1
31545,69,71,-2,2
31546,99,86,13,13
31547,114,106,8,8
31548,75,80,-5,5
31549,113,126,-13,13
31550,165,154,11,11
31551,133,127,6,6
31552,86,94,-8,8
31553,72,64,8,8
31554,97,98,-1,1
31555,113,160,-47,47
31556,110,111,-1,1
31557,119,126,-7,7
31558,60,61,-1,1
31559,72,83,-11,11
31560,110,113,-3,3
31561,151,137,14,14
31562,70,81,-11,11
31563,89,94,-5,5
31564,112,107,5,5
31565,70,74,-4,4
31566,64,65,-1,1
31567,155,161,-6,6
31568,103,99,4,4
31569,115,109,6,6
31570,57,54,3,3
31571,92,98,-6,6
31572,96,89,7,7
31573,61,63,-2,2
31574,144,131,13,13
31575,75,76,-1,1
31576,138,130,8,8
31577,103,108,-5,5
31578,118,107,11,11
31579,80,88,-8,8
31580,107,102,5,5
31581,84,80,4,4
31582,87,82,5,5
31583,56,56,0,0
31584,129,141,-12,12
31585,94,92,2,2
31586,72,80,-8,8
31587,193,178,15,15
31588,141,123,18,18
31589,98,97,1,1
31590,116,124,-8,8
31591,154,148,6,6
31592,116,121,-5,5
31593,75,84,-9,9
31594,107,99,8,8
31595,83,80,3,3
31596,103,108,-5,5
31597,99,99,0,0
31598,109,113,-4,4
31599,95,92,3,3
31600,85,79,6,6
31601,81,78,3,3
31602,112,90,22,22
31603,82,76,6,6
31604,56,54,2,2
31605,64,65,-1,1
31606,105,119,-14,14
31607,118,118,0,0
31608,82,86,-4,4
31609,96,97,-1,1
31610,69,66,3,3
31611,128,131,-3,3
31612,88,94,-6,6
31613,90,86,4,4
31614,141,134,7,7
31615,75,84,-9,9
31616,108,109,-1,1
31617,153,149,4,4
31618,101,98,3,3
31619,76,78,-2,2
31620,86,92,-6,6
31621,49,46,3,3
31622,130,130,0,0
31623,95,94,1,1
31624,33,45,-12,12
31625,156,159,-3,3
31626,49,43,6,6
31627,89,83,6,6
31628,86,74,12,12
31629,80,79,1,1
31630,97,93,4,4
31631,59,66,-7,7
31632,153,146,7,7
31633,51,54,-3,3
31634,88,73,15,15
31635,145,159,-14,14
31636,165,180,-15,15
31637,74,82,-8,8
31638,80,89,-9,9
31639,101,96,5,5
31640,46,47,-1,1
31641,62,61,1,1
31642,107,96,11,11
31643,66,66,0,0
31644,153,151,2,2
31645,75,73,2,2
31646,49,50,-1,1
31647,120,128,-8,8
31648,131,125,6,6
31649,106,109,-3,3
31650,147,143,4,4
31651,81,84,-3,3
31652,94,96,-2,2
31653,57,67,-10,10
31654,61,70,-9,9
31655,47,46,1,1
31656,53,50,3,3
31657,117,111,6,6
31658,98,74,24,24
31659,48,49,-1,1
31660,190,189,1,1
31661,68,72,-4,4
31662,106,101,5,5
31663,57,58,-1,1
31664,131,135,-4,4
31665,132,128,4,4
31666,74,75,-1,1
31667,125,127,-2,2
31668,86,86,0,0
31669,49,48,1,1
31670,95,81,14,14
31671,67,63,4,4
31672,82,88,-6,6
31673,93,101,-8,8
31674,52,61,-9,9
31675,55,52,3,3
31676,111,107,4,4
31677,73,69,4,4
31678,72,82,-10,10
31679,160,157,3,3
31680,97,101,-4,4
31681,95,91,4,4
31682,117,98,19,19
31683,67,61,6,6
31684,55,56,-1,1
31685,103,94,9,9
31686,108,111,-3,3
31687,82,78,4,4
31688,155,145,10,10
31689,87,90,-3,3
31690,88,85,3,3
31691,84,100,-16,16
31692,66,79,-13,13
31693,59,60,-1,1
31694,80,78,2,2
31695,120,127,-7,7
31696,92,94,-2,2
31697,36,39,-3,3
31698,89,81,8,8
31699,113,101,12,12
31700,86,90,-4,4
31701,117,140,-23,23
31702,78,74,4,4
31703,72,79,-7,7
31704,76,65,11,11
31705,76,75,1,1
31706,87,87,0,0
31707,76,98,-22,22
31708,79,61,18,18
31709,51,46,5,5
31710,121,133,-12,12
31711,100,90,10,10
31712,83,86,-3,3
31713,84,71,13,13
31714,100,105,-5,5
31715,125,122,3,3
31716,73,65,8,8
31717,59,61,-2,2
31718,79,79,0,0
31719,76,83,-7,7
31720,108,114,-6,6
31721,64,74,-10,10
31722,101,94,7,7
31723,140,123,17,17
31724,89,91,-2,2
31725,72,68,4,4
31726,82,88,-6,6
31727,68,68,0,0
31728,41,51,-10,10
31729,77,77,0,0
31730,150,138,12,12
31731,121,114,7,7
31732,96,114,-18,18
31733,50,53,-3,3
31734,45,49,-4,4
31735,118,125,-7,7
31736,108,107,1,1
31737,74,67,7,7
31738,148,139,9,9
31739,109,105,4,4
31740,53,53,0,0
31741,69,66,3,3
31742,75,75,0,0
31743,75,87,-12,12
31744,93,94,-1,1
31745,36,38,-2,2
31746,62,71,-9,9
31747,139,140,-1,1
31748,67,69,-2,2
31749,199,199,0,0
31750,61,59,2,2
31751,66,65,1,1
31752,58,61,-3,3
31753,58,61,-3,3
31754,98,105,-7,7
31755,65,61,4,4
31756,96,98,-2,2
31757,105,108,-3,3
31758,44,50,-6,6
31759,116,115,1,1
31760,87,79,8,8
31761,94,101,-7,7
31762,130,136,-6,6
31763,103,100,3,3
31764,85,83,2,2
31765,94,102,-8,8
31766,78,73,5,5
31767,120,116,4,4
31768,48,52,-4,4
31769,107,97,10,10
31770,87,88,-1,1
31771,115,117,-2,2
31772,122,122,0,0
31773,137,122,15,15
31774,19,31,-12,12
31775,90,97,-7,7
31776,45,44,1,1
31777,53,59,-6,6
31778,132,119,13,13
31779,54,47,7,7
31780,123,132,-9,9
31781,88,100,-12,12
31782,90,81,9,9
31783,112,109,3,3
31784,67,65,2,2
31785,50,59,-9,9
31786,65,68,-3,3
31787,44,46,-2,2
31788,86,95,-9,9
31789,65,66,-1,1
31790,80,98,-18,18
31791,128,119,9,9
31792,166,137,29,29
31793,105,93,12,12
31794,77,73,4,4
31795,113,118,-5,5
31796,82,81,1,1
31797,94,99,-5,5
31798,123,119,4,4
31799,118,121,-3,3
31800,159,149,10,10
31801,100,84,16,16
31802,95,86,9,9
31803,128,133,-5,5
31804,67,77,-10,10
31805,131,118,13,13
31806,78,76,2,2
31807,58,62,-4,4
31808,126,119,7,7
31809,136,141,-5,5
31810,75,71,4,4
31811,100,97,3,3
31812,52,51,1,1
31813,94,87,7,7
31814,64,70,-6,6
31815,65,65,0,0
31816,85,86,-1,1
31817,100,97,3,3
31818,134,133,1,1
31819,88,88,0,0
31820,87,87,0,0
31821,112,114,-2,2
31822,222,205,17,17
31823,103,94,9,9
31824,131,153,-22,22
31825,143,143,0,0
31826,89,90,-1,1
31827,144,128,16,16
31828,90,86,4,4
31829,117,110,7,7
31830,41,43,-2,2
31831,161,157,4,4
31832,87,91,-4,4
31833,67,66,1,1
31834,89,95,-6,6
31835,58,51,7,7
31836,54,52,2,2
31837,66,61,5,5
31838,62,70,-8,8
31839,46,48,-2,2
31840,116,116,0,0
31841,146,149,-3,3
31842,153,161,-8,8
31843,110,95,15,15
31844,83,72,11,11
31845,138,129,9,9
31846,117,108,9,9
31847,86,80,6,6
31848,170,165,5,5
31849,96,102,-6,6
31850,57,52,5,5
31851,102,93,9,9
31852,96,96,0,0
31853,88,86,2,2
31854,117,121,-4,4
31855,83,98,-15,15
31856,94,105,-11,11
31857,68,78,-10,10
31858,81,74,7,7
31859,165,166,-1,1
31860,93,83,10,10
31861,169,166,3,3
31862,79,81,-2,2
31863,91,87,4,4
31864,96,93,3,3
31865,107,93,14,14
31866,98,91,7,7
31867,81,74,7,7
31868,125,127,-2,2
31869,111,108,3,3
31870,50,57,-7,7
31871,102,103,-1,1
31872,94,85,9,9
31873,57,54,3,3
31874,110,106,4,4
31875,89,81,8,8
31876,69,67,2,2
31877,116,117,-1,1
31878,135,118,17,17
31879,76,71,5,5
31880,98,85,13,13
31881,72,72,0,0
31882,68,76,-8,8
31883,77,73,4,4
31884,125,140,-15,15
31885,115,106,9,9
31886,136,124,12,12
31887,80,75,5,5
31888,82,83,-1,1
31889,76,81,-5,5
31890,82,80,2,2
31891,138,133,5,5
31892,108,101,7,7
31893,153,148,5,5
31894,76,75,1,1
31895,100,91,9,9
31896,97,102,-5,5
31897,119,115,4,4
31898,35,48,-13,13
31899,39,40,-1,1
31900,102,92,10,10
31901,93,108,-15,15
31902,122,118,4,4
31903,88,83,5,5
31904,84,84,0,0
31905,207,194,13,13
31906,67,65,2,2
31907,111,113,-2,2
31908,75,76,-1,1
31909,112,101,11,11
31910,59,59,0,0
31911,66,65,1,1
31912,161,161,0,0
31913,80,86,-6,6
31914,64,69,-5,5
31915,123,79,44,44
31916,123,116,7,7
31917,144,145,-1,1
31918,61,61,0,0
31919,85,74,11,11
31920,100,94,6,6
31921,100,93,7,7
31922,65,55,10,10
31923,75,68,7,7
31924,104,91,13,13
31925,112,122,-10,10
31926,93,86,7,7
31927,69,66,3,3
31928,58,58,0,0
31929,120,105,15,15
31930,131,117,14,14
31931,101,92,9,9
31932,156,158,-2,2
31933,83,77,6,6
31934,62,65,-3,3
31935,94,95,-1,1
31936,87,91,-4,4
31937,182,169,13,13
31938,132,127,5,5
31939,100,104,-4,4
31940,74,77,-3,3
31941,57,65,-8,8
31942,95,94,1,1
31943,64,53,11,11
31944,99,100,-1,1
31945,102,113,-11,11
31946,144,132,12,12
31947,152,142,10,10
31948,66,61,5,5
31949,57,61,-4,4
31950,73,81,-8,8
31951,85,83,2,2
31952,111,101,10,10
31953,78,80,-2,2
31954,87,83,4,4
31955,58,63,-5,5
31956,125,120,5,5
31957,98,92,6,6
31958,127,123,4,4
31959,125,116,9,9
31960,107,110,-3,3
31961,57,65,-8,8
31962,161,152,9,9
31963,109,102,7,7
31964,110,99,11,11
31965,64,63,1,1
31966,304,327,-23,23
31967,75,74,1,1
31968,161,163,-2,2
31969,85,95,-10,10
31970,124,110,14,14
31971,53,54,-1,1
31972,98,104,-6,6
31973,124,122,2,2
31974,67,61,6,6
31975,59,66,-7,7
31976,115,105,10,10
31977,91,86,5,5
31978,108,107,1,1
31979,82,84,-2,2
31980,104,93,11,11
31981,65,78,-13,13
31982,107,106,1,1
31983,140,146,-6,6
31984,83,83,0,0
31985,128,141,-13,13
31986,65,58,7,7
31987,70,74,-4,4
31988,160,164,-4,4
31989,94,95,-1,1
31990,74,68,6,6
31991,99,102,-3,3
31992,105,100,5,5
31993,65,68,-3,3
31994,46,50,-4,4
31995,72,71,1,1
31996,53,49,4,4
31997,110,108,2,2
31998,100,90,10,10
31999,65,72,-7,7
32000,102,97,5,5
32001,128,126,2,2
32002,90,84,6,6
32003,139,153,-14,14
32004,145,125,20,20
32005,89,86,3,3
32006,68,77,-9,9
32007,64,63,1,1
32008,79,84,-5,5
32009,86,74,12,12
32010,60,66,-6,6
32011,101,93,8,8
32012,36,48,-12,12
32013,103,99,4,4
32014,52,49,3,3
32015,152,150,2,2
32016,80,92,-12,12
32017,142,128,14,14
32018,129,114,15,15
32019,140,115,25,25
32020,49,50,-1,1
32021,147,152,-5,5
32022,100,93,7,7
32023,59,64,-5,5
32024,106,108,-2,2
32025,88,89,-1,1
32026,86,87,-1,1
32027,106,93,13,13
32028,110,108,2,2
32029,43,41,2,2
32030,114,119,-5,5
32031,77,72,5,5
32032,103,101,2,2
32033,125,127,-2,2
32034,65,65,0,0
32035,105,102,3,3
32036,98,113,-15,15
32037,132,147,-15,15
32038,119,107,12,12
32039,80,84,-4,4
32040,107,106,1,1
32041,94,85,9,9
32042,59,77,-18,18
32043,109,115,-6,6
32044,144,149,-5,5
32045,45,50,-5,5
32046,66,43,23,23
32047,122,127,-5,5
32048,88,88,0,0
32049,53,49,4,4
32050,58,67,-9,9
32051,68,66,2,2
32052,104,98,6,6
32053,129,133,-4,4
32054,55,53,2,2
32055,80,66,14,14
32056,100,104,-4,4
32057,64,76,-12,12
32058,150,148,2,2
32059,80,79,1,1
32060,96,88,8,8
32061,83,79,4,4
32062,39,41,-2,2
32063,112,97,15,15
32064,146,141,5,5
32065,91,99,-8,8
32066,77,86,-9,9
32067,121,123,-2,2
32068,113,114,-1,1
32069,132,139,-7,7
32070,102,104,-2,2
32071,71,68,3,3
32072,81,79,2,2
32073,60,72,-12,12
32074,112,97,15,15
32075,95,87,8,8
32076,116,109,7,7
32077,85,88,-3,3
32078,116,128,-12,12
32079,107,106,1,1
32080,156,144,12,12
32081,84,87,-3,3
32082,77,77,0,0
32083,111,103,8,8
32084,61,86,-25,25
32085,124,129,-5,5
32086,106,99,7,7
32087,116,114,2,2
32088,64,76,-12,12
32089,108,103,5,5
32090,76,74,2,2
32091,72,74,-2,2
32092,75,75,0,0
32093,66,67,-1,1
32094,128,139,-11,11
32095,189,167,22,22
32096,120,123,-3,3
32097,64,62,2,2
32098,141,144,-3,3
32099,96,93,3,3
32100,170,171,-1,1
32101,83,81,2,2
32102,101,102,-1,1
32103,81,90,-9,9
32104,43,48,-5,5
32105,150,144,6,6
32106,70,64,6,6
32107,89,78,11,11
32108,115,108,7,7
32109,103,102,1,1
32110,54,59,-5,5
32111,63,61,2,2
32112,127,138,-11,11
32113,96,85,11,11
32114,79,92,-13,13
32115,83,86,-3,3
32116,108,99,9,9
32117,116,105,11,11
32118,121,117,4,4
32119,127,117,10,10
32120,109,111,-2,2
32121,96,95,1,1
32122,82,83,-1,1
32123,103,133,-30,30
32124,142,142,0,0
32125,161,148,13,13
32126,126,128,-2,2
32127,78,72,6,6
32128,157,157,0,0
32129,63,69,-6,6
32130,64,62,2,2
32131,90,81,9,9
32132,95,99,-4,4
32133,146,144,2,2
32134,56,53,3,3
32135,48,44,4,4
32136,68,70,-2,2
32137,94,98,-4,4
32138,87,86,1,1
32139,122,112,10,10
32140,126,115,11,11
32141,55,75,-20,20
32142,61,65,-4,4
32143,89,102,-13,13
32144,62,72,-10,10
32145,71,70,1,1
32146,87,92,-5,5
32147,39,41,-2,2
32148,123,119,4,4
32149,79,85,-6,6
32150,109,103,6,6
32151,101,108,-7,7
32152,107,104,3,3
32153,114,109,5,5
32154,81,91,-10,10
32155,167,161,6,6
32156,71,75,-4,4
32157,65,73,-8,8
32158,76,72,4,4
32159,94,92,2,2
32160,162,151,11,11
32161,86,101,-15,15
32162,162,162,0,0
32163,50,61,-11,11
32164,109,102,7,7
32165,70,65,5,5
32166,69,66,3,3
32167,36,36,0,0
32168,117,106,11,11
32169,104,90,14,14
32170,107,111,-4,4
32171,66,67,-1,1
32172,98,99,-1,1
32173,113,118,-5,5
32174,57,62,-5,5
32175,117,112,5,5
32176,79,89,-10,10
32177,88,86,2,2
32178,101,101,0,0
32179,98,98,0,0
32180,164,180,-16,16
32181,108,105,3,3
32182,79,72,7,7
32183,77,87,-10,10
32184,81,81,0,0
32185,111,109,2,2
32186,108,107,1,1
32187,104,99,5,5
32188,51,43,8,8
32189,79,78,1,1
32190,141,138,3,3
32191,105,104,1,1
32192,79,86,-7,7
32193,121,110,11,11
32194,85,93,-8,8
32195,60,60,0,0
32196,76,71,5,5
32197,66,62,4,4
32198,140,128,12,12
32199,115,96,19,19
32200,135,123,12,12
32201,137,151,-14,14
32202,108,118,-10,10
32203,56,62,-6,6
32204,145,141,4,4
32205,107,96,11,11
32206,75,68,7,7
32207,73,78,-5,5
32208,58,64,-6,6
32209,73,67,6,6
32210,100,96,4,4
32211,154,144,10,10
32212,89,85,4,4
32213,86,80,6,6
32214,218,193,25,25
32215,96,95,1,1
32216,72,75,-3,3
32217,136,151,-15,15
32218,197,190,7,7
32219,75,79,-4,4
32220,138,136,2,2
32221,112,115,-3,3
32222,97,102,-5,5
32223,50,59,-9,9
32224,144,133,11,11
32225,62,62,0,0
32226,91,98,-7,7
32227,108,108,0,0
32228,111,113,-2,2
32229,154,147,7,7
32230,84,87,-3,3
32231,181,181,0,0
32232,80,80,0,0
32233,134,131,3,3
32234,78,87,-9,9
32235,243,227,16,16
32236,59,52,7,7
32237,83,71,12,12
32238,76,60,16,16
32239,88,84,4,4
32240,62,65,-3,3
32241,81,76,5,5
32242,127,129,-2,2
32243,119,112,7,7
32244,70,74,-4,4
32245,114,98,16,16
32246,91,93,-2,2
32247,120,105,15,15
32248,61,56,5,5
32249,73,72,1,1
32250,77,83,-6,6
32251,175,176,-1,1
32252,86,83,3,3
32253,125,118,7,7
32254,109,100,9,9
32255,90,96,-6,6
32256,71,75,-4,4
32257,64,64,0,0
32258,91,84,7,7
32259,116,114,2,2
32260,63,60,3,3
32261,79,75,4,4
32262,56,51,5,5
32263,144,138,6,6
32264,130,117,13,13
32265,73,74,-1,1
32266,64,64,0,0
32267,146,131,15,15
32268,30,46,-16,16
32269,107,111,-4,4
32270,80,87,-7,7
32271,94,113,-19,19
32272,57,59,-2,2
32273,85,89,-4,4
32274,157,149,8,8
32275,131,135,-4,4
32276,170,148,22,22
32277,115,121,-6,6
32278,124,107,17,17
32279,83,83,0,0
32280,139,134,5,5
32281,104,106,-2,2
32282,54,51,3,3
32283,117,112,5,5
32284,84,93,-9,9
32285,97,88,9,9
32286,50,42,8,8
32287,57,65,-8,8
32288,84,84,0,0
32289,70,73,-3,3
32290,75,81,-6,6
32291,33,65,-32,32
32292,110,127,-17,17
32293,60,62,-2,2
32294,66,68,-2,2
32295,121,112,9,9
32296,97,96,1,1
32297,128,122,6,6
32298,82,77,5,5
32299,110,104,6,6
32300,135,137,-2,2
32301,96,96,0,0
32302,79,69,10,10
32303,82,76,6,6
32304,112,101,11,11
32305,119,121,-2,2
32306,113,90,23,23
32307,129,128,1,1
32308,30,40,-10,10
32309,143,143,0,0
32310,48,51,-3,3
32311,70,74,-4,4
32312,66,99,-33,33
32313,117,123,-6,6
32314,49,48,1,1
32315,73,75,-2,2
32316,104,111,-7,7
32317,78,90,-12,12
32318,94,97,-3,3
32319,39,41,-2,2
32320,163,154,9,9
32321,131,132,-1,1
32322,78,84,-6,6
32323,107,109,-2,2
32324,40,43,-3,3
32325,83,83,0,0
32326,88,102,-14,14
32327,104,99,5,5
32328,116,106,10,10
32329,144,131,13,13
32330,93,96,-3,3
32331,89,89,0,0
32332,110,105,5,5
32333,62,90,-28,28
32334,100,100,0,0
32335,79,81,-2,2
32336,80,81,-1,1
32337,120,123,-3,3
32338,84,104,-20,20
32339,88,93,-5,5
32340,132,150,-18,18
32341,93,88,5,5
32342,79,86,-7,7
32343,27,36,-9,9
32344,97,97,0,0
32345,167,156,11,11
32346,146,155,-9,9
32347,45,42,3,3
32348,53,49,4,4
32349,57,59,-2,2
32350,40,45,-5,5
32351,77,86,-9,9
32352,120,116,4,4
32353,87,98,-11,11
32354,189,173,16,16
32355,84,89,-5,5
32356,68,68,0,0
32357,85,90,-5,5
32358,75,79,-4,4
32359,58,57,1,1
32360,67,66,1,1
32361,58,57,1,1
32362,38,44,-6,6
32363,63,69,-6,6
32364,82,91,-9,9
32365,111,126,-15,15
32366,168,158,10,10
32367,67,65,2,2
32368,92,92,0,0
32369,43,39,4,4
32370,126,117,9,9
32371,94,91,3,3
32372,108,118,-10,10
32373,80,90,-10,10
32374,159,147,12,12
32375,101,86,15,15
32376,71,63,8,8
32377,77,84,-7,7
32378,53,52,1,1
32379,96,100,-4,4
32380,144,128,16,16
32381,96,99,-3,3
32382,120,124,-4,4
32383,91,87,4,4
32384,57,66,-9,9
32385,95,97,-2,2
32386,114,118,-4,4
32387,115,128,-13,13
32388,63,58,5,5
32389,103,93,10,10
32390,213,202,11,11
32391,82,91,-9,9
32392,113,103,10,10
32393,75,79,-4,4
32394,122,129,-7,7
32395,82,71,11,11
32396,112,104,8,8
32397,114,113,1,1
32398,62,49,13,13
32399,145,134,11,11
32400,153,159,-6,6
32401,102,74,28,28
32402,65,67,-2,2
32403,79,67,12,12
32404,85,87,-2,2
32405,69,62,7,7
32406,69,74,-5,5
32407,106,90,16,16
32408,73,68,5,5
32409,95,86,9,9
32410,68,75,-7,7
32411,72,76,-4,4
32412,71,77,-6,6
32413,135,130,5,5
32414,115,112,3,3
32415,75,77,-2,2
32416,57,59,-2,2
32417,33,37,-4,4
32418,73,72,1,1
32419,147,145,2,2
32420,100,102,-2,2
32421,81,81,0,0
32422,130,131,-1,1
32423,63,62,1,1
32424,75,80,-5,5
32425,97,105,-8,8
32426,80,86,-6,6
32427,67,66,1,1
32428,135,137,-2,2
32429,48,46,2,2
32430,113,121,-8,8
32431,62,65,-3,3
32432,66,62,4,4
32433,62,48,14,14
32434,140,154,-14,14
32435,82,86,-4,4
32436,86,86,0,0
32437,123,130,-7,7
32438,134,130,4,4
32439,63,65,-2,2
32440,142,134,8,8
32441,63,64,-1,1
32442,94,86,8,8
32443,72,78,-6,6
32444,146,141,5,5
32445,90,72,18,18
32446,57,59,-2,2
32447,51,62,-11,11
32448,64,64,0,0
32449,80,85,-5,5
32450,105,103,2,2
32451,109,107,2,2
32452,99,109,-10,10
32453,209,191,18,18
32454,82,71,11,11
32455,49,53,-4,4
32456,72,65,7,7
32457,62,60,2,2
32458,50,51,-1,1
32459,153,153,0,0
32460,140,126,14,14
32461,95,90,5,5
32462,81,76,5,5
32463,114,103,11,11
32464,130,129,1,1
32465,31,41,-10,10
32466,86,93,-7,7
32467,100,107,-7,7
32468,58,54,4,4
32469,58,59,-1,1
32470,95,82,13,13
32471,121,124,-3,3
32472,83,85,-2,2
32473,152,142,10,10
32474,138,141,-3,3
32475,128,130,-2,2
32476,92,102,-10,10
32477,64,69,-5,5
32478,72,79,-7,7
32479,110,113,-3,3
32480,57,56,1,1
32481,99,95,4,4
32482,98,93,5,5
32483,73,85,-12,12
32484,53,59,-6,6
32485,55,66,-11,11
32486,61,61,0,0
32487,239,224,15,15
32488,86,86,0,0
32489,133,118,15,15
32490,80,83,-3,3
32491,76,70,6,6
32492,79,68,11,11
32493,140,127,13,13
32494,97,101,-4,4
32495,74,63,11,11
32496,142,134,8,8
32497,82,80,2,2
32498,62,60,2,2
32499,101,108,-7,7
32500,69,86,-17,17
32501,171,172,-1,1
32502,69,76,-7,7
32503,72,70,2,2
32504,93,93,0,0
32505,78,83,-5,5
32506,68,68,0,0
32507,54,54,0,0
32508,110,113,-3,3
32509,69,81,-12,12
32510,92,87,5,5
32511,65,62,3,3
32512,28,30,-2,2
32513,65,67,-2,2
32514,69,63,6,6
32515,119,104,15,15
32516,78,74,4,4
32517,75,72,3,3
32518,70,69,1,1
32519,57,71,-14,14
32520,88,91,-3,3
32521,80,72,8,8
32522,113,115,-2,2
32523,63,67,-4,4
32524,91,88,3,3
32525,141,126,15,15
32526,88,89,-1,1
32527,46,52,-6,6
32528,109,105,4,4
32529,98,103,-5,5
32530,177,170,7,7
32531,142,143,-1,1
32532,56,59,-3,3
32533,166,147,19,19
32534,70,64,6,6
32535,64,66,-2,2
32536,70,71,-1,1
32537,66,75,-9,9
32538,104,94,10,10
32539,131,119,12,12
32540,82,87,-5,5
32541,65,63,2,2
32542,95,94,1,1
32543,79,73,6,6
32544,86,83,3,3
32545,84,81,3,3
32546,103,88,15,15
32547,77,75,2,2
32548,125,118,7,7
32549,122,121,1,1
32550,64,63,1,1
32551,95,106,-11,11
32552,79,83,-4,4
32553,67,63,4,4
32554,160,154,6,6
32555,103,98,5,5
32556,114,108,6,6
32557,74,79,-5,5
32558,123,118,5,5
32559,50,60,-10,10
32560,53,55,-2,2
32561,195,198,-3,3
32562,71,72,-1,1
32563,171,151,20,20
32564,90,96,-6,6
32565,75,75,0,0
32566,84,89,-5,5
32567,86,104,-18,18
32568,101,102,-1,1
32569,131,116,15,15
32570,159,143,16,16
32571,52,63,-11,11
32572,119,113,6,6
32573,85,82,3,3
32574,97,96,1,1
32575,73,75,-2,2
32576,54,61,-7,7
32577,73,68,5,5
32578,127,118,9,9
32579,164,164,0,0
32580,104,90,14,14
32581,57,56,1,1
32582,40,51,-11,11
32583,103,101,2,2
32584,149,136,13,13
32585,105,98,7,7
32586,184,167,17,17
32587,74,73,1,1
32588,145,132,13,13
32589,74,83,-9,9
32590,83,95,-12,12
32591,82,72,10,10
32592,85,100,-15,15
32593,133,138,-5,5
32594,68,65,3,3
32595,56,81,-25,25
32596,183,176,7,7
32597,66,61,5,5
32598,115,128,-13,13
32599,86,83,3,3
32600,64,69,-5,5
32601,41,44,-3,3
32602,97,116,-19,19
32603,76,76,0,0
32604,64,68,-4,4
32605,67,69,-2,2
32606,92,88,4,4
32607,86,89,-3,3
32608,86,85,1,1
32609,114,114,0,0
32610,134,119,15,15
32611,80,72,8,8
32612,151,168,-17,17
32613,99,95,4,4
32614,144,144,0,0
32615,118,105,13,13
32616,74,74,0,0
32617,85,75,10,10
32618,51,59,-8,8
32619,57,61,-4,4
32620,152,146,6,6
32621,80,80,0,0
32622,83,74,9,9
32623,69,62,7,7
32624,126,142,-16,16
32625,178,165,13,13
32626,101,114,-13,13
32627,110,111,-1,1
32628,53,57,-4,4
32629,89,96,-7,7
32630,97,100,-3,3
32631,81,78,3,3
32632,87,82,5,5
32633,52,53,-1,1
32634,98,93,5,5
32635,109,105,4,4
32636,103,99,4,4
32637,90,71,19,19
32638,73,69,4,4
32639,157,153,4,4
32640,106,96,10,10
32641,144,139,5,5
32642,105,107,-2,2
32643,191,177,14,14
32644,79,74,5,5
32645,113,104,9,9
32646,66,65,1,1
32647,62,82,-20,20
32648,71,80,-9,9
32649,93,94,-1,1
32650,90,79,11,11
32651,81,78,3,3
32652,97,104,-7,7
32653,43,60,-17,17
32654,150,138,12,12
32655,78,73,5,5
32656,122,110,12,12
32657,76,76,0,0
32658,50,59,-9,9
32659,78,89,-11,11
32660,68,78,-10,10
32661,92,82,10,10
32662,65,71,-6,6
32663,112,105,7,7
32664,69,68,1,1
32665,86,86,0,0
32666,73,72,1,1
32667,99,93,6,6
32668,99,94,5,5
32669,70,78,-8,8
32670,88,85,3,3
32671,66,64,2,2
32672,123,111,12,12
32673,72,60,12,12
32674,120,132,-12,12
32675,51,61,-10,10
32676,68,64,4,4
32677,103,108,-5,5
32678,76,73,3,3
32679,77,89,-12,12
32680,143,156,-13,13
32681,128,131,-3,3
32682,87,77,10,10
32683,47,45,2,2
32684,119,117,2,2
32685,119,114,5,5
32686,52,55,-3,3
32687,123,101,22,22
32688,78,80,-2,2
32689,135,141,-6,6
32690,65,62,3,3
32691,50,54,-4,4
32692,59,76,-17,17
32693,95,85,10,10
32694,74,86,-12,12
32695,127,114,13,13
32696,135,110,25,25
32697,80,81,-1,1
32698,81,85,-4,4
32699,102,100,2,2
32700,131,131,0,0
32701,96,88,8,8
32702,100,103,-3,3
32703,104,100,4,4
32704,112,120,-8,8
32705,103,90,13,13
32706,96,95,1,1
32707,86,84,2,2
32708,130,134,-4,4
32709,47,49,-2,2
32710,118,112,6,6
32711,81,77,4,4
32712,117,96,21,21
32713,77,80,-3,3
32714,129,124,5,5
32715,111,91,20,20
32716,131,123,8,8
32717,67,70,-3,3
32718,66,65,1,1
32719,111,121,-10,10
32720,71,80,-9,9
32721,58,56,2,2
32722,61,81,-20,20
32723,65,64,1,1
32724,91,97,-6,6
32725,126,123,3,3
32726,79,73,6,6
32727,98,91,7,7
32728,83,104,-21,21
32729,46,49,-3,3
32730,71,74,-3,3
32731,56,66,-10,10
32732,74,70,4,4
32733,86,83,3,3
32734,125,120,5,5
32735,71,64,7,7
32736,62,65,-3,3
32737,96,64,32,32
32738,145,128,17,17
32739,73,69,4,4
32740,67,67,0,0
32741,87,86,1,1
32742,79,68,11,11
32743,93,95,-2,2
32744,72,71,1,1
32745,68,64,4,4
32746,72,70,2,2
32747,132,125,7,7
32748,75,70,5,5
32749,86,89,-3,3
32750,101,94,7,7
32751,193,199,-6,6
32752,124,119,5,5
32753,96,90,6,6
32754,102,105,-3,3
32755,48,49,-1,1
32756,95,87,8,8
32757,172,171,1,1
32758,174,169,5,5
32759,171,153,18,18
32760,64,59,5,5
32761,90,95,-5,5
32762,77,81,-4,4
32763,79,80,-1,1
32764,82,82,0,0
32765,128,121,7,7
32766,96,100,-4,4
32767,88,86,2,2
32768,78,77,1,1
32769,115,118,-3,3
32770,75,84,-9,9
32771,132,126,6,6
32772,161,152,9,9
32773,117,110,7,7
32774,61,54,7,7
32775,84,72,12,12
32776,102,107,-5,5
32777,108,109,-1,1
32778,108,122,-14,14
32779,156,146,10,10
32780,107,103,4,4
32781,74,67,7,7
32782,185,199,-14,14
32783,61,76,-15,15
32784,106,101,5,5
32785,73,78,-5,5
32786,83,75,8,8
32787,53,54,-1,1
32788,216,205,11,11
32789,90,87,3,3
32790,94,106,-12,12
32791,113,120,-7,7
32792,48,48,0,0
32793,125,143,-18,18
32794,58,59,-1,1
32795,112,109,3,3
32796,91,82,9,9
32797,90,102,-12,12
32798,104,98,6,6
32799,59,64,-5,5
32800,74,76,-2,2
32801,99,108,-9,9
32802,76,85,-9,9
32803,101,99,2,2
32804,143,139,4,4
32805,66,65,1,1
32806,108,91,17,17
32807,126,118,8,8
32808,102,92,10,10
32809,106,112,-6,6
32810,84,79,5,5
32811,133,132,1,1
32812,68,67,1,1
32813,133,133,0,0
32814,91,92,-1,1
32815,148,148,0,0
32816,131,128,3,3
32817,105,98,7,7
32818,111,125,-14,14
32819,50,54,-4,4
32820,118,107,11,11
32821,56,64,-8,8
32822,76,80,-4,4
32823,141,135,6,6
32824,162,156,6,6
32825,144,149,-5,5
32826,131,142,-11,11
32827,57,51,6,6
32828,105,124,-19,19
32829,74,70,4,4
32830,118,146,-28,28
32831,157,155,2,2
32832,105,102,3,3
32833,90,88,2,2
32834,96,101,-5,5
32835,161,158,3,3
32836,83,77,6,6
32837,145,137,8,8
32838,55,53,2,2
32839,113,124,-11,11
32840,72,79,-7,7
32841,199,193,6,6
32842,57,68,-11,11
32843,86,88,-2,2
32844,124,117,7,7
32845,59,71,-12,12
32846,65,53,12,12
32847,82,78,4,4
32848,127,125,2,2
32849,82,87,-5,5
32850,101,90,11,11
32851,105,97,8,8
32852,94,95,-1,1
32853,125,119,6,6
32854,96,77,19,19
32855,48,51,-3,3
32856,68,74,-6,6
32857,98,100,-2,2
32858,152,146,6,6
32859,139,115,24,24
32860,80,89,-9,9
32861,113,110,3,3
32862,102,115,-13,13
32863,94,91,3,3
32864,56,60,-4,4
32865,112,113,-1,1
32866,71,67,4,4
32867,163,161,2,2
32868,95,101,-6,6
32869,165,164,1,1
32870,100,104,-4,4
32871,104,98,6,6
32872,68,81,-13,13
32873,152,146,6,6
32874,62,70,-8,8
32875,56,60,-4,4
32876,87,87,0,0
32877,48,49,-1,1
32878,85,79,6,6
32879,82,102,-20,20
32880,70,92,-22,22
32881,80,77,3,3
32882,100,107,-7,7
32883,158,148,10,10
32884,143,138,5,5
32885,76,72,4,4
32886,64,66,-2,2
32887,121,116,5,5
32888,72,78,-6,6
32889,53,52,1,1
32890,202,192,10,10
32891,54,53,1,1
32892,58,55,3,3
32893,125,125,0,0
32894,74,64,10,10
32895,58,102,-44,44
32896,144,143,1,1
32897,124,124,0,0
32898,84,83,1,1
32899,27,63,-36,36
32900,84,77,7,7
32901,176,163,13,13
32902,44,47,-3,3
32903,66,70,-4,4
32904,73,86,-13,13
32905,71,86,-15,15
32906,42,69,-27,27
32907,61,87,-26,26
32908,71,65,6,6
32909,90,100,-10,10
32910,74,69,5,5
32911,109,95,14,14
32912,124,118,6,6
32913,94,94,0,0
32914,158,169,-11,11
32915,97,85,12,12
32916,73,64,9,9
32917,90,98,-8,8
32918,64,61,3,3
32919,144,152,-8,8
32920,104,110,-6,6
32921,186,170,16,16
32922,102,97,5,5
32923,85,83,2,2
32924,96,100,-4,4
32925,122,121,1,1
32926,97,91,6,6
32927,96,93,3,3
32928,50,43,7,7
32929,110,127,-17,17
32930,89,85,4,4
32931,98,95,3,3
32932,123,131,-8,8
32933,53,59,-6,6
32934,114,114,0,0
32935,152,156,-4,4
32936,146,155,-9,9
32937,134,124,10,10
32938,105,112,-7,7
32939,38,80,-42,42
32940,99,96,3,3
32941,107,104,3,3
32942,92,82,10,10
32943,120,122,-2,2
32944,129,129,0,0
32945,95,92,3,3
32946,90,89,1,1
32947,103,106,-3,3
32948,114,111,3,3
32949,59,66,-7,7
32950,36,68,-32,32
32951,99,99,0,0
32952,76,70,6,6
32953,149,125,24,24
32954,106,88,18,18
32955,61,70,-9,9
32956,47,66,-19,19
32957,158,168,-10,10
32958,54,52,2,2
32959,50,52,-2,2
32960,98,94,4,4
32961,94,88,6,6
32962,67,66,1,1
32963,49,50,-1,1
32964,146,143,3,3
32965,135,123,12,12
32966,87,75,12,12
32967,98,103,-5,5
32968,59,56,3,3
32969,86,83,3,3
32970,62,67,-5,5
32971,113,106,7,7
32972,93,93,0,0
32973,75,83,-8,8
32974,83,81,2,2
32975,138,133,5,5
32976,67,69,-2,2
32977,84,74,10,10
32978,117,121,-4,4
32979,64,68,-4,4
32980,80,75,5,5
32981,85,87,-2,2
32982,67,68,-1,1
32983,96,97,-1,1
32984,72,72,0,0
32985,63,78,-15,15
32986,151,135,16,16
32987,49,62,-13,13
32988,103,84,19,19
32989,32,39,-7,7
32990,70,66,4,4
32991,135,140,-5,5
32992,55,59,-4,4
32993,99,100,-1,1
32994,114,117,-3,3
32995,82,76,6,6
32996,119,125,-6,6
32997,104,105,-1,1
32998,123,116,7,7
32999,113,118,-5,5
33000,153,157,-4,4
33001,89,90,-1,1
33002,48,70,-22,22
33003,113,106,7,7
33004,83,85,-2,2
33005,129,126,3,3
33006,67,73,-6,6
33007,96,92,4,4
33008,92,93,-1,1
33009,103,97,6,6
33010,121,107,14,14
33011,48,51,-3,3
33012,98,87,11,11
33013,112,111,1,1
33014,107,111,-4,4
33015,92,80,12,12
33016,72,75,-3,3
33017,86,84,2,2
33018,86,86,0,0
33019,120,114,6,6
33020,65,69,-4,4
33021,86,84,2,2
33022,138,129,9,9
33023,74,83,-9,9
33024,60,63,-3,3
33025,125,116,9,9
33026,61,67,-6,6
33027,99,98,1,1
33028,150,142,8,8
33029,69,67,2,2
33030,41,36,5,5
33031,108,97,11,11
33032,163,169,-6,6
33033,121,115,6,6
33034,72,72,0,0
33035,109,103,6,6
33036,133,138,-5,5
33037,74,77,-3,3
33038,119,122,-3,3
33039,77,80,-3,3
33040,97,106,-9,9
33041,76,76,0,0
33042,102,95,7,7
33043,88,80,8,8
33044,139,135,4,4
33045,93,88,5,5
33046,171,161,10,10
33047,115,134,-19,19
33048,73,72,1,1
33049,102,97,5,5
33050,97,98,-1,1
33051,107,114,-7,7
33052,180,180,0,0
33053,78,75,3,3
33054,279,262,17,17
33055,86,91,-5,5
33056,80,81,-1,1
33057,131,140,-9,9
33058,49,50,-1,1
33059,100,96,4,4
33060,53,62,-9,9
33061,116,108,8,8
33062,61,60,1,1
33063,73,64,9,9
33064,70,61,9,9
33065,56,54,2,2
33066,69,70,-1,1
33067,76,75,1,1
33068,57,61,-4,4
33069,36,37,-1,1
33070,75,90,-15,15
33071,62,57,5,5
33072,78,74,4,4
33073,112,113,-1,1
33074,85,84,1,1
33075,164,149,15,15
33076,52,64,-12,12
33077,102,101,1,1
33078,34,42,-8,8
33079,52,54,-2,2
33080,63,79,-16,16
33081,60,60,0,0
33082,145,144,1,1
33083,74,80,-6,6
33084,106,112,-6,6
33085,53,55,-2,2
33086,114,118,-4,4
33087,135,141,-6,6
33088,119,116,3,3
33089,84,98,-14,14
33090,62,63,-1,1
33091,150,148,2,2
33092,178,200,-22,22
33093,125,125,0,0
33094,125,124,1,1
33095,56,59,-3,3
33096,83,85,-2,2
33097,79,96,-17,17
33098,66,67,-1,1
33099,62,66,-4,4
33100,77,83,-6,6
33101,113,114,-1,1
33102,119,124,-5,5
33103,100,88,12,12
33104,121,120,1,1
33105,102,100,2,2
33106,106,118,-12,12
33107,67,64,3,3
33108,104,94,10,10
33109,133,136,-3,3
33110,138,131,7,7
33111,62,74,-12,12
33112,110,116,-6,6
33113,140,136,4,4
33114,80,75,5,5
33115,103,105,-2,2
33116,114,110,4,4
33117,55,50,5,5
33118,91,89,2,2
33119,38,61,-23,23
33120,89,75,14,14
33121,129,124,5,5
33122,30,62,-32,32
33123,103,97,6,6
33124,100,105,-5,5
33125,87,94,-7,7
33126,99,96,3,3
33127,87,87,0,0
33128,91,94,-3,3
33129,105,97,8,8
33130,104,100,4,4
33131,46,50,-4,4
33132,86,75,11,11
33133,59,75,-16,16
33134,135,141,-6,6
33135,47,50,-3,3
33136,108,90,18,18
33137,108,98,10,10
33138,120,125,-5,5
33139,50,74,-24,24
33140,102,124,-22,22
33141,129,140,-11,11
33142,82,122,-40,40
33143,141,127,14,14
33144,87,84,3,3
33145,108,105,3,3
33146,113,126,-13,13
33147,166,163,3,3
33148,82,79,3,3
33149,34,61,-27,27
33150,57,61,-4,4
33151,128,136,-8,8
33152,86,90,-4,4
33153,70,68,2,2
33154,106,104,2,2
33155,111,112,-1,1
33156,89,102,-13,13
33157,28,34,-6,6
33158,102,103,-1,1
33159,159,139,20,20
33160,170,156,14,14
33161,98,101,-3,3
33162,77,80,-3,3
33163,118,123,-5,5
33164,96,93,3,3
33165,51,60,-9,9
33166,63,57,6,6
33167,70,67,3,3
33168,99,111,-12,12
33169,58,54,4,4
33170,60,61,-1,1
33171,78,83,-5,5
33172,45,61,-16,16
33173,89,101,-12,12
33174,69,71,-2,2
33175,84,92,-8,8
33176,73,69,4,4
33177,178,165,13,13
33178,63,70,-7,7
33179,108,103,5,5
33180,105,107,-2,2
33181,43,46,-3,3
33182,82,78,4,4
33183,76,80,-4,4
33184,143,126,17,17
33185,91,85,6,6
33186,63,66,-3,3
33187,136,131,5,5
33188,83,77,6,6
33189,128,123,5,5
33190,63,67,-4,4
33191,72,76,-4,4
33192,96,99,-3,3
33193,66,73,-7,7
33194,89,104,-15,15
33195,74,67,7,7
33196,69,71,-2,2
33197,86,86,0,0
33198,105,100,5,5
33199,92,95,-3,3
33200,49,60,-11,11
33201,151,135,16,16
33202,87,94,-7,7
33203,86,82,4,4
33204,55,52,3,3
33205,113,127,-14,14
33206,96,95,1,1
33207,84,82,2,2
33208,102,98,4,4
33209,85,90,-5,5
33210,141,140,1,1
33211,90,76,14,14
33212,57,60,-3,3
33213,80,87,-7,7
33214,111,109,2,2
33215,82,124,-42,42
33216,85,85,0,0
33217,85,77,8,8
33218,67,67,0,0
33219,86,82,4,4
33220,102,94,8,8
33221,71,75,-4,4
33222,130,158,-28,28
33223,76,82,-6,6
33224,70,72,-2,2
33225,86,93,-7,7
33226,55,45,10,10
33227,97,98,-1,1
33228,98,120,-22,22
33229,70,61,9,9
33230,102,95,7,7
33231,79,70,9,9
33232,104,99,5,5
33233,70,64,6,6
33234,94,87,7,7
33235,103,105,-2,2
33236,102,112,-10,10
33237,102,98,4,4
33238,67,65,2,2
33239,165,160,5,5
33240,73,93,-20,20
33241,149,138,11,11
33242,92,91,1,1
33243,57,65,-8,8
33244,76,63,13,13
33245,129,123,6,6
33246,66,70,-4,4
33247,132,126,6,6
33248,108,101,7,7
33249,162,163,-1,1
33250,104,100,4,4
33251,98,108,-10,10
33252,81,80,1,1
33253,106,112,-6,6
33254,134,140,-6,6
33255,118,119,-1,1
33256,156,143,13,13
33257,73,71,2,2
33258,106,108,-2,2
33259,64,60,4,4
33260,66,62,4,4
33261,126,111,15,15
33262,103,107,-4,4
33263,57,59,-2,2
33264,158,162,-4,4
33265,103,100,3,3
33266,103,105,-2,2
33267,172,161,11,11
33268,137,140,-3,3
33269,95,91,4,4
33270,127,121,6,6
33271,87,84,3,3
33272,136,118,18,18
33273,51,52,-1,1
33274,95,90,5,5
33275,100,100,0,0
33276,140,133,7,7
33277,102,106,-4,4
33278,69,67,2,2
33279,148,143,5,5
33280,121,137,-16,16
33281,133,135,-2,2
33282,106,113,-7,7
33283,95,93,2,2
33284,71,85,-14,14
33285,148,149,-1,1
33286,188,180,8,8
33287,111,111,0,0
33288,88,90,-2,2
33289,71,86,-15,15
33290,83,85,-2,2
33291,44,47,-3,3
33292,69,66,3,3
33293,44,47,-3,3
33294,111,107,4,4
33295,105,113,-8,8
33296,76,79,-3,3
33297,95,95,0,0
33298,181,177,4,4
33299,128,119,9,9
33300,81,81,0,0
33301,175,155,20,20
33302,57,56,1,1
33303,70,65,5,5
33304,77,69,8,8
33305,61,62,-1,1
33306,108,112,-4,4
33307,69,74,-5,5
33308,61,66,-5,5
33309,116,112,4,4
33310,50,52,-2,2
33311,95,86,9,9
33312,62,69,-7,7
33313,161,154,7,7
33314,101,103,-2,2
33315,84,79,5,5
33316,87,94,-7,7
33317,71,70,1,1
33318,56,62,-6,6
33319,77,79,-2,2
33320,100,124,-24,24
33321,74,73,1,1
33322,59,66,-7,7
33323,117,116,1,1
33324,102,101,1,1
33325,97,92,5,5
33326,77,78,-1,1
33327,128,139,-11,11
33328,89,92,-3,3
33329,67,67,0,0
33330,69,71,-2,2
33331,104,107,-3,3
33332,55,60,-5,5
33333,62,64,-2,2
33334,101,95,6,6
33335,78,73,5,5
33336,86,73,13,13
33337,81,82,-1,1
33338,104,94,10,10
33339,57,53,4,4
33340,101,92,9,9
33341,84,78,6,6
33342,73,83,-10,10
33343,106,109,-3,3
33344,102,109,-7,7
33345,71,73,-2,2
33346,144,144,0,0
33347,131,117,14,14
33348,82,75,7,7
33349,83,75,8,8
33350,169,165,4,4
33351,70,67,3,3
33352,158,150,8,8
33353,162,137,25,25
33354,104,94,10,10
33355,52,43,9,9
33356,59,60,-1,1
33357,70,70,0,0
33358,112,120,-8,8
33359,106,95,11,11
33360,130,125,5,5
33361,111,106,5,5
33362,117,107,10,10
33363,118,128,-10,10
33364,74,79,-5,5
33365,52,53,-1,1
33366,97,108,-11,11
33367,72,73,-1,1
33368,84,81,3,3
33369,50,53,-3,3
33370,101,103,-2,2
33371,52,53,-1,1
33372,85,88,-3,3
33373,90,87,3,3
33374,66,75,-9,9
33375,132,118,14,14
33376,91,97,-6,6
33377,46,51,-5,5
33378,36,44,-8,8
33379,94,96,-2,2
33380,65,65,0,0
33381,85,85,0,0
33382,78,75,3,3
33383,140,149,-9,9
33384,79,81,-2,2
33385,108,108,0,0
33386,84,84,0,0
33387,89,92,-3,3
33388,119,106,13,13
33389,52,46,6,6
33390,130,117,13,13
33391,57,51,6,6
33392,128,124,4,4
33393,106,96,10,10
33394,65,61,4,4
33395,75,80,-5,5
33396,153,160,-7,7
33397,42,44,-2,2
33398,70,64,6,6
33399,157,153,4,4
33400,153,148,5,5
33401,93,90,3,3
33402,85,82,3,3
33403,70,84,-14,14
33404,84,86,-2,2
33405,61,60,1,1
33406,80,84,-4,4
33407,60,55,5,5
33408,60,61,-1,1
33409,122,121,1,1
33410,87,90,-3,3
33411,207,166,41,41
33412,102,105,-3,3
33413,52,60,-8,8
33414,75,76,-1,1
33415,62,64,-2,2
33416,82,90,-8,8
33417,144,126,18,18
33418,130,136,-6,6
33419,90,80,10,10
33420,71,77,-6,6
33421,77,73,4,4
33422,72,70,2,2
33423,46,48,-2,2
33424,55,65,-10,10
33425,64,99,-35,35
33426,73,68,5,5
33427,76,83,-7,7
33428,100,100,0,0
33429,108,97,11,11
33430,130,123,7,7
33431,136,131,5,5
33432,89,88,1,1
33433,79,88,-9,9
33434,110,99,11,11
33435,125,132,-7,7
33436,79,90,-11,11
33437,32,36,-4,4
33438,97,125,-28,28
33439,135,132,3,3
33440,93,93,0,0
33441,111,110,1,1
33442,87,101,-14,14
33443,131,115,16,16
33444,72,68,4,4
33445,72,84,-12,12
33446,192,165,27,27
33447,129,115,14,14
33448,102,97,5,5
33449,86,74,12,12
33450,134,125,9,9
33451,157,158,-1,1
33452,75,76,-1,1
33453,93,93,0,0
33454,96,94,2,2
33455,105,102,3,3
33456,110,110,0,0
33457,137,128,9,9
33458,194,192,2,2
33459,82,84,-2,2
33460,102,118,-16,16
33461,92,95,-3,3
33462,119,98,21,21
33463,113,110,3,3
33464,85,88,-3,3
33465,66,70,-4,4
33466,145,143,2,2
33467,112,111,1,1
33468,133,134,-1,1
33469,113,100,13,13
33470,175,150,25,25
33471,113,120,-7,7
33472,59,61,-2,2
33473,97,100,-3,3
33474,74,78,-4,4
33475,53,50,3,3
33476,108,112,-4,4
33477,133,121,12,12
33478,46,46,0,0
33479,135,124,11,11
33480,111,104,7,7
33481,117,109,8,8
33482,69,70,-1,1
33483,175,161,14,14
33484,83,79,4,4
33485,80,84,-4,4
33486,95,103,-8,8
33487,80,78,2,2
33488,71,70,1,1
33489,61,60,1,1
33490,83,84,-1,1
33491,168,159,9,9
33492,78,74,4,4
33493,79,88,-9,9
33494,112,120,-8,8
33495,73,72,1,1
33496,71,86,-15,15
33497,86,86,0,0
33498,105,113,-8,8
33499,103,97,6,6
33500,81,79,2,2
33501,70,71,-1,1
33502,107,93,14,14
33503,150,154,-4,4
33504,70,60,10,10
33505,80,84,-4,4
33506,48,59,-11,11
33507,100,110,-10,10
33508,52,61,-9,9
33509,97,96,1,1
33510,172,165,7,7
33511,28,39,-11,11
33512,42,74,-32,32
33513,120,117,3,3
33514,60,63,-3,3
33515,118,110,8,8
33516,175,167,8,8
33517,69,70,-1,1
33518,50,53,-3,3
33519,90,91,-1,1
33520,109,108,1,1
33521,63,71,-8,8
33522,63,64,-1,1
33523,54,53,1,1
33524,115,121,-6,6
33525,61,62,-1,1
33526,91,92,-1,1
33527,76,91,-15,15
33528,72,78,-6,6
33529,64,67,-3,3
33530,47,43,4,4
33531,67,62,5,5
33532,111,107,4,4
33533,102,134,-32,32
33534,68,62,6,6
33535,101,85,16,16
33536,154,138,16,16
33537,71,75,-4,4
33538,77,78,-1,1
33539,74,71,3,3
33540,95,98,-3,3
33541,98,98,0,0
33542,87,82,5,5
33543,134,136,-2,2
33544,118,116,2,2
33545,146,144,2,2
33546,82,94,-12,12
33547,85,69,16,16
33548,68,91,-23,23
33549,62,61,1,1
33550,79,69,10,10
33551,33,36,-3,3
33552,130,116,14,14
33553,88,74,14,14
33554,132,132,0,0
33555,69,77,-8,8
33556,98,88,10,10
33557,113,100,13,13
33558,84,87,-3,3
33559,78,74,4,4
33560,121,115,6,6
33561,69,69,0,0
33562,70,85,-15,15
33563,89,91,-2,2
33564,97,97,0,0
33565,89,88,1,1
33566,128,124,4,4
33567,149,145,4,4
33568,115,110,5,5
33569,68,78,-10,10
33570,44,44,0,0
33571,36,43,-7,7
33572,64,83,-19,19
33573,75,63,12,12
33574,85,86,-1,1
33575,90,90,0,0
33576,98,119,-21,21
33577,110,100,10,10
33578,91,95,-4,4
33579,179,165,14,14
33580,97,82,15,15
33581,65,69,-4,4
33582,111,118,-7,7
33583,191,167,24,24
33584,181,161,20,20
33585,58,61,-3,3
33586,90,74,16,16
33587,101,94,7,7
33588,164,144,20,20
33589,117,105,12,12
33590,84,90,-6,6
33591,112,105,7,7
33592,117,106,11,11
33593,80,80,0,0
33594,150,139,11,11
33595,94,98,-4,4
33596,115,118,-3,3
33597,157,142,15,15
33598,69,72,-3,3
33599,61,60,1,1
33600,97,95,2,2
33601,74,80,-6,6
33602,90,90,0,0
33603,59,59,0,0
33604,121,107,14,14
33605,102,91,11,11
33606,107,112,-5,5
33607,102,110,-8,8
33608,256,265,-9,9
33609,75,77,-2,2
33610,80,79,1,1
33611,67,70,-3,3
33612,122,115,7,7
33613,65,59,6,6
33614,74,83,-9,9
33615,86,86,0,0
33616,206,202,4,4
33617,139,144,-5,5
33618,76,77,-1,1
33619,186,178,8,8
33620,111,114,-3,3
33621,80,73,7,7
33622,148,147,1,1
33623,76,80,-4,4
33624,123,143,-20,20
33625,79,94,-15,15
33626,118,109,9,9
33627,51,53,-2,2
33628,88,105,-17,17
33629,157,156,1,1
33630,84,89,-5,5
33631,129,123,6,6
33632,131,119,12,12
33633,74,94,-20,20
33634,93,94,-1,1
33635,88,93,-5,5
33636,74,79,-5,5
33637,102,99,3,3
33638,143,139,4,4
33639,67,64,3,3
33640,197,186,11,11
33641,98,89,9,9
33642,117,108,9,9
33643,120,119,1,1
33644,118,124,-6,6
33645,63,51,12,12
33646,139,143,-4,4
33647,144,147,-3,3
33648,96,90,6,6
33649,110,91,19,19
33650,121,122,-1,1
33651,68,82,-14,14
33652,84,106,-22,22
33653,118,114,4,4
33654,96,98,-2,2
33655,78,84,-6,6
33656,27,34,-7,7
33657,157,150,7,7
33658,137,129,8,8
33659,107,110,-3,3
33660,95,95,0,0
33661,45,54,-9,9
33662,69,100,-31,31
33663,196,179,17,17
33664,108,93,15,15
33665,88,81,7,7
33666,199,184,15,15
33667,111,116,-5,5
33668,179,165,14,14
33669,157,154,3,3
33670,82,69,13,13
33671,77,71,6,6
33672,56,52,4,4
33673,63,67,-4,4
33674,196,186,10,10
33675,89,94,-5,5
33676,126,122,4,4
33677,39,44,-5,5
33678,80,90,-10,10
33679,97,93,4,4
33680,85,77,8,8
33681,58,53,5,5
33682,132,131,1,1
33683,54,65,-11,11
33684,99,96,3,3
33685,91,93,-2,2
33686,75,68,7,7
33687,57,70,-13,13
33688,66,70,-4,4
33689,105,113,-8,8
33690,51,51,0,0
33691,134,125,9,9
33692,27,35,-8,8
33693,71,64,7,7
33694,65,64,1,1
33695,112,90,22,22
33696,100,105,-5,5
33697,56,53,3,3
33698,74,70,4,4
33699,137,130,7,7
33700,96,100,-4,4
33701,113,125,-12,12
33702,56,57,-1,1
33703,91,96,-5,5
33704,179,179,0,0
33705,54,51,3,3
33706,90,96,-6,6
33707,92,93,-1,1
33708,87,78,9,9
33709,122,115,7,7
33710,150,136,14,14
33711,90,85,5,5
33712,98,92,6,6
33713,59,62,-3,3
33714,122,122,0,0
33715,150,151,-1,1
33716,74,74,0,0
33717,65,69,-4,4
33718,53,62,-9,9
33719,93,90,3,3
33720,108,102,6,6
33721,70,79,-9,9
33722,135,127,8,8
33723,87,96,-9,9
33724,65,76,-11,11
33725,55,46,9,9
33726,40,44,-4,4
33727,88,83,5,5
33728,168,152,16,16
33729,37,39,-2,2
33730,80,67,13,13
33731,92,83,9,9
33732,157,144,13,13
33733,121,125,-4,4
33734,119,122,-3,3
33735,131,107,24,24
33736,112,101,11,11
33737,71,85,-14,14
33738,73,76,-3,3
33739,99,97,2,2
33740,81,73,8,8
33741,70,72,-2,2
33742,91,86,5,5
33743,63,62,1,1
33744,65,63,2,2
33745,92,102,-10,10
33746,83,78,5,5
33747,62,66,-4,4
33748,137,133,4,4
33749,194,180,14,14
33750,104,97,7,7
33751,136,134,2,2
33752,149,146,3,3
33753,109,107,2,2
33754,70,67,3,3
33755,121,117,4,4
33756,73,77,-4,4
33757,97,87,10,10
33758,105,99,6,6
33759,131,128,3,3
33760,118,110,8,8
33761,97,94,3,3
33762,49,51,-2,2
33763,110,108,2,2
33764,87,93,-6,6
33765,107,110,-3,3
33766,72,68,4,4
33767,173,168,5,5
33768,117,120,-3,3
33769,91,96,-5,5
33770,93,79,14,14
33771,34,31,3,3
33772,75,69,6,6
33773,110,115,-5,5
33774,76,85,-9,9
33775,122,160,-38,38
33776,94,98,-4,4
33777,60,61,-1,1
33778,96,98,-2,2
33779,92,96,-4,4
33780,155,143,12,12
33781,116,105,11,11
33782,113,110,3,3
33783,70,65,5,5
33784,127,134,-7,7
33785,104,110,-6,6
33786,103,106,-3,3
33787,66,59,7,7
33788,58,61,-3,3
33789,47,54,-7,7
33790,124,126,-2,2
33791,47,42,5,5
33792,134,123,11,11
33793,126,114,12,12
33794,133,136,-3,3
33795,101,103,-2,2
33796,48,48,0,0
33797,69,80,-11,11
33798,62,59,3,3
33799,112,102,10,10
33800,124,131,-7,7
33801,68,64,4,4
33802,70,64,6,6
33803,98,97,1,1
33804,61,77,-16,16
33805,98,107,-9,9
33806,128,117,11,11
33807,112,110,2,2
33808,62,66,-4,4
33809,106,98,8,8
33810,90,79,11,11
33811,57,60,-3,3
33812,127,125,2,2
33813,83,81,2,2
33814,123,120,3,3
33815,99,92,7,7
33816,114,117,-3,3
33817,124,127,-3,3
33818,63,63,0,0
33819,169,162,7,7
33820,86,84,2,2
33821,97,98,-1,1
33822,95,82,13,13
33823,97,96,1,1
33824,120,108,12,12
33825,100,95,5,5
33826,127,137,-10,10
33827,65,68,-3,3
33828,74,76,-2,2
33829,146,143,3,3
33830,93,95,-2,2
33831,76,74,2,2
33832,127,121,6,6
33833,61,60,1,1
33834,81,87,-6,6
33835,132,105,27,27
33836,69,60,9,9
33837,56,70,-14,14
33838,103,99,4,4
33839,110,113,-3,3
33840,102,101,1,1
33841,74,67,7,7
33842,111,115,-4,4
33843,74,74,0,0
33844,58,59,-1,1
33845,96,98,-2,2
33846,67,70,-3,3
33847,57,56,1,1
33848,104,99,5,5
33849,60,69,-9,9
33850,50,60,-10,10
33851,120,117,3,3
33852,73,72,1,1
33853,45,44,1,1
33854,95,96,-1,1
33855,125,132,-7,7
33856,106,105,1,1
33857,80,75,5,5
33858,138,135,3,3
33859,105,110,-5,5
33860,100,103,-3,3
33861,89,84,5,5
33862,161,142,19,19
33863,115,121,-6,6
33864,109,102,7,7
33865,120,112,8,8
33866,64,62,2,2
33867,85,83,2,2
33868,139,137,2,2
33869,56,63,-7,7
33870,100,101,-1,1
33871,61,62,-1,1
33872,87,93,-6,6
33873,78,73,5,5
33874,135,125,10,10
33875,149,151,-2,2
33876,123,118,5,5
33877,114,101,13,13
33878,106,113,-7,7
33879,121,107,14,14
33880,103,118,-15,15
33881,133,134,-1,1
33882,83,79,4,4
33883,90,82,8,8
33884,43,45,-2,2
33885,195,182,13,13
33886,82,78,4,4
33887,121,120,1,1
33888,77,77,0,0
33889,80,85,-5,5
33890,56,60,-4,4
33891,70,63,7,7
33892,57,54,3,3
33893,98,100,-2,2
33894,85,88,-3,3
33895,102,98,4,4
33896,114,100,14,14
33897,153,147,6,6
33898,61,59,2,2
33899,99,100,-1,1
33900,77,73,4,4
33901,89,71,18,18
33902,79,70,9,9
33903,108,115,-7,7
33904,102,83,19,19
33905,54,61,-7,7
33906,101,95,6,6
33907,131,124,7,7
33908,56,61,-5,5
33909,110,104,6,6
33910,78,72,6,6
33911,153,144,9,9
33912,73,75,-2,2
33913,105,98,7,7
33914,57,67,-10,10
33915,95,107,-12,12
33916,56,66,-10,10
33917,107,96,11,11
33918,62,79,-17,17
33919,157,152,5,5
33920,94,88,6,6
33921,84,70,14,14
33922,131,129,2,2
33923,75,73,2,2
33924,122,123,-1,1
33925,114,123,-9,9
33926,61,58,3,3
33927,137,145,-8,8
33928,72,68,4,4
33929,115,99,16,16
33930,49,86,-37,37
33931,98,90,8,8
33932,114,119,-5,5
33933,79,77,2,2
33934,75,68,7,7
33935,111,90,21,21
33936,84,84,0,0
33937,61,63,-2,2
33938,70,75,-5,5
33939,103,106,-3,3
33940,119,105,14,14
33941,62,62,0,0
33942,94,80,14,14
33943,161,151,10,10
33944,253,227,26,26
33945,112,118,-6,6
33946,63,72,-9,9
33947,90,85,5,5
33948,124,123,1,1
33949,85,73,12,12
33950,167,168,-1,1
33951,115,95,20,20
33952,113,103,10,10
33953,95,95,0,0
33954,93,92,1,1
33955,138,125,13,13
33956,74,74,0,0
33957,52,62,-10,10
33958,104,98,6,6
33959,143,142,1,1
33960,74,84,-10,10
33961,69,67,2,2
33962,133,132,1,1
33963,82,78,4,4
33964,98,92,6,6
33965,77,74,3,3
33966,142,145,-3,3
33967,84,88,-4,4
33968,95,101,-6,6
33969,83,77,6,6
33970,114,100,14,14
33971,53,76,-23,23
33972,91,90,1,1
33973,122,130,-8,8
33974,89,113,-24,24
33975,81,84,-3,3
33976,110,113,-3,3
33977,96,90,6,6
33978,119,115,4,4
33979,80,81,-1,1
33980,108,98,10,10
33981,71,70,1,1
33982,80,77,3,3
33983,157,162,-5,5
33984,85,71,14,14
33985,47,59,-12,12
33986,68,59,9,9
33987,86,71,15,15
33988,71,71,0,0
33989,64,60,4,4
33990,65,64,1,1
33991,155,163,-8,8
33992,108,116,-8,8
33993,188,172,16,16
33994,109,113,-4,4
33995,64,68,-4,4
33996,120,139,-19,19
33997,72,70,2,2
33998,55,61,-6,6
33999,69,66,3,3
34000,186,174,12,12
34001,96,113,-17,17
34002,77,79,-2,2
34003,83,86,-3,3
34004,79,71,8,8
34005,55,64,-9,9
34006,155,146,9,9
34007,91,88,3,3
34008,48,55,-7,7
34009,122,119,3,3
34010,75,90,-15,15
34011,109,112,-3,3
34012,110,107,3,3
34013,79,74,5,5
34014,69,66,3,3
34015,78,83,-5,5
34016,129,132,-3,3
34017,131,127,4,4
34018,45,48,-3,3
34019,96,94,2,2
34020,105,124,-19,19
34021,128,130,-2,2
34022,139,134,5,5
34023,116,104,12,12
34024,81,78,3,3
34025,77,81,-4,4
34026,100,99,1,1
34027,68,63,5,5
34028,70,78,-8,8
34029,222,233,-11,11
34030,22,33,-11,11
34031,121,118,3,3
34032,67,69,-2,2
34033,87,77,10,10
34034,58,53,5,5
34035,69,77,-8,8
34036,71,82,-11,11
34037,54,64,-10,10
34038,60,57,3,3
34039,87,87,0,0
34040,101,98,3,3
34041,61,59,2,2
34042,141,129,12,12
34043,121,128,-7,7
34044,102,98,4,4
34045,78,84,-6,6
34046,96,115,-19,19
34047,56,52,4,4
34048,101,88,13,13
34049,64,68,-4,4
34050,55,64,-9,9
34051,89,77,12,12
34052,84,78,6,6
34053,90,86,4,4
34054,166,156,10,10
34055,85,115,-30,30
34056,94,93,1,1
34057,130,136,-6,6
34058,146,153,-7,7
34059,77,93,-16,16
34060,97,91,6,6
34061,102,98,4,4
34062,150,154,-4,4
34063,104,103,1,1
34064,90,90,0,0
34065,70,70,0,0
34066,45,46,-1,1
34067,76,69,7,7
34068,90,108,-18,18
34069,63,58,5,5
34070,123,125,-2,2
34071,91,76,15,15
34072,102,91,11,11
34073,120,112,8,8
34074,48,67,-19,19
34075,42,48,-6,6
34076,85,83,2,2
34077,67,62,5,5
34078,73,62,11,11
34079,67,65,2,2
34080,87,89,-2,2
34081,172,154,18,18
34082,128,137,-9,9
34083,116,117,-1,1
34084,102,96,6,6
34085,134,136,-2,2
34086,94,104,-10,10
34087,55,54,1,1
34088,175,179,-4,4
34089,71,72,-1,1
34090,53,57,-4,4
34091,92,101,-9,9
34092,111,106,5,5
34093,120,124,-4,4
34094,107,121,-14,14
34095,48,44,4,4
34096,85,78,7,7
34097,122,141,-19,19
34098,90,100,-10,10
34099,70,64,6,6
34100,63,64,-1,1
34101,110,103,7,7
34102,56,61,-5,5
34103,96,103,-7,7
34104,79,79,0,0
34105,56,56,0,0
34106,115,102,13,13
34107,60,67,-7,7
34108,59,61,-2,2
34109,74,73,1,1
34110,110,118,-8,8
34111,99,114,-15,15
34112,106,103,3,3
34113,62,54,8,8
34114,93,94,-1,1
34115,59,56,3,3
34116,88,80,8,8
34117,75,87,-12,12
34118,78,72,6,6
34119,67,67,0,0
34120,118,114,4,4
34121,66,63,3,3
34122,69,66,3,3
34123,110,102,8,8
34124,102,101,1,1
34125,127,128,-1,1
34126,99,101,-2,2
34127,127,135,-8,8
34128,97,82,15,15
34129,52,45,7,7
34130,56,60,-4,4
34131,64,61,3,3
34132,111,109,2,2
34133,114,110,4,4
34134,162,147,15,15
34135,56,67,-11,11
34136,35,39,-4,4
34137,83,82,1,1
34138,151,155,-4,4
34139,77,79,-2,2
34140,65,69,-4,4
34141,67,66,1,1
34142,81,78,3,3
34143,56,54,2,2
34144,67,70,-3,3
34145,59,54,5,5
34146,142,122,20,20
34147,79,80,-1,1
34148,104,103,1,1
34149,68,66,2,2
34150,67,71,-4,4
34151,56,59,-3,3
34152,66,65,1,1
34153,31,32,-1,1
34154,121,110,11,11
34155,115,110,5,5
34156,68,63,5,5
34157,103,106,-3,3
34158,71,71,0,0
34159,115,121,-6,6
34160,122,109,13,13
34161,99,95,4,4
34162,112,109,3,3
34163,215,225,-10,10
34164,68,72,-4,4
34165,84,80,4,4
34166,82,80,2,2
34167,82,82,0,0
34168,95,88,7,7
34169,80,81,-1,1
34170,121,112,9,9
34171,103,93,10,10
34172,74,78,-4,4
34173,59,59,0,0
34174,106,100,6,6
34175,62,53,9,9
34176,49,49,0,0
34177,62,64,-2,2
34178,151,148,3,3
34179,178,155,23,23
34180,96,105,-9,9
34181,91,94,-3,3
34182,74,75,-1,1
34183,78,89,-11,11
34184,95,119,-24,24
34185,109,109,0,0
34186,59,61,-2,2
34187,64,56,8,8
34188,122,108,14,14
34189,106,107,-1,1
34190,137,135,2,2
34191,79,74,5,5
34192,45,49,-4,4
34193,96,92,4,4
34194,53,52,1,1
34195,121,110,11,11
34196,138,141,-3,3
34197,107,98,9,9
34198,90,86,4,4
34199,83,87,-4,4
34200,65,66,-1,1
34201,68,76,-8,8
34202,50,49,1,1
34203,44,69,-25,25
34204,78,85,-7,7
34205,74,76,-2,2
34206,67,63,4,4
34207,116,104,12,12
34208,50,46,4,4
34209,100,92,8,8
34210,52,53,-1,1
34211,70,65,5,5
34212,92,91,1,1
34213,130,130,0,0
34214,139,145,-6,6
34215,96,88,8,8
34216,98,89,9,9
34217,49,47,2,2
34218,90,77,13,13
34219,103,111,-8,8
34220,39,46,-7,7
34221,172,153,19,19
34222,104,95,9,9
34223,63,65,-2,2
34224,78,72,6,6
34225,65,68,-3,3
34226,58,57,1,1
34227,140,141,-1,1
34228,95,104,-9,9
34229,77,71,6,6
34230,122,110,12,12
34231,63,50,13,13
34232,26,34,-8,8
34233,78,80,-2,2
34234,60,63,-3,3
34235,80,77,3,3
34236,96,95,1,1
34237,62,65,-3,3
34238,77,83,-6,6
34239,101,93,8,8
34240,103,103,0,0
34241,87,93,-6,6
34242,132,133,-1,1
34243,223,196,27,27
34244,117,110,7,7
34245,151,138,13,13
34246,87,95,-8,8
34247,103,99,4,4
34248,59,68,-9,9
34249,150,130,20,20
34250,100,91,9,9
34251,92,82,10,10
34252,65,75,-10,10
34253,72,69,3,3
34254,48,48,0,0
34255,114,106,8,8
34256,63,53,10,10
34257,139,136,3,3
34258,86,86,0,0
34259,96,83,13,13
34260,80,79,1,1
34261,126,111,15,15
34262,112,108,4,4
34263,99,110,-11,11
34264,83,74,9,9
34265,62,60,2,2
34266,53,69,-16,16
34267,40,43,-3,3
34268,103,100,3,3
34269,87,100,-13,13
34270,66,65,1,1
34271,116,106,10,10
34272,107,96,11,11
34273,121,119,2,2
34274,114,98,16,16
34275,111,110,1,1
34276,105,104,1,1
34277,103,106,-3,3
34278,106,92,14,14
34279,126,120,6,6
34280,104,100,4,4
34281,77,75,2,2
34282,114,114,0,0
34283,77,78,-1,1
34284,83,85,-2,2
34285,78,86,-8,8
34286,81,86,-5,5
34287,64,62,2,2
34288,134,128,6,6
34289,78,80,-2,2
34290,137,131,6,6
34291,80,77,3,3
34292,145,131,14,14
34293,103,112,-9,9
34294,101,96,5,5
34295,87,81,6,6
34296,83,84,-1,1
34297,98,90,8,8
34298,133,135,-2,2
34299,114,124,-10,10
34300,119,105,14,14
34301,94,89,5,5
34302,85,88,-3,3
34303,162,161,1,1
34304,85,71,14,14
34305,62,61,1,1
34306,83,78,5,5
34307,99,96,3,3
34308,79,83,-4,4
34309,95,98,-3,3
34310,140,140,0,0
34311,165,156,9,9
34312,104,97,7,7
34313,110,125,-15,15
34314,138,179,-41,41
34315,117,131,-14,14
34316,120,115,5,5
34317,67,75,-8,8
34318,82,79,3,3
34319,110,98,12,12
34320,110,101,9,9
34321,63,71,-8,8
34322,54,53,1,1
34323,128,134,-6,6
34324,90,80,10,10
34325,99,101,-2,2
34326,121,146,-25,25
34327,47,58,-11,11
34328,88,80,8,8
34329,96,87,9,9
34330,83,105,-22,22
34331,91,79,12,12
34332,100,101,-1,1
34333,68,74,-6,6
34334,44,44,0,0
34335,94,89,5,5
34336,48,51,-3,3
34337,63,61,2,2
34338,114,111,3,3
34339,88,79,9,9
34340,105,97,8,8
34341,67,69,-2,2
34342,61,48,13,13
34343,120,119,1,1
34344,111,101,10,10
34345,102,93,9,9
34346,111,104,7,7
34347,48,45,3,3
34348,102,107,-5,5
34349,101,98,3,3
34350,88,93,-5,5
34351,58,66,-8,8
34352,64,67,-3,3
34353,65,65,0,0
34354,156,148,8,8
34355,84,83,1,1
34356,169,151,18,18
34357,130,111,19,19
34358,51,63,-12,12
34359,60,58,2,2
34360,109,98,11,11
34361,107,111,-4,4
34362,133,144,-11,11
34363,73,67,6,6
34364,117,113,4,4
34365,105,100,5,5
34366,118,138,-20,20
34367,107,106,1,1
34368,89,89,0,0
34369,130,120,10,10
34370,107,113,-6,6
34371,86,88,-2,2
34372,87,91,-4,4
34373,166,157,9,9
34374,91,90,1,1
34375,83,77,6,6
34376,90,105,-15,15
34377,60,68,-8,8
34378,73,76,-3,3
34379,133,120,13,13
34380,131,130,1,1
34381,128,152,-24,24
34382,93,91,2,2
34383,48,53,-5,5
34384,126,106,20,20
34385,62,71,-9,9
34386,50,62,-12,12
34387,70,67,3,3
34388,111,111,0,0
34389,89,79,10,10
34390,94,99,-5,5
34391,38,42,-4,4
34392,76,89,-13,13
34393,92,92,0,0
34394,66,63,3,3
34395,84,82,2,2
34396,72,71,1,1
34397,79,75,4,4
34398,78,79,-1,1
34399,61,59,2,2
34400,68,67,1,1
34401,114,104,10,10
34402,84,85,-1,1
34403,51,61,-10,10
34404,96,87,9,9
34405,74,71,3,3
34406,64,72,-8,8
34407,79,78,1,1
34408,89,83,6,6
34409,150,151,-1,1
34410,137,121,16,16
34411,62,62,0,0
34412,120,111,9,9
34413,75,66,9,9
34414,63,66,-3,3
34415,144,150,-6,6
34416,83,74,9,9
34417,71,99,-28,28
34418,125,125,0,0
34419,71,71,0,0
34420,90,94,-4,4
34421,57,50,7,7
34422,68,74,-6,6
34423,117,105,12,12
34424,142,138,4,4
34425,95,86,9,9
34426,91,94,-3,3
34427,86,89,-3,3
34428,119,125,-6,6
34429,71,80,-9,9
34430,97,91,6,6
34431,92,96,-4,4
34432,86,98,-12,12
34433,48,65,-17,17
34434,50,43,7,7
34435,105,138,-33,33
34436,105,109,-4,4
34437,127,110,17,17
34438,108,108,0,0
34439,71,67,4,4
34440,73,79,-6,6
34441,68,75,-7,7
34442,147,133,14,14
34443,142,148,-6,6
34444,39,43,-4,4
34445,91,79,12,12
34446,79,82,-3,3
34447,84,80,4,4
34448,123,126,-3,3
34449,63,74,-11,11
34450,196,186,10,10
34451,161,164,-3,3
34452,152,130,22,22
34453,144,137,7,7
34454,96,99,-3,3
34455,125,129,-4,4
34456,82,74,8,8
34457,128,119,9,9
34458,160,165,-5,5
34459,43,46,-3,3
34460,68,70,-2,2
34461,108,84,24,24
34462,74,73,1,1
34463,52,62,-10,10
34464,107,115,-8,8
34465,64,69,-5,5
34466,89,85,4,4
34467,85,73,12,12
34468,73,75,-2,2
34469,177,186,-9,9
34470,111,107,4,4
34471,67,77,-10,10
34472,76,69,7,7
34473,152,141,11,11
34474,90,91,-1,1
34475,79,76,3,3
34476,99,104,-5,5
34477,78,73,5,5
34478,131,126,5,5
34479,100,92,8,8
34480,74,80,-6,6
34481,99,100,-1,1
34482,135,135,0,0
34483,104,106,-2,2
34484,67,64,3,3
34485,102,90,12,12
34486,48,51,-3,3
34487,243,236,7,7
34488,97,93,4,4
34489,112,110,2,2
34490,118,123,-5,5
34491,77,86,-9,9
34492,73,62,11,11
34493,99,100,-1,1
34494,60,78,-18,18
34495,155,155,0,0
34496,125,123,2,2
34497,202,172,30,30
34498,82,90,-8,8
34499,100,92,8,8
34500,78,74,4,4
34501,59,68,-9,9
34502,48,54,-6,6
34503,121,123,-2,2
34504,128,123,5,5
34505,96,104,-8,8
34506,133,123,10,10
34507,107,106,1,1
34508,106,101,5,5
34509,111,127,-16,16
34510,48,68,-20,20
34511,79,86,-7,7
34512,121,108,13,13
34513,147,142,5,5
34514,113,109,4,4
34515,58,59,-1,1
34516,93,86,7,7
34517,109,108,1,1
34518,85,89,-4,4
34519,69,79,-10,10
34520,70,70,0,0
34521,81,92,-11,11
34522,47,48,-1,1
34523,121,110,11,11
34524,151,134,17,17
34525,80,82,-2,2
34526,60,62,-2,2
34527,133,130,3,3
34528,65,69,-4,4
34529,162,162,0,0
34530,73,68,5,5
34531,108,99,9,9
34532,87,85,2,2
34533,101,108,-7,7
34534,90,89,1,1
34535,130,147,-17,17
34536,133,126,7,7
34537,139,136,3,3
34538,95,103,-8,8
34539,96,95,1,1
34540,66,68,-2,2
34541,69,74,-5,5
34542,69,68,1,1
34543,86,85,1,1
34544,95,92,3,3
34545,91,88,3,3
34546,189,165,24,24
34547,109,108,1,1
34548,63,61,2,2
34549,156,158,-2,2
34550,64,63,1,1
34551,117,110,7,7
34552,55,53,2,2
34553,115,122,-7,7
34554,103,96,7,7
34555,155,146,9,9
34556,78,75,3,3
34557,159,167,-8,8
34558,73,64,9,9
34559,188,181,7,7
34560,150,153,-3,3
34561,103,92,11,11
34562,80,82,-2,2
34563,92,94,-2,2
34564,121,123,-2,2
34565,113,118,-5,5
34566,106,100,6,6
34567,72,64,8,8
34568,120,117,3,3
34569,49,53,-4,4
34570,124,130,-6,6
34571,82,84,-2,2
34572,145,161,-16,16
34573,61,59,2,2
34574,108,101,7,7
34575,53,59,-6,6
34576,117,109,8,8
34577,88,89,-1,1
34578,122,97,25,25
34579,56,51,5,5
34580,161,149,12,12
34581,115,112,3,3
34582,100,99,1,1
34583,149,153,-4,4
34584,126,119,7,7
34585,74,72,2,2
34586,124,117,7,7
34587,101,98,3,3
34588,83,99,-16,16
34589,105,99,6,6
34590,143,139,4,4
34591,153,148,5,5
34592,54,55,-1,1
34593,52,68,-16,16
34594,87,86,1,1
34595,63,64,-1,1
34596,84,91,-7,7
34597,96,95,1,1
34598,59,66,-7,7
34599,141,135,6,6
34600,121,108,13,13
34601,21,34,-13,13
34602,93,88,5,5
34603,126,129,-3,3
34604,91,88,3,3
34605,126,121,5,5
34606,79,75,4,4
34607,133,140,-7,7
34608,72,77,-5,5
34609,117,97,20,20
34610,51,62,-11,11
34611,92,90,2,2
34612,78,85,-7,7
34613,70,74,-4,4
34614,77,79,-2,2
34615,94,84,10,10
34616,75,75,0,0
34617,93,94,-1,1
34618,75,64,11,11
34619,149,147,2,2
34620,99,98,1,1
34621,94,106,-12,12
34622,98,90,8,8
34623,68,67,1,1
34624,101,145,-44,44
34625,115,108,7,7
34626,87,84,3,3
34627,100,113,-13,13
34628,80,90,-10,10
34629,133,124,9,9
34630,54,54,0,0
34631,164,159,5,5
34632,98,100,-2,2
34633,75,79,-4,4
34634,77,69,8,8
34635,126,125,1,1
34636,124,118,6,6
34637,89,88,1,1
34638,77,80,-3,3
34639,162,150,12,12
34640,129,114,15,15
34641,126,124,2,2
34642,90,81,9,9
34643,145,140,5,5
34644,59,66,-7,7
34645,79,77,2,2
34646,100,87,13,13
34647,136,129,7,7
34648,53,61,-8,8
34649,109,104,5,5
34650,79,78,1,1
34651,111,105,6,6
34652,172,140,32,32
34653,142,149,-7,7
34654,81,81,0,0
34655,100,99,1,1
34656,71,69,2,2
34657,37,43,-6,6
34658,91,86,5,5
34659,85,84,1,1
34660,96,97,-1,1
34661,96,93,3,3
34662,72,66,6,6
34663,58,58,0,0
34664,128,138,-10,10
34665,90,80,10,10
34666,79,77,2,2
34667,57,52,5,5
34668,164,145,19,19
34669,147,119,28,28
34670,42,50,-8,8
34671,92,102,-10,10
34672,73,76,-3,3
34673,80,80,0,0
34674,82,78,4,4
34675,82,84,-2,2
34676,124,119,5,5
34677,87,94,-7,7
34678,93,93,0,0
34679,151,133,18,18
34680,88,85,3,3
34681,99,92,7,7
34682,104,102,2,2
34683,80,79,1,1
34684,91,81,10,10
34685,116,135,-19,19
34686,136,128,8,8
34687,76,108,-32,32
34688,125,131,-6,6
34689,99,89,10,10
34690,112,120,-8,8
34691,103,115,-12,12
34692,152,145,7,7
34693,122,114,8,8
34694,74,69,5,5
34695,106,105,1,1
34696,76,73,3,3
34697,59,63,-4,4
34698,100,122,-22,22
34699,58,62,-4,4
34700,69,73,-4,4
34701,120,129,-9,9
34702,74,72,2,2
34703,55,54,1,1
34704,89,90,-1,1
34705,79,71,8,8
34706,137,143,-6,6
34707,81,82,-1,1
34708,64,72,-8,8
34709,170,168,2,2
34710,69,69,0,0
34711,72,69,3,3
34712,73,69,4,4
34713,66,71,-5,5
34714,114,113,1,1
34715,96,105,-9,9
34716,67,66,1,1
34717,83,82,1,1
34718,72,67,5,5
34719,150,147,3,3
34720,56,52,4,4
34721,66,71,-5,5
34722,53,62,-9,9
34723,169,154,15,15
34724,66,68,-2,2
34725,105,112,-7,7
34726,101,100,1,1
34727,78,80,-2,2
34728,130,128,2,2
34729,140,133,7,7
34730,91,105,-14,14
34731,89,78,11,11
34732,73,75,-2,2
34733,111,106,5,5
34734,111,113,-2,2
34735,154,144,10,10
34736,56,56,0,0
34737,136,127,9,9
34738,101,89,12,12
34739,120,124,-4,4
34740,62,54,8,8
34741,105,106,-1,1
34742,76,76,0,0
34743,161,164,-3,3
34744,88,93,-5,5
34745,51,54,-3,3
34746,108,110,-2,2
34747,101,95,6,6
34748,74,76,-2,2
34749,189,168,21,21
34750,46,45,1,1
34751,58,60,-2,2
34752,100,86,14,14
34753,171,145,26,26
34754,45,47,-2,2
34755,87,71,16,16
34756,57,54,3,3
34757,137,126,11,11
34758,72,71,1,1
34759,115,110,5,5
34760,98,94,4,4
34761,58,63,-5,5
34762,87,113,-26,26
34763,79,76,3,3
34764,79,69,10,10
34765,67,64,3,3
34766,32,38,-6,6
34767,76,79,-3,3
34768,80,70,10,10
34769,106,92,14,14
34770,54,62,-8,8
34771,75,80,-5,5
34772,149,145,4,4
34773,110,96,14,14
34774,106,108,-2,2
34775,130,129,1,1
34776,49,53,-4,4
34777,119,125,-6,6
34778,75,80,-5,5
34779,89,89,0,0
34780,63,59,4,4
34781,64,48,16,16
34782,116,115,1,1
34783,79,70,9,9
34784,92,95,-3,3
34785,70,76,-6,6
34786,120,117,3,3
34787,165,161,4,4
34788,187,191,-4,4
34789,82,80,2,2
34790,53,64,-11,11
34791,88,82,6,6
34792,75,69,6,6
34793,66,61,5,5
34794,80,81,-1,1
34795,113,102,11,11
34796,48,45,3,3
34797,52,51,1,1
34798,169,163,6,6
34799,100,106,-6,6
34800,71,81,-10,10
34801,103,112,-9,9
34802,127,125,2,2
34803,132,138,-6,6
34804,136,134,2,2
34805,67,61,6,6
34806,127,131,-4,4
34807,142,146,-4,4
34808,114,121,-7,7
34809,71,80,-9,9
34810,77,79,-2,2
34811,86,96,-10,10
34812,166,149,17,17
34813,116,114,2,2
34814,42,43,-1,1
34815,91,82,9,9
34816,81,75,6,6
34817,109,106,3,3
34818,164,167,-3,3
34819,119,125,-6,6
34820,79,72,7,7
34821,122,118,4,4
34822,67,70,-3,3
34823,96,91,5,5
34824,81,79,2,2
34825,110,79,31,31
34826,142,141,1,1
34827,30,37,-7,7
34828,102,107,-5,5
34829,128,118,10,10
34830,127,137,-10,10
34831,55,88,-33,33
34832,125,158,-33,33
34833,85,85,0,0
34834,82,85,-3,3
34835,99,106,-7,7
34836,142,147,-5,5
34837,99,109,-10,10
34838,96,105,-9,9
34839,87,100,-13,13
34840,76,70,6,6
34841,95,106,-11,11
34842,61,63,-2,2
34843,58,64,-6,6
34844,88,92,-4,4
34845,87,95,-8,8
34846,89,87,2,2
34847,100,94,6,6
34848,87,90,-3,3
34849,86,84,2,2
34850,43,51,-8,8
34851,33,39,-6,6
34852,97,95,2,2
34853,130,121,9,9
34854,149,137,12,12
34855,139,127,12,12
34856,71,74,-3,3
34857,53,65,-12,12
34858,69,61,8,8
34859,114,103,11,11
34860,60,69,-9,9
34861,53,52,1,1
34862,80,73,7,7
34863,75,64,11,11
34864,101,119,-18,18
34865,147,145,2,2
34866,100,90,10,10
34867,112,120,-8,8
34868,61,60,1,1
34869,68,67,1,1
34870,41,54,-13,13
34871,72,80,-8,8
34872,69,81,-12,12
34873,135,126,9,9
34874,112,112,0,0
34875,63,60,3,3
34876,83,77,6,6
34877,74,74,0,0
34878,85,93,-8,8
34879,91,82,9,9
34880,150,153,-3,3
34881,96,92,4,4
34882,61,84,-23,23
34883,51,68,-17,17
34884,61,63,-2,2
34885,143,163,-20,20
34886,64,65,-1,1
34887,59,58,1,1
34888,67,77,-10,10
34889,65,90,-25,25
34890,142,133,9,9
34891,66,67,-1,1
34892,73,78,-5,5
34893,107,106,1,1
34894,112,98,14,14
34895,104,107,-3,3
34896,46,48,-2,2
34897,83,70,13,13
34898,89,85,4,4
34899,73,63,10,10
34900,59,62,-3,3
34901,59,56,3,3
34902,112,106,6,6
34903,75,76,-1,1
34904,68,70,-2,2
34905,80,90,-10,10
34906,70,75,-5,5
34907,77,80,-3,3
34908,49,47,2,2
34909,91,84,7,7
34910,65,61,4,4
34911,77,77,0,0
34912,130,121,9,9
34913,77,77,0,0
34914,175,174,1,1
34915,103,113,-10,10
34916,79,80,-1,1
34917,74,69,5,5
34918,98,106,-8,8
34919,111,113,-2,2
34920,105,118,-13,13
34921,106,109,-3,3
34922,43,43,0,0
34923,91,98,-7,7
34924,88,90,-2,2
34925,121,115,6,6
34926,111,104,7,7
34927,65,65,0,0
34928,63,60,3,3
34929,91,99,-8,8
34930,70,76,-6,6
34931,117,109,8,8
34932,56,63,-7,7
34933,153,156,-3,3
34934,135,136,-1,1
34935,66,64,2,2
34936,97,99,-2,2
34937,94,100,-6,6
34938,79,77,2,2
34939,89,83,6,6
34940,117,108,9,9
34941,50,49,1,1
34942,172,179,-7,7
34943,71,79,-8,8
34944,94,92,2,2
34945,146,149,-3,3
34946,57,59,-2,2
34947,91,92,-1,1
34948,44,46,-2,2
34949,124,122,2,2
34950,117,106,11,11
34951,93,86,7,7
34952,100,104,-4,4
34953,167,157,10,10
34954,97,93,4,4
34955,117,112,5,5
34956,142,133,9,9
34957,62,63,-1,1
34958,99,102,-3,3
34959,83,84,-1,1
34960,61,69,-8,8
34961,80,86,-6,6
34962,85,77,8,8
34963,102,104,-2,2
34964,127,133,-6,6
34965,123,130,-7,7
34966,117,115,2,2
34967,102,116,-14,14
34968,100,97,3,3
34969,105,101,4,4
34970,116,99,17,17
34971,104,112,-8,8
34972,70,66,4,4
34973,71,79,-8,8
34974,59,71,-12,12
34975,86,79,7,7
34976,121,100,21,21
34977,104,95,9,9
34978,93,85,8,8
34979,78,80,-2,2
34980,124,120,4,4
34981,83,85,-2,2
34982,126,122,4,4
34983,91,91,0,0
34984,89,100,-11,11
34985,79,70,9,9
34986,110,108,2,2
34987,80,80,0,0
34988,116,112,4,4
34989,133,116,17,17
34990,91,98,-7,7
34991,94,84,10,10
34992,160,150,10,10
34993,107,114,-7,7
34994,61,70,-9,9
34995,74,64,10,10
34996,80,82,-2,2
34997,50,52,-2,2
34998,98,101,-3,3
34999,47,46,1,1
35000,63,79,-16,16
35001,92,98,-6,6
35002,97,95,2,2
35003,101,104,-3,3
35004,48,61,-13,13
35005,114,115,-1,1
35006,106,105,1,1
35007,98,92,6,6
35008,133,132,1,1
35009,98,81,17,17
35010,41,44,-3,3
35011,85,87,-2,2
35012,102,106,-4,4
35013,97,88,9,9
35014,49,52,-3,3
35015,50,59,-9,9
35016,86,92,-6,6
35017,96,107,-11,11
35018,110,101,9,9
35019,95,96,-1,1
35020,89,80,9,9
35021,92,88,4,4
35022,109,108,1,1
35023,75,75,0,0
35024,61,52,9,9
35025,82,90,-8,8
35026,88,91,-3,3
35027,139,140,-1,1
35028,67,81,-14,14
35029,106,107,-1,1
35030,108,109,-1,1
35031,80,84,-4,4
35032,78,86,-8,8
35033,87,86,1,1
35034,57,58,-1,1
35035,63,61,2,2
35036,105,92,13,13
35037,129,112,17,17
35038,65,62,3,3
35039,93,93,0,0
35040,50,47,3,3
35041,30,36,-6,6
35042,81,76,5,5
35043,55,68,-13,13
35044,76,74,2,2
35045,135,123,12,12
35046,55,59,-4,4
35047,140,143,-3,3
35048,92,82,10,10
35049,124,125,-1,1
35050,100,104,-4,4
35051,40,42,-2,2
35052,50,47,3,3
35053,85,88,-3,3
35054,87,97,-10,10
35055,136,126,10,10
35056,65,66,-1,1
35057,97,75,22,22
35058,80,77,3,3
35059,99,98,1,1
35060,69,73,-4,4
35061,97,103,-6,6
35062,65,61,4,4
35063,67,67,0,0
35064,108,108,0,0
35065,105,112,-7,7
35066,98,91,7,7
35067,73,73,0,0
35068,87,84,3,3
35069,80,68,12,12
35070,115,122,-7,7
35071,129,115,14,14
35072,62,62,0,0
35073,141,130,11,11
35074,165,155,10,10
35075,167,161,6,6
35076,128,114,14,14
35077,163,148,15,15
35078,49,62,-13,13
35079,73,80,-7,7
35080,117,160,-43,43
35081,182,167,15,15
35082,91,84,7,7
35083,73,78,-5,5
35084,130,133,-3,3
35085,92,91,1,1
35086,164,145,19,19
35087,100,114,-14,14
35088,106,112,-6,6
35089,155,159,-4,4
35090,84,85,-1,1
35091,115,120,-5,5
35092,74,75,-1,1
35093,62,55,7,7
35094,76,78,-2,2
35095,82,92,-10,10
35096,116,107,9,9
35097,84,83,1,1
35098,61,65,-4,4
35099,155,142,13,13
35100,87,149,-62,62
35101,118,119,-1,1
35102,126,131,-5,5
35103,123,123,0,0
35104,72,81,-9,9
35105,106,105,1,1
35106,119,110,9,9
35107,79,80,-1,1
35108,70,83,-13,13
35109,129,114,15,15
35110,93,83,10,10
35111,98,87,11,11
35112,164,172,-8,8
35113,110,113,-3,3
35114,108,105,3,3
35115,79,78,1,1
35116,140,145,-5,5
35117,81,87,-6,6
35118,84,94,-10,10
35119,64,60,4,4
35120,101,100,1,1
35121,65,69,-4,4
35122,71,79,-8,8
35123,66,70,-4,4
35124,81,81,0,0
35125,82,94,-12,12
35126,101,107,-6,6
35127,95,101,-6,6
35128,95,98,-3,3
35129,177,173,4,4
35130,148,158,-10,10
35131,83,88,-5,5
35132,79,77,2,2
35133,87,82,5,5
35134,120,118,2,2
35135,140,164,-24,24
35136,117,117,0,0
35137,88,85,3,3
35138,79,70,9,9
35139,89,97,-8,8
35140,83,73,10,10
35141,79,97,-18,18
35142,118,118,0,0
35143,79,82,-3,3
35144,95,87,8,8
35145,62,59,3,3
35146,67,71,-4,4
35147,63,63,0,0
35148,99,85,14,14
35149,164,163,1,1
35150,71,61,10,10
35151,49,48,1,1
35152,88,89,-1,1
35153,93,79,14,14
35154,90,88,2,2
35155,96,82,14,14
35156,91,90,1,1
35157,41,42,-1,1
35158,94,92,2,2
35159,58,53,5,5
35160,87,90,-3,3
35161,100,96,4,4
35162,117,117,0,0
35163,106,102,4,4
35164,65,74,-9,9
35165,126,127,-1,1
35166,92,93,-1,1
35167,78,89,-11,11
35168,98,92,6,6
35169,102,118,-16,16
35170,115,101,14,14
35171,93,86,7,7
35172,48,54,-6,6
35173,64,67,-3,3
35174,168,178,-10,10
35175,95,83,12,12
35176,125,121,4,4
35177,128,141,-13,13
35178,137,116,21,21
35179,62,52,10,10
35180,76,75,1,1
35181,66,64,2,2
35182,50,53,-3,3
35183,98,92,6,6
35184,101,107,-6,6
35185,77,80,-3,3
35186,97,98,-1,1
35187,116,107,9,9
35188,118,109,9,9
35189,157,158,-1,1
35190,48,53,-5,5
35191,86,87,-1,1
35192,79,95,-16,16
35193,93,85,8,8
35194,58,59,-1,1
35195,65,63,2,2
35196,203,185,18,18
35197,59,59,0,0
35198,103,99,4,4
35199,35,36,-1,1
35200,95,98,-3,3
35201,89,93,-4,4
35202,122,115,7,7
35203,97,91,6,6
35204,84,81,3,3
35205,146,127,19,19
35206,129,117,12,12
35207,76,82,-6,6
35208,79,74,5,5
35209,92,90,2,2
35210,82,71,11,11
35211,111,104,7,7
35212,88,82,6,6
35213,155,148,7,7
35214,75,68,7,7
35215,109,108,1,1
35216,64,59,5,5
35217,76,71,5,5
35218,114,119,-5,5
35219,84,79,5,5
35220,90,85,5,5
35221,49,50,-1,1
35222,103,104,-1,1
35223,140,138,2,2
35224,64,65,-1,1
35225,171,173,-2,2
35226,89,89,0,0
35227,57,63,-6,6
35228,99,70,29,29
35229,62,63,-1,1
35230,191,183,8,8
35231,108,99,9,9
35232,116,114,2,2
35233,157,149,8,8
35234,98,114,-16,16
35235,167,171,-4,4
35236,89,83,6,6
35237,65,68,-3,3
35238,103,102,1,1
35239,107,104,3,3
35240,66,61,5,5
35241,137,130,7,7
35242,68,63,5,5
35243,64,59,5,5
35244,137,128,9,9
35245,101,101,0,0
35246,120,113,7,7
35247,99,104,-5,5
35248,58,66,-8,8
35249,93,98,-5,5
35250,48,67,-19,19
35251,96,119,-23,23
35252,68,72,-4,4
35253,95,101,-6,6
35254,117,108,9,9
35255,61,68,-7,7
35256,122,125,-3,3
35257,77,89,-12,12
35258,69,76,-7,7
35259,105,99,6,6
35260,126,126,0,0
35261,67,57,10,10
35262,122,122,0,0
35263,96,89,7,7
35264,188,171,17,17
35265,72,67,5,5
35266,122,116,6,6
35267,53,63,-10,10
35268,49,58,-9,9
35269,131,119,12,12
35270,118,100,18,18
35271,68,60,8,8
35272,84,89,-5,5
35273,80,83,-3,3
35274,95,107,-12,12
35275,54,53,1,1
35276,80,82,-2,2
35277,55,59,-4,4
35278,50,48,2,2
35279,141,140,1,1
35280,118,112,6,6
35281,64,66,-2,2
35282,132,117,15,15
35283,81,77,4,4
35284,49,45,4,4
35285,86,84,2,2
35286,107,106,1,1
35287,123,124,-1,1
35288,109,100,9,9
35289,121,116,5,5
35290,89,97,-8,8
35291,57,63,-6,6
35292,123,114,9,9
35293,102,110,-8,8
35294,143,131,12,12
35295,57,59,-2,2
35296,84,79,5,5
35297,73,66,7,7
35298,124,125,-1,1
35299,86,76,10,10
35300,128,127,1,1
35301,146,131,15,15
35302,92,86,6,6
35303,68,78,-10,10
35304,88,88,0,0
35305,147,148,-1,1
35306,134,136,-2,2
35307,91,94,-3,3
35308,137,131,6,6
35309,130,133,-3,3
35310,103,99,4,4
35311,78,89,-11,11
35312,85,78,7,7
35313,57,57,0,0
35314,159,147,12,12
35315,80,84,-4,4
35316,113,125,-12,12
35317,152,141,11,11
35318,163,152,11,11
35319,137,117,20,20
35320,116,121,-5,5
35321,144,137,7,7
35322,61,67,-6,6
35323,158,146,12,12
35324,120,150,-30,30
35325,64,66,-2,2
35326,106,103,3,3
35327,60,68,-8,8
35328,87,92,-5,5
35329,72,65,7,7
35330,92,97,-5,5
35331,164,153,11,11
35332,121,127,-6,6
35333,63,66,-3,3
35334,108,107,1,1
35335,70,66,4,4
35336,66,74,-8,8
35337,81,131,-50,50
35338,84,82,2,2
35339,69,72,-3,3
35340,161,161,0,0
35341,73,69,4,4
35342,62,59,3,3
35343,66,63,3,3
35344,80,86,-6,6
35345,110,128,-18,18
35346,145,139,6,6
35347,32,63,-31,31
35348,62,69,-7,7
35349,191,189,2,2
35350,84,85,-1,1
35351,96,89,7,7
35352,87,78,9,9
35353,54,58,-4,4
35354,85,84,1,1
35355,118,108,10,10
35356,52,50,2,2
35357,102,84,18,18
35358,66,65,1,1
35359,151,152,-1,1
35360,129,140,-11,11
35361,61,53,8,8
35362,102,108,-6,6
35363,88,93,-5,5
35364,61,74,-13,13
35365,77,85,-8,8
35366,79,79,0,0
35367,110,104,6,6
35368,96,92,4,4
35369,74,66,8,8
35370,120,119,1,1
35371,134,129,5,5
35372,66,66,0,0
35373,61,56,5,5
35374,130,122,8,8
35375,60,64,-4,4
35376,66,67,-1,1
35377,115,111,4,4
35378,99,93,6,6
35379,55,50,5,5
35380,104,93,11,11
35381,104,103,1,1
35382,97,101,-4,4
35383,48,46,2,2
35384,51,54,-3,3
35385,51,43,8,8
35386,80,81,-1,1
35387,57,54,3,3
35388,77,54,23,23
35389,128,124,4,4
35390,141,142,-1,1
35391,77,74,3,3
35392,132,133,-1,1
35393,110,109,1,1
35394,43,38,5,5
35395,110,115,-5,5
35396,85,76,9,9
35397,92,96,-4,4
35398,49,49,0,0
35399,69,70,-1,1
35400,64,64,0,0
35401,82,75,7,7
35402,59,69,-10,10
35403,69,66,3,3
35404,66,67,-1,1
35405,92,86,6,6
35406,101,87,14,14
35407,62,70,-8,8
35408,126,115,11,11
35409,119,120,-1,1
35410,117,106,11,11
35411,162,156,6,6
35412,100,95,5,5
35413,107,117,-10,10
35414,49,60,-11,11
35415,75,76,-1,1
35416,85,80,5,5
35417,87,72,15,15
35418,58,53,5,5
35419,86,105,-19,19
35420,54,53,1,1
35421,149,149,0,0
35422,99,94,5,5
35423,118,116,2,2
35424,88,96,-8,8
35425,128,144,-16,16
35426,121,122,-1,1
35427,62,61,1,1
35428,32,38,-6,6
35429,152,140,12,12
35430,58,58,0,0
35431,77,86,-9,9
35432,127,109,18,18
35433,109,104,5,5
35434,116,114,2,2
35435,83,83,0,0
35436,70,79,-9,9
35437,101,92,9,9
35438,70,65,5,5
35439,117,106,11,11
35440,93,99,-6,6
35441,72,76,-4,4
35442,131,135,-4,4
35443,64,68,-4,4
35444,160,158,2,2
35445,86,79,7,7
35446,84,90,-6,6
35447,56,59,-3,3
35448,94,88,6,6
35449,149,135,14,14
35450,128,118,10,10
35451,97,104,-7,7
35452,178,171,7,7
35453,102,99,3,3
35454,53,54,-1,1
35455,124,114,10,10
35456,79,86,-7,7
35457,136,152,-16,16
35458,71,79,-8,8
35459,54,49,5,5
35460,97,86,11,11
35461,72,77,-5,5
35462,169,153,16,16
35463,80,76,4,4
35464,53,61,-8,8
35465,64,60,4,4
35466,52,52,0,0
35467,38,52,-14,14
35468,78,78,0,0
35469,160,80,80,80
35470,113,105,8,8
35471,90,93,-3,3
35472,63,61,2,2
35473,79,80,-1,1
35474,56,55,1,1
35475,241,241,0,0
35476,68,69,-1,1
35477,145,146,-1,1
35478,69,65,4,4
35479,107,103,4,4
35480,79,84,-5,5
35481,123,123,0,0
35482,97,88,9,9
35483,77,74,3,3
35484,66,140,-74,74
35485,83,81,2,2
35486,82,85,-3,3
35487,78,82,-4,4
35488,89,86,3,3
35489,76,64,12,12
35490,61,65,-4,4
35491,116,112,4,4
35492,128,133,-5,5
35493,130,133,-3,3
35494,46,49,-3,3
35495,105,101,4,4
35496,150,129,21,21
35497,156,157,-1,1
35498,69,69,0,0
35499,89,84,5,5
35500,77,74,3,3
35501,123,125,-2,2
35502,97,89,8,8
35503,87,78,9,9
35504,80,79,1,1
35505,79,83,-4,4
35506,58,64,-6,6
35507,53,52,1,1
35508,105,109,-4,4
35509,74,81,-7,7
35510,101,104,-3,3
35511,56,59,-3,3
35512,115,108,7,7
35513,141,152,-11,11
35514,116,107,9,9
35515,47,45,2,2
35516,43,43,0,0
35517,80,84,-4,4
35518,91,98,-7,7
35519,75,85,-10,10
35520,114,104,10,10
35521,79,83,-4,4
35522,106,96,10,10
35523,69,59,10,10
35524,87,75,12,12
35525,118,123,-5,5
35526,84,86,-2,2
35527,90,95,-5,5
35528,97,87,10,10
35529,57,57,0,0
35530,132,131,1,1
35531,90,106,-16,16
35532,108,113,-5,5
35533,132,123,9,9
35534,76,85,-9,9
35535,38,37,1,1
35536,52,50,2,2
35537,68,61,7,7
35538,141,146,-5,5
35539,90,95,-5,5
35540,72,66,6,6
35541,74,70,4,4
35542,89,85,4,4
35543,72,71,1,1
35544,78,59,19,19
35545,67,63,4,4
35546,94,87,7,7
35547,65,64,1,1
35548,75,70,5,5
35549,76,83,-7,7
35550,78,69,9,9
35551,70,76,-6,6
35552,124,112,12,12
35553,123,115,8,8
35554,185,174,11,11
35555,126,111,15,15
35556,104,103,1,1
35557,79,79,0,0
35558,74,64,10,10
35559,82,83,-1,1
35560,47,52,-5,5
35561,40,43,-3,3
35562,102,99,3,3
35563,68,74,-6,6
35564,95,99,-4,4
35565,111,103,8,8
35566,74,75,-1,1
35567,63,73,-10,10
35568,118,115,3,3
35569,181,169,12,12
35570,63,65,-2,2
35571,73,72,1,1
35572,76,77,-1,1
35573,80,77,3,3
35574,99,99,0,0
35575,83,92,-9,9
35576,48,46,2,2
35577,140,125,15,15
35578,101,108,-7,7
35579,76,94,-18,18
35580,84,95,-11,11
35581,95,87,8,8
35582,60,59,1,1
35583,78,76,2,2
35584,125,124,1,1
35585,90,92,-2,2
35586,99,94,5,5
35587,58,55,3,3
35588,128,129,-1,1
35589,67,65,2,2
35590,96,111,-15,15
35591,96,88,8,8
35592,141,136,5,5
35593,77,82,-5,5
35594,114,99,15,15
35595,86,84,2,2
35596,175,169,6,6
35597,129,126,3,3
35598,50,56,-6,6
35599,70,61,9,9
35600,224,205,19,19
35601,146,144,2,2
35602,81,77,4,4
35603,97,94,3,3
35604,118,128,-10,10
35605,77,64,13,13
35606,73,70,3,3
35607,85,85,0,0
35608,102,97,5,5
35609,130,126,4,4
35610,133,136,-3,3
35611,129,124,5,5
35612,80,77,3,3
35613,93,97,-4,4
35614,91,86,5,5
35615,41,93,-52,52
35616,82,86,-4,4
35617,67,63,4,4
35618,85,83,2,2
35619,75,79,-4,4
35620,118,117,1,1
35621,118,98,20,20
35622,79,75,4,4
35623,63,60,3,3
35624,170,170,0,0
35625,73,77,-4,4
35626,114,89,25,25
35627,154,163,-9,9
35628,54,67,-13,13
35629,115,108,7,7
35630,49,121,-72,72
35631,99,105,-6,6
35632,80,78,2,2
35633,152,153,-1,1
35634,71,68,3,3
35635,118,148,-30,30
35636,106,99,7,7
35637,106,113,-7,7
35638,173,156,17,17
35639,89,94,-5,5
35640,65,63,2,2
35641,93,87,6,6
35642,109,108,1,1
35643,126,126,0,0
35644,143,161,-18,18
35645,127,131,-4,4
35646,114,101,13,13
35647,84,91,-7,7
35648,68,77,-9,9
35649,60,64,-4,4
35650,111,111,0,0
35651,127,139,-12,12
35652,83,74,9,9
35653,98,95,3,3
35654,83,68,15,15
35655,77,79,-2,2
35656,51,56,-5,5
35657,88,88,0,0
35658,48,59,-11,11
35659,147,147,0,0
35660,66,77,-11,11
35661,100,95,5,5
35662,76,76,0,0
35663,59,60,-1,1
35664,116,110,6,6
35665,61,66,-5,5
35666,155,149,6,6
35667,99,105,-6,6
35668,112,110,2,2
35669,70,55,15,15
35670,79,84,-5,5
35671,96,92,4,4
35672,90,97,-7,7
35673,104,97,7,7
35674,99,96,3,3
35675,81,87,-6,6
35676,134,149,-15,15
35677,126,127,-1,1
35678,160,123,37,37
35679,75,74,1,1
35680,104,110,-6,6
35681,150,136,14,14
35682,120,119,1,1
35683,90,90,0,0
35684,120,108,12,12
35685,142,136,6,6
35686,75,70,5,5
35687,102,88,14,14
35688,162,153,9,9
35689,74,73,1,1
35690,75,72,3,3
35691,99,98,1,1
35692,130,129,1,1
35693,53,49,4,4
35694,127,131,-4,4
35695,103,93,10,10
35696,94,89,5,5
35697,76,92,-16,16
35698,83,84,-1,1
35699,195,175,20,20
35700,58,69,-11,11
35701,51,65,-14,14
35702,153,146,7,7
35703,190,178,12,12
35704,87,87,0,0
35705,96,95,1,1
35706,100,91,9,9
35707,74,75,-1,1
35708,67,69,-2,2
35709,124,124,0,0
35710,74,67,7,7
35711,111,97,14,14
35712,93,115,-22,22
35713,107,97,10,10
35714,70,62,8,8
35715,154,147,7,7
35716,125,113,12,12
35717,107,96,11,11
35718,69,84,-15,15
35719,101,104,-3,3
35720,95,85,10,10
35721,96,87,9,9
35722,85,82,3,3
35723,70,93,-23,23
35724,68,66,2,2
35725,61,62,-1,1
35726,155,156,-1,1
35727,58,65,-7,7
35728,72,71,1,1
35729,47,49,-2,2
35730,98,100,-2,2
35731,145,134,11,11
35732,52,60,-8,8
35733,120,103,17,17
35734,78,74,4,4
35735,56,59,-3,3
35736,89,94,-5,5
35737,82,83,-1,1
35738,104,107,-3,3
35739,128,140,-12,12
35740,159,139,20,20
35741,79,82,-3,3
35742,109,105,4,4
35743,120,118,2,2
35744,79,89,-10,10
35745,73,63,10,10
35746,64,58,6,6
35747,97,90,7,7
35748,135,116,19,19
35749,81,88,-7,7
35750,91,89,2,2
35751,58,52,6,6
35752,78,73,5,5
35753,77,72,5,5
35754,47,43,4,4
35755,167,158,9,9
35756,65,85,-20,20
35757,152,147,5,5
35758,159,155,4,4
35759,89,106,-17,17
35760,205,198,7,7
35761,108,103,5,5
35762,101,92,9,9
35763,129,131,-2,2
35764,123,121,2,2
35765,90,89,1,1
35766,138,131,7,7
35767,105,93,12,12
35768,93,87,6,6
35769,129,119,10,10
35770,110,95,15,15
35771,86,100,-14,14
35772,72,72,0,0
35773,122,116,6,6
35774,37,48,-11,11
35775,173,174,-1,1
35776,97,90,7,7
35777,45,46,-1,1
35778,97,82,15,15
35779,85,90,-5,5
35780,83,88,-5,5
35781,105,97,8,8
35782,138,133,5,5
35783,98,86,12,12
35784,128,118,10,10
35785,94,83,11,11
35786,131,114,17,17
35787,67,69,-2,2
35788,176,174,2,2
35789,116,115,1,1
35790,116,124,-8,8
35791,80,65,15,15
35792,84,82,2,2
35793,69,72,-3,3
35794,165,167,-2,2
35795,55,67,-12,12
35796,123,124,-1,1
35797,117,124,-7,7
35798,81,71,10,10
35799,86,84,2,2
35800,185,179,6,6
35801,104,109,-5,5
35802,89,90,-1,1
35803,85,82,3,3
35804,156,144,12,12
35805,72,70,2,2
35806,95,77,18,18
35807,86,76,10,10
35808,72,66,6,6
35809,168,148,20,20
35810,42,43,-1,1
35811,93,99,-6,6
35812,103,89,14,14
35813,83,82,1,1
35814,137,133,4,4
35815,117,129,-12,12
35816,77,85,-8,8
35817,79,90,-11,11
35818,121,116,5,5
35819,110,121,-11,11
35820,101,96,5,5
35821,88,98,-10,10
35822,91,88,3,3
35823,166,153,13,13
35824,63,61,2,2
35825,92,91,1,1
35826,138,124,14,14
35827,110,117,-7,7
35828,151,151,0,0
35829,121,130,-9,9
35830,73,70,3,3
35831,77,73,4,4
35832,197,197,0,0
35833,94,78,16,16
35834,67,70,-3,3
35835,147,127,20,20
35836,92,112,-20,20
35837,138,139,-1,1
35838,71,82,-11,11
35839,93,86,7,7
35840,115,108,7,7
35841,90,85,5,5
35842,137,131,6,6
35843,136,142,-6,6
35844,63,64,-1,1
35845,68,69,-1,1
35846,105,107,-2,2
35847,61,59,2,2
35848,75,76,-1,1
35849,120,120,0,0
35850,145,146,-1,1
35851,106,104,2,2
35852,171,160,11,11
35853,87,91,-4,4
35854,112,97,15,15
35855,75,78,-3,3
35856,84,86,-2,2
35857,55,52,3,3
35858,57,59,-2,2
35859,71,65,6,6
35860,150,141,9,9
35861,42,62,-20,20
35862,95,93,2,2
35863,100,104,-4,4
35864,77,68,9,9
35865,134,146,-12,12
35866,100,85,15,15
35867,117,121,-4,4
35868,74,108,-34,34
35869,106,99,7,7
35870,121,113,8,8
35871,115,107,8,8
35872,137,131,6,6
35873,80,79,1,1
35874,81,88,-7,7
35875,50,56,-6,6
35876,60,68,-8,8
35877,143,127,16,16
35878,80,88,-8,8
35879,72,71,1,1
35880,74,70,4,4
35881,125,124,1,1
35882,111,98,13,13
35883,99,96,3,3
35884,72,70,2,2
35885,84,76,8,8
35886,52,48,4,4
35887,54,53,1,1
35888,63,64,-1,1
35889,101,96,5,5
35890,65,52,13,13
35891,74,80,-6,6
35892,141,140,1,1
35893,84,83,1,1
35894,156,138,18,18
35895,105,94,11,11
35896,130,124,6,6
35897,74,74,0,0
35898,97,107,-10,10
35899,111,115,-4,4
35900,65,66,-1,1
35901,124,119,5,5
35902,80,79,1,1
35903,93,94,-1,1
35904,122,119,3,3
35905,84,94,-10,10
35906,92,95,-3,3
35907,52,77,-25,25
35908,86,93,-7,7
35909,69,75,-6,6
35910,114,107,7,7
35911,68,64,4,4
35912,123,129,-6,6
35913,104,121,-17,17
35914,119,107,12,12
35915,123,105,18,18
35916,99,92,7,7
35917,117,131,-14,14
35918,94,99,-5,5
35919,126,124,2,2
35920,148,137,11,11
35921,112,103,9,9
35922,168,174,-6,6
35923,81,76,5,5
35924,100,97,3,3
35925,78,79,-1,1
35926,109,108,1,1
35927,120,113,7,7
35928,119,123,-4,4
35929,83,110,-27,27
35930,138,135,3,3
35931,63,69,-6,6
35932,63,54,9,9
35933,88,82,6,6
35934,50,51,-1,1
35935,171,164,7,7
35936,111,98,13,13
35937,154,157,-3,3
35938,131,115,16,16
35939,110,101,9,9
35940,74,75,-1,1
35941,116,119,-3,3
35942,112,113,-1,1
35943,89,88,1,1
35944,109,113,-4,4
35945,68,71,-3,3
35946,77,76,1,1
35947,69,69,0,0
35948,54,62,-8,8
35949,74,74,0,0
35950,140,140,0,0
35951,92,81,11,11
35952,47,51,-4,4
35953,49,59,-10,10
35954,72,72,0,0
35955,79,84,-5,5
35956,45,52,-7,7
35957,53,60,-7,7
35958,114,119,-5,5
35959,64,71,-7,7
35960,63,60,3,3
35961,113,102,11,11
35962,103,93,10,10
35963,109,105,4,4
35964,94,89,5,5
35965,65,62,3,3
35966,94,80,14,14
35967,142,145,-3,3
35968,38,43,-5,5
35969,91,101,-10,10
35970,86,83,3,3
35971,150,147,3,3
35972,66,66,0,0
35973,68,64,4,4
35974,62,58,4,4
35975,53,50,3,3
35976,53,52,1,1
35977,117,113,4,4
35978,89,93,-4,4
35979,96,84,12,12
35980,109,109,0,0
35981,100,100,0,0
35982,132,121,11,11
35983,125,128,-3,3
35984,47,54,-7,7
35985,76,89,-13,13
35986,80,81,-1,1
35987,108,131,-23,23
35988,72,74,-2,2
35989,79,76,3,3
35990,103,98,5,5
35991,93,92,1,1
35992,90,81,9,9
35993,76,74,2,2
35994,88,83,5,5
35995,70,74,-4,4
35996,162,139,23,23
35997,86,78,8,8
35998,62,61,1,1
35999,78,79,-1,1
36000,51,49,2,2
36001,131,107,24,24
36002,81,77,4,4
36003,100,104,-4,4
36004,107,104,3,3
36005,71,73,-2,2
36006,99,95,4,4
36007,128,119,9,9
36008,102,104,-2,2
36009,111,122,-11,11
36010,114,117,-3,3
36011,145,135,10,10
36012,123,109,14,14
36013,64,65,-1,1
36014,138,133,5,5
36015,120,129,-9,9
36016,96,95,1,1
36017,143,144,-1,1
36018,79,82,-3,3
36019,139,146,-7,7
36020,124,117,7,7
36021,76,84,-8,8
36022,67,68,-1,1
36023,65,75,-10,10
36024,62,61,1,1
36025,184,181,3,3
36026,102,99,3,3
36027,60,62,-2,2
36028,79,88,-9,9
36029,63,62,1,1
36030,70,60,10,10
36031,91,97,-6,6
36032,68,75,-7,7
36033,86,93,-7,7
36034,97,110,-13,13
36035,78,86,-8,8
36036,110,90,20,20
36037,94,84,10,10
36038,68,82,-14,14
36039,150,145,5,5
36040,81,74,7,7
36041,58,61,-3,3
36042,48,51,-3,3
36043,76,75,1,1
36044,102,98,4,4
36045,74,75,-1,1
36046,60,62,-2,2
36047,75,83,-8,8
36048,92,84,8,8
36049,62,63,-1,1
36050,91,92,-1,1
36051,93,89,4,4
36052,146,148,-2,2
36053,94,88,6,6
36054,88,89,-1,1
36055,124,126,-2,2
36056,92,95,-3,3
36057,87,109,-22,22
36058,113,124,-11,11
36059,99,93,6,6
36060,90,89,1,1
36061,95,85,10,10
36062,61,60,1,1
36063,139,129,10,10
36064,106,117,-11,11
36065,42,45,-3,3
36066,95,99,-4,4
36067,121,130,-9,9
36068,130,140,-10,10
36069,121,126,-5,5
36070,74,69,5,5
36071,84,85,-1,1
36072,70,70,0,0
36073,73,79,-6,6
36074,116,104,12,12
36075,120,117,3,3
36076,151,144,7,7
36077,80,81,-1,1
36078,90,94,-4,4
36079,68,73,-5,5
36080,102,101,1,1
36081,180,175,5,5
36082,44,77,-33,33
36083,170,164,6,6
36084,99,89,10,10
36085,130,123,7,7
36086,78,107,-29,29
36087,107,103,4,4
36088,93,99,-6,6
36089,146,144,2,2
36090,97,87,10,10
36091,107,100,7,7
36092,116,111,5,5
36093,81,94,-13,13
36094,84,78,6,6
36095,88,99,-11,11
36096,77,66,11,11
36097,65,64,1,1
36098,158,148,10,10
36099,76,82,-6,6
36100,56,53,3,3
36101,119,121,-2,2
36102,82,78,4,4
36103,52,61,-9,9
36104,44,48,-4,4
36105,122,109,13,13
36106,92,95,-3,3
36107,87,85,2,2
36108,152,158,-6,6
36109,97,95,2,2
36110,127,116,11,11
36111,61,62,-1,1
36112,58,66,-8,8
36113,94,92,2,2
36114,123,126,-3,3
36115,141,122,19,19
36116,61,73,-12,12
36117,151,169,-18,18
36118,117,114,3,3
36119,88,90,-2,2
36120,71,64,7,7
36121,131,135,-4,4
36122,98,94,4,4
36123,54,61,-7,7
36124,133,121,12,12
36125,68,60,8,8
36126,49,55,-6,6
36127,106,104,2,2
36128,144,139,5,5
36129,105,105,0,0
36130,59,52,7,7
36131,65,66,-1,1
36132,136,127,9,9
36133,58,52,6,6
36134,49,51,-2,2
36135,47,49,-2,2
36136,87,87,0,0
36137,81,93,-12,12
36138,110,98,12,12
36139,119,116,3,3
36140,114,110,4,4
36141,77,70,7,7
36142,114,111,3,3
36143,112,112,0,0
36144,86,106,-20,20
36145,91,92,-1,1
36146,136,122,14,14
36147,52,47,5,5
36148,85,89,-4,4
36149,97,93,4,4
36150,151,140,11,11
36151,118,108,10,10
36152,156,139,17,17
36153,61,51,10,10
36154,107,100,7,7
36155,173,172,1,1
36156,86,91,-5,5
36157,74,80,-6,6
36158,90,82,8,8
36159,61,64,-3,3
36160,112,115,-3,3
36161,114,105,9,9
36162,86,90,-4,4
36163,115,116,-1,1
36164,128,129,-1,1
36165,62,66,-4,4
36166,81,84,-3,3
36167,102,101,1,1
36168,104,106,-2,2
36169,70,81,-11,11
36170,85,82,3,3
36171,59,62,-3,3
36172,112,103,9,9
36173,141,150,-9,9
36174,103,117,-14,14
36175,89,90,-1,1
36176,83,81,2,2
36177,54,51,3,3
36178,70,79,-9,9
36179,75,81,-6,6
36180,124,122,2,2
36181,64,63,1,1
36182,137,127,10,10
36183,112,123,-11,11
36184,60,69,-9,9
36185,103,105,-2,2
36186,76,73,3,3
36187,100,88,12,12
36188,68,70,-2,2
36189,72,81,-9,9
36190,52,53,-1,1
36191,91,89,2,2
36192,57,53,4,4
36193,71,60,11,11
36194,99,104,-5,5
36195,117,133,-16,16
36196,179,170,9,9
36197,109,106,3,3
36198,33,68,-35,35
36199,101,101,0,0
36200,105,99,6,6
36201,88,84,4,4
36202,152,163,-11,11
36203,88,80,8,8
36204,140,132,8,8
36205,123,106,17,17
36206,129,125,4,4
36207,57,59,-2,2
36208,53,52,1,1
36209,65,67,-2,2
36210,72,69,3,3
36211,127,140,-13,13
36212,62,67,-5,5
36213,47,52,-5,5
36214,101,93,8,8
36215,58,47,11,11
36216,90,96,-6,6
36217,71,72,-1,1
36218,148,136,12,12
36219,131,125,6,6
36220,173,178,-5,5
36221,140,128,12,12
36222,88,89,-1,1
36223,105,111,-6,6
36224,129,118,11,11
36225,105,97,8,8
36226,113,125,-12,12
36227,83,91,-8,8
36228,58,59,-1,1
36229,59,60,-1,1
36230,110,89,21,21
36231,106,110,-4,4
36232,95,95,0,0
36233,101,80,21,21
36234,56,62,-6,6
36235,134,137,-3,3
36236,118,112,6,6
36237,114,102,12,12
36238,70,73,-3,3
36239,68,70,-2,2
36240,66,69,-3,3
36241,92,88,4,4
36242,113,112,1,1
36243,108,105,3,3
36244,91,101,-10,10
36245,146,149,-3,3
36246,114,111,3,3
36247,103,106,-3,3
36248,108,138,-30,30
36249,60,61,-1,1
36250,62,64,-2,2
36251,102,100,2,2
36252,110,112,-2,2
36253,194,172,22,22
36254,53,56,-3,3
36255,102,100,2,2
36256,175,156,19,19
36257,66,60,6,6
36258,108,105,3,3
36259,112,104,8,8
36260,154,141,13,13
36261,121,127,-6,6
36262,66,62,4,4
36263,84,82,2,2
36264,72,71,1,1
36265,97,89,8,8
36266,125,121,4,4
36267,53,49,4,4
36268,56,56,0,0
36269,139,145,-6,6
36270,76,83,-7,7
36271,98,94,4,4
36272,64,69,-5,5
36273,102,97,5,5
36274,63,68,-5,5
36275,125,123,2,2
36276,133,113,20,20
36277,61,60,1,1
36278,57,55,2,2
36279,87,80,7,7
36280,65,70,-5,5
36281,45,49,-4,4
36282,105,115,-10,10
36283,123,116,7,7
36284,96,87,9,9
36285,146,149,-3,3
36286,65,66,-1,1
36287,93,89,4,4
36288,67,70,-3,3
36289,112,91,21,21
36290,128,119,9,9
36291,78,78,0,0
36292,73,73,0,0
36293,89,86,3,3
36294,62,59,3,3
36295,127,132,-5,5
36296,126,114,12,12
36297,80,74,6,6
36298,84,89,-5,5
36299,85,102,-17,17
36300,65,64,1,1
36301,63,63,0,0
36302,42,48,-6,6
36303,84,82,2,2
36304,73,71,2,2
36305,50,44,6,6
36306,107,127,-20,20
36307,108,102,6,6
36308,65,67,-2,2
36309,150,127,23,23
36310,101,96,5,5
36311,51,43,8,8
36312,74,73,1,1
36313,79,78,1,1
36314,117,106,11,11
36315,71,80,-9,9
36316,70,73,-3,3
36317,75,71,4,4
36318,38,46,-8,8
36319,104,105,-1,1
36320,97,95,2,2
36321,117,111,6,6
36322,78,77,1,1
36323,58,70,-12,12
36324,133,134,-1,1
36325,51,52,-1,1
36326,117,120,-3,3
36327,82,76,6,6
36328,155,148,7,7
36329,102,108,-6,6
36330,137,134,3,3
36331,85,83,2,2
36332,132,134,-2,2
36333,35,39,-4,4
36334,72,80,-8,8
36335,119,125,-6,6
36336,90,83,7,7
36337,69,70,-1,1
36338,76,81,-5,5
36339,85,87,-2,2
36340,114,102,12,12
36341,84,109,-25,25
36342,78,80,-2,2
36343,55,63,-8,8
36344,102,103,-1,1
36345,163,145,18,18
36346,69,69,0,0
36347,126,123,3,3
36348,43,38,5,5
36349,61,52,9,9
36350,54,59,-5,5
36351,109,104,5,5
36352,102,116,-14,14
36353,80,82,-2,2
36354,206,187,19,19
36355,51,52,-1,1
36356,89,75,14,14
36357,72,82,-10,10
36358,127,127,0,0
36359,76,82,-6,6
36360,107,101,6,6
36361,71,66,5,5
36362,66,62,4,4
36363,76,73,3,3
36364,184,172,12,12
36365,129,129,0,0
36366,55,56,-1,1
36367,110,114,-4,4
36368,75,78,-3,3
36369,61,65,-4,4
36370,136,129,7,7
36371,103,89,14,14
36372,115,122,-7,7
36373,55,59,-4,4
36374,113,105,8,8
36375,89,78,11,11
36376,121,107,14,14
36377,80,92,-12,12
36378,141,134,7,7
36379,150,170,-20,20
36380,90,84,6,6
36381,73,79,-6,6
36382,137,156,-19,19
36383,107,97,10,10
36384,86,83,3,3
36385,112,115,-3,3
36386,46,53,-7,7
36387,72,77,-5,5
36388,99,103,-4,4
36389,63,64,-1,1
36390,126,102,24,24
36391,64,61,3,3
36392,90,100,-10,10
36393,59,64,-5,5
36394,66,53,13,13
36395,114,96,18,18
36396,102,94,8,8
36397,77,76,1,1
36398,90,75,15,15
36399,68,68,0,0
36400,78,68,10,10
36401,71,73,-2,2
36402,49,54,-5,5
36403,83,83,0,0
36404,112,123,-11,11
36405,102,113,-11,11
36406,134,120,14,14
36407,57,55,2,2
36408,71,74,-3,3
36409,163,163,0,0
36410,130,119,11,11
36411,123,134,-11,11
36412,117,119,-2,2
36413,78,75,3,3
36414,39,44,-5,5
36415,49,50,-1,1
36416,57,54,3,3
36417,51,57,-6,6
36418,123,110,13,13
36419,92,93,-1,1
36420,93,93,0,0
36421,77,74,3,3
36422,197,158,39,39
36423,112,114,-2,2
36424,63,68,-5,5
36425,83,89,-6,6
36426,68,87,-19,19
36427,105,101,4,4
36428,62,72,-10,10
36429,71,65,6,6
36430,91,89,2,2
36431,85,81,4,4
36432,197,199,-2,2
36433,124,117,7,7
36434,119,117,2,2
36435,130,139,-9,9
36436,81,76,5,5
36437,92,96,-4,4
36438,71,68,3,3
36439,67,61,6,6
36440,99,91,8,8
36441,94,95,-1,1
36442,114,122,-8,8
36443,167,157,10,10
36444,120,110,10,10
36445,125,109,16,16
36446,70,67,3,3
36447,114,107,7,7
36448,95,92,3,3
36449,46,52,-6,6
36450,101,108,-7,7
36451,61,58,3,3
36452,90,100,-10,10
36453,67,142,-75,75
36454,157,145,12,12
36455,79,75,4,4
36456,105,101,4,4
36457,112,100,12,12
36458,89,92,-3,3
36459,105,105,0,0
36460,124,115,9,9
36461,65,61,4,4
36462,73,71,2,2
36463,66,69,-3,3
36464,61,64,-3,3
36465,125,139,-14,14
36466,122,130,-8,8
36467,76,72,4,4
36468,90,94,-4,4
36469,176,158,18,18
36470,62,64,-2,2
36471,139,136,3,3
36472,43,42,1,1
36473,67,72,-5,5
36474,50,52,-2,2
36475,66,66,0,0
36476,59,62,-3,3
36477,81,71,10,10
36478,83,75,8,8
36479,92,89,3,3
36480,76,84,-8,8
36481,62,60,2,2
36482,64,81,-17,17
36483,92,101,-9,9
36484,123,120,3,3
36485,84,71,13,13
36486,88,91,-3,3
36487,58,63,-5,5
36488,87,86,1,1
36489,73,74,-1,1
36490,44,55,-11,11
36491,123,122,1,1
36492,76,71,5,5
36493,82,88,-6,6
36494,84,81,3,3
36495,69,72,-3,3
36496,80,82,-2,2
36497,104,101,3,3
36498,81,79,2,2
36499,79,84,-5,5
36500,90,105,-15,15
36501,105,101,4,4
36502,140,137,3,3
36503,85,86,-1,1
36504,96,90,6,6
36505,102,100,2,2
36506,81,79,2,2
36507,117,111,6,6
36508,68,66,2,2
36509,79,82,-3,3
36510,143,136,7,7
36511,66,55,11,11
36512,52,52,0,0
36513,109,99,10,10
36514,40,51,-11,11
36515,140,130,10,10
36516,115,111,4,4
36517,74,87,-13,13
36518,61,65,-4,4
36519,66,70,-4,4
36520,92,77,15,15
36521,48,72,-24,24
36522,116,116,0,0
36523,141,132,9,9
36524,113,106,7,7
36525,89,83,6,6
36526,139,128,11,11
36527,134,133,1,1
36528,152,148,4,4
36529,88,86,2,2
36530,93,92,1,1
36531,161,152,9,9
36532,90,92,-2,2
36533,68,63,5,5
36534,148,136,12,12
36535,82,79,3,3
36536,96,90,6,6
36537,171,171,0,0
36538,96,108,-12,12
36539,66,68,-2,2
36540,113,106,7,7
36541,78,78,0,0
36542,82,78,4,4
36543,61,60,1,1
36544,82,77,5,5
36545,99,109,-10,10
36546,225,186,39,39
36547,81,75,6,6
36548,62,59,3,3
36549,66,67,-1,1
36550,44,67,-23,23
36551,74,88,-14,14
36552,83,82,1,1
36553,109,104,5,5
36554,51,57,-6,6
36555,121,119,2,2
36556,83,71,12,12
36557,81,90,-9,9
36558,53,61,-8,8
36559,73,81,-8,8
36560,109,101,8,8
36561,151,151,0,0
36562,115,108,7,7
36563,122,115,7,7
36564,116,115,1,1
36565,107,105,2,2
36566,109,96,13,13
36567,72,68,4,4
36568,43,62,-19,19
36569,78,74,4,4
36570,127,115,12,12
36571,50,53,-3,3
36572,96,95,1,1
36573,53,59,-6,6
36574,37,41,-4,4
36575,94,84,10,10
36576,56,63,-7,7
36577,27,37,-10,10
36578,38,48,-10,10
36579,109,113,-4,4
36580,109,105,4,4
36581,70,75,-5,5
36582,60,64,-4,4
36583,82,92,-10,10
36584,67,64,3,3
36585,67,69,-2,2
36586,78,77,1,1
36587,62,73,-11,11
36588,49,54,-5,5
36589,109,100,9,9
36590,88,91,-3,3
36591,81,93,-12,12
36592,82,88,-6,6
36593,90,84,6,6
36594,79,81,-2,2
36595,97,89,8,8
36596,75,83,-8,8
36597,104,97,7,7
36598,84,91,-7,7
36599,146,144,2,2
36600,62,60,2,2
36601,104,110,-6,6
36602,106,107,-1,1
36603,92,93,-1,1
36604,92,89,3,3
36605,92,94,-2,2
36606,71,67,4,4
36607,91,94,-3,3
36608,87,84,3,3
36609,79,92,-13,13
36610,86,99,-13,13
36611,128,113,15,15
36612,186,183,3,3
36613,138,129,9,9
36614,89,83,6,6
36615,168,160,8,8
36616,46,48,-2,2
36617,93,96,-3,3
36618,72,75,-3,3
36619,110,100,10,10
36620,99,88,11,11
36621,51,48,3,3
36622,93,100,-7,7
36623,99,95,4,4
36624,126,121,5,5
36625,64,65,-1,1
36626,209,197,12,12
36627,102,99,3,3
36628,98,102,-4,4
36629,79,69,10,10
36630,85,93,-8,8
36631,64,63,1,1
36632,83,78,5,5
36633,121,100,21,21
36634,111,104,7,7
36635,72,71,1,1
36636,97,94,3,3
36637,96,87,9,9
36638,64,66,-2,2
36639,128,124,4,4
36640,34,38,-4,4
36641,124,102,22,22
36642,84,78,6,6
36643,132,128,4,4
36644,55,54,1,1
36645,118,118,0,0
36646,47,47,0,0
36647,74,74,0,0
36648,75,73,2,2
36649,93,93,0,0
36650,171,146,25,25
36651,81,82,-1,1
36652,62,64,-2,2
36653,81,76,5,5
36654,83,73,10,10
36655,65,65,0,0
36656,61,64,-3,3
36657,83,85,-2,2
36658,102,98,4,4
36659,78,76,2,2
36660,85,82,3,3
36661,122,118,4,4
36662,60,59,1,1
36663,151,157,-6,6
36664,72,79,-7,7
36665,93,94,-1,1
36666,99,96,3,3
36667,95,100,-5,5
36668,105,100,5,5
36669,83,68,15,15
36670,128,134,-6,6
36671,76,105,-29,29
36672,114,100,14,14
36673,125,129,-4,4
36674,88,86,2,2
36675,117,126,-9,9
36676,54,53,1,1
36677,102,101,1,1
36678,60,50,10,10
36679,47,66,-19,19
36680,76,69,7,7
36681,53,54,-1,1
36682,83,89,-6,6
36683,148,154,-6,6
36684,101,93,8,8
36685,126,119,7,7
36686,124,190,-66,66
36687,114,111,3,3
36688,74,80,-6,6
36689,83,94,-11,11
36690,109,102,7,7
36691,89,97,-8,8
36692,76,77,-1,1
36693,53,56,-3,3
36694,78,79,-1,1
36695,60,60,0,0
36696,136,130,6,6
36697,42,54,-12,12
36698,126,117,9,9
36699,99,107,-8,8
36700,96,98,-2,2
36701,45,47,-2,2
36702,77,74,3,3
36703,167,150,17,17
36704,102,129,-27,27
36705,92,95,-3,3
36706,61,56,5,5
36707,138,133,5,5
36708,117,129,-12,12
36709,127,120,7,7
36710,92,74,18,18
36711,83,84,-1,1
36712,69,67,2,2
36713,189,178,11,11
36714,89,77,12,12
36715,154,151,3,3
36716,78,80,-2,2
36717,92,90,2,2
36718,151,156,-5,5
36719,138,146,-8,8
36720,73,70,3,3
36721,152,153,-1,1
36722,122,120,2,2
36723,71,68,3,3
36724,118,117,1,1
36725,93,78,15,15
36726,104,100,4,4
36727,85,81,4,4
36728,91,86,5,5
36729,50,49,1,1
36730,102,87,15,15
36731,120,118,2,2
36732,111,103,8,8
36733,71,76,-5,5
36734,57,51,6,6
36735,161,124,37,37
36736,53,48,5,5
36737,122,137,-15,15
36738,125,125,0,0
36739,83,81,2,2
36740,74,80,-6,6
36741,78,78,0,0
36742,51,51,0,0
36743,167,141,26,26
36744,78,79,-1,1
36745,207,195,12,12
36746,120,120,0,0
36747,142,147,-5,5
36748,71,83,-12,12
36749,144,122,22,22
36750,55,49,6,6
36751,75,65,10,10
36752,113,116,-3,3
36753,100,115,-15,15
36754,56,64,-8,8
36755,137,126,11,11
36756,92,90,2,2
36757,142,133,9,9
36758,114,114,0,0
36759,47,51,-4,4
36760,61,54,7,7
36761,130,119,11,11
36762,68,75,-7,7
36763,72,84,-12,12
36764,39,41,-2,2
36765,116,124,-8,8
36766,135,126,9,9
36767,121,114,7,7
36768,126,121,5,5
36769,115,127,-12,12
36770,92,89,3,3
36771,137,123,14,14
36772,67,66,1,1
36773,58,52,6,6
36774,74,76,-2,2
36775,66,59,7,7
36776,70,62,8,8
36777,89,105,-16,16
36778,85,91,-6,6
36779,77,78,-1,1
36780,54,58,-4,4
36781,103,107,-4,4
36782,45,51,-6,6
36783,35,63,-28,28
36784,84,113,-29,29
36785,61,72,-11,11
36786,114,106,8,8
36787,47,50,-3,3
36788,86,82,4,4
36789,92,103,-11,11
36790,61,59,2,2
36791,96,92,4,4
36792,48,48,0,0
36793,115,127,-12,12
36794,209,191,18,18
36795,89,87,2,2
36796,63,53,10,10
36797,68,67,1,1
36798,88,97,-9,9
36799,63,71,-8,8
36800,121,132,-11,11
36801,146,162,-16,16
36802,64,60,4,4
36803,75,72,3,3
36804,118,126,-8,8
36805,121,125,-4,4
36806,87,81,6,6
36807,80,82,-2,2
36808,80,85,-5,5
36809,107,93,14,14
36810,137,132,5,5
36811,96,88,8,8
36812,74,70,4,4
36813,90,79,11,11
36814,70,62,8,8
36815,45,48,-3,3
36816,63,54,9,9
36817,122,115,7,7
36818,80,79,1,1
36819,91,95,-4,4
36820,241,219,22,22
36821,49,50,-1,1
36822,115,124,-9,9
36823,136,101,35,35
36824,87,73,14,14
36825,90,102,-12,12
36826,86,83,3,3
36827,126,122,4,4
36828,63,79,-16,16
36829,68,63,5,5
36830,83,74,9,9
36831,101,99,2,2
36832,82,110,-28,28
36833,105,114,-9,9
36834,141,144,-3,3
36835,67,72,-5,5
36836,29,39,-10,10
36837,96,99,-3,3
36838,69,62,7,7
36839,62,68,-6,6
36840,68,72,-4,4
36841,96,83,13,13
36842,122,129,-7,7
36843,109,115,-6,6
36844,83,78,5,5
36845,127,120,7,7
36846,115,130,-15,15
36847,95,90,5,5
36848,64,59,5,5
36849,80,84,-4,4
36850,285,265,20,20
36851,88,88,0,0
36852,154,120,34,34
36853,163,154,9,9
36854,68,113,-45,45
36855,72,79,-7,7
36856,184,184,0,0
36857,87,79,8,8
36858,58,61,-3,3
36859,110,114,-4,4
36860,62,71,-9,9
36861,53,45,8,8
36862,158,162,-4,4
36863,87,105,-18,18
36864,70,78,-8,8
36865,72,75,-3,3
36866,141,121,20,20
36867,94,88,6,6
36868,48,61,-13,13
36869,56,54,2,2
36870,169,158,11,11
36871,81,102,-21,21
36872,71,66,5,5
36873,97,87,10,10
36874,73,74,-1,1
36875,90,91,-1,1
36876,122,118,4,4
36877,68,59,9,9
36878,128,114,14,14
36879,68,68,0,0
36880,128,133,-5,5
36881,80,81,-1,1
36882,76,70,6,6
36883,131,141,-10,10
36884,96,96,0,0
36885,118,128,-10,10
36886,112,106,6,6
36887,174,165,9,9
36888,44,37,7,7
36889,92,93,-1,1
36890,66,68,-2,2
36891,90,93,-3,3
36892,144,138,6,6
36893,110,103,7,7
36894,164,145,19,19
36895,85,81,4,4
36896,87,101,-14,14
36897,126,145,-19,19
36898,70,70,0,0
36899,111,111,0,0
36900,56,54,2,2
36901,50,57,-7,7
36902,93,96,-3,3
36903,66,70,-4,4
36904,77,74,3,3
36905,59,60,-1,1
36906,95,98,-3,3
36907,79,76,3,3
36908,84,80,4,4
36909,81,76,5,5
36910,118,103,15,15
36911,62,61,1,1
36912,113,117,-4,4
36913,89,80,9,9
36914,109,102,7,7
36915,157,148,9,9
36916,144,165,-21,21
36917,113,105,8,8
36918,136,122,14,14
36919,55,46,9,9
36920,100,127,-27,27
36921,127,112,15,15
36922,137,136,1,1
36923,77,75,2,2
36924,75,74,1,1
36925,96,100,-4,4
36926,183,174,9,9
36927,100,93,7,7
36928,66,59,7,7
36929,87,88,-1,1
36930,76,77,-1,1
36931,79,99,-20,20
36932,84,81,3,3
36933,101,98,3,3
36934,110,112,-2,2
36935,97,94,3,3
36936,55,59,-4,4
36937,94,87,7,7
36938,65,66,-1,1
36939,78,74,4,4
36940,69,62,7,7
36941,171,168,3,3
36942,78,77,1,1
36943,58,61,-3,3
36944,79,78,1,1
36945,90,79,11,11
36946,43,42,1,1
36947,80,93,-13,13
36948,121,128,-7,7
36949,186,171,15,15
36950,87,87,0,0
36951,25,28,-3,3
36952,77,85,-8,8
36953,111,112,-1,1
36954,60,59,1,1
36955,70,74,-4,4
36956,145,131,14,14
36957,83,89,-6,6
36958,87,75,12,12
36959,79,75,4,4
36960,110,112,-2,2
36961,70,67,3,3
36962,157,152,5,5
36963,95,94,1,1
36964,62,67,-5,5
36965,83,80,3,3
36966,64,64,0,0
36967,240,228,12,12
36968,77,77,0,0
36969,171,160,11,11
36970,111,110,1,1
36971,98,88,10,10
36972,60,60,0,0
36973,94,94,0,0
36974,117,110,7,7
36975,113,117,-4,4
36976,149,165,-16,16
36977,84,85,-1,1
36978,50,53,-3,3
36979,109,121,-12,12
36980,77,87,-10,10
36981,125,123,2,2
36982,74,86,-12,12
36983,80,79,1,1
36984,70,73,-3,3
36985,79,80,-1,1
36986,125,108,17,17
36987,102,87,15,15
36988,72,69,3,3
36989,99,100,-1,1
36990,73,82,-9,9
36991,104,97,7,7
36992,99,94,5,5
36993,97,91,6,6
36994,135,137,-2,2
36995,80,83,-3,3
36996,146,145,1,1
36997,59,64,-5,5
36998,95,96,-1,1
36999,159,141,18,18
37000,73,63,10,10
37001,94,92,2,2
37002,159,138,21,21
37003,178,159,19,19
37004,58,54,4,4
37005,88,82,6,6
37006,88,94,-6,6
37007,81,89,-8,8
37008,79,71,8,8
37009,54,53,1,1
37010,88,80,8,8
37011,75,70,5,5
37012,101,90,11,11
37013,89,80,9,9
37014,51,58,-7,7
37015,121,118,3,3
37016,110,116,-6,6
37017,99,87,12,12
37018,63,65,-2,2
37019,113,116,-3,3
37020,137,139,-2,2
37021,114,124,-10,10
37022,87,83,4,4
37023,176,151,25,25
37024,136,134,2,2
37025,104,97,7,7
37026,131,124,7,7
37027,100,115,-15,15
37028,110,115,-5,5
37029,54,46,8,8
37030,99,102,-3,3
37031,55,63,-8,8
37032,141,127,14,14
37033,142,141,1,1
37034,125,109,16,16
37035,114,125,-11,11
37036,121,120,1,1
37037,138,130,8,8
37038,66,74,-8,8
37039,108,101,7,7
37040,137,130,7,7
37041,57,53,4,4
37042,97,104,-7,7
37043,114,102,12,12
37044,124,154,-30,30
37045,66,70,-4,4
37046,51,52,-1,1
37047,162,147,15,15
37048,161,156,5,5
37049,116,108,8,8
37050,111,114,-3,3
37051,143,144,-1,1
37052,41,48,-7,7
37053,97,85,12,12
37054,49,54,-5,5
37055,156,146,10,10
37056,48,51,-3,3
37057,82,78,4,4
37058,58,58,0,0
37059,81,76,5,5
37060,81,81,0,0
37061,68,68,0,0
37062,120,123,-3,3
37063,28,41,-13,13
37064,84,95,-11,11
37065,96,98,-2,2
37066,79,80,-1,1
37067,446,412,34,34
37068,132,131,1,1
37069,131,128,3,3
37070,60,69,-9,9
37071,78,71,7,7
37072,113,112,1,1
37073,67,66,1,1
37074,83,80,3,3
37075,77,68,9,9
37076,82,81,1,1
37077,60,61,-1,1
37078,112,112,0,0
37079,124,118,6,6
37080,150,133,17,17
37081,87,85,2,2
37082,129,120,9,9
37083,151,147,4,4
37084,36,42,-6,6
37085,100,102,-2,2
37086,57,106,-49,49
37087,108,115,-7,7
37088,78,85,-7,7
37089,72,62,10,10
37090,69,83,-14,14
37091,108,111,-3,3
37092,87,80,7,7
37093,51,63,-12,12
37094,48,49,-1,1
37095,98,111,-13,13
37096,31,63,-32,32
37097,140,119,21,21
37098,74,69,5,5
37099,95,102,-7,7
37100,87,85,2,2
37101,120,124,-4,4
37102,83,76,7,7
37103,81,96,-15,15
37104,75,78,-3,3
37105,87,88,-1,1
37106,145,143,2,2
37107,98,91,7,7
37108,52,45,7,7
37109,83,79,4,4
37110,55,73,-18,18
37111,110,118,-8,8
37112,125,132,-7,7
37113,87,76,11,11
37114,101,98,3,3
37115,81,70,11,11
37116,143,137,6,6
37117,218,198,20,20
37118,79,74,5,5
37119,97,87,10,10
37120,58,58,0,0
37121,116,119,-3,3
37122,76,71,5,5
37123,94,96,-2,2
37124,79,92,-13,13
37125,60,61,-1,1
37126,103,110,-7,7
37127,51,48,3,3
37128,113,103,10,10
37129,83,96,-13,13
37130,121,122,-1,1
37131,87,74,13,13
37132,152,147,5,5
37133,97,92,5,5
37134,169,169,0,0
37135,73,86,-13,13
37136,141,147,-6,6
37137,88,74,14,14
37138,75,166,-91,91
37139,78,76,2,2
37140,114,109,5,5
37141,95,83,12,12
37142,100,107,-7,7
37143,94,96,-2,2
37144,62,64,-2,2
37145,75,105,-30,30
37146,91,96,-5,5
37147,155,133,22,22
37148,82,78,4,4
37149,120,118,2,2
37150,154,146,8,8
37151,45,45,0,0
37152,69,71,-2,2
37153,70,76,-6,6
37154,129,133,-4,4
37155,83,75,8,8
37156,102,96,6,6
37157,34,38,-4,4
37158,84,78,6,6
37159,93,87,6,6
37160,173,160,13,13
37161,81,85,-4,4
37162,112,125,-13,13
37163,141,135,6,6
37164,117,113,4,4
37165,87,93,-6,6
37166,89,104,-15,15
37167,138,144,-6,6
37168,77,81,-4,4
37169,71,74,-3,3
37170,108,115,-7,7
37171,84,79,5,5
37172,90,97,-7,7
37173,156,144,12,12
37174,90,92,-2,2
37175,91,92,-1,1
37176,64,63,1,1
37177,66,67,-1,1
37178,59,49,10,10
37179,124,113,11,11
37180,49,46,3,3
37181,108,109,-1,1
37182,83,83,0,0
37183,115,101,14,14
37184,59,62,-3,3
37185,51,65,-14,14
37186,90,85,5,5
37187,77,90,-13,13
37188,59,51,8,8
37189,100,98,2,2
37190,138,126,12,12
37191,237,229,8,8
37192,71,74,-3,3
37193,51,49,2,2
37194,160,165,-5,5
37195,162,136,26,26
37196,121,117,4,4
37197,122,113,9,9
37198,64,59,5,5
37199,78,74,4,4
37200,107,136,-29,29
37201,102,109,-7,7
37202,74,82,-8,8
37203,90,97,-7,7
37204,65,59,6,6
37205,85,88,-3,3
37206,88,89,-1,1
37207,95,101,-6,6
37208,92,91,1,1
37209,148,128,20,20
37210,89,86,3,3
37211,63,62,1,1
37212,98,89,9,9
37213,74,78,-4,4
37214,69,68,1,1
37215,58,60,-2,2
37216,148,133,15,15
37217,75,80,-5,5
37218,128,127,1,1
37219,63,74,-11,11
37220,113,91,22,22
37221,88,95,-7,7
37222,68,59,9,9
37223,98,95,3,3
37224,79,80,-1,1
37225,69,72,-3,3
37226,284,259,25,25
37227,76,75,1,1
37228,98,99,-1,1
37229,73,76,-3,3
37230,135,135,0,0
37231,71,70,1,1
37232,85,80,5,5
37233,58,62,-4,4
37234,110,110,0,0
37235,63,61,2,2
37236,91,90,1,1
37237,72,73,-1,1
37238,111,136,-25,25
37239,75,65,10,10
37240,127,130,-3,3
37241,157,143,14,14
37242,136,136,0,0
37243,66,62,4,4
37244,53,52,1,1
37245,76,80,-4,4
37246,76,68,8,8
37247,123,135,-12,12
37248,90,88,2,2
37249,62,63,-1,1
37250,93,114,-21,21
37251,150,139,11,11
37252,114,112,2,2
37253,99,86,13,13
37254,85,79,6,6
37255,68,63,5,5
37256,54,53,1,1
37257,64,61,3,3
37258,126,129,-3,3
37259,52,55,-3,3
37260,119,112,7,7
37261,112,109,3,3
37262,257,229,28,28
37263,75,80,-5,5
37264,58,53,5,5
37265,87,86,1,1
37266,50,47,3,3
37267,79,87,-8,8
37268,142,134,8,8
37269,122,129,-7,7
37270,69,68,1,1
37271,82,76,6,6
37272,83,82,1,1
37273,87,83,4,4
37274,132,128,4,4
37275,110,123,-13,13
37276,98,83,15,15
37277,93,91,2,2
37278,112,121,-9,9
37279,101,92,9,9
37280,97,101,-4,4
37281,111,117,-6,6
37282,53,55,-2,2
37283,78,98,-20,20
37284,104,97,7,7
37285,86,78,8,8
37286,109,108,1,1
37287,136,129,7,7
37288,113,127,-14,14
37289,53,55,-2,2
37290,85,76,9,9
37291,142,131,11,11
37292,141,141,0,0
37293,87,86,1,1
37294,79,76,3,3
37295,171,156,15,15
37296,104,108,-4,4
37297,91,120,-29,29
37298,70,67,3,3
37299,93,96,-3,3
37300,115,118,-3,3
37301,49,64,-15,15
37302,115,101,14,14
37303,85,80,5,5
37304,96,97,-1,1
37305,112,109,3,3
37306,133,140,-7,7
37307,114,110,4,4
37308,78,95,-17,17
37309,158,147,11,11
37310,73,68,5,5
37311,44,49,-5,5
37312,160,162,-2,2
37313,114,117,-3,3
37314,163,117,46,46
37315,113,109,4,4
37316,92,99,-7,7
37317,35,40,-5,5
37318,135,131,4,4
37319,113,113,0,0
37320,105,96,9,9
37321,79,77,2,2
37322,130,121,9,9
37323,129,129,0,0
37324,81,81,0,0
37325,71,76,-5,5
37326,233,205,28,28
37327,79,87,-8,8
37328,88,85,3,3
37329,121,125,-4,4
37330,132,122,10,10
37331,179,169,10,10
37332,199,183,16,16
37333,133,125,8,8
37334,127,119,8,8
37335,71,75,-4,4
37336,59,60,-1,1
37337,92,93,-1,1
37338,98,96,2,2
37339,93,79,14,14
37340,103,78,25,25
37341,114,121,-7,7
37342,80,85,-5,5
37343,84,83,1,1
37344,95,89,6,6
37345,141,136,5,5
37346,184,170,14,14
37347,138,114,24,24
37348,59,59,0,0
37349,172,166,6,6
37350,146,139,7,7
37351,72,77,-5,5
37352,139,144,-5,5
37353,108,108,0,0
37354,91,99,-8,8
37355,38,38,0,0
37356,44,54,-10,10
37357,86,84,2,2
37358,68,73,-5,5
37359,68,60,8,8
37360,100,102,-2,2
37361,135,121,14,14
37362,30,49,-19,19
37363,149,142,7,7
37364,93,92,1,1
37365,132,134,-2,2
37366,61,63,-2,2
37367,104,109,-5,5
37368,119,115,4,4
37369,61,65,-4,4
37370,79,84,-5,5
37371,48,50,-2,2
37372,80,66,14,14
37373,145,169,-24,24
37374,65,71,-6,6
37375,68,65,3,3
37376,68,70,-2,2
37377,78,81,-3,3
37378,65,61,4,4
37379,98,92,6,6
37380,102,109,-7,7
37381,115,98,17,17
37382,71,69,2,2
37383,63,64,-1,1
37384,64,77,-13,13
37385,97,95,2,2
37386,102,89,13,13
37387,101,104,-3,3
37388,34,37,-3,3
37389,70,73,-3,3
37390,53,61,-8,8
37391,92,94,-2,2
37392,83,84,-1,1
37393,101,106,-5,5
37394,76,74,2,2
37395,76,82,-6,6
37396,111,106,5,5
37397,49,61,-12,12
37398,55,64,-9,9
37399,115,106,9,9
37400,126,124,2,2
37401,121,111,10,10
37402,145,137,8,8
37403,60,75,-15,15
37404,73,61,12,12
37405,63,65,-2,2
37406,71,73,-2,2
37407,81,84,-3,3
37408,98,96,2,2
37409,138,140,-2,2
37410,69,75,-6,6
37411,172,184,-12,12
37412,57,64,-7,7
37413,119,111,8,8
37414,65,68,-3,3
37415,54,53,1,1
37416,86,92,-6,6
37417,116,116,0,0
37418,145,134,11,11
37419,102,108,-6,6
37420,108,104,4,4
37421,63,61,2,2
37422,125,118,7,7
37423,90,92,-2,2
37424,139,145,-6,6
37425,94,91,3,3
37426,86,86,0,0
37427,44,63,-19,19
37428,89,95,-6,6
37429,82,78,4,4
37430,114,104,10,10
37431,60,61,-1,1
37432,103,107,-4,4
37433,58,55,3,3
37434,108,115,-7,7
37435,140,148,-8,8
37436,160,158,2,2
37437,54,53,1,1
37438,106,102,4,4
37439,140,144,-4,4
37440,101,104,-3,3
37441,120,116,4,4
37442,118,113,5,5
37443,116,112,4,4
37444,108,105,3,3
37445,205,209,-4,4
37446,192,182,10,10
37447,97,98,-1,1
37448,59,60,-1,1
37449,60,62,-2,2
37450,51,49,2,2
37451,48,48,0,0
37452,118,113,5,5
37453,209,195,14,14
37454,64,64,0,0
37455,76,84,-8,8
37456,130,124,6,6
37457,83,93,-10,10
37458,69,76,-7,7
37459,66,59,7,7
37460,81,90,-9,9
37461,116,136,-20,20
37462,91,95,-4,4
37463,178,181,-3,3
37464,148,162,-14,14
37465,160,159,1,1
37466,116,131,-15,15
37467,87,90,-3,3
37468,93,92,1,1
37469,71,73,-2,2
37470,121,118,3,3
37471,85,71,14,14
37472,75,78,-3,3
37473,101,97,4,4
37474,72,71,1,1
37475,60,59,1,1
37476,102,93,9,9
37477,111,104,7,7
37478,81,86,-5,5
37479,75,90,-15,15
37480,107,110,-3,3
37481,75,79,-4,4
37482,67,76,-9,9
37483,126,127,-1,1
37484,106,109,-3,3
37485,126,126,0,0
37486,104,105,-1,1
37487,65,73,-8,8
37488,92,93,-1,1
37489,78,74,4,4
37490,127,121,6,6
37491,88,89,-1,1
37492,35,67,-32,32
37493,87,87,0,0
37494,53,65,-12,12
37495,108,110,-2,2
37496,89,87,2,2
37497,79,71,8,8
37498,79,85,-6,6
37499,138,121,17,17
37500,92,84,8,8
37501,84,82,2,2
37502,65,65,0,0
37503,74,72,2,2
37504,147,145,2,2
37505,96,100,-4,4
37506,124,125,-1,1
37507,84,88,-4,4
37508,118,116,2,2
37509,80,75,5,5
37510,89,96,-7,7
37511,154,161,-7,7
37512,96,100,-4,4
37513,73,81,-8,8
37514,218,191,27,27
37515,108,106,2,2
37516,156,150,6,6
37517,56,65,-9,9
37518,105,98,7,7
37519,103,130,-27,27
37520,98,103,-5,5
37521,161,161,0,0
37522,150,132,18,18
37523,50,52,-2,2
37524,99,97,2,2
37525,62,62,0,0
37526,102,103,-1,1
37527,86,82,4,4
37528,81,76,5,5
37529,51,55,-4,4
37530,100,91,9,9
37531,74,69,5,5
37532,65,53,12,12
37533,95,96,-1,1
37534,99,97,2,2
37535,84,91,-7,7
37536,114,97,17,17
37537,99,88,11,11
37538,58,51,7,7
37539,49,45,4,4
37540,119,111,8,8
37541,83,85,-2,2
37542,96,101,-5,5
37543,70,74,-4,4
37544,108,106,2,2
37545,128,113,15,15
37546,75,76,-1,1
37547,72,66,6,6
37548,88,75,13,13
37549,71,70,1,1
37550,103,95,8,8
37551,109,104,5,5
37552,77,81,-4,4
37553,74,74,0,0
37554,105,96,9,9
37555,56,50,6,6
37556,95,91,4,4
37557,152,141,11,11
37558,62,64,-2,2
37559,128,123,5,5
37560,108,100,8,8
37561,58,62,-4,4
37562,144,128,16,16
37563,109,100,9,9
37564,66,61,5,5
37565,114,116,-2,2
37566,150,133,17,17
37567,98,93,5,5
37568,151,148,3,3
37569,73,70,3,3
37570,84,77,7,7
37571,126,124,2,2
37572,50,55,-5,5
37573,101,116,-15,15
37574,56,59,-3,3
37575,95,95,0,0
37576,65,67,-2,2
37577,141,124,17,17
37578,94,89,5,5
37579,67,71,-4,4
37580,55,60,-5,5
37581,65,65,0,0
37582,52,68,-16,16
37583,95,88,7,7
37584,158,152,6,6
37585,106,38,68,68
37586,101,97,4,4
37587,96,93,3,3
37588,132,135,-3,3
37589,91,86,5,5
37590,80,81,-1,1
37591,209,195,14,14
37592,71,78,-7,7
37593,94,101,-7,7
37594,93,83,10,10
37595,103,103,0,0
37596,69,75,-6,6
37597,190,190,0,0
37598,92,88,4,4
37599,105,94,11,11
37600,69,77,-8,8
37601,54,63,-9,9
37602,59,59,0,0
37603,82,85,-3,3
37604,84,84,0,0
37605,30,50,-20,20
37606,150,141,9,9
37607,65,62,3,3
37608,88,81,7,7
37609,80,76,4,4
37610,174,167,7,7
37611,134,158,-24,24
37612,82,79,3,3
37613,77,68,9,9
37614,65,72,-7,7
37615,49,52,-3,3
37616,95,98,-3,3
37617,67,69,-2,2
37618,69,63,6,6
37619,125,132,-7,7
37620,124,130,-6,6
37621,81,81,0,0
37622,93,92,1,1
37623,148,123,25,25
37624,158,142,16,16
37625,107,107,0,0
37626,138,128,10,10
37627,106,105,1,1
37628,102,109,-7,7
37629,151,151,0,0
37630,103,108,-5,5
37631,77,70,7,7
37632,139,133,6,6
37633,122,123,-1,1
37634,86,78,8,8
37635,85,84,1,1
37636,76,70,6,6
37637,115,106,9,9
37638,137,126,11,11
37639,113,122,-9,9
37640,155,139,16,16
37641,66,78,-12,12
37642,75,70,5,5
37643,120,121,-1,1
37644,116,104,12,12
37645,152,148,4,4
37646,56,61,-5,5
37647,205,186,19,19
37648,96,95,1,1
37649,101,93,8,8
37650,100,100,0,0
37651,94,89,5,5
37652,130,122,8,8
37653,61,79,-18,18
37654,123,120,3,3
37655,111,121,-10,10
37656,136,142,-6,6
37657,166,152,14,14
37658,85,93,-8,8
37659,99,98,1,1
37660,58,60,-2,2
37661,98,91,7,7
37662,88,76,12,12
37663,164,144,20,20
37664,67,65,2,2
37665,112,100,12,12
37666,105,103,2,2
37667,151,143,8,8
37668,80,65,15,15
37669,121,129,-8,8
37670,179,148,31,31
37671,151,148,3,3
37672,116,119,-3,3
37673,93,92,1,1
37674,96,98,-2,2
37675,112,128,-16,16
37676,45,45,0,0
37677,100,95,5,5
37678,71,82,-11,11
37679,72,64,8,8
37680,124,116,8,8
37681,54,50,4,4
37682,135,128,7,7
37683,125,115,10,10
37684,125,106,19,19
37685,104,114,-10,10
37686,76,77,-1,1
37687,106,134,-28,28
37688,76,76,0,0
37689,87,87,0,0
37690,146,141,5,5
37691,91,83,8,8
37692,72,84,-12,12
37693,149,147,2,2
37694,82,78,4,4
37695,157,139,18,18
37696,138,128,10,10
37697,122,123,-1,1
37698,105,103,2,2
37699,88,82,6,6
37700,157,172,-15,15
37701,108,96,12,12
37702,94,87,7,7
37703,102,106,-4,4
37704,51,60,-9,9
37705,84,86,-2,2
37706,67,82,-15,15
37707,128,116,12,12
37708,130,131,-1,1
37709,165,155,10,10
37710,100,111,-11,11
37711,121,133,-12,12
37712,74,81,-7,7
37713,58,56,2,2
37714,88,97,-9,9
37715,105,113,-8,8
37716,116,115,1,1
37717,103,96,7,7
37718,101,103,-2,2
37719,108,113,-5,5
37720,75,87,-12,12
37721,106,109,-3,3
37722,69,74,-5,5
37723,87,88,-1,1
37724,68,76,-8,8
37725,51,51,0,0
37726,61,61,0,0
37727,110,109,1,1
37728,104,98,6,6
37729,70,65,5,5
37730,47,53,-6,6
37731,69,84,-15,15
37732,48,56,-8,8
37733,92,88,4,4
37734,116,114,2,2
37735,94,97,-3,3
37736,79,83,-4,4
37737,116,133,-17,17
37738,133,140,-7,7
37739,70,77,-7,7
37740,153,152,1,1
37741,41,82,-41,41
37742,73,75,-2,2
37743,109,115,-6,6
37744,145,129,16,16
37745,106,106,0,0
37746,89,78,11,11
37747,69,77,-8,8
37748,73,70,3,3
37749,61,61,0,0
37750,127,125,2,2
37751,104,103,1,1
37752,103,103,0,0
37753,107,99,8,8
37754,116,118,-2,2
37755,66,71,-5,5
37756,130,127,3,3
37757,102,94,8,8
37758,102,102,0,0
37759,72,79,-7,7
37760,98,89,9,9
37761,55,58,-3,3
37762,90,96,-6,6
37763,116,112,4,4
37764,64,72,-8,8
37765,113,103,10,10
37766,75,81,-6,6
37767,75,94,-19,19
37768,119,119,0,0
37769,81,73,8,8
37770,74,72,2,2
37771,156,154,2,2
37772,93,93,0,0
37773,84,84,0,0
37774,118,143,-25,25
37775,70,68,2,2
37776,197,192,5,5
37777,57,59,-2,2
37778,41,63,-22,22
37779,110,116,-6,6
37780,94,89,5,5
37781,121,108,13,13
37782,77,77,0,0
37783,104,81,23,23
37784,98,93,5,5
37785,101,98,3,3
37786,65,77,-12,12
37787,140,128,12,12
37788,113,107,6,6
37789,103,89,14,14
37790,84,76,8,8
37791,75,73,2,2
37792,136,123,13,13
37793,123,122,1,1
37794,117,124,-7,7
37795,107,100,7,7
37796,64,62,2,2
37797,61,65,-4,4
37798,216,183,33,33
37799,94,100,-6,6
37800,96,98,-2,2
37801,83,104,-21,21
37802,42,46,-4,4
37803,93,104,-11,11
37804,61,66,-5,5
37805,101,79,22,22
37806,118,115,3,3
37807,100,107,-7,7
37808,107,128,-21,21
37809,98,102,-4,4
37810,64,61,3,3
37811,215,215,0,0
37812,127,124,3,3
37813,91,87,4,4
37814,113,131,-18,18
37815,82,82,0,0
37816,120,126,-6,6
37817,72,72,0,0
37818,77,90,-13,13
37819,79,86,-7,7
37820,67,71,-4,4
37821,89,91,-2,2
37822,54,58,-4,4
37823,97,103,-6,6
37824,82,82,0,0
37825,91,99,-8,8
37826,83,78,5,5
37827,54,66,-12,12
37828,116,119,-3,3
37829,80,85,-5,5
37830,75,73,2,2
37831,187,190,-3,3
37832,78,85,-7,7
37833,95,101,-6,6
37834,87,85,2,2
37835,74,78,-4,4
37836,67,64,3,3
37837,66,61,5,5
37838,78,72,6,6
37839,107,102,5,5
37840,59,49,10,10
37841,92,96,-4,4
37842,41,50,-9,9
37843,130,122,8,8
37844,100,102,-2,2
37845,88,84,4,4
37846,67,64,3,3
37847,100,91,9,9
37848,99,112,-13,13
37849,69,68,1,1
37850,115,118,-3,3
37851,116,108,8,8
37852,49,45,4,4
37853,91,97,-6,6
37854,67,80,-13,13
37855,105,101,4,4
37856,137,136,1,1
37857,72,83,-11,11
37858,61,61,0,0
37859,86,81,5,5
37860,91,98,-7,7
37861,85,83,2,2
37862,83,83,0,0
37863,68,60,8,8
37864,103,96,7,7
37865,106,98,8,8
37866,139,116,23,23
37867,115,117,-2,2
37868,48,50,-2,2
37869,159,159,0,0
37870,61,56,5,5
37871,113,121,-8,8
37872,101,100,1,1
37873,77,73,4,4
37874,134,136,-2,2
37875,67,59,8,8
37876,106,105,1,1
37877,57,55,2,2
37878,95,102,-7,7
37879,93,98,-5,5
37880,95,83,12,12
37881,179,177,2,2
37882,153,172,-19,19
37883,62,67,-5,5
37884,69,66,3,3
37885,165,168,-3,3
37886,180,188,-8,8
37887,87,83,4,4
37888,110,108,2,2
37889,116,122,-6,6
37890,159,167,-8,8
37891,99,101,-2,2
37892,114,115,-1,1
37893,102,91,11,11
37894,154,154,0,0
37895,91,92,-1,1
37896,124,112,12,12
37897,91,89,2,2
37898,41,45,-4,4
37899,45,45,0,0
37900,71,86,-15,15
37901,76,78,-2,2
37902,99,107,-8,8
37903,111,103,8,8
37904,97,88,9,9
37905,124,114,10,10
37906,96,102,-6,6
37907,79,77,2,2
37908,122,129,-7,7
37909,115,98,17,17
37910,89,87,2,2
37911,73,70,3,3
37912,111,113,-2,2
37913,89,96,-7,7
37914,138,135,3,3
37915,100,111,-11,11
37916,78,87,-9,9
37917,83,85,-2,2
37918,86,96,-10,10
37919,135,142,-7,7
37920,114,113,1,1
37921,56,59,-3,3
37922,149,160,-11,11
37923,81,78,3,3
37924,79,81,-2,2
37925,103,104,-1,1
37926,56,67,-11,11
37927,150,145,5,5
37928,78,78,0,0
37929,78,77,1,1
37930,41,45,-4,4
37931,121,109,12,12
37932,123,120,3,3
37933,76,86,-10,10
37934,103,97,6,6
37935,35,62,-27,27
37936,124,118,6,6
37937,55,60,-5,5
37938,88,83,5,5
37939,90,90,0,0
37940,120,95,25,25
37941,71,71,0,0
37942,79,80,-1,1
37943,62,67,-5,5
37944,86,84,2,2
37945,64,67,-3,3
37946,131,142,-11,11
37947,146,137,9,9
37948,86,79,7,7
37949,98,93,5,5
37950,183,163,20,20
37951,91,93,-2,2
37952,77,74,3,3
37953,142,139,3,3
37954,79,79,0,0
37955,41,44,-3,3
37956,105,107,-2,2
37957,197,189,8,8
37958,115,111,4,4
37959,71,69,2,2
37960,140,146,-6,6
37961,130,125,5,5
37962,83,82,1,1
37963,108,127,-19,19
37964,67,63,4,4
37965,70,84,-14,14
37966,93,94,-1,1
37967,64,68,-4,4
37968,98,115,-17,17
37969,115,114,1,1
37970,62,61,1,1
37971,88,88,0,0
37972,61,62,-1,1
37973,198,177,21,21
37974,101,110,-9,9
37975,66,61,5,5
37976,31,36,-5,5
37977,94,94,0,0
37978,93,104,-11,11
37979,117,160,-43,43
37980,99,101,-2,2
37981,36,42,-6,6
37982,76,79,-3,3
37983,67,75,-8,8
37984,78,84,-6,6
37985,50,61,-11,11
37986,55,47,8,8
37987,92,93,-1,1
37988,94,86,8,8
37989,137,135,2,2
37990,102,101,1,1
37991,113,109,4,4
37992,89,79,10,10
37993,124,132,-8,8
37994,82,81,1,1
37995,60,67,-7,7
37996,125,114,11,11
37997,78,86,-8,8
37998,143,134,9,9
37999,142,143,-1,1
38000,106,96,10,10
38001,124,114,10,10
38002,52,57,-5,5
38003,97,115,-18,18
38004,80,75,5,5
38005,107,115,-8,8
38006,141,138,3,3
38007,57,53,4,4
38008,89,79,10,10
38009,104,114,-10,10
38010,154,148,6,6
38011,76,90,-14,14
38012,95,85,10,10
38013,179,166,13,13
38014,64,78,-14,14
38015,119,110,9,9
38016,108,124,-16,16
38017,114,109,5,5
38018,92,92,0,0
38019,109,106,3,3
38020,139,144,-5,5
38021,130,131,-1,1
38022,112,106,6,6
38023,123,115,8,8
38024,125,118,7,7
38025,66,59,7,7
38026,77,88,-11,11
38027,87,85,2,2
38028,97,109,-12,12
38029,56,55,1,1
38030,146,137,9,9
38031,71,66,5,5
38032,176,169,7,7
38033,96,86,10,10
38034,105,100,5,5
38035,127,124,3,3
38036,82,85,-3,3
38037,137,152,-15,15
38038,120,114,6,6
38039,82,81,1,1
38040,73,67,6,6
38041,78,70,8,8
38042,83,84,-1,1
38043,83,80,3,3
38044,74,76,-2,2
38045,81,80,1,1
38046,178,162,16,16
38047,96,105,-9,9
38048,48,51,-3,3
38049,74,81,-7,7
38050,143,133,10,10
38051,94,86,8,8
38052,142,143,-1,1
38053,144,148,-4,4
38054,114,116,-2,2
38055,91,97,-6,6
38056,127,129,-2,2
38057,65,76,-11,11
38058,152,144,8,8
38059,106,104,2,2
38060,140,136,4,4
38061,96,102,-6,6
38062,72,104,-32,32
38063,71,73,-2,2
38064,116,112,4,4
38065,156,147,9,9
38066,57,53,4,4
38067,24,48,-24,24
38068,122,118,4,4
38069,118,110,8,8
38070,96,96,0,0
38071,86,82,4,4
38072,163,155,8,8
38073,60,65,-5,5
38074,80,78,2,2
38075,78,75,3,3
38076,82,79,3,3
38077,113,103,10,10
38078,104,113,-9,9
38079,154,174,-20,20
38080,34,45,-11,11
38081,111,114,-3,3
38082,103,99,4,4
38083,88,84,4,4
38084,112,115,-3,3
38085,115,109,6,6
38086,60,53,7,7
38087,150,144,6,6
38088,116,116,0,0
38089,80,77,3,3
38090,112,100,12,12
38091,116,113,3,3
38092,83,89,-6,6
38093,161,148,13,13
38094,65,73,-8,8
38095,74,77,-3,3
38096,72,60,12,12
38097,185,167,18,18
38098,89,76,13,13
38099,90,88,2,2
38100,175,163,12,12
38101,96,86,10,10
38102,96,89,7,7
38103,111,112,-1,1
38104,46,49,-3,3
38105,105,120,-15,15
38106,69,73,-4,4
38107,117,114,3,3
38108,91,92,-1,1
38109,70,75,-5,5
38110,150,136,14,14
38111,122,125,-3,3
38112,98,111,-13,13
38113,100,88,12,12
38114,160,141,19,19
38115,139,139,0,0
38116,170,162,8,8
38117,79,85,-6,6
38118,132,127,5,5
38119,121,123,-2,2
38120,118,122,-4,4
38121,102,89,13,13
38122,98,96,2,2
38123,115,123,-8,8
38124,159,156,3,3
38125,92,94,-2,2
38126,41,66,-25,25
38127,84,86,-2,2
38128,132,144,-12,12
38129,109,95,14,14
38130,78,87,-9,9
38131,114,104,10,10
38132,121,112,9,9
38133,93,86,7,7
38134,115,118,-3,3
38135,44,44,0,0
38136,74,71,3,3
38137,49,46,3,3
38138,165,155,10,10
38139,83,79,4,4
38140,158,147,11,11
38141,101,89,12,12
38142,118,113,5,5
38143,94,92,2,2
38144,117,135,-18,18
38145,109,108,1,1
38146,73,89,-16,16
38147,76,81,-5,5
38148,138,136,2,2
38149,113,106,7,7
38150,96,95,1,1
38151,73,77,-4,4
38152,112,105,7,7
38153,63,65,-2,2
38154,104,95,9,9
38155,82,89,-7,7
38156,54,59,-5,5
38157,84,80,4,4
38158,133,141,-8,8
38159,101,99,2,2
38160,108,115,-7,7
38161,83,78,5,5
38162,78,81,-3,3
38163,82,74,8,8
38164,76,78,-2,2
38165,90,84,6,6
38166,105,106,-1,1
38167,61,59,2,2
38168,102,118,-16,16
38169,104,120,-16,16
38170,72,71,1,1
38171,74,67,7,7
38172,92,95,-3,3
38173,85,83,2,2
38174,99,97,2,2
38175,111,120,-9,9
38176,67,72,-5,5
38177,76,73,3,3
38178,113,98,15,15
38179,107,103,4,4
38180,117,115,2,2
38181,116,119,-3,3
38182,97,99,-2,2
38183,125,123,2,2
38184,112,120,-8,8
38185,71,82,-11,11
38186,115,115,0,0
38187,59,82,-23,23
38188,97,92,5,5
38189,124,114,10,10
38190,45,47,-2,2
38191,87,86,1,1
38192,103,124,-21,21
38193,64,63,1,1
38194,100,92,8,8
38195,97,86,11,11
38196,121,115,6,6
38197,111,117,-6,6
38198,74,73,1,1
38199,118,148,-30,30
38200,91,87,4,4
38201,89,89,0,0
38202,105,84,21,21
38203,79,81,-2,2
38204,68,70,-2,2
38205,125,128,-3,3
38206,87,83,4,4
38207,123,111,12,12
38208,93,91,2,2
38209,100,93,7,7
38210,64,60,4,4
38211,108,105,3,3
38212,68,53,15,15
38213,86,89,-3,3
38214,107,98,9,9
38215,73,75,-2,2
38216,128,138,-10,10
38217,119,112,7,7
38218,54,45,9,9
38219,72,70,2,2
38220,73,79,-6,6
38221,159,152,7,7
38222,83,88,-5,5
38223,97,92,5,5
38224,131,127,4,4
38225,69,73,-4,4
38226,86,72,14,14
38227,119,120,-1,1
38228,100,92,8,8
38229,102,108,-6,6
38230,67,64,3,3
38231,53,62,-9,9
38232,85,91,-6,6
38233,168,161,7,7
38234,61,51,10,10
38235,77,71,6,6
38236,85,92,-7,7
38237,69,67,2,2
38238,124,122,2,2
38239,89,80,9,9
38240,148,148,0,0
38241,143,133,10,10
38242,57,81,-24,24
38243,144,139,5,5
38244,66,68,-2,2
38245,83,95,-12,12
38246,120,117,3,3
38247,131,131,0,0
38248,51,53,-2,2
38249,77,61,16,16
38250,62,64,-2,2
38251,125,132,-7,7
38252,87,82,5,5
38253,89,86,3,3
38254,162,155,7,7
38255,109,115,-6,6
38256,126,133,-7,7
38257,87,92,-5,5
38258,87,98,-11,11
38259,116,117,-1,1
38260,51,52,-1,1
38261,65,57,8,8
38262,95,86,9,9
38263,86,76,10,10
38264,98,98,0,0
38265,74,73,1,1
38266,87,111,-24,24
38267,113,110,3,3
38268,70,86,-16,16
38269,119,108,11,11
38270,180,170,10,10
38271,94,84,10,10
38272,67,74,-7,7
38273,85,86,-1,1
38274,147,151,-4,4
38275,79,68,11,11
38276,76,76,0,0
38277,60,52,8,8
38278,55,61,-6,6
38279,95,98,-3,3
38280,127,115,12,12
38281,100,94,6,6
38282,85,85,0,0
38283,127,124,3,3
38284,101,88,13,13
38285,70,68,2,2
38286,102,100,2,2
38287,73,77,-4,4
38288,107,110,-3,3
38289,129,135,-6,6
38290,114,108,6,6
38291,45,53,-8,8
38292,52,52,0,0
38293,69,74,-5,5
38294,71,72,-1,1
38295,65,70,-5,5
38296,211,180,31,31
38297,113,131,-18,18
38298,97,96,1,1
38299,60,67,-7,7
38300,184,155,29,29
38301,106,101,5,5
38302,121,120,1,1
38303,112,118,-6,6
38304,137,136,1,1
38305,104,104,0,0
38306,124,122,2,2
38307,72,66,6,6
38308,116,105,11,11
38309,76,74,2,2
38310,99,106,-7,7
38311,75,77,-2,2
38312,81,80,1,1
38313,69,68,1,1
38314,72,81,-9,9
38315,87,75,12,12
38316,93,87,6,6
38317,136,131,5,5
38318,101,94,7,7
38319,89,86,3,3
38320,112,112,0,0
38321,65,68,-3,3
38322,118,110,8,8
38323,92,86,6,6
38324,80,89,-9,9
38325,98,93,5,5
38326,70,68,2,2
38327,127,119,8,8
38328,149,131,18,18
38329,70,67,3,3
38330,139,141,-2,2
38331,82,81,1,1
38332,91,94,-3,3
38333,39,68,-29,29
38334,82,97,-15,15
38335,105,100,5,5
38336,147,144,3,3
38337,104,112,-8,8
38338,117,93,24,24
38339,91,101,-10,10
38340,90,94,-4,4
38341,104,94,10,10
38342,47,55,-8,8
38343,56,59,-3,3
38344,110,113,-3,3
38345,43,62,-19,19
38346,120,114,6,6
38347,70,69,1,1
38348,75,77,-2,2
38349,77,82,-5,5
38350,72,69,3,3
38351,105,102,3,3
38352,218,199,19,19
38353,56,62,-6,6
38354,100,108,-8,8
38355,123,140,-17,17
38356,130,125,5,5
38357,63,59,4,4
38358,89,88,1,1
38359,60,70,-10,10
38360,65,80,-15,15
38361,118,118,0,0
38362,86,91,-5,5
38363,166,172,-6,6
38364,106,105,1,1
38365,58,64,-6,6
38366,141,128,13,13
38367,96,93,3,3
38368,106,96,10,10
38369,110,114,-4,4
38370,64,63,1,1
38371,83,82,1,1
38372,92,108,-16,16
38373,70,70,0,0
38374,122,125,-3,3
38375,86,89,-3,3
38376,105,91,14,14
38377,99,102,-3,3
38378,57,51,6,6
38379,79,78,1,1
38380,59,54,5,5
38381,70,73,-3,3
38382,104,99,5,5
38383,86,88,-2,2
38384,112,121,-9,9
38385,102,102,0,0
38386,63,69,-6,6
38387,118,112,6,6
38388,63,60,3,3
38389,104,123,-19,19
38390,86,90,-4,4
38391,167,159,8,8
38392,164,155,9,9
38393,85,88,-3,3
38394,111,112,-1,1
38395,121,114,7,7
38396,94,92,2,2
38397,77,87,-10,10
38398,35,40,-5,5
38399,95,92,3,3
38400,133,137,-4,4
38401,85,90,-5,5
38402,67,60,7,7
38403,114,114,0,0
38404,157,148,9,9
38405,157,151,6,6
38406,94,103,-9,9
38407,54,66,-12,12
38408,64,59,5,5
38409,109,107,2,2
38410,71,71,0,0
38411,73,75,-2,2
38412,76,80,-4,4
38413,130,115,15,15
38414,79,75,4,4
38415,142,154,-12,12
38416,89,86,3,3
38417,105,109,-4,4
38418,78,89,-11,11
38419,64,61,3,3
38420,63,68,-5,5
38421,89,89,0,0
38422,171,169,2,2
38423,111,97,14,14
38424,86,75,11,11
38425,102,100,2,2
38426,61,62,-1,1
38427,85,84,1,1
38428,134,120,14,14
38429,81,81,0,0
38430,142,144,-2,2
38431,80,75,5,5
38432,83,83,0,0
38433,121,113,8,8
38434,67,51,16,16
38435,100,115,-15,15
38436,129,130,-1,1
38437,102,108,-6,6
38438,126,125,1,1
38439,98,99,-1,1
38440,63,62,1,1
38441,72,77,-5,5
38442,88,96,-8,8
38443,64,67,-3,3
38444,107,115,-8,8
38445,89,79,10,10
38446,93,93,0,0
38447,146,139,7,7
38448,101,109,-8,8
38449,87,84,3,3
38450,97,99,-2,2
38451,78,65,13,13
38452,130,114,16,16
38453,85,74,11,11
38454,77,71,6,6
38455,44,51,-7,7
38456,96,90,6,6
38457,89,77,12,12
38458,117,117,0,0
38459,41,43,-2,2
38460,113,117,-4,4
38461,103,84,19,19
38462,161,150,11,11
38463,196,192,4,4
38464,64,67,-3,3
38465,82,75,7,7
38466,66,92,-26,26
38467,80,76,4,4
38468,54,61,-7,7
38469,104,107,-3,3
38470,55,50,5,5
38471,57,54,3,3
38472,49,53,-4,4
38473,70,71,-1,1
38474,74,81,-7,7
38475,33,51,-18,18
38476,83,91,-8,8
38477,89,89,0,0
38478,102,93,9,9
38479,156,166,-10,10
38480,36,50,-14,14
38481,62,59,3,3
38482,102,95,7,7
38483,87,97,-10,10
38484,50,47,3,3
38485,89,98,-9,9
38486,100,95,5,5
38487,98,85,13,13
38488,56,60,-4,4
38489,75,67,8,8
38490,98,85,13,13
38491,117,108,9,9
38492,235,206,29,29
38493,54,53,1,1
38494,68,62,6,6
38495,116,124,-8,8
38496,32,37,-5,5
38497,55,50,5,5
38498,82,84,-2,2
38499,119,118,1,1
38500,183,186,-3,3
38501,112,85,27,27
38502,57,69,-12,12
38503,120,118,2,2
38504,77,84,-7,7
38505,68,76,-8,8
38506,126,118,8,8
38507,68,62,6,6
38508,103,92,11,11
38509,110,117,-7,7
38510,122,104,18,18
38511,100,116,-16,16
38512,74,76,-2,2
38513,185,163,22,22
38514,118,127,-9,9
38515,41,48,-7,7
38516,91,92,-1,1
38517,83,73,10,10
38518,79,84,-5,5
38519,82,71,11,11
38520,84,88,-4,4
38521,70,62,8,8
38522,97,104,-7,7
38523,99,100,-1,1
38524,108,103,5,5
38525,85,82,3,3
38526,132,128,4,4
38527,99,97,2,2
38528,62,53,9,9
38529,80,79,1,1
38530,96,82,14,14
38531,98,88,10,10
38532,109,110,-1,1
38533,124,131,-7,7
38534,101,111,-10,10
38535,118,122,-4,4
38536,57,59,-2,2
38537,79,84,-5,5
38538,86,87,-1,1
38539,77,75,2,2
38540,132,123,9,9
38541,74,64,10,10
38542,108,102,6,6
38543,137,124,13,13
38544,102,102,0,0
38545,150,146,4,4
38546,51,49,2,2
38547,77,73,4,4
38548,59,53,6,6
38549,42,41,1,1
38550,141,144,-3,3
38551,132,124,8,8
38552,67,64,3,3
38553,108,100,8,8
38554,144,150,-6,6
38555,69,70,-1,1
38556,85,80,5,5
38557,64,64,0,0
38558,65,66,-1,1
38559,221,219,2,2
38560,70,65,5,5
38561,56,50,6,6
38562,62,65,-3,3
38563,88,104,-16,16
38564,108,111,-3,3
38565,178,163,15,15
38566,74,70,4,4
38567,85,95,-10,10
38568,61,68,-7,7
38569,111,75,36,36
38570,103,111,-8,8
38571,110,107,3,3
38572,74,69,5,5
38573,172,173,-1,1
38574,87,101,-14,14
38575,141,148,-7,7
38576,86,80,6,6
38577,89,106,-17,17
38578,106,90,16,16
38579,103,99,4,4
38580,115,97,18,18
38581,61,49,12,12
38582,102,105,-3,3
38583,64,64,0,0
38584,121,113,8,8
38585,61,67,-6,6
38586,75,72,3,3
38587,43,40,3,3
38588,84,80,4,4
38589,118,116,2,2
38590,50,46,4,4
38591,81,70,11,11
38592,160,154,6,6
38593,121,110,11,11
38594,77,81,-4,4
38595,124,121,3,3
38596,140,131,9,9
38597,56,60,-4,4
38598,92,85,7,7
38599,99,94,5,5
38600,169,161,8,8
38601,102,111,-9,9
38602,149,147,2,2
38603,161,170,-9,9
38604,73,78,-5,5
38605,81,82,-1,1
38606,76,74,2,2
38607,131,123,8,8
38608,155,161,-6,6
38609,87,89,-2,2
38610,62,60,2,2
38611,87,74,13,13
38612,78,87,-9,9
38613,74,72,2,2
38614,49,73,-24,24
38615,92,86,6,6
38616,133,131,2,2
38617,149,146,3,3
38618,120,125,-5,5
38619,89,82,7,7
38620,102,100,2,2
38621,62,64,-2,2
38622,57,46,11,11
38623,43,58,-15,15
38624,72,75,-3,3
38625,58,61,-3,3
38626,66,64,2,2
38627,73,80,-7,7
38628,112,92,20,20
38629,158,144,14,14
38630,70,78,-8,8
38631,136,130,6,6
38632,85,79,6,6
38633,37,46,-9,9
38634,87,93,-6,6
38635,130,138,-8,8
38636,88,89,-1,1
38637,57,60,-3,3
38638,117,113,4,4
38639,105,96,9,9
38640,75,77,-2,2
38641,153,155,-2,2
38642,90,100,-10,10
38643,130,120,10,10
38644,86,88,-2,2
38645,124,131,-7,7
38646,83,84,-1,1
38647,145,127,18,18
38648,77,78,-1,1
38649,64,67,-3,3
38650,129,128,1,1
38651,109,110,-1,1
38652,94,91,3,3
38653,84,80,4,4
38654,64,65,-1,1
38655,90,89,1,1
38656,171,169,2,2
38657,93,99,-6,6
38658,121,125,-4,4
38659,72,80,-8,8
38660,72,82,-10,10
38661,85,84,1,1
38662,86,80,6,6
38663,93,96,-3,3
38664,94,81,13,13
38665,118,121,-3,3
38666,72,60,12,12
38667,64,66,-2,2
38668,127,112,15,15
38669,64,60,4,4
38670,75,74,1,1
38671,57,61,-4,4
38672,61,60,1,1
38673,74,86,-12,12
38674,53,67,-14,14
38675,80,85,-5,5
38676,83,81,2,2
38677,124,120,4,4
38678,81,90,-9,9
38679,84,92,-8,8
38680,128,114,14,14
38681,93,91,2,2
38682,79,84,-5,5
38683,81,97,-16,16
38684,81,82,-1,1
38685,104,106,-2,2
38686,82,79,3,3
38687,84,74,10,10
38688,71,71,0,0
38689,62,61,1,1
38690,66,72,-6,6
38691,63,65,-2,2
38692,77,79,-2,2
38693,56,58,-2,2
38694,155,151,4,4
38695,143,134,9,9
38696,75,73,2,2
38697,92,102,-10,10
38698,108,105,3,3
38699,105,101,4,4
38700,63,60,3,3
38701,117,118,-1,1
38702,123,109,14,14
38703,69,73,-4,4
38704,119,132,-13,13
38705,92,103,-11,11
38706,94,86,8,8
38707,80,81,-1,1
38708,101,96,5,5
38709,150,147,3,3
38710,92,86,6,6
38711,97,93,4,4
38712,100,97,3,3
38713,74,89,-15,15
38714,157,156,1,1
38715,65,72,-7,7
38716,97,92,5,5
38717,79,78,1,1
38718,86,83,3,3
38719,91,82,9,9
38720,51,50,1,1
38721,110,113,-3,3
38722,106,113,-7,7
38723,50,49,1,1
38724,76,72,4,4
38725,126,123,3,3
38726,73,74,-1,1
38727,80,81,-1,1
38728,90,81,9,9
38729,94,80,14,14
38730,99,95,4,4
38731,140,130,10,10
38732,92,92,0,0
38733,96,96,0,0
38734,107,100,7,7
38735,120,110,10,10
38736,141,139,2,2
38737,58,61,-3,3
38738,99,95,4,4
38739,75,72,3,3
38740,118,107,11,11
38741,93,93,0,0
38742,104,93,11,11
38743,81,83,-2,2
38744,107,100,7,7
38745,91,109,-18,18
38746,87,88,-1,1
38747,53,56,-3,3
38748,147,144,3,3
38749,108,99,9,9
38750,76,75,1,1
38751,59,60,-1,1
38752,85,93,-8,8
38753,82,81,1,1
38754,57,60,-3,3
38755,37,49,-12,12
38756,129,133,-4,4
38757,57,51,6,6
38758,67,67,0,0
38759,76,71,5,5
38760,85,80,5,5
38761,130,121,9,9
38762,106,102,4,4
38763,104,117,-13,13
38764,88,90,-2,2
38765,65,70,-5,5
38766,75,74,1,1
38767,145,133,12,12
38768,149,147,2,2
38769,44,51,-7,7
38770,69,64,5,5
38771,93,96,-3,3
38772,78,76,2,2
38773,63,68,-5,5
38774,78,85,-7,7
38775,85,81,4,4
38776,55,53,2,2
38777,73,88,-15,15
38778,107,110,-3,3
38779,131,126,5,5
38780,87,87,0,0
38781,40,48,-8,8
38782,139,121,18,18
38783,85,89,-4,4
38784,163,172,-9,9
38785,64,69,-5,5
38786,193,187,6,6
38787,86,95,-9,9
38788,98,100,-2,2
38789,51,59,-8,8
38790,128,124,4,4
38791,141,125,16,16
38792,84,82,2,2
38793,142,138,4,4
38794,59,62,-3,3
38795,108,100,8,8
38796,39,43,-4,4
38797,156,152,4,4
38798,107,112,-5,5
38799,99,103,-4,4
38800,166,159,7,7
38801,85,81,4,4
38802,84,84,0,0
38803,98,95,3,3
38804,76,68,8,8
38805,138,126,12,12
38806,93,85,8,8
38807,182,158,24,24
38808,149,132,17,17
38809,132,116,16,16
38810,127,116,11,11
38811,70,70,0,0
38812,57,54,3,3
38813,176,183,-7,7
38814,68,69,-1,1
38815,46,49,-3,3
38816,66,63,3,3
38817,113,122,-9,9
38818,135,138,-3,3
38819,48,48,0,0
38820,135,132,3,3
38821,70,74,-4,4
38822,91,94,-3,3
38823,125,118,7,7
38824,109,95,14,14
38825,53,56,-3,3
38826,91,86,5,5
38827,70,67,3,3
38828,65,72,-7,7
38829,125,114,11,11
38830,72,72,0,0
38831,103,103,0,0
38832,103,80,23,23
38833,101,79,22,22
38834,117,126,-9,9
38835,63,59,4,4
38836,164,167,-3,3
38837,57,67,-10,10
38838,120,122,-2,2
38839,133,127,6,6
38840,83,88,-5,5
38841,64,65,-1,1
38842,102,95,7,7
38843,70,68,2,2
38844,124,131,-7,7
38845,106,94,12,12
38846,156,153,3,3
38847,67,67,0,0
38848,147,149,-2,2
38849,113,118,-5,5
38850,121,121,0,0
38851,97,96,1,1
38852,59,69,-10,10
38853,50,62,-12,12
38854,118,107,11,11
38855,56,55,1,1
38856,87,77,10,10
38857,89,95,-6,6
38858,65,69,-4,4
38859,62,63,-1,1
38860,138,139,-1,1
38861,149,147,2,2
38862,69,68,1,1
38863,76,85,-9,9
38864,65,69,-4,4
38865,70,66,4,4
38866,133,141,-8,8
38867,77,75,2,2
38868,93,97,-4,4
38869,105,132,-27,27
38870,67,71,-4,4
38871,84,82,2,2
38872,83,93,-10,10
38873,46,44,2,2
38874,102,98,4,4
38875,80,73,7,7
38876,106,104,2,2
38877,91,95,-4,4
38878,70,64,6,6
38879,213,198,15,15
38880,84,85,-1,1
38881,124,106,18,18
38882,113,112,1,1
38883,89,92,-3,3
38884,112,109,3,3
38885,78,73,5,5
38886,60,61,-1,1
38887,119,106,13,13
38888,58,61,-3,3
38889,109,99,10,10
38890,113,137,-24,24
38891,101,87,14,14
38892,61,59,2,2
38893,76,81,-5,5
38894,84,78,6,6
38895,86,91,-5,5
38896,108,99,9,9
38897,102,89,13,13
38898,151,148,3,3
38899,66,65,1,1
38900,71,64,7,7
38901,66,70,-4,4
38902,131,129,2,2
38903,49,46,3,3
38904,99,103,-4,4
38905,69,82,-13,13
38906,72,64,8,8
38907,179,164,15,15
38908,152,146,6,6
38909,70,69,1,1
38910,63,67,-4,4
38911,104,107,-3,3
38912,22,62,-40,40
38913,105,101,4,4
38914,174,174,0,0
38915,123,124,-1,1
38916,34,42,-8,8
38917,76,78,-2,2
38918,114,110,4,4
38919,84,99,-15,15
38920,114,101,13,13
38921,236,210,26,26
38922,86,92,-6,6
38923,91,82,9,9
38924,109,108,1,1
38925,99,89,10,10
38926,79,72,7,7
38927,51,54,-3,3
38928,201,186,15,15
38929,60,60,0,0
38930,89,91,-2,2
38931,84,85,-1,1
38932,40,43,-3,3
38933,68,65,3,3
38934,58,60,-2,2
38935,73,72,1,1
38936,121,124,-3,3
38937,55,49,6,6
38938,91,94,-3,3
38939,57,63,-6,6
38940,68,60,8,8
38941,93,76,17,17
38942,59,63,-4,4
38943,76,67,9,9
38944,99,106,-7,7
38945,85,101,-16,16
38946,113,102,11,11
38947,107,92,15,15
38948,184,174,10,10
38949,80,77,3,3
38950,99,99,0,0
38951,180,168,12,12
38952,94,104,-10,10
38953,37,38,-1,1
38954,59,70,-11,11
38955,65,65,0,0
38956,93,95,-2,2
38957,88,93,-5,5
38958,92,93,-1,1
38959,128,121,7,7
38960,111,116,-5,5
38961,128,169,-41,41
38962,48,47,1,1
38963,116,123,-7,7
38964,54,50,4,4
38965,57,68,-11,11
38966,61,66,-5,5
38967,79,81,-2,2
38968,61,61,0,0
38969,122,120,2,2
38970,89,85,4,4
38971,121,113,8,8
38972,119,115,4,4
38973,108,119,-11,11
38974,100,100,0,0
38975,58,59,-1,1
38976,106,91,15,15
38977,88,88,0,0
38978,103,90,13,13
38979,31,40,-9,9
38980,34,52,-18,18
38981,87,84,3,3
38982,111,110,1,1
38983,101,101,0,0
38984,41,44,-3,3
38985,60,63,-3,3
38986,115,112,3,3
38987,136,137,-1,1
38988,74,66,8,8
38989,84,75,9,9
38990,110,108,2,2
38991,73,75,-2,2
38992,126,119,7,7
38993,77,74,3,3
38994,129,122,7,7
38995,123,126,-3,3
38996,99,93,6,6
38997,88,67,21,21
38998,61,71,-10,10
38999,74,72,2,2
39000,107,100,7,7
39001,122,114,8,8
39002,60,61,-1,1
39003,188,182,6,6
39004,84,78,6,6
39005,146,147,-1,1
39006,154,155,-1,1
39007,114,117,-3,3
39008,117,111,6,6
39009,163,166,-3,3
39010,74,74,0,0
39011,113,110,3,3
39012,68,69,-1,1
39013,137,133,4,4
39014,86,87,-1,1
39015,136,140,-4,4
39016,77,70,7,7
39017,156,147,9,9
39018,146,137,9,9
39019,62,59,3,3
39020,66,78,-12,12
39021,121,122,-1,1
39022,161,143,18,18
39023,102,109,-7,7
39024,67,62,5,5
39025,129,130,-1,1
39026,120,128,-8,8
39027,174,174,0,0
39028,179,172,7,7
39029,92,87,5,5
39030,112,113,-1,1
39031,110,100,10,10
39032,97,98,-1,1
39033,68,62,6,6
39034,117,122,-5,5
39035,155,142,13,13
39036,60,62,-2,2
39037,167,141,26,26
39038,115,111,4,4
39039,134,136,-2,2
39040,48,50,-2,2
39041,89,81,8,8
39042,42,53,-11,11
39043,31,44,-13,13
39044,105,100,5,5
39045,138,131,7,7
39046,97,86,11,11
39047,83,85,-2,2
39048,54,53,1,1
39049,65,63,2,2
39050,94,99,-5,5
39051,86,85,1,1
39052,88,95,-7,7
39053,63,60,3,3
39054,144,143,1,1
39055,62,65,-3,3
39056,63,78,-15,15
39057,98,99,-1,1
39058,60,58,2,2
39059,49,52,-3,3
39060,96,84,12,12
39061,71,77,-6,6
39062,120,113,7,7
39063,150,131,19,19
39064,80,75,5,5
39065,58,62,-4,4
39066,64,70,-6,6
39067,140,140,0,0
39068,124,128,-4,4
39069,97,87,10,10
39070,161,138,23,23
39071,50,64,-14,14
39072,101,108,-7,7
39073,44,52,-8,8
39074,99,104,-5,5
39075,171,158,13,13
39076,43,48,-5,5
39077,93,105,-12,12
39078,139,138,1,1
39079,120,116,4,4
39080,98,107,-9,9
39081,101,104,-3,3
39082,80,76,4,4
39083,63,58,5,5
39084,149,151,-2,2
39085,132,123,9,9
39086,71,74,-3,3
39087,92,100,-8,8
39088,61,75,-14,14
39089,110,111,-1,1
39090,67,66,1,1
39091,38,71,-33,33
39092,89,107,-18,18
39093,86,91,-5,5
39094,157,169,-12,12
39095,63,70,-7,7
39096,56,60,-4,4
39097,96,102,-6,6
39098,58,63,-5,5
39099,164,162,2,2
39100,107,106,1,1
39101,131,119,12,12
39102,119,112,7,7
39103,103,102,1,1
39104,58,59,-1,1
39105,158,141,17,17
39106,148,134,14,14
39107,107,109,-2,2
39108,108,95,13,13
39109,85,70,15,15
39110,76,79,-3,3
39111,72,64,8,8
39112,133,135,-2,2
39113,71,72,-1,1
39114,90,79,11,11
39115,105,105,0,0
39116,107,109,-2,2
39117,84,81,3,3
39118,67,72,-5,5
39119,154,150,4,4
39120,63,73,-10,10
39121,182,162,20,20
39122,130,124,6,6
39123,126,130,-4,4
39124,135,129,6,6
39125,86,85,1,1
39126,90,94,-4,4
39127,69,68,1,1
39128,99,105,-6,6
39129,81,86,-5,5
39130,92,90,2,2
39131,83,80,3,3
39132,76,67,9,9
39133,79,71,8,8
39134,59,62,-3,3
39135,100,102,-2,2
39136,60,67,-7,7
39137,76,79,-3,3
39138,110,98,12,12
39139,112,109,3,3
39140,93,95,-2,2
39141,101,103,-2,2
39142,107,109,-2,2
39143,180,169,11,11
39144,109,109,0,0
39145,85,79,6,6
39146,123,118,5,5
39147,90,93,-3,3
39148,118,116,2,2
39149,108,101,7,7
39150,95,92,3,3
39151,119,115,4,4
39152,115,95,20,20
39153,145,136,9,9
39154,46,56,-10,10
39155,59,62,-3,3
39156,127,134,-7,7
39157,114,113,1,1
39158,101,102,-1,1
39159,134,131,3,3
39160,99,98,1,1
39161,143,136,7,7
39162,136,130,6,6
39163,152,147,5,5
39164,103,100,3,3
39165,79,78,1,1
39166,83,79,4,4
39167,125,112,13,13
39168,74,90,-16,16
39169,44,46,-2,2
39170,100,106,-6,6
39171,111,108,3,3
39172,65,61,4,4
39173,102,99,3,3
39174,109,106,3,3
39175,80,71,9,9
39176,117,114,3,3
39177,121,116,5,5
39178,154,145,9,9
39179,55,60,-5,5
39180,90,93,-3,3
39181,137,114,23,23
39182,53,52,1,1
39183,137,138,-1,1
39184,64,64,0,0
39185,133,119,14,14
39186,38,39,-1,1
39187,105,91,14,14
39188,45,51,-6,6
39189,133,120,13,13
39190,121,122,-1,1
39191,138,126,12,12
39192,84,74,10,10
39193,79,80,-1,1
39194,48,49,-1,1
39195,51,60,-9,9
39196,90,90,0,0
39197,79,77,2,2
39198,73,68,5,5
39199,82,72,10,10
39200,90,95,-5,5
39201,98,76,22,22
39202,56,60,-4,4
39203,100,92,8,8
39204,55,70,-15,15
39205,116,126,-10,10
39206,61,59,2,2
39207,77,73,4,4
39208,131,125,6,6
39209,115,120,-5,5
39210,94,86,8,8
39211,80,80,0,0
39212,57,60,-3,3
39213,112,106,6,6
39214,98,92,6,6
39215,136,139,-3,3
39216,125,111,14,14
39217,90,99,-9,9
39218,81,85,-4,4
39219,123,121,2,2
39220,114,120,-6,6
39221,35,66,-31,31
39222,55,50,5,5
39223,110,104,6,6
39224,52,53,-1,1
39225,191,177,14,14
39226,48,61,-13,13
39227,70,62,8,8
39228,116,116,0,0
39229,114,116,-2,2
39230,71,75,-4,4
39231,130,118,12,12
39232,92,90,2,2
39233,111,114,-3,3
39234,150,148,2,2
39235,112,133,-21,21
39236,85,83,2,2
39237,75,75,0,0
39238,64,66,-2,2
39239,65,66,-1,1
39240,164,156,8,8
39241,63,66,-3,3
39242,105,103,2,2
39243,96,95,1,1
39244,102,87,15,15
39245,84,75,9,9
39246,72,82,-10,10
39247,118,123,-5,5
39248,110,109,1,1
39249,81,89,-8,8
39250,109,114,-5,5
39251,76,71,5,5
39252,64,61,3,3
39253,133,119,14,14
39254,143,129,14,14
39255,72,75,-3,3
39256,74,82,-8,8
39257,41,44,-3,3
39258,65,67,-2,2
39259,73,67,6,6
39260,63,69,-6,6
39261,175,160,15,15
39262,85,101,-16,16
39263,82,81,1,1
39264,48,48,0,0
39265,97,90,7,7
39266,86,91,-5,5
39267,66,70,-4,4
39268,80,74,6,6
39269,84,86,-2,2
39270,90,89,1,1
39271,76,83,-7,7
39272,90,95,-5,5
39273,128,134,-6,6
39274,76,86,-10,10
39275,84,80,4,4
39276,116,116,0,0
39277,72,76,-4,4
39278,88,82,6,6
39279,58,54,4,4
39280,80,75,5,5
39281,122,112,10,10
39282,84,90,-6,6
39283,62,67,-5,5
39284,78,72,6,6
39285,113,114,-1,1
39286,152,148,4,4
39287,68,72,-4,4
39288,72,70,2,2
39289,104,106,-2,2
39290,100,97,3,3
39291,92,88,4,4
39292,95,81,14,14
39293,66,60,6,6
39294,78,83,-5,5
39295,117,104,13,13
39296,109,92,17,17
39297,157,144,13,13
39298,100,85,15,15
39299,101,94,7,7
39300,68,60,8,8
39301,137,119,18,18
39302,144,150,-6,6
39303,152,151,1,1
39304,121,108,13,13
39305,83,85,-2,2
39306,86,99,-13,13
39307,72,65,7,7
39308,82,92,-10,10
39309,115,108,7,7
39310,44,45,-1,1
39311,130,137,-7,7
39312,84,83,1,1
39313,104,100,4,4
39314,70,64,6,6
39315,152,131,21,21
39316,66,67,-1,1
39317,137,113,24,24
39318,86,83,3,3
39319,130,113,17,17
39320,105,96,9,9
39321,79,79,0,0
39322,79,76,3,3
39323,68,63,5,5
39324,86,82,4,4
39325,90,99,-9,9
39326,174,158,16,16
39327,41,48,-7,7
39328,109,95,14,14
39329,98,93,5,5
39330,79,84,-5,5
39331,107,117,-10,10
39332,138,139,-1,1
39333,49,40,9,9
39334,68,77,-9,9
39335,465,360,105,105
39336,102,91,11,11
39337,108,112,-4,4
39338,98,100,-2,2
39339,70,61,9,9
39340,90,89,1,1
39341,103,103,0,0
39342,84,71,13,13
39343,128,138,-10,10
39344,205,184,21,21
39345,149,137,12,12
39346,51,60,-9,9
39347,64,66,-2,2
39348,155,141,14,14
39349,61,65,-4,4
39350,91,88,3,3
39351,69,77,-8,8
39352,51,64,-13,13
39353,59,59,0,0
39354,110,98,12,12
39355,145,131,14,14
39356,86,97,-11,11
39357,192,185,7,7
39358,80,67,13,13
39359,62,60,2,2
39360,116,119,-3,3
39361,94,104,-10,10
39362,60,59,1,1
39363,128,147,-19,19
39364,129,128,1,1
39365,111,113,-2,2
39366,137,136,1,1
39367,164,149,15,15
39368,119,114,5,5
39369,90,87,3,3
39370,114,125,-11,11
39371,26,23,3,3
39372,107,108,-1,1
39373,68,68,0,0
39374,118,122,-4,4
39375,124,118,6,6
39376,170,162,8,8
39377,61,63,-2,2
39378,136,138,-2,2
39379,196,155,41,41
39380,87,71,16,16
39381,95,108,-13,13
39382,108,111,-3,3
39383,151,145,6,6
39384,67,67,0,0
39385,149,146,3,3
39386,113,109,4,4
39387,50,55,-5,5
39388,79,87,-8,8
39389,103,100,3,3
39390,80,78,2,2
39391,172,172,0,0
39392,105,114,-9,9
39393,82,84,-2,2
39394,47,47,0,0
39395,54,46,8,8
39396,80,71,9,9
39397,64,61,3,3
39398,150,141,9,9
39399,134,129,5,5
39400,61,70,-9,9
39401,108,104,4,4
39402,116,120,-4,4
39403,101,120,-19,19
39404,81,79,2,2
39405,90,92,-2,2
39406,71,77,-6,6
39407,119,115,4,4
39408,133,136,-3,3
39409,125,135,-10,10
39410,70,69,1,1
39411,182,171,11,11
39412,114,118,-4,4
39413,136,145,-9,9
39414,76,80,-4,4
39415,114,102,12,12
39416,46,50,-4,4
39417,97,113,-16,16
39418,70,75,-5,5
39419,63,52,11,11
39420,100,93,7,7
39421,114,106,8,8
39422,52,51,1,1
39423,130,130,0,0
39424,108,98,10,10
39425,133,118,15,15
39426,26,39,-13,13
39427,75,77,-2,2
39428,112,120,-8,8
39429,73,66,7,7
39430,44,49,-5,5
39431,75,75,0,0
39432,93,95,-2,2
39433,60,70,-10,10
39434,83,81,2,2
39435,140,129,11,11
39436,100,102,-2,2
39437,107,100,7,7
39438,95,81,14,14
39439,111,99,12,12
39440,112,103,9,9
39441,67,72,-5,5
39442,52,52,0,0
39443,113,100,13,13
39444,77,77,0,0
39445,135,132,3,3
39446,61,60,1,1
39447,58,71,-13,13
39448,60,62,-2,2
39449,100,95,5,5
39450,49,55,-6,6
39451,71,67,4,4
39452,104,103,1,1
39453,49,52,-3,3
39454,141,137,4,4
39455,113,115,-2,2
39456,74,68,6,6
39457,135,138,-3,3
39458,61,65,-4,4
39459,115,117,-2,2
39460,89,97,-8,8
39461,76,71,5,5
39462,111,122,-11,11
39463,61,69,-8,8
39464,54,48,6,6
39465,95,104,-9,9
39466,125,127,-2,2
39467,168,166,2,2
39468,71,67,4,4
39469,80,77,3,3
39470,224,225,-1,1
39471,87,89,-2,2
39472,65,65,0,0
39473,130,137,-7,7
39474,111,115,-4,4
39475,76,69,7,7
39476,111,108,3,3
39477,88,95,-7,7
39478,97,95,2,2
39479,118,117,1,1
39480,93,79,14,14
39481,131,120,11,11
39482,82,85,-3,3
39483,153,143,10,10
39484,76,78,-2,2
39485,105,112,-7,7
39486,38,39,-1,1
39487,56,63,-7,7
39488,75,71,4,4
39489,40,40,0,0
39490,139,141,-2,2
39491,78,96,-18,18
39492,72,73,-1,1
39493,123,134,-11,11
39494,71,68,3,3
39495,144,141,3,3
39496,51,54,-3,3
39497,63,63,0,0
39498,51,52,-1,1
39499,98,96,2,2
39500,83,81,2,2
39501,75,85,-10,10
39502,108,106,2,2
39503,100,95,5,5
39504,61,53,8,8
39505,76,77,-1,1
39506,156,221,-65,65
39507,69,69,0,0
39508,219,208,11,11
39509,112,113,-1,1
39510,86,90,-4,4
39511,53,50,3,3
39512,108,102,6,6
39513,82,81,1,1
39514,89,78,11,11
39515,125,121,4,4
39516,96,115,-19,19
39517,113,110,3,3
39518,61,72,-11,11
39519,39,43,-4,4
39520,65,78,-13,13
39521,101,99,2,2
39522,188,169,19,19
39523,73,70,3,3
39524,51,65,-14,14
39525,126,124,2,2
39526,95,116,-21,21
39527,85,105,-20,20
39528,112,106,6,6
39529,117,119,-2,2
39530,109,93,16,16
39531,47,57,-10,10
39532,63,75,-12,12
39533,92,92,0,0
39534,78,78,0,0
39535,100,93,7,7
39536,137,124,13,13
39537,163,155,8,8
39538,74,81,-7,7
39539,64,75,-11,11
39540,87,73,14,14
39541,87,88,-1,1
39542,120,127,-7,7
39543,129,121,8,8
39544,137,136,1,1
39545,65,62,3,3
39546,67,67,0,0
39547,83,83,0,0
39548,91,87,4,4
39549,88,82,6,6
39550,47,45,2,2
39551,119,119,0,0
39552,76,75,1,1
39553,96,91,5,5
39554,69,76,-7,7
39555,91,92,-1,1
39556,95,96,-1,1
39557,89,99,-10,10
39558,89,83,6,6
39559,106,104,2,2
39560,86,66,20,20
39561,119,109,10,10
39562,76,81,-5,5
39563,95,87,8,8
39564,93,84,9,9
39565,93,79,14,14
39566,87,88,-1,1
39567,142,145,-3,3
39568,81,81,0,0
39569,54,48,6,6
39570,131,125,6,6
39571,53,56,-3,3
39572,132,135,-3,3
39573,83,83,0,0
39574,77,68,9,9
39575,86,95,-9,9
39576,135,126,9,9
39577,114,109,5,5
39578,75,86,-11,11
39579,62,74,-12,12
39580,96,90,6,6
39581,88,81,7,7
39582,58,60,-2,2
39583,55,64,-9,9
39584,70,67,3,3
39585,162,150,12,12
39586,98,88,10,10
39587,73,65,8,8
39588,52,55,-3,3
39589,86,82,4,4
39590,133,121,12,12
39591,102,102,0,0
39592,137,135,2,2
39593,58,53,5,5
39594,94,78,16,16
39595,158,149,9,9
39596,88,90,-2,2
39597,81,91,-10,10
39598,88,76,12,12
39599,170,177,-7,7
39600,132,127,5,5
39601,160,160,0,0
39602,69,71,-2,2
39603,78,77,1,1
39604,47,65,-18,18
39605,122,121,1,1
39606,46,63,-17,17
39607,81,86,-5,5
39608,173,180,-7,7
39609,36,107,-71,71
39610,84,74,10,10
39611,118,103,15,15
39612,113,101,12,12
39613,162,161,1,1
39614,98,109,-11,11
39615,96,95,1,1
39616,71,74,-3,3
39617,68,65,3,3
39618,85,82,3,3
39619,34,61,-27,27
39620,69,81,-12,12
39621,69,72,-3,3
39622,128,119,9,9
39623,99,102,-3,3
39624,121,123,-2,2
39625,179,166,13,13
39626,92,99,-7,7
39627,171,177,-6,6
39628,94,98,-4,4
39629,112,115,-3,3
39630,79,73,6,6
39631,57,67,-10,10
39632,72,80,-8,8
39633,161,141,20,20
39634,132,127,5,5
39635,126,118,8,8
39636,78,83,-5,5
39637,72,69,3,3
39638,88,93,-5,5
39639,93,92,1,1
39640,56,53,3,3
39641,179,164,15,15
39642,99,96,3,3
39643,143,128,15,15
39644,25,36,-11,11
39645,85,77,8,8
39646,50,53,-3,3
39647,110,105,5,5
39648,133,125,8,8
39649,103,97,6,6
39650,149,148,1,1
39651,146,151,-5,5
39652,65,69,-4,4
39653,117,132,-15,15
39654,53,51,2,2
39655,155,143,12,12
39656,127,129,-2,2
39657,87,90,-3,3
39658,167,155,12,12
39659,74,71,3,3
39660,65,70,-5,5
39661,50,51,-1,1
39662,109,108,1,1
39663,65,64,1,1
39664,98,93,5,5
39665,128,124,4,4
39666,132,133,-1,1
39667,174,176,-2,2
39668,81,83,-2,2
39669,69,71,-2,2
39670,77,69,8,8
39671,69,69,0,0
39672,68,71,-3,3
39673,132,134,-2,2
39674,152,167,-15,15
39675,87,87,0,0
39676,30,37,-7,7
39677,98,86,12,12
39678,99,95,4,4
39679,116,116,0,0
39680,100,98,2,2
39681,137,129,8,8
39682,63,63,0,0
39683,82,89,-7,7
39684,99,115,-16,16
39685,58,60,-2,2
39686,68,67,1,1
39687,121,113,8,8
39688,91,78,13,13
39689,61,78,-17,17
39690,46,46,0,0
39691,107,117,-10,10
39692,80,75,5,5
39693,78,83,-5,5
39694,83,76,7,7
39695,139,137,2,2
39696,113,118,-5,5
39697,109,114,-5,5
39698,168,163,5,5
39699,148,141,7,7
39700,90,82,8,8
39701,49,52,-3,3
39702,91,99,-8,8
39703,48,48,0,0
39704,99,103,-4,4
39705,125,130,-5,5
39706,77,97,-20,20
39707,89,85,4,4
39708,85,76,9,9
39709,85,79,6,6
39710,60,67,-7,7
39711,100,97,3,3
39712,61,64,-3,3
39713,87,88,-1,1
39714,79,82,-3,3
39715,48,49,-1,1
39716,90,99,-9,9
39717,85,82,3,3
39718,77,71,6,6
39719,56,61,-5,5
39720,55,53,2,2
39721,148,145,3,3
39722,108,101,7,7
39723,69,64,5,5
39724,151,141,10,10
39725,98,81,17,17
39726,87,88,-1,1
39727,76,71,5,5
39728,84,78,6,6
39729,39,43,-4,4
39730,105,102,3,3
39731,68,91,-23,23
39732,58,70,-12,12
39733,81,81,0,0
39734,108,110,-2,2
39735,98,101,-3,3
39736,148,130,18,18
39737,71,74,-3,3
39738,108,101,7,7
39739,68,74,-6,6
39740,82,85,-3,3
39741,159,143,16,16
39742,109,99,10,10
39743,113,107,6,6
39744,106,103,3,3
39745,124,115,9,9
39746,74,73,1,1
39747,23,31,-8,8
39748,94,86,8,8
39749,69,69,0,0
39750,63,71,-8,8
39751,49,53,-4,4
39752,83,78,5,5
39753,65,62,3,3
39754,122,95,27,27
39755,110,109,1,1
39756,145,142,3,3
39757,128,112,16,16
39758,61,53,8,8
39759,135,127,8,8
39760,62,50,12,12
39761,143,126,17,17
39762,59,60,-1,1
39763,133,132,1,1
39764,84,90,-6,6
39765,127,122,5,5
39766,75,73,2,2
39767,128,125,3,3
39768,85,91,-6,6
39769,127,112,15,15
39770,66,75,-9,9
39771,45,60,-15,15
39772,89,89,0,0
39773,82,80,2,2
39774,98,92,6,6
39775,51,69,-18,18
39776,112,115,-3,3
39777,70,74,-4,4
39778,75,57,18,18
39779,97,95,2,2
39780,59,73,-14,14
39781,51,45,6,6
39782,53,54,-1,1
39783,56,72,-16,16
39784,67,60,7,7
39785,66,70,-4,4
39786,89,87,2,2
39787,94,84,10,10
39788,77,81,-4,4
39789,41,45,-4,4
39790,85,85,0,0
39791,72,68,4,4
39792,108,109,-1,1
39793,105,104,1,1
39794,67,71,-4,4
39795,97,92,5,5
39796,76,77,-1,1
39797,133,145,-12,12
39798,93,90,3,3
39799,40,46,-6,6
39800,66,61,5,5
39801,43,45,-2,2
39802,145,135,10,10
39803,135,118,17,17
39804,64,67,-3,3
39805,76,90,-14,14
39806,55,54,1,1
39807,78,69,9,9
39808,103,99,4,4
39809,141,146,-5,5
39810,152,155,-3,3
39811,110,118,-8,8
39812,122,113,9,9
39813,78,80,-2,2
39814,82,80,2,2
39815,104,91,13,13
39816,112,104,8,8
39817,69,63,6,6
39818,48,50,-2,2
39819,60,64,-4,4
39820,54,50,4,4
39821,128,119,9,9
39822,61,55,6,6
39823,108,123,-15,15
39824,86,87,-1,1
39825,74,81,-7,7
39826,168,164,4,4
39827,76,72,4,4
39828,80,80,0,0
39829,96,91,5,5
39830,74,68,6,6
39831,59,55,4,4
39832,143,140,3,3
39833,68,59,9,9
39834,76,79,-3,3
39835,97,99,-2,2
39836,66,66,0,0
39837,94,93,1,1
39838,159,152,7,7
39839,76,63,13,13
39840,121,124,-3,3
39841,123,127,-4,4
39842,80,81,-1,1
39843,77,79,-2,2
39844,52,59,-7,7
39845,115,123,-8,8
39846,180,160,20,20
39847,70,69,1,1
39848,79,82,-3,3
39849,112,98,14,14
39850,89,91,-2,2
39851,83,81,2,2
39852,108,113,-5,5
39853,67,68,-1,1
39854,86,83,3,3
39855,82,88,-6,6
39856,156,155,1,1
39857,141,130,11,11
39858,154,147,7,7
39859,63,65,-2,2
39860,52,49,3,3
39861,122,112,10,10
39862,69,77,-8,8
39863,93,87,6,6
39864,106,112,-6,6
39865,76,85,-9,9
39866,97,86,11,11
39867,96,98,-2,2
39868,116,118,-2,2
39869,98,101,-3,3
39870,89,85,4,4
39871,137,137,0,0
39872,88,73,15,15
39873,115,116,-1,1
39874,135,133,2,2
39875,99,101,-2,2
39876,68,70,-2,2
39877,98,98,0,0
39878,119,115,4,4
39879,77,74,3,3
39880,74,82,-8,8
39881,115,109,6,6
39882,67,68,-1,1
39883,79,83,-4,4
39884,107,111,-4,4
39885,83,84,-1,1
39886,74,81,-7,7
39887,160,158,2,2
39888,56,65,-9,9
39889,74,74,0,0
39890,95,96,-1,1
39891,141,149,-8,8
39892,98,98,0,0
39893,84,84,0,0
39894,118,111,7,7
39895,58,51,7,7
39896,54,61,-7,7
39897,74,75,-1,1
39898,69,70,-1,1
39899,123,109,14,14
39900,59,59,0,0
39901,50,53,-3,3
39902,56,51,5,5
39903,55,61,-6,6
39904,145,133,12,12
39905,89,87,2,2
39906,74,64,10,10
39907,67,70,-3,3
39908,100,103,-3,3
39909,99,100,-1,1
39910,64,68,-4,4
39911,49,59,-10,10
39912,144,144,0,0
39913,65,66,-1,1
39914,57,56,1,1
39915,74,77,-3,3
39916,82,86,-4,4
39917,80,73,7,7
39918,167,183,-16,16
39919,55,47,8,8
39920,98,102,-4,4
39921,69,72,-3,3
39922,60,62,-2,2
39923,149,145,4,4
39924,170,163,7,7
39925,56,59,-3,3
39926,120,115,5,5
39927,114,116,-2,2
39928,123,121,2,2
39929,67,75,-8,8
39930,145,141,4,4
39931,72,71,1,1
39932,85,81,4,4
39933,117,112,5,5
39934,87,107,-20,20
39935,66,71,-5,5
39936,116,122,-6,6
39937,53,64,-11,11
39938,109,104,5,5
39939,26,33,-7,7
39940,51,52,-1,1
39941,65,58,7,7
39942,89,80,9,9
39943,110,94,16,16
39944,70,71,-1,1
39945,46,49,-3,3
39946,119,115,4,4
39947,127,120,7,7
39948,95,87,8,8
39949,68,67,1,1
39950,73,72,1,1
39951,112,105,7,7
39952,152,159,-7,7
39953,83,83,0,0
39954,115,112,3,3
39955,131,113,18,18
39956,49,47,2,2
39957,118,98,20,20
39958,94,81,13,13
39959,120,120,0,0
39960,64,75,-11,11
39961,145,138,7,7
39962,63,67,-4,4
39963,62,61,1,1
39964,55,52,3,3
39965,113,119,-6,6
39966,62,70,-8,8
39967,80,78,2,2
39968,100,93,7,7
39969,72,76,-4,4
39970,75,71,4,4
39971,104,100,4,4
39972,56,51,5,5
39973,116,130,-14,14
39974,87,90,-3,3
39975,109,109,0,0
39976,107,113,-6,6
39977,63,65,-2,2
39978,127,132,-5,5
39979,124,110,14,14
39980,67,64,3,3
39981,229,187,42,42
39982,144,127,17,17
39983,110,111,-1,1
39984,70,66,4,4
39985,102,99,3,3
39986,153,135,18,18
39987,82,83,-1,1
39988,50,52,-2,2
39989,54,62,-8,8
39990,97,90,7,7
39991,75,79,-4,4
39992,83,76,7,7
39993,88,82,6,6
39994,129,123,6,6
39995,91,77,14,14
39996,115,100,15,15
39997,96,94,2,2
39998,177,174,3,3
39999,109,108,1,1
40000,91,88,3,3
40001,102,101,1,1
40002,75,68,7,7
40003,67,68,-1,1
40004,85,86,-1,1
40005,133,125,8,8
40006,122,116,6,6
40007,99,100,-1,1
40008,72,75,-3,3
40009,80,83,-3,3
40010,61,61,0,0
40011,118,109,9,9
40012,112,113,-1,1
40013,69,76,-7,7
40014,156,154,2,2
40015,140,137,3,3
40016,55,51,4,4
40017,85,90,-5,5
40018,104,94,10,10
40019,113,107,6,6
40020,61,66,-5,5
40021,110,117,-7,7
40022,142,126,16,16
40023,93,90,3,3
40024,49,53,-4,4
40025,139,140,-1,1
40026,42,46,-4,4
40027,80,73,7,7
40028,138,135,3,3
40029,148,148,0,0
40030,28,45,-17,17
40031,54,60,-6,6
40032,85,73,12,12
40033,84,83,1,1
40034,161,146,15,15
40035,80,80,0,0
40036,108,124,-16,16
40037,91,91,0,0
40038,92,84,8,8
40039,92,99,-7,7
40040,91,85,6,6
40041,146,133,13,13
40042,59,67,-8,8
40043,109,100,9,9
40044,67,70,-3,3
40045,89,91,-2,2
40046,156,144,12,12
40047,106,101,5,5
40048,71,74,-3,3
40049,161,152,9,9
40050,97,93,4,4
40051,95,89,6,6
40052,128,129,-1,1
40053,79,92,-13,13
40054,127,136,-9,9
40055,88,89,-1,1
40056,63,67,-4,4
40057,47,46,1,1
40058,67,79,-12,12
40059,44,41,3,3
40060,70,63,7,7
40061,59,51,8,8
40062,115,113,2,2
40063,123,128,-5,5
40064,49,49,0,0
40065,81,80,1,1
40066,55,59,-4,4
40067,105,95,10,10
40068,120,120,0,0
40069,95,99,-4,4
40070,73,81,-8,8
40071,76,78,-2,2
40072,95,90,5,5
40073,35,42,-7,7
40074,85,79,6,6
40075,65,78,-13,13
40076,125,126,-1,1
40077,62,63,-1,1
40078,95,96,-1,1
40079,139,136,3,3
40080,77,85,-8,8
40081,65,65,0,0
40082,53,53,0,0
40083,83,70,13,13
40084,62,52,10,10
40085,74,73,1,1
40086,32,39,-7,7
40087,67,67,0,0
40088,134,121,13,13
40089,78,83,-5,5
40090,88,82,6,6
40091,81,85,-4,4
40092,60,63,-3,3
40093,117,102,15,15
40094,61,64,-3,3
40095,147,144,3,3
40096,217,196,21,21
40097,84,83,1,1
40098,67,67,0,0
40099,158,174,-16,16
40100,51,60,-9,9
40101,91,92,-1,1
40102,72,66,6,6
40103,121,124,-3,3
40104,76,69,7,7
40105,117,111,6,6
40106,63,61,2,2
40107,82,89,-7,7
40108,87,97,-10,10
40109,77,73,4,4
40110,67,71,-4,4
40111,129,110,19,19
40112,56,59,-3,3
40113,60,66,-6,6
40114,130,118,12,12
40115,106,118,-12,12
40116,73,65,8,8
40117,89,89,0,0
40118,85,94,-9,9
40119,71,67,4,4
40120,206,199,7,7
40121,142,147,-5,5
40122,106,106,0,0
40123,98,96,2,2
40124,60,69,-9,9
40125,113,114,-1,1
40126,57,63,-6,6
40127,73,67,6,6
40128,186,157,29,29
40129,87,92,-5,5
40130,122,118,4,4
40131,80,87,-7,7
40132,130,116,14,14
40133,106,105,1,1
40134,175,196,-21,21
40135,135,134,1,1
40136,115,110,5,5
40137,80,75,5,5
40138,125,111,14,14
40139,85,95,-10,10
40140,85,76,9,9
40141,143,138,5,5
40142,92,88,4,4
40143,74,60,14,14
40144,66,76,-10,10
40145,68,66,2,2
40146,103,96,7,7
40147,82,82,0,0
40148,57,59,-2,2
40149,102,110,-8,8
40150,117,118,-1,1
40151,79,83,-4,4
40152,179,154,25,25
40153,111,117,-6,6
40154,59,63,-4,4
40155,90,84,6,6
40156,82,109,-27,27
40157,120,116,4,4
40158,89,89,0,0
40159,76,74,2,2
40160,74,68,6,6
40161,54,57,-3,3
40162,51,62,-11,11
40163,71,73,-2,2
40164,116,96,20,20
40165,84,77,7,7
40166,107,99,8,8
40167,83,80,3,3
40168,170,162,8,8
40169,118,118,0,0
40170,115,110,5,5
40171,78,90,-12,12
40172,155,149,6,6
40173,143,146,-3,3
40174,80,87,-7,7
40175,64,76,-12,12
40176,97,87,10,10
40177,92,91,1,1
40178,63,65,-2,2
40179,196,175,21,21
40180,70,80,-10,10
40181,95,93,2,2
40182,73,74,-1,1
40183,64,72,-8,8
40184,86,97,-11,11
40185,93,97,-4,4
40186,81,76,5,5
40187,132,106,26,26
40188,89,70,19,19
40189,80,72,8,8
40190,61,63,-2,2
40191,148,154,-6,6
40192,104,100,4,4
40193,105,106,-1,1
40194,94,88,6,6
40195,72,75,-3,3
40196,71,68,3,3
40197,115,113,2,2
40198,100,95,5,5
40199,64,65,-1,1
40200,88,91,-3,3
40201,175,182,-7,7
40202,153,162,-9,9
40203,58,54,4,4
40204,143,148,-5,5
40205,49,48,1,1
40206,62,59,3,3
40207,72,72,0,0
40208,112,110,2,2
40209,90,85,5,5
40210,88,84,4,4
40211,92,86,6,6
40212,25,62,-37,37
40213,97,95,2,2
40214,133,124,9,9
40215,86,89,-3,3
40216,81,78,3,3
40217,164,155,9,9
40218,64,59,5,5
40219,79,74,5,5
40220,108,106,2,2
40221,62,71,-9,9
40222,84,84,0,0
40223,187,187,0,0
40224,70,79,-9,9
40225,119,106,13,13
40226,86,95,-9,9
40227,118,113,5,5
40228,79,84,-5,5
40229,77,77,0,0
40230,85,92,-7,7
40231,107,93,14,14
40232,76,78,-2,2
40233,54,46,8,8
40234,66,67,-1,1
40235,64,70,-6,6
40236,56,44,12,12
40237,147,156,-9,9
40238,92,76,16,16
40239,119,113,6,6
40240,61,73,-12,12
40241,112,105,7,7
40242,116,123,-7,7
40243,68,79,-11,11
40244,153,148,5,5
40245,114,124,-10,10
40246,115,112,3,3
40247,91,90,1,1
40248,68,71,-3,3
40249,111,106,5,5
40250,79,68,11,11
40251,57,66,-9,9
40252,114,117,-3,3
40253,66,71,-5,5
40254,96,84,12,12
40255,83,94,-11,11
40256,93,83,10,10
40257,83,74,9,9
40258,80,73,7,7
40259,82,80,2,2
40260,114,113,1,1
40261,49,62,-13,13
40262,67,74,-7,7
40263,79,78,1,1
40264,77,80,-3,3
40265,64,70,-6,6
40266,177,168,9,9
40267,71,74,-3,3
40268,99,91,8,8
40269,90,87,3,3
40270,107,104,3,3
40271,103,94,9,9
40272,144,142,2,2
40273,81,76,5,5
40274,69,70,-1,1
40275,63,82,-19,19
40276,105,106,-1,1
40277,100,89,11,11
40278,118,123,-5,5
40279,89,76,13,13
40280,90,86,4,4
40281,88,90,-2,2
40282,69,65,4,4
40283,59,52,7,7
40284,84,80,4,4
40285,143,145,-2,2
40286,112,124,-12,12
40287,143,156,-13,13
40288,78,82,-4,4
40289,38,44,-6,6
40290,107,93,14,14
40291,57,63,-6,6
40292,62,93,-31,31
40293,79,82,-3,3
40294,72,77,-5,5
40295,85,81,4,4
40296,83,87,-4,4
40297,69,68,1,1
40298,62,59,3,3
40299,80,85,-5,5
40300,55,63,-8,8
40301,77,68,9,9
40302,77,84,-7,7
40303,81,90,-9,9
40304,88,81,7,7
40305,75,86,-11,11
40306,103,104,-1,1
40307,63,62,1,1
40308,115,102,13,13
40309,149,152,-3,3
40310,48,48,0,0
40311,67,62,5,5
40312,167,148,19,19
40313,116,116,0,0
40314,40,46,-6,6
40315,93,94,-1,1
40316,98,90,8,8
40317,105,96,9,9
40318,150,138,12,12
40319,174,149,25,25
40320,156,138,18,18
40321,61,93,-32,32
40322,124,131,-7,7
40323,61,59,2,2
40324,58,59,-1,1
40325,147,151,-4,4
40326,80,88,-8,8
40327,115,105,10,10
40328,139,139,0,0
40329,73,75,-2,2
40330,208,204,4,4
40331,92,97,-5,5
40332,63,58,5,5
40333,126,122,4,4
40334,31,36,-5,5
40335,55,71,-16,16
40336,154,149,5,5
40337,110,108,2,2
40338,62,59,3,3
40339,124,122,2,2
40340,81,75,6,6
40341,78,66,12,12
40342,122,135,-13,13
40343,110,119,-9,9
40344,100,85,15,15
40345,112,109,3,3
40346,58,55,3,3
40347,92,87,5,5
40348,143,141,2,2
40349,76,72,4,4
40350,62,71,-9,9
40351,72,78,-6,6
40352,96,99,-3,3
40353,98,94,4,4
40354,209,186,23,23
40355,81,79,2,2
40356,65,71,-6,6
40357,111,100,11,11
40358,158,150,8,8
40359,106,107,-1,1
40360,124,112,12,12
40361,90,82,8,8
40362,95,92,3,3
40363,86,89,-3,3
40364,89,82,7,7
40365,59,69,-10,10
40366,132,120,12,12
40367,91,75,16,16
40368,90,82,8,8
40369,85,84,1,1
40370,77,89,-12,12
40371,68,61,7,7
40372,77,86,-9,9
40373,125,131,-6,6
40374,53,51,2,2
40375,100,108,-8,8
40376,128,127,1,1
40377,78,72,6,6
40378,73,93,-20,20
40379,79,76,3,3
40380,89,92,-3,3
40381,101,101,0,0
40382,93,106,-13,13
40383,93,93,0,0
40384,62,64,-2,2
40385,113,116,-3,3
40386,117,112,5,5
40387,133,125,8,8
40388,107,113,-6,6
40389,64,88,-24,24
40390,48,50,-2,2
40391,103,102,1,1
40392,91,97,-6,6
40393,121,127,-6,6
40394,109,110,-1,1
40395,92,93,-1,1
40396,118,105,13,13
40397,82,85,-3,3
40398,76,66,10,10
40399,98,92,6,6
40400,118,110,8,8
40401,124,132,-8,8
40402,120,99,21,21
40403,85,91,-6,6
40404,112,111,1,1
40405,88,87,1,1
40406,65,59,6,6
40407,48,49,-1,1
40408,66,75,-9,9
40409,106,84,22,22
40410,174,148,26,26
40411,161,152,9,9
40412,42,70,-28,28
40413,65,72,-7,7
40414,47,55,-8,8
40415,100,112,-12,12
40416,91,88,3,3
40417,59,60,-1,1
40418,77,87,-10,10
40419,83,78,5,5
40420,91,87,4,4
40421,91,86,5,5
40422,163,162,1,1
40423,89,85,4,4
40424,144,150,-6,6
40425,107,112,-5,5
40426,75,73,2,2
40427,210,211,-1,1
40428,168,160,8,8
40429,116,111,5,5
40430,67,75,-8,8
40431,66,68,-2,2
40432,23,39,-16,16
40433,99,93,6,6
40434,66,64,2,2
40435,56,59,-3,3
40436,92,84,8,8
40437,132,126,6,6
40438,67,73,-6,6
40439,42,38,4,4
40440,123,124,-1,1
40441,44,46,-2,2
40442,117,116,1,1
40443,109,107,2,2
40444,106,100,6,6
40445,92,95,-3,3
40446,88,79,9,9
40447,74,75,-1,1
40448,114,127,-13,13
40449,146,132,14,14
40450,105,101,4,4
40451,91,96,-5,5
40452,124,120,4,4
40453,178,171,7,7
40454,98,91,7,7
40455,145,152,-7,7
40456,76,77,-1,1
40457,100,101,-1,1
40458,128,108,20,20
40459,152,148,4,4
40460,40,46,-6,6
40461,65,72,-7,7
40462,107,112,-5,5
40463,90,85,5,5
40464,100,107,-7,7
40465,71,80,-9,9
40466,55,62,-7,7
40467,80,81,-1,1
40468,131,119,12,12
40469,28,40,-12,12
40470,93,95,-2,2
40471,149,158,-9,9
40472,88,89,-1,1
40473,50,58,-8,8
40474,82,90,-8,8
40475,125,117,8,8
40476,131,117,14,14
40477,93,100,-7,7
40478,83,80,3,3
40479,149,157,-8,8
40480,74,80,-6,6
40481,124,126,-2,2
40482,174,154,20,20
40483,83,110,-27,27
40484,119,120,-1,1
40485,85,79,6,6
40486,70,66,4,4
40487,197,192,5,5
40488,131,125,6,6
40489,130,118,12,12
40490,73,78,-5,5
40491,97,93,4,4
40492,85,93,-8,8
40493,198,175,23,23
40494,100,93,7,7
40495,81,88,-7,7
40496,71,77,-6,6
40497,97,98,-1,1
40498,77,89,-12,12
40499,88,88,0,0
40500,90,82,8,8
40501,74,74,0,0
40502,70,71,-1,1
40503,63,60,3,3
40504,149,137,12,12
40505,97,85,12,12
40506,65,71,-6,6
40507,81,78,3,3
40508,100,98,2,2
40509,79,90,-11,11
40510,106,106,0,0
40511,79,83,-4,4
40512,137,136,1,1
40513,82,89,-7,7
40514,68,56,12,12
40515,100,92,8,8
40516,40,47,-7,7
40517,57,53,4,4
40518,73,80,-7,7
40519,85,88,-3,3
40520,135,129,6,6
40521,126,126,0,0
40522,158,156,2,2
40523,110,105,5,5
40524,125,133,-8,8
40525,115,109,6,6
40526,112,114,-2,2
40527,71,77,-6,6
40528,121,138,-17,17
40529,97,105,-8,8
40530,104,100,4,4
40531,97,96,1,1
40532,54,57,-3,3
40533,76,76,0,0
40534,132,112,20,20
40535,98,105,-7,7
40536,107,105,2,2
40537,119,111,8,8
40538,125,121,4,4
40539,96,99,-3,3
40540,49,53,-4,4
40541,89,78,11,11
40542,101,92,9,9
40543,86,93,-7,7
40544,43,45,-2,2
40545,40,35,5,5
40546,109,110,-1,1
40547,49,52,-3,3
40548,99,103,-4,4
40549,120,97,23,23
40550,70,82,-12,12
40551,177,165,12,12
40552,59,71,-12,12
40553,90,91,-1,1
40554,99,95,4,4
40555,99,99,0,0
40556,113,102,11,11
40557,87,81,6,6
40558,120,118,2,2
40559,122,108,14,14
40560,156,150,6,6
40561,90,80,10,10
40562,109,107,2,2
40563,59,69,-10,10
40564,110,113,-3,3
40565,64,64,0,0
40566,76,77,-1,1
40567,93,89,4,4
40568,81,86,-5,5
40569,155,149,6,6
40570,77,88,-11,11
40571,52,52,0,0
40572,48,54,-6,6
40573,94,96,-2,2
40574,72,79,-7,7
40575,78,92,-14,14
40576,108,103,5,5
40577,74,84,-10,10
40578,67,66,1,1
40579,88,84,4,4
40580,127,127,0,0
40581,88,105,-17,17
40582,53,72,-19,19
40583,101,101,0,0
40584,105,103,2,2
40585,120,119,1,1
40586,63,69,-6,6
40587,50,54,-4,4
40588,67,65,2,2
40589,121,123,-2,2
40590,76,76,0,0
40591,95,74,21,21
40592,97,95,2,2
40593,63,72,-9,9
40594,135,130,5,5
40595,61,61,0,0
40596,79,77,2,2
40597,133,128,5,5
40598,97,103,-6,6
40599,78,68,10,10
40600,96,89,7,7
40601,47,48,-1,1
40602,139,122,17,17
40603,99,94,5,5
40604,113,99,14,14
40605,94,90,4,4
40606,100,104,-4,4
40607,71,79,-8,8
40608,102,107,-5,5
40609,113,110,3,3
40610,85,84,1,1
40611,75,64,11,11
40612,62,54,8,8
40613,111,86,25,25
40614,80,75,5,5
40615,117,115,2,2
40616,107,106,1,1
40617,75,77,-2,2
40618,82,84,-2,2
40619,73,77,-4,4
40620,110,109,1,1
40621,115,110,5,5
40622,151,147,4,4
40623,60,62,-2,2
40624,51,52,-1,1
40625,76,72,4,4
40626,115,108,7,7
40627,79,79,0,0
40628,85,87,-2,2
40629,84,87,-3,3
40630,136,122,14,14
40631,76,78,-2,2
40632,30,42,-12,12
40633,141,136,5,5
40634,83,78,5,5
40635,81,87,-6,6
40636,79,87,-8,8
40637,113,111,2,2
40638,88,83,5,5
40639,145,171,-26,26
40640,156,153,3,3
40641,80,91,-11,11
40642,103,100,3,3
40643,116,113,3,3
40644,76,67,9,9
40645,123,123,0,0
40646,93,91,2,2
40647,103,109,-6,6
40648,67,64,3,3
40649,102,109,-7,7
40650,92,86,6,6
40651,86,87,-1,1
40652,56,60,-4,4
40653,80,85,-5,5
40654,137,135,2,2
40655,48,54,-6,6
40656,87,71,16,16
40657,112,118,-6,6
40658,74,67,7,7
40659,87,84,3,3
40660,101,108,-7,7
40661,58,64,-6,6
40662,116,108,8,8
40663,97,91,6,6
40664,65,63,2,2
40665,98,88,10,10
40666,98,88,10,10
40667,156,147,9,9
40668,88,89,-1,1
40669,85,92,-7,7
40670,64,56,8,8
40671,72,73,-1,1
40672,107,113,-6,6
40673,87,100,-13,13
40674,115,113,2,2
40675,102,92,10,10
40676,120,111,9,9
40677,87,93,-6,6
40678,81,82,-1,1
40679,53,59,-6,6
40680,71,84,-13,13
40681,78,78,0,0
40682,104,100,4,4
40683,113,120,-7,7
40684,51,45,6,6
40685,65,74,-9,9
40686,109,129,-20,20
40687,78,87,-9,9
40688,105,94,11,11
40689,93,101,-8,8
40690,103,99,4,4
40691,113,97,16,16
40692,77,86,-9,9
40693,135,127,8,8
40694,82,70,12,12
40695,84,83,1,1
40696,56,64,-8,8
40697,54,52,2,2
40698,146,132,14,14
40699,149,142,7,7
40700,91,84,7,7
40701,61,59,2,2
40702,117,126,-9,9
40703,46,44,2,2
40704,159,156,3,3
40705,94,85,9,9
40706,153,138,15,15
40707,108,103,5,5
40708,85,78,7,7
40709,69,73,-4,4
40710,295,246,49,49
40711,74,80,-6,6
40712,103,100,3,3
40713,80,77,3,3
40714,68,72,-4,4
40715,120,123,-3,3
40716,86,86,0,0
40717,118,115,3,3
40718,74,79,-5,5
40719,99,85,14,14
40720,76,72,4,4
40721,134,122,12,12
40722,97,106,-9,9
40723,66,72,-6,6
40724,92,100,-8,8
40725,50,49,1,1
40726,83,89,-6,6
40727,98,99,-1,1
40728,72,71,1,1
40729,71,68,3,3
40730,71,78,-7,7
40731,78,84,-6,6
40732,81,84,-3,3
40733,126,128,-2,2
40734,71,70,1,1
40735,70,69,1,1
40736,141,138,3,3
40737,75,67,8,8
40738,85,77,8,8
40739,89,90,-1,1
40740,82,86,-4,4
40741,174,159,15,15
40742,77,75,2,2
40743,113,118,-5,5
40744,165,164,1,1
40745,55,51,4,4
40746,94,80,14,14
40747,81,86,-5,5
40748,103,98,5,5
40749,87,81,6,6
40750,68,84,-16,16
40751,205,214,-9,9
40752,85,84,1,1
40753,66,67,-1,1
40754,68,69,-1,1
40755,87,87,0,0
40756,101,92,9,9
40757,115,111,4,4
40758,69,67,2,2
40759,144,137,7,7
40760,97,99,-2,2
40761,107,108,-1,1
40762,88,98,-10,10
40763,138,133,5,5
40764,90,77,13,13
40765,129,136,-7,7
40766,66,64,2,2
40767,75,77,-2,2
40768,118,111,7,7
40769,99,95,4,4
40770,77,73,4,4
40771,89,88,1,1
40772,95,98,-3,3
40773,56,52,4,4
40774,115,113,2,2
40775,59,60,-1,1
40776,117,116,1,1
40777,110,112,-2,2
40778,120,103,17,17
40779,98,81,17,17
40780,121,121,0,0
40781,100,83,17,17
40782,85,84,1,1
40783,106,103,3,3
40784,165,154,11,11
40785,65,74,-9,9
40786,58,60,-2,2
40787,165,157,8,8
40788,56,61,-5,5
40789,62,71,-9,9
40790,85,75,10,10
40791,93,96,-3,3
40792,57,62,-5,5
40793,97,97,0,0
40794,96,100,-4,4
40795,45,46,-1,1
40796,114,114,0,0
40797,77,69,8,8
40798,77,84,-7,7
40799,89,83,6,6
40800,70,69,1,1
40801,84,89,-5,5
40802,89,106,-17,17
40803,104,108,-4,4
40804,88,85,3,3
40805,68,68,0,0
40806,67,67,0,0
40807,51,52,-1,1
40808,144,150,-6,6
40809,135,134,1,1
40810,89,90,-1,1
40811,122,117,5,5
40812,110,101,9,9
40813,81,81,0,0
40814,147,157,-10,10
40815,60,61,-1,1
40816,137,145,-8,8
40817,110,111,-1,1
40818,125,123,2,2
40819,89,91,-2,2
40820,129,141,-12,12
40821,70,60,10,10
40822,149,153,-4,4
40823,72,91,-19,19
40824,96,102,-6,6
40825,76,80,-4,4
40826,154,151,3,3
40827,220,198,22,22
40828,106,108,-2,2
40829,95,100,-5,5
40830,158,163,-5,5
40831,140,139,1,1
40832,86,88,-2,2
40833,96,81,15,15
40834,100,95,5,5
40835,70,70,0,0
40836,64,64,0,0
40837,147,142,5,5
40838,75,77,-2,2
40839,80,77,3,3
40840,161,145,16,16
40841,83,102,-19,19
40842,89,80,9,9
40843,169,159,10,10
40844,85,84,1,1
40845,151,155,-4,4
40846,85,79,6,6
40847,61,68,-7,7
40848,62,60,2,2
40849,118,112,6,6
40850,97,93,4,4
40851,118,113,5,5
40852,104,92,12,12
40853,44,47,-3,3
40854,101,95,6,6
40855,69,72,-3,3
40856,52,50,2,2
40857,115,116,-1,1
40858,56,54,2,2
40859,110,119,-9,9
40860,96,118,-22,22
40861,88,84,4,4
40862,94,96,-2,2
40863,60,59,1,1
40864,108,106,2,2
40865,114,101,13,13
40866,87,86,1,1
40867,102,98,4,4
40868,75,69,6,6
40869,56,54,2,2
40870,123,128,-5,5
40871,29,43,-14,14
40872,70,84,-14,14
40873,87,84,3,3
40874,48,60,-12,12
40875,108,104,4,4
40876,164,167,-3,3
40877,125,110,15,15
40878,66,65,1,1
40879,190,179,11,11
40880,91,88,3,3
40881,116,94,22,22
40882,96,95,1,1
40883,86,82,4,4
40884,157,165,-8,8
40885,149,138,11,11
40886,54,58,-4,4
40887,81,84,-3,3
40888,97,103,-6,6
40889,128,122,6,6
40890,96,96,0,0
40891,121,122,-1,1
40892,131,126,5,5
40893,133,120,13,13
40894,130,127,3,3
40895,97,88,9,9
40896,68,74,-6,6
40897,118,104,14,14
40898,91,85,6,6
40899,90,102,-12,12
40900,65,65,0,0
40901,143,131,12,12
40902,80,68,12,12
40903,96,74,22,22
40904,104,99,5,5
40905,112,111,1,1
40906,86,86,0,0
40907,91,89,2,2
40908,205,175,30,30
40909,73,85,-12,12
40910,101,96,5,5
40911,73,77,-4,4
40912,90,81,9,9
40913,191,198,-7,7
40914,90,94,-4,4
40915,149,147,2,2
40916,73,82,-9,9
40917,152,155,-3,3
40918,115,108,7,7
40919,88,93,-5,5
40920,86,83,3,3
40921,103,102,1,1
40922,37,40,-3,3
40923,83,75,8,8
40924,76,65,11,11
40925,56,52,4,4
40926,130,124,6,6
40927,67,63,4,4
40928,78,71,7,7
40929,105,104,1,1
40930,101,96,5,5
40931,88,83,5,5
40932,83,84,-1,1
40933,108,107,1,1
40934,67,61,6,6
40935,107,104,3,3
40936,43,39,4,4
40937,71,80,-9,9
40938,99,90,9,9
40939,120,126,-6,6
40940,132,118,14,14
40941,30,38,-8,8
40942,88,85,3,3
40943,82,94,-12,12
40944,59,67,-8,8
40945,68,69,-1,1
40946,120,105,15,15
40947,60,59,1,1
40948,103,100,3,3
40949,110,106,4,4
40950,114,110,4,4
40951,90,85,5,5
40952,192,184,8,8
40953,100,100,0,0
40954,119,121,-2,2
40955,91,80,11,11
40956,98,95,3,3
40957,51,49,2,2
40958,94,89,5,5
40959,98,103,-5,5
40960,71,66,5,5
40961,106,123,-17,17
40962,78,84,-6,6
40963,66,72,-6,6
40964,79,85,-6,6
40965,85,86,-1,1
40966,147,147,0,0
40967,68,65,3,3
40968,66,66,0,0
40969,81,79,2,2
40970,133,131,2,2
40971,120,112,8,8
40972,71,74,-3,3
40973,169,170,-1,1
40974,159,151,8,8
40975,57,64,-7,7
40976,73,75,-2,2
40977,44,44,0,0
40978,85,88,-3,3
40979,49,61,-12,12
40980,54,53,1,1
40981,89,83,6,6
40982,62,67,-5,5
40983,88,82,6,6
40984,93,101,-8,8
40985,66,72,-6,6
40986,69,66,3,3
40987,138,150,-12,12
40988,88,88,0,0
40989,102,104,-2,2
40990,45,44,1,1
40991,48,51,-3,3
40992,106,113,-7,7
40993,158,139,19,19
40994,125,116,9,9
40995,64,83,-19,19
40996,153,158,-5,5
40997,66,65,1,1
40998,87,91,-4,4
40999,90,82,8,8
41000,105,104,1,1
41001,51,47,4,4
41002,148,135,13,13
41003,123,134,-11,11
41004,59,54,5,5
41005,88,76,12,12
41006,91,92,-1,1
41007,77,78,-1,1
41008,98,93,5,5
41009,84,89,-5,5
41010,97,89,8,8
41011,129,117,12,12
41012,158,158,0,0
41013,99,104,-5,5
41014,153,153,0,0
41015,140,125,15,15
41016,97,90,7,7
41017,116,119,-3,3
41018,108,98,10,10
41019,117,115,2,2
41020,112,112,0,0
41021,70,74,-4,4
41022,117,125,-8,8
41023,186,183,3,3
41024,88,86,2,2
41025,40,43,-3,3
41026,69,73,-4,4
41027,138,121,17,17
41028,68,70,-2,2
41029,194,174,20,20
41030,141,136,5,5
41031,66,77,-11,11
41032,87,93,-6,6
41033,112,111,1,1
41034,120,106,14,14
41035,117,112,5,5
41036,116,121,-5,5
41037,113,125,-12,12
41038,109,124,-15,15
41039,116,111,5,5
41040,107,99,8,8
41041,156,145,11,11
41042,54,52,2,2
41043,96,89,7,7
41044,116,113,3,3
41045,105,98,7,7
41046,53,50,3,3
41047,146,138,8,8
41048,111,122,-11,11
41049,55,53,2,2
41050,130,122,8,8
41051,89,82,7,7
41052,99,112,-13,13
41053,101,87,14,14
41054,107,111,-4,4
41055,56,56,0,0
41056,72,75,-3,3
41057,141,139,2,2
41058,49,52,-3,3
41059,50,46,4,4
41060,106,93,13,13
41061,71,71,0,0
41062,82,100,-18,18
41063,112,100,12,12
41064,114,119,-5,5
41065,91,91,0,0
41066,79,80,-1,1
41067,87,91,-4,4
41068,72,70,2,2
41069,140,139,1,1
41070,79,85,-6,6
41071,103,93,10,10
41072,105,107,-2,2
41073,80,79,1,1
41074,63,63,0,0
41075,89,81,8,8
41076,58,65,-7,7
41077,71,68,3,3
41078,91,96,-5,5
41079,64,61,3,3
41080,134,129,5,5
41081,144,142,2,2
41082,46,67,-21,21
41083,79,89,-10,10
41084,137,124,13,13
41085,71,71,0,0
41086,88,86,2,2
41087,99,94,5,5
41088,77,77,0,0
41089,71,71,0,0
41090,66,67,-1,1
41091,57,61,-4,4
41092,107,107,0,0
41093,157,156,1,1
41094,59,69,-10,10
41095,107,115,-8,8
41096,150,138,12,12
41097,97,96,1,1
41098,56,60,-4,4
41099,122,119,3,3
41100,118,106,12,12
41101,98,76,22,22
41102,87,94,-7,7
41103,84,72,12,12
41104,67,63,4,4
41105,97,99,-2,2
41106,110,110,0,0
41107,75,78,-3,3
41108,49,53,-4,4
41109,121,128,-7,7
41110,124,121,3,3
41111,86,84,2,2
41112,91,88,3,3
41113,74,69,5,5
41114,87,81,6,6
41115,61,66,-5,5
41116,76,76,0,0
41117,169,169,0,0
41118,79,78,1,1
41119,85,92,-7,7
41120,129,122,7,7
41121,68,69,-1,1
41122,88,110,-22,22
41123,136,122,14,14
41124,81,80,1,1
41125,143,156,-13,13
41126,66,63,3,3
41127,90,94,-4,4
41128,69,67,2,2
41129,129,132,-3,3
41130,77,86,-9,9
41131,128,129,-1,1
41132,110,111,-1,1
41133,125,125,0,0
41134,82,77,5,5
41135,147,135,12,12
41136,77,77,0,0
41137,81,64,17,17
41138,91,89,2,2
41139,106,89,17,17
41140,65,66,-1,1
41141,59,51,8,8
41142,107,113,-6,6
41143,75,86,-11,11
41144,86,98,-12,12
41145,92,92,0,0
41146,87,86,1,1
41147,115,125,-10,10
41148,70,68,2,2
41149,78,66,12,12
41150,77,77,0,0
41151,142,155,-13,13
41152,161,160,1,1
41153,145,133,12,12
41154,102,101,1,1
41155,68,68,0,0
41156,81,85,-4,4
41157,92,82,10,10
41158,91,95,-4,4
41159,87,84,3,3
41160,168,163,5,5
41161,58,55,3,3
41162,119,102,17,17
41163,55,47,8,8
41164,69,70,-1,1
41165,69,69,0,0
41166,99,98,1,1
41167,72,71,1,1
41168,82,88,-6,6
41169,134,128,6,6
41170,88,79,9,9
41171,61,64,-3,3
41172,77,78,-1,1
41173,106,102,4,4
41174,89,87,2,2
41175,90,90,0,0
41176,102,111,-9,9
41177,77,74,3,3
41178,63,64,-1,1
41179,76,78,-2,2
41180,67,60,7,7
41181,64,75,-11,11
41182,66,67,-1,1
41183,126,126,0,0
41184,91,100,-9,9
41185,148,130,18,18
41186,111,102,9,9
41187,58,65,-7,7
41188,93,86,7,7
41189,80,74,6,6
41190,173,169,4,4
41191,80,81,-1,1
41192,117,111,6,6
41193,69,56,13,13
41194,115,117,-2,2
41195,122,109,13,13
41196,76,77,-1,1
41197,89,70,19,19
41198,92,111,-19,19
41199,101,99,2,2
41200,156,146,10,10
41201,88,91,-3,3
41202,61,63,-2,2
41203,80,78,2,2
41204,128,123,5,5
41205,101,95,6,6
41206,114,110,4,4
41207,142,123,19,19
41208,53,50,3,3
41209,138,134,4,4
41210,49,47,2,2
41211,146,130,16,16
41212,91,84,7,7
41213,136,145,-9,9
41214,60,69,-9,9
41215,147,139,8,8
41216,86,85,1,1
41217,71,68,3,3
41218,127,154,-27,27
41219,62,67,-5,5
41220,109,108,1,1
41221,69,73,-4,4
41222,186,186,0,0
41223,44,48,-4,4
41224,39,39,0,0
41225,89,90,-1,1
41226,113,116,-3,3
41227,65,61,4,4
41228,63,67,-4,4
41229,61,65,-4,4
41230,132,122,10,10
41231,70,74,-4,4
41232,179,173,6,6
41233,103,108,-5,5
41234,118,109,9,9
41235,71,72,-1,1
41236,156,144,12,12
41237,95,89,6,6
41238,108,113,-5,5
41239,92,89,3,3
41240,125,113,12,12
41241,103,95,8,8
41242,87,77,10,10
41243,57,65,-8,8
41244,95,93,2,2
41245,207,215,-8,8
41246,72,78,-6,6
41247,158,158,0,0
41248,78,80,-2,2
41249,59,63,-4,4
41250,77,71,6,6
41251,78,76,2,2
41252,120,111,9,9
41253,137,133,4,4
41254,71,68,3,3
41255,117,112,5,5
41256,97,95,2,2
41257,108,111,-3,3
41258,64,70,-6,6
41259,125,115,10,10
41260,57,49,8,8
41261,47,49,-2,2
41262,110,96,14,14
41263,173,181,-8,8
41264,70,63,7,7
41265,112,106,6,6
41266,69,68,1,1
41267,95,90,5,5
41268,50,49,1,1
41269,60,59,1,1
41270,108,109,-1,1
41271,88,89,-1,1
41272,141,162,-21,21
41273,65,66,-1,1
41274,111,123,-12,12
41275,110,99,11,11
41276,156,130,26,26
41277,70,88,-18,18
41278,77,84,-7,7
41279,111,110,1,1
41280,77,78,-1,1
41281,132,146,-14,14
41282,94,86,8,8
41283,87,94,-7,7
41284,71,74,-3,3
41285,69,76,-7,7
41286,57,61,-4,4
41287,63,68,-5,5
41288,170,170,0,0
41289,99,94,5,5
41290,91,92,-1,1
41291,75,80,-5,5
41292,155,151,4,4
41293,169,160,9,9
41294,121,109,12,12
41295,56,60,-4,4
41296,73,70,3,3
41297,142,83,59,59
41298,76,83,-7,7
41299,117,122,-5,5
41300,113,120,-7,7
41301,63,53,10,10
41302,146,135,11,11
41303,71,65,6,6
41304,68,64,4,4
41305,96,97,-1,1
41306,64,67,-3,3
41307,79,68,11,11
41308,77,77,0,0
41309,54,59,-5,5
41310,81,83,-2,2
41311,106,108,-2,2
41312,130,116,14,14
41313,63,61,2,2
41314,74,77,-3,3
41315,87,88,-1,1
41316,97,91,6,6
41317,136,146,-10,10
41318,78,76,2,2
41319,114,101,13,13
41320,172,196,-24,24
41321,69,86,-17,17
41322,55,66,-11,11
41323,68,64,4,4
41324,84,83,1,1
41325,64,72,-8,8
41326,44,49,-5,5
41327,98,92,6,6
41328,118,126,-8,8
41329,115,106,9,9
41330,151,144,7,7
41331,66,68,-2,2
41332,150,137,13,13
41333,94,87,7,7
41334,83,87,-4,4
41335,138,130,8,8
41336,96,95,1,1
41337,117,114,3,3
41338,32,32,0,0
41339,167,162,5,5
41340,162,142,20,20
41341,120,126,-6,6
41342,84,83,1,1
41343,64,63,1,1
41344,147,145,2,2
41345,74,81,-7,7
41346,42,53,-11,11
41347,65,77,-12,12
41348,87,77,10,10
41349,101,108,-7,7
41350,64,61,3,3
41351,54,62,-8,8
41352,99,100,-1,1
41353,60,65,-5,5
41354,62,65,-3,3
41355,134,126,8,8
41356,79,83,-4,4
41357,74,70,4,4
41358,103,113,-10,10
41359,160,165,-5,5
41360,103,98,5,5
41361,96,96,0,0
41362,66,60,6,6
41363,72,64,8,8
41364,69,72,-3,3
41365,115,110,5,5
41366,74,67,7,7
41367,47,50,-3,3
41368,116,104,12,12
41369,75,86,-11,11
41370,74,85,-11,11
41371,138,135,3,3
41372,83,86,-3,3
41373,78,80,-2,2
41374,144,136,8,8
41375,94,88,6,6
41376,91,87,4,4
41377,97,106,-9,9
41378,79,79,0,0
41379,87,89,-2,2
41380,50,54,-4,4
41381,61,60,1,1
41382,66,77,-11,11
41383,83,81,2,2
41384,69,60,9,9
41385,117,103,14,14
41386,123,116,7,7
41387,152,128,24,24
41388,53,49,4,4
41389,41,69,-28,28
41390,120,111,9,9
41391,50,62,-12,12
41392,103,101,2,2
41393,59,77,-18,18
41394,146,129,17,17
41395,74,65,9,9
41396,119,114,5,5
41397,100,104,-4,4
41398,109,101,8,8
41399,140,130,10,10
41400,104,101,3,3
41401,118,125,-7,7
41402,129,118,11,11
41403,62,63,-1,1
41404,80,82,-2,2
41405,67,70,-3,3
41406,45,49,-4,4
41407,111,115,-4,4
41408,110,113,-3,3
41409,68,69,-1,1
41410,84,98,-14,14
41411,132,118,14,14
41412,67,66,1,1
41413,66,69,-3,3
41414,53,67,-14,14
41415,88,91,-3,3
41416,115,122,-7,7
41417,142,148,-6,6
41418,134,138,-4,4
41419,108,108,0,0
41420,63,69,-6,6
41421,68,65,3,3
41422,96,83,13,13
41423,73,80,-7,7
41424,88,89,-1,1
41425,107,95,12,12
41426,114,130,-16,16
41427,132,131,1,1
41428,64,72,-8,8
41429,73,66,7,7
41430,109,99,10,10
41431,65,67,-2,2
41432,138,113,25,25
41433,103,96,7,7
41434,132,124,8,8
41435,67,70,-3,3
41436,70,69,1,1
41437,114,130,-16,16
41438,54,59,-5,5
41439,87,82,5,5
41440,57,61,-4,4
41441,163,169,-6,6
41442,83,85,-2,2
41443,48,53,-5,5
41444,62,72,-10,10
41445,110,100,10,10
41446,64,63,1,1
41447,154,152,2,2
41448,119,113,6,6
41449,81,88,-7,7
41450,76,73,3,3
41451,125,102,23,23
41452,82,78,4,4
41453,140,139,1,1
41454,58,54,4,4
41455,90,79,11,11
41456,94,84,10,10
41457,70,69,1,1
41458,126,116,10,10
41459,42,48,-6,6
41460,96,90,6,6
41461,144,130,14,14
41462,84,80,4,4
41463,91,87,4,4
41464,89,83,6,6
41465,68,74,-6,6
41466,74,76,-2,2
41467,73,70,3,3
41468,95,85,10,10
41469,141,132,9,9
41470,144,131,13,13
41471,115,119,-4,4
41472,126,113,13,13
41473,81,75,6,6
41474,70,67,3,3
41475,101,104,-3,3
41476,36,48,-12,12
41477,103,97,6,6
41478,50,52,-2,2
41479,108,95,13,13
41480,168,179,-11,11
41481,89,98,-9,9
41482,128,120,8,8
41483,87,74,13,13
41484,72,65,7,7
41485,166,159,7,7
41486,75,70,5,5
41487,116,117,-1,1
41488,66,66,0,0
41489,89,95,-6,6
41490,72,81,-9,9
41491,103,115,-12,12
41492,82,87,-5,5
41493,108,110,-2,2
41494,115,104,11,11
41495,154,168,-14,14
41496,96,98,-2,2
41497,70,67,3,3
41498,105,100,5,5
41499,103,107,-4,4
41500,80,81,-1,1
41501,167,137,30,30
41502,131,135,-4,4
41503,87,86,1,1
41504,83,82,1,1
41505,221,201,20,20
41506,67,65,2,2
41507,114,112,2,2
41508,88,75,13,13
41509,80,77,3,3
41510,183,176,7,7
41511,67,73,-6,6
41512,172,167,5,5
41513,56,49,7,7
41514,60,55,5,5
41515,60,58,2,2
41516,77,79,-2,2
41517,85,75,10,10
41518,64,66,-2,2
41519,88,93,-5,5
41520,143,126,17,17
41521,148,148,0,0
41522,73,76,-3,3
41523,97,100,-3,3
41524,85,94,-9,9
41525,62,58,4,4
41526,82,77,5,5
41527,63,60,3,3
41528,55,49,6,6
41529,133,124,9,9
41530,96,99,-3,3
41531,98,94,4,4
41532,67,69,-2,2
41533,104,113,-9,9
41534,118,168,-50,50
41535,83,94,-11,11
41536,110,114,-4,4
41537,138,131,7,7
41538,79,73,6,6
41539,75,69,6,6
41540,67,69,-2,2
41541,59,60,-1,1
41542,63,52,11,11
41543,125,116,9,9
41544,156,162,-6,6
41545,88,84,4,4
41546,106,102,4,4
41547,88,86,2,2
41548,126,126,0,0
41549,71,76,-5,5
41550,109,105,4,4
41551,61,98,-37,37
41552,100,105,-5,5
41553,157,135,22,22
41554,168,165,3,3
41555,110,105,5,5
41556,92,99,-7,7
41557,118,128,-10,10
41558,159,164,-5,5
41559,67,64,3,3
41560,78,90,-12,12
41561,93,93,0,0
41562,76,75,1,1
41563,156,146,10,10
41564,63,69,-6,6
41565,87,86,1,1
41566,79,75,4,4
41567,56,60,-4,4
41568,65,63,2,2
41569,99,100,-1,1
41570,90,76,14,14
41571,108,115,-7,7
41572,59,56,3,3
41573,48,73,-25,25
41574,73,69,4,4
41575,111,98,13,13
41576,69,68,1,1
41577,149,129,20,20
41578,87,76,11,11
41579,87,83,4,4
41580,85,79,6,6
41581,112,99,13,13
41582,78,90,-12,12
41583,74,89,-15,15
41584,85,87,-2,2
41585,77,81,-4,4
41586,113,104,9,9
41587,106,103,3,3
41588,61,68,-7,7
41589,82,89,-7,7
41590,115,115,0,0
41591,51,59,-8,8
41592,109,92,17,17
41593,61,59,2,2
41594,60,63,-3,3
41595,129,124,5,5
41596,152,128,24,24
41597,90,88,2,2
41598,204,193,11,11
41599,95,90,5,5
41600,81,86,-5,5
41601,75,77,-2,2
41602,95,89,6,6
41603,108,110,-2,2
41604,140,130,10,10
41605,47,60,-13,13
41606,92,79,13,13
41607,127,130,-3,3
41608,64,75,-11,11
41609,86,72,14,14
41610,83,75,8,8
41611,86,92,-6,6
41612,110,109,1,1
41613,128,132,-4,4
41614,152,148,4,4
41615,106,111,-5,5
41616,71,74,-3,3
41617,70,80,-10,10
41618,71,72,-1,1
41619,80,88,-8,8
41620,10,28,-18,18
41621,95,86,9,9
41622,88,84,4,4
41623,55,42,13,13
41624,96,83,13,13
41625,114,101,13,13
41626,113,104,9,9
41627,115,105,10,10
41628,50,49,1,1
41629,130,126,4,4
41630,130,126,4,4
41631,85,85,0,0
41632,72,73,-1,1
41633,177,167,10,10
41634,90,97,-7,7
41635,131,138,-7,7
41636,68,70,-2,2
41637,46,51,-5,5
41638,96,100,-4,4
41639,161,153,8,8
41640,60,59,1,1
41641,73,75,-2,2
41642,50,51,-1,1
41643,60,49,11,11
41644,122,117,5,5
41645,136,129,7,7
41646,90,83,7,7
41647,131,126,5,5
41648,95,90,5,5
41649,66,66,0,0
41650,105,112,-7,7
41651,82,82,0,0
41652,107,105,2,2
41653,61,59,2,2
41654,136,123,13,13
41655,128,143,-15,15
41656,66,75,-9,9
41657,125,125,0,0
41658,69,66,3,3
41659,68,80,-12,12
41660,84,87,-3,3
41661,47,53,-6,6
41662,77,76,1,1
41663,113,101,12,12
41664,155,158,-3,3
41665,88,92,-4,4
41666,76,74,2,2
41667,104,146,-42,42
41668,43,45,-2,2
41669,69,76,-7,7
41670,94,101,-7,7
41671,121,117,4,4
41672,178,169,9,9
41673,69,64,5,5
41674,113,117,-4,4
41675,118,117,1,1
41676,86,84,2,2
41677,71,71,0,0
41678,112,108,4,4
41679,114,106,8,8
41680,68,64,4,4
41681,75,71,4,4
41682,103,98,5,5
41683,71,74,-3,3
41684,57,53,4,4
41685,88,85,3,3
41686,165,157,8,8
41687,79,78,1,1
41688,133,133,0,0
41689,125,115,10,10
41690,91,108,-17,17
41691,117,123,-6,6
41692,108,103,5,5
41693,101,99,2,2
41694,61,64,-3,3
41695,170,161,9,9
41696,152,147,5,5
41697,86,86,0,0
41698,89,82,7,7
41699,137,131,6,6
41700,107,106,1,1
41701,145,137,8,8
41702,152,159,-7,7
41703,89,80,9,9
41704,81,76,5,5
41705,102,106,-4,4
41706,85,91,-6,6
41707,70,73,-3,3
41708,85,82,3,3
41709,105,104,1,1
41710,79,69,10,10
41711,55,64,-9,9
41712,94,90,4,4
41713,49,53,-4,4
41714,42,45,-3,3
41715,302,237,65,65
41716,116,108,8,8
41717,68,71,-3,3
41718,81,83,-2,2
41719,98,114,-16,16
41720,120,109,11,11
41721,135,138,-3,3
41722,85,89,-4,4
41723,76,76,0,0
41724,125,119,6,6
41725,26,29,-3,3
41726,111,91,20,20
41727,152,137,15,15
41728,85,83,2,2
41729,99,102,-3,3
41730,98,109,-11,11
41731,99,96,3,3
41732,81,81,0,0
41733,98,109,-11,11
41734,101,87,14,14
41735,64,64,0,0
41736,185,184,1,1
41737,97,97,0,0
41738,93,103,-10,10
41739,65,65,0,0
41740,89,89,0,0
41741,53,57,-4,4
41742,96,93,3,3
41743,133,126,7,7
41744,149,130,19,19
41745,155,149,6,6
41746,86,78,8,8
41747,64,60,4,4
41748,133,124,9,9
41749,119,128,-9,9
41750,70,73,-3,3
41751,57,59,-2,2
41752,56,61,-5,5
41753,55,52,3,3
41754,57,60,-3,3
41755,106,109,-3,3
41756,85,91,-6,6
41757,80,77,3,3
41758,71,87,-16,16
41759,79,93,-14,14
41760,72,81,-9,9
41761,67,61,6,6
41762,200,191,9,9
41763,55,61,-6,6
41764,103,101,2,2
41765,80,78,2,2
41766,113,112,1,1
41767,34,65,-31,31
41768,77,81,-4,4
41769,145,147,-2,2
41770,143,148,-5,5
41771,100,95,5,5
41772,53,61,-8,8
41773,61,89,-28,28
41774,109,118,-9,9
41775,86,76,10,10
41776,72,73,-1,1
41777,86,90,-4,4
41778,115,125,-10,10
41779,74,81,-7,7
41780,85,83,2,2
41781,97,94,3,3
41782,111,108,3,3
41783,63,79,-16,16
41784,104,101,3,3
41785,101,99,2,2
41786,110,106,4,4
41787,72,81,-9,9
41788,128,125,3,3
41789,74,88,-14,14
41790,108,97,11,11
41791,110,108,2,2
41792,68,68,0,0
41793,41,44,-3,3
41794,153,161,-8,8
41795,115,118,-3,3
41796,58,64,-6,6
41797,45,63,-18,18
41798,92,90,2,2
41799,57,60,-3,3
41800,125,117,8,8
41801,82,88,-6,6
41802,61,64,-3,3
41803,148,141,7,7
41804,72,68,4,4
41805,108,108,0,0
41806,97,105,-8,8
41807,134,122,12,12
41808,50,49,1,1
41809,66,64,2,2
41810,61,60,1,1
41811,91,84,7,7
41812,133,129,4,4
41813,131,110,21,21
41814,67,79,-12,12
41815,112,106,6,6
41816,100,116,-16,16
41817,193,185,8,8
41818,90,84,6,6
41819,77,77,0,0
41820,80,83,-3,3
41821,117,114,3,3
41822,87,90,-3,3
41823,64,71,-7,7
41824,61,61,0,0
41825,120,123,-3,3
41826,119,119,0,0
41827,137,125,12,12
41828,54,54,0,0
41829,162,149,13,13
41830,152,164,-12,12
41831,69,61,8,8
41832,80,81,-1,1
41833,92,92,0,0
41834,96,86,10,10
41835,107,112,-5,5
41836,71,73,-2,2
41837,83,89,-6,6
41838,89,91,-2,2
41839,121,116,5,5
41840,81,84,-3,3
41841,112,115,-3,3
41842,147,137,10,10
41843,62,65,-3,3
41844,129,127,2,2
41845,74,83,-9,9
41846,168,151,17,17
41847,47,50,-3,3
41848,128,137,-9,9
41849,49,58,-9,9
41850,56,59,-3,3
41851,89,83,6,6
41852,67,65,2,2
41853,68,76,-8,8
41854,114,119,-5,5
41855,137,146,-9,9
41856,122,118,4,4
41857,74,77,-3,3
41858,67,63,4,4
41859,129,128,1,1
41860,139,144,-5,5
41861,62,67,-5,5
41862,100,98,2,2
41863,88,84,4,4
41864,64,66,-2,2
41865,92,86,6,6
41866,119,138,-19,19
41867,81,80,1,1
41868,59,53,6,6
41869,106,101,5,5
41870,94,82,12,12
41871,112,98,14,14
41872,80,83,-3,3
41873,101,107,-6,6
41874,135,124,11,11
41875,135,129,6,6
41876,104,96,8,8
41877,85,81,4,4
41878,176,171,5,5
41879,79,78,1,1
41880,69,63,6,6
41881,41,40,1,1
41882,47,44,3,3
41883,67,70,-3,3
41884,69,77,-8,8
41885,51,53,-2,2
41886,73,86,-13,13
41887,108,102,6,6
41888,47,43,4,4
41889,120,127,-7,7
41890,117,114,3,3
41891,91,98,-7,7
41892,110,114,-4,4
41893,82,80,2,2
41894,97,96,1,1
41895,92,94,-2,2
41896,72,69,3,3
41897,74,66,8,8
41898,80,94,-14,14
41899,49,47,2,2
41900,133,126,7,7
41901,85,88,-3,3
41902,116,109,7,7
41903,72,66,6,6
41904,125,121,4,4
41905,91,92,-1,1
41906,103,101,2,2
41907,110,108,2,2
41908,102,106,-4,4
41909,111,98,13,13
41910,50,66,-16,16
41911,50,49,1,1
41912,106,99,7,7
41913,79,77,2,2
41914,138,121,17,17
41915,110,115,-5,5
41916,59,61,-2,2
41917,72,74,-2,2
41918,190,170,20,20
41919,93,88,5,5
41920,47,45,2,2
41921,46,58,-12,12
41922,135,128,7,7
41923,56,72,-16,16
41924,67,67,0,0
41925,101,101,0,0
41926,78,79,-1,1
41927,61,76,-15,15
41928,43,53,-10,10
41929,142,144,-2,2
41930,88,92,-4,4
41931,119,118,1,1
41932,146,134,12,12
41933,93,97,-4,4
41934,109,113,-4,4
41935,105,102,3,3
41936,98,101,-3,3
41937,75,74,1,1
41938,78,79,-1,1
41939,101,108,-7,7
41940,88,103,-15,15
41941,133,140,-7,7
41942,66,67,-1,1
41943,101,98,3,3
41944,94,96,-2,2
41945,86,80,6,6
41946,95,89,6,6
41947,96,100,-4,4
41948,83,80,3,3
41949,119,99,20,20
41950,116,113,3,3
41951,92,85,7,7
41952,89,96,-7,7
41953,215,222,-7,7
41954,96,96,0,0
41955,138,129,9,9
41956,73,73,0,0
41957,72,80,-8,8
41958,83,92,-9,9
41959,119,111,8,8
41960,83,82,1,1
41961,140,130,10,10
41962,164,151,13,13
41963,105,98,7,7
41964,109,90,19,19
41965,100,90,10,10
41966,95,97,-2,2
41967,85,81,4,4
41968,83,82,1,1
41969,148,144,4,4
41970,95,101,-6,6
41971,110,126,-16,16
41972,104,115,-11,11
41973,125,143,-18,18
41974,110,120,-10,10
41975,109,107,2,2
41976,87,83,4,4
41977,166,163,3,3
41978,68,82,-14,14
41979,104,93,11,11
41980,127,103,24,24
41981,60,64,-4,4
41982,106,94,12,12
41983,58,60,-2,2
41984,59,59,0,0
41985,98,96,2,2
41986,150,158,-8,8
41987,107,112,-5,5
41988,75,85,-10,10
41989,95,95,0,0
41990,82,84,-2,2
41991,101,89,12,12
41992,63,73,-10,10
41993,81,66,15,15
41994,60,62,-2,2
41995,121,115,6,6
41996,110,100,10,10
41997,73,82,-9,9
41998,62,66,-4,4
41999,66,70,-4,4
42000,87,89,-2,2
42001,130,139,-9,9
42002,84,87,-3,3
42003,142,142,0,0
42004,61,63,-2,2
42005,109,107,2,2
42006,147,136,11,11
42007,37,59,-22,22
42008,246,199,47,47
42009,61,70,-9,9
42010,111,110,1,1
42011,92,92,0,0
42012,133,147,-14,14
42013,161,149,12,12
42014,128,140,-12,12
42015,73,63,10,10
42016,115,116,-1,1
42017,159,156,3,3
42018,75,70,5,5
42019,85,96,-11,11
42020,79,84,-5,5
42021,103,94,9,9
42022,109,104,5,5
42023,89,86,3,3
42024,158,162,-4,4
42025,86,87,-1,1
42026,114,101,13,13
42027,145,138,7,7
42028,83,82,1,1
42029,142,146,-4,4
42030,48,51,-3,3
42031,69,70,-1,1
42032,90,107,-17,17
42033,152,140,12,12
42034,72,76,-4,4
42035,93,95,-2,2
42036,59,64,-5,5
42037,142,136,6,6
42038,95,85,10,10
42039,152,138,14,14
42040,87,87,0,0
42041,79,65,14,14
42042,80,81,-1,1
42043,89,90,-1,1
42044,74,69,5,5
42045,78,75,3,3
42046,100,101,-1,1
42047,92,98,-6,6
42048,135,138,-3,3
42049,112,113,-1,1
42050,109,107,2,2
42051,86,76,10,10
42052,80,74,6,6
42053,92,103,-11,11
42054,93,99,-6,6
42055,111,114,-3,3
42056,64,63,1,1
42057,96,78,18,18
42058,79,93,-14,14
42059,148,164,-16,16
42060,74,79,-5,5
42061,91,84,7,7
42062,85,82,3,3
42063,104,98,6,6
42064,132,137,-5,5
42065,75,80,-5,5
42066,175,180,-5,5
42067,77,70,7,7
42068,92,93,-1,1
42069,150,145,5,5
42070,35,73,-38,38
42071,79,76,3,3
42072,57,64,-7,7
42073,70,55,15,15
42074,117,134,-17,17
42075,84,80,4,4
42076,51,76,-25,25
42077,88,94,-6,6
42078,83,79,4,4
42079,89,79,10,10
42080,79,78,1,1
42081,76,83,-7,7
42082,50,60,-10,10
42083,102,96,6,6
42084,111,127,-16,16
42085,82,85,-3,3
42086,114,126,-12,12
42087,99,86,13,13
42088,111,106,5,5
42089,99,100,-1,1
42090,68,67,1,1
42091,159,144,15,15
42092,78,82,-4,4
42093,43,50,-7,7
42094,64,65,-1,1
42095,77,81,-4,4
42096,38,62,-24,24
42097,39,40,-1,1
42098,87,95,-8,8
42099,89,79,10,10
42100,101,103,-2,2
42101,115,115,0,0
42102,101,94,7,7
42103,52,54,-2,2
42104,68,71,-3,3
42105,57,61,-4,4
42106,97,87,10,10
42107,80,84,-4,4
42108,95,93,2,2
42109,155,150,5,5
42110,74,75,-1,1
42111,104,93,11,11
42112,63,76,-13,13
42113,28,41,-13,13
42114,96,92,4,4
42115,104,106,-2,2
42116,118,118,0,0
42117,81,76,5,5
42118,58,63,-5,5
42119,85,96,-11,11
42120,59,64,-5,5
42121,91,104,-13,13
42122,120,112,8,8
42123,58,54,4,4
42124,89,79,10,10
42125,101,105,-4,4
42126,89,88,1,1
42127,68,63,5,5
42128,122,112,10,10
42129,71,80,-9,9
42130,71,71,0,0
42131,75,93,-18,18
42132,130,132,-2,2
42133,103,90,13,13
42134,114,109,5,5
42135,145,137,8,8
42136,108,105,3,3
42137,102,104,-2,2
42138,107,102,5,5
42139,97,95,2,2
42140,94,84,10,10
42141,70,73,-3,3
42142,91,93,-2,2
42143,92,95,-3,3
42144,60,65,-5,5
42145,83,83,0,0
42146,92,87,5,5
42147,106,108,-2,2
42148,47,60,-13,13
42149,72,69,3,3
42150,137,132,5,5
42151,69,76,-7,7
42152,69,59,10,10
42153,123,120,3,3
42154,77,80,-3,3
42155,74,64,10,10
42156,144,150,-6,6
42157,132,130,2,2
42158,109,103,6,6
42159,93,92,1,1
42160,56,50,6,6
42161,125,118,7,7
42162,54,65,-11,11
42163,127,120,7,7
42164,96,98,-2,2
42165,106,89,17,17
42166,98,96,2,2
42167,97,94,3,3
42168,65,64,1,1
42169,91,83,8,8
42170,90,89,1,1
42171,135,123,12,12
42172,109,122,-13,13
42173,101,99,2,2
42174,80,85,-5,5
42175,105,107,-2,2
42176,64,63,1,1
42177,155,153,2,2
42178,119,122,-3,3
42179,76,68,8,8
42180,122,116,6,6
42181,59,61,-2,2
42182,63,63,0,0
42183,92,96,-4,4
42184,101,99,2,2
42185,100,98,2,2
42186,88,94,-6,6
42187,98,91,7,7
42188,153,137,16,16
42189,92,87,5,5
42190,76,64,12,12
42191,110,107,3,3
42192,86,89,-3,3
42193,130,127,3,3
42194,126,132,-6,6
42195,78,69,9,9
42196,77,76,1,1
42197,104,108,-4,4
42198,126,135,-9,9
42199,79,76,3,3
42200,117,129,-12,12
42201,45,47,-2,2
42202,100,104,-4,4
42203,83,70,13,13
42204,134,134,0,0
42205,83,83,0,0
42206,90,98,-8,8
42207,86,92,-6,6
42208,89,87,2,2
42209,60,66,-6,6
42210,78,79,-1,1
42211,120,124,-4,4
42212,72,73,-1,1
42213,104,104,0,0
42214,188,174,14,14
42215,93,87,6,6
42216,159,147,12,12
42217,80,74,6,6
42218,96,101,-5,5
42219,114,114,0,0
42220,113,117,-4,4
42221,62,72,-10,10
42222,140,139,1,1
42223,157,148,9,9
42224,61,70,-9,9
42225,95,106,-11,11
42226,130,126,4,4
42227,134,143,-9,9
42228,84,85,-1,1
42229,83,79,4,4
42230,96,99,-3,3
42231,85,80,5,5
42232,117,122,-5,5
42233,49,53,-4,4
42234,55,59,-4,4
42235,116,98,18,18
42236,65,63,2,2
42237,86,90,-4,4
42238,58,72,-14,14
42239,55,63,-8,8
42240,109,103,6,6
42241,109,97,12,12
42242,115,113,2,2
42243,131,109,22,22
42244,79,80,-1,1
42245,74,80,-6,6
42246,114,112,2,2
42247,125,115,10,10
42248,90,84,6,6
42249,81,79,2,2
42250,109,102,7,7
42251,90,82,8,8
42252,58,62,-4,4
42253,67,69,-2,2
42254,88,81,7,7
42255,71,90,-19,19
42256,118,131,-13,13
42257,109,111,-2,2
42258,75,98,-23,23
42259,38,41,-3,3
42260,173,166,7,7
42261,153,157,-4,4
42262,66,60,6,6
42263,58,62,-4,4
42264,44,44,0,0
42265,86,79,7,7
42266,100,96,4,4
42267,86,89,-3,3
42268,106,106,0,0
42269,80,76,4,4
42270,84,79,5,5
42271,76,74,2,2
42272,96,90,6,6
42273,90,93,-3,3
42274,116,123,-7,7
42275,196,170,26,26
42276,103,99,4,4
42277,95,104,-9,9
42278,68,65,3,3
42279,96,83,13,13
42280,109,99,10,10
42281,86,87,-1,1
42282,174,175,-1,1
42283,78,82,-4,4
42284,47,54,-7,7
42285,96,97,-1,1
42286,92,90,2,2
42287,79,68,11,11
42288,85,82,3,3
42289,113,116,-3,3
42290,96,93,3,3
42291,80,80,0,0
42292,43,41,2,2
42293,93,102,-9,9
42294,63,67,-4,4
42295,96,86,10,10
42296,103,101,2,2
42297,53,60,-7,7
42298,99,95,4,4
42299,79,79,0,0
42300,70,67,3,3
42301,106,95,11,11
42302,104,138,-34,34
42303,141,138,3,3
42304,99,85,14,14
42305,96,91,5,5
42306,55,50,5,5
42307,99,98,1,1
42308,116,120,-4,4
42309,64,92,-28,28
42310,152,139,13,13
42311,63,64,-1,1
42312,78,73,5,5
42313,123,137,-14,14
42314,126,126,0,0
42315,79,74,5,5
42316,92,75,17,17
42317,94,101,-7,7
42318,200,187,13,13
42319,157,157,0,0
42320,80,80,0,0
42321,57,56,1,1
42322,141,138,3,3
42323,60,66,-6,6
42324,85,77,8,8
42325,54,47,7,7
42326,159,166,-7,7
42327,150,137,13,13
42328,87,79,8,8
42329,47,62,-15,15
42330,96,95,1,1
42331,82,83,-1,1
42332,74,67,7,7
42333,120,123,-3,3
42334,109,90,19,19
42335,86,91,-5,5
42336,129,121,8,8
42337,196,182,14,14
42338,178,163,15,15
42339,105,96,9,9
42340,61,65,-4,4
42341,67,72,-5,5
42342,109,109,0,0
42343,111,127,-16,16
42344,52,66,-14,14
42345,89,79,10,10
42346,71,82,-11,11
42347,111,110,1,1
42348,40,38,2,2
42349,79,84,-5,5
42350,99,95,4,4
42351,96,93,3,3
42352,63,59,4,4
42353,103,126,-23,23
42354,97,110,-13,13
42355,90,92,-2,2
42356,119,105,14,14
42357,176,162,14,14
42358,97,95,2,2
42359,131,141,-10,10
42360,86,76,10,10
42361,77,72,5,5
42362,84,82,2,2
42363,70,66,4,4
42364,109,111,-2,2
42365,121,122,-1,1
42366,125,139,-14,14
42367,150,127,23,23
42368,103,96,7,7
42369,151,129,22,22
42370,58,56,2,2
42371,64,63,1,1
42372,122,122,0,0
42373,104,95,9,9
42374,92,83,9,9
42375,100,99,1,1
42376,142,132,10,10
42377,93,84,9,9
42378,120,115,5,5
42379,75,78,-3,3
42380,106,100,6,6
42381,60,71,-11,11
42382,83,83,0,0
42383,98,97,1,1
42384,56,50,6,6
42385,37,41,-4,4
42386,97,84,13,13
42387,152,148,4,4
42388,97,92,5,5
42389,76,71,5,5
42390,80,90,-10,10
42391,56,55,1,1
42392,108,96,12,12
42393,128,112,16,16
42394,117,111,6,6
42395,103,97,6,6
42396,31,53,-22,22
42397,84,79,5,5
42398,92,93,-1,1
42399,115,131,-16,16
42400,128,134,-6,6
42401,128,120,8,8
42402,75,82,-7,7
42403,72,88,-16,16
42404,95,96,-1,1
42405,56,61,-5,5
42406,83,82,1,1
42407,97,101,-4,4
42408,109,97,12,12
42409,126,122,4,4
42410,135,142,-7,7
42411,75,78,-3,3
42412,73,70,3,3
42413,89,94,-5,5
42414,94,92,2,2
42415,81,78,3,3
42416,78,80,-2,2
42417,79,72,7,7
42418,78,81,-3,3
42419,105,110,-5,5
42420,112,110,2,2
42421,75,69,6,6
42422,98,96,2,2
42423,94,90,4,4
42424,56,63,-7,7
42425,92,85,7,7
42426,68,68,0,0
42427,104,103,1,1
42428,144,122,22,22
42429,50,57,-7,7
42430,51,52,-1,1
42431,61,70,-9,9
42432,83,90,-7,7
42433,28,38,-10,10
42434,99,102,-3,3
42435,83,89,-6,6
42436,162,151,11,11
42437,104,100,4,4
42438,88,92,-4,4
42439,95,90,5,5
42440,116,111,5,5
42441,144,134,10,10
42442,69,52,17,17
42443,102,114,-12,12
42444,116,117,-1,1
42445,61,66,-5,5
42446,108,106,2,2
42447,55,54,1,1
42448,142,138,4,4
42449,156,150,6,6
42450,129,120,9,9
42451,180,170,10,10
42452,111,115,-4,4
42453,179,180,-1,1
42454,89,95,-6,6
42455,114,108,6,6
42456,96,87,9,9
42457,117,120,-3,3
42458,64,66,-2,2
42459,57,52,5,5
42460,54,60,-6,6
42461,95,86,9,9
42462,89,68,21,21
42463,109,98,11,11
42464,76,75,1,1
42465,67,68,-1,1
42466,65,64,1,1
42467,76,83,-7,7
42468,92,89,3,3
42469,92,93,-1,1
42470,74,69,5,5
42471,92,80,12,12
42472,80,75,5,5
42473,89,89,0,0
42474,43,46,-3,3
42475,69,72,-3,3
42476,88,90,-2,2
42477,84,94,-10,10
42478,115,117,-2,2
42479,56,51,5,5
42480,95,102,-7,7
42481,80,93,-13,13
42482,80,78,2,2
42483,98,93,5,5
42484,49,51,-2,2
42485,91,81,10,10
42486,64,70,-6,6
42487,53,63,-10,10
42488,85,77,8,8
42489,98,95,3,3
42490,100,89,11,11
42491,69,73,-4,4
42492,48,53,-5,5
42493,105,93,12,12
42494,163,147,16,16
42495,150,150,0,0
42496,85,86,-1,1
42497,128,134,-6,6
42498,99,106,-7,7
42499,103,97,6,6
42500,128,114,14,14
42501,107,109,-2,2
42502,55,63,-8,8
42503,84,95,-11,11
42504,90,96,-6,6
42505,90,95,-5,5
42506,72,68,4,4
42507,91,92,-1,1
42508,87,95,-8,8
42509,84,67,17,17
42510,42,45,-3,3
42511,65,70,-5,5
42512,131,132,-1,1
42513,48,57,-9,9
42514,109,101,8,8
42515,85,93,-8,8
42516,66,60,6,6
42517,83,92,-9,9
42518,46,44,2,2
42519,141,136,5,5
42520,59,68,-9,9
42521,87,82,5,5
42522,84,92,-8,8
42523,86,92,-6,6
42524,127,119,8,8
42525,111,120,-9,9
42526,102,105,-3,3
42527,65,69,-4,4
42528,70,68,2,2
42529,61,69,-8,8
42530,104,102,2,2
42531,111,111,0,0
42532,202,182,20,20
42533,100,90,10,10
42534,136,138,-2,2
42535,35,44,-9,9
42536,40,42,-2,2
42537,115,111,4,4
42538,116,111,5,5
42539,72,63,9,9
42540,108,111,-3,3
42541,106,118,-12,12
42542,62,63,-1,1
42543,127,118,9,9
42544,94,90,4,4
42545,89,81,8,8
42546,70,72,-2,2
42547,72,79,-7,7
42548,98,88,10,10
42549,96,89,7,7
42550,108,114,-6,6
42551,142,119,23,23
42552,77,80,-3,3
42553,67,65,2,2
42554,81,86,-5,5
42555,54,53,1,1
42556,124,121,3,3
42557,110,118,-8,8
42558,101,101,0,0
42559,86,89,-3,3
42560,117,112,5,5
42561,111,106,5,5
42562,136,124,12,12
42563,78,74,4,4
42564,62,77,-15,15
42565,231,217,14,14
42566,180,185,-5,5
42567,91,87,4,4
42568,134,136,-2,2
42569,80,83,-3,3
42570,100,101,-1,1
42571,123,122,1,1
42572,109,106,3,3
42573,70,66,4,4
42574,57,59,-2,2
42575,148,147,1,1
42576,76,73,3,3
42577,70,69,1,1
42578,82,86,-4,4
42579,102,109,-7,7
42580,198,194,4,4
42581,56,51,5,5
42582,94,98,-4,4
42583,97,98,-1,1
42584,103,93,10,10
42585,81,77,4,4
42586,102,98,4,4
42587,85,87,-2,2
42588,165,150,15,15
42589,50,59,-9,9
42590,124,124,0,0
42591,101,99,2,2
42592,79,74,5,5
42593,138,145,-7,7
42594,191,147,44,44
42595,162,160,2,2
42596,126,121,5,5
42597,103,103,0,0
42598,49,50,-1,1
42599,113,120,-7,7
42600,100,96,4,4
42601,118,119,-1,1
42602,117,122,-5,5
42603,84,86,-2,2
42604,110,102,8,8
42605,128,113,15,15
42606,105,105,0,0
42607,59,52,7,7
42608,91,88,3,3
42609,68,63,5,5
42610,72,82,-10,10
42611,135,133,2,2
42612,79,96,-17,17
42613,107,108,-1,1
42614,30,41,-11,11
42615,70,73,-3,3
42616,105,105,0,0
42617,92,91,1,1
42618,177,174,3,3
42619,84,89,-5,5
42620,67,76,-9,9
42621,150,125,25,25
42622,65,83,-18,18
42623,69,69,0,0
42624,94,91,3,3
42625,87,74,13,13
42626,73,81,-8,8
42627,70,74,-4,4
42628,93,83,10,10
42629,110,106,4,4
42630,87,75,12,12
42631,109,111,-2,2
42632,71,75,-4,4
42633,103,107,-4,4
42634,152,145,7,7
42635,70,74,-4,4
42636,125,104,21,21
42637,91,92,-1,1
42638,172,170,2,2
42639,60,69,-9,9
42640,99,130,-31,31
42641,61,56,5,5
42642,91,90,1,1
42643,94,87,7,7
42644,135,125,10,10
42645,43,52,-9,9
42646,83,89,-6,6
42647,93,91,2,2
42648,116,114,2,2
42649,131,107,24,24
42650,140,154,-14,14
42651,101,107,-6,6
42652,160,150,10,10
42653,157,136,21,21
42654,147,177,-30,30
42655,151,153,-2,2
42656,162,161,1,1
42657,52,100,-48,48
42658,77,67,10,10
42659,86,81,5,5
42660,86,91,-5,5
42661,91,84,7,7
42662,118,111,7,7
42663,103,102,1,1
42664,103,103,0,0
42665,74,73,1,1
42666,119,114,5,5
42667,89,87,2,2
42668,107,99,8,8
42669,109,146,-37,37
42670,85,93,-8,8
42671,70,69,1,1
42672,86,82,4,4
42673,105,103,2,2
42674,98,99,-1,1
42675,75,76,-1,1
42676,50,58,-8,8
42677,67,68,-1,1
42678,76,70,6,6
42679,80,72,8,8
42680,124,128,-4,4
42681,60,71,-11,11
42682,73,71,2,2
42683,52,52,0,0
42684,102,101,1,1
42685,29,30,-1,1
42686,66,72,-6,6
42687,80,69,11,11
42688,76,77,-1,1
42689,107,103,4,4
42690,68,61,7,7
42691,129,118,11,11
42692,51,48,3,3
42693,131,137,-6,6
42694,73,79,-6,6
42695,157,150,7,7
42696,96,106,-10,10
42697,19,49,-30,30
42698,109,98,11,11
42699,67,65,2,2
42700,132,132,0,0
42701,156,126,30,30
42702,85,97,-12,12
42703,90,89,1,1
42704,85,76,9,9
42705,44,57,-13,13
42706,150,140,10,10
42707,65,67,-2,2
42708,91,106,-15,15
42709,63,79,-16,16
42710,80,82,-2,2
42711,163,173,-10,10
42712,110,100,10,10
42713,100,100,0,0
42714,89,80,9,9
42715,51,50,1,1
42716,97,104,-7,7
42717,82,85,-3,3
42718,85,83,2,2
42719,73,79,-6,6
42720,80,71,9,9
42721,50,60,-10,10
42722,81,75,6,6
42723,68,65,3,3
42724,76,77,-1,1
42725,75,70,5,5
42726,82,91,-9,9
42727,78,80,-2,2
42728,53,71,-18,18
42729,55,60,-5,5
42730,41,42,-1,1
42731,95,97,-2,2
42732,55,52,3,3
42733,99,117,-18,18
42734,64,71,-7,7
42735,93,106,-13,13
42736,61,53,8,8
42737,95,92,3,3
42738,116,120,-4,4
42739,83,75,8,8
42740,82,75,7,7
42741,137,112,25,25
42742,69,74,-5,5
42743,69,66,3,3
42744,60,53,7,7
42745,81,89,-8,8
42746,128,128,0,0
42747,78,70,8,8
42748,79,83,-4,4
42749,74,82,-8,8
42750,69,74,-5,5
42751,140,137,3,3
42752,108,115,-7,7
42753,61,54,7,7
42754,142,145,-3,3
42755,42,39,3,3
42756,68,62,6,6
42757,74,75,-1,1
42758,94,98,-4,4
42759,164,162,2,2
42760,77,74,3,3
42761,94,88,6,6
42762,192,198,-6,6
42763,121,122,-1,1
42764,61,60,1,1
42765,120,124,-4,4
42766,103,102,1,1
42767,89,86,3,3
42768,100,94,6,6
42769,97,87,10,10
42770,64,68,-4,4
42771,165,165,0,0
42772,74,70,4,4
42773,65,67,-2,2
42774,39,62,-23,23
42775,183,171,12,12
42776,82,84,-2,2
42777,111,111,0,0
42778,150,137,13,13
42779,89,76,13,13
42780,116,114,2,2
42781,106,107,-1,1
42782,129,135,-6,6
42783,59,65,-6,6
42784,161,140,21,21
42785,108,125,-17,17
42786,63,77,-14,14
42787,114,112,2,2
42788,80,87,-7,7
42789,81,85,-4,4
42790,72,73,-1,1
42791,99,89,10,10
42792,98,84,14,14
42793,111,100,11,11
42794,120,119,1,1
42795,119,116,3,3
42796,69,75,-6,6
42797,137,130,7,7
42798,130,130,0,0
42799,106,91,15,15
42800,58,61,-3,3
42801,144,141,3,3
42802,117,119,-2,2
42803,146,157,-11,11
42804,137,131,6,6
42805,116,123,-7,7
42806,86,78,8,8
42807,89,86,3,3
42808,107,104,3,3
42809,108,113,-5,5
42810,109,96,13,13
42811,53,62,-9,9
42812,79,71,8,8
42813,59,61,-2,2
42814,84,80,4,4
42815,156,143,13,13
42816,121,117,4,4
42817,66,64,2,2
42818,74,74,0,0
42819,47,102,-55,55
42820,106,104,2,2
42821,98,85,13,13
42822,68,62,6,6
42823,58,68,-10,10
42824,86,90,-4,4
42825,87,90,-3,3
42826,85,95,-10,10
42827,143,138,5,5
42828,168,149,19,19
42829,63,72,-9,9
42830,72,117,-45,45
42831,170,185,-15,15
42832,139,144,-5,5
42833,104,111,-7,7
42834,66,59,7,7
42835,78,77,1,1
42836,66,59,7,7
42837,78,73,5,5
42838,178,161,17,17
42839,176,172,4,4
42840,77,71,6,6
42841,51,49,2,2
42842,112,91,21,21
42843,110,128,-18,18
42844,140,145,-5,5
42845,120,109,11,11
42846,88,88,0,0
42847,85,94,-9,9
42848,166,155,11,11
42849,71,70,1,1
42850,112,122,-10,10
42851,73,65,8,8
42852,80,79,1,1
42853,113,129,-16,16
42854,62,66,-4,4
42855,94,70,24,24
42856,145,146,-1,1
42857,131,140,-9,9
42858,103,103,0,0
42859,98,105,-7,7
42860,84,76,8,8
42861,133,125,8,8
42862,144,137,7,7
42863,141,129,12,12
42864,119,104,15,15
42865,87,85,2,2
42866,79,85,-6,6
42867,63,69,-6,6
42868,89,92,-3,3
42869,38,43,-5,5
42870,99,103,-4,4
42871,114,105,9,9
42872,129,116,13,13
42873,155,153,2,2
42874,87,70,17,17
42875,70,68,2,2
42876,112,104,8,8
42877,137,135,2,2
42878,92,84,8,8
42879,145,142,3,3
42880,154,130,24,24
42881,130,127,3,3
42882,45,61,-16,16
42883,63,59,4,4
42884,58,56,2,2
42885,96,100,-4,4
42886,102,98,4,4
42887,118,127,-9,9
42888,119,119,0,0
42889,75,72,3,3
42890,115,115,0,0
42891,94,94,0,0
42892,108,105,3,3
42893,101,96,5,5
42894,136,133,3,3
42895,110,112,-2,2
42896,127,122,5,5
42897,94,78,16,16
42898,124,111,13,13
42899,68,72,-4,4
42900,128,118,10,10
42901,138,135,3,3
42902,83,84,-1,1
42903,125,107,18,18
42904,63,65,-2,2
42905,133,105,28,28
42906,77,71,6,6
42907,94,89,5,5
42908,116,102,14,14
42909,93,93,0,0
42910,84,88,-4,4
42911,125,124,1,1
42912,123,130,-7,7
42913,92,89,3,3
42914,155,149,6,6
42915,86,200,-114,114
42916,75,74,1,1
42917,74,76,-2,2
42918,78,81,-3,3
42919,96,84,12,12
42920,113,122,-9,9
42921,139,164,-25,25
42922,95,88,7,7
42923,83,83,0,0
42924,128,126,2,2
42925,102,100,2,2
42926,124,140,-16,16
42927,71,71,0,0
42928,63,67,-4,4
42929,71,69,2,2
42930,131,136,-5,5
42931,115,136,-21,21
42932,91,88,3,3
42933,92,97,-5,5
42934,59,53,6,6
42935,138,141,-3,3
42936,71,67,4,4
42937,53,64,-11,11
42938,103,104,-1,1
42939,85,82,3,3
42940,92,89,3,3
42941,109,126,-17,17
42942,74,82,-8,8
42943,100,96,4,4
42944,111,107,4,4
42945,112,110,2,2
42946,112,101,11,11
42947,31,39,-8,8
42948,57,74,-17,17
42949,194,184,10,10
42950,75,69,6,6
42951,119,120,-1,1
42952,106,103,3,3
42953,89,76,13,13
42954,75,70,5,5
42955,77,77,0,0
42956,68,72,-4,4
42957,48,45,3,3
42958,53,49,4,4
42959,91,91,0,0
42960,90,104,-14,14
42961,57,67,-10,10
42962,81,81,0,0
42963,113,110,3,3
42964,89,85,4,4
42965,74,70,4,4
42966,89,86,3,3
42967,73,76,-3,3
42968,54,54,0,0
42969,77,78,-1,1
42970,108,95,13,13
42971,59,70,-11,11
42972,218,202,16,16
42973,118,129,-11,11
42974,86,91,-5,5
42975,153,149,4,4
42976,123,120,3,3
42977,117,119,-2,2
42978,51,46,5,5
42979,77,77,0,0
42980,59,53,6,6
42981,69,76,-7,7
42982,67,75,-8,8
42983,83,81,2,2
42984,137,125,12,12
42985,96,85,11,11
42986,68,70,-2,2
42987,91,103,-12,12
42988,81,88,-7,7
42989,79,67,12,12
42990,50,43,7,7
42991,78,77,1,1
42992,32,39,-7,7
42993,64,64,0,0
42994,80,88,-8,8
42995,99,93,6,6
42996,131,138,-7,7
42997,48,51,-3,3
42998,77,69,8,8
42999,128,129,-1,1
43000,120,119,1,1
43001,55,53,2,2
43002,79,69,10,10
43003,85,83,2,2
43004,148,139,9,9
43005,136,133,3,3
43006,111,123,-12,12
43007,105,133,-28,28
43008,93,91,2,2
43009,79,77,2,2
43010,87,83,4,4
43011,69,70,-1,1
43012,109,103,6,6
43013,156,149,7,7
43014,106,106,0,0
43015,105,105,0,0
43016,42,39,3,3
43017,84,84,0,0
43018,15,34,-19,19
43019,89,97,-8,8
43020,179,174,5,5
43021,65,67,-2,2
43022,108,113,-5,5
43023,40,47,-7,7
43024,89,81,8,8
43025,138,130,8,8
43026,134,139,-5,5
43027,102,98,4,4
43028,103,98,5,5
43029,143,126,17,17
43030,65,69,-4,4
43031,74,70,4,4
43032,116,108,8,8
43033,79,82,-3,3
43034,74,73,1,1
43035,91,70,21,21
43036,99,94,5,5
43037,64,62,2,2
43038,120,112,8,8
43039,103,89,14,14
43040,90,87,3,3
43041,51,47,4,4
43042,96,87,9,9
43043,77,74,3,3
43044,142,146,-4,4
43045,77,64,13,13
43046,90,85,5,5
43047,141,136,5,5
43048,85,90,-5,5
43049,98,89,9,9
43050,146,144,2,2
43051,120,109,11,11
43052,107,113,-6,6
43053,97,101,-4,4
43054,125,130,-5,5
43055,81,86,-5,5
43056,99,102,-3,3
43057,90,93,-3,3
43058,53,48,5,5
43059,88,79,9,9
43060,70,63,7,7
43061,57,72,-15,15
43062,77,72,5,5
43063,51,66,-15,15
43064,110,115,-5,5
43065,72,74,-2,2
43066,101,101,0,0
43067,177,162,15,15
43068,153,140,13,13
43069,157,156,1,1
43070,67,65,2,2
43071,63,65,-2,2
43072,208,187,21,21
43073,84,80,4,4
43074,69,69,0,0
43075,110,97,13,13
43076,85,73,12,12
43077,37,43,-6,6
43078,142,120,22,22
43079,82,87,-5,5
43080,81,88,-7,7
43081,94,95,-1,1
43082,143,144,-1,1
43083,118,112,6,6
43084,86,94,-8,8
43085,76,80,-4,4
43086,73,64,9,9
43087,131,112,19,19
43088,53,70,-17,17
43089,66,70,-4,4
43090,101,106,-5,5
43091,115,116,-1,1
43092,136,132,4,4
43093,61,85,-24,24
43094,86,86,0,0
43095,71,79,-8,8
43096,81,82,-1,1
43097,69,79,-10,10
43098,36,45,-9,9
43099,157,154,3,3
43100,57,60,-3,3
43101,73,62,11,11
43102,185,168,17,17
43103,62,53,9,9
43104,123,125,-2,2
43105,65,67,-2,2
43106,73,70,3,3
43107,98,94,4,4
43108,101,95,6,6
43109,104,100,4,4
43110,83,85,-2,2
43111,58,60,-2,2
43112,85,85,0,0
43113,55,60,-5,5
43114,80,67,13,13
43115,66,65,1,1
43116,83,75,8,8
43117,107,116,-9,9
43118,104,95,9,9
43119,44,58,-14,14
43120,63,71,-8,8
43121,85,76,9,9
43122,133,129,4,4
43123,59,60,-1,1
43124,130,106,24,24
43125,74,72,2,2
43126,62,58,4,4
43127,109,99,10,10
43128,71,70,1,1
43129,55,87,-32,32
43130,142,138,4,4
43131,117,121,-4,4
43132,110,103,7,7
43133,35,62,-27,27
43134,85,88,-3,3
43135,63,61,2,2
43136,79,88,-9,9
43137,101,96,5,5
43138,73,75,-2,2
43139,150,158,-8,8
43140,164,144,20,20
43141,121,115,6,6
43142,56,60,-4,4
43143,82,85,-3,3
43144,115,129,-14,14
43145,103,92,11,11
43146,80,77,3,3
43147,90,109,-19,19
43148,103,97,6,6
43149,122,129,-7,7
43150,113,115,-2,2
43151,62,70,-8,8
43152,120,120,0,0
43153,94,95,-1,1
43154,93,92,1,1
43155,52,52,0,0
43156,89,82,7,7
43157,72,60,12,12
43158,65,57,8,8
43159,92,85,7,7
43160,59,60,-1,1
43161,86,102,-16,16
43162,119,113,6,6
43163,64,69,-5,5
43164,142,111,31,31
43165,80,80,0,0
43166,68,65,3,3
43167,85,87,-2,2
43168,69,70,-1,1
43169,157,157,0,0
43170,120,103,17,17
43171,135,130,5,5
43172,72,66,6,6
43173,99,85,14,14
43174,88,95,-7,7
43175,101,98,3,3
43176,72,74,-2,2
43177,166,174,-8,8
43178,49,51,-2,2
43179,89,85,4,4
43180,113,102,11,11
43181,113,104,9,9
43182,85,88,-3,3
43183,67,77,-10,10
43184,89,89,0,0
43185,63,67,-4,4
43186,52,94,-42,42
43187,127,119,8,8
43188,106,104,2,2
43189,120,105,15,15
43190,97,114,-17,17
43191,57,63,-6,6
43192,68,80,-12,12
43193,105,108,-3,3
43194,106,112,-6,6
43195,133,129,4,4
43196,63,73,-10,10
43197,58,65,-7,7
43198,106,113,-7,7
43199,103,93,10,10
43200,71,74,-3,3
43201,103,106,-3,3
43202,42,41,1,1
43203,91,84,7,7
43204,103,110,-7,7
43205,90,89,1,1
43206,103,104,-1,1
43207,111,104,7,7
43208,132,118,14,14
43209,115,113,2,2
43210,121,128,-7,7
43211,122,110,12,12
43212,132,127,5,5
43213,32,42,-10,10
43214,110,102,8,8
43215,87,90,-3,3
43216,135,132,3,3
43217,102,97,5,5
43218,82,84,-2,2
43219,131,121,10,10
43220,102,106,-4,4
43221,52,53,-1,1
43222,100,108,-8,8
43223,100,93,7,7
43224,90,96,-6,6
43225,85,90,-5,5
43226,61,65,-4,4
43227,154,167,-13,13
43228,137,128,9,9
43229,107,102,5,5
43230,98,100,-2,2
43231,92,88,4,4
43232,191,171,20,20
43233,113,122,-9,9
43234,104,103,1,1
43235,62,57,5,5
43236,80,80,0,0
43237,50,48,2,2
43238,100,82,18,18
43239,126,127,-1,1
43240,113,105,8,8
43241,69,70,-1,1
43242,62,60,2,2
43243,52,70,-18,18
43244,118,116,2,2
43245,59,63,-4,4
43246,40,46,-6,6
43247,93,93,0,0
43248,105,113,-8,8
43249,127,119,8,8
43250,84,92,-8,8
43251,93,105,-12,12
43252,121,130,-9,9
43253,94,98,-4,4
43254,64,62,2,2
43255,109,104,5,5
43256,123,134,-11,11
43257,130,127,3,3
43258,138,136,2,2
43259,67,70,-3,3
43260,99,100,-1,1
43261,84,78,6,6
43262,112,126,-14,14
43263,103,103,0,0
43264,60,52,8,8
43265,90,109,-19,19
43266,131,138,-7,7
43267,47,46,1,1
43268,90,85,5,5
43269,81,83,-2,2
43270,84,81,3,3
43271,81,84,-3,3
43272,105,108,-3,3
43273,67,72,-5,5
43274,86,86,0,0
43275,140,148,-8,8
43276,78,72,6,6
43277,96,91,5,5
43278,102,104,-2,2
43279,43,46,-3,3
43280,71,84,-13,13
43281,91,97,-6,6
43282,84,82,2,2
43283,125,120,5,5
43284,50,61,-11,11
43285,90,93,-3,3
43286,68,61,7,7
43287,129,124,5,5
43288,133,142,-9,9
43289,72,92,-20,20
43290,150,148,2,2
43291,179,165,14,14
43292,96,93,3,3
43293,72,69,3,3
43294,178,158,20,20
43295,89,86,3,3
43296,129,119,10,10
43297,84,77,7,7
43298,87,79,8,8
43299,82,75,7,7
43300,82,91,-9,9
43301,91,89,2,2
43302,112,117,-5,5
43303,88,94,-6,6
43304,100,107,-7,7
43305,164,157,7,7
43306,89,93,-4,4
43307,72,78,-6,6
43308,111,118,-7,7
43309,123,130,-7,7
43310,163,147,16,16
43311,65,65,0,0
43312,130,137,-7,7
43313,145,145,0,0
43314,92,91,1,1
43315,50,60,-10,10
43316,73,91,-18,18
43317,57,61,-4,4
43318,89,75,14,14
43319,82,78,4,4
43320,67,62,5,5
43321,91,100,-9,9
43322,112,110,2,2
43323,73,71,2,2
43324,64,63,1,1
43325,119,132,-13,13
43326,61,61,0,0
43327,26,36,-10,10
43328,67,69,-2,2
43329,178,166,12,12
43330,97,79,18,18
43331,132,113,19,19
43332,121,126,-5,5
43333,143,119,24,24
43334,92,99,-7,7
43335,78,85,-7,7
43336,99,101,-2,2
43337,68,67,1,1
43338,61,61,0,0
43339,139,145,-6,6
43340,162,161,1,1
43341,86,83,3,3
43342,106,102,4,4
43343,48,48,0,0
43344,125,116,9,9
43345,123,123,0,0
43346,117,113,4,4
43347,229,196,33,33
43348,83,85,-2,2
43349,72,113,-41,41
43350,130,130,0,0
43351,49,50,-1,1
43352,124,124,0,0
43353,123,127,-4,4
43354,127,136,-9,9
43355,78,81,-3,3
43356,87,114,-27,27
43357,129,117,12,12
43358,97,92,5,5
43359,129,143,-14,14
43360,69,67,2,2
43361,84,85,-1,1
43362,122,106,16,16
43363,158,143,15,15
43364,77,85,-8,8
43365,86,98,-12,12
43366,100,106,-6,6
43367,93,100,-7,7
43368,117,110,7,7
43369,139,129,10,10
43370,100,93,7,7
43371,162,153,9,9
43372,68,69,-1,1
43373,68,69,-1,1
43374,85,75,10,10
43375,105,98,7,7
43376,174,159,15,15
43377,85,87,-2,2
43378,108,98,10,10
43379,67,70,-3,3
43380,115,113,2,2
43381,63,64,-1,1
43382,107,105,2,2
43383,99,107,-8,8
43384,52,55,-3,3
43385,87,84,3,3
43386,125,95,30,30
43387,64,54,10,10
43388,101,112,-11,11
43389,118,117,1,1
43390,129,128,1,1
43391,100,103,-3,3
43392,71,68,3,3
43393,70,80,-10,10
43394,70,74,-4,4
43395,101,82,19,19
43396,71,76,-5,5
43397,70,72,-2,2
43398,115,115,0,0
43399,56,55,1,1
43400,106,105,1,1
43401,125,124,1,1
43402,104,102,2,2
43403,84,80,4,4
43404,64,68,-4,4
43405,82,84,-2,2
43406,99,104,-5,5
43407,167,164,3,3
43408,107,108,-1,1
43409,91,85,6,6
43410,83,86,-3,3
43411,89,77,12,12
43412,92,86,6,6
43413,114,106,8,8
43414,126,104,22,22
43415,133,124,9,9
43416,51,55,-4,4
43417,87,80,7,7
43418,67,64,3,3
43419,67,61,6,6
43420,142,136,6,6
43421,139,126,13,13
43422,125,111,14,14
43423,81,76,5,5
43424,210,190,20,20
43425,113,107,6,6
43426,57,68,-11,11
43427,94,102,-8,8
43428,121,100,21,21
43429,107,104,3,3
43430,38,45,-7,7
43431,81,85,-4,4
43432,126,111,15,15
43433,248,243,5,5
43434,92,94,-2,2
43435,153,147,6,6
43436,127,131,-4,4
43437,45,49,-4,4
43438,81,105,-24,24
43439,164,162,2,2
43440,140,151,-11,11
43441,114,112,2,2
43442,115,115,0,0
43443,87,81,6,6
43444,57,59,-2,2
43445,51,45,6,6
43446,95,105,-10,10
43447,33,39,-6,6
43448,128,125,3,3
43449,101,96,5,5
43450,75,76,-1,1
43451,138,131,7,7
43452,136,124,12,12
43453,63,84,-21,21
43454,80,67,13,13
43455,90,102,-12,12
43456,47,43,4,4
43457,96,95,1,1
43458,62,61,1,1
43459,98,93,5,5
43460,140,138,2,2
43461,84,71,13,13
43462,143,146,-3,3
43463,84,88,-4,4
43464,151,157,-6,6
43465,87,78,9,9
43466,107,114,-7,7
43467,118,110,8,8
43468,60,66,-6,6
43469,82,88,-6,6
43470,167,160,7,7
43471,110,102,8,8
43472,98,97,1,1
43473,83,86,-3,3
43474,76,75,1,1
43475,93,102,-9,9
43476,102,99,3,3
43477,76,63,13,13
43478,76,83,-7,7
43479,115,115,0,0
43480,77,79,-2,2
43481,98,95,3,3
43482,149,141,8,8
43483,78,72,6,6
43484,119,120,-1,1
43485,121,115,6,6
43486,46,76,-30,30
43487,67,78,-11,11
43488,129,117,12,12
43489,114,117,-3,3
43490,73,73,0,0
43491,118,116,2,2
43492,90,91,-1,1
43493,165,163,2,2
43494,147,147,0,0
43495,52,44,8,8
43496,111,125,-14,14
43497,160,144,16,16
43498,88,94,-6,6
43499,105,108,-3,3
43500,105,94,11,11
43501,90,91,-1,1
43502,120,124,-4,4
43503,89,71,18,18
43504,79,80,-1,1
43505,82,88,-6,6
43506,122,124,-2,2
43507,96,92,4,4
43508,48,55,-7,7
43509,70,65,5,5
43510,65,76,-11,11
43511,78,80,-2,2
43512,133,131,2,2
43513,48,50,-2,2
43514,90,89,1,1
43515,54,56,-2,2
43516,104,90,14,14
43517,91,80,11,11
43518,112,110,2,2
43519,63,66,-3,3
43520,113,109,4,4
43521,99,85,14,14
43522,100,98,2,2
43523,69,72,-3,3
43524,122,118,4,4
43525,84,85,-1,1
43526,119,106,13,13
43527,103,94,9,9
43528,91,107,-16,16
43529,55,60,-5,5
43530,64,65,-1,1
43531,87,87,0,0
43532,220,209,11,11
43533,85,83,2,2
43534,63,65,-2,2
43535,64,62,2,2
43536,109,118,-9,9
43537,80,76,4,4
43538,91,87,4,4
43539,146,151,-5,5
43540,125,123,2,2
43541,130,135,-5,5
43542,127,141,-14,14
43543,113,102,11,11
43544,125,124,1,1
43545,84,86,-2,2
43546,111,111,0,0
43547,138,128,10,10
43548,47,50,-3,3
43549,75,85,-10,10
43550,98,109,-11,11
43551,163,157,6,6
43552,140,127,13,13
43553,50,41,9,9
43554,77,74,3,3
43555,64,60,4,4
43556,76,73,3,3
43557,108,105,3,3
43558,53,46,7,7
43559,65,75,-10,10
43560,197,188,9,9
43561,182,173,9,9
43562,71,69,2,2
43563,134,116,18,18
43564,126,115,11,11
43565,54,59,-5,5
43566,132,138,-6,6
43567,86,79,7,7
43568,106,108,-2,2
43569,53,59,-6,6
43570,87,87,0,0
43571,80,82,-2,2
43572,150,155,-5,5
43573,49,46,3,3
43574,137,99,38,38
43575,51,55,-4,4
43576,90,82,8,8
43577,125,125,0,0
43578,110,116,-6,6
43579,112,115,-3,3
43580,51,52,-1,1
43581,105,95,10,10
43582,110,111,-1,1
43583,93,98,-5,5
43584,169,162,7,7
43585,97,80,17,17
43586,97,79,18,18
43587,89,93,-4,4
43588,75,78,-3,3
43589,119,119,0,0
43590,93,98,-5,5
43591,53,58,-5,5
43592,121,103,18,18
43593,61,79,-18,18
43594,98,105,-7,7
43595,92,94,-2,2
43596,63,59,4,4
43597,101,86,15,15
43598,180,169,11,11
43599,70,73,-3,3
43600,66,69,-3,3
43601,121,197,-76,76
43602,100,99,1,1
43603,151,147,4,4
43604,44,62,-18,18
43605,93,94,-1,1
43606,79,69,10,10
43607,133,122,11,11
43608,51,50,1,1
43609,111,114,-3,3
43610,83,81,2,2
43611,93,100,-7,7
43612,78,66,12,12
43613,75,73,2,2
43614,133,135,-2,2
43615,128,116,12,12
43616,98,107,-9,9
43617,137,122,15,15
43618,79,84,-5,5
43619,90,85,5,5
43620,62,63,-1,1
43621,170,173,-3,3
43622,123,128,-5,5
43623,57,64,-7,7
43624,87,97,-10,10
43625,35,46,-11,11
43626,76,87,-11,11
43627,95,85,10,10
43628,63,65,-2,2
43629,74,68,6,6
43630,125,132,-7,7
43631,115,115,0,0
43632,63,63,0,0
43633,141,138,3,3
43634,78,79,-1,1
43635,71,72,-1,1
43636,90,88,2,2
43637,235,228,7,7
43638,118,108,10,10
43639,65,72,-7,7
43640,98,90,8,8
43641,97,108,-11,11
43642,48,55,-7,7
43643,110,109,1,1
43644,96,93,3,3
43645,119,114,5,5
43646,141,135,6,6
43647,80,83,-3,3
43648,88,109,-21,21
43649,93,92,1,1
43650,141,142,-1,1
43651,59,82,-23,23
43652,98,97,1,1
43653,66,79,-13,13
43654,91,92,-1,1
43655,90,88,2,2
43656,111,109,2,2
43657,96,94,2,2
43658,103,97,6,6
43659,59,59,0,0
43660,68,71,-3,3
43661,73,71,2,2
43662,60,63,-3,3
43663,75,92,-17,17
43664,65,66,-1,1
43665,91,92,-1,1
43666,53,67,-14,14
43667,97,100,-3,3
43668,66,60,6,6
43669,94,95,-1,1
43670,97,94,3,3
43671,81,81,0,0
43672,134,130,4,4
43673,96,100,-4,4
43674,115,119,-4,4
43675,51,72,-21,21
43676,75,79,-4,4
43677,157,147,10,10
43678,86,89,-3,3
43679,147,153,-6,6
43680,85,84,1,1
43681,88,94,-6,6
43682,46,50,-4,4
43683,119,118,1,1
43684,109,97,12,12
43685,142,146,-4,4
43686,95,99,-4,4
43687,93,100,-7,7
43688,79,78,1,1
43689,142,139,3,3
43690,83,88,-5,5
43691,93,91,2,2
43692,149,116,33,33
43693,114,101,13,13
43694,99,89,10,10
43695,125,128,-3,3
43696,116,96,20,20
43697,131,138,-7,7
43698,103,98,5,5
43699,79,72,7,7
43700,171,168,3,3
43701,69,77,-8,8
43702,78,88,-10,10
43703,67,79,-12,12
43704,82,83,-1,1
43705,110,115,-5,5
43706,171,163,8,8
43707,46,43,3,3
43708,60,64,-4,4
43709,179,165,14,14
43710,68,73,-5,5
43711,66,62,4,4
43712,67,68,-1,1
43713,87,106,-19,19
43714,61,64,-3,3
43715,61,66,-5,5
43716,122,128,-6,6
43717,96,96,0,0
43718,106,92,14,14
43719,54,55,-1,1
43720,76,77,-1,1
43721,111,116,-5,5
43722,44,46,-2,2
43723,163,162,1,1
43724,71,62,9,9
43725,74,73,1,1
43726,97,99,-2,2
43727,134,129,5,5
43728,82,77,5,5
43729,79,99,-20,20
43730,138,124,14,14
43731,82,99,-17,17
43732,152,153,-1,1
43733,111,111,0,0
43734,123,116,7,7
43735,77,71,6,6
43736,146,136,10,10
43737,82,82,0,0
43738,69,72,-3,3
43739,91,97,-6,6
43740,166,156,10,10
43741,53,52,1,1
43742,71,66,5,5
43743,84,82,2,2
43744,68,70,-2,2
43745,94,105,-11,11
43746,101,130,-29,29
43747,106,104,2,2
43748,93,88,5,5
43749,69,69,0,0
43750,136,124,12,12
43751,90,88,2,2
43752,87,76,11,11
43753,64,60,4,4
43754,62,103,-41,41
43755,77,84,-7,7
43756,47,65,-18,18
43757,122,123,-1,1
43758,67,70,-3,3
43759,87,96,-9,9
43760,84,73,11,11
43761,68,66,2,2
43762,60,62,-2,2
43763,75,77,-2,2
43764,90,83,7,7
43765,69,85,-16,16
43766,77,71,6,6
43767,82,78,4,4
43768,127,127,0,0
43769,58,63,-5,5
43770,151,145,6,6
43771,125,134,-9,9
43772,114,110,4,4
43773,106,112,-6,6
43774,85,88,-3,3
43775,92,89,3,3
43776,70,67,3,3
43777,124,124,0,0
43778,97,104,-7,7
43779,71,76,-5,5
43780,146,150,-4,4
43781,93,95,-2,2
43782,91,88,3,3
43783,63,61,2,2
43784,60,59,1,1
43785,84,100,-16,16
43786,192,195,-3,3
43787,93,85,8,8
43788,133,122,11,11
43789,95,94,1,1
43790,65,59,6,6
43791,81,94,-13,13
43792,107,114,-7,7
43793,131,121,10,10
43794,130,136,-6,6
43795,68,63,5,5
43796,77,79,-2,2
43797,112,118,-6,6
43798,67,73,-6,6
43799,91,90,1,1
43800,90,86,4,4
43801,125,127,-2,2
43802,69,64,5,5
43803,106,106,0,0
43804,110,100,10,10
43805,65,63,2,2
43806,87,92,-5,5
43807,60,52,8,8
43808,91,85,6,6
43809,153,138,15,15
43810,95,94,1,1
43811,150,142,8,8
43812,61,70,-9,9
43813,169,179,-10,10
43814,76,80,-4,4
43815,93,95,-2,2
43816,75,69,6,6
43817,76,86,-10,10
43818,85,101,-16,16
43819,63,70,-7,7
43820,86,89,-3,3
43821,111,102,9,9
43822,81,78,3,3
43823,225,178,47,47
43824,49,44,5,5
43825,90,94,-4,4
43826,67,65,2,2
43827,109,115,-6,6
43828,103,92,11,11
43829,73,64,9,9
43830,137,140,-3,3
43831,93,96,-3,3
43832,68,67,1,1
43833,82,99,-17,17
43834,66,69,-3,3
43835,110,96,14,14
43836,170,176,-6,6
43837,104,101,3,3
43838,73,78,-5,5
43839,137,129,8,8
43840,55,51,4,4
43841,52,60,-8,8
43842,95,91,4,4
43843,48,48,0,0
43844,67,76,-9,9
43845,64,63,1,1
43846,71,73,-2,2
43847,77,74,3,3
43848,66,60,6,6
43849,78,76,2,2
43850,71,77,-6,6
43851,117,117,0,0
43852,83,72,11,11
43853,43,46,-3,3
43854,100,94,6,6
43855,50,53,-3,3
43856,140,144,-4,4
43857,86,102,-16,16
43858,63,63,0,0
43859,91,93,-2,2
43860,113,111,2,2
43861,63,64,-1,1
43862,61,59,2,2
43863,78,84,-6,6
43864,34,48,-14,14
43865,90,102,-12,12
43866,47,41,6,6
43867,64,73,-9,9
43868,58,68,-10,10
43869,116,120,-4,4
43870,117,116,1,1
43871,84,92,-8,8
43872,105,107,-2,2
43873,86,85,1,1
43874,68,69,-1,1
43875,131,142,-11,11
43876,77,79,-2,2
43877,76,71,5,5
43878,117,110,7,7
43879,97,93,4,4
43880,123,121,2,2
43881,98,104,-6,6
43882,71,69,2,2
43883,127,119,8,8
43884,56,55,1,1
43885,122,111,11,11
43886,49,58,-9,9
43887,60,63,-3,3
43888,115,108,7,7
43889,78,83,-5,5
43890,46,51,-5,5
43891,119,117,2,2
43892,129,148,-19,19
43893,66,64,2,2
43894,142,142,0,0
43895,79,80,-1,1
43896,71,78,-7,7
43897,144,140,4,4
43898,106,111,-5,5
43899,77,77,0,0
43900,74,80,-6,6
43901,69,67,2,2
43902,88,82,6,6
43903,59,60,-1,1
43904,123,124,-1,1
43905,54,58,-4,4
43906,43,52,-9,9
43907,155,139,16,16
43908,68,68,0,0
43909,131,132,-1,1
43910,146,143,3,3
43911,102,86,16,16
43912,80,81,-1,1
43913,57,66,-9,9
43914,81,80,1,1
43915,104,117,-13,13
43916,39,41,-2,2
43917,78,80,-2,2
43918,112,107,5,5
43919,44,83,-39,39
43920,79,76,3,3
43921,132,132,0,0
43922,117,123,-6,6
43923,80,86,-6,6
43924,88,76,12,12
43925,61,61,0,0
43926,57,46,11,11
43927,123,124,-1,1
43928,60,64,-4,4
43929,113,104,9,9
43930,64,70,-6,6
43931,101,93,8,8
43932,143,143,0,0
43933,71,79,-8,8
43934,80,70,10,10
43935,70,67,3,3
43936,45,49,-4,4
43937,44,52,-8,8
43938,92,87,5,5
43939,67,72,-5,5
43940,63,52,11,11
43941,139,136,3,3
43942,127,118,9,9
43943,69,63,6,6
43944,136,132,4,4
43945,109,116,-7,7
43946,120,119,1,1
43947,63,66,-3,3
43948,50,54,-4,4
43949,97,92,5,5
43950,103,90,13,13
43951,89,82,7,7
43952,85,81,4,4
43953,173,169,4,4
43954,128,128,0,0
43955,171,173,-2,2
43956,49,48,1,1
43957,99,84,15,15
43958,129,138,-9,9
43959,85,87,-2,2
43960,102,100,2,2
43961,124,123,1,1
43962,122,111,11,11
43963,137,134,3,3
43964,89,98,-9,9
43965,51,52,-1,1
43966,81,100,-19,19
43967,88,78,10,10
43968,76,83,-7,7
43969,111,118,-7,7
43970,86,89,-3,3
43971,131,126,5,5
43972,23,33,-10,10
43973,109,108,1,1
43974,84,79,5,5
43975,101,102,-1,1
43976,139,138,1,1
43977,58,67,-9,9
43978,71,75,-4,4
43979,95,80,15,15
43980,70,65,5,5
43981,65,71,-6,6
43982,95,91,4,4
43983,109,101,8,8
43984,57,58,-1,1
43985,103,102,1,1
43986,184,165,19,19
43987,80,76,4,4
43988,103,107,-4,4
43989,94,123,-29,29
43990,62,62,0,0
43991,110,91,19,19
43992,109,112,-3,3
43993,47,51,-4,4
43994,107,114,-7,7
43995,184,162,22,22
43996,122,135,-13,13
43997,155,159,-4,4
43998,66,71,-5,5
43999,63,60,3,3
44000,104,119,-15,15
44001,100,89,11,11
44002,82,99,-17,17
44003,162,162,0,0
44004,122,127,-5,5
44005,78,135,-57,57
44006,71,63,8,8
44007,131,114,17,17
44008,113,108,5,5
44009,84,90,-6,6
44010,65,63,2,2
44011,81,83,-2,2
44012,93,82,11,11
44013,67,68,-1,1
44014,148,134,14,14
44015,72,76,-4,4
44016,106,98,8,8
44017,79,89,-10,10
44018,113,115,-2,2
44019,66,61,5,5
44020,68,63,5,5
44021,63,57,6,6
44022,81,98,-17,17
44023,117,113,4,4
44024,70,109,-39,39
44025,78,76,2,2
44026,165,176,-11,11
44027,40,41,-1,1
44028,85,89,-4,4
44029,73,108,-35,35
44030,104,98,6,6
44031,129,116,13,13
44032,116,103,13,13
44033,115,107,8,8
44034,82,80,2,2
44035,84,85,-1,1
44036,82,88,-6,6
44037,29,61,-32,32
44038,64,76,-12,12
44039,66,58,8,8
44040,114,112,2,2
44041,146,135,11,11
44042,65,61,4,4
44043,42,43,-1,1
44044,157,159,-2,2
44045,89,86,3,3
44046,116,134,-18,18
44047,54,54,0,0
44048,77,76,1,1
44049,79,82,-3,3
44050,137,140,-3,3
44051,67,64,3,3
44052,105,114,-9,9
44053,149,123,26,26
44054,57,61,-4,4
44055,104,114,-10,10
44056,89,98,-9,9
44057,82,88,-6,6
44058,106,122,-16,16
44059,191,183,8,8
44060,87,83,4,4
44061,58,57,1,1
44062,114,112,2,2
44063,114,121,-7,7
44064,118,107,11,11
44065,159,154,5,5
44066,58,53,5,5
44067,95,93,2,2
44068,74,77,-3,3
44069,135,122,13,13
44070,134,134,0,0
44071,87,81,6,6
44072,130,117,13,13
44073,119,117,2,2
44074,142,137,5,5
44075,152,153,-1,1
44076,105,102,3,3
44077,63,63,0,0
44078,92,96,-4,4
44079,75,71,4,4
44080,96,95,1,1
44081,75,69,6,6
44082,56,53,3,3
44083,72,69,3,3
44084,89,113,-24,24
44085,58,60,-2,2
44086,76,75,1,1
44087,90,109,-19,19
44088,73,82,-9,9
44089,78,79,-1,1
44090,110,119,-9,9
44091,174,152,22,22
44092,104,90,14,14
44093,94,97,-3,3
44094,165,153,12,12
44095,107,97,10,10
44096,78,77,1,1
44097,90,86,4,4
44098,124,119,5,5
44099,129,118,11,11
44100,66,66,0,0
44101,73,80,-7,7
44102,139,142,-3,3
44103,72,78,-6,6
44104,140,135,5,5
44105,93,100,-7,7
44106,135,127,8,8
44107,56,60,-4,4
44108,76,70,6,6
44109,102,109,-7,7
44110,102,101,1,1
44111,130,126,4,4
44112,152,154,-2,2
44113,76,72,4,4
44114,178,184,-6,6
44115,85,77,8,8
44116,78,73,5,5
44117,97,118,-21,21
44118,113,120,-7,7
44119,81,85,-4,4
44120,65,75,-10,10
44121,42,57,-15,15
44122,72,82,-10,10
44123,115,113,2,2
44124,80,85,-5,5
44125,39,39,0,0
44126,85,82,3,3
44127,101,94,7,7
44128,158,161,-3,3
44129,91,94,-3,3
44130,68,66,2,2
44131,112,121,-9,9
44132,161,163,-2,2
44133,147,158,-11,11
44134,63,67,-4,4
44135,60,77,-17,17
44136,84,85,-1,1
44137,112,112,0,0
44138,129,118,11,11
44139,136,137,-1,1
44140,130,126,4,4
44141,74,73,1,1
44142,111,114,-3,3
44143,118,119,-1,1
44144,60,59,1,1
44145,59,69,-10,10
44146,90,92,-2,2
44147,72,78,-6,6
44148,118,119,-1,1
44149,63,62,1,1
44150,91,90,1,1
44151,106,110,-4,4
44152,89,88,1,1
44153,111,112,-1,1
44154,131,128,3,3
44155,85,95,-10,10
44156,97,100,-3,3
44157,41,44,-3,3
44158,104,107,-3,3
44159,137,140,-3,3
44160,110,103,7,7
44161,50,78,-28,28
44162,143,132,11,11
44163,110,106,4,4
44164,79,82,-3,3
44165,79,84,-5,5
44166,71,76,-5,5
44167,116,119,-3,3
44168,89,85,4,4
44169,85,86,-1,1
44170,62,70,-8,8
44171,105,94,11,11
44172,110,116,-6,6
44173,68,78,-10,10
44174,125,127,-2,2
44175,120,117,3,3
44176,118,113,5,5
44177,63,60,3,3
44178,42,43,-1,1
44179,49,51,-2,2
44180,96,95,1,1
44181,107,113,-6,6
44182,108,113,-5,5
44183,94,93,1,1
44184,89,87,2,2
44185,117,116,1,1
44186,120,125,-5,5
44187,71,70,1,1
44188,71,77,-6,6
44189,58,60,-2,2
44190,90,102,-12,12
44191,118,111,7,7
44192,43,64,-21,21
44193,78,74,4,4
44194,159,152,7,7
44195,99,110,-11,11
44196,92,97,-5,5
44197,148,134,14,14
44198,97,86,11,11
44199,84,89,-5,5
44200,45,45,0,0
44201,63,64,-1,1
44202,117,113,4,4
44203,122,120,2,2
44204,115,108,7,7
44205,110,104,6,6
44206,114,106,8,8
44207,71,71,0,0
44208,132,142,-10,10
44209,73,72,1,1
44210,137,132,5,5
44211,79,76,3,3
44212,79,68,11,11
44213,106,107,-1,1
44214,99,94,5,5
44215,77,100,-23,23
44216,127,131,-4,4
44217,96,89,7,7
44218,66,64,2,2
44219,63,62,1,1
44220,95,98,-3,3
44221,97,91,6,6
44222,42,44,-2,2
44223,60,48,12,12
44224,59,65,-6,6
44225,66,63,3,3
44226,140,105,35,35
44227,64,66,-2,2
44228,72,72,0,0
44229,85,86,-1,1
44230,119,97,22,22
44231,99,94,5,5
44232,133,126,7,7
44233,75,77,-2,2
44234,66,63,3,3
44235,102,96,6,6
44236,63,68,-5,5
44237,133,130,3,3
44238,144,144,0,0
44239,141,127,14,14
44240,97,108,-11,11
44241,90,94,-4,4
44242,124,127,-3,3
44243,123,127,-4,4
44244,191,170,21,21
44245,62,61,1,1
44246,58,64,-6,6
44247,98,90,8,8
44248,113,111,2,2
44249,107,99,8,8
44250,106,108,-2,2
44251,95,92,3,3
44252,144,138,6,6
44253,50,48,2,2
44254,195,174,21,21
44255,122,104,18,18
44256,97,84,13,13
44257,71,52,19,19
44258,153,144,9,9
44259,67,69,-2,2
44260,51,55,-4,4
44261,65,69,-4,4
44262,78,77,1,1
44263,87,83,4,4
44264,72,76,-4,4
44265,81,81,0,0
44266,149,143,6,6
44267,119,105,14,14
44268,102,91,11,11
44269,93,89,4,4
44270,116,116,0,0
44271,125,125,0,0
44272,138,133,5,5
44273,75,83,-8,8
44274,100,99,1,1
44275,107,96,11,11
44276,91,116,-25,25
44277,135,133,2,2
44278,47,52,-5,5
44279,95,85,10,10
44280,88,99,-11,11
44281,71,62,9,9
44282,110,127,-17,17
44283,108,109,-1,1
44284,49,61,-12,12
44285,48,51,-3,3
44286,93,96,-3,3
44287,94,94,0,0
44288,140,139,1,1
44289,68,69,-1,1
44290,79,85,-6,6
44291,147,146,1,1
44292,107,97,10,10
44293,77,73,4,4
44294,87,88,-1,1
44295,183,181,2,2
44296,123,111,12,12
44297,143,137,6,6
44298,94,93,1,1
44299,96,89,7,7
44300,85,93,-8,8
44301,112,114,-2,2
44302,82,83,-1,1
44303,103,99,4,4
44304,98,98,0,0
44305,104,106,-2,2
44306,81,75,6,6
44307,57,59,-2,2
44308,113,129,-16,16
44309,80,80,0,0
44310,117,115,2,2
44311,68,63,5,5
44312,76,79,-3,3
44313,69,79,-10,10
44314,86,95,-9,9
44315,107,94,13,13
44316,63,55,8,8
44317,127,126,1,1
44318,87,86,1,1
44319,82,82,0,0
44320,92,87,5,5
44321,78,82,-4,4
44322,117,114,3,3
44323,93,103,-10,10
44324,116,119,-3,3
44325,51,58,-7,7
44326,80,77,3,3
44327,126,131,-5,5
44328,48,66,-18,18
44329,183,183,0,0
44330,61,62,-1,1
44331,128,132,-4,4
44332,95,85,10,10
44333,107,95,12,12
44334,87,92,-5,5
44335,136,138,-2,2
44336,49,47,2,2
44337,77,72,5,5
44338,114,113,1,1
44339,139,126,13,13
44340,90,92,-2,2
44341,164,179,-15,15
44342,124,137,-13,13
44343,115,120,-5,5
44344,111,106,5,5
44345,144,142,2,2
44346,72,78,-6,6
44347,121,114,7,7
44348,131,121,10,10
44349,99,113,-14,14
44350,55,62,-7,7
44351,125,114,11,11
44352,43,46,-3,3
44353,75,72,3,3
44354,71,68,3,3
44355,62,62,0,0
44356,86,85,1,1
44357,78,78,0,0
44358,101,98,3,3
44359,81,82,-1,1
44360,144,130,14,14
44361,121,110,11,11
44362,84,82,2,2
44363,91,85,6,6
44364,108,126,-18,18
44365,84,83,1,1
44366,96,90,6,6
44367,130,131,-1,1
44368,53,51,2,2
44369,111,123,-12,12
44370,65,61,4,4
44371,138,127,11,11
44372,39,41,-2,2
44373,54,62,-8,8
44374,48,47,1,1
44375,62,60,2,2
44376,110,109,1,1
44377,88,91,-3,3
44378,92,85,7,7
44379,124,118,6,6
44380,86,88,-2,2
44381,89,100,-11,11
44382,96,103,-7,7
44383,50,52,-2,2
44384,92,82,10,10
44385,70,72,-2,2
44386,101,102,-1,1
44387,143,137,6,6
44388,128,140,-12,12
44389,83,86,-3,3
44390,59,59,0,0
44391,131,123,8,8
44392,79,72,7,7
44393,66,65,1,1
44394,110,107,3,3
44395,99,93,6,6
44396,100,107,-7,7
44397,92,90,2,2
44398,115,105,10,10
44399,87,79,8,8
44400,105,94,11,11
44401,77,75,2,2
44402,93,95,-2,2
44403,124,124,0,0
44404,71,77,-6,6
44405,68,69,-1,1
44406,107,116,-9,9
44407,130,131,-1,1
44408,32,40,-8,8
44409,96,112,-16,16
44410,82,78,4,4
44411,73,71,2,2
44412,57,82,-25,25
44413,60,61,-1,1
44414,61,54,7,7
44415,127,112,15,15
44416,67,63,4,4
44417,148,140,8,8
44418,111,104,7,7
44419,119,109,10,10
44420,86,76,10,10
44421,88,84,4,4
44422,68,65,3,3
44423,65,71,-6,6
44424,64,70,-6,6
44425,158,134,24,24
44426,144,125,19,19
44427,91,89,2,2
44428,63,63,0,0
44429,88,92,-4,4
44430,122,105,17,17
44431,51,51,0,0
44432,124,134,-10,10
44433,118,104,14,14
44434,49,45,4,4
44435,94,88,6,6
44436,69,62,7,7
44437,168,159,9,9
44438,79,85,-6,6
44439,70,75,-5,5
44440,199,196,3,3
44441,43,51,-8,8
44442,85,89,-4,4
44443,51,50,1,1
44444,135,130,5,5
44445,57,77,-20,20
44446,191,196,-5,5
44447,94,99,-5,5
44448,109,113,-4,4
44449,76,76,0,0
44450,175,176,-1,1
44451,126,132,-6,6
44452,143,137,6,6
44453,101,101,0,0
44454,50,75,-25,25
44455,84,89,-5,5
44456,94,90,4,4
44457,110,112,-2,2
44458,170,146,24,24
44459,149,141,8,8
44460,94,97,-3,3
44461,102,105,-3,3
44462,118,131,-13,13
44463,112,116,-4,4
44464,108,108,0,0
44465,58,62,-4,4
44466,39,107,-68,68
44467,112,108,4,4
44468,107,120,-13,13
44469,61,61,0,0
44470,99,97,2,2
44471,62,77,-15,15
44472,119,108,11,11
44473,105,99,6,6
44474,93,87,6,6
44475,109,106,3,3
44476,132,123,9,9
44477,83,107,-24,24
44478,46,46,0,0
44479,170,161,9,9
44480,217,190,27,27
44481,119,117,2,2
44482,140,156,-16,16
44483,106,102,4,4
44484,100,101,-1,1
44485,61,59,2,2
44486,111,128,-17,17
44487,117,101,16,16
44488,68,79,-11,11
44489,94,93,1,1
44490,74,70,4,4
44491,109,116,-7,7
44492,98,116,-18,18
44493,103,96,7,7
44494,78,91,-13,13
44495,80,84,-4,4
44496,83,82,1,1
44497,76,83,-7,7
44498,110,106,4,4
44499,152,145,7,7
44500,81,72,9,9
44501,133,134,-1,1
44502,66,62,4,4
44503,102,99,3,3
44504,102,105,-3,3
44505,53,52,1,1
44506,139,140,-1,1
44507,133,126,7,7
44508,57,59,-2,2
44509,61,60,1,1
44510,116,105,11,11
44511,97,97,0,0
44512,187,168,19,19
44513,62,61,1,1
44514,102,100,2,2
44515,62,71,-9,9
44516,48,42,6,6
44517,108,113,-5,5
44518,68,63,5,5
44519,112,112,0,0
44520,154,146,8,8
44521,76,75,1,1
44522,110,115,-5,5
44523,89,91,-2,2
44524,128,127,1,1
44525,61,69,-8,8
44526,60,66,-6,6
44527,143,144,-1,1
44528,107,116,-9,9
44529,76,66,10,10
44530,79,83,-4,4
44531,65,62,3,3
44532,104,106,-2,2
44533,145,142,3,3
44534,86,78,8,8
44535,83,82,1,1
44536,88,101,-13,13
44537,178,170,8,8
44538,116,125,-9,9
44539,105,124,-19,19
44540,72,78,-6,6
44541,77,76,1,1
44542,56,65,-9,9
44543,109,96,13,13
44544,45,47,-2,2
44545,106,100,6,6
44546,42,45,-3,3
44547,118,123,-5,5
44548,102,94,8,8
44549,47,70,-23,23
44550,70,73,-3,3
44551,103,103,0,0
44552,123,129,-6,6
44553,170,173,-3,3
44554,124,129,-5,5
44555,98,100,-2,2
44556,57,67,-10,10
44557,122,131,-9,9
44558,59,54,5,5
44559,107,100,7,7
44560,73,67,6,6
44561,65,62,3,3
44562,53,47,6,6
44563,152,146,6,6
44564,81,75,6,6
44565,87,79,8,8
44566,77,74,3,3
44567,129,136,-7,7
44568,165,162,3,3
44569,111,112,-1,1
44570,108,113,-5,5
44571,67,74,-7,7
44572,78,75,3,3
44573,105,95,10,10
44574,72,68,4,4
44575,75,84,-9,9
44576,85,79,6,6
44577,57,55,2,2
44578,115,125,-10,10
44579,74,73,1,1
44580,170,163,7,7
44581,90,96,-6,6
44582,85,89,-4,4
44583,65,70,-5,5
44584,45,46,-1,1
44585,160,139,21,21
44586,160,145,15,15
44587,99,104,-5,5
44588,62,75,-13,13
44589,121,128,-7,7
44590,129,121,8,8
44591,98,102,-4,4
44592,104,103,1,1
44593,69,69,0,0
44594,75,68,7,7
44595,95,90,5,5
44596,118,121,-3,3
44597,94,137,-43,43
44598,100,106,-6,6
44599,129,118,11,11
44600,118,120,-2,2
44601,57,159,-102,102
44602,68,66,2,2
44603,123,123,0,0
44604,93,86,7,7
44605,53,69,-16,16
44606,92,89,3,3
44607,78,80,-2,2
44608,175,148,27,27
44609,115,130,-15,15
44610,70,76,-6,6
44611,161,141,20,20
44612,61,66,-5,5
44613,64,64,0,0
44614,86,88,-2,2
44615,84,80,4,4
44616,152,135,17,17
44617,116,112,4,4
44618,53,56,-3,3
44619,57,59,-2,2
44620,68,79,-11,11
44621,178,170,8,8
44622,93,86,7,7
44623,120,115,5,5
44624,136,136,0,0
44625,39,43,-4,4
44626,102,96,6,6
44627,167,175,-8,8
44628,65,61,4,4
44629,50,64,-14,14
44630,80,81,-1,1
44631,126,120,6,6
44632,67,66,1,1
44633,59,69,-10,10
44634,116,112,4,4
44635,95,96,-1,1
44636,57,55,2,2
44637,75,81,-6,6
44638,99,99,0,0
44639,94,96,-2,2
44640,65,63,2,2
44641,90,88,2,2
44642,126,118,8,8
44643,86,95,-9,9
44644,103,101,2,2
44645,92,104,-12,12
44646,120,116,4,4
44647,86,82,4,4
44648,19,24,-5,5
44649,138,133,5,5
44650,86,86,0,0
44651,126,122,4,4
44652,103,101,2,2
44653,89,85,4,4
44654,71,72,-1,1
44655,63,60,3,3
44656,76,77,-1,1
44657,154,147,7,7
44658,64,67,-3,3
44659,73,73,0,0
44660,61,65,-4,4
44661,57,65,-8,8
44662,142,148,-6,6
44663,193,187,6,6
44664,58,75,-17,17
44665,89,97,-8,8
44666,88,87,1,1
44667,121,116,5,5
44668,110,108,2,2
44669,116,110,6,6
44670,100,92,8,8
44671,62,61,1,1
44672,100,105,-5,5
44673,146,128,18,18
44674,33,38,-5,5
44675,105,108,-3,3
44676,93,89,4,4
44677,48,59,-11,11
44678,74,76,-2,2
44679,55,58,-3,3
44680,77,73,4,4
44681,83,73,10,10
44682,162,153,9,9
44683,59,60,-1,1
44684,196,190,6,6
44685,95,87,8,8
44686,64,61,3,3
44687,107,108,-1,1
44688,163,155,8,8
44689,78,74,4,4
44690,66,74,-8,8
44691,62,75,-13,13
44692,109,99,10,10
44693,77,77,0,0
44694,125,117,8,8
44695,103,96,7,7
44696,81,78,3,3
44697,50,52,-2,2
44698,116,133,-17,17
44699,70,75,-5,5
44700,68,64,4,4
44701,96,90,6,6
44702,155,136,19,19
44703,128,135,-7,7
44704,75,76,-1,1
44705,116,111,5,5
44706,88,87,1,1
44707,100,88,12,12
44708,73,74,-1,1
44709,140,146,-6,6
44710,106,105,1,1
44711,87,88,-1,1
44712,78,91,-13,13
44713,92,85,7,7
44714,109,102,7,7
44715,69,75,-6,6
44716,174,165,9,9
44717,60,60,0,0
44718,61,59,2,2
44719,59,65,-6,6
44720,124,123,1,1
44721,85,80,5,5
44722,136,113,23,23
44723,118,125,-7,7
44724,81,83,-2,2
44725,80,78,2,2
44726,69,65,4,4
44727,60,64,-4,4
44728,63,65,-2,2
44729,46,44,2,2
44730,61,60,1,1
44731,65,79,-14,14
44732,104,110,-6,6
44733,144,135,9,9
44734,73,91,-18,18
44735,77,77,0,0
44736,96,96,0,0
44737,71,83,-12,12
44738,74,79,-5,5
44739,60,63,-3,3
44740,80,83,-3,3
44741,74,81,-7,7
44742,168,153,15,15
44743,145,138,7,7
44744,86,94,-8,8
44745,137,137,0,0
44746,121,119,2,2
44747,91,80,11,11
44748,68,70,-2,2
44749,78,70,8,8
44750,84,88,-4,4
44751,150,140,10,10
44752,103,92,11,11
44753,79,82,-3,3
44754,63,73,-10,10
44755,70,66,4,4
44756,229,212,17,17
44757,130,144,-14,14
44758,81,86,-5,5
44759,112,101,11,11
44760,134,116,18,18
44761,82,83,-1,1
44762,152,206,-54,54
44763,90,97,-7,7
44764,105,115,-10,10
44765,138,137,1,1
44766,95,94,1,1
44767,86,83,3,3
44768,91,81,10,10
44769,58,75,-17,17
44770,130,119,11,11
44771,154,143,11,11
44772,69,72,-3,3
44773,158,137,21,21
44774,136,132,4,4
44775,56,61,-5,5
44776,86,83,3,3
44777,49,52,-3,3
44778,138,134,4,4
44779,100,96,4,4
44780,146,143,3,3
44781,56,57,-1,1
44782,79,80,-1,1
44783,53,50,3,3
44784,59,56,3,3
44785,64,60,4,4
44786,108,99,9,9
44787,66,67,-1,1
44788,117,118,-1,1
44789,60,57,3,3
44790,51,49,2,2
44791,104,100,4,4
44792,92,105,-13,13
44793,87,82,5,5
44794,84,104,-20,20
44795,155,153,2,2
44796,100,105,-5,5
44797,43,45,-2,2
44798,72,62,10,10
44799,124,132,-8,8
44800,116,139,-23,23
44801,159,145,14,14
44802,91,103,-12,12
44803,71,65,6,6
44804,158,155,3,3
44805,71,71,0,0
44806,102,98,4,4
44807,117,113,4,4
44808,94,96,-2,2
44809,79,89,-10,10
44810,51,51,0,0
44811,63,61,2,2
44812,55,59,-4,4
44813,152,132,20,20
44814,78,62,16,16
44815,54,52,2,2
44816,80,78,2,2
44817,59,59,0,0
44818,84,84,0,0
44819,110,103,7,7
44820,124,112,12,12
44821,92,74,18,18
44822,126,130,-4,4
44823,130,119,11,11
44824,89,92,-3,3
44825,109,106,3,3
44826,87,93,-6,6
44827,75,65,10,10
44828,225,218,7,7
44829,182,184,-2,2
44830,82,85,-3,3
44831,54,61,-7,7
44832,187,170,17,17
44833,128,136,-8,8
44834,87,77,10,10
44835,92,83,9,9
44836,58,71,-13,13
44837,63,60,3,3
44838,100,93,7,7
44839,102,112,-10,10
44840,46,51,-5,5
44841,89,101,-12,12
44842,61,53,8,8
44843,134,136,-2,2
44844,69,70,-1,1
44845,118,117,1,1
44846,153,149,4,4
44847,115,111,4,4
44848,88,84,4,4
44849,91,92,-1,1
44850,51,66,-15,15
44851,68,82,-14,14
44852,155,146,9,9
44853,52,51,1,1
44854,71,72,-1,1
44855,100,94,6,6
44856,81,74,7,7
44857,168,158,10,10
44858,80,75,5,5
44859,83,80,3,3
44860,90,94,-4,4
44861,99,95,4,4
44862,45,43,2,2
44863,110,110,0,0
44864,118,102,16,16
44865,98,95,3,3
44866,162,154,8,8
44867,54,52,2,2
44868,80,80,0,0
44869,91,83,8,8
44870,81,70,11,11
44871,89,86,3,3
44872,58,56,2,2
44873,194,206,-12,12
44874,78,84,-6,6
44875,63,59,4,4
44876,61,62,-1,1
44877,98,97,1,1
44878,95,95,0,0
44879,97,87,10,10
44880,96,110,-14,14
44881,89,84,5,5
44882,154,147,7,7
44883,51,50,1,1
44884,117,98,19,19
44885,42,50,-8,8
44886,92,86,6,6
44887,91,92,-1,1
44888,162,171,-9,9
44889,75,75,0,0
44890,104,107,-3,3
44891,117,116,1,1
44892,74,79,-5,5
44893,52,54,-2,2
44894,77,75,2,2
44895,83,78,5,5
44896,71,72,-1,1
44897,57,55,2,2
44898,62,60,2,2
44899,114,107,7,7
44900,58,67,-9,9
44901,120,123,-3,3
44902,74,70,4,4
44903,95,83,12,12
44904,63,68,-5,5
44905,84,91,-7,7
44906,57,63,-6,6
44907,70,73,-3,3
44908,71,78,-7,7
44909,71,58,13,13
44910,140,125,15,15
44911,116,121,-5,5
44912,62,69,-7,7
44913,96,105,-9,9
44914,73,73,0,0
44915,79,77,2,2
44916,97,86,11,11
44917,80,70,10,10
44918,76,79,-3,3
44919,67,69,-2,2
44920,176,171,5,5
44921,71,86,-15,15
44922,89,88,1,1
44923,75,74,1,1
44924,142,135,7,7
44925,96,96,0,0
44926,70,75,-5,5
44927,134,128,6,6
44928,123,121,2,2
44929,71,81,-10,10
44930,45,51,-6,6
44931,102,104,-2,2
44932,130,129,1,1
44933,134,134,0,0
44934,71,80,-9,9
44935,111,122,-11,11
44936,134,119,15,15
44937,131,110,21,21
44938,136,163,-27,27
44939,116,113,3,3
44940,156,148,8,8
44941,139,126,13,13
44942,102,100,2,2
44943,69,76,-7,7
44944,81,75,6,6
44945,109,113,-4,4
44946,94,91,3,3
44947,77,71,6,6
44948,173,177,-4,4
44949,70,72,-2,2
44950,77,84,-7,7
44951,95,91,4,4
44952,96,90,6,6
44953,90,89,1,1
44954,47,67,-20,20
44955,116,123,-7,7
44956,84,73,11,11
44957,62,68,-6,6
44958,128,140,-12,12
44959,83,78,5,5
44960,90,94,-4,4
44961,86,85,1,1
44962,113,109,4,4
44963,153,136,17,17
44964,90,87,3,3
44965,96,99,-3,3
44966,76,83,-7,7
44967,73,76,-3,3
44968,98,95,3,3
44969,23,43,-20,20
44970,57,60,-3,3
44971,65,73,-8,8
44972,107,108,-1,1
44973,140,138,2,2
44974,112,100,12,12
44975,149,162,-13,13
44976,100,81,19,19
44977,100,96,4,4
44978,64,59,5,5
44979,89,86,3,3
44980,154,147,7,7
44981,53,54,-1,1
44982,45,44,1,1
44983,61,66,-5,5
44984,108,108,0,0
44985,88,80,8,8
44986,109,114,-5,5
44987,143,124,19,19
44988,91,100,-9,9
44989,102,102,0,0
44990,61,70,-9,9
44991,85,87,-2,2
44992,121,106,15,15
44993,65,61,4,4
44994,56,54,2,2
44995,103,98,5,5
44996,111,95,16,16
44997,102,97,5,5
44998,99,87,12,12
44999,97,117,-20,20
45000,79,79,0,0
45001,139,134,5,5
45002,107,90,17,17
45003,166,170,-4,4
45004,51,49,2,2
45005,75,66,9,9
45006,113,108,5,5
45007,69,73,-4,4
45008,129,129,0,0
45009,197,197,0,0
45010,104,105,-1,1
45011,99,103,-4,4
45012,86,78,8,8
45013,95,86,9,9
45014,138,130,8,8
45015,78,74,4,4
45016,47,87,-40,40
45017,56,60,-4,4
45018,62,65,-3,3
45019,64,67,-3,3
45020,105,87,18,18
45021,104,99,5,5
45022,140,136,4,4
45023,84,94,-10,10
45024,126,134,-8,8
45025,82,81,1,1
45026,75,75,0,0
45027,92,94,-2,2
45028,77,75,2,2
45029,100,99,1,1
45030,140,143,-3,3
45031,67,54,13,13
45032,117,124,-7,7
45033,54,56,-2,2
45034,81,81,0,0
45035,130,130,0,0
45036,100,94,6,6
45037,86,83,3,3
45038,57,64,-7,7
45039,115,109,6,6
45040,147,150,-3,3
45041,86,85,1,1
45042,39,45,-6,6
45043,79,78,1,1
45044,89,97,-8,8
45045,70,63,7,7
45046,73,81,-8,8
45047,113,106,7,7
45048,99,102,-3,3
45049,78,77,1,1
45050,132,132,0,0
45051,79,84,-5,5
45052,143,139,4,4
45053,57,61,-4,4
45054,49,51,-2,2
45055,85,84,1,1
45056,49,80,-31,31
45057,96,90,6,6
45058,87,86,1,1
45059,151,125,26,26
45060,147,146,1,1
45061,94,100,-6,6
45062,91,89,2,2
45063,56,56,0,0
45064,123,134,-11,11
45065,188,174,14,14
45066,55,48,7,7
45067,117,107,10,10
45068,106,100,6,6
45069,109,119,-10,10
45070,61,52,9,9
45071,46,52,-6,6
45072,62,63,-1,1
45073,102,99,3,3
45074,62,59,3,3
45075,85,87,-2,2
45076,89,87,2,2
45077,96,95,1,1
45078,132,130,2,2
45079,94,94,0,0
45080,118,106,12,12
45081,73,70,3,3
45082,69,70,-1,1
45083,57,63,-6,6
45084,86,89,-3,3
45085,130,117,13,13
45086,144,139,5,5
45087,67,65,2,2
45088,64,97,-33,33
45089,85,77,8,8
45090,104,114,-10,10
45091,109,103,6,6
45092,110,110,0,0
45093,129,118,11,11
45094,97,92,5,5
45095,85,82,3,3
45096,104,96,8,8
45097,77,85,-8,8
45098,81,88,-7,7
45099,97,91,6,6
45100,130,144,-14,14
45101,67,69,-2,2
45102,55,55,0,0
45103,92,89,3,3
45104,83,86,-3,3
45105,135,143,-8,8
45106,69,63,6,6
45107,109,112,-3,3
45108,98,86,12,12
45109,95,89,6,6
45110,121,124,-3,3
45111,80,69,11,11
45112,79,81,-2,2
45113,123,126,-3,3
45114,117,112,5,5
45115,59,61,-2,2
45116,89,92,-3,3
45117,82,84,-2,2
45118,117,105,12,12
45119,69,71,-2,2
45120,123,107,16,16
45121,57,66,-9,9
45122,87,76,11,11
45123,105,105,0,0
45124,108,108,0,0
45125,76,71,5,5
45126,74,104,-30,30
45127,84,74,10,10
45128,96,96,0,0
45129,78,78,0,0
45130,76,84,-8,8
45131,88,97,-9,9
45132,89,94,-5,5
45133,90,97,-7,7
45134,60,60,0,0
45135,53,61,-8,8
45136,67,68,-1,1
45137,89,90,-1,1
45138,149,128,21,21
45139,95,97,-2,2
45140,109,114,-5,5
45141,169,175,-6,6
45142,78,75,3,3
45143,122,120,2,2
45144,48,63,-15,15
45145,108,119,-11,11
45146,90,92,-2,2
45147,147,131,16,16
45148,69,69,0,0
45149,112,101,11,11
45150,158,153,5,5
45151,123,138,-15,15
45152,42,46,-4,4
45153,135,124,11,11
45154,148,139,9,9
45155,109,108,1,1
45156,73,64,9,9
45157,88,86,2,2
45158,90,85,5,5
45159,55,55,0,0
45160,83,89,-6,6
45161,54,45,9,9
45162,85,91,-6,6
45163,75,71,4,4
45164,121,122,-1,1
45165,65,65,0,0
45166,77,70,7,7
45167,102,97,5,5
45168,104,115,-11,11
45169,67,60,7,7
45170,134,120,14,14
45171,107,98,9,9
45172,87,95,-8,8
45173,168,162,6,6
45174,145,142,3,3
45175,127,130,-3,3
45176,168,156,12,12
45177,113,106,7,7
45178,64,71,-7,7
45179,64,68,-4,4
45180,83,90,-7,7
45181,83,82,1,1
45182,125,115,10,10
45183,61,59,2,2
45184,40,45,-5,5
45185,57,52,5,5
45186,153,144,9,9
45187,101,107,-6,6
45188,83,83,0,0
45189,89,101,-12,12
45190,111,115,-4,4
45191,77,73,4,4
45192,127,121,6,6
45193,128,125,3,3
45194,146,134,12,12
45195,49,53,-4,4
45196,49,63,-14,14
45197,57,63,-6,6
45198,89,85,4,4
45199,88,105,-17,17
45200,153,157,-4,4
45201,71,73,-2,2
45202,135,139,-4,4
45203,109,99,10,10
45204,73,72,1,1
45205,185,163,22,22
45206,69,66,3,3
45207,109,113,-4,4
45208,74,76,-2,2
45209,181,155,26,26
45210,96,98,-2,2
45211,93,107,-14,14
45212,60,61,-1,1
45213,104,107,-3,3
45214,67,54,13,13
45215,89,96,-7,7
45216,128,115,13,13
45217,100,95,5,5
45218,96,94,2,2
45219,90,83,7,7
45220,68,65,3,3
45221,126,118,8,8
45222,54,59,-5,5
45223,106,107,-1,1
45224,63,64,-1,1
45225,113,92,21,21
45226,45,51,-6,6
45227,98,87,11,11
45228,156,146,10,10
45229,52,59,-7,7
45230,134,124,10,10
45231,74,81,-7,7
45232,102,100,2,2
45233,100,96,4,4
45234,62,67,-5,5
45235,82,79,3,3
45236,105,93,12,12
45237,69,73,-4,4
45238,124,138,-14,14
45239,118,115,3,3
45240,82,86,-4,4
45241,63,67,-4,4
45242,70,66,4,4
45243,68,67,1,1
45244,121,109,12,12
45245,73,69,4,4
45246,51,51,0,0
45247,81,75,6,6
45248,146,136,10,10
45249,88,90,-2,2
45250,101,97,4,4
45251,126,133,-7,7
45252,119,120,-1,1
45253,113,121,-8,8
45254,172,154,18,18
45255,81,75,6,6
45256,90,88,2,2
45257,110,109,1,1
45258,134,137,-3,3
45259,37,47,-10,10
45260,62,62,0,0
45261,65,69,-4,4
45262,52,51,1,1
45263,76,79,-3,3
45264,116,112,4,4
45265,98,124,-26,26
45266,61,61,0,0
45267,84,88,-4,4
45268,153,146,7,7
45269,72,64,8,8
45270,77,75,2,2
45271,86,87,-1,1
45272,99,105,-6,6
45273,124,118,6,6
45274,66,74,-8,8
45275,76,74,2,2
45276,67,49,18,18
45277,133,120,13,13
45278,91,92,-1,1
45279,71,79,-8,8
45280,207,204,3,3
45281,65,67,-2,2
45282,97,99,-2,2
45283,131,134,-3,3
45284,120,108,12,12
45285,59,62,-3,3
45286,124,124,0,0
45287,74,71,3,3
45288,101,99,2,2
45289,85,85,0,0
45290,85,86,-1,1
45291,137,130,7,7
45292,76,71,5,5
45293,136,140,-4,4
45294,139,135,4,4
45295,49,56,-7,7
45296,136,134,2,2
45297,75,65,10,10
45298,109,104,5,5
45299,53,53,0,0
45300,110,110,0,0
45301,59,62,-3,3
45302,119,117,2,2
45303,86,81,5,5
45304,139,131,8,8
45305,132,129,3,3
45306,191,189,2,2
45307,87,80,7,7
45308,90,88,2,2
45309,122,120,2,2
45310,73,65,8,8
45311,122,110,12,12
45312,93,95,-2,2
45313,46,53,-7,7
45314,84,92,-8,8
45315,103,91,12,12
45316,39,38,1,1
45317,96,102,-6,6
45318,72,71,1,1
45319,146,138,8,8
45320,80,93,-13,13
45321,68,69,-1,1
45322,49,53,-4,4
45323,110,105,5,5
45324,117,120,-3,3
45325,121,110,11,11
45326,55,65,-10,10
45327,149,158,-9,9
45328,78,76,2,2
45329,60,68,-8,8
45330,161,159,2,2
45331,95,103,-8,8
45332,75,64,11,11
45333,92,95,-3,3
45334,112,124,-12,12
45335,67,74,-7,7
45336,91,88,3,3
45337,109,101,8,8
45338,177,171,6,6
45339,105,111,-6,6
45340,82,78,4,4
45341,89,77,12,12
45342,109,110,-1,1
45343,67,78,-11,11
45344,117,120,-3,3
45345,96,96,0,0
45346,49,56,-7,7
45347,110,102,8,8
45348,57,52,5,5
45349,118,99,19,19
45350,120,113,7,7
45351,77,81,-4,4
45352,107,94,13,13
45353,60,68,-8,8
45354,70,61,9,9
45355,115,113,2,2
45356,70,77,-7,7
45357,70,63,7,7
45358,96,114,-18,18
45359,72,81,-9,9
45360,72,68,4,4
45361,67,71,-4,4
45362,170,158,12,12
45363,57,54,3,3
45364,67,63,4,4
45365,85,87,-2,2
45366,95,108,-13,13
45367,119,141,-22,22
45368,84,78,6,6
45369,65,88,-23,23
45370,225,222,3,3
45371,97,99,-2,2
45372,81,82,-1,1
45373,104,104,0,0
45374,23,42,-19,19
45375,75,77,-2,2
45376,115,113,2,2
45377,111,101,10,10
45378,60,59,1,1
45379,72,73,-1,1
45380,100,101,-1,1
45381,85,81,4,4
45382,60,64,-4,4
45383,55,66,-11,11
45384,120,124,-4,4
45385,121,128,-7,7
45386,79,78,1,1
45387,89,86,3,3
45388,127,118,9,9
45389,86,83,3,3
45390,58,60,-2,2
45391,99,88,11,11
45392,126,132,-6,6
45393,53,52,1,1
45394,55,59,-4,4
45395,107,112,-5,5
45396,67,61,6,6
45397,83,92,-9,9
45398,81,83,-2,2
45399,92,92,0,0
45400,109,102,7,7
45401,148,152,-4,4
45402,115,121,-6,6
45403,124,116,8,8
45404,103,102,1,1
45405,122,126,-4,4
45406,104,103,1,1
45407,58,42,16,16
45408,68,67,1,1
45409,83,89,-6,6
45410,51,63,-12,12
45411,84,84,0,0
45412,129,138,-9,9
45413,64,66,-2,2
45414,150,139,11,11
45415,48,49,-1,1
45416,67,54,13,13
45417,72,74,-2,2
45418,101,95,6,6
45419,68,63,5,5
45420,135,124,11,11
45421,98,96,2,2
45422,73,75,-2,2
45423,93,101,-8,8
45424,161,161,0,0
45425,58,59,-1,1
45426,125,127,-2,2
45427,91,96,-5,5
45428,82,77,5,5
45429,82,86,-4,4
45430,89,107,-18,18
45431,45,41,4,4
45432,56,88,-32,32
45433,152,175,-23,23
45434,110,102,8,8
45435,81,76,5,5
45436,43,47,-4,4
45437,154,163,-9,9
45438,82,71,11,11
45439,104,111,-7,7
45440,78,87,-9,9
45441,130,122,8,8
45442,66,76,-10,10
45443,86,90,-4,4
45444,98,105,-7,7
45445,106,107,-1,1
45446,78,86,-8,8
45447,89,82,7,7
45448,84,87,-3,3
45449,111,102,9,9
45450,73,73,0,0
45451,115,136,-21,21
45452,174,165,9,9
45453,87,74,13,13
45454,102,101,1,1
45455,77,68,9,9
45456,37,40,-3,3
45457,131,129,2,2
45458,104,101,3,3
45459,109,144,-35,35
45460,89,86,3,3
45461,108,105,3,3
45462,158,148,10,10
45463,69,69,0,0
45464,89,83,6,6
45465,42,45,-3,3
45466,97,83,14,14
45467,70,76,-6,6
45468,116,114,2,2
45469,138,151,-13,13
45470,110,112,-2,2
45471,105,97,8,8
45472,51,55,-4,4
45473,94,101,-7,7
45474,75,71,4,4
45475,129,136,-7,7
45476,88,84,4,4
45477,100,88,12,12
45478,79,79,0,0
45479,176,174,2,2
45480,86,83,3,3
45481,88,98,-10,10
45482,105,115,-10,10
45483,140,134,6,6
45484,72,65,7,7
45485,111,99,12,12
45486,105,99,6,6
45487,191,183,8,8
45488,120,118,2,2
45489,99,102,-3,3
45490,45,53,-8,8
45491,94,92,2,2
45492,80,86,-6,6
45493,85,85,0,0
45494,74,69,5,5
45495,78,79,-1,1
45496,131,122,9,9
45497,95,92,3,3
45498,59,59,0,0
45499,72,61,11,11
45500,108,116,-8,8
45501,71,74,-3,3
45502,74,70,4,4
45503,134,136,-2,2
45504,101,102,-1,1
45505,68,67,1,1
45506,127,129,-2,2
45507,195,171,24,24
45508,73,74,-1,1
45509,77,74,3,3
45510,79,69,10,10
45511,59,50,9,9
45512,115,102,13,13
45513,79,80,-1,1
45514,91,92,-1,1
45515,82,79,3,3
45516,72,70,2,2
45517,63,73,-10,10
45518,89,90,-1,1
45519,69,75,-6,6
45520,62,94,-32,32
45521,45,53,-8,8
45522,87,93,-6,6
45523,75,84,-9,9
45524,105,105,0,0
45525,93,104,-11,11
45526,104,101,3,3
45527,86,91,-5,5
45528,159,158,1,1
45529,93,81,12,12
45530,112,111,1,1
45531,120,115,5,5
45532,62,54,8,8
45533,108,104,4,4
45534,124,129,-5,5
45535,167,153,14,14
45536,163,163,0,0
45537,113,108,5,5
45538,98,88,10,10
45539,64,71,-7,7
45540,120,115,5,5
45541,52,53,-1,1
45542,42,44,-2,2
45543,131,142,-11,11
45544,95,83,12,12
45545,85,87,-2,2
45546,71,66,5,5
45547,116,108,8,8
45548,91,79,12,12
45549,94,89,5,5
45550,52,59,-7,7
45551,84,99,-15,15
45552,61,59,2,2
45553,101,103,-2,2
45554,97,95,2,2
45555,96,103,-7,7
45556,141,151,-10,10
45557,124,117,7,7
45558,72,71,1,1
45559,79,130,-51,51
45560,155,161,-6,6
45561,112,121,-9,9
45562,63,63,0,0
45563,73,75,-2,2
45564,67,71,-4,4
45565,61,60,1,1
45566,114,108,6,6
45567,33,38,-5,5
45568,64,63,1,1
45569,79,75,4,4
45570,149,161,-12,12
45571,97,95,2,2
45572,84,82,2,2
45573,134,138,-4,4
45574,85,97,-12,12
45575,123,110,13,13
45576,97,90,7,7
45577,69,65,4,4
45578,116,105,11,11
45579,92,85,7,7
45580,125,125,0,0
45581,103,96,7,7
45582,99,89,10,10
45583,154,162,-8,8
45584,102,102,0,0
45585,53,56,-3,3
45586,104,106,-2,2
45587,218,191,27,27
45588,57,59,-2,2
45589,154,164,-10,10
45590,141,144,-3,3
45591,113,120,-7,7
45592,69,70,-1,1
45593,87,100,-13,13
45594,126,123,3,3
45595,99,105,-6,6
45596,85,89,-4,4
45597,78,88,-10,10
45598,85,72,13,13
45599,77,73,4,4
45600,97,94,3,3
45601,67,76,-9,9
45602,114,112,2,2
45603,130,138,-8,8
45604,127,119,8,8
45605,66,65,1,1
45606,74,77,-3,3
45607,117,114,3,3
45608,57,55,2,2
45609,169,165,4,4
45610,79,79,0,0
45611,122,136,-14,14
45612,117,117,0,0
45613,82,83,-1,1
45614,119,113,6,6
45615,105,101,4,4
45616,121,110,11,11
45617,107,108,-1,1
45618,63,63,0,0
45619,76,75,1,1
45620,141,120,21,21
45621,76,75,1,1
45622,189,156,33,33
45623,78,75,3,3
45624,105,118,-13,13
45625,69,67,2,2
45626,95,104,-9,9
45627,55,63,-8,8
45628,85,73,12,12
45629,62,68,-6,6
45630,72,72,0,0
45631,91,91,0,0
45632,78,89,-11,11
45633,69,62,7,7
45634,58,59,-1,1
45635,104,97,7,7
45636,90,90,0,0
45637,45,61,-16,16
45638,109,97,12,12
45639,174,181,-7,7
45640,102,113,-11,11
45641,72,75,-3,3
45642,93,92,1,1
45643,88,117,-29,29
45644,147,136,11,11
45645,116,115,1,1
45646,71,90,-19,19
45647,59,64,-5,5
45648,110,104,6,6
45649,112,106,6,6
45650,67,65,2,2
45651,63,67,-4,4
45652,99,84,15,15
45653,71,70,1,1
45654,61,67,-6,6
45655,145,184,-39,39
45656,59,61,-2,2
45657,91,97,-6,6
45658,97,98,-1,1
45659,67,66,1,1
45660,75,71,4,4
45661,107,92,15,15
45662,47,64,-17,17
45663,111,117,-6,6
45664,122,112,10,10
45665,145,138,7,7
45666,133,114,19,19
45667,90,88,2,2
45668,153,148,5,5
45669,83,72,11,11
45670,44,59,-15,15
45671,64,64,0,0
45672,74,80,-6,6
45673,98,98,0,0
45674,117,76,41,41
45675,83,88,-5,5
45676,52,56,-4,4
45677,74,74,0,0
45678,128,125,3,3
45679,75,75,0,0
45680,71,70,1,1
45681,72,70,2,2
45682,80,76,4,4
45683,98,96,2,2
45684,138,137,1,1
45685,161,156,5,5
45686,152,153,-1,1
45687,117,111,6,6
45688,96,100,-4,4
45689,76,76,0,0
45690,150,151,-1,1
45691,71,75,-4,4
45692,127,135,-8,8
45693,93,98,-5,5
45694,116,119,-3,3
45695,128,122,6,6
45696,47,47,0,0
45697,53,54,-1,1
45698,173,167,6,6
45699,84,100,-16,16
45700,74,70,4,4
45701,40,44,-4,4
45702,125,106,19,19
45703,100,107,-7,7
45704,62,63,-1,1
45705,120,110,10,10
45706,163,142,21,21
45707,111,107,4,4
45708,62,72,-10,10
45709,104,108,-4,4
45710,96,91,5,5
45711,71,68,3,3
45712,94,100,-6,6
45713,109,106,3,3
45714,46,48,-2,2
45715,94,90,4,4
45716,52,49,3,3
45717,88,80,8,8
45718,68,77,-9,9
45719,193,205,-12,12
45720,137,125,12,12
45721,109,108,1,1
45722,97,104,-7,7
45723,114,106,8,8
45724,90,87,3,3
45725,57,71,-14,14
45726,119,111,8,8
45727,157,152,5,5
45728,86,80,6,6
45729,108,106,2,2
45730,82,85,-3,3
45731,111,106,5,5
45732,110,109,1,1
45733,108,94,14,14
45734,92,82,10,10
45735,38,37,1,1
45736,92,92,0,0
45737,92,89,3,3
45738,68,59,9,9
45739,74,80,-6,6
45740,83,88,-5,5
45741,106,90,16,16
45742,86,85,1,1
45743,78,71,7,7
45744,155,162,-7,7
45745,116,117,-1,1
45746,129,101,28,28
45747,99,95,4,4
45748,114,105,9,9
45749,103,96,7,7
45750,82,74,8,8
45751,50,48,2,2
45752,86,83,3,3
45753,82,81,1,1
45754,82,91,-9,9
45755,50,67,-17,17
45756,88,76,12,12
45757,86,82,4,4
45758,103,101,2,2
45759,60,53,7,7
45760,68,65,3,3
45761,86,70,16,16
45762,85,80,5,5
45763,80,74,6,6
45764,58,66,-8,8
45765,63,80,-17,17
45766,117,112,5,5
45767,97,107,-10,10
45768,59,66,-7,7
45769,66,69,-3,3
45770,121,118,3,3
45771,77,73,4,4
45772,47,48,-1,1
45773,61,69,-8,8
45774,128,124,4,4
45775,225,210,15,15
45776,145,135,10,10
45777,125,133,-8,8
45778,40,46,-6,6
45779,94,83,11,11
45780,103,99,4,4
45781,137,129,8,8
45782,151,148,3,3
45783,98,101,-3,3
45784,115,110,5,5
45785,77,71,6,6
45786,75,101,-26,26
45787,75,79,-4,4
45788,117,113,4,4
45789,133,135,-2,2
45790,89,96,-7,7
45791,92,94,-2,2
45792,66,66,0,0
45793,26,35,-9,9
45794,135,125,10,10
45795,82,86,-4,4
45796,44,48,-4,4
45797,79,67,12,12
45798,135,144,-9,9
45799,122,136,-14,14
45800,177,177,0,0
45801,93,87,6,6
45802,54,48,6,6
45803,104,119,-15,15
45804,69,62,7,7
45805,64,69,-5,5
45806,113,122,-9,9
45807,69,66,3,3
45808,127,132,-5,5
45809,115,114,1,1
45810,75,75,0,0
45811,81,76,5,5
45812,35,42,-7,7
45813,120,121,-1,1
45814,86,87,-1,1
45815,111,102,9,9
45816,149,140,9,9
45817,86,83,3,3
45818,122,116,6,6
45819,80,85,-5,5
45820,91,84,7,7
45821,106,102,4,4
45822,30,69,-39,39
45823,84,82,2,2
45824,159,128,31,31
45825,76,82,-6,6
45826,73,72,1,1
45827,78,81,-3,3
45828,271,235,36,36
45829,138,144,-6,6
45830,72,76,-4,4
45831,77,65,12,12
45832,94,92,2,2
45833,101,97,4,4
45834,72,72,0,0
45835,101,106,-5,5
45836,120,120,0,0
45837,159,161,-2,2
45838,78,78,0,0
45839,78,82,-4,4
45840,106,102,4,4
45841,87,93,-6,6
45842,62,65,-3,3
45843,106,110,-4,4
45844,127,135,-8,8
45845,101,107,-6,6
45846,56,60,-4,4
45847,41,51,-10,10
45848,83,84,-1,1
45849,128,129,-1,1
45850,86,74,12,12
45851,82,85,-3,3
45852,104,101,3,3
45853,116,135,-19,19
45854,115,122,-7,7
45855,81,84,-3,3
45856,82,95,-13,13
45857,88,82,6,6
45858,115,116,-1,1
45859,170,171,-1,1
45860,110,111,-1,1
45861,228,206,22,22
45862,161,146,15,15
45863,72,73,-1,1
45864,171,155,16,16
45865,117,107,10,10
45866,116,114,2,2
45867,60,52,8,8
45868,113,119,-6,6
45869,121,111,10,10
45870,41,55,-14,14
45871,98,89,9,9
45872,83,80,3,3
45873,56,57,-1,1
45874,107,101,6,6
45875,90,82,8,8
45876,91,93,-2,2
45877,68,73,-5,5
45878,131,123,8,8
45879,95,87,8,8
45880,93,91,2,2
45881,99,99,0,0
45882,195,170,25,25
45883,124,113,11,11
45884,124,116,8,8
45885,44,70,-26,26
45886,63,59,4,4
45887,175,163,12,12
45888,127,114,13,13
45889,113,118,-5,5
45890,118,99,19,19
45891,99,109,-10,10
45892,89,87,2,2
45893,64,69,-5,5
45894,73,78,-5,5
45895,104,99,5,5
45896,50,60,-10,10
45897,94,76,18,18
45898,115,118,-3,3
45899,91,89,2,2
45900,80,73,7,7
45901,81,86,-5,5
45902,80,87,-7,7
45903,100,95,5,5
45904,123,124,-1,1
45905,89,82,7,7
45906,71,70,1,1
45907,162,141,21,21
45908,152,133,19,19
45909,69,67,2,2
45910,81,88,-7,7
45911,71,75,-4,4
45912,90,85,5,5
45913,104,99,5,5
45914,106,103,3,3
45915,66,65,1,1
45916,66,61,5,5
45917,79,88,-9,9
45918,45,49,-4,4
45919,89,85,4,4
45920,105,87,18,18
45921,59,55,4,4
45922,103,95,8,8
45923,116,119,-3,3
45924,93,90,3,3
45925,116,132,-16,16
45926,133,126,7,7
45927,86,81,5,5
45928,86,75,11,11
45929,65,68,-3,3
45930,139,127,12,12
45931,117,123,-6,6
45932,67,64,3,3
45933,119,102,17,17
45934,81,100,-19,19
45935,127,123,4,4
45936,142,137,5,5
45937,87,85,2,2
45938,70,69,1,1
45939,79,80,-1,1
45940,119,117,2,2
45941,73,68,5,5
45942,72,61,11,11
45943,87,91,-4,4
45944,108,104,4,4
45945,120,119,1,1
45946,82,79,3,3
45947,97,100,-3,3
45948,73,79,-6,6
45949,69,65,4,4
45950,96,95,1,1
45951,44,45,-1,1
45952,104,95,9,9
45953,68,75,-7,7
45954,108,86,22,22
45955,81,84,-3,3
45956,124,116,8,8
45957,91,82,9,9
45958,116,133,-17,17
45959,41,43,-2,2
45960,93,92,1,1
45961,100,103,-3,3
45962,70,80,-10,10
45963,82,83,-1,1
45964,124,107,17,17
45965,168,155,13,13
45966,81,77,4,4
45967,124,130,-6,6
45968,74,69,5,5
45969,191,180,11,11
45970,99,107,-8,8
45971,72,72,0,0
45972,92,99,-7,7
45973,122,123,-1,1
45974,104,102,2,2
45975,93,91,2,2
45976,50,53,-3,3
45977,79,85,-6,6
45978,86,85,1,1
45979,147,158,-11,11
45980,129,145,-16,16
45981,135,147,-12,12
45982,124,109,15,15
45983,91,93,-2,2
45984,80,92,-12,12
45985,150,155,-5,5
45986,113,107,6,6
45987,74,64,10,10
45988,165,152,13,13
45989,105,91,14,14
45990,49,51,-2,2
45991,96,99,-3,3
45992,115,114,1,1
45993,132,125,7,7
45994,111,103,8,8
45995,44,83,-39,39
45996,98,86,12,12
45997,52,48,4,4
45998,78,81,-3,3
45999,71,70,1,1
46000,30,33,-3,3
46001,116,119,-3,3
46002,128,150,-22,22
46003,75,83,-8,8
46004,47,52,-5,5
46005,89,93,-4,4
46006,88,78,10,10
46007,102,100,2,2
46008,48,48,0,0
46009,59,54,5,5
46010,131,125,6,6
46011,71,70,1,1
46012,81,87,-6,6
46013,110,106,4,4
46014,154,151,3,3
46015,120,122,-2,2
46016,155,138,17,17
46017,109,108,1,1
46018,71,80,-9,9
46019,81,84,-3,3
46020,58,61,-3,3
46021,69,80,-11,11
46022,134,128,6,6
46023,99,95,4,4
46024,71,71,0,0
46025,99,99,0,0
46026,76,76,0,0
46027,98,85,13,13
46028,68,64,4,4
46029,105,93,12,12
46030,109,102,7,7
46031,143,148,-5,5
46032,112,106,6,6
46033,82,103,-21,21
46034,59,60,-1,1
46035,170,163,7,7
46036,84,94,-10,10
46037,84,99,-15,15
46038,97,100,-3,3
46039,241,218,23,23
46040,216,195,21,21
46041,121,120,1,1
46042,72,65,7,7
46043,61,61,0,0
46044,76,76,0,0
46045,140,143,-3,3
46046,101,91,10,10
46047,92,84,8,8
46048,65,60,5,5
46049,62,68,-6,6
46050,62,66,-4,4
46051,172,154,18,18
46052,82,79,3,3
46053,118,119,-1,1
46054,99,94,5,5
46055,121,119,2,2
46056,108,109,-1,1
46057,96,77,19,19
46058,145,137,8,8
46059,111,136,-25,25
46060,46,48,-2,2
46061,74,67,7,7
46062,96,94,2,2
46063,60,57,3,3
46064,110,139,-29,29
46065,78,81,-3,3
46066,114,97,17,17
46067,154,172,-18,18
46068,165,154,11,11
46069,42,44,-2,2
46070,91,86,5,5
46071,100,103,-3,3
46072,110,91,19,19
46073,67,74,-7,7
46074,68,70,-2,2
46075,137,117,20,20
46076,87,89,-2,2
46077,93,85,8,8
46078,86,85,1,1
46079,200,205,-5,5
46080,119,114,5,5
46081,176,170,6,6
46082,75,76,-1,1
46083,125,118,7,7
46084,74,80,-6,6
46085,102,94,8,8
46086,53,50,3,3
46087,107,102,5,5
46088,95,89,6,6
46089,120,124,-4,4
46090,88,86,2,2
46091,66,74,-8,8
46092,94,87,7,7
46093,137,140,-3,3
46094,67,76,-9,9
46095,83,79,4,4
46096,56,54,2,2
46097,139,127,12,12
46098,100,93,7,7
46099,78,88,-10,10
46100,103,94,9,9
46101,59,66,-7,7
46102,47,51,-4,4
46103,65,60,5,5
46104,112,101,11,11
46105,132,114,18,18
46106,82,88,-6,6
46107,118,117,1,1
46108,109,98,11,11
46109,91,88,3,3
46110,67,67,0,0
46111,83,82,1,1
46112,79,81,-2,2
46113,26,28,-2,2
46114,44,59,-15,15
46115,71,75,-4,4
46116,86,82,4,4
46117,77,76,1,1
46118,53,62,-9,9
46119,98,89,9,9
46120,144,126,18,18
46121,89,83,6,6
46122,67,70,-3,3
46123,147,133,14,14
46124,127,130,-3,3
46125,85,81,4,4
46126,66,62,4,4
46127,89,81,8,8
46128,89,94,-5,5
46129,75,71,4,4
46130,72,70,2,2
46131,101,103,-2,2
46132,126,100,26,26
46133,62,57,5,5
46134,83,81,2,2
46135,151,143,8,8
46136,102,107,-5,5
46137,215,206,9,9
46138,149,142,7,7
46139,133,130,3,3
46140,90,84,6,6
46141,100,83,17,17
46142,57,54,3,3
46143,61,63,-2,2
46144,41,38,3,3
46145,137,124,13,13
46146,164,158,6,6
46147,242,227,15,15
46148,99,96,3,3
46149,51,51,0,0
46150,68,68,0,0
46151,78,72,6,6
46152,120,116,4,4
46153,87,83,4,4
46154,105,96,9,9
46155,112,101,11,11
46156,87,88,-1,1
46157,88,88,0,0
46158,71,68,3,3
46159,125,119,6,6
46160,73,74,-1,1
46161,108,107,1,1
46162,76,75,1,1
46163,45,43,2,2
46164,100,99,1,1
46165,76,76,0,0
46166,158,154,4,4
46167,92,93,-1,1
46168,77,83,-6,6
46169,44,43,1,1
46170,115,121,-6,6
46171,85,90,-5,5
46172,109,106,3,3
46173,89,92,-3,3
46174,39,56,-17,17
46175,66,67,-1,1
46176,62,70,-8,8
46177,89,92,-3,3
46178,130,126,4,4
46179,92,91,1,1
46180,138,119,19,19
46181,118,109,9,9
46182,219,244,-25,25
46183,104,105,-1,1
46184,94,99,-5,5
46185,100,87,13,13
46186,54,48,6,6
46187,153,136,17,17
46188,84,85,-1,1
46189,91,100,-9,9
46190,46,49,-3,3
46191,53,65,-12,12
46192,77,72,5,5
46193,80,74,6,6
46194,138,128,10,10
46195,80,75,5,5
46196,138,124,14,14
46197,141,132,9,9
46198,91,86,5,5
46199,176,162,14,14
46200,117,120,-3,3
46201,69,73,-4,4
46202,108,114,-6,6
46203,101,95,6,6
46204,135,131,4,4
46205,115,112,3,3
46206,102,108,-6,6
46207,56,62,-6,6
46208,96,98,-2,2
46209,69,67,2,2
46210,106,109,-3,3
46211,151,154,-3,3
46212,110,107,3,3
46213,112,109,3,3
46214,134,124,10,10
46215,65,65,0,0
46216,66,67,-1,1
46217,97,97,0,0
46218,109,109,0,0
46219,141,134,7,7
46220,78,99,-21,21
46221,94,120,-26,26
46222,64,70,-6,6
46223,47,59,-12,12
46224,79,75,4,4
46225,104,107,-3,3
46226,39,59,-20,20
46227,62,74,-12,12
46228,123,121,2,2
46229,144,130,14,14
46230,108,110,-2,2
46231,183,158,25,25
46232,85,86,-1,1
46233,49,58,-9,9
46234,40,45,-5,5
46235,27,44,-17,17
46236,107,109,-2,2
46237,135,145,-10,10
46238,129,118,11,11
46239,77,76,1,1
46240,61,67,-6,6
46241,58,72,-14,14
46242,144,139,5,5
46243,53,52,1,1
46244,95,99,-4,4
46245,82,71,11,11
46246,73,76,-3,3
46247,174,175,-1,1
46248,101,95,6,6
46249,100,127,-27,27
46250,81,73,8,8
46251,94,92,2,2
46252,76,80,-4,4
46253,70,73,-3,3
46254,100,100,0,0
46255,79,76,3,3
46256,83,79,4,4
46257,90,94,-4,4
46258,136,132,4,4
46259,61,58,3,3
46260,106,109,-3,3
46261,90,90,0,0
46262,32,41,-9,9
46263,100,106,-6,6
46264,74,67,7,7
46265,62,68,-6,6
46266,101,94,7,7
46267,104,96,8,8
46268,94,82,12,12
46269,95,100,-5,5
46270,134,132,2,2
46271,134,134,0,0
46272,77,71,6,6
46273,80,96,-16,16
46274,90,87,3,3
46275,128,115,13,13
46276,108,108,0,0
46277,64,71,-7,7
46278,44,60,-16,16
46279,115,109,6,6
46280,49,51,-2,2
46281,64,75,-11,11
46282,64,67,-3,3
46283,128,129,-1,1
46284,69,72,-3,3
46285,73,67,6,6
46286,38,45,-7,7
46287,71,73,-2,2
46288,94,96,-2,2
46289,89,92,-3,3
46290,63,65,-2,2
46291,116,104,12,12
46292,83,87,-4,4
46293,38,47,-9,9
46294,57,62,-5,5
46295,84,84,0,0
46296,552,383,169,169
46297,75,69,6,6
46298,70,75,-5,5
46299,90,102,-12,12
46300,181,204,-23,23
46301,109,111,-2,2
46302,99,111,-12,12
46303,99,97,2,2
46304,73,70,3,3
46305,71,75,-4,4
46306,125,127,-2,2
46307,142,145,-3,3
46308,125,122,3,3
46309,99,94,5,5
46310,127,117,10,10
46311,134,120,14,14
46312,87,82,5,5
46313,99,106,-7,7
46314,116,120,-4,4
46315,57,61,-4,4
46316,160,149,11,11
46317,104,96,8,8
46318,106,108,-2,2
46319,82,87,-5,5
46320,149,139,10,10
46321,122,124,-2,2
46322,46,49,-3,3
46323,44,59,-15,15
46324,47,59,-12,12
46325,46,68,-22,22
46326,103,105,-2,2
46327,118,117,1,1
46328,62,62,0,0
46329,61,68,-7,7
46330,90,90,0,0
46331,87,79,8,8
46332,163,146,17,17
46333,108,109,-1,1
46334,68,66,2,2
46335,128,129,-1,1
46336,132,155,-23,23
46337,48,52,-4,4
46338,66,65,1,1
46339,62,68,-6,6
46340,77,84,-7,7
46341,47,63,-16,16
46342,124,116,8,8
46343,95,104,-9,9
46344,65,59,6,6
46345,70,71,-1,1
46346,133,132,1,1
46347,98,101,-3,3
46348,138,145,-7,7
46349,93,94,-1,1
46350,136,130,6,6
46351,119,115,4,4
46352,102,110,-8,8
46353,106,125,-19,19
46354,75,75,0,0
46355,58,54,4,4
46356,130,111,19,19
46357,85,90,-5,5
46358,102,118,-16,16
46359,66,65,1,1
46360,83,100,-17,17
46361,85,88,-3,3
46362,122,117,5,5
46363,107,117,-10,10
46364,68,77,-9,9
46365,58,64,-6,6
46366,87,82,5,5
46367,67,71,-4,4
46368,74,80,-6,6
46369,68,64,4,4
46370,104,94,10,10
46371,158,159,-1,1
46372,131,121,10,10
46373,103,102,1,1
46374,109,111,-2,2
46375,64,64,0,0
46376,123,110,13,13
46377,111,101,10,10
46378,38,43,-5,5
46379,59,52,7,7
46380,46,60,-14,14
46381,101,107,-6,6
46382,149,136,13,13
46383,116,108,8,8
46384,62,81,-19,19
46385,78,81,-3,3
46386,92,87,5,5
46387,109,102,7,7
46388,94,97,-3,3
46389,107,113,-6,6
46390,75,79,-4,4
46391,64,67,-3,3
46392,30,42,-12,12
46393,127,127,0,0
46394,67,66,1,1
46395,109,111,-2,2
46396,187,173,14,14
46397,90,91,-1,1
46398,123,119,4,4
46399,72,68,4,4
46400,124,127,-3,3
46401,110,111,-1,1
46402,108,112,-4,4
46403,65,68,-3,3
46404,116,123,-7,7
46405,77,91,-14,14
46406,40,48,-8,8
46407,108,105,3,3
46408,159,153,6,6
46409,60,62,-2,2
46410,116,108,8,8
46411,124,141,-17,17
46412,94,98,-4,4
46413,90,81,9,9
46414,30,35,-5,5
46415,89,89,0,0
46416,89,81,8,8
46417,111,120,-9,9
46418,84,84,0,0
46419,49,54,-5,5
46420,75,64,11,11
46421,136,115,21,21
46422,41,79,-38,38
46423,72,73,-1,1
46424,173,165,8,8
46425,70,73,-3,3
46426,90,94,-4,4
46427,153,158,-5,5
46428,138,147,-9,9
46429,147,145,2,2
46430,116,131,-15,15
46431,148,142,6,6
46432,117,116,1,1
46433,103,99,4,4
46434,123,121,2,2
46435,151,134,17,17
46436,126,126,0,0
46437,105,116,-11,11
46438,111,115,-4,4
46439,71,65,6,6
46440,99,111,-12,12
46441,59,70,-11,11
46442,104,95,9,9
46443,60,55,5,5
46444,88,90,-2,2
46445,63,59,4,4
46446,186,172,14,14
46447,97,88,9,9
46448,128,119,9,9
46449,162,148,14,14
46450,74,70,4,4
46451,92,85,7,7
46452,153,146,7,7
46453,97,95,2,2
46454,116,111,5,5
46455,161,135,26,26
46456,73,78,-5,5
46457,107,109,-2,2
46458,112,129,-17,17
46459,89,83,6,6
46460,92,87,5,5
46461,83,81,2,2
46462,108,120,-12,12
46463,108,112,-4,4
46464,49,47,2,2
46465,64,64,0,0
46466,109,116,-7,7
46467,52,51,1,1
46468,139,141,-2,2
46469,90,89,1,1
46470,90,89,1,1
46471,70,73,-3,3
46472,97,103,-6,6
46473,56,61,-5,5
46474,64,80,-16,16
46475,67,62,5,5
46476,48,53,-5,5
46477,69,64,5,5
46478,93,91,2,2
46479,144,139,5,5
46480,145,153,-8,8
46481,142,144,-2,2
46482,150,149,1,1
46483,58,50,8,8
46484,120,108,12,12
46485,102,99,3,3
46486,142,143,-1,1
46487,100,103,-3,3
46488,125,127,-2,2
46489,84,95,-11,11
46490,123,126,-3,3
46491,145,157,-12,12
46492,86,90,-4,4
46493,73,75,-2,2
46494,97,93,4,4
46495,57,55,2,2
46496,122,120,2,2
46497,71,63,8,8
46498,99,99,0,0
46499,83,72,11,11
46500,165,158,7,7
46501,193,174,19,19
46502,104,99,5,5
46503,110,126,-16,16
46504,65,65,0,0
46505,72,74,-2,2
46506,76,79,-3,3
46507,173,170,3,3
46508,76,90,-14,14
46509,95,91,4,4
46510,96,91,5,5
46511,82,78,4,4
46512,91,102,-11,11
46513,88,84,4,4
46514,104,107,-3,3
46515,114,121,-7,7
46516,109,103,6,6
46517,74,72,2,2
46518,137,128,9,9
46519,93,93,0,0
46520,88,90,-2,2
46521,55,69,-14,14
46522,72,72,0,0
46523,71,93,-22,22
46524,110,98,12,12
46525,114,120,-6,6
46526,128,135,-7,7
46527,65,78,-13,13
46528,114,116,-2,2
46529,97,93,4,4
46530,117,145,-28,28
46531,72,79,-7,7
46532,92,86,6,6
46533,64,61,3,3
46534,125,133,-8,8
46535,99,97,2,2
46536,56,64,-8,8
46537,54,54,0,0
46538,122,119,3,3
46539,178,181,-3,3
46540,179,173,6,6
46541,80,74,6,6
46542,109,104,5,5
46543,83,85,-2,2
46544,103,97,6,6
46545,61,66,-5,5
46546,125,115,10,10
46547,96,90,6,6
46548,96,115,-19,19
46549,97,92,5,5
46550,108,93,15,15
46551,89,89,0,0
46552,55,54,1,1
46553,87,132,-45,45
46554,49,51,-2,2
46555,94,96,-2,2
46556,93,118,-25,25
46557,75,74,1,1
46558,65,67,-2,2
46559,52,49,3,3
46560,83,77,6,6
46561,123,107,16,16
46562,92,82,10,10
46563,74,81,-7,7
46564,109,98,11,11
46565,52,59,-7,7
46566,76,70,6,6
46567,116,113,3,3
46568,83,77,6,6
46569,82,81,1,1
46570,144,139,5,5
46571,35,39,-4,4
46572,155,151,4,4
46573,136,134,2,2
46574,123,120,3,3
46575,81,79,2,2
46576,66,69,-3,3
46577,131,124,7,7
46578,133,118,15,15
46579,71,69,2,2
46580,82,83,-1,1
46581,82,85,-3,3
46582,42,42,0,0
46583,137,155,-18,18
46584,140,163,-23,23
46585,58,64,-6,6
46586,117,106,11,11
46587,69,76,-7,7
46588,85,89,-4,4
46589,52,44,8,8
46590,87,96,-9,9
46591,135,144,-9,9
46592,64,69,-5,5
46593,129,110,19,19
46594,190,186,4,4
46595,68,73,-5,5
46596,82,76,6,6
46597,75,75,0,0
46598,149,134,15,15
46599,84,79,5,5
46600,54,53,1,1
46601,98,93,5,5
46602,99,86,13,13
46603,125,124,1,1
46604,86,86,0,0
46605,95,90,5,5
46606,75,76,-1,1
46607,80,78,2,2
46608,118,119,-1,1
46609,91,80,11,11
46610,106,101,5,5
46611,85,92,-7,7
46612,153,149,4,4
46613,103,104,-1,1
46614,159,161,-2,2
46615,69,66,3,3
46616,166,136,30,30
46617,109,107,2,2
46618,133,122,11,11
46619,191,177,14,14
46620,113,95,18,18
46621,124,114,10,10
46622,139,136,3,3
46623,88,91,-3,3
46624,43,76,-33,33
46625,71,74,-3,3
46626,116,112,4,4
46627,115,109,6,6
46628,118,118,0,0
46629,62,62,0,0
46630,106,105,1,1
46631,116,131,-15,15
46632,137,129,8,8
46633,201,177,24,24
46634,53,59,-6,6
46635,73,77,-4,4
46636,46,52,-6,6
46637,90,87,3,3
46638,126,127,-1,1
46639,113,116,-3,3
46640,80,71,9,9
46641,102,91,11,11
46642,161,151,10,10
46643,103,105,-2,2
46644,119,132,-13,13
46645,54,62,-8,8
46646,159,151,8,8
46647,87,81,6,6
46648,59,53,6,6
46649,59,64,-5,5
46650,90,87,3,3
46651,59,64,-5,5
46652,104,100,4,4
46653,131,136,-5,5
46654,60,61,-1,1
46655,68,61,7,7
46656,86,83,3,3
46657,88,84,4,4
46658,146,145,1,1
46659,62,61,1,1
46660,152,151,1,1
46661,104,102,2,2
46662,67,63,4,4
46663,102,103,-1,1
46664,96,99,-3,3
46665,99,112,-13,13
46666,99,103,-4,4
46667,76,78,-2,2
46668,97,98,-1,1
46669,83,87,-4,4
46670,112,116,-4,4
46671,63,63,0,0
46672,136,144,-8,8
46673,74,76,-2,2
46674,172,153,19,19
46675,136,121,15,15
46676,120,128,-8,8
46677,116,118,-2,2
46678,126,120,6,6
46679,114,106,8,8
46680,72,76,-4,4
46681,104,102,2,2
46682,147,151,-4,4
46683,103,102,1,1
46684,81,71,10,10
46685,80,82,-2,2
46686,101,97,4,4
46687,125,111,14,14
46688,92,75,17,17
46689,84,82,2,2
46690,80,109,-29,29
46691,150,147,3,3
46692,61,61,0,0
46693,112,109,3,3
46694,112,104,8,8
46695,67,59,8,8
46696,137,132,5,5
46697,58,59,-1,1
46698,105,101,4,4
46699,88,94,-6,6
46700,76,72,4,4
46701,88,80,8,8
46702,108,114,-6,6
46703,97,90,7,7
46704,141,144,-3,3
46705,64,76,-12,12
46706,51,59,-8,8
46707,101,91,10,10
46708,158,157,1,1
46709,97,96,1,1
46710,79,81,-2,2
46711,69,66,3,3
46712,97,106,-9,9
46713,90,91,-1,1
46714,85,92,-7,7
46715,90,89,1,1
46716,120,114,6,6
46717,61,62,-1,1
46718,145,145,0,0
46719,77,76,1,1
46720,49,52,-3,3
46721,81,82,-1,1
46722,70,69,1,1
46723,107,93,14,14
46724,87,84,3,3
46725,66,66,0,0
46726,108,105,3,3
46727,86,80,6,6
46728,68,71,-3,3
46729,84,74,10,10
46730,72,73,-1,1
46731,67,75,-8,8
46732,73,71,2,2
46733,81,78,3,3
46734,65,56,9,9
46735,130,112,18,18
46736,47,43,4,4
46737,117,118,-1,1
46738,141,127,14,14
46739,204,180,24,24
46740,85,86,-1,1
46741,116,125,-9,9
46742,118,111,7,7
46743,110,113,-3,3
46744,100,93,7,7
46745,93,90,3,3
46746,53,50,3,3
46747,86,77,9,9
46748,70,70,0,0
46749,80,80,0,0
46750,146,151,-5,5
46751,72,73,-1,1
46752,154,153,1,1
46753,206,205,1,1
46754,72,76,-4,4
46755,141,138,3,3
46756,83,106,-23,23
46757,141,145,-4,4
46758,97,104,-7,7
46759,137,131,6,6
46760,124,123,1,1
46761,84,85,-1,1
46762,102,117,-15,15
46763,22,51,-29,29
46764,97,99,-2,2
46765,59,61,-2,2
46766,124,130,-6,6
46767,198,198,0,0
46768,93,80,13,13
46769,96,93,3,3
46770,99,93,6,6
46771,191,158,33,33
46772,88,83,5,5
46773,88,81,7,7
46774,114,110,4,4
46775,85,93,-8,8
46776,85,71,14,14
46777,63,70,-7,7
46778,129,105,24,24
46779,142,146,-4,4
46780,66,76,-10,10
46781,64,62,2,2
46782,72,65,7,7
46783,143,147,-4,4
46784,73,67,6,6
46785,92,96,-4,4
46786,80,89,-9,9
46787,123,121,2,2
46788,67,71,-4,4
46789,87,103,-16,16
46790,81,64,17,17
46791,77,103,-26,26
46792,70,65,5,5
46793,120,121,-1,1
46794,119,122,-3,3
46795,116,118,-2,2
46796,193,194,-1,1
46797,90,93,-3,3
46798,113,130,-17,17
46799,109,103,6,6
46800,85,84,1,1
46801,63,65,-2,2
46802,56,54,2,2
46803,131,137,-6,6
46804,108,109,-1,1
46805,58,60,-2,2
46806,57,61,-4,4
46807,98,119,-21,21
46808,86,104,-18,18
46809,60,61,-1,1
46810,54,62,-8,8
46811,160,149,11,11
46812,91,100,-9,9
46813,179,150,29,29
46814,68,85,-17,17
46815,143,141,2,2
46816,86,74,12,12
46817,115,120,-5,5
46818,139,121,18,18
46819,95,96,-1,1
46820,66,79,-13,13
46821,66,63,3,3
46822,143,142,1,1
46823,87,83,4,4
46824,85,91,-6,6
46825,77,80,-3,3
46826,77,70,7,7
46827,91,84,7,7
46828,80,80,0,0
46829,23,36,-13,13
46830,92,91,1,1
46831,109,101,8,8
46832,115,107,8,8
46833,93,97,-4,4
46834,67,70,-3,3
46835,150,149,1,1
46836,78,66,12,12
46837,159,161,-2,2
46838,124,111,13,13
46839,93,103,-10,10
46840,133,137,-4,4
46841,79,81,-2,2
46842,62,66,-4,4
46843,73,71,2,2
46844,66,65,1,1
46845,69,65,4,4
46846,146,165,-19,19
46847,73,63,10,10
46848,91,101,-10,10
46849,67,67,0,0
46850,80,100,-20,20
46851,96,90,6,6
46852,75,70,5,5
46853,72,83,-11,11
46854,87,83,4,4
46855,93,82,11,11
46856,115,109,6,6
46857,142,136,6,6
46858,168,142,26,26
46859,149,139,10,10
46860,91,87,4,4
46861,69,76,-7,7
46862,112,109,3,3
46863,83,78,5,5
46864,63,60,3,3
46865,84,87,-3,3
46866,113,101,12,12
46867,98,95,3,3
46868,174,175,-1,1
46869,103,95,8,8
46870,32,77,-45,45
46871,126,130,-4,4
46872,132,132,0,0
46873,49,51,-2,2
46874,107,105,2,2
46875,121,130,-9,9
46876,132,129,3,3
46877,75,71,4,4
46878,71,75,-4,4
46879,69,79,-10,10
46880,158,150,8,8
46881,73,70,3,3
46882,146,133,13,13
46883,49,60,-11,11
46884,124,125,-1,1
46885,71,67,4,4
46886,43,41,2,2
46887,94,98,-4,4
46888,120,130,-10,10
46889,107,107,0,0
46890,83,76,7,7
46891,111,108,3,3
46892,79,83,-4,4
46893,93,97,-4,4
46894,130,131,-1,1
46895,119,111,8,8
46896,80,75,5,5
46897,80,73,7,7
46898,76,72,4,4
46899,101,104,-3,3
46900,131,126,5,5
46901,91,96,-5,5
46902,81,88,-7,7
46903,102,103,-1,1
46904,108,93,15,15
46905,79,76,3,3
46906,121,112,9,9
46907,135,139,-4,4
46908,68,79,-11,11
46909,104,112,-8,8
46910,44,45,-1,1
46911,103,109,-6,6
46912,136,142,-6,6
46913,107,91,16,16
46914,78,92,-14,14
46915,75,76,-1,1
46916,37,39,-2,2
46917,24,33,-9,9
46918,166,163,3,3
46919,134,129,5,5
46920,116,115,1,1
46921,85,82,3,3
46922,130,133,-3,3
46923,150,140,10,10
46924,103,98,5,5
46925,92,87,5,5
46926,127,130,-3,3
46927,72,73,-1,1
46928,95,101,-6,6
46929,56,59,-3,3
46930,170,152,18,18
46931,106,97,9,9
46932,78,79,-1,1
46933,135,139,-4,4
46934,113,105,8,8
46935,191,183,8,8
46936,61,69,-8,8
46937,95,83,12,12
46938,119,116,3,3
46939,114,103,11,11
46940,88,85,3,3
46941,71,71,0,0
46942,76,77,-1,1
46943,50,59,-9,9
46944,69,64,5,5
46945,51,74,-23,23
46946,74,84,-10,10
46947,79,75,4,4
46948,74,84,-10,10
46949,113,120,-7,7
46950,99,110,-11,11
46951,86,89,-3,3
46952,91,89,2,2
46953,83,96,-13,13
46954,106,100,6,6
46955,66,62,4,4
46956,74,69,5,5
46957,78,77,1,1
46958,101,103,-2,2
46959,78,81,-3,3
46960,91,101,-10,10
46961,94,99,-5,5
46962,86,89,-3,3
46963,64,68,-4,4
46964,98,79,19,19
46965,100,113,-13,13
46966,148,137,11,11
46967,96,106,-10,10
46968,135,122,13,13
46969,123,139,-16,16
46970,65,66,-1,1
46971,86,81,5,5
46972,86,84,2,2
46973,93,92,1,1
46974,106,106,0,0
46975,122,114,8,8
46976,75,85,-10,10
46977,86,84,2,2
46978,51,50,1,1
46979,56,60,-4,4
46980,125,134,-9,9
46981,92,88,4,4
46982,108,117,-9,9
46983,151,144,7,7
46984,83,84,-1,1
46985,66,73,-7,7
46986,138,126,12,12
46987,120,125,-5,5
46988,79,70,9,9
46989,86,93,-7,7
46990,163,166,-3,3
46991,112,115,-3,3
46992,98,89,9,9
46993,40,68,-28,28
46994,85,90,-5,5
46995,73,79,-6,6
46996,84,93,-9,9
46997,127,131,-4,4
46998,113,103,10,10
46999,116,110,6,6
47000,91,96,-5,5
47001,91,77,14,14
47002,50,52,-2,2
47003,78,80,-2,2
47004,90,93,-3,3
47005,125,120,5,5
47006,84,89,-5,5
47007,79,75,4,4
47008,69,70,-1,1
47009,115,99,16,16
47010,227,245,-18,18
47011,107,109,-2,2
47012,136,162,-26,26
47013,88,86,2,2
47014,117,120,-3,3
47015,81,83,-2,2
47016,150,144,6,6
47017,101,120,-19,19
47018,169,165,4,4
47019,75,79,-4,4
47020,146,150,-4,4
47021,96,92,4,4
47022,66,68,-2,2
47023,73,71,2,2
47024,85,94,-9,9
47025,104,89,15,15
47026,53,58,-5,5
47027,148,156,-8,8
47028,119,115,4,4
47029,45,44,1,1
47030,72,73,-1,1
47031,126,128,-2,2
47032,64,61,3,3
47033,119,122,-3,3
47034,89,95,-6,6
47035,139,139,0,0
47036,111,118,-7,7
47037,100,105,-5,5
47038,82,83,-1,1
47039,138,135,3,3
47040,47,48,-1,1
47041,167,151,16,16
47042,63,62,1,1
47043,118,112,6,6
47044,201,203,-2,2
47045,82,89,-7,7
47046,91,94,-3,3
47047,81,80,1,1
47048,91,87,4,4
47049,119,110,9,9
47050,88,79,9,9
47051,76,79,-3,3
47052,86,86,0,0
47053,47,58,-11,11
47054,134,133,1,1
47055,96,96,0,0
47056,82,81,1,1
47057,82,81,1,1
47058,89,88,1,1
47059,99,105,-6,6
47060,93,97,-4,4
47061,87,88,-1,1
47062,62,80,-18,18
47063,58,52,6,6
47064,82,84,-2,2
47065,142,146,-4,4
47066,101,96,5,5
47067,127,118,9,9
47068,46,48,-2,2
47069,116,110,6,6
47070,54,61,-7,7
47071,71,69,2,2
47072,121,140,-19,19
47073,80,82,-2,2
47074,86,87,-1,1
47075,119,115,4,4
47076,71,77,-6,6
47077,171,162,9,9
47078,126,114,12,12
47079,57,54,3,3
47080,99,100,-1,1
47081,55,65,-10,10
47082,77,78,-1,1
47083,110,106,4,4
47084,77,101,-24,24
47085,111,110,1,1
47086,164,165,-1,1
47087,104,96,8,8
47088,85,85,0,0
47089,75,77,-2,2
47090,119,108,11,11
47091,82,81,1,1
47092,122,109,13,13
47093,111,111,0,0
47094,102,94,8,8
47095,54,52,2,2
47096,96,93,3,3
47097,65,68,-3,3
47098,135,137,-2,2
47099,79,75,4,4
47100,92,77,15,15
47101,56,59,-3,3
47102,109,93,16,16
47103,124,124,0,0
47104,65,71,-6,6
47105,84,84,0,0
47106,107,104,3,3
47107,114,111,3,3
47108,92,81,11,11
47109,129,123,6,6
47110,159,153,6,6
47111,80,83,-3,3
47112,106,106,0,0
47113,76,75,1,1
47114,81,95,-14,14
47115,115,114,1,1
47116,89,99,-10,10
47117,66,72,-6,6
47118,49,53,-4,4
47119,74,70,4,4
47120,77,71,6,6
47121,98,97,1,1
47122,181,169,12,12
47123,65,68,-3,3
47124,125,121,4,4
47125,120,125,-5,5
47126,92,82,10,10
47127,125,117,8,8
47128,97,94,3,3
47129,113,100,13,13
47130,69,71,-2,2
47131,41,47,-6,6
47132,112,113,-1,1
47133,93,83,10,10
47134,77,74,3,3
47135,114,127,-13,13
47136,90,89,1,1
47137,119,123,-4,4
47138,85,96,-11,11
47139,99,108,-9,9
47140,113,88,25,25
47141,112,121,-9,9
47142,43,47,-4,4
47143,73,70,3,3
47144,149,148,1,1
47145,72,75,-3,3
47146,62,66,-4,4
47147,74,73,1,1
47148,197,188,9,9
47149,93,100,-7,7
47150,103,74,29,29
47151,96,92,4,4
47152,191,167,24,24
47153,116,112,4,4
47154,75,72,3,3
47155,99,106,-7,7
47156,94,84,10,10
47157,124,131,-7,7
47158,83,81,2,2
47159,131,125,6,6
47160,108,96,12,12
47161,108,119,-11,11
47162,77,75,2,2
47163,77,64,13,13
47164,126,121,5,5
47165,59,83,-24,24
47166,101,112,-11,11
47167,121,119,2,2
47168,116,122,-6,6
47169,124,118,6,6
47170,69,61,8,8
47171,160,152,8,8
47172,67,76,-9,9
47173,111,119,-8,8
47174,80,106,-26,26
47175,44,45,-1,1
47176,89,87,2,2
47177,92,87,5,5
47178,105,110,-5,5
47179,113,98,15,15
47180,83,85,-2,2
47181,54,50,4,4
47182,47,50,-3,3
47183,105,98,7,7
47184,65,63,2,2
47185,118,109,9,9
47186,115,103,12,12
47187,92,97,-5,5
47188,69,61,8,8
47189,42,48,-6,6
47190,64,59,5,5
47191,119,123,-4,4
47192,142,129,13,13
47193,117,109,8,8
47194,67,73,-6,6
47195,157,149,8,8
47196,57,62,-5,5
47197,122,111,11,11
47198,84,70,14,14
47199,112,113,-1,1
47200,96,99,-3,3
47201,75,70,5,5
47202,86,86,0,0
47203,168,155,13,13
47204,128,110,18,18
47205,111,113,-2,2
47206,95,96,-1,1
47207,74,83,-9,9
47208,101,89,12,12
47209,69,63,6,6
47210,160,161,-1,1
47211,139,128,11,11
47212,24,62,-38,38
47213,89,84,5,5
47214,102,102,0,0
47215,49,50,-1,1
47216,94,104,-10,10
47217,76,68,8,8
47218,170,153,17,17
47219,158,154,4,4
47220,31,81,-50,50
47221,66,69,-3,3
47222,106,90,16,16
47223,60,71,-11,11
47224,77,79,-2,2
47225,68,66,2,2
47226,129,127,2,2
47227,60,59,1,1
47228,106,107,-1,1
47229,64,61,3,3
47230,67,66,1,1
47231,85,86,-1,1
47232,79,71,8,8
47233,175,169,6,6
47234,20,59,-39,39
47235,169,155,14,14
47236,90,93,-3,3
47237,74,74,0,0
47238,68,82,-14,14
47239,52,55,-3,3
47240,81,87,-6,6
47241,106,111,-5,5
47242,113,120,-7,7
47243,64,66,-2,2
47244,98,97,1,1
47245,120,124,-4,4
47246,85,80,5,5
47247,70,62,8,8
47248,121,117,4,4
47249,132,123,9,9
47250,50,46,4,4
47251,68,75,-7,7
47252,55,53,2,2
47253,122,112,10,10
47254,107,95,12,12
47255,69,76,-7,7
47256,115,113,2,2
47257,118,113,5,5
47258,184,212,-28,28
47259,78,88,-10,10
47260,47,52,-5,5
47261,65,66,-1,1
47262,109,98,11,11
47263,89,80,9,9
47264,141,142,-1,1
47265,68,87,-19,19
47266,167,150,17,17
47267,68,76,-8,8
47268,86,97,-11,11
47269,93,90,3,3
47270,91,88,3,3
47271,65,71,-6,6
47272,132,135,-3,3
47273,91,92,-1,1
47274,71,63,8,8
47275,71,63,8,8
47276,120,122,-2,2
47277,118,113,5,5
47278,117,118,-1,1
47279,157,156,1,1
47280,73,76,-3,3
47281,108,112,-4,4
47282,82,69,13,13
47283,122,116,6,6
47284,143,149,-6,6
47285,172,161,11,11
47286,76,64,12,12
47287,130,137,-7,7
47288,61,60,1,1
47289,65,70,-5,5
47290,128,122,6,6
47291,98,94,4,4
47292,161,168,-7,7
47293,56,53,3,3
47294,97,135,-38,38
47295,176,196,-20,20
47296,125,121,4,4
47297,115,107,8,8
47298,81,79,2,2
47299,103,100,3,3
47300,53,55,-2,2
47301,173,170,3,3
47302,132,127,5,5
47303,129,123,6,6
47304,120,119,1,1
47305,123,114,9,9
47306,203,167,36,36
47307,59,49,10,10
47308,67,68,-1,1
47309,132,120,12,12
47310,182,165,17,17
47311,143,146,-3,3
47312,97,83,14,14
47313,91,86,5,5
47314,96,107,-11,11
47315,91,90,1,1
47316,87,82,5,5
47317,143,150,-7,7
47318,65,56,9,9
47319,78,67,11,11
47320,78,79,-1,1
47321,140,141,-1,1
47322,93,95,-2,2
47323,52,55,-3,3
47324,95,102,-7,7
47325,96,86,10,10
47326,72,71,1,1
47327,113,117,-4,4
47328,97,93,4,4
47329,77,79,-2,2
47330,71,73,-2,2
47331,58,60,-2,2
47332,72,70,2,2
47333,210,186,24,24
47334,97,89,8,8
47335,141,147,-6,6
47336,130,132,-2,2
47337,105,106,-1,1
47338,66,74,-8,8
47339,78,85,-7,7
47340,96,99,-3,3
47341,120,118,2,2
47342,57,62,-5,5
47343,162,158,4,4
47344,134,137,-3,3
47345,161,153,8,8
47346,171,172,-1,1
47347,91,99,-8,8
47348,46,48,-2,2
47349,128,117,11,11
47350,113,99,14,14
47351,96,91,5,5
47352,55,49,6,6
47353,101,104,-3,3
47354,146,140,6,6
47355,83,125,-42,42
47356,41,45,-4,4
47357,117,117,0,0
47358,118,123,-5,5
47359,89,94,-5,5
47360,88,88,0,0
47361,37,37,0,0
47362,68,70,-2,2
47363,53,47,6,6
47364,106,101,5,5
47365,125,117,8,8
47366,79,80,-1,1
47367,100,96,4,4
47368,99,105,-6,6
47369,99,101,-2,2
47370,130,123,7,7
47371,75,83,-8,8
47372,101,94,7,7
47373,90,90,0,0
47374,154,142,12,12
47375,116,111,5,5
47376,60,73,-13,13
47377,144,149,-5,5
47378,75,75,0,0
47379,110,105,5,5
47380,124,128,-4,4
47381,79,93,-14,14
47382,38,45,-7,7
47383,90,88,2,2
47384,84,76,8,8
47385,76,80,-4,4
47386,88,92,-4,4
47387,124,130,-6,6
47388,76,82,-6,6
47389,84,82,2,2
47390,75,74,1,1
47391,78,79,-1,1
47392,48,51,-3,3
47393,70,78,-8,8
47394,125,118,7,7
47395,129,131,-2,2
47396,75,68,7,7
47397,91,103,-12,12
47398,108,109,-1,1
47399,100,95,5,5
47400,56,67,-11,11
47401,140,130,10,10
47402,62,59,3,3
47403,224,184,40,40
47404,109,115,-6,6
47405,159,160,-1,1
47406,90,92,-2,2
47407,125,119,6,6
47408,96,98,-2,2
47409,74,90,-16,16
47410,109,117,-8,8
47411,84,81,3,3
47412,50,61,-11,11
47413,146,137,9,9
47414,116,101,15,15
47415,93,86,7,7
47416,92,83,9,9
47417,72,68,4,4
47418,159,142,17,17
47419,79,76,3,3
47420,117,110,7,7
47421,92,80,12,12
47422,102,101,1,1
47423,61,63,-2,2
47424,55,50,5,5
47425,91,76,15,15
47426,94,88,6,6
47427,64,66,-2,2
47428,121,116,5,5
47429,50,50,0,0
47430,91,88,3,3
47431,87,85,2,2
47432,100,92,8,8
47433,60,63,-3,3
47434,139,139,0,0
47435,77,75,2,2
47436,54,60,-6,6
47437,117,96,21,21
47438,105,116,-11,11
47439,105,98,7,7
47440,78,77,1,1
47441,108,97,11,11
47442,111,124,-13,13
47443,112,116,-4,4
47444,69,66,3,3
47445,100,107,-7,7
47446,96,95,1,1
47447,31,63,-32,32
47448,75,69,6,6
47449,68,71,-3,3
47450,53,56,-3,3
47451,63,66,-3,3
47452,85,81,4,4
47453,126,128,-2,2
47454,107,107,0,0
47455,130,128,2,2
47456,65,64,1,1
47457,73,71,2,2
47458,107,110,-3,3
47459,121,121,0,0
47460,99,101,-2,2
47461,92,98,-6,6
47462,170,166,4,4
47463,85,67,18,18
47464,142,139,3,3
47465,86,85,1,1
47466,63,64,-1,1
47467,121,113,8,8
47468,84,93,-9,9
47469,66,62,4,4
47470,60,62,-2,2
47471,68,64,4,4
47472,113,125,-12,12
47473,101,101,0,0
47474,48,54,-6,6
47475,154,154,0,0
47476,160,154,6,6
47477,102,93,9,9
47478,94,93,1,1
47479,84,80,4,4
47480,107,114,-7,7
47481,66,69,-3,3
47482,87,92,-5,5
47483,84,75,9,9
47484,86,93,-7,7
47485,101,69,32,32
47486,83,78,5,5
47487,70,61,9,9
47488,104,92,12,12
47489,78,74,4,4
47490,69,66,3,3
47491,172,161,11,11
47492,66,75,-9,9
47493,96,90,6,6
47494,73,76,-3,3
47495,122,131,-9,9
47496,66,76,-10,10
47497,78,81,-3,3
47498,70,125,-55,55
47499,62,68,-6,6
47500,64,63,1,1
47501,189,173,16,16
47502,101,100,1,1
47503,83,82,1,1
47504,88,82,6,6
47505,108,101,7,7
47506,109,106,3,3
47507,50,46,4,4
47508,100,95,5,5
47509,98,94,4,4
47510,74,66,8,8
47511,151,138,13,13
47512,67,70,-3,3
47513,145,134,11,11
47514,99,95,4,4
47515,79,79,0,0
47516,66,72,-6,6
47517,87,79,8,8
47518,104,94,10,10
47519,75,69,6,6
47520,81,72,9,9
47521,79,86,-7,7
47522,82,80,2,2
47523,202,184,18,18
47524,64,61,3,3
47525,142,141,1,1
47526,77,89,-12,12
47527,95,109,-14,14
47528,127,129,-2,2
47529,89,94,-5,5
47530,136,145,-9,9
47531,63,69,-6,6
47532,123,119,4,4
47533,113,106,7,7
47534,98,99,-1,1
47535,136,120,16,16
47536,124,118,6,6
47537,124,119,5,5
47538,162,150,12,12
47539,81,93,-12,12
47540,93,93,0,0
47541,83,88,-5,5
47542,127,113,14,14
47543,60,53,7,7
47544,83,87,-4,4
47545,60,61,-1,1
47546,103,112,-9,9
47547,93,78,15,15
47548,78,78,0,0
47549,97,92,5,5
47550,73,69,4,4
47551,128,122,6,6
47552,92,97,-5,5
47553,37,40,-3,3
47554,154,151,3,3
47555,60,65,-5,5
47556,94,89,5,5
47557,103,98,5,5
47558,72,75,-3,3
47559,65,70,-5,5
47560,85,88,-3,3
47561,111,106,5,5
47562,88,91,-3,3
47563,110,99,11,11
47564,102,97,5,5
47565,59,55,4,4
47566,89,79,10,10
47567,113,100,13,13
47568,65,72,-7,7
47569,148,144,4,4
47570,83,82,1,1
47571,81,79,2,2
47572,88,86,2,2
47573,67,71,-4,4
47574,44,50,-6,6
47575,98,105,-7,7
47576,89,88,1,1
47577,85,86,-1,1
47578,165,149,16,16
47579,58,66,-8,8
47580,118,111,7,7
47581,138,118,20,20
47582,85,77,8,8
47583,77,81,-4,4
47584,58,60,-2,2
47585,78,73,5,5
47586,94,108,-14,14
47587,51,52,-1,1
47588,109,116,-7,7
47589,72,78,-6,6
47590,71,70,1,1
47591,83,90,-7,7
47592,97,96,1,1
47593,81,83,-2,2
47594,192,207,-15,15
47595,152,144,8,8
47596,101,100,1,1
47597,65,54,11,11
47598,77,77,0,0
47599,130,120,10,10
47600,124,95,29,29
47601,89,93,-4,4
47602,105,114,-9,9
47603,85,83,2,2
47604,147,147,0,0
47605,108,122,-14,14
47606,86,85,1,1
47607,66,70,-4,4
47608,62,63,-1,1
47609,74,68,6,6
47610,144,124,20,20
47611,77,75,2,2
47612,53,46,7,7
47613,81,74,7,7
47614,121,120,1,1
47615,71,69,2,2
47616,75,61,14,14
47617,105,96,9,9
47618,98,105,-7,7
47619,133,137,-4,4
47620,115,116,-1,1
47621,56,56,0,0
47622,139,135,4,4
47623,108,110,-2,2
47624,207,184,23,23
47625,43,58,-15,15
47626,135,126,9,9
47627,122,122,0,0
47628,61,69,-8,8
47629,97,90,7,7
47630,77,72,5,5
47631,123,104,19,19
47632,59,63,-4,4
47633,113,118,-5,5
47634,125,119,6,6
47635,88,88,0,0
47636,72,67,5,5
47637,137,140,-3,3
47638,113,103,10,10
47639,112,106,6,6
47640,60,65,-5,5
47641,106,104,2,2
47642,143,145,-2,2
47643,91,94,-3,3
47644,95,89,6,6
47645,155,138,17,17
47646,106,108,-2,2
47647,103,118,-15,15
47648,142,130,12,12
47649,76,76,0,0
47650,115,123,-8,8
47651,96,119,-23,23
47652,103,95,8,8
47653,106,109,-3,3
47654,67,65,2,2
47655,100,96,4,4
47656,103,93,10,10
47657,72,73,-1,1
47658,142,136,6,6
47659,32,62,-30,30
47660,137,140,-3,3
47661,57,63,-6,6
47662,69,76,-7,7
47663,47,48,-1,1
47664,82,82,0,0
47665,113,104,9,9
47666,81,89,-8,8
47667,96,96,0,0
47668,67,64,3,3
47669,138,132,6,6
47670,73,71,2,2
47671,62,79,-17,17
47672,45,52,-7,7
47673,106,103,3,3
47674,65,63,2,2
47675,79,83,-4,4
47676,109,119,-10,10
47677,147,140,7,7
47678,67,64,3,3
47679,94,90,4,4
47680,73,71,2,2
47681,57,64,-7,7
47682,124,112,12,12
47683,68,71,-3,3
47684,89,83,6,6
47685,105,91,14,14
47686,64,73,-9,9
47687,78,86,-8,8
47688,108,99,9,9
47689,171,165,6,6
47690,92,83,9,9
47691,63,63,0,0
47692,66,73,-7,7
47693,85,88,-3,3
47694,134,131,3,3
47695,73,72,1,1
47696,85,85,0,0
47697,81,73,8,8
47698,119,117,2,2
47699,64,61,3,3
47700,73,72,1,1
47701,120,107,13,13
47702,122,116,6,6
47703,97,104,-7,7
47704,69,74,-5,5
47705,88,88,0,0
47706,86,88,-2,2
47707,87,87,0,0
47708,152,145,7,7
47709,65,65,0,0
47710,37,49,-12,12
47711,125,109,16,16
47712,117,127,-10,10
47713,72,72,0,0
47714,120,136,-16,16
47715,67,66,1,1
47716,147,144,3,3
47717,142,137,5,5
47718,111,102,9,9
47719,104,104,0,0
47720,90,83,7,7
47721,76,73,3,3
47722,82,71,11,11
47723,122,95,27,27
47724,176,166,10,10
47725,97,78,19,19
47726,84,84,0,0
47727,94,91,3,3
47728,175,179,-4,4
47729,90,94,-4,4
47730,62,63,-1,1
47731,116,106,10,10
47732,137,134,3,3
47733,141,134,7,7
47734,96,107,-11,11
47735,99,95,4,4
47736,66,60,6,6
47737,183,179,4,4
47738,64,62,2,2
47739,137,145,-8,8
47740,51,52,-1,1
47741,35,38,-3,3
47742,137,126,11,11
47743,151,154,-3,3
47744,115,113,2,2
47745,94,90,4,4
47746,42,42,0,0
47747,57,66,-9,9
47748,102,107,-5,5
47749,59,61,-2,2
47750,73,85,-12,12
47751,80,81,-1,1
47752,102,108,-6,6
47753,111,110,1,1
47754,150,153,-3,3
47755,149,141,8,8
47756,129,120,9,9
47757,35,62,-27,27
47758,50,55,-5,5
47759,85,77,8,8
47760,90,84,6,6
47761,129,116,13,13
47762,111,112,-1,1
47763,80,86,-6,6
47764,165,170,-5,5
47765,69,72,-3,3
47766,132,120,12,12
47767,145,135,10,10
47768,51,51,0,0
47769,152,141,11,11
47770,64,61,3,3
47771,168,157,11,11
47772,100,105,-5,5
47773,72,65,7,7
47774,86,91,-5,5
47775,67,72,-5,5
47776,71,70,1,1
47777,156,153,3,3
47778,92,85,7,7
47779,93,96,-3,3
47780,95,103,-8,8
47781,113,110,3,3
47782,105,99,6,6
47783,77,83,-6,6
47784,96,108,-12,12
47785,103,107,-4,4
47786,76,89,-13,13
47787,77,72,5,5
47788,103,93,10,10
47789,80,78,2,2
47790,72,78,-6,6
47791,98,97,1,1
47792,94,84,10,10
47793,145,154,-9,9
47794,57,53,4,4
47795,95,88,7,7
47796,97,78,19,19
47797,160,146,14,14
47798,161,158,3,3
47799,71,68,3,3
47800,95,88,7,7
47801,100,98,2,2
47802,57,46,11,11
47803,96,93,3,3
47804,70,71,-1,1
47805,51,81,-30,30
47806,70,70,0,0
47807,27,36,-9,9
47808,93,83,10,10
47809,110,107,3,3
47810,128,124,4,4
47811,146,151,-5,5
47812,81,71,10,10
47813,100,94,6,6
47814,77,69,8,8
47815,57,59,-2,2
47816,110,105,5,5
47817,90,94,-4,4
47818,105,112,-7,7
47819,91,82,9,9
47820,158,154,4,4
47821,79,74,5,5
47822,52,49,3,3
47823,86,83,3,3
47824,100,100,0,0
47825,65,67,-2,2
47826,116,109,7,7
47827,75,68,7,7
47828,95,91,4,4
47829,71,75,-4,4
47830,87,91,-4,4
47831,79,68,11,11
47832,77,75,2,2
47833,55,59,-4,4
47834,94,92,2,2
47835,99,98,1,1
47836,98,99,-1,1
47837,95,109,-14,14
47838,123,127,-4,4
47839,76,91,-15,15
47840,157,164,-7,7
47841,75,79,-4,4
47842,114,109,5,5
47843,47,44,3,3
47844,110,108,2,2
47845,122,112,10,10
47846,89,98,-9,9
47847,65,69,-4,4
47848,63,69,-6,6
47849,140,129,11,11
47850,101,100,1,1
47851,132,131,1,1
47852,175,186,-11,11
47853,79,74,5,5
47854,97,90,7,7
47855,108,96,12,12
47856,76,66,10,10
47857,80,75,5,5
47858,114,106,8,8
47859,160,168,-8,8
47860,101,90,11,11
47861,143,131,12,12
47862,40,42,-2,2
47863,151,145,6,6
47864,111,122,-11,11
47865,105,121,-16,16
47866,93,88,5,5
47867,121,125,-4,4
47868,162,154,8,8
47869,91,100,-9,9
47870,86,85,1,1
47871,133,138,-5,5
47872,69,74,-5,5
47873,110,116,-6,6
47874,76,70,6,6
47875,70,78,-8,8
47876,129,108,21,21
47877,105,98,7,7
47878,118,118,0,0
47879,51,56,-5,5
47880,155,149,6,6
47881,80,81,-1,1
47882,91,106,-15,15
47883,87,82,5,5
47884,61,72,-11,11
47885,65,65,0,0
47886,85,84,1,1
47887,89,87,2,2
47888,62,60,2,2
47889,85,90,-5,5
47890,65,73,-8,8
47891,127,126,1,1
47892,94,96,-2,2
47893,106,103,3,3
47894,72,71,1,1
47895,115,113,2,2
47896,100,92,8,8
47897,56,53,3,3
47898,78,87,-9,9
47899,100,100,0,0
47900,94,93,1,1
47901,104,98,6,6
47902,76,84,-8,8
47903,100,96,4,4
47904,114,106,8,8
47905,94,84,10,10
47906,92,89,3,3
47907,51,54,-3,3
47908,129,129,0,0
47909,30,39,-9,9
47910,91,104,-13,13
47911,72,71,1,1
47912,99,100,-1,1
47913,59,59,0,0
47914,103,95,8,8
47915,140,124,16,16
47916,71,74,-3,3
47917,77,78,-1,1
47918,108,110,-2,2
47919,87,75,12,12
47920,150,150,0,0
47921,108,115,-7,7
47922,78,72,6,6
47923,143,137,6,6
47924,109,120,-11,11
47925,81,85,-4,4
47926,82,89,-7,7
47927,46,46,0,0
47928,142,131,11,11
47929,54,52,2,2
47930,89,96,-7,7
47931,53,53,0,0
47932,73,66,7,7
47933,74,69,5,5
47934,43,41,2,2
47935,89,89,0,0
47936,71,77,-6,6
47937,62,76,-14,14
47938,59,68,-9,9
47939,114,108,6,6
47940,56,54,2,2
47941,94,98,-4,4
47942,102,110,-8,8
47943,112,106,6,6
47944,75,75,0,0
47945,77,88,-11,11
47946,124,122,2,2
47947,128,118,10,10
47948,70,76,-6,6
47949,84,134,-50,50
47950,151,143,8,8
47951,113,104,9,9
47952,85,83,2,2
47953,82,103,-21,21
47954,163,167,-4,4
47955,124,137,-13,13
47956,80,74,6,6
47957,122,148,-26,26
47958,88,79,9,9
47959,66,62,4,4
47960,83,81,2,2
47961,118,113,5,5
47962,57,52,5,5
47963,66,72,-6,6
47964,108,103,5,5
47965,93,97,-4,4
47966,51,53,-2,2
47967,171,161,10,10
47968,114,104,10,10
47969,45,48,-3,3
47970,86,84,2,2
47971,62,67,-5,5
47972,67,69,-2,2
47973,76,80,-4,4
47974,108,115,-7,7
47975,100,120,-20,20
47976,139,136,3,3
47977,115,117,-2,2
47978,144,112,32,32
47979,90,80,10,10
47980,91,79,12,12
47981,75,80,-5,5
47982,135,130,5,5
47983,67,74,-7,7
47984,117,101,16,16
47985,127,115,12,12
47986,59,58,1,1
47987,48,54,-6,6
47988,69,67,2,2
47989,93,80,13,13
47990,123,127,-4,4
47991,131,144,-13,13
47992,105,104,1,1
47993,121,126,-5,5
47994,111,115,-4,4
47995,43,44,-1,1
47996,131,127,4,4
47997,133,122,11,11
47998,74,71,3,3
47999,154,135,19,19
48000,36,40,-4,4
48001,83,91,-8,8
48002,114,116,-2,2
48003,115,106,9,9
48004,117,112,5,5
48005,129,126,3,3
48006,119,116,3,3
48007,65,67,-2,2
48008,88,91,-3,3
48009,80,68,12,12
48010,43,42,1,1
48011,68,71,-3,3
48012,157,146,11,11
48013,104,103,1,1
48014,56,52,4,4
48015,52,62,-10,10
48016,115,109,6,6
48017,64,61,3,3
48018,139,137,2,2
48019,58,59,-1,1
48020,105,108,-3,3
48021,196,194,2,2
48022,117,105,12,12
48023,108,91,17,17
48024,109,126,-17,17
48025,53,51,2,2
48026,97,87,10,10
48027,89,91,-2,2
48028,136,128,8,8
48029,156,163,-7,7
48030,107,99,8,8
48031,48,47,1,1
48032,108,115,-7,7
48033,151,137,14,14
48034,71,86,-15,15
48035,99,89,10,10
48036,119,101,18,18
48037,131,128,3,3
48038,72,73,-1,1
48039,112,108,4,4
48040,142,157,-15,15
48041,130,128,2,2
48042,103,108,-5,5
48043,136,133,3,3
48044,61,62,-1,1
48045,93,88,5,5
48046,124,126,-2,2
48047,44,52,-8,8
48048,166,176,-10,10
48049,134,137,-3,3
48050,85,82,3,3
48051,56,64,-8,8
48052,58,68,-10,10
48053,95,95,0,0
48054,113,108,5,5
48055,80,87,-7,7
48056,105,97,8,8
48057,56,53,3,3
48058,79,86,-7,7
48059,77,86,-9,9
48060,90,85,5,5
48061,68,73,-5,5
48062,65,68,-3,3
48063,95,97,-2,2
48064,51,57,-6,6
48065,99,87,12,12
48066,81,70,11,11
48067,116,101,15,15
48068,72,71,1,1
48069,55,62,-7,7
48070,144,142,2,2
48071,74,81,-7,7
48072,135,142,-7,7
48073,60,68,-8,8
48074,76,86,-10,10
48075,144,119,25,25
48076,141,123,18,18
48077,80,62,18,18
48078,74,82,-8,8
48079,83,81,2,2
48080,76,70,6,6
48081,100,96,4,4
48082,97,93,4,4
48083,141,118,23,23
48084,109,105,4,4
48085,87,108,-21,21
48086,104,103,1,1
48087,69,68,1,1
48088,60,66,-6,6
48089,71,73,-2,2
48090,64,65,-1,1
48091,69,76,-7,7
48092,92,89,3,3
48093,93,86,7,7
48094,88,85,3,3
48095,11,26,-15,15
48096,132,122,10,10
48097,62,71,-9,9
48098,73,90,-17,17
48099,110,101,9,9
48100,84,89,-5,5
48101,63,51,12,12
48102,110,113,-3,3
48103,61,61,0,0
48104,81,89,-8,8
48105,107,119,-12,12
48106,161,145,16,16
48107,66,62,4,4
48108,59,68,-9,9
48109,115,124,-9,9
48110,113,108,5,5
48111,125,127,-2,2
48112,104,104,0,0
48113,90,87,3,3
48114,84,82,2,2
48115,101,106,-5,5
48116,151,141,10,10
48117,127,118,9,9
48118,102,98,4,4
48119,85,88,-3,3
48120,64,68,-4,4
48121,114,116,-2,2
48122,104,99,5,5
48123,99,106,-7,7
48124,60,61,-1,1
48125,102,106,-4,4
48126,125,121,4,4
48127,109,121,-12,12
48128,106,98,8,8
48129,91,89,2,2
48130,54,67,-13,13
48131,86,100,-14,14
48132,108,116,-8,8
48133,61,66,-5,5
48134,63,82,-19,19
48135,112,109,3,3
48136,35,37,-2,2
48137,86,82,4,4
48138,79,81,-2,2
48139,112,110,2,2
48140,180,179,1,1
48141,94,85,9,9
48142,125,121,4,4
48143,82,77,5,5
48144,94,100,-6,6
48145,83,75,8,8
48146,93,96,-3,3
48147,89,90,-1,1
48148,63,63,0,0
48149,120,123,-3,3
48150,91,77,14,14
48151,102,126,-24,24
48152,70,75,-5,5
48153,66,61,5,5
48154,73,70,3,3
48155,122,106,16,16
48156,50,53,-3,3
48157,65,69,-4,4
48158,146,141,5,5
48159,72,77,-5,5
48160,109,98,11,11
48161,67,71,-4,4
48162,138,133,5,5
48163,78,77,1,1
48164,143,143,0,0
48165,82,79,3,3
48166,147,158,-11,11
48167,115,111,4,4
48168,107,112,-5,5
48169,60,63,-3,3
48170,95,83,12,12
48171,95,96,-1,1
48172,39,47,-8,8
48173,75,82,-7,7
48174,61,64,-3,3
48175,194,205,-11,11
48176,67,73,-6,6
48177,104,95,9,9
48178,79,83,-4,4
48179,57,79,-22,22
48180,45,47,-2,2
48181,66,72,-6,6
48182,70,74,-4,4
48183,61,76,-15,15
48184,93,87,6,6
48185,104,103,1,1
48186,122,139,-17,17
48187,64,64,0,0
48188,68,71,-3,3
48189,132,131,1,1
48190,55,54,1,1
48191,117,117,0,0
48192,89,81,8,8
48193,83,92,-9,9
48194,94,111,-17,17
48195,59,53,6,6
48196,149,142,7,7
48197,77,83,-6,6
48198,92,94,-2,2
48199,84,73,11,11
48200,71,72,-1,1
48201,75,70,5,5
48202,123,119,4,4
48203,108,114,-6,6
48204,90,94,-4,4
48205,99,85,14,14
48206,38,41,-3,3
48207,59,67,-8,8
48208,104,98,6,6
48209,114,129,-15,15
48210,83,89,-6,6
48211,182,164,18,18
48212,89,95,-6,6
48213,77,65,12,12
48214,146,132,14,14
48215,74,76,-2,2
48216,73,68,5,5
48217,71,69,2,2
48218,70,62,8,8
48219,139,148,-9,9
48220,75,63,12,12
48221,110,129,-19,19
48222,106,106,0,0
48223,150,149,1,1
48224,132,129,3,3
48225,108,96,12,12
48226,56,61,-5,5
48227,133,132,1,1
48228,123,108,15,15
48229,58,51,7,7
48230,73,75,-2,2
48231,118,109,9,9
48232,83,83,0,0
48233,66,66,0,0
48234,83,81,2,2
48235,89,90,-1,1
48236,87,95,-8,8
48237,95,91,4,4
48238,57,62,-5,5
48239,124,127,-3,3
48240,136,138,-2,2
48241,102,101,1,1
48242,123,127,-4,4
48243,53,52,1,1
48244,59,65,-6,6
48245,150,136,14,14
48246,140,129,11,11
48247,88,84,4,4
48248,140,135,5,5
48249,86,91,-5,5
48250,106,98,8,8
48251,127,139,-12,12
48252,88,81,7,7
48253,99,103,-4,4
48254,83,82,1,1
48255,81,81,0,0
48256,151,135,16,16
48257,144,147,-3,3
48258,55,59,-4,4
48259,66,62,4,4
48260,103,99,4,4
48261,100,94,6,6
48262,76,64,12,12
48263,115,115,0,0
48264,135,126,9,9
48265,128,113,15,15
48266,163,151,12,12
48267,81,73,8,8
48268,88,85,3,3
48269,86,111,-25,25
48270,147,138,9,9
48271,179,173,6,6
48272,98,91,7,7
48273,91,87,4,4
48274,145,142,3,3
48275,53,52,1,1
48276,122,126,-4,4
48277,79,74,5,5
48278,118,132,-14,14
48279,100,88,12,12
48280,76,74,2,2
48281,148,146,2,2
48282,55,69,-14,14
48283,80,82,-2,2
48284,129,139,-10,10
48285,52,60,-8,8
48286,108,109,-1,1
48287,71,70,1,1
48288,49,44,5,5
48289,111,105,6,6
48290,97,88,9,9
48291,106,99,7,7
48292,31,36,-5,5
48293,62,60,2,2
48294,140,157,-17,17
48295,102,95,7,7
48296,68,58,10,10
48297,66,65,1,1
48298,98,99,-1,1
48299,29,37,-8,8
48300,162,157,5,5
48301,68,70,-2,2
48302,39,46,-7,7
48303,61,61,0,0
48304,126,132,-6,6
48305,82,66,16,16
48306,95,85,10,10
48307,86,91,-5,5
48308,91,90,1,1
48309,68,81,-13,13
48310,70,71,-1,1
48311,56,46,10,10
48312,113,115,-2,2
48313,83,73,10,10
48314,185,172,13,13
48315,133,129,4,4
48316,98,95,3,3
48317,47,51,-4,4
48318,86,82,4,4
48319,115,110,5,5
48320,121,116,5,5
48321,130,136,-6,6
48322,116,113,3,3
48323,55,49,6,6
48324,88,86,2,2
48325,158,159,-1,1
48326,208,208,0,0
48327,104,96,8,8
48328,109,106,3,3
48329,94,103,-9,9
48330,49,53,-4,4
48331,66,68,-2,2
48332,135,152,-17,17
48333,112,103,9,9
48334,75,69,6,6
48335,99,94,5,5
48336,98,103,-5,5
48337,77,84,-7,7
48338,108,99,9,9
48339,81,81,0,0
48340,99,107,-8,8
48341,113,94,19,19
48342,68,74,-6,6
48343,111,121,-10,10
48344,57,63,-6,6
48345,141,127,14,14
48346,96,93,3,3
48347,57,63,-6,6
48348,86,84,2,2
48349,64,84,-20,20
48350,58,58,0,0
48351,68,70,-2,2
48352,79,76,3,3
48353,128,128,0,0
48354,133,125,8,8
48355,129,138,-9,9
48356,98,89,9,9
48357,126,111,15,15
48358,68,71,-3,3
48359,98,90,8,8
48360,76,61,15,15
48361,151,136,15,15
48362,143,143,0,0
48363,81,86,-5,5
48364,154,143,11,11
48365,99,101,-2,2
48366,58,61,-3,3
48367,40,44,-4,4
48368,101,98,3,3
48369,88,84,4,4
48370,102,96,6,6
48371,82,77,5,5
48372,80,76,4,4
48373,77,75,2,2
48374,91,86,5,5
48375,133,133,0,0
48376,160,147,13,13
48377,137,135,2,2
48378,110,100,10,10
48379,78,70,8,8
48380,83,81,2,2
48381,68,80,-12,12
48382,85,91,-6,6
48383,90,89,1,1
48384,51,53,-2,2
48385,95,92,3,3
48386,133,124,9,9
48387,63,65,-2,2
48388,64,63,1,1
48389,64,59,5,5
48390,128,128,0,0
48391,94,96,-2,2
48392,87,84,3,3
48393,49,54,-5,5
48394,66,60,6,6
48395,53,54,-1,1
48396,99,103,-4,4
48397,55,60,-5,5
48398,166,162,4,4
48399,179,169,10,10
48400,100,96,4,4
48401,97,96,1,1
48402,139,128,11,11
48403,59,61,-2,2
48404,175,166,9,9
48405,123,128,-5,5
48406,72,74,-2,2
48407,77,85,-8,8
48408,86,77,9,9
48409,52,56,-4,4
48410,122,135,-13,13
48411,83,82,1,1
48412,109,121,-12,12
48413,123,111,12,12
48414,72,73,-1,1
48415,86,85,1,1
48416,97,110,-13,13
48417,98,93,5,5
48418,98,86,12,12
48419,72,69,3,3
48420,160,141,19,19
48421,61,61,0,0
48422,91,91,0,0
48423,65,61,4,4
48424,145,138,7,7
48425,60,59,1,1
48426,125,123,2,2
48427,57,60,-3,3
48428,117,113,4,4
48429,104,99,5,5
48430,141,134,7,7
48431,65,66,-1,1
48432,78,70,8,8
48433,74,74,0,0
48434,82,82,0,0
48435,83,87,-4,4
48436,79,82,-3,3
48437,79,82,-3,3
48438,73,74,-1,1
48439,154,134,20,20
48440,89,85,4,4
48441,83,89,-6,6
48442,79,79,0,0
48443,167,155,12,12
48444,103,119,-16,16
48445,89,89,0,0
48446,199,183,16,16
48447,63,73,-10,10
48448,67,60,7,7
48449,152,160,-8,8
48450,98,101,-3,3
48451,78,80,-2,2
48452,78,75,3,3
48453,119,127,-8,8
48454,93,95,-2,2
48455,121,125,-4,4
48456,105,89,16,16
48457,184,142,42,42
48458,60,62,-2,2
48459,167,152,15,15
48460,51,59,-8,8
48461,114,120,-6,6
48462,59,55,4,4
48463,98,105,-7,7
48464,62,64,-2,2
48465,74,62,12,12
48466,87,83,4,4
48467,84,78,6,6
48468,63,61,2,2
48469,103,95,8,8
48470,133,119,14,14
48471,125,111,14,14
48472,137,139,-2,2
48473,82,75,7,7
48474,145,142,3,3
48475,111,114,-3,3
48476,117,114,3,3
48477,61,60,1,1
48478,107,113,-6,6
48479,127,125,2,2
48480,50,47,3,3
48481,75,70,5,5
48482,173,167,6,6
48483,162,149,13,13
48484,72,84,-12,12
48485,104,106,-2,2
48486,84,79,5,5
48487,84,75,9,9
48488,99,96,3,3
48489,109,106,3,3
48490,125,128,-3,3
48491,100,99,1,1
48492,108,111,-3,3
48493,118,120,-2,2
48494,70,76,-6,6
48495,67,52,15,15
48496,39,44,-5,5
48497,87,86,1,1
48498,71,83,-12,12
48499,65,65,0,0
48500,185,167,18,18
48501,89,84,5,5
48502,94,91,3,3
48503,68,68,0,0
48504,66,60,6,6
48505,126,124,2,2
48506,99,102,-3,3
48507,100,102,-2,2
48508,85,81,4,4
48509,38,42,-4,4
48510,170,165,5,5
48511,109,96,13,13
48512,90,80,10,10
48513,58,62,-4,4
48514,52,59,-7,7
48515,162,175,-13,13
48516,60,61,-1,1
48517,99,93,6,6
48518,80,77,3,3
48519,82,93,-11,11
48520,112,112,0,0
48521,81,73,8,8
48522,112,128,-16,16
48523,160,152,8,8
48524,44,50,-6,6
48525,60,65,-5,5
48526,87,76,11,11
48527,66,59,7,7
48528,54,53,1,1
48529,158,139,19,19
48530,125,123,2,2
48531,61,65,-4,4
48532,179,169,10,10
48533,174,145,29,29
48534,86,102,-16,16
48535,86,97,-11,11
48536,79,100,-21,21
48537,60,59,1,1
48538,78,74,4,4
48539,128,130,-2,2
48540,111,104,7,7
48541,98,99,-1,1
48542,142,120,22,22
48543,65,62,3,3
48544,142,130,12,12
48545,176,175,1,1
48546,88,80,8,8
48547,165,162,3,3
48548,85,88,-3,3
48549,85,78,7,7
48550,88,89,-1,1
48551,97,104,-7,7
48552,125,122,3,3
48553,99,93,6,6
48554,83,77,6,6
48555,97,90,7,7
48556,96,94,2,2
48557,62,64,-2,2
48558,99,107,-8,8
48559,57,59,-2,2
48560,77,84,-7,7
48561,77,81,-4,4
48562,104,129,-25,25
48563,114,108,6,6
48564,94,90,4,4
48565,67,83,-16,16
48566,112,106,6,6
48567,128,119,9,9
48568,93,93,0,0
48569,115,125,-10,10
48570,63,61,2,2
48571,67,76,-9,9
48572,136,141,-5,5
48573,96,109,-13,13
48574,97,109,-12,12
48575,97,107,-10,10
48576,100,97,3,3
48577,60,60,0,0
48578,155,175,-20,20
48579,80,89,-9,9
48580,92,108,-16,16
48581,130,126,4,4
48582,139,129,10,10
48583,121,120,1,1
48584,58,63,-5,5
48585,73,79,-6,6
48586,98,95,3,3
48587,95,99,-4,4
48588,126,116,10,10
48589,112,105,7,7
48590,82,87,-5,5
48591,105,98,7,7
48592,68,81,-13,13
48593,67,78,-11,11
48594,121,123,-2,2
48595,164,144,20,20
48596,107,107,0,0
48597,110,106,4,4
48598,125,126,-1,1
48599,71,67,4,4
48600,77,82,-5,5
48601,97,94,3,3
48602,114,125,-11,11
48603,140,141,-1,1
48604,57,64,-7,7
48605,99,99,0,0
48606,99,91,8,8
48607,52,42,10,10
48608,83,78,5,5
48609,173,239,-66,66
48610,94,99,-5,5
48611,47,53,-6,6
48612,58,63,-5,5
48613,61,67,-6,6
48614,82,97,-15,15
48615,53,64,-11,11
48616,53,57,-4,4
48617,77,76,1,1
48618,88,96,-8,8
48619,74,74,0,0
48620,74,67,7,7
48621,150,144,6,6
48622,135,141,-6,6
48623,176,178,-2,2
48624,53,60,-7,7
48625,140,139,1,1
48626,106,112,-6,6
48627,189,171,18,18
48628,104,114,-10,10
48629,71,86,-15,15
48630,66,62,4,4
48631,82,86,-4,4
48632,111,124,-13,13
48633,114,99,15,15
48634,140,143,-3,3
48635,95,99,-4,4
48636,152,147,5,5
48637,101,110,-9,9
48638,67,60,7,7
48639,47,60,-13,13
48640,73,80,-7,7
48641,84,102,-18,18
48642,92,84,8,8
48643,157,157,0,0
48644,128,134,-6,6
48645,96,109,-13,13
48646,91,87,4,4
48647,92,89,3,3
48648,132,126,6,6
48649,170,164,6,6
48650,103,88,15,15
48651,46,52,-6,6
48652,123,111,12,12
48653,91,76,15,15
48654,111,111,0,0
48655,144,146,-2,2
48656,73,78,-5,5
48657,116,108,8,8
48658,137,140,-3,3
48659,131,121,10,10
48660,37,42,-5,5
48661,84,84,0,0
48662,91,86,5,5
48663,175,178,-3,3
48664,137,136,1,1
48665,91,82,9,9
48666,41,48,-7,7
48667,88,77,11,11
48668,86,81,5,5
48669,67,70,-3,3
48670,181,167,14,14
48671,108,101,7,7
48672,51,55,-4,4
48673,145,139,6,6
48674,87,85,2,2
48675,42,41,1,1
48676,92,91,1,1
48677,196,182,14,14
48678,43,46,-3,3
48679,108,111,-3,3
48680,131,122,9,9
48681,105,110,-5,5
48682,77,81,-4,4
48683,80,83,-3,3
48684,144,137,7,7
48685,120,135,-15,15
48686,70,71,-1,1
48687,62,62,0,0
48688,40,43,-3,3
48689,80,73,7,7
48690,93,86,7,7
48691,41,48,-7,7
48692,90,99,-9,9
48693,82,77,5,5
48694,85,90,-5,5
48695,103,98,5,5
48696,119,114,5,5
48697,65,65,0,0
48698,85,77,8,8
48699,114,108,6,6
48700,95,89,6,6
48701,39,39,0,0
48702,89,85,4,4
48703,116,118,-2,2
48704,133,140,-7,7
48705,76,80,-4,4
48706,146,132,14,14
48707,55,60,-5,5
48708,170,168,2,2
48709,76,73,3,3
48710,89,89,0,0
48711,76,97,-21,21
48712,107,96,11,11
48713,69,64,5,5
48714,94,103,-9,9
48715,106,104,2,2
48716,91,82,9,9
48717,158,163,-5,5
48718,110,110,0,0
48719,69,69,0,0
48720,90,83,7,7
48721,99,92,7,7
48722,74,74,0,0
48723,94,99,-5,5
48724,70,66,4,4
48725,81,94,-13,13
48726,136,143,-7,7
48727,89,91,-2,2
48728,113,118,-5,5
48729,110,98,12,12
48730,137,136,1,1
48731,100,99,1,1
48732,114,106,8,8
48733,122,105,17,17
48734,27,37,-10,10
48735,105,109,-4,4
48736,65,73,-8,8
48737,120,131,-11,11
48738,68,72,-4,4
48739,158,150,8,8
48740,76,83,-7,7
48741,123,121,2,2
48742,71,66,5,5
48743,86,94,-8,8
48744,68,76,-8,8
48745,118,114,4,4
48746,36,44,-8,8
48747,26,38,-12,12
48748,55,56,-1,1
48749,87,88,-1,1
48750,117,110,7,7
48751,36,42,-6,6
48752,112,102,10,10
48753,73,69,4,4
48754,93,90,3,3
48755,122,112,10,10
48756,117,116,1,1
48757,116,132,-16,16
48758,95,92,3,3
48759,51,47,4,4
48760,81,76,5,5
48761,88,74,14,14
48762,62,62,0,0
48763,84,67,17,17
48764,69,73,-4,4
48765,62,65,-3,3
48766,101,107,-6,6
48767,112,114,-2,2
48768,182,164,18,18
48769,51,58,-7,7
48770,89,83,6,6
48771,123,128,-5,5
48772,91,89,2,2
48773,67,73,-6,6
48774,150,135,15,15
48775,61,69,-8,8
48776,107,103,4,4
48777,53,60,-7,7
48778,79,85,-6,6
48779,143,160,-17,17
48780,115,120,-5,5
48781,66,68,-2,2
48782,104,102,2,2
48783,154,164,-10,10
48784,96,90,6,6
48785,165,171,-6,6
48786,124,128,-4,4
48787,108,105,3,3
48788,106,111,-5,5
48789,124,128,-4,4
48790,91,97,-6,6
48791,98,116,-18,18
48792,74,82,-8,8
48793,146,152,-6,6
48794,136,141,-5,5
48795,96,112,-16,16
48796,117,118,-1,1
48797,113,107,6,6
48798,118,108,10,10
48799,151,146,5,5
48800,157,156,1,1
48801,98,84,14,14
48802,136,138,-2,2
48803,119,138,-19,19
48804,66,63,3,3
48805,144,137,7,7
48806,118,121,-3,3
48807,186,181,5,5
48808,91,92,-1,1
48809,99,97,2,2
48810,78,82,-4,4
48811,81,86,-5,5
48812,77,84,-7,7
48813,51,53,-2,2
48814,81,86,-5,5
48815,110,111,-1,1
48816,83,82,1,1
48817,75,88,-13,13
48818,73,75,-2,2
48819,113,115,-2,2
48820,84,76,8,8
48821,94,92,2,2
48822,77,89,-12,12
48823,101,93,8,8
48824,100,88,12,12
48825,68,62,6,6
48826,65,71,-6,6
48827,159,162,-3,3
48828,66,80,-14,14
48829,149,127,22,22
48830,81,98,-17,17
48831,56,57,-1,1
48832,149,166,-17,17
48833,56,57,-1,1
48834,110,106,4,4
48835,61,63,-2,2
48836,57,51,6,6
48837,107,110,-3,3
48838,58,61,-3,3
48839,106,108,-2,2
48840,145,127,18,18
48841,70,75,-5,5
48842,115,117,-2,2
48843,106,87,19,19
48844,144,137,7,7
48845,129,117,12,12
48846,127,130,-3,3
48847,223,197,26,26
48848,147,149,-2,2
48849,95,90,5,5
48850,34,41,-7,7
48851,66,61,5,5
48852,88,90,-2,2
48853,91,85,6,6
48854,90,84,6,6
48855,131,132,-1,1
48856,61,68,-7,7
48857,66,65,1,1
48858,125,134,-9,9
48859,69,64,5,5
48860,73,81,-8,8
48861,87,85,2,2
48862,89,89,0,0
48863,69,74,-5,5
48864,114,114,0,0
48865,64,66,-2,2
48866,146,141,5,5
48867,93,97,-4,4
48868,54,59,-5,5
48869,171,176,-5,5
48870,63,65,-2,2
48871,70,74,-4,4
48872,61,65,-4,4
48873,75,71,4,4
48874,158,143,15,15
48875,65,79,-14,14
48876,93,91,2,2
48877,97,88,9,9
48878,126,104,22,22
48879,122,120,2,2
48880,128,139,-11,11
48881,109,108,1,1
48882,90,83,7,7
48883,167,169,-2,2
48884,79,71,8,8
48885,56,62,-6,6
48886,117,111,6,6
48887,80,81,-1,1
48888,48,53,-5,5
48889,72,71,1,1
48890,69,68,1,1
48891,105,100,5,5
48892,103,98,5,5
48893,94,93,1,1
48894,91,83,8,8
48895,117,113,4,4
48896,168,169,-1,1
48897,60,62,-2,2
48898,93,104,-11,11
48899,110,105,5,5
48900,61,59,2,2
48901,133,131,2,2
48902,124,105,19,19
48903,131,133,-2,2
48904,81,82,-1,1
48905,78,74,4,4
48906,117,110,7,7
48907,116,111,5,5
48908,75,79,-4,4
48909,50,54,-4,4
48910,76,71,5,5
48911,120,117,3,3
48912,96,92,4,4
48913,99,125,-26,26
48914,163,158,5,5
48915,136,128,8,8
48916,150,141,9,9
48917,87,96,-9,9
48918,116,113,3,3
48919,127,122,5,5
48920,73,70,3,3
48921,110,118,-8,8
48922,65,67,-2,2
48923,74,74,0,0
48924,98,92,6,6
48925,74,72,2,2
48926,105,104,1,1
48927,92,93,-1,1
48928,80,84,-4,4
48929,111,113,-2,2
48930,93,92,1,1
48931,69,67,2,2
48932,76,77,-1,1
48933,59,59,0,0
48934,127,125,2,2
48935,45,55,-10,10
48936,100,79,21,21
48937,111,116,-5,5
48938,165,202,-37,37
48939,161,175,-14,14
48940,108,112,-4,4
48941,85,74,11,11
48942,131,137,-6,6
48943,28,37,-9,9
48944,92,82,10,10
48945,55,54,1,1
48946,134,127,7,7
48947,112,105,7,7
48948,123,111,12,12
48949,137,134,3,3
48950,72,82,-10,10
48951,116,108,8,8
48952,136,131,5,5
48953,122,122,0,0
48954,120,116,4,4
48955,85,79,6,6
48956,98,104,-6,6
48957,108,127,-19,19
48958,95,98,-3,3
48959,71,71,0,0
48960,160,146,14,14
48961,112,116,-4,4
48962,98,102,-4,4
48963,72,68,4,4
48964,102,100,2,2
48965,95,86,9,9
48966,130,123,7,7
48967,96,95,1,1
48968,123,119,4,4
48969,100,109,-9,9
48970,172,169,3,3
48971,55,57,-2,2
48972,60,73,-13,13
48973,101,105,-4,4
48974,90,104,-14,14
48975,76,84,-8,8
48976,80,82,-2,2
48977,100,109,-9,9
48978,61,65,-4,4
48979,75,76,-1,1
48980,81,100,-19,19
48981,121,119,2,2
48982,81,83,-2,2
48983,139,143,-4,4
48984,86,75,11,11
48985,94,88,6,6
48986,121,122,-1,1
48987,83,75,8,8
48988,127,129,-2,2
48989,49,65,-16,16
48990,83,93,-10,10
48991,76,73,3,3
48992,113,109,4,4
48993,73,68,5,5
48994,85,82,3,3
48995,97,94,3,3
48996,82,77,5,5
48997,103,102,1,1
48998,68,67,1,1
48999,65,65,0,0
49000,46,65,-19,19
49001,108,101,7,7
49002,96,106,-10,10
49003,133,134,-1,1
49004,97,94,3,3
49005,62,53,9,9
49006,95,99,-4,4
49007,132,121,11,11
49008,164,157,7,7
49009,62,60,2,2
49010,81,81,0,0
49011,91,95,-4,4
49012,73,73,0,0
49013,73,73,0,0
49014,105,116,-11,11
49015,75,77,-2,2
49016,73,62,11,11
49017,94,101,-7,7
49018,112,122,-10,10
49019,107,98,9,9
49020,79,76,3,3
49021,128,133,-5,5
49022,100,96,4,4
49023,68,70,-2,2
49024,84,73,11,11
49025,115,137,-22,22
49026,68,71,-3,3
49027,50,50,0,0
49028,80,84,-4,4
49029,71,74,-3,3
49030,115,116,-1,1
49031,103,114,-11,11
49032,112,110,2,2
49033,95,88,7,7
49034,132,134,-2,2
49035,108,111,-3,3
49036,89,97,-8,8
49037,96,87,9,9
49038,110,105,5,5
49039,103,168,-65,65
49040,113,101,12,12
49041,72,81,-9,9
49042,85,88,-3,3
49043,106,111,-5,5
49044,101,99,2,2
49045,117,131,-14,14
49046,67,77,-10,10
49047,82,81,1,1
49048,61,62,-1,1
49049,64,61,3,3
49050,86,88,-2,2
49051,89,89,0,0
49052,49,48,1,1
49053,136,119,17,17
49054,137,141,-4,4
49055,79,66,13,13
49056,127,113,14,14
49057,130,124,6,6
49058,119,128,-9,9
49059,83,75,8,8
49060,98,102,-4,4
49061,124,123,1,1
49062,72,86,-14,14
49063,114,124,-10,10
49064,144,134,10,10
49065,117,106,11,11
49066,68,68,0,0
49067,41,47,-6,6
49068,88,94,-6,6
49069,156,148,8,8
49070,85,83,2,2
49071,99,93,6,6
49072,71,86,-15,15
49073,152,141,11,11
49074,86,80,6,6
49075,95,86,9,9
49076,100,96,4,4
49077,99,99,0,0
49078,137,118,19,19
49079,78,71,7,7
49080,142,133,9,9
49081,80,92,-12,12
49082,70,71,-1,1
49083,112,107,5,5
49084,116,121,-5,5
49085,76,80,-4,4
49086,128,120,8,8
49087,101,94,7,7
49088,111,106,5,5
49089,71,72,-1,1
49090,129,126,3,3
49091,170,163,7,7
49092,136,117,19,19
49093,105,97,8,8
49094,117,110,7,7
49095,102,96,6,6
49096,77,79,-2,2
49097,103,110,-7,7
49098,53,54,-1,1
49099,94,101,-7,7
49100,73,63,10,10
49101,65,64,1,1
49102,107,124,-17,17
49103,78,86,-8,8
49104,83,77,6,6
49105,117,117,0,0
49106,33,33,0,0
49107,97,98,-1,1
49108,119,122,-3,3
49109,74,71,3,3
49110,96,92,4,4
49111,113,117,-4,4
49112,68,79,-11,11
49113,78,73,5,5
49114,123,104,19,19
49115,121,130,-9,9
49116,74,72,2,2
49117,100,96,4,4
49118,71,72,-1,1
49119,46,48,-2,2
49120,90,91,-1,1
49121,63,77,-14,14
49122,94,109,-15,15
49123,83,85,-2,2
49124,86,91,-5,5
49125,116,122,-6,6
49126,107,103,4,4
49127,111,122,-11,11
49128,211,194,17,17
49129,71,65,6,6
49130,57,69,-12,12
49131,135,129,6,6
49132,111,108,3,3
49133,97,94,3,3
49134,139,136,3,3
49135,96,100,-4,4
49136,91,88,3,3
49137,131,132,-1,1
49138,134,129,5,5
49139,81,82,-1,1
49140,123,118,5,5
49141,122,129,-7,7
49142,149,149,0,0
49143,122,111,11,11
49144,114,107,7,7
49145,112,101,11,11
49146,110,102,8,8
49147,111,116,-5,5
49148,50,50,0,0
49149,52,51,1,1
49150,119,125,-6,6
49151,67,66,1,1
49152,135,136,-1,1
49153,81,69,12,12
49154,122,106,16,16
49155,130,132,-2,2
49156,60,66,-6,6
49157,108,120,-12,12
49158,97,101,-4,4
49159,50,53,-3,3
49160,77,68,9,9
49161,106,96,10,10
49162,100,106,-6,6
49163,70,74,-4,4
49164,99,101,-2,2
49165,108,110,-2,2
49166,138,130,8,8
49167,132,137,-5,5
49168,73,77,-4,4
49169,73,81,-8,8
49170,111,100,11,11
49171,101,101,0,0
49172,123,123,0,0
49173,80,125,-45,45
49174,56,50,6,6
49175,101,95,6,6
49176,119,122,-3,3
49177,125,144,-19,19
49178,107,102,5,5
49179,141,140,1,1
49180,110,124,-14,14
49181,91,82,9,9
49182,67,66,1,1
49183,91,88,3,3
49184,62,62,0,0
49185,66,62,4,4
49186,51,68,-17,17
49187,26,33,-7,7
49188,112,114,-2,2
49189,85,77,8,8
49190,173,163,10,10
49191,65,60,5,5
49192,71,73,-2,2
49193,48,64,-16,16
49194,113,118,-5,5
49195,111,110,1,1
49196,76,80,-4,4
49197,72,72,0,0
49198,104,96,8,8
49199,113,108,5,5
49200,80,77,3,3
49201,129,136,-7,7
49202,80,75,5,5
49203,99,102,-3,3
49204,98,103,-5,5
49205,186,182,4,4
49206,84,85,-1,1
49207,46,52,-6,6
49208,81,93,-12,12
49209,62,59,3,3
49210,85,84,1,1
49211,63,61,2,2
49212,114,123,-9,9
49213,91,88,3,3
49214,100,115,-15,15
49215,53,52,1,1
49216,127,112,15,15
49217,93,84,9,9
49218,59,62,-3,3
49219,52,49,3,3
49220,100,97,3,3
49221,73,76,-3,3
49222,110,111,-1,1
49223,88,72,16,16
49224,87,83,4,4
49225,53,52,1,1
49226,96,96,0,0
49227,70,89,-19,19
49228,80,91,-11,11
49229,80,79,1,1
49230,78,72,6,6
49231,45,43,2,2
49232,97,93,4,4
49233,172,162,10,10
49234,92,93,-1,1
49235,72,73,-1,1
49236,125,135,-10,10
49237,72,73,-1,1
49238,156,154,2,2
49239,61,61,0,0
49240,118,125,-7,7
49241,89,111,-22,22
49242,126,109,17,17
49243,121,109,12,12
49244,63,75,-12,12
49245,96,88,8,8
49246,123,114,9,9
49247,80,85,-5,5
49248,120,120,0,0
49249,75,78,-3,3
49250,128,128,0,0
49251,166,162,4,4
49252,129,123,6,6
49253,74,81,-7,7
49254,70,78,-8,8
49255,75,74,1,1
49256,115,97,18,18
49257,109,108,1,1
49258,86,84,2,2
49259,90,90,0,0
49260,95,90,5,5
49261,102,110,-8,8
49262,178,168,10,10
49263,140,129,11,11
49264,148,148,0,0
49265,75,80,-5,5
49266,94,86,8,8
49267,83,85,-2,2
49268,184,176,8,8
49269,98,91,7,7
49270,36,37,-1,1
49271,68,66,2,2
49272,88,85,3,3
49273,71,67,4,4
49274,80,73,7,7
49275,81,78,3,3
49276,98,107,-9,9
49277,99,90,9,9
49278,41,50,-9,9
49279,51,63,-12,12
49280,161,153,8,8
49281,76,76,0,0
49282,103,101,2,2
49283,86,83,3,3
49284,111,107,4,4
49285,132,125,7,7
49286,91,88,3,3
49287,114,99,15,15
49288,106,96,10,10
49289,140,137,3,3
49290,54,49,5,5
49291,231,208,23,23
49292,74,74,0,0
49293,59,60,-1,1
49294,149,135,14,14
49295,98,91,7,7
49296,96,91,5,5
49297,98,104,-6,6
49298,29,35,-6,6
49299,80,81,-1,1
49300,115,109,6,6
49301,75,70,5,5
49302,93,95,-2,2
49303,86,84,2,2
49304,67,58,9,9
49305,56,51,5,5
49306,120,121,-1,1
49307,188,172,16,16
49308,31,40,-9,9
49309,51,62,-11,11
49310,55,59,-4,4
49311,81,85,-4,4
49312,75,76,-1,1
49313,63,66,-3,3
49314,85,85,0,0
49315,32,36,-4,4
49316,83,89,-6,6
49317,86,92,-6,6
49318,122,102,20,20
49319,46,52,-6,6
49320,122,114,8,8
49321,101,104,-3,3
49322,55,68,-13,13
49323,80,83,-3,3
49324,106,107,-1,1
49325,79,90,-11,11
49326,143,148,-5,5
49327,124,129,-5,5
49328,128,128,0,0
49329,88,94,-6,6
49330,98,102,-4,4
49331,207,190,17,17
49332,133,124,9,9
49333,46,47,-1,1
49334,115,127,-12,12
49335,75,61,14,14
49336,93,89,4,4
49337,99,105,-6,6
49338,107,111,-4,4
49339,99,95,4,4
49340,78,76,2,2
49341,104,91,13,13
49342,112,120,-8,8
49343,75,73,2,2
49344,84,87,-3,3
49345,87,92,-5,5
49346,83,78,5,5
49347,151,141,10,10
49348,23,43,-20,20
49349,168,160,8,8
49350,62,64,-2,2
49351,65,62,3,3
49352,68,69,-1,1
49353,110,113,-3,3
49354,159,146,13,13
49355,44,51,-7,7
49356,144,141,3,3
49357,71,71,0,0
49358,71,64,7,7
49359,131,114,17,17
49360,148,94,54,54
49361,116,118,-2,2
49362,117,101,16,16
49363,116,136,-20,20
49364,95,88,7,7
49365,59,68,-9,9
49366,41,41,0,0
49367,80,87,-7,7
49368,66,68,-2,2
49369,98,85,13,13
49370,186,179,7,7
49371,109,101,8,8
49372,97,126,-29,29
49373,74,68,6,6
49374,113,112,1,1
49375,61,58,3,3
49376,108,111,-3,3
49377,123,115,8,8
49378,78,77,1,1
49379,57,64,-7,7
49380,42,49,-7,7
49381,118,128,-10,10
49382,59,60,-1,1
49383,96,107,-11,11
49384,69,73,-4,4
49385,94,81,13,13
49386,84,91,-7,7
49387,182,186,-4,4
49388,44,46,-2,2
49389,74,83,-9,9
49390,84,72,12,12
49391,173,160,13,13
49392,73,81,-8,8
49393,67,65,2,2
49394,84,88,-4,4
49395,106,105,1,1
49396,80,87,-7,7
49397,79,90,-11,11
49398,61,60,1,1
49399,73,80,-7,7
49400,50,49,1,1
49401,94,93,1,1
49402,86,92,-6,6
49403,71,67,4,4
49404,60,71,-11,11
49405,126,124,2,2
49406,60,57,3,3
49407,65,60,5,5
49408,83,82,1,1
49409,47,44,3,3
49410,234,202,32,32
49411,101,83,18,18
49412,111,107,4,4
49413,65,58,7,7
49414,50,60,-10,10
49415,63,70,-7,7
49416,121,128,-7,7
49417,63,52,11,11
49418,105,98,7,7
49419,51,60,-9,9
49420,85,74,11,11
49421,154,136,18,18
49422,130,123,7,7
49423,95,95,0,0
49424,55,53,2,2
49425,95,97,-2,2
49426,154,149,5,5
49427,109,106,3,3
49428,57,65,-8,8
49429,109,104,5,5
49430,125,115,10,10
49431,85,78,7,7
49432,76,67,9,9
49433,66,78,-12,12
49434,89,84,5,5
49435,64,60,4,4
49436,46,60,-14,14
49437,79,80,-1,1
49438,114,117,-3,3
49439,73,67,6,6
49440,130,131,-1,1
49441,78,70,8,8
49442,62,62,0,0
49443,49,48,1,1
49444,65,73,-8,8
49445,66,66,0,0
49446,72,78,-6,6
49447,81,81,0,0
49448,131,133,-2,2
49449,113,114,-1,1
49450,103,100,3,3
49451,60,61,-1,1
49452,61,60,1,1
49453,62,62,0,0
49454,79,79,0,0
49455,111,130,-19,19
49456,108,106,2,2
49457,124,105,19,19
49458,93,107,-14,14
49459,121,126,-5,5
49460,49,46,3,3
49461,72,78,-6,6
49462,86,70,16,16
49463,64,62,2,2
49464,95,79,16,16
49465,108,111,-3,3
49466,148,146,2,2
49467,71,63,8,8
49468,85,101,-16,16
49469,72,78,-6,6
49470,107,105,2,2
49471,121,107,14,14
49472,119,115,4,4
49473,81,106,-25,25
49474,94,94,0,0
49475,147,122,25,25
49476,101,104,-3,3
49477,106,111,-5,5
49478,59,61,-2,2
49479,70,67,3,3
49480,52,53,-1,1
49481,89,81,8,8
49482,128,127,1,1
49483,111,120,-9,9
49484,146,145,1,1
49485,49,48,1,1
49486,110,103,7,7
49487,119,107,12,12
49488,96,98,-2,2
49489,119,116,3,3
49490,140,136,4,4
49491,124,123,1,1
49492,90,81,9,9
49493,68,67,1,1
49494,92,102,-10,10
49495,163,151,12,12
49496,77,70,7,7
49497,103,97,6,6
49498,126,108,18,18
49499,70,74,-4,4
49500,127,118,9,9
49501,76,81,-5,5
49502,138,136,2,2
49503,88,94,-6,6
49504,58,80,-22,22
49505,68,63,5,5
49506,146,149,-3,3
49507,139,142,-3,3
49508,71,78,-7,7
49509,143,137,6,6
49510,123,106,17,17
49511,55,57,-2,2
49512,93,94,-1,1
49513,74,79,-5,5
49514,122,116,6,6
49515,79,83,-4,4
49516,75,75,0,0
49517,72,82,-10,10
49518,122,123,-1,1
49519,82,82,0,0
49520,66,67,-1,1
49521,67,67,0,0
49522,62,65,-3,3
49523,108,97,11,11
49524,82,83,-1,1
49525,93,97,-4,4
49526,57,60,-3,3
49527,73,78,-5,5
49528,116,103,13,13
49529,97,90,7,7
49530,107,105,2,2
49531,69,69,0,0
49532,118,114,4,4
49533,112,111,1,1
49534,75,77,-2,2
49535,128,133,-5,5
49536,96,101,-5,5
49537,81,85,-4,4
49538,149,137,12,12
49539,65,68,-3,3
49540,28,35,-7,7
49541,92,92,0,0
49542,82,70,12,12
49543,65,79,-14,14
49544,130,129,1,1
49545,85,82,3,3
49546,105,107,-2,2
49547,119,119,0,0
49548,124,114,10,10
49549,89,86,3,3
49550,52,51,1,1
49551,95,87,8,8
49552,111,126,-15,15
49553,110,101,9,9
49554,104,106,-2,2
49555,107,116,-9,9
49556,79,76,3,3
49557,98,88,10,10
49558,113,116,-3,3
49559,59,62,-3,3
49560,86,81,5,5
49561,40,43,-3,3
49562,59,53,6,6
49563,108,106,2,2
49564,49,60,-11,11
49565,86,78,8,8
49566,84,76,8,8
49567,93,91,2,2
49568,74,72,2,2
49569,73,74,-1,1
49570,89,94,-5,5
49571,83,88,-5,5
49572,94,99,-5,5
49573,103,95,8,8
49574,117,128,-11,11
49575,162,153,9,9
49576,72,82,-10,10
49577,107,109,-2,2
49578,122,116,6,6
49579,108,106,2,2
49580,96,80,16,16
49581,98,95,3,3
49582,111,116,-5,5
49583,51,51,0,0
49584,70,79,-9,9
49585,64,64,0,0
49586,47,42,5,5
49587,45,48,-3,3
49588,69,90,-21,21
49589,91,90,1,1
49590,77,64,13,13
49591,83,80,3,3
49592,73,69,4,4
49593,70,71,-1,1
49594,228,184,44,44
49595,50,55,-5,5
49596,69,70,-1,1
49597,88,84,4,4
49598,76,78,-2,2
49599,80,75,5,5
49600,73,72,1,1
49601,86,87,-1,1
49602,103,126,-23,23
49603,135,130,5,5
49604,75,82,-7,7
49605,78,80,-2,2
49606,114,98,16,16
49607,112,119,-7,7
49608,66,70,-4,4
49609,94,86,8,8
49610,86,78,8,8
49611,86,80,6,6
49612,115,124,-9,9
49613,81,76,5,5
49614,96,102,-6,6
49615,100,96,4,4
49616,137,134,3,3
49617,71,70,1,1
49618,77,76,1,1
49619,102,99,3,3
49620,83,86,-3,3
49621,87,88,-1,1
49622,123,107,16,16
49623,65,71,-6,6
49624,59,68,-9,9
49625,98,94,4,4
49626,127,134,-7,7
49627,141,131,10,10
49628,55,54,1,1
49629,63,66,-3,3
49630,102,94,8,8
49631,63,72,-9,9
49632,108,99,9,9
49633,105,105,0,0
49634,57,46,11,11
49635,64,51,13,13
49636,83,80,3,3
49637,97,96,1,1
49638,97,100,-3,3
49639,84,91,-7,7
49640,117,113,4,4
49641,99,92,7,7
49642,106,104,2,2
49643,101,97,4,4
49644,91,82,9,9
49645,131,122,9,9
49646,162,164,-2,2
49647,81,78,3,3
49648,56,61,-5,5
49649,120,108,12,12
49650,103,93,10,10
49651,43,42,1,1
49652,59,60,-1,1
49653,90,87,3,3
49654,116,110,6,6
49655,55,47,8,8
49656,97,93,4,4
49657,99,91,8,8
49658,52,59,-7,7
49659,32,37,-5,5
49660,91,101,-10,10
49661,92,94,-2,2
49662,52,59,-7,7
49663,159,144,15,15
49664,144,131,13,13
49665,115,115,0,0
49666,44,46,-2,2
49667,114,118,-4,4
49668,183,173,10,10
49669,94,88,6,6
49670,82,94,-12,12
49671,85,73,12,12
49672,71,67,4,4
49673,151,144,7,7
49674,98,95,3,3
49675,116,116,0,0
49676,108,100,8,8
49677,85,87,-2,2
49678,96,104,-8,8
49679,94,109,-15,15
49680,59,61,-2,2
49681,81,77,4,4
49682,125,125,0,0
49683,64,72,-8,8
49684,106,97,9,9
49685,89,88,1,1
49686,91,83,8,8
49687,72,62,10,10
49688,69,79,-10,10
49689,94,77,17,17
49690,133,122,11,11
49691,115,116,-1,1
49692,92,90,2,2
49693,171,154,17,17
49694,108,105,3,3
49695,102,88,14,14
49696,133,142,-9,9
49697,89,76,13,13
49698,93,88,5,5
49699,39,64,-25,25
49700,119,114,5,5
49701,116,117,-1,1
49702,71,60,11,11
49703,121,129,-8,8
49704,109,103,6,6
49705,121,104,17,17
49706,87,93,-6,6
49707,73,87,-14,14
49708,103,91,12,12
49709,50,49,1,1
49710,53,56,-3,3
49711,94,95,-1,1
49712,143,152,-9,9
49713,68,63,5,5
49714,148,137,11,11
49715,54,49,5,5
49716,121,111,10,10
49717,116,121,-5,5
49718,91,99,-8,8
49719,74,70,4,4
49720,68,65,3,3
49721,129,129,0,0
49722,69,63,6,6
49723,43,49,-6,6
49724,125,119,6,6
49725,101,110,-9,9
49726,188,168,20,20
49727,135,124,11,11
49728,57,61,-4,4
49729,96,99,-3,3
49730,68,62,6,6
49731,154,140,14,14
49732,101,107,-6,6
49733,48,55,-7,7
49734,62,77,-15,15
49735,182,173,9,9
49736,83,79,4,4
49737,52,52,0,0
49738,97,81,16,16
49739,108,102,6,6
49740,90,98,-8,8
49741,88,80,8,8
49742,109,111,-2,2
49743,84,97,-13,13
49744,93,107,-14,14
49745,87,84,3,3
49746,75,78,-3,3
49747,77,76,1,1
49748,159,145,14,14
49749,56,54,2,2
49750,135,115,20,20
49751,42,48,-6,6
49752,42,40,2,2
49753,82,96,-14,14
49754,106,114,-8,8
49755,98,108,-10,10
49756,59,62,-3,3
49757,158,142,16,16
49758,109,113,-4,4
49759,93,92,1,1
49760,174,166,8,8
49761,91,92,-1,1
49762,138,116,22,22
49763,104,99,5,5
49764,92,96,-4,4
49765,67,73,-6,6
49766,87,93,-6,6
49767,135,127,8,8
49768,102,93,9,9
49769,164,157,7,7
49770,67,73,-6,6
49771,106,90,16,16
49772,88,97,-9,9
49773,109,112,-3,3
49774,97,85,12,12
49775,49,52,-3,3
49776,124,120,4,4
49777,64,59,5,5
49778,160,148,12,12
49779,108,106,2,2
49780,71,68,3,3
49781,108,101,7,7
49782,87,85,2,2
49783,181,171,10,10
49784,100,97,3,3
49785,52,49,3,3
49786,128,127,1,1
49787,84,79,5,5
49788,123,112,11,11
49789,131,132,-1,1
49790,113,121,-8,8
49791,127,131,-4,4
49792,85,91,-6,6
49793,71,72,-1,1
49794,108,111,-3,3
49795,74,68,6,6
49796,160,150,10,10
49797,72,79,-7,7
49798,75,71,4,4
49799,122,126,-4,4
49800,85,87,-2,2
49801,74,81,-7,7
49802,44,74,-30,30
49803,110,123,-13,13
49804,64,74,-10,10
49805,40,50,-10,10
49806,124,118,6,6
49807,88,89,-1,1
49808,123,120,3,3
49809,122,123,-1,1
49810,122,124,-2,2
49811,104,97,7,7
49812,100,107,-7,7
49813,83,76,7,7
49814,50,53,-3,3
49815,93,91,2,2
49816,91,85,6,6
49817,78,81,-3,3
49818,121,114,7,7
49819,90,85,5,5
49820,53,58,-5,5
49821,112,105,7,7
49822,82,83,-1,1
49823,167,158,9,9
49824,97,91,6,6
49825,63,61,2,2
49826,112,112,0,0
49827,102,84,18,18
49828,78,80,-2,2
49829,124,123,1,1
49830,60,59,1,1
49831,59,53,6,6
49832,55,61,-6,6
49833,154,146,8,8
49834,86,87,-1,1
49835,102,94,8,8
49836,70,75,-5,5
49837,47,47,0,0
49838,79,61,18,18
49839,62,59,3,3
49840,114,134,-20,20
49841,117,105,12,12
49842,60,59,1,1
49843,86,76,10,10
49844,152,152,0,0
49845,168,170,-2,2
49846,124,133,-9,9
49847,60,59,1,1
49848,125,115,10,10
49849,62,70,-8,8
49850,88,93,-5,5
49851,66,64,2,2
49852,175,161,14,14
49853,88,87,1,1
49854,45,54,-9,9
49855,74,69,5,5
49856,135,131,4,4
49857,106,102,4,4
49858,130,115,15,15
49859,79,86,-7,7
49860,81,79,2,2
49861,65,75,-10,10
49862,107,93,14,14
49863,97,90,7,7
49864,76,87,-11,11
49865,116,105,11,11
49866,59,58,1,1
49867,54,60,-6,6
49868,98,97,1,1
49869,128,149,-21,21
49870,106,103,3,3
49871,78,79,-1,1
49872,131,133,-2,2
49873,69,64,5,5
49874,153,162,-9,9
49875,71,76,-5,5
49876,67,69,-2,2
49877,107,99,8,8
49878,75,101,-26,26
49879,87,90,-3,3
49880,94,85,9,9
49881,90,101,-11,11
49882,74,79,-5,5
49883,135,135,0,0
49884,134,128,6,6
49885,151,142,9,9
49886,92,99,-7,7
49887,92,98,-6,6
49888,80,85,-5,5
49889,91,93,-2,2
49890,89,91,-2,2
49891,86,79,7,7
49892,76,73,3,3
49893,107,107,0,0
49894,140,116,24,24
49895,85,102,-17,17
49896,85,87,-2,2
49897,69,66,3,3
49898,96,93,3,3
49899,62,59,3,3
49900,79,75,4,4
49901,138,119,19,19
49902,115,104,11,11
49903,106,97,9,9
49904,93,88,5,5
49905,122,118,4,4
49906,106,94,12,12
49907,90,84,6,6
49908,88,75,13,13
49909,72,70,2,2
49910,84,94,-10,10
49911,138,139,-1,1
49912,92,94,-2,2
49913,95,92,3,3
49914,86,82,4,4
49915,73,66,7,7
49916,70,82,-12,12
49917,61,66,-5,5
49918,161,148,13,13
49919,89,85,4,4
49920,130,127,3,3
49921,99,71,28,28
49922,79,81,-2,2
49923,47,63,-16,16
49924,75,88,-13,13
49925,69,69,0,0
49926,78,78,0,0
49927,45,50,-5,5
49928,67,77,-10,10
49929,99,106,-7,7
49930,92,99,-7,7
49931,116,111,5,5
49932,132,122,10,10
49933,88,91,-3,3
49934,94,98,-4,4
49935,112,120,-8,8
49936,40,49,-9,9
49937,58,59,-1,1
49938,88,77,11,11
49939,85,82,3,3
49940,86,68,18,18
49941,145,141,4,4
49942,105,99,6,6
49943,99,95,4,4
49944,62,64,-2,2
49945,95,95,0,0
49946,90,79,11,11
49947,57,47,10,10
49948,104,99,5,5
49949,70,68,2,2
49950,103,92,11,11
49951,102,93,9,9
49952,56,59,-3,3
49953,67,67,0,0
49954,65,65,0,0
49955,65,76,-11,11
49956,100,130,-30,30
49957,77,84,-7,7
49958,140,124,16,16
49959,86,74,12,12
49960,123,121,2,2
49961,33,75,-42,42
49962,102,96,6,6
49963,116,112,4,4
49964,63,66,-3,3
49965,79,81,-2,2
49966,160,150,10,10
49967,60,63,-3,3
49968,65,59,6,6
49969,84,83,1,1
49970,67,70,-3,3
49971,90,95,-5,5
49972,70,82,-12,12
49973,68,72,-4,4
49974,104,116,-12,12
49975,87,86,1,1
49976,124,113,11,11
49977,128,127,1,1
49978,166,167,-1,1
49979,72,77,-5,5
49980,54,53,1,1
49981,111,100,11,11
49982,93,88,5,5
49983,107,102,5,5
49984,137,133,4,4
49985,89,83,6,6
49986,68,59,9,9
49987,52,52,0,0
49988,75,84,-9,9
49989,79,75,4,4
49990,48,55,-7,7
49991,75,68,7,7
49992,85,78,7,7
49993,78,80,-2,2
49994,101,95,6,6
49995,173,156,17,17
49996,90,83,7,7
49997,55,50,5,5
49998,98,101,-3,3
49999,131,113,18,18
50000,149,138,11,11
50001,90,89,1,1
50002,51,47,4,4
50003,68,68,0,0
50004,111,99,12,12
50005,77,83,-6,6
50006,150,141,9,9
50007,123,118,5,5
50008,42,50,-8,8
50009,111,108,3,3
50010,73,75,-2,2
50011,77,79,-2,2
50012,74,93,-19,19
50013,145,131,14,14
50014,77,66,11,11
50015,102,104,-2,2
50016,79,80,-1,1
50017,65,64,1,1
50018,64,67,-3,3
50019,54,45,9,9
50020,127,119,8,8
50021,126,135,-9,9
50022,83,84,-1,1
50023,108,97,11,11
50024,103,100,3,3
50025,132,134,-2,2
50026,141,126,15,15
50027,132,129,3,3
50028,71,72,-1,1
50029,111,104,7,7
50030,133,123,10,10
50031,102,102,0,0
50032,57,58,-1,1
50033,92,105,-13,13
50034,120,108,12,12
50035,85,78,7,7
50036,86,94,-8,8
50037,79,73,6,6
50038,69,78,-9,9
50039,63,49,14,14
50040,118,122,-4,4
50041,132,125,7,7
50042,72,74,-2,2
50043,98,112,-14,14
50044,110,113,-3,3
50045,105,107,-2,2
50046,67,69,-2,2
50047,92,94,-2,2
50048,118,134,-16,16
50049,134,119,15,15
50050,70,69,1,1
50051,129,121,8,8
50052,67,62,5,5
50053,36,64,-28,28
50054,137,145,-8,8
50055,40,52,-12,12
50056,89,87,2,2
50057,89,87,2,2
50058,83,80,3,3
50059,70,94,-24,24
50060,125,126,-1,1
50061,113,106,7,7
50062,64,63,1,1
50063,101,90,11,11
50064,92,87,5,5
50065,118,113,5,5
50066,70,71,-1,1
50067,87,119,-32,32
50068,112,106,6,6
50069,195,195,0,0
50070,122,120,2,2
50071,59,57,2,2
50072,155,147,8,8
50073,131,124,7,7
50074,143,122,21,21
50075,117,102,15,15
50076,120,115,5,5
50077,113,106,7,7
50078,102,96,6,6
50079,131,121,10,10
50080,105,95,10,10
50081,87,87,0,0
50082,66,67,-1,1
50083,122,137,-15,15
50084,116,101,15,15
50085,104,100,4,4
50086,51,56,-5,5
50087,90,93,-3,3
50088,87,87,0,0
50089,93,102,-9,9
50090,61,69,-8,8
50091,106,111,-5,5
50092,47,53,-6,6
50093,80,77,3,3
50094,74,75,-1,1
50095,50,57,-7,7
50096,167,161,6,6
50097,56,54,2,2
50098,110,123,-13,13
50099,160,135,25,25
50100,105,109,-4,4
50101,63,60,3,3
50102,97,94,3,3
50103,98,93,5,5
50104,108,108,0,0
50105,105,111,-6,6
50106,119,106,13,13
50107,144,131,13,13
50108,65,65,0,0
50109,112,110,2,2
50110,113,103,10,10
50111,98,106,-8,8
50112,83,77,6,6
50113,170,163,7,7
50114,88,92,-4,4
50115,109,101,8,8
50116,92,87,5,5
50117,121,125,-4,4
50118,58,49,9,9
50119,96,127,-31,31
50120,108,105,3,3
50121,150,148,2,2
50122,78,76,2,2
50123,43,43,0,0
50124,49,53,-4,4
50125,173,155,18,18
50126,100,98,2,2
50127,104,98,6,6
50128,76,91,-15,15
50129,108,105,3,3
50130,148,142,6,6
50131,74,78,-4,4
50132,72,68,4,4
50133,78,67,11,11
50134,108,108,0,0
50135,92,94,-2,2
50136,94,98,-4,4
50137,104,105,-1,1
50138,102,108,-6,6
50139,70,70,0,0
50140,88,83,5,5
50141,104,108,-4,4
50142,115,97,18,18
50143,87,76,11,11
50144,110,107,3,3
50145,70,75,-5,5
50146,78,78,0,0
50147,80,85,-5,5
50148,56,59,-3,3
50149,125,122,3,3
50150,79,76,3,3
50151,90,82,8,8
50152,134,133,1,1
50153,123,119,4,4
50154,116,102,14,14
50155,79,78,1,1
50156,100,115,-15,15
50157,55,59,-4,4
50158,86,82,4,4
50159,125,134,-9,9
50160,68,65,3,3
50161,73,78,-5,5
50162,103,95,8,8
50163,172,178,-6,6
50164,18,28,-10,10
50165,80,79,1,1
50166,64,62,2,2
50167,90,87,3,3
50168,100,104,-4,4
50169,52,63,-11,11
50170,199,182,17,17
50171,90,93,-3,3
50172,80,93,-13,13
50173,138,145,-7,7
50174,64,68,-4,4
50175,101,98,3,3
50176,116,124,-8,8
50177,134,115,19,19
50178,113,106,7,7
50179,84,82,2,2
50180,55,70,-15,15
50181,194,184,10,10
50182,81,86,-5,5
50183,100,99,1,1
50184,97,99,-2,2
50185,64,65,-1,1
50186,55,59,-4,4
50187,68,77,-9,9
50188,103,107,-4,4
50189,102,90,12,12
50190,68,63,5,5
50191,95,92,3,3
50192,74,75,-1,1
50193,77,67,10,10
50194,97,105,-8,8
50195,77,64,13,13
50196,124,119,5,5
50197,62,67,-5,5
50198,78,84,-6,6
50199,149,144,5,5
50200,53,60,-7,7
50201,80,90,-10,10
50202,82,91,-9,9
50203,69,67,2,2
50204,80,89,-9,9
50205,45,46,-1,1
50206,66,67,-1,1
50207,46,52,-6,6
50208,82,85,-3,3
50209,45,46,-1,1
50210,105,100,5,5
50211,109,98,11,11
50212,89,91,-2,2
50213,69,67,2,2
50214,132,108,24,24
50215,106,105,1,1
50216,132,129,3,3
50217,141,141,0,0
50218,282,246,36,36
50219,151,167,-16,16
50220,93,85,8,8
50221,129,131,-2,2
50222,82,92,-10,10
50223,72,68,4,4
50224,86,85,1,1
50225,42,42,0,0
50226,85,78,7,7
50227,105,94,11,11
50228,110,107,3,3
50229,50,49,1,1
50230,88,99,-11,11
50231,98,87,11,11
50232,85,81,4,4
50233,122,124,-2,2
50234,122,146,-24,24
50235,124,120,4,4
50236,77,82,-5,5
50237,117,113,4,4
50238,98,113,-15,15
50239,90,85,5,5
50240,129,118,11,11
50241,88,94,-6,6
50242,73,73,0,0
50243,77,78,-1,1
50244,139,149,-10,10
50245,96,93,3,3
50246,102,97,5,5
50247,87,93,-6,6
50248,70,70,0,0
50249,159,155,4,4
50250,60,62,-2,2
50251,69,62,7,7
50252,113,115,-2,2
50253,156,147,9,9
50254,118,107,11,11
50255,53,53,0,0
50256,104,110,-6,6
50257,83,75,8,8
50258,67,60,7,7
50259,95,106,-11,11
50260,103,99,4,4
50261,132,150,-18,18
50262,115,108,7,7
50263,89,91,-2,2
50264,107,97,10,10
50265,99,101,-2,2
50266,97,98,-1,1
50267,54,56,-2,2
50268,101,98,3,3
50269,97,87,10,10
50270,81,87,-6,6
50271,150,160,-10,10
50272,76,101,-25,25
50273,87,92,-5,5
50274,101,119,-18,18
50275,51,52,-1,1
50276,99,99,0,0
50277,76,78,-2,2
50278,170,158,12,12
50279,129,111,18,18
50280,73,76,-3,3
50281,172,176,-4,4
50282,142,136,6,6
50283,104,103,1,1
50284,125,121,4,4
50285,51,52,-1,1
50286,127,129,-2,2
50287,150,139,11,11
50288,71,79,-8,8
50289,129,135,-6,6
50290,92,99,-7,7
50291,83,82,1,1
50292,82,87,-5,5
50293,143,152,-9,9
50294,105,101,4,4
50295,60,59,1,1
50296,79,85,-6,6
50297,26,35,-9,9
50298,131,116,15,15
50299,90,86,4,4
50300,72,74,-2,2
50301,62,65,-3,3
50302,76,71,5,5
50303,138,138,0,0
50304,81,92,-11,11
50305,108,102,6,6
50306,88,95,-7,7
50307,115,120,-5,5
50308,123,116,7,7
50309,89,93,-4,4
50310,123,122,1,1
50311,104,97,7,7
50312,67,62,5,5
50313,82,93,-11,11
50314,68,63,5,5
50315,72,69,3,3
50316,92,92,0,0
50317,60,60,0,0
50318,76,89,-13,13
50319,91,94,-3,3
50320,95,85,10,10
50321,101,104,-3,3
50322,96,99,-3,3
50323,122,118,4,4
50324,139,135,4,4
50325,141,115,26,26
50326,89,76,13,13
50327,103,116,-13,13
50328,51,59,-8,8
50329,75,84,-9,9
50330,107,121,-14,14
50331,64,65,-1,1
50332,54,53,1,1
50333,90,85,5,5
50334,75,81,-6,6
50335,136,129,7,7
50336,99,110,-11,11
50337,128,139,-11,11
50338,125,105,20,20
50339,131,120,11,11
50340,61,48,13,13
50341,60,59,1,1
50342,70,84,-14,14
50343,136,141,-5,5
50344,91,82,9,9
50345,74,71,3,3
50346,63,76,-13,13
50347,113,104,9,9
50348,78,65,13,13
50349,208,185,23,23
50350,153,147,6,6
50351,154,158,-4,4
50352,92,92,0,0
50353,61,64,-3,3
50354,88,93,-5,5
50355,53,64,-11,11
50356,60,60,0,0
50357,101,95,6,6
50358,108,110,-2,2
50359,70,63,7,7
50360,73,69,4,4
50361,86,90,-4,4
50362,63,62,1,1
50363,105,105,0,0
50364,72,64,8,8
50365,145,135,10,10
50366,71,71,0,0
50367,148,139,9,9
50368,68,75,-7,7
50369,158,149,9,9
50370,176,169,7,7
50371,98,79,19,19
50372,151,142,9,9
50373,72,91,-19,19
50374,48,53,-5,5
50375,77,74,3,3
50376,65,64,1,1
50377,107,111,-4,4
50378,93,85,8,8
50379,103,108,-5,5
50380,95,93,2,2
50381,45,49,-4,4
50382,148,145,3,3
50383,130,127,3,3
50384,123,120,3,3
50385,91,91,0,0
50386,127,155,-28,28
50387,66,76,-10,10
50388,71,70,1,1
50389,133,129,4,4
50390,111,121,-10,10
50391,92,103,-11,11
50392,72,72,0,0
50393,70,66,4,4
50394,158,154,4,4
50395,56,52,4,4
50396,63,69,-6,6
50397,73,71,2,2
50398,170,159,11,11
50399,118,122,-4,4
50400,83,89,-6,6
50401,59,64,-5,5
50402,95,79,16,16
50403,79,62,17,17
50404,79,77,2,2
50405,103,122,-19,19
50406,127,126,1,1
50407,93,99,-6,6
50408,82,81,1,1
50409,48,49,-1,1
50410,90,92,-2,2
50411,76,65,11,11
50412,91,96,-5,5
50413,43,48,-5,5
50414,66,70,-4,4
50415,55,57,-2,2
50416,93,92,1,1
50417,102,98,4,4
50418,56,54,2,2
50419,91,91,0,0
50420,126,132,-6,6
50421,78,86,-8,8
50422,81,80,1,1
50423,103,101,2,2
50424,114,107,7,7
50425,103,103,0,0
50426,137,140,-3,3
50427,111,109,2,2
50428,71,71,0,0
50429,99,87,12,12
50430,118,112,6,6
50431,145,136,9,9
50432,83,82,1,1
50433,59,51,8,8
50434,79,81,-2,2
50435,60,59,1,1
50436,59,59,0,0
50437,109,113,-4,4
50438,74,77,-3,3
50439,125,136,-11,11
50440,112,103,9,9
50441,74,72,2,2
50442,149,143,6,6
50443,79,86,-7,7
50444,76,74,2,2
50445,124,116,8,8
50446,62,63,-1,1
50447,59,73,-14,14
50448,190,178,12,12
50449,62,72,-10,10
50450,105,113,-8,8
50451,97,78,19,19
50452,128,124,4,4
50453,113,111,2,2
50454,98,88,10,10
50455,37,45,-8,8
50456,136,135,1,1
50457,79,93,-14,14
50458,47,57,-10,10
50459,98,85,13,13
50460,101,105,-4,4
50461,87,84,3,3
50462,49,60,-11,11
50463,88,76,12,12
50464,92,88,4,4
50465,128,125,3,3
50466,111,106,5,5
50467,106,104,2,2
50468,57,62,-5,5
50469,95,104,-9,9
50470,60,53,7,7
50471,131,119,12,12
50472,88,80,8,8
50473,83,88,-5,5
50474,109,107,2,2
50475,114,116,-2,2
50476,84,87,-3,3
50477,85,84,1,1
50478,86,89,-3,3
50479,76,80,-4,4
50480,112,96,16,16
50481,106,109,-3,3
50482,56,56,0,0
50483,120,126,-6,6
50484,53,59,-6,6
50485,32,62,-30,30
50486,184,184,0,0
50487,82,77,5,5
50488,66,65,1,1
50489,67,76,-9,9
50490,123,125,-2,2
50491,123,120,3,3
50492,146,129,17,17
50493,74,76,-2,2
50494,113,103,10,10
50495,102,107,-5,5
50496,143,132,11,11
50497,88,85,3,3
50498,136,129,7,7
50499,149,156,-7,7
50500,165,165,0,0
50501,59,63,-4,4
50502,87,80,7,7
50503,85,78,7,7
50504,54,61,-7,7
50505,48,63,-15,15
50506,73,68,5,5
50507,74,68,6,6
50508,125,135,-10,10
50509,71,63,8,8
50510,36,42,-6,6
50511,127,113,14,14
50512,71,66,5,5
50513,92,88,4,4
50514,55,55,0,0
50515,62,56,6,6
50516,76,67,9,9
50517,64,62,2,2
50518,129,124,5,5
50519,147,143,4,4
50520,69,72,-3,3
50521,76,70,6,6
50522,86,86,0,0
50523,66,56,10,10
50524,76,75,1,1
50525,74,78,-4,4
50526,54,54,0,0
50527,109,112,-3,3
50528,141,137,4,4
50529,55,60,-5,5
50530,121,108,13,13
50531,79,86,-7,7
50532,80,74,6,6
50533,156,156,0,0
50534,44,43,1,1
50535,114,102,12,12
50536,105,99,6,6
50537,73,76,-3,3
50538,84,84,0,0
50539,176,169,7,7
50540,62,61,1,1
50541,121,116,5,5
50542,114,118,-4,4
50543,87,96,-9,9
50544,77,84,-7,7
50545,64,61,3,3
50546,165,155,10,10
50547,139,150,-11,11
50548,121,117,4,4
50549,97,93,4,4
50550,193,171,22,22
50551,125,129,-4,4
50552,76,96,-20,20
50553,54,48,6,6
50554,134,142,-8,8
50555,72,73,-1,1
50556,96,93,3,3
50557,37,38,-1,1
50558,125,116,9,9
50559,87,80,7,7
50560,33,51,-18,18
50561,71,72,-1,1
50562,53,54,-1,1
50563,59,60,-1,1
50564,110,101,9,9
50565,82,86,-4,4
50566,110,106,4,4
50567,64,59,5,5
50568,65,69,-4,4
50569,134,125,9,9
50570,58,60,-2,2
50571,90,98,-8,8
50572,79,81,-2,2
50573,66,78,-12,12
50574,88,100,-12,12
50575,89,120,-31,31
50576,124,122,2,2
50577,111,107,4,4
50578,144,130,14,14
50579,131,136,-5,5
50580,133,130,3,3
50581,104,105,-1,1
50582,63,69,-6,6
50583,72,63,9,9
50584,76,72,4,4
50585,59,54,5,5
50586,110,103,7,7
50587,69,68,1,1
50588,112,112,0,0
50589,41,55,-14,14
50590,135,130,5,5
50591,101,121,-20,20
50592,86,82,4,4
50593,116,126,-10,10
50594,88,87,1,1
50595,74,85,-11,11
50596,41,50,-9,9
50597,91,98,-7,7
50598,164,156,8,8
50599,58,53,5,5
50600,203,182,21,21
50601,84,90,-6,6
50602,91,73,18,18
50603,98,100,-2,2
50604,123,131,-8,8
50605,63,62,1,1
50606,88,80,8,8
50607,92,102,-10,10
50608,117,112,5,5
50609,72,63,9,9
50610,69,66,3,3
50611,77,76,1,1
50612,77,74,3,3
50613,73,70,3,3
50614,94,93,1,1
50615,118,114,4,4
50616,98,95,3,3
50617,82,83,-1,1
50618,137,127,10,10
50619,84,94,-10,10
50620,113,108,5,5
50621,145,131,14,14
50622,67,65,2,2
50623,101,103,-2,2
50624,37,67,-30,30
50625,49,55,-6,6
50626,63,68,-5,5
50627,76,73,3,3
50628,216,189,27,27
50629,138,142,-4,4
50630,96,98,-2,2
50631,76,88,-12,12
50632,66,64,2,2
50633,55,50,5,5
50634,92,90,2,2
50635,83,85,-2,2
50636,107,125,-18,18
50637,124,114,10,10
50638,78,75,3,3
50639,149,152,-3,3
50640,154,152,2,2
50641,67,64,3,3
50642,82,82,0,0
50643,99,101,-2,2
50644,107,108,-1,1
50645,156,153,3,3
50646,174,196,-22,22
50647,103,102,1,1
50648,116,117,-1,1
50649,44,38,6,6
50650,108,106,2,2
50651,94,103,-9,9
50652,63,68,-5,5
50653,95,95,0,0
50654,57,59,-2,2
50655,72,72,0,0
50656,72,68,4,4
50657,101,102,-1,1
50658,94,122,-28,28
50659,86,74,12,12
50660,157,150,7,7
50661,56,57,-1,1
50662,77,82,-5,5
50663,76,88,-12,12
50664,164,165,-1,1
50665,68,79,-11,11
50666,65,74,-9,9
50667,124,127,-3,3
50668,62,62,0,0
50669,138,127,11,11
50670,146,143,3,3
50671,135,158,-23,23
50672,124,114,10,10
50673,105,97,8,8
50674,71,66,5,5
50675,84,82,2,2
50676,84,73,11,11
50677,70,65,5,5
50678,112,104,8,8
50679,127,131,-4,4
50680,51,142,-91,91
50681,104,104,0,0
50682,96,105,-9,9
50683,97,82,15,15
50684,72,73,-1,1
50685,117,111,6,6
50686,115,128,-13,13
50687,76,82,-6,6
50688,98,103,-5,5
50689,70,74,-4,4
50690,97,108,-11,11
50691,131,147,-16,16
50692,50,50,0,0
50693,68,66,2,2
50694,64,61,3,3
50695,103,106,-3,3
50696,48,48,0,0
50697,106,100,6,6
50698,80,82,-2,2
50699,131,133,-2,2
50700,59,63,-4,4
50701,196,192,4,4
50702,143,154,-11,11
50703,74,71,3,3
50704,69,76,-7,7
50705,70,75,-5,5
50706,114,102,12,12
50707,70,67,3,3
50708,42,53,-11,11
50709,112,123,-11,11
50710,79,74,5,5
50711,159,158,1,1
50712,121,105,16,16
50713,69,73,-4,4
50714,93,80,13,13
50715,90,92,-2,2
50716,91,99,-8,8
50717,65,68,-3,3
50718,136,146,-10,10
50719,65,71,-6,6
50720,51,59,-8,8
50721,131,119,12,12
50722,81,83,-2,2
50723,60,122,-62,62
50724,99,94,5,5
50725,37,75,-38,38
50726,131,117,14,14
50727,164,141,23,23
50728,63,65,-2,2
50729,208,191,17,17
50730,40,49,-9,9
50731,94,106,-12,12
50732,114,115,-1,1
50733,72,77,-5,5
50734,83,78,5,5
50735,65,68,-3,3
50736,124,128,-4,4
50737,45,49,-4,4
50738,78,75,3,3
50739,139,132,7,7
50740,63,65,-2,2
50741,88,93,-5,5
50742,81,84,-3,3
50743,79,69,10,10
50744,106,103,3,3
50745,129,122,7,7
50746,107,112,-5,5
50747,67,77,-10,10
50748,119,119,0,0
50749,96,99,-3,3
50750,96,86,10,10
50751,64,69,-5,5
50752,110,105,5,5
50753,122,126,-4,4
50754,159,161,-2,2
50755,84,89,-5,5
50756,78,74,4,4
50757,186,186,0,0
50758,77,75,2,2
50759,95,88,7,7
50760,78,77,1,1
50761,84,101,-17,17
50762,115,108,7,7
50763,104,107,-3,3
50764,84,77,7,7
50765,94,88,6,6
50766,103,96,7,7
50767,120,119,1,1
50768,80,85,-5,5
50769,63,54,9,9
50770,113,122,-9,9
50771,82,87,-5,5
50772,111,113,-2,2
50773,103,104,-1,1
50774,122,118,4,4
50775,81,80,1,1
50776,141,144,-3,3
50777,122,121,1,1
50778,136,133,3,3
50779,67,72,-5,5
50780,91,103,-12,12
50781,86,91,-5,5
50782,97,90,7,7
50783,42,64,-22,22
50784,63,70,-7,7
50785,118,116,2,2
50786,81,91,-10,10
50787,62,60,2,2
50788,55,63,-8,8
50789,89,93,-4,4
50790,71,73,-2,2
50791,57,61,-4,4
50792,83,86,-3,3
50793,153,144,9,9
50794,106,96,10,10
50795,122,112,10,10
50796,76,77,-1,1
50797,90,93,-3,3
50798,70,85,-15,15
50799,33,36,-3,3
50800,83,79,4,4
50801,50,60,-10,10
50802,118,114,4,4
50803,115,111,4,4
50804,45,43,2,2
50805,58,57,1,1
50806,38,45,-7,7
50807,97,109,-12,12
50808,39,50,-11,11
50809,28,35,-7,7
50810,117,121,-4,4
50811,115,104,11,11
50812,121,117,4,4
50813,105,111,-6,6
50814,88,86,2,2
50815,64,76,-12,12
50816,85,85,0,0
50817,103,89,14,14
50818,76,76,0,0
50819,60,65,-5,5
50820,73,75,-2,2
50821,70,62,8,8
50822,54,54,0,0
50823,83,93,-10,10
50824,77,76,1,1
50825,58,54,4,4
50826,105,96,9,9
50827,145,142,3,3
50828,119,102,17,17
50829,100,97,3,3
50830,84,88,-4,4
50831,88,80,8,8
50832,90,83,7,7
50833,65,75,-10,10
50834,131,128,3,3
50835,76,92,-16,16
50836,166,170,-4,4
50837,52,50,2,2
50838,156,158,-2,2
50839,139,155,-16,16
50840,80,78,2,2
50841,73,78,-5,5
50842,94,91,3,3
50843,83,82,1,1
50844,108,99,9,9
50845,71,67,4,4
50846,98,105,-7,7
50847,94,91,3,3
50848,99,97,2,2
50849,29,35,-6,6
50850,85,79,6,6
50851,92,91,1,1
50852,96,100,-4,4
50853,107,102,5,5
50854,31,48,-17,17
50855,80,67,13,13
50856,86,83,3,3
50857,147,141,6,6
50858,113,115,-2,2
50859,58,55,3,3
50860,69,73,-4,4
50861,81,85,-4,4
50862,105,107,-2,2
50863,146,127,19,19
50864,126,122,4,4
50865,72,68,4,4
50866,110,103,7,7
50867,140,140,0,0
50868,93,87,6,6
50869,88,88,0,0
50870,84,104,-20,20
50871,57,57,0,0
50872,78,73,5,5
50873,76,74,2,2
50874,143,126,17,17
50875,108,141,-33,33
50876,45,53,-8,8
50877,87,92,-5,5
50878,77,83,-6,6
50879,96,117,-21,21
50880,84,80,4,4
50881,60,64,-4,4
50882,74,80,-6,6
50883,83,79,4,4
50884,69,68,1,1
50885,58,48,10,10
50886,73,70,3,3
50887,81,88,-7,7
50888,106,108,-2,2
50889,140,152,-12,12
50890,75,81,-6,6
50891,102,102,0,0
50892,137,119,18,18
50893,63,93,-30,30
50894,80,73,7,7
50895,65,70,-5,5
50896,151,144,7,7
50897,138,139,-1,1
50898,104,95,9,9
50899,142,136,6,6
50900,77,85,-8,8
50901,102,106,-4,4
50902,83,85,-2,2
50903,74,82,-8,8
50904,113,109,4,4
50905,115,113,2,2
50906,86,95,-9,9
50907,66,60,6,6
50908,123,117,6,6
50909,173,169,4,4
50910,138,148,-10,10
50911,121,118,3,3
50912,187,184,3,3
50913,103,93,10,10
50914,93,149,-56,56
50915,134,130,4,4
50916,84,76,8,8
50917,140,135,5,5
50918,139,125,14,14
50919,112,121,-9,9
50920,81,80,1,1
50921,48,44,4,4
50922,111,104,7,7
50923,133,127,6,6
50924,158,152,6,6
50925,47,54,-7,7
50926,115,124,-9,9
50927,59,66,-7,7
50928,136,129,7,7
50929,86,90,-4,4
50930,89,97,-8,8
50931,104,107,-3,3
50932,88,89,-1,1
50933,68,72,-4,4
50934,105,95,10,10
50935,122,115,7,7
50936,93,87,6,6
50937,172,164,8,8
50938,77,83,-6,6
50939,141,137,4,4
50940,106,110,-4,4
50941,102,109,-7,7
50942,136,127,9,9
50943,83,76,7,7
50944,60,63,-3,3
50945,90,103,-13,13
50946,69,72,-3,3
50947,96,95,1,1
50948,101,102,-1,1
50949,90,77,13,13
50950,95,100,-5,5
50951,80,93,-13,13
50952,91,95,-4,4
50953,125,113,12,12
50954,85,77,8,8
50955,129,128,1,1
50956,117,123,-6,6
50957,77,76,1,1
50958,82,89,-7,7
50959,135,130,5,5
50960,120,117,3,3
50961,89,81,8,8
50962,161,161,0,0
50963,70,72,-2,2
50964,60,68,-8,8
50965,172,166,6,6
50966,136,131,5,5
50967,86,79,7,7
50968,106,110,-4,4
50969,107,114,-7,7
50970,98,99,-1,1
50971,120,146,-26,26
50972,158,156,2,2
50973,61,60,1,1
50974,101,97,4,4
50975,94,101,-7,7
50976,60,69,-9,9
50977,68,69,-1,1
50978,99,78,21,21
50979,56,53,3,3
50980,110,98,12,12
50981,102,100,2,2
50982,83,86,-3,3
50983,92,94,-2,2
50984,77,70,7,7
50985,125,138,-13,13
50986,79,72,7,7
50987,67,64,3,3
50988,113,111,2,2
50989,122,124,-2,2
50990,131,129,2,2
50991,104,97,7,7
50992,89,107,-18,18
50993,92,91,1,1
50994,217,162,55,55
50995,45,56,-11,11
50996,69,79,-10,10
50997,112,116,-4,4
50998,146,123,23,23
50999,95,99,-4,4
51000,91,94,-3,3
51001,70,74,-4,4
51002,75,82,-7,7
51003,95,98,-3,3
51004,112,98,14,14
51005,58,63,-5,5
51006,54,55,-1,1
51007,94,96,-2,2
51008,108,100,8,8
51009,89,92,-3,3
51010,90,89,1,1
51011,129,126,3,3
51012,105,98,7,7
51013,94,89,5,5
51014,132,149,-17,17
51015,95,94,1,1
51016,68,61,7,7
51017,97,88,9,9
51018,128,119,9,9
51019,116,119,-3,3
51020,93,96,-3,3
51021,89,80,9,9
51022,176,182,-6,6
51023,172,176,-4,4
51024,54,52,2,2
51025,60,65,-5,5
51026,39,64,-25,25
51027,96,86,10,10
51028,60,76,-16,16
51029,52,53,-1,1
51030,105,101,4,4
51031,137,138,-1,1
51032,151,138,13,13
51033,108,122,-14,14
51034,100,98,2,2
51035,68,73,-5,5
51036,99,100,-1,1
51037,100,99,1,1
51038,112,106,6,6
51039,78,69,9,9
51040,110,109,1,1
51041,70,64,6,6
51042,122,115,7,7
51043,72,79,-7,7
51044,191,178,13,13
51045,106,105,1,1
51046,102,101,1,1
51047,130,115,15,15
51048,83,80,3,3
51049,70,69,1,1
51050,93,97,-4,4
51051,98,93,5,5
51052,72,71,1,1
51053,121,112,9,9
51054,157,153,4,4
51055,72,80,-8,8
51056,88,89,-1,1
51057,109,109,0,0
51058,129,117,12,12
51059,185,174,11,11
51060,82,90,-8,8
51061,45,44,1,1
51062,47,60,-13,13
51063,75,82,-7,7
51064,107,94,13,13
51065,73,76,-3,3
51066,90,88,2,2
51067,69,70,-1,1
51068,100,108,-8,8
51069,87,79,8,8
51070,56,51,5,5
51071,83,78,5,5
51072,140,143,-3,3
51073,64,53,11,11
51074,97,92,5,5
51075,86,84,2,2
51076,129,116,13,13
51077,119,111,8,8
51078,85,85,0,0
51079,109,99,10,10
51080,92,92,0,0
51081,152,133,19,19
51082,74,79,-5,5
51083,147,206,-59,59
51084,117,116,1,1
51085,85,98,-13,13
51086,115,127,-12,12
51087,96,91,5,5
51088,109,113,-4,4
51089,70,72,-2,2
51090,107,101,6,6
51091,71,85,-14,14
51092,80,85,-5,5
51093,117,110,7,7
51094,149,151,-2,2
51095,74,74,0,0
51096,100,95,5,5
51097,131,138,-7,7
51098,100,99,1,1
51099,72,68,4,4
51100,92,108,-16,16
51101,68,67,1,1
51102,71,77,-6,6
51103,60,58,2,2
51104,74,78,-4,4
51105,114,110,4,4
51106,44,46,-2,2
51107,104,115,-11,11
51108,143,143,0,0
51109,159,146,13,13
51110,76,75,1,1
51111,93,93,0,0
51112,91,89,2,2
51113,91,93,-2,2
51114,188,169,19,19
51115,85,84,1,1
51116,58,48,10,10
51117,115,108,7,7
51118,51,51,0,0
51119,49,51,-2,2
51120,108,110,-2,2
51121,92,95,-3,3
51122,102,106,-4,4
51123,113,111,2,2
51124,100,98,2,2
51125,80,72,8,8
51126,109,117,-8,8
51127,72,72,0,0
51128,91,95,-4,4
51129,93,91,2,2
51130,44,43,1,1
51131,104,109,-5,5
51132,50,61,-11,11
51133,76,78,-2,2
51134,53,48,5,5
51135,119,115,4,4
51136,105,95,10,10
51137,110,126,-16,16
51138,148,150,-2,2
51139,105,96,9,9
51140,139,132,7,7
51141,97,85,12,12
51142,113,101,12,12
51143,85,84,1,1
51144,113,107,6,6
51145,60,59,1,1
51146,66,60,6,6
51147,115,111,4,4
51148,30,80,-50,50
51149,76,73,3,3
51150,73,78,-5,5
51151,72,79,-7,7
51152,141,136,5,5
51153,58,67,-9,9
51154,101,99,2,2
51155,80,69,11,11
51156,76,74,2,2
51157,118,120,-2,2
51158,97,96,1,1
51159,96,110,-14,14
51160,40,43,-3,3
51161,157,147,10,10
51162,125,119,6,6
51163,99,93,6,6
51164,66,63,3,3
51165,117,118,-1,1
51166,94,100,-6,6
51167,54,60,-6,6
51168,62,59,3,3
51169,74,71,3,3
51170,166,160,6,6
51171,142,145,-3,3
51172,81,94,-13,13
51173,110,122,-12,12
51174,114,105,9,9
51175,96,95,1,1
51176,54,53,1,1
51177,97,100,-3,3
51178,86,99,-13,13
51179,67,74,-7,7
51180,65,64,1,1
51181,89,93,-4,4
51182,86,90,-4,4
51183,71,74,-3,3
51184,146,144,2,2
51185,81,70,11,11
51186,108,105,3,3
51187,116,116,0,0
51188,90,95,-5,5
51189,108,99,9,9
51190,127,122,5,5
51191,60,61,-1,1
51192,66,61,5,5
51193,180,175,5,5
51194,52,48,4,4
51195,93,91,2,2
51196,127,128,-1,1
51197,96,86,10,10
51198,110,94,16,16
51199,102,108,-6,6
51200,110,108,2,2
51201,72,64,8,8
51202,161,153,8,8
51203,89,81,8,8
51204,78,76,2,2
51205,77,86,-9,9
51206,80,77,3,3
51207,78,78,0,0
51208,135,119,16,16
51209,88,80,8,8
51210,102,85,17,17
51211,73,74,-1,1
51212,101,97,4,4
51213,84,80,4,4
51214,87,86,1,1
51215,79,85,-6,6
51216,84,88,-4,4
51217,140,137,3,3
51218,106,113,-7,7
51219,75,69,6,6
51220,94,91,3,3
51221,79,85,-6,6
51222,93,93,0,0
51223,155,153,2,2
51224,97,101,-4,4
51225,109,125,-16,16
51226,115,104,11,11
51227,126,118,8,8
51228,90,92,-2,2
51229,72,73,-1,1
51230,63,60,3,3
51231,105,104,1,1
51232,68,67,1,1
51233,143,139,4,4
51234,116,119,-3,3
51235,121,125,-4,4
51236,130,109,21,21
51237,75,71,4,4
51238,70,75,-5,5
51239,109,97,12,12
51240,98,92,6,6
51241,106,89,17,17
51242,76,77,-1,1
51243,60,57,3,3
51244,68,73,-5,5
51245,165,150,15,15
51246,90,105,-15,15
51247,178,166,12,12
51248,79,84,-5,5
51249,72,64,8,8
51250,87,87,0,0
51251,82,79,3,3
51252,57,58,-1,1
51253,110,114,-4,4
51254,111,113,-2,2
51255,70,81,-11,11
51256,112,117,-5,5
51257,52,51,1,1
51258,94,86,8,8
51259,97,99,-2,2
51260,66,67,-1,1
51261,67,74,-7,7
51262,66,70,-4,4
51263,107,109,-2,2
51264,156,191,-35,35
51265,40,89,-49,49
51266,60,64,-4,4
51267,109,134,-25,25
51268,62,64,-2,2
51269,126,113,13,13
51270,96,99,-3,3
51271,106,95,11,11
51272,109,95,14,14
51273,77,75,2,2
51274,70,65,5,5
51275,75,98,-23,23
51276,194,187,7,7
51277,24,34,-10,10
51278,94,94,0,0
51279,102,94,8,8
51280,126,121,5,5
51281,150,130,20,20
51282,126,123,3,3
51283,82,92,-10,10
51284,92,103,-11,11
51285,87,84,3,3
51286,122,134,-12,12
51287,129,134,-5,5
51288,93,91,2,2
51289,62,66,-4,4
51290,148,149,-1,1
51291,73,73,0,0
51292,114,105,9,9
51293,82,79,3,3
51294,99,101,-2,2
51295,181,165,16,16
51296,158,144,14,14
51297,100,103,-3,3
51298,143,138,5,5
51299,118,118,0,0
51300,85,82,3,3
51301,127,133,-6,6
51302,83,90,-7,7
51303,95,92,3,3
51304,63,59,4,4
51305,76,72,4,4
51306,111,121,-10,10
51307,69,72,-3,3
51308,100,88,12,12
51309,47,50,-3,3
51310,83,91,-8,8
51311,85,86,-1,1
51312,74,76,-2,2
51313,53,70,-17,17
51314,75,81,-6,6
51315,71,87,-16,16
51316,108,102,6,6
51317,71,73,-2,2
51318,121,117,4,4
51319,100,108,-8,8
51320,113,118,-5,5
51321,86,82,4,4
51322,86,75,11,11
51323,115,112,3,3
51324,38,37,1,1
51325,140,133,7,7
51326,119,125,-6,6
51327,104,103,1,1
51328,135,116,19,19
51329,147,132,15,15
51330,116,108,8,8
51331,137,131,6,6
51332,86,91,-5,5
51333,96,96,0,0
51334,76,73,3,3
51335,64,58,6,6
51336,57,51,6,6
51337,90,103,-13,13
51338,56,73,-17,17
51339,84,92,-8,8
51340,109,98,11,11
51341,124,119,5,5
51342,138,126,12,12
51343,73,69,4,4
51344,98,96,2,2
51345,93,80,13,13
51346,51,46,5,5
51347,54,51,3,3
51348,62,66,-4,4
51349,126,125,1,1
51350,85,83,2,2
51351,86,74,12,12
51352,67,61,6,6
51353,80,84,-4,4
51354,55,61,-6,6
51355,115,112,3,3
51356,71,70,1,1
51357,86,84,2,2
51358,120,119,1,1
51359,94,90,4,4
51360,71,71,0,0
51361,106,118,-12,12
51362,101,94,7,7
51363,41,47,-6,6
51364,77,70,7,7
51365,130,120,10,10
51366,154,148,6,6
51367,102,92,10,10
51368,56,53,3,3
51369,108,102,6,6
51370,74,76,-2,2
51371,33,102,-69,69
51372,109,107,2,2
51373,113,109,4,4
51374,115,116,-1,1
51375,73,74,-1,1
51376,60,72,-12,12
51377,115,107,8,8
51378,85,93,-8,8
51379,121,108,13,13
51380,128,125,3,3
51381,76,88,-12,12
51382,158,155,3,3
51383,109,108,1,1
51384,47,49,-2,2
51385,76,67,9,9
51386,75,65,10,10
51387,92,81,11,11
51388,92,97,-5,5
51389,110,93,17,17
51390,101,96,5,5
51391,95,90,5,5
51392,107,106,1,1
51393,96,96,0,0
51394,127,127,0,0
51395,104,104,0,0
51396,84,75,9,9
51397,44,42,2,2
51398,112,123,-11,11
51399,94,111,-17,17
51400,65,64,1,1
51401,67,73,-6,6
51402,106,106,0,0
51403,85,75,10,10
51404,75,87,-12,12
51405,72,68,4,4
51406,99,80,19,19
51407,63,63,0,0
51408,157,157,0,0
51409,70,69,1,1
51410,79,73,6,6
51411,99,92,7,7
51412,100,103,-3,3
51413,152,141,11,11
51414,111,121,-10,10
51415,73,78,-5,5
51416,117,114,3,3
51417,74,74,0,0
51418,84,90,-6,6
51419,117,113,4,4
51420,70,74,-4,4
51421,72,77,-5,5
51422,62,64,-2,2
51423,90,92,-2,2
51424,123,109,14,14
51425,81,82,-1,1
51426,62,63,-1,1
51427,74,73,1,1
51428,189,173,16,16
51429,97,103,-6,6
51430,131,130,1,1
51431,66,73,-7,7
51432,131,123,8,8
51433,101,89,12,12
51434,205,201,4,4
51435,92,95,-3,3
51436,74,84,-10,10
51437,108,102,6,6
51438,78,74,4,4
51439,69,73,-4,4
51440,92,81,11,11
51441,76,76,0,0
51442,83,78,5,5
51443,104,98,6,6
51444,85,81,4,4
51445,74,73,1,1
51446,134,139,-5,5
51447,119,112,7,7
51448,92,86,6,6
51449,88,88,0,0
51450,126,133,-7,7
51451,100,104,-4,4
51452,45,55,-10,10
51453,131,118,13,13
51454,55,55,0,0
51455,180,175,5,5
51456,133,113,20,20
51457,94,63,31,31
51458,62,83,-21,21
51459,119,116,3,3
51460,183,170,13,13
51461,88,83,5,5
51462,115,92,23,23
51463,100,86,14,14
51464,64,74,-10,10
51465,83,106,-23,23
51466,138,140,-2,2
51467,62,72,-10,10
51468,193,174,19,19
51469,90,77,13,13
51470,77,89,-12,12
51471,111,105,6,6
51472,99,87,12,12
51473,118,124,-6,6
51474,131,123,8,8
51475,71,66,5,5
51476,78,81,-3,3
51477,94,84,10,10
51478,92,95,-3,3
51479,97,96,1,1
51480,89,87,2,2
51481,131,119,12,12
51482,119,99,20,20
51483,59,66,-7,7
51484,80,83,-3,3
51485,116,111,5,5
51486,93,86,7,7
51487,72,76,-4,4
51488,185,163,22,22
51489,85,89,-4,4
51490,108,116,-8,8
51491,84,88,-4,4
51492,100,101,-1,1
51493,109,85,24,24
51494,43,43,0,0
51495,77,77,0,0
51496,87,81,6,6
51497,121,111,10,10
51498,109,112,-3,3
51499,83,88,-5,5
51500,108,95,13,13
51501,166,146,20,20
51502,68,64,4,4
51503,112,126,-14,14
51504,103,105,-2,2
51505,106,114,-8,8
51506,33,40,-7,7
51507,56,49,7,7
51508,72,71,1,1
51509,136,136,0,0
51510,79,79,0,0
51511,143,125,18,18
51512,103,97,6,6
51513,75,81,-6,6
51514,73,73,0,0
51515,68,67,1,1
51516,68,85,-17,17
51517,102,86,16,16
51518,83,79,4,4
51519,70,79,-9,9
51520,88,84,4,4
51521,124,122,2,2
51522,111,112,-1,1
51523,103,107,-4,4
51524,104,95,9,9
51525,122,116,6,6
51526,119,117,2,2
51527,71,105,-34,34
51528,196,197,-1,1
51529,70,65,5,5
51530,70,86,-16,16
51531,88,85,3,3
51532,122,119,3,3
51533,102,92,10,10
51534,119,113,6,6
51535,138,131,7,7
51536,165,153,12,12
51537,94,104,-10,10
51538,52,52,0,0
51539,86,80,6,6
51540,63,71,-8,8
51541,92,84,8,8
51542,65,61,4,4
51543,47,43,4,4
51544,62,58,4,4
51545,79,96,-17,17
51546,166,136,30,30
51547,96,87,9,9
51548,120,132,-12,12
51549,117,113,4,4
51550,99,93,6,6
51551,124,131,-7,7
51552,138,126,12,12
51553,60,62,-2,2
51554,90,88,2,2
51555,76,81,-5,5
51556,113,134,-21,21
51557,129,127,2,2
51558,80,80,0,0
51559,99,94,5,5
51560,87,92,-5,5
51561,74,74,0,0
51562,70,69,1,1
51563,50,56,-6,6
51564,83,80,3,3
51565,150,144,6,6
51566,104,100,4,4
51567,107,106,1,1
51568,101,92,9,9
51569,153,149,4,4
51570,81,80,1,1
51571,58,72,-14,14
51572,104,99,5,5
51573,64,60,4,4
51574,58,53,5,5
51575,137,138,-1,1
51576,132,110,22,22
51577,110,110,0,0
51578,120,122,-2,2
51579,92,91,1,1
51580,83,115,-32,32
51581,41,49,-8,8
51582,194,214,-20,20
51583,79,71,8,8
51584,65,66,-1,1
51585,126,134,-8,8
51586,125,138,-13,13
51587,148,143,5,5
51588,63,64,-1,1
51589,82,90,-8,8
51590,127,123,4,4
51591,141,133,8,8
51592,98,106,-8,8
51593,140,142,-2,2
51594,92,86,6,6
51595,78,86,-8,8
51596,72,76,-4,4
51597,133,118,15,15
51598,82,90,-8,8
51599,53,61,-8,8
51600,68,67,1,1
51601,135,133,2,2
51602,76,92,-16,16
51603,84,74,10,10
51604,109,106,3,3
51605,115,120,-5,5
51606,32,32,0,0
51607,202,179,23,23
51608,64,60,4,4
51609,69,68,1,1
51610,61,61,0,0
51611,81,74,7,7
51612,81,90,-9,9
51613,103,97,6,6
51614,73,72,1,1
51615,103,120,-17,17
51616,153,158,-5,5
51617,78,78,0,0
51618,100,97,3,3
51619,136,145,-9,9
51620,58,59,-1,1
51621,75,80,-5,5
51622,130,113,17,17
51623,127,116,11,11
51624,51,60,-9,9
51625,87,74,13,13
51626,99,100,-1,1
51627,121,113,8,8
51628,83,82,1,1
51629,65,67,-2,2
51630,86,85,1,1
51631,129,129,0,0
51632,77,89,-12,12
51633,63,70,-7,7
51634,70,68,2,2
51635,75,81,-6,6
51636,75,77,-2,2
51637,132,133,-1,1
51638,157,156,1,1
51639,130,137,-7,7
51640,80,87,-7,7
51641,97,100,-3,3
51642,68,67,1,1
51643,98,101,-3,3
51644,81,85,-4,4
51645,51,49,2,2
51646,84,85,-1,1
51647,79,80,-1,1
51648,151,147,4,4
51649,82,79,3,3
51650,127,126,1,1
51651,63,68,-5,5
51652,97,94,3,3
51653,121,114,7,7
51654,157,151,6,6
51655,101,96,5,5
51656,160,164,-4,4
51657,92,93,-1,1
51658,107,114,-7,7
51659,108,91,17,17
51660,119,104,15,15
51661,61,64,-3,3
51662,112,106,6,6
51663,71,66,5,5
51664,99,99,0,0
51665,68,79,-11,11
51666,116,121,-5,5
51667,64,73,-9,9
51668,124,128,-4,4
51669,139,135,4,4
51670,80,76,4,4
51671,157,150,7,7
51672,101,97,4,4
51673,114,106,8,8
51674,126,128,-2,2
51675,148,153,-5,5
51676,77,79,-2,2
51677,187,181,6,6
51678,139,139,0,0
51679,164,155,9,9
51680,98,102,-4,4
51681,86,89,-3,3
51682,61,62,-1,1
51683,143,149,-6,6
51684,57,54,3,3
51685,52,48,4,4
51686,92,105,-13,13
51687,108,110,-2,2
51688,156,138,18,18
51689,159,145,14,14
51690,157,146,11,11
51691,102,99,3,3
51692,138,128,10,10
51693,78,80,-2,2
51694,83,72,11,11
51695,108,94,14,14
51696,60,59,1,1
51697,142,121,21,21
51698,55,58,-3,3
51699,65,64,1,1
51700,125,122,3,3
51701,90,92,-2,2
51702,74,73,1,1
51703,156,150,6,6
51704,76,75,1,1
51705,94,96,-2,2
51706,84,85,-1,1
51707,84,78,6,6
51708,68,79,-11,11
51709,144,140,4,4
51710,74,68,6,6
51711,104,108,-4,4
51712,98,72,26,26
51713,92,95,-3,3
51714,106,107,-1,1
51715,94,91,3,3
51716,91,95,-4,4
51717,61,61,0,0
51718,77,73,4,4
51719,71,78,-7,7
51720,98,97,1,1
51721,73,77,-4,4
51722,103,108,-5,5
51723,124,116,8,8
51724,135,123,12,12
51725,118,125,-7,7
51726,96,103,-7,7
51727,54,58,-4,4
51728,112,99,13,13
51729,72,75,-3,3
51730,70,80,-10,10
51731,85,81,4,4
51732,51,46,5,5
51733,106,119,-13,13
51734,113,103,10,10
51735,76,68,8,8
51736,63,71,-8,8
51737,140,122,18,18
51738,103,95,8,8
51739,163,166,-3,3
51740,126,127,-1,1
51741,92,111,-19,19
51742,40,40,0,0
51743,33,42,-9,9
51744,99,99,0,0
51745,113,101,12,12
51746,59,56,3,3
51747,88,105,-17,17
51748,58,59,-1,1
51749,98,97,1,1
51750,135,121,14,14
51751,92,93,-1,1
51752,101,100,1,1
51753,116,110,6,6
51754,171,168,3,3
51755,98,86,12,12
51756,99,95,4,4
51757,77,72,5,5
51758,99,94,5,5
51759,61,57,4,4
51760,124,102,22,22
51761,36,38,-2,2
51762,124,110,14,14
51763,89,84,5,5
51764,144,148,-4,4
51765,113,109,4,4
51766,157,149,8,8
51767,95,96,-1,1
51768,101,108,-7,7
51769,76,76,0,0
51770,65,77,-12,12
51771,222,185,37,37
51772,123,118,5,5
51773,71,96,-25,25
51774,102,93,9,9
51775,96,99,-3,3
51776,105,100,5,5
51777,81,86,-5,5
51778,122,138,-16,16
51779,64,67,-3,3
51780,43,65,-22,22
51781,114,104,10,10
51782,62,64,-2,2
51783,104,113,-9,9
51784,175,186,-11,11
51785,98,109,-11,11
51786,87,84,3,3
51787,144,141,3,3
51788,76,89,-13,13
51789,125,127,-2,2
51790,70,71,-1,1
51791,86,96,-10,10
51792,140,122,18,18
51793,44,53,-9,9
51794,101,95,6,6
51795,68,69,-1,1
51796,155,157,-2,2
51797,125,125,0,0
51798,49,50,-1,1
51799,140,145,-5,5
51800,105,95,10,10
51801,192,200,-8,8
51802,89,74,15,15
51803,140,133,7,7
51804,140,136,4,4
51805,112,116,-4,4
51806,136,120,16,16
51807,76,83,-7,7
51808,64,71,-7,7
51809,64,80,-16,16
51810,83,85,-2,2
51811,72,66,6,6
51812,145,142,3,3
51813,113,102,11,11
51814,114,102,12,12
51815,154,140,14,14
51816,67,68,-1,1
51817,197,176,21,21
51818,61,61,0,0
51819,99,96,3,3
51820,91,92,-1,1
51821,181,156,25,25
51822,45,46,-1,1
51823,55,59,-4,4
51824,183,196,-13,13
51825,106,109,-3,3
51826,57,69,-12,12
51827,133,124,9,9
51828,36,43,-7,7
51829,98,104,-6,6
51830,54,48,6,6
51831,140,143,-3,3
51832,114,112,2,2
51833,99,97,2,2
51834,69,71,-2,2
51835,144,140,4,4
51836,112,121,-9,9
51837,101,94,7,7
51838,88,82,6,6
51839,88,89,-1,1
51840,94,84,10,10
51841,67,66,1,1
51842,46,62,-16,16
51843,72,65,7,7
51844,80,72,8,8
51845,75,73,2,2
51846,94,83,11,11
51847,117,119,-2,2
51848,67,68,-1,1
51849,71,75,-4,4
51850,67,83,-16,16
51851,68,62,6,6
51852,91,91,0,0
51853,71,73,-2,2
51854,114,119,-5,5
51855,93,102,-9,9
51856,73,82,-9,9
51857,164,147,17,17
51858,132,119,13,13
51859,66,54,12,12
51860,153,131,22,22
51861,108,117,-9,9
51862,110,104,6,6
51863,156,139,17,17
51864,162,156,6,6
51865,150,148,2,2
51866,125,120,5,5
51867,61,62,-1,1
51868,95,93,2,2
51869,152,133,19,19
51870,125,129,-4,4
51871,119,102,17,17
51872,166,188,-22,22
51873,120,110,10,10
51874,58,59,-1,1
51875,45,46,-1,1
51876,117,130,-13,13
51877,65,62,3,3
51878,105,109,-4,4
51879,70,72,-2,2
51880,78,74,4,4
51881,91,86,5,5
51882,78,71,7,7
51883,116,131,-15,15
51884,132,116,16,16
51885,143,136,7,7
51886,117,123,-6,6
51887,147,156,-9,9
51888,63,67,-4,4
51889,80,94,-14,14
51890,98,95,3,3
51891,51,62,-11,11
51892,51,48,3,3
51893,73,68,5,5
51894,95,86,9,9
51895,100,98,2,2
51896,74,80,-6,6
51897,110,100,10,10
51898,78,82,-4,4
51899,54,60,-6,6
51900,115,116,-1,1
51901,139,130,9,9
51902,73,80,-7,7
51903,67,69,-2,2
51904,76,81,-5,5
51905,108,102,6,6
51906,104,103,1,1
51907,130,128,2,2
51908,116,116,0,0
51909,57,60,-3,3
51910,102,105,-3,3
51911,108,98,10,10
51912,95,86,9,9
51913,40,45,-5,5
51914,76,86,-10,10
51915,71,67,4,4
51916,137,138,-1,1
51917,118,110,8,8
51918,129,130,-1,1
51919,67,78,-11,11
51920,72,72,0,0
51921,111,120,-9,9
51922,95,95,0,0
51923,130,143,-13,13
51924,116,122,-6,6
51925,68,67,1,1
51926,103,101,2,2
51927,95,96,-1,1
51928,117,115,2,2
51929,62,51,11,11
51930,75,82,-7,7
51931,56,66,-10,10
51932,120,105,15,15
51933,113,112,1,1
51934,85,80,5,5
51935,71,90,-19,19
51936,130,136,-6,6
51937,87,93,-6,6
51938,156,149,7,7
51939,89,89,0,0
51940,61,60,1,1
51941,115,112,3,3
51942,144,133,11,11
51943,73,83,-10,10
51944,94,95,-1,1
51945,102,97,5,5
51946,125,125,0,0
51947,71,65,6,6
51948,140,136,4,4
51949,143,136,7,7
51950,77,80,-3,3
51951,86,75,11,11
51952,70,67,3,3
51953,101,90,11,11
51954,82,82,0,0
51955,93,89,4,4
51956,55,60,-5,5
51957,138,148,-10,10
51958,88,85,3,3
51959,81,81,0,0
51960,176,158,18,18
51961,90,94,-4,4
51962,52,59,-7,7
51963,97,90,7,7
51964,45,53,-8,8
51965,114,120,-6,6
51966,155,150,5,5
51967,151,175,-24,24
51968,60,62,-2,2
51969,82,75,7,7
51970,96,95,1,1
51971,126,114,12,12
51972,90,87,3,3
51973,83,69,14,14
51974,72,79,-7,7
51975,139,132,7,7
51976,137,139,-2,2
51977,119,115,4,4
51978,115,100,15,15
51979,76,71,5,5
51980,80,96,-16,16
51981,101,93,8,8
51982,92,90,2,2
51983,65,69,-4,4
51984,89,91,-2,2
51985,72,70,2,2
51986,45,47,-2,2
51987,69,69,0,0
51988,81,82,-1,1
51989,95,95,0,0
51990,76,77,-1,1
51991,49,44,5,5
51992,97,101,-4,4
51993,90,78,12,12
51994,130,128,2,2
51995,74,80,-6,6
51996,46,55,-9,9
51997,74,82,-8,8
51998,108,102,6,6
51999,115,120,-5,5
52000,37,47,-10,10
52001,79,77,2,2
52002,75,78,-3,3
52003,174,152,22,22
52004,107,104,3,3
52005,53,49,4,4
52006,83,83,0,0
52007,60,57,3,3
52008,98,103,-5,5
52009,57,59,-2,2
52010,54,54,0,0
52011,83,77,6,6
52012,182,202,-20,20
52013,107,117,-10,10
52014,89,100,-11,11
52015,105,103,2,2
52016,109,113,-4,4
52017,141,127,14,14
52018,121,126,-5,5
52019,91,106,-15,15
52020,117,112,5,5
52021,58,64,-6,6
52022,80,68,12,12
52023,88,80,8,8
52024,80,82,-2,2
52025,146,142,4,4
52026,105,103,2,2
52027,128,143,-15,15
52028,79,75,4,4
52029,123,129,-6,6
52030,85,83,2,2
52031,77,72,5,5
52032,70,65,5,5
52033,100,100,0,0
52034,71,68,3,3
52035,123,116,7,7
52036,85,86,-1,1
52037,113,113,0,0
52038,98,93,5,5
52039,67,77,-10,10
52040,130,133,-3,3
52041,176,156,20,20
52042,117,113,4,4
52043,130,124,6,6
52044,114,109,5,5
52045,108,111,-3,3
52046,111,115,-4,4
52047,91,87,4,4
52048,153,141,12,12
52049,83,106,-23,23
52050,91,94,-3,3
52051,103,102,1,1
52052,123,120,3,3
52053,57,61,-4,4
52054,115,108,7,7
52055,86,92,-6,6
52056,147,140,7,7
52057,116,133,-17,17
52058,87,88,-1,1
52059,81,75,6,6
52060,58,58,0,0
52061,97,86,11,11
52062,138,148,-10,10
52063,74,72,2,2
52064,60,72,-12,12
52065,94,96,-2,2
52066,150,141,9,9
52067,143,140,3,3
52068,72,71,1,1
52069,80,84,-4,4
52070,94,95,-1,1
52071,85,79,6,6
52072,108,102,6,6
52073,106,94,12,12
52074,86,89,-3,3
52075,160,151,9,9
52076,84,80,4,4
52077,78,73,5,5
52078,89,93,-4,4
52079,76,84,-8,8
52080,57,49,8,8
52081,93,93,0,0
52082,92,96,-4,4
52083,79,96,-17,17
52084,105,106,-1,1
52085,146,143,3,3
52086,79,87,-8,8
52087,96,98,-2,2
52088,97,95,2,2
52089,74,72,2,2
52090,79,86,-7,7
52091,90,86,4,4
52092,133,133,0,0
52093,81,85,-4,4
52094,140,134,6,6
52095,20,28,-8,8
52096,42,92,-50,50
52097,178,158,20,20
52098,57,69,-12,12
52099,91,97,-6,6
52100,125,141,-16,16
52101,77,74,3,3
52102,73,78,-5,5
52103,96,100,-4,4
52104,63,63,0,0
52105,75,76,-1,1
52106,117,112,5,5
52107,135,135,0,0
52108,105,110,-5,5
52109,141,139,2,2
52110,123,111,12,12
52111,71,85,-14,14
52112,108,93,15,15
52113,104,106,-2,2
52114,108,110,-2,2
52115,93,93,0,0
52116,102,95,7,7
52117,99,86,13,13
52118,95,100,-5,5
52119,53,50,3,3
52120,117,100,17,17
52121,79,91,-12,12
52122,55,64,-9,9
52123,163,163,0,0
52124,53,52,1,1
52125,80,78,2,2
52126,124,115,9,9
52127,75,69,6,6
52128,133,132,1,1
52129,83,84,-1,1
52130,54,61,-7,7
52131,52,53,-1,1
52132,67,73,-6,6
52133,75,72,3,3
52134,106,101,5,5
52135,140,135,5,5
52136,124,129,-5,5
52137,65,70,-5,5
52138,94,101,-7,7
52139,108,110,-2,2
52140,132,117,15,15
52141,123,120,3,3
52142,73,83,-10,10
52143,246,233,13,13
52144,91,81,10,10
52145,48,54,-6,6
52146,109,98,11,11
52147,120,109,11,11
52148,71,62,9,9
52149,44,46,-2,2
52150,83,78,5,5
52151,77,72,5,5
52152,108,101,7,7
52153,76,74,2,2
52154,116,100,16,16
52155,98,111,-13,13
52156,114,104,10,10
52157,142,129,13,13
52158,92,103,-11,11
52159,82,76,6,6
52160,86,84,2,2
52161,65,67,-2,2
52162,91,87,4,4
52163,158,161,-3,3
52164,79,77,2,2
52165,89,83,6,6
52166,54,50,4,4
52167,144,124,20,20
52168,167,174,-7,7
52169,94,100,-6,6
52170,75,74,1,1
52171,110,124,-14,14
52172,113,108,5,5
52173,63,66,-3,3
52174,138,135,3,3
52175,101,90,11,11
52176,99,110,-11,11
52177,98,102,-4,4
52178,138,157,-19,19
52179,116,115,1,1
52180,53,66,-13,13
52181,97,98,-1,1
52182,79,68,11,11
52183,94,106,-12,12
52184,72,78,-6,6
52185,104,110,-6,6
52186,113,102,11,11
52187,105,115,-10,10
52188,84,83,1,1
52189,66,69,-3,3
52190,75,75,0,0
52191,106,108,-2,2
52192,100,95,5,5
52193,75,81,-6,6
52194,45,41,4,4
52195,126,133,-7,7
52196,102,97,5,5
52197,108,108,0,0
52198,99,93,6,6
52199,146,137,9,9
52200,107,110,-3,3
52201,105,115,-10,10
52202,58,54,4,4
52203,114,122,-8,8
52204,151,133,18,18
52205,72,72,0,0
52206,79,72,7,7
52207,131,118,13,13
52208,91,88,3,3
52209,52,52,0,0
52210,81,66,15,15
52211,85,69,16,16
52212,96,89,7,7
52213,42,50,-8,8
52214,73,67,6,6
52215,100,95,5,5
52216,104,98,6,6
52217,85,91,-6,6
52218,67,73,-6,6
52219,71,81,-10,10
52220,100,90,10,10
52221,134,111,23,23
52222,104,110,-6,6
52223,90,80,10,10
52224,96,126,-30,30
52225,61,89,-28,28
52226,65,69,-4,4
52227,139,138,1,1
52228,46,46,0,0
52229,70,70,0,0
52230,142,135,7,7
52231,90,88,2,2
52232,112,103,9,9
52233,113,103,10,10
52234,59,64,-5,5
52235,111,105,6,6
52236,84,82,2,2
52237,74,68,6,6
52238,78,70,8,8
52239,145,150,-5,5
52240,100,120,-20,20
52241,103,96,7,7
52242,55,54,1,1
52243,93,93,0,0
52244,78,74,4,4
52245,80,75,5,5
52246,104,93,11,11
52247,66,68,-2,2
52248,68,60,8,8
52249,60,54,6,6
52250,103,119,-16,16
52251,69,68,1,1
52252,92,89,3,3
52253,48,54,-6,6
52254,54,61,-7,7
52255,54,56,-2,2
52256,58,63,-5,5
52257,160,144,16,16
52258,83,80,3,3
52259,90,84,6,6
52260,71,120,-49,49
52261,168,177,-9,9
52262,137,141,-4,4
52263,139,140,-1,1
52264,74,68,6,6
52265,75,79,-4,4
52266,65,59,6,6
52267,93,81,12,12
52268,94,91,3,3
52269,65,76,-11,11
52270,110,114,-4,4
52271,29,39,-10,10
52272,91,87,4,4
52273,78,75,3,3
52274,77,78,-1,1
52275,93,92,1,1
52276,158,152,6,6
52277,206,195,11,11
52278,98,101,-3,3
52279,131,128,3,3
52280,115,109,6,6
52281,129,113,16,16
52282,97,91,6,6
52283,97,91,6,6
52284,78,93,-15,15
52285,81,81,0,0
52286,107,107,0,0
52287,80,84,-4,4
52288,67,68,-1,1
52289,66,75,-9,9
52290,56,54,2,2
52291,72,69,3,3
52292,50,54,-4,4
52293,70,102,-32,32
52294,128,119,9,9
52295,138,141,-3,3
52296,38,42,-4,4
52297,113,110,3,3
52298,168,166,2,2
52299,115,105,10,10
52300,88,86,2,2
52301,80,75,5,5
52302,124,132,-8,8
52303,190,181,9,9
52304,92,95,-3,3
52305,83,82,1,1
52306,78,81,-3,3
52307,64,56,8,8
52308,121,118,3,3
52309,74,75,-1,1
52310,59,59,0,0
52311,200,159,41,41
52312,157,150,7,7
52313,86,84,2,2
52314,126,122,4,4
52315,75,75,0,0
52316,95,105,-10,10
52317,118,104,14,14
52318,174,162,12,12
52319,148,140,8,8
52320,70,75,-5,5
52321,99,97,2,2
52322,73,75,-2,2
52323,178,155,23,23
52324,127,125,2,2
52325,137,140,-3,3
52326,35,42,-7,7
52327,58,60,-2,2
52328,104,107,-3,3
52329,85,85,0,0
52330,91,89,2,2
52331,40,41,-1,1
52332,83,83,0,0
52333,100,109,-9,9
52334,73,79,-6,6
52335,51,60,-9,9
52336,263,207,56,56
52337,87,88,-1,1
52338,85,84,1,1
52339,85,84,1,1
52340,89,82,7,7
52341,176,170,6,6
52342,103,101,2,2
52343,128,138,-10,10
52344,166,169,-3,3
52345,92,109,-17,17
52346,100,99,1,1
52347,98,89,9,9
52348,57,60,-3,3
52349,127,117,10,10
52350,86,89,-3,3
52351,144,147,-3,3
52352,60,61,-1,1
52353,113,108,5,5
52354,113,108,5,5
52355,103,99,4,4
52356,90,86,4,4
52357,56,47,9,9
52358,47,49,-2,2
52359,105,107,-2,2
52360,61,62,-1,1
52361,128,140,-12,12
52362,55,76,-21,21
52363,67,63,4,4
52364,65,64,1,1
52365,116,110,6,6
52366,76,79,-3,3
52367,41,44,-3,3
52368,83,76,7,7
52369,82,89,-7,7
52370,50,53,-3,3
52371,81,89,-8,8
52372,57,49,8,8
52373,83,83,0,0
52374,87,96,-9,9
52375,56,62,-6,6
52376,68,64,4,4
52377,71,64,7,7
52378,77,78,-1,1
52379,67,63,4,4
52380,120,107,13,13
52381,74,77,-3,3
52382,121,120,1,1
52383,73,78,-5,5
52384,53,53,0,0
52385,68,72,-4,4
52386,95,92,3,3
52387,103,104,-1,1
52388,46,48,-2,2
52389,73,63,10,10
52390,148,142,6,6
52391,145,130,15,15
52392,105,96,9,9
52393,71,76,-5,5
52394,43,48,-5,5
52395,106,106,0,0
52396,114,112,2,2
52397,80,80,0,0
52398,64,87,-23,23
52399,125,114,11,11
52400,84,93,-9,9
52401,86,90,-4,4
52402,101,96,5,5
52403,95,91,4,4
52404,90,94,-4,4
52405,93,90,3,3
52406,62,65,-3,3
52407,146,139,7,7
52408,87,89,-2,2
52409,85,78,7,7
52410,134,119,15,15
52411,82,76,6,6
52412,46,45,1,1
52413,73,65,8,8
52414,23,40,-17,17
52415,167,154,13,13
52416,116,95,21,21
52417,112,117,-5,5
52418,227,216,11,11
52419,108,110,-2,2
52420,93,91,2,2
52421,76,78,-2,2
52422,75,76,-1,1
52423,74,82,-8,8
52424,85,76,9,9
52425,68,71,-3,3
52426,93,84,9,9
52427,143,138,5,5
52428,132,123,9,9
52429,68,67,1,1
52430,49,63,-14,14
52431,116,107,9,9
52432,87,83,4,4
52433,114,102,12,12
52434,133,128,5,5
52435,81,79,2,2
52436,105,94,11,11
52437,88,89,-1,1
52438,158,141,17,17
52439,82,75,7,7
52440,91,93,-2,2
52441,158,158,0,0
52442,77,82,-5,5
52443,61,86,-25,25
52444,57,59,-2,2
52445,76,78,-2,2
52446,80,81,-1,1
52447,90,97,-7,7
52448,75,64,11,11
52449,105,99,6,6
52450,99,95,4,4
52451,134,138,-4,4
52452,70,75,-5,5
52453,139,146,-7,7
52454,67,67,0,0
52455,186,166,20,20
52456,101,96,5,5
52457,142,141,1,1
52458,66,59,7,7
52459,88,86,2,2
52460,79,85,-6,6
52461,80,82,-2,2
52462,103,114,-11,11
52463,133,144,-11,11
52464,21,68,-47,47
52465,98,82,16,16
52466,67,65,2,2
52467,117,142,-25,25
52468,71,72,-1,1
52469,45,46,-1,1
52470,90,82,8,8
52471,122,104,18,18
52472,133,126,7,7
52473,70,69,1,1
52474,99,102,-3,3
52475,161,152,9,9
52476,123,115,8,8
52477,116,110,6,6
52478,148,131,17,17
52479,55,47,8,8
52480,107,110,-3,3
52481,69,66,3,3
52482,103,119,-16,16
52483,50,50,0,0
52484,76,77,-1,1
52485,98,100,-2,2
52486,63,64,-1,1
52487,69,65,4,4
52488,115,113,2,2
52489,64,60,4,4
52490,80,78,2,2
52491,93,85,8,8
52492,93,95,-2,2
52493,107,98,9,9
52494,91,89,2,2
52495,73,88,-15,15
52496,163,148,15,15
52497,82,77,5,5
52498,133,135,-2,2
52499,70,80,-10,10
52500,74,76,-2,2
52501,72,74,-2,2
52502,51,43,8,8
52503,192,171,21,21
52504,59,66,-7,7
52505,69,69,0,0
52506,47,48,-1,1
52507,146,156,-10,10
52508,149,137,12,12
52509,96,112,-16,16
52510,73,63,10,10
52511,143,133,10,10
52512,101,108,-7,7
52513,96,97,-1,1
52514,108,118,-10,10
52515,77,79,-2,2
52516,45,50,-5,5
52517,89,96,-7,7
52518,160,151,9,9
52519,97,102,-5,5
52520,82,82,0,0
52521,80,74,6,6
52522,70,70,0,0
52523,123,112,11,11
52524,109,103,6,6
52525,162,160,2,2
52526,129,127,2,2
52527,80,77,3,3
52528,49,58,-9,9
52529,129,115,14,14
52530,79,72,7,7
52531,89,98,-9,9
52532,92,93,-1,1
52533,87,78,9,9
52534,104,93,11,11
52535,106,95,11,11
52536,169,171,-2,2
52537,96,106,-10,10
52538,66,70,-4,4
52539,140,136,4,4
52540,128,118,10,10
52541,82,75,7,7
52542,128,117,11,11
52543,109,111,-2,2
52544,59,62,-3,3
52545,61,64,-3,3
52546,109,89,20,20
52547,72,76,-4,4
52548,57,65,-8,8
52549,94,99,-5,5
52550,86,89,-3,3
52551,57,60,-3,3
52552,142,133,9,9
52553,79,90,-11,11
52554,150,146,4,4
52555,122,134,-12,12
52556,106,111,-5,5
52557,41,46,-5,5
52558,218,202,16,16
52559,106,97,9,9
52560,80,74,6,6
52561,87,86,1,1
52562,121,129,-8,8
52563,68,65,3,3
52564,79,84,-5,5
52565,63,61,2,2
52566,57,68,-11,11
52567,132,139,-7,7
52568,86,89,-3,3
52569,92,89,3,3
52570,187,173,14,14
52571,97,93,4,4
52572,135,131,4,4
52573,126,110,16,16
52574,79,82,-3,3
52575,69,79,-10,10
52576,142,145,-3,3
52577,97,92,5,5
52578,104,112,-8,8
52579,112,113,-1,1
52580,168,173,-5,5
52581,145,127,18,18
52582,137,128,9,9
52583,142,131,11,11
52584,81,73,8,8
52585,97,91,6,6
52586,90,78,12,12
52587,121,136,-15,15
52588,71,76,-5,5
52589,61,60,1,1
52590,95,111,-16,16
52591,95,115,-20,20
52592,53,65,-12,12
52593,126,129,-3,3
52594,72,79,-7,7
52595,86,80,6,6
52596,141,147,-6,6
52597,96,101,-5,5
52598,98,105,-7,7
52599,123,121,2,2
52600,46,51,-5,5
52601,95,83,12,12
52602,127,119,8,8
52603,153,133,20,20
52604,115,107,8,8
52605,104,97,7,7
52606,53,52,1,1
52607,95,89,6,6
52608,88,85,3,3
52609,133,117,16,16
52610,88,88,0,0
52611,25,45,-20,20
52612,142,123,19,19
52613,98,108,-10,10
52614,93,90,3,3
52615,99,94,5,5
52616,152,149,3,3
52617,124,121,3,3
52618,112,120,-8,8
52619,134,121,13,13
52620,104,110,-6,6
52621,86,83,3,3
52622,117,119,-2,2
52623,77,78,-1,1
52624,88,91,-3,3
52625,72,69,3,3
52626,87,107,-20,20
52627,80,77,3,3
52628,103,101,2,2
52629,136,137,-1,1
52630,105,113,-8,8
52631,96,94,2,2
52632,90,81,9,9
52633,53,47,6,6
52634,77,77,0,0
52635,60,60,0,0
52636,115,119,-4,4
52637,93,90,3,3
52638,91,79,12,12
52639,162,160,2,2
52640,115,103,12,12
52641,148,159,-11,11
52642,68,66,2,2
52643,79,87,-8,8
52644,53,53,0,0
52645,60,60,0,0
52646,63,72,-9,9
52647,102,102,0,0
52648,111,105,6,6
52649,116,113,3,3
52650,50,50,0,0
52651,113,105,8,8
52652,46,55,-9,9
52653,62,60,2,2
52654,112,112,0,0
52655,58,72,-14,14
52656,85,88,-3,3
52657,111,102,9,9
52658,105,106,-1,1
52659,113,122,-9,9
52660,174,162,12,12
52661,125,117,8,8
52662,109,105,4,4
52663,67,65,2,2
52664,76,67,9,9
52665,193,244,-51,51
52666,128,125,3,3
52667,88,81,7,7
52668,70,74,-4,4
52669,63,64,-1,1
52670,148,140,8,8
52671,89,95,-6,6
52672,152,151,1,1
52673,62,64,-2,2
52674,141,121,20,20
52675,48,53,-5,5
52676,185,175,10,10
52677,89,87,2,2
52678,87,85,2,2
52679,50,65,-15,15
52680,79,73,6,6
52681,124,137,-13,13
52682,109,104,5,5
52683,54,59,-5,5
52684,90,85,5,5
52685,85,86,-1,1
52686,35,95,-60,60
52687,86,85,1,1
52688,47,51,-4,4
52689,103,96,7,7
52690,105,108,-3,3
52691,47,60,-13,13
52692,44,50,-6,6
52693,137,128,9,9
52694,69,75,-6,6
52695,47,48,-1,1
52696,63,63,0,0
52697,118,121,-3,3
52698,83,86,-3,3
52699,80,94,-14,14
52700,119,101,18,18
52701,107,117,-10,10
52702,100,114,-14,14
52703,96,101,-5,5
52704,90,95,-5,5
52705,136,130,6,6
52706,142,150,-8,8
52707,82,85,-3,3
52708,64,51,13,13
52709,89,91,-2,2
52710,49,53,-4,4
52711,138,127,11,11
52712,74,63,11,11
52713,55,69,-14,14
52714,147,128,19,19
52715,87,90,-3,3
52716,67,78,-11,11
52717,90,82,8,8
52718,72,90,-18,18
52719,110,104,6,6
52720,166,169,-3,3
52721,128,106,22,22
52722,70,76,-6,6
52723,95,98,-3,3
52724,58,50,8,8
52725,95,97,-2,2
52726,78,84,-6,6
52727,99,103,-4,4
52728,79,74,5,5
52729,96,83,13,13
52730,87,81,6,6
52731,57,62,-5,5
52732,67,68,-1,1
52733,84,90,-6,6
52734,73,77,-4,4
52735,77,77,0,0
52736,65,65,0,0
52737,34,43,-9,9
52738,103,99,4,4
52739,117,127,-10,10
52740,73,65,8,8
52741,121,115,6,6
52742,67,73,-6,6
52743,118,98,20,20
52744,145,145,0,0
52745,83,87,-4,4
52746,105,102,3,3
52747,81,70,11,11
52748,92,96,-4,4
52749,44,44,0,0
52750,104,101,3,3
52751,45,47,-2,2
52752,96,89,7,7
52753,115,118,-3,3
52754,91,96,-5,5
52755,64,77,-13,13
52756,63,61,2,2
52757,83,85,-2,2
52758,126,126,0,0
52759,57,63,-6,6
52760,209,193,16,16
52761,153,136,17,17
52762,57,60,-3,3
52763,70,67,3,3
52764,118,128,-10,10
52765,110,112,-2,2
52766,63,53,10,10
52767,117,109,8,8
52768,151,130,21,21
52769,135,148,-13,13
52770,75,72,3,3
52771,121,117,4,4
52772,142,148,-6,6
52773,107,101,6,6
52774,87,84,3,3
52775,83,86,-3,3
52776,54,46,8,8
52777,120,119,1,1
52778,75,81,-6,6
52779,116,117,-1,1
52780,80,78,2,2
52781,132,140,-8,8
52782,61,66,-5,5
52783,70,78,-8,8
52784,57,47,10,10
52785,137,134,3,3
52786,112,96,16,16
52787,77,77,0,0
52788,78,80,-2,2
52789,94,98,-4,4
52790,85,86,-1,1
52791,61,56,5,5
52792,80,79,1,1
52793,116,108,8,8
52794,64,81,-17,17
52795,69,74,-5,5
52796,124,112,12,12
52797,78,63,15,15
52798,109,114,-5,5
52799,90,85,5,5
52800,148,148,0,0
52801,64,66,-2,2
52802,59,66,-7,7
52803,42,40,2,2
52804,132,130,2,2
52805,132,129,3,3
52806,68,60,8,8
52807,173,181,-8,8
52808,73,72,1,1
52809,88,88,0,0
52810,95,89,6,6
52811,56,53,3,3
52812,83,75,8,8
52813,131,135,-4,4
52814,65,77,-12,12
52815,77,76,1,1
52816,110,115,-5,5
52817,80,111,-31,31
52818,76,71,5,5
52819,73,79,-6,6
52820,66,68,-2,2
52821,149,134,15,15
52822,55,58,-3,3
52823,60,53,7,7
52824,151,151,0,0
52825,112,119,-7,7
52826,67,64,3,3
52827,67,84,-17,17
52828,77,88,-11,11
52829,114,121,-7,7
52830,123,136,-13,13
52831,83,80,3,3
52832,42,53,-11,11
52833,104,111,-7,7
52834,90,90,0,0
52835,107,117,-10,10
52836,153,140,13,13
52837,68,67,1,1
52838,41,46,-5,5
52839,82,82,0,0
52840,55,55,0,0
52841,114,105,9,9
52842,92,87,5,5
52843,90,94,-4,4
52844,70,70,0,0
52845,75,79,-4,4
52846,112,93,19,19
52847,76,81,-5,5
52848,107,80,27,27
52849,96,96,0,0
52850,107,104,3,3
52851,46,48,-2,2
52852,103,113,-10,10
52853,122,117,5,5
52854,117,116,1,1
52855,69,78,-9,9
52856,100,106,-6,6
52857,70,60,10,10
52858,96,104,-8,8
52859,89,83,6,6
52860,112,114,-2,2
52861,93,110,-17,17
52862,104,100,4,4
52863,79,81,-2,2
52864,150,140,10,10
52865,145,141,4,4
52866,135,138,-3,3
52867,61,63,-2,2
52868,75,78,-3,3
52869,63,59,4,4
52870,77,80,-3,3
52871,115,124,-9,9
52872,94,88,6,6
52873,60,59,1,1
52874,99,100,-1,1
52875,162,169,-7,7
52876,89,94,-5,5
52877,84,84,0,0
52878,90,97,-7,7
52879,132,126,6,6
52880,106,96,10,10
52881,50,44,6,6
52882,66,62,4,4
52883,153,144,9,9
52884,55,52,3,3
52885,92,84,8,8
52886,113,112,1,1
52887,54,54,0,0
52888,132,129,3,3
52889,116,102,14,14
52890,88,219,-131,131
52891,127,124,3,3
52892,80,84,-4,4
52893,125,113,12,12
52894,108,100,8,8
52895,104,102,2,2
52896,62,70,-8,8
52897,76,82,-6,6
52898,77,83,-6,6
52899,120,118,2,2
52900,71,73,-2,2
52901,54,67,-13,13
52902,115,122,-7,7
52903,138,142,-4,4
52904,95,89,6,6
52905,31,39,-8,8
52906,46,41,5,5
52907,147,127,20,20
52908,129,137,-8,8
52909,82,69,13,13
52910,81,87,-6,6
52911,62,61,1,1
52912,140,134,6,6
52913,101,97,4,4
52914,120,107,13,13
52915,48,49,-1,1
52916,132,127,5,5
52917,164,145,19,19
52918,48,61,-13,13
52919,81,92,-11,11
52920,74,78,-4,4
52921,79,92,-13,13
52922,97,100,-3,3
52923,81,89,-8,8
52924,47,50,-3,3
52925,97,99,-2,2
52926,59,67,-8,8
52927,68,61,7,7
52928,67,66,1,1
52929,66,69,-3,3
52930,143,130,13,13
52931,88,86,2,2
52932,96,95,1,1
52933,169,140,29,29
52934,106,94,12,12
52935,106,107,-1,1
52936,78,77,1,1
52937,107,115,-8,8
52938,132,138,-6,6
52939,88,74,14,14
52940,68,82,-14,14
52941,104,96,8,8
52942,79,80,-1,1
52943,96,89,7,7
52944,159,156,3,3
52945,133,133,0,0
52946,81,83,-2,2
52947,67,73,-6,6
52948,86,90,-4,4
52949,75,76,-1,1
52950,106,111,-5,5
52951,55,61,-6,6
52952,167,149,18,18
52953,33,37,-4,4
52954,114,124,-10,10
52955,153,137,16,16
52956,76,79,-3,3
52957,74,82,-8,8
52958,152,156,-4,4
52959,176,141,35,35
52960,86,82,4,4
52961,191,170,21,21
52962,116,116,0,0
52963,87,83,4,4
52964,133,130,3,3
52965,131,140,-9,9
52966,96,94,2,2
52967,113,115,-2,2
52968,52,52,0,0
52969,68,74,-6,6
52970,110,105,5,5
52971,58,61,-3,3
52972,104,120,-16,16
52973,93,91,2,2
52974,118,122,-4,4
52975,92,94,-2,2
52976,77,82,-5,5
52977,43,42,1,1
52978,19,37,-18,18
52979,156,136,20,20
52980,145,145,0,0
52981,85,88,-3,3
52982,85,72,13,13
52983,121,112,9,9
52984,76,73,3,3
52985,137,145,-8,8
52986,76,77,-1,1
52987,91,86,5,5
52988,93,87,6,6
52989,133,140,-7,7
52990,128,123,5,5
52991,106,107,-1,1
52992,77,79,-2,2
52993,104,96,8,8
52994,82,79,3,3
52995,77,76,1,1
52996,91,103,-12,12
52997,73,99,-26,26
52998,144,139,5,5
52999,103,99,4,4
53000,97,116,-19,19
53001,238,219,19,19
53002,87,80,7,7
53003,135,130,5,5
53004,63,64,-1,1
53005,95,90,5,5
53006,42,44,-2,2
53007,69,72,-3,3
53008,98,89,9,9
53009,147,144,3,3
53010,108,112,-4,4
53011,52,50,2,2
53012,69,67,2,2
53013,92,75,17,17
53014,129,133,-4,4
53015,83,85,-2,2
53016,108,113,-5,5
53017,126,130,-4,4
53018,84,83,1,1
53019,86,75,11,11
53020,82,99,-17,17
53021,88,93,-5,5
53022,101,86,15,15
53023,130,120,10,10
53024,83,86,-3,3
53025,118,127,-9,9
53026,106,103,3,3
53027,108,112,-4,4
53028,85,66,19,19
53029,133,124,9,9
53030,77,73,4,4
53031,110,101,9,9
53032,71,81,-10,10
53033,72,80,-8,8
53034,44,44,0,0
53035,69,61,8,8
53036,106,99,7,7
53037,103,100,3,3
53038,82,76,6,6
53039,119,130,-11,11
53040,94,98,-4,4
53041,67,68,-1,1
53042,81,78,3,3
53043,102,93,9,9
53044,68,64,4,4
53045,154,138,16,16
53046,80,74,6,6
53047,120,113,7,7
53048,59,71,-12,12
53049,149,147,2,2
53050,66,75,-9,9
53051,80,65,15,15
53052,61,62,-1,1
53053,40,47,-7,7
53054,80,86,-6,6
53055,54,52,2,2
53056,90,111,-21,21
53057,107,101,6,6
53058,62,64,-2,2
53059,157,167,-10,10
53060,113,107,6,6
53061,107,118,-11,11
53062,87,72,15,15
53063,90,87,3,3
53064,155,146,9,9
53065,37,46,-9,9
53066,66,71,-5,5
53067,92,95,-3,3
53068,74,70,4,4
53069,38,39,-1,1
53070,83,76,7,7
53071,90,102,-12,12
53072,262,322,-60,60
53073,83,83,0,0
53074,65,59,6,6
53075,84,75,9,9
53076,50,49,1,1
53077,95,104,-9,9
53078,80,87,-7,7
53079,135,125,10,10
53080,75,69,6,6
53081,79,83,-4,4
53082,179,173,6,6
53083,119,119,0,0
53084,89,75,14,14
53085,58,64,-6,6
53086,98,103,-5,5
53087,58,58,0,0
53088,62,65,-3,3
53089,65,62,3,3
53090,90,88,2,2
53091,134,122,12,12
53092,61,63,-2,2
53093,142,138,4,4
53094,71,75,-4,4
53095,147,125,22,22
53096,122,124,-2,2
53097,151,141,10,10
53098,105,102,3,3
53099,56,61,-5,5
53100,124,130,-6,6
53101,140,149,-9,9
53102,107,105,2,2
53103,103,109,-6,6
53104,98,91,7,7
53105,63,51,12,12
53106,51,54,-3,3
53107,81,78,3,3
53108,65,71,-6,6
53109,150,143,7,7
53110,134,132,2,2
53111,46,41,5,5
53112,120,109,11,11
53113,80,84,-4,4
53114,93,89,4,4
53115,176,157,19,19
53116,115,123,-8,8
53117,128,127,1,1
53118,143,136,7,7
53119,55,54,1,1
53120,85,74,11,11
53121,102,94,8,8
53122,54,52,2,2
53123,151,123,28,28
53124,83,75,8,8
53125,47,47,0,0
53126,80,77,3,3
53127,126,116,10,10
53128,105,109,-4,4
53129,103,110,-7,7
53130,70,77,-7,7
53131,64,66,-2,2
53132,116,115,1,1
53133,124,136,-12,12
53134,89,85,4,4
53135,73,76,-3,3
53136,131,136,-5,5
53137,120,111,9,9
53138,102,95,7,7
53139,88,79,9,9
53140,82,80,2,2
53141,88,86,2,2
53142,135,114,21,21
53143,119,115,4,4
53144,67,70,-3,3
53145,55,51,4,4
53146,170,166,4,4
53147,125,136,-11,11
53148,132,116,16,16
53149,146,146,0,0
53150,83,79,4,4
53151,85,81,4,4
53152,101,102,-1,1
53153,84,87,-3,3
53154,135,126,9,9
53155,54,53,1,1
53156,74,61,13,13
53157,72,73,-1,1
53158,112,91,21,21
53159,137,138,-1,1
53160,82,69,13,13
53161,121,113,8,8
53162,83,83,0,0
53163,112,120,-8,8
53164,66,61,5,5
53165,90,85,5,5
53166,111,118,-7,7
53167,70,75,-5,5
53168,98,101,-3,3
53169,101,95,6,6
53170,108,98,10,10
53171,77,77,0,0
53172,94,97,-3,3
53173,77,84,-7,7
53174,52,62,-10,10
53175,114,113,1,1
53176,79,81,-2,2
53177,43,51,-8,8
53178,110,99,11,11
53179,51,62,-11,11
53180,81,81,0,0
53181,122,115,7,7
53182,128,131,-3,3
53183,92,108,-16,16
53184,111,107,4,4
53185,106,98,8,8
53186,56,60,-4,4
53187,137,123,14,14
53188,75,64,11,11
53189,71,69,2,2
53190,67,65,2,2
53191,89,86,3,3
53192,96,97,-1,1
53193,106,110,-4,4
53194,71,71,0,0
53195,128,118,10,10
53196,63,67,-4,4
53197,82,76,6,6
53198,67,66,1,1
53199,80,76,4,4
53200,124,120,4,4
53201,117,114,3,3
53202,115,127,-12,12
53203,107,110,-3,3
53204,65,66,-1,1
53205,119,117,2,2
53206,88,95,-7,7
53207,53,63,-10,10
53208,156,147,9,9
53209,71,71,0,0
53210,89,89,0,0
53211,88,78,10,10
53212,113,108,5,5
53213,43,48,-5,5
53214,106,108,-2,2
53215,85,85,0,0
53216,108,128,-20,20
53217,70,62,8,8
53218,163,155,8,8
53219,102,103,-1,1
53220,74,76,-2,2
53221,60,60,0,0
53222,107,104,3,3
53223,59,80,-21,21
53224,90,71,19,19
53225,134,127,7,7
53226,159,154,5,5
53227,99,90,9,9
53228,75,76,-1,1
53229,62,54,8,8
53230,93,91,2,2
53231,101,98,3,3
53232,61,70,-9,9
53233,88,71,17,17
53234,99,102,-3,3
53235,45,47,-2,2
53236,65,67,-2,2
53237,120,107,13,13
53238,85,86,-1,1
53239,76,80,-4,4
53240,111,102,9,9
53241,75,75,0,0
53242,96,99,-3,3
53243,134,117,17,17
53244,62,51,11,11
53245,69,65,4,4
53246,95,95,0,0
53247,93,85,8,8
53248,73,72,1,1
53249,89,75,14,14
53250,59,51,8,8
53251,73,67,6,6
53252,115,121,-6,6
53253,86,85,1,1
53254,141,158,-17,17
53255,109,132,-23,23
53256,112,98,14,14
53257,74,76,-2,2
53258,57,59,-2,2
53259,61,66,-5,5
53260,104,105,-1,1
53261,111,96,15,15
53262,80,80,0,0
53263,107,103,4,4
53264,43,45,-2,2
53265,71,78,-7,7
53266,54,54,0,0
53267,74,82,-8,8
53268,77,74,3,3
53269,86,101,-15,15
53270,65,68,-3,3
53271,103,89,14,14
53272,67,74,-7,7
53273,77,66,11,11
53274,53,61,-8,8
53275,128,115,13,13
53276,75,79,-4,4
53277,111,136,-25,25
53278,94,94,0,0
53279,93,88,5,5
53280,131,121,10,10
53281,61,89,-28,28
53282,69,65,4,4
53283,70,62,8,8
53284,50,54,-4,4
53285,69,65,4,4
53286,101,91,10,10
53287,86,79,7,7
53288,98,95,3,3
53289,140,108,32,32
53290,88,87,1,1
53291,51,51,0,0
53292,72,76,-4,4
53293,109,113,-4,4
53294,67,78,-11,11
53295,114,108,6,6
53296,98,90,8,8
53297,98,105,-7,7
53298,107,114,-7,7
53299,133,147,-14,14
53300,161,161,0,0
53301,161,141,20,20
53302,125,120,5,5
53303,90,88,2,2
53304,112,114,-2,2
53305,61,65,-4,4
53306,186,184,2,2
53307,102,109,-7,7
53308,273,274,-1,1
53309,125,131,-6,6
53310,124,134,-10,10
53311,115,108,7,7
53312,86,84,2,2
53313,67,67,0,0
53314,90,89,1,1
53315,146,140,6,6
53316,64,63,1,1
53317,78,75,3,3
53318,73,68,5,5
53319,132,124,8,8
53320,78,77,1,1
53321,108,113,-5,5
53322,72,67,5,5
53323,112,120,-8,8
53324,110,107,3,3
53325,157,148,9,9
53326,87,83,4,4
53327,63,60,3,3
53328,47,46,1,1
53329,55,60,-5,5
53330,57,52,5,5
53331,77,81,-4,4
53332,73,70,3,3
53333,52,50,2,2
53334,60,75,-15,15
53335,171,185,-14,14
53336,153,146,7,7
53337,128,128,0,0
53338,101,98,3,3
53339,58,60,-2,2
53340,67,64,3,3
53341,58,61,-3,3
53342,69,65,4,4
53343,198,172,26,26
53344,85,78,7,7
53345,96,84,12,12
53346,68,90,-22,22
53347,80,78,2,2
53348,56,62,-6,6
53349,67,65,2,2
53350,57,56,1,1
53351,39,42,-3,3
53352,81,88,-7,7
53353,117,113,4,4
53354,104,104,0,0
53355,105,109,-4,4
53356,83,78,5,5
53357,135,138,-3,3
53358,76,65,11,11
53359,122,114,8,8
53360,78,76,2,2
53361,37,42,-5,5
53362,134,124,10,10
53363,71,66,5,5
53364,119,116,3,3
53365,23,38,-15,15
53366,145,141,4,4
53367,99,100,-1,1
53368,70,81,-11,11
53369,41,59,-18,18
53370,82,91,-9,9
53371,102,97,5,5
53372,64,62,2,2
53373,60,59,1,1
53374,157,147,10,10
53375,144,130,14,14
53376,107,110,-3,3
53377,108,117,-9,9
53378,79,81,-2,2
53379,77,88,-11,11
53380,102,98,4,4
53381,62,62,0,0
53382,87,90,-3,3
53383,156,146,10,10
53384,59,60,-1,1
53385,54,59,-5,5
53386,114,122,-8,8
53387,87,100,-13,13
53388,132,132,0,0
53389,135,130,5,5
53390,126,111,15,15
53391,105,109,-4,4
53392,95,101,-6,6
53393,101,98,3,3
53394,51,60,-9,9
53395,63,70,-7,7
53396,149,148,1,1
53397,72,62,10,10
53398,147,142,5,5
53399,67,66,1,1
53400,106,108,-2,2
53401,98,105,-7,7
53402,100,91,9,9
53403,93,105,-12,12
53404,69,75,-6,6
53405,116,135,-19,19
53406,88,86,2,2
53407,114,137,-23,23
53408,53,55,-2,2
53409,55,53,2,2
53410,86,92,-6,6
53411,110,102,8,8
53412,82,79,3,3
53413,87,80,7,7
53414,60,57,3,3
53415,59,59,0,0
53416,72,67,5,5
53417,99,85,14,14
53418,111,95,16,16
53419,105,106,-1,1
53420,110,104,6,6
53421,56,54,2,2
53422,126,136,-10,10
53423,75,85,-10,10
53424,56,52,4,4
53425,119,137,-18,18
53426,98,95,3,3
53427,171,168,3,3
53428,169,145,24,24
53429,126,127,-1,1
53430,194,171,23,23
53431,112,107,5,5
53432,73,73,0,0
53433,106,104,2,2
53434,101,87,14,14
53435,119,108,11,11
53436,96,87,9,9
53437,58,59,-1,1
53438,89,93,-4,4
53439,78,84,-6,6
53440,85,84,1,1
53441,87,86,1,1
53442,70,76,-6,6
53443,50,59,-9,9
53444,51,52,-1,1
53445,91,88,3,3
53446,79,79,0,0
53447,98,96,2,2
53448,117,125,-8,8
53449,94,101,-7,7
53450,141,137,4,4
53451,133,136,-3,3
53452,48,52,-4,4
53453,121,120,1,1
53454,90,91,-1,1
53455,50,63,-13,13
53456,69,76,-7,7
53457,90,104,-14,14
53458,83,80,3,3
53459,89,100,-11,11
53460,84,82,2,2
53461,72,72,0,0
53462,65,66,-1,1
53463,93,92,1,1
53464,70,64,6,6
53465,68,71,-3,3
53466,128,141,-13,13
53467,102,85,17,17
53468,111,113,-2,2
53469,54,52,2,2
53470,94,104,-10,10
53471,102,95,7,7
53472,104,100,4,4
53473,90,92,-2,2
53474,96,101,-5,5
53475,119,135,-16,16
53476,80,80,0,0
53477,77,77,0,0
53478,228,255,-27,27
53479,134,113,21,21
53480,140,153,-13,13
53481,47,47,0,0
53482,113,110,3,3
53483,58,61,-3,3
53484,34,38,-4,4
53485,46,40,6,6
53486,68,64,4,4
53487,68,71,-3,3
53488,43,46,-3,3
53489,74,80,-6,6
53490,88,90,-2,2
53491,130,141,-11,11
53492,112,95,17,17
53493,91,83,8,8
53494,70,72,-2,2
53495,137,132,5,5
53496,67,63,4,4
53497,90,81,9,9
53498,137,125,12,12
53499,83,91,-8,8
53500,105,113,-8,8
53501,78,80,-2,2
53502,93,76,17,17
53503,88,80,8,8
53504,65,61,4,4
53505,105,98,7,7
53506,131,138,-7,7
53507,52,50,2,2
53508,48,48,0,0
53509,127,133,-6,6
53510,70,86,-16,16
53511,62,56,6,6
53512,119,120,-1,1
53513,75,78,-3,3
53514,90,83,7,7
53515,60,73,-13,13
53516,133,125,8,8
53517,86,80,6,6
53518,77,81,-4,4
53519,81,82,-1,1
53520,98,98,0,0
53521,101,105,-4,4
53522,70,71,-1,1
53523,86,80,6,6
53524,111,115,-4,4
53525,99,96,3,3
53526,62,62,0,0
53527,111,113,-2,2
53528,57,56,1,1
53529,93,94,-1,1
53530,77,78,-1,1
53531,122,121,1,1
53532,96,101,-5,5
53533,52,52,0,0
53534,66,59,7,7
53535,102,96,6,6
53536,79,92,-13,13
53537,83,97,-14,14
53538,90,90,0,0
53539,117,114,3,3
53540,87,87,0,0
53541,127,116,11,11
53542,50,58,-8,8
53543,62,62,0,0
53544,63,73,-10,10
53545,80,72,8,8
53546,111,134,-23,23
53547,53,40,13,13
53548,105,105,0,0
53549,97,88,9,9
53550,48,44,4,4
53551,66,71,-5,5
53552,113,114,-1,1
53553,142,137,5,5
53554,42,43,-1,1
53555,55,52,3,3
53556,111,97,14,14
53557,89,85,4,4
53558,76,90,-14,14
53559,126,115,11,11
53560,103,103,0,0
53561,53,54,-1,1
53562,90,89,1,1
53563,66,60,6,6
53564,60,67,-7,7
53565,49,57,-8,8
53566,230,201,29,29
53567,64,62,2,2
53568,104,102,2,2
53569,82,82,0,0
53570,157,153,4,4
53571,53,54,-1,1
53572,93,99,-6,6
53573,76,73,3,3
53574,61,65,-4,4
53575,100,90,10,10
53576,52,55,-3,3
53577,69,66,3,3
53578,117,117,0,0
53579,124,120,4,4
53580,100,108,-8,8
53581,149,127,22,22
53582,99,98,1,1
53583,120,106,14,14
53584,79,85,-6,6
53585,177,172,5,5
53586,62,64,-2,2
53587,99,92,7,7
53588,157,147,10,10
53589,117,121,-4,4
53590,98,93,5,5
53591,68,66,2,2
53592,85,81,4,4
53593,91,98,-7,7
53594,106,95,11,11
53595,129,126,3,3
53596,134,120,14,14
53597,85,86,-1,1
53598,122,124,-2,2
53599,89,86,3,3
53600,46,53,-7,7
53601,91,95,-4,4
53602,136,136,0,0
53603,52,47,5,5
53604,98,103,-5,5
53605,98,89,9,9
53606,129,127,2,2
53607,49,51,-2,2
53608,75,71,4,4
53609,70,74,-4,4
53610,102,96,6,6
53611,114,112,2,2
53612,31,42,-11,11
53613,120,118,2,2
53614,108,105,3,3
53615,84,88,-4,4
53616,61,63,-2,2
53617,150,152,-2,2
53618,52,80,-28,28
53619,44,46,-2,2
53620,71,80,-9,9
53621,62,63,-1,1
53622,74,76,-2,2
53623,100,98,2,2
53624,83,86,-3,3
53625,82,87,-5,5
53626,149,129,20,20
53627,113,118,-5,5
53628,99,91,8,8
53629,94,95,-1,1
53630,77,83,-6,6
53631,116,131,-15,15
53632,154,156,-2,2
53633,84,85,-1,1
53634,116,105,11,11
53635,169,160,9,9
53636,126,122,4,4
53637,31,36,-5,5
53638,84,83,1,1
53639,81,76,5,5
53640,109,103,6,6
53641,96,97,-1,1
53642,78,75,3,3
53643,100,97,3,3
53644,101,99,2,2
53645,63,70,-7,7
53646,118,116,2,2
53647,119,110,9,9
53648,70,67,3,3
53649,82,75,7,7
53650,57,53,4,4
53651,89,92,-3,3
53652,124,117,7,7
53653,67,71,-4,4
53654,87,76,11,11
53655,115,106,9,9
53656,76,70,6,6
53657,63,65,-2,2
53658,105,102,3,3
53659,77,73,4,4
53660,124,129,-5,5
53661,84,77,7,7
53662,52,47,5,5
53663,55,59,-4,4
53664,120,112,8,8
53665,206,178,28,28
53666,67,71,-4,4
53667,93,94,-1,1
53668,67,65,2,2
53669,71,67,4,4
53670,87,80,7,7
53671,72,67,5,5
53672,108,106,2,2
53673,116,113,3,3
53674,62,55,7,7
53675,61,67,-6,6
53676,57,61,-4,4
53677,100,93,7,7
53678,78,65,13,13
53679,93,96,-3,3
53680,102,103,-1,1
53681,187,188,-1,1
53682,88,80,8,8
53683,100,101,-1,1
53684,169,166,3,3
53685,160,170,-10,10
53686,142,138,4,4
53687,146,148,-2,2
53688,81,83,-2,2
53689,41,43,-2,2
53690,111,90,21,21
53691,124,116,8,8
53692,114,118,-4,4
53693,133,142,-9,9
53694,88,75,13,13
53695,90,81,9,9
53696,76,78,-2,2
53697,83,94,-11,11
53698,130,127,3,3
53699,48,63,-15,15
53700,85,98,-13,13
53701,77,73,4,4
53702,130,128,2,2
53703,118,103,15,15
53704,106,101,5,5
53705,67,71,-4,4
53706,111,113,-2,2
53707,94,86,8,8
53708,69,69,0,0
53709,76,95,-19,19
53710,96,86,10,10
53711,84,76,8,8
53712,144,116,28,28
53713,66,79,-13,13
53714,86,81,5,5
53715,56,62,-6,6
53716,103,111,-8,8
53717,154,145,9,9
53718,80,75,5,5
53719,89,91,-2,2
53720,63,70,-7,7
53721,90,92,-2,2
53722,102,94,8,8
53723,132,132,0,0
53724,103,102,1,1
53725,138,131,7,7
53726,107,101,6,6
53727,84,89,-5,5
53728,158,144,14,14
53729,143,145,-2,2
53730,83,84,-1,1
53731,101,93,8,8
53732,42,50,-8,8
53733,156,146,10,10
53734,96,98,-2,2
53735,124,132,-8,8
53736,91,92,-1,1
53737,139,135,4,4
53738,80,76,4,4
53739,95,89,6,6
53740,95,89,6,6
53741,83,87,-4,4
53742,88,90,-2,2
53743,120,122,-2,2
53744,79,80,-1,1
53745,114,106,8,8
53746,54,59,-5,5
53747,72,76,-4,4
53748,122,110,12,12
53749,125,127,-2,2
53750,100,97,3,3
53751,90,98,-8,8
53752,92,90,2,2
53753,85,81,4,4
53754,115,112,3,3
53755,76,67,9,9
53756,94,102,-8,8
53757,128,116,12,12
53758,49,83,-34,34
53759,134,122,12,12
53760,114,111,3,3
53761,75,73,2,2
53762,71,70,1,1
53763,131,129,2,2
53764,110,106,4,4
53765,113,104,9,9
53766,79,89,-10,10
53767,90,88,2,2
53768,112,96,16,16
53769,92,96,-4,4
53770,141,134,7,7
53771,46,48,-2,2
53772,103,99,4,4
53773,124,126,-2,2
53774,98,97,1,1
53775,106,90,16,16
53776,95,85,10,10
53777,50,53,-3,3
53778,98,89,9,9
53779,127,124,3,3
53780,147,148,-1,1
53781,136,131,5,5
53782,68,64,4,4
53783,133,129,4,4
53784,112,111,1,1
53785,73,68,5,5
53786,104,106,-2,2
53787,118,114,4,4
53788,84,92,-8,8
53789,66,66,0,0
53790,74,69,5,5
53791,71,62,9,9
53792,122,116,6,6
53793,88,91,-3,3
53794,90,96,-6,6
53795,44,49,-5,5
53796,68,79,-11,11
53797,72,81,-9,9
53798,141,137,4,4
53799,84,106,-22,22
53800,120,114,6,6
53801,46,42,4,4
53802,59,54,5,5
53803,136,132,4,4
53804,47,48,-1,1
53805,57,62,-5,5
53806,64,78,-14,14
53807,114,97,17,17
53808,75,66,9,9
53809,72,75,-3,3
53810,58,51,7,7
53811,70,71,-1,1
53812,146,138,8,8
53813,83,97,-14,14
53814,116,133,-17,17
53815,143,141,2,2
53816,118,105,13,13
53817,200,178,22,22
53818,116,104,12,12
53819,124,118,6,6
53820,142,146,-4,4
53821,184,164,20,20
53822,137,131,6,6
53823,76,67,9,9
53824,96,97,-1,1
53825,52,52,0,0
53826,91,80,11,11
53827,55,53,2,2
53828,95,82,13,13
53829,59,60,-1,1
53830,145,150,-5,5
53831,84,69,15,15
53832,112,116,-4,4
53833,63,75,-12,12
53834,60,61,-1,1
53835,134,132,2,2
53836,88,77,11,11
53837,72,75,-3,3
53838,107,118,-11,11
53839,74,68,6,6
53840,94,81,13,13
53841,84,81,3,3
53842,55,78,-23,23
53843,30,38,-8,8
53844,31,44,-13,13
53845,77,84,-7,7
53846,74,72,2,2
53847,99,84,15,15
53848,148,145,3,3
53849,70,76,-6,6
53850,86,80,6,6
53851,124,143,-19,19
53852,144,142,2,2
53853,77,71,6,6
53854,117,109,8,8
53855,78,67,11,11
53856,53,65,-12,12
53857,105,100,5,5
53858,79,68,11,11
53859,127,118,9,9
53860,94,84,10,10
53861,159,160,-1,1
53862,90,89,1,1
53863,71,75,-4,4
53864,156,147,9,9
53865,140,139,1,1
53866,57,43,14,14
53867,91,93,-2,2
53868,61,61,0,0
53869,91,95,-4,4
53870,54,59,-5,5
53871,78,72,6,6
53872,133,116,17,17
53873,121,111,10,10
53874,151,149,2,2
53875,119,114,5,5
53876,76,108,-32,32
53877,98,95,3,3
53878,97,95,2,2
53879,41,43,-2,2
53880,149,163,-14,14
53881,119,117,2,2
53882,80,81,-1,1
53883,67,62,5,5
53884,70,70,0,0
53885,120,110,10,10
53886,125,126,-1,1
53887,76,75,1,1
53888,77,78,-1,1
53889,89,92,-3,3
53890,63,55,8,8
53891,163,157,6,6
53892,51,48,3,3
53893,68,64,4,4
53894,131,134,-3,3
53895,109,109,0,0
53896,61,52,9,9
53897,118,131,-13,13
53898,103,101,2,2
53899,137,118,19,19
53900,93,87,6,6
53901,116,99,17,17
53902,61,64,-3,3
53903,80,82,-2,2
53904,88,86,2,2
53905,121,129,-8,8
53906,63,64,-1,1
53907,150,145,5,5
53908,130,125,5,5
53909,112,108,4,4
53910,48,52,-4,4
53911,159,159,0,0
53912,75,69,6,6
53913,66,73,-7,7
53914,75,75,0,0
53915,70,65,5,5
53916,80,73,7,7
53917,95,94,1,1
53918,57,54,3,3
53919,79,70,9,9
53920,69,65,4,4
53921,60,53,7,7
53922,115,104,11,11
53923,121,98,23,23
53924,71,61,10,10
53925,88,81,7,7
53926,97,95,2,2
53927,56,64,-8,8
53928,107,97,10,10
53929,35,37,-2,2
53930,112,113,-1,1
53931,74,79,-5,5
53932,80,82,-2,2
53933,89,100,-11,11
53934,81,86,-5,5
53935,142,142,0,0
53936,109,112,-3,3
53937,118,105,13,13
53938,93,90,3,3
53939,127,126,1,1
53940,84,86,-2,2
53941,135,133,2,2
53942,128,127,1,1
53943,88,81,7,7
53944,77,81,-4,4
53945,73,76,-3,3
53946,92,83,9,9
53947,163,166,-3,3
53948,117,110,7,7
53949,186,183,3,3
53950,118,126,-8,8
53951,79,65,14,14
53952,81,85,-4,4
53953,114,127,-13,13
53954,83,80,3,3
53955,89,78,11,11
53956,139,143,-4,4
53957,85,82,3,3
53958,52,53,-1,1
53959,112,103,9,9
53960,79,78,1,1
53961,90,82,8,8
53962,102,103,-1,1
53963,86,86,0,0
53964,83,81,2,2
53965,149,138,11,11
53966,50,54,-4,4
53967,73,71,2,2
53968,66,64,2,2
53969,106,107,-1,1
53970,78,72,6,6
53971,85,85,0,0
53972,97,110,-13,13
53973,50,45,5,5
53974,126,138,-12,12
53975,83,92,-9,9
53976,98,90,8,8
53977,75,70,5,5
53978,93,89,4,4
53979,143,133,10,10
53980,142,123,19,19
53981,55,63,-8,8
53982,68,65,3,3
53983,61,60,1,1
53984,68,64,4,4
53985,119,101,18,18
53986,85,78,7,7
53987,56,50,6,6
53988,105,113,-8,8
53989,74,72,2,2
53990,61,60,1,1
53991,125,125,0,0
53992,49,47,2,2
53993,117,124,-7,7
53994,109,118,-9,9
53995,108,123,-15,15
53996,153,164,-11,11
53997,59,50,9,9
53998,173,160,13,13
53999,90,91,-1,1
54000,102,98,4,4
54001,53,59,-6,6
54002,91,98,-7,7
54003,162,129,33,33
54004,129,126,3,3
54005,110,105,5,5
54006,80,70,10,10
54007,94,83,11,11
54008,107,100,7,7
54009,57,60,-3,3
54010,109,109,0,0
54011,73,72,1,1
54012,229,203,26,26
54013,170,172,-2,2
54014,70,66,4,4
54015,104,106,-2,2
54016,83,78,5,5
54017,101,97,4,4
54018,86,90,-4,4
54019,108,105,3,3
54020,96,96,0,0
54021,80,86,-6,6
54022,68,69,-1,1
54023,91,86,5,5
54024,112,112,0,0
54025,122,116,6,6
54026,132,122,10,10
54027,96,97,-1,1
54028,81,90,-9,9
54029,80,94,-14,14
54030,101,96,5,5
54031,117,113,4,4
54032,100,94,6,6
54033,83,96,-13,13
54034,93,91,2,2
54035,103,104,-1,1
54036,48,55,-7,7
54037,110,105,5,5
54038,128,120,8,8
54039,37,38,-1,1
54040,110,122,-12,12
54041,94,93,1,1
54042,127,138,-11,11
54043,70,64,6,6
54044,112,106,6,6
54045,189,190,-1,1
54046,95,101,-6,6
54047,123,127,-4,4
54048,152,148,4,4
54049,85,84,1,1
54050,60,64,-4,4
54051,74,70,4,4
54052,89,88,1,1
54053,97,96,1,1
54054,159,144,15,15
54055,90,90,0,0
54056,76,74,2,2
54057,83,97,-14,14
54058,71,79,-8,8
54059,105,91,14,14
54060,102,103,-1,1
54061,161,151,10,10
54062,123,108,15,15
54063,85,83,2,2
54064,41,45,-4,4
54065,165,156,9,9
54066,60,84,-24,24
54067,123,126,-3,3
54068,59,53,6,6
54069,51,49,2,2
54070,160,160,0,0
54071,134,146,-12,12
54072,87,93,-6,6
54073,91,91,0,0
54074,52,54,-2,2
54075,111,103,8,8
54076,139,145,-6,6
54077,65,69,-4,4
54078,96,95,1,1
54079,92,86,6,6
54080,77,85,-8,8
54081,106,115,-9,9
54082,194,190,4,4
54083,127,120,7,7
54084,121,105,16,16
54085,140,150,-10,10
54086,129,128,1,1
54087,59,64,-5,5
54088,82,92,-10,10
54089,59,62,-3,3
54090,98,96,2,2
54091,214,189,25,25
54092,107,108,-1,1
54093,122,126,-4,4
54094,75,71,4,4
54095,52,50,2,2
54096,129,123,6,6
54097,59,56,3,3
54098,64,63,1,1
54099,144,135,9,9
54100,99,97,2,2
54101,156,145,11,11
54102,173,169,4,4
54103,82,81,1,1
54104,145,130,15,15
54105,105,94,11,11
54106,102,112,-10,10
54107,69,69,0,0
54108,51,62,-11,11
54109,44,47,-3,3
54110,30,38,-8,8
54111,118,104,14,14
54112,85,77,8,8
54113,70,71,-1,1
54114,61,72,-11,11
54115,69,70,-1,1
54116,81,80,1,1
54117,68,61,7,7
54118,149,145,4,4
54119,47,66,-19,19
54120,53,59,-6,6
54121,143,140,3,3
54122,91,99,-8,8
54123,93,92,1,1
54124,45,46,-1,1
54125,122,117,5,5
54126,112,104,8,8
54127,165,146,19,19
54128,57,61,-4,4
54129,101,103,-2,2
54130,54,51,3,3
54131,55,53,2,2
54132,74,71,3,3
54133,95,94,1,1
54134,58,87,-29,29
54135,114,125,-11,11
54136,73,93,-20,20
54137,81,75,6,6
54138,63,61,2,2
54139,139,150,-11,11
54140,96,94,2,2
54141,111,112,-1,1
54142,157,147,10,10
54143,167,166,1,1
54144,166,143,23,23
54145,115,119,-4,4
54146,80,73,7,7
54147,166,138,28,28
54148,89,86,3,3
54149,69,61,8,8
54150,34,42,-8,8
54151,92,91,1,1
54152,81,84,-3,3
54153,131,134,-3,3
54154,65,66,-1,1
54155,107,105,2,2
54156,61,63,-2,2
54157,77,83,-6,6
54158,92,96,-4,4
54159,175,179,-4,4
54160,154,156,-2,2
54161,101,102,-1,1
54162,96,89,7,7
54163,82,79,3,3
54164,72,71,1,1
54165,60,62,-2,2
54166,137,123,14,14
54167,44,48,-4,4
54168,77,70,7,7
54169,111,108,3,3
54170,41,50,-9,9
54171,119,107,12,12
54172,83,85,-2,2
54173,108,101,7,7
54174,128,111,17,17
54175,76,91,-15,15
54176,41,50,-9,9
54177,79,79,0,0
54178,175,169,6,6
54179,115,104,11,11
54180,87,97,-10,10
54181,136,123,13,13
54182,76,74,2,2
54183,107,118,-11,11
54184,86,93,-7,7
54185,118,111,7,7
54186,98,95,3,3
54187,73,68,5,5
54188,176,167,9,9
54189,110,97,13,13
54190,73,76,-3,3
54191,73,75,-2,2
54192,109,114,-5,5
54193,96,103,-7,7
54194,128,117,11,11
54195,65,62,3,3
54196,81,87,-6,6
54197,76,77,-1,1
54198,81,89,-8,8
54199,55,52,3,3
54200,93,89,4,4
54201,138,141,-3,3
54202,127,119,8,8
54203,110,88,22,22
54204,97,88,9,9
54205,106,113,-7,7
54206,70,75,-5,5
54207,84,98,-14,14
54208,103,99,4,4
54209,109,98,11,11
54210,82,76,6,6
54211,82,82,0,0
54212,75,70,5,5
54213,96,94,2,2
54214,74,74,0,0
54215,50,48,2,2
54216,80,75,5,5
54217,129,138,-9,9
54218,127,130,-3,3
54219,101,112,-11,11
54220,94,87,7,7
54221,80,80,0,0
54222,51,47,4,4
54223,98,103,-5,5
54224,93,97,-4,4
54225,138,142,-4,4
54226,127,115,12,12
54227,115,109,6,6
54228,57,59,-2,2
54229,62,65,-3,3
54230,125,130,-5,5
54231,74,81,-7,7
54232,104,94,10,10
54233,112,114,-2,2
54234,101,94,7,7
54235,81,72,9,9
54236,58,62,-4,4
54237,98,84,14,14
54238,60,53,7,7
54239,60,61,-1,1
54240,119,106,13,13
54241,92,85,7,7
54242,79,85,-6,6
54243,72,74,-2,2
54244,59,62,-3,3
54245,53,54,-1,1
54246,133,128,5,5
54247,81,90,-9,9
54248,167,153,14,14
54249,110,105,5,5
54250,62,61,1,1
54251,77,75,2,2
54252,81,93,-12,12
54253,108,89,19,19
54254,107,100,7,7
54255,56,53,3,3
54256,74,68,6,6
54257,55,71,-16,16
54258,41,41,0,0
54259,95,87,8,8
54260,80,81,-1,1
54261,107,105,2,2
54262,89,91,-2,2
54263,69,64,5,5
54264,89,80,9,9
54265,125,115,10,10
54266,139,146,-7,7
54267,63,65,-2,2
54268,79,88,-9,9
54269,111,117,-6,6
54270,80,81,-1,1
54271,89,97,-8,8
54272,65,61,4,4
54273,139,129,10,10
54274,105,100,5,5
54275,59,54,5,5
54276,108,96,12,12
54277,71,74,-3,3
54278,57,64,-7,7
54279,65,61,4,4
54280,66,61,5,5
54281,171,169,2,2
54282,69,92,-23,23
54283,137,125,12,12
54284,62,64,-2,2
54285,92,90,2,2
54286,87,83,4,4
54287,131,127,4,4
54288,160,165,-5,5
54289,78,81,-3,3
54290,82,91,-9,9
54291,152,169,-17,17
54292,34,37,-3,3
54293,80,91,-11,11
54294,201,193,8,8
54295,89,89,0,0
54296,88,92,-4,4
54297,137,131,6,6
54298,58,59,-1,1
54299,87,99,-12,12
54300,106,106,0,0
54301,67,65,2,2
54302,57,50,7,7
54303,83,74,9,9
54304,105,92,13,13
54305,187,162,25,25
54306,92,91,1,1
54307,43,45,-2,2
54308,130,134,-4,4
54309,103,99,4,4
54310,79,80,-1,1
54311,176,171,5,5
54312,120,110,10,10
54313,75,75,0,0
54314,75,68,7,7
54315,77,67,10,10
54316,87,84,3,3
54317,49,63,-14,14
54318,164,143,21,21
54319,142,130,12,12
54320,136,133,3,3
54321,51,60,-9,9
54322,79,80,-1,1
54323,173,168,5,5
54324,118,117,1,1
54325,75,73,2,2
54326,87,90,-3,3
54327,66,65,1,1
54328,67,70,-3,3
54329,124,118,6,6
54330,62,62,0,0
54331,88,91,-3,3
54332,87,83,4,4
54333,125,128,-3,3
54334,107,85,22,22
54335,65,61,4,4
54336,50,53,-3,3
54337,80,74,6,6
54338,166,165,1,1
54339,142,136,6,6
54340,171,166,5,5
54341,57,59,-2,2
54342,87,87,0,0
54343,106,98,8,8
54344,95,100,-5,5
54345,108,99,9,9
54346,105,95,10,10
54347,112,108,4,4
54348,101,89,12,12
54349,89,82,7,7
54350,49,53,-4,4
54351,84,83,1,1
54352,101,100,1,1
54353,66,67,-1,1
54354,83,77,6,6
54355,58,61,-3,3
54356,85,90,-5,5
54357,91,115,-24,24
54358,53,66,-13,13
54359,94,96,-2,2
54360,97,81,16,16
54361,76,76,0,0
54362,45,59,-14,14
54363,49,48,1,1
54364,150,149,1,1
54365,104,96,8,8
54366,111,118,-7,7
54367,68,60,8,8
54368,93,98,-5,5
54369,100,100,0,0
54370,107,106,1,1
54371,121,124,-3,3
54372,60,67,-7,7
54373,134,135,-1,1
54374,127,124,3,3
54375,76,74,2,2
54376,122,111,11,11
54377,71,66,5,5
54378,73,83,-10,10
54379,74,70,4,4
54380,133,134,-1,1
54381,78,72,6,6
54382,60,73,-13,13
54383,112,128,-16,16
54384,87,94,-7,7
54385,105,95,10,10
54386,62,62,0,0
54387,76,73,3,3
54388,124,115,9,9
54389,108,115,-7,7
54390,63,60,3,3
54391,192,182,10,10
54392,63,79,-16,16
54393,94,95,-1,1
54394,76,97,-21,21
54395,153,151,2,2
54396,145,139,6,6
54397,118,125,-7,7
54398,144,149,-5,5
54399,80,89,-9,9
54400,81,73,8,8
54401,167,148,19,19
54402,112,89,23,23
54403,87,92,-5,5
54404,114,80,34,34
54405,96,100,-4,4
54406,72,68,4,4
54407,148,149,-1,1
54408,105,106,-1,1
54409,138,146,-8,8
54410,80,81,-1,1
54411,79,85,-6,6
54412,92,85,7,7
54413,104,109,-5,5
54414,60,74,-14,14
54415,179,164,15,15
54416,86,81,5,5
54417,32,64,-32,32
54418,134,111,23,23
54419,71,71,0,0
54420,93,94,-1,1
54421,112,117,-5,5
54422,117,113,4,4
54423,112,109,3,3
54424,83,85,-2,2
54425,111,112,-1,1
54426,143,144,-1,1
54427,84,95,-11,11
54428,58,62,-4,4
54429,78,83,-5,5
54430,116,107,9,9
54431,120,109,11,11
54432,102,88,14,14
54433,155,90,65,65
54434,106,105,1,1
54435,79,70,9,9
54436,111,120,-9,9
54437,72,71,1,1
54438,59,59,0,0
54439,139,145,-6,6
54440,119,114,5,5
54441,100,94,6,6
54442,59,71,-12,12
54443,67,72,-5,5
54444,149,158,-9,9
54445,74,72,2,2
54446,96,99,-3,3
54447,196,199,-3,3
54448,144,144,0,0
54449,101,96,5,5
54450,80,95,-15,15
54451,76,86,-10,10
54452,96,99,-3,3
54453,112,107,5,5
54454,73,95,-22,22
54455,126,130,-4,4
54456,92,87,5,5
54457,125,128,-3,3
54458,64,70,-6,6
54459,146,143,3,3
54460,77,95,-18,18
54461,148,145,3,3
54462,126,123,3,3
54463,95,99,-4,4
54464,58,51,7,7
54465,146,134,12,12
54466,148,133,15,15
54467,104,106,-2,2
54468,129,120,9,9
54469,60,52,8,8
54470,83,79,4,4
54471,67,54,13,13
54472,132,123,9,9
54473,82,90,-8,8
54474,34,61,-27,27
54475,76,82,-6,6
54476,116,122,-6,6
54477,119,124,-5,5
54478,96,101,-5,5
54479,138,132,6,6
54480,80,81,-1,1
54481,109,114,-5,5
54482,103,97,6,6
54483,57,60,-3,3
54484,41,39,2,2
54485,121,119,2,2
54486,87,78,9,9
54487,125,120,5,5
54488,82,91,-9,9
54489,36,43,-7,7
54490,63,60,3,3
54491,112,108,4,4
54492,90,82,8,8
54493,110,119,-9,9
54494,184,168,16,16
54495,97,96,1,1
54496,64,67,-3,3
54497,115,104,11,11
54498,85,81,4,4
54499,60,63,-3,3
54500,68,76,-8,8
54501,118,115,3,3
54502,56,70,-14,14
54503,49,62,-13,13
54504,92,96,-4,4
54505,62,61,1,1
54506,131,118,13,13
54507,125,124,1,1
54508,146,148,-2,2
54509,78,80,-2,2
54510,69,67,2,2
54511,76,70,6,6
54512,66,68,-2,2
54513,71,72,-1,1
54514,97,106,-9,9
54515,264,250,14,14
54516,38,46,-8,8
54517,134,142,-8,8
54518,70,64,6,6
54519,67,65,2,2
54520,128,125,3,3
54521,138,105,33,33
54522,101,116,-15,15
54523,76,75,1,1
54524,42,49,-7,7
54525,138,125,13,13
54526,126,120,6,6
54527,80,76,4,4
54528,61,60,1,1
54529,105,88,17,17
54530,113,112,1,1
54531,96,98,-2,2
54532,97,97,0,0
54533,74,85,-11,11
54534,129,131,-2,2
54535,83,74,9,9
54536,87,80,7,7
54537,72,68,4,4
54538,120,111,9,9
54539,95,118,-23,23
54540,62,62,0,0
54541,54,60,-6,6
54542,80,84,-4,4
54543,109,99,10,10
54544,90,86,4,4
54545,30,35,-5,5
54546,103,99,4,4
54547,91,102,-11,11
54548,92,83,9,9
54549,79,85,-6,6
54550,120,120,0,0
54551,131,128,3,3
54552,91,90,1,1
54553,64,61,3,3
54554,106,107,-1,1
54555,81,82,-1,1
54556,86,83,3,3
54557,190,196,-6,6
54558,80,74,6,6
54559,108,115,-7,7
54560,136,148,-12,12
54561,84,82,2,2
54562,122,123,-1,1
54563,80,74,6,6
54564,80,73,7,7
54565,143,138,5,5
54566,31,41,-10,10
54567,96,90,6,6
54568,74,61,13,13
54569,130,124,6,6
54570,99,93,6,6
54571,90,95,-5,5
54572,89,80,9,9
54573,122,108,14,14
54574,116,117,-1,1
54575,111,116,-5,5
54576,129,119,10,10
54577,97,99,-2,2
54578,122,106,16,16
54579,94,119,-25,25
54580,78,82,-4,4
54581,101,97,4,4
54582,77,81,-4,4
54583,99,112,-13,13
54584,91,109,-18,18
54585,74,74,0,0
54586,120,117,3,3
54587,109,101,8,8
54588,54,61,-7,7
54589,105,97,8,8
54590,140,147,-7,7
54591,175,167,8,8
54592,103,94,9,9
54593,80,81,-1,1
54594,71,78,-7,7
54595,101,97,4,4
54596,91,93,-2,2
54597,75,82,-7,7
54598,51,51,0,0
54599,59,55,4,4
54600,108,103,5,5
54601,198,178,20,20
54602,48,45,3,3
54603,117,112,5,5
54604,44,45,-1,1
54605,105,107,-2,2
54606,78,82,-4,4
54607,92,100,-8,8
54608,89,87,2,2
54609,68,65,3,3
54610,50,64,-14,14
54611,83,74,9,9
54612,71,70,1,1
54613,96,117,-21,21
54614,146,138,8,8
54615,134,108,26,26
54616,73,99,-26,26
54617,84,109,-25,25
54618,86,92,-6,6
54619,152,143,9,9
54620,59,62,-3,3
54621,183,176,7,7
54622,50,54,-4,4
54623,83,82,1,1
54624,103,94,9,9
54625,63,60,3,3
54626,58,61,-3,3
54627,79,76,3,3
54628,65,89,-24,24
54629,50,59,-9,9
54630,89,81,8,8
54631,132,119,13,13
54632,91,98,-7,7
54633,79,82,-3,3
54634,89,78,11,11
54635,117,123,-6,6
54636,89,78,11,11
54637,109,112,-3,3
54638,124,120,4,4
54639,97,91,6,6
54640,131,134,-3,3
54641,86,86,0,0
54642,77,77,0,0
54643,96,98,-2,2
54644,94,90,4,4
54645,74,71,3,3
54646,129,125,4,4
54647,104,99,5,5
54648,113,120,-7,7
54649,99,100,-1,1
54650,63,49,14,14
54651,95,93,2,2
54652,68,80,-12,12
54653,194,162,32,32
54654,99,107,-8,8
54655,123,137,-14,14
54656,119,116,3,3
54657,108,96,12,12
54658,66,83,-17,17
54659,60,61,-1,1
54660,58,65,-7,7
54661,183,173,10,10
54662,190,184,6,6
54663,165,146,19,19
54664,80,88,-8,8
54665,166,160,6,6
54666,123,127,-4,4
54667,131,133,-2,2
54668,62,71,-9,9
54669,83,72,11,11
54670,125,111,14,14
54671,103,111,-8,8
54672,101,105,-4,4
54673,95,91,4,4
54674,59,63,-4,4
54675,107,102,5,5
54676,79,64,15,15
54677,87,79,8,8
54678,84,88,-4,4
54679,67,68,-1,1
54680,75,74,1,1
54681,85,79,6,6
54682,89,81,8,8
54683,105,117,-12,12
54684,71,74,-3,3
54685,150,136,14,14
54686,59,61,-2,2
54687,86,84,2,2
54688,85,86,-1,1
54689,110,112,-2,2
54690,76,71,5,5
54691,100,100,0,0
54692,109,98,11,11
54693,110,112,-2,2
54694,97,109,-12,12
54695,109,110,-1,1
54696,188,178,10,10
54697,52,52,0,0
54698,56,60,-4,4
54699,87,85,2,2
54700,72,70,2,2
54701,171,168,3,3
54702,109,102,7,7
54703,86,87,-1,1
54704,140,136,4,4
54705,113,110,3,3
54706,89,88,1,1
54707,102,96,6,6
54708,82,76,6,6
54709,87,85,2,2
54710,85,85,0,0
54711,150,139,11,11
54712,151,132,19,19
54713,65,76,-11,11
54714,150,144,6,6
54715,102,99,3,3
54716,88,84,4,4
54717,108,109,-1,1
54718,38,51,-13,13
54719,123,120,3,3
54720,92,79,13,13
54721,120,117,3,3
54722,108,99,9,9
54723,72,63,9,9
54724,62,62,0,0
54725,105,104,1,1
54726,71,80,-9,9
54727,99,89,10,10
54728,88,89,-1,1
54729,79,86,-7,7
54730,86,87,-1,1
54731,116,103,13,13
54732,74,82,-8,8
54733,93,97,-4,4
54734,198,186,12,12
54735,96,95,1,1
54736,78,73,5,5
54737,57,52,5,5
54738,45,49,-4,4
54739,140,140,0,0
54740,76,73,3,3
54741,88,91,-3,3
54742,127,127,0,0
54743,50,58,-8,8
54744,101,109,-8,8
54745,71,76,-5,5
54746,141,128,13,13
54747,110,116,-6,6
54748,144,136,8,8
54749,114,124,-10,10
54750,66,61,5,5
54751,90,96,-6,6
54752,83,78,5,5
54753,143,131,12,12
54754,81,77,4,4
54755,41,39,2,2
54756,165,162,3,3
54757,92,99,-7,7
54758,43,66,-23,23
54759,84,74,10,10
54760,58,72,-14,14
54761,74,65,9,9
54762,102,83,19,19
54763,62,72,-10,10
54764,115,105,10,10
54765,93,101,-8,8
54766,155,141,14,14
54767,173,176,-3,3
54768,145,141,4,4
54769,75,77,-2,2
54770,116,106,10,10
54771,114,121,-7,7
54772,115,120,-5,5
54773,123,119,4,4
54774,86,98,-12,12
54775,95,88,7,7
54776,59,59,0,0
54777,123,122,1,1
54778,111,114,-3,3
54779,109,127,-18,18
54780,92,88,4,4
54781,118,132,-14,14
54782,42,45,-3,3
54783,65,64,1,1
54784,74,72,2,2
54785,144,149,-5,5
54786,139,133,6,6
54787,71,78,-7,7
54788,66,63,3,3
54789,81,83,-2,2
54790,103,109,-6,6
54791,65,61,4,4
54792,137,150,-13,13
54793,86,93,-7,7
54794,64,46,18,18
54795,96,96,0,0
54796,76,85,-9,9
54797,56,54,2,2
54798,59,63,-4,4
54799,70,70,0,0
54800,79,73,6,6
54801,92,87,5,5
54802,64,69,-5,5
54803,141,146,-5,5
54804,111,114,-3,3
54805,123,108,15,15
54806,55,61,-6,6
54807,58,56,2,2
54808,105,87,18,18
54809,124,111,13,13
54810,76,69,7,7
54811,72,87,-15,15
54812,68,75,-7,7
54813,39,44,-5,5
54814,83,75,8,8
54815,90,87,3,3
54816,84,69,15,15
54817,131,116,15,15
54818,100,93,7,7
54819,68,72,-4,4
54820,199,182,17,17
54821,111,108,3,3
54822,63,58,5,5
54823,112,112,0,0
54824,58,60,-2,2
54825,167,163,4,4
54826,167,159,8,8
54827,204,189,15,15
54828,88,88,0,0
54829,112,120,-8,8
54830,109,111,-2,2
54831,74,63,11,11
54832,118,121,-3,3
54833,114,115,-1,1
54834,52,51,1,1
54835,79,76,3,3
54836,63,60,3,3
54837,34,42,-8,8
54838,75,75,0,0
54839,66,64,2,2
54840,165,174,-9,9
54841,140,106,34,34
54842,68,69,-1,1
54843,119,112,7,7
54844,109,106,3,3
54845,79,76,3,3
54846,96,83,13,13
54847,96,92,4,4
54848,58,53,5,5
54849,99,98,1,1
54850,68,70,-2,2
54851,61,64,-3,3
54852,89,92,-3,3
54853,135,128,7,7
54854,60,59,1,1
54855,92,91,1,1
54856,84,76,8,8
54857,84,89,-5,5
54858,94,92,2,2
54859,101,111,-10,10
54860,119,116,3,3
54861,139,150,-11,11
54862,84,84,0,0
54863,204,163,41,41
54864,97,98,-1,1
54865,79,85,-6,6
54866,101,103,-2,2
54867,86,80,6,6
54868,84,77,7,7
54869,67,67,0,0
54870,98,99,-1,1
54871,79,79,0,0
54872,90,75,15,15
54873,62,64,-2,2
54874,65,64,1,1
54875,62,71,-9,9
54876,41,43,-2,2
54877,140,127,13,13
54878,167,156,11,11
54879,129,129,0,0
54880,170,191,-21,21
54881,76,78,-2,2
54882,88,85,3,3
54883,57,52,5,5
54884,55,54,1,1
54885,81,75,6,6
54886,142,132,10,10
54887,118,110,8,8
54888,66,61,5,5
54889,61,70,-9,9
54890,97,98,-1,1
54891,88,84,4,4
54892,101,101,0,0
54893,64,77,-13,13
54894,116,113,3,3
54895,90,84,6,6
54896,87,97,-10,10
54897,98,89,9,9
54898,111,113,-2,2
54899,67,63,4,4
54900,51,58,-7,7
54901,123,125,-2,2
54902,59,61,-2,2
54903,67,65,2,2
54904,48,50,-2,2
54905,52,62,-10,10
54906,180,188,-8,8
54907,61,64,-3,3
54908,162,153,9,9
54909,76,75,1,1
54910,57,61,-4,4
54911,90,85,5,5
54912,55,64,-9,9
54913,103,111,-8,8
54914,72,79,-7,7
54915,70,56,14,14
54916,154,140,14,14
54917,113,115,-2,2
54918,108,96,12,12
54919,50,64,-14,14
54920,45,62,-17,17
54921,71,60,11,11
54922,132,127,5,5
54923,164,158,6,6
54924,100,100,0,0
54925,46,42,4,4
54926,85,80,5,5
54927,88,82,6,6
54928,107,111,-4,4
54929,84,82,2,2
54930,48,51,-3,3
54931,98,99,-1,1
54932,154,148,6,6
54933,115,115,0,0
54934,69,71,-2,2
54935,47,50,-3,3
54936,79,72,7,7
54937,74,67,7,7
54938,77,81,-4,4
54939,52,59,-7,7
54940,146,143,3,3
54941,74,80,-6,6
54942,122,116,6,6
54943,83,105,-22,22
54944,134,107,27,27
54945,113,123,-10,10
54946,113,107,6,6
54947,100,114,-14,14
54948,77,76,1,1
54949,91,86,5,5
54950,112,148,-36,36
54951,109,100,9,9
54952,97,89,8,8
54953,156,155,1,1
54954,128,121,7,7
54955,88,87,1,1
54956,68,67,1,1
54957,69,70,-1,1
54958,137,138,-1,1
54959,68,80,-12,12
54960,65,66,-1,1
54961,93,87,6,6
54962,58,55,3,3
54963,55,61,-6,6
54964,121,116,5,5
54965,133,134,-1,1
54966,50,52,-2,2
54967,228,213,15,15
54968,101,92,9,9
54969,51,49,2,2
54970,89,89,0,0
54971,63,73,-10,10
54972,70,77,-7,7
54973,41,39,2,2
54974,114,111,3,3
54975,65,69,-4,4
54976,83,86,-3,3
54977,61,59,2,2
54978,68,68,0,0
54979,107,105,2,2
54980,70,143,-73,73
54981,122,107,15,15
54982,44,46,-2,2
54983,138,141,-3,3
54984,178,178,0,0
54985,94,89,5,5
54986,107,93,14,14
54987,63,62,1,1
54988,84,95,-11,11
54989,124,115,9,9
54990,68,83,-15,15
54991,78,82,-4,4
54992,177,173,4,4
54993,49,57,-8,8
54994,60,58,2,2
54995,63,72,-9,9
54996,39,64,-25,25
54997,88,90,-2,2
54998,150,149,1,1
54999,105,102,3,3
55000,88,84,4,4
55001,58,62,-4,4
55002,47,48,-1,1
55003,135,124,11,11
55004,101,95,6,6
55005,61,60,1,1
55006,114,103,11,11
55007,75,68,7,7
55008,88,79,9,9
55009,69,67,2,2
55010,95,87,8,8
55011,120,137,-17,17
55012,148,161,-13,13
55013,80,78,2,2
55014,54,54,0,0
55015,85,83,2,2
55016,123,93,30,30
55017,101,102,-1,1
55018,108,115,-7,7
55019,62,64,-2,2
55020,68,85,-17,17
55021,55,59,-4,4
55022,103,105,-2,2
55023,115,108,7,7
55024,94,92,2,2
55025,77,76,1,1
55026,146,133,13,13
55027,62,68,-6,6
55028,57,58,-1,1
55029,204,194,10,10
55030,52,65,-13,13
55031,111,129,-18,18
55032,67,63,4,4
55033,116,110,6,6
55034,168,168,0,0
55035,47,50,-3,3
55036,75,71,4,4
55037,92,87,5,5
55038,139,144,-5,5
55039,130,143,-13,13
55040,118,106,12,12
55041,72,76,-4,4
55042,90,98,-8,8
55043,104,82,22,22
55044,99,104,-5,5
55045,98,95,3,3
55046,84,87,-3,3
55047,106,88,18,18
55048,69,66,3,3
55049,72,76,-4,4
55050,86,85,1,1
55051,122,113,9,9
55052,103,91,12,12
55053,113,116,-3,3
55054,70,60,10,10
55055,73,88,-15,15
55056,79,74,5,5
55057,102,92,10,10
55058,79,78,1,1
55059,67,64,3,3
55060,61,60,1,1
55061,78,86,-8,8
55062,83,77,6,6
55063,91,83,8,8
55064,49,53,-4,4
55065,64,62,2,2
55066,76,78,-2,2
55067,155,154,1,1
55068,90,88,2,2
55069,78,116,-38,38
55070,67,74,-7,7
55071,112,108,4,4
55072,90,87,3,3
55073,98,103,-5,5
55074,93,91,2,2
55075,103,103,0,0
55076,64,64,0,0
55077,94,98,-4,4
55078,58,61,-3,3
55079,76,82,-6,6
55080,153,147,6,6
55081,96,85,11,11
55082,151,154,-3,3
55083,60,67,-7,7
55084,87,79,8,8
55085,30,43,-13,13
55086,83,73,10,10
55087,107,115,-8,8
55088,114,104,10,10
55089,74,74,0,0
55090,99,112,-13,13
55091,120,119,1,1
55092,89,86,3,3
55093,215,205,10,10
55094,53,51,2,2
55095,74,74,0,0
55096,112,106,6,6
55097,76,79,-3,3
55098,69,68,1,1
55099,146,138,8,8
55100,92,88,4,4
55101,72,71,1,1
55102,184,177,7,7
55103,50,49,1,1
55104,82,75,7,7
55105,90,87,3,3
55106,152,136,16,16
55107,41,57,-16,16
55108,149,144,5,5
55109,83,81,2,2
55110,45,60,-15,15
55111,225,211,14,14
55112,169,157,12,12
55113,44,50,-6,6
55114,118,123,-5,5
55115,108,102,6,6
55116,125,117,8,8
55117,124,125,-1,1
55118,65,83,-18,18
55119,164,151,13,13
55120,138,136,2,2
55121,87,83,4,4
55122,51,58,-7,7
55123,98,105,-7,7
55124,64,63,1,1
55125,63,70,-7,7
55126,101,100,1,1
55127,90,81,9,9
55128,104,97,7,7
55129,140,134,6,6
55130,121,111,10,10
55131,107,104,3,3
55132,85,87,-2,2
55133,116,115,1,1
55134,55,61,-6,6
55135,74,84,-10,10
55136,178,145,33,33
55137,134,118,16,16
55138,62,65,-3,3
55139,113,108,5,5
55140,75,68,7,7
55141,84,82,2,2
55142,88,79,9,9
55143,68,77,-9,9
55144,46,47,-1,1
55145,150,168,-18,18
55146,99,85,14,14
55147,108,102,6,6
55148,118,81,37,37
55149,48,59,-11,11
55150,104,92,12,12
55151,73,60,13,13
55152,109,100,9,9
55153,62,61,1,1
55154,91,76,15,15
55155,119,119,0,0
55156,157,153,4,4
55157,117,112,5,5
55158,60,64,-4,4
55159,90,87,3,3
55160,102,100,2,2
55161,100,90,10,10
55162,99,99,0,0
55163,108,96,12,12
55164,90,82,8,8
55165,120,118,2,2
55166,97,96,1,1
55167,78,78,0,0
55168,105,102,3,3
55169,160,150,10,10
55170,143,134,9,9
55171,112,115,-3,3
55172,152,156,-4,4
55173,153,145,8,8
55174,65,62,3,3
55175,66,68,-2,2
55176,63,67,-4,4
55177,55,80,-25,25
55178,75,71,4,4
55179,91,82,9,9
55180,81,77,4,4
55181,138,129,9,9
55182,120,112,8,8
55183,86,82,4,4
55184,75,75,0,0
55185,15,30,-15,15
55186,71,70,1,1
55187,158,149,9,9
55188,102,88,14,14
55189,58,59,-1,1
55190,54,48,6,6
55191,77,82,-5,5
55192,82,78,4,4
55193,69,67,2,2
55194,92,97,-5,5
55195,132,134,-2,2
55196,109,109,0,0
55197,192,177,15,15
55198,62,60,2,2
55199,41,46,-5,5
55200,120,117,3,3
55201,82,82,0,0
55202,116,110,6,6
55203,44,56,-12,12
55204,87,80,7,7
55205,63,72,-9,9
55206,75,81,-6,6
55207,106,98,8,8
55208,198,189,9,9
55209,87,77,10,10
55210,45,44,1,1
55211,95,91,4,4
55212,128,122,6,6
55213,72,69,3,3
55214,80,87,-7,7
55215,144,150,-6,6
55216,83,78,5,5
55217,138,135,3,3
55218,107,96,11,11
55219,42,46,-4,4
55220,105,105,0,0
55221,129,123,6,6
55222,78,77,1,1
55223,157,142,15,15
55224,135,132,3,3
55225,38,39,-1,1
55226,174,163,11,11
55227,83,82,1,1
55228,79,74,5,5
55229,172,167,5,5
55230,76,62,14,14
55231,106,93,13,13
55232,102,105,-3,3
55233,60,71,-11,11
55234,160,148,12,12
55235,58,59,-1,1
55236,66,70,-4,4
55237,93,88,5,5
55238,97,89,8,8
55239,99,106,-7,7
55240,232,227,5,5
55241,111,107,4,4
55242,57,65,-8,8
55243,92,107,-15,15
55244,70,63,7,7
55245,58,67,-9,9
55246,58,52,6,6
55247,80,82,-2,2
55248,119,112,7,7
55249,111,105,6,6
55250,73,73,0,0
55251,72,65,7,7
55252,98,92,6,6
55253,114,117,-3,3
55254,115,110,5,5
55255,180,61,119,119
55256,137,148,-11,11
55257,106,93,13,13
55258,116,114,2,2
55259,161,152,9,9
55260,53,55,-2,2
55261,160,149,11,11
55262,105,109,-4,4
55263,85,85,0,0
55264,137,140,-3,3
55265,78,82,-4,4
55266,152,156,-4,4
55267,107,97,10,10
55268,61,61,0,0
55269,113,102,11,11
55270,145,145,0,0
55271,125,114,11,11
55272,63,63,0,0
55273,83,87,-4,4
55274,139,122,17,17
55275,79,75,4,4
55276,136,135,1,1
55277,77,76,1,1
55278,101,91,10,10
55279,54,56,-2,2
55280,103,101,2,2
55281,84,84,0,0
55282,62,66,-4,4
55283,149,155,-6,6
55284,52,51,1,1
55285,143,143,0,0
55286,185,179,6,6
55287,121,111,10,10
55288,93,106,-13,13
55289,89,87,2,2
55290,71,71,0,0
55291,96,89,7,7
55292,92,77,15,15
55293,132,128,4,4
55294,110,114,-4,4
55295,81,82,-1,1
55296,138,134,4,4
55297,121,127,-6,6
55298,136,126,10,10
55299,108,117,-9,9
55300,102,98,4,4
55301,107,118,-11,11
55302,123,117,6,6
55303,78,75,3,3
55304,123,129,-6,6
55305,191,174,17,17
55306,83,71,12,12
55307,66,68,-2,2
55308,147,137,10,10
55309,75,68,7,7
55310,142,151,-9,9
55311,54,53,1,1
55312,79,83,-4,4
55313,65,53,12,12
55314,69,73,-4,4
55315,92,91,1,1
55316,116,96,20,20
55317,138,112,26,26
55318,60,66,-6,6
55319,113,113,0,0
55320,107,105,2,2
55321,71,83,-12,12
55322,87,83,4,4
55323,66,72,-6,6
55324,115,116,-1,1
55325,88,87,1,1
55326,59,62,-3,3
55327,109,103,6,6
55328,101,99,2,2
55329,99,89,10,10
55330,84,83,1,1
55331,79,72,7,7
55332,144,126,18,18
55333,74,82,-8,8
55334,67,72,-5,5
55335,79,82,-3,3
55336,69,73,-4,4
55337,64,68,-4,4
55338,74,62,12,12
55339,122,148,-26,26
55340,88,93,-5,5
55341,85,98,-13,13
55342,135,148,-13,13
55343,150,137,13,13
55344,120,118,2,2
55345,85,82,3,3
55346,87,91,-4,4
55347,69,74,-5,5
55348,136,125,11,11
55349,139,115,24,24
55350,81,83,-2,2
55351,88,90,-2,2
55352,117,115,2,2
55353,127,140,-13,13
55354,83,83,0,0
55355,53,52,1,1
55356,41,39,2,2
55357,97,98,-1,1
55358,169,167,2,2
55359,112,100,12,12
55360,38,44,-6,6
55361,84,80,4,4
55362,67,69,-2,2
55363,92,85,7,7
55364,110,105,5,5
55365,88,98,-10,10
55366,78,75,3,3
55367,84,91,-7,7
55368,69,72,-3,3
55369,99,94,5,5
55370,101,112,-11,11
55371,86,83,3,3
55372,102,106,-4,4
55373,60,60,0,0
55374,54,55,-1,1
55375,111,118,-7,7
55376,138,132,6,6
55377,82,73,9,9
55378,96,112,-16,16
55379,62,65,-3,3
55380,161,160,1,1
55381,73,76,-3,3
55382,92,86,6,6
55383,115,116,-1,1
55384,150,144,6,6
55385,78,80,-2,2
55386,93,88,5,5
55387,80,77,3,3
55388,88,100,-12,12
55389,89,88,1,1
55390,107,106,1,1
55391,76,67,9,9
55392,115,122,-7,7
55393,96,96,0,0
55394,119,116,3,3
55395,56,60,-4,4
55396,100,121,-21,21
55397,101,93,8,8
55398,89,82,7,7
55399,75,82,-7,7
55400,106,103,3,3
55401,68,68,0,0
55402,69,62,7,7
55403,83,75,8,8
55404,85,91,-6,6
55405,130,129,1,1
55406,64,65,-1,1
55407,44,53,-9,9
55408,83,72,11,11
55409,54,92,-38,38
55410,130,117,13,13
55411,91,94,-3,3
55412,59,78,-19,19
55413,109,98,11,11
55414,145,152,-7,7
55415,65,60,5,5
55416,50,49,1,1
55417,147,137,10,10
55418,90,92,-2,2
55419,143,146,-3,3
55420,97,95,2,2
55421,111,108,3,3
55422,63,60,3,3
55423,70,83,-13,13
55424,109,93,16,16
55425,108,117,-9,9
55426,149,144,5,5
55427,98,96,2,2
55428,137,135,2,2
55429,45,46,-1,1
55430,95,91,4,4
55431,59,73,-14,14
55432,71,66,5,5
55433,117,120,-3,3
55434,73,76,-3,3
55435,80,81,-1,1
55436,168,144,24,24
55437,149,154,-5,5
55438,53,53,0,0
55439,65,68,-3,3
55440,160,146,14,14
55441,83,83,0,0
55442,88,90,-2,2
55443,98,83,15,15
55444,51,54,-3,3
55445,54,60,-6,6
55446,70,76,-6,6
55447,80,81,-1,1
55448,169,147,22,22
55449,109,106,3,3
55450,57,61,-4,4
55451,119,119,0,0
55452,238,218,20,20
55453,132,133,-1,1
55454,78,83,-5,5
55455,88,82,6,6
55456,85,87,-2,2
55457,27,63,-36,36
55458,62,69,-7,7
55459,131,125,6,6
55460,138,129,9,9
55461,43,90,-47,47
55462,58,72,-14,14
55463,76,79,-3,3
55464,72,84,-12,12
55465,121,96,25,25
55466,107,104,3,3
55467,81,80,1,1
55468,49,65,-16,16
55469,113,112,1,1
55470,71,65,6,6
55471,44,46,-2,2
55472,81,78,3,3
55473,73,64,9,9
55474,85,86,-1,1
55475,100,96,4,4
55476,126,115,11,11
55477,96,92,4,4
55478,67,70,-3,3
55479,114,126,-12,12
55480,97,76,21,21
55481,185,163,22,22
55482,55,59,-4,4
55483,177,178,-1,1
55484,85,84,1,1
55485,117,112,5,5
55486,157,148,9,9
55487,129,124,5,5
55488,94,100,-6,6
55489,87,92,-5,5
55490,139,121,18,18
55491,121,121,0,0
55492,65,56,9,9
55493,58,65,-7,7
55494,98,94,4,4
55495,37,37,0,0
55496,63,65,-2,2
55497,193,189,4,4
55498,101,108,-7,7
55499,69,84,-15,15
55500,133,128,5,5
55501,121,106,15,15
55502,91,93,-2,2
55503,85,88,-3,3
55504,67,75,-8,8
55505,117,117,0,0
55506,61,54,7,7
55507,61,62,-1,1
55508,97,106,-9,9
55509,81,83,-2,2
55510,89,94,-5,5
55511,58,63,-5,5
55512,80,73,7,7
55513,96,84,12,12
55514,87,88,-1,1
55515,69,74,-5,5
55516,116,127,-11,11
55517,138,149,-11,11
55518,65,66,-1,1
55519,90,85,5,5
55520,87,84,3,3
55521,102,97,5,5
55522,79,89,-10,10
55523,146,152,-6,6
55524,130,121,9,9
55525,127,112,15,15
55526,96,90,6,6
55527,80,78,2,2
55528,132,131,1,1
55529,115,101,14,14
55530,81,91,-10,10
55531,86,88,-2,2
55532,105,96,9,9
55533,130,131,-1,1
55534,84,85,-1,1
55535,52,95,-43,43
55536,72,66,6,6
55537,82,80,2,2
55538,115,113,2,2
55539,100,97,3,3
55540,102,98,4,4
55541,107,105,2,2
55542,116,115,1,1
55543,61,54,7,7
55544,95,94,1,1
55545,78,73,5,5
55546,78,77,1,1
55547,79,70,9,9
55548,82,85,-3,3
55549,71,73,-2,2
55550,128,121,7,7
55551,89,94,-5,5
55552,115,137,-22,22
55553,83,75,8,8
55554,80,73,7,7
55555,79,98,-19,19
55556,69,81,-12,12
55557,123,117,6,6
55558,67,70,-3,3
55559,135,127,8,8
55560,134,159,-25,25
55561,133,130,3,3
55562,52,54,-2,2
55563,175,167,8,8
55564,95,85,10,10
55565,122,121,1,1
55566,74,71,3,3
55567,73,80,-7,7
55568,53,52,1,1
55569,69,69,0,0
55570,103,114,-11,11
55571,45,47,-2,2
55572,107,106,1,1
55573,49,59,-10,10
55574,132,119,13,13
55575,89,92,-3,3
55576,62,62,0,0
55577,109,107,2,2
55578,81,81,0,0
55579,72,79,-7,7
55580,52,50,2,2
55581,74,77,-3,3
55582,36,43,-7,7
55583,68,72,-4,4
55584,73,75,-2,2
55585,89,87,2,2
55586,63,60,3,3
55587,69,75,-6,6
55588,103,115,-12,12
55589,53,60,-7,7
55590,103,107,-4,4
55591,108,96,12,12
55592,109,161,-52,52
55593,187,187,0,0
55594,69,68,1,1
55595,124,117,7,7
55596,117,120,-3,3
55597,94,94,0,0
55598,44,63,-19,19
55599,120,111,9,9
55600,140,143,-3,3
55601,131,123,8,8
55602,100,106,-6,6
55603,147,148,-1,1
55604,55,48,7,7
55605,126,130,-4,4
55606,84,91,-7,7
55607,81,84,-3,3
55608,110,93,17,17
55609,68,74,-6,6
55610,90,94,-4,4
55611,79,81,-2,2
55612,108,110,-2,2
55613,69,71,-2,2
55614,67,59,8,8
55615,151,156,-5,5
55616,121,114,7,7
55617,67,71,-4,4
55618,100,89,11,11
55619,105,107,-2,2
55620,105,117,-12,12
55621,92,98,-6,6
55622,107,112,-5,5
55623,163,160,3,3
55624,110,105,5,5
55625,115,109,6,6
55626,93,83,10,10
55627,143,137,6,6
55628,105,83,22,22
55629,102,95,7,7
55630,54,52,2,2
55631,117,120,-3,3
55632,94,89,5,5
55633,121,105,16,16
55634,51,49,2,2
55635,93,101,-8,8
55636,136,138,-2,2
55637,75,67,8,8
55638,83,74,9,9
55639,90,85,5,5
55640,110,109,1,1
55641,69,66,3,3
55642,110,108,2,2
55643,78,82,-4,4
55644,85,80,5,5
55645,89,88,1,1
55646,86,101,-15,15
55647,106,113,-7,7
55648,102,102,0,0
55649,52,56,-4,4
55650,207,209,-2,2
55651,93,88,5,5
55652,113,113,0,0
55653,97,96,1,1
55654,80,90,-10,10
55655,118,129,-11,11
55656,90,89,1,1
55657,88,100,-12,12
55658,96,97,-1,1
55659,103,109,-6,6
55660,65,68,-3,3
55661,48,49,-1,1
55662,85,73,12,12
55663,104,103,1,1
55664,54,55,-1,1
55665,89,78,11,11
55666,132,135,-3,3
55667,83,83,0,0
55668,80,81,-1,1
55669,76,80,-4,4
55670,67,62,5,5
55671,89,85,4,4
55672,149,148,1,1
55673,106,115,-9,9
55674,149,149,0,0
55675,52,57,-5,5
55676,58,65,-7,7
55677,70,77,-7,7
55678,78,74,4,4
55679,212,196,16,16
55680,105,97,8,8
55681,101,88,13,13
55682,107,97,10,10
55683,145,143,2,2
55684,77,76,1,1
55685,108,96,12,12
55686,97,96,1,1
55687,90,79,11,11
55688,104,104,0,0
55689,99,95,4,4
55690,94,88,6,6
55691,105,113,-8,8
55692,69,72,-3,3
55693,81,90,-9,9
55694,88,87,1,1
55695,112,116,-4,4
55696,93,94,-1,1
55697,130,130,0,0
55698,145,128,17,17
55699,130,126,4,4
55700,62,82,-20,20
55701,99,98,1,1
55702,67,64,3,3
55703,129,119,10,10
55704,72,72,0,0
55705,96,95,1,1
55706,76,81,-5,5
55707,102,98,4,4
55708,81,78,3,3
55709,157,155,2,2
55710,100,105,-5,5
55711,122,114,8,8
55712,65,66,-1,1
55713,82,74,8,8
55714,95,94,1,1
55715,133,141,-8,8
55716,108,111,-3,3
55717,81,79,2,2
55718,91,89,2,2
55719,134,129,5,5
55720,146,142,4,4
55721,93,94,-1,1
55722,53,52,1,1
55723,108,99,9,9
55724,93,87,6,6
55725,99,91,8,8
55726,158,149,9,9
55727,66,75,-9,9
55728,66,64,2,2
55729,83,88,-5,5
55730,103,97,6,6
55731,54,59,-5,5
55732,144,136,8,8
55733,88,99,-11,11
55734,105,93,12,12
55735,115,109,6,6
55736,125,119,6,6
55737,67,73,-6,6
55738,193,174,19,19
55739,127,103,24,24
55740,29,50,-21,21
55741,86,88,-2,2
55742,121,124,-3,3
55743,94,85,9,9
55744,125,109,16,16
55745,174,177,-3,3
55746,163,157,6,6
55747,128,115,13,13
55748,155,148,7,7
55749,123,133,-10,10
55750,100,96,4,4
55751,80,88,-8,8
55752,121,118,3,3
55753,31,36,-5,5
55754,96,88,8,8
55755,80,75,5,5
55756,83,79,4,4
55757,82,81,1,1
55758,97,100,-3,3
55759,72,73,-1,1
55760,69,72,-3,3
55761,86,85,1,1
55762,73,89,-16,16
55763,100,102,-2,2
55764,66,67,-1,1
55765,83,70,13,13
55766,92,99,-7,7
55767,68,65,3,3
55768,118,123,-5,5
55769,97,119,-22,22
55770,62,66,-4,4
55771,78,73,5,5
55772,48,50,-2,2
55773,98,93,5,5
55774,71,72,-1,1
55775,62,66,-4,4
55776,45,69,-24,24
55777,122,122,0,0
55778,91,86,5,5
55779,71,140,-69,69
55780,68,63,5,5
55781,118,121,-3,3
55782,79,84,-5,5
55783,120,123,-3,3
55784,134,147,-13,13
55785,72,74,-2,2
55786,92,89,3,3
55787,49,65,-16,16
55788,100,101,-1,1
55789,90,97,-7,7
55790,71,71,0,0
55791,83,83,0,0
55792,71,68,3,3
55793,90,96,-6,6
55794,168,168,0,0
55795,68,85,-17,17
55796,50,59,-9,9
55797,59,54,5,5
55798,52,60,-8,8
55799,104,99,5,5
55800,95,98,-3,3
55801,57,66,-9,9
55802,211,211,0,0
55803,58,53,5,5
55804,125,122,3,3
55805,99,96,3,3
55806,88,98,-10,10
55807,182,168,14,14
55808,99,97,2,2
55809,66,59,7,7
55810,169,161,8,8
55811,105,101,4,4
55812,92,94,-2,2
55813,110,106,4,4
55814,111,103,8,8
55815,95,88,7,7
55816,74,72,2,2
55817,135,119,16,16
55818,51,92,-41,41
55819,78,73,5,5
55820,118,109,9,9
55821,118,118,0,0
55822,104,104,0,0
55823,37,49,-12,12
55824,96,93,3,3
55825,93,89,4,4
55826,60,88,-28,28
55827,102,96,6,6
55828,112,113,-1,1
55829,73,81,-8,8
55830,142,133,9,9
55831,67,68,-1,1
55832,69,64,5,5
55833,103,184,-81,81
55834,42,69,-27,27
55835,99,85,14,14
55836,181,167,14,14
55837,94,90,4,4
55838,83,84,-1,1
55839,98,85,13,13
55840,151,136,15,15
55841,149,129,20,20
55842,92,97,-5,5
55843,129,137,-8,8
55844,79,74,5,5
55845,119,128,-9,9
55846,159,154,5,5
55847,63,70,-7,7
55848,74,74,0,0
55849,141,146,-5,5
55850,133,128,5,5
55851,106,100,6,6
55852,180,174,6,6
55853,152,133,19,19
55854,85,81,4,4
55855,118,109,9,9
55856,127,125,2,2
55857,143,149,-6,6
55858,80,87,-7,7
55859,123,123,0,0
55860,131,124,7,7
55861,53,45,8,8
55862,83,74,9,9
55863,97,92,5,5
55864,120,127,-7,7
55865,71,67,4,4
55866,127,112,15,15
55867,68,70,-2,2
55868,79,81,-2,2
55869,104,115,-11,11
55870,139,144,-5,5
55871,143,154,-11,11
55872,102,112,-10,10
55873,75,67,8,8
55874,105,109,-4,4
55875,71,61,10,10
55876,52,49,3,3
55877,73,67,6,6
55878,95,87,8,8
55879,84,80,4,4
55880,77,78,-1,1
55881,63,71,-8,8
55882,80,91,-11,11
55883,111,103,8,8
55884,146,132,14,14
55885,136,146,-10,10
55886,58,60,-2,2
55887,77,72,5,5
55888,74,99,-25,25
55889,157,156,1,1
55890,113,115,-2,2
55891,88,84,4,4
55892,98,99,-1,1
55893,70,73,-3,3
55894,70,80,-10,10
55895,95,91,4,4
55896,113,97,16,16
55897,65,66,-1,1
55898,82,71,11,11
55899,89,93,-4,4
55900,90,82,8,8
55901,75,90,-15,15
55902,73,64,9,9
55903,45,51,-6,6
55904,75,85,-10,10
55905,89,82,7,7
55906,127,113,14,14
55907,189,192,-3,3
55908,132,127,5,5
55909,95,91,4,4
55910,113,104,9,9
55911,81,80,1,1
55912,121,126,-5,5
55913,73,75,-2,2
55914,107,109,-2,2
55915,72,70,2,2
55916,110,118,-8,8
55917,69,68,1,1
55918,149,137,12,12
55919,63,63,0,0
55920,115,109,6,6
55921,105,100,5,5
55922,88,92,-4,4
55923,65,68,-3,3
55924,87,87,0,0
55925,94,102,-8,8
55926,125,125,0,0
55927,93,83,10,10
55928,112,107,5,5
55929,103,87,16,16
55930,117,112,5,5
55931,95,92,3,3
55932,76,72,4,4
55933,94,105,-11,11
55934,50,49,1,1
55935,115,120,-5,5
55936,105,97,8,8
55937,108,100,8,8
55938,141,144,-3,3
55939,102,101,1,1
55940,58,67,-9,9
55941,108,103,5,5
55942,89,83,6,6
55943,71,76,-5,5
55944,59,59,0,0
55945,89,85,4,4
55946,57,57,0,0
55947,106,99,7,7
55948,161,145,16,16
55949,92,87,5,5
55950,66,67,-1,1
55951,82,83,-1,1
55952,84,77,7,7
55953,115,102,13,13
55954,110,110,0,0
55955,135,134,1,1
55956,93,93,0,0
55957,134,152,-18,18
55958,105,95,10,10
55959,79,76,3,3
55960,25,35,-10,10
55961,124,131,-7,7
55962,29,41,-12,12
55963,96,85,11,11
55964,125,124,1,1
55965,52,58,-6,6
55966,101,101,0,0
55967,70,66,4,4
55968,98,91,7,7
55969,77,69,8,8
55970,167,154,13,13
55971,82,82,0,0
55972,91,85,6,6
55973,70,70,0,0
55974,74,70,4,4
55975,121,120,1,1
55976,46,69,-23,23
55977,76,76,0,0
55978,111,119,-8,8
55979,58,54,4,4
55980,65,64,1,1
55981,53,51,2,2
55982,109,116,-7,7
55983,80,83,-3,3
55984,88,89,-1,1
55985,110,108,2,2
55986,98,87,11,11
55987,97,109,-12,12
55988,128,117,11,11
55989,144,139,5,5
55990,82,84,-2,2
55991,131,126,5,5
55992,100,95,5,5
55993,95,95,0,0
55994,108,104,4,4
55995,82,83,-1,1
55996,73,66,7,7
55997,94,100,-6,6
55998,99,109,-10,10
55999,88,84,4,4
56000,157,160,-3,3
56001,75,75,0,0
56002,95,96,-1,1
56003,82,76,6,6
56004,160,170,-10,10
56005,146,141,5,5
56006,166,174,-8,8
56007,76,77,-1,1
56008,139,137,2,2
56009,110,108,2,2
56010,118,127,-9,9
56011,122,115,7,7
56012,50,61,-11,11
56013,59,62,-3,3
56014,112,111,1,1
56015,108,120,-12,12
56016,42,48,-6,6
56017,112,117,-5,5
56018,126,114,12,12
56019,88,93,-5,5
56020,121,106,15,15
56021,83,79,4,4
56022,95,103,-8,8
56023,98,88,10,10
56024,104,104,0,0
56025,66,65,1,1
56026,129,128,1,1
56027,85,76,9,9
56028,101,101,0,0
56029,68,74,-6,6
56030,86,88,-2,2
56031,79,76,3,3
56032,91,92,-1,1
56033,113,122,-9,9
56034,149,143,6,6
56035,76,77,-1,1
56036,107,108,-1,1
56037,110,107,3,3
56038,75,80,-5,5
56039,100,103,-3,3
56040,110,117,-7,7
56041,115,113,2,2
56042,128,127,1,1
56043,177,164,13,13
56044,105,99,6,6
56045,79,145,-66,66
56046,126,124,2,2
56047,135,149,-14,14
56048,66,66,0,0
56049,148,144,4,4
56050,128,125,3,3
56051,106,93,13,13
56052,99,83,16,16
56053,73,65,8,8
56054,64,70,-6,6
56055,98,122,-24,24
56056,111,107,4,4
56057,124,126,-2,2
56058,117,111,6,6
56059,94,92,2,2
56060,86,78,8,8
56061,80,72,8,8
56062,105,112,-7,7
56063,77,82,-5,5
56064,101,97,4,4
56065,118,113,5,5
56066,130,114,16,16
56067,97,96,1,1
56068,77,79,-2,2
56069,76,77,-1,1
56070,122,131,-9,9
56071,116,136,-20,20
56072,67,79,-12,12
56073,109,98,11,11
56074,62,66,-4,4
56075,95,82,13,13
56076,130,125,5,5
56077,49,70,-21,21
56078,64,60,4,4
56079,84,84,0,0
56080,147,128,19,19
56081,121,108,13,13
56082,158,158,0,0
56083,105,95,10,10
56084,99,101,-2,2
56085,108,114,-6,6
56086,159,160,-1,1
56087,87,86,1,1
56088,128,141,-13,13
56089,58,67,-9,9
56090,110,109,1,1
56091,187,181,6,6
56092,87,88,-1,1
56093,143,148,-5,5
56094,84,75,9,9
56095,132,138,-6,6
56096,74,72,2,2
56097,109,112,-3,3
56098,86,105,-19,19
56099,111,105,6,6
56100,49,47,2,2
56101,73,69,4,4
56102,125,137,-12,12
56103,75,72,3,3
56104,78,77,1,1
56105,99,97,2,2
56106,103,111,-8,8
56107,106,98,8,8
56108,57,55,2,2
56109,139,134,5,5
56110,90,82,8,8
56111,67,67,0,0
56112,60,65,-5,5
56113,46,43,3,3
56114,56,65,-9,9
56115,135,127,8,8
56116,52,53,-1,1
56117,102,94,8,8
56118,79,80,-1,1
56119,75,79,-4,4
56120,118,121,-3,3
56121,107,112,-5,5
56122,24,29,-5,5
56123,102,95,7,7
56124,78,80,-2,2
56125,94,82,12,12
56126,109,91,18,18
56127,139,138,1,1
56128,105,108,-3,3
56129,155,149,6,6
56130,53,52,1,1
56131,82,92,-10,10
56132,159,168,-9,9
56133,105,99,6,6
56134,102,103,-1,1
56135,78,76,2,2
56136,67,65,2,2
56137,149,151,-2,2
56138,84,88,-4,4
56139,87,92,-5,5
56140,132,142,-10,10
56141,83,81,2,2
56142,75,71,4,4
56143,99,97,2,2
56144,77,83,-6,6
56145,97,90,7,7
56146,132,111,21,21
56147,105,116,-11,11
56148,105,88,17,17
56149,59,52,7,7
56150,69,65,4,4
56151,120,115,5,5
56152,59,62,-3,3
56153,105,95,10,10
56154,81,79,2,2
56155,156,158,-2,2
56156,62,66,-4,4
56157,63,63,0,0
56158,156,140,16,16
56159,48,138,-90,90
56160,81,79,2,2
56161,78,76,2,2
56162,72,65,7,7
56163,110,106,4,4
56164,76,82,-6,6
56165,82,78,4,4
56166,76,76,0,0
56167,106,102,4,4
56168,109,114,-5,5
56169,96,91,5,5
56170,129,136,-7,7
56171,71,68,3,3
56172,124,136,-12,12
56173,107,107,0,0
56174,97,95,2,2
56175,113,102,11,11
56176,152,145,7,7
56177,91,109,-18,18
56178,78,79,-1,1
56179,158,151,7,7
56180,117,114,3,3
56181,97,97,0,0
56182,83,79,4,4
56183,132,125,7,7
56184,79,81,-2,2
56185,101,104,-3,3
56186,135,127,8,8
56187,96,72,24,24
56188,82,72,10,10
56189,70,78,-8,8
56190,110,103,7,7
56191,141,127,14,14
56192,61,56,5,5
56193,97,91,6,6
56194,119,91,28,28
56195,67,68,-1,1
56196,92,105,-13,13
56197,84,70,14,14
56198,65,70,-5,5
56199,84,88,-4,4
56200,124,112,12,12
56201,135,136,-1,1
56202,146,135,11,11
56203,109,119,-10,10
56204,145,150,-5,5
56205,89,82,7,7
56206,136,132,4,4
56207,85,84,1,1
56208,55,60,-5,5
56209,92,101,-9,9
56210,61,61,0,0
56211,132,122,10,10
56212,65,71,-6,6
56213,112,116,-4,4
56214,107,94,13,13
56215,48,44,4,4
56216,55,56,-1,1
56217,109,107,2,2
56218,136,131,5,5
56219,94,100,-6,6
56220,45,43,2,2
56221,139,126,13,13
56222,72,81,-9,9
56223,156,139,17,17
56224,58,62,-4,4
56225,96,85,11,11
56226,83,81,2,2
56227,94,88,6,6
56228,29,34,-5,5
56229,124,121,3,3
56230,71,75,-4,4
56231,146,135,11,11
56232,97,89,8,8
56233,104,104,0,0
56234,32,43,-11,11
56235,140,133,7,7
56236,57,52,5,5
56237,112,113,-1,1
56238,70,74,-4,4
56239,92,82,10,10
56240,57,65,-8,8
56241,107,114,-7,7
56242,76,75,1,1
56243,81,79,2,2
56244,115,125,-10,10
56245,22,65,-43,43
56246,96,96,0,0
56247,84,94,-10,10
56248,103,98,5,5
56249,126,113,13,13
56250,76,72,4,4
56251,159,149,10,10
56252,74,64,10,10
56253,87,78,9,9
56254,46,53,-7,7
56255,33,40,-7,7
56256,76,64,12,12
56257,98,97,1,1
56258,73,72,1,1
56259,105,97,8,8
56260,51,61,-10,10
56261,94,80,14,14
56262,54,72,-18,18
56263,86,91,-5,5
56264,60,63,-3,3
56265,144,140,4,4
56266,74,61,13,13
56267,90,86,4,4
56268,100,104,-4,4
56269,107,118,-11,11
56270,129,116,13,13
56271,133,126,7,7
56272,70,78,-8,8
56273,101,94,7,7
56274,60,64,-4,4
56275,200,178,22,22
56276,64,61,3,3
56277,143,138,5,5
56278,90,86,4,4
56279,72,65,7,7
56280,85,90,-5,5
56281,136,140,-4,4
56282,94,103,-9,9
56283,135,121,14,14
56284,102,93,9,9
56285,71,81,-10,10
56286,74,77,-3,3
56287,122,132,-10,10
56288,86,85,1,1
56289,40,43,-3,3
56290,109,119,-10,10
56291,113,114,-1,1
56292,110,106,4,4
56293,68,66,2,2
56294,130,134,-4,4
56295,89,92,-3,3
56296,106,105,1,1
56297,98,100,-2,2
56298,71,58,13,13
56299,128,133,-5,5
56300,158,136,22,22
56301,82,79,3,3
56302,42,43,-1,1
56303,67,66,1,1
56304,107,114,-7,7
56305,77,74,3,3
56306,113,120,-7,7
56307,73,72,1,1
56308,189,186,3,3
56309,101,101,0,0
56310,117,133,-16,16
56311,113,115,-2,2
56312,81,76,5,5
56313,113,108,5,5
56314,108,104,4,4
56315,133,143,-10,10
56316,117,117,0,0
56317,119,118,1,1
56318,72,66,6,6
56319,72,87,-15,15
56320,105,106,-1,1
56321,70,66,4,4
56322,66,60,6,6
56323,152,142,10,10
56324,89,85,4,4
56325,20,18,2,2
56326,72,76,-4,4
56327,89,83,6,6
56328,83,89,-6,6
56329,121,139,-18,18
56330,119,111,8,8
56331,101,100,1,1
56332,84,85,-1,1
56333,78,82,-4,4
56334,166,157,9,9
56335,117,115,2,2
56336,141,145,-4,4
56337,123,124,-1,1
56338,162,159,3,3
56339,50,57,-7,7
56340,60,58,2,2
56341,86,91,-5,5
56342,70,77,-7,7
56343,129,130,-1,1
56344,65,69,-4,4
56345,75,82,-7,7
56346,91,71,20,20
56347,55,60,-5,5
56348,82,85,-3,3
56349,102,106,-4,4
56350,74,73,1,1
56351,84,83,1,1
56352,128,121,7,7
56353,91,92,-1,1
56354,120,118,2,2
56355,85,87,-2,2
56356,108,115,-7,7
56357,72,69,3,3
56358,90,85,5,5
56359,85,87,-2,2
56360,112,110,2,2
56361,148,153,-5,5
56362,105,110,-5,5
56363,44,60,-16,16
56364,42,53,-11,11
56365,103,92,11,11
56366,93,84,9,9
56367,63,64,-1,1
56368,169,183,-14,14
56369,65,63,2,2
56370,74,78,-4,4
56371,99,103,-4,4
56372,129,132,-3,3
56373,93,88,5,5
56374,139,137,2,2
56375,64,112,-48,48
56376,93,90,3,3
56377,53,69,-16,16
56378,110,105,5,5
56379,97,92,5,5
56380,170,163,7,7
56381,56,67,-11,11
56382,172,180,-8,8
56383,71,70,1,1
56384,161,150,11,11
56385,130,139,-9,9
56386,101,103,-2,2
56387,107,107,0,0
56388,101,99,2,2
56389,64,73,-9,9
56390,75,73,2,2
56391,128,129,-1,1
56392,80,77,3,3
56393,129,131,-2,2
56394,54,60,-6,6
56395,71,77,-6,6
56396,55,48,7,7
56397,91,95,-4,4
56398,119,113,6,6
56399,94,90,4,4
56400,158,150,8,8
56401,60,66,-6,6
56402,158,161,-3,3
56403,56,50,6,6
56404,121,122,-1,1
56405,79,71,8,8
56406,120,114,6,6
56407,64,79,-15,15
56408,62,80,-18,18
56409,80,77,3,3
56410,135,130,5,5
56411,102,122,-20,20
56412,115,107,8,8
56413,142,147,-5,5
56414,115,130,-15,15
56415,119,125,-6,6
56416,138,137,1,1
56417,97,89,8,8
56418,80,74,6,6
56419,97,97,0,0
56420,111,111,0,0
56421,91,92,-1,1
56422,95,99,-4,4
56423,91,93,-2,2
56424,101,89,12,12
56425,130,131,-1,1
56426,89,92,-3,3
56427,86,96,-10,10
56428,178,167,11,11
56429,168,165,3,3
56430,63,64,-1,1
56431,69,62,7,7
56432,186,173,13,13
56433,143,136,7,7
56434,76,63,13,13
56435,87,92,-5,5
56436,46,51,-5,5
56437,81,81,0,0
56438,43,45,-2,2
56439,125,130,-5,5
56440,190,186,4,4
56441,112,95,17,17
56442,161,160,1,1
56443,119,109,10,10
56444,98,102,-4,4
56445,122,118,4,4
56446,94,93,1,1
56447,68,76,-8,8
56448,103,89,14,14
56449,126,103,23,23
56450,75,76,-1,1
56451,123,110,13,13
56452,81,76,5,5
56453,144,154,-10,10
56454,53,48,5,5
56455,164,151,13,13
56456,60,63,-3,3
56457,117,114,3,3
56458,121,122,-1,1
56459,90,94,-4,4
56460,86,81,5,5
56461,63,67,-4,4
56462,147,138,9,9
56463,103,101,2,2
56464,68,70,-2,2
56465,91,87,4,4
56466,81,70,11,11
56467,71,71,0,0
56468,63,64,-1,1
56469,123,126,-3,3
56470,105,103,2,2
56471,81,85,-4,4
56472,112,121,-9,9
56473,78,78,0,0
56474,85,83,2,2
56475,118,118,0,0
56476,65,63,2,2
56477,127,137,-10,10
56478,83,83,0,0
56479,91,86,5,5
56480,62,65,-3,3
56481,75,78,-3,3
56482,88,94,-6,6
56483,163,161,2,2
56484,48,64,-16,16
56485,93,102,-9,9
56486,85,87,-2,2
56487,142,146,-4,4
56488,93,100,-7,7
56489,73,67,6,6
56490,65,69,-4,4
56491,83,81,2,2
56492,77,78,-1,1
56493,113,110,3,3
56494,121,115,6,6
56495,71,73,-2,2
56496,64,60,4,4
56497,70,79,-9,9
56498,155,154,1,1
56499,59,58,1,1
56500,80,77,3,3
56501,80,83,-3,3
56502,59,60,-1,1
56503,83,72,11,11
56504,68,62,6,6
56505,77,85,-8,8
56506,121,107,14,14
56507,63,73,-10,10
56508,82,82,0,0
56509,145,146,-1,1
56510,63,69,-6,6
56511,124,126,-2,2
56512,83,94,-11,11
56513,175,175,0,0
56514,185,186,-1,1
56515,65,63,2,2
56516,61,60,1,1
56517,76,75,1,1
56518,75,79,-4,4
56519,74,90,-16,16
56520,136,122,14,14
56521,47,64,-17,17
56522,66,55,11,11
56523,131,125,6,6
56524,123,106,17,17
56525,118,117,1,1
56526,58,59,-1,1
56527,89,83,6,6
56528,156,149,7,7
56529,55,61,-6,6
56530,115,105,10,10
56531,111,108,3,3
56532,116,128,-12,12
56533,62,72,-10,10
56534,108,101,7,7
56535,120,128,-8,8
56536,112,115,-3,3
56537,56,64,-8,8
56538,142,145,-3,3
56539,91,82,9,9
56540,86,86,0,0
56541,121,123,-2,2
56542,80,75,5,5
56543,103,108,-5,5
56544,76,79,-3,3
56545,100,128,-28,28
56546,94,92,2,2
56547,117,124,-7,7
56548,84,80,4,4
56549,87,92,-5,5
56550,127,118,9,9
56551,90,110,-20,20
56552,96,88,8,8
56553,56,55,1,1
56554,74,71,3,3
56555,98,90,8,8
56556,107,116,-9,9
56557,125,109,16,16
56558,66,62,4,4
56559,91,96,-5,5
56560,154,166,-12,12
56561,151,134,17,17
56562,77,77,0,0
56563,60,60,0,0
56564,72,77,-5,5
56565,132,119,13,13
56566,74,69,5,5
56567,63,67,-4,4
56568,129,131,-2,2
56569,169,170,-1,1
56570,88,97,-9,9
56571,129,127,2,2
56572,140,136,4,4
56573,80,90,-10,10
56574,94,98,-4,4
56575,49,53,-4,4
56576,145,144,1,1
56577,97,100,-3,3
56578,94,96,-2,2
56579,83,78,5,5
56580,135,134,1,1
56581,103,99,4,4
56582,40,45,-5,5
56583,119,139,-20,20
56584,60,63,-3,3
56585,44,45,-1,1
56586,104,108,-4,4
56587,49,47,2,2
56588,70,93,-23,23
56589,59,63,-4,4
56590,114,124,-10,10
56591,65,62,3,3
56592,60,62,-2,2
56593,121,132,-11,11
56594,115,109,6,6
56595,75,71,4,4
56596,74,70,4,4
56597,103,101,2,2
56598,59,61,-2,2
56599,125,130,-5,5
56600,94,92,2,2
56601,73,69,4,4
56602,54,50,4,4
56603,58,55,3,3
56604,174,174,0,0
56605,46,45,1,1
56606,79,82,-3,3
56607,108,99,9,9
56608,50,62,-12,12
56609,120,108,12,12
56610,159,150,9,9
56611,171,176,-5,5
56612,81,84,-3,3
56613,85,85,0,0
56614,118,137,-19,19
56615,73,77,-4,4
56616,114,108,6,6
56617,77,70,7,7
56618,150,134,16,16
56619,72,75,-3,3
56620,64,85,-21,21
56621,85,99,-14,14
56622,112,116,-4,4
56623,57,56,1,1
56624,101,101,0,0
56625,83,86,-3,3
56626,74,69,5,5
56627,142,133,9,9
56628,111,96,15,15
56629,135,122,13,13
56630,64,67,-3,3
56631,75,66,9,9
56632,188,191,-3,3
56633,63,77,-14,14
56634,124,117,7,7
56635,42,48,-6,6
56636,136,121,15,15
56637,50,49,1,1
56638,87,86,1,1
56639,140,134,6,6
56640,94,97,-3,3
56641,94,92,2,2
56642,61,71,-10,10
56643,86,85,1,1
56644,126,113,13,13
56645,63,62,1,1
56646,82,76,6,6
56647,140,148,-8,8
56648,134,125,9,9
56649,79,78,1,1
56650,126,138,-12,12
56651,101,108,-7,7
56652,103,99,4,4
56653,70,66,4,4
56654,85,75,10,10
56655,84,88,-4,4
56656,58,61,-3,3
56657,139,125,14,14
56658,67,78,-11,11
56659,101,105,-4,4
56660,83,87,-4,4
56661,66,60,6,6
56662,59,59,0,0
56663,77,80,-3,3
56664,53,61,-8,8
56665,130,127,3,3
56666,59,65,-6,6
56667,94,81,13,13
56668,120,114,6,6
56669,108,100,8,8
56670,95,87,8,8
56671,67,64,3,3
56672,103,102,1,1
56673,68,64,4,4
56674,82,75,7,7
56675,111,116,-5,5
56676,78,75,3,3
56677,59,63,-4,4
56678,72,77,-5,5
56679,101,98,3,3
56680,77,82,-5,5
56681,65,63,2,2
56682,64,70,-6,6
56683,57,65,-8,8
56684,95,100,-5,5
56685,68,70,-2,2
56686,137,126,11,11
56687,65,68,-3,3
56688,82,83,-1,1
56689,73,78,-5,5
56690,96,107,-11,11
56691,110,107,3,3
56692,139,136,3,3
56693,87,75,12,12
56694,113,100,13,13
56695,40,38,2,2
56696,81,81,0,0
56697,51,59,-8,8
56698,173,161,12,12
56699,72,81,-9,9
56700,107,105,2,2
56701,112,114,-2,2
56702,125,119,6,6
56703,56,55,1,1
56704,141,129,12,12
56705,150,142,8,8
56706,136,139,-3,3
56707,127,121,6,6
56708,132,141,-9,9
56709,96,89,7,7
56710,35,49,-14,14
56711,86,83,3,3
56712,108,99,9,9
56713,149,142,7,7
56714,103,103,0,0
56715,144,159,-15,15
56716,135,127,8,8
56717,112,107,5,5
56718,86,98,-12,12
56719,54,49,5,5
56720,78,73,5,5
56721,72,69,3,3
56722,87,93,-6,6
56723,79,98,-19,19
56724,109,124,-15,15
56725,120,107,13,13
56726,173,159,14,14
56727,57,64,-7,7
56728,40,42,-2,2
56729,82,87,-5,5
56730,70,77,-7,7
56731,86,89,-3,3
56732,98,97,1,1
56733,134,147,-13,13
56734,45,43,2,2
56735,129,123,6,6
56736,68,74,-6,6
56737,91,83,8,8
56738,113,111,2,2
56739,52,59,-7,7
56740,94,91,3,3
56741,94,101,-7,7
56742,113,112,1,1
56743,128,116,12,12
56744,99,106,-7,7
56745,105,101,4,4
56746,86,106,-20,20
56747,148,146,2,2
56748,138,124,14,14
56749,99,84,15,15
56750,94,96,-2,2
56751,73,76,-3,3
56752,153,140,13,13
56753,95,98,-3,3
56754,118,126,-8,8
56755,129,126,3,3
56756,50,65,-15,15
56757,123,116,7,7
56758,142,141,1,1
56759,123,121,2,2
56760,148,151,-3,3
56761,107,105,2,2
56762,98,103,-5,5
56763,112,114,-2,2
56764,137,130,7,7
56765,106,105,1,1
56766,97,88,9,9
56767,96,100,-4,4
56768,245,193,52,52
56769,115,108,7,7
56770,81,77,4,4
56771,130,115,15,15
56772,86,81,5,5
56773,128,125,3,3
56774,73,72,1,1
56775,110,104,6,6
56776,130,124,6,6
56777,97,97,0,0
56778,80,84,-4,4
56779,91,89,2,2
56780,88,82,6,6
56781,105,105,0,0
56782,75,69,6,6
56783,93,100,-7,7
56784,115,113,2,2
56785,133,126,7,7
56786,142,126,16,16
56787,62,73,-11,11
56788,78,79,-1,1
56789,91,86,5,5
56790,102,96,6,6
56791,109,108,1,1
56792,102,95,7,7
56793,90,83,7,7
56794,135,117,18,18
56795,31,48,-17,17
56796,143,141,2,2
56797,123,118,5,5
56798,102,97,5,5
56799,59,57,2,2
56800,83,86,-3,3
56801,99,95,4,4
56802,50,65,-15,15
56803,168,150,18,18
56804,80,81,-1,1
56805,104,117,-13,13
56806,117,116,1,1
56807,113,121,-8,8
56808,73,97,-24,24
56809,72,72,0,0
56810,144,129,15,15
56811,131,135,-4,4
56812,107,124,-17,17
56813,85,89,-4,4
56814,58,68,-10,10
56815,67,63,4,4
56816,62,60,2,2
56817,63,59,4,4
56818,148,156,-8,8
56819,139,127,12,12
56820,82,87,-5,5
56821,133,129,4,4
56822,70,72,-2,2
56823,99,104,-5,5
56824,115,112,3,3
56825,121,118,3,3
56826,107,112,-5,5
56827,113,101,12,12
56828,61,67,-6,6
56829,80,71,9,9
56830,78,73,5,5
56831,68,63,5,5
56832,122,131,-9,9
56833,109,106,3,3
56834,71,67,4,4
56835,60,64,-4,4
56836,125,118,7,7
56837,68,70,-2,2
56838,114,113,1,1
56839,93,81,12,12
56840,75,81,-6,6
56841,99,102,-3,3
56842,133,131,2,2
56843,78,83,-5,5
56844,45,40,5,5
56845,87,75,12,12
56846,72,77,-5,5
56847,129,125,4,4
56848,93,88,5,5
56849,95,99,-4,4
56850,119,122,-3,3
56851,96,84,12,12
56852,45,46,-1,1
56853,151,145,6,6
56854,75,71,4,4
56855,84,85,-1,1
56856,75,72,3,3
56857,97,138,-41,41
56858,79,83,-4,4
56859,132,127,5,5
56860,108,105,3,3
56861,115,105,10,10
56862,89,97,-8,8
56863,84,84,0,0
56864,132,129,3,3
56865,94,86,8,8
56866,182,186,-4,4
56867,170,159,11,11
56868,93,92,1,1
56869,70,75,-5,5
56870,38,40,-2,2
56871,102,112,-10,10
56872,139,132,7,7
56873,97,108,-11,11
56874,87,86,1,1
56875,86,77,9,9
56876,76,88,-12,12
56877,91,98,-7,7
56878,81,76,5,5
56879,86,78,8,8
56880,90,86,4,4
56881,73,76,-3,3
56882,122,121,1,1
56883,81,78,3,3
56884,182,175,7,7
56885,73,73,0,0
56886,108,105,3,3
56887,70,65,5,5
56888,170,163,7,7
56889,98,94,4,4
56890,83,85,-2,2
56891,89,94,-5,5
56892,79,81,-2,2
56893,77,82,-5,5
56894,82,89,-7,7
56895,79,81,-2,2
56896,165,153,12,12
56897,57,68,-11,11
56898,94,102,-8,8
56899,101,88,13,13
56900,170,182,-12,12
56901,68,75,-7,7
56902,121,115,6,6
56903,137,128,9,9
56904,72,66,6,6
56905,109,106,3,3
56906,81,76,5,5
56907,71,73,-2,2
56908,135,137,-2,2
56909,105,101,4,4
56910,101,94,7,7
56911,71,77,-6,6
56912,93,93,0,0
56913,75,76,-1,1
56914,68,137,-69,69
56915,107,103,4,4
56916,76,73,3,3
56917,127,120,7,7
56918,117,123,-6,6
56919,123,108,15,15
56920,158,165,-7,7
56921,96,93,3,3
56922,44,42,2,2
56923,100,99,1,1
56924,69,72,-3,3
56925,77,85,-8,8
56926,66,72,-6,6
56927,71,63,8,8
56928,117,116,1,1
56929,103,107,-4,4
56930,99,98,1,1
56931,131,130,1,1
56932,50,43,7,7
56933,39,40,-1,1
56934,74,69,5,5
56935,51,51,0,0
56936,91,98,-7,7
56937,104,111,-7,7
56938,76,77,-1,1
56939,126,128,-2,2
56940,79,81,-2,2
56941,88,94,-6,6
56942,103,104,-1,1
56943,156,146,10,10
56944,153,152,1,1
56945,82,81,1,1
56946,69,74,-5,5
56947,85,90,-5,5
56948,90,101,-11,11
56949,118,108,10,10
56950,113,117,-4,4
56951,63,72,-9,9
56952,39,48,-9,9
56953,125,124,1,1
56954,111,133,-22,22
56955,85,81,4,4
56956,69,73,-4,4
56957,164,158,6,6
56958,115,115,0,0
56959,100,116,-16,16
56960,97,97,0,0
56961,76,87,-11,11
56962,109,121,-12,12
56963,122,113,9,9
56964,75,77,-2,2
56965,94,94,0,0
56966,73,67,6,6
56967,138,128,10,10
56968,109,90,19,19
56969,84,91,-7,7
56970,65,61,4,4
56971,97,95,2,2
56972,150,145,5,5
56973,158,159,-1,1
56974,74,73,1,1
56975,64,70,-6,6
56976,102,102,0,0
56977,83,95,-12,12
56978,181,160,21,21
56979,149,137,12,12
56980,67,62,5,5
56981,108,114,-6,6
56982,126,126,0,0
56983,129,122,7,7
56984,123,118,5,5
56985,88,84,4,4
56986,79,87,-8,8
56987,122,106,16,16
56988,88,78,10,10
56989,129,137,-8,8
56990,82,77,5,5
56991,72,73,-1,1
56992,116,108,8,8
56993,93,101,-8,8
56994,82,77,5,5
56995,153,155,-2,2
56996,169,158,11,11
56997,79,90,-11,11
56998,92,90,2,2
56999,123,119,4,4
57000,75,96,-21,21
57001,162,166,-4,4
57002,79,80,-1,1
57003,90,86,4,4
57004,74,85,-11,11
57005,130,129,1,1
57006,128,121,7,7
57007,75,88,-13,13
57008,86,83,3,3
57009,111,112,-1,1
57010,100,95,5,5
57011,57,62,-5,5
57012,126,125,1,1
57013,61,65,-4,4
57014,79,83,-4,4
57015,80,68,12,12
57016,49,55,-6,6
57017,83,81,2,2
57018,65,66,-1,1
57019,76,80,-4,4
57020,99,99,0,0
57021,152,141,11,11
57022,74,78,-4,4
57023,90,98,-8,8
57024,116,126,-10,10
57025,150,149,1,1
57026,98,111,-13,13
57027,136,127,9,9
57028,109,106,3,3
57029,131,150,-19,19
57030,44,51,-7,7
57031,52,51,1,1
57032,73,73,0,0
57033,160,129,31,31
57034,104,100,4,4
57035,71,66,5,5
57036,52,56,-4,4
57037,69,61,8,8
57038,120,117,3,3
57039,51,43,8,8
57040,65,77,-12,12
57041,93,88,5,5
57042,62,76,-14,14
57043,108,103,5,5
57044,86,90,-4,4
57045,65,72,-7,7
57046,151,153,-2,2
57047,82,90,-8,8
57048,54,52,2,2
57049,57,61,-4,4
57050,87,86,1,1
57051,75,80,-5,5
57052,76,82,-6,6
57053,144,141,3,3
57054,82,82,0,0
57055,70,69,1,1
57056,65,66,-1,1
57057,130,134,-4,4
57058,179,190,-11,11
57059,143,150,-7,7
57060,128,125,3,3
57061,59,56,3,3
57062,141,132,9,9
57063,91,88,3,3
57064,117,109,8,8
57065,103,101,2,2
57066,102,106,-4,4
57067,150,127,23,23
57068,91,84,7,7
57069,82,86,-4,4
57070,72,65,7,7
57071,146,135,11,11
57072,51,52,-1,1
57073,119,125,-6,6
57074,94,94,0,0
57075,113,99,14,14
57076,115,111,4,4
57077,50,51,-1,1
57078,72,90,-18,18
57079,127,123,4,4
57080,67,81,-14,14
57081,76,77,-1,1
57082,96,107,-11,11
57083,137,149,-12,12
57084,189,187,2,2
57085,83,85,-2,2
57086,90,93,-3,3
57087,85,80,5,5
57088,99,99,0,0
57089,88,87,1,1
57090,163,156,7,7
57091,78,82,-4,4
57092,63,60,3,3
57093,87,91,-4,4
57094,81,87,-6,6
57095,117,132,-15,15
57096,86,76,10,10
57097,97,95,2,2
57098,120,120,0,0
57099,61,53,8,8
57100,109,115,-6,6
57101,82,81,1,1
57102,98,88,10,10
57103,100,91,9,9
57104,114,105,9,9
57105,61,63,-2,2
57106,88,93,-5,5
57107,75,77,-2,2
57108,96,96,0,0
57109,125,131,-6,6
57110,216,206,10,10
57111,91,90,1,1
57112,149,173,-24,24
57113,104,95,9,9
57114,69,73,-4,4
57115,65,67,-2,2
57116,116,104,12,12
57117,66,66,0,0
57118,53,53,0,0
57119,61,70,-9,9
57120,106,109,-3,3
57121,118,109,9,9
57122,145,142,3,3
57123,90,83,7,7
57124,76,73,3,3
57125,48,49,-1,1
57126,38,43,-5,5
57127,65,66,-1,1
57128,98,90,8,8
57129,48,60,-12,12
57130,93,95,-2,2
57131,117,122,-5,5
57132,66,68,-2,2
57133,110,97,13,13
57134,121,117,4,4
57135,95,89,6,6
57136,81,79,2,2
57137,48,59,-11,11
57138,80,84,-4,4
57139,136,147,-11,11
57140,55,61,-6,6
57141,110,103,7,7
57142,104,118,-14,14
57143,89,79,10,10
57144,90,100,-10,10
57145,111,110,1,1
57146,85,96,-11,11
57147,113,113,0,0
57148,100,100,0,0
57149,147,134,13,13
57150,86,94,-8,8
57151,76,81,-5,5
57152,164,148,16,16
57153,130,121,9,9
57154,99,90,9,9
57155,40,43,-3,3
57156,175,181,-6,6
57157,148,147,1,1
57158,106,106,0,0
57159,152,157,-5,5
57160,91,97,-6,6
57161,98,92,6,6
57162,51,62,-11,11
57163,88,92,-4,4
57164,89,86,3,3
57165,63,61,2,2
57166,84,84,0,0
57167,75,69,6,6
57168,117,104,13,13
57169,111,112,-1,1
57170,134,152,-18,18
57171,81,88,-7,7
57172,101,107,-6,6
57173,61,59,2,2
57174,116,117,-1,1
57175,77,83,-6,6
57176,121,122,-1,1
57177,101,97,4,4
57178,22,31,-9,9
57179,89,86,3,3
57180,134,136,-2,2
57181,132,138,-6,6
57182,48,49,-1,1
57183,102,100,2,2
57184,90,85,5,5
57185,89,91,-2,2
57186,109,113,-4,4
57187,164,152,12,12
57188,93,95,-2,2
57189,93,97,-4,4
57190,63,73,-10,10
57191,99,99,0,0
57192,72,68,4,4
57193,85,84,1,1
57194,76,81,-5,5
57195,85,84,1,1
57196,125,85,40,40
57197,63,62,1,1
57198,47,53,-6,6
57199,123,125,-2,2
57200,88,100,-12,12
57201,75,72,3,3
57202,78,78,0,0
57203,73,64,9,9
57204,113,128,-15,15
57205,88,86,2,2
57206,91,77,14,14
57207,99,98,1,1
57208,92,100,-8,8
57209,102,106,-4,4
57210,84,87,-3,3
57211,153,150,3,3
57212,117,127,-10,10
57213,61,63,-2,2
57214,81,79,2,2
57215,148,146,2,2
57216,88,72,16,16
57217,109,106,3,3
57218,124,120,4,4
57219,44,58,-14,14
57220,75,71,4,4
57221,107,112,-5,5
57222,74,80,-6,6
57223,75,66,9,9
57224,97,88,9,9
57225,95,87,8,8
57226,72,68,4,4
57227,71,67,4,4
57228,100,99,1,1
57229,110,97,13,13
57230,67,59,8,8
57231,59,59,0,0
57232,162,153,9,9
57233,97,102,-5,5
57234,66,71,-5,5
57235,87,85,2,2
57236,142,137,5,5
57237,77,80,-3,3
57238,61,59,2,2
57239,61,119,-58,58
57240,131,120,11,11
57241,84,90,-6,6
57242,77,83,-6,6
57243,60,61,-1,1
57244,77,82,-5,5
57245,47,52,-5,5
57246,71,79,-8,8
57247,118,123,-5,5
57248,105,118,-13,13
57249,137,130,7,7
57250,48,67,-19,19
57251,81,84,-3,3
57252,105,87,18,18
57253,107,105,2,2
57254,149,143,6,6
57255,88,83,5,5
57256,104,98,6,6
57257,130,112,18,18
57258,118,120,-2,2
57259,50,67,-17,17
57260,113,102,11,11
57261,48,48,0,0
57262,105,107,-2,2
57263,63,71,-8,8
57264,63,64,-1,1
57265,65,71,-6,6
57266,105,108,-3,3
57267,38,41,-3,3
57268,57,64,-7,7
57269,94,89,5,5
57270,87,78,9,9
57271,68,69,-1,1
57272,66,75,-9,9
57273,87,93,-6,6
57274,121,112,9,9
57275,104,97,7,7
57276,124,129,-5,5
57277,158,143,15,15
57278,30,38,-8,8
57279,101,122,-21,21
57280,86,75,11,11
57281,93,91,2,2
57282,123,140,-17,17
57283,102,90,12,12
57284,142,155,-13,13
57285,61,75,-14,14
57286,75,82,-7,7
57287,125,131,-6,6
57288,95,92,3,3
57289,171,163,8,8
57290,96,132,-36,36
57291,123,123,0,0
57292,106,113,-7,7
57293,62,65,-3,3
57294,87,85,2,2
57295,57,59,-2,2
57296,56,48,8,8
57297,124,116,8,8
57298,81,79,2,2
57299,109,96,13,13
57300,165,171,-6,6
57301,171,179,-8,8
57302,104,102,2,2
57303,59,64,-5,5
57304,40,45,-5,5
57305,74,87,-13,13
57306,127,123,4,4
57307,73,83,-10,10
57308,130,123,7,7
57309,47,56,-9,9
57310,59,60,-1,1
57311,156,143,13,13
57312,101,91,10,10
57313,89,74,15,15
57314,95,92,3,3
57315,60,71,-11,11
57316,91,89,2,2
57317,74,73,1,1
57318,160,152,8,8
57319,114,108,6,6
57320,148,145,3,3
57321,80,73,7,7
57322,24,31,-7,7
57323,52,52,0,0
57324,259,235,24,24
57325,44,46,-2,2
57326,149,146,3,3
57327,57,61,-4,4
57328,126,134,-8,8
57329,142,133,9,9
57330,111,117,-6,6
57331,167,163,4,4
57332,76,77,-1,1
57333,69,64,5,5
57334,110,117,-7,7
57335,92,108,-16,16
57336,99,86,13,13
57337,95,96,-1,1
57338,114,105,9,9
57339,91,95,-4,4
57340,104,102,2,2
57341,84,84,0,0
57342,164,150,14,14
57343,44,53,-9,9
57344,75,68,7,7
57345,95,95,0,0
57346,27,39,-12,12
57347,81,82,-1,1
57348,72,75,-3,3
57349,100,92,8,8
57350,131,118,13,13
57351,61,69,-8,8
57352,89,88,1,1
57353,65,70,-5,5
57354,53,66,-13,13
57355,103,112,-9,9
57356,129,127,2,2
57357,114,102,12,12
57358,102,100,2,2
57359,87,93,-6,6
57360,77,67,10,10
57361,72,78,-6,6
57362,71,80,-9,9
57363,67,59,8,8
57364,116,114,2,2
57365,102,94,8,8
57366,83,76,7,7
57367,55,52,3,3
57368,71,86,-15,15
57369,84,77,7,7
57370,98,95,3,3
57371,101,87,14,14
57372,82,72,10,10
57373,117,120,-3,3
57374,126,130,-4,4
57375,66,72,-6,6
57376,81,88,-7,7
57377,189,196,-7,7
57378,90,79,11,11
57379,86,82,4,4
57380,107,101,6,6
57381,117,133,-16,16
57382,54,56,-2,2
57383,81,85,-4,4
57384,85,79,6,6
57385,88,95,-7,7
57386,57,62,-5,5
57387,103,99,4,4
57388,103,96,7,7
57389,95,93,2,2
57390,107,106,1,1
57391,91,88,3,3
57392,111,126,-15,15
57393,200,189,11,11
57394,83,87,-4,4
57395,86,83,3,3
57396,80,84,-4,4
57397,109,115,-6,6
57398,69,68,1,1
57399,78,73,5,5
57400,70,76,-6,6
57401,77,75,2,2
57402,69,64,5,5
57403,96,85,11,11
57404,121,142,-21,21
57405,90,95,-5,5
57406,152,145,7,7
57407,91,86,5,5
57408,89,87,2,2
57409,104,100,4,4
57410,88,74,14,14
57411,113,108,5,5
57412,81,93,-12,12
57413,92,83,9,9
57414,112,104,8,8
57415,113,119,-6,6
57416,119,106,13,13
57417,68,69,-1,1
57418,183,161,22,22
57419,154,143,11,11
57420,115,119,-4,4
57421,173,193,-20,20
57422,108,102,6,6
57423,124,131,-7,7
57424,71,64,7,7
57425,84,78,6,6
57426,80,87,-7,7
57427,90,101,-11,11
57428,74,68,6,6
57429,89,78,11,11
57430,81,92,-11,11
57431,100,88,12,12
57432,136,135,1,1
57433,55,56,-1,1
57434,105,107,-2,2
57435,77,72,5,5
57436,192,191,1,1
57437,99,91,8,8
57438,90,86,4,4
57439,134,125,9,9
57440,113,110,3,3
57441,90,84,6,6
57442,150,137,13,13
57443,52,54,-2,2
57444,102,100,2,2
57445,55,49,6,6
57446,110,108,2,2
57447,57,59,-2,2
57448,57,61,-4,4
57449,97,93,4,4
57450,117,122,-5,5
57451,83,86,-3,3
57452,121,114,7,7
57453,58,64,-6,6
57454,101,98,3,3
57455,63,64,-1,1
57456,105,105,0,0
57457,94,89,5,5
57458,138,135,3,3
57459,62,61,1,1
57460,113,116,-3,3
57461,50,58,-8,8
57462,90,90,0,0
57463,135,137,-2,2
57464,68,62,6,6
57465,94,93,1,1
57466,63,64,-1,1
57467,179,162,17,17
57468,78,73,5,5
57469,197,178,19,19
57470,124,127,-3,3
57471,115,128,-13,13
57472,105,101,4,4
57473,135,137,-2,2
57474,59,61,-2,2
57475,75,87,-12,12
57476,131,127,4,4
57477,125,128,-3,3
57478,82,93,-11,11
57479,193,187,6,6
57480,23,34,-11,11
57481,67,63,4,4
57482,204,195,9,9
57483,78,84,-6,6
57484,95,103,-8,8
57485,143,143,0,0
57486,69,68,1,1
57487,78,74,4,4
57488,185,184,1,1
57489,60,62,-2,2
57490,93,83,10,10
57491,49,49,0,0
57492,151,135,16,16
57493,93,90,3,3
57494,109,98,11,11
57495,58,58,0,0
57496,132,116,16,16
57497,85,78,7,7
57498,118,101,17,17
57499,69,74,-5,5
57500,76,80,-4,4
57501,68,74,-6,6
57502,68,69,-1,1
57503,103,115,-12,12
57504,116,111,5,5
57505,189,167,22,22
57506,64,69,-5,5
57507,54,49,5,5
57508,99,105,-6,6
57509,140,129,11,11
57510,52,52,0,0
57511,144,142,2,2
57512,96,95,1,1
57513,60,80,-20,20
57514,131,132,-1,1
57515,101,112,-11,11
57516,21,65,-44,44
57517,77,76,1,1
57518,94,96,-2,2
57519,64,62,2,2
57520,77,65,12,12
57521,89,88,1,1
57522,68,67,1,1
57523,100,83,17,17
57524,94,89,5,5
57525,99,93,6,6
57526,104,107,-3,3
57527,76,75,1,1
57528,41,47,-6,6
57529,89,78,11,11
57530,159,138,21,21
57531,145,128,17,17
57532,89,79,10,10
57533,117,122,-5,5
57534,56,65,-9,9
57535,112,106,6,6
57536,59,54,5,5
57537,54,53,1,1
57538,83,77,6,6
57539,70,74,-4,4
57540,64,63,1,1
57541,134,133,1,1
57542,107,121,-14,14
57543,81,83,-2,2
57544,117,122,-5,5
57545,123,127,-4,4
57546,114,101,13,13
57547,173,162,11,11
57548,79,69,10,10
57549,117,106,11,11
57550,32,40,-8,8
57551,87,85,2,2
57552,189,186,3,3
57553,70,77,-7,7
57554,155,136,19,19
57555,81,83,-2,2
57556,168,166,2,2
57557,114,111,3,3
57558,153,162,-9,9
57559,124,113,11,11
57560,51,46,5,5
57561,105,111,-6,6
57562,101,117,-16,16
57563,86,88,-2,2
57564,129,123,6,6
57565,122,114,8,8
57566,149,139,10,10
57567,85,82,3,3
57568,73,70,3,3
57569,66,70,-4,4
57570,180,159,21,21
57571,33,44,-11,11
57572,70,74,-4,4
57573,101,115,-14,14
57574,89,97,-8,8
57575,120,121,-1,1
57576,121,115,6,6
57577,91,94,-3,3
57578,90,89,1,1
57579,121,119,2,2
57580,154,159,-5,5
57581,110,107,3,3
57582,65,59,6,6
57583,107,126,-19,19
57584,141,135,6,6
57585,61,64,-3,3
57586,119,119,0,0
57587,135,139,-4,4
57588,185,163,22,22
57589,46,49,-3,3
57590,89,90,-1,1
57591,134,129,5,5
57592,102,97,5,5
57593,138,139,-1,1
57594,104,98,6,6
57595,176,166,10,10
57596,112,106,6,6
57597,135,136,-1,1
57598,119,114,5,5
57599,82,73,9,9
57600,99,101,-2,2
57601,119,110,9,9
57602,98,109,-11,11
57603,96,102,-6,6
57604,90,98,-8,8
57605,81,74,7,7
57606,65,67,-2,2
57607,120,116,4,4
57608,90,84,6,6
57609,80,85,-5,5
57610,81,90,-9,9
57611,78,99,-21,21
57612,82,78,4,4
57613,155,136,19,19
57614,77,76,1,1
57615,116,121,-5,5
57616,78,80,-2,2
57617,69,65,4,4
57618,64,67,-3,3
57619,88,91,-3,3
57620,56,61,-5,5
57621,62,67,-5,5
57622,49,60,-11,11
57623,120,106,14,14
57624,154,149,5,5
57625,86,88,-2,2
57626,61,70,-9,9
57627,66,67,-1,1
57628,145,126,19,19
57629,83,91,-8,8
57630,136,131,5,5
57631,88,98,-10,10
57632,71,85,-14,14
57633,93,87,6,6
57634,97,94,3,3
57635,94,87,7,7
57636,97,98,-1,1
57637,57,67,-10,10
57638,142,142,0,0
57639,119,115,4,4
57640,87,95,-8,8
57641,131,138,-7,7
57642,119,125,-6,6
57643,76,73,3,3
57644,55,50,5,5
57645,106,100,6,6
57646,70,77,-7,7
57647,103,101,2,2
57648,96,82,14,14
57649,150,150,0,0
57650,128,133,-5,5
57651,38,44,-6,6
57652,65,81,-16,16
57653,79,73,6,6
57654,96,88,8,8
57655,88,85,3,3
57656,185,200,-15,15
57657,81,78,3,3
57658,151,140,11,11
57659,94,98,-4,4
57660,72,72,0,0
57661,110,105,5,5
57662,109,102,7,7
57663,80,71,9,9
57664,68,71,-3,3
57665,111,99,12,12
57666,67,72,-5,5
57667,95,91,4,4
57668,114,116,-2,2
57669,51,53,-2,2
57670,111,107,4,4
57671,118,105,13,13
57672,157,137,20,20
57673,82,86,-4,4
57674,119,96,23,23
57675,73,73,0,0
57676,88,83,5,5
57677,46,45,1,1
57678,61,59,2,2
57679,81,84,-3,3
57680,117,115,2,2
57681,87,84,3,3
57682,71,61,10,10
57683,70,69,1,1
57684,98,108,-10,10
57685,89,88,1,1
57686,100,90,10,10
57687,124,113,11,11
57688,166,157,9,9
57689,90,82,8,8
57690,43,45,-2,2
57691,175,159,16,16
57692,104,110,-6,6
57693,180,176,4,4
57694,57,53,4,4
57695,36,45,-9,9
57696,144,153,-9,9
57697,136,131,5,5
57698,56,59,-3,3
57699,93,96,-3,3
57700,91,88,3,3
57701,98,99,-1,1
57702,82,64,18,18
57703,101,113,-12,12
57704,113,114,-1,1
57705,53,63,-10,10
57706,55,55,0,0
57707,120,112,8,8
57708,105,100,5,5
57709,71,75,-4,4
57710,78,75,3,3
57711,165,166,-1,1
57712,82,85,-3,3
57713,126,118,8,8
57714,114,108,6,6
57715,143,134,9,9
57716,118,119,-1,1
57717,94,99,-5,5
57718,41,43,-2,2
57719,67,65,2,2
57720,83,80,3,3
57721,119,101,18,18
57722,62,64,-2,2
57723,55,51,4,4
57724,95,94,1,1
57725,91,97,-6,6
57726,68,68,0,0
57727,144,150,-6,6
57728,64,65,-1,1
57729,43,61,-18,18
57730,81,87,-6,6
57731,94,78,16,16
57732,77,76,1,1
57733,167,171,-4,4
57734,51,59,-8,8
57735,117,109,8,8
57736,93,92,1,1
57737,71,72,-1,1
57738,64,69,-5,5
57739,168,158,10,10
57740,98,96,2,2
57741,38,39,-1,1
57742,124,115,9,9
57743,104,113,-9,9
57744,45,44,1,1
57745,36,44,-8,8
57746,82,84,-2,2
57747,120,111,9,9
57748,108,117,-9,9
57749,43,48,-5,5
57750,85,82,3,3
57751,146,138,8,8
57752,82,100,-18,18
57753,115,105,10,10
57754,98,88,10,10
57755,87,82,5,5
57756,124,126,-2,2
57757,86,86,0,0
57758,92,109,-17,17
57759,109,93,16,16
57760,125,119,6,6
57761,140,148,-8,8
57762,84,96,-12,12
57763,66,69,-3,3
57764,131,118,13,13
57765,81,74,7,7
57766,88,84,4,4
57767,143,154,-11,11
57768,74,79,-5,5
57769,118,126,-8,8
57770,56,62,-6,6
57771,61,63,-2,2
57772,112,117,-5,5
57773,119,109,10,10
57774,102,94,8,8
57775,101,124,-23,23
57776,71,72,-1,1
57777,118,117,1,1
57778,119,133,-14,14
57779,83,89,-6,6
57780,133,122,11,11
57781,57,56,1,1
57782,87,84,3,3
57783,6,26,-20,20
57784,76,87,-11,11
57785,124,117,7,7
57786,28,36,-8,8
57787,65,63,2,2
57788,86,73,13,13
57789,111,115,-4,4
57790,59,65,-6,6
57791,94,93,1,1
57792,97,112,-15,15
57793,115,118,-3,3
57794,75,76,-1,1
57795,144,136,8,8
57796,86,97,-11,11
57797,74,75,-1,1
57798,102,104,-2,2
57799,79,74,5,5
57800,99,92,7,7
57801,140,157,-17,17
57802,101,102,-1,1
57803,156,146,10,10
57804,92,87,5,5
57805,70,75,-5,5
57806,59,72,-13,13
57807,116,110,6,6
57808,138,135,3,3
57809,136,140,-4,4
57810,61,65,-4,4
57811,53,56,-3,3
57812,79,73,6,6
57813,90,86,4,4
57814,127,121,6,6
57815,177,154,23,23
57816,110,117,-7,7
57817,129,124,5,5
57818,106,126,-20,20
57819,74,75,-1,1
57820,154,157,-3,3
57821,129,129,0,0
57822,73,74,-1,1
57823,77,86,-9,9
57824,84,88,-4,4
57825,103,98,5,5
57826,90,120,-30,30
57827,109,102,7,7
57828,68,62,6,6
57829,72,65,7,7
57830,105,116,-11,11
57831,65,67,-2,2
57832,95,87,8,8
57833,133,134,-1,1
57834,103,93,10,10
57835,107,113,-6,6
57836,79,76,3,3
57837,116,108,8,8
57838,91,84,7,7
57839,72,84,-12,12
57840,66,85,-19,19
57841,147,141,6,6
57842,90,100,-10,10
57843,192,206,-14,14
57844,98,113,-15,15
57845,105,105,0,0
57846,44,46,-2,2
57847,102,87,15,15
57848,82,89,-7,7
57849,107,104,3,3
57850,102,101,1,1
57851,135,123,12,12
57852,157,144,13,13
57853,61,54,7,7
57854,155,149,6,6
57855,121,129,-8,8
57856,77,72,5,5
57857,142,138,4,4
57858,95,86,9,9
57859,104,99,5,5
57860,77,79,-2,2
57861,135,130,5,5
57862,101,100,1,1
57863,65,63,2,2
57864,108,103,5,5
57865,46,50,-4,4
57866,196,193,3,3
57867,83,79,4,4
57868,92,82,10,10
57869,66,61,5,5
57870,87,79,8,8
57871,76,75,1,1
57872,24,64,-40,40
57873,94,102,-8,8
57874,85,73,12,12
57875,147,195,-48,48
57876,104,114,-10,10
57877,97,93,4,4
57878,159,144,15,15
57879,103,98,5,5
57880,114,117,-3,3
57881,133,135,-2,2
57882,66,67,-1,1
57883,101,104,-3,3
57884,71,64,7,7
57885,85,82,3,3
57886,87,75,12,12
57887,116,97,19,19
57888,88,81,7,7
57889,64,60,4,4
57890,48,46,2,2
57891,55,58,-3,3
57892,61,88,-27,27
57893,86,96,-10,10
57894,56,52,4,4
57895,58,49,9,9
57896,77,79,-2,2
57897,70,72,-2,2
57898,78,85,-7,7
57899,136,128,8,8
57900,69,70,-1,1
57901,68,64,4,4
57902,102,97,5,5
57903,67,66,1,1
57904,82,78,4,4
57905,54,50,4,4
57906,70,79,-9,9
57907,83,75,8,8
57908,129,119,10,10
57909,43,43,0,0
57910,46,60,-14,14
57911,119,120,-1,1
57912,50,50,0,0
57913,76,74,2,2
57914,168,161,7,7
57915,83,82,1,1
57916,116,102,14,14
57917,121,134,-13,13
57918,96,104,-8,8
57919,126,130,-4,4
57920,86,86,0,0
57921,85,77,8,8
57922,93,78,15,15
57923,52,58,-6,6
57924,129,127,2,2
57925,87,81,6,6
57926,38,45,-7,7
57927,61,78,-17,17
57928,77,77,0,0
57929,73,68,5,5
57930,143,149,-6,6
57931,59,63,-4,4
57932,57,62,-5,5
57933,64,68,-4,4
57934,140,135,5,5
57935,109,116,-7,7
57936,91,87,4,4
57937,64,68,-4,4
57938,105,89,16,16
57939,121,109,12,12
57940,65,60,5,5
57941,80,79,1,1
57942,75,71,4,4
57943,90,82,8,8
57944,93,95,-2,2
57945,60,63,-3,3
57946,75,76,-1,1
57947,97,100,-3,3
57948,130,125,5,5
57949,111,103,8,8
57950,82,72,10,10
57951,102,99,3,3
57952,72,69,3,3
57953,180,184,-4,4
57954,71,81,-10,10
57955,92,88,4,4
57956,109,105,4,4
57957,113,105,8,8
57958,117,111,6,6
57959,105,104,1,1
57960,85,80,5,5
57961,75,68,7,7
57962,77,76,1,1
57963,79,78,1,1
57964,106,102,4,4
57965,52,63,-11,11
57966,107,83,24,24
57967,89,91,-2,2
57968,150,147,3,3
57969,84,85,-1,1
57970,78,82,-4,4
57971,124,111,13,13
57972,58,60,-2,2
57973,110,110,0,0
57974,108,112,-4,4
57975,95,107,-12,12
57976,139,127,12,12
57977,92,91,1,1
57978,63,71,-8,8
57979,81,84,-3,3
57980,103,91,12,12
57981,75,71,4,4
57982,75,84,-9,9
57983,125,120,5,5
57984,98,104,-6,6
57985,101,101,0,0
57986,73,83,-10,10
57987,95,91,4,4
57988,120,112,8,8
57989,90,104,-14,14
57990,178,163,15,15
57991,111,117,-6,6
57992,90,90,0,0
57993,91,75,16,16
57994,92,79,13,13
57995,77,78,-1,1
57996,87,83,4,4
57997,121,120,1,1
57998,99,88,11,11
57999,119,125,-6,6
58000,85,95,-10,10
58001,102,103,-1,1
58002,102,97,5,5
58003,68,65,3,3
58004,159,140,19,19
58005,91,76,15,15
58006,85,89,-4,4
58007,77,82,-5,5
58008,136,140,-4,4
58009,182,172,10,10
58010,101,98,3,3
58011,63,59,4,4
58012,89,101,-12,12
58013,78,76,2,2
58014,104,101,3,3
58015,113,110,3,3
58016,88,92,-4,4
58017,87,83,4,4
58018,182,170,12,12
58019,97,94,3,3
58020,123,122,1,1
58021,93,122,-29,29
58022,77,63,14,14
58023,87,83,4,4
58024,71,72,-1,1
58025,60,58,2,2
58026,95,102,-7,7
58027,92,84,8,8
58028,78,73,5,5
58029,84,93,-9,9
58030,153,146,7,7
58031,140,147,-7,7
58032,99,84,15,15
58033,57,59,-2,2
58034,83,89,-6,6
58035,79,76,3,3
58036,87,90,-3,3
58037,85,107,-22,22
58038,80,77,3,3
58039,69,73,-4,4
58040,68,69,-1,1
58041,94,99,-5,5
58042,79,85,-6,6
58043,115,111,4,4
58044,59,61,-2,2
58045,183,190,-7,7
58046,64,67,-3,3
58047,109,104,5,5
58048,54,51,3,3
58049,62,61,1,1
58050,69,82,-13,13
58051,62,54,8,8
58052,71,68,3,3
58053,140,134,6,6
58054,73,72,1,1
58055,124,124,0,0
58056,86,90,-4,4
58057,142,154,-12,12
58058,170,168,2,2
58059,69,67,2,2
58060,124,126,-2,2
58061,123,130,-7,7
58062,104,86,18,18
58063,65,72,-7,7
58064,110,108,2,2
58065,80,72,8,8
58066,66,66,0,0
58067,96,87,9,9
58068,116,121,-5,5
58069,74,69,5,5
58070,59,62,-3,3
58071,64,56,8,8
58072,115,117,-2,2
58073,89,84,5,5
58074,136,121,15,15
58075,51,52,-1,1
58076,73,69,4,4
58077,68,85,-17,17
58078,116,114,2,2
58079,135,142,-7,7
58080,29,41,-12,12
58081,96,81,15,15
58082,38,69,-31,31
58083,170,168,2,2
58084,125,125,0,0
58085,160,148,12,12
58086,108,118,-10,10
58087,144,139,5,5
58088,70,63,7,7
58089,100,98,2,2
58090,62,61,1,1
58091,129,126,3,3
58092,99,92,7,7
58093,93,102,-9,9
58094,108,93,15,15
58095,59,56,3,3
58096,43,62,-19,19
58097,119,111,8,8
58098,71,63,8,8
58099,147,161,-14,14
58100,60,59,1,1
58101,79,90,-11,11
58102,64,68,-4,4
58103,73,74,-1,1
58104,105,107,-2,2
58105,80,78,2,2
58106,79,83,-4,4
58107,90,84,6,6
58108,89,79,10,10
58109,73,71,2,2
58110,113,117,-4,4
58111,78,89,-11,11
58112,63,81,-18,18
58113,142,134,8,8
58114,145,157,-12,12
58115,95,94,1,1
58116,101,101,0,0
58117,126,113,13,13
58118,154,141,13,13
58119,184,159,25,25
58120,116,122,-6,6
58121,84,87,-3,3
58122,129,131,-2,2
58123,74,73,1,1
58124,97,94,3,3
58125,88,108,-20,20
58126,102,105,-3,3
58127,69,68,1,1
58128,73,80,-7,7
58129,77,69,8,8
58130,98,100,-2,2
58131,78,82,-4,4
58132,108,88,20,20
58133,78,80,-2,2
58134,86,96,-10,10
58135,70,66,4,4
58136,70,75,-5,5
58137,78,76,2,2
58138,81,77,4,4
58139,55,62,-7,7
58140,37,44,-7,7
58141,80,79,1,1
58142,68,67,1,1
58143,130,133,-3,3
58144,100,93,7,7
58145,71,76,-5,5
58146,97,95,2,2
58147,147,145,2,2
58148,93,94,-1,1
58149,165,168,-3,3
58150,70,73,-3,3
58151,59,66,-7,7
58152,46,49,-3,3
58153,132,116,16,16
58154,90,74,16,16
58155,208,199,9,9
58156,124,130,-6,6
58157,92,98,-6,6
58158,75,70,5,5
58159,103,98,5,5
58160,47,52,-5,5
58161,72,60,12,12
58162,65,64,1,1
58163,107,112,-5,5
58164,131,133,-2,2
58165,67,80,-13,13
58166,119,116,3,3
58167,63,64,-1,1
58168,153,140,13,13
58169,72,76,-4,4
58170,131,147,-16,16
58171,92,91,1,1
58172,70,67,3,3
58173,93,100,-7,7
58174,48,61,-13,13
58175,75,71,4,4
58176,185,179,6,6
58177,90,84,6,6
58178,53,51,2,2
58179,130,131,-1,1
58180,139,141,-2,2
58181,92,96,-4,4
58182,77,103,-26,26
58183,130,119,11,11
58184,88,78,10,10
58185,68,77,-9,9
58186,144,124,20,20
58187,73,75,-2,2
58188,136,138,-2,2
58189,115,112,3,3
58190,79,84,-5,5
58191,97,97,0,0
58192,70,67,3,3
58193,76,81,-5,5
58194,110,106,4,4
58195,103,113,-10,10
58196,106,103,3,3
58197,82,81,1,1
58198,82,88,-6,6
58199,64,63,1,1
58200,108,110,-2,2
58201,162,154,8,8
58202,64,64,0,0
58203,42,47,-5,5
58204,128,129,-1,1
58205,93,85,8,8
58206,83,78,5,5
58207,75,65,10,10
58208,113,103,10,10
58209,131,126,5,5
58210,70,62,8,8
58211,82,83,-1,1
58212,53,59,-6,6
58213,92,94,-2,2
58214,123,113,10,10
58215,132,127,5,5
58216,71,72,-1,1
58217,83,83,0,0
58218,52,49,3,3
58219,102,99,3,3
58220,51,55,-4,4
58221,90,82,8,8
58222,121,129,-8,8
58223,125,124,1,1
58224,66,62,4,4
58225,99,106,-7,7
58226,71,80,-9,9
58227,103,100,3,3
58228,87,90,-3,3
58229,130,132,-2,2
58230,74,74,0,0
58231,171,160,11,11
58232,146,124,22,22
58233,81,77,4,4
58234,72,61,11,11
58235,81,95,-14,14
58236,58,55,3,3
58237,111,105,6,6
58238,148,145,3,3
58239,76,72,4,4
58240,78,70,8,8
58241,91,94,-3,3
58242,91,92,-1,1
58243,70,71,-1,1
58244,155,137,18,18
58245,89,91,-2,2
58246,55,49,6,6
58247,97,85,12,12
58248,71,70,1,1
58249,134,139,-5,5
58250,85,76,9,9
58251,76,72,4,4
58252,98,107,-9,9
58253,51,55,-4,4
58254,111,104,7,7
58255,59,62,-3,3
58256,112,110,2,2
58257,43,43,0,0
58258,122,111,11,11
58259,62,83,-21,21
58260,57,54,3,3
58261,94,100,-6,6
58262,92,88,4,4
58263,113,120,-7,7
58264,125,118,7,7
58265,98,101,-3,3
58266,58,62,-4,4
58267,110,102,8,8
58268,69,71,-2,2
58269,57,68,-11,11
58270,54,50,4,4
58271,69,68,1,1
58272,84,94,-10,10
58273,81,92,-11,11
58274,72,74,-2,2
58275,120,111,9,9
58276,59,65,-6,6
58277,121,111,10,10
58278,54,62,-8,8
58279,62,64,-2,2
58280,83,77,6,6
58281,85,78,7,7
58282,102,106,-4,4
58283,109,98,11,11
58284,128,139,-11,11
58285,128,115,13,13
58286,155,121,34,34
58287,75,78,-3,3
58288,44,38,6,6
58289,106,106,0,0
58290,122,109,13,13
58291,99,94,5,5
58292,76,80,-4,4
58293,93,86,7,7
58294,59,62,-3,3
58295,115,107,8,8
58296,147,142,5,5
58297,104,108,-4,4
58298,56,59,-3,3
58299,119,117,2,2
58300,92,93,-1,1
58301,55,59,-4,4
58302,70,62,8,8
58303,79,83,-4,4
58304,106,102,4,4
58305,141,127,14,14
58306,142,138,4,4
58307,100,104,-4,4
58308,71,68,3,3
58309,37,42,-5,5
58310,58,58,0,0
58311,107,112,-5,5
58312,104,99,5,5
58313,125,122,3,3
58314,95,128,-33,33
58315,164,155,9,9
58316,45,58,-13,13
58317,86,82,4,4
58318,101,100,1,1
58319,117,113,4,4
58320,85,97,-12,12
58321,60,61,-1,1
58322,141,151,-10,10
58323,101,102,-1,1
58324,113,101,12,12
58325,108,109,-1,1
58326,86,80,6,6
58327,121,111,10,10
58328,165,182,-17,17
58329,58,55,3,3
58330,165,166,-1,1
58331,99,102,-3,3
58332,77,83,-6,6
58333,120,116,4,4
58334,132,122,10,10
58335,138,124,14,14
58336,104,128,-24,24
58337,59,53,6,6
58338,68,63,5,5
58339,76,77,-1,1
58340,81,87,-6,6
58341,126,123,3,3
58342,125,97,28,28
58343,39,38,1,1
58344,103,83,20,20
58345,64,71,-7,7
58346,120,113,7,7
58347,53,52,1,1
58348,81,73,8,8
58349,128,120,8,8
58350,75,77,-2,2
58351,67,59,8,8
58352,158,141,17,17
58353,77,92,-15,15
58354,140,141,-1,1
58355,75,83,-8,8
58356,114,115,-1,1
58357,82,78,4,4
58358,96,98,-2,2
58359,142,127,15,15
58360,84,98,-14,14
58361,84,65,19,19
58362,69,67,2,2
58363,63,61,2,2
58364,83,89,-6,6
58365,136,137,-1,1
58366,107,102,5,5
58367,95,97,-2,2
58368,157,138,19,19
58369,89,89,0,0
58370,85,82,3,3
58371,102,103,-1,1
58372,103,107,-4,4
58373,88,84,4,4
58374,100,94,6,6
58375,69,64,5,5
58376,84,73,11,11
58377,32,41,-9,9
58378,52,52,0,0
58379,156,145,11,11
58380,71,61,10,10
58381,114,116,-2,2
58382,83,85,-2,2
58383,81,83,-2,2
58384,164,144,20,20
58385,109,106,3,3
58386,89,97,-8,8
58387,125,107,18,18
58388,82,74,8,8
58389,73,73,0,0
58390,117,142,-25,25
58391,69,74,-5,5
58392,98,92,6,6
58393,114,102,12,12
58394,86,87,-1,1
58395,112,100,12,12
58396,96,100,-4,4
58397,113,106,7,7
58398,86,93,-7,7
58399,130,126,4,4
58400,80,76,4,4
58401,134,133,1,1
58402,158,158,0,0
58403,59,59,0,0
58404,55,58,-3,3
58405,87,88,-1,1
58406,42,46,-4,4
58407,76,73,3,3
58408,62,59,3,3
58409,119,115,4,4
58410,103,104,-1,1
58411,172,177,-5,5
58412,134,133,1,1
58413,68,64,4,4
58414,62,58,4,4
58415,57,62,-5,5
58416,147,135,12,12
58417,93,89,4,4
58418,116,111,5,5
58419,161,159,2,2
58420,79,94,-15,15
58421,148,147,1,1
58422,118,115,3,3
58423,46,54,-8,8
58424,130,133,-3,3
58425,163,155,8,8
58426,56,59,-3,3
58427,74,69,5,5
58428,66,75,-9,9
58429,84,70,14,14
58430,76,84,-8,8
58431,88,84,4,4
58432,69,69,0,0
58433,60,62,-2,2
58434,75,75,0,0
58435,164,154,10,10
58436,71,83,-12,12
58437,125,101,24,24
58438,86,89,-3,3
58439,62,59,3,3
58440,82,81,1,1
58441,55,58,-3,3
58442,58,78,-20,20
58443,52,57,-5,5
58444,107,100,7,7
58445,82,92,-10,10
58446,118,118,0,0
58447,104,97,7,7
58448,65,63,2,2
58449,148,156,-8,8
58450,104,104,0,0
58451,189,182,7,7
58452,126,127,-1,1
58453,92,89,3,3
58454,122,119,3,3
58455,75,76,-1,1
58456,99,97,2,2
58457,99,97,2,2
58458,154,156,-2,2
58459,89,95,-6,6
58460,145,147,-2,2
58461,81,69,12,12
58462,146,157,-11,11
58463,171,175,-4,4
58464,52,54,-2,2
58465,81,74,7,7
58466,102,96,6,6
58467,137,151,-14,14
58468,43,44,-1,1
58469,93,97,-4,4
58470,62,62,0,0
58471,110,98,12,12
58472,78,71,7,7
58473,112,121,-9,9
58474,64,67,-3,3
58475,52,48,4,4
58476,51,71,-20,20
58477,71,78,-7,7
58478,62,64,-2,2
58479,54,48,6,6
58480,81,64,17,17
58481,156,136,20,20
58482,76,75,1,1
58483,74,65,9,9
58484,63,70,-7,7
58485,59,50,9,9
58486,45,43,2,2
58487,127,107,20,20
58488,110,101,9,9
58489,68,67,1,1
58490,89,87,2,2
58491,64,61,3,3
58492,116,123,-7,7
58493,68,71,-3,3
58494,211,211,0,0
58495,93,87,6,6
58496,79,80,-1,1
58497,84,84,0,0
58498,73,67,6,6
58499,82,77,5,5
58500,80,96,-16,16
58501,75,76,-1,1
58502,83,87,-4,4
58503,123,120,3,3
58504,52,56,-4,4
58505,133,124,9,9
58506,90,87,3,3
58507,70,68,2,2
58508,74,82,-8,8
58509,84,90,-6,6
58510,90,95,-5,5
58511,92,94,-2,2
58512,55,66,-11,11
58513,62,65,-3,3
58514,120,121,-1,1
58515,84,84,0,0
58516,83,74,9,9
58517,95,113,-18,18
58518,79,74,5,5
58519,89,91,-2,2
58520,149,143,6,6
58521,81,111,-30,30
58522,91,95,-4,4
58523,87,75,12,12
58524,76,77,-1,1
58525,45,48,-3,3
58526,226,222,4,4
58527,125,120,5,5
58528,148,165,-17,17
58529,60,61,-1,1
58530,134,133,1,1
58531,165,156,9,9
58532,129,121,8,8
58533,65,60,5,5
58534,89,86,3,3
58535,95,98,-3,3
58536,83,81,2,2
58537,79,72,7,7
58538,111,102,9,9
58539,83,79,4,4
58540,121,120,1,1
58541,97,95,2,2
58542,114,113,1,1
58543,55,52,3,3
58544,118,113,5,5
58545,95,96,-1,1
58546,80,80,0,0
58547,112,116,-4,4
58548,127,121,6,6
58549,140,133,7,7
58550,100,167,-67,67
58551,50,54,-4,4
58552,130,130,0,0
58553,77,76,1,1
58554,86,94,-8,8
58555,117,102,15,15
58556,163,157,6,6
58557,78,74,4,4
58558,118,113,5,5
58559,110,117,-7,7
58560,93,84,9,9
58561,76,88,-12,12
58562,71,61,10,10
58563,85,90,-5,5
58564,39,43,-4,4
58565,77,82,-5,5
58566,57,54,3,3
58567,68,67,1,1
58568,74,72,2,2
58569,80,74,6,6
58570,86,91,-5,5
58571,55,54,1,1
58572,129,108,21,21
58573,181,188,-7,7
58574,71,69,2,2
58575,106,128,-22,22
58576,43,45,-2,2
58577,157,158,-1,1
58578,68,67,1,1
58579,134,128,6,6
58580,137,145,-8,8
58581,71,72,-1,1
58582,48,46,2,2
58583,45,50,-5,5
58584,75,74,1,1
58585,67,79,-12,12
58586,108,96,12,12
58587,81,78,3,3
58588,94,95,-1,1
58589,229,220,9,9
58590,58,61,-3,3
58591,75,76,-1,1
58592,97,116,-19,19
58593,142,141,1,1
58594,196,165,31,31
58595,78,79,-1,1
58596,101,109,-8,8
58597,100,99,1,1
58598,82,74,8,8
58599,100,98,2,2
58600,81,86,-5,5
58601,81,89,-8,8
58602,106,122,-16,16
58603,74,69,5,5
58604,77,89,-12,12
58605,124,120,4,4
58606,35,41,-6,6
58607,76,77,-1,1
58608,106,103,3,3
58609,83,89,-6,6
58610,82,85,-3,3
58611,77,80,-3,3
58612,113,113,0,0
58613,86,82,4,4
58614,115,115,0,0
58615,98,97,1,1
58616,69,76,-7,7
58617,90,94,-4,4
58618,99,91,8,8
58619,59,70,-11,11
58620,109,99,10,10
58621,72,75,-3,3
58622,130,124,6,6
58623,118,117,1,1
58624,113,113,0,0
58625,98,96,2,2
58626,102,93,9,9
58627,142,126,16,16
58628,95,104,-9,9
58629,89,91,-2,2
58630,45,60,-15,15
58631,35,43,-8,8
58632,54,55,-1,1
58633,102,87,15,15
58634,27,30,-3,3
58635,66,64,2,2
58636,35,46,-11,11
58637,115,106,9,9
58638,148,144,4,4
58639,98,90,8,8
58640,115,114,1,1
58641,79,87,-8,8
58642,84,85,-1,1
58643,147,146,1,1
58644,79,75,4,4
58645,62,62,0,0
58646,95,82,13,13
58647,71,73,-2,2
58648,66,68,-2,2
58649,84,84,0,0
58650,142,132,10,10
58651,142,127,15,15
58652,91,89,2,2
58653,102,99,3,3
58654,105,135,-30,30
58655,66,64,2,2
58656,83,86,-3,3
58657,63,63,0,0
58658,66,69,-3,3
58659,109,123,-14,14
58660,71,75,-4,4
58661,92,92,0,0
58662,139,149,-10,10
58663,117,119,-2,2
58664,120,118,2,2
58665,94,113,-19,19
58666,99,98,1,1
58667,58,59,-1,1
58668,129,126,3,3
58669,66,77,-11,11
58670,126,107,19,19
58671,111,117,-6,6
58672,54,56,-2,2
58673,153,129,24,24
58674,82,79,3,3
58675,56,60,-4,4
58676,59,62,-3,3
58677,146,134,12,12
58678,64,65,-1,1
58679,56,52,4,4
58680,60,59,1,1
58681,21,48,-27,27
58682,132,135,-3,3
58683,85,85,0,0
58684,113,110,3,3
58685,81,80,1,1
58686,110,111,-1,1
58687,98,94,4,4
58688,86,87,-1,1
58689,102,97,5,5
58690,129,145,-16,16
58691,89,82,7,7
58692,121,123,-2,2
58693,104,103,1,1
58694,63,71,-8,8
58695,138,150,-12,12
58696,119,138,-19,19
58697,92,87,5,5
58698,113,105,8,8
58699,97,96,1,1
58700,162,155,7,7
58701,41,46,-5,5
58702,112,115,-3,3
58703,124,120,4,4
58704,76,71,5,5
58705,116,120,-4,4
58706,86,83,3,3
58707,69,61,8,8
58708,99,109,-10,10
58709,65,65,0,0
58710,70,80,-10,10
58711,111,96,15,15
58712,79,75,4,4
58713,92,96,-4,4
58714,92,81,11,11
58715,126,127,-1,1
58716,109,103,6,6
58717,65,73,-8,8
58718,79,75,4,4
58719,160,159,1,1
58720,75,80,-5,5
58721,95,89,6,6
58722,97,93,4,4
58723,102,101,1,1
58724,75,70,5,5
58725,119,122,-3,3
58726,31,35,-4,4
58727,137,127,10,10
58728,99,110,-11,11
58729,135,131,4,4
58730,143,144,-1,1
58731,128,126,2,2
58732,135,136,-1,1
58733,56,51,5,5
58734,79,74,5,5
58735,157,141,16,16
58736,103,121,-18,18
58737,147,144,3,3
58738,78,80,-2,2
58739,124,121,3,3
58740,57,65,-8,8
58741,63,81,-18,18
58742,79,76,3,3
58743,87,93,-6,6
58744,105,96,9,9
58745,119,113,6,6
58746,41,44,-3,3
58747,62,67,-5,5
58748,148,156,-8,8
58749,113,105,8,8
58750,236,221,15,15
58751,49,53,-4,4
58752,78,81,-3,3
58753,105,105,0,0
58754,136,129,7,7
58755,93,94,-1,1
58756,55,59,-4,4
58757,87,91,-4,4
58758,67,74,-7,7
58759,113,102,11,11
58760,52,53,-1,1
58761,102,127,-25,25
58762,149,133,16,16
58763,65,73,-8,8
58764,106,99,7,7
58765,88,86,2,2
58766,175,157,18,18
58767,116,124,-8,8
58768,128,127,1,1
58769,86,89,-3,3
58770,154,144,10,10
58771,93,91,2,2
58772,65,93,-28,28
58773,119,119,0,0
58774,81,76,5,5
58775,93,107,-14,14
58776,77,84,-7,7
58777,144,123,21,21
58778,105,103,2,2
58779,111,93,18,18
58780,143,131,12,12
58781,96,94,2,2
58782,86,97,-11,11
58783,78,74,4,4
58784,136,132,4,4
58785,82,79,3,3
58786,91,87,4,4
58787,83,88,-5,5
58788,106,111,-5,5
58789,94,96,-2,2
58790,99,101,-2,2
58791,78,69,9,9
58792,154,146,8,8
58793,77,65,12,12
58794,184,176,8,8
58795,192,182,10,10
58796,77,74,3,3
58797,105,109,-4,4
58798,62,66,-4,4
58799,103,99,4,4
58800,59,60,-1,1
58801,77,71,6,6
58802,155,159,-4,4
58803,90,86,4,4
58804,98,122,-24,24
58805,93,93,0,0
58806,132,133,-1,1
58807,115,113,2,2
58808,67,65,2,2
58809,198,199,-1,1
58810,90,85,5,5
58811,114,112,2,2
58812,108,106,2,2
58813,77,80,-3,3
58814,114,123,-9,9
58815,126,138,-12,12
58816,86,81,5,5
58817,67,69,-2,2
58818,108,104,4,4
58819,92,92,0,0
58820,123,126,-3,3
58821,96,101,-5,5
58822,64,63,1,1
58823,166,159,7,7
58824,218,225,-7,7
58825,89,94,-5,5
58826,76,81,-5,5
58827,69,70,-1,1
58828,122,122,0,0
58829,115,115,0,0
58830,87,110,-23,23
58831,119,114,5,5
58832,95,90,5,5
58833,82,81,1,1
58834,57,62,-5,5
58835,100,104,-4,4
58836,86,79,7,7
58837,101,90,11,11
58838,65,53,12,12
58839,106,103,3,3
58840,75,76,-1,1
58841,142,132,10,10
58842,81,75,6,6
58843,77,78,-1,1
58844,59,59,0,0
58845,130,119,11,11
58846,100,89,11,11
58847,92,96,-4,4
58848,55,60,-5,5
58849,101,126,-25,25
58850,66,64,2,2
58851,108,93,15,15
58852,83,84,-1,1
58853,69,67,2,2
58854,140,130,10,10
58855,87,84,3,3
58856,96,95,1,1
58857,167,146,21,21
58858,72,70,2,2
58859,88,89,-1,1
58860,124,120,4,4
58861,91,98,-7,7
58862,51,50,1,1
58863,87,69,18,18
58864,92,93,-1,1
58865,58,60,-2,2
58866,45,46,-1,1
58867,95,84,11,11
58868,134,123,11,11
58869,91,90,1,1
58870,121,113,8,8
58871,51,47,4,4
58872,58,52,6,6
58873,48,48,0,0
58874,75,79,-4,4
58875,46,55,-9,9
58876,56,59,-3,3
58877,87,82,5,5
58878,47,62,-15,15
58879,88,93,-5,5
58880,112,105,7,7
58881,56,63,-7,7
58882,104,102,2,2
58883,61,55,6,6
58884,96,96,0,0
58885,113,103,10,10
58886,66,61,5,5
58887,153,159,-6,6
58888,115,121,-6,6
58889,100,100,0,0
58890,73,69,4,4
58891,89,73,16,16
58892,101,110,-9,9
58893,82,91,-9,9
58894,89,97,-8,8
58895,94,99,-5,5
58896,93,85,8,8
58897,113,113,0,0
58898,129,128,1,1
58899,68,62,6,6
58900,68,60,8,8
58901,94,90,4,4
58902,157,151,6,6
58903,99,94,5,5
58904,54,61,-7,7
58905,123,114,9,9
58906,94,81,13,13
58907,183,186,-3,3
58908,74,70,4,4
58909,59,58,1,1
58910,173,161,12,12
58911,122,114,8,8
58912,75,75,0,0
58913,77,81,-4,4
58914,63,62,1,1
58915,90,97,-7,7
58916,56,67,-11,11
58917,82,78,4,4
58918,86,103,-17,17
58919,149,147,2,2
58920,108,103,5,5
58921,73,68,5,5
58922,67,70,-3,3
58923,93,94,-1,1
58924,55,51,4,4
58925,108,114,-6,6
58926,118,114,4,4
58927,30,38,-8,8
58928,70,63,7,7
58929,94,94,0,0
58930,84,77,7,7
58931,77,71,6,6
58932,64,59,5,5
58933,103,101,2,2
58934,93,118,-25,25
58935,91,84,7,7
58936,65,66,-1,1
58937,108,100,8,8
58938,117,105,12,12
58939,45,46,-1,1
58940,113,120,-7,7
58941,70,65,5,5
58942,75,94,-19,19
58943,79,78,1,1
58944,59,60,-1,1
58945,59,52,7,7
58946,42,48,-6,6
58947,96,86,10,10
58948,109,103,6,6
58949,95,104,-9,9
58950,126,125,1,1
58951,89,92,-3,3
58952,99,98,1,1
58953,145,149,-4,4
58954,108,103,5,5
58955,84,82,2,2
58956,82,89,-7,7
58957,171,166,5,5
58958,103,92,11,11
58959,118,110,8,8
58960,180,164,16,16
58961,61,65,-4,4
58962,163,146,17,17
58963,135,146,-11,11
58964,152,140,12,12
58965,109,94,15,15
58966,61,64,-3,3
58967,108,111,-3,3
58968,181,190,-9,9
58969,104,111,-7,7
58970,105,100,5,5
58971,68,75,-7,7
58972,116,146,-30,30
58973,144,132,12,12
58974,85,79,6,6
58975,141,148,-7,7
58976,152,159,-7,7
58977,114,119,-5,5
58978,143,137,6,6
58979,155,152,3,3
58980,191,177,14,14
58981,102,92,10,10
58982,77,72,5,5
58983,97,103,-6,6
58984,85,92,-7,7
58985,82,77,5,5
58986,83,75,8,8
58987,64,62,2,2
58988,135,133,2,2
58989,86,80,6,6
58990,59,54,5,5
58991,71,60,11,11
58992,65,62,3,3
58993,134,128,6,6
58994,85,87,-2,2
58995,159,157,2,2
58996,145,150,-5,5
58997,66,67,-1,1
58998,71,78,-7,7
58999,154,135,19,19
59000,159,168,-9,9
59001,50,54,-4,4
59002,95,102,-7,7
59003,81,77,4,4
59004,128,115,13,13
59005,79,78,1,1
59006,93,102,-9,9
59007,156,155,1,1
59008,107,101,6,6
59009,48,48,0,0
59010,49,51,-2,2
59011,52,114,-62,62
59012,43,49,-6,6
59013,166,160,6,6
59014,59,60,-1,1
59015,97,90,7,7
59016,143,154,-11,11
59017,107,117,-10,10
59018,122,120,2,2
59019,77,70,7,7
59020,77,76,1,1
59021,52,51,1,1
59022,70,69,1,1
59023,93,89,4,4
59024,93,108,-15,15
59025,110,116,-6,6
59026,53,58,-5,5
59027,67,63,4,4
59028,185,180,5,5
59029,90,78,12,12
59030,107,104,3,3
59031,148,157,-9,9
59032,119,122,-3,3
59033,95,108,-13,13
59034,112,96,16,16
59035,171,183,-12,12
59036,110,93,17,17
59037,76,85,-9,9
59038,99,94,5,5
59039,94,99,-5,5
59040,107,114,-7,7
59041,73,72,1,1
59042,133,116,17,17
59043,70,78,-8,8
59044,80,70,10,10
59045,149,138,11,11
59046,78,63,15,15
59047,95,92,3,3
59048,79,82,-3,3
59049,42,52,-10,10
59050,73,67,6,6
59051,346,275,71,71
59052,70,67,3,3
59053,75,75,0,0
59054,144,148,-4,4
59055,63,63,0,0
59056,80,79,1,1
59057,124,111,13,13
59058,69,66,3,3
59059,99,95,4,4
59060,140,117,23,23
59061,117,113,4,4
59062,58,60,-2,2
59063,84,83,1,1
59064,47,48,-1,1
59065,86,81,5,5
59066,52,55,-3,3
59067,77,83,-6,6
59068,69,71,-2,2
59069,107,101,6,6
59070,118,107,11,11
59071,81,94,-13,13
59072,109,99,10,10
59073,97,106,-9,9
59074,85,83,2,2
59075,81,74,7,7
59076,65,56,9,9
59077,101,116,-15,15
59078,90,97,-7,7
59079,68,77,-9,9
59080,59,52,7,7
59081,97,97,0,0
59082,104,101,3,3
59083,52,48,4,4
59084,58,60,-2,2
59085,64,69,-5,5
59086,92,90,2,2
59087,179,165,14,14
59088,112,103,9,9
59089,100,111,-11,11
59090,60,59,1,1
59091,102,102,0,0
59092,111,106,5,5
59093,100,90,10,10
59094,80,76,4,4
59095,89,84,5,5
59096,124,130,-6,6
59097,70,68,2,2
59098,85,93,-8,8
59099,79,85,-6,6
59100,74,76,-2,2
59101,66,75,-9,9
59102,75,79,-4,4
59103,83,80,3,3
59104,65,70,-5,5
59105,119,118,1,1
59106,102,100,2,2
59107,81,83,-2,2
59108,77,77,0,0
59109,81,81,0,0
59110,94,93,1,1
59111,103,106,-3,3
59112,104,103,1,1
59113,118,102,16,16
59114,90,77,13,13
59115,71,72,-1,1
59116,114,105,9,9
59117,120,95,25,25
59118,85,79,6,6
59119,79,83,-4,4
59120,49,52,-3,3
59121,74,68,6,6
59122,99,100,-1,1
59123,106,116,-10,10
59124,89,92,-3,3
59125,21,62,-41,41
59126,114,116,-2,2
59127,90,99,-9,9
59128,129,124,5,5
59129,64,60,4,4
59130,44,47,-3,3
59131,150,138,12,12
59132,136,131,5,5
59133,119,125,-6,6
59134,68,71,-3,3
59135,87,90,-3,3
59136,66,72,-6,6
59137,103,103,0,0
59138,117,119,-2,2
59139,111,94,17,17
59140,112,87,25,25
59141,101,97,4,4
59142,143,147,-4,4
59143,81,82,-1,1
59144,180,161,19,19
59145,61,63,-2,2
59146,131,128,3,3
59147,70,72,-2,2
59148,107,109,-2,2
59149,135,123,12,12
59150,92,85,7,7
59151,81,76,5,5
59152,108,103,5,5
59153,90,85,5,5
59154,86,75,11,11
59155,127,118,9,9
59156,47,53,-6,6
59157,130,127,3,3
59158,84,91,-7,7
59159,79,79,0,0
59160,91,90,1,1
59161,120,110,10,10
59162,80,78,2,2
59163,59,65,-6,6
59164,81,91,-10,10
59165,143,145,-2,2
59166,117,99,18,18
59167,143,140,3,3
59168,154,123,31,31
59169,57,60,-3,3
59170,69,64,5,5
59171,44,49,-5,5
59172,84,90,-6,6
59173,96,93,3,3
59174,80,75,5,5
59175,61,82,-21,21
59176,64,75,-11,11
59177,67,70,-3,3
59178,108,101,7,7
59179,87,87,0,0
59180,87,84,3,3
59181,112,101,11,11
59182,147,143,4,4
59183,143,138,5,5
59184,124,112,12,12
59185,160,148,12,12
59186,109,109,0,0
59187,71,63,8,8
59188,138,131,7,7
59189,76,74,2,2
59190,96,89,7,7
59191,94,89,5,5
59192,44,45,-1,1
59193,83,87,-4,4
59194,49,53,-4,4
59195,75,86,-11,11
59196,104,111,-7,7
59197,75,73,2,2
59198,93,90,3,3
59199,96,103,-7,7
59200,81,88,-7,7
59201,80,76,4,4
59202,97,88,9,9
59203,65,72,-7,7
59204,46,53,-7,7
59205,79,79,0,0
59206,88,89,-1,1
59207,62,75,-13,13
59208,84,71,13,13
59209,70,71,-1,1
59210,129,135,-6,6
59211,104,74,30,30
59212,116,123,-7,7
59213,126,122,4,4
59214,95,99,-4,4
59215,66,66,0,0
59216,81,77,4,4
59217,133,113,20,20
59218,95,100,-5,5
59219,151,138,13,13
59220,88,90,-2,2
59221,110,111,-1,1
59222,69,65,4,4
59223,106,95,11,11
59224,64,68,-4,4
59225,126,110,16,16
59226,41,49,-8,8
59227,97,93,4,4
59228,46,72,-26,26
59229,52,66,-14,14
59230,66,56,10,10
59231,81,78,3,3
59232,81,84,-3,3
59233,85,81,4,4
59234,35,39,-4,4
59235,118,113,5,5
59236,94,89,5,5
59237,92,89,3,3
59238,55,59,-4,4
59239,99,96,3,3
59240,68,68,0,0
59241,56,59,-3,3
59242,97,103,-6,6
59243,110,114,-4,4
59244,152,142,10,10
59245,40,47,-7,7
59246,52,61,-9,9
59247,169,176,-7,7
59248,160,149,11,11
59249,78,68,10,10
59250,77,90,-13,13
59251,40,47,-7,7
59252,93,114,-21,21
59253,115,103,12,12
59254,108,115,-7,7
59255,69,72,-3,3
59256,126,153,-27,27
59257,133,149,-16,16
59258,116,116,0,0
59259,76,85,-9,9
59260,42,45,-3,3
59261,74,82,-8,8
59262,145,137,8,8
59263,72,63,9,9
59264,103,116,-13,13
59265,67,68,-1,1
59266,139,121,18,18
59267,93,90,3,3
59268,112,107,5,5
59269,176,170,6,6
59270,70,69,1,1
59271,158,130,28,28
59272,71,68,3,3
59273,47,44,3,3
59274,93,79,14,14
59275,57,64,-7,7
59276,75,68,7,7
59277,62,75,-13,13
59278,104,126,-22,22
59279,143,142,1,1
59280,83,82,1,1
59281,75,68,7,7
59282,92,91,1,1
59283,60,84,-24,24
59284,117,112,5,5
59285,64,65,-1,1
59286,61,60,1,1
59287,87,76,11,11
59288,175,180,-5,5
59289,58,67,-9,9
59290,77,65,12,12
59291,96,79,17,17
59292,120,125,-5,5
59293,176,165,11,11
59294,132,126,6,6
59295,67,69,-2,2
59296,73,72,1,1
59297,120,144,-24,24
59298,71,74,-3,3
59299,63,61,2,2
59300,74,64,10,10
59301,35,48,-13,13
59302,129,117,12,12
59303,132,136,-4,4
59304,75,80,-5,5
59305,122,113,9,9
59306,89,82,7,7
59307,90,81,9,9
59308,71,73,-2,2
59309,92,83,9,9
59310,184,167,17,17
59311,59,84,-25,25
59312,90,91,-1,1
59313,100,112,-12,12
59314,83,78,5,5
59315,83,84,-1,1
59316,78,79,-1,1
59317,106,102,4,4
59318,107,110,-3,3
59319,45,49,-4,4
59320,82,87,-5,5
59321,85,93,-8,8
59322,109,87,22,22
59323,70,75,-5,5
59324,70,73,-3,3
59325,109,112,-3,3
59326,62,66,-4,4
59327,63,75,-12,12
59328,67,72,-5,5
59329,38,38,0,0
59330,45,42,3,3
59331,111,102,9,9
59332,99,111,-12,12
59333,52,59,-7,7
59334,93,92,1,1
59335,103,118,-15,15
59336,86,83,3,3
59337,69,64,5,5
59338,52,77,-25,25
59339,215,179,36,36
59340,90,84,6,6
59341,54,53,1,1
59342,110,105,5,5
59343,97,86,11,11
59344,150,119,31,31
59345,142,129,13,13
59346,57,73,-16,16
59347,116,111,5,5
59348,177,161,16,16
59349,109,108,1,1
59350,78,77,1,1
59351,79,79,0,0
59352,51,55,-4,4
59353,80,81,-1,1
59354,99,107,-8,8
59355,49,47,2,2
59356,153,155,-2,2
59357,174,171,3,3
59358,100,100,0,0
59359,147,131,16,16
59360,75,88,-13,13
59361,138,131,7,7
59362,78,71,7,7
59363,77,83,-6,6
59364,93,83,10,10
59365,148,140,8,8
59366,176,162,14,14
59367,74,68,6,6
59368,178,188,-10,10
59369,107,115,-8,8
59370,103,97,6,6
59371,125,119,6,6
59372,119,112,7,7
59373,98,99,-1,1
59374,69,63,6,6
59375,72,67,5,5
59376,81,98,-17,17
59377,54,58,-4,4
59378,110,110,0,0
59379,84,83,1,1
59380,148,145,3,3
59381,61,52,9,9
59382,94,100,-6,6
59383,79,91,-12,12
59384,77,76,1,1
59385,83,82,1,1
59386,102,90,12,12
59387,99,94,5,5
59388,104,98,6,6
59389,128,137,-9,9
59390,73,79,-6,6
59391,85,84,1,1
59392,123,138,-15,15
59393,87,94,-7,7
59394,135,120,15,15
59395,71,66,5,5
59396,81,94,-13,13
59397,64,57,7,7
59398,71,65,6,6
59399,105,104,1,1
59400,59,53,6,6
59401,140,130,10,10
59402,161,152,9,9
59403,100,89,11,11
59404,89,87,2,2
59405,64,70,-6,6
59406,154,153,1,1
59407,167,138,29,29
59408,178,168,10,10
59409,88,80,8,8
59410,79,101,-22,22
59411,72,82,-10,10
59412,85,82,3,3
59413,92,90,2,2
59414,71,80,-9,9
59415,60,66,-6,6
59416,66,59,7,7
59417,95,84,11,11
59418,82,81,1,1
59419,82,85,-3,3
59420,91,80,11,11
59421,121,109,12,12
59422,78,77,1,1
59423,148,143,5,5
59424,95,93,2,2
59425,138,145,-7,7
59426,61,68,-7,7
59427,66,69,-3,3
59428,83,81,2,2
59429,61,69,-8,8
59430,60,59,1,1
59431,56,60,-4,4
59432,127,124,3,3
59433,62,59,3,3
59434,133,132,1,1
59435,79,71,8,8
59436,123,101,22,22
59437,53,51,2,2
59438,79,79,0,0
59439,126,108,18,18
59440,117,132,-15,15
59441,136,134,2,2
59442,81,103,-22,22
59443,105,126,-21,21
59444,118,122,-4,4
59445,66,66,0,0
59446,59,62,-3,3
59447,129,131,-2,2
59448,93,98,-5,5
59449,87,90,-3,3
59450,45,49,-4,4
59451,64,60,4,4
59452,121,127,-6,6
59453,168,149,19,19
59454,81,75,6,6
59455,99,89,10,10
59456,117,101,16,16
59457,95,84,11,11
59458,66,67,-1,1
59459,122,114,8,8
59460,112,121,-9,9
59461,71,81,-10,10
59462,172,178,-6,6
59463,108,98,10,10
59464,85,82,3,3
59465,130,122,8,8
59466,64,60,4,4
59467,74,79,-5,5
59468,63,63,0,0
59469,145,142,3,3
59470,95,98,-3,3
59471,138,150,-12,12
59472,105,105,0,0
59473,51,54,-3,3
59474,109,118,-9,9
59475,91,110,-19,19
59476,70,61,9,9
59477,129,123,6,6
59478,106,89,17,17
59479,82,73,9,9
59480,54,49,5,5
59481,151,164,-13,13
59482,120,113,7,7
59483,151,148,3,3
59484,96,103,-7,7
59485,62,65,-3,3
59486,165,158,7,7
59487,138,130,8,8
59488,128,127,1,1
59489,80,69,11,11
59490,94,97,-3,3
59491,86,90,-4,4
59492,130,126,4,4
59493,154,143,11,11
59494,81,78,3,3
59495,152,142,10,10
59496,52,64,-12,12
59497,65,62,3,3
59498,109,90,19,19
59499,72,70,2,2
59500,103,95,8,8
59501,112,93,19,19
59502,65,72,-7,7
59503,77,85,-8,8
59504,189,190,-1,1
59505,178,172,6,6
59506,48,48,0,0
59507,145,139,6,6
59508,47,62,-15,15
59509,146,141,5,5
59510,118,118,0,0
59511,78,82,-4,4
59512,93,100,-7,7
59513,72,69,3,3
59514,86,87,-1,1
59515,118,111,7,7
59516,87,88,-1,1
59517,42,48,-6,6
59518,87,94,-7,7
59519,87,92,-5,5
59520,159,156,3,3
59521,96,95,1,1
59522,50,53,-3,3
59523,76,92,-16,16
59524,111,119,-8,8
59525,140,133,7,7
59526,133,123,10,10
59527,89,100,-11,11
59528,94,97,-3,3
59529,60,53,7,7
59530,67,67,0,0
59531,166,144,22,22
59532,74,79,-5,5
59533,88,88,0,0
59534,113,110,3,3
59535,114,113,1,1
59536,98,88,10,10
59537,52,62,-10,10
59538,109,105,4,4
59539,51,55,-4,4
59540,92,87,5,5
59541,79,81,-2,2
59542,65,68,-3,3
59543,80,85,-5,5
59544,130,123,7,7
59545,90,91,-1,1
59546,108,99,9,9
59547,84,90,-6,6
59548,160,159,1,1
59549,53,50,3,3
59550,62,69,-7,7
59551,65,74,-9,9
59552,65,67,-2,2
59553,61,61,0,0
59554,35,41,-6,6
59555,113,110,3,3
59556,69,72,-3,3
59557,56,53,3,3
59558,103,114,-11,11
59559,76,71,5,5
59560,106,109,-3,3
59561,157,155,2,2
59562,150,147,3,3
59563,79,79,0,0
59564,94,96,-2,2
59565,59,65,-6,6
59566,135,161,-26,26
59567,91,95,-4,4
59568,129,122,7,7
59569,80,84,-4,4
59570,58,55,3,3
59571,96,81,15,15
59572,160,166,-6,6
59573,80,72,8,8
59574,55,53,2,2
59575,101,97,4,4
59576,85,75,10,10
59577,68,70,-2,2
59578,95,109,-14,14
59579,110,108,2,2
59580,75,69,6,6
59581,73,80,-7,7
59582,90,93,-3,3
59583,78,82,-4,4
59584,148,141,7,7
59585,94,94,0,0
59586,64,64,0,0
59587,186,169,17,17
59588,40,47,-7,7
59589,74,77,-3,3
59590,140,132,8,8
59591,103,94,9,9
59592,179,153,26,26
59593,209,175,34,34
59594,114,120,-6,6
59595,44,56,-12,12
59596,84,78,6,6
59597,55,59,-4,4
59598,150,139,11,11
59599,64,61,3,3
59600,61,68,-7,7
59601,89,91,-2,2
59602,129,117,12,12
59603,61,61,0,0
59604,125,110,15,15
59605,129,125,4,4
59606,94,95,-1,1
59607,86,79,7,7
59608,124,124,0,0
59609,45,63,-18,18
59610,131,120,11,11
59611,89,85,4,4
59612,140,146,-6,6
59613,85,91,-6,6
59614,178,168,10,10
59615,120,114,6,6
59616,135,124,11,11
59617,72,65,7,7
59618,45,49,-4,4
59619,63,61,2,2
59620,62,73,-11,11
59621,87,90,-3,3
59622,165,171,-6,6
59623,107,130,-23,23
59624,69,78,-9,9
59625,94,92,2,2
59626,58,61,-3,3
59627,105,104,1,1
59628,115,115,0,0
59629,92,85,7,7
59630,80,77,3,3
59631,154,157,-3,3
59632,61,51,10,10
59633,115,115,0,0
59634,52,50,2,2
59635,69,72,-3,3
59636,58,61,-3,3
59637,92,97,-5,5
59638,56,59,-3,3
59639,94,107,-13,13
59640,70,71,-1,1
59641,126,98,28,28
59642,77,78,-1,1
59643,77,71,6,6
59644,160,161,-1,1
59645,69,70,-1,1
59646,73,74,-1,1
59647,72,74,-2,2
59648,72,68,4,4
59649,124,127,-3,3
59650,78,76,2,2
59651,81,79,2,2
59652,156,151,5,5
59653,67,62,5,5
59654,118,116,2,2
59655,79,66,13,13
59656,81,79,2,2
59657,87,80,7,7
59658,57,72,-15,15
59659,70,192,-122,122
59660,147,106,41,41
59661,141,130,11,11
59662,42,68,-26,26
59663,89,96,-7,7
59664,94,94,0,0
59665,103,104,-1,1
59666,100,99,1,1
59667,56,59,-3,3
59668,85,81,4,4
59669,77,73,4,4
59670,89,88,1,1
59671,125,140,-15,15
59672,41,43,-2,2
59673,135,121,14,14
59674,70,82,-12,12
59675,51,47,4,4
59676,86,93,-7,7
59677,100,97,3,3
59678,103,106,-3,3
59679,62,61,1,1
59680,153,135,18,18
59681,173,168,5,5
59682,137,147,-10,10
59683,107,93,14,14
59684,161,148,13,13
59685,139,142,-3,3
59686,62,52,10,10
59687,71,61,10,10
59688,104,126,-22,22
59689,115,113,2,2
59690,144,141,3,3
59691,76,75,1,1
59692,168,162,6,6
59693,76,74,2,2
59694,78,83,-5,5
59695,94,119,-25,25
59696,92,81,11,11
59697,96,89,7,7
59698,131,122,9,9
59699,93,97,-4,4
59700,93,83,10,10
59701,60,65,-5,5
59702,78,68,10,10
59703,72,79,-7,7
59704,141,110,31,31
59705,116,107,9,9
59706,83,86,-3,3
59707,78,80,-2,2
59708,79,80,-1,1
59709,113,112,1,1
59710,46,53,-7,7
59711,93,100,-7,7
59712,99,91,8,8
59713,103,110,-7,7
59714,98,88,10,10
59715,113,102,11,11
59716,121,137,-16,16
59717,58,60,-2,2
59718,92,90,2,2
59719,89,94,-5,5
59720,99,100,-1,1
59721,89,89,0,0
59722,79,83,-4,4
59723,138,130,8,8
59724,79,79,0,0
59725,73,74,-1,1
59726,88,84,4,4
59727,73,86,-13,13
59728,95,98,-3,3
59729,104,104,0,0
59730,77,70,7,7
59731,54,59,-5,5
59732,128,130,-2,2
59733,88,91,-3,3
59734,89,82,7,7
59735,100,106,-6,6
59736,132,131,1,1
59737,73,76,-3,3
59738,69,72,-3,3
59739,88,81,7,7
59740,127,128,-1,1
59741,135,136,-1,1
59742,71,68,3,3
59743,133,132,1,1
59744,98,98,0,0
59745,96,82,14,14
59746,121,116,5,5
59747,110,99,11,11
59748,63,68,-5,5
59749,149,145,4,4
59750,75,89,-14,14
59751,61,68,-7,7
59752,203,182,21,21
59753,106,107,-1,1
59754,90,89,1,1
59755,111,95,16,16
59756,98,90,8,8
59757,70,86,-16,16
59758,77,72,5,5
59759,65,66,-1,1
59760,110,105,5,5
59761,82,94,-12,12
59762,135,132,3,3
59763,133,132,1,1
59764,93,90,3,3
59765,96,105,-9,9
59766,83,82,1,1
59767,83,84,-1,1
59768,114,104,10,10
59769,169,179,-10,10
59770,83,70,13,13
59771,87,87,0,0
59772,80,91,-11,11
59773,64,70,-6,6
59774,185,173,12,12
59775,110,96,14,14
59776,109,95,14,14
59777,52,51,1,1
59778,103,100,3,3
59779,34,44,-10,10
59780,69,117,-48,48
59781,154,146,8,8
59782,149,147,2,2
59783,81,77,4,4
59784,81,83,-2,2
59785,68,68,0,0
59786,93,82,11,11
59787,57,60,-3,3
59788,129,129,0,0
59789,98,98,0,0
59790,117,126,-9,9
59791,76,82,-6,6
59792,36,37,-1,1
59793,130,127,3,3
59794,81,81,0,0
59795,72,82,-10,10
59796,76,80,-4,4
59797,63,70,-7,7
59798,97,94,3,3
59799,61,65,-4,4
59800,85,86,-1,1
59801,110,132,-22,22
59802,85,81,4,4
59803,77,90,-13,13
59804,127,120,7,7
59805,49,50,-1,1
59806,85,84,1,1
59807,83,91,-8,8
59808,132,140,-8,8
59809,136,134,2,2
59810,73,65,8,8
59811,71,77,-6,6
59812,79,71,8,8
59813,88,96,-8,8
59814,70,126,-56,56
59815,75,70,5,5
59816,46,44,2,2
59817,101,97,4,4
59818,128,143,-15,15
59819,92,84,8,8
59820,149,124,25,25
59821,122,85,37,37
59822,79,99,-20,20
59823,48,70,-22,22
59824,101,100,1,1
59825,94,92,2,2
59826,125,123,2,2
59827,91,99,-8,8
59828,78,81,-3,3
59829,121,116,5,5
59830,166,143,23,23
59831,96,96,0,0
59832,124,139,-15,15
59833,159,148,11,11
59834,66,68,-2,2
59835,82,77,5,5
59836,75,74,1,1
59837,59,51,8,8
59838,85,85,0,0
59839,99,86,13,13
59840,148,139,9,9
59841,109,100,9,9
59842,81,78,3,3
59843,99,93,6,6
59844,47,49,-2,2
59845,78,76,2,2
59846,85,81,4,4
59847,76,86,-10,10
59848,54,44,10,10
59849,106,108,-2,2
59850,83,80,3,3
59851,66,63,3,3
59852,47,61,-14,14
59853,60,67,-7,7
59854,109,111,-2,2
59855,122,121,1,1
59856,92,88,4,4
59857,102,90,12,12
59858,130,140,-10,10
59859,104,101,3,3
59860,106,91,15,15
59861,74,76,-2,2
59862,149,149,0,0
59863,46,54,-8,8
59864,55,50,5,5
59865,81,82,-1,1
59866,86,90,-4,4
59867,159,150,9,9
59868,49,48,1,1
59869,76,80,-4,4
59870,109,111,-2,2
59871,88,76,12,12
59872,66,69,-3,3
59873,95,93,2,2
59874,123,116,7,7
59875,49,55,-6,6
59876,60,54,6,6
59877,140,140,0,0
59878,72,67,5,5
59879,103,106,-3,3
59880,88,92,-4,4
59881,94,91,3,3
59882,97,90,7,7
59883,112,105,7,7
59884,37,50,-13,13
59885,70,74,-4,4
59886,217,208,9,9
59887,159,139,20,20
59888,86,85,1,1
59889,116,116,0,0
59890,76,68,8,8
59891,159,146,13,13
59892,102,95,7,7
59893,72,71,1,1
59894,102,105,-3,3
59895,94,83,11,11
59896,56,51,5,5
59897,136,142,-6,6
59898,78,78,0,0
59899,75,82,-7,7
59900,138,135,3,3
59901,79,74,5,5
59902,89,92,-3,3
59903,63,71,-8,8
59904,59,54,5,5
59905,127,123,4,4
59906,100,88,12,12
59907,60,62,-2,2
59908,100,96,4,4
59909,108,100,8,8
59910,152,147,5,5
59911,118,118,0,0
59912,81,84,-3,3
59913,49,48,1,1
59914,90,83,7,7
59915,97,93,4,4
59916,90,87,3,3
59917,138,134,4,4
59918,116,132,-16,16
59919,86,90,-4,4
59920,106,94,12,12
59921,155,144,11,11
59922,100,95,5,5
59923,66,66,0,0
59924,84,82,2,2
59925,103,105,-2,2
59926,56,62,-6,6
59927,100,91,9,9
59928,93,90,3,3
59929,135,139,-4,4
59930,32,38,-6,6
59931,93,104,-11,11
59932,107,130,-23,23
59933,62,66,-4,4
59934,59,60,-1,1
59935,91,89,2,2
59936,75,79,-4,4
59937,73,68,5,5
59938,96,100,-4,4
59939,115,116,-1,1
59940,63,68,-5,5
59941,85,87,-2,2
59942,72,84,-12,12
59943,158,171,-13,13
59944,91,85,6,6
59945,69,73,-4,4
59946,89,112,-23,23
59947,74,75,-1,1
59948,104,273,-169,169
59949,49,54,-5,5
59950,99,91,8,8
59951,127,124,3,3
59952,73,76,-3,3
59953,49,54,-5,5
59954,87,86,1,1
59955,157,148,9,9
59956,80,89,-9,9
59957,144,122,22,22
59958,83,91,-8,8
59959,131,135,-4,4
59960,95,101,-6,6
59961,141,140,1,1
59962,89,103,-14,14
59963,59,53,6,6
59964,86,84,2,2
59965,118,117,1,1
59966,78,84,-6,6
59967,148,144,4,4
59968,59,54,5,5
59969,104,107,-3,3
59970,85,81,4,4
59971,103,108,-5,5
59972,236,207,29,29
59973,66,83,-17,17
59974,50,68,-18,18
59975,77,68,9,9
59976,114,96,18,18
59977,85,81,4,4
59978,88,90,-2,2
59979,74,69,5,5
59980,71,72,-1,1
59981,155,148,7,7
59982,62,69,-7,7
59983,100,88,12,12
59984,82,91,-9,9
59985,113,112,1,1
59986,104,99,5,5
59987,104,98,6,6
59988,105,130,-25,25
59989,153,147,6,6
59990,76,73,3,3
59991,85,74,11,11
59992,119,129,-10,10
59993,106,91,15,15
59994,73,81,-8,8
59995,137,123,14,14
59996,79,73,6,6
59997,186,186,0,0
59998,63,64,-1,1
59999,93,89,4,4
60000,126,139,-13,13
60001,70,64,6,6
60002,128,117,11,11
60003,61,61,0,0
60004,83,77,6,6
60005,108,98,10,10
60006,87,95,-8,8
60007,97,100,-3,3
60008,62,68,-6,6
60009,129,128,1,1
60010,124,116,8,8
60011,63,66,-3,3
60012,138,131,7,7
60013,53,54,-1,1
60014,76,67,9,9
60015,138,146,-8,8
60016,123,128,-5,5
60017,57,53,4,4
60018,83,79,4,4
60019,96,102,-6,6
60020,119,130,-11,11
60021,72,70,2,2
60022,78,70,8,8
60023,106,94,12,12
60024,83,75,8,8
60025,71,64,7,7
60026,205,183,22,22
60027,59,64,-5,5
60028,57,53,4,4
60029,90,93,-3,3
60030,34,69,-35,35
60031,215,185,30,30
60032,85,89,-4,4
60033,158,154,4,4
60034,136,129,7,7
60035,55,44,11,11
60036,119,113,6,6
60037,109,145,-36,36
60038,57,60,-3,3
60039,92,81,11,11
60040,99,96,3,3
60041,95,92,3,3
60042,74,66,8,8
60043,84,80,4,4
60044,107,101,6,6
60045,78,72,6,6
60046,64,68,-4,4
60047,66,74,-8,8
60048,88,81,7,7
60049,135,116,19,19
60050,139,132,7,7
60051,126,146,-20,20
60052,82,79,3,3
60053,70,63,7,7
60054,81,85,-4,4
60055,60,62,-2,2
60056,56,51,5,5
60057,131,125,6,6
60058,59,62,-3,3
60059,83,72,11,11
60060,145,142,3,3
60061,86,84,2,2
60062,102,100,2,2
60063,77,76,1,1
60064,136,121,15,15
60065,68,69,-1,1
60066,81,76,5,5
60067,82,78,4,4
60068,85,82,3,3
60069,121,118,3,3
60070,69,65,4,4
60071,56,60,-4,4
60072,170,161,9,9
60073,123,127,-4,4
60074,71,68,3,3
60075,77,81,-4,4
60076,140,134,6,6
60077,141,131,10,10
60078,98,97,1,1
60079,93,82,11,11
60080,69,82,-13,13
60081,104,102,2,2
60082,53,62,-9,9
60083,75,80,-5,5
60084,120,119,1,1
60085,86,95,-9,9
60086,98,92,6,6
60087,84,83,1,1
60088,88,89,-1,1
60089,113,112,1,1
60090,74,74,0,0
60091,91,85,6,6
60092,149,135,14,14
60093,82,83,-1,1
60094,84,77,7,7
60095,195,192,3,3
60096,117,124,-7,7
60097,120,127,-7,7
60098,180,169,11,11
60099,80,89,-9,9
60100,122,122,0,0
60101,135,128,7,7
60102,159,163,-4,4
60103,107,108,-1,1
60104,76,82,-6,6
60105,85,84,1,1
60106,87,79,8,8
60107,88,82,6,6
60108,41,44,-3,3
60109,78,71,7,7
60110,61,63,-2,2
60111,87,85,2,2
60112,129,122,7,7
60113,84,82,2,2
60114,142,124,18,18
60115,126,132,-6,6
60116,89,87,2,2
60117,74,66,8,8
60118,51,56,-5,5
60119,141,129,12,12
60120,83,77,6,6
60121,120,159,-39,39
60122,144,141,3,3
60123,67,74,-7,7
60124,82,87,-5,5
60125,67,76,-9,9
60126,85,83,2,2
60127,62,47,15,15
60128,106,102,4,4
60129,59,60,-1,1
60130,73,66,7,7
60131,145,141,4,4
60132,65,60,5,5
60133,72,71,1,1
60134,118,105,13,13
60135,105,118,-13,13
60136,71,68,3,3
60137,96,97,-1,1
60138,111,106,5,5
60139,73,89,-16,16
60140,88,83,5,5
60141,210,205,5,5
60142,104,99,5,5
60143,76,70,6,6
60144,43,50,-7,7
60145,110,100,10,10
60146,93,85,8,8
60147,114,111,3,3
60148,190,192,-2,2
60149,87,84,3,3
60150,85,73,12,12
60151,95,98,-3,3
60152,97,116,-19,19
60153,58,55,3,3
60154,126,134,-8,8
60155,145,132,13,13
60156,61,65,-4,4
60157,113,96,17,17
60158,42,46,-4,4
60159,108,100,8,8
60160,93,81,12,12
60161,157,158,-1,1
60162,75,74,1,1
60163,59,64,-5,5
60164,101,88,13,13
60165,83,76,7,7
60166,95,92,3,3
60167,100,94,6,6
60168,69,67,2,2
60169,108,115,-7,7
60170,79,75,4,4
60171,105,99,6,6
60172,98,111,-13,13
60173,123,130,-7,7
60174,103,103,0,0
60175,158,152,6,6
60176,98,94,4,4
60177,128,124,4,4
60178,54,50,4,4
60179,54,64,-10,10
60180,86,86,0,0
60181,119,121,-2,2
60182,67,63,4,4
60183,114,113,1,1
60184,104,101,3,3
60185,81,85,-4,4
60186,84,82,2,2
60187,86,81,5,5
60188,93,94,-1,1
60189,75,67,8,8
60190,69,67,2,2
60191,96,87,9,9
60192,117,121,-4,4
60193,164,149,15,15
60194,121,118,3,3
60195,93,86,7,7
60196,91,87,4,4
60197,144,139,5,5
60198,101,100,1,1
60199,135,120,15,15
60200,102,99,3,3
60201,83,85,-2,2
60202,88,79,9,9
60203,101,106,-5,5
60204,102,107,-5,5
60205,102,111,-9,9
60206,105,100,5,5
60207,99,108,-9,9
60208,151,143,8,8
60209,67,72,-5,5
60210,164,141,23,23
60211,85,86,-1,1
60212,89,95,-6,6
60213,59,60,-1,1
60214,94,81,13,13
60215,123,119,4,4
60216,79,101,-22,22
60217,74,71,3,3
60218,176,170,6,6
60219,59,69,-10,10
60220,100,100,0,0
60221,123,126,-3,3
60222,104,104,0,0
60223,145,154,-9,9
60224,97,98,-1,1
60225,175,167,8,8
60226,63,62,1,1
60227,124,125,-1,1
60228,68,64,4,4
60229,139,131,8,8
60230,78,70,8,8
60231,79,68,11,11
60232,48,51,-3,3
60233,141,140,1,1
60234,136,123,13,13
60235,123,133,-10,10
60236,85,87,-2,2
60237,128,123,5,5
60238,97,91,6,6
60239,63,68,-5,5
60240,141,150,-9,9
60241,87,82,5,5
60242,93,103,-10,10
60243,54,51,3,3
60244,133,118,15,15
60245,50,59,-9,9
60246,71,70,1,1
60247,75,70,5,5
60248,165,164,1,1
60249,64,61,3,3
60250,95,86,9,9
60251,65,59,6,6
60252,106,103,3,3
60253,91,77,14,14
60254,70,79,-9,9
60255,124,121,3,3
60256,48,53,-5,5
60257,74,73,1,1
60258,64,61,3,3
60259,104,101,3,3
60260,82,84,-2,2
60261,82,84,-2,2
60262,147,153,-6,6
60263,123,101,22,22
60264,81,88,-7,7
60265,146,151,-5,5
60266,88,85,3,3
60267,78,74,4,4
60268,118,124,-6,6
60269,160,158,2,2
60270,176,167,9,9
60271,133,123,10,10
60272,122,119,3,3
60273,74,78,-4,4
60274,75,77,-2,2
60275,116,116,0,0
60276,116,113,3,3
60277,126,124,2,2
60278,53,52,1,1
60279,58,81,-23,23
60280,169,164,5,5
60281,100,111,-11,11
60282,56,61,-5,5
60283,63,69,-6,6
60284,58,58,0,0
60285,56,64,-8,8
60286,131,138,-7,7
60287,74,69,5,5
60288,143,137,6,6
60289,127,135,-8,8
60290,98,95,3,3
60291,60,58,2,2
60292,65,81,-16,16
60293,76,65,11,11
60294,72,72,0,0
60295,83,80,3,3
60296,41,51,-10,10
60297,91,81,10,10
60298,125,130,-5,5
60299,119,127,-8,8
60300,92,80,12,12
60301,100,114,-14,14
60302,125,119,6,6
60303,95,99,-4,4
60304,108,103,5,5
60305,118,118,0,0
60306,124,136,-12,12
60307,31,37,-6,6
60308,175,178,-3,3
60309,122,122,0,0
60310,117,126,-9,9
60311,30,48,-18,18
60312,184,169,15,15
60313,93,88,5,5
60314,98,95,3,3
60315,82,81,1,1
60316,91,79,12,12
60317,67,79,-12,12
60318,103,75,28,28
60319,127,131,-4,4
60320,64,63,1,1
60321,70,82,-12,12
60322,68,71,-3,3
60323,87,100,-13,13
60324,103,102,1,1
60325,91,91,0,0
60326,77,69,8,8
60327,70,60,10,10
60328,90,91,-1,1
60329,64,68,-4,4
60330,53,52,1,1
60331,87,79,8,8
60332,112,103,9,9
60333,91,83,8,8
60334,132,133,-1,1
60335,116,118,-2,2
60336,99,103,-4,4
60337,80,73,7,7
60338,125,126,-1,1
60339,83,78,5,5
60340,123,131,-8,8
60341,126,122,4,4
60342,114,119,-5,5
60343,139,132,7,7
60344,135,139,-4,4
60345,61,58,3,3
60346,70,75,-5,5
60347,112,107,5,5
60348,79,77,2,2
60349,58,65,-7,7
60350,131,144,-13,13
60351,154,147,7,7
60352,85,88,-3,3
60353,116,102,14,14
60354,71,78,-7,7
60355,62,72,-10,10
60356,72,77,-5,5
60357,137,140,-3,3
60358,152,155,-3,3
60359,85,82,3,3
60360,63,64,-1,1
60361,67,55,12,12
60362,108,114,-6,6
60363,120,127,-7,7
60364,103,99,4,4
60365,96,104,-8,8
60366,108,115,-7,7
60367,49,105,-56,56
60368,83,90,-7,7
60369,91,82,9,9
60370,112,106,6,6
60371,148,140,8,8
60372,110,118,-8,8
60373,90,87,3,3
60374,71,59,12,12
60375,95,103,-8,8
60376,78,73,5,5
60377,102,106,-4,4
60378,99,94,5,5
60379,71,70,1,1
60380,103,98,5,5
60381,75,74,1,1
60382,128,130,-2,2
60383,37,45,-8,8
60384,82,75,7,7
60385,82,89,-7,7
60386,105,109,-4,4
60387,96,91,5,5
60388,57,48,9,9
60389,135,139,-4,4
60390,87,83,4,4
60391,75,86,-11,11
60392,75,85,-10,10
60393,127,118,9,9
60394,105,108,-3,3
60395,61,59,2,2
60396,66,94,-28,28
60397,140,135,5,5
60398,129,133,-4,4
60399,150,133,17,17
60400,109,106,3,3
60401,115,128,-13,13
60402,118,117,1,1
60403,58,57,1,1
60404,79,67,12,12
60405,28,34,-6,6
60406,173,154,19,19
60407,89,94,-5,5
60408,95,80,15,15
60409,71,79,-8,8
60410,87,90,-3,3
60411,77,69,8,8
60412,106,104,2,2
60413,88,93,-5,5
60414,74,76,-2,2
60415,66,79,-13,13
60416,64,80,-16,16
60417,115,122,-7,7
60418,59,60,-1,1
60419,142,130,12,12
60420,73,62,11,11
60421,138,132,6,6
60422,110,106,4,4
60423,81,92,-11,11
60424,143,156,-13,13
60425,137,124,13,13
60426,177,171,6,6
60427,100,103,-3,3
60428,112,117,-5,5
60429,136,151,-15,15
60430,48,47,1,1
60431,112,130,-18,18
60432,115,116,-1,1
60433,134,134,0,0
60434,97,103,-6,6
60435,86,82,4,4
60436,115,108,7,7
60437,80,71,9,9
60438,157,147,10,10
60439,59,58,1,1
60440,118,119,-1,1
60441,64,75,-11,11
60442,123,115,8,8
60443,70,75,-5,5
60444,60,65,-5,5
60445,76,85,-9,9
60446,161,158,3,3
60447,129,141,-12,12
60448,66,67,-1,1
60449,104,97,7,7
60450,86,78,8,8
60451,53,50,3,3
60452,76,73,3,3
60453,202,181,21,21
60454,81,75,6,6
60455,136,136,0,0
60456,80,69,11,11
60457,54,56,-2,2
60458,71,64,7,7
60459,37,42,-5,5
60460,92,91,1,1
60461,81,86,-5,5
60462,94,116,-22,22
60463,116,112,4,4
60464,89,91,-2,2
60465,123,112,11,11
60466,95,90,5,5
60467,114,110,4,4
60468,134,139,-5,5
60469,153,148,5,5
60470,82,82,0,0
60471,104,98,6,6
60472,101,109,-8,8
60473,73,61,12,12
60474,121,127,-6,6
60475,147,131,16,16
60476,70,74,-4,4
60477,126,121,5,5
60478,284,248,36,36
60479,124,131,-7,7
60480,107,108,-1,1
60481,78,77,1,1
60482,116,115,1,1
60483,139,126,13,13
60484,127,125,2,2
60485,61,64,-3,3
60486,56,60,-4,4
60487,105,98,7,7
60488,68,72,-4,4
60489,101,95,6,6
60490,64,60,4,4
60491,70,73,-3,3
60492,129,129,0,0
60493,86,80,6,6
60494,71,64,7,7
60495,57,144,-87,87
60496,63,82,-19,19
60497,100,91,9,9
60498,138,147,-9,9
60499,143,134,9,9
60500,123,118,5,5
60501,114,115,-1,1
60502,69,68,1,1
60503,71,68,3,3
60504,65,53,12,12
60505,94,105,-11,11
60506,73,75,-2,2
60507,77,82,-5,5
60508,68,72,-4,4
60509,126,139,-13,13
60510,133,128,5,5
60511,111,123,-12,12
60512,80,81,-1,1
60513,74,81,-7,7
60514,91,89,2,2
60515,111,120,-9,9
60516,100,100,0,0
60517,191,169,22,22
60518,124,108,16,16
60519,55,52,3,3
60520,113,103,10,10
60521,34,42,-8,8
60522,108,98,10,10
60523,74,68,6,6
60524,163,145,18,18
60525,135,117,18,18
60526,86,102,-16,16
60527,122,117,5,5
60528,135,134,1,1
60529,68,79,-11,11
60530,75,73,2,2
60531,127,138,-11,11
60532,65,67,-2,2
60533,83,85,-2,2
60534,103,93,10,10
60535,79,78,1,1
60536,77,76,1,1
60537,116,124,-8,8
60538,123,117,6,6
60539,70,67,3,3
60540,66,70,-4,4
60541,102,112,-10,10
60542,108,130,-22,22
60543,64,54,10,10
60544,116,128,-12,12
60545,154,161,-7,7
60546,78,81,-3,3
60547,97,100,-3,3
60548,64,66,-2,2
60549,109,104,5,5
60550,109,102,7,7
60551,110,119,-9,9
60552,124,121,3,3
60553,50,51,-1,1
60554,75,73,2,2
60555,112,117,-5,5
60556,72,80,-8,8
60557,113,108,5,5
60558,70,78,-8,8
60559,112,82,30,30
60560,71,68,3,3
60561,117,116,1,1
60562,88,79,9,9
60563,88,77,11,11
60564,96,90,6,6
60565,114,119,-5,5
60566,46,54,-8,8
60567,82,85,-3,3
60568,77,77,0,0
60569,68,76,-8,8
60570,79,88,-9,9
60571,78,74,4,4
60572,48,51,-3,3
60573,55,56,-1,1
60574,110,112,-2,2
60575,106,102,4,4
60576,88,77,11,11
60577,90,98,-8,8
60578,84,88,-4,4
60579,78,86,-8,8
60580,108,116,-8,8
60581,52,63,-11,11
60582,162,140,22,22
60583,46,50,-4,4
60584,100,106,-6,6
60585,95,91,4,4
60586,138,138,0,0
60587,53,52,1,1
60588,100,91,9,9
60589,93,91,2,2
60590,90,111,-21,21
60591,103,104,-1,1
60592,92,83,9,9
60593,52,45,7,7
60594,104,107,-3,3
60595,49,51,-2,2
60596,82,75,7,7
60597,104,98,6,6
60598,167,168,-1,1
60599,58,63,-5,5
60600,79,77,2,2
60601,75,67,8,8
60602,70,79,-9,9
60603,78,80,-2,2
60604,70,68,2,2
60605,130,136,-6,6
60606,90,93,-3,3
60607,68,69,-1,1
60608,97,101,-4,4
60609,83,84,-1,1
60610,51,60,-9,9
60611,70,75,-5,5
60612,35,67,-32,32
60613,24,67,-43,43
60614,113,99,14,14
60615,133,128,5,5
60616,90,94,-4,4
60617,84,80,4,4
60618,86,84,2,2
60619,63,61,2,2
60620,51,52,-1,1
60621,153,145,8,8
60622,113,107,6,6
60623,47,47,0,0
60624,111,103,8,8
60625,67,60,7,7
60626,51,72,-21,21
60627,57,66,-9,9
60628,67,59,8,8
60629,149,142,7,7
60630,71,68,3,3
60631,100,109,-9,9
60632,94,101,-7,7
60633,61,61,0,0
60634,100,88,12,12
60635,147,143,4,4
60636,92,92,0,0
60637,79,82,-3,3
60638,95,97,-2,2
60639,155,162,-7,7
60640,88,78,10,10
60641,149,173,-24,24
60642,128,128,0,0
60643,73,60,13,13
60644,124,117,7,7
60645,78,83,-5,5
60646,73,73,0,0
60647,104,96,8,8
60648,124,105,19,19
60649,65,69,-4,4
60650,98,103,-5,5
60651,100,97,3,3
60652,79,75,4,4
60653,216,185,31,31
60654,77,80,-3,3
60655,64,74,-10,10
60656,43,46,-3,3
60657,124,117,7,7
60658,87,89,-2,2
60659,98,95,3,3
60660,91,86,5,5
60661,81,79,2,2
60662,109,117,-8,8
60663,61,76,-15,15
60664,86,90,-4,4
60665,126,122,4,4
60666,85,78,7,7
60667,94,115,-21,21
60668,68,71,-3,3
60669,77,73,4,4
60670,72,68,4,4
60671,107,112,-5,5
60672,83,80,3,3
60673,116,117,-1,1
60674,59,55,4,4
60675,53,51,2,2
60676,137,140,-3,3
60677,128,119,9,9
60678,97,95,2,2
60679,97,103,-6,6
60680,75,77,-2,2
60681,107,97,10,10
60682,96,94,2,2
60683,139,133,6,6
60684,62,61,1,1
60685,90,85,5,5
60686,104,107,-3,3
60687,124,116,8,8
60688,107,98,9,9
60689,124,133,-9,9
60690,105,100,5,5
60691,134,138,-4,4
60692,122,113,9,9
60693,70,77,-7,7
60694,152,153,-1,1
60695,95,93,2,2
60696,67,87,-20,20
60697,109,104,5,5
60698,170,206,-36,36
60699,80,79,1,1
60700,88,84,4,4
60701,131,100,31,31
60702,84,81,3,3
60703,97,102,-5,5
60704,149,127,22,22
60705,79,86,-7,7
60706,93,104,-11,11
60707,81,87,-6,6
60708,125,126,-1,1
60709,82,79,3,3
60710,79,81,-2,2
60711,65,54,11,11
60712,95,94,1,1
60713,111,119,-8,8
60714,113,108,5,5
60715,119,124,-5,5
60716,68,74,-6,6
60717,135,117,18,18
60718,102,87,15,15
60719,96,107,-11,11
60720,107,112,-5,5
60721,86,82,4,4
60722,158,137,21,21
60723,141,134,7,7
60724,129,133,-4,4
60725,49,45,4,4
60726,149,146,3,3
60727,114,115,-1,1
60728,40,42,-2,2
60729,55,57,-2,2
60730,85,79,6,6
60731,65,63,2,2
60732,97,104,-7,7
60733,148,144,4,4
60734,141,132,9,9
60735,69,63,6,6
60736,80,81,-1,1
60737,158,144,14,14
60738,75,78,-3,3
60739,88,89,-1,1
60740,110,105,5,5
60741,82,86,-4,4
60742,58,67,-9,9
60743,76,67,9,9
60744,48,52,-4,4
60745,106,89,17,17
60746,108,109,-1,1
60747,191,173,18,18
60748,100,96,4,4
60749,58,61,-3,3
60750,117,119,-2,2
60751,233,195,38,38
60752,78,77,1,1
60753,83,79,4,4
60754,66,65,1,1
60755,55,55,0,0
60756,77,84,-7,7
60757,102,95,7,7
60758,62,60,2,2
60759,71,69,2,2
60760,139,138,1,1
60761,132,137,-5,5
60762,94,97,-3,3
60763,107,112,-5,5
60764,60,69,-9,9
60765,94,109,-15,15
60766,72,62,10,10
60767,86,82,4,4
60768,75,82,-7,7
60769,87,90,-3,3
60770,148,136,12,12
60771,120,108,12,12
60772,68,73,-5,5
60773,81,77,4,4
60774,222,217,5,5
60775,68,68,0,0
60776,103,109,-6,6
60777,133,111,22,22
60778,135,116,19,19
60779,97,92,5,5
60780,56,58,-2,2
60781,73,70,3,3
60782,110,117,-7,7
60783,116,111,5,5
60784,46,44,2,2
60785,119,110,9,9
60786,42,41,1,1
60787,71,82,-11,11
60788,80,63,17,17
60789,87,90,-3,3
60790,73,73,0,0
60791,99,93,6,6
60792,36,42,-6,6
60793,70,66,4,4
60794,55,52,3,3
60795,104,102,2,2
60796,135,136,-1,1
60797,103,95,8,8
60798,83,84,-1,1
60799,87,76,11,11
60800,78,72,6,6
60801,68,81,-13,13
60802,70,75,-5,5
60803,112,100,12,12
60804,99,101,-2,2
60805,103,103,0,0
60806,87,84,3,3
60807,105,104,1,1
60808,94,93,1,1
60809,185,173,12,12
60810,167,164,3,3
60811,67,72,-5,5
60812,98,80,18,18
60813,109,111,-2,2
60814,139,135,4,4
60815,88,85,3,3
60816,117,110,7,7
60817,101,113,-12,12
60818,124,134,-10,10
60819,182,155,27,27
60820,198,174,24,24
60821,115,113,2,2
60822,92,94,-2,2
60823,77,73,4,4
60824,104,104,0,0
60825,75,65,10,10
60826,93,82,11,11
60827,173,174,-1,1
60828,121,124,-3,3
60829,141,113,28,28
60830,66,77,-11,11
60831,72,66,6,6
60832,104,109,-5,5
60833,103,97,6,6
60834,81,76,5,5
60835,122,106,16,16
60836,131,122,9,9
60837,58,61,-3,3
60838,106,107,-1,1
60839,119,104,15,15
60840,57,53,4,4
60841,77,75,2,2
60842,67,59,8,8
60843,85,83,2,2
60844,62,66,-4,4
60845,140,135,5,5
60846,72,77,-5,5
60847,125,125,0,0
60848,166,159,7,7
60849,133,123,10,10
60850,101,81,20,20
60851,156,148,8,8
60852,68,70,-2,2
60853,70,67,3,3
60854,127,124,3,3
60855,89,87,2,2
60856,111,98,13,13
60857,154,136,18,18
60858,91,87,4,4
60859,59,64,-5,5
60860,105,104,1,1
60861,108,125,-17,17
60862,87,95,-8,8
60863,143,135,8,8
60864,88,86,2,2
60865,83,89,-6,6
60866,105,97,8,8
60867,96,99,-3,3
60868,95,88,7,7
60869,104,109,-5,5
60870,97,117,-20,20
60871,111,114,-3,3
60872,93,88,5,5
60873,54,53,1,1
60874,90,94,-4,4
60875,52,53,-1,1
60876,85,86,-1,1
60877,114,115,-1,1
60878,152,162,-10,10
60879,79,65,14,14
60880,118,126,-8,8
60881,85,72,13,13
60882,94,87,7,7
60883,49,51,-2,2
60884,56,53,3,3
60885,156,145,11,11
60886,55,49,6,6
60887,116,114,2,2
60888,84,82,2,2
60889,105,102,3,3
60890,122,115,7,7
60891,80,87,-7,7
60892,89,76,13,13
60893,117,106,11,11
60894,50,49,1,1
60895,65,70,-5,5
60896,115,117,-2,2
60897,78,77,1,1
60898,112,117,-5,5
60899,84,78,6,6
60900,144,145,-1,1
60901,95,87,8,8
60902,125,126,-1,1
60903,115,131,-16,16
60904,76,70,6,6
60905,119,118,1,1
60906,133,153,-20,20
60907,90,81,9,9
60908,112,110,2,2
60909,76,72,4,4
60910,147,140,7,7
60911,55,59,-4,4
60912,131,118,13,13
60913,116,105,11,11
60914,84,83,1,1
60915,72,70,2,2
60916,73,77,-4,4
60917,43,51,-8,8
60918,73,72,1,1
60919,82,90,-8,8
60920,56,60,-4,4
60921,99,92,7,7
60922,105,117,-12,12
60923,79,84,-5,5
60924,138,124,14,14
60925,111,119,-8,8
60926,36,46,-10,10
60927,138,132,6,6
60928,89,93,-4,4
60929,93,81,12,12
60930,132,136,-4,4
60931,108,101,7,7
60932,66,69,-3,3
60933,71,73,-2,2
60934,65,62,3,3
60935,200,186,14,14
60936,72,107,-35,35
60937,232,231,1,1
60938,75,75,0,0
60939,186,166,20,20
60940,125,116,9,9
60941,95,104,-9,9
60942,203,159,44,44
60943,176,156,20,20
60944,129,128,1,1
60945,76,74,2,2
60946,143,140,3,3
60947,49,51,-2,2
60948,92,90,2,2
60949,92,91,1,1
60950,75,84,-9,9
60951,105,95,10,10
60952,155,136,19,19
60953,95,100,-5,5
60954,86,95,-9,9
60955,132,122,10,10
60956,46,50,-4,4
60957,69,74,-5,5
60958,58,68,-10,10
60959,140,132,8,8
60960,70,63,7,7
60961,89,88,1,1
60962,84,65,19,19
60963,124,119,5,5
60964,71,73,-2,2
60965,127,124,3,3
60966,69,67,2,2
60967,111,102,9,9
60968,125,128,-3,3
60969,85,89,-4,4
60970,76,76,0,0
60971,85,88,-3,3
60972,55,59,-4,4
60973,92,92,0,0
60974,182,169,13,13
60975,89,85,4,4
60976,102,95,7,7
60977,113,116,-3,3
60978,131,139,-8,8
60979,133,142,-9,9
60980,98,95,3,3
60981,154,138,16,16
60982,99,97,2,2
60983,114,110,4,4
60984,110,102,8,8
60985,125,104,21,21
60986,52,64,-12,12
60987,42,40,2,2
60988,80,72,8,8
60989,83,81,2,2
60990,143,136,7,7
60991,56,62,-6,6
60992,131,128,3,3
60993,112,128,-16,16
60994,110,111,-1,1
60995,104,99,5,5
60996,71,73,-2,2
60997,36,40,-4,4
60998,57,59,-2,2
60999,72,84,-12,12
61000,119,101,18,18
61001,194,178,16,16
61002,107,98,9,9
61003,123,120,3,3
61004,87,83,4,4
61005,157,154,3,3
61006,75,75,0,0
61007,94,98,-4,4
61008,85,88,-3,3
61009,85,97,-12,12
61010,44,48,-4,4
61011,78,83,-5,5
61012,97,76,21,21
61013,34,62,-28,28
61014,38,40,-2,2
61015,93,90,3,3
61016,113,108,5,5
61017,130,122,8,8
61018,46,47,-1,1
61019,94,100,-6,6
61020,144,132,12,12
61021,60,60,0,0
61022,110,111,-1,1
61023,78,81,-3,3
61024,172,167,5,5
61025,117,133,-16,16
61026,60,71,-11,11
61027,114,98,16,16
61028,136,147,-11,11
61029,130,141,-11,11
61030,140,133,7,7
61031,58,62,-4,4
61032,87,81,6,6
61033,154,144,10,10
61034,84,81,3,3
61035,78,71,7,7
61036,224,268,-44,44
61037,77,72,5,5
61038,114,110,4,4
61039,64,71,-7,7
61040,145,139,6,6
61041,62,62,0,0
61042,123,124,-1,1
61043,126,124,2,2
61044,59,71,-12,12
61045,59,69,-10,10
61046,65,77,-12,12
61047,81,85,-4,4
61048,104,96,8,8
61049,94,96,-2,2
61050,131,130,1,1
61051,60,59,1,1
61052,111,101,10,10
61053,159,146,13,13
61054,145,144,1,1
61055,67,63,4,4
61056,114,106,8,8
61057,82,77,5,5
61058,93,98,-5,5
61059,53,60,-7,7
61060,83,92,-9,9
61061,101,105,-4,4
61062,112,125,-13,13
61063,71,61,10,10
61064,86,76,10,10
61065,49,99,-50,50
61066,59,59,0,0
61067,125,116,9,9
61068,157,158,-1,1
61069,90,94,-4,4
61070,160,168,-8,8
61071,128,106,22,22
61072,78,81,-3,3
61073,153,152,1,1
61074,87,95,-8,8
61075,133,130,3,3
61076,96,102,-6,6
61077,88,98,-10,10
61078,69,79,-10,10
61079,150,163,-13,13
61080,134,122,12,12
61081,122,122,0,0
61082,91,92,-1,1
61083,156,146,10,10
61084,76,78,-2,2
61085,44,46,-2,2
61086,117,124,-7,7
61087,110,107,3,3
61088,101,83,18,18
61089,81,76,5,5
61090,52,53,-1,1
61091,164,164,0,0
61092,40,43,-3,3
61093,80,86,-6,6
61094,129,122,7,7
61095,131,124,7,7
61096,87,90,-3,3
61097,79,73,6,6
61098,110,106,4,4
61099,120,112,8,8
61100,100,119,-19,19
61101,113,113,0,0
61102,97,116,-19,19
61103,75,67,8,8
61104,85,94,-9,9
61105,49,46,3,3
61106,103,118,-15,15
61107,177,169,8,8
61108,94,96,-2,2
61109,130,126,4,4
61110,72,75,-3,3
61111,158,153,5,5
61112,47,51,-4,4
61113,74,89,-15,15
61114,101,104,-3,3
61115,51,61,-10,10
61116,83,81,2,2
61117,142,139,3,3
61118,58,63,-5,5
61119,83,84,-1,1
61120,45,45,0,0
61121,138,134,4,4
61122,152,145,7,7
61123,101,106,-5,5
61124,77,70,7,7
61125,52,79,-27,27
61126,89,80,9,9
61127,149,137,12,12
61128,78,70,8,8
61129,146,145,1,1
61130,122,125,-3,3
61131,88,82,6,6
61132,131,131,0,0
61133,67,67,0,0
61134,107,91,16,16
61135,139,146,-7,7
61136,164,153,11,11
61137,134,128,6,6
61138,71,68,3,3
61139,87,78,9,9
61140,68,69,-1,1
61141,56,108,-52,52
61142,118,123,-5,5
61143,101,98,3,3
61144,75,80,-5,5
61145,127,140,-13,13
61146,85,87,-2,2
61147,57,73,-16,16
61148,37,45,-8,8
61149,116,110,6,6
61150,108,104,4,4
61151,137,135,2,2
61152,58,59,-1,1
61153,67,86,-19,19
61154,106,105,1,1
61155,132,115,17,17
61156,102,94,8,8
61157,115,120,-5,5
61158,85,83,2,2
61159,107,108,-1,1
61160,49,54,-5,5
61161,139,153,-14,14
61162,126,131,-5,5
61163,135,142,-7,7
61164,69,65,4,4
61165,88,79,9,9
61166,117,115,2,2
61167,77,71,6,6
61168,51,62,-11,11
61169,92,105,-13,13
61170,80,86,-6,6
61171,82,80,2,2
61172,157,154,3,3
61173,83,83,0,0
61174,136,126,10,10
61175,147,135,12,12
61176,49,52,-3,3
61177,86,83,3,3
61178,125,118,7,7
61179,73,67,6,6
61180,99,110,-11,11
61181,102,104,-2,2
61182,101,103,-2,2
61183,109,99,10,10
61184,126,123,3,3
61185,142,124,18,18
61186,62,64,-2,2
61187,113,109,4,4
61188,149,128,21,21
61189,61,63,-2,2
61190,66,72,-6,6
61191,122,115,7,7
61192,89,89,0,0
61193,76,80,-4,4
61194,74,83,-9,9
61195,61,71,-10,10
61196,44,49,-5,5
61197,107,121,-14,14
61198,104,98,6,6
61199,109,108,1,1
61200,140,129,11,11
61201,43,51,-8,8
61202,40,43,-3,3
61203,223,191,32,32
61204,95,90,5,5
61205,47,51,-4,4
61206,71,64,7,7
61207,121,106,15,15
61208,119,124,-5,5
61209,135,133,2,2
61210,78,70,8,8
61211,96,87,9,9
61212,71,67,4,4
61213,71,80,-9,9
61214,108,132,-24,24
61215,64,62,2,2
61216,169,188,-19,19
61217,80,79,1,1
61218,78,80,-2,2
61219,100,97,3,3
61220,90,87,3,3
61221,108,103,5,5
61222,84,85,-1,1
61223,150,142,8,8
61224,91,109,-18,18
61225,55,76,-21,21
61226,83,83,0,0
61227,119,156,-37,37
61228,86,87,-1,1
61229,101,108,-7,7
61230,89,75,14,14
61231,80,85,-5,5
61232,116,108,8,8
61233,146,149,-3,3
61234,64,71,-7,7
61235,175,166,9,9
61236,139,139,0,0
61237,79,75,4,4
61238,120,113,7,7
61239,84,89,-5,5
61240,132,134,-2,2
61241,71,69,2,2
61242,104,92,12,12
61243,60,63,-3,3
61244,171,151,20,20
61245,93,93,0,0
61246,132,130,2,2
61247,55,59,-4,4
61248,74,55,19,19
61249,126,108,18,18
61250,75,79,-4,4
61251,45,56,-11,11
61252,95,94,1,1
61253,154,137,17,17
61254,143,132,11,11
61255,111,111,0,0
61256,97,103,-6,6
61257,203,219,-16,16
61258,42,40,2,2
61259,49,49,0,0
61260,111,110,1,1
61261,76,66,10,10
61262,79,74,5,5
61263,70,81,-11,11
61264,57,60,-3,3
61265,60,61,-1,1
61266,119,123,-4,4
61267,76,80,-4,4
61268,72,66,6,6
61269,124,108,16,16
61270,138,115,23,23
61271,118,116,2,2
61272,119,112,7,7
61273,94,78,16,16
61274,113,134,-21,21
61275,69,86,-17,17
61276,106,96,10,10
61277,41,47,-6,6
61278,88,81,7,7
61279,124,136,-12,12
61280,51,57,-6,6
61281,70,80,-10,10
61282,112,111,1,1
61283,100,97,3,3
61284,143,134,9,9
61285,87,93,-6,6
61286,61,62,-1,1
61287,64,66,-2,2
61288,130,129,1,1
61289,81,79,2,2
61290,73,62,11,11
61291,47,47,0,0
61292,99,114,-15,15
61293,95,89,6,6
61294,105,105,0,0
61295,126,128,-2,2
61296,108,97,11,11
61297,67,72,-5,5
61298,72,79,-7,7
61299,65,60,5,5
61300,109,105,4,4
61301,52,56,-4,4
61302,122,114,8,8
61303,59,65,-6,6
61304,117,127,-10,10
61305,79,73,6,6
61306,46,46,0,0
61307,64,75,-11,11
61308,71,83,-12,12
61309,60,61,-1,1
61310,70,69,1,1
61311,114,111,3,3
61312,101,101,0,0
61313,138,141,-3,3
61314,98,88,10,10
61315,92,96,-4,4
61316,196,188,8,8
61317,109,112,-3,3
61318,55,51,4,4
61319,166,168,-2,2
61320,68,68,0,0
61321,61,66,-5,5
61322,79,79,0,0
61323,86,82,4,4
61324,90,83,7,7
61325,128,124,4,4
61326,102,101,1,1
61327,118,108,10,10
61328,86,85,1,1
61329,105,105,0,0
61330,78,73,5,5
61331,96,95,1,1
61332,38,46,-8,8
61333,96,99,-3,3
61334,123,121,2,2
61335,85,81,4,4
61336,117,107,10,10
61337,78,101,-23,23
61338,131,136,-5,5
61339,82,82,0,0
61340,87,90,-3,3
61341,81,81,0,0
61342,59,54,5,5
61343,84,84,0,0
61344,89,93,-4,4
61345,65,67,-2,2
61346,131,136,-5,5
61347,55,54,1,1
61348,66,70,-4,4
61349,74,71,3,3
61350,84,66,18,18
61351,110,100,10,10
61352,63,79,-16,16
61353,97,84,13,13
61354,55,64,-9,9
61355,94,95,-1,1
61356,148,146,2,2
61357,110,99,11,11
61358,161,159,2,2
61359,139,130,9,9
61360,63,71,-8,8
61361,120,119,1,1
61362,79,83,-4,4
61363,131,135,-4,4
61364,150,131,19,19
61365,80,80,0,0
61366,37,41,-4,4
61367,116,115,1,1
61368,82,80,2,2
61369,130,131,-1,1
61370,68,75,-7,7
61371,86,82,4,4
61372,90,81,9,9
61373,57,54,3,3
61374,149,140,9,9
61375,79,80,-1,1
61376,126,126,0,0
61377,120,134,-14,14
61378,197,184,13,13
61379,62,59,3,3
61380,88,87,1,1
61381,144,137,7,7
61382,99,90,9,9
61383,101,117,-16,16
61384,111,100,11,11
61385,61,61,0,0
61386,85,82,3,3
61387,96,95,1,1
61388,125,124,1,1
61389,107,99,8,8
61390,136,122,14,14
61391,148,143,5,5
61392,98,107,-9,9
61393,66,61,5,5
61394,95,76,19,19
61395,107,90,17,17
61396,47,51,-4,4
61397,78,78,0,0
61398,81,77,4,4
61399,72,76,-4,4
61400,84,96,-12,12
61401,145,153,-8,8
61402,77,74,3,3
61403,90,84,6,6
61404,131,122,9,9
61405,91,84,7,7
61406,38,67,-29,29
61407,94,91,3,3
61408,111,110,1,1
61409,145,145,0,0
61410,84,88,-4,4
61411,87,78,9,9
61412,115,107,8,8
61413,95,88,7,7
61414,144,134,10,10
61415,90,83,7,7
61416,101,94,7,7
61417,91,90,1,1
61418,190,189,1,1
61419,80,81,-1,1
61420,167,152,15,15
61421,83,73,10,10
61422,66,65,1,1
61423,50,50,0,0
61424,111,111,0,0
61425,83,90,-7,7
61426,72,66,6,6
61427,73,72,1,1
61428,79,85,-6,6
61429,66,73,-7,7
61430,83,82,1,1
61431,262,241,21,21
61432,108,116,-8,8
61433,117,112,5,5
61434,98,84,14,14
61435,85,88,-3,3
61436,63,63,0,0
61437,190,183,7,7
61438,85,84,1,1
61439,123,114,9,9
61440,144,142,2,2
61441,75,78,-3,3
61442,97,94,3,3
61443,85,75,10,10
61444,69,68,1,1
61445,77,80,-3,3
61446,61,65,-4,4
61447,75,73,2,2
61448,97,120,-23,23
61449,70,69,1,1
61450,85,78,7,7
61451,61,65,-4,4
61452,77,72,5,5
61453,58,65,-7,7
61454,83,77,6,6
61455,91,93,-2,2
61456,53,57,-4,4
61457,55,52,3,3
61458,87,88,-1,1
61459,80,83,-3,3
61460,53,63,-10,10
61461,133,128,5,5
61462,90,95,-5,5
61463,60,67,-7,7
61464,68,73,-5,5
61465,66,53,13,13
61466,112,115,-3,3
61467,139,137,2,2
61468,50,58,-8,8
61469,120,122,-2,2
61470,77,77,0,0
61471,81,66,15,15
61472,87,81,6,6
61473,43,44,-1,1
61474,68,60,8,8
61475,58,54,4,4
61476,120,124,-4,4
61477,114,103,11,11
61478,173,161,12,12
61479,62,63,-1,1
61480,115,105,10,10
61481,213,200,13,13
61482,108,105,3,3
61483,53,66,-13,13
61484,85,75,10,10
61485,119,121,-2,2
61486,74,79,-5,5
61487,93,86,7,7
61488,72,70,2,2
61489,104,90,14,14
61490,88,90,-2,2
61491,56,65,-9,9
61492,139,136,3,3
61493,110,110,0,0
61494,93,84,9,9
61495,54,48,6,6
61496,83,88,-5,5
61497,73,67,6,6
61498,202,183,19,19
61499,95,93,2,2
61500,51,55,-4,4
61501,141,126,15,15
61502,130,128,2,2
61503,89,95,-6,6
61504,67,63,4,4
61505,92,97,-5,5
61506,138,146,-8,8
61507,50,51,-1,1
61508,85,77,8,8
61509,118,102,16,16
61510,84,82,2,2
61511,95,90,5,5
61512,92,98,-6,6
61513,141,151,-10,10
61514,94,101,-7,7
61515,117,121,-4,4
61516,82,68,14,14
61517,73,81,-8,8
61518,108,94,14,14
61519,93,106,-13,13
61520,156,160,-4,4
61521,84,84,0,0
61522,106,90,16,16
61523,91,95,-4,4
61524,88,91,-3,3
61525,78,69,9,9
61526,136,132,4,4
61527,59,67,-8,8
61528,94,102,-8,8
61529,100,100,0,0
61530,144,139,5,5
61531,89,112,-23,23
61532,67,69,-2,2
61533,28,35,-7,7
61534,114,110,4,4
61535,123,134,-11,11
61536,85,71,14,14
61537,77,76,1,1
61538,89,105,-16,16
61539,90,86,4,4
61540,80,84,-4,4
61541,114,119,-5,5
61542,46,45,1,1
61543,123,116,7,7
61544,132,133,-1,1
61545,106,119,-13,13
61546,93,94,-1,1
61547,100,124,-24,24
61548,82,80,2,2
61549,170,178,-8,8
61550,103,118,-15,15
61551,60,61,-1,1
61552,101,116,-15,15
61553,101,98,3,3
61554,106,100,6,6
61555,53,66,-13,13
61556,45,44,1,1
61557,102,121,-19,19
61558,74,68,6,6
61559,107,117,-10,10
61560,95,98,-3,3
61561,96,88,8,8
61562,100,98,2,2
61563,40,51,-11,11
61564,85,81,4,4
61565,59,61,-2,2
61566,107,100,7,7
61567,157,147,10,10
61568,72,77,-5,5
61569,104,93,11,11
61570,53,61,-8,8
61571,131,128,3,3
61572,147,140,7,7
61573,80,78,2,2
61574,135,136,-1,1
61575,119,112,7,7
61576,128,124,4,4
61577,126,123,3,3
61578,91,79,12,12
61579,102,88,14,14
61580,55,63,-8,8
61581,69,66,3,3
61582,57,67,-10,10
61583,53,55,-2,2
61584,109,93,16,16
61585,106,88,18,18
61586,106,110,-4,4
61587,128,117,11,11
61588,84,79,5,5
61589,73,74,-1,1
61590,137,119,18,18
61591,96,96,0,0
61592,106,103,3,3
61593,119,119,0,0
61594,113,113,0,0
61595,138,129,9,9
61596,52,52,0,0
61597,115,112,3,3
61598,66,68,-2,2
61599,114,117,-3,3
61600,46,64,-18,18
61601,108,106,2,2
61602,85,80,5,5
61603,67,61,6,6
61604,66,60,6,6
61605,76,82,-6,6
61606,93,86,7,7
61607,145,156,-11,11
61608,122,116,6,6
61609,88,82,6,6
61610,59,60,-1,1
61611,77,79,-2,2
61612,84,86,-2,2
61613,71,79,-8,8
61614,93,86,7,7
61615,71,67,4,4
61616,40,46,-6,6
61617,165,157,8,8
61618,104,102,2,2
61619,54,49,5,5
61620,46,42,4,4
61621,70,69,1,1
61622,51,51,0,0
61623,86,83,3,3
61624,86,80,6,6
61625,90,85,5,5
61626,160,160,0,0
61627,119,115,4,4
61628,78,83,-5,5
61629,112,124,-12,12
61630,89,70,19,19
61631,96,103,-7,7
61632,96,95,1,1
61633,96,95,1,1
61634,33,39,-6,6
61635,78,73,5,5
61636,65,54,11,11
61637,69,71,-2,2
61638,85,87,-2,2
61639,71,63,8,8
61640,119,107,12,12
61641,100,96,4,4
61642,102,101,1,1
61643,96,84,12,12
61644,77,71,6,6
61645,91,94,-3,3
61646,175,163,12,12
61647,96,100,-4,4
61648,133,127,6,6
61649,107,127,-20,20
61650,98,90,8,8
61651,94,99,-5,5
61652,67,68,-1,1
61653,116,119,-3,3
61654,73,81,-8,8
61655,83,68,15,15
61656,75,79,-4,4
61657,109,125,-16,16
61658,143,149,-6,6
61659,84,89,-5,5
61660,79,82,-3,3
61661,104,101,3,3
61662,44,43,1,1
61663,53,47,6,6
61664,108,103,5,5
61665,86,92,-6,6
61666,119,121,-2,2
61667,56,39,17,17
61668,88,93,-5,5
61669,118,121,-3,3
61670,102,104,-2,2
61671,49,50,-1,1
61672,99,94,5,5
61673,105,183,-78,78
61674,131,114,17,17
61675,78,72,6,6
61676,99,92,7,7
61677,23,32,-9,9
61678,126,127,-1,1
61679,92,89,3,3
61680,85,93,-8,8
61681,61,65,-4,4
61682,137,143,-6,6
61683,74,73,1,1
61684,129,123,6,6
61685,156,157,-1,1
61686,72,67,5,5
61687,151,139,12,12
61688,72,64,8,8
61689,81,86,-5,5
61690,128,120,8,8
61691,136,126,10,10
61692,111,113,-2,2
61693,150,158,-8,8
61694,79,80,-1,1
61695,124,119,5,5
61696,133,123,10,10
61697,106,117,-11,11
61698,71,76,-5,5
61699,69,63,6,6
61700,105,112,-7,7
61701,60,55,5,5
61702,97,96,1,1
61703,129,133,-4,4
61704,70,66,4,4
61705,137,145,-8,8
61706,110,98,12,12
61707,97,93,4,4
61708,149,168,-19,19
61709,63,65,-2,2
61710,71,75,-4,4
61711,108,99,9,9
61712,127,123,4,4
61713,92,97,-5,5
61714,41,44,-3,3
61715,87,82,5,5
61716,95,93,2,2
61717,58,62,-4,4
61718,103,114,-11,11
61719,106,102,4,4
61720,100,105,-5,5
61721,49,60,-11,11
61722,103,115,-12,12
61723,147,158,-11,11
61724,110,104,6,6
61725,121,142,-21,21
61726,66,64,2,2
61727,66,65,1,1
61728,75,72,3,3
61729,127,136,-9,9
61730,96,89,7,7
61731,179,167,12,12
61732,153,153,0,0
61733,89,81,8,8
61734,111,111,0,0
61735,124,104,20,20
61736,86,72,14,14
61737,98,106,-8,8
61738,82,83,-1,1
61739,138,118,20,20
61740,98,86,12,12
61741,187,179,8,8
61742,141,132,9,9
61743,72,78,-6,6
61744,110,106,4,4
61745,87,92,-5,5
61746,60,59,1,1
61747,71,70,1,1
61748,123,126,-3,3
61749,57,63,-6,6
61750,113,118,-5,5
61751,148,147,1,1
61752,73,74,-1,1
61753,62,72,-10,10
61754,108,129,-21,21
61755,105,103,2,2
61756,152,119,33,33
61757,51,51,0,0
61758,127,122,5,5
61759,31,69,-38,38
61760,68,67,1,1
61761,163,152,11,11
61762,160,153,7,7
61763,73,76,-3,3
61764,43,47,-4,4
61765,102,101,1,1
61766,91,107,-16,16
61767,136,120,16,16
61768,92,87,5,5
61769,60,61,-1,1
61770,45,52,-7,7
61771,111,105,6,6
61772,95,101,-6,6
61773,100,97,3,3
61774,139,144,-5,5
61775,99,93,6,6
61776,68,73,-5,5
61777,55,55,0,0
61778,110,101,9,9
61779,67,73,-6,6
61780,103,98,5,5
61781,115,111,4,4
61782,131,145,-14,14
61783,106,112,-6,6
61784,154,152,2,2
61785,104,114,-10,10
61786,91,88,3,3
61787,139,146,-7,7
61788,56,59,-3,3
61789,139,134,5,5
61790,72,65,7,7
61791,144,142,2,2
61792,112,110,2,2
61793,68,63,5,5
61794,88,90,-2,2
61795,79,91,-12,12
61796,104,110,-6,6
61797,54,50,4,4
61798,111,104,7,7
61799,87,89,-2,2
61800,185,176,9,9
61801,92,89,3,3
61802,68,75,-7,7
61803,91,87,4,4
61804,84,81,3,3
61805,82,80,2,2
61806,126,119,7,7
61807,71,73,-2,2
61808,72,67,5,5
61809,137,139,-2,2
61810,61,71,-10,10
61811,106,105,1,1
61812,59,53,6,6
61813,77,75,2,2
61814,149,130,19,19
61815,63,66,-3,3
61816,66,69,-3,3
61817,105,102,3,3
61818,85,85,0,0
61819,109,97,12,12
61820,81,87,-6,6
61821,60,62,-2,2
61822,40,45,-5,5
61823,95,90,5,5
61824,110,96,14,14
61825,68,63,5,5
61826,67,71,-4,4
61827,76,75,1,1
61828,188,184,4,4
61829,59,58,1,1
61830,131,119,12,12
61831,108,105,3,3
61832,114,119,-5,5
61833,108,105,3,3
61834,104,96,8,8
61835,94,94,0,0
61836,47,46,1,1
61837,77,68,9,9
61838,80,84,-4,4
61839,96,87,9,9
61840,103,102,1,1
61841,109,111,-2,2
61842,66,77,-11,11
61843,98,89,9,9
61844,126,110,16,16
61845,97,110,-13,13
61846,99,96,3,3
61847,107,112,-5,5
61848,129,131,-2,2
61849,87,91,-4,4
61850,69,67,2,2
61851,115,108,7,7
61852,99,101,-2,2
61853,99,95,4,4
61854,155,165,-10,10
61855,121,118,3,3
61856,123,130,-7,7
61857,91,88,3,3
61858,68,78,-10,10
61859,118,107,11,11
61860,98,103,-5,5
61861,108,104,4,4
61862,112,108,4,4
61863,80,72,8,8
61864,92,132,-40,40
61865,116,109,7,7
61866,56,61,-5,5
61867,127,124,3,3
61868,50,53,-3,3
61869,121,115,6,6
61870,157,158,-1,1
61871,78,75,3,3
61872,85,76,9,9
61873,142,143,-1,1
61874,42,46,-4,4
61875,62,68,-6,6
61876,61,64,-3,3
61877,75,79,-4,4
61878,82,82,0,0
61879,107,105,2,2
61880,130,132,-2,2
61881,64,71,-7,7
61882,75,74,1,1
61883,109,103,6,6
61884,65,77,-12,12
61885,112,116,-4,4
61886,88,92,-4,4
61887,140,132,8,8
61888,132,124,8,8
61889,108,115,-7,7
61890,92,76,16,16
61891,63,60,3,3
61892,48,49,-1,1
61893,144,123,21,21
61894,104,101,3,3
61895,107,99,8,8
61896,52,65,-13,13
61897,73,75,-2,2
61898,44,46,-2,2
61899,120,114,6,6
61900,87,83,4,4
61901,110,118,-8,8
61902,73,72,1,1
61903,79,88,-9,9
61904,57,62,-5,5
61905,68,70,-2,2
61906,81,94,-13,13
61907,63,64,-1,1
61908,41,39,2,2
61909,71,66,5,5
61910,106,113,-7,7
61911,105,94,11,11
61912,183,155,28,28
61913,111,118,-7,7
61914,137,132,5,5
61915,51,55,-4,4
61916,40,41,-1,1
61917,70,79,-9,9
61918,120,116,4,4
61919,57,63,-6,6
61920,66,61,5,5
61921,140,123,17,17
61922,71,81,-10,10
61923,96,92,4,4
61924,108,107,1,1
61925,134,146,-12,12
61926,97,94,3,3
61927,44,45,-1,1
61928,49,50,-1,1
61929,63,59,4,4
61930,97,101,-4,4
61931,38,39,-1,1
61932,68,66,2,2
61933,114,103,11,11
61934,105,107,-2,2
61935,36,39,-3,3
61936,69,61,8,8
61937,101,96,5,5
61938,155,144,11,11
61939,53,70,-17,17
61940,151,145,6,6
61941,65,63,2,2
61942,64,66,-2,2
61943,181,169,12,12
61944,110,110,0,0
61945,93,96,-3,3
61946,183,173,10,10
61947,94,91,3,3
61948,91,93,-2,2
61949,105,109,-4,4
61950,51,53,-2,2
61951,76,78,-2,2
61952,60,73,-13,13
61953,72,70,2,2
61954,108,106,2,2
61955,119,115,4,4
61956,98,112,-14,14
61957,119,108,11,11
61958,122,118,4,4
61959,90,91,-1,1
61960,55,57,-2,2
61961,62,59,3,3
61962,41,65,-24,24
61963,86,82,4,4
61964,58,65,-7,7
61965,159,162,-3,3
61966,84,85,-1,1
61967,101,100,1,1
61968,107,100,7,7
61969,150,144,6,6
61970,105,109,-4,4
61971,83,85,-2,2
61972,78,87,-9,9
61973,51,49,2,2
61974,83,92,-9,9
61975,111,115,-4,4
61976,116,125,-9,9
61977,124,101,23,23
61978,116,111,5,5
61979,133,128,5,5
61980,143,141,2,2
61981,102,101,1,1
61982,94,97,-3,3
61983,66,64,2,2
61984,76,83,-7,7
61985,108,103,5,5
61986,69,60,9,9
61987,90,77,13,13
61988,65,74,-9,9
61989,157,159,-2,2
61990,81,74,7,7
61991,116,124,-8,8
61992,94,93,1,1
61993,98,113,-15,15
61994,149,141,8,8
61995,87,89,-2,2
61996,124,125,-1,1
61997,121,122,-1,1
61998,157,148,9,9
61999,100,94,6,6
62000,129,130,-1,1
62001,97,95,2,2
62002,57,54,3,3
62003,108,102,6,6
62004,64,55,9,9
62005,195,177,18,18
62006,81,74,7,7
62007,92,90,2,2
62008,139,147,-8,8
62009,67,64,3,3
62010,78,86,-8,8
62011,56,60,-4,4
62012,90,88,2,2
62013,69,74,-5,5
62014,109,97,12,12
62015,67,65,2,2
62016,65,69,-4,4
62017,67,75,-8,8
62018,128,115,13,13
62019,101,96,5,5
62020,103,101,2,2
62021,66,63,3,3
62022,78,82,-4,4
62023,121,116,5,5
62024,99,105,-6,6
62025,69,61,8,8
62026,64,67,-3,3
62027,66,65,1,1
62028,76,78,-2,2
62029,91,90,1,1
62030,49,56,-7,7
62031,222,188,34,34
62032,71,63,8,8
62033,155,156,-1,1
62034,80,83,-3,3
62035,94,77,17,17
62036,70,69,1,1
62037,106,106,0,0
62038,81,87,-6,6
62039,90,79,11,11
62040,73,72,1,1
62041,65,60,5,5
62042,71,76,-5,5
62043,140,121,19,19
62044,109,115,-6,6
62045,72,70,2,2
62046,95,104,-9,9
62047,92,84,8,8
62048,104,112,-8,8
62049,74,74,0,0
62050,102,102,0,0
62051,75,81,-6,6
62052,100,95,5,5
62053,111,119,-8,8
62054,52,50,2,2
62055,79,67,12,12
62056,99,94,5,5
62057,140,145,-5,5
62058,181,185,-4,4
62059,106,106,0,0
62060,59,52,7,7
62061,129,123,6,6
62062,95,113,-18,18
62063,50,53,-3,3
62064,71,66,5,5
62065,46,60,-14,14
62066,103,112,-9,9
62067,82,83,-1,1
62068,114,108,6,6
62069,114,114,0,0
62070,92,93,-1,1
62071,74,80,-6,6
62072,102,102,0,0
62073,104,104,0,0
62074,86,80,6,6
62075,51,69,-18,18
62076,86,83,3,3
62077,78,79,-1,1
62078,99,103,-4,4
62079,95,89,6,6
62080,82,79,3,3
62081,111,115,-4,4
62082,129,115,14,14
62083,90,111,-21,21
62084,139,131,8,8
62085,72,80,-8,8
62086,55,59,-4,4
62087,165,157,8,8
62088,115,119,-4,4
62089,61,71,-10,10
62090,84,82,2,2
62091,136,138,-2,2
62092,83,77,6,6
62093,27,75,-48,48
62094,108,105,3,3
62095,147,137,10,10
62096,120,123,-3,3
62097,73,88,-15,15
62098,60,70,-10,10
62099,123,130,-7,7
62100,89,89,0,0
62101,73,66,7,7
62102,64,64,0,0
62103,62,63,-1,1
62104,100,101,-1,1
62105,100,89,11,11
62106,48,63,-15,15
62107,119,112,7,7
62108,53,54,-1,1
62109,142,146,-4,4
62110,58,59,-1,1
62111,100,111,-11,11
62112,77,76,1,1
62113,71,84,-13,13
62114,126,126,0,0
62115,50,51,-1,1
62116,205,169,36,36
62117,60,64,-4,4
62118,91,90,1,1
62119,70,77,-7,7
62120,90,94,-4,4
62121,159,153,6,6
62122,75,76,-1,1
62123,116,93,23,23
62124,109,117,-8,8
62125,143,137,6,6
62126,112,102,10,10
62127,84,85,-1,1
62128,170,175,-5,5
62129,150,150,0,0
62130,109,103,6,6
62131,161,154,7,7
62132,99,105,-6,6
62133,127,114,13,13
62134,62,73,-11,11
62135,133,132,1,1
62136,101,111,-10,10
62137,127,121,6,6
62138,89,83,6,6
62139,95,91,4,4
62140,150,142,8,8
62141,49,49,0,0
62142,92,89,3,3
62143,92,90,2,2
62144,38,47,-9,9
62145,145,152,-7,7
62146,156,164,-8,8
62147,125,126,-1,1
62148,51,49,2,2
62149,134,112,22,22
62150,92,105,-13,13
62151,85,93,-8,8
62152,60,60,0,0
62153,67,70,-3,3
62154,99,109,-10,10
62155,159,159,0,0
62156,86,93,-7,7
62157,75,63,12,12
62158,42,42,0,0
62159,71,77,-6,6
62160,136,141,-5,5
62161,67,77,-10,10
62162,112,110,2,2
62163,71,74,-3,3
62164,48,60,-12,12
62165,139,141,-2,2
62166,114,150,-36,36
62167,48,46,2,2
62168,86,86,0,0
62169,119,116,3,3
62170,94,90,4,4
62171,105,107,-2,2
62172,104,95,9,9
62173,85,88,-3,3
62174,66,62,4,4
62175,93,89,4,4
62176,88,93,-5,5
62177,67,66,1,1
62178,91,100,-9,9
62179,110,109,1,1
62180,80,73,7,7
62181,98,108,-10,10
62182,126,124,2,2
62183,52,61,-9,9
62184,63,71,-8,8
62185,91,95,-4,4
62186,103,107,-4,4
62187,68,68,0,0
62188,73,75,-2,2
62189,95,97,-2,2
62190,100,98,2,2
62191,111,96,15,15
62192,100,106,-6,6
62193,75,79,-4,4
62194,84,89,-5,5
62195,75,75,0,0
62196,139,129,10,10
62197,105,108,-3,3
62198,84,94,-10,10
62199,137,123,14,14
62200,65,96,-31,31
62201,97,91,6,6
62202,78,82,-4,4
62203,122,127,-5,5
62204,72,77,-5,5
62205,80,102,-22,22
62206,132,123,9,9
62207,113,105,8,8
62208,121,119,2,2
62209,72,71,1,1
62210,95,102,-7,7
62211,124,122,2,2
62212,122,122,0,0
62213,152,154,-2,2
62214,105,99,6,6
62215,103,111,-8,8
62216,111,104,7,7
62217,60,62,-2,2
62218,75,96,-21,21
62219,69,72,-3,3
62220,85,79,6,6
62221,91,96,-5,5
62222,106,96,10,10
62223,76,84,-8,8
62224,43,47,-4,4
62225,65,63,2,2
62226,180,182,-2,2
62227,38,53,-15,15
62228,86,83,3,3
62229,77,78,-1,1
62230,110,112,-2,2
62231,111,114,-3,3
62232,134,131,3,3
62233,123,128,-5,5
62234,67,69,-2,2
62235,77,82,-5,5
62236,95,102,-7,7
62237,94,93,1,1
62238,131,127,4,4
62239,88,102,-14,14
62240,130,126,4,4
62241,78,79,-1,1
62242,98,97,1,1
62243,66,64,2,2
62244,63,65,-2,2
62245,85,82,3,3
62246,82,83,-1,1
62247,82,88,-6,6
62248,104,102,2,2
62249,120,120,0,0
62250,68,69,-1,1
62251,108,109,-1,1
62252,101,96,5,5
62253,102,96,6,6
62254,161,166,-5,5
62255,48,50,-2,2
62256,82,90,-8,8
62257,134,132,2,2
62258,102,96,6,6
62259,47,52,-5,5
62260,101,75,26,26
62261,103,100,3,3
62262,158,145,13,13
62263,79,80,-1,1
62264,126,125,1,1
62265,72,77,-5,5
62266,103,102,1,1
62267,86,96,-10,10
62268,73,85,-12,12
62269,150,145,5,5
62270,69,65,4,4
62271,89,83,6,6
62272,102,94,8,8
62273,89,88,1,1
62274,92,95,-3,3
62275,91,84,7,7
62276,69,68,1,1
62277,31,42,-11,11
62278,62,53,9,9
62279,74,77,-3,3
62280,73,67,6,6
62281,92,81,11,11
62282,68,75,-7,7
62283,121,115,6,6
62284,160,162,-2,2
62285,124,123,1,1
62286,71,67,4,4
62287,98,88,10,10
62288,85,84,1,1
62289,93,83,10,10
62290,87,80,7,7
62291,210,182,28,28
62292,74,73,1,1
62293,84,88,-4,4
62294,141,141,0,0
62295,68,69,-1,1
62296,118,118,0,0
62297,75,77,-2,2
62298,150,146,4,4
62299,162,161,1,1
62300,59,59,0,0
62301,82,82,0,0
62302,118,110,8,8
62303,94,99,-5,5
62304,75,95,-20,20
62305,71,69,2,2
62306,131,124,7,7
62307,120,112,8,8
62308,91,93,-2,2
62309,112,105,7,7
62310,145,146,-1,1
62311,93,84,9,9
62312,93,84,9,9
62313,89,76,13,13
62314,110,102,8,8
62315,78,76,2,2
62316,80,79,1,1
62317,133,134,-1,1
62318,50,46,4,4
62319,82,79,3,3
62320,145,127,18,18
62321,126,107,19,19
62322,105,102,3,3
62323,159,159,0,0
62324,118,125,-7,7
62325,142,137,5,5
62326,108,98,10,10
62327,110,112,-2,2
62328,106,96,10,10
62329,119,119,0,0
62330,90,90,0,0
62331,68,70,-2,2
62332,119,114,5,5
62333,162,152,10,10
62334,76,75,1,1
62335,89,85,4,4
62336,57,61,-4,4
62337,79,82,-3,3
62338,72,77,-5,5
62339,110,98,12,12
62340,82,79,3,3
62341,76,70,6,6
62342,68,74,-6,6
62343,79,105,-26,26
62344,64,66,-2,2
62345,151,137,14,14
62346,64,65,-1,1
62347,110,103,7,7
62348,78,72,6,6
62349,123,128,-5,5
62350,118,116,2,2
62351,58,64,-6,6
62352,140,134,6,6
62353,128,117,11,11
62354,57,49,8,8
62355,101,102,-1,1
62356,106,99,7,7
62357,71,76,-5,5
62358,61,59,2,2
62359,187,162,25,25
62360,123,109,14,14
62361,64,61,3,3
62362,59,61,-2,2
62363,83,84,-1,1
62364,68,69,-1,1
62365,83,75,8,8
62366,111,106,5,5
62367,86,95,-9,9
62368,87,90,-3,3
62369,97,92,5,5
62370,76,79,-3,3
62371,91,92,-1,1
62372,169,154,15,15
62373,51,49,2,2
62374,57,72,-15,15
62375,168,175,-7,7
62376,93,72,21,21
62377,93,89,4,4
62378,98,85,13,13
62379,76,88,-12,12
62380,142,137,5,5
62381,60,63,-3,3
62382,118,114,4,4
62383,40,59,-19,19
62384,68,62,6,6
62385,75,70,5,5
62386,97,94,3,3
62387,124,123,1,1
62388,68,61,7,7
62389,89,88,1,1
62390,109,110,-1,1
62391,53,52,1,1
62392,112,109,3,3
62393,140,147,-7,7
62394,113,103,10,10
62395,105,115,-10,10
62396,69,66,3,3
62397,98,123,-25,25
62398,150,149,1,1
62399,93,93,0,0
62400,117,126,-9,9
62401,44,46,-2,2
62402,65,58,7,7
62403,78,70,8,8
62404,149,149,0,0
62405,75,74,1,1
62406,82,83,-1,1
62407,93,87,6,6
62408,129,130,-1,1
62409,46,51,-5,5
62410,56,49,7,7
62411,99,84,15,15
62412,31,46,-15,15
62413,113,115,-2,2
62414,167,171,-4,4
62415,113,116,-3,3
62416,171,175,-4,4
62417,71,73,-2,2
62418,103,103,0,0
62419,76,80,-4,4
62420,64,53,11,11
62421,105,112,-7,7
62422,176,172,4,4
62423,127,116,11,11
62424,118,108,10,10
62425,88,98,-10,10
62426,133,132,1,1
62427,84,94,-10,10
62428,108,109,-1,1
62429,72,65,7,7
62430,128,126,2,2
62431,36,43,-7,7
62432,116,105,11,11
62433,105,108,-3,3
62434,85,87,-2,2
62435,48,50,-2,2
62436,142,126,16,16
62437,78,63,15,15
62438,72,77,-5,5
62439,255,242,13,13
62440,113,118,-5,5
62441,98,89,9,9
62442,143,131,12,12
62443,85,106,-21,21
62444,111,116,-5,5
62445,106,106,0,0
62446,111,110,1,1
62447,84,79,5,5
62448,74,75,-1,1
62449,87,91,-4,4
62450,133,132,1,1
62451,111,118,-7,7
62452,78,80,-2,2
62453,83,88,-5,5
62454,117,103,14,14
62455,97,93,4,4
62456,127,130,-3,3
62457,66,62,4,4
62458,124,117,7,7
62459,72,71,1,1
62460,108,99,9,9
62461,124,126,-2,2
62462,137,118,19,19
62463,84,86,-2,2
62464,175,176,-1,1
62465,32,35,-3,3
62466,127,113,14,14
62467,139,141,-2,2
62468,84,109,-25,25
62469,138,149,-11,11
62470,147,152,-5,5
62471,49,54,-5,5
62472,87,83,4,4
62473,71,74,-3,3
62474,89,75,14,14
62475,122,122,0,0
62476,110,116,-6,6
62477,112,115,-3,3
62478,161,146,15,15
62479,78,84,-6,6
62480,84,88,-4,4
62481,96,88,8,8
62482,83,82,1,1
62483,166,147,19,19
62484,69,65,4,4
62485,48,44,4,4
62486,84,69,15,15
62487,113,96,17,17
62488,89,91,-2,2
62489,51,53,-2,2
62490,101,102,-1,1
62491,70,67,3,3
62492,107,98,9,9
62493,99,92,7,7
62494,142,134,8,8
62495,123,112,11,11
62496,81,80,1,1
62497,60,59,1,1
62498,139,131,8,8
62499,93,88,5,5
62500,123,136,-13,13
62501,101,77,24,24
62502,128,125,3,3
62503,72,74,-2,2
62504,134,121,13,13
62505,89,90,-1,1
62506,162,156,6,6
62507,129,113,16,16
62508,97,99,-2,2
62509,63,72,-9,9
62510,88,90,-2,2
62511,47,48,-1,1
62512,163,155,8,8
62513,169,176,-7,7
62514,88,84,4,4
62515,116,114,2,2
62516,68,69,-1,1
62517,66,69,-3,3
62518,75,78,-3,3
62519,79,85,-6,6
62520,132,134,-2,2
62521,64,70,-6,6
62522,154,152,2,2
62523,159,133,26,26
62524,97,98,-1,1
62525,151,148,3,3
62526,64,66,-2,2
62527,86,76,10,10
62528,86,107,-21,21
62529,105,107,-2,2
62530,135,137,-2,2
62531,78,86,-8,8
62532,180,160,20,20
62533,126,119,7,7
62534,115,117,-2,2
62535,95,104,-9,9
62536,123,109,14,14
62537,49,64,-15,15
62538,94,98,-4,4
62539,170,165,5,5
62540,92,90,2,2
62541,101,105,-4,4
62542,93,95,-2,2
62543,123,142,-19,19
62544,83,72,11,11
62545,122,108,14,14
62546,109,121,-12,12
62547,67,52,15,15
62548,59,61,-2,2
62549,79,73,6,6
62550,82,87,-5,5
62551,69,69,0,0
62552,83,91,-8,8
62553,116,108,8,8
62554,202,177,25,25
62555,92,100,-8,8
62556,95,92,3,3
62557,104,108,-4,4
62558,124,116,8,8
62559,203,187,16,16
62560,95,94,1,1
62561,131,130,1,1
62562,42,43,-1,1
62563,106,85,21,21
62564,40,44,-4,4
62565,81,82,-1,1
62566,125,116,9,9
62567,82,81,1,1
62568,121,116,5,5
62569,85,95,-10,10
62570,104,93,11,11
62571,82,78,4,4
62572,76,73,3,3
62573,60,63,-3,3
62574,91,71,20,20
62575,96,82,14,14
62576,118,117,1,1
62577,101,96,5,5
62578,140,143,-3,3
62579,153,153,0,0
62580,115,124,-9,9
62581,38,52,-14,14
62582,74,76,-2,2
62583,28,59,-31,31
62584,65,68,-3,3
62585,113,120,-7,7
62586,109,111,-2,2
62587,93,90,3,3
62588,87,82,5,5
62589,54,53,1,1
62590,125,122,3,3
62591,141,139,2,2
62592,114,122,-8,8
62593,122,120,2,2
62594,138,140,-2,2
62595,98,93,5,5
62596,84,82,2,2
62597,118,118,0,0
62598,114,112,2,2
62599,69,73,-4,4
62600,47,59,-12,12
62601,72,59,13,13
62602,72,62,10,10
62603,85,85,0,0
62604,48,48,0,0
62605,96,91,5,5
62606,90,86,4,4
62607,99,90,9,9
62608,122,126,-4,4
62609,60,66,-6,6
62610,80,88,-8,8
62611,79,84,-5,5
62612,54,50,4,4
62613,90,92,-2,2
62614,84,87,-3,3
62615,98,99,-1,1
62616,106,101,5,5
62617,70,78,-8,8
62618,93,82,11,11
62619,81,79,2,2
62620,108,103,5,5
62621,66,67,-1,1
62622,92,87,5,5
62623,58,52,6,6
62624,80,76,4,4
62625,72,73,-1,1
62626,92,89,3,3
62627,114,123,-9,9
62628,149,137,12,12
62629,85,79,6,6
62630,61,52,9,9
62631,104,98,6,6
62632,100,92,8,8
62633,132,131,1,1
62634,132,124,8,8
62635,114,100,14,14
62636,89,90,-1,1
62637,52,50,2,2
62638,51,47,4,4
62639,109,113,-4,4
62640,112,122,-10,10
62641,80,74,6,6
62642,158,177,-19,19
62643,103,91,12,12
62644,59,60,-1,1
62645,118,108,10,10
62646,114,110,4,4
62647,101,96,5,5
62648,64,67,-3,3
62649,75,76,-1,1
62650,110,97,13,13
62651,168,182,-14,14
62652,109,98,11,11
62653,106,102,4,4
62654,32,79,-47,47
62655,86,91,-5,5
62656,185,153,32,32
62657,125,134,-9,9
62658,48,51,-3,3
62659,128,129,-1,1
62660,138,143,-5,5
62661,75,70,5,5
62662,84,108,-24,24
62663,115,103,12,12
62664,58,72,-14,14
62665,97,97,0,0
62666,152,141,11,11
62667,94,99,-5,5
62668,114,113,1,1
62669,130,138,-8,8
62670,61,62,-1,1
62671,185,168,17,17
62672,110,107,3,3
62673,58,59,-1,1
62674,79,84,-5,5
62675,79,77,2,2
62676,93,86,7,7
62677,129,129,0,0
62678,134,129,5,5
62679,98,104,-6,6
62680,162,161,1,1
62681,83,85,-2,2
62682,107,93,14,14
62683,98,108,-10,10
62684,131,119,12,12
62685,57,51,6,6
62686,153,142,11,11
62687,126,126,0,0
62688,89,89,0,0
62689,68,65,3,3
62690,131,121,10,10
62691,68,79,-11,11
62692,94,86,8,8
62693,135,125,10,10
62694,96,97,-1,1
62695,95,101,-6,6
62696,90,87,3,3
62697,55,56,-1,1
62698,108,115,-7,7
62699,36,41,-5,5
62700,73,69,4,4
62701,73,82,-9,9
62702,102,99,3,3
62703,52,50,2,2
62704,22,68,-46,46
62705,102,92,10,10
62706,136,121,15,15
62707,83,85,-2,2
62708,76,77,-1,1
62709,135,137,-2,2
62710,116,120,-4,4
62711,69,73,-4,4
62712,42,45,-3,3
62713,86,72,14,14
62714,131,124,7,7
62715,119,116,3,3
62716,65,65,0,0
62717,100,108,-8,8
62718,65,68,-3,3
62719,73,75,-2,2
62720,63,62,1,1
62721,115,154,-39,39
62722,164,150,14,14
62723,146,150,-4,4
62724,64,65,-1,1
62725,101,94,7,7
62726,124,117,7,7
62727,74,78,-4,4
62728,92,78,14,14
62729,90,88,2,2
62730,93,90,3,3
62731,76,81,-5,5
62732,133,137,-4,4
62733,54,57,-3,3
62734,147,121,26,26
62735,107,112,-5,5
62736,132,119,13,13
62737,129,119,10,10
62738,95,91,4,4
62739,78,87,-9,9
62740,93,88,5,5
62741,85,93,-8,8
62742,138,157,-19,19
62743,106,105,1,1
62744,45,48,-3,3
62745,50,54,-4,4
62746,55,62,-7,7
62747,44,50,-6,6
62748,70,69,1,1
62749,125,121,4,4
62750,82,83,-1,1
62751,80,79,1,1
62752,120,119,1,1
62753,100,96,4,4
62754,70,66,4,4
62755,65,64,1,1
62756,96,100,-4,4
62757,93,93,0,0
62758,106,98,8,8
62759,168,156,12,12
62760,169,164,5,5
62761,95,87,8,8
62762,95,95,0,0
62763,81,76,5,5
62764,65,73,-8,8
62765,64,72,-8,8
62766,62,72,-10,10
62767,119,116,3,3
62768,93,89,4,4
62769,77,70,7,7
62770,141,139,2,2
62771,66,67,-1,1
62772,76,90,-14,14
62773,148,142,6,6
62774,57,69,-12,12
62775,78,67,11,11
62776,134,109,25,25
62777,133,127,6,6
62778,66,68,-2,2
62779,75,71,4,4
62780,97,92,5,5
62781,131,121,10,10
62782,171,166,5,5
62783,222,212,10,10
62784,102,104,-2,2
62785,60,61,-1,1
62786,144,148,-4,4
62787,43,48,-5,5
62788,82,77,5,5
62789,84,83,1,1
62790,92,98,-6,6
62791,94,76,18,18
62792,179,179,0,0
62793,119,121,-2,2
62794,61,66,-5,5
62795,93,101,-8,8
62796,53,50,3,3
62797,142,143,-1,1
62798,69,66,3,3
62799,90,91,-1,1
62800,139,139,0,0
62801,90,110,-20,20
62802,56,54,2,2
62803,113,121,-8,8
62804,91,90,1,1
62805,86,86,0,0
62806,111,105,6,6
62807,74,66,8,8
62808,139,131,8,8
62809,96,85,11,11
62810,105,99,6,6
62811,139,140,-1,1
62812,61,63,-2,2
62813,70,71,-1,1
62814,70,77,-7,7
62815,61,59,2,2
62816,127,137,-10,10
62817,92,98,-6,6
62818,120,110,10,10
62819,52,55,-3,3
62820,86,87,-1,1
62821,62,59,3,3
62822,101,123,-22,22
62823,85,100,-15,15
62824,96,102,-6,6
62825,105,105,0,0
62826,122,121,1,1
62827,116,114,2,2
62828,98,82,16,16
62829,154,152,2,2
62830,100,92,8,8
62831,164,158,6,6
62832,162,159,3,3
62833,136,142,-6,6
62834,62,68,-6,6
62835,178,173,5,5
62836,109,93,16,16
62837,121,104,17,17
62838,108,122,-14,14
62839,84,84,0,0
62840,131,118,13,13
62841,122,106,16,16
62842,64,69,-5,5
62843,84,84,0,0
62844,72,73,-1,1
62845,185,168,17,17
62846,77,76,1,1
62847,137,157,-20,20
62848,93,105,-12,12
62849,86,96,-10,10
62850,144,127,17,17
62851,78,84,-6,6
62852,61,64,-3,3
62853,129,117,12,12
62854,52,65,-13,13
62855,195,186,9,9
62856,87,91,-4,4
62857,101,106,-5,5
62858,103,103,0,0
62859,169,165,4,4
62860,104,101,3,3
62861,80,75,5,5
62862,40,53,-13,13
62863,90,95,-5,5
62864,89,99,-10,10
62865,105,100,5,5
62866,86,92,-6,6
62867,133,127,6,6
62868,89,87,2,2
62869,64,61,3,3
62870,94,104,-10,10
62871,86,92,-6,6
62872,128,122,6,6
62873,53,57,-4,4
62874,91,78,13,13
62875,74,71,3,3
62876,64,63,1,1
62877,81,70,11,11
62878,66,66,0,0
62879,76,67,9,9
62880,91,88,3,3
62881,76,75,1,1
62882,109,97,12,12
62883,77,72,5,5
62884,76,77,-1,1
62885,110,96,14,14
62886,88,85,3,3
62887,120,114,6,6
62888,127,125,2,2
62889,106,114,-8,8
62890,201,189,12,12
62891,111,110,1,1
62892,231,211,20,20
62893,59,63,-4,4
62894,150,143,7,7
62895,141,134,7,7
62896,62,60,2,2
62897,191,190,1,1
62898,119,119,0,0
62899,72,79,-7,7
62900,103,101,2,2
62901,79,84,-5,5
62902,106,108,-2,2
62903,104,119,-15,15
62904,88,94,-6,6
62905,78,81,-3,3
62906,81,90,-9,9
62907,98,104,-6,6
62908,123,123,0,0
62909,142,143,-1,1
62910,74,71,3,3
62911,163,153,10,10
62912,102,88,14,14
62913,60,60,0,0
62914,133,116,17,17
62915,59,60,-1,1
62916,47,51,-4,4
62917,86,88,-2,2
62918,124,117,7,7
62919,28,33,-5,5
62920,59,63,-4,4
62921,124,138,-14,14
62922,105,104,1,1
62923,103,96,7,7
62924,80,78,2,2
62925,82,79,3,3
62926,84,79,5,5
62927,128,128,0,0
62928,101,104,-3,3
62929,72,70,2,2
62930,89,80,9,9
62931,119,119,0,0
62932,181,178,3,3
62933,146,147,-1,1
62934,58,60,-2,2
62935,80,69,11,11
62936,37,44,-7,7
62937,45,53,-8,8
62938,95,106,-11,11
62939,108,105,3,3
62940,79,73,6,6
62941,85,74,11,11
62942,53,63,-10,10
62943,211,196,15,15
62944,103,104,-1,1
62945,77,76,1,1
62946,75,74,1,1
62947,95,95,0,0
62948,102,91,11,11
62949,77,77,0,0
62950,54,61,-7,7
62951,110,105,5,5
62952,121,116,5,5
62953,89,74,15,15
62954,93,102,-9,9
62955,44,47,-3,3
62956,84,97,-13,13
62957,135,126,9,9
62958,66,61,5,5
62959,104,112,-8,8
62960,141,132,9,9
62961,98,97,1,1
62962,90,97,-7,7
62963,115,109,6,6
62964,109,111,-2,2
62965,69,75,-6,6
62966,64,56,8,8
62967,185,174,11,11
62968,114,110,4,4
62969,191,170,21,21
62970,49,49,0,0
62971,83,87,-4,4
62972,100,100,0,0
62973,98,89,9,9
62974,69,78,-9,9
62975,103,89,14,14
62976,148,159,-11,11
62977,81,72,9,9
62978,151,150,1,1
62979,70,62,8,8
62980,88,81,7,7
62981,93,97,-4,4
62982,60,74,-14,14
62983,88,81,7,7
62984,63,67,-4,4
62985,92,81,11,11
62986,108,112,-4,4
62987,78,84,-6,6
62988,156,147,9,9
62989,63,62,1,1
62990,58,63,-5,5
62991,38,38,0,0
62992,107,99,8,8
62993,101,95,6,6
62994,65,63,2,2
62995,120,126,-6,6
62996,101,92,9,9
62997,106,95,11,11
62998,72,69,3,3
62999,127,119,8,8
63000,65,70,-5,5
63001,126,110,16,16
63002,113,112,1,1
63003,104,113,-9,9
63004,152,147,5,5
63005,57,59,-2,2
63006,83,76,7,7
63007,101,103,-2,2
63008,81,83,-2,2
63009,54,66,-12,12
63010,80,77,3,3
63011,83,87,-4,4
63012,31,40,-9,9
63013,64,63,1,1
63014,159,166,-7,7
63015,133,132,1,1
63016,116,123,-7,7
63017,57,52,5,5
63018,99,95,4,4
63019,62,53,9,9
63020,90,87,3,3
63021,117,114,3,3
63022,142,129,13,13
63023,177,167,10,10
63024,59,60,-1,1
63025,89,103,-14,14
63026,69,64,5,5
63027,63,69,-6,6
63028,46,70,-24,24
63029,136,143,-7,7
63030,105,119,-14,14
63031,127,136,-9,9
63032,66,75,-9,9
63033,138,140,-2,2
63034,71,72,-1,1
63035,97,99,-2,2
63036,112,116,-4,4
63037,77,81,-4,4
63038,57,59,-2,2
63039,84,90,-6,6
63040,85,78,7,7
63041,111,101,10,10
63042,123,119,4,4
63043,110,114,-4,4
63044,114,119,-5,5
63045,111,137,-26,26
63046,71,82,-11,11
63047,93,86,7,7
63048,343,302,41,41
63049,72,74,-2,2
63050,186,165,21,21
63051,62,62,0,0
63052,79,80,-1,1
63053,129,134,-5,5
63054,121,140,-19,19
63055,105,100,5,5
63056,157,149,8,8
63057,115,108,7,7
63058,78,75,3,3
63059,179,192,-13,13
63060,80,79,1,1
63061,113,120,-7,7
63062,87,91,-4,4
63063,95,97,-2,2
63064,95,102,-7,7
63065,104,101,3,3
63066,88,85,3,3
63067,61,69,-8,8
63068,63,55,8,8
63069,87,105,-18,18
63070,157,166,-9,9
63071,92,122,-30,30
63072,53,53,0,0
63073,128,120,8,8
63074,114,114,0,0
63075,95,92,3,3
63076,102,103,-1,1
63077,120,122,-2,2
63078,110,121,-11,11
63079,207,194,13,13
63080,103,99,4,4
63081,55,53,2,2
63082,98,96,2,2
63083,99,98,1,1
63084,94,96,-2,2
63085,82,90,-8,8
63086,60,86,-26,26
63087,95,102,-7,7
63088,113,103,10,10
63089,113,115,-2,2
63090,105,99,6,6
63091,80,66,14,14
63092,104,114,-10,10
63093,97,96,1,1
63094,62,64,-2,2
63095,62,77,-15,15
63096,85,91,-6,6
63097,114,118,-4,4
63098,72,63,9,9
63099,82,79,3,3
63100,94,87,7,7
63101,90,92,-2,2
63102,110,100,10,10
63103,90,86,4,4
63104,80,82,-2,2
63105,109,98,11,11
63106,61,65,-4,4
63107,185,182,3,3
63108,117,117,0,0
63109,139,137,2,2
63110,56,59,-3,3
63111,74,69,5,5
63112,107,113,-6,6
63113,78,87,-9,9
63114,51,51,0,0
63115,87,87,0,0
63116,114,109,5,5
63117,83,83,0,0
63118,137,129,8,8
63119,117,113,4,4
63120,87,94,-7,7
63121,69,73,-4,4
63122,86,89,-3,3
63123,150,151,-1,1
63124,162,159,3,3
63125,87,87,0,0
63126,68,67,1,1
63127,68,69,-1,1
63128,126,101,25,25
63129,109,101,8,8
63130,106,115,-9,9
63131,114,110,4,4
63132,136,143,-7,7
63133,128,115,13,13
63134,109,115,-6,6
63135,114,118,-4,4
63136,102,106,-4,4
63137,144,136,8,8
63138,52,54,-2,2
63139,73,86,-13,13
63140,116,112,4,4
63141,111,98,13,13
63142,106,108,-2,2
63143,125,127,-2,2
63144,119,101,18,18
63145,77,78,-1,1
63146,78,77,1,1
63147,62,61,1,1
63148,80,86,-6,6
63149,101,106,-5,5
63150,130,134,-4,4
63151,165,151,14,14
63152,88,76,12,12
63153,97,104,-7,7
63154,125,117,8,8
63155,55,55,0,0
63156,76,83,-7,7
63157,124,130,-6,6
63158,82,84,-2,2
63159,60,65,-5,5
63160,107,102,5,5
63161,109,114,-5,5
63162,162,153,9,9
63163,95,113,-18,18
63164,54,52,2,2
63165,125,123,2,2
63166,107,97,10,10
63167,74,67,7,7
63168,155,152,3,3
63169,77,84,-7,7
63170,80,73,7,7
63171,122,126,-4,4
63172,71,76,-5,5
63173,112,101,11,11
63174,61,65,-4,4
63175,88,92,-4,4
63176,171,156,15,15
63177,98,91,7,7
63178,59,63,-4,4
63179,150,151,-1,1
63180,94,93,1,1
63181,112,113,-1,1
63182,113,94,19,19
63183,92,91,1,1
63184,121,124,-3,3
63185,101,95,6,6
63186,82,80,2,2
63187,125,111,14,14
63188,74,73,1,1
63189,68,65,3,3
63190,104,110,-6,6
63191,80,77,3,3
63192,101,89,12,12
63193,96,103,-7,7
63194,96,94,2,2
63195,79,88,-9,9
63196,75,75,0,0
63197,121,122,-1,1
63198,173,163,10,10
63199,123,115,8,8
63200,124,119,5,5
63201,123,120,3,3
63202,129,133,-4,4
63203,119,104,15,15
63204,107,109,-2,2
63205,117,107,10,10
63206,74,78,-4,4
63207,72,79,-7,7
63208,92,104,-12,12
63209,102,96,6,6
63210,123,135,-12,12
63211,119,128,-9,9
63212,71,74,-3,3
63213,64,70,-6,6
63214,108,108,0,0
63215,140,131,9,9
63216,90,91,-1,1
63217,128,116,12,12
63218,99,104,-5,5
63219,82,93,-11,11
63220,156,154,2,2
63221,137,135,2,2
63222,78,71,7,7
63223,95,98,-3,3
63224,82,95,-13,13
63225,90,94,-4,4
63226,64,62,2,2
63227,73,79,-6,6
63228,53,63,-10,10
63229,123,123,0,0
63230,62,66,-4,4
63231,92,98,-6,6
63232,123,116,7,7
63233,125,115,10,10
63234,41,43,-2,2
63235,187,180,7,7
63236,91,92,-1,1
63237,76,78,-2,2
63238,176,163,13,13
63239,93,97,-4,4
63240,87,89,-2,2
63241,89,94,-5,5
63242,88,81,7,7
63243,99,91,8,8
63244,134,120,14,14
63245,95,93,2,2
63246,105,106,-1,1
63247,42,53,-11,11
63248,96,88,8,8
63249,50,61,-11,11
63250,63,63,0,0
63251,95,106,-11,11
63252,99,93,6,6
63253,109,124,-15,15
63254,133,121,12,12
63255,90,83,7,7
63256,71,72,-1,1
63257,58,71,-13,13
63258,173,171,2,2
63259,77,72,5,5
63260,88,69,19,19
63261,72,72,0,0
63262,116,109,7,7
63263,61,62,-1,1
63264,94,83,11,11
63265,117,122,-5,5
63266,114,114,0,0
63267,147,140,7,7
63268,125,117,8,8
63269,100,101,-1,1
63270,101,93,8,8
63271,112,113,-1,1
63272,94,84,10,10
63273,119,111,8,8
63274,154,154,0,0
63275,82,82,0,0
63276,58,63,-5,5
63277,131,114,17,17
63278,82,96,-14,14
63279,96,95,1,1
63280,80,74,6,6
63281,118,124,-6,6
63282,51,63,-12,12
63283,164,163,1,1
63284,77,101,-24,24
63285,144,146,-2,2
63286,132,138,-6,6
63287,89,87,2,2
63288,78,69,9,9
63289,51,60,-9,9
63290,100,105,-5,5
63291,108,107,1,1
63292,143,130,13,13
63293,88,84,4,4
63294,67,67,0,0
63295,121,124,-3,3
63296,90,82,8,8
63297,65,63,2,2
63298,79,79,0,0
63299,144,138,6,6
63300,55,63,-8,8
63301,78,81,-3,3
63302,82,95,-13,13
63303,78,76,2,2
63304,160,163,-3,3
63305,89,80,9,9
63306,101,109,-8,8
63307,114,98,16,16
63308,86,78,8,8
63309,155,155,0,0
63310,105,107,-2,2
63311,76,71,5,5
63312,149,140,9,9
63313,99,109,-10,10
63314,120,111,9,9
63315,69,70,-1,1
63316,102,100,2,2
63317,59,59,0,0
63318,54,63,-9,9
63319,107,98,9,9
63320,60,59,1,1
63321,70,63,7,7
63322,219,215,4,4
63323,83,81,2,2
63324,68,65,3,3
63325,89,90,-1,1
63326,68,74,-6,6
63327,108,114,-6,6
63328,94,102,-8,8
63329,90,92,-2,2
63330,171,163,8,8
63331,35,38,-3,3
63332,39,38,1,1
63333,80,113,-33,33
63334,69,69,0,0
63335,109,111,-2,2
63336,112,122,-10,10
63337,127,128,-1,1
63338,87,86,1,1
63339,60,127,-67,67
63340,67,74,-7,7
63341,151,144,7,7
63342,115,110,5,5
63343,86,92,-6,6
63344,97,84,13,13
63345,128,120,8,8
63346,137,122,15,15
63347,102,101,1,1
63348,76,81,-5,5
63349,33,34,-1,1
63350,89,88,1,1
63351,68,64,4,4
63352,55,53,2,2
63353,104,105,-1,1
63354,98,99,-1,1
63355,67,62,5,5
63356,103,103,0,0
63357,87,85,2,2
63358,92,91,1,1
63359,97,84,13,13
63360,144,139,5,5
63361,94,109,-15,15
63362,95,80,15,15
63363,131,117,14,14
63364,102,91,11,11
63365,132,135,-3,3
63366,83,85,-2,2
63367,127,129,-2,2
63368,71,67,4,4
63369,86,86,0,0
63370,202,182,20,20
63371,181,173,8,8
63372,129,131,-2,2
63373,112,107,5,5
63374,118,116,2,2
63375,46,42,4,4
63376,120,104,16,16
63377,55,67,-12,12
63378,141,136,5,5
63379,92,86,6,6
63380,137,140,-3,3
63381,59,60,-1,1
63382,192,200,-8,8
63383,144,144,0,0
63384,91,93,-2,2
63385,111,113,-2,2
63386,52,51,1,1
63387,135,128,7,7
63388,43,61,-18,18
63389,138,122,16,16
63390,159,148,11,11
63391,88,94,-6,6
63392,63,62,1,1
63393,90,89,1,1
63394,101,94,7,7
63395,72,71,1,1
63396,64,63,1,1
63397,81,78,3,3
63398,94,95,-1,1
63399,125,142,-17,17
63400,64,63,1,1
63401,68,68,0,0
63402,77,86,-9,9
63403,125,129,-4,4
63404,68,68,0,0
63405,131,130,1,1
63406,72,69,3,3
63407,113,105,8,8
63408,136,140,-4,4
63409,136,128,8,8
63410,129,118,11,11
63411,118,113,5,5
63412,79,76,3,3
63413,98,95,3,3
63414,117,115,2,2
63415,98,104,-6,6
63416,30,41,-11,11
63417,76,76,0,0
63418,87,80,7,7
63419,110,106,4,4
63420,80,84,-4,4
63421,48,62,-14,14
63422,120,117,3,3
63423,98,104,-6,6
63424,43,47,-4,4
63425,84,82,2,2
63426,62,63,-1,1
63427,165,168,-3,3
63428,56,60,-4,4
63429,85,84,1,1
63430,109,97,12,12
63431,149,140,9,9
63432,55,51,4,4
63433,89,92,-3,3
63434,68,76,-8,8
63435,68,67,1,1
63436,146,147,-1,1
63437,112,111,1,1
63438,104,97,7,7
63439,49,63,-14,14
63440,67,65,2,2
63441,70,71,-1,1
63442,109,103,6,6
63443,56,54,2,2
63444,148,144,4,4
63445,97,95,2,2
63446,79,80,-1,1
63447,116,106,10,10
63448,97,97,0,0
63449,79,82,-3,3
63450,74,69,5,5
63451,67,59,8,8
63452,118,112,6,6
63453,72,78,-6,6
63454,128,113,15,15
63455,113,115,-2,2
63456,103,112,-9,9
63457,86,90,-4,4
63458,59,65,-6,6
63459,114,121,-7,7
63460,125,133,-8,8
63461,105,101,4,4
63462,70,65,5,5
63463,147,136,11,11
63464,90,82,8,8
63465,81,92,-11,11
63466,65,74,-9,9
63467,63,61,2,2
63468,110,110,0,0
63469,108,96,12,12
63470,62,81,-19,19
63471,107,101,6,6
63472,47,48,-1,1
63473,76,76,0,0
63474,92,92,0,0
63475,129,131,-2,2
63476,87,89,-2,2
63477,90,78,12,12
63478,75,76,-1,1
63479,69,74,-5,5
63480,61,63,-2,2
63481,76,73,3,3
63482,49,50,-1,1
63483,133,132,1,1
63484,147,153,-6,6
63485,115,104,11,11
63486,88,96,-8,8
63487,70,68,2,2
63488,77,75,2,2
63489,64,64,0,0
63490,182,167,15,15
63491,103,96,7,7
63492,91,97,-6,6
63493,104,100,4,4
63494,67,61,6,6
63495,90,93,-3,3
63496,81,83,-2,2
63497,140,138,2,2
63498,64,65,-1,1
63499,132,131,1,1
63500,64,61,3,3
63501,117,116,1,1
63502,86,95,-9,9
63503,216,199,17,17
63504,129,121,8,8
63505,107,105,2,2
63506,114,109,5,5
63507,99,92,7,7
63508,232,207,25,25
63509,81,82,-1,1
63510,117,118,-1,1
63511,142,141,1,1
63512,33,37,-4,4
63513,80,81,-1,1
63514,95,85,10,10
63515,84,78,6,6
63516,111,118,-7,7
63517,53,56,-3,3
63518,47,59,-12,12
63519,80,81,-1,1
63520,81,77,4,4
63521,74,71,3,3
63522,49,53,-4,4
63523,124,110,14,14
63524,98,93,5,5
63525,155,159,-4,4
63526,58,60,-2,2
63527,111,103,8,8
63528,99,115,-16,16
63529,124,115,9,9
63530,62,63,-1,1
63531,55,69,-14,14
63532,72,72,0,0
63533,62,66,-4,4
63534,74,69,5,5
63535,76,63,13,13
63536,102,99,3,3
63537,87,88,-1,1
63538,136,132,4,4
63539,89,84,5,5
63540,68,67,1,1
63541,67,70,-3,3
63542,97,102,-5,5
63543,123,114,9,9
63544,170,158,12,12
63545,120,119,1,1
63546,110,118,-8,8
63547,100,99,1,1
63548,37,43,-6,6
63549,84,71,13,13
63550,62,62,0,0
63551,145,137,8,8
63552,106,103,3,3
63553,115,107,8,8
63554,126,129,-3,3
63555,141,151,-10,10
63556,92,88,4,4
63557,110,108,2,2
63558,59,68,-9,9
63559,90,82,8,8
63560,77,77,0,0
63561,70,70,0,0
63562,77,72,5,5
63563,79,71,8,8
63564,154,146,8,8
63565,137,142,-5,5
63566,106,105,1,1
63567,116,116,0,0
63568,119,109,10,10
63569,65,59,6,6
63570,139,135,4,4
63571,145,134,11,11
63572,141,139,2,2
63573,119,110,9,9
63574,70,75,-5,5
63575,78,76,2,2
63576,75,62,13,13
63577,100,94,6,6
63578,163,158,5,5
63579,162,156,6,6
63580,153,150,3,3
63581,94,97,-3,3
63582,74,70,4,4
63583,88,87,1,1
63584,67,71,-4,4
63585,100,110,-10,10
63586,117,122,-5,5
63587,80,77,3,3
63588,95,84,11,11
63589,77,76,1,1
63590,121,116,5,5
63591,141,134,7,7
63592,83,73,10,10
63593,55,60,-5,5
63594,87,76,11,11
63595,76,79,-3,3
63596,116,107,9,9
63597,162,189,-27,27
63598,114,112,2,2
63599,79,81,-2,2
63600,117,123,-6,6
63601,54,54,0,0
63602,87,91,-4,4
63603,124,124,0,0
63604,101,101,0,0
63605,53,54,-1,1
63606,133,130,3,3
63607,75,90,-15,15
63608,78,91,-13,13
63609,69,82,-13,13
63610,40,44,-4,4
63611,84,82,2,2
63612,94,94,0,0
63613,75,69,6,6
63614,95,97,-2,2
63615,82,97,-15,15
63616,75,72,3,3
63617,141,119,22,22
63618,98,102,-4,4
63619,101,113,-12,12
63620,49,48,1,1
63621,45,44,1,1
63622,94,94,0,0
63623,132,110,22,22
63624,122,103,19,19
63625,96,99,-3,3
63626,89,84,5,5
63627,114,113,1,1
63628,112,105,7,7
63629,55,65,-10,10
63630,63,64,-1,1
63631,133,110,23,23
63632,71,81,-10,10
63633,81,72,9,9
63634,104,109,-5,5
63635,97,81,16,16
63636,103,108,-5,5
63637,110,98,12,12
63638,91,90,1,1
63639,60,64,-4,4
63640,58,63,-5,5
63641,91,90,1,1
63642,69,73,-4,4
63643,75,86,-11,11
63644,175,183,-8,8
63645,62,63,-1,1
63646,121,123,-2,2
63647,64,62,2,2
63648,103,97,6,6
63649,109,72,37,37
63650,111,99,12,12
63651,87,81,6,6
63652,146,137,9,9
63653,68,70,-2,2
63654,69,70,-1,1
63655,79,80,-1,1
63656,111,125,-14,14
63657,72,68,4,4
63658,110,103,7,7
63659,106,106,0,0
63660,112,101,11,11
63661,85,76,9,9
63662,153,160,-7,7
63663,102,85,17,17
63664,75,79,-4,4
63665,123,112,11,11
63666,80,93,-13,13
63667,81,85,-4,4
63668,76,76,0,0
63669,107,119,-12,12
63670,163,156,7,7
63671,75,85,-10,10
63672,83,81,2,2
63673,72,65,7,7
63674,73,77,-4,4
63675,47,62,-15,15
63676,127,124,3,3
63677,31,37,-6,6
63678,88,81,7,7
63679,131,131,0,0
63680,140,155,-15,15
63681,172,169,3,3
63682,86,79,7,7
63683,137,133,4,4
63684,108,105,3,3
63685,67,71,-4,4
63686,157,173,-16,16
63687,42,49,-7,7
63688,81,86,-5,5
63689,96,87,9,9
63690,189,180,9,9
63691,97,108,-11,11
63692,82,85,-3,3
63693,105,90,15,15
63694,107,98,9,9
63695,81,83,-2,2
63696,44,42,2,2
63697,93,93,0,0
63698,63,65,-2,2
63699,46,95,-49,49
63700,128,135,-7,7
63701,133,135,-2,2
63702,40,44,-4,4
63703,119,112,7,7
63704,100,91,9,9
63705,96,92,4,4
63706,84,86,-2,2
63707,188,188,0,0
63708,66,71,-5,5
63709,145,147,-2,2
63710,50,59,-9,9
63711,74,73,1,1
63712,82,83,-1,1
63713,92,95,-3,3
63714,131,129,2,2
63715,69,66,3,3
63716,97,87,10,10
63717,137,135,2,2
63718,98,100,-2,2
63719,67,70,-3,3
63720,107,113,-6,6
63721,49,47,2,2
63722,76,76,0,0
63723,66,64,2,2
63724,170,159,11,11
63725,101,104,-3,3
63726,95,78,17,17
63727,76,67,9,9
63728,82,77,5,5
63729,84,79,5,5
63730,106,102,4,4
63731,64,79,-15,15
63732,91,90,1,1
63733,86,83,3,3
63734,54,52,2,2
63735,82,98,-16,16
63736,89,92,-3,3
63737,97,99,-2,2
63738,161,151,10,10
63739,48,46,2,2
63740,109,105,4,4
63741,159,152,7,7
63742,106,107,-1,1
63743,181,157,24,24
63744,129,135,-6,6
63745,101,108,-7,7
63746,114,106,8,8
63747,126,116,10,10
63748,168,151,17,17
63749,95,98,-3,3
63750,80,85,-5,5
63751,96,91,5,5
63752,35,64,-29,29
63753,73,74,-1,1
63754,89,83,6,6
63755,107,93,14,14
63756,88,89,-1,1
63757,92,97,-5,5
63758,91,81,10,10
63759,91,84,7,7
63760,120,136,-16,16
63761,82,82,0,0
63762,80,83,-3,3
63763,55,52,3,3
63764,76,66,10,10
63765,72,70,2,2
63766,105,96,9,9
63767,113,107,6,6
63768,67,62,5,5
63769,101,105,-4,4
63770,80,89,-9,9
63771,80,88,-8,8
63772,96,88,8,8
63773,71,82,-11,11
63774,148,151,-3,3
63775,72,73,-1,1
63776,127,132,-5,5
63777,75,77,-2,2
63778,83,87,-4,4
63779,90,94,-4,4
63780,86,88,-2,2
63781,75,73,2,2
63782,72,73,-1,1
63783,70,61,9,9
63784,105,108,-3,3
63785,41,61,-20,20
63786,68,70,-2,2
63787,86,83,3,3
63788,64,53,11,11
63789,86,91,-5,5
63790,51,55,-4,4
63791,124,111,13,13
63792,88,94,-6,6
63793,93,93,0,0
63794,54,70,-16,16
63795,71,64,7,7
63796,132,134,-2,2
63797,101,97,4,4
63798,172,153,19,19
63799,176,175,1,1
63800,173,180,-7,7
63801,130,126,4,4
63802,79,76,3,3
63803,102,105,-3,3
63804,133,129,4,4
63805,90,71,19,19
63806,102,96,6,6
63807,65,65,0,0
63808,128,123,5,5
63809,159,128,31,31
63810,57,61,-4,4
63811,171,164,7,7
63812,66,71,-5,5
63813,165,160,5,5
63814,51,46,5,5
63815,111,111,0,0
63816,211,185,26,26
63817,89,83,6,6
63818,74,79,-5,5
63819,86,97,-11,11
63820,129,108,21,21
63821,67,62,5,5
63822,112,114,-2,2
63823,102,82,20,20
63824,76,74,2,2
63825,67,80,-13,13
63826,96,93,3,3
63827,115,117,-2,2
63828,95,100,-5,5
63829,129,126,3,3
63830,78,75,3,3
63831,58,66,-8,8
63832,93,92,1,1
63833,53,49,4,4
63834,62,63,-1,1
63835,89,90,-1,1
63836,110,107,3,3
63837,109,121,-12,12
63838,34,60,-26,26
63839,94,81,13,13
63840,54,54,0,0
63841,111,112,-1,1
63842,128,131,-3,3
63843,141,138,3,3
63844,92,83,9,9
63845,102,86,16,16
63846,94,99,-5,5
63847,130,123,7,7
63848,93,99,-6,6
63849,86,73,13,13
63850,102,103,-1,1
63851,137,119,18,18
63852,55,46,9,9
63853,118,113,5,5
63854,121,113,8,8
63855,155,145,10,10
63856,71,79,-8,8
63857,140,140,0,0
63858,64,69,-5,5
63859,110,122,-12,12
63860,119,123,-4,4
63861,55,62,-7,7
63862,80,87,-7,7
63863,142,128,14,14
63864,44,53,-9,9
63865,111,114,-3,3
63866,113,108,5,5
63867,146,131,15,15
63868,169,171,-2,2
63869,129,120,9,9
63870,76,82,-6,6
63871,67,64,3,3
63872,75,76,-1,1
63873,68,66,2,2
63874,74,78,-4,4
63875,80,78,2,2
63876,33,37,-4,4
63877,91,90,1,1
63878,75,68,7,7
63879,94,86,8,8
63880,142,130,12,12
63881,50,109,-59,59
63882,193,198,-5,5
63883,81,87,-6,6
63884,111,105,6,6
63885,130,128,2,2
63886,51,48,3,3
63887,73,72,1,1
63888,136,144,-8,8
63889,94,91,3,3
63890,111,96,15,15
63891,119,116,3,3
63892,101,104,-3,3
63893,79,72,7,7
63894,92,91,1,1
63895,84,76,8,8
63896,48,59,-11,11
63897,105,111,-6,6
63898,87,79,8,8
63899,91,92,-1,1
63900,78,81,-3,3
63901,136,151,-15,15
63902,123,125,-2,2
63903,130,130,0,0
63904,126,117,9,9
63905,84,92,-8,8
63906,122,127,-5,5
63907,124,123,1,1
63908,117,112,5,5
63909,49,46,3,3
63910,63,60,3,3
63911,64,62,2,2
63912,57,61,-4,4
63913,37,44,-7,7
63914,38,46,-8,8
63915,56,58,-2,2
63916,137,128,9,9
63917,109,110,-1,1
63918,158,154,4,4
63919,112,121,-9,9
63920,96,106,-10,10
63921,99,102,-3,3
63922,68,71,-3,3
63923,94,96,-2,2
63924,118,120,-2,2
63925,80,84,-4,4
63926,78,86,-8,8
63927,94,92,2,2
63928,172,173,-1,1
63929,39,44,-5,5
63930,62,74,-12,12
63931,152,136,16,16
63932,120,111,9,9
63933,90,80,10,10
63934,105,96,9,9
63935,80,77,3,3
63936,58,60,-2,2
63937,51,56,-5,5
63938,90,86,4,4
63939,107,99,8,8
63940,71,73,-2,2
63941,61,66,-5,5
63942,111,130,-19,19
63943,88,94,-6,6
63944,56,58,-2,2
63945,93,90,3,3
63946,106,101,5,5
63947,96,97,-1,1
63948,81,91,-10,10
63949,63,60,3,3
63950,112,117,-5,5
63951,120,105,15,15
63952,59,53,6,6
63953,103,97,6,6
63954,50,54,-4,4
63955,115,94,21,21
63956,54,66,-12,12
63957,71,71,0,0
63958,59,59,0,0
63959,115,110,5,5
63960,47,52,-5,5
63961,100,99,1,1
63962,77,76,1,1
63963,195,179,16,16
63964,118,114,4,4
63965,90,91,-1,1
63966,101,97,4,4
63967,141,136,5,5
63968,153,147,6,6
63969,72,76,-4,4
63970,76,83,-7,7
63971,141,122,19,19
63972,168,153,15,15
63973,189,168,21,21
63974,52,53,-1,1
63975,90,89,1,1
63976,81,85,-4,4
63977,54,62,-8,8
63978,128,120,8,8
63979,86,91,-5,5
63980,65,72,-7,7
63981,53,52,1,1
63982,57,57,0,0
63983,90,70,20,20
63984,73,74,-1,1
63985,75,83,-8,8
63986,85,82,3,3
63987,143,143,0,0
63988,44,59,-15,15
63989,81,72,9,9
63990,76,81,-5,5
63991,126,122,4,4
63992,46,51,-5,5
63993,139,124,15,15
63994,154,150,4,4
63995,161,162,-1,1
63996,59,54,5,5
63997,78,85,-7,7
63998,85,84,1,1
63999,48,59,-11,11
64000,71,67,4,4
64001,79,84,-5,5
64002,65,61,4,4
64003,78,77,1,1
64004,117,118,-1,1
64005,51,48,3,3
64006,153,87,66,66
64007,118,124,-6,6
64008,66,67,-1,1
64009,75,78,-3,3
64010,102,109,-7,7
64011,85,84,1,1
64012,64,64,0,0
64013,95,104,-9,9
64014,160,146,14,14
64015,94,88,6,6
64016,68,79,-11,11
64017,180,182,-2,2
64018,52,77,-25,25
64019,106,108,-2,2
64020,85,87,-2,2
64021,115,129,-14,14
64022,57,47,10,10
64023,104,102,2,2
64024,53,54,-1,1
64025,79,72,7,7
64026,68,79,-11,11
64027,86,75,11,11
64028,121,114,7,7
64029,54,53,1,1
64030,74,72,2,2
64031,122,142,-20,20
64032,67,67,0,0
64033,128,131,-3,3
64034,56,58,-2,2
64035,146,143,3,3
64036,111,120,-9,9
64037,86,90,-4,4
64038,96,86,10,10
64039,144,149,-5,5
64040,73,74,-1,1
64041,50,53,-3,3
64042,179,178,1,1
64043,83,87,-4,4
64044,62,60,2,2
64045,103,106,-3,3
64046,101,101,0,0
64047,59,65,-6,6
64048,74,68,6,6
64049,72,65,7,7
64050,75,86,-11,11
64051,109,112,-3,3
64052,102,84,18,18
64053,143,141,2,2
64054,83,96,-13,13
64055,156,160,-4,4
64056,124,114,10,10
64057,80,78,2,2
64058,161,149,12,12
64059,54,59,-5,5
64060,75,86,-11,11
64061,155,137,18,18
64062,117,105,12,12
64063,130,132,-2,2
64064,225,200,25,25
64065,94,90,4,4
64066,63,54,9,9
64067,72,68,4,4
64068,179,172,7,7
64069,141,141,0,0
64070,82,73,9,9
64071,62,48,14,14
64072,122,123,-1,1
64073,79,72,7,7
64074,93,78,15,15
64075,137,163,-26,26
64076,110,113,-3,3
64077,137,134,3,3
64078,84,73,11,11
64079,64,62,2,2
64080,64,55,9,9
64081,56,60,-4,4
64082,70,75,-5,5
64083,76,76,0,0
64084,118,111,7,7
64085,88,81,7,7
64086,81,76,5,5
64087,129,123,6,6
64088,64,70,-6,6
64089,97,92,5,5
64090,123,127,-4,4
64091,86,74,12,12
64092,97,94,3,3
64093,115,120,-5,5
64094,96,102,-6,6
64095,77,78,-1,1
64096,168,183,-15,15
64097,51,54,-3,3
64098,90,84,6,6
64099,56,62,-6,6
64100,71,78,-7,7
64101,107,108,-1,1
64102,94,84,10,10
64103,46,57,-11,11
64104,118,110,8,8
64105,129,115,14,14
64106,106,109,-3,3
64107,81,83,-2,2
64108,82,74,8,8
64109,56,53,3,3
64110,79,70,9,9
64111,71,70,1,1
64112,148,156,-8,8
64113,205,190,15,15
64114,142,126,16,16
64115,85,79,6,6
64116,47,53,-6,6
64117,91,88,3,3
64118,108,100,8,8
64119,73,69,4,4
64120,102,104,-2,2
64121,129,139,-10,10
64122,130,164,-34,34
64123,103,92,11,11
64124,70,93,-23,23
64125,90,84,6,6
64126,118,136,-18,18
64127,85,71,14,14
64128,63,68,-5,5
64129,62,60,2,2
64130,93,93,0,0
64131,66,80,-14,14
64132,57,54,3,3
64133,43,48,-5,5
64134,104,95,9,9
64135,131,127,4,4
64136,88,81,7,7
64137,79,80,-1,1
64138,83,68,15,15
64139,77,68,9,9
64140,82,86,-4,4
64141,109,103,6,6
64142,118,113,5,5
64143,134,136,-2,2
64144,124,132,-8,8
64145,105,112,-7,7
64146,102,94,8,8
64147,109,106,3,3
64148,100,97,3,3
64149,84,88,-4,4
64150,88,85,3,3
64151,86,82,4,4
64152,92,83,9,9
64153,125,117,8,8
64154,70,64,6,6
64155,167,141,26,26
64156,151,163,-12,12
64157,80,70,10,10
64158,125,108,17,17
64159,140,154,-14,14
64160,101,101,0,0
64161,68,64,4,4
64162,48,67,-19,19
64163,105,102,3,3
64164,72,69,3,3
64165,73,75,-2,2
64166,139,140,-1,1
64167,88,88,0,0
64168,65,101,-36,36
64169,100,97,3,3
64170,150,150,0,0
64171,116,116,0,0
64172,64,66,-2,2
64173,115,104,11,11
64174,58,60,-2,2
64175,132,144,-12,12
64176,91,87,4,4
64177,75,63,12,12
64178,98,101,-3,3
64179,109,106,3,3
64180,115,101,14,14
64181,86,92,-6,6
64182,100,89,11,11
64183,77,74,3,3
64184,156,164,-8,8
64185,63,59,4,4
64186,81,83,-2,2
64187,95,93,2,2
64188,70,70,0,0
64189,100,100,0,0
64190,92,91,1,1
64191,150,157,-7,7
64192,99,109,-10,10
64193,133,123,10,10
64194,46,51,-5,5
64195,99,90,9,9
64196,128,118,10,10
64197,77,80,-3,3
64198,77,77,0,0
64199,62,66,-4,4
64200,175,148,27,27
64201,183,180,3,3
64202,80,80,0,0
64203,124,124,0,0
64204,116,110,6,6
64205,140,146,-6,6
64206,74,68,6,6
64207,104,121,-17,17
64208,43,52,-9,9
64209,191,181,10,10
64210,245,238,7,7
64211,94,89,5,5
64212,110,101,9,9
64213,86,86,0,0
64214,49,59,-10,10
64215,116,118,-2,2
64216,58,59,-1,1
64217,51,47,4,4
64218,96,95,1,1
64219,73,77,-4,4
64220,100,99,1,1
64221,83,136,-53,53
64222,130,126,4,4
64223,64,69,-5,5
64224,77,79,-2,2
64225,126,130,-4,4
64226,52,50,2,2
64227,84,82,2,2
64228,69,79,-10,10
64229,107,124,-17,17
64230,104,91,13,13
64231,55,56,-1,1
64232,87,92,-5,5
64233,88,92,-4,4
64234,147,151,-4,4
64235,122,115,7,7
64236,120,112,8,8
64237,166,160,6,6
64238,80,89,-9,9
64239,122,119,3,3
64240,43,42,1,1
64241,121,109,12,12
64242,70,73,-3,3
64243,101,98,3,3
64244,57,61,-4,4
64245,100,93,7,7
64246,52,54,-2,2
64247,69,68,1,1
64248,52,46,6,6
64249,60,60,0,0
64250,74,66,8,8
64251,92,93,-1,1
64252,47,51,-4,4
64253,91,96,-5,5
64254,72,74,-2,2
64255,45,44,1,1
64256,70,77,-7,7
64257,119,121,-2,2
64258,113,118,-5,5
64259,51,56,-5,5
64260,56,61,-5,5
64261,95,92,3,3
64262,82,91,-9,9
64263,79,79,0,0
64264,70,72,-2,2
64265,78,76,2,2
64266,94,93,1,1
64267,68,63,5,5
64268,87,91,-4,4
64269,164,182,-18,18
64270,101,96,5,5
64271,145,148,-3,3
64272,50,50,0,0
64273,65,80,-15,15
64274,108,97,11,11
64275,77,74,3,3
64276,153,144,9,9
64277,113,105,8,8
64278,181,156,25,25
64279,52,53,-1,1
64280,96,102,-6,6
64281,139,133,6,6
64282,91,92,-1,1
64283,73,72,1,1
64284,77,76,1,1
64285,71,73,-2,2
64286,51,48,3,3
64287,90,89,1,1
64288,68,64,4,4
64289,73,74,-1,1
64290,94,103,-9,9
64291,69,65,4,4
64292,90,90,0,0
64293,154,157,-3,3
64294,163,144,19,19
64295,74,75,-1,1
64296,55,61,-6,6
64297,73,76,-3,3
64298,33,31,2,2
64299,154,146,8,8
64300,70,50,20,20
64301,72,73,-1,1
64302,96,103,-7,7
64303,117,115,2,2
64304,127,124,3,3
64305,84,90,-6,6
64306,99,107,-8,8
64307,72,74,-2,2
64308,144,135,9,9
64309,74,77,-3,3
64310,75,78,-3,3
64311,89,84,5,5
64312,122,115,7,7
64313,165,162,3,3
64314,45,45,0,0
64315,82,89,-7,7
64316,84,82,2,2
64317,166,164,2,2
64318,140,132,8,8
64319,96,104,-8,8
64320,73,73,0,0
64321,200,187,13,13
64322,113,113,0,0
64323,137,129,8,8
64324,87,90,-3,3
64325,127,125,2,2
64326,74,64,10,10
64327,89,85,4,4
64328,128,138,-10,10
64329,73,78,-5,5
64330,53,50,3,3
64331,26,42,-16,16
64332,104,106,-2,2
64333,91,83,8,8
64334,157,150,7,7
64335,93,86,7,7
64336,125,132,-7,7
64337,66,60,6,6
64338,125,116,9,9
64339,144,125,19,19
64340,106,98,8,8
64341,129,118,11,11
64342,86,96,-10,10
64343,188,181,7,7
64344,142,132,10,10
64345,54,53,1,1
64346,185,157,28,28
64347,152,150,2,2
64348,55,51,4,4
64349,74,78,-4,4
64350,132,139,-7,7
64351,80,77,3,3
64352,77,75,2,2
64353,67,79,-12,12
64354,71,65,6,6
64355,129,119,10,10
64356,116,102,14,14
64357,97,92,5,5
64358,39,47,-8,8
64359,44,52,-8,8
64360,73,75,-2,2
64361,78,73,5,5
64362,68,63,5,5
64363,57,51,6,6
64364,97,75,22,22
64365,77,75,2,2
64366,159,157,2,2
64367,144,131,13,13
64368,58,60,-2,2
64369,74,84,-10,10
64370,47,52,-5,5
64371,86,82,4,4
64372,95,84,11,11
64373,74,72,2,2
64374,84,96,-12,12
64375,175,172,3,3
64376,47,46,1,1
64377,110,101,9,9
64378,181,173,8,8
64379,117,114,3,3
64380,77,69,8,8
64381,88,79,9,9
64382,84,89,-5,5
64383,56,49,7,7
64384,49,43,6,6
64385,75,81,-6,6
64386,58,60,-2,2
64387,110,113,-3,3
64388,80,79,1,1
64389,120,130,-10,10
64390,79,100,-21,21
64391,107,111,-4,4
64392,79,77,2,2
64393,69,68,1,1
64394,36,45,-9,9
64395,106,105,1,1
64396,64,62,2,2
64397,91,96,-5,5
64398,70,75,-5,5
64399,69,68,1,1
64400,75,77,-2,2
64401,54,51,3,3
64402,69,76,-7,7
64403,105,117,-12,12
64404,67,69,-2,2
64405,28,38,-10,10
64406,57,59,-2,2
64407,46,39,7,7
64408,52,55,-3,3
64409,122,123,-1,1
64410,101,95,6,6
64411,129,120,9,9
64412,143,156,-13,13
64413,193,181,12,12
64414,55,60,-5,5
64415,92,90,2,2
64416,107,87,20,20
64417,137,121,16,16
64418,100,100,0,0
64419,61,64,-3,3
64420,113,100,13,13
64421,112,113,-1,1
64422,78,71,7,7
64423,82,89,-7,7
64424,58,66,-8,8
64425,65,48,17,17
64426,52,60,-8,8
64427,106,105,1,1
64428,47,56,-9,9
64429,72,80,-8,8
64430,75,79,-4,4
64431,135,141,-6,6
64432,87,88,-1,1
64433,175,171,4,4
64434,99,106,-7,7
64435,50,47,3,3
64436,90,88,2,2
64437,83,91,-8,8
64438,68,67,1,1
64439,85,84,1,1
64440,73,80,-7,7
64441,58,70,-12,12
64442,78,72,6,6
64443,89,100,-11,11
64444,49,51,-2,2
64445,73,66,7,7
64446,108,81,27,27
64447,60,67,-7,7
64448,142,130,12,12
64449,217,198,19,19
64450,57,50,7,7
64451,61,62,-1,1
64452,82,78,4,4
64453,73,78,-5,5
64454,108,105,3,3
64455,139,148,-9,9
64456,80,79,1,1
64457,218,209,9,9
64458,119,119,0,0
64459,105,104,1,1
64460,57,62,-5,5
64461,106,115,-9,9
64462,74,80,-6,6
64463,77,80,-3,3
64464,143,140,3,3
64465,103,101,2,2
64466,120,116,4,4
64467,124,113,11,11
64468,112,106,6,6
64469,105,94,11,11
64470,144,145,-1,1
64471,97,92,5,5
64472,65,63,2,2
64473,74,73,1,1
64474,55,58,-3,3
64475,80,83,-3,3
64476,115,111,4,4
64477,145,147,-2,2
64478,103,112,-9,9
64479,132,121,11,11
64480,46,63,-17,17
64481,59,55,4,4
64482,83,78,5,5
64483,150,154,-4,4
64484,182,176,6,6
64485,44,47,-3,3
64486,64,77,-13,13
64487,53,52,1,1
64488,78,85,-7,7
64489,112,121,-9,9
64490,109,107,2,2
64491,95,106,-11,11
64492,62,82,-20,20
64493,57,64,-7,7
64494,130,130,0,0
64495,101,93,8,8
64496,135,142,-7,7
64497,100,117,-17,17
64498,107,116,-9,9
64499,97,104,-7,7
64500,79,74,5,5
64501,80,86,-6,6
64502,94,71,23,23
64503,122,120,2,2
64504,57,60,-3,3
64505,58,64,-6,6
64506,76,73,3,3
64507,144,131,13,13
64508,51,47,4,4
64509,54,59,-5,5
64510,85,85,0,0
64511,61,64,-3,3
64512,148,127,21,21
64513,33,44,-11,11
64514,99,97,2,2
64515,117,112,5,5
64516,82,79,3,3
64517,54,79,-25,25
64518,144,132,12,12
64519,141,137,4,4
64520,80,89,-9,9
64521,203,187,16,16
64522,93,91,2,2
64523,65,64,1,1
64524,61,59,2,2
64525,139,134,5,5
64526,84,81,3,3
64527,72,78,-6,6
64528,68,74,-6,6
64529,56,71,-15,15
64530,101,100,1,1
64531,63,75,-12,12
64532,94,97,-3,3
64533,120,116,4,4
64534,113,116,-3,3
64535,32,42,-10,10
64536,94,105,-11,11
64537,116,118,-2,2
64538,101,98,3,3
64539,57,61,-4,4
64540,144,136,8,8
64541,76,77,-1,1
64542,94,90,4,4
64543,80,82,-2,2
64544,100,96,4,4
64545,150,135,15,15
64546,85,89,-4,4
64547,77,74,3,3
64548,75,73,2,2
64549,170,158,12,12
64550,138,142,-4,4
64551,74,68,6,6
64552,83,84,-1,1
64553,193,190,3,3
64554,95,84,11,11
64555,132,130,2,2
64556,69,69,0,0
64557,120,131,-11,11
64558,102,100,2,2
64559,87,85,2,2
64560,133,112,21,21
64561,106,105,1,1
64562,90,96,-6,6
64563,61,63,-2,2
64564,87,89,-2,2
64565,130,124,6,6
64566,77,83,-6,6
64567,80,104,-24,24
64568,95,81,14,14
64569,64,64,0,0
64570,57,66,-9,9
64571,70,70,0,0
64572,111,106,5,5
64573,54,60,-6,6
64574,142,166,-24,24
64575,52,54,-2,2
64576,47,52,-5,5
64577,133,137,-4,4
64578,140,147,-7,7
64579,60,67,-7,7
64580,186,161,25,25
64581,77,77,0,0
64582,101,95,6,6
64583,59,60,-1,1
64584,121,127,-6,6
64585,104,111,-7,7
64586,155,131,24,24
64587,83,80,3,3
64588,77,73,4,4
64589,123,109,14,14
64590,59,58,1,1
64591,105,89,16,16
64592,75,83,-8,8
64593,116,104,12,12
64594,72,72,0,0
64595,149,158,-9,9
64596,119,114,5,5
64597,63,73,-10,10
64598,87,82,5,5
64599,137,133,4,4
64600,82,72,10,10
64601,125,120,5,5
64602,36,58,-22,22
64603,67,68,-1,1
64604,116,116,0,0
64605,155,145,10,10
64606,103,87,16,16
64607,104,99,5,5
64608,143,139,4,4
64609,123,120,3,3
64610,121,110,11,11
64611,87,81,6,6
64612,72,74,-2,2
64613,49,64,-15,15
64614,69,82,-13,13
64615,72,90,-18,18
64616,116,92,24,24
64617,138,148,-10,10
64618,97,98,-1,1
64619,63,63,0,0
64620,109,105,4,4
64621,80,83,-3,3
64622,96,91,5,5
64623,98,85,13,13
64624,101,105,-4,4
64625,143,140,3,3
64626,90,85,5,5
64627,85,78,7,7
64628,120,128,-8,8
64629,65,59,6,6
64630,161,145,16,16
64631,124,108,16,16
64632,103,100,3,3
64633,99,95,4,4
64634,121,128,-7,7
64635,122,121,1,1
64636,104,111,-7,7
64637,160,171,-11,11
64638,109,91,18,18
64639,63,63,0,0
64640,112,112,0,0
64641,88,85,3,3
64642,88,86,2,2
64643,101,117,-16,16
64644,50,50,0,0
64645,170,178,-8,8
64646,64,71,-7,7
64647,102,115,-13,13
64648,93,89,4,4
64649,132,126,6,6
64650,75,82,-7,7
64651,84,75,9,9
64652,60,60,0,0
64653,103,114,-11,11
64654,58,63,-5,5
64655,153,136,17,17
64656,135,125,10,10
64657,62,76,-14,14
64658,162,149,13,13
64659,74,76,-2,2
64660,90,80,10,10
64661,127,128,-1,1
64662,97,101,-4,4
64663,102,99,3,3
64664,117,117,0,0
64665,38,46,-8,8
64666,114,109,5,5
64667,45,38,7,7
64668,100,100,0,0
64669,61,59,2,2
64670,101,89,12,12
64671,120,120,0,0
64672,152,146,6,6
64673,84,89,-5,5
64674,100,92,8,8
64675,108,102,6,6
64676,124,133,-9,9
64677,148,155,-7,7
64678,46,52,-6,6
64679,119,119,0,0
64680,118,107,11,11
64681,52,63,-11,11
64682,104,111,-7,7
64683,82,103,-21,21
64684,100,88,12,12
64685,118,109,9,9
64686,70,72,-2,2
64687,104,87,17,17
64688,141,134,7,7
64689,97,95,2,2
64690,24,27,-3,3
64691,192,171,21,21
64692,71,62,9,9
64693,78,89,-11,11
64694,46,52,-6,6
64695,79,80,-1,1
64696,153,138,15,15
64697,88,100,-12,12
64698,64,70,-6,6
64699,81,73,8,8
64700,81,80,1,1
64701,105,98,7,7
64702,88,96,-8,8
64703,120,127,-7,7
64704,68,66,2,2
64705,84,85,-1,1
64706,121,115,6,6
64707,80,71,9,9
64708,138,144,-6,6
64709,90,80,10,10
64710,87,93,-6,6
64711,92,94,-2,2
64712,111,121,-10,10
64713,77,72,5,5
64714,74,74,0,0
64715,170,144,26,26
64716,77,78,-1,1
64717,117,121,-4,4
64718,151,136,15,15
64719,84,88,-4,4
64720,108,116,-8,8
64721,69,73,-4,4
64722,121,126,-5,5
64723,94,100,-6,6
64724,41,44,-3,3
64725,140,137,3,3
64726,76,66,10,10
64727,85,75,10,10
64728,104,108,-4,4
64729,48,54,-6,6
64730,128,134,-6,6
64731,68,67,1,1
64732,70,73,-3,3
64733,93,84,9,9
64734,69,85,-16,16
64735,56,58,-2,2
64736,96,97,-1,1
64737,50,50,0,0
64738,64,67,-3,3
64739,69,80,-11,11
64740,89,85,4,4
64741,75,83,-8,8
64742,77,83,-6,6
64743,68,63,5,5
64744,59,89,-30,30
64745,140,123,17,17
64746,79,72,7,7
64747,46,44,2,2
64748,54,50,4,4
64749,89,93,-4,4
64750,99,103,-4,4
64751,68,67,1,1
64752,86,92,-6,6
64753,106,92,14,14
64754,82,76,6,6
64755,97,131,-34,34
64756,29,41,-12,12
64757,99,92,7,7
64758,119,122,-3,3
64759,102,102,0,0
64760,104,104,0,0
64761,148,125,23,23
64762,146,141,5,5
64763,107,104,3,3
64764,49,46,3,3
64765,45,45,0,0
64766,133,130,3,3
64767,102,109,-7,7
64768,110,114,-4,4
64769,100,99,1,1
64770,112,106,6,6
64771,59,67,-8,8
64772,73,62,11,11
64773,115,127,-12,12
64774,88,85,3,3
64775,77,83,-6,6
64776,133,131,2,2
64777,86,88,-2,2
64778,74,61,13,13
64779,125,121,4,4
64780,97,100,-3,3
64781,71,61,10,10
64782,42,45,-3,3
64783,140,139,1,1
64784,70,64,6,6
64785,76,80,-4,4
64786,59,52,7,7
64787,87,96,-9,9
64788,134,120,14,14
64789,173,166,7,7
64790,47,49,-2,2
64791,112,99,13,13
64792,94,101,-7,7
64793,81,76,5,5
64794,152,153,-1,1
64795,56,60,-4,4
64796,72,72,0,0
64797,82,79,3,3
64798,68,68,0,0
64799,87,89,-2,2
64800,116,134,-18,18
64801,49,45,4,4
64802,124,123,1,1
64803,146,152,-6,6
64804,151,144,7,7
64805,67,89,-22,22
64806,57,93,-36,36
64807,147,150,-3,3
64808,104,108,-4,4
64809,124,126,-2,2
64810,46,53,-7,7
64811,118,121,-3,3
64812,110,111,-1,1
64813,82,81,1,1
64814,97,85,12,12
64815,104,94,10,10
64816,46,46,0,0
64817,76,85,-9,9
64818,66,63,3,3
64819,51,51,0,0
64820,63,54,9,9
64821,81,79,2,2
64822,110,110,0,0
64823,160,158,2,2
64824,65,64,1,1
64825,43,48,-5,5
64826,67,120,-53,53
64827,104,99,5,5
64828,83,92,-9,9
64829,57,70,-13,13
64830,139,135,4,4
64831,78,77,1,1
64832,68,63,5,5
64833,91,88,3,3
64834,117,118,-1,1
64835,117,111,6,6
64836,110,115,-5,5
64837,67,69,-2,2
64838,89,89,0,0
64839,96,103,-7,7
64840,92,100,-8,8
64841,87,84,3,3
64842,92,85,7,7
64843,59,64,-5,5
64844,66,66,0,0
64845,160,164,-4,4
64846,188,169,19,19
64847,96,97,-1,1
64848,75,79,-4,4
64849,140,134,6,6
64850,95,91,4,4
64851,83,84,-1,1
64852,103,104,-1,1
64853,81,87,-6,6
64854,87,84,3,3
64855,90,92,-2,2
64856,66,67,-1,1
64857,100,92,8,8
64858,75,72,3,3
64859,50,51,-1,1
64860,68,72,-4,4
64861,82,79,3,3
64862,72,64,8,8
64863,56,61,-5,5
64864,113,109,4,4
64865,41,52,-11,11
64866,56,64,-8,8
64867,92,87,5,5
64868,68,70,-2,2
64869,63,61,2,2
64870,111,115,-4,4
64871,74,76,-2,2
64872,91,92,-1,1
64873,84,137,-53,53
64874,107,115,-8,8
64875,95,95,0,0
64876,80,72,8,8
64877,125,128,-3,3
64878,57,54,3,3
64879,115,124,-9,9
64880,117,111,6,6
64881,71,74,-3,3
64882,72,70,2,2
64883,199,184,15,15
64884,100,105,-5,5
64885,75,66,9,9
64886,78,73,5,5
64887,82,78,4,4
64888,85,88,-3,3
64889,53,61,-8,8
64890,89,87,2,2
64891,111,100,11,11
64892,58,53,5,5
64893,74,69,5,5
64894,106,118,-12,12
64895,139,137,2,2
64896,94,91,3,3
64897,66,64,2,2
64898,140,122,18,18
64899,100,100,0,0
64900,60,61,-1,1
64901,118,105,13,13
64902,108,92,16,16
64903,131,118,13,13
64904,141,153,-12,12
64905,107,112,-5,5
64906,65,74,-9,9
64907,104,108,-4,4
64908,121,125,-4,4
64909,93,99,-6,6
64910,85,94,-9,9
64911,77,81,-4,4
64912,113,108,5,5
64913,44,45,-1,1
64914,110,126,-16,16
64915,75,70,5,5
64916,65,71,-6,6
64917,59,59,0,0
64918,102,92,10,10
64919,93,113,-20,20
64920,85,86,-1,1
64921,57,57,0,0
64922,129,121,8,8
64923,45,54,-9,9
64924,60,80,-20,20
64925,89,95,-6,6
64926,93,93,0,0
64927,104,100,4,4
64928,55,54,1,1
64929,83,88,-5,5
64930,137,132,5,5
64931,109,98,11,11
64932,69,68,1,1
64933,110,128,-18,18
64934,119,100,19,19
64935,97,89,8,8
64936,81,82,-1,1
64937,104,100,4,4
64938,71,79,-8,8
64939,50,56,-6,6
64940,136,126,10,10
64941,70,64,6,6
64942,63,70,-7,7
64943,90,96,-6,6
64944,102,97,5,5
64945,50,53,-3,3
64946,138,124,14,14
64947,103,130,-27,27
64948,127,124,3,3
64949,129,136,-7,7
64950,144,142,2,2
64951,52,52,0,0
64952,72,72,0,0
64953,94,96,-2,2
64954,77,68,9,9
64955,62,64,-2,2
64956,91,93,-2,2
64957,58,56,2,2
64958,78,80,-2,2
64959,63,61,2,2
64960,111,102,9,9
64961,87,88,-1,1
64962,85,81,4,4
64963,224,199,25,25
64964,99,96,3,3
64965,84,77,7,7
64966,101,99,2,2
64967,156,137,19,19
64968,50,50,0,0
64969,82,80,2,2
64970,190,198,-8,8
64971,127,131,-4,4
64972,61,62,-1,1
64973,100,103,-3,3
64974,81,85,-4,4
64975,141,128,13,13
64976,80,74,6,6
64977,67,65,2,2
64978,90,92,-2,2
64979,81,81,0,0
64980,55,52,3,3
64981,85,89,-4,4
64982,36,44,-8,8
64983,87,75,12,12
64984,73,83,-10,10
64985,90,84,6,6
64986,69,63,6,6
64987,88,83,5,5
64988,64,68,-4,4
64989,56,59,-3,3
64990,130,120,10,10
64991,59,53,6,6
64992,140,147,-7,7
64993,129,119,10,10
64994,122,120,2,2
64995,69,68,1,1
64996,65,75,-10,10
64997,103,98,5,5
64998,36,36,0,0
64999,193,196,-3,3
65000,123,119,4,4
65001,77,80,-3,3
65002,75,70,5,5
65003,85,92,-7,7
65004,124,125,-1,1
65005,148,148,0,0
65006,92,95,-3,3
65007,70,72,-2,2
65008,129,123,6,6
65009,51,50,1,1
65010,98,86,12,12
65011,130,120,10,10
65012,134,130,4,4
65013,89,85,4,4
65014,83,90,-7,7
65015,89,86,3,3
65016,101,95,6,6
65017,110,96,14,14
65018,68,70,-2,2
65019,68,61,7,7
65020,72,72,0,0
65021,77,76,1,1
65022,147,133,14,14
65023,117,113,4,4
65024,79,96,-17,17
65025,103,104,-1,1
65026,65,70,-5,5
65027,102,101,1,1
65028,66,65,1,1
65029,101,94,7,7
65030,77,79,-2,2
65031,58,63,-5,5
65032,75,79,-4,4
65033,50,62,-12,12
65034,116,113,3,3
65035,78,75,3,3
65036,111,102,9,9
65037,35,45,-10,10
65038,94,88,6,6
65039,136,125,11,11
65040,71,68,3,3
65041,94,105,-11,11
65042,81,75,6,6
65043,54,50,4,4
65044,94,84,10,10
65045,94,94,0,0
65046,143,139,4,4
65047,82,81,1,1
65048,156,146,10,10
65049,81,85,-4,4
65050,169,166,3,3
65051,104,102,2,2
65052,107,108,-1,1
65053,69,86,-17,17
65054,123,106,17,17
65055,51,55,-4,4
65056,88,96,-8,8
65057,41,43,-2,2
65058,56,62,-6,6
65059,138,137,1,1
65060,102,93,9,9
65061,97,89,8,8
65062,124,128,-4,4
65063,124,116,8,8
65064,119,132,-13,13
65065,55,54,1,1
65066,116,115,1,1
65067,60,57,3,3
65068,134,121,13,13
65069,63,88,-25,25
65070,73,75,-2,2
65071,145,140,5,5
65072,111,111,0,0
65073,110,119,-9,9
65074,194,175,19,19
65075,92,97,-5,5
65076,97,88,9,9
65077,116,116,0,0
65078,61,56,5,5
65079,150,147,3,3
65080,45,42,3,3
65081,99,88,11,11
65082,79,73,6,6
65083,118,123,-5,5
65084,74,69,5,5
65085,108,105,3,3
65086,85,79,6,6
65087,89,77,12,12
65088,107,109,-2,2
65089,165,173,-8,8
65090,84,80,4,4
65091,132,122,10,10
65092,90,85,5,5
65093,144,118,26,26
65094,87,92,-5,5
65095,103,87,16,16
65096,98,104,-6,6
65097,88,87,1,1
65098,125,120,5,5
65099,112,104,8,8
65100,51,59,-8,8
65101,105,114,-9,9
65102,149,129,20,20
65103,109,107,2,2
65104,74,75,-1,1
65105,83,80,3,3
65106,85,86,-1,1
65107,75,69,6,6
65108,78,85,-7,7
65109,67,69,-2,2
65110,48,46,2,2
65111,109,86,23,23
65112,92,86,6,6
65113,90,93,-3,3
65114,90,85,5,5
65115,98,95,3,3
65116,76,74,2,2
65117,83,89,-6,6
65118,148,153,-5,5
65119,99,96,3,3
65120,68,65,3,3
65121,79,69,10,10
65122,98,100,-2,2
65123,194,188,6,6
65124,90,83,7,7
65125,70,65,5,5
65126,88,89,-1,1
65127,66,68,-2,2
65128,81,67,14,14
65129,122,121,1,1
65130,96,96,0,0
65131,69,70,-1,1
65132,113,99,14,14
65133,61,69,-8,8
65134,101,84,17,17
65135,178,168,10,10
65136,111,105,6,6
65137,81,74,7,7
65138,147,164,-17,17
65139,121,112,9,9
65140,78,77,1,1
65141,86,82,4,4
65142,54,54,0,0
65143,46,50,-4,4
65144,62,65,-3,3
65145,94,97,-3,3
65146,101,98,3,3
65147,60,68,-8,8
65148,72,64,8,8
65149,75,84,-9,9
65150,148,141,7,7
65151,123,117,6,6
65152,81,93,-12,12
65153,126,126,0,0
65154,163,153,10,10
65155,105,105,0,0
65156,85,82,3,3
65157,102,97,5,5
65158,89,85,4,4
65159,123,130,-7,7
65160,62,56,6,6
65161,78,86,-8,8
65162,98,91,7,7
65163,68,64,4,4
65164,99,104,-5,5
65165,112,105,7,7
65166,89,83,6,6
65167,89,94,-5,5
65168,83,79,4,4
65169,119,121,-2,2
65170,92,96,-4,4
65171,77,81,-4,4
65172,74,71,3,3
65173,115,135,-20,20
65174,107,101,6,6
65175,98,88,10,10
65176,136,125,11,11
65177,42,58,-16,16
65178,119,122,-3,3
65179,119,123,-4,4
65180,109,99,10,10
65181,113,113,0,0
65182,164,163,1,1
65183,86,84,2,2
65184,97,97,0,0
65185,112,118,-6,6
65186,124,119,5,5
65187,84,103,-19,19
65188,77,81,-4,4
65189,87,88,-1,1
65190,52,51,1,1
65191,112,107,5,5
65192,78,76,2,2
65193,93,93,0,0
65194,115,129,-14,14
65195,76,70,6,6
65196,209,196,13,13
65197,41,62,-21,21
65198,115,110,5,5
65199,155,143,12,12
65200,53,50,3,3
65201,72,72,0,0
65202,110,84,26,26
65203,91,96,-5,5
65204,99,94,5,5
65205,88,94,-6,6
65206,100,98,2,2
65207,73,84,-11,11
65208,70,67,3,3
65209,126,123,3,3
65210,102,99,3,3
65211,97,88,9,9
65212,60,66,-6,6
65213,44,60,-16,16
65214,62,67,-5,5
65215,52,59,-7,7
65216,128,123,5,5
65217,168,167,1,1
65218,101,106,-5,5
65219,106,108,-2,2
65220,191,176,15,15
65221,51,63,-12,12
65222,196,167,29,29
65223,92,96,-4,4
65224,47,43,4,4
65225,115,104,11,11
65226,70,63,7,7
65227,84,93,-9,9
65228,145,142,3,3
65229,102,105,-3,3
65230,31,36,-5,5
65231,65,63,2,2
65232,92,89,3,3
65233,77,83,-6,6
65234,90,92,-2,2
65235,30,36,-6,6
65236,72,81,-9,9
65237,109,113,-4,4
65238,148,151,-3,3
65239,81,83,-2,2
65240,75,71,4,4
65241,60,64,-4,4
65242,147,141,6,6
65243,95,78,17,17
65244,71,75,-4,4
65245,145,154,-9,9
65246,91,97,-6,6
65247,48,68,-20,20
65248,94,95,-1,1
65249,86,96,-10,10
65250,70,68,2,2
65251,120,121,-1,1
65252,117,117,0,0
65253,118,93,25,25
65254,66,65,1,1
65255,70,65,5,5
65256,51,47,4,4
65257,80,84,-4,4
65258,78,83,-5,5
65259,136,120,16,16
65260,105,105,0,0
65261,94,88,6,6
65262,119,113,6,6
65263,119,120,-1,1
65264,66,64,2,2
65265,133,124,9,9
65266,106,101,5,5
65267,110,97,13,13
65268,109,99,10,10
65269,97,112,-15,15
65270,54,57,-3,3
65271,143,135,8,8
65272,103,108,-5,5
65273,55,47,8,8
65274,72,70,2,2
65275,300,250,50,50
65276,110,108,2,2
65277,120,122,-2,2
65278,114,124,-10,10
65279,65,61,4,4
65280,51,54,-3,3
65281,107,101,6,6
65282,86,91,-5,5
65283,91,91,0,0
65284,102,97,5,5
65285,72,64,8,8
65286,82,81,1,1
65287,134,126,8,8
65288,133,124,9,9
65289,79,88,-9,9
65290,146,144,2,2
65291,176,162,14,14
65292,117,115,2,2
65293,82,86,-4,4
65294,105,101,4,4
65295,89,91,-2,2
65296,72,77,-5,5
65297,71,62,9,9
65298,117,122,-5,5
65299,140,133,7,7
65300,80,84,-4,4
65301,53,53,0,0
65302,185,185,0,0
65303,111,101,10,10
65304,92,98,-6,6
65305,91,87,4,4
65306,112,94,18,18
65307,59,59,0,0
65308,106,97,9,9
65309,53,62,-9,9
65310,132,130,2,2
65311,80,84,-4,4
65312,163,164,-1,1
65313,58,64,-6,6
65314,138,128,10,10
65315,173,170,3,3
65316,64,70,-6,6
65317,78,74,4,4
65318,101,107,-6,6
65319,103,98,5,5
65320,87,78,9,9
65321,105,101,4,4
65322,94,88,6,6
65323,89,91,-2,2
65324,63,72,-9,9
65325,92,87,5,5
65326,139,141,-2,2
65327,78,82,-4,4
65328,58,78,-20,20
65329,77,81,-4,4
65330,71,102,-31,31
65331,154,156,-2,2
65332,93,91,2,2
65333,61,61,0,0
65334,168,159,9,9
65335,139,129,10,10
65336,78,77,1,1
65337,132,125,7,7
65338,56,52,4,4
65339,78,84,-6,6
65340,86,87,-1,1
65341,68,67,1,1
65342,31,54,-23,23
65343,60,62,-2,2
65344,150,143,7,7
65345,117,112,5,5
65346,104,99,5,5
65347,102,104,-2,2
65348,77,87,-10,10
65349,64,66,-2,2
65350,103,107,-4,4
65351,113,110,3,3
65352,96,96,0,0
65353,114,93,21,21
65354,126,120,6,6
65355,106,109,-3,3
65356,59,61,-2,2
65357,81,84,-3,3
65358,109,102,7,7
65359,121,130,-9,9
65360,70,68,2,2
65361,148,146,2,2
65362,94,91,3,3
65363,127,127,0,0
65364,117,120,-3,3
65365,104,98,6,6
65366,46,53,-7,7
65367,106,122,-16,16
65368,94,88,6,6
65369,124,115,9,9
65370,62,65,-3,3
65371,62,80,-18,18
65372,74,83,-9,9
65373,53,52,1,1
65374,40,46,-6,6
65375,70,68,2,2
65376,60,63,-3,3
65377,45,43,2,2
65378,111,112,-1,1
65379,37,51,-14,14
65380,88,103,-15,15
65381,51,104,-53,53
65382,66,67,-1,1
65383,76,72,4,4
65384,91,86,5,5
65385,121,121,0,0
65386,135,126,9,9
65387,87,94,-7,7
65388,99,97,2,2
65389,106,104,2,2
65390,83,86,-3,3
65391,94,85,9,9
65392,76,78,-2,2
65393,69,69,0,0
65394,100,112,-12,12
65395,118,119,-1,1
65396,66,82,-16,16
65397,89,92,-3,3
65398,104,119,-15,15
65399,110,93,17,17
65400,106,102,4,4
65401,118,118,0,0
65402,83,88,-5,5
65403,85,83,2,2
65404,73,82,-9,9
65405,72,64,8,8
65406,61,64,-3,3
65407,59,61,-2,2
65408,114,119,-5,5
65409,68,75,-7,7
65410,179,179,0,0
65411,70,69,1,1
65412,91,86,5,5
65413,114,111,3,3
65414,108,103,5,5
65415,79,79,0,0
65416,79,75,4,4
65417,125,126,-1,1
65418,117,100,17,17
65419,68,75,-7,7
65420,79,79,0,0
65421,103,116,-13,13
65422,207,185,22,22
65423,63,65,-2,2
65424,117,113,4,4
65425,63,60,3,3
65426,71,69,2,2
65427,74,85,-11,11
65428,55,51,4,4
65429,170,161,9,9
65430,69,69,0,0
65431,51,60,-9,9
65432,55,52,3,3
65433,73,76,-3,3
65434,89,105,-16,16
65435,173,157,16,16
65436,119,117,2,2
65437,85,89,-4,4
65438,94,96,-2,2
65439,104,93,11,11
65440,96,97,-1,1
65441,61,65,-4,4
65442,86,89,-3,3
65443,95,95,0,0
65444,161,154,7,7
65445,80,82,-2,2
65446,112,105,7,7
65447,75,83,-8,8
65448,141,133,8,8
65449,161,162,-1,1
65450,99,98,1,1
65451,94,91,3,3
65452,146,132,14,14
65453,72,69,3,3
65454,105,90,15,15
65455,69,68,1,1
65456,113,109,4,4
65457,132,113,19,19
65458,121,121,0,0
65459,91,94,-3,3
65460,70,63,7,7
65461,96,96,0,0
65462,155,148,7,7
65463,130,137,-7,7
65464,186,164,22,22
65465,96,100,-4,4
65466,146,159,-13,13
65467,113,108,5,5
65468,86,87,-1,1
65469,104,100,4,4
65470,66,62,4,4
65471,96,89,7,7
65472,88,77,11,11
65473,111,103,8,8
65474,146,133,13,13
65475,86,70,16,16
65476,46,47,-1,1
65477,72,72,0,0
65478,170,153,17,17
65479,35,37,-2,2
65480,90,92,-2,2
65481,143,146,-3,3
65482,157,152,5,5
65483,62,72,-10,10
65484,65,61,4,4
65485,75,72,3,3
65486,89,90,-1,1
65487,82,73,9,9
65488,80,84,-4,4
65489,56,51,5,5
65490,76,71,5,5
65491,113,109,4,4
65492,104,112,-8,8
65493,99,95,4,4
65494,62,63,-1,1
65495,140,145,-5,5
65496,76,78,-2,2
65497,114,112,2,2
65498,108,114,-6,6
65499,81,72,9,9
65500,63,62,1,1
65501,125,121,4,4
65502,70,56,14,14
65503,90,91,-1,1
65504,37,45,-8,8
65505,92,100,-8,8
65506,96,102,-6,6
65507,85,85,0,0
65508,106,109,-3,3
65509,86,81,5,5
65510,101,88,13,13
65511,101,100,1,1
65512,100,107,-7,7
65513,105,98,7,7
65514,71,77,-6,6
65515,58,53,5,5
65516,179,171,8,8
65517,106,104,2,2
65518,89,83,6,6
65519,84,74,10,10
65520,113,106,7,7
65521,129,122,7,7
65522,87,94,-7,7
65523,122,126,-4,4
65524,109,109,0,0
65525,78,87,-9,9
65526,96,95,1,1
65527,176,152,24,24
65528,114,111,3,3
65529,89,74,15,15
65530,115,103,12,12
65531,73,64,9,9
65532,68,72,-4,4
65533,148,142,6,6
65534,70,67,3,3
65535,108,103,5,5
65536,60,59,1,1
65537,98,84,14,14
65538,47,50,-3,3
65539,84,91,-7,7
65540,60,50,10,10
65541,119,125,-6,6
65542,66,69,-3,3
65543,115,113,2,2
65544,172,155,17,17
65545,105,98,7,7
65546,83,77,6,6
65547,75,70,5,5
65548,48,48,0,0
65549,100,100,0,0
65550,59,64,-5,5
65551,67,63,4,4
65552,103,112,-9,9
65553,48,48,0,0
65554,108,119,-11,11
65555,77,62,15,15
65556,126,122,4,4
65557,82,101,-19,19
65558,38,62,-24,24
65559,99,94,5,5
65560,56,61,-5,5
65561,131,113,18,18
65562,96,85,11,11
65563,83,87,-4,4
65564,120,112,8,8
65565,102,90,12,12
65566,93,96,-3,3
65567,127,122,5,5
65568,67,55,12,12
65569,98,95,3,3
65570,77,68,9,9
65571,84,75,9,9
65572,96,91,5,5
65573,118,113,5,5
65574,84,83,1,1
65575,70,85,-15,15
65576,100,99,1,1
65577,118,109,9,9
65578,54,59,-5,5
65579,170,161,9,9
65580,91,98,-7,7
65581,86,82,4,4
65582,82,86,-4,4
65583,123,124,-1,1
65584,94,95,-1,1
65585,86,72,14,14
65586,142,151,-9,9
65587,132,117,15,15
65588,140,134,6,6
65589,177,158,19,19
65590,54,62,-8,8
65591,51,58,-7,7
65592,130,120,10,10
65593,71,71,0,0
65594,61,59,2,2
65595,93,90,3,3
65596,93,102,-9,9
65597,83,86,-3,3
65598,104,95,9,9
65599,93,95,-2,2
65600,88,82,6,6
65601,89,89,0,0
65602,154,157,-3,3
65603,53,53,0,0
65604,85,82,3,3
65605,89,96,-7,7
65606,107,109,-2,2
65607,102,102,0,0
65608,88,93,-5,5
65609,35,40,-5,5
65610,118,113,5,5
65611,63,64,-1,1
65612,56,63,-7,7
65613,41,45,-4,4
65614,108,106,2,2
65615,137,138,-1,1
65616,70,63,7,7
65617,131,145,-14,14
65618,83,73,10,10
65619,87,83,4,4
65620,87,92,-5,5
65621,134,132,2,2
65622,108,90,18,18
65623,73,90,-17,17
65624,110,107,3,3
65625,100,79,21,21
65626,57,75,-18,18
65627,101,99,2,2
65628,124,117,7,7
65629,100,100,0,0
65630,116,119,-3,3
65631,124,109,15,15
65632,119,125,-6,6
65633,95,106,-11,11
65634,131,122,9,9
65635,46,47,-1,1
65636,119,109,10,10
65637,86,78,8,8
65638,148,148,0,0
65639,63,63,0,0
65640,84,81,3,3
65641,88,80,8,8
65642,125,114,11,11
65643,180,163,17,17
65644,92,98,-6,6
65645,73,77,-4,4
65646,54,58,-4,4
65647,125,132,-7,7
65648,158,154,4,4
65649,115,109,6,6
65650,176,175,1,1
65651,71,88,-17,17
65652,109,119,-10,10
65653,115,111,4,4
65654,135,130,5,5
65655,75,76,-1,1
65656,71,73,-2,2
65657,74,87,-13,13
65658,123,133,-10,10
65659,85,85,0,0
65660,124,119,5,5
65661,51,49,2,2
65662,53,61,-8,8
65663,97,104,-7,7
65664,92,92,0,0
65665,122,124,-2,2
65666,183,171,12,12
65667,94,103,-9,9
65668,151,141,10,10
65669,65,65,0,0
65670,146,144,2,2
65671,68,77,-9,9
65672,186,138,48,48
65673,121,109,12,12
65674,77,73,4,4
65675,99,108,-9,9
65676,102,104,-2,2
65677,80,79,1,1
65678,123,121,2,2
65679,90,94,-4,4
65680,96,98,-2,2
65681,119,101,18,18
65682,136,134,2,2
65683,84,80,4,4
65684,135,135,0,0
65685,84,105,-21,21
65686,56,54,2,2
65687,81,86,-5,5
65688,69,61,8,8
65689,89,72,17,17
65690,105,100,5,5
65691,113,111,2,2
65692,79,75,4,4
65693,167,151,16,16
65694,85,79,6,6
65695,80,80,0,0
65696,72,75,-3,3
65697,129,130,-1,1
65698,155,138,17,17
65699,53,58,-5,5
65700,48,50,-2,2
65701,45,40,5,5
65702,55,54,1,1
65703,99,99,0,0
65704,91,90,1,1
65705,75,71,4,4
65706,84,83,1,1
65707,38,45,-7,7
65708,41,60,-19,19
65709,86,87,-1,1
65710,76,70,6,6
65711,53,56,-3,3
65712,63,66,-3,3
65713,79,75,4,4
65714,145,137,8,8
65715,97,97,0,0
65716,120,118,2,2
65717,74,74,0,0
65718,96,98,-2,2
65719,101,94,7,7
65720,94,99,-5,5
65721,92,85,7,7
65722,83,75,8,8
65723,122,104,18,18
65724,57,59,-2,2
65725,56,63,-7,7
65726,123,126,-3,3
65727,104,105,-1,1
65728,147,138,9,9
65729,190,198,-8,8
65730,120,110,10,10
65731,173,163,10,10
65732,52,47,5,5
65733,134,126,8,8
65734,110,102,8,8
65735,84,81,3,3
65736,92,93,-1,1
65737,112,102,10,10
65738,60,60,0,0
65739,76,75,1,1
65740,159,146,13,13
65741,61,69,-8,8
65742,141,129,12,12
65743,107,106,1,1
65744,103,91,12,12
65745,129,132,-3,3
65746,61,58,3,3
65747,77,69,8,8
65748,84,87,-3,3
65749,78,78,0,0
65750,47,46,1,1
65751,140,133,7,7
65752,56,50,6,6
65753,154,141,13,13
65754,77,87,-10,10
65755,85,71,14,14
65756,104,115,-11,11
65757,70,87,-17,17
65758,71,74,-3,3
65759,63,63,0,0
65760,84,82,2,2
65761,110,103,7,7
65762,88,100,-12,12
65763,74,79,-5,5
65764,72,87,-15,15
65765,46,47,-1,1
65766,94,92,2,2
65767,93,103,-10,10
65768,63,62,1,1
65769,100,100,0,0
65770,71,71,0,0
65771,113,114,-1,1
65772,88,83,5,5
65773,83,68,15,15
65774,76,84,-8,8
65775,83,74,9,9
65776,153,134,19,19
65777,134,136,-2,2
65778,91,91,0,0
65779,56,53,3,3
65780,89,92,-3,3
65781,51,56,-5,5
65782,121,117,4,4
65783,107,106,1,1
65784,97,149,-52,52
65785,79,77,2,2
65786,115,110,5,5
65787,60,64,-4,4
65788,105,104,1,1
65789,65,70,-5,5
65790,57,60,-3,3
65791,169,156,13,13
65792,92,92,0,0
65793,104,121,-17,17
65794,68,66,2,2
65795,72,68,4,4
65796,92,91,1,1
65797,124,120,4,4
65798,85,86,-1,1
65799,123,120,3,3
65800,112,105,7,7
65801,138,149,-11,11
65802,205,188,17,17
65803,88,87,1,1
65804,82,85,-3,3
65805,77,81,-4,4
65806,68,66,2,2
65807,125,121,4,4
65808,87,83,4,4
65809,112,118,-6,6
65810,66,78,-12,12
65811,132,123,9,9
65812,136,120,16,16
65813,232,219,13,13
65814,63,64,-1,1
65815,77,83,-6,6
65816,121,119,2,2
65817,161,153,8,8
65818,200,162,38,38
65819,65,67,-2,2
65820,104,93,11,11
65821,129,113,16,16
65822,129,143,-14,14
65823,123,118,5,5
65824,72,77,-5,5
65825,59,60,-1,1
65826,94,105,-11,11
65827,102,114,-12,12
65828,74,71,3,3
65829,64,63,1,1
65830,48,51,-3,3
65831,80,81,-1,1
65832,112,98,14,14
65833,67,125,-58,58
65834,79,84,-5,5
65835,79,83,-4,4
65836,51,52,-1,1
65837,213,199,14,14
65838,116,122,-6,6
65839,82,83,-1,1
65840,88,89,-1,1
65841,154,164,-10,10
65842,93,88,5,5
65843,115,112,3,3
65844,58,53,5,5
65845,89,96,-7,7
65846,69,69,0,0
65847,124,115,9,9
65848,87,87,0,0
65849,114,113,1,1
65850,75,78,-3,3
65851,46,65,-19,19
65852,54,56,-2,2
65853,63,54,9,9
65854,54,52,2,2
65855,70,65,5,5
65856,98,90,8,8
65857,74,74,0,0
65858,76,73,3,3
65859,80,74,6,6
65860,73,133,-60,60
65861,108,105,3,3
65862,100,88,12,12
65863,64,55,9,9
65864,101,101,0,0
65865,75,73,2,2
65866,66,71,-5,5
65867,142,135,7,7
65868,47,47,0,0
65869,71,62,9,9
65870,26,28,-2,2
65871,53,59,-6,6
65872,133,136,-3,3
65873,96,96,0,0
65874,91,100,-9,9
65875,83,75,8,8
65876,103,107,-4,4
65877,89,82,7,7
65878,90,94,-4,4
65879,95,104,-9,9
65880,32,37,-5,5
65881,72,75,-3,3
65882,99,82,17,17
65883,115,115,0,0
65884,86,92,-6,6
65885,93,105,-12,12
65886,129,118,11,11
65887,92,90,2,2
65888,114,117,-3,3
65889,84,85,-1,1
65890,93,90,3,3
65891,89,103,-14,14
65892,59,61,-2,2
65893,63,64,-1,1
65894,59,60,-1,1
65895,115,113,2,2
65896,144,123,21,21
65897,76,83,-7,7
65898,112,108,4,4
65899,118,131,-13,13
65900,80,85,-5,5
65901,106,103,3,3
65902,92,98,-6,6
65903,65,67,-2,2
65904,130,139,-9,9
65905,108,102,6,6
65906,44,59,-15,15
65907,101,104,-3,3
65908,72,78,-6,6
65909,67,71,-4,4
65910,73,77,-4,4
65911,184,172,12,12
65912,83,78,5,5
65913,77,76,1,1
65914,113,108,5,5
65915,46,43,3,3
65916,101,110,-9,9
65917,92,96,-4,4
65918,122,113,9,9
65919,67,62,5,5
65920,134,125,9,9
65921,82,84,-2,2
65922,142,145,-3,3
65923,101,91,10,10
65924,119,127,-8,8
65925,44,47,-3,3
65926,105,106,-1,1
65927,99,104,-5,5
65928,127,123,4,4
65929,76,75,1,1
65930,107,95,12,12
65931,104,112,-8,8
65932,104,96,8,8
65933,100,102,-2,2
65934,106,97,9,9
65935,66,63,3,3
65936,154,140,14,14
65937,124,126,-2,2
65938,118,118,0,0
65939,79,79,0,0
65940,76,78,-2,2
65941,89,84,5,5
65942,67,69,-2,2
65943,104,105,-1,1
65944,108,94,14,14
65945,76,78,-2,2
65946,47,49,-2,2
65947,98,103,-5,5
65948,137,145,-8,8
65949,111,106,5,5
65950,62,60,2,2
65951,37,39,-2,2
65952,69,65,4,4
65953,115,123,-8,8
65954,98,101,-3,3
65955,62,64,-2,2
65956,94,92,2,2
65957,46,67,-21,21
65958,97,87,10,10
65959,108,99,9,9
65960,124,125,-1,1
65961,74,90,-16,16
65962,113,111,2,2
65963,96,102,-6,6
65964,135,130,5,5
65965,81,83,-2,2
65966,101,99,2,2
65967,109,115,-6,6
65968,121,120,1,1
65969,62,51,11,11
65970,105,112,-7,7
65971,105,95,10,10
65972,96,78,18,18
65973,90,67,23,23
65974,81,75,6,6
65975,137,131,6,6
65976,86,84,2,2
65977,86,88,-2,2
65978,105,112,-7,7
65979,120,115,5,5
65980,70,65,5,5
65981,90,88,2,2
65982,90,89,1,1
65983,79,79,0,0
65984,62,63,-1,1
65985,56,64,-8,8
65986,62,60,2,2
65987,123,110,13,13
65988,108,113,-5,5
65989,73,77,-4,4
65990,92,87,5,5
65991,97,90,7,7
65992,94,85,9,9
65993,119,121,-2,2
65994,125,124,1,1
65995,252,220,32,32
65996,124,127,-3,3
65997,76,84,-8,8
65998,120,117,3,3
65999,83,82,1,1
66000,82,83,-1,1
66001,93,93,0,0
66002,56,60,-4,4
66003,78,89,-11,11
66004,121,150,-29,29
66005,100,90,10,10
66006,91,82,9,9
66007,66,64,2,2
66008,62,61,1,1
66009,72,70,2,2
66010,77,82,-5,5
66011,93,90,3,3
66012,176,163,13,13
66013,55,54,1,1
66014,75,80,-5,5
66015,60,59,1,1
66016,143,134,9,9
66017,117,121,-4,4
66018,36,60,-24,24
66019,45,47,-2,2
66020,96,95,1,1
66021,81,88,-7,7
66022,106,101,5,5
66023,83,90,-7,7
66024,105,99,6,6
66025,80,86,-6,6
66026,43,45,-2,2
66027,103,106,-3,3
66028,134,127,7,7
66029,53,54,-1,1
66030,115,104,11,11
66031,157,137,20,20
66032,67,85,-18,18
66033,104,119,-15,15
66034,148,151,-3,3
66035,116,108,8,8
66036,100,95,5,5
66037,63,66,-3,3
66038,71,77,-6,6
66039,71,65,6,6
66040,67,74,-7,7
66041,105,113,-8,8
66042,102,102,0,0
66043,53,51,2,2
66044,71,71,0,0
66045,115,118,-3,3
66046,105,100,5,5
66047,62,76,-14,14
66048,119,117,2,2
66049,151,140,11,11
66050,55,65,-10,10
66051,76,79,-3,3
66052,37,43,-6,6
66053,126,100,26,26
66054,116,92,24,24
66055,119,116,3,3
66056,86,82,4,4
66057,64,72,-8,8
66058,53,52,1,1
66059,108,100,8,8
66060,118,109,9,9
66061,126,128,-2,2
66062,71,65,6,6
66063,99,100,-1,1
66064,49,54,-5,5
66065,87,87,0,0
66066,75,71,4,4
66067,89,89,0,0
66068,94,88,6,6
66069,100,94,6,6
66070,80,70,10,10
66071,78,78,0,0
66072,65,73,-8,8
66073,104,98,6,6
66074,111,118,-7,7
66075,182,153,29,29
66076,69,67,2,2
66077,67,67,0,0
66078,99,117,-18,18
66079,82,71,11,11
66080,99,82,17,17
66081,66,64,2,2
66082,162,155,7,7
66083,142,130,12,12
66084,84,82,2,2
66085,70,85,-15,15
66086,106,105,1,1
66087,57,61,-4,4
66088,89,78,11,11
66089,119,112,7,7
66090,90,85,5,5
66091,59,68,-9,9
66092,80,79,1,1
66093,113,108,5,5
66094,47,48,-1,1
66095,72,73,-1,1
66096,178,187,-9,9
66097,76,88,-12,12
66098,96,103,-7,7
66099,83,83,0,0
66100,63,64,-1,1
66101,144,143,1,1
66102,42,52,-10,10
66103,52,46,6,6
66104,125,113,12,12
66105,63,64,-1,1
66106,69,57,12,12
66107,78,72,6,6
66108,63,81,-18,18
66109,80,87,-7,7
66110,101,103,-2,2
66111,187,155,32,32
66112,163,148,15,15
66113,109,114,-5,5
66114,101,112,-11,11
66115,86,88,-2,2
66116,72,86,-14,14
66117,142,169,-27,27
66118,99,86,13,13
66119,64,69,-5,5
66120,79,80,-1,1
66121,85,71,14,14
66122,107,80,27,27
66123,97,92,5,5
66124,116,112,4,4
66125,67,66,1,1
66126,89,99,-10,10
66127,122,111,11,11
66128,140,141,-1,1
66129,62,59,3,3
66130,119,131,-12,12
66131,117,110,7,7
66132,104,116,-12,12
66133,47,54,-7,7
66134,73,73,0,0
66135,159,133,26,26
66136,101,101,0,0
66137,77,67,10,10
66138,58,53,5,5
66139,78,78,0,0
66140,97,91,6,6
66141,76,74,2,2
66142,88,88,0,0
66143,64,62,2,2
66144,81,93,-12,12
66145,69,69,0,0
66146,115,132,-17,17
66147,65,84,-19,19
66148,76,66,10,10
66149,58,60,-2,2
66150,33,39,-6,6
66151,133,130,3,3
66152,45,65,-20,20
66153,123,123,0,0
66154,100,96,4,4
66155,82,85,-3,3
66156,83,84,-1,1
66157,117,104,13,13
66158,74,67,7,7
66159,103,106,-3,3
66160,72,76,-4,4
66161,142,127,15,15
66162,121,108,13,13
66163,82,78,4,4
66164,80,74,6,6
66165,100,103,-3,3
66166,164,164,0,0
66167,95,89,6,6
66168,57,60,-3,3
66169,81,74,7,7
66170,39,42,-3,3
66171,123,120,3,3
66172,127,122,5,5
66173,82,82,0,0
66174,105,105,0,0
66175,72,68,4,4
66176,37,41,-4,4
66177,85,88,-3,3
66178,152,145,7,7
66179,80,73,7,7
66180,55,57,-2,2
66181,76,89,-13,13
66182,21,44,-23,23
66183,220,205,15,15
66184,159,140,19,19
66185,90,93,-3,3
66186,148,149,-1,1
66187,102,99,3,3
66188,83,76,7,7
66189,80,94,-14,14
66190,100,89,11,11
66191,111,98,13,13
66192,79,85,-6,6
66193,82,81,1,1
66194,82,82,0,0
66195,197,192,5,5
66196,188,168,20,20
66197,177,184,-7,7
66198,76,73,3,3
66199,157,173,-16,16
66200,49,54,-5,5
66201,44,59,-15,15
66202,66,70,-4,4
66203,156,143,13,13
66204,111,122,-11,11
66205,69,80,-11,11
66206,188,183,5,5
66207,126,109,17,17
66208,73,68,5,5
66209,111,102,9,9
66210,94,84,10,10
66211,57,72,-15,15
66212,132,124,8,8
66213,164,161,3,3
66214,55,60,-5,5
66215,139,130,9,9
66216,77,70,7,7
66217,43,51,-8,8
66218,96,88,8,8
66219,88,86,2,2
66220,74,72,2,2
66221,81,84,-3,3
66222,84,85,-1,1
66223,100,100,0,0
66224,108,94,14,14
66225,44,60,-16,16
66226,77,85,-8,8
66227,79,82,-3,3
66228,111,113,-2,2
66229,86,82,4,4
66230,61,55,6,6
66231,85,81,4,4
66232,45,64,-19,19
66233,81,73,8,8
66234,159,148,11,11
66235,80,74,6,6
66236,94,85,9,9
66237,89,89,0,0
66238,96,93,3,3
66239,95,82,13,13
66240,127,109,18,18
66241,71,62,9,9
66242,68,66,2,2
66243,80,89,-9,9
66244,122,115,7,7
66245,136,133,3,3
66246,95,97,-2,2
66247,89,84,5,5
66248,88,91,-3,3
66249,44,43,1,1
66250,121,112,9,9
66251,47,46,1,1
66252,72,71,1,1
66253,72,72,0,0
66254,145,159,-14,14
66255,77,77,0,0
66256,129,143,-14,14
66257,65,70,-5,5
66258,121,112,9,9
66259,92,88,4,4
66260,100,105,-5,5
66261,36,43,-7,7
66262,122,117,5,5
66263,112,97,15,15
66264,76,69,7,7
66265,112,123,-11,11
66266,75,81,-6,6
66267,81,82,-1,1
66268,102,89,13,13
66269,43,66,-23,23
66270,92,92,0,0
66271,118,104,14,14
66272,73,72,1,1
66273,179,186,-7,7
66274,63,69,-6,6
66275,128,134,-6,6
66276,161,161,0,0
66277,178,155,23,23
66278,90,87,3,3
66279,74,78,-4,4
66280,74,78,-4,4
66281,95,99,-4,4
66282,98,100,-2,2
66283,94,90,4,4
66284,115,120,-5,5
66285,131,136,-5,5
66286,99,76,23,23
66287,87,84,3,3
66288,74,78,-4,4
66289,56,61,-5,5
66290,58,61,-3,3
66291,77,81,-4,4
66292,122,107,15,15
66293,70,74,-4,4
66294,40,53,-13,13
66295,106,108,-2,2
66296,100,102,-2,2
66297,73,79,-6,6
66298,72,63,9,9
66299,99,102,-3,3
66300,135,137,-2,2
66301,184,165,19,19
66302,50,70,-20,20
66303,77,75,2,2
66304,48,51,-3,3
66305,76,75,1,1
66306,87,93,-6,6
66307,137,127,10,10
66308,110,112,-2,2
66309,84,86,-2,2
66310,74,81,-7,7
66311,83,74,9,9
66312,76,75,1,1
66313,107,136,-29,29
66314,78,70,8,8
66315,87,82,5,5
66316,64,68,-4,4
66317,60,61,-1,1
66318,94,98,-4,4
66319,80,73,7,7
66320,50,46,4,4
66321,54,51,3,3
66322,65,62,3,3
66323,101,111,-10,10
66324,89,85,4,4
66325,127,127,0,0
66326,59,67,-8,8
66327,90,98,-8,8
66328,77,82,-5,5
66329,100,111,-11,11
66330,103,103,0,0
66331,33,52,-19,19
66332,61,60,1,1
66333,63,78,-15,15
66334,47,50,-3,3
66335,51,50,1,1
66336,141,143,-2,2
66337,74,72,2,2
66338,74,74,0,0
66339,85,81,4,4
66340,149,138,11,11
66341,90,92,-2,2
66342,79,85,-6,6
66343,93,102,-9,9
66344,79,78,1,1
66345,146,146,0,0
66346,81,83,-2,2
66347,83,106,-23,23
66348,196,188,8,8
66349,114,103,11,11
66350,102,99,3,3
66351,140,134,6,6
66352,46,42,4,4
66353,189,177,12,12
66354,102,102,0,0
66355,96,88,8,8
66356,73,85,-12,12
66357,131,139,-8,8
66358,143,130,13,13
66359,94,108,-14,14
66360,95,96,-1,1
66361,131,124,7,7
66362,138,130,8,8
66363,55,61,-6,6
66364,40,39,1,1
66365,97,91,6,6
66366,70,75,-5,5
66367,95,93,2,2
66368,86,78,8,8
66369,107,100,7,7
66370,45,52,-7,7
66371,107,106,1,1
66372,77,72,5,5
66373,75,73,2,2
66374,85,87,-2,2
66375,81,84,-3,3
66376,100,93,7,7
66377,65,76,-11,11
66378,57,60,-3,3
66379,61,61,0,0
66380,79,81,-2,2
66381,104,104,0,0
66382,106,105,1,1
66383,55,55,0,0
66384,100,97,3,3
66385,89,93,-4,4
66386,73,70,3,3
66387,77,83,-6,6
66388,59,60,-1,1
66389,71,74,-3,3
66390,52,65,-13,13
66391,58,59,-1,1
66392,72,68,4,4
66393,90,84,6,6
66394,57,63,-6,6
66395,82,97,-15,15
66396,92,89,3,3
66397,88,79,9,9
66398,49,53,-4,4
66399,91,81,10,10
66400,171,161,10,10
66401,75,85,-10,10
66402,82,81,1,1
66403,74,67,7,7
66404,116,115,1,1
66405,95,81,14,14
66406,116,103,13,13
66407,74,102,-28,28
66408,100,97,3,3
66409,81,90,-9,9
66410,141,156,-15,15
66411,113,104,9,9
66412,100,93,7,7
66413,80,71,9,9
66414,96,88,8,8
66415,83,85,-2,2
66416,68,77,-9,9
66417,66,61,5,5
66418,73,74,-1,1
66419,169,170,-1,1
66420,119,103,16,16
66421,82,91,-9,9
66422,85,84,1,1
66423,92,107,-15,15
66424,92,91,1,1
66425,164,155,9,9
66426,131,131,0,0
66427,106,125,-19,19
66428,72,71,1,1
66429,54,59,-5,5
66430,75,80,-5,5
66431,62,61,1,1
66432,89,89,0,0
66433,63,56,7,7
66434,87,83,4,4
66435,136,123,13,13
66436,79,78,1,1
66437,86,87,-1,1
66438,71,74,-3,3
66439,68,63,5,5
66440,127,124,3,3
66441,78,84,-6,6
66442,43,48,-5,5
66443,82,79,3,3
66444,61,66,-5,5
66445,91,101,-10,10
66446,78,80,-2,2
66447,121,120,1,1
66448,83,85,-2,2
66449,169,176,-7,7
66450,56,60,-4,4
66451,78,63,15,15
66452,73,73,0,0
66453,66,70,-4,4
66454,67,60,7,7
66455,69,64,5,5
66456,96,95,1,1
66457,118,109,9,9
66458,67,69,-2,2
66459,58,63,-5,5
66460,77,62,15,15
66461,164,150,14,14
66462,57,61,-4,4
66463,98,102,-4,4
66464,97,91,6,6
66465,58,63,-5,5
66466,107,108,-1,1
66467,70,76,-6,6
66468,121,116,5,5
66469,144,131,13,13
66470,157,156,1,1
66471,113,111,2,2
66472,66,64,2,2
66473,47,79,-32,32
66474,106,96,10,10
66475,77,79,-2,2
66476,180,181,-1,1
66477,55,55,0,0
66478,57,71,-14,14
66479,104,104,0,0
66480,120,117,3,3
66481,124,115,9,9
66482,157,162,-5,5
66483,185,184,1,1
66484,63,62,1,1
66485,158,141,17,17
66486,161,164,-3,3
66487,61,65,-4,4
66488,104,106,-2,2
66489,65,62,3,3
66490,174,167,7,7
66491,52,59,-7,7
66492,118,103,15,15
66493,89,87,2,2
66494,88,84,4,4
66495,88,90,-2,2
66496,62,69,-7,7
66497,67,65,2,2
66498,118,114,4,4
66499,113,119,-6,6
66500,99,106,-7,7
66501,68,69,-1,1
66502,50,46,4,4
66503,123,128,-5,5
66504,97,93,4,4
66505,93,109,-16,16
66506,132,115,17,17
66507,70,70,0,0
66508,65,60,5,5
66509,80,94,-14,14
66510,79,74,5,5
66511,96,98,-2,2
66512,69,76,-7,7
66513,142,139,3,3
66514,126,125,1,1
66515,88,111,-23,23
66516,57,53,4,4
66517,68,61,7,7
66518,97,106,-9,9
66519,128,129,-1,1
66520,129,139,-10,10
66521,92,87,5,5
66522,146,125,21,21
66523,83,84,-1,1
66524,92,84,8,8
66525,207,183,24,24
66526,40,51,-11,11
66527,92,96,-4,4
66528,95,104,-9,9
66529,107,103,4,4
66530,51,58,-7,7
66531,210,188,22,22
66532,73,71,2,2
66533,103,95,8,8
66534,120,119,1,1
66535,132,115,17,17
66536,112,106,6,6
66537,86,83,3,3
66538,195,193,2,2
66539,69,68,1,1
66540,91,88,3,3
66541,57,72,-15,15
66542,112,106,6,6
66543,72,83,-11,11
66544,90,84,6,6
66545,99,96,3,3
66546,46,44,2,2
66547,51,51,0,0
66548,107,106,1,1
66549,156,157,-1,1
66550,61,63,-2,2
66551,88,84,4,4
66552,107,97,10,10
66553,121,111,10,10
66554,89,82,7,7
66555,99,105,-6,6
66556,87,89,-2,2
66557,46,53,-7,7
66558,152,154,-2,2
66559,67,67,0,0
66560,164,166,-2,2
66561,68,72,-4,4
66562,94,88,6,6
66563,60,67,-7,7
66564,205,185,20,20
66565,92,90,2,2
66566,95,88,7,7
66567,67,59,8,8
66568,55,60,-5,5
66569,151,135,16,16
66570,160,152,8,8
66571,29,37,-8,8
66572,108,105,3,3
66573,112,118,-6,6
66574,109,160,-51,51
66575,86,80,6,6
66576,75,78,-3,3
66577,60,62,-2,2
66578,64,69,-5,5
66579,64,86,-22,22
66580,110,117,-7,7
66581,81,90,-9,9
66582,79,79,0,0
66583,124,113,11,11
66584,94,99,-5,5
66585,73,91,-18,18
66586,111,103,8,8
66587,107,102,5,5
66588,71,66,5,5
66589,125,126,-1,1
66590,123,111,12,12
66591,63,61,2,2
66592,98,101,-3,3
66593,101,93,8,8
66594,129,129,0,0
66595,96,97,-1,1
66596,58,56,2,2
66597,162,162,0,0
66598,48,50,-2,2
66599,151,143,8,8
66600,67,63,4,4
66601,122,115,7,7
66602,100,101,-1,1
66603,135,146,-11,11
66604,213,180,33,33
66605,129,140,-11,11
66606,61,68,-7,7
66607,70,76,-6,6
66608,88,87,1,1
66609,75,76,-1,1
66610,159,161,-2,2
66611,100,106,-6,6
66612,75,68,7,7
66613,120,138,-18,18
66614,70,71,-1,1
66615,129,117,12,12
66616,124,98,26,26
66617,105,101,4,4
66618,60,54,6,6
66619,76,65,11,11
66620,64,75,-11,11
66621,145,146,-1,1
66622,95,109,-14,14
66623,104,111,-7,7
66624,148,141,7,7
66625,126,127,-1,1
66626,142,135,7,7
66627,67,67,0,0
66628,96,107,-11,11
66629,114,110,4,4
66630,47,55,-8,8
66631,125,130,-5,5
66632,66,70,-4,4
66633,203,226,-23,23
66634,58,65,-7,7
66635,114,108,6,6
66636,100,122,-22,22
66637,92,97,-5,5
66638,114,122,-8,8
66639,67,69,-2,2
66640,56,52,4,4
66641,78,78,0,0
66642,62,60,2,2
66643,77,87,-10,10
66644,104,96,8,8
66645,37,42,-5,5
66646,94,91,3,3
66647,108,94,14,14
66648,42,42,0,0
66649,106,107,-1,1
66650,74,71,3,3
66651,116,105,11,11
66652,77,63,14,14
66653,123,129,-6,6
66654,89,96,-7,7
66655,74,68,6,6
66656,118,118,0,0
66657,73,77,-4,4
66658,69,85,-16,16
66659,79,77,2,2
66660,58,65,-7,7
66661,172,147,25,25
66662,118,105,13,13
66663,140,131,9,9
66664,124,126,-2,2
66665,111,100,11,11
66666,88,104,-16,16
66667,90,112,-22,22
66668,59,53,6,6
66669,139,141,-2,2
66670,125,128,-3,3
66671,64,66,-2,2
66672,147,133,14,14
66673,50,55,-5,5
66674,81,81,0,0
66675,105,102,3,3
66676,63,64,-1,1
66677,87,98,-11,11
66678,90,87,3,3
66679,47,46,1,1
66680,134,128,6,6
66681,61,61,0,0
66682,73,94,-21,21
66683,73,68,5,5
66684,78,82,-4,4
66685,134,123,11,11
66686,51,46,5,5
66687,108,103,5,5
66688,96,89,7,7
66689,54,78,-24,24
66690,122,120,2,2
66691,129,126,3,3
66692,86,79,7,7
66693,114,113,1,1
66694,70,73,-3,3
66695,79,82,-3,3
66696,56,60,-4,4
66697,66,69,-3,3
66698,89,80,9,9
66699,106,100,6,6
66700,77,81,-4,4
66701,82,80,2,2
66702,63,81,-18,18
66703,87,85,2,2
66704,119,127,-8,8
66705,146,137,9,9
66706,71,62,9,9
66707,70,79,-9,9
66708,82,86,-4,4
66709,72,75,-3,3
66710,91,93,-2,2
66711,57,69,-12,12
66712,68,66,2,2
66713,92,87,5,5
66714,71,74,-3,3
66715,100,96,4,4
66716,106,94,12,12
66717,64,54,10,10
66718,58,66,-8,8
66719,74,72,2,2
66720,104,114,-10,10
66721,133,126,7,7
66722,59,59,0,0
66723,77,75,2,2
66724,90,87,3,3
66725,116,96,20,20
66726,94,93,1,1
66727,102,105,-3,3
66728,130,128,2,2
66729,115,116,-1,1
66730,79,77,2,2
66731,151,140,11,11
66732,88,101,-13,13
66733,188,173,15,15
66734,91,93,-2,2
66735,81,76,5,5
66736,74,77,-3,3
66737,80,81,-1,1
66738,125,118,7,7
66739,140,136,4,4
66740,60,61,-1,1
66741,45,50,-5,5
66742,65,71,-6,6
66743,120,118,2,2
66744,105,107,-2,2
66745,136,140,-4,4
66746,31,63,-32,32
66747,77,81,-4,4
66748,79,87,-8,8
66749,96,95,1,1
66750,40,60,-20,20
66751,54,56,-2,2
66752,94,84,10,10
66753,83,106,-23,23
66754,54,56,-2,2
66755,92,90,2,2
66756,146,131,15,15
66757,172,164,8,8
66758,62,60,2,2
66759,155,155,0,0
66760,111,103,8,8
66761,99,93,6,6
66762,126,112,14,14
66763,55,53,2,2
66764,202,197,5,5
66765,60,62,-2,2
66766,97,91,6,6
66767,111,105,6,6
66768,114,114,0,0
66769,81,74,7,7
66770,35,51,-16,16
66771,88,90,-2,2
66772,62,64,-2,2
66773,84,85,-1,1
66774,96,84,12,12
66775,105,104,1,1
66776,67,72,-5,5
66777,68,74,-6,6
66778,75,73,2,2
66779,64,68,-4,4
66780,165,147,18,18
66781,92,126,-34,34
66782,136,118,18,18
66783,93,92,1,1
66784,58,49,9,9
66785,72,77,-5,5
66786,87,84,3,3
66787,53,60,-7,7
66788,138,130,8,8
66789,98,105,-7,7
66790,81,83,-2,2
66791,82,85,-3,3
66792,140,146,-6,6
66793,92,90,2,2
66794,116,115,1,1
66795,169,161,8,8
66796,76,81,-5,5
66797,70,69,1,1
66798,206,188,18,18
66799,118,112,6,6
66800,82,86,-4,4
66801,143,142,1,1
66802,113,106,7,7
66803,82,81,1,1
66804,72,70,2,2
66805,53,52,1,1
66806,38,52,-14,14
66807,102,96,6,6
66808,98,100,-2,2
66809,60,65,-5,5
66810,133,129,4,4
66811,108,99,9,9
66812,103,96,7,7
66813,58,64,-6,6
66814,80,78,2,2
66815,72,70,2,2
66816,103,98,5,5
66817,115,126,-11,11
66818,66,75,-9,9
66819,134,128,6,6
66820,129,122,7,7
66821,82,86,-4,4
66822,92,88,4,4
66823,72,67,5,5
66824,156,154,2,2
66825,97,99,-2,2
66826,80,81,-1,1
66827,110,100,10,10
66828,112,103,9,9
66829,73,70,3,3
66830,93,99,-6,6
66831,84,95,-11,11
66832,69,63,6,6
66833,63,78,-15,15
66834,97,97,0,0
66835,51,62,-11,11
66836,117,115,2,2
66837,102,112,-10,10
66838,63,65,-2,2
66839,90,115,-25,25
66840,75,68,7,7
66841,31,81,-50,50
66842,118,122,-4,4
66843,110,126,-16,16
66844,126,122,4,4
66845,132,140,-8,8
66846,94,87,7,7
66847,55,71,-16,16
66848,119,114,5,5
66849,47,50,-3,3
66850,152,137,15,15
66851,38,66,-28,28
66852,96,113,-17,17
66853,79,67,12,12
66854,63,61,2,2
66855,120,122,-2,2
66856,97,87,10,10
66857,65,61,4,4
66858,108,108,0,0
66859,146,145,1,1
66860,99,105,-6,6
66861,50,49,1,1
66862,98,96,2,2
66863,61,55,6,6
66864,67,71,-4,4
66865,102,97,5,5
66866,98,90,8,8
66867,127,122,5,5
66868,134,126,8,8
66869,107,104,3,3
66870,62,64,-2,2
66871,83,82,1,1
66872,41,38,3,3
66873,65,73,-8,8
66874,73,79,-6,6
66875,81,77,4,4
66876,85,83,2,2
66877,85,72,13,13
66878,117,113,4,4
66879,128,135,-7,7
66880,89,89,0,0
66881,42,40,2,2
66882,125,146,-21,21
66883,68,67,1,1
66884,72,79,-7,7
66885,96,94,2,2
66886,134,131,3,3
66887,122,124,-2,2
66888,87,90,-3,3
66889,54,58,-4,4
66890,79,77,2,2
66891,148,136,12,12
66892,66,70,-4,4
66893,142,134,8,8
66894,106,94,12,12
66895,48,50,-2,2
66896,57,70,-13,13
66897,126,119,7,7
66898,51,60,-9,9
66899,109,120,-11,11
66900,106,110,-4,4
66901,102,98,4,4
66902,94,93,1,1
66903,112,105,7,7
66904,140,133,7,7
66905,117,117,0,0
66906,112,92,20,20
66907,49,64,-15,15
66908,156,147,9,9
66909,89,83,6,6
66910,74,80,-6,6
66911,67,73,-6,6
66912,70,81,-11,11
66913,93,100,-7,7
66914,93,96,-3,3
66915,101,103,-2,2
66916,76,86,-10,10
66917,67,69,-2,2
66918,106,102,4,4
66919,72,78,-6,6
66920,65,62,3,3
66921,87,88,-1,1
66922,89,82,7,7
66923,257,286,-29,29
66924,175,174,1,1
66925,69,67,2,2
66926,76,67,9,9
66927,65,61,4,4
66928,153,147,6,6
66929,68,70,-2,2
66930,116,103,13,13
66931,114,125,-11,11
66932,76,78,-2,2
66933,65,59,6,6
66934,104,101,3,3
66935,148,138,10,10
66936,43,44,-1,1
66937,90,88,2,2
66938,99,97,2,2
66939,128,133,-5,5
66940,110,113,-3,3
66941,42,60,-18,18
66942,120,119,1,1
66943,135,113,22,22
66944,134,137,-3,3
66945,116,124,-8,8
66946,138,124,14,14
66947,125,119,6,6
66948,43,44,-1,1
66949,89,78,11,11
66950,126,113,13,13
66951,90,82,8,8
66952,77,78,-1,1
66953,91,92,-1,1
66954,120,106,14,14
66955,63,63,0,0
66956,88,86,2,2
66957,50,53,-3,3
66958,110,111,-1,1
66959,71,71,0,0
66960,81,77,4,4
66961,120,117,3,3
66962,94,91,3,3
66963,51,61,-10,10
66964,84,87,-3,3
66965,96,93,3,3
66966,179,165,14,14
66967,57,52,5,5
66968,114,114,0,0
66969,111,116,-5,5
66970,111,101,10,10
66971,101,92,9,9
66972,53,46,7,7
66973,97,97,0,0
66974,98,90,8,8
66975,50,51,-1,1
66976,82,88,-6,6
66977,108,99,9,9
66978,59,62,-3,3
66979,69,70,-1,1
66980,68,70,-2,2
66981,69,81,-12,12
66982,73,74,-1,1
66983,28,32,-4,4
66984,75,74,1,1
66985,68,68,0,0
66986,110,112,-2,2
66987,99,104,-5,5
66988,72,72,0,0
66989,74,73,1,1
66990,70,75,-5,5
66991,109,99,10,10
66992,191,189,2,2
66993,54,50,4,4
66994,119,121,-2,2
66995,76,75,1,1
66996,174,169,5,5
66997,87,87,0,0
66998,88,83,5,5
66999,53,55,-2,2
67000,75,75,0,0
67001,68,62,6,6
67002,118,123,-5,5
67003,114,105,9,9
67004,101,100,1,1
67005,102,99,3,3
67006,82,85,-3,3
67007,100,103,-3,3
67008,134,134,0,0
67009,140,143,-3,3
67010,109,116,-7,7
67011,124,122,2,2
67012,157,136,21,21
67013,67,66,1,1
67014,117,117,0,0
67015,64,61,3,3
67016,89,95,-6,6
67017,52,44,8,8
67018,126,123,3,3
67019,99,99,0,0
67020,82,77,5,5
67021,96,82,14,14
67022,85,80,5,5
67023,68,83,-15,15
67024,132,124,8,8
67025,148,143,5,5
67026,56,54,2,2
67027,173,172,1,1
67028,115,120,-5,5
67029,99,99,0,0
67030,115,123,-8,8
67031,71,78,-7,7
67032,141,138,3,3
67033,111,107,4,4
67034,53,59,-6,6
67035,279,218,61,61
67036,101,87,14,14
67037,93,90,3,3
67038,71,64,7,7
67039,163,158,5,5
67040,52,49,3,3
67041,109,108,1,1
67042,80,87,-7,7
67043,72,109,-37,37
67044,72,65,7,7
67045,87,86,1,1
67046,82,84,-2,2
67047,74,80,-6,6
67048,156,150,6,6
67049,133,123,10,10
67050,123,118,5,5
67051,63,61,2,2
67052,70,73,-3,3
67053,40,42,-2,2
67054,76,86,-10,10
67055,201,197,4,4
67056,76,83,-7,7
67057,109,117,-8,8
67058,116,120,-4,4
67059,45,45,0,0
67060,59,60,-1,1
67061,104,91,13,13
67062,122,148,-26,26
67063,108,98,10,10
67064,59,66,-7,7
67065,111,121,-10,10
67066,47,45,2,2
67067,123,122,1,1
67068,127,118,9,9
67069,98,96,2,2
67070,90,90,0,0
67071,70,73,-3,3
67072,102,98,4,4
67073,101,99,2,2
67074,72,90,-18,18
67075,86,105,-19,19
67076,77,79,-2,2
67077,175,156,19,19
67078,85,84,1,1
67079,109,104,5,5
67080,143,133,10,10
67081,79,85,-6,6
67082,81,81,0,0
67083,110,99,11,11
67084,68,78,-10,10
67085,107,102,5,5
67086,115,113,2,2
67087,120,122,-2,2
67088,67,69,-2,2
67089,95,85,10,10
67090,116,114,2,2
67091,83,83,0,0
67092,97,89,8,8
67093,85,91,-6,6
67094,91,100,-9,9
67095,147,139,8,8
67096,60,68,-8,8
67097,104,98,6,6
67098,99,97,2,2
67099,142,132,10,10
67100,65,67,-2,2
67101,58,58,0,0
67102,81,88,-7,7
67103,85,85,0,0
67104,158,156,2,2
67105,57,55,2,2
67106,32,40,-8,8
67107,161,152,9,9
67108,139,133,6,6
67109,123,121,2,2
67110,141,147,-6,6
67111,127,124,3,3
67112,65,66,-1,1
67113,177,164,13,13
67114,131,131,0,0
67115,140,137,3,3
67116,51,57,-6,6
67117,85,85,0,0
67118,75,76,-1,1
67119,103,96,7,7
67120,155,139,16,16
67121,85,80,5,5
67122,72,74,-2,2
67123,80,66,14,14
67124,62,63,-1,1
67125,58,61,-3,3
67126,53,52,1,1
67127,76,88,-12,12
67128,117,122,-5,5
67129,75,68,7,7
67130,138,126,12,12
67131,82,78,4,4
67132,79,79,0,0
67133,83,95,-12,12
67134,79,74,5,5
67135,141,133,8,8
67136,76,71,5,5
67137,165,156,9,9
67138,150,154,-4,4
67139,65,61,4,4
67140,37,41,-4,4
67141,55,59,-4,4
67142,227,213,14,14
67143,82,86,-4,4
67144,70,69,1,1
67145,57,56,1,1
67146,73,67,6,6
67147,78,75,3,3
67148,58,61,-3,3
67149,87,86,1,1
67150,48,59,-11,11
67151,127,131,-4,4
67152,65,55,10,10
67153,111,93,18,18
67154,74,74,0,0
67155,103,96,7,7
67156,91,80,11,11
67157,188,207,-19,19
67158,98,113,-15,15
67159,86,84,2,2
67160,68,60,8,8
67161,99,96,3,3
67162,68,66,2,2
67163,87,81,6,6
67164,110,112,-2,2
67165,53,63,-10,10
67166,75,75,0,0
67167,113,111,2,2
67168,103,124,-21,21
67169,48,59,-11,11
67170,180,167,13,13
67171,67,76,-9,9
67172,69,72,-3,3
67173,114,122,-8,8
67174,82,73,9,9
67175,152,146,6,6
67176,108,107,1,1
67177,126,120,6,6
67178,126,137,-11,11
67179,68,72,-4,4
67180,111,104,7,7
67181,127,113,14,14
67182,106,100,6,6
67183,93,101,-8,8
67184,134,140,-6,6
67185,65,69,-4,4
67186,129,113,16,16
67187,84,86,-2,2
67188,64,65,-1,1
67189,147,139,8,8
67190,123,115,8,8
67191,102,101,1,1
67192,66,59,7,7
67193,56,59,-3,3
67194,99,108,-9,9
67195,92,88,4,4
67196,96,95,1,1
67197,125,138,-13,13
67198,85,81,4,4
67199,100,92,8,8
67200,77,80,-3,3
67201,69,69,0,0
67202,95,95,0,0
67203,87,82,5,5
67204,112,112,0,0
67205,124,123,1,1
67206,99,92,7,7
67207,65,62,3,3
67208,119,99,20,20
67209,66,72,-6,6
67210,89,83,6,6
67211,139,124,15,15
67212,111,98,13,13
67213,81,92,-11,11
67214,100,102,-2,2
67215,82,78,4,4
67216,145,158,-13,13
67217,91,94,-3,3
67218,187,188,-1,1
67219,84,84,0,0
67220,45,48,-3,3
67221,116,123,-7,7
67222,69,65,4,4
67223,80,85,-5,5
67224,44,40,4,4
67225,93,97,-4,4
67226,58,52,6,6
67227,74,81,-7,7
67228,74,75,-1,1
67229,99,109,-10,10
67230,93,101,-8,8
67231,67,71,-4,4
67232,108,109,-1,1
67233,108,116,-8,8
67234,116,103,13,13
67235,127,112,15,15
67236,98,92,6,6
67237,115,124,-9,9
67238,131,133,-2,2
67239,185,169,16,16
67240,120,105,15,15
67241,75,78,-3,3
67242,165,133,32,32
67243,44,71,-27,27
67244,82,85,-3,3
67245,66,79,-13,13
67246,72,74,-2,2
67247,137,131,6,6
67248,66,73,-7,7
67249,79,93,-14,14
67250,48,52,-4,4
67251,76,77,-1,1
67252,87,81,6,6
67253,90,82,8,8
67254,67,73,-6,6
67255,139,139,0,0
67256,52,53,-1,1
67257,97,90,7,7
67258,135,126,9,9
67259,60,51,9,9
67260,65,71,-6,6
67261,61,54,7,7
67262,175,164,11,11
67263,146,135,11,11
67264,64,79,-15,15
67265,122,122,0,0
67266,66,67,-1,1
67267,62,64,-2,2
67268,97,101,-4,4
67269,117,121,-4,4
67270,72,76,-4,4
67271,66,84,-18,18
67272,147,129,18,18
67273,139,126,13,13
67274,143,152,-9,9
67275,106,108,-2,2
67276,81,93,-12,12
67277,85,74,11,11
67278,112,105,7,7
67279,74,81,-7,7
67280,157,149,8,8
67281,76,71,5,5
67282,69,65,4,4
67283,133,125,8,8
67284,79,91,-12,12
67285,58,62,-4,4
67286,111,113,-2,2
67287,195,181,14,14
67288,129,114,15,15
67289,58,87,-29,29
67290,101,111,-10,10
67291,186,177,9,9
67292,76,67,9,9
67293,72,70,2,2
67294,100,106,-6,6
67295,60,59,1,1
67296,59,62,-3,3
67297,118,113,5,5
67298,195,173,22,22
67299,92,86,6,6
67300,245,252,-7,7
67301,102,110,-8,8
67302,84,83,1,1
67303,95,91,4,4
67304,126,120,6,6
67305,101,91,10,10
67306,192,174,18,18
67307,118,119,-1,1
67308,72,82,-10,10
67309,66,68,-2,2
67310,72,75,-3,3
67311,75,76,-1,1
67312,47,51,-4,4
67313,53,55,-2,2
67314,75,81,-6,6
67315,77,89,-12,12
67316,133,141,-8,8
67317,66,65,1,1
67318,122,127,-5,5
67319,151,151,0,0
67320,95,109,-14,14
67321,70,78,-8,8
67322,66,69,-3,3
67323,101,98,3,3
67324,92,87,5,5
67325,94,86,8,8
67326,80,68,12,12
67327,86,95,-9,9
67328,99,94,5,5
67329,167,150,17,17
67330,104,97,7,7
67331,92,85,7,7
67332,82,92,-10,10
67333,93,90,3,3
67334,57,52,5,5
67335,80,73,7,7
67336,154,133,21,21
67337,92,86,6,6
67338,121,114,7,7
67339,90,98,-8,8
67340,94,92,2,2
67341,100,100,0,0
67342,55,60,-5,5
67343,179,178,1,1
67344,157,143,14,14
67345,58,68,-10,10
67346,94,107,-13,13
67347,85,79,6,6
67348,55,62,-7,7
67349,72,61,11,11
67350,114,110,4,4
67351,99,101,-2,2
67352,75,71,4,4
67353,45,42,3,3
67354,58,53,5,5
67355,110,106,4,4
67356,69,75,-6,6
67357,68,64,4,4
67358,102,95,7,7
67359,77,85,-8,8
67360,85,81,4,4
67361,112,115,-3,3
67362,40,41,-1,1
67363,73,73,0,0
67364,76,80,-4,4
67365,65,65,0,0
67366,72,82,-10,10
67367,89,112,-23,23
67368,110,117,-7,7
67369,91,88,3,3
67370,59,86,-27,27
67371,90,82,8,8
67372,84,85,-1,1
67373,130,124,6,6
67374,63,59,4,4
67375,63,66,-3,3
67376,87,83,4,4
67377,106,113,-7,7
67378,145,134,11,11
67379,128,129,-1,1
67380,81,83,-2,2
67381,111,96,15,15
67382,76,80,-4,4
67383,53,65,-12,12
67384,82,78,4,4
67385,100,98,2,2
67386,74,86,-12,12
67387,105,108,-3,3
67388,58,59,-1,1
67389,102,104,-2,2
67390,113,106,7,7
67391,99,104,-5,5
67392,113,112,1,1
67393,55,59,-4,4
67394,98,89,9,9
67395,108,111,-3,3
67396,54,52,2,2
67397,99,95,4,4
67398,78,78,0,0
67399,68,72,-4,4
67400,45,46,-1,1
67401,71,81,-10,10
67402,216,201,15,15
67403,103,100,3,3
67404,77,73,4,4
67405,64,69,-5,5
67406,108,109,-1,1
67407,106,84,22,22
67408,124,106,18,18
67409,71,69,2,2
67410,91,81,10,10
67411,80,84,-4,4
67412,122,125,-3,3
67413,105,108,-3,3
67414,80,82,-2,2
67415,142,120,22,22
67416,64,91,-27,27
67417,95,79,16,16
67418,112,124,-12,12
67419,83,75,8,8
67420,147,139,8,8
67421,47,50,-3,3
67422,80,82,-2,2
67423,104,111,-7,7
67424,71,79,-8,8
67425,67,62,5,5
67426,69,76,-7,7
67427,82,79,3,3
67428,85,74,11,11
67429,144,143,1,1
67430,81,93,-12,12
67431,141,141,0,0
67432,86,80,6,6
67433,176,176,0,0
67434,74,68,6,6
67435,91,89,2,2
67436,102,82,20,20
67437,74,67,7,7
67438,97,94,3,3
67439,60,62,-2,2
67440,97,99,-2,2
67441,119,118,1,1
67442,97,104,-7,7
67443,70,70,0,0
67444,102,93,9,9
67445,61,67,-6,6
67446,86,77,9,9
67447,45,50,-5,5
67448,51,53,-2,2
67449,130,134,-4,4
67450,74,78,-4,4
67451,78,80,-2,2
67452,163,164,-1,1
67453,52,63,-11,11
67454,99,105,-6,6
67455,84,87,-3,3
67456,109,102,7,7
67457,84,85,-1,1
67458,88,97,-9,9
67459,117,111,6,6
67460,186,175,11,11
67461,55,54,1,1
67462,65,82,-17,17
67463,119,142,-23,23
67464,71,75,-4,4
67465,87,80,7,7
67466,51,53,-2,2
67467,46,45,1,1
67468,61,66,-5,5
67469,103,91,12,12
67470,84,79,5,5
67471,56,59,-3,3
67472,73,75,-2,2
67473,84,83,1,1
67474,127,112,15,15
67475,178,182,-4,4
67476,71,70,1,1
67477,107,102,5,5
67478,111,99,12,12
67479,69,72,-3,3
67480,94,95,-1,1
67481,45,50,-5,5
67482,94,96,-2,2
67483,120,128,-8,8
67484,63,65,-2,2
67485,78,69,9,9
67486,40,46,-6,6
67487,114,115,-1,1
67488,112,105,7,7
67489,152,145,7,7
67490,184,161,23,23
67491,84,83,1,1
67492,122,111,11,11
67493,108,96,12,12
67494,64,62,2,2
67495,114,111,3,3
67496,143,147,-4,4
67497,97,84,13,13
67498,99,96,3,3
67499,145,152,-7,7
67500,63,63,0,0
67501,111,111,0,0
67502,68,70,-2,2
67503,108,117,-9,9
67504,94,85,9,9
67505,77,78,-1,1
67506,49,54,-5,5
67507,82,80,2,2
67508,66,67,-1,1
67509,74,66,8,8
67510,142,151,-9,9
67511,82,88,-6,6
67512,87,83,4,4
67513,78,79,-1,1
67514,58,65,-7,7
67515,108,111,-3,3
67516,50,83,-33,33
67517,170,165,5,5
67518,74,75,-1,1
67519,102,100,2,2
67520,95,94,1,1
67521,90,85,5,5
67522,118,117,1,1
67523,70,67,3,3
67524,111,111,0,0
67525,96,103,-7,7
67526,81,80,1,1
67527,110,104,6,6
67528,94,90,4,4
67529,99,103,-4,4
67530,107,106,1,1
67531,129,134,-5,5
67532,135,123,12,12
67533,123,113,10,10
67534,67,73,-6,6
67535,79,79,0,0
67536,91,96,-5,5
67537,72,71,1,1
67538,150,162,-12,12
67539,117,128,-11,11
67540,60,63,-3,3
67541,102,105,-3,3
67542,32,46,-14,14
67543,65,65,0,0
67544,163,157,6,6
67545,99,92,7,7
67546,76,73,3,3
67547,146,130,16,16
67548,137,129,8,8
67549,131,131,0,0
67550,152,141,11,11
67551,93,104,-11,11
67552,78,76,2,2
67553,83,81,2,2
67554,109,96,13,13
67555,134,138,-4,4
67556,56,74,-18,18
67557,82,77,5,5
67558,50,42,8,8
67559,104,106,-2,2
67560,78,80,-2,2
67561,60,61,-1,1
67562,137,129,8,8
67563,64,61,3,3
67564,144,144,0,0
67565,49,49,0,0
67566,104,99,5,5
67567,66,64,2,2
67568,71,69,2,2
67569,128,121,7,7
67570,84,106,-22,22
67571,141,148,-7,7
67572,97,91,6,6
67573,52,51,1,1
67574,74,77,-3,3
67575,98,112,-14,14
67576,71,70,1,1
67577,56,55,1,1
67578,71,75,-4,4
67579,123,114,9,9
67580,146,126,20,20
67581,77,74,3,3
67582,68,73,-5,5
67583,110,95,15,15
67584,85,83,2,2
67585,162,132,30,30
67586,105,92,13,13
67587,68,67,1,1
67588,100,89,11,11
67589,103,99,4,4
67590,121,109,12,12
67591,96,82,14,14
67592,199,173,26,26
67593,83,80,3,3
67594,91,90,1,1
67595,61,66,-5,5
67596,103,109,-6,6
67597,95,94,1,1
67598,68,72,-4,4
67599,94,90,4,4
67600,54,53,1,1
67601,160,135,25,25
67602,123,109,14,14
67603,154,141,13,13
67604,48,55,-7,7
67605,66,73,-7,7
67606,81,83,-2,2
67607,56,60,-4,4
67608,160,138,22,22
67609,121,151,-30,30
67610,103,89,14,14
67611,126,120,6,6
67612,82,80,2,2
67613,63,78,-15,15
67614,88,89,-1,1
67615,111,119,-8,8
67616,139,135,4,4
67617,103,99,4,4
67618,74,78,-4,4
67619,133,119,14,14
67620,49,52,-3,3
67621,93,89,4,4
67622,86,84,2,2
67623,77,71,6,6
67624,56,75,-19,19
67625,66,61,5,5
67626,132,127,5,5
67627,149,131,18,18
67628,39,40,-1,1
67629,117,115,2,2
67630,98,97,1,1
67631,59,61,-2,2
67632,146,145,1,1
67633,106,94,12,12
67634,63,66,-3,3
67635,90,91,-1,1
67636,73,78,-5,5
67637,80,75,5,5
67638,89,86,3,3
67639,88,86,2,2
67640,51,51,0,0
67641,85,84,1,1
67642,106,125,-19,19
67643,136,129,7,7
67644,46,46,0,0
67645,107,114,-7,7
67646,154,159,-5,5
67647,109,107,2,2
67648,79,78,1,1
67649,94,85,9,9
67650,64,66,-2,2
67651,63,59,4,4
67652,62,60,2,2
67653,58,63,-5,5
67654,48,52,-4,4
67655,67,70,-3,3
67656,74,74,0,0
67657,94,89,5,5
67658,75,70,5,5
67659,158,146,12,12
67660,134,124,10,10
67661,189,176,13,13
67662,62,72,-10,10
67663,73,71,2,2
67664,89,93,-4,4
67665,42,60,-18,18
67666,129,120,9,9
67667,65,71,-6,6
67668,49,51,-2,2
67669,163,153,10,10
67670,93,92,1,1
67671,185,173,12,12
67672,91,89,2,2
67673,43,45,-2,2
67674,163,162,1,1
67675,65,67,-2,2
67676,49,39,10,10
67677,62,61,1,1
67678,123,131,-8,8
67679,78,79,-1,1
67680,144,134,10,10
67681,75,101,-26,26
67682,83,82,1,1
67683,122,103,19,19
67684,92,88,4,4
67685,101,97,4,4
67686,75,85,-10,10
67687,130,116,14,14
67688,160,152,8,8
67689,58,63,-5,5
67690,154,146,8,8
67691,101,95,6,6
67692,54,61,-7,7
67693,177,175,2,2
67694,198,182,16,16
67695,98,103,-5,5
67696,87,100,-13,13
67697,116,111,5,5
67698,63,61,2,2
67699,95,90,5,5
67700,57,54,3,3
67701,64,59,5,5
67702,69,56,13,13
67703,79,78,1,1
67704,89,104,-15,15
67705,53,58,-5,5
67706,94,95,-1,1
67707,85,93,-8,8
67708,85,85,0,0
67709,80,89,-9,9
67710,80,89,-9,9
67711,95,87,8,8
67712,95,89,6,6
67713,72,78,-6,6
67714,59,61,-2,2
67715,122,103,19,19
67716,76,72,4,4
67717,103,88,15,15
67718,80,83,-3,3
67719,84,84,0,0
67720,108,107,1,1
67721,94,93,1,1
67722,128,125,3,3
67723,121,120,1,1
67724,156,140,16,16
67725,120,116,4,4
67726,97,95,2,2
67727,87,103,-16,16
67728,116,112,4,4
67729,48,45,3,3
67730,139,133,6,6
67731,93,85,8,8
67732,184,192,-8,8
67733,62,61,1,1
67734,116,123,-7,7
67735,114,106,8,8
67736,104,101,3,3
67737,94,99,-5,5
67738,169,167,2,2
67739,89,93,-4,4
67740,91,99,-8,8
67741,97,99,-2,2
67742,111,111,0,0
67743,69,70,-1,1
67744,120,116,4,4
67745,105,121,-16,16
67746,99,99,0,0
67747,37,64,-27,27
67748,105,90,15,15
67749,69,72,-3,3
67750,67,68,-1,1
67751,31,49,-18,18
67752,60,62,-2,2
67753,90,92,-2,2
67754,74,71,3,3
67755,123,114,9,9
67756,97,100,-3,3
67757,55,49,6,6
67758,127,122,5,5
67759,122,120,2,2
67760,103,105,-2,2
67761,141,138,3,3
67762,67,65,2,2
67763,113,120,-7,7
67764,135,137,-2,2
67765,203,189,14,14
67766,88,90,-2,2
67767,94,101,-7,7
67768,103,100,3,3
67769,86,83,3,3
67770,143,145,-2,2
67771,52,50,2,2
67772,75,87,-12,12
67773,114,119,-5,5
67774,92,87,5,5
67775,113,106,7,7
67776,123,123,0,0
67777,68,74,-6,6
67778,86,96,-10,10
67779,27,41,-14,14
67780,126,131,-5,5
67781,89,84,5,5
67782,113,102,11,11
67783,106,97,9,9
67784,90,83,7,7
67785,82,73,9,9
67786,88,91,-3,3
67787,97,93,4,4
67788,141,129,12,12
67789,123,109,14,14
67790,188,198,-10,10
67791,108,111,-3,3
67792,73,74,-1,1
67793,104,106,-2,2
67794,87,93,-6,6
67795,78,81,-3,3
67796,75,73,2,2
67797,153,144,9,9
67798,74,69,5,5
67799,129,114,15,15
67800,117,111,6,6
67801,82,86,-4,4
67802,103,98,5,5
67803,93,82,11,11
67804,89,91,-2,2
67805,44,64,-20,20
67806,76,73,3,3
67807,79,92,-13,13
67808,87,89,-2,2
67809,38,40,-2,2
67810,120,119,1,1
67811,88,91,-3,3
67812,155,142,13,13
67813,120,113,7,7
67814,89,80,9,9
67815,100,93,7,7
67816,66,62,4,4
67817,85,92,-7,7
67818,90,76,14,14
67819,126,123,3,3
67820,153,133,20,20
67821,83,83,0,0
67822,113,104,9,9
67823,88,94,-6,6
67824,152,158,-6,6
67825,104,93,11,11
67826,75,74,1,1
67827,48,49,-1,1
67828,127,119,8,8
67829,79,74,5,5
67830,117,115,2,2
67831,63,69,-6,6
67832,113,119,-6,6
67833,143,158,-15,15
67834,110,108,2,2
67835,75,84,-9,9
67836,48,49,-1,1
67837,64,89,-25,25
67838,99,98,1,1
67839,91,82,9,9
67840,111,102,9,9
67841,89,86,3,3
67842,141,135,6,6
67843,101,89,12,12
67844,74,69,5,5
67845,124,108,16,16
67846,115,123,-8,8
67847,94,107,-13,13
67848,110,116,-6,6
67849,70,70,0,0
67850,89,95,-6,6
67851,53,53,0,0
67852,85,93,-8,8
67853,166,152,14,14
67854,77,72,5,5
67855,76,70,6,6
67856,137,146,-9,9
67857,79,86,-7,7
67858,144,120,24,24
67859,57,55,2,2
67860,102,103,-1,1
67861,77,77,0,0
67862,105,113,-8,8
67863,99,94,5,5
67864,40,45,-5,5
67865,96,90,6,6
67866,99,103,-4,4
67867,69,66,3,3
67868,111,104,7,7
67869,119,125,-6,6
67870,152,145,7,7
67871,138,133,5,5
67872,146,161,-15,15
67873,79,96,-17,17
67874,113,107,6,6
67875,65,71,-6,6
67876,135,120,15,15
67877,58,39,19,19
67878,68,79,-11,11
67879,103,95,8,8
67880,110,115,-5,5
67881,57,54,3,3
67882,191,180,11,11
67883,87,84,3,3
67884,130,122,8,8
67885,94,95,-1,1
67886,101,107,-6,6
67887,52,46,6,6
67888,134,134,0,0
67889,75,78,-3,3
67890,91,95,-4,4
67891,109,112,-3,3
67892,96,89,7,7
67893,55,54,1,1
67894,114,107,7,7
67895,159,144,15,15
67896,74,71,3,3
67897,89,94,-5,5
67898,45,54,-9,9
67899,50,71,-21,21
67900,78,74,4,4
67901,136,142,-6,6
67902,81,80,1,1
67903,104,94,10,10
67904,42,45,-3,3
67905,45,44,1,1
67906,91,83,8,8
67907,81,80,1,1
67908,73,76,-3,3
67909,163,154,9,9
67910,62,58,4,4
67911,62,76,-14,14
67912,117,103,14,14
67913,91,94,-3,3
67914,81,93,-12,12
67915,183,159,24,24
67916,115,115,0,0
67917,45,40,5,5
67918,67,70,-3,3
67919,73,67,6,6
67920,115,117,-2,2
67921,143,133,10,10
67922,122,113,9,9
67923,158,141,17,17
67924,132,125,7,7
67925,56,60,-4,4
67926,138,137,1,1
67927,128,119,9,9
67928,170,162,8,8
67929,101,109,-8,8
67930,147,140,7,7
67931,116,116,0,0
67932,97,112,-15,15
67933,116,122,-6,6
67934,73,72,1,1
67935,58,52,6,6
67936,99,91,8,8
67937,148,153,-5,5
67938,56,54,2,2
67939,144,148,-4,4
67940,73,71,2,2
67941,124,133,-9,9
67942,58,84,-26,26
67943,72,73,-1,1
67944,57,54,3,3
67945,77,65,12,12
67946,93,90,3,3
67947,136,130,6,6
67948,56,58,-2,2
67949,106,98,8,8
67950,68,62,6,6
67951,107,105,2,2
67952,137,133,4,4
67953,51,53,-2,2
67954,161,157,4,4
67955,75,75,0,0
67956,207,182,25,25
67957,134,143,-9,9
67958,139,137,2,2
67959,85,83,2,2
67960,64,69,-5,5
67961,57,59,-2,2
67962,87,85,2,2
67963,143,136,7,7
67964,89,91,-2,2
67965,78,72,6,6
67966,73,91,-18,18
67967,188,201,-13,13
67968,115,100,15,15
67969,119,96,23,23
67970,74,81,-7,7
67971,96,98,-2,2
67972,64,67,-3,3
67973,117,117,0,0
67974,127,132,-5,5
67975,70,74,-4,4
67976,97,102,-5,5
67977,163,168,-5,5
67978,143,131,12,12
67979,69,77,-8,8
67980,98,106,-8,8
67981,87,84,3,3
67982,100,100,0,0
67983,111,121,-10,10
67984,129,137,-8,8
67985,94,81,13,13
67986,124,121,3,3
67987,70,73,-3,3
67988,64,64,0,0
67989,131,121,10,10
67990,81,92,-11,11
67991,121,113,8,8
67992,139,132,7,7
67993,49,60,-11,11
67994,54,60,-6,6
67995,109,112,-3,3
67996,71,81,-10,10
67997,124,112,12,12
67998,110,98,12,12
67999,103,105,-2,2
68000,104,113,-9,9
68001,95,117,-22,22
68002,85,76,9,9
68003,83,75,8,8
68004,111,119,-8,8
68005,68,54,14,14
68006,76,71,5,5
68007,47,46,1,1
68008,143,126,17,17
68009,64,63,1,1
68010,102,103,-1,1
68011,77,82,-5,5
68012,52,59,-7,7
68013,52,58,-6,6
68014,75,81,-6,6
68015,83,76,7,7
68016,70,64,6,6
68017,44,48,-4,4
68018,41,46,-5,5
68019,77,71,6,6
68020,53,51,2,2
68021,132,133,-1,1
68022,112,101,11,11
68023,81,73,8,8
68024,85,85,0,0
68025,90,89,1,1
68026,51,53,-2,2
68027,55,65,-10,10
68028,45,68,-23,23
68029,52,51,1,1
68030,98,95,3,3
68031,72,72,0,0
68032,239,229,10,10
68033,123,109,14,14
68034,164,153,11,11
68035,75,73,2,2
68036,145,144,1,1
68037,63,66,-3,3
68038,63,100,-37,37
68039,100,107,-7,7
68040,110,116,-6,6
68041,76,88,-12,12
68042,94,99,-5,5
68043,109,97,12,12
68044,59,70,-11,11
68045,140,154,-14,14
68046,83,77,6,6
68047,136,129,7,7
68048,50,48,2,2
68049,85,76,9,9
68050,113,104,9,9
68051,49,55,-6,6
68052,98,83,15,15
68053,80,66,14,14
68054,95,95,0,0
68055,129,134,-5,5
68056,89,81,8,8
68057,115,109,6,6
68058,73,77,-4,4
68059,75,82,-7,7
68060,168,156,12,12
68061,52,60,-8,8
68062,76,74,2,2
68063,104,102,2,2
68064,124,109,15,15
68065,113,119,-6,6
68066,80,76,4,4
68067,79,105,-26,26
68068,89,89,0,0
68069,90,79,11,11
68070,46,52,-6,6
68071,80,74,6,6
68072,108,122,-14,14
68073,46,43,3,3
68074,106,98,8,8
68075,139,134,5,5
68076,99,102,-3,3
68077,50,51,-1,1
68078,65,63,2,2
68079,69,69,0,0
68080,125,122,3,3
68081,97,95,2,2
68082,84,87,-3,3
68083,114,120,-6,6
68084,39,36,3,3
68085,106,98,8,8
68086,88,94,-6,6
68087,80,83,-3,3
68088,178,165,13,13
68089,104,114,-10,10
68090,76,70,6,6
68091,108,95,13,13
68092,82,92,-10,10
68093,44,64,-20,20
68094,67,62,5,5
68095,69,79,-10,10
68096,69,63,6,6
68097,112,106,6,6
68098,151,138,13,13
68099,47,50,-3,3
68100,70,67,3,3
68101,86,85,1,1
68102,95,94,1,1
68103,68,73,-5,5
68104,44,57,-13,13
68105,70,73,-3,3
68106,132,123,9,9
68107,66,71,-5,5
68108,104,97,7,7
68109,155,149,6,6
68110,136,134,2,2
68111,74,75,-1,1
68112,109,110,-1,1
68113,88,91,-3,3
68114,156,168,-12,12
68115,153,154,-1,1
68116,83,74,9,9
68117,88,82,6,6
68118,167,174,-7,7
68119,44,46,-2,2
68120,124,106,18,18
68121,71,67,4,4
68122,131,116,15,15
68123,94,86,8,8
68124,64,64,0,0
68125,81,78,3,3
68126,69,68,1,1
68127,52,52,0,0
68128,84,82,2,2
68129,59,60,-1,1
68130,117,117,0,0
68131,115,105,10,10
68132,86,86,0,0
68133,111,105,6,6
68134,69,76,-7,7
68135,119,109,10,10
68136,73,70,3,3
68137,81,80,1,1
68138,79,90,-11,11
68139,89,99,-10,10
68140,51,52,-1,1
68141,63,63,0,0
68142,87,89,-2,2
68143,116,111,5,5
68144,115,110,5,5
68145,111,117,-6,6
68146,38,41,-3,3
68147,130,135,-5,5
68148,100,92,8,8
68149,60,51,9,9
68150,91,82,9,9
68151,67,65,2,2
68152,73,62,11,11
68153,152,151,1,1
68154,199,188,11,11
68155,156,151,5,5
68156,61,66,-5,5
68157,109,97,12,12
68158,69,70,-1,1
68159,87,89,-2,2
68160,65,68,-3,3
68161,83,84,-1,1
68162,94,94,0,0
68163,104,84,20,20
68164,72,77,-5,5
68165,74,91,-17,17
68166,93,81,12,12
68167,88,84,4,4
68168,88,79,9,9
68169,75,85,-10,10
68170,102,101,1,1
68171,72,72,0,0
68172,95,83,12,12
68173,98,95,3,3
68174,86,87,-1,1
68175,91,106,-15,15
68176,67,64,3,3
68177,73,75,-2,2
68178,129,134,-5,5
68179,64,64,0,0
68180,94,95,-1,1
68181,123,112,11,11
68182,89,86,3,3
68183,45,49,-4,4
68184,95,94,1,1
68185,77,79,-2,2
68186,61,69,-8,8
68187,151,159,-8,8
68188,53,57,-4,4
68189,109,103,6,6
68190,84,89,-5,5
68191,86,91,-5,5
68192,105,102,3,3
68193,107,115,-8,8
68194,97,105,-8,8
68195,41,46,-5,5
68196,69,70,-1,1
68197,111,83,28,28
68198,40,44,-4,4
68199,140,135,5,5
68200,65,71,-6,6
68201,149,128,21,21
68202,46,44,2,2
68203,103,98,5,5
68204,80,79,1,1
68205,41,40,1,1
68206,97,132,-35,35
68207,65,65,0,0
68208,124,148,-24,24
68209,65,68,-3,3
68210,85,82,3,3
68211,151,151,0,0
68212,75,74,1,1
68213,92,93,-1,1
68214,96,91,5,5
68215,120,139,-19,19
68216,71,68,3,3
68217,77,82,-5,5
68218,84,95,-11,11
68219,100,111,-11,11
68220,105,115,-10,10
68221,123,116,7,7
68222,53,53,0,0
68223,178,180,-2,2
68224,99,98,1,1
68225,64,63,1,1
68226,78,83,-5,5
68227,108,105,3,3
68228,77,77,0,0
68229,157,146,11,11
68230,72,80,-8,8
68231,68,71,-3,3
68232,87,78,9,9
68233,70,78,-8,8
68234,52,54,-2,2
68235,85,78,7,7
68236,100,109,-9,9
68237,71,68,3,3
68238,109,113,-4,4
68239,154,168,-14,14
68240,96,78,18,18
68241,78,85,-7,7
68242,82,92,-10,10
68243,114,109,5,5
68244,103,108,-5,5
68245,118,124,-6,6
68246,87,89,-2,2
68247,121,130,-9,9
68248,94,94,0,0
68249,62,60,2,2
68250,89,82,7,7
68251,105,98,7,7
68252,85,82,3,3
68253,79,85,-6,6
68254,86,85,1,1
68255,100,98,2,2
68256,104,99,5,5
68257,83,81,2,2
68258,90,83,7,7
68259,112,129,-17,17
68260,69,71,-2,2
68261,121,102,19,19
68262,84,91,-7,7
68263,87,82,5,5
68264,92,93,-1,1
68265,147,147,0,0
68266,86,89,-3,3
68267,89,82,7,7
68268,52,63,-11,11
68269,110,107,3,3
68270,145,140,5,5
68271,87,86,1,1
68272,107,85,22,22
68273,145,117,28,28
68274,55,58,-3,3
68275,51,60,-9,9
68276,95,94,1,1
68277,101,96,5,5
68278,72,64,8,8
68279,90,87,3,3
68280,91,81,10,10
68281,94,95,-1,1
68282,60,67,-7,7
68283,59,53,6,6
68284,96,91,5,5
68285,55,52,3,3
68286,101,87,14,14
68287,95,96,-1,1
68288,113,104,9,9
68289,77,72,5,5
68290,114,130,-16,16
68291,101,111,-10,10
68292,100,109,-9,9
68293,64,70,-6,6
68294,100,93,7,7
68295,158,139,19,19
68296,81,83,-2,2
68297,62,66,-4,4
68298,136,131,5,5
68299,156,150,6,6
68300,160,149,11,11
68301,128,129,-1,1
68302,49,44,5,5
68303,135,123,12,12
68304,81,85,-4,4
68305,85,86,-1,1
68306,74,69,5,5
68307,141,134,7,7
68308,98,93,5,5
68309,140,134,6,6
68310,102,91,11,11
68311,91,104,-13,13
68312,68,65,3,3
68313,117,107,10,10
68314,57,51,6,6
68315,70,69,1,1
68316,203,171,32,32
68317,96,111,-15,15
68318,128,131,-3,3
68319,81,75,6,6
68320,81,90,-9,9
68321,66,60,6,6
68322,128,122,6,6
68323,150,146,4,4
68324,79,88,-9,9
68325,68,73,-5,5
68326,57,61,-4,4
68327,63,72,-9,9
68328,110,112,-2,2
68329,84,84,0,0
68330,84,69,15,15
68331,59,60,-1,1
68332,101,90,11,11
68333,73,78,-5,5
68334,82,83,-1,1
68335,163,156,7,7
68336,113,109,4,4
68337,95,73,22,22
68338,73,78,-5,5
68339,83,84,-1,1
68340,114,111,3,3
68341,136,117,19,19
68342,86,87,-1,1
68343,81,76,5,5
68344,108,117,-9,9
68345,149,153,-4,4
68346,101,99,2,2
68347,78,82,-4,4
68348,126,117,9,9
68349,122,133,-11,11
68350,112,102,10,10
68351,67,61,6,6
68352,62,59,3,3
68353,112,112,0,0
68354,171,162,9,9
68355,65,60,5,5
68356,97,86,11,11
68357,43,44,-1,1
68358,71,61,10,10
68359,71,71,0,0
68360,55,43,12,12
68361,72,84,-12,12
68362,85,81,4,4
68363,190,177,13,13
68364,97,96,1,1
68365,100,97,3,3
68366,75,77,-2,2
68367,130,117,13,13
68368,60,61,-1,1
68369,105,102,3,3
68370,85,88,-3,3
68371,89,94,-5,5
68372,93,91,2,2
68373,39,67,-28,28
68374,74,62,12,12
68375,148,151,-3,3
68376,136,126,10,10
68377,61,71,-10,10
68378,181,172,9,9
68379,99,92,7,7
68380,165,160,5,5
68381,97,92,5,5
68382,116,105,11,11
68383,105,111,-6,6
68384,50,47,3,3
68385,71,85,-14,14
68386,115,109,6,6
68387,61,58,3,3
68388,101,103,-2,2
68389,80,80,0,0
68390,100,107,-7,7
68391,79,92,-13,13
68392,121,118,3,3
68393,85,95,-10,10
68394,87,92,-5,5
68395,61,63,-2,2
68396,125,132,-7,7
68397,85,89,-4,4
68398,87,87,0,0
68399,64,69,-5,5
68400,66,67,-1,1
68401,85,88,-3,3
68402,159,144,15,15
68403,132,137,-5,5
68404,96,102,-6,6
68405,100,107,-7,7
68406,76,71,5,5
68407,117,123,-6,6
68408,101,116,-15,15
68409,86,86,0,0
68410,117,113,4,4
68411,96,90,6,6
68412,55,59,-4,4
68413,145,132,13,13
68414,68,73,-5,5
68415,71,66,5,5
68416,129,125,4,4
68417,121,121,0,0
68418,92,80,12,12
68419,57,52,5,5
68420,50,45,5,5
68421,56,59,-3,3
68422,52,52,0,0
68423,61,59,2,2
68424,164,152,12,12
68425,119,115,4,4
68426,85,75,10,10
68427,83,81,2,2
68428,149,145,4,4
68429,103,94,9,9
68430,61,64,-3,3
68431,142,144,-2,2
68432,80,85,-5,5
68433,49,53,-4,4
68434,109,98,11,11
68435,101,98,3,3
68436,77,77,0,0
68437,160,172,-12,12
68438,108,113,-5,5
68439,137,134,3,3
68440,125,125,0,0
68441,76,76,0,0
68442,145,131,14,14
68443,86,88,-2,2
68444,131,125,6,6
68445,99,105,-6,6
68446,97,96,1,1
68447,67,62,5,5
68448,107,126,-19,19
68449,87,86,1,1
68450,104,101,3,3
68451,77,74,3,3
68452,49,55,-6,6
68453,152,140,12,12
68454,138,135,3,3
68455,183,176,7,7
68456,53,54,-1,1
68457,100,96,4,4
68458,71,71,0,0
68459,73,84,-11,11
68460,108,104,4,4
68461,85,90,-5,5
68462,72,73,-1,1
68463,92,91,1,1
68464,127,122,5,5
68465,61,87,-26,26
68466,86,96,-10,10
68467,56,53,3,3
68468,104,96,8,8
68469,86,89,-3,3
68470,142,145,-3,3
68471,78,89,-11,11
68472,96,84,12,12
68473,75,81,-6,6
68474,88,86,2,2
68475,69,67,2,2
68476,62,62,0,0
68477,107,110,-3,3
68478,65,63,2,2
68479,129,137,-8,8
68480,86,93,-7,7
68481,77,72,5,5
68482,115,97,18,18
68483,87,82,5,5
68484,32,32,0,0
68485,80,84,-4,4
68486,107,101,6,6
68487,112,126,-14,14
68488,83,79,4,4
68489,89,95,-6,6
68490,65,63,2,2
68491,63,70,-7,7
68492,56,59,-3,3
68493,99,85,14,14
68494,88,92,-4,4
68495,130,132,-2,2
68496,59,62,-3,3
68497,157,129,28,28
68498,94,108,-14,14
68499,94,92,2,2
68500,61,63,-2,2
68501,98,98,0,0
68502,98,94,4,4
68503,108,103,5,5
68504,122,118,4,4
68505,115,117,-2,2
68506,49,52,-3,3
68507,79,80,-1,1
68508,96,100,-4,4
68509,81,91,-10,10
68510,54,54,0,0
68511,70,81,-11,11
68512,141,134,7,7
68513,113,209,-96,96
68514,110,119,-9,9
68515,75,79,-4,4
68516,85,95,-10,10
68517,85,77,8,8
68518,105,103,2,2
68519,62,70,-8,8
68520,39,45,-6,6
68521,83,83,0,0
68522,103,99,4,4
68523,69,73,-4,4
68524,103,100,3,3
68525,82,74,8,8
68526,98,96,2,2
68527,134,123,11,11
68528,51,64,-13,13
68529,98,96,2,2
68530,58,63,-5,5
68531,66,75,-9,9
68532,66,63,3,3
68533,139,124,15,15
68534,182,172,10,10
68535,118,133,-15,15
68536,69,62,7,7
68537,61,68,-7,7
68538,101,98,3,3
68539,126,101,25,25
68540,87,85,2,2
68541,53,52,1,1
68542,83,76,7,7
68543,113,119,-6,6
68544,109,100,9,9
68545,60,60,0,0
68546,113,117,-4,4
68547,84,92,-8,8
68548,60,53,7,7
68549,56,67,-11,11
68550,52,48,4,4
68551,111,103,8,8
68552,74,82,-8,8
68553,57,55,2,2
68554,72,75,-3,3
68555,77,80,-3,3
68556,93,89,4,4
68557,167,147,20,20
68558,64,64,0,0
68559,97,89,8,8
68560,106,108,-2,2
68561,165,151,14,14
68562,86,106,-20,20
68563,146,133,13,13
68564,98,97,1,1
68565,88,85,3,3
68566,89,86,3,3
68567,99,98,1,1
68568,86,85,1,1
68569,95,108,-13,13
68570,70,63,7,7
68571,91,99,-8,8
68572,98,96,2,2
68573,92,88,4,4
68574,103,98,5,5
68575,91,81,10,10
68576,58,72,-14,14
68577,61,63,-2,2
68578,53,57,-4,4
68579,83,76,7,7
68580,56,56,0,0
68581,84,85,-1,1
68582,73,77,-4,4
68583,73,72,1,1
68584,81,82,-1,1
68585,69,72,-3,3
68586,71,74,-3,3
68587,107,115,-8,8
68588,111,112,-1,1
68589,107,98,9,9
68590,115,99,16,16
68591,75,76,-1,1
68592,129,118,11,11
68593,94,89,5,5
68594,52,51,1,1
68595,146,143,3,3
68596,99,103,-4,4
68597,93,109,-16,16
68598,57,59,-2,2
68599,102,110,-8,8
68600,58,65,-7,7
68601,95,135,-40,40
68602,92,89,3,3
68603,99,94,5,5
68604,115,118,-3,3
68605,77,77,0,0
68606,176,179,-3,3
68607,97,104,-7,7
68608,153,138,15,15
68609,74,70,4,4
68610,182,170,12,12
68611,91,99,-8,8
68612,67,76,-9,9
68613,85,95,-10,10
68614,109,107,2,2
68615,113,104,9,9
68616,111,112,-1,1
68617,95,106,-11,11
68618,74,72,2,2
68619,110,107,3,3
68620,58,59,-1,1
68621,135,126,9,9
68622,108,110,-2,2
68623,112,118,-6,6
68624,49,50,-1,1
68625,114,116,-2,2
68626,57,60,-3,3
68627,74,68,6,6
68628,99,101,-2,2
68629,96,90,6,6
68630,88,83,5,5
68631,79,86,-7,7
68632,82,72,10,10
68633,99,96,3,3
68634,116,108,8,8
68635,80,79,1,1
68636,120,117,3,3
68637,70,61,9,9
68638,74,73,1,1
68639,55,64,-9,9
68640,97,90,7,7
68641,74,78,-4,4
68642,92,97,-5,5
68643,71,72,-1,1
68644,86,84,2,2
68645,66,60,6,6
68646,74,67,7,7
68647,90,90,0,0
68648,110,105,5,5
68649,94,91,3,3
68650,101,99,2,2
68651,115,114,1,1
68652,91,92,-1,1
68653,102,105,-3,3
68654,116,125,-9,9
68655,130,130,0,0
68656,45,49,-4,4
68657,77,74,3,3
68658,117,131,-14,14
68659,109,108,1,1
68660,94,90,4,4
68661,130,123,7,7
68662,37,42,-5,5
68663,73,79,-6,6
68664,79,70,9,9
68665,80,91,-11,11
68666,143,124,19,19
68667,69,70,-1,1
68668,143,140,3,3
68669,105,102,3,3
68670,150,141,9,9
68671,94,87,7,7
68672,107,98,9,9
68673,64,60,4,4
68674,154,132,22,22
68675,129,128,1,1
68676,118,110,8,8
68677,86,85,1,1
68678,98,100,-2,2
68679,134,144,-10,10
68680,96,99,-3,3
68681,90,89,1,1
68682,173,175,-2,2
68683,83,81,2,2
68684,168,168,0,0
68685,97,95,2,2
68686,88,86,2,2
68687,54,54,0,0
68688,142,120,22,22
68689,152,143,9,9
68690,75,85,-10,10
68691,73,72,1,1
68692,170,179,-9,9
68693,82,85,-3,3
68694,103,112,-9,9
68695,135,127,8,8
68696,98,99,-1,1
68697,190,181,9,9
68698,110,93,17,17
68699,56,63,-7,7
68700,160,149,11,11
68701,86,98,-12,12
68702,105,103,2,2
68703,42,42,0,0
68704,148,159,-11,11
68705,78,69,9,9
68706,108,107,1,1
68707,81,81,0,0
68708,135,131,4,4
68709,84,91,-7,7
68710,115,103,12,12
68711,124,114,10,10
68712,67,75,-8,8
68713,97,92,5,5
68714,90,89,1,1
68715,158,149,9,9
68716,162,153,9,9
68717,165,167,-2,2
68718,76,75,1,1
68719,174,171,3,3
68720,125,117,8,8
68721,155,151,4,4
68722,80,86,-6,6
68723,150,157,-7,7
68724,54,61,-7,7
68725,119,105,14,14
68726,83,76,7,7
68727,56,62,-6,6
68728,69,81,-12,12
68729,94,95,-1,1
68730,103,109,-6,6
68731,120,113,7,7
68732,119,127,-8,8
68733,92,92,0,0
68734,102,101,1,1
68735,75,78,-3,3
68736,64,61,3,3
68737,175,166,9,9
68738,66,64,2,2
68739,69,68,1,1
68740,66,64,2,2
68741,42,47,-5,5
68742,222,211,11,11
68743,161,158,3,3
68744,139,121,18,18
68745,88,88,0,0
68746,81,71,10,10
68747,160,165,-5,5
68748,100,102,-2,2
68749,64,68,-4,4
68750,26,36,-10,10
68751,126,122,4,4
68752,49,51,-2,2
68753,101,101,0,0
68754,78,71,7,7
68755,82,81,1,1
68756,68,70,-2,2
68757,90,90,0,0
68758,78,75,3,3
68759,114,116,-2,2
68760,160,153,7,7
68761,108,107,1,1
68762,93,91,2,2
68763,52,50,2,2
68764,142,134,8,8
68765,151,161,-10,10
68766,118,122,-4,4
68767,90,90,0,0
68768,103,92,11,11
68769,126,121,5,5
68770,121,120,1,1
68771,111,114,-3,3
68772,87,84,3,3
68773,48,49,-1,1
68774,86,72,14,14
68775,60,102,-42,42
68776,162,143,19,19
68777,98,89,9,9
68778,134,128,6,6
68779,147,145,2,2
68780,113,115,-2,2
68781,79,76,3,3
68782,76,71,5,5
68783,72,83,-11,11
68784,59,68,-9,9
68785,151,145,6,6
68786,114,108,6,6
68787,71,78,-7,7
68788,146,140,6,6
68789,83,82,1,1
68790,65,63,2,2
68791,60,54,6,6
68792,113,99,14,14
68793,146,130,16,16
68794,103,105,-2,2
68795,123,113,10,10
68796,59,62,-3,3
68797,158,141,17,17
68798,114,100,14,14
68799,133,120,13,13
68800,151,145,6,6
68801,41,44,-3,3
68802,80,76,4,4
68803,71,63,8,8
68804,88,91,-3,3
68805,94,103,-9,9
68806,41,49,-8,8
68807,129,146,-17,17
68808,126,121,5,5
68809,132,112,20,20
68810,38,49,-11,11
68811,81,83,-2,2
68812,97,98,-1,1
68813,99,97,2,2
68814,159,154,5,5
68815,113,120,-7,7
68816,42,60,-18,18
68817,176,164,12,12
68818,96,84,12,12
68819,122,123,-1,1
68820,134,140,-6,6
68821,63,67,-4,4
68822,81,75,6,6
68823,94,100,-6,6
68824,122,114,8,8
68825,99,87,12,12
68826,103,108,-5,5
68827,77,102,-25,25
68828,90,98,-8,8
68829,139,125,14,14
68830,74,76,-2,2
68831,83,86,-3,3
68832,84,82,2,2
68833,108,101,7,7
68834,80,88,-8,8
68835,117,115,2,2
68836,81,76,5,5
68837,73,75,-2,2
68838,146,137,9,9
68839,83,83,0,0
68840,71,66,5,5
68841,99,107,-8,8
68842,52,61,-9,9
68843,97,104,-7,7
68844,80,79,1,1
68845,112,112,0,0
68846,57,74,-17,17
68847,105,102,3,3
68848,145,149,-4,4
68849,104,92,12,12
68850,94,90,4,4
68851,109,111,-2,2
68852,73,75,-2,2
68853,54,59,-5,5
68854,99,93,6,6
68855,204,192,12,12
68856,42,47,-5,5
68857,40,40,0,0
68858,61,58,3,3
68859,98,100,-2,2
68860,88,91,-3,3
68861,107,117,-10,10
68862,101,102,-1,1
68863,156,148,8,8
68864,43,46,-3,3
68865,85,79,6,6
68866,130,120,10,10
68867,49,56,-7,7
68868,82,79,3,3
68869,105,103,2,2
68870,141,152,-11,11
68871,124,129,-5,5
68872,149,165,-16,16
68873,61,53,8,8
68874,163,162,1,1
68875,94,99,-5,5
68876,64,64,0,0
68877,129,144,-15,15
68878,71,80,-9,9
68879,95,103,-8,8
68880,106,114,-8,8
68881,103,83,20,20
68882,81,76,5,5
68883,89,84,5,5
68884,144,135,9,9
68885,64,69,-5,5
68886,37,118,-81,81
68887,87,76,11,11
68888,34,39,-5,5
68889,94,95,-1,1
68890,84,89,-5,5
68891,76,74,2,2
68892,79,74,5,5
68893,96,103,-7,7
68894,99,95,4,4
68895,102,101,1,1
68896,66,64,2,2
68897,96,85,11,11
68898,75,78,-3,3
68899,98,85,13,13
68900,75,71,4,4
68901,106,99,7,7
68902,85,83,2,2
68903,104,118,-14,14
68904,83,85,-2,2
68905,92,92,0,0
68906,110,125,-15,15
68907,89,107,-18,18
68908,148,137,11,11
68909,105,104,1,1
68910,90,81,9,9
68911,42,54,-12,12
68912,102,104,-2,2
68913,142,138,4,4
68914,122,116,6,6
68915,109,101,8,8
68916,101,104,-3,3
68917,89,96,-7,7
68918,118,118,0,0
68919,146,136,10,10
68920,100,104,-4,4
68921,99,94,5,5
68922,62,59,3,3
68923,84,74,10,10
68924,62,70,-8,8
68925,190,173,17,17
68926,105,110,-5,5
68927,101,93,8,8
68928,69,76,-7,7
68929,105,103,2,2
68930,135,132,3,3
68931,162,171,-9,9
68932,96,94,2,2
68933,80,75,5,5
68934,83,85,-2,2
68935,133,130,3,3
68936,77,74,3,3
68937,130,125,5,5
68938,143,162,-19,19
68939,83,88,-5,5
68940,77,80,-3,3
68941,148,142,6,6
68942,88,84,4,4
68943,47,45,2,2
68944,66,56,10,10
68945,54,66,-12,12
68946,97,91,6,6
68947,80,87,-7,7
68948,51,63,-12,12
68949,122,130,-8,8
68950,134,123,11,11
68951,152,153,-1,1
68952,96,103,-7,7
68953,75,83,-8,8
68954,143,144,-1,1
68955,164,164,0,0
68956,99,100,-1,1
68957,149,155,-6,6
68958,126,120,6,6
68959,90,82,8,8
68960,102,104,-2,2
68961,18,33,-15,15
68962,103,138,-35,35
68963,130,125,5,5
68964,67,72,-5,5
68965,69,61,8,8
68966,84,80,4,4
68967,122,126,-4,4
68968,103,95,8,8
68969,65,54,11,11
68970,111,118,-7,7
68971,177,177,0,0
68972,64,60,4,4
68973,159,158,1,1
68974,123,126,-3,3
68975,67,68,-1,1
68976,138,144,-6,6
68977,88,95,-7,7
68978,94,105,-11,11
68979,114,102,12,12
68980,81,76,5,5
68981,68,65,3,3
68982,214,199,15,15
68983,145,129,16,16
68984,54,55,-1,1
68985,100,92,8,8
68986,146,144,2,2
68987,213,190,23,23
68988,106,116,-10,10
68989,57,48,9,9
68990,128,127,1,1
68991,97,95,2,2
68992,90,97,-7,7
68993,102,94,8,8
68994,153,137,16,16
68995,84,81,3,3
68996,27,33,-6,6
68997,51,47,4,4
68998,73,77,-4,4
68999,86,84,2,2
69000,77,70,7,7
69001,154,136,18,18
69002,107,102,5,5
69003,173,172,1,1
69004,80,82,-2,2
69005,92,90,2,2
69006,86,83,3,3
69007,70,74,-4,4
69008,116,121,-5,5
69009,79,81,-2,2
69010,101,98,3,3
69011,138,135,3,3
69012,125,110,15,15
69013,65,66,-1,1
69014,82,84,-2,2
69015,88,90,-2,2
69016,40,49,-9,9
69017,104,108,-4,4
69018,111,112,-1,1
69019,81,78,3,3
69020,67,79,-12,12
69021,91,98,-7,7
69022,135,132,3,3
69023,155,167,-12,12
69024,89,81,8,8
69025,58,70,-12,12
69026,137,127,10,10
69027,69,70,-1,1
69028,84,82,2,2
69029,110,93,17,17
69030,68,93,-25,25
69031,126,112,14,14
69032,185,150,35,35
69033,64,54,10,10
69034,119,115,4,4
69035,133,130,3,3
69036,96,91,5,5
69037,54,55,-1,1
69038,90,91,-1,1
69039,75,72,3,3
69040,123,128,-5,5
69041,91,90,1,1
69042,114,114,0,0
69043,49,79,-30,30
69044,119,109,10,10
69045,78,70,8,8
69046,105,101,4,4
69047,113,113,0,0
69048,75,70,5,5
69049,162,158,4,4
69050,62,59,3,3
69051,93,85,8,8
69052,67,68,-1,1
69053,118,116,2,2
69054,76,74,2,2
69055,132,126,6,6
69056,43,45,-2,2
69057,69,74,-5,5
69058,99,104,-5,5
69059,81,75,6,6
69060,103,102,1,1
69061,87,77,10,10
69062,88,81,7,7
69063,92,89,3,3
69064,102,93,9,9
69065,53,55,-2,2
69066,80,83,-3,3
69067,86,74,12,12
69068,107,112,-5,5
69069,165,173,-8,8
69070,43,48,-5,5
69071,84,76,8,8
69072,129,127,2,2
69073,135,132,3,3
69074,32,61,-29,29
69075,49,61,-12,12
69076,91,90,1,1
69077,72,73,-1,1
69078,85,79,6,6
69079,75,81,-6,6
69080,95,116,-21,21
69081,132,125,7,7
69082,98,105,-7,7
69083,34,36,-2,2
69084,114,111,3,3
69085,104,99,5,5
69086,111,101,10,10
69087,59,53,6,6
69088,38,46,-8,8
69089,45,46,-1,1
69090,160,173,-13,13
69091,87,83,4,4
69092,78,86,-8,8
69093,180,152,28,28
69094,112,117,-5,5
69095,99,101,-2,2
69096,77,79,-2,2
69097,64,76,-12,12
69098,93,73,20,20
69099,135,151,-16,16
69100,80,78,2,2
69101,105,93,12,12
69102,93,96,-3,3
69103,97,99,-2,2
69104,93,101,-8,8
69105,126,108,18,18
69106,100,95,5,5
69107,93,94,-1,1
69108,116,117,-1,1
69109,89,85,4,4
69110,72,85,-13,13
69111,158,142,16,16
69112,107,94,13,13
69113,57,62,-5,5
69114,95,101,-6,6
69115,199,186,13,13
69116,98,97,1,1
69117,50,60,-10,10
69118,72,69,3,3
69119,86,76,10,10
69120,36,65,-29,29
69121,77,63,14,14
69122,144,149,-5,5
69123,101,118,-17,17
69124,141,141,0,0
69125,136,125,11,11
69126,81,77,4,4
69127,96,115,-19,19
69128,92,89,3,3
69129,37,48,-11,11
69130,117,119,-2,2
69131,96,92,4,4
69132,120,137,-17,17
69133,58,60,-2,2
69134,147,129,18,18
69135,60,63,-3,3
69136,85,83,2,2
69137,71,62,9,9
69138,74,69,5,5
69139,98,104,-6,6
69140,59,58,1,1
69141,77,80,-3,3
69142,77,81,-4,4
69143,76,78,-2,2
69144,52,55,-3,3
69145,116,119,-3,3
69146,78,85,-7,7
69147,74,75,-1,1
69148,124,120,4,4
69149,58,54,4,4
69150,86,83,3,3
69151,132,121,11,11
69152,108,96,12,12
69153,38,41,-3,3
69154,138,143,-5,5
69155,74,70,4,4
69156,73,79,-6,6
69157,95,81,14,14
69158,129,139,-10,10
69159,102,91,11,11
69160,112,105,7,7
69161,141,142,-1,1
69162,76,71,5,5
69163,142,139,3,3
69164,72,69,3,3
69165,163,160,3,3
69166,122,119,3,3
69167,44,40,4,4
69168,104,98,6,6
69169,72,82,-10,10
69170,60,61,-1,1
69171,69,68,1,1
69172,113,104,9,9
69173,89,92,-3,3
69174,42,45,-3,3
69175,146,140,6,6
69176,147,131,16,16
69177,132,147,-15,15
69178,107,102,5,5
69179,77,80,-3,3
69180,102,104,-2,2
69181,153,140,13,13
69182,56,78,-22,22
69183,105,111,-6,6
69184,129,128,1,1
69185,99,90,9,9
69186,55,54,1,1
69187,102,111,-9,9
69188,102,95,7,7
69189,111,112,-1,1
69190,123,126,-3,3
69191,62,64,-2,2
69192,152,168,-16,16
69193,89,85,4,4
69194,94,87,7,7
69195,35,49,-14,14
69196,94,91,3,3
69197,110,116,-6,6
69198,175,178,-3,3
69199,105,99,6,6
69200,42,46,-4,4
69201,152,145,7,7
69202,149,137,12,12
69203,207,187,20,20
69204,152,158,-6,6
69205,88,97,-9,9
69206,94,93,1,1
69207,76,70,6,6
69208,84,83,1,1
69209,87,85,2,2
69210,59,63,-4,4
69211,112,108,4,4
69212,110,104,6,6
69213,136,117,19,19
69214,81,94,-13,13
69215,177,160,17,17
69216,120,123,-3,3
69217,86,89,-3,3
69218,57,60,-3,3
69219,100,82,18,18
69220,134,129,5,5
69221,75,71,4,4
69222,88,80,8,8
69223,82,89,-7,7
69224,54,56,-2,2
69225,74,68,6,6
69226,50,53,-3,3
69227,125,116,9,9
69228,85,89,-4,4
69229,148,144,4,4
69230,88,91,-3,3
69231,58,70,-12,12
69232,124,108,16,16
69233,129,131,-2,2
69234,100,96,4,4
69235,76,74,2,2
69236,86,77,9,9
69237,57,67,-10,10
69238,84,86,-2,2
69239,103,95,8,8
69240,87,87,0,0
69241,114,119,-5,5
69242,58,62,-4,4
69243,100,93,7,7
69244,92,98,-6,6
69245,78,84,-6,6
69246,73,87,-14,14
69247,73,64,9,9
69248,106,103,3,3
69249,135,136,-1,1
69250,95,112,-17,17
69251,75,79,-4,4
69252,116,124,-8,8
69253,58,53,5,5
69254,135,128,7,7
69255,75,79,-4,4
69256,51,60,-9,9
69257,69,67,2,2
69258,97,109,-12,12
69259,73,75,-2,2
69260,91,96,-5,5
69261,156,152,4,4
69262,67,71,-4,4
69263,77,74,3,3
69264,133,138,-5,5
69265,129,148,-19,19
69266,110,103,7,7
69267,121,137,-16,16
69268,150,149,1,1
69269,89,88,1,1
69270,71,67,4,4
69271,119,106,13,13
69272,70,77,-7,7
69273,121,127,-6,6
69274,116,122,-6,6
69275,123,127,-4,4
69276,95,89,6,6
69277,70,66,4,4
69278,111,90,21,21
69279,113,105,8,8
69280,92,80,12,12
69281,52,53,-1,1
69282,114,111,3,3
69283,106,104,2,2
69284,102,113,-11,11
69285,72,84,-12,12
69286,134,119,15,15
69287,101,100,1,1
69288,134,123,11,11
69289,111,115,-4,4
69290,99,98,1,1
69291,98,89,9,9
69292,94,94,0,0
69293,44,46,-2,2
69294,92,93,-1,1
69295,81,76,5,5
69296,74,74,0,0
69297,51,47,4,4
69298,135,132,3,3
69299,34,41,-7,7
69300,151,151,0,0
69301,64,63,1,1
69302,105,111,-6,6
69303,117,103,14,14
69304,88,88,0,0
69305,100,106,-6,6
69306,88,84,4,4
69307,84,87,-3,3
69308,189,185,4,4
69309,45,49,-4,4
69310,64,65,-1,1
69311,94,94,0,0
69312,199,183,16,16
69313,80,73,7,7
69314,105,107,-2,2
69315,112,107,5,5
69316,59,50,9,9
69317,54,61,-7,7
69318,123,117,6,6
69319,59,60,-1,1
69320,186,179,7,7
69321,110,112,-2,2
69322,117,112,5,5
69323,82,80,2,2
69324,202,180,22,22
69325,129,111,18,18
69326,91,95,-4,4
69327,131,116,15,15
69328,117,113,4,4
69329,82,73,9,9
69330,78,85,-7,7
69331,129,125,4,4
69332,46,39,7,7
69333,122,129,-7,7
69334,124,115,9,9
69335,186,190,-4,4
69336,103,101,2,2
69337,112,118,-6,6
69338,135,142,-7,7
69339,68,71,-3,3
69340,110,113,-3,3
69341,57,56,1,1
69342,144,139,5,5
69343,115,102,13,13
69344,143,140,3,3
69345,75,83,-8,8
69346,69,62,7,7
69347,140,127,13,13
69348,93,102,-9,9
69349,74,72,2,2
69350,165,164,1,1
69351,77,84,-7,7
69352,57,56,1,1
69353,87,102,-15,15
69354,123,124,-1,1
69355,78,83,-5,5
69356,120,125,-5,5
69357,100,98,2,2
69358,112,111,1,1
69359,87,92,-5,5
69360,98,90,8,8
69361,106,103,3,3
69362,91,99,-8,8
69363,107,107,0,0
69364,67,64,3,3
69365,125,123,2,2
69366,61,63,-2,2
69367,96,100,-4,4
69368,73,71,2,2
69369,70,67,3,3
69370,89,84,5,5
69371,114,108,6,6
69372,74,76,-2,2
69373,133,111,22,22
69374,107,114,-7,7
69375,91,90,1,1
69376,83,76,7,7
69377,76,73,3,3
69378,75,81,-6,6
69379,83,78,5,5
69380,62,62,0,0
69381,71,80,-9,9
69382,40,41,-1,1
69383,131,124,7,7
69384,138,141,-3,3
69385,43,49,-6,6
69386,76,84,-8,8
69387,128,156,-28,28
69388,62,61,1,1
69389,128,122,6,6
69390,79,82,-3,3
69391,140,133,7,7
69392,94,100,-6,6
69393,96,99,-3,3
69394,43,39,4,4
69395,159,151,8,8
69396,62,52,10,10
69397,131,122,9,9
69398,65,63,2,2
69399,63,65,-2,2
69400,116,126,-10,10
69401,65,80,-15,15
69402,70,66,4,4
69403,56,60,-4,4
69404,95,95,0,0
69405,120,114,6,6
69406,93,98,-5,5
69407,92,93,-1,1
69408,101,92,9,9
69409,106,112,-6,6
69410,151,145,6,6
69411,98,91,7,7
69412,63,64,-1,1
69413,120,123,-3,3
69414,93,91,2,2
69415,89,87,2,2
69416,47,52,-5,5
69417,92,96,-4,4
69418,95,87,8,8
69419,90,82,8,8
69420,116,107,9,9
69421,88,88,0,0
69422,107,114,-7,7
69423,168,184,-16,16
69424,49,47,2,2
69425,111,102,9,9
69426,76,80,-4,4
69427,89,87,2,2
69428,72,71,1,1
69429,131,133,-2,2
69430,61,74,-13,13
69431,106,97,9,9
69432,65,68,-3,3
69433,76,76,0,0
69434,62,92,-30,30
69435,63,62,1,1
69436,77,76,1,1
69437,120,112,8,8
69438,109,110,-1,1
69439,93,89,4,4
69440,66,63,3,3
69441,72,67,5,5
69442,94,86,8,8
69443,143,127,16,16
69444,75,77,-2,2
69445,99,97,2,2
69446,112,115,-3,3
69447,66,68,-2,2
69448,72,69,3,3
69449,46,51,-5,5
69450,100,99,1,1
69451,89,82,7,7
69452,101,100,1,1
69453,63,61,2,2
69454,108,105,3,3
69455,89,95,-6,6
69456,101,95,6,6
69457,94,90,4,4
69458,73,77,-4,4
69459,148,119,29,29
69460,142,136,6,6
69461,92,92,0,0
69462,151,144,7,7
69463,119,113,6,6
69464,61,64,-3,3
69465,124,128,-4,4
69466,46,52,-6,6
69467,67,74,-7,7
69468,46,61,-15,15
69469,81,76,5,5
69470,104,105,-1,1
69471,47,47,0,0
69472,88,87,1,1
69473,115,79,36,36
69474,92,109,-17,17
69475,100,87,13,13
69476,141,137,4,4
69477,107,106,1,1
69478,127,113,14,14
69479,117,122,-5,5
69480,72,71,1,1
69481,81,84,-3,3
69482,100,128,-28,28
69483,84,101,-17,17
69484,70,64,6,6
69485,152,139,13,13
69486,32,39,-7,7
69487,121,125,-4,4
69488,69,67,2,2
69489,63,65,-2,2
69490,76,75,1,1
69491,81,85,-4,4
69492,106,100,6,6
69493,69,78,-9,9
69494,54,60,-6,6
69495,92,90,2,2
69496,61,64,-3,3
69497,141,130,11,11
69498,78,73,5,5
69499,124,140,-16,16
69500,94,93,1,1
69501,66,69,-3,3
69502,156,163,-7,7
69503,80,100,-20,20
69504,84,89,-5,5
69505,161,163,-2,2
69506,106,97,9,9
69507,98,97,1,1
69508,108,108,0,0
69509,109,102,7,7
69510,85,83,2,2
69511,74,82,-8,8
69512,74,73,1,1
69513,88,100,-12,12
69514,128,120,8,8
69515,93,91,2,2
69516,140,141,-1,1
69517,109,105,4,4
69518,58,54,4,4
69519,73,61,12,12
69520,86,87,-1,1
69521,94,90,4,4
69522,332,298,34,34
69523,112,100,12,12
69524,48,46,2,2
69525,73,76,-3,3
69526,116,112,4,4
69527,105,88,17,17
69528,65,67,-2,2
69529,108,102,6,6
69530,83,95,-12,12
69531,81,86,-5,5
69532,155,164,-9,9
69533,110,100,10,10
69534,120,108,12,12
69535,92,84,8,8
69536,152,138,14,14
69537,131,138,-7,7
69538,48,64,-16,16
69539,68,68,0,0
69540,74,72,2,2
69541,86,96,-10,10
69542,148,158,-10,10
69543,188,179,9,9
69544,79,90,-11,11
69545,125,118,7,7
69546,95,84,11,11
69547,63,62,1,1
69548,78,72,6,6
69549,116,118,-2,2
69550,83,82,1,1
69551,68,68,0,0
69552,104,111,-7,7
69553,107,103,4,4
69554,93,86,7,7
69555,115,113,2,2
69556,105,91,14,14
69557,76,91,-15,15
69558,129,121,8,8
69559,53,48,5,5
69560,78,90,-12,12
69561,108,103,5,5
69562,39,46,-7,7
69563,81,77,4,4
69564,122,128,-6,6
69565,74,70,4,4
69566,63,69,-6,6
69567,115,113,2,2
69568,119,122,-3,3
69569,130,126,4,4
69570,103,129,-26,26
69571,107,112,-5,5
69572,69,79,-10,10
69573,130,123,7,7
69574,98,114,-16,16
69575,126,116,10,10
69576,119,106,13,13
69577,86,91,-5,5
69578,211,204,7,7
69579,82,83,-1,1
69580,64,63,1,1
69581,96,74,22,22
69582,63,63,0,0
69583,102,101,1,1
69584,119,128,-9,9
69585,82,89,-7,7
69586,119,111,8,8
69587,64,62,2,2
69588,48,45,3,3
69589,140,134,6,6
69590,112,106,6,6
69591,93,107,-14,14
69592,88,91,-3,3
69593,93,93,0,0
69594,60,56,4,4
69595,66,67,-1,1
69596,48,48,0,0
69597,101,93,8,8
69598,54,57,-3,3
69599,99,91,8,8
69600,81,79,2,2
69601,155,147,8,8
69602,80,78,2,2
69603,69,69,0,0
69604,65,77,-12,12
69605,81,90,-9,9
69606,100,104,-4,4
69607,89,98,-9,9
69608,86,87,-1,1
69609,107,110,-3,3
69610,61,64,-3,3
69611,59,51,8,8
69612,51,56,-5,5
69613,147,153,-6,6
69614,127,119,8,8
69615,130,138,-8,8
69616,53,46,7,7
69617,117,94,23,23
69618,132,128,4,4
69619,119,112,7,7
69620,107,93,14,14
69621,79,94,-15,15
69622,157,155,2,2
69623,125,107,18,18
69624,60,64,-4,4
69625,79,68,11,11
69626,80,84,-4,4
69627,151,137,14,14
69628,109,99,10,10
69629,64,63,1,1
69630,111,95,16,16
69631,44,48,-4,4
69632,95,85,10,10
69633,137,131,6,6
69634,121,104,17,17
69635,51,61,-10,10
69636,53,65,-12,12
69637,93,91,2,2
69638,91,94,-3,3
69639,125,117,8,8
69640,59,64,-5,5
69641,63,65,-2,2
69642,111,94,17,17
69643,117,120,-3,3
69644,74,73,1,1
69645,117,119,-2,2
69646,65,61,4,4
69647,100,87,13,13
69648,227,222,5,5
69649,145,171,-26,26
69650,82,85,-3,3
69651,93,80,13,13
69652,120,131,-11,11
69653,122,113,9,9
69654,121,117,4,4
69655,106,92,14,14
69656,95,100,-5,5
69657,71,69,2,2
69658,64,69,-5,5
69659,103,100,3,3
69660,66,81,-15,15
69661,60,65,-5,5
69662,85,85,0,0
69663,110,114,-4,4
69664,109,110,-1,1
69665,80,91,-11,11
69666,80,70,10,10
69667,147,152,-5,5
69668,107,113,-6,6
69669,61,60,1,1
69670,163,167,-4,4
69671,60,59,1,1
69672,85,84,1,1
69673,152,160,-8,8
69674,90,90,0,0
69675,81,79,2,2
69676,76,73,3,3
69677,95,91,4,4
69678,70,69,1,1
69679,101,92,9,9
69680,65,60,5,5
69681,78,91,-13,13
69682,94,97,-3,3
69683,69,68,1,1
69684,161,162,-1,1
69685,97,99,-2,2
69686,66,75,-9,9
69687,171,156,15,15
69688,93,82,11,11
69689,98,91,7,7
69690,101,106,-5,5
69691,97,96,1,1
69692,74,82,-8,8
69693,88,77,11,11
69694,184,184,0,0
69695,74,79,-5,5
69696,65,77,-12,12
69697,193,183,10,10
69698,103,97,6,6
69699,57,61,-4,4
69700,113,132,-19,19
69701,145,166,-21,21
69702,60,60,0,0
69703,128,140,-12,12
69704,89,88,1,1
69705,80,79,1,1
69706,79,73,6,6
69707,114,109,5,5
69708,200,192,8,8
69709,133,131,2,2
69710,114,107,7,7
69711,125,120,5,5
69712,82,79,3,3
69713,90,83,7,7
69714,95,91,4,4
69715,140,146,-6,6
69716,96,102,-6,6
69717,186,180,6,6
69718,89,99,-10,10
69719,57,54,3,3
69720,76,76,0,0
69721,64,62,2,2
69722,138,130,8,8
69723,97,93,4,4
69724,95,105,-10,10
69725,157,161,-4,4
69726,76,69,7,7
69727,77,84,-7,7
69728,110,111,-1,1
69729,191,177,14,14
69730,70,68,2,2
69731,100,113,-13,13
69732,98,102,-4,4
69733,64,68,-4,4
69734,106,103,3,3
69735,95,97,-2,2
69736,70,74,-4,4
69737,132,120,12,12
69738,43,38,5,5
69739,177,158,19,19
69740,59,59,0,0
69741,42,47,-5,5
69742,40,39,1,1
69743,82,66,16,16
69744,79,86,-7,7
69745,62,75,-13,13
69746,108,101,7,7
69747,103,116,-13,13
69748,92,90,2,2
69749,63,67,-4,4
69750,65,70,-5,5
69751,144,148,-4,4
69752,92,88,4,4
69753,129,132,-3,3
69754,137,140,-3,3
69755,122,129,-7,7
69756,48,67,-19,19
69757,85,68,17,17
69758,90,95,-5,5
69759,82,69,13,13
69760,112,103,9,9
69761,85,86,-1,1
69762,91,86,5,5
69763,78,80,-2,2
69764,69,68,1,1
69765,121,110,11,11
69766,68,72,-4,4
69767,131,134,-3,3
69768,89,88,1,1
69769,93,91,2,2
69770,54,48,6,6
69771,136,138,-2,2
69772,35,71,-36,36
69773,178,161,17,17
69774,105,99,6,6
69775,145,147,-2,2
69776,75,82,-7,7
69777,117,107,10,10
69778,63,65,-2,2
69779,132,132,0,0
69780,100,102,-2,2
69781,67,70,-3,3
69782,47,51,-4,4
69783,128,113,15,15
69784,119,125,-6,6
69785,119,123,-4,4
69786,93,77,16,16
69787,121,121,0,0
69788,79,73,6,6
69789,166,156,10,10
69790,87,79,8,8
69791,85,86,-1,1
69792,80,73,7,7
69793,68,67,1,1
69794,131,135,-4,4
69795,124,121,3,3
69796,146,154,-8,8
69797,71,66,5,5
69798,89,96,-7,7
69799,60,66,-6,6
69800,64,61,3,3
69801,63,74,-11,11
69802,61,61,0,0
69803,119,102,17,17
69804,83,88,-5,5
69805,96,98,-2,2
69806,116,132,-16,16
69807,122,119,3,3
69808,102,95,7,7
69809,85,86,-1,1
69810,129,135,-6,6
69811,109,98,11,11
69812,41,41,0,0
69813,95,99,-4,4
69814,131,109,22,22
69815,98,78,20,20
69816,105,98,7,7
69817,35,47,-12,12
69818,65,62,3,3
69819,69,66,3,3
69820,72,70,2,2
69821,101,104,-3,3
69822,86,83,3,3
69823,103,106,-3,3
69824,110,96,14,14
69825,77,68,9,9
69826,98,72,26,26
69827,107,102,5,5
69828,72,81,-9,9
69829,109,111,-2,2
69830,68,62,6,6
69831,64,61,3,3
69832,158,155,3,3
69833,112,119,-7,7
69834,71,83,-12,12
69835,119,112,7,7
69836,63,62,1,1
69837,66,67,-1,1
69838,90,89,1,1
69839,114,122,-8,8
69840,81,84,-3,3
69841,136,126,10,10
69842,92,90,2,2
69843,46,66,-20,20
69844,48,49,-1,1
69845,99,86,13,13
69846,63,66,-3,3
69847,113,112,1,1
69848,77,82,-5,5
69849,95,108,-13,13
69850,95,94,1,1
69851,92,92,0,0
69852,77,76,1,1
69853,108,102,6,6
69854,80,79,1,1
69855,106,106,0,0
69856,193,190,3,3
69857,138,127,11,11
69858,146,149,-3,3
69859,146,151,-5,5
69860,121,112,9,9
69861,134,122,12,12
69862,92,94,-2,2
69863,109,103,6,6
69864,94,101,-7,7
69865,96,102,-6,6
69866,105,121,-16,16
69867,124,129,-5,5
69868,101,94,7,7
69869,63,74,-11,11
69870,91,94,-3,3
69871,75,84,-9,9
69872,89,101,-12,12
69873,134,134,0,0
69874,130,128,2,2
69875,71,81,-10,10
69876,152,152,0,0
69877,79,62,17,17
69878,82,69,13,13
69879,80,92,-12,12
69880,51,54,-3,3
69881,134,132,2,2
69882,120,106,14,14
69883,88,84,4,4
69884,66,72,-6,6
69885,40,48,-8,8
69886,81,71,10,10
69887,125,115,10,10
69888,57,54,3,3
69889,127,120,7,7
69890,70,61,9,9
69891,144,98,46,46
69892,100,108,-8,8
69893,190,176,14,14
69894,79,78,1,1
69895,95,74,21,21
69896,86,71,15,15
69897,75,61,14,14
69898,108,102,6,6
69899,74,73,1,1
69900,110,120,-10,10
69901,121,111,10,10
69902,75,79,-4,4
69903,193,172,21,21
69904,102,95,7,7
69905,83,85,-2,2
69906,161,157,4,4
69907,43,65,-22,22
69908,157,181,-24,24
69909,152,160,-8,8
69910,166,161,5,5
69911,61,60,1,1
69912,123,118,5,5
69913,77,65,12,12
69914,76,68,8,8
69915,103,110,-7,7
69916,73,70,3,3
69917,94,96,-2,2
69918,71,74,-3,3
69919,69,72,-3,3
69920,46,46,0,0
69921,59,60,-1,1
69922,109,103,6,6
69923,166,173,-7,7
69924,65,67,-2,2
69925,97,89,8,8
69926,170,158,12,12
69927,76,80,-4,4
69928,79,79,0,0
69929,84,92,-8,8
69930,36,36,0,0
69931,149,151,-2,2
69932,61,57,4,4
69933,109,111,-2,2
69934,160,145,15,15
69935,96,90,6,6
69936,139,144,-5,5
69937,59,60,-1,1
69938,52,44,8,8
69939,148,138,10,10
69940,90,70,20,20
69941,68,59,9,9
69942,60,64,-4,4
69943,110,112,-2,2
69944,80,97,-17,17
69945,37,41,-4,4
69946,75,87,-12,12
69947,62,70,-8,8
69948,66,66,0,0
69949,99,106,-7,7
69950,105,103,2,2
69951,165,153,12,12
69952,164,162,2,2
69953,93,95,-2,2
69954,58,75,-17,17
69955,93,91,2,2
69956,37,43,-6,6
69957,68,74,-6,6
69958,122,125,-3,3
69959,36,40,-4,4
69960,109,106,3,3
69961,111,105,6,6
69962,39,42,-3,3
69963,139,136,3,3
69964,109,113,-4,4
69965,169,169,0,0
69966,138,139,-1,1
69967,104,117,-13,13
69968,170,182,-12,12
69969,66,64,2,2
69970,154,153,1,1
69971,46,51,-5,5
69972,136,123,13,13
69973,81,81,0,0
69974,390,323,67,67
69975,88,84,4,4
69976,66,77,-11,11
69977,69,67,2,2
69978,48,57,-9,9
69979,136,125,11,11
69980,85,83,2,2
69981,73,69,4,4
69982,128,139,-11,11
69983,90,98,-8,8
69984,105,106,-1,1
69985,127,122,5,5
69986,102,102,0,0
69987,111,109,2,2
69988,110,95,15,15
69989,92,88,4,4
69990,66,103,-37,37
69991,103,100,3,3
69992,111,100,11,11
69993,120,119,1,1
69994,96,100,-4,4
69995,141,140,1,1
69996,89,106,-17,17
69997,66,65,1,1
69998,95,82,13,13
69999,83,91,-8,8
70000,62,60,2,2
70001,136,140,-4,4
70002,99,95,4,4
70003,78,66,12,12
70004,79,88,-9,9
70005,86,81,5,5
70006,70,73,-3,3
70007,128,129,-1,1
70008,100,76,24,24
70009,116,101,15,15
70010,165,183,-18,18
70011,125,123,2,2
70012,63,70,-7,7
70013,93,98,-5,5
70014,135,123,12,12
70015,61,63,-2,2
70016,55,72,-17,17
70017,95,88,7,7
70018,98,98,0,0
70019,54,55,-1,1
70020,85,89,-4,4
70021,96,83,13,13
70022,132,139,-7,7
70023,81,84,-3,3
70024,57,61,-4,4
70025,71,64,7,7
70026,92,92,0,0
70027,99,86,13,13
70028,87,84,3,3
70029,116,100,16,16
70030,46,50,-4,4
70031,29,30,-1,1
70032,163,174,-11,11
70033,110,101,9,9
70034,68,68,0,0
70035,62,61,1,1
70036,60,52,8,8
70037,91,97,-6,6
70038,35,38,-3,3
70039,61,70,-9,9
70040,101,87,14,14
70041,135,131,4,4
70042,169,173,-4,4
70043,122,113,9,9
70044,182,177,5,5
70045,86,90,-4,4
70046,121,114,7,7
70047,65,60,5,5
70048,84,87,-3,3
70049,98,91,7,7
70050,61,66,-5,5
70051,71,82,-11,11
70052,54,59,-5,5
70053,130,119,11,11
70054,47,53,-6,6
70055,78,74,4,4
70056,83,73,10,10
70057,119,106,13,13
70058,86,81,5,5
70059,92,92,0,0
70060,76,77,-1,1
70061,80,86,-6,6
70062,103,95,8,8
70063,113,108,5,5
70064,79,84,-5,5
70065,68,71,-3,3
70066,115,112,3,3
70067,62,70,-8,8
70068,107,115,-8,8
70069,115,107,8,8
70070,138,141,-3,3
70071,115,124,-9,9
70072,117,105,12,12
70073,92,141,-49,49
70074,122,114,8,8
70075,54,54,0,0
70076,76,78,-2,2
70077,96,92,4,4
70078,57,60,-3,3
70079,108,109,-1,1
70080,104,107,-3,3
70081,107,108,-1,1
70082,66,64,2,2
70083,57,66,-9,9
70084,72,69,3,3
70085,63,89,-26,26
70086,119,122,-3,3
70087,123,116,7,7
70088,86,86,0,0
70089,121,105,16,16
70090,72,64,8,8
70091,70,72,-2,2
70092,84,74,10,10
70093,72,80,-8,8
70094,61,58,3,3
70095,128,114,14,14
70096,90,92,-2,2
70097,138,152,-14,14
70098,80,81,-1,1
70099,134,105,29,29
70100,135,137,-2,2
70101,108,104,4,4
70102,114,104,10,10
70103,87,75,12,12
70104,29,46,-17,17
70105,84,83,1,1
70106,139,139,0,0
70107,126,118,8,8
70108,61,53,8,8
70109,22,27,-5,5
70110,61,74,-13,13
70111,74,85,-11,11
70112,120,112,8,8
70113,69,67,2,2
70114,61,68,-7,7
70115,88,92,-4,4
70116,102,105,-3,3
70117,107,107,0,0
70118,103,99,4,4
70119,89,92,-3,3
70120,134,136,-2,2
70121,52,65,-13,13
70122,63,90,-27,27
70123,116,108,8,8
70124,123,131,-8,8
70125,101,92,9,9
70126,58,62,-4,4
70127,95,97,-2,2
70128,66,63,3,3
70129,69,68,1,1
70130,107,99,8,8
70131,118,132,-14,14
70132,155,139,16,16
70133,75,78,-3,3
70134,103,96,7,7
70135,81,74,7,7
70136,94,92,2,2
70137,64,65,-1,1
70138,135,129,6,6
70139,116,134,-18,18
70140,213,189,24,24
70141,87,86,1,1
70142,109,127,-18,18
70143,149,149,0,0
70144,81,94,-13,13
70145,78,75,3,3
70146,62,56,6,6
70147,73,77,-4,4
70148,68,61,7,7
70149,103,82,21,21
70150,121,105,16,16
70151,165,150,15,15
70152,105,100,5,5
70153,71,67,4,4
70154,139,145,-6,6
70155,75,101,-26,26
70156,146,157,-11,11
70157,88,95,-7,7
70158,184,184,0,0
70159,122,111,11,11
70160,50,73,-23,23
70161,98,99,-1,1
70162,28,76,-48,48
70163,68,61,7,7
70164,34,39,-5,5
70165,88,78,10,10
70166,87,91,-4,4
70167,91,89,2,2
70168,97,94,3,3
70169,93,74,19,19
70170,46,44,2,2
70171,63,61,2,2
70172,54,63,-9,9
70173,68,72,-4,4
70174,100,115,-15,15
70175,51,52,-1,1
70176,92,93,-1,1
70177,111,111,0,0
70178,66,63,3,3
70179,60,68,-8,8
70180,66,63,3,3
70181,130,116,14,14
70182,125,112,13,13
70183,134,137,-3,3
70184,139,139,0,0
70185,105,108,-3,3
70186,70,70,0,0
70187,106,100,6,6
70188,146,131,15,15
70189,144,150,-6,6
70190,108,126,-18,18
70191,77,81,-4,4
70192,99,90,9,9
70193,79,78,1,1
70194,65,66,-1,1
70195,65,77,-12,12
70196,89,99,-10,10
70197,128,117,11,11
70198,95,118,-23,23
70199,131,145,-14,14
70200,48,45,3,3
70201,127,117,10,10
70202,102,106,-4,4
70203,127,125,2,2
70204,53,57,-4,4
70205,148,133,15,15
70206,173,161,12,12
70207,110,106,4,4
70208,61,60,1,1
70209,65,63,2,2
70210,83,78,5,5
70211,125,128,-3,3
70212,94,89,5,5
70213,82,79,3,3
70214,95,89,6,6
70215,48,52,-4,4
70216,112,109,3,3
70217,74,74,0,0
70218,114,105,9,9
70219,64,65,-1,1
70220,109,98,11,11
70221,163,153,10,10
70222,136,134,2,2
70223,218,200,18,18
70224,114,104,10,10
70225,152,148,4,4
70226,115,119,-4,4
70227,70,75,-5,5
70228,76,78,-2,2
70229,101,100,1,1
70230,122,114,8,8
70231,95,88,7,7
70232,112,145,-33,33
70233,114,113,1,1
70234,93,91,2,2
70235,56,68,-12,12
70236,110,125,-15,15
70237,97,99,-2,2
70238,86,98,-12,12
70239,87,84,3,3
70240,55,69,-14,14
70241,183,202,-19,19
70242,99,99,0,0
70243,102,100,2,2
70244,113,108,5,5
70245,95,92,3,3
70246,191,174,17,17
70247,82,84,-2,2
70248,55,54,1,1
70249,60,64,-4,4
70250,81,76,5,5
70251,87,86,1,1
70252,142,147,-5,5
70253,97,83,14,14
70254,116,100,16,16
70255,73,71,2,2
70256,87,93,-6,6
70257,102,95,7,7
70258,57,60,-3,3
70259,56,64,-8,8
70260,193,165,28,28
70261,99,100,-1,1
70262,61,65,-4,4
70263,90,88,2,2
70264,129,136,-7,7
70265,86,90,-4,4
70266,68,77,-9,9
70267,106,96,10,10
70268,101,113,-12,12
70269,139,132,7,7
70270,97,106,-9,9
70271,79,87,-8,8
70272,54,61,-7,7
70273,47,51,-4,4
70274,119,111,8,8
70275,93,88,5,5
70276,70,70,0,0
70277,109,108,1,1
70278,55,67,-12,12
70279,127,135,-8,8
70280,76,76,0,0
70281,35,41,-6,6
70282,66,64,2,2
70283,72,73,-1,1
70284,91,102,-11,11
70285,128,136,-8,8
70286,123,123,0,0
70287,129,126,3,3
70288,106,100,6,6
70289,84,90,-6,6
70290,99,89,10,10
70291,59,59,0,0
70292,54,61,-7,7
70293,120,117,3,3
70294,188,177,11,11
70295,83,80,3,3
70296,146,132,14,14
70297,69,68,1,1
70298,58,61,-3,3
70299,173,152,21,21
70300,131,122,9,9
70301,150,144,6,6
70302,115,111,4,4
70303,107,102,5,5
70304,131,137,-6,6
70305,101,99,2,2
70306,105,95,10,10
70307,104,103,1,1
70308,138,125,13,13
70309,62,60,2,2
70310,88,93,-5,5
70311,44,44,0,0
70312,116,119,-3,3
70313,84,82,2,2
70314,80,101,-21,21
70315,112,115,-3,3
70316,85,82,3,3
70317,82,73,9,9
70318,101,100,1,1
70319,123,128,-5,5
70320,137,131,6,6
70321,112,91,21,21
70322,72,78,-6,6
70323,100,93,7,7
70324,106,97,9,9
70325,64,55,9,9
70326,115,104,11,11
70327,44,48,-4,4
70328,112,107,5,5
70329,113,101,12,12
70330,203,187,16,16
70331,113,105,8,8
70332,154,153,1,1
70333,88,95,-7,7
70334,88,102,-14,14
70335,56,58,-2,2
70336,116,115,1,1
70337,104,102,2,2
70338,96,93,3,3
70339,99,96,3,3
70340,98,106,-8,8
70341,128,140,-12,12
70342,79,83,-4,4
70343,97,107,-10,10
70344,68,74,-6,6
70345,93,82,11,11
70346,99,98,1,1
70347,68,67,1,1
70348,83,77,6,6
70349,85,90,-5,5
70350,89,95,-6,6
70351,95,92,3,3
70352,133,129,4,4
70353,86,84,2,2
70354,94,92,2,2
70355,63,73,-10,10
70356,134,130,4,4
70357,79,81,-2,2
70358,55,51,4,4
70359,82,87,-5,5
70360,60,65,-5,5
70361,63,72,-9,9
70362,179,167,12,12
70363,127,124,3,3
70364,65,58,7,7
70365,101,100,1,1
70366,112,107,5,5
70367,66,69,-3,3
70368,104,101,3,3
70369,80,100,-20,20
70370,84,74,10,10
70371,57,60,-3,3
70372,55,53,2,2
70373,134,132,2,2
70374,125,118,7,7
70375,83,82,1,1
70376,66,64,2,2
70377,59,84,-25,25
70378,117,114,3,3
70379,103,124,-21,21
70380,101,92,9,9
70381,128,130,-2,2
70382,92,96,-4,4
70383,167,158,9,9
70384,79,78,1,1
70385,121,115,6,6
70386,85,77,8,8
70387,80,62,18,18
70388,26,32,-6,6
70389,52,54,-2,2
70390,58,69,-11,11
70391,137,134,3,3
70392,48,52,-4,4
70393,138,130,8,8
70394,81,66,15,15
70395,132,132,0,0
70396,111,111,0,0
70397,115,112,3,3
70398,129,127,2,2
70399,125,123,2,2
70400,138,167,-29,29
70401,51,54,-3,3
70402,131,144,-13,13
70403,164,174,-10,10
70404,107,91,16,16
70405,102,101,1,1
70406,66,66,0,0
70407,59,61,-2,2
70408,60,60,0,0
70409,145,141,4,4
70410,143,138,5,5
70411,121,120,1,1
70412,98,104,-6,6
70413,107,91,16,16
70414,69,66,3,3
70415,154,157,-3,3
70416,93,97,-4,4
70417,93,95,-2,2
70418,41,39,2,2
70419,103,107,-4,4
70420,81,80,1,1
70421,105,98,7,7
70422,60,53,7,7
70423,90,93,-3,3
70424,76,75,1,1
70425,98,99,-1,1
70426,70,66,4,4
70427,49,60,-11,11
70428,113,107,6,6
70429,45,61,-16,16
70430,109,102,7,7
70431,53,56,-3,3
70432,98,83,15,15
70433,70,65,5,5
70434,91,87,4,4
70435,126,117,9,9
70436,68,61,7,7
70437,54,74,-20,20
70438,99,92,7,7
70439,85,88,-3,3
70440,85,77,8,8
70441,93,95,-2,2
70442,69,65,4,4
70443,59,60,-1,1
70444,47,60,-13,13
70445,83,79,4,4
70446,103,111,-8,8
70447,93,82,11,11
70448,125,132,-7,7
70449,97,95,2,2
70450,103,110,-7,7
70451,79,77,2,2
70452,103,112,-9,9
70453,132,125,7,7
70454,165,171,-6,6
70455,132,130,2,2
70456,88,87,1,1
70457,92,88,4,4
70458,75,73,2,2
70459,108,99,9,9
70460,98,94,4,4
70461,133,152,-19,19
70462,75,71,4,4
70463,187,188,-1,1
70464,123,120,3,3
70465,63,77,-14,14
70466,92,103,-11,11
70467,117,116,1,1
70468,98,84,14,14
70469,247,232,15,15
70470,98,102,-4,4
70471,102,85,17,17
70472,66,70,-4,4
70473,62,61,1,1
70474,84,86,-2,2
70475,52,53,-1,1
70476,107,102,5,5
70477,155,144,11,11
70478,118,120,-2,2
70479,150,155,-5,5
70480,112,108,4,4
70481,106,106,0,0
70482,61,62,-1,1
70483,101,99,2,2
70484,80,71,9,9
70485,65,81,-16,16
70486,86,81,5,5
70487,74,70,4,4
70488,163,150,13,13
70489,100,110,-10,10
70490,44,50,-6,6
70491,86,71,15,15
70492,119,116,3,3
70493,80,74,6,6
70494,57,63,-6,6
70495,136,133,3,3
70496,113,117,-4,4
70497,75,73,2,2
70498,41,61,-20,20
70499,125,141,-16,16
70500,77,74,3,3
70501,97,88,9,9
70502,159,161,-2,2
70503,43,45,-2,2
70504,47,48,-1,1
70505,53,51,2,2
70506,141,129,12,12
70507,79,84,-5,5
70508,74,71,3,3
70509,117,118,-1,1
70510,39,45,-6,6
70511,74,76,-2,2
70512,131,135,-4,4
70513,95,94,1,1
70514,152,138,14,14
70515,80,82,-2,2
70516,125,107,18,18
70517,114,119,-5,5
70518,113,108,5,5
70519,58,71,-13,13
70520,98,90,8,8
70521,135,127,8,8
70522,88,98,-10,10
70523,147,147,0,0
70524,83,82,1,1
70525,145,144,1,1
70526,144,143,1,1
70527,142,134,8,8
70528,65,66,-1,1
70529,59,64,-5,5
70530,116,114,2,2
70531,51,56,-5,5
70532,48,51,-3,3
70533,113,118,-5,5
70534,87,63,24,24
70535,72,80,-8,8
70536,100,97,3,3
70537,66,65,1,1
70538,106,112,-6,6
70539,128,116,12,12
70540,71,66,5,5
70541,69,76,-7,7
70542,117,133,-16,16
70543,125,126,-1,1
70544,105,100,5,5
70545,43,61,-18,18
70546,154,160,-6,6
70547,77,78,-1,1
70548,104,105,-1,1
70549,112,108,4,4
70550,84,85,-1,1
70551,69,66,3,3
70552,135,124,11,11
70553,130,122,8,8
70554,117,124,-7,7
70555,47,56,-9,9
70556,114,120,-6,6
70557,100,104,-4,4
70558,129,137,-8,8
70559,59,62,-3,3
70560,159,154,5,5
70561,61,70,-9,9
70562,51,61,-10,10
70563,92,89,3,3
70564,73,78,-5,5
70565,98,80,18,18
70566,117,111,6,6
70567,100,107,-7,7
70568,54,70,-16,16
70569,76,71,5,5
70570,132,132,0,0
70571,178,138,40,40
70572,91,94,-3,3
70573,127,115,12,12
70574,75,69,6,6
70575,70,71,-1,1
70576,124,121,3,3
70577,125,129,-4,4
70578,80,82,-2,2
70579,59,61,-2,2
70580,82,87,-5,5
70581,130,131,-1,1
70582,82,90,-8,8
70583,93,84,9,9
70584,82,87,-5,5
70585,160,148,12,12
70586,83,78,5,5
70587,128,112,16,16
70588,123,113,10,10
70589,98,91,7,7
70590,104,93,11,11
70591,109,103,6,6
70592,48,46,2,2
70593,62,60,2,2
70594,63,63,0,0
70595,63,66,-3,3
70596,115,105,10,10
70597,94,86,8,8
70598,94,98,-4,4
70599,91,90,1,1
70600,141,146,-5,5
70601,162,156,6,6
70602,91,91,0,0
70603,88,92,-4,4
70604,117,128,-11,11
70605,52,54,-2,2
70606,57,62,-5,5
70607,106,90,16,16
70608,77,83,-6,6
70609,58,62,-4,4
70610,85,81,4,4
70611,110,103,7,7
70612,74,80,-6,6
70613,97,85,12,12
70614,58,60,-2,2
70615,92,96,-4,4
70616,97,95,2,2
70617,73,75,-2,2
70618,89,93,-4,4
70619,108,100,8,8
70620,129,122,7,7
70621,83,81,2,2
70622,97,92,5,5
70623,88,88,0,0
70624,88,83,5,5
70625,74,80,-6,6
70626,103,106,-3,3
70627,93,86,7,7
70628,39,45,-6,6
70629,168,157,11,11
70630,102,91,11,11
70631,77,81,-4,4
70632,209,216,-7,7
70633,88,83,5,5
70634,88,91,-3,3
70635,95,100,-5,5
70636,113,105,8,8
70637,109,112,-3,3
70638,93,97,-4,4
70639,167,156,11,11
70640,55,71,-16,16
70641,115,113,2,2
70642,101,102,-1,1
70643,52,61,-9,9
70644,155,158,-3,3
70645,47,52,-5,5
70646,123,128,-5,5
70647,71,69,2,2
70648,109,110,-1,1
70649,63,71,-8,8
70650,132,145,-13,13
70651,74,81,-7,7
70652,89,95,-6,6
70653,131,129,2,2
70654,71,73,-2,2
70655,100,86,14,14
70656,76,88,-12,12
70657,67,65,2,2
70658,121,117,4,4
70659,45,60,-15,15
70660,79,65,14,14
70661,145,144,1,1
70662,242,211,31,31
70663,64,69,-5,5
70664,146,138,8,8
70665,80,79,1,1
70666,135,137,-2,2
70667,94,88,6,6
70668,88,78,10,10
70669,119,121,-2,2
70670,129,124,5,5
70671,86,83,3,3
70672,60,56,4,4
70673,148,156,-8,8
70674,43,55,-12,12
70675,41,49,-8,8
70676,272,251,21,21
70677,116,104,12,12
70678,86,81,5,5
70679,69,72,-3,3
70680,51,52,-1,1
70681,80,79,1,1
70682,83,82,1,1
70683,108,105,3,3
70684,66,61,5,5
70685,178,183,-5,5
70686,138,141,-3,3
70687,124,109,15,15
70688,58,60,-2,2
70689,93,92,1,1
70690,135,128,7,7
70691,98,79,19,19
70692,91,83,8,8
70693,83,76,7,7
70694,192,186,6,6
70695,119,107,12,12
70696,44,55,-11,11
70697,83,87,-4,4
70698,75,78,-3,3
70699,216,211,5,5
70700,178,177,1,1
70701,81,80,1,1
70702,56,66,-10,10
70703,85,83,2,2
70704,87,86,1,1
70705,77,74,3,3
70706,73,76,-3,3
70707,122,122,0,0
70708,169,152,17,17
70709,155,143,12,12
70710,111,109,2,2
70711,37,44,-7,7
70712,116,119,-3,3
70713,107,106,1,1
70714,63,70,-7,7
70715,97,89,8,8
70716,108,93,15,15
70717,94,95,-1,1
70718,56,60,-4,4
70719,49,45,4,4
70720,87,91,-4,4
70721,110,110,0,0
70722,89,91,-2,2
70723,87,82,5,5
70724,127,130,-3,3
70725,82,82,0,0
70726,58,55,3,3
70727,69,71,-2,2
70728,66,60,6,6
70729,62,78,-16,16
70730,80,81,-1,1
70731,62,61,1,1
70732,46,45,1,1
70733,48,68,-20,20
70734,77,72,5,5
70735,99,113,-14,14
70736,98,97,1,1
70737,87,88,-1,1
70738,63,68,-5,5
70739,114,118,-4,4
70740,121,129,-8,8
70741,70,73,-3,3
70742,118,106,12,12
70743,116,113,3,3
70744,89,92,-3,3
70745,100,96,4,4
70746,249,261,-12,12
70747,202,184,18,18
70748,152,148,4,4
70749,140,134,6,6
70750,162,155,7,7
70751,90,86,4,4
70752,132,119,13,13
70753,79,67,12,12
70754,73,69,4,4
70755,115,103,12,12
70756,188,180,8,8
70757,72,73,-1,1
70758,112,115,-3,3
70759,131,119,12,12
70760,128,129,-1,1
70761,125,124,1,1
70762,133,127,6,6
70763,159,149,10,10
70764,96,92,4,4
70765,85,88,-3,3
70766,103,102,1,1
70767,74,69,5,5
70768,139,141,-2,2
70769,114,111,3,3
70770,35,40,-5,5
70771,56,62,-6,6
70772,85,91,-6,6
70773,111,97,14,14
70774,107,107,0,0
70775,138,141,-3,3
70776,79,73,6,6
70777,89,88,1,1
70778,97,92,5,5
70779,88,82,6,6
70780,77,76,1,1
70781,83,76,7,7
70782,138,140,-2,2
70783,109,107,2,2
70784,58,64,-6,6
70785,65,68,-3,3
70786,97,104,-7,7
70787,95,94,1,1
70788,93,89,4,4
70789,80,84,-4,4
70790,88,78,10,10
70791,104,109,-5,5
70792,72,76,-4,4
70793,75,73,2,2
70794,88,90,-2,2
70795,104,111,-7,7
70796,70,71,-1,1
70797,83,89,-6,6
70798,108,95,13,13
70799,84,76,8,8
70800,91,95,-4,4
70801,115,114,1,1
70802,80,86,-6,6
70803,122,127,-5,5
70804,116,117,-1,1
70805,119,113,6,6
70806,105,105,0,0
70807,80,85,-5,5
70808,63,81,-18,18
70809,108,117,-9,9
70810,73,69,4,4
70811,116,118,-2,2
70812,101,89,12,12
70813,78,78,0,0
70814,137,140,-3,3
70815,94,100,-6,6
70816,63,58,5,5
70817,122,136,-14,14
70818,145,137,8,8
70819,110,100,10,10
70820,86,82,4,4
70821,160,156,4,4
70822,149,141,8,8
70823,93,85,8,8
70824,77,69,8,8
70825,43,49,-6,6
70826,85,89,-4,4
70827,85,78,7,7
70828,71,67,4,4
70829,68,74,-6,6
70830,85,86,-1,1
70831,74,80,-6,6
70832,152,167,-15,15
70833,161,150,11,11
70834,130,137,-7,7
70835,83,78,5,5
70836,102,102,0,0
70837,96,106,-10,10
70838,111,113,-2,2
70839,41,47,-6,6
70840,54,60,-6,6
70841,119,115,4,4
70842,89,78,11,11
70843,105,93,12,12
70844,163,159,4,4
70845,102,96,6,6
70846,90,87,3,3
70847,52,62,-10,10
70848,61,60,1,1
70849,84,96,-12,12
70850,87,91,-4,4
70851,56,71,-15,15
70852,86,99,-13,13
70853,153,147,6,6
70854,130,117,13,13
70855,171,159,12,12
70856,81,83,-2,2
70857,76,70,6,6
70858,82,88,-6,6
70859,114,120,-6,6
70860,103,106,-3,3
70861,98,98,0,0
70862,130,129,1,1
70863,145,129,16,16
70864,66,80,-14,14
70865,136,112,24,24
70866,96,110,-14,14
70867,35,45,-10,10
70868,77,72,5,5
70869,108,101,7,7
70870,91,103,-12,12
70871,68,72,-4,4
70872,114,114,0,0
70873,38,41,-3,3
70874,123,103,20,20
70875,81,78,3,3
70876,96,88,8,8
70877,89,86,3,3
70878,129,145,-16,16
70879,93,90,3,3
70880,57,60,-3,3
70881,81,76,5,5
70882,137,127,10,10
70883,83,74,9,9
70884,97,96,1,1
70885,100,100,0,0
70886,83,85,-2,2
70887,94,86,8,8
70888,87,100,-13,13
70889,154,152,2,2
70890,126,110,16,16
70891,74,74,0,0
70892,87,91,-4,4
70893,62,73,-11,11
70894,61,59,2,2
70895,94,84,10,10
70896,91,83,8,8
70897,67,65,2,2
70898,87,83,4,4
70899,58,66,-8,8
70900,126,121,5,5
70901,102,96,6,6
70902,97,99,-2,2
70903,60,64,-4,4
70904,84,84,0,0
70905,168,132,36,36
70906,89,87,2,2
70907,60,62,-2,2
70908,99,100,-1,1
70909,119,109,10,10
70910,90,89,1,1
70911,150,153,-3,3
70912,95,94,1,1
70913,79,80,-1,1
70914,45,46,-1,1
70915,101,95,6,6
70916,123,117,6,6
70917,145,144,1,1
70918,56,59,-3,3
70919,83,81,2,2
70920,48,51,-3,3
70921,65,64,1,1
70922,102,108,-6,6
70923,75,73,2,2
70924,194,207,-13,13
70925,55,60,-5,5
70926,61,60,1,1
70927,97,91,6,6
70928,123,129,-6,6
70929,47,51,-4,4
70930,99,114,-15,15
70931,88,87,1,1
70932,65,63,2,2
70933,71,73,-2,2
70934,140,136,4,4
70935,113,109,4,4
70936,70,74,-4,4
70937,123,123,0,0
70938,113,97,16,16
70939,170,156,14,14
70940,101,109,-8,8
70941,113,104,9,9
70942,102,94,8,8
70943,74,78,-4,4
70944,73,77,-4,4
70945,90,96,-6,6
70946,62,61,1,1
70947,104,123,-19,19
70948,119,117,2,2
70949,71,64,7,7
70950,129,138,-9,9
70951,48,52,-4,4
70952,149,157,-8,8
70953,63,62,1,1
70954,115,113,2,2
70955,110,112,-2,2
70956,93,119,-26,26
70957,100,105,-5,5
70958,90,91,-1,1
70959,46,50,-4,4
70960,126,122,4,4
70961,99,95,4,4
70962,65,61,4,4
70963,77,72,5,5
70964,70,67,3,3
70965,82,91,-9,9
70966,91,90,1,1
70967,142,135,7,7
70968,73,68,5,5
70969,146,135,11,11
70970,106,103,3,3
70971,185,186,-1,1
70972,72,73,-1,1
70973,119,107,12,12
70974,56,60,-4,4
70975,110,101,9,9
70976,94,91,3,3
70977,79,89,-10,10
70978,50,48,2,2
70979,86,83,3,3
70980,73,73,0,0
70981,81,82,-1,1
70982,68,72,-4,4
70983,69,73,-4,4
70984,135,123,12,12
70985,162,138,24,24
70986,107,103,4,4
70987,74,80,-6,6
70988,61,64,-3,3
70989,101,86,15,15
70990,70,64,6,6
70991,101,122,-21,21
70992,61,62,-1,1
70993,103,101,2,2
70994,47,110,-63,63
70995,87,85,2,2
70996,73,73,0,0
70997,100,87,13,13
70998,97,84,13,13
70999,75,79,-4,4
71000,77,74,3,3
71001,59,59,0,0
71002,136,140,-4,4
71003,44,46,-2,2
71004,149,137,12,12
71005,85,88,-3,3
71006,132,133,-1,1
71007,54,60,-6,6
71008,98,91,7,7
71009,102,111,-9,9
71010,122,121,1,1
71011,70,64,6,6
71012,121,122,-1,1
71013,86,85,1,1
71014,99,98,1,1
71015,71,66,5,5
71016,113,108,5,5
71017,100,99,1,1
71018,61,60,1,1
71019,69,73,-4,4
71020,103,114,-11,11
71021,122,142,-20,20
71022,90,84,6,6
71023,113,101,12,12
71024,99,109,-10,10
71025,100,86,14,14
71026,77,82,-5,5
71027,84,77,7,7
71028,101,95,6,6
71029,86,86,0,0
71030,43,45,-2,2
71031,73,77,-4,4
71032,128,123,5,5
71033,81,71,10,10
71034,67,58,9,9
71035,137,134,3,3
71036,77,73,4,4
71037,52,59,-7,7
71038,103,113,-10,10
71039,107,105,2,2
71040,101,95,6,6
71041,80,79,1,1
71042,114,113,1,1
71043,112,120,-8,8
71044,118,100,18,18
71045,110,110,0,0
71046,88,81,7,7
71047,63,89,-26,26
71048,125,114,11,11
71049,126,111,15,15
71050,68,80,-12,12
71051,59,63,-4,4
71052,69,73,-4,4
71053,90,80,10,10
71054,108,111,-3,3
71055,80,81,-1,1
71056,63,62,1,1
71057,52,51,1,1
71058,72,78,-6,6
71059,76,80,-4,4
71060,92,88,4,4
71061,133,160,-27,27
71062,65,71,-6,6
71063,69,69,0,0
71064,121,109,12,12
71065,92,86,6,6
71066,67,72,-5,5
71067,134,130,4,4
71068,81,74,7,7
71069,68,78,-10,10
71070,67,69,-2,2
71071,52,54,-2,2
71072,107,106,1,1
71073,120,116,4,4
71074,133,133,0,0
71075,150,132,18,18
71076,124,139,-15,15
71077,86,86,0,0
71078,29,35,-6,6
71079,170,156,14,14
71080,88,86,2,2
71081,158,149,9,9
71082,58,59,-1,1
71083,129,124,5,5
71084,94,92,2,2
71085,116,115,1,1
71086,159,155,4,4
71087,86,79,7,7
71088,174,178,-4,4
71089,104,96,8,8
71090,90,82,8,8
71091,101,96,5,5
71092,107,110,-3,3
71093,133,119,14,14
71094,70,66,4,4
71095,100,100,0,0
71096,174,174,0,0
71097,41,46,-5,5
71098,85,85,0,0
71099,76,75,1,1
71100,73,78,-5,5
71101,131,127,4,4
71102,83,83,0,0
71103,88,93,-5,5
71104,128,128,0,0
71105,86,87,-1,1
71106,163,161,2,2
71107,104,104,0,0
71108,50,50,0,0
71109,114,95,19,19
71110,108,111,-3,3
71111,72,73,-1,1
71112,63,63,0,0
71113,51,51,0,0
71114,94,92,2,2
71115,76,69,7,7
71116,39,43,-4,4
71117,100,98,2,2
71118,64,66,-2,2
71119,87,85,2,2
71120,112,106,6,6
71121,105,106,-1,1
71122,84,88,-4,4
71123,135,128,7,7
71124,66,60,6,6
71125,164,159,5,5
71126,53,58,-5,5
71127,131,118,13,13
71128,97,93,4,4
71129,44,59,-15,15
71130,85,88,-3,3
71131,58,53,5,5
71132,105,116,-11,11
71133,51,51,0,0
71134,67,66,1,1
71135,82,94,-12,12
71136,100,92,8,8
71137,154,140,14,14
71138,89,95,-6,6
71139,88,82,6,6
71140,104,84,20,20
71141,82,73,9,9
71142,97,94,3,3
71143,87,106,-19,19
71144,71,60,11,11
71145,87,93,-6,6
71146,71,72,-1,1
71147,168,161,7,7
71148,124,115,9,9
71149,75,65,10,10
71150,137,111,26,26
71151,131,125,6,6
71152,161,167,-6,6
71153,80,77,3,3
71154,109,106,3,3
71155,65,63,2,2
71156,152,155,-3,3
71157,120,113,7,7
71158,116,114,2,2
71159,82,100,-18,18
71160,214,200,14,14
71161,75,73,2,2
71162,95,84,11,11
71163,120,111,9,9
71164,126,126,0,0
71165,112,106,6,6
71166,115,126,-11,11
71167,94,89,5,5
71168,84,86,-2,2
71169,99,100,-1,1
71170,69,66,3,3
71171,62,59,3,3
71172,106,106,0,0
71173,110,101,9,9
71174,78,80,-2,2
71175,161,192,-31,31
71176,140,106,34,34
71177,83,98,-15,15
71178,110,99,11,11
71179,50,52,-2,2
71180,160,150,10,10
71181,93,85,8,8
71182,161,161,0,0
71183,37,44,-7,7
71184,58,51,7,7
71185,109,123,-14,14
71186,99,102,-3,3
71187,124,149,-25,25
71188,65,65,0,0
71189,113,108,5,5
71190,114,125,-11,11
71191,127,120,7,7
71192,99,90,9,9
71193,83,80,3,3
71194,74,78,-4,4
71195,112,118,-6,6
71196,76,73,3,3
71197,86,80,6,6
71198,59,68,-9,9
71199,185,163,22,22
71200,113,90,23,23
71201,90,89,1,1
71202,60,63,-3,3
71203,136,118,18,18
71204,94,94,0,0
71205,100,93,7,7
71206,93,89,4,4
71207,80,80,0,0
71208,138,127,11,11
71209,123,119,4,4
71210,84,83,1,1
71211,96,101,-5,5
71212,123,120,3,3
71213,46,87,-41,41
71214,54,52,2,2
71215,135,135,0,0
71216,135,120,15,15
71217,79,83,-4,4
71218,127,119,8,8
71219,75,77,-2,2
71220,43,64,-21,21
71221,107,90,17,17
71222,86,80,6,6
71223,114,124,-10,10
71224,56,52,4,4
71225,80,78,2,2
71226,86,83,3,3
71227,62,55,7,7
71228,78,68,10,10
71229,158,161,-3,3
71230,96,115,-19,19
71231,88,85,3,3
71232,62,59,3,3
71233,116,105,11,11
71234,103,108,-5,5
71235,108,121,-13,13
71236,96,96,0,0
71237,65,67,-2,2
71238,64,71,-7,7
71239,136,128,8,8
71240,92,95,-3,3
71241,66,61,5,5
71242,106,107,-1,1
71243,168,154,14,14
71244,91,90,1,1
71245,90,97,-7,7
71246,83,79,4,4
71247,198,190,8,8
71248,98,100,-2,2
71249,116,97,19,19
71250,77,81,-4,4
71251,95,89,6,6
71252,113,113,0,0
71253,102,97,5,5
71254,54,53,1,1
71255,138,145,-7,7
71256,76,75,1,1
71257,58,54,4,4
71258,74,71,3,3
71259,93,94,-1,1
71260,56,76,-20,20
71261,139,144,-5,5
71262,169,169,0,0
71263,131,131,0,0
71264,64,47,17,17
71265,89,96,-7,7
71266,111,102,9,9
71267,149,143,6,6
71268,86,82,4,4
71269,67,85,-18,18
71270,54,54,0,0
71271,47,54,-7,7
71272,43,46,-3,3
71273,90,91,-1,1
71274,139,131,8,8
71275,62,64,-2,2
71276,67,75,-8,8
71277,75,80,-5,5
71278,87,83,4,4
71279,82,82,0,0
71280,41,50,-9,9
71281,86,89,-3,3
71282,151,142,9,9
71283,87,83,4,4
71284,107,108,-1,1
71285,67,67,0,0
71286,90,100,-10,10
71287,133,127,6,6
71288,42,44,-2,2
71289,124,114,10,10
71290,66,65,1,1
71291,74,75,-1,1
71292,54,53,1,1
71293,123,118,5,5
71294,137,138,-1,1
71295,67,62,5,5
71296,113,117,-4,4
71297,103,92,11,11
71298,161,148,13,13
71299,114,108,6,6
71300,112,126,-14,14
71301,103,105,-2,2
71302,112,111,1,1
71303,123,127,-4,4
71304,65,68,-3,3
71305,97,91,6,6
71306,68,60,8,8
71307,69,71,-2,2
71308,69,61,8,8
71309,143,134,9,9
71310,107,106,1,1
71311,59,80,-21,21
71312,125,118,7,7
71313,57,63,-6,6
71314,108,112,-4,4
71315,86,89,-3,3
71316,98,95,3,3
71317,82,79,3,3
71318,87,120,-33,33
71319,65,67,-2,2
71320,96,86,10,10
71321,60,52,8,8
71322,77,75,2,2
71323,81,76,5,5
71324,147,146,1,1
71325,75,64,11,11
71326,75,70,5,5
71327,85,93,-8,8
71328,94,93,1,1
71329,158,160,-2,2
71330,103,83,20,20
71331,125,114,11,11
71332,119,146,-27,27
71333,109,104,5,5
71334,64,61,3,3
71335,74,76,-2,2
71336,33,37,-4,4
71337,104,102,2,2
71338,73,77,-4,4
71339,148,125,23,23
71340,57,64,-7,7
71341,62,60,2,2
71342,143,138,5,5
71343,96,113,-17,17
71344,61,66,-5,5
71345,126,125,1,1
71346,66,82,-16,16
71347,97,99,-2,2
71348,58,62,-4,4
71349,85,86,-1,1
71350,207,186,21,21
71351,114,107,7,7
71352,105,105,0,0
71353,92,93,-1,1
71354,80,79,1,1
71355,97,92,5,5
71356,93,95,-2,2
71357,55,54,1,1
71358,89,83,6,6
71359,116,112,4,4
71360,98,100,-2,2
71361,79,72,7,7
71362,127,129,-2,2
71363,112,105,7,7
71364,131,114,17,17
71365,92,94,-2,2
71366,81,78,3,3
71367,236,220,16,16
71368,110,122,-12,12
71369,66,75,-9,9
71370,100,107,-7,7
71371,98,99,-1,1
71372,118,108,10,10
71373,91,97,-6,6
71374,162,146,16,16
71375,77,74,3,3
71376,67,67,0,0
71377,131,128,3,3
71378,103,104,-1,1
71379,57,61,-4,4
71380,93,83,10,10
71381,72,78,-6,6
71382,67,59,8,8
71383,49,61,-12,12
71384,72,69,3,3
71385,56,51,5,5
71386,154,173,-19,19
71387,72,82,-10,10
71388,44,56,-12,12
71389,97,97,0,0
71390,173,143,30,30
71391,151,146,5,5
71392,92,82,10,10
71393,41,55,-14,14
71394,101,109,-8,8
71395,151,134,17,17
71396,112,100,12,12
71397,82,83,-1,1
71398,147,139,8,8
71399,104,86,18,18
71400,156,143,13,13
71401,69,69,0,0
71402,88,91,-3,3
71403,49,55,-6,6
71404,72,72,0,0
71405,87,87,0,0
71406,83,78,5,5
71407,78,69,9,9
71408,109,108,1,1
71409,118,127,-9,9
71410,146,191,-45,45
71411,95,87,8,8
71412,139,133,6,6
71413,112,119,-7,7
71414,74,78,-4,4
71415,101,105,-4,4
71416,69,66,3,3
71417,60,59,1,1
71418,52,52,0,0
71419,70,73,-3,3
71420,52,51,1,1
71421,93,97,-4,4
71422,75,79,-4,4
71423,50,64,-14,14
71424,64,68,-4,4
71425,167,147,20,20
71426,59,61,-2,2
71427,117,119,-2,2
71428,97,97,0,0
71429,93,98,-5,5
71430,70,74,-4,4
71431,91,84,7,7
71432,52,53,-1,1
71433,97,104,-7,7
71434,66,50,16,16
71435,91,90,1,1
71436,72,109,-37,37
71437,113,107,6,6
71438,91,88,3,3
71439,50,62,-12,12
71440,85,97,-12,12
71441,167,161,6,6
71442,78,80,-2,2
71443,149,143,6,6
71444,102,94,8,8
71445,116,115,1,1
71446,69,78,-9,9
71447,63,62,1,1
71448,108,116,-8,8
71449,81,77,4,4
71450,82,78,4,4
71451,113,110,3,3
71452,83,84,-1,1
71453,97,87,10,10
71454,78,94,-16,16
71455,102,102,0,0
71456,109,113,-4,4
71457,64,72,-8,8
71458,98,98,0,0
71459,156,136,20,20
71460,126,124,2,2
71461,90,89,1,1
71462,122,119,3,3
71463,67,73,-6,6
71464,60,61,-1,1
71465,60,66,-6,6
71466,73,70,3,3
71467,135,140,-5,5
71468,116,112,4,4
71469,92,88,4,4
71470,116,114,2,2
71471,76,71,5,5
71472,137,135,2,2
71473,38,47,-9,9
71474,212,195,17,17
71475,115,110,5,5
71476,170,164,6,6
71477,140,159,-19,19
71478,194,165,29,29
71479,119,117,2,2
71480,46,52,-6,6
71481,67,63,4,4
71482,114,109,5,5
71483,107,123,-16,16
71484,83,96,-13,13
71485,103,97,6,6
71486,75,82,-7,7
71487,117,153,-36,36
71488,59,56,3,3
71489,68,93,-25,25
71490,117,120,-3,3
71491,142,128,14,14
71492,50,45,5,5
71493,72,72,0,0
71494,114,128,-14,14
71495,161,159,2,2
71496,104,99,5,5
71497,241,227,14,14
71498,72,71,1,1
71499,89,95,-6,6
71500,76,80,-4,4
71501,97,96,1,1
71502,93,86,7,7
71503,73,65,8,8
71504,67,53,14,14
71505,89,86,3,3
71506,91,93,-2,2
71507,112,114,-2,2
71508,156,160,-4,4
71509,59,63,-4,4
71510,71,77,-6,6
71511,35,41,-6,6
71512,60,59,1,1
71513,151,158,-7,7
71514,83,86,-3,3
71515,114,118,-4,4
71516,66,61,5,5
71517,68,73,-5,5
71518,128,123,5,5
71519,168,143,25,25
71520,84,83,1,1
71521,87,86,1,1
71522,94,92,2,2
71523,44,52,-8,8
71524,93,98,-5,5
71525,135,126,9,9
71526,80,75,5,5
71527,105,93,12,12
71528,86,90,-4,4
71529,115,113,2,2
71530,183,172,11,11
71531,120,113,7,7
71532,25,37,-12,12
71533,53,55,-2,2
71534,131,115,16,16
71535,164,156,8,8
71536,74,74,0,0
71537,125,118,7,7
71538,91,99,-8,8
71539,106,92,14,14
71540,95,91,4,4
71541,75,68,7,7
71542,114,106,8,8
71543,70,62,8,8
71544,89,84,5,5
71545,37,38,-1,1
71546,90,85,5,5
71547,60,64,-4,4
71548,106,108,-2,2
71549,59,65,-6,6
71550,114,122,-8,8
71551,69,65,4,4
71552,96,98,-2,2
71553,90,87,3,3
71554,132,141,-9,9
71555,117,119,-2,2
71556,78,82,-4,4
71557,63,70,-7,7
71558,96,104,-8,8
71559,132,107,25,25
71560,83,81,2,2
71561,114,108,6,6
71562,109,105,4,4
71563,97,89,8,8
71564,81,84,-3,3
71565,95,92,3,3
71566,82,83,-1,1
71567,127,131,-4,4
71568,108,109,-1,1
71569,91,108,-17,17
71570,87,83,4,4
71571,92,85,7,7
71572,165,157,8,8
71573,85,83,2,2
71574,50,58,-8,8
71575,62,59,3,3
71576,97,97,0,0
71577,87,90,-3,3
71578,66,61,5,5
71579,76,75,1,1
71580,75,79,-4,4
71581,172,167,5,5
71582,45,52,-7,7
71583,86,91,-5,5
71584,73,82,-9,9
71585,189,170,19,19
71586,65,69,-4,4
71587,76,76,0,0
71588,95,95,0,0
71589,95,89,6,6
71590,87,85,2,2
71591,108,109,-1,1
71592,91,82,9,9
71593,69,75,-6,6
71594,141,148,-7,7
71595,75,76,-1,1
71596,82,86,-4,4
71597,55,53,2,2
71598,55,66,-11,11
71599,121,118,3,3
71600,55,50,5,5
71601,131,119,12,12
71602,111,102,9,9
71603,52,61,-9,9
71604,141,133,8,8
71605,82,88,-6,6
71606,49,52,-3,3
71607,67,79,-12,12
71608,65,64,1,1
71609,116,116,0,0
71610,112,114,-2,2
71611,117,112,5,5
71612,137,134,3,3
71613,95,101,-6,6
71614,59,63,-4,4
71615,84,93,-9,9
71616,89,79,10,10
71617,137,138,-1,1
71618,194,164,30,30
71619,144,129,15,15
71620,106,93,13,13
71621,122,109,13,13
71622,67,76,-9,9
71623,104,106,-2,2
71624,114,113,1,1
71625,84,92,-8,8
71626,49,62,-13,13
71627,232,195,37,37
71628,79,75,4,4
71629,101,105,-4,4
71630,105,101,4,4
71631,104,104,0,0
71632,221,192,29,29
71633,124,110,14,14
71634,154,146,8,8
71635,110,104,6,6
71636,75,76,-1,1
71637,175,166,9,9
71638,162,166,-4,4
71639,169,152,17,17
71640,82,95,-13,13
71641,69,67,2,2
71642,63,62,1,1
71643,101,107,-6,6
71644,59,58,1,1
71645,123,124,-1,1
71646,105,108,-3,3
71647,99,87,12,12
71648,58,64,-6,6
71649,103,97,6,6
71650,77,84,-7,7
71651,64,59,5,5
71652,49,46,3,3
71653,96,92,4,4
71654,78,76,2,2
71655,124,133,-9,9
71656,66,89,-23,23
71657,163,153,10,10
71658,140,150,-10,10
71659,77,79,-2,2
71660,55,65,-10,10
71661,64,60,4,4
71662,73,76,-3,3
71663,86,87,-1,1
71664,87,85,2,2
71665,80,81,-1,1
71666,74,79,-5,5
71667,69,61,8,8
71668,118,118,0,0
71669,74,78,-4,4
71670,162,159,3,3
71671,63,71,-8,8
71672,88,85,3,3
71673,105,103,2,2
71674,70,59,11,11
71675,86,91,-5,5
71676,82,82,0,0
71677,181,183,-2,2
71678,60,61,-1,1
71679,139,137,2,2
71680,45,39,6,6
71681,84,85,-1,1
71682,87,82,5,5
71683,94,85,9,9
71684,94,91,3,3
71685,102,125,-23,23
71686,82,83,-1,1
71687,102,90,12,12
71688,51,51,0,0
71689,91,90,1,1
71690,92,90,2,2
71691,119,117,2,2
71692,98,100,-2,2
71693,92,85,7,7
71694,144,138,6,6
71695,117,120,-3,3
71696,61,56,5,5
71697,55,47,8,8
71698,89,80,9,9
71699,83,82,1,1
71700,122,111,11,11
71701,101,104,-3,3
71702,71,73,-2,2
71703,183,183,0,0
71704,79,82,-3,3
71705,68,80,-12,12
71706,124,122,2,2
71707,96,92,4,4
71708,82,77,5,5
71709,99,105,-6,6
71710,145,125,20,20
71711,143,141,2,2
71712,131,136,-5,5
71713,83,81,2,2
71714,118,132,-14,14
71715,65,71,-6,6
71716,52,60,-8,8
71717,78,73,5,5
71718,76,75,1,1
71719,142,130,12,12
71720,90,85,5,5
71721,64,68,-4,4
71722,70,68,2,2
71723,81,89,-8,8
71724,155,152,3,3
71725,94,108,-14,14
71726,64,61,3,3
71727,83,80,3,3
71728,112,106,6,6
71729,112,96,16,16
71730,132,129,3,3
71731,84,76,8,8
71732,63,66,-3,3
71733,78,84,-6,6
71734,143,136,7,7
71735,71,71,0,0
71736,94,92,2,2
71737,75,74,1,1
71738,54,64,-10,10
71739,81,71,10,10
71740,72,80,-8,8
71741,95,89,6,6
71742,136,127,9,9
71743,89,82,7,7
71744,66,73,-7,7
71745,95,90,5,5
71746,85,84,1,1
71747,114,112,2,2
71748,70,69,1,1
71749,70,80,-10,10
71750,115,120,-5,5
71751,139,137,2,2
71752,104,99,5,5
71753,65,64,1,1
71754,145,135,10,10
71755,108,104,4,4
71756,81,84,-3,3
71757,85,72,13,13
71758,59,66,-7,7
71759,146,158,-12,12
71760,89,102,-13,13
71761,94,92,2,2
71762,82,80,2,2
71763,58,61,-3,3
71764,78,77,1,1
71765,92,82,10,10
71766,65,64,1,1
71767,100,95,5,5
71768,126,119,7,7
71769,115,108,7,7
71770,64,62,2,2
71771,67,72,-5,5
71772,114,106,8,8
71773,73,72,1,1
71774,86,82,4,4
71775,92,84,8,8
71776,393,368,25,25
71777,121,137,-16,16
71778,77,81,-4,4
71779,106,92,14,14
71780,81,80,1,1
71781,99,83,16,16
71782,150,150,0,0
71783,98,100,-2,2
71784,107,112,-5,5
71785,59,52,7,7
71786,53,45,8,8
71787,99,94,5,5
71788,138,136,2,2
71789,58,62,-4,4
71790,85,81,4,4
71791,129,125,4,4
71792,60,61,-1,1
71793,67,64,3,3
71794,107,98,9,9
71795,42,46,-4,4
71796,73,73,0,0
71797,81,90,-9,9
71798,154,132,22,22
71799,84,78,6,6
71800,67,72,-5,5
71801,62,59,3,3
71802,93,87,6,6
71803,119,115,4,4
71804,112,106,6,6
71805,146,142,4,4
71806,45,45,0,0
71807,127,120,7,7
71808,87,86,1,1
71809,122,116,6,6
71810,83,79,4,4
71811,116,113,3,3
71812,95,100,-5,5
71813,101,105,-4,4
71814,132,128,4,4
71815,116,109,7,7
71816,79,70,9,9
71817,94,90,4,4
71818,131,121,10,10
71819,61,60,1,1
71820,66,64,2,2
71821,78,82,-4,4
71822,145,150,-5,5
71823,166,162,4,4
71824,88,79,9,9
71825,99,92,7,7
71826,85,90,-5,5
71827,62,62,0,0
71828,85,87,-2,2
71829,103,102,1,1
71830,123,149,-26,26
71831,43,53,-10,10
71832,89,94,-5,5
71833,61,65,-4,4
71834,65,66,-1,1
71835,81,78,3,3
71836,77,74,3,3
71837,118,116,2,2
71838,53,50,3,3
71839,90,81,9,9
71840,101,116,-15,15
71841,88,87,1,1
71842,136,136,0,0
71843,142,133,9,9
71844,79,72,7,7
71845,124,124,0,0
71846,69,68,1,1
71847,55,57,-2,2
71848,84,87,-3,3
71849,34,40,-6,6
71850,86,79,7,7
71851,67,67,0,0
71852,234,215,19,19
71853,175,173,2,2
71854,50,47,3,3
71855,75,67,8,8
71856,61,63,-2,2
71857,103,97,6,6
71858,59,58,1,1
71859,83,93,-10,10
71860,50,48,2,2
71861,89,88,1,1
71862,65,73,-8,8
71863,140,123,17,17
71864,158,155,3,3
71865,113,120,-7,7
71866,118,122,-4,4
71867,172,155,17,17
71868,119,121,-2,2
71869,106,104,2,2
71870,146,147,-1,1
71871,72,75,-3,3
71872,84,80,4,4
71873,78,83,-5,5
71874,58,54,4,4
71875,85,76,9,9
71876,137,129,8,8
71877,86,115,-29,29
71878,78,71,7,7
71879,88,91,-3,3
71880,108,100,8,8
71881,104,95,9,9
71882,77,90,-13,13
71883,101,103,-2,2
71884,109,106,3,3
71885,84,78,6,6
71886,70,65,5,5
71887,134,139,-5,5
71888,51,48,3,3
71889,128,129,-1,1
71890,103,115,-12,12
71891,76,79,-3,3
71892,101,111,-10,10
71893,92,94,-2,2
71894,72,74,-2,2
71895,68,70,-2,2
71896,84,87,-3,3
71897,88,90,-2,2
71898,119,125,-6,6
71899,56,49,7,7
71900,31,37,-6,6
71901,91,93,-2,2
71902,163,159,4,4
71903,124,112,12,12
71904,71,67,4,4
71905,101,92,9,9
71906,112,144,-32,32
71907,103,102,1,1
71908,74,70,4,4
71909,57,61,-4,4
71910,137,138,-1,1
71911,124,111,13,13
71912,77,89,-12,12
71913,83,82,1,1
71914,66,77,-11,11
71915,110,98,12,12
71916,65,69,-4,4
71917,98,105,-7,7
71918,87,83,4,4
71919,90,82,8,8
71920,140,140,0,0
71921,116,113,3,3
71922,128,119,9,9
71923,73,69,4,4
71924,155,180,-25,25
71925,96,102,-6,6
71926,115,118,-3,3
71927,63,63,0,0
71928,57,52,5,5
71929,113,120,-7,7
71930,104,95,9,9
71931,53,63,-10,10
71932,62,61,1,1
71933,53,56,-3,3
71934,71,66,5,5
71935,76,75,1,1
71936,117,111,6,6
71937,57,62,-5,5
71938,79,68,11,11
71939,69,80,-11,11
71940,78,75,3,3
71941,40,61,-21,21
71942,58,72,-14,14
71943,105,97,8,8
71944,87,100,-13,13
71945,118,103,15,15
71946,101,115,-14,14
71947,32,38,-6,6
71948,75,79,-4,4
71949,112,109,3,3
71950,112,99,13,13
71951,124,132,-8,8
71952,68,66,2,2
71953,72,69,3,3
71954,52,49,3,3
71955,84,80,4,4
71956,78,72,6,6
71957,106,86,20,20
71958,126,126,0,0
71959,103,104,-1,1
71960,110,90,20,20
71961,91,80,11,11
71962,149,137,12,12
71963,55,54,1,1
71964,113,108,5,5
71965,72,69,3,3
71966,79,82,-3,3
71967,125,124,1,1
71968,126,120,6,6
71969,156,160,-4,4
71970,69,68,1,1
71971,59,49,10,10
71972,92,110,-18,18
71973,65,67,-2,2
71974,94,95,-1,1
71975,76,86,-10,10
71976,145,142,3,3
71977,141,138,3,3
71978,71,72,-1,1
71979,91,90,1,1
71980,56,64,-8,8
71981,107,113,-6,6
71982,73,67,6,6
71983,120,136,-16,16
71984,109,72,37,37
71985,125,121,4,4
71986,80,76,4,4
71987,55,54,1,1
71988,92,94,-2,2
71989,125,118,7,7
71990,74,72,2,2
71991,65,76,-11,11
71992,85,85,0,0
71993,41,42,-1,1
71994,73,83,-10,10
71995,133,103,30,30
71996,48,47,1,1
71997,81,78,3,3
71998,109,121,-12,12
71999,98,96,2,2
72000,123,122,1,1
72001,103,106,-3,3
72002,79,78,1,1
72003,60,65,-5,5
72004,93,93,0,0
72005,162,134,28,28
72006,121,113,8,8
72007,113,123,-10,10
72008,64,67,-3,3
72009,61,69,-8,8
72010,110,106,4,4
72011,106,100,6,6
72012,111,105,6,6
72013,72,83,-11,11
72014,50,47,3,3
72015,58,48,10,10
72016,112,119,-7,7
72017,86,99,-13,13
72018,77,72,5,5
72019,116,114,2,2
72020,77,80,-3,3
72021,156,141,15,15
72022,94,99,-5,5
72023,152,140,12,12
72024,153,150,3,3
72025,91,90,1,1
72026,114,108,6,6
72027,54,56,-2,2
72028,68,65,3,3
72029,108,128,-20,20
72030,144,140,4,4
72031,122,111,11,11
72032,94,98,-4,4
72033,100,91,9,9
72034,63,69,-6,6
72035,109,101,8,8
72036,92,80,12,12
72037,104,97,7,7
72038,80,71,9,9
72039,83,79,4,4
72040,115,115,0,0
72041,149,154,-5,5
72042,111,116,-5,5
72043,64,72,-8,8
72044,117,105,12,12
72045,68,69,-1,1
72046,98,93,5,5
72047,58,60,-2,2
72048,109,97,12,12
72049,84,75,9,9
72050,59,66,-7,7
72051,122,109,13,13
72052,67,72,-5,5
72053,74,63,11,11
72054,65,65,0,0
72055,95,88,7,7
72056,90,90,0,0
72057,71,70,1,1
72058,46,44,2,2
72059,37,63,-26,26
72060,128,119,9,9
72061,110,108,2,2
72062,98,103,-5,5
72063,55,51,4,4
72064,118,106,12,12
72065,28,34,-6,6
72066,164,159,5,5
72067,97,101,-4,4
72068,149,136,13,13
72069,100,92,8,8
72070,102,111,-9,9
72071,99,95,4,4
72072,170,151,19,19
72073,124,129,-5,5
72074,109,125,-16,16
72075,146,138,8,8
72076,170,172,-2,2
72077,85,63,22,22
72078,106,100,6,6
72079,96,96,0,0
72080,105,104,1,1
72081,116,107,9,9
72082,61,62,-1,1
72083,114,110,4,4
72084,105,106,-1,1
72085,163,172,-9,9
72086,50,52,-2,2
72087,141,123,18,18
72088,79,86,-7,7
72089,129,121,8,8
72090,82,78,4,4
72091,61,63,-2,2
72092,69,71,-2,2
72093,62,74,-12,12
72094,93,90,3,3
72095,92,98,-6,6
72096,91,105,-14,14
72097,45,46,-1,1
72098,167,158,9,9
72099,71,69,2,2
72100,43,57,-14,14
72101,122,124,-2,2
72102,73,63,10,10
72103,99,92,7,7
72104,82,78,4,4
72105,119,109,10,10
72106,135,123,12,12
72107,46,44,2,2
72108,102,92,10,10
72109,66,65,1,1
72110,159,161,-2,2
72111,93,88,5,5
72112,93,84,9,9
72113,71,65,6,6
72114,106,85,21,21
72115,99,93,6,6
72116,145,158,-13,13
72117,102,112,-10,10
72118,146,140,6,6
72119,129,124,5,5
72120,105,116,-11,11
72121,119,109,10,10
72122,49,50,-1,1
72123,114,108,6,6
72124,137,138,-1,1
72125,84,83,1,1
72126,63,62,1,1
72127,120,112,8,8
72128,63,60,3,3
72129,153,140,13,13
72130,73,82,-9,9
72131,110,101,9,9
72132,178,172,6,6
72133,73,100,-27,27
72134,80,73,7,7
72135,98,95,3,3
72136,122,122,0,0
72137,122,121,1,1
72138,95,96,-1,1
72139,100,104,-4,4
72140,107,111,-4,4
72141,86,73,13,13
72142,62,59,3,3
72143,77,78,-1,1
72144,49,53,-4,4
72145,68,72,-4,4
72146,25,35,-10,10
72147,83,77,6,6
72148,54,46,8,8
72149,122,121,1,1
72150,115,118,-3,3
72151,92,83,9,9
72152,120,130,-10,10
72153,161,150,11,11
72154,100,91,9,9
72155,127,128,-1,1
72156,56,62,-6,6
72157,120,116,4,4
72158,319,292,27,27
72159,161,149,12,12
72160,120,111,9,9
72161,119,104,15,15
72162,119,104,15,15
72163,155,136,19,19
72164,90,92,-2,2
72165,43,50,-7,7
72166,67,60,7,7
72167,75,65,10,10
72168,86,82,4,4
72169,107,100,7,7
72170,109,107,2,2
72171,105,113,-8,8
72172,120,126,-6,6
72173,57,56,1,1
72174,81,82,-1,1
72175,114,110,4,4
72176,101,94,7,7
72177,104,93,11,11
72178,105,97,8,8
72179,93,94,-1,1
72180,117,113,4,4
72181,93,86,7,7
72182,60,60,0,0
72183,81,63,18,18
72184,96,95,1,1
72185,99,103,-4,4
72186,88,81,7,7
72187,113,113,0,0
72188,91,96,-5,5
72189,142,133,9,9
72190,95,97,-2,2
72191,79,82,-3,3
72192,80,95,-15,15
72193,54,58,-4,4
72194,124,112,12,12
72195,86,92,-6,6
72196,154,134,20,20
72197,77,82,-5,5
72198,129,114,15,15
72199,196,167,29,29
72200,78,78,0,0
72201,63,69,-6,6
72202,176,166,10,10
72203,102,100,2,2
72204,102,105,-3,3
72205,92,89,3,3
72206,145,134,11,11
72207,64,63,1,1
72208,100,92,8,8
72209,96,116,-20,20
72210,96,83,13,13
72211,51,52,-1,1
72212,61,74,-13,13
72213,129,124,5,5
72214,196,184,12,12
72215,61,62,-1,1
72216,86,82,4,4
72217,69,80,-11,11
72218,121,107,14,14
72219,87,94,-7,7
72220,105,95,10,10
72221,67,81,-14,14
72222,71,89,-18,18
72223,165,150,15,15
72224,132,126,6,6
72225,171,166,5,5
72226,81,76,5,5
72227,142,140,2,2
72228,75,75,0,0
72229,102,95,7,7
72230,86,92,-6,6
72231,136,129,7,7
72232,63,60,3,3
72233,122,126,-4,4
72234,89,91,-2,2
72235,97,102,-5,5
72236,67,66,1,1
72237,105,102,3,3
72238,64,61,3,3
72239,85,95,-10,10
72240,99,106,-7,7
72241,80,66,14,14
72242,115,109,6,6
72243,65,64,1,1
72244,104,91,13,13
72245,115,111,4,4
72246,147,145,2,2
72247,105,104,1,1
72248,141,137,4,4
72249,163,157,6,6
72250,129,122,7,7
72251,90,93,-3,3
72252,73,78,-5,5
72253,101,88,13,13
72254,103,103,0,0
72255,53,57,-4,4
72256,67,74,-7,7
72257,78,80,-2,2
72258,75,70,5,5
72259,76,78,-2,2
72260,105,101,4,4
72261,103,95,8,8
72262,108,112,-4,4
72263,154,139,15,15
72264,84,88,-4,4
72265,125,119,6,6
72266,71,69,2,2
72267,84,90,-6,6
72268,81,80,1,1
72269,95,96,-1,1
72270,249,218,31,31
72271,101,100,1,1
72272,69,71,-2,2
72273,109,114,-5,5
72274,76,74,2,2
72275,92,93,-1,1
72276,56,61,-5,5
72277,85,97,-12,12
72278,51,56,-5,5
72279,117,104,13,13
72280,74,77,-3,3
72281,184,168,16,16
72282,82,86,-4,4
72283,93,101,-8,8
72284,87,78,9,9
72285,56,53,3,3
72286,65,61,4,4
72287,95,85,10,10
72288,112,117,-5,5
72289,110,112,-2,2
72290,137,135,2,2
72291,73,74,-1,1
72292,128,117,11,11
72293,99,85,14,14
72294,133,131,2,2
72295,109,105,4,4
72296,74,86,-12,12
72297,99,88,11,11
72298,23,34,-11,11
72299,87,95,-8,8
72300,175,164,11,11
72301,71,78,-7,7
72302,64,69,-5,5
72303,74,84,-10,10
72304,127,128,-1,1
72305,136,145,-9,9
72306,114,112,2,2
72307,143,140,3,3
72308,115,110,5,5
72309,83,92,-9,9
72310,118,114,4,4
72311,64,66,-2,2
72312,94,93,1,1
72313,69,61,8,8
72314,142,136,6,6
72315,75,69,6,6
72316,58,59,-1,1
72317,19,29,-10,10
72318,83,86,-3,3
72319,59,60,-1,1
72320,99,99,0,0
72321,69,70,-1,1
72322,95,87,8,8
72323,248,205,43,43
72324,129,125,4,4
72325,45,49,-4,4
72326,129,131,-2,2
72327,99,92,7,7
72328,98,94,4,4
72329,115,120,-5,5
72330,136,139,-3,3
72331,111,104,7,7
72332,98,102,-4,4
72333,85,93,-8,8
72334,141,138,3,3
72335,94,100,-6,6
72336,94,94,0,0
72337,112,120,-8,8
72338,107,107,0,0
72339,127,127,0,0
72340,113,101,12,12
72341,131,113,18,18
72342,69,76,-7,7
72343,51,55,-4,4
72344,148,140,8,8
72345,79,69,10,10
72346,108,108,0,0
72347,105,114,-9,9
72348,82,97,-15,15
72349,152,161,-9,9
72350,77,80,-3,3
72351,96,107,-11,11
72352,118,132,-14,14
72353,176,175,1,1
72354,161,167,-6,6
72355,74,69,5,5
72356,89,96,-7,7
72357,126,135,-9,9
72358,105,103,2,2
72359,102,102,0,0
72360,74,81,-7,7
72361,122,118,4,4
72362,80,82,-2,2
72363,75,74,1,1
72364,148,146,2,2
72365,129,126,3,3
72366,68,64,4,4
72367,74,85,-11,11
72368,96,84,12,12
72369,88,83,5,5
72370,53,69,-16,16
72371,79,79,0,0
72372,78,77,1,1
72373,69,71,-2,2
72374,134,122,12,12
72375,77,74,3,3
72376,144,129,15,15
72377,102,103,-1,1
72378,112,124,-12,12
72379,122,116,6,6
72380,87,87,0,0
72381,111,117,-6,6
72382,102,93,9,9
72383,73,76,-3,3
72384,86,86,0,0
72385,74,73,1,1
72386,132,121,11,11
72387,128,132,-4,4
72388,130,125,5,5
72389,62,64,-2,2
72390,44,51,-7,7
72391,78,80,-2,2
72392,95,94,1,1
72393,95,84,11,11
72394,116,116,0,0
72395,80,81,-1,1
72396,57,60,-3,3
72397,84,100,-16,16
72398,122,113,9,9
72399,115,119,-4,4
72400,185,161,24,24
72401,144,123,21,21
72402,54,59,-5,5
72403,125,123,2,2
72404,107,114,-7,7
72405,140,148,-8,8
72406,59,61,-2,2
72407,64,65,-1,1
72408,83,85,-2,2
72409,56,55,1,1
72410,79,70,9,9
72411,58,57,1,1
72412,92,97,-5,5
72413,138,137,1,1
72414,110,106,4,4
72415,197,182,15,15
72416,102,99,3,3
72417,75,72,3,3
72418,127,116,11,11
72419,95,105,-10,10
72420,64,56,8,8
72421,68,76,-8,8
72422,174,168,6,6
72423,61,62,-1,1
72424,74,71,3,3
72425,106,106,0,0
72426,60,61,-1,1
72427,73,85,-12,12
72428,92,86,6,6
72429,189,164,25,25
72430,99,90,9,9
72431,147,142,5,5
72432,120,115,5,5
72433,75,74,1,1
72434,57,55,2,2
72435,56,55,1,1
72436,73,70,3,3
72437,67,64,3,3
72438,176,162,14,14
72439,131,131,0,0
72440,101,101,0,0
72441,77,72,5,5
72442,90,114,-24,24
72443,106,112,-6,6
72444,120,119,1,1
72445,82,77,5,5
72446,117,117,0,0
72447,57,74,-17,17
72448,57,70,-13,13
72449,104,99,5,5
72450,85,80,5,5
72451,112,112,0,0
72452,89,90,-1,1
72453,88,104,-16,16
72454,87,76,11,11
72455,103,124,-21,21
72456,151,137,14,14
72457,92,94,-2,2
72458,98,89,9,9
72459,63,74,-11,11
72460,88,88,0,0
72461,85,82,3,3
72462,29,37,-8,8
72463,88,99,-11,11
72464,105,112,-7,7
72465,108,102,6,6
72466,69,67,2,2
72467,100,97,3,3
72468,67,73,-6,6
72469,78,66,12,12
72470,97,100,-3,3
72471,84,70,14,14
72472,57,64,-7,7
72473,124,114,10,10
72474,117,112,5,5
72475,101,92,9,9
72476,104,107,-3,3
72477,97,106,-9,9
72478,69,67,2,2
72479,105,105,0,0
72480,78,83,-5,5
72481,75,65,10,10
72482,67,61,6,6
72483,182,167,15,15
72484,49,54,-5,5
72485,89,88,1,1
72486,72,71,1,1
72487,97,99,-2,2
72488,72,71,1,1
72489,66,66,0,0
72490,118,126,-8,8
72491,49,59,-10,10
72492,87,80,7,7
72493,157,139,18,18
72494,63,62,1,1
72495,69,81,-12,12
72496,163,171,-8,8
72497,221,219,2,2
72498,60,69,-9,9
72499,97,102,-5,5
72500,64,53,11,11
72501,87,99,-12,12
72502,101,104,-3,3
72503,96,96,0,0
72504,111,120,-9,9
72505,67,66,1,1
72506,112,114,-2,2
72507,92,82,10,10
72508,90,99,-9,9
72509,127,134,-7,7
72510,62,69,-7,7
72511,82,87,-5,5
72512,131,112,19,19
72513,66,61,5,5
72514,122,128,-6,6
72515,80,94,-14,14
72516,83,86,-3,3
72517,71,81,-10,10
72518,76,69,7,7
72519,130,137,-7,7
72520,72,60,12,12
72521,51,49,2,2
72522,114,120,-6,6
72523,62,68,-6,6
72524,46,44,2,2
72525,58,62,-4,4
72526,84,93,-9,9
72527,69,64,5,5
72528,59,115,-56,56
72529,65,69,-4,4
72530,175,174,1,1
72531,135,133,2,2
72532,106,105,1,1
72533,72,78,-6,6
72534,124,121,3,3
72535,126,118,8,8
72536,120,120,0,0
72537,92,91,1,1
72538,68,64,4,4
72539,109,103,6,6
72540,74,84,-10,10
72541,61,65,-4,4
72542,96,92,4,4
72543,115,125,-10,10
72544,88,96,-8,8
72545,112,111,1,1
72546,182,163,19,19
72547,156,149,7,7
72548,156,150,6,6
72549,103,89,14,14
72550,89,86,3,3
72551,114,102,12,12
72552,106,96,10,10
72553,85,76,9,9
72554,107,94,13,13
72555,75,72,3,3
72556,84,84,0,0
72557,120,117,3,3
72558,95,87,8,8
72559,48,61,-13,13
72560,65,60,5,5
72561,59,68,-9,9
72562,85,81,4,4
72563,125,121,4,4
72564,89,85,4,4
72565,92,85,7,7
72566,131,135,-4,4
72567,83,81,2,2
72568,81,76,5,5
72569,82,76,6,6
72570,66,64,2,2
72571,126,128,-2,2
72572,167,156,11,11
72573,103,102,1,1
72574,119,110,9,9
72575,133,132,1,1
72576,138,142,-4,4
72577,136,130,6,6
72578,57,59,-2,2
72579,111,106,5,5
72580,75,80,-5,5
72581,64,61,3,3
72582,111,116,-5,5
72583,126,127,-1,1
72584,147,137,10,10
72585,188,166,22,22
72586,123,69,54,54
72587,87,95,-8,8
72588,77,79,-2,2
72589,82,75,7,7
72590,83,84,-1,1
72591,69,81,-12,12
72592,136,143,-7,7
72593,53,61,-8,8
72594,81,79,2,2
72595,124,127,-3,3
72596,111,104,7,7
72597,120,119,1,1
72598,66,74,-8,8
72599,68,65,3,3
72600,147,154,-7,7
72601,193,174,19,19
72602,62,63,-1,1
72603,113,112,1,1
72604,83,85,-2,2
72605,114,117,-3,3
72606,138,139,-1,1
72607,63,72,-9,9
72608,153,137,16,16
72609,75,80,-5,5
72610,104,107,-3,3
72611,138,144,-6,6
72612,86,74,12,12
72613,85,87,-2,2
72614,132,134,-2,2
72615,86,84,2,2
72616,60,69,-9,9
72617,119,113,6,6
72618,233,210,23,23
72619,125,134,-9,9
72620,128,123,5,5
72621,135,138,-3,3
72622,92,85,7,7
72623,134,128,6,6
72624,108,106,2,2
72625,154,142,12,12
72626,149,148,1,1
72627,112,106,6,6
72628,117,117,0,0
72629,158,155,3,3
72630,83,81,2,2
72631,92,90,2,2
72632,80,76,4,4
72633,86,88,-2,2
72634,23,26,-3,3
72635,90,85,5,5
72636,129,132,-3,3
72637,122,122,0,0
72638,49,59,-10,10
72639,58,63,-5,5
72640,115,107,8,8
72641,92,88,4,4
72642,146,167,-21,21
72643,69,88,-19,19
72644,107,117,-10,10
72645,152,143,9,9
72646,106,94,12,12
72647,78,78,0,0
72648,122,110,12,12
72649,97,103,-6,6
72650,62,64,-2,2
72651,125,126,-1,1
72652,172,161,11,11
72653,73,78,-5,5
72654,88,87,1,1
72655,69,76,-7,7
72656,72,66,6,6
72657,87,88,-1,1
72658,53,52,1,1
72659,65,65,0,0
72660,117,114,3,3
72661,105,108,-3,3
72662,168,159,9,9
72663,83,94,-11,11
72664,65,67,-2,2
72665,108,105,3,3
72666,45,52,-7,7
72667,123,111,12,12
72668,62,68,-6,6
72669,69,74,-5,5
72670,65,70,-5,5
72671,88,97,-9,9
72672,70,73,-3,3
72673,115,110,5,5
72674,68,62,6,6
72675,109,113,-4,4
72676,117,117,0,0
72677,68,69,-1,1
72678,93,86,7,7
72679,76,72,4,4
72680,147,136,11,11
72681,124,120,4,4
72682,146,143,3,3
72683,104,117,-13,13
72684,85,86,-1,1
72685,107,92,15,15
72686,131,120,11,11
72687,71,66,5,5
72688,78,73,5,5
72689,69,73,-4,4
72690,124,128,-4,4
72691,101,94,7,7
72692,64,59,5,5
72693,69,70,-1,1
72694,60,66,-6,6
72695,97,92,5,5
72696,78,76,2,2
72697,106,127,-21,21
72698,102,93,9,9
72699,102,95,7,7
72700,135,134,1,1
72701,84,93,-9,9
72702,132,122,10,10
72703,81,81,0,0
72704,55,51,4,4
72705,80,73,7,7
72706,89,102,-13,13
72707,218,387,-169,169
72708,68,65,3,3
72709,136,115,21,21
72710,78,73,5,5
72711,66,73,-7,7
72712,115,116,-1,1
72713,102,93,9,9
72714,64,70,-6,6
72715,32,40,-8,8
72716,61,58,3,3
72717,98,101,-3,3
72718,87,74,13,13
72719,75,62,13,13
72720,131,124,7,7
72721,82,93,-11,11
72722,102,95,7,7
72723,68,61,7,7
72724,129,125,4,4
72725,147,142,5,5
72726,54,54,0,0
72727,95,97,-2,2
72728,181,173,8,8
72729,102,108,-6,6
72730,49,53,-4,4
72731,100,94,6,6
72732,72,73,-1,1
72733,137,144,-7,7
72734,57,54,3,3
72735,85,80,5,5
72736,69,68,1,1
72737,44,43,1,1
72738,102,102,0,0
72739,140,138,2,2
72740,59,61,-2,2
72741,59,68,-9,9
72742,67,63,4,4
72743,96,98,-2,2
72744,54,62,-8,8
72745,81,77,4,4
72746,154,151,3,3
72747,134,146,-12,12
72748,100,82,18,18
72749,104,97,7,7
72750,92,102,-10,10
72751,63,68,-5,5
72752,115,95,20,20
72753,55,59,-4,4
72754,163,155,8,8
72755,122,127,-5,5
72756,106,105,1,1
72757,90,95,-5,5
72758,97,92,5,5
72759,69,70,-1,1
72760,86,84,2,2
72761,87,86,1,1
72762,134,120,14,14
72763,83,85,-2,2
72764,96,97,-1,1
72765,75,71,4,4
72766,91,82,9,9
72767,74,69,5,5
72768,105,105,0,0
72769,109,103,6,6
72770,50,67,-17,17
72771,83,67,16,16
72772,101,99,2,2
72773,98,104,-6,6
72774,78,82,-4,4
72775,115,102,13,13
72776,151,142,9,9
72777,50,43,7,7
72778,111,114,-3,3
72779,75,86,-11,11
72780,191,182,9,9
72781,82,78,4,4
72782,133,122,11,11
72783,131,131,0,0
72784,69,65,4,4
72785,112,107,5,5
72786,52,55,-3,3
72787,109,120,-11,11
72788,82,84,-2,2
72789,106,111,-5,5
72790,36,43,-7,7
72791,84,87,-3,3
72792,103,96,7,7
72793,56,60,-4,4
72794,78,77,1,1
72795,69,71,-2,2
72796,67,69,-2,2
72797,83,89,-6,6
72798,103,105,-2,2
72799,84,84,0,0
72800,68,74,-6,6
72801,78,77,1,1
72802,118,110,8,8
72803,112,110,2,2
72804,108,110,-2,2
72805,113,111,2,2
72806,116,103,13,13
72807,67,66,1,1
72808,110,108,2,2
72809,100,91,9,9
72810,111,98,13,13
72811,82,87,-5,5
72812,157,154,3,3
72813,75,78,-3,3
72814,102,99,3,3
72815,90,94,-4,4
72816,60,63,-3,3
72817,88,89,-1,1
72818,96,96,0,0
72819,117,137,-20,20
72820,76,85,-9,9
72821,166,149,17,17
72822,187,154,33,33
72823,73,65,8,8
72824,91,97,-6,6
72825,125,127,-2,2
72826,60,64,-4,4
72827,91,86,5,5
72828,99,112,-13,13
72829,80,69,11,11
72830,125,124,1,1
72831,111,119,-8,8
72832,54,55,-1,1
72833,192,177,15,15
72834,159,151,8,8
72835,71,66,5,5
72836,80,85,-5,5
72837,58,61,-3,3
72838,78,70,8,8
72839,146,135,11,11
72840,73,68,5,5
72841,178,157,21,21
72842,94,96,-2,2
72843,131,122,9,9
72844,70,59,11,11
72845,126,128,-2,2
72846,84,81,3,3
72847,80,83,-3,3
72848,214,190,24,24
72849,111,109,2,2
72850,134,139,-5,5
72851,89,87,2,2
72852,124,139,-15,15
72853,112,101,11,11
72854,94,105,-11,11
72855,110,104,6,6
72856,143,143,0,0
72857,70,71,-1,1
72858,112,115,-3,3
72859,88,86,2,2
72860,89,78,11,11
72861,78,72,6,6
72862,121,115,6,6
72863,69,69,0,0
72864,82,81,1,1
72865,137,169,-32,32
72866,116,115,1,1
72867,169,159,10,10
72868,108,96,12,12
72869,62,60,2,2
72870,66,84,-18,18
72871,126,118,8,8
72872,77,67,10,10
72873,170,161,9,9
72874,48,52,-4,4
72875,123,112,11,11
72876,135,132,3,3
72877,128,129,-1,1
72878,108,108,0,0
72879,102,94,8,8
72880,89,88,1,1
72881,68,70,-2,2
72882,83,75,8,8
72883,174,173,1,1
72884,130,108,22,22
72885,176,163,13,13
72886,87,94,-7,7
72887,69,61,8,8
72888,69,73,-4,4
72889,100,88,12,12
72890,164,157,7,7
72891,94,102,-8,8
72892,82,79,3,3
72893,191,191,0,0
72894,99,103,-4,4
72895,78,81,-3,3
72896,68,70,-2,2
72897,121,104,17,17
72898,128,120,8,8
72899,149,141,8,8
72900,164,154,10,10
72901,74,76,-2,2
72902,67,60,7,7
72903,59,65,-6,6
72904,100,116,-16,16
72905,62,74,-12,12
72906,100,102,-2,2
72907,79,80,-1,1
72908,137,156,-19,19
72909,74,76,-2,2
72910,94,91,3,3
72911,119,98,21,21
72912,103,100,3,3
72913,95,93,2,2
72914,60,54,6,6
72915,111,102,9,9
72916,34,38,-4,4
72917,78,87,-9,9
72918,97,95,2,2
72919,111,110,1,1
72920,85,91,-6,6
72921,149,141,8,8
72922,90,82,8,8
72923,49,51,-2,2
72924,138,132,6,6
72925,69,67,2,2
72926,79,75,4,4
72927,70,69,1,1
72928,82,83,-1,1
72929,79,81,-2,2
72930,85,94,-9,9
72931,89,82,7,7
72932,67,72,-5,5
72933,106,116,-10,10
72934,70,79,-9,9
72935,74,83,-9,9
72936,55,61,-6,6
72937,164,163,1,1
72938,77,74,3,3
72939,57,55,2,2
72940,97,110,-13,13
72941,136,146,-10,10
72942,83,82,1,1
72943,66,66,0,0
72944,92,98,-6,6
72945,92,93,-1,1
72946,71,65,6,6
72947,67,75,-8,8
72948,150,140,10,10
72949,69,73,-4,4
72950,132,125,7,7
72951,194,185,9,9
72952,137,137,0,0
72953,68,71,-3,3
72954,90,95,-5,5
72955,113,111,2,2
72956,61,53,8,8
72957,160,150,10,10
72958,149,148,1,1
72959,48,58,-10,10
72960,128,129,-1,1
72961,102,98,4,4
72962,95,97,-2,2
72963,68,62,6,6
72964,164,154,10,10
72965,92,100,-8,8
72966,100,89,11,11
72967,68,75,-7,7
72968,81,83,-2,2
72969,87,77,10,10
72970,121,102,19,19
72971,95,97,-2,2
72972,99,80,19,19
72973,59,65,-6,6
72974,140,131,9,9
72975,109,90,19,19
72976,147,134,13,13
72977,84,86,-2,2
72978,111,110,1,1
72979,85,89,-4,4
72980,63,70,-7,7
72981,64,65,-1,1
72982,75,68,7,7
72983,136,118,18,18
72984,140,143,-3,3
72985,45,49,-4,4
72986,159,157,2,2
72987,110,101,9,9
72988,54,65,-11,11
72989,129,129,0,0
72990,170,184,-14,14
72991,111,111,0,0
72992,72,66,6,6
72993,129,128,1,1
72994,67,68,-1,1
72995,159,171,-12,12
72996,60,65,-5,5
72997,91,90,1,1
72998,126,111,15,15
72999,240,202,38,38
73000,113,108,5,5
73001,85,77,8,8
73002,54,68,-14,14
73003,68,65,3,3
73004,89,83,6,6
73005,142,133,9,9
73006,146,136,10,10
73007,87,86,1,1
73008,122,125,-3,3
73009,81,64,17,17
73010,77,76,1,1
73011,113,105,8,8
73012,182,187,-5,5
73013,111,102,9,9
73014,97,85,12,12
73015,90,85,5,5
73016,149,142,7,7
73017,62,77,-15,15
73018,121,118,3,3
73019,90,86,4,4
73020,64,58,6,6
73021,158,154,4,4
73022,89,87,2,2
73023,93,88,5,5
73024,82,75,7,7
73025,80,79,1,1
73026,231,228,3,3
73027,52,55,-3,3
73028,185,171,14,14
73029,125,132,-7,7
73030,116,109,7,7
73031,70,71,-1,1
73032,92,85,7,7
73033,135,141,-6,6
73034,83,91,-8,8
73035,78,81,-3,3
73036,89,87,2,2
73037,98,94,4,4
73038,74,77,-3,3
73039,117,118,-1,1
73040,65,205,-140,140
73041,80,79,1,1
73042,82,77,5,5
73043,144,152,-8,8
73044,64,63,1,1
73045,144,138,6,6
73046,46,45,1,1
73047,29,34,-5,5
73048,81,79,2,2
73049,115,112,3,3
73050,99,92,7,7
73051,80,80,0,0
73052,111,107,4,4
73053,113,112,1,1
73054,119,98,21,21
73055,49,41,8,8
73056,128,125,3,3
73057,168,158,10,10
73058,52,54,-2,2
73059,115,115,0,0
73060,230,206,24,24
73061,113,129,-16,16
73062,66,60,6,6
73063,102,99,3,3
73064,52,50,2,2
73065,94,92,2,2
73066,69,71,-2,2
73067,146,158,-12,12
73068,130,127,3,3
73069,82,71,11,11
73070,51,51,0,0
73071,114,106,8,8
73072,58,69,-11,11
73073,70,79,-9,9
73074,74,69,5,5
73075,75,65,10,10
73076,54,49,5,5
73077,134,140,-6,6
73078,46,44,2,2
73079,79,73,6,6
73080,66,75,-9,9
73081,114,116,-2,2
73082,76,86,-10,10
73083,149,141,8,8
73084,126,118,8,8
73085,91,98,-7,7
73086,56,64,-8,8
73087,131,126,5,5
73088,119,133,-14,14
73089,119,119,0,0
73090,124,124,0,0
73091,142,142,0,0
73092,215,192,23,23
73093,59,59,0,0
73094,60,59,1,1
73095,76,81,-5,5
73096,54,46,8,8
73097,78,85,-7,7
73098,133,143,-10,10
73099,56,55,1,1
73100,79,80,-1,1
73101,74,67,7,7
73102,55,68,-13,13
73103,62,52,10,10
73104,47,44,3,3
73105,112,115,-3,3
73106,112,104,8,8
73107,122,114,8,8
73108,104,104,0,0
73109,81,98,-17,17
73110,76,84,-8,8
73111,61,59,2,2
73112,230,184,46,46
73113,87,83,4,4
73114,94,90,4,4
73115,83,81,2,2
73116,154,136,18,18
73117,140,130,10,10
73118,81,83,-2,2
73119,78,76,2,2
73120,112,104,8,8
73121,133,123,10,10
73122,72,80,-8,8
73123,150,124,26,26
73124,133,127,6,6
73125,74,64,10,10
73126,122,122,0,0
73127,90,90,0,0
73128,69,66,3,3
73129,75,81,-6,6
73130,50,47,3,3
73131,135,131,4,4
73132,126,119,7,7
73133,68,90,-22,22
73134,88,88,0,0
73135,78,85,-7,7
73136,55,59,-4,4
73137,94,102,-8,8
73138,57,67,-10,10
73139,70,71,-1,1
73140,150,147,3,3
73141,67,74,-7,7
73142,78,83,-5,5
73143,82,83,-1,1
73144,123,125,-2,2
73145,75,69,6,6
73146,151,152,-1,1
73147,79,74,5,5
73148,116,107,9,9
73149,89,85,4,4
73150,143,138,5,5
73151,94,97,-3,3
73152,94,101,-7,7
73153,81,87,-6,6
73154,77,81,-4,4
73155,85,84,1,1
73156,104,115,-11,11
73157,58,60,-2,2
73158,76,83,-7,7
73159,72,74,-2,2
73160,90,86,4,4
73161,126,136,-10,10
73162,81,82,-1,1
73163,113,114,-1,1
73164,72,78,-6,6
73165,111,114,-3,3
73166,94,90,4,4
73167,77,72,5,5
73168,76,68,8,8
73169,91,85,6,6
73170,84,86,-2,2
73171,50,59,-9,9
73172,111,116,-5,5
73173,160,155,5,5
73174,90,82,8,8
73175,165,175,-10,10
73176,153,137,16,16
73177,38,42,-4,4
73178,76,91,-15,15
73179,73,72,1,1
73180,99,101,-2,2
73181,64,69,-5,5
73182,148,141,7,7
73183,146,144,2,2
73184,86,89,-3,3
73185,70,74,-4,4
73186,74,70,4,4
73187,102,95,7,7
73188,76,66,10,10
73189,115,108,7,7
73190,111,103,8,8
73191,67,64,3,3
73192,120,127,-7,7
73193,72,73,-1,1
73194,93,89,4,4
73195,256,249,7,7
73196,157,151,6,6
73197,70,67,3,3
73198,95,104,-9,9
73199,99,99,0,0
73200,94,91,3,3
73201,81,77,4,4
73202,102,94,8,8
73203,107,110,-3,3
73204,137,127,10,10
73205,91,92,-1,1
73206,90,97,-7,7
73207,68,66,2,2
73208,59,62,-3,3
73209,86,88,-2,2
73210,118,129,-11,11
73211,197,192,5,5
73212,55,70,-15,15
73213,82,77,5,5
73214,96,102,-6,6
73215,88,97,-9,9
73216,72,82,-10,10
73217,56,67,-11,11
73218,110,103,7,7
73219,75,70,5,5
73220,107,116,-9,9
73221,100,106,-6,6
73222,137,124,13,13
73223,76,75,1,1
73224,174,170,4,4
73225,101,105,-4,4
73226,85,86,-1,1
73227,53,59,-6,6
73228,108,92,16,16
73229,82,81,1,1
73230,84,93,-9,9
73231,92,91,1,1
73232,125,140,-15,15
73233,93,99,-6,6
73234,54,59,-5,5
73235,113,105,8,8
73236,196,184,12,12
73237,71,67,4,4
73238,75,70,5,5
73239,46,49,-3,3
73240,107,108,-1,1
73241,82,88,-6,6
73242,88,100,-12,12
73243,57,55,2,2
73244,153,146,7,7
73245,131,135,-4,4
73246,111,127,-16,16
73247,136,139,-3,3
73248,58,61,-3,3
73249,85,86,-1,1
73250,98,89,9,9
73251,80,81,-1,1
73252,82,92,-10,10
73253,74,71,3,3
73254,135,126,9,9
73255,88,88,0,0
73256,27,40,-13,13
73257,60,67,-7,7
73258,82,78,4,4
73259,176,176,0,0
73260,163,143,20,20
73261,130,134,-4,4
73262,120,114,6,6
73263,143,124,19,19
73264,138,143,-5,5
73265,88,81,7,7
73266,125,127,-2,2
73267,81,81,0,0
73268,56,56,0,0
73269,70,73,-3,3
73270,59,62,-3,3
73271,117,133,-16,16
73272,35,38,-3,3
73273,115,102,13,13
73274,59,60,-1,1
73275,88,79,9,9
73276,124,130,-6,6
73277,110,98,12,12
73278,118,111,7,7
73279,103,91,12,12
73280,121,120,1,1
73281,78,76,2,2
73282,69,73,-4,4
73283,129,125,4,4
73284,75,66,9,9
73285,54,51,3,3
73286,185,170,15,15
73287,105,99,6,6
73288,65,62,3,3
73289,145,131,14,14
73290,134,123,11,11
73291,102,98,4,4
73292,75,74,1,1
73293,106,99,7,7
73294,122,121,1,1
73295,42,49,-7,7
73296,144,149,-5,5
73297,104,96,8,8
73298,117,107,10,10
73299,69,70,-1,1
73300,63,73,-10,10
73301,184,155,29,29
73302,96,89,7,7
73303,86,79,7,7
73304,98,99,-1,1
73305,78,73,5,5
73306,91,87,4,4
73307,53,52,1,1
73308,79,73,6,6
73309,141,135,6,6
73310,82,78,4,4
73311,49,50,-1,1
73312,109,99,10,10
73313,61,62,-1,1
73314,90,94,-4,4
73315,61,52,9,9
73316,94,103,-9,9
73317,134,136,-2,2
73318,65,71,-6,6
73319,136,137,-1,1
73320,164,162,2,2
73321,98,103,-5,5
73322,83,82,1,1
73323,40,44,-4,4
73324,67,77,-10,10
73325,90,88,2,2
73326,62,51,11,11
73327,60,58,2,2
73328,115,104,11,11
73329,135,135,0,0
73330,75,73,2,2
73331,35,60,-25,25
73332,94,104,-10,10
73333,113,103,10,10
73334,133,129,4,4
73335,103,75,28,28
73336,108,98,10,10
73337,65,63,2,2
73338,67,60,7,7
73339,121,115,6,6
73340,89,100,-11,11
73341,69,72,-3,3
73342,128,128,0,0
73343,99,89,10,10
73344,100,98,2,2
73345,88,76,12,12
73346,160,150,10,10
73347,94,85,9,9
73348,111,112,-1,1
73349,83,75,8,8
73350,51,63,-12,12
73351,126,121,5,5
73352,150,134,16,16
73353,57,59,-2,2
73354,63,68,-5,5
73355,112,112,0,0
73356,196,186,10,10
73357,71,75,-4,4
73358,152,146,6,6
73359,87,86,1,1
73360,59,60,-1,1
73361,144,142,2,2
73362,122,111,11,11
73363,61,64,-3,3
73364,99,109,-10,10
73365,74,68,6,6
73366,68,70,-2,2
73367,92,95,-3,3
73368,147,151,-4,4
73369,114,112,2,2
73370,64,63,1,1
73371,92,77,15,15
73372,85,77,8,8
73373,100,90,10,10
73374,142,132,10,10
73375,34,37,-3,3
73376,107,94,13,13
73377,110,104,6,6
73378,154,148,6,6
73379,69,70,-1,1
73380,91,102,-11,11
73381,124,116,8,8
73382,71,62,9,9
73383,61,53,8,8
73384,110,107,3,3
73385,86,92,-6,6
73386,143,132,11,11
73387,65,66,-1,1
73388,82,74,8,8
73389,90,96,-6,6
73390,156,160,-4,4
73391,177,169,8,8
73392,108,106,2,2
73393,100,108,-8,8
73394,60,70,-10,10
73395,81,91,-10,10
73396,99,102,-3,3
73397,63,88,-25,25
73398,87,104,-17,17
73399,53,50,3,3
73400,47,50,-3,3
73401,65,74,-9,9
73402,79,73,6,6
73403,65,69,-4,4
73404,99,104,-5,5
73405,61,61,0,0
73406,101,110,-9,9
73407,75,65,10,10
73408,99,105,-6,6
73409,84,87,-3,3
73410,130,123,7,7
73411,147,135,12,12
73412,103,101,2,2
73413,48,45,3,3
73414,88,86,2,2
73415,115,107,8,8
73416,81,82,-1,1
73417,69,80,-11,11
73418,144,147,-3,3
73419,103,96,7,7
73420,84,83,1,1
73421,175,177,-2,2
73422,133,116,17,17
73423,88,89,-1,1
73424,112,109,3,3
73425,98,99,-1,1
73426,79,77,2,2
73427,65,62,3,3
73428,75,86,-11,11
73429,101,104,-3,3
73430,44,46,-2,2
73431,89,89,0,0
73432,107,108,-1,1
73433,85,83,2,2
73434,42,49,-7,7
73435,86,91,-5,5
73436,92,85,7,7
73437,70,73,-3,3
73438,79,78,1,1
73439,39,53,-14,14
73440,90,85,5,5
73441,126,116,10,10
73442,116,112,4,4
73443,69,73,-4,4
73444,51,56,-5,5
73445,107,99,8,8
73446,88,86,2,2
73447,104,93,11,11
73448,81,71,10,10
73449,78,74,4,4
73450,87,86,1,1
73451,63,75,-12,12
73452,92,92,0,0
73453,125,131,-6,6
73454,113,108,5,5
73455,50,48,2,2
73456,71,69,2,2
73457,78,81,-3,3
73458,65,64,1,1
73459,145,138,7,7
73460,64,58,6,6
73461,83,82,1,1
73462,162,145,17,17
73463,84,83,1,1
73464,149,152,-3,3
73465,68,71,-3,3
73466,84,86,-2,2
73467,74,67,7,7
73468,106,105,1,1
73469,87,92,-5,5
73470,102,117,-15,15
73471,142,125,17,17
73472,159,154,5,5
73473,49,48,1,1
73474,133,137,-4,4
73475,89,87,2,2
73476,47,51,-4,4
73477,111,111,0,0
73478,79,73,6,6
73479,108,120,-12,12
73480,58,55,3,3
73481,111,117,-6,6
73482,46,49,-3,3
73483,69,69,0,0
73484,144,146,-2,2
73485,122,119,3,3
73486,114,110,4,4
73487,60,60,0,0
73488,75,80,-5,5
73489,79,80,-1,1
73490,97,101,-4,4
73491,177,177,0,0
73492,111,104,7,7
73493,35,41,-6,6
73494,133,117,16,16
73495,58,53,5,5
73496,114,100,14,14
73497,80,81,-1,1
73498,133,115,18,18
73499,116,120,-4,4
73500,88,70,18,18
73501,126,118,8,8
73502,135,125,10,10
73503,85,88,-3,3
73504,154,155,-1,1
73505,118,111,7,7
73506,92,88,4,4
73507,146,153,-7,7
73508,63,64,-1,1
73509,77,76,1,1
73510,113,108,5,5
73511,110,111,-1,1
73512,63,67,-4,4
73513,78,73,5,5
73514,130,127,3,3
73515,64,56,8,8
73516,81,86,-5,5
73517,75,66,9,9
73518,41,48,-7,7
73519,139,135,4,4
73520,60,60,0,0
73521,81,85,-4,4
73522,108,105,3,3
73523,102,100,2,2
73524,63,65,-2,2
73525,111,106,5,5
73526,42,43,-1,1
73527,93,93,0,0
73528,106,112,-6,6
73529,92,85,7,7
73530,87,87,0,0
73531,100,102,-2,2
73532,73,72,1,1
73533,65,63,2,2
73534,84,93,-9,9
73535,158,160,-2,2
73536,73,73,0,0
73537,116,125,-9,9
73538,79,91,-12,12
73539,114,108,6,6
73540,108,108,0,0
73541,89,84,5,5
73542,65,75,-10,10
73543,123,118,5,5
73544,70,73,-3,3
73545,58,59,-1,1
73546,61,66,-5,5
73547,118,134,-16,16
73548,91,98,-7,7
73549,82,86,-4,4
73550,42,57,-15,15
73551,43,45,-2,2
73552,144,130,14,14
73553,60,71,-11,11
73554,29,68,-39,39
73555,111,101,10,10
73556,69,68,1,1
73557,192,174,18,18
73558,88,102,-14,14
73559,64,64,0,0
73560,131,132,-1,1
73561,107,113,-6,6
73562,95,103,-8,8
73563,70,73,-3,3
73564,51,47,4,4
73565,195,181,14,14
73566,77,79,-2,2
73567,117,120,-3,3
73568,87,81,6,6
73569,46,44,2,2
73570,71,70,1,1
73571,65,62,3,3
73572,171,184,-13,13
73573,106,107,-1,1
73574,82,84,-2,2
73575,130,122,8,8
73576,58,66,-8,8
73577,105,106,-1,1
73578,121,122,-1,1
73579,148,158,-10,10
73580,87,84,3,3
73581,98,104,-6,6
73582,74,84,-10,10
73583,138,138,0,0
73584,95,97,-2,2
73585,104,103,1,1
73586,64,59,5,5
73587,74,74,0,0
73588,126,107,19,19
73589,93,100,-7,7
73590,80,80,0,0
73591,62,68,-6,6
73592,56,60,-4,4
73593,91,92,-1,1
73594,202,183,19,19
73595,97,100,-3,3
73596,109,121,-12,12
73597,62,46,16,16
73598,156,157,-1,1
73599,62,58,4,4
73600,156,155,1,1
73601,60,62,-2,2
73602,67,63,4,4
73603,109,113,-4,4
73604,129,120,9,9
73605,126,120,6,6
73606,141,135,6,6
73607,117,106,11,11
73608,167,164,3,3
73609,123,129,-6,6
73610,127,114,13,13
73611,70,66,4,4
73612,67,68,-1,1
73613,93,89,4,4
73614,79,74,5,5
73615,80,81,-1,1
73616,81,88,-7,7
73617,77,73,4,4
73618,57,64,-7,7
73619,125,135,-10,10
73620,137,122,15,15
73621,98,105,-7,7
73622,76,73,3,3
73623,99,87,12,12
73624,88,89,-1,1
73625,71,72,-1,1
73626,85,83,2,2
73627,93,96,-3,3
73628,112,100,12,12
73629,63,68,-5,5
73630,79,94,-15,15
73631,90,91,-1,1
73632,71,69,2,2
73633,67,82,-15,15
73634,147,126,21,21
73635,57,74,-17,17
73636,61,60,1,1
73637,100,94,6,6
73638,79,73,6,6
73639,136,117,19,19
73640,88,91,-3,3
73641,67,65,2,2
73642,173,170,3,3
73643,111,100,11,11
73644,96,81,15,15
73645,91,85,6,6
73646,90,80,10,10
73647,93,86,7,7
73648,99,98,1,1
73649,57,55,2,2
73650,71,67,4,4
73651,165,155,10,10
73652,91,104,-13,13
73653,59,57,2,2
73654,103,103,0,0
73655,72,71,1,1
73656,95,90,5,5
73657,86,76,10,10
73658,142,118,24,24
73659,92,91,1,1
73660,86,93,-7,7
73661,143,136,7,7
73662,37,43,-6,6
73663,66,74,-8,8
73664,121,114,7,7
73665,89,91,-2,2
73666,54,70,-16,16
73667,64,63,1,1
73668,48,45,3,3
73669,33,39,-6,6
73670,154,151,3,3
73671,55,57,-2,2
73672,85,77,8,8
73673,68,66,2,2
73674,88,90,-2,2
73675,61,62,-1,1
73676,123,116,7,7
73677,98,101,-3,3
73678,161,159,2,2
73679,53,59,-6,6
73680,68,73,-5,5
73681,131,121,10,10
73682,100,100,0,0
73683,64,63,1,1
73684,109,119,-10,10
73685,87,85,2,2
73686,78,80,-2,2
73687,56,60,-4,4
73688,96,89,7,7
73689,104,102,2,2
73690,94,95,-1,1
73691,66,65,1,1
73692,106,98,8,8
73693,132,144,-12,12
73694,142,117,25,25
73695,112,114,-2,2
73696,104,77,27,27
73697,129,136,-7,7
73698,107,103,4,4
73699,137,145,-8,8
73700,81,88,-7,7
73701,57,55,2,2
73702,126,118,8,8
73703,57,71,-14,14
73704,141,129,12,12
73705,94,89,5,5
73706,56,65,-9,9
73707,100,90,10,10
73708,65,70,-5,5
73709,153,149,4,4
73710,106,109,-3,3
73711,65,64,1,1
73712,89,91,-2,2
73713,69,61,8,8
73714,172,165,7,7
73715,74,75,-1,1
73716,55,62,-7,7
73717,95,93,2,2
73718,80,85,-5,5
73719,72,77,-5,5
73720,69,67,2,2
73721,77,83,-6,6
73722,136,129,7,7
73723,60,61,-1,1
73724,106,99,7,7
73725,98,93,5,5
73726,113,112,1,1
73727,66,65,1,1
73728,117,109,8,8
73729,75,75,0,0
73730,123,121,2,2
73731,54,50,4,4
73732,157,167,-10,10
73733,100,98,2,2
73734,74,76,-2,2
73735,61,63,-2,2
73736,72,77,-5,5
73737,81,75,6,6
73738,138,148,-10,10
73739,137,140,-3,3
73740,163,146,17,17
73741,65,77,-12,12
73742,130,133,-3,3
73743,68,80,-12,12
73744,97,91,6,6
73745,167,160,7,7
73746,93,77,16,16
73747,63,70,-7,7
73748,91,85,6,6
73749,174,159,15,15
73750,138,119,19,19
73751,75,75,0,0
73752,129,136,-7,7
73753,116,103,13,13
73754,47,43,4,4
73755,116,108,8,8
73756,103,98,5,5
73757,112,102,10,10
73758,133,126,7,7
73759,55,65,-10,10
73760,75,81,-6,6
73761,53,54,-1,1
73762,88,99,-11,11
73763,132,129,3,3
73764,35,42,-7,7
73765,45,55,-10,10
73766,67,66,1,1
73767,124,109,15,15
73768,148,139,9,9
73769,138,125,13,13
73770,98,92,6,6
73771,81,80,1,1
73772,54,56,-2,2
73773,35,43,-8,8
73774,69,64,5,5
73775,66,63,3,3
73776,116,107,9,9
73777,86,81,5,5
73778,95,96,-1,1
73779,95,99,-4,4
73780,61,61,0,0
73781,79,78,1,1
73782,74,96,-22,22
73783,117,112,5,5
73784,63,61,2,2
73785,138,118,20,20
73786,125,123,2,2
73787,95,96,-1,1
73788,66,71,-5,5
73789,53,53,0,0
73790,83,82,1,1
73791,60,68,-8,8
73792,52,53,-1,1
73793,55,50,5,5
73794,100,106,-6,6
73795,91,105,-14,14
73796,87,84,3,3
73797,63,53,10,10
73798,122,95,27,27
73799,75,71,4,4
73800,57,69,-12,12
73801,55,60,-5,5
73802,110,100,10,10
73803,88,91,-3,3
73804,155,168,-13,13
73805,96,97,-1,1
73806,81,85,-4,4
73807,102,98,4,4
73808,141,127,14,14
73809,105,103,2,2
73810,68,65,3,3
73811,80,74,6,6
73812,94,100,-6,6
73813,60,66,-6,6
73814,107,89,18,18
73815,112,111,1,1
73816,92,93,-1,1
73817,86,74,12,12
73818,131,119,12,12
73819,62,56,6,6
73820,146,150,-4,4
73821,67,78,-11,11
73822,77,76,1,1
73823,101,103,-2,2
73824,80,69,11,11
73825,97,81,16,16
73826,140,128,12,12
73827,128,138,-10,10
73828,108,110,-2,2
73829,91,87,4,4
73830,91,93,-2,2
73831,87,83,4,4
73832,151,130,21,21
73833,91,97,-6,6
73834,161,148,13,13
73835,60,62,-2,2
73836,135,123,12,12
73837,73,87,-14,14
73838,88,100,-12,12
73839,71,68,3,3
73840,80,80,0,0
73841,50,50,0,0
73842,106,102,4,4
73843,66,64,2,2
73844,90,98,-8,8
73845,122,134,-12,12
73846,99,93,6,6
73847,73,76,-3,3
73848,60,60,0,0
73849,63,79,-16,16
73850,105,122,-17,17
73851,34,38,-4,4
73852,74,84,-10,10
73853,122,115,7,7
73854,123,108,15,15
73855,66,63,3,3
73856,122,114,8,8
73857,114,106,8,8
73858,165,166,-1,1
73859,139,152,-13,13
73860,58,48,10,10
73861,70,72,-2,2
73862,71,64,7,7
73863,158,183,-25,25
73864,66,66,0,0
73865,166,129,37,37
73866,129,129,0,0
73867,91,88,3,3
73868,109,129,-20,20
73869,118,132,-14,14
73870,90,93,-3,3
73871,125,120,5,5
73872,94,86,8,8
73873,107,97,10,10
73874,144,125,19,19
73875,83,77,6,6
73876,71,75,-4,4
73877,93,93,0,0
73878,103,99,4,4
73879,78,82,-4,4
73880,33,76,-43,43
73881,44,80,-36,36
73882,129,123,6,6
73883,210,198,12,12
73884,98,94,4,4
73885,60,79,-19,19
73886,110,101,9,9
73887,56,64,-8,8
73888,149,137,12,12
73889,86,84,2,2
73890,101,95,6,6
73891,80,78,2,2
73892,96,96,0,0
73893,66,65,1,1
73894,73,68,5,5
73895,87,71,16,16
73896,73,69,4,4
73897,96,87,9,9
73898,36,47,-11,11
73899,171,196,-25,25
73900,125,121,4,4
73901,82,85,-3,3
73902,79,70,9,9
73903,148,139,9,9
73904,137,130,7,7
73905,82,86,-4,4
73906,72,95,-23,23
73907,57,60,-3,3
73908,162,162,0,0
73909,148,134,14,14
73910,82,77,5,5
73911,76,72,4,4
73912,72,66,6,6
73913,42,40,2,2
73914,102,109,-7,7
73915,61,66,-5,5
73916,107,109,-2,2
73917,72,63,9,9
73918,117,126,-9,9
73919,70,69,1,1
73920,60,59,1,1
73921,110,93,17,17
73922,94,94,0,0
73923,121,129,-8,8
73924,102,103,-1,1
73925,61,63,-2,2
73926,69,66,3,3
73927,51,62,-11,11
73928,113,124,-11,11
73929,148,169,-21,21
73930,129,123,6,6
73931,60,55,5,5
73932,82,100,-18,18
73933,149,139,10,10
73934,64,59,5,5
73935,95,98,-3,3
73936,105,102,3,3
73937,129,129,0,0
73938,140,140,0,0
73939,143,149,-6,6
73940,67,62,5,5
73941,81,78,3,3
73942,131,116,15,15
73943,61,53,8,8
73944,95,92,3,3
73945,121,118,3,3
73946,96,86,10,10
73947,159,131,28,28
73948,51,51,0,0
73949,72,76,-4,4
73950,83,83,0,0
73951,114,107,7,7
73952,90,93,-3,3
73953,72,69,3,3
73954,88,79,9,9
73955,149,136,13,13
73956,69,67,2,2
73957,67,70,-3,3
73958,65,72,-7,7
73959,119,123,-4,4
73960,146,132,14,14
73961,75,85,-10,10
73962,175,161,14,14
73963,109,114,-5,5
73964,80,78,2,2
73965,99,90,9,9
73966,137,135,2,2
73967,77,94,-17,17
73968,44,71,-27,27
73969,96,89,7,7
73970,55,52,3,3
73971,113,104,9,9
73972,108,105,3,3
73973,55,52,3,3
73974,138,116,22,22
73975,74,70,4,4
73976,69,71,-2,2
73977,131,127,4,4
73978,129,159,-30,30
73979,103,105,-2,2
73980,50,50,0,0
73981,90,94,-4,4
73982,42,45,-3,3
73983,140,155,-15,15
73984,76,89,-13,13
73985,113,109,4,4
73986,43,49,-6,6
73987,73,86,-13,13
73988,116,118,-2,2
73989,112,120,-8,8
73990,126,130,-4,4
73991,98,103,-5,5
73992,83,88,-5,5
73993,51,68,-17,17
73994,73,91,-18,18
73995,220,193,27,27
73996,72,79,-7,7
73997,63,61,2,2
73998,107,107,0,0
73999,90,81,9,9
74000,50,61,-11,11
74001,100,96,4,4
74002,126,115,11,11
74003,73,72,1,1
74004,88,93,-5,5
74005,65,79,-14,14
74006,73,68,5,5
74007,83,81,2,2
74008,118,121,-3,3
74009,77,69,8,8
74010,175,170,5,5
74011,101,97,4,4
74012,72,71,1,1
74013,84,88,-4,4
74014,320,366,-46,46
74015,86,99,-13,13
74016,48,52,-4,4
74017,82,76,6,6
74018,111,100,11,11
74019,83,83,0,0
74020,105,120,-15,15
74021,87,95,-8,8
74022,92,92,0,0
74023,106,101,5,5
74024,179,177,2,2
74025,123,116,7,7
74026,68,76,-8,8
74027,52,50,2,2
74028,155,129,26,26
74029,97,110,-13,13
74030,78,82,-4,4
74031,52,49,3,3
74032,62,62,0,0
74033,92,91,1,1
74034,113,106,7,7
74035,141,137,4,4
74036,66,70,-4,4
74037,97,87,10,10
74038,80,100,-20,20
74039,71,93,-22,22
74040,117,114,3,3
74041,202,190,12,12
74042,89,83,6,6
74043,65,69,-4,4
74044,83,89,-6,6
74045,151,142,9,9
74046,68,61,7,7
74047,84,92,-8,8
74048,114,109,5,5
74049,67,67,0,0
74050,48,42,6,6
74051,108,111,-3,3
74052,159,139,20,20
74053,84,79,5,5
74054,153,144,9,9
74055,52,66,-14,14
74056,159,153,6,6
74057,118,120,-2,2
74058,83,91,-8,8
74059,50,52,-2,2
74060,125,115,10,10
74061,41,90,-49,49
74062,62,72,-10,10
74063,85,75,10,10
74064,133,133,0,0
74065,129,122,7,7
74066,97,98,-1,1
74067,102,105,-3,3
74068,23,36,-13,13
74069,74,77,-3,3
74070,41,49,-8,8
74071,108,116,-8,8
74072,104,101,3,3
74073,108,94,14,14
74074,97,92,5,5
74075,74,76,-2,2
74076,94,91,3,3
74077,78,77,1,1
74078,117,119,-2,2
74079,119,121,-2,2
74080,60,51,9,9
74081,86,82,4,4
74082,84,88,-4,4
74083,72,73,-1,1
74084,93,99,-6,6
74085,72,74,-2,2
74086,156,136,20,20
74087,73,78,-5,5
74088,108,101,7,7
74089,126,134,-8,8
74090,93,92,1,1
74091,79,65,14,14
74092,181,153,28,28
74093,83,76,7,7
74094,119,116,3,3
74095,71,68,3,3
74096,77,68,9,9
74097,104,124,-20,20
74098,72,78,-6,6
74099,68,68,0,0
74100,98,96,2,2
74101,57,76,-19,19
74102,80,105,-25,25
74103,73,69,4,4
74104,191,170,21,21
74105,100,93,7,7
74106,132,115,17,17
74107,40,38,2,2
74108,54,53,1,1
74109,154,148,6,6
74110,139,135,4,4
74111,107,101,6,6
74112,128,118,10,10
74113,133,125,8,8
74114,83,72,11,11
74115,63,88,-25,25
74116,81,79,2,2
74117,163,155,8,8
74118,109,109,0,0
74119,63,61,2,2
74120,90,87,3,3
74121,81,92,-11,11
74122,66,62,4,4
74123,120,126,-6,6
74124,89,86,3,3
74125,67,73,-6,6
74126,85,80,5,5
74127,78,79,-1,1
74128,75,82,-7,7
74129,198,187,11,11
74130,92,94,-2,2
74131,118,107,11,11
74132,57,61,-4,4
74133,155,147,8,8
74134,86,82,4,4
74135,67,64,3,3
74136,178,149,29,29
74137,68,71,-3,3
74138,85,83,2,2
74139,79,84,-5,5
74140,93,86,7,7
74141,50,55,-5,5
74142,58,60,-2,2
74143,104,105,-1,1
74144,100,95,5,5
74145,201,189,12,12
74146,105,104,1,1
74147,105,108,-3,3
74148,90,90,0,0
74149,68,74,-6,6
74150,74,77,-3,3
74151,60,59,1,1
74152,59,81,-22,22
74153,97,104,-7,7
74154,87,82,5,5
74155,55,64,-9,9
74156,111,104,7,7
74157,119,105,14,14
74158,115,120,-5,5
74159,59,52,7,7
74160,61,61,0,0
74161,30,66,-36,36
74162,96,91,5,5
74163,131,114,17,17
74164,183,177,6,6
74165,161,169,-8,8
74166,146,146,0,0
74167,200,187,13,13
74168,100,102,-2,2
74169,114,112,2,2
74170,108,107,1,1
74171,73,71,2,2
74172,75,70,5,5
74173,72,70,2,2
74174,143,153,-10,10
74175,101,92,9,9
74176,66,69,-3,3
74177,164,149,15,15
74178,85,82,3,3
74179,88,86,2,2
74180,98,101,-3,3
74181,54,89,-35,35
74182,95,95,0,0
74183,64,66,-2,2
74184,144,144,0,0
74185,105,104,1,1
74186,102,111,-9,9
74187,114,96,18,18
74188,54,60,-6,6
74189,112,102,10,10
74190,181,164,17,17
74191,110,102,8,8
74192,75,66,9,9
74193,51,61,-10,10
74194,98,93,5,5
74195,85,87,-2,2
74196,54,65,-11,11
74197,57,62,-5,5
74198,77,86,-9,9
74199,66,76,-10,10
74200,84,74,10,10
74201,102,107,-5,5
74202,124,126,-2,2
74203,129,124,5,5
74204,195,191,4,4
74205,111,110,1,1
74206,109,121,-12,12
74207,68,64,4,4
74208,57,59,-2,2
74209,76,85,-9,9
74210,99,95,4,4
74211,78,87,-9,9
74212,124,119,5,5
74213,83,76,7,7
74214,82,77,5,5
74215,73,68,5,5
74216,66,69,-3,3
74217,102,103,-1,1
74218,107,115,-8,8
74219,101,97,4,4
74220,119,122,-3,3
74221,120,135,-15,15
74222,69,73,-4,4
74223,80,96,-16,16
74224,113,111,2,2
74225,63,71,-8,8
74226,94,84,10,10
74227,146,147,-1,1
74228,109,106,3,3
74229,117,107,10,10
74230,66,68,-2,2
74231,151,134,17,17
74232,60,52,8,8
74233,146,161,-15,15
74234,135,131,4,4
74235,90,82,8,8
74236,48,52,-4,4
74237,71,66,5,5
74238,155,155,0,0
74239,86,75,11,11
74240,111,124,-13,13
74241,96,92,4,4
74242,137,153,-16,16
74243,81,85,-4,4
74244,60,63,-3,3
74245,83,99,-16,16
74246,106,106,0,0
74247,67,71,-4,4
74248,52,51,1,1
74249,104,100,4,4
74250,73,83,-10,10
74251,87,90,-3,3
74252,148,152,-4,4
74253,77,73,4,4
74254,92,92,0,0
74255,201,191,10,10
74256,50,51,-1,1
74257,149,146,3,3
74258,150,133,17,17
74259,89,99,-10,10
74260,131,121,10,10
74261,73,69,4,4
74262,83,93,-10,10
74263,155,153,2,2
74264,80,57,23,23
74265,128,130,-2,2
74266,59,59,0,0
74267,85,94,-9,9
74268,87,103,-16,16
74269,85,83,2,2
74270,72,71,1,1
74271,72,73,-1,1
74272,56,59,-3,3
74273,127,125,2,2
74274,73,70,3,3
74275,94,79,15,15
74276,72,69,3,3
74277,48,44,4,4
74278,130,114,16,16
74279,103,88,15,15
74280,96,81,15,15
74281,140,149,-9,9
74282,63,66,-3,3
74283,61,58,3,3
74284,78,75,3,3
74285,75,67,8,8
74286,81,85,-4,4
74287,79,86,-7,7
74288,94,92,2,2
74289,117,114,3,3
74290,59,54,5,5
74291,84,81,3,3
74292,149,144,5,5
74293,109,113,-4,4
74294,46,55,-9,9
74295,131,118,13,13
74296,118,109,9,9
74297,83,91,-8,8
74298,68,85,-17,17
74299,70,83,-13,13
74300,49,54,-5,5
74301,73,69,4,4
74302,132,135,-3,3
74303,93,85,8,8
74304,159,160,-1,1
74305,107,111,-4,4
74306,185,171,14,14
74307,143,141,2,2
74308,60,67,-7,7
74309,78,71,7,7
74310,106,111,-5,5
74311,98,86,12,12
74312,101,85,16,16
74313,39,61,-22,22
74314,104,105,-1,1
74315,51,61,-10,10
74316,88,82,6,6
74317,83,83,0,0
74318,116,133,-17,17
74319,59,57,2,2
74320,88,84,4,4
74321,206,175,31,31
74322,147,125,22,22
74323,40,47,-7,7
74324,45,47,-2,2
74325,89,91,-2,2
74326,146,139,7,7
74327,76,77,-1,1
74328,92,73,19,19
74329,35,46,-11,11
74330,77,94,-17,17
74331,104,108,-4,4
74332,97,88,9,9
74333,135,129,6,6
74334,63,60,3,3
74335,54,53,1,1
74336,117,119,-2,2
74337,79,74,5,5
74338,64,68,-4,4
74339,63,63,0,0
74340,63,64,-1,1
74341,80,81,-1,1
74342,136,135,1,1
74343,106,92,14,14
74344,76,72,4,4
74345,80,80,0,0
74346,126,121,5,5
74347,96,91,5,5
74348,56,50,6,6
74349,124,128,-4,4
74350,137,134,3,3
74351,63,65,-2,2
74352,59,64,-5,5
74353,102,98,4,4
74354,41,42,-1,1
74355,84,87,-3,3
74356,99,102,-3,3
74357,108,114,-6,6
74358,125,128,-3,3
74359,115,111,4,4
74360,84,81,3,3
74361,100,107,-7,7
74362,128,131,-3,3
74363,60,62,-2,2
74364,77,81,-4,4
74365,63,60,3,3
74366,90,103,-13,13
74367,64,76,-12,12
74368,61,60,1,1
74369,99,104,-5,5
74370,97,101,-4,4
74371,65,60,5,5
74372,99,102,-3,3
74373,181,170,11,11
74374,83,89,-6,6
74375,102,100,2,2
74376,136,145,-9,9
74377,56,51,5,5
74378,132,128,4,4
74379,76,77,-1,1
74380,101,95,6,6
74381,110,94,16,16
74382,51,48,3,3
74383,60,66,-6,6
74384,127,128,-1,1
74385,81,106,-25,25
74386,59,60,-1,1
74387,82,82,0,0
74388,103,98,5,5
74389,99,95,4,4
74390,50,46,4,4
74391,85,101,-16,16
74392,67,62,5,5
74393,125,117,8,8
74394,93,89,4,4
74395,116,112,4,4
74396,68,77,-9,9
74397,77,76,1,1
74398,95,97,-2,2
74399,59,66,-7,7
74400,111,100,11,11
74401,79,85,-6,6
74402,84,89,-5,5
74403,89,96,-7,7
74404,164,161,3,3
74405,72,68,4,4
74406,78,80,-2,2
74407,149,156,-7,7
74408,95,80,15,15
74409,85,74,11,11
74410,96,98,-2,2
74411,72,63,9,9
74412,112,100,12,12
74413,77,74,3,3
74414,40,44,-4,4
74415,110,109,1,1
74416,59,69,-10,10
74417,107,103,4,4
74418,66,78,-12,12
74419,87,85,2,2
74420,72,71,1,1
74421,85,92,-7,7
74422,49,49,0,0
74423,72,77,-5,5
74424,156,170,-14,14
74425,75,60,15,15
74426,83,75,8,8
74427,107,106,1,1
74428,97,88,9,9
74429,108,102,6,6
74430,89,80,9,9
74431,103,117,-14,14
74432,133,131,2,2
74433,56,52,4,4
74434,77,79,-2,2
74435,88,96,-8,8
74436,106,110,-4,4
74437,134,138,-4,4
74438,81,87,-6,6
74439,126,126,0,0
74440,69,69,0,0
74441,120,165,-45,45
74442,121,112,9,9
74443,62,61,1,1
74444,85,83,2,2
74445,93,89,4,4
74446,111,108,3,3
74447,99,117,-18,18
74448,50,53,-3,3
74449,98,107,-9,9
74450,83,70,13,13
74451,94,101,-7,7
74452,144,144,0,0
74453,49,48,1,1
74454,46,44,2,2
74455,87,92,-5,5
74456,80,85,-5,5
74457,150,129,21,21
74458,67,75,-8,8
74459,39,39,0,0
74460,82,78,4,4
74461,76,74,2,2
74462,56,58,-2,2
74463,33,44,-11,11
74464,95,91,4,4
74465,67,54,13,13
74466,87,93,-6,6
74467,101,92,9,9
74468,62,67,-5,5
74469,62,69,-7,7
74470,93,84,9,9
74471,71,60,11,11
74472,79,79,0,0
74473,86,78,8,8
74474,70,73,-3,3
74475,117,111,6,6
74476,51,73,-22,22
74477,168,162,6,6
74478,120,108,12,12
74479,99,91,8,8
74480,73,81,-8,8
74481,120,121,-1,1
74482,136,128,8,8
74483,57,71,-14,14
74484,89,82,7,7
74485,89,95,-6,6
74486,81,85,-4,4
74487,72,59,13,13
74488,104,101,3,3
74489,141,131,10,10
74490,79,78,1,1
74491,167,161,6,6
74492,86,83,3,3
74493,138,121,17,17
74494,66,65,1,1
74495,59,54,5,5
74496,110,123,-13,13
74497,82,77,5,5
74498,92,93,-1,1
74499,62,60,2,2
74500,82,70,12,12
74501,62,66,-4,4
74502,94,84,10,10
74503,135,156,-21,21
74504,227,243,-16,16
74505,85,85,0,0
74506,74,86,-12,12
74507,106,141,-35,35
74508,52,56,-4,4
74509,96,108,-12,12
74510,97,98,-1,1
74511,143,143,0,0
74512,84,66,18,18
74513,77,69,8,8
74514,49,51,-2,2
74515,116,111,5,5
74516,67,95,-28,28
74517,74,79,-5,5
74518,83,81,2,2
74519,77,74,3,3
74520,113,108,5,5
74521,125,122,3,3
74522,59,63,-4,4
74523,62,67,-5,5
74524,148,145,3,3
74525,56,66,-10,10
74526,85,97,-12,12
74527,158,142,16,16
74528,79,85,-6,6
74529,87,80,7,7
74530,115,145,-30,30
74531,62,60,2,2
74532,78,76,2,2
74533,107,96,11,11
74534,129,126,3,3
74535,109,102,7,7
74536,46,50,-4,4
74537,73,69,4,4
74538,47,45,2,2
74539,57,60,-3,3
74540,136,140,-4,4
74541,74,71,3,3
74542,73,68,5,5
74543,117,115,2,2
74544,64,66,-2,2
74545,65,75,-10,10
74546,61,62,-1,1
74547,40,49,-9,9
74548,84,80,4,4
74549,96,98,-2,2
74550,108,96,12,12
74551,148,148,0,0
74552,111,108,3,3
74553,131,136,-5,5
74554,55,62,-7,7
74555,132,126,6,6
74556,156,124,32,32
74557,68,64,4,4
74558,109,105,4,4
74559,65,61,4,4
74560,78,69,9,9
74561,136,128,8,8
74562,190,194,-4,4
74563,157,157,0,0
74564,110,110,0,0
74565,50,53,-3,3
74566,123,132,-9,9
74567,127,127,0,0
74568,88,87,1,1
74569,116,113,3,3
74570,85,92,-7,7
74571,116,108,8,8
74572,181,175,6,6
74573,87,93,-6,6
74574,135,137,-2,2
74575,64,76,-12,12
74576,92,90,2,2
74577,59,60,-1,1
74578,81,70,11,11
74579,71,68,3,3
74580,130,138,-8,8
74581,96,87,9,9
74582,86,78,8,8
74583,107,123,-16,16
74584,118,116,2,2
74585,93,93,0,0
74586,88,95,-7,7
74587,54,61,-7,7
74588,101,98,3,3
74589,58,61,-3,3
74590,109,100,9,9
74591,106,110,-4,4
74592,139,135,4,4
74593,50,54,-4,4
74594,168,169,-1,1
74595,115,128,-13,13
74596,70,75,-5,5
74597,92,88,4,4
74598,133,129,4,4
74599,74,75,-1,1
74600,159,162,-3,3
74601,120,121,-1,1
74602,84,101,-17,17
74603,103,107,-4,4
74604,183,155,28,28
74605,139,128,11,11
74606,86,88,-2,2
74607,82,85,-3,3
74608,61,73,-12,12
74609,123,102,21,21
74610,87,88,-1,1
74611,135,135,0,0
74612,99,91,8,8
74613,74,70,4,4
74614,74,80,-6,6
74615,139,142,-3,3
74616,85,81,4,4
74617,70,73,-3,3
74618,106,103,3,3
74619,123,122,1,1
74620,100,101,-1,1
74621,61,61,0,0
74622,92,91,1,1
74623,132,138,-6,6
74624,59,61,-2,2
74625,226,209,17,17
74626,84,73,11,11
74627,165,169,-4,4
74628,83,89,-6,6
74629,115,111,4,4
74630,159,146,13,13
74631,93,85,8,8
74632,126,135,-9,9
74633,51,50,1,1
74634,118,114,4,4
74635,80,68,12,12
74636,161,150,11,11
74637,91,89,2,2
74638,83,81,2,2
74639,91,85,6,6
74640,234,217,17,17
74641,78,75,3,3
74642,101,94,7,7
74643,72,73,-1,1
74644,92,71,21,21
74645,44,56,-12,12
74646,76,78,-2,2
74647,106,101,5,5
74648,119,105,14,14
74649,111,95,16,16
74650,111,117,-6,6
74651,105,97,8,8
74652,62,63,-1,1
74653,113,119,-6,6
74654,94,100,-6,6
74655,155,146,9,9
74656,59,55,4,4
74657,86,99,-13,13
74658,61,63,-2,2
74659,198,181,17,17
74660,83,81,2,2
74661,50,59,-9,9
74662,126,120,6,6
74663,95,87,8,8
74664,95,87,8,8
74665,24,36,-12,12
74666,90,95,-5,5
74667,47,46,1,1
74668,64,75,-11,11
74669,107,111,-4,4
74670,94,84,10,10
74671,77,80,-3,3
74672,111,124,-13,13
74673,107,109,-2,2
74674,33,41,-8,8
74675,73,68,5,5
74676,63,68,-5,5
74677,90,93,-3,3
74678,89,173,-84,84
74679,79,73,6,6
74680,128,128,0,0
74681,91,93,-2,2
74682,114,110,4,4
74683,103,95,8,8
74684,61,49,12,12
74685,122,131,-9,9
74686,114,111,3,3
74687,143,140,3,3
74688,75,79,-4,4
74689,66,65,1,1
74690,90,91,-1,1
74691,108,93,15,15
74692,74,78,-4,4
74693,137,135,2,2
74694,121,106,15,15
74695,85,102,-17,17
74696,47,49,-2,2
74697,51,62,-11,11
74698,79,74,5,5
74699,80,75,5,5
74700,111,110,1,1
74701,126,134,-8,8
74702,37,41,-4,4
74703,87,87,0,0
74704,102,100,2,2
74705,73,74,-1,1
74706,81,92,-11,11
74707,85,72,13,13
74708,127,122,5,5
74709,127,112,15,15
74710,93,105,-12,12
74711,122,125,-3,3
74712,175,155,20,20
74713,96,97,-1,1
74714,88,79,9,9
74715,162,143,19,19
74716,124,138,-14,14
74717,42,42,0,0
74718,90,89,1,1
74719,91,87,4,4
74720,129,127,2,2
74721,53,55,-2,2
74722,75,78,-3,3
74723,88,83,5,5
74724,70,64,6,6
74725,185,178,7,7
74726,105,101,4,4
74727,128,120,8,8
74728,103,99,4,4
74729,100,104,-4,4
74730,71,73,-2,2
74731,157,139,18,18
74732,103,109,-6,6
74733,118,118,0,0
74734,140,172,-32,32
74735,102,103,-1,1
74736,71,67,4,4
74737,143,147,-4,4
74738,58,63,-5,5
74739,96,99,-3,3
74740,112,110,2,2
74741,85,83,2,2
74742,92,103,-11,11
74743,81,87,-6,6
74744,102,100,2,2
74745,43,64,-21,21
74746,87,82,5,5
74747,118,116,2,2
74748,85,75,10,10
74749,100,105,-5,5
74750,83,93,-10,10
74751,83,68,15,15
74752,89,86,3,3
74753,50,54,-4,4
74754,134,128,6,6
74755,65,54,11,11
74756,72,76,-4,4
74757,75,68,7,7
74758,78,76,2,2
74759,81,87,-6,6
74760,105,115,-10,10
74761,67,64,3,3
74762,136,69,67,67
74763,86,100,-14,14
74764,139,134,5,5
74765,78,72,6,6
74766,38,60,-22,22
74767,78,71,7,7
74768,59,54,5,5
74769,91,87,4,4
74770,152,149,3,3
74771,148,159,-11,11
74772,108,104,4,4
74773,77,71,6,6
74774,83,77,6,6
74775,89,84,5,5
74776,104,93,11,11
74777,117,123,-6,6
74778,151,147,4,4
74779,45,54,-9,9
74780,60,52,8,8
74781,125,127,-2,2
74782,41,40,1,1
74783,49,49,0,0
74784,140,135,5,5
74785,90,92,-2,2
74786,93,94,-1,1
74787,100,85,15,15
74788,125,117,8,8
74789,114,117,-3,3
74790,128,130,-2,2
74791,60,61,-1,1
74792,191,183,8,8
74793,140,140,0,0
74794,82,92,-10,10
74795,76,68,8,8
74796,117,118,-1,1
74797,83,87,-4,4
74798,82,80,2,2
74799,122,132,-10,10
74800,60,66,-6,6
74801,117,117,0,0
74802,96,83,13,13
74803,115,116,-1,1
74804,134,133,1,1
74805,109,110,-1,1
74806,91,81,10,10
74807,72,72,0,0
74808,96,89,7,7
74809,80,83,-3,3
74810,71,75,-4,4
74811,95,84,11,11
74812,101,103,-2,2
74813,67,66,1,1
74814,87,96,-9,9
74815,89,90,-1,1
74816,62,62,0,0
74817,126,151,-25,25
74818,78,88,-10,10
74819,100,107,-7,7
74820,96,94,2,2
74821,100,98,2,2
74822,59,60,-1,1
74823,93,91,2,2
74824,120,120,0,0
74825,70,78,-8,8
74826,46,49,-3,3
74827,153,148,5,5
74828,91,88,3,3
74829,94,95,-1,1
74830,74,81,-7,7
74831,87,75,12,12
74832,76,79,-3,3
74833,56,59,-3,3
74834,104,124,-20,20
74835,126,124,2,2
74836,115,112,3,3
74837,107,113,-6,6
74838,41,51,-10,10
74839,75,68,7,7
74840,76,84,-8,8
74841,75,79,-4,4
74842,50,53,-3,3
74843,118,120,-2,2
74844,131,130,1,1
74845,92,137,-45,45
74846,113,108,5,5
74847,126,112,14,14
74848,65,71,-6,6
74849,128,124,4,4
74850,89,90,-1,1
74851,100,90,10,10
74852,85,79,6,6
74853,166,154,12,12
74854,100,112,-12,12
74855,119,120,-1,1
74856,72,62,10,10
74857,78,81,-3,3
74858,70,64,6,6
74859,84,82,2,2
74860,56,50,6,6
74861,18,34,-16,16
74862,75,80,-5,5
74863,107,121,-14,14
74864,86,81,5,5
74865,128,130,-2,2
74866,99,103,-4,4
74867,69,74,-5,5
74868,130,120,10,10
74869,127,129,-2,2
74870,188,180,8,8
74871,99,98,1,1
74872,83,82,1,1
74873,105,92,13,13
74874,56,60,-4,4
74875,84,79,5,5
74876,43,50,-7,7
74877,104,115,-11,11
74878,93,95,-2,2
74879,111,120,-9,9
74880,106,123,-17,17
74881,77,73,4,4
74882,74,68,6,6
74883,138,139,-1,1
74884,47,46,1,1
74885,158,153,5,5
74886,111,110,1,1
74887,84,86,-2,2
74888,129,133,-4,4
74889,76,78,-2,2
74890,84,82,2,2
74891,67,69,-2,2
74892,61,53,8,8
74893,107,98,9,9
74894,79,70,9,9
74895,112,118,-6,6
74896,53,55,-2,2
74897,84,80,4,4
74898,46,47,-1,1
74899,115,111,4,4
74900,48,44,4,4
74901,51,52,-1,1
74902,73,88,-15,15
74903,81,101,-20,20
74904,53,54,-1,1
74905,144,138,6,6
74906,93,86,7,7
74907,63,74,-11,11
74908,47,45,2,2
74909,117,100,17,17
74910,172,135,37,37
74911,57,62,-5,5
74912,143,141,2,2
74913,108,114,-6,6
74914,140,134,6,6
74915,70,74,-4,4
74916,96,97,-1,1
74917,107,108,-1,1
74918,116,107,9,9
74919,120,121,-1,1
74920,60,51,9,9
74921,77,84,-7,7
74922,112,113,-1,1
74923,97,109,-12,12
74924,183,188,-5,5
74925,95,90,5,5
74926,92,88,4,4
74927,76,89,-13,13
74928,99,98,1,1
74929,85,78,7,7
74930,76,79,-3,3
74931,93,94,-1,1
74932,50,52,-2,2
74933,55,59,-4,4
74934,88,89,-1,1
74935,97,104,-7,7
74936,83,81,2,2
74937,54,49,5,5
74938,86,80,6,6
74939,77,84,-7,7
74940,282,343,-61,61
74941,136,127,9,9
74942,91,79,12,12
74943,150,163,-13,13
74944,66,69,-3,3
74945,71,81,-10,10
74946,87,84,3,3
74947,87,94,-7,7
74948,119,122,-3,3
74949,148,139,9,9
74950,117,112,5,5
74951,85,84,1,1
74952,97,94,3,3
74953,49,56,-7,7
74954,103,111,-8,8
74955,38,40,-2,2
74956,86,97,-11,11
74957,49,46,3,3
74958,103,99,4,4
74959,103,126,-23,23
74960,45,48,-3,3
74961,103,101,2,2
74962,83,78,5,5
74963,95,90,5,5
74964,60,67,-7,7
74965,102,103,-1,1
74966,138,152,-14,14
74967,83,81,2,2
74968,95,105,-10,10
74969,96,92,4,4
74970,150,151,-1,1
74971,53,50,3,3
74972,133,115,18,18
74973,45,47,-2,2
74974,50,46,4,4
74975,35,85,-50,50
74976,103,95,8,8
74977,58,59,-1,1
74978,72,76,-4,4
74979,100,106,-6,6
74980,95,89,6,6
74981,109,100,9,9
74982,57,66,-9,9
74983,68,86,-18,18
74984,89,85,4,4
74985,129,124,5,5
74986,118,115,3,3
74987,114,113,1,1
74988,112,107,5,5
74989,103,95,8,8
74990,95,93,2,2
74991,130,141,-11,11
74992,95,86,9,9
74993,129,129,0,0
74994,84,83,1,1
74995,103,107,-4,4
74996,146,146,0,0
74997,84,92,-8,8
74998,143,136,7,7
74999,84,85,-1,1
75000,69,79,-10,10
75001,94,100,-6,6
75002,56,73,-17,17
75003,133,134,-1,1
75004,49,61,-12,12
75005,58,53,5,5
75006,122,110,12,12
75007,117,115,2,2
75008,87,85,2,2
75009,113,117,-4,4
75010,60,61,-1,1
75011,65,64,1,1
75012,103,99,4,4
75013,152,142,10,10
75014,121,121,0,0
75015,119,115,4,4
75016,47,50,-3,3
75017,113,104,9,9
75018,101,100,1,1
75019,73,82,-9,9
75020,88,96,-8,8
75021,156,141,15,15
75022,99,93,6,6
75023,86,88,-2,2
75024,101,105,-4,4
75025,91,89,2,2
75026,59,62,-3,3
75027,72,73,-1,1
75028,111,100,11,11
75029,108,106,2,2
75030,78,83,-5,5
75031,63,67,-4,4
75032,97,100,-3,3
75033,76,77,-1,1
75034,94,109,-15,15
75035,83,83,0,0
75036,72,71,1,1
75037,113,98,15,15
75038,126,121,5,5
75039,86,96,-10,10
75040,67,57,10,10
75041,149,145,4,4
75042,89,84,5,5
75043,115,106,9,9
75044,111,99,12,12
75045,135,144,-9,9
75046,54,57,-3,3
75047,123,129,-6,6
75048,82,86,-4,4
75049,26,39,-13,13
75050,66,65,1,1
75051,117,111,6,6
75052,135,145,-10,10
75053,70,65,5,5
75054,59,60,-1,1
75055,141,141,0,0
75056,64,60,4,4
75057,126,129,-3,3
75058,97,95,2,2
75059,54,51,3,3
75060,99,96,3,3
75061,138,122,16,16
75062,130,137,-7,7
75063,111,90,21,21
75064,81,82,-1,1
75065,97,93,4,4
75066,146,144,2,2
75067,92,87,5,5
75068,68,61,7,7
75069,70,71,-1,1
75070,79,73,6,6
75071,57,61,-4,4
75072,70,63,7,7
75073,52,54,-2,2
75074,82,91,-9,9
75075,72,77,-5,5
75076,86,80,6,6
75077,124,113,11,11
75078,71,71,0,0
75079,75,64,11,11
75080,111,102,9,9
75081,85,74,11,11
75082,77,77,0,0
75083,116,119,-3,3
75084,121,130,-9,9
75085,63,59,4,4
75086,65,60,5,5
75087,92,89,3,3
75088,115,112,3,3
75089,62,59,3,3
75090,90,84,6,6
75091,50,50,0,0
75092,81,85,-4,4
75093,33,41,-8,8
75094,141,136,5,5
75095,51,51,0,0
75096,32,41,-9,9
75097,89,104,-15,15
75098,117,116,1,1
75099,97,103,-6,6
75100,92,85,7,7
75101,71,73,-2,2
75102,76,77,-1,1
75103,42,60,-18,18
75104,84,95,-11,11
75105,87,95,-8,8
75106,153,144,9,9
75107,91,90,1,1
75108,59,79,-20,20
75109,69,66,3,3
75110,109,100,9,9
75111,115,105,10,10
75112,169,171,-2,2
75113,67,70,-3,3
75114,96,97,-1,1
75115,94,91,3,3
75116,173,146,27,27
75117,96,91,5,5
75118,127,104,23,23
75119,58,59,-1,1
75120,69,68,1,1
75121,68,68,0,0
75122,141,140,1,1
75123,110,134,-24,24
75124,46,89,-43,43
75125,56,118,-62,62
75126,99,111,-12,12
75127,117,116,1,1
75128,53,54,-1,1
75129,92,88,4,4
75130,100,111,-11,11
75131,100,89,11,11
75132,92,100,-8,8
75133,67,62,5,5
75134,148,134,14,14
75135,122,123,-1,1
75136,162,157,5,5
75137,86,87,-1,1
75138,165,145,20,20
75139,106,97,9,9
75140,84,100,-16,16
75141,97,94,3,3
75142,61,59,2,2
75143,187,187,0,0
75144,153,163,-10,10
75145,57,60,-3,3
75146,101,100,1,1
75147,154,127,27,27
75148,108,104,4,4
75149,55,50,5,5
75150,113,101,12,12
75151,55,61,-6,6
75152,101,90,11,11
75153,91,97,-6,6
75154,89,89,0,0
75155,96,88,8,8
75156,52,63,-11,11
75157,54,55,-1,1
75158,69,69,0,0
75159,95,110,-15,15
75160,88,79,9,9
75161,126,126,0,0
75162,82,90,-8,8
75163,76,79,-3,3
75164,112,105,7,7
75165,117,110,7,7
75166,113,113,0,0
75167,97,87,10,10
75168,98,96,2,2
75169,83,80,3,3
75170,76,69,7,7
75171,80,72,8,8
75172,111,114,-3,3
75173,135,126,9,9
75174,62,65,-3,3
75175,140,138,2,2
75176,68,67,1,1
75177,141,144,-3,3
75178,53,61,-8,8
75179,140,142,-2,2
75180,74,71,3,3
75181,70,72,-2,2
75182,78,87,-9,9
75183,103,95,8,8
75184,97,96,1,1
75185,75,77,-2,2
75186,143,146,-3,3
75187,163,158,5,5
75188,71,71,0,0
75189,58,59,-1,1
75190,69,71,-2,2
75191,72,72,0,0
75192,158,158,0,0
75193,93,102,-9,9
75194,80,80,0,0
75195,142,132,10,10
75196,46,66,-20,20
75197,76,67,9,9
75198,129,167,-38,38
75199,82,82,0,0
75200,146,138,8,8
75201,93,92,1,1
75202,113,106,7,7
75203,142,150,-8,8
75204,72,70,2,2
75205,74,75,-1,1
75206,88,105,-17,17
75207,105,116,-11,11
75208,110,119,-9,9
75209,83,80,3,3
75210,27,61,-34,34
75211,136,135,1,1
75212,81,81,0,0
75213,98,91,7,7
75214,120,119,1,1
75215,92,80,12,12
75216,145,134,11,11
75217,137,137,0,0
75218,103,110,-7,7
75219,121,136,-15,15
75220,54,70,-16,16
75221,112,110,2,2
75222,76,75,1,1
75223,89,85,4,4
75224,160,132,28,28
75225,28,42,-14,14
75226,76,66,10,10
75227,165,162,3,3
75228,100,91,9,9
75229,152,142,10,10
75230,82,76,6,6
75231,94,84,10,10
75232,60,62,-2,2
75233,125,126,-1,1
75234,69,71,-2,2
75235,120,96,24,24
75236,91,87,4,4
75237,96,90,6,6
75238,45,47,-2,2
75239,56,59,-3,3
75240,76,74,2,2
75241,75,79,-4,4
75242,79,84,-5,5
75243,124,123,1,1
75244,106,94,12,12
75245,122,120,2,2
75246,51,58,-7,7
75247,69,69,0,0
75248,85,92,-7,7
75249,115,150,-35,35
75250,115,107,8,8
75251,115,109,6,6
75252,60,69,-9,9
75253,76,76,0,0
75254,32,42,-10,10
75255,79,79,0,0
75256,44,45,-1,1
75257,58,61,-3,3
75258,130,128,2,2
75259,132,126,6,6
75260,79,78,1,1
75261,92,93,-1,1
75262,144,144,0,0
75263,54,60,-6,6
75264,133,119,14,14
75265,64,73,-9,9
75266,92,93,-1,1
75267,156,154,2,2
75268,58,57,1,1
75269,82,73,9,9
75270,86,84,2,2
75271,173,167,6,6
75272,94,90,4,4
75273,60,65,-5,5
75274,108,105,3,3
75275,126,125,1,1
75276,56,59,-3,3
75277,98,100,-2,2
75278,92,79,13,13
75279,117,106,11,11
75280,52,52,0,0
75281,94,88,6,6
75282,78,74,4,4
75283,76,102,-26,26
75284,67,67,0,0
75285,124,128,-4,4
75286,128,127,1,1
75287,73,65,8,8
75288,62,60,2,2
75289,100,107,-7,7
75290,130,127,3,3
75291,61,62,-1,1
75292,262,234,28,28
75293,60,56,4,4
75294,102,111,-9,9
75295,57,59,-2,2
75296,97,105,-8,8
75297,84,88,-4,4
75298,61,85,-24,24
75299,135,128,7,7
75300,104,85,19,19
75301,79,80,-1,1
75302,187,165,22,22
75303,62,58,4,4
75304,94,87,7,7
75305,94,104,-10,10
75306,94,87,7,7
75307,126,117,9,9
75308,126,110,16,16
75309,108,98,10,10
75310,60,50,10,10
75311,93,105,-12,12
75312,53,62,-9,9
75313,61,62,-1,1
75314,79,76,3,3
75315,74,72,2,2
75316,50,46,4,4
75317,75,64,11,11
75318,40,50,-10,10
75319,47,47,0,0
75320,78,81,-3,3
75321,51,54,-3,3
75322,97,99,-2,2
75323,54,50,4,4
75324,100,100,0,0
75325,91,85,6,6
75326,48,54,-6,6
75327,46,46,0,0
75328,153,148,5,5
75329,123,120,3,3
75330,52,62,-10,10
75331,92,82,10,10
75332,71,79,-8,8
75333,141,129,12,12
75334,46,40,6,6
75335,72,74,-2,2
75336,84,80,4,4
75337,82,90,-8,8
75338,78,78,0,0
75339,77,67,10,10
75340,93,80,13,13
75341,47,50,-3,3
75342,67,65,2,2
75343,67,66,1,1
75344,113,104,9,9
75345,179,171,8,8
75346,95,96,-1,1
75347,164,159,5,5
75348,45,47,-2,2
75349,127,119,8,8
75350,118,126,-8,8
75351,96,91,5,5
75352,57,52,5,5
75353,151,148,3,3
75354,69,82,-13,13
75355,79,75,4,4
75356,86,87,-1,1
75357,186,179,7,7
75358,147,137,10,10
75359,109,112,-3,3
75360,97,88,9,9
75361,110,106,4,4
75362,69,68,1,1
75363,65,68,-3,3
75364,119,114,5,5
75365,58,63,-5,5
75366,77,74,3,3
75367,97,99,-2,2
75368,95,95,0,0
75369,123,128,-5,5
75370,107,131,-24,24
75371,117,112,5,5
75372,72,85,-13,13
75373,119,109,10,10
75374,103,99,4,4
75375,129,132,-3,3
75376,83,75,8,8
75377,248,252,-4,4
75378,93,82,11,11
75379,129,131,-2,2
75380,68,78,-10,10
75381,117,115,2,2
75382,87,86,1,1
75383,118,111,7,7
75384,98,92,6,6
75385,103,108,-5,5
75386,69,68,1,1
75387,110,106,4,4
75388,125,119,6,6
75389,113,111,2,2
75390,112,105,7,7
75391,81,75,6,6
75392,86,91,-5,5
75393,148,140,8,8
75394,102,95,7,7
75395,31,37,-6,6
75396,64,66,-2,2
75397,114,117,-3,3
75398,87,91,-4,4
75399,127,122,5,5
75400,91,97,-6,6
75401,74,68,6,6
75402,175,160,15,15
75403,223,180,43,43
75404,87,77,10,10
75405,67,63,4,4
75406,59,56,3,3
75407,104,88,16,16
75408,64,92,-28,28
75409,149,160,-11,11
75410,125,120,5,5
75411,45,46,-1,1
75412,93,96,-3,3
75413,86,86,0,0
75414,80,73,7,7
75415,73,59,14,14
75416,92,84,8,8
75417,120,138,-18,18
75418,126,118,8,8
75419,73,74,-1,1
75420,54,56,-2,2
75421,65,69,-4,4
75422,100,98,2,2
75423,105,98,7,7
75424,85,79,6,6
75425,100,93,7,7
75426,81,85,-4,4
75427,67,66,1,1
75428,174,171,3,3
75429,132,128,4,4
75430,127,104,23,23
75431,96,103,-7,7
75432,73,76,-3,3
75433,86,80,6,6
75434,73,74,-1,1
75435,124,123,1,1
75436,75,72,3,3
75437,49,61,-12,12
75438,99,127,-28,28
75439,55,57,-2,2
75440,141,115,26,26
75441,62,67,-5,5
75442,75,70,5,5
75443,99,95,4,4
75444,97,91,6,6
75445,104,101,3,3
75446,96,87,9,9
75447,122,122,0,0
75448,101,87,14,14
75449,109,113,-4,4
75450,111,109,2,2
75451,99,88,11,11
75452,77,83,-6,6
75453,118,125,-7,7
75454,89,88,1,1
75455,75,81,-6,6
75456,59,56,3,3
75457,57,62,-5,5
75458,99,91,8,8
75459,88,73,15,15
75460,106,97,9,9
75461,101,105,-4,4
75462,131,126,5,5
75463,127,125,2,2
75464,65,62,3,3
75465,101,90,11,11
75466,140,134,6,6
75467,122,118,4,4
75468,80,78,2,2
75469,128,135,-7,7
75470,85,86,-1,1
75471,111,114,-3,3
75472,78,89,-11,11
75473,93,92,1,1
75474,42,46,-4,4
75475,66,50,16,16
75476,95,100,-5,5
75477,90,76,14,14
75478,100,106,-6,6
75479,82,80,2,2
75480,67,76,-9,9
75481,105,102,3,3
75482,110,99,11,11
75483,56,57,-1,1
75484,37,38,-1,1
75485,65,70,-5,5
75486,72,73,-1,1
75487,106,108,-2,2
75488,99,91,8,8
75489,104,102,2,2
75490,87,89,-2,2
75491,76,84,-8,8
75492,53,44,9,9
75493,57,62,-5,5
75494,69,62,7,7
75495,83,77,6,6
75496,56,59,-3,3
75497,78,77,1,1
75498,95,104,-9,9
75499,78,80,-2,2
75500,74,71,3,3
75501,82,105,-23,23
75502,95,89,6,6
75503,85,81,4,4
75504,63,68,-5,5
75505,124,125,-1,1
75506,67,62,5,5
75507,112,111,1,1
75508,94,92,2,2
75509,69,65,4,4
75510,121,131,-10,10
75511,82,86,-4,4
75512,111,108,3,3
75513,126,128,-2,2
75514,74,67,7,7
75515,81,74,7,7
75516,100,102,-2,2
75517,148,139,9,9
75518,88,89,-1,1
75519,70,67,3,3
75520,150,133,17,17
75521,88,80,8,8
75522,28,34,-6,6
75523,93,89,4,4
75524,96,106,-10,10
75525,90,88,2,2
75526,150,164,-14,14
75527,75,81,-6,6
75528,93,100,-7,7
75529,150,146,4,4
75530,123,100,23,23
75531,133,136,-3,3
75532,69,85,-16,16
75533,167,141,26,26
75534,46,57,-11,11
75535,92,97,-5,5
75536,54,57,-3,3
75537,154,142,12,12
75538,45,48,-3,3
75539,137,135,2,2
75540,115,108,7,7
75541,99,88,11,11
75542,93,85,8,8
75543,83,77,6,6
75544,115,103,12,12
75545,23,52,-29,29
75546,92,94,-2,2
75547,85,87,-2,2
75548,80,72,8,8
75549,190,192,-2,2
75550,95,88,7,7
75551,153,131,22,22
75552,83,87,-4,4
75553,51,48,3,3
75554,85,82,3,3
75555,85,89,-4,4
75556,59,69,-10,10
75557,172,162,10,10
75558,53,53,0,0
75559,128,116,12,12
75560,72,72,0,0
75561,130,120,10,10
75562,54,58,-4,4
75563,145,120,25,25
75564,94,100,-6,6
75565,111,109,2,2
75566,35,64,-29,29
75567,74,79,-5,5
75568,85,92,-7,7
75569,129,123,6,6
75570,49,55,-6,6
75571,56,64,-8,8
75572,99,95,4,4
75573,79,98,-19,19
75574,129,124,5,5
75575,74,74,0,0
75576,78,85,-7,7
75577,70,72,-2,2
75578,157,175,-18,18
75579,98,98,0,0
75580,66,70,-4,4
75581,75,79,-4,4
75582,76,70,6,6
75583,94,101,-7,7
75584,100,92,8,8
75585,50,48,2,2
75586,98,98,0,0
75587,96,101,-5,5
75588,134,134,0,0
75589,108,96,12,12
75590,212,207,5,5
75591,138,139,-1,1
75592,88,83,5,5
75593,12,26,-14,14
75594,66,64,2,2
75595,98,87,11,11
75596,110,104,6,6
75597,75,71,4,4
75598,146,152,-6,6
75599,176,183,-7,7
75600,91,83,8,8
75601,88,84,4,4
75602,51,51,0,0
75603,190,177,13,13
75604,128,128,0,0
75605,74,74,0,0
75606,83,86,-3,3
75607,64,66,-2,2
75608,127,128,-1,1
75609,130,120,10,10
75610,95,87,8,8
75611,66,142,-76,76
75612,46,36,10,10
75613,79,81,-2,2
75614,110,106,4,4
75615,116,113,3,3
75616,68,71,-3,3
75617,70,78,-8,8
75618,59,73,-14,14
75619,107,96,11,11
75620,77,89,-12,12
75621,97,120,-23,23
75622,160,153,7,7
75623,130,142,-12,12
75624,60,59,1,1
75625,104,98,6,6
75626,91,92,-1,1
75627,89,100,-11,11
75628,49,55,-6,6
75629,155,153,2,2
75630,94,91,3,3
75631,146,146,0,0
75632,87,92,-5,5
75633,127,122,5,5
75634,79,85,-6,6
75635,93,92,1,1
75636,121,127,-6,6
75637,74,67,7,7
75638,113,113,0,0
75639,163,152,11,11
75640,122,107,15,15
75641,118,123,-5,5
75642,56,59,-3,3
75643,129,120,9,9
75644,128,122,6,6
75645,159,147,12,12
75646,62,65,-3,3
75647,108,108,0,0
75648,72,69,3,3
75649,79,79,0,0
75650,166,162,4,4
75651,62,70,-8,8
75652,144,147,-3,3
75653,129,123,6,6
75654,72,71,1,1
75655,93,84,9,9
75656,86,98,-12,12
75657,126,122,4,4
75658,86,84,2,2
75659,87,88,-1,1
75660,183,178,5,5
75661,68,66,2,2
75662,80,74,6,6
75663,63,68,-5,5
75664,61,65,-4,4
75665,103,102,1,1
75666,46,48,-2,2
75667,107,96,11,11
75668,127,125,2,2
75669,89,83,6,6
75670,104,106,-2,2
75671,82,87,-5,5
75672,114,119,-5,5
75673,82,79,3,3
75674,109,112,-3,3
75675,105,104,1,1
75676,67,70,-3,3
75677,64,60,4,4
75678,109,106,3,3
75679,50,51,-1,1
75680,49,52,-3,3
75681,89,93,-4,4
75682,163,161,2,2
75683,64,72,-8,8
75684,180,169,11,11
75685,73,122,-49,49
75686,155,146,9,9
75687,106,112,-6,6
75688,102,94,8,8
75689,142,140,2,2
75690,62,64,-2,2
75691,93,92,1,1
75692,125,104,21,21
75693,71,69,2,2
75694,62,66,-4,4
75695,129,119,10,10
75696,109,120,-11,11
75697,174,167,7,7
75698,103,107,-4,4
75699,124,111,13,13
75700,74,76,-2,2
75701,96,89,7,7
75702,112,109,3,3
75703,78,81,-3,3
75704,59,56,3,3
75705,54,60,-6,6
75706,86,80,6,6
75707,99,111,-12,12
75708,120,136,-16,16
75709,134,124,10,10
75710,141,132,9,9
75711,99,104,-5,5
75712,92,94,-2,2
75713,121,117,4,4
75714,74,72,2,2
75715,101,89,12,12
75716,14,93,-79,79
75717,80,82,-2,2
75718,88,81,7,7
75719,60,66,-6,6
75720,112,114,-2,2
75721,153,134,19,19
75722,108,102,6,6
75723,98,100,-2,2
75724,78,96,-18,18
75725,115,142,-27,27
75726,71,69,2,2
75727,129,129,0,0
75728,56,59,-3,3
75729,68,64,4,4
75730,80,82,-2,2
75731,110,123,-13,13
75732,86,96,-10,10
75733,139,135,4,4
75734,125,122,3,3
75735,73,74,-1,1
75736,122,115,7,7
75737,99,104,-5,5
75738,78,72,6,6
75739,150,138,12,12
75740,112,89,23,23
75741,95,98,-3,3
75742,85,81,4,4
75743,67,68,-1,1
75744,91,84,7,7
75745,110,100,10,10
75746,88,73,15,15
75747,115,127,-12,12
75748,78,77,1,1
75749,89,97,-8,8
75750,71,70,1,1
75751,65,59,6,6
75752,67,80,-13,13
75753,144,134,10,10
75754,98,101,-3,3
75755,78,75,3,3
75756,130,137,-7,7
75757,75,75,0,0
75758,83,79,4,4
75759,72,68,4,4
75760,106,102,4,4
75761,44,45,-1,1
75762,108,104,4,4
75763,80,66,14,14
75764,98,104,-6,6
75765,97,95,2,2
75766,124,136,-12,12
75767,96,84,12,12
75768,71,74,-3,3
75769,118,123,-5,5
75770,115,108,7,7
75771,88,87,1,1
75772,104,99,5,5
75773,75,69,6,6
75774,115,106,9,9
75775,94,84,10,10
75776,97,98,-1,1
75777,71,67,4,4
75778,73,83,-10,10
75779,64,68,-4,4
75780,61,67,-6,6
75781,46,46,0,0
75782,81,76,5,5
75783,56,61,-5,5
75784,99,98,1,1
75785,131,142,-11,11
75786,75,83,-8,8
75787,74,67,7,7
75788,111,110,1,1
75789,136,134,2,2
75790,81,78,3,3
75791,50,54,-4,4
75792,95,92,3,3
75793,108,121,-13,13
75794,62,105,-43,43
75795,78,78,0,0
75796,92,85,7,7
75797,42,43,-1,1
75798,102,107,-5,5
75799,104,110,-6,6
75800,55,64,-9,9
75801,69,75,-6,6
75802,90,88,2,2
75803,63,77,-14,14
75804,101,103,-2,2
75805,43,42,1,1
75806,69,75,-6,6
75807,109,105,4,4
75808,142,146,-4,4
75809,140,135,5,5
75810,67,69,-2,2
75811,62,63,-1,1
75812,114,102,12,12
75813,107,105,2,2
75814,85,99,-14,14
75815,167,163,4,4
75816,163,169,-6,6
75817,85,87,-2,2
75818,73,81,-8,8
75819,109,101,8,8
75820,61,64,-3,3
75821,77,80,-3,3
75822,207,180,27,27
75823,99,96,3,3
75824,182,171,11,11
75825,99,95,4,4
75826,83,87,-4,4
75827,75,78,-3,3
75828,139,137,2,2
75829,47,43,4,4
75830,65,79,-14,14
75831,143,117,26,26
75832,73,80,-7,7
75833,79,83,-4,4
75834,85,79,6,6
75835,88,94,-6,6
75836,141,136,5,5
75837,71,95,-24,24
75838,96,90,6,6
75839,153,145,8,8
75840,133,119,14,14
75841,80,85,-5,5
75842,171,178,-7,7
75843,125,131,-6,6
75844,91,83,8,8
75845,61,63,-2,2
75846,131,119,12,12
75847,136,114,22,22
75848,58,54,4,4
75849,93,87,6,6
75850,88,84,4,4
75851,68,68,0,0
75852,129,130,-1,1
75853,127,113,14,14
75854,98,144,-46,46
75855,87,85,2,2
75856,84,85,-1,1
75857,51,81,-30,30
75858,72,70,2,2
75859,144,139,5,5
75860,96,96,0,0
75861,61,54,7,7
75862,86,81,5,5
75863,78,73,5,5
75864,51,54,-3,3
75865,151,146,5,5
75866,109,102,7,7
75867,108,114,-6,6
75868,80,77,3,3
75869,67,58,9,9
75870,125,140,-15,15
75871,75,66,9,9
75872,176,174,2,2
75873,105,107,-2,2
75874,82,90,-8,8
75875,146,146,0,0
75876,49,86,-37,37
75877,68,85,-17,17
75878,119,121,-2,2
75879,40,41,-1,1
75880,118,119,-1,1
75881,65,63,2,2
75882,92,102,-10,10
75883,69,63,6,6
75884,110,104,6,6
75885,94,89,5,5
75886,152,177,-25,25
75887,118,118,0,0
75888,72,70,2,2
75889,141,134,7,7
75890,43,47,-4,4
75891,122,116,6,6
75892,73,72,1,1
75893,92,94,-2,2
75894,101,116,-15,15
75895,66,71,-5,5
75896,70,63,7,7
75897,43,48,-5,5
75898,84,77,7,7
75899,83,98,-15,15
75900,71,66,5,5
75901,97,86,11,11
75902,116,116,0,0
75903,107,116,-9,9
75904,152,146,6,6
75905,130,150,-20,20
75906,49,48,1,1
75907,111,107,4,4
75908,124,109,15,15
75909,75,74,1,1
75910,112,132,-20,20
75911,111,115,-4,4
75912,97,97,0,0
75913,47,42,5,5
75914,114,100,14,14
75915,107,113,-6,6
75916,93,92,1,1
75917,107,106,1,1
75918,114,110,4,4
75919,124,131,-7,7
75920,133,121,12,12
75921,64,61,3,3
75922,80,81,-1,1
75923,155,142,13,13
75924,98,114,-16,16
75925,82,66,16,16
75926,50,54,-4,4
75927,64,61,3,3
75928,97,103,-6,6
75929,123,110,13,13
75930,46,52,-6,6
75931,78,71,7,7
75932,122,122,0,0
75933,181,165,16,16
75934,64,71,-7,7
75935,56,61,-5,5
75936,72,81,-9,9
75937,141,132,9,9
75938,126,118,8,8
75939,71,61,10,10
75940,81,68,13,13
75941,137,127,10,10
75942,91,91,0,0
75943,117,108,9,9
75944,160,158,2,2
75945,101,87,14,14
75946,55,64,-9,9
75947,104,107,-3,3
75948,72,73,-1,1
75949,165,162,3,3
75950,74,67,7,7
75951,72,73,-1,1
75952,138,118,20,20
75953,87,93,-6,6
75954,66,62,4,4
75955,78,80,-2,2
75956,80,74,6,6
75957,111,114,-3,3
75958,132,127,5,5
75959,70,71,-1,1
75960,96,92,4,4
75961,127,127,0,0
75962,121,118,3,3
75963,57,54,3,3
75964,203,195,8,8
75965,94,94,0,0
75966,81,93,-12,12
75967,52,53,-1,1
75968,150,137,13,13
75969,83,110,-27,27
75970,99,88,11,11
75971,64,65,-1,1
75972,79,79,0,0
75973,81,82,-1,1
75974,47,51,-4,4
75975,54,55,-1,1
75976,152,143,9,9
75977,44,47,-3,3
75978,87,87,0,0
75979,161,155,6,6
75980,83,84,-1,1
75981,75,78,-3,3
75982,111,118,-7,7
75983,60,55,5,5
75984,98,89,9,9
75985,74,79,-5,5
75986,81,75,6,6
75987,113,113,0,0
75988,110,101,9,9
75989,84,87,-3,3
75990,57,54,3,3
75991,70,70,0,0
75992,175,162,13,13
75993,95,98,-3,3
75994,94,91,3,3
75995,107,104,3,3
75996,75,80,-5,5
75997,85,93,-8,8
75998,162,142,20,20
75999,93,93,0,0
76000,73,78,-5,5
76001,86,88,-2,2
76002,179,174,5,5
76003,202,197,5,5
76004,98,100,-2,2
76005,85,89,-4,4
76006,37,46,-9,9
76007,121,114,7,7
76008,128,120,8,8
76009,87,93,-6,6
76010,141,144,-3,3
76011,70,61,9,9
76012,151,157,-6,6
76013,116,119,-3,3
76014,81,75,6,6
76015,81,76,5,5
76016,89,89,0,0
76017,124,106,18,18
76018,94,95,-1,1
76019,56,64,-8,8
76020,151,146,5,5
76021,157,151,6,6
76022,70,72,-2,2
76023,154,150,4,4
76024,130,127,3,3
76025,121,114,7,7
76026,119,125,-6,6
76027,94,97,-3,3
76028,62,71,-9,9
76029,99,89,10,10
76030,82,72,10,10
76031,145,147,-2,2
76032,107,121,-14,14
76033,107,109,-2,2
76034,128,118,10,10
76035,52,52,0,0
76036,103,100,3,3
76037,70,71,-1,1
76038,161,161,0,0
76039,74,78,-4,4
76040,70,63,7,7
76041,114,106,8,8
76042,150,151,-1,1
76043,105,119,-14,14
76044,119,128,-9,9
76045,71,79,-8,8
76046,102,93,9,9
76047,43,53,-10,10
76048,84,84,0,0
76049,70,79,-9,9
76050,82,81,1,1
76051,74,62,12,12
76052,98,100,-2,2
76053,55,62,-7,7
76054,110,109,1,1
76055,145,153,-8,8
76056,80,78,2,2
76057,137,131,6,6
76058,77,88,-11,11
76059,80,72,8,8
76060,73,68,5,5
76061,83,74,9,9
76062,100,90,10,10
76063,85,83,2,2
76064,101,103,-2,2
76065,79,83,-4,4
76066,89,100,-11,11
76067,60,63,-3,3
76068,112,94,18,18
76069,173,168,5,5
76070,60,57,3,3
76071,41,39,2,2
76072,57,61,-4,4
76073,88,92,-4,4
76074,101,89,12,12
76075,82,73,9,9
76076,100,97,3,3
76077,85,88,-3,3
76078,117,99,18,18
76079,83,86,-3,3
76080,162,144,18,18
76081,59,60,-1,1
76082,127,120,7,7
76083,170,156,14,14
76084,114,105,9,9
76085,111,107,4,4
76086,44,48,-4,4
76087,91,98,-7,7
76088,76,84,-8,8
76089,64,69,-5,5
76090,67,62,5,5
76091,135,130,5,5
76092,75,74,1,1
76093,110,106,4,4
76094,84,79,5,5
76095,77,73,4,4
76096,97,96,1,1
76097,85,91,-6,6
76098,61,54,7,7
76099,86,85,1,1
76100,75,72,3,3
76101,83,115,-32,32
76102,168,164,4,4
76103,97,99,-2,2
76104,64,65,-1,1
76105,126,116,10,10
76106,85,88,-3,3
76107,111,111,0,0
76108,87,80,7,7
76109,101,116,-15,15
76110,162,117,45,45
76111,143,147,-4,4
76112,123,114,9,9
76113,82,75,7,7
76114,101,98,3,3
76115,92,101,-9,9
76116,87,97,-10,10
76117,93,86,7,7
76118,100,107,-7,7
76119,92,84,8,8
76120,85,76,9,9
76121,49,47,2,2
76122,79,90,-11,11
76123,58,55,3,3
76124,85,93,-8,8
76125,61,61,0,0
76126,140,140,0,0
76127,127,133,-6,6
76128,152,150,2,2
76129,67,63,4,4
76130,64,62,2,2
76131,136,132,4,4
76132,74,69,5,5
76133,100,89,11,11
76134,158,143,15,15
76135,80,84,-4,4
76136,88,85,3,3
76137,110,118,-8,8
76138,74,64,10,10
76139,116,122,-6,6
76140,82,78,4,4
76141,117,110,7,7
76142,81,80,1,1
76143,74,73,1,1
76144,104,107,-3,3
76145,147,135,12,12
76146,82,78,4,4
76147,50,47,3,3
76148,180,175,5,5
76149,182,188,-6,6
76150,63,75,-12,12
76151,190,168,22,22
76152,122,138,-16,16
76153,99,93,6,6
76154,66,69,-3,3
76155,53,67,-14,14
76156,63,64,-1,1
76157,125,137,-12,12
76158,112,104,8,8
76159,85,87,-2,2
76160,56,62,-6,6
76161,85,80,5,5
76162,70,76,-6,6
76163,83,90,-7,7
76164,135,134,1,1
76165,57,53,4,4
76166,84,80,4,4
76167,90,101,-11,11
76168,59,76,-17,17
76169,77,72,5,5
76170,64,59,5,5
76171,99,104,-5,5
76172,109,104,5,5
76173,97,101,-4,4
76174,92,85,7,7
76175,87,92,-5,5
76176,42,45,-3,3
76177,74,84,-10,10
76178,162,181,-19,19
76179,125,118,7,7
76180,178,182,-4,4
76181,98,112,-14,14
76182,89,97,-8,8
76183,72,64,8,8
76184,78,75,3,3
76185,53,60,-7,7
76186,85,81,4,4
76187,122,118,4,4
76188,101,104,-3,3
76189,81,82,-1,1
76190,128,95,33,33
76191,98,101,-3,3
76192,154,162,-8,8
76193,122,128,-6,6
76194,63,60,3,3
76195,83,86,-3,3
76196,98,98,0,0
76197,70,73,-3,3
76198,89,103,-14,14
76199,111,121,-10,10
76200,44,52,-8,8
76201,48,51,-3,3
76202,104,101,3,3
76203,106,104,2,2
76204,148,130,18,18
76205,128,131,-3,3
76206,118,113,5,5
76207,105,90,15,15
76208,141,148,-7,7
76209,115,106,9,9
76210,161,157,4,4
76211,71,94,-23,23
76212,149,142,7,7
76213,77,76,1,1
76214,117,110,7,7
76215,119,116,3,3
76216,116,104,12,12
76217,88,81,7,7
76218,107,108,-1,1
76219,72,85,-13,13
76220,137,154,-17,17
76221,122,124,-2,2
76222,126,127,-1,1
76223,50,62,-12,12
76224,119,106,13,13
76225,79,72,7,7
76226,124,126,-2,2
76227,128,131,-3,3
76228,132,117,15,15
76229,90,85,5,5
76230,95,94,1,1
76231,97,90,7,7
76232,63,66,-3,3
76233,109,104,5,5
76234,133,144,-11,11
76235,104,100,4,4
76236,35,74,-39,39
76237,72,71,1,1
76238,65,67,-2,2
76239,120,115,5,5
76240,135,160,-25,25
76241,130,118,12,12
76242,137,139,-2,2
76243,81,77,4,4
76244,83,86,-3,3
76245,51,53,-2,2
76246,77,82,-5,5
76247,116,108,8,8
76248,72,82,-10,10
76249,97,99,-2,2
76250,78,71,7,7
76251,63,61,2,2
76252,130,135,-5,5
76253,158,156,2,2
76254,75,79,-4,4
76255,76,74,2,2
76256,101,99,2,2
76257,44,50,-6,6
76258,74,72,2,2
76259,98,89,9,9
76260,134,141,-7,7
76261,104,99,5,5
76262,88,87,1,1
76263,179,170,9,9
76264,46,53,-7,7
76265,141,141,0,0
76266,91,82,9,9
76267,72,74,-2,2
76268,82,81,1,1
76269,73,68,5,5
76270,139,133,6,6
76271,124,123,1,1
76272,100,95,5,5
76273,98,94,4,4
76274,80,82,-2,2
76275,97,115,-18,18
76276,62,65,-3,3
76277,136,134,2,2
76278,93,89,4,4
76279,104,106,-2,2
76280,158,154,4,4
76281,105,100,5,5
76282,82,65,17,17
76283,150,149,1,1
76284,161,148,13,13
76285,68,65,3,3
76286,97,99,-2,2
76287,106,101,5,5
76288,75,72,3,3
76289,95,95,0,0
76290,84,82,2,2
76291,144,130,14,14
76292,115,115,0,0
76293,45,54,-9,9
76294,99,96,3,3
76295,91,88,3,3
76296,75,68,7,7
76297,134,123,11,11
76298,69,68,1,1
76299,74,71,3,3
76300,53,59,-6,6
76301,74,77,-3,3
76302,95,94,1,1
76303,54,60,-6,6
76304,96,91,5,5
76305,93,91,2,2
76306,108,107,1,1
76307,104,118,-14,14
76308,80,78,2,2
76309,87,74,13,13
76310,98,104,-6,6
76311,60,62,-2,2
76312,65,64,1,1
76313,75,81,-6,6
76314,80,90,-10,10
76315,81,92,-11,11
76316,123,117,6,6
76317,89,98,-9,9
76318,142,138,4,4
76319,64,60,4,4
76320,100,104,-4,4
76321,45,61,-16,16
76322,118,107,11,11
76323,73,76,-3,3
76324,74,72,2,2
76325,102,103,-1,1
76326,66,79,-13,13
76327,120,126,-6,6
76328,57,54,3,3
76329,149,135,14,14
76330,131,135,-4,4
76331,81,78,3,3
76332,61,62,-1,1
76333,89,89,0,0
76334,66,62,4,4
76335,64,63,1,1
76336,76,82,-6,6
76337,124,119,5,5
76338,48,60,-12,12
76339,68,65,3,3
76340,100,103,-3,3
76341,96,96,0,0
76342,50,47,3,3
76343,85,90,-5,5
76344,85,87,-2,2
76345,61,66,-5,5
76346,91,80,11,11
76347,72,69,3,3
76348,129,117,12,12
76349,104,100,4,4
76350,54,66,-12,12
76351,53,52,1,1
76352,105,113,-8,8
76353,91,108,-17,17
76354,66,76,-10,10
76355,59,59,0,0
76356,118,117,1,1
76357,109,117,-8,8
76358,63,65,-2,2
76359,63,54,9,9
76360,68,64,4,4
76361,166,178,-12,12
76362,84,76,8,8
76363,66,64,2,2
76364,100,109,-9,9
76365,104,97,7,7
76366,65,63,2,2
76367,57,59,-2,2
76368,99,93,6,6
76369,96,115,-19,19
76370,71,69,2,2
76371,57,61,-4,4
76372,105,111,-6,6
76373,88,81,7,7
76374,54,53,1,1
76375,181,169,12,12
76376,100,98,2,2
76377,103,100,3,3
76378,138,127,11,11
76379,65,65,0,0
76380,71,75,-4,4
76381,70,69,1,1
76382,72,67,5,5
76383,66,60,6,6
76384,79,78,1,1
76385,169,167,2,2
76386,129,122,7,7
76387,129,103,26,26
76388,63,62,1,1
76389,92,87,5,5
76390,109,113,-4,4
76391,58,61,-3,3
76392,108,99,9,9
76393,107,97,10,10
76394,162,154,8,8
76395,57,59,-2,2
76396,109,117,-8,8
76397,86,89,-3,3
76398,91,85,6,6
76399,89,81,8,8
76400,93,95,-2,2
76401,70,64,6,6
76402,73,72,1,1
76403,71,69,2,2
76404,59,51,8,8
76405,166,163,3,3
76406,71,64,7,7
76407,71,61,10,10
76408,132,117,15,15
76409,103,110,-7,7
76410,114,103,11,11
76411,103,110,-7,7
76412,98,96,2,2
76413,92,83,9,9
76414,102,110,-8,8
76415,113,117,-4,4
76416,130,153,-23,23
76417,56,61,-5,5
76418,127,121,6,6
76419,53,70,-17,17
76420,129,124,5,5
76421,93,91,2,2
76422,133,121,12,12
76423,93,91,2,2
76424,92,93,-1,1
76425,45,52,-7,7
76426,96,84,12,12
76427,104,128,-24,24
76428,65,61,4,4
76429,114,110,4,4
76430,52,52,0,0
76431,80,83,-3,3
76432,135,134,1,1
76433,78,109,-31,31
76434,69,64,5,5
76435,61,66,-5,5
76436,75,68,7,7
76437,131,134,-3,3
76438,108,117,-9,9
76439,96,95,1,1
76440,178,164,14,14
76441,171,177,-6,6
76442,81,78,3,3
76443,91,85,6,6
76444,69,76,-7,7
76445,146,139,7,7
76446,111,98,13,13
76447,65,67,-2,2
76448,86,82,4,4
76449,79,88,-9,9
76450,108,93,15,15
76451,94,93,1,1
76452,107,106,1,1
76453,100,95,5,5
76454,121,112,9,9
76455,144,157,-13,13
76456,66,67,-1,1
76457,40,46,-6,6
76458,99,101,-2,2
76459,32,44,-12,12
76460,69,64,5,5
76461,145,143,2,2
76462,76,79,-3,3
76463,85,80,5,5
76464,53,54,-1,1
76465,27,38,-11,11
76466,55,72,-17,17
76467,41,39,2,2
76468,57,62,-5,5
76469,83,78,5,5
76470,77,74,3,3
76471,85,98,-13,13
76472,118,106,12,12
76473,55,58,-3,3
76474,62,59,3,3
76475,111,107,4,4
76476,108,106,2,2
76477,89,93,-4,4
76478,97,87,10,10
76479,94,102,-8,8
76480,61,61,0,0
76481,82,89,-7,7
76482,83,87,-4,4
76483,140,124,16,16
76484,152,131,21,21
76485,86,79,7,7
76486,33,41,-8,8
76487,88,84,4,4
76488,71,70,1,1
76489,97,113,-16,16
76490,81,85,-4,4
76491,129,125,4,4
76492,55,59,-4,4
76493,122,125,-3,3
76494,103,112,-9,9
76495,98,91,7,7
76496,89,82,7,7
76497,87,82,5,5
76498,79,83,-4,4
76499,98,107,-9,9
76500,49,65,-16,16
76501,82,81,1,1
76502,120,120,0,0
76503,108,108,0,0
76504,169,154,15,15
76505,161,158,3,3
76506,134,137,-3,3
76507,96,99,-3,3
76508,56,66,-10,10
76509,101,103,-2,2
76510,86,92,-6,6
76511,82,84,-2,2
76512,85,89,-4,4
76513,79,72,7,7
76514,78,81,-3,3
76515,105,91,14,14
76516,142,138,4,4
76517,65,79,-14,14
76518,57,65,-8,8
76519,81,79,2,2
76520,139,111,28,28
76521,84,82,2,2
76522,81,83,-2,2
76523,154,136,18,18
76524,147,137,10,10
76525,153,144,9,9
76526,73,77,-4,4
76527,141,136,5,5
76528,43,50,-7,7
76529,101,97,4,4
76530,42,47,-5,5
76531,78,76,2,2
76532,97,110,-13,13
76533,65,67,-2,2
76534,58,61,-3,3
76535,79,88,-9,9
76536,95,91,4,4
76537,105,121,-16,16
76538,37,49,-12,12
76539,82,96,-14,14
76540,130,123,7,7
76541,99,105,-6,6
76542,125,104,21,21
76543,51,61,-10,10
76544,87,86,1,1
76545,147,153,-6,6
76546,61,54,7,7
76547,122,122,0,0
76548,70,77,-7,7
76549,81,72,9,9
76550,93,90,3,3
76551,136,135,1,1
76552,61,63,-2,2
76553,75,82,-7,7
76554,118,102,16,16
76555,110,116,-6,6
76556,153,161,-8,8
76557,57,58,-1,1
76558,128,115,13,13
76559,118,107,11,11
76560,81,89,-8,8
76561,82,77,5,5
76562,126,123,3,3
76563,110,107,3,3
76564,91,93,-2,2
76565,106,85,21,21
76566,92,90,2,2
76567,74,81,-7,7
76568,119,116,3,3
76569,47,50,-3,3
76570,81,90,-9,9
76571,101,93,8,8
76572,91,88,3,3
76573,68,69,-1,1
76574,119,112,7,7
76575,90,85,5,5
76576,104,108,-4,4
76577,80,85,-5,5
76578,84,92,-8,8
76579,132,118,14,14
76580,32,67,-35,35
76581,139,134,5,5
76582,85,78,7,7
76583,83,82,1,1
76584,55,54,1,1
76585,98,110,-12,12
76586,177,171,6,6
76587,81,85,-4,4
76588,90,97,-7,7
76589,133,119,14,14
76590,85,66,19,19
76591,58,53,5,5
76592,133,128,5,5
76593,81,79,2,2
76594,149,139,10,10
76595,107,104,3,3
76596,113,92,21,21
76597,108,101,7,7
76598,93,88,5,5
76599,100,90,10,10
76600,66,71,-5,5
76601,109,99,10,10
76602,77,86,-9,9
76603,208,181,27,27
76604,79,85,-6,6
76605,74,66,8,8
76606,74,70,4,4
76607,131,124,7,7
76608,127,113,14,14
76609,77,70,7,7
76610,100,77,23,23
76611,82,111,-29,29
76612,100,107,-7,7
76613,65,72,-7,7
76614,97,104,-7,7
76615,146,130,16,16
76616,99,85,14,14
76617,117,109,8,8
76618,71,72,-1,1
76619,60,62,-2,2
76620,75,75,0,0
76621,46,43,3,3
76622,121,105,16,16
76623,55,54,1,1
76624,119,121,-2,2
76625,178,174,4,4
76626,131,127,4,4
76627,123,117,6,6
76628,99,99,0,0
76629,164,143,21,21
76630,69,70,-1,1
76631,55,54,1,1
76632,148,152,-4,4
76633,67,64,3,3
76634,138,138,0,0
76635,115,108,7,7
76636,134,128,6,6
76637,91,100,-9,9
76638,94,90,4,4
76639,114,109,5,5
76640,92,87,5,5
76641,98,100,-2,2
76642,41,39,2,2
76643,49,58,-9,9
76644,59,71,-12,12
76645,90,86,4,4
76646,165,156,9,9
76647,53,53,0,0
76648,67,64,3,3
76649,77,74,3,3
76650,87,81,6,6
76651,65,62,3,3
76652,133,131,2,2
76653,98,95,3,3
76654,103,102,1,1
76655,85,81,4,4
76656,153,146,7,7
76657,85,73,12,12
76658,126,133,-7,7
76659,102,113,-11,11
76660,115,113,2,2
76661,78,89,-11,11
76662,152,159,-7,7
76663,72,68,4,4
76664,65,68,-3,3
76665,71,70,1,1
76666,134,138,-4,4
76667,104,106,-2,2
76668,54,62,-8,8
76669,133,124,9,9
76670,99,85,14,14
76671,69,71,-2,2
76672,169,169,0,0
76673,94,97,-3,3
76674,106,109,-3,3
76675,86,88,-2,2
76676,107,103,4,4
76677,52,54,-2,2
76678,71,77,-6,6
76679,87,80,7,7
76680,155,164,-9,9
76681,58,60,-2,2
76682,144,131,13,13
76683,111,104,7,7
76684,90,89,1,1
76685,74,62,12,12
76686,100,91,9,9
76687,112,112,0,0
76688,117,118,-1,1
76689,48,91,-43,43
76690,107,94,13,13
76691,144,140,4,4
76692,86,78,8,8
76693,101,94,7,7
76694,94,96,-2,2
76695,129,115,14,14
76696,132,132,0,0
76697,61,62,-1,1
76698,103,110,-7,7
76699,104,97,7,7
76700,135,117,18,18
76701,76,78,-2,2
76702,112,115,-3,3
76703,114,99,15,15
76704,69,63,6,6
76705,92,82,10,10
76706,80,84,-4,4
76707,139,126,13,13
76708,76,72,4,4
76709,71,64,7,7
76710,100,101,-1,1
76711,106,96,10,10
76712,145,141,4,4
76713,76,87,-11,11
76714,92,100,-8,8
76715,49,46,3,3
76716,110,105,5,5
76717,92,92,0,0
76718,173,148,25,25
76719,98,96,2,2
76720,175,153,22,22
76721,75,85,-10,10
76722,103,91,12,12
76723,111,125,-14,14
76724,215,211,4,4
76725,131,126,5,5
76726,67,74,-7,7
76727,127,139,-12,12
76728,72,74,-2,2
76729,43,67,-24,24
76730,65,61,4,4
76731,69,66,3,3
76732,149,158,-9,9
76733,75,66,9,9
76734,81,82,-1,1
76735,76,68,8,8
76736,53,61,-8,8
76737,79,87,-8,8
76738,152,139,13,13
76739,97,98,-1,1
76740,48,51,-3,3
76741,107,109,-2,2
76742,118,120,-2,2
76743,78,73,5,5
76744,98,96,2,2
76745,121,114,7,7
76746,108,102,6,6
76747,59,53,6,6
76748,95,97,-2,2
76749,98,100,-2,2
76750,71,69,2,2
76751,76,74,2,2
76752,100,109,-9,9
76753,70,69,1,1
76754,71,61,10,10
76755,94,75,19,19
76756,86,87,-1,1
76757,102,106,-4,4
76758,106,104,2,2
76759,74,84,-10,10
76760,49,59,-10,10
76761,103,96,7,7
76762,70,71,-1,1
76763,168,171,-3,3
76764,66,72,-6,6
76765,128,134,-6,6
76766,110,106,4,4
76767,82,72,10,10
76768,92,83,9,9
76769,187,184,3,3
76770,101,118,-17,17
76771,47,46,1,1
76772,72,72,0,0
76773,77,77,0,0
76774,30,38,-8,8
76775,124,126,-2,2
76776,218,191,27,27
76777,110,112,-2,2
76778,106,113,-7,7
76779,133,121,12,12
76780,88,75,13,13
76781,58,58,0,0
76782,184,167,17,17
76783,152,136,16,16
76784,87,92,-5,5
76785,167,154,13,13
76786,93,97,-4,4
76787,130,110,20,20
76788,96,85,11,11
76789,119,122,-3,3
76790,81,80,1,1
76791,52,51,1,1
76792,66,62,4,4
76793,102,109,-7,7
76794,76,70,6,6
76795,117,103,14,14
76796,98,92,6,6
76797,81,85,-4,4
76798,99,107,-8,8
76799,81,74,7,7
76800,64,71,-7,7
76801,139,142,-3,3
76802,84,84,0,0
76803,68,67,1,1
76804,42,42,0,0
76805,73,62,11,11
76806,158,120,38,38
76807,101,106,-5,5
76808,122,115,7,7
76809,76,86,-10,10
76810,129,155,-26,26
76811,99,88,11,11
76812,71,62,9,9
76813,80,76,4,4
76814,141,127,14,14
76815,48,46,2,2
76816,146,138,8,8
76817,83,85,-2,2
76818,102,99,3,3
76819,87,86,1,1
76820,83,76,7,7
76821,63,71,-8,8
76822,89,86,3,3
76823,142,134,8,8
76824,90,97,-7,7
76825,97,93,4,4
76826,130,127,3,3
76827,88,83,5,5
76828,146,148,-2,2
76829,118,106,12,12
76830,124,120,4,4
76831,108,117,-9,9
76832,53,58,-5,5
76833,78,79,-1,1
76834,54,54,0,0
76835,121,108,13,13
76836,105,115,-10,10
76837,47,60,-13,13
76838,58,54,4,4
76839,126,117,9,9
76840,165,148,17,17
76841,118,110,8,8
76842,54,54,0,0
76843,98,93,5,5
76844,39,36,3,3
76845,88,94,-6,6
76846,85,88,-3,3
76847,92,101,-9,9
76848,101,102,-1,1
76849,69,75,-6,6
76850,70,63,7,7
76851,57,91,-34,34
76852,89,87,2,2
76853,165,160,5,5
76854,88,88,0,0
76855,142,136,6,6
76856,109,114,-5,5
76857,105,103,2,2
76858,94,95,-1,1
76859,124,120,4,4
76860,119,115,4,4
76861,41,43,-2,2
76862,102,100,2,2
76863,90,73,17,17
76864,126,129,-3,3
76865,59,74,-15,15
76866,74,70,4,4
76867,104,110,-6,6
76868,101,99,2,2
76869,102,99,3,3
76870,123,128,-5,5
76871,90,87,3,3
76872,85,79,6,6
76873,85,93,-8,8
76874,57,56,1,1
76875,73,75,-2,2
76876,73,75,-2,2
76877,106,118,-12,12
76878,47,47,0,0
76879,91,96,-5,5
76880,93,80,13,13
76881,63,67,-4,4
76882,80,80,0,0
76883,71,70,1,1
76884,92,87,5,5
76885,125,121,4,4
76886,82,94,-12,12
76887,97,103,-6,6
76888,59,51,8,8
76889,125,138,-13,13
76890,115,106,9,9
76891,103,98,5,5
76892,97,97,0,0
76893,89,89,0,0
76894,78,76,2,2
76895,159,148,11,11
76896,117,125,-8,8
76897,100,92,8,8
76898,104,106,-2,2
76899,97,108,-11,11
76900,114,106,8,8
76901,118,125,-7,7
76902,99,84,15,15
76903,98,92,6,6
76904,114,114,0,0
76905,99,102,-3,3
76906,95,92,3,3
76907,68,74,-6,6
76908,119,114,5,5
76909,125,115,10,10
76910,74,77,-3,3
76911,97,90,7,7
76912,101,99,2,2
76913,157,155,2,2
76914,141,133,8,8
76915,132,137,-5,5
76916,104,105,-1,1
76917,85,88,-3,3
76918,110,109,1,1
76919,91,102,-11,11
76920,53,49,4,4
76921,81,80,1,1
76922,78,80,-2,2
76923,79,93,-14,14
76924,73,69,4,4
76925,81,84,-3,3
76926,89,82,7,7
76927,78,76,2,2
76928,122,107,15,15
76929,64,69,-5,5
76930,52,52,0,0
76931,87,90,-3,3
76932,134,133,1,1
76933,104,95,9,9
76934,116,122,-6,6
76935,102,109,-7,7
76936,160,136,24,24
76937,83,77,6,6
76938,159,168,-9,9
76939,130,138,-8,8
76940,92,87,5,5
76941,95,86,9,9
76942,179,188,-9,9
76943,132,111,21,21
76944,53,53,0,0
76945,100,100,0,0
76946,105,95,10,10
76947,77,78,-1,1
76948,115,112,3,3
76949,126,127,-1,1
76950,91,96,-5,5
76951,79,83,-4,4
76952,40,44,-4,4
76953,128,124,4,4
76954,145,135,10,10
76955,153,143,10,10
76956,81,75,6,6
76957,113,121,-8,8
76958,138,123,15,15
76959,100,105,-5,5
76960,77,70,7,7
76961,71,72,-1,1
76962,110,112,-2,2
76963,118,115,3,3
76964,137,141,-4,4
76965,94,95,-1,1
76966,65,64,1,1
76967,52,74,-22,22
76968,74,79,-5,5
76969,68,65,3,3
76970,101,104,-3,3
76971,104,98,6,6
76972,138,130,8,8
76973,71,69,2,2
76974,140,124,16,16
76975,83,84,-1,1
76976,91,90,1,1
76977,125,116,9,9
76978,77,83,-6,6
76979,63,55,8,8
76980,116,108,8,8
76981,102,104,-2,2
76982,121,130,-9,9
76983,116,112,4,4
76984,181,179,2,2
76985,112,123,-11,11
76986,151,157,-6,6
76987,127,120,7,7
76988,87,86,1,1
76989,123,124,-1,1
76990,74,85,-11,11
76991,161,157,4,4
76992,48,52,-4,4
76993,207,200,7,7
76994,124,125,-1,1
76995,91,99,-8,8
76996,104,99,5,5
76997,118,121,-3,3
76998,112,110,2,2
76999,70,67,3,3
77000,76,71,5,5
77001,133,123,10,10
77002,79,74,5,5
77003,56,66,-10,10
77004,111,135,-24,24
77005,48,53,-5,5
77006,80,65,15,15
77007,144,140,4,4
77008,39,40,-1,1
77009,91,94,-3,3
77010,97,94,3,3
77011,93,86,7,7
77012,142,133,9,9
77013,116,112,4,4
77014,86,80,6,6
77015,128,132,-4,4
77016,101,111,-10,10
77017,53,54,-1,1
77018,153,146,7,7
77019,69,80,-11,11
77020,101,94,7,7
77021,146,148,-2,2
77022,107,107,0,0
77023,86,88,-2,2
77024,44,49,-5,5
77025,64,71,-7,7
77026,90,69,21,21
77027,69,72,-3,3
77028,78,97,-19,19
77029,141,138,3,3
77030,54,51,3,3
77031,61,53,8,8
77032,140,128,12,12
77033,158,137,21,21
77034,96,93,3,3
77035,159,155,4,4
77036,155,135,20,20
77037,152,142,10,10
77038,62,53,9,9
77039,84,74,10,10
77040,197,188,9,9
77041,123,121,2,2
77042,80,80,0,0
77043,25,35,-10,10
77044,140,146,-6,6
77045,65,73,-8,8
77046,67,93,-26,26
77047,62,69,-7,7
77048,71,70,1,1
77049,138,138,0,0
77050,73,74,-1,1
77051,84,88,-4,4
77052,227,202,25,25
77053,97,91,6,6
77054,47,48,-1,1
77055,74,73,1,1
77056,75,79,-4,4
77057,64,66,-2,2
77058,107,108,-1,1
77059,60,60,0,0
77060,70,72,-2,2
77061,117,98,19,19
77062,110,118,-8,8
77063,118,118,0,0
77064,86,82,4,4
77065,61,70,-9,9
77066,72,71,1,1
77067,153,144,9,9
77068,92,95,-3,3
77069,117,120,-3,3
77070,79,78,1,1
77071,111,99,12,12
77072,48,49,-1,1
77073,71,62,9,9
77074,100,98,2,2
77075,90,83,7,7
77076,67,69,-2,2
77077,111,111,0,0
77078,68,65,3,3
77079,113,103,10,10
77080,78,90,-12,12
77081,94,92,2,2
77082,86,89,-3,3
77083,131,131,0,0
77084,142,128,14,14
77085,83,91,-8,8
77086,62,81,-19,19
77087,74,65,9,9
77088,143,138,5,5
77089,163,161,2,2
77090,78,73,5,5
77091,42,44,-2,2
77092,69,71,-2,2
77093,68,69,-1,1
77094,132,125,7,7
77095,59,58,1,1
77096,107,104,3,3
77097,107,111,-4,4
77098,49,47,2,2
77099,114,113,1,1
77100,87,86,1,1
77101,103,80,23,23
77102,122,112,10,10
77103,114,114,0,0
77104,172,161,11,11
77105,69,72,-3,3
77106,57,64,-7,7
77107,108,105,3,3
77108,80,98,-18,18
77109,70,71,-1,1
77110,126,127,-1,1
77111,102,94,8,8
77112,45,49,-4,4
77113,72,68,4,4
77114,174,159,15,15
77115,101,106,-5,5
77116,53,50,3,3
77117,71,71,0,0
77118,157,170,-13,13
77119,139,133,6,6
77120,116,101,15,15
77121,86,76,10,10
77122,96,89,7,7
77123,107,110,-3,3
77124,98,109,-11,11
77125,89,92,-3,3
77126,117,126,-9,9
77127,108,110,-2,2
77128,54,53,1,1
77129,116,120,-4,4
77130,111,109,2,2
77131,139,144,-5,5
77132,74,72,2,2
77133,117,119,-2,2
77134,106,114,-8,8
77135,158,137,21,21
77136,97,98,-1,1
77137,70,64,6,6
77138,106,108,-2,2
77139,82,76,6,6
77140,141,126,15,15
77141,132,128,4,4
77142,114,105,9,9
77143,145,135,10,10
77144,56,57,-1,1
77145,109,95,14,14
77146,131,117,14,14
77147,154,117,37,37
77148,73,70,3,3
77149,63,71,-8,8
77150,134,151,-17,17
77151,91,82,9,9
77152,127,119,8,8
77153,42,45,-3,3
77154,101,103,-2,2
77155,52,48,4,4
77156,143,145,-2,2
77157,92,86,6,6
77158,84,80,4,4
77159,101,118,-17,17
77160,117,119,-2,2
77161,85,86,-1,1
77162,52,59,-7,7
77163,74,66,8,8
77164,78,64,14,14
77165,64,66,-2,2
77166,90,93,-3,3
77167,59,65,-6,6
77168,53,61,-8,8
77169,94,99,-5,5
77170,77,78,-1,1
77171,108,89,19,19
77172,138,131,7,7
77173,83,84,-1,1
77174,150,137,13,13
77175,108,103,5,5
77176,64,67,-3,3
77177,101,115,-14,14
77178,92,87,5,5
77179,150,144,6,6
77180,133,132,1,1
77181,42,46,-4,4
77182,43,46,-3,3
77183,63,59,4,4
77184,82,86,-4,4
77185,56,50,6,6
77186,101,113,-12,12
77187,65,73,-8,8
77188,112,107,5,5
77189,50,49,1,1
77190,130,123,7,7
77191,88,97,-9,9
77192,74,65,9,9
77193,129,133,-4,4
77194,57,67,-10,10
77195,110,108,2,2
77196,99,101,-2,2
77197,77,71,6,6
77198,117,112,5,5
77199,107,99,8,8
77200,62,60,2,2
77201,75,80,-5,5
77202,97,107,-10,10
77203,54,68,-14,14
77204,80,77,3,3
77205,84,81,3,3
77206,52,51,1,1
77207,106,106,0,0
77208,99,115,-16,16
77209,92,88,4,4
77210,53,54,-1,1
77211,135,134,1,1
77212,116,96,20,20
77213,96,101,-5,5
77214,116,113,3,3
77215,90,87,3,3
77216,187,158,29,29
77217,55,91,-36,36
77218,48,62,-14,14
77219,77,83,-6,6
77220,74,74,0,0
77221,97,110,-13,13
77222,159,156,3,3
77223,127,124,3,3
77224,83,84,-1,1
77225,67,70,-3,3
77226,103,97,6,6
77227,68,54,14,14
77228,75,72,3,3
77229,88,86,2,2
77230,82,110,-28,28
77231,128,116,12,12
77232,177,165,12,12
77233,140,132,8,8
77234,108,88,20,20
77235,59,52,7,7
77236,97,99,-2,2
77237,105,104,1,1
77238,59,59,0,0
77239,74,73,1,1
77240,63,59,4,4
77241,53,52,1,1
77242,67,70,-3,3
77243,88,86,2,2
77244,116,113,3,3
77245,141,143,-2,2
77246,123,124,-1,1
77247,111,112,-1,1
77248,89,86,3,3
77249,112,109,3,3
77250,118,117,1,1
77251,51,53,-2,2
77252,165,157,8,8
77253,70,74,-4,4
77254,92,80,12,12
77255,156,134,22,22
77256,160,144,16,16
77257,64,66,-2,2
77258,137,139,-2,2
77259,93,87,6,6
77260,124,125,-1,1
77261,77,78,-1,1
77262,128,126,2,2
77263,79,66,13,13
77264,61,74,-13,13
77265,112,102,10,10
77266,45,46,-1,1
77267,67,60,7,7
77268,126,124,2,2
77269,92,89,3,3
77270,74,75,-1,1
77271,67,78,-11,11
77272,105,99,6,6
77273,167,170,-3,3
77274,131,126,5,5
77275,84,129,-45,45
77276,110,122,-12,12
77277,72,79,-7,7
77278,71,118,-47,47
77279,115,117,-2,2
77280,159,156,3,3
77281,82,97,-15,15
77282,100,113,-13,13
77283,70,62,8,8
77284,104,104,0,0
77285,49,45,4,4
77286,104,106,-2,2
77287,101,104,-3,3
77288,66,76,-10,10
77289,87,88,-1,1
77290,85,91,-6,6
77291,124,133,-9,9
77292,121,109,12,12
77293,97,88,9,9
77294,63,61,2,2
77295,93,96,-3,3
77296,79,72,7,7
77297,49,48,1,1
77298,95,94,1,1
77299,76,79,-3,3
77300,133,132,1,1
77301,66,66,0,0
77302,85,91,-6,6
77303,228,259,-31,31
77304,124,132,-8,8
77305,90,84,6,6
77306,95,89,6,6
77307,54,60,-6,6
77308,82,86,-4,4
77309,155,142,13,13
77310,173,166,7,7
77311,171,160,11,11
77312,42,52,-10,10
77313,141,140,1,1
77314,92,86,6,6
77315,94,89,5,5
77316,82,88,-6,6
77317,132,125,7,7
77318,124,117,7,7
77319,94,88,6,6
77320,60,60,0,0
77321,58,62,-4,4
77322,102,107,-5,5
77323,112,108,4,4
77324,121,119,2,2
77325,133,140,-7,7
77326,54,68,-14,14
77327,105,110,-5,5
77328,82,85,-3,3
77329,104,96,8,8
77330,91,85,6,6
77331,103,109,-6,6
77332,96,105,-9,9
77333,147,160,-13,13
77334,95,97,-2,2
77335,111,120,-9,9
77336,106,110,-4,4
77337,59,58,1,1
77338,77,74,3,3
77339,97,80,17,17
77340,73,56,17,17
77341,105,100,5,5
77342,122,114,8,8
77343,55,63,-8,8
77344,108,109,-1,1
77345,59,52,7,7
77346,124,125,-1,1
77347,116,120,-4,4
77348,100,91,9,9
77349,76,77,-1,1
77350,102,92,10,10
77351,95,101,-6,6
77352,138,126,12,12
77353,119,115,4,4
77354,78,81,-3,3
77355,108,110,-2,2
77356,34,38,-4,4
77357,105,106,-1,1
77358,120,112,8,8
77359,91,90,1,1
77360,103,115,-12,12
77361,75,73,2,2
77362,176,162,14,14
77363,85,78,7,7
77364,75,73,2,2
77365,103,107,-4,4
77366,81,85,-4,4
77367,105,114,-9,9
77368,50,59,-9,9
77369,118,116,2,2
77370,163,158,5,5
77371,137,129,8,8
77372,167,167,0,0
77373,116,118,-2,2
77374,52,55,-3,3
77375,115,107,8,8
77376,188,191,-3,3
77377,187,175,12,12
77378,84,80,4,4
77379,124,121,3,3
77380,95,97,-2,2
77381,79,89,-10,10
77382,72,62,10,10
77383,68,65,3,3
77384,116,113,3,3
77385,83,111,-28,28
77386,94,84,10,10
77387,63,65,-2,2
77388,200,203,-3,3
77389,61,63,-2,2
77390,148,137,11,11
77391,56,56,0,0
77392,110,112,-2,2
77393,94,99,-5,5
77394,59,73,-14,14
77395,76,69,7,7
77396,67,73,-6,6
77397,102,107,-5,5
77398,165,148,17,17
77399,79,80,-1,1
77400,74,66,8,8
77401,136,127,9,9
77402,116,110,6,6
77403,95,101,-6,6
77404,112,113,-1,1
77405,65,70,-5,5
77406,43,44,-1,1
77407,92,89,3,3
77408,48,53,-5,5
77409,75,75,0,0
77410,118,120,-2,2
77411,99,86,13,13
77412,101,97,4,4
77413,41,63,-22,22
77414,78,84,-6,6
77415,129,115,14,14
77416,109,117,-8,8
77417,81,76,5,5
77418,167,157,10,10
77419,55,82,-27,27
77420,202,187,15,15
77421,118,111,7,7
77422,122,125,-3,3
77423,67,64,3,3
77424,67,66,1,1
77425,54,52,2,2
77426,54,61,-7,7
77427,89,91,-2,2
77428,107,104,3,3
77429,94,94,0,0
77430,72,65,7,7
77431,127,131,-4,4
77432,84,97,-13,13
77433,64,64,0,0
77434,96,97,-1,1
77435,116,111,5,5
77436,127,125,2,2
77437,128,121,7,7
77438,118,132,-14,14
77439,62,64,-2,2
77440,73,63,10,10
77441,36,42,-6,6
77442,165,144,21,21
77443,100,108,-8,8
77444,65,67,-2,2
77445,75,78,-3,3
77446,75,89,-14,14
77447,97,104,-7,7
77448,93,105,-12,12
77449,57,64,-7,7
77450,59,59,0,0
77451,85,82,3,3
77452,99,115,-16,16
77453,87,88,-1,1
77454,102,112,-10,10
77455,75,81,-6,6
77456,92,90,2,2
77457,79,85,-6,6
77458,50,53,-3,3
77459,48,54,-6,6
77460,217,190,27,27
77461,132,121,11,11
77462,101,100,1,1
77463,82,81,1,1
77464,116,119,-3,3
77465,112,101,11,11
77466,66,78,-12,12
77467,81,85,-4,4
77468,56,57,-1,1
77469,97,88,9,9
77470,84,74,10,10
77471,37,42,-5,5
77472,74,70,4,4
77473,127,122,5,5
77474,54,53,1,1
77475,80,75,5,5
77476,57,48,9,9
77477,106,82,24,24
77478,91,88,3,3
77479,103,105,-2,2
77480,114,101,13,13
77481,131,130,1,1
77482,85,81,4,4
77483,85,86,-1,1
77484,93,94,-1,1
77485,74,64,10,10
77486,88,90,-2,2
77487,52,48,4,4
77488,41,40,1,1
77489,82,82,0,0
77490,112,110,2,2
77491,67,60,7,7
77492,69,81,-12,12
77493,150,139,11,11
77494,93,96,-3,3
77495,63,59,4,4
77496,95,85,10,10
77497,46,49,-3,3
77498,72,69,3,3
77499,77,78,-1,1
77500,87,90,-3,3
77501,121,123,-2,2
77502,149,137,12,12
77503,82,71,11,11
77504,57,51,6,6
77505,127,112,15,15
77506,103,95,8,8
77507,96,95,1,1
77508,82,80,2,2
77509,161,155,6,6
77510,133,129,4,4
77511,73,68,5,5
77512,71,60,11,11
77513,168,174,-6,6
77514,137,137,0,0
77515,72,69,3,3
77516,77,84,-7,7
77517,114,114,0,0
77518,115,114,1,1
77519,70,63,7,7
77520,78,83,-5,5
77521,118,123,-5,5
77522,88,85,3,3
77523,81,77,4,4
77524,118,122,-4,4
77525,60,53,7,7
77526,98,101,-3,3
77527,99,86,13,13
77528,55,55,0,0
77529,100,97,3,3
77530,75,75,0,0
77531,77,69,8,8
77532,139,140,-1,1
77533,99,89,10,10
77534,106,109,-3,3
77535,92,99,-7,7
77536,87,86,1,1
77537,55,61,-6,6
77538,89,94,-5,5
77539,106,111,-5,5
77540,161,162,-1,1
77541,72,74,-2,2
77542,119,106,13,13
77543,90,81,9,9
77544,110,107,3,3
77545,51,51,0,0
77546,63,66,-3,3
77547,42,44,-2,2
77548,85,78,7,7
77549,144,140,4,4
77550,69,74,-5,5
77551,43,46,-3,3
77552,94,100,-6,6
77553,178,190,-12,12
77554,80,81,-1,1
77555,65,65,0,0
77556,62,62,0,0
77557,62,60,2,2
77558,144,146,-2,2
77559,102,99,3,3
77560,104,101,3,3
77561,45,54,-9,9
77562,57,54,3,3
77563,132,112,20,20
77564,105,96,9,9
77565,99,97,2,2
77566,60,71,-11,11
77567,72,75,-3,3
77568,122,124,-2,2
77569,141,141,0,0
77570,94,89,5,5
77571,89,97,-8,8
77572,43,52,-9,9
77573,160,150,10,10
77574,84,73,11,11
77575,84,79,5,5
77576,90,93,-3,3
77577,68,67,1,1
77578,189,181,8,8
77579,77,88,-11,11
77580,59,66,-7,7
77581,139,141,-2,2
77582,98,95,3,3
77583,147,139,8,8
77584,158,135,23,23
77585,97,94,3,3
77586,109,111,-2,2
77587,112,110,2,2
77588,74,72,2,2
77589,155,144,11,11
77590,75,72,3,3
77591,129,119,10,10
77592,189,188,1,1
77593,98,101,-3,3
77594,68,73,-5,5
77595,100,99,1,1
77596,136,124,12,12
77597,144,140,4,4
77598,123,127,-4,4
77599,60,56,4,4
77600,131,126,5,5
77601,74,77,-3,3
77602,148,119,29,29
77603,112,105,7,7
77604,60,68,-8,8
77605,89,82,7,7
77606,83,88,-5,5
77607,100,93,7,7
77608,70,71,-1,1
77609,119,129,-10,10
77610,52,60,-8,8
77611,72,71,1,1
77612,127,127,0,0
77613,82,84,-2,2
77614,65,60,5,5
77615,75,67,8,8
77616,65,65,0,0
77617,80,96,-16,16
77618,95,120,-25,25
77619,74,78,-4,4
77620,107,104,3,3
77621,63,65,-2,2
77622,117,115,2,2
77623,83,70,13,13
77624,74,67,7,7
77625,56,50,6,6
77626,143,151,-8,8
77627,61,70,-9,9
77628,92,93,-1,1
77629,147,163,-16,16
77630,68,81,-13,13
77631,95,93,2,2
77632,80,84,-4,4
77633,129,120,9,9
77634,133,151,-18,18
77635,47,45,2,2
77636,65,55,10,10
77637,85,81,4,4
77638,100,94,6,6
77639,113,108,5,5
77640,104,98,6,6
77641,70,65,5,5
77642,16,27,-11,11
77643,102,95,7,7
77644,125,108,17,17
77645,83,83,0,0
77646,114,97,17,17
77647,150,150,0,0
77648,164,153,11,11
77649,97,95,2,2
77650,71,67,4,4
77651,78,76,2,2
77652,128,127,1,1
77653,111,101,10,10
77654,78,74,4,4
77655,83,81,2,2
77656,84,77,7,7
77657,81,82,-1,1
77658,103,112,-9,9
77659,91,95,-4,4
77660,79,76,3,3
77661,84,86,-2,2
77662,143,124,19,19
77663,97,94,3,3
77664,85,82,3,3
77665,120,109,11,11
77666,88,101,-13,13
77667,114,97,17,17
77668,116,106,10,10
77669,72,81,-9,9
77670,101,96,5,5
77671,129,128,1,1
77672,119,110,9,9
77673,86,90,-4,4
77674,75,82,-7,7
77675,76,70,6,6
77676,84,74,10,10
77677,75,76,-1,1
77678,124,121,3,3
77679,177,190,-13,13
77680,75,74,1,1
77681,117,120,-3,3
77682,99,130,-31,31
77683,50,49,1,1
77684,70,75,-5,5
77685,115,110,5,5
77686,60,59,1,1
77687,96,90,6,6
77688,142,141,1,1
77689,87,82,5,5
77690,112,113,-1,1
77691,116,105,11,11
77692,56,59,-3,3
77693,158,162,-4,4
77694,188,184,4,4
77695,181,168,13,13
77696,104,90,14,14
77697,159,156,3,3
77698,122,133,-11,11
77699,69,75,-6,6
77700,105,98,7,7
77701,84,91,-7,7
77702,80,81,-1,1
77703,62,53,9,9
77704,75,71,4,4
77705,72,78,-6,6
77706,86,83,3,3
77707,99,117,-18,18
77708,59,60,-1,1
77709,104,94,10,10
77710,78,78,0,0
77711,97,100,-3,3
77712,129,122,7,7
77713,64,75,-11,11
77714,105,98,7,7
77715,93,85,8,8
77716,92,92,0,0
77717,40,42,-2,2
77718,98,105,-7,7
77719,132,135,-3,3
77720,67,75,-8,8
77721,51,83,-32,32
77722,81,92,-11,11
77723,142,144,-2,2
77724,145,138,7,7
77725,72,67,5,5
77726,102,97,5,5
77727,87,83,4,4
77728,111,109,2,2
77729,80,76,4,4
77730,85,83,2,2
77731,144,135,9,9
77732,66,74,-8,8
77733,98,90,8,8
77734,91,94,-3,3
77735,61,63,-2,2
77736,46,52,-6,6
77737,89,96,-7,7
77738,105,96,9,9
77739,102,92,10,10
77740,100,101,-1,1
77741,58,67,-9,9
77742,116,116,0,0
77743,73,78,-5,5
77744,96,96,0,0
77745,89,86,3,3
77746,79,85,-6,6
77747,74,74,0,0
77748,100,89,11,11
77749,35,49,-14,14
77750,49,50,-1,1
77751,79,75,4,4
77752,102,93,9,9
77753,104,82,22,22
77754,198,179,19,19
77755,136,123,13,13
77756,62,72,-10,10
77757,100,100,0,0
77758,89,87,2,2
77759,131,127,4,4
77760,82,82,0,0
77761,157,149,8,8
77762,71,70,1,1
77763,54,53,1,1
77764,115,117,-2,2
77765,80,78,2,2
77766,69,65,4,4
77767,80,72,8,8
77768,89,89,0,0
77769,91,89,2,2
77770,171,144,27,27
77771,86,83,3,3
77772,120,120,0,0
77773,72,72,0,0
77774,67,61,6,6
77775,122,143,-21,21
77776,71,77,-6,6
77777,119,118,1,1
77778,80,77,3,3
77779,110,101,9,9
77780,47,52,-5,5
77781,193,174,19,19
77782,80,76,4,4
77783,52,53,-1,1
77784,61,60,1,1
77785,90,96,-6,6
77786,85,84,1,1
77787,74,73,1,1
77788,85,84,1,1
77789,125,150,-25,25
77790,150,142,8,8
77791,89,88,1,1
77792,93,90,3,3
77793,131,136,-5,5
77794,66,68,-2,2
77795,78,74,4,4
77796,151,151,0,0
77797,91,96,-5,5
77798,75,80,-5,5
77799,39,44,-5,5
77800,54,53,1,1
77801,106,101,5,5
77802,128,131,-3,3
77803,49,55,-6,6
77804,124,123,1,1
77805,76,75,1,1
77806,89,84,5,5
77807,48,41,7,7
77808,135,156,-21,21
77809,108,113,-5,5
77810,113,101,12,12
77811,97,96,1,1
77812,155,156,-1,1
77813,154,142,12,12
77814,118,107,11,11
77815,87,81,6,6
77816,56,61,-5,5
77817,56,73,-17,17
77818,70,81,-11,11
77819,45,48,-3,3
77820,49,71,-22,22
77821,91,79,12,12
77822,76,73,3,3
77823,81,102,-21,21
77824,121,121,0,0
77825,109,107,2,2
77826,72,74,-2,2
77827,75,73,2,2
77828,35,43,-8,8
77829,90,94,-4,4
77830,132,130,2,2
77831,140,155,-15,15
77832,75,81,-6,6
77833,76,74,2,2
77834,111,135,-24,24
77835,92,98,-6,6
77836,120,135,-15,15
77837,119,117,2,2
77838,78,86,-8,8
77839,86,82,4,4
77840,60,68,-8,8
77841,158,148,10,10
77842,94,89,5,5
77843,126,120,6,6
77844,112,100,12,12
77845,112,104,8,8
77846,73,77,-4,4
77847,94,97,-3,3
77848,133,129,4,4
77849,70,66,4,4
77850,83,77,6,6
77851,117,117,0,0
77852,104,101,3,3
77853,109,104,5,5
77854,173,150,23,23
77855,55,70,-15,15
77856,46,48,-2,2
77857,36,41,-5,5
77858,76,80,-4,4
77859,136,129,7,7
77860,102,100,2,2
77861,110,107,3,3
77862,94,90,4,4
77863,80,82,-2,2
77864,149,141,8,8
77865,249,231,18,18
77866,150,158,-8,8
77867,49,56,-7,7
77868,58,54,4,4
77869,54,52,2,2
77870,83,71,12,12
77871,119,108,11,11
77872,58,62,-4,4
77873,123,111,12,12
77874,125,116,9,9
77875,115,124,-9,9
77876,74,85,-11,11
77877,71,65,6,6
77878,162,143,19,19
77879,96,99,-3,3
77880,63,65,-2,2
77881,87,94,-7,7
77882,74,64,10,10
77883,70,88,-18,18
77884,114,118,-4,4
77885,72,68,4,4
77886,58,67,-9,9
77887,117,108,9,9
77888,77,98,-21,21
77889,57,66,-9,9
77890,142,138,4,4
77891,57,63,-6,6
77892,77,75,2,2
77893,100,120,-20,20
77894,92,111,-19,19
77895,53,59,-6,6
77896,98,89,9,9
77897,96,95,1,1
77898,67,62,5,5
77899,69,66,3,3
77900,108,110,-2,2
77901,97,92,5,5
77902,75,71,4,4
77903,97,102,-5,5
77904,127,117,10,10
77905,87,85,2,2
77906,86,82,4,4
77907,84,76,8,8
77908,86,86,0,0
77909,88,84,4,4
77910,97,98,-1,1
77911,86,84,2,2
77912,79,85,-6,6
77913,183,178,5,5
77914,97,96,1,1
77915,136,132,4,4
77916,78,78,0,0
77917,128,128,0,0
77918,116,112,4,4
77919,167,165,2,2
77920,143,153,-10,10
77921,72,73,-1,1
77922,101,100,1,1
77923,89,91,-2,2
77924,63,59,4,4
77925,136,130,6,6
77926,129,127,2,2
77927,77,77,0,0
77928,70,82,-12,12
77929,114,109,5,5
77930,100,113,-13,13
77931,133,123,10,10
77932,130,126,4,4
77933,64,59,5,5
77934,105,98,7,7
77935,171,155,16,16
77936,120,114,6,6
77937,95,96,-1,1
77938,72,75,-3,3
77939,75,70,5,5
77940,110,96,14,14
77941,119,114,5,5
77942,184,172,12,12
77943,132,126,6,6
77944,128,137,-9,9
77945,78,94,-16,16
77946,124,123,1,1
77947,123,125,-2,2
77948,105,93,12,12
77949,51,62,-11,11
77950,89,105,-16,16
77951,58,62,-4,4
77952,112,104,8,8
77953,97,95,2,2
77954,95,95,0,0
77955,79,80,-1,1
77956,85,83,2,2
77957,135,120,15,15
77958,127,135,-8,8
77959,95,84,11,11
77960,141,149,-8,8
77961,76,80,-4,4
77962,63,63,0,0
77963,106,104,2,2
77964,95,90,5,5
77965,91,91,0,0
77966,147,145,2,2
77967,124,116,8,8
77968,88,77,11,11
77969,70,77,-7,7
77970,80,91,-11,11
77971,41,47,-6,6
77972,59,59,0,0
77973,97,104,-7,7
77974,61,62,-1,1
77975,148,135,13,13
77976,106,96,10,10
77977,102,112,-10,10
77978,66,67,-1,1
77979,75,71,4,4
77980,98,91,7,7
77981,58,55,3,3
77982,59,61,-2,2
77983,53,51,2,2
77984,53,74,-21,21
77985,121,106,15,15
77986,101,87,14,14
77987,145,134,11,11
77988,57,57,0,0
77989,74,71,3,3
77990,65,66,-1,1
77991,79,89,-10,10
77992,117,120,-3,3
77993,65,65,0,0
77994,64,69,-5,5
77995,81,73,8,8
77996,125,106,19,19
77997,67,65,2,2
77998,69,69,0,0
77999,59,50,9,9
78000,126,119,7,7
78001,106,109,-3,3
78002,63,64,-1,1
78003,89,94,-5,5
78004,120,101,19,19
78005,97,100,-3,3
78006,70,67,3,3
78007,116,122,-6,6
78008,77,68,9,9
78009,49,53,-4,4
78010,71,65,6,6
78011,64,75,-11,11
78012,72,61,11,11
78013,128,113,15,15
78014,98,93,5,5
78015,66,68,-2,2
78016,112,114,-2,2
78017,51,46,5,5
78018,85,82,3,3
78019,100,92,8,8
78020,92,88,4,4
78021,111,112,-1,1
78022,100,117,-17,17
78023,96,94,2,2
78024,166,150,16,16
78025,137,146,-9,9
78026,72,68,4,4
78027,115,119,-4,4
78028,88,83,5,5
78029,91,90,1,1
78030,103,110,-7,7
78031,47,59,-12,12
78032,86,95,-9,9
78033,136,126,10,10
78034,157,160,-3,3
78035,124,125,-1,1
78036,137,136,1,1
78037,101,103,-2,2
78038,74,65,9,9
78039,85,76,9,9
78040,45,45,0,0
78041,168,162,6,6
78042,115,108,7,7
78043,116,129,-13,13
78044,84,90,-6,6
78045,102,101,1,1
78046,59,71,-12,12
78047,106,110,-4,4
78048,60,71,-11,11
78049,123,114,9,9
78050,85,74,11,11
78051,60,66,-6,6
78052,82,72,10,10
78053,160,147,13,13
78054,82,82,0,0
78055,83,85,-2,2
78056,73,79,-6,6
78057,113,117,-4,4
78058,95,82,13,13
78059,100,93,7,7
78060,40,42,-2,2
78061,80,83,-3,3
78062,110,106,4,4
78063,144,148,-4,4
78064,115,104,11,11
78065,64,77,-13,13
78066,119,107,12,12
78067,102,106,-4,4
78068,159,139,20,20
78069,104,98,6,6
78070,91,90,1,1
78071,133,134,-1,1
78072,98,97,1,1
78073,96,103,-7,7
78074,134,128,6,6
78075,160,153,7,7
78076,59,70,-11,11
78077,74,76,-2,2
78078,106,96,10,10
78079,64,60,4,4
78080,90,96,-6,6
78081,67,67,0,0
78082,100,99,1,1
78083,68,69,-1,1
78084,159,156,3,3
78085,87,89,-2,2
78086,123,131,-8,8
78087,78,77,1,1
78088,95,87,8,8
78089,56,70,-14,14
78090,102,102,0,0
78091,108,96,12,12
78092,73,70,3,3
78093,111,113,-2,2
78094,137,130,7,7
78095,84,87,-3,3
78096,89,83,6,6
78097,70,78,-8,8
78098,78,80,-2,2
78099,152,148,4,4
78100,81,84,-3,3
78101,49,47,2,2
78102,69,73,-4,4
78103,102,88,14,14
78104,62,64,-2,2
78105,91,90,1,1
78106,72,64,8,8
78107,47,47,0,0
78108,184,162,22,22
78109,103,90,13,13
78110,69,75,-6,6
78111,51,58,-7,7
78112,120,132,-12,12
78113,105,85,20,20
78114,46,57,-11,11
78115,75,73,2,2
78116,71,67,4,4
78117,45,53,-8,8
78118,80,86,-6,6
78119,79,91,-12,12
78120,78,75,3,3
78121,62,71,-9,9
78122,86,84,2,2
78123,122,122,0,0
78124,101,93,8,8
78125,72,72,0,0
78126,141,139,2,2
78127,69,72,-3,3
78128,93,87,6,6
78129,55,48,7,7
78130,121,117,4,4
78131,105,112,-7,7
78132,99,86,13,13
78133,195,175,20,20
78134,76,77,-1,1
78135,124,118,6,6
78136,100,83,17,17
78137,152,154,-2,2
78138,108,105,3,3
78139,49,49,0,0
78140,176,166,10,10
78141,104,195,-91,91
78142,81,68,13,13
78143,97,93,4,4
78144,58,59,-1,1
78145,110,103,7,7
78146,55,64,-9,9
78147,69,66,3,3
78148,107,133,-26,26
78149,71,67,4,4
78150,88,86,2,2
78151,43,51,-8,8
78152,117,117,0,0
78153,81,68,13,13
78154,75,79,-4,4
78155,108,108,0,0
78156,63,64,-1,1
78157,74,81,-7,7
78158,68,71,-3,3
78159,62,63,-1,1
78160,52,51,1,1
78161,78,86,-8,8
78162,108,118,-10,10
78163,188,165,23,23
78164,61,63,-2,2
78165,77,73,4,4
78166,97,88,9,9
78167,67,71,-4,4
78168,77,104,-27,27
78169,91,94,-3,3
78170,69,71,-2,2
78171,131,136,-5,5
78172,56,54,2,2
78173,49,52,-3,3
78174,126,125,1,1
78175,114,113,1,1
78176,90,92,-2,2
78177,75,82,-7,7
78178,83,76,7,7
78179,92,101,-9,9
78180,83,84,-1,1
78181,89,77,12,12
78182,85,82,3,3
78183,70,62,8,8
78184,108,104,4,4
78185,71,75,-4,4
78186,68,63,5,5
78187,70,71,-1,1
78188,107,113,-6,6
78189,58,61,-3,3
78190,51,51,0,0
78191,55,65,-10,10
78192,161,162,-1,1
78193,46,61,-15,15
78194,92,89,3,3
78195,154,149,5,5
78196,83,84,-1,1
78197,128,125,3,3
78198,73,76,-3,3
78199,87,86,1,1
78200,122,113,9,9
78201,108,93,15,15
78202,76,90,-14,14
78203,59,66,-7,7
78204,83,87,-4,4
78205,92,92,0,0
78206,96,95,1,1
78207,105,95,10,10
78208,58,65,-7,7
78209,81,75,6,6
78210,110,98,12,12
78211,44,52,-8,8
78212,81,77,4,4
78213,63,69,-6,6
78214,78,78,0,0
78215,68,71,-3,3
78216,120,128,-8,8
78217,181,168,13,13
78218,141,137,4,4
78219,178,166,12,12
78220,64,59,5,5
78221,72,75,-3,3
78222,45,40,5,5
78223,143,126,17,17
78224,145,130,15,15
78225,111,111,0,0
78226,86,85,1,1
78227,125,134,-9,9
78228,79,82,-3,3
78229,67,74,-7,7
78230,173,163,10,10
78231,81,83,-2,2
78232,88,94,-6,6
78233,63,64,-1,1
78234,66,89,-23,23
78235,96,92,4,4
78236,100,79,21,21
78237,57,53,4,4
78238,125,115,10,10
78239,156,150,6,6
78240,125,120,5,5
78241,133,132,1,1
78242,66,67,-1,1
78243,159,165,-6,6
78244,44,64,-20,20
78245,67,60,7,7
78246,105,105,0,0
78247,77,74,3,3
78248,64,70,-6,6
78249,62,91,-29,29
78250,69,64,5,5
78251,163,153,10,10
78252,62,65,-3,3
78253,50,51,-1,1
78254,100,99,1,1
78255,108,102,6,6
78256,70,67,3,3
78257,97,92,5,5
78258,83,76,7,7
78259,137,147,-10,10
78260,70,66,4,4
78261,122,99,23,23
78262,79,84,-5,5
78263,52,78,-26,26
78264,86,95,-9,9
78265,93,85,8,8
78266,93,105,-12,12
78267,62,62,0,0
78268,109,95,14,14
78269,107,107,0,0
78270,83,84,-1,1
78271,57,61,-4,4
78272,61,66,-5,5
78273,43,47,-4,4
78274,156,141,15,15
78275,102,93,9,9
78276,56,67,-11,11
78277,199,185,14,14
78278,103,108,-5,5
78279,77,81,-4,4
78280,147,157,-10,10
78281,99,111,-12,12
78282,74,106,-32,32
78283,71,64,7,7
78284,142,141,1,1
78285,72,63,9,9
78286,28,68,-40,40
78287,99,109,-10,10
78288,145,154,-9,9
78289,51,48,3,3
78290,132,134,-2,2
78291,102,100,2,2
78292,69,73,-4,4
78293,142,140,2,2
78294,52,47,5,5
78295,87,93,-6,6
78296,122,127,-5,5
78297,93,102,-9,9
78298,85,89,-4,4
78299,101,95,6,6
78300,88,91,-3,3
78301,64,60,4,4
78302,131,127,4,4
78303,91,90,1,1
78304,174,158,16,16
78305,50,52,-2,2
78306,78,83,-5,5
78307,76,83,-7,7
78308,118,116,2,2
78309,56,60,-4,4
78310,53,52,1,1
78311,98,103,-5,5
78312,119,123,-4,4
78313,133,132,1,1
78314,66,64,2,2
78315,117,125,-8,8
78316,94,93,1,1
78317,79,84,-5,5
78318,114,117,-3,3
78319,96,83,13,13
78320,81,83,-2,2
78321,83,88,-5,5
78322,74,76,-2,2
78323,89,87,2,2
78324,73,83,-10,10
78325,160,157,3,3
78326,120,111,9,9
78327,52,49,3,3
78328,127,130,-3,3
78329,93,89,4,4
78330,108,119,-11,11
78331,95,97,-2,2
78332,75,75,0,0
78333,124,110,14,14
78334,90,92,-2,2
78335,101,105,-4,4
78336,44,51,-7,7
78337,113,103,10,10
78338,64,74,-10,10
78339,135,130,5,5
78340,147,139,8,8
78341,112,116,-4,4
78342,63,66,-3,3
78343,91,105,-14,14
78344,93,72,21,21
78345,116,110,6,6
78346,124,131,-7,7
78347,127,134,-7,7
78348,114,120,-6,6
78349,137,115,22,22
78350,56,58,-2,2
78351,54,53,1,1
78352,78,83,-5,5
78353,71,74,-3,3
78354,72,72,0,0
78355,67,73,-6,6
78356,48,47,1,1
78357,115,138,-23,23
78358,53,54,-1,1
78359,95,92,3,3
78360,56,68,-12,12
78361,45,39,6,6
78362,209,198,11,11
78363,85,96,-11,11
78364,80,78,2,2
78365,139,147,-8,8
78366,64,63,1,1
78367,83,86,-3,3
78368,121,114,7,7
78369,102,111,-9,9
78370,94,88,6,6
78371,119,116,3,3
78372,59,64,-5,5
78373,61,82,-21,21
78374,74,69,5,5
78375,76,74,2,2
78376,91,94,-3,3
78377,132,119,13,13
78378,54,59,-5,5
78379,74,72,2,2
78380,96,87,9,9
78381,60,69,-9,9
78382,91,98,-7,7
78383,102,105,-3,3
78384,131,130,1,1
78385,95,91,4,4
78386,35,37,-2,2
78387,70,78,-8,8
78388,115,104,11,11
78389,63,63,0,0
78390,70,79,-9,9
78391,73,72,1,1
78392,79,80,-1,1
78393,114,119,-5,5
78394,75,88,-13,13
78395,103,101,2,2
78396,111,104,7,7
78397,110,117,-7,7
78398,55,48,7,7
78399,89,97,-8,8
78400,53,62,-9,9
78401,114,103,11,11
78402,104,106,-2,2
78403,45,45,0,0
78404,122,116,6,6
78405,72,76,-4,4
78406,140,135,5,5
78407,132,119,13,13
78408,127,156,-29,29
78409,133,131,2,2
78410,66,64,2,2
78411,99,100,-1,1
78412,112,113,-1,1
78413,104,88,16,16
78414,143,139,4,4
78415,107,98,9,9
78416,122,120,2,2
78417,166,167,-1,1
78418,169,168,1,1
78419,165,169,-4,4
78420,147,126,21,21
78421,63,61,2,2
78422,71,73,-2,2
78423,59,53,6,6
78424,127,129,-2,2
78425,168,153,15,15
78426,43,45,-2,2
78427,103,96,7,7
78428,109,102,7,7
78429,99,104,-5,5
78430,71,71,0,0
78431,94,94,0,0
78432,104,98,6,6
78433,96,97,-1,1
78434,85,78,7,7
78435,122,105,17,17
78436,85,88,-3,3
78437,49,53,-4,4
78438,44,64,-20,20
78439,65,60,5,5
78440,78,82,-4,4
78441,117,113,4,4
78442,103,94,9,9
78443,106,90,16,16
78444,97,106,-9,9
78445,167,184,-17,17
78446,50,52,-2,2
78447,134,123,11,11
78448,100,108,-8,8
78449,81,79,2,2
78450,108,114,-6,6
78451,55,56,-1,1
78452,82,87,-5,5
78453,94,113,-19,19
78454,94,88,6,6
78455,61,60,1,1
78456,141,140,1,1
78457,79,81,-2,2
78458,71,82,-11,11
78459,48,54,-6,6
78460,140,143,-3,3
78461,70,77,-7,7
78462,63,63,0,0
78463,137,130,7,7
78464,40,43,-3,3
78465,103,97,6,6
78466,67,73,-6,6
78467,82,80,2,2
78468,119,123,-4,4
78469,131,129,2,2
78470,77,93,-16,16
78471,98,93,5,5
78472,148,159,-11,11
78473,91,87,4,4
78474,95,101,-6,6
78475,60,58,2,2
78476,72,75,-3,3
78477,123,119,4,4
78478,68,67,1,1
78479,124,129,-5,5
78480,128,128,0,0
78481,114,121,-7,7
78482,90,87,3,3
78483,108,110,-2,2
78484,114,110,4,4
78485,33,48,-15,15
78486,95,95,0,0
78487,113,109,4,4
78488,57,60,-3,3
78489,71,68,3,3
78490,110,102,8,8
78491,67,73,-6,6
78492,59,63,-4,4
78493,105,107,-2,2
78494,132,123,9,9
78495,93,99,-6,6
78496,90,96,-6,6
78497,134,125,9,9
78498,32,41,-9,9
78499,108,146,-38,38
78500,81,73,8,8
78501,94,94,0,0
78502,116,122,-6,6
78503,131,130,1,1
78504,63,74,-11,11
78505,96,95,1,1
78506,71,63,8,8
78507,71,63,8,8
78508,79,87,-8,8
78509,115,111,4,4
78510,48,72,-24,24
78511,85,81,4,4
78512,113,105,8,8
78513,89,90,-1,1
78514,131,134,-3,3
78515,91,95,-4,4
78516,72,70,2,2
78517,169,158,11,11
78518,133,134,-1,1
78519,176,155,21,21
78520,118,124,-6,6
78521,71,79,-8,8
78522,65,73,-8,8
78523,144,127,17,17
78524,72,85,-13,13
78525,70,75,-5,5
78526,70,69,1,1
78527,117,104,13,13
78528,97,97,0,0
78529,57,58,-1,1
78530,61,81,-20,20
78531,80,80,0,0
78532,92,93,-1,1
78533,85,87,-2,2
78534,125,116,9,9
78535,90,103,-13,13
78536,80,74,6,6
78537,71,78,-7,7
78538,149,136,13,13
78539,69,66,3,3
78540,104,98,6,6
78541,95,91,4,4
78542,129,111,18,18
78543,144,125,19,19
78544,61,60,1,1
78545,130,120,10,10
78546,144,135,9,9
78547,39,46,-7,7
78548,114,108,6,6
78549,48,47,1,1
78550,94,86,8,8
78551,92,88,4,4
78552,101,85,16,16
78553,79,80,-1,1
78554,113,101,12,12
78555,69,72,-3,3
78556,41,48,-7,7
78557,69,76,-7,7
78558,108,106,2,2
78559,66,65,1,1
78560,93,81,12,12
78561,86,79,7,7
78562,79,77,2,2
78563,80,88,-8,8
78564,87,81,6,6
78565,179,169,10,10
78566,67,66,1,1
78567,71,79,-8,8
78568,86,76,10,10
78569,92,94,-2,2
78570,109,109,0,0
78571,45,55,-10,10
78572,84,82,2,2
78573,158,154,4,4
78574,92,84,8,8
78575,75,72,3,3
78576,84,81,3,3
78577,65,74,-9,9
78578,104,92,12,12
78579,44,44,0,0
78580,198,162,36,36
78581,124,118,6,6
78582,134,119,15,15
78583,122,112,10,10
78584,77,75,2,2
78585,103,102,1,1
78586,98,92,6,6
78587,59,52,7,7
78588,87,69,18,18
78589,74,66,8,8
78590,67,73,-6,6
78591,85,84,1,1
78592,79,72,7,7
78593,96,100,-4,4
78594,121,123,-2,2
78595,98,105,-7,7
78596,145,129,16,16
78597,110,105,5,5
78598,144,150,-6,6
78599,85,83,2,2
78600,114,124,-10,10
78601,95,93,2,2
78602,51,60,-9,9
78603,97,92,5,5
78604,81,71,10,10
78605,81,77,4,4
78606,85,83,2,2
78607,154,158,-4,4
78608,125,124,1,1
78609,97,102,-5,5
78610,161,150,11,11
78611,144,126,18,18
78612,127,120,7,7
78613,88,84,4,4
78614,180,167,13,13
78615,90,96,-6,6
78616,66,72,-6,6
78617,95,90,5,5
78618,94,104,-10,10
78619,75,80,-5,5
78620,65,75,-10,10
78621,111,124,-13,13
78622,67,61,6,6
78623,86,93,-7,7
78624,141,129,12,12
78625,102,98,4,4
78626,142,146,-4,4
78627,188,188,0,0
78628,62,55,7,7
78629,104,112,-8,8
78630,63,62,1,1
78631,100,93,7,7
78632,148,138,10,10
78633,103,108,-5,5
78634,122,129,-7,7
78635,69,71,-2,2
78636,89,86,3,3
78637,113,91,22,22
78638,135,134,1,1
78639,158,143,15,15
78640,74,64,10,10
78641,54,54,0,0
78642,106,104,2,2
78643,56,84,-28,28
78644,113,106,7,7
78645,95,85,10,10
78646,134,132,2,2
78647,73,76,-3,3
78648,51,51,0,0
78649,50,46,4,4
78650,33,37,-4,4
78651,130,119,11,11
78652,111,125,-14,14
78653,58,60,-2,2
78654,103,102,1,1
78655,136,142,-6,6
78656,99,100,-1,1
78657,99,94,5,5
78658,116,110,6,6
78659,149,144,5,5
78660,69,70,-1,1
78661,81,92,-11,11
78662,57,61,-4,4
78663,85,79,6,6
78664,78,94,-16,16
78665,94,91,3,3
78666,112,105,7,7
78667,141,119,22,22
78668,133,122,11,11
78669,85,94,-9,9
78670,100,108,-8,8
78671,62,60,2,2
78672,121,117,4,4
78673,54,58,-4,4
78674,154,151,3,3
78675,142,129,13,13
78676,104,121,-17,17
78677,103,100,3,3
78678,70,64,6,6
78679,118,116,2,2
78680,115,117,-2,2
78681,145,144,1,1
78682,106,110,-4,4
78683,114,114,0,0
78684,87,82,5,5
78685,155,137,18,18
78686,142,133,9,9
78687,132,122,10,10
78688,94,91,3,3
78689,142,141,1,1
78690,150,146,4,4
78691,53,59,-6,6
78692,94,90,4,4
78693,85,98,-13,13
78694,62,68,-6,6
78695,53,49,4,4
78696,81,89,-8,8
78697,175,171,4,4
78698,55,50,5,5
78699,72,81,-9,9
78700,93,86,7,7
78701,73,82,-9,9
78702,47,54,-7,7
78703,67,71,-4,4
78704,117,110,7,7
78705,104,103,1,1
78706,76,74,2,2
78707,99,83,16,16
78708,131,121,10,10
78709,84,91,-7,7
78710,105,118,-13,13
78711,157,136,21,21
78712,111,119,-8,8
78713,91,91,0,0
78714,74,82,-8,8
78715,79,81,-2,2
78716,103,93,10,10
78717,119,112,7,7
78718,163,143,20,20
78719,69,72,-3,3
78720,112,108,4,4
78721,55,64,-9,9
78722,97,100,-3,3
78723,99,89,10,10
78724,58,66,-8,8
78725,125,115,10,10
78726,88,78,10,10
78727,81,81,0,0
78728,158,163,-5,5
78729,55,68,-13,13
78730,114,119,-5,5
78731,95,94,1,1
78732,87,103,-16,16
78733,139,127,12,12
78734,79,75,4,4
78735,75,66,9,9
78736,56,60,-4,4
78737,113,135,-22,22
78738,148,138,10,10
78739,160,142,18,18
78740,97,94,3,3
78741,88,88,0,0
78742,89,86,3,3
78743,101,97,4,4
78744,53,59,-6,6
78745,97,110,-13,13
78746,67,69,-2,2
78747,117,112,5,5
78748,72,66,6,6
78749,40,47,-7,7
78750,48,46,2,2
78751,88,80,8,8
78752,95,83,12,12
78753,132,125,7,7
78754,63,60,3,3
78755,95,93,2,2
78756,84,83,1,1
78757,33,41,-8,8
78758,70,70,0,0
78759,154,151,3,3
78760,163,152,11,11
78761,175,165,10,10
78762,92,87,5,5
78763,150,149,1,1
78764,67,70,-3,3
78765,127,132,-5,5
78766,131,127,4,4
78767,194,173,21,21
78768,113,105,8,8
78769,106,101,5,5
78770,88,81,7,7
78771,75,75,0,0
78772,56,71,-15,15
78773,86,99,-13,13
78774,66,62,4,4
78775,171,166,5,5
78776,127,123,4,4
78777,110,115,-5,5
78778,93,95,-2,2
78779,89,87,2,2
78780,72,81,-9,9
78781,98,86,12,12
78782,77,80,-3,3
78783,93,92,1,1
78784,112,97,15,15
78785,68,66,2,2
78786,104,111,-7,7
78787,78,76,2,2
78788,69,79,-10,10
78789,48,48,0,0
78790,65,71,-6,6
78791,109,113,-4,4
78792,90,104,-14,14
78793,141,137,4,4
78794,100,103,-3,3
78795,133,137,-4,4
78796,110,101,9,9
78797,54,55,-1,1
78798,71,69,2,2
78799,144,139,5,5
78800,57,67,-10,10
78801,88,92,-4,4
78802,107,98,9,9
78803,128,124,4,4
78804,93,98,-5,5
78805,136,140,-4,4
78806,107,93,14,14
78807,151,142,9,9
78808,114,111,3,3
78809,67,64,3,3
78810,94,94,0,0
78811,90,82,8,8
78812,105,94,11,11
78813,132,120,12,12
78814,90,84,6,6
78815,120,125,-5,5
78816,91,105,-14,14
78817,155,152,3,3
78818,62,65,-3,3
78819,109,103,6,6
78820,100,108,-8,8
78821,160,141,19,19
78822,96,95,1,1
78823,104,112,-8,8
78824,93,91,2,2
78825,72,71,1,1
78826,59,76,-17,17
78827,74,71,3,3
78828,83,72,11,11
78829,92,84,8,8
78830,100,106,-6,6
78831,87,84,3,3
78832,122,123,-1,1
78833,78,78,0,0
78834,79,73,6,6
78835,138,123,15,15
78836,158,150,8,8
78837,75,79,-4,4
78838,100,97,3,3
78839,134,125,9,9
78840,138,156,-18,18
78841,82,92,-10,10
78842,52,50,2,2
78843,74,78,-4,4
78844,60,58,2,2
78845,49,59,-10,10
78846,45,60,-15,15
78847,83,81,2,2
78848,55,60,-5,5
78849,74,69,5,5
78850,96,91,5,5
78851,71,75,-4,4
78852,73,71,2,2
78853,104,117,-13,13
78854,57,52,5,5
78855,79,77,2,2
78856,109,111,-2,2
78857,65,62,3,3
78858,129,143,-14,14
78859,75,72,3,3
78860,209,192,17,17
78861,102,96,6,6
78862,102,107,-5,5
78863,142,130,12,12
78864,140,123,17,17
78865,44,50,-6,6
78866,102,108,-6,6
78867,89,79,10,10
78868,86,80,6,6
78869,85,81,4,4
78870,88,83,5,5
78871,77,84,-7,7
78872,123,132,-9,9
78873,62,72,-10,10
78874,163,161,2,2
78875,114,116,-2,2
78876,55,62,-7,7
78877,112,115,-3,3
78878,125,124,1,1
78879,123,121,2,2
78880,96,93,3,3
78881,111,108,3,3
78882,136,122,14,14
78883,75,75,0,0
78884,134,137,-3,3
78885,77,84,-7,7
78886,98,98,0,0
78887,94,90,4,4
78888,77,82,-5,5
78889,83,78,5,5
78890,97,84,13,13
78891,82,80,2,2
78892,126,122,4,4
78893,159,155,4,4
78894,100,110,-10,10
78895,100,115,-15,15
78896,121,119,2,2
78897,117,100,17,17
78898,81,85,-4,4
78899,90,89,1,1
78900,68,67,1,1
78901,110,110,0,0
78902,118,131,-13,13
78903,97,96,1,1
78904,81,73,8,8
78905,105,105,0,0
78906,95,85,10,10
78907,66,83,-17,17
78908,109,111,-2,2
78909,141,144,-3,3
78910,52,63,-11,11
78911,80,75,5,5
78912,93,82,11,11
78913,76,78,-2,2
78914,111,111,0,0
78915,107,100,7,7
78916,132,127,5,5
78917,100,104,-4,4
78918,138,130,8,8
78919,122,113,9,9
78920,105,103,2,2
78921,85,85,0,0
78922,96,78,18,18
78923,60,61,-1,1
78924,106,103,3,3
78925,47,64,-17,17
78926,97,93,4,4
78927,36,41,-5,5
78928,111,101,10,10
78929,121,133,-12,12
78930,85,74,11,11
78931,95,88,7,7
78932,78,79,-1,1
78933,113,119,-6,6
78934,72,71,1,1
78935,110,119,-9,9
78936,38,45,-7,7
78937,133,130,3,3
78938,52,77,-25,25
78939,49,52,-3,3
78940,57,58,-1,1
78941,209,164,45,45
78942,93,100,-7,7
78943,62,62,0,0
78944,51,55,-4,4
78945,82,105,-23,23
78946,77,73,4,4
78947,165,152,13,13
78948,58,61,-3,3
78949,108,105,3,3
78950,43,49,-6,6
78951,83,83,0,0
78952,92,90,2,2
78953,127,117,10,10
78954,47,47,0,0
78955,78,76,2,2
78956,62,70,-8,8
78957,136,123,13,13
78958,121,126,-5,5
78959,79,85,-6,6
78960,83,92,-9,9
78961,100,104,-4,4
78962,86,104,-18,18
78963,89,92,-3,3
78964,74,66,8,8
78965,133,132,1,1
78966,107,107,0,0
78967,89,82,7,7
78968,72,69,3,3
78969,78,83,-5,5
78970,52,52,0,0
78971,94,101,-7,7
78972,107,104,3,3
78973,61,56,5,5
78974,224,203,21,21
78975,75,64,11,11
78976,53,59,-6,6
78977,95,96,-1,1
78978,63,61,2,2
78979,133,134,-1,1
78980,45,43,2,2
78981,65,63,2,2
78982,93,88,5,5
78983,68,76,-8,8
78984,86,87,-1,1
78985,116,112,4,4
78986,112,114,-2,2
78987,79,71,8,8
78988,83,80,3,3
78989,136,147,-11,11
78990,58,60,-2,2
78991,98,91,7,7
78992,216,220,-4,4
78993,135,131,4,4
78994,87,83,4,4
78995,99,92,7,7
78996,85,85,0,0
78997,57,53,4,4
78998,69,64,5,5
78999,72,71,1,1
79000,42,45,-3,3
79001,50,49,1,1
79002,120,115,5,5
79003,43,47,-4,4
79004,58,53,5,5
79005,64,75,-11,11
79006,47,53,-6,6
79007,118,107,11,11
79008,91,115,-24,24
79009,115,116,-1,1
79010,132,131,1,1
79011,124,121,3,3
79012,127,144,-17,17
79013,90,84,6,6
79014,142,144,-2,2
79015,72,75,-3,3
79016,91,96,-5,5
79017,93,97,-4,4
79018,159,160,-1,1
79019,76,80,-4,4
79020,89,97,-8,8
79021,127,107,20,20
79022,76,76,0,0
79023,101,91,10,10
79024,95,94,1,1
79025,82,81,1,1
79026,109,108,1,1
79027,108,103,5,5
79028,84,91,-7,7
79029,184,178,6,6
79030,77,72,5,5
79031,92,80,12,12
79032,57,61,-4,4
79033,104,96,8,8
79034,118,121,-3,3
79035,111,102,9,9
79036,78,65,13,13
79037,122,114,8,8
79038,72,70,2,2
79039,106,94,12,12
79040,61,59,2,2
79041,106,106,0,0
79042,122,125,-3,3
79043,119,116,3,3
79044,141,125,16,16
79045,114,111,3,3
79046,124,113,11,11
79047,86,77,9,9
79048,43,52,-9,9
79049,177,177,0,0
79050,169,187,-18,18
79051,100,102,-2,2
79052,70,72,-2,2
79053,80,83,-3,3
79054,82,84,-2,2
79055,97,89,8,8
79056,112,102,10,10
79057,122,112,10,10
79058,62,60,2,2
79059,146,126,20,20
79060,77,83,-6,6
79061,95,97,-2,2
79062,167,151,16,16
79063,62,89,-27,27
79064,112,137,-25,25
79065,56,62,-6,6
79066,126,108,18,18
79067,127,117,10,10
79068,221,208,13,13
79069,180,169,11,11
79070,73,61,12,12
79071,53,59,-6,6
79072,82,88,-6,6
79073,58,58,0,0
79074,78,74,4,4
79075,130,127,3,3
79076,39,40,-1,1
79077,93,114,-21,21
79078,87,78,9,9
79079,82,77,5,5
79080,130,130,0,0
79081,74,72,2,2
79082,93,88,5,5
79083,69,78,-9,9
79084,57,59,-2,2
79085,79,74,5,5
79086,120,115,5,5
79087,91,82,9,9
79088,99,108,-9,9
79089,100,92,8,8
79090,93,91,2,2
79091,78,80,-2,2
79092,82,84,-2,2
79093,242,212,30,30
79094,154,152,2,2
79095,63,64,-1,1
79096,52,53,-1,1
79097,106,102,4,4
79098,87,105,-18,18
79099,106,109,-3,3
79100,36,37,-1,1
79101,108,130,-22,22
79102,153,192,-39,39
79103,44,60,-16,16
79104,119,116,3,3
79105,51,49,2,2
79106,156,141,15,15
79107,114,128,-14,14
79108,123,120,3,3
79109,149,141,8,8
79110,90,82,8,8
79111,67,70,-3,3
79112,179,174,5,5
79113,123,123,0,0
79114,88,89,-1,1
79115,211,207,4,4
79116,149,140,9,9
79117,58,59,-1,1
79118,85,83,2,2
79119,94,89,5,5
79120,125,132,-7,7
79121,50,55,-5,5
79122,78,71,7,7
79123,91,84,7,7
79124,166,164,2,2
79125,89,80,9,9
79126,55,61,-6,6
79127,140,135,5,5
79128,122,127,-5,5
79129,92,79,13,13
79130,59,64,-5,5
79131,112,121,-9,9
79132,97,97,0,0
79133,109,112,-3,3
79134,121,144,-23,23
79135,75,74,1,1
79136,80,76,4,4
79137,104,102,2,2
79138,130,132,-2,2
79139,148,149,-1,1
79140,54,50,4,4
79141,121,108,13,13
79142,65,84,-19,19
79143,51,58,-7,7
79144,142,123,19,19
79145,40,40,0,0
79146,58,62,-4,4
79147,92,89,3,3
79148,71,73,-2,2
79149,96,95,1,1
79150,118,111,7,7
79151,54,62,-8,8
79152,91,95,-4,4
79153,70,65,5,5
79154,85,83,2,2
79155,47,62,-15,15
79156,137,137,0,0
79157,88,101,-13,13
79158,73,77,-4,4
79159,99,96,3,3
79160,68,71,-3,3
79161,174,177,-3,3
79162,119,126,-7,7
79163,84,84,0,0
79164,103,119,-16,16
79165,174,174,0,0
79166,98,94,4,4
79167,86,72,14,14
79168,101,103,-2,2
79169,88,75,13,13
79170,78,71,7,7
79171,94,90,4,4
79172,131,126,5,5
79173,104,93,11,11
79174,89,100,-11,11
79175,104,120,-16,16
79176,43,50,-7,7
79177,85,83,2,2
79178,66,69,-3,3
79179,108,117,-9,9
79180,89,104,-15,15
79181,54,59,-5,5
79182,75,73,2,2
79183,85,92,-7,7
79184,94,89,5,5
79185,58,61,-3,3
79186,191,186,5,5
79187,63,60,3,3
79188,73,67,6,6
79189,92,91,1,1
79190,125,112,13,13
79191,90,88,2,2
79192,128,129,-1,1
79193,38,46,-8,8
79194,84,75,9,9
79195,85,81,4,4
79196,147,142,5,5
79197,54,51,3,3
79198,78,77,1,1
79199,117,106,11,11
79200,78,83,-5,5
79201,83,74,9,9
79202,125,153,-28,28
79203,108,105,3,3
79204,94,92,2,2
79205,45,45,0,0
79206,120,122,-2,2
79207,86,82,4,4
79208,85,87,-2,2
79209,50,50,0,0
79210,89,87,2,2
79211,90,85,5,5
79212,75,74,1,1
79213,110,113,-3,3
79214,82,82,0,0
79215,140,138,2,2
79216,102,106,-4,4
79217,78,84,-6,6
79218,90,89,1,1
79219,49,52,-3,3
79220,60,60,0,0
79221,128,145,-17,17
79222,91,96,-5,5
79223,94,92,2,2
79224,101,93,8,8
79225,90,86,4,4
79226,115,113,2,2
79227,111,94,17,17
79228,110,121,-11,11
79229,64,70,-6,6
79230,112,98,14,14
79231,88,98,-10,10
79232,108,96,12,12
79233,100,100,0,0
79234,66,65,1,1
79235,142,124,18,18
79236,64,65,-1,1
79237,140,135,5,5
79238,124,122,2,2
79239,66,68,-2,2
79240,99,88,11,11
79241,78,73,5,5
79242,103,111,-8,8
79243,121,121,0,0
79244,96,88,8,8
79245,30,39,-9,9
79246,69,62,7,7
79247,97,88,9,9
79248,81,73,8,8
79249,72,70,2,2
79250,93,84,9,9
79251,84,94,-10,10
79252,84,94,-10,10
79253,98,98,0,0
79254,57,72,-15,15
79255,81,82,-1,1
79256,88,96,-8,8
79257,98,94,4,4
79258,171,166,5,5
79259,76,75,1,1
79260,126,134,-8,8
79261,90,93,-3,3
79262,91,82,9,9
79263,94,84,10,10
79264,91,80,11,11
79265,122,122,0,0
79266,81,87,-6,6
79267,86,102,-16,16
79268,79,79,0,0
79269,76,83,-7,7
79270,97,105,-8,8
79271,125,150,-25,25
79272,125,130,-5,5
79273,62,64,-2,2
79274,63,66,-3,3
79275,81,80,1,1
79276,115,98,17,17
79277,162,163,-1,1
79278,103,98,5,5
79279,64,66,-2,2
79280,153,140,13,13
79281,69,79,-10,10
79282,132,123,9,9
79283,76,70,6,6
79284,63,75,-12,12
79285,65,67,-2,2
79286,89,84,5,5
79287,165,141,24,24
79288,84,80,4,4
79289,89,81,8,8
79290,130,126,4,4
79291,73,64,9,9
79292,110,120,-10,10
79293,157,142,15,15
79294,82,85,-3,3
79295,100,101,-1,1
79296,128,126,2,2
79297,122,123,-1,1
79298,102,103,-1,1
79299,102,90,12,12
79300,86,74,12,12
79301,124,126,-2,2
79302,157,147,10,10
79303,104,100,4,4
79304,94,95,-1,1
79305,59,60,-1,1
79306,103,96,7,7
79307,78,71,7,7
79308,73,74,-1,1
79309,76,74,2,2
79310,112,128,-16,16
79311,103,114,-11,11
79312,159,133,26,26
79313,42,48,-6,6
79314,83,78,5,5
79315,108,108,0,0
79316,129,119,10,10
79317,129,130,-1,1
79318,145,135,10,10
79319,70,72,-2,2
79320,71,69,2,2
79321,60,63,-3,3
79322,100,96,4,4
79323,173,169,4,4
79324,156,145,11,11
79325,101,97,4,4
79326,99,98,1,1
79327,130,128,2,2
79328,68,125,-57,57
79329,138,128,10,10
79330,138,139,-1,1
79331,126,127,-1,1
79332,74,67,7,7
79333,75,71,4,4
79334,79,73,6,6
79335,67,66,1,1
79336,80,123,-43,43
79337,86,76,10,10
79338,57,60,-3,3
79339,111,122,-11,11
79340,95,94,1,1
79341,85,77,8,8
79342,88,80,8,8
79343,72,67,5,5
79344,22,77,-55,55
79345,97,83,14,14
79346,130,117,13,13
79347,55,58,-3,3
79348,95,87,8,8
79349,86,86,0,0
79350,53,53,0,0
79351,66,66,0,0
79352,122,132,-10,10
79353,130,131,-1,1
79354,135,131,4,4
79355,47,49,-2,2
79356,65,102,-37,37
79357,46,41,5,5
79358,155,143,12,12
79359,60,63,-3,3
79360,75,79,-4,4
79361,97,86,11,11
79362,142,121,21,21
79363,57,63,-6,6
79364,80,80,0,0
79365,44,44,0,0
79366,107,106,1,1
79367,39,59,-20,20
79368,163,163,0,0
79369,152,165,-13,13
79370,119,116,3,3
79371,98,84,14,14
79372,67,80,-13,13
79373,61,59,2,2
79374,99,99,0,0
79375,62,64,-2,2
79376,68,65,3,3
79377,72,79,-7,7
79378,83,89,-6,6
79379,103,92,11,11
79380,116,128,-12,12
79381,122,124,-2,2
79382,88,93,-5,5
79383,129,123,6,6
79384,86,82,4,4
79385,82,87,-5,5
79386,83,85,-2,2
79387,71,83,-12,12
79388,77,78,-1,1
79389,100,105,-5,5
79390,206,197,9,9
79391,152,176,-24,24
79392,58,55,3,3
79393,141,140,1,1
79394,96,84,12,12
79395,149,129,20,20
79396,80,73,7,7
79397,48,45,3,3
79398,75,79,-4,4
79399,95,88,7,7
79400,126,129,-3,3
79401,74,70,4,4
79402,95,90,5,5
79403,59,68,-9,9
79404,164,162,2,2
79405,95,91,4,4
79406,46,64,-18,18
79407,88,87,1,1
79408,135,146,-11,11
79409,140,130,10,10
79410,103,102,1,1
79411,69,65,4,4
79412,144,130,14,14
79413,147,137,10,10
79414,105,111,-6,6
79415,154,126,28,28
79416,77,76,1,1
79417,74,79,-5,5
79418,132,125,7,7
79419,56,55,1,1
79420,48,51,-3,3
79421,77,75,2,2
79422,20,36,-16,16
79423,94,100,-6,6
79424,66,72,-6,6
79425,72,69,3,3
79426,130,118,12,12
79427,282,251,31,31
79428,139,119,20,20
79429,99,113,-14,14
79430,67,71,-4,4
79431,72,76,-4,4
79432,96,107,-11,11
79433,76,76,0,0
79434,119,110,9,9
79435,93,82,11,11
79436,61,65,-4,4
79437,79,72,7,7
79438,107,103,4,4
79439,152,159,-7,7
79440,85,75,10,10
79441,62,71,-9,9
79442,103,89,14,14
79443,59,59,0,0
79444,109,114,-5,5
79445,84,95,-11,11
79446,85,88,-3,3
79447,77,88,-11,11
79448,182,177,5,5
79449,105,110,-5,5
79450,165,166,-1,1
79451,101,98,3,3
79452,91,86,5,5
79453,93,91,2,2
79454,105,107,-2,2
79455,98,100,-2,2
79456,140,141,-1,1
79457,150,141,9,9
79458,168,156,12,12
79459,155,149,6,6
79460,75,67,8,8
79461,56,53,3,3
79462,41,52,-11,11
79463,84,84,0,0
79464,46,51,-5,5
79465,168,166,2,2
79466,148,139,9,9
79467,92,95,-3,3
79468,93,88,5,5
79469,108,98,10,10
79470,52,53,-1,1
79471,100,96,4,4
79472,77,84,-7,7
79473,95,88,7,7
79474,67,67,0,0
79475,84,68,16,16
79476,107,105,2,2
79477,80,74,6,6
79478,104,102,2,2
79479,86,84,2,2
79480,90,80,10,10
79481,70,81,-11,11
79482,125,138,-13,13
79483,68,65,3,3
79484,125,126,-1,1
79485,133,136,-3,3
79486,77,74,3,3
79487,70,73,-3,3
79488,182,172,10,10
79489,114,100,14,14
79490,114,111,3,3
79491,183,181,2,2
79492,57,62,-5,5
79493,111,111,0,0
79494,49,52,-3,3
79495,58,57,1,1
79496,97,107,-10,10
79497,141,148,-7,7
79498,133,134,-1,1
79499,115,102,13,13
79500,142,135,7,7
79501,53,54,-1,1
79502,69,66,3,3
79503,152,130,22,22
79504,52,51,1,1
79505,145,143,2,2
79506,90,87,3,3
79507,125,116,9,9
79508,73,66,7,7
79509,72,70,2,2
79510,69,81,-12,12
79511,146,136,10,10
79512,149,149,0,0
79513,79,79,0,0
79514,105,115,-10,10
79515,65,61,4,4
79516,139,126,13,13
79517,123,119,4,4
79518,105,85,20,20
79519,40,43,-3,3
79520,65,68,-3,3
79521,134,126,8,8
79522,123,119,4,4
79523,127,116,11,11
79524,39,68,-29,29
79525,104,116,-12,12
79526,48,48,0,0
79527,78,87,-9,9
79528,102,98,4,4
79529,72,61,11,11
79530,130,132,-2,2
79531,107,104,3,3
79532,90,88,2,2
79533,85,80,5,5
79534,103,104,-1,1
79535,118,113,5,5
79536,67,77,-10,10
79537,101,84,17,17
79538,108,102,6,6
79539,134,153,-19,19
79540,83,76,7,7
79541,103,105,-2,2
79542,43,63,-20,20
79543,154,140,14,14
79544,137,138,-1,1
79545,133,124,9,9
79546,165,143,22,22
79547,68,69,-1,1
79548,144,144,0,0
79549,112,113,-1,1
79550,96,97,-1,1
79551,84,75,9,9
79552,131,115,16,16
79553,95,90,5,5
79554,166,151,15,15
79555,56,63,-7,7
79556,112,109,3,3
79557,55,55,0,0
79558,88,87,1,1
79559,81,73,8,8
79560,79,76,3,3
79561,105,107,-2,2
79562,52,57,-5,5
79563,131,126,5,5
79564,101,102,-1,1
79565,98,76,22,22
79566,60,60,0,0
79567,66,69,-3,3
79568,85,76,9,9
79569,81,75,6,6
79570,117,124,-7,7
79571,61,59,2,2
79572,74,80,-6,6
79573,64,66,-2,2
79574,61,62,-1,1
79575,106,103,3,3
79576,82,78,4,4
79577,68,85,-17,17
79578,100,103,-3,3
79579,111,94,17,17
79580,73,79,-6,6
79581,110,107,3,3
79582,110,115,-5,5
79583,150,144,6,6
79584,119,121,-2,2
79585,140,142,-2,2
79586,107,101,6,6
79587,31,43,-12,12
79588,111,106,5,5
79589,93,98,-5,5
79590,73,75,-2,2
79591,75,81,-6,6
79592,106,118,-12,12
79593,46,49,-3,3
79594,169,163,6,6
79595,128,125,3,3
79596,189,188,1,1
79597,119,117,2,2
79598,61,54,7,7
79599,109,108,1,1
79600,129,118,11,11
79601,118,123,-5,5
79602,91,90,1,1
79603,95,94,1,1
79604,106,90,16,16
79605,188,181,7,7
79606,78,75,3,3
79607,59,72,-13,13
79608,66,63,3,3
79609,62,62,0,0
79610,137,133,4,4
79611,82,80,2,2
79612,115,119,-4,4
79613,102,108,-6,6
79614,50,80,-30,30
79615,119,118,1,1
79616,159,162,-3,3
79617,146,145,1,1
79618,62,60,2,2
79619,72,64,8,8
79620,82,78,4,4
79621,64,62,2,2
79622,74,74,0,0
79623,104,94,10,10
79624,169,132,37,37
79625,86,90,-4,4
79626,178,187,-9,9
79627,83,82,1,1
79628,115,117,-2,2
79629,124,126,-2,2
79630,123,150,-27,27
79631,90,90,0,0
79632,51,53,-2,2
79633,99,94,5,5
79634,99,121,-22,22
79635,108,95,13,13
79636,124,108,16,16
79637,144,146,-2,2
79638,128,137,-9,9
79639,70,69,1,1
79640,74,82,-8,8
79641,134,138,-4,4
79642,119,125,-6,6
79643,41,45,-4,4
79644,101,103,-2,2
79645,149,139,10,10
79646,121,113,8,8
79647,56,50,6,6
79648,108,104,4,4
79649,72,77,-5,5
79650,98,90,8,8
79651,67,64,3,3
79652,69,68,1,1
79653,89,85,4,4
79654,122,136,-14,14
79655,75,76,-1,1
79656,80,85,-5,5
79657,184,187,-3,3
79658,80,77,3,3
79659,136,133,3,3
79660,85,83,2,2
79661,86,82,4,4
79662,99,103,-4,4
79663,161,164,-3,3
79664,106,114,-8,8
79665,86,87,-1,1
79666,160,150,10,10
79667,140,146,-6,6
79668,157,161,-4,4
79669,121,123,-2,2
79670,61,68,-7,7
79671,108,104,4,4
79672,110,108,2,2
79673,101,94,7,7
79674,85,85,0,0
79675,125,121,4,4
79676,67,65,2,2
79677,64,62,2,2
79678,47,64,-17,17
79679,111,118,-7,7
79680,45,51,-6,6
79681,79,64,15,15
79682,102,96,6,6
79683,99,82,17,17
79684,121,116,5,5
79685,75,85,-10,10
79686,172,167,5,5
79687,67,71,-4,4
79688,111,101,10,10
79689,119,127,-8,8
79690,134,125,9,9
79691,139,134,5,5
79692,67,68,-1,1
79693,100,118,-18,18
79694,64,65,-1,1
79695,105,106,-1,1
79696,106,106,0,0
79697,41,43,-2,2
79698,122,115,7,7
79699,96,98,-2,2
79700,74,76,-2,2
79701,97,89,8,8
79702,106,99,7,7
79703,58,52,6,6
79704,61,62,-1,1
79705,72,70,2,2
79706,97,96,1,1
79707,104,104,0,0
79708,90,91,-1,1
79709,190,180,10,10
79710,113,127,-14,14
79711,72,94,-22,22
79712,102,95,7,7
79713,143,120,23,23
79714,71,68,3,3
79715,80,85,-5,5
79716,45,44,1,1
79717,57,63,-6,6
79718,109,105,4,4
79719,80,79,1,1
79720,54,61,-7,7
79721,75,80,-5,5
79722,80,86,-6,6
79723,73,73,0,0
79724,216,202,14,14
79725,73,80,-7,7
79726,124,121,3,3
79727,160,128,32,32
79728,140,135,5,5
79729,136,131,5,5
79730,68,61,7,7
79731,91,90,1,1
79732,69,60,9,9
79733,93,101,-8,8
79734,103,100,3,3
79735,93,95,-2,2
79736,53,59,-6,6
79737,116,110,6,6
79738,57,68,-11,11
79739,89,86,3,3
79740,58,55,3,3
79741,136,139,-3,3
79742,95,95,0,0
79743,59,64,-5,5
79744,169,156,13,13
79745,105,108,-3,3
79746,119,100,19,19
79747,89,86,3,3
79748,132,123,9,9
79749,81,73,8,8
79750,52,44,8,8
79751,139,116,23,23
79752,60,61,-1,1
79753,128,122,6,6
79754,54,50,4,4
79755,123,125,-2,2
79756,99,96,3,3
79757,36,41,-5,5
79758,40,43,-3,3
79759,114,113,1,1
79760,89,78,11,11
79761,68,71,-3,3
79762,96,86,10,10
79763,120,116,4,4
79764,85,83,2,2
79765,67,62,5,5
79766,90,88,2,2
79767,59,57,2,2
79768,86,78,8,8
79769,187,177,10,10
79770,117,111,6,6
79771,50,62,-12,12
79772,90,87,3,3
79773,92,85,7,7
79774,57,62,-5,5
79775,55,53,2,2
79776,51,60,-9,9
79777,84,84,0,0
79778,110,111,-1,1
79779,52,67,-15,15
79780,56,65,-9,9
79781,82,81,1,1
79782,141,141,0,0
79783,104,101,3,3
79784,113,119,-6,6
79785,119,111,8,8
79786,124,119,5,5
79787,79,81,-2,2
79788,99,92,7,7
79789,133,118,15,15
79790,53,52,1,1
79791,88,87,1,1
79792,58,60,-2,2
79793,90,94,-4,4
79794,89,99,-10,10
79795,91,97,-6,6
79796,110,109,1,1
79797,77,76,1,1
79798,71,72,-1,1
79799,77,79,-2,2
79800,115,121,-6,6
79801,62,74,-12,12
79802,167,166,1,1
79803,105,110,-5,5
79804,100,95,5,5
79805,100,108,-8,8
79806,111,119,-8,8
79807,92,88,4,4
79808,162,158,4,4
79809,109,111,-2,2
79810,164,159,5,5
79811,63,54,9,9
79812,67,73,-6,6
79813,158,164,-6,6
79814,82,81,1,1
79815,65,59,6,6
79816,118,109,9,9
79817,87,92,-5,5
79818,159,160,-1,1
79819,122,112,10,10
79820,102,101,1,1
79821,63,66,-3,3
79822,94,94,0,0
79823,100,103,-3,3
79824,87,69,18,18
79825,98,87,11,11
79826,79,72,7,7
79827,104,96,8,8
79828,115,102,13,13
79829,118,138,-20,20
79830,82,80,2,2
79831,130,122,8,8
79832,98,101,-3,3
79833,141,146,-5,5
79834,197,183,14,14
79835,141,143,-2,2
79836,91,92,-1,1
79837,80,79,1,1
79838,104,91,13,13
79839,171,164,7,7
79840,292,250,42,42
79841,113,117,-4,4
79842,111,106,5,5
79843,116,114,2,2
79844,66,63,3,3
79845,146,145,1,1
79846,62,62,0,0
79847,105,101,4,4
79848,66,64,2,2
79849,59,56,3,3
79850,74,75,-1,1
79851,91,80,11,11
79852,117,114,3,3
79853,101,104,-3,3
79854,167,176,-9,9
79855,69,65,4,4
79856,120,119,1,1
79857,119,114,5,5
79858,130,124,6,6
79859,69,66,3,3
79860,97,102,-5,5
79861,76,80,-4,4
79862,183,178,5,5
79863,65,73,-8,8
79864,155,147,8,8
79865,80,79,1,1
79866,107,111,-4,4
79867,46,63,-17,17
79868,95,91,4,4
79869,72,71,1,1
79870,74,81,-7,7
79871,73,71,2,2
79872,66,65,1,1
79873,76,79,-3,3
79874,75,79,-4,4
79875,36,62,-26,26
79876,82,84,-2,2
79877,150,143,7,7
79878,88,96,-8,8
79879,40,45,-5,5
79880,82,82,0,0
79881,166,159,7,7
79882,113,110,3,3
79883,120,123,-3,3
79884,136,133,3,3
79885,53,60,-7,7
79886,233,234,-1,1
79887,78,74,4,4
79888,112,110,2,2
79889,103,115,-12,12
79890,100,94,6,6
79891,86,92,-6,6
79892,69,72,-3,3
79893,109,107,2,2
79894,105,101,4,4
79895,51,85,-34,34
79896,99,109,-10,10
79897,138,145,-7,7
79898,42,93,-51,51
79899,87,80,7,7
79900,141,139,2,2
79901,75,86,-11,11
79902,96,90,6,6
79903,56,59,-3,3
79904,122,112,10,10
79905,65,64,1,1
79906,113,99,14,14
79907,67,61,6,6
79908,83,82,1,1
79909,91,78,13,13
79910,136,140,-4,4
79911,85,76,9,9
79912,66,67,-1,1
79913,79,62,17,17
79914,73,69,4,4
79915,106,102,4,4
79916,76,73,3,3
79917,149,141,8,8
79918,38,48,-10,10
79919,108,102,6,6
79920,91,93,-2,2
79921,105,103,2,2
79922,85,87,-2,2
79923,62,74,-12,12
79924,117,132,-15,15
79925,62,66,-4,4
79926,115,108,7,7
79927,85,70,15,15
79928,150,153,-3,3
79929,132,142,-10,10
79930,74,78,-4,4
79931,44,63,-19,19
79932,152,156,-4,4
79933,142,148,-6,6
79934,106,111,-5,5
79935,97,101,-4,4
79936,97,87,10,10
79937,53,61,-8,8
79938,116,120,-4,4
79939,141,138,3,3
79940,109,108,1,1
79941,90,84,6,6
79942,111,112,-1,1
79943,186,191,-5,5
79944,133,130,3,3
79945,83,76,7,7
79946,69,80,-11,11
79947,73,76,-3,3
79948,154,143,11,11
79949,93,102,-9,9
79950,87,83,4,4
79951,126,127,-1,1
79952,91,93,-2,2
79953,79,78,1,1
79954,82,85,-3,3
79955,112,90,22,22
79956,72,63,9,9
79957,179,182,-3,3
79958,67,74,-7,7
79959,61,80,-19,19
79960,134,129,5,5
79961,129,116,13,13
79962,79,75,4,4
79963,95,97,-2,2
79964,147,139,8,8
79965,86,91,-5,5
79966,64,68,-4,4
79967,73,78,-5,5
79968,60,63,-3,3
79969,122,129,-7,7
79970,91,94,-3,3
79971,78,84,-6,6
79972,69,76,-7,7
79973,64,85,-21,21
79974,120,111,9,9
79975,101,101,0,0
79976,51,53,-2,2
79977,80,87,-7,7
79978,100,133,-33,33
79979,104,104,0,0
79980,69,75,-6,6
79981,94,92,2,2
79982,110,121,-11,11
79983,157,158,-1,1
79984,56,60,-4,4
79985,118,121,-3,3
79986,29,24,5,5
79987,110,141,-31,31
79988,102,102,0,0
79989,78,80,-2,2
79990,116,129,-13,13
79991,129,131,-2,2
79992,124,133,-9,9
79993,69,87,-18,18
79994,94,97,-3,3
79995,105,95,10,10
79996,127,144,-17,17
79997,99,98,1,1
79998,106,90,16,16
79999,45,42,3,3
80000,73,69,4,4
80001,57,60,-3,3
80002,71,70,1,1
80003,84,87,-3,3
80004,91,93,-2,2
80005,93,91,2,2
80006,75,80,-5,5
80007,98,92,6,6
80008,76,73,3,3
80009,87,85,2,2
80010,100,108,-8,8
80011,101,94,7,7
80012,63,74,-11,11
80013,94,85,9,9
80014,58,63,-5,5
80015,77,65,12,12
80016,136,125,11,11
80017,86,89,-3,3
80018,109,105,4,4
80019,77,77,0,0
80020,146,139,7,7
80021,128,129,-1,1
80022,164,160,4,4
80023,71,71,0,0
80024,147,153,-6,6
80025,96,91,5,5
80026,65,63,2,2
80027,95,91,4,4
80028,84,85,-1,1
80029,104,98,6,6
80030,75,76,-1,1
80031,168,167,1,1
80032,200,183,17,17
80033,153,161,-8,8
80034,171,171,0,0
80035,111,120,-9,9
80036,65,75,-10,10
80037,85,95,-10,10
80038,98,87,11,11
80039,111,108,3,3
80040,112,107,5,5
80041,113,108,5,5
80042,148,133,15,15
80043,115,114,1,1
80044,63,70,-7,7
80045,95,87,8,8
80046,98,101,-3,3
80047,117,117,0,0
80048,144,138,6,6
80049,115,125,-10,10
80050,124,117,7,7
80051,115,120,-5,5
80052,93,97,-4,4
80053,83,83,0,0
80054,83,83,0,0
80055,106,106,0,0
80056,104,104,0,0
80057,149,169,-20,20
80058,94,99,-5,5
80059,61,62,-1,1
80060,63,73,-10,10
80061,98,97,1,1
80062,70,77,-7,7
80063,96,100,-4,4
80064,89,86,3,3
80065,120,142,-22,22
80066,85,75,10,10
80067,159,137,22,22
80068,144,147,-3,3
80069,63,65,-2,2
80070,102,102,0,0
80071,119,108,11,11
80072,106,110,-4,4
80073,88,75,13,13
80074,54,55,-1,1
80075,58,59,-1,1
80076,130,119,11,11
80077,168,155,13,13
80078,73,70,3,3
80079,133,139,-6,6
80080,98,100,-2,2
80081,86,81,5,5
80082,81,84,-3,3
80083,83,80,3,3
80084,59,61,-2,2
80085,43,49,-6,6
80086,80,81,-1,1
80087,73,77,-4,4
80088,86,82,4,4
80089,89,111,-22,22
80090,77,78,-1,1
80091,59,52,7,7
80092,64,98,-34,34
80093,82,75,7,7
80094,47,48,-1,1
80095,99,80,19,19
80096,104,102,2,2
80097,62,67,-5,5
80098,70,77,-7,7
80099,65,66,-1,1
80100,79,75,4,4
80101,86,86,0,0
80102,105,98,7,7
80103,91,97,-6,6
80104,117,107,10,10
80105,43,47,-4,4
80106,171,164,7,7
80107,115,114,1,1
80108,111,112,-1,1
80109,73,72,1,1
80110,118,112,6,6
80111,84,76,8,8
80112,96,102,-6,6
80113,115,117,-2,2
80114,172,163,9,9
80115,138,133,5,5
80116,130,119,11,11
80117,142,138,4,4
80118,92,94,-2,2
80119,71,64,7,7
80120,42,46,-4,4
80121,93,86,7,7
80122,116,104,12,12
80123,90,83,7,7
80124,74,75,-1,1
80125,56,61,-5,5
80126,139,125,14,14
80127,76,87,-11,11
80128,97,101,-4,4
80129,88,91,-3,3
80130,70,70,0,0
80131,148,143,5,5
80132,70,68,2,2
80133,112,112,0,0
80134,81,66,15,15
80135,52,51,1,1
80136,95,98,-3,3
80137,80,82,-2,2
80138,46,51,-5,5
80139,50,49,1,1
80140,129,127,2,2
80141,90,91,-1,1
80142,132,115,17,17
80143,143,139,4,4
80144,130,150,-20,20
80145,147,139,8,8
80146,103,97,6,6
80147,61,59,2,2
80148,88,94,-6,6
80149,158,149,9,9
80150,50,53,-3,3
80151,115,114,1,1
80152,86,90,-4,4
80153,95,89,6,6
80154,135,142,-7,7
80155,84,88,-4,4
80156,116,134,-18,18
80157,31,42,-11,11
80158,86,84,2,2
80159,87,80,7,7
80160,99,88,11,11
80161,61,65,-4,4
80162,66,62,4,4
80163,99,97,2,2
80164,83,68,15,15
80165,63,63,0,0
80166,85,77,8,8
80167,90,90,0,0
80168,114,109,5,5
80169,77,77,0,0
80170,74,79,-5,5
80171,85,81,4,4
80172,49,83,-34,34
80173,29,39,-10,10
80174,77,69,8,8
80175,70,70,0,0
80176,72,80,-8,8
80177,67,87,-20,20
80178,73,74,-1,1
80179,112,103,9,9
80180,153,155,-2,2
80181,120,119,1,1
80182,96,96,0,0
80183,104,99,5,5
80184,74,75,-1,1
80185,50,64,-14,14
80186,74,71,3,3
80187,91,87,4,4
80188,100,102,-2,2
80189,45,59,-14,14
80190,96,99,-3,3
80191,57,55,2,2
80192,117,110,7,7
80193,116,113,3,3
80194,117,116,1,1
80195,85,93,-8,8
80196,90,91,-1,1
80197,120,105,15,15
80198,63,69,-6,6
80199,131,149,-18,18
80200,55,59,-4,4
80201,159,166,-7,7
80202,95,87,8,8
80203,91,93,-2,2
80204,52,48,4,4
80205,73,63,10,10
80206,107,102,5,5
80207,73,80,-7,7
80208,144,134,10,10
80209,101,109,-8,8
80210,84,78,6,6
80211,72,80,-8,8
80212,100,114,-14,14
80213,57,60,-3,3
80214,89,81,8,8
80215,85,82,3,3
80216,136,136,0,0
80217,104,113,-9,9
80218,180,171,9,9
80219,88,85,3,3
80220,81,88,-7,7
80221,98,95,3,3
80222,63,55,8,8
80223,81,93,-12,12
80224,132,141,-9,9
80225,139,140,-1,1
80226,156,143,13,13
80227,94,96,-2,2
80228,113,119,-6,6
80229,155,177,-22,22
80230,106,94,12,12
80231,71,71,0,0
80232,98,103,-5,5
80233,48,133,-85,85
80234,54,52,2,2
80235,86,82,4,4
80236,103,105,-2,2
80237,148,139,9,9
80238,73,67,6,6
80239,135,143,-8,8
80240,93,90,3,3
80241,137,141,-4,4
80242,82,76,6,6
80243,78,72,6,6
80244,95,99,-4,4
80245,74,71,3,3
80246,95,96,-1,1
80247,64,63,1,1
80248,100,106,-6,6
80249,95,98,-3,3
80250,28,41,-13,13
80251,38,42,-4,4
80252,92,88,4,4
80253,134,137,-3,3
80254,68,70,-2,2
80255,117,112,5,5
80256,118,111,7,7
80257,79,74,5,5
80258,61,63,-2,2
80259,132,122,10,10
80260,98,109,-11,11
80261,70,72,-2,2
80262,117,111,6,6
80263,61,55,6,6
80264,69,68,1,1
80265,76,66,10,10
80266,56,64,-8,8
80267,108,101,7,7
80268,70,68,2,2
80269,53,52,1,1
80270,94,95,-1,1
80271,158,157,1,1
80272,146,143,3,3
80273,94,96,-2,2
80274,48,50,-2,2
80275,85,89,-4,4
80276,117,103,14,14
80277,119,108,11,11
80278,72,78,-6,6
80279,103,101,2,2
80280,85,82,3,3
80281,121,107,14,14
80282,66,74,-8,8
80283,177,188,-11,11
80284,85,82,3,3
80285,151,157,-6,6
80286,57,52,5,5
80287,83,68,15,15
80288,68,65,3,3
80289,118,121,-3,3
80290,70,68,2,2
80291,30,63,-33,33
80292,94,104,-10,10
80293,68,70,-2,2
80294,153,160,-7,7
80295,81,77,4,4
80296,106,103,3,3
80297,93,82,11,11
80298,152,157,-5,5
80299,117,118,-1,1
80300,121,118,3,3
80301,104,110,-6,6
80302,130,118,12,12
80303,113,109,4,4
80304,108,98,10,10
80305,110,99,11,11
80306,76,85,-9,9
80307,119,116,3,3
80308,79,67,12,12
80309,96,93,3,3
80310,74,85,-11,11
80311,71,64,7,7
80312,79,72,7,7
80313,62,68,-6,6
80314,67,70,-3,3
80315,149,132,17,17
80316,70,71,-1,1
80317,87,83,4,4
80318,302,277,25,25
80319,51,55,-4,4
80320,73,69,4,4
80321,47,47,0,0
80322,138,126,12,12
80323,155,149,6,6
80324,67,73,-6,6
80325,118,123,-5,5
80326,73,74,-1,1
80327,67,68,-1,1
80328,43,61,-18,18
80329,101,104,-3,3
80330,89,86,3,3
80331,67,71,-4,4
80332,148,147,1,1
80333,131,128,3,3
80334,73,62,11,11
80335,135,142,-7,7
80336,71,77,-6,6
80337,71,69,2,2
80338,108,94,14,14
80339,131,124,7,7
80340,115,129,-14,14
80341,56,59,-3,3
80342,84,81,3,3
80343,92,97,-5,5
80344,38,41,-3,3
80345,134,117,17,17
80346,75,77,-2,2
80347,124,114,10,10
80348,126,127,-1,1
80349,103,117,-14,14
80350,57,61,-4,4
80351,82,89,-7,7
80352,113,113,0,0
80353,103,115,-12,12
80354,119,105,14,14
80355,259,284,-25,25
80356,87,84,3,3
80357,180,154,26,26
80358,84,91,-7,7
80359,110,120,-10,10
80360,116,105,11,11
80361,114,117,-3,3
80362,124,136,-12,12
80363,92,82,10,10
80364,86,92,-6,6
80365,85,87,-2,2
80366,65,64,1,1
80367,73,71,2,2
80368,72,75,-3,3
80369,108,111,-3,3
80370,47,46,1,1
80371,96,97,-1,1
80372,66,73,-7,7
80373,70,78,-8,8
80374,134,129,5,5
80375,47,50,-3,3
80376,50,55,-5,5
80377,69,78,-9,9
80378,82,80,2,2
80379,103,98,5,5
80380,79,74,5,5
80381,82,83,-1,1
80382,77,87,-10,10
80383,77,81,-4,4
80384,99,96,3,3
80385,99,97,2,2
80386,156,168,-12,12
80387,82,75,7,7
80388,123,114,9,9
80389,75,70,5,5
80390,47,53,-6,6
80391,32,39,-7,7
80392,72,76,-4,4
80393,92,89,3,3
80394,128,107,21,21
80395,100,104,-4,4
80396,78,85,-7,7
80397,141,135,6,6
80398,361,272,89,89
80399,142,134,8,8
80400,28,66,-38,38
80401,53,53,0,0
80402,80,82,-2,2
80403,81,85,-4,4
80404,181,157,24,24
80405,55,60,-5,5
80406,81,81,0,0
80407,58,62,-4,4
80408,28,32,-4,4
80409,76,83,-7,7
80410,77,82,-5,5
80411,125,121,4,4
80412,89,99,-10,10
80413,91,86,5,5
80414,103,109,-6,6
80415,97,96,1,1
80416,90,81,9,9
80417,69,69,0,0
80418,140,140,0,0
80419,59,62,-3,3
80420,140,136,4,4
80421,119,121,-2,2
80422,86,92,-6,6
80423,71,71,0,0
80424,179,173,6,6
80425,119,104,15,15
80426,115,107,8,8
80427,61,69,-8,8
80428,160,162,-2,2
80429,127,131,-4,4
80430,186,191,-5,5
80431,95,96,-1,1
80432,73,79,-6,6
80433,86,81,5,5
80434,64,69,-5,5
80435,164,157,7,7
80436,80,76,4,4
80437,107,133,-26,26
80438,138,130,8,8
80439,95,93,2,2
80440,161,151,10,10
80441,81,78,3,3
80442,118,115,3,3
80443,102,98,4,4
80444,79,77,2,2
80445,83,82,1,1
80446,96,82,14,14
80447,99,101,-2,2
80448,101,99,2,2
80449,73,74,-1,1
80450,151,144,7,7
80451,86,92,-6,6
80452,107,101,6,6
80453,102,94,8,8
80454,87,84,3,3
80455,110,105,5,5
80456,75,90,-15,15
80457,68,84,-16,16
80458,88,92,-4,4
80459,84,80,4,4
80460,81,77,4,4
80461,78,81,-3,3
80462,73,71,2,2
80463,103,94,9,9
80464,175,163,12,12
80465,122,119,3,3
80466,106,103,3,3
80467,53,48,5,5
80468,120,119,1,1
80469,135,135,0,0
80470,96,94,2,2
80471,69,72,-3,3
80472,86,87,-1,1
80473,94,94,0,0
80474,46,52,-6,6
80475,93,95,-2,2
80476,111,114,-3,3
80477,54,53,1,1
80478,63,61,2,2
80479,59,67,-8,8
80480,61,66,-5,5
80481,68,74,-6,6
80482,140,122,18,18
80483,79,74,5,5
80484,148,153,-5,5
80485,114,114,0,0
80486,77,82,-5,5
80487,95,87,8,8
80488,53,50,3,3
80489,102,107,-5,5
80490,150,156,-6,6
80491,142,125,17,17
80492,123,130,-7,7
80493,85,76,9,9
80494,86,76,10,10
80495,106,97,9,9
80496,123,115,8,8
80497,99,94,5,5
80498,78,70,8,8
80499,74,70,4,4
80500,83,78,5,5
80501,68,96,-28,28
80502,100,106,-6,6
80503,71,63,8,8
80504,85,71,14,14
80505,105,97,8,8
80506,132,130,2,2
80507,109,97,12,12
80508,95,91,4,4
80509,101,96,5,5
80510,49,54,-5,5
80511,37,41,-4,4
80512,80,88,-8,8
80513,66,54,12,12
80514,70,74,-4,4
80515,93,85,8,8
80516,54,61,-7,7
80517,99,107,-8,8
80518,100,100,0,0
80519,143,142,1,1
80520,67,61,6,6
80521,69,68,1,1
80522,72,89,-17,17
80523,88,95,-7,7
80524,116,90,26,26
80525,103,105,-2,2
80526,129,132,-3,3
80527,112,108,4,4
80528,47,49,-2,2
80529,80,77,3,3
80530,87,85,2,2
80531,102,104,-2,2
80532,111,112,-1,1
80533,113,116,-3,3
80534,85,80,5,5
80535,57,63,-6,6
80536,110,105,5,5
80537,91,93,-2,2
80538,127,122,5,5
80539,71,69,2,2
80540,110,100,10,10
80541,143,142,1,1
80542,90,93,-3,3
80543,122,111,11,11
80544,124,114,10,10
80545,53,53,0,0
80546,77,81,-4,4
80547,35,44,-9,9
80548,63,75,-12,12
80549,115,110,5,5
80550,128,127,1,1
80551,99,101,-2,2
80552,90,97,-7,7
80553,80,77,3,3
80554,98,98,0,0
80555,95,93,2,2
80556,138,138,0,0
80557,84,83,1,1
80558,129,135,-6,6
80559,101,88,13,13
80560,109,93,16,16
80561,142,142,0,0
80562,72,58,14,14
80563,110,109,1,1
80564,52,51,1,1
80565,66,83,-17,17
80566,69,71,-2,2
80567,79,76,3,3
80568,69,70,-1,1
80569,97,93,4,4
80570,96,90,6,6
80571,105,101,4,4
80572,144,140,4,4
80573,129,120,9,9
80574,75,80,-5,5
80575,111,101,10,10
80576,149,143,6,6
80577,110,103,7,7
80578,73,72,1,1
80579,58,62,-4,4
80580,47,47,0,0
80581,82,87,-5,5
80582,70,69,1,1
80583,124,104,20,20
80584,78,79,-1,1
80585,136,128,8,8
80586,147,157,-10,10
80587,84,100,-16,16
80588,121,114,7,7
80589,63,63,0,0
80590,94,92,2,2
80591,125,129,-4,4
80592,82,88,-6,6
80593,158,142,16,16
80594,67,69,-2,2
80595,61,67,-6,6
80596,119,118,1,1
80597,65,69,-4,4
80598,86,90,-4,4
80599,98,85,13,13
80600,143,144,-1,1
80601,105,108,-3,3
80602,113,127,-14,14
80603,77,71,6,6
80604,107,113,-6,6
80605,58,63,-5,5
80606,145,143,2,2
80607,52,68,-16,16
80608,109,99,10,10
80609,71,72,-1,1
80610,64,68,-4,4
80611,129,119,10,10
80612,83,87,-4,4
80613,40,60,-20,20
80614,102,109,-7,7
80615,65,61,4,4
80616,100,87,13,13
80617,131,127,4,4
80618,90,84,6,6
80619,92,96,-4,4
80620,67,77,-10,10
80621,121,117,4,4
80622,126,115,11,11
80623,93,93,0,0
80624,157,154,3,3
80625,89,87,2,2
80626,53,55,-2,2
80627,96,90,6,6
80628,111,100,11,11
80629,121,118,3,3
80630,67,78,-11,11
80631,59,57,2,2
80632,88,90,-2,2
80633,71,81,-10,10
80634,57,58,-1,1
80635,118,112,6,6
80636,78,72,6,6
80637,118,113,5,5
80638,85,85,0,0
80639,102,99,3,3
80640,69,74,-5,5
80641,179,184,-5,5
80642,94,110,-16,16
80643,100,101,-1,1
80644,91,86,5,5
80645,139,147,-8,8
80646,77,81,-4,4
80647,64,64,0,0
80648,64,62,2,2
80649,137,138,-1,1
80650,113,113,0,0
80651,93,85,8,8
80652,100,104,-4,4
80653,88,86,2,2
80654,87,86,1,1
80655,144,139,5,5
80656,41,52,-11,11
80657,51,60,-9,9
80658,78,78,0,0
80659,72,68,4,4
80660,66,65,1,1
80661,58,67,-9,9
80662,123,125,-2,2
80663,90,84,6,6
80664,56,51,5,5
80665,98,83,15,15
80666,91,88,3,3
80667,126,115,11,11
80668,68,64,4,4
80669,117,107,10,10
80670,46,52,-6,6
80671,71,76,-5,5
80672,111,103,8,8
80673,89,85,4,4
80674,58,63,-5,5
80675,104,105,-1,1
80676,110,100,10,10
80677,101,103,-2,2
80678,203,220,-17,17
80679,90,92,-2,2
80680,82,79,3,3
80681,133,119,14,14
80682,67,67,0,0
80683,75,79,-4,4
80684,90,85,5,5
80685,91,83,8,8
80686,91,91,0,0
80687,67,73,-6,6
80688,122,121,1,1
80689,59,62,-3,3
80690,40,45,-5,5
80691,104,94,10,10
80692,118,125,-7,7
80693,92,83,9,9
80694,157,166,-9,9
80695,65,68,-3,3
80696,60,63,-3,3
80697,100,98,2,2
80698,31,38,-7,7
80699,94,90,4,4
80700,45,48,-3,3
80701,109,101,8,8
80702,85,84,1,1
80703,86,94,-8,8
80704,185,174,11,11
80705,97,94,3,3
80706,69,61,8,8
80707,194,191,3,3
80708,63,78,-15,15
80709,141,142,-1,1
80710,87,73,14,14
80711,131,124,7,7
80712,152,143,9,9
80713,96,91,5,5
80714,111,110,1,1
80715,92,79,13,13
80716,108,101,7,7
80717,83,77,6,6
80718,52,59,-7,7
80719,103,106,-3,3
80720,189,180,9,9
80721,80,67,13,13
80722,149,142,7,7
80723,146,133,13,13
80724,66,61,5,5
80725,38,42,-4,4
80726,124,134,-10,10
80727,55,60,-5,5
80728,141,118,23,23
80729,83,116,-33,33
80730,144,149,-5,5
80731,127,134,-7,7
80732,80,71,9,9
80733,125,118,7,7
80734,115,108,7,7
80735,79,79,0,0
80736,73,75,-2,2
80737,92,71,21,21
80738,84,88,-4,4
80739,103,109,-6,6
80740,104,110,-6,6
80741,101,104,-3,3
80742,92,95,-3,3
80743,169,156,13,13
80744,53,52,1,1
80745,114,102,12,12
80746,138,138,0,0
80747,86,84,2,2
80748,85,83,2,2
80749,147,146,1,1
80750,58,66,-8,8
80751,128,128,0,0
80752,65,66,-1,1
80753,89,83,6,6
80754,95,94,1,1
80755,84,88,-4,4
80756,115,107,8,8
80757,142,136,6,6
80758,120,113,7,7
80759,102,108,-6,6
80760,121,142,-21,21
80761,48,53,-5,5
80762,127,106,21,21
80763,76,69,7,7
80764,133,123,10,10
80765,108,100,8,8
80766,67,64,3,3
80767,33,40,-7,7
80768,148,135,13,13
80769,115,101,14,14
80770,68,99,-31,31
80771,132,146,-14,14
80772,167,156,11,11
80773,145,156,-11,11
80774,126,126,0,0
80775,72,62,10,10
80776,108,114,-6,6
80777,75,79,-4,4
80778,66,73,-7,7
80779,72,65,7,7
80780,99,92,7,7
80781,67,65,2,2
80782,113,109,4,4
80783,108,98,10,10
80784,94,91,3,3
80785,57,63,-6,6
80786,97,83,14,14
80787,64,68,-4,4
80788,127,127,0,0
80789,90,79,11,11
80790,185,185,0,0
80791,110,98,12,12
80792,59,65,-6,6
80793,119,106,13,13
80794,88,95,-7,7
80795,196,180,16,16
80796,95,93,2,2
80797,69,77,-8,8
80798,159,167,-8,8
80799,66,87,-21,21
80800,100,85,15,15
80801,90,95,-5,5
80802,71,68,3,3
80803,63,60,3,3
80804,104,93,11,11
80805,64,73,-9,9
80806,67,76,-9,9
80807,71,74,-3,3
80808,155,146,9,9
80809,89,81,8,8
80810,128,122,6,6
80811,95,98,-3,3
80812,51,51,0,0
80813,118,112,6,6
80814,102,102,0,0
80815,124,124,0,0
80816,68,71,-3,3
80817,50,50,0,0
80818,86,91,-5,5
80819,89,89,0,0
80820,113,102,11,11
80821,126,122,4,4
80822,64,78,-14,14
80823,120,122,-2,2
80824,62,64,-2,2
80825,73,87,-14,14
80826,145,141,4,4
80827,63,61,2,2
80828,80,89,-9,9
80829,82,82,0,0
80830,41,40,1,1
80831,93,96,-3,3
80832,107,104,3,3
80833,60,57,3,3
80834,93,89,4,4
80835,97,95,2,2
80836,90,89,1,1
80837,111,116,-5,5
80838,57,59,-2,2
80839,75,71,4,4
80840,54,63,-9,9
80841,55,72,-17,17
80842,84,85,-1,1
80843,95,93,2,2
80844,101,89,12,12
80845,91,87,4,4
80846,65,65,0,0
80847,59,62,-3,3
80848,112,107,5,5
80849,164,164,0,0
80850,61,66,-5,5
80851,75,79,-4,4
80852,149,143,6,6
80853,152,141,11,11
80854,65,70,-5,5
80855,90,85,5,5
80856,96,100,-4,4
80857,105,105,0,0
80858,75,83,-8,8
80859,61,63,-2,2
80860,102,97,5,5
80861,96,88,8,8
80862,96,86,10,10
80863,89,83,6,6
80864,100,98,2,2
80865,96,85,11,11
80866,57,59,-2,2
80867,67,73,-6,6
80868,148,144,4,4
80869,108,104,4,4
80870,50,52,-2,2
80871,151,143,8,8
80872,72,77,-5,5
80873,55,60,-5,5
80874,166,144,22,22
80875,75,80,-5,5
80876,154,138,16,16
80877,71,76,-5,5
80878,77,79,-2,2
80879,72,64,8,8
80880,79,82,-3,3
80881,166,157,9,9
80882,72,74,-2,2
80883,91,88,3,3
80884,80,83,-3,3
80885,111,88,23,23
80886,81,87,-6,6
80887,74,68,6,6
80888,129,124,5,5
80889,120,111,9,9
80890,79,74,5,5
80891,95,89,6,6
80892,82,87,-5,5
80893,124,117,7,7
80894,73,70,3,3
80895,328,443,-115,115
80896,95,85,10,10
80897,90,85,5,5
80898,105,104,1,1
80899,131,129,2,2
80900,96,91,5,5
80901,64,50,14,14
80902,129,111,18,18
80903,84,71,13,13
80904,126,118,8,8
80905,132,124,8,8
80906,108,114,-6,6
80907,74,72,2,2
80908,122,118,4,4
80909,96,108,-12,12
80910,172,184,-12,12
80911,150,138,12,12
80912,82,82,0,0
80913,119,122,-3,3
80914,42,48,-6,6
80915,125,115,10,10
80916,47,44,3,3
80917,78,71,7,7
80918,51,52,-1,1
80919,56,61,-5,5
80920,100,108,-8,8
80921,105,102,3,3
80922,241,197,44,44
80923,148,136,12,12
80924,49,47,2,2
80925,116,113,3,3
80926,45,41,4,4
80927,89,81,8,8
80928,83,86,-3,3
80929,106,108,-2,2
80930,84,97,-13,13
80931,82,77,5,5
80932,69,73,-4,4
80933,87,89,-2,2
80934,85,102,-17,17
80935,75,66,9,9
80936,142,144,-2,2
80937,84,83,1,1
80938,112,94,18,18
80939,74,78,-4,4
80940,82,86,-4,4
80941,96,98,-2,2
80942,106,102,4,4
80943,41,52,-11,11
80944,70,64,6,6
80945,62,62,0,0
80946,108,110,-2,2
80947,115,105,10,10
80948,79,74,5,5
80949,101,99,2,2
80950,73,72,1,1
80951,69,73,-4,4
80952,42,43,-1,1
80953,130,125,5,5
80954,74,64,10,10
80955,69,71,-2,2
80956,112,105,7,7
80957,95,96,-1,1
80958,56,54,2,2
80959,98,90,8,8
80960,93,97,-4,4
80961,93,89,4,4
80962,99,99,0,0
80963,137,129,8,8
80964,127,129,-2,2
80965,82,77,5,5
80966,58,70,-12,12
80967,83,75,8,8
80968,130,122,8,8
80969,99,83,16,16
80970,134,132,2,2
80971,134,123,11,11
80972,73,71,2,2
80973,98,111,-13,13
80974,56,59,-3,3
80975,106,110,-4,4
80976,157,150,7,7
80977,70,69,1,1
80978,105,103,2,2
80979,108,114,-6,6
80980,65,65,0,0
80981,82,76,6,6
80982,75,72,3,3
80983,88,91,-3,3
80984,79,79,0,0
80985,85,95,-10,10
80986,98,91,7,7
80987,70,74,-4,4
80988,132,139,-7,7
80989,121,107,14,14
80990,120,138,-18,18
80991,131,120,11,11
80992,100,102,-2,2
80993,103,102,1,1
80994,89,83,6,6
80995,87,89,-2,2
80996,63,67,-4,4
80997,101,80,21,21
80998,80,73,7,7
80999,60,59,1,1
81000,53,54,-1,1
81001,147,136,11,11
81002,83,81,2,2
81003,91,89,2,2
81004,120,113,7,7
81005,79,77,2,2
81006,66,58,8,8
81007,126,104,22,22
81008,155,142,13,13
81009,73,73,0,0
81010,75,70,5,5
81011,110,112,-2,2
81012,87,84,3,3
81013,92,89,3,3
81014,133,137,-4,4
81015,100,94,6,6
81016,89,87,2,2
81017,73,75,-2,2
81018,56,58,-2,2
81019,117,108,9,9
81020,77,66,11,11
81021,58,52,6,6
81022,132,135,-3,3
81023,149,130,19,19
81024,60,53,7,7
81025,88,80,8,8
81026,118,106,12,12
81027,71,77,-6,6
81028,158,156,2,2
81029,143,128,15,15
81030,63,72,-9,9
81031,49,55,-6,6
81032,111,107,4,4
81033,121,124,-3,3
81034,97,87,10,10
81035,116,113,3,3
81036,58,52,6,6
81037,66,62,4,4
81038,63,60,3,3
81039,54,46,8,8
81040,83,86,-3,3
81041,66,69,-3,3
81042,48,50,-2,2
81043,69,76,-7,7
81044,39,64,-25,25
81045,158,130,28,28
81046,48,52,-4,4
81047,63,60,3,3
81048,93,98,-5,5
81049,87,84,3,3
81050,64,70,-6,6
81051,148,120,28,28
81052,58,59,-1,1
81053,51,55,-4,4
81054,53,60,-7,7
81055,138,137,1,1
81056,75,77,-2,2
81057,94,94,0,0
81058,49,60,-11,11
81059,132,143,-11,11
81060,98,96,2,2
81061,97,107,-10,10
81062,100,91,9,9
81063,107,100,7,7
81064,65,65,0,0
81065,67,66,1,1
81066,54,54,0,0
81067,123,122,1,1
81068,133,123,10,10
81069,105,127,-22,22
81070,91,94,-3,3
81071,121,119,2,2
81072,81,87,-6,6
81073,59,65,-6,6
81074,154,137,17,17
81075,85,87,-2,2
81076,80,94,-14,14
81077,181,176,5,5
81078,112,107,5,5
81079,80,78,2,2
81080,140,130,10,10
81081,92,79,13,13
81082,87,79,8,8
81083,62,76,-14,14
81084,136,127,9,9
81085,74,70,4,4
81086,74,70,4,4
81087,45,45,0,0
81088,87,86,1,1
81089,81,76,5,5
81090,37,41,-4,4
81091,73,70,3,3
81092,81,82,-1,1
81093,119,115,4,4
81094,139,139,0,0
81095,106,107,-1,1
81096,105,104,1,1
81097,129,126,3,3
81098,97,102,-5,5
81099,94,119,-25,25
81100,89,110,-21,21
81101,84,82,2,2
81102,182,162,20,20
81103,44,49,-5,5
81104,98,91,7,7
81105,83,76,7,7
81106,159,154,5,5
81107,61,60,1,1
81108,145,129,16,16
81109,113,133,-20,20
81110,74,78,-4,4
81111,44,61,-17,17
81112,70,81,-11,11
81113,87,104,-17,17
81114,156,144,12,12
81115,78,78,0,0
81116,99,86,13,13
81117,120,109,11,11
81118,100,112,-12,12
81119,90,82,8,8
81120,90,93,-3,3
81121,126,129,-3,3
81122,59,48,11,11
81123,82,78,4,4
81124,71,86,-15,15
81125,87,81,6,6
81126,72,79,-7,7
81127,112,107,5,5
81128,65,61,4,4
81129,68,72,-4,4
81130,62,68,-6,6
81131,130,130,0,0
81132,60,60,0,0
81133,100,103,-3,3
81134,48,53,-5,5
81135,97,95,2,2
81136,85,79,6,6
81137,143,118,25,25
81138,112,114,-2,2
81139,70,74,-4,4
81140,107,118,-11,11
81141,103,101,2,2
81142,79,73,6,6
81143,65,60,5,5
81144,74,70,4,4
81145,62,65,-3,3
81146,146,145,1,1
81147,138,135,3,3
81148,109,110,-1,1
81149,57,54,3,3
81150,81,84,-3,3
81151,100,98,2,2
81152,55,61,-6,6
81153,71,73,-2,2
81154,137,124,13,13
81155,173,168,5,5
81156,53,61,-8,8
81157,69,68,1,1
81158,115,99,16,16
81159,71,79,-8,8
81160,129,122,7,7
81161,142,129,13,13
81162,48,50,-2,2
81163,77,76,1,1
81164,81,91,-10,10
81165,103,95,8,8
81166,75,75,0,0
81167,86,80,6,6
81168,105,106,-1,1
81169,61,54,7,7
81170,109,105,4,4
81171,98,92,6,6
81172,153,154,-1,1
81173,50,59,-9,9
81174,178,165,13,13
81175,85,77,8,8
81176,118,118,0,0
81177,94,82,12,12
81178,116,97,19,19
81179,92,85,7,7
81180,96,95,1,1
81181,44,47,-3,3
81182,96,91,5,5
81183,146,124,22,22
81184,90,75,15,15
81185,86,85,1,1
81186,112,113,-1,1
81187,102,112,-10,10
81188,47,46,1,1
81189,107,96,11,11
81190,52,67,-15,15
81191,122,124,-2,2
81192,84,76,8,8
81193,76,76,0,0
81194,72,73,-1,1
81195,181,174,7,7
81196,71,76,-5,5
81197,92,96,-4,4
81198,152,149,3,3
81199,133,136,-3,3
81200,97,97,0,0
81201,135,136,-1,1
81202,75,80,-5,5
81203,99,102,-3,3
81204,92,119,-27,27
81205,113,119,-6,6
81206,65,63,2,2
81207,100,102,-2,2
81208,124,127,-3,3
81209,82,82,0,0
81210,111,118,-7,7
81211,101,98,3,3
81212,60,61,-1,1
81213,141,130,11,11
81214,69,71,-2,2
81215,141,141,0,0
81216,111,100,11,11
81217,169,169,0,0
81218,126,121,5,5
81219,75,74,1,1
81220,120,112,8,8
81221,141,149,-8,8
81222,104,119,-15,15
81223,48,51,-3,3
81224,93,91,2,2
81225,140,134,6,6
81226,97,83,14,14
81227,110,102,8,8
81228,45,43,2,2
81229,92,95,-3,3
81230,87,76,11,11
81231,90,83,7,7
81232,68,71,-3,3
81233,64,70,-6,6
81234,59,51,8,8
81235,135,130,5,5
81236,52,60,-8,8
81237,121,129,-8,8
81238,78,78,0,0
81239,97,106,-9,9
81240,64,87,-23,23
81241,113,114,-1,1
81242,83,82,1,1
81243,79,74,5,5
81244,77,83,-6,6
81245,56,61,-5,5
81246,156,153,3,3
81247,134,130,4,4
81248,66,66,0,0
81249,113,114,-1,1
81250,89,87,2,2
81251,95,100,-5,5
81252,98,98,0,0
81253,137,145,-8,8
81254,113,104,9,9
81255,173,161,12,12
81256,122,118,4,4
81257,92,87,5,5
81258,142,135,7,7
81259,82,75,7,7
81260,42,45,-3,3
81261,116,139,-23,23
81262,89,89,0,0
81263,140,136,4,4
81264,130,109,21,21
81265,80,74,6,6
81266,113,117,-4,4
81267,60,60,0,0
81268,143,174,-31,31
81269,86,79,7,7
81270,126,119,7,7
81271,75,70,5,5
81272,120,112,8,8
81273,125,115,10,10
81274,195,187,8,8
81275,71,70,1,1
81276,131,131,0,0
81277,111,111,0,0
81278,89,95,-6,6
81279,93,90,3,3
81280,80,83,-3,3
81281,80,76,4,4
81282,46,44,2,2
81283,134,128,6,6
81284,83,81,2,2
81285,145,142,3,3
81286,80,83,-3,3
81287,82,72,10,10
81288,86,76,10,10
81289,62,70,-8,8
81290,46,50,-4,4
81291,112,106,6,6
81292,99,98,1,1
81293,145,135,10,10
81294,166,167,-1,1
81295,45,49,-4,4
81296,126,108,18,18
81297,89,83,6,6
81298,99,104,-5,5
81299,77,76,1,1
81300,119,105,14,14
81301,93,112,-19,19
81302,102,108,-6,6
81303,62,61,1,1
81304,57,59,-2,2
81305,63,65,-2,2
81306,56,65,-9,9
81307,137,136,1,1
81308,101,97,4,4
81309,90,82,8,8
81310,136,130,6,6
81311,70,67,3,3
81312,81,83,-2,2
81313,66,62,4,4
81314,93,91,2,2
81315,73,68,5,5
81316,90,86,4,4
81317,83,81,2,2
81318,89,78,11,11
81319,103,106,-3,3
81320,105,95,10,10
81321,83,101,-18,18
81322,115,118,-3,3
81323,99,100,-1,1
81324,85,90,-5,5
81325,73,77,-4,4
81326,80,84,-4,4
81327,49,59,-10,10
81328,80,76,4,4
81329,63,65,-2,2
81330,33,40,-7,7
81331,178,185,-7,7
81332,105,129,-24,24
81333,41,56,-15,15
81334,92,95,-3,3
81335,98,97,1,1
81336,71,72,-1,1
81337,30,37,-7,7
81338,62,63,-1,1
81339,126,143,-17,17
81340,102,102,0,0
81341,122,123,-1,1
81342,79,79,0,0
81343,152,143,9,9
81344,159,148,11,11
81345,161,164,-3,3
81346,71,66,5,5
81347,84,86,-2,2
81348,118,105,13,13
81349,73,73,0,0
81350,118,119,-1,1
81351,102,86,16,16
81352,69,80,-11,11
81353,101,93,8,8
81354,127,118,9,9
81355,84,74,10,10
81356,40,40,0,0
81357,70,67,3,3
81358,135,125,10,10
81359,77,80,-3,3
81360,78,77,1,1
81361,70,72,-2,2
81362,73,79,-6,6
81363,85,82,3,3
81364,106,100,6,6
81365,151,145,6,6
81366,153,157,-4,4
81367,133,119,14,14
81368,121,121,0,0
81369,110,108,2,2
81370,71,79,-8,8
81371,98,100,-2,2
81372,126,131,-5,5
81373,86,86,0,0
81374,77,79,-2,2
81375,198,183,15,15
81376,133,132,1,1
81377,124,132,-8,8
81378,90,83,7,7
81379,60,61,-1,1
81380,80,88,-8,8
81381,47,50,-3,3
81382,82,72,10,10
81383,119,96,23,23
81384,66,65,1,1
81385,136,119,17,17
81386,141,129,12,12
81387,50,62,-12,12
81388,71,80,-9,9
81389,98,93,5,5
81390,121,105,16,16
81391,81,89,-8,8
81392,117,114,3,3
81393,112,111,1,1
81394,94,91,3,3
81395,55,74,-19,19
81396,97,107,-10,10
81397,92,98,-6,6
81398,137,139,-2,2
81399,54,54,0,0
81400,140,140,0,0
81401,138,129,9,9
81402,85,83,2,2
81403,84,91,-7,7
81404,104,102,2,2
81405,113,113,0,0
81406,109,115,-6,6
81407,76,92,-16,16
81408,79,80,-1,1
81409,65,61,4,4
81410,81,78,3,3
81411,131,122,9,9
81412,204,181,23,23
81413,77,72,5,5
81414,161,142,19,19
81415,97,100,-3,3
81416,110,96,14,14
81417,76,76,0,0
81418,70,66,4,4
81419,122,123,-1,1
81420,52,54,-2,2
81421,121,120,1,1
81422,89,88,1,1
81423,99,87,12,12
81424,62,62,0,0
81425,117,108,9,9
81426,92,95,-3,3
81427,169,163,6,6
81428,122,114,8,8
81429,88,92,-4,4
81430,94,92,2,2
81431,163,138,25,25
81432,72,71,1,1
81433,87,93,-6,6
81434,104,112,-8,8
81435,51,56,-5,5
81436,57,53,4,4
81437,149,145,4,4
81438,87,89,-2,2
81439,109,110,-1,1
81440,120,110,10,10
81441,79,71,8,8
81442,129,126,3,3
81443,162,150,12,12
81444,133,133,0,0
81445,82,79,3,3
81446,110,110,0,0
81447,180,169,11,11
81448,104,99,5,5
81449,134,130,4,4
81450,114,104,10,10
81451,130,141,-11,11
81452,94,97,-3,3
81453,182,166,16,16
81454,93,96,-3,3
81455,74,78,-4,4
81456,66,66,0,0
81457,164,281,-117,117
81458,125,168,-43,43
81459,74,81,-7,7
81460,148,147,1,1
81461,69,71,-2,2
81462,98,95,3,3
81463,71,73,-2,2
81464,107,102,5,5
81465,133,119,14,14
81466,72,67,5,5
81467,68,66,2,2
81468,97,94,3,3
81469,185,164,21,21
81470,184,180,4,4
81471,106,115,-9,9
81472,143,145,-2,2
81473,82,95,-13,13
81474,47,57,-10,10
81475,82,73,9,9
81476,97,86,11,11
81477,58,61,-3,3
81478,115,106,9,9
81479,137,118,19,19
81480,112,109,3,3
81481,101,98,3,3
81482,56,55,1,1
81483,80,74,6,6
81484,79,82,-3,3
81485,186,168,18,18
81486,79,70,9,9
81487,80,71,9,9
81488,85,81,4,4
81489,123,111,12,12
81490,94,78,16,16
81491,71,85,-14,14
81492,83,83,0,0
81493,45,48,-3,3
81494,120,144,-24,24
81495,165,160,5,5
81496,73,75,-2,2
81497,87,81,6,6
81498,80,83,-3,3
81499,132,139,-7,7
81500,82,75,7,7
81501,77,76,1,1
81502,62,65,-3,3
81503,74,76,-2,2
81504,87,92,-5,5
81505,142,137,5,5
81506,119,112,7,7
81507,62,67,-5,5
