,original,predict,differ,abs
0,67,75,-8,8
1,58,59,-1,1
2,88,90,-2,2
3,183,164,19,19
4,81,84,-3,3
5,88,90,-2,2
6,83,85,-2,2
7,183,129,54,54
8,81,79,2,2
9,117,129,-12,12
10,64,53,11,11
11,59,64,-5,5
12,74,72,2,2
13,100,119,-19,19
14,103,104,-1,1
15,66,66,0,0
16,97,86,11,11
17,120,103,17,17
18,79,87,-8,8
19,110,113,-3,3
20,217,181,36,36
21,156,150,6,6
22,97,86,11,11
23,101,128,-27,27
24,82,74,8,8
25,127,120,7,7
26,112,112,0,0
27,191,161,30,30
28,48,44,4,4
29,106,118,-12,12
30,133,133,0,0
31,57,68,-11,11
32,108,110,-2,2
33,89,77,12,12
34,50,66,-16,16
35,62,22,40,40
36,102,95,7,7
37,55,58,-3,3
38,89,106,-17,17
39,96,106,-10,10
40,70,68,2,2
41,115,114,1,1
42,82,82,0,0
43,102,110,-8,8
44,167,133,34,34
45,82,88,-6,6
46,118,132,-14,14
47,85,84,1,1
48,93,89,4,4
49,111,92,19,19
50,77,82,-5,5
51,136,123,13,13
52,109,96,13,13
53,85,92,-7,7
54,133,118,15,15
55,138,120,18,18
56,100,120,-20,20
57,130,121,9,9
58,96,94,2,2
59,58,54,4,4
60,115,109,6,6
61,73,78,-5,5
62,135,131,4,4
63,177,161,16,16
64,96,103,-7,7
65,77,84,-7,7
66,84,92,-8,8
67,105,102,3,3
68,193,176,17,17
69,143,149,-6,6
70,111,108,3,3
71,104,96,8,8
72,265,230,35,35
73,88,99,-11,11
74,78,83,-5,5
75,58,57,1,1
76,86,79,7,7
77,59,69,-10,10
78,139,127,12,12
79,96,93,3,3
80,90,84,6,6
81,83,84,-1,1
82,133,128,5,5
83,141,150,-9,9
84,72,64,8,8
85,75,68,7,7
86,43,43,0,0
87,68,66,2,2
88,170,161,9,9
89,92,95,-3,3
90,64,82,-18,18
91,101,111,-10,10
92,82,68,14,14
93,81,79,2,2
94,75,89,-14,14
95,99,103,-4,4
96,45,53,-8,8
97,186,171,15,15
98,127,145,-18,18
99,100,102,-2,2
100,66,69,-3,3
101,129,120,9,9
102,107,110,-3,3
103,128,144,-16,16
104,90,83,7,7
105,68,77,-9,9
106,107,106,1,1
107,90,83,7,7
108,89,87,2,2
109,70,72,-2,2
110,174,170,4,4
111,90,75,15,15
112,76,76,0,0
113,67,67,0,0
114,76,87,-11,11
115,168,157,11,11
116,91,88,3,3
117,103,107,-4,4
118,91,96,-5,5
119,67,78,-11,11
120,118,121,-3,3
121,51,57,-6,6
122,76,75,1,1
123,110,125,-15,15
124,99,94,5,5
125,96,94,2,2
126,169,194,-25,25
127,89,81,8,8
128,94,102,-8,8
129,123,120,3,3
130,186,165,21,21
131,132,133,-1,1
132,102,95,7,7
133,78,84,-6,6
134,129,110,19,19
135,116,103,13,13
136,136,128,8,8
137,131,135,-4,4
138,105,99,6,6
139,69,80,-11,11
140,66,69,-3,3
141,127,132,-5,5
142,127,133,-6,6
143,66,89,-23,23
144,112,142,-30,30
145,115,100,15,15
146,98,92,6,6
147,69,56,13,13
148,93,87,6,6
149,121,123,-2,2
150,92,98,-6,6
151,73,75,-2,2
152,139,135,4,4
153,80,78,2,2
154,89,88,1,1
155,67,60,7,7
156,66,58,8,8
157,81,89,-8,8
158,59,61,-2,2
159,128,125,3,3
160,109,119,-10,10
161,50,43,7,7
162,74,66,8,8
163,80,77,3,3
164,132,131,1,1
165,51,54,-3,3
166,115,111,4,4
167,70,79,-9,9
168,159,137,22,22
169,151,146,5,5
170,94,99,-5,5
171,81,95,-14,14
172,77,81,-4,4
173,42,40,2,2
174,135,152,-17,17
175,106,92,14,14
176,50,52,-2,2
177,162,150,12,12
178,130,107,23,23
179,120,103,17,17
180,84,86,-2,2
181,76,94,-18,18
182,67,65,2,2
183,75,74,1,1
184,39,40,-1,1
185,119,112,7,7
186,55,61,-6,6
187,90,85,5,5
188,124,130,-6,6
189,171,138,33,33
190,70,76,-6,6
191,137,128,9,9
192,127,135,-8,8
193,143,146,-3,3
194,195,165,30,30
195,112,106,6,6
196,43,51,-8,8
197,114,100,14,14
198,111,126,-15,15
199,80,78,2,2
200,128,106,22,22
201,176,172,4,4
202,64,62,2,2
203,142,125,17,17
204,100,96,4,4
205,63,58,5,5
206,145,123,22,22
207,101,100,1,1
208,78,71,7,7
209,98,86,12,12
210,147,151,-4,4
211,50,57,-7,7
212,70,64,6,6
213,175,170,5,5
214,87,105,-18,18
215,87,71,16,16
216,108,118,-10,10
217,67,65,2,2
218,95,99,-4,4
219,89,96,-7,7
220,135,150,-15,15
221,79,92,-13,13
222,43,49,-6,6
223,195,167,28,28
224,83,92,-9,9
225,81,90,-9,9
226,63,72,-9,9
227,119,113,6,6
228,98,96,2,2
229,44,43,1,1
230,47,65,-18,18
231,87,64,23,23
232,90,75,15,15
233,62,65,-3,3
234,103,92,11,11
235,140,145,-5,5
236,114,118,-4,4
237,57,66,-9,9
238,81,74,7,7
239,74,91,-17,17
240,61,78,-17,17
241,43,51,-8,8
242,55,61,-6,6
243,100,89,11,11
244,124,121,3,3
245,107,108,-1,1
246,121,131,-10,10
247,86,96,-10,10
248,146,136,10,10
249,147,149,-2,2
250,47,42,5,5
251,124,115,9,9
252,89,95,-6,6
253,50,60,-10,10
254,110,112,-2,2
255,158,158,0,0
256,86,76,10,10
257,102,99,3,3
258,107,112,-5,5
259,64,70,-6,6
260,136,119,17,17
261,125,102,23,23
262,115,104,11,11
263,71,64,7,7
264,80,74,6,6
265,82,85,-3,3
266,79,80,-1,1
267,102,94,8,8
268,49,52,-3,3
269,109,112,-3,3
270,52,51,1,1
271,72,68,4,4
272,68,73,-5,5
273,151,157,-6,6
274,112,109,3,3
275,97,112,-15,15
276,82,102,-20,20
277,72,91,-19,19
278,125,116,9,9
279,128,121,7,7
280,94,99,-5,5
281,76,74,2,2
282,71,81,-10,10
283,112,110,2,2
284,75,71,4,4
285,77,72,5,5
286,78,66,12,12
287,89,77,12,12
288,88,91,-3,3
289,97,100,-3,3
290,80,73,7,7
291,67,66,1,1
292,83,79,4,4
293,85,101,-16,16
294,76,72,4,4
295,64,79,-15,15
296,107,107,0,0
297,141,167,-26,26
298,130,119,11,11
299,51,58,-7,7
300,66,69,-3,3
301,75,80,-5,5
302,186,187,-1,1
303,86,84,2,2
304,141,139,2,2
305,83,79,4,4
306,85,86,-1,1
307,148,153,-5,5
308,87,97,-10,10
309,77,69,8,8
310,27,16,11,11
311,88,92,-4,4
312,92,93,-1,1
313,86,95,-9,9
314,135,134,1,1
315,77,66,11,11
316,73,64,9,9
317,133,145,-12,12
318,51,51,0,0
319,125,106,19,19
320,98,114,-16,16
321,143,131,12,12
322,140,135,5,5
323,87,91,-4,4
324,89,69,20,20
325,69,69,0,0
326,96,69,27,27
327,127,134,-7,7
328,79,74,5,5
329,137,105,32,32
330,85,93,-8,8
331,84,83,1,1
332,52,57,-5,5
333,77,83,-6,6
334,78,81,-3,3
335,104,101,3,3
336,89,97,-8,8
337,89,74,15,15
338,56,55,1,1
339,106,86,20,20
340,71,87,-16,16
341,132,114,18,18
342,82,76,6,6
343,100,98,2,2
344,51,53,-2,2
345,66,65,1,1
346,85,75,10,10
347,112,107,5,5
348,34,51,-17,17
349,134,111,23,23
350,93,95,-2,2
351,114,129,-15,15
352,137,122,15,15
353,88,96,-8,8
354,108,118,-10,10
355,106,90,16,16
356,146,188,-42,42
357,54,69,-15,15
358,170,120,50,50
359,86,73,13,13
360,110,92,18,18
361,82,90,-8,8
362,101,101,0,0
363,64,66,-2,2
364,44,51,-7,7
365,84,80,4,4
366,60,60,0,0
367,101,104,-3,3
368,120,106,14,14
369,60,57,3,3
370,130,115,15,15
371,41,42,-1,1
372,116,101,15,15
373,58,69,-11,11
374,77,83,-6,6
375,96,90,6,6
376,88,93,-5,5
377,103,102,1,1
378,35,211,-176,176
379,64,60,4,4
380,86,68,18,18
381,89,92,-3,3
382,108,104,4,4
383,116,106,10,10
384,82,77,5,5
385,65,63,2,2
386,64,77,-13,13
387,134,137,-3,3
388,65,66,-1,1
389,77,77,0,0
390,120,119,1,1
391,54,61,-7,7
392,90,92,-2,2
393,87,91,-4,4
394,97,98,-1,1
395,17,-3,20,20
396,69,84,-15,15
397,31,54,-23,23
398,90,84,6,6
399,104,103,1,1
400,97,89,8,8
401,52,53,-1,1
402,81,86,-5,5
403,88,93,-5,5
404,150,134,16,16
405,103,124,-21,21
406,47,57,-10,10
407,119,118,1,1
408,107,118,-11,11
409,88,46,42,42
410,85,81,4,4
411,95,95,0,0
412,89,83,6,6
413,87,85,2,2
414,148,127,21,21
415,98,95,3,3
416,148,141,7,7
417,77,75,2,2
418,70,78,-8,8
419,64,55,9,9
420,110,129,-19,19
421,143,134,9,9
422,122,156,-34,34
423,82,87,-5,5
424,112,115,-3,3
425,128,145,-17,17
426,148,146,2,2
427,80,77,3,3
428,56,80,-24,24
429,90,83,7,7
430,110,111,-1,1
431,88,90,-2,2
432,91,92,-1,1
433,99,90,9,9
434,122,118,4,4
435,66,62,4,4
436,106,104,2,2
437,65,57,8,8
438,164,154,10,10
439,68,63,5,5
440,48,60,-12,12
441,88,79,9,9
442,107,75,32,32
443,58,63,-5,5
444,91,90,1,1
445,113,99,14,14
446,107,95,12,12
447,101,98,3,3
448,72,81,-9,9
449,134,122,12,12
450,87,98,-11,11
451,64,63,1,1
452,72,73,-1,1
453,146,135,11,11
454,110,115,-5,5
455,104,102,2,2
456,129,144,-15,15
457,134,136,-2,2
458,123,131,-8,8
459,62,74,-12,12
460,71,74,-3,3
461,58,69,-11,11
462,88,88,0,0
463,134,127,7,7
464,81,81,0,0
465,77,90,-13,13
466,118,111,7,7
467,131,124,7,7
468,66,66,0,0
469,61,65,-4,4
470,43,36,7,7
471,121,110,11,11
472,101,112,-11,11
473,112,104,8,8
474,67,59,8,8
475,88,76,12,12
476,57,58,-1,1
477,93,76,17,17
478,77,56,21,21
479,57,68,-11,11
480,55,73,-18,18
481,68,66,2,2
482,118,117,1,1
483,63,62,1,1
484,110,108,2,2
485,58,56,2,2
486,119,104,15,15
487,110,126,-16,16
488,146,126,20,20
489,50,45,5,5
490,104,106,-2,2
491,136,135,1,1
492,145,149,-4,4
493,110,102,8,8
494,124,126,-2,2
495,117,118,-1,1
496,134,132,2,2
497,98,85,13,13
498,104,172,-68,68
499,78,63,15,15
500,100,90,10,10
501,45,53,-8,8
502,108,114,-6,6
503,50,56,-6,6
504,69,71,-2,2
505,106,93,13,13
506,66,63,3,3
507,61,69,-8,8
508,96,85,11,11
509,96,89,7,7
510,53,56,-3,3
511,93,96,-3,3
512,80,77,3,3
513,73,76,-3,3
514,70,72,-2,2
515,100,80,20,20
516,137,132,5,5
517,114,109,5,5
518,70,68,2,2
519,55,65,-10,10
520,108,83,25,25
521,138,142,-4,4
522,95,89,6,6
523,142,130,12,12
524,83,83,0,0
525,122,115,7,7
526,97,94,3,3
527,56,51,5,5
528,122,117,5,5
529,73,70,3,3
530,69,58,11,11
531,95,102,-7,7
532,68,75,-7,7
533,95,88,7,7
534,78,98,-20,20
535,90,80,10,10
536,106,102,4,4
537,42,44,-2,2
538,76,76,0,0
539,157,157,0,0
540,119,116,3,3
541,99,98,1,1
542,61,67,-6,6
543,102,101,1,1
544,92,89,3,3
545,124,116,8,8
546,82,83,-1,1
547,76,77,-1,1
548,67,76,-9,9
549,148,129,19,19
550,74,56,18,18
551,66,68,-2,2
552,108,110,-2,2
553,64,73,-9,9
554,102,92,10,10
555,63,58,5,5
556,66,71,-5,5
557,74,65,9,9
558,74,71,3,3
559,67,65,2,2
560,86,98,-12,12
561,81,101,-20,20
562,90,92,-2,2
563,47,47,0,0
564,68,76,-8,8
565,88,86,2,2
566,83,74,9,9
567,76,71,5,5
568,55,61,-6,6
569,100,108,-8,8
570,108,110,-2,2
571,178,159,19,19
572,80,78,2,2
573,82,82,0,0
574,149,122,27,27
575,69,75,-6,6
576,70,70,0,0
577,90,104,-14,14
578,91,82,9,9
579,75,70,5,5
580,88,82,6,6
581,134,118,16,16
582,49,67,-18,18
583,51,50,1,1
584,113,121,-8,8
585,88,90,-2,2
586,53,58,-5,5
587,84,59,25,25
588,105,93,12,12
589,85,77,8,8
590,105,99,6,6
591,75,77,-2,2
592,139,134,5,5
593,103,93,10,10
594,87,86,1,1
595,65,70,-5,5
596,74,69,5,5
597,98,118,-20,20
598,110,103,7,7
599,112,109,3,3
600,88,97,-9,9
601,85,77,8,8
602,55,49,6,6
603,86,92,-6,6
604,124,124,0,0
605,114,107,7,7
606,57,71,-14,14
607,56,66,-10,10
608,78,87,-9,9
609,122,133,-11,11
610,79,61,18,18
611,81,77,4,4
612,117,100,17,17
613,112,127,-15,15
614,95,101,-6,6
615,195,168,27,27
616,76,91,-15,15
617,104,101,3,3
618,112,106,6,6
619,103,109,-6,6
620,91,90,1,1
621,105,104,1,1
622,127,109,18,18
623,60,62,-2,2
624,111,111,0,0
625,106,111,-5,5
626,109,108,1,1
627,85,89,-4,4
628,67,73,-6,6
629,81,77,4,4
630,83,93,-10,10
631,56,57,-1,1
632,92,93,-1,1
633,71,86,-15,15
634,95,86,9,9
635,93,87,6,6
636,144,148,-4,4
637,53,42,11,11
638,77,82,-5,5
639,71,62,9,9
640,95,93,2,2
641,95,92,3,3
642,61,54,7,7
643,141,121,20,20
644,133,124,9,9
645,94,91,3,3
646,112,115,-3,3
647,84,81,3,3
648,92,100,-8,8
649,84,97,-13,13
650,94,92,2,2
651,72,82,-10,10
652,102,117,-15,15
653,61,60,1,1
654,108,118,-10,10
655,105,108,-3,3
656,85,88,-3,3
657,74,73,1,1
658,50,50,0,0
659,101,88,13,13
660,82,70,12,12
661,108,94,14,14
662,148,139,9,9
663,126,118,8,8
664,136,150,-14,14
665,75,85,-10,10
666,36,33,3,3
667,42,41,1,1
668,69,74,-5,5
669,126,120,6,6
670,109,100,9,9
671,90,92,-2,2
672,116,115,1,1
673,151,176,-25,25
674,147,132,15,15
675,52,94,-42,42
676,107,111,-4,4
677,90,83,7,7
678,162,140,22,22
679,103,106,-3,3
680,150,141,9,9
681,62,89,-27,27
682,111,104,7,7
683,77,76,1,1
684,166,147,19,19
685,151,143,8,8
686,116,112,4,4
687,79,76,3,3
688,94,124,-30,30
689,110,112,-2,2
690,152,133,19,19
691,176,140,36,36
692,92,101,-9,9
693,156,137,19,19
694,92,87,5,5
695,77,58,19,19
696,32,37,-5,5
697,87,87,0,0
698,108,105,3,3
699,104,90,14,14
700,70,67,3,3
701,66,49,17,17
702,118,101,17,17
703,65,66,-1,1
704,111,104,7,7
705,74,67,7,7
706,81,81,0,0
707,88,77,11,11
708,87,97,-10,10
709,116,119,-3,3
710,47,55,-8,8
711,95,97,-2,2
712,44,42,2,2
713,91,116,-25,25
714,83,81,2,2
715,137,140,-3,3
716,80,82,-2,2
717,147,127,20,20
718,119,129,-10,10
719,137,103,34,34
720,133,128,5,5
721,89,86,3,3
722,150,142,8,8
723,108,118,-10,10
724,96,86,10,10
725,88,94,-6,6
726,140,133,7,7
727,128,135,-7,7
728,53,53,0,0
729,100,125,-25,25
730,58,76,-18,18
731,110,99,11,11
732,125,121,4,4
733,124,101,23,23
734,109,106,3,3
735,122,121,1,1
736,95,91,4,4
737,93,104,-11,11
738,85,89,-4,4
739,98,86,12,12
740,68,72,-4,4
741,48,42,6,6
742,97,104,-7,7
743,81,86,-5,5
744,88,79,9,9
745,91,114,-23,23
746,64,69,-5,5
747,204,168,36,36
748,114,113,1,1
749,185,149,36,36
750,75,73,2,2
751,70,61,9,9
752,145,138,7,7
753,87,77,10,10
754,45,53,-8,8
755,73,89,-16,16
756,125,130,-5,5
757,60,68,-8,8
758,95,94,1,1
759,119,104,15,15
760,76,80,-4,4
761,56,55,1,1
762,44,40,4,4
763,98,99,-1,1
764,86,82,4,4
765,161,135,26,26
766,102,126,-24,24
767,103,101,2,2
768,69,73,-4,4
769,151,152,-1,1
770,92,87,5,5
771,80,80,0,0
772,87,83,4,4
773,108,98,10,10
774,51,55,-4,4
775,110,112,-2,2
776,64,71,-7,7
777,73,65,8,8
778,92,101,-9,9
779,93,104,-11,11
780,103,103,0,0
781,49,31,18,18
782,71,79,-8,8
783,70,69,1,1
784,67,64,3,3
785,100,99,1,1
786,93,99,-6,6
787,75,70,5,5
788,97,106,-9,9
789,84,93,-9,9
790,140,132,8,8
791,151,129,22,22
792,78,96,-18,18
793,79,99,-20,20
794,108,124,-16,16
795,95,110,-15,15
796,98,98,0,0
797,119,118,1,1
798,83,90,-7,7
799,67,79,-12,12
800,64,73,-9,9
801,102,113,-11,11
802,75,86,-11,11
803,68,86,-18,18
804,78,79,-1,1
805,53,61,-8,8
806,126,118,8,8
807,89,103,-14,14
808,85,98,-13,13
809,64,74,-10,10
810,85,79,6,6
811,74,65,9,9
812,66,72,-6,6
813,79,67,12,12
814,125,107,18,18
815,119,116,3,3
816,26,83,-57,57
817,66,60,6,6
818,88,80,8,8
819,111,94,17,17
820,86,74,12,12
821,76,84,-8,8
822,86,81,5,5
823,145,121,24,24
824,46,47,-1,1
825,107,100,7,7
826,99,92,7,7
827,63,80,-17,17
828,68,66,2,2
829,100,86,14,14
830,110,130,-20,20
831,77,77,0,0
832,66,67,-1,1
833,64,65,-1,1
834,77,76,1,1
835,144,144,0,0
836,106,102,4,4
837,93,87,6,6
838,73,79,-6,6
839,103,101,2,2
840,105,113,-8,8
841,75,71,4,4
842,83,80,3,3
843,112,123,-11,11
844,156,141,15,15
845,156,143,13,13
846,77,88,-11,11
847,76,79,-3,3
848,95,96,-1,1
849,41,49,-8,8
850,106,110,-4,4
851,135,128,7,7
852,92,96,-4,4
853,91,98,-7,7
854,112,103,9,9
855,84,95,-11,11
856,77,66,11,11
857,29,62,-33,33
858,64,60,4,4
859,143,123,20,20
860,59,58,1,1
861,155,150,5,5
862,207,148,59,59
863,129,123,6,6
864,115,111,4,4
865,108,104,4,4
866,162,126,36,36
867,69,71,-2,2
868,62,71,-9,9
869,79,96,-17,17
870,57,58,-1,1
871,90,96,-6,6
872,98,94,4,4
873,108,111,-3,3
874,80,91,-11,11
875,114,106,8,8
876,57,52,5,5
877,41,112,-71,71
878,90,93,-3,3
879,84,78,6,6
880,87,82,5,5
881,70,74,-4,4
882,109,109,0,0
883,76,70,6,6
884,62,63,-1,1
885,83,85,-2,2
886,124,124,0,0
887,122,137,-15,15
888,55,43,12,12
889,108,118,-10,10
890,109,119,-10,10
891,52,37,15,15
892,134,113,21,21
893,60,51,9,9
894,71,82,-11,11
895,123,123,0,0
896,60,65,-5,5
897,140,124,16,16
898,109,90,19,19
899,150,191,-41,41
900,74,80,-6,6
901,94,75,19,19
902,71,85,-14,14
903,139,147,-8,8
904,87,109,-22,22
905,72,78,-6,6
906,53,51,2,2
907,163,148,15,15
908,111,95,16,16
909,70,76,-6,6
910,46,28,18,18
911,138,138,0,0
912,127,118,9,9
913,70,70,0,0
914,107,114,-7,7
915,64,69,-5,5
916,69,81,-12,12
917,196,176,20,20
918,136,154,-18,18
919,52,37,15,15
920,79,86,-7,7
921,109,117,-8,8
922,78,74,4,4
923,115,108,7,7
924,77,83,-6,6
925,110,105,5,5
926,74,71,3,3
927,49,43,6,6
928,55,58,-3,3
929,145,131,14,14
930,119,111,8,8
931,96,96,0,0
932,196,194,2,2
933,72,78,-6,6
934,90,95,-5,5
935,62,103,-41,41
936,118,111,7,7
937,137,128,9,9
938,79,69,10,10
939,152,151,1,1
940,87,101,-14,14
941,112,111,1,1
942,62,62,0,0
943,72,83,-11,11
944,109,108,1,1
945,83,87,-4,4
946,68,64,4,4
947,97,94,3,3
948,59,64,-5,5
949,173,146,27,27
950,73,66,7,7
951,85,99,-14,14
952,62,61,1,1
953,75,73,2,2
954,90,98,-8,8
955,93,102,-9,9
956,98,95,3,3
957,116,109,7,7
958,50,46,4,4
959,106,101,5,5
960,114,91,23,23
961,98,91,7,7
962,184,170,14,14
963,69,70,-1,1
964,147,142,5,5
965,29,37,-8,8
966,108,120,-12,12
967,65,67,-2,2
968,96,98,-2,2
969,84,84,0,0
970,70,79,-9,9
971,162,149,13,13
972,112,106,6,6
973,71,74,-3,3
974,139,122,17,17
975,72,86,-14,14
976,68,84,-16,16
977,76,72,4,4
978,87,92,-5,5
979,52,54,-2,2
980,115,110,5,5
981,161,151,10,10
982,88,87,1,1
983,107,102,5,5
984,84,74,10,10
985,90,84,6,6
986,55,56,-1,1
987,138,130,8,8
988,90,83,7,7
989,114,96,18,18
990,111,127,-16,16
991,44,55,-11,11
992,111,124,-13,13
993,128,113,15,15
994,98,81,17,17
995,93,91,2,2
996,74,79,-5,5
997,130,114,16,16
998,82,100,-18,18
999,178,142,36,36
1000,42,54,-12,12
1001,96,100,-4,4
1002,39,58,-19,19
1003,75,78,-3,3
1004,147,125,22,22
1005,102,104,-2,2
1006,212,178,34,34
1007,64,61,3,3
1008,91,97,-6,6
1009,39,41,-2,2
1010,92,106,-14,14
1011,159,139,20,20
1012,119,116,3,3
1013,128,116,12,12
1014,125,125,0,0
1015,63,73,-10,10
1016,117,120,-3,3
1017,117,137,-20,20
1018,35,45,-10,10
1019,108,102,6,6
1020,108,110,-2,2
1021,77,76,1,1
1022,88,90,-2,2
1023,45,59,-14,14
1024,88,107,-19,19
1025,110,99,11,11
1026,93,91,2,2
1027,77,85,-8,8
1028,144,131,13,13
1029,63,72,-9,9
1030,56,56,0,0
1031,143,143,0,0
1032,119,134,-15,15
1033,85,88,-3,3
1034,94,96,-2,2
1035,115,107,8,8
1036,117,115,2,2
1037,71,83,-12,12
1038,79,88,-9,9
1039,119,86,33,33
1040,78,91,-13,13
1041,101,110,-9,9
1042,89,97,-8,8
1043,91,87,4,4
1044,112,115,-3,3
1045,131,125,6,6
1046,43,54,-11,11
1047,162,141,21,21
1048,55,56,-1,1
1049,116,122,-6,6
1050,49,43,6,6
1051,88,84,4,4
1052,108,112,-4,4
1053,72,64,8,8
1054,115,110,5,5
1055,55,63,-8,8
1056,146,143,3,3
1057,97,72,25,25
1058,81,77,4,4
1059,146,136,10,10
1060,133,118,15,15
1061,62,67,-5,5
1062,148,133,15,15
1063,98,83,15,15
1064,81,74,7,7
1065,73,74,-1,1
1066,81,79,2,2
1067,148,145,3,3
1068,141,120,21,21
1069,56,74,-18,18
1070,123,130,-7,7
1071,83,64,19,19
1072,117,116,1,1
1073,99,99,0,0
1074,99,112,-13,13
1075,64,59,5,5
1076,92,83,9,9
1077,40,47,-7,7
1078,183,191,-8,8
1079,44,46,-2,2
1080,115,115,0,0
1081,49,73,-24,24
1082,127,114,13,13
1083,155,162,-7,7
1084,81,86,-5,5
1085,92,95,-3,3
1086,74,59,15,15
1087,108,114,-6,6
1088,57,68,-11,11
1089,61,69,-8,8
1090,125,142,-17,17
1091,97,89,8,8
1092,60,86,-26,26
1093,78,83,-5,5
1094,71,66,5,5
1095,84,94,-10,10
1096,177,166,11,11
1097,80,71,9,9
1098,130,121,9,9
1099,81,103,-22,22
1100,88,118,-30,30
1101,56,60,-4,4
1102,149,135,14,14
1103,92,84,8,8
1104,90,86,4,4
1105,45,51,-6,6
1106,63,69,-6,6
1107,92,85,7,7
1108,124,113,11,11
1109,140,139,1,1
1110,122,125,-3,3
1111,47,58,-11,11
1112,67,69,-2,2
1113,199,182,17,17
1114,110,154,-44,44
1115,78,78,0,0
1116,42,67,-25,25
1117,51,50,1,1
1118,183,174,9,9
1119,160,159,1,1
1120,117,114,3,3
1121,70,78,-8,8
1122,90,89,1,1
1123,101,105,-4,4
1124,73,67,6,6
1125,64,70,-6,6
1126,69,64,5,5
1127,98,92,6,6
1128,121,123,-2,2
1129,83,83,0,0
1130,170,162,8,8
1131,80,90,-10,10
1132,68,76,-8,8
1133,130,129,1,1
1134,66,70,-4,4
1135,65,77,-12,12
1136,95,97,-2,2
1137,99,93,6,6
1138,95,117,-22,22
1139,174,156,18,18
1140,154,124,30,30
1141,121,104,17,17
1142,109,94,15,15
1143,87,98,-11,11
1144,61,44,17,17
1145,96,98,-2,2
1146,96,97,-1,1
1147,118,115,3,3
1148,97,93,4,4
1149,105,104,1,1
1150,87,79,8,8
1151,104,87,17,17
1152,80,91,-11,11
1153,54,57,-3,3
1154,92,96,-4,4
1155,48,52,-4,4
1156,78,80,-2,2
1157,136,112,24,24
1158,139,123,16,16
1159,61,123,-62,62
1160,83,91,-8,8
1161,103,112,-9,9
1162,128,111,17,17
1163,131,133,-2,2
1164,76,100,-24,24
1165,74,72,2,2
1166,135,132,3,3
1167,73,69,4,4
1168,115,123,-8,8
1169,81,84,-3,3
1170,140,144,-4,4
1171,69,71,-2,2
1172,46,47,-1,1
1173,109,116,-7,7
1174,197,164,33,33
1175,111,129,-18,18
1176,100,102,-2,2
1177,77,71,6,6
1178,66,79,-13,13
1179,67,72,-5,5
1180,120,126,-6,6
1181,349,236,113,113
1182,78,70,8,8
1183,118,119,-1,1
1184,51,55,-4,4
1185,82,80,2,2
1186,49,55,-6,6
1187,72,69,3,3
1188,112,304,-192,192
1189,140,125,15,15
1190,69,61,8,8
1191,94,94,0,0
1192,69,74,-5,5
1193,96,103,-7,7
1194,77,134,-57,57
1195,92,103,-11,11
1196,141,149,-8,8
1197,94,88,6,6
1198,92,77,15,15
1199,96,125,-29,29
1200,69,65,4,4
1201,35,53,-18,18
1202,78,84,-6,6
1203,113,108,5,5
1204,99,97,2,2
1205,108,106,2,2
1206,118,105,13,13
1207,95,100,-5,5
1208,106,118,-12,12
1209,101,85,16,16
1210,77,85,-8,8
1211,97,93,4,4
1212,86,86,0,0
1213,60,63,-3,3
1214,101,108,-7,7
1215,105,103,2,2
1216,73,74,-1,1
1217,90,94,-4,4
1218,121,115,6,6
1219,80,82,-2,2
1220,85,92,-7,7
1221,158,153,5,5
1222,75,84,-9,9
1223,70,81,-11,11
1224,66,76,-10,10
1225,107,118,-11,11
1226,182,169,13,13
1227,134,120,14,14
1228,103,97,6,6
1229,69,86,-17,17
1230,95,80,15,15
1231,33,42,-9,9
1232,58,59,-1,1
1233,63,77,-14,14
1234,115,104,11,11
1235,111,115,-4,4
1236,128,114,14,14
1237,141,130,11,11
1238,50,50,0,0
1239,129,119,10,10
1240,49,53,-4,4
1241,91,81,10,10
1242,131,119,12,12
1243,120,108,12,12
1244,91,86,5,5
1245,108,102,6,6
1246,70,78,-8,8
1247,51,60,-9,9
1248,92,91,1,1
1249,77,76,1,1
1250,149,143,6,6
1251,117,118,-1,1
1252,144,143,1,1
1253,82,68,14,14
1254,107,109,-2,2
1255,51,50,1,1
1256,55,68,-13,13
1257,101,110,-9,9
1258,99,99,0,0
1259,114,104,10,10
1260,55,69,-14,14
1261,83,77,6,6
1262,174,157,17,17
1263,136,129,7,7
1264,89,92,-3,3
1265,67,81,-14,14
1266,81,90,-9,9
1267,122,118,4,4
1268,74,75,-1,1
1269,149,159,-10,10
1270,62,66,-4,4
1271,64,72,-8,8
1272,85,97,-12,12
1273,163,146,17,17
1274,72,57,15,15
1275,62,65,-3,3
1276,50,59,-9,9
1277,57,66,-9,9
1278,82,110,-28,28
1279,58,75,-17,17
1280,51,51,0,0
1281,63,63,0,0
1282,125,129,-4,4
1283,78,80,-2,2
1284,57,50,7,7
1285,65,70,-5,5
1286,111,120,-9,9
1287,90,86,4,4
1288,107,105,2,2
1289,81,90,-9,9
1290,133,115,18,18
1291,111,125,-14,14
1292,64,75,-11,11
1293,56,70,-14,14
1294,51,53,-2,2
1295,64,64,0,0
1296,156,131,25,25
1297,96,106,-10,10
1298,94,100,-6,6
1299,65,96,-31,31
1300,167,136,31,31
1301,44,31,13,13
1302,255,206,49,49
1303,80,75,5,5
1304,142,119,23,23
1305,73,67,6,6
1306,114,105,9,9
1307,81,70,11,11
1308,66,64,2,2
1309,91,99,-8,8
1310,106,96,10,10
1311,84,92,-8,8
1312,120,144,-24,24
1313,115,114,1,1
1314,130,133,-3,3
1315,192,187,5,5
1316,150,132,18,18
1317,87,84,3,3
1318,69,79,-10,10
1319,170,179,-9,9
1320,99,100,-1,1
1321,72,75,-3,3
1322,106,92,14,14
1323,142,116,26,26
1324,44,46,-2,2
1325,87,92,-5,5
1326,72,93,-21,21
1327,116,104,12,12
1328,66,67,-1,1
1329,43,45,-2,2
1330,145,134,11,11
1331,92,92,0,0
1332,86,83,3,3
1333,87,86,1,1
1334,71,73,-2,2
1335,136,128,8,8
1336,73,74,-1,1
1337,81,90,-9,9
1338,65,56,9,9
1339,97,89,8,8
1340,61,60,1,1
1341,76,68,8,8
1342,55,64,-9,9
1343,100,93,7,7
1344,120,130,-10,10
1345,110,131,-21,21
1346,103,109,-6,6
1347,57,61,-4,4
1348,95,89,6,6
1349,82,81,1,1
1350,105,107,-2,2
1351,68,74,-6,6
1352,177,152,25,25
1353,97,89,8,8
1354,150,134,16,16
1355,38,47,-9,9
1356,85,80,5,5
1357,79,83,-4,4
1358,78,73,5,5
1359,98,92,6,6
1360,138,132,6,6
1361,92,89,3,3
1362,110,108,2,2
1363,135,132,3,3
1364,96,102,-6,6
1365,107,101,6,6
1366,84,87,-3,3
1367,82,73,9,9
1368,87,108,-21,21
1369,58,63,-5,5
1370,55,47,8,8
1371,69,79,-10,10
1372,193,175,18,18
1373,102,111,-9,9
1374,105,95,10,10
1375,74,87,-13,13
1376,122,150,-28,28
1377,85,76,9,9
1378,103,104,-1,1
1379,139,144,-5,5
1380,91,83,8,8
1381,84,97,-13,13
1382,155,122,33,33
1383,73,83,-10,10
1384,141,138,3,3
1385,70,61,9,9
1386,93,87,6,6
1387,100,85,15,15
1388,96,95,1,1
1389,56,57,-1,1
1390,93,109,-16,16
1391,97,133,-36,36
1392,43,58,-15,15
1393,58,53,5,5
1394,107,101,6,6
1395,118,115,3,3
1396,64,55,9,9
1397,114,108,6,6
1398,84,74,10,10
1399,68,69,-1,1
1400,170,154,16,16
1401,121,122,-1,1
1402,180,165,15,15
1403,81,94,-13,13
1404,131,125,6,6
1405,166,151,15,15
1406,83,81,2,2
1407,107,100,7,7
1408,95,102,-7,7
1409,88,77,11,11
1410,149,143,6,6
1411,160,157,3,3
1412,112,121,-9,9
1413,145,142,3,3
1414,38,47,-9,9
1415,104,103,1,1
1416,125,116,9,9
1417,86,87,-1,1
1418,105,99,6,6
1419,44,55,-11,11
1420,116,99,17,17
1421,136,136,0,0
1422,149,139,10,10
1423,135,113,22,22
1424,51,59,-8,8
1425,94,95,-1,1
1426,88,100,-12,12
1427,128,123,5,5
1428,148,136,12,12
1429,103,125,-22,22
1430,59,54,5,5
1431,75,75,0,0
1432,83,72,11,11
1433,73,84,-11,11
1434,75,86,-11,11
1435,74,79,-5,5
1436,85,92,-7,7
1437,74,60,14,14
1438,99,91,8,8
1439,122,144,-22,22
1440,130,132,-2,2
1441,61,72,-11,11
1442,48,44,4,4
1443,111,116,-5,5
1444,58,54,4,4
1445,61,70,-9,9
1446,129,128,1,1
1447,55,54,1,1
1448,159,133,26,26
1449,81,77,4,4
1450,44,46,-2,2
1451,64,68,-4,4
1452,105,97,8,8
1453,131,136,-5,5
1454,188,152,36,36
1455,107,105,2,2
1456,74,89,-15,15
1457,155,152,3,3
1458,93,87,6,6
1459,125,128,-3,3
1460,113,118,-5,5
1461,81,71,10,10
1462,73,75,-2,2
1463,78,73,5,5
1464,124,100,24,24
1465,68,77,-9,9
1466,90,88,2,2
1467,108,97,11,11
1468,73,67,6,6
1469,92,94,-2,2
1470,118,113,5,5
1471,70,66,4,4
1472,98,113,-15,15
1473,70,57,13,13
1474,72,83,-11,11
1475,107,89,18,18
1476,112,111,1,1
1477,118,116,2,2
1478,86,79,7,7
1479,114,99,15,15
1480,121,109,12,12
1481,120,105,15,15
1482,275,209,66,66
1483,98,85,13,13
1484,95,116,-21,21
1485,80,85,-5,5
1486,126,118,8,8
1487,98,92,6,6
1488,133,148,-15,15
1489,61,61,0,0
1490,129,119,10,10
1491,117,113,4,4
1492,54,87,-33,33
1493,54,52,2,2
1494,48,67,-19,19
1495,85,90,-5,5
1496,56,82,-26,26
1497,77,93,-16,16
1498,140,131,9,9
1499,69,61,8,8
1500,88,86,2,2
1501,107,110,-3,3
1502,81,75,6,6
1503,134,117,17,17
1504,80,90,-10,10
1505,121,109,12,12
1506,111,108,3,3
1507,72,75,-3,3
1508,155,160,-5,5
1509,61,60,1,1
1510,70,74,-4,4
1511,55,61,-6,6
1512,74,80,-6,6
1513,151,146,5,5
1514,38,36,2,2
1515,164,169,-5,5
1516,66,71,-5,5
1517,58,57,1,1
1518,66,82,-16,16
1519,116,100,16,16
1520,71,79,-8,8
1521,99,105,-6,6
1522,108,115,-7,7
1523,77,77,0,0
1524,56,64,-8,8
1525,126,110,16,16
1526,117,106,11,11
1527,71,64,7,7
1528,80,70,10,10
1529,69,74,-5,5
1530,76,59,17,17
1531,137,120,17,17
1532,184,169,15,15
1533,131,118,13,13
1534,149,138,11,11
1535,95,92,3,3
1536,122,120,2,2
1537,54,63,-9,9
1538,88,90,-2,2
1539,83,87,-4,4
1540,69,74,-5,5
1541,87,111,-24,24
1542,156,134,22,22
1543,118,121,-3,3
1544,55,57,-2,2
1545,83,79,4,4
1546,81,89,-8,8
1547,101,114,-13,13
1548,73,70,3,3
1549,105,107,-2,2
1550,82,80,2,2
1551,65,63,2,2
1552,78,72,6,6
1553,115,107,8,8
1554,133,130,3,3
1555,58,63,-5,5
1556,108,104,4,4
1557,128,149,-21,21
1558,136,125,11,11
1559,37,43,-6,6
1560,95,98,-3,3
1561,121,117,4,4
1562,87,77,10,10
1563,100,130,-30,30
1564,89,90,-1,1
1565,126,125,1,1
1566,109,111,-2,2
1567,103,105,-2,2
1568,150,136,14,14
1569,94,111,-17,17
1570,148,149,-1,1
1571,60,63,-3,3
1572,70,64,6,6
1573,131,134,-3,3
1574,70,61,9,9
1575,95,106,-11,11
1576,66,53,13,13
1577,86,70,16,16
1578,91,91,0,0
1579,75,86,-11,11
1580,46,56,-10,10
1581,100,107,-7,7
1582,98,97,1,1
1583,92,97,-5,5
1584,112,102,10,10
1585,167,157,10,10
1586,90,88,2,2
1587,109,110,-1,1
1588,93,115,-22,22
1589,61,73,-12,12
1590,123,122,1,1
1591,93,97,-4,4
1592,74,71,3,3
1593,36,32,4,4
1594,89,77,12,12
1595,144,143,1,1
1596,80,88,-8,8
1597,114,115,-1,1
1598,106,110,-4,4
1599,57,70,-13,13
1600,70,79,-9,9
1601,112,115,-3,3
1602,92,78,14,14
1603,106,98,8,8
1604,122,131,-9,9
1605,128,125,3,3
1606,109,104,5,5
1607,75,76,-1,1
1608,120,113,7,7
1609,60,57,3,3
1610,137,124,13,13
1611,78,77,1,1
1612,93,94,-1,1
1613,91,83,8,8
1614,84,81,3,3
1615,137,134,3,3
1616,43,74,-31,31
1617,74,47,27,27
1618,77,71,6,6
1619,114,128,-14,14
1620,104,88,16,16
1621,101,123,-22,22
1622,43,39,4,4
1623,106,105,1,1
1624,90,92,-2,2
1625,114,107,7,7
1626,82,83,-1,1
1627,62,64,-2,2
1628,112,112,0,0
1629,46,48,-2,2
1630,104,93,11,11
1631,106,105,1,1
1632,62,60,2,2
1633,123,122,1,1
1634,95,102,-7,7
1635,64,87,-23,23
1636,76,79,-3,3
1637,104,91,13,13
1638,126,113,13,13
1639,144,138,6,6
1640,119,121,-2,2
1641,74,68,6,6
1642,51,57,-6,6
1643,91,93,-2,2
1644,86,92,-6,6
1645,95,88,7,7
1646,72,74,-2,2
1647,162,167,-5,5
1648,87,96,-9,9
1649,91,93,-2,2
1650,122,158,-36,36
1651,70,65,5,5
1652,106,115,-9,9
1653,89,102,-13,13
1654,59,50,9,9
1655,44,44,0,0
1656,74,57,17,17
1657,77,90,-13,13
1658,135,124,11,11
1659,107,99,8,8
1660,64,62,2,2
1661,52,71,-19,19
1662,61,69,-8,8
1663,74,83,-9,9
1664,87,106,-19,19
1665,106,101,5,5
1666,64,66,-2,2
1667,70,79,-9,9
1668,77,80,-3,3
1669,62,71,-9,9
1670,67,67,0,0
1671,109,99,10,10
1672,118,118,0,0
1673,74,72,2,2
1674,100,109,-9,9
1675,83,97,-14,14
1676,83,82,1,1
1677,121,107,14,14
1678,79,77,2,2
1679,46,52,-6,6
1680,92,89,3,3
1681,102,98,4,4
1682,103,89,14,14
1683,64,55,9,9
1684,101,97,4,4
1685,105,103,2,2
1686,55,64,-9,9
1687,66,60,6,6
1688,60,62,-2,2
1689,62,64,-2,2
1690,150,152,-2,2
1691,84,95,-11,11
1692,98,101,-3,3
1693,59,59,0,0
1694,57,59,-2,2
1695,88,139,-51,51
1696,146,136,10,10
1697,58,66,-8,8
1698,73,42,31,31
1699,192,177,15,15
1700,58,53,5,5
1701,97,74,23,23
1702,84,87,-3,3
1703,149,124,25,25
1704,162,134,28,28
1705,53,68,-15,15
1706,48,58,-10,10
1707,103,104,-1,1
1708,64,62,2,2
1709,85,94,-9,9
1710,64,64,0,0
1711,73,71,2,2
1712,72,65,7,7
1713,136,131,5,5
1714,103,109,-6,6
1715,161,145,16,16
1716,89,91,-2,2
1717,102,97,5,5
1718,66,125,-59,59
1719,87,86,1,1
1720,101,98,3,3
1721,90,99,-9,9
1722,108,110,-2,2
1723,59,69,-10,10
1724,118,110,8,8
1725,56,55,1,1
1726,195,183,12,12
1727,70,69,1,1
1728,90,93,-3,3
1729,108,104,4,4
1730,118,137,-19,19
1731,74,87,-13,13
1732,115,109,6,6
1733,31,36,-5,5
1734,121,132,-11,11
1735,43,47,-4,4
1736,78,75,3,3
1737,63,62,1,1
1738,57,56,1,1
1739,53,59,-6,6
1740,63,66,-3,3
1741,88,87,1,1
1742,80,96,-16,16
1743,133,135,-2,2
1744,90,91,-1,1
1745,130,139,-9,9
1746,70,72,-2,2
1747,169,166,3,3
1748,45,56,-11,11
1749,171,159,12,12
1750,84,78,6,6
1751,95,100,-5,5
1752,73,71,2,2
1753,59,58,1,1
1754,82,93,-11,11
1755,101,95,6,6
1756,77,81,-4,4
1757,57,64,-7,7
1758,97,86,11,11
1759,69,74,-5,5
1760,82,66,16,16
1761,60,75,-15,15
1762,70,69,1,1
1763,79,79,0,0
1764,127,137,-10,10
1765,92,105,-13,13
1766,119,130,-11,11
1767,59,61,-2,2
1768,66,73,-7,7
1769,44,48,-4,4
1770,46,40,6,6
1771,129,110,19,19
1772,93,93,0,0
1773,98,124,-26,26
1774,89,101,-12,12
1775,74,71,3,3
1776,96,94,2,2
1777,103,89,14,14
1778,84,97,-13,13
1779,75,78,-3,3
1780,167,140,27,27
1781,85,90,-5,5
1782,108,139,-31,31
1783,59,62,-3,3
1784,101,100,1,1
1785,76,88,-12,12
1786,118,111,7,7
1787,67,79,-12,12
1788,53,68,-15,15
1789,108,109,-1,1
1790,103,122,-19,19
1791,130,136,-6,6
1792,83,81,2,2
1793,52,62,-10,10
1794,79,84,-5,5
1795,80,86,-6,6
1796,88,63,25,25
1797,55,61,-6,6
1798,53,64,-11,11
1799,116,106,10,10
1800,103,93,10,10
1801,73,82,-9,9
1802,72,73,-1,1
1803,155,133,22,22
1804,205,187,18,18
1805,55,57,-2,2
1806,119,123,-4,4
1807,93,97,-4,4
1808,81,83,-2,2
1809,93,95,-2,2
1810,121,121,0,0
1811,62,58,4,4
1812,61,61,0,0
1813,113,115,-2,2
1814,79,68,11,11
1815,130,138,-8,8
1816,68,81,-13,13
1817,81,89,-8,8
1818,114,113,1,1
1819,101,82,19,19
1820,63,55,8,8
1821,87,113,-26,26
1822,117,112,5,5
1823,114,117,-3,3
1824,109,105,4,4
1825,96,98,-2,2
1826,54,56,-2,2
1827,132,133,-1,1
1828,85,88,-3,3
1829,70,63,7,7
1830,60,57,3,3
1831,68,69,-1,1
1832,48,45,3,3
1833,75,75,0,0
1834,126,124,2,2
1835,106,106,0,0
1836,60,61,-1,1
1837,70,58,12,12
1838,52,61,-9,9
1839,86,86,0,0
1840,74,67,7,7
1841,118,103,15,15
1842,43,46,-3,3
1843,207,174,33,33
1844,97,91,6,6
1845,78,73,5,5
1846,100,101,-1,1
1847,108,92,16,16
1848,73,87,-14,14
1849,151,140,11,11
1850,45,55,-10,10
1851,81,78,3,3
1852,68,66,2,2
1853,140,133,7,7
1854,121,114,7,7
1855,88,104,-16,16
1856,42,55,-13,13
1857,76,75,1,1
1858,89,81,8,8
1859,61,71,-10,10
1860,98,97,1,1
1861,78,88,-10,10
1862,54,56,-2,2
1863,128,131,-3,3
1864,160,141,19,19
1865,65,66,-1,1
1866,109,105,4,4
1867,149,148,1,1
1868,112,107,5,5
1869,78,73,5,5
1870,61,59,2,2
1871,82,80,2,2
1872,54,49,5,5
1873,45,55,-10,10
1874,102,98,4,4
1875,92,85,7,7
1876,121,116,5,5
1877,119,108,11,11
1878,84,76,8,8
1879,99,108,-9,9
1880,116,122,-6,6
1881,119,119,0,0
1882,157,152,5,5
1883,119,102,17,17
1884,92,80,12,12
1885,60,65,-5,5
1886,101,95,6,6
1887,90,99,-9,9
1888,132,146,-14,14
1889,156,157,-1,1
1890,101,101,0,0
1891,88,79,9,9
1892,141,120,21,21
1893,56,62,-6,6
1894,85,72,13,13
1895,182,159,23,23
1896,127,107,20,20
1897,76,70,6,6
1898,83,79,4,4
1899,59,57,2,2
1900,33,62,-29,29
1901,38,34,4,4
1902,90,78,12,12
1903,87,106,-19,19
1904,81,89,-8,8
1905,123,124,-1,1
1906,111,119,-8,8
1907,207,212,-5,5
1908,140,134,6,6
1909,90,88,2,2
1910,67,64,3,3
1911,102,122,-20,20
1912,65,72,-7,7
1913,81,80,1,1
1914,75,72,3,3
1915,93,100,-7,7
1916,87,114,-27,27
1917,183,160,23,23
1918,95,101,-6,6
1919,200,187,13,13
1920,95,95,0,0
1921,199,173,26,26
1922,87,46,41,41
1923,56,63,-7,7
1924,55,68,-13,13
1925,90,100,-10,10
1926,64,80,-16,16
1927,57,65,-8,8
1928,179,175,4,4
1929,78,74,4,4
1930,54,54,0,0
1931,112,103,9,9
1932,69,90,-21,21
1933,73,73,0,0
1934,64,66,-2,2
1935,65,76,-11,11
1936,63,66,-3,3
1937,159,141,18,18
1938,71,69,2,2
1939,90,89,1,1
1940,116,111,5,5
1941,110,102,8,8
1942,80,84,-4,4
1943,116,132,-16,16
1944,101,114,-13,13
1945,145,140,5,5
1946,144,142,2,2
1947,163,154,9,9
1948,115,126,-11,11
1949,115,134,-19,19
1950,102,123,-21,21
1951,105,132,-27,27
1952,61,65,-4,4
1953,74,71,3,3
1954,88,89,-1,1
1955,86,77,9,9
1956,98,97,1,1
1957,113,116,-3,3
1958,82,54,28,28
1959,124,109,15,15
1960,76,75,1,1
1961,137,143,-6,6
1962,88,105,-17,17
1963,130,109,21,21
1964,75,66,9,9
1965,97,96,1,1
1966,114,121,-7,7
1967,92,97,-5,5
1968,106,110,-4,4
1969,89,94,-5,5
1970,72,96,-24,24
1971,92,85,7,7
1972,66,51,15,15
1973,26,31,-5,5
1974,106,107,-1,1
1975,82,93,-11,11
1976,112,112,0,0
1977,94,97,-3,3
1978,106,103,3,3
1979,114,110,4,4
1980,85,92,-7,7
1981,144,167,-23,23
1982,137,130,7,7
1983,56,74,-18,18
1984,62,64,-2,2
1985,65,69,-4,4
1986,71,82,-11,11
1987,78,93,-15,15
1988,66,60,6,6
1989,106,113,-7,7
1990,74,105,-31,31
1991,46,134,-88,88
1992,140,130,10,10
1993,129,126,3,3
1994,83,88,-5,5
1995,81,82,-1,1
1996,49,54,-5,5
1997,124,121,3,3
1998,42,38,4,4
1999,89,90,-1,1
2000,101,97,4,4
2001,184,187,-3,3
2002,113,107,6,6
2003,212,190,22,22
2004,120,104,16,16
2005,95,95,0,0
2006,120,120,0,0
2007,97,99,-2,2
2008,72,75,-3,3
2009,80,75,5,5
2010,87,98,-11,11
2011,100,89,11,11
2012,185,179,6,6
2013,90,89,1,1
2014,77,77,0,0
2015,67,70,-3,3
2016,63,70,-7,7
2017,74,79,-5,5
2018,104,100,4,4
2019,129,128,1,1
2020,73,76,-3,3
2021,128,111,17,17
2022,64,58,6,6
2023,88,70,18,18
2024,47,53,-6,6
2025,68,67,1,1
2026,75,67,8,8
2027,75,83,-8,8
2028,80,86,-6,6
2029,61,70,-9,9
2030,74,72,2,2
2031,79,88,-9,9
2032,62,65,-3,3
2033,121,117,4,4
2034,77,75,2,2
2035,104,117,-13,13
2036,116,104,12,12
2037,61,73,-12,12
2038,86,80,6,6
2039,83,104,-21,21
2040,119,135,-16,16
2041,109,119,-10,10
2042,83,96,-13,13
2043,66,73,-7,7
2044,112,117,-5,5
2045,110,116,-6,6
2046,115,134,-19,19
2047,97,88,9,9
2048,115,111,4,4
2049,78,85,-7,7
2050,58,57,1,1
2051,98,102,-4,4
2052,104,106,-2,2
2053,109,106,3,3
2054,143,127,16,16
2055,98,102,-4,4
2056,56,63,-7,7
2057,61,60,1,1
2058,86,89,-3,3
2059,73,69,4,4
2060,101,100,1,1
2061,165,148,17,17
2062,64,65,-1,1
2063,62,63,-1,1
2064,68,75,-7,7
2065,101,101,0,0
2066,72,89,-17,17
2067,56,56,0,0
2068,109,105,4,4
2069,63,55,8,8
2070,48,54,-6,6
2071,134,132,2,2
2072,91,104,-13,13
2073,80,80,0,0
2074,112,110,2,2
2075,49,52,-3,3
2076,91,92,-1,1
2077,75,87,-12,12
2078,86,80,6,6
2079,142,142,0,0
2080,79,68,11,11
2081,122,114,8,8
2082,139,120,19,19
2083,79,60,19,19
2084,184,166,18,18
2085,134,148,-14,14
2086,99,97,2,2
2087,59,63,-4,4
2088,77,87,-10,10
2089,84,81,3,3
2090,116,122,-6,6
2091,41,58,-17,17
2092,70,47,23,23
2093,39,36,3,3
2094,82,83,-1,1
2095,58,58,0,0
2096,166,179,-13,13
2097,71,78,-7,7
2098,119,108,11,11
2099,92,104,-12,12
2100,116,115,1,1
2101,121,115,6,6
2102,106,105,1,1
2103,82,87,-5,5
2104,137,136,1,1
2105,113,109,4,4
2106,84,85,-1,1
2107,136,125,11,11
2108,57,65,-8,8
2109,142,134,8,8
2110,55,64,-9,9
2111,82,86,-4,4
2112,208,192,16,16
2113,101,86,15,15
2114,156,137,19,19
2115,175,168,7,7
2116,137,116,21,21
2117,105,133,-28,28
2118,84,96,-12,12
2119,78,82,-4,4
2120,115,107,8,8
2121,74,80,-6,6
2122,67,68,-1,1
2123,46,45,1,1
2124,123,131,-8,8
2125,68,86,-18,18
2126,110,130,-20,20
2127,95,95,0,0
2128,77,86,-9,9
2129,86,92,-6,6
2130,62,53,9,9
2131,91,95,-4,4
2132,76,94,-18,18
2133,92,79,13,13
2134,98,96,2,2
2135,108,102,6,6
2136,142,130,12,12
2137,111,66,45,45
2138,96,101,-5,5
2139,86,82,4,4
2140,138,118,20,20
2141,89,86,3,3
2142,149,143,6,6
2143,82,90,-8,8
2144,135,137,-2,2
2145,94,93,1,1
2146,79,83,-4,4
2147,84,86,-2,2
2148,44,72,-28,28
2149,46,54,-8,8
2150,96,90,6,6
2151,114,114,0,0
2152,57,59,-2,2
2153,79,70,9,9
2154,78,91,-13,13
2155,117,154,-37,37
2156,98,84,14,14
2157,57,51,6,6
2158,99,83,16,16
2159,97,91,6,6
2160,98,94,4,4
2161,70,60,10,10
2162,102,102,0,0
2163,82,93,-11,11
2164,81,75,6,6
2165,69,69,0,0
2166,66,68,-2,2
2167,97,91,6,6
2168,86,84,2,2
2169,58,55,3,3
2170,83,97,-14,14
2171,78,103,-25,25
2172,64,71,-7,7
2173,127,109,18,18
2174,73,58,15,15
2175,70,89,-19,19
2176,93,112,-19,19
2177,116,112,4,4
2178,103,97,6,6
2179,44,67,-23,23
2180,84,98,-14,14
2181,116,98,18,18
2182,102,117,-15,15
2183,56,64,-8,8
2184,117,118,-1,1
2185,111,114,-3,3
2186,82,93,-11,11
2187,115,105,10,10
2188,96,101,-5,5
2189,137,121,16,16
2190,111,132,-21,21
2191,63,82,-19,19
2192,65,65,0,0
2193,57,53,4,4
2194,82,74,8,8
2195,64,78,-14,14
2196,100,112,-12,12
2197,68,60,8,8
2198,57,49,8,8
2199,76,74,2,2
2200,138,140,-2,2
2201,61,60,1,1
2202,80,84,-4,4
2203,98,107,-9,9
2204,137,116,21,21
2205,101,102,-1,1
2206,122,120,2,2
2207,75,79,-4,4
2208,118,102,16,16
2209,87,95,-8,8
2210,116,106,10,10
2211,97,102,-5,5
2212,147,136,11,11
2213,74,69,5,5
2214,55,57,-2,2
2215,110,93,17,17
2216,93,98,-5,5
2217,64,79,-15,15
2218,105,115,-10,10
2219,70,94,-24,24
2220,92,93,-1,1
2221,63,67,-4,4
2222,93,93,0,0
2223,60,78,-18,18
2224,82,88,-6,6
2225,108,115,-7,7
2226,118,114,4,4
2227,167,162,5,5
2228,112,107,5,5
2229,85,97,-12,12
2230,77,104,-27,27
2231,105,118,-13,13
2232,144,140,4,4
2233,159,192,-33,33
2234,68,70,-2,2
2235,42,52,-10,10
2236,111,121,-10,10
2237,67,80,-13,13
2238,135,119,16,16
2239,45,82,-37,37
2240,79,84,-5,5
2241,117,128,-11,11
2242,94,98,-4,4
2243,44,94,-50,50
2244,94,107,-13,13
2245,140,139,1,1
2246,98,97,1,1
2247,66,71,-5,5
2248,63,68,-5,5
2249,65,65,0,0
2250,104,101,3,3
2251,92,98,-6,6
2252,86,86,0,0
2253,81,79,2,2
2254,77,89,-12,12
2255,78,83,-5,5
2256,48,58,-10,10
2257,39,63,-24,24
2258,47,62,-15,15
2259,94,99,-5,5
2260,161,144,17,17
2261,72,43,29,29
2262,35,44,-9,9
2263,89,103,-14,14
2264,69,97,-28,28
2265,102,108,-6,6
2266,79,97,-18,18
2267,107,95,12,12
2268,111,133,-22,22
2269,95,94,1,1
2270,102,100,2,2
2271,89,93,-4,4
2272,65,61,4,4
2273,108,103,5,5
2274,57,67,-10,10
2275,103,107,-4,4
2276,151,137,14,14
2277,184,163,21,21
2278,78,73,5,5
2279,185,173,12,12
2280,63,71,-8,8
2281,131,128,3,3
2282,155,134,21,21
2283,87,86,1,1
2284,136,123,13,13
2285,104,104,0,0
2286,54,64,-10,10
2287,107,109,-2,2
2288,64,65,-1,1
2289,68,67,1,1
2290,90,96,-6,6
2291,65,69,-4,4
2292,86,90,-4,4
2293,78,88,-10,10
2294,72,67,5,5
2295,50,56,-6,6
2296,107,108,-1,1
2297,101,206,-105,105
2298,104,105,-1,1
2299,47,78,-31,31
2300,87,88,-1,1
2301,102,112,-10,10
2302,103,87,16,16
2303,62,45,17,17
2304,57,57,0,0
2305,68,70,-2,2
2306,109,111,-2,2
2307,80,97,-17,17
2308,76,86,-10,10
2309,97,99,-2,2
2310,83,91,-8,8
2311,116,116,0,0
2312,72,70,2,2
2313,49,53,-4,4
2314,108,121,-13,13
2315,106,98,8,8
2316,135,118,17,17
2317,115,121,-6,6
2318,111,94,17,17
2319,95,83,12,12
2320,56,68,-12,12
2321,154,130,24,24
2322,106,99,7,7
2323,71,75,-4,4
2324,92,91,1,1
2325,96,86,10,10
2326,75,88,-13,13
2327,127,108,19,19
2328,66,85,-19,19
2329,78,83,-5,5
2330,148,148,0,0
2331,95,88,7,7
2332,145,126,19,19
2333,80,88,-8,8
2334,48,47,1,1
2335,73,84,-11,11
2336,128,144,-16,16
2337,38,64,-26,26
2338,180,172,8,8
2339,63,76,-13,13
2340,60,58,2,2
2341,149,166,-17,17
2342,97,107,-10,10
2343,57,59,-2,2
2344,158,116,42,42
2345,85,87,-2,2
2346,83,84,-1,1
2347,145,138,7,7
2348,76,89,-13,13
2349,107,101,6,6
2350,177,168,9,9
2351,106,92,14,14
2352,73,80,-7,7
2353,43,54,-11,11
2354,141,118,23,23
2355,100,99,1,1
2356,81,94,-13,13
2357,267,207,60,60
2358,69,74,-5,5
2359,114,115,-1,1
2360,110,121,-11,11
2361,107,114,-7,7
2362,95,82,13,13
2363,92,94,-2,2
2364,166,160,6,6
2365,83,94,-11,11
2366,140,140,0,0
2367,102,97,5,5
2368,82,87,-5,5
2369,88,96,-8,8
2370,129,103,26,26
2371,171,191,-20,20
2372,53,56,-3,3
2373,139,117,22,22
2374,131,115,16,16
2375,137,120,17,17
2376,65,73,-8,8
2377,83,78,5,5
2378,191,170,21,21
2379,65,50,15,15
2380,197,175,22,22
2381,101,106,-5,5
2382,147,137,10,10
2383,159,154,5,5
2384,46,55,-9,9
2385,151,154,-3,3
2386,104,102,2,2
2387,132,128,4,4
2388,67,89,-22,22
2389,80,79,1,1
2390,198,189,9,9
2391,116,121,-5,5
2392,72,107,-35,35
2393,152,134,18,18
2394,63,69,-6,6
2395,61,66,-5,5
2396,112,108,4,4
2397,96,83,13,13
2398,90,80,10,10
2399,118,116,2,2
2400,102,99,3,3
2401,65,78,-13,13
2402,93,96,-3,3
2403,64,63,1,1
2404,88,140,-52,52
2405,116,114,2,2
2406,94,120,-26,26
2407,96,110,-14,14
2408,83,86,-3,3
2409,125,116,9,9
2410,71,61,10,10
2411,147,155,-8,8
2412,117,124,-7,7
2413,125,130,-5,5
2414,65,55,10,10
2415,69,79,-10,10
2416,72,65,7,7
2417,80,97,-17,17
2418,73,64,9,9
2419,62,66,-4,4
2420,126,116,10,10
2421,56,51,5,5
2422,90,97,-7,7
2423,95,96,-1,1
2424,67,72,-5,5
2425,37,43,-6,6
2426,128,128,0,0
2427,63,63,0,0
2428,32,21,11,11
2429,63,61,2,2
2430,42,53,-11,11
2431,90,95,-5,5
2432,58,57,1,1
2433,159,137,22,22
2434,114,129,-15,15
2435,76,64,12,12
2436,71,68,3,3
2437,91,85,6,6
2438,144,138,6,6
2439,71,80,-9,9
2440,70,73,-3,3
2441,109,108,1,1
2442,86,89,-3,3
2443,114,112,2,2
2444,66,49,17,17
2445,92,89,3,3
2446,71,73,-2,2
2447,92,90,2,2
2448,137,166,-29,29
2449,73,79,-6,6
2450,73,65,8,8
2451,101,97,4,4
2452,119,107,12,12
2453,97,91,6,6
2454,110,101,9,9
2455,69,61,8,8
2456,81,89,-8,8
2457,67,81,-14,14
2458,139,123,16,16
2459,88,80,8,8
2460,114,111,3,3
2461,64,57,7,7
2462,86,87,-1,1
2463,122,111,11,11
2464,122,106,16,16
2465,94,93,1,1
2466,128,132,-4,4
2467,83,77,6,6
2468,92,88,4,4
2469,175,165,10,10
2470,141,142,-1,1
2471,72,73,-1,1
2472,135,140,-5,5
2473,84,75,9,9
2474,123,120,3,3
2475,113,113,0,0
2476,135,125,10,10
2477,83,79,4,4
2478,58,68,-10,10
2479,146,146,0,0
2480,123,120,3,3
2481,50,54,-4,4
2482,67,80,-13,13
2483,80,83,-3,3
2484,136,122,14,14
2485,165,152,13,13
2486,84,78,6,6
2487,107,104,3,3
2488,151,136,15,15
2489,111,120,-9,9
2490,51,72,-21,21
2491,78,81,-3,3
2492,145,113,32,32
2493,54,55,-1,1
2494,86,83,3,3
2495,93,99,-6,6
2496,117,120,-3,3
2497,52,51,1,1
2498,84,97,-13,13
2499,196,191,5,5
2500,70,45,25,25
2501,166,137,29,29
2502,103,84,19,19
2503,67,83,-16,16
2504,54,62,-8,8
2505,91,88,3,3
2506,124,126,-2,2
2507,80,81,-1,1
2508,111,109,2,2
2509,108,88,20,20
2510,134,136,-2,2
2511,98,100,-2,2
2512,64,83,-19,19
2513,73,84,-11,11
2514,94,89,5,5
2515,61,71,-10,10
2516,90,96,-6,6
2517,102,97,5,5
2518,150,141,9,9
2519,97,99,-2,2
2520,76,78,-2,2
2521,58,59,-1,1
2522,90,71,19,19
2523,70,71,-1,1
2524,65,73,-8,8
2525,78,98,-20,20
2526,53,62,-9,9
2527,83,80,3,3
2528,103,79,24,24
2529,74,78,-4,4
2530,173,165,8,8
2531,63,71,-8,8
2532,104,109,-5,5
2533,96,92,4,4
2534,110,112,-2,2
2535,83,89,-6,6
2536,89,87,2,2
2537,95,95,0,0
2538,74,81,-7,7
2539,55,53,2,2
2540,117,111,6,6
2541,32,68,-36,36
2542,64,73,-9,9
2543,103,87,16,16
2544,121,112,9,9
2545,129,118,11,11
2546,90,98,-8,8
2547,119,134,-15,15
2548,105,100,5,5
2549,78,84,-6,6
2550,159,136,23,23
2551,73,80,-7,7
2552,128,125,3,3
2553,149,143,6,6
2554,129,113,16,16
2555,87,98,-11,11
2556,69,69,0,0
2557,120,121,-1,1
2558,57,56,1,1
2559,107,121,-14,14
2560,56,56,0,0
2561,128,83,45,45
2562,153,120,33,33
2563,114,121,-7,7
2564,96,102,-6,6
2565,111,108,3,3
2566,130,136,-6,6
2567,88,97,-9,9
2568,75,71,4,4
2569,85,97,-12,12
2570,105,99,6,6
2571,48,47,1,1
2572,98,92,6,6
2573,62,66,-4,4
2574,142,135,7,7
2575,91,80,11,11
2576,85,91,-6,6
2577,67,57,10,10
2578,116,107,9,9
2579,82,83,-1,1
2580,136,142,-6,6
2581,145,137,8,8
2582,76,86,-10,10
2583,46,45,1,1
2584,112,121,-9,9
2585,119,123,-4,4
2586,75,87,-12,12
2587,58,64,-6,6
2588,90,101,-11,11
2589,106,101,5,5
2590,117,117,0,0
2591,97,94,3,3
2592,142,164,-22,22
2593,156,147,9,9
2594,136,93,43,43
2595,73,85,-12,12
2596,98,86,12,12
2597,79,89,-10,10
2598,130,120,10,10
2599,114,115,-1,1
2600,122,130,-8,8
2601,87,77,10,10
2602,136,113,23,23
2603,157,128,29,29
2604,53,63,-10,10
2605,106,105,1,1
2606,62,66,-4,4
2607,87,95,-8,8
2608,75,69,6,6
2609,71,83,-12,12
2610,87,89,-2,2
2611,81,76,5,5
2612,110,102,8,8
2613,119,115,4,4
2614,103,93,10,10
2615,65,56,9,9
2616,137,112,25,25
2617,66,70,-4,4
2618,78,84,-6,6
2619,93,100,-7,7
2620,117,111,6,6
2621,95,98,-3,3
2622,88,77,11,11
2623,102,84,18,18
2624,49,56,-7,7
2625,82,73,9,9
2626,70,80,-10,10
2627,78,91,-13,13
2628,75,68,7,7
2629,80,88,-8,8
2630,133,128,5,5
2631,82,82,0,0
2632,147,110,37,37
2633,174,165,9,9
2634,65,62,3,3
2635,95,98,-3,3
2636,105,92,13,13
2637,72,77,-5,5
2638,78,86,-8,8
2639,137,128,9,9
2640,153,149,4,4
2641,131,152,-21,21
2642,53,60,-7,7
2643,88,76,12,12
2644,74,72,2,2
2645,62,64,-2,2
2646,97,111,-14,14
2647,121,114,7,7
2648,106,105,1,1
2649,76,105,-29,29
2650,103,103,0,0
2651,87,60,27,27
2652,67,56,11,11
2653,68,96,-28,28
2654,123,113,10,10
2655,68,67,1,1
2656,115,121,-6,6
2657,116,113,3,3
2658,95,94,1,1
2659,57,63,-6,6
2660,106,102,4,4
2661,85,81,4,4
2662,106,92,14,14
2663,87,86,1,1
2664,86,83,3,3
2665,84,90,-6,6
2666,60,61,-1,1
2667,99,99,0,0
2668,84,159,-75,75
2669,60,59,1,1
2670,134,116,18,18
2671,130,134,-4,4
2672,78,79,-1,1
2673,62,75,-13,13
2674,90,78,12,12
2675,105,113,-8,8
2676,104,103,1,1
2677,102,105,-3,3
2678,125,123,2,2
2679,74,45,29,29
2680,100,94,6,6
2681,103,110,-7,7
2682,77,66,11,11
2683,86,86,0,0
2684,97,103,-6,6
2685,81,91,-10,10
2686,88,90,-2,2
2687,52,64,-12,12
2688,59,62,-3,3
2689,89,85,4,4
2690,51,70,-19,19
2691,45,61,-16,16
2692,103,112,-9,9
2693,70,76,-6,6
2694,148,128,20,20
2695,91,96,-5,5
2696,45,56,-11,11
2697,146,130,16,16
2698,119,113,6,6
2699,107,115,-8,8
2700,170,154,16,16
2701,62,58,4,4
2702,130,104,26,26
2703,40,56,-16,16
2704,91,89,2,2
2705,61,58,3,3
2706,72,77,-5,5
2707,113,108,5,5
2708,120,107,13,13
2709,52,60,-8,8
2710,43,53,-10,10
2711,63,59,4,4
2712,106,103,3,3
2713,109,106,3,3
2714,136,116,20,20
2715,100,99,1,1
2716,58,60,-2,2
2717,64,61,3,3
2718,135,137,-2,2
2719,125,114,11,11
2720,91,103,-12,12
2721,81,86,-5,5
2722,53,50,3,3
2723,120,126,-6,6
2724,96,100,-4,4
2725,42,46,-4,4
2726,122,123,-1,1
2727,67,61,6,6
2728,97,94,3,3
2729,65,67,-2,2
2730,86,89,-3,3
2731,72,69,3,3
2732,62,56,6,6
2733,72,77,-5,5
2734,83,70,13,13
2735,129,133,-4,4
2736,109,101,8,8
2737,72,96,-24,24
2738,78,79,-1,1
2739,175,167,8,8
2740,125,112,13,13
2741,65,62,3,3
2742,122,119,3,3
2743,79,87,-8,8
2744,35,67,-32,32
2745,86,91,-5,5
2746,120,102,18,18
2747,96,95,1,1
2748,152,150,2,2
2749,114,118,-4,4
2750,94,103,-9,9
2751,67,67,0,0
2752,94,96,-2,2
2753,145,121,24,24
2754,52,55,-3,3
2755,108,108,0,0
2756,86,96,-10,10
2757,91,89,2,2
2758,132,136,-4,4
2759,160,153,7,7
2760,94,64,30,30
2761,136,126,10,10
2762,46,69,-23,23
2763,76,77,-1,1
2764,66,72,-6,6
2765,72,75,-3,3
2766,102,106,-4,4
2767,77,84,-7,7
2768,56,55,1,1
2769,139,142,-3,3
2770,217,194,23,23
2771,105,117,-12,12
2772,86,80,6,6
2773,172,143,29,29
2774,131,117,14,14
2775,141,125,16,16
2776,85,81,4,4
2777,68,59,9,9
2778,90,98,-8,8
2779,75,80,-5,5
2780,82,77,5,5
2781,76,50,26,26
2782,92,98,-6,6
2783,76,80,-4,4
2784,108,103,5,5
2785,99,101,-2,2
2786,65,76,-11,11
2787,101,104,-3,3
2788,196,182,14,14
2789,80,91,-11,11
2790,130,130,0,0
2791,57,55,2,2
2792,105,98,7,7
2793,83,90,-7,7
2794,75,87,-12,12
2795,37,41,-4,4
2796,92,110,-18,18
2797,70,66,4,4
2798,35,55,-20,20
2799,120,109,11,11
2800,87,83,4,4
2801,56,43,13,13
2802,84,86,-2,2
2803,185,169,16,16
2804,95,82,13,13
2805,76,73,3,3
2806,60,71,-11,11
2807,84,81,3,3
2808,67,66,1,1
2809,79,83,-4,4
2810,106,114,-8,8
2811,121,116,5,5
2812,81,98,-17,17
2813,93,99,-6,6
2814,150,155,-5,5
2815,104,102,2,2
2816,95,87,8,8
2817,120,120,0,0
2818,140,140,0,0
2819,106,115,-9,9
2820,92,77,15,15
2821,75,89,-14,14
2822,69,77,-8,8
2823,78,71,7,7
2824,57,60,-3,3
2825,71,71,0,0
2826,110,100,10,10
2827,90,93,-3,3
2828,58,59,-1,1
2829,52,50,2,2
2830,108,106,2,2
2831,53,68,-15,15
2832,102,99,3,3
2833,89,88,1,1
2834,158,149,9,9
2835,81,70,11,11
2836,93,106,-13,13
2837,127,123,4,4
2838,117,114,3,3
2839,105,93,12,12
2840,133,133,0,0
2841,106,99,7,7
2842,149,127,22,22
2843,117,116,1,1
2844,92,91,1,1
2845,74,79,-5,5
2846,156,161,-5,5
2847,90,92,-2,2
2848,116,109,7,7
2849,118,105,13,13
2850,109,104,5,5
2851,110,115,-5,5
2852,84,106,-22,22
2853,120,100,20,20
2854,145,149,-4,4
2855,64,53,11,11
2856,95,113,-18,18
2857,54,61,-7,7
2858,109,94,15,15
2859,81,85,-4,4
2860,74,73,1,1
2861,123,121,2,2
2862,88,96,-8,8
2863,153,160,-7,7
2864,119,129,-10,10
2865,100,101,-1,1
2866,91,97,-6,6
2867,85,70,15,15
2868,72,71,1,1
2869,137,124,13,13
2870,120,126,-6,6
2871,58,56,2,2
2872,106,96,10,10
2873,100,97,3,3
2874,75,84,-9,9
2875,71,66,5,5
2876,90,88,2,2
2877,56,41,15,15
2878,109,107,2,2
2879,97,101,-4,4
2880,95,100,-5,5
2881,84,90,-6,6
2882,64,77,-13,13
2883,79,68,11,11
2884,66,63,3,3
2885,65,80,-15,15
2886,117,120,-3,3
2887,143,138,5,5
2888,65,56,9,9
2889,80,84,-4,4
2890,111,117,-6,6
2891,116,117,-1,1
2892,80,153,-73,73
2893,89,99,-10,10
2894,181,167,14,14
2895,95,87,8,8
2896,81,78,3,3
2897,172,149,23,23
2898,137,136,1,1
2899,83,82,1,1
2900,98,101,-3,3
2901,131,125,6,6
2902,75,74,1,1
2903,160,137,23,23
2904,115,103,12,12
2905,124,143,-19,19
2906,121,111,10,10
2907,113,105,8,8
2908,116,106,10,10
2909,62,62,0,0
2910,94,90,4,4
2911,92,86,6,6
2912,144,135,9,9
2913,37,73,-36,36
2914,65,78,-13,13
2915,159,157,2,2
2916,76,68,8,8
2917,116,123,-7,7
2918,79,86,-7,7
2919,89,114,-25,25
2920,79,73,6,6
2921,100,112,-12,12
2922,92,82,10,10
2923,90,85,5,5
2924,53,66,-13,13
2925,97,106,-9,9
2926,148,144,4,4
2927,104,106,-2,2
2928,57,63,-6,6
2929,71,78,-7,7
2930,116,129,-13,13
2931,191,186,5,5
2932,122,116,6,6
2933,60,62,-2,2
2934,125,166,-41,41
2935,69,87,-18,18
2936,98,92,6,6
2937,131,124,7,7
2938,105,111,-6,6
2939,103,96,7,7
2940,60,71,-11,11
2941,67,65,2,2
2942,118,113,5,5
2943,58,82,-24,24
2944,76,75,1,1
2945,109,103,6,6
2946,72,70,2,2
2947,87,83,4,4
2948,57,63,-6,6
2949,85,87,-2,2
2950,78,81,-3,3
2951,88,80,8,8
2952,75,74,1,1
2953,124,122,2,2
2954,84,95,-11,11
2955,112,107,5,5
2956,98,94,4,4
2957,152,144,8,8
2958,54,53,1,1
2959,121,125,-4,4
2960,164,174,-10,10
2961,58,64,-6,6
2962,164,172,-8,8
2963,47,52,-5,5
2964,163,163,0,0
2965,104,93,11,11
2966,66,77,-11,11
2967,111,106,5,5
2968,60,65,-5,5
2969,45,44,1,1
2970,98,72,26,26
2971,129,124,5,5
2972,94,96,-2,2
2973,100,94,6,6
2974,88,91,-3,3
2975,79,80,-1,1
2976,73,82,-9,9
2977,125,130,-5,5
2978,91,85,6,6
2979,102,109,-7,7
2980,137,121,16,16
2981,186,176,10,10
2982,67,62,5,5
2983,59,68,-9,9
2984,36,57,-21,21
2985,128,126,2,2
2986,80,77,3,3
2987,102,123,-21,21
2988,137,105,32,32
2989,58,72,-14,14
2990,94,105,-11,11
2991,90,82,8,8
2992,110,101,9,9
2993,101,114,-13,13
2994,78,86,-8,8
2995,121,105,16,16
2996,87,80,7,7
2997,81,89,-8,8
2998,70,70,0,0
2999,142,132,10,10
3000,93,88,5,5
3001,98,90,8,8
3002,125,130,-5,5
3003,65,64,1,1
3004,126,145,-19,19
3005,77,83,-6,6
3006,79,86,-7,7
3007,85,93,-8,8
3008,65,79,-14,14
3009,74,77,-3,3
3010,124,141,-17,17
3011,112,106,6,6
3012,99,102,-3,3
3013,73,63,10,10
3014,97,104,-7,7
3015,73,70,3,3
3016,58,74,-16,16
3017,172,160,12,12
3018,91,94,-3,3
3019,67,61,6,6
3020,100,100,0,0
3021,110,112,-2,2
3022,58,62,-4,4
3023,96,96,0,0
3024,69,70,-1,1
3025,91,97,-6,6
3026,64,59,5,5
3027,71,63,8,8
3028,49,61,-12,12
3029,88,99,-11,11
3030,147,116,31,31
3031,71,67,4,4
3032,117,111,6,6
3033,89,99,-10,10
3034,95,86,9,9
3035,78,89,-11,11
3036,82,95,-13,13
3037,72,81,-9,9
3038,137,127,10,10
3039,122,141,-19,19
3040,115,112,3,3
3041,120,112,8,8
3042,119,108,11,11
3043,84,75,9,9
3044,88,78,10,10
3045,60,57,3,3
3046,115,117,-2,2
3047,81,76,5,5
3048,136,150,-14,14
3049,85,95,-10,10
3050,100,103,-3,3
3051,118,123,-5,5
3052,109,109,0,0
3053,61,72,-11,11
3054,105,103,2,2
3055,206,169,37,37
3056,112,113,-1,1
3057,83,85,-2,2
3058,181,159,22,22
3059,151,142,9,9
3060,104,102,2,2
3061,83,96,-13,13
3062,109,101,8,8
3063,62,66,-4,4
3064,76,75,1,1
3065,86,90,-4,4
3066,127,110,17,17
3067,83,78,5,5
3068,122,100,22,22
3069,103,112,-9,9
3070,107,104,3,3
3071,94,94,0,0
3072,103,94,9,9
3073,72,66,6,6
3074,66,72,-6,6
3075,70,92,-22,22
3076,54,58,-4,4
3077,57,73,-16,16
3078,165,171,-6,6
3079,125,116,9,9
3080,125,125,0,0
3081,92,94,-2,2
3082,53,52,1,1
3083,106,124,-18,18
3084,95,97,-2,2
3085,94,81,13,13
3086,72,88,-16,16
3087,78,79,-1,1
3088,113,104,9,9
3089,106,98,8,8
3090,101,93,8,8
3091,102,109,-7,7
3092,95,94,1,1
3093,69,85,-16,16
3094,74,64,10,10
3095,104,95,9,9
3096,78,84,-6,6
3097,86,92,-6,6
3098,41,53,-12,12
3099,86,82,4,4
3100,80,75,5,5
3101,182,149,33,33
3102,83,86,-3,3
3103,65,59,6,6
3104,81,74,7,7
3105,159,150,9,9
3106,103,104,-1,1
3107,102,93,9,9
3108,60,47,13,13
3109,142,144,-2,2
3110,62,67,-5,5
3111,129,122,7,7
3112,79,82,-3,3
3113,87,92,-5,5
3114,127,112,15,15
3115,56,62,-6,6
3116,94,109,-15,15
3117,90,86,4,4
3118,62,70,-8,8
3119,60,66,-6,6
3120,110,139,-29,29
3121,98,103,-5,5
3122,58,57,1,1
3123,88,91,-3,3
3124,35,29,6,6
3125,138,142,-4,4
3126,73,91,-18,18
3127,99,79,20,20
3128,87,80,7,7
3129,69,75,-6,6
3130,102,97,5,5
3131,89,107,-18,18
3132,106,90,16,16
3133,116,113,3,3
3134,69,67,2,2
3135,75,78,-3,3
3136,91,82,9,9
3137,67,68,-1,1
3138,133,145,-12,12
3139,76,91,-15,15
3140,103,104,-1,1
3141,71,66,5,5
3142,135,130,5,5
3143,99,107,-8,8
3144,104,103,1,1
3145,146,117,29,29
3146,57,35,22,22
3147,108,132,-24,24
3148,82,63,19,19
3149,106,100,6,6
3150,110,104,6,6
3151,98,100,-2,2
3152,62,56,6,6
3153,102,102,0,0
3154,130,131,-1,1
3155,108,112,-4,4
3156,61,65,-4,4
3157,73,92,-19,19
3158,54,65,-11,11
3159,63,57,6,6
3160,140,132,8,8
3161,47,110,-63,63
3162,68,88,-20,20
3163,134,123,11,11
3164,106,106,0,0
3165,72,90,-18,18
3166,107,105,2,2
3167,107,105,2,2
3168,53,51,2,2
3169,112,101,11,11
3170,124,113,11,11
3171,103,104,-1,1
3172,76,84,-8,8
3173,103,97,6,6
3174,92,111,-19,19
3175,40,49,-9,9
3176,79,87,-8,8
3177,83,90,-7,7
3178,77,84,-7,7
3179,75,70,5,5
3180,63,54,9,9
3181,134,140,-6,6
3182,66,79,-13,13
3183,173,169,4,4
3184,100,102,-2,2
3185,119,107,12,12
3186,143,134,9,9
3187,61,71,-10,10
3188,59,75,-16,16
3189,91,98,-7,7
3190,61,59,2,2
3191,127,130,-3,3
3192,164,157,7,7
3193,81,72,9,9
3194,136,118,18,18
3195,73,79,-6,6
3196,72,75,-3,3
3197,82,74,8,8
3198,79,76,3,3
3199,70,75,-5,5
3200,95,94,1,1
3201,63,57,6,6
3202,67,47,20,20
3203,127,128,-1,1
3204,107,101,6,6
3205,58,64,-6,6
3206,91,95,-4,4
3207,60,59,1,1
3208,94,104,-10,10
3209,90,77,13,13
3210,49,27,22,22
3211,94,105,-11,11
3212,68,58,10,10
3213,86,80,6,6
3214,107,97,10,10
3215,54,31,23,23
3216,88,82,6,6
3217,69,71,-2,2
3218,85,86,-1,1
3219,99,89,10,10
3220,116,130,-14,14
3221,113,113,0,0
3222,42,57,-15,15
3223,36,38,-2,2
3224,52,65,-13,13
3225,88,82,6,6
3226,62,67,-5,5
3227,87,86,1,1
3228,97,111,-14,14
3229,94,93,1,1
3230,113,111,2,2
3231,168,164,4,4
3232,107,96,11,11
3233,130,116,14,14
3234,169,174,-5,5
3235,84,99,-15,15
3236,151,138,13,13
3237,75,66,9,9
3238,73,70,3,3
3239,64,77,-13,13
3240,144,145,-1,1
3241,86,81,5,5
3242,91,92,-1,1
3243,76,68,8,8
3244,112,120,-8,8
3245,46,45,1,1
3246,51,62,-11,11
3247,116,115,1,1
3248,106,114,-8,8
3249,63,78,-15,15
3250,115,113,2,2
3251,151,165,-14,14
3252,70,61,9,9
3253,153,153,0,0
3254,66,85,-19,19
3255,95,99,-4,4
3256,71,93,-22,22
3257,75,56,19,19
3258,83,73,10,10
3259,75,79,-4,4
3260,111,91,20,20
3261,95,97,-2,2
3262,133,117,16,16
3263,56,50,6,6
3264,42,46,-4,4
3265,61,62,-1,1
3266,72,76,-4,4
3267,60,57,3,3
3268,95,90,5,5
3269,115,128,-13,13
3270,101,104,-3,3
3271,65,64,1,1
3272,100,106,-6,6
3273,69,84,-15,15
3274,81,72,9,9
3275,82,83,-1,1
3276,107,106,1,1
3277,112,109,3,3
3278,99,88,11,11
3279,75,68,7,7
3280,161,145,16,16
3281,76,70,6,6
3282,142,140,2,2
3283,111,114,-3,3
3284,78,85,-7,7
3285,137,132,5,5
3286,40,38,2,2
3287,65,63,2,2
3288,88,85,3,3
3289,103,92,11,11
3290,143,166,-23,23
3291,37,52,-15,15
3292,65,64,1,1
3293,90,88,2,2
3294,97,94,3,3
3295,107,103,4,4
3296,104,117,-13,13
3297,151,132,19,19
3298,98,102,-4,4
3299,91,94,-3,3
3300,90,85,5,5
3301,79,85,-6,6
3302,62,56,6,6
3303,83,86,-3,3
3304,102,110,-8,8
3305,92,102,-10,10
3306,48,59,-11,11
3307,103,117,-14,14
3308,65,53,12,12
3309,84,87,-3,3
3310,57,52,5,5
3311,108,111,-3,3
3312,80,79,1,1
3313,66,82,-16,16
3314,106,111,-5,5
3315,52,63,-11,11
3316,107,123,-16,16
3317,107,86,21,21
3318,57,55,2,2
3319,137,129,8,8
3320,69,66,3,3
3321,90,92,-2,2
3322,65,68,-3,3
3323,49,50,-1,1
3324,153,143,10,10
3325,119,105,14,14
3326,75,74,1,1
3327,160,149,11,11
3328,140,142,-2,2
3329,146,156,-10,10
3330,104,83,21,21
3331,94,92,2,2
3332,60,64,-4,4
3333,118,109,9,9
3334,71,72,-1,1
3335,66,66,0,0
3336,183,155,28,28
3337,103,86,17,17
3338,119,110,9,9
3339,107,118,-11,11
3340,92,90,2,2
3341,89,98,-9,9
3342,116,105,11,11
3343,84,76,8,8
3344,118,124,-6,6
3345,52,54,-2,2
3346,75,75,0,0
3347,163,159,4,4
3348,96,100,-4,4
3349,104,108,-4,4
3350,135,144,-9,9
3351,78,69,9,9
3352,127,120,7,7
3353,96,87,9,9
3354,123,121,2,2
3355,119,101,18,18
3356,83,93,-10,10
3357,107,111,-4,4
3358,96,90,6,6
3359,105,115,-10,10
3360,142,136,6,6
3361,67,67,0,0
3362,67,89,-22,22
3363,126,126,0,0
3364,59,81,-22,22
3365,59,54,5,5
3366,74,71,3,3
3367,87,92,-5,5
3368,69,70,-1,1
3369,66,66,0,0
3370,117,104,13,13
3371,186,169,17,17
3372,63,64,-1,1
3373,125,125,0,0
3374,87,80,7,7
3375,97,97,0,0
3376,96,94,2,2
3377,49,46,3,3
3378,105,115,-10,10
3379,48,48,0,0
3380,111,99,12,12
3381,98,108,-10,10
3382,123,100,23,23
3383,74,73,1,1
3384,55,54,1,1
3385,124,127,-3,3
3386,151,152,-1,1
3387,54,50,4,4
3388,44,42,2,2
3389,78,90,-12,12
3390,141,135,6,6
3391,85,92,-7,7
3392,40,46,-6,6
3393,77,81,-4,4
3394,104,96,8,8
3395,71,57,14,14
3396,94,101,-7,7
3397,98,104,-6,6
3398,56,56,0,0
3399,64,70,-6,6
3400,107,108,-1,1
3401,58,57,1,1
3402,40,43,-3,3
3403,107,87,20,20
3404,110,105,5,5
3405,124,116,8,8
3406,100,96,4,4
3407,88,91,-3,3
3408,131,114,17,17
3409,93,87,6,6
3410,134,146,-12,12
3411,81,93,-12,12
3412,81,90,-9,9
3413,84,98,-14,14
3414,86,81,5,5
3415,152,152,0,0
3416,64,62,2,2
3417,73,78,-5,5
3418,118,132,-14,14
3419,73,70,3,3
3420,88,86,2,2
3421,112,125,-13,13
3422,141,141,0,0
3423,150,154,-4,4
3424,105,103,2,2
3425,163,150,13,13
3426,29,45,-16,16
3427,94,90,4,4
3428,67,72,-5,5
3429,98,121,-23,23
3430,89,86,3,3
3431,106,107,-1,1
3432,100,103,-3,3
3433,107,109,-2,2
3434,64,70,-6,6
3435,45,53,-8,8
3436,77,88,-11,11
3437,144,116,28,28
3438,103,107,-4,4
3439,67,122,-55,55
3440,38,33,5,5
3441,116,108,8,8
3442,102,102,0,0
3443,119,112,7,7
3444,88,88,0,0
3445,111,105,6,6
3446,48,55,-7,7
3447,131,106,25,25
3448,86,76,10,10
3449,76,73,3,3
3450,80,87,-7,7
3451,99,102,-3,3
3452,132,131,1,1
3453,91,109,-18,18
3454,105,103,2,2
3455,159,156,3,3
3456,117,109,8,8
3457,142,145,-3,3
3458,69,61,8,8
3459,79,47,32,32
3460,134,143,-9,9
3461,101,96,5,5
3462,94,103,-9,9
3463,97,118,-21,21
3464,112,99,13,13
3465,70,68,2,2
3466,139,143,-4,4
3467,120,117,3,3
3468,93,101,-8,8
3469,70,71,-1,1
3470,77,77,0,0
3471,91,88,3,3
3472,57,60,-3,3
3473,75,90,-15,15
3474,64,55,9,9
3475,88,98,-10,10
3476,90,95,-5,5
3477,82,89,-7,7
3478,54,61,-7,7
3479,101,96,5,5
3480,102,108,-6,6
3481,92,93,-1,1
3482,77,73,4,4
3483,76,72,4,4
3484,109,120,-11,11
3485,48,58,-10,10
3486,86,85,1,1
3487,91,94,-3,3
3488,60,62,-2,2
3489,117,111,6,6
3490,121,122,-1,1
3491,129,140,-11,11
3492,90,100,-10,10
3493,106,82,24,24
3494,80,84,-4,4
3495,129,119,10,10
3496,65,63,2,2
3497,48,50,-2,2
3498,104,102,2,2
3499,72,63,9,9
3500,69,68,1,1
3501,115,117,-2,2
3502,147,154,-7,7
3503,83,92,-9,9
3504,96,95,1,1
3505,83,78,5,5
3506,106,97,9,9
3507,83,84,-1,1
3508,94,81,13,13
3509,101,78,23,23
3510,112,128,-16,16
3511,56,69,-13,13
3512,106,106,0,0
3513,93,86,7,7
3514,83,94,-11,11
3515,60,55,5,5
3516,116,105,11,11
3517,127,111,16,16
3518,65,67,-2,2
3519,134,133,1,1
3520,45,54,-9,9
3521,74,75,-1,1
3522,107,105,2,2
3523,97,104,-7,7
3524,145,127,18,18
3525,101,103,-2,2
3526,104,68,36,36
3527,90,84,6,6
3528,98,110,-12,12
3529,107,111,-4,4
3530,66,64,2,2
3531,76,81,-5,5
3532,39,33,6,6
3533,89,86,3,3
3534,47,49,-2,2
3535,68,72,-4,4
3536,47,45,2,2
3537,194,164,30,30
3538,107,110,-3,3
3539,155,143,12,12
3540,163,157,6,6
3541,93,74,19,19
3542,124,114,10,10
3543,28,32,-4,4
3544,101,99,2,2
3545,70,75,-5,5
3546,61,65,-4,4
3547,92,92,0,0
3548,78,89,-11,11
3549,51,62,-11,11
3550,99,93,6,6
3551,95,95,0,0
3552,137,136,1,1
3553,90,84,6,6
3554,84,85,-1,1
3555,72,78,-6,6
3556,83,86,-3,3
3557,94,102,-8,8
3558,86,86,0,0
3559,86,70,16,16
3560,87,97,-10,10
3561,104,112,-8,8
3562,58,59,-1,1
3563,50,62,-12,12
3564,44,47,-3,3
3565,83,87,-4,4
3566,97,101,-4,4
3567,146,134,12,12
3568,147,141,6,6
3569,107,103,4,4
3570,117,101,16,16
3571,152,159,-7,7
3572,130,128,2,2
3573,157,163,-6,6
3574,268,262,6,6
3575,90,81,9,9
3576,101,99,2,2
3577,73,75,-2,2
3578,120,133,-13,13
3579,86,91,-5,5
3580,144,118,26,26
3581,97,93,4,4
3582,93,85,8,8
3583,49,47,2,2
3584,97,96,1,1
3585,99,94,5,5
3586,63,61,2,2
3587,135,133,2,2
3588,66,63,3,3
3589,71,78,-7,7
3590,74,67,7,7
3591,160,152,8,8
3592,52,55,-3,3
3593,84,75,9,9
3594,127,141,-14,14
3595,82,84,-2,2
3596,80,86,-6,6
3597,108,103,5,5
3598,104,112,-8,8
3599,106,94,12,12
3600,154,157,-3,3
3601,54,63,-9,9
3602,91,101,-10,10
3603,115,134,-19,19
3604,98,101,-3,3
3605,117,99,18,18
3606,46,54,-8,8
3607,93,94,-1,1
3608,50,58,-8,8
3609,110,178,-68,68
3610,101,102,-1,1
3611,121,135,-14,14
3612,129,133,-4,4
3613,123,110,13,13
3614,55,66,-11,11
3615,97,79,18,18
3616,102,93,9,9
3617,127,133,-6,6
3618,66,62,4,4
3619,75,70,5,5
3620,125,128,-3,3
3621,75,64,11,11
3622,137,147,-10,10
3623,76,82,-6,6
3624,80,74,6,6
3625,93,100,-7,7
3626,213,188,25,25
3627,73,59,14,14
3628,99,99,0,0
3629,152,142,10,10
3630,110,115,-5,5
3631,53,58,-5,5
3632,83,70,13,13
3633,94,98,-4,4
3634,60,58,2,2
3635,150,140,10,10
3636,146,137,9,9
3637,156,161,-5,5
3638,99,93,6,6
3639,66,61,5,5
3640,85,74,11,11
3641,68,87,-19,19
3642,174,152,22,22
3643,112,99,13,13
3644,102,107,-5,5
3645,96,102,-6,6
3646,123,114,9,9
3647,62,80,-18,18
3648,42,48,-6,6
3649,84,86,-2,2
3650,99,112,-13,13
3651,96,99,-3,3
3652,94,91,3,3
3653,88,86,2,2
3654,113,109,4,4
3655,136,140,-4,4
3656,51,58,-7,7
3657,82,82,0,0
3658,103,101,2,2
3659,109,97,12,12
3660,39,39,0,0
3661,66,69,-3,3
3662,68,73,-5,5
3663,97,94,3,3
3664,85,80,5,5
3665,123,115,8,8
3666,134,135,-1,1
3667,171,165,6,6
3668,88,92,-4,4
3669,83,74,9,9
3670,52,60,-8,8
3671,90,84,6,6
3672,75,69,6,6
3673,80,81,-1,1
3674,85,85,0,0
3675,113,116,-3,3
3676,85,82,3,3
3677,124,106,18,18
3678,126,124,2,2
3679,136,115,21,21
3680,111,105,6,6
3681,122,112,10,10
3682,84,79,5,5
3683,53,25,28,28
3684,83,83,0,0
3685,132,135,-3,3
3686,133,135,-2,2
3687,96,86,10,10
3688,53,51,2,2
3689,87,97,-10,10
3690,63,57,6,6
3691,92,91,1,1
3692,73,81,-8,8
3693,142,119,23,23
3694,93,68,25,25
3695,69,77,-8,8
3696,59,59,0,0
3697,120,130,-10,10
3698,52,66,-14,14
3699,50,63,-13,13
3700,80,84,-4,4
3701,68,76,-8,8
3702,73,63,10,10
3703,245,203,42,42
3704,147,146,1,1
3705,75,68,7,7
3706,59,67,-8,8
3707,84,76,8,8
3708,92,91,1,1
3709,146,139,7,7
3710,183,180,3,3
3711,64,67,-3,3
3712,101,93,8,8
3713,102,108,-6,6
3714,117,109,8,8
3715,178,179,-1,1
3716,143,143,0,0
3717,68,72,-4,4
3718,90,78,12,12
3719,48,47,1,1
3720,74,75,-1,1
3721,63,65,-2,2
3722,74,83,-9,9
3723,83,82,1,1
3724,89,95,-6,6
3725,112,105,7,7
3726,89,98,-9,9
3727,71,61,10,10
3728,72,69,3,3
3729,66,64,2,2
3730,173,174,-1,1
3731,139,135,4,4
3732,94,106,-12,12
3733,48,57,-9,9
3734,102,103,-1,1
3735,69,81,-12,12
3736,67,66,1,1
3737,91,94,-3,3
3738,109,109,0,0
3739,39,40,-1,1
3740,146,127,19,19
3741,103,111,-8,8
3742,149,156,-7,7
3743,78,67,11,11
3744,78,85,-7,7
3745,76,64,12,12
3746,81,80,1,1
3747,155,151,4,4
3748,76,79,-3,3
3749,113,107,6,6
3750,87,80,7,7
3751,81,69,12,12
3752,82,95,-13,13
3753,107,109,-2,2
3754,148,145,3,3
3755,57,81,-24,24
3756,73,68,5,5
3757,112,95,17,17
3758,48,51,-3,3
3759,77,95,-18,18
3760,142,119,23,23
3761,142,122,20,20
3762,122,129,-7,7
3763,67,66,1,1
3764,132,126,6,6
3765,134,133,1,1
3766,96,79,17,17
3767,70,76,-6,6
3768,84,89,-5,5
3769,108,99,9,9
3770,159,134,25,25
3771,114,113,1,1
3772,71,75,-4,4
3773,88,92,-4,4
3774,95,86,9,9
3775,36,56,-20,20
3776,99,93,6,6
3777,54,66,-12,12
3778,148,159,-11,11
3779,75,79,-4,4
3780,64,70,-6,6
3781,170,160,10,10
3782,176,167,9,9
3783,143,124,19,19
3784,108,100,8,8
3785,94,183,-89,89
3786,102,119,-17,17
3787,92,104,-12,12
3788,132,136,-4,4
3789,84,89,-5,5
3790,152,151,1,1
3791,94,90,4,4
3792,103,106,-3,3
3793,122,121,1,1
3794,79,83,-4,4
3795,81,78,3,3
3796,81,86,-5,5
3797,65,72,-7,7
3798,90,73,17,17
3799,85,81,4,4
3800,74,70,4,4
3801,110,99,11,11
3802,62,56,6,6
3803,132,130,2,2
3804,94,105,-11,11
3805,77,79,-2,2
3806,69,80,-11,11
3807,90,85,5,5
3808,58,54,4,4
3809,101,104,-3,3
3810,72,74,-2,2
3811,49,67,-18,18
3812,120,117,3,3
3813,60,70,-10,10
3814,140,147,-7,7
3815,53,50,3,3
3816,66,72,-6,6
3817,60,63,-3,3
3818,103,104,-1,1
3819,92,98,-6,6
3820,158,134,24,24
3821,71,114,-43,43
3822,73,76,-3,3
3823,66,66,0,0
3824,149,165,-16,16
3825,146,133,13,13
3826,68,58,10,10
3827,108,110,-2,2
3828,54,60,-6,6
3829,70,78,-8,8
3830,98,99,-1,1
3831,112,108,4,4
3832,64,60,4,4
3833,96,100,-4,4
3834,124,125,-1,1
3835,73,86,-13,13
3836,75,74,1,1
3837,97,107,-10,10
3838,100,103,-3,3
3839,153,150,3,3
3840,145,149,-4,4
3841,98,93,5,5
3842,114,105,9,9
3843,111,95,16,16
3844,68,69,-1,1
3845,60,58,2,2
3846,87,93,-6,6
3847,74,59,15,15
3848,54,67,-13,13
3849,77,72,5,5
3850,63,63,0,0
3851,120,108,12,12
3852,107,98,9,9
3853,75,75,0,0
3854,96,100,-4,4
3855,50,42,8,8
3856,152,148,4,4
3857,133,118,15,15
3858,140,148,-8,8
3859,63,56,7,7
3860,82,92,-10,10
3861,101,113,-12,12
3862,78,77,1,1
3863,101,95,6,6
3864,74,69,5,5
3865,104,109,-5,5
3866,97,98,-1,1
3867,55,65,-10,10
3868,166,162,4,4
3869,110,85,25,25
3870,76,99,-23,23
3871,81,83,-2,2
3872,128,122,6,6
3873,108,110,-2,2
3874,68,68,0,0
3875,86,93,-7,7
3876,79,84,-5,5
3877,65,68,-3,3
3878,148,154,-6,6
3879,165,151,14,14
3880,96,105,-9,9
3881,61,67,-6,6
3882,86,72,14,14
3883,65,60,5,5
3884,124,137,-13,13
3885,94,102,-8,8
3886,55,51,4,4
3887,71,71,0,0
3888,132,115,17,17
3889,55,62,-7,7
3890,97,108,-11,11
3891,96,98,-2,2
3892,101,99,2,2
3893,100,93,7,7
3894,78,68,10,10
3895,132,121,11,11
3896,73,84,-11,11
3897,93,76,17,17
3898,51,46,5,5
3899,136,123,13,13
3900,80,69,11,11
3901,159,137,22,22
3902,151,139,12,12
3903,64,62,2,2
3904,75,87,-12,12
3905,151,132,19,19
3906,72,85,-13,13
3907,113,93,20,20
3908,88,98,-10,10
3909,93,84,9,9
3910,62,72,-10,10
3911,59,76,-17,17
3912,104,110,-6,6
3913,133,137,-4,4
3914,66,74,-8,8
3915,90,95,-5,5
3916,98,86,12,12
3917,181,139,42,42
3918,68,62,6,6
3919,81,71,10,10
3920,148,142,6,6
3921,92,85,7,7
3922,109,106,3,3
3923,176,168,8,8
3924,236,225,11,11
3925,112,105,7,7
3926,74,73,1,1
3927,82,71,11,11
3928,78,81,-3,3
3929,83,79,4,4
3930,89,96,-7,7
3931,95,99,-4,4
3932,177,170,7,7
3933,53,68,-15,15
3934,94,97,-3,3
3935,104,105,-1,1
3936,63,74,-11,11
3937,94,91,3,3
3938,95,90,5,5
3939,122,110,12,12
3940,135,137,-2,2
3941,170,155,15,15
3942,104,116,-12,12
3943,153,151,2,2
3944,70,98,-28,28
3945,124,114,10,10
3946,81,79,2,2
3947,143,137,6,6
3948,86,98,-12,12
3949,87,89,-2,2
3950,92,93,-1,1
3951,111,99,12,12
3952,73,86,-13,13
3953,83,80,3,3
3954,117,106,11,11
3955,92,84,8,8
3956,70,88,-18,18
3957,107,96,11,11
3958,62,65,-3,3
3959,96,90,6,6
3960,93,85,8,8
3961,50,43,7,7
3962,61,58,3,3
3963,118,118,0,0
3964,117,120,-3,3
3965,116,111,5,5
3966,183,156,27,27
3967,56,67,-11,11
3968,67,60,7,7
3969,81,73,8,8
3970,117,113,4,4
3971,98,90,8,8
3972,63,55,8,8
3973,62,77,-15,15
3974,84,93,-9,9
3975,156,144,12,12
3976,105,103,2,2
3977,89,78,11,11
3978,132,129,3,3
3979,106,109,-3,3
3980,111,122,-11,11
3981,150,144,6,6
3982,95,90,5,5
3983,20,35,-15,15
3984,99,99,0,0
3985,103,107,-4,4
3986,73,87,-14,14
3987,83,42,41,41
3988,69,81,-12,12
3989,130,115,15,15
3990,106,99,7,7
3991,104,101,3,3
3992,125,134,-9,9
3993,121,92,29,29
3994,190,204,-14,14
3995,116,120,-4,4
3996,87,98,-11,11
3997,71,84,-13,13
3998,71,78,-7,7
3999,146,143,3,3
4000,97,97,0,0
4001,98,102,-4,4
4002,127,126,1,1
4003,74,78,-4,4
4004,47,27,20,20
4005,92,87,5,5
4006,82,70,12,12
4007,118,110,8,8
4008,137,120,17,17
4009,101,100,1,1
4010,51,55,-4,4
4011,88,103,-15,15
4012,177,154,23,23
4013,82,80,2,2
4014,90,105,-15,15
4015,99,96,3,3
4016,83,97,-14,14
4017,104,111,-7,7
4018,83,75,8,8
4019,57,58,-1,1
4020,155,148,7,7
4021,107,98,9,9
4022,72,74,-2,2
4023,72,56,16,16
4024,102,99,3,3
4025,90,84,6,6
4026,111,101,10,10
4027,123,118,5,5
4028,46,55,-9,9
4029,81,81,0,0
4030,95,85,10,10
4031,125,120,5,5
4032,105,99,6,6
4033,74,78,-4,4
4034,166,153,13,13
4035,96,89,7,7
4036,70,45,25,25
4037,56,19,37,37
4038,66,69,-3,3
4039,85,79,6,6
4040,46,44,2,2
4041,47,45,2,2
4042,68,75,-7,7
4043,130,138,-8,8
4044,141,133,8,8
4045,95,93,2,2
4046,111,101,10,10
4047,50,55,-5,5
4048,111,113,-2,2
4049,100,110,-10,10
4050,72,65,7,7
4051,80,101,-21,21
4052,120,107,13,13
4053,180,160,20,20
4054,39,40,-1,1
4055,103,118,-15,15
4056,95,91,4,4
4057,146,156,-10,10
4058,110,99,11,11
4059,48,51,-3,3
4060,83,107,-24,24
4061,66,81,-15,15
4062,86,91,-5,5
4063,79,77,2,2
4064,113,111,2,2
4065,114,113,1,1
4066,86,81,5,5
4067,165,170,-5,5
4068,69,81,-12,12
4069,124,119,5,5
4070,103,116,-13,13
4071,76,78,-2,2
4072,118,120,-2,2
4073,157,139,18,18
4074,107,104,3,3
4075,170,158,12,12
4076,58,56,2,2
4077,59,70,-11,11
4078,124,113,11,11
4079,142,118,24,24
4080,105,122,-17,17
4081,116,120,-4,4
4082,140,121,19,19
4083,92,91,1,1
4084,130,132,-2,2
4085,113,112,1,1
4086,129,140,-11,11
4087,73,92,-19,19
4088,100,103,-3,3
4089,87,94,-7,7
4090,75,65,10,10
4091,87,96,-9,9
4092,113,106,7,7
4093,64,77,-13,13
4094,83,84,-1,1
4095,75,72,3,3
4096,124,128,-4,4
4097,87,95,-8,8
4098,63,74,-11,11
4099,78,72,6,6
4100,86,94,-8,8
4101,104,114,-10,10
4102,95,98,-3,3
4103,119,124,-5,5
4104,99,112,-13,13
4105,54,72,-18,18
4106,73,76,-3,3
4107,71,70,1,1
4108,83,89,-6,6
4109,182,159,23,23
4110,74,89,-15,15
4111,133,126,7,7
4112,80,71,9,9
4113,98,102,-4,4
4114,98,96,2,2
4115,96,98,-2,2
4116,84,69,15,15
4117,199,199,0,0
4118,153,149,4,4
4119,121,129,-8,8
4120,104,123,-19,19
4121,79,80,-1,1
4122,109,85,24,24
4123,74,90,-16,16
4124,48,51,-3,3
4125,127,132,-5,5
4126,77,93,-16,16
4127,57,63,-6,6
4128,88,77,11,11
4129,76,62,14,14
4130,120,119,1,1
4131,86,88,-2,2
4132,62,77,-15,15
4133,60,62,-2,2
4134,83,87,-4,4
4135,90,87,3,3
4136,69,85,-16,16
4137,65,69,-4,4
4138,97,103,-6,6
4139,107,98,9,9
4140,131,139,-8,8
4141,118,114,4,4
4142,107,155,-48,48
4143,72,90,-18,18
4144,153,144,9,9
4145,83,83,0,0
4146,55,61,-6,6
4147,106,107,-1,1
4148,97,108,-11,11
4149,176,163,13,13
4150,139,137,2,2
4151,84,94,-10,10
4152,112,108,4,4
4153,58,64,-6,6
4154,119,112,7,7
4155,75,77,-2,2
4156,155,138,17,17
4157,71,60,11,11
4158,150,131,19,19
4159,94,95,-1,1
4160,54,59,-5,5
4161,70,76,-6,6
4162,125,123,2,2
4163,36,36,0,0
4164,78,76,2,2
4165,96,91,5,5
4166,100,93,7,7
4167,106,109,-3,3
4168,129,105,24,24
4169,39,42,-3,3
4170,44,44,0,0
4171,97,93,4,4
4172,80,81,-1,1
4173,52,45,7,7
4174,102,97,5,5
4175,101,98,3,3
4176,90,106,-16,16
4177,151,168,-17,17
4178,82,86,-4,4
4179,117,106,11,11
4180,63,56,7,7
4181,135,139,-4,4
4182,71,76,-5,5
4183,96,109,-13,13
4184,123,123,0,0
4185,75,80,-5,5
4186,60,66,-6,6
4187,103,99,4,4
4188,59,57,2,2
4189,116,140,-24,24
4190,92,93,-1,1
4191,76,63,13,13
4192,53,46,7,7
4193,107,114,-7,7
4194,70,67,3,3
4195,101,105,-4,4
4196,88,89,-1,1
4197,84,93,-9,9
4198,26,42,-16,16
4199,107,106,1,1
4200,121,130,-9,9
4201,66,65,1,1
4202,75,81,-6,6
4203,140,144,-4,4
4204,87,81,6,6
4205,57,50,7,7
4206,100,95,5,5
4207,183,163,20,20
4208,131,156,-25,25
4209,98,123,-25,25
4210,70,69,1,1
4211,80,80,0,0
4212,112,117,-5,5
4213,164,168,-4,4
4214,112,110,2,2
4215,49,50,-1,1
4216,69,72,-3,3
4217,64,77,-13,13
4218,78,88,-10,10
4219,116,124,-8,8
4220,113,100,13,13
4221,123,129,-6,6
4222,101,109,-8,8
4223,100,104,-4,4
4224,84,93,-9,9
4225,114,100,14,14
4226,109,116,-7,7
4227,52,47,5,5
4228,115,103,12,12
4229,106,106,0,0
4230,93,92,1,1
4231,69,83,-14,14
4232,149,135,14,14
4233,87,90,-3,3
4234,103,101,2,2
4235,106,103,3,3
4236,76,91,-15,15
4237,124,126,-2,2
4238,115,117,-2,2
4239,82,74,8,8
4240,152,153,-1,1
4241,138,137,1,1
4242,196,176,20,20
4243,133,109,24,24
4244,146,133,13,13
4245,105,107,-2,2
4246,92,100,-8,8
4247,71,87,-16,16
4248,97,101,-4,4
4249,70,70,0,0
4250,107,115,-8,8
4251,80,81,-1,1
4252,63,64,-1,1
4253,75,84,-9,9
4254,75,81,-6,6
4255,75,85,-10,10
4256,104,93,11,11
4257,152,127,25,25
4258,71,64,7,7
4259,107,102,5,5
4260,161,158,3,3
4261,71,71,0,0
4262,91,83,8,8
4263,98,97,1,1
4264,108,102,6,6
4265,78,66,12,12
4266,116,125,-9,9
4267,108,102,6,6
4268,81,96,-15,15
4269,65,69,-4,4
4270,111,116,-5,5
4271,70,63,7,7
4272,55,57,-2,2
4273,102,94,8,8
4274,102,102,0,0
4275,56,61,-5,5
4276,100,94,6,6
4277,47,44,3,3
4278,145,138,7,7
4279,108,99,9,9
4280,143,142,1,1
4281,123,120,3,3
4282,172,166,6,6
4283,60,66,-6,6
4284,105,97,8,8
4285,46,39,7,7
4286,80,60,20,20
4287,114,118,-4,4
4288,189,204,-15,15
4289,82,74,8,8
4290,126,127,-1,1
4291,157,144,13,13
4292,147,172,-25,25
4293,27,74,-47,47
4294,79,71,8,8
4295,75,68,7,7
4296,65,55,10,10
4297,68,61,7,7
4298,126,115,11,11
4299,133,151,-18,18
4300,101,90,11,11
4301,80,81,-1,1
4302,103,97,6,6
4303,95,96,-1,1
4304,103,104,-1,1
4305,113,102,11,11
4306,42,37,5,5
4307,85,95,-10,10
4308,82,77,5,5
4309,104,110,-6,6
4310,85,80,5,5
4311,107,97,10,10
4312,78,84,-6,6
4313,66,65,1,1
4314,108,116,-8,8
4315,90,106,-16,16
4316,88,96,-8,8
4317,59,58,1,1
4318,79,80,-1,1
4319,69,70,-1,1
4320,135,134,1,1
4321,96,106,-10,10
4322,148,147,1,1
4323,31,39,-8,8
4324,65,93,-28,28
4325,86,87,-1,1
4326,47,39,8,8
4327,83,87,-4,4
4328,170,173,-3,3
4329,63,73,-10,10
4330,110,95,15,15
4331,182,156,26,26
4332,141,149,-8,8
4333,94,105,-11,11
4334,81,87,-6,6
4335,87,84,3,3
4336,131,139,-8,8
4337,117,101,16,16
4338,64,63,1,1
4339,150,164,-14,14
4340,93,109,-16,16
4341,88,83,5,5
4342,90,88,2,2
4343,86,85,1,1
4344,96,113,-17,17
4345,173,167,6,6
4346,104,92,12,12
4347,44,44,0,0
4348,81,83,-2,2
4349,71,78,-7,7
4350,77,71,6,6
4351,82,71,11,11
4352,196,176,20,20
4353,126,127,-1,1
4354,100,105,-5,5
4355,159,134,25,25
4356,61,68,-7,7
4357,54,84,-30,30
4358,73,73,0,0
4359,73,76,-3,3
4360,88,86,2,2
4361,136,137,-1,1
4362,94,86,8,8
4363,164,179,-15,15
4364,100,105,-5,5
4365,126,112,14,14
4366,50,49,1,1
4367,79,91,-12,12
4368,94,101,-7,7
4369,110,123,-13,13
4370,144,135,9,9
4371,62,53,9,9
4372,92,96,-4,4
4373,59,67,-8,8
4374,279,249,30,30
4375,149,144,5,5
4376,61,83,-22,22
4377,72,82,-10,10
4378,64,63,1,1
4379,142,126,16,16
4380,56,53,3,3
4381,140,150,-10,10
4382,221,192,29,29
4383,111,99,12,12
4384,93,85,8,8
4385,110,106,4,4
4386,83,78,5,5
4387,65,79,-14,14
4388,154,149,5,5
4389,92,82,10,10
4390,144,122,22,22
4391,102,94,8,8
4392,131,122,9,9
4393,98,96,2,2
4394,104,94,10,10
4395,95,97,-2,2
4396,108,110,-2,2
4397,89,90,-1,1
4398,139,140,-1,1
4399,116,118,-2,2
4400,58,61,-3,3
4401,140,136,4,4
4402,89,93,-4,4
4403,103,107,-4,4
4404,67,85,-18,18
4405,62,56,6,6
4406,162,143,19,19
4407,77,76,1,1
4408,99,93,6,6
4409,92,83,9,9
4410,105,116,-11,11
4411,99,101,-2,2
4412,82,95,-13,13
4413,139,122,17,17
4414,99,94,5,5
4415,82,79,3,3
4416,95,100,-5,5
4417,101,99,2,2
4418,85,83,2,2
4419,102,97,5,5
4420,133,126,7,7
4421,76,70,6,6
4422,126,119,7,7
4423,101,103,-2,2
4424,119,100,19,19
4425,152,147,5,5
4426,136,120,16,16
4427,87,88,-1,1
4428,116,113,3,3
4429,60,60,0,0
4430,96,91,5,5
4431,76,88,-12,12
4432,128,108,20,20
4433,85,90,-5,5
4434,84,91,-7,7
4435,153,130,23,23
4436,72,65,7,7
4437,73,78,-5,5
4438,108,94,14,14
4439,73,69,4,4
4440,94,94,0,0
4441,86,80,6,6
4442,89,76,13,13
4443,56,72,-16,16
4444,195,170,25,25
4445,70,66,4,4
4446,64,68,-4,4
4447,96,85,11,11
4448,103,118,-15,15
4449,131,116,15,15
4450,93,88,5,5
4451,122,131,-9,9
4452,54,58,-4,4
4453,67,75,-8,8
4454,66,75,-9,9
4455,110,112,-2,2
4456,108,107,1,1
4457,119,122,-3,3
4458,80,59,21,21
4459,60,70,-10,10
4460,88,86,2,2
4461,123,103,20,20
4462,59,66,-7,7
4463,103,90,13,13
4464,93,93,0,0
4465,90,92,-2,2
4466,157,134,23,23
4467,94,91,3,3
4468,79,72,7,7
4469,131,136,-5,5
4470,50,36,14,14
4471,111,111,0,0
4472,106,104,2,2
4473,104,105,-1,1
4474,94,102,-8,8
4475,71,73,-2,2
4476,168,161,7,7
4477,102,111,-9,9
4478,58,63,-5,5
4479,49,44,5,5
4480,96,92,4,4
4481,74,91,-17,17
4482,135,141,-6,6
4483,171,147,24,24
4484,70,77,-7,7
4485,118,133,-15,15
4486,90,74,16,16
4487,101,109,-8,8
4488,97,98,-1,1
4489,107,103,4,4
4490,87,77,10,10
4491,43,48,-5,5
4492,79,75,4,4
4493,106,92,14,14
4494,39,35,4,4
4495,178,153,25,25
4496,74,82,-8,8
4497,36,36,0,0
4498,68,69,-1,1
4499,114,134,-20,20
4500,80,94,-14,14
4501,109,130,-21,21
4502,128,121,7,7
4503,87,99,-12,12
4504,110,142,-32,32
4505,100,100,0,0
4506,128,137,-9,9
4507,136,154,-18,18
4508,129,147,-18,18
4509,122,113,9,9
4510,102,93,9,9
4511,109,112,-3,3
4512,58,60,-2,2
4513,122,126,-4,4
4514,90,95,-5,5
4515,57,48,9,9
4516,107,107,0,0
4517,168,152,16,16
4518,98,106,-8,8
4519,120,108,12,12
4520,74,80,-6,6
4521,88,78,10,10
4522,96,80,16,16
4523,64,83,-19,19
4524,55,59,-4,4
4525,94,87,7,7
4526,148,158,-10,10
4527,92,99,-7,7
4528,95,108,-13,13
4529,110,108,2,2
4530,83,85,-2,2
4531,139,147,-8,8
4532,108,88,20,20
4533,78,74,4,4
4534,78,84,-6,6
4535,98,98,0,0
4536,104,98,6,6
4537,68,65,3,3
4538,103,106,-3,3
4539,66,50,16,16
4540,100,102,-2,2
4541,123,111,12,12
4542,74,89,-15,15
4543,136,134,2,2
4544,47,56,-9,9
4545,92,94,-2,2
4546,122,102,20,20
4547,125,131,-6,6
4548,122,118,4,4
4549,61,71,-10,10
4550,82,96,-14,14
4551,112,103,9,9
4552,48,62,-14,14
4553,146,140,6,6
4554,67,59,8,8
4555,115,107,8,8
4556,165,150,15,15
4557,87,101,-14,14
4558,40,60,-20,20
4559,55,50,5,5
4560,127,112,15,15
4561,70,77,-7,7
4562,99,114,-15,15
4563,45,55,-10,10
4564,95,87,8,8
4565,80,78,2,2
4566,47,50,-3,3
4567,99,123,-24,24
4568,118,124,-6,6
4569,104,97,7,7
4570,75,75,0,0
4571,90,85,5,5
4572,82,98,-16,16
4573,163,144,19,19
4574,93,90,3,3
4575,166,158,8,8
4576,69,70,-1,1
4577,122,132,-10,10
4578,148,145,3,3
4579,56,58,-2,2
4580,66,58,8,8
4581,83,90,-7,7
4582,63,62,1,1
4583,108,105,3,3
4584,123,104,19,19
4585,161,168,-7,7
4586,83,103,-20,20
4587,49,44,5,5
4588,78,72,6,6
4589,101,96,5,5
4590,38,58,-20,20
4591,98,102,-4,4
4592,174,134,40,40
4593,75,105,-30,30
4594,56,55,1,1
4595,138,138,0,0
4596,38,43,-5,5
4597,51,52,-1,1
4598,69,63,6,6
4599,98,105,-7,7
4600,87,81,6,6
4601,88,90,-2,2
4602,156,140,16,16
4603,140,136,4,4
4604,92,98,-6,6
4605,49,56,-7,7
4606,82,81,1,1
4607,217,209,8,8
4608,99,107,-8,8
4609,110,97,13,13
4610,79,79,0,0
4611,69,77,-8,8
4612,87,71,16,16
4613,84,74,10,10
4614,77,73,4,4
4615,78,67,11,11
4616,100,99,1,1
4617,112,100,12,12
4618,130,116,14,14
4619,137,132,5,5
4620,125,120,5,5
4621,86,82,4,4
4622,152,136,16,16
4623,96,106,-10,10
4624,111,115,-4,4
4625,99,110,-11,11
4626,56,60,-4,4
4627,211,203,8,8
4628,109,118,-9,9
4629,137,122,15,15
4630,74,78,-4,4
4631,120,114,6,6
4632,81,85,-4,4
4633,71,73,-2,2
4634,88,83,5,5
4635,111,99,12,12
4636,197,179,18,18
4637,85,76,9,9
4638,112,104,8,8
4639,44,46,-2,2
4640,86,87,-1,1
4641,72,83,-11,11
4642,59,70,-11,11
4643,82,95,-13,13
4644,69,75,-6,6
4645,91,78,13,13
4646,142,157,-15,15
4647,84,62,22,22
4648,81,81,0,0
4649,101,95,6,6
4650,190,176,14,14
4651,107,103,4,4
4652,119,123,-4,4
4653,77,71,6,6
4654,152,147,5,5
4655,64,46,18,18
4656,77,77,0,0
4657,51,54,-3,3
4658,77,73,4,4
4659,84,76,8,8
4660,60,68,-8,8
4661,107,111,-4,4
4662,87,102,-15,15
4663,116,118,-2,2
4664,160,145,15,15
4665,116,125,-9,9
4666,84,68,16,16
4667,113,107,6,6
4668,105,107,-2,2
4669,55,65,-10,10
4670,91,89,2,2
4671,113,106,7,7
4672,62,51,11,11
4673,75,72,3,3
4674,45,47,-2,2
4675,177,169,8,8
4676,131,130,1,1
4677,112,112,0,0
4678,127,142,-15,15
4679,146,128,18,18
4680,138,125,13,13
4681,93,93,0,0
4682,65,79,-14,14
4683,168,167,1,1
4684,112,116,-4,4
4685,149,127,22,22
4686,140,143,-3,3
4687,94,89,5,5
4688,141,140,1,1
4689,75,81,-6,6
4690,134,132,2,2
4691,95,94,1,1
4692,119,104,15,15
4693,95,106,-11,11
4694,65,70,-5,5
4695,95,94,1,1
4696,97,109,-12,12
4697,132,136,-4,4
4698,87,81,6,6
4699,124,158,-34,34
4700,115,119,-4,4
4701,45,52,-7,7
4702,110,99,11,11
4703,57,56,1,1
4704,126,99,27,27
4705,50,51,-1,1
4706,132,135,-3,3
4707,71,75,-4,4
4708,88,83,5,5
4709,91,106,-15,15
4710,79,72,7,7
4711,47,64,-17,17
4712,103,105,-2,2
4713,38,45,-7,7
4714,68,60,8,8
4715,130,130,0,0
4716,157,149,8,8
4717,99,100,-1,1
4718,62,55,7,7
4719,79,74,5,5
4720,74,72,2,2
4721,154,140,14,14
4722,36,57,-21,21
4723,81,75,6,6
4724,69,63,6,6
4725,39,40,-1,1
4726,106,102,4,4
4727,141,142,-1,1
4728,71,78,-7,7
4729,108,102,6,6
4730,142,126,16,16
4731,43,45,-2,2
4732,109,109,0,0
4733,72,69,3,3
4734,110,107,3,3
4735,84,87,-3,3
4736,88,84,4,4
4737,156,136,20,20
4738,106,119,-13,13
4739,160,167,-7,7
4740,105,95,10,10
4741,231,178,53,53
4742,111,96,15,15
4743,53,57,-4,4
4744,124,128,-4,4
4745,105,105,0,0
4746,144,139,5,5
4747,83,83,0,0
4748,81,79,2,2
4749,96,90,6,6
4750,143,142,1,1
4751,118,103,15,15
4752,77,75,2,2
4753,116,137,-21,21
4754,116,69,47,47
4755,76,72,4,4
4756,73,76,-3,3
4757,92,82,10,10
4758,89,92,-3,3
4759,58,58,0,0
4760,70,68,2,2
4761,134,115,19,19
4762,73,80,-7,7
4763,139,120,19,19
4764,59,60,-1,1
4765,59,66,-7,7
4766,72,55,17,17
4767,81,94,-13,13
4768,96,95,1,1
4769,190,172,18,18
4770,131,115,16,16
4771,188,180,8,8
4772,141,150,-9,9
4773,103,102,1,1
4774,65,85,-20,20
4775,86,94,-8,8
4776,64,56,8,8
4777,115,116,-1,1
4778,58,64,-6,6
4779,150,131,19,19
4780,70,73,-3,3
4781,91,86,5,5
4782,104,97,7,7
4783,78,77,1,1
4784,57,45,12,12
4785,117,108,9,9
4786,82,81,1,1
4787,50,56,-6,6
4788,76,81,-5,5
4789,64,60,4,4
4790,140,133,7,7
4791,88,91,-3,3
4792,41,38,3,3
4793,56,68,-12,12
4794,161,152,9,9
4795,107,103,4,4
4796,94,93,1,1
4797,71,61,10,10
4798,163,149,14,14
4799,99,93,6,6
4800,30,34,-4,4
4801,99,86,13,13
4802,161,140,21,21
4803,82,88,-6,6
4804,92,83,9,9
4805,152,143,9,9
4806,131,116,15,15
4807,99,96,3,3
4808,50,45,5,5
4809,80,87,-7,7
4810,99,98,1,1
4811,69,71,-2,2
4812,67,76,-9,9
4813,143,138,5,5
4814,68,69,-1,1
4815,65,68,-3,3
4816,94,97,-3,3
4817,55,57,-2,2
4818,94,93,1,1
4819,45,58,-13,13
4820,140,139,1,1
4821,65,73,-8,8
4822,62,67,-5,5
4823,94,96,-2,2
4824,129,133,-4,4
4825,123,126,-3,3
4826,80,88,-8,8
4827,86,94,-8,8
4828,112,114,-2,2
4829,89,82,7,7
4830,72,69,3,3
4831,65,81,-16,16
4832,90,102,-12,12
4833,71,88,-17,17
4834,107,110,-3,3
4835,140,136,4,4
4836,57,57,0,0
4837,104,110,-6,6
4838,56,73,-17,17
4839,103,112,-9,9
4840,104,94,10,10
4841,78,74,4,4
4842,126,117,9,9
4843,101,94,7,7
4844,85,82,3,3
4845,72,60,12,12
4846,57,61,-4,4
4847,51,65,-14,14
4848,102,112,-10,10
4849,85,103,-18,18
4850,71,64,7,7
4851,87,86,1,1
4852,74,71,3,3
4853,104,95,9,9
4854,102,98,4,4
4855,181,170,11,11
4856,130,121,9,9
4857,75,87,-12,12
4858,102,101,1,1
4859,56,49,7,7
4860,72,76,-4,4
4861,90,95,-5,5
4862,66,75,-9,9
4863,82,76,6,6
4864,139,137,2,2
4865,97,71,26,26
4866,83,87,-4,4
4867,71,83,-12,12
4868,81,70,11,11
4869,80,72,8,8
4870,152,147,5,5
4871,54,51,3,3
4872,51,60,-9,9
4873,142,115,27,27
4874,134,127,7,7
4875,253,255,-2,2
4876,85,105,-20,20
4877,274,234,40,40
4878,180,148,32,32
4879,85,86,-1,1
4880,68,88,-20,20
4881,126,120,6,6
4882,147,121,26,26
4883,67,71,-4,4
4884,58,60,-2,2
4885,146,125,21,21
4886,170,178,-8,8
4887,80,90,-10,10
4888,117,122,-5,5
4889,72,81,-9,9
4890,52,54,-2,2
4891,92,100,-8,8
4892,88,85,3,3
4893,106,104,2,2
4894,93,96,-3,3
4895,151,145,6,6
4896,90,97,-7,7
4897,71,78,-7,7
4898,63,76,-13,13
4899,171,146,25,25
4900,83,72,11,11
4901,125,117,8,8
4902,123,108,15,15
4903,119,105,14,14
4904,100,95,5,5
4905,97,109,-12,12
4906,82,76,6,6
4907,104,106,-2,2
4908,84,80,4,4
4909,133,159,-26,26
4910,66,64,2,2
4911,328,281,47,47
4912,66,64,2,2
4913,129,126,3,3
4914,60,51,9,9
4915,107,113,-6,6
4916,88,80,8,8
4917,92,106,-14,14
4918,97,99,-2,2
4919,95,95,0,0
4920,176,169,7,7
4921,93,91,2,2
4922,124,134,-10,10
4923,80,70,10,10
4924,117,110,7,7
4925,92,80,12,12
4926,137,119,18,18
4927,160,143,17,17
4928,114,102,12,12
4929,78,75,3,3
4930,73,75,-2,2
4931,62,64,-2,2
4932,85,98,-13,13
4933,52,64,-12,12
4934,53,86,-33,33
4935,98,70,28,28
4936,92,89,3,3
4937,100,98,2,2
4938,114,113,1,1
4939,139,147,-8,8
4940,76,75,1,1
4941,119,117,2,2
4942,41,59,-18,18
4943,53,54,-1,1
4944,268,201,67,67
4945,66,63,3,3
4946,130,123,7,7
4947,115,118,-3,3
4948,157,154,3,3
4949,50,55,-5,5
4950,75,76,-1,1
4951,79,81,-2,2
4952,85,87,-2,2
4953,42,64,-22,22
4954,85,86,-1,1
4955,95,103,-8,8
4956,72,80,-8,8
4957,90,101,-11,11
4958,81,86,-5,5
4959,109,106,3,3
4960,146,144,2,2
4961,131,118,13,13
4962,138,130,8,8
4963,32,43,-11,11
4964,86,89,-3,3
4965,76,86,-10,10
4966,73,98,-25,25
4967,132,115,17,17
4968,136,125,11,11
4969,36,45,-9,9
4970,40,70,-30,30
4971,62,58,4,4
4972,99,106,-7,7
4973,63,72,-9,9
4974,90,73,17,17
4975,63,84,-21,21
4976,63,69,-6,6
4977,73,88,-15,15
4978,73,86,-13,13
4979,120,86,34,34
4980,161,145,16,16
4981,74,77,-3,3
4982,74,60,14,14
4983,49,48,1,1
4984,157,124,33,33
4985,123,115,8,8
4986,91,77,14,14
4987,115,104,11,11
4988,85,81,4,4
4989,66,67,-1,1
4990,102,94,8,8
4991,98,94,4,4
4992,100,96,4,4
4993,105,109,-4,4
4994,84,79,5,5
4995,95,88,7,7
4996,108,91,17,17
4997,62,69,-7,7
4998,116,103,13,13
4999,79,75,4,4
5000,73,58,15,15
5001,50,61,-11,11
5002,97,94,3,3
5003,145,113,32,32
5004,152,138,14,14
5005,134,117,17,17
5006,110,107,3,3
5007,114,113,1,1
5008,72,64,8,8
5009,113,101,12,12
5010,58,69,-11,11
5011,50,50,0,0
5012,29,51,-22,22
5013,71,62,9,9
5014,90,84,6,6
5015,140,118,22,22
5016,123,119,4,4
5017,131,118,13,13
5018,50,52,-2,2
5019,82,84,-2,2
5020,77,86,-9,9
5021,98,90,8,8
5022,83,70,13,13
5023,88,75,13,13
5024,122,121,1,1
5025,87,82,5,5
5026,107,99,8,8
5027,75,90,-15,15
5028,89,84,5,5
5029,124,137,-13,13
5030,105,102,3,3
5031,62,57,5,5
5032,125,115,10,10
5033,94,109,-15,15
5034,91,100,-9,9
5035,74,91,-17,17
5036,82,98,-16,16
5037,60,58,2,2
5038,69,84,-15,15
5039,132,124,8,8
5040,76,73,3,3
5041,169,161,8,8
5042,101,103,-2,2
5043,167,161,6,6
5044,79,83,-4,4
5045,78,94,-16,16
5046,61,63,-2,2
5047,137,132,5,5
5048,116,109,7,7
5049,77,76,1,1
5050,76,88,-12,12
5051,157,169,-12,12
5052,90,100,-10,10
5053,79,79,0,0
5054,131,117,14,14
5055,118,123,-5,5
5056,110,100,10,10
5057,151,134,17,17
5058,159,158,1,1
5059,95,99,-4,4
5060,78,78,0,0
5061,107,108,-1,1
5062,131,135,-4,4
5063,87,94,-7,7
5064,42,54,-12,12
5065,66,67,-1,1
5066,101,91,10,10
5067,140,133,7,7
5068,66,67,-1,1
5069,43,58,-15,15
5070,100,102,-2,2
5071,120,125,-5,5
5072,76,65,11,11
5073,121,138,-17,17
5074,78,84,-6,6
5075,121,119,2,2
5076,51,57,-6,6
5077,101,105,-4,4
5078,136,138,-2,2
5079,107,118,-11,11
5080,106,109,-3,3
5081,116,112,4,4
5082,89,84,5,5
5083,65,69,-4,4
5084,154,130,24,24
5085,130,122,8,8
5086,98,86,12,12
5087,75,90,-15,15
5088,81,82,-1,1
5089,82,90,-8,8
5090,86,92,-6,6
5091,93,95,-2,2
5092,73,75,-2,2
5093,76,84,-8,8
5094,166,148,18,18
5095,98,99,-1,1
5096,120,99,21,21
5097,67,71,-4,4
5098,81,87,-6,6
5099,170,148,22,22
5100,40,57,-17,17
5101,101,91,10,10
5102,80,79,1,1
5103,121,103,18,18
5104,58,58,0,0
5105,115,107,8,8
5106,63,61,2,2
5107,87,91,-4,4
5108,148,142,6,6
5109,102,95,7,7
5110,79,74,5,5
5111,118,111,7,7
5112,92,98,-6,6
5113,110,115,-5,5
5114,131,120,11,11
5115,139,149,-10,10
5116,68,87,-19,19
5117,122,130,-8,8
5118,140,127,13,13
5119,124,125,-1,1
5120,103,89,14,14
5121,59,69,-10,10
5122,80,77,3,3
5123,131,118,13,13
5124,104,102,2,2
5125,155,149,6,6
5126,89,91,-2,2
5127,68,86,-18,18
5128,79,75,4,4
5129,110,105,5,5
5130,54,59,-5,5
5131,121,125,-4,4
5132,101,107,-6,6
5133,109,107,2,2
5134,100,89,11,11
5135,132,134,-2,2
5136,71,75,-4,4
5137,89,99,-10,10
5138,92,88,4,4
5139,91,83,8,8
5140,117,107,10,10
5141,100,94,6,6
5142,118,111,7,7
5143,160,144,16,16
5144,121,106,15,15
5145,88,88,0,0
5146,152,163,-11,11
5147,56,52,4,4
5148,51,53,-2,2
5149,110,90,20,20
5150,79,80,-1,1
5151,68,94,-26,26
5152,52,55,-3,3
5153,129,119,10,10
5154,81,74,7,7
5155,39,49,-10,10
5156,55,125,-70,70
5157,53,54,-1,1
5158,92,96,-4,4
5159,72,78,-6,6
5160,103,99,4,4
5161,141,120,21,21
5162,82,92,-10,10
5163,69,69,0,0
5164,168,162,6,6
5165,65,75,-10,10
5166,76,92,-16,16
5167,104,106,-2,2
5168,89,83,6,6
5169,101,108,-7,7
5170,53,59,-6,6
5171,105,97,8,8
5172,90,77,13,13
5173,116,108,8,8
5174,137,137,0,0
5175,126,104,22,22
5176,43,46,-3,3
5177,65,79,-14,14
5178,76,80,-4,4
5179,104,99,5,5
5180,88,79,9,9
5181,75,81,-6,6
5182,82,91,-9,9
5183,40,83,-43,43
5184,77,67,10,10
5185,66,85,-19,19
5186,154,154,0,0
5187,86,86,0,0
5188,112,119,-7,7
5189,93,93,0,0
5190,130,140,-10,10
5191,177,159,18,18
5192,148,138,10,10
5193,80,78,2,2
5194,58,53,5,5
5195,115,112,3,3
5196,118,122,-4,4
5197,66,65,1,1
5198,161,149,12,12
5199,80,90,-10,10
5200,105,95,10,10
5201,56,52,4,4
5202,66,69,-3,3
5203,93,102,-9,9
5204,105,112,-7,7
5205,96,100,-4,4
5206,62,67,-5,5
5207,68,84,-16,16
5208,83,86,-3,3
5209,110,130,-20,20
5210,109,110,-1,1
5211,147,137,10,10
5212,68,59,9,9
5213,121,105,16,16
5214,128,136,-8,8
5215,136,140,-4,4
5216,110,98,12,12
5217,84,80,4,4
5218,93,93,0,0
5219,68,71,-3,3
5220,88,85,3,3
5221,89,98,-9,9
5222,134,136,-2,2
5223,128,127,1,1
5224,79,76,3,3
5225,66,80,-14,14
5226,58,50,8,8
5227,58,70,-12,12
5228,69,72,-3,3
5229,56,56,0,0
5230,85,94,-9,9
5231,73,79,-6,6
5232,97,95,2,2
5233,100,86,14,14
5234,82,68,14,14
5235,65,68,-3,3
5236,90,89,1,1
5237,66,81,-15,15
5238,58,51,7,7
5239,62,104,-42,42
5240,50,58,-8,8
5241,84,75,9,9
5242,82,83,-1,1
5243,147,148,-1,1
5244,91,90,1,1
5245,95,95,0,0
5246,121,115,6,6
5247,56,73,-17,17
5248,54,70,-16,16
5249,103,95,8,8
5250,86,70,16,16
5251,85,91,-6,6
5252,97,73,24,24
5253,92,76,16,16
5254,59,79,-20,20
5255,115,110,5,5
5256,116,108,8,8
5257,101,103,-2,2
5258,120,98,22,22
5259,164,141,23,23
5260,55,49,6,6
5261,91,96,-5,5
5262,75,82,-7,7
5263,121,136,-15,15
5264,57,56,1,1
5265,38,43,-5,5
5266,92,78,14,14
5267,67,64,3,3
5268,120,112,8,8
5269,83,87,-4,4
5270,138,131,7,7
5271,169,160,9,9
5272,59,74,-15,15
5273,47,49,-2,2
5274,46,36,10,10
5275,123,121,2,2
5276,142,134,8,8
5277,80,79,1,1
5278,31,39,-8,8
5279,128,124,4,4
5280,112,102,10,10
5281,98,95,3,3
5282,55,63,-8,8
5283,110,90,20,20
5284,91,83,8,8
5285,112,87,25,25
5286,115,118,-3,3
5287,73,69,4,4
5288,106,107,-1,1
5289,93,93,0,0
5290,166,164,2,2
5291,128,127,1,1
5292,112,107,5,5
5293,89,81,8,8
5294,74,72,2,2
5295,106,120,-14,14
5296,72,85,-13,13
5297,78,84,-6,6
5298,92,100,-8,8
5299,140,128,12,12
5300,103,95,8,8
5301,102,109,-7,7
5302,63,74,-11,11
5303,169,139,30,30
5304,78,76,2,2
5305,132,117,15,15
5306,50,24,26,26
5307,127,98,29,29
5308,138,105,33,33
5309,61,76,-15,15
5310,87,84,3,3
5311,109,111,-2,2
5312,77,87,-10,10
5313,92,110,-18,18
5314,84,74,10,10
5315,140,140,0,0
5316,79,81,-2,2
5317,87,98,-11,11
5318,76,77,-1,1
5319,54,53,1,1
5320,77,88,-11,11
5321,28,64,-36,36
5322,85,66,19,19
5323,41,49,-8,8
5324,78,80,-2,2
5325,117,117,0,0
5326,99,114,-15,15
5327,130,119,11,11
5328,58,58,0,0
5329,76,71,5,5
5330,72,80,-8,8
5331,72,70,2,2
5332,130,125,5,5
5333,85,87,-2,2
5334,74,84,-10,10
5335,117,131,-14,14
5336,105,101,4,4
5337,114,118,-4,4
5338,94,103,-9,9
5339,127,123,4,4
5340,100,100,0,0
5341,100,101,-1,1
5342,114,102,12,12
5343,137,131,6,6
5344,141,134,7,7
5345,186,165,21,21
5346,49,47,2,2
5347,71,77,-6,6
5348,144,148,-4,4
5349,108,83,25,25
5350,102,86,16,16
5351,129,116,13,13
5352,123,120,3,3
5353,48,50,-2,2
5354,70,76,-6,6
5355,81,79,2,2
5356,72,77,-5,5
5357,76,82,-6,6
5358,114,118,-4,4
5359,130,128,2,2
5360,113,110,3,3
5361,57,64,-7,7
5362,77,73,4,4
5363,117,119,-2,2
5364,79,69,10,10
5365,87,90,-3,3
5366,99,97,2,2
5367,211,190,21,21
5368,92,86,6,6
5369,119,111,8,8
5370,54,55,-1,1
5371,111,115,-4,4
5372,67,72,-5,5
5373,185,179,6,6
5374,68,85,-17,17
5375,190,154,36,36
5376,124,110,14,14
5377,80,86,-6,6
5378,78,70,8,8
5379,92,99,-7,7
5380,70,70,0,0
5381,51,70,-19,19
5382,89,97,-8,8
5383,82,95,-13,13
5384,83,89,-6,6
5385,204,189,15,15
5386,114,100,14,14
5387,62,58,4,4
5388,100,82,18,18
5389,143,164,-21,21
5390,89,81,8,8
5391,123,132,-9,9
5392,150,153,-3,3
5393,135,115,20,20
5394,114,118,-4,4
5395,94,105,-11,11
5396,158,145,13,13
5397,58,60,-2,2
5398,94,110,-16,16
5399,59,53,6,6
5400,81,106,-25,25
5401,70,67,3,3
5402,79,72,7,7
5403,49,55,-6,6
5404,85,78,7,7
5405,85,93,-8,8
5406,55,49,6,6
5407,97,105,-8,8
5408,95,94,1,1
5409,129,118,11,11
5410,53,60,-7,7
5411,109,111,-2,2
5412,92,91,1,1
5413,122,98,24,24
5414,102,99,3,3
5415,98,119,-21,21
5416,68,73,-5,5
5417,108,104,4,4
5418,92,89,3,3
5419,95,91,4,4
5420,65,66,-1,1
5421,27,38,-11,11
5422,62,41,21,21
5423,109,105,4,4
5424,72,74,-2,2
5425,58,57,1,1
5426,121,107,14,14
5427,101,105,-4,4
5428,63,69,-6,6
5429,38,66,-28,28
5430,145,122,23,23
5431,103,98,5,5
5432,215,213,2,2
5433,122,120,2,2
5434,90,94,-4,4
5435,67,63,4,4
5436,98,97,1,1
5437,106,119,-13,13
5438,119,126,-7,7
5439,93,89,4,4
5440,48,59,-11,11
5441,87,91,-4,4
5442,108,108,0,0
5443,72,79,-7,7
5444,124,119,5,5
5445,114,127,-13,13
5446,43,50,-7,7
5447,109,110,-1,1
5448,99,107,-8,8
5449,116,117,-1,1
5450,72,97,-25,25
5451,122,122,0,0
5452,98,105,-7,7
5453,144,147,-3,3
5454,78,70,8,8
5455,70,76,-6,6
5456,114,116,-2,2
5457,137,130,7,7
5458,113,106,7,7
5459,115,100,15,15
5460,85,85,0,0
5461,63,68,-5,5
5462,114,125,-11,11
5463,88,89,-1,1
5464,125,103,22,22
5465,116,112,4,4
5466,150,140,10,10
5467,78,90,-12,12
5468,75,87,-12,12
5469,81,90,-9,9
5470,116,144,-28,28
5471,64,59,5,5
5472,93,96,-3,3
5473,96,84,12,12
5474,147,146,1,1
5475,77,74,3,3
5476,139,147,-8,8
5477,64,61,3,3
5478,82,81,1,1
5479,70,68,2,2
5480,142,122,20,20
5481,99,94,5,5
5482,64,64,0,0
5483,80,82,-2,2
5484,69,64,5,5
5485,64,69,-5,5
5486,99,97,2,2
5487,120,118,2,2
5488,80,75,5,5
5489,145,149,-4,4
5490,161,141,20,20
5491,86,96,-10,10
5492,123,111,12,12
5493,91,89,2,2
5494,147,139,8,8
5495,92,91,1,1
5496,79,76,3,3
5497,144,118,26,26
5498,72,69,3,3
5499,91,105,-14,14
5500,162,139,23,23
5501,76,79,-3,3
5502,82,82,0,0
5503,63,68,-5,5
5504,71,71,0,0
5505,74,82,-8,8
5506,152,126,26,26
5507,102,110,-8,8
5508,70,67,3,3
5509,46,50,-4,4
5510,85,97,-12,12
5511,81,87,-6,6
5512,85,88,-3,3
5513,108,90,18,18
5514,124,119,5,5
5515,81,81,0,0
5516,97,131,-34,34
5517,137,123,14,14
5518,125,104,21,21
5519,90,102,-12,12
5520,83,76,7,7
5521,89,83,6,6
5522,124,117,7,7
5523,101,86,15,15
5524,103,102,1,1
5525,61,58,3,3
5526,85,73,12,12
5527,102,95,7,7
5528,83,96,-13,13
5529,91,103,-12,12
5530,131,113,18,18
5531,150,135,15,15
5532,107,103,4,4
5533,115,110,5,5
5534,126,115,11,11
5535,129,135,-6,6
5536,95,95,0,0
5537,143,134,9,9
5538,115,118,-3,3
5539,85,86,-1,1
5540,164,158,6,6
5541,95,94,1,1
5542,137,152,-15,15
5543,121,114,7,7
5544,83,90,-7,7
5545,115,127,-12,12
5546,154,165,-11,11
5547,115,126,-11,11
5548,88,74,14,14
5549,116,129,-13,13
5550,119,99,20,20
5551,30,37,-7,7
5552,100,94,6,6
5553,132,134,-2,2
5554,186,161,25,25
5555,82,87,-5,5
5556,176,166,10,10
5557,107,99,8,8
5558,89,93,-4,4
5559,94,98,-4,4
5560,51,58,-7,7
5561,138,131,7,7
5562,78,77,1,1
5563,59,68,-9,9
5564,58,54,4,4
5565,67,66,1,1
5566,79,69,10,10
5567,54,59,-5,5
5568,62,68,-6,6
5569,83,79,4,4
5570,75,77,-2,2
5571,115,117,-2,2
5572,114,110,4,4
5573,126,103,23,23
5574,88,103,-15,15
5575,69,60,9,9
5576,38,43,-5,5
5577,71,62,9,9
5578,66,61,5,5
5579,62,61,1,1
5580,75,64,11,11
5581,59,56,3,3
5582,97,104,-7,7
5583,81,81,0,0
5584,69,80,-11,11
5585,81,83,-2,2
5586,101,98,3,3
5587,97,93,4,4
5588,60,69,-9,9
5589,119,120,-1,1
5590,113,149,-36,36
5591,130,110,20,20
5592,61,74,-13,13
5593,166,157,9,9
5594,51,51,0,0
5595,140,132,8,8
5596,109,124,-15,15
5597,115,118,-3,3
5598,112,103,9,9
5599,89,90,-1,1
5600,65,71,-6,6
5601,97,102,-5,5
5602,81,79,2,2
5603,59,60,-1,1
5604,52,54,-2,2
5605,74,87,-13,13
5606,76,92,-16,16
5607,111,67,44,44
5608,112,109,3,3
5609,66,72,-6,6
5610,96,94,2,2
5611,61,65,-4,4
5612,162,145,17,17
5613,120,107,13,13
5614,68,87,-19,19
5615,61,84,-23,23
5616,110,101,9,9
5617,114,116,-2,2
5618,41,58,-17,17
5619,63,50,13,13
5620,77,73,4,4
5621,92,79,13,13
5622,80,72,8,8
5623,40,43,-3,3
5624,56,66,-10,10
5625,72,73,-1,1
5626,123,120,3,3
5627,77,72,5,5
5628,107,111,-4,4
5629,112,112,0,0
5630,72,81,-9,9
5631,99,105,-6,6
5632,118,111,7,7
5633,77,70,7,7
5634,139,129,10,10
5635,84,88,-4,4
5636,62,69,-7,7
5637,100,105,-5,5
5638,80,83,-3,3
5639,91,98,-7,7
5640,113,111,2,2
5641,45,51,-6,6
5642,71,64,7,7
5643,122,99,23,23
5644,53,65,-12,12
5645,78,90,-12,12
5646,65,86,-21,21
5647,40,49,-9,9
5648,136,125,11,11
5649,120,124,-4,4
5650,104,108,-4,4
5651,85,83,2,2
5652,89,89,0,0
5653,84,91,-7,7
5654,80,92,-12,12
5655,119,118,1,1
5656,105,104,1,1
5657,61,75,-14,14
5658,53,61,-8,8
5659,69,81,-12,12
5660,83,92,-9,9
5661,122,119,3,3
5662,88,91,-3,3
5663,88,85,3,3
5664,104,99,5,5
5665,94,84,10,10
5666,133,129,4,4
5667,53,80,-27,27
5668,73,86,-13,13
5669,92,93,-1,1
5670,92,96,-4,4
5671,91,94,-3,3
5672,82,80,2,2
5673,87,92,-5,5
5674,135,132,3,3
5675,126,130,-4,4
5676,94,90,4,4
5677,55,60,-5,5
5678,104,92,12,12
5679,127,114,13,13
5680,135,144,-9,9
5681,145,123,22,22
5682,99,106,-7,7
5683,96,105,-9,9
5684,103,96,7,7
5685,32,53,-21,21
5686,74,92,-18,18
5687,109,87,22,22
5688,59,62,-3,3
5689,101,91,10,10
5690,69,70,-1,1
5691,71,82,-11,11
5692,101,98,3,3
5693,129,126,3,3
5694,114,118,-4,4
5695,73,65,8,8
5696,179,156,23,23
5697,81,82,-1,1
5698,127,110,17,17
5699,129,138,-9,9
5700,57,48,9,9
5701,50,68,-18,18
5702,80,68,12,12
5703,116,107,9,9
5704,93,90,3,3
5705,164,162,2,2
5706,43,55,-12,12
5707,96,117,-21,21
5708,88,76,12,12
5709,66,60,6,6
5710,97,101,-4,4
5711,86,86,0,0
5712,83,94,-11,11
5713,87,82,5,5
5714,61,66,-5,5
5715,81,91,-10,10
5716,164,152,12,12
5717,138,138,0,0
5718,115,119,-4,4
5719,86,96,-10,10
5720,118,134,-16,16
5721,67,65,2,2
5722,87,92,-5,5
5723,74,80,-6,6
5724,51,36,15,15
5725,67,69,-2,2
5726,84,86,-2,2
5727,94,93,1,1
5728,69,65,4,4
5729,115,120,-5,5
5730,48,46,2,2
5731,77,78,-1,1
5732,81,78,3,3
5733,110,122,-12,12
5734,74,87,-13,13
5735,54,54,0,0
5736,84,86,-2,2
5737,70,78,-8,8
5738,64,74,-10,10
5739,80,91,-11,11
5740,78,69,9,9
5741,83,94,-11,11
5742,81,75,6,6
5743,34,41,-7,7
5744,149,148,1,1
5745,50,48,2,2
5746,57,50,7,7
5747,75,79,-4,4
5748,139,129,10,10
5749,48,49,-1,1
5750,61,61,0,0
5751,96,89,7,7
5752,64,63,1,1
5753,90,104,-14,14
5754,81,76,5,5
5755,119,122,-3,3
5756,129,137,-8,8
5757,111,129,-18,18
5758,79,83,-4,4
5759,107,101,6,6
5760,77,90,-13,13
5761,67,78,-11,11
5762,103,104,-1,1
5763,60,62,-2,2
5764,115,115,0,0
5765,62,68,-6,6
5766,71,73,-2,2
5767,67,71,-4,4
5768,46,49,-3,3
5769,52,61,-9,9
5770,55,47,8,8
5771,95,88,7,7
5772,119,96,23,23
5773,156,157,-1,1
5774,89,92,-3,3
5775,130,117,13,13
5776,149,154,-5,5
5777,53,71,-18,18
5778,103,92,11,11
5779,181,146,35,35
5780,88,99,-11,11
5781,91,95,-4,4
5782,79,66,13,13
5783,64,76,-12,12
5784,85,96,-11,11
5785,45,47,-2,2
5786,72,67,5,5
5787,118,107,11,11
5788,54,52,2,2
5789,98,100,-2,2
5790,79,90,-11,11
5791,63,60,3,3
5792,27,45,-18,18
5793,142,134,8,8
5794,67,72,-5,5
5795,146,143,3,3
5796,80,94,-14,14
5797,68,80,-12,12
5798,92,94,-2,2
5799,48,48,0,0
5800,117,115,2,2
5801,98,102,-4,4
5802,73,71,2,2
5803,84,85,-1,1
5804,95,89,6,6
5805,120,120,0,0
5806,151,163,-12,12
5807,50,46,4,4
5808,93,90,3,3
5809,150,143,7,7
5810,65,89,-24,24
5811,76,74,2,2
5812,69,65,4,4
5813,91,89,2,2
5814,81,89,-8,8
5815,92,85,7,7
5816,127,145,-18,18
5817,100,91,9,9
5818,98,95,3,3
5819,109,100,9,9
5820,69,77,-8,8
5821,94,106,-12,12
5822,156,151,5,5
5823,82,89,-7,7
5824,62,57,5,5
5825,56,64,-8,8
5826,44,46,-2,2
5827,134,112,22,22
5828,75,86,-11,11
5829,88,89,-1,1
5830,63,77,-14,14
5831,106,109,-3,3
5832,121,116,5,5
5833,94,99,-5,5
5834,89,92,-3,3
5835,45,55,-10,10
5836,76,73,3,3
5837,85,98,-13,13
5838,129,131,-2,2
5839,113,110,3,3
5840,127,109,18,18
5841,129,141,-12,12
5842,92,95,-3,3
5843,60,65,-5,5
5844,91,84,7,7
5845,90,83,7,7
5846,143,129,14,14
5847,79,82,-3,3
5848,118,148,-30,30
5849,65,57,8,8
5850,88,76,12,12
5851,102,108,-6,6
5852,67,65,2,2
5853,104,97,7,7
5854,164,150,14,14
5855,145,129,16,16
5856,51,48,3,3
5857,35,36,-1,1
5858,125,121,4,4
5859,78,75,3,3
5860,110,105,5,5
5861,133,137,-4,4
5862,92,90,2,2
5863,89,87,2,2
5864,66,68,-2,2
5865,96,110,-14,14
5866,74,79,-5,5
5867,21,23,-2,2
5868,52,50,2,2
5869,49,46,3,3
5870,133,132,1,1
5871,56,58,-2,2
5872,48,50,-2,2
5873,53,48,5,5
5874,86,84,2,2
5875,81,97,-16,16
5876,139,139,0,0
5877,111,129,-18,18
5878,118,119,-1,1
5879,61,56,5,5
5880,88,95,-7,7
5881,58,81,-23,23
5882,91,81,10,10
5883,110,106,4,4
5884,118,153,-35,35
5885,109,106,3,3
5886,52,51,1,1
5887,69,71,-2,2
5888,144,130,14,14
5889,87,85,2,2
5890,153,155,-2,2
5891,49,54,-5,5
5892,106,106,0,0
5893,85,88,-3,3
5894,95,93,2,2
5895,99,100,-1,1
5896,154,170,-16,16
5897,64,74,-10,10
5898,74,72,2,2
5899,94,80,14,14
5900,83,49,34,34
5901,66,59,7,7
5902,48,48,0,0
5903,87,103,-16,16
5904,28,59,-31,31
5905,63,65,-2,2
5906,117,103,14,14
5907,169,156,13,13
5908,54,51,3,3
5909,118,120,-2,2
5910,77,68,9,9
5911,87,95,-8,8
5912,259,220,39,39
5913,116,124,-8,8
5914,141,140,1,1
5915,63,67,-4,4
5916,194,181,13,13
5917,58,70,-12,12
5918,117,125,-8,8
5919,101,108,-7,7
5920,128,117,11,11
5921,99,81,18,18
5922,122,115,7,7
5923,146,137,9,9
5924,117,105,12,12
5925,85,93,-8,8
5926,156,144,12,12
5927,85,86,-1,1
5928,149,152,-3,3
5929,62,77,-15,15
5930,133,130,3,3
5931,76,74,2,2
5932,67,64,3,3
5933,125,164,-39,39
5934,73,70,3,3
5935,106,85,21,21
5936,98,98,0,0
5937,113,119,-6,6
5938,151,148,3,3
5939,91,93,-2,2
5940,115,104,11,11
5941,99,99,0,0
5942,51,60,-9,9
5943,102,112,-10,10
5944,123,119,4,4
5945,71,60,11,11
5946,116,120,-4,4
5947,118,121,-3,3
5948,151,161,-10,10
5949,93,82,11,11
5950,77,77,0,0
5951,52,51,1,1
5952,88,80,8,8
5953,56,38,18,18
5954,152,154,-2,2
5955,129,133,-4,4
5956,75,89,-14,14
5957,98,90,8,8
5958,149,146,3,3
5959,73,76,-3,3
5960,96,105,-9,9
5961,145,151,-6,6
5962,88,74,14,14
5963,159,132,27,27
5964,178,153,25,25
5965,81,85,-4,4
5966,142,128,14,14
5967,97,90,7,7
5968,145,141,4,4
5969,91,93,-2,2
5970,85,66,19,19
5971,87,84,3,3
5972,90,79,11,11
5973,68,71,-3,3
5974,94,84,10,10
5975,101,89,12,12
5976,92,81,11,11
5977,71,76,-5,5
5978,113,125,-12,12
5979,102,97,5,5
5980,114,106,8,8
5981,97,102,-5,5
5982,47,61,-14,14
5983,60,47,13,13
5984,135,133,2,2
5985,58,58,0,0
5986,206,188,18,18
5987,68,67,1,1
5988,42,53,-11,11
5989,73,59,14,14
5990,83,89,-6,6
5991,72,66,6,6
5992,111,65,46,46
5993,58,47,11,11
5994,130,127,3,3
5995,111,109,2,2
5996,140,145,-5,5
5997,95,102,-7,7
5998,96,98,-2,2
5999,91,80,11,11
6000,79,86,-7,7
6001,74,72,2,2
6002,169,136,33,33
6003,117,112,5,5
6004,78,65,13,13
6005,115,104,11,11
6006,44,45,-1,1
6007,103,119,-16,16
6008,78,116,-38,38
6009,49,50,-1,1
6010,126,133,-7,7
6011,93,83,10,10
6012,140,140,0,0
6013,85,79,6,6
6014,116,117,-1,1
6015,83,82,1,1
6016,96,96,0,0
6017,143,128,15,15
6018,74,74,0,0
6019,92,103,-11,11
6020,63,50,13,13
6021,49,57,-8,8
6022,144,140,4,4
6023,54,56,-2,2
6024,116,174,-58,58
6025,66,82,-16,16
6026,56,56,0,0
6027,56,89,-33,33
6028,107,111,-4,4
6029,140,126,14,14
6030,92,104,-12,12
6031,76,84,-8,8
6032,90,92,-2,2
6033,138,136,2,2
6034,71,69,2,2
6035,89,107,-18,18
6036,66,58,8,8
6037,60,68,-8,8
6038,116,115,1,1
6039,179,175,4,4
6040,90,80,10,10
6041,116,107,9,9
6042,89,95,-6,6
6043,95,94,1,1
6044,85,90,-5,5
6045,53,80,-27,27
6046,166,162,4,4
6047,43,50,-7,7
6048,119,118,1,1
6049,105,118,-13,13
6050,121,107,14,14
6051,73,78,-5,5
6052,67,71,-4,4
6053,119,117,2,2
6054,106,111,-5,5
6055,72,61,11,11
6056,75,68,7,7
6057,70,77,-7,7
6058,143,143,0,0
6059,83,74,9,9
6060,83,93,-10,10
6061,46,61,-15,15
6062,47,61,-14,14
6063,119,126,-7,7
6064,108,103,5,5
6065,43,40,3,3
6066,64,55,9,9
6067,83,88,-5,5
6068,141,132,9,9
6069,107,107,0,0
6070,35,60,-25,25
6071,119,121,-2,2
6072,88,79,9,9
6073,77,90,-13,13
6074,75,68,7,7
6075,140,125,15,15
6076,66,68,-2,2
6077,121,126,-5,5
6078,47,59,-12,12
6079,68,77,-9,9
6080,112,103,9,9
6081,178,162,16,16
6082,87,96,-9,9
6083,164,141,23,23
6084,79,77,2,2
6085,71,77,-6,6
6086,111,143,-32,32
6087,78,90,-12,12
6088,160,150,10,10
6089,98,93,5,5
6090,115,166,-51,51
6091,95,110,-15,15
6092,65,61,4,4
6093,159,156,3,3
6094,85,81,4,4
6095,69,74,-5,5
6096,116,129,-13,13
6097,55,49,6,6
6098,96,102,-6,6
6099,94,93,1,1
6100,72,71,1,1
6101,94,77,17,17
6102,124,120,4,4
6103,62,59,3,3
6104,79,78,1,1
6105,146,129,17,17
6106,42,44,-2,2
6107,85,85,0,0
6108,100,85,15,15
6109,131,121,10,10
6110,72,73,-1,1
6111,49,45,4,4
6112,116,106,10,10
6113,102,95,7,7
6114,135,138,-3,3
6115,138,118,20,20
6116,40,59,-19,19
6117,104,97,7,7
6118,99,96,3,3
6119,50,49,1,1
6120,108,104,4,4
6121,106,109,-3,3
6122,93,79,14,14
6123,155,151,4,4
6124,127,122,5,5
6125,78,73,5,5
6126,87,95,-8,8
6127,73,71,2,2
6128,92,86,6,6
6129,86,89,-3,3
6130,117,119,-2,2
6131,65,62,3,3
6132,44,56,-12,12
6133,142,121,21,21
6134,83,87,-4,4
6135,104,91,13,13
6136,119,108,11,11
6137,112,102,10,10
6138,96,76,20,20
6139,58,63,-5,5
6140,44,54,-10,10
6141,107,109,-2,2
6142,115,113,2,2
6143,87,97,-10,10
6144,102,95,7,7
6145,89,87,2,2
6146,119,109,10,10
6147,101,119,-18,18
6148,55,63,-8,8
6149,92,90,2,2
6150,108,97,11,11
6151,57,51,6,6
6152,119,118,1,1
6153,133,129,4,4
6154,80,91,-11,11
6155,66,68,-2,2
6156,114,100,14,14
6157,111,111,0,0
6158,140,139,1,1
6159,108,82,26,26
6160,89,106,-17,17
6161,88,76,12,12
6162,76,79,-3,3
6163,80,91,-11,11
6164,98,92,6,6
6165,73,48,25,25
6166,136,130,6,6
6167,50,51,-1,1
6168,88,107,-19,19
6169,69,67,2,2
6170,151,145,6,6
6171,66,62,4,4
6172,73,66,7,7
6173,65,61,4,4
6174,72,84,-12,12
6175,52,59,-7,7
6176,108,84,24,24
6177,86,88,-2,2
6178,34,86,-52,52
6179,183,178,5,5
6180,54,53,1,1
6181,122,113,9,9
6182,64,65,-1,1
6183,75,87,-12,12
6184,105,87,18,18
6185,65,67,-2,2
6186,84,92,-8,8
6187,101,100,1,1
6188,117,103,14,14
6189,148,132,16,16
6190,66,63,3,3
6191,106,102,4,4
6192,147,127,20,20
6193,108,109,-1,1
6194,133,103,30,30
6195,42,53,-11,11
6196,67,65,2,2
6197,117,114,3,3
6198,127,121,6,6
6199,84,86,-2,2
6200,72,72,0,0
6201,77,71,6,6
6202,83,86,-3,3
6203,77,87,-10,10
6204,133,135,-2,2
6205,61,77,-16,16
6206,75,88,-13,13
6207,81,89,-8,8
6208,95,84,11,11
6209,115,106,9,9
6210,106,99,7,7
6211,85,70,15,15
6212,89,95,-6,6
6213,103,106,-3,3
6214,78,73,5,5
6215,83,88,-5,5
6216,128,118,10,10
6217,64,83,-19,19
6218,87,79,8,8
6219,108,92,16,16
6220,108,97,11,11
6221,77,69,8,8
6222,65,69,-4,4
6223,56,59,-3,3
6224,69,58,11,11
6225,83,83,0,0
6226,93,96,-3,3
6227,85,81,4,4
6228,177,166,11,11
6229,52,69,-17,17
6230,35,39,-4,4
6231,128,127,1,1
6232,98,88,10,10
6233,83,84,-1,1
6234,67,56,11,11
6235,102,100,2,2
6236,115,111,4,4
6237,103,104,-1,1
6238,99,95,4,4
6239,100,96,4,4
6240,148,116,32,32
6241,67,62,5,5
6242,131,133,-2,2
6243,76,71,5,5
6244,91,87,4,4
6245,110,94,16,16
6246,133,132,1,1
6247,77,118,-41,41
6248,151,140,11,11
6249,130,126,4,4
6250,80,80,0,0
6251,86,89,-3,3
6252,117,126,-9,9
6253,72,77,-5,5
6254,104,111,-7,7
6255,108,97,11,11
6256,103,112,-9,9
6257,57,57,0,0
6258,30,49,-19,19
6259,70,66,4,4
6260,93,105,-12,12
6261,75,72,3,3
6262,46,51,-5,5
6263,169,153,16,16
6264,88,82,6,6
6265,71,73,-2,2
6266,97,108,-11,11
6267,133,128,5,5
6268,77,77,0,0
6269,93,95,-2,2
6270,52,64,-12,12
6271,124,141,-17,17
6272,60,92,-32,32
6273,53,66,-13,13
6274,98,95,3,3
6275,105,90,15,15
6276,92,90,2,2
6277,106,95,11,11
6278,55,51,4,4
6279,94,90,4,4
6280,94,79,15,15
6281,67,72,-5,5
6282,109,90,19,19
6283,61,71,-10,10
6284,49,62,-13,13
6285,99,86,13,13
6286,109,101,8,8
6287,73,68,5,5
6288,107,106,1,1
6289,82,88,-6,6
6290,122,111,11,11
6291,50,57,-7,7
6292,102,104,-2,2
6293,99,100,-1,1
6294,40,64,-24,24
6295,61,52,9,9
6296,94,97,-3,3
6297,55,50,5,5
6298,66,60,6,6
6299,58,74,-16,16
6300,139,147,-8,8
6301,104,82,22,22
6302,74,73,1,1
6303,77,80,-3,3
6304,77,65,12,12
6305,91,93,-2,2
6306,74,73,1,1
6307,63,66,-3,3
6308,56,56,0,0
6309,103,116,-13,13
6310,83,90,-7,7
6311,69,61,8,8
6312,165,141,24,24
6313,109,104,5,5
6314,93,91,2,2
6315,123,118,5,5
6316,142,136,6,6
6317,71,66,5,5
6318,102,108,-6,6
6319,81,81,0,0
6320,178,149,29,29
6321,75,51,24,24
6322,68,79,-11,11
6323,135,124,11,11
6324,103,97,6,6
6325,108,110,-2,2
6326,62,67,-5,5
6327,95,102,-7,7
6328,114,113,1,1
6329,120,119,1,1
6330,124,119,5,5
6331,90,94,-4,4
6332,29,22,7,7
6333,69,66,3,3
6334,61,70,-9,9
6335,85,77,8,8
6336,83,88,-5,5
6337,122,116,6,6
6338,148,146,2,2
6339,108,108,0,0
6340,96,99,-3,3
6341,75,82,-7,7
6342,101,109,-8,8
6343,81,88,-7,7
6344,98,107,-9,9
6345,95,95,0,0
6346,100,90,10,10
6347,96,97,-1,1
6348,161,156,5,5
6349,84,79,5,5
6350,55,47,8,8
6351,59,65,-6,6
6352,124,127,-3,3
6353,137,145,-8,8
6354,118,115,3,3
6355,144,114,30,30
6356,182,166,16,16
6357,126,112,14,14
6358,127,118,9,9
6359,111,104,7,7
6360,92,91,1,1
6361,106,95,11,11
6362,74,77,-3,3
6363,68,86,-18,18
6364,108,127,-19,19
6365,95,85,10,10
6366,103,103,0,0
6367,81,85,-4,4
6368,86,84,2,2
6369,170,147,23,23
6370,50,48,2,2
6371,51,54,-3,3
6372,94,83,11,11
6373,146,154,-8,8
6374,74,83,-9,9
6375,100,92,8,8
6376,128,104,24,24
6377,74,65,9,9
6378,108,123,-15,15
6379,77,75,2,2
6380,63,72,-9,9
6381,50,50,0,0
6382,109,103,6,6
6383,52,51,1,1
6384,68,72,-4,4
6385,90,98,-8,8
6386,80,94,-14,14
6387,55,65,-10,10
6388,103,102,1,1
6389,84,82,2,2
6390,90,90,0,0
6391,66,75,-9,9
6392,167,150,17,17
6393,82,85,-3,3
6394,73,75,-2,2
6395,86,93,-7,7
6396,71,79,-8,8
6397,80,90,-10,10
6398,92,100,-8,8
6399,117,115,2,2
6400,51,71,-20,20
6401,94,84,10,10
6402,84,78,6,6
6403,135,136,-1,1
6404,66,82,-16,16
6405,151,144,7,7
6406,92,97,-5,5
6407,102,114,-12,12
6408,116,106,10,10
6409,50,64,-14,14
6410,88,95,-7,7
6411,119,111,8,8
6412,107,99,8,8
6413,93,105,-12,12
6414,142,137,5,5
6415,52,54,-2,2
6416,115,114,1,1
6417,52,69,-17,17
6418,56,44,12,12
6419,152,135,17,17
6420,83,71,12,12
6421,62,73,-11,11
6422,64,84,-20,20
6423,119,113,6,6
6424,157,137,20,20
6425,51,55,-4,4
6426,118,113,5,5
6427,58,62,-4,4
6428,94,96,-2,2
6429,45,50,-5,5
6430,120,108,12,12
6431,88,93,-5,5
6432,84,84,0,0
6433,131,125,6,6
6434,98,94,4,4
6435,50,63,-13,13
6436,88,84,4,4
6437,101,126,-25,25
6438,78,78,0,0
6439,40,56,-16,16
6440,103,108,-5,5
6441,96,84,12,12
6442,83,80,3,3
6443,93,96,-3,3
6444,82,72,10,10
6445,103,108,-5,5
6446,41,54,-13,13
6447,39,48,-9,9
6448,60,67,-7,7
6449,137,141,-4,4
6450,46,40,6,6
6451,51,70,-19,19
6452,82,88,-6,6
6453,131,129,2,2
6454,66,81,-15,15
6455,76,69,7,7
6456,204,186,18,18
6457,106,97,9,9
6458,72,69,3,3
6459,145,139,6,6
6460,80,82,-2,2
6461,89,93,-4,4
6462,148,166,-18,18
6463,141,135,6,6
6464,59,66,-7,7
6465,51,47,4,4
6466,88,83,5,5
6467,77,71,6,6
6468,103,110,-7,7
6469,94,92,2,2
6470,92,74,18,18
6471,82,66,16,16
6472,89,88,1,1
6473,72,70,2,2
6474,135,115,20,20
6475,135,131,4,4
6476,85,78,7,7
6477,63,57,6,6
6478,173,142,31,31
6479,108,99,9,9
6480,141,132,9,9
6481,85,83,2,2
6482,144,126,18,18
6483,66,64,2,2
6484,86,101,-15,15
6485,84,75,9,9
6486,107,102,5,5
6487,60,65,-5,5
6488,62,80,-18,18
6489,174,154,20,20
6490,68,73,-5,5
6491,74,79,-5,5
6492,67,69,-2,2
6493,72,67,5,5
6494,117,117,0,0
6495,93,112,-19,19
6496,69,77,-8,8
6497,75,72,3,3
6498,84,95,-11,11
6499,101,106,-5,5
6500,78,76,2,2
6501,202,172,30,30
6502,97,103,-6,6
6503,79,73,6,6
6504,97,110,-13,13
6505,60,65,-5,5
6506,58,57,1,1
6507,113,123,-10,10
6508,63,77,-14,14
6509,79,65,14,14
6510,94,105,-11,11
6511,129,126,3,3
6512,142,131,11,11
6513,96,99,-3,3
6514,83,71,12,12
6515,137,129,8,8
6516,99,96,3,3
6517,92,97,-5,5
6518,92,116,-24,24
6519,69,63,6,6
6520,126,146,-20,20
6521,148,132,16,16
6522,90,82,8,8
6523,94,87,7,7
6524,111,112,-1,1
6525,86,106,-20,20
6526,49,74,-25,25
6527,124,117,7,7
6528,107,116,-9,9
6529,129,131,-2,2
6530,58,58,0,0
6531,70,69,1,1
6532,70,71,-1,1
6533,91,92,-1,1
6534,86,70,16,16
6535,102,110,-8,8
6536,83,85,-2,2
6537,119,116,3,3
6538,76,88,-12,12
6539,49,42,7,7
6540,94,79,15,15
6541,124,108,16,16
6542,65,66,-1,1
6543,96,114,-18,18
6544,170,177,-7,7
6545,68,74,-6,6
6546,28,29,-1,1
6547,135,129,6,6
6548,151,114,37,37
6549,80,80,0,0
6550,79,86,-7,7
6551,68,85,-17,17
6552,118,97,21,21
6553,73,70,3,3
6554,104,111,-7,7
6555,147,132,15,15
6556,91,105,-14,14
6557,147,123,24,24
6558,55,68,-13,13
6559,66,78,-12,12
6560,121,106,15,15
6561,70,65,5,5
6562,107,97,10,10
6563,153,152,1,1
6564,124,115,9,9
6565,59,73,-14,14
6566,90,88,2,2
6567,57,68,-11,11
6568,129,107,22,22
6569,98,103,-5,5
6570,152,147,5,5
6571,55,73,-18,18
6572,93,61,32,32
6573,61,64,-3,3
6574,135,128,7,7
6575,72,61,11,11
6576,105,114,-9,9
6577,65,96,-31,31
6578,91,99,-8,8
6579,117,107,10,10
6580,85,89,-4,4
6581,125,122,3,3
6582,57,62,-5,5
6583,151,139,12,12
6584,68,81,-13,13
6585,104,110,-6,6
6586,53,68,-15,15
6587,88,94,-6,6
6588,91,82,9,9
6589,184,144,40,40
6590,99,102,-3,3
6591,189,168,21,21
6592,186,169,17,17
6593,125,119,6,6
6594,62,72,-10,10
6595,103,102,1,1
6596,183,175,8,8
6597,62,57,5,5
6598,66,63,3,3
6599,73,65,8,8
6600,114,114,0,0
6601,123,114,9,9
6602,108,98,10,10
6603,115,110,5,5
6604,124,118,6,6
6605,66,78,-12,12
6606,104,88,16,16
6607,75,84,-9,9
6608,108,112,-4,4
6609,81,73,8,8
6610,82,64,18,18
6611,80,68,12,12
6612,30,45,-15,15
6613,90,88,2,2
6614,62,62,0,0
6615,86,81,5,5
6616,56,53,3,3
6617,95,103,-8,8
6618,100,108,-8,8
6619,102,98,4,4
6620,102,112,-10,10
6621,59,57,2,2
6622,152,149,3,3
6623,163,154,9,9
6624,143,137,6,6
6625,162,141,21,21
6626,84,99,-15,15
6627,78,87,-9,9
6628,92,102,-10,10
6629,79,97,-18,18
6630,78,66,12,12
6631,120,115,5,5
6632,99,88,11,11
6633,103,84,19,19
6634,76,77,-1,1
6635,80,74,6,6
6636,66,60,6,6
6637,128,114,14,14
6638,85,69,16,16
6639,100,95,5,5
6640,46,52,-6,6
6641,125,124,1,1
6642,111,104,7,7
6643,119,111,8,8
6644,59,63,-4,4
6645,55,65,-10,10
6646,158,129,29,29
6647,106,116,-10,10
6648,136,119,17,17
6649,108,106,2,2
6650,124,113,11,11
6651,106,98,8,8
6652,92,78,14,14
6653,118,117,1,1
6654,108,102,6,6
6655,114,113,1,1
6656,51,61,-10,10
6657,85,72,13,13
6658,61,89,-28,28
6659,74,82,-8,8
6660,67,57,10,10
6661,108,104,4,4
6662,132,123,9,9
6663,78,75,3,3
6664,102,112,-10,10
6665,175,166,9,9
6666,140,129,11,11
6667,93,83,10,10
6668,75,84,-9,9
6669,98,97,1,1
6670,98,84,14,14
6671,119,114,5,5
6672,121,131,-10,10
6673,94,92,2,2
6674,117,108,9,9
6675,108,115,-7,7
6676,87,110,-23,23
6677,100,92,8,8
6678,88,81,7,7
6679,86,67,19,19
6680,65,72,-7,7
6681,81,73,8,8
6682,89,92,-3,3
6683,114,115,-1,1
6684,108,105,3,3
6685,95,89,6,6
6686,100,97,3,3
6687,98,93,5,5
6688,88,87,1,1
6689,95,85,10,10
6690,92,86,6,6
6691,161,144,17,17
6692,57,54,3,3
6693,89,87,2,2
6694,67,54,13,13
6695,101,105,-4,4
6696,102,108,-6,6
6697,84,78,6,6
6698,64,66,-2,2
6699,127,126,1,1
6700,97,102,-5,5
6701,101,102,-1,1
6702,65,65,0,0
6703,89,80,9,9
6704,70,67,3,3
6705,67,75,-8,8
6706,169,163,6,6
6707,59,67,-8,8
6708,163,128,35,35
6709,38,42,-4,4
6710,117,110,7,7
6711,53,57,-4,4
6712,52,57,-5,5
6713,120,110,10,10
6714,80,79,1,1
6715,52,60,-8,8
6716,127,152,-25,25
6717,87,103,-16,16
6718,54,85,-31,31
6719,66,69,-3,3
6720,98,83,15,15
6721,112,116,-4,4
6722,56,61,-5,5
6723,114,110,4,4
6724,90,78,12,12
6725,87,86,1,1
6726,58,62,-4,4
6727,118,108,10,10
6728,96,97,-1,1
6729,102,114,-12,12
6730,84,88,-4,4
6731,111,99,12,12
6732,62,77,-15,15
6733,73,61,12,12
6734,69,83,-14,14
6735,133,111,22,22
6736,87,88,-1,1
6737,64,65,-1,1
6738,85,92,-7,7
6739,103,92,11,11
6740,86,76,10,10
6741,68,62,6,6
6742,145,135,10,10
6743,74,77,-3,3
6744,91,102,-11,11
6745,102,97,5,5
6746,128,136,-8,8
6747,104,108,-4,4
6748,110,125,-15,15
6749,56,48,8,8
6750,83,78,5,5
6751,109,112,-3,3
6752,77,67,10,10
6753,164,136,28,28
6754,137,129,8,8
6755,134,114,20,20
6756,172,172,0,0
6757,116,106,10,10
6758,80,81,-1,1
6759,50,64,-14,14
6760,168,126,42,42
6761,68,70,-2,2
6762,88,94,-6,6
6763,48,53,-5,5
6764,60,55,5,5
6765,135,143,-8,8
6766,75,65,10,10
6767,187,171,16,16
6768,78,73,5,5
6769,117,99,18,18
6770,109,119,-10,10
6771,79,84,-5,5
6772,80,83,-3,3
6773,72,74,-2,2
6774,105,98,7,7
6775,130,138,-8,8
6776,108,112,-4,4
6777,39,47,-8,8
6778,94,109,-15,15
6779,76,80,-4,4
6780,84,89,-5,5
6781,110,114,-4,4
6782,79,82,-3,3
6783,129,119,10,10
6784,66,66,0,0
6785,73,71,2,2
6786,90,86,4,4
6787,69,69,0,0
6788,76,58,18,18
6789,96,130,-34,34
6790,113,112,1,1
6791,118,111,7,7
6792,78,70,8,8
6793,92,80,12,12
6794,96,88,8,8
6795,111,114,-3,3
6796,143,152,-9,9
6797,101,91,10,10
6798,99,104,-5,5
6799,110,113,-3,3
6800,105,104,1,1
6801,79,75,4,4
6802,80,92,-12,12
6803,54,53,1,1
6804,86,77,9,9
6805,66,66,0,0
6806,96,95,1,1
6807,151,149,2,2
6808,78,100,-22,22
6809,82,87,-5,5
6810,93,92,1,1
6811,57,71,-14,14
6812,129,120,9,9
6813,89,92,-3,3
6814,83,81,2,2
6815,72,93,-21,21
6816,85,89,-4,4
6817,58,61,-3,3
6818,69,82,-13,13
6819,69,77,-8,8
6820,55,54,1,1
6821,114,114,0,0
6822,145,132,13,13
6823,81,83,-2,2
6824,41,79,-38,38
6825,88,105,-17,17
6826,108,105,3,3
6827,104,101,3,3
6828,74,64,10,10
6829,111,111,0,0
6830,74,67,7,7
6831,82,75,7,7
6832,129,119,10,10
6833,75,92,-17,17
6834,137,117,20,20
6835,135,131,4,4
6836,93,88,5,5
6837,73,85,-12,12
6838,125,127,-2,2
6839,110,108,2,2
6840,147,168,-21,21
6841,86,97,-11,11
6842,96,86,10,10
6843,104,99,5,5
6844,110,115,-5,5
6845,80,76,4,4
6846,66,79,-13,13
6847,168,162,6,6
6848,123,133,-10,10
6849,138,128,10,10
6850,66,62,4,4
6851,66,75,-9,9
6852,143,116,27,27
6853,88,82,6,6
6854,76,80,-4,4
6855,143,144,-1,1
6856,108,95,13,13
6857,74,71,3,3
6858,76,75,1,1
6859,59,58,1,1
6860,87,80,7,7
6861,113,112,1,1
6862,57,52,5,5
6863,56,71,-15,15
6864,102,95,7,7
6865,74,74,0,0
6866,89,95,-6,6
6867,75,89,-14,14
6868,128,130,-2,2
6869,106,114,-8,8
6870,92,100,-8,8
6871,138,128,10,10
6872,75,67,8,8
6873,103,103,0,0
6874,120,104,16,16
6875,136,129,7,7
6876,72,72,0,0
6877,128,152,-24,24
6878,128,118,10,10
6879,150,132,18,18
6880,86,77,9,9
6881,85,77,8,8
6882,62,60,2,2
6883,76,74,2,2
6884,123,131,-8,8
6885,64,71,-7,7
6886,116,121,-5,5
6887,62,72,-10,10
6888,81,74,7,7
6889,118,105,13,13
6890,117,117,0,0
6891,123,121,2,2
6892,144,121,23,23
6893,109,114,-5,5
6894,79,71,8,8
6895,97,105,-8,8
6896,87,80,7,7
6897,55,51,4,4
6898,65,72,-7,7
6899,103,106,-3,3
6900,90,82,8,8
6901,87,78,9,9
6902,43,46,-3,3
6903,92,82,10,10
6904,147,147,0,0
6905,106,103,3,3
6906,68,68,0,0
6907,71,64,7,7
6908,97,88,9,9
6909,93,91,2,2
6910,69,95,-26,26
6911,92,90,2,2
6912,77,90,-13,13
6913,132,125,7,7
6914,87,87,0,0
6915,118,111,7,7
6916,58,55,3,3
6917,43,42,1,1
6918,80,86,-6,6
6919,118,106,12,12
6920,107,116,-9,9
6921,132,133,-1,1
6922,86,90,-4,4
6923,114,104,10,10
6924,85,85,0,0
6925,66,74,-8,8
6926,65,64,1,1
6927,84,87,-3,3
6928,122,122,0,0
6929,74,89,-15,15
6930,154,158,-4,4
6931,93,95,-2,2
6932,40,64,-24,24
6933,88,71,17,17
6934,84,88,-4,4
6935,67,68,-1,1
6936,113,124,-11,11
6937,110,102,8,8
6938,217,190,27,27
6939,99,98,1,1
6940,107,108,-1,1
6941,120,118,2,2
6942,116,114,2,2
6943,70,76,-6,6
6944,86,76,10,10
6945,89,88,1,1
6946,75,71,4,4
6947,72,67,5,5
6948,75,82,-7,7
6949,55,60,-5,5
6950,196,181,15,15
6951,114,108,6,6
6952,142,112,30,30
6953,76,76,0,0
6954,71,83,-12,12
6955,80,80,0,0
6956,81,78,3,3
6957,106,92,14,14
6958,126,127,-1,1
6959,114,122,-8,8
6960,90,84,6,6
6961,134,131,3,3
6962,112,115,-3,3
6963,86,96,-10,10
6964,109,125,-16,16
6965,98,121,-23,23
6966,123,116,7,7
6967,48,45,3,3
6968,89,79,10,10
6969,141,135,6,6
6970,122,115,7,7
6971,65,151,-86,86
6972,163,154,9,9
6973,106,98,8,8
6974,145,148,-3,3
6975,65,61,4,4
6976,111,89,22,22
6977,110,103,7,7
6978,40,42,-2,2
6979,77,84,-7,7
6980,81,81,0,0
6981,136,126,10,10
6982,124,132,-8,8
6983,107,108,-1,1
6984,83,76,7,7
6985,137,121,16,16
6986,93,98,-5,5
6987,95,88,7,7
6988,82,98,-16,16
6989,91,94,-3,3
6990,139,116,23,23
6991,49,43,6,6
6992,36,60,-24,24
6993,76,71,5,5
6994,57,60,-3,3
6995,128,120,8,8
6996,77,92,-15,15
6997,86,88,-2,2
6998,144,135,9,9
6999,72,72,0,0
7000,48,48,0,0
7001,86,92,-6,6
7002,96,95,1,1
7003,67,69,-2,2
7004,65,60,5,5
7005,132,126,6,6
7006,128,128,0,0
7007,115,106,9,9
7008,109,116,-7,7
7009,63,64,-1,1
7010,55,74,-19,19
7011,119,98,21,21
7012,70,66,4,4
7013,125,136,-11,11
7014,146,131,15,15
7015,84,86,-2,2
7016,120,115,5,5
7017,83,104,-21,21
7018,68,73,-5,5
7019,106,93,13,13
7020,147,133,14,14
7021,81,84,-3,3
7022,87,98,-11,11
7023,86,76,10,10
7024,67,81,-14,14
7025,100,92,8,8
7026,81,85,-4,4
7027,70,72,-2,2
7028,94,85,9,9
7029,123,112,11,11
7030,121,116,5,5
7031,71,76,-5,5
7032,73,83,-10,10
7033,79,77,2,2
7034,98,102,-4,4
7035,147,120,27,27
7036,86,93,-7,7
7037,83,69,14,14
7038,117,113,4,4
7039,93,93,0,0
7040,44,48,-4,4
7041,68,68,0,0
7042,74,73,1,1
7043,76,88,-12,12
7044,96,82,14,14
7045,80,63,17,17
7046,73,85,-12,12
7047,93,78,15,15
7048,48,48,0,0
7049,85,84,1,1
7050,140,136,4,4
7051,81,82,-1,1
7052,57,41,16,16
7053,93,83,10,10
7054,119,109,10,10
7055,129,128,1,1
7056,88,82,6,6
7057,101,107,-6,6
7058,91,98,-7,7
7059,59,55,4,4
7060,109,112,-3,3
7061,89,79,10,10
7062,101,97,4,4
7063,116,107,9,9
7064,86,86,0,0
7065,113,108,5,5
7066,101,93,8,8
7067,110,108,2,2
7068,115,135,-20,20
7069,137,165,-28,28
7070,64,70,-6,6
7071,133,112,21,21
7072,80,80,0,0
7073,61,32,29,29
7074,116,116,0,0
7075,154,143,11,11
7076,69,71,-2,2
7077,123,124,-1,1
7078,63,74,-11,11
7079,99,106,-7,7
7080,52,49,3,3
7081,86,77,9,9
7082,79,83,-4,4
7083,97,99,-2,2
7084,68,64,4,4
7085,79,79,0,0
7086,82,71,11,11
7087,66,58,8,8
7088,28,44,-16,16
7089,54,62,-8,8
7090,76,72,4,4
7091,74,86,-12,12
7092,97,94,3,3
7093,82,82,0,0
7094,103,101,2,2
7095,61,52,9,9
7096,69,60,9,9
7097,60,65,-5,5
7098,61,91,-30,30
7099,100,103,-3,3
7100,100,94,6,6
7101,129,118,11,11
7102,184,161,23,23
7103,119,112,7,7
7104,91,73,18,18
7105,99,116,-17,17
7106,100,90,10,10
7107,58,65,-7,7
7108,70,71,-1,1
7109,76,89,-13,13
7110,77,74,3,3
7111,70,67,3,3
7112,116,112,4,4
7113,149,145,4,4
7114,124,130,-6,6
7115,139,114,25,25
7116,142,149,-7,7
7117,77,77,0,0
7118,96,79,17,17
7119,215,167,48,48
7120,70,77,-7,7
7121,118,119,-1,1
7122,89,98,-9,9
7123,106,100,6,6
7124,117,116,1,1
7125,60,62,-2,2
7126,67,68,-1,1
7127,149,137,12,12
7128,364,304,60,60
7129,110,110,0,0
7130,106,107,-1,1
7131,161,157,4,4
7132,119,137,-18,18
7133,113,153,-40,40
7134,100,105,-5,5
7135,51,50,1,1
7136,121,119,2,2
7137,108,109,-1,1
7138,107,105,2,2
7139,62,63,-1,1
7140,84,91,-7,7
7141,93,74,19,19
7142,143,143,0,0
7143,136,136,0,0
7144,53,57,-4,4
7145,97,104,-7,7
7146,139,145,-6,6
7147,126,133,-7,7
7148,46,58,-12,12
7149,172,166,6,6
7150,101,104,-3,3
7151,89,87,2,2
7152,118,112,6,6
7153,71,76,-5,5
7154,120,111,9,9
7155,77,79,-2,2
7156,145,131,14,14
7157,45,37,8,8
7158,80,69,11,11
7159,58,61,-3,3
7160,117,115,2,2
7161,91,89,2,2
7162,192,167,25,25
7163,68,63,5,5
7164,71,79,-8,8
7165,82,85,-3,3
7166,84,97,-13,13
7167,70,93,-23,23
7168,47,68,-21,21
7169,95,86,9,9
7170,59,61,-2,2
7171,154,142,12,12
7172,131,119,12,12
7173,98,96,2,2
7174,38,49,-11,11
7175,86,87,-1,1
7176,55,64,-9,9
7177,40,48,-8,8
7178,119,110,9,9
7179,247,216,31,31
7180,96,96,0,0
7181,69,77,-8,8
7182,87,102,-15,15
7183,93,102,-9,9
7184,84,77,7,7
7185,127,136,-9,9
7186,106,100,6,6
7187,62,58,4,4
7188,84,93,-9,9
7189,48,55,-7,7
7190,116,127,-11,11
7191,83,85,-2,2
7192,123,117,6,6
7193,97,82,15,15
7194,119,100,19,19
7195,113,118,-5,5
7196,70,80,-10,10
7197,123,142,-19,19
7198,86,85,1,1
7199,49,44,5,5
7200,113,124,-11,11
7201,100,102,-2,2
7202,131,130,1,1
7203,93,88,5,5
7204,92,81,11,11
7205,73,72,1,1
7206,61,59,2,2
7207,72,80,-8,8
7208,91,95,-4,4
7209,86,84,2,2
7210,82,74,8,8
7211,179,174,5,5
7212,121,95,26,26
7213,58,59,-1,1
7214,83,68,15,15
7215,100,76,24,24
7216,84,77,7,7
7217,76,77,-1,1
7218,83,75,8,8
7219,81,80,1,1
7220,119,111,8,8
7221,160,139,21,21
7222,97,102,-5,5
7223,143,150,-7,7
7224,49,38,11,11
7225,188,161,27,27
7226,79,84,-5,5
7227,62,65,-3,3
7228,71,56,15,15
7229,114,136,-22,22
7230,167,156,11,11
7231,100,86,14,14
7232,90,84,6,6
7233,106,106,0,0
7234,129,131,-2,2
7235,81,70,11,11
7236,52,65,-13,13
7237,86,86,0,0
7238,92,109,-17,17
7239,59,62,-3,3
7240,98,98,0,0
7241,94,99,-5,5
7242,173,165,8,8
7243,82,100,-18,18
7244,121,110,11,11
7245,84,81,3,3
7246,44,43,1,1
7247,88,99,-11,11
7248,91,93,-2,2
7249,97,86,11,11
7250,46,51,-5,5
7251,114,106,8,8
7252,108,105,3,3
7253,66,66,0,0
7254,71,75,-4,4
7255,76,76,0,0
7256,159,154,5,5
7257,39,38,1,1
7258,47,62,-15,15
7259,142,111,31,31
7260,124,135,-11,11
7261,109,112,-3,3
7262,110,111,-1,1
7263,59,70,-11,11
7264,107,90,17,17
7265,59,53,6,6
7266,93,98,-5,5
7267,96,100,-4,4
7268,40,44,-4,4
7269,124,115,9,9
7270,90,73,17,17
7271,52,57,-5,5
7272,95,89,6,6
7273,81,99,-18,18
7274,171,129,42,42
7275,78,76,2,2
7276,97,94,3,3
7277,82,92,-10,10
7278,93,80,13,13
7279,106,105,1,1
7280,129,116,13,13
7281,110,113,-3,3
7282,28,50,-22,22
7283,152,144,8,8
7284,113,106,7,7
7285,62,55,7,7
7286,51,49,2,2
7287,167,156,11,11
7288,60,49,11,11
7289,176,159,17,17
7290,139,137,2,2
7291,193,164,29,29
7292,78,74,4,4
7293,76,83,-7,7
7294,80,75,5,5
7295,86,104,-18,18
7296,102,89,13,13
7297,51,47,4,4
7298,32,33,-1,1
7299,133,121,12,12
7300,160,140,20,20
7301,75,81,-6,6
7302,84,73,11,11
7303,85,92,-7,7
7304,89,87,2,2
7305,69,64,5,5
7306,113,111,2,2
7307,69,75,-6,6
7308,76,80,-4,4
7309,56,71,-15,15
7310,86,84,2,2
7311,92,94,-2,2
7312,54,64,-10,10
7313,100,109,-9,9
7314,37,56,-19,19
7315,140,132,8,8
7316,57,75,-18,18
7317,83,82,1,1
7318,75,57,18,18
7319,59,57,2,2
7320,99,111,-12,12
7321,108,110,-2,2
7322,93,99,-6,6
7323,78,93,-15,15
7324,166,164,2,2
7325,81,76,5,5
7326,80,89,-9,9
7327,166,152,14,14
7328,56,48,8,8
7329,108,113,-5,5
7330,88,92,-4,4
7331,124,124,0,0
7332,71,83,-12,12
7333,111,99,12,12
7334,77,80,-3,3
7335,84,79,5,5
7336,85,87,-2,2
7337,103,94,9,9
7338,67,85,-18,18
7339,128,126,2,2
7340,54,53,1,1
7341,98,92,6,6
7342,115,129,-14,14
7343,80,77,3,3
7344,66,59,7,7
7345,84,76,8,8
7346,179,180,-1,1
7347,70,83,-13,13
7348,93,100,-7,7
7349,139,151,-12,12
7350,136,127,9,9
7351,173,163,10,10
7352,112,104,8,8
7353,76,87,-11,11
7354,112,118,-6,6
7355,118,126,-8,8
7356,109,100,9,9
7357,101,109,-8,8
7358,105,91,14,14
7359,67,42,25,25
7360,131,120,11,11
7361,41,52,-11,11
7362,49,45,4,4
7363,113,126,-13,13
7364,137,137,0,0
7365,96,106,-10,10
7366,68,65,3,3
7367,110,127,-17,17
7368,70,68,2,2
7369,155,138,17,17
7370,58,43,15,15
7371,140,140,0,0
7372,119,131,-12,12
7373,67,77,-10,10
7374,79,84,-5,5
7375,68,64,4,4
7376,62,73,-11,11
7377,48,53,-5,5
7378,104,111,-7,7
7379,67,82,-15,15
7380,63,78,-15,15
7381,70,70,0,0
7382,83,95,-12,12
7383,66,78,-12,12
7384,67,86,-19,19
7385,54,57,-3,3
7386,144,154,-10,10
7387,68,62,6,6
7388,76,88,-12,12
7389,62,62,0,0
7390,147,133,14,14
7391,80,108,-28,28
7392,53,54,-1,1
7393,73,62,11,11
7394,74,68,6,6
7395,63,79,-16,16
7396,111,110,1,1
7397,199,177,22,22
7398,90,83,7,7
7399,65,67,-2,2
7400,68,60,8,8
7401,81,77,4,4
7402,95,93,2,2
7403,83,80,3,3
7404,99,83,16,16
7405,64,65,-1,1
7406,70,83,-13,13
7407,62,55,7,7
7408,60,62,-2,2
7409,84,92,-8,8
7410,63,65,-2,2
7411,91,99,-8,8
7412,53,69,-16,16
7413,114,106,8,8
7414,102,100,2,2
7415,80,58,22,22
7416,85,87,-2,2
7417,112,112,0,0
7418,86,80,6,6
7419,61,71,-10,10
7420,118,116,2,2
7421,108,84,24,24
7422,179,159,20,20
7423,87,84,3,3
7424,185,155,30,30
7425,91,86,5,5
7426,73,81,-8,8
7427,63,55,8,8
7428,159,132,27,27
7429,146,146,0,0
7430,75,79,-4,4
7431,73,75,-2,2
7432,107,98,9,9
7433,93,94,-1,1
7434,89,99,-10,10
7435,82,106,-24,24
7436,79,85,-6,6
7437,50,62,-12,12
7438,69,76,-7,7
7439,89,86,3,3
7440,145,159,-14,14
7441,84,91,-7,7
7442,115,122,-7,7
7443,103,115,-12,12
7444,90,96,-6,6
7445,57,62,-5,5
7446,118,110,8,8
7447,99,109,-10,10
7448,124,115,9,9
7449,102,111,-9,9
7450,97,97,0,0
7451,64,50,14,14
7452,78,78,0,0
7453,121,129,-8,8
7454,163,147,16,16
7455,63,58,5,5
7456,53,63,-10,10
7457,71,71,0,0
7458,79,86,-7,7
7459,102,104,-2,2
7460,130,117,13,13
7461,114,106,8,8
7462,118,131,-13,13
7463,93,106,-13,13
7464,78,64,14,14
7465,87,90,-3,3
7466,107,106,1,1
7467,105,93,12,12
7468,135,104,31,31
7469,64,62,2,2
7470,80,72,8,8
7471,79,83,-4,4
7472,156,158,-2,2
7473,123,123,0,0
7474,81,100,-19,19
7475,91,96,-5,5
7476,184,164,20,20
7477,62,73,-11,11
7478,76,77,-1,1
7479,112,114,-2,2
7480,60,66,-6,6
7481,103,100,3,3
7482,83,91,-8,8
7483,69,65,4,4
7484,206,183,23,23
7485,78,81,-3,3
7486,82,67,15,15
7487,81,89,-8,8
7488,39,55,-16,16
7489,109,107,2,2
7490,32,16,16,16
7491,65,66,-1,1
7492,88,80,8,8
7493,94,94,0,0
7494,87,85,2,2
7495,74,71,3,3
7496,88,76,12,12
7497,103,100,3,3
7498,72,68,4,4
7499,83,88,-5,5
7500,197,189,8,8
7501,41,53,-12,12
7502,76,72,4,4
7503,129,122,7,7
7504,40,67,-27,27
7505,136,124,12,12
7506,62,58,4,4
7507,66,51,15,15
7508,106,119,-13,13
7509,62,58,4,4
7510,109,100,9,9
7511,136,114,22,22
7512,100,98,2,2
7513,160,155,5,5
7514,105,107,-2,2
7515,122,110,12,12
7516,98,101,-3,3
7517,78,78,0,0
7518,75,74,1,1
7519,67,86,-19,19
7520,56,66,-10,10
7521,60,53,7,7
7522,38,42,-4,4
7523,53,54,-1,1
7524,57,72,-15,15
7525,113,109,4,4
7526,83,72,11,11
7527,81,70,11,11
7528,136,149,-13,13
7529,78,67,11,11
7530,89,90,-1,1
7531,86,84,2,2
7532,68,86,-18,18
7533,156,148,8,8
7534,85,80,5,5
7535,126,114,12,12
7536,57,80,-23,23
7537,114,107,7,7
7538,113,108,5,5
7539,75,73,2,2
7540,130,125,5,5
7541,79,38,41,41
7542,112,113,-1,1
7543,120,128,-8,8
7544,76,77,-1,1
7545,86,79,7,7
7546,60,59,1,1
7547,52,56,-4,4
7548,80,81,-1,1
7549,136,113,23,23
7550,71,77,-6,6
7551,152,147,5,5
7552,59,64,-5,5
7553,88,91,-3,3
7554,71,67,4,4
7555,71,66,5,5
7556,88,86,2,2
7557,44,48,-4,4
7558,95,96,-1,1
7559,99,99,0,0
7560,74,82,-8,8
7561,148,132,16,16
7562,74,81,-7,7
7563,103,88,15,15
7564,70,42,28,28
7565,128,108,20,20
7566,70,74,-4,4
7567,69,79,-10,10
7568,95,80,15,15
7569,125,114,11,11
7570,87,98,-11,11
7571,130,133,-3,3
7572,105,130,-25,25
7573,96,92,4,4
7574,90,98,-8,8
7575,52,68,-16,16
7576,77,90,-13,13
7577,143,132,11,11
7578,97,111,-14,14
7579,81,89,-8,8
7580,55,49,6,6
7581,122,129,-7,7
7582,59,58,1,1
7583,106,97,9,9
7584,146,133,13,13
7585,62,70,-8,8
7586,122,116,6,6
7587,166,141,25,25
7588,76,71,5,5
7589,82,81,1,1
7590,114,110,4,4
7591,113,126,-13,13
7592,94,101,-7,7
7593,113,112,1,1
7594,79,76,3,3
7595,106,99,7,7
7596,123,113,10,10
7597,118,106,12,12
7598,80,78,2,2
7599,94,91,3,3
7600,89,76,13,13
7601,64,53,11,11
7602,113,109,4,4
7603,137,123,14,14
7604,53,103,-50,50
7605,133,123,10,10
7606,65,82,-17,17
7607,78,82,-4,4
7608,40,45,-5,5
7609,60,68,-8,8
7610,52,56,-4,4
7611,136,121,15,15
7612,155,155,0,0
7613,94,94,0,0
7614,75,74,1,1
7615,36,63,-27,27
7616,132,120,12,12
7617,117,122,-5,5
7618,136,147,-11,11
7619,141,122,19,19
7620,65,67,-2,2
7621,96,80,16,16
7622,68,94,-26,26
7623,144,129,15,15
7624,148,130,18,18
7625,117,132,-15,15
7626,60,69,-9,9
7627,98,102,-4,4
7628,114,109,5,5
7629,139,113,26,26
7630,109,104,5,5
7631,69,72,-3,3
7632,105,100,5,5
7633,116,107,9,9
7634,72,66,6,6
7635,74,99,-25,25
7636,102,103,-1,1
7637,62,48,14,14
7638,36,46,-10,10
7639,94,90,4,4
7640,78,85,-7,7
7641,150,127,23,23
7642,81,92,-11,11
7643,154,151,3,3
7644,115,122,-7,7
7645,44,52,-8,8
7646,88,98,-10,10
7647,80,74,6,6
7648,75,76,-1,1
7649,58,49,9,9
7650,124,118,6,6
7651,90,82,8,8
7652,117,104,13,13
7653,93,93,0,0
7654,133,133,0,0
7655,71,65,6,6
7656,82,90,-8,8
7657,66,67,-1,1
7658,69,67,2,2
7659,112,110,2,2
7660,114,106,8,8
7661,81,59,22,22
7662,110,121,-11,11
7663,76,70,6,6
7664,97,105,-8,8
7665,83,91,-8,8
7666,73,71,2,2
7667,109,108,1,1
7668,67,64,3,3
7669,101,102,-1,1
7670,74,73,1,1
7671,122,122,0,0
7672,51,60,-9,9
7673,80,95,-15,15
7674,118,107,11,11
7675,87,86,1,1
7676,84,79,5,5
7677,135,129,6,6
7678,51,103,-52,52
7679,121,113,8,8
7680,60,67,-7,7
7681,150,143,7,7
7682,41,49,-8,8
7683,55,59,-4,4
7684,149,122,27,27
7685,136,133,3,3
7686,121,103,18,18
7687,121,118,3,3
7688,50,80,-30,30
7689,61,52,9,9
7690,129,132,-3,3
7691,83,97,-14,14
7692,83,95,-12,12
7693,77,74,3,3
7694,110,91,19,19
7695,110,96,14,14
7696,108,111,-3,3
7697,95,98,-3,3
7698,91,80,11,11
7699,99,94,5,5
7700,105,111,-6,6
7701,104,115,-11,11
7702,82,77,5,5
7703,68,66,2,2
7704,77,78,-1,1
7705,103,93,10,10
7706,87,89,-2,2
7707,55,68,-13,13
7708,94,92,2,2
7709,67,66,1,1
7710,75,96,-21,21
7711,137,140,-3,3
7712,69,84,-15,15
7713,67,67,0,0
7714,77,87,-10,10
7715,68,94,-26,26
7716,117,118,-1,1
7717,109,124,-15,15
7718,164,152,12,12
7719,102,127,-25,25
7720,77,95,-18,18
7721,71,112,-41,41
7722,71,78,-7,7
7723,146,128,18,18
7724,40,55,-15,15
7725,121,118,3,3
7726,86,83,3,3
7727,99,103,-4,4
7728,68,78,-10,10
7729,89,76,13,13
7730,71,80,-9,9
7731,72,68,4,4
7732,49,50,-1,1
7733,155,134,21,21
7734,145,134,11,11
7735,102,108,-6,6
7736,131,135,-4,4
7737,101,83,18,18
7738,61,70,-9,9
7739,108,109,-1,1
7740,62,62,0,0
7741,93,99,-6,6
7742,84,78,6,6
7743,56,102,-46,46
7744,143,138,5,5
7745,145,143,2,2
7746,103,95,8,8
7747,88,90,-2,2
7748,96,102,-6,6
7749,63,60,3,3
7750,88,88,0,0
7751,50,59,-9,9
7752,106,108,-2,2
7753,89,68,21,21
7754,101,104,-3,3
7755,134,118,16,16
7756,91,95,-4,4
7757,134,143,-9,9
7758,79,77,2,2
7759,161,150,11,11
7760,127,134,-7,7
7761,88,85,3,3
7762,61,72,-11,11
7763,60,70,-10,10
7764,102,92,10,10
7765,140,150,-10,10
7766,69,93,-24,24
7767,101,103,-2,2
7768,175,167,8,8
7769,129,138,-9,9
7770,115,114,1,1
7771,88,102,-14,14
7772,79,83,-4,4
7773,102,98,4,4
7774,43,45,-2,2
7775,97,105,-8,8
7776,132,142,-10,10
7777,58,60,-2,2
7778,89,92,-3,3
7779,90,96,-6,6
7780,98,100,-2,2
7781,102,106,-4,4
7782,88,80,8,8
7783,106,100,6,6
7784,99,97,2,2
7785,151,145,6,6
7786,111,127,-16,16
7787,65,71,-6,6
7788,71,73,-2,2
7789,79,95,-16,16
7790,65,67,-2,2
7791,136,123,13,13
7792,151,161,-10,10
7793,108,114,-6,6
7794,121,105,16,16
7795,54,73,-19,19
7796,96,109,-13,13
7797,98,83,15,15
7798,62,64,-2,2
7799,78,77,1,1
7800,97,105,-8,8
7801,80,72,8,8
7802,65,65,0,0
7803,74,65,9,9
7804,118,113,5,5
7805,109,103,6,6
7806,99,90,9,9
7807,78,88,-10,10
7808,59,69,-10,10
7809,84,99,-15,15
7810,108,115,-7,7
7811,89,93,-4,4
7812,119,103,16,16
7813,182,167,15,15
7814,133,125,8,8
7815,90,98,-8,8
7816,144,172,-28,28
7817,109,101,8,8
7818,154,143,11,11
7819,54,44,10,10
7820,59,53,6,6
7821,120,122,-2,2
7822,113,128,-15,15
7823,90,81,9,9
7824,119,112,7,7
7825,72,71,1,1
7826,173,163,10,10
7827,252,272,-20,20
7828,123,135,-12,12
7829,178,145,33,33
7830,207,177,30,30
7831,86,85,1,1
7832,61,64,-3,3
7833,82,85,-3,3
7834,77,88,-11,11
7835,90,96,-6,6
7836,85,104,-19,19
7837,133,151,-18,18
7838,67,84,-17,17
7839,71,74,-3,3
7840,118,120,-2,2
7841,168,188,-20,20
7842,101,99,2,2
7843,126,113,13,13
7844,127,115,12,12
7845,197,184,13,13
7846,67,68,-1,1
7847,59,66,-7,7
7848,139,138,1,1
7849,84,81,3,3
7850,75,72,3,3
7851,124,118,6,6
7852,61,60,1,1
7853,78,90,-12,12
7854,102,98,4,4
7855,50,49,1,1
7856,72,85,-13,13
7857,98,108,-10,10
7858,109,106,3,3
7859,97,83,14,14
7860,79,81,-2,2
7861,73,69,4,4
7862,114,110,4,4
7863,118,119,-1,1
7864,101,108,-7,7
7865,103,101,2,2
7866,49,51,-2,2
7867,49,52,-3,3
7868,37,45,-8,8
7869,121,122,-1,1
7870,69,66,3,3
7871,126,137,-11,11
7872,91,88,3,3
7873,119,121,-2,2
7874,105,94,11,11
7875,129,129,0,0
7876,83,82,1,1
7877,99,108,-9,9
7878,106,116,-10,10
7879,67,71,-4,4
7880,132,133,-1,1
7881,110,102,8,8
7882,72,65,7,7
7883,126,121,5,5
7884,129,141,-12,12
7885,74,69,5,5
7886,131,130,1,1
7887,97,86,11,11
7888,118,127,-9,9
7889,124,115,9,9
7890,66,63,3,3
7891,99,101,-2,2
7892,93,95,-2,2
7893,169,143,26,26
7894,109,123,-14,14
7895,194,178,16,16
7896,131,119,12,12
7897,67,71,-4,4
7898,102,111,-9,9
7899,126,121,5,5
7900,166,166,0,0
7901,52,58,-6,6
7902,129,129,0,0
7903,175,170,5,5
7904,77,68,9,9
7905,52,50,2,2
7906,73,64,9,9
7907,97,93,4,4
7908,49,53,-4,4
7909,112,112,0,0
7910,108,119,-11,11
7911,91,83,8,8
7912,84,117,-33,33
7913,35,45,-10,10
7914,182,187,-5,5
7915,61,67,-6,6
7916,61,25,36,36
7917,79,72,7,7
7918,55,57,-2,2
7919,64,68,-4,4
7920,142,122,20,20
7921,66,66,0,0
7922,74,94,-20,20
7923,150,134,16,16
7924,99,103,-4,4
7925,106,104,2,2
7926,72,78,-6,6
7927,121,116,5,5
7928,114,109,5,5
7929,75,66,9,9
7930,65,77,-12,12
7931,116,122,-6,6
7932,99,89,10,10
7933,199,189,10,10
7934,60,47,13,13
7935,67,57,10,10
7936,81,85,-4,4
7937,178,146,32,32
7938,70,78,-8,8
7939,131,117,14,14
7940,149,139,10,10
7941,70,72,-2,2
7942,97,99,-2,2
7943,104,95,9,9
7944,73,85,-12,12
7945,74,78,-4,4
7946,87,95,-8,8
7947,112,118,-6,6
7948,126,120,6,6
7949,86,108,-22,22
7950,134,121,13,13
7951,117,105,12,12
7952,61,75,-14,14
7953,71,83,-12,12
7954,80,96,-16,16
7955,63,60,3,3
7956,70,70,0,0
7957,63,78,-15,15
7958,46,45,1,1
7959,59,62,-3,3
7960,89,90,-1,1
7961,134,135,-1,1
7962,113,117,-4,4
7963,73,79,-6,6
7964,122,119,3,3
7965,59,63,-4,4
7966,142,140,2,2
7967,175,166,9,9
7968,61,56,5,5
7969,142,137,5,5
7970,68,61,7,7
7971,51,52,-1,1
7972,94,96,-2,2
7973,104,103,1,1
7974,85,100,-15,15
7975,155,151,4,4
7976,157,166,-9,9
7977,115,112,3,3
7978,94,104,-10,10
7979,86,100,-14,14
7980,115,142,-27,27
7981,85,96,-11,11
7982,106,97,9,9
7983,64,68,-4,4
7984,38,79,-41,41
7985,51,60,-9,9
7986,106,117,-11,11
7987,101,108,-7,7
7988,46,44,2,2
7989,85,73,12,12
7990,104,100,4,4
7991,95,96,-1,1
7992,130,118,12,12
7993,151,144,7,7
7994,57,55,2,2
7995,93,104,-11,11
7996,69,64,5,5
7997,39,35,4,4
7998,76,96,-20,20
7999,84,71,13,13
8000,41,43,-2,2
8001,45,56,-11,11
8002,68,67,1,1
8003,82,78,4,4
8004,68,68,0,0
8005,73,75,-2,2
8006,49,79,-30,30
8007,93,92,1,1
8008,75,74,1,1
8009,85,72,13,13
8010,103,99,4,4
8011,129,118,11,11
8012,116,124,-8,8
8013,77,91,-14,14
8014,83,85,-2,2
8015,104,96,8,8
8016,124,106,18,18
8017,89,100,-11,11
8018,88,99,-11,11
8019,49,67,-18,18
8020,104,96,8,8
8021,107,117,-10,10
8022,125,127,-2,2
8023,57,70,-13,13
8024,104,97,7,7
8025,51,64,-13,13
8026,86,74,12,12
8027,96,95,1,1
8028,190,171,19,19
8029,84,94,-10,10
8030,105,116,-11,11
8031,94,102,-8,8
8032,74,81,-7,7
8033,100,99,1,1
8034,126,118,8,8
8035,73,72,1,1
8036,83,85,-2,2
8037,141,130,11,11
8038,124,136,-12,12
8039,79,106,-27,27
8040,135,125,10,10
8041,81,66,15,15
8042,137,143,-6,6
8043,75,75,0,0
8044,54,62,-8,8
8045,102,102,0,0
8046,157,141,16,16
8047,93,91,2,2
8048,155,128,27,27
8049,71,70,1,1
8050,109,103,6,6
8051,60,63,-3,3
8052,57,68,-11,11
8053,113,117,-4,4
8054,130,129,1,1
8055,71,72,-1,1
8056,92,88,4,4
8057,148,135,13,13
8058,117,99,18,18
8059,68,81,-13,13
8060,161,145,16,16
8061,85,76,9,9
8062,65,71,-6,6
8063,43,42,1,1
8064,102,101,1,1
8065,69,66,3,3
8066,185,171,14,14
8067,133,115,18,18
8068,104,98,6,6
8069,105,100,5,5
8070,120,127,-7,7
8071,85,87,-2,2
8072,73,46,27,27
8073,158,171,-13,13
8074,76,66,10,10
8075,87,69,18,18
8076,148,151,-3,3
8077,85,85,0,0
8078,98,84,14,14
8079,66,79,-13,13
8080,100,108,-8,8
8081,110,118,-8,8
8082,86,94,-8,8
8083,119,124,-5,5
8084,75,71,4,4
8085,110,124,-14,14
8086,69,65,4,4
8087,127,116,11,11
8088,98,85,13,13
8089,116,118,-2,2
8090,65,67,-2,2
8091,94,98,-4,4
8092,58,54,4,4
8093,68,67,1,1
8094,118,121,-3,3
8095,27,57,-30,30
8096,74,72,2,2
8097,81,91,-10,10
8098,98,86,12,12
8099,56,43,13,13
8100,101,103,-2,2
8101,128,121,7,7
8102,104,105,-1,1
8103,69,61,8,8
8104,130,110,20,20
8105,121,120,1,1
8106,42,102,-60,60
8107,89,98,-9,9
8108,71,69,2,2
8109,129,109,20,20
8110,59,72,-13,13
8111,101,101,0,0
8112,102,107,-5,5
8113,109,124,-15,15
8114,94,95,-1,1
8115,108,122,-14,14
8116,102,99,3,3
8117,89,88,1,1
8118,121,125,-4,4
8119,122,141,-19,19
8120,67,63,4,4
8121,51,70,-19,19
8122,89,81,8,8
8123,88,97,-9,9
8124,131,121,10,10
8125,103,102,1,1
8126,151,172,-21,21
8127,134,127,7,7
8128,108,109,-1,1
8129,92,94,-2,2
8130,65,56,9,9
8131,81,86,-5,5
8132,68,70,-2,2
8133,91,89,2,2
8134,114,105,9,9
8135,48,71,-23,23
8136,102,109,-7,7
8137,149,149,0,0
8138,108,108,0,0
8139,60,68,-8,8
8140,103,105,-2,2
8141,65,69,-4,4
8142,119,132,-13,13
8143,104,109,-5,5
8144,64,59,5,5
8145,48,58,-10,10
8146,55,47,8,8
8147,75,74,1,1
8148,44,46,-2,2
8149,73,80,-7,7
8150,54,55,-1,1
8151,54,42,12,12
8152,52,52,0,0
8153,95,82,13,13
8154,66,68,-2,2
8155,85,116,-31,31
8156,75,66,9,9
8157,95,109,-14,14
8158,95,88,7,7
8159,36,41,-5,5
8160,79,80,-1,1
8161,123,115,8,8
8162,81,71,10,10
8163,176,147,29,29
8164,60,54,6,6
8165,61,69,-8,8
8166,140,138,2,2
8167,127,113,14,14
8168,96,96,0,0
8169,99,83,16,16
8170,108,95,13,13
8171,58,59,-1,1
8172,51,81,-30,30
8173,95,94,1,1
8174,58,65,-7,7
8175,76,70,6,6
8176,116,103,13,13
8177,108,98,10,10
8178,168,153,15,15
8179,27,43,-16,16
8180,145,120,25,25
8181,53,58,-5,5
8182,67,77,-10,10
8183,92,87,5,5
8184,78,78,0,0
8185,113,113,0,0
8186,141,152,-11,11
8187,136,116,20,20
8188,103,113,-10,10
8189,86,86,0,0
8190,195,182,13,13
8191,75,78,-3,3
8192,63,74,-11,11
8193,66,85,-19,19
8194,127,124,3,3
8195,122,108,14,14
8196,54,99,-45,45
8197,101,104,-3,3
8198,93,69,24,24
8199,64,78,-14,14
8200,108,114,-6,6
8201,111,108,3,3
8202,77,75,2,2
8203,154,154,0,0
8204,94,84,10,10
8205,84,87,-3,3
8206,76,96,-20,20
8207,87,73,14,14
8208,126,117,9,9
8209,82,76,6,6
8210,82,80,2,2
8211,80,78,2,2
8212,126,136,-10,10
8213,64,63,1,1
8214,142,118,24,24
8215,143,129,14,14
8216,127,130,-3,3
8217,76,75,1,1
8218,57,60,-3,3
8219,109,98,11,11
8220,141,122,19,19
8221,129,115,14,14
8222,114,105,9,9
8223,83,82,1,1
8224,149,162,-13,13
8225,47,46,1,1
8226,88,89,-1,1
8227,88,86,2,2
8228,105,105,0,0
8229,93,109,-16,16
8230,109,96,13,13
8231,87,89,-2,2
8232,43,37,6,6
8233,81,81,0,0
8234,101,89,12,12
8235,80,63,17,17
8236,112,101,11,11
8237,92,98,-6,6
8238,102,104,-2,2
8239,71,66,5,5
8240,166,156,10,10
8241,98,99,-1,1
8242,129,112,17,17
8243,79,93,-14,14
8244,109,106,3,3
8245,145,136,9,9
8246,166,150,16,16
8247,76,88,-12,12
8248,46,47,-1,1
8249,113,117,-4,4
8250,75,85,-10,10
8251,86,72,14,14
8252,76,75,1,1
8253,88,97,-9,9
8254,67,78,-11,11
8255,100,99,1,1
8256,71,82,-11,11
8257,59,77,-18,18
8258,181,171,10,10
8259,56,59,-3,3
8260,114,90,24,24
8261,92,93,-1,1
8262,100,108,-8,8
8263,75,89,-14,14
8264,188,164,24,24
8265,51,51,0,0
8266,84,97,-13,13
8267,171,160,11,11
8268,66,63,3,3
8269,92,89,3,3
8270,122,126,-4,4
8271,40,28,12,12
8272,87,85,2,2
8273,122,118,4,4
8274,98,84,14,14
8275,96,79,17,17
8276,120,116,4,4
8277,82,80,2,2
8278,88,83,5,5
8279,60,61,-1,1
8280,83,84,-1,1
8281,81,61,20,20
8282,151,146,5,5
8283,187,176,11,11
8284,98,109,-11,11
8285,95,95,0,0
8286,77,77,0,0
8287,144,143,1,1
8288,81,102,-21,21
8289,91,95,-4,4
8290,149,143,6,6
8291,99,116,-17,17
8292,96,83,13,13
8293,129,123,6,6
8294,63,74,-11,11
8295,86,80,6,6
8296,64,71,-7,7
8297,74,72,2,2
8298,93,87,6,6
8299,85,71,14,14
8300,248,226,22,22
8301,91,96,-5,5
8302,58,58,0,0
8303,93,75,18,18
8304,93,99,-6,6
8305,55,49,6,6
8306,102,96,6,6
8307,107,92,15,15
8308,79,81,-2,2
8309,84,73,11,11
8310,95,85,10,10
8311,110,107,3,3
8312,80,73,7,7
8313,44,41,3,3
8314,96,93,3,3
8315,59,74,-15,15
8316,109,113,-4,4
8317,198,187,11,11
8318,81,94,-13,13
8319,119,110,9,9
8320,106,110,-4,4
8321,114,105,9,9
8322,51,63,-12,12
8323,110,106,4,4
8324,112,115,-3,3
8325,99,101,-2,2
8326,80,76,4,4
8327,59,61,-2,2
8328,110,113,-3,3
8329,125,114,11,11
8330,137,143,-6,6
8331,73,69,4,4
8332,190,171,19,19
8333,137,146,-9,9
8334,46,52,-6,6
8335,124,121,3,3
8336,87,85,2,2
8337,114,110,4,4
8338,83,78,5,5
8339,85,81,4,4
8340,142,148,-6,6
8341,108,89,19,19
8342,129,139,-10,10
8343,107,107,0,0
8344,109,109,0,0
8345,144,164,-20,20
8346,76,73,3,3
8347,38,32,6,6
8348,157,160,-3,3
8349,55,60,-5,5
8350,99,106,-7,7
8351,153,146,7,7
8352,74,67,7,7
8353,74,78,-4,4
8354,78,74,4,4
8355,74,88,-14,14
8356,94,103,-9,9
8357,112,99,13,13
8358,141,136,5,5
8359,82,71,11,11
8360,160,165,-5,5
8361,103,112,-9,9
8362,110,101,9,9
8363,42,60,-18,18
8364,69,68,1,1
8365,59,48,11,11
8366,98,99,-1,1
8367,75,66,9,9
8368,58,53,5,5
8369,74,83,-9,9
8370,108,111,-3,3
8371,66,85,-19,19
8372,105,91,14,14
8373,46,73,-27,27
8374,55,56,-1,1
8375,71,59,12,12
8376,115,117,-2,2
8377,88,75,13,13
8378,47,47,0,0
8379,174,139,35,35
8380,94,81,13,13
8381,74,73,1,1
8382,84,82,2,2
8383,85,66,19,19
8384,65,66,-1,1
8385,39,51,-12,12
8386,118,117,1,1
8387,101,92,9,9
8388,78,77,1,1
8389,97,104,-7,7
8390,104,107,-3,3
8391,98,86,12,12
8392,81,92,-11,11
8393,112,115,-3,3
8394,98,99,-1,1
8395,96,109,-13,13
8396,53,61,-8,8
8397,67,74,-7,7
8398,70,70,0,0
8399,114,106,8,8
8400,104,111,-7,7
8401,65,70,-5,5
8402,80,69,11,11
8403,96,82,14,14
8404,70,65,5,5
8405,105,109,-4,4
8406,100,86,14,14
8407,160,163,-3,3
8408,91,93,-2,2
8409,100,102,-2,2
8410,119,99,20,20
8411,65,71,-6,6
8412,99,106,-7,7
8413,172,146,26,26
8414,83,72,11,11
8415,85,80,5,5
8416,69,66,3,3
8417,59,68,-9,9
8418,93,99,-6,6
8419,81,82,-1,1
8420,75,74,1,1
8421,62,52,10,10
8422,115,107,8,8
8423,107,149,-42,42
8424,105,108,-3,3
8425,51,56,-5,5
8426,76,77,-1,1
8427,88,85,3,3
8428,145,136,9,9
8429,114,112,2,2
8430,38,48,-10,10
8431,133,136,-3,3
8432,74,78,-4,4
8433,119,112,7,7
8434,96,85,11,11
8435,143,136,7,7
8436,60,57,3,3
8437,130,116,14,14
8438,120,101,19,19
8439,122,135,-13,13
8440,113,107,6,6
8441,68,81,-13,13
8442,98,95,3,3
8443,143,116,27,27
8444,77,72,5,5
8445,92,94,-2,2
8446,61,64,-3,3
8447,74,73,1,1
8448,94,84,10,10
8449,102,96,6,6
8450,118,108,10,10
8451,119,127,-8,8
8452,193,177,16,16
8453,95,103,-8,8
8454,89,86,3,3
8455,129,134,-5,5
8456,124,113,11,11
8457,84,82,2,2
8458,76,88,-12,12
8459,55,49,6,6
8460,143,140,3,3
8461,134,118,16,16
8462,88,99,-11,11
8463,132,137,-5,5
8464,114,104,10,10
8465,71,79,-8,8
8466,79,69,10,10
8467,101,98,3,3
8468,134,135,-1,1
8469,61,45,16,16
8470,81,83,-2,2
8471,107,116,-9,9
8472,86,80,6,6
8473,83,78,5,5
8474,94,96,-2,2
8475,102,102,0,0
8476,110,142,-32,32
8477,137,134,3,3
8478,56,72,-16,16
8479,134,132,2,2
8480,80,94,-14,14
8481,46,43,3,3
8482,111,116,-5,5
8483,112,114,-2,2
8484,121,111,10,10
8485,113,109,4,4
8486,91,99,-8,8
8487,47,59,-12,12
8488,65,71,-6,6
8489,56,65,-9,9
8490,83,83,0,0
8491,85,88,-3,3
8492,102,91,11,11
8493,80,84,-4,4
8494,110,104,6,6
8495,141,147,-6,6
8496,90,103,-13,13
8497,73,73,0,0
8498,60,56,4,4
8499,178,153,25,25
8500,124,131,-7,7
8501,108,94,14,14
8502,100,109,-9,9
8503,78,84,-6,6
8504,115,123,-8,8
8505,127,133,-6,6
8506,47,46,1,1
8507,58,33,25,25
8508,151,140,11,11
8509,104,90,14,14
8510,56,60,-4,4
8511,79,98,-19,19
8512,67,70,-3,3
8513,109,116,-7,7
8514,83,85,-2,2
8515,101,67,34,34
8516,78,92,-14,14
8517,101,113,-12,12
8518,64,80,-16,16
8519,69,83,-14,14
8520,81,77,4,4
8521,185,177,8,8
8522,89,83,6,6
8523,137,127,10,10
8524,98,94,4,4
8525,185,168,17,17
8526,62,106,-44,44
8527,135,121,14,14
8528,140,129,11,11
8529,166,169,-3,3
8530,68,67,1,1
8531,100,108,-8,8
8532,122,141,-19,19
8533,105,102,3,3
8534,129,127,2,2
8535,117,107,10,10
8536,74,79,-5,5
8537,91,95,-4,4
8538,96,89,7,7
8539,96,102,-6,6
8540,76,77,-1,1
8541,106,92,14,14
8542,71,63,8,8
8543,43,44,-1,1
8544,88,88,0,0
8545,79,99,-20,20
8546,104,99,5,5
8547,82,86,-4,4
8548,112,113,-1,1
8549,104,118,-14,14
8550,55,54,1,1
8551,90,98,-8,8
8552,47,53,-6,6
8553,111,102,9,9
8554,127,117,10,10
8555,67,82,-15,15
8556,163,155,8,8
8557,154,149,5,5
8558,63,69,-6,6
8559,50,65,-15,15
8560,56,68,-12,12
8561,104,112,-8,8
8562,80,82,-2,2
8563,83,73,10,10
8564,64,70,-6,6
8565,55,61,-6,6
8566,84,77,7,7
8567,130,125,5,5
8568,85,96,-11,11
8569,109,107,2,2
8570,153,143,10,10
8571,104,119,-15,15
8572,129,117,12,12
8573,106,102,4,4
8574,173,178,-5,5
8575,93,85,8,8
8576,93,82,11,11
8577,99,94,5,5
8578,66,68,-2,2
8579,98,92,6,6
8580,110,149,-39,39
8581,50,63,-13,13
8582,104,102,2,2
8583,110,116,-6,6
8584,60,67,-7,7
8585,102,100,2,2
8586,87,76,11,11
8587,133,120,13,13
8588,133,132,1,1
8589,122,104,18,18
8590,92,92,0,0
8591,139,154,-15,15
8592,52,52,0,0
8593,83,98,-15,15
8594,91,80,11,11
8595,65,61,4,4
8596,113,122,-9,9
8597,77,76,1,1
8598,161,156,5,5
8599,92,89,3,3
8600,180,146,34,34
8601,77,70,7,7
8602,109,108,1,1
8603,81,80,1,1
8604,98,104,-6,6
8605,54,49,5,5
8606,126,128,-2,2
8607,91,94,-3,3
8608,77,84,-7,7
8609,124,114,10,10
8610,78,76,2,2
8611,189,148,41,41
8612,80,73,7,7
8613,159,162,-3,3
8614,73,77,-4,4
8615,90,96,-6,6
8616,62,2,60,60
8617,90,85,5,5
8618,134,139,-5,5
8619,121,98,23,23
8620,87,95,-8,8
8621,59,59,0,0
8622,89,101,-12,12
8623,105,115,-10,10
8624,97,90,7,7
8625,110,114,-4,4
8626,141,120,21,21
8627,85,92,-7,7
8628,132,135,-3,3
8629,89,95,-6,6
8630,75,90,-15,15
8631,81,72,9,9
8632,77,68,9,9
8633,104,104,0,0
8634,132,139,-7,7
8635,136,138,-2,2
8636,82,90,-8,8
8637,85,97,-12,12
8638,76,71,5,5
8639,109,142,-33,33
8640,51,53,-2,2
8641,85,97,-12,12
8642,58,67,-9,9
8643,161,158,3,3
8644,85,98,-13,13
8645,61,63,-2,2
8646,82,78,4,4
8647,114,120,-6,6
8648,113,105,8,8
8649,82,76,6,6
8650,128,119,9,9
8651,113,107,6,6
8652,61,67,-6,6
8653,85,78,7,7
8654,112,108,4,4
8655,76,85,-9,9
8656,89,88,1,1
8657,142,129,13,13
8658,81,74,7,7
8659,143,144,-1,1
8660,94,92,2,2
8661,134,108,26,26
8662,59,56,3,3
8663,55,63,-8,8
8664,75,77,-2,2
8665,87,92,-5,5
8666,69,58,11,11
8667,104,103,1,1
8668,57,43,14,14
8669,68,74,-6,6
8670,169,159,10,10
8671,114,133,-19,19
8672,92,84,8,8
8673,97,90,7,7
8674,121,126,-5,5
8675,89,68,21,21
8676,116,117,-1,1
8677,93,97,-4,4
8678,116,101,15,15
8679,125,137,-12,12
8680,82,126,-44,44
8681,50,44,6,6
8682,46,26,20,20
8683,45,74,-29,29
8684,120,114,6,6
8685,93,94,-1,1
8686,102,96,6,6
8687,126,134,-8,8
8688,108,115,-7,7
8689,110,105,5,5
8690,101,93,8,8
8691,73,71,2,2
8692,58,64,-6,6
8693,113,112,1,1
8694,136,144,-8,8
8695,64,70,-6,6
8696,125,180,-55,55
8697,88,86,2,2
8698,92,81,11,11
8699,106,97,9,9
8700,90,102,-12,12
8701,85,85,0,0
8702,80,74,6,6
8703,110,113,-3,3
8704,80,74,6,6
8705,117,109,8,8
8706,47,61,-14,14
8707,112,107,5,5
8708,84,78,6,6
8709,116,101,15,15
8710,61,76,-15,15
8711,82,82,0,0
8712,164,138,26,26
8713,125,129,-4,4
8714,80,84,-4,4
8715,66,63,3,3
8716,61,64,-3,3
8717,82,95,-13,13
8718,81,93,-12,12
8719,143,130,13,13
8720,145,126,19,19
8721,75,65,10,10
8722,60,77,-17,17
8723,86,94,-8,8
8724,99,112,-13,13
8725,112,113,-1,1
8726,98,99,-1,1
8727,96,75,21,21
8728,64,62,2,2
8729,62,70,-8,8
8730,123,131,-8,8
8731,83,83,0,0
8732,101,92,9,9
8733,27,50,-23,23
8734,167,155,12,12
8735,149,156,-7,7
8736,94,92,2,2
8737,155,143,12,12
8738,39,51,-12,12
8739,62,70,-8,8
8740,81,70,11,11
8741,58,63,-5,5
8742,74,82,-8,8
8743,139,163,-24,24
8744,74,63,11,11
8745,84,88,-4,4
8746,155,127,28,28
8747,114,117,-3,3
8748,152,227,-75,75
8749,104,90,14,14
8750,92,103,-11,11
8751,55,58,-3,3
8752,91,84,7,7
8753,90,78,12,12
8754,86,79,7,7
8755,76,128,-52,52
8756,86,92,-6,6
8757,49,59,-10,10
8758,105,105,0,0
8759,67,66,1,1
8760,96,125,-29,29
8761,105,104,1,1
8762,98,65,33,33
8763,114,117,-3,3
8764,114,108,6,6
8765,103,123,-20,20
8766,128,130,-2,2
8767,110,104,6,6
8768,89,73,16,16
8769,67,68,-1,1
8770,136,139,-3,3
8771,154,149,5,5
8772,62,71,-9,9
8773,109,113,-4,4
8774,91,85,6,6
8775,63,63,0,0
8776,172,164,8,8
8777,93,78,15,15
8778,81,79,2,2
8779,87,92,-5,5
8780,49,59,-10,10
8781,157,155,2,2
8782,87,79,8,8
8783,61,90,-29,29
8784,60,61,-1,1
8785,129,124,5,5
8786,75,66,9,9
8787,86,106,-20,20
8788,37,38,-1,1
8789,110,121,-11,11
8790,124,113,11,11
8791,65,64,1,1
8792,148,134,14,14
8793,73,87,-14,14
8794,105,109,-4,4
8795,70,78,-8,8
8796,63,71,-8,8
8797,71,72,-1,1
8798,71,79,-8,8
8799,68,69,-1,1
8800,96,89,7,7
8801,87,93,-6,6
8802,88,90,-2,2
8803,69,73,-4,4
8804,83,81,2,2
8805,72,83,-11,11
8806,98,107,-9,9
8807,126,122,4,4
8808,45,54,-9,9
8809,52,48,4,4
8810,103,107,-4,4
8811,77,69,8,8
8812,83,66,17,17
8813,73,58,15,15
8814,108,109,-1,1
8815,73,86,-13,13
8816,80,85,-5,5
8817,57,65,-8,8
8818,63,64,-1,1
8819,24,10,14,14
8820,89,60,29,29
8821,61,63,-2,2
8822,97,99,-2,2
8823,85,94,-9,9
8824,143,146,-3,3
8825,129,122,7,7
8826,75,81,-6,6
8827,71,70,1,1
8828,92,90,2,2
8829,72,67,5,5
8830,91,70,21,21
8831,83,58,25,25
8832,75,87,-12,12
8833,66,64,2,2
8834,43,71,-28,28
8835,127,114,13,13
8836,125,135,-10,10
8837,44,56,-12,12
8838,51,62,-11,11
8839,54,56,-2,2
8840,203,200,3,3
8841,127,118,9,9
8842,102,100,2,2
8843,81,83,-2,2
8844,69,70,-1,1
8845,121,120,1,1
8846,85,91,-6,6
8847,125,110,15,15
8848,138,129,9,9
8849,191,186,5,5
8850,92,95,-3,3
8851,94,85,9,9
8852,128,130,-2,2
8853,35,63,-28,28
8854,104,100,4,4
8855,86,75,11,11
8856,132,138,-6,6
8857,89,87,2,2
8858,48,52,-4,4
8859,75,57,18,18
8860,80,59,21,21
8861,100,91,9,9
8862,115,111,4,4
8863,135,130,5,5
8864,88,91,-3,3
8865,108,110,-2,2
8866,141,148,-7,7
8867,81,94,-13,13
8868,147,132,15,15
8869,94,88,6,6
8870,86,82,4,4
8871,125,125,0,0
8872,62,59,3,3
8873,82,87,-5,5
8874,123,121,2,2
8875,80,79,1,1
8876,108,101,7,7
8877,91,75,16,16
8878,124,111,13,13
8879,93,103,-10,10
8880,141,141,0,0
8881,97,71,26,26
8882,177,173,4,4
8883,80,82,-2,2
8884,133,147,-14,14
8885,98,99,-1,1
8886,104,91,13,13
8887,64,60,4,4
8888,170,158,12,12
8889,91,96,-5,5
8890,98,94,4,4
8891,125,114,11,11
8892,65,79,-14,14
8893,86,93,-7,7
8894,75,59,16,16
8895,72,79,-7,7
8896,53,86,-33,33
8897,93,79,14,14
8898,69,74,-5,5
8899,95,91,4,4
8900,76,76,0,0
8901,73,81,-8,8
8902,56,63,-7,7
8903,92,92,0,0
8904,43,57,-14,14
8905,60,64,-4,4
8906,74,97,-23,23
8907,85,94,-9,9
8908,91,85,6,6
8909,92,87,5,5
8910,91,91,0,0
8911,60,64,-4,4
8912,142,149,-7,7
8913,127,135,-8,8
8914,87,92,-5,5
8915,130,156,-26,26
8916,104,95,9,9
8917,62,62,0,0
8918,125,123,2,2
8919,96,180,-84,84
8920,170,145,25,25
8921,103,130,-27,27
8922,185,160,25,25
8923,80,92,-12,12
8924,56,70,-14,14
8925,105,109,-4,4
8926,63,62,1,1
8927,88,94,-6,6
8928,79,82,-3,3
8929,60,63,-3,3
8930,84,92,-8,8
8931,123,136,-13,13
8932,107,100,7,7
8933,94,90,4,4
8934,70,90,-20,20
8935,141,135,6,6
8936,56,47,9,9
8937,166,156,10,10
8938,120,95,25,25
8939,137,129,8,8
8940,88,106,-18,18
8941,127,95,32,32
8942,157,144,13,13
8943,130,148,-18,18
8944,106,104,2,2
8945,131,132,-1,1
8946,54,55,-1,1
8947,132,134,-2,2
8948,80,81,-1,1
8949,81,93,-12,12
8950,128,118,10,10
8951,36,33,3,3
8952,106,113,-7,7
8953,85,83,2,2
8954,64,59,5,5
8955,81,80,1,1
8956,120,111,9,9
8957,130,121,9,9
8958,99,86,13,13
8959,70,73,-3,3
8960,78,73,5,5
8961,112,144,-32,32
8962,82,83,-1,1
8963,184,150,34,34
8964,129,125,4,4
8965,111,104,7,7
8966,99,130,-31,31
8967,51,66,-15,15
8968,102,98,4,4
8969,66,65,1,1
8970,74,80,-6,6
8971,129,131,-2,2
8972,54,55,-1,1
8973,117,130,-13,13
8974,120,108,12,12
8975,73,72,1,1
8976,177,181,-4,4
8977,157,148,9,9
8978,77,83,-6,6
8979,55,53,2,2
8980,132,129,3,3
8981,180,140,40,40
8982,72,62,10,10
8983,88,99,-11,11
8984,71,71,0,0
8985,85,75,10,10
8986,51,54,-3,3
8987,61,57,4,4
8988,76,61,15,15
8989,90,92,-2,2
8990,64,68,-4,4
8991,67,91,-24,24
8992,95,101,-6,6
8993,46,46,0,0
8994,92,77,15,15
8995,121,139,-18,18
8996,93,98,-5,5
8997,92,102,-10,10
8998,52,49,3,3
8999,112,107,5,5
9000,66,115,-49,49
9001,76,63,13,13
9002,157,155,2,2
9003,75,73,2,2
9004,68,74,-6,6
9005,64,63,1,1
9006,135,124,11,11
9007,107,104,3,3
9008,79,97,-18,18
9009,82,92,-10,10
9010,101,101,0,0
9011,142,153,-11,11
9012,108,106,2,2
9013,93,104,-11,11
9014,111,114,-3,3
9015,111,113,-2,2
9016,101,92,9,9
9017,67,59,8,8
9018,58,56,2,2
9019,117,113,4,4
9020,100,95,5,5
9021,96,89,7,7
9022,106,99,7,7
9023,82,82,0,0
9024,57,75,-18,18
9025,95,81,14,14
9026,92,98,-6,6
9027,78,81,-3,3
9028,85,73,12,12
9029,46,48,-2,2
9030,60,69,-9,9
9031,68,80,-12,12
9032,90,96,-6,6
9033,106,98,8,8
9034,72,67,5,5
9035,91,87,4,4
9036,142,138,4,4
9037,63,47,16,16
9038,55,56,-1,1
9039,112,115,-3,3
9040,165,182,-17,17
9041,80,86,-6,6
9042,58,72,-14,14
9043,96,105,-9,9
9044,69,66,3,3
9045,85,100,-15,15
9046,74,74,0,0
9047,148,122,26,26
9048,61,56,5,5
9049,114,110,4,4
9050,117,118,-1,1
9051,87,89,-2,2
9052,148,141,7,7
9053,129,138,-9,9
9054,100,95,5,5
9055,79,87,-8,8
9056,84,87,-3,3
9057,75,72,3,3
9058,101,97,4,4
9059,74,71,3,3
9060,98,88,10,10
9061,97,94,3,3
9062,58,64,-6,6
9063,104,99,5,5
9064,122,118,4,4
9065,33,56,-23,23
9066,62,52,10,10
9067,59,70,-11,11
9068,66,74,-8,8
9069,112,110,2,2
9070,109,93,16,16
9071,67,79,-12,12
9072,157,170,-13,13
9073,147,149,-2,2
9074,114,107,7,7
9075,45,49,-4,4
9076,71,74,-3,3
9077,135,118,17,17
9078,64,62,2,2
9079,101,107,-6,6
9080,93,90,3,3
9081,92,92,0,0
9082,128,132,-4,4
9083,90,85,5,5
9084,113,95,18,18
9085,62,62,0,0
9086,66,61,5,5
9087,69,64,5,5
9088,90,90,0,0
9089,69,68,1,1
9090,87,83,4,4
9091,70,75,-5,5
9092,88,87,1,1
9093,60,67,-7,7
9094,172,153,19,19
9095,94,97,-3,3
9096,53,54,-1,1
9097,81,78,3,3
9098,103,120,-17,17
9099,146,133,13,13
9100,93,94,-1,1
9101,106,115,-9,9
9102,115,115,0,0
9103,171,157,14,14
9104,80,88,-8,8
9105,89,70,19,19
9106,75,82,-7,7
9107,197,190,7,7
9108,52,67,-15,15
9109,56,51,5,5
9110,76,72,4,4
9111,136,133,3,3
9112,127,132,-5,5
9113,102,99,3,3
9114,100,105,-5,5
9115,154,146,8,8
9116,127,130,-3,3
9117,115,107,8,8
9118,69,88,-19,19
9119,113,106,7,7
9120,116,133,-17,17
9121,92,87,5,5
9122,95,97,-2,2
9123,81,79,2,2
9124,81,86,-5,5
9125,148,126,22,22
9126,94,96,-2,2
9127,117,137,-20,20
9128,47,52,-5,5
9129,100,95,5,5
9130,133,129,4,4
9131,79,107,-28,28
9132,147,146,1,1
9133,62,66,-4,4
9134,77,78,-1,1
9135,154,130,24,24
9136,112,108,4,4
9137,65,62,3,3
9138,42,43,-1,1
9139,114,125,-11,11
9140,114,100,14,14
9141,77,62,15,15
9142,68,68,0,0
9143,84,89,-5,5
9144,120,125,-5,5
9145,132,119,13,13
9146,113,119,-6,6
9147,86,80,6,6
9148,78,83,-5,5
9149,73,91,-18,18
9150,68,73,-5,5
9151,93,94,-1,1
9152,113,118,-5,5
9153,58,60,-2,2
9154,63,55,8,8
9155,54,42,12,12
9156,123,106,17,17
9157,43,45,-2,2
9158,82,78,4,4
9159,144,142,2,2
9160,73,168,-95,95
9161,49,48,1,1
9162,103,105,-2,2
9163,179,167,12,12
9164,106,108,-2,2
9165,93,110,-17,17
9166,135,125,10,10
9167,120,115,5,5
9168,130,122,8,8
9169,79,92,-13,13
9170,82,78,4,4
9171,55,57,-2,2
9172,74,63,11,11
9173,153,149,4,4
9174,93,99,-6,6
9175,107,110,-3,3
9176,136,135,1,1
9177,88,91,-3,3
9178,56,61,-5,5
9179,171,142,29,29
9180,115,116,-1,1
9181,53,59,-6,6
9182,124,136,-12,12
9183,117,98,19,19
9184,76,75,1,1
9185,168,165,3,3
9186,78,73,5,5
9187,42,56,-14,14
9188,74,92,-18,18
9189,156,148,8,8
9190,81,111,-30,30
9191,88,76,12,12
9192,169,158,11,11
9193,74,70,4,4
9194,108,108,0,0
9195,98,100,-2,2
9196,175,176,-1,1
9197,39,45,-6,6
9198,47,73,-26,26
9199,100,79,21,21
9200,105,97,8,8
9201,103,100,3,3
9202,114,117,-3,3
9203,65,70,-5,5
9204,70,69,1,1
9205,79,86,-7,7
9206,96,101,-5,5
9207,123,131,-8,8
9208,94,89,5,5
9209,124,138,-14,14
9210,102,94,8,8
9211,108,100,8,8
9212,78,80,-2,2
9213,111,114,-3,3
9214,84,87,-3,3
9215,58,67,-9,9
9216,124,119,5,5
9217,92,91,1,1
9218,75,82,-7,7
9219,64,65,-1,1
9220,89,80,9,9
9221,88,99,-11,11
9222,58,66,-8,8
9223,116,115,1,1
9224,57,64,-7,7
9225,98,99,-1,1
9226,138,145,-7,7
9227,87,88,-1,1
9228,58,60,-2,2
9229,141,131,10,10
9230,72,69,3,3
9231,63,69,-6,6
9232,173,147,26,26
9233,113,107,6,6
9234,114,109,5,5
9235,95,85,10,10
9236,80,91,-11,11
9237,75,78,-3,3
9238,113,109,4,4
9239,86,97,-11,11
9240,54,61,-7,7
9241,99,110,-11,11
9242,149,134,15,15
9243,73,52,21,21
9244,86,75,11,11
9245,108,97,11,11
9246,74,67,7,7
9247,59,69,-10,10
9248,106,108,-2,2
9249,158,126,32,32
9250,45,48,-3,3
9251,77,78,-1,1
9252,116,131,-15,15
9253,52,59,-7,7
9254,93,96,-3,3
9255,129,116,13,13
9256,63,66,-3,3
9257,41,55,-14,14
9258,62,60,2,2
9259,168,159,9,9
9260,117,132,-15,15
9261,142,129,13,13
9262,112,105,7,7
9263,101,98,3,3
9264,86,89,-3,3
9265,77,83,-6,6
9266,141,122,19,19
9267,80,100,-20,20
9268,107,133,-26,26
9269,90,87,3,3
9270,65,75,-10,10
9271,57,63,-6,6
9272,89,82,7,7
9273,63,58,5,5
9274,121,116,5,5
9275,108,99,9,9
9276,83,79,4,4
9277,116,114,2,2
9278,66,70,-4,4
9279,128,132,-4,4
9280,98,99,-1,1
9281,76,75,1,1
9282,130,111,19,19
9283,55,61,-6,6
9284,64,67,-3,3
9285,107,111,-4,4
9286,117,104,13,13
9287,124,112,12,12
9288,88,84,4,4
9289,44,38,6,6
9290,89,80,9,9
9291,82,91,-9,9
9292,78,85,-7,7
9293,63,65,-2,2
9294,60,50,10,10
9295,55,53,2,2
9296,80,88,-8,8
9297,56,56,0,0
9298,68,71,-3,3
9299,177,171,6,6
9300,69,73,-4,4
9301,63,72,-9,9
9302,116,100,16,16
9303,96,94,2,2
9304,142,135,7,7
9305,85,76,9,9
9306,56,59,-3,3
9307,91,95,-4,4
9308,72,68,4,4
9309,69,84,-15,15
9310,114,98,16,16
9311,131,117,14,14
9312,70,69,1,1
9313,138,140,-2,2
9314,103,94,9,9
9315,69,70,-1,1
9316,97,102,-5,5
9317,98,119,-21,21
9318,117,103,14,14
9319,95,102,-7,7
9320,130,114,16,16
9321,174,152,22,22
9322,114,123,-9,9
9323,87,98,-11,11
9324,92,97,-5,5
9325,57,62,-5,5
9326,93,87,6,6
9327,90,91,-1,1
9328,87,100,-13,13
9329,87,88,-1,1
9330,115,119,-4,4
9331,103,112,-9,9
9332,66,61,5,5
9333,95,99,-4,4
9334,98,100,-2,2
9335,82,77,5,5
9336,63,73,-10,10
9337,39,36,3,3
9338,60,66,-6,6
9339,112,111,1,1
9340,159,168,-9,9
9341,41,50,-9,9
9342,96,97,-1,1
9343,117,116,1,1
9344,69,77,-8,8
9345,82,89,-7,7
9346,125,114,11,11
9347,82,75,7,7
9348,65,70,-5,5
9349,92,83,9,9
9350,91,87,4,4
9351,91,94,-3,3
9352,95,98,-3,3
9353,28,50,-22,22
9354,64,56,8,8
9355,73,74,-1,1
9356,122,111,11,11
9357,76,80,-4,4
9358,82,74,8,8
9359,134,121,13,13
9360,118,110,8,8
9361,72,73,-1,1
9362,96,123,-27,27
9363,176,168,8,8
9364,156,127,29,29
9365,64,84,-20,20
9366,99,99,0,0
9367,94,101,-7,7
9368,84,80,4,4
9369,88,90,-2,2
9370,144,140,4,4
9371,123,104,19,19
9372,99,102,-3,3
9373,63,90,-27,27
9374,64,58,6,6
9375,141,141,0,0
9376,71,99,-28,28
9377,166,148,18,18
9378,118,125,-7,7
9379,120,102,18,18
9380,145,155,-10,10
9381,87,87,0,0
9382,90,87,3,3
9383,80,98,-18,18
9384,125,126,-1,1
9385,59,59,0,0
9386,171,176,-5,5
9387,72,64,8,8
9388,121,113,8,8
9389,47,71,-24,24
9390,73,88,-15,15
9391,124,102,22,22
9392,87,93,-6,6
9393,95,98,-3,3
9394,77,72,5,5
9395,167,160,7,7
9396,53,90,-37,37
9397,89,98,-9,9
9398,83,69,14,14
9399,77,84,-7,7
9400,127,121,6,6
9401,94,88,6,6
9402,95,85,10,10
9403,93,87,6,6
9404,74,80,-6,6
9405,112,108,4,4
9406,117,105,12,12
9407,69,64,5,5
9408,88,99,-11,11
9409,71,58,13,13
9410,57,48,9,9
9411,89,77,12,12
9412,98,115,-17,17
9413,123,126,-3,3
9414,88,80,8,8
9415,136,119,17,17
9416,85,87,-2,2
9417,93,95,-2,2
9418,150,155,-5,5
9419,50,58,-8,8
9420,77,87,-10,10
9421,87,87,0,0
9422,123,110,13,13
9423,71,70,1,1
9424,142,131,11,11
9425,78,76,2,2
9426,111,103,8,8
9427,54,62,-8,8
9428,66,72,-6,6
9429,110,107,3,3
9430,96,98,-2,2
9431,56,66,-10,10
9432,17,33,-16,16
9433,84,86,-2,2
9434,108,120,-12,12
9435,103,93,10,10
9436,102,103,-1,1
9437,81,66,15,15
9438,125,125,0,0
9439,120,133,-13,13
9440,89,96,-7,7
9441,73,56,17,17
9442,110,102,8,8
9443,86,88,-2,2
9444,94,102,-8,8
9445,76,70,6,6
9446,72,67,5,5
9447,41,53,-12,12
9448,129,116,13,13
9449,80,84,-4,4
9450,92,89,3,3
9451,208,173,35,35
9452,170,150,20,20
9453,88,93,-5,5
9454,43,54,-11,11
9455,65,72,-7,7
9456,52,61,-9,9
9457,44,43,1,1
9458,96,107,-11,11
9459,165,158,7,7
9460,92,82,10,10
9461,104,86,18,18
9462,131,128,3,3
9463,73,74,-1,1
9464,131,118,13,13
9465,51,68,-17,17
9466,63,62,1,1
9467,107,110,-3,3
9468,109,121,-12,12
9469,131,105,26,26
9470,96,86,10,10
9471,90,72,18,18
9472,60,82,-22,22
9473,106,117,-11,11
9474,101,87,14,14
9475,67,60,7,7
9476,117,108,9,9
9477,76,83,-7,7
9478,78,71,7,7
9479,94,97,-3,3
9480,95,94,1,1
9481,78,67,11,11
9482,133,121,12,12
9483,41,62,-21,21
9484,105,115,-10,10
9485,102,103,-1,1
9486,88,106,-18,18
9487,106,117,-11,11
9488,89,82,7,7
9489,98,127,-29,29
9490,128,117,11,11
9491,102,103,-1,1
9492,132,142,-10,10
9493,101,110,-9,9
9494,144,142,2,2
9495,61,59,2,2
9496,61,60,1,1
9497,114,121,-7,7
9498,125,123,2,2
9499,70,73,-3,3
9500,83,80,3,3
9501,147,149,-2,2
9502,97,99,-2,2
9503,82,84,-2,2
9504,87,78,9,9
9505,94,87,7,7
9506,54,36,18,18
9507,71,76,-5,5
9508,105,105,0,0
9509,87,93,-6,6
9510,95,111,-16,16
9511,71,71,0,0
9512,76,77,-1,1
9513,123,114,9,9
9514,127,165,-38,38
9515,84,97,-13,13
9516,48,37,11,11
9517,108,89,19,19
9518,157,129,28,28
9519,54,59,-5,5
9520,100,84,16,16
9521,118,110,8,8
9522,57,54,3,3
9523,137,137,0,0
9524,80,77,3,3
9525,48,70,-22,22
9526,49,56,-7,7
9527,94,89,5,5
9528,101,94,7,7
9529,64,61,3,3
9530,114,123,-9,9
9531,82,75,7,7
9532,62,66,-4,4
9533,57,62,-5,5
9534,88,99,-11,11
9535,92,95,-3,3
9536,66,87,-21,21
9537,76,81,-5,5
9538,59,56,3,3
9539,89,86,3,3
9540,63,70,-7,7
9541,51,58,-7,7
9542,123,121,2,2
9543,88,95,-7,7
9544,59,66,-7,7
9545,66,67,-1,1
9546,135,126,9,9
9547,54,57,-3,3
9548,24,39,-15,15
9549,91,75,16,16
9550,166,146,20,20
9551,45,49,-4,4
9552,95,87,8,8
9553,99,96,3,3
9554,70,75,-5,5
9555,81,64,17,17
9556,97,94,3,3
9557,75,92,-17,17
9558,55,62,-7,7
9559,86,81,5,5
9560,172,156,16,16
9561,65,73,-8,8
9562,174,161,13,13
9563,78,86,-8,8
9564,81,80,1,1
9565,68,57,11,11
9566,74,68,6,6
9567,46,46,0,0
9568,119,129,-10,10
9569,48,52,-4,4
9570,112,118,-6,6
9571,135,133,2,2
9572,91,75,16,16
9573,103,97,6,6
9574,95,116,-21,21
9575,91,79,12,12
9576,201,162,39,39
9577,89,80,9,9
9578,71,64,7,7
9579,198,166,32,32
9580,93,86,7,7
9581,82,90,-8,8
9582,132,128,4,4
9583,79,84,-5,5
9584,60,62,-2,2
9585,72,94,-22,22
9586,107,110,-3,3
9587,112,128,-16,16
9588,99,107,-8,8
9589,104,117,-13,13
9590,68,79,-11,11
9591,57,65,-8,8
9592,47,47,0,0
9593,96,93,3,3
9594,95,119,-24,24
9595,43,56,-13,13
9596,116,96,20,20
9597,65,78,-13,13
9598,106,89,17,17
9599,117,136,-19,19
9600,96,89,7,7
9601,67,54,13,13
9602,100,89,11,11
9603,108,103,5,5
9604,103,101,2,2
9605,58,67,-9,9
9606,88,88,0,0
9607,133,123,10,10
9608,161,151,10,10
9609,95,89,6,6
9610,99,91,8,8
9611,69,62,7,7
9612,112,102,10,10
9613,127,115,12,12
9614,66,85,-19,19
9615,116,107,9,9
9616,105,125,-20,20
9617,100,94,6,6
9618,93,99,-6,6
9619,79,88,-9,9
9620,121,110,11,11
9621,86,89,-3,3
9622,88,89,-1,1
9623,177,145,32,32
9624,67,71,-4,4
9625,73,73,0,0
9626,105,98,7,7
9627,115,115,0,0
9628,141,130,11,11
9629,75,78,-3,3
9630,58,60,-2,2
9631,86,86,0,0
9632,137,139,-2,2
9633,113,114,-1,1
9634,92,86,6,6
9635,83,94,-11,11
9636,103,116,-13,13
9637,145,142,3,3
9638,84,86,-2,2
9639,123,122,1,1
9640,104,108,-4,4
9641,61,58,3,3
9642,79,96,-17,17
9643,90,114,-24,24
9644,115,114,1,1
9645,138,129,9,9
9646,80,81,-1,1
9647,92,93,-1,1
9648,126,111,15,15
9649,62,52,10,10
9650,81,79,2,2
9651,88,79,9,9
9652,90,103,-13,13
9653,70,75,-5,5
9654,113,117,-4,4
9655,81,82,-1,1
9656,70,80,-10,10
9657,87,92,-5,5
9658,62,59,3,3
9659,54,58,-4,4
9660,85,86,-1,1
9661,76,77,-1,1
9662,44,51,-7,7
9663,106,103,3,3
9664,116,123,-7,7
9665,114,137,-23,23
9666,156,141,15,15
9667,127,119,8,8
9668,61,60,1,1
9669,57,47,10,10
9670,128,131,-3,3
9671,90,80,10,10
9672,113,102,11,11
9673,81,76,5,5
9674,48,53,-5,5
9675,47,52,-5,5
9676,139,121,18,18
9677,154,143,11,11
9678,104,127,-23,23
9679,97,99,-2,2
9680,123,116,7,7
9681,68,65,3,3
9682,94,91,3,3
9683,77,89,-12,12
9684,45,48,-3,3
9685,78,73,5,5
9686,75,87,-12,12
9687,79,84,-5,5
9688,175,196,-21,21
9689,117,102,15,15
9690,108,104,4,4
9691,106,104,2,2
9692,82,67,15,15
9693,112,104,8,8
9694,74,81,-7,7
9695,117,123,-6,6
9696,94,94,0,0
9697,226,200,26,26
9698,120,120,0,0
9699,40,53,-13,13
9700,40,97,-57,57
9701,119,112,7,7
9702,51,52,-1,1
9703,61,65,-4,4
9704,119,119,0,0
9705,97,83,14,14
9706,70,69,1,1
9707,101,89,12,12
9708,160,149,11,11
9709,88,97,-9,9
9710,41,48,-7,7
9711,86,84,2,2
9712,76,86,-10,10
9713,66,69,-3,3
9714,110,110,0,0
9715,120,106,14,14
9716,97,100,-3,3
9717,89,88,1,1
9718,117,119,-2,2
9719,59,73,-14,14
9720,145,123,22,22
9721,84,75,9,9
9722,78,91,-13,13
9723,65,64,1,1
9724,62,84,-22,22
9725,114,115,-1,1
9726,76,89,-13,13
9727,51,55,-4,4
9728,131,125,6,6
9729,162,143,19,19
9730,90,104,-14,14
9731,95,102,-7,7
9732,49,69,-20,20
9733,81,76,5,5
9734,103,97,6,6
9735,136,138,-2,2
9736,116,115,1,1
9737,74,77,-3,3
9738,54,56,-2,2
9739,110,107,3,3
9740,113,92,21,21
9741,142,113,29,29
9742,130,100,30,30
9743,156,134,22,22
9744,186,184,2,2
9745,70,65,5,5
9746,115,101,14,14
9747,149,129,20,20
9748,135,123,12,12
9749,72,73,-1,1
9750,143,152,-9,9
9751,190,155,35,35
9752,117,131,-14,14
9753,124,106,18,18
9754,78,93,-15,15
9755,90,103,-13,13
9756,49,52,-3,3
9757,52,60,-8,8
9758,48,56,-8,8
9759,69,65,4,4
9760,69,82,-13,13
9761,40,48,-8,8
9762,89,93,-4,4
9763,85,83,2,2
9764,104,110,-6,6
9765,130,139,-9,9
9766,110,90,20,20
9767,136,122,14,14
9768,91,88,3,3
9769,83,82,1,1
9770,50,49,1,1
9771,104,101,3,3
9772,83,78,5,5
9773,114,107,7,7
9774,119,133,-14,14
9775,88,74,14,14
9776,68,101,-33,33
9777,84,107,-23,23
9778,93,72,21,21
9779,56,67,-11,11
9780,66,69,-3,3
9781,60,48,12,12
9782,58,70,-12,12
9783,142,139,3,3
9784,197,157,40,40
9785,53,52,1,1
9786,86,105,-19,19
9787,85,89,-4,4
9788,153,137,16,16
9789,58,61,-3,3
9790,78,77,1,1
9791,159,141,18,18
9792,129,115,14,14
9793,115,119,-4,4
9794,64,52,12,12
9795,142,146,-4,4
9796,83,75,8,8
9797,171,165,6,6
9798,137,159,-22,22
9799,107,115,-8,8
9800,101,90,11,11
9801,75,64,11,11
9802,103,100,3,3
9803,80,78,2,2
9804,51,61,-10,10
9805,92,84,8,8
9806,88,90,-2,2
9807,96,100,-4,4
9808,140,119,21,21
9809,107,100,7,7
9810,59,59,0,0
9811,128,101,27,27
9812,80,80,0,0
9813,40,55,-15,15
9814,139,140,-1,1
9815,79,72,7,7
9816,89,99,-10,10
9817,127,130,-3,3
9818,132,114,18,18
9819,104,106,-2,2
9820,100,72,28,28
9821,76,80,-4,4
9822,182,136,46,46
9823,43,43,0,0
9824,56,64,-8,8
9825,140,123,17,17
9826,98,98,0,0
9827,66,73,-7,7
9828,52,28,24,24
9829,100,94,6,6
9830,131,113,18,18
9831,47,76,-29,29
9832,57,51,6,6
9833,58,62,-4,4
9834,100,104,-4,4
9835,143,142,1,1
9836,81,78,3,3
9837,130,121,9,9
9838,63,70,-7,7
9839,84,100,-16,16
9840,86,85,1,1
9841,118,125,-7,7
9842,109,102,7,7
9843,176,168,8,8
9844,68,75,-7,7
9845,102,104,-2,2
9846,65,73,-8,8
9847,88,97,-9,9
9848,127,117,10,10
9849,56,53,3,3
9850,104,108,-4,4
9851,105,90,15,15
9852,84,76,8,8
9853,27,60,-33,33
9854,95,107,-12,12
9855,77,86,-9,9
9856,192,188,4,4
9857,78,70,8,8
9858,122,127,-5,5
9859,80,92,-12,12
9860,94,76,18,18
9861,126,124,2,2
9862,44,43,1,1
9863,73,78,-5,5
9864,104,82,22,22
9865,71,64,7,7
9866,65,72,-7,7
9867,96,77,19,19
9868,116,99,17,17
9869,103,103,0,0
9870,129,128,1,1
9871,143,125,18,18
9872,100,121,-21,21
9873,133,131,2,2
9874,64,63,1,1
9875,121,135,-14,14
9876,61,64,-3,3
9877,55,68,-13,13
9878,49,42,7,7
9879,86,88,-2,2
9880,85,96,-11,11
9881,61,55,6,6
9882,128,131,-3,3
9883,91,72,19,19
9884,99,86,13,13
9885,92,85,7,7
9886,179,155,24,24
9887,114,93,21,21
9888,66,57,9,9
9889,78,90,-12,12
9890,69,75,-6,6
9891,121,117,4,4
9892,85,64,21,21
9893,110,123,-13,13
9894,92,104,-12,12
9895,117,117,0,0
9896,174,154,20,20
9897,135,141,-6,6
9898,64,68,-4,4
9899,75,83,-8,8
9900,97,104,-7,7
9901,120,125,-5,5
9902,102,110,-8,8
9903,91,89,2,2
9904,70,75,-5,5
9905,64,66,-2,2
9906,49,51,-2,2
9907,94,99,-5,5
9908,71,89,-18,18
9909,136,138,-2,2
9910,68,69,-1,1
9911,122,123,-1,1
9912,73,64,9,9
9913,114,117,-3,3
9914,98,91,7,7
9915,104,105,-1,1
9916,103,98,5,5
9917,108,101,7,7
9918,127,127,0,0
9919,130,147,-17,17
9920,95,104,-9,9
9921,89,76,13,13
9922,73,80,-7,7
9923,157,139,18,18
9924,103,97,6,6
9925,105,101,4,4
9926,112,97,15,15
9927,109,95,14,14
9928,79,65,14,14
9929,92,110,-18,18
9930,72,66,6,6
9931,48,49,-1,1
9932,98,90,8,8
9933,111,118,-7,7
9934,119,112,7,7
9935,139,119,20,20
9936,55,66,-11,11
9937,107,115,-8,8
9938,135,144,-9,9
9939,102,103,-1,1
9940,88,93,-5,5
9941,105,129,-24,24
9942,136,126,10,10
9943,82,86,-4,4
9944,67,62,5,5
9945,123,122,1,1
9946,120,133,-13,13
9947,94,104,-10,10
9948,51,57,-6,6
9949,95,103,-8,8
9950,92,85,7,7
9951,154,157,-3,3
9952,76,88,-12,12
9953,59,66,-7,7
9954,153,132,21,21
9955,66,71,-5,5
9956,96,99,-3,3
9957,131,116,15,15
9958,81,77,4,4
9959,80,81,-1,1
9960,59,65,-6,6
9961,72,83,-11,11
9962,148,125,23,23
9963,123,145,-22,22
9964,72,53,19,19
9965,59,68,-9,9
9966,145,154,-9,9
9967,95,98,-3,3
9968,125,116,9,9
9969,79,79,0,0
9970,79,86,-7,7
9971,68,67,1,1
9972,135,129,6,6
9973,96,99,-3,3
9974,64,70,-6,6
9975,62,69,-7,7
9976,102,102,0,0
9977,141,151,-10,10
9978,82,69,13,13
9979,84,71,13,13
9980,85,83,2,2
9981,77,79,-2,2
9982,107,95,12,12
9983,94,97,-3,3
9984,84,79,5,5
9985,90,86,4,4
9986,127,113,14,14
9987,94,93,1,1
9988,142,185,-43,43
9989,88,93,-5,5
9990,104,99,5,5
9991,66,70,-4,4
9992,48,59,-11,11
9993,76,75,1,1
9994,105,107,-2,2
9995,62,54,8,8
9996,82,88,-6,6
9997,123,124,-1,1
9998,88,99,-11,11
9999,68,62,6,6
10000,171,154,17,17
10001,134,122,12,12
10002,81,81,0,0
10003,66,68,-2,2
10004,49,46,3,3
10005,92,93,-1,1
10006,121,112,9,9
10007,133,129,4,4
10008,147,131,16,16
10009,81,92,-11,11
10010,69,84,-15,15
10011,83,86,-3,3
10012,88,84,4,4
10013,59,54,5,5
10014,91,99,-8,8
10015,153,157,-4,4
10016,114,98,16,16
10017,77,93,-16,16
10018,85,88,-3,3
10019,80,78,2,2
10020,74,73,1,1
10021,169,162,7,7
10022,108,111,-3,3
10023,121,125,-4,4
10024,83,89,-6,6
10025,56,54,2,2
10026,74,69,5,5
10027,53,62,-9,9
10028,80,92,-12,12
10029,79,89,-10,10
10030,117,108,9,9
10031,174,170,4,4
10032,77,66,11,11
10033,114,99,15,15
10034,79,78,1,1
10035,158,134,24,24
10036,80,80,0,0
10037,90,119,-29,29
10038,111,108,3,3
10039,155,147,8,8
10040,55,52,3,3
10041,74,68,6,6
10042,62,68,-6,6
10043,138,132,6,6
10044,143,162,-19,19
10045,113,125,-12,12
10046,100,104,-4,4
10047,115,92,23,23
10048,49,51,-2,2
10049,139,160,-21,21
10050,114,113,1,1
10051,125,114,11,11
10052,61,71,-10,10
10053,136,124,12,12
10054,77,84,-7,7
10055,211,166,45,45
10056,66,59,7,7
10057,111,99,12,12
10058,122,130,-8,8
10059,139,129,10,10
10060,121,107,14,14
10061,108,117,-9,9
10062,85,94,-9,9
10063,110,105,5,5
10064,62,78,-16,16
10065,107,103,4,4
10066,49,53,-4,4
10067,82,86,-4,4
10068,92,86,6,6
10069,59,63,-4,4
10070,56,63,-7,7
10071,105,95,10,10
10072,61,78,-17,17
10073,95,100,-5,5
10074,56,61,-5,5
10075,148,149,-1,1
10076,123,124,-1,1
10077,111,122,-11,11
10078,75,81,-6,6
10079,139,155,-16,16
10080,68,72,-4,4
10081,90,80,10,10
10082,150,158,-8,8
10083,133,120,13,13
10084,49,56,-7,7
10085,62,58,4,4
10086,111,107,4,4
10087,117,107,10,10
10088,151,154,-3,3
10089,100,100,0,0
10090,42,54,-12,12
10091,78,71,7,7
10092,48,48,0,0
10093,118,100,18,18
10094,70,71,-1,1
10095,117,116,1,1
10096,61,90,-29,29
10097,94,101,-7,7
10098,78,80,-2,2
10099,170,163,7,7
10100,68,74,-6,6
10101,78,67,11,11
10102,47,51,-4,4
10103,130,108,22,22
10104,80,74,6,6
10105,70,76,-6,6
10106,49,57,-8,8
10107,117,111,6,6
10108,86,86,0,0
10109,82,78,4,4
10110,54,66,-12,12
10111,160,157,3,3
10112,78,85,-7,7
10113,82,75,7,7
10114,59,42,17,17
10115,115,109,6,6
10116,86,94,-8,8
10117,119,104,15,15
10118,116,113,3,3
10119,90,99,-9,9
10120,75,77,-2,2
10121,81,85,-4,4
10122,87,88,-1,1
10123,108,94,14,14
10124,50,55,-5,5
10125,53,54,-1,1
10126,130,138,-8,8
10127,125,116,9,9
10128,118,112,6,6
10129,112,114,-2,2
10130,62,58,4,4
10131,105,111,-6,6
10132,90,100,-10,10
10133,143,144,-1,1
10134,58,59,-1,1
10135,64,74,-10,10
10136,108,106,2,2
10137,98,85,13,13
10138,136,147,-11,11
10139,101,109,-8,8
10140,85,86,-1,1
10141,92,92,0,0
10142,144,139,5,5
10143,80,78,2,2
10144,110,102,8,8
10145,66,70,-4,4
10146,73,64,9,9
10147,59,55,4,4
10148,88,89,-1,1
10149,74,89,-15,15
10150,61,61,0,0
10151,125,120,5,5
10152,55,54,1,1
10153,115,113,2,2
10154,58,62,-4,4
10155,76,79,-3,3
10156,137,147,-10,10
10157,81,74,7,7
10158,116,117,-1,1
10159,81,81,0,0
10160,94,97,-3,3
10161,78,101,-23,23
10162,80,83,-3,3
10163,99,96,3,3
10164,118,105,13,13
10165,137,139,-2,2
10166,98,98,0,0
10167,71,66,5,5
10168,83,80,3,3
10169,132,142,-10,10
10170,69,71,-2,2
10171,119,98,21,21
10172,101,103,-2,2
10173,92,109,-17,17
10174,74,65,9,9
10175,95,96,-1,1
10176,67,70,-3,3
10177,50,44,6,6
10178,106,96,10,10
10179,102,101,1,1
10180,359,251,108,108
10181,58,55,3,3
10182,94,89,5,5
10183,90,82,8,8
10184,88,89,-1,1
10185,105,98,7,7
10186,75,81,-6,6
10187,89,94,-5,5
10188,86,90,-4,4
10189,133,134,-1,1
10190,35,44,-9,9
10191,88,75,13,13
10192,177,165,12,12
10193,100,99,1,1
10194,65,70,-5,5
10195,104,97,7,7
10196,67,52,15,15
10197,86,89,-3,3
10198,123,110,13,13
10199,108,106,2,2
10200,84,88,-4,4
10201,54,64,-10,10
10202,95,101,-6,6
10203,86,88,-2,2
10204,70,86,-16,16
10205,84,73,11,11
10206,107,98,9,9
10207,45,47,-2,2
10208,85,83,2,2
10209,79,104,-25,25
10210,125,129,-4,4
10211,92,97,-5,5
10212,74,80,-6,6
10213,139,134,5,5
10214,84,75,9,9
10215,103,103,0,0
10216,60,81,-21,21
10217,78,93,-15,15
10218,69,36,33,33
10219,131,129,2,2
10220,102,104,-2,2
10221,69,75,-6,6
10222,58,64,-6,6
10223,43,45,-2,2
10224,29,51,-22,22
10225,86,88,-2,2
10226,114,111,3,3
10227,38,70,-32,32
10228,113,120,-7,7
10229,74,81,-7,7
10230,67,65,2,2
10231,221,205,16,16
10232,103,111,-8,8
10233,224,201,23,23
10234,82,98,-16,16
10235,104,90,14,14
10236,115,117,-2,2
10237,70,82,-12,12
10238,92,98,-6,6
10239,118,112,6,6
10240,159,122,37,37
10241,124,119,5,5
10242,165,125,40,40
10243,118,116,2,2
10244,79,71,8,8
10245,113,104,9,9
10246,61,63,-2,2
10247,112,100,12,12
10248,68,65,3,3
10249,71,75,-4,4
10250,127,121,6,6
10251,82,88,-6,6
10252,63,67,-4,4
10253,189,188,1,1
10254,73,64,9,9
10255,76,72,4,4
10256,99,106,-7,7
10257,131,132,-1,1
10258,88,86,2,2
10259,61,69,-8,8
10260,135,134,1,1
10261,52,58,-6,6
10262,114,112,2,2
10263,82,81,1,1
10264,106,104,2,2
10265,102,125,-23,23
10266,105,121,-16,16
10267,77,80,-3,3
10268,66,73,-7,7
10269,129,120,9,9
10270,73,71,2,2
10271,77,81,-4,4
10272,70,79,-9,9
10273,40,48,-8,8
10274,55,62,-7,7
10275,130,128,2,2
10276,168,143,25,25
10277,76,60,16,16
10278,136,132,4,4
10279,104,101,3,3
10280,52,63,-11,11
10281,151,137,14,14
10282,74,75,-1,1
10283,60,82,-22,22
10284,90,83,7,7
10285,81,88,-7,7
10286,118,121,-3,3
10287,96,98,-2,2
10288,96,104,-8,8
10289,151,151,0,0
10290,125,108,17,17
10291,73,74,-1,1
10292,107,100,7,7
10293,113,118,-5,5
10294,118,107,11,11
10295,71,91,-20,20
10296,68,67,1,1
10297,65,75,-10,10
10298,48,50,-2,2
10299,73,79,-6,6
10300,86,113,-27,27
10301,45,41,4,4
10302,87,80,7,7
10303,113,113,0,0
10304,137,142,-5,5
10305,114,105,9,9
10306,61,61,0,0
10307,106,89,17,17
10308,128,142,-14,14
10309,111,120,-9,9
10310,100,105,-5,5
10311,100,102,-2,2
10312,133,151,-18,18
10313,96,94,2,2
10314,133,135,-2,2
10315,130,121,9,9
10316,78,78,0,0
10317,130,107,23,23
10318,110,129,-19,19
10319,75,89,-14,14
10320,144,161,-17,17
10321,81,96,-15,15
10322,63,78,-15,15
10323,122,123,-1,1
10324,119,143,-24,24
10325,99,110,-11,11
10326,111,106,5,5
10327,143,133,10,10
10328,104,116,-12,12
10329,93,91,2,2
10330,72,75,-3,3
10331,79,75,4,4
10332,128,152,-24,24
10333,99,99,0,0
10334,76,78,-2,2
10335,100,106,-6,6
10336,70,65,5,5
10337,148,146,2,2
10338,68,76,-8,8
10339,100,106,-6,6
10340,74,89,-15,15
10341,86,79,7,7
10342,93,78,15,15
10343,138,118,20,20
10344,149,141,8,8
10345,65,63,2,2
10346,89,93,-4,4
10347,117,66,51,51
10348,98,95,3,3
10349,127,127,0,0
10350,106,99,7,7
10351,68,69,-1,1
10352,160,143,17,17
10353,83,84,-1,1
10354,129,116,13,13
10355,117,107,10,10
10356,74,82,-8,8
10357,101,106,-5,5
10358,113,128,-15,15
10359,121,113,8,8
10360,122,128,-6,6
10361,117,116,1,1
10362,131,140,-9,9
10363,68,58,10,10
10364,86,95,-9,9
10365,97,94,3,3
10366,125,112,13,13
10367,65,81,-16,16
10368,49,47,2,2
10369,81,89,-8,8
10370,103,105,-2,2
10371,110,105,5,5
10372,86,99,-13,13
10373,103,102,1,1
10374,103,108,-5,5
10375,59,58,1,1
10376,119,110,9,9
10377,40,53,-13,13
10378,102,105,-3,3
10379,120,115,5,5
10380,103,109,-6,6
10381,101,96,5,5
10382,106,104,2,2
10383,110,124,-14,14
10384,82,85,-3,3
10385,88,77,11,11
10386,174,169,5,5
10387,99,85,14,14
10388,66,75,-9,9
10389,105,118,-13,13
10390,59,56,3,3
10391,128,117,11,11
10392,53,71,-18,18
10393,123,117,6,6
10394,88,90,-2,2
10395,80,76,4,4
10396,72,90,-18,18
10397,73,78,-5,5
10398,60,57,3,3
10399,88,81,7,7
10400,82,79,3,3
10401,156,140,16,16
10402,163,135,28,28
10403,73,65,8,8
10404,105,99,6,6
10405,137,117,20,20
10406,74,80,-6,6
10407,85,81,4,4
10408,71,71,0,0
10409,56,68,-12,12
10410,95,98,-3,3
10411,48,43,5,5
10412,113,120,-7,7
10413,96,97,-1,1
10414,111,104,7,7
10415,80,119,-39,39
10416,44,39,5,5
10417,73,66,7,7
10418,132,109,23,23
10419,100,83,17,17
10420,126,110,16,16
10421,77,88,-11,11
10422,81,87,-6,6
10423,68,73,-5,5
10424,73,83,-10,10
10425,100,100,0,0
10426,98,86,12,12
10427,60,62,-2,2
10428,110,115,-5,5
10429,102,100,2,2
10430,75,70,5,5
10431,138,127,11,11
10432,81,69,12,12
10433,108,109,-1,1
10434,148,139,9,9
10435,59,53,6,6
10436,88,91,-3,3
10437,104,81,23,23
10438,72,71,1,1
10439,82,79,3,3
10440,93,94,-1,1
10441,93,95,-2,2
10442,160,143,17,17
10443,129,136,-7,7
10444,113,124,-11,11
10445,116,103,13,13
10446,119,105,14,14
10447,86,77,9,9
10448,44,34,10,10
10449,76,65,11,11
10450,61,57,4,4
10451,80,88,-8,8
10452,99,92,7,7
10453,87,104,-17,17
10454,117,115,2,2
10455,50,65,-15,15
10456,150,137,13,13
10457,123,108,15,15
10458,100,68,32,32
10459,147,145,2,2
10460,185,163,22,22
10461,59,63,-4,4
10462,81,77,4,4
10463,61,73,-12,12
10464,126,116,10,10
10465,82,78,4,4
10466,100,87,13,13
10467,81,71,10,10
10468,39,64,-25,25
10469,77,76,1,1
10470,51,56,-5,5
10471,98,111,-13,13
10472,133,150,-17,17
10473,80,74,6,6
10474,151,144,7,7
10475,88,78,10,10
10476,55,52,3,3
10477,72,76,-4,4
10478,75,91,-16,16
10479,77,65,12,12
10480,81,78,3,3
10481,144,126,18,18
10482,121,111,10,10
10483,57,56,1,1
10484,69,77,-8,8
10485,99,100,-1,1
10486,64,69,-5,5
10487,130,107,23,23
10488,106,108,-2,2
10489,72,69,3,3
10490,67,68,-1,1
10491,68,71,-3,3
10492,79,82,-3,3
10493,81,91,-10,10
10494,69,76,-7,7
10495,67,70,-3,3
10496,73,72,1,1
10497,39,43,-4,4
10498,112,123,-11,11
10499,71,72,-1,1
10500,132,113,19,19
10501,133,135,-2,2
10502,95,89,6,6
10503,112,107,5,5
10504,112,95,17,17
10505,99,114,-15,15
10506,71,75,-4,4
10507,127,148,-21,21
10508,89,99,-10,10
10509,87,80,7,7
10510,124,115,9,9
10511,66,70,-4,4
10512,92,98,-6,6
10513,80,81,-1,1
10514,94,99,-5,5
10515,146,142,4,4
10516,139,131,8,8
10517,136,113,23,23
10518,63,62,1,1
10519,54,66,-12,12
10520,171,158,13,13
10521,91,86,5,5
10522,170,157,13,13
10523,147,140,7,7
10524,70,67,3,3
10525,140,144,-4,4
10526,117,113,4,4
10527,72,69,3,3
10528,132,136,-4,4
10529,63,65,-2,2
10530,102,98,4,4
10531,81,85,-4,4
10532,90,83,7,7
10533,87,110,-23,23
10534,127,110,17,17
10535,56,48,8,8
10536,44,50,-6,6
10537,122,110,12,12
10538,111,100,11,11
10539,66,76,-10,10
10540,110,119,-9,9
10541,101,104,-3,3
10542,119,124,-5,5
10543,75,86,-11,11
10544,65,76,-11,11
10545,55,59,-4,4
10546,76,80,-4,4
10547,70,69,1,1
10548,157,190,-33,33
10549,27,47,-20,20
10550,83,77,6,6
10551,125,132,-7,7
10552,95,104,-9,9
10553,86,83,3,3
10554,116,108,8,8
10555,66,66,0,0
10556,144,145,-1,1
10557,96,99,-3,3
10558,94,91,3,3
10559,37,47,-10,10
10560,195,179,16,16
10561,108,121,-13,13
10562,130,117,13,13
10563,78,77,1,1
10564,57,61,-4,4
10565,72,83,-11,11
10566,57,75,-18,18
10567,90,100,-10,10
10568,67,51,16,16
10569,157,155,2,2
10570,57,64,-7,7
10571,94,97,-3,3
10572,69,79,-10,10
10573,86,96,-10,10
10574,58,53,5,5
10575,105,100,5,5
10576,74,64,10,10
10577,116,118,-2,2
10578,78,84,-6,6
10579,115,115,0,0
10580,64,77,-13,13
10581,127,111,16,16
10582,77,80,-3,3
10583,99,86,13,13
10584,68,75,-7,7
10585,101,117,-16,16
10586,88,93,-5,5
10587,121,117,4,4
10588,100,105,-5,5
10589,87,74,13,13
10590,80,84,-4,4
10591,43,55,-12,12
10592,103,112,-9,9
10593,149,139,10,10
10594,67,76,-9,9
10595,110,107,3,3
10596,127,132,-5,5
10597,55,51,4,4
10598,133,118,15,15
10599,82,88,-6,6
10600,45,49,-4,4
10601,59,54,5,5
10602,120,119,1,1
10603,103,116,-13,13
10604,145,140,5,5
10605,119,120,-1,1
10606,75,88,-13,13
10607,74,69,5,5
10608,109,117,-8,8
10609,148,143,5,5
10610,80,85,-5,5
10611,68,63,5,5
10612,116,119,-3,3
10613,114,107,7,7
10614,100,100,0,0
10615,72,71,1,1
10616,119,120,-1,1
10617,96,88,8,8
10618,58,67,-9,9
10619,132,141,-9,9
10620,169,159,10,10
10621,70,70,0,0
10622,90,79,11,11
10623,93,84,9,9
10624,107,121,-14,14
10625,124,113,11,11
10626,43,50,-7,7
10627,102,97,5,5
10628,107,105,2,2
10629,61,71,-10,10
10630,62,57,5,5
10631,72,57,15,15
10632,129,113,16,16
10633,74,70,4,4
10634,81,74,7,7
10635,107,99,8,8
10636,79,85,-6,6
10637,43,40,3,3
10638,72,86,-14,14
10639,102,92,10,10
10640,93,94,-1,1
10641,90,94,-4,4
10642,66,59,7,7
10643,125,133,-8,8
10644,73,71,2,2
10645,78,65,13,13
10646,49,52,-3,3
10647,81,67,14,14
10648,74,84,-10,10
10649,78,82,-4,4
10650,82,76,6,6
10651,92,100,-8,8
10652,110,91,19,19
10653,96,86,10,10
10654,83,83,0,0
10655,143,127,16,16
10656,88,72,16,16
10657,111,116,-5,5
10658,54,55,-1,1
10659,66,68,-2,2
10660,68,77,-9,9
10661,57,60,-3,3
10662,169,152,17,17
10663,63,76,-13,13
10664,131,167,-36,36
10665,102,92,10,10
10666,47,40,7,7
10667,58,89,-31,31
10668,127,119,8,8
10669,100,96,4,4
10670,109,105,4,4
10671,109,100,9,9
10672,92,100,-8,8
10673,93,94,-1,1
10674,64,61,3,3
10675,95,98,-3,3
10676,97,92,5,5
10677,87,94,-7,7
10678,65,63,2,2
10679,84,89,-5,5
10680,140,115,25,25
10681,88,85,3,3
10682,56,53,3,3
10683,131,136,-5,5
10684,107,105,2,2
10685,93,89,4,4
10686,125,109,16,16
10687,204,182,22,22
10688,128,121,7,7
10689,80,85,-5,5
10690,161,172,-11,11
10691,114,108,6,6
10692,96,70,26,26
10693,79,87,-8,8
10694,60,72,-12,12
10695,176,155,21,21
10696,41,50,-9,9
10697,50,60,-10,10
10698,45,59,-14,14
10699,168,151,17,17
10700,65,77,-12,12
10701,57,47,10,10
10702,98,97,1,1
10703,77,72,5,5
10704,84,77,7,7
10705,76,87,-11,11
10706,75,92,-17,17
10707,93,92,1,1
10708,71,113,-42,42
10709,87,79,8,8
10710,65,68,-3,3
10711,130,119,11,11
10712,74,60,14,14
10713,34,55,-21,21
10714,129,101,28,28
10715,114,115,-1,1
10716,70,64,6,6
10717,50,69,-19,19
10718,93,80,13,13
10719,55,49,6,6
10720,94,78,16,16
10721,46,44,2,2
10722,50,45,5,5
10723,104,91,13,13
10724,118,123,-5,5
10725,102,90,12,12
10726,84,76,8,8
10727,165,175,-10,10
10728,97,98,-1,1
10729,92,95,-3,3
10730,89,73,16,16
10731,76,74,2,2
10732,75,91,-16,16
10733,142,125,17,17
10734,96,93,3,3
10735,145,144,1,1
10736,87,82,5,5
10737,64,60,4,4
10738,48,36,12,12
10739,94,94,0,0
10740,69,73,-4,4
10741,66,58,8,8
10742,131,112,19,19
10743,98,84,14,14
10744,94,97,-3,3
10745,65,68,-3,3
10746,89,90,-1,1
10747,128,110,18,18
10748,144,151,-7,7
10749,53,66,-13,13
10750,108,118,-10,10
10751,29,58,-29,29
10752,58,58,0,0
10753,94,101,-7,7
10754,74,67,7,7
10755,133,130,3,3
10756,75,68,7,7
10757,87,75,12,12
10758,133,123,10,10
10759,74,61,13,13
10760,80,86,-6,6
10761,52,59,-7,7
10762,116,112,4,4
10763,158,149,9,9
10764,224,193,31,31
10765,97,104,-7,7
10766,128,112,16,16
10767,102,104,-2,2
10768,114,108,6,6
10769,41,38,3,3
10770,86,95,-9,9
10771,42,57,-15,15
10772,111,109,2,2
10773,142,130,12,12
10774,68,67,1,1
10775,65,81,-16,16
10776,116,119,-3,3
10777,91,81,10,10
10778,157,142,15,15
10779,140,132,8,8
10780,126,115,11,11
10781,77,67,10,10
10782,86,98,-12,12
10783,102,103,-1,1
10784,95,94,1,1
10785,64,61,3,3
10786,103,129,-26,26
10787,55,71,-16,16
10788,77,83,-6,6
10789,160,146,14,14
10790,58,60,-2,2
10791,191,207,-16,16
10792,121,114,7,7
10793,77,68,9,9
10794,161,144,17,17
10795,65,66,-1,1
10796,80,104,-24,24
10797,77,78,-1,1
10798,67,80,-13,13
10799,51,55,-4,4
10800,76,85,-9,9
10801,155,125,30,30
10802,96,83,13,13
10803,65,70,-5,5
10804,98,103,-5,5
10805,101,102,-1,1
10806,49,71,-22,22
10807,112,97,15,15
10808,81,69,12,12
10809,49,59,-10,10
10810,65,59,6,6
10811,90,83,7,7
10812,126,110,16,16
10813,48,61,-13,13
10814,120,111,9,9
10815,55,58,-3,3
10816,75,81,-6,6
10817,83,97,-14,14
10818,135,128,7,7
10819,131,130,1,1
10820,117,125,-8,8
10821,88,73,15,15
10822,92,96,-4,4
10823,90,106,-16,16
10824,98,110,-12,12
10825,101,86,15,15
10826,138,134,4,4
10827,84,82,2,2
10828,104,111,-7,7
10829,98,99,-1,1
10830,87,88,-1,1
10831,102,104,-2,2
10832,81,93,-12,12
10833,75,83,-8,8
10834,145,127,18,18
10835,114,110,4,4
10836,63,61,2,2
10837,51,62,-11,11
10838,109,105,4,4
10839,69,71,-2,2
10840,87,101,-14,14
10841,72,68,4,4
10842,114,121,-7,7
10843,96,84,12,12
10844,140,156,-16,16
10845,171,159,12,12
10846,97,98,-1,1
10847,77,70,7,7
10848,125,109,16,16
10849,75,69,6,6
10850,98,109,-11,11
10851,118,112,6,6
10852,120,109,11,11
10853,69,72,-3,3
10854,57,42,15,15
10855,129,124,5,5
10856,127,132,-5,5
10857,81,81,0,0
10858,102,109,-7,7
10859,154,131,23,23
10860,116,101,15,15
10861,47,47,0,0
10862,124,130,-6,6
10863,124,117,7,7
10864,138,130,8,8
10865,82,67,15,15
10866,120,106,14,14
10867,114,95,19,19
10868,90,91,-1,1
10869,88,75,13,13
10870,53,59,-6,6
10871,84,85,-1,1
10872,80,86,-6,6
10873,147,141,6,6
10874,79,86,-7,7
10875,115,108,7,7
10876,80,70,10,10
10877,117,120,-3,3
10878,123,114,9,9
10879,54,55,-1,1
10880,93,93,0,0
10881,145,139,6,6
10882,128,126,2,2
10883,73,89,-16,16
10884,51,52,-1,1
10885,65,60,5,5
10886,102,125,-23,23
10887,95,114,-19,19
10888,58,48,10,10
10889,49,69,-20,20
10890,113,125,-12,12
10891,121,122,-1,1
10892,148,151,-3,3
10893,139,138,1,1
10894,96,122,-26,26
10895,143,134,9,9
10896,92,97,-5,5
10897,78,80,-2,2
10898,11,66,-55,55
10899,66,65,1,1
10900,79,77,2,2
10901,70,70,0,0
10902,67,69,-2,2
10903,77,76,1,1
10904,144,138,6,6
10905,84,93,-9,9
10906,50,53,-3,3
10907,79,70,9,9
10908,90,100,-10,10
10909,62,56,6,6
10910,134,147,-13,13
10911,110,100,10,10
10912,78,92,-14,14
10913,142,126,16,16
10914,79,93,-14,14
10915,143,118,25,25
10916,80,93,-13,13
10917,37,53,-16,16
10918,70,75,-5,5
10919,96,96,0,0
10920,135,143,-8,8
10921,76,71,5,5
10922,181,171,10,10
10923,105,117,-12,12
10924,49,50,-1,1
10925,65,78,-13,13
10926,139,141,-2,2
10927,38,48,-10,10
10928,83,93,-10,10
10929,56,51,5,5
10930,120,112,8,8
10931,109,115,-6,6
10932,160,157,3,3
10933,117,129,-12,12
10934,92,101,-9,9
10935,99,101,-2,2
10936,114,104,10,10
10937,70,57,13,13
10938,93,94,-1,1
10939,112,98,14,14
10940,118,101,17,17
10941,72,66,6,6
10942,51,55,-4,4
10943,119,104,15,15
10944,85,84,1,1
10945,101,106,-5,5
10946,78,83,-5,5
10947,75,71,4,4
10948,69,85,-16,16
10949,120,109,11,11
10950,72,70,2,2
10951,64,74,-10,10
10952,80,79,1,1
10953,80,90,-10,10
10954,75,71,4,4
10955,76,76,0,0
10956,157,151,6,6
10957,80,91,-11,11
10958,117,106,11,11
10959,103,83,20,20
10960,129,107,22,22
10961,139,138,1,1
10962,98,105,-7,7
10963,87,62,25,25
10964,165,142,23,23
10965,73,78,-5,5
10966,137,125,12,12
10967,150,150,0,0
10968,74,79,-5,5
10969,157,149,8,8
10970,82,102,-20,20
10971,74,63,11,11
10972,37,51,-14,14
10973,95,87,8,8
10974,104,99,5,5
10975,124,127,-3,3
10976,37,35,2,2
10977,80,107,-27,27
10978,80,83,-3,3
10979,88,81,7,7
10980,147,122,25,25
10981,65,71,-6,6
10982,101,99,2,2
10983,93,83,10,10
10984,71,66,5,5
10985,64,59,5,5
10986,71,76,-5,5
10987,60,69,-9,9
10988,64,66,-2,2
10989,55,63,-8,8
10990,48,81,-33,33
10991,141,123,18,18
10992,95,95,0,0
10993,58,63,-5,5
10994,95,88,7,7
10995,71,80,-9,9
10996,89,98,-9,9
10997,125,124,1,1
10998,170,168,2,2
10999,153,137,16,16
11000,84,76,8,8
11001,137,146,-9,9
11002,81,80,1,1
11003,77,88,-11,11
11004,75,74,1,1
11005,110,107,3,3
11006,53,50,3,3
11007,92,82,10,10
11008,105,116,-11,11
11009,55,67,-12,12
11010,85,101,-16,16
11011,141,132,9,9
11012,126,128,-2,2
11013,82,83,-1,1
11014,124,114,10,10
11015,76,94,-18,18
11016,126,105,21,21
11017,56,57,-1,1
11018,65,62,3,3
11019,91,112,-21,21
11020,65,76,-11,11
11021,84,81,3,3
11022,95,98,-3,3
11023,109,92,17,17
11024,74,58,16,16
11025,60,54,6,6
11026,65,61,4,4
11027,77,80,-3,3
11028,79,75,4,4
11029,65,63,2,2
11030,110,107,3,3
11031,116,118,-2,2
11032,67,63,4,4
11033,83,88,-5,5
11034,120,115,5,5
11035,157,132,25,25
11036,123,130,-7,7
11037,80,87,-7,7
11038,99,99,0,0
11039,88,73,15,15
11040,67,83,-16,16
11041,134,130,4,4
11042,76,66,10,10
11043,96,112,-16,16
11044,83,84,-1,1
11045,57,60,-3,3
11046,93,87,6,6
11047,60,58,2,2
11048,85,92,-7,7
11049,62,70,-8,8
11050,110,121,-11,11
11051,108,112,-4,4
11052,66,64,2,2
11053,67,80,-13,13
11054,71,53,18,18
11055,79,77,2,2
11056,145,154,-9,9
11057,62,70,-8,8
11058,60,77,-17,17
11059,126,128,-2,2
11060,120,129,-9,9
11061,67,67,0,0
11062,96,100,-4,4
11063,54,49,5,5
11064,66,62,4,4
11065,101,100,1,1
11066,83,73,10,10
11067,120,106,14,14
11068,186,178,8,8
11069,72,83,-11,11
11070,91,98,-7,7
11071,158,124,34,34
11072,67,77,-10,10
11073,118,99,19,19
11074,63,64,-1,1
11075,105,94,11,11
11076,124,158,-34,34
11077,108,84,24,24
11078,121,119,2,2
11079,39,32,7,7
11080,90,94,-4,4
11081,218,223,-5,5
11082,71,76,-5,5
11083,81,100,-19,19
11084,61,58,3,3
11085,86,74,12,12
11086,59,54,5,5
11087,168,158,10,10
11088,86,104,-18,18
11089,104,110,-6,6
11090,89,95,-6,6
11091,80,71,9,9
11092,81,79,2,2
11093,87,81,6,6
11094,119,109,10,10
11095,136,144,-8,8
11096,113,102,11,11
11097,68,78,-10,10
11098,86,71,15,15
11099,103,98,5,5
11100,72,75,-3,3
11101,142,123,19,19
11102,172,185,-13,13
11103,166,167,-1,1
11104,96,108,-12,12
11105,106,121,-15,15
11106,125,110,15,15
11107,125,118,7,7
11108,75,100,-25,25
11109,94,90,4,4
11110,103,101,2,2
11111,58,41,17,17
11112,81,80,1,1
11113,133,124,9,9
11114,122,122,0,0
11115,99,102,-3,3
11116,67,67,0,0
11117,126,114,12,12
11118,91,87,4,4
11119,73,73,0,0
11120,89,100,-11,11
11121,124,144,-20,20
11122,68,54,14,14
11123,126,114,12,12
11124,76,86,-10,10
11125,167,127,40,40
11126,36,34,2,2
11127,137,143,-6,6
11128,93,94,-1,1
11129,115,117,-2,2
11130,125,113,12,12
11131,79,71,8,8
11132,59,78,-19,19
11133,90,87,3,3
11134,73,80,-7,7
11135,74,70,4,4
11136,111,99,12,12
11137,129,111,18,18
11138,80,84,-4,4
11139,97,100,-3,3
11140,83,79,4,4
11141,129,119,10,10
11142,120,116,4,4
11143,93,79,14,14
11144,95,106,-11,11
11145,101,93,8,8
11146,93,93,0,0
11147,112,116,-4,4
11148,103,97,6,6
11149,60,61,-1,1
11150,95,104,-9,9
11151,62,78,-16,16
11152,69,73,-4,4
11153,83,97,-14,14
11154,53,42,11,11
11155,98,96,2,2
11156,101,105,-4,4
11157,73,92,-19,19
11158,94,102,-8,8
11159,55,52,3,3
11160,93,112,-19,19
11161,70,69,1,1
11162,102,107,-5,5
11163,75,70,5,5
11164,77,72,5,5
11165,96,98,-2,2
11166,93,104,-11,11
11167,78,88,-10,10
11168,155,129,26,26
11169,94,94,0,0
11170,66,72,-6,6
11171,71,81,-10,10
11172,96,95,1,1
11173,143,142,1,1
11174,60,52,8,8
11175,79,84,-5,5
11176,93,90,3,3
11177,126,114,12,12
11178,128,112,16,16
11179,103,91,12,12
11180,95,99,-4,4
11181,86,102,-16,16
11182,95,91,4,4
11183,68,68,0,0
11184,102,101,1,1
11185,74,70,4,4
11186,94,125,-31,31
11187,83,59,24,24
11188,107,99,8,8
11189,65,56,9,9
11190,66,71,-5,5
11191,113,111,2,2
11192,164,129,35,35
11193,60,62,-2,2
11194,139,153,-14,14
11195,96,98,-2,2
11196,87,71,16,16
11197,113,113,0,0
11198,180,172,8,8
11199,106,98,8,8
11200,73,70,3,3
11201,121,124,-3,3
11202,125,113,12,12
11203,62,69,-7,7
11204,56,63,-7,7
11205,81,85,-4,4
11206,103,102,1,1
11207,107,107,0,0
11208,70,67,3,3
11209,107,98,9,9
11210,167,197,-30,30
11211,72,47,25,25
11212,123,113,10,10
11213,178,170,8,8
11214,142,148,-6,6
11215,138,128,10,10
11216,148,149,-1,1
11217,141,136,5,5
11218,119,122,-3,3
11219,67,67,0,0
11220,126,146,-20,20
11221,35,87,-52,52
11222,86,86,0,0
11223,82,92,-10,10
11224,135,178,-43,43
11225,111,101,10,10
11226,145,125,20,20
11227,99,85,14,14
11228,69,70,-1,1
11229,81,89,-8,8
11230,58,57,1,1
11231,58,69,-11,11
11232,141,129,12,12
11233,75,100,-25,25
11234,108,114,-6,6
11235,128,139,-11,11
11236,87,105,-18,18
11237,90,106,-16,16
11238,133,134,-1,1
11239,73,67,6,6
11240,63,69,-6,6
11241,73,73,0,0
11242,136,129,7,7
11243,105,101,4,4
11244,60,71,-11,11
11245,102,91,11,11
11246,100,101,-1,1
11247,57,57,0,0
11248,71,59,12,12
11249,76,77,-1,1
11250,58,70,-12,12
11251,204,184,20,20
11252,96,95,1,1
11253,113,104,9,9
11254,114,99,15,15
11255,138,131,7,7
11256,79,93,-14,14
11257,142,139,3,3
11258,109,108,1,1
11259,141,133,8,8
11260,73,83,-10,10
11261,89,27,62,62
11262,85,81,4,4
11263,159,136,23,23
11264,107,94,13,13
11265,68,72,-4,4
11266,79,87,-8,8
11267,109,114,-5,5
11268,78,67,11,11
11269,61,63,-2,2
11270,102,103,-1,1
11271,140,139,1,1
11272,156,150,6,6
11273,155,157,-2,2
11274,118,106,12,12
11275,85,86,-1,1
11276,162,152,10,10
11277,105,108,-3,3
11278,100,103,-3,3
11279,102,99,3,3
11280,130,112,18,18
11281,55,57,-2,2
11282,69,72,-3,3
11283,89,84,5,5
11284,39,47,-8,8
11285,139,143,-4,4
11286,94,85,9,9
11287,79,66,13,13
11288,171,157,14,14
11289,139,140,-1,1
11290,85,89,-4,4
11291,86,85,1,1
11292,114,105,9,9
11293,134,114,20,20
11294,51,45,6,6
11295,47,71,-24,24
11296,56,64,-8,8
11297,72,73,-1,1
11298,96,100,-4,4
11299,143,151,-8,8
11300,115,101,14,14
11301,99,113,-14,14
11302,91,100,-9,9
11303,85,97,-12,12
11304,151,131,20,20
11305,42,54,-12,12
11306,125,113,12,12
11307,41,51,-10,10
11308,137,125,12,12
11309,100,94,6,6
11310,143,120,23,23
11311,174,163,11,11
11312,81,74,7,7
11313,106,106,0,0
11314,150,135,15,15
11315,66,66,0,0
11316,119,113,6,6
11317,133,107,26,26
11318,58,64,-6,6
11319,90,97,-7,7
11320,111,117,-6,6
11321,157,162,-5,5
11322,106,107,-1,1
11323,121,109,12,12
11324,61,64,-3,3
11325,111,125,-14,14
11326,88,84,4,4
11327,81,89,-8,8
11328,93,98,-5,5
11329,77,82,-5,5
11330,163,139,24,24
11331,104,106,-2,2
11332,76,75,1,1
11333,52,48,4,4
11334,87,101,-14,14
11335,104,94,10,10
11336,62,59,3,3
11337,112,112,0,0
11338,76,90,-14,14
11339,129,114,15,15
11340,106,123,-17,17
11341,63,71,-8,8
11342,87,96,-9,9
11343,106,129,-23,23
11344,86,66,20,20
11345,88,72,16,16
11346,89,86,3,3
11347,71,97,-26,26
11348,116,106,10,10
11349,55,60,-5,5
11350,83,96,-13,13
11351,64,67,-3,3
11352,71,67,4,4
11353,128,116,12,12
11354,57,74,-17,17
11355,127,131,-4,4
11356,47,46,1,1
11357,94,93,1,1
11358,60,55,5,5
11359,60,75,-15,15
11360,55,64,-9,9
11361,97,98,-1,1
11362,82,93,-11,11
11363,109,113,-4,4
11364,111,108,3,3
11365,61,61,0,0
11366,70,73,-3,3
11367,79,76,3,3
11368,107,111,-4,4
11369,89,84,5,5
11370,60,68,-8,8
11371,147,153,-6,6
11372,83,85,-2,2
11373,104,103,1,1
11374,134,142,-8,8
11375,88,84,4,4
11376,35,36,-1,1
11377,117,125,-8,8
11378,78,75,3,3
11379,149,134,15,15
11380,85,77,8,8
11381,97,102,-5,5
11382,115,128,-13,13
11383,109,101,8,8
11384,81,75,6,6
11385,81,78,3,3
11386,93,103,-10,10
11387,123,137,-14,14
11388,95,100,-5,5
11389,102,97,5,5
11390,57,58,-1,1
11391,179,186,-7,7
11392,126,129,-3,3
11393,62,59,3,3
11394,65,72,-7,7
11395,109,102,7,7
11396,74,72,2,2
11397,113,119,-6,6
11398,121,105,16,16
11399,114,138,-24,24
11400,63,68,-5,5
11401,103,102,1,1
11402,80,81,-1,1
11403,45,81,-36,36
11404,93,91,2,2
11405,121,107,14,14
11406,166,146,20,20
11407,63,68,-5,5
11408,66,54,12,12
11409,55,83,-28,28
11410,116,120,-4,4
11411,96,97,-1,1
11412,76,76,0,0
11413,54,57,-3,3
11414,108,109,-1,1
11415,51,58,-7,7
11416,109,103,6,6
11417,75,72,3,3
11418,86,96,-10,10
11419,82,92,-10,10
11420,36,43,-7,7
11421,64,73,-9,9
11422,119,110,9,9
11423,53,54,-1,1
11424,73,84,-11,11
11425,58,55,3,3
11426,41,52,-11,11
11427,58,67,-9,9
11428,118,118,0,0
11429,134,125,9,9
11430,75,74,1,1
11431,50,54,-4,4
11432,98,94,4,4
11433,33,38,-5,5
11434,109,106,3,3
11435,79,91,-12,12
11436,60,70,-10,10
11437,100,102,-2,2
11438,85,73,12,12
11439,75,78,-3,3
11440,82,86,-4,4
11441,57,64,-7,7
11442,164,156,8,8
11443,157,154,3,3
11444,76,65,11,11
11445,72,88,-16,16
11446,57,68,-11,11
11447,96,117,-21,21
11448,90,88,2,2
11449,100,95,5,5
11450,129,112,17,17
11451,91,84,7,7
11452,98,96,2,2
11453,102,95,7,7
11454,198,199,-1,1
11455,78,70,8,8
11456,60,56,4,4
11457,173,168,5,5
11458,98,99,-1,1
11459,72,83,-11,11
11460,90,131,-41,41
11461,170,171,-1,1
11462,163,148,15,15
11463,77,89,-12,12
11464,66,73,-7,7
11465,67,61,6,6
11466,66,81,-15,15
11467,99,97,2,2
11468,86,81,5,5
11469,85,90,-5,5
11470,71,70,1,1
11471,136,130,6,6
11472,86,82,4,4
11473,60,75,-15,15
11474,119,117,2,2
11475,132,142,-10,10
11476,114,120,-6,6
11477,66,63,3,3
11478,147,141,6,6
11479,90,89,1,1
11480,112,100,12,12
11481,68,78,-10,10
11482,119,116,3,3
11483,121,110,11,11
11484,70,109,-39,39
11485,124,111,13,13
11486,47,55,-8,8
11487,70,89,-19,19
11488,80,76,4,4
11489,44,47,-3,3
11490,75,85,-10,10
11491,65,67,-2,2
11492,80,85,-5,5
11493,95,99,-4,4
11494,124,118,6,6
11495,50,62,-12,12
11496,133,113,20,20
11497,77,69,8,8
11498,105,99,6,6
11499,70,71,-1,1
11500,86,90,-4,4
11501,97,85,12,12
11502,80,75,5,5
11503,98,115,-17,17
11504,106,101,5,5
11505,74,63,11,11
11506,66,74,-8,8
11507,118,120,-2,2
11508,110,102,8,8
11509,156,144,12,12
11510,67,76,-9,9
11511,170,147,23,23
11512,117,96,21,21
11513,101,100,1,1
11514,130,115,15,15
11515,93,100,-7,7
11516,105,101,4,4
11517,41,48,-7,7
11518,84,73,11,11
11519,59,55,4,4
11520,141,130,11,11
11521,47,59,-12,12
11522,114,105,9,9
11523,137,126,11,11
11524,126,145,-19,19
11525,62,75,-13,13
11526,111,100,11,11
11527,74,84,-10,10
11528,81,75,6,6
11529,160,150,10,10
11530,102,101,1,1
11531,91,89,2,2
11532,83,81,2,2
11533,72,66,6,6
11534,68,84,-16,16
11535,126,119,7,7
11536,77,77,0,0
11537,160,153,7,7
11538,106,111,-5,5
11539,81,80,1,1
11540,170,166,4,4
11541,131,131,0,0
11542,50,52,-2,2
11543,115,107,8,8
11544,70,85,-15,15
11545,109,116,-7,7
11546,72,69,3,3
11547,74,76,-2,2
11548,67,56,11,11
11549,81,77,4,4
11550,83,90,-7,7
11551,105,103,2,2
11552,95,98,-3,3
11553,133,123,10,10
11554,115,131,-16,16
11555,98,94,4,4
11556,55,17,38,38
11557,109,112,-3,3
11558,50,73,-23,23
11559,145,146,-1,1
11560,89,84,5,5
11561,85,97,-12,12
11562,85,79,6,6
11563,65,81,-16,16
11564,86,91,-5,5
11565,105,90,15,15
11566,53,55,-2,2
11567,60,52,8,8
11568,121,117,4,4
11569,52,72,-20,20
11570,53,58,-5,5
11571,164,157,7,7
11572,92,96,-4,4
11573,100,100,0,0
11574,111,102,9,9
11575,67,62,5,5
11576,169,157,12,12
11577,86,77,9,9
11578,51,49,2,2
11579,96,96,0,0
11580,97,84,13,13
11581,82,76,6,6
11582,75,77,-2,2
11583,103,104,-1,1
11584,91,91,0,0
11585,108,113,-5,5
11586,85,91,-6,6
11587,137,135,2,2
11588,88,100,-12,12
11589,167,178,-11,11
11590,65,64,1,1
11591,92,78,14,14
11592,98,95,3,3
11593,68,78,-10,10
11594,65,73,-8,8
11595,60,56,4,4
11596,71,65,6,6
11597,50,45,5,5
11598,79,77,2,2
11599,102,89,13,13
11600,85,90,-5,5
11601,69,69,0,0
11602,105,104,1,1
11603,114,110,4,4
11604,77,81,-4,4
11605,70,65,5,5
11606,80,83,-3,3
11607,137,138,-1,1
11608,105,100,5,5
11609,83,87,-4,4
11610,95,95,0,0
11611,70,69,1,1
11612,183,170,13,13
11613,50,52,-2,2
11614,164,142,22,22
11615,125,119,6,6
11616,90,98,-8,8
11617,108,107,1,1
11618,150,170,-20,20
11619,90,73,17,17
11620,73,66,7,7
11621,86,96,-10,10
11622,91,100,-9,9
11623,108,128,-20,20
11624,120,123,-3,3
11625,127,131,-4,4
11626,65,66,-1,1
11627,121,89,32,32
11628,80,73,7,7
11629,89,69,20,20
11630,81,72,9,9
11631,96,71,25,25
11632,119,113,6,6
11633,118,119,-1,1
11634,128,124,4,4
11635,56,65,-9,9
11636,56,64,-8,8
11637,86,80,6,6
11638,79,74,5,5
11639,116,101,15,15
11640,69,68,1,1
11641,111,116,-5,5
11642,81,92,-11,11
11643,56,60,-4,4
11644,119,127,-8,8
11645,82,71,11,11
11646,81,68,13,13
11647,136,114,22,22
11648,127,123,4,4
11649,108,110,-2,2
11650,129,127,2,2
11651,74,96,-22,22
11652,63,81,-18,18
11653,168,151,17,17
11654,100,104,-4,4
11655,66,66,0,0
11656,70,79,-9,9
11657,101,92,9,9
11658,112,101,11,11
11659,102,97,5,5
11660,124,116,8,8
11661,82,77,5,5
11662,94,97,-3,3
11663,70,85,-15,15
11664,72,78,-6,6
11665,67,69,-2,2
11666,117,127,-10,10
11667,47,41,6,6
11668,110,104,6,6
11669,93,90,3,3
11670,64,74,-10,10
11671,134,129,5,5
11672,66,63,3,3
11673,69,56,13,13
11674,99,98,1,1
11675,137,141,-4,4
11676,58,57,1,1
11677,85,77,8,8
11678,94,82,12,12
11679,104,106,-2,2
11680,108,109,-1,1
11681,89,80,9,9
11682,176,164,12,12
11683,88,92,-4,4
11684,46,47,-1,1
11685,94,94,0,0
11686,162,152,10,10
11687,92,99,-7,7
11688,96,94,2,2
11689,124,141,-17,17
11690,74,87,-13,13
11691,68,69,-1,1
11692,67,52,15,15
11693,90,94,-4,4
11694,87,106,-19,19
11695,86,80,6,6
11696,68,66,2,2
11697,90,92,-2,2
11698,77,77,0,0
11699,126,113,13,13
11700,126,121,5,5
11701,94,95,-1,1
11702,172,174,-2,2
11703,63,92,-29,29
11704,101,98,3,3
11705,148,142,6,6
11706,87,89,-2,2
11707,127,106,21,21
11708,121,104,17,17
11709,142,146,-4,4
11710,73,78,-5,5
11711,71,77,-6,6
11712,103,133,-30,30
11713,39,47,-8,8
11714,99,114,-15,15
11715,69,76,-7,7
11716,182,173,9,9
11717,138,148,-10,10
11718,142,114,28,28
11719,114,123,-9,9
11720,54,71,-17,17
11721,93,80,13,13
11722,110,107,3,3
11723,38,60,-22,22
11724,133,130,3,3
11725,143,141,2,2
11726,125,115,10,10
11727,69,68,1,1
11728,120,130,-10,10
11729,121,113,8,8
11730,71,64,7,7
11731,97,106,-9,9
11732,104,99,5,5
11733,97,98,-1,1
11734,47,53,-6,6
11735,184,190,-6,6
11736,110,127,-17,17
11737,67,64,3,3
11738,106,107,-1,1
11739,66,84,-18,18
11740,118,104,14,14
11741,81,83,-2,2
11742,83,77,6,6
11743,64,71,-7,7
11744,70,60,10,10
11745,50,48,2,2
11746,93,89,4,4
11747,157,141,16,16
11748,51,53,-2,2
11749,77,87,-10,10
11750,87,79,8,8
11751,119,111,8,8
11752,115,107,8,8
11753,85,66,19,19
11754,63,88,-25,25
11755,91,89,2,2
11756,67,70,-3,3
11757,64,66,-2,2
11758,127,135,-8,8
11759,67,62,5,5
11760,71,68,3,3
11761,96,96,0,0
11762,111,110,1,1
11763,62,66,-4,4
11764,77,67,10,10
11765,174,168,6,6
11766,138,122,16,16
11767,65,74,-9,9
11768,116,115,1,1
11769,47,56,-9,9
11770,119,114,5,5
11771,94,88,6,6
11772,122,129,-7,7
11773,92,102,-10,10
11774,148,133,15,15
11775,67,64,3,3
11776,101,97,4,4
11777,86,84,2,2
11778,53,36,17,17
11779,77,75,2,2
11780,126,111,15,15
11781,74,68,6,6
11782,91,96,-5,5
11783,81,80,1,1
11784,43,47,-4,4
11785,114,105,9,9
11786,79,81,-2,2
11787,96,85,11,11
11788,106,99,7,7
11789,79,93,-14,14
11790,120,125,-5,5
11791,107,106,1,1
11792,98,99,-1,1
11793,47,42,5,5
11794,76,74,2,2
11795,85,85,0,0
11796,67,76,-9,9
11797,79,84,-5,5
11798,90,95,-5,5
11799,84,83,1,1
11800,152,138,14,14
11801,152,130,22,22
11802,87,78,9,9
11803,65,72,-7,7
11804,83,74,9,9
11805,205,178,27,27
11806,151,147,4,4
11807,114,91,23,23
11808,83,101,-18,18
11809,66,71,-5,5
11810,66,75,-9,9
11811,105,102,3,3
11812,176,152,24,24
11813,166,163,3,3
11814,185,164,21,21
11815,108,113,-5,5
11816,95,101,-6,6
11817,67,78,-11,11
11818,87,91,-4,4
11819,82,78,4,4
11820,121,120,1,1
11821,71,87,-16,16
11822,62,69,-7,7
11823,113,92,21,21
11824,104,101,3,3
11825,68,73,-5,5
11826,93,96,-3,3
11827,74,61,13,13
11828,60,61,-1,1
11829,80,89,-9,9
11830,70,83,-13,13
11831,75,89,-14,14
11832,76,66,10,10
11833,75,80,-5,5
11834,80,68,12,12
11835,45,60,-15,15
11836,93,113,-20,20
11837,99,103,-4,4
11838,77,84,-7,7
11839,89,80,9,9
11840,143,145,-2,2
11841,83,87,-4,4
11842,102,105,-3,3
11843,122,113,9,9
11844,118,105,13,13
11845,132,103,29,29
11846,102,119,-17,17
11847,75,67,8,8
11848,105,115,-10,10
11849,124,121,3,3
11850,75,75,0,0
11851,47,51,-4,4
11852,130,134,-4,4
11853,147,157,-10,10
11854,134,115,19,19
11855,71,69,2,2
11856,72,71,1,1
11857,42,42,0,0
11858,97,89,8,8
11859,99,116,-17,17
11860,147,147,0,0
11861,127,125,2,2
11862,65,74,-9,9
11863,73,90,-17,17
11864,54,67,-13,13
11865,87,101,-14,14
11866,125,129,-4,4
11867,120,129,-9,9
11868,75,66,9,9
11869,101,104,-3,3
11870,139,150,-11,11
11871,93,91,2,2
11872,85,95,-10,10
11873,162,153,9,9
11874,158,169,-11,11
11875,234,191,43,43
11876,76,77,-1,1
11877,68,61,7,7
11878,60,59,1,1
11879,115,100,15,15
11880,92,91,1,1
11881,99,80,19,19
11882,95,87,8,8
11883,69,95,-26,26
11884,53,63,-10,10
11885,100,96,4,4
11886,157,151,6,6
11887,103,99,4,4
11888,117,120,-3,3
11889,100,92,8,8
11890,95,88,7,7
11891,146,133,13,13
11892,97,87,10,10
11893,49,37,12,12
11894,83,89,-6,6
11895,89,89,0,0
11896,97,96,1,1
11897,98,93,5,5
11898,99,98,1,1
11899,52,58,-6,6
11900,92,85,7,7
11901,128,138,-10,10
11902,60,55,5,5
11903,47,51,-4,4
11904,106,96,10,10
11905,78,62,16,16
11906,143,162,-19,19
11907,90,89,1,1
11908,125,117,8,8
11909,80,85,-5,5
11910,114,109,5,5
11911,161,138,23,23
11912,120,113,7,7
11913,41,55,-14,14
11914,38,74,-36,36
11915,105,115,-10,10
11916,48,61,-13,13
11917,58,55,3,3
11918,112,100,12,12
11919,59,71,-12,12
11920,76,82,-6,6
11921,118,120,-2,2
11922,77,68,9,9
11923,51,50,1,1
11924,76,73,3,3
11925,56,58,-2,2
11926,40,48,-8,8
11927,69,71,-2,2
11928,77,79,-2,2
11929,91,105,-14,14
11930,149,144,5,5
11931,110,109,1,1
11932,115,125,-10,10
11933,117,110,7,7
11934,93,89,4,4
11935,31,21,10,10
11936,111,142,-31,31
11937,79,85,-6,6
11938,72,83,-11,11
11939,44,80,-36,36
11940,89,92,-3,3
11941,51,55,-4,4
11942,186,187,-1,1
11943,144,131,13,13
11944,98,91,7,7
11945,68,64,4,4
11946,82,88,-6,6
11947,110,112,-2,2
11948,101,73,28,28
11949,73,72,1,1
11950,106,103,3,3
11951,50,54,-4,4
11952,128,131,-3,3
11953,82,91,-9,9
11954,39,66,-27,27
11955,57,65,-8,8
11956,100,95,5,5
11957,132,148,-16,16
11958,58,51,7,7
11959,65,50,15,15
11960,46,52,-6,6
11961,90,90,0,0
11962,132,126,6,6
11963,84,92,-8,8
11964,95,88,7,7
11965,152,155,-3,3
11966,67,75,-8,8
11967,96,104,-8,8
11968,78,73,5,5
11969,99,97,2,2
11970,71,74,-3,3
11971,116,109,7,7
11972,122,128,-6,6
11973,81,75,6,6
11974,42,52,-10,10
11975,121,123,-2,2
11976,144,127,17,17
11977,190,163,27,27
11978,132,119,13,13
11979,112,105,7,7
11980,106,106,0,0
11981,104,104,0,0
11982,79,68,11,11
11983,81,78,3,3
11984,92,125,-33,33
11985,55,56,-1,1
11986,85,83,2,2
11987,72,75,-3,3
11988,48,49,-1,1
11989,92,103,-11,11
11990,44,51,-7,7
11991,112,101,11,11
11992,118,113,5,5
11993,74,78,-4,4
11994,102,95,7,7
11995,93,101,-8,8
11996,113,105,8,8
11997,89,88,1,1
11998,133,141,-8,8
11999,45,48,-3,3
12000,53,51,2,2
12001,139,136,3,3
12002,61,56,5,5
12003,85,107,-22,22
12004,67,68,-1,1
12005,81,88,-7,7
12006,33,44,-11,11
12007,74,76,-2,2
12008,81,79,2,2
12009,81,102,-21,21
12010,114,110,4,4
12011,158,181,-23,23
12012,59,65,-6,6
12013,60,58,2,2
12014,111,101,10,10
12015,102,102,0,0
12016,89,74,15,15
12017,80,75,5,5
12018,73,85,-12,12
12019,53,56,-3,3
12020,124,110,14,14
12021,108,97,11,11
12022,101,102,-1,1
12023,93,98,-5,5
12024,69,58,11,11
12025,111,108,3,3
12026,74,74,0,0
12027,80,78,2,2
12028,101,95,6,6
12029,127,132,-5,5
12030,78,76,2,2
12031,143,150,-7,7
12032,114,114,0,0
12033,49,57,-8,8
12034,115,109,6,6
12035,103,96,7,7
12036,84,85,-1,1
12037,88,92,-4,4
12038,92,102,-10,10
12039,108,114,-6,6
12040,90,96,-6,6
12041,65,60,5,5
12042,60,56,4,4
12043,72,73,-1,1
12044,129,121,8,8
12045,76,75,1,1
12046,109,123,-14,14
12047,88,101,-13,13
12048,60,57,3,3
12049,47,40,7,7
12050,100,99,1,1
12051,117,117,0,0
12052,125,111,14,14
12053,113,99,14,14
12054,54,63,-9,9
12055,111,118,-7,7
12056,156,145,11,11
12057,110,113,-3,3
12058,82,92,-10,10
12059,114,100,14,14
12060,68,83,-15,15
12061,66,71,-5,5
12062,90,98,-8,8
12063,63,79,-16,16
12064,100,93,7,7
12065,66,68,-2,2
12066,141,125,16,16
12067,79,70,9,9
12068,104,84,20,20
12069,140,136,4,4
12070,72,83,-11,11
12071,39,47,-8,8
12072,118,119,-1,1
12073,97,88,9,9
12074,95,103,-8,8
12075,86,97,-11,11
12076,90,87,3,3
12077,86,92,-6,6
12078,95,94,1,1
12079,118,113,5,5
12080,94,81,13,13
12081,130,131,-1,1
12082,58,49,9,9
12083,121,124,-3,3
12084,125,130,-5,5
12085,150,146,4,4
12086,102,92,10,10
12087,122,116,6,6
12088,109,96,13,13
12089,74,92,-18,18
12090,93,92,1,1
12091,53,55,-2,2
12092,117,135,-18,18
12093,93,99,-6,6
12094,191,192,-1,1
12095,142,126,16,16
12096,123,115,8,8
12097,83,94,-11,11
12098,127,117,10,10
12099,83,80,3,3
12100,85,84,1,1
12101,83,82,1,1
12102,94,91,3,3
12103,164,151,13,13
12104,72,63,9,9
12105,76,55,21,21
12106,122,110,12,12
12107,59,40,19,19
12108,87,91,-4,4
12109,88,59,29,29
12110,61,62,-1,1
12111,154,149,5,5
12112,159,142,17,17
12113,163,156,7,7
12114,104,97,7,7
12115,121,128,-7,7
12116,116,100,16,16
12117,98,90,8,8
12118,84,94,-10,10
12119,42,69,-27,27
12120,78,73,5,5
12121,99,102,-3,3
12122,77,91,-14,14
12123,189,154,35,35
12124,66,76,-10,10
12125,144,149,-5,5
12126,196,189,7,7
12127,107,108,-1,1
12128,68,76,-8,8
12129,88,87,1,1
12130,36,45,-9,9
12131,107,128,-21,21
12132,123,102,21,21
12133,62,62,0,0
12134,207,185,22,22
12135,89,88,1,1
12136,74,75,-1,1
12137,87,82,5,5
12138,135,127,8,8
12139,72,71,1,1
12140,183,149,34,34
12141,118,129,-11,11
12142,110,91,19,19
12143,111,105,6,6
12144,122,109,13,13
12145,90,87,3,3
12146,121,113,8,8
12147,58,50,8,8
12148,126,119,7,7
12149,105,100,5,5
12150,109,106,3,3
12151,71,73,-2,2
12152,148,141,7,7
12153,95,104,-9,9
12154,103,100,3,3
12155,90,99,-9,9
12156,77,70,7,7
12157,126,106,20,20
12158,141,134,7,7
12159,134,119,15,15
12160,49,51,-2,2
12161,99,96,3,3
12162,130,125,5,5
12163,74,73,1,1
12164,64,59,5,5
12165,196,189,7,7
12166,106,108,-2,2
12167,100,104,-4,4
12168,88,90,-2,2
12169,116,109,7,7
12170,107,114,-7,7
12171,128,112,16,16
12172,93,85,8,8
12173,150,124,26,26
12174,92,93,-1,1
12175,96,80,16,16
12176,115,107,8,8
12177,111,104,7,7
12178,87,83,4,4
12179,69,67,2,2
12180,139,162,-23,23
12181,104,103,1,1
12182,115,122,-7,7
12183,114,104,10,10
12184,58,59,-1,1
12185,77,84,-7,7
12186,79,86,-7,7
12187,114,114,0,0
12188,111,121,-10,10
12189,102,102,0,0
12190,161,145,16,16
12191,197,156,41,41
12192,72,81,-9,9
12193,142,121,21,21
12194,49,41,8,8
12195,63,57,6,6
12196,135,142,-7,7
12197,192,170,22,22
12198,47,47,0,0
12199,110,119,-9,9
12200,71,68,3,3
12201,108,117,-9,9
12202,137,144,-7,7
12203,128,103,25,25
12204,137,142,-5,5
12205,148,146,2,2
12206,82,84,-2,2
12207,70,86,-16,16
12208,60,35,25,25
12209,115,115,0,0
12210,76,75,1,1
12211,86,79,7,7
12212,97,103,-6,6
12213,122,111,11,11
12214,104,95,9,9
12215,149,150,-1,1
12216,73,75,-2,2
12217,88,78,10,10
12218,93,91,2,2
12219,94,93,1,1
12220,110,96,14,14
12221,56,86,-30,30
12222,66,66,0,0
12223,73,71,2,2
12224,96,97,-1,1
12225,121,106,15,15
12226,122,127,-5,5
12227,94,111,-17,17
12228,88,104,-16,16
12229,130,143,-13,13
12230,63,71,-8,8
12231,141,131,10,10
12232,54,60,-6,6
12233,73,71,2,2
12234,71,73,-2,2
12235,95,97,-2,2
12236,121,100,21,21
12237,73,86,-13,13
12238,125,128,-3,3
12239,67,82,-15,15
12240,121,114,7,7
12241,109,109,0,0
12242,64,65,-1,1
12243,96,92,4,4
12244,119,139,-20,20
12245,93,106,-13,13
12246,75,71,4,4
12247,95,98,-3,3
12248,66,71,-5,5
12249,99,95,4,4
12250,47,64,-17,17
12251,84,95,-11,11
12252,165,222,-57,57
12253,97,85,12,12
12254,73,89,-16,16
12255,37,45,-8,8
12256,104,93,11,11
12257,71,72,-1,1
12258,65,78,-13,13
12259,66,57,9,9
12260,63,61,2,2
12261,96,103,-7,7
12262,130,135,-5,5
12263,141,125,16,16
12264,86,104,-18,18
12265,108,116,-8,8
12266,128,121,7,7
12267,118,110,8,8
12268,83,72,11,11
12269,68,62,6,6
12270,84,87,-3,3
12271,105,102,3,3
12272,61,79,-18,18
12273,73,83,-10,10
12274,65,61,4,4
12275,131,119,12,12
12276,118,119,-1,1
12277,93,94,-1,1
12278,76,70,6,6
12279,75,70,5,5
12280,65,77,-12,12
12281,70,57,13,13
12282,140,126,14,14
12283,95,92,3,3
12284,145,105,40,40
12285,82,79,3,3
12286,185,153,32,32
12287,71,65,6,6
12288,100,108,-8,8
12289,99,85,14,14
12290,64,62,2,2
12291,65,64,1,1
12292,51,51,0,0
12293,79,99,-20,20
12294,50,52,-2,2
12295,128,129,-1,1
12296,109,104,5,5
12297,106,81,25,25
12298,50,49,1,1
12299,126,118,8,8
12300,105,111,-6,6
12301,39,49,-10,10
12302,70,68,2,2
12303,134,100,34,34
12304,46,47,-1,1
12305,81,86,-5,5
12306,115,124,-9,9
12307,56,57,-1,1
12308,90,94,-4,4
12309,107,101,6,6
12310,38,54,-16,16
12311,112,108,4,4
12312,86,95,-9,9
12313,102,103,-1,1
12314,81,91,-10,10
12315,133,118,15,15
12316,65,65,0,0
12317,67,72,-5,5
12318,63,58,5,5
12319,105,100,5,5
12320,81,77,4,4
12321,97,101,-4,4
12322,96,96,0,0
12323,113,140,-27,27
12324,91,99,-8,8
12325,67,80,-13,13
12326,85,78,7,7
12327,102,99,3,3
12328,76,83,-7,7
12329,190,179,11,11
12330,63,63,0,0
12331,87,77,10,10
12332,140,134,6,6
12333,113,98,15,15
12334,102,103,-1,1
12335,62,53,9,9
12336,57,61,-4,4
12337,48,41,7,7
12338,62,58,4,4
12339,94,103,-9,9
12340,95,102,-7,7
12341,183,166,17,17
12342,80,76,4,4
12343,164,144,20,20
12344,66,85,-19,19
12345,67,78,-11,11
12346,103,87,16,16
12347,69,74,-5,5
12348,118,119,-1,1
12349,78,68,10,10
12350,66,69,-3,3
12351,94,88,6,6
12352,92,105,-13,13
12353,142,130,12,12
12354,55,57,-2,2
12355,101,96,5,5
12356,79,69,10,10
12357,122,133,-11,11
12358,123,100,23,23
12359,38,37,1,1
12360,65,72,-7,7
12361,138,118,20,20
12362,76,80,-4,4
12363,114,111,3,3
12364,79,82,-3,3
12365,114,109,5,5
12366,68,67,1,1
12367,78,76,2,2
12368,93,100,-7,7
12369,103,107,-4,4
12370,163,128,35,35
12371,101,99,2,2
12372,126,113,13,13
12373,67,63,4,4
12374,78,73,5,5
12375,116,103,13,13
12376,128,130,-2,2
12377,91,84,7,7
12378,142,129,13,13
12379,65,75,-10,10
12380,145,155,-10,10
12381,61,53,8,8
12382,136,157,-21,21
12383,84,83,1,1
12384,98,96,2,2
12385,87,81,6,6
12386,107,114,-7,7
12387,115,117,-2,2
12388,106,116,-10,10
12389,93,89,4,4
12390,80,67,13,13
12391,130,124,6,6
12392,115,113,2,2
12393,97,107,-10,10
12394,92,97,-5,5
12395,88,95,-7,7
12396,66,67,-1,1
12397,66,64,2,2
12398,87,90,-3,3
12399,106,100,6,6
12400,70,73,-3,3
12401,180,149,31,31
12402,87,97,-10,10
12403,89,75,14,14
12404,92,101,-9,9
12405,125,108,17,17
12406,88,103,-15,15
12407,109,112,-3,3
12408,35,31,4,4
12409,67,91,-24,24
12410,117,110,7,7
12411,190,165,25,25
12412,114,117,-3,3
12413,137,132,5,5
12414,138,146,-8,8
12415,129,140,-11,11
12416,106,95,11,11
12417,63,63,0,0
12418,58,62,-4,4
12419,57,69,-12,12
12420,86,95,-9,9
12421,104,94,10,10
12422,97,102,-5,5
12423,101,99,2,2
12424,137,118,19,19
12425,64,64,0,0
12426,176,192,-16,16
12427,93,83,10,10
12428,120,111,9,9
12429,108,111,-3,3
12430,70,65,5,5
12431,97,85,12,12
12432,83,95,-12,12
12433,83,76,7,7
12434,150,161,-11,11
12435,64,67,-3,3
12436,89,77,12,12
12437,96,101,-5,5
12438,114,106,8,8
12439,119,118,1,1
12440,61,64,-3,3
12441,96,88,8,8
12442,105,98,7,7
12443,61,50,11,11
12444,141,124,17,17
12445,86,79,7,7
12446,87,87,0,0
12447,90,73,17,17
12448,105,120,-15,15
12449,91,96,-5,5
12450,111,106,5,5
12451,76,73,3,3
12452,87,99,-12,12
12453,91,111,-20,20
12454,107,114,-7,7
12455,110,107,3,3
12456,124,133,-9,9
12457,128,119,9,9
12458,109,100,9,9
12459,71,66,5,5
12460,87,75,12,12
12461,148,133,15,15
12462,107,103,4,4
12463,134,129,5,5
12464,23,50,-27,27
12465,119,127,-8,8
12466,91,80,11,11
12467,25,18,7,7
12468,61,68,-7,7
12469,101,95,6,6
12470,72,70,2,2
12471,95,100,-5,5
12472,47,39,8,8
12473,97,98,-1,1
12474,81,74,7,7
12475,59,59,0,0
12476,77,75,2,2
12477,138,121,17,17
12478,120,73,47,47
12479,136,137,-1,1
12480,79,90,-11,11
12481,63,71,-8,8
12482,102,100,2,2
12483,158,143,15,15
12484,73,88,-15,15
12485,53,52,1,1
12486,83,83,0,0
12487,155,161,-6,6
12488,139,127,12,12
12489,93,94,-1,1
12490,128,134,-6,6
12491,98,112,-14,14
12492,96,80,16,16
12493,153,145,8,8
12494,104,97,7,7
12495,115,105,10,10
12496,72,71,1,1
12497,90,83,7,7
12498,127,130,-3,3
12499,112,121,-9,9
12500,64,68,-4,4
12501,73,63,10,10
12502,72,80,-8,8
12503,73,84,-11,11
12504,56,62,-6,6
12505,106,102,4,4
12506,144,119,25,25
12507,47,59,-12,12
12508,147,143,4,4
12509,95,88,7,7
12510,76,88,-12,12
12511,128,141,-13,13
12512,81,70,11,11
12513,79,82,-3,3
12514,86,90,-4,4
12515,44,52,-8,8
12516,87,93,-6,6
12517,102,109,-7,7
12518,116,120,-4,4
12519,105,96,9,9
12520,113,121,-8,8
12521,152,147,5,5
12522,175,192,-17,17
12523,70,75,-5,5
12524,173,182,-9,9
12525,87,75,12,12
12526,102,96,6,6
12527,88,88,0,0
12528,76,70,6,6
12529,110,98,12,12
12530,99,102,-3,3
12531,71,68,3,3
12532,75,73,2,2
12533,105,97,8,8
12534,153,156,-3,3
12535,100,114,-14,14
12536,90,87,3,3
12537,83,90,-7,7
12538,82,76,6,6
12539,49,48,1,1
12540,69,64,5,5
12541,113,112,1,1
12542,63,56,7,7
12543,58,61,-3,3
12544,65,77,-12,12
12545,145,138,7,7
12546,50,46,4,4
12547,83,95,-12,12
12548,100,96,4,4
12549,76,72,4,4
12550,72,71,1,1
12551,71,93,-22,22
12552,106,104,2,2
12553,127,140,-13,13
12554,96,93,3,3
12555,67,74,-7,7
12556,140,146,-6,6
12557,56,56,0,0
12558,108,110,-2,2
12559,94,89,5,5
12560,59,65,-6,6
12561,84,91,-7,7
12562,96,104,-8,8
12563,92,108,-16,16
12564,186,195,-9,9
12565,62,59,3,3
12566,164,171,-7,7
12567,49,65,-16,16
12568,62,65,-3,3
12569,50,60,-10,10
12570,128,142,-14,14
12571,57,50,7,7
12572,69,69,0,0
12573,48,54,-6,6
12574,132,121,11,11
12575,140,131,9,9
12576,107,102,5,5
12577,80,79,1,1
12578,78,75,3,3
12579,140,148,-8,8
12580,78,76,2,2
12581,123,111,12,12
12582,87,97,-10,10
12583,91,101,-10,10
12584,119,142,-23,23
12585,107,111,-4,4
12586,52,49,3,3
12587,61,68,-7,7
12588,102,89,13,13
12589,79,69,10,10
12590,81,75,6,6
12591,72,64,8,8
12592,74,82,-8,8
12593,73,68,5,5
12594,114,93,21,21
12595,127,116,11,11
12596,92,75,17,17
12597,118,122,-4,4
12598,115,158,-43,43
12599,73,70,3,3
12600,93,96,-3,3
12601,70,74,-4,4
12602,73,77,-4,4
12603,107,111,-4,4
12604,96,98,-2,2
12605,101,88,13,13
12606,76,90,-14,14
12607,85,72,13,13
12608,111,120,-9,9
12609,42,52,-10,10
12610,69,61,8,8
12611,97,88,9,9
12612,90,79,11,11
12613,96,99,-3,3
12614,114,132,-18,18
12615,121,119,2,2
12616,68,70,-2,2
12617,45,50,-5,5
12618,73,69,4,4
12619,109,114,-5,5
12620,175,166,9,9
12621,90,83,7,7
12622,70,68,2,2
12623,85,81,4,4
12624,62,63,-1,1
12625,89,89,0,0
12626,132,112,20,20
12627,155,167,-12,12
12628,99,110,-11,11
12629,60,66,-6,6
12630,110,96,14,14
12631,87,82,5,5
12632,98,112,-14,14
12633,80,91,-11,11
12634,127,131,-4,4
12635,172,161,11,11
12636,181,166,15,15
12637,130,110,20,20
12638,76,73,3,3
12639,86,83,3,3
12640,105,103,2,2
12641,105,105,0,0
12642,56,57,-1,1
12643,65,78,-13,13
12644,42,42,0,0
12645,120,104,16,16
12646,65,65,0,0
12647,76,76,0,0
12648,134,116,18,18
12649,28,63,-35,35
12650,96,92,4,4
12651,92,96,-4,4
12652,53,49,4,4
12653,66,57,9,9
12654,79,81,-2,2
12655,101,119,-18,18
12656,78,91,-13,13
12657,88,92,-4,4
12658,136,127,9,9
12659,142,121,21,21
12660,73,60,13,13
12661,97,81,16,16
12662,80,73,7,7
12663,51,63,-12,12
12664,69,80,-11,11
12665,52,57,-5,5
12666,57,72,-15,15
12667,100,100,0,0
12668,147,140,7,7
12669,129,123,6,6
12670,92,111,-19,19
12671,107,98,9,9
12672,99,104,-5,5
12673,89,101,-12,12
12674,58,59,-1,1
12675,103,88,15,15
12676,33,43,-10,10
12677,103,93,10,10
12678,88,82,6,6
12679,81,87,-6,6
12680,53,55,-2,2
12681,70,81,-11,11
12682,32,39,-7,7
12683,88,91,-3,3
12684,99,108,-9,9
12685,110,99,11,11
12686,78,78,0,0
12687,99,102,-3,3
12688,46,63,-17,17
12689,136,116,20,20
12690,75,76,-1,1
12691,117,99,18,18
12692,93,80,13,13
12693,132,119,13,13
12694,70,77,-7,7
12695,69,78,-9,9
12696,49,27,22,22
12697,71,59,12,12
12698,118,107,11,11
12699,97,101,-4,4
12700,76,90,-14,14
12701,195,178,17,17
12702,128,122,6,6
12703,66,64,2,2
12704,120,118,2,2
12705,73,75,-2,2
12706,62,67,-5,5
12707,104,98,6,6
12708,94,95,-1,1
12709,94,97,-3,3
12710,110,100,10,10
12711,96,99,-3,3
12712,107,98,9,9
12713,77,83,-6,6
12714,91,101,-10,10
12715,63,64,-1,1
12716,128,128,0,0
12717,77,80,-3,3
12718,67,80,-13,13
12719,124,103,21,21
12720,94,87,7,7
12721,64,62,2,2
12722,74,77,-3,3
12723,88,86,2,2
12724,70,66,4,4
12725,78,72,6,6
12726,66,74,-8,8
12727,104,102,2,2
12728,134,129,5,5
12729,92,83,9,9
12730,74,64,10,10
12731,93,93,0,0
12732,98,89,9,9
12733,100,108,-8,8
12734,87,89,-2,2
12735,101,94,7,7
12736,49,49,0,0
12737,121,109,12,12
12738,84,109,-25,25
12739,158,144,14,14
12740,115,117,-2,2
12741,125,106,19,19
12742,53,65,-12,12
12743,80,88,-8,8
12744,68,61,7,7
12745,103,92,11,11
12746,107,103,4,4
12747,77,85,-8,8
12748,100,111,-11,11
12749,120,126,-6,6
12750,91,92,-1,1
12751,77,63,14,14
12752,132,131,1,1
12753,131,118,13,13
12754,43,59,-16,16
12755,45,44,1,1
12756,124,115,9,9
12757,86,90,-4,4
12758,107,103,4,4
12759,82,87,-5,5
12760,204,188,16,16
12761,107,96,11,11
12762,120,96,24,24
12763,140,131,9,9
12764,153,134,19,19
12765,83,79,4,4
12766,47,53,-6,6
12767,91,89,2,2
12768,68,60,8,8
12769,56,52,4,4
12770,77,77,0,0
12771,37,47,-10,10
12772,117,113,4,4
12773,85,80,5,5
12774,101,100,1,1
12775,67,82,-15,15
12776,118,139,-21,21
12777,56,72,-16,16
12778,68,69,-1,1
12779,65,106,-41,41
12780,105,100,5,5
12781,102,110,-8,8
12782,116,107,9,9
12783,69,69,0,0
12784,79,83,-4,4
12785,105,100,5,5
12786,101,72,29,29
12787,106,94,12,12
12788,89,91,-2,2
12789,77,85,-8,8
12790,116,112,4,4
12791,111,96,15,15
12792,91,72,19,19
12793,74,68,6,6
12794,96,104,-8,8
12795,119,116,3,3
12796,124,110,14,14
12797,83,82,1,1
12798,59,61,-2,2
12799,87,81,6,6
12800,55,61,-6,6
12801,121,127,-6,6
12802,94,100,-6,6
12803,90,90,0,0
12804,181,169,12,12
12805,93,84,9,9
12806,72,78,-6,6
12807,92,103,-11,11
12808,153,147,6,6
12809,55,56,-1,1
12810,61,60,1,1
12811,99,88,11,11
12812,82,88,-6,6
12813,102,91,11,11
12814,148,149,-1,1
12815,112,103,9,9
12816,172,156,16,16
12817,133,128,5,5
12818,97,113,-16,16
12819,70,58,12,12
12820,70,73,-3,3
12821,98,82,16,16
12822,96,112,-16,16
12823,69,59,10,10
12824,90,94,-4,4
12825,138,130,8,8
12826,132,121,11,11
12827,153,145,8,8
12828,86,66,20,20
12829,108,94,14,14
12830,80,82,-2,2
12831,154,123,31,31
12832,116,126,-10,10
12833,103,98,5,5
12834,104,102,2,2
12835,116,114,2,2
12836,107,91,16,16
12837,96,90,6,6
12838,90,88,2,2
12839,50,61,-11,11
12840,104,101,3,3
12841,72,59,13,13
12842,106,91,15,15
12843,87,81,6,6
12844,124,126,-2,2
12845,27,41,-14,14
12846,133,137,-4,4
12847,122,104,18,18
12848,124,134,-10,10
12849,89,96,-7,7
12850,97,143,-46,46
12851,84,89,-5,5
12852,140,136,4,4
12853,136,121,15,15
12854,20,65,-45,45
12855,93,98,-5,5
12856,85,83,2,2
12857,74,87,-13,13
12858,103,114,-11,11
12859,75,73,2,2
12860,46,52,-6,6
12861,84,98,-14,14
12862,75,74,1,1
12863,53,46,7,7
12864,52,79,-27,27
12865,87,99,-12,12
12866,109,92,17,17
12867,105,96,9,9
12868,67,66,1,1
12869,154,144,10,10
12870,84,83,1,1
12871,128,126,2,2
12872,113,115,-2,2
12873,87,83,4,4
12874,101,106,-5,5
12875,96,99,-3,3
12876,39,50,-11,11
12877,133,131,2,2
12878,191,176,15,15
12879,60,70,-10,10
12880,125,118,7,7
12881,75,80,-5,5
12882,40,64,-24,24
12883,103,91,12,12
12884,79,74,5,5
12885,185,179,6,6
12886,124,130,-6,6
12887,109,119,-10,10
12888,89,100,-11,11
12889,67,72,-5,5
12890,47,34,13,13
12891,76,76,0,0
12892,122,122,0,0
12893,106,103,3,3
12894,142,128,14,14
12895,96,75,21,21
12896,52,52,0,0
12897,96,97,-1,1
12898,117,122,-5,5
12899,69,76,-7,7
12900,89,93,-4,4
12901,72,69,3,3
12902,180,164,16,16
12903,94,83,11,11
12904,53,65,-12,12
12905,93,98,-5,5
12906,161,144,17,17
12907,137,125,12,12
12908,129,119,10,10
12909,89,69,20,20
12910,102,101,1,1
12911,159,162,-3,3
12912,67,67,0,0
12913,67,75,-8,8
12914,97,88,9,9
12915,71,63,8,8
12916,153,155,-2,2
12917,100,98,2,2
12918,92,104,-12,12
12919,79,95,-16,16
12920,79,85,-6,6
12921,73,61,12,12
12922,133,139,-6,6
12923,51,65,-14,14
12924,139,127,12,12
12925,115,128,-13,13
12926,89,92,-3,3
12927,124,132,-8,8
12928,90,84,6,6
12929,128,127,1,1
12930,131,115,16,16
12931,71,72,-1,1
12932,113,112,1,1
12933,127,127,0,0
12934,61,61,0,0
12935,113,118,-5,5
12936,112,92,20,20
12937,75,71,4,4
12938,125,113,12,12
12939,73,78,-5,5
12940,100,107,-7,7
12941,187,180,7,7
12942,101,97,4,4
12943,103,96,7,7
12944,99,111,-12,12
12945,65,66,-1,1
12946,116,108,8,8
12947,97,101,-4,4
12948,83,90,-7,7
12949,90,105,-15,15
12950,101,107,-6,6
12951,97,101,-4,4
12952,107,101,6,6
12953,119,125,-6,6
12954,78,71,7,7
12955,79,78,1,1
12956,74,78,-4,4
12957,150,143,7,7
12958,83,90,-7,7
12959,131,140,-9,9
12960,68,70,-2,2
12961,222,170,52,52
12962,88,77,11,11
12963,109,111,-2,2
12964,149,145,4,4
12965,82,93,-11,11
12966,33,41,-8,8
12967,97,106,-9,9
12968,88,94,-6,6
12969,127,120,7,7
12970,70,66,4,4
12971,86,89,-3,3
12972,63,56,7,7
12973,101,103,-2,2
12974,85,88,-3,3
12975,97,84,13,13
12976,68,76,-8,8
12977,79,86,-7,7
12978,182,157,25,25
12979,68,66,2,2
12980,68,55,13,13
12981,81,78,3,3
12982,118,110,8,8
12983,93,95,-2,2
12984,117,103,14,14
12985,144,150,-6,6
12986,134,113,21,21
12987,69,75,-6,6
12988,133,133,0,0
12989,88,98,-10,10
12990,63,47,16,16
12991,116,125,-9,9
12992,113,112,1,1
12993,103,96,7,7
12994,127,145,-18,18
12995,116,123,-7,7
12996,114,115,-1,1
12997,123,108,15,15
12998,72,84,-12,12
12999,107,97,10,10
13000,121,99,22,22
13001,100,91,9,9
13002,87,99,-12,12
13003,102,85,17,17
13004,155,163,-8,8
13005,72,83,-11,11
13006,84,90,-6,6
13007,86,96,-10,10
13008,115,122,-7,7
13009,100,90,10,10
13010,81,76,5,5
13011,51,48,3,3
13012,54,70,-16,16
13013,86,77,9,9
13014,92,95,-3,3
13015,60,61,-1,1
13016,112,114,-2,2
13017,92,91,1,1
13018,87,84,3,3
13019,95,89,6,6
13020,80,72,8,8
13021,139,134,5,5
13022,103,109,-6,6
13023,120,126,-6,6
13024,75,93,-18,18
13025,51,70,-19,19
13026,76,68,8,8
13027,67,73,-6,6
13028,165,184,-19,19
13029,84,93,-9,9
13030,83,86,-3,3
13031,61,59,2,2
13032,159,168,-9,9
13033,64,69,-5,5
13034,140,137,3,3
13035,65,73,-8,8
13036,68,73,-5,5
13037,67,58,9,9
13038,87,88,-1,1
13039,109,112,-3,3
13040,116,116,0,0
13041,94,109,-15,15
13042,135,113,22,22
13043,77,70,7,7
13044,55,49,6,6
13045,61,63,-2,2
13046,73,83,-10,10
13047,139,119,20,20
13048,106,124,-18,18
13049,78,81,-3,3
13050,74,69,5,5
13051,99,100,-1,1
13052,88,94,-6,6
13053,93,82,11,11
13054,69,75,-6,6
13055,235,194,41,41
13056,83,82,1,1
13057,101,99,2,2
13058,66,70,-4,4
13059,58,69,-11,11
13060,119,128,-9,9
13061,129,120,9,9
13062,82,86,-4,4
13063,168,177,-9,9
13064,72,71,1,1
13065,125,112,13,13
13066,82,72,10,10
13067,97,83,14,14
13068,56,62,-6,6
13069,123,144,-21,21
13070,79,64,15,15
13071,84,90,-6,6
13072,112,102,10,10
13073,80,85,-5,5
13074,106,104,2,2
13075,60,66,-6,6
13076,72,81,-9,9
13077,96,112,-16,16
13078,60,18,42,42
13079,117,100,17,17
13080,66,83,-17,17
13081,78,88,-10,10
13082,55,58,-3,3
13083,164,129,35,35
13084,184,178,6,6
13085,78,74,4,4
13086,61,78,-17,17
13087,109,131,-22,22
13088,101,105,-4,4
13089,79,79,0,0
13090,51,56,-5,5
13091,64,59,5,5
13092,62,57,5,5
13093,144,128,16,16
13094,57,69,-12,12
13095,50,60,-10,10
13096,81,85,-4,4
13097,99,101,-2,2
13098,97,99,-2,2
13099,129,122,7,7
13100,104,107,-3,3
13101,93,94,-1,1
13102,84,77,7,7
13103,90,103,-13,13
13104,112,124,-12,12
13105,69,67,2,2
13106,69,77,-8,8
13107,107,97,10,10
13108,145,136,9,9
13109,84,79,5,5
13110,51,58,-7,7
13111,100,85,15,15
13112,82,81,1,1
13113,71,90,-19,19
13114,104,100,4,4
13115,67,82,-15,15
13116,89,94,-5,5
13117,61,67,-6,6
13118,74,75,-1,1
13119,101,104,-3,3
13120,67,78,-11,11
13121,72,64,8,8
13122,70,61,9,9
13123,158,147,11,11
13124,94,98,-4,4
13125,84,76,8,8
13126,120,119,1,1
13127,152,151,1,1
13128,137,125,12,12
13129,82,92,-10,10
13130,116,107,9,9
13131,112,113,-1,1
13132,99,97,2,2
13133,150,148,2,2
13134,66,47,19,19
13135,81,68,13,13
13136,50,48,2,2
13137,133,139,-6,6
13138,65,70,-5,5
13139,65,65,0,0
13140,80,86,-6,6
13141,53,50,3,3
13142,108,89,19,19
13143,80,55,25,25
13144,126,135,-9,9
13145,73,92,-19,19
13146,58,63,-5,5
13147,80,77,3,3
13148,62,71,-9,9
13149,64,64,0,0
13150,55,58,-3,3
13151,81,86,-5,5
13152,97,104,-7,7
13153,78,77,1,1
13154,101,103,-2,2
13155,72,85,-13,13
13156,112,106,6,6
13157,84,91,-7,7
13158,68,71,-3,3
13159,102,110,-8,8
13160,117,131,-14,14
13161,88,82,6,6
13162,127,113,14,14
13163,64,67,-3,3
13164,87,88,-1,1
13165,80,83,-3,3
13166,101,81,20,20
13167,122,110,12,12
13168,67,68,-1,1
13169,131,135,-4,4
13170,97,114,-17,17
13171,135,114,21,21
13172,88,92,-4,4
13173,115,116,-1,1
13174,134,120,14,14
13175,116,110,6,6
13176,79,91,-12,12
13177,45,49,-4,4
13178,100,111,-11,11
13179,85,104,-19,19
13180,63,65,-2,2
13181,89,82,7,7
13182,76,78,-2,2
13183,138,130,8,8
13184,123,135,-12,12
13185,74,87,-13,13
13186,43,86,-43,43
13187,66,80,-14,14
13188,86,113,-27,27
13189,115,127,-12,12
13190,30,47,-17,17
13191,66,63,3,3
13192,208,152,56,56
13193,90,95,-5,5
13194,71,61,10,10
13195,94,94,0,0
13196,171,175,-4,4
13197,55,60,-5,5
13198,43,42,1,1
13199,67,87,-20,20
13200,143,114,29,29
13201,98,101,-3,3
13202,100,97,3,3
13203,108,104,4,4
13204,91,91,0,0
13205,131,138,-7,7
13206,79,57,22,22
13207,153,151,2,2
13208,37,40,-3,3
13209,46,49,-3,3
13210,241,195,46,46
13211,89,93,-4,4
13212,72,77,-5,5
13213,100,89,11,11
13214,83,89,-6,6
13215,98,99,-1,1
13216,128,120,8,8
13217,162,130,32,32
13218,81,75,6,6
13219,98,100,-2,2
13220,70,73,-3,3
13221,182,139,43,43
13222,71,74,-3,3
13223,173,174,-1,1
13224,54,56,-2,2
13225,66,65,1,1
13226,85,73,12,12
13227,93,97,-4,4
13228,71,118,-47,47
13229,163,158,5,5
13230,86,77,9,9
13231,74,68,6,6
13232,148,147,1,1
13233,112,110,2,2
13234,90,78,12,12
13235,64,66,-2,2
13236,78,93,-15,15
13237,115,109,6,6
13238,105,107,-2,2
13239,90,83,7,7
13240,117,113,4,4
13241,103,90,13,13
13242,139,149,-10,10
13243,107,107,0,0
13244,118,135,-17,17
13245,94,81,13,13
13246,56,50,6,6
13247,97,98,-1,1
13248,77,66,11,11
13249,117,98,19,19
13250,125,116,9,9
13251,67,72,-5,5
13252,73,76,-3,3
13253,152,138,14,14
13254,73,74,-1,1
13255,121,107,14,14
13256,166,155,11,11
13257,90,83,7,7
13258,96,100,-4,4
13259,149,160,-11,11
13260,61,65,-4,4
13261,144,135,9,9
13262,121,122,-1,1
13263,131,109,22,22
13264,58,63,-5,5
13265,51,52,-1,1
13266,54,63,-9,9
13267,72,77,-5,5
13268,99,107,-8,8
13269,124,123,1,1
13270,105,102,3,3
13271,100,99,1,1
13272,153,132,21,21
13273,76,82,-6,6
13274,120,114,6,6
13275,94,94,0,0
13276,85,76,9,9
13277,84,101,-17,17
13278,53,72,-19,19
13279,106,103,3,3
13280,108,122,-14,14
13281,140,137,3,3
13282,113,125,-12,12
13283,57,75,-18,18
13284,108,105,3,3
13285,123,110,13,13
13286,108,104,4,4
13287,83,91,-8,8
13288,99,92,7,7
13289,78,81,-3,3
13290,96,103,-7,7
13291,58,56,2,2
13292,82,77,5,5
13293,148,150,-2,2
13294,86,99,-13,13
13295,81,67,14,14
13296,119,121,-2,2
13297,97,113,-16,16
13298,118,115,3,3
13299,92,80,12,12
13300,102,107,-5,5
13301,72,71,1,1
13302,64,64,0,0
13303,86,83,3,3
13304,57,68,-11,11
13305,102,94,8,8
13306,67,57,10,10
13307,88,86,2,2
13308,139,127,12,12
13309,61,61,0,0
13310,77,77,0,0
13311,158,158,0,0
13312,130,117,13,13
13313,132,137,-5,5
13314,187,207,-20,20
13315,79,78,1,1
13316,96,105,-9,9
13317,76,86,-10,10
13318,71,77,-6,6
13319,78,75,3,3
13320,209,190,19,19
13321,75,75,0,0
13322,146,133,13,13
13323,100,98,2,2
13324,80,89,-9,9
13325,70,69,1,1
13326,65,71,-6,6
13327,95,107,-12,12
13328,80,88,-8,8
13329,69,70,-1,1
13330,132,123,9,9
13331,77,67,10,10
13332,98,88,10,10
13333,94,97,-3,3
13334,86,78,8,8
13335,90,83,7,7
13336,75,69,6,6
13337,130,108,22,22
13338,87,98,-11,11
13339,141,118,23,23
13340,161,143,18,18
13341,68,93,-25,25
13342,97,91,6,6
13343,125,109,16,16
13344,36,44,-8,8
13345,115,115,0,0
13346,68,51,17,17
13347,106,110,-4,4
13348,96,101,-5,5
13349,82,82,0,0
13350,73,63,10,10
13351,89,71,18,18
13352,75,74,1,1
13353,85,109,-24,24
13354,134,141,-7,7
13355,90,84,6,6
13356,83,82,1,1
13357,129,113,16,16
13358,140,135,5,5
13359,60,96,-36,36
13360,82,75,7,7
13361,153,126,27,27
13362,80,95,-15,15
13363,119,116,3,3
13364,108,110,-2,2
13365,54,57,-3,3
13366,99,105,-6,6
13367,130,141,-11,11
13368,100,100,0,0
13369,59,61,-2,2
13370,84,87,-3,3
13371,117,119,-2,2
13372,60,65,-5,5
13373,55,59,-4,4
13374,96,89,7,7
13375,73,84,-11,11
13376,64,72,-8,8
13377,75,73,2,2
13378,55,33,22,22
13379,90,80,10,10
13380,142,148,-6,6
13381,139,130,9,9
13382,118,111,7,7
13383,120,121,-1,1
13384,112,110,2,2
13385,43,47,-4,4
13386,106,102,4,4
13387,187,207,-20,20
13388,117,124,-7,7
13389,111,106,5,5
13390,188,189,-1,1
13391,156,142,14,14
13392,136,140,-4,4
13393,88,97,-9,9
13394,29,47,-18,18
13395,107,100,7,7
13396,113,96,17,17
13397,93,95,-2,2
13398,81,88,-7,7
13399,22,37,-15,15
13400,69,64,5,5
13401,168,151,17,17
13402,147,138,9,9
13403,105,107,-2,2
13404,145,131,14,14
13405,58,72,-14,14
13406,60,69,-9,9
13407,150,131,19,19
13408,70,77,-7,7
13409,69,77,-8,8
13410,140,148,-8,8
13411,88,82,6,6
13412,120,115,5,5
13413,63,62,1,1
13414,81,92,-11,11
13415,66,68,-2,2
13416,91,81,10,10
13417,131,137,-6,6
13418,126,115,11,11
13419,138,143,-5,5
13420,103,110,-7,7
13421,103,104,-1,1
13422,50,45,5,5
13423,64,69,-5,5
13424,75,86,-11,11
13425,67,64,3,3
13426,97,96,1,1
13427,109,118,-9,9
13428,137,127,10,10
13429,71,65,6,6
13430,98,87,11,11
13431,82,102,-20,20
13432,65,75,-10,10
13433,117,99,18,18
13434,148,148,0,0
13435,190,164,26,26
13436,84,84,0,0
13437,110,98,12,12
13438,138,135,3,3
13439,74,80,-6,6
13440,130,107,23,23
13441,79,73,6,6
13442,92,110,-18,18
13443,137,149,-12,12
13444,104,94,10,10
13445,160,129,31,31
13446,90,85,5,5
13447,101,103,-2,2
13448,123,119,4,4
13449,73,70,3,3
13450,66,73,-7,7
13451,124,121,3,3
13452,173,176,-3,3
13453,142,135,7,7
13454,32,74,-42,42
13455,104,93,11,11
13456,65,85,-20,20
13457,60,60,0,0
13458,71,76,-5,5
13459,56,57,-1,1
13460,122,109,13,13
13461,135,141,-6,6
13462,162,152,10,10
13463,96,101,-5,5
13464,126,120,6,6
13465,74,81,-7,7
13466,102,118,-16,16
13467,80,91,-11,11
13468,88,95,-7,7
13469,92,74,18,18
13470,107,111,-4,4
13471,87,160,-73,73
13472,58,71,-13,13
13473,80,84,-4,4
13474,79,81,-2,2
13475,114,124,-10,10
13476,78,98,-20,20
13477,75,76,-1,1
13478,168,164,4,4
13479,114,114,0,0
13480,59,63,-4,4
13481,152,157,-5,5
13482,66,70,-4,4
13483,98,86,12,12
13484,70,87,-17,17
13485,101,88,13,13
13486,130,121,9,9
13487,114,97,17,17
13488,63,66,-3,3
13489,181,148,33,33
13490,86,89,-3,3
13491,107,111,-4,4
13492,59,57,2,2
13493,74,82,-8,8
13494,134,133,1,1
13495,199,153,46,46
13496,58,69,-11,11
13497,99,103,-4,4
13498,103,114,-11,11
13499,183,160,23,23
13500,96,93,3,3
13501,99,104,-5,5
13502,113,100,13,13
13503,88,88,0,0
13504,88,90,-2,2
13505,128,119,9,9
13506,82,84,-2,2
13507,80,73,7,7
13508,53,54,-1,1
13509,47,53,-6,6
13510,102,91,11,11
13511,97,87,10,10
13512,68,74,-6,6
13513,125,114,11,11
13514,110,118,-8,8
13515,77,72,5,5
13516,127,123,4,4
13517,87,96,-9,9
13518,107,95,12,12
13519,105,107,-2,2
13520,153,127,26,26
13521,61,70,-9,9
13522,33,84,-51,51
13523,146,147,-1,1
13524,100,114,-14,14
13525,170,160,10,10
13526,134,130,4,4
13527,78,105,-27,27
13528,73,62,11,11
13529,60,57,3,3
13530,64,61,3,3
13531,99,93,6,6
13532,80,93,-13,13
13533,65,71,-6,6
13534,67,59,8,8
13535,141,131,10,10
13536,60,59,1,1
13537,138,150,-12,12
13538,154,151,3,3
13539,58,62,-4,4
13540,114,121,-7,7
13541,132,126,6,6
13542,98,92,6,6
13543,80,90,-10,10
13544,105,95,10,10
13545,84,93,-9,9
13546,78,89,-11,11
13547,154,142,12,12
13548,67,75,-8,8
13549,95,115,-20,20
13550,125,110,15,15
13551,128,115,13,13
13552,42,51,-9,9
13553,204,187,17,17
13554,98,101,-3,3
13555,112,106,6,6
13556,132,140,-8,8
13557,139,141,-2,2
13558,93,98,-5,5
13559,146,130,16,16
13560,56,61,-5,5
13561,65,60,5,5
13562,124,117,7,7
13563,103,110,-7,7
13564,86,87,-1,1
13565,60,68,-8,8
13566,98,106,-8,8
13567,80,122,-42,42
13568,89,97,-8,8
13569,148,119,29,29
13570,40,39,1,1
13571,80,97,-17,17
13572,70,74,-4,4
13573,82,71,11,11
13574,133,144,-11,11
13575,75,84,-9,9
13576,75,78,-3,3
13577,120,99,21,21
13578,50,63,-13,13
13579,111,128,-17,17
13580,86,78,8,8
13581,115,116,-1,1
13582,63,51,12,12
13583,93,94,-1,1
13584,104,98,6,6
13585,153,144,9,9
13586,51,54,-3,3
13587,128,116,12,12
13588,92,81,11,11
13589,51,64,-13,13
13590,84,93,-9,9
13591,104,95,9,9
13592,101,91,10,10
13593,83,80,3,3
13594,69,82,-13,13
13595,96,93,3,3
13596,83,84,-1,1
13597,54,72,-18,18
13598,83,67,16,16
13599,54,43,11,11
13600,61,65,-4,4
13601,116,93,23,23
13602,113,94,19,19
13603,76,74,2,2
13604,87,87,0,0
13605,59,56,3,3
13606,141,134,7,7
13607,97,103,-6,6
13608,89,83,6,6
13609,131,127,4,4
13610,71,64,7,7
13611,60,52,8,8
13612,39,48,-9,9
13613,68,75,-7,7
13614,61,63,-2,2
13615,107,111,-4,4
13616,95,95,0,0
13617,94,106,-12,12
13618,82,87,-5,5
13619,110,108,2,2
13620,113,112,1,1
13621,107,106,1,1
13622,161,144,17,17
13623,180,159,21,21
13624,101,106,-5,5
13625,88,86,2,2
13626,87,81,6,6
13627,115,124,-9,9
13628,121,117,4,4
13629,139,142,-3,3
13630,123,117,6,6
13631,63,67,-4,4
13632,122,102,20,20
13633,68,69,-1,1
13634,110,97,13,13
13635,57,82,-25,25
13636,82,77,5,5
13637,95,99,-4,4
13638,134,137,-3,3
13639,98,82,16,16
13640,128,128,0,0
13641,95,94,1,1
13642,104,139,-35,35
13643,175,159,16,16
13644,109,101,8,8
13645,164,148,16,16
13646,118,135,-17,17
13647,70,73,-3,3
13648,54,61,-7,7
13649,145,140,5,5
13650,68,67,1,1
13651,82,91,-9,9
13652,61,50,11,11
13653,92,100,-8,8
13654,89,93,-4,4
13655,96,85,11,11
13656,122,114,8,8
13657,79,76,3,3
13658,75,74,1,1
13659,108,101,7,7
13660,43,43,0,0
13661,67,72,-5,5
13662,75,76,-1,1
13663,67,73,-6,6
13664,88,87,1,1
13665,55,59,-4,4
13666,96,103,-7,7
13667,60,58,2,2
13668,125,126,-1,1
13669,56,58,-2,2
13670,111,101,10,10
13671,105,121,-16,16
13672,77,93,-16,16
13673,89,92,-3,3
13674,79,81,-2,2
13675,107,112,-5,5
13676,124,120,4,4
13677,119,116,3,3
13678,57,83,-26,26
13679,127,129,-2,2
13680,64,73,-9,9
13681,96,104,-8,8
13682,89,79,10,10
13683,71,78,-7,7
13684,76,82,-6,6
13685,110,104,6,6
13686,120,122,-2,2
13687,98,94,4,4
13688,84,82,2,2
13689,233,195,38,38
13690,75,73,2,2
13691,107,83,24,24
13692,76,73,3,3
13693,84,102,-18,18
13694,86,82,4,4
13695,103,98,5,5
13696,106,101,5,5
13697,150,132,18,18
13698,73,56,17,17
13699,130,132,-2,2
13700,132,117,15,15
13701,139,141,-2,2
13702,115,112,3,3
13703,155,146,9,9
13704,75,89,-14,14
13705,70,80,-10,10
13706,127,126,1,1
13707,65,51,14,14
13708,100,105,-5,5
13709,170,159,11,11
13710,135,150,-15,15
13711,75,78,-3,3
13712,164,172,-8,8
13713,125,126,-1,1
13714,104,109,-5,5
13715,53,49,4,4
13716,146,150,-4,4
13717,102,93,9,9
13718,70,67,3,3
13719,54,63,-9,9
13720,108,118,-10,10
13721,97,89,8,8
13722,104,95,9,9
13723,140,149,-9,9
13724,94,112,-18,18
13725,62,77,-15,15
13726,105,103,2,2
13727,48,44,4,4
13728,63,70,-7,7
13729,64,63,1,1
13730,51,51,0,0
13731,63,54,9,9
13732,121,117,4,4
13733,120,112,8,8
13734,86,84,2,2
13735,91,85,6,6
13736,55,56,-1,1
13737,98,99,-1,1
13738,69,56,13,13
13739,45,65,-20,20
13740,126,145,-19,19
13741,169,169,0,0
13742,95,91,4,4
13743,106,100,6,6
13744,91,90,1,1
13745,126,110,16,16
13746,67,71,-4,4
13747,55,67,-12,12
13748,74,75,-1,1
13749,87,71,16,16
13750,87,93,-6,6
13751,83,78,5,5
13752,114,132,-18,18
13753,125,119,6,6
13754,120,120,0,0
13755,86,80,6,6
13756,66,63,3,3
13757,106,112,-6,6
13758,62,54,8,8
13759,87,106,-19,19
13760,68,66,2,2
13761,77,84,-7,7
13762,106,106,0,0
13763,101,96,5,5
13764,93,82,11,11
13765,63,88,-25,25
13766,53,60,-7,7
13767,116,121,-5,5
13768,116,112,4,4
13769,92,128,-36,36
13770,80,84,-4,4
13771,93,96,-3,3
13772,129,128,1,1
13773,97,100,-3,3
13774,51,57,-6,6
13775,98,84,14,14
13776,80,121,-41,41
13777,74,73,1,1
13778,157,129,28,28
13779,163,160,3,3
13780,62,63,-1,1
13781,107,101,6,6
13782,107,94,13,13
13783,107,108,-1,1
13784,83,96,-13,13
13785,117,107,10,10
13786,94,106,-12,12
13787,65,59,6,6
13788,61,63,-2,2
13789,79,80,-1,1
13790,137,132,5,5
13791,141,130,11,11
13792,95,98,-3,3
13793,101,102,-1,1
13794,95,100,-5,5
13795,142,133,9,9
13796,107,91,16,16
13797,80,86,-6,6
13798,91,104,-13,13
13799,71,70,1,1
13800,81,92,-11,11
13801,96,101,-5,5
13802,151,140,11,11
13803,75,88,-13,13
13804,69,80,-11,11
13805,70,78,-8,8
13806,66,82,-16,16
13807,100,104,-4,4
13808,107,98,9,9
13809,116,106,10,10
13810,59,63,-4,4
13811,90,95,-5,5
13812,60,61,-1,1
13813,55,52,3,3
13814,66,64,2,2
13815,90,93,-3,3
13816,80,80,0,0
13817,151,101,50,50
13818,91,84,7,7
13819,59,62,-3,3
13820,73,73,0,0
13821,51,58,-7,7
13822,95,103,-8,8
13823,92,94,-2,2
13824,61,59,2,2
13825,80,86,-6,6
13826,107,123,-16,16
13827,79,74,5,5
13828,167,147,20,20
13829,58,54,4,4
13830,104,95,9,9
13831,106,117,-11,11
13832,61,53,8,8
13833,111,113,-2,2
13834,97,109,-12,12
13835,101,97,4,4
13836,67,79,-12,12
13837,56,66,-10,10
13838,57,62,-5,5
13839,82,58,24,24
13840,95,88,7,7
13841,69,68,1,1
13842,58,57,1,1
13843,105,96,9,9
13844,163,140,23,23
13845,61,66,-5,5
13846,90,67,23,23
13847,220,196,24,24
13848,96,87,9,9
13849,44,46,-2,2
13850,59,68,-9,9
13851,60,63,-3,3
13852,64,75,-11,11
13853,94,100,-6,6
13854,151,135,16,16
13855,75,87,-12,12
13856,75,71,4,4
13857,79,71,8,8
13858,70,77,-7,7
13859,107,111,-4,4
13860,145,126,19,19
13861,70,51,19,19
13862,75,46,29,29
13863,141,137,4,4
13864,66,75,-9,9
13865,79,72,7,7
13866,111,92,19,19
13867,112,105,7,7
13868,125,125,0,0
13869,121,114,7,7
13870,108,109,-1,1
13871,74,74,0,0
13872,106,112,-6,6
13873,118,118,0,0
13874,162,127,35,35
13875,142,108,34,34
13876,65,66,-1,1
13877,59,62,-3,3
13878,91,77,14,14
13879,75,74,1,1
13880,125,119,6,6
13881,146,150,-4,4
13882,84,77,7,7
13883,95,99,-4,4
13884,88,77,11,11
13885,95,90,5,5
13886,54,57,-3,3
13887,68,63,5,5
13888,250,226,24,24
13889,64,37,27,27
13890,89,80,9,9
13891,63,70,-7,7
13892,47,58,-11,11
13893,113,111,2,2
13894,118,105,13,13
13895,77,84,-7,7
13896,175,157,18,18
13897,87,81,6,6
13898,85,94,-9,9
13899,107,92,15,15
13900,77,68,9,9
13901,112,111,1,1
13902,67,76,-9,9
13903,124,133,-9,9
13904,69,75,-6,6
13905,170,176,-6,6
13906,91,85,6,6
13907,69,71,-2,2
13908,69,56,13,13
13909,102,94,8,8
13910,87,96,-9,9
13911,61,67,-6,6
13912,140,132,8,8
13913,56,36,20,20
13914,50,55,-5,5
13915,71,64,7,7
13916,46,51,-5,5
13917,102,105,-3,3
13918,72,66,6,6
13919,102,99,3,3
13920,98,89,9,9
13921,114,121,-7,7
13922,83,82,1,1
13923,75,80,-5,5
13924,92,91,1,1
13925,107,107,0,0
13926,166,149,17,17
13927,72,84,-12,12
13928,43,60,-17,17
13929,98,80,18,18
13930,141,141,0,0
13931,112,99,13,13
13932,149,169,-20,20
13933,17,44,-27,27
13934,63,77,-14,14
13935,127,123,4,4
13936,128,131,-3,3
13937,64,71,-7,7
13938,59,63,-4,4
13939,45,59,-14,14
13940,104,92,12,12
13941,82,86,-4,4
13942,52,59,-7,7
13943,96,81,15,15
13944,108,110,-2,2
13945,122,124,-2,2
13946,105,96,9,9
13947,72,77,-5,5
13948,75,69,6,6
13949,111,106,5,5
13950,86,82,4,4
13951,121,122,-1,1
13952,86,96,-10,10
13953,66,70,-4,4
13954,93,106,-13,13
13955,128,139,-11,11
13956,142,137,5,5
13957,87,68,19,19
13958,84,92,-8,8
13959,103,106,-3,3
13960,113,108,5,5
13961,136,135,1,1
13962,74,75,-1,1
13963,108,124,-16,16
13964,89,101,-12,12
13965,84,88,-4,4
13966,98,94,4,4
13967,51,58,-7,7
13968,53,58,-5,5
13969,88,47,41,41
13970,96,93,3,3
13971,105,108,-3,3
13972,95,86,9,9
13973,119,160,-41,41
13974,79,67,12,12
13975,110,94,16,16
13976,68,70,-2,2
13977,98,99,-1,1
13978,162,170,-8,8
13979,124,112,12,12
13980,54,63,-9,9
13981,89,99,-10,10
13982,55,47,8,8
13983,147,147,0,0
13984,118,110,8,8
13985,28,10,18,18
13986,115,111,4,4
13987,87,86,1,1
13988,129,117,12,12
13989,100,104,-4,4
13990,119,108,11,11
13991,95,88,7,7
13992,130,127,3,3
13993,57,48,9,9
13994,103,92,11,11
13995,100,87,13,13
13996,95,89,6,6
13997,61,57,4,4
13998,59,69,-10,10
13999,126,113,13,13
14000,162,157,5,5
14001,98,93,5,5
14002,134,118,16,16
14003,118,107,11,11
14004,57,59,-2,2
14005,84,99,-15,15
14006,84,82,2,2
14007,120,117,3,3
14008,163,157,6,6
14009,64,63,1,1
14010,83,79,4,4
14011,69,89,-20,20
14012,135,105,30,30
14013,86,90,-4,4
14014,60,57,3,3
14015,77,79,-2,2
14016,92,93,-1,1
14017,85,85,0,0
14018,161,141,20,20
14019,126,104,22,22
14020,63,60,3,3
14021,93,110,-17,17
14022,73,69,4,4
14023,107,112,-5,5
14024,74,75,-1,1
14025,73,57,16,16
14026,108,105,3,3
14027,182,172,10,10
14028,134,114,20,20
14029,67,76,-9,9
14030,91,103,-12,12
14031,131,147,-16,16
14032,146,123,23,23
14033,80,73,7,7
14034,139,124,15,15
14035,188,179,9,9
14036,150,149,1,1
14037,74,73,1,1
14038,115,121,-6,6
14039,87,82,5,5
14040,83,66,17,17
14041,71,72,-1,1
14042,95,92,3,3
14043,110,100,10,10
14044,91,92,-1,1
14045,108,100,8,8
14046,51,48,3,3
14047,71,79,-8,8
14048,50,63,-13,13
14049,66,67,-1,1
14050,56,58,-2,2
14051,108,101,7,7
14052,114,102,12,12
14053,86,70,16,16
14054,88,80,8,8
14055,66,60,6,6
14056,111,110,1,1
14057,53,67,-14,14
14058,94,97,-3,3
14059,74,80,-6,6
14060,129,135,-6,6
14061,75,81,-6,6
14062,198,179,19,19
14063,76,75,1,1
14064,94,98,-4,4
14065,70,64,6,6
14066,172,153,19,19
14067,61,71,-10,10
14068,80,66,14,14
14069,102,105,-3,3
14070,114,106,8,8
14071,70,75,-5,5
14072,75,88,-13,13
14073,112,112,0,0
14074,44,64,-20,20
14075,145,167,-22,22
14076,68,85,-17,17
14077,148,137,11,11
14078,56,62,-6,6
14079,81,87,-6,6
14080,73,67,6,6
14081,122,132,-10,10
14082,75,74,1,1
14083,121,125,-4,4
14084,139,147,-8,8
14085,63,68,-5,5
14086,125,110,15,15
14087,85,70,15,15
14088,112,115,-3,3
14089,114,114,0,0
14090,134,122,12,12
14091,98,105,-7,7
14092,75,83,-8,8
14093,135,126,9,9
14094,96,99,-3,3
14095,102,102,0,0
14096,150,136,14,14
14097,186,165,21,21
14098,63,57,6,6
14099,116,103,13,13
14100,83,79,4,4
14101,110,100,10,10
14102,104,102,2,2
14103,71,76,-5,5
14104,111,132,-21,21
14105,106,108,-2,2
14106,147,140,7,7
14107,67,68,-1,1
14108,212,193,19,19
14109,83,91,-8,8
14110,174,141,33,33
14111,113,135,-22,22
14112,68,74,-6,6
14113,159,154,5,5
14114,52,65,-13,13
14115,123,125,-2,2
14116,112,113,-1,1
14117,69,78,-9,9
14118,61,57,4,4
14119,63,52,11,11
14120,70,67,3,3
14121,65,78,-13,13
14122,145,146,-1,1
14123,121,111,10,10
14124,60,56,4,4
14125,187,168,19,19
14126,24,26,-2,2
14127,136,123,13,13
14128,65,71,-6,6
14129,67,76,-9,9
14130,189,178,11,11
14131,83,108,-25,25
14132,76,71,5,5
14133,91,90,1,1
14134,74,90,-16,16
14135,55,70,-15,15
14136,107,102,5,5
14137,160,156,4,4
14138,149,139,10,10
14139,96,89,7,7
14140,88,92,-4,4
14141,118,126,-8,8
14142,91,90,1,1
14143,92,93,-1,1
14144,74,71,3,3
14145,118,119,-1,1
14146,81,87,-6,6
14147,95,93,2,2
14148,68,72,-4,4
14149,132,123,9,9
14150,49,43,6,6
14151,115,120,-5,5
14152,148,143,5,5
14153,109,121,-12,12
14154,104,102,2,2
14155,159,145,14,14
14156,83,75,8,8
14157,47,45,2,2
14158,92,95,-3,3
14159,101,109,-8,8
14160,57,49,8,8
14161,40,46,-6,6
14162,153,142,11,11
14163,163,140,23,23
14164,66,61,5,5
14165,90,93,-3,3
14166,55,48,7,7
14167,52,65,-13,13
14168,96,102,-6,6
14169,115,110,5,5
14170,47,36,11,11
14171,77,97,-20,20
14172,76,92,-16,16
14173,115,116,-1,1
14174,93,99,-6,6
14175,120,91,29,29
14176,83,78,5,5
14177,119,107,12,12
14178,40,52,-12,12
14179,47,52,-5,5
14180,55,54,1,1
14181,96,92,4,4
14182,88,92,-4,4
14183,74,103,-29,29
14184,80,97,-17,17
14185,68,63,5,5
14186,144,129,15,15
14187,101,91,10,10
14188,116,106,10,10
14189,63,77,-14,14
14190,51,51,0,0
14191,123,97,26,26
14192,145,138,7,7
14193,107,100,7,7
14194,109,103,6,6
14195,115,112,3,3
14196,59,57,2,2
14197,63,71,-8,8
14198,190,158,32,32
14199,69,66,3,3
14200,77,76,1,1
14201,78,81,-3,3
14202,85,92,-7,7
14203,112,86,26,26
14204,82,76,6,6
14205,150,141,9,9
14206,72,78,-6,6
14207,105,108,-3,3
14208,80,80,0,0
14209,39,42,-3,3
14210,102,102,0,0
14211,68,82,-14,14
14212,95,92,3,3
14213,24,54,-30,30
14214,50,52,-2,2
14215,66,53,13,13
14216,69,63,6,6
14217,120,109,11,11
14218,140,136,4,4
14219,69,77,-8,8
14220,187,158,29,29
14221,107,113,-6,6
14222,67,65,2,2
14223,126,126,0,0
14224,112,133,-21,21
14225,93,99,-6,6
14226,89,86,3,3
14227,93,99,-6,6
14228,48,64,-16,16
14229,153,148,5,5
14230,67,76,-9,9
14231,48,49,-1,1
14232,58,66,-8,8
14233,179,153,26,26
14234,91,83,8,8
14235,123,133,-10,10
14236,70,54,16,16
14237,32,57,-25,25
14238,96,82,14,14
14239,53,55,-2,2
14240,99,108,-9,9
14241,133,113,20,20
14242,77,91,-14,14
14243,47,55,-8,8
14244,55,52,3,3
14245,85,74,11,11
14246,135,137,-2,2
14247,103,98,5,5
14248,62,74,-12,12
14249,73,80,-7,7
14250,117,131,-14,14
14251,112,115,-3,3
14252,34,35,-1,1
14253,46,48,-2,2
14254,68,62,6,6
14255,42,43,-1,1
14256,88,107,-19,19
14257,88,101,-13,13
14258,78,75,3,3
14259,74,84,-10,10
14260,145,135,10,10
14261,144,131,13,13
14262,146,145,1,1
14263,50,63,-13,13
14264,134,108,26,26
14265,81,79,2,2
14266,81,72,9,9
14267,64,70,-6,6
14268,134,136,-2,2
14269,177,163,14,14
14270,115,110,5,5
14271,105,108,-3,3
14272,142,149,-7,7
14273,104,111,-7,7
14274,74,80,-6,6
14275,177,164,13,13
14276,47,59,-12,12
14277,127,129,-2,2
14278,186,174,12,12
14279,81,102,-21,21
14280,78,78,0,0
14281,155,131,24,24
14282,170,144,26,26
14283,97,85,12,12
14284,94,95,-1,1
14285,77,88,-11,11
14286,83,82,1,1
14287,109,112,-3,3
14288,92,87,5,5
14289,93,87,6,6
14290,63,78,-15,15
14291,85,84,1,1
14292,92,95,-3,3
14293,68,60,8,8
14294,111,119,-8,8
14295,181,172,9,9
14296,57,34,23,23
14297,93,102,-9,9
14298,68,84,-16,16
14299,95,106,-11,11
14300,123,113,10,10
14301,58,63,-5,5
14302,159,133,26,26
14303,97,95,2,2
14304,82,79,3,3
14305,70,67,3,3
14306,87,85,2,2
14307,63,62,1,1
14308,138,119,19,19
14309,124,113,11,11
14310,90,79,11,11
14311,72,72,0,0
14312,82,84,-2,2
14313,102,117,-15,15
14314,149,158,-9,9
14315,127,129,-2,2
14316,127,104,23,23
14317,80,71,9,9
14318,79,86,-7,7
14319,126,129,-3,3
14320,160,150,10,10
14321,88,85,3,3
14322,57,44,13,13
14323,117,109,8,8
14324,88,76,12,12
14325,117,122,-5,5
14326,108,112,-4,4
14327,122,122,0,0
14328,126,112,14,14
14329,137,122,15,15
14330,119,96,23,23
14331,94,96,-2,2
14332,89,68,21,21
14333,65,62,3,3
14334,80,77,3,3
14335,73,85,-12,12
14336,137,111,26,26
14337,112,112,0,0
14338,93,99,-6,6
14339,121,108,13,13
14340,94,90,4,4
14341,74,75,-1,1
14342,126,124,2,2
14343,102,89,13,13
14344,61,52,9,9
14345,107,124,-17,17
14346,187,169,18,18
14347,129,110,19,19
14348,96,104,-8,8
14349,85,95,-10,10
14350,89,98,-9,9
14351,65,53,12,12
14352,67,88,-21,21
14353,95,86,9,9
14354,90,85,5,5
14355,70,87,-17,17
14356,51,60,-9,9
14357,67,83,-16,16
14358,105,88,17,17
14359,72,83,-11,11
14360,73,70,3,3
14361,90,86,4,4
14362,60,55,5,5
14363,125,120,5,5
14364,128,127,1,1
14365,114,106,8,8
14366,80,50,30,30
14367,130,115,15,15
14368,170,167,3,3
14369,163,189,-26,26
14370,121,111,10,10
14371,65,66,-1,1
14372,110,117,-7,7
14373,86,86,0,0
14374,136,134,2,2
14375,95,101,-6,6
14376,82,90,-8,8
14377,117,116,1,1
14378,122,126,-4,4
14379,61,56,5,5
14380,49,61,-12,12
14381,188,145,43,43
14382,61,70,-9,9
14383,164,159,5,5
14384,64,77,-13,13
14385,100,88,12,12
14386,75,72,3,3
14387,90,79,11,11
14388,83,86,-3,3
14389,74,82,-8,8
14390,88,87,1,1
14391,110,95,15,15
14392,104,104,0,0
14393,61,63,-2,2
14394,80,80,0,0
14395,121,106,15,15
14396,72,72,0,0
14397,80,74,6,6
14398,38,36,2,2
14399,136,122,14,14
14400,85,84,1,1
14401,86,91,-5,5
14402,129,128,1,1
14403,58,63,-5,5
14404,73,84,-11,11
14405,135,135,0,0
14406,106,122,-16,16
14407,53,61,-8,8
14408,54,55,-1,1
14409,62,79,-17,17
14410,91,96,-5,5
14411,61,55,6,6
14412,56,60,-4,4
14413,53,55,-2,2
14414,67,70,-3,3
14415,81,82,-1,1
14416,77,89,-12,12
14417,92,95,-3,3
14418,181,167,14,14
14419,68,73,-5,5
14420,73,75,-2,2
14421,102,93,9,9
14422,85,90,-5,5
14423,78,75,3,3
14424,85,74,11,11
14425,86,90,-4,4
14426,61,37,24,24
14427,60,59,1,1
14428,70,94,-24,24
14429,63,65,-2,2
14430,141,135,6,6
14431,82,81,1,1
14432,125,114,11,11
14433,25,36,-11,11
14434,124,110,14,14
14435,42,40,2,2
14436,123,128,-5,5
14437,50,42,8,8
14438,94,95,-1,1
14439,175,161,14,14
14440,119,118,1,1
14441,97,97,0,0
14442,112,106,6,6
14443,105,97,8,8
14444,85,82,3,3
14445,117,125,-8,8
14446,140,131,9,9
14447,117,103,14,14
14448,45,38,7,7
14449,73,79,-6,6
14450,71,90,-19,19
14451,41,40,1,1
14452,134,131,3,3
14453,102,94,8,8
14454,69,68,1,1
14455,98,106,-8,8
14456,113,108,5,5
14457,90,91,-1,1
14458,67,63,4,4
14459,83,85,-2,2
14460,64,72,-8,8
14461,192,156,36,36
14462,93,77,16,16
14463,111,120,-9,9
14464,122,133,-11,11
14465,89,95,-6,6
14466,77,95,-18,18
14467,66,64,2,2
14468,57,58,-1,1
14469,84,83,1,1
14470,90,107,-17,17
14471,103,97,6,6
14472,144,148,-4,4
14473,120,121,-1,1
14474,105,111,-6,6
14475,121,109,12,12
14476,51,86,-35,35
14477,91,75,16,16
14478,73,80,-7,7
14479,60,67,-7,7
14480,50,65,-15,15
14481,94,110,-16,16
14482,107,91,16,16
14483,62,52,10,10
14484,77,79,-2,2
14485,109,102,7,7
14486,113,112,1,1
14487,95,109,-14,14
14488,153,141,12,12
14489,146,122,24,24
14490,75,84,-9,9
14491,97,105,-8,8
14492,96,96,0,0
14493,112,137,-25,25
14494,93,105,-12,12
14495,88,90,-2,2
14496,143,135,8,8
14497,131,121,10,10
14498,92,96,-4,4
14499,77,77,0,0
14500,94,91,3,3
14501,60,70,-10,10
14502,70,67,3,3
14503,73,79,-6,6
14504,115,109,6,6
14505,111,107,4,4
14506,41,53,-12,12
14507,49,67,-18,18
14508,141,127,14,14
14509,85,79,6,6
14510,89,90,-1,1
14511,84,74,10,10
14512,102,102,0,0
14513,100,103,-3,3
14514,72,69,3,3
14515,99,91,8,8
14516,68,63,5,5
14517,63,81,-18,18
14518,156,156,0,0
14519,113,101,12,12
14520,109,103,6,6
14521,141,128,13,13
14522,173,159,14,14
14523,95,99,-4,4
14524,89,96,-7,7
14525,103,98,5,5
14526,71,78,-7,7
14527,81,80,1,1
14528,93,88,5,5
14529,138,165,-27,27
14530,94,81,13,13
14531,168,175,-7,7
14532,56,73,-17,17
14533,70,62,8,8
14534,143,110,33,33
14535,115,113,2,2
14536,78,74,4,4
14537,71,48,23,23
14538,61,56,5,5
14539,174,147,27,27
14540,136,132,4,4
14541,137,152,-15,15
14542,64,61,3,3
14543,98,101,-3,3
14544,61,60,1,1
14545,79,69,10,10
14546,58,62,-4,4
14547,88,85,3,3
14548,83,85,-2,2
14549,58,68,-10,10
14550,113,105,8,8
14551,65,72,-7,7
14552,98,113,-15,15
14553,98,97,1,1
14554,119,107,12,12
14555,81,90,-9,9
14556,107,108,-1,1
14557,69,63,6,6
14558,102,100,2,2
14559,64,67,-3,3
14560,92,100,-8,8
14561,91,79,12,12
14562,76,75,1,1
14563,120,113,7,7
14564,131,125,6,6
14565,73,71,2,2
14566,113,80,33,33
14567,46,75,-29,29
14568,31,31,0,0
14569,86,86,0,0
14570,124,129,-5,5
14571,69,63,6,6
14572,103,102,1,1
14573,78,92,-14,14
14574,85,75,10,10
14575,43,47,-4,4
14576,102,103,-1,1
14577,64,68,-4,4
14578,112,113,-1,1
14579,104,97,7,7
14580,116,112,4,4
14581,72,78,-6,6
14582,86,96,-10,10
14583,45,44,1,1
14584,90,89,1,1
14585,204,182,22,22
14586,38,45,-7,7
14587,95,74,21,21
14588,102,105,-3,3
14589,193,178,15,15
14590,130,130,0,0
14591,47,56,-9,9
14592,132,134,-2,2
14593,176,160,16,16
14594,67,77,-10,10
14595,100,101,-1,1
14596,73,62,11,11
14597,44,51,-7,7
14598,65,68,-3,3
14599,34,38,-4,4
14600,56,63,-7,7
14601,87,93,-6,6
14602,87,98,-11,11
14603,44,77,-33,33
14604,115,93,22,22
14605,82,90,-8,8
14606,134,137,-3,3
14607,161,147,14,14
14608,61,66,-5,5
14609,150,139,11,11
14610,106,102,4,4
14611,68,65,3,3
14612,106,90,16,16
14613,96,96,0,0
14614,142,146,-4,4
14615,74,62,12,12
14616,47,63,-16,16
14617,130,133,-3,3
14618,121,123,-2,2
14619,104,105,-1,1
14620,79,87,-8,8
14621,85,84,1,1
14622,92,86,6,6
14623,52,91,-39,39
14624,144,179,-35,35
14625,92,60,32,32
14626,58,57,1,1
14627,116,119,-3,3
14628,71,84,-13,13
14629,65,60,5,5
14630,86,75,11,11
14631,51,57,-6,6
14632,51,57,-6,6
14633,169,165,4,4
14634,117,133,-16,16
14635,94,87,7,7
14636,77,66,11,11
14637,61,60,1,1
14638,64,72,-8,8
14639,38,46,-8,8
14640,54,48,6,6
14641,70,78,-8,8
14642,77,77,0,0
14643,127,117,10,10
14644,58,69,-11,11
14645,84,96,-12,12
14646,89,95,-6,6
14647,52,57,-5,5
14648,73,68,5,5
14649,64,76,-12,12
14650,53,58,-5,5
14651,112,113,-1,1
14652,92,84,8,8
14653,90,82,8,8
14654,72,67,5,5
14655,99,101,-2,2
14656,84,73,11,11
14657,90,101,-11,11
14658,135,150,-15,15
14659,91,81,10,10
14660,81,93,-12,12
14661,119,121,-2,2
14662,70,77,-7,7
14663,62,62,0,0
14664,80,87,-7,7
14665,69,63,6,6
14666,107,109,-2,2
14667,145,138,7,7
14668,137,127,10,10
14669,94,90,4,4
14670,158,132,26,26
14671,174,182,-8,8
14672,100,101,-1,1
14673,141,157,-16,16
14674,131,118,13,13
14675,168,145,23,23
14676,98,91,7,7
14677,116,125,-9,9
14678,101,94,7,7
14679,89,106,-17,17
14680,119,115,4,4
14681,139,119,20,20
14682,25,35,-10,10
14683,106,99,7,7
14684,161,154,7,7
14685,123,117,6,6
14686,87,89,-2,2
14687,58,55,3,3
14688,62,75,-13,13
14689,89,93,-4,4
14690,81,82,-1,1
14691,70,62,8,8
14692,78,62,16,16
14693,163,151,12,12
14694,46,72,-26,26
14695,57,52,5,5
14696,108,111,-3,3
14697,148,139,9,9
14698,74,74,0,0
14699,54,50,4,4
14700,64,77,-13,13
14701,162,141,21,21
14702,124,108,16,16
14703,75,77,-2,2
14704,76,72,4,4
14705,81,91,-10,10
14706,56,69,-13,13
14707,90,85,5,5
14708,70,77,-7,7
14709,66,87,-21,21
14710,75,71,4,4
14711,95,109,-14,14
14712,123,130,-7,7
14713,125,133,-8,8
14714,44,58,-14,14
14715,141,132,9,9
14716,53,58,-5,5
14717,97,92,5,5
14718,100,101,-1,1
14719,78,95,-17,17
14720,199,181,18,18
14721,124,111,13,13
14722,56,62,-6,6
14723,62,60,2,2
14724,109,102,7,7
14725,149,130,19,19
14726,101,101,0,0
14727,129,118,11,11
14728,138,128,10,10
14729,118,117,1,1
14730,151,126,25,25
14731,58,58,0,0
14732,148,137,11,11
14733,89,96,-7,7
14734,93,99,-6,6
14735,111,98,13,13
14736,131,131,0,0
14737,106,106,0,0
14738,123,115,8,8
14739,119,124,-5,5
14740,106,103,3,3
14741,121,104,17,17
14742,74,69,5,5
14743,94,97,-3,3
14744,83,88,-5,5
14745,159,141,18,18
14746,126,119,7,7
14747,71,69,2,2
14748,52,58,-6,6
14749,139,170,-31,31
14750,98,91,7,7
14751,94,102,-8,8
14752,58,52,6,6
14753,126,119,7,7
14754,65,66,-1,1
14755,98,96,2,2
14756,170,159,11,11
14757,71,80,-9,9
14758,63,60,3,3
14759,74,75,-1,1
14760,119,122,-3,3
14761,73,90,-17,17
14762,88,91,-3,3
14763,96,102,-6,6
14764,125,126,-1,1
14765,119,126,-7,7
14766,88,96,-8,8
14767,98,86,12,12
14768,103,124,-21,21
14769,95,96,-1,1
14770,80,78,2,2
14771,88,93,-5,5
14772,50,68,-18,18
14773,81,71,10,10
14774,72,60,12,12
14775,56,39,17,17
14776,54,73,-19,19
14777,70,83,-13,13
14778,92,89,3,3
14779,79,83,-4,4
14780,64,69,-5,5
14781,121,126,-5,5
14782,55,52,3,3
14783,110,97,13,13
14784,142,122,20,20
14785,160,146,14,14
14786,61,69,-8,8
14787,59,69,-10,10
14788,102,112,-10,10
14789,95,84,11,11
14790,62,64,-2,2
14791,142,157,-15,15
14792,91,61,30,30
14793,114,101,13,13
14794,54,48,6,6
14795,93,102,-9,9
14796,96,99,-3,3
14797,75,83,-8,8
14798,95,99,-4,4
14799,59,61,-2,2
14800,87,73,14,14
14801,121,105,16,16
14802,85,93,-8,8
14803,74,75,-1,1
14804,94,96,-2,2
14805,117,109,8,8
14806,136,128,8,8
14807,51,34,17,17
14808,143,131,12,12
14809,110,109,1,1
14810,112,100,12,12
14811,59,65,-6,6
14812,69,58,11,11
14813,92,91,1,1
14814,92,93,-1,1
14815,125,122,3,3
14816,93,90,3,3
14817,94,84,10,10
14818,183,157,26,26
14819,158,155,3,3
14820,126,126,0,0
14821,201,178,23,23
14822,96,98,-2,2
14823,69,82,-13,13
14824,112,146,-34,34
14825,60,58,2,2
14826,81,79,2,2
14827,229,196,33,33
14828,81,85,-4,4
14829,49,58,-9,9
14830,98,94,4,4
14831,104,109,-5,5
14832,117,98,19,19
14833,91,100,-9,9
14834,96,80,16,16
14835,82,73,9,9
14836,193,183,10,10
14837,75,81,-6,6
14838,101,93,8,8
14839,128,116,12,12
14840,103,97,6,6
14841,84,82,2,2
14842,162,148,14,14
14843,117,124,-7,7
14844,104,130,-26,26
14845,85,90,-5,5
14846,90,91,-1,1
14847,67,65,2,2
14848,91,74,17,17
14849,152,167,-15,15
14850,60,57,3,3
14851,107,101,6,6
14852,114,152,-38,38
14853,95,95,0,0
14854,85,88,-3,3
14855,72,95,-23,23
14856,66,74,-8,8
14857,81,85,-4,4
14858,112,100,12,12
14859,39,68,-29,29
14860,125,121,4,4
14861,67,74,-7,7
14862,103,101,2,2
14863,44,32,12,12
14864,52,49,3,3
14865,58,66,-8,8
14866,105,106,-1,1
14867,55,63,-8,8
14868,107,133,-26,26
14869,102,107,-5,5
14870,61,85,-24,24
14871,129,120,9,9
14872,72,74,-2,2
14873,144,137,7,7
14874,67,66,1,1
14875,131,126,5,5
14876,59,60,-1,1
14877,142,129,13,13
14878,80,88,-8,8
14879,95,84,11,11
14880,62,59,3,3
14881,99,103,-4,4
14882,69,82,-13,13
14883,36,53,-17,17
14884,53,50,3,3
14885,174,157,17,17
14886,120,116,4,4
14887,60,74,-14,14
14888,44,39,5,5
14889,104,99,5,5
14890,70,53,17,17
14891,80,71,9,9
14892,72,83,-11,11
14893,114,127,-13,13
14894,110,102,8,8
14895,69,64,5,5
14896,108,106,2,2
14897,136,130,6,6
14898,62,57,5,5
14899,170,174,-4,4
14900,109,106,3,3
14901,85,80,5,5
14902,93,82,11,11
14903,117,109,8,8
14904,102,83,19,19
14905,123,109,14,14
14906,91,105,-14,14
14907,65,77,-12,12
14908,52,58,-6,6
14909,139,108,31,31
14910,88,97,-9,9
14911,67,79,-12,12
14912,143,139,4,4
14913,153,137,16,16
14914,65,62,3,3
14915,84,84,0,0
14916,101,117,-16,16
14917,90,113,-23,23
14918,75,73,2,2
14919,95,85,10,10
14920,197,183,14,14
14921,60,54,6,6
14922,152,133,19,19
14923,69,62,7,7
14924,79,86,-7,7
14925,63,63,0,0
14926,114,116,-2,2
14927,94,82,12,12
14928,107,102,5,5
14929,94,102,-8,8
14930,68,63,5,5
14931,95,92,3,3
14932,123,115,8,8
14933,81,80,1,1
14934,141,126,15,15
14935,78,82,-4,4
14936,100,116,-16,16
14937,120,118,2,2
14938,36,90,-54,54
14939,81,94,-13,13
14940,118,93,25,25
14941,122,135,-13,13
14942,80,69,11,11
14943,130,124,6,6
14944,44,65,-21,21
14945,170,152,18,18
14946,74,121,-47,47
14947,66,72,-6,6
14948,192,192,0,0
14949,84,81,3,3
14950,116,128,-12,12
14951,81,72,9,9
14952,43,40,3,3
14953,69,79,-10,10
14954,63,61,2,2
14955,94,94,0,0
14956,84,78,6,6
14957,56,52,4,4
14958,106,117,-11,11
14959,152,115,37,37
14960,92,87,5,5
14961,68,63,5,5
14962,87,94,-7,7
14963,88,105,-17,17
14964,78,76,2,2
14965,64,66,-2,2
14966,147,125,22,22
14967,57,64,-7,7
14968,81,53,28,28
14969,59,66,-7,7
14970,70,81,-11,11
14971,87,89,-2,2
14972,90,90,0,0
14973,87,67,20,20
14974,49,72,-23,23
14975,160,133,27,27
14976,131,109,22,22
14977,83,89,-6,6
14978,44,53,-9,9
14979,44,62,-18,18
14980,52,49,3,3
14981,102,108,-6,6
14982,69,68,1,1
14983,99,103,-4,4
14984,81,87,-6,6
14985,91,103,-12,12
14986,87,79,8,8
14987,57,58,-1,1
14988,82,82,0,0
14989,56,56,0,0
14990,76,71,5,5
14991,79,85,-6,6
14992,78,71,7,7
14993,121,100,21,21
14994,119,85,34,34
14995,68,73,-5,5
14996,146,141,5,5
14997,106,90,16,16
14998,132,103,29,29
14999,47,51,-4,4
15000,70,65,5,5
15001,114,102,12,12
15002,71,63,8,8
15003,85,99,-14,14
15004,132,141,-9,9
15005,33,37,-4,4
15006,16,53,-37,37
15007,68,85,-17,17
15008,62,74,-12,12
15009,84,92,-8,8
15010,50,56,-6,6
15011,91,94,-3,3
15012,116,120,-4,4
15013,97,86,11,11
15014,126,126,0,0
15015,102,107,-5,5
15016,111,94,17,17
15017,113,111,2,2
15018,149,139,10,10
15019,87,58,29,29
15020,120,115,5,5
15021,124,122,2,2
15022,145,125,20,20
15023,78,72,6,6
15024,158,147,11,11
15025,47,65,-18,18
15026,228,207,21,21
15027,86,93,-7,7
15028,97,99,-2,2
15029,105,97,8,8
15030,59,74,-15,15
15031,134,122,12,12
15032,122,126,-4,4
15033,116,129,-13,13
15034,72,74,-2,2
15035,95,108,-13,13
15036,48,45,3,3
15037,71,74,-3,3
15038,164,159,5,5
15039,80,88,-8,8
15040,96,89,7,7
15041,133,119,14,14
15042,121,139,-18,18
15043,122,125,-3,3
15044,99,90,9,9
15045,96,93,3,3
15046,41,57,-16,16
15047,157,145,12,12
15048,104,81,23,23
15049,65,75,-10,10
15050,103,109,-6,6
15051,118,110,8,8
15052,99,99,0,0
15053,126,107,19,19
15054,106,101,5,5
15055,55,78,-23,23
15056,75,73,2,2
15057,69,72,-3,3
15058,107,110,-3,3
15059,122,132,-10,10
15060,63,62,1,1
15061,107,94,13,13
15062,96,112,-16,16
15063,62,72,-10,10
15064,72,75,-3,3
15065,152,130,22,22
15066,65,73,-8,8
15067,78,74,4,4
15068,115,121,-6,6
15069,113,94,19,19
15070,113,88,25,25
15071,105,100,5,5
15072,116,121,-5,5
15073,158,150,8,8
15074,57,57,0,0
15075,141,146,-5,5
15076,82,89,-7,7
15077,106,103,3,3
15078,96,89,7,7
15079,104,107,-3,3
15080,98,102,-4,4
15081,83,94,-11,11
15082,138,127,11,11
15083,148,144,4,4
15084,71,89,-18,18
15085,90,102,-12,12
15086,134,117,17,17
15087,129,120,9,9
15088,127,126,1,1
15089,77,74,3,3
15090,69,71,-2,2
15091,102,110,-8,8
15092,69,69,0,0
15093,65,64,1,1
15094,102,116,-14,14
15095,56,70,-14,14
15096,123,108,15,15
15097,73,65,8,8
15098,61,75,-14,14
15099,102,107,-5,5
15100,98,97,1,1
15101,80,77,3,3
15102,85,82,3,3
15103,61,65,-4,4
15104,127,128,-1,1
15105,68,63,5,5
15106,127,118,9,9
15107,71,63,8,8
15108,71,63,8,8
15109,149,139,10,10
15110,91,89,2,2
15111,98,104,-6,6
15112,51,52,-1,1
15113,90,92,-2,2
15114,105,126,-21,21
15115,84,79,5,5
15116,98,87,11,11
15117,188,191,-3,3
15118,57,48,9,9
15119,135,103,32,32
15120,107,94,13,13
15121,166,149,17,17
15122,102,97,5,5
15123,162,139,23,23
15124,74,68,6,6
15125,81,90,-9,9
15126,58,64,-6,6
15127,93,81,12,12
15128,67,84,-17,17
15129,136,145,-9,9
15130,122,115,7,7
15131,114,132,-18,18
15132,66,65,1,1
15133,121,115,6,6
15134,82,90,-8,8
15135,110,97,13,13
15136,63,65,-2,2
15137,108,107,1,1
15138,77,82,-5,5
15139,86,79,7,7
15140,74,65,9,9
15141,101,104,-3,3
15142,114,120,-6,6
15143,105,91,14,14
15144,106,110,-4,4
15145,83,79,4,4
15146,169,160,9,9
15147,71,71,0,0
15148,87,94,-7,7
15149,67,74,-7,7
15150,86,115,-29,29
15151,244,200,44,44
15152,96,91,5,5
15153,136,127,9,9
15154,64,61,3,3
15155,131,123,8,8
15156,142,158,-16,16
15157,63,71,-8,8
15158,56,63,-7,7
15159,65,56,9,9
15160,116,123,-7,7
15161,57,44,13,13
15162,109,116,-7,7
15163,114,123,-9,9
15164,68,69,-1,1
15165,114,115,-1,1
15166,64,75,-11,11
15167,112,130,-18,18
15168,47,52,-5,5
15169,66,68,-2,2
15170,81,81,0,0
15171,127,119,8,8
15172,109,105,4,4
15173,72,67,5,5
15174,94,99,-5,5
15175,46,51,-5,5
15176,113,97,16,16
15177,70,65,5,5
15178,80,88,-8,8
15179,64,56,8,8
15180,113,106,7,7
15181,56,58,-2,2
15182,112,99,13,13
15183,50,55,-5,5
15184,101,90,11,11
15185,173,163,10,10
15186,57,64,-7,7
15187,104,102,2,2
15188,90,87,3,3
15189,76,77,-1,1
15190,94,97,-3,3
15191,105,140,-35,35
15192,121,133,-12,12
15193,126,141,-15,15
15194,127,116,11,11
15195,116,112,4,4
15196,88,79,9,9
15197,62,81,-19,19
15198,190,182,8,8
15199,91,115,-24,24
15200,68,81,-13,13
15201,102,87,15,15
15202,150,134,16,16
15203,85,97,-12,12
15204,45,56,-11,11
15205,106,111,-5,5
15206,64,60,4,4
15207,152,158,-6,6
15208,124,131,-7,7
15209,77,94,-17,17
15210,80,93,-13,13
15211,68,57,11,11
15212,131,136,-5,5
15213,141,130,11,11
15214,138,112,26,26
15215,139,173,-34,34
15216,54,56,-2,2
15217,81,95,-14,14
15218,131,138,-7,7
15219,105,110,-5,5
15220,88,78,10,10
15221,97,91,6,6
15222,132,137,-5,5
15223,80,93,-13,13
15224,83,80,3,3
15225,56,72,-16,16
15226,68,84,-16,16
15227,88,80,8,8
15228,101,105,-4,4
15229,123,109,14,14
15230,123,132,-9,9
15231,56,70,-14,14
15232,139,140,-1,1
15233,102,100,2,2
15234,53,57,-4,4
15235,145,135,10,10
15236,94,98,-4,4
15237,126,127,-1,1
15238,92,84,8,8
15239,82,90,-8,8
15240,74,72,2,2
15241,165,128,37,37
15242,99,99,0,0
15243,139,144,-5,5
15244,84,69,15,15
15245,85,80,5,5
15246,63,89,-26,26
15247,174,149,25,25
15248,127,102,25,25
15249,93,107,-14,14
15250,106,104,2,2
15251,108,138,-30,30
15252,93,93,0,0
15253,98,81,17,17
15254,91,93,-2,2
15255,68,64,4,4
15256,98,104,-6,6
15257,264,268,-4,4
15258,105,100,5,5
15259,71,73,-2,2
15260,57,54,3,3
15261,99,93,6,6
15262,87,76,11,11
15263,109,106,3,3
15264,132,129,3,3
15265,66,69,-3,3
15266,99,100,-1,1
15267,70,65,5,5
15268,111,104,7,7
15269,124,109,15,15
15270,53,58,-5,5
15271,113,98,15,15
15272,69,59,10,10
15273,69,72,-3,3
15274,80,89,-9,9
15275,87,81,6,6
15276,117,103,14,14
15277,105,94,11,11
15278,64,54,10,10
15279,41,42,-1,1
15280,60,57,3,3
15281,93,89,4,4
15282,74,64,10,10
15283,100,89,11,11
15284,75,73,2,2
15285,117,98,19,19
15286,129,130,-1,1
15287,145,146,-1,1
15288,102,104,-2,2
15289,147,134,13,13
15290,55,59,-4,4
15291,91,90,1,1
15292,46,57,-11,11
15293,211,180,31,31
15294,125,131,-6,6
15295,76,69,7,7
15296,84,80,4,4
15297,104,99,5,5
15298,62,66,-4,4
15299,77,82,-5,5
15300,100,95,5,5
15301,83,87,-4,4
15302,90,96,-6,6
15303,181,166,15,15
15304,132,141,-9,9
15305,88,91,-3,3
15306,85,83,2,2
15307,69,78,-9,9
15308,59,55,4,4
15309,42,36,6,6
15310,138,134,4,4
15311,75,85,-10,10
15312,116,136,-20,20
15313,76,94,-18,18
15314,85,91,-6,6
15315,60,73,-13,13
15316,101,113,-12,12
15317,117,114,3,3
15318,73,76,-3,3
15319,65,86,-21,21
15320,136,129,7,7
15321,40,64,-24,24
15322,61,57,4,4
15323,138,135,3,3
15324,55,52,3,3
15325,87,76,11,11
15326,60,57,3,3
15327,42,42,0,0
15328,184,183,1,1
15329,136,142,-6,6
15330,46,79,-33,33
15331,157,130,27,27
15332,99,101,-2,2
15333,64,65,-1,1
15334,95,86,9,9
15335,138,135,3,3
15336,63,68,-5,5
15337,72,64,8,8
15338,52,57,-5,5
15339,90,94,-4,4
15340,78,103,-25,25
15341,97,106,-9,9
15342,118,106,12,12
15343,89,88,1,1
15344,55,75,-20,20
15345,109,108,1,1
15346,64,70,-6,6
15347,103,97,6,6
15348,96,88,8,8
15349,101,98,3,3
15350,130,118,12,12
15351,67,72,-5,5
15352,65,64,1,1
15353,80,81,-1,1
15354,90,93,-3,3
15355,86,87,-1,1
15356,62,77,-15,15
15357,162,136,26,26
15358,107,118,-11,11
15359,42,38,4,4
15360,104,109,-5,5
15361,125,122,3,3
15362,93,96,-3,3
15363,163,174,-11,11
15364,42,58,-16,16
15365,127,122,5,5
15366,94,102,-8,8
15367,88,98,-10,10
15368,147,150,-3,3
15369,155,135,20,20
15370,107,101,6,6
15371,65,64,1,1
15372,94,108,-14,14
15373,77,80,-3,3
15374,128,130,-2,2
15375,70,68,2,2
15376,51,72,-21,21
15377,101,98,3,3
15378,108,96,12,12
15379,169,166,3,3
15380,56,57,-1,1
15381,114,113,1,1
15382,129,136,-7,7
15383,98,88,10,10
15384,62,77,-15,15
15385,52,54,-2,2
15386,125,115,10,10
15387,123,112,11,11
15388,107,106,1,1
15389,100,111,-11,11
15390,153,162,-9,9
15391,81,79,2,2
15392,82,95,-13,13
15393,97,100,-3,3
15394,28,36,-8,8
15395,123,135,-12,12
15396,66,80,-14,14
15397,91,85,6,6
15398,95,95,0,0
15399,66,68,-2,2
15400,105,104,1,1
15401,64,71,-7,7
15402,106,109,-3,3
15403,136,128,8,8
15404,87,85,2,2
15405,71,64,7,7
15406,116,117,-1,1
15407,88,101,-13,13
15408,53,53,0,0
15409,126,116,10,10
15410,144,137,7,7
15411,74,78,-4,4
15412,63,72,-9,9
15413,72,70,2,2
15414,73,63,10,10
15415,76,86,-10,10
15416,88,77,11,11
15417,78,83,-5,5
15418,103,104,-1,1
15419,76,64,12,12
15420,41,75,-34,34
15421,231,195,36,36
15422,134,151,-17,17
15423,126,111,15,15
15424,138,124,14,14
15425,103,107,-4,4
15426,90,99,-9,9
15427,73,84,-11,11
15428,63,87,-24,24
15429,81,95,-14,14
15430,120,90,30,30
15431,92,103,-11,11
15432,100,96,4,4
15433,51,60,-9,9
15434,116,121,-5,5
15435,97,101,-4,4
15436,87,88,-1,1
15437,138,122,16,16
15438,52,61,-9,9
15439,36,35,1,1
15440,167,148,19,19
15441,80,94,-14,14
15442,117,114,3,3
15443,91,83,8,8
15444,163,134,29,29
15445,112,128,-16,16
15446,75,76,-1,1
15447,119,124,-5,5
15448,61,60,1,1
15449,71,65,6,6
15450,117,107,10,10
15451,115,118,-3,3
15452,99,99,0,0
15453,125,129,-4,4
15454,100,97,3,3
15455,153,151,2,2
15456,146,145,1,1
15457,157,139,18,18
15458,104,115,-11,11
15459,130,124,6,6
15460,137,133,4,4
15461,105,114,-9,9
15462,101,95,6,6
15463,110,106,4,4
15464,97,86,11,11
15465,87,71,16,16
15466,107,101,6,6
15467,87,96,-9,9
15468,90,63,27,27
15469,90,91,-1,1
15470,118,118,0,0
15471,57,62,-5,5
15472,108,117,-9,9
15473,51,53,-2,2
15474,56,93,-37,37
15475,53,75,-22,22
15476,55,70,-15,15
15477,68,77,-9,9
15478,61,69,-8,8
15479,142,160,-18,18
15480,83,61,22,22
15481,56,63,-7,7
15482,60,68,-8,8
15483,59,69,-10,10
15484,119,126,-7,7
15485,60,64,-4,4
15486,60,70,-10,10
15487,106,103,3,3
15488,78,88,-10,10
15489,83,82,1,1
15490,63,63,0,0
15491,147,121,26,26
15492,182,165,17,17
15493,129,130,-1,1
15494,97,107,-10,10
15495,115,121,-6,6
15496,105,106,-1,1
15497,102,108,-6,6
15498,127,128,-1,1
15499,157,149,8,8
15500,84,77,7,7
15501,152,136,16,16
15502,74,92,-18,18
15503,79,74,5,5
15504,123,127,-4,4
15505,135,151,-16,16
15506,82,82,0,0
15507,111,103,8,8
15508,62,89,-27,27
15509,59,63,-4,4
15510,77,82,-5,5
15511,63,62,1,1
15512,81,79,2,2
15513,56,47,9,9
15514,69,84,-15,15
15515,65,78,-13,13
15516,82,84,-2,2
15517,91,96,-5,5
15518,190,163,27,27
15519,185,167,18,18
15520,131,117,14,14
15521,65,68,-3,3
15522,158,134,24,24
15523,144,142,2,2
15524,73,81,-8,8
15525,80,86,-6,6
15526,152,140,12,12
15527,62,63,-1,1
15528,64,74,-10,10
15529,65,64,1,1
15530,146,131,15,15
15531,124,107,17,17
15532,108,106,2,2
15533,131,126,5,5
15534,107,109,-2,2
15535,104,99,5,5
15536,78,72,6,6
15537,115,127,-12,12
15538,159,149,10,10
15539,103,117,-14,14
15540,101,101,0,0
15541,63,54,9,9
15542,160,161,-1,1
15543,61,82,-21,21
15544,60,44,16,16
15545,130,130,0,0
15546,96,101,-5,5
15547,84,94,-10,10
15548,93,94,-1,1
15549,110,107,3,3
15550,66,63,3,3
15551,77,76,1,1
15552,103,95,8,8
15553,78,77,1,1
15554,147,151,-4,4
15555,87,105,-18,18
15556,84,74,10,10
15557,83,85,-2,2
15558,69,73,-4,4
15559,180,188,-8,8
15560,140,126,14,14
15561,57,56,1,1
15562,120,119,1,1
15563,62,63,-1,1
15564,79,88,-9,9
15565,127,130,-3,3
15566,64,78,-14,14
15567,81,75,6,6
15568,100,106,-6,6
15569,118,124,-6,6
15570,85,88,-3,3
15571,77,94,-17,17
15572,104,101,3,3
15573,72,67,5,5
15574,101,97,4,4
15575,95,95,0,0
15576,98,96,2,2
15577,62,59,3,3
15578,98,92,6,6
15579,113,119,-6,6
15580,62,72,-10,10
15581,52,54,-2,2
15582,112,93,19,19
15583,80,77,3,3
15584,106,117,-11,11
15585,63,69,-6,6
15586,49,62,-13,13
15587,72,74,-2,2
15588,117,93,24,24
15589,116,107,9,9
15590,94,93,1,1
15591,95,100,-5,5
15592,83,89,-6,6
15593,119,117,2,2
15594,106,117,-11,11
15595,92,88,4,4
15596,70,83,-13,13
15597,133,122,11,11
15598,64,58,6,6
15599,169,145,24,24
15600,93,87,6,6
15601,102,113,-11,11
15602,87,85,2,2
15603,71,74,-3,3
15604,62,71,-9,9
15605,59,54,5,5
15606,85,84,1,1
15607,72,70,2,2
15608,50,63,-13,13
15609,92,91,1,1
15610,127,121,6,6
15611,57,60,-3,3
15612,107,98,9,9
15613,65,54,11,11
15614,82,88,-6,6
15615,81,79,2,2
15616,98,102,-4,4
15617,82,73,9,9
15618,110,140,-30,30
15619,166,157,9,9
15620,107,100,7,7
15621,50,66,-16,16
15622,148,130,18,18
15623,70,60,10,10
15624,100,88,12,12
15625,108,113,-5,5
15626,113,122,-9,9
15627,53,61,-8,8
15628,126,122,4,4
15629,72,71,1,1
15630,197,185,12,12
15631,47,50,-3,3
15632,89,80,9,9
15633,143,119,24,24
15634,119,114,5,5
15635,76,81,-5,5
15636,73,77,-4,4
15637,68,70,-2,2
15638,111,104,7,7
15639,121,107,14,14
15640,92,101,-9,9
15641,113,110,3,3
15642,98,105,-7,7
15643,152,156,-4,4
15644,80,80,0,0
15645,82,83,-1,1
15646,128,118,10,10
15647,49,55,-6,6
15648,128,133,-5,5
15649,63,72,-9,9
15650,52,54,-2,2
15651,89,81,8,8
15652,68,51,17,17
15653,109,111,-2,2
15654,83,79,4,4
15655,97,94,3,3
15656,73,74,-1,1
15657,75,83,-8,8
15658,127,115,12,12
15659,52,77,-25,25
15660,69,62,7,7
15661,152,161,-9,9
15662,87,89,-2,2
15663,130,103,27,27
15664,72,74,-2,2
15665,114,118,-4,4
15666,75,67,8,8
15667,136,118,18,18
15668,77,81,-4,4
15669,88,93,-5,5
15670,64,66,-2,2
15671,90,91,-1,1
15672,174,167,7,7
15673,57,75,-18,18
15674,56,65,-9,9
15675,78,70,8,8
15676,81,76,5,5
15677,67,56,11,11
15678,123,103,20,20
15679,146,138,8,8
15680,123,124,-1,1
15681,98,108,-10,10
15682,61,105,-44,44
15683,109,102,7,7
15684,76,78,-2,2
15685,121,128,-7,7
15686,81,83,-2,2
15687,38,53,-15,15
15688,70,62,8,8
15689,83,76,7,7
15690,100,91,9,9
15691,79,97,-18,18
15692,98,95,3,3
15693,79,69,10,10
15694,196,153,43,43
15695,137,136,1,1
15696,67,75,-8,8
15697,87,89,-2,2
15698,79,76,3,3
15699,84,85,-1,1
15700,104,120,-16,16
15701,105,111,-6,6
15702,113,104,9,9
15703,54,85,-31,31
15704,77,66,11,11
15705,124,107,17,17
15706,103,109,-6,6
15707,175,154,21,21
15708,67,68,-1,1
15709,86,95,-9,9
15710,65,69,-4,4
15711,74,70,4,4
15712,85,44,41,41
15713,77,81,-4,4
15714,94,103,-9,9
15715,163,139,24,24
15716,107,116,-9,9
15717,126,124,2,2
15718,97,102,-5,5
15719,80,72,8,8
15720,150,151,-1,1
15721,67,76,-9,9
15722,120,101,19,19
15723,86,100,-14,14
15724,80,83,-3,3
15725,79,75,4,4
15726,98,90,8,8
15727,100,104,-4,4
15728,105,109,-4,4
15729,140,147,-7,7
15730,110,94,16,16
15731,101,89,12,12
15732,50,51,-1,1
15733,132,117,15,15
15734,160,157,3,3
15735,119,104,15,15
15736,94,89,5,5
15737,83,82,1,1
15738,92,87,5,5
15739,76,64,12,12
15740,103,108,-5,5
15741,93,93,0,0
15742,67,65,2,2
15743,104,105,-1,1
15744,123,124,-1,1
15745,90,83,7,7
15746,75,78,-3,3
15747,120,116,4,4
15748,66,58,8,8
15749,106,101,5,5
15750,120,114,6,6
15751,98,79,19,19
15752,105,101,4,4
15753,97,95,2,2
15754,101,88,13,13
15755,80,91,-11,11
15756,87,90,-3,3
15757,68,74,-6,6
15758,160,155,5,5
15759,77,93,-16,16
15760,65,66,-1,1
15761,90,89,1,1
15762,34,33,1,1
15763,90,100,-10,10
15764,83,78,5,5
15765,47,45,2,2
15766,47,60,-13,13
15767,106,117,-11,11
15768,63,65,-2,2
15769,96,100,-4,4
15770,108,107,1,1
15771,85,85,0,0
15772,157,136,21,21
15773,90,49,41,41
15774,116,114,2,2
15775,132,135,-3,3
15776,123,106,17,17
15777,118,109,9,9
15778,45,51,-6,6
15779,60,55,5,5
15780,179,138,41,41
15781,111,110,1,1
15782,118,123,-5,5
15783,87,102,-15,15
15784,51,63,-12,12
15785,37,44,-7,7
15786,91,96,-5,5
15787,69,78,-9,9
15788,130,122,8,8
15789,102,118,-16,16
15790,93,98,-5,5
15791,129,130,-1,1
15792,54,50,4,4
15793,70,64,6,6
15794,125,114,11,11
15795,59,59,0,0
15796,46,49,-3,3
15797,64,70,-6,6
15798,113,99,14,14
15799,110,94,16,16
15800,46,65,-19,19
15801,134,150,-16,16
15802,71,89,-18,18
15803,143,135,8,8
15804,63,61,2,2
15805,120,139,-19,19
15806,86,84,2,2
15807,74,90,-16,16
15808,118,124,-6,6
15809,61,76,-15,15
15810,65,60,5,5
15811,136,121,15,15
15812,85,82,3,3
15813,105,84,21,21
15814,146,144,2,2
15815,98,116,-18,18
15816,30,81,-51,51
15817,76,74,2,2
15818,148,146,2,2
15819,126,92,34,34
15820,121,115,6,6
15821,173,138,35,35
15822,68,81,-13,13
15823,100,97,3,3
15824,109,113,-4,4
15825,73,86,-13,13
15826,97,100,-3,3
15827,92,92,0,0
15828,97,88,9,9
15829,88,91,-3,3
15830,159,139,20,20
15831,104,107,-3,3
15832,65,61,4,4
15833,84,74,10,10
15834,82,77,5,5
15835,100,108,-8,8
15836,105,102,3,3
15837,70,87,-17,17
15838,77,68,9,9
15839,111,110,1,1
15840,96,86,10,10
15841,98,112,-14,14
15842,89,93,-4,4
15843,62,87,-25,25
15844,144,148,-4,4
15845,134,128,6,6
15846,96,98,-2,2
15847,64,81,-17,17
15848,74,70,4,4
15849,113,107,6,6
15850,125,155,-30,30
15851,122,109,13,13
15852,66,70,-4,4
15853,46,51,-5,5
15854,115,121,-6,6
15855,59,92,-33,33
15856,76,72,4,4
15857,97,95,2,2
15858,125,116,9,9
15859,138,105,33,33
15860,24,31,-7,7
15861,34,52,-18,18
15862,77,72,5,5
15863,112,120,-8,8
15864,123,125,-2,2
15865,88,87,1,1
15866,130,113,17,17
15867,108,94,14,14
15868,52,70,-18,18
15869,112,123,-11,11
15870,41,37,4,4
15871,68,75,-7,7
15872,111,110,1,1
15873,97,96,1,1
15874,73,82,-9,9
15875,75,72,3,3
15876,79,86,-7,7
15877,62,61,1,1
15878,75,94,-19,19
15879,128,136,-8,8
15880,113,111,2,2
15881,49,66,-17,17
15882,65,61,4,4
15883,64,65,-1,1
15884,97,113,-16,16
15885,117,115,2,2
15886,62,62,0,0
15887,75,100,-25,25
15888,80,91,-11,11
15889,63,72,-9,9
15890,50,59,-9,9
15891,112,107,5,5
15892,129,131,-2,2
15893,78,73,5,5
15894,102,109,-7,7
15895,101,100,1,1
15896,67,62,5,5
15897,49,57,-8,8
15898,184,172,12,12
15899,81,75,6,6
15900,70,71,-1,1
15901,95,84,11,11
15902,111,99,12,12
15903,141,124,17,17
15904,105,128,-23,23
15905,54,59,-5,5
15906,78,88,-10,10
15907,155,143,12,12
15908,134,128,6,6
15909,88,79,9,9
15910,66,71,-5,5
15911,64,66,-2,2
15912,60,63,-3,3
15913,94,93,1,1
15914,103,87,16,16
15915,146,150,-4,4
15916,74,91,-17,17
15917,73,68,5,5
15918,62,62,0,0
15919,103,102,1,1
15920,126,121,5,5
15921,96,86,10,10
15922,160,143,17,17
15923,118,122,-4,4
15924,128,121,7,7
15925,191,170,21,21
15926,123,118,5,5
15927,107,103,4,4
15928,55,51,4,4
15929,47,40,7,7
15930,55,48,7,7
15931,58,56,2,2
15932,107,105,2,2
15933,76,71,5,5
15934,96,92,4,4
15935,57,59,-2,2
15936,110,120,-10,10
15937,79,71,8,8
15938,65,63,2,2
15939,123,113,10,10
15940,61,53,8,8
15941,65,70,-5,5
15942,113,112,1,1
15943,49,49,0,0
15944,82,98,-16,16
15945,98,100,-2,2
15946,75,75,0,0
15947,112,125,-13,13
15948,113,110,3,3
15949,94,96,-2,2
15950,58,51,7,7
15951,64,81,-17,17
15952,105,114,-9,9
15953,101,101,0,0
15954,68,67,1,1
15955,101,97,4,4
15956,52,46,6,6
15957,70,63,7,7
15958,97,115,-18,18
15959,117,108,9,9
15960,68,83,-15,15
15961,127,102,25,25
15962,69,73,-4,4
15963,90,92,-2,2
15964,40,32,8,8
15965,114,111,3,3
15966,98,104,-6,6
15967,66,70,-4,4
15968,67,94,-27,27
15969,190,182,8,8
15970,104,96,8,8
15971,74,73,1,1
15972,69,54,15,15
15973,86,97,-11,11
15974,102,87,15,15
15975,122,117,5,5
15976,142,145,-3,3
15977,103,85,18,18
15978,164,157,7,7
15979,110,129,-19,19
15980,64,70,-6,6
15981,74,73,1,1
15982,61,60,1,1
15983,63,68,-5,5
15984,100,89,11,11
15985,107,119,-12,12
15986,102,100,2,2
15987,31,48,-17,17
15988,147,134,13,13
15989,60,62,-2,2
15990,86,77,9,9
15991,114,129,-15,15
15992,103,117,-14,14
15993,75,90,-15,15
15994,95,99,-4,4
15995,87,73,14,14
15996,99,84,15,15
15997,114,114,0,0
15998,76,83,-7,7
15999,120,128,-8,8
16000,90,89,1,1
16001,64,69,-5,5
16002,113,114,-1,1
16003,66,67,-1,1
16004,123,109,14,14
16005,132,110,22,22
16006,124,104,20,20
16007,56,57,-1,1
16008,125,132,-7,7
16009,101,111,-10,10
16010,89,83,6,6
16011,57,77,-20,20
16012,98,97,1,1
16013,101,98,3,3
16014,82,97,-15,15
16015,128,122,6,6
16016,56,59,-3,3
16017,162,159,3,3
16018,84,95,-11,11
16019,79,78,1,1
16020,53,50,3,3
16021,55,55,0,0
16022,62,68,-6,6
16023,73,78,-5,5
16024,42,47,-5,5
16025,127,127,0,0
16026,52,70,-18,18
16027,121,126,-5,5
16028,75,93,-18,18
16029,89,83,6,6
16030,64,65,-1,1
16031,36,27,9,9
16032,89,77,12,12
16033,72,71,1,1
16034,148,151,-3,3
16035,106,106,0,0
16036,158,159,-1,1
16037,131,131,0,0
16038,130,125,5,5
16039,77,75,2,2
16040,136,119,17,17
16041,102,98,4,4
16042,86,84,2,2
16043,89,81,8,8
16044,101,99,2,2
16045,99,95,4,4
16046,100,93,7,7
16047,69,77,-8,8
16048,92,84,8,8
16049,69,71,-2,2
16050,128,111,17,17
16051,151,143,8,8
16052,39,35,4,4
16053,44,59,-15,15
16054,74,105,-31,31
16055,82,71,11,11
16056,140,131,9,9
16057,120,116,4,4
16058,79,68,11,11
16059,89,90,-1,1
16060,158,165,-7,7
16061,105,121,-16,16
16062,113,122,-9,9
16063,58,72,-14,14
16064,95,87,8,8
16065,82,85,-3,3
16066,140,134,6,6
16067,66,77,-11,11
16068,94,97,-3,3
16069,116,120,-4,4
16070,70,87,-17,17
16071,90,96,-6,6
16072,73,95,-22,22
16073,62,104,-42,42
16074,55,57,-2,2
16075,87,92,-5,5
16076,97,100,-3,3
16077,75,74,1,1
16078,113,117,-4,4
16079,148,124,24,24
16080,144,165,-21,21
16081,64,58,6,6
16082,117,96,21,21
16083,89,82,7,7
16084,106,100,6,6
16085,130,115,15,15
16086,91,96,-5,5
16087,52,73,-21,21
16088,54,60,-6,6
16089,117,101,16,16
16090,127,131,-4,4
16091,104,95,9,9
16092,122,106,16,16
16093,67,71,-4,4
16094,73,90,-17,17
16095,84,95,-11,11
16096,63,62,1,1
16097,199,172,27,27
16098,138,152,-14,14
16099,85,83,2,2
16100,112,114,-2,2
16101,100,101,-1,1
16102,184,179,5,5
16103,90,82,8,8
16104,55,61,-6,6
16105,142,126,16,16
16106,124,128,-4,4
16107,83,96,-13,13
16108,79,95,-16,16
16109,52,59,-7,7
16110,92,92,0,0
16111,71,66,5,5
16112,47,41,6,6
16113,83,102,-19,19
16114,68,65,3,3
16115,65,71,-6,6
16116,99,87,12,12
16117,114,129,-15,15
16118,98,105,-7,7
16119,84,111,-27,27
16120,181,140,41,41
16121,51,47,4,4
16122,95,78,17,17
16123,77,78,-1,1
16124,70,72,-2,2
16125,103,95,8,8
16126,106,103,3,3
16127,70,86,-16,16
16128,92,88,4,4
16129,104,111,-7,7
16130,49,47,2,2
16131,62,76,-14,14
16132,52,69,-17,17
16133,88,91,-3,3
16134,84,72,12,12
16135,80,82,-2,2
16136,55,62,-7,7
16137,84,80,4,4
16138,158,143,15,15
16139,76,65,11,11
16140,58,62,-4,4
16141,94,87,7,7
16142,44,43,1,1
16143,96,94,2,2
16144,134,127,7,7
16145,124,123,1,1
16146,137,128,9,9
16147,139,116,23,23
16148,40,61,-21,21
16149,64,56,8,8
16150,100,92,8,8
16151,90,93,-3,3
16152,88,86,2,2
16153,80,75,5,5
16154,67,72,-5,5
16155,96,101,-5,5
16156,74,70,4,4
16157,80,68,12,12
16158,54,61,-7,7
16159,133,109,24,24
16160,71,69,2,2
16161,151,132,19,19
16162,150,143,7,7
16163,107,104,3,3
16164,104,109,-5,5
16165,96,90,6,6
16166,164,177,-13,13
16167,61,72,-11,11
16168,95,90,5,5
16169,120,106,14,14
16170,107,107,0,0
16171,116,102,14,14
16172,89,82,7,7
16173,42,48,-6,6
16174,74,71,3,3
16175,100,105,-5,5
16176,66,65,1,1
16177,105,107,-2,2
16178,108,87,21,21
16179,144,151,-7,7
16180,118,122,-4,4
16181,82,74,8,8
16182,164,156,8,8
16183,125,124,1,1
16184,68,60,8,8
16185,102,99,3,3
16186,109,112,-3,3
16187,111,95,16,16
16188,115,95,20,20
16189,58,63,-5,5
16190,109,107,2,2
16191,90,85,5,5
16192,99,93,6,6
16193,124,142,-18,18
16194,147,125,22,22
16195,67,60,7,7
16196,89,92,-3,3
16197,77,65,12,12
16198,106,140,-34,34
16199,78,73,5,5
16200,58,62,-4,4
16201,119,103,16,16
16202,74,84,-10,10
16203,80,86,-6,6
16204,143,136,7,7
16205,160,155,5,5
16206,117,105,12,12
16207,79,70,9,9
16208,103,101,2,2
16209,88,75,13,13
16210,74,87,-13,13
16211,96,103,-7,7
16212,94,121,-27,27
16213,66,73,-7,7
16214,43,54,-11,11
16215,137,132,5,5
16216,89,80,9,9
16217,95,96,-1,1
16218,172,167,5,5
16219,37,41,-4,4
16220,75,87,-12,12
16221,112,112,0,0
16222,98,96,2,2
16223,137,140,-3,3
16224,122,106,16,16
16225,55,62,-7,7
16226,65,57,8,8
16227,105,118,-13,13
16228,67,80,-13,13
16229,115,97,18,18
16230,35,52,-17,17
16231,95,93,2,2
16232,62,55,7,7
16233,60,59,1,1
16234,142,111,31,31
16235,74,80,-6,6
16236,100,91,9,9
16237,179,155,24,24
16238,173,144,29,29
16239,161,149,12,12
16240,76,84,-8,8
16241,79,83,-4,4
16242,116,106,10,10
16243,58,69,-11,11
16244,83,62,21,21
16245,48,55,-7,7
16246,74,71,3,3
16247,57,53,4,4
16248,84,73,11,11
16249,114,100,14,14
16250,72,69,3,3
16251,96,106,-10,10
16252,113,146,-33,33
16253,105,96,9,9
16254,149,135,14,14
16255,62,71,-9,9
16256,72,63,9,9
16257,77,67,10,10
16258,152,133,19,19
16259,94,91,3,3
16260,115,108,7,7
16261,56,67,-11,11
16262,65,68,-3,3
16263,111,102,9,9
16264,73,86,-13,13
16265,75,80,-5,5
16266,90,83,7,7
16267,121,115,6,6
16268,111,95,16,16
16269,179,161,18,18
16270,136,130,6,6
16271,111,114,-3,3
16272,35,48,-13,13
16273,90,97,-7,7
16274,58,54,4,4
16275,172,158,14,14
16276,77,71,6,6
16277,81,82,-1,1
16278,31,58,-27,27
16279,87,87,0,0
16280,63,72,-9,9
16281,114,106,8,8
16282,96,89,7,7
16283,83,87,-4,4
16284,117,131,-14,14
16285,121,111,10,10
16286,89,88,1,1
16287,106,121,-15,15
16288,108,96,12,12
16289,121,119,2,2
16290,160,132,28,28
16291,110,108,2,2
16292,87,82,5,5
16293,107,99,8,8
16294,117,128,-11,11
16295,74,79,-5,5
16296,96,96,0,0
16297,133,128,5,5
16298,81,99,-18,18
16299,81,82,-1,1
16300,76,84,-8,8
16301,57,61,-4,4
16302,131,131,0,0
16303,91,92,-1,1
16304,39,37,2,2
16305,119,112,7,7
16306,138,120,18,18
16307,105,115,-10,10
16308,77,76,1,1
16309,132,137,-5,5
16310,58,55,3,3
16311,42,42,0,0
16312,67,72,-5,5
16313,54,61,-7,7
16314,74,74,0,0
16315,95,99,-4,4
16316,73,81,-8,8
16317,75,96,-21,21
16318,58,66,-8,8
16319,112,107,5,5
16320,114,106,8,8
16321,118,115,3,3
16322,63,65,-2,2
16323,59,79,-20,20
16324,56,51,5,5
16325,66,63,3,3
16326,64,66,-2,2
16327,100,88,12,12
16328,97,94,3,3
16329,155,135,20,20
16330,93,92,1,1
16331,123,121,2,2
16332,89,67,22,22
16333,76,92,-16,16
16334,178,173,5,5
16335,67,64,3,3
16336,112,108,4,4
16337,105,102,3,3
16338,95,92,3,3
16339,81,76,5,5
16340,67,84,-17,17
16341,79,51,28,28
16342,117,120,-3,3
16343,72,83,-11,11
16344,103,98,5,5
16345,109,104,5,5
16346,59,60,-1,1
16347,101,99,2,2
16348,112,112,0,0
16349,158,139,19,19
16350,119,123,-4,4
16351,92,99,-7,7
16352,38,51,-13,13
16353,66,69,-3,3
16354,69,88,-19,19
16355,51,55,-4,4
16356,200,165,35,35
16357,93,83,10,10
16358,97,99,-2,2
16359,171,159,12,12
16360,65,70,-5,5
16361,102,99,3,3
16362,72,68,4,4
16363,55,57,-2,2
16364,118,96,22,22
16365,86,77,9,9
16366,135,120,15,15
16367,78,57,21,21
16368,115,117,-2,2
16369,140,152,-12,12
16370,61,64,-3,3
16371,48,69,-21,21
16372,78,78,0,0
16373,195,187,8,8
16374,48,61,-13,13
16375,71,59,12,12
16376,126,114,12,12
16377,207,181,26,26
16378,111,103,8,8
16379,75,86,-11,11
16380,106,96,10,10
16381,84,82,2,2
16382,140,129,11,11
16383,77,94,-17,17
16384,88,95,-7,7
16385,63,68,-5,5
16386,146,127,19,19
16387,43,56,-13,13
16388,87,94,-7,7
16389,63,70,-7,7
16390,92,103,-11,11
16391,64,68,-4,4
16392,107,106,1,1
16393,114,105,9,9
16394,76,80,-4,4
16395,108,108,0,0
16396,61,65,-4,4
16397,157,150,7,7
16398,161,155,6,6
16399,81,78,3,3
16400,42,62,-20,20
16401,120,85,35,35
16402,118,110,8,8
16403,99,97,2,2
16404,78,86,-8,8
16405,39,41,-2,2
16406,62,63,-1,1
16407,93,84,9,9
16408,51,67,-16,16
16409,63,91,-28,28
16410,131,139,-8,8
16411,117,102,15,15
16412,96,95,1,1
16413,158,141,17,17
16414,88,99,-11,11
16415,77,83,-6,6
16416,84,87,-3,3
16417,123,131,-8,8
16418,84,74,10,10
16419,122,128,-6,6
16420,88,103,-15,15
16421,73,67,6,6
16422,198,193,5,5
16423,87,81,6,6
16424,76,84,-8,8
16425,85,87,-2,2
16426,86,98,-12,12
16427,161,160,1,1
16428,132,105,27,27
16429,65,53,12,12
16430,65,56,9,9
16431,155,142,13,13
16432,94,101,-7,7
16433,91,88,3,3
16434,94,110,-16,16
16435,132,128,4,4
16436,74,84,-10,10
16437,134,136,-2,2
16438,186,176,10,10
16439,117,101,16,16
16440,128,120,8,8
16441,49,63,-14,14
16442,52,55,-3,3
16443,54,60,-6,6
16444,49,58,-9,9
16445,61,70,-9,9
16446,87,88,-1,1
16447,121,127,-6,6
16448,110,109,1,1
16449,29,30,-1,1
16450,75,89,-14,14
16451,119,130,-11,11
16452,100,90,10,10
16453,73,95,-22,22
16454,71,82,-11,11
16455,61,85,-24,24
16456,91,112,-21,21
16457,68,77,-9,9
16458,79,85,-6,6
16459,141,140,1,1
16460,89,95,-6,6
16461,132,127,5,5
16462,110,111,-1,1
16463,70,68,2,2
16464,49,51,-2,2
16465,99,100,-1,1
16466,60,62,-2,2
16467,94,99,-5,5
16468,89,87,2,2
16469,149,131,18,18
16470,78,78,0,0
16471,133,129,4,4
16472,134,138,-4,4
16473,65,88,-23,23
16474,117,99,18,18
16475,96,93,3,3
16476,130,106,24,24
16477,138,119,19,19
16478,85,83,2,2
16479,128,136,-8,8
16480,84,76,8,8
16481,127,115,12,12
16482,67,74,-7,7
16483,149,157,-8,8
16484,77,84,-7,7
16485,91,87,4,4
16486,137,128,9,9
16487,142,136,6,6
16488,68,76,-8,8
16489,129,135,-6,6
16490,120,116,4,4
16491,38,50,-12,12
16492,109,104,5,5
16493,101,92,9,9
16494,66,111,-45,45
16495,61,62,-1,1
16496,107,109,-2,2
16497,112,99,13,13
16498,114,130,-16,16
16499,96,100,-4,4
16500,136,136,0,0
16501,60,62,-2,2
16502,108,98,10,10
16503,109,112,-3,3
16504,98,96,2,2
16505,53,60,-7,7
16506,68,59,9,9
16507,114,108,6,6
16508,181,163,18,18
16509,121,111,10,10
16510,67,61,6,6
16511,78,55,23,23
16512,74,67,7,7
16513,47,62,-15,15
16514,113,118,-5,5
16515,41,62,-21,21
16516,57,57,0,0
16517,68,54,14,14
16518,88,88,0,0
16519,76,96,-20,20
16520,96,95,1,1
16521,45,52,-7,7
16522,119,111,8,8
16523,104,107,-3,3
16524,111,109,2,2
16525,62,62,0,0
16526,94,87,7,7
16527,86,85,1,1
16528,78,89,-11,11
16529,132,117,15,15
16530,105,115,-10,10
16531,141,124,17,17
16532,59,62,-3,3
16533,205,176,29,29
16534,91,89,2,2
16535,87,102,-15,15
16536,87,82,5,5
16537,102,77,25,25
16538,94,82,12,12
16539,77,83,-6,6
16540,61,66,-5,5
16541,152,127,25,25
16542,85,87,-2,2
16543,120,117,3,3
16544,83,94,-11,11
16545,135,126,9,9
16546,52,64,-12,12
16547,79,83,-4,4
16548,50,83,-33,33
16549,152,133,19,19
16550,80,74,6,6
16551,83,87,-4,4
16552,163,167,-4,4
16553,75,87,-12,12
16554,72,79,-7,7
16555,93,88,5,5
16556,118,105,13,13
16557,84,81,3,3
16558,72,74,-2,2
16559,75,72,3,3
16560,79,74,5,5
16561,84,87,-3,3
16562,88,92,-4,4
16563,99,100,-1,1
16564,59,54,5,5
16565,112,103,9,9
16566,128,119,9,9
16567,115,110,5,5
16568,101,116,-15,15
16569,60,60,0,0
16570,80,87,-7,7
16571,134,137,-3,3
16572,72,96,-24,24
16573,160,149,11,11
16574,123,117,6,6
16575,111,106,5,5
16576,61,69,-8,8
16577,68,62,6,6
16578,131,133,-2,2
16579,135,123,12,12
16580,217,197,20,20
16581,56,45,11,11
16582,86,96,-10,10
16583,104,99,5,5
16584,87,93,-6,6
16585,76,80,-4,4
16586,137,119,18,18
16587,86,81,5,5
16588,53,61,-8,8
16589,82,91,-9,9
16590,52,49,3,3
16591,85,76,9,9
16592,110,101,9,9
16593,58,52,6,6
16594,103,108,-5,5
16595,40,40,0,0
16596,70,57,13,13
16597,50,48,2,2
16598,69,76,-7,7
16599,108,109,-1,1
16600,82,66,16,16
16601,138,133,5,5
16602,103,106,-3,3
16603,119,107,12,12
16604,111,102,9,9
16605,154,132,22,22
16606,131,115,16,16
16607,67,66,1,1
16608,76,65,11,11
16609,104,100,4,4
16610,134,117,17,17
16611,41,53,-12,12
16612,54,48,6,6
16613,116,103,13,13
16614,58,51,7,7
16615,74,81,-7,7
16616,101,99,2,2
16617,62,55,7,7
16618,141,140,1,1
16619,93,87,6,6
16620,98,95,3,3
16621,88,110,-22,22
16622,33,42,-9,9
16623,115,138,-23,23
16624,86,87,-1,1
16625,156,126,30,30
16626,66,65,1,1
16627,93,93,0,0
16628,61,71,-10,10
16629,128,124,4,4
16630,161,149,12,12
16631,51,53,-2,2
16632,59,61,-2,2
16633,97,99,-2,2
16634,157,137,20,20
16635,91,100,-9,9
16636,67,52,15,15
16637,90,93,-3,3
16638,82,77,5,5
16639,104,103,1,1
16640,96,88,8,8
16641,122,133,-11,11
16642,86,83,3,3
16643,126,139,-13,13
16644,87,83,4,4
16645,77,82,-5,5
16646,117,116,1,1
16647,144,129,15,15
16648,86,78,8,8
16649,61,63,-2,2
16650,79,94,-15,15
16651,96,94,2,2
16652,89,107,-18,18
16653,89,93,-4,4
16654,110,110,0,0
16655,87,73,14,14
16656,39,66,-27,27
16657,98,91,7,7
16658,151,146,5,5
16659,89,94,-5,5
16660,67,64,3,3
16661,71,78,-7,7
16662,119,113,6,6
16663,86,93,-7,7
16664,147,125,22,22
16665,51,47,4,4
16666,83,103,-20,20
16667,83,95,-12,12
16668,54,64,-10,10
16669,138,123,15,15
16670,64,63,1,1
16671,80,85,-5,5
16672,58,44,14,14
16673,92,83,9,9
16674,56,80,-24,24
16675,114,122,-8,8
16676,58,65,-7,7
16677,51,51,0,0
16678,111,103,8,8
16679,66,75,-9,9
16680,64,73,-9,9
16681,99,104,-5,5
16682,73,71,2,2
16683,110,99,11,11
16684,99,100,-1,1
16685,92,91,1,1
16686,57,52,5,5
16687,138,133,5,5
16688,156,155,1,1
16689,113,107,6,6
16690,37,44,-7,7
16691,119,104,15,15
16692,109,106,3,3
16693,137,134,3,3
16694,187,146,41,41
16695,77,80,-3,3
16696,78,73,5,5
16697,89,95,-6,6
16698,144,143,1,1
16699,111,107,4,4
16700,46,56,-10,10
16701,119,109,10,10
16702,89,76,13,13
16703,85,104,-19,19
16704,155,128,27,27
16705,164,162,2,2
16706,176,168,8,8
16707,61,65,-4,4
16708,143,146,-3,3
16709,66,48,18,18
16710,138,132,6,6
16711,107,111,-4,4
16712,80,81,-1,1
16713,95,102,-7,7
16714,94,112,-18,18
16715,90,93,-3,3
16716,65,62,3,3
16717,75,65,10,10
16718,54,58,-4,4
16719,84,85,-1,1
16720,129,123,6,6
16721,142,122,20,20
16722,96,96,0,0
16723,112,119,-7,7
16724,93,82,11,11
16725,57,71,-14,14
16726,36,69,-33,33
16727,46,49,-3,3
16728,94,100,-6,6
16729,57,59,-2,2
16730,106,108,-2,2
16731,130,124,6,6
16732,62,59,3,3
16733,89,99,-10,10
16734,137,127,10,10
16735,107,109,-2,2
16736,58,64,-6,6
16737,73,81,-8,8
16738,86,99,-13,13
16739,103,102,1,1
16740,121,121,0,0
16741,66,56,10,10
16742,87,88,-1,1
16743,59,55,4,4
16744,109,120,-11,11
16745,79,92,-13,13
16746,68,69,-1,1
16747,66,65,1,1
16748,72,65,7,7
16749,100,96,4,4
16750,102,102,0,0
16751,55,60,-5,5
16752,98,81,17,17
16753,107,105,2,2
16754,77,41,36,36
16755,76,82,-6,6
16756,65,66,-1,1
16757,134,106,28,28
16758,39,59,-20,20
16759,123,127,-4,4
16760,64,66,-2,2
16761,105,107,-2,2
16762,66,70,-4,4
16763,203,180,23,23
16764,144,120,24,24
16765,75,85,-10,10
16766,106,109,-3,3
16767,104,103,1,1
16768,73,86,-13,13
16769,83,64,19,19
16770,81,97,-16,16
16771,83,80,3,3
16772,100,103,-3,3
16773,103,89,14,14
16774,76,69,7,7
16775,66,57,9,9
16776,72,68,4,4
16777,87,104,-17,17
16778,81,102,-21,21
16779,109,98,11,11
16780,103,99,4,4
16781,112,117,-5,5
16782,170,165,5,5
16783,89,78,11,11
16784,73,78,-5,5
16785,59,59,0,0
16786,135,133,2,2
16787,61,65,-4,4
16788,78,82,-4,4
16789,125,110,15,15
16790,64,77,-13,13
16791,54,59,-5,5
16792,119,112,7,7
16793,92,102,-10,10
16794,117,104,13,13
16795,88,81,7,7
16796,99,103,-4,4
16797,48,54,-6,6
16798,123,130,-7,7
16799,113,106,7,7
16800,98,96,2,2
16801,66,62,4,4
16802,82,76,6,6
16803,38,79,-41,41
16804,86,85,1,1
16805,135,138,-3,3
16806,140,141,-1,1
16807,73,78,-5,5
16808,95,97,-2,2
16809,40,44,-4,4
16810,67,92,-25,25
16811,160,152,8,8
16812,121,108,13,13
16813,104,93,11,11
16814,98,97,1,1
16815,125,108,17,17
16816,119,99,20,20
16817,109,109,0,0
16818,73,76,-3,3
16819,212,199,13,13
16820,81,72,9,9
16821,104,96,8,8
16822,44,59,-15,15
16823,82,78,4,4
16824,181,178,3,3
16825,50,46,4,4
16826,90,97,-7,7
16827,87,93,-6,6
16828,76,88,-12,12
16829,211,195,16,16
16830,104,89,15,15
16831,114,106,8,8
16832,143,149,-6,6
16833,142,143,-1,1
16834,153,164,-11,11
16835,60,71,-11,11
16836,60,76,-16,16
16837,111,97,14,14
16838,143,151,-8,8
16839,76,77,-1,1
16840,73,68,5,5
16841,76,77,-1,1
16842,75,71,4,4
16843,58,63,-5,5
16844,57,47,10,10
16845,112,100,12,12
16846,151,136,15,15
16847,51,57,-6,6
16848,64,61,3,3
16849,80,89,-9,9
16850,89,91,-2,2
16851,155,150,5,5
16852,97,98,-1,1
16853,82,84,-2,2
16854,122,110,12,12
16855,110,108,2,2
16856,91,96,-5,5
16857,27,67,-40,40
16858,55,53,2,2
16859,107,106,1,1
16860,61,61,0,0
16861,67,87,-20,20
16862,111,112,-1,1
16863,95,100,-5,5
16864,129,126,3,3
16865,165,170,-5,5
16866,139,137,2,2
16867,97,134,-37,37
16868,88,83,5,5
16869,64,69,-5,5
16870,83,80,3,3
16871,118,112,6,6
16872,81,82,-1,1
16873,78,70,8,8
16874,164,161,3,3
16875,60,80,-20,20
16876,23,34,-11,11
16877,60,55,5,5
16878,58,73,-15,15
16879,102,108,-6,6
16880,100,101,-1,1
16881,103,101,2,2
16882,98,87,11,11
16883,136,135,1,1
16884,110,104,6,6
16885,95,99,-4,4
16886,113,113,0,0
16887,143,152,-9,9
16888,141,134,7,7
16889,117,116,1,1
16890,63,75,-12,12
16891,83,72,11,11
16892,52,54,-2,2
16893,95,101,-6,6
16894,85,115,-30,30
16895,75,90,-15,15
16896,137,136,1,1
16897,81,80,1,1
16898,55,46,9,9
16899,128,119,9,9
16900,135,126,9,9
16901,107,100,7,7
16902,68,68,0,0
16903,95,93,2,2
16904,131,119,12,12
16905,106,103,3,3
16906,84,104,-20,20
16907,120,119,1,1
16908,69,66,3,3
16909,93,92,1,1
16910,100,94,6,6
16911,152,133,19,19
16912,139,137,2,2
16913,109,96,13,13
16914,122,107,15,15
16915,70,73,-3,3
16916,89,84,5,5
16917,81,78,3,3
16918,59,57,2,2
16919,74,92,-18,18
16920,121,110,11,11
16921,88,88,0,0
16922,72,91,-19,19
16923,107,107,0,0
16924,47,45,2,2
16925,105,105,0,0
16926,61,69,-8,8
16927,116,109,7,7
16928,110,102,8,8
16929,63,60,3,3
16930,121,118,3,3
16931,52,51,1,1
16932,92,64,28,28
16933,102,102,0,0
16934,86,89,-3,3
16935,171,180,-9,9
16936,97,110,-13,13
16937,105,98,7,7
16938,127,130,-3,3
16939,84,100,-16,16
16940,99,84,15,15
16941,65,68,-3,3
16942,86,78,8,8
16943,107,97,10,10
16944,84,78,6,6
16945,136,115,21,21
16946,82,79,3,3
16947,52,57,-5,5
16948,103,106,-3,3
16949,102,104,-2,2
16950,126,129,-3,3
16951,185,154,31,31
16952,143,136,7,7
16953,48,61,-13,13
16954,142,140,2,2
16955,58,66,-8,8
16956,164,162,2,2
16957,95,86,9,9
16958,191,171,20,20
16959,115,115,0,0
16960,58,67,-9,9
16961,121,123,-2,2
16962,101,107,-6,6
16963,79,85,-6,6
16964,84,87,-3,3
16965,69,63,6,6
16966,153,138,15,15
16967,67,71,-4,4
16968,69,82,-13,13
16969,71,83,-12,12
16970,94,85,9,9
16971,110,112,-2,2
16972,105,100,5,5
16973,88,96,-8,8
16974,93,97,-4,4
16975,70,71,-1,1
16976,65,67,-2,2
16977,62,68,-6,6
16978,120,112,8,8
16979,55,34,21,21
16980,73,76,-3,3
16981,102,102,0,0
16982,71,71,0,0
16983,111,141,-30,30
16984,156,153,3,3
16985,89,98,-9,9
16986,67,64,3,3
16987,71,82,-11,11
16988,71,70,1,1
16989,108,105,3,3
16990,72,73,-1,1
16991,80,89,-9,9
16992,104,83,21,21
16993,111,103,8,8
16994,58,63,-5,5
16995,68,62,6,6
16996,92,85,7,7
16997,161,153,8,8
16998,107,105,2,2
16999,66,74,-8,8
17000,76,85,-9,9
17001,105,97,8,8
17002,140,133,7,7
17003,77,78,-1,1
17004,70,71,-1,1
17005,133,122,11,11
17006,50,55,-5,5
17007,66,63,3,3
17008,60,67,-7,7
17009,72,71,1,1
17010,123,123,0,0
17011,88,91,-3,3
17012,110,114,-4,4
17013,94,92,2,2
17014,88,97,-9,9
17015,82,72,10,10
17016,107,115,-8,8
17017,69,62,7,7
17018,85,84,1,1
17019,81,91,-10,10
17020,57,53,4,4
17021,124,107,17,17
17022,126,126,0,0
17023,59,38,21,21
17024,78,80,-2,2
17025,112,118,-6,6
17026,87,91,-4,4
17027,101,100,1,1
17028,101,102,-1,1
17029,150,146,4,4
17030,135,126,9,9
17031,146,132,14,14
17032,61,68,-7,7
17033,103,98,5,5
17034,134,114,20,20
17035,68,73,-5,5
17036,84,79,5,5
17037,59,63,-4,4
17038,115,116,-1,1
17039,98,80,18,18
17040,118,142,-24,24
17041,97,101,-4,4
17042,94,101,-7,7
17043,143,126,17,17
17044,119,117,2,2
17045,82,100,-18,18
17046,86,96,-10,10
17047,79,93,-14,14
17048,178,164,14,14
17049,151,140,11,11
17050,133,129,4,4
17051,71,74,-3,3
17052,56,59,-3,3
17053,61,67,-6,6
17054,69,84,-15,15
17055,95,103,-8,8
17056,98,91,7,7
17057,88,95,-7,7
17058,86,90,-4,4
17059,79,83,-4,4
17060,77,85,-8,8
17061,88,107,-19,19
17062,110,107,3,3
17063,138,134,4,4
17064,98,103,-5,5
17065,99,94,5,5
17066,73,80,-7,7
17067,143,130,13,13
17068,44,42,2,2
17069,136,117,19,19
17070,150,143,7,7
17071,125,119,6,6
17072,134,121,13,13
17073,93,101,-8,8
17074,107,108,-1,1
17075,38,46,-8,8
17076,133,160,-27,27
17077,151,148,3,3
17078,104,107,-3,3
17079,83,72,11,11
17080,124,119,5,5
17081,161,157,4,4
17082,72,71,1,1
17083,77,76,1,1
17084,111,107,4,4
17085,107,106,1,1
17086,107,110,-3,3
17087,98,105,-7,7
17088,168,163,5,5
17089,100,85,15,15
17090,70,67,3,3
17091,68,68,0,0
17092,74,64,10,10
17093,129,122,7,7
17094,121,131,-10,10
17095,69,73,-4,4
17096,121,126,-5,5
17097,103,98,5,5
17098,187,181,6,6
17099,61,61,0,0
17100,81,75,6,6
17101,117,128,-11,11
17102,46,74,-28,28
17103,77,76,1,1
17104,85,94,-9,9
17105,47,51,-4,4
17106,81,74,7,7
17107,99,85,14,14
17108,152,157,-5,5
17109,58,62,-4,4
17110,45,47,-2,2
17111,87,93,-6,6
17112,100,74,26,26
17113,41,37,4,4
17114,184,152,32,32
17115,72,73,-1,1
17116,38,52,-14,14
17117,79,102,-23,23
17118,98,82,16,16
17119,71,70,1,1
17120,62,68,-6,6
17121,90,75,15,15
17122,97,93,4,4
17123,52,54,-2,2
17124,74,58,16,16
17125,154,150,4,4
17126,99,90,9,9
17127,44,34,10,10
17128,85,81,4,4
17129,128,137,-9,9
17130,128,113,15,15
17131,78,86,-8,8
17132,62,69,-7,7
17133,112,134,-22,22
17134,63,64,-1,1
17135,88,90,-2,2
17136,51,49,2,2
17137,129,116,13,13
17138,65,57,8,8
17139,56,61,-5,5
17140,102,98,4,4
17141,87,86,1,1
17142,129,130,-1,1
17143,61,65,-4,4
17144,79,74,5,5
17145,57,74,-17,17
17146,171,167,4,4
17147,90,100,-10,10
17148,96,85,11,11
17149,91,93,-2,2
17150,47,56,-9,9
17151,87,91,-4,4
17152,86,96,-10,10
17153,133,140,-7,7
17154,133,131,2,2
17155,89,93,-4,4
17156,64,52,12,12
17157,54,55,-1,1
17158,99,121,-22,22
17159,91,94,-3,3
17160,76,83,-7,7
17161,75,74,1,1
17162,72,64,8,8
17163,107,119,-12,12
17164,39,38,1,1
17165,99,89,10,10
17166,121,108,13,13
17167,89,85,4,4
17168,132,136,-4,4
17169,108,116,-8,8
17170,84,70,14,14
17171,104,102,2,2
17172,68,66,2,2
17173,55,51,4,4
17174,74,76,-2,2
17175,85,84,1,1
17176,63,58,5,5
17177,77,83,-6,6
17178,103,103,0,0
17179,66,63,3,3
17180,77,65,12,12
17181,112,101,11,11
17182,127,144,-17,17
17183,100,107,-7,7
17184,59,68,-9,9
17185,111,99,12,12
17186,29,40,-11,11
17187,77,72,5,5
17188,98,101,-3,3
17189,108,99,9,9
17190,196,184,12,12
17191,79,73,6,6
17192,150,146,4,4
17193,99,91,8,8
17194,73,67,6,6
17195,75,74,1,1
17196,62,95,-33,33
17197,77,83,-6,6
17198,100,96,4,4
17199,139,123,16,16
17200,80,72,8,8
17201,151,127,24,24
17202,125,131,-6,6
17203,70,75,-5,5
17204,141,126,15,15
17205,76,85,-9,9
17206,74,78,-4,4
17207,108,101,7,7
17208,146,116,30,30
17209,65,63,2,2
17210,92,106,-14,14
17211,98,100,-2,2
17212,112,108,4,4
17213,155,127,28,28
17214,109,97,12,12
17215,127,135,-8,8
17216,40,65,-25,25
17217,106,125,-19,19
17218,106,124,-18,18
17219,68,83,-15,15
17220,73,70,3,3
17221,69,63,6,6
17222,93,92,1,1
17223,95,92,3,3
17224,99,105,-6,6
17225,108,102,6,6
17226,77,82,-5,5
17227,76,71,5,5
17228,102,96,6,6
17229,117,100,17,17
17230,88,83,5,5
17231,82,86,-4,4
17232,99,89,10,10
17233,147,141,6,6
17234,66,63,3,3
17235,79,67,12,12
17236,62,62,0,0
17237,175,158,17,17
17238,101,106,-5,5
17239,64,67,-3,3
17240,74,76,-2,2
17241,72,85,-13,13
17242,64,67,-3,3
17243,73,74,-1,1
17244,48,55,-7,7
17245,186,151,35,35
17246,100,125,-25,25
17247,120,117,3,3
17248,53,59,-6,6
17249,120,115,5,5
17250,98,114,-16,16
17251,34,38,-4,4
17252,97,107,-10,10
17253,118,121,-3,3
17254,128,112,16,16
17255,90,80,10,10
17256,63,79,-16,16
17257,160,154,6,6
17258,177,145,32,32
17259,185,173,12,12
17260,104,104,0,0
17261,68,63,5,5
17262,119,115,4,4
17263,110,98,12,12
17264,67,68,-1,1
17265,56,70,-14,14
17266,160,139,21,21
17267,103,111,-8,8
17268,68,59,9,9
17269,112,124,-12,12
17270,75,69,6,6
17271,101,108,-7,7
17272,89,105,-16,16
17273,57,83,-26,26
17274,65,63,2,2
17275,95,100,-5,5
17276,93,93,0,0
17277,100,91,9,9
17278,127,117,10,10
17279,105,96,9,9
17280,58,49,9,9
17281,70,76,-6,6
17282,146,138,8,8
17283,90,92,-2,2
17284,75,68,7,7
17285,92,98,-6,6
17286,122,122,0,0
17287,77,77,0,0
17288,50,47,3,3
17289,69,76,-7,7
17290,36,48,-12,12
17291,97,85,12,12
17292,81,80,1,1
17293,127,130,-3,3
17294,142,149,-7,7
17295,98,107,-9,9
17296,91,75,16,16
17297,84,109,-25,25
17298,94,111,-17,17
17299,71,81,-10,10
17300,87,74,13,13
17301,109,108,1,1
17302,58,52,6,6
17303,63,76,-13,13
17304,65,60,5,5
17305,45,44,1,1
17306,87,70,17,17
17307,64,69,-5,5
17308,82,81,1,1
17309,156,132,24,24
17310,138,125,13,13
17311,76,78,-2,2
17312,134,126,8,8
17313,115,108,7,7
17314,92,98,-6,6
17315,126,120,6,6
17316,103,113,-10,10
17317,56,50,6,6
17318,125,125,0,0
17319,108,100,8,8
17320,69,70,-1,1
17321,151,134,17,17
17322,88,102,-14,14
17323,101,95,6,6
17324,165,158,7,7
17325,151,121,30,30
17326,82,89,-7,7
17327,65,59,6,6
17328,93,96,-3,3
17329,102,99,3,3
17330,71,70,1,1
17331,66,72,-6,6
17332,101,104,-3,3
17333,109,99,10,10
17334,67,62,5,5
17335,150,149,1,1
17336,71,37,34,34
17337,93,99,-6,6
17338,106,113,-7,7
17339,127,122,5,5
17340,167,159,8,8
17341,67,70,-3,3
17342,137,129,8,8
17343,90,93,-3,3
17344,48,60,-12,12
17345,79,72,7,7
17346,72,85,-13,13
17347,139,130,9,9
17348,81,83,-2,2
17349,124,111,13,13
17350,114,105,9,9
17351,75,91,-16,16
17352,73,73,0,0
17353,90,78,12,12
17354,156,158,-2,2
17355,107,97,10,10
17356,88,91,-3,3
17357,135,148,-13,13
17358,120,115,5,5
17359,55,75,-20,20
17360,58,58,0,0
17361,104,114,-10,10
17362,53,45,8,8
17363,65,52,13,13
17364,71,65,6,6
17365,36,60,-24,24
17366,135,126,9,9
17367,159,146,13,13
17368,118,101,17,17
17369,93,117,-24,24
17370,91,86,5,5
17371,66,79,-13,13
17372,68,67,1,1
17373,81,77,4,4
17374,138,147,-9,9
17375,68,75,-7,7
17376,128,129,-1,1
17377,97,108,-11,11
17378,83,92,-9,9
17379,194,190,4,4
17380,63,64,-1,1
17381,68,58,10,10
17382,68,71,-3,3
17383,89,93,-4,4
17384,103,97,6,6
17385,113,130,-17,17
17386,95,93,2,2
17387,93,86,7,7
17388,68,64,4,4
17389,57,54,3,3
17390,58,67,-9,9
17391,174,149,25,25
17392,71,70,1,1
17393,106,93,13,13
17394,63,68,-5,5
17395,63,52,11,11
17396,126,120,6,6
17397,104,105,-1,1
17398,83,91,-8,8
17399,80,83,-3,3
17400,175,145,30,30
17401,77,102,-25,25
17402,146,135,11,11
17403,78,79,-1,1
17404,114,98,16,16
17405,86,103,-17,17
17406,149,132,17,17
17407,170,161,9,9
17408,121,113,8,8
17409,61,59,2,2
17410,64,56,8,8
17411,67,64,3,3
17412,99,104,-5,5
17413,185,168,17,17
17414,56,68,-12,12
17415,99,104,-5,5
17416,75,80,-5,5
17417,85,79,6,6
17418,92,95,-3,3
17419,91,85,6,6
17420,80,75,5,5
17421,56,64,-8,8
17422,80,71,9,9
17423,135,142,-7,7
17424,98,131,-33,33
17425,150,158,-8,8
17426,53,71,-18,18
17427,106,105,1,1
17428,74,73,1,1
17429,196,176,20,20
17430,88,81,7,7
17431,47,46,1,1
17432,101,122,-21,21
17433,110,106,4,4
17434,116,120,-4,4
17435,96,111,-15,15
17436,65,59,6,6
17437,55,50,5,5
17438,140,134,6,6
17439,94,87,7,7
17440,89,81,8,8
17441,101,83,18,18
17442,80,66,14,14
17443,112,112,0,0
17444,106,119,-13,13
17445,103,118,-15,15
17446,60,61,-1,1
17447,95,119,-24,24
17448,87,99,-12,12
17449,45,44,1,1
17450,92,86,6,6
17451,108,102,6,6
17452,98,87,11,11
17453,62,68,-6,6
17454,107,103,4,4
17455,74,77,-3,3
17456,137,125,12,12
17457,75,81,-6,6
17458,66,64,2,2
17459,100,105,-5,5
17460,129,144,-15,15
17461,79,91,-12,12
17462,111,105,6,6
17463,88,95,-7,7
17464,63,69,-6,6
17465,95,102,-7,7
17466,74,84,-10,10
17467,108,112,-4,4
17468,115,108,7,7
17469,96,103,-7,7
17470,146,127,19,19
17471,178,168,10,10
17472,171,155,16,16
17473,171,183,-12,12
17474,151,162,-11,11
17475,90,89,1,1
17476,94,88,6,6
17477,89,71,18,18
17478,71,83,-12,12
17479,223,217,6,6
17480,66,72,-6,6
17481,116,103,13,13
17482,69,73,-4,4
17483,153,154,-1,1
17484,48,57,-9,9
17485,83,73,10,10
17486,177,157,20,20
17487,70,92,-22,22
17488,80,88,-8,8
17489,77,88,-11,11
17490,69,67,2,2
17491,81,76,5,5
17492,115,115,0,0
17493,96,99,-3,3
17494,94,89,5,5
17495,46,51,-5,5
17496,88,110,-22,22
17497,90,82,8,8
17498,89,88,1,1
17499,65,68,-3,3
17500,78,75,3,3
17501,76,77,-1,1
17502,116,108,8,8
17503,127,111,16,16
17504,146,156,-10,10
17505,89,88,1,1
17506,42,45,-3,3
17507,73,66,7,7
17508,61,63,-2,2
17509,79,80,-1,1
17510,105,103,2,2
17511,64,66,-2,2
17512,115,116,-1,1
17513,66,71,-5,5
17514,75,63,12,12
17515,82,92,-10,10
17516,46,64,-18,18
17517,106,108,-2,2
17518,74,96,-22,22
17519,58,73,-15,15
17520,89,93,-4,4
17521,76,65,11,11
17522,90,83,7,7
17523,108,109,-1,1
17524,89,103,-14,14
17525,75,68,7,7
17526,98,92,6,6
17527,87,77,10,10
17528,65,66,-1,1
17529,121,102,19,19
17530,63,71,-8,8
17531,139,145,-6,6
17532,80,92,-12,12
17533,75,59,16,16
17534,64,64,0,0
17535,48,51,-3,3
17536,115,117,-2,2
17537,82,84,-2,2
17538,120,128,-8,8
17539,141,137,4,4
17540,67,44,23,23
17541,48,68,-20,20
17542,117,115,2,2
17543,173,162,11,11
17544,74,77,-3,3
17545,53,32,21,21
17546,33,33,0,0
17547,79,89,-10,10
17548,76,70,6,6
17549,119,100,19,19
17550,139,130,9,9
17551,77,76,1,1
17552,115,125,-10,10
17553,67,70,-3,3
17554,105,95,10,10
17555,127,127,0,0
17556,84,90,-6,6
17557,106,105,1,1
17558,79,83,-4,4
17559,96,106,-10,10
17560,82,72,10,10
17561,146,143,3,3
17562,98,93,5,5
17563,116,119,-3,3
17564,42,46,-4,4
17565,82,83,-1,1
17566,71,84,-13,13
17567,103,99,4,4
17568,60,78,-18,18
17569,86,93,-7,7
17570,137,133,4,4
17571,105,90,15,15
17572,68,71,-3,3
17573,94,97,-3,3
17574,190,179,11,11
17575,61,60,1,1
17576,112,114,-2,2
17577,72,72,0,0
17578,137,122,15,15
17579,85,87,-2,2
17580,190,170,20,20
17581,145,156,-11,11
17582,100,99,1,1
17583,143,138,5,5
17584,81,68,13,13
17585,58,64,-6,6
17586,79,87,-8,8
17587,119,106,13,13
17588,63,74,-11,11
17589,106,93,13,13
17590,111,102,9,9
17591,90,83,7,7
17592,134,128,6,6
17593,129,136,-7,7
17594,67,67,0,0
17595,128,132,-4,4
17596,43,55,-12,12
17597,58,60,-2,2
17598,123,118,5,5
17599,63,57,6,6
17600,61,65,-4,4
17601,74,60,14,14
17602,117,112,5,5
17603,132,95,37,37
17604,73,55,18,18
17605,127,130,-3,3
17606,170,159,11,11
17607,101,97,4,4
17608,118,97,21,21
17609,73,76,-3,3
17610,82,88,-6,6
17611,100,100,0,0
17612,62,69,-7,7
17613,80,71,9,9
17614,50,68,-18,18
17615,68,64,4,4
17616,163,137,26,26
17617,49,50,-1,1
17618,75,72,3,3
17619,133,123,10,10
17620,115,118,-3,3
17621,102,98,4,4
17622,74,71,3,3
17623,161,145,16,16
17624,130,131,-1,1
17625,122,114,8,8
17626,109,107,2,2
17627,120,126,-6,6
17628,72,47,25,25
17629,90,96,-6,6
17630,80,87,-7,7
17631,103,118,-15,15
17632,134,125,9,9
17633,93,99,-6,6
17634,82,75,7,7
17635,184,164,20,20
17636,84,75,9,9
17637,62,51,11,11
17638,65,72,-7,7
17639,68,74,-6,6
17640,118,120,-2,2
17641,81,89,-8,8
17642,116,117,-1,1
17643,116,122,-6,6
17644,85,86,-1,1
17645,55,65,-10,10
17646,91,92,-1,1
17647,79,74,5,5
17648,24,47,-23,23
17649,155,147,8,8
17650,97,90,7,7
17651,69,85,-16,16
17652,105,105,0,0
17653,158,142,16,16
17654,129,130,-1,1
17655,115,115,0,0
17656,92,100,-8,8
17657,82,95,-13,13
17658,100,99,1,1
17659,66,62,4,4
17660,46,50,-4,4
17661,141,149,-8,8
17662,128,127,1,1
17663,101,90,11,11
17664,103,96,7,7
17665,75,70,5,5
17666,125,110,15,15
17667,50,50,0,0
17668,67,61,6,6
17669,91,92,-1,1
17670,95,95,0,0
17671,133,121,12,12
17672,124,116,8,8
17673,59,54,5,5
17674,138,148,-10,10
17675,132,124,8,8
17676,109,109,0,0
17677,72,76,-4,4
17678,84,86,-2,2
17679,107,97,10,10
17680,73,75,-2,2
17681,76,94,-18,18
17682,122,109,13,13
17683,107,116,-9,9
17684,38,48,-10,10
17685,127,122,5,5
17686,82,75,7,7
17687,189,163,26,26
17688,115,118,-3,3
17689,100,102,-2,2
17690,70,73,-3,3
17691,81,55,26,26
17692,150,157,-7,7
17693,94,99,-5,5
17694,88,91,-3,3
17695,81,83,-2,2
17696,148,151,-3,3
17697,75,89,-14,14
17698,90,88,2,2
17699,124,123,1,1
17700,46,45,1,1
17701,103,109,-6,6
17702,101,92,9,9
17703,93,94,-1,1
17704,105,113,-8,8
17705,91,91,0,0
17706,138,136,2,2
17707,85,89,-4,4
17708,102,87,15,15
17709,72,79,-7,7
17710,81,77,4,4
17711,118,115,3,3
17712,114,124,-10,10
17713,118,121,-3,3
17714,79,85,-6,6
17715,149,145,4,4
17716,74,78,-4,4
17717,46,45,1,1
17718,76,77,-1,1
17719,80,74,6,6
17720,124,143,-19,19
17721,126,129,-3,3
17722,57,55,2,2
17723,91,102,-11,11
17724,206,166,40,40
17725,122,105,17,17
17726,89,89,0,0
17727,108,115,-7,7
17728,170,150,20,20
17729,89,93,-4,4
17730,90,92,-2,2
17731,85,89,-4,4
17732,80,82,-2,2
17733,105,98,7,7
17734,84,62,22,22
17735,97,99,-2,2
17736,60,64,-4,4
17737,39,54,-15,15
17738,103,92,11,11
17739,122,128,-6,6
17740,105,101,4,4
17741,72,77,-5,5
17742,72,78,-6,6
17743,126,112,14,14
17744,113,108,5,5
17745,88,90,-2,2
17746,121,114,7,7
17747,88,93,-5,5
17748,72,68,4,4
17749,65,63,2,2
17750,74,80,-6,6
17751,112,107,5,5
17752,53,47,6,6
17753,138,130,8,8
17754,108,101,7,7
17755,65,66,-1,1
17756,72,71,1,1
17757,122,112,10,10
17758,48,48,0,0
17759,93,88,5,5
17760,124,116,8,8
17761,92,98,-6,6
17762,66,69,-3,3
17763,69,68,1,1
17764,144,157,-13,13
17765,103,98,5,5
17766,96,99,-3,3
17767,107,112,-5,5
17768,129,122,7,7
17769,60,65,-5,5
17770,72,68,4,4
17771,53,65,-12,12
17772,117,103,14,14
17773,109,110,-1,1
17774,73,71,2,2
17775,121,111,10,10
17776,193,192,1,1
17777,69,71,-2,2
17778,80,73,7,7
17779,135,109,26,26
17780,47,60,-13,13
17781,75,81,-6,6
17782,135,163,-28,28
17783,97,97,0,0
17784,76,83,-7,7
17785,108,100,8,8
17786,110,107,3,3
17787,87,92,-5,5
17788,59,59,0,0
17789,163,144,19,19
17790,80,77,3,3
17791,169,150,19,19
17792,91,104,-13,13
17793,122,111,11,11
17794,97,96,1,1
17795,63,75,-12,12
17796,139,144,-5,5
17797,76,71,5,5
17798,80,84,-4,4
17799,79,79,0,0
17800,112,105,7,7
17801,94,89,5,5
17802,103,111,-8,8
17803,53,60,-7,7
17804,70,77,-7,7
17805,156,156,0,0
17806,29,39,-10,10
17807,128,136,-8,8
17808,125,102,23,23
17809,126,112,14,14
17810,50,144,-94,94
17811,152,139,13,13
17812,195,158,37,37
17813,76,84,-8,8
17814,87,88,-1,1
17815,80,77,3,3
17816,66,68,-2,2
17817,72,78,-6,6
17818,104,117,-13,13
17819,67,60,7,7
17820,109,106,3,3
17821,146,142,4,4
17822,59,82,-23,23
17823,78,75,3,3
17824,73,70,3,3
17825,139,121,18,18
17826,103,97,6,6
17827,112,110,2,2
17828,99,81,18,18
17829,68,71,-3,3
17830,53,80,-27,27
17831,152,133,19,19
17832,55,53,2,2
17833,96,101,-5,5
17834,78,90,-12,12
17835,69,83,-14,14
17836,54,56,-2,2
17837,118,99,19,19
17838,120,101,19,19
17839,45,61,-16,16
17840,94,92,2,2
17841,141,146,-5,5
17842,81,84,-3,3
17843,85,81,4,4
17844,100,100,0,0
17845,104,110,-6,6
17846,189,165,24,24
17847,79,69,10,10
17848,98,99,-1,1
17849,53,54,-1,1
17850,139,123,16,16
17851,96,115,-19,19
17852,75,70,5,5
17853,74,77,-3,3
17854,142,143,-1,1
17855,135,150,-15,15
17856,40,43,-3,3
17857,176,157,19,19
17858,55,56,-1,1
17859,70,75,-5,5
17860,71,69,2,2
17861,55,73,-18,18
17862,168,160,8,8
17863,146,121,25,25
17864,111,112,-1,1
17865,117,101,16,16
17866,64,64,0,0
17867,106,100,6,6
17868,110,102,8,8
17869,79,85,-6,6
17870,95,94,1,1
17871,121,114,7,7
17872,129,125,4,4
17873,98,82,16,16
17874,60,56,4,4
17875,53,66,-13,13
17876,121,117,4,4
17877,112,123,-11,11
17878,54,55,-1,1
17879,76,75,1,1
17880,126,142,-16,16
17881,131,115,16,16
17882,45,59,-14,14
17883,135,134,1,1
17884,95,91,4,4
17885,80,68,12,12
17886,96,97,-1,1
17887,143,140,3,3
17888,59,59,0,0
17889,140,125,15,15
17890,73,85,-12,12
17891,109,122,-13,13
17892,116,139,-23,23
17893,42,61,-19,19
17894,44,38,6,6
17895,151,144,7,7
17896,109,110,-1,1
17897,106,84,22,22
17898,131,124,7,7
17899,139,134,5,5
17900,77,73,4,4
17901,127,126,1,1
17902,79,101,-22,22
17903,140,139,1,1
17904,63,59,4,4
17905,121,117,4,4
17906,65,61,4,4
17907,146,151,-5,5
17908,110,102,8,8
17909,101,104,-3,3
17910,35,46,-11,11
17911,105,93,12,12
17912,154,148,6,6
17913,72,77,-5,5
17914,98,101,-3,3
17915,126,135,-9,9
17916,142,148,-6,6
17917,98,113,-15,15
17918,82,95,-13,13
17919,86,107,-21,21
17920,79,69,10,10
17921,111,96,15,15
17922,74,66,8,8
17923,58,58,0,0
17924,48,73,-25,25
17925,74,67,7,7
17926,123,117,6,6
17927,40,73,-33,33
17928,80,55,25,25
17929,63,39,24,24
17930,115,112,3,3
17931,107,108,-1,1
17932,80,84,-4,4
17933,85,92,-7,7
17934,166,150,16,16
17935,71,75,-4,4
17936,56,66,-10,10
17937,48,53,-5,5
17938,96,93,3,3
17939,54,61,-7,7
17940,124,120,4,4
17941,92,99,-7,7
17942,51,58,-7,7
17943,62,64,-2,2
17944,89,90,-1,1
17945,141,136,5,5
17946,87,79,8,8
17947,75,80,-5,5
17948,81,75,6,6
17949,65,83,-18,18
17950,90,91,-1,1
17951,85,85,0,0
17952,71,79,-8,8
17953,61,66,-5,5
17954,104,107,-3,3
17955,98,110,-12,12
17956,68,60,8,8
17957,77,71,6,6
17958,90,89,1,1
17959,71,79,-8,8
17960,59,69,-10,10
17961,109,89,20,20
17962,105,104,1,1
17963,175,159,16,16
17964,83,93,-10,10
17965,139,138,1,1
17966,68,68,0,0
17967,88,88,0,0
17968,75,66,9,9
17969,104,116,-12,12
17970,126,127,-1,1
17971,91,91,0,0
17972,94,91,3,3
17973,89,97,-8,8
17974,41,47,-6,6
17975,91,114,-23,23
17976,81,94,-13,13
17977,72,71,1,1
17978,146,121,25,25
17979,80,79,1,1
17980,141,128,13,13
17981,104,101,3,3
17982,111,104,7,7
17983,115,130,-15,15
17984,67,62,5,5
17985,132,123,9,9
17986,118,117,1,1
17987,79,67,12,12
17988,67,74,-7,7
17989,158,144,14,14
17990,90,76,14,14
17991,78,72,6,6
17992,52,26,26,26
17993,67,72,-5,5
17994,57,61,-4,4
17995,93,89,4,4
17996,73,70,3,3
17997,100,106,-6,6
17998,150,120,30,30
17999,68,69,-1,1
18000,74,82,-8,8
18001,100,96,4,4
18002,92,102,-10,10
18003,101,98,3,3
18004,96,99,-3,3
18005,161,147,14,14
18006,71,77,-6,6
18007,97,97,0,0
18008,62,58,4,4
18009,70,75,-5,5
18010,106,103,3,3
18011,67,83,-16,16
18012,56,67,-11,11
18013,75,77,-2,2
18014,47,53,-6,6
18015,78,70,8,8
18016,62,53,9,9
18017,68,74,-6,6
18018,106,101,5,5
18019,125,122,3,3
18020,84,104,-20,20
18021,107,105,2,2
18022,63,72,-9,9
18023,76,85,-9,9
18024,98,92,6,6
18025,139,122,17,17
18026,94,102,-8,8
18027,142,147,-5,5
18028,121,112,9,9
18029,79,81,-2,2
18030,123,113,10,10
18031,82,92,-10,10
18032,174,172,2,2
18033,116,132,-16,16
18034,51,49,2,2
18035,157,145,12,12
18036,57,71,-14,14
18037,71,73,-2,2
18038,30,48,-18,18
18039,102,99,3,3
18040,140,123,17,17
18041,156,159,-3,3
18042,44,38,6,6
18043,157,143,14,14
18044,91,85,6,6
18045,111,107,4,4
18046,107,115,-8,8
18047,83,95,-12,12
18048,83,81,2,2
18049,103,99,4,4
18050,84,79,5,5
18051,79,77,2,2
18052,119,99,20,20
18053,66,61,5,5
18054,34,47,-13,13
18055,134,138,-4,4
18056,108,99,9,9
18057,60,63,-3,3
18058,33,49,-16,16
18059,105,117,-12,12
18060,71,83,-12,12
18061,92,107,-15,15
18062,62,64,-2,2
18063,54,62,-8,8
18064,85,83,2,2
18065,154,141,13,13
18066,109,94,15,15
18067,120,154,-34,34
18068,55,54,1,1
18069,102,111,-9,9
18070,58,54,4,4
18071,34,33,1,1
18072,91,88,3,3
18073,110,106,4,4
18074,117,110,7,7
18075,102,119,-17,17
18076,95,94,1,1
18077,38,55,-17,17
18078,88,71,17,17
18079,107,96,11,11
18080,113,120,-7,7
18081,58,70,-12,12
18082,56,64,-8,8
18083,68,79,-11,11
18084,59,65,-6,6
18085,169,164,5,5
18086,70,62,8,8
18087,117,127,-10,10
18088,84,79,5,5
18089,150,155,-5,5
18090,123,125,-2,2
18091,72,73,-1,1
18092,108,116,-8,8
18093,87,80,7,7
18094,123,135,-12,12
18095,79,91,-12,12
18096,112,122,-10,10
18097,77,75,2,2
18098,123,125,-2,2
18099,109,120,-11,11
18100,82,73,9,9
18101,57,70,-13,13
18102,120,113,7,7
18103,117,126,-9,9
18104,53,48,5,5
18105,72,84,-12,12
18106,90,81,9,9
18107,92,111,-19,19
18108,88,86,2,2
18109,55,63,-8,8
18110,62,52,10,10
18111,108,113,-5,5
18112,85,91,-6,6
18113,66,74,-8,8
18114,165,160,5,5
18115,124,145,-21,21
18116,75,87,-12,12
18117,54,50,4,4
18118,141,116,25,25
18119,67,67,0,0
18120,94,95,-1,1
18121,102,112,-10,10
18122,119,120,-1,1
18123,53,58,-5,5
18124,122,125,-3,3
18125,60,65,-5,5
18126,88,100,-12,12
18127,101,103,-2,2
18128,64,66,-2,2
18129,48,62,-14,14
18130,75,75,0,0
18131,53,53,0,0
18132,123,124,-1,1
18133,90,93,-3,3
18134,137,130,7,7
18135,95,100,-5,5
18136,88,106,-18,18
18137,106,134,-28,28
18138,155,134,21,21
18139,75,60,15,15
18140,62,69,-7,7
18141,91,83,8,8
18142,58,51,7,7
18143,51,61,-10,10
18144,120,114,6,6
18145,94,95,-1,1
18146,112,104,8,8
18147,84,107,-23,23
18148,67,81,-14,14
18149,83,80,3,3
18150,162,147,15,15
18151,122,117,5,5
18152,36,39,-3,3
18153,127,132,-5,5
18154,75,110,-35,35
18155,119,98,21,21
18156,147,156,-9,9
18157,105,100,5,5
18158,55,60,-5,5
18159,90,89,1,1
18160,57,64,-7,7
18161,100,99,1,1
18162,63,38,25,25
18163,58,60,-2,2
18164,140,127,13,13
18165,107,95,12,12
18166,71,75,-4,4
18167,145,151,-6,6
18168,64,77,-13,13
18169,94,82,12,12
18170,71,58,13,13
18171,68,83,-15,15
18172,109,102,7,7
18173,67,72,-5,5
18174,81,77,4,4
18175,101,91,10,10
18176,135,125,10,10
18177,60,54,6,6
18178,154,136,18,18
18179,131,120,11,11
18180,97,97,0,0
18181,65,66,-1,1
18182,132,119,13,13
18183,95,101,-6,6
18184,97,95,2,2
18185,122,109,13,13
18186,80,85,-5,5
18187,89,77,12,12
18188,97,80,17,17
18189,106,107,-1,1
18190,101,96,5,5
18191,116,116,0,0
18192,70,87,-17,17
18193,44,41,3,3
18194,149,151,-2,2
18195,95,104,-9,9
18196,79,78,1,1
18197,114,111,3,3
18198,77,62,15,15
18199,121,111,10,10
18200,80,86,-6,6
18201,117,114,3,3
18202,150,142,8,8
18203,85,81,4,4
18204,72,92,-20,20
18205,112,108,4,4
18206,91,87,4,4
18207,61,54,7,7
18208,126,111,15,15
18209,78,90,-12,12
18210,129,126,3,3
18211,71,72,-1,1
18212,72,86,-14,14
18213,166,159,7,7
18214,134,114,20,20
18215,36,32,4,4
18216,63,72,-9,9
18217,73,71,2,2
18218,88,93,-5,5
18219,88,95,-7,7
18220,113,114,-1,1
18221,138,131,7,7
18222,88,75,13,13
18223,127,144,-17,17
18224,216,208,8,8
18225,108,106,2,2
18226,137,137,0,0
18227,66,75,-9,9
18228,68,78,-10,10
18229,100,93,7,7
18230,50,62,-12,12
18231,130,135,-5,5
18232,100,97,3,3
18233,201,159,42,42
18234,53,48,5,5
18235,65,61,4,4
18236,60,63,-3,3
18237,177,161,16,16
18238,88,74,14,14
18239,64,63,1,1
18240,141,140,1,1
18241,87,97,-10,10
18242,144,120,24,24
18243,118,99,19,19
18244,84,92,-8,8
18245,80,87,-7,7
18246,131,130,1,1
18247,61,53,8,8
18248,93,96,-3,3
18249,78,93,-15,15
18250,58,60,-2,2
18251,99,80,19,19
18252,107,98,9,9
18253,119,120,-1,1
18254,104,115,-11,11
18255,87,97,-10,10
18256,88,83,5,5
18257,131,135,-4,4
18258,126,125,1,1
18259,125,121,4,4
18260,99,108,-9,9
18261,127,122,5,5
18262,34,67,-33,33
18263,77,67,10,10
18264,88,93,-5,5
18265,106,117,-11,11
18266,104,97,7,7
18267,78,95,-17,17
18268,78,76,2,2
18269,211,194,17,17
18270,68,41,27,27
18271,110,106,4,4
18272,86,79,7,7
18273,102,98,4,4
18274,82,74,8,8
18275,57,60,-3,3
18276,106,103,3,3
18277,52,57,-5,5
18278,60,65,-5,5
18279,78,82,-4,4
18280,66,58,8,8
18281,134,126,8,8
18282,61,65,-4,4
18283,88,91,-3,3
18284,95,92,3,3
18285,79,80,-1,1
18286,109,108,1,1
18287,74,79,-5,5
18288,82,69,13,13
18289,77,85,-8,8
18290,89,97,-8,8
18291,115,113,2,2
18292,64,70,-6,6
18293,143,132,11,11
18294,189,174,15,15
18295,27,23,4,4
18296,82,94,-12,12
18297,127,136,-9,9
18298,121,105,16,16
18299,103,105,-2,2
18300,55,69,-14,14
18301,163,139,24,24
18302,93,90,3,3
18303,95,92,3,3
18304,123,119,4,4
18305,59,58,1,1
18306,112,98,14,14
18307,76,79,-3,3
18308,77,87,-10,10
18309,62,61,1,1
18310,71,73,-2,2
18311,60,60,0,0
18312,141,151,-10,10
18313,91,100,-9,9
18314,96,84,12,12
18315,58,55,3,3
18316,93,86,7,7
18317,165,164,1,1
18318,199,186,13,13
18319,98,93,5,5
18320,152,150,2,2
18321,81,86,-5,5
18322,93,94,-1,1
18323,122,117,5,5
18324,83,90,-7,7
18325,82,80,2,2
18326,61,65,-4,4
18327,87,95,-8,8
18328,44,36,8,8
18329,90,107,-17,17
18330,50,53,-3,3
18331,122,122,0,0
18332,82,88,-6,6
18333,101,105,-4,4
18334,93,95,-2,2
18335,132,128,4,4
18336,111,120,-9,9
18337,96,77,19,19
18338,47,52,-5,5
18339,113,110,3,3
18340,182,167,15,15
18341,107,132,-25,25
18342,99,109,-10,10
18343,72,75,-3,3
18344,84,84,0,0
18345,55,59,-4,4
18346,154,162,-8,8
18347,39,48,-9,9
18348,107,101,6,6
18349,89,94,-5,5
18350,114,127,-13,13
18351,99,108,-9,9
18352,76,75,1,1
18353,61,65,-4,4
18354,112,91,21,21
18355,79,77,2,2
18356,81,86,-5,5
18357,80,80,0,0
18358,49,66,-17,17
18359,48,29,19,19
18360,113,114,-1,1
18361,91,106,-15,15
18362,76,84,-8,8
18363,144,153,-9,9
18364,67,70,-3,3
18365,81,66,15,15
18366,111,105,6,6
18367,78,81,-3,3
18368,53,50,3,3
18369,77,78,-1,1
18370,71,128,-57,57
18371,76,74,2,2
18372,65,71,-6,6
18373,90,96,-6,6
18374,165,158,7,7
18375,188,167,21,21
18376,58,167,-109,109
18377,81,80,1,1
18378,65,69,-4,4
18379,91,96,-5,5
18380,116,118,-2,2
18381,145,132,13,13
18382,111,124,-13,13
18383,146,139,7,7
18384,119,113,6,6
18385,91,100,-9,9
18386,116,109,7,7
18387,48,32,16,16
18388,107,122,-15,15
18389,63,70,-7,7
18390,120,115,5,5
18391,86,79,7,7
18392,93,96,-3,3
18393,89,92,-3,3
18394,95,104,-9,9
18395,90,94,-4,4
18396,104,109,-5,5
18397,144,130,14,14
18398,119,116,3,3
18399,82,86,-4,4
18400,61,65,-4,4
18401,93,106,-13,13
18402,142,152,-10,10
18403,73,74,-1,1
18404,133,122,11,11
18405,128,138,-10,10
18406,104,109,-5,5
18407,90,91,-1,1
18408,88,89,-1,1
18409,65,75,-10,10
18410,102,103,-1,1
18411,176,170,6,6
18412,90,89,1,1
18413,241,203,38,38
18414,115,107,8,8
18415,69,63,6,6
18416,94,93,1,1
18417,123,116,7,7
18418,96,112,-16,16
18419,90,99,-9,9
18420,59,60,-1,1
18421,76,81,-5,5
18422,72,68,4,4
18423,70,73,-3,3
18424,67,63,4,4
18425,83,89,-6,6
18426,205,168,37,37
18427,62,65,-3,3
18428,214,202,12,12
18429,79,67,12,12
18430,142,123,19,19
18431,88,79,9,9
18432,107,113,-6,6
18433,120,114,6,6
18434,108,109,-1,1
18435,102,95,7,7
18436,64,73,-9,9
18437,86,88,-2,2
18438,70,83,-13,13
18439,130,115,15,15
18440,97,85,12,12
18441,85,86,-1,1
18442,67,60,7,7
18443,142,118,24,24
18444,48,52,-4,4
18445,88,86,2,2
18446,123,128,-5,5
18447,69,75,-6,6
18448,92,92,0,0
18449,69,73,-4,4
18450,45,55,-10,10
18451,64,89,-25,25
18452,84,78,6,6
18453,131,134,-3,3
18454,78,84,-6,6
18455,32,48,-16,16
18456,85,74,11,11
18457,100,92,8,8
18458,99,83,16,16
18459,125,107,18,18
18460,91,82,9,9
18461,196,186,10,10
18462,94,119,-25,25
18463,54,40,14,14
18464,134,121,13,13
18465,168,142,26,26
18466,64,75,-11,11
18467,73,80,-7,7
18468,96,83,13,13
18469,82,50,32,32
18470,48,19,29,29
18471,65,83,-18,18
18472,121,132,-11,11
18473,102,103,-1,1
18474,69,76,-7,7
18475,92,104,-12,12
18476,79,76,3,3
18477,107,114,-7,7
18478,76,94,-18,18
18479,73,89,-16,16
18480,75,73,2,2
18481,150,152,-2,2
18482,149,134,15,15
18483,144,133,11,11
18484,113,118,-5,5
18485,62,73,-11,11
18486,108,118,-10,10
18487,103,98,5,5
18488,58,121,-63,63
18489,42,65,-23,23
18490,115,102,13,13
18491,58,98,-40,40
18492,115,103,12,12
18493,109,94,15,15
18494,51,35,16,16
18495,70,64,6,6
18496,68,97,-29,29
18497,143,129,14,14
18498,83,78,5,5
18499,116,110,6,6
18500,45,57,-12,12
18501,90,82,8,8
18502,67,66,1,1
18503,100,103,-3,3
18504,113,119,-6,6
18505,30,35,-5,5
18506,98,97,1,1
18507,67,81,-14,14
18508,53,57,-4,4
18509,105,110,-5,5
18510,123,120,3,3
18511,57,51,6,6
18512,125,104,21,21
18513,98,88,10,10
18514,111,107,4,4
18515,122,113,9,9
18516,117,110,7,7
18517,74,90,-16,16
18518,84,87,-3,3
18519,143,145,-2,2
18520,121,114,7,7
18521,121,124,-3,3
18522,99,100,-1,1
18523,103,87,16,16
18524,104,96,8,8
18525,63,62,1,1
18526,222,188,34,34
18527,113,112,1,1
18528,88,95,-7,7
18529,122,106,16,16
18530,109,114,-5,5
18531,72,65,7,7
18532,64,63,1,1
18533,144,134,10,10
18534,82,76,6,6
18535,82,91,-9,9
18536,162,158,4,4
18537,112,125,-13,13
18538,62,72,-10,10
18539,78,107,-29,29
18540,48,55,-7,7
18541,90,94,-4,4
18542,130,113,17,17
18543,70,81,-11,11
18544,141,146,-5,5
18545,138,131,7,7
18546,126,93,33,33
18547,71,64,7,7
18548,89,88,1,1
18549,138,127,11,11
18550,70,66,4,4
18551,123,96,27,27
18552,72,85,-13,13
18553,107,104,3,3
18554,58,62,-4,4
18555,90,77,13,13
18556,136,129,7,7
18557,163,153,10,10
18558,108,105,3,3
18559,83,58,25,25
18560,117,111,6,6
18561,142,138,4,4
18562,69,64,5,5
18563,100,93,7,7
18564,211,190,21,21
18565,148,140,8,8
18566,82,80,2,2
18567,86,80,6,6
18568,201,188,13,13
18569,113,122,-9,9
18570,126,120,6,6
18571,64,56,8,8
18572,98,101,-3,3
18573,51,61,-10,10
18574,93,102,-9,9
18575,60,66,-6,6
18576,82,79,3,3
18577,95,126,-31,31
18578,94,77,17,17
18579,81,81,0,0
18580,111,126,-15,15
18581,63,70,-7,7
18582,55,52,3,3
18583,142,128,14,14
18584,139,142,-3,3
18585,118,113,5,5
18586,209,193,16,16
18587,73,64,9,9
18588,103,106,-3,3
18589,118,132,-14,14
18590,124,135,-11,11
18591,79,85,-6,6
18592,124,121,3,3
18593,129,113,16,16
18594,91,86,5,5
18595,83,84,-1,1
18596,120,106,14,14
18597,91,84,7,7
18598,101,101,0,0
18599,117,119,-2,2
18600,154,146,8,8
18601,83,89,-6,6
18602,113,120,-7,7
18603,83,92,-9,9
18604,106,110,-4,4
18605,47,57,-10,10
18606,63,73,-10,10
18607,99,87,12,12
18608,47,73,-26,26
18609,111,106,5,5
18610,111,109,2,2
18611,152,148,4,4
18612,91,114,-23,23
18613,111,111,0,0
18614,103,126,-23,23
18615,80,83,-3,3
18616,133,128,5,5
18617,83,78,5,5
18618,67,63,4,4
18619,124,137,-13,13
18620,93,102,-9,9
18621,80,80,0,0
18622,64,67,-3,3
18623,74,82,-8,8
18624,92,88,4,4
18625,122,118,4,4
18626,92,112,-20,20
18627,111,119,-8,8
18628,148,139,9,9
18629,102,85,17,17
18630,101,110,-9,9
18631,89,92,-3,3
18632,94,113,-19,19
18633,78,72,6,6
18634,88,74,14,14
18635,87,95,-8,8
18636,59,44,15,15
18637,75,92,-17,17
18638,101,107,-6,6
18639,96,99,-3,3
18640,64,68,-4,4
18641,106,112,-6,6
18642,90,92,-2,2
18643,95,106,-11,11
18644,107,103,4,4
18645,95,100,-5,5
18646,78,89,-11,11
18647,124,135,-11,11
18648,142,141,1,1
18649,73,61,12,12
18650,111,109,2,2
18651,92,76,16,16
18652,205,181,24,24
18653,93,81,12,12
18654,87,102,-15,15
18655,43,37,6,6
18656,51,70,-19,19
18657,102,103,-1,1
18658,85,99,-14,14
18659,152,138,14,14
18660,69,89,-20,20
18661,47,46,1,1
18662,52,54,-2,2
18663,94,94,0,0
18664,149,136,13,13
18665,81,72,9,9
18666,96,89,7,7
18667,88,90,-2,2
18668,81,69,12,12
18669,129,120,9,9
18670,107,146,-39,39
18671,93,84,9,9
18672,90,101,-11,11
18673,72,80,-8,8
18674,82,90,-8,8
18675,73,85,-12,12
18676,102,100,2,2
18677,52,48,4,4
18678,79,88,-9,9
18679,131,125,6,6
18680,56,57,-1,1
18681,58,58,0,0
18682,66,64,2,2
18683,58,65,-7,7
18684,76,79,-3,3
18685,83,82,1,1
18686,84,81,3,3
18687,100,137,-37,37
18688,114,104,10,10
18689,112,117,-5,5
18690,104,99,5,5
18691,110,116,-6,6
18692,160,157,3,3
18693,98,94,4,4
18694,122,146,-24,24
18695,39,44,-5,5
18696,120,125,-5,5
18697,84,77,7,7
18698,64,88,-24,24
18699,87,96,-9,9
18700,102,103,-1,1
18701,87,87,0,0
18702,76,80,-4,4
18703,132,131,1,1
18704,65,58,7,7
18705,136,112,24,24
18706,87,78,9,9
18707,93,95,-2,2
18708,130,127,3,3
18709,96,88,8,8
18710,93,84,9,9
18711,67,75,-8,8
18712,116,115,1,1
18713,81,82,-1,1
18714,107,115,-8,8
18715,70,43,27,27
18716,113,104,9,9
18717,78,80,-2,2
18718,93,94,-1,1
18719,62,78,-16,16
18720,43,48,-5,5
18721,81,75,6,6
18722,85,85,0,0
18723,128,106,22,22
18724,110,106,4,4
18725,37,37,0,0
18726,66,78,-12,12
18727,56,51,5,5
18728,95,106,-11,11
18729,95,104,-9,9
18730,92,92,0,0
18731,99,100,-1,1
18732,75,90,-15,15
18733,186,153,33,33
18734,30,48,-18,18
18735,63,58,5,5
18736,60,50,10,10
18737,38,50,-12,12
18738,70,87,-17,17
18739,85,93,-8,8
18740,71,42,29,29
18741,122,127,-5,5
18742,45,23,22,22
18743,94,94,0,0
18744,133,115,18,18
18745,89,79,10,10
18746,85,87,-2,2
18747,80,90,-10,10
18748,141,134,7,7
18749,108,100,8,8
18750,39,48,-9,9
18751,85,105,-20,20
18752,99,99,0,0
18753,81,87,-6,6
18754,123,128,-5,5
18755,98,91,7,7
18756,81,86,-5,5
18757,110,110,0,0
18758,64,68,-4,4
18759,75,81,-6,6
18760,59,52,7,7
18761,66,80,-14,14
18762,81,54,27,27
18763,92,94,-2,2
18764,115,109,6,6
18765,129,124,5,5
18766,99,88,11,11
18767,72,81,-9,9
18768,91,82,9,9
18769,69,67,2,2
18770,80,69,11,11
18771,89,95,-6,6
18772,92,106,-14,14
18773,95,96,-1,1
18774,166,143,23,23
18775,61,56,5,5
18776,59,50,9,9
18777,42,42,0,0
18778,53,55,-2,2
18779,101,91,10,10
18780,90,84,6,6
18781,116,106,10,10
18782,83,85,-2,2
18783,89,91,-2,2
18784,121,124,-3,3
18785,74,37,37,37
18786,113,103,10,10
18787,85,94,-9,9
18788,137,132,5,5
18789,72,90,-18,18
18790,78,76,2,2
18791,113,116,-3,3
18792,144,114,30,30
18793,54,55,-1,1
18794,74,68,6,6
18795,72,77,-5,5
18796,73,64,9,9
18797,163,162,1,1
18798,96,97,-1,1
18799,90,89,1,1
18800,64,63,1,1
18801,61,74,-13,13
18802,79,87,-8,8
18803,118,124,-6,6
18804,70,69,1,1
18805,108,111,-3,3
18806,83,107,-24,24
18807,55,79,-24,24
18808,139,146,-7,7
18809,49,51,-2,2
18810,159,145,14,14
18811,30,13,17,17
18812,111,115,-4,4
18813,112,115,-3,3
18814,149,145,4,4
18815,104,110,-6,6
18816,166,129,37,37
18817,76,72,4,4
18818,128,139,-11,11
18819,54,56,-2,2
18820,99,90,9,9
18821,53,51,2,2
18822,98,94,4,4
18823,94,95,-1,1
18824,144,158,-14,14
18825,47,43,4,4
18826,124,122,2,2
18827,137,153,-16,16
18828,55,53,2,2
18829,79,70,9,9
18830,103,104,-1,1
18831,67,74,-7,7
18832,45,51,-6,6
18833,129,119,10,10
18834,33,49,-16,16
18835,108,101,7,7
18836,68,63,5,5
18837,165,164,1,1
18838,108,101,7,7
18839,142,126,16,16
18840,108,113,-5,5
18841,56,68,-12,12
18842,73,79,-6,6
18843,121,127,-6,6
18844,139,136,3,3
18845,124,105,19,19
18846,59,58,1,1
18847,98,124,-26,26
18848,42,48,-6,6
18849,94,105,-11,11
18850,120,109,11,11
18851,64,63,1,1
18852,52,73,-21,21
18853,193,166,27,27
18854,99,101,-2,2
18855,73,91,-18,18
18856,166,126,40,40
18857,116,110,6,6
18858,69,83,-14,14
18859,67,67,0,0
18860,81,85,-4,4
18861,112,104,8,8
18862,120,97,23,23
18863,67,58,9,9
18864,105,91,14,14
18865,146,118,28,28
18866,110,101,9,9
18867,90,93,-3,3
18868,94,88,6,6
18869,106,112,-6,6
18870,95,96,-1,1
18871,112,115,-3,3
18872,104,98,6,6
18873,60,67,-7,7
18874,93,79,14,14
18875,171,162,9,9
18876,57,26,31,31
18877,106,99,7,7
18878,83,97,-14,14
18879,65,53,12,12
18880,111,114,-3,3
18881,117,130,-13,13
18882,71,79,-8,8
18883,46,55,-9,9
18884,87,106,-19,19
18885,80,77,3,3
18886,58,54,4,4
18887,47,82,-35,35
18888,196,156,40,40
18889,100,105,-5,5
18890,122,113,9,9
18891,126,138,-12,12
18892,61,70,-9,9
18893,68,69,-1,1
18894,90,95,-5,5
18895,96,96,0,0
18896,154,156,-2,2
18897,153,152,1,1
18898,83,79,4,4
18899,130,126,4,4
18900,110,106,4,4
18901,122,112,10,10
18902,85,81,4,4
18903,55,51,4,4
18904,85,86,-1,1
18905,122,125,-3,3
18906,71,68,3,3
18907,149,126,23,23
18908,101,91,10,10
18909,81,98,-17,17
18910,95,88,7,7
18911,120,110,10,10
18912,137,142,-5,5
18913,132,145,-13,13
18914,83,73,10,10
18915,121,110,11,11
18916,121,114,7,7
18917,125,124,1,1
18918,81,91,-10,10
18919,137,124,13,13
18920,89,83,6,6
18921,113,111,2,2
18922,23,61,-38,38
18923,123,108,15,15
18924,172,145,27,27
18925,64,63,1,1
18926,122,135,-13,13
18927,67,64,3,3
18928,86,78,8,8
18929,42,47,-5,5
18930,126,125,1,1
18931,148,129,19,19
18932,81,80,1,1
18933,78,85,-7,7
18934,74,70,4,4
18935,52,64,-12,12
18936,67,63,4,4
18937,69,74,-5,5
18938,76,79,-3,3
18939,56,56,0,0
18940,103,112,-9,9
18941,86,107,-21,21
18942,67,79,-12,12
18943,74,75,-1,1
18944,61,63,-2,2
18945,42,56,-14,14
18946,106,109,-3,3
18947,59,56,3,3
18948,65,63,2,2
18949,148,149,-1,1
18950,161,163,-2,2
18951,140,128,12,12
18952,140,139,1,1
18953,70,81,-11,11
18954,157,123,34,34
18955,70,76,-6,6
18956,110,118,-8,8
18957,132,182,-50,50
18958,40,19,21,21
18959,115,107,8,8
18960,165,162,3,3
18961,46,60,-14,14
18962,108,120,-12,12
18963,145,138,7,7
18964,153,159,-6,6
18965,64,63,1,1
18966,104,96,8,8
18967,104,94,10,10
18968,103,93,10,10
18969,99,105,-6,6
18970,58,60,-2,2
18971,78,77,1,1
18972,116,111,5,5
18973,95,111,-16,16
18974,77,81,-4,4
18975,100,97,3,3
18976,147,134,13,13
18977,73,75,-2,2
18978,90,101,-11,11
18979,91,92,-1,1
18980,136,130,6,6
18981,156,139,17,17
18982,71,67,4,4
18983,65,84,-19,19
18984,82,90,-8,8
18985,116,119,-3,3
18986,134,124,10,10
18987,70,75,-5,5
18988,98,101,-3,3
18989,194,167,27,27
18990,58,66,-8,8
18991,111,170,-59,59
18992,55,54,1,1
18993,105,101,4,4
18994,85,79,6,6
18995,105,101,4,4
18996,83,93,-10,10
18997,96,98,-2,2
18998,83,77,6,6
18999,153,150,3,3
19000,81,80,1,1
19001,60,62,-2,2
19002,137,133,4,4
19003,140,122,18,18
19004,88,91,-3,3
19005,124,130,-6,6
19006,101,99,2,2
19007,84,74,10,10
19008,99,115,-16,16
19009,59,49,10,10
19010,83,102,-19,19
19011,113,118,-5,5
19012,83,92,-9,9
19013,65,71,-6,6
19014,52,59,-7,7
19015,120,117,3,3
19016,102,88,14,14
19017,50,67,-17,17
19018,134,140,-6,6
19019,90,92,-2,2
19020,79,81,-2,2
19021,78,90,-12,12
19022,122,107,15,15
19023,69,83,-14,14
19024,72,72,0,0
19025,71,70,1,1
19026,112,108,4,4
19027,111,94,17,17
19028,96,95,1,1
19029,96,99,-3,3
19030,67,75,-8,8
19031,102,114,-12,12
19032,71,84,-13,13
19033,147,141,6,6
19034,123,127,-4,4
19035,89,66,23,23
19036,72,85,-13,13
19037,81,93,-12,12
19038,61,60,1,1
19039,79,86,-7,7
19040,112,111,1,1
19041,167,167,0,0
19042,74,77,-3,3
19043,122,108,14,14
19044,78,84,-6,6
19045,64,55,9,9
19046,72,84,-12,12
19047,90,89,1,1
19048,86,80,6,6
19049,122,119,3,3
19050,70,52,18,18
19051,80,83,-3,3
19052,55,53,2,2
19053,86,84,2,2
19054,117,119,-2,2
19055,95,92,3,3
19056,88,91,-3,3
19057,123,119,4,4
19058,102,94,8,8
19059,73,62,11,11
19060,33,33,0,0
19061,133,117,16,16
19062,65,71,-6,6
19063,75,49,26,26
19064,39,45,-6,6
19065,119,118,1,1
19066,88,84,4,4
19067,110,100,10,10
19068,59,72,-13,13
19069,94,102,-8,8
19070,90,85,5,5
19071,64,75,-11,11
19072,111,111,0,0
19073,95,100,-5,5
19074,77,75,2,2
19075,60,64,-4,4
19076,151,144,7,7
19077,90,91,-1,1
19078,65,69,-4,4
19079,100,115,-15,15
19080,59,59,0,0
19081,89,90,-1,1
19082,91,96,-5,5
19083,152,145,7,7
19084,58,73,-15,15
19085,98,101,-3,3
19086,111,105,6,6
19087,94,93,1,1
19088,98,98,0,0
19089,99,97,2,2
19090,132,117,15,15
19091,99,112,-13,13
19092,163,168,-5,5
19093,105,114,-9,9
19094,109,107,2,2
19095,49,56,-7,7
19096,97,117,-20,20
19097,153,147,6,6
19098,73,95,-22,22
19099,71,78,-7,7
19100,89,87,2,2
19101,110,101,9,9
19102,73,69,4,4
19103,151,134,17,17
19104,146,151,-5,5
19105,74,71,3,3
19106,76,70,6,6
19107,57,269,-212,212
19108,96,79,17,17
19109,143,129,14,14
19110,98,78,20,20
19111,74,80,-6,6
19112,78,72,6,6
19113,139,153,-14,14
19114,81,92,-11,11
19115,74,81,-7,7
19116,81,88,-7,7
19117,149,171,-22,22
19118,59,66,-7,7
19119,92,102,-10,10
19120,88,85,3,3
19121,94,96,-2,2
19122,106,105,1,1
19123,143,136,7,7
19124,61,82,-21,21
19125,84,74,10,10
19126,107,119,-12,12
19127,129,131,-2,2
19128,80,73,7,7
19129,89,87,2,2
19130,159,153,6,6
19131,44,50,-6,6
19132,116,117,-1,1
19133,79,77,2,2
19134,82,72,10,10
19135,77,78,-1,1
19136,124,108,16,16
19137,97,100,-3,3
19138,62,71,-9,9
19139,65,72,-7,7
19140,78,91,-13,13
19141,105,100,5,5
19142,107,120,-13,13
19143,60,64,-4,4
19144,63,61,2,2
19145,71,72,-1,1
19146,122,127,-5,5
19147,76,77,-1,1
19148,137,139,-2,2
19149,89,84,5,5
19150,87,94,-7,7
19151,147,145,2,2
19152,121,145,-24,24
19153,91,78,13,13
19154,62,60,2,2
19155,77,91,-14,14
19156,95,94,1,1
19157,71,69,2,2
19158,129,136,-7,7
19159,114,115,-1,1
19160,196,187,9,9
19161,113,111,2,2
19162,122,111,11,11
19163,120,109,11,11
19164,104,118,-14,14
19165,99,101,-2,2
19166,80,85,-5,5
19167,69,74,-5,5
19168,100,113,-13,13
19169,63,73,-10,10
19170,145,128,17,17
19171,55,75,-20,20
19172,91,87,4,4
19173,148,148,0,0
19174,75,76,-1,1
19175,106,98,8,8
19176,179,148,31,31
19177,86,92,-6,6
19178,72,73,-1,1
19179,127,149,-22,22
19180,68,69,-1,1
19181,69,87,-18,18
19182,136,128,8,8
19183,91,94,-3,3
19184,102,106,-4,4
19185,128,113,15,15
19186,94,91,3,3
19187,105,99,6,6
19188,146,128,18,18
19189,72,82,-10,10
19190,105,103,2,2
19191,137,131,6,6
19192,169,166,3,3
19193,130,137,-7,7
19194,126,128,-2,2
19195,125,110,15,15
19196,102,108,-6,6
19197,74,83,-9,9
19198,74,93,-19,19
19199,97,96,1,1
19200,113,101,12,12
19201,54,52,2,2
19202,127,101,26,26
19203,73,77,-4,4
19204,145,145,0,0
19205,117,122,-5,5
19206,123,113,10,10
19207,188,150,38,38
19208,75,84,-9,9
19209,76,78,-2,2
19210,45,63,-18,18
19211,86,78,8,8
19212,74,88,-14,14
19213,103,113,-10,10
19214,140,116,24,24
19215,95,102,-7,7
19216,102,111,-9,9
19217,34,51,-17,17
19218,101,104,-3,3
19219,62,69,-7,7
19220,81,91,-10,10
19221,84,81,3,3
19222,114,120,-6,6
19223,90,78,12,12
19224,66,98,-32,32
19225,98,97,1,1
19226,68,74,-6,6
19227,115,106,9,9
19228,101,70,31,31
19229,137,125,12,12
19230,125,135,-10,10
19231,84,93,-9,9
19232,43,50,-7,7
19233,99,102,-3,3
19234,126,116,10,10
19235,97,99,-2,2
19236,105,111,-6,6
19237,74,88,-14,14
19238,108,98,10,10
19239,70,74,-4,4
19240,49,65,-16,16
19241,133,125,8,8
19242,105,104,1,1
19243,147,145,2,2
19244,98,94,4,4
19245,124,131,-7,7
19246,73,85,-12,12
19247,78,68,10,10
19248,106,107,-1,1
19249,63,65,-2,2
19250,87,85,2,2
19251,80,72,8,8
19252,101,102,-1,1
19253,80,74,6,6
19254,107,95,12,12
19255,65,70,-5,5
19256,62,59,3,3
19257,124,127,-3,3
19258,37,52,-15,15
19259,109,100,9,9
19260,48,54,-6,6
19261,152,129,23,23
19262,163,159,4,4
19263,126,115,11,11
19264,62,88,-26,26
19265,128,136,-8,8
19266,104,107,-3,3
19267,110,124,-14,14
19268,79,94,-15,15
19269,79,84,-5,5
19270,145,148,-3,3
19271,74,80,-6,6
19272,59,64,-5,5
19273,107,105,2,2
19274,88,88,0,0
19275,47,42,5,5
19276,111,108,3,3
19277,108,101,7,7
19278,133,123,10,10
19279,155,156,-1,1
19280,85,79,6,6
19281,135,136,-1,1
19282,104,95,9,9
19283,149,158,-9,9
19284,78,83,-5,5
19285,76,76,0,0
19286,96,92,4,4
19287,130,118,12,12
19288,90,85,5,5
19289,55,85,-30,30
19290,123,130,-7,7
19291,65,65,0,0
19292,69,50,19,19
19293,50,51,-1,1
19294,51,56,-5,5
19295,81,75,6,6
19296,108,126,-18,18
19297,81,89,-8,8
19298,42,41,1,1
19299,141,124,17,17
19300,66,81,-15,15
19301,103,103,0,0
19302,147,123,24,24
19303,105,82,23,23
19304,136,110,26,26
19305,58,66,-8,8
19306,108,95,13,13
19307,63,67,-4,4
19308,116,107,9,9
19309,147,143,4,4
19310,73,73,0,0
19311,92,90,2,2
19312,63,67,-4,4
19313,98,100,-2,2
19314,153,156,-3,3
19315,98,90,8,8
19316,68,75,-7,7
19317,70,61,9,9
19318,69,138,-69,69
19319,68,70,-2,2
19320,66,68,-2,2
19321,83,84,-1,1
19322,113,104,9,9
19323,123,126,-3,3
19324,39,43,-4,4
19325,127,122,5,5
19326,119,117,2,2
19327,80,70,10,10
19328,202,201,1,1
19329,71,86,-15,15
19330,49,68,-19,19
19331,73,87,-14,14
19332,90,95,-5,5
19333,86,86,0,0
19334,71,83,-12,12
19335,62,67,-5,5
19336,89,92,-3,3
19337,205,169,36,36
19338,157,145,12,12
19339,95,105,-10,10
19340,54,66,-12,12
19341,86,81,5,5
19342,105,121,-16,16
19343,51,62,-11,11
19344,56,129,-73,73
19345,142,159,-17,17
19346,151,122,29,29
19347,72,55,17,17
19348,71,84,-13,13
19349,73,71,2,2
19350,58,58,0,0
19351,175,196,-21,21
19352,132,131,1,1
19353,102,100,2,2
19354,115,106,9,9
19355,92,105,-13,13
19356,77,74,3,3
19357,113,98,15,15
19358,103,107,-4,4
19359,147,160,-13,13
19360,93,121,-28,28
19361,105,107,-2,2
19362,95,92,3,3
19363,158,144,14,14
19364,117,118,-1,1
19365,113,142,-29,29
19366,84,84,0,0
19367,64,71,-7,7
19368,98,98,0,0
19369,91,92,-1,1
19370,106,106,0,0
19371,57,68,-11,11
19372,130,123,7,7
19373,67,78,-11,11
19374,60,70,-10,10
19375,80,83,-3,3
19376,109,107,2,2
19377,56,88,-32,32
19378,61,75,-14,14
19379,162,146,16,16
19380,105,95,10,10
19381,118,116,2,2
19382,88,82,6,6
19383,61,54,7,7
19384,101,95,6,6
19385,130,125,5,5
19386,116,104,12,12
19387,66,82,-16,16
19388,67,59,8,8
19389,68,80,-12,12
19390,54,55,-1,1
19391,76,56,20,20
19392,91,92,-1,1
19393,48,48,0,0
19394,108,106,2,2
19395,50,52,-2,2
19396,121,151,-30,30
19397,55,61,-6,6
19398,99,82,17,17
19399,109,98,11,11
19400,129,127,2,2
19401,59,56,3,3
19402,193,186,7,7
19403,115,111,4,4
19404,168,160,8,8
19405,109,103,6,6
19406,79,91,-12,12
19407,69,57,12,12
19408,124,148,-24,24
19409,86,96,-10,10
19410,108,106,2,2
19411,57,61,-4,4
19412,69,67,2,2
19413,73,73,0,0
19414,93,99,-6,6
19415,108,95,13,13
19416,47,51,-4,4
19417,96,102,-6,6
19418,136,146,-10,10
19419,62,53,9,9
19420,35,42,-7,7
19421,168,176,-8,8
19422,72,63,9,9
19423,53,61,-8,8
19424,181,179,2,2
19425,106,92,14,14
19426,110,130,-20,20
19427,71,77,-6,6
19428,81,95,-14,14
19429,66,65,1,1
19430,96,99,-3,3
19431,94,94,0,0
19432,101,87,14,14
19433,56,53,3,3
19434,161,143,18,18
19435,120,107,13,13
19436,90,90,0,0
19437,74,84,-10,10
19438,119,116,3,3
19439,120,107,13,13
19440,116,128,-12,12
19441,72,71,1,1
19442,100,88,12,12
19443,72,91,-19,19
19444,152,153,-1,1
19445,65,68,-3,3
19446,84,73,11,11
19447,100,100,0,0
19448,116,98,18,18
19449,88,93,-5,5
19450,94,106,-12,12
19451,76,76,0,0
19452,70,78,-8,8
19453,72,82,-10,10
19454,114,115,-1,1
19455,95,92,3,3
19456,88,86,2,2
19457,103,133,-30,30
19458,82,78,4,4
19459,66,72,-6,6
19460,126,108,18,18
19461,215,226,-11,11
19462,127,120,7,7
19463,71,66,5,5
19464,106,99,7,7
19465,125,122,3,3
19466,98,99,-1,1
19467,80,100,-20,20
19468,76,90,-14,14
19469,126,117,9,9
19470,45,47,-2,2
19471,98,90,8,8
19472,75,85,-10,10
19473,76,66,10,10
19474,103,113,-10,10
19475,149,152,-3,3
19476,110,113,-3,3
19477,71,68,3,3
19478,121,134,-13,13
19479,86,78,8,8
19480,44,45,-1,1
19481,126,126,0,0
19482,145,122,23,23
19483,94,103,-9,9
19484,49,54,-5,5
19485,99,91,8,8
19486,75,105,-30,30
19487,77,90,-13,13
19488,65,68,-3,3
19489,117,106,11,11
19490,87,77,10,10
19491,87,96,-9,9
19492,138,131,7,7
19493,66,71,-5,5
19494,100,98,2,2
19495,107,101,6,6
19496,82,107,-25,25
19497,76,90,-14,14
19498,67,77,-10,10
19499,40,47,-7,7
19500,88,97,-9,9
19501,184,170,14,14
19502,92,81,11,11
19503,134,123,11,11
19504,105,102,3,3
19505,112,110,2,2
19506,70,66,4,4
19507,70,90,-20,20
19508,57,55,2,2
19509,120,123,-3,3
19510,98,98,0,0
19511,115,101,14,14
19512,84,107,-23,23
19513,97,90,7,7
19514,85,88,-3,3
19515,67,75,-8,8
19516,93,87,6,6
19517,123,120,3,3
19518,52,135,-83,83
19519,113,109,4,4
19520,63,63,0,0
19521,97,86,11,11
19522,103,100,3,3
19523,91,110,-19,19
19524,74,84,-10,10
19525,110,110,0,0
19526,162,155,7,7
19527,98,95,3,3
19528,103,98,5,5
19529,96,112,-16,16
19530,35,29,6,6
19531,85,87,-2,2
19532,69,68,1,1
19533,80,76,4,4
19534,60,61,-1,1
19535,87,95,-8,8
19536,77,73,4,4
19537,139,140,-1,1
19538,51,54,-3,3
19539,122,108,14,14
19540,125,107,18,18
19541,63,57,6,6
19542,125,111,14,14
19543,85,87,-2,2
19544,112,113,-1,1
19545,58,48,10,10
19546,104,107,-3,3
19547,120,116,4,4
19548,43,45,-2,2
19549,90,105,-15,15
19550,29,49,-20,20
19551,92,83,9,9
19552,99,92,7,7
19553,55,56,-1,1
19554,66,57,9,9
19555,78,74,4,4
19556,67,67,0,0
19557,91,97,-6,6
19558,143,131,12,12
19559,86,93,-7,7
19560,57,64,-7,7
19561,96,93,3,3
19562,101,124,-23,23
19563,58,53,5,5
19564,113,110,3,3
19565,44,57,-13,13
19566,140,124,16,16
19567,150,147,3,3
19568,117,127,-10,10
19569,86,85,1,1
19570,99,92,7,7
19571,114,99,15,15
19572,81,83,-2,2
19573,64,62,2,2
19574,132,149,-17,17
19575,82,79,3,3
19576,141,142,-1,1
19577,68,83,-15,15
19578,137,117,20,20
19579,75,66,9,9
19580,71,72,-1,1
19581,59,72,-13,13
19582,45,46,-1,1
19583,70,84,-14,14
19584,107,96,11,11
19585,59,61,-2,2
19586,41,48,-7,7
19587,65,64,1,1
19588,50,44,6,6
19589,88,98,-10,10
19590,114,123,-9,9
19591,64,50,14,14
19592,154,146,8,8
19593,64,68,-4,4
19594,46,62,-16,16
19595,120,117,3,3
19596,80,77,3,3
19597,52,44,8,8
19598,88,103,-15,15
19599,65,102,-37,37
19600,49,51,-2,2
19601,82,99,-17,17
19602,108,130,-22,22
19603,59,69,-10,10
19604,68,67,1,1
19605,99,99,0,0
19606,100,99,1,1
19607,100,90,10,10
19608,156,131,25,25
19609,91,93,-2,2
19610,152,123,29,29
19611,125,114,11,11
19612,60,65,-5,5
19613,43,52,-9,9
19614,48,46,2,2
19615,94,97,-3,3
19616,70,64,6,6
19617,52,48,4,4
19618,70,66,4,4
19619,154,137,17,17
19620,133,132,1,1
19621,72,81,-9,9
19622,79,83,-4,4
19623,111,121,-10,10
19624,72,67,5,5
19625,147,151,-4,4
19626,94,94,0,0
19627,41,57,-16,16
19628,79,93,-14,14
19629,61,57,4,4
19630,68,76,-8,8
19631,70,74,-4,4
19632,80,80,0,0
19633,58,77,-19,19
19634,45,55,-10,10
19635,187,169,18,18
19636,84,91,-7,7
19637,76,77,-1,1
19638,154,144,10,10
19639,139,139,0,0
19640,173,160,13,13
19641,75,72,3,3
19642,148,139,9,9
19643,174,158,16,16
19644,100,107,-7,7
19645,29,34,-5,5
19646,102,114,-12,12
19647,67,69,-2,2
19648,51,48,3,3
19649,133,116,17,17
19650,36,52,-16,16
19651,66,65,1,1
19652,65,51,14,14
19653,73,74,-1,1
19654,151,167,-16,16
19655,87,84,3,3
19656,138,146,-8,8
19657,65,72,-7,7
19658,97,95,2,2
19659,84,85,-1,1
19660,171,153,18,18
19661,110,113,-3,3
19662,120,107,13,13
19663,99,104,-5,5
19664,135,154,-19,19
19665,90,96,-6,6
19666,70,64,6,6
19667,99,102,-3,3
19668,58,65,-7,7
19669,109,144,-35,35
19670,77,81,-4,4
19671,74,78,-4,4
19672,134,124,10,10
19673,130,120,10,10
19674,65,56,9,9
19675,109,103,6,6
19676,75,82,-7,7
19677,125,122,3,3
19678,99,90,9,9
19679,147,148,-1,1
19680,160,151,9,9
19681,49,56,-7,7
19682,62,68,-6,6
19683,332,264,68,68
19684,127,132,-5,5
19685,34,31,3,3
19686,145,147,-2,2
19687,108,95,13,13
19688,66,74,-8,8
19689,65,66,-1,1
19690,157,151,6,6
19691,89,82,7,7
19692,97,111,-14,14
19693,116,115,1,1
19694,102,103,-1,1
19695,118,126,-8,8
19696,161,160,1,1
19697,97,110,-13,13
19698,40,42,-2,2
19699,63,67,-4,4
19700,70,90,-20,20
19701,83,83,0,0
19702,100,107,-7,7
19703,76,70,6,6
19704,105,105,0,0
19705,72,77,-5,5
19706,69,88,-19,19
19707,136,135,1,1
19708,126,107,19,19
19709,130,134,-4,4
19710,116,114,2,2
19711,87,86,1,1
19712,100,98,2,2
19713,100,88,12,12
19714,55,61,-6,6
19715,92,88,4,4
19716,101,99,2,2
19717,149,146,3,3
19718,98,80,18,18
19719,89,85,4,4
19720,40,30,10,10
19721,91,94,-3,3
19722,103,110,-7,7
19723,88,87,1,1
19724,76,96,-20,20
19725,43,48,-5,5
19726,60,75,-15,15
19727,165,139,26,26
19728,148,168,-20,20
19729,114,104,10,10
19730,97,80,17,17
19731,141,124,17,17
19732,82,80,2,2
19733,89,82,7,7
19734,141,140,1,1
19735,31,40,-9,9
19736,87,105,-18,18
19737,83,85,-2,2
19738,64,64,0,0
19739,68,78,-10,10
19740,75,65,10,10
19741,102,93,9,9
19742,54,67,-13,13
19743,108,117,-9,9
19744,104,88,16,16
19745,132,118,14,14
19746,77,80,-3,3
19747,130,127,3,3
19748,46,41,5,5
19749,83,57,26,26
19750,79,89,-10,10
19751,180,174,6,6
19752,118,129,-11,11
19753,105,112,-7,7
19754,93,97,-4,4
19755,81,86,-5,5
19756,61,67,-6,6
19757,142,149,-7,7
19758,93,96,-3,3
19759,100,102,-2,2
19760,146,140,6,6
19761,64,63,1,1
19762,116,102,14,14
19763,55,38,17,17
19764,55,69,-14,14
19765,86,95,-9,9
19766,90,85,5,5
19767,146,146,0,0
19768,55,63,-8,8
19769,76,62,14,14
19770,48,61,-13,13
19771,84,78,6,6
19772,62,67,-5,5
19773,93,94,-1,1
19774,104,103,1,1
19775,108,119,-11,11
19776,83,97,-14,14
19777,57,56,1,1
19778,76,79,-3,3
19779,100,138,-38,38
19780,96,91,5,5
19781,124,92,32,32
19782,55,74,-19,19
19783,61,63,-2,2
19784,104,108,-4,4
19785,70,83,-13,13
19786,94,84,10,10
19787,64,61,3,3
19788,113,114,-1,1
19789,92,97,-5,5
19790,136,143,-7,7
19791,115,107,8,8
19792,103,115,-12,12
19793,84,96,-12,12
19794,60,62,-2,2
19795,83,124,-41,41
19796,127,119,8,8
19797,137,127,10,10
19798,64,62,2,2
19799,180,164,16,16
19800,144,123,21,21
19801,82,75,7,7
19802,89,87,2,2
19803,122,121,1,1
19804,85,86,-1,1
19805,127,122,5,5
19806,86,88,-2,2
19807,81,87,-6,6
19808,102,89,13,13
19809,104,73,31,31
19810,47,47,0,0
19811,163,148,15,15
19812,102,105,-3,3
19813,152,134,18,18
19814,139,133,6,6
19815,88,86,2,2
19816,57,55,2,2
19817,79,69,10,10
19818,60,38,22,22
19819,104,87,17,17
19820,92,82,10,10
19821,74,78,-4,4
19822,94,84,10,10
19823,102,100,2,2
19824,109,103,6,6
19825,86,85,1,1
19826,85,91,-6,6
19827,86,78,8,8
19828,158,147,11,11
19829,78,85,-7,7
19830,72,71,1,1
19831,127,125,2,2
19832,81,90,-9,9
19833,99,96,3,3
19834,64,64,0,0
19835,137,136,1,1
19836,99,106,-7,7
19837,74,79,-5,5
19838,80,93,-13,13
19839,99,119,-20,20
19840,95,92,3,3
19841,48,54,-6,6
19842,77,74,3,3
19843,88,91,-3,3
19844,99,106,-7,7
19845,87,81,6,6
19846,75,92,-17,17
19847,103,114,-11,11
19848,190,170,20,20
19849,88,53,35,35
19850,85,90,-5,5
19851,59,53,6,6
19852,63,76,-13,13
19853,85,93,-8,8
19854,67,91,-24,24
19855,76,81,-5,5
19856,115,102,13,13
19857,62,72,-10,10
19858,61,83,-22,22
19859,147,136,11,11
19860,153,149,4,4
19861,68,73,-5,5
19862,106,121,-15,15
19863,79,79,0,0
19864,165,147,18,18
19865,63,60,3,3
19866,106,112,-6,6
19867,74,74,0,0
19868,135,136,-1,1
19869,76,78,-2,2
19870,113,130,-17,17
19871,77,72,5,5
19872,67,67,0,0
19873,93,112,-19,19
19874,170,161,9,9
19875,77,91,-14,14
19876,88,85,3,3
19877,103,102,1,1
19878,85,88,-3,3
19879,82,84,-2,2
19880,70,74,-4,4
19881,94,100,-6,6
19882,44,50,-6,6
19883,103,98,5,5
19884,99,101,-2,2
19885,67,70,-3,3
19886,56,57,-1,1
19887,94,91,3,3
19888,77,76,1,1
19889,68,76,-8,8
19890,125,114,11,11
19891,110,106,4,4
19892,102,98,4,4
19893,57,61,-4,4
19894,68,79,-11,11
19895,75,75,0,0
19896,101,98,3,3
19897,57,52,5,5
19898,93,110,-17,17
19899,52,20,32,32
19900,57,62,-5,5
19901,123,114,9,9
19902,111,119,-8,8
19903,62,63,-1,1
19904,89,104,-15,15
19905,114,102,12,12
19906,45,50,-5,5
19907,79,75,4,4
19908,134,126,8,8
19909,101,89,12,12
19910,92,92,0,0
19911,74,72,2,2
19912,95,89,6,6
19913,49,75,-26,26
19914,86,77,9,9
19915,50,66,-16,16
19916,55,52,3,3
19917,49,59,-10,10
19918,87,96,-9,9
19919,59,66,-7,7
19920,108,109,-1,1
19921,88,73,15,15
19922,118,125,-7,7
19923,108,99,9,9
19924,38,60,-22,22
19925,94,98,-4,4
19926,35,27,8,8
19927,114,109,5,5
19928,124,110,14,14
19929,108,116,-8,8
19930,129,123,6,6
19931,69,74,-5,5
19932,108,110,-2,2
19933,66,77,-11,11
19934,62,68,-6,6
19935,107,112,-5,5
19936,65,72,-7,7
19937,169,167,2,2
19938,115,116,-1,1
19939,116,107,9,9
19940,87,84,3,3
19941,62,85,-23,23
19942,128,118,10,10
19943,126,133,-7,7
19944,139,142,-3,3
19945,217,190,27,27
19946,147,156,-9,9
19947,117,108,9,9
19948,181,166,15,15
19949,101,139,-38,38
19950,66,74,-8,8
19951,77,72,5,5
19952,110,97,13,13
19953,186,172,14,14
19954,60,70,-10,10
19955,68,74,-6,6
19956,125,132,-7,7
19957,52,62,-10,10
19958,75,83,-8,8
19959,109,122,-13,13
19960,44,43,1,1
19961,123,145,-22,22
19962,123,119,4,4
19963,69,69,0,0
19964,51,57,-6,6
19965,148,130,18,18
19966,104,87,17,17
19967,64,69,-5,5
19968,82,89,-7,7
19969,82,85,-3,3
19970,135,138,-3,3
19971,54,58,-4,4
19972,88,83,5,5
19973,88,89,-1,1
19974,102,101,1,1
19975,45,54,-9,9
19976,85,79,6,6
19977,117,100,17,17
19978,124,106,18,18
19979,60,76,-16,16
19980,40,46,-6,6
19981,133,132,1,1
19982,101,110,-9,9
19983,80,77,3,3
19984,90,112,-22,22
19985,85,83,2,2
19986,68,77,-9,9
19987,150,149,1,1
19988,86,84,2,2
19989,105,111,-6,6
19990,45,56,-11,11
19991,149,162,-13,13
19992,74,87,-13,13
19993,40,37,3,3
19994,75,79,-4,4
19995,47,56,-9,9
19996,70,78,-8,8
19997,56,61,-5,5
19998,46,51,-5,5
19999,98,112,-14,14
20000,107,100,7,7
20001,121,109,12,12
20002,192,188,4,4
20003,50,53,-3,3
20004,62,86,-24,24
20005,93,84,9,9
20006,96,104,-8,8
20007,72,67,5,5
20008,134,135,-1,1
20009,98,97,1,1
20010,159,138,21,21
20011,115,109,6,6
20012,54,61,-7,7
20013,60,68,-8,8
20014,80,84,-4,4
20015,103,108,-5,5
20016,89,86,3,3
20017,118,117,1,1
20018,109,101,8,8
20019,65,82,-17,17
20020,62,78,-16,16
20021,100,99,1,1
20022,127,126,1,1
20023,54,64,-10,10
20024,113,105,8,8
20025,122,125,-3,3
20026,140,146,-6,6
20027,71,63,8,8
20028,86,90,-4,4
20029,94,94,0,0
20030,124,122,2,2
20031,59,47,12,12
20032,115,104,11,11
20033,61,58,3,3
20034,65,75,-10,10
20035,79,83,-4,4
20036,122,115,7,7
20037,97,108,-11,11
20038,64,66,-2,2
20039,107,95,12,12
20040,109,110,-1,1
20041,70,71,-1,1
20042,63,69,-6,6
20043,104,110,-6,6
20044,88,76,12,12
20045,91,86,5,5
20046,136,130,6,6
20047,67,68,-1,1
20048,65,64,1,1
20049,97,109,-12,12
20050,114,118,-4,4
20051,122,114,8,8
20052,76,66,10,10
20053,96,102,-6,6
20054,90,83,7,7
20055,68,71,-3,3
20056,78,85,-7,7
20057,158,160,-2,2
20058,77,89,-12,12
20059,65,79,-14,14
20060,126,120,6,6
20061,102,102,0,0
20062,96,95,1,1
20063,120,124,-4,4
20064,44,55,-11,11
20065,68,67,1,1
20066,170,168,2,2
20067,40,48,-8,8
20068,43,60,-17,17
20069,95,90,5,5
20070,114,104,10,10
20071,60,63,-3,3
20072,35,49,-14,14
20073,70,71,-1,1
20074,126,109,17,17
20075,68,77,-9,9
20076,137,133,4,4
20077,154,145,9,9
20078,139,135,4,4
20079,103,101,2,2
20080,82,84,-2,2
20081,94,101,-7,7
20082,136,138,-2,2
20083,81,81,0,0
20084,51,47,4,4
20085,126,121,5,5
20086,89,113,-24,24
20087,88,85,3,3
20088,77,73,4,4
20089,83,91,-8,8
20090,77,68,9,9
20091,84,76,8,8
20092,82,64,18,18
20093,65,61,4,4
20094,113,93,20,20
20095,78,92,-14,14
20096,54,50,4,4
20097,94,107,-13,13
20098,59,66,-7,7
20099,117,125,-8,8
20100,78,64,14,14
20101,48,49,-1,1
20102,54,65,-11,11
20103,99,100,-1,1
20104,71,60,11,11
20105,136,130,6,6
20106,45,54,-9,9
20107,84,93,-9,9
20108,82,93,-11,11
20109,45,60,-15,15
20110,125,112,13,13
20111,50,51,-1,1
20112,71,69,2,2
20113,89,88,1,1
20114,61,69,-8,8
20115,105,91,14,14
20116,143,141,2,2
20117,185,175,10,10
20118,48,54,-6,6
20119,98,93,5,5
20120,38,47,-9,9
20121,92,81,11,11
20122,139,133,6,6
20123,99,86,13,13
20124,106,107,-1,1
20125,60,78,-18,18
20126,96,83,13,13
20127,138,137,1,1
20128,83,80,3,3
20129,152,123,29,29
20130,115,122,-7,7
20131,84,98,-14,14
20132,133,135,-2,2
20133,128,126,2,2
20134,78,72,6,6
20135,93,100,-7,7
20136,105,108,-3,3
20137,90,89,1,1
20138,205,200,5,5
20139,80,74,6,6
20140,80,73,7,7
20141,118,108,10,10
20142,60,71,-11,11
20143,101,104,-3,3
20144,95,87,8,8
20145,130,146,-16,16
20146,113,113,0,0
20147,79,85,-6,6
20148,88,83,5,5
20149,109,104,5,5
20150,98,147,-49,49
20151,70,82,-12,12
20152,92,72,20,20
20153,157,159,-2,2
20154,44,53,-9,9
20155,95,86,9,9
20156,87,77,10,10
20157,109,92,17,17
20158,111,108,3,3
20159,86,77,9,9
20160,149,142,7,7
20161,111,110,1,1
20162,45,61,-16,16
20163,150,132,18,18
20164,89,88,1,1
20165,67,73,-6,6
20166,87,90,-3,3
20167,150,136,14,14
20168,124,99,25,25
20169,96,87,9,9
20170,125,116,9,9
20171,116,137,-21,21
20172,80,98,-18,18
20173,156,121,35,35
20174,159,163,-4,4
20175,108,110,-2,2
20176,90,99,-9,9
20177,117,104,13,13
20178,139,130,9,9
20179,87,90,-3,3
20180,79,68,11,11
20181,103,96,7,7
20182,157,153,4,4
20183,159,147,12,12
20184,46,74,-28,28
20185,84,91,-7,7
20186,62,81,-19,19
20187,99,97,2,2
20188,62,59,3,3
20189,87,103,-16,16
20190,186,175,11,11
20191,104,100,4,4
20192,83,87,-4,4
20193,82,80,2,2
20194,82,93,-11,11
20195,116,115,1,1
20196,48,63,-15,15
20197,72,86,-14,14
20198,81,77,4,4
20199,89,101,-12,12
20200,66,63,3,3
20201,99,107,-8,8
20202,97,94,3,3
20203,83,81,2,2
20204,57,65,-8,8
20205,95,98,-3,3
20206,81,77,4,4
20207,77,94,-17,17
20208,65,66,-1,1
20209,109,108,1,1
20210,58,47,11,11
20211,38,64,-26,26
20212,109,100,9,9
20213,128,125,3,3
20214,68,64,4,4
20215,134,143,-9,9
20216,80,79,1,1
20217,197,175,22,22
20218,105,116,-11,11
20219,78,86,-8,8
20220,99,108,-9,9
20221,88,79,9,9
20222,105,104,1,1
20223,63,76,-13,13
20224,76,112,-36,36
20225,80,76,4,4
20226,68,69,-1,1
20227,97,96,1,1
20228,107,94,13,13
20229,96,71,25,25
20230,120,144,-24,24
20231,110,100,10,10
20232,67,64,3,3
20233,154,135,19,19
20234,133,113,20,20
20235,98,110,-12,12
20236,93,84,9,9
20237,93,97,-4,4
20238,95,98,-3,3
20239,96,88,8,8
20240,66,65,1,1
20241,54,61,-7,7
20242,89,92,-3,3
20243,165,152,13,13
20244,189,193,-4,4
20245,62,50,12,12
20246,49,50,-1,1
20247,59,59,0,0
20248,82,88,-6,6
20249,75,76,-1,1
20250,121,117,4,4
20251,116,134,-18,18
20252,185,174,11,11
20253,139,135,4,4
20254,73,81,-8,8
20255,147,161,-14,14
20256,109,116,-7,7
20257,119,116,3,3
20258,83,87,-4,4
20259,122,124,-2,2
20260,84,89,-5,5
20261,130,116,14,14
20262,137,134,3,3
20263,96,105,-9,9
20264,81,75,6,6
20265,123,104,19,19
20266,83,79,4,4
20267,104,102,2,2
20268,121,107,14,14
20269,130,121,9,9
20270,104,105,-1,1
20271,107,109,-2,2
20272,121,119,2,2
20273,76,93,-17,17
20274,59,74,-15,15
20275,127,119,8,8
20276,179,177,2,2
20277,70,84,-14,14
20278,83,84,-1,1
20279,83,94,-11,11
20280,52,54,-2,2
20281,58,75,-17,17
20282,116,131,-15,15
20283,57,76,-19,19
20284,107,95,12,12
20285,164,168,-4,4
20286,110,106,4,4
20287,101,91,10,10
20288,159,160,-1,1
20289,103,117,-14,14
20290,133,138,-5,5
20291,59,79,-20,20
20292,93,102,-9,9
20293,129,111,18,18
20294,49,61,-12,12
20295,98,103,-5,5
20296,100,96,4,4
20297,131,112,19,19
20298,140,157,-17,17
20299,87,90,-3,3
20300,138,141,-3,3
20301,145,135,10,10
20302,124,118,6,6
20303,111,108,3,3
20304,128,113,15,15
20305,83,68,15,15
20306,90,105,-15,15
20307,96,106,-10,10
20308,160,144,16,16
20309,75,79,-4,4
20310,83,84,-1,1
20311,115,116,-1,1
20312,78,80,-2,2
20313,91,83,8,8
20314,60,53,7,7
20315,92,93,-1,1
20316,107,95,12,12
20317,94,101,-7,7
20318,75,101,-26,26
20319,60,58,2,2
20320,58,72,-14,14
20321,103,96,7,7
20322,68,78,-10,10
20323,141,126,15,15
20324,89,106,-17,17
20325,172,156,16,16
20326,147,143,4,4
20327,94,83,11,11
20328,128,114,14,14
20329,76,76,0,0
20330,97,83,14,14
20331,110,103,7,7
20332,89,86,3,3
20333,72,72,0,0
20334,104,114,-10,10
20335,82,98,-16,16
20336,87,92,-5,5
20337,96,104,-8,8
20338,94,99,-5,5
20339,158,164,-6,6
20340,102,108,-6,6
20341,62,69,-7,7
20342,53,65,-12,12
20343,98,99,-1,1
20344,96,87,9,9
20345,79,82,-3,3
20346,131,116,15,15
20347,44,46,-2,2
20348,102,95,7,7
20349,69,76,-7,7
20350,106,112,-6,6
20351,128,120,8,8
20352,49,57,-8,8
20353,123,111,12,12
20354,191,155,36,36
20355,116,104,12,12
20356,127,112,15,15
20357,42,57,-15,15
20358,124,102,22,22
20359,92,98,-6,6
20360,143,147,-4,4
20361,68,67,1,1
20362,111,105,6,6
20363,120,136,-16,16
20364,93,84,9,9
20365,46,52,-6,6
20366,116,124,-8,8
20367,84,92,-8,8
20368,39,56,-17,17
20369,70,62,8,8
20370,59,66,-7,7
20371,107,116,-9,9
20372,59,66,-7,7
20373,115,110,5,5
20374,92,90,2,2
20375,105,114,-9,9
20376,110,107,3,3
20377,60,59,1,1
20378,119,109,10,10
20379,106,101,5,5
20380,90,93,-3,3
20381,63,70,-7,7
20382,103,93,10,10
20383,105,113,-8,8
20384,98,105,-7,7
20385,48,49,-1,1
20386,110,120,-10,10
20387,119,99,20,20
20388,86,93,-7,7
20389,82,100,-18,18
20390,65,57,8,8
20391,89,92,-3,3
20392,118,128,-10,10
20393,146,145,1,1
20394,65,73,-8,8
20395,125,129,-4,4
20396,87,88,-1,1
20397,89,97,-8,8
20398,75,74,1,1
20399,87,88,-1,1
20400,130,135,-5,5
20401,51,54,-3,3
20402,129,149,-20,20
20403,81,78,3,3
20404,80,81,-1,1
20405,66,69,-3,3
20406,47,53,-6,6
20407,103,98,5,5
20408,77,91,-14,14
20409,60,63,-3,3
20410,133,132,1,1
20411,66,86,-20,20
20412,161,155,6,6
20413,101,107,-6,6
20414,80,90,-10,10
20415,124,134,-10,10
20416,140,139,1,1
20417,120,118,2,2
20418,141,131,10,10
20419,90,88,2,2
20420,54,64,-10,10
20421,63,52,11,11
20422,115,121,-6,6
20423,59,68,-9,9
20424,68,69,-1,1
20425,51,49,2,2
20426,56,64,-8,8
20427,69,80,-11,11
20428,71,75,-4,4
20429,103,114,-11,11
20430,94,98,-4,4
20431,157,152,5,5
20432,122,113,9,9
20433,111,105,6,6
20434,120,143,-23,23
20435,103,87,16,16
20436,62,65,-3,3
20437,130,127,3,3
20438,81,88,-7,7
20439,166,137,29,29
20440,79,83,-4,4
20441,90,87,3,3
20442,91,97,-6,6
20443,44,50,-6,6
20444,87,95,-8,8
20445,117,115,2,2
20446,101,101,0,0
20447,106,119,-13,13
20448,102,102,0,0
20449,74,71,3,3
20450,175,155,20,20
20451,71,83,-12,12
20452,122,124,-2,2
20453,165,147,18,18
20454,134,137,-3,3
20455,192,156,36,36
20456,80,76,4,4
20457,65,54,11,11
20458,105,100,5,5
20459,121,120,1,1
20460,84,94,-10,10
20461,106,111,-5,5
20462,91,82,9,9
20463,174,169,5,5
20464,64,68,-4,4
20465,58,69,-11,11
20466,76,65,11,11
20467,70,70,0,0
20468,143,138,5,5
20469,92,95,-3,3
20470,94,101,-7,7
20471,95,94,1,1
20472,119,110,9,9
20473,101,85,16,16
20474,110,116,-6,6
20475,144,137,7,7
20476,129,156,-27,27
20477,79,86,-7,7
20478,99,106,-7,7
20479,85,81,4,4
20480,142,127,15,15
20481,77,83,-6,6
20482,62,67,-5,5
20483,122,121,1,1
20484,106,104,2,2
20485,52,56,-4,4
20486,79,87,-8,8
20487,95,84,11,11
20488,77,91,-14,14
20489,89,88,1,1
20490,70,73,-3,3
20491,97,88,9,9
20492,100,106,-6,6
20493,79,78,1,1
20494,138,129,9,9
20495,123,102,21,21
20496,152,128,24,24
20497,135,129,6,6
20498,83,81,2,2
20499,118,106,12,12
20500,91,90,1,1
20501,83,85,-2,2
20502,77,83,-6,6
20503,69,67,2,2
20504,68,67,1,1
20505,139,134,5,5
20506,171,156,15,15
20507,80,86,-6,6
20508,83,78,5,5
20509,108,95,13,13
20510,92,99,-7,7
20511,59,70,-11,11
20512,74,67,7,7
20513,62,63,-1,1
20514,138,130,8,8
20515,55,56,-1,1
20516,85,86,-1,1
20517,77,77,0,0
20518,39,38,1,1
20519,65,34,31,31
20520,109,115,-6,6
20521,91,100,-9,9
20522,74,82,-8,8
20523,74,67,7,7
20524,154,146,8,8
20525,153,140,13,13
20526,40,40,0,0
20527,110,112,-2,2
20528,63,51,12,12
20529,114,113,1,1
20530,114,127,-13,13
20531,62,82,-20,20
20532,81,67,14,14
20533,49,53,-4,4
20534,63,61,2,2
20535,93,95,-2,2
20536,76,79,-3,3
20537,146,143,3,3
20538,87,76,11,11
20539,162,172,-10,10
20540,91,110,-19,19
20541,107,139,-32,32
20542,82,96,-14,14
20543,97,90,7,7
20544,42,43,-1,1
20545,81,80,1,1
20546,115,112,3,3
20547,120,110,10,10
20548,62,61,1,1
20549,131,140,-9,9
20550,82,79,3,3
20551,59,78,-19,19
20552,127,143,-16,16
20553,100,93,7,7
20554,92,97,-5,5
20555,55,69,-14,14
20556,111,111,0,0
20557,92,89,3,3
20558,111,121,-10,10
20559,189,161,28,28
20560,93,75,18,18
20561,61,61,0,0
20562,50,64,-14,14
20563,62,60,2,2
20564,46,51,-5,5
20565,145,168,-23,23
20566,82,90,-8,8
20567,83,84,-1,1
20568,78,81,-3,3
20569,69,60,9,9
20570,117,113,4,4
20571,142,122,20,20
20572,111,105,6,6
20573,72,76,-4,4
20574,95,99,-4,4
20575,141,120,21,21
20576,179,140,39,39
20577,85,100,-15,15
20578,286,262,24,24
20579,87,81,6,6
20580,93,94,-1,1
20581,87,78,9,9
20582,49,45,4,4
20583,87,91,-4,4
20584,143,130,13,13
20585,98,115,-17,17
20586,70,68,2,2
20587,112,112,0,0
20588,53,54,-1,1
20589,55,54,1,1
20590,88,85,3,3
20591,113,119,-6,6
20592,86,77,9,9
20593,59,31,28,28
20594,62,59,3,3
20595,71,84,-13,13
20596,102,108,-6,6
20597,69,86,-17,17
20598,117,115,2,2
20599,79,75,4,4
20600,131,149,-18,18
20601,45,53,-8,8
20602,81,90,-9,9
20603,62,73,-11,11
20604,82,85,-3,3
20605,86,75,11,11
20606,52,46,6,6
20607,79,79,0,0
20608,108,100,8,8
20609,62,60,2,2
20610,94,97,-3,3
20611,74,78,-4,4
20612,136,127,9,9
20613,151,154,-3,3
20614,145,138,7,7
20615,99,99,0,0
20616,169,191,-22,22
20617,69,82,-13,13
20618,54,56,-2,2
20619,93,94,-1,1
20620,106,102,4,4
20621,77,72,5,5
20622,100,113,-13,13
20623,96,112,-16,16
20624,56,57,-1,1
20625,99,101,-2,2
20626,115,116,-1,1
20627,90,93,-3,3
20628,56,46,10,10
20629,83,80,3,3
20630,117,105,12,12
20631,75,82,-7,7
20632,88,84,4,4
20633,80,84,-4,4
20634,150,120,30,30
20635,126,114,12,12
20636,92,95,-3,3
20637,117,114,3,3
20638,75,73,2,2
20639,92,80,12,12
20640,72,71,1,1
20641,45,45,0,0
20642,55,67,-12,12
20643,123,140,-17,17
20644,127,114,13,13
20645,128,122,6,6
20646,161,146,15,15
20647,130,112,18,18
20648,87,83,4,4
20649,223,177,46,46
20650,79,88,-9,9
20651,155,143,12,12
20652,77,90,-13,13
20653,82,68,14,14
20654,101,98,3,3
20655,89,95,-6,6
20656,106,106,0,0
20657,68,44,24,24
20658,98,97,1,1
20659,102,98,4,4
20660,88,88,0,0
20661,102,102,0,0
20662,173,144,29,29
20663,52,56,-4,4
20664,114,108,6,6
20665,85,81,4,4
20666,86,88,-2,2
20667,77,69,8,8
20668,81,82,-1,1
20669,89,87,2,2
20670,149,162,-13,13
20671,68,68,0,0
20672,77,70,7,7
20673,83,87,-4,4
20674,71,69,2,2
20675,71,68,3,3
20676,91,87,4,4
20677,56,51,5,5
20678,80,79,1,1
20679,129,113,16,16
20680,95,98,-3,3
20681,114,105,9,9
20682,149,127,22,22
20683,74,76,-2,2
20684,84,79,5,5
20685,72,73,-1,1
20686,119,122,-3,3
20687,82,84,-2,2
20688,94,116,-22,22
20689,89,99,-10,10
20690,45,60,-15,15
20691,77,73,4,4
20692,169,181,-12,12
20693,100,80,20,20
20694,114,108,6,6
20695,95,88,7,7
20696,97,117,-20,20
20697,224,183,41,41
20698,96,105,-9,9
20699,66,79,-13,13
20700,97,96,1,1
20701,113,112,1,1
20702,107,121,-14,14
20703,59,69,-10,10
20704,148,140,8,8
20705,66,26,40,40
20706,151,150,1,1
20707,87,74,13,13
20708,119,112,7,7
20709,63,58,5,5
20710,122,110,12,12
20711,75,74,1,1
20712,142,145,-3,3
20713,33,47,-14,14
20714,86,80,6,6
20715,33,43,-10,10
20716,144,124,20,20
20717,124,123,1,1
20718,77,75,2,2
20719,144,138,6,6
20720,88,100,-12,12
20721,87,100,-13,13
20722,45,53,-8,8
20723,104,91,13,13
20724,70,83,-13,13
20725,87,82,5,5
20726,139,135,4,4
20727,136,137,-1,1
20728,85,77,8,8
20729,106,105,1,1
20730,134,129,5,5
20731,98,96,2,2
20732,77,77,0,0
20733,131,130,1,1
20734,125,133,-8,8
20735,76,73,3,3
20736,110,103,7,7
20737,123,114,9,9
20738,56,68,-12,12
20739,62,72,-10,10
20740,59,60,-1,1
20741,96,108,-12,12
20742,107,90,17,17
20743,126,137,-11,11
20744,114,112,2,2
20745,85,86,-1,1
20746,63,63,0,0
20747,59,83,-24,24
20748,80,70,10,10
20749,93,86,7,7
20750,82,84,-2,2
20751,73,65,8,8
20752,133,127,6,6
20753,145,123,22,22
20754,78,73,5,5
20755,89,83,6,6
20756,81,81,0,0
20757,100,99,1,1
20758,129,142,-13,13
20759,80,78,2,2
20760,122,111,11,11
20761,26,46,-20,20
20762,151,131,20,20
20763,118,132,-14,14
20764,146,119,27,27
20765,75,72,3,3
20766,80,104,-24,24
20767,52,68,-16,16
20768,128,108,20,20
20769,76,95,-19,19
20770,73,79,-6,6
20771,55,58,-3,3
20772,94,90,4,4
20773,115,107,8,8
20774,70,83,-13,13
20775,125,110,15,15
20776,50,44,6,6
20777,90,97,-7,7
20778,110,109,1,1
20779,120,120,0,0
20780,62,65,-3,3
20781,78,85,-7,7
20782,132,132,0,0
20783,46,55,-9,9
20784,140,147,-7,7
20785,97,87,10,10
20786,53,51,2,2
20787,93,97,-4,4
20788,145,143,2,2
20789,84,85,-1,1
20790,121,128,-7,7
20791,124,116,8,8
20792,65,66,-1,1
20793,129,127,2,2
20794,111,108,3,3
20795,81,77,4,4
20796,87,69,18,18
20797,64,76,-12,12
20798,92,84,8,8
20799,74,78,-4,4
20800,78,77,1,1
20801,72,90,-18,18
20802,101,105,-4,4
20803,35,42,-7,7
20804,171,143,28,28
20805,54,39,15,15
20806,155,159,-4,4
20807,151,163,-12,12
20808,45,49,-4,4
20809,87,93,-6,6
20810,115,101,14,14
20811,75,78,-3,3
20812,89,96,-7,7
20813,134,136,-2,2
20814,65,71,-6,6
20815,51,50,1,1
20816,33,37,-4,4
20817,85,95,-10,10
20818,114,126,-12,12
20819,120,120,0,0
20820,83,89,-6,6
20821,106,106,0,0
20822,41,50,-9,9
20823,101,122,-21,21
20824,134,151,-17,17
20825,132,132,0,0
20826,53,91,-38,38
20827,89,82,7,7
20828,120,117,3,3
20829,106,117,-11,11
20830,165,185,-20,20
20831,59,81,-22,22
20832,77,78,-1,1
20833,105,105,0,0
20834,113,117,-4,4
20835,85,85,0,0
20836,57,56,1,1
20837,101,123,-22,22
20838,109,96,13,13
20839,129,125,4,4
20840,75,84,-9,9
20841,143,132,11,11
20842,48,50,-2,2
20843,115,123,-8,8
20844,57,113,-56,56
20845,76,73,3,3
20846,79,82,-3,3
20847,107,110,-3,3
20848,61,71,-10,10
20849,134,129,5,5
20850,93,102,-9,9
20851,141,137,4,4
20852,81,82,-1,1
20853,65,78,-13,13
20854,148,125,23,23
20855,70,81,-11,11
20856,78,81,-3,3
20857,46,56,-10,10
20858,108,105,3,3
20859,94,93,1,1
20860,165,160,5,5
20861,83,93,-10,10
20862,131,139,-8,8
20863,91,85,6,6
20864,86,108,-22,22
20865,99,104,-5,5
20866,111,89,22,22
20867,93,85,8,8
20868,82,144,-62,62
20869,60,66,-6,6
20870,89,85,4,4
20871,153,149,4,4
20872,102,103,-1,1
20873,92,94,-2,2
20874,102,93,9,9
20875,118,128,-10,10
20876,75,71,4,4
20877,176,163,13,13
20878,129,103,26,26
20879,69,79,-10,10
20880,83,81,2,2
20881,124,113,11,11
20882,68,64,4,4
20883,102,107,-5,5
20884,63,60,3,3
20885,96,118,-22,22
20886,120,126,-6,6
20887,75,84,-9,9
20888,111,116,-5,5
20889,181,155,26,26
20890,82,86,-4,4
20891,132,129,3,3
20892,48,56,-8,8
20893,75,77,-2,2
20894,64,60,4,4
20895,41,48,-7,7
20896,64,73,-9,9
20897,97,100,-3,3
20898,77,83,-6,6
20899,91,92,-1,1
20900,51,47,4,4
20901,68,66,2,2
20902,121,121,0,0
20903,86,83,3,3
20904,59,63,-4,4
20905,107,112,-5,5
20906,84,86,-2,2
20907,55,54,1,1
20908,76,100,-24,24
20909,93,90,3,3
20910,40,48,-8,8
20911,118,106,12,12
20912,156,152,4,4
20913,126,120,6,6
20914,74,70,4,4
20915,96,102,-6,6
20916,121,128,-7,7
20917,76,66,10,10
20918,122,132,-10,10
20919,89,92,-3,3
20920,59,60,-1,1
20921,84,68,16,16
20922,83,77,6,6
20923,73,69,4,4
20924,63,65,-2,2
20925,64,70,-6,6
20926,125,111,14,14
20927,101,91,10,10
20928,122,132,-10,10
20929,63,62,1,1
20930,107,123,-16,16
20931,68,87,-19,19
20932,74,76,-2,2
20933,102,108,-6,6
20934,119,122,-3,3
20935,106,92,14,14
20936,66,62,4,4
20937,87,96,-9,9
20938,85,85,0,0
20939,66,57,9,9
20940,145,131,14,14
20941,180,160,20,20
20942,75,71,4,4
20943,63,78,-15,15
20944,144,143,1,1
20945,66,74,-8,8
20946,49,59,-10,10
20947,98,98,0,0
20948,77,52,25,25
20949,105,97,8,8
20950,81,101,-20,20
20951,92,81,11,11
20952,104,105,-1,1
20953,151,147,4,4
20954,51,53,-2,2
20955,124,115,9,9
20956,84,83,1,1
20957,58,63,-5,5
20958,108,100,8,8
20959,41,54,-13,13
20960,151,161,-10,10
20961,113,105,8,8
20962,138,131,7,7
20963,70,74,-4,4
20964,106,108,-2,2
20965,95,108,-13,13
20966,121,135,-14,14
20967,66,66,0,0
20968,98,92,6,6
20969,70,70,0,0
20970,142,138,4,4
20971,139,123,16,16
20972,62,64,-2,2
20973,138,156,-18,18
20974,70,78,-8,8
20975,138,129,9,9
20976,105,102,3,3
20977,61,59,2,2
20978,113,110,3,3
20979,173,136,37,37
20980,94,90,4,4
20981,90,85,5,5
20982,112,101,11,11
20983,43,49,-6,6
20984,140,139,1,1
20985,197,183,14,14
20986,116,110,6,6
20987,229,205,24,24
20988,119,113,6,6
20989,80,76,4,4
20990,115,117,-2,2
20991,61,73,-12,12
20992,41,48,-7,7
20993,101,98,3,3
20994,185,171,14,14
20995,46,31,15,15
20996,221,180,41,41
20997,113,107,6,6
20998,60,54,6,6
20999,116,105,11,11
21000,125,112,13,13
21001,99,98,1,1
21002,97,111,-14,14
21003,171,141,30,30
21004,79,77,2,2
21005,73,73,0,0
21006,80,84,-4,4
21007,148,157,-9,9
21008,111,117,-6,6
21009,110,111,-1,1
21010,84,95,-11,11
21011,60,73,-13,13
21012,94,83,11,11
21013,57,72,-15,15
21014,118,113,5,5
21015,115,114,1,1
21016,118,127,-9,9
21017,133,126,7,7
21018,67,74,-7,7
21019,148,140,8,8
21020,34,83,-49,49
21021,59,61,-2,2
21022,71,66,5,5
21023,59,54,5,5
21024,58,63,-5,5
21025,61,57,4,4
21026,105,107,-2,2
21027,144,121,23,23
21028,135,122,13,13
21029,120,123,-3,3
21030,180,181,-1,1
21031,177,153,24,24
21032,115,122,-7,7
21033,138,129,9,9
21034,113,94,19,19
21035,97,95,2,2
21036,88,79,9,9
21037,108,123,-15,15
21038,106,101,5,5
21039,81,75,6,6
21040,105,107,-2,2
21041,30,47,-17,17
21042,97,103,-6,6
21043,39,23,16,16
21044,57,29,28,28
21045,92,126,-34,34
21046,85,75,10,10
21047,94,96,-2,2
21048,165,152,13,13
21049,119,140,-21,21
21050,120,106,14,14
21051,139,132,7,7
21052,42,56,-14,14
21053,78,89,-11,11
21054,78,76,2,2
21055,73,68,5,5
21056,84,89,-5,5
21057,159,149,10,10
21058,84,86,-2,2
21059,133,128,5,5
21060,87,94,-7,7
21061,147,126,21,21
21062,83,71,12,12
21063,51,116,-65,65
21064,107,99,8,8
21065,62,66,-4,4
21066,94,89,5,5
21067,62,66,-4,4
21068,79,74,5,5
21069,177,143,34,34
21070,104,92,12,12
21071,85,98,-13,13
21072,100,93,7,7
21073,69,75,-6,6
21074,119,113,6,6
21075,90,78,12,12
21076,82,77,5,5
21077,54,54,0,0
21078,115,105,10,10
21079,74,65,9,9
21080,113,105,8,8
21081,56,65,-9,9
21082,68,83,-15,15
21083,195,174,21,21
21084,150,124,26,26
21085,62,65,-3,3
21086,71,77,-6,6
21087,81,76,5,5
21088,131,118,13,13
21089,90,90,0,0
21090,86,93,-7,7
21091,168,168,0,0
21092,101,92,9,9
21093,109,102,7,7
21094,71,109,-38,38
21095,67,65,2,2
21096,115,107,8,8
21097,95,48,47,47
21098,84,78,6,6
21099,74,86,-12,12
21100,69,67,2,2
21101,63,63,0,0
21102,127,123,4,4
21103,82,91,-9,9
21104,78,78,0,0
21105,78,75,3,3
21106,147,157,-10,10
21107,96,91,5,5
21108,72,84,-12,12
21109,65,67,-2,2
21110,107,103,4,4
21111,119,119,0,0
21112,101,86,15,15
21113,162,164,-2,2
21114,119,113,6,6
21115,93,90,3,3
21116,102,99,3,3
21117,145,127,18,18
21118,94,83,11,11
21119,83,93,-10,10
21120,166,152,14,14
21121,63,65,-2,2
21122,90,83,7,7
21123,53,59,-6,6
21124,103,104,-1,1
21125,117,105,12,12
21126,99,98,1,1
21127,44,16,28,28
21128,149,146,3,3
21129,104,104,0,0
21130,225,213,12,12
21131,101,103,-2,2
21132,101,93,8,8
21133,76,64,12,12
21134,80,78,2,2
21135,70,69,1,1
21136,130,121,9,9
21137,148,147,1,1
21138,70,88,-18,18
21139,137,141,-4,4
21140,59,51,8,8
21141,71,74,-3,3
21142,134,126,8,8
21143,116,102,14,14
21144,104,109,-5,5
21145,63,72,-9,9
21146,61,59,2,2
21147,89,118,-29,29
21148,61,59,2,2
21149,97,102,-5,5
21150,102,94,8,8
21151,63,60,3,3
21152,165,148,17,17
21153,88,97,-9,9
21154,112,90,22,22
21155,90,94,-4,4
21156,179,159,20,20
21157,89,94,-5,5
21158,19,49,-30,30
21159,123,110,13,13
21160,111,137,-26,26
21161,89,81,8,8
21162,86,97,-11,11
21163,92,107,-15,15
21164,93,94,-1,1
21165,91,89,2,2
21166,70,75,-5,5
21167,105,98,7,7
21168,85,77,8,8
21169,78,72,6,6
21170,112,108,4,4
21171,96,92,4,4
21172,54,56,-2,2
21173,121,115,6,6
21174,131,130,1,1
21175,66,73,-7,7
21176,61,66,-5,5
21177,80,78,2,2
21178,89,82,7,7
21179,74,64,10,10
21180,65,82,-17,17
21181,101,111,-10,10
21182,97,84,13,13
21183,108,111,-3,3
21184,96,102,-6,6
21185,132,136,-4,4
21186,62,67,-5,5
21187,82,69,13,13
21188,154,136,18,18
21189,82,101,-19,19
21190,50,51,-1,1
21191,68,60,8,8
21192,124,143,-19,19
21193,74,78,-4,4
21194,149,145,4,4
21195,59,54,5,5
21196,56,77,-21,21
21197,58,54,4,4
21198,151,149,2,2
21199,113,106,7,7
21200,74,108,-34,34
21201,71,62,9,9
21202,86,81,5,5
21203,65,88,-23,23
21204,69,66,3,3
21205,161,147,14,14
21206,89,86,3,3
21207,36,41,-5,5
21208,55,54,1,1
21209,97,89,8,8
21210,89,82,7,7
21211,64,67,-3,3
21212,98,94,4,4
21213,89,91,-2,2
21214,44,52,-8,8
21215,162,153,9,9
21216,126,122,4,4
21217,82,87,-5,5
21218,77,84,-7,7
21219,81,79,2,2
21220,137,132,5,5
21221,69,74,-5,5
21222,86,78,8,8
21223,67,76,-9,9
21224,101,97,4,4
21225,74,75,-1,1
21226,71,67,4,4
21227,66,65,1,1
21228,104,105,-1,1
21229,111,116,-5,5
21230,86,86,0,0
21231,96,102,-6,6
21232,79,78,1,1
21233,183,173,10,10
21234,89,91,-2,2
21235,133,123,10,10
21236,80,75,5,5
21237,72,81,-9,9
21238,109,94,15,15
21239,107,98,9,9
21240,84,86,-2,2
21241,67,61,6,6
21242,102,94,8,8
21243,66,210,-144,144
21244,132,130,2,2
21245,103,97,6,6
21246,91,93,-2,2
21247,111,118,-7,7
21248,110,105,5,5
21249,156,165,-9,9
21250,44,50,-6,6
21251,48,35,13,13
21252,79,103,-24,24
21253,58,58,0,0
21254,134,118,16,16
21255,105,96,9,9
21256,79,73,6,6
21257,124,167,-43,43
21258,109,89,20,20
21259,79,72,7,7
21260,66,68,-2,2
21261,93,81,12,12
21262,93,89,4,4
21263,85,92,-7,7
21264,92,89,3,3
21265,103,101,2,2
21266,104,92,12,12
21267,108,118,-10,10
21268,82,81,1,1
21269,92,99,-7,7
21270,41,38,3,3
21271,47,48,-1,1
21272,79,87,-8,8
21273,101,107,-6,6
21274,66,71,-5,5
21275,83,78,5,5
21276,89,75,14,14
21277,55,58,-3,3
21278,137,128,9,9
21279,92,84,8,8
21280,131,133,-2,2
21281,99,92,7,7
21282,100,105,-5,5
21283,82,71,11,11
21284,57,59,-2,2
21285,74,89,-15,15
21286,79,78,1,1
21287,83,83,0,0
21288,118,124,-6,6
21289,133,143,-10,10
21290,129,126,3,3
21291,70,87,-17,17
21292,145,135,10,10
21293,149,140,9,9
21294,113,133,-20,20
21295,56,66,-10,10
21296,44,38,6,6
21297,89,98,-9,9
21298,90,93,-3,3
21299,74,66,8,8
21300,117,110,7,7
21301,65,64,1,1
21302,48,53,-5,5
21303,92,85,7,7
21304,72,72,0,0
21305,83,111,-28,28
21306,63,62,1,1
21307,135,138,-3,3
21308,147,151,-4,4
21309,142,161,-19,19
21310,122,101,21,21
21311,77,70,7,7
21312,106,99,7,7
21313,65,83,-18,18
21314,70,66,4,4
21315,124,119,5,5
21316,100,95,5,5
21317,56,59,-3,3
21318,72,75,-3,3
21319,83,89,-6,6
21320,66,67,-1,1
21321,45,55,-10,10
21322,162,155,7,7
21323,85,78,7,7
21324,115,104,11,11
21325,122,124,-2,2
21326,72,80,-8,8
21327,68,63,5,5
21328,65,67,-2,2
21329,84,77,7,7
21330,161,130,31,31
21331,149,138,11,11
21332,109,99,10,10
21333,57,64,-7,7
21334,85,74,11,11
21335,100,89,11,11
21336,171,158,13,13
21337,73,87,-14,14
21338,78,83,-5,5
21339,67,79,-12,12
21340,122,134,-12,12
21341,84,85,-1,1
21342,171,145,26,26
21343,87,88,-1,1
21344,140,134,6,6
21345,86,89,-3,3
21346,85,86,-1,1
21347,50,53,-3,3
21348,78,89,-11,11
21349,67,73,-6,6
21350,81,85,-4,4
21351,75,72,3,3
21352,91,101,-10,10
21353,119,116,3,3
21354,138,147,-9,9
21355,58,55,3,3
21356,137,131,6,6
21357,88,102,-14,14
21358,122,121,1,1
21359,106,103,3,3
21360,101,98,3,3
21361,88,95,-7,7
21362,83,75,8,8
21363,80,73,7,7
21364,111,110,1,1
21365,183,173,10,10
21366,73,75,-2,2
21367,97,103,-6,6
21368,55,60,-5,5
21369,116,126,-10,10
21370,78,74,4,4
21371,99,105,-6,6
21372,141,124,17,17
21373,56,53,3,3
21374,65,67,-2,2
21375,72,84,-12,12
21376,99,70,29,29
21377,96,91,5,5
21378,69,69,0,0
21379,94,110,-16,16
21380,98,93,5,5
21381,55,57,-2,2
21382,107,106,1,1
21383,68,72,-4,4
21384,84,94,-10,10
21385,65,64,1,1
21386,177,151,26,26
21387,62,58,4,4
21388,182,157,25,25
21389,72,69,3,3
21390,151,129,22,22
21391,80,71,9,9
21392,122,124,-2,2
21393,136,112,24,24
21394,141,136,5,5
21395,88,79,9,9
21396,88,85,3,3
21397,127,127,0,0
21398,92,90,2,2
21399,74,84,-10,10
21400,111,106,5,5
21401,204,197,7,7
21402,111,108,3,3
21403,59,53,6,6
21404,129,109,20,20
21405,107,103,4,4
21406,104,90,14,14
21407,76,73,3,3
21408,113,111,2,2
21409,110,114,-4,4
21410,69,61,8,8
21411,67,73,-6,6
21412,85,80,5,5
21413,94,100,-6,6
21414,93,95,-2,2
21415,90,86,4,4
21416,61,51,10,10
21417,56,47,9,9
21418,114,105,9,9
21419,71,63,8,8
21420,86,84,2,2
21421,114,110,4,4
21422,50,48,2,2
21423,155,152,3,3
21424,108,117,-9,9
21425,104,95,9,9
21426,89,88,1,1
21427,75,66,9,9
21428,149,137,12,12
21429,94,90,4,4
21430,63,78,-15,15
21431,127,124,3,3
21432,103,100,3,3
21433,90,86,4,4
21434,64,69,-5,5
21435,144,152,-8,8
21436,119,103,16,16
21437,45,49,-4,4
21438,78,73,5,5
21439,45,57,-12,12
21440,113,127,-14,14
21441,89,100,-11,11
21442,122,132,-10,10
21443,93,86,7,7
21444,54,68,-14,14
21445,89,76,13,13
21446,85,84,1,1
21447,101,102,-1,1
21448,132,146,-14,14
21449,47,40,7,7
21450,83,87,-4,4
21451,89,88,1,1
21452,77,70,7,7
21453,150,148,2,2
21454,130,113,17,17
21455,85,94,-9,9
21456,114,104,10,10
21457,155,149,6,6
21458,63,58,5,5
21459,94,100,-6,6
21460,42,45,-3,3
21461,138,117,21,21
21462,78,90,-12,12
21463,79,75,4,4
21464,95,96,-1,1
21465,80,62,18,18
21466,80,97,-17,17
21467,39,43,-4,4
21468,143,128,15,15
21469,88,94,-6,6
21470,47,61,-14,14
21471,70,72,-2,2
21472,174,157,17,17
21473,148,156,-8,8
21474,185,163,22,22
21475,122,127,-5,5
21476,138,132,6,6
21477,99,91,8,8
21478,50,68,-18,18
21479,104,94,10,10
21480,69,89,-20,20
21481,127,125,2,2
21482,59,62,-3,3
21483,89,81,8,8
21484,81,82,-1,1
21485,64,70,-6,6
21486,124,120,4,4
21487,75,78,-3,3
21488,102,103,-1,1
21489,156,150,6,6
21490,81,85,-4,4
21491,90,83,7,7
21492,58,72,-14,14
21493,153,133,20,20
21494,100,100,0,0
21495,133,114,19,19
21496,133,127,6,6
21497,68,86,-18,18
21498,104,106,-2,2
21499,74,78,-4,4
21500,138,123,15,15
21501,83,92,-9,9
21502,125,137,-12,12
21503,98,107,-9,9
21504,92,86,6,6
21505,39,56,-17,17
21506,93,98,-5,5
21507,47,58,-11,11
21508,72,81,-9,9
21509,138,135,3,3
21510,81,80,1,1
21511,102,106,-4,4
21512,146,130,16,16
21513,80,73,7,7
21514,76,70,6,6
21515,130,144,-14,14
21516,138,128,10,10
21517,69,74,-5,5
21518,134,125,9,9
21519,73,85,-12,12
21520,55,61,-6,6
21521,68,80,-12,12
21522,78,94,-16,16
21523,85,97,-12,12
21524,118,117,1,1
21525,80,74,6,6
21526,153,160,-7,7
21527,81,77,4,4
21528,85,91,-6,6
21529,117,117,0,0
21530,126,127,-1,1
21531,34,47,-13,13
21532,72,68,4,4
21533,138,121,17,17
21534,82,94,-12,12
21535,113,119,-6,6
21536,63,70,-7,7
21537,80,64,16,16
21538,67,69,-2,2
21539,117,136,-19,19
21540,120,115,5,5
21541,75,69,6,6
21542,117,131,-14,14
21543,103,101,2,2
21544,149,153,-4,4
21545,169,170,-1,1
21546,85,93,-8,8
21547,91,82,9,9
21548,121,118,3,3
21549,95,124,-29,29
21550,123,121,2,2
21551,36,50,-14,14
21552,71,74,-3,3
21553,106,112,-6,6
21554,101,94,7,7
21555,60,69,-9,9
21556,68,66,2,2
21557,76,76,0,0
21558,91,92,-1,1
21559,84,90,-6,6
21560,97,102,-5,5
21561,75,84,-9,9
21562,44,48,-4,4
21563,78,68,10,10
21564,55,52,3,3
21565,106,116,-10,10
21566,125,122,3,3
21567,185,160,25,25
21568,148,189,-41,41
21569,156,146,10,10
21570,128,120,8,8
21571,96,99,-3,3
21572,99,91,8,8
21573,63,67,-4,4
21574,78,90,-12,12
21575,162,156,6,6
21576,75,68,7,7
21577,103,105,-2,2
21578,110,98,12,12
21579,116,109,7,7
21580,51,56,-5,5
21581,126,114,12,12
21582,37,39,-2,2
21583,109,102,7,7
21584,115,123,-8,8
21585,70,63,7,7
21586,94,114,-20,20
21587,113,109,4,4
21588,91,93,-2,2
21589,71,78,-7,7
21590,55,43,12,12
21591,63,79,-16,16
21592,59,64,-5,5
21593,81,88,-7,7
21594,135,130,5,5
21595,95,96,-1,1
21596,67,73,-6,6
21597,80,77,3,3
21598,73,80,-7,7
21599,98,88,10,10
21600,104,102,2,2
21601,63,44,19,19
21602,60,56,4,4
21603,117,121,-4,4
21604,60,68,-8,8
21605,127,124,3,3
21606,121,112,9,9
21607,118,112,6,6
21608,80,87,-7,7
21609,77,79,-2,2
21610,104,96,8,8
21611,182,192,-10,10
21612,90,94,-4,4
21613,49,48,1,1
21614,86,92,-6,6
21615,88,91,-3,3
21616,114,108,6,6
21617,56,51,5,5
21618,66,62,4,4
21619,68,111,-43,43
21620,88,99,-11,11
21621,45,73,-28,28
21622,231,226,5,5
21623,136,125,11,11
21624,69,67,2,2
21625,123,120,3,3
21626,60,56,4,4
21627,72,69,3,3
21628,84,89,-5,5
21629,123,123,0,0
21630,58,74,-16,16
21631,58,55,3,3
21632,71,50,21,21
21633,97,92,5,5
21634,61,61,0,0
21635,57,53,4,4
21636,172,164,8,8
21637,62,48,14,14
21638,112,127,-15,15
21639,126,127,-1,1
21640,85,88,-3,3
21641,105,111,-6,6
21642,100,100,0,0
21643,117,138,-21,21
21644,76,87,-11,11
21645,85,80,5,5
21646,187,176,11,11
21647,145,136,9,9
21648,64,82,-18,18
21649,107,101,6,6
21650,140,124,16,16
21651,46,64,-18,18
21652,63,62,1,1
21653,93,89,4,4
21654,111,106,5,5
21655,60,55,5,5
21656,120,107,13,13
21657,67,69,-2,2
21658,157,150,7,7
21659,133,134,-1,1
21660,112,122,-10,10
21661,119,151,-32,32
21662,86,90,-4,4
21663,128,123,5,5
21664,109,105,4,4
21665,133,119,14,14
21666,62,62,0,0
21667,167,149,18,18
21668,122,112,10,10
21669,42,53,-11,11
21670,66,65,1,1
21671,110,105,5,5
21672,84,102,-18,18
21673,115,104,11,11
21674,174,172,2,2
21675,85,80,5,5
21676,100,91,9,9
21677,56,70,-14,14
21678,72,68,4,4
21679,87,84,3,3
21680,70,92,-22,22
21681,76,74,2,2
21682,89,93,-4,4
21683,69,73,-4,4
21684,175,164,11,11
21685,191,174,17,17
21686,66,63,3,3
21687,145,158,-13,13
21688,127,109,18,18
21689,54,49,5,5
21690,70,62,8,8
21691,67,68,-1,1
21692,77,72,5,5
21693,119,111,8,8
21694,38,69,-31,31
21695,77,76,1,1
21696,49,49,0,0
21697,63,62,1,1
21698,40,70,-30,30
21699,69,99,-30,30
21700,35,46,-11,11
21701,93,84,9,9
21702,61,71,-10,10
21703,50,46,4,4
21704,113,130,-17,17
21705,123,109,14,14
21706,75,74,1,1
21707,94,85,9,9
21708,71,83,-12,12
21709,114,128,-14,14
21710,68,65,3,3
21711,129,146,-17,17
21712,61,40,21,21
21713,92,89,3,3
21714,76,63,13,13
21715,106,99,7,7
21716,123,115,8,8
21717,89,93,-4,4
21718,88,97,-9,9
21719,48,48,0,0
21720,87,83,4,4
21721,53,49,4,4
21722,120,115,5,5
21723,105,108,-3,3
21724,117,108,9,9
21725,128,122,6,6
21726,173,137,36,36
21727,85,84,1,1
21728,97,88,9,9
21729,101,93,8,8
21730,67,74,-7,7
21731,71,68,3,3
21732,89,75,14,14
21733,85,100,-15,15
21734,83,93,-10,10
21735,78,67,11,11
21736,76,83,-7,7
21737,115,109,6,6
21738,68,63,5,5
21739,75,66,9,9
21740,106,82,24,24
21741,76,87,-11,11
21742,123,130,-7,7
21743,82,90,-8,8
21744,82,81,1,1
21745,162,154,8,8
21746,64,65,-1,1
21747,66,54,12,12
21748,48,52,-4,4
21749,86,88,-2,2
21750,59,58,1,1
21751,118,120,-2,2
21752,75,70,5,5
21753,138,121,17,17
21754,50,68,-18,18
21755,96,80,16,16
21756,68,66,2,2
21757,83,86,-3,3
21758,93,102,-9,9
21759,78,88,-10,10
21760,45,43,2,2
21761,85,91,-6,6
21762,123,103,20,20
21763,42,56,-14,14
21764,84,81,3,3
21765,123,125,-2,2
21766,45,55,-10,10
21767,88,93,-5,5
21768,85,91,-6,6
21769,79,70,9,9
21770,75,78,-3,3
21771,125,123,2,2
21772,33,29,4,4
21773,84,88,-4,4
21774,117,124,-7,7
21775,79,83,-4,4
21776,190,173,17,17
21777,112,108,4,4
21778,86,84,2,2
21779,115,109,6,6
21780,74,72,2,2
21781,85,96,-11,11
21782,28,54,-26,26
21783,45,45,0,0
21784,115,102,13,13
21785,92,85,7,7
21786,78,82,-4,4
21787,129,132,-3,3
21788,119,120,-1,1
21789,78,76,2,2
21790,78,64,14,14
21791,211,159,52,52
21792,95,98,-3,3
21793,101,106,-5,5
21794,163,146,17,17
21795,168,141,27,27
21796,109,103,6,6
21797,98,102,-4,4
21798,61,62,-1,1
21799,131,132,-1,1
21800,74,70,4,4
21801,66,69,-3,3
21802,130,123,7,7
21803,71,64,7,7
21804,135,127,8,8
21805,88,88,0,0
21806,150,147,3,3
21807,152,142,10,10
21808,117,103,14,14
21809,133,121,12,12
21810,77,88,-11,11
21811,75,68,7,7
21812,63,72,-9,9
21813,73,65,8,8
21814,72,66,6,6
21815,62,74,-12,12
21816,98,109,-11,11
21817,103,93,10,10
21818,167,178,-11,11
21819,73,86,-13,13
21820,68,73,-5,5
21821,104,97,7,7
21822,96,94,2,2
21823,165,160,5,5
21824,128,125,3,3
21825,147,135,12,12
21826,139,125,14,14
21827,156,126,30,30
21828,86,94,-8,8
21829,78,84,-6,6
21830,78,75,3,3
21831,89,81,8,8
21832,115,109,6,6
21833,122,120,2,2
21834,47,51,-4,4
21835,60,70,-10,10
21836,87,100,-13,13
21837,77,78,-1,1
21838,115,98,17,17
21839,105,83,22,22
21840,120,122,-2,2
21841,95,91,4,4
21842,103,100,3,3
21843,57,57,0,0
21844,132,127,5,5
21845,118,141,-23,23
21846,134,107,27,27
21847,85,100,-15,15
21848,130,130,0,0
21849,107,114,-7,7
21850,112,112,0,0
21851,63,57,6,6
21852,176,162,14,14
21853,83,73,10,10
21854,88,96,-8,8
21855,141,120,21,21
21856,121,124,-3,3
21857,119,108,11,11
21858,51,60,-9,9
21859,60,65,-5,5
21860,103,85,18,18
21861,122,113,9,9
21862,79,78,1,1
21863,103,95,8,8
21864,86,86,0,0
21865,58,68,-10,10
21866,103,94,9,9
21867,89,89,0,0
21868,94,100,-6,6
21869,115,122,-7,7
21870,151,179,-28,28
21871,97,87,10,10
21872,88,86,2,2
21873,78,91,-13,13
21874,79,87,-8,8
21875,51,18,33,33
21876,77,78,-1,1
21877,98,93,5,5
21878,160,134,26,26
21879,114,116,-2,2
21880,95,91,4,4
21881,77,78,-1,1
21882,75,78,-3,3
21883,142,135,7,7
21884,72,69,3,3
21885,150,128,22,22
21886,67,66,1,1
21887,104,102,2,2
21888,95,92,3,3
21889,116,102,14,14
21890,43,82,-39,39
21891,98,105,-7,7
21892,85,81,4,4
21893,93,89,4,4
21894,106,97,9,9
21895,99,101,-2,2
21896,179,162,17,17
21897,61,87,-26,26
21898,77,88,-11,11
21899,64,64,0,0
21900,90,87,3,3
21901,106,123,-17,17
21902,67,72,-5,5
21903,102,100,2,2
21904,94,121,-27,27
21905,92,85,7,7
21906,81,83,-2,2
21907,84,74,10,10
21908,131,134,-3,3
21909,96,107,-11,11
21910,89,84,5,5
21911,107,98,9,9
21912,73,70,3,3
21913,81,74,7,7
21914,69,75,-6,6
21915,73,73,0,0
21916,150,130,20,20
21917,115,99,16,16
21918,90,93,-3,3
21919,63,57,6,6
21920,138,123,15,15
21921,125,126,-1,1
21922,111,110,1,1
21923,124,117,7,7
21924,37,54,-17,17
21925,114,108,6,6
21926,67,74,-7,7
21927,116,125,-9,9
21928,134,141,-7,7
21929,58,78,-20,20
21930,75,70,5,5
21931,119,106,13,13
21932,94,93,1,1
21933,72,67,5,5
21934,144,130,14,14
21935,86,87,-1,1
21936,112,108,4,4
21937,57,68,-11,11
21938,121,127,-6,6
21939,118,124,-6,6
21940,79,88,-9,9
21941,53,68,-15,15
21942,61,61,0,0
21943,90,99,-9,9
21944,114,113,1,1
21945,101,97,4,4
21946,180,172,8,8
21947,136,143,-7,7
21948,100,95,5,5
21949,107,112,-5,5
21950,95,94,1,1
21951,75,76,-1,1
21952,86,95,-9,9
21953,71,76,-5,5
21954,126,128,-2,2
21955,125,130,-5,5
21956,162,160,2,2
21957,71,87,-16,16
21958,60,53,7,7
21959,118,116,2,2
21960,104,68,36,36
21961,117,112,5,5
21962,144,138,6,6
21963,78,77,1,1
21964,95,89,6,6
21965,157,181,-24,24
21966,70,72,-2,2
21967,68,69,-1,1
21968,125,112,13,13
21969,111,101,10,10
21970,112,110,2,2
21971,118,119,-1,1
21972,71,51,20,20
21973,126,134,-8,8
21974,96,102,-6,6
21975,59,75,-16,16
21976,82,86,-4,4
21977,101,105,-4,4
21978,80,81,-1,1
21979,61,64,-3,3
21980,89,104,-15,15
21981,107,92,15,15
21982,55,57,-2,2
21983,99,86,13,13
21984,131,139,-8,8
21985,80,70,10,10
21986,110,104,6,6
21987,94,99,-5,5
21988,32,38,-6,6
21989,105,108,-3,3
21990,103,116,-13,13
21991,152,155,-3,3
21992,136,124,12,12
21993,78,67,11,11
21994,68,62,6,6
21995,68,90,-22,22
21996,36,30,6,6
21997,111,107,4,4
21998,64,66,-2,2
21999,70,75,-5,5
22000,89,84,5,5
22001,103,106,-3,3
22002,79,75,4,4
22003,175,165,10,10
22004,103,112,-9,9
22005,84,76,8,8
22006,79,82,-3,3
22007,93,102,-9,9
22008,124,113,11,11
22009,106,115,-9,9
22010,144,146,-2,2
22011,100,94,6,6
22012,70,76,-6,6
22013,122,140,-18,18
22014,101,92,9,9
22015,125,122,3,3
22016,94,96,-2,2
22017,134,152,-18,18
22018,69,68,1,1
22019,119,106,13,13
22020,106,99,7,7
22021,122,126,-4,4
22022,54,55,-1,1
22023,89,87,2,2
22024,76,94,-18,18
22025,86,91,-5,5
22026,144,119,25,25
22027,93,93,0,0
22028,105,114,-9,9
22029,101,104,-3,3
22030,81,99,-18,18
22031,85,81,4,4
22032,157,156,1,1
22033,112,110,2,2
22034,76,82,-6,6
22035,85,96,-11,11
22036,141,120,21,21
22037,87,107,-20,20
22038,71,85,-14,14
22039,104,113,-9,9
22040,73,73,0,0
22041,143,132,11,11
22042,92,101,-9,9
22043,80,87,-7,7
22044,98,93,5,5
22045,80,73,7,7
22046,54,55,-1,1
22047,134,179,-45,45
22048,70,75,-5,5
22049,114,113,1,1
22050,80,76,4,4
22051,90,80,10,10
22052,82,89,-7,7
22053,103,102,1,1
22054,82,77,5,5
22055,92,94,-2,2
22056,82,88,-6,6
22057,66,72,-6,6
22058,124,171,-47,47
22059,61,72,-11,11
22060,63,66,-3,3
22061,91,93,-2,2
22062,72,77,-5,5
22063,54,62,-8,8
22064,87,91,-4,4
22065,104,103,1,1
22066,61,62,-1,1
22067,125,114,11,11
22068,129,121,8,8
22069,33,51,-18,18
22070,97,102,-5,5
22071,73,86,-13,13
22072,154,139,15,15
22073,74,68,6,6
22074,125,127,-2,2
22075,54,56,-2,2
22076,68,70,-2,2
22077,91,80,11,11
22078,68,64,4,4
22079,92,103,-11,11
22080,117,103,14,14
22081,98,100,-2,2
22082,124,110,14,14
22083,71,74,-3,3
22084,66,62,4,4
22085,37,58,-21,21
22086,108,107,1,1
22087,59,58,1,1
22088,84,83,1,1
22089,162,145,17,17
22090,108,109,-1,1
22091,120,121,-1,1
22092,102,115,-13,13
22093,68,78,-10,10
22094,146,122,24,24
22095,116,110,6,6
22096,66,73,-7,7
22097,67,68,-1,1
22098,46,67,-21,21
22099,92,84,8,8
22100,150,136,14,14
22101,58,42,16,16
22102,103,97,6,6
22103,112,101,11,11
22104,90,99,-9,9
22105,98,98,0,0
22106,54,62,-8,8
22107,76,85,-9,9
22108,77,80,-3,3
22109,111,107,4,4
22110,118,131,-13,13
22111,125,125,0,0
22112,94,103,-9,9
22113,73,81,-8,8
22114,173,162,11,11
22115,155,134,21,21
22116,120,122,-2,2
22117,86,80,6,6
22118,115,113,2,2
22119,149,135,14,14
22120,68,94,-26,26
22121,130,108,22,22
22122,65,70,-5,5
22123,63,27,36,36
22124,39,48,-9,9
22125,82,75,7,7
22126,74,64,10,10
22127,57,69,-12,12
22128,105,101,4,4
22129,106,104,2,2
22130,126,145,-19,19
22131,113,100,13,13
22132,109,112,-3,3
22133,95,95,0,0
22134,86,79,7,7
22135,99,95,4,4
22136,65,129,-64,64
22137,70,68,2,2
22138,66,65,1,1
22139,45,60,-15,15
22140,77,67,10,10
22141,50,62,-12,12
22142,105,108,-3,3
22143,101,102,-1,1
22144,62,69,-7,7
22145,82,99,-17,17
22146,69,69,0,0
22147,122,140,-18,18
22148,147,144,3,3
22149,220,285,-65,65
22150,69,74,-5,5
22151,93,84,9,9
22152,111,110,1,1
22153,152,144,8,8
22154,124,128,-4,4
22155,43,37,6,6
22156,112,97,15,15
22157,83,79,4,4
22158,140,142,-2,2
22159,110,120,-10,10
22160,71,91,-20,20
22161,96,109,-13,13
22162,148,149,-1,1
22163,53,17,36,36
22164,120,105,15,15
22165,188,178,10,10
22166,29,38,-9,9
22167,117,104,13,13
22168,104,99,5,5
22169,81,73,8,8
22170,124,122,2,2
22171,103,110,-7,7
22172,139,132,7,7
22173,79,66,13,13
22174,133,124,9,9
22175,112,118,-6,6
22176,99,109,-10,10
22177,101,95,6,6
22178,75,73,2,2
22179,110,108,2,2
22180,121,113,8,8
22181,110,100,10,10
22182,68,78,-10,10
22183,99,98,1,1
22184,67,72,-5,5
22185,72,84,-12,12
22186,151,118,33,33
22187,87,104,-17,17
22188,83,89,-6,6
22189,58,66,-8,8
22190,56,55,1,1
22191,72,68,4,4
22192,91,91,0,0
22193,61,58,3,3
22194,95,94,1,1
22195,101,101,0,0
22196,98,99,-1,1
22197,128,128,0,0
22198,183,166,17,17
22199,68,72,-4,4
22200,97,100,-3,3
22201,74,67,7,7
22202,127,120,7,7
22203,91,92,-1,1
22204,95,95,0,0
22205,83,89,-6,6
22206,130,131,-1,1
22207,143,133,10,10
22208,68,65,3,3
22209,72,72,0,0
22210,81,89,-8,8
22211,63,65,-2,2
22212,92,79,13,13
22213,70,91,-21,21
22214,114,120,-6,6
22215,119,101,18,18
22216,130,120,10,10
22217,94,100,-6,6
22218,104,101,3,3
22219,99,110,-11,11
22220,55,48,7,7
22221,111,105,6,6
22222,101,85,16,16
22223,86,86,0,0
22224,89,98,-9,9
22225,91,123,-32,32
22226,140,144,-4,4
22227,74,80,-6,6
22228,82,80,2,2
22229,103,93,10,10
22230,104,89,15,15
22231,75,78,-3,3
22232,92,94,-2,2
22233,53,60,-7,7
22234,74,73,1,1
22235,38,46,-8,8
22236,141,139,2,2
22237,91,97,-6,6
22238,97,88,9,9
22239,115,115,0,0
22240,141,139,2,2
22241,72,83,-11,11
22242,87,88,-1,1
22243,114,108,6,6
22244,96,93,3,3
22245,68,75,-7,7
22246,123,141,-18,18
22247,91,83,8,8
22248,91,80,11,11
22249,116,126,-10,10
22250,49,78,-29,29
22251,57,56,1,1
22252,124,115,9,9
22253,88,100,-12,12
22254,129,123,6,6
22255,55,45,10,10
22256,188,152,36,36
22257,64,65,-1,1
22258,71,83,-12,12
22259,45,27,18,18
22260,93,105,-12,12
22261,68,74,-6,6
22262,161,153,8,8
22263,69,86,-17,17
22264,113,116,-3,3
22265,74,92,-18,18
22266,58,65,-7,7
22267,149,152,-3,3
22268,49,50,-1,1
22269,96,98,-2,2
22270,122,129,-7,7
22271,92,82,10,10
22272,124,143,-19,19
22273,93,84,9,9
22274,149,159,-10,10
22275,179,166,13,13
22276,147,150,-3,3
22277,121,106,15,15
22278,62,63,-1,1
22279,50,60,-10,10
22280,54,46,8,8
22281,104,90,14,14
22282,73,74,-1,1
22283,101,105,-4,4
22284,71,86,-15,15
22285,90,96,-6,6
22286,71,69,2,2
22287,72,72,0,0
22288,61,87,-26,26
22289,65,66,-1,1
22290,81,88,-7,7
22291,37,52,-15,15
22292,65,72,-7,7
22293,128,136,-8,8
22294,55,79,-24,24
22295,55,71,-16,16
22296,131,124,7,7
22297,67,60,7,7
22298,138,122,16,16
22299,66,59,7,7
22300,62,68,-6,6
22301,187,170,17,17
22302,127,122,5,5
22303,105,113,-8,8
22304,78,82,-4,4
22305,94,97,-3,3
22306,94,98,-4,4
22307,108,111,-3,3
22308,135,128,7,7
22309,78,80,-2,2
22310,87,103,-16,16
22311,59,59,0,0
22312,134,164,-30,30
22313,89,92,-3,3
22314,79,89,-10,10
22315,27,43,-16,16
22316,74,44,30,30
22317,56,59,-3,3
22318,121,123,-2,2
22319,88,85,3,3
22320,145,159,-14,14
22321,99,106,-7,7
22322,127,112,15,15
22323,85,78,7,7
22324,91,75,16,16
22325,184,180,4,4
22326,76,74,2,2
22327,86,84,2,2
22328,88,86,2,2
22329,156,151,5,5
22330,106,102,4,4
22331,102,96,6,6
22332,106,104,2,2
22333,87,86,1,1
22334,60,76,-16,16
22335,82,75,7,7
22336,112,99,13,13
22337,118,123,-5,5
22338,75,70,5,5
22339,94,102,-8,8
22340,57,68,-11,11
22341,96,97,-1,1
22342,67,64,3,3
22343,78,99,-21,21
22344,114,106,8,8
22345,70,74,-4,4
22346,60,60,0,0
22347,91,83,8,8
22348,86,75,11,11
22349,84,86,-2,2
22350,75,69,6,6
22351,133,129,4,4
22352,193,180,13,13
22353,68,76,-8,8
22354,139,136,3,3
22355,57,65,-8,8
22356,110,104,6,6
22357,83,92,-9,9
22358,159,137,22,22
22359,110,115,-5,5
22360,150,127,23,23
22361,95,108,-13,13
22362,139,127,12,12
22363,72,62,10,10
22364,147,122,25,25
22365,89,81,8,8
22366,136,138,-2,2
22367,47,45,2,2
22368,158,156,2,2
22369,111,114,-3,3
22370,99,98,1,1
22371,112,106,6,6
22372,82,90,-8,8
22373,38,33,5,5
22374,82,85,-3,3
22375,80,73,7,7
22376,119,105,14,14
22377,68,85,-17,17
22378,117,110,7,7
22379,76,70,6,6
22380,94,90,4,4
22381,68,71,-3,3
22382,49,32,17,17
22383,59,66,-7,7
22384,135,134,1,1
22385,111,112,-1,1
22386,102,98,4,4
22387,118,119,-1,1
22388,90,92,-2,2
22389,62,69,-7,7
22390,104,103,1,1
22391,120,103,17,17
22392,105,100,5,5
22393,131,123,8,8
22394,103,114,-11,11
22395,117,116,1,1
22396,92,90,2,2
22397,70,75,-5,5
22398,108,101,7,7
22399,71,81,-10,10
22400,58,62,-4,4
22401,91,71,20,20
22402,98,88,10,10
22403,40,37,3,3
22404,92,82,10,10
22405,100,102,-2,2
22406,138,140,-2,2
22407,132,126,6,6
22408,101,121,-20,20
22409,71,77,-6,6
22410,86,76,10,10
22411,107,104,3,3
22412,85,87,-2,2
22413,68,74,-6,6
22414,80,76,4,4
22415,125,114,11,11
22416,99,97,2,2
22417,122,109,13,13
22418,190,153,37,37
22419,109,95,14,14
22420,83,69,14,14
22421,121,163,-42,42
22422,79,93,-14,14
22423,142,143,-1,1
22424,63,61,2,2
22425,66,73,-7,7
22426,114,109,5,5
22427,80,81,-1,1
22428,72,74,-2,2
22429,190,178,12,12
22430,91,89,2,2
22431,152,132,20,20
22432,74,51,23,23
22433,88,95,-7,7
22434,181,175,6,6
22435,118,126,-8,8
22436,131,126,5,5
22437,64,113,-49,49
22438,86,81,5,5
22439,74,76,-2,2
22440,79,76,3,3
22441,99,106,-7,7
22442,169,145,24,24
22443,68,57,11,11
22444,79,75,4,4
22445,181,153,28,28
22446,119,101,18,18
22447,120,104,16,16
22448,67,78,-11,11
22449,67,72,-5,5
22450,76,77,-1,1
22451,87,90,-3,3
22452,91,108,-17,17
22453,161,143,18,18
22454,58,67,-9,9
22455,57,53,4,4
22456,95,112,-17,17
22457,63,69,-6,6
22458,64,80,-16,16
22459,55,62,-7,7
22460,136,137,-1,1
22461,107,95,12,12
22462,83,89,-6,6
22463,52,62,-10,10
22464,127,156,-29,29
22465,90,95,-5,5
22466,141,134,7,7
22467,87,90,-3,3
22468,99,100,-1,1
22469,67,77,-10,10
22470,79,79,0,0
22471,102,99,3,3
22472,168,169,-1,1
22473,154,152,2,2
22474,118,112,6,6
22475,68,75,-7,7
22476,109,112,-3,3
22477,41,41,0,0
22478,65,76,-11,11
22479,108,107,1,1
22480,26,45,-19,19
22481,99,119,-20,20
22482,137,138,-1,1
22483,180,176,4,4
22484,223,210,13,13
22485,103,113,-10,10
22486,91,94,-3,3
22487,120,111,9,9
22488,73,70,3,3
22489,69,78,-9,9
22490,76,96,-20,20
22491,73,59,14,14
22492,41,44,-3,3
22493,143,159,-16,16
22494,121,123,-2,2
22495,97,107,-10,10
22496,86,98,-12,12
22497,80,79,1,1
22498,105,121,-16,16
22499,111,100,11,11
22500,133,149,-16,16
22501,120,121,-1,1
22502,156,173,-17,17
22503,100,112,-12,12
22504,41,41,0,0
22505,94,96,-2,2
22506,59,57,2,2
22507,71,61,10,10
22508,68,62,6,6
22509,102,96,6,6
22510,134,121,13,13
22511,60,51,9,9
22512,169,138,31,31
22513,80,83,-3,3
22514,126,149,-23,23
22515,146,123,23,23
22516,128,135,-7,7
22517,67,78,-11,11
22518,92,90,2,2
22519,72,78,-6,6
22520,79,88,-9,9
22521,102,92,10,10
22522,62,63,-1,1
22523,59,58,1,1
22524,116,104,12,12
22525,96,95,1,1
22526,86,95,-9,9
22527,68,79,-11,11
22528,90,97,-7,7
22529,90,89,1,1
22530,141,120,21,21
22531,109,106,3,3
22532,51,75,-24,24
22533,107,98,9,9
22534,130,123,7,7
22535,103,110,-7,7
22536,49,55,-6,6
22537,106,99,7,7
22538,87,82,5,5
22539,68,63,5,5
22540,88,93,-5,5
22541,79,83,-4,4
22542,104,87,17,17
22543,94,90,4,4
22544,123,119,4,4
22545,98,85,13,13
22546,123,107,16,16
22547,104,102,2,2
22548,60,67,-7,7
22549,70,77,-7,7
22550,89,82,7,7
22551,122,121,1,1
22552,55,64,-9,9
22553,141,139,2,2
22554,80,87,-7,7
22555,97,109,-12,12
22556,126,122,4,4
22557,73,73,0,0
22558,63,73,-10,10
22559,151,123,28,28
22560,109,115,-6,6
22561,161,156,5,5
22562,80,78,2,2
22563,126,111,15,15
22564,89,85,4,4
22565,95,84,11,11
22566,163,152,11,11
22567,121,99,22,22
22568,80,87,-7,7
22569,79,61,18,18
22570,94,83,11,11
22571,143,138,5,5
22572,95,87,8,8
22573,108,113,-5,5
22574,94,99,-5,5
22575,102,95,7,7
22576,84,100,-16,16
22577,80,85,-5,5
22578,135,117,18,18
22579,98,80,18,18
22580,113,108,5,5
22581,85,158,-73,73
22582,97,96,1,1
22583,67,67,0,0
22584,135,130,5,5
22585,31,43,-12,12
22586,154,169,-15,15
22587,136,141,-5,5
22588,35,27,8,8
22589,145,143,2,2
22590,76,68,8,8
22591,89,99,-10,10
22592,84,97,-13,13
22593,82,94,-12,12
22594,76,82,-6,6
22595,88,98,-10,10
22596,85,79,6,6
22597,109,124,-15,15
22598,165,139,26,26
22599,88,93,-5,5
22600,54,56,-2,2
22601,93,81,12,12
22602,66,66,0,0
22603,75,74,1,1
22604,55,61,-6,6
22605,72,81,-9,9
22606,113,103,10,10
22607,127,132,-5,5
22608,53,49,4,4
22609,94,99,-5,5
22610,90,87,3,3
22611,65,76,-11,11
22612,60,69,-9,9
22613,59,49,10,10
22614,107,108,-1,1
22615,93,99,-6,6
22616,128,115,13,13
22617,55,61,-6,6
22618,93,88,5,5
22619,79,84,-5,5
22620,148,124,24,24
22621,129,132,-3,3
22622,51,71,-20,20
22623,92,106,-14,14
22624,93,110,-17,17
22625,114,111,3,3
22626,72,77,-5,5
22627,92,94,-2,2
22628,81,75,6,6
22629,69,82,-13,13
22630,93,80,13,13
22631,189,175,14,14
22632,71,73,-2,2
22633,87,91,-4,4
22634,48,169,-121,121
22635,94,87,7,7
22636,116,133,-17,17
22637,62,50,12,12
22638,240,204,36,36
22639,104,100,4,4
22640,80,87,-7,7
22641,66,45,21,21
22642,100,95,5,5
22643,133,131,2,2
22644,103,92,11,11
22645,137,147,-10,10
22646,165,158,7,7
22647,125,122,3,3
22648,86,71,15,15
22649,95,99,-4,4
22650,103,126,-23,23
22651,140,115,25,25
22652,95,97,-2,2
22653,68,79,-11,11
22654,52,53,-1,1
22655,77,70,7,7
22656,121,115,6,6
22657,107,114,-7,7
22658,98,89,9,9
22659,100,86,14,14
22660,81,92,-11,11
22661,46,58,-12,12
22662,162,153,9,9
22663,136,137,-1,1
22664,85,93,-8,8
22665,83,75,8,8
22666,135,117,18,18
22667,39,35,4,4
22668,61,73,-12,12
22669,73,69,4,4
22670,87,76,11,11
22671,76,89,-13,13
22672,84,104,-20,20
22673,94,87,7,7
22674,163,171,-8,8
22675,80,92,-12,12
22676,86,108,-22,22
22677,152,125,27,27
22678,100,115,-15,15
22679,75,63,12,12
22680,92,85,7,7
22681,84,84,0,0
22682,144,128,16,16
22683,69,76,-7,7
22684,109,112,-3,3
22685,109,92,17,17
22686,88,84,4,4
22687,67,78,-11,11
22688,115,103,12,12
22689,125,118,7,7
22690,95,97,-2,2
22691,87,93,-6,6
22692,98,100,-2,2
22693,83,106,-23,23
22694,101,107,-6,6
22695,51,48,3,3
22696,108,106,2,2
22697,136,137,-1,1
22698,208,200,8,8
22699,121,120,1,1
22700,84,80,4,4
22701,86,85,1,1
22702,148,140,8,8
22703,110,127,-17,17
22704,117,116,1,1
22705,96,98,-2,2
22706,69,68,1,1
22707,137,140,-3,3
22708,66,60,6,6
22709,89,76,13,13
22710,44,51,-7,7
22711,136,121,15,15
22712,128,117,11,11
22713,73,71,2,2
22714,155,153,2,2
22715,89,68,21,21
22716,87,80,7,7
22717,147,127,20,20
22718,64,62,2,2
22719,37,40,-3,3
22720,122,118,4,4
22721,44,65,-21,21
22722,126,128,-2,2
22723,60,67,-7,7
22724,148,151,-3,3
22725,134,128,6,6
22726,87,74,13,13
22727,135,149,-14,14
22728,90,82,8,8
22729,60,55,5,5
22730,86,83,3,3
22731,150,155,-5,5
22732,59,48,11,11
22733,111,109,2,2
22734,54,36,18,18
22735,158,137,21,21
22736,135,117,18,18
22737,32,41,-9,9
22738,63,61,2,2
22739,117,98,19,19
22740,83,93,-10,10
22741,54,57,-3,3
22742,151,137,14,14
22743,64,66,-2,2
22744,44,60,-16,16
22745,138,130,8,8
22746,48,56,-8,8
22747,123,109,14,14
22748,97,101,-4,4
22749,59,61,-2,2
22750,96,90,6,6
22751,19,58,-39,39
22752,112,121,-9,9
22753,131,149,-18,18
22754,153,140,13,13
22755,100,92,8,8
22756,183,171,12,12
22757,121,112,9,9
22758,129,115,14,14
22759,93,104,-11,11
22760,89,88,1,1
22761,92,84,8,8
22762,81,103,-22,22
22763,133,128,5,5
22764,77,84,-7,7
22765,63,74,-11,11
22766,66,61,5,5
22767,74,67,7,7
22768,150,153,-3,3
22769,76,93,-17,17
22770,68,46,22,22
22771,73,63,10,10
22772,93,91,2,2
22773,90,77,13,13
22774,81,104,-23,23
22775,59,53,6,6
22776,160,131,29,29
22777,47,45,2,2
22778,109,147,-38,38
22779,133,125,8,8
22780,114,121,-7,7
22781,89,76,13,13
22782,86,79,7,7
22783,95,77,18,18
22784,149,153,-4,4
22785,86,80,6,6
22786,112,102,10,10
22787,61,107,-46,46
22788,32,37,-5,5
22789,141,129,12,12
22790,106,96,10,10
22791,62,73,-11,11
22792,98,101,-3,3
22793,169,145,24,24
22794,75,84,-9,9
22795,113,105,8,8
22796,69,77,-8,8
22797,54,63,-9,9
22798,72,74,-2,2
22799,140,146,-6,6
22800,86,95,-9,9
22801,106,106,0,0
22802,81,76,5,5
22803,109,104,5,5
22804,120,102,18,18
22805,103,97,6,6
22806,201,168,33,33
22807,115,115,0,0
22808,94,65,29,29
22809,110,124,-14,14
22810,90,93,-3,3
22811,117,110,7,7
22812,80,71,9,9
22813,136,125,11,11
22814,95,101,-6,6
22815,121,106,15,15
22816,38,50,-12,12
22817,100,86,14,14
22818,83,82,1,1
22819,102,111,-9,9
22820,100,93,7,7
22821,67,65,2,2
22822,88,136,-48,48
22823,68,65,3,3
22824,145,138,7,7
22825,86,80,6,6
22826,107,105,2,2
22827,85,102,-17,17
22828,102,114,-12,12
22829,132,131,1,1
22830,61,70,-9,9
22831,70,71,-1,1
22832,91,95,-4,4
22833,139,131,8,8
22834,51,46,5,5
22835,39,44,-5,5
22836,100,90,10,10
22837,93,92,1,1
22838,89,99,-10,10
22839,92,99,-7,7
22840,35,55,-20,20
22841,93,92,1,1
22842,64,84,-20,20
22843,62,57,5,5
22844,102,86,16,16
22845,101,101,0,0
22846,93,87,6,6
22847,63,65,-2,2
22848,88,84,4,4
22849,80,89,-9,9
22850,134,107,27,27
22851,77,71,6,6
22852,73,74,-1,1
22853,57,61,-4,4
22854,118,93,25,25
22855,134,132,2,2
22856,127,130,-3,3
22857,88,85,3,3
22858,91,91,0,0
22859,110,117,-7,7
22860,46,51,-5,5
22861,105,108,-3,3
22862,103,123,-20,20
22863,108,98,10,10
22864,93,99,-6,6
22865,75,76,-1,1
22866,131,120,11,11
22867,130,130,0,0
22868,89,94,-5,5
22869,49,109,-60,60
22870,120,110,10,10
22871,151,153,-2,2
22872,92,98,-6,6
22873,77,96,-19,19
22874,126,130,-4,4
22875,100,109,-9,9
22876,54,49,5,5
22877,110,105,5,5
22878,133,116,17,17
22879,119,110,9,9
22880,126,125,1,1
22881,42,46,-4,4
22882,63,65,-2,2
22883,170,165,5,5
22884,68,86,-18,18
22885,114,124,-10,10
22886,115,107,8,8
22887,64,71,-7,7
22888,90,90,0,0
22889,126,130,-4,4
22890,72,85,-13,13
22891,116,123,-7,7
22892,151,152,-1,1
22893,98,76,22,22
22894,135,118,17,17
22895,132,132,0,0
22896,166,150,16,16
22897,109,106,3,3
22898,73,64,9,9
22899,43,45,-2,2
22900,60,63,-3,3
22901,95,95,0,0
22902,185,170,15,15
22903,116,108,8,8
22904,120,120,0,0
22905,117,117,0,0
22906,80,87,-7,7
22907,54,57,-3,3
22908,94,94,0,0
22909,104,103,1,1
22910,167,162,5,5
22911,183,184,-1,1
22912,125,140,-15,15
22913,67,63,4,4
22914,127,118,9,9
22915,108,102,6,6
22916,110,102,8,8
22917,72,74,-2,2
22918,76,74,2,2
22919,60,39,21,21
22920,127,115,12,12
22921,60,51,9,9
22922,117,102,15,15
22923,62,65,-3,3
22924,98,99,-1,1
22925,64,79,-15,15
22926,90,92,-2,2
22927,155,156,-1,1
22928,69,78,-9,9
22929,91,89,2,2
22930,91,85,6,6
22931,97,94,3,3
22932,116,103,13,13
22933,100,94,6,6
22934,81,86,-5,5
22935,77,85,-8,8
22936,46,50,-4,4
22937,86,99,-13,13
22938,98,88,10,10
22939,128,106,22,22
22940,53,57,-4,4
22941,86,100,-14,14
22942,106,100,6,6
22943,118,106,12,12
22944,132,131,1,1
22945,179,171,8,8
22946,72,74,-2,2
22947,57,53,4,4
22948,159,148,11,11
22949,56,55,1,1
22950,90,95,-5,5
22951,84,80,4,4
22952,120,116,4,4
22953,99,94,5,5
22954,121,108,13,13
22955,96,108,-12,12
22956,46,48,-2,2
22957,84,90,-6,6
22958,79,76,3,3
22959,165,163,2,2
22960,72,76,-4,4
22961,75,83,-8,8
22962,116,120,-4,4
22963,117,125,-8,8
22964,95,91,4,4
22965,138,159,-21,21
22966,64,70,-6,6
22967,70,75,-5,5
22968,51,44,7,7
22969,74,80,-6,6
22970,105,111,-6,6
22971,137,122,15,15
22972,93,83,10,10
22973,72,89,-17,17
22974,83,83,0,0
22975,113,104,9,9
22976,97,90,7,7
22977,76,85,-9,9
22978,65,61,4,4
22979,159,150,9,9
22980,72,71,1,1
22981,127,121,6,6
22982,94,86,8,8
22983,83,79,4,4
22984,84,91,-7,7
22985,60,62,-2,2
22986,100,96,4,4
22987,108,103,5,5
22988,118,108,10,10
22989,76,68,8,8
22990,87,62,25,25
22991,50,52,-2,2
22992,38,35,3,3
22993,146,130,16,16
22994,114,104,10,10
22995,52,54,-2,2
22996,84,93,-9,9
22997,122,116,6,6
22998,102,98,4,4
22999,181,167,14,14
23000,98,93,5,5
23001,39,39,0,0
23002,84,70,14,14
23003,145,104,41,41
23004,124,115,9,9
23005,110,125,-15,15
23006,57,51,6,6
23007,88,87,1,1
23008,64,92,-28,28
23009,195,186,9,9
23010,131,134,-3,3
23011,124,114,10,10
23012,79,95,-16,16
23013,66,66,0,0
23014,100,108,-8,8
23015,82,81,1,1
23016,81,88,-7,7
23017,85,88,-3,3
23018,192,177,15,15
23019,112,105,7,7
23020,166,153,13,13
23021,101,98,3,3
23022,82,78,4,4
23023,89,73,16,16
23024,94,84,10,10
23025,79,95,-16,16
23026,108,122,-14,14
23027,117,117,0,0
23028,123,111,12,12
23029,81,77,4,4
23030,87,88,-1,1
23031,66,80,-14,14
23032,35,39,-4,4
23033,102,86,16,16
23034,145,130,15,15
23035,62,53,9,9
23036,121,111,10,10
23037,69,65,4,4
23038,142,134,8,8
23039,74,68,6,6
23040,92,92,0,0
23041,63,71,-8,8
23042,71,71,0,0
23043,148,126,22,22
23044,72,84,-12,12
23045,75,88,-13,13
23046,118,134,-16,16
23047,103,102,1,1
23048,136,113,23,23
23049,126,132,-6,6
23050,93,104,-11,11
23051,101,106,-5,5
23052,133,122,11,11
23053,83,82,1,1
23054,91,94,-3,3
23055,52,52,0,0
23056,100,104,-4,4
23057,88,80,8,8
23058,80,90,-10,10
23059,83,104,-21,21
23060,90,77,13,13
23061,69,94,-25,25
23062,85,72,13,13
23063,107,97,10,10
23064,103,88,15,15
23065,60,63,-3,3
23066,152,143,9,9
23067,40,54,-14,14
23068,87,85,2,2
23069,78,70,8,8
23070,145,153,-8,8
23071,47,43,4,4
23072,139,123,16,16
23073,94,84,10,10
23074,138,178,-40,40
23075,115,94,21,21
23076,94,86,8,8
23077,106,95,11,11
23078,85,122,-37,37
23079,82,80,2,2
23080,61,64,-3,3
23081,160,160,0,0
23082,157,157,0,0
23083,87,87,0,0
23084,135,112,23,23
23085,120,118,2,2
23086,104,98,6,6
23087,165,130,35,35
23088,88,75,13,13
23089,67,76,-9,9
23090,87,81,6,6
23091,66,77,-11,11
23092,74,68,6,6
23093,76,87,-11,11
23094,62,70,-8,8
23095,79,75,4,4
23096,91,92,-1,1
23097,70,75,-5,5
23098,148,124,24,24
23099,135,127,8,8
23100,74,85,-11,11
23101,78,70,8,8
23102,93,92,1,1
23103,124,124,0,0
23104,129,126,3,3
23105,98,88,10,10
23106,72,65,7,7
23107,53,60,-7,7
23108,138,131,7,7
23109,184,147,37,37
23110,85,84,1,1
23111,82,81,1,1
23112,105,115,-10,10
23113,99,90,9,9
23114,65,64,1,1
23115,73,60,13,13
23116,66,65,1,1
23117,102,100,2,2
23118,85,65,20,20
23119,188,180,8,8
23120,81,204,-123,123
23121,124,131,-7,7
23122,59,64,-5,5
23123,108,110,-2,2
23124,92,91,1,1
23125,100,93,7,7
23126,105,109,-4,4
23127,93,103,-10,10
23128,155,140,15,15
23129,71,68,3,3
23130,65,56,9,9
23131,94,82,12,12
23132,122,131,-9,9
23133,70,73,-3,3
23134,65,71,-6,6
23135,160,155,5,5
23136,115,117,-2,2
23137,134,131,3,3
23138,101,97,4,4
23139,105,106,-1,1
23140,93,98,-5,5
23141,94,82,12,12
23142,82,77,5,5
23143,90,82,8,8
23144,78,64,14,14
23145,145,137,8,8
23146,120,125,-5,5
23147,94,100,-6,6
23148,95,86,9,9
23149,115,127,-12,12
23150,49,46,3,3
23151,134,129,5,5
23152,88,75,13,13
23153,82,79,3,3
23154,67,44,23,23
23155,71,69,2,2
23156,56,61,-5,5
23157,88,85,3,3
23158,34,52,-18,18
23159,62,81,-19,19
23160,82,85,-3,3
23161,111,114,-3,3
23162,48,49,-1,1
23163,102,113,-11,11
23164,143,126,17,17
23165,47,51,-4,4
23166,76,71,5,5
23167,119,113,6,6
23168,64,60,4,4
23169,72,73,-1,1
23170,141,124,17,17
23171,64,54,10,10
23172,127,125,2,2
23173,72,81,-9,9
23174,111,108,3,3
23175,104,79,25,25
23176,77,83,-6,6
23177,133,140,-7,7
23178,113,119,-6,6
23179,110,107,3,3
23180,89,94,-5,5
23181,125,130,-5,5
23182,127,104,23,23
23183,68,73,-5,5
23184,99,100,-1,1
23185,86,95,-9,9
23186,111,113,-2,2
23187,118,98,20,20
23188,74,88,-14,14
23189,132,139,-7,7
23190,99,88,11,11
23191,139,142,-3,3
23192,107,107,0,0
23193,70,80,-10,10
23194,77,84,-7,7
23195,101,113,-12,12
23196,103,102,1,1
23197,86,97,-11,11
23198,104,86,18,18
23199,100,109,-9,9
23200,150,137,13,13
23201,69,68,1,1
23202,129,124,5,5
23203,162,173,-11,11
23204,111,133,-22,22
23205,133,139,-6,6
23206,87,83,4,4
23207,74,80,-6,6
23208,95,98,-3,3
23209,110,127,-17,17
23210,124,118,6,6
23211,155,145,10,10
23212,74,68,6,6
23213,80,90,-10,10
23214,90,91,-1,1
23215,100,111,-11,11
23216,112,105,7,7
23217,81,69,12,12
23218,73,78,-5,5
23219,122,110,12,12
23220,130,134,-4,4
23221,129,129,0,0
23222,123,121,2,2
23223,84,89,-5,5
23224,63,61,2,2
23225,144,124,20,20
23226,91,161,-70,70
23227,66,78,-12,12
23228,95,99,-4,4
23229,129,118,11,11
23230,75,82,-7,7
23231,152,185,-33,33
23232,119,8,111,111
23233,107,113,-6,6
23234,184,157,27,27
23235,84,100,-16,16
23236,123,118,5,5
23237,167,150,17,17
23238,59,63,-4,4
23239,68,71,-3,3
23240,119,125,-6,6
23241,77,63,14,14
23242,70,76,-6,6
23243,79,74,5,5
23244,114,130,-16,16
23245,75,75,0,0
23246,64,62,2,2
23247,127,112,15,15
23248,52,56,-4,4
23249,67,62,5,5
23250,73,73,0,0
23251,85,82,3,3
23252,63,79,-16,16
23253,88,83,5,5
23254,89,95,-6,6
23255,133,119,14,14
23256,82,86,-4,4
23257,115,97,18,18
23258,97,102,-5,5
23259,81,99,-18,18
23260,102,96,6,6
23261,68,62,6,6
23262,64,62,2,2
23263,70,64,6,6
23264,73,81,-8,8
23265,59,60,-1,1
23266,136,143,-7,7
23267,103,115,-12,12
23268,137,117,20,20
23269,73,79,-6,6
23270,83,81,2,2
23271,95,92,3,3
23272,138,132,6,6
23273,86,100,-14,14
23274,66,82,-16,16
23275,134,183,-49,49
23276,116,116,0,0
23277,70,72,-2,2
23278,118,114,4,4
23279,131,129,2,2
23280,40,60,-20,20
23281,82,83,-1,1
23282,78,77,1,1
23283,97,93,4,4
23284,89,87,2,2
23285,133,126,7,7
23286,76,66,10,10
23287,152,144,8,8
23288,92,87,5,5
23289,62,69,-7,7
23290,179,145,34,34
23291,127,108,19,19
23292,115,115,0,0
23293,54,62,-8,8
23294,136,109,27,27
23295,76,78,-2,2
23296,62,90,-28,28
23297,78,92,-14,14
23298,182,178,4,4
23299,67,64,3,3
23300,110,98,12,12
23301,92,89,3,3
23302,150,134,16,16
23303,122,129,-7,7
23304,62,64,-2,2
23305,109,93,16,16
23306,123,124,-1,1
23307,107,116,-9,9
23308,50,59,-9,9
23309,62,64,-2,2
23310,115,108,7,7
23311,41,51,-10,10
23312,106,93,13,13
23313,58,60,-2,2
23314,67,65,2,2
23315,64,66,-2,2
23316,71,91,-20,20
23317,83,98,-15,15
23318,157,174,-17,17
23319,90,97,-7,7
23320,100,109,-9,9
23321,92,99,-7,7
23322,87,99,-12,12
23323,76,87,-11,11
23324,101,109,-8,8
23325,56,58,-2,2
23326,65,66,-1,1
23327,70,70,0,0
23328,57,58,-1,1
23329,112,153,-41,41
23330,50,60,-10,10
23331,47,42,5,5
23332,140,137,3,3
23333,51,49,2,2
23334,61,76,-15,15
23335,78,85,-7,7
23336,70,65,5,5
23337,98,96,2,2
23338,152,145,7,7
23339,99,97,2,2
23340,93,95,-2,2
23341,90,98,-8,8
23342,51,58,-7,7
23343,94,91,3,3
23344,82,90,-8,8
23345,137,99,38,38
23346,85,98,-13,13
23347,131,144,-13,13
23348,110,97,13,13
23349,70,64,6,6
23350,99,112,-13,13
23351,146,119,27,27
23352,37,42,-5,5
23353,94,89,5,5
23354,124,117,7,7
23355,91,115,-24,24
23356,85,96,-11,11
23357,58,68,-10,10
23358,78,86,-8,8
23359,62,69,-7,7
23360,51,56,-5,5
23361,85,94,-9,9
23362,64,69,-5,5
23363,108,120,-12,12
23364,89,96,-7,7
23365,120,119,1,1
23366,131,130,1,1
23367,50,48,2,2
23368,109,100,9,9
23369,82,84,-2,2
23370,115,101,14,14
23371,121,117,4,4
23372,193,175,18,18
23373,66,59,7,7
23374,125,122,3,3
23375,64,44,20,20
23376,105,106,-1,1
23377,47,56,-9,9
23378,57,68,-11,11
23379,105,91,14,14
23380,124,127,-3,3
23381,90,111,-21,21
23382,126,115,11,11
23383,89,91,-2,2
23384,122,115,7,7
23385,116,110,6,6
23386,80,70,10,10
23387,92,94,-2,2
23388,62,99,-37,37
23389,144,157,-13,13
23390,45,56,-11,11
23391,139,125,14,14
23392,117,118,-1,1
23393,99,104,-5,5
23394,98,100,-2,2
23395,87,81,6,6
23396,171,162,9,9
23397,127,108,19,19
23398,114,115,-1,1
23399,100,103,-3,3
23400,71,89,-18,18
23401,143,122,21,21
23402,84,81,3,3
23403,89,88,1,1
23404,85,71,14,14
23405,69,88,-19,19
23406,145,162,-17,17
23407,115,120,-5,5
23408,116,112,4,4
23409,114,110,4,4
23410,58,63,-5,5
23411,79,75,4,4
23412,73,77,-4,4
23413,114,121,-7,7
23414,140,128,12,12
23415,92,97,-5,5
23416,111,105,6,6
23417,131,144,-13,13
23418,76,76,0,0
23419,94,104,-10,10
23420,91,109,-18,18
23421,76,77,-1,1
23422,115,110,5,5
23423,65,67,-2,2
23424,113,106,7,7
23425,85,88,-3,3
23426,214,210,4,4
23427,211,191,20,20
23428,41,57,-16,16
23429,78,70,8,8
23430,161,162,-1,1
23431,79,71,8,8
23432,51,58,-7,7
23433,103,108,-5,5
23434,73,79,-6,6
23435,55,57,-2,2
23436,136,133,3,3
23437,131,131,0,0
23438,77,83,-6,6
23439,80,87,-7,7
23440,110,112,-2,2
23441,54,52,2,2
23442,111,109,2,2
23443,84,83,1,1
23444,70,71,-1,1
23445,70,72,-2,2
23446,106,96,10,10
23447,97,90,7,7
23448,100,101,-1,1
23449,135,147,-12,12
23450,86,89,-3,3
23451,42,38,4,4
23452,132,137,-5,5
23453,73,83,-10,10
23454,125,118,7,7
23455,83,88,-5,5
23456,125,129,-4,4
23457,120,114,6,6
23458,110,107,3,3
23459,197,170,27,27
23460,111,110,1,1
23461,86,89,-3,3
23462,76,75,1,1
23463,150,140,10,10
23464,115,118,-3,3
23465,89,101,-12,12
23466,176,148,28,28
23467,64,65,-1,1
23468,120,120,0,0
23469,121,128,-7,7
23470,64,70,-6,6
23471,49,72,-23,23
23472,70,64,6,6
23473,112,105,7,7
23474,89,100,-11,11
23475,107,112,-5,5
23476,155,141,14,14
23477,73,84,-11,11
23478,129,131,-2,2
23479,161,157,4,4
23480,89,82,7,7
23481,113,109,4,4
23482,99,100,-1,1
23483,127,122,5,5
23484,115,120,-5,5
23485,78,80,-2,2
23486,155,158,-3,3
23487,54,48,6,6
23488,89,91,-2,2
23489,115,120,-5,5
23490,82,79,3,3
23491,165,166,-1,1
23492,90,82,8,8
23493,87,87,0,0
23494,115,100,15,15
23495,70,63,7,7
23496,85,70,15,15
23497,101,104,-3,3
23498,118,138,-20,20
23499,135,118,17,17
23500,74,87,-13,13
23501,108,118,-10,10
23502,134,132,2,2
23503,109,100,9,9
23504,77,68,9,9
23505,71,72,-1,1
23506,78,73,5,5
23507,125,118,7,7
23508,90,98,-8,8
23509,47,43,4,4
23510,89,67,22,22
23511,102,91,11,11
23512,94,99,-5,5
23513,137,126,11,11
23514,110,102,8,8
23515,100,96,4,4
23516,125,132,-7,7
23517,57,88,-31,31
23518,120,119,1,1
23519,149,125,24,24
23520,69,74,-5,5
23521,91,93,-2,2
23522,69,69,0,0
23523,143,127,16,16
23524,112,99,13,13
23525,108,100,8,8
23526,83,104,-21,21
23527,102,118,-16,16
23528,55,59,-4,4
23529,101,106,-5,5
23530,39,51,-12,12
23531,173,174,-1,1
23532,98,99,-1,1
23533,136,144,-8,8
23534,62,68,-6,6
23535,188,163,25,25
23536,98,104,-6,6
23537,132,128,4,4
23538,89,95,-6,6
23539,106,118,-12,12
23540,101,111,-10,10
23541,150,120,30,30
23542,194,172,22,22
23543,108,114,-6,6
23544,78,94,-16,16
23545,70,67,3,3
23546,93,102,-9,9
23547,65,73,-8,8
23548,113,106,7,7
23549,129,128,1,1
23550,94,102,-8,8
23551,108,108,0,0
23552,90,87,3,3
23553,68,61,7,7
23554,98,101,-3,3
23555,96,111,-15,15
23556,85,88,-3,3
23557,137,157,-20,20
23558,112,102,10,10
23559,168,172,-4,4
23560,87,98,-11,11
23561,134,124,10,10
23562,75,83,-8,8
23563,135,119,16,16
23564,81,80,1,1
23565,96,112,-16,16
23566,91,93,-2,2
23567,104,89,15,15
23568,105,90,15,15
23569,56,54,2,2
23570,111,113,-2,2
23571,56,61,-5,5
23572,62,66,-4,4
23573,103,104,-1,1
23574,144,154,-10,10
23575,101,98,3,3
23576,79,65,14,14
23577,102,100,2,2
23578,121,123,-2,2
23579,140,125,15,15
23580,135,134,1,1
23581,80,80,0,0
23582,51,58,-7,7
23583,152,158,-6,6
23584,94,100,-6,6
23585,52,53,-1,1
23586,78,79,-1,1
23587,82,89,-7,7
23588,75,77,-2,2
23589,117,108,9,9
23590,136,125,11,11
23591,92,90,2,2
23592,55,50,5,5
23593,126,116,10,10
23594,55,58,-3,3
23595,43,47,-4,4
23596,83,93,-10,10
23597,116,127,-11,11
23598,113,110,3,3
23599,60,63,-3,3
23600,100,114,-14,14
23601,100,110,-10,10
23602,113,114,-1,1
23603,123,126,-3,3
23604,69,74,-5,5
23605,113,118,-5,5
23606,71,90,-19,19
23607,132,115,17,17
23608,151,144,7,7
23609,57,58,-1,1
23610,105,105,0,0
23611,188,192,-4,4
23612,79,82,-3,3
23613,151,153,-2,2
23614,137,137,0,0
23615,42,48,-6,6
23616,144,129,15,15
23617,41,42,-1,1
23618,82,78,4,4
23619,91,94,-3,3
23620,65,71,-6,6
23621,65,66,-1,1
23622,103,103,0,0
23623,116,116,0,0
23624,149,143,6,6
23625,202,184,18,18
23626,61,58,3,3
23627,78,73,5,5
23628,154,137,17,17
23629,87,88,-1,1
23630,93,86,7,7
23631,134,149,-15,15
23632,116,110,6,6
23633,124,128,-4,4
23634,148,151,-3,3
23635,140,139,1,1
23636,69,67,2,2
23637,107,102,5,5
23638,99,99,0,0
23639,137,125,12,12
23640,165,139,26,26
23641,102,97,5,5
23642,116,106,10,10
23643,95,71,24,24
23644,86,114,-28,28
23645,88,102,-14,14
23646,108,106,2,2
23647,153,150,3,3
23648,69,76,-7,7
23649,76,77,-1,1
23650,103,95,8,8
23651,79,94,-15,15
23652,129,122,7,7
23653,87,81,6,6
23654,67,66,1,1
23655,81,75,6,6
23656,118,120,-2,2
23657,69,67,2,2
23658,63,71,-8,8
23659,77,82,-5,5
23660,113,104,9,9
23661,143,129,14,14
23662,57,66,-9,9
23663,86,84,2,2
23664,36,56,-20,20
23665,128,112,16,16
23666,111,115,-4,4
23667,68,68,0,0
23668,60,84,-24,24
23669,90,88,2,2
23670,99,97,2,2
23671,80,78,2,2
23672,79,81,-2,2
23673,84,96,-12,12
23674,77,62,15,15
23675,132,134,-2,2
23676,94,48,46,46
23677,95,101,-6,6
23678,67,66,1,1
23679,134,114,20,20
23680,148,148,0,0
23681,92,89,3,3
23682,85,82,3,3
23683,69,88,-19,19
23684,107,123,-16,16
23685,113,120,-7,7
23686,49,46,3,3
23687,31,38,-7,7
23688,72,77,-5,5
23689,135,144,-9,9
23690,126,114,12,12
23691,67,67,0,0
23692,70,87,-17,17
23693,64,62,2,2
23694,70,115,-45,45
23695,88,89,-1,1
23696,66,75,-9,9
23697,80,87,-7,7
23698,82,95,-13,13
23699,85,92,-7,7
23700,128,133,-5,5
23701,116,118,-2,2
23702,74,75,-1,1
23703,107,98,9,9
23704,74,71,3,3
23705,133,107,26,26
23706,91,88,3,3
23707,100,105,-5,5
23708,90,80,10,10
23709,41,49,-8,8
23710,117,105,12,12
23711,91,102,-11,11
23712,108,119,-11,11
23713,61,75,-14,14
23714,201,169,32,32
23715,112,109,3,3
23716,62,58,4,4
23717,70,79,-9,9
23718,79,86,-7,7
23719,85,80,5,5
23720,138,137,1,1
23721,132,133,-1,1
23722,46,62,-16,16
23723,172,170,2,2
23724,120,109,11,11
23725,120,115,5,5
23726,96,101,-5,5
23727,108,95,13,13
23728,125,140,-15,15
23729,72,82,-10,10
23730,110,97,13,13
23731,51,58,-7,7
23732,127,131,-4,4
23733,109,112,-3,3
23734,70,65,5,5
23735,91,88,3,3
23736,53,65,-12,12
23737,195,188,7,7
23738,63,66,-3,3
23739,97,102,-5,5
23740,109,109,0,0
23741,116,125,-9,9
23742,52,61,-9,9
23743,66,80,-14,14
23744,70,73,-3,3
23745,143,128,15,15
23746,61,246,-185,185
23747,105,99,6,6
23748,58,58,0,0
23749,141,140,1,1
23750,64,63,1,1
23751,126,131,-5,5
23752,154,148,6,6
23753,103,91,12,12
23754,54,55,-1,1
23755,100,94,6,6
23756,99,94,5,5
23757,84,91,-7,7
23758,67,69,-2,2
23759,51,55,-4,4
23760,118,137,-19,19
23761,139,125,14,14
23762,83,83,0,0
23763,127,131,-4,4
23764,98,93,5,5
23765,86,87,-1,1
23766,53,61,-8,8
23767,111,112,-1,1
23768,82,85,-3,3
23769,101,98,3,3
23770,79,87,-8,8
23771,82,92,-10,10
23772,101,90,11,11
23773,172,147,25,25
23774,49,55,-6,6
23775,144,142,2,2
23776,79,74,5,5
23777,71,82,-11,11
23778,109,113,-4,4
23779,97,87,10,10
23780,134,132,2,2
23781,139,146,-7,7
23782,103,102,1,1
23783,104,94,10,10
23784,45,62,-17,17
23785,124,134,-10,10
23786,77,85,-8,8
23787,92,102,-10,10
23788,54,70,-16,16
23789,96,103,-7,7
23790,77,50,27,27
23791,99,92,7,7
23792,46,45,1,1
23793,128,127,1,1
23794,114,117,-3,3
23795,183,156,27,27
23796,74,76,-2,2
23797,152,140,12,12
23798,95,93,2,2
23799,84,75,9,9
23800,103,104,-1,1
23801,118,110,8,8
23802,82,96,-14,14
23803,161,164,-3,3
23804,93,88,5,5
23805,91,94,-3,3
23806,106,96,10,10
23807,91,95,-4,4
23808,52,58,-6,6
23809,89,91,-2,2
23810,80,80,0,0
23811,112,120,-8,8
23812,69,63,6,6
23813,68,68,0,0
23814,219,226,-7,7
23815,89,94,-5,5
23816,127,109,18,18
23817,84,91,-7,7
23818,85,80,5,5
23819,28,74,-46,46
23820,141,124,17,17
23821,92,89,3,3
23822,130,120,10,10
23823,59,73,-14,14
23824,143,125,18,18
23825,145,133,12,12
23826,73,65,8,8
23827,177,175,2,2
23828,169,149,20,20
23829,54,51,3,3
23830,128,111,17,17
23831,52,59,-7,7
23832,129,124,5,5
23833,99,104,-5,5
23834,119,95,24,24
23835,75,86,-11,11
23836,119,106,13,13
23837,103,102,1,1
23838,130,116,14,14
23839,119,113,6,6
23840,100,96,4,4
23841,159,171,-12,12
23842,75,68,7,7
23843,86,92,-6,6
23844,123,114,9,9
23845,74,77,-3,3
23846,50,66,-16,16
23847,57,60,-3,3
23848,50,49,1,1
23849,71,83,-12,12
23850,96,98,-2,2
23851,76,79,-3,3
23852,130,119,11,11
23853,62,63,-1,1
23854,92,80,12,12
23855,98,112,-14,14
23856,67,60,7,7
23857,231,233,-2,2
23858,68,68,0,0
23859,59,55,4,4
23860,82,65,17,17
23861,67,72,-5,5
23862,88,78,10,10
23863,138,138,0,0
23864,81,79,2,2
23865,117,121,-4,4
23866,67,72,-5,5
23867,57,67,-10,10
23868,53,56,-3,3
23869,87,79,8,8
23870,123,119,4,4
23871,128,119,9,9
23872,80,91,-11,11
23873,95,104,-9,9
23874,105,109,-4,4
23875,92,97,-5,5
23876,97,96,1,1
23877,96,100,-4,4
23878,114,109,5,5
23879,57,61,-4,4
23880,174,147,27,27
23881,98,96,2,2
23882,96,85,11,11
23883,34,44,-10,10
23884,53,49,4,4
23885,70,79,-9,9
23886,100,105,-5,5
23887,112,115,-3,3
23888,86,83,3,3
23889,106,102,4,4
23890,75,82,-7,7
23891,97,108,-11,11
23892,93,94,-1,1
23893,105,67,38,38
23894,108,96,12,12
23895,137,161,-24,24
23896,99,99,0,0
23897,71,69,2,2
23898,157,162,-5,5
23899,111,112,-1,1
23900,102,95,7,7
23901,144,124,20,20
23902,86,90,-4,4
23903,63,68,-5,5
23904,97,94,3,3
23905,30,38,-8,8
23906,77,74,3,3
23907,111,107,4,4
23908,77,75,2,2
23909,41,39,2,2
23910,82,83,-1,1
23911,144,139,5,5
23912,117,130,-13,13
23913,94,94,0,0
23914,58,65,-7,7
23915,101,101,0,0
23916,105,95,10,10
23917,99,99,0,0
23918,88,81,7,7
23919,69,72,-3,3
23920,67,74,-7,7
23921,51,63,-12,12
23922,120,105,15,15
23923,60,59,1,1
23924,90,81,9,9
23925,81,76,5,5
23926,163,173,-10,10
23927,142,141,1,1
23928,65,67,-2,2
23929,156,146,10,10
23930,52,37,15,15
23931,74,79,-5,5
23932,115,112,3,3
23933,126,128,-2,2
23934,48,43,5,5
23935,129,116,13,13
23936,160,153,7,7
23937,110,116,-6,6
23938,121,134,-13,13
23939,97,93,4,4
23940,110,138,-28,28
23941,135,125,10,10
23942,153,140,13,13
23943,103,117,-14,14
23944,103,103,0,0
23945,119,102,17,17
23946,76,74,2,2
23947,195,192,3,3
23948,57,55,2,2
23949,59,66,-7,7
23950,146,144,2,2
23951,91,90,1,1
23952,101,96,5,5
23953,240,207,33,33
23954,88,92,-4,4
23955,83,70,13,13
23956,77,81,-4,4
23957,82,97,-15,15
23958,82,98,-16,16
23959,119,106,13,13
23960,106,101,5,5
23961,101,109,-8,8
23962,78,77,1,1
23963,82,85,-3,3
23964,82,87,-5,5
23965,126,109,17,17
23966,87,100,-13,13
23967,96,87,9,9
23968,68,80,-12,12
23969,100,91,9,9
23970,71,80,-9,9
23971,91,101,-10,10
23972,118,118,0,0
23973,93,100,-7,7
23974,87,89,-2,2
23975,75,94,-19,19
23976,64,60,4,4
23977,94,102,-8,8
23978,45,49,-4,4
23979,97,91,6,6
23980,115,110,5,5
23981,84,71,13,13
23982,139,132,7,7
23983,155,158,-3,3
23984,65,64,1,1
23985,72,73,-1,1
23986,65,65,0,0
23987,45,28,17,17
23988,92,99,-7,7
23989,148,168,-20,20
23990,163,143,20,20
23991,80,74,6,6
23992,131,118,13,13
23993,74,60,14,14
23994,62,69,-7,7
23995,65,50,15,15
23996,110,88,22,22
23997,119,86,33,33
23998,110,108,2,2
23999,89,94,-5,5
24000,104,119,-15,15
24001,110,128,-18,18
24002,83,83,0,0
24003,134,118,16,16
24004,110,115,-5,5
24005,74,76,-2,2
24006,152,144,8,8
24007,103,107,-4,4
24008,47,48,-1,1
24009,104,106,-2,2
24010,59,67,-8,8
24011,76,68,8,8
24012,82,89,-7,7
24013,100,100,0,0
24014,127,122,5,5
24015,70,65,5,5
24016,71,76,-5,5
24017,83,98,-15,15
24018,80,76,4,4
24019,102,104,-2,2
24020,70,82,-12,12
24021,89,93,-4,4
24022,75,73,2,2
24023,104,100,4,4
24024,84,65,19,19
24025,56,56,0,0
24026,55,67,-12,12
24027,141,157,-16,16
24028,82,91,-9,9
24029,182,171,11,11
24030,154,146,8,8
24031,86,80,6,6
24032,78,80,-2,2
24033,91,83,8,8
24034,115,115,0,0
24035,112,113,-1,1
24036,98,122,-24,24
24037,83,83,0,0
24038,58,59,-1,1
24039,72,66,6,6
24040,46,38,8,8
24041,54,53,1,1
24042,99,99,0,0
24043,100,134,-34,34
24044,114,107,7,7
24045,56,52,4,4
24046,49,55,-6,6
24047,63,75,-12,12
24048,63,59,4,4
24049,72,78,-6,6
24050,97,99,-2,2
24051,59,66,-7,7
24052,123,117,6,6
24053,109,132,-23,23
24054,108,98,10,10
24055,95,108,-13,13
24056,94,102,-8,8
24057,59,57,2,2
24058,80,83,-3,3
24059,140,123,17,17
24060,102,99,3,3
24061,65,68,-3,3
24062,117,106,11,11
24063,63,58,5,5
24064,77,90,-13,13
24065,137,117,20,20
24066,114,116,-2,2
24067,78,68,10,10
24068,45,45,0,0
24069,84,97,-13,13
24070,96,118,-22,22
24071,62,70,-8,8
24072,67,70,-3,3
24073,178,140,38,38
24074,78,97,-19,19
24075,112,110,2,2
24076,99,87,12,12
24077,94,90,4,4
24078,86,83,3,3
24079,116,113,3,3
24080,64,59,5,5
24081,51,40,11,11
24082,176,154,22,22
24083,120,115,5,5
24084,121,114,7,7
24085,84,84,0,0
24086,108,106,2,2
24087,97,95,2,2
24088,91,99,-8,8
24089,117,115,2,2
24090,102,88,14,14
24091,53,46,7,7
24092,82,81,1,1
24093,63,54,9,9
24094,50,88,-38,38
24095,121,106,15,15
24096,33,44,-11,11
24097,75,80,-5,5
24098,98,102,-4,4
24099,95,84,11,11
24100,94,99,-5,5
24101,43,74,-31,31
24102,88,95,-7,7
24103,72,67,5,5
24104,118,106,12,12
24105,76,80,-4,4
24106,58,58,0,0
24107,104,82,22,22
24108,115,104,11,11
24109,63,61,2,2
24110,105,102,3,3
24111,59,60,-1,1
24112,58,57,1,1
24113,146,137,9,9
24114,82,90,-8,8
24115,114,119,-5,5
24116,95,84,11,11
24117,46,49,-3,3
24118,122,125,-3,3
24119,78,80,-2,2
24120,97,87,10,10
24121,111,114,-3,3
24122,161,134,27,27
24123,157,152,5,5
24124,90,104,-14,14
24125,69,63,6,6
24126,78,73,5,5
24127,111,110,1,1
24128,56,50,6,6
24129,83,64,19,19
24130,186,151,35,35
24131,76,81,-5,5
24132,76,75,1,1
24133,136,124,12,12
24134,87,88,-1,1
24135,87,79,8,8
24136,72,123,-51,51
24137,64,84,-20,20
24138,162,160,2,2
24139,59,61,-2,2
24140,77,69,8,8
24141,58,60,-2,2
24142,65,56,9,9
24143,103,100,3,3
24144,74,58,16,16
24145,83,71,12,12
24146,62,78,-16,16
24147,115,112,3,3
24148,88,96,-8,8
24149,79,85,-6,6
24150,102,99,3,3
24151,76,64,12,12
24152,72,76,-4,4
24153,127,134,-7,7
24154,57,67,-10,10
24155,123,110,13,13
24156,108,98,10,10
24157,179,167,12,12
24158,56,103,-47,47
24159,129,135,-6,6
24160,76,81,-5,5
24161,160,140,20,20
24162,108,91,17,17
24163,65,65,0,0
24164,80,78,2,2
24165,68,78,-10,10
24166,125,160,-35,35
24167,55,56,-1,1
24168,101,104,-3,3
24169,102,108,-6,6
24170,151,150,1,1
24171,98,132,-34,34
24172,72,89,-17,17
24173,124,128,-4,4
24174,113,116,-3,3
24175,84,74,10,10
24176,51,72,-21,21
24177,73,69,4,4
24178,58,67,-9,9
24179,103,97,6,6
24180,89,77,12,12
24181,103,103,0,0
24182,122,111,11,11
24183,62,66,-4,4
24184,152,144,8,8
24185,49,52,-3,3
24186,76,74,2,2
24187,107,113,-6,6
24188,63,83,-20,20
24189,132,125,7,7
24190,167,113,54,54
24191,105,99,6,6
24192,160,156,4,4
24193,86,83,3,3
24194,105,102,3,3
24195,88,97,-9,9
24196,102,100,2,2
24197,102,118,-16,16
24198,101,103,-2,2
24199,48,59,-11,11
24200,131,128,3,3
24201,45,43,2,2
24202,100,105,-5,5
24203,77,71,6,6
24204,131,133,-2,2
24205,106,112,-6,6
24206,115,103,12,12
24207,140,133,7,7
24208,111,113,-2,2
24209,100,110,-10,10
24210,55,63,-8,8
24211,80,74,6,6
24212,98,109,-11,11
24213,61,54,7,7
24214,106,100,6,6
24215,91,97,-6,6
24216,96,88,8,8
24217,88,80,8,8
24218,79,100,-21,21
24219,108,110,-2,2
24220,108,111,-3,3
24221,137,116,21,21
24222,110,114,-4,4
24223,67,79,-12,12
24224,81,72,9,9
24225,74,85,-11,11
24226,95,107,-12,12
24227,36,38,-2,2
24228,96,92,4,4
24229,80,89,-9,9
24230,86,81,5,5
24231,145,141,4,4
24232,163,160,3,3
24233,57,53,4,4
24234,91,105,-14,14
24235,100,104,-4,4
24236,55,47,8,8
24237,118,108,10,10
24238,183,173,10,10
24239,79,92,-13,13
24240,82,75,7,7
24241,107,108,-1,1
24242,47,47,0,0
24243,103,111,-8,8
24244,78,73,5,5
24245,114,117,-3,3
24246,127,111,16,16
24247,65,69,-4,4
24248,149,167,-18,18
24249,72,76,-4,4
24250,75,85,-10,10
24251,99,101,-2,2
24252,91,83,8,8
24253,50,60,-10,10
24254,116,114,2,2
24255,150,147,3,3
24256,136,135,1,1
24257,145,134,11,11
24258,64,66,-2,2
24259,81,78,3,3
24260,76,73,3,3
24261,91,87,4,4
24262,64,56,8,8
24263,52,64,-12,12
24264,85,91,-6,6
24265,93,87,6,6
24266,80,93,-13,13
24267,84,88,-4,4
24268,71,71,0,0
24269,73,63,10,10
24270,54,66,-12,12
24271,87,84,3,3
24272,88,95,-7,7
24273,50,58,-8,8
24274,122,112,10,10
24275,98,102,-4,4
24276,82,80,2,2
24277,173,170,3,3
24278,78,69,9,9
24279,106,103,3,3
24280,103,101,2,2
24281,78,84,-6,6
24282,57,55,2,2
24283,125,133,-8,8
24284,103,122,-19,19
24285,100,106,-6,6
24286,78,82,-4,4
24287,122,116,6,6
24288,122,129,-7,7
24289,135,125,10,10
24290,110,94,16,16
24291,174,147,27,27
24292,54,56,-2,2
24293,43,64,-21,21
24294,82,79,3,3
24295,91,88,3,3
24296,104,95,9,9
24297,148,151,-3,3
24298,30,44,-14,14
24299,115,107,8,8
24300,122,112,10,10
24301,126,109,17,17
24302,68,62,6,6
24303,119,102,17,17
24304,124,131,-7,7
24305,81,60,21,21
24306,74,85,-11,11
24307,75,68,7,7
24308,57,56,1,1
24309,92,96,-4,4
24310,79,66,13,13
24311,118,117,1,1
24312,62,71,-9,9
24313,86,74,12,12
24314,57,73,-16,16
24315,93,123,-30,30
24316,111,94,17,17
24317,77,75,2,2
24318,66,78,-12,12
24319,142,108,34,34
24320,117,103,14,14
24321,48,48,0,0
24322,195,168,27,27
24323,100,104,-4,4
24324,103,73,30,30
24325,59,80,-21,21
24326,76,68,8,8
24327,108,108,0,0
24328,127,123,4,4
24329,91,96,-5,5
24330,67,68,-1,1
24331,157,128,29,29
24332,120,125,-5,5
24333,79,84,-5,5
24334,95,100,-5,5
24335,103,101,2,2
24336,126,130,-4,4
24337,73,94,-21,21
24338,53,63,-10,10
24339,126,126,0,0
24340,78,75,3,3
24341,128,112,16,16
24342,51,54,-3,3
24343,76,72,4,4
24344,130,132,-2,2
24345,87,87,0,0
24346,76,79,-3,3
24347,71,72,-1,1
24348,115,103,12,12
24349,119,126,-7,7
24350,75,83,-8,8
24351,75,72,3,3
24352,93,95,-2,2
24353,128,132,-4,4
24354,127,161,-34,34
24355,94,101,-7,7
24356,133,112,21,21
24357,53,38,15,15
24358,146,137,9,9
24359,117,117,0,0
24360,74,80,-6,6
24361,126,122,4,4
24362,41,48,-7,7
24363,143,140,3,3
24364,90,92,-2,2
24365,73,88,-15,15
24366,156,151,5,5
24367,72,69,3,3
24368,59,53,6,6
24369,27,108,-81,81
24370,93,97,-4,4
24371,87,98,-11,11
24372,44,27,17,17
24373,182,190,-8,8
24374,90,83,7,7
24375,170,184,-14,14
24376,128,129,-1,1
24377,102,129,-27,27
24378,99,92,7,7
24379,106,113,-7,7
24380,86,76,10,10
24381,127,121,6,6
24382,99,88,11,11
24383,101,115,-14,14
24384,155,196,-41,41
24385,184,144,40,40
24386,98,97,1,1
24387,95,87,8,8
24388,108,136,-28,28
24389,103,107,-4,4
24390,147,161,-14,14
24391,100,97,3,3
24392,76,92,-16,16
24393,308,254,54,54
24394,71,92,-21,21
24395,80,75,5,5
24396,88,73,15,15
24397,92,103,-11,11
24398,105,110,-5,5
24399,63,71,-8,8
24400,89,80,9,9
24401,77,90,-13,13
24402,94,106,-12,12
24403,72,89,-17,17
24404,65,62,3,3
24405,132,139,-7,7
24406,90,80,10,10
24407,83,85,-2,2
24408,35,78,-43,43
24409,163,162,1,1
24410,73,72,1,1
24411,117,103,14,14
24412,87,93,-6,6
24413,70,79,-9,9
24414,189,182,7,7
24415,81,74,7,7
24416,59,77,-18,18
24417,110,110,0,0
24418,103,110,-7,7
24419,89,83,6,6
24420,90,87,3,3
24421,475,246,229,229
24422,66,53,13,13
24423,97,103,-6,6
24424,89,78,11,11
24425,106,100,6,6
24426,81,78,3,3
24427,143,139,4,4
24428,113,112,1,1
24429,83,84,-1,1
24430,276,231,45,45
24431,88,86,2,2
24432,91,91,0,0
24433,179,154,25,25
24434,175,146,29,29
24435,86,94,-8,8
24436,60,63,-3,3
24437,86,79,7,7
24438,104,100,4,4
24439,144,125,19,19
24440,93,100,-7,7
24441,98,102,-4,4
24442,59,73,-14,14
24443,112,137,-25,25
24444,98,105,-7,7
24445,60,63,-3,3
24446,72,61,11,11
24447,42,48,-6,6
24448,57,52,5,5
24449,138,127,11,11
24450,99,98,1,1
24451,134,134,0,0
24452,96,80,16,16
24453,101,120,-19,19
24454,88,95,-7,7
24455,79,86,-7,7
24456,61,46,15,15
24457,77,63,14,14
24458,119,128,-9,9
24459,124,111,13,13
24460,77,90,-13,13
24461,81,80,1,1
24462,70,71,-1,1
24463,120,136,-16,16
24464,90,99,-9,9
24465,88,91,-3,3
24466,49,32,17,17
24467,70,67,3,3
24468,90,91,-1,1
24469,70,67,3,3
24470,119,108,11,11
24471,99,95,4,4
24472,79,92,-13,13
24473,112,107,5,5
24474,63,65,-2,2
24475,40,52,-12,12
24476,145,136,9,9
24477,82,73,9,9
24478,87,83,4,4
24479,75,62,13,13
24480,71,64,7,7
24481,84,79,5,5
24482,85,88,-3,3
24483,101,87,14,14
24484,111,98,13,13
24485,90,96,-6,6
24486,63,59,4,4
24487,174,163,11,11
24488,106,95,11,11
24489,64,77,-13,13
24490,33,40,-7,7
24491,100,118,-18,18
24492,185,163,22,22
24493,68,75,-7,7
24494,29,42,-13,13
24495,45,55,-10,10
24496,58,59,-1,1
24497,120,104,16,16
24498,124,108,16,16
24499,70,63,7,7
24500,104,111,-7,7
24501,101,98,3,3
24502,92,102,-10,10
24503,81,76,5,5
24504,59,53,6,6
24505,84,81,3,3
24506,67,69,-2,2
24507,105,101,4,4
24508,81,86,-5,5
24509,56,55,1,1
24510,115,119,-4,4
24511,117,119,-2,2
24512,95,83,12,12
24513,134,129,5,5
24514,89,97,-8,8
24515,136,149,-13,13
24516,100,97,3,3
24517,95,115,-20,20
24518,73,73,0,0
24519,58,74,-16,16
24520,157,144,13,13
24521,77,80,-3,3
24522,54,30,24,24
24523,90,96,-6,6
24524,85,93,-8,8
24525,71,66,5,5
24526,73,75,-2,2
24527,87,96,-9,9
24528,57,68,-11,11
24529,64,66,-2,2
24530,72,68,4,4
24531,184,166,18,18
24532,152,125,27,27
24533,88,96,-8,8
24534,90,94,-4,4
24535,96,104,-8,8
24536,117,108,9,9
24537,65,67,-2,2
24538,101,97,4,4
24539,130,123,7,7
24540,189,156,33,33
24541,80,83,-3,3
24542,72,88,-16,16
24543,99,100,-1,1
24544,131,130,1,1
24545,120,126,-6,6
24546,64,68,-4,4
24547,59,67,-8,8
24548,69,78,-9,9
24549,44,58,-14,14
24550,85,89,-4,4
24551,51,70,-19,19
24552,70,71,-1,1
24553,61,70,-9,9
24554,110,128,-18,18
24555,69,80,-11,11
24556,56,62,-6,6
24557,125,143,-18,18
24558,91,97,-6,6
24559,53,51,2,2
24560,91,95,-4,4
24561,42,44,-2,2
24562,85,85,0,0
24563,33,53,-20,20
24564,94,77,17,17
24565,143,128,15,15
24566,72,70,2,2
24567,85,81,4,4
24568,132,136,-4,4
24569,103,93,10,10
24570,131,109,22,22
24571,72,64,8,8
24572,109,104,5,5
24573,104,105,-1,1
24574,128,133,-5,5
24575,147,136,11,11
24576,90,94,-4,4
24577,44,46,-2,2
24578,84,95,-11,11
24579,129,160,-31,31
24580,76,98,-22,22
24581,82,110,-28,28
24582,155,140,15,15
24583,141,130,11,11
24584,110,129,-19,19
24585,117,112,5,5
24586,112,109,3,3
24587,109,114,-5,5
24588,63,60,3,3
24589,68,72,-4,4
24590,140,130,10,10
24591,42,43,-1,1
24592,97,102,-5,5
24593,73,72,1,1
24594,49,41,8,8
24595,163,124,39,39
24596,116,102,14,14
24597,98,112,-14,14
24598,97,90,7,7
24599,76,84,-8,8
24600,84,78,6,6
24601,52,53,-1,1
24602,134,121,13,13
24603,62,60,2,2
24604,123,117,6,6
24605,55,68,-13,13
24606,80,83,-3,3
24607,77,80,-3,3
24608,121,118,3,3
24609,45,53,-8,8
24610,66,80,-14,14
24611,59,40,19,19
24612,45,49,-4,4
24613,63,61,2,2
24614,65,90,-25,25
24615,95,104,-9,9
24616,84,80,4,4
24617,110,127,-17,17
24618,83,79,4,4
24619,133,138,-5,5
24620,111,111,0,0
24621,69,79,-10,10
24622,43,48,-5,5
24623,97,107,-10,10
24624,78,91,-13,13
24625,75,77,-2,2
24626,130,129,1,1
24627,73,75,-2,2
24628,156,174,-18,18
24629,110,87,23,23
24630,132,126,6,6
24631,108,112,-4,4
24632,97,107,-10,10
24633,139,126,13,13
24634,88,87,1,1
24635,136,129,7,7
24636,115,115,0,0
24637,141,142,-1,1
24638,125,115,10,10
24639,114,106,8,8
24640,127,123,4,4
24641,87,93,-6,6
24642,126,130,-4,4
24643,83,103,-20,20
24644,68,78,-10,10
24645,100,101,-1,1
24646,67,68,-1,1
24647,79,70,9,9
24648,123,124,-1,1
24649,49,52,-3,3
24650,73,68,5,5
24651,105,97,8,8
24652,86,91,-5,5
24653,78,84,-6,6
24654,97,92,5,5
24655,95,103,-8,8
24656,46,55,-9,9
24657,105,111,-6,6
24658,157,146,11,11
24659,97,115,-18,18
24660,130,106,24,24
24661,114,133,-19,19
24662,56,55,1,1
24663,37,40,-3,3
24664,133,127,6,6
24665,80,99,-19,19
24666,56,59,-3,3
24667,64,65,-1,1
24668,78,84,-6,6
24669,96,86,10,10
24670,90,85,5,5
24671,126,112,14,14
24672,85,81,4,4
24673,60,55,5,5
24674,92,92,0,0
24675,105,101,4,4
24676,92,86,6,6
24677,85,91,-6,6
24678,187,172,15,15
24679,108,116,-8,8
24680,64,65,-1,1
24681,99,97,2,2
24682,92,87,5,5
24683,111,114,-3,3
24684,83,71,12,12
24685,92,93,-1,1
24686,68,58,10,10
24687,158,131,27,27
24688,54,51,3,3
24689,86,82,4,4
24690,94,95,-1,1
24691,102,103,-1,1
24692,55,51,4,4
24693,52,58,-6,6
24694,69,79,-10,10
24695,97,93,4,4
24696,59,57,2,2
24697,86,91,-5,5
24698,104,97,7,7
24699,119,122,-3,3
24700,124,111,13,13
24701,99,108,-9,9
24702,94,85,9,9
24703,129,137,-8,8
24704,134,110,24,24
24705,58,47,11,11
24706,131,125,6,6
24707,100,83,17,17
24708,97,90,7,7
24709,75,77,-2,2
24710,133,134,-1,1
24711,87,76,11,11
24712,76,72,4,4
24713,55,53,2,2
24714,167,162,5,5
24715,108,108,0,0
24716,64,68,-4,4
24717,56,74,-18,18
24718,49,75,-26,26
24719,55,62,-7,7
24720,80,97,-17,17
24721,55,55,0,0
24722,169,156,13,13
24723,156,151,5,5
24724,102,90,12,12
24725,94,99,-5,5
24726,92,90,2,2
24727,116,135,-19,19
24728,120,125,-5,5
24729,107,100,7,7
24730,113,119,-6,6
24731,75,83,-8,8
24732,67,79,-12,12
24733,98,88,10,10
24734,193,161,32,32
24735,165,187,-22,22
24736,92,93,-1,1
24737,53,44,9,9
24738,82,87,-5,5
24739,113,116,-3,3
24740,89,100,-11,11
24741,93,93,0,0
24742,94,87,7,7
24743,87,78,9,9
24744,145,135,10,10
24745,142,126,16,16
24746,115,108,7,7
24747,82,87,-5,5
24748,87,94,-7,7
24749,74,67,7,7
24750,61,102,-41,41
24751,125,134,-9,9
24752,74,69,5,5
24753,129,122,7,7
24754,88,80,8,8
24755,93,98,-5,5
24756,83,77,6,6
24757,123,107,16,16
24758,103,89,14,14
24759,136,138,-2,2
24760,88,98,-10,10
24761,94,86,8,8
24762,71,77,-6,6
24763,80,80,0,0
24764,73,63,10,10
24765,90,79,11,11
24766,81,87,-6,6
24767,85,97,-12,12
24768,48,54,-6,6
24769,122,130,-8,8
24770,120,123,-3,3
24771,100,96,4,4
24772,123,100,23,23
24773,154,133,21,21
24774,49,62,-13,13
24775,110,101,9,9
24776,90,92,-2,2
24777,103,104,-1,1
24778,69,71,-2,2
24779,113,102,11,11
24780,102,93,9,9
24781,80,124,-44,44
24782,45,52,-7,7
24783,154,144,10,10
24784,116,101,15,15
24785,125,109,16,16
24786,182,143,39,39
24787,68,68,0,0
24788,82,68,14,14
24789,78,85,-7,7
24790,60,82,-22,22
24791,119,114,5,5
24792,76,71,5,5
24793,102,100,2,2
24794,94,112,-18,18
24795,76,85,-9,9
24796,52,53,-1,1
24797,82,66,16,16
24798,117,126,-9,9
24799,110,106,4,4
24800,165,141,24,24
24801,79,65,14,14
24802,132,130,2,2
24803,118,109,9,9
24804,95,91,4,4
24805,74,72,2,2
24806,52,77,-25,25
24807,104,101,3,3
24808,103,129,-26,26
24809,119,118,1,1
24810,99,111,-12,12
24811,141,126,15,15
24812,62,63,-1,1
24813,95,101,-6,6
24814,115,112,3,3
24815,97,108,-11,11
24816,46,51,-5,5
24817,122,132,-10,10
24818,121,123,-2,2
24819,102,113,-11,11
24820,148,143,5,5
24821,71,73,-2,2
24822,114,120,-6,6
24823,126,121,5,5
24824,84,86,-2,2
24825,83,77,6,6
24826,101,83,18,18
24827,98,97,1,1
24828,121,109,12,12
24829,84,97,-13,13
24830,56,64,-8,8
24831,90,69,21,21
24832,85,85,0,0
24833,87,89,-2,2
24834,113,123,-10,10
24835,140,141,-1,1
24836,116,110,6,6
24837,120,129,-9,9
24838,82,87,-5,5
24839,150,126,24,24
24840,89,91,-2,2
24841,72,75,-3,3
24842,106,106,0,0
24843,66,74,-8,8
24844,67,77,-10,10
24845,78,74,4,4
24846,118,115,3,3
24847,83,94,-11,11
24848,133,154,-21,21
24849,127,116,11,11
24850,178,158,20,20
24851,70,68,2,2
24852,50,53,-3,3
24853,121,112,9,9
24854,127,126,1,1
24855,62,54,8,8
24856,74,80,-6,6
24857,79,73,6,6
24858,95,89,6,6
24859,103,100,3,3
24860,113,103,10,10
24861,58,76,-18,18
24862,162,130,32,32
24863,43,42,1,1
24864,73,78,-5,5
24865,60,64,-4,4
24866,134,118,16,16
24867,66,85,-19,19
24868,42,49,-7,7
24869,89,82,7,7
24870,82,63,19,19
24871,133,124,9,9
24872,28,34,-6,6
24873,120,105,15,15
24874,60,60,0,0
24875,59,62,-3,3
24876,54,51,3,3
24877,81,86,-5,5
24878,102,98,4,4
24879,47,51,-4,4
24880,90,70,20,20
24881,123,104,19,19
24882,83,89,-6,6
24883,92,105,-13,13
24884,105,107,-2,2
24885,108,96,12,12
24886,114,118,-4,4
24887,57,61,-4,4
24888,67,69,-2,2
24889,85,94,-9,9
24890,68,86,-18,18
24891,55,48,7,7
24892,93,85,8,8
24893,61,68,-7,7
24894,61,57,4,4
24895,87,92,-5,5
24896,85,78,7,7
24897,88,83,5,5
24898,57,54,3,3
24899,65,61,4,4
24900,58,63,-5,5
24901,118,111,7,7
24902,94,100,-6,6
24903,164,157,7,7
24904,74,71,3,3
24905,106,171,-65,65
24906,97,122,-25,25
24907,117,103,14,14
24908,123,129,-6,6
24909,72,97,-25,25
24910,73,72,1,1
24911,105,131,-26,26
24912,53,64,-11,11
24913,63,61,2,2
24914,85,71,14,14
24915,136,148,-12,12
24916,113,109,4,4
24917,92,103,-11,11
24918,97,99,-2,2
24919,95,109,-14,14
24920,106,105,1,1
24921,167,162,5,5
24922,121,129,-8,8
24923,42,38,4,4
24924,80,80,0,0
24925,48,70,-22,22
24926,116,117,-1,1
24927,117,106,11,11
24928,67,72,-5,5
24929,69,74,-5,5
24930,114,112,2,2
24931,134,125,9,9
24932,91,90,1,1
24933,88,88,0,0
24934,130,136,-6,6
24935,187,158,29,29
24936,99,100,-1,1
24937,95,104,-9,9
24938,151,138,13,13
24939,97,100,-3,3
24940,66,65,1,1
24941,39,41,-2,2
24942,114,110,4,4
24943,124,109,15,15
24944,109,105,4,4
24945,92,103,-11,11
24946,50,60,-10,10
24947,139,118,21,21
24948,116,119,-3,3
24949,79,72,7,7
24950,69,91,-22,22
24951,95,101,-6,6
24952,112,118,-6,6
24953,57,73,-16,16
24954,57,56,1,1
24955,112,128,-16,16
24956,77,77,0,0
24957,79,77,2,2
24958,115,116,-1,1
24959,52,76,-24,24
24960,121,112,9,9
24961,93,103,-10,10
24962,51,66,-15,15
24963,71,71,0,0
24964,126,128,-2,2
24965,149,138,11,11
24966,91,110,-19,19
24967,142,136,6,6
24968,55,66,-11,11
24969,110,120,-10,10
24970,197,190,7,7
24971,85,80,5,5
24972,115,114,1,1
24973,111,109,2,2
24974,136,112,24,24
24975,57,69,-12,12
24976,100,94,6,6
24977,121,110,11,11
24978,105,91,14,14
24979,145,150,-5,5
24980,93,84,9,9
24981,104,106,-2,2
24982,104,94,10,10
24983,89,88,1,1
24984,82,78,4,4
24985,137,120,17,17
24986,112,100,12,12
24987,99,95,4,4
24988,94,96,-2,2
24989,140,122,18,18
24990,75,87,-12,12
24991,114,114,0,0
24992,71,62,9,9
24993,155,130,25,25
24994,71,66,5,5
24995,61,58,3,3
24996,84,109,-25,25
24997,75,78,-3,3
24998,128,157,-29,29
24999,247,231,16,16
25000,101,106,-5,5
25001,113,94,19,19
25002,116,113,3,3
25003,112,100,12,12
25004,83,83,0,0
25005,52,73,-21,21
25006,73,63,10,10
25007,43,59,-16,16
25008,96,103,-7,7
25009,49,58,-9,9
25010,57,68,-11,11
25011,104,143,-39,39
25012,86,72,14,14
25013,66,76,-10,10
25014,69,93,-24,24
25015,92,104,-12,12
25016,120,116,4,4
25017,124,120,4,4
25018,109,104,5,5
25019,90,103,-13,13
25020,88,98,-10,10
25021,60,76,-16,16
25022,100,108,-8,8
25023,171,178,-7,7
25024,55,56,-1,1
25025,143,148,-5,5
25026,104,106,-2,2
25027,120,120,0,0
25028,132,122,10,10
25029,142,140,2,2
25030,68,64,4,4
25031,74,86,-12,12
25032,107,109,-2,2
25033,82,83,-1,1
25034,48,56,-8,8
25035,83,80,3,3
25036,66,65,1,1
25037,90,95,-5,5
25038,114,118,-4,4
25039,123,103,20,20
25040,140,129,11,11
25041,71,50,21,21
25042,112,103,9,9
25043,175,158,17,17
25044,148,133,15,15
25045,87,85,2,2
25046,156,130,26,26
25047,44,42,2,2
25048,105,95,10,10
25049,120,120,0,0
25050,65,69,-4,4
25051,120,106,14,14
25052,69,66,3,3
25053,91,99,-8,8
25054,135,128,7,7
25055,133,142,-9,9
25056,81,81,0,0
25057,74,70,4,4
25058,144,150,-6,6
25059,146,145,1,1
25060,95,89,6,6
25061,223,186,37,37
25062,126,100,26,26
25063,49,59,-10,10
25064,102,104,-2,2
25065,116,112,4,4
25066,60,58,2,2
25067,154,163,-9,9
25068,134,135,-1,1
25069,100,96,4,4
25070,76,61,15,15
25071,74,80,-6,6
25072,77,75,2,2
25073,88,92,-4,4
25074,76,88,-12,12
25075,81,84,-3,3
25076,165,150,15,15
25077,108,109,-1,1
25078,53,25,28,28
25079,59,64,-5,5
25080,85,107,-22,22
25081,98,90,8,8
25082,58,73,-15,15
25083,105,99,6,6
25084,148,140,8,8
25085,159,158,1,1
25086,163,139,24,24
25087,102,92,10,10
25088,71,99,-28,28
25089,156,167,-11,11
25090,97,103,-6,6
25091,97,85,12,12
25092,72,69,3,3
25093,83,104,-21,21
25094,81,69,12,12
25095,103,90,13,13
25096,95,97,-2,2
25097,82,92,-10,10
25098,121,118,3,3
25099,78,93,-15,15
25100,98,103,-5,5
25101,145,145,0,0
25102,122,119,3,3
25103,123,121,2,2
25104,76,52,24,24
25105,195,164,31,31
25106,48,44,4,4
25107,59,80,-21,21
25108,73,70,3,3
25109,73,84,-11,11
25110,63,54,9,9
25111,178,154,24,24
25112,69,64,5,5
25113,96,97,-1,1
25114,67,70,-3,3
25115,46,47,-1,1
25116,88,90,-2,2
25117,47,59,-12,12
25118,45,48,-3,3
25119,47,38,9,9
25120,123,120,3,3
25121,124,120,4,4
25122,167,160,7,7
25123,136,145,-9,9
25124,72,78,-6,6
25125,109,111,-2,2
25126,74,69,5,5
25127,80,72,8,8
25128,126,126,0,0
25129,119,109,10,10
25130,60,56,4,4
25131,98,93,5,5
25132,128,120,8,8
25133,96,91,5,5
25134,109,116,-7,7
25135,135,134,1,1
25136,86,84,2,2
25137,125,128,-3,3
25138,71,72,-1,1
25139,137,140,-3,3
25140,86,97,-11,11
25141,150,161,-11,11
25142,83,93,-10,10
25143,57,60,-3,3
25144,87,82,5,5
25145,58,65,-7,7
25146,74,91,-17,17
25147,168,132,36,36
25148,145,148,-3,3
25149,65,67,-2,2
25150,76,88,-12,12
25151,114,103,11,11
25152,151,164,-13,13
25153,146,172,-26,26
25154,65,62,3,3
25155,77,94,-17,17
25156,165,143,22,22
25157,89,103,-14,14
25158,107,108,-1,1
25159,96,113,-17,17
25160,115,108,7,7
25161,74,61,13,13
25162,160,144,16,16
25163,82,83,-1,1
25164,80,73,7,7
25165,94,106,-12,12
25166,97,99,-2,2
25167,48,63,-15,15
25168,79,68,11,11
25169,16,59,-43,43
25170,100,96,4,4
25171,51,64,-13,13
25172,86,78,8,8
25173,108,110,-2,2
25174,46,52,-6,6
25175,55,71,-16,16
25176,112,117,-5,5
25177,84,85,-1,1
25178,100,100,0,0
25179,150,140,10,10
25180,138,123,15,15
25181,92,93,-1,1
25182,66,68,-2,2
25183,103,104,-1,1
25184,96,98,-2,2
25185,148,153,-5,5
25186,81,75,6,6
25187,45,69,-24,24
25188,126,121,5,5
25189,168,161,7,7
25190,76,76,0,0
25191,134,147,-13,13
25192,83,82,1,1
25193,118,115,3,3
25194,117,111,6,6
25195,100,107,-7,7
25196,96,97,-1,1
25197,122,119,3,3
25198,76,90,-14,14
25199,96,102,-6,6
25200,103,90,13,13
25201,70,70,0,0
25202,209,177,32,32
25203,75,71,4,4
25204,54,84,-30,30
25205,111,108,3,3
25206,70,69,1,1
25207,100,110,-10,10
25208,108,96,12,12
25209,56,56,0,0
25210,172,175,-3,3
25211,67,69,-2,2
25212,118,93,25,25
25213,47,49,-2,2
25214,69,62,7,7
25215,85,98,-13,13
25216,63,55,8,8
25217,267,256,11,11
25218,101,102,-1,1
25219,126,115,11,11
25220,99,113,-14,14
25221,124,124,0,0
25222,145,130,15,15
25223,83,87,-4,4
25224,96,85,11,11
25225,149,148,1,1
25226,65,66,-1,1
25227,83,74,9,9
25228,51,54,-3,3
25229,73,89,-16,16
25230,164,131,33,33
25231,76,76,0,0
25232,86,93,-7,7
25233,128,128,0,0
25234,126,108,18,18
25235,75,67,8,8
25236,85,88,-3,3
25237,59,64,-5,5
25238,80,82,-2,2
25239,115,105,10,10
25240,96,87,9,9
25241,57,61,-4,4
25242,78,74,4,4
25243,92,96,-4,4
25244,114,104,10,10
25245,97,96,1,1
25246,67,52,15,15
25247,68,82,-14,14
25248,88,93,-5,5
25249,58,64,-6,6
25250,86,106,-20,20
25251,81,72,9,9
25252,80,90,-10,10
25253,107,119,-12,12
25254,65,66,-1,1
25255,77,69,8,8
25256,30,21,9,9
25257,81,95,-14,14
25258,91,109,-18,18
25259,62,74,-12,12
25260,78,83,-5,5
25261,103,91,12,12
25262,113,106,7,7
25263,121,116,5,5
25264,75,74,1,1
25265,113,105,8,8
25266,52,61,-9,9
25267,93,97,-4,4
25268,51,69,-18,18
25269,128,112,16,16
25270,86,76,10,10
25271,107,99,8,8
25272,105,97,8,8
25273,195,175,20,20
25274,64,59,5,5
25275,56,60,-4,4
25276,38,159,-121,121
25277,111,126,-15,15
25278,72,71,1,1
25279,103,105,-2,2
25280,93,88,5,5
25281,90,99,-9,9
25282,64,73,-9,9
25283,142,130,12,12
25284,96,107,-11,11
25285,85,92,-7,7
25286,99,100,-1,1
25287,52,52,0,0
25288,117,123,-6,6
25289,76,83,-7,7
25290,80,118,-38,38
25291,99,85,14,14
25292,103,105,-2,2
25293,60,68,-8,8
25294,96,92,4,4
25295,112,109,3,3
25296,77,67,10,10
25297,126,115,11,11
25298,125,128,-3,3
25299,132,136,-4,4
25300,79,97,-18,18
25301,106,101,5,5
25302,35,41,-6,6
25303,85,76,9,9
25304,63,55,8,8
25305,65,68,-3,3
25306,23,54,-31,31
25307,73,72,1,1
25308,103,116,-13,13
25309,79,75,4,4
25310,81,96,-15,15
25311,54,45,9,9
25312,77,74,3,3
25313,90,88,2,2
25314,92,87,5,5
25315,54,67,-13,13
25316,101,108,-7,7
25317,102,85,17,17
25318,77,90,-13,13
25319,113,134,-21,21
25320,166,154,12,12
25321,74,71,3,3
25322,116,119,-3,3
25323,127,141,-14,14
25324,89,80,9,9
25325,101,101,0,0
25326,103,108,-5,5
25327,127,131,-4,4
25328,83,73,10,10
25329,123,124,-1,1
25330,118,123,-5,5
25331,160,150,10,10
25332,79,78,1,1
25333,76,67,9,9
25334,51,45,6,6
25335,110,107,3,3
25336,112,131,-19,19
25337,73,68,5,5
25338,90,92,-2,2
25339,87,84,3,3
25340,97,99,-2,2
25341,51,49,2,2
25342,175,176,-1,1
25343,51,55,-4,4
25344,96,91,5,5
25345,96,95,1,1
25346,87,100,-13,13
25347,98,89,9,9
25348,195,169,26,26
25349,74,71,3,3
25350,111,101,10,10
25351,62,61,1,1
25352,62,71,-9,9
25353,50,63,-13,13
25354,77,84,-7,7
25355,68,66,2,2
25356,72,84,-12,12
25357,82,76,6,6
25358,69,70,-1,1
25359,133,122,11,11
25360,57,59,-2,2
25361,87,103,-16,16
25362,86,74,12,12
25363,53,77,-24,24
25364,111,141,-30,30
25365,85,95,-10,10
25366,68,88,-20,20
25367,82,92,-10,10
25368,125,126,-1,1
25369,127,117,10,10
25370,46,87,-41,41
25371,125,122,3,3
25372,133,121,12,12
25373,84,91,-7,7
25374,70,83,-13,13
25375,130,117,13,13
25376,86,86,0,0
25377,161,165,-4,4
25378,100,122,-22,22
25379,107,106,1,1
25380,89,84,5,5
25381,62,50,12,12
25382,75,87,-12,12
25383,82,86,-4,4
25384,104,101,3,3
25385,83,98,-15,15
25386,109,110,-1,1
25387,57,41,16,16
25388,125,126,-1,1
25389,87,62,25,25
25390,201,151,50,50
25391,75,92,-17,17
25392,80,75,5,5
25393,143,165,-22,22
25394,120,123,-3,3
25395,146,146,0,0
25396,70,75,-5,5
25397,93,87,6,6
25398,110,115,-5,5
25399,43,49,-6,6
25400,97,91,6,6
25401,70,60,10,10
25402,85,86,-1,1
25403,91,106,-15,15
25404,85,87,-2,2
25405,120,105,15,15
25406,70,73,-3,3
25407,61,80,-19,19
25408,67,72,-5,5
25409,156,148,8,8
25410,45,45,0,0
25411,121,128,-7,7
25412,93,108,-15,15
25413,111,142,-31,31
25414,72,83,-11,11
25415,44,39,5,5
25416,140,131,9,9
25417,52,75,-23,23
25418,70,69,1,1
25419,117,108,9,9
25420,60,42,18,18
25421,73,82,-9,9
25422,107,108,-1,1
25423,90,102,-12,12
25424,59,66,-7,7
25425,102,120,-18,18
25426,73,85,-12,12
25427,86,85,1,1
25428,58,63,-5,5
25429,66,71,-5,5
25430,62,100,-38,38
25431,130,118,12,12
25432,121,102,19,19
25433,114,110,4,4
25434,128,133,-5,5
25435,106,101,5,5
25436,94,80,14,14
25437,139,122,17,17
25438,57,56,1,1
25439,62,74,-12,12
25440,59,62,-3,3
25441,134,136,-2,2
25442,88,90,-2,2
25443,67,70,-3,3
25444,91,99,-8,8
25445,79,67,12,12
25446,99,96,3,3
25447,135,143,-8,8
25448,118,116,2,2
25449,97,94,3,3
25450,96,95,1,1
25451,81,75,6,6
25452,93,102,-9,9
25453,108,116,-8,8
25454,69,73,-4,4
25455,106,110,-4,4
25456,80,86,-6,6
25457,108,103,5,5
25458,95,82,13,13
25459,41,45,-4,4
25460,97,98,-1,1
25461,161,130,31,31
25462,96,83,13,13
25463,86,99,-13,13
25464,123,130,-7,7
25465,84,75,9,9
25466,81,88,-7,7
25467,99,99,0,0
25468,108,108,0,0
25469,57,71,-14,14
25470,82,87,-5,5
25471,117,151,-34,34
25472,78,87,-9,9
25473,206,178,28,28
25474,70,75,-5,5
25475,66,76,-10,10
25476,132,131,1,1
25477,73,62,11,11
25478,53,58,-5,5
25479,47,53,-6,6
25480,73,81,-8,8
25481,72,69,3,3
25482,96,94,2,2
25483,182,149,33,33
25484,80,75,5,5
25485,98,84,14,14
25486,103,98,5,5
25487,182,174,8,8
25488,136,135,1,1
25489,101,108,-7,7
25490,81,71,10,10
25491,161,143,18,18
25492,83,94,-11,11
25493,57,77,-20,20
25494,119,107,12,12
25495,103,94,9,9
25496,143,126,17,17
25497,61,103,-42,42
25498,117,115,2,2
25499,113,105,8,8
25500,94,103,-9,9
25501,70,71,-1,1
25502,116,117,-1,1
25503,102,96,6,6
25504,154,149,5,5
25505,91,87,4,4
25506,105,117,-12,12
25507,114,118,-4,4
25508,160,152,8,8
25509,94,94,0,0
25510,151,122,29,29
25511,170,144,26,26
25512,76,67,9,9
25513,74,68,6,6
25514,101,105,-4,4
25515,62,61,1,1
25516,84,97,-13,13
25517,109,106,3,3
25518,106,94,12,12
25519,119,119,0,0
25520,89,93,-4,4
25521,53,54,-1,1
25522,37,33,4,4
25523,97,98,-1,1
25524,91,83,8,8
25525,94,91,3,3
25526,111,103,8,8
25527,203,176,27,27
25528,71,64,7,7
25529,63,76,-13,13
25530,55,63,-8,8
25531,87,76,11,11
25532,125,130,-5,5
25533,101,109,-8,8
25534,98,90,8,8
25535,116,118,-2,2
25536,79,82,-3,3
25537,206,180,26,26
25538,102,116,-14,14
25539,153,142,11,11
25540,86,96,-10,10
25541,60,67,-7,7
25542,95,108,-13,13
25543,156,154,2,2
25544,90,86,4,4
25545,131,118,13,13
25546,107,102,5,5
25547,56,58,-2,2
25548,96,97,-1,1
25549,67,70,-3,3
25550,66,67,-1,1
25551,116,110,6,6
25552,97,95,2,2
25553,132,142,-10,10
25554,87,101,-14,14
25555,94,99,-5,5
25556,50,44,6,6
25557,104,86,18,18
25558,179,177,2,2
25559,121,103,18,18
25560,54,56,-2,2
25561,86,81,5,5
25562,29,12,17,17
25563,109,109,0,0
25564,81,89,-8,8
25565,75,96,-21,21
25566,179,156,23,23
25567,59,53,6,6
25568,122,116,6,6
25569,209,184,25,25
25570,53,52,1,1
25571,79,73,6,6
25572,97,94,3,3
25573,99,106,-7,7
25574,50,53,-3,3
25575,81,91,-10,10
25576,77,72,5,5
25577,179,165,14,14
25578,100,98,2,2
25579,57,72,-15,15
25580,88,97,-9,9
25581,47,60,-13,13
25582,92,98,-6,6
25583,94,92,2,2
25584,49,65,-16,16
25585,155,129,26,26
25586,93,91,2,2
25587,160,147,13,13
25588,34,36,-2,2
25589,109,93,16,16
25590,112,116,-4,4
25591,65,68,-3,3
25592,76,68,8,8
25593,82,92,-10,10
25594,97,78,19,19
25595,72,81,-9,9
25596,95,98,-3,3
25597,59,70,-11,11
25598,52,52,0,0
25599,81,64,17,17
25600,87,80,7,7
25601,129,111,18,18
25602,57,160,-103,103
25603,54,79,-25,25
25604,122,107,15,15
25605,90,92,-2,2
25606,136,128,8,8
25607,55,39,16,16
25608,69,71,-2,2
25609,118,110,8,8
25610,103,95,8,8
25611,70,67,3,3
25612,43,46,-3,3
25613,66,69,-3,3
25614,140,122,18,18
25615,89,99,-10,10
25616,147,136,11,11
25617,112,120,-8,8
25618,78,71,7,7
25619,40,45,-5,5
25620,55,69,-14,14
25621,77,70,7,7
25622,80,95,-15,15
25623,71,70,1,1
25624,82,80,2,2
25625,82,83,-1,1
25626,93,108,-15,15
25627,68,73,-5,5
25628,96,82,14,14
25629,116,119,-3,3
25630,53,72,-19,19
25631,87,77,10,10
25632,116,107,9,9
25633,102,99,3,3
25634,89,80,9,9
25635,121,112,9,9
25636,92,86,6,6
25637,29,30,-1,1
25638,98,82,16,16
25639,70,56,14,14
25640,127,123,4,4
25641,208,173,35,35
25642,85,75,10,10
25643,84,89,-5,5
25644,92,99,-7,7
25645,118,144,-26,26
25646,66,72,-6,6
25647,79,85,-6,6
25648,167,149,18,18
25649,174,151,23,23
25650,92,92,0,0
25651,90,97,-7,7
25652,103,95,8,8
25653,85,91,-6,6
25654,43,43,0,0
25655,144,124,20,20
25656,66,58,8,8
25657,33,24,9,9
25658,50,57,-7,7
25659,68,67,1,1
25660,152,146,6,6
25661,102,96,6,6
25662,45,44,1,1
25663,67,78,-11,11
25664,59,65,-6,6
25665,92,99,-7,7
25666,138,136,2,2
25667,152,138,14,14
25668,79,70,9,9
25669,122,128,-6,6
25670,122,113,9,9
25671,59,72,-13,13
25672,164,146,18,18
25673,93,144,-51,51
25674,86,88,-2,2
25675,133,132,1,1
25676,95,106,-11,11
25677,86,94,-8,8
25678,76,67,9,9
25679,152,141,11,11
25680,99,87,12,12
25681,62,57,5,5
25682,92,92,0,0
25683,105,95,10,10
25684,95,86,9,9
25685,103,62,41,41
25686,64,78,-14,14
25687,113,130,-17,17
25688,139,146,-7,7
25689,116,102,14,14
25690,109,127,-18,18
25691,110,106,4,4
25692,102,93,9,9
25693,108,118,-10,10
25694,83,65,18,18
25695,151,149,2,2
25696,84,88,-4,4
25697,109,94,15,15
25698,136,129,7,7
25699,109,107,2,2
25700,136,126,10,10
25701,109,105,4,4
25702,68,78,-10,10
25703,76,69,7,7
25704,81,74,7,7
25705,102,100,2,2
25706,139,137,2,2
25707,86,83,3,3
25708,105,104,1,1
25709,58,69,-11,11
25710,35,58,-23,23
25711,49,60,-11,11
25712,82,76,6,6
25713,70,85,-15,15
25714,79,87,-8,8
25715,66,60,6,6
25716,122,117,5,5
25717,77,57,20,20
25718,120,117,3,3
25719,155,143,12,12
25720,123,120,3,3
25721,74,88,-14,14
25722,88,92,-4,4
25723,143,135,8,8
25724,88,87,1,1
25725,57,59,-2,2
25726,130,124,6,6
25727,81,98,-17,17
25728,83,89,-6,6
25729,173,144,29,29
25730,66,65,1,1
25731,91,95,-4,4
25732,70,84,-14,14
25733,73,57,16,16
25734,72,81,-9,9
25735,73,78,-5,5
25736,109,107,2,2
25737,106,49,57,57
25738,72,73,-1,1
25739,80,90,-10,10
25740,188,164,24,24
25741,112,109,3,3
25742,116,115,1,1
25743,115,102,13,13
25744,97,93,4,4
25745,171,166,5,5
25746,96,101,-5,5
25747,97,86,11,11
25748,60,70,-10,10
25749,119,110,9,9
25750,144,135,9,9
25751,64,61,3,3
25752,55,64,-9,9
25753,92,97,-5,5
25754,92,87,5,5
25755,133,135,-2,2
25756,62,61,1,1
25757,143,145,-2,2
25758,92,99,-7,7
25759,95,110,-15,15
25760,43,37,6,6
25761,110,110,0,0
25762,94,90,4,4
25763,68,78,-10,10
25764,81,82,-1,1
25765,150,141,9,9
25766,129,120,9,9
25767,133,126,7,7
25768,105,93,12,12
25769,66,91,-25,25
25770,91,99,-8,8
25771,90,73,17,17
25772,117,101,16,16
25773,140,129,11,11
25774,165,188,-23,23
25775,95,100,-5,5
25776,85,88,-3,3
25777,158,174,-16,16
25778,138,153,-15,15
25779,96,95,1,1
25780,122,113,9,9
25781,65,56,9,9
25782,63,74,-11,11
25783,111,111,0,0
25784,80,106,-26,26
25785,79,83,-4,4
25786,100,84,16,16
25787,81,90,-9,9
25788,92,85,7,7
25789,75,88,-13,13
25790,82,84,-2,2
25791,79,88,-9,9
25792,57,52,5,5
25793,148,139,9,9
25794,79,88,-9,9
25795,122,117,5,5
25796,82,94,-12,12
25797,61,68,-7,7
25798,38,41,-3,3
25799,94,103,-9,9
25800,101,81,20,20
25801,89,77,12,12
25802,68,66,2,2
25803,47,68,-21,21
25804,90,89,1,1
25805,60,60,0,0
25806,114,105,9,9
25807,80,95,-15,15
25808,127,119,8,8
25809,102,112,-10,10
25810,69,61,8,8
25811,53,73,-20,20
25812,59,64,-5,5
25813,95,100,-5,5
25814,64,83,-19,19
25815,144,145,-1,1
25816,71,68,3,3
25817,100,98,2,2
25818,116,122,-6,6
25819,104,100,4,4
25820,177,173,4,4
25821,108,108,0,0
25822,132,124,8,8
25823,118,104,14,14
25824,135,143,-8,8
25825,115,109,6,6
25826,73,68,5,5
25827,133,123,10,10
25828,95,97,-2,2
25829,80,83,-3,3
25830,48,71,-23,23
25831,158,140,18,18
25832,73,70,3,3
25833,94,85,9,9
25834,74,93,-19,19
25835,154,161,-7,7
25836,127,130,-3,3
25837,73,72,1,1
25838,89,81,8,8
25839,61,58,3,3
25840,87,84,3,3
25841,65,88,-23,23
25842,81,83,-2,2
25843,99,93,6,6
25844,83,82,1,1
25845,90,93,-3,3
25846,82,91,-9,9
25847,115,111,4,4
25848,137,142,-5,5
25849,78,78,0,0
25850,94,88,6,6
25851,101,107,-6,6
25852,96,90,6,6
25853,77,73,4,4
25854,112,103,9,9
25855,138,141,-3,3
25856,98,90,8,8
25857,91,102,-11,11
25858,143,140,3,3
25859,153,148,5,5
25860,40,65,-25,25
25861,69,75,-6,6
25862,67,70,-3,3
25863,43,64,-21,21
25864,104,126,-22,22
25865,117,102,15,15
25866,84,78,6,6
25867,84,94,-10,10
25868,74,67,7,7
25869,75,64,11,11
25870,147,152,-5,5
25871,94,93,1,1
25872,92,95,-3,3
25873,71,74,-3,3
25874,84,76,8,8
25875,78,111,-33,33
25876,83,76,7,7
25877,84,101,-17,17
25878,42,60,-18,18
25879,149,145,4,4
25880,95,100,-5,5
25881,132,110,22,22
25882,83,96,-13,13
25883,131,127,4,4
25884,62,84,-22,22
25885,87,95,-8,8
25886,91,91,0,0
25887,155,165,-10,10
25888,73,83,-10,10
25889,98,104,-6,6
25890,72,73,-1,1
25891,75,82,-7,7
25892,147,130,17,17
25893,54,59,-5,5
25894,128,124,4,4
25895,98,96,2,2
25896,111,120,-9,9
25897,81,84,-3,3
25898,87,71,16,16
25899,28,71,-43,43
25900,123,122,1,1
25901,82,80,2,2
25902,82,68,14,14
25903,113,102,11,11
25904,121,137,-16,16
25905,124,119,5,5
25906,85,84,1,1
25907,82,93,-11,11
25908,107,106,1,1
25909,113,116,-3,3
25910,74,92,-18,18
25911,97,90,7,7
25912,56,64,-8,8
25913,89,92,-3,3
25914,132,121,11,11
25915,134,128,6,6
25916,93,102,-9,9
25917,128,132,-4,4
25918,121,127,-6,6
25919,132,147,-15,15
25920,114,109,5,5
25921,93,87,6,6
25922,132,143,-11,11
25923,139,112,27,27
25924,59,70,-11,11
25925,185,168,17,17
25926,47,47,0,0
25927,68,65,3,3
25928,122,124,-2,2
25929,130,138,-8,8
25930,98,93,5,5
25931,42,48,-6,6
25932,125,125,0,0
25933,56,58,-2,2
25934,129,128,1,1
25935,60,81,-21,21
25936,51,57,-6,6
25937,78,89,-11,11
25938,62,70,-8,8
25939,80,97,-17,17
25940,39,55,-16,16
25941,120,130,-10,10
25942,100,92,8,8
25943,112,122,-10,10
25944,85,77,8,8
25945,118,112,6,6
25946,124,122,2,2
25947,56,55,1,1
25948,97,104,-7,7
25949,83,94,-11,11
25950,91,104,-13,13
25951,68,74,-6,6
25952,108,115,-7,7
25953,87,85,2,2
25954,57,56,1,1
25955,70,76,-6,6
25956,87,93,-6,6
25957,111,95,16,16
25958,79,94,-15,15
25959,117,117,0,0
25960,95,95,0,0
25961,139,134,5,5
25962,52,48,4,4
25963,47,106,-59,59
25964,104,103,1,1
25965,89,80,9,9
25966,86,87,-1,1
25967,90,81,9,9
25968,113,110,3,3
25969,89,95,-6,6
25970,94,109,-15,15
25971,134,145,-11,11
25972,63,60,3,3
25973,102,110,-8,8
25974,146,139,7,7
25975,140,143,-3,3
25976,73,76,-3,3
25977,127,142,-15,15
25978,47,59,-12,12
25979,90,105,-15,15
25980,77,80,-3,3
25981,136,124,12,12
25982,121,121,0,0
25983,82,88,-6,6
25984,114,120,-6,6
25985,114,108,6,6
25986,80,82,-2,2
25987,82,71,11,11
25988,79,76,3,3
25989,107,112,-5,5
25990,113,95,18,18
25991,114,107,7,7
25992,52,59,-7,7
25993,67,65,2,2
25994,74,84,-10,10
25995,113,117,-4,4
25996,77,85,-8,8
25997,125,131,-6,6
25998,60,57,3,3
25999,78,75,3,3
26000,94,90,4,4
26001,102,94,8,8
26002,115,107,8,8
26003,114,112,2,2
26004,115,117,-2,2
26005,109,104,5,5
26006,107,106,1,1
26007,80,71,9,9
26008,111,106,5,5
26009,36,55,-19,19
26010,78,73,5,5
26011,87,77,10,10
26012,74,72,2,2
26013,70,79,-9,9
26014,64,63,1,1
26015,51,52,-1,1
26016,97,103,-6,6
26017,106,108,-2,2
26018,150,159,-9,9
26019,105,115,-10,10
26020,80,82,-2,2
26021,81,76,5,5
26022,78,87,-9,9
26023,103,112,-9,9
26024,68,79,-11,11
26025,69,78,-9,9
26026,100,107,-7,7
26027,100,76,24,24
26028,171,157,14,14
26029,102,100,2,2
26030,98,83,15,15
26031,81,92,-11,11
26032,86,73,13,13
26033,47,50,-3,3
26034,83,75,8,8
26035,139,142,-3,3
26036,71,75,-4,4
26037,142,133,9,9
26038,65,68,-3,3
26039,68,68,0,0
26040,63,64,-1,1
26041,105,91,14,14
26042,53,59,-6,6
26043,126,133,-7,7
26044,137,131,6,6
26045,64,63,1,1
26046,126,149,-23,23
26047,117,108,9,9
26048,65,95,-30,30
26049,133,136,-3,3
26050,64,55,9,9
26051,96,97,-1,1
26052,92,95,-3,3
26053,99,102,-3,3
26054,148,129,19,19
26055,54,55,-1,1
26056,99,76,23,23
26057,89,93,-4,4
26058,63,63,0,0
26059,90,87,3,3
26060,71,94,-23,23
26061,82,75,7,7
26062,89,100,-11,11
26063,58,57,1,1
26064,88,100,-12,12
26065,91,94,-3,3
26066,29,32,-3,3
26067,63,85,-22,22
26068,73,69,4,4
26069,68,63,5,5
26070,76,82,-6,6
26071,73,62,11,11
26072,152,140,12,12
26073,113,97,16,16
26074,57,49,8,8
26075,81,80,1,1
26076,102,104,-2,2
26077,87,110,-23,23
26078,106,103,3,3
26079,83,91,-8,8
26080,164,141,23,23
26081,122,106,16,16
26082,68,80,-12,12
26083,79,82,-3,3
26084,57,74,-17,17
26085,116,128,-12,12
26086,57,62,-5,5
26087,105,86,19,19
26088,95,79,16,16
26089,164,152,12,12
26090,159,155,4,4
26091,92,79,13,13
26092,100,103,-3,3
26093,64,54,10,10
26094,121,142,-21,21
26095,157,152,5,5
26096,116,102,14,14
26097,46,47,-1,1
26098,106,99,7,7
26099,67,80,-13,13
26100,83,94,-11,11
26101,66,68,-2,2
26102,105,126,-21,21
26103,166,163,3,3
26104,109,87,22,22
26105,75,69,6,6
26106,86,81,5,5
26107,91,87,4,4
26108,76,79,-3,3
26109,149,136,13,13
26110,102,85,17,17
26111,76,85,-9,9
26112,64,56,8,8
26113,108,104,4,4
26114,99,104,-5,5
26115,104,103,1,1
26116,136,138,-2,2
26117,72,94,-22,22
26118,92,79,13,13
26119,70,87,-17,17
26120,69,79,-10,10
26121,154,133,21,21
26122,129,122,7,7
26123,102,97,5,5
26124,107,97,10,10
26125,107,100,7,7
26126,75,64,11,11
26127,108,114,-6,6
26128,96,93,3,3
26129,80,85,-5,5
26130,73,80,-7,7
26131,129,116,13,13
26132,57,57,0,0
26133,92,94,-2,2
26134,70,81,-11,11
26135,61,64,-3,3
26136,52,50,2,2
26137,145,137,8,8
26138,74,75,-1,1
26139,75,55,20,20
26140,134,129,5,5
26141,105,124,-19,19
26142,108,92,16,16
26143,98,91,7,7
26144,96,84,12,12
26145,135,131,4,4
26146,103,100,3,3
26147,84,85,-1,1
26148,132,117,15,15
26149,114,101,13,13
26150,87,78,9,9
26151,55,59,-4,4
26152,65,49,16,16
26153,48,61,-13,13
26154,64,63,1,1
26155,113,110,3,3
26156,137,123,14,14
26157,124,118,6,6
26158,47,52,-5,5
26159,103,91,12,12
26160,136,135,1,1
26161,80,80,0,0
26162,65,98,-33,33
26163,117,105,12,12
26164,113,118,-5,5
26165,71,50,21,21
26166,132,141,-9,9
26167,102,81,21,21
26168,191,158,33,33
26169,127,110,17,17
26170,102,105,-3,3
26171,104,94,10,10
26172,113,116,-3,3
26173,74,98,-24,24
26174,143,137,6,6
26175,73,62,11,11
26176,143,143,0,0
26177,120,98,22,22
26178,95,98,-3,3
26179,84,82,2,2
26180,146,123,23,23
26181,70,71,-1,1
26182,125,105,20,20
26183,79,77,2,2
26184,77,82,-5,5
26185,69,69,0,0
26186,100,100,0,0
26187,190,157,33,33
26188,90,99,-9,9
26189,67,96,-29,29
26190,179,179,0,0
26191,68,84,-16,16
26192,79,95,-16,16
26193,149,145,4,4
26194,87,65,22,22
26195,58,82,-24,24
26196,176,176,0,0
26197,67,73,-6,6
26198,76,82,-6,6
26199,127,132,-5,5
26200,73,66,7,7
26201,68,83,-15,15
26202,70,73,-3,3
26203,101,87,14,14
26204,122,122,0,0
26205,95,94,1,1
26206,90,90,0,0
26207,85,85,0,0
26208,138,133,5,5
26209,115,122,-7,7
26210,122,109,13,13
26211,59,60,-1,1
26212,51,51,0,0
26213,106,103,3,3
26214,110,112,-2,2
26215,111,111,0,0
26216,62,78,-16,16
26217,93,89,4,4
26218,46,46,0,0
26219,107,101,6,6
26220,144,130,14,14
26221,92,95,-3,3
26222,92,95,-3,3
26223,95,105,-10,10
26224,154,144,10,10
26225,54,58,-4,4
26226,102,96,6,6
26227,61,67,-6,6
26228,109,115,-6,6
26229,155,126,29,29
26230,83,68,15,15
26231,79,85,-6,6
26232,102,100,2,2
26233,133,133,0,0
26234,134,150,-16,16
26235,81,91,-10,10
26236,151,135,16,16
26237,46,49,-3,3
26238,97,94,3,3
26239,62,55,7,7
26240,114,114,0,0
26241,83,86,-3,3
26242,114,107,7,7
26243,87,106,-19,19
26244,110,98,12,12
26245,232,216,16,16
26246,35,49,-14,14
26247,96,100,-4,4
26248,87,99,-12,12
26249,52,51,1,1
26250,89,90,-1,1
26251,84,83,1,1
26252,84,91,-7,7
26253,151,146,5,5
26254,51,61,-10,10
26255,112,93,19,19
26256,189,174,15,15
26257,68,63,5,5
26258,77,83,-6,6
26259,62,61,1,1
26260,112,105,7,7
26261,95,87,8,8
26262,81,88,-7,7
26263,108,98,10,10
26264,96,99,-3,3
26265,58,72,-14,14
26266,84,89,-5,5
26267,116,99,17,17
26268,97,98,-1,1
26269,92,84,8,8
26270,101,102,-1,1
26271,56,52,4,4
26272,74,84,-10,10
26273,115,106,9,9
26274,74,76,-2,2
26275,58,55,3,3
26276,129,128,1,1
26277,91,96,-5,5
26278,59,56,3,3
26279,52,55,-3,3
26280,73,82,-9,9
26281,69,73,-4,4
26282,119,95,24,24
26283,126,130,-4,4
26284,114,98,16,16
26285,100,113,-13,13
26286,86,83,3,3
26287,116,128,-12,12
26288,72,64,8,8
26289,61,63,-2,2
26290,83,77,6,6
26291,94,89,5,5
26292,90,99,-9,9
26293,93,100,-7,7
26294,31,37,-6,6
26295,163,166,-3,3
26296,99,103,-4,4
26297,46,62,-16,16
26298,55,68,-13,13
26299,75,78,-3,3
26300,72,73,-1,1
26301,107,105,2,2
26302,89,94,-5,5
26303,66,69,-3,3
26304,67,73,-6,6
26305,145,140,5,5
26306,151,142,9,9
26307,153,120,33,33
26308,56,55,1,1
26309,97,99,-2,2
26310,162,154,8,8
26311,90,93,-3,3
26312,106,102,4,4
26313,27,30,-3,3
26314,93,82,11,11
26315,105,109,-4,4
26316,123,134,-11,11
26317,61,73,-12,12
26318,64,62,2,2
26319,109,101,8,8
26320,153,151,2,2
26321,81,80,1,1
26322,167,132,35,35
26323,100,98,2,2
26324,40,59,-19,19
26325,84,85,-1,1
26326,126,129,-3,3
26327,69,76,-7,7
26328,54,57,-3,3
26329,41,43,-2,2
26330,86,94,-8,8
26331,71,66,5,5
26332,97,100,-3,3
26333,131,143,-12,12
26334,42,43,-1,1
26335,102,99,3,3
26336,83,83,0,0
26337,187,154,33,33
26338,180,164,16,16
26339,73,75,-2,2
26340,108,150,-42,42
26341,57,56,1,1
26342,121,111,10,10
26343,88,95,-7,7
26344,105,107,-2,2
26345,80,86,-6,6
26346,86,88,-2,2
26347,124,108,16,16
26348,117,121,-4,4
26349,112,106,6,6
26350,66,66,0,0
26351,94,112,-18,18
26352,107,113,-6,6
26353,45,48,-3,3
26354,121,125,-4,4
26355,82,60,22,22
26356,69,67,2,2
26357,160,135,25,25
26358,119,101,18,18
26359,58,58,0,0
26360,100,99,1,1
26361,72,81,-9,9
26362,67,71,-4,4
26363,66,76,-10,10
26364,119,116,3,3
26365,138,152,-14,14
26366,65,59,6,6
26367,105,115,-10,10
26368,36,49,-13,13
26369,69,67,2,2
26370,78,69,9,9
26371,131,122,9,9
26372,109,123,-14,14
26373,75,69,6,6
26374,63,54,9,9
26375,53,68,-15,15
26376,105,108,-3,3
26377,64,75,-11,11
26378,70,75,-5,5
26379,26,61,-35,35
26380,181,174,7,7
26381,66,63,3,3
26382,130,143,-13,13
26383,122,106,16,16
26384,94,91,3,3
26385,124,120,4,4
26386,70,70,0,0
26387,114,110,4,4
26388,93,87,6,6
26389,106,109,-3,3
26390,96,89,7,7
26391,90,85,5,5
26392,118,122,-4,4
26393,63,84,-21,21
26394,79,88,-9,9
26395,43,64,-21,21
26396,112,119,-7,7
26397,45,50,-5,5
26398,114,125,-11,11
26399,107,101,6,6
26400,83,79,4,4
26401,40,48,-8,8
26402,98,99,-1,1
26403,115,118,-3,3
26404,92,107,-15,15
26405,131,149,-18,18
26406,106,91,15,15
26407,99,96,3,3
26408,67,69,-2,2
26409,171,149,22,22
26410,128,120,8,8
26411,88,83,5,5
26412,56,65,-9,9
26413,113,107,6,6
26414,62,29,33,33
26415,81,69,12,12
26416,83,89,-6,6
26417,113,102,11,11
26418,100,106,-6,6
26419,91,92,-1,1
26420,79,80,-1,1
26421,156,136,20,20
26422,113,139,-26,26
26423,67,87,-20,20
26424,129,113,16,16
26425,89,97,-8,8
26426,66,83,-17,17
26427,102,104,-2,2
26428,131,122,9,9
26429,111,117,-6,6
26430,47,44,3,3
26431,37,43,-6,6
26432,92,100,-8,8
26433,91,83,8,8
26434,101,104,-3,3
26435,43,51,-8,8
26436,78,73,5,5
26437,102,108,-6,6
26438,92,93,-1,1
26439,96,100,-4,4
26440,109,106,3,3
26441,98,106,-8,8
26442,131,122,9,9
26443,104,112,-8,8
26444,96,137,-41,41
26445,98,95,3,3
26446,66,79,-13,13
26447,75,88,-13,13
26448,70,72,-2,2
26449,49,49,0,0
26450,110,102,8,8
26451,128,116,12,12
26452,50,47,3,3
26453,85,89,-4,4
26454,59,64,-5,5
26455,41,18,23,23
26456,71,72,-1,1
26457,117,115,2,2
26458,91,114,-23,23
26459,64,61,3,3
26460,118,116,2,2
26461,43,59,-16,16
26462,134,117,17,17
26463,101,98,3,3
26464,109,90,19,19
26465,114,139,-25,25
26466,118,120,-2,2
26467,70,78,-8,8
26468,102,103,-1,1
26469,157,157,0,0
26470,308,258,50,50
26471,104,113,-9,9
26472,106,110,-4,4
26473,74,71,3,3
26474,148,150,-2,2
26475,106,95,11,11
26476,74,78,-4,4
26477,118,118,0,0
26478,114,122,-8,8
26479,60,67,-7,7
26480,135,112,23,23
26481,60,59,1,1
26482,62,64,-2,2
26483,120,124,-4,4
26484,150,148,2,2
26485,112,109,3,3
26486,87,82,5,5
26487,100,105,-5,5
26488,52,57,-5,5
26489,82,89,-7,7
26490,136,140,-4,4
26491,65,66,-1,1
26492,104,87,17,17
26493,134,121,13,13
26494,104,83,21,21
26495,119,119,0,0
26496,119,116,3,3
26497,60,81,-21,21
26498,155,152,3,3
26499,129,133,-4,4
26500,46,63,-17,17
26501,58,63,-5,5
26502,73,61,12,12
26503,114,98,16,16
26504,85,108,-23,23
26505,77,68,9,9
26506,89,92,-3,3
26507,186,155,31,31
26508,74,77,-3,3
26509,80,65,15,15
26510,108,112,-4,4
26511,112,74,38,38
26512,38,41,-3,3
26513,61,62,-1,1
26514,109,101,8,8
26515,46,43,3,3
26516,139,118,21,21
26517,85,80,5,5
26518,97,93,4,4
26519,60,82,-22,22
26520,36,44,-8,8
26521,89,99,-10,10
26522,147,138,9,9
26523,94,80,14,14
26524,88,87,1,1
26525,120,113,7,7
26526,75,97,-22,22
26527,95,88,7,7
26528,90,85,5,5
26529,46,52,-6,6
26530,49,56,-7,7
26531,145,144,1,1
26532,93,84,9,9
26533,48,51,-3,3
26534,93,95,-2,2
26535,76,75,1,1
26536,51,45,6,6
26537,102,94,8,8
26538,86,79,7,7
26539,88,91,-3,3
26540,97,99,-2,2
26541,139,120,19,19
26542,163,145,18,18
26543,91,104,-13,13
26544,139,133,6,6
26545,56,56,0,0
26546,56,76,-20,20
26547,84,75,9,9
26548,85,83,2,2
26549,55,64,-9,9
26550,82,78,4,4
26551,90,68,22,22
26552,102,99,3,3
26553,46,55,-9,9
26554,151,135,16,16
26555,90,93,-3,3
26556,78,115,-37,37
26557,70,60,10,10
26558,126,118,8,8
26559,114,114,0,0
26560,135,112,23,23
26561,209,169,40,40
26562,163,148,15,15
26563,62,62,0,0
26564,79,86,-7,7
26565,90,83,7,7
26566,126,124,2,2
26567,161,157,4,4
26568,119,116,3,3
26569,65,80,-15,15
26570,75,116,-41,41
26571,94,80,14,14
26572,57,58,-1,1
26573,60,64,-4,4
26574,62,60,2,2
26575,61,62,-1,1
26576,174,154,20,20
26577,65,66,-1,1
26578,122,141,-19,19
26579,103,127,-24,24
26580,66,69,-3,3
26581,110,101,9,9
26582,59,60,-1,1
26583,120,107,13,13
26584,101,93,8,8
26585,94,88,6,6
26586,125,140,-15,15
26587,76,74,2,2
26588,66,83,-17,17
26589,85,85,0,0
26590,101,101,0,0
26591,79,75,4,4
26592,179,175,4,4
26593,73,75,-2,2
26594,97,98,-1,1
26595,40,65,-25,25
26596,75,74,1,1
26597,157,155,2,2
26598,77,85,-8,8
26599,108,111,-3,3
26600,129,128,1,1
26601,100,101,-1,1
26602,76,86,-10,10
26603,40,49,-9,9
26604,72,80,-8,8
26605,81,76,5,5
26606,122,107,15,15
26607,77,69,8,8
26608,162,144,18,18
26609,52,52,0,0
26610,86,75,11,11
26611,61,49,12,12
26612,139,142,-3,3
26613,122,111,11,11
26614,129,127,2,2
26615,64,49,15,15
26616,53,54,-1,1
26617,163,182,-19,19
26618,76,96,-20,20
26619,47,50,-3,3
26620,57,65,-8,8
26621,142,131,11,11
26622,89,87,2,2
26623,100,107,-7,7
26624,126,136,-10,10
26625,149,142,7,7
26626,102,95,7,7
26627,51,57,-6,6
26628,131,122,9,9
26629,113,111,2,2
26630,128,111,17,17
26631,84,84,0,0
26632,88,86,2,2
26633,96,99,-3,3
26634,131,107,24,24
26635,142,162,-20,20
26636,139,135,4,4
26637,62,66,-4,4
26638,162,166,-4,4
26639,100,95,5,5
26640,94,94,0,0
26641,118,111,7,7
26642,140,135,5,5
26643,105,106,-1,1
26644,54,62,-8,8
26645,80,93,-13,13
26646,54,50,4,4
26647,82,88,-6,6
26648,78,74,4,4
26649,81,75,6,6
26650,55,52,3,3
26651,142,132,10,10
26652,152,118,34,34
26653,121,113,8,8
26654,109,104,5,5
26655,80,82,-2,2
26656,73,70,3,3
26657,154,127,27,27
26658,122,133,-11,11
26659,85,85,0,0
26660,65,66,-1,1
26661,127,123,4,4
26662,44,41,3,3
26663,90,98,-8,8
26664,115,114,1,1
26665,124,125,-1,1
26666,148,149,-1,1
26667,49,58,-9,9
26668,77,84,-7,7
26669,173,148,25,25
26670,68,96,-28,28
26671,149,145,4,4
26672,73,84,-11,11
26673,54,38,16,16
26674,90,83,7,7
26675,73,91,-18,18
26676,74,89,-15,15
26677,49,54,-5,5
26678,79,68,11,11
26679,117,123,-6,6
26680,57,73,-16,16
26681,123,120,3,3
26682,94,93,1,1
26683,124,109,15,15
26684,74,79,-5,5
26685,63,75,-12,12
26686,116,104,12,12
26687,93,79,14,14
26688,115,115,0,0
26689,64,67,-3,3
26690,117,123,-6,6
26691,74,79,-5,5
26692,49,47,2,2
26693,72,66,6,6
26694,86,82,4,4
26695,52,53,-1,1
26696,87,92,-5,5
26697,152,149,3,3
26698,61,54,7,7
26699,67,75,-8,8
26700,64,66,-2,2
26701,100,96,4,4
26702,135,110,25,25
26703,120,119,1,1
26704,124,116,8,8
26705,105,109,-4,4
26706,144,164,-20,20
26707,100,100,0,0
26708,80,91,-11,11
26709,73,91,-18,18
26710,82,80,2,2
26711,76,76,0,0
26712,115,110,5,5
26713,106,102,4,4
26714,125,129,-4,4
26715,86,77,9,9
26716,94,100,-6,6
26717,80,90,-10,10
26718,145,134,11,11
26719,122,111,11,11
26720,122,119,3,3
26721,115,110,5,5
26722,66,73,-7,7
26723,85,84,1,1
26724,95,96,-1,1
26725,110,96,14,14
26726,49,42,7,7
26727,80,91,-11,11
26728,101,92,9,9
26729,77,73,4,4
26730,89,91,-2,2
26731,130,118,12,12
26732,106,123,-17,17
26733,56,55,1,1
26734,68,69,-1,1
26735,152,142,10,10
26736,113,129,-16,16
26737,98,100,-2,2
26738,125,116,9,9
26739,71,72,-1,1
26740,123,115,8,8
26741,97,65,32,32
26742,77,80,-3,3
26743,56,74,-18,18
26744,127,122,5,5
26745,49,62,-13,13
26746,115,116,-1,1
26747,61,64,-3,3
26748,97,91,6,6
26749,101,97,4,4
26750,77,87,-10,10
26751,117,135,-18,18
26752,90,97,-7,7
26753,120,124,-4,4
26754,80,81,-1,1
26755,71,66,5,5
26756,54,54,0,0
26757,80,90,-10,10
26758,110,107,3,3
26759,71,95,-24,24
26760,82,92,-10,10
26761,68,77,-9,9
26762,78,86,-8,8
26763,69,82,-13,13
26764,87,99,-12,12
26765,94,87,7,7
26766,137,138,-1,1
26767,57,59,-2,2
26768,56,53,3,3
26769,57,82,-25,25
26770,62,61,1,1
26771,63,65,-2,2
26772,165,154,11,11
26773,115,108,7,7
26774,133,130,3,3
26775,94,78,16,16
26776,107,113,-6,6
26777,106,112,-6,6
26778,112,115,-3,3
26779,93,95,-2,2
26780,55,63,-8,8
26781,85,88,-3,3
26782,41,52,-11,11
26783,120,113,7,7
26784,99,99,0,0
26785,83,69,14,14
26786,84,90,-6,6
26787,110,108,2,2
26788,124,127,-3,3
26789,122,114,8,8
26790,38,39,-1,1
26791,120,134,-14,14
26792,97,93,4,4
26793,61,75,-14,14
26794,113,122,-9,9
26795,74,68,6,6
26796,79,73,6,6
26797,125,95,30,30
26798,81,83,-2,2
26799,125,123,2,2
26800,123,113,10,10
26801,90,95,-5,5
26802,48,56,-8,8
26803,55,59,-4,4
26804,62,66,-4,4
26805,64,76,-12,12
26806,91,100,-9,9
26807,145,144,1,1
26808,86,83,3,3
26809,66,68,-2,2
26810,116,136,-20,20
26811,76,84,-8,8
26812,88,89,-1,1
26813,103,107,-4,4
26814,97,100,-3,3
26815,138,132,6,6
26816,75,89,-14,14
26817,92,93,-1,1
26818,149,135,14,14
26819,60,57,3,3
26820,108,113,-5,5
26821,30,39,-9,9
26822,89,87,2,2
26823,49,68,-19,19
26824,97,97,0,0
26825,128,114,14,14
26826,96,96,0,0
26827,96,94,2,2
26828,63,55,8,8
26829,76,77,-1,1
26830,106,116,-10,10
26831,79,83,-4,4
26832,127,121,6,6
26833,45,47,-2,2
26834,105,123,-18,18
26835,90,87,3,3
26836,43,59,-16,16
26837,235,235,0,0
26838,50,56,-6,6
26839,111,104,7,7
26840,69,67,2,2
26841,52,157,-105,105
26842,105,101,4,4
26843,49,45,4,4
26844,66,66,0,0
26845,64,69,-5,5
26846,75,68,7,7
26847,70,91,-21,21
26848,96,87,9,9
26849,86,84,2,2
26850,109,119,-10,10
26851,357,92,265,265
26852,74,77,-3,3
26853,96,96,0,0
26854,101,108,-7,7
26855,86,94,-8,8
26856,97,92,5,5
26857,47,43,4,4
26858,76,89,-13,13
26859,139,123,16,16
26860,127,129,-2,2
26861,119,103,16,16
26862,133,113,20,20
26863,190,183,7,7
26864,119,113,6,6
26865,96,94,2,2
26866,31,39,-8,8
26867,94,108,-14,14
26868,112,126,-14,14
26869,104,101,3,3
26870,162,145,17,17
26871,128,116,12,12
26872,142,143,-1,1
26873,107,61,46,46
26874,120,101,19,19
26875,57,57,0,0
26876,157,146,11,11
26877,94,97,-3,3
26878,109,122,-13,13
26879,58,64,-6,6
26880,108,96,12,12
26881,88,92,-4,4
26882,123,143,-20,20
26883,85,80,5,5
26884,136,132,4,4
26885,72,68,4,4
26886,77,72,5,5
26887,59,54,5,5
26888,154,127,27,27
26889,63,83,-20,20
26890,40,50,-10,10
26891,142,141,1,1
26892,160,142,18,18
26893,68,57,11,11
26894,91,73,18,18
26895,77,90,-13,13
26896,135,144,-9,9
26897,134,177,-43,43
26898,172,173,-1,1
26899,131,137,-6,6
26900,86,88,-2,2
26901,67,79,-12,12
26902,55,64,-9,9
26903,148,135,13,13
26904,66,80,-14,14
26905,120,105,15,15
26906,83,81,2,2
26907,101,94,7,7
26908,83,70,13,13
26909,106,138,-32,32
26910,99,103,-4,4
26911,67,62,5,5
26912,130,135,-5,5
26913,79,85,-6,6
26914,43,35,8,8
26915,146,123,23,23
26916,57,68,-11,11
26917,100,103,-3,3
26918,139,136,3,3
26919,114,96,18,18
26920,61,71,-10,10
26921,77,104,-27,27
26922,102,111,-9,9
26923,104,99,5,5
26924,145,151,-6,6
26925,81,86,-5,5
26926,87,85,2,2
26927,135,135,0,0
26928,117,112,5,5
26929,82,75,7,7
26930,118,116,2,2
26931,106,118,-12,12
26932,123,127,-4,4
26933,109,105,4,4
26934,66,63,3,3
26935,86,88,-2,2
26936,104,109,-5,5
26937,61,69,-8,8
26938,59,85,-26,26
26939,68,71,-3,3
26940,68,68,0,0
26941,63,81,-18,18
26942,85,74,11,11
26943,135,133,2,2
26944,117,130,-13,13
26945,134,111,23,23
26946,104,103,1,1
26947,73,83,-10,10
26948,79,77,2,2
26949,137,139,-2,2
26950,106,99,7,7
26951,80,54,26,26
26952,175,186,-11,11
26953,96,103,-7,7
26954,137,114,23,23
26955,119,128,-9,9
26956,118,123,-5,5
26957,135,138,-3,3
26958,127,101,26,26
26959,103,108,-5,5
26960,87,84,3,3
26961,90,67,23,23
26962,50,61,-11,11
26963,68,68,0,0
26964,75,70,5,5
26965,150,162,-12,12
26966,107,99,8,8
26967,122,132,-10,10
26968,48,53,-5,5
26969,141,142,-1,1
26970,96,97,-1,1
26971,93,96,-3,3
26972,85,85,0,0
26973,55,68,-13,13
26974,51,55,-4,4
26975,99,99,0,0
26976,52,63,-11,11
26977,79,76,3,3
26978,110,106,4,4
26979,121,119,2,2
26980,37,45,-8,8
26981,92,100,-8,8
26982,66,71,-5,5
26983,148,122,26,26
26984,83,88,-5,5
26985,175,157,18,18
26986,88,80,8,8
26987,110,94,16,16
26988,79,91,-12,12
26989,64,51,13,13
26990,124,110,14,14
26991,129,121,8,8
26992,91,85,6,6
26993,59,61,-2,2
26994,49,74,-25,25
26995,132,128,4,4
26996,76,108,-32,32
26997,110,103,7,7
26998,61,60,1,1
26999,90,93,-3,3
27000,126,115,11,11
27001,98,94,4,4
27002,59,47,12,12
27003,93,94,-1,1
27004,76,66,10,10
27005,75,71,4,4
27006,85,91,-6,6
27007,149,138,11,11
27008,89,97,-8,8
27009,112,107,5,5
27010,88,69,19,19
27011,65,60,5,5
27012,86,94,-8,8
27013,64,79,-15,15
27014,81,90,-9,9
27015,86,96,-10,10
27016,70,80,-10,10
27017,150,142,8,8
27018,102,97,5,5
27019,92,73,19,19
27020,47,45,2,2
27021,92,99,-7,7
27022,108,111,-3,3
27023,85,101,-16,16
27024,127,123,4,4
27025,114,114,0,0
27026,89,76,13,13
27027,98,101,-3,3
27028,47,67,-20,20
27029,95,98,-3,3
27030,174,173,1,1
27031,74,73,1,1
27032,214,176,38,38
27033,35,35,0,0
27034,202,198,4,4
27035,83,77,6,6
27036,125,119,6,6
27037,109,94,15,15
27038,54,72,-18,18
27039,56,68,-12,12
27040,71,80,-9,9
27041,81,76,5,5
27042,78,74,4,4
27043,61,64,-3,3
27044,77,67,10,10
27045,114,98,16,16
27046,59,64,-5,5
27047,116,122,-6,6
27048,49,56,-7,7
27049,66,91,-25,25
27050,91,75,16,16
27051,98,104,-6,6
27052,73,70,3,3
27053,78,73,5,5
27054,105,119,-14,14
27055,112,109,3,3
27056,84,86,-2,2
27057,78,65,13,13
27058,112,127,-15,15
27059,178,160,18,18
27060,134,126,8,8
27061,93,95,-2,2
27062,99,99,0,0
27063,67,73,-6,6
27064,76,86,-10,10
27065,80,71,9,9
27066,74,71,3,3
27067,83,82,1,1
27068,99,119,-20,20
27069,70,66,4,4
27070,64,67,-3,3
27071,128,136,-8,8
27072,93,68,25,25
27073,65,59,6,6
27074,40,47,-7,7
27075,133,115,18,18
27076,97,98,-1,1
27077,89,86,3,3
27078,73,68,5,5
27079,102,92,10,10
27080,62,59,3,3
27081,91,94,-3,3
27082,147,131,16,16
27083,70,64,6,6
27084,71,69,2,2
27085,86,87,-1,1
27086,62,65,-3,3
27087,104,92,12,12
27088,72,61,11,11
27089,52,50,2,2
27090,38,39,-1,1
27091,67,68,-1,1
27092,196,164,32,32
27093,47,53,-6,6
27094,51,58,-7,7
27095,88,84,4,4
27096,96,88,8,8
27097,42,57,-15,15
27098,101,102,-1,1
27099,105,99,6,6
27100,70,67,3,3
27101,87,104,-17,17
27102,120,115,5,5
27103,71,69,2,2
27104,118,102,16,16
27105,71,78,-7,7
27106,101,106,-5,5
27107,80,91,-11,11
27108,107,95,12,12
27109,87,76,11,11
27110,60,90,-30,30
27111,56,48,8,8
27112,79,88,-9,9
27113,148,150,-2,2
27114,75,80,-5,5
27115,53,57,-4,4
27116,88,87,1,1
27117,104,120,-16,16
27118,77,73,4,4
27119,53,49,4,4
27120,114,121,-7,7
27121,74,73,1,1
27122,73,82,-9,9
27123,127,109,18,18
27124,81,76,5,5
27125,127,114,13,13
27126,139,121,18,18
27127,78,87,-9,9
27128,79,75,4,4
27129,115,105,10,10
27130,125,108,17,17
27131,141,145,-4,4
27132,127,107,20,20
27133,105,106,-1,1
27134,57,58,-1,1
27135,99,106,-7,7
27136,91,87,4,4
27137,98,101,-3,3
27138,114,129,-15,15
27139,74,71,3,3
27140,143,122,21,21
27141,68,85,-17,17
27142,159,143,16,16
27143,69,64,5,5
27144,72,64,8,8
27145,48,50,-2,2
27146,110,106,4,4
27147,86,86,0,0
27148,72,71,1,1
27149,80,66,14,14
27150,70,77,-7,7
27151,37,43,-6,6
27152,79,78,1,1
27153,53,61,-8,8
27154,82,78,4,4
27155,55,62,-7,7
27156,72,79,-7,7
27157,104,103,1,1
27158,81,83,-2,2
27159,131,134,-3,3
27160,110,121,-11,11
27161,70,75,-5,5
27162,96,104,-8,8
27163,56,67,-11,11
27164,76,84,-8,8
27165,87,84,3,3
27166,100,85,15,15
27167,51,62,-11,11
27168,67,65,2,2
27169,50,58,-8,8
27170,72,89,-17,17
27171,69,56,13,13
27172,96,98,-2,2
27173,90,79,11,11
27174,84,85,-1,1
27175,136,144,-8,8
27176,83,90,-7,7
27177,93,101,-8,8
27178,130,150,-20,20
27179,111,103,8,8
27180,107,117,-10,10
27181,112,117,-5,5
27182,27,45,-18,18
27183,156,125,31,31
27184,102,97,5,5
27185,122,127,-5,5
27186,114,101,13,13
27187,39,41,-2,2
27188,137,124,13,13
27189,86,97,-11,11
27190,83,72,11,11
27191,148,148,0,0
27192,108,109,-1,1
27193,102,103,-1,1
27194,95,100,-5,5
27195,52,65,-13,13
27196,78,77,1,1
27197,99,99,0,0
27198,124,118,6,6
27199,94,106,-12,12
27200,120,121,-1,1
27201,102,98,4,4
27202,128,127,1,1
27203,64,56,8,8
27204,78,81,-3,3
27205,65,71,-6,6
27206,128,133,-5,5
27207,88,80,8,8
27208,63,74,-11,11
27209,86,90,-4,4
27210,102,107,-5,5
27211,120,113,7,7
27212,95,96,-1,1
27213,83,77,6,6
27214,96,111,-15,15
27215,75,85,-10,10
27216,50,50,0,0
27217,69,66,3,3
27218,118,102,16,16
27219,103,112,-9,9
27220,88,84,4,4
27221,83,85,-2,2
27222,113,102,11,11
27223,89,80,9,9
27224,92,84,8,8
27225,96,112,-16,16
27226,97,111,-14,14
27227,57,68,-11,11
27228,70,68,2,2
27229,79,95,-16,16
27230,81,74,7,7
27231,106,109,-3,3
27232,178,165,13,13
27233,141,134,7,7
27234,97,89,8,8
27235,152,137,15,15
27236,82,75,7,7
27237,62,72,-10,10
27238,69,73,-4,4
27239,145,149,-4,4
27240,80,87,-7,7
27241,124,120,4,4
27242,128,149,-21,21
27243,147,137,10,10
27244,181,176,5,5
27245,92,98,-6,6
27246,48,55,-7,7
27247,144,131,13,13
27248,54,59,-5,5
27249,116,103,13,13
27250,106,86,20,20
27251,72,67,5,5
27252,139,131,8,8
27253,153,157,-4,4
27254,105,93,12,12
27255,152,147,5,5
27256,137,129,8,8
27257,123,129,-6,6
27258,49,62,-13,13
27259,80,74,6,6
27260,63,38,25,25
27261,35,69,-34,34
27262,53,56,-3,3
27263,80,88,-8,8
27264,56,45,11,11
27265,143,146,-3,3
27266,160,144,16,16
27267,98,93,5,5
27268,98,100,-2,2
27269,83,99,-16,16
27270,117,126,-9,9
27271,143,129,14,14
27272,91,102,-11,11
27273,60,69,-9,9
27274,106,102,4,4
27275,33,37,-4,4
27276,65,71,-6,6
27277,79,70,9,9
27278,47,45,2,2
27279,78,79,-1,1
27280,108,114,-6,6
27281,59,61,-2,2
27282,75,78,-3,3
27283,130,135,-5,5
27284,75,92,-17,17
27285,89,91,-2,2
27286,85,83,2,2
27287,127,126,1,1
27288,71,92,-21,21
27289,103,115,-12,12
27290,40,47,-7,7
27291,57,65,-8,8
27292,142,131,11,11
27293,61,77,-16,16
27294,77,80,-3,3
27295,95,96,-1,1
27296,90,46,44,44
27297,101,104,-3,3
27298,64,66,-2,2
27299,154,134,20,20
27300,90,90,0,0
27301,103,98,5,5
27302,134,141,-7,7
27303,96,71,25,25
27304,48,53,-5,5
27305,88,79,9,9
27306,126,122,4,4
27307,80,83,-3,3
27308,66,69,-3,3
27309,43,50,-7,7
27310,71,65,6,6
27311,102,105,-3,3
27312,78,71,7,7
27313,99,101,-2,2
27314,110,100,10,10
27315,105,105,0,0
27316,103,108,-5,5
27317,103,103,0,0
27318,62,69,-7,7
27319,92,102,-10,10
27320,68,86,-18,18
27321,94,90,4,4
27322,97,105,-8,8
27323,50,69,-19,19
27324,46,46,0,0
27325,76,73,3,3
27326,127,100,27,27
27327,55,58,-3,3
27328,62,58,4,4
27329,114,124,-10,10
27330,70,60,10,10
27331,110,121,-11,11
27332,115,113,2,2
27333,102,91,11,11
27334,105,117,-12,12
27335,99,94,5,5
27336,122,123,-1,1
27337,69,77,-8,8
27338,69,70,-1,1
27339,79,85,-6,6
27340,67,76,-9,9
27341,76,48,28,28
27342,54,62,-8,8
27343,96,92,4,4
27344,90,94,-4,4
27345,73,61,12,12
27346,76,77,-1,1
27347,48,46,2,2
27348,104,104,0,0
27349,64,64,0,0
27350,76,78,-2,2
27351,106,107,-1,1
27352,58,68,-10,10
27353,118,115,3,3
27354,78,89,-11,11
27355,119,118,1,1
27356,64,75,-11,11
27357,144,127,17,17
27358,112,96,16,16
27359,60,49,11,11
27360,58,83,-25,25
27361,148,156,-8,8
27362,70,69,1,1
27363,193,157,36,36
27364,90,99,-9,9
27365,50,65,-15,15
27366,94,91,3,3
27367,114,101,13,13
27368,57,60,-3,3
27369,72,87,-15,15
27370,97,97,0,0
27371,121,102,19,19
27372,96,96,0,0
27373,78,77,1,1
27374,124,126,-2,2
27375,156,147,9,9
27376,103,98,5,5
27377,117,136,-19,19
27378,75,59,16,16
27379,101,96,5,5
27380,45,60,-15,15
27381,60,53,7,7
27382,124,131,-7,7
27383,129,117,12,12
27384,90,89,1,1
27385,79,99,-20,20
27386,64,84,-20,20
27387,87,89,-2,2
27388,138,125,13,13
27389,106,113,-7,7
27390,96,99,-3,3
27391,124,129,-5,5
27392,78,76,2,2
27393,99,105,-6,6
27394,208,175,33,33
27395,111,106,5,5
27396,107,98,9,9
27397,92,86,6,6
27398,87,82,5,5
27399,108,114,-6,6
27400,70,55,15,15
27401,115,114,1,1
27402,86,93,-7,7
27403,86,78,8,8
27404,165,159,6,6
27405,59,99,-40,40
27406,111,121,-10,10
27407,196,155,41,41
27408,99,90,9,9
27409,121,89,32,32
27410,57,51,6,6
27411,78,63,15,15
27412,98,92,6,6
27413,90,79,11,11
27414,89,96,-7,7
27415,97,97,0,0
27416,77,70,7,7
27417,78,75,3,3
27418,95,104,-9,9
27419,98,112,-14,14
27420,126,115,11,11
27421,107,112,-5,5
27422,83,85,-2,2
27423,129,146,-17,17
27424,93,91,2,2
27425,210,166,44,44
27426,112,115,-3,3
27427,51,58,-7,7
27428,93,98,-5,5
27429,61,69,-8,8
27430,76,97,-21,21
27431,107,111,-4,4
27432,115,104,11,11
27433,106,114,-8,8
27434,77,77,0,0
27435,102,103,-1,1
27436,54,61,-7,7
27437,81,74,7,7
27438,64,77,-13,13
27439,134,132,2,2
27440,124,124,0,0
27441,49,62,-13,13
27442,90,106,-16,16
27443,72,70,2,2
27444,76,84,-8,8
27445,114,112,2,2
27446,59,64,-5,5
27447,97,118,-21,21
27448,96,87,9,9
27449,177,153,24,24
27450,111,102,9,9
27451,105,111,-6,6
27452,78,88,-10,10
27453,85,89,-4,4
27454,71,66,5,5
27455,114,114,0,0
27456,78,78,0,0
27457,164,176,-12,12
27458,75,81,-6,6
27459,128,116,12,12
27460,105,104,1,1
27461,75,82,-7,7
27462,87,88,-1,1
27463,104,100,4,4
27464,130,128,2,2
27465,101,108,-7,7
27466,81,80,1,1
27467,75,79,-4,4
27468,115,119,-4,4
27469,80,66,14,14
27470,54,74,-20,20
27471,93,96,-3,3
27472,142,131,11,11
27473,41,47,-6,6
27474,78,78,0,0
27475,62,61,1,1
27476,68,73,-5,5
27477,45,62,-17,17
27478,99,100,-1,1
27479,92,81,11,11
27480,88,73,15,15
27481,134,143,-9,9
27482,112,96,16,16
27483,97,94,3,3
27484,131,124,7,7
27485,71,67,4,4
27486,39,40,-1,1
27487,68,64,4,4
27488,47,84,-37,37
27489,60,53,7,7
27490,151,127,24,24
27491,81,68,13,13
27492,104,99,5,5
27493,99,107,-8,8
27494,103,96,7,7
27495,84,79,5,5
27496,92,97,-5,5
27497,108,109,-1,1
27498,124,120,4,4
27499,68,72,-4,4
27500,107,116,-9,9
27501,97,79,18,18
27502,108,96,12,12
27503,54,62,-8,8
27504,75,70,5,5
27505,43,69,-26,26
27506,105,115,-10,10
27507,103,123,-20,20
27508,85,88,-3,3
27509,121,124,-3,3
27510,85,96,-11,11
27511,102,102,0,0
27512,113,120,-7,7
27513,70,82,-12,12
27514,120,111,9,9
27515,106,98,8,8
27516,72,73,-1,1
27517,89,91,-2,2
27518,90,78,12,12
27519,52,45,7,7
27520,78,86,-8,8
27521,88,97,-9,9
27522,290,227,63,63
27523,98,102,-4,4
27524,94,106,-12,12
27525,130,128,2,2
27526,50,61,-11,11
27527,102,100,2,2
27528,72,71,1,1
27529,79,81,-2,2
27530,101,104,-3,3
27531,88,81,7,7
27532,75,74,1,1
27533,109,122,-13,13
27534,68,70,-2,2
27535,117,123,-6,6
27536,112,119,-7,7
27537,149,139,10,10
27538,94,100,-6,6
27539,73,81,-8,8
27540,86,73,13,13
27541,68,69,-1,1
27542,94,93,1,1
27543,96,99,-3,3
27544,86,107,-21,21
27545,84,92,-8,8
27546,98,86,12,12
27547,149,138,11,11
27548,92,97,-5,5
27549,72,62,10,10
27550,108,113,-5,5
27551,85,91,-6,6
27552,92,99,-7,7
27553,72,75,-3,3
27554,73,71,2,2
27555,91,89,2,2
27556,167,177,-10,10
27557,78,84,-6,6
27558,50,57,-7,7
27559,96,67,29,29
27560,105,133,-28,28
27561,102,107,-5,5
27562,106,99,7,7
27563,138,114,24,24
27564,123,111,12,12
27565,76,78,-2,2
27566,95,87,8,8
27567,87,84,3,3
27568,154,169,-15,15
27569,75,67,8,8
27570,137,116,21,21
27571,98,76,22,22
27572,96,104,-8,8
27573,68,59,9,9
27574,66,81,-15,15
27575,96,93,3,3
27576,99,102,-3,3
27577,53,70,-17,17
27578,36,55,-19,19
27579,79,84,-5,5
27580,108,97,11,11
27581,20,51,-31,31
27582,95,96,-1,1
27583,78,75,3,3
27584,114,127,-13,13
27585,89,98,-9,9
27586,118,149,-31,31
27587,163,148,15,15
27588,64,67,-3,3
27589,50,62,-12,12
27590,65,68,-3,3
27591,91,90,1,1
27592,126,124,2,2
27593,96,100,-4,4
27594,115,115,0,0
27595,114,105,9,9
27596,139,129,10,10
27597,45,69,-24,24
27598,155,151,4,4
27599,77,69,8,8
27600,105,95,10,10
27601,156,128,28,28
27602,90,90,0,0
27603,105,109,-4,4
27604,36,44,-8,8
27605,134,160,-26,26
27606,111,127,-16,16
27607,61,52,9,9
27608,97,98,-1,1
27609,76,81,-5,5
27610,81,80,1,1
27611,71,66,5,5
27612,99,95,4,4
27613,98,98,0,0
27614,89,92,-3,3
27615,153,157,-4,4
27616,110,117,-7,7
27617,61,59,2,2
27618,72,74,-2,2
27619,107,109,-2,2
27620,107,109,-2,2
27621,116,120,-4,4
27622,116,110,6,6
27623,71,69,2,2
27624,95,91,4,4
27625,99,100,-1,1
27626,59,59,0,0
27627,107,133,-26,26
27628,130,122,8,8
27629,95,80,15,15
27630,165,145,20,20
27631,171,153,18,18
27632,93,111,-18,18
27633,79,89,-10,10
27634,175,166,9,9
27635,121,120,1,1
27636,155,158,-3,3
27637,174,159,15,15
27638,81,78,3,3
27639,57,52,5,5
27640,180,152,28,28
27641,116,109,7,7
27642,162,151,11,11
27643,77,68,9,9
27644,78,72,6,6
27645,111,112,-1,1
27646,87,62,25,25
27647,37,45,-8,8
27648,176,190,-14,14
27649,69,73,-4,4
27650,72,80,-8,8
27651,91,104,-13,13
27652,102,100,2,2
27653,81,88,-7,7
27654,142,130,12,12
27655,189,171,18,18
27656,200,183,17,17
27657,61,68,-7,7
27658,89,93,-4,4
27659,94,88,6,6
27660,88,90,-2,2
27661,85,75,10,10
27662,88,86,2,2
27663,52,51,1,1
27664,61,89,-28,28
27665,79,74,5,5
27666,141,133,8,8
27667,83,88,-5,5
27668,112,126,-14,14
27669,123,120,3,3
27670,54,60,-6,6
27671,66,69,-3,3
27672,117,110,7,7
27673,73,77,-4,4
27674,70,92,-22,22
27675,66,64,2,2
27676,105,106,-1,1
27677,77,68,9,9
27678,100,98,2,2
27679,167,129,38,38
27680,73,82,-9,9
27681,130,127,3,3
27682,87,68,19,19
27683,85,84,1,1
27684,69,53,16,16
27685,73,71,2,2
27686,77,85,-8,8
27687,138,139,-1,1
27688,80,83,-3,3
27689,55,56,-1,1
27690,117,107,10,10
27691,110,109,1,1
27692,60,65,-5,5
27693,96,90,6,6
27694,85,73,12,12
27695,106,117,-11,11
27696,94,98,-4,4
27697,69,84,-15,15
27698,125,132,-7,7
27699,179,164,15,15
27700,86,80,6,6
27701,129,133,-4,4
27702,82,81,1,1
27703,91,78,13,13
27704,150,141,9,9
27705,57,65,-8,8
27706,70,69,1,1
27707,134,136,-2,2
27708,71,73,-2,2
27709,74,84,-10,10
27710,83,77,6,6
27711,82,97,-15,15
27712,70,65,5,5
27713,82,99,-17,17
27714,52,47,5,5
27715,93,88,5,5
27716,54,65,-11,11
27717,136,121,15,15
27718,72,75,-3,3
27719,86,102,-16,16
27720,108,116,-8,8
27721,93,94,-1,1
27722,57,73,-16,16
27723,78,86,-8,8
27724,130,122,8,8
27725,83,101,-18,18
27726,116,120,-4,4
27727,103,98,5,5
27728,79,86,-7,7
27729,43,41,2,2
27730,100,93,7,7
27731,77,74,3,3
27732,127,115,12,12
27733,83,85,-2,2
27734,134,171,-37,37
27735,108,99,9,9
27736,122,118,4,4
27737,86,90,-4,4
27738,71,79,-8,8
27739,111,109,2,2
27740,132,124,8,8
27741,200,178,22,22
27742,77,71,6,6
27743,131,116,15,15
27744,75,73,2,2
27745,66,70,-4,4
27746,83,85,-2,2
27747,155,150,5,5
27748,104,93,11,11
27749,85,78,7,7
27750,149,120,29,29
27751,198,222,-24,24
27752,68,91,-23,23
27753,143,112,31,31
27754,118,107,11,11
27755,75,83,-8,8
27756,150,164,-14,14
27757,52,66,-14,14
27758,153,143,10,10
27759,88,101,-13,13
27760,101,127,-26,26
27761,74,76,-2,2
27762,102,92,10,10
27763,140,140,0,0
27764,71,70,1,1
27765,110,101,9,9
27766,110,115,-5,5
27767,63,74,-11,11
27768,66,66,0,0
27769,49,59,-10,10
27770,54,52,2,2
27771,86,86,0,0
27772,58,56,2,2
27773,54,55,-1,1
27774,60,73,-13,13
27775,77,73,4,4
27776,70,71,-1,1
27777,91,86,5,5
27778,112,111,1,1
27779,89,101,-12,12
27780,80,76,4,4
27781,95,96,-1,1
27782,98,93,5,5
27783,91,87,4,4
27784,117,129,-12,12
27785,76,77,-1,1
27786,126,127,-1,1
27787,131,128,3,3
27788,65,80,-15,15
27789,90,85,5,5
27790,77,70,7,7
27791,114,124,-10,10
27792,88,78,10,10
27793,90,84,6,6
27794,84,91,-7,7
27795,135,113,22,22
27796,95,100,-5,5
27797,94,106,-12,12
27798,106,105,1,1
27799,75,84,-9,9
27800,115,117,-2,2
27801,143,142,1,1
27802,60,57,3,3
27803,68,72,-4,4
27804,73,70,3,3
27805,168,149,19,19
27806,99,105,-6,6
27807,108,100,8,8
27808,77,82,-5,5
27809,60,72,-12,12
27810,79,78,1,1
27811,103,127,-24,24
27812,120,111,9,9
27813,137,148,-11,11
27814,80,90,-10,10
27815,78,88,-10,10
27816,49,66,-17,17
27817,97,103,-6,6
27818,104,110,-6,6
27819,172,158,14,14
27820,154,144,10,10
27821,93,99,-6,6
27822,103,96,7,7
27823,51,53,-2,2
27824,72,88,-16,16
27825,81,92,-11,11
27826,69,64,5,5
27827,111,97,14,14
27828,106,105,1,1
27829,143,122,21,21
27830,46,48,-2,2
27831,118,111,7,7
27832,136,105,31,31
27833,103,93,10,10
27834,115,120,-5,5
27835,100,91,9,9
27836,130,125,5,5
27837,146,123,23,23
27838,106,99,7,7
27839,160,159,1,1
27840,151,118,33,33
27841,111,101,10,10
27842,132,116,16,16
27843,70,58,12,12
27844,95,95,0,0
27845,113,116,-3,3
27846,100,147,-47,47
27847,84,114,-30,30
27848,144,116,28,28
27849,75,82,-7,7
27850,127,147,-20,20
27851,35,47,-12,12
27852,48,55,-7,7
27853,52,56,-4,4
27854,110,113,-3,3
27855,109,106,3,3
27856,72,72,0,0
27857,99,96,3,3
27858,58,46,12,12
27859,81,68,13,13
27860,96,82,14,14
27861,71,76,-5,5
27862,122,105,17,17
27863,151,127,24,24
27864,92,88,4,4
27865,69,63,6,6
27866,111,105,6,6
27867,106,102,4,4
27868,122,118,4,4
27869,100,77,23,23
27870,62,64,-2,2
27871,77,87,-10,10
27872,111,112,-1,1
27873,68,79,-11,11
27874,97,85,12,12
27875,118,86,32,32
27876,118,113,5,5
27877,97,110,-13,13
27878,78,80,-2,2
27879,146,140,6,6
27880,99,104,-5,5
27881,76,81,-5,5
27882,64,61,3,3
27883,48,54,-6,6
27884,89,95,-6,6
27885,59,58,1,1
27886,74,86,-12,12
27887,72,73,-1,1
27888,83,86,-3,3
27889,83,65,18,18
27890,97,97,0,0
27891,100,97,3,3
27892,181,175,6,6
27893,37,51,-14,14
27894,64,71,-7,7
27895,84,70,14,14
27896,68,41,27,27
27897,54,49,5,5
27898,85,81,4,4
27899,75,76,-1,1
27900,98,100,-2,2
27901,147,132,15,15
27902,138,119,19,19
27903,61,56,5,5
27904,83,94,-11,11
27905,158,137,21,21
27906,119,118,1,1
27907,88,79,9,9
27908,119,121,-2,2
27909,118,97,21,21
27910,68,71,-3,3
27911,49,58,-9,9
27912,112,106,6,6
27913,113,109,4,4
27914,83,84,-1,1
27915,81,87,-6,6
27916,31,34,-3,3
27917,87,85,2,2
27918,144,138,6,6
27919,133,124,9,9
27920,137,126,11,11
27921,95,106,-11,11
27922,80,75,5,5
27923,109,107,2,2
27924,90,89,1,1
27925,70,68,2,2
27926,66,66,0,0
27927,81,75,6,6
27928,156,150,6,6
27929,70,85,-15,15
27930,95,98,-3,3
27931,109,114,-5,5
27932,61,116,-55,55
27933,40,31,9,9
27934,138,141,-3,3
27935,96,90,6,6
27936,53,68,-15,15
27937,85,92,-7,7
27938,137,128,9,9
27939,113,105,8,8
27940,127,126,1,1
27941,77,69,8,8
27942,66,82,-16,16
27943,36,39,-3,3
27944,83,93,-10,10
27945,120,99,21,21
27946,55,71,-16,16
27947,61,71,-10,10
27948,68,78,-10,10
27949,93,100,-7,7
27950,173,168,5,5
27951,58,76,-18,18
27952,75,74,1,1
27953,83,77,6,6
27954,141,158,-17,17
27955,67,66,1,1
27956,35,46,-11,11
27957,63,65,-2,2
27958,52,62,-10,10
27959,183,168,15,15
27960,52,49,3,3
27961,72,68,4,4
27962,77,84,-7,7
27963,61,53,8,8
27964,124,121,3,3
27965,78,90,-12,12
27966,123,106,17,17
27967,122,117,5,5
27968,88,90,-2,2
27969,74,81,-7,7
27970,66,60,6,6
27971,69,75,-6,6
27972,92,97,-5,5
27973,79,82,-3,3
27974,45,71,-26,26
27975,115,126,-11,11
27976,143,135,8,8
27977,99,100,-1,1
27978,129,133,-4,4
27979,103,104,-1,1
27980,90,98,-8,8
27981,88,89,-1,1
27982,123,125,-2,2
27983,175,152,23,23
27984,95,90,5,5
27985,105,118,-13,13
27986,65,79,-14,14
27987,66,73,-7,7
27988,137,128,9,9
27989,84,84,0,0
27990,110,102,8,8
27991,118,102,16,16
27992,114,106,8,8
27993,97,116,-19,19
27994,90,89,1,1
27995,124,128,-4,4
27996,158,140,18,18
27997,67,88,-21,21
27998,96,90,6,6
27999,97,90,7,7
28000,108,108,0,0
28001,106,108,-2,2
28002,56,59,-3,3
28003,69,69,0,0
28004,41,51,-10,10
28005,67,75,-8,8
28006,172,155,17,17
28007,53,53,0,0
28008,94,90,4,4
28009,121,112,9,9
28010,97,84,13,13
28011,91,106,-15,15
28012,117,104,13,13
28013,125,152,-27,27
28014,59,51,8,8
28015,114,107,7,7
28016,87,78,9,9
28017,106,115,-9,9
28018,77,84,-7,7
28019,135,107,28,28
28020,145,115,30,30
28021,72,74,-2,2
28022,53,40,13,13
28023,149,137,12,12
28024,101,103,-2,2
28025,76,34,42,42
28026,87,104,-17,17
28027,73,72,1,1
28028,107,114,-7,7
28029,67,60,7,7
28030,67,74,-7,7
28031,80,83,-3,3
28032,91,82,9,9
28033,91,87,4,4
28034,104,121,-17,17
28035,66,52,14,14
28036,90,94,-4,4
28037,71,86,-15,15
28038,118,99,19,19
28039,87,100,-13,13
28040,68,69,-1,1
28041,114,110,4,4
28042,117,126,-9,9
28043,130,118,12,12
28044,134,129,5,5
28045,125,120,5,5
28046,74,78,-4,4
28047,88,77,11,11
28048,56,71,-15,15
28049,116,124,-8,8
28050,145,147,-2,2
28051,75,71,4,4
28052,71,77,-6,6
28053,50,50,0,0
28054,97,93,4,4
28055,55,52,3,3
28056,52,52,0,0
28057,154,129,25,25
28058,132,128,4,4
28059,180,143,37,37
28060,68,78,-10,10
28061,86,93,-7,7
28062,147,162,-15,15
28063,68,79,-11,11
28064,80,76,4,4
28065,98,81,17,17
28066,109,114,-5,5
28067,88,87,1,1
28068,78,90,-12,12
28069,86,71,15,15
28070,42,56,-14,14
28071,74,86,-12,12
28072,137,136,1,1
28073,110,108,2,2
28074,76,84,-8,8
28075,64,68,-4,4
28076,150,138,12,12
28077,116,97,19,19
28078,74,78,-4,4
28079,69,60,9,9
28080,55,47,8,8
28081,114,116,-2,2
28082,178,168,10,10
28083,78,83,-5,5
28084,71,70,1,1
28085,80,85,-5,5
28086,119,125,-6,6
28087,59,79,-20,20
28088,75,62,13,13
28089,77,90,-13,13
28090,64,73,-9,9
28091,118,105,13,13
28092,141,138,3,3
28093,144,149,-5,5
28094,118,121,-3,3
28095,90,82,8,8
28096,96,90,6,6
28097,107,99,8,8
28098,141,146,-5,5
28099,71,56,15,15
28100,94,96,-2,2
28101,196,164,32,32
28102,93,100,-7,7
28103,122,104,18,18
28104,78,74,4,4
28105,83,109,-26,26
28106,84,76,8,8
28107,65,67,-2,2
28108,165,148,17,17
28109,116,145,-29,29
28110,91,74,17,17
28111,69,66,3,3
28112,87,73,14,14
28113,94,98,-4,4
28114,113,110,3,3
28115,169,168,1,1
28116,112,96,16,16
28117,85,86,-1,1
28118,113,99,14,14
28119,145,115,30,30
28120,53,57,-4,4
28121,97,106,-9,9
28122,102,113,-11,11
28123,107,108,-1,1
28124,88,89,-1,1
28125,76,63,13,13
28126,46,47,-1,1
28127,83,85,-2,2
28128,99,87,12,12
28129,118,107,11,11
28130,85,74,11,11
28131,112,110,2,2
28132,120,101,19,19
28133,246,200,46,46
28134,124,107,17,17
28135,64,66,-2,2
28136,118,106,12,12
28137,118,112,6,6
28138,78,72,6,6
28139,74,89,-15,15
28140,86,88,-2,2
28141,90,53,37,37
28142,132,130,2,2
28143,125,122,3,3
28144,70,76,-6,6
28145,69,65,4,4
28146,119,113,6,6
28147,144,121,23,23
28148,172,148,24,24
28149,83,79,4,4
28150,99,92,7,7
28151,104,99,5,5
28152,127,127,0,0
28153,78,72,6,6
28154,110,98,12,12
28155,53,69,-16,16
28156,79,91,-12,12
28157,47,47,0,0
28158,123,100,23,23
28159,132,131,1,1
28160,104,118,-14,14
28161,127,120,7,7
28162,105,96,9,9
28163,65,66,-1,1
28164,100,96,4,4
28165,192,208,-16,16
28166,61,83,-22,22
28167,106,119,-13,13
28168,38,64,-26,26
28169,186,173,13,13
28170,166,150,16,16
28171,122,114,8,8
28172,141,129,12,12
28173,122,119,3,3
28174,39,65,-26,26
28175,117,122,-5,5
28176,128,116,12,12
28177,148,132,16,16
28178,118,115,3,3
28179,96,95,1,1
28180,72,87,-15,15
28181,76,68,8,8
28182,63,62,1,1
28183,84,99,-15,15
28184,102,96,6,6
28185,75,73,2,2
28186,92,90,2,2
28187,69,66,3,3
28188,94,84,10,10
28189,70,60,10,10
28190,112,108,4,4
28191,87,77,10,10
28192,68,80,-12,12
28193,123,154,-31,31
28194,81,78,3,3
28195,116,125,-9,9
28196,82,83,-1,1
28197,149,142,7,7
28198,60,82,-22,22
28199,59,73,-14,14
28200,110,102,8,8
28201,89,139,-50,50
28202,114,125,-11,11
28203,128,113,15,15
28204,57,67,-10,10
28205,77,80,-3,3
28206,85,78,7,7
28207,194,186,8,8
28208,72,95,-23,23
28209,75,79,-4,4
28210,57,81,-24,24
28211,165,157,8,8
28212,99,92,7,7
28213,84,84,0,0
28214,89,94,-5,5
28215,64,63,1,1
28216,115,125,-10,10
28217,81,77,4,4
28218,96,97,-1,1
28219,134,119,15,15
28220,74,84,-10,10
28221,121,147,-26,26
28222,81,97,-16,16
28223,58,58,0,0
28224,77,67,10,10
28225,97,99,-2,2
28226,66,59,7,7
28227,104,105,-1,1
28228,112,113,-1,1
28229,59,68,-9,9
28230,151,143,8,8
28231,111,105,6,6
28232,133,135,-2,2
28233,76,84,-8,8
28234,93,103,-10,10
28235,76,78,-2,2
28236,85,87,-2,2
28237,151,149,2,2
28238,76,72,4,4
28239,79,85,-6,6
28240,172,184,-12,12
28241,148,131,17,17
28242,89,96,-7,7
28243,87,93,-6,6
28244,128,126,2,2
28245,71,65,6,6
28246,72,65,7,7
28247,77,83,-6,6
28248,100,97,3,3
28249,107,109,-2,2
28250,86,91,-5,5
28251,81,81,0,0
28252,93,97,-4,4
28253,56,49,7,7
28254,138,126,12,12
28255,77,78,-1,1
28256,175,160,15,15
28257,72,77,-5,5
28258,93,88,5,5
28259,92,91,1,1
28260,104,109,-5,5
28261,132,130,2,2
28262,81,84,-3,3
28263,71,80,-9,9
28264,140,145,-5,5
28265,102,99,3,3
28266,53,50,3,3
28267,87,89,-2,2
28268,147,132,15,15
28269,93,106,-13,13
28270,65,63,2,2
28271,154,144,10,10
28272,222,187,35,35
28273,107,102,5,5
28274,81,75,6,6
28275,59,61,-2,2
28276,63,66,-3,3
28277,100,92,8,8
28278,89,77,12,12
28279,70,62,8,8
28280,90,88,2,2
28281,135,121,14,14
28282,112,109,3,3
28283,102,103,-1,1
28284,126,129,-3,3
28285,87,93,-6,6
28286,98,97,1,1
28287,128,117,11,11
28288,54,54,0,0
28289,88,99,-11,11
28290,79,92,-13,13
28291,177,155,22,22
28292,110,100,10,10
28293,68,78,-10,10
28294,126,129,-3,3
28295,115,117,-2,2
28296,105,109,-4,4
28297,86,91,-5,5
28298,66,97,-31,31
28299,65,58,7,7
28300,78,95,-17,17
28301,87,89,-2,2
28302,108,101,7,7
28303,46,60,-14,14
28304,106,99,7,7
28305,127,122,5,5
28306,137,143,-6,6
28307,84,74,10,10
28308,73,91,-18,18
28309,70,67,3,3
28310,76,78,-2,2
28311,84,71,13,13
28312,125,96,29,29
28313,73,78,-5,5
28314,176,164,12,12
28315,97,94,3,3
28316,128,135,-7,7
28317,74,78,-4,4
28318,145,162,-17,17
28319,93,88,5,5
28320,70,72,-2,2
28321,67,82,-15,15
28322,84,88,-4,4
28323,59,63,-4,4
28324,92,100,-8,8
28325,112,101,11,11
28326,51,51,0,0
28327,56,58,-2,2
28328,92,87,5,5
28329,49,54,-5,5
28330,98,112,-14,14
28331,71,80,-9,9
28332,72,78,-6,6
28333,68,80,-12,12
28334,87,92,-5,5
28335,121,108,13,13
28336,94,88,6,6
28337,76,97,-21,21
28338,112,105,7,7
28339,69,66,3,3
28340,113,114,-1,1
28341,129,140,-11,11
28342,105,113,-8,8
28343,99,101,-2,2
28344,58,57,1,1
28345,130,121,9,9
28346,85,78,7,7
28347,73,51,22,22
28348,56,53,3,3
28349,97,105,-8,8
28350,104,114,-10,10
28351,73,75,-2,2
28352,111,99,12,12
28353,73,75,-2,2
28354,98,85,13,13
28355,102,105,-3,3
28356,80,82,-2,2
28357,47,56,-9,9
28358,102,108,-6,6
28359,76,82,-6,6
28360,69,100,-31,31
28361,85,81,4,4
28362,111,121,-10,10
28363,34,51,-17,17
28364,137,139,-2,2
28365,79,76,3,3
28366,72,85,-13,13
28367,62,64,-2,2
28368,91,85,6,6
28369,82,80,2,2
28370,120,136,-16,16
28371,92,107,-15,15
28372,110,114,-4,4
28373,122,115,7,7
28374,119,106,13,13
28375,183,190,-7,7
28376,61,72,-11,11
28377,97,89,8,8
28378,117,110,7,7
28379,71,75,-4,4
28380,100,86,14,14
28381,119,107,12,12
28382,94,83,11,11
28383,94,96,-2,2
28384,97,92,5,5
28385,62,54,8,8
28386,74,78,-4,4
28387,104,105,-1,1
28388,143,130,13,13
28389,74,69,5,5
28390,126,113,13,13
28391,64,61,3,3
28392,97,96,1,1
28393,82,82,0,0
28394,56,61,-5,5
28395,98,98,0,0
28396,139,122,17,17
28397,102,110,-8,8
28398,100,100,0,0
28399,115,107,8,8
28400,138,109,29,29
28401,39,59,-20,20
28402,132,127,5,5
28403,127,137,-10,10
28404,98,99,-1,1
28405,83,68,15,15
28406,106,120,-14,14
28407,161,144,17,17
28408,77,75,2,2
28409,76,86,-10,10
28410,96,85,11,11
28411,107,104,3,3
28412,85,282,-197,197
28413,79,77,2,2
28414,102,100,2,2
28415,57,52,5,5
28416,79,95,-16,16
28417,76,86,-10,10
28418,82,90,-8,8
28419,56,53,3,3
28420,84,88,-4,4
28421,110,101,9,9
28422,183,156,27,27
28423,118,119,-1,1
28424,100,105,-5,5
28425,109,102,7,7
28426,101,98,3,3
28427,57,61,-4,4
28428,89,103,-14,14
28429,148,120,28,28
28430,202,200,2,2
28431,137,148,-11,11
28432,91,80,11,11
28433,112,114,-2,2
28434,68,73,-5,5
28435,83,80,3,3
28436,72,63,9,9
28437,79,79,0,0
28438,116,111,5,5
28439,54,63,-9,9
28440,87,84,3,3
28441,82,83,-1,1
28442,104,95,9,9
28443,126,114,12,12
28444,106,104,2,2
28445,116,99,17,17
28446,91,97,-6,6
28447,77,87,-10,10
28448,123,130,-7,7
28449,145,149,-4,4
28450,88,83,5,5
28451,95,104,-9,9
28452,79,85,-6,6
28453,91,98,-7,7
28454,133,129,4,4
28455,165,158,7,7
28456,61,61,0,0
28457,63,61,2,2
28458,120,113,7,7
28459,54,42,12,12
28460,145,139,6,6
28461,130,128,2,2
28462,68,90,-22,22
28463,55,55,0,0
28464,90,84,6,6
28465,102,94,8,8
28466,52,51,1,1
28467,102,109,-7,7
28468,162,140,22,22
28469,85,87,-2,2
28470,81,83,-2,2
28471,57,55,2,2
28472,82,75,7,7
28473,135,88,47,47
28474,43,50,-7,7
28475,82,87,-5,5
28476,66,67,-1,1
28477,102,103,-1,1
28478,70,69,1,1
28479,151,144,7,7
28480,127,129,-2,2
28481,77,57,20,20
28482,137,141,-4,4
28483,83,67,16,16
28484,183,168,15,15
28485,43,37,6,6
28486,129,130,-1,1
28487,58,59,-1,1
28488,73,74,-1,1
28489,67,49,18,18
28490,57,61,-4,4
28491,133,139,-6,6
28492,76,82,-6,6
28493,87,92,-5,5
28494,76,77,-1,1
28495,99,96,3,3
28496,95,91,4,4
28497,56,63,-7,7
28498,146,141,5,5
28499,123,103,20,20
28500,93,122,-29,29
28501,71,74,-3,3
28502,97,89,8,8
28503,122,113,9,9
28504,97,106,-9,9
28505,86,90,-4,4
28506,87,94,-7,7
28507,134,137,-3,3
28508,99,107,-8,8
28509,135,138,-3,3
28510,85,91,-6,6
28511,132,127,5,5
28512,54,52,2,2
28513,77,93,-16,16
28514,63,68,-5,5
28515,138,139,-1,1
28516,58,67,-9,9
28517,141,121,20,20
28518,161,143,18,18
28519,105,108,-3,3
28520,107,117,-10,10
28521,153,147,6,6
28522,90,100,-10,10
28523,147,149,-2,2
28524,92,100,-8,8
28525,34,34,0,0
28526,90,93,-3,3
28527,50,48,2,2
28528,83,73,10,10
28529,127,124,3,3
28530,59,53,6,6
28531,57,58,-1,1
28532,115,113,2,2
28533,91,91,0,0
28534,143,135,8,8
28535,119,119,0,0
28536,97,94,3,3
28537,155,138,17,17
28538,128,111,17,17
28539,67,74,-7,7
28540,60,66,-6,6
28541,103,90,13,13
28542,128,111,17,17
28543,100,95,5,5
28544,71,75,-4,4
28545,85,79,6,6
28546,74,71,3,3
28547,172,130,42,42
28548,73,68,5,5
28549,51,46,5,5
28550,76,80,-4,4
28551,110,114,-4,4
28552,125,138,-13,13
28553,49,55,-6,6
28554,145,122,23,23
28555,81,74,7,7
28556,79,105,-26,26
28557,108,107,1,1
28558,95,93,2,2
28559,66,52,14,14
28560,78,70,8,8
28561,41,49,-8,8
28562,89,86,3,3
28563,60,58,2,2
28564,88,80,8,8
28565,54,63,-9,9
28566,112,106,6,6
28567,135,121,14,14
28568,123,110,13,13
28569,76,95,-19,19
28570,82,88,-6,6
28571,38,41,-3,3
28572,51,50,1,1
28573,33,42,-9,9
28574,100,99,1,1
28575,64,76,-12,12
28576,98,107,-9,9
28577,104,105,-1,1
28578,108,115,-7,7
28579,112,108,4,4
28580,54,54,0,0
28581,75,71,4,4
28582,89,98,-9,9
28583,137,127,10,10
28584,66,56,10,10
28585,81,85,-4,4
28586,91,99,-8,8
28587,84,97,-13,13
28588,52,57,-5,5
28589,64,73,-9,9
28590,176,153,23,23
28591,59,71,-12,12
28592,70,79,-9,9
28593,69,82,-13,13
28594,83,99,-16,16
28595,71,83,-12,12
28596,61,71,-10,10
28597,65,58,7,7
28598,94,130,-36,36
28599,53,61,-8,8
28600,66,58,8,8
28601,93,94,-1,1
28602,66,65,1,1
28603,75,68,7,7
28604,96,100,-4,4
28605,66,54,12,12
28606,158,146,12,12
28607,80,48,32,32
28608,67,61,6,6
28609,67,65,2,2
28610,79,82,-3,3
28611,57,68,-11,11
28612,66,66,0,0
28613,44,48,-4,4
28614,59,53,6,6
28615,150,128,22,22
28616,128,119,9,9
28617,74,72,2,2
28618,38,54,-16,16
28619,51,57,-6,6
28620,123,125,-2,2
28621,61,71,-10,10
28622,77,65,12,12
28623,61,65,-4,4
28624,94,83,11,11
28625,104,109,-5,5
28626,62,66,-4,4
28627,115,109,6,6
28628,122,110,12,12
28629,96,101,-5,5
28630,84,90,-6,6
28631,119,119,0,0
28632,99,95,4,4
28633,85,79,6,6
28634,118,103,15,15
28635,144,120,24,24
28636,54,50,4,4
28637,152,127,25,25
28638,47,61,-14,14
28639,67,74,-7,7
28640,81,77,4,4
28641,125,129,-4,4
28642,104,93,11,11
28643,63,69,-6,6
28644,71,58,13,13
28645,56,68,-12,12
28646,144,136,8,8
28647,125,119,6,6
28648,64,56,8,8
28649,108,101,7,7
28650,87,91,-4,4
28651,66,73,-7,7
28652,83,104,-21,21
28653,102,104,-2,2
28654,120,115,5,5
28655,114,112,2,2
28656,114,102,12,12
28657,148,138,10,10
28658,100,97,3,3
28659,76,69,7,7
28660,53,51,2,2
28661,104,113,-9,9
28662,101,106,-5,5
28663,93,95,-2,2
28664,50,68,-18,18
28665,47,54,-7,7
28666,137,141,-4,4
28667,109,102,7,7
28668,83,100,-17,17
28669,32,48,-16,16
28670,69,60,9,9
28671,92,85,7,7
28672,78,81,-3,3
28673,96,109,-13,13
28674,92,72,20,20
28675,53,46,7,7
28676,144,143,1,1
28677,107,101,6,6
28678,112,105,7,7
28679,72,69,3,3
28680,108,104,4,4
28681,84,75,9,9
28682,54,60,-6,6
28683,82,126,-44,44
28684,98,84,14,14
28685,73,85,-12,12
28686,50,33,17,17
28687,89,93,-4,4
28688,66,72,-6,6
28689,140,140,0,0
28690,97,98,-1,1
28691,77,87,-10,10
28692,106,102,4,4
28693,73,71,2,2
28694,122,114,8,8
28695,80,90,-10,10
28696,60,66,-6,6
28697,90,87,3,3
28698,83,80,3,3
28699,86,87,-1,1
28700,33,30,3,3
28701,134,129,5,5
28702,117,129,-12,12
28703,60,59,1,1
28704,116,112,4,4
28705,110,115,-5,5
28706,129,125,4,4
28707,88,79,9,9
28708,76,79,-3,3
28709,171,157,14,14
28710,98,81,17,17
28711,100,91,9,9
28712,66,58,8,8
28713,140,124,16,16
28714,101,82,19,19
28715,61,58,3,3
28716,89,94,-5,5
28717,93,91,2,2
28718,101,103,-2,2
28719,63,78,-15,15
28720,85,92,-7,7
28721,94,89,5,5
28722,114,120,-6,6
28723,104,110,-6,6
28724,78,93,-15,15
28725,108,115,-7,7
28726,57,53,4,4
28727,38,47,-9,9
28728,69,69,0,0
28729,106,111,-5,5
28730,77,85,-8,8
28731,235,230,5,5
28732,98,92,6,6
28733,111,113,-2,2
28734,70,86,-16,16
28735,102,100,2,2
28736,92,103,-11,11
28737,67,68,-1,1
28738,83,83,0,0
28739,71,62,9,9
28740,92,64,28,28
28741,59,59,0,0
28742,90,88,2,2
28743,71,65,6,6
28744,52,65,-13,13
28745,109,91,18,18
28746,105,121,-16,16
28747,79,86,-7,7
28748,81,84,-3,3
28749,84,91,-7,7
28750,80,74,6,6
28751,56,63,-7,7
28752,84,82,2,2
28753,44,50,-6,6
28754,85,88,-3,3
28755,62,58,4,4
28756,83,77,6,6
28757,59,76,-17,17
28758,92,87,5,5
28759,99,103,-4,4
28760,131,125,6,6
28761,58,53,5,5
28762,164,147,17,17
28763,132,127,5,5
28764,73,64,9,9
28765,82,89,-7,7
28766,57,59,-2,2
28767,97,105,-8,8
28768,26,44,-18,18
28769,107,100,7,7
28770,88,80,8,8
28771,84,101,-17,17
28772,82,83,-1,1
28773,141,164,-23,23
28774,78,74,4,4
28775,146,131,15,15
28776,84,80,4,4
28777,93,88,5,5
28778,74,80,-6,6
28779,139,127,12,12
28780,125,127,-2,2
28781,65,68,-3,3
28782,101,104,-3,3
28783,114,133,-19,19
28784,54,58,-4,4
28785,99,84,15,15
28786,83,101,-18,18
28787,128,128,0,0
28788,90,96,-6,6
28789,77,79,-2,2
28790,68,56,12,12
28791,78,89,-11,11
28792,76,72,4,4
28793,85,78,7,7
28794,106,109,-3,3
28795,207,161,46,46
28796,105,110,-5,5
28797,110,110,0,0
28798,86,83,3,3
28799,166,139,27,27
28800,118,112,6,6
28801,99,98,1,1
28802,80,90,-10,10
28803,27,50,-23,23
28804,125,106,19,19
28805,92,101,-9,9
28806,85,93,-8,8
28807,91,89,2,2
28808,61,58,3,3
28809,86,86,0,0
28810,50,46,4,4
28811,101,100,1,1
28812,79,63,16,16
28813,82,90,-8,8
28814,63,50,13,13
28815,100,93,7,7
28816,103,82,21,21
28817,150,139,11,11
28818,86,88,-2,2
28819,72,81,-9,9
28820,54,59,-5,5
28821,136,130,6,6
28822,60,54,6,6
28823,118,104,14,14
28824,64,65,-1,1
28825,78,71,7,7
28826,76,68,8,8
28827,145,142,3,3
28828,62,70,-8,8
28829,98,94,4,4
28830,100,108,-8,8
28831,142,123,19,19
28832,77,91,-14,14
28833,81,110,-29,29
28834,79,89,-10,10
28835,78,79,-1,1
28836,84,94,-10,10
28837,63,49,14,14
28838,94,101,-7,7
28839,89,79,10,10
28840,78,73,5,5
28841,132,142,-10,10
28842,151,144,7,7
28843,156,134,22,22
28844,41,56,-15,15
28845,106,103,3,3
28846,99,99,0,0
28847,42,47,-5,5
28848,79,64,15,15
28849,60,69,-9,9
28850,136,145,-9,9
28851,130,120,10,10
28852,136,127,9,9
28853,81,83,-2,2
28854,112,116,-4,4
28855,60,50,10,10
28856,93,80,13,13
28857,103,105,-2,2
28858,180,169,11,11
28859,93,93,0,0
28860,172,169,3,3
28861,95,118,-23,23
28862,79,95,-16,16
28863,55,59,-4,4
28864,105,104,1,1
28865,118,124,-6,6
28866,111,101,10,10
28867,66,80,-14,14
28868,146,144,2,2
28869,81,122,-41,41
28870,75,64,11,11
28871,79,79,0,0
28872,64,58,6,6
28873,97,98,-1,1
28874,103,94,9,9
28875,68,67,1,1
28876,74,96,-22,22
28877,80,85,-5,5
28878,90,66,24,24
28879,59,55,4,4
28880,109,118,-9,9
28881,90,89,1,1
28882,71,70,1,1
28883,108,102,6,6
28884,83,73,10,10
28885,130,120,10,10
28886,85,82,3,3
28887,49,64,-15,15
28888,73,73,0,0
28889,104,103,1,1
28890,131,135,-4,4
28891,69,65,4,4
28892,102,96,6,6
28893,74,73,1,1
28894,58,62,-4,4
28895,167,157,10,10
28896,144,139,5,5
28897,108,111,-3,3
28898,70,65,5,5
28899,84,82,2,2
28900,50,59,-9,9
28901,68,71,-3,3
28902,128,132,-4,4
28903,106,122,-16,16
28904,63,58,5,5
28905,61,234,-173,173
28906,82,81,1,1
28907,100,108,-8,8
28908,92,83,9,9
28909,75,90,-15,15
28910,132,124,8,8
28911,85,97,-12,12
28912,183,170,13,13
28913,115,109,6,6
28914,125,127,-2,2
28915,99,100,-1,1
28916,102,105,-3,3
28917,125,134,-9,9
28918,75,79,-4,4
28919,173,157,16,16
28920,66,72,-6,6
28921,90,82,8,8
28922,88,91,-3,3
28923,124,144,-20,20
28924,70,79,-9,9
28925,93,82,11,11
28926,64,63,1,1
28927,60,58,2,2
28928,134,117,17,17
28929,104,93,11,11
28930,44,47,-3,3
28931,109,98,11,11
28932,68,57,11,11
28933,81,87,-6,6
28934,103,119,-16,16
28935,99,96,3,3
28936,80,76,4,4
28937,104,109,-5,5
28938,67,68,-1,1
28939,126,125,1,1
28940,53,52,1,1
28941,135,118,17,17
28942,95,66,29,29
28943,95,97,-2,2
28944,63,73,-10,10
28945,140,114,26,26
28946,71,77,-6,6
28947,79,71,8,8
28948,47,78,-31,31
28949,87,101,-14,14
28950,57,59,-2,2
28951,81,91,-10,10
28952,53,53,0,0
28953,88,95,-7,7
28954,109,115,-6,6
28955,85,81,4,4
28956,114,113,1,1
28957,81,79,2,2
28958,85,88,-3,3
28959,95,89,6,6
28960,61,73,-12,12
28961,65,73,-8,8
28962,47,41,6,6
28963,57,52,5,5
28964,66,71,-5,5
28965,86,87,-1,1
28966,76,70,6,6
28967,143,122,21,21
28968,79,108,-29,29
28969,87,73,14,14
28970,99,91,8,8
28971,103,113,-10,10
28972,83,83,0,0
28973,116,121,-5,5
28974,128,119,9,9
28975,159,152,7,7
28976,113,95,18,18
28977,124,117,7,7
28978,81,89,-8,8
28979,66,58,8,8
28980,82,58,24,24
28981,58,65,-7,7
28982,101,115,-14,14
28983,67,73,-6,6
28984,97,89,8,8
28985,78,82,-4,4
28986,104,111,-7,7
28987,117,117,0,0
28988,82,87,-5,5
28989,125,116,9,9
28990,152,171,-19,19
28991,92,93,-1,1
28992,128,123,5,5
28993,68,70,-2,2
28994,101,95,6,6
28995,96,90,6,6
28996,98,97,1,1
28997,134,117,17,17
28998,106,112,-6,6
28999,54,44,10,10
29000,88,96,-8,8
29001,66,47,19,19
29002,99,96,3,3
29003,82,87,-5,5
29004,118,131,-13,13
29005,66,67,-1,1
29006,96,94,2,2
29007,139,140,-1,1
29008,25,20,5,5
29009,123,108,15,15
29010,130,124,6,6
29011,92,93,-1,1
29012,80,98,-18,18
29013,67,54,13,13
29014,71,61,10,10
29015,92,91,1,1
29016,113,102,11,11
29017,67,75,-8,8
29018,58,62,-4,4
29019,39,96,-57,57
29020,78,76,2,2
29021,113,95,18,18
29022,50,52,-2,2
29023,66,67,-1,1
29024,88,88,0,0
29025,88,106,-18,18
29026,131,109,22,22
29027,64,83,-19,19
29028,91,97,-6,6
29029,101,90,11,11
29030,110,96,14,14
29031,56,64,-8,8
29032,77,84,-7,7
29033,129,127,2,2
29034,91,114,-23,23
29035,97,101,-4,4
29036,98,99,-1,1
29037,75,81,-6,6
29038,109,92,17,17
29039,64,67,-3,3
29040,71,73,-2,2
29041,54,59,-5,5
29042,59,62,-3,3
29043,145,134,11,11
29044,86,85,1,1
29045,56,47,9,9
29046,79,90,-11,11
29047,114,117,-3,3
29048,65,69,-4,4
29049,104,91,13,13
29050,61,69,-8,8
29051,155,152,3,3
29052,106,95,11,11
29053,48,65,-17,17
29054,173,140,33,33
29055,31,59,-28,28
29056,87,97,-10,10
29057,147,138,9,9
29058,79,71,8,8
29059,92,105,-13,13
29060,100,94,6,6
29061,118,139,-21,21
29062,83,78,5,5
29063,72,74,-2,2
29064,101,98,3,3
29065,83,87,-4,4
29066,94,87,7,7
29067,103,109,-6,6
29068,73,88,-15,15
29069,179,160,19,19
29070,115,105,10,10
29071,85,78,7,7
29072,101,98,3,3
29073,130,131,-1,1
29074,155,156,-1,1
29075,65,76,-11,11
29076,116,119,-3,3
29077,71,84,-13,13
29078,78,79,-1,1
29079,129,138,-9,9
29080,78,67,11,11
29081,141,139,2,2
29082,139,139,0,0
29083,90,88,2,2
29084,174,163,11,11
29085,92,96,-4,4
29086,76,74,2,2
29087,40,53,-13,13
29088,36,39,-3,3
29089,78,72,6,6
29090,89,89,0,0
29091,63,74,-11,11
29092,79,72,7,7
29093,127,109,18,18
29094,61,71,-10,10
29095,118,89,29,29
29096,112,99,13,13
29097,131,125,6,6
29098,78,75,3,3
29099,95,90,5,5
29100,75,81,-6,6
29101,170,144,26,26
29102,97,95,2,2
29103,62,65,-3,3
29104,130,121,9,9
29105,116,120,-4,4
29106,72,71,1,1
29107,89,91,-2,2
29108,95,89,6,6
29109,82,86,-4,4
29110,54,60,-6,6
29111,102,97,5,5
29112,106,105,1,1
29113,138,142,-4,4
29114,90,90,0,0
29115,53,61,-8,8
29116,111,102,9,9
29117,91,81,10,10
29118,84,94,-10,10
29119,116,109,7,7
29120,119,112,7,7
29121,82,79,3,3
29122,102,94,8,8
29123,64,60,4,4
29124,40,50,-10,10
29125,104,105,-1,1
29126,73,71,2,2
29127,92,91,1,1
29128,127,102,25,25
29129,155,150,5,5
29130,82,92,-10,10
29131,86,82,4,4
29132,61,53,8,8
29133,136,131,5,5
29134,123,144,-21,21
29135,40,50,-10,10
29136,103,93,10,10
29137,145,150,-5,5
29138,92,114,-22,22
29139,60,85,-25,25
29140,71,67,4,4
29141,63,68,-5,5
29142,51,64,-13,13
29143,92,100,-8,8
29144,48,37,11,11
29145,66,52,14,14
29146,165,160,5,5
29147,114,108,6,6
29148,48,39,9,9
29149,121,129,-8,8
29150,134,142,-8,8
29151,68,67,1,1
29152,34,71,-37,37
29153,68,61,7,7
29154,72,81,-9,9
29155,63,62,1,1
29156,59,80,-21,21
29157,94,96,-2,2
29158,59,54,5,5
29159,77,97,-20,20
29160,119,108,11,11
29161,134,131,3,3
29162,120,113,7,7
29163,90,89,1,1
29164,79,70,9,9
29165,70,58,12,12
29166,103,101,2,2
29167,111,102,9,9
29168,62,62,0,0
29169,139,133,6,6
29170,138,130,8,8
29171,213,192,21,21
29172,73,72,1,1
29173,116,117,-1,1
29174,135,140,-5,5
29175,77,60,17,17
29176,89,82,7,7
29177,40,45,-5,5
29178,82,71,11,11
29179,101,118,-17,17
29180,81,91,-10,10
29181,159,137,22,22
29182,89,89,0,0
29183,74,74,0,0
29184,106,100,6,6
29185,53,78,-25,25
29186,98,110,-12,12
29187,96,95,1,1
29188,116,122,-6,6
29189,68,78,-10,10
29190,74,67,7,7
29191,167,147,20,20
29192,90,98,-8,8
29193,106,105,1,1
29194,62,65,-3,3
29195,46,53,-7,7
29196,68,73,-5,5
29197,73,75,-2,2
29198,78,84,-6,6
29199,58,64,-6,6
29200,129,117,12,12
29201,79,85,-6,6
29202,92,84,8,8
29203,34,46,-12,12
29204,81,45,36,36
29205,73,61,12,12
29206,171,158,13,13
29207,90,98,-8,8
29208,70,91,-21,21
29209,199,190,9,9
29210,68,61,7,7
29211,161,176,-15,15
29212,46,54,-8,8
29213,61,69,-8,8
29214,112,110,2,2
29215,133,137,-4,4
29216,91,89,2,2
29217,80,98,-18,18
29218,160,156,4,4
29219,90,93,-3,3
29220,103,96,7,7
29221,87,70,17,17
29222,148,135,13,13
29223,183,148,35,35
29224,87,83,4,4
29225,161,153,8,8
29226,80,90,-10,10
29227,128,128,0,0
29228,123,119,4,4
29229,159,144,15,15
29230,48,56,-8,8
29231,77,76,1,1
29232,87,93,-6,6
29233,53,61,-8,8
29234,118,111,7,7
29235,89,59,30,30
29236,76,70,6,6
29237,145,126,19,19
29238,125,103,22,22
29239,97,107,-10,10
29240,49,62,-13,13
29241,62,88,-26,26
29242,81,94,-13,13
29243,136,135,1,1
29244,100,109,-9,9
29245,187,201,-14,14
29246,105,108,-3,3
29247,176,194,-18,18
29248,113,106,7,7
29249,115,123,-8,8
29250,86,95,-9,9
29251,120,112,8,8
29252,74,80,-6,6
29253,86,106,-20,20
29254,99,122,-23,23
29255,70,65,5,5
29256,109,117,-8,8
29257,110,96,14,14
29258,102,103,-1,1
29259,156,143,13,13
29260,107,104,3,3
29261,53,53,0,0
29262,121,112,9,9
29263,97,105,-8,8
29264,103,111,-8,8
29265,66,64,2,2
29266,108,131,-23,23
29267,59,63,-4,4
29268,64,69,-5,5
29269,70,70,0,0
29270,86,83,3,3
29271,118,118,0,0
29272,61,69,-8,8
29273,120,116,4,4
29274,112,119,-7,7
29275,176,160,16,16
29276,61,63,-2,2
29277,89,98,-9,9
29278,115,104,11,11
29279,112,97,15,15
29280,110,112,-2,2
29281,92,91,1,1
29282,124,122,2,2
29283,60,72,-12,12
29284,70,62,8,8
29285,98,102,-4,4
29286,77,75,2,2
29287,60,56,4,4
29288,149,140,9,9
29289,135,133,2,2
29290,71,73,-2,2
29291,47,57,-10,10
29292,141,140,1,1
29293,76,86,-10,10
29294,85,88,-3,3
29295,66,63,3,3
29296,86,82,4,4
29297,144,138,6,6
29298,74,85,-11,11
29299,181,149,32,32
29300,79,77,2,2
29301,106,94,12,12
29302,138,116,22,22
29303,91,65,26,26
29304,76,82,-6,6
29305,140,131,9,9
29306,77,82,-5,5
29307,54,43,11,11
29308,71,68,3,3
29309,110,105,5,5
29310,90,85,5,5
29311,116,121,-5,5
29312,83,76,7,7
29313,59,62,-3,3
29314,92,91,1,1
29315,144,137,7,7
29316,67,59,8,8
29317,105,97,8,8
29318,62,61,1,1
29319,136,129,7,7
29320,111,118,-7,7
29321,64,70,-6,6
29322,73,58,15,15
29323,86,92,-6,6
29324,84,95,-11,11
29325,74,87,-13,13
29326,135,125,10,10
29327,119,108,11,11
29328,83,94,-11,11
29329,102,98,4,4
29330,84,96,-12,12
29331,66,116,-50,50
29332,47,46,1,1
29333,97,86,11,11
29334,106,112,-6,6
29335,75,80,-5,5
29336,108,131,-23,23
29337,154,147,7,7
29338,91,94,-3,3
29339,75,75,0,0
29340,155,141,14,14
29341,75,78,-3,3
29342,211,190,21,21
29343,69,80,-11,11
29344,52,52,0,0
29345,84,54,30,30
29346,89,101,-12,12
29347,79,69,10,10
29348,78,86,-8,8
29349,90,85,5,5
29350,305,213,92,92
29351,83,99,-16,16
29352,193,176,17,17
29353,124,122,2,2
29354,46,48,-2,2
29355,85,75,10,10
29356,84,81,3,3
29357,98,104,-6,6
29358,72,74,-2,2
29359,60,60,0,0
29360,102,101,1,1
29361,92,92,0,0
29362,102,96,6,6
29363,74,90,-16,16
29364,114,112,2,2
29365,86,95,-9,9
29366,114,113,1,1
29367,151,165,-14,14
29368,91,92,-1,1
29369,78,68,10,10
29370,153,134,19,19
29371,80,89,-9,9
29372,108,106,2,2
29373,88,75,13,13
29374,153,140,13,13
29375,71,75,-4,4
29376,95,97,-2,2
29377,127,121,6,6
29378,139,138,1,1
29379,46,47,-1,1
29380,124,123,1,1
29381,93,97,-4,4
29382,114,109,5,5
29383,93,85,8,8
29384,67,77,-10,10
29385,110,105,5,5
29386,63,69,-6,6
29387,70,63,7,7
29388,87,78,9,9
29389,122,122,0,0
29390,107,112,-5,5
29391,153,140,13,13
29392,94,95,-1,1
29393,101,95,6,6
29394,78,75,3,3
29395,82,100,-18,18
29396,88,80,8,8
29397,94,90,4,4
29398,37,58,-21,21
29399,67,70,-3,3
29400,85,34,51,51
29401,105,82,23,23
29402,40,42,-2,2
29403,194,195,-1,1
29404,123,120,3,3
29405,87,73,14,14
29406,102,102,0,0
29407,145,121,24,24
29408,68,64,4,4
29409,159,143,16,16
29410,82,83,-1,1
29411,83,83,0,0
29412,82,88,-6,6
29413,69,58,11,11
29414,103,98,5,5
29415,105,104,1,1
29416,100,107,-7,7
29417,55,54,1,1
29418,80,87,-7,7
29419,73,74,-1,1
29420,51,97,-46,46
29421,124,127,-3,3
29422,52,53,-1,1
29423,115,148,-33,33
29424,116,115,1,1
29425,101,108,-7,7
29426,63,24,39,39
29427,52,53,-1,1
29428,84,87,-3,3
29429,142,155,-13,13
29430,71,69,2,2
29431,82,93,-11,11
29432,85,92,-7,7
29433,74,66,8,8
29434,61,46,15,15
29435,107,103,4,4
29436,98,104,-6,6
29437,80,81,-1,1
29438,69,90,-21,21
29439,64,66,-2,2
29440,137,120,17,17
29441,77,72,5,5
29442,94,99,-5,5
29443,86,84,2,2
29444,60,61,-1,1
29445,54,70,-16,16
29446,62,80,-18,18
29447,86,93,-7,7
29448,60,59,1,1
29449,64,61,3,3
29450,91,96,-5,5
29451,71,60,11,11
29452,78,93,-15,15
29453,104,104,0,0
29454,103,109,-6,6
29455,167,172,-5,5
29456,129,102,27,27
29457,125,187,-62,62
29458,108,129,-21,21
29459,77,81,-4,4
29460,121,111,10,10
29461,77,75,2,2
29462,61,72,-11,11
29463,67,59,8,8
29464,96,93,3,3
29465,113,132,-19,19
29466,70,67,3,3
29467,79,78,1,1
29468,91,96,-5,5
29469,86,97,-11,11
29470,74,86,-12,12
29471,78,84,-6,6
29472,117,88,29,29
29473,82,71,11,11
29474,79,75,4,4
29475,138,139,-1,1
29476,92,89,3,3
29477,69,68,1,1
29478,81,92,-11,11
29479,73,71,2,2
29480,100,108,-8,8
29481,51,55,-4,4
29482,60,63,-3,3
29483,109,99,10,10
29484,131,133,-2,2
29485,71,69,2,2
29486,77,87,-10,10
29487,97,112,-15,15
29488,69,72,-3,3
29489,124,118,6,6
29490,69,72,-3,3
29491,131,112,19,19
29492,87,92,-5,5
29493,178,158,20,20
29494,111,123,-12,12
29495,122,112,10,10
29496,155,144,11,11
29497,136,102,34,34
29498,113,127,-14,14
29499,64,86,-22,22
29500,111,106,5,5
29501,94,99,-5,5
29502,58,88,-30,30
29503,89,92,-3,3
29504,82,74,8,8
29505,87,86,1,1
29506,50,56,-6,6
29507,79,84,-5,5
29508,140,117,23,23
29509,134,220,-86,86
29510,119,105,14,14
29511,140,150,-10,10
29512,119,115,4,4
29513,52,50,2,2
29514,124,146,-22,22
29515,131,113,18,18
29516,45,52,-7,7
29517,70,73,-3,3
29518,99,101,-2,2
29519,82,86,-4,4
29520,73,71,2,2
29521,120,123,-3,3
29522,107,128,-21,21
29523,88,93,-5,5
29524,82,75,7,7
29525,59,49,10,10
29526,90,102,-12,12
29527,56,65,-9,9
29528,113,112,1,1
29529,78,83,-5,5
29530,61,69,-8,8
29531,89,98,-9,9
29532,44,44,0,0
29533,62,61,1,1
29534,111,112,-1,1
29535,75,76,-1,1
29536,74,71,3,3
29537,79,76,3,3
29538,89,85,4,4
29539,94,87,7,7
29540,116,107,9,9
29541,120,129,-9,9
29542,180,152,28,28
29543,48,54,-6,6
29544,85,87,-2,2
29545,112,99,13,13
29546,114,120,-6,6
29547,78,93,-15,15
29548,111,116,-5,5
29549,71,76,-5,5
29550,64,65,-1,1
29551,47,48,-1,1
29552,85,83,2,2
29553,90,101,-11,11
29554,137,121,16,16
29555,138,138,0,0
29556,64,50,14,14
29557,78,80,-2,2
29558,42,41,1,1
29559,98,88,10,10
29560,59,50,9,9
29561,76,89,-13,13
29562,106,107,-1,1
29563,33,64,-31,31
29564,121,132,-11,11
29565,108,100,8,8
29566,76,76,0,0
29567,64,45,19,19
29568,73,64,9,9
29569,112,116,-4,4
29570,105,94,11,11
29571,59,62,-3,3
29572,205,172,33,33
29573,78,92,-14,14
29574,79,90,-11,11
29575,123,123,0,0
29576,83,73,10,10
29577,115,124,-9,9
29578,75,74,1,1
29579,86,87,-1,1
29580,111,128,-17,17
29581,82,105,-23,23
29582,157,140,17,17
29583,58,54,4,4
29584,101,93,8,8
29585,99,98,1,1
29586,96,102,-6,6
29587,133,134,-1,1
29588,93,89,4,4
29589,79,72,7,7
29590,87,65,22,22
29591,101,115,-14,14
29592,73,65,8,8
29593,76,80,-4,4
29594,110,97,13,13
29595,100,104,-4,4
29596,87,88,-1,1
29597,126,135,-9,9
29598,81,74,7,7
29599,70,76,-6,6
29600,139,142,-3,3
29601,74,78,-4,4
29602,147,110,37,37
29603,92,89,3,3
29604,133,111,22,22
29605,87,80,7,7
29606,96,101,-5,5
29607,70,114,-44,44
29608,75,85,-10,10
29609,121,124,-3,3
29610,88,83,5,5
29611,96,95,1,1
29612,196,165,31,31
29613,90,98,-8,8
29614,110,116,-6,6
29615,59,68,-9,9
29616,131,134,-3,3
29617,56,66,-10,10
29618,98,101,-3,3
29619,94,83,11,11
29620,73,86,-13,13
29621,52,55,-3,3
29622,97,94,3,3
29623,119,96,23,23
29624,94,89,5,5
29625,144,147,-3,3
29626,128,126,2,2
29627,81,72,9,9
29628,101,98,3,3
29629,138,133,5,5
29630,68,66,2,2
29631,124,111,13,13
29632,61,72,-11,11
29633,118,106,12,12
29634,69,71,-2,2
29635,84,78,6,6
29636,175,151,24,24
29637,54,55,-1,1
29638,72,76,-4,4
29639,82,80,2,2
29640,102,103,-1,1
29641,107,103,4,4
29642,110,106,4,4
29643,128,118,10,10
29644,132,134,-2,2
29645,80,84,-4,4
29646,60,63,-3,3
29647,54,62,-8,8
29648,89,96,-7,7
29649,90,99,-9,9
29650,62,77,-15,15
29651,64,79,-15,15
29652,74,63,11,11
29653,123,197,-74,74
29654,77,86,-9,9
29655,79,82,-3,3
29656,88,88,0,0
29657,77,88,-11,11
29658,96,112,-16,16
29659,80,77,3,3
29660,104,94,10,10
29661,46,42,4,4
29662,70,80,-10,10
29663,93,108,-15,15
29664,103,99,4,4
29665,117,117,0,0
29666,80,86,-6,6
29667,93,104,-11,11
29668,88,90,-2,2
29669,101,105,-4,4
29670,69,80,-11,11
29671,97,95,2,2
29672,56,70,-14,14
29673,101,100,1,1
29674,122,125,-3,3
29675,95,107,-12,12
29676,113,111,2,2
29677,150,157,-7,7
29678,164,153,11,11
29679,87,84,3,3
29680,128,120,8,8
29681,66,80,-14,14
29682,68,65,3,3
29683,120,121,-1,1
29684,151,153,-2,2
29685,72,63,9,9
29686,89,97,-8,8
29687,231,210,21,21
29688,49,43,6,6
29689,68,62,6,6
29690,81,74,7,7
29691,96,99,-3,3
29692,123,101,22,22
29693,88,83,5,5
29694,188,179,9,9
29695,78,64,14,14
29696,78,78,0,0
29697,105,102,3,3
29698,102,99,3,3
29699,74,79,-5,5
29700,74,85,-11,11
29701,63,46,17,17
29702,106,97,9,9
29703,90,77,13,13
29704,100,91,9,9
29705,106,98,8,8
29706,74,78,-4,4
29707,75,75,0,0
29708,119,127,-8,8
29709,115,111,4,4
29710,125,117,8,8
29711,106,97,9,9
29712,113,104,9,9
29713,81,91,-10,10
29714,84,85,-1,1
29715,79,83,-4,4
29716,129,122,7,7
29717,55,56,-1,1
29718,99,103,-4,4
29719,88,86,2,2
29720,129,118,11,11
29721,92,87,5,5
29722,113,115,-2,2
29723,67,62,5,5
29724,96,123,-27,27
29725,64,78,-14,14
29726,132,138,-6,6
29727,172,137,35,35
29728,104,107,-3,3
29729,83,95,-12,12
29730,70,91,-21,21
29731,104,101,3,3
29732,78,70,8,8
29733,66,78,-12,12
29734,81,83,-2,2
29735,63,71,-8,8
29736,74,75,-1,1
29737,109,92,17,17
29738,70,65,5,5
29739,91,76,15,15
29740,95,96,-1,1
29741,76,82,-6,6
29742,68,61,7,7
29743,92,93,-1,1
29744,65,64,1,1
29745,36,49,-13,13
29746,105,109,-4,4
29747,110,111,-1,1
29748,121,121,0,0
29749,49,45,4,4
29750,98,82,16,16
29751,117,114,3,3
29752,52,114,-62,62
29753,84,88,-4,4
29754,148,146,2,2
29755,63,59,4,4
29756,63,71,-8,8
29757,92,93,-1,1
29758,85,80,5,5
29759,93,90,3,3
29760,88,79,9,9
29761,80,86,-6,6
29762,83,85,-2,2
29763,61,68,-7,7
29764,76,70,6,6
29765,81,93,-12,12
29766,75,72,3,3
29767,61,54,7,7
29768,110,107,3,3
29769,91,88,3,3
29770,63,56,7,7
29771,126,128,-2,2
29772,102,91,11,11
29773,102,107,-5,5
29774,107,102,5,5
29775,49,50,-1,1
29776,71,78,-7,7
29777,70,86,-16,16
29778,94,99,-5,5
29779,201,177,24,24
29780,80,91,-11,11
29781,62,61,1,1
29782,97,91,6,6
29783,77,75,2,2
29784,74,122,-48,48
29785,55,74,-19,19
29786,88,88,0,0
29787,27,49,-22,22
29788,64,63,1,1
29789,95,106,-11,11
29790,74,72,2,2
29791,99,122,-23,23
29792,68,69,-1,1
29793,65,63,2,2
29794,97,93,4,4
29795,73,99,-26,26
29796,88,98,-10,10
29797,121,115,6,6
29798,102,94,8,8
29799,101,108,-7,7
29800,78,92,-14,14
29801,156,150,6,6
29802,76,87,-11,11
29803,66,56,10,10
29804,91,107,-16,16
29805,82,90,-8,8
29806,150,130,20,20
29807,46,74,-28,28
29808,164,163,1,1
29809,134,138,-4,4
29810,124,110,14,14
29811,75,76,-1,1
29812,64,77,-13,13
29813,207,198,9,9
29814,125,131,-6,6
29815,143,144,-1,1
29816,79,71,8,8
29817,62,67,-5,5
29818,149,147,2,2
29819,136,139,-3,3
29820,48,53,-5,5
29821,117,104,13,13
29822,50,61,-11,11
29823,88,88,0,0
29824,62,63,-1,1
29825,37,44,-7,7
29826,142,139,3,3
29827,59,58,1,1
29828,123,120,3,3
29829,78,82,-4,4
29830,117,112,5,5
29831,84,92,-8,8
29832,191,172,19,19
29833,176,153,23,23
29834,68,54,14,14
29835,58,85,-27,27
29836,74,80,-6,6
29837,166,164,2,2
29838,178,160,18,18
29839,102,101,1,1
29840,106,104,2,2
29841,121,131,-10,10
29842,157,136,21,21
29843,60,56,4,4
29844,116,106,10,10
29845,133,127,6,6
29846,50,57,-7,7
29847,90,86,4,4
29848,138,135,3,3
29849,216,204,12,12
29850,114,114,0,0
29851,107,102,5,5
29852,68,56,12,12
29853,52,62,-10,10
29854,139,124,15,15
29855,98,84,14,14
29856,143,124,19,19
29857,97,93,4,4
29858,80,93,-13,13
29859,60,54,6,6
29860,104,105,-1,1
29861,102,104,-2,2
29862,155,141,14,14
29863,157,142,15,15
29864,122,114,8,8
29865,89,85,4,4
29866,68,62,6,6
29867,68,65,3,3
29868,102,97,5,5
29869,107,109,-2,2
29870,62,62,0,0
29871,145,133,12,12
29872,92,85,7,7
29873,113,105,8,8
29874,72,65,7,7
29875,67,67,0,0
29876,86,84,2,2
29877,78,77,1,1
29878,94,92,2,2
29879,103,98,5,5
29880,145,136,9,9
29881,74,80,-6,6
29882,128,132,-4,4
29883,146,124,22,22
29884,54,54,0,0
29885,162,149,13,13
29886,150,146,4,4
29887,57,68,-11,11
29888,118,117,1,1
29889,37,35,2,2
29890,121,101,20,20
29891,130,120,10,10
29892,62,66,-4,4
29893,66,69,-3,3
29894,119,105,14,14
29895,120,121,-1,1
29896,100,119,-19,19
29897,121,127,-6,6
29898,85,87,-2,2
29899,99,99,0,0
29900,63,75,-12,12
29901,98,94,4,4
29902,62,70,-8,8
29903,78,82,-4,4
29904,61,60,1,1
29905,110,106,4,4
29906,90,86,4,4
29907,125,101,24,24
29908,59,55,4,4
29909,83,79,4,4
29910,103,117,-14,14
29911,66,72,-6,6
29912,131,122,9,9
29913,72,75,-3,3
29914,56,64,-8,8
29915,110,122,-12,12
29916,72,69,3,3
29917,120,115,5,5
29918,82,87,-5,5
29919,79,94,-15,15
29920,169,154,15,15
29921,140,134,6,6
29922,139,114,25,25
29923,53,66,-13,13
29924,93,108,-15,15
29925,95,88,7,7
29926,91,97,-6,6
29927,96,96,0,0
29928,115,112,3,3
29929,80,69,11,11
29930,61,86,-25,25
29931,125,137,-12,12
29932,79,75,4,4
29933,113,105,8,8
29934,113,133,-20,20
29935,79,79,0,0
29936,143,138,5,5
29937,69,88,-19,19
29938,71,91,-20,20
29939,67,74,-7,7
29940,53,71,-18,18
29941,132,120,12,12
29942,129,111,18,18
29943,85,82,3,3
29944,107,103,4,4
29945,143,132,11,11
29946,57,53,4,4
29947,99,98,1,1
29948,54,65,-11,11
29949,102,117,-15,15
29950,64,69,-5,5
29951,86,115,-29,29
29952,88,78,10,10
29953,170,132,38,38
29954,71,79,-8,8
29955,127,135,-8,8
29956,61,70,-9,9
29957,63,65,-2,2
29958,46,57,-11,11
29959,78,67,11,11
29960,85,93,-8,8
29961,86,75,11,11
29962,91,85,6,6
29963,75,66,9,9
29964,75,88,-13,13
29965,73,109,-36,36
29966,74,80,-6,6
29967,69,89,-20,20
29968,77,67,10,10
29969,119,118,1,1
29970,77,85,-8,8
29971,143,141,2,2
29972,132,135,-3,3
29973,89,92,-3,3
29974,60,60,0,0
29975,131,120,11,11
29976,83,75,8,8
29977,80,65,15,15
29978,92,86,6,6
29979,187,173,14,14
29980,128,113,15,15
29981,151,143,8,8
29982,44,50,-6,6
29983,83,71,12,12
29984,78,78,0,0
29985,81,79,2,2
29986,73,74,-1,1
29987,138,123,15,15
29988,45,58,-13,13
29989,58,42,16,16
29990,105,110,-5,5
29991,103,103,0,0
29992,91,92,-1,1
29993,48,56,-8,8
29994,74,90,-16,16
29995,104,97,7,7
29996,69,67,2,2
29997,62,57,5,5
29998,140,150,-10,10
29999,129,146,-17,17
30000,98,94,4,4
30001,99,102,-3,3
30002,71,71,0,0
30003,149,150,-1,1
30004,101,98,3,3
30005,114,126,-12,12
30006,181,163,18,18
30007,112,110,2,2
30008,112,120,-8,8
30009,95,106,-11,11
30010,133,138,-5,5
30011,168,149,19,19
30012,24,77,-53,53
30013,119,108,11,11
30014,102,90,12,12
30015,84,82,2,2
30016,134,124,10,10
30017,69,64,5,5
30018,66,67,-1,1
30019,74,64,10,10
30020,113,109,4,4
30021,64,69,-5,5
30022,79,72,7,7
30023,103,87,16,16
30024,107,108,-1,1
30025,66,74,-8,8
30026,88,82,6,6
30027,158,152,6,6
30028,123,111,12,12
30029,73,87,-14,14
30030,105,107,-2,2
30031,65,79,-14,14
30032,119,127,-8,8
30033,68,70,-2,2
30034,64,65,-1,1
30035,74,79,-5,5
30036,23,31,-8,8
30037,97,89,8,8
30038,124,115,9,9
30039,72,70,2,2
30040,132,131,1,1
30041,42,53,-11,11
30042,121,103,18,18
30043,89,91,-2,2
30044,113,115,-2,2
30045,114,113,1,1
30046,57,52,5,5
30047,63,62,1,1
30048,121,126,-5,5
30049,144,124,20,20
30050,118,109,9,9
30051,64,68,-4,4
30052,121,114,7,7
30053,135,132,3,3
30054,80,76,4,4
30055,110,101,9,9
30056,100,104,-4,4
30057,94,101,-7,7
30058,83,80,3,3
30059,87,88,-1,1
30060,67,70,-3,3
30061,95,104,-9,9
30062,88,81,7,7
30063,93,101,-8,8
30064,91,74,17,17
30065,133,132,1,1
30066,77,100,-23,23
30067,106,113,-7,7
30068,53,71,-18,18
30069,89,92,-3,3
30070,154,135,19,19
30071,98,104,-6,6
30072,54,66,-12,12
30073,79,75,4,4
30074,115,116,-1,1
30075,135,122,13,13
30076,81,76,5,5
30077,56,57,-1,1
30078,54,68,-14,14
30079,73,68,5,5
30080,80,83,-3,3
30081,114,99,15,15
30082,170,179,-9,9
30083,124,112,12,12
30084,63,66,-3,3
30085,93,109,-16,16
30086,77,77,0,0
30087,178,163,15,15
30088,67,63,4,4
30089,72,54,18,18
30090,60,56,4,4
30091,64,70,-6,6
30092,85,79,6,6
30093,158,143,15,15
30094,124,120,4,4
30095,70,125,-55,55
30096,61,50,11,11
30097,110,129,-19,19
30098,94,97,-3,3
30099,161,135,26,26
30100,98,120,-22,22
30101,165,137,28,28
30102,82,97,-15,15
30103,102,110,-8,8
30104,105,103,2,2
30105,85,93,-8,8
30106,106,105,1,1
30107,91,87,4,4
30108,86,95,-9,9
30109,44,43,1,1
30110,96,97,-1,1
30111,114,114,0,0
30112,83,84,-1,1
30113,24,20,4,4
30114,75,86,-11,11
30115,140,137,3,3
30116,46,56,-10,10
30117,80,80,0,0
30118,82,102,-20,20
30119,125,130,-5,5
30120,56,67,-11,11
30121,76,80,-4,4
30122,44,44,0,0
30123,102,99,3,3
30124,146,138,8,8
30125,46,48,-2,2
30126,80,86,-6,6
30127,117,119,-2,2
30128,85,65,20,20
30129,60,69,-9,9
30130,81,98,-17,17
30131,42,40,2,2
30132,79,98,-19,19
30133,98,84,14,14
30134,110,105,5,5
30135,74,82,-8,8
30136,54,51,3,3
30137,113,123,-10,10
30138,78,97,-19,19
30139,52,51,1,1
30140,449,329,120,120
30141,121,125,-4,4
30142,68,63,5,5
30143,35,35,0,0
30144,36,37,-1,1
30145,81,84,-3,3
30146,155,139,16,16
30147,207,171,36,36
30148,105,105,0,0
30149,66,72,-6,6
30150,105,91,14,14
30151,63,59,4,4
30152,97,101,-4,4
30153,114,109,5,5
30154,69,80,-11,11
30155,181,173,8,8
30156,58,60,-2,2
30157,56,57,-1,1
30158,41,39,2,2
30159,61,68,-7,7
30160,108,123,-15,15
30161,113,100,13,13
30162,46,32,14,14
30163,85,86,-1,1
30164,109,104,5,5
30165,144,151,-7,7
30166,45,84,-39,39
30167,56,48,8,8
30168,71,67,4,4
30169,83,73,10,10
30170,72,71,1,1
30171,92,81,11,11
30172,97,123,-26,26
30173,52,50,2,2
30174,135,138,-3,3
30175,69,86,-17,17
30176,88,86,2,2
30177,79,75,4,4
30178,74,66,8,8
30179,74,70,4,4
30180,102,103,-1,1
30181,154,121,33,33
30182,225,200,25,25
30183,98,104,-6,6
30184,77,78,-1,1
30185,164,135,29,29
30186,144,116,28,28
30187,75,69,6,6
30188,142,154,-12,12
30189,115,124,-9,9
30190,81,91,-10,10
30191,103,113,-10,10
30192,94,100,-6,6
30193,76,91,-15,15
30194,50,68,-18,18
30195,108,123,-15,15
30196,146,126,20,20
30197,90,93,-3,3
30198,129,130,-1,1
30199,74,104,-30,30
30200,105,102,3,3
30201,91,93,-2,2
30202,121,132,-11,11
30203,109,97,12,12
30204,85,103,-18,18
30205,111,110,1,1
30206,136,131,5,5
30207,74,75,-1,1
30208,89,101,-12,12
30209,102,97,5,5
30210,63,64,-1,1
30211,113,109,4,4
30212,92,92,0,0
30213,87,89,-2,2
30214,98,88,10,10
30215,111,111,0,0
30216,116,116,0,0
30217,133,153,-20,20
30218,160,145,15,15
30219,86,82,4,4
30220,132,121,11,11
30221,110,101,9,9
30222,53,72,-19,19
30223,95,95,0,0
30224,88,91,-3,3
30225,56,66,-10,10
30226,75,78,-3,3
30227,76,77,-1,1
30228,47,52,-5,5
30229,96,95,1,1
30230,39,62,-23,23
30231,159,152,7,7
30232,61,61,0,0
30233,53,55,-2,2
30234,84,92,-8,8
30235,85,79,6,6
30236,82,94,-12,12
30237,88,92,-4,4
30238,87,89,-2,2
30239,111,109,2,2
30240,161,168,-7,7
30241,131,120,11,11
30242,89,79,10,10
30243,156,138,18,18
30244,61,57,4,4
30245,94,95,-1,1
30246,102,97,5,5
30247,167,164,3,3
30248,182,170,12,12
30249,59,60,-1,1
30250,162,144,18,18
30251,132,117,15,15
30252,66,83,-17,17
30253,88,90,-2,2
30254,106,87,19,19
30255,59,69,-10,10
30256,86,97,-11,11
30257,45,46,-1,1
30258,42,56,-14,14
30259,54,63,-9,9
30260,79,87,-8,8
30261,139,138,1,1
30262,98,103,-5,5
30263,113,126,-13,13
30264,87,76,11,11
30265,55,62,-7,7
30266,47,44,3,3
30267,93,100,-7,7
30268,55,52,3,3
30269,113,154,-41,41
30270,87,80,7,7
30271,138,149,-11,11
30272,106,99,7,7
30273,76,81,-5,5
30274,89,88,1,1
30275,90,93,-3,3
30276,119,112,7,7
30277,106,97,9,9
30278,89,80,9,9
30279,80,92,-12,12
30280,77,77,0,0
30281,138,130,8,8
30282,99,99,0,0
30283,70,95,-25,25
30284,107,116,-9,9
30285,64,63,1,1
30286,123,116,7,7
30287,75,72,3,3
30288,46,46,0,0
30289,94,96,-2,2
30290,68,65,3,3
30291,116,120,-4,4
30292,68,74,-6,6
30293,42,52,-10,10
30294,74,57,17,17
30295,102,103,-1,1
30296,111,104,7,7
30297,102,117,-15,15
30298,155,163,-8,8
30299,97,95,2,2
30300,75,68,7,7
30301,158,175,-17,17
30302,66,62,4,4
30303,72,70,2,2
30304,197,141,56,56
30305,133,124,9,9
30306,103,104,-1,1
30307,119,124,-5,5
30308,88,90,-2,2
30309,56,61,-5,5
30310,59,84,-25,25
30311,73,88,-15,15
30312,100,103,-3,3
30313,83,85,-2,2
30314,104,113,-9,9
30315,91,97,-6,6
30316,86,82,4,4
30317,62,70,-8,8
30318,90,96,-6,6
30319,79,63,16,16
30320,127,138,-11,11
30321,108,119,-11,11
30322,38,49,-11,11
30323,63,73,-10,10
30324,55,52,3,3
30325,111,90,21,21
30326,53,57,-4,4
30327,77,82,-5,5
30328,143,147,-4,4
30329,136,120,16,16
30330,47,59,-12,12
30331,85,81,4,4
30332,96,85,11,11
30333,87,91,-4,4
30334,87,86,1,1
30335,144,123,21,21
30336,105,97,8,8
30337,96,107,-11,11
30338,78,80,-2,2
30339,140,153,-13,13
30340,69,78,-9,9
30341,41,47,-6,6
30342,73,76,-3,3
30343,75,83,-8,8
30344,54,72,-18,18
30345,71,80,-9,9
30346,92,101,-9,9
30347,78,67,11,11
30348,106,105,1,1
30349,77,71,6,6
30350,74,86,-12,12
30351,59,57,2,2
30352,94,112,-18,18
30353,86,90,-4,4
30354,102,120,-18,18
30355,87,108,-21,21
30356,121,117,4,4
30357,75,73,2,2
30358,108,100,8,8
30359,174,149,25,25
30360,119,116,3,3
30361,84,102,-18,18
30362,98,98,0,0
30363,84,89,-5,5
30364,89,85,4,4
30365,87,73,14,14
30366,43,34,9,9
30367,95,110,-15,15
30368,62,65,-3,3
30369,97,101,-4,4
30370,110,111,-1,1
30371,102,108,-6,6
30372,95,104,-9,9
30373,84,86,-2,2
30374,88,104,-16,16
30375,101,104,-3,3
30376,154,133,21,21
30377,159,139,20,20
30378,103,104,-1,1
30379,75,74,1,1
30380,119,97,22,22
30381,27,50,-23,23
30382,77,88,-11,11
30383,169,146,23,23
30384,151,143,8,8
30385,72,56,16,16
30386,145,115,30,30
30387,62,61,1,1
30388,52,59,-7,7
30389,69,83,-14,14
30390,74,71,3,3
30391,102,117,-15,15
30392,91,89,2,2
30393,93,87,6,6
30394,81,81,0,0
30395,137,121,16,16
30396,157,154,3,3
30397,48,47,1,1
30398,122,117,5,5
30399,64,82,-18,18
30400,175,161,14,14
30401,74,62,12,12
30402,47,69,-22,22
30403,103,101,2,2
30404,88,92,-4,4
30405,64,90,-26,26
30406,94,88,6,6
30407,111,102,9,9
30408,209,179,30,30
30409,80,85,-5,5
30410,108,111,-3,3
30411,103,109,-6,6
30412,93,113,-20,20
30413,86,93,-7,7
30414,105,110,-5,5
30415,110,107,3,3
30416,82,95,-13,13
30417,69,59,10,10
30418,43,73,-30,30
30419,74,80,-6,6
30420,131,116,15,15
30421,137,141,-4,4
30422,110,134,-24,24
30423,61,65,-4,4
30424,90,92,-2,2
30425,78,81,-3,3
30426,82,78,4,4
30427,82,85,-3,3
30428,66,64,2,2
30429,136,140,-4,4
30430,112,101,11,11
30431,71,67,4,4
30432,114,121,-7,7
30433,105,150,-45,45
30434,93,80,13,13
30435,122,125,-3,3
30436,167,160,7,7
30437,67,67,0,0
30438,62,76,-14,14
30439,116,109,7,7
30440,120,114,6,6
30441,126,121,5,5
30442,110,108,2,2
30443,85,91,-6,6
30444,124,143,-19,19
30445,129,127,2,2
30446,99,120,-21,21
30447,172,167,5,5
30448,76,89,-13,13
30449,64,54,10,10
30450,138,114,24,24
30451,59,57,2,2
30452,123,131,-8,8
30453,140,104,36,36
30454,67,65,2,2
30455,211,185,26,26
30456,155,140,15,15
30457,84,82,2,2
30458,125,123,2,2
30459,72,79,-7,7
30460,121,129,-8,8
30461,121,112,9,9
30462,141,145,-4,4
30463,67,72,-5,5
30464,73,109,-36,36
30465,107,107,0,0
30466,72,70,2,2
30467,65,69,-4,4
30468,82,83,-1,1
30469,87,76,11,11
30470,87,85,2,2
30471,52,54,-2,2
30472,84,78,6,6
30473,81,71,10,10
30474,75,85,-10,10
30475,126,137,-11,11
30476,45,51,-6,6
30477,48,53,-5,5
30478,77,76,1,1
30479,150,124,26,26
30480,100,95,5,5
30481,128,147,-19,19
30482,86,87,-1,1
30483,72,66,6,6
30484,108,115,-7,7
30485,61,31,30,30
30486,121,116,5,5
30487,132,120,12,12
30488,112,126,-14,14
30489,148,153,-5,5
30490,89,97,-8,8
30491,47,54,-7,7
30492,75,76,-1,1
30493,113,128,-15,15
30494,82,83,-1,1
30495,82,77,5,5
30496,155,139,16,16
30497,114,106,8,8
30498,85,87,-2,2
30499,97,101,-4,4
30500,117,112,5,5
30501,57,46,11,11
30502,121,115,6,6
30503,50,47,3,3
30504,32,50,-18,18
30505,126,118,8,8
30506,85,85,0,0
30507,45,69,-24,24
30508,105,97,8,8
30509,84,83,1,1
30510,99,84,15,15
30511,129,105,24,24
30512,115,108,7,7
30513,127,121,6,6
30514,42,60,-18,18
30515,86,101,-15,15
30516,106,98,8,8
30517,108,103,5,5
30518,143,136,7,7
30519,98,102,-4,4
30520,131,107,24,24
30521,117,120,-3,3
30522,82,76,6,6
30523,79,72,7,7
30524,58,65,-7,7
30525,96,84,12,12
30526,105,95,10,10
30527,103,118,-15,15
30528,72,80,-8,8
30529,108,112,-4,4
30530,155,159,-4,4
30531,164,148,16,16
30532,60,64,-4,4
30533,130,127,3,3
30534,123,117,6,6
30535,104,114,-10,10
30536,79,80,-1,1
30537,136,131,5,5
30538,130,120,10,10
30539,135,122,13,13
30540,77,77,0,0
30541,136,120,16,16
30542,107,85,22,22
30543,127,123,4,4
30544,116,109,7,7
30545,132,136,-4,4
30546,88,75,13,13
30547,74,85,-11,11
30548,71,81,-10,10
30549,53,49,4,4
30550,57,60,-3,3
30551,189,169,20,20
30552,49,50,-1,1
30553,124,134,-10,10
30554,127,119,8,8
30555,45,83,-38,38
30556,110,129,-19,19
30557,104,107,-3,3
30558,82,80,2,2
30559,133,134,-1,1
30560,229,211,18,18
30561,64,68,-4,4
30562,107,98,9,9
30563,109,116,-7,7
30564,174,152,22,22
30565,176,150,26,26
30566,101,90,11,11
30567,113,105,8,8
30568,139,123,16,16
30569,56,58,-2,2
30570,75,70,5,5
30571,89,92,-3,3
30572,34,40,-6,6
30573,130,128,2,2
30574,81,81,0,0
30575,103,118,-15,15
30576,99,104,-5,5
30577,136,138,-2,2
30578,37,44,-7,7
30579,82,81,1,1
30580,125,127,-2,2
30581,121,110,11,11
30582,94,91,3,3
30583,67,70,-3,3
30584,110,133,-23,23
30585,82,74,8,8
30586,106,112,-6,6
30587,154,137,17,17
30588,97,108,-11,11
30589,65,78,-13,13
30590,81,90,-9,9
30591,53,52,1,1
30592,123,114,9,9
30593,123,111,12,12
30594,60,49,11,11
30595,59,75,-16,16
30596,71,104,-33,33
30597,154,145,9,9
30598,89,82,7,7
30599,89,77,12,12
30600,95,88,7,7
30601,78,72,6,6
30602,79,92,-13,13
30603,132,134,-2,2
30604,124,149,-25,25
30605,125,125,0,0
30606,73,74,-1,1
30607,109,104,5,5
30608,84,82,2,2
30609,114,110,4,4
30610,98,104,-6,6
30611,229,217,12,12
30612,118,135,-17,17
30613,105,100,5,5
30614,56,59,-3,3
30615,86,78,8,8
30616,72,87,-15,15
30617,144,159,-15,15
30618,151,128,23,23
30619,91,87,4,4
30620,134,124,10,10
30621,142,146,-4,4
30622,119,120,-1,1
30623,115,113,2,2
30624,122,130,-8,8
30625,121,123,-2,2
30626,145,165,-20,20
30627,151,146,5,5
30628,99,73,26,26
30629,90,83,7,7
30630,115,142,-27,27
30631,65,88,-23,23
30632,90,87,3,3
30633,78,74,4,4
30634,65,81,-16,16
30635,77,84,-7,7
30636,64,67,-3,3
30637,204,208,-4,4
30638,134,136,-2,2
30639,144,131,13,13
30640,127,131,-4,4
30641,88,80,8,8
30642,61,65,-4,4
30643,118,121,-3,3
30644,91,83,8,8
30645,143,135,8,8
30646,166,145,21,21
30647,77,64,13,13
30648,97,85,12,12
30649,97,105,-8,8
30650,98,81,17,17
30651,71,65,6,6
30652,77,72,5,5
30653,145,128,17,17
30654,127,118,9,9
30655,144,126,18,18
30656,128,128,0,0
30657,148,142,6,6
30658,67,67,0,0
30659,147,149,-2,2
30660,85,102,-17,17
30661,98,98,0,0
30662,72,81,-9,9
30663,74,76,-2,2
30664,111,108,3,3
30665,80,77,3,3
30666,73,71,2,2
30667,79,84,-5,5
30668,90,76,14,14
30669,104,92,12,12
30670,70,71,-1,1
30671,99,107,-8,8
30672,64,62,2,2
30673,68,66,2,2
30674,96,95,1,1
30675,44,63,-19,19
30676,84,86,-2,2
30677,81,83,-2,2
30678,152,141,11,11
30679,69,82,-13,13
30680,86,106,-20,20
30681,89,88,1,1
30682,151,154,-3,3
30683,80,90,-10,10
30684,97,92,5,5
30685,55,52,3,3
30686,126,120,6,6
30687,110,113,-3,3
30688,112,117,-5,5
30689,156,128,28,28
30690,52,74,-22,22
30691,88,91,-3,3
30692,98,101,-3,3
30693,131,114,17,17
30694,114,106,8,8
30695,154,139,15,15
30696,52,61,-9,9
30697,134,128,6,6
30698,60,57,3,3
30699,68,70,-2,2
30700,119,111,8,8
30701,61,79,-18,18
30702,94,101,-7,7
30703,98,103,-5,5
30704,103,123,-20,20
30705,120,125,-5,5
30706,97,100,-3,3
30707,126,112,14,14
30708,103,92,11,11
30709,97,99,-2,2
30710,89,89,0,0
30711,69,78,-9,9
30712,58,56,2,2
30713,109,97,12,12
30714,91,76,15,15
30715,76,72,4,4
30716,206,187,19,19
30717,109,96,13,13
30718,167,150,17,17
30719,124,108,16,16
30720,68,61,7,7
30721,162,141,21,21
30722,92,92,0,0
30723,160,153,7,7
30724,107,109,-2,2
30725,104,92,12,12
30726,72,72,0,0
30727,59,62,-3,3
30728,102,90,12,12
30729,110,127,-17,17
30730,71,73,-2,2
30731,96,91,5,5
30732,117,105,12,12
30733,67,60,7,7
30734,64,91,-27,27
30735,111,117,-6,6
30736,54,47,7,7
30737,70,69,1,1
30738,89,89,0,0
30739,125,138,-13,13
30740,81,92,-11,11
30741,132,122,10,10
30742,122,123,-1,1
30743,83,81,2,2
30744,49,53,-4,4
30745,134,116,18,18
30746,86,92,-6,6
30747,87,83,4,4
30748,113,125,-12,12
30749,147,148,-1,1
30750,57,72,-15,15
30751,81,76,5,5
30752,84,91,-7,7
30753,130,130,0,0
30754,103,94,9,9
30755,57,73,-16,16
30756,58,67,-9,9
30757,147,125,22,22
30758,136,133,3,3
30759,78,89,-11,11
30760,92,108,-16,16
30761,69,81,-12,12
30762,151,139,12,12
30763,155,153,2,2
30764,80,84,-4,4
30765,71,63,8,8
30766,113,155,-42,42
30767,129,119,10,10
30768,113,112,1,1
30769,82,96,-14,14
30770,69,41,28,28
30771,95,93,2,2
30772,86,91,-5,5
30773,86,80,6,6
30774,73,73,0,0
30775,84,88,-4,4
30776,99,90,9,9
30777,159,141,18,18
30778,94,98,-4,4
30779,93,86,7,7
30780,52,49,3,3
30781,92,90,2,2
30782,77,82,-5,5
30783,83,92,-9,9
30784,145,147,-2,2
30785,89,81,8,8
30786,98,94,4,4
30787,128,139,-11,11
30788,70,83,-13,13
30789,85,92,-7,7
30790,94,94,0,0
30791,63,68,-5,5
30792,120,118,2,2
30793,93,100,-7,7
30794,113,105,8,8
30795,164,164,0,0
30796,121,119,2,2
30797,61,60,1,1
30798,100,80,20,20
30799,67,81,-14,14
30800,107,107,0,0
30801,56,51,5,5
30802,79,75,4,4
30803,116,162,-46,46
30804,139,125,14,14
30805,112,115,-3,3
30806,92,91,1,1
30807,108,98,10,10
30808,124,152,-28,28
30809,158,159,-1,1
30810,106,121,-15,15
30811,132,120,12,12
30812,100,94,6,6
30813,64,101,-37,37
30814,128,113,15,15
30815,53,45,8,8
30816,54,49,5,5
30817,81,82,-1,1
30818,67,62,5,5
30819,97,133,-36,36
30820,129,122,7,7
30821,122,111,11,11
30822,139,139,0,0
30823,44,51,-7,7
30824,131,123,8,8
30825,67,73,-6,6
30826,115,122,-7,7
30827,53,48,5,5
30828,84,81,3,3
30829,124,114,10,10
30830,74,67,7,7
30831,104,121,-17,17
30832,70,73,-3,3
30833,112,129,-17,17
30834,90,72,18,18
30835,83,102,-19,19
30836,71,82,-11,11
30837,81,85,-4,4
30838,124,143,-19,19
30839,161,166,-5,5
30840,52,57,-5,5
30841,78,90,-12,12
30842,57,55,2,2
30843,113,116,-3,3
30844,105,102,3,3
30845,119,107,12,12
30846,48,51,-3,3
30847,123,127,-4,4
30848,96,90,6,6
30849,124,105,19,19
30850,129,123,6,6
30851,125,128,-3,3
30852,104,108,-4,4
30853,117,118,-1,1
30854,151,146,5,5
30855,125,110,15,15
30856,87,94,-7,7
30857,71,79,-8,8
30858,58,65,-7,7
30859,127,135,-8,8
30860,143,141,2,2
30861,78,87,-9,9
30862,114,127,-13,13
30863,49,45,4,4
30864,86,84,2,2
30865,81,83,-2,2
30866,85,89,-4,4
30867,158,157,1,1
30868,57,63,-6,6
30869,109,109,0,0
30870,95,95,0,0
30871,45,41,4,4
30872,76,96,-20,20
30873,83,79,4,4
30874,100,115,-15,15
30875,65,78,-13,13
30876,76,77,-1,1
30877,47,56,-9,9
30878,70,77,-7,7
30879,157,153,4,4
30880,204,171,33,33
30881,88,87,1,1
30882,93,96,-3,3
30883,53,58,-5,5
30884,97,97,0,0
30885,84,83,1,1
30886,66,70,-4,4
30887,73,75,-2,2
30888,64,64,0,0
30889,102,97,5,5
30890,56,63,-7,7
30891,73,87,-14,14
30892,78,84,-6,6
30893,64,72,-8,8
30894,89,101,-12,12
30895,108,111,-3,3
30896,79,71,8,8
30897,99,93,6,6
30898,104,111,-7,7
30899,174,162,12,12
30900,76,81,-5,5
30901,67,97,-30,30
30902,103,104,-1,1
30903,72,74,-2,2
30904,65,83,-18,18
30905,79,76,3,3
30906,39,74,-35,35
30907,42,50,-8,8
30908,43,59,-16,16
30909,130,121,9,9
30910,56,53,3,3
30911,67,73,-6,6
30912,61,64,-3,3
30913,79,60,19,19
30914,122,105,17,17
30915,121,121,0,0
30916,87,74,13,13
30917,95,106,-11,11
30918,76,75,1,1
30919,98,86,12,12
30920,149,148,1,1
30921,37,48,-11,11
30922,91,71,20,20
30923,99,112,-13,13
30924,64,69,-5,5
30925,113,112,1,1
30926,82,88,-6,6
30927,71,70,1,1
30928,103,111,-8,8
30929,58,65,-7,7
30930,112,120,-8,8
30931,61,89,-28,28
30932,60,64,-4,4
30933,118,123,-5,5
30934,48,60,-12,12
30935,86,76,10,10
30936,61,73,-12,12
30937,123,116,7,7
30938,151,139,12,12
30939,50,48,2,2
30940,123,137,-14,14
30941,186,177,9,9
30942,59,70,-11,11
30943,141,140,1,1
30944,130,139,-9,9
30945,83,82,1,1
30946,63,65,-2,2
30947,168,139,29,29
30948,88,93,-5,5
30949,49,49,0,0
30950,47,57,-10,10
30951,81,89,-8,8
30952,176,131,45,45
30953,58,53,5,5
30954,48,44,4,4
30955,117,126,-9,9
30956,115,98,17,17
30957,120,111,9,9
30958,90,89,1,1
30959,46,63,-17,17
30960,113,119,-6,6
30961,64,66,-2,2
30962,126,113,13,13
30963,153,138,15,15
30964,114,105,9,9
30965,182,164,18,18
30966,114,109,5,5
30967,91,85,6,6
30968,116,109,7,7
30969,135,126,9,9
30970,70,79,-9,9
30971,80,86,-6,6
30972,50,64,-14,14
30973,90,85,5,5
30974,50,71,-21,21
30975,144,140,4,4
30976,77,74,3,3
30977,81,52,29,29
30978,41,49,-8,8
30979,80,79,1,1
30980,97,86,11,11
30981,65,71,-6,6
30982,70,69,1,1
30983,176,174,2,2
30984,143,138,5,5
30985,79,86,-7,7
30986,122,115,7,7
30987,135,149,-14,14
30988,85,96,-11,11
30989,50,51,-1,1
30990,88,86,2,2
30991,120,111,9,9
30992,134,129,5,5
30993,74,90,-16,16
30994,86,103,-17,17
30995,95,100,-5,5
30996,56,57,-1,1
30997,92,87,5,5
30998,86,94,-8,8
30999,70,85,-15,15
31000,81,73,8,8
31001,113,109,4,4
31002,99,86,13,13
31003,77,83,-6,6
31004,31,44,-13,13
31005,99,98,1,1
31006,85,77,8,8
31007,80,82,-2,2
31008,92,84,8,8
31009,56,75,-19,19
31010,139,143,-4,4
31011,51,52,-1,1
31012,36,21,15,15
31013,126,109,17,17
31014,76,80,-4,4
31015,96,123,-27,27
31016,87,91,-4,4
31017,117,112,5,5
31018,102,99,3,3
31019,89,90,-1,1
31020,107,88,19,19
31021,79,76,3,3
31022,89,88,1,1
31023,67,69,-2,2
31024,114,108,6,6
31025,69,76,-7,7
31026,115,107,8,8
31027,168,159,9,9
31028,84,101,-17,17
31029,79,64,15,15
31030,133,140,-7,7
31031,123,116,7,7
31032,102,115,-13,13
31033,123,115,8,8
31034,97,99,-2,2
31035,89,89,0,0
31036,92,93,-1,1
31037,171,135,36,36
31038,72,64,8,8
31039,92,93,-1,1
31040,54,60,-6,6
31041,113,124,-11,11
31042,110,100,10,10
31043,64,62,2,2
31044,64,73,-9,9
31045,69,65,4,4
31046,81,78,3,3
31047,101,101,0,0
31048,92,101,-9,9
31049,85,89,-4,4
31050,58,52,6,6
31051,124,110,14,14
31052,81,75,6,6
31053,108,100,8,8
31054,93,82,11,11
31055,70,57,13,13
31056,119,102,17,17
31057,65,51,14,14
31058,90,80,10,10
31059,53,63,-10,10
31060,73,85,-12,12
31061,52,55,-3,3
31062,97,99,-2,2
31063,118,116,2,2
31064,95,83,12,12
31065,89,83,6,6
31066,66,69,-3,3
31067,75,87,-12,12
31068,107,106,1,1
31069,63,60,3,3
31070,148,127,21,21
31071,110,112,-2,2
31072,96,118,-22,22
31073,123,134,-11,11
31074,123,118,5,5
31075,106,93,13,13
31076,101,106,-5,5
31077,105,99,6,6
31078,94,106,-12,12
31079,53,64,-11,11
31080,53,63,-10,10
31081,116,105,11,11
31082,122,116,6,6
31083,96,111,-15,15
31084,117,115,2,2
31085,105,102,3,3
31086,74,80,-6,6
31087,43,50,-7,7
31088,110,112,-2,2
31089,71,69,2,2
31090,72,66,6,6
31091,109,113,-4,4
31092,142,135,7,7
31093,69,79,-10,10
31094,127,126,1,1
31095,113,119,-6,6
31096,61,62,-1,1
31097,108,116,-8,8
31098,83,74,9,9
31099,58,60,-2,2
31100,107,102,5,5
31101,108,120,-12,12
31102,97,93,4,4
31103,101,88,13,13
31104,101,104,-3,3
31105,123,111,12,12
31106,68,67,1,1
31107,89,90,-1,1
31108,47,61,-14,14
31109,128,112,16,16
31110,117,112,5,5
31111,94,91,3,3
31112,111,100,11,11
31113,51,49,2,2
31114,65,84,-19,19
31115,79,107,-28,28
31116,140,151,-11,11
31117,152,133,19,19
31118,108,115,-7,7
31119,115,115,0,0
31120,78,98,-20,20
31121,100,103,-3,3
31122,69,54,15,15
31123,127,125,2,2
31124,64,64,0,0
31125,148,149,-1,1
31126,105,95,10,10
31127,123,121,2,2
31128,56,54,2,2
31129,60,78,-18,18
31130,100,96,4,4
31131,77,106,-29,29
31132,89,119,-30,30
31133,63,81,-18,18
31134,70,74,-4,4
31135,74,64,10,10
31136,74,85,-11,11
31137,149,138,11,11
31138,60,70,-10,10
31139,115,186,-71,71
31140,65,67,-2,2
31141,95,88,7,7
31142,126,141,-15,15
31143,84,103,-19,19
31144,114,94,20,20
31145,130,130,0,0
31146,117,110,7,7
31147,135,146,-11,11
31148,110,106,4,4
31149,74,73,1,1
31150,91,80,11,11
31151,102,102,0,0
31152,76,78,-2,2
31153,81,103,-22,22
31154,117,118,-1,1
31155,58,63,-5,5
31156,52,65,-13,13
31157,44,60,-16,16
31158,126,140,-14,14
31159,102,97,5,5
31160,68,64,4,4
31161,96,109,-13,13
31162,116,94,22,22
31163,96,96,0,0
31164,44,44,0,0
31165,49,43,6,6
31166,109,119,-10,10
31167,40,45,-5,5
31168,84,116,-32,32
31169,57,58,-1,1
31170,85,86,-1,1
31171,44,43,1,1
31172,77,71,6,6
31173,70,88,-18,18
31174,63,67,-4,4
31175,75,78,-3,3
31176,88,82,6,6
31177,98,94,4,4
31178,66,90,-24,24
31179,78,78,0,0
31180,95,105,-10,10
31181,99,146,-47,47
31182,20,95,-75,75
31183,88,87,1,1
31184,165,154,11,11
31185,127,126,1,1
31186,55,73,-18,18
31187,145,135,10,10
31188,72,60,12,12
31189,84,78,6,6
31190,62,68,-6,6
31191,107,100,7,7
31192,113,96,17,17
31193,64,64,0,0
31194,132,118,14,14
31195,80,94,-14,14
31196,64,69,-5,5
31197,58,65,-7,7
31198,53,59,-6,6
31199,101,98,3,3
31200,97,83,14,14
31201,93,99,-6,6
31202,87,79,8,8
31203,78,76,2,2
31204,70,68,2,2
31205,119,89,30,30
31206,66,64,2,2
31207,82,85,-3,3
31208,117,97,20,20
31209,106,101,5,5
31210,79,97,-18,18
31211,129,140,-11,11
31212,95,84,11,11
31213,66,65,1,1
31214,63,61,2,2
31215,128,135,-7,7
31216,86,84,2,2
31217,87,100,-13,13
31218,115,119,-4,4
31219,126,132,-6,6
31220,66,105,-39,39
31221,138,139,-1,1
31222,118,102,16,16
31223,105,99,6,6
31224,59,66,-7,7
31225,51,57,-6,6
31226,45,66,-21,21
31227,79,78,1,1
31228,103,100,3,3
31229,86,123,-37,37
31230,63,59,4,4
31231,104,102,2,2
31232,144,145,-1,1
31233,160,149,11,11
31234,55,62,-7,7
31235,83,104,-21,21
31236,104,96,8,8
31237,61,58,3,3
31238,92,99,-7,7
31239,72,70,2,2
31240,103,97,6,6
31241,192,150,42,42
31242,89,85,4,4
31243,76,70,6,6
31244,70,73,-3,3
31245,81,81,0,0
31246,96,96,0,0
31247,120,108,12,12
31248,88,90,-2,2
31249,81,74,7,7
31250,91,96,-5,5
31251,104,90,14,14
31252,71,65,6,6
31253,51,46,5,5
31254,138,129,9,9
31255,88,63,25,25
31256,64,71,-7,7
31257,108,115,-7,7
31258,120,107,13,13
31259,78,98,-20,20
31260,158,135,23,23
31261,185,148,37,37
31262,168,168,0,0
31263,96,107,-11,11
31264,100,82,18,18
31265,48,122,-74,74
31266,80,74,6,6
31267,49,55,-6,6
31268,108,105,3,3
31269,71,68,3,3
31270,111,109,2,2
31271,75,89,-14,14
31272,117,118,-1,1
31273,156,157,-1,1
31274,111,108,3,3
31275,108,120,-12,12
31276,54,56,-2,2
31277,83,90,-7,7
31278,91,85,6,6
31279,53,65,-12,12
31280,46,46,0,0
31281,39,41,-2,2
31282,97,120,-23,23
31283,97,111,-14,14
31284,93,86,7,7
31285,173,176,-3,3
31286,76,72,4,4
31287,146,127,19,19
31288,128,127,1,1
31289,81,72,9,9
31290,90,96,-6,6
31291,109,102,7,7
31292,123,113,10,10
31293,100,98,2,2
31294,77,84,-7,7
31295,77,84,-7,7
31296,109,114,-5,5
31297,85,86,-1,1
31298,94,89,5,5
31299,57,57,0,0
31300,51,51,0,0
31301,50,53,-3,3
31302,80,73,7,7
31303,73,82,-9,9
31304,68,72,-4,4
31305,153,133,20,20
31306,120,141,-21,21
31307,99,105,-6,6
31308,97,95,2,2
31309,82,83,-1,1
31310,85,100,-15,15
31311,84,88,-4,4
31312,93,103,-10,10
31313,55,67,-12,12
31314,53,61,-8,8
31315,148,138,10,10
31316,115,117,-2,2
31317,116,106,10,10
31318,109,96,13,13
31319,72,79,-7,7
31320,85,82,3,3
31321,78,64,14,14
31322,133,111,22,22
31323,89,80,9,9
31324,53,65,-12,12
31325,145,171,-26,26
31326,75,70,5,5
31327,60,77,-17,17
31328,71,60,11,11
31329,62,70,-8,8
31330,165,159,6,6
31331,51,69,-18,18
31332,146,179,-33,33
31333,64,66,-2,2
31334,75,79,-4,4
31335,79,71,8,8
31336,85,92,-7,7
31337,100,94,6,6
31338,119,104,15,15
31339,106,122,-16,16
31340,79,80,-1,1
31341,163,139,24,24
31342,121,132,-11,11
31343,66,68,-2,2
31344,114,111,3,3
31345,77,81,-4,4
31346,57,74,-17,17
31347,87,84,3,3
31348,86,79,7,7
31349,71,73,-2,2
31350,124,123,1,1
31351,65,65,0,0
31352,111,107,4,4
31353,62,72,-10,10
31354,94,85,9,9
31355,76,83,-7,7
31356,122,135,-13,13
31357,136,146,-10,10
31358,76,85,-9,9
31359,82,96,-14,14
31360,62,57,5,5
31361,65,59,6,6
31362,63,66,-3,3
31363,50,57,-7,7
31364,56,52,4,4
31365,80,90,-10,10
31366,95,82,13,13
31367,94,96,-2,2
31368,90,78,12,12
31369,116,98,18,18
31370,113,97,16,16
31371,70,75,-5,5
31372,31,43,-12,12
31373,70,80,-10,10
31374,72,73,-1,1
31375,92,98,-6,6
31376,82,93,-11,11
31377,58,78,-20,20
31378,104,120,-16,16
31379,75,74,1,1
31380,90,107,-17,17
31381,130,137,-7,7
31382,126,126,0,0
31383,89,80,9,9
31384,108,120,-12,12
31385,51,55,-4,4
31386,132,138,-6,6
31387,91,88,3,3
31388,109,124,-15,15
31389,103,121,-18,18
31390,87,84,3,3
31391,123,131,-8,8
31392,109,95,14,14
31393,77,90,-13,13
31394,96,99,-3,3
31395,82,79,3,3
31396,111,118,-7,7
31397,72,66,6,6
31398,117,110,7,7
31399,117,107,10,10
31400,137,126,11,11
31401,107,103,4,4
31402,91,97,-6,6
31403,110,105,5,5
31404,76,79,-3,3
31405,83,81,2,2
31406,142,139,3,3
31407,97,96,1,1
31408,54,57,-3,3
31409,71,84,-13,13
31410,91,98,-7,7
31411,100,103,-3,3
31412,47,53,-6,6
31413,114,99,15,15
31414,65,51,14,14
31415,33,51,-18,18
31416,88,83,5,5
31417,102,104,-2,2
31418,72,88,-16,16
31419,95,97,-2,2
31420,100,97,3,3
31421,200,196,4,4
31422,147,131,16,16
31423,98,105,-7,7
31424,111,113,-2,2
31425,105,111,-6,6
31426,89,82,7,7
31427,108,106,2,2
31428,35,60,-25,25
31429,54,57,-3,3
31430,124,118,6,6
31431,90,74,16,16
31432,130,123,7,7
31433,138,114,24,24
31434,143,124,19,19
31435,74,79,-5,5
31436,47,67,-20,20
31437,64,65,-1,1
31438,174,175,-1,1
31439,96,95,1,1
31440,132,130,2,2
31441,66,75,-9,9
31442,105,104,1,1
31443,128,128,0,0
31444,99,95,4,4
31445,70,71,-1,1
31446,62,62,0,0
31447,78,71,7,7
31448,93,104,-11,11
31449,89,51,38,38
31450,104,120,-16,16
31451,74,68,6,6
31452,102,96,6,6
31453,58,61,-3,3
31454,89,85,4,4
31455,84,70,14,14
31456,128,112,16,16
31457,91,100,-9,9
31458,80,67,13,13
31459,84,100,-16,16
31460,100,102,-2,2
31461,115,115,0,0
31462,92,89,3,3
31463,155,162,-7,7
31464,175,143,32,32
31465,79,71,8,8
31466,70,65,5,5
31467,64,63,1,1
31468,111,114,-3,3
31469,83,77,6,6
31470,92,99,-7,7
31471,153,138,15,15
31472,138,131,7,7
31473,90,119,-29,29
31474,104,110,-6,6
31475,52,45,7,7
31476,72,74,-2,2
31477,76,78,-2,2
31478,69,80,-11,11
31479,145,126,19,19
31480,67,70,-3,3
31481,79,74,5,5
31482,103,95,8,8
31483,145,149,-4,4
31484,86,81,5,5
31485,112,107,5,5
31486,130,138,-8,8
31487,173,159,14,14
31488,75,78,-3,3
31489,195,152,43,43
31490,93,93,0,0
31491,102,90,12,12
31492,64,56,8,8
31493,68,64,4,4
31494,58,63,-5,5
31495,93,80,13,13
31496,119,93,26,26
31497,54,53,1,1
31498,72,90,-18,18
31499,82,80,2,2
31500,130,123,7,7
31501,75,78,-3,3
31502,73,74,-1,1
31503,72,80,-8,8
31504,243,195,48,48
31505,62,90,-28,28
31506,79,55,24,24
31507,129,129,0,0
31508,119,115,4,4
31509,121,127,-6,6
31510,135,130,5,5
31511,64,59,5,5
31512,84,83,1,1
31513,68,73,-5,5
31514,89,78,11,11
31515,59,50,9,9
31516,67,71,-4,4
31517,108,112,-4,4
31518,55,65,-10,10
31519,161,131,30,30
31520,75,87,-12,12
31521,113,113,0,0
31522,102,94,8,8
31523,116,117,-1,1
31524,134,133,1,1
31525,161,140,21,21
31526,122,129,-7,7
31527,103,116,-13,13
31528,75,82,-7,7
31529,162,130,32,32
31530,76,89,-13,13
31531,57,58,-1,1
31532,74,85,-11,11
31533,78,74,4,4
31534,68,63,5,5
31535,101,92,9,9
31536,66,66,0,0
31537,61,50,11,11
31538,120,111,9,9
31539,62,63,-1,1
31540,149,130,19,19
31541,85,82,3,3
31542,126,110,16,16
31543,192,179,13,13
31544,94,88,6,6
31545,69,71,-2,2
31546,99,89,10,10
31547,114,96,18,18
31548,75,74,1,1
31549,113,124,-11,11
31550,165,175,-10,10
31551,133,129,4,4
31552,86,113,-27,27
31553,72,63,9,9
31554,97,101,-4,4
31555,113,187,-74,74
31556,110,122,-12,12
31557,119,124,-5,5
31558,60,70,-10,10
31559,72,85,-13,13
31560,110,114,-4,4
31561,151,148,3,3
31562,70,139,-69,69
31563,89,92,-3,3
31564,112,95,17,17
31565,70,84,-14,14
31566,64,67,-3,3
31567,155,155,0,0
31568,103,97,6,6
31569,115,115,0,0
31570,57,53,4,4
31571,92,100,-8,8
31572,96,85,11,11
31573,61,60,1,1
31574,144,133,11,11
31575,75,74,1,1
31576,138,119,19,19
31577,103,112,-9,9
31578,118,108,10,10
31579,80,83,-3,3
31580,107,105,2,2
31581,84,91,-7,7
31582,87,75,12,12
31583,56,51,5,5
31584,129,131,-2,2
31585,94,103,-9,9
31586,72,78,-6,6
31587,193,163,30,30
31588,141,141,0,0
31589,98,89,9,9
31590,116,127,-11,11
31591,154,149,5,5
31592,116,118,-2,2
31593,75,79,-4,4
31594,107,96,11,11
31595,83,81,2,2
31596,103,113,-10,10
31597,99,89,10,10
31598,109,116,-7,7
31599,95,96,-1,1
31600,85,75,10,10
31601,81,83,-2,2
31602,112,96,16,16
31603,82,89,-7,7
31604,56,61,-5,5
31605,64,67,-3,3
31606,105,110,-5,5
31607,118,119,-1,1
31608,82,89,-7,7
31609,96,100,-4,4
31610,69,77,-8,8
31611,128,123,5,5
31612,88,105,-17,17
31613,90,91,-1,1
31614,141,138,3,3
31615,75,94,-19,19
31616,108,113,-5,5
31617,153,146,7,7
31618,101,97,4,4
31619,76,87,-11,11
31620,86,97,-11,11
31621,49,48,1,1
31622,130,135,-5,5
31623,95,90,5,5
31624,33,42,-9,9
31625,156,135,21,21
31626,49,39,10,10
31627,89,88,1,1
31628,86,82,4,4
31629,80,74,6,6
31630,97,88,9,9
31631,59,63,-4,4
31632,153,149,4,4
31633,51,50,1,1
31634,88,73,15,15
31635,145,137,8,8
31636,165,176,-11,11
31637,74,78,-4,4
31638,80,92,-12,12
31639,101,97,4,4
31640,46,48,-2,2
31641,62,54,8,8
31642,107,92,15,15
31643,66,75,-9,9
31644,153,147,6,6
31645,75,82,-7,7
31646,49,56,-7,7
31647,120,125,-5,5
31648,131,131,0,0
31649,106,103,3,3
31650,147,139,8,8
31651,81,77,4,4
31652,94,93,1,1
31653,57,83,-26,26
31654,61,69,-8,8
31655,47,47,0,0
31656,53,61,-8,8
31657,117,104,13,13
31658,98,65,33,33
31659,48,48,0,0
31660,190,183,7,7
31661,68,65,3,3
31662,106,98,8,8
31663,57,65,-8,8
31664,131,137,-6,6
31665,132,122,10,10
31666,74,74,0,0
31667,125,123,2,2
31668,86,92,-6,6
31669,49,54,-5,5
31670,95,87,8,8
31671,67,58,9,9
31672,82,81,1,1
31673,93,99,-6,6
31674,52,64,-12,12
31675,55,66,-11,11
31676,111,101,10,10
31677,73,76,-3,3
31678,72,82,-10,10
31679,160,139,21,21
31680,97,104,-7,7
31681,95,85,10,10
31682,117,92,25,25
31683,67,53,14,14
31684,55,64,-9,9
31685,103,97,6,6
31686,108,116,-8,8
31687,82,73,9,9
31688,155,149,6,6
31689,87,86,1,1
31690,88,92,-4,4
31691,84,105,-21,21
31692,66,74,-8,8
31693,59,57,2,2
31694,80,76,4,4
31695,120,123,-3,3
31696,92,89,3,3
31697,36,49,-13,13
31698,89,93,-4,4
31699,113,104,9,9
31700,86,101,-15,15
31701,117,154,-37,37
31702,78,79,-1,1
31703,72,76,-4,4
31704,76,73,3,3
31705,76,83,-7,7
31706,87,87,0,0
31707,76,94,-18,18
31708,79,70,9,9
31709,51,59,-8,8
31710,121,147,-26,26
31711,100,83,17,17
31712,83,86,-3,3
31713,84,67,17,17
31714,100,117,-17,17
31715,125,139,-14,14
31716,73,65,8,8
31717,59,69,-10,10
31718,79,88,-9,9
31719,76,96,-20,20
31720,108,113,-5,5
31721,64,77,-13,13
31722,101,91,10,10
31723,140,130,10,10
31724,89,95,-6,6
31725,72,79,-7,7
31726,82,93,-11,11
31727,68,74,-6,6
31728,41,50,-9,9
31729,77,81,-4,4
31730,150,128,22,22
31731,121,115,6,6
31732,96,121,-25,25
31733,50,49,1,1
31734,45,52,-7,7
31735,118,117,1,1
31736,108,103,5,5
31737,74,72,2,2
31738,148,164,-16,16
31739,109,100,9,9
31740,53,64,-11,11
31741,69,63,6,6
31742,75,84,-9,9
31743,75,91,-16,16
31744,93,88,5,5
31745,36,35,1,1
31746,62,72,-10,10
31747,139,140,-1,1
31748,67,72,-5,5
31749,199,188,11,11
31750,61,56,5,5
31751,66,64,2,2
31752,58,63,-5,5
31753,58,74,-16,16
31754,98,106,-8,8
31755,65,68,-3,3
31756,96,94,2,2
31757,105,105,0,0
31758,44,52,-8,8
31759,116,120,-4,4
31760,87,84,3,3
31761,94,117,-23,23
31762,130,143,-13,13
31763,103,93,10,10
31764,85,80,5,5
31765,94,102,-8,8
31766,78,81,-3,3
31767,120,118,2,2
31768,48,49,-1,1
31769,107,106,1,1
31770,87,95,-8,8
31771,115,121,-6,6
31772,122,120,2,2
31773,137,113,24,24
31774,19,40,-21,21
31775,90,94,-4,4
31776,45,51,-6,6
31777,53,81,-28,28
31778,132,122,10,10
31779,54,42,12,12
31780,123,125,-2,2
31781,88,102,-14,14
31782,90,83,7,7
31783,112,110,2,2
31784,67,55,12,12
31785,50,66,-16,16
31786,65,76,-11,11
31787,44,46,-2,2
31788,86,97,-11,11
31789,65,66,-1,1
31790,80,88,-8,8
31791,128,110,18,18
31792,166,155,11,11
31793,105,100,5,5
31794,77,75,2,2
31795,113,126,-13,13
31796,82,81,1,1
31797,94,94,0,0
31798,123,118,5,5
31799,118,113,5,5
31800,159,156,3,3
31801,100,88,12,12
31802,95,88,7,7
31803,128,133,-5,5
31804,67,73,-6,6
31805,131,107,24,24
31806,78,78,0,0
31807,58,75,-17,17
31808,126,113,13,13
31809,136,144,-8,8
31810,75,72,3,3
31811,100,100,0,0
31812,52,65,-13,13
31813,94,74,20,20
31814,64,80,-16,16
31815,65,61,4,4
31816,85,93,-8,8
31817,100,104,-4,4
31818,134,129,5,5
31819,88,84,4,4
31820,87,80,7,7
31821,112,116,-4,4
31822,222,201,21,21
31823,103,88,15,15
31824,131,148,-17,17
31825,143,140,3,3
31826,89,87,2,2
31827,144,116,28,28
31828,90,95,-5,5
31829,117,102,15,15
31830,41,42,-1,1
31831,161,147,14,14
31832,87,88,-1,1
31833,67,65,2,2
31834,89,100,-11,11
31835,58,56,2,2
31836,54,58,-4,4
31837,66,48,18,18
31838,62,70,-8,8
31839,46,49,-3,3
31840,116,132,-16,16
31841,146,148,-2,2
31842,153,143,10,10
31843,110,96,14,14
31844,83,85,-2,2
31845,138,140,-2,2
31846,117,99,18,18
31847,86,81,5,5
31848,170,157,13,13
31849,96,102,-6,6
31850,57,65,-8,8
31851,102,96,6,6
31852,96,94,2,2
31853,88,92,-4,4
31854,117,116,1,1
31855,83,97,-14,14
31856,94,111,-17,17
31857,68,81,-13,13
31858,81,76,5,5
31859,165,142,23,23
31860,93,79,14,14
31861,169,162,7,7
31862,79,82,-3,3
31863,91,83,8,8
31864,96,92,4,4
31865,107,92,15,15
31866,98,99,-1,1
31867,81,68,13,13
31868,125,120,5,5
31869,111,110,1,1
31870,50,53,-3,3
31871,102,110,-8,8
31872,94,88,6,6
31873,57,52,5,5
31874,110,105,5,5
31875,89,88,1,1
31876,69,60,9,9
31877,116,110,6,6
31878,135,112,23,23
31879,76,83,-7,7
31880,98,95,3,3
31881,72,66,6,6
31882,68,75,-7,7
31883,77,81,-4,4
31884,125,144,-19,19
31885,115,110,5,5
31886,136,131,5,5
31887,80,74,6,6
31888,82,88,-6,6
31889,76,85,-9,9
31890,82,72,10,10
31891,138,131,7,7
31892,108,103,5,5
31893,153,149,4,4
31894,76,70,6,6
31895,100,96,4,4
31896,97,106,-9,9
31897,119,110,9,9
31898,35,43,-8,8
31899,39,59,-20,20
31900,102,98,4,4
31901,93,111,-18,18
31902,122,116,6,6
31903,88,92,-4,4
31904,84,82,2,2
31905,207,179,28,28
31906,67,82,-15,15
31907,111,116,-5,5
31908,75,73,2,2
31909,112,89,23,23
31910,59,59,0,0
31911,66,62,4,4
31912,161,165,-4,4
31913,80,81,-1,1
31914,64,68,-4,4
31915,123,94,29,29
31916,123,110,13,13
31917,144,147,-3,3
31918,61,58,3,3
31919,85,73,12,12
31920,100,100,0,0
31921,100,89,11,11
31922,65,54,11,11
31923,75,63,12,12
31924,104,94,10,10
31925,112,120,-8,8
31926,93,95,-2,2
31927,69,70,-1,1
31928,58,57,1,1
31929,120,119,1,1
31930,131,112,19,19
31931,101,106,-5,5
31932,156,151,5,5
31933,83,78,5,5
31934,62,61,1,1
31935,94,89,5,5
31936,87,85,2,2
31937,182,173,9,9
31938,132,133,-1,1
31939,100,103,-3,3
31940,74,72,2,2
31941,57,68,-11,11
31942,95,100,-5,5
31943,64,59,5,5
31944,99,97,2,2
31945,102,105,-3,3
31946,144,143,1,1
31947,152,143,9,9
31948,66,58,8,8
31949,57,63,-6,6
31950,73,76,-3,3
31951,85,76,9,9
31952,111,114,-3,3
31953,78,76,2,2
31954,87,86,1,1
31955,58,61,-3,3
31956,125,110,15,15
31957,98,99,-1,1
31958,127,123,4,4
31959,125,124,1,1
31960,107,110,-3,3
31961,57,78,-21,21
31962,161,144,17,17
31963,109,103,6,6
31964,110,105,5,5
31965,64,60,4,4
31966,304,223,81,81
31967,75,70,5,5
31968,161,179,-18,18
31969,85,99,-14,14
31970,124,106,18,18
31971,53,56,-3,3
31972,98,97,1,1
31973,124,116,8,8
31974,67,62,5,5
31975,59,47,12,12
31976,115,104,11,11
31977,91,77,14,14
31978,108,110,-2,2
31979,82,99,-17,17
31980,104,95,9,9
31981,65,78,-13,13
31982,107,100,7,7
31983,140,145,-5,5
31984,83,92,-9,9
31985,128,155,-27,27
31986,65,60,5,5
31987,70,81,-11,11
31988,160,164,-4,4
31989,94,102,-8,8
31990,74,68,6,6
31991,99,99,0,0
31992,105,101,4,4
31993,65,71,-6,6
31994,46,57,-11,11
31995,72,78,-6,6
31996,53,69,-16,16
31997,110,113,-3,3
31998,100,95,5,5
31999,65,68,-3,3
32000,102,97,5,5
32001,128,119,9,9
32002,90,81,9,9
32003,139,154,-15,15
32004,145,125,20,20
32005,89,86,3,3
32006,68,91,-23,23
32007,64,86,-22,22
32008,79,82,-3,3
32009,86,70,16,16
32010,60,66,-6,6
32011,101,99,2,2
32012,36,50,-14,14
32013,103,94,9,9
32014,52,48,4,4
32015,152,134,18,18
32016,80,100,-20,20
32017,142,131,11,11
32018,129,112,17,17
32019,140,125,15,15
32020,49,41,8,8
32021,147,153,-6,6
32022,100,98,2,2
32023,59,64,-5,5
32024,106,106,0,0
32025,88,94,-6,6
32026,86,98,-12,12
32027,106,96,10,10
32028,110,99,11,11
32029,43,58,-15,15
32030,114,114,0,0
32031,77,80,-3,3
32032,103,103,0,0
32033,125,119,6,6
32034,65,84,-19,19
32035,105,105,0,0
32036,98,116,-18,18
32037,132,140,-8,8
32038,119,109,10,10
32039,80,86,-6,6
32040,107,117,-10,10
32041,94,81,13,13
32042,59,91,-32,32
32043,109,106,3,3
32044,144,149,-5,5
32045,45,55,-10,10
32046,66,37,29,29
32047,122,128,-6,6
32048,88,86,2,2
32049,53,53,0,0
32050,58,67,-9,9
32051,68,67,1,1
32052,104,104,0,0
32053,129,129,0,0
32054,55,56,-1,1
32055,80,65,15,15
32056,100,101,-1,1
32057,64,71,-7,7
32058,150,150,0,0
32059,80,79,1,1
32060,96,92,4,4
32061,83,81,2,2
32062,39,45,-6,6
32063,112,103,9,9
32064,146,139,7,7
32065,91,99,-8,8
32066,77,85,-8,8
32067,121,119,2,2
32068,113,116,-3,3
32069,132,138,-6,6
32070,102,89,13,13
32071,71,70,1,1
32072,81,82,-1,1
32073,60,70,-10,10
32074,112,101,11,11
32075,95,82,13,13
32076,116,104,12,12
32077,85,89,-4,4
32078,116,123,-7,7
32079,107,112,-5,5
32080,156,135,21,21
32081,84,90,-6,6
32082,77,78,-1,1
32083,111,107,4,4
32084,61,88,-27,27
32085,124,127,-3,3
32086,106,96,10,10
32087,116,109,7,7
32088,64,85,-21,21
32089,108,103,5,5
32090,76,66,10,10
32091,72,87,-15,15
32092,75,87,-12,12
32093,66,63,3,3
32094,128,139,-11,11
32095,189,164,25,25
32096,120,111,9,9
32097,64,65,-1,1
32098,141,145,-4,4
32099,96,92,4,4
32100,170,156,14,14
32101,83,83,0,0
32102,101,102,-1,1
32103,81,82,-1,1
32104,43,48,-5,5
32105,150,161,-11,11
32106,70,81,-11,11
32107,89,79,10,10
32108,115,113,2,2
32109,103,99,4,4
32110,54,73,-19,19
32111,63,65,-2,2
32112,127,135,-8,8
32113,96,84,12,12
32114,79,97,-18,18
32115,83,90,-7,7
32116,108,105,3,3
32117,116,110,6,6
32118,121,112,9,9
32119,127,114,13,13
32120,109,100,9,9
32121,96,98,-2,2
32122,82,80,2,2
32123,103,151,-48,48
32124,142,157,-15,15
32125,161,156,5,5
32126,126,131,-5,5
32127,78,72,6,6
32128,157,155,2,2
32129,63,74,-11,11
32130,64,56,8,8
32131,90,93,-3,3
32132,95,107,-12,12
32133,146,154,-8,8
32134,56,50,6,6
32135,48,47,1,1
32136,68,66,2,2
32137,94,94,0,0
32138,87,78,9,9
32139,122,103,19,19
32140,126,113,13,13
32141,55,86,-31,31
32142,61,65,-4,4
32143,89,96,-7,7
32144,62,73,-11,11
32145,71,64,7,7
32146,87,92,-5,5
32147,39,67,-28,28
32148,123,125,-2,2
32149,79,78,1,1
32150,109,99,10,10
32151,101,108,-7,7
32152,107,104,3,3
32153,114,102,12,12
32154,81,99,-18,18
32155,167,160,7,7
32156,71,68,3,3
32157,65,74,-9,9
32158,76,70,6,6
32159,94,96,-2,2
32160,162,151,11,11
32161,86,104,-18,18
32162,162,162,0,0
32163,50,47,3,3
32164,109,107,2,2
32165,70,74,-4,4
32166,69,73,-4,4
32167,36,17,19,19
32168,117,109,8,8
32169,104,86,18,18
32170,107,109,-2,2
32171,66,73,-7,7
32172,98,99,-1,1
32173,113,106,7,7
32174,57,64,-7,7
32175,117,114,3,3
32176,79,91,-12,12
32177,88,91,-3,3
32178,101,101,0,0
32179,98,97,1,1
32180,164,199,-35,35
32181,108,110,-2,2
32182,79,72,7,7
32183,77,84,-7,7
32184,81,78,3,3
32185,111,103,8,8
32186,108,111,-3,3
32187,104,97,7,7
32188,51,44,7,7
32189,79,73,6,6
32190,141,138,3,3
32191,105,104,1,1
32192,79,84,-5,5
32193,121,111,10,10
32194,85,101,-16,16
32195,60,68,-8,8
32196,76,69,7,7
32197,66,62,4,4
32198,140,127,13,13
32199,115,98,17,17
32200,135,114,21,21
32201,137,129,8,8
32202,108,123,-15,15
32203,56,61,-5,5
32204,145,132,13,13
32205,107,109,-2,2
32206,75,57,18,18
32207,73,80,-7,7
32208,58,60,-2,2
32209,73,70,3,3
32210,100,92,8,8
32211,154,135,19,19
32212,89,94,-5,5
32213,86,83,3,3
32214,218,185,33,33
32215,96,99,-3,3
32216,72,72,0,0
32217,136,153,-17,17
32218,197,171,26,26
32219,75,72,3,3
32220,138,131,7,7
32221,112,131,-19,19
32222,97,93,4,4
32223,50,63,-13,13
32224,144,122,22,22
32225,62,63,-1,1
32226,91,106,-15,15
32227,108,112,-4,4
32228,111,102,9,9
32229,154,139,15,15
32230,84,90,-6,6
32231,181,176,5,5
32232,80,87,-7,7
32233,134,124,10,10
32234,78,84,-6,6
32235,243,207,36,36
32236,59,50,9,9
32237,83,68,15,15
32238,76,66,10,10
32239,88,93,-5,5
32240,62,76,-14,14
32241,81,83,-2,2
32242,127,128,-1,1
32243,119,117,2,2
32244,70,80,-10,10
32245,114,95,19,19
32246,91,89,2,2
32247,120,106,14,14
32248,61,64,-3,3
32249,73,73,0,0
32250,77,80,-3,3
32251,175,173,2,2
32252,86,80,6,6
32253,125,116,9,9
32254,109,102,7,7
32255,90,100,-10,10
32256,71,74,-3,3
32257,64,70,-6,6
32258,91,91,0,0
32259,116,121,-5,5
32260,63,46,17,17
32261,79,81,-2,2
32262,56,52,4,4
32263,144,131,13,13
32264,130,110,20,20
32265,73,97,-24,24
32266,64,33,31,31
32267,146,126,20,20
32268,30,37,-7,7
32269,107,123,-16,16
32270,80,91,-11,11
32271,94,125,-31,31
32272,57,56,1,1
32273,85,83,2,2
32274,157,155,2,2
32275,131,139,-8,8
32276,170,146,24,24
32277,115,108,7,7
32278,124,108,16,16
32279,83,92,-9,9
32280,139,126,13,13
32281,104,104,0,0
32282,54,46,8,8
32283,117,120,-3,3
32284,84,99,-15,15
32285,97,94,3,3
32286,50,39,11,11
32287,57,66,-9,9
32288,84,79,5,5
32289,70,74,-4,4
32290,75,77,-2,2
32291,33,55,-22,22
32292,110,116,-6,6
32293,60,61,-1,1
32294,66,75,-9,9
32295,121,101,20,20
32296,97,100,-3,3
32297,128,130,-2,2
32298,82,83,-1,1
32299,110,111,-1,1
32300,135,123,12,12
32301,96,96,0,0
32302,79,69,10,10
32303,82,78,4,4
32304,112,100,12,12
32305,119,113,6,6
32306,113,96,17,17
32307,129,130,-1,1
32308,30,53,-23,23
32309,143,144,-1,1
32310,48,54,-6,6
32311,70,68,2,2
32312,66,103,-37,37
32313,117,127,-10,10
32314,49,48,1,1
32315,73,84,-11,11
32316,104,114,-10,10
32317,78,85,-7,7
32318,94,97,-3,3
32319,39,47,-8,8
32320,163,154,9,9
32321,131,133,-2,2
32322,78,108,-30,30
32323,107,111,-4,4
32324,40,49,-9,9
32325,83,77,6,6
32326,88,104,-16,16
32327,104,96,8,8
32328,116,106,10,10
32329,144,122,22,22
32330,93,93,0,0
32331,89,92,-3,3
32332,110,108,2,2
32333,62,87,-25,25
32334,100,105,-5,5
32335,79,85,-6,6
32336,80,74,6,6
32337,120,126,-6,6
32338,84,101,-17,17
32339,88,88,0,0
32340,132,139,-7,7
32341,93,81,12,12
32342,79,77,2,2
32343,27,26,1,1
32344,97,89,8,8
32345,167,140,27,27
32346,146,143,3,3
32347,45,47,-2,2
32348,53,56,-3,3
32349,57,58,-1,1
32350,40,45,-5,5
32351,77,88,-11,11
32352,120,117,3,3
32353,87,92,-5,5
32354,189,163,26,26
32355,84,82,2,2
32356,68,69,-1,1
32357,85,92,-7,7
32358,75,77,-2,2
32359,58,56,2,2
32360,67,64,3,3
32361,58,59,-1,1
32362,38,38,0,0
32363,63,73,-10,10
32364,82,97,-15,15
32365,111,127,-16,16
32366,168,148,20,20
32367,67,65,2,2
32368,92,99,-7,7
32369,43,44,-1,1
32370,126,118,8,8
32371,94,86,8,8
32372,108,108,0,0
32373,80,97,-17,17
32374,159,146,13,13
32375,101,80,21,21
32376,71,66,5,5
32377,77,83,-6,6
32378,53,48,5,5
32379,96,104,-8,8
32380,144,115,29,29
32381,96,102,-6,6
32382,120,114,6,6
32383,91,81,10,10
32384,57,68,-11,11
32385,95,99,-4,4
32386,114,115,-1,1
32387,115,115,0,0
32388,63,58,5,5
32389,103,95,8,8
32390,213,194,19,19
32391,82,89,-7,7
32392,113,104,9,9
32393,75,76,-1,1
32394,122,130,-8,8
32395,82,64,18,18
32396,112,104,8,8
32397,114,111,3,3
32398,62,72,-10,10
32399,145,142,3,3
32400,153,142,11,11
32401,102,71,31,31
32402,65,73,-8,8
32403,79,65,14,14
32404,85,92,-7,7
32405,69,65,4,4
32406,69,78,-9,9
32407,106,145,-39,39
32408,73,58,15,15
32409,95,81,14,14
32410,68,84,-16,16
32411,72,85,-13,13
32412,71,74,-3,3
32413,135,132,3,3
32414,115,114,1,1
32415,75,85,-10,10
32416,57,57,0,0
32417,33,27,6,6
32418,73,79,-6,6
32419,147,144,3,3
32420,100,107,-7,7
32421,81,86,-5,5
32422,130,127,3,3
32423,63,79,-16,16
32424,75,79,-4,4
32425,97,110,-13,13
32426,80,85,-5,5
32427,67,68,-1,1
32428,135,134,1,1
32429,48,62,-14,14
32430,113,122,-9,9
32431,62,53,9,9
32432,66,70,-4,4
32433,62,53,9,9
32434,140,159,-19,19
32435,82,89,-7,7
32436,86,80,6,6
32437,123,193,-70,70
32438,134,125,9,9
32439,63,62,1,1
32440,142,120,22,22
32441,63,71,-8,8
32442,94,81,13,13
32443,72,82,-10,10
32444,146,140,6,6
32445,90,67,23,23
32446,57,65,-8,8
32447,51,62,-11,11
32448,64,72,-8,8
32449,80,88,-8,8
32450,105,99,6,6
32451,109,105,4,4
32452,99,115,-16,16
32453,209,183,26,26
32454,82,68,14,14
32455,49,78,-29,29
32456,72,63,9,9
32457,62,60,2,2
32458,50,56,-6,6
32459,153,152,1,1
32460,140,145,-5,5
32461,95,88,7,7
32462,81,85,-4,4
32463,114,101,13,13
32464,130,113,17,17
32465,31,41,-10,10
32466,86,97,-11,11
32467,100,107,-7,7
32468,58,57,1,1
32469,58,60,-2,2
32470,95,87,8,8
32471,121,125,-4,4
32472,83,78,5,5
32473,152,134,18,18
32474,138,144,-6,6
32475,128,123,5,5
32476,92,102,-10,10
32477,64,58,6,6
32478,72,84,-12,12
32479,110,108,2,2
32480,57,57,0,0
32481,99,94,5,5
32482,98,94,4,4
32483,73,87,-14,14
32484,53,60,-7,7
32485,55,64,-9,9
32486,61,73,-12,12
32487,239,196,43,43
32488,86,92,-6,6
32489,133,115,18,18
32490,80,87,-7,7
32491,76,74,2,2
32492,79,69,10,10
32493,140,138,2,2
32494,97,97,0,0
32495,74,67,7,7
32496,142,120,22,22
32497,82,77,5,5
32498,62,64,-2,2
32499,101,114,-13,13
32500,69,78,-9,9
32501,171,163,8,8
32502,69,71,-2,2
32503,72,80,-8,8
32504,93,89,4,4
32505,78,82,-4,4
32506,68,75,-7,7
32507,54,58,-4,4
32508,110,104,6,6
32509,69,86,-17,17
32510,92,81,11,11
32511,65,66,-1,1
32512,28,30,-2,2
32513,65,63,2,2
32514,69,63,6,6
32515,119,104,15,15
32516,78,69,9,9
32517,75,79,-4,4
32518,70,66,4,4
32519,57,72,-15,15
32520,88,84,4,4
32521,80,78,2,2
32522,113,119,-6,6
32523,63,63,0,0
32524,91,86,5,5
32525,141,134,7,7
32526,88,78,10,10
32527,46,52,-6,6
32528,109,97,12,12
32529,98,103,-5,5
32530,177,157,20,20
32531,142,123,19,19
32532,56,65,-9,9
32533,166,163,3,3
32534,70,63,7,7
32535,64,69,-5,5
32536,70,78,-8,8
32537,66,71,-5,5
32538,104,98,6,6
32539,131,127,4,4
32540,82,79,3,3
32541,65,81,-16,16
32542,95,88,7,7
32543,79,79,0,0
32544,86,83,3,3
32545,84,79,5,5
32546,103,79,24,24
32547,77,70,7,7
32548,125,131,-6,6
32549,122,121,1,1
32550,64,60,4,4
32551,95,112,-17,17
32552,79,88,-9,9
32553,67,65,2,2
32554,160,152,8,8
32555,103,102,1,1
32556,114,109,5,5
32557,74,82,-8,8
32558,123,133,-10,10
32559,50,56,-6,6
32560,53,52,1,1
32561,195,191,4,4
32562,71,69,2,2
32563,171,148,23,23
32564,90,103,-13,13
32565,75,69,6,6
32566,84,89,-5,5
32567,86,121,-35,35
32568,101,101,0,0
32569,131,106,25,25
32570,159,144,15,15
32571,52,64,-12,12
32572,119,115,4,4
32573,85,78,7,7
32574,97,99,-2,2
32575,73,84,-11,11
32576,54,71,-17,17
32577,73,64,9,9
32578,127,112,15,15
32579,164,162,2,2
32580,104,93,11,11
32581,57,59,-2,2
32582,40,47,-7,7
32583,103,93,10,10
32584,149,143,6,6
32585,105,95,10,10
32586,184,154,30,30
32587,74,81,-7,7
32588,145,123,22,22
32589,74,89,-15,15
32590,83,90,-7,7
32591,82,81,1,1
32592,85,102,-17,17
32593,133,133,0,0
32594,68,62,6,6
32595,56,81,-25,25
32596,183,160,23,23
32597,66,66,0,0
32598,115,123,-8,8
32599,86,78,8,8
32600,64,58,6,6
32601,41,54,-13,13
32602,97,113,-16,16
32603,76,82,-6,6
32604,64,63,1,1
32605,67,60,7,7
32606,92,90,2,2
32607,86,83,3,3
32608,86,79,7,7
32609,114,116,-2,2
32610,134,121,13,13
32611,80,70,10,10
32612,151,166,-15,15
32613,99,101,-2,2
32614,144,142,2,2
32615,118,110,8,8
32616,74,71,3,3
32617,85,84,1,1
32618,51,57,-6,6
32619,57,64,-7,7
32620,152,131,21,21
32621,80,79,1,1
32622,83,71,12,12
32623,69,69,0,0
32624,126,128,-2,2
32625,178,159,19,19
32626,101,102,-1,1
32627,110,118,-8,8
32628,53,55,-2,2
32629,89,94,-5,5
32630,97,98,-1,1
32631,81,78,3,3
32632,87,79,8,8
32633,52,51,1,1
32634,98,86,12,12
32635,109,111,-2,2
32636,103,105,-2,2
32637,90,81,9,9
32638,73,76,-3,3
32639,157,153,4,4
32640,106,102,4,4
32641,144,135,9,9
32642,105,107,-2,2
32643,191,174,17,17
32644,79,87,-8,8
32645,113,102,11,11
32646,66,76,-10,10
32647,62,73,-11,11
32648,71,82,-11,11
32649,93,104,-11,11
32650,90,75,15,15
32651,81,72,9,9
32652,97,98,-1,1
32653,43,62,-19,19
32654,150,143,7,7
32655,78,81,-3,3
32656,122,106,16,16
32657,76,86,-10,10
32658,50,73,-23,23
32659,78,79,-1,1
32660,68,79,-11,11
32661,92,79,13,13
32662,65,66,-1,1
32663,112,111,1,1
32664,69,86,-17,17
32665,86,89,-3,3
32666,73,78,-5,5
32667,99,100,-1,1
32668,99,90,9,9
32669,70,83,-13,13
32670,88,80,8,8
32671,66,75,-9,9
32672,123,119,4,4
32673,72,51,21,21
32674,120,144,-24,24
32675,51,57,-6,6
32676,68,65,3,3
32677,103,106,-3,3
32678,76,71,5,5
32679,77,85,-8,8
32680,143,153,-10,10
32681,128,114,14,14
32682,87,74,13,13
32683,47,40,7,7
32684,119,108,11,11
32685,119,112,7,7
32686,52,60,-8,8
32687,123,116,7,7
32688,78,75,3,3
32689,135,129,6,6
32690,65,64,1,1
32691,50,54,-4,4
32692,59,70,-11,11
32693,95,106,-11,11
32694,74,82,-8,8
32695,127,112,15,15
32696,135,145,-10,10
32697,80,78,2,2
32698,81,90,-9,9
32699,102,100,2,2
32700,131,129,2,2
32701,96,83,13,13
32702,100,103,-3,3
32703,104,109,-5,5
32704,112,121,-9,9
32705,103,88,15,15
32706,96,96,0,0
32707,86,86,0,0
32708,130,124,6,6
32709,47,45,2,2
32710,118,123,-5,5
32711,81,81,0,0
32712,117,93,24,24
32713,77,81,-4,4
32714,129,114,15,15
32715,111,93,18,18
32716,131,116,15,15
32717,67,70,-3,3
32718,66,87,-21,21
32719,111,108,3,3
32720,71,80,-9,9
32721,58,53,5,5
32722,61,76,-15,15
32723,65,66,-1,1
32724,91,110,-19,19
32725,126,132,-6,6
32726,79,95,-16,16
32727,98,93,5,5
32728,83,104,-21,21
32729,46,48,-2,2
32730,71,78,-7,7
32731,56,67,-11,11
32732,74,60,14,14
32733,86,82,4,4
32734,125,111,14,14
32735,71,63,8,8
32736,62,67,-5,5
32737,96,75,21,21
32738,145,132,13,13
32739,73,68,5,5
32740,67,66,1,1
32741,87,88,-1,1
32742,79,71,8,8
32743,93,97,-4,4
32744,72,74,-2,2
32745,68,58,10,10
32746,72,68,4,4
32747,132,123,9,9
32748,75,67,8,8
32749,86,93,-7,7
32750,101,93,8,8
32751,193,176,17,17
32752,124,122,2,2
32753,96,93,3,3
32754,102,99,3,3
32755,48,58,-10,10
32756,95,86,9,9
32757,172,157,15,15
32758,174,184,-10,10
32759,171,153,18,18
32760,64,61,3,3
32761,90,97,-7,7
32762,77,86,-9,9
32763,79,82,-3,3
32764,82,88,-6,6
32765,128,121,7,7
32766,96,101,-5,5
32767,88,90,-2,2
32768,78,72,6,6
32769,115,129,-14,14
32770,75,88,-13,13
32771,132,121,11,11
32772,161,150,11,11
32773,117,113,4,4
32774,61,67,-6,6
32775,84,71,13,13
32776,102,106,-4,4
32777,108,106,2,2
32778,108,111,-3,3
32779,156,160,-4,4
32780,107,107,0,0
32781,74,63,11,11
32782,185,171,14,14
32783,61,75,-14,14
32784,106,109,-3,3
32785,73,72,1,1
32786,83,73,10,10
32787,53,49,4,4
32788,216,187,29,29
32789,90,91,-1,1
32790,94,96,-2,2
32791,113,121,-8,8
32792,48,57,-9,9
32793,125,149,-24,24
32794,58,57,1,1
32795,112,102,10,10
32796,91,77,14,14
32797,90,104,-14,14
32798,104,98,6,6
32799,59,67,-8,8
32800,74,81,-7,7
32801,99,111,-12,12
32802,76,85,-9,9
32803,101,91,10,10
32804,143,137,6,6
32805,66,64,2,2
32806,108,81,27,27
32807,126,111,15,15
32808,102,86,16,16
32809,106,111,-5,5
32810,84,74,10,10
32811,133,130,3,3
32812,68,67,1,1
32813,133,131,2,2
32814,91,92,-1,1
32815,148,139,9,9
32816,131,136,-5,5
32817,105,95,10,10
32818,111,131,-20,20
32819,50,50,0,0
32820,118,99,19,19
32821,56,60,-4,4
32822,76,74,2,2
32823,141,132,9,9
32824,162,151,11,11
32825,144,142,2,2
32826,131,143,-12,12
32827,57,36,21,21
32828,105,124,-19,19
32829,74,75,-1,1
32830,118,154,-36,36
32831,157,156,1,1
32832,105,96,9,9
32833,90,86,4,4
32834,96,108,-12,12
32835,161,179,-18,18
32836,83,74,9,9
32837,145,121,24,24
32838,55,62,-7,7
32839,113,117,-4,4
32840,72,78,-6,6
32841,199,183,16,16
32842,57,58,-1,1
32843,86,94,-8,8
32844,124,124,0,0
32845,59,74,-15,15
32846,65,53,12,12
32847,82,83,-1,1
32848,127,122,5,5
32849,82,85,-3,3
32850,101,85,16,16
32851,105,109,-4,4
32852,94,94,0,0
32853,125,121,4,4
32854,96,77,19,19
32855,48,49,-1,1
32856,68,78,-10,10
32857,98,92,6,6
32858,152,142,10,10
32859,139,113,26,26
32860,80,91,-11,11
32861,113,110,3,3
32862,102,123,-21,21
32863,94,95,-1,1
32864,56,62,-6,6
32865,112,114,-2,2
32866,71,65,6,6
32867,163,166,-3,3
32868,95,95,0,0
32869,165,147,18,18
32870,100,94,6,6
32871,104,97,7,7
32872,68,74,-6,6
32873,152,139,13,13
32874,62,80,-18,18
32875,56,46,10,10
32876,87,90,-3,3
32877,48,44,4,4
32878,85,90,-5,5
32879,82,102,-20,20
32880,70,87,-17,17
32881,80,74,6,6
32882,100,104,-4,4
32883,158,150,8,8
32884,143,125,18,18
32885,76,73,3,3
32886,64,69,-5,5
32887,121,114,7,7
32888,72,77,-5,5
32889,53,68,-15,15
32890,202,185,17,17
32891,54,59,-5,5
32892,58,52,6,6
32893,125,134,-9,9
32894,74,68,6,6
32895,58,105,-47,47
32896,144,141,3,3
32897,124,111,13,13
32898,84,84,0,0
32899,27,41,-14,14
32900,84,70,14,14
32901,176,151,25,25
32902,44,61,-17,17
32903,66,66,0,0
32904,73,86,-13,13
32905,71,83,-12,12
32906,42,83,-41,41
32907,61,71,-10,10
32908,71,62,9,9
32909,90,100,-10,10
32910,74,73,1,1
32911,109,93,16,16
32912,124,111,13,13
32913,94,91,3,3
32914,158,165,-7,7
32915,97,80,17,17
32916,73,63,10,10
32917,90,98,-8,8
32918,64,69,-5,5
32919,144,144,0,0
32920,104,104,0,0
32921,186,161,25,25
32922,102,97,5,5
32923,85,82,3,3
32924,96,100,-4,4
32925,122,122,0,0
32926,97,101,-4,4
32927,96,97,-1,1
32928,50,40,10,10
32929,110,126,-16,16
32930,89,82,7,7
32931,98,89,9,9
32932,123,121,2,2
32933,53,70,-17,17
32934,114,110,4,4
32935,152,154,-2,2
32936,146,145,1,1
32937,134,129,5,5
32938,105,106,-1,1
32939,38,96,-58,58
32940,99,96,3,3
32941,107,102,5,5
32942,92,80,12,12
32943,120,111,9,9
32944,129,132,-3,3
32945,95,94,1,1
32946,90,95,-5,5
32947,103,103,0,0
32948,114,120,-6,6
32949,59,72,-13,13
32950,36,73,-37,37
32951,99,102,-3,3
32952,76,73,3,3
32953,149,139,10,10
32954,106,95,11,11
32955,61,71,-10,10
32956,47,56,-9,9
32957,158,159,-1,1
32958,54,53,1,1
32959,50,69,-19,19
32960,98,100,-2,2
32961,94,95,-1,1
32962,67,65,2,2
32963,49,52,-3,3
32964,146,141,5,5
32965,135,121,14,14
32966,87,75,12,12
32967,98,97,1,1
32968,59,58,1,1
32969,86,86,0,0
32970,62,65,-3,3
32971,113,116,-3,3
32972,93,100,-7,7
32973,75,92,-17,17
32974,83,83,0,0
32975,138,123,15,15
32976,67,82,-15,15
32977,84,75,9,9
32978,117,106,11,11
32979,64,69,-5,5
32980,80,74,6,6
32981,85,95,-10,10
32982,67,63,4,4
32983,96,96,0,0
32984,72,68,4,4
32985,63,73,-10,10
32986,151,141,10,10
32987,49,23,26,26
32988,103,73,30,30
32989,32,55,-23,23
32990,70,74,-4,4
32991,135,128,7,7
32992,55,54,1,1
32993,99,92,7,7
32994,114,116,-2,2
32995,82,75,7,7
32996,119,112,7,7
32997,104,99,5,5
32998,123,113,10,10
32999,113,118,-5,5
33000,153,141,12,12
33001,89,91,-2,2
33002,48,49,-1,1
33003,113,109,4,4
33004,83,88,-5,5
33005,129,126,3,3
33006,67,70,-3,3
33007,96,99,-3,3
33008,92,96,-4,4
33009,103,93,10,10
33010,121,99,22,22
33011,48,50,-2,2
33012,98,93,5,5
33013,112,96,16,16
33014,107,108,-1,1
33015,92,75,17,17
33016,72,73,-1,1
33017,86,81,5,5
33018,86,84,2,2
33019,120,118,2,2
33020,65,64,1,1
33021,86,89,-3,3
33022,138,133,5,5
33023,74,92,-18,18
33024,60,63,-3,3
33025,125,111,14,14
33026,61,73,-12,12
33027,99,97,2,2
33028,150,136,14,14
33029,69,68,1,1
33030,41,40,1,1
33031,108,102,6,6
33032,163,154,9,9
33033,121,118,3,3
33034,72,73,-1,1
33035,109,105,4,4
33036,133,145,-12,12
33037,74,74,0,0
33038,119,116,3,3
33039,77,85,-8,8
33040,97,108,-11,11
33041,76,74,2,2
33042,102,89,13,13
33043,88,84,4,4
33044,139,135,4,4
33045,93,86,7,7
33046,171,153,18,18
33047,115,132,-17,17
33048,73,75,-2,2
33049,102,95,7,7
33050,97,97,0,0
33051,107,113,-6,6
33052,180,172,8,8
33053,78,72,6,6
33054,279,242,37,37
33055,86,96,-10,10
33056,80,86,-6,6
33057,131,138,-7,7
33058,49,54,-5,5
33059,100,94,6,6
33060,53,61,-8,8
33061,116,113,3,3
33062,61,67,-6,6
33063,73,57,16,16
33064,70,63,7,7
33065,56,58,-2,2
33066,69,73,-4,4
33067,76,85,-9,9
33068,57,63,-6,6
33069,36,45,-9,9
33070,75,88,-13,13
33071,62,62,0,0
33072,78,71,7,7
33073,112,113,-1,1
33074,85,79,6,6
33075,164,148,16,16
33076,52,68,-16,16
33077,102,106,-4,4
33078,34,62,-28,28
33079,52,57,-5,5
33080,63,82,-19,19
33081,60,63,-3,3
33082,145,143,2,2
33083,74,80,-6,6
33084,106,103,3,3
33085,53,59,-6,6
33086,114,127,-13,13
33087,135,140,-5,5
33088,119,106,13,13
33089,84,101,-17,17
33090,62,63,-1,1
33091,150,149,1,1
33092,178,220,-42,42
33093,125,128,-3,3
33094,125,126,-1,1
33095,56,56,0,0
33096,83,81,2,2
33097,79,87,-8,8
33098,66,77,-11,11
33099,62,75,-13,13
33100,77,77,0,0
33101,113,113,0,0
33102,119,124,-5,5
33103,100,97,3,3
33104,121,111,10,10
33105,102,98,4,4
33106,106,114,-8,8
33107,67,79,-12,12
33108,104,86,18,18
33109,133,130,3,3
33110,138,133,5,5
33111,62,83,-21,21
33112,110,129,-19,19
33113,140,132,8,8
33114,80,74,6,6
33115,103,106,-3,3
33116,114,107,7,7
33117,55,60,-5,5
33118,91,94,-3,3
33119,38,32,6,6
33120,89,72,17,17
33121,129,114,15,15
33122,30,62,-32,32
33123,103,105,-2,2
33124,100,109,-9,9
33125,87,89,-2,2
33126,99,89,10,10
33127,87,88,-1,1
33128,91,89,2,2
33129,105,105,0,0
33130,104,98,6,6
33131,46,63,-17,17
33132,86,76,10,10
33133,59,76,-17,17
33134,135,135,0,0
33135,47,44,3,3
33136,108,90,18,18
33137,108,104,4,4
33138,120,117,3,3
33139,50,82,-32,32
33140,102,137,-35,35
33141,129,136,-7,7
33142,82,144,-62,62
33143,141,133,8,8
33144,87,81,6,6
33145,108,97,11,11
33146,113,125,-12,12
33147,166,154,12,12
33148,82,74,8,8
33149,34,53,-19,19
33150,57,57,0,0
33151,128,135,-7,7
33152,86,84,2,2
33153,70,65,5,5
33154,106,110,-4,4
33155,111,112,-1,1
33156,89,109,-20,20
33157,28,33,-5,5
33158,102,98,4,4
33159,159,123,36,36
33160,170,160,10,10
33161,98,103,-5,5
33162,77,92,-15,15
33163,118,128,-10,10
33164,96,88,8,8
33165,51,59,-8,8
33166,63,72,-9,9
33167,70,61,9,9
33168,99,101,-2,2
33169,58,66,-8,8
33170,60,67,-7,7
33171,78,87,-9,9
33172,45,53,-8,8
33173,89,101,-12,12
33174,69,70,-1,1
33175,84,84,0,0
33176,73,69,4,4
33177,178,148,30,30
33178,63,66,-3,3
33179,108,96,12,12
33180,105,106,-1,1
33181,43,49,-6,6
33182,82,75,7,7
33183,76,79,-3,3
33184,143,122,21,21
33185,91,84,7,7
33186,63,63,0,0
33187,136,124,12,12
33188,83,84,-1,1
33189,128,124,4,4
33190,63,64,-1,1
33191,72,80,-8,8
33192,96,96,0,0
33193,66,104,-38,38
33194,89,100,-11,11
33195,74,71,3,3
33196,69,68,1,1
33197,86,82,4,4
33198,105,98,7,7
33199,92,97,-5,5
33200,49,66,-17,17
33201,151,132,19,19
33202,87,103,-16,16
33203,86,79,7,7
33204,55,53,2,2
33205,113,116,-3,3
33206,96,86,10,10
33207,84,85,-1,1
33208,102,101,1,1
33209,85,82,3,3
33210,141,142,-1,1
33211,90,70,20,20
33212,57,59,-2,2
33213,80,94,-14,14
33214,111,111,0,0
33215,82,138,-56,56
33216,85,83,2,2
33217,85,88,-3,3
33218,67,71,-4,4
33219,86,82,4,4
33220,102,86,16,16
33221,71,70,1,1
33222,130,142,-12,12
33223,76,78,-2,2
33224,70,69,1,1
33225,86,93,-7,7
33226,55,45,10,10
33227,97,105,-8,8
33228,98,120,-22,22
33229,70,72,-2,2
33230,102,99,3,3
33231,79,79,0,0
33232,104,90,14,14
33233,70,71,-1,1
33234,94,94,0,0
33235,103,113,-10,10
33236,102,123,-21,21
33237,102,102,0,0
33238,67,69,-2,2
33239,165,162,3,3
33240,73,91,-18,18
33241,149,151,-2,2
33242,92,94,-2,2
33243,57,63,-6,6
33244,76,71,5,5
33245,129,120,9,9
33246,66,78,-12,12
33247,132,126,6,6
33248,108,110,-2,2
33249,162,135,27,27
33250,104,103,1,1
33251,98,111,-13,13
33252,81,82,-1,1
33253,106,109,-3,3
33254,134,129,5,5
33255,118,118,0,0
33256,156,141,15,15
33257,73,75,-2,2
33258,106,117,-11,11
33259,64,61,3,3
33260,66,69,-3,3
33261,126,109,17,17
33262,103,112,-9,9
33263,57,59,-2,2
33264,158,159,-1,1
33265,103,104,-1,1
33266,103,108,-5,5
33267,172,181,-9,9
33268,137,128,9,9
33269,95,95,0,0
33270,127,126,1,1
33271,87,85,2,2
33272,136,117,19,19
33273,51,62,-11,11
33274,95,89,6,6
33275,100,106,-6,6
33276,140,136,4,4
33277,102,105,-3,3
33278,69,67,2,2
33279,148,131,17,17
33280,121,140,-19,19
33281,133,141,-8,8
33282,106,105,1,1
33283,95,98,-3,3
33284,71,80,-9,9
33285,148,143,5,5
33286,188,176,12,12
33287,111,110,1,1
33288,88,93,-5,5
33289,71,78,-7,7
33290,83,87,-4,4
33291,44,70,-26,26
33292,69,64,5,5
33293,44,49,-5,5
33294,111,98,13,13
33295,105,115,-10,10
33296,76,74,2,2
33297,95,88,7,7
33298,181,153,28,28
33299,128,125,3,3
33300,81,75,6,6
33301,175,156,19,19
33302,57,74,-17,17
33303,70,69,1,1
33304,77,65,12,12
33305,61,69,-8,8
33306,108,113,-5,5
33307,69,78,-9,9
33308,61,80,-19,19
33309,116,119,-3,3
33310,50,56,-6,6
33311,95,83,12,12
33312,62,68,-6,6
33313,161,149,12,12
33314,101,110,-9,9
33315,84,66,18,18
33316,87,93,-6,6
33317,71,69,2,2
33318,56,58,-2,2
33319,77,83,-6,6
33320,100,133,-33,33
33321,74,66,8,8
33322,59,65,-6,6
33323,117,115,2,2
33324,102,103,-1,1
33325,97,100,-3,3
33326,77,81,-4,4
33327,128,125,3,3
33328,89,92,-3,3
33329,67,66,1,1
33330,69,72,-3,3
33331,104,106,-2,2
33332,55,54,1,1
33333,62,70,-8,8
33334,101,96,5,5
33335,78,59,19,19
33336,86,81,5,5
33337,81,88,-7,7
33338,104,102,2,2
33339,57,58,-1,1
33340,101,89,12,12
33341,84,93,-9,9
33342,73,74,-1,1
33343,106,98,8,8
33344,102,113,-11,11
33345,71,61,10,10
33346,144,143,1,1
33347,131,107,24,24
33348,82,75,7,7
33349,83,76,7,7
33350,169,140,29,29
33351,70,73,-3,3
33352,158,135,23,23
33353,162,150,12,12
33354,104,88,16,16
33355,52,49,3,3
33356,59,66,-7,7
33357,70,67,3,3
33358,112,118,-6,6
33359,106,99,7,7
33360,130,128,2,2
33361,111,114,-3,3
33362,117,105,12,12
33363,118,112,6,6
33364,74,78,-4,4
33365,52,70,-18,18
33366,97,114,-17,17
33367,72,80,-8,8
33368,84,66,18,18
33369,50,63,-13,13
33370,101,103,-2,2
33371,52,46,6,6
33372,85,91,-6,6
33373,90,101,-11,11
33374,66,72,-6,6
33375,132,115,17,17
33376,91,93,-2,2
33377,46,47,-1,1
33378,36,46,-10,10
33379,94,94,0,0
33380,65,66,-1,1
33381,85,84,1,1
33382,78,78,0,0
33383,140,140,0,0
33384,79,94,-15,15
33385,108,114,-6,6
33386,84,85,-1,1
33387,89,90,-1,1
33388,119,103,16,16
33389,52,51,1,1
33390,130,138,-8,8
33391,57,49,8,8
33392,128,128,0,0
33393,106,92,14,14
33394,65,57,8,8
33395,75,87,-12,12
33396,153,158,-5,5
33397,42,43,-1,1
33398,70,63,7,7
33399,157,153,4,4
33400,153,132,21,21
33401,93,90,3,3
33402,85,81,4,4
33403,70,78,-8,8
33404,84,95,-11,11
33405,61,60,1,1
33406,80,84,-4,4
33407,60,56,4,4
33408,60,58,2,2
33409,122,116,6,6
33410,87,90,-3,3
33411,207,181,26,26
33412,102,118,-16,16
33413,52,66,-14,14
33414,75,75,0,0
33415,62,64,-2,2
33416,82,93,-11,11
33417,144,123,21,21
33418,130,132,-2,2
33419,90,77,13,13
33420,71,78,-7,7
33421,77,69,8,8
33422,72,67,5,5
33423,46,51,-5,5
33424,55,64,-9,9
33425,64,157,-93,93
33426,73,65,8,8
33427,76,78,-2,2
33428,100,101,-1,1
33429,108,97,11,11
33430,130,108,22,22
33431,136,128,8,8
33432,89,91,-2,2
33433,79,81,-2,2
33434,110,100,10,10
33435,125,118,7,7
33436,79,86,-7,7
33437,32,60,-28,28
33438,97,124,-27,27
33439,135,132,3,3
33440,93,100,-7,7
33441,111,101,10,10
33442,87,103,-16,16
33443,131,107,24,24
33444,72,64,8,8
33445,72,87,-15,15
33446,192,168,24,24
33447,129,110,19,19
33448,102,95,7,7
33449,86,72,14,14
33450,134,122,12,12
33451,157,145,12,12
33452,75,83,-8,8
33453,93,86,7,7
33454,96,86,10,10
33455,105,98,7,7
33456,110,106,4,4
33457,137,132,5,5
33458,194,192,2,2
33459,82,92,-10,10
33460,102,120,-18,18
33461,92,88,4,4
33462,119,104,15,15
33463,113,110,3,3
33464,85,94,-9,9
33465,66,70,-4,4
33466,145,142,3,3
33467,112,108,4,4
33468,133,119,14,14
33469,113,102,11,11
33470,175,158,17,17
33471,113,127,-14,14
33472,59,72,-13,13
33473,97,104,-7,7
33474,74,74,0,0
33475,53,51,2,2
33476,108,102,6,6
33477,133,107,26,26
33478,46,47,-1,1
33479,135,134,1,1
33480,111,98,13,13
33481,117,112,5,5
33482,69,72,-3,3
33483,175,158,17,17
33484,83,76,7,7
33485,80,84,-4,4
33486,95,97,-2,2
33487,80,76,4,4
33488,71,73,-2,2
33489,61,60,1,1
33490,83,83,0,0
33491,168,161,7,7
33492,78,68,10,10
33493,79,81,-2,2
33494,112,117,-5,5
33495,73,77,-4,4
33496,71,92,-21,21
33497,86,92,-6,6
33498,105,117,-12,12
33499,103,90,13,13
33500,81,78,3,3
33501,70,86,-16,16
33502,107,99,8,8
33503,150,144,6,6
33504,70,58,12,12
33505,80,85,-5,5
33506,48,74,-26,26
33507,100,114,-14,14
33508,52,58,-6,6
33509,97,92,5,5
33510,172,163,9,9
33511,28,51,-23,23
33512,42,52,-10,10
33513,120,115,5,5
33514,60,66,-6,6
33515,118,134,-16,16
33516,175,148,27,27
33517,69,68,1,1
33518,50,74,-24,24
33519,90,90,0,0
33520,109,109,0,0
33521,63,92,-29,29
33522,63,68,-5,5
33523,54,53,1,1
33524,115,117,-2,2
33525,61,69,-8,8
33526,91,95,-4,4
33527,76,96,-20,20
33528,72,70,2,2
33529,64,64,0,0
33530,47,47,0,0
33531,67,64,3,3
33532,111,105,6,6
33533,102,125,-23,23
33534,68,60,8,8
33535,101,79,22,22
33536,154,134,20,20
33537,71,82,-11,11
33538,77,86,-9,9
33539,74,69,5,5
33540,95,90,5,5
33541,98,102,-4,4
33542,87,83,4,4
33543,134,141,-7,7
33544,118,109,9,9
33545,146,150,-4,4
33546,82,98,-16,16
33547,85,66,19,19
33548,68,94,-26,26
33549,62,61,1,1
33550,79,64,15,15
33551,33,38,-5,5
33552,130,123,7,7
33553,88,73,15,15
33554,132,136,-4,4
33555,69,83,-14,14
33556,98,98,0,0
33557,113,104,9,9
33558,84,83,1,1
33559,78,71,7,7
33560,121,118,3,3
33561,69,71,-2,2
33562,70,81,-11,11
33563,89,93,-4,4
33564,97,99,-2,2
33565,89,94,-5,5
33566,128,121,7,7
33567,149,142,7,7
33568,115,123,-8,8
33569,68,66,2,2
33570,44,33,11,11
33571,36,39,-3,3
33572,64,91,-27,27
33573,75,70,5,5
33574,85,86,-1,1
33575,90,94,-4,4
33576,98,109,-11,11
33577,110,99,11,11
33578,91,104,-13,13
33579,179,144,35,35
33580,97,89,8,8
33581,65,71,-6,6
33582,111,119,-8,8
33583,191,177,14,14
33584,181,156,25,25
33585,58,64,-6,6
33586,90,69,21,21
33587,101,95,6,6
33588,164,130,34,34
33589,117,105,12,12
33590,84,95,-11,11
33591,112,98,14,14
33592,117,107,10,10
33593,80,86,-6,6
33594,150,142,8,8
33595,94,91,3,3
33596,115,120,-5,5
33597,157,163,-6,6
33598,69,76,-7,7
33599,61,56,5,5
33600,97,103,-6,6
33601,74,76,-2,2
33602,90,100,-10,10
33603,59,56,3,3
33604,121,108,13,13
33605,102,91,11,11
33606,107,113,-6,6
33607,102,103,-1,1
33608,256,239,17,17
33609,75,73,2,2
33610,80,75,5,5
33611,67,70,-3,3
33612,122,118,4,4
33613,65,68,-3,3
33614,74,85,-11,11
33615,86,98,-12,12
33616,206,202,4,4
33617,139,125,14,14
33618,76,82,-6,6
33619,186,175,11,11
33620,111,118,-7,7
33621,80,75,5,5
33622,148,131,17,17
33623,76,83,-7,7
33624,123,158,-35,35
33625,79,100,-21,21
33626,118,120,-2,2
33627,51,49,2,2
33628,88,98,-10,10
33629,157,156,1,1
33630,84,88,-4,4
33631,129,124,5,5
33632,131,119,12,12
33633,74,97,-23,23
33634,93,96,-3,3
33635,88,88,0,0
33636,74,74,0,0
33637,102,102,0,0
33638,143,137,6,6
33639,67,68,-1,1
33640,197,211,-14,14
33641,98,91,7,7
33642,117,110,7,7
33643,120,135,-15,15
33644,118,135,-17,17
33645,63,51,12,12
33646,139,151,-12,12
33647,144,146,-2,2
33648,96,93,3,3
33649,110,87,23,23
33650,121,119,2,2
33651,68,87,-19,19
33652,84,113,-29,29
33653,118,117,1,1
33654,96,99,-3,3
33655,78,87,-9,9
33656,27,18,9,9
33657,157,152,5,5
33658,137,130,7,7
33659,107,106,1,1
33660,95,90,5,5
33661,45,54,-9,9
33662,69,133,-64,64
33663,196,171,25,25
33664,108,89,19,19
33665,88,87,1,1
33666,199,166,33,33
33667,111,117,-6,6
33668,179,144,35,35
33669,157,148,9,9
33670,82,67,15,15
33671,77,69,8,8
33672,56,64,-8,8
33673,63,65,-2,2
33674,196,163,33,33
33675,89,88,1,1
33676,126,126,0,0
33677,39,46,-7,7
33678,80,94,-14,14
33679,97,91,6,6
33680,85,63,22,22
33681,58,49,9,9
33682,132,124,8,8
33683,54,63,-9,9
33684,99,91,8,8
33685,91,87,4,4
33686,75,65,10,10
33687,57,65,-8,8
33688,66,72,-6,6
33689,105,105,0,0
33690,51,49,2,2
33691,134,138,-4,4
33692,27,22,5,5
33693,71,63,8,8
33694,65,59,6,6
33695,112,91,21,21
33696,100,101,-1,1
33697,56,44,12,12
33698,74,84,-10,10
33699,137,131,6,6
33700,96,94,2,2
33701,113,124,-11,11
33702,56,67,-11,11
33703,91,91,0,0
33704,179,181,-2,2
33705,54,51,3,3
33706,90,90,0,0
33707,92,91,1,1
33708,87,85,2,2
33709,122,113,9,9
33710,150,125,25,25
33711,90,82,8,8
33712,98,91,7,7
33713,59,64,-5,5
33714,122,126,-4,4
33715,150,156,-6,6
33716,74,83,-9,9
33717,65,68,-3,3
33718,53,63,-10,10
33719,93,84,9,9
33720,108,99,9,9
33721,70,78,-8,8
33722,135,108,27,27
33723,87,92,-5,5
33724,65,78,-13,13
33725,55,49,6,6
33726,40,57,-17,17
33727,88,77,11,11
33728,168,156,12,12
33729,37,39,-2,2
33730,80,69,11,11
33731,92,86,6,6
33732,157,138,19,19
33733,121,122,-1,1
33734,119,115,4,4
33735,131,100,31,31
33736,112,92,20,20
33737,71,87,-16,16
33738,73,85,-12,12
33739,99,95,4,4
33740,81,67,14,14
33741,70,68,2,2
33742,91,87,4,4
33743,63,61,2,2
33744,65,64,1,1
33745,92,102,-10,10
33746,83,74,9,9
33747,62,61,1,1
33748,137,139,-2,2
33749,194,170,24,24
33750,104,103,1,1
33751,136,124,12,12
33752,149,137,12,12
33753,109,99,10,10
33754,70,67,3,3
33755,121,105,16,16
33756,73,74,-1,1
33757,97,94,3,3
33758,105,96,9,9
33759,131,133,-2,2
33760,118,113,5,5
33761,97,95,2,2
33762,49,56,-7,7
33763,110,119,-9,9
33764,87,93,-6,6
33765,107,99,8,8
33766,72,68,4,4
33767,173,162,11,11
33768,117,125,-8,8
33769,91,89,2,2
33770,93,75,18,18
33771,34,39,-5,5
33772,75,78,-3,3
33773,110,107,3,3
33774,76,88,-12,12
33775,122,165,-43,43
33776,94,98,-4,4
33777,60,73,-13,13
33778,96,110,-14,14
33779,92,94,-2,2
33780,155,140,15,15
33781,116,105,11,11
33782,113,112,1,1
33783,70,61,9,9
33784,127,141,-14,14
33785,104,125,-21,21
33786,103,115,-12,12
33787,66,56,10,10
33788,58,63,-5,5
33789,47,49,-2,2
33790,124,116,8,8
33791,47,54,-7,7
33792,134,121,13,13
33793,126,118,8,8
33794,133,133,0,0
33795,101,110,-9,9
33796,48,48,0,0
33797,69,85,-16,16
33798,62,54,8,8
33799,112,97,15,15
33800,124,117,7,7
33801,68,82,-14,14
33802,70,67,3,3
33803,98,96,2,2
33804,61,83,-22,22
33805,98,105,-7,7
33806,128,113,15,15
33807,112,113,-1,1
33808,62,72,-10,10
33809,106,100,6,6
33810,90,75,15,15
33811,57,64,-7,7
33812,127,121,6,6
33813,83,74,9,9
33814,123,120,3,3
33815,99,97,2,2
33816,114,108,6,6
33817,124,120,4,4
33818,63,61,2,2
33819,169,155,14,14
33820,86,86,0,0
33821,97,96,1,1
33822,95,90,5,5
33823,97,98,-1,1
33824,120,110,10,10
33825,100,97,3,3
33826,127,135,-8,8
33827,65,73,-8,8
33828,74,79,-5,5
33829,146,137,9,9
33830,93,97,-4,4
33831,76,77,-1,1
33832,127,119,8,8
33833,61,70,-9,9
33834,81,82,-1,1
33835,132,118,14,14
33836,69,67,2,2
33837,56,65,-9,9
33838,103,95,8,8
33839,110,112,-2,2
33840,102,98,4,4
33841,74,70,4,4
33842,111,110,1,1
33843,74,79,-5,5
33844,58,59,-1,1
33845,96,109,-13,13
33846,67,64,3,3
33847,57,58,-1,1
33848,104,93,11,11
33849,60,67,-7,7
33850,50,50,0,0
33851,120,114,6,6
33852,73,70,3,3
33853,45,52,-7,7
33854,95,96,-1,1
33855,125,138,-13,13
33856,106,111,-5,5
33857,80,68,12,12
33858,138,132,6,6
33859,105,106,-1,1
33860,100,129,-29,29
33861,89,92,-3,3
33862,161,118,43,43
33863,115,127,-12,12
33864,109,100,9,9
33865,120,110,10,10
33866,64,72,-8,8
33867,85,90,-5,5
33868,139,135,4,4
33869,56,59,-3,3
33870,100,98,2,2
33871,61,62,-1,1
33872,87,89,-2,2
33873,78,71,7,7
33874,135,131,4,4
33875,149,149,0,0
33876,123,124,-1,1
33877,114,104,10,10
33878,106,111,-5,5
33879,121,100,21,21
33880,103,113,-10,10
33881,133,137,-4,4
33882,83,82,1,1
33883,90,91,-1,1
33884,43,43,0,0
33885,195,174,21,21
33886,82,87,-5,5
33887,121,109,12,12
33888,77,72,5,5
33889,80,80,0,0
33890,56,58,-2,2
33891,70,69,1,1
33892,57,54,3,3
33893,98,101,-3,3
33894,85,85,0,0
33895,102,91,11,11
33896,114,96,18,18
33897,153,139,14,14
33898,61,56,5,5
33899,99,96,3,3
33900,77,74,3,3
33901,89,69,20,20
33902,79,90,-11,11
33903,108,122,-14,14
33904,102,80,22,22
33905,54,54,0,0
33906,101,94,7,7
33907,131,124,7,7
33908,56,65,-9,9
33909,110,103,7,7
33910,78,74,4,4
33911,153,143,10,10
33912,73,92,-19,19
33913,105,91,14,14
33914,57,54,3,3
33915,95,110,-15,15
33916,56,64,-8,8
33917,107,115,-8,8
33918,62,85,-23,23
33919,157,148,9,9
33920,94,95,-1,1
33921,84,67,17,17
33922,131,132,-1,1
33923,75,78,-3,3
33924,122,102,20,20
33925,114,113,1,1
33926,61,56,5,5
33927,137,166,-29,29
33928,72,73,-1,1
33929,115,105,10,10
33930,49,86,-37,37
33931,98,95,3,3
33932,114,124,-10,10
33933,79,80,-1,1
33934,75,66,9,9
33935,111,95,16,16
33936,84,96,-12,12
33937,61,57,4,4
33938,70,77,-7,7
33939,103,107,-4,4
33940,119,101,18,18
33941,62,60,2,2
33942,94,88,6,6
33943,161,153,8,8
33944,253,214,39,39
33945,112,104,8,8
33946,63,78,-15,15
33947,90,85,5,5
33948,124,113,11,11
33949,85,66,19,19
33950,167,161,6,6
33951,115,95,20,20
33952,113,101,12,12
33953,95,90,5,5
33954,93,87,6,6
33955,138,117,21,21
33956,74,71,3,3
33957,52,35,17,17
33958,104,96,8,8
33959,143,152,-9,9
33960,74,85,-11,11
33961,69,64,5,5
33962,133,145,-12,12
33963,82,92,-10,10
33964,98,84,14,14
33965,77,77,0,0
33966,142,149,-7,7
33967,84,95,-11,11
33968,95,100,-5,5
33969,83,85,-2,2
33970,114,93,21,21
33971,53,78,-25,25
33972,91,89,2,2
33973,122,124,-2,2
33974,89,106,-17,17
33975,81,82,-1,1
33976,110,133,-23,23
33977,96,95,1,1
33978,119,104,15,15
33979,80,78,2,2
33980,108,99,9,9
33981,71,74,-3,3
33982,80,79,1,1
33983,157,162,-5,5
33984,85,70,15,15
33985,47,51,-4,4
33986,68,60,8,8
33987,86,72,14,14
33988,71,68,3,3
33989,64,66,-2,2
33990,65,74,-9,9
33991,155,163,-8,8
33992,108,113,-5,5
33993,188,162,26,26
33994,109,136,-27,27
33995,64,74,-10,10
33996,120,121,-1,1
33997,72,80,-8,8
33998,55,43,12,12
33999,69,65,4,4
34000,186,180,6,6
34001,96,106,-10,10
34002,77,87,-10,10
34003,83,92,-9,9
34004,79,74,5,5
34005,55,71,-16,16
34006,155,136,19,19
34007,91,98,-7,7
34008,48,53,-5,5
34009,122,120,2,2
34010,75,97,-22,22
34011,109,116,-7,7
34012,110,112,-2,2
34013,79,85,-6,6
34014,69,66,3,3
34015,78,75,3,3
34016,129,132,-3,3
34017,131,128,3,3
34018,45,55,-10,10
34019,96,94,2,2
34020,105,120,-15,15
34021,128,123,5,5
34022,139,130,9,9
34023,116,100,16,16
34024,81,76,5,5
34025,77,92,-15,15
34026,100,96,4,4
34027,68,65,3,3
34028,70,74,-4,4
34029,222,224,-2,2
34030,22,61,-39,39
34031,121,116,5,5
34032,67,65,2,2
34033,87,88,-1,1
34034,58,75,-17,17
34035,69,76,-7,7
34036,71,77,-6,6
34037,54,67,-13,13
34038,60,48,12,12
34039,87,87,0,0
34040,101,99,2,2
34041,61,62,-1,1
34042,141,133,8,8
34043,121,139,-18,18
34044,102,96,6,6
34045,78,87,-9,9
34046,96,123,-27,27
34047,56,53,3,3
34048,101,96,5,5
34049,64,68,-4,4
34050,55,52,3,3
34051,89,75,14,14
34052,84,66,18,18
34053,90,80,10,10
34054,166,144,22,22
34055,85,115,-30,30
34056,94,98,-4,4
34057,130,150,-20,20
34058,146,142,4,4
34059,77,94,-17,17
34060,97,98,-1,1
34061,102,101,1,1
34062,150,158,-8,8
34063,104,91,13,13
34064,90,84,6,6
34065,70,64,6,6
34066,45,42,3,3
34067,76,80,-4,4
34068,90,101,-11,11
34069,63,80,-17,17
34070,123,129,-6,6
34071,91,71,20,20
34072,102,79,23,23
34073,120,116,4,4
34074,48,68,-20,20
34075,42,53,-11,11
34076,85,89,-4,4
34077,67,62,5,5
34078,73,61,12,12
34079,67,66,1,1
34080,87,82,5,5
34081,172,178,-6,6
34082,128,145,-17,17
34083,116,120,-4,4
34084,102,96,6,6
34085,134,138,-4,4
34086,94,110,-16,16
34087,55,49,6,6
34088,175,167,8,8
34089,71,74,-3,3
34090,53,54,-1,1
34091,92,99,-7,7
34092,111,105,6,6
34093,120,121,-1,1
34094,107,130,-23,23
34095,48,40,8,8
34096,85,86,-1,1
34097,122,147,-25,25
34098,90,92,-2,2
34099,70,70,0,0
34100,63,70,-7,7
34101,110,94,16,16
34102,56,63,-7,7
34103,96,102,-6,6
34104,79,76,3,3
34105,56,56,0,0
34106,115,100,15,15
34107,60,65,-5,5
34108,59,52,7,7
34109,74,80,-6,6
34110,110,120,-10,10
34111,99,124,-25,25
34112,106,110,-4,4
34113,62,58,4,4
34114,93,90,3,3
34115,59,57,2,2
34116,88,78,10,10
34117,75,89,-14,14
34118,78,67,11,11
34119,67,75,-8,8
34120,118,96,22,22
34121,66,68,-2,2
34122,69,64,5,5
34123,110,101,9,9
34124,102,99,3,3
34125,127,126,1,1
34126,99,98,1,1
34127,127,138,-11,11
34128,97,86,11,11
34129,52,73,-21,21
34130,56,55,1,1
34131,64,56,8,8
34132,111,108,3,3
34133,114,110,4,4
34134,162,146,16,16
34135,56,54,2,2
34136,35,39,-4,4
34137,83,93,-10,10
34138,151,151,0,0
34139,77,94,-17,17
34140,65,77,-12,12
34141,67,77,-10,10
34142,81,79,2,2
34143,56,59,-3,3
34144,67,60,7,7
34145,59,54,5,5
34146,142,131,11,11
34147,79,84,-5,5
34148,104,97,7,7
34149,68,72,-4,4
34150,67,67,0,0
34151,56,56,0,0
34152,66,69,-3,3
34153,31,22,9,9
34154,121,116,5,5
34155,115,121,-6,6
34156,68,64,4,4
34157,103,109,-6,6
34158,71,60,11,11
34159,115,116,-1,1
34160,122,105,17,17
34161,99,97,2,2
34162,112,107,5,5
34163,215,207,8,8
34164,68,73,-5,5
34165,84,90,-6,6
34166,82,105,-23,23
34167,82,81,1,1
34168,95,93,2,2
34169,80,77,3,3
34170,121,108,13,13
34171,103,98,5,5
34172,74,86,-12,12
34173,59,55,4,4
34174,106,102,4,4
34175,62,53,9,9
34176,49,52,-3,3
34177,62,65,-3,3
34178,151,153,-2,2
34179,178,152,26,26
34180,96,102,-6,6
34181,91,102,-11,11
34182,74,74,0,0
34183,78,90,-12,12
34184,95,110,-15,15
34185,109,110,-1,1
34186,59,59,0,0
34187,64,59,5,5
34188,122,115,7,7
34189,106,101,5,5
34190,137,133,4,4
34191,79,77,2,2
34192,45,63,-18,18
34193,96,86,10,10
34194,53,54,-1,1
34195,121,108,13,13
34196,138,143,-5,5
34197,107,91,16,16
34198,90,82,8,8
34199,83,82,1,1
34200,65,67,-2,2
34201,68,70,-2,2
34202,50,67,-17,17
34203,44,74,-30,30
34204,78,82,-4,4
34205,74,80,-6,6
34206,67,62,5,5
34207,116,103,13,13
34208,50,47,3,3
34209,100,85,15,15
34210,52,58,-6,6
34211,70,69,1,1
34212,92,85,7,7
34213,130,119,11,11
34214,139,138,1,1
34215,96,90,6,6
34216,98,91,7,7
34217,49,54,-5,5
34218,90,78,12,12
34219,103,101,2,2
34220,39,46,-7,7
34221,172,149,23,23
34222,104,109,-5,5
34223,63,60,3,3
34224,78,73,5,5
34225,65,65,0,0
34226,58,53,5,5
34227,140,139,1,1
34228,95,100,-5,5
34229,77,77,0,0
34230,122,112,10,10
34231,63,63,0,0
34232,26,34,-8,8
34233,78,77,1,1
34234,60,61,-1,1
34235,80,83,-3,3
34236,96,91,5,5
34237,62,66,-4,4
34238,77,90,-13,13
34239,101,87,14,14
34240,103,103,0,0
34241,87,93,-6,6
34242,132,113,19,19
34243,223,189,34,34
34244,117,108,9,9
34245,151,126,25,25
34246,87,101,-14,14
34247,103,98,5,5
34248,59,70,-11,11
34249,150,147,3,3
34250,100,95,5,5
34251,92,94,-2,2
34252,65,73,-8,8
34253,72,81,-9,9
34254,48,45,3,3
34255,114,107,7,7
34256,63,54,9,9
34257,139,135,4,4
34258,86,88,-2,2
34259,96,78,18,18
34260,80,73,7,7
34261,126,108,18,18
34262,112,114,-2,2
34263,99,112,-13,13
34264,83,74,9,9
34265,62,56,6,6
34266,53,68,-15,15
34267,40,41,-1,1
34268,103,109,-6,6
34269,87,111,-24,24
34270,66,69,-3,3
34271,116,110,6,6
34272,107,93,14,14
34273,121,125,-4,4
34274,114,103,11,11
34275,111,113,-2,2
34276,105,113,-8,8
34277,103,110,-7,7
34278,106,103,3,3
34279,126,119,7,7
34280,104,110,-6,6
34281,77,70,7,7
34282,114,106,8,8
34283,77,75,2,2
34284,83,78,5,5
34285,78,89,-11,11
34286,81,82,-1,1
34287,64,54,10,10
34288,134,138,-4,4
34289,78,76,2,2
34290,137,137,0,0
34291,80,73,7,7
34292,145,124,21,21
34293,103,113,-10,10
34294,101,101,0,0
34295,87,88,-1,1
34296,83,81,2,2
34297,98,93,5,5
34298,133,132,1,1
34299,114,126,-12,12
34300,119,107,12,12
34301,94,96,-2,2
34302,85,82,3,3
34303,162,160,2,2
34304,85,58,27,27
34305,62,72,-10,10
34306,83,85,-2,2
34307,99,96,3,3
34308,79,92,-13,13
34309,95,91,4,4
34310,140,144,-4,4
34311,165,151,14,14
34312,104,99,5,5
34313,110,121,-11,11
34314,138,164,-26,26
34315,117,127,-10,10
34316,120,126,-6,6
34317,67,80,-13,13
34318,82,78,4,4
34319,110,95,15,15
34320,110,100,10,10
34321,63,80,-17,17
34322,54,62,-8,8
34323,128,131,-3,3
34324,90,76,14,14
34325,99,100,-1,1
34326,121,139,-18,18
34327,47,56,-9,9
34328,88,88,0,0
34329,96,90,6,6
34330,83,106,-23,23
34331,91,73,18,18
34332,100,93,7,7
34333,68,88,-20,20
34334,44,59,-15,15
34335,94,97,-3,3
34336,48,58,-10,10
34337,63,66,-3,3
34338,114,113,1,1
34339,88,83,5,5
34340,105,97,8,8
34341,67,69,-2,2
34342,61,50,11,11
34343,120,129,-9,9
34344,111,106,5,5
34345,102,101,1,1
34346,111,111,0,0
34347,48,44,4,4
34348,102,94,8,8
34349,101,97,4,4
34350,88,97,-9,9
34351,58,64,-6,6
34352,64,71,-7,7
34353,65,64,1,1
34354,156,138,18,18
34355,84,75,9,9
34356,169,144,25,25
34357,130,108,22,22
34358,51,73,-22,22
34359,60,63,-3,3
34360,109,116,-7,7
34361,107,112,-5,5
34362,133,149,-16,16
34363,73,67,6,6
34364,117,121,-4,4
34365,105,96,9,9
34366,118,143,-25,25
34367,107,103,4,4
34368,89,104,-15,15
34369,130,131,-1,1
34370,107,110,-3,3
34371,86,87,-1,1
34372,87,91,-4,4
34373,166,154,12,12
34374,91,99,-8,8
34375,83,71,12,12
34376,90,108,-18,18
34377,60,75,-15,15
34378,73,78,-5,5
34379,133,131,2,2
34380,131,133,-2,2
34381,128,134,-6,6
34382,93,94,-1,1
34383,48,48,0,0
34384,126,108,18,18
34385,62,83,-21,21
34386,50,55,-5,5
34387,70,72,-2,2
34388,111,113,-2,2
34389,89,80,9,9
34390,94,102,-8,8
34391,38,61,-23,23
34392,76,88,-12,12
34393,92,92,0,0
34394,66,71,-5,5
34395,84,78,6,6
34396,72,71,1,1
34397,79,73,6,6
34398,78,86,-8,8
34399,61,71,-10,10
34400,68,71,-3,3
34401,114,107,7,7
34402,84,92,-8,8
34403,51,61,-10,10
34404,96,82,14,14
34405,74,64,10,10
34406,64,66,-2,2
34407,79,67,12,12
34408,89,76,13,13
34409,150,153,-3,3
34410,137,111,26,26
34411,62,64,-2,2
34412,120,123,-3,3
34413,75,56,19,19
34414,63,72,-9,9
34415,144,147,-3,3
34416,83,78,5,5
34417,71,94,-23,23
34418,125,127,-2,2
34419,71,67,4,4
34420,90,87,3,3
34421,57,60,-3,3
34422,68,75,-7,7
34423,117,106,11,11
34424,142,133,9,9
34425,95,83,12,12
34426,91,101,-10,10
34427,86,94,-8,8
34428,119,126,-7,7
34429,71,83,-12,12
34430,97,90,7,7
34431,92,93,-1,1
34432,86,98,-12,12
34433,48,54,-6,6
34434,50,35,15,15
34435,105,153,-48,48
34436,105,101,4,4
34437,127,105,22,22
34438,108,112,-4,4
34439,71,69,2,2
34440,73,72,1,1
34441,68,85,-17,17
34442,147,127,20,20
34443,142,137,5,5
34444,39,60,-21,21
34445,91,86,5,5
34446,79,89,-10,10
34447,84,79,5,5
34448,123,118,5,5
34449,63,74,-11,11
34450,196,187,9,9
34451,161,160,1,1
34452,152,139,13,13
34453,144,137,7,7
34454,96,91,5,5
34455,125,130,-5,5
34456,82,76,6,6
34457,128,117,11,11
34458,160,160,0,0
34459,43,55,-12,12
34460,68,74,-6,6
34461,108,82,26,26
34462,74,69,5,5
34463,52,40,12,12
34464,107,115,-8,8
34465,64,67,-3,3
34466,89,80,9,9
34467,85,92,-7,7
34468,73,73,0,0
34469,177,175,2,2
34470,111,107,4,4
34471,67,76,-9,9
34472,76,77,-1,1
34473,152,138,14,14
34474,90,80,10,10
34475,79,83,-4,4
34476,99,108,-9,9
34477,78,72,6,6
34478,131,124,7,7
34479,100,83,17,17
34480,74,78,-4,4
34481,99,102,-3,3
34482,135,139,-4,4
34483,104,101,3,3
34484,67,58,9,9
34485,102,92,10,10
34486,48,59,-11,11
34487,243,223,20,20
34488,97,88,9,9
34489,112,107,5,5
34490,118,123,-5,5
34491,77,87,-10,10
34492,73,56,17,17
34493,99,96,3,3
34494,60,75,-15,15
34495,155,155,0,0
34496,125,123,2,2
34497,202,155,47,47
34498,82,87,-5,5
34499,100,97,3,3
34500,78,73,5,5
34501,59,80,-21,21
34502,48,55,-7,7
34503,121,120,1,1
34504,128,125,3,3
34505,96,100,-4,4
34506,133,123,10,10
34507,107,107,0,0
34508,106,98,8,8
34509,111,122,-11,11
34510,48,58,-10,10
34511,79,80,-1,1
34512,121,110,11,11
34513,147,138,9,9
34514,113,129,-16,16
34515,58,55,3,3
34516,93,80,13,13
34517,109,111,-2,2
34518,85,93,-8,8
34519,69,71,-2,2
34520,70,67,3,3
34521,81,85,-4,4
34522,47,48,-1,1
34523,121,110,11,11
34524,151,128,23,23
34525,80,77,3,3
34526,60,59,1,1
34527,133,129,4,4
34528,65,74,-9,9
34529,162,156,6,6
34530,73,63,10,10
34531,108,99,9,9
34532,87,93,-6,6
34533,101,103,-2,2
34534,90,84,6,6
34535,130,136,-6,6
34536,133,129,4,4
34537,139,153,-14,14
34538,95,96,-1,1
34539,96,97,-1,1
34540,66,71,-5,5
34541,69,69,0,0
34542,69,66,3,3
34543,86,82,4,4
34544,95,100,-5,5
34545,91,94,-3,3
34546,189,155,34,34
34547,109,117,-8,8
34548,63,71,-8,8
34549,156,147,9,9
34550,64,70,-6,6
34551,117,123,-6,6
34552,55,49,6,6
34553,115,123,-8,8
34554,103,93,10,10
34555,155,158,-3,3
34556,78,80,-2,2
34557,159,150,9,9
34558,73,85,-12,12
34559,188,171,17,17
34560,150,128,22,22
34561,103,106,-3,3
34562,80,80,0,0
34563,92,98,-6,6
34564,121,130,-9,9
34565,113,114,-1,1
34566,106,93,13,13
34567,72,64,8,8
34568,120,133,-13,13
34569,49,52,-3,3
34570,124,125,-1,1
34571,82,88,-6,6
34572,145,143,2,2
34573,61,54,7,7
34574,108,97,11,11
34575,53,63,-10,10
34576,117,114,3,3
34577,88,94,-6,6
34578,122,97,25,25
34579,56,63,-7,7
34580,161,148,13,13
34581,115,115,0,0
34582,100,93,7,7
34583,149,143,6,6
34584,126,118,8,8
34585,74,65,9,9
34586,124,120,4,4
34587,101,101,0,0
34588,83,110,-27,27
34589,105,101,4,4
34590,143,133,10,10
34591,153,153,0,0
34592,54,56,-2,2
34593,52,53,-1,1
34594,87,88,-1,1
34595,63,71,-8,8
34596,84,91,-7,7
34597,96,96,0,0
34598,59,51,8,8
34599,141,139,2,2
34600,121,110,11,11
34601,21,59,-38,38
34602,93,91,2,2
34603,126,128,-2,2
34604,91,88,3,3
34605,126,121,5,5
34606,79,73,6,6
34607,133,141,-8,8
34608,72,72,0,0
34609,117,99,18,18
34610,51,59,-8,8
34611,92,86,6,6
34612,78,83,-5,5
34613,70,77,-7,7
34614,77,77,0,0
34615,94,91,3,3
34616,75,72,3,3
34617,93,91,2,2
34618,75,70,5,5
34619,149,143,6,6
34620,99,104,-5,5
34621,94,100,-6,6
34622,98,98,0,0
34623,68,71,-3,3
34624,101,146,-45,45
34625,115,100,15,15
34626,87,90,-3,3
34627,100,115,-15,15
34628,80,91,-11,11
34629,133,119,14,14
34630,54,61,-7,7
34631,164,157,7,7
34632,98,99,-1,1
34633,75,83,-8,8
34634,77,72,5,5
34635,126,117,9,9
34636,124,120,4,4
34637,89,95,-6,6
34638,77,80,-3,3
34639,162,140,22,22
34640,129,111,18,18
34641,126,128,-2,2
34642,90,77,13,13
34643,145,137,8,8
34644,59,67,-8,8
34645,79,77,2,2
34646,100,96,4,4
34647,136,144,-8,8
34648,53,61,-8,8
34649,109,98,11,11
34650,79,76,3,3
34651,111,107,4,4
34652,172,145,27,27
34653,142,148,-6,6
34654,81,85,-4,4
34655,100,102,-2,2
34656,71,67,4,4
34657,37,64,-27,27
34658,91,88,3,3
34659,85,80,5,5
34660,96,99,-3,3
34661,96,87,9,9
34662,72,66,6,6
34663,58,63,-5,5
34664,128,135,-7,7
34665,90,82,8,8
34666,79,83,-4,4
34667,57,43,14,14
34668,164,136,28,28
34669,147,127,20,20
34670,42,52,-10,10
34671,92,104,-12,12
34672,73,73,0,0
34673,80,77,3,3
34674,82,82,0,0
34675,82,89,-7,7
34676,124,116,8,8
34677,87,92,-5,5
34678,93,100,-7,7
34679,151,128,23,23
34680,88,86,2,2
34681,99,92,7,7
34682,104,101,3,3
34683,80,76,4,4
34684,91,75,16,16
34685,116,123,-7,7
34686,136,118,18,18
34687,76,107,-31,31
34688,125,127,-2,2
34689,99,85,14,14
34690,112,132,-20,20
34691,103,107,-4,4
34692,152,139,13,13
34693,122,111,11,11
34694,74,73,1,1
34695,106,107,-1,1
34696,76,77,-1,1
34697,59,62,-3,3
34698,100,116,-16,16
34699,58,65,-7,7
34700,69,68,1,1
34701,120,135,-15,15
34702,74,68,6,6
34703,55,62,-7,7
34704,89,94,-5,5
34705,79,87,-8,8
34706,137,141,-4,4
34707,81,85,-4,4
34708,64,66,-2,2
34709,170,165,5,5
34710,69,69,0,0
34711,72,75,-3,3
34712,73,98,-25,25
34713,66,74,-8,8
34714,114,110,4,4
34715,96,106,-10,10
34716,67,79,-12,12
34717,83,94,-11,11
34718,72,74,-2,2
34719,150,167,-17,17
34720,56,59,-3,3
34721,66,80,-14,14
34722,53,40,13,13
34723,169,139,30,30
34724,66,67,-1,1
34725,105,111,-6,6
34726,101,99,2,2
34727,78,86,-8,8
34728,130,122,8,8
34729,140,125,15,15
34730,91,98,-7,7
34731,89,81,8,8
34732,73,77,-4,4
34733,111,98,13,13
34734,111,111,0,0
34735,154,145,9,9
34736,56,58,-2,2
34737,136,116,20,20
34738,101,82,19,19
34739,120,115,5,5
34740,62,54,8,8
34741,105,103,2,2
34742,76,77,-1,1
34743,161,147,14,14
34744,88,89,-1,1
34745,51,59,-8,8
34746,108,113,-5,5
34747,101,99,2,2
34748,74,72,2,2
34749,189,170,19,19
34750,46,36,10,10
34751,58,59,-1,1
34752,100,83,17,17
34753,171,152,19,19
34754,45,43,2,2
34755,87,56,31,31
34756,57,63,-6,6
34757,137,130,7,7
34758,72,66,6,6
34759,115,115,0,0
34760,98,101,-3,3
34761,58,64,-6,6
34762,87,126,-39,39
34763,79,83,-4,4
34764,79,81,-2,2
34765,67,59,8,8
34766,32,42,-10,10
34767,76,83,-7,7
34768,80,67,13,13
34769,106,84,22,22
34770,54,65,-11,11
34771,75,78,-3,3
34772,149,143,6,6
34773,110,93,17,17
34774,106,99,7,7
34775,130,137,-7,7
34776,49,49,0,0
34777,119,140,-21,21
34778,75,76,-1,1
34779,89,89,0,0
34780,63,68,-5,5
34781,64,42,22,22
34782,116,118,-2,2
34783,79,60,19,19
34784,92,101,-9,9
34785,70,80,-10,10
34786,120,116,4,4
34787,165,158,7,7
34788,187,182,5,5
34789,82,88,-6,6
34790,53,67,-14,14
34791,88,84,4,4
34792,75,67,8,8
34793,66,56,10,10
34794,80,86,-6,6
34795,113,103,10,10
34796,48,41,7,7
34797,52,48,4,4
34798,169,165,4,4
34799,100,105,-5,5
34800,71,80,-9,9
34801,103,112,-9,9
34802,127,118,9,9
34803,132,130,2,2
34804,136,122,14,14
34805,67,50,17,17
34806,127,124,3,3
34807,142,144,-2,2
34808,114,118,-4,4
34809,71,88,-17,17
34810,77,79,-2,2
34811,86,104,-18,18
34812,166,152,14,14
34813,116,114,2,2
34814,42,62,-20,20
34815,91,89,2,2
34816,81,72,9,9
34817,109,105,4,4
34818,164,159,5,5
34819,119,117,2,2
34820,79,78,1,1
34821,122,121,1,1
34822,67,71,-4,4
34823,96,88,8,8
34824,81,75,6,6
34825,110,84,26,26
34826,142,122,20,20
34827,30,33,-3,3
34828,102,136,-34,34
34829,128,113,15,15
34830,127,140,-13,13
34831,55,89,-34,34
34832,125,144,-19,19
34833,85,84,1,1
34834,82,76,6,6
34835,99,110,-11,11
34836,142,142,0,0
34837,99,104,-5,5
34838,96,101,-5,5
34839,87,109,-22,22
34840,76,60,16,16
34841,95,106,-11,11
34842,61,60,1,1
34843,58,69,-11,11
34844,88,85,3,3
34845,87,99,-12,12
34846,89,88,1,1
34847,100,95,5,5
34848,87,100,-13,13
34849,86,92,-6,6
34850,43,58,-15,15
34851,33,45,-12,12
34852,97,98,-1,1
34853,130,116,14,14
34854,149,123,26,26
34855,139,137,2,2
34856,71,83,-12,12
34857,53,76,-23,23
34858,69,67,2,2
34859,114,105,9,9
34860,60,77,-17,17
34861,53,55,-2,2
34862,80,70,10,10
34863,75,68,7,7
34864,101,131,-30,30
34865,147,143,4,4
34866,100,84,16,16
34867,112,119,-7,7
34868,61,61,0,0
34869,68,64,4,4
34870,41,51,-10,10
34871,72,77,-5,5
34872,69,71,-2,2
34873,135,129,6,6
34874,112,108,4,4
34875,63,55,8,8
34876,83,73,10,10
34877,74,81,-7,7
34878,85,96,-11,11
34879,91,89,2,2
34880,150,129,21,21
34881,96,90,6,6
34882,61,75,-14,14
34883,51,51,0,0
34884,61,65,-4,4
34885,143,140,3,3
34886,64,73,-9,9
34887,59,71,-12,12
34888,67,76,-9,9
34889,65,87,-22,22
34890,142,138,4,4
34891,66,70,-4,4
34892,73,73,0,0
34893,107,96,11,11
34894,112,97,15,15
34895,104,110,-6,6
34896,46,40,6,6
34897,83,47,36,36
34898,89,79,10,10
34899,73,56,17,17
34900,59,55,4,4
34901,59,54,5,5
34902,112,104,8,8
34903,75,78,-3,3
34904,68,68,0,0
34905,80,93,-13,13
34906,70,87,-17,17
34907,77,87,-10,10
34908,49,41,8,8
34909,91,94,-3,3
34910,65,65,0,0
34911,77,72,5,5
34912,130,123,7,7
34913,77,78,-1,1
34914,175,172,3,3
34915,103,96,7,7
34916,79,75,4,4
34917,74,67,7,7
34918,98,107,-9,9
34919,111,109,2,2
34920,105,130,-25,25
34921,106,111,-5,5
34922,43,45,-2,2
34923,91,90,1,1
34924,88,84,4,4
34925,121,111,10,10
34926,111,97,14,14
34927,65,75,-10,10
34928,63,67,-4,4
34929,91,102,-11,11
34930,70,78,-8,8
34931,117,115,2,2
34932,56,62,-6,6
34933,153,130,23,23
34934,135,128,7,7
34935,66,62,4,4
34936,97,97,0,0
34937,94,94,0,0
34938,79,93,-14,14
34939,89,87,2,2
34940,117,104,13,13
34941,50,45,5,5
34942,172,159,13,13
34943,71,82,-11,11
34944,94,99,-5,5
34945,146,144,2,2
34946,57,56,1,1
34947,91,95,-4,4
34948,44,50,-6,6
34949,124,128,-4,4
34950,117,102,15,15
34951,93,80,13,13
34952,100,99,1,1
34953,167,162,5,5
34954,97,97,0,0
34955,117,115,2,2
34956,142,122,20,20
34957,62,60,2,2
34958,99,99,0,0
34959,83,77,6,6
34960,61,80,-19,19
34961,80,87,-7,7
34962,85,76,9,9
34963,102,96,6,6
34964,127,129,-2,2
34965,123,123,0,0
34966,117,116,1,1
34967,102,110,-8,8
34968,100,91,9,9
34969,105,101,4,4
34970,116,98,18,18
34971,104,116,-12,12
34972,70,66,4,4
34973,71,74,-3,3
34974,59,65,-6,6
34975,86,78,8,8
34976,121,95,26,26
34977,104,103,1,1
34978,93,82,11,11
34979,78,75,3,3
34980,124,125,-1,1
34981,83,94,-11,11
34982,126,120,6,6
34983,91,86,5,5
34984,89,93,-4,4
34985,79,68,11,11
34986,110,102,8,8
34987,80,84,-4,4
34988,116,108,8,8
34989,133,110,23,23
34990,91,116,-25,25
34991,94,86,8,8
34992,160,141,19,19
34993,107,115,-8,8
34994,61,67,-6,6
34995,74,64,10,10
34996,80,74,6,6
34997,50,54,-4,4
34998,98,97,1,1
34999,47,47,0,0
35000,63,79,-16,16
35001,92,109,-17,17
35002,97,95,2,2
35003,101,112,-11,11
35004,48,49,-1,1
35005,114,111,3,3
35006,106,98,8,8
35007,98,97,1,1
35008,133,132,1,1
35009,98,86,12,12
35010,41,41,0,0
35011,85,87,-2,2
35012,102,106,-4,4
35013,97,94,3,3
35014,49,46,3,3
35015,50,57,-7,7
35016,86,94,-8,8
35017,96,112,-16,16
35018,110,105,5,5
35019,95,110,-15,15
35020,89,81,8,8
35021,92,82,10,10
35022,109,100,9,9
35023,75,76,-1,1
35024,61,57,4,4
35025,82,90,-8,8
35026,88,83,5,5
35027,139,134,5,5
35028,67,84,-17,17
35029,106,112,-6,6
35030,108,107,1,1
35031,80,90,-10,10
35032,78,93,-15,15
35033,87,93,-6,6
35034,57,58,-1,1
35035,63,63,0,0
35036,105,97,8,8
35037,129,109,20,20
35038,65,61,4,4
35039,93,97,-4,4
35040,50,47,3,3
35041,30,53,-23,23
35042,81,72,9,9
35043,55,64,-9,9
35044,76,76,0,0
35045,135,128,7,7
35046,55,56,-1,1
35047,140,138,2,2
35048,92,78,14,14
35049,124,127,-3,3
35050,100,100,0,0
35051,40,34,6,6
35052,50,42,8,8
35053,85,82,3,3
35054,87,97,-10,10
35055,136,119,17,17
35056,65,76,-11,11
35057,97,93,4,4
35058,80,76,4,4
35059,99,101,-2,2
35060,69,75,-6,6
35061,97,102,-5,5
35062,65,60,5,5
35063,67,74,-7,7
35064,108,117,-9,9
35065,105,114,-9,9
35066,98,85,13,13
35067,73,79,-6,6
35068,87,78,9,9
35069,80,65,15,15
35070,115,131,-16,16
35071,129,118,11,11
35072,62,67,-5,5
35073,141,126,15,15
35074,165,156,9,9
35075,167,154,13,13
35076,128,106,22,22
35077,163,145,18,18
35078,49,57,-8,8
35079,73,81,-8,8
35080,117,207,-90,90
35081,182,146,36,36
35082,91,88,3,3
35083,73,73,0,0
35084,130,141,-11,11
35085,92,95,-3,3
35086,164,143,21,21
35087,100,121,-21,21
35088,106,113,-7,7
35089,155,151,4,4
35090,84,83,1,1
35091,115,113,2,2
35092,74,71,3,3
35093,62,59,3,3
35094,76,78,-2,2
35095,82,86,-4,4
35096,116,100,16,16
35097,84,78,6,6
35098,61,73,-12,12
35099,155,139,16,16
35100,87,149,-62,62
35101,118,117,1,1
35102,126,139,-13,13
35103,123,129,-6,6
35104,72,85,-13,13
35105,106,101,5,5
35106,119,107,12,12
35107,79,84,-5,5
35108,70,80,-10,10
35109,129,109,20,20
35110,93,80,13,13
35111,98,92,6,6
35112,164,165,-1,1
35113,110,108,2,2
35114,108,105,3,3
35115,79,90,-11,11
35116,140,142,-2,2
35117,81,87,-6,6
35118,84,108,-24,24
35119,64,56,8,8
35120,101,106,-5,5
35121,65,63,2,2
35122,71,74,-3,3
35123,66,67,-1,1
35124,81,91,-10,10
35125,82,88,-6,6
35126,101,102,-1,1
35127,95,97,-2,2
35128,95,101,-6,6
35129,177,163,14,14
35130,148,147,1,1
35131,83,101,-18,18
35132,79,85,-6,6
35133,87,82,5,5
35134,120,126,-6,6
35135,140,169,-29,29
35136,117,115,2,2
35137,88,87,1,1
35138,79,78,1,1
35139,89,89,0,0
35140,83,84,-1,1
35141,79,92,-13,13
35142,118,115,3,3
35143,79,78,1,1
35144,95,91,4,4
35145,62,67,-5,5
35146,67,75,-8,8
35147,63,65,-2,2
35148,99,79,20,20
35149,164,150,14,14
35150,71,62,9,9
35151,49,56,-7,7
35152,88,85,3,3
35153,93,63,30,30
35154,90,92,-2,2
35155,96,76,20,20
35156,91,90,1,1
35157,41,50,-9,9
35158,94,100,-6,6
35159,58,79,-21,21
35160,87,85,2,2
35161,100,101,-1,1
35162,117,119,-2,2
35163,106,100,6,6
35164,65,85,-20,20
35165,126,126,0,0
35166,92,96,-4,4
35167,78,88,-10,10
35168,98,95,3,3
35169,102,126,-24,24
35170,115,104,11,11
35171,93,93,0,0
35172,48,57,-9,9
35173,64,66,-2,2
35174,168,161,7,7
35175,95,87,8,8
35176,125,119,6,6
35177,128,145,-17,17
35178,137,130,7,7
35179,62,53,9,9
35180,76,91,-15,15
35181,66,75,-9,9
35182,50,65,-15,15
35183,98,90,8,8
35184,101,102,-1,1
35185,77,84,-7,7
35186,97,95,2,2
35187,116,117,-1,1
35188,118,107,11,11
35189,157,158,-1,1
35190,48,55,-7,7
35191,86,86,0,0
35192,79,90,-11,11
35193,93,94,-1,1
35194,58,52,6,6
35195,65,63,2,2
35196,203,167,36,36
35197,59,65,-6,6
35198,103,103,0,0
35199,35,36,-1,1
35200,95,95,0,0
35201,89,96,-7,7
35202,122,109,13,13
35203,97,88,9,9
35204,84,76,8,8
35205,146,120,26,26
35206,129,107,22,22
35207,76,79,-3,3
35208,79,72,7,7
35209,92,85,7,7
35210,82,60,22,22
35211,111,109,2,2
35212,88,79,9,9
35213,155,126,29,29
35214,75,77,-2,2
35215,109,106,3,3
35216,64,56,8,8
35217,76,73,3,3
35218,114,119,-5,5
35219,84,85,-1,1
35220,90,94,-4,4
35221,49,56,-7,7
35222,103,109,-6,6
35223,140,138,2,2
35224,64,61,3,3
35225,171,170,1,1
35226,89,89,0,0
35227,57,80,-23,23
35228,99,55,44,44
35229,62,66,-4,4
35230,191,178,13,13
35231,108,98,10,10
35232,116,106,10,10
35233,157,141,16,16
35234,98,103,-5,5
35235,167,165,2,2
35236,89,86,3,3
35237,65,78,-13,13
35238,103,106,-3,3
35239,107,95,12,12
35240,66,74,-8,8
35241,137,138,-1,1
35242,68,64,4,4
35243,64,57,7,7
35244,137,128,9,9
35245,101,92,9,9
35246,120,105,15,15
35247,99,104,-5,5
35248,58,71,-13,13
35249,93,110,-17,17
35250,48,63,-15,15
35251,96,134,-38,38
35252,68,65,3,3
35253,95,101,-6,6
35254,117,105,12,12
35255,61,61,0,0
35256,122,121,1,1
35257,77,90,-13,13
35258,69,74,-5,5
35259,105,97,8,8
35260,126,141,-15,15
35261,67,65,2,2
35262,122,123,-1,1
35263,96,90,6,6
35264,188,166,22,22
35265,72,47,25,25
35266,122,124,-2,2
35267,53,43,10,10
35268,49,56,-7,7
35269,131,117,14,14
35270,118,97,21,21
35271,68,63,5,5
35272,84,99,-15,15
35273,80,84,-4,4
35274,95,121,-26,26
35275,54,54,0,0
35276,80,88,-8,8
35277,55,63,-8,8
35278,50,48,2,2
35279,141,137,4,4
35280,118,113,5,5
35281,64,71,-7,7
35282,132,119,13,13
35283,81,80,1,1
35284,49,41,8,8
35285,86,95,-9,9
35286,107,107,0,0
35287,123,118,5,5
35288,109,100,9,9
35289,121,108,13,13
35290,89,87,2,2
35291,57,67,-10,10
35292,123,109,14,14
35293,102,104,-2,2
35294,143,135,8,8
35295,57,55,2,2
35296,84,78,6,6
35297,73,65,8,8
35298,124,130,-6,6
35299,86,76,10,10
35300,128,124,4,4
35301,146,121,25,25
35302,92,82,10,10
35303,68,81,-13,13
35304,88,89,-1,1
35305,147,140,7,7
35306,134,132,2,2
35307,91,87,4,4
35308,137,137,0,0
35309,130,136,-6,6
35310,103,91,12,12
35311,78,101,-23,23
35312,85,78,7,7
35313,57,52,5,5
35314,159,131,28,28
35315,80,83,-3,3
35316,113,135,-22,22
35317,152,128,24,24
35318,163,128,35,35
35319,137,130,7,7
35320,116,127,-11,11
35321,144,132,12,12
35322,61,63,-2,2
35323,158,136,22,22
35324,120,133,-13,13
35325,64,64,0,0
35326,106,97,9,9
35327,60,74,-14,14
35328,87,85,2,2
35329,72,52,20,20
35330,92,94,-2,2
35331,164,168,-4,4
35332,121,118,3,3
35333,63,71,-8,8
35334,108,102,6,6
35335,70,65,5,5
35336,66,84,-18,18
35337,81,136,-55,55
35338,84,94,-10,10
35339,69,64,5,5
35340,161,152,9,9
35341,73,66,7,7
35342,62,71,-9,9
35343,66,62,4,4
35344,80,89,-9,9
35345,110,131,-21,21
35346,145,151,-6,6
35347,32,46,-14,14
35348,62,65,-3,3
35349,191,164,27,27
35350,84,76,8,8
35351,96,98,-2,2
35352,87,78,9,9
35353,54,54,0,0
35354,85,87,-2,2
35355,118,119,-1,1
35356,52,47,5,5
35357,102,85,17,17
35358,66,60,6,6
35359,151,152,-1,1
35360,129,133,-4,4
35361,61,67,-6,6
35362,102,105,-3,3
35363,88,93,-5,5
35364,61,67,-6,6
35365,77,84,-7,7
35366,79,87,-8,8
35367,110,102,8,8
35368,96,87,9,9
35369,74,69,5,5
35370,120,121,-1,1
35371,134,115,19,19
35372,66,61,5,5
35373,61,66,-5,5
35374,130,116,14,14
35375,60,74,-14,14
35376,66,71,-5,5
35377,115,113,2,2
35378,99,100,-1,1
35379,55,58,-3,3
35380,104,97,7,7
35381,104,96,8,8
35382,97,114,-17,17
35383,48,45,3,3
35384,51,53,-2,2
35385,51,45,6,6
35386,80,93,-13,13
35387,57,52,5,5
35388,77,62,15,15
35389,128,120,8,8
35390,141,127,14,14
35391,77,75,2,2
35392,132,126,6,6
35393,110,106,4,4
35394,43,46,-3,3
35395,110,118,-8,8
35396,85,80,5,5
35397,92,99,-7,7
35398,49,44,5,5
35399,69,77,-8,8
35400,64,59,5,5
35401,82,71,11,11
35402,59,73,-14,14
35403,69,69,0,0
35404,66,65,1,1
35405,92,82,10,10
35406,101,93,8,8
35407,62,81,-19,19
35408,126,102,24,24
35409,119,112,7,7
35410,117,102,15,15
35411,162,153,9,9
35412,100,92,8,8
35413,107,115,-8,8
35414,49,63,-14,14
35415,75,70,5,5
35416,85,82,3,3
35417,87,53,34,34
35418,58,53,5,5
35419,86,103,-17,17
35420,54,66,-12,12
35421,149,149,0,0
35422,99,98,1,1
35423,118,106,12,12
35424,88,90,-2,2
35425,128,131,-3,3
35426,121,111,10,10
35427,62,62,0,0
35428,32,45,-13,13
35429,152,142,10,10
35430,58,62,-4,4
35431,77,89,-12,12
35432,127,105,22,22
35433,109,105,4,4
35434,116,116,0,0
35435,83,81,2,2
35436,70,80,-10,10
35437,101,100,1,1
35438,70,64,6,6
35439,117,106,11,11
35440,93,101,-8,8
35441,72,75,-3,3
35442,131,133,-2,2
35443,64,76,-12,12
35444,160,158,2,2
35445,86,85,1,1
35446,84,83,1,1
35447,56,60,-4,4
35448,94,91,3,3
35449,149,127,22,22
35450,128,112,16,16
35451,97,103,-6,6
35452,178,171,7,7
35453,102,98,4,4
35454,53,55,-2,2
35455,124,113,11,11
35456,79,83,-4,4
35457,136,164,-28,28
35458,71,82,-11,11
35459,54,58,-4,4
35460,97,89,8,8
35461,72,81,-9,9
35462,169,131,38,38
35463,80,77,3,3
35464,53,56,-3,3
35465,64,57,7,7
35466,52,52,0,0
35467,38,42,-4,4
35468,78,89,-11,11
35469,160,131,29,29
35470,113,98,15,15
35471,90,92,-2,2
35472,63,54,9,9
35473,79,94,-15,15
35474,56,58,-2,2
35475,241,228,13,13
35476,68,68,0,0
35477,145,163,-18,18
35478,69,73,-4,4
35479,107,101,6,6
35480,79,91,-12,12
35481,123,110,13,13
35482,97,88,9,9
35483,77,78,-1,1
35484,66,153,-87,87
35485,83,76,7,7
35486,82,96,-14,14
35487,78,75,3,3
35488,89,84,5,5
35489,76,61,15,15
35490,61,70,-9,9
35491,116,123,-7,7
35492,128,149,-21,21
35493,130,131,-1,1
35494,46,54,-8,8
35495,105,108,-3,3
35496,150,125,25,25
35497,156,151,5,5
35498,69,72,-3,3
35499,89,91,-2,2
35500,77,70,7,7
35501,123,123,0,0
35502,97,86,11,11
35503,87,79,8,8
35504,80,83,-3,3
35505,79,82,-3,3
35506,58,70,-12,12
35507,53,53,0,0
35508,105,103,2,2
35509,74,89,-15,15
35510,101,100,1,1
35511,56,53,3,3
35512,115,110,5,5
35513,141,141,0,0
35514,116,103,13,13
35515,47,44,3,3
35516,43,73,-30,30
35517,80,89,-9,9
35518,91,94,-3,3
35519,75,78,-3,3
35520,114,100,14,14
35521,79,88,-9,9
35522,106,97,9,9
35523,69,66,3,3
35524,87,84,3,3
35525,118,117,1,1
35526,84,85,-1,1
35527,90,100,-10,10
35528,97,95,2,2
35529,57,59,-2,2
35530,132,139,-7,7
35531,90,111,-21,21
35532,108,112,-4,4
35533,132,124,8,8
35534,76,78,-2,2
35535,38,43,-5,5
35536,52,53,-1,1
35537,68,67,1,1
35538,141,128,13,13
35539,90,94,-4,4
35540,72,71,1,1
35541,74,79,-5,5
35542,89,88,1,1
35543,72,77,-5,5
35544,78,57,21,21
35545,67,58,9,9
35546,94,91,3,3
35547,65,62,3,3
35548,75,67,8,8
35549,76,76,0,0
35550,78,84,-6,6
35551,70,73,-3,3
35552,124,109,15,15
35553,123,104,19,19
35554,185,158,27,27
35555,126,112,14,14
35556,104,111,-7,7
35557,79,72,7,7
35558,74,37,37,37
35559,82,77,5,5
35560,47,47,0,0
35561,40,44,-4,4
35562,102,102,0,0
35563,68,69,-1,1
35564,95,98,-3,3
35565,111,97,14,14
35566,74,76,-2,2
35567,63,80,-17,17
35568,118,113,5,5
35569,181,157,24,24
35570,63,64,-1,1
35571,73,76,-3,3
35572,76,73,3,3
35573,80,83,-3,3
35574,99,100,-1,1
35575,83,91,-8,8
35576,48,52,-4,4
35577,140,115,25,25
35578,101,105,-4,4
35579,76,88,-12,12
35580,84,101,-17,17
35581,95,89,6,6
35582,60,59,1,1
35583,78,72,6,6
35584,125,122,3,3
35585,90,92,-2,2
35586,99,87,12,12
35587,58,53,5,5
35588,128,131,-3,3
35589,67,66,1,1
35590,96,119,-23,23
35591,96,84,12,12
35592,141,137,4,4
35593,77,81,-4,4
35594,114,96,18,18
35595,86,87,-1,1
35596,175,164,11,11
35597,129,128,1,1
35598,50,52,-2,2
35599,70,59,11,11
35600,224,180,44,44
35601,146,134,12,12
35602,81,71,10,10
35603,97,84,13,13
35604,118,116,2,2
35605,77,60,17,17
35606,73,74,-1,1
35607,85,80,5,5
35608,102,90,12,12
35609,130,110,20,20
35610,133,139,-6,6
35611,129,123,6,6
35612,80,86,-6,6
35613,93,100,-7,7
35614,91,80,11,11
35615,41,101,-60,60
35616,82,90,-8,8
35617,67,60,7,7
35618,85,93,-8,8
35619,75,75,0,0
35620,118,133,-15,15
35621,118,98,20,20
35622,79,72,7,7
35623,63,64,-1,1
35624,170,167,3,3
35625,73,80,-7,7
35626,114,85,29,29
35627,154,157,-3,3
35628,54,64,-10,10
35629,115,100,15,15
35630,49,117,-68,68
35631,99,101,-2,2
35632,80,76,4,4
35633,152,140,12,12
35634,71,69,2,2
35635,118,128,-10,10
35636,106,102,4,4
35637,106,110,-4,4
35638,173,143,30,30
35639,89,102,-13,13
35640,65,54,11,11
35641,93,91,2,2
35642,109,105,4,4
35643,126,117,9,9
35644,143,134,9,9
35645,127,144,-17,17
35646,114,97,17,17
35647,84,84,0,0
35648,68,82,-14,14
35649,60,61,-1,1
35650,111,109,2,2
35651,127,128,-1,1
35652,83,74,9,9
35653,98,102,-4,4
35654,83,75,8,8
35655,77,73,4,4
35656,51,59,-8,8
35657,88,87,1,1
35658,48,66,-18,18
35659,147,137,10,10
35660,66,79,-13,13
35661,100,88,12,12
35662,76,71,5,5
35663,59,80,-21,21
35664,116,116,0,0
35665,61,80,-19,19
35666,155,161,-6,6
35667,99,113,-14,14
35668,112,111,1,1
35669,70,59,11,11
35670,79,82,-3,3
35671,96,104,-8,8
35672,90,104,-14,14
35673,104,93,11,11
35674,99,94,5,5
35675,81,91,-10,10
35676,134,131,3,3
35677,126,112,14,14
35678,160,131,29,29
35679,75,86,-11,11
35680,104,108,-4,4
35681,150,144,6,6
35682,120,129,-9,9
35683,90,90,0,0
35684,120,112,8,8
35685,142,126,16,16
35686,75,77,-2,2
35687,102,103,-1,1
35688,162,149,13,13
35689,74,71,3,3
35690,75,72,3,3
35691,99,100,-1,1
35692,130,133,-3,3
35693,53,65,-12,12
35694,127,145,-18,18
35695,103,90,13,13
35696,94,86,8,8
35697,76,90,-14,14
35698,83,100,-17,17
35699,195,165,30,30
35700,58,70,-12,12
35701,51,67,-16,16
35702,153,148,5,5
35703,190,175,15,15
35704,87,92,-5,5
35705,96,88,8,8
35706,100,92,8,8
35707,74,79,-5,5
35708,67,69,-2,2
35709,124,117,7,7
35710,74,68,6,6
35711,111,103,8,8
35712,93,106,-13,13
35713,107,99,8,8
35714,70,37,33,33
35715,154,141,13,13
35716,125,125,0,0
35717,107,98,9,9
35718,69,83,-14,14
35719,101,107,-6,6
35720,95,82,13,13
35721,96,85,11,11
35722,85,80,5,5
35723,70,96,-26,26
35724,68,66,2,2
35725,61,70,-9,9
35726,155,159,-4,4
35727,58,66,-8,8
35728,72,72,0,0
35729,47,45,2,2
35730,98,99,-1,1
35731,145,147,-2,2
35732,52,67,-15,15
35733,120,104,16,16
35734,78,84,-6,6
35735,56,64,-8,8
35736,89,94,-5,5
35737,82,93,-11,11
35738,104,103,1,1
35739,128,139,-11,11
35740,159,150,9,9
35741,79,89,-10,10
35742,109,96,13,13
35743,120,117,3,3
35744,79,96,-17,17
35745,73,65,8,8
35746,64,54,10,10
35747,97,87,10,10
35748,135,127,8,8
35749,81,91,-10,10
35750,91,90,1,1
35751,58,53,5,5
35752,78,67,11,11
35753,77,73,4,4
35754,47,41,6,6
35755,167,159,8,8
35756,65,92,-27,27
35757,152,147,5,5
35758,159,148,11,11
35759,89,117,-28,28
35760,205,186,19,19
35761,108,103,5,5
35762,101,86,15,15
35763,129,121,8,8
35764,123,127,-4,4
35765,90,100,-10,10
35766,138,139,-1,1
35767,105,87,18,18
35768,93,87,6,6
35769,129,119,10,10
35770,110,99,11,11
35771,86,97,-11,11
35772,72,59,13,13
35773,122,112,10,10
35774,37,38,-1,1
35775,173,155,18,18
35776,97,82,15,15
35777,45,42,3,3
35778,97,92,5,5
35779,85,104,-19,19
35780,83,82,1,1
35781,105,100,5,5
35782,138,124,14,14
35783,98,95,3,3
35784,128,129,-1,1
35785,94,79,15,15
35786,131,122,9,9
35787,67,72,-5,5
35788,176,162,14,14
35789,116,109,7,7
35790,116,126,-10,10
35791,80,29,51,51
35792,84,94,-10,10
35793,69,66,3,3
35794,165,143,22,22
35795,55,68,-13,13
35796,123,121,2,2
35797,117,127,-10,10
35798,81,74,7,7
35799,86,88,-2,2
35800,185,174,11,11
35801,104,117,-13,13
35802,89,99,-10,10
35803,85,74,11,11
35804,156,127,29,29
35805,72,65,7,7
35806,95,76,19,19
35807,86,73,13,13
35808,72,70,2,2
35809,168,145,23,23
35810,42,50,-8,8
35811,93,97,-4,4
35812,103,92,11,11
35813,83,80,3,3
35814,137,128,9,9
35815,117,126,-9,9
35816,77,94,-17,17
35817,79,94,-15,15
35818,121,125,-4,4
35819,110,128,-18,18
35820,101,96,5,5
35821,88,111,-23,23
35822,91,89,2,2
35823,166,157,9,9
35824,63,50,13,13
35825,92,94,-2,2
35826,138,129,9,9
35827,110,115,-5,5
35828,151,171,-20,20
35829,121,124,-3,3
35830,73,74,-1,1
35831,77,68,9,9
35832,197,198,-1,1
35833,94,83,11,11
35834,67,86,-19,19
35835,147,113,34,34
35836,92,107,-15,15
35837,138,137,1,1
35838,71,76,-5,5
35839,93,81,12,12
35840,115,111,4,4
35841,90,85,5,5
35842,137,142,-5,5
35843,136,159,-23,23
35844,63,67,-4,4
35845,68,70,-2,2
35846,105,115,-10,10
35847,61,56,5,5
35848,75,76,-1,1
35849,120,113,7,7
35850,145,145,0,0
35851,106,108,-2,2
35852,171,136,35,35
35853,87,87,0,0
35854,112,97,15,15
35855,75,74,1,1
35856,84,81,3,3
35857,55,60,-5,5
35858,57,61,-4,4
35859,71,65,6,6
35860,150,136,14,14
35861,42,28,14,14
35862,95,99,-4,4
35863,100,110,-10,10
35864,77,86,-9,9
35865,134,149,-15,15
35866,100,82,18,18
35867,117,123,-6,6
35868,74,114,-40,40
35869,106,107,-1,1
35870,121,109,12,12
35871,115,112,3,3
35872,137,127,10,10
35873,80,77,3,3
35874,81,82,-1,1
35875,50,54,-4,4
35876,60,62,-2,2
35877,143,127,16,16
35878,80,107,-27,27
35879,72,80,-8,8
35880,74,72,2,2
35881,125,128,-3,3
35882,111,104,7,7
35883,99,99,0,0
35884,72,76,-4,4
35885,84,81,3,3
35886,52,53,-1,1
35887,54,57,-3,3
35888,63,54,9,9
35889,101,101,0,0
35890,65,47,18,18
35891,74,74,0,0
35892,141,157,-16,16
35893,84,93,-9,9
35894,156,128,28,28
35895,105,97,8,8
35896,130,127,3,3
35897,74,79,-5,5
35898,97,105,-8,8
35899,111,110,1,1
35900,65,75,-10,10
35901,124,112,12,12
35902,80,77,3,3
35903,93,91,2,2
35904,122,128,-6,6
35905,84,99,-15,15
35906,92,88,4,4
35907,52,72,-20,20
35908,86,86,0,0
35909,69,80,-11,11
35910,114,112,2,2
35911,68,64,4,4
35912,123,128,-5,5
35913,104,123,-19,19
35914,119,108,11,11
35915,123,99,24,24
35916,99,84,15,15
35917,117,120,-3,3
35918,94,106,-12,12
35919,126,121,5,5
35920,148,143,5,5
35921,112,98,14,14
35922,168,158,10,10
35923,81,71,10,10
35924,100,98,2,2
35925,78,74,4,4
35926,109,116,-7,7
35927,120,117,3,3
35928,119,116,3,3
35929,83,112,-29,29
35930,138,131,7,7
35931,63,75,-12,12
35932,63,71,-8,8
35933,88,94,-6,6
35934,50,52,-2,2
35935,171,152,19,19
35936,111,90,21,21
35937,154,172,-18,18
35938,131,109,22,22
35939,110,108,2,2
35940,74,79,-5,5
35941,116,120,-4,4
35942,112,118,-6,6
35943,89,87,2,2
35944,109,121,-12,12
35945,68,69,-1,1
35946,77,71,6,6
35947,69,77,-8,8
35948,54,63,-9,9
35949,74,77,-3,3
35950,140,136,4,4
35951,92,92,0,0
35952,47,54,-7,7
35953,49,57,-8,8
35954,72,68,4,4
35955,79,80,-1,1
35956,45,50,-5,5
35957,53,60,-7,7
35958,114,119,-5,5
35959,64,76,-12,12
35960,63,52,11,11
35961,113,109,4,4
35962,103,101,2,2
35963,109,100,9,9
35964,94,106,-12,12
35965,65,73,-8,8
35966,94,88,6,6
35967,142,127,15,15
35968,38,47,-9,9
35969,91,106,-15,15
35970,86,86,0,0
35971,150,130,20,20
35972,66,66,0,0
35973,68,62,6,6
35974,62,61,1,1
35975,53,51,2,2
35976,53,50,3,3
35977,117,113,4,4
35978,89,89,0,0
35979,96,84,12,12
35980,109,114,-5,5
35981,100,108,-8,8
35982,132,126,6,6
35983,125,133,-8,8
35984,47,27,20,20
35985,76,92,-16,16
35986,80,77,3,3
35987,108,139,-31,31
35988,72,70,2,2
35989,79,87,-8,8
35990,103,96,7,7
35991,93,87,6,6
35992,90,89,1,1
35993,76,72,4,4
35994,88,86,2,2
35995,70,71,-1,1
35996,162,148,14,14
35997,86,89,-3,3
35998,62,58,4,4
35999,78,73,5,5
36000,51,41,10,10
36001,131,122,9,9
36002,81,80,1,1
36003,100,108,-8,8
36004,107,103,4,4
36005,71,68,3,3
36006,99,102,-3,3
36007,128,116,12,12
36008,102,99,3,3
36009,111,111,0,0
36010,114,120,-6,6
36011,145,136,9,9
36012,123,109,14,14
36013,64,63,1,1
36014,138,119,19,19
36015,120,132,-12,12
36016,96,96,0,0
36017,143,129,14,14
36018,79,82,-3,3
36019,139,127,12,12
36020,124,117,7,7
36021,76,86,-10,10
36022,67,70,-3,3
36023,65,83,-18,18
36024,62,64,-2,2
36025,184,176,8,8
36026,102,93,9,9
36027,60,63,-3,3
36028,79,92,-13,13
36029,63,59,4,4
36030,70,56,14,14
36031,91,96,-5,5
36032,68,78,-10,10
36033,86,90,-4,4
36034,97,110,-13,13
36035,78,91,-13,13
36036,110,94,16,16
36037,94,95,-1,1
36038,68,87,-19,19
36039,150,143,7,7
36040,81,82,-1,1
36041,58,63,-5,5
36042,48,49,-1,1
36043,76,83,-7,7
36044,102,94,8,8
36045,74,76,-2,2
36046,60,56,4,4
36047,75,83,-8,8
36048,92,82,10,10
36049,62,65,-3,3
36050,91,89,2,2
36051,93,91,2,2
36052,146,146,0,0
36053,94,80,14,14
36054,88,92,-4,4
36055,124,148,-24,24
36056,92,100,-8,8
36057,87,110,-23,23
36058,113,132,-19,19
36059,99,88,11,11
36060,90,87,3,3
36061,95,94,1,1
36062,61,60,1,1
36063,139,118,21,21
36064,106,116,-10,10
36065,42,42,0,0
36066,95,100,-5,5
36067,121,125,-4,4
36068,130,142,-12,12
36069,121,111,10,10
36070,74,83,-9,9
36071,84,88,-4,4
36072,70,65,5,5
36073,73,77,-4,4
36074,116,116,0,0
36075,120,128,-8,8
36076,151,140,11,11
36077,80,75,5,5
36078,90,98,-8,8
36079,68,71,-3,3
36080,102,104,-2,2
36081,180,166,14,14
36082,44,67,-23,23
36083,170,154,16,16
36084,99,88,11,11
36085,130,131,-1,1
36086,78,106,-28,28
36087,107,107,0,0
36088,93,101,-8,8
36089,146,147,-1,1
36090,97,86,11,11
36091,107,98,9,9
36092,116,110,6,6
36093,81,96,-15,15
36094,84,71,13,13
36095,88,98,-10,10
36096,77,52,25,25
36097,65,63,2,2
36098,158,128,30,30
36099,76,83,-7,7
36100,56,59,-3,3
36101,119,116,3,3
36102,82,71,11,11
36103,52,61,-9,9
36104,44,72,-28,28
36105,122,109,13,13
36106,92,93,-1,1
36107,87,94,-7,7
36108,152,153,-1,1
36109,97,93,4,4
36110,127,108,19,19
36111,61,63,-2,2
36112,58,77,-19,19
36113,94,87,7,7
36114,123,119,4,4
36115,141,121,20,20
36116,61,61,0,0
36117,151,175,-24,24
36118,117,105,12,12
36119,88,85,3,3
36120,71,74,-3,3
36121,131,133,-2,2
36122,98,85,13,13
36123,54,45,9,9
36124,133,121,12,12
36125,68,67,1,1
36126,49,63,-14,14
36127,106,96,10,10
36128,144,121,23,23
36129,105,103,2,2
36130,59,53,6,6
36131,65,63,2,2
36132,136,120,16,16
36133,58,72,-14,14
36134,49,48,1,1
36135,47,47,0,0
36136,87,101,-14,14
36137,81,96,-15,15
36138,110,94,16,16
36139,119,119,0,0
36140,114,107,7,7
36141,77,75,2,2
36142,114,104,10,10
36143,112,116,-4,4
36144,86,121,-35,35
36145,91,95,-4,4
36146,136,126,10,10
36147,52,42,10,10
36148,85,91,-6,6
36149,97,86,11,11
36150,151,131,20,20
36151,118,115,3,3
36152,156,130,26,26
36153,61,39,22,22
36154,107,103,4,4
36155,173,164,9,9
36156,86,92,-6,6
36157,74,78,-4,4
36158,90,82,8,8
36159,61,76,-15,15
36160,112,110,2,2
36161,114,109,5,5
36162,86,84,2,2
36163,115,112,3,3
36164,128,129,-1,1
36165,62,71,-9,9
36166,81,85,-4,4
36167,102,95,7,7
36168,104,103,1,1
36169,70,75,-5,5
36170,85,84,1,1
36171,59,57,2,2
36172,112,98,14,14
36173,141,140,1,1
36174,103,119,-16,16
36175,89,87,2,2
36176,83,70,13,13
36177,54,52,2,2
36178,70,69,1,1
36179,75,82,-7,7
36180,124,122,2,2
36181,64,62,2,2
36182,137,130,7,7
36183,112,117,-5,5
36184,60,66,-6,6
36185,103,107,-4,4
36186,76,73,3,3
36187,100,84,16,16
36188,68,77,-9,9
36189,72,90,-18,18
36190,52,59,-7,7
36191,91,96,-5,5
36192,57,59,-2,2
36193,71,51,20,20
36194,99,110,-11,11
36195,117,136,-19,19
36196,179,163,16,16
36197,109,99,10,10
36198,33,85,-52,52
36199,101,101,0,0
36200,105,112,-7,7
36201,88,87,1,1
36202,152,157,-5,5
36203,88,86,2,2
36204,140,131,9,9
36205,123,106,17,17
36206,129,107,22,22
36207,57,59,-2,2
36208,53,55,-2,2
36209,65,70,-5,5
36210,72,69,3,3
36211,127,143,-16,16
36212,62,75,-13,13
36213,47,48,-1,1
36214,101,68,33,33
36215,58,52,6,6
36216,90,97,-7,7
36217,71,65,6,6
36218,148,127,21,21
36219,131,127,4,4
36220,173,169,4,4
36221,140,121,19,19
36222,88,98,-10,10
36223,105,107,-2,2
36224,129,113,16,16
36225,105,95,10,10
36226,113,115,-2,2
36227,83,93,-10,10
36228,58,55,3,3
36229,59,60,-1,1
36230,110,97,13,13
36231,106,113,-7,7
36232,95,87,8,8
36233,101,70,31,31
36234,56,90,-34,34
36235,134,141,-7,7
36236,118,112,6,6
36237,114,96,18,18
36238,70,70,0,0
36239,68,47,21,21
36240,66,68,-2,2
36241,92,89,3,3
36242,113,107,6,6
36243,108,106,2,2
36244,91,98,-7,7
36245,146,150,-4,4
36246,114,115,-1,1
36247,103,101,2,2
36248,108,165,-57,57
36249,60,62,-2,2
36250,62,91,-29,29
36251,102,93,9,9
36252,110,112,-2,2
36253,194,141,53,53
36254,53,58,-5,5
36255,102,92,10,10
36256,175,152,23,23
36257,66,63,3,3
36258,108,102,6,6
36259,112,99,13,13
36260,154,157,-3,3
36261,121,113,8,8
36262,66,64,2,2
36263,84,91,-7,7
36264,72,69,3,3
36265,97,85,12,12
36266,125,112,13,13
36267,53,43,10,10
36268,56,65,-9,9
36269,139,131,8,8
36270,76,98,-22,22
36271,98,96,2,2
36272,64,76,-12,12
36273,102,101,1,1
36274,63,74,-11,11
36275,125,128,-3,3
36276,133,106,27,27
36277,61,66,-5,5
36278,57,61,-4,4
36279,87,84,3,3
36280,65,76,-11,11
36281,45,60,-15,15
36282,105,104,1,1
36283,123,120,3,3
36284,96,88,8,8
36285,146,166,-20,20
36286,65,67,-2,2
36287,93,95,-2,2
36288,67,65,2,2
36289,112,87,25,25
36290,128,123,5,5
36291,78,78,0,0
36292,73,71,2,2
36293,89,90,-1,1
36294,62,57,5,5
36295,127,136,-9,9
36296,126,112,14,14
36297,80,81,-1,1
36298,84,89,-5,5
36299,85,110,-25,25
36300,65,69,-4,4
36301,63,50,13,13
36302,42,47,-5,5
36303,84,76,8,8
36304,73,77,-4,4
36305,50,57,-7,7
36306,107,135,-28,28
36307,108,94,14,14
36308,65,72,-7,7
36309,150,143,7,7
36310,101,97,4,4
36311,51,44,7,7
36312,74,73,1,1
36313,79,86,-7,7
36314,117,105,12,12
36315,71,96,-25,25
36316,70,72,-2,2
36317,75,78,-3,3
36318,38,54,-16,16
36319,104,109,-5,5
36320,97,93,4,4
36321,117,115,2,2
36322,78,73,5,5
36323,58,65,-7,7
36324,133,139,-6,6
36325,51,56,-5,5
36326,117,121,-4,4
36327,82,69,13,13
36328,155,141,14,14
36329,102,106,-4,4
36330,137,113,24,24
36331,85,87,-2,2
36332,132,118,14,14
36333,35,38,-3,3
36334,72,92,-20,20
36335,119,125,-6,6
36336,90,85,5,5
36337,69,83,-14,14
36338,76,82,-6,6
36339,85,97,-12,12
36340,114,102,12,12
36341,84,113,-29,29
36342,78,73,5,5
36343,55,66,-11,11
36344,102,106,-4,4
36345,163,144,19,19
36346,69,69,0,0
36347,126,121,5,5
36348,43,38,5,5
36349,61,60,1,1
36350,54,72,-18,18
36351,109,99,10,10
36352,102,111,-9,9
36353,80,81,-1,1
36354,206,167,39,39
36355,51,53,-2,2
36356,89,76,13,13
36357,72,85,-13,13
36358,127,130,-3,3
36359,76,81,-5,5
36360,107,112,-5,5
36361,71,69,2,2
36362,66,57,9,9
36363,76,80,-4,4
36364,184,158,26,26
36365,129,128,1,1
36366,55,55,0,0
36367,110,119,-9,9
36368,75,74,1,1
36369,61,64,-3,3
36370,136,134,2,2
36371,103,84,19,19
36372,115,107,8,8
36373,55,53,2,2
36374,113,100,13,13
36375,89,75,14,14
36376,121,112,9,9
36377,80,96,-16,16
36378,141,126,15,15
36379,150,146,4,4
36380,90,83,7,7
36381,73,75,-2,2
36382,137,151,-14,14
36383,107,101,6,6
36384,86,77,9,9
36385,112,111,1,1
36386,46,70,-24,24
36387,72,71,1,1
36388,99,107,-8,8
36389,63,61,2,2
36390,126,100,26,26
36391,64,59,5,5
36392,90,94,-4,4
36393,59,66,-7,7
36394,66,53,13,13
36395,114,99,15,15
36396,102,95,7,7
36397,77,73,4,4
36398,90,70,20,20
36399,68,82,-14,14
36400,78,71,7,7
36401,71,68,3,3
36402,49,52,-3,3
36403,83,78,5,5
36404,112,116,-4,4
36405,102,118,-16,16
36406,134,125,9,9
36407,57,57,0,0
36408,71,82,-11,11
36409,163,156,7,7
36410,130,127,3,3
36411,123,142,-19,19
36412,117,111,6,6
36413,78,85,-7,7
36414,39,41,-2,2
36415,49,50,-1,1
36416,57,70,-13,13
36417,51,58,-7,7
36418,123,118,5,5
36419,92,93,-1,1
36420,93,94,-1,1
36421,77,78,-1,1
36422,197,164,33,33
36423,112,120,-8,8
36424,63,76,-13,13
36425,83,99,-16,16
36426,68,92,-24,24
36427,105,104,1,1
36428,62,74,-12,12
36429,71,62,9,9
36430,91,92,-1,1
36431,85,84,1,1
36432,197,188,9,9
36433,124,121,3,3
36434,119,124,-5,5
36435,130,146,-16,16
36436,81,73,8,8
36437,92,97,-5,5
36438,71,67,4,4
36439,67,60,7,7
36440,99,85,14,14
36441,94,89,5,5
36442,114,122,-8,8
36443,167,151,16,16
36444,120,122,-2,2
36445,125,125,0,0
36446,70,69,1,1
36447,114,107,7,7
36448,95,91,4,4
36449,46,57,-11,11
36450,101,105,-4,4
36451,61,74,-13,13
36452,90,96,-6,6
36453,67,163,-96,96
36454,157,149,8,8
36455,79,74,5,5
36456,105,100,5,5
36457,112,103,9,9
36458,89,90,-1,1
36459,105,110,-5,5
36460,124,125,-1,1
36461,65,62,3,3
36462,73,82,-9,9
36463,66,81,-15,15
36464,61,67,-6,6
36465,125,127,-2,2
36466,122,141,-19,19
36467,76,71,5,5
36468,90,100,-10,10
36469,176,142,34,34
36470,62,64,-2,2
36471,139,135,4,4
36472,43,38,5,5
36473,67,75,-8,8
36474,50,53,-3,3
36475,66,58,8,8
36476,59,61,-2,2
36477,81,73,8,8
36478,83,79,4,4
36479,92,96,-4,4
36480,76,80,-4,4
36481,62,57,5,5
36482,64,79,-15,15
36483,92,95,-3,3
36484,123,116,7,7
36485,84,75,9,9
36486,88,93,-5,5
36487,58,65,-7,7
36488,87,95,-8,8
36489,73,71,2,2
36490,44,57,-13,13
36491,123,118,5,5
36492,76,67,9,9
36493,82,87,-5,5
36494,84,71,13,13
36495,69,76,-7,7
36496,80,84,-4,4
36497,104,98,6,6
36498,81,73,8,8
36499,79,83,-4,4
36500,90,101,-11,11
36501,105,103,2,2
36502,140,140,0,0
36503,85,92,-7,7
36504,96,97,-1,1
36505,102,106,-4,4
36506,81,76,5,5
36507,117,109,8,8
36508,68,63,5,5
36509,79,75,4,4
36510,143,138,5,5
36511,66,70,-4,4
36512,52,58,-6,6
36513,109,105,4,4
36514,40,49,-9,9
36515,140,130,10,10
36516,115,113,2,2
36517,74,92,-18,18
36518,61,66,-5,5
36519,66,73,-7,7
36520,92,71,21,21
36521,48,66,-18,18
36522,116,119,-3,3
36523,141,135,6,6
36524,113,102,11,11
36525,89,88,1,1
36526,139,122,17,17
36527,134,126,8,8
36528,152,140,12,12
36529,88,94,-6,6
36530,93,91,2,2
36531,161,140,21,21
36532,90,99,-9,9
36533,68,62,6,6
36534,148,134,14,14
36535,82,79,3,3
36536,96,96,0,0
36537,171,157,14,14
36538,96,101,-5,5
36539,66,62,4,4
36540,113,99,14,14
36541,78,90,-12,12
36542,82,73,9,9
36543,61,60,1,1
36544,82,74,8,8
36545,99,114,-15,15
36546,225,179,46,46
36547,81,71,10,10
36548,62,49,13,13
36549,66,79,-13,13
36550,44,96,-52,52
36551,74,91,-17,17
36552,83,80,3,3
36553,109,118,-9,9
36554,51,58,-7,7
36555,121,138,-17,17
36556,83,71,12,12
36557,81,96,-15,15
36558,53,66,-13,13
36559,73,82,-9,9
36560,109,104,5,5
36561,151,149,2,2
36562,115,112,3,3
36563,122,121,1,1
36564,116,109,7,7
36565,107,99,8,8
36566,109,100,9,9
36567,72,77,-5,5
36568,43,28,15,15
36569,78,88,-10,10
36570,127,118,9,9
36571,50,55,-5,5
36572,96,103,-7,7
36573,53,52,1,1
36574,37,61,-24,24
36575,94,82,12,12
36576,56,63,-7,7
36577,27,38,-11,11
36578,38,57,-19,19
36579,109,106,3,3
36580,109,99,10,10
36581,70,74,-4,4
36582,60,70,-10,10
36583,82,91,-9,9
36584,67,82,-15,15
36585,67,68,-1,1
36586,78,77,1,1
36587,62,76,-14,14
36588,49,55,-6,6
36589,109,97,12,12
36590,88,92,-4,4
36591,81,86,-5,5
36592,82,94,-12,12
36593,90,81,9,9
36594,79,75,4,4
36595,97,88,9,9
36596,75,86,-11,11
36597,104,99,5,5
36598,84,93,-9,9
36599,146,145,1,1
36600,62,63,-1,1
36601,104,104,0,0
36602,106,105,1,1
36603,92,87,5,5
36604,92,100,-8,8
36605,92,93,-1,1
36606,71,72,-1,1
36607,91,98,-7,7
36608,87,97,-10,10
36609,79,96,-17,17
36610,86,100,-14,14
36611,128,107,21,21
36612,186,177,9,9
36613,138,135,3,3
36614,89,81,8,8
36615,168,158,10,10
36616,46,44,2,2
36617,93,88,5,5
36618,72,68,4,4
36619,110,104,6,6
36620,99,91,8,8
36621,51,54,-3,3
36622,93,94,-1,1
36623,99,89,10,10
36624,126,119,7,7
36625,64,75,-11,11
36626,209,181,28,28
36627,102,97,5,5
36628,98,102,-4,4
36629,79,71,8,8
36630,85,94,-9,9
36631,64,60,4,4
36632,83,73,10,10
36633,121,101,20,20
36634,111,98,13,13
36635,72,78,-6,6
36636,97,95,2,2
36637,96,79,17,17
36638,64,71,-7,7
36639,128,138,-10,10
36640,34,33,1,1
36641,124,98,26,26
36642,84,74,10,10
36643,132,117,15,15
36644,55,69,-14,14
36645,118,120,-2,2
36646,47,46,1,1
36647,74,69,5,5
36648,75,79,-4,4
36649,93,100,-7,7
36650,171,142,29,29
36651,81,86,-5,5
36652,62,64,-2,2
36653,81,75,6,6
36654,83,78,5,5
36655,65,64,1,1
36656,61,56,5,5
36657,83,89,-6,6
36658,102,104,-2,2
36659,78,82,-4,4
36660,85,84,1,1
36661,122,107,15,15
36662,60,55,5,5
36663,151,152,-1,1
36664,72,74,-2,2
36665,93,93,0,0
36666,99,93,6,6
36667,95,100,-5,5
36668,105,104,1,1
36669,83,76,7,7
36670,128,137,-9,9
36671,76,112,-36,36
36672,114,105,9,9
36673,125,123,2,2
36674,88,87,1,1
36675,117,114,3,3
36676,54,55,-1,1
36677,102,97,5,5
36678,60,56,4,4
36679,47,54,-7,7
36680,76,68,8,8
36681,53,52,1,1
36682,83,93,-10,10
36683,148,167,-19,19
36684,101,112,-11,11
36685,126,109,17,17
36686,124,190,-66,66
36687,114,113,1,1
36688,74,79,-5,5
36689,83,95,-12,12
36690,109,99,10,10
36691,89,93,-4,4
36692,76,79,-3,3
36693,53,55,-2,2
36694,78,81,-3,3
36695,60,59,1,1
36696,136,139,-3,3
36697,42,61,-19,19
36698,126,114,12,12
36699,99,111,-12,12
36700,96,110,-14,14
36701,45,42,3,3
36702,77,79,-2,2
36703,167,129,38,38
36704,102,117,-15,15
36705,92,106,-14,14
36706,61,51,10,10
36707,138,127,11,11
36708,117,119,-2,2
36709,127,128,-1,1
36710,92,80,12,12
36711,83,82,1,1
36712,69,68,1,1
36713,189,166,23,23
36714,89,78,11,11
36715,154,130,24,24
36716,78,91,-13,13
36717,92,88,4,4
36718,151,155,-4,4
36719,138,139,-1,1
36720,73,68,5,5
36721,152,163,-11,11
36722,122,124,-2,2
36723,71,66,5,5
36724,118,123,-5,5
36725,93,82,11,11
36726,104,109,-5,5
36727,85,74,11,11
36728,91,92,-1,1
36729,50,60,-10,10
36730,102,84,18,18
36731,120,131,-11,11
36732,111,114,-3,3
36733,71,77,-6,6
36734,57,54,3,3
36735,161,136,25,25
36736,53,48,5,5
36737,122,137,-15,15
36738,125,121,4,4
36739,83,81,2,2
36740,74,90,-16,16
36741,78,76,2,2
36742,51,61,-10,10
36743,167,129,38,38
36744,78,74,4,4
36745,207,168,39,39
36746,120,112,8,8
36747,142,153,-11,11
36748,71,84,-13,13
36749,144,127,17,17
36750,55,63,-8,8
36751,75,73,2,2
36752,113,110,3,3
36753,100,118,-18,18
36754,56,33,23,23
36755,137,117,20,20
36756,92,96,-4,4
36757,142,140,2,2
36758,114,123,-9,9
36759,47,45,2,2
36760,61,63,-2,2
36761,130,116,14,14
36762,68,80,-12,12
36763,72,80,-8,8
36764,39,45,-6,6
36765,116,122,-6,6
36766,135,125,10,10
36767,121,124,-3,3
36768,126,106,20,20
36769,115,136,-21,21
36770,92,86,6,6
36771,137,125,12,12
36772,67,76,-9,9
36773,58,49,9,9
36774,74,89,-15,15
36775,66,49,17,17
36776,70,78,-8,8
36777,89,108,-19,19
36778,85,102,-17,17
36779,77,70,7,7
36780,54,81,-27,27
36781,103,113,-10,10
36782,45,51,-6,6
36783,35,34,1,1
36784,84,116,-32,32
36785,61,64,-3,3
36786,114,110,4,4
36787,47,58,-11,11
36788,86,78,8,8
36789,92,107,-15,15
36790,61,46,15,15
36791,96,100,-4,4
36792,48,48,0,0
36793,115,126,-11,11
36794,209,176,33,33
36795,89,97,-8,8
36796,63,70,-7,7
36797,68,71,-3,3
36798,88,97,-9,9
36799,63,71,-8,8
36800,121,128,-7,7
36801,146,133,13,13
36802,64,59,5,5
36803,75,69,6,6
36804,118,121,-3,3
36805,121,111,10,10
36806,87,79,8,8
36807,80,81,-1,1
36808,80,87,-7,7
36809,107,96,11,11
36810,137,115,22,22
36811,96,86,10,10
36812,74,74,0,0
36813,90,81,9,9
36814,70,59,11,11
36815,45,67,-22,22
36816,63,50,13,13
36817,122,128,-6,6
36818,80,74,6,6
36819,91,101,-10,10
36820,241,209,32,32
36821,49,59,-10,10
36822,115,117,-2,2
36823,136,115,21,21
36824,87,78,9,9
36825,90,96,-6,6
36826,86,72,14,14
36827,126,113,13,13
36828,63,79,-16,16
36829,68,74,-6,6
36830,83,73,10,10
36831,101,107,-6,6
36832,82,118,-36,36
36833,105,107,-2,2
36834,141,138,3,3
36835,67,69,-2,2
36836,29,41,-12,12
36837,96,96,0,0
36838,69,67,2,2
36839,62,63,-1,1
36840,68,85,-17,17
36841,96,82,14,14
36842,122,118,4,4
36843,109,117,-8,8
36844,83,73,10,10
36845,127,120,7,7
36846,115,127,-12,12
36847,95,83,12,12
36848,64,56,8,8
36849,80,78,2,2
36850,285,312,-27,27
36851,88,82,6,6
36852,154,128,26,26
36853,163,146,17,17
36854,68,105,-37,37
36855,72,90,-18,18
36856,184,170,14,14
36857,87,74,13,13
36858,58,65,-7,7
36859,110,112,-2,2
36860,62,69,-7,7
36861,53,51,2,2
36862,158,150,8,8
36863,87,105,-18,18
36864,70,85,-15,15
36865,72,79,-7,7
36866,141,116,25,25
36867,94,81,13,13
36868,48,57,-9,9
36869,56,62,-6,6
36870,169,151,18,18
36871,81,109,-28,28
36872,71,65,6,6
36873,97,82,15,15
36874,73,73,0,0
36875,90,89,1,1
36876,122,126,-4,4
36877,68,51,17,17
36878,128,109,19,19
36879,68,72,-4,4
36880,128,128,0,0
36881,80,70,10,10
36882,76,65,11,11
36883,131,131,0,0
36884,96,104,-8,8
36885,118,118,0,0
36886,112,103,9,9
36887,174,155,19,19
36888,44,49,-5,5
36889,92,85,7,7
36890,66,64,2,2
36891,90,90,0,0
36892,144,136,8,8
36893,110,101,9,9
36894,164,154,10,10
36895,85,84,1,1
36896,87,99,-12,12
36897,126,142,-16,16
36898,70,78,-8,8
36899,111,120,-9,9
36900,56,54,2,2
36901,50,54,-4,4
36902,93,92,1,1
36903,66,67,-1,1
36904,77,70,7,7
36905,59,59,0,0
36906,95,98,-3,3
36907,79,81,-2,2
36908,84,82,2,2
36909,81,86,-5,5
36910,118,102,16,16
36911,62,58,4,4
36912,113,113,0,0
36913,89,73,16,16
36914,109,109,0,0
36915,157,147,10,10
36916,144,169,-25,25
36917,113,106,7,7
36918,136,107,29,29
36919,55,37,18,18
36920,100,131,-31,31
36921,127,106,21,21
36922,137,137,0,0
36923,77,68,9,9
36924,75,74,1,1
36925,96,102,-6,6
36926,183,161,22,22
36927,100,93,7,7
36928,66,72,-6,6
36929,87,82,5,5
36930,76,82,-6,6
36931,79,97,-18,18
36932,84,86,-2,2
36933,101,101,0,0
36934,110,111,-1,1
36935,97,92,5,5
36936,55,69,-14,14
36937,94,87,7,7
36938,65,65,0,0
36939,78,87,-9,9
36940,69,71,-2,2
36941,171,147,24,24
36942,78,70,8,8
36943,58,68,-10,10
36944,79,80,-1,1
36945,90,85,5,5
36946,43,41,2,2
36947,80,100,-20,20
36948,121,118,3,3
36949,186,165,21,21
36950,87,95,-8,8
36951,25,29,-4,4
36952,77,86,-9,9
36953,111,106,5,5
36954,60,58,2,2
36955,70,71,-1,1
36956,145,138,7,7
36957,83,102,-19,19
36958,87,88,-1,1
36959,79,78,1,1
36960,110,113,-3,3
36961,70,68,2,2
36962,157,157,0,0
36963,95,102,-7,7
36964,62,69,-7,7
36965,83,90,-7,7
36966,64,79,-15,15
36967,240,220,20,20
36968,77,74,3,3
36969,171,149,22,22
36970,111,108,3,3
36971,98,80,18,18
36972,60,61,-1,1
36973,94,94,0,0
36974,117,111,6,6
36975,113,111,2,2
36976,149,144,5,5
36977,84,89,-5,5
36978,50,64,-14,14
36979,109,113,-4,4
36980,77,90,-13,13
36981,125,125,0,0
36982,74,88,-14,14
36983,80,73,7,7
36984,70,69,1,1
36985,79,76,3,3
36986,125,117,8,8
36987,102,91,11,11
36988,72,70,2,2
36989,99,108,-9,9
36990,73,78,-5,5
36991,104,103,1,1
36992,99,95,4,4
36993,97,87,10,10
36994,135,120,15,15
36995,80,81,-1,1
36996,146,134,12,12
36997,59,59,0,0
36998,95,97,-2,2
36999,159,157,2,2
37000,73,60,13,13
37001,94,94,0,0
37002,159,141,18,18
37003,178,194,-16,16
37004,58,53,5,5
37005,88,94,-6,6
37006,88,93,-5,5
37007,81,84,-3,3
37008,79,77,2,2
37009,54,59,-5,5
37010,88,78,10,10
37011,75,78,-3,3
37012,101,86,15,15
37013,89,81,8,8
37014,51,63,-12,12
37015,121,120,1,1
37016,110,115,-5,5
37017,99,92,7,7
37018,63,60,3,3
37019,113,121,-8,8
37020,137,143,-6,6
37021,114,111,3,3
37022,87,81,6,6
37023,176,148,28,28
37024,136,145,-9,9
37025,104,103,1,1
37026,131,147,-16,16
37027,100,101,-1,1
37028,110,109,1,1
37029,54,43,11,11
37030,99,98,1,1
37031,55,62,-7,7
37032,141,117,24,24
37033,142,123,19,19
37034,125,107,18,18
37035,114,126,-12,12
37036,121,112,9,9
37037,138,121,17,17
37038,66,70,-4,4
37039,108,103,5,5
37040,137,130,7,7
37041,57,75,-18,18
37042,97,102,-5,5
37043,114,96,18,18
37044,124,141,-17,17
37045,66,67,-1,1
37046,51,56,-5,5
37047,162,134,28,28
37048,161,148,13,13
37049,116,107,9,9
37050,111,104,7,7
37051,143,143,0,0
37052,41,63,-22,22
37053,97,91,6,6
37054,49,52,-3,3
37055,156,142,14,14
37056,48,46,2,2
37057,82,74,8,8
37058,58,53,5,5
37059,81,87,-6,6
37060,81,82,-1,1
37061,68,59,9,9
37062,120,126,-6,6
37063,28,37,-9,9
37064,84,93,-9,9
37065,96,109,-13,13
37066,79,83,-4,4
37067,446,269,177,177
37068,132,129,3,3
37069,131,129,2,2
37070,60,67,-7,7
37071,78,68,10,10
37072,113,109,4,4
37073,67,75,-8,8
37074,83,75,8,8
37075,77,48,29,29
37076,82,86,-4,4
37077,60,57,3,3
37078,112,111,1,1
37079,124,110,14,14
37080,150,131,19,19
37081,87,89,-2,2
37082,129,110,19,19
37083,151,137,14,14
37084,36,37,-1,1
37085,100,92,8,8
37086,57,126,-69,69
37087,108,118,-10,10
37088,78,89,-11,11
37089,72,79,-7,7
37090,69,76,-7,7
37091,108,108,0,0
37092,87,85,2,2
37093,51,67,-16,16
37094,48,46,2,2
37095,98,106,-8,8
37096,31,48,-17,17
37097,140,106,34,34
37098,74,58,16,16
37099,95,93,2,2
37100,87,85,2,2
37101,120,122,-2,2
37102,83,85,-2,2
37103,81,100,-19,19
37104,75,86,-11,11
37105,87,96,-9,9
37106,145,146,-1,1
37107,98,97,1,1
37108,52,57,-5,5
37109,83,83,0,0
37110,55,66,-11,11
37111,110,117,-7,7
37112,125,133,-8,8
37113,87,83,4,4
37114,101,92,9,9
37115,81,76,5,5
37116,143,141,2,2
37117,218,195,23,23
37118,79,81,-2,2
37119,97,91,6,6
37120,58,63,-5,5
37121,116,125,-9,9
37122,76,76,0,0
37123,94,100,-6,6
37124,79,100,-21,21
37125,60,56,4,4
37126,103,112,-9,9
37127,51,52,-1,1
37128,113,107,6,6
37129,83,100,-17,17
37130,121,115,6,6
37131,87,80,7,7
37132,152,145,7,7
37133,97,100,-3,3
37134,169,160,9,9
37135,73,86,-13,13
37136,141,129,12,12
37137,88,71,17,17
37138,75,163,-88,88
37139,78,73,5,5
37140,114,109,5,5
37141,95,92,3,3
37142,100,108,-8,8
37143,94,97,-3,3
37144,62,57,5,5
37145,75,123,-48,48
37146,91,98,-7,7
37147,155,124,31,31
37148,82,76,6,6
37149,120,125,-5,5
37150,154,138,16,16
37151,45,59,-14,14
37152,69,71,-2,2
37153,70,73,-3,3
37154,129,143,-14,14
37155,83,80,3,3
37156,102,102,0,0
37157,34,42,-8,8
37158,84,76,8,8
37159,93,93,0,0
37160,173,148,25,25
37161,81,89,-8,8
37162,112,113,-1,1
37163,141,121,20,20
37164,117,114,3,3
37165,87,96,-9,9
37166,89,94,-5,5
37167,138,143,-5,5
37168,77,76,1,1
37169,71,71,0,0
37170,108,107,1,1
37171,84,83,1,1
37172,90,95,-5,5
37173,156,145,11,11
37174,90,91,-1,1
37175,91,86,5,5
37176,64,60,4,4
37177,66,68,-2,2
37178,59,53,6,6
37179,124,121,3,3
37180,49,44,5,5
37181,108,110,-2,2
37182,83,88,-5,5
37183,115,102,13,13
37184,59,64,-5,5
37185,51,77,-26,26
37186,90,80,10,10
37187,77,93,-16,16
37188,59,64,-5,5
37189,100,100,0,0
37190,138,121,17,17
37191,237,193,44,44
37192,71,70,1,1
37193,51,60,-9,9
37194,160,153,7,7
37195,162,160,2,2
37196,121,118,3,3
37197,122,115,7,7
37198,64,59,5,5
37199,78,76,2,2
37200,107,124,-17,17
37201,102,102,0,0
37202,74,83,-9,9
37203,90,97,-7,7
37204,65,59,6,6
37205,85,90,-5,5
37206,88,99,-11,11
37207,95,94,1,1
37208,92,101,-9,9
37209,148,134,14,14
37210,89,87,2,2
37211,63,56,7,7
37212,98,95,3,3
37213,74,90,-16,16
37214,69,76,-7,7
37215,58,72,-14,14
37216,148,141,7,7
37217,75,82,-7,7
37218,128,116,12,12
37219,63,73,-10,10
37220,113,97,16,16
37221,88,88,0,0
37222,68,72,-4,4
37223,98,104,-6,6
37224,79,80,-1,1
37225,69,71,-2,2
37226,284,241,43,43
37227,76,74,2,2
37228,98,106,-8,8
37229,73,74,-1,1
37230,135,133,2,2
37231,71,61,10,10
37232,85,84,1,1
37233,58,62,-4,4
37234,110,112,-2,2
37235,63,75,-12,12
37236,91,96,-5,5
37237,72,69,3,3
37238,111,150,-39,39
37239,75,66,9,9
37240,127,139,-12,12
37241,157,139,18,18
37242,136,121,15,15
37243,66,64,2,2
37244,53,63,-10,10
37245,76,76,0,0
37246,76,74,2,2
37247,123,133,-10,10
37248,90,98,-8,8
37249,62,58,4,4
37250,93,116,-23,23
37251,150,132,18,18
37252,114,118,-4,4
37253,99,83,16,16
37254,85,87,-2,2
37255,68,74,-6,6
37256,54,57,-3,3
37257,64,60,4,4
37258,126,128,-2,2
37259,52,52,0,0
37260,119,111,8,8
37261,112,116,-4,4
37262,257,192,65,65
37263,75,77,-2,2
37264,58,52,6,6
37265,87,79,8,8
37266,50,67,-17,17
37267,79,88,-9,9
37268,142,138,4,4
37269,122,138,-16,16
37270,69,66,3,3
37271,82,84,-2,2
37272,83,80,3,3
37273,87,93,-6,6
37274,132,120,12,12
37275,110,121,-11,11
37276,98,81,17,17
37277,93,93,0,0
37278,112,117,-5,5
37279,101,96,5,5
37280,97,104,-7,7
37281,111,125,-14,14
37282,53,56,-3,3
37283,78,101,-23,23
37284,104,93,11,11
37285,86,79,7,7
37286,109,100,9,9
37287,136,123,13,13
37288,113,153,-40,40
37289,53,69,-16,16
37290,85,76,9,9
37291,142,128,14,14
37292,141,131,10,10
37293,87,84,3,3
37294,79,83,-4,4
37295,171,153,18,18
37296,104,114,-10,10
37297,91,115,-24,24
37298,70,64,6,6
37299,93,100,-7,7
37300,115,119,-4,4
37301,49,28,21,21
37302,115,109,6,6
37303,85,76,9,9
37304,96,92,4,4
37305,112,115,-3,3
37306,133,133,0,0
37307,114,119,-5,5
37308,78,97,-19,19
37309,158,139,19,19
37310,73,80,-7,7
37311,44,46,-2,2
37312,160,161,-1,1
37313,114,121,-7,7
37314,163,132,31,31
37315,113,107,6,6
37316,92,92,0,0
37317,35,51,-16,16
37318,135,133,2,2
37319,113,110,3,3
37320,105,100,5,5
37321,79,61,18,18
37322,130,117,13,13
37323,129,129,0,0
37324,81,74,7,7
37325,71,78,-7,7
37326,233,194,39,39
37327,79,95,-16,16
37328,88,84,4,4
37329,121,119,2,2
37330,132,121,11,11
37331,179,159,20,20
37332,199,197,2,2
37333,133,124,9,9
37334,127,108,19,19
37335,71,73,-2,2
37336,59,66,-7,7
37337,92,88,4,4
37338,98,101,-3,3
37339,93,80,13,13
37340,103,78,25,25
37341,114,116,-2,2
37342,80,92,-12,12
37343,84,96,-12,12
37344,95,89,6,6
37345,141,140,1,1
37346,184,162,22,22
37347,138,113,25,25
37348,59,56,3,3
37349,172,155,17,17
37350,146,131,15,15
37351,72,90,-18,18
37352,139,159,-20,20
37353,108,109,-1,1
37354,91,99,-8,8
37355,38,41,-3,3
37356,44,52,-8,8
37357,86,76,10,10
37358,68,83,-15,15
37359,68,58,10,10
37360,100,97,3,3
37361,135,110,25,25
37362,30,37,-7,7
37363,149,149,0,0
37364,93,92,1,1
37365,132,125,7,7
37366,61,58,3,3
37367,104,99,5,5
37368,119,118,1,1
37369,61,66,-5,5
37370,79,80,-1,1
37371,48,50,-2,2
37372,80,50,30,30
37373,145,152,-7,7
37374,65,63,2,2
37375,68,87,-19,19
37376,68,74,-6,6
37377,78,75,3,3
37378,65,63,2,2
37379,98,90,8,8
37380,102,107,-5,5
37381,115,101,14,14
37382,71,73,-2,2
37383,63,59,4,4
37384,64,83,-19,19
37385,97,102,-5,5
37386,102,96,6,6
37387,101,97,4,4
37388,34,45,-11,11
37389,70,73,-3,3
37390,53,66,-13,13
37391,92,89,3,3
37392,83,99,-16,16
37393,101,101,0,0
37394,76,73,3,3
37395,76,81,-5,5
37396,111,106,5,5
37397,49,65,-16,16
37398,55,68,-13,13
37399,115,115,0,0
37400,126,128,-2,2
37401,121,109,12,12
37402,145,140,5,5
37403,60,74,-14,14
37404,73,63,10,10
37405,63,68,-5,5
37406,71,70,1,1
37407,81,83,-2,2
37408,98,101,-3,3
37409,138,136,2,2
37410,69,79,-10,10
37411,172,171,1,1
37412,57,75,-18,18
37413,119,107,12,12
37414,65,70,-5,5
37415,54,70,-16,16
37416,86,93,-7,7
37417,116,117,-1,1
37418,145,156,-11,11
37419,102,111,-9,9
37420,108,107,1,1
37421,63,63,0,0
37422,125,105,20,20
37423,90,99,-9,9
37424,139,131,8,8
37425,94,94,0,0
37426,86,98,-12,12
37427,44,78,-34,34
37428,89,94,-5,5
37429,82,77,5,5
37430,114,99,15,15
37431,60,55,5,5
37432,103,113,-10,10
37433,58,65,-7,7
37434,108,109,-1,1
37435,140,141,-1,1
37436,160,154,6,6
37437,54,50,4,4
37438,106,105,1,1
37439,140,139,1,1
37440,101,103,-2,2
37441,120,116,4,4
37442,118,98,20,20
37443,116,106,10,10
37444,108,103,5,5
37445,205,187,18,18
37446,192,196,-4,4
37447,97,91,6,6
37448,59,66,-7,7
37449,60,73,-13,13
37450,51,56,-5,5
37451,48,44,4,4
37452,118,111,7,7
37453,209,188,21,21
37454,64,62,2,2
37455,76,74,2,2
37456,130,123,7,7
37457,83,109,-26,26
37458,69,83,-14,14
37459,66,57,9,9
37460,81,92,-11,11
37461,116,128,-12,12
37462,91,88,3,3
37463,178,149,29,29
37464,148,155,-7,7
37465,160,154,6,6
37466,116,141,-25,25
37467,87,92,-5,5
37468,93,88,5,5
37469,71,90,-19,19
37470,121,115,6,6
37471,85,65,20,20
37472,75,83,-8,8
37473,101,99,2,2
37474,72,88,-16,16
37475,60,88,-28,28
37476,102,85,17,17
37477,111,99,12,12
37478,81,96,-15,15
37479,75,90,-15,15
37480,107,108,-1,1
37481,75,86,-11,11
37482,67,83,-16,16
37483,126,133,-7,7
37484,106,103,3,3
37485,126,131,-5,5
37486,104,110,-6,6
37487,65,76,-11,11
37488,92,92,0,0
37489,78,72,6,6
37490,127,109,18,18
37491,88,83,5,5
37492,35,63,-28,28
37493,87,83,4,4
37494,53,66,-13,13
37495,108,105,3,3
37496,89,92,-3,3
37497,79,70,9,9
37498,79,87,-8,8
37499,138,119,19,19
37500,92,91,1,1
37501,84,75,9,9
37502,65,61,4,4
37503,74,70,4,4
37504,147,131,16,16
37505,96,93,3,3
37506,124,111,13,13
37507,84,93,-9,9
37508,118,122,-4,4
37509,80,75,5,5
37510,89,90,-1,1
37511,154,159,-5,5
37512,96,93,3,3
37513,73,79,-6,6
37514,218,198,20,20
37515,108,110,-2,2
37516,156,156,0,0
37517,56,70,-14,14
37518,105,102,3,3
37519,103,135,-32,32
37520,98,96,2,2
37521,161,162,-1,1
37522,150,133,17,17
37523,50,57,-7,7
37524,99,102,-3,3
37525,62,57,5,5
37526,102,95,7,7
37527,86,81,5,5
37528,81,72,9,9
37529,51,53,-2,2
37530,100,98,2,2
37531,74,69,5,5
37532,65,52,13,13
37533,95,94,1,1
37534,99,101,-2,2
37535,84,92,-8,8
37536,114,85,29,29
37537,99,89,10,10
37538,58,64,-6,6
37539,49,69,-20,20
37540,119,113,6,6
37541,83,92,-9,9
37542,96,101,-5,5
37543,70,77,-7,7
37544,108,98,10,10
37545,128,115,13,13
37546,75,84,-9,9
37547,72,65,7,7
37548,88,91,-3,3
37549,71,66,5,5
37550,103,98,5,5
37551,109,96,13,13
37552,77,89,-12,12
37553,74,68,6,6
37554,105,95,10,10
37555,56,44,12,12
37556,95,91,4,4
37557,152,135,17,17
37558,62,73,-11,11
37559,128,124,4,4
37560,108,104,4,4
37561,58,63,-5,5
37562,144,143,1,1
37563,109,102,7,7
37564,66,69,-3,3
37565,114,122,-8,8
37566,150,128,22,22
37567,98,98,0,0
37568,151,134,17,17
37569,73,65,8,8
37570,84,84,0,0
37571,126,114,12,12
37572,50,55,-5,5
37573,101,114,-13,13
37574,56,63,-7,7
37575,95,96,-1,1
37576,65,63,2,2
37577,141,130,11,11
37578,94,86,8,8
37579,67,75,-8,8
37580,55,55,0,0
37581,65,74,-9,9
37582,52,63,-11,11
37583,95,86,9,9
37584,158,147,11,11
37585,106,44,62,62
37586,101,106,-5,5
37587,96,97,-1,1
37588,132,144,-12,12
37589,91,90,1,1
37590,80,77,3,3
37591,209,188,21,21
37592,71,82,-11,11
37593,94,98,-4,4
37594,93,75,18,18
37595,103,101,2,2
37596,69,72,-3,3
37597,190,182,8,8
37598,92,83,9,9
37599,105,92,13,13
37600,69,73,-4,4
37601,54,59,-5,5
37602,59,58,1,1
37603,82,88,-6,6
37604,84,94,-10,10
37605,30,43,-13,13
37606,150,149,1,1
37607,65,76,-11,11
37608,88,85,3,3
37609,80,73,7,7
37610,174,165,9,9
37611,134,151,-17,17
37612,82,78,4,4
37613,77,71,6,6
37614,65,78,-13,13
37615,49,50,-1,1
37616,95,104,-9,9
37617,67,71,-4,4
37618,69,82,-13,13
37619,125,115,10,10
37620,124,137,-13,13
37621,81,81,0,0
37622,93,94,-1,1
37623,148,116,32,32
37624,158,141,17,17
37625,107,104,3,3
37626,138,131,7,7
37627,106,99,7,7
37628,102,111,-9,9
37629,151,152,-1,1
37630,103,104,-1,1
37631,77,69,8,8
37632,139,124,15,15
37633,122,128,-6,6
37634,86,86,0,0
37635,85,87,-2,2
37636,76,66,10,10
37637,115,101,14,14
37638,137,130,7,7
37639,113,168,-55,55
37640,155,139,16,16
37641,66,74,-8,8
37642,75,75,0,0
37643,120,122,-2,2
37644,116,100,16,16
37645,152,159,-7,7
37646,56,60,-4,4
37647,205,178,27,27
37648,96,94,2,2
37649,101,95,6,6
37650,100,102,-2,2
37651,94,92,2,2
37652,130,111,19,19
37653,61,81,-20,20
37654,123,121,2,2
37655,111,109,2,2
37656,136,141,-5,5
37657,166,126,40,40
37658,85,97,-12,12
37659,99,104,-5,5
37660,58,76,-18,18
37661,98,89,9,9
37662,88,72,16,16
37663,164,163,1,1
37664,67,61,6,6
37665,112,100,12,12
37666,105,109,-4,4
37667,151,129,22,22
37668,80,72,8,8
37669,121,132,-11,11
37670,179,141,38,38
37671,151,126,25,25
37672,116,115,1,1
37673,93,100,-7,7
37674,96,95,1,1
37675,112,150,-38,38
37676,45,46,-1,1
37677,100,99,1,1
37678,71,84,-13,13
37679,72,63,9,9
37680,124,106,18,18
37681,54,63,-9,9
37682,135,129,6,6
37683,125,116,9,9
37684,125,110,15,15
37685,104,105,-1,1
37686,76,89,-13,13
37687,106,144,-38,38
37688,76,72,4,4
37689,87,87,0,0
37690,146,142,4,4
37691,91,87,4,4
37692,72,84,-12,12
37693,149,153,-4,4
37694,82,82,0,0
37695,157,111,46,46
37696,138,132,6,6
37697,122,127,-5,5
37698,105,107,-2,2
37699,88,80,8,8
37700,157,166,-9,9
37701,108,99,9,9
37702,94,81,13,13
37703,102,111,-9,9
37704,51,58,-7,7
37705,84,85,-1,1
37706,67,89,-22,22
37707,128,110,18,18
37708,130,130,0,0
37709,165,142,23,23
37710,100,105,-5,5
37711,121,126,-5,5
37712,74,87,-13,13
37713,58,55,3,3
37714,88,100,-12,12
37715,105,120,-15,15
37716,116,104,12,12
37717,103,98,5,5
37718,101,106,-5,5
37719,108,122,-14,14
37720,75,96,-21,21
37721,106,102,4,4
37722,69,66,3,3
37723,87,93,-6,6
37724,68,79,-11,11
37725,51,60,-9,9
37726,61,71,-10,10
37727,110,100,10,10
37728,104,95,9,9
37729,70,77,-7,7
37730,47,51,-4,4
37731,69,78,-9,9
37732,48,59,-11,11
37733,92,97,-5,5
37734,116,118,-2,2
37735,94,102,-8,8
37736,79,85,-6,6
37737,116,118,-2,2
37738,133,135,-2,2
37739,70,72,-2,2
37740,153,142,11,11
37741,41,79,-38,38
37742,73,71,2,2
37743,109,111,-2,2
37744,145,138,7,7
37745,106,113,-7,7
37746,89,86,3,3
37747,69,77,-8,8
37748,73,63,10,10
37749,61,59,2,2
37750,127,131,-4,4
37751,104,103,1,1
37752,103,103,0,0
37753,107,93,14,14
37754,116,122,-6,6
37755,66,81,-15,15
37756,130,117,13,13
37757,102,91,11,11
37758,102,105,-3,3
37759,72,90,-18,18
37760,98,95,3,3
37761,55,55,0,0
37762,90,100,-10,10
37763,116,110,6,6
37764,64,77,-13,13
37765,113,104,9,9
37766,75,83,-8,8
37767,75,97,-22,22
37768,119,119,0,0
37769,81,76,5,5
37770,74,68,6,6
37771,156,140,16,16
37772,93,101,-8,8
37773,84,86,-2,2
37774,118,139,-21,21
37775,70,59,11,11
37776,197,192,5,5
37777,57,51,6,6
37778,41,46,-5,5
37779,110,108,2,2
37780,94,83,11,11
37781,121,100,21,21
37782,77,78,-1,1
37783,104,91,13,13
37784,98,100,-2,2
37785,101,88,13,13
37786,65,68,-3,3
37787,140,133,7,7
37788,113,105,8,8
37789,103,91,12,12
37790,84,73,11,11
37791,75,69,6,6
37792,136,131,5,5
37793,123,111,12,12
37794,117,106,11,11
37795,107,102,5,5
37796,64,64,0,0
37797,61,69,-8,8
37798,216,170,46,46
37799,94,96,-2,2
37800,96,96,0,0
37801,83,111,-28,28
37802,42,33,9,9
37803,93,99,-6,6
37804,61,64,-3,3
37805,101,76,25,25
37806,118,110,8,8
37807,100,104,-4,4
37808,107,132,-25,25
37809,98,106,-8,8
37810,64,61,3,3
37811,215,197,18,18
37812,127,117,10,10
37813,91,90,1,1
37814,113,116,-3,3
37815,82,79,3,3
37816,120,132,-12,12
37817,72,71,1,1
37818,77,91,-14,14
37819,79,97,-18,18
37820,67,76,-9,9
37821,89,97,-8,8
37822,54,54,0,0
37823,97,95,2,2
37824,82,82,0,0
37825,91,102,-11,11
37826,83,76,7,7
37827,54,73,-19,19
37828,116,130,-14,14
37829,80,81,-1,1
37830,75,70,5,5
37831,187,177,10,10
37832,78,86,-8,8
37833,95,98,-3,3
37834,87,81,6,6
37835,74,85,-11,11
37836,67,71,-4,4
37837,66,57,9,9
37838,78,64,14,14
37839,107,109,-2,2
37840,59,51,8,8
37841,92,97,-5,5
37842,41,44,-3,3
37843,130,113,17,17
37844,100,108,-8,8
37845,88,96,-8,8
37846,67,61,6,6
37847,100,91,9,9
37848,99,111,-12,12
37849,69,73,-4,4
37850,115,123,-8,8
37851,116,124,-8,8
37852,49,64,-15,15
37853,91,96,-5,5
37854,67,83,-16,16
37855,105,93,12,12
37856,137,139,-2,2
37857,72,82,-10,10
37858,61,60,1,1
37859,86,87,-1,1
37860,91,94,-3,3
37861,85,96,-11,11
37862,83,99,-16,16
37863,68,64,4,4
37864,103,94,9,9
37865,106,102,4,4
37866,139,119,20,20
37867,115,120,-5,5
37868,48,48,0,0
37869,159,166,-7,7
37870,61,62,-1,1
37871,113,127,-14,14
37872,101,104,-3,3
37873,77,69,8,8
37874,134,137,-3,3
37875,67,64,3,3
37876,106,108,-2,2
37877,57,55,2,2
37878,95,106,-11,11
37879,93,91,2,2
37880,95,93,2,2
37881,179,160,19,19
37882,153,149,4,4
37883,62,66,-4,4
37884,69,67,2,2
37885,165,159,6,6
37886,180,191,-11,11
37887,87,83,4,4
37888,110,108,2,2
37889,116,122,-6,6
37890,159,160,-1,1
37891,99,104,-5,5
37892,114,107,7,7
37893,102,94,8,8
37894,154,154,0,0
37895,91,84,7,7
37896,124,116,8,8
37897,91,84,7,7
37898,41,54,-13,13
37899,45,57,-12,12
37900,71,91,-20,20
37901,76,79,-3,3
37902,99,102,-3,3
37903,111,103,8,8
37904,97,96,1,1
37905,124,108,16,16
37906,96,109,-13,13
37907,79,86,-7,7
37908,122,141,-19,19
37909,115,94,21,21
37910,89,88,1,1
37911,73,86,-13,13
37912,111,122,-11,11
37913,89,95,-6,6
37914,138,140,-2,2
37915,100,113,-13,13
37916,78,83,-5,5
37917,83,97,-14,14
37918,86,97,-11,11
37919,135,137,-2,2
37920,114,112,2,2
37921,56,65,-9,9
37922,149,156,-7,7
37923,81,83,-2,2
37924,79,82,-3,3
37925,103,101,2,2
37926,56,73,-17,17
37927,150,163,-13,13
37928,78,83,-5,5
37929,78,82,-4,4
37930,41,47,-6,6
37931,121,104,17,17
37932,123,130,-7,7
37933,76,88,-12,12
37934,103,99,4,4
37935,35,36,-1,1
37936,124,121,3,3
37937,55,61,-6,6
37938,88,76,12,12
37939,90,87,3,3
37940,120,94,26,26
37941,71,69,2,2
37942,79,73,6,6
37943,62,61,1,1
37944,86,88,-2,2
37945,64,63,1,1
37946,131,148,-17,17
37947,146,138,8,8
37948,86,76,10,10
37949,98,98,0,0
37950,183,143,40,40
37951,91,105,-14,14
37952,77,80,-3,3
37953,142,132,10,10
37954,79,76,3,3
37955,41,50,-9,9
37956,105,100,5,5
37957,197,176,21,21
37958,115,105,10,10
37959,71,63,8,8
37960,140,145,-5,5
37961,130,112,18,18
37962,83,82,1,1
37963,108,130,-22,22
37964,67,70,-3,3
37965,70,76,-6,6
37966,93,93,0,0
37967,64,66,-2,2
37968,98,110,-12,12
37969,115,115,0,0
37970,62,67,-5,5
37971,88,87,1,1
37972,61,59,2,2
37973,198,201,-3,3
37974,101,115,-14,14
37975,66,64,2,2
37976,31,29,2,2
37977,94,87,7,7
37978,93,92,1,1
37979,117,149,-32,32
37980,99,106,-7,7
37981,36,39,-3,3
37982,76,81,-5,5
37983,67,76,-9,9
37984,78,85,-7,7
37985,50,39,11,11
37986,55,48,7,7
37987,92,87,5,5
37988,94,86,8,8
37989,137,129,8,8
37990,102,96,6,6
37991,113,131,-18,18
37992,89,76,13,13
37993,124,151,-27,27
37994,82,74,8,8
37995,60,71,-11,11
37996,125,115,10,10
37997,78,86,-8,8
37998,143,140,3,3
37999,142,142,0,0
38000,106,102,4,4
38001,124,119,5,5
38002,52,54,-2,2
38003,97,119,-22,22
38004,80,87,-7,7
38005,107,110,-3,3
38006,141,138,3,3
38007,57,45,12,12
38008,89,84,5,5
38009,104,124,-20,20
38010,154,144,10,10
38011,76,78,-2,2
38012,95,83,12,12
38013,179,152,27,27
38014,64,83,-19,19
38015,119,105,14,14
38016,108,127,-19,19
38017,114,105,9,9
38018,92,84,8,8
38019,109,107,2,2
38020,139,140,-1,1
38021,130,138,-8,8
38022,112,111,1,1
38023,123,111,12,12
38024,125,116,9,9
38025,66,56,10,10
38026,77,83,-6,6
38027,87,89,-2,2
38028,97,100,-3,3
38029,56,42,14,14
38030,146,133,13,13
38031,71,69,2,2
38032,176,167,9,9
38033,96,94,2,2
38034,105,102,3,3
38035,127,129,-2,2
38036,82,83,-1,1
38037,137,138,-1,1
38038,120,109,11,11
38039,82,76,6,6
38040,73,74,-1,1
38041,78,69,9,9
38042,83,81,2,2
38043,83,82,1,1
38044,74,88,-14,14
38045,81,88,-7,7
38046,178,168,10,10
38047,96,110,-14,14
38048,48,68,-20,20
38049,74,94,-20,20
38050,143,141,2,2
38051,94,95,-1,1
38052,142,131,11,11
38053,144,139,5,5
38054,114,128,-14,14
38055,91,99,-8,8
38056,127,134,-7,7
38057,65,80,-15,15
38058,152,141,11,11
38059,106,97,9,9
38060,140,142,-2,2
38061,96,107,-11,11
38062,72,120,-48,48
38063,71,97,-26,26
38064,116,105,11,11
38065,156,149,7,7
38066,57,51,6,6
38067,24,12,12,12
38068,122,123,-1,1
38069,118,107,11,11
38070,96,92,4,4
38071,86,86,0,0
38072,163,146,17,17
38073,60,72,-12,12
38074,80,74,6,6
38075,78,68,10,10
38076,82,84,-2,2
38077,113,102,11,11
38078,104,112,-8,8
38079,154,154,0,0
38080,34,44,-10,10
38081,111,99,12,12
38082,103,95,8,8
38083,88,93,-5,5
38084,112,108,4,4
38085,115,125,-10,10
38086,60,53,7,7
38087,150,132,18,18
38088,116,112,4,4
38089,80,75,5,5
38090,112,97,15,15
38091,116,118,-2,2
38092,83,87,-4,4
38093,161,141,20,20
38094,65,69,-4,4
38095,74,74,0,0
38096,72,70,2,2
38097,185,139,46,46
38098,89,88,1,1
38099,90,93,-3,3
38100,175,151,24,24
38101,96,93,3,3
38102,96,85,11,11
38103,111,113,-2,2
38104,46,57,-11,11
38105,105,108,-3,3
38106,69,76,-7,7
38107,117,114,3,3
38108,91,87,4,4
38109,70,74,-4,4
38110,150,141,9,9
38111,122,118,4,4
38112,98,117,-19,19
38113,100,95,5,5
38114,160,140,20,20
38115,139,126,13,13
38116,170,144,26,26
38117,79,95,-16,16
38118,132,124,8,8
38119,121,127,-6,6
38120,118,122,-4,4
38121,102,87,15,15
38122,98,89,9,9
38123,115,124,-9,9
38124,159,149,10,10
38125,92,96,-4,4
38126,41,55,-14,14
38127,84,88,-4,4
38128,132,147,-15,15
38129,109,96,13,13
38130,78,80,-2,2
38131,114,109,5,5
38132,121,116,5,5
38133,93,97,-4,4
38134,115,113,2,2
38135,44,56,-12,12
38136,74,68,6,6
38137,49,45,4,4
38138,165,158,7,7
38139,83,86,-3,3
38140,158,156,2,2
38141,101,83,18,18
38142,118,110,8,8
38143,94,92,2,2
38144,117,141,-24,24
38145,109,109,0,0
38146,73,82,-9,9
38147,76,94,-18,18
38148,138,136,2,2
38149,113,97,16,16
38150,96,96,0,0
38151,73,71,2,2
38152,112,109,3,3
38153,63,67,-4,4
38154,104,88,16,16
38155,82,86,-4,4
38156,54,70,-16,16
38157,84,90,-6,6
38158,133,144,-11,11
38159,101,101,0,0
38160,108,110,-2,2
38161,83,82,1,1
38162,78,85,-7,7
38163,82,79,3,3
38164,76,91,-15,15
38165,90,81,9,9
38166,105,102,3,3
38167,61,66,-5,5
38168,102,123,-21,21
38169,104,117,-13,13
38170,72,68,4,4
38171,74,56,18,18
38172,92,93,-1,1
38173,85,79,6,6
38174,99,96,3,3
38175,111,131,-20,20
38176,67,70,-3,3
38177,76,78,-2,2
38178,113,94,19,19
38179,107,92,15,15
38180,117,110,7,7
38181,116,113,3,3
38182,97,97,0,0
38183,125,117,8,8
38184,112,117,-5,5
38185,71,83,-12,12
38186,115,117,-2,2
38187,59,85,-26,26
38188,97,88,9,9
38189,124,107,17,17
38190,45,43,2,2
38191,87,82,5,5
38192,103,136,-33,33
38193,64,87,-23,23
38194,100,96,4,4
38195,97,74,23,23
38196,121,113,8,8
38197,111,117,-6,6
38198,74,72,2,2
38199,118,149,-31,31
38200,91,91,0,0
38201,89,86,3,3
38202,105,92,13,13
38203,79,88,-9,9
38204,68,69,-1,1
38205,125,126,-1,1
38206,87,81,6,6
38207,123,110,13,13
38208,93,98,-5,5
38209,100,97,3,3
38210,64,60,4,4
38211,108,111,-3,3
38212,68,64,4,4
38213,86,86,0,0
38214,107,88,19,19
38215,73,84,-11,11
38216,128,135,-7,7
38217,119,115,4,4
38218,54,35,19,19
38219,72,69,3,3
38220,73,83,-10,10
38221,159,151,8,8
38222,83,79,4,4
38223,97,97,0,0
38224,131,122,9,9
38225,69,78,-9,9
38226,86,72,14,14
38227,119,113,6,6
38228,100,90,10,10
38229,102,109,-7,7
38230,67,66,1,1
38231,53,60,-7,7
38232,85,98,-13,13
38233,168,151,17,17
38234,61,45,16,16
38235,77,82,-5,5
38236,85,93,-8,8
38237,69,66,3,3
38238,124,115,9,9
38239,89,96,-7,7
38240,148,152,-4,4
38241,143,122,21,21
38242,57,73,-16,16
38243,144,131,13,13
38244,66,73,-7,7
38245,83,91,-8,8
38246,120,119,1,1
38247,131,134,-3,3
38248,51,51,0,0
38249,77,58,19,19
38250,62,64,-2,2
38251,125,126,-1,1
38252,87,84,3,3
38253,89,83,6,6
38254,162,154,8,8
38255,109,114,-5,5
38256,126,125,1,1
38257,87,88,-1,1
38258,87,112,-25,25
38259,116,117,-1,1
38260,51,52,-1,1
38261,65,57,8,8
38262,95,92,3,3
38263,86,72,14,14
38264,98,100,-2,2
38265,74,77,-3,3
38266,87,92,-5,5
38267,113,106,7,7
38268,70,86,-16,16
38269,119,128,-9,9
38270,180,165,15,15
38271,94,92,2,2
38272,67,70,-3,3
38273,85,85,0,0
38274,147,147,0,0
38275,79,64,15,15
38276,76,78,-2,2
38277,60,47,13,13
38278,55,42,13,13
38279,95,109,-14,14
38280,127,115,12,12
38281,100,103,-3,3
38282,85,90,-5,5
38283,127,128,-1,1
38284,101,94,7,7
38285,70,81,-11,11
38286,102,99,3,3
38287,73,77,-4,4
38288,107,112,-5,5
38289,129,134,-5,5
38290,114,107,7,7
38291,45,56,-11,11
38292,52,49,3,3
38293,69,70,-1,1
38294,71,78,-7,7
38295,65,59,6,6
38296,211,172,39,39
38297,113,140,-27,27
38298,97,101,-4,4
38299,60,67,-7,7
38300,184,151,33,33
38301,106,93,13,13
38302,121,128,-7,7
38303,112,136,-24,24
38304,137,126,11,11
38305,104,101,3,3
38306,124,93,31,31
38307,72,87,-15,15
38308,116,110,6,6
38309,76,71,5,5
38310,99,108,-9,9
38311,75,81,-6,6
38312,81,87,-6,6
38313,69,70,-1,1
38314,72,92,-20,20
38315,87,77,10,10
38316,93,94,-1,1
38317,136,145,-9,9
38318,101,105,-4,4
38319,89,89,0,0
38320,112,106,6,6
38321,65,68,-3,3
38322,118,110,8,8
38323,92,83,9,9
38324,80,82,-2,2
38325,98,99,-1,1
38326,70,62,8,8
38327,127,113,14,14
38328,149,129,20,20
38329,70,69,1,1
38330,139,157,-18,18
38331,82,80,2,2
38332,91,86,5,5
38333,39,66,-27,27
38334,82,95,-13,13
38335,105,102,3,3
38336,147,151,-4,4
38337,104,125,-21,21
38338,117,103,14,14
38339,91,96,-5,5
38340,90,93,-3,3
38341,104,93,11,11
38342,47,49,-2,2
38343,56,59,-3,3
38344,110,113,-3,3
38345,43,27,16,16
38346,120,116,4,4
38347,70,68,2,2
38348,75,72,3,3
38349,77,75,2,2
38350,72,69,3,3
38351,105,95,10,10
38352,218,182,36,36
38353,56,64,-8,8
38354,100,107,-7,7
38355,123,137,-14,14
38356,130,123,7,7
38357,63,56,7,7
38358,89,99,-10,10
38359,60,66,-6,6
38360,65,89,-24,24
38361,118,107,11,11
38362,86,92,-6,6
38363,166,163,3,3
38364,106,107,-1,1
38365,58,63,-5,5
38366,141,124,17,17
38367,96,93,3,3
38368,106,107,-1,1
38369,110,128,-18,18
38370,64,61,3,3
38371,83,80,3,3
38372,92,106,-14,14
38373,70,75,-5,5
38374,122,139,-17,17
38375,86,94,-8,8
38376,105,100,5,5
38377,99,99,0,0
38378,57,50,7,7
38379,79,78,1,1
38380,59,60,-1,1
38381,70,76,-6,6
38382,104,97,7,7
38383,86,95,-9,9
38384,112,126,-14,14
38385,102,96,6,6
38386,63,74,-11,11
38387,118,110,8,8
38388,63,55,8,8
38389,104,117,-13,13
38390,86,85,1,1
38391,167,135,32,32
38392,164,141,23,23
38393,85,91,-6,6
38394,111,104,7,7
38395,121,110,11,11
38396,94,94,0,0
38397,77,90,-13,13
38398,35,34,1,1
38399,95,90,5,5
38400,133,141,-8,8
38401,85,84,1,1
38402,67,54,13,13
38403,114,113,1,1
38404,157,128,29,29
38405,157,144,13,13
38406,94,106,-12,12
38407,54,64,-10,10
38408,64,56,8,8
38409,109,104,5,5
38410,71,73,-2,2
38411,73,71,2,2
38412,76,92,-16,16
38413,130,105,25,25
38414,79,74,5,5
38415,142,137,5,5
38416,89,88,1,1
38417,105,98,7,7
38418,78,96,-18,18
38419,64,64,0,0
38420,63,82,-19,19
38421,89,89,0,0
38422,171,180,-9,9
38423,111,93,18,18
38424,86,82,4,4
38425,102,95,7,7
38426,61,72,-11,11
38427,85,86,-1,1
38428,134,122,12,12
38429,81,82,-1,1
38430,142,128,14,14
38431,80,78,2,2
38432,83,82,1,1
38433,121,103,18,18
38434,67,51,16,16
38435,100,108,-8,8
38436,129,137,-8,8
38437,102,114,-12,12
38438,126,121,5,5
38439,98,99,-1,1
38440,63,40,23,23
38441,72,77,-5,5
38442,88,99,-11,11
38443,64,75,-11,11
38444,107,108,-1,1
38445,89,77,12,12
38446,93,95,-2,2
38447,146,129,17,17
38448,101,105,-4,4
38449,87,86,1,1
38450,97,97,0,0
38451,78,67,11,11
38452,130,122,8,8
38453,85,78,7,7
38454,77,69,8,8
38455,44,46,-2,2
38456,96,97,-1,1
38457,89,78,11,11
38458,117,117,0,0
38459,41,40,1,1
38460,113,116,-3,3
38461,103,86,17,17
38462,161,163,-2,2
38463,196,185,11,11
38464,64,69,-5,5
38465,82,85,-3,3
38466,66,93,-27,27
38467,80,80,0,0
38468,54,60,-6,6
38469,104,105,-1,1
38470,55,50,5,5
38471,57,63,-6,6
38472,49,57,-8,8
38473,70,72,-2,2
38474,74,82,-8,8
38475,33,24,9,9
38476,83,83,0,0
38477,89,82,7,7
38478,102,95,7,7
38479,156,136,20,20
38480,36,55,-19,19
38481,62,61,1,1
38482,102,103,-1,1
38483,87,96,-9,9
38484,50,45,5,5
38485,89,104,-15,15
38486,100,106,-6,6
38487,98,92,6,6
38488,56,55,1,1
38489,75,73,2,2
38490,98,89,9,9
38491,117,104,13,13
38492,235,213,22,22
38493,54,57,-3,3
38494,68,51,17,17
38495,116,119,-3,3
38496,32,41,-9,9
38497,55,59,-4,4
38498,82,91,-9,9
38499,119,119,0,0
38500,183,187,-4,4
38501,112,87,25,25
38502,57,56,1,1
38503,120,119,1,1
38504,77,90,-13,13
38505,68,83,-15,15
38506,126,123,3,3
38507,68,57,11,11
38508,103,99,4,4
38509,110,119,-9,9
38510,122,111,11,11
38511,100,110,-10,10
38512,74,72,2,2
38513,185,165,20,20
38514,118,130,-12,12
38515,41,53,-12,12
38516,91,99,-8,8
38517,83,69,14,14
38518,79,92,-13,13
38519,82,78,4,4
38520,84,92,-8,8
38521,70,54,16,16
38522,97,108,-11,11
38523,99,102,-3,3
38524,108,100,8,8
38525,85,91,-6,6
38526,132,142,-10,10
38527,99,97,2,2
38528,62,54,8,8
38529,80,87,-7,7
38530,96,74,22,22
38531,98,92,6,6
38532,109,110,-1,1
38533,124,126,-2,2
38534,101,110,-9,9
38535,118,116,2,2
38536,57,54,3,3
38537,79,85,-6,6
38538,86,96,-10,10
38539,77,82,-5,5
38540,132,123,9,9
38541,74,60,14,14
38542,108,107,1,1
38543,137,120,17,17
38544,102,101,1,1
38545,150,141,9,9
38546,51,67,-16,16
38547,77,67,10,10
38548,59,52,7,7
38549,42,36,6,6
38550,141,125,16,16
38551,132,119,13,13
38552,67,68,-1,1
38553,108,97,11,11
38554,144,151,-7,7
38555,69,68,1,1
38556,85,93,-8,8
38557,64,84,-20,20
38558,65,64,1,1
38559,221,202,19,19
38560,70,77,-7,7
38561,56,56,0,0
38562,62,68,-6,6
38563,88,108,-20,20
38564,108,121,-13,13
38565,178,146,32,32
38566,74,74,0,0
38567,85,93,-8,8
38568,61,62,-1,1
38569,111,68,43,43
38570,103,103,0,0
38571,110,108,2,2
38572,74,67,7,7
38573,172,143,29,29
38574,87,99,-12,12
38575,141,134,7,7
38576,86,75,11,11
38577,89,110,-21,21
38578,106,83,23,23
38579,103,91,12,12
38580,115,103,12,12
38581,61,63,-2,2
38582,102,100,2,2
38583,64,58,6,6
38584,121,117,4,4
38585,61,62,-1,1
38586,75,76,-1,1
38587,43,48,-5,5
38588,84,71,13,13
38589,118,110,8,8
38590,50,51,-1,1
38591,81,75,6,6
38592,160,141,19,19
38593,121,110,11,11
38594,77,95,-18,18
38595,124,123,1,1
38596,140,145,-5,5
38597,56,72,-16,16
38598,92,92,0,0
38599,99,104,-5,5
38600,169,156,13,13
38601,102,115,-13,13
38602,149,140,9,9
38603,161,163,-2,2
38604,73,75,-2,2
38605,81,81,0,0
38606,76,79,-3,3
38607,131,115,16,16
38608,155,147,8,8
38609,87,79,8,8
38610,62,67,-5,5
38611,87,73,14,14
38612,78,89,-11,11
38613,74,86,-12,12
38614,49,67,-18,18
38615,92,99,-7,7
38616,133,127,6,6
38617,149,146,3,3
38618,120,124,-4,4
38619,89,93,-4,4
38620,102,99,3,3
38621,62,45,17,17
38622,57,45,12,12
38623,43,55,-12,12
38624,72,81,-9,9
38625,58,57,1,1
38626,66,61,5,5
38627,73,93,-20,20
38628,112,95,17,17
38629,158,133,25,25
38630,70,84,-14,14
38631,136,130,6,6
38632,85,76,9,9
38633,37,60,-23,23
38634,87,92,-5,5
38635,130,134,-4,4
38636,88,92,-4,4
38637,57,69,-12,12
38638,117,115,2,2
38639,105,100,5,5
38640,75,83,-8,8
38641,153,146,7,7
38642,90,103,-13,13
38643,130,115,15,15
38644,86,88,-2,2
38645,124,132,-8,8
38646,83,78,5,5
38647,145,118,27,27
38648,77,77,0,0
38649,64,60,4,4
38650,129,121,8,8
38651,109,108,1,1
38652,94,77,17,17
38653,84,87,-3,3
38654,64,67,-3,3
38655,90,95,-5,5
38656,171,157,14,14
38657,93,97,-4,4
38658,121,117,4,4
38659,72,75,-3,3
38660,72,69,3,3
38661,85,84,1,1
38662,86,86,0,0
38663,93,97,-4,4
38664,94,86,8,8
38665,118,110,8,8
38666,72,61,11,11
38667,64,58,6,6
38668,127,119,8,8
38669,64,59,5,5
38670,75,71,4,4
38671,57,65,-8,8
38672,61,56,5,5
38673,74,93,-19,19
38674,53,60,-7,7
38675,80,90,-10,10
38676,83,78,5,5
38677,124,126,-2,2
38678,81,104,-23,23
38679,84,91,-7,7
38680,128,112,16,16
38681,93,99,-6,6
38682,79,91,-12,12
38683,81,102,-21,21
38684,81,75,6,6
38685,104,101,3,3
38686,82,85,-3,3
38687,84,60,24,24
38688,71,69,2,2
38689,62,72,-10,10
38690,66,67,-1,1
38691,63,59,4,4
38692,77,78,-1,1
38693,56,60,-4,4
38694,155,149,6,6
38695,143,122,21,21
38696,75,73,2,2
38697,92,95,-3,3
38698,108,102,6,6
38699,105,104,1,1
38700,63,60,3,3
38701,117,107,10,10
38702,123,105,18,18
38703,69,69,0,0
38704,119,126,-7,7
38705,92,98,-6,6
38706,94,86,8,8
38707,80,88,-8,8
38708,101,102,-1,1
38709,150,160,-10,10
38710,92,82,10,10
38711,97,94,3,3
38712,100,91,9,9
38713,74,91,-17,17
38714,157,154,3,3
38715,65,69,-4,4
38716,97,98,-1,1
38717,79,74,5,5
38718,86,86,0,0
38719,91,89,2,2
38720,51,51,0,0
38721,110,129,-19,19
38722,106,118,-12,12
38723,50,49,1,1
38724,76,77,-1,1
38725,126,123,3,3
38726,73,72,1,1
38727,80,84,-4,4
38728,90,89,1,1
38729,94,92,2,2
38730,99,105,-6,6
38731,140,137,3,3
38732,92,85,7,7
38733,96,102,-6,6
38734,107,107,0,0
38735,120,111,9,9
38736,141,135,6,6
38737,58,65,-7,7
38738,99,100,-1,1
38739,75,70,5,5
38740,118,101,17,17
38741,93,100,-7,7
38742,104,90,14,14
38743,81,86,-5,5
38744,107,102,5,5
38745,91,98,-7,7
38746,87,88,-1,1
38747,53,72,-19,19
38748,147,160,-13,13
38749,108,92,16,16
38750,76,72,4,4
38751,59,57,2,2
38752,85,98,-13,13
38753,82,73,9,9
38754,57,66,-9,9
38755,37,47,-10,10
38756,129,127,2,2
38757,57,47,10,10
38758,67,70,-3,3
38759,76,98,-22,22
38760,85,79,6,6
38761,130,112,18,18
38762,106,98,8,8
38763,104,112,-8,8
38764,88,89,-1,1
38765,65,35,30,30
38766,75,96,-21,21
38767,145,119,26,26
38768,149,141,8,8
38769,44,45,-1,1
38770,69,71,-2,2
38771,93,112,-19,19
38772,78,78,0,0
38773,63,70,-7,7
38774,78,88,-10,10
38775,85,79,6,6
38776,55,49,6,6
38777,73,93,-20,20
38778,107,113,-6,6
38779,131,127,4,4
38780,87,85,2,2
38781,40,45,-5,5
38782,139,123,16,16
38783,85,96,-11,11
38784,163,188,-25,25
38785,64,86,-22,22
38786,193,176,17,17
38787,86,88,-2,2
38788,98,104,-6,6
38789,51,61,-10,10
38790,128,117,11,11
38791,141,116,25,25
38792,84,86,-2,2
38793,142,136,6,6
38794,59,64,-5,5
38795,108,102,6,6
38796,39,46,-7,7
38797,156,152,4,4
38798,107,109,-2,2
38799,99,101,-2,2
38800,166,138,28,28
38801,85,76,9,9
38802,84,83,1,1
38803,98,89,9,9
38804,76,76,0,0
38805,138,119,19,19
38806,93,88,5,5
38807,182,153,29,29
38808,149,127,22,22
38809,132,123,9,9
38810,127,124,3,3
38811,70,72,-2,2
38812,57,63,-6,6
38813,176,184,-8,8
38814,68,65,3,3
38815,46,40,6,6
38816,66,59,7,7
38817,113,125,-12,12
38818,135,141,-6,6
38819,48,52,-4,4
38820,135,123,12,12
38821,70,69,1,1
38822,91,88,3,3
38823,125,108,17,17
38824,109,94,15,15
38825,53,67,-14,14
38826,91,89,2,2
38827,70,71,-1,1
38828,65,69,-4,4
38829,125,111,14,14
38830,72,74,-2,2
38831,103,96,7,7
38832,103,71,32,32
38833,101,80,21,21
38834,117,122,-5,5
38835,63,69,-6,6
38836,164,155,9,9
38837,57,69,-12,12
38838,120,113,7,7
38839,133,129,4,4
38840,83,98,-15,15
38841,64,63,1,1
38842,102,90,12,12
38843,70,68,2,2
38844,124,126,-2,2
38845,106,99,7,7
38846,156,140,16,16
38847,67,68,-1,1
38848,147,133,14,14
38849,113,124,-11,11
38850,121,121,0,0
38851,97,93,4,4
38852,59,77,-18,18
38853,50,57,-7,7
38854,118,110,8,8
38855,56,54,2,2
38856,87,90,-3,3
38857,89,102,-13,13
38858,65,77,-12,12
38859,62,72,-10,10
38860,138,150,-12,12
38861,149,149,0,0
38862,69,60,9,9
38863,76,88,-12,12
38864,65,66,-1,1
38865,70,67,3,3
38866,133,146,-13,13
38867,77,71,6,6
38868,93,90,3,3
38869,105,143,-38,38
38870,67,74,-7,7
38871,84,81,3,3
38872,83,94,-11,11
38873,46,63,-17,17
38874,102,101,1,1
38875,80,74,6,6
38876,106,108,-2,2
38877,91,89,2,2
38878,70,38,32,32
38879,213,181,32,32
38880,84,81,3,3
38881,124,98,26,26
38882,113,117,-4,4
38883,89,97,-8,8
38884,112,113,-1,1
38885,78,71,7,7
38886,60,59,1,1
38887,119,105,14,14
38888,58,57,1,1
38889,109,92,17,17
38890,113,135,-22,22
38891,101,95,6,6
38892,61,60,1,1
38893,76,72,4,4
38894,84,79,5,5
38895,86,85,1,1
38896,108,108,0,0
38897,102,96,6,6
38898,151,151,0,0
38899,66,65,1,1
38900,71,64,7,7
38901,66,67,-1,1
38902,131,130,1,1
38903,49,54,-5,5
38904,99,118,-19,19
38905,69,76,-7,7
38906,72,69,3,3
38907,179,160,19,19
38908,152,144,8,8
38909,70,67,3,3
38910,63,68,-5,5
38911,104,106,-2,2
38912,22,21,1,1
38913,105,105,0,0
38914,174,166,8,8
38915,123,123,0,0
38916,34,55,-21,21
38917,76,76,0,0
38918,114,110,4,4
38919,84,101,-17,17
38920,114,100,14,14
38921,236,190,46,46
38922,86,89,-3,3
38923,91,79,12,12
38924,109,106,3,3
38925,99,88,11,11
38926,79,61,18,18
38927,51,65,-14,14
38928,201,181,20,20
38929,60,65,-5,5
38930,89,104,-15,15
38931,84,82,2,2
38932,40,44,-4,4
38933,68,68,0,0
38934,58,60,-2,2
38935,73,67,6,6
38936,121,114,7,7
38937,55,68,-13,13
38938,91,88,3,3
38939,57,55,2,2
38940,68,50,18,18
38941,93,85,8,8
38942,59,51,8,8
38943,76,72,4,4
38944,99,100,-1,1
38945,85,112,-27,27
38946,113,116,-3,3
38947,107,96,11,11
38948,184,172,12,12
38949,80,85,-5,5
38950,99,89,10,10
38951,180,153,27,27
38952,94,102,-8,8
38953,37,60,-23,23
38954,59,66,-7,7
38955,65,66,-1,1
38956,93,90,3,3
38957,88,88,0,0
38958,92,102,-10,10
38959,128,114,14,14
38960,111,126,-15,15
38961,128,146,-18,18
38962,48,50,-2,2
38963,116,124,-8,8
38964,54,51,3,3
38965,57,71,-14,14
38966,61,63,-2,2
38967,79,78,1,1
38968,61,60,1,1
38969,122,114,8,8
38970,89,84,5,5
38971,121,107,14,14
38972,119,118,1,1
38973,108,129,-21,21
38974,100,103,-3,3
38975,58,58,0,0
38976,106,100,6,6
38977,88,81,7,7
38978,103,86,17,17
38979,31,35,-4,4
38980,34,51,-17,17
38981,87,95,-8,8
38982,111,101,10,10
38983,101,107,-6,6
38984,41,46,-5,5
38985,60,62,-2,2
38986,115,116,-1,1
38987,136,138,-2,2
38988,74,66,8,8
38989,84,72,12,12
38990,110,101,9,9
38991,73,73,0,0
38992,126,123,3,3
38993,77,82,-5,5
38994,129,116,13,13
38995,123,130,-7,7
38996,99,98,1,1
38997,88,49,39,39
38998,61,64,-3,3
38999,74,72,2,2
39000,107,105,2,2
39001,122,121,1,1
39002,60,68,-8,8
39003,188,182,6,6
39004,84,76,8,8
39005,146,159,-13,13
39006,154,156,-2,2
39007,114,115,-1,1
39008,117,117,0,0
39009,163,163,0,0
39010,74,78,-4,4
39011,113,125,-12,12
39012,68,80,-12,12
39013,137,137,0,0
39014,86,88,-2,2
39015,136,140,-4,4
39016,77,65,12,12
39017,156,138,18,18
39018,146,133,13,13
39019,62,59,3,3
39020,66,78,-12,12
39021,121,123,-2,2
39022,161,137,24,24
39023,102,107,-5,5
39024,67,51,16,16
39025,129,141,-12,12
39026,120,125,-5,5
39027,174,162,12,12
39028,179,165,14,14
39029,92,88,4,4
39030,112,115,-3,3
39031,110,95,15,15
39032,97,107,-10,10
39033,68,63,5,5
39034,117,122,-5,5
39035,155,154,1,1
39036,60,61,-1,1
39037,167,154,13,13
39038,115,118,-3,3
39039,134,136,-2,2
39040,48,44,4,4
39041,89,73,16,16
39042,42,64,-22,22
39043,31,74,-43,43
39044,105,99,6,6
39045,138,131,7,7
39046,97,96,1,1
39047,83,86,-3,3
39048,54,42,12,12
39049,65,65,0,0
39050,94,102,-8,8
39051,86,92,-6,6
39052,88,101,-13,13
39053,63,60,3,3
39054,144,141,3,3
39055,62,67,-5,5
39056,63,84,-21,21
39057,98,99,-1,1
39058,60,75,-15,15
39059,49,56,-7,7
39060,96,94,2,2
39061,71,80,-9,9
39062,120,105,15,15
39063,150,151,-1,1
39064,80,75,5,5
39065,58,63,-5,5
39066,64,68,-4,4
39067,140,144,-4,4
39068,124,123,1,1
39069,97,92,5,5
39070,161,138,23,23
39071,50,70,-20,20
39072,101,101,0,0
39073,44,61,-17,17
39074,99,104,-5,5
39075,171,143,28,28
39076,43,58,-15,15
39077,93,100,-7,7
39078,139,146,-7,7
39079,120,112,8,8
39080,98,109,-11,11
39081,101,97,4,4
39082,80,79,1,1
39083,63,57,6,6
39084,149,145,4,4
39085,132,134,-2,2
39086,71,74,-3,3
39087,92,92,0,0
39088,61,73,-12,12
39089,110,115,-5,5
39090,67,66,1,1
39091,38,87,-49,49
39092,89,101,-12,12
39093,86,89,-3,3
39094,157,170,-13,13
39095,63,74,-11,11
39096,56,66,-10,10
39097,96,107,-11,11
39098,58,62,-4,4
39099,164,140,24,24
39100,107,103,4,4
39101,131,137,-6,6
39102,119,115,4,4
39103,103,100,3,3
39104,58,61,-3,3
39105,158,161,-3,3
39106,148,124,24,24
39107,107,109,-2,2
39108,108,94,14,14
39109,85,74,11,11
39110,76,87,-11,11
39111,72,68,4,4
39112,133,130,3,3
39113,71,72,-1,1
39114,90,100,-10,10
39115,105,106,-1,1
39116,107,99,8,8
39117,84,87,-3,3
39118,67,91,-24,24
39119,154,143,11,11
39120,63,71,-8,8
39121,182,172,10,10
39122,130,128,2,2
39123,126,128,-2,2
39124,135,130,5,5
39125,86,83,3,3
39126,90,97,-7,7
39127,69,64,5,5
39128,99,110,-11,11
39129,81,84,-3,3
39130,92,94,-2,2
39131,83,84,-1,1
39132,76,74,2,2
39133,79,75,4,4
39134,59,73,-14,14
39135,100,103,-3,3
39136,60,66,-6,6
39137,76,78,-2,2
39138,110,97,13,13
39139,112,107,5,5
39140,93,90,3,3
39141,101,107,-6,6
39142,107,99,8,8
39143,180,176,4,4
39144,109,112,-3,3
39145,85,77,8,8
39146,123,114,9,9
39147,90,87,3,3
39148,118,133,-15,15
39149,108,100,8,8
39150,95,90,5,5
39151,119,107,12,12
39152,115,108,7,7
39153,145,135,10,10
39154,46,52,-6,6
39155,59,68,-9,9
39156,127,136,-9,9
39157,114,118,-4,4
39158,101,109,-8,8
39159,134,133,1,1
39160,99,99,0,0
39161,143,150,-7,7
39162,136,134,2,2
39163,152,141,11,11
39164,103,107,-4,4
39165,79,75,4,4
39166,83,77,6,6
39167,125,121,4,4
39168,74,96,-22,22
39169,44,63,-19,19
39170,100,98,2,2
39171,111,105,6,6
39172,65,61,4,4
39173,102,93,9,9
39174,109,105,4,4
39175,80,64,16,16
39176,117,108,9,9
39177,121,117,4,4
39178,154,143,11,11
39179,55,60,-5,5
39180,90,87,3,3
39181,137,104,33,33
39182,53,64,-11,11
39183,137,148,-11,11
39184,64,67,-3,3
39185,133,120,13,13
39186,38,63,-25,25
39187,105,92,13,13
39188,45,46,-1,1
39189,133,135,-2,2
39190,121,121,0,0
39191,138,132,6,6
39192,84,84,0,0
39193,79,80,-1,1
39194,48,53,-5,5
39195,51,78,-27,27
39196,90,97,-7,7
39197,79,75,4,4
39198,73,66,7,7
39199,82,67,15,15
39200,90,96,-6,6
39201,98,75,23,23
39202,56,53,3,3
39203,100,91,9,9
39204,55,64,-9,9
39205,116,129,-13,13
39206,61,56,5,5
39207,77,75,2,2
39208,131,129,2,2
39209,115,109,6,6
39210,94,86,8,8
39211,80,76,4,4
39212,57,56,1,1
39213,112,98,14,14
39214,98,97,1,1
39215,136,140,-4,4
39216,125,104,21,21
39217,90,94,-4,4
39218,81,89,-8,8
39219,123,120,3,3
39220,114,123,-9,9
39221,35,57,-22,22
39222,55,51,4,4
39223,110,117,-7,7
39224,52,51,1,1
39225,191,158,33,33
39226,48,54,-6,6
39227,70,68,2,2
39228,116,106,10,10
39229,114,120,-6,6
39230,71,68,3,3
39231,130,127,3,3
39232,92,93,-1,1
39233,111,124,-13,13
39234,150,151,-1,1
39235,112,119,-7,7
39236,85,85,0,0
39237,75,79,-4,4
39238,64,59,5,5
39239,65,63,2,2
39240,164,161,3,3
39241,63,60,3,3
39242,105,103,2,2
39243,96,103,-7,7
39244,102,83,19,19
39245,84,67,17,17
39246,72,81,-9,9
39247,118,121,-3,3
39248,110,105,5,5
39249,81,82,-1,1
39250,109,108,1,1
39251,76,66,10,10
39252,64,57,7,7
39253,133,127,6,6
39254,143,119,24,24
39255,72,72,0,0
39256,74,89,-15,15
39257,41,54,-13,13
39258,65,65,0,0
39259,73,64,9,9
39260,63,78,-15,15
39261,175,150,25,25
39262,85,93,-8,8
39263,82,74,8,8
39264,48,46,2,2
39265,97,96,1,1
39266,86,95,-9,9
39267,66,76,-10,10
39268,80,81,-1,1
39269,84,83,1,1
39270,90,84,6,6
39271,76,80,-4,4
39272,90,93,-3,3
39273,128,131,-3,3
39274,76,89,-13,13
39275,84,83,1,1
39276,116,118,-2,2
39277,72,85,-13,13
39278,88,84,4,4
39279,58,66,-8,8
39280,80,88,-8,8
39281,122,114,8,8
39282,84,94,-10,10
39283,62,68,-6,6
39284,78,82,-4,4
39285,113,109,4,4
39286,152,133,19,19
39287,68,82,-14,14
39288,72,61,11,11
39289,104,110,-6,6
39290,100,97,3,3
39291,92,87,5,5
39292,95,89,6,6
39293,66,66,0,0
39294,78,76,2,2
39295,117,103,14,14
39296,109,94,15,15
39297,157,148,9,9
39298,100,78,22,22
39299,101,90,11,11
39300,68,63,5,5
39301,137,113,24,24
39302,144,149,-5,5
39303,152,144,8,8
39304,121,111,10,10
39305,83,82,1,1
39306,86,95,-9,9
39307,72,62,10,10
39308,82,100,-18,18
39309,115,115,0,0
39310,44,51,-7,7
39311,130,132,-2,2
39312,84,83,1,1
39313,104,100,4,4
39314,70,55,15,15
39315,152,126,26,26
39316,66,66,0,0
39317,137,113,24,24
39318,86,79,7,7
39319,130,131,-1,1
39320,105,97,8,8
39321,79,72,7,7
39322,79,75,4,4
39323,68,62,6,6
39324,86,79,7,7
39325,90,99,-9,9
39326,174,155,19,19
39327,41,54,-13,13
39328,109,104,5,5
39329,98,87,11,11
39330,79,84,-5,5
39331,107,108,-1,1
39332,138,128,10,10
39333,49,49,0,0
39334,68,87,-19,19
39335,465,317,148,148
39336,102,96,6,6
39337,108,115,-7,7
39338,98,96,2,2
39339,70,49,21,21
39340,90,85,5,5
39341,103,101,2,2
39342,84,65,19,19
39343,128,137,-9,9
39344,205,187,18,18
39345,149,140,9,9
39346,51,45,6,6
39347,64,70,-6,6
39348,155,149,6,6
39349,61,75,-14,14
39350,91,96,-5,5
39351,69,73,-4,4
39352,51,64,-13,13
39353,59,58,1,1
39354,110,103,7,7
39355,145,128,17,17
39356,86,92,-6,6
39357,192,204,-12,12
39358,80,69,11,11
39359,62,64,-2,2
39360,116,124,-8,8
39361,94,99,-5,5
39362,60,57,3,3
39363,128,141,-13,13
39364,129,132,-3,3
39365,111,108,3,3
39366,137,128,9,9
39367,164,139,25,25
39368,119,112,7,7
39369,90,81,9,9
39370,114,134,-20,20
39371,26,173,-147,147
39372,107,100,7,7
39373,68,76,-8,8
39374,118,128,-10,10
39375,124,111,13,13
39376,170,165,5,5
39377,61,62,-1,1
39378,136,141,-5,5
39379,196,179,17,17
39380,87,74,13,13
39381,95,109,-14,14
39382,108,128,-20,20
39383,151,142,9,9
39384,67,68,-1,1
39385,149,147,2,2
39386,113,108,5,5
39387,50,109,-59,59
39388,79,92,-13,13
39389,103,104,-1,1
39390,80,78,2,2
39391,172,173,-1,1
39392,105,115,-10,10
39393,82,81,1,1
39394,47,56,-9,9
39395,54,48,6,6
39396,80,76,4,4
39397,64,57,7,7
39398,150,141,9,9
39399,134,120,14,14
39400,61,74,-13,13
39401,108,110,-2,2
39402,116,125,-9,9
39403,101,104,-3,3
39404,81,89,-8,8
39405,90,97,-7,7
39406,71,71,0,0
39407,119,109,10,10
39408,133,140,-7,7
39409,125,138,-13,13
39410,70,65,5,5
39411,182,166,16,16
39412,114,116,-2,2
39413,136,164,-28,28
39414,76,75,1,1
39415,114,97,17,17
39416,46,58,-12,12
39417,97,113,-16,16
39418,70,72,-2,2
39419,63,54,9,9
39420,100,91,9,9
39421,114,99,15,15
39422,52,48,4,4
39423,130,126,4,4
39424,108,92,16,16
39425,133,109,24,24
39426,26,50,-24,24
39427,75,78,-3,3
39428,112,117,-5,5
39429,73,77,-4,4
39430,44,67,-23,23
39431,75,78,-3,3
39432,93,89,4,4
39433,60,72,-12,12
39434,83,80,3,3
39435,140,141,-1,1
39436,100,92,8,8
39437,107,97,10,10
39438,95,80,15,15
39439,111,101,10,10
39440,112,104,8,8
39441,67,78,-11,11
39442,52,64,-12,12
39443,113,94,19,19
39444,77,87,-10,10
39445,135,134,1,1
39446,61,62,-1,1
39447,58,72,-14,14
39448,60,57,3,3
39449,100,97,3,3
39450,49,62,-13,13
39451,71,73,-2,2
39452,104,109,-5,5
39453,49,51,-2,2
39454,141,137,4,4
39455,113,115,-2,2
39456,74,66,8,8
39457,135,139,-4,4
39458,61,72,-11,11
39459,115,127,-12,12
39460,89,94,-5,5
39461,76,80,-4,4
39462,111,108,3,3
39463,61,63,-2,2
39464,54,53,1,1
39465,95,98,-3,3
39466,125,122,3,3
39467,168,171,-3,3
39468,71,62,9,9
39469,80,79,1,1
39470,224,211,13,13
39471,87,86,1,1
39472,65,65,0,0
39473,130,153,-23,23
39474,111,107,4,4
39475,76,81,-5,5
39476,111,101,10,10
39477,88,101,-13,13
39478,97,99,-2,2
39479,118,114,4,4
39480,93,79,14,14
39481,131,111,20,20
39482,82,89,-7,7
39483,153,147,6,6
39484,76,86,-10,10
39485,105,112,-7,7
39486,38,44,-6,6
39487,56,74,-18,18
39488,75,68,7,7
39489,40,22,18,18
39490,139,125,14,14
39491,78,102,-24,24
39492,72,72,0,0
39493,123,131,-8,8
39494,71,72,-1,1
39495,144,148,-4,4
39496,51,59,-8,8
39497,63,69,-6,6
39498,51,54,-3,3
39499,98,92,6,6
39500,83,74,9,9
39501,75,98,-23,23
39502,108,114,-6,6
39503,100,127,-27,27
39504,61,58,3,3
39505,76,74,2,2
39506,156,216,-60,60
39507,69,74,-5,5
39508,219,215,4,4
39509,112,116,-4,4
39510,86,101,-15,15
39511,53,76,-23,23
39512,108,99,9,9
39513,82,79,3,3
39514,89,74,15,15
39515,125,106,19,19
39516,96,121,-25,25
39517,113,108,5,5
39518,61,74,-13,13
39519,39,48,-9,9
39520,65,76,-11,11
39521,101,99,2,2
39522,188,172,16,16
39523,73,62,11,11
39524,51,45,6,6
39525,126,114,12,12
39526,95,115,-20,20
39527,85,104,-19,19
39528,112,78,34,34
39529,117,108,9,9
39530,109,89,20,20
39531,47,71,-24,24
39532,63,73,-10,10
39533,92,87,5,5
39534,78,81,-3,3
39535,100,86,14,14
39536,137,130,7,7
39537,163,153,10,10
39538,74,75,-1,1
39539,64,74,-10,10
39540,87,68,19,19
39541,87,89,-2,2
39542,120,125,-5,5
39543,129,129,0,0
39544,137,130,7,7
39545,65,61,4,4
39546,67,59,8,8
39547,83,89,-6,6
39548,91,100,-9,9
39549,88,77,11,11
39550,47,62,-15,15
39551,119,134,-15,15
39552,76,74,2,2
39553,96,82,14,14
39554,69,78,-9,9
39555,91,82,9,9
39556,95,90,5,5
39557,89,103,-14,14
39558,89,87,2,2
39559,106,104,2,2
39560,86,56,30,30
39561,119,105,14,14
39562,76,74,2,2
39563,95,85,10,10
39564,93,93,0,0
39565,93,91,2,2
39566,87,93,-6,6
39567,142,159,-17,17
39568,81,84,-3,3
39569,54,46,8,8
39570,131,135,-4,4
39571,53,54,-1,1
39572,132,148,-16,16
39573,83,87,-4,4
39574,77,70,7,7
39575,86,92,-6,6
39576,135,137,-2,2
39577,114,104,10,10
39578,75,86,-11,11
39579,62,78,-16,16
39580,96,87,9,9
39581,88,78,10,10
39582,58,55,3,3
39583,55,60,-5,5
39584,70,67,3,3
39585,162,145,17,17
39586,98,94,4,4
39587,73,70,3,3
39588,52,62,-10,10
39589,86,83,3,3
39590,133,118,15,15
39591,102,106,-4,4
39592,137,138,-1,1
39593,58,54,4,4
39594,94,77,17,17
39595,158,149,9,9
39596,88,90,-2,2
39597,81,96,-15,15
39598,88,78,10,10
39599,170,168,2,2
39600,132,132,0,0
39601,160,151,9,9
39602,69,67,2,2
39603,78,80,-2,2
39604,47,47,0,0
39605,122,112,10,10
39606,46,37,9,9
39607,81,79,2,2
39608,173,171,2,2
39609,36,117,-81,81
39610,84,81,3,3
39611,118,98,20,20
39612,113,102,11,11
39613,162,153,9,9
39614,98,107,-9,9
39615,96,91,5,5
39616,71,71,0,0
39617,68,78,-10,10
39618,85,94,-9,9
39619,34,62,-28,28
39620,69,73,-4,4
39621,69,71,-2,2
39622,128,113,15,15
39623,99,96,3,3
39624,121,110,11,11
39625,179,177,2,2
39626,92,93,-1,1
39627,171,155,16,16
39628,94,98,-4,4
39629,112,121,-9,9
39630,79,70,9,9
39631,57,62,-5,5
39632,72,72,0,0
39633,161,136,25,25
39634,132,135,-3,3
39635,126,119,7,7
39636,78,87,-9,9
39637,72,69,3,3
39638,88,99,-11,11
39639,93,97,-4,4
39640,56,60,-4,4
39641,179,170,9,9
39642,99,102,-3,3
39643,143,120,23,23
39644,25,51,-26,26
39645,85,86,-1,1
39646,50,59,-9,9
39647,110,102,8,8
39648,133,123,10,10
39649,103,95,8,8
39650,149,139,10,10
39651,146,148,-2,2
39652,65,72,-7,7
39653,117,132,-15,15
39654,53,58,-5,5
39655,155,149,6,6
39656,127,124,3,3
39657,87,86,1,1
39658,167,136,31,31
39659,74,74,0,0
39660,65,70,-5,5
39661,50,56,-6,6
39662,109,100,9,9
39663,65,68,-3,3
39664,98,95,3,3
39665,128,120,8,8
39666,132,127,5,5
39667,174,169,5,5
39668,81,82,-1,1
39669,69,65,4,4
39670,77,68,9,9
39671,69,67,2,2
39672,68,68,0,0
39673,132,120,12,12
39674,152,155,-3,3
39675,87,87,0,0
39676,30,33,-3,3
39677,98,94,4,4
39678,99,97,2,2
39679,116,119,-3,3
39680,100,92,8,8
39681,137,117,20,20
39682,63,62,1,1
39683,82,85,-3,3
39684,99,108,-9,9
39685,58,66,-8,8
39686,68,66,2,2
39687,121,122,-1,1
39688,91,86,5,5
39689,61,75,-14,14
39690,46,50,-4,4
39691,107,117,-10,10
39692,80,83,-3,3
39693,78,89,-11,11
39694,83,77,6,6
39695,139,135,4,4
39696,113,118,-5,5
39697,109,107,2,2
39698,168,162,6,6
39699,148,135,13,13
39700,90,84,6,6
39701,49,61,-12,12
39702,91,102,-11,11
39703,48,59,-11,11
39704,99,110,-11,11
39705,125,132,-7,7
39706,77,92,-15,15
39707,89,98,-9,9
39708,85,75,10,10
39709,85,78,7,7
39710,60,77,-17,17
39711,100,94,6,6
39712,61,68,-7,7
39713,87,90,-3,3
39714,79,87,-8,8
39715,48,44,4,4
39716,90,101,-11,11
39717,85,87,-2,2
39718,77,68,9,9
39719,56,56,0,0
39720,55,52,3,3
39721,148,132,16,16
39722,108,102,6,6
39723,69,64,5,5
39724,151,136,15,15
39725,98,81,17,17
39726,87,94,-7,7
39727,76,68,8,8
39728,84,83,1,1
39729,39,37,2,2
39730,105,112,-7,7
39731,68,96,-28,28
39732,58,76,-18,18
39733,81,89,-8,8
39734,108,109,-1,1
39735,98,98,0,0
39736,148,125,23,23
39737,71,85,-14,14
39738,108,108,0,0
39739,68,70,-2,2
39740,82,85,-3,3
39741,159,136,23,23
39742,109,101,8,8
39743,113,110,3,3
39744,106,109,-3,3
39745,124,120,4,4
39746,74,69,5,5
39747,23,28,-5,5
39748,94,79,15,15
39749,69,69,0,0
39750,63,77,-14,14
39751,49,50,-1,1
39752,83,70,13,13
39753,65,61,4,4
39754,122,100,22,22
39755,110,103,7,7
39756,145,144,1,1
39757,128,125,3,3
39758,61,65,-4,4
39759,135,124,11,11
39760,62,49,13,13
39761,143,142,1,1
39762,59,71,-12,12
39763,133,155,-22,22
39764,84,90,-6,6
39765,127,125,2,2
39766,75,77,-2,2
39767,128,115,13,13
39768,85,94,-9,9
39769,127,103,24,24
39770,66,72,-6,6
39771,45,29,16,16
39772,89,93,-4,4
39773,82,74,8,8
39774,98,94,4,4
39775,51,72,-21,21
39776,112,119,-7,7
39777,70,68,2,2
39778,75,59,16,16
39779,97,101,-4,4
39780,59,70,-11,11
39781,51,63,-12,12
39782,53,57,-4,4
39783,56,78,-22,22
39784,67,59,8,8
39785,66,74,-8,8
39786,89,86,3,3
39787,94,88,6,6
39788,77,77,0,0
39789,41,71,-30,30
39790,85,90,-5,5
39791,72,67,5,5
39792,108,106,2,2
39793,105,101,4,4
39794,67,78,-11,11
39795,97,89,8,8
39796,76,86,-10,10
39797,133,158,-25,25
39798,93,84,9,9
39799,40,49,-9,9
39800,66,58,8,8
39801,43,44,-1,1
39802,145,136,9,9
39803,135,103,32,32
39804,64,72,-8,8
39805,76,96,-20,20
39806,55,61,-6,6
39807,78,68,10,10
39808,103,101,2,2
39809,141,145,-4,4
39810,152,134,18,18
39811,110,129,-19,19
39812,122,116,6,6
39813,78,75,3,3
39814,82,76,6,6
39815,104,87,17,17
39816,112,97,15,15
39817,69,64,5,5
39818,48,48,0,0
39819,60,68,-8,8
39820,54,58,-4,4
39821,128,116,12,12
39822,61,65,-4,4
39823,108,117,-9,9
39824,86,94,-8,8
39825,74,91,-17,17
39826,168,144,24,24
39827,76,61,15,15
39828,80,81,-1,1
39829,96,90,6,6
39830,74,67,7,7
39831,59,53,6,6
39832,143,137,6,6
39833,68,57,11,11
39834,76,75,1,1
39835,97,100,-3,3
39836,66,73,-7,7
39837,94,104,-10,10
39838,159,175,-16,16
39839,76,59,17,17
39840,121,128,-7,7
39841,123,136,-13,13
39842,80,90,-10,10
39843,77,81,-4,4
39844,52,65,-13,13
39845,115,120,-5,5
39846,180,160,20,20
39847,70,67,3,3
39848,79,86,-7,7
39849,112,94,18,18
39850,89,99,-10,10
39851,83,77,6,6
39852,108,118,-10,10
39853,67,67,0,0
39854,86,76,10,10
39855,82,84,-2,2
39856,156,154,2,2
39857,141,131,10,10
39858,154,151,3,3
39859,63,56,7,7
39860,52,49,3,3
39861,122,108,14,14
39862,69,83,-14,14
39863,93,94,-1,1
39864,106,121,-15,15
39865,76,109,-33,33
39866,97,96,1,1
39867,96,95,1,1
39868,116,115,1,1
39869,98,91,7,7
39870,89,82,7,7
39871,137,123,14,14
39872,88,71,17,17
39873,115,109,6,6
39874,135,138,-3,3
39875,99,103,-4,4
39876,68,80,-12,12
39877,98,100,-2,2
39878,119,116,3,3
39879,77,80,-3,3
39880,74,79,-5,5
39881,115,113,2,2
39882,67,69,-2,2
39883,79,77,2,2
39884,107,115,-8,8
39885,83,88,-5,5
39886,74,77,-3,3
39887,160,139,21,21
39888,56,38,18,18
39889,74,75,-1,1
39890,95,104,-9,9
39891,141,146,-5,5
39892,98,100,-2,2
39893,84,81,3,3
39894,118,113,5,5
39895,58,63,-5,5
39896,54,70,-16,16
39897,74,82,-8,8
39898,69,67,2,2
39899,123,110,13,13
39900,59,67,-8,8
39901,50,51,-1,1
39902,56,58,-2,2
39903,55,66,-11,11
39904,145,123,22,22
39905,89,78,11,11
39906,74,64,10,10
39907,67,75,-8,8
39908,100,94,6,6
39909,99,97,2,2
39910,64,66,-2,2
39911,49,59,-10,10
39912,144,146,-2,2
39913,65,67,-2,2
39914,57,47,10,10
39915,74,86,-12,12
39916,82,88,-6,6
39917,80,79,1,1
39918,167,179,-12,12
39919,55,43,12,12
39920,98,96,2,2
39921,69,68,1,1
39922,60,67,-7,7
39923,149,145,4,4
39924,170,166,4,4
39925,56,56,0,0
39926,120,112,8,8
39927,114,109,5,5
39928,123,120,3,3
39929,67,77,-10,10
39930,145,133,12,12
39931,72,62,10,10
39932,85,80,5,5
39933,117,133,-16,16
39934,87,98,-11,11
39935,66,72,-6,6
39936,116,119,-3,3
39937,53,65,-12,12
39938,109,92,17,17
39939,26,31,-5,5
39940,51,52,-1,1
39941,65,68,-3,3
39942,89,76,13,13
39943,110,90,20,20
39944,70,67,3,3
39945,46,51,-5,5
39946,119,105,14,14
39947,127,111,16,16
39948,95,93,2,2
39949,68,70,-2,2
39950,73,69,4,4
39951,112,100,12,12
39952,152,158,-6,6
39953,83,94,-11,11
39954,115,115,0,0
39955,131,115,16,16
39956,49,48,1,1
39957,118,99,19,19
39958,94,81,13,13
39959,120,109,11,11
39960,64,55,9,9
39961,145,131,14,14
39962,63,64,-1,1
39963,62,62,0,0
39964,55,58,-3,3
39965,113,116,-3,3
39966,62,77,-15,15
39967,80,69,11,11
39968,100,89,11,11
39969,72,74,-2,2
39970,75,70,5,5
39971,104,105,-1,1
39972,56,58,-2,2
39973,116,121,-5,5
39974,87,87,0,0
39975,109,112,-3,3
39976,107,108,-1,1
39977,63,76,-13,13
39978,127,122,5,5
39979,124,112,12,12
39980,67,77,-10,10
39981,229,181,48,48
39982,144,121,23,23
39983,110,110,0,0
39984,70,68,2,2
39985,102,100,2,2
39986,153,133,20,20
39987,82,91,-9,9
39988,50,51,-1,1
39989,54,62,-8,8
39990,97,87,10,10
39991,75,75,0,0
39992,83,78,5,5
39993,88,85,3,3
39994,129,113,16,16
39995,91,75,16,16
39996,115,104,11,11
39997,96,88,8,8
39998,177,172,5,5
39999,109,107,2,2
40000,91,99,-8,8
40001,102,106,-4,4
40002,75,79,-4,4
40003,67,74,-7,7
40004,85,79,6,6
40005,133,114,19,19
40006,122,125,-3,3
40007,99,100,-1,1
40008,72,81,-9,9
40009,80,88,-8,8
40010,61,60,1,1
40011,118,108,10,10
40012,112,116,-4,4
40013,69,73,-4,4
40014,156,133,23,23
40015,140,133,7,7
40016,55,52,3,3
40017,85,99,-14,14
40018,104,98,6,6
40019,113,103,10,10
40020,61,73,-12,12
40021,110,125,-15,15
40022,142,117,25,25
40023,93,99,-6,6
40024,49,57,-8,8
40025,139,124,15,15
40026,42,48,-6,6
40027,80,97,-17,17
40028,138,136,2,2
40029,148,130,18,18
40030,28,33,-5,5
40031,54,60,-6,6
40032,85,72,13,13
40033,84,86,-2,2
40034,161,136,25,25
40035,80,82,-2,2
40036,108,114,-6,6
40037,91,99,-8,8
40038,92,76,16,16
40039,92,97,-5,5
40040,91,92,-1,1
40041,146,131,15,15
40042,59,71,-12,12
40043,109,102,7,7
40044,67,66,1,1
40045,89,94,-5,5
40046,156,142,14,14
40047,106,92,14,14
40048,71,72,-1,1
40049,161,155,6,6
40050,97,86,11,11
40051,95,98,-3,3
40052,128,120,8,8
40053,79,86,-7,7
40054,127,129,-2,2
40055,88,88,0,0
40056,63,64,-1,1
40057,47,45,2,2
40058,67,72,-5,5
40059,44,43,1,1
40060,70,75,-5,5
40061,59,51,8,8
40062,115,104,11,11
40063,123,134,-11,11
40064,49,44,5,5
40065,81,77,4,4
40066,55,59,-4,4
40067,105,91,14,14
40068,120,118,2,2
40069,95,98,-3,3
40070,73,78,-5,5
40071,76,79,-3,3
40072,95,87,8,8
40073,35,44,-9,9
40074,85,80,5,5
40075,65,79,-14,14
40076,125,130,-5,5
40077,62,65,-3,3
40078,95,95,0,0
40079,139,131,8,8
40080,77,83,-6,6
40081,65,61,4,4
40082,53,62,-9,9
40083,83,77,6,6
40084,62,50,12,12
40085,74,77,-3,3
40086,32,59,-27,27
40087,67,64,3,3
40088,134,121,13,13
40089,78,80,-2,2
40090,88,94,-6,6
40091,81,84,-3,3
40092,60,60,0,0
40093,117,95,22,22
40094,61,70,-9,9
40095,147,142,5,5
40096,217,185,32,32
40097,84,77,7,7
40098,67,42,25,25
40099,158,165,-7,7
40100,51,61,-10,10
40101,91,89,2,2
40102,72,63,9,9
40103,121,119,2,2
40104,76,61,15,15
40105,117,115,2,2
40106,63,60,3,3
40107,82,93,-11,11
40108,87,96,-9,9
40109,77,75,2,2
40110,67,71,-4,4
40111,129,116,13,13
40112,56,57,-1,1
40113,60,68,-8,8
40114,130,118,12,12
40115,106,125,-19,19
40116,73,65,8,8
40117,89,84,5,5
40118,85,91,-6,6
40119,71,73,-2,2
40120,206,289,-83,83
40121,142,143,-1,1
40122,106,106,0,0
40123,98,105,-7,7
40124,60,72,-12,12
40125,113,109,4,4
40126,57,61,-4,4
40127,73,67,6,6
40128,186,146,40,40
40129,87,93,-6,6
40130,122,108,14,14
40131,80,90,-10,10
40132,130,120,10,10
40133,106,115,-9,9
40134,175,176,-1,1
40135,135,142,-7,7
40136,115,106,9,9
40137,80,86,-6,6
40138,125,119,6,6
40139,85,92,-7,7
40140,85,82,3,3
40141,143,145,-2,2
40142,92,83,9,9
40143,74,59,15,15
40144,66,76,-10,10
40145,68,69,-1,1
40146,103,98,5,5
40147,82,84,-2,2
40148,57,49,8,8
40149,102,111,-9,9
40150,117,118,-1,1
40151,79,88,-9,9
40152,179,160,19,19
40153,111,118,-7,7
40154,59,62,-3,3
40155,90,93,-3,3
40156,82,119,-37,37
40157,120,111,9,9
40158,89,92,-3,3
40159,76,68,8,8
40160,74,64,10,10
40161,54,61,-7,7
40162,51,51,0,0
40163,71,77,-6,6
40164,116,92,24,24
40165,84,76,8,8
40166,107,105,2,2
40167,83,75,8,8
40168,170,142,28,28
40169,118,120,-2,2
40170,115,110,5,5
40171,78,90,-12,12
40172,155,154,1,1
40173,143,153,-10,10
40174,80,91,-11,11
40175,64,71,-7,7
40176,97,85,12,12
40177,92,100,-8,8
40178,63,68,-5,5
40179,196,173,23,23
40180,70,83,-13,13
40181,95,97,-2,2
40182,73,71,2,2
40183,64,81,-17,17
40184,86,102,-16,16
40185,93,96,-3,3
40186,81,73,8,8
40187,132,108,24,24
40188,89,62,27,27
40189,80,80,0,0
40190,61,59,2,2
40191,148,139,9,9
40192,104,98,6,6
40193,105,111,-6,6
40194,94,97,-3,3
40195,72,75,-3,3
40196,71,67,4,4
40197,115,124,-9,9
40198,100,100,0,0
40199,64,63,1,1
40200,88,101,-13,13
40201,175,181,-6,6
40202,153,152,1,1
40203,58,55,3,3
40204,143,133,10,10
40205,49,41,8,8
40206,62,54,8,8
40207,72,66,6,6
40208,112,114,-2,2
40209,90,86,4,4
40210,88,92,-4,4
40211,92,80,12,12
40212,25,38,-13,13
40213,97,89,8,8
40214,133,123,10,10
40215,86,87,-1,1
40216,81,74,7,7
40217,164,145,19,19
40218,64,65,-1,1
40219,79,66,13,13
40220,108,104,4,4
40221,62,66,-4,4
40222,84,90,-6,6
40223,187,174,13,13
40224,70,76,-6,6
40225,119,99,20,20
40226,86,67,19,19
40227,118,116,2,2
40228,79,83,-4,4
40229,77,73,4,4
40230,85,85,0,0
40231,107,99,8,8
40232,76,86,-10,10
40233,54,55,-1,1
40234,66,65,1,1
40235,64,71,-7,7
40236,56,78,-22,22
40237,147,172,-25,25
40238,92,76,16,16
40239,119,116,3,3
40240,61,75,-14,14
40241,112,107,5,5
40242,116,113,3,3
40243,68,86,-18,18
40244,153,151,2,2
40245,114,130,-16,16
40246,115,117,-2,2
40247,91,99,-8,8
40248,68,64,4,4
40249,111,103,8,8
40250,79,85,-6,6
40251,57,67,-10,10
40252,114,111,3,3
40253,66,72,-6,6
40254,96,75,21,21
40255,83,96,-13,13
40256,93,93,0,0
40257,83,71,12,12
40258,80,80,0,0
40259,82,77,5,5
40260,114,110,4,4
40261,49,35,14,14
40262,67,69,-2,2
40263,79,80,-1,1
40264,77,78,-1,1
40265,64,78,-14,14
40266,177,169,8,8
40267,71,71,0,0
40268,99,95,4,4
40269,90,89,1,1
40270,107,106,1,1
40271,103,96,7,7
40272,144,136,8,8
40273,81,73,8,8
40274,69,67,2,2
40275,63,82,-19,19
40276,105,116,-11,11
40277,100,100,0,0
40278,118,126,-8,8
40279,89,88,1,1
40280,90,96,-6,6
40281,88,87,1,1
40282,69,71,-2,2
40283,59,56,3,3
40284,84,77,7,7
40285,143,131,12,12
40286,112,123,-11,11
40287,143,155,-12,12
40288,78,76,2,2
40289,38,43,-5,5
40290,107,88,19,19
40291,57,69,-12,12
40292,62,117,-55,55
40293,79,84,-5,5
40294,72,76,-4,4
40295,85,82,3,3
40296,83,84,-1,1
40297,69,64,5,5
40298,62,56,6,6
40299,80,81,-1,1
40300,55,65,-10,10
40301,77,66,11,11
40302,77,107,-30,30
40303,81,89,-8,8
40304,88,78,10,10
40305,75,88,-13,13
40306,103,107,-4,4
40307,63,61,2,2
40308,115,103,12,12
40309,149,148,1,1
40310,48,55,-7,7
40311,67,60,7,7
40312,167,155,12,12
40313,116,126,-10,10
40314,40,33,7,7
40315,93,87,6,6
40316,98,85,13,13
40317,105,96,9,9
40318,150,142,8,8
40319,174,167,7,7
40320,156,97,59,59
40321,61,101,-40,40
40322,124,133,-9,9
40323,61,73,-12,12
40324,58,55,3,3
40325,147,146,1,1
40326,80,92,-12,12
40327,115,97,18,18
40328,139,130,9,9
40329,73,81,-8,8
40330,208,178,30,30
40331,92,92,0,0
40332,63,54,9,9
40333,126,109,17,17
40334,31,39,-8,8
40335,55,73,-18,18
40336,154,152,2,2
40337,110,105,5,5
40338,62,59,3,3
40339,124,121,3,3
40340,81,79,2,2
40341,78,54,24,24
40342,122,137,-15,15
40343,110,116,-6,6
40344,100,89,11,11
40345,112,100,12,12
40346,58,43,15,15
40347,92,87,5,5
40348,143,134,9,9
40349,76,78,-2,2
40350,62,65,-3,3
40351,72,72,0,0
40352,96,97,-1,1
40353,98,97,1,1
40354,209,178,31,31
40355,81,77,4,4
40356,65,71,-6,6
40357,111,93,18,18
40358,158,152,6,6
40359,106,106,0,0
40360,124,103,21,21
40361,90,88,2,2
40362,95,95,0,0
40363,86,101,-15,15
40364,89,92,-3,3
40365,59,73,-14,14
40366,132,116,16,16
40367,91,82,9,9
40368,90,78,12,12
40369,85,83,2,2
40370,77,89,-12,12
40371,68,67,1,1
40372,77,89,-12,12
40373,125,123,2,2
40374,53,51,2,2
40375,100,106,-6,6
40376,128,118,10,10
40377,78,75,3,3
40378,73,88,-15,15
40379,79,82,-3,3
40380,89,100,-11,11
40381,101,99,2,2
40382,93,103,-10,10
40383,93,93,0,0
40384,62,61,1,1
40385,113,115,-2,2
40386,117,101,16,16
40387,133,121,12,12
40388,107,113,-6,6
40389,64,84,-20,20
40390,48,95,-47,47
40391,103,93,10,10
40392,91,101,-10,10
40393,121,117,4,4
40394,109,106,3,3
40395,92,90,2,2
40396,118,105,13,13
40397,82,88,-6,6
40398,76,67,9,9
40399,98,81,17,17
40400,118,123,-5,5
40401,124,130,-6,6
40402,120,93,27,27
40403,85,92,-7,7
40404,112,115,-3,3
40405,88,95,-7,7
40406,65,77,-12,12
40407,48,60,-12,12
40408,66,71,-5,5
40409,106,86,20,20
40410,174,156,18,18
40411,161,149,12,12
40412,42,90,-48,48
40413,65,70,-5,5
40414,47,50,-3,3
40415,100,118,-18,18
40416,91,96,-5,5
40417,59,63,-4,4
40418,77,80,-3,3
40419,83,78,5,5
40420,91,82,9,9
40421,91,84,7,7
40422,163,161,2,2
40423,89,79,10,10
40424,144,157,-13,13
40425,107,116,-9,9
40426,75,64,11,11
40427,210,199,11,11
40428,168,165,3,3
40429,116,102,14,14
40430,67,78,-11,11
40431,66,75,-9,9
40432,23,62,-39,39
40433,99,87,12,12
40434,66,63,3,3
40435,56,70,-14,14
40436,92,98,-6,6
40437,132,130,2,2
40438,67,49,18,18
40439,42,35,7,7
40440,123,126,-3,3
40441,44,62,-18,18
40442,117,118,-1,1
40443,109,105,4,4
40444,106,96,10,10
40445,92,95,-3,3
40446,88,84,4,4
40447,74,79,-5,5
40448,114,136,-22,22
40449,146,124,22,22
40450,105,107,-2,2
40451,91,103,-12,12
40452,124,121,3,3
40453,178,177,1,1
40454,98,95,3,3
40455,145,158,-13,13
40456,76,83,-7,7
40457,100,92,8,8
40458,128,110,18,18
40459,152,141,11,11
40460,40,45,-5,5
40461,65,71,-6,6
40462,107,118,-11,11
40463,90,93,-3,3
40464,100,113,-13,13
40465,71,83,-12,12
40466,55,54,1,1
40467,80,72,8,8
40468,131,155,-24,24
40469,28,40,-12,12
40470,93,100,-7,7
40471,149,151,-2,2
40472,88,97,-9,9
40473,50,57,-7,7
40474,82,88,-6,6
40475,125,113,12,12
40476,131,109,22,22
40477,93,104,-11,11
40478,83,81,2,2
40479,149,154,-5,5
40480,74,77,-3,3
40481,124,131,-7,7
40482,174,147,27,27
40483,83,103,-20,20
40484,119,116,3,3
40485,85,74,11,11
40486,70,59,11,11
40487,197,186,11,11
40488,131,122,9,9
40489,130,109,21,21
40490,73,77,-4,4
40491,97,102,-5,5
40492,85,63,22,22
40493,198,159,39,39
40494,100,102,-2,2
40495,81,94,-13,13
40496,71,71,0,0
40497,97,90,7,7
40498,77,94,-17,17
40499,88,86,2,2
40500,90,80,10,10
40501,74,77,-3,3
40502,70,71,-1,1
40503,63,59,4,4
40504,149,129,20,20
40505,97,89,8,8
40506,65,76,-11,11
40507,81,86,-5,5
40508,100,97,3,3
40509,79,94,-15,15
40510,106,112,-6,6
40511,79,77,2,2
40512,137,126,11,11
40513,82,86,-4,4
40514,68,60,8,8
40515,100,94,6,6
40516,40,58,-18,18
40517,57,48,9,9
40518,73,71,2,2
40519,85,91,-6,6
40520,135,134,1,1
40521,126,138,-12,12
40522,158,150,8,8
40523,110,105,5,5
40524,125,130,-5,5
40525,115,123,-8,8
40526,112,113,-1,1
40527,71,73,-2,2
40528,121,133,-12,12
40529,97,104,-7,7
40530,104,101,3,3
40531,97,94,3,3
40532,54,54,0,0
40533,76,78,-2,2
40534,132,110,22,22
40535,98,110,-12,12
40536,107,106,1,1
40537,119,108,11,11
40538,125,124,1,1
40539,96,105,-9,9
40540,49,53,-4,4
40541,89,76,13,13
40542,101,86,15,15
40543,86,98,-12,12
40544,43,43,0,0
40545,40,51,-11,11
40546,109,107,2,2
40547,49,55,-6,6
40548,99,96,3,3
40549,120,88,32,32
40550,70,91,-21,21
40551,177,143,34,34
40552,59,67,-8,8
40553,90,94,-4,4
40554,99,107,-8,8
40555,99,105,-6,6
40556,113,113,0,0
40557,87,99,-12,12
40558,120,128,-8,8
40559,122,119,3,3
40560,156,143,13,13
40561,90,89,1,1
40562,109,100,9,9
40563,59,76,-17,17
40564,110,106,4,4
40565,64,74,-10,10
40566,76,71,5,5
40567,93,96,-3,3
40568,81,98,-17,17
40569,155,142,13,13
40570,77,78,-1,1
40571,52,57,-5,5
40572,48,61,-13,13
40573,94,95,-1,1
40574,72,82,-10,10
40575,78,96,-18,18
40576,108,110,-2,2
40577,74,80,-6,6
40578,67,61,6,6
40579,88,82,6,6
40580,127,133,-6,6
40581,88,100,-12,12
40582,53,74,-21,21
40583,101,96,5,5
40584,105,109,-4,4
40585,120,111,9,9
40586,63,81,-18,18
40587,50,58,-8,8
40588,67,73,-6,6
40589,121,119,2,2
40590,76,80,-4,4
40591,95,78,17,17
40592,97,93,4,4
40593,63,74,-11,11
40594,135,139,-4,4
40595,61,99,-38,38
40596,79,69,10,10
40597,133,139,-6,6
40598,97,101,-4,4
40599,78,69,9,9
40600,96,87,9,9
40601,47,46,1,1
40602,139,112,27,27
40603,99,94,5,5
40604,113,104,9,9
40605,94,92,2,2
40606,100,97,3,3
40607,71,81,-10,10
40608,102,104,-2,2
40609,113,112,1,1
40610,85,86,-1,1
40611,75,61,14,14
40612,62,55,7,7
40613,111,94,17,17
40614,80,83,-3,3
40615,117,118,-1,1
40616,107,111,-4,4
40617,75,83,-8,8
40618,82,88,-6,6
40619,73,80,-7,7
40620,110,100,10,10
40621,115,122,-7,7
40622,151,135,16,16
40623,60,79,-19,19
40624,51,62,-11,11
40625,76,65,11,11
40626,115,111,4,4
40627,79,74,5,5
40628,85,91,-6,6
40629,84,94,-10,10
40630,136,116,20,20
40631,76,73,3,3
40632,30,49,-19,19
40633,141,123,18,18
40634,83,72,11,11
40635,81,93,-12,12
40636,79,78,1,1
40637,113,109,4,4
40638,88,78,10,10
40639,145,154,-9,9
40640,156,136,20,20
40641,80,92,-12,12
40642,103,101,2,2
40643,116,109,7,7
40644,76,69,7,7
40645,123,119,4,4
40646,93,106,-13,13
40647,103,104,-1,1
40648,67,64,3,3
40649,102,108,-6,6
40650,92,93,-1,1
40651,86,88,-2,2
40652,56,72,-16,16
40653,80,82,-2,2
40654,137,139,-2,2
40655,48,52,-4,4
40656,87,53,34,34
40657,112,123,-11,11
40658,74,78,-4,4
40659,87,99,-12,12
40660,101,105,-4,4
40661,58,46,12,12
40662,116,113,3,3
40663,97,107,-10,10
40664,65,68,-3,3
40665,98,84,14,14
40666,98,84,14,14
40667,156,152,4,4
40668,88,96,-8,8
40669,85,86,-1,1
40670,64,59,5,5
40671,72,81,-9,9
40672,107,106,1,1
40673,87,103,-16,16
40674,115,123,-8,8
40675,102,95,7,7
40676,120,110,10,10
40677,87,95,-8,8
40678,81,85,-4,4
40679,53,54,-1,1
40680,71,89,-18,18
40681,78,78,0,0
40682,104,98,6,6
40683,113,120,-7,7
40684,51,45,6,6
40685,65,86,-21,21
40686,109,153,-44,44
40687,78,85,-7,7
40688,105,101,4,4
40689,93,114,-21,21
40690,103,94,9,9
40691,113,100,13,13
40692,77,95,-18,18
40693,135,116,19,19
40694,82,66,16,16
40695,84,85,-1,1
40696,56,67,-11,11
40697,54,53,1,1
40698,146,122,24,24
40699,149,127,22,22
40700,91,86,5,5
40701,61,59,2,2
40702,117,112,5,5
40703,46,67,-21,21
40704,159,150,9,9
40705,94,80,14,14
40706,153,142,11,11
40707,108,95,13,13
40708,85,83,2,2
40709,69,70,-1,1
40710,295,272,23,23
40711,74,82,-8,8
40712,103,106,-3,3
40713,80,87,-7,7
40714,68,71,-3,3
40715,120,115,5,5
40716,86,88,-2,2
40717,118,124,-6,6
40718,74,77,-3,3
40719,99,81,18,18
40720,76,74,2,2
40721,134,116,18,18
40722,97,100,-3,3
40723,66,84,-18,18
40724,92,94,-2,2
40725,50,58,-8,8
40726,83,85,-2,2
40727,98,93,5,5
40728,72,84,-12,12
40729,71,59,12,12
40730,71,77,-6,6
40731,78,84,-6,6
40732,81,94,-13,13
40733,126,132,-6,6
40734,71,65,6,6
40735,70,81,-11,11
40736,141,128,13,13
40737,75,69,6,6
40738,85,72,13,13
40739,89,84,5,5
40740,82,92,-10,10
40741,174,141,33,33
40742,77,82,-5,5
40743,113,141,-28,28
40744,165,149,16,16
40745,55,51,4,4
40746,94,75,19,19
40747,81,86,-5,5
40748,103,101,2,2
40749,87,90,-3,3
40750,68,96,-28,28
40751,205,201,4,4
40752,85,81,4,4
40753,66,66,0,0
40754,68,77,-9,9
40755,87,85,2,2
40756,101,91,10,10
40757,115,113,2,2
40758,69,55,14,14
40759,144,128,16,16
40760,97,92,5,5
40761,107,103,4,4
40762,88,87,1,1
40763,138,140,-2,2
40764,90,82,8,8
40765,129,133,-4,4
40766,66,74,-8,8
40767,75,77,-2,2
40768,118,114,4,4
40769,99,91,8,8
40770,77,68,9,9
40771,89,88,1,1
40772,95,98,-3,3
40773,56,65,-9,9
40774,115,113,2,2
40775,59,58,1,1
40776,117,113,4,4
40777,110,109,1,1
40778,120,109,11,11
40779,98,76,22,22
40780,121,121,0,0
40781,100,78,22,22
40782,85,88,-3,3
40783,106,98,8,8
40784,165,135,30,30
40785,65,67,-2,2
40786,58,59,-1,1
40787,165,147,18,18
40788,56,59,-3,3
40789,62,66,-4,4
40790,85,83,2,2
40791,93,100,-7,7
40792,57,62,-5,5
40793,97,95,2,2
40794,96,99,-3,3
40795,45,53,-8,8
40796,114,117,-3,3
40797,77,57,20,20
40798,77,87,-10,10
40799,89,85,4,4
40800,70,58,12,12
40801,84,88,-4,4
40802,89,103,-14,14
40803,104,110,-6,6
40804,88,80,8,8
40805,68,69,-1,1
40806,67,80,-13,13
40807,51,56,-5,5
40808,144,144,0,0
40809,135,141,-6,6
40810,89,84,5,5
40811,122,117,5,5
40812,110,98,12,12
40813,81,78,3,3
40814,147,140,7,7
40815,60,61,-1,1
40816,137,141,-4,4
40817,110,113,-3,3
40818,125,126,-1,1
40819,89,97,-8,8
40820,129,127,2,2
40821,70,60,10,10
40822,149,154,-5,5
40823,72,87,-15,15
40824,96,96,0,0
40825,76,88,-12,12
40826,154,153,1,1
40827,220,187,33,33
40828,106,99,7,7
40829,95,105,-10,10
40830,158,158,0,0
40831,140,126,14,14
40832,86,86,0,0
40833,96,78,18,18
40834,100,99,1,1
40835,70,71,-1,1
40836,64,62,2,2
40837,147,136,11,11
40838,75,74,1,1
40839,80,86,-6,6
40840,161,156,5,5
40841,83,99,-16,16
40842,89,83,6,6
40843,169,162,7,7
40844,85,86,-1,1
40845,151,149,2,2
40846,85,78,7,7
40847,61,58,3,3
40848,62,56,6,6
40849,118,112,6,6
40850,97,94,3,3
40851,118,105,13,13
40852,104,88,16,16
40853,44,47,-3,3
40854,101,98,3,3
40855,69,71,-2,2
40856,52,50,2,2
40857,115,118,-3,3
40858,56,66,-10,10
40859,110,110,0,0
40860,96,119,-23,23
40861,88,78,10,10
40862,94,91,3,3
40863,60,79,-19,19
40864,108,105,3,3
40865,114,100,14,14
40866,87,87,0,0
40867,102,93,9,9
40868,75,54,21,21
40869,56,51,5,5
40870,123,131,-8,8
40871,29,51,-22,22
40872,70,77,-7,7
40873,87,86,1,1
40874,48,73,-25,25
40875,108,104,4,4
40876,164,153,11,11
40877,125,108,17,17
40878,66,65,1,1
40879,190,169,21,21
40880,91,88,3,3
40881,116,109,7,7
40882,96,99,-3,3
40883,86,76,10,10
40884,157,164,-7,7
40885,149,144,5,5
40886,54,51,3,3
40887,81,78,3,3
40888,97,93,4,4
40889,128,127,1,1
40890,96,94,2,2
40891,121,126,-5,5
40892,131,126,5,5
40893,133,111,22,22
40894,130,127,3,3
40895,97,92,5,5
40896,68,83,-15,15
40897,118,109,9,9
40898,91,93,-2,2
40899,90,98,-8,8
40900,65,66,-1,1
40901,143,136,7,7
40902,80,59,21,21
40903,96,67,29,29
40904,104,94,10,10
40905,112,116,-4,4
40906,86,87,-1,1
40907,91,93,-2,2
40908,205,171,34,34
40909,73,88,-15,15
40910,101,97,4,4
40911,73,71,2,2
40912,90,88,2,2
40913,191,168,23,23
40914,90,89,1,1
40915,149,148,1,1
40916,73,86,-13,13
40917,152,155,-3,3
40918,115,110,5,5
40919,88,86,2,2
40920,86,86,0,0
40921,103,104,-1,1
40922,37,54,-17,17
40923,83,87,-4,4
40924,76,61,15,15
40925,56,53,3,3
40926,130,141,-11,11
40927,67,79,-12,12
40928,78,68,10,10
40929,105,107,-2,2
40930,101,103,-2,2
40931,88,85,3,3
40932,83,96,-13,13
40933,108,110,-2,2
40934,67,60,7,7
40935,107,114,-7,7
40936,43,38,5,5
40937,71,71,0,0
40938,99,89,10,10
40939,120,125,-5,5
40940,132,123,9,9
40941,30,42,-12,12
40942,88,88,0,0
40943,82,96,-14,14
40944,59,77,-18,18
40945,68,74,-6,6
40946,120,103,17,17
40947,60,46,14,14
40948,103,103,0,0
40949,110,100,10,10
40950,114,108,6,6
40951,90,93,-3,3
40952,192,171,21,21
40953,100,97,3,3
40954,119,116,3,3
40955,91,83,8,8
40956,98,95,3,3
40957,51,51,0,0
40958,94,87,7,7
40959,98,104,-6,6
40960,71,78,-7,7
40961,106,122,-16,16
40962,78,88,-10,10
40963,66,82,-16,16
40964,79,80,-1,1
40965,85,83,2,2
40966,147,142,5,5
40967,68,65,3,3
40968,66,61,5,5
40969,81,76,5,5
40970,133,136,-3,3
40971,120,116,4,4
40972,71,81,-10,10
40973,169,170,-1,1
40974,159,145,14,14
40975,57,61,-4,4
40976,73,70,3,3
40977,44,43,1,1
40978,85,86,-1,1
40979,49,53,-4,4
40980,54,61,-7,7
40981,89,85,4,4
40982,62,72,-10,10
40983,88,77,11,11
40984,93,97,-4,4
40985,66,66,0,0
40986,69,67,2,2
40987,138,153,-15,15
40988,88,84,4,4
40989,102,110,-8,8
40990,45,47,-2,2
40991,48,48,0,0
40992,106,114,-8,8
40993,158,157,1,1
40994,125,111,14,14
40995,64,72,-8,8
40996,153,153,0,0
40997,66,68,-2,2
40998,87,98,-11,11
40999,90,92,-2,2
41000,105,98,7,7
41001,51,50,1,1
41002,148,134,14,14
41003,123,134,-11,11
41004,59,58,1,1
41005,88,75,13,13
41006,91,98,-7,7
41007,77,86,-9,9
41008,98,99,-1,1
41009,84,94,-10,10
41010,97,98,-1,1
41011,129,119,10,10
41012,158,155,3,3
41013,99,102,-3,3
41014,153,138,15,15
41015,140,135,5,5
41016,97,88,9,9
41017,116,136,-20,20
41018,108,101,7,7
41019,117,114,3,3
41020,112,116,-4,4
41021,70,80,-10,10
41022,117,136,-19,19
41023,186,162,24,24
41024,88,84,4,4
41025,40,57,-17,17
41026,69,69,0,0
41027,138,122,16,16
41028,68,73,-5,5
41029,194,149,45,45
41030,141,130,11,11
41031,66,72,-6,6
41032,87,96,-9,9
41033,112,110,2,2
41034,120,100,20,20
41035,117,112,5,5
41036,116,135,-19,19
41037,113,119,-6,6
41038,109,131,-22,22
41039,116,110,6,6
41040,107,101,6,6
41041,156,144,12,12
41042,54,46,8,8
41043,96,86,10,10
41044,116,116,0,0
41045,105,102,3,3
41046,53,61,-8,8
41047,146,122,24,24
41048,111,120,-9,9
41049,55,50,5,5
41050,130,122,8,8
41051,89,86,3,3
41052,99,108,-9,9
41053,101,85,16,16
41054,107,115,-8,8
41055,56,54,2,2
41056,72,69,3,3
41057,141,136,5,5
41058,49,50,-1,1
41059,50,49,1,1
41060,106,100,6,6
41061,71,69,2,2
41062,82,95,-13,13
41063,112,104,8,8
41064,114,117,-3,3
41065,91,86,5,5
41066,79,101,-22,22
41067,87,96,-9,9
41068,72,67,5,5
41069,140,143,-3,3
41070,79,89,-10,10
41071,103,103,0,0
41072,105,105,0,0
41073,80,84,-4,4
41074,63,80,-17,17
41075,89,86,3,3
41076,58,70,-12,12
41077,71,62,9,9
41078,91,83,8,8
41079,64,66,-2,2
41080,134,132,2,2
41081,144,132,12,12
41082,46,59,-13,13
41083,79,92,-13,13
41084,137,136,1,1
41085,71,79,-8,8
41086,88,69,19,19
41087,99,89,10,10
41088,77,78,-1,1
41089,71,69,2,2
41090,66,65,1,1
41091,57,60,-3,3
41092,107,104,3,3
41093,157,135,22,22
41094,59,68,-9,9
41095,107,110,-3,3
41096,150,152,-2,2
41097,97,103,-6,6
41098,56,59,-3,3
41099,122,107,15,15
41100,118,114,4,4
41101,98,77,21,21
41102,87,100,-13,13
41103,84,79,5,5
41104,67,73,-6,6
41105,97,108,-11,11
41106,110,106,4,4
41107,75,85,-10,10
41108,49,66,-17,17
41109,121,118,3,3
41110,124,137,-13,13
41111,86,89,-3,3
41112,91,84,7,7
41113,74,67,7,7
41114,87,76,11,11
41115,61,64,-3,3
41116,76,82,-6,6
41117,169,181,-12,12
41118,79,81,-2,2
41119,85,92,-7,7
41120,129,125,4,4
41121,68,74,-6,6
41122,88,112,-24,24
41123,136,122,14,14
41124,81,87,-6,6
41125,143,142,1,1
41126,66,70,-4,4
41127,90,87,3,3
41128,69,76,-7,7
41129,129,142,-13,13
41130,77,80,-3,3
41131,128,129,-1,1
41132,110,116,-6,6
41133,125,129,-4,4
41134,82,74,8,8
41135,147,120,27,27
41136,77,80,-3,3
41137,81,58,23,23
41138,91,94,-3,3
41139,106,85,21,21
41140,65,67,-2,2
41141,59,56,3,3
41142,107,107,0,0
41143,75,82,-7,7
41144,86,99,-13,13
41145,92,91,1,1
41146,87,84,3,3
41147,115,118,-3,3
41148,70,68,2,2
41149,78,55,23,23
41150,77,74,3,3
41151,142,139,3,3
41152,161,159,2,2
41153,145,134,11,11
41154,102,102,0,0
41155,68,68,0,0
41156,81,83,-2,2
41157,92,93,-1,1
41158,91,86,5,5
41159,87,83,4,4
41160,168,153,15,15
41161,58,58,0,0
41162,119,94,25,25
41163,55,47,8,8
41164,69,76,-7,7
41165,69,75,-6,6
41166,99,99,0,0
41167,72,71,1,1
41168,82,81,1,1
41169,134,132,2,2
41170,88,79,9,9
41171,61,69,-8,8
41172,77,74,3,3
41173,106,113,-7,7
41174,89,81,8,8
41175,90,86,4,4
41176,102,99,3,3
41177,77,79,-2,2
41178,63,69,-6,6
41179,76,94,-18,18
41180,67,69,-2,2
41181,64,76,-12,12
41182,66,73,-7,7
41183,126,125,1,1
41184,91,93,-2,2
41185,148,127,21,21
41186,111,99,12,12
41187,58,68,-10,10
41188,93,95,-2,2
41189,80,71,9,9
41190,173,137,36,36
41191,80,92,-12,12
41192,117,115,2,2
41193,69,55,14,14
41194,115,121,-6,6
41195,122,101,21,21
41196,76,71,5,5
41197,89,69,20,20
41198,92,106,-14,14
41199,101,96,5,5
41200,156,136,20,20
41201,88,92,-4,4
41202,61,60,1,1
41203,80,69,11,11
41204,128,123,5,5
41205,101,107,-6,6
41206,114,110,4,4
41207,142,117,25,25
41208,53,50,3,3
41209,138,137,1,1
41210,49,49,0,0
41211,146,146,0,0
41212,91,83,8,8
41213,136,141,-5,5
41214,60,76,-16,16
41215,147,131,16,16
41216,86,90,-4,4
41217,71,68,3,3
41218,127,159,-32,32
41219,62,73,-11,11
41220,109,106,3,3
41221,69,82,-13,13
41222,186,186,0,0
41223,44,43,1,1
41224,39,37,2,2
41225,89,93,-4,4
41226,113,104,9,9
41227,65,60,5,5
41228,63,66,-3,3
41229,61,65,-4,4
41230,132,115,17,17
41231,70,70,0,0
41232,179,149,30,30
41233,103,105,-2,2
41234,118,100,18,18
41235,71,77,-6,6
41236,156,130,26,26
41237,95,84,11,11
41238,108,109,-1,1
41239,92,98,-6,6
41240,125,125,0,0
41241,103,95,8,8
41242,87,73,14,14
41243,57,64,-7,7
41244,95,102,-7,7
41245,207,194,13,13
41246,72,84,-12,12
41247,158,148,10,10
41248,78,82,-4,4
41249,59,62,-3,3
41250,77,71,6,6
41251,78,81,-3,3
41252,120,97,23,23
41253,137,130,7,7
41254,71,67,4,4
41255,117,116,1,1
41256,97,98,-1,1
41257,108,101,7,7
41258,64,69,-5,5
41259,125,108,17,17
41260,57,42,15,15
41261,47,58,-11,11
41262,110,89,21,21
41263,173,151,22,22
41264,70,61,9,9
41265,112,100,12,12
41266,69,84,-15,15
41267,95,89,6,6
41268,50,52,-2,2
41269,60,59,1,1
41270,108,107,1,1
41271,88,91,-3,3
41272,141,155,-14,14
41273,65,72,-7,7
41274,111,125,-14,14
41275,110,96,14,14
41276,156,122,34,34
41277,70,93,-23,23
41278,77,99,-22,22
41279,111,115,-4,4
41280,77,82,-5,5
41281,132,155,-23,23
41282,94,91,3,3
41283,87,98,-11,11
41284,71,81,-10,10
41285,69,73,-4,4
41286,57,63,-6,6
41287,63,68,-5,5
41288,170,159,11,11
41289,99,97,2,2
41290,91,96,-5,5
41291,75,81,-6,6
41292,155,136,19,19
41293,169,163,6,6
41294,121,115,6,6
41295,56,58,-2,2
41296,73,63,10,10
41297,142,96,46,46
41298,76,87,-11,11
41299,117,125,-8,8
41300,113,115,-2,2
41301,63,51,12,12
41302,146,134,12,12
41303,71,69,2,2
41304,68,80,-12,12
41305,96,91,5,5
41306,64,64,0,0
41307,79,68,11,11
41308,77,76,1,1
41309,54,61,-7,7
41310,81,88,-7,7
41311,106,105,1,1
41312,130,113,17,17
41313,63,55,8,8
41314,74,75,-1,1
41315,87,86,1,1
41316,97,97,0,0
41317,136,131,5,5
41318,78,73,5,5
41319,114,108,6,6
41320,172,171,1,1
41321,69,93,-24,24
41322,55,42,13,13
41323,68,63,5,5
41324,84,78,6,6
41325,64,78,-14,14
41326,44,50,-6,6
41327,98,101,-3,3
41328,118,126,-8,8
41329,115,99,16,16
41330,151,136,15,15
41331,66,64,2,2
41332,150,128,22,22
41333,94,80,14,14
41334,83,93,-10,10
41335,138,130,8,8
41336,96,89,7,7
41337,117,104,13,13
41338,32,27,5,5
41339,167,156,11,11
41340,162,162,0,0
41341,120,128,-8,8
41342,84,87,-3,3
41343,64,50,14,14
41344,147,153,-6,6
41345,74,75,-1,1
41346,42,54,-12,12
41347,65,69,-4,4
41348,87,82,5,5
41349,101,114,-13,13
41350,64,63,1,1
41351,54,60,-6,6
41352,99,103,-4,4
41353,60,67,-7,7
41354,62,45,17,17
41355,134,123,11,11
41356,79,80,-1,1
41357,74,70,4,4
41358,103,110,-7,7
41359,160,160,0,0
41360,103,100,3,3
41361,96,93,3,3
41362,66,76,-10,10
41363,72,63,9,9
41364,69,75,-6,6
41365,115,115,0,0
41366,74,82,-8,8
41367,47,63,-16,16
41368,116,99,17,17
41369,75,99,-24,24
41370,74,91,-17,17
41371,138,141,-3,3
41372,83,82,1,1
41373,78,88,-10,10
41374,144,137,7,7
41375,94,95,-1,1
41376,91,81,10,10
41377,97,108,-11,11
41378,79,89,-10,10
41379,87,83,4,4
41380,50,53,-3,3
41381,61,57,4,4
41382,66,84,-18,18
41383,83,86,-3,3
41384,69,62,7,7
41385,117,99,18,18
41386,123,111,12,12
41387,152,115,37,37
41388,53,51,2,2
41389,41,58,-17,17
41390,120,103,17,17
41391,50,53,-3,3
41392,103,112,-9,9
41393,59,81,-22,22
41394,146,105,41,41
41395,74,61,13,13
41396,119,123,-4,4
41397,100,96,4,4
41398,109,101,8,8
41399,140,124,16,16
41400,104,99,5,5
41401,118,122,-4,4
41402,129,115,14,14
41403,62,88,-26,26
41404,80,83,-3,3
41405,67,73,-6,6
41406,45,51,-6,6
41407,111,114,-3,3
41408,110,115,-5,5
41409,68,69,-1,1
41410,84,100,-16,16
41411,132,121,11,11
41412,67,68,-1,1
41413,66,66,0,0
41414,53,66,-13,13
41415,88,95,-7,7
41416,115,126,-11,11
41417,142,144,-2,2
41418,134,138,-4,4
41419,108,105,3,3
41420,63,71,-8,8
41421,68,64,4,4
41422,96,90,6,6
41423,73,73,0,0
41424,88,101,-13,13
41425,107,101,6,6
41426,114,134,-20,20
41427,132,129,3,3
41428,64,77,-13,13
41429,73,68,5,5
41430,109,102,7,7
41431,65,64,1,1
41432,138,109,29,29
41433,103,100,3,3
41434,132,124,8,8
41435,67,64,3,3
41436,70,64,6,6
41437,114,127,-13,13
41438,54,60,-6,6
41439,87,83,4,4
41440,57,55,2,2
41441,163,155,8,8
41442,83,82,1,1
41443,48,53,-5,5
41444,62,79,-17,17
41445,110,97,13,13
41446,64,65,-1,1
41447,154,148,6,6
41448,119,108,11,11
41449,81,85,-4,4
41450,76,66,10,10
41451,125,99,26,26
41452,82,76,6,6
41453,140,136,4,4
41454,58,55,3,3
41455,90,77,13,13
41456,94,86,8,8
41457,70,67,3,3
41458,126,130,-4,4
41459,42,52,-10,10
41460,96,107,-11,11
41461,144,121,23,23
41462,84,81,3,3
41463,91,98,-7,7
41464,89,79,10,10
41465,68,70,-2,2
41466,74,82,-8,8
41467,73,69,4,4
41468,95,81,14,14
41469,141,127,14,14
41470,144,129,15,15
41471,115,125,-10,10
41472,126,124,2,2
41473,81,80,1,1
41474,70,66,4,4
41475,101,107,-6,6
41476,36,27,9,9
41477,103,93,10,10
41478,50,53,-3,3
41479,108,91,17,17
41480,168,167,1,1
41481,89,102,-13,13
41482,128,127,1,1
41483,87,85,2,2
41484,72,57,15,15
41485,166,175,-9,9
41486,75,66,9,9
41487,116,117,-1,1
41488,66,68,-2,2
41489,89,95,-6,6
41490,72,88,-16,16
41491,103,115,-12,12
41492,82,87,-5,5
41493,108,102,6,6
41494,115,101,14,14
41495,154,168,-14,14
41496,96,90,6,6
41497,70,64,6,6
41498,105,101,4,4
41499,103,110,-7,7
41500,80,79,1,1
41501,167,147,20,20
41502,131,128,3,3
41503,87,97,-10,10
41504,83,78,5,5
41505,221,183,38,38
41506,67,53,14,14
41507,114,114,0,0
41508,88,75,13,13
41509,80,76,4,4
41510,183,171,12,12
41511,67,71,-4,4
41512,172,148,24,24
41513,56,55,1,1
41514,60,53,7,7
41515,60,54,6,6
41516,77,77,0,0
41517,85,72,13,13
41518,64,63,1,1
41519,88,100,-12,12
41520,143,131,12,12
41521,148,145,3,3
41522,73,87,-14,14
41523,97,100,-3,3
41524,85,95,-10,10
41525,62,57,5,5
41526,82,73,9,9
41527,63,57,6,6
41528,55,59,-4,4
41529,133,127,6,6
41530,96,94,2,2
41531,98,102,-4,4
41532,67,65,2,2
41533,104,113,-9,9
41534,118,218,-100,100
41535,83,87,-4,4
41536,110,106,4,4
41537,138,136,2,2
41538,79,71,8,8
41539,75,60,15,15
41540,67,64,3,3
41541,59,66,-7,7
41542,63,54,9,9
41543,125,109,16,16
41544,156,152,4,4
41545,88,87,1,1
41546,106,105,1,1
41547,88,89,-1,1
41548,126,116,10,10
41549,71,78,-7,7
41550,109,105,4,4
41551,61,105,-44,44
41552,100,108,-8,8
41553,157,140,17,17
41554,168,146,22,22
41555,110,98,12,12
41556,92,95,-3,3
41557,118,130,-12,12
41558,159,154,5,5
41559,67,64,3,3
41560,78,93,-15,15
41561,93,86,7,7
41562,76,80,-4,4
41563,156,154,2,2
41564,63,68,-5,5
41565,87,84,3,3
41566,79,82,-3,3
41567,56,56,0,0
41568,65,64,1,1
41569,99,103,-4,4
41570,90,76,14,14
41571,108,112,-4,4
41572,59,60,-1,1
41573,48,65,-17,17
41574,73,69,4,4
41575,111,97,14,14
41576,69,72,-3,3
41577,149,120,29,29
41578,87,74,13,13
41579,87,79,8,8
41580,85,77,8,8
41581,112,100,12,12
41582,78,93,-15,15
41583,74,94,-20,20
41584,85,81,4,4
41585,77,69,8,8
41586,113,118,-5,5
41587,106,96,10,10
41588,61,76,-15,15
41589,82,87,-5,5
41590,115,106,9,9
41591,51,60,-9,9
41592,109,88,21,21
41593,61,66,-5,5
41594,60,70,-10,10
41595,129,124,5,5
41596,152,135,17,17
41597,90,85,5,5
41598,204,181,23,23
41599,95,91,4,4
41600,81,93,-12,12
41601,75,80,-5,5
41602,95,88,7,7
41603,108,122,-14,14
41604,140,125,15,15
41605,47,34,13,13
41606,92,77,15,15
41607,127,121,6,6
41608,64,85,-21,21
41609,86,70,16,16
41610,83,77,6,6
41611,86,95,-9,9
41612,110,102,8,8
41613,128,118,10,10
41614,152,156,-4,4
41615,106,108,-2,2
41616,71,74,-3,3
41617,70,84,-14,14
41618,71,69,2,2
41619,80,83,-3,3
41620,10,59,-49,49
41621,95,92,3,3
41622,88,88,0,0
41623,55,49,6,6
41624,96,79,17,17
41625,114,103,11,11
41626,113,106,7,7
41627,115,104,11,11
41628,50,60,-10,10
41629,130,150,-20,20
41630,130,127,3,3
41631,85,89,-4,4
41632,72,74,-2,2
41633,177,162,15,15
41634,90,96,-6,6
41635,131,134,-3,3
41636,68,69,-1,1
41637,46,53,-7,7
41638,96,101,-5,5
41639,161,137,24,24
41640,60,67,-7,7
41641,73,84,-11,11
41642,50,55,-5,5
41643,60,56,4,4
41644,122,123,-1,1
41645,136,128,8,8
41646,90,78,12,12
41647,131,117,14,14
41648,95,82,13,13
41649,66,64,2,2
41650,105,109,-4,4
41651,82,81,1,1
41652,107,112,-5,5
41653,61,77,-16,16
41654,136,115,21,21
41655,128,163,-35,35
41656,66,85,-19,19
41657,125,118,7,7
41658,69,70,-1,1
41659,68,79,-11,11
41660,84,92,-8,8
41661,47,58,-11,11
41662,77,78,-1,1
41663,113,98,15,15
41664,155,152,3,3
41665,88,92,-4,4
41666,76,70,6,6
41667,104,162,-58,58
41668,43,49,-6,6
41669,69,71,-2,2
41670,94,104,-10,10
41671,121,118,3,3
41672,178,162,16,16
41673,69,68,1,1
41674,113,116,-3,3
41675,118,113,5,5
41676,86,87,-1,1
41677,71,75,-4,4
41678,112,103,9,9
41679,114,110,4,4
41680,68,75,-7,7
41681,75,72,3,3
41682,103,106,-3,3
41683,71,84,-13,13
41684,57,74,-17,17
41685,88,92,-4,4
41686,165,148,17,17
41687,79,85,-6,6
41688,133,124,9,9
41689,125,122,3,3
41690,91,107,-16,16
41691,117,118,-1,1
41692,108,96,12,12
41693,101,104,-3,3
41694,61,67,-6,6
41695,170,165,5,5
41696,152,136,16,16
41697,86,86,0,0
41698,89,79,10,10
41699,137,129,8,8
41700,107,107,0,0
41701,145,134,11,11
41702,152,153,-1,1
41703,89,74,15,15
41704,81,75,6,6
41705,102,106,-4,4
41706,85,94,-9,9
41707,70,71,-1,1
41708,85,92,-7,7
41709,105,107,-2,2
41710,79,71,8,8
41711,55,66,-11,11
41712,94,89,5,5
41713,49,56,-7,7
41714,42,49,-7,7
41715,302,280,22,22
41716,116,100,16,16
41717,68,80,-12,12
41718,81,81,0,0
41719,98,114,-16,16
41720,120,108,12,12
41721,135,122,13,13
41722,85,95,-10,10
41723,76,77,-1,1
41724,125,107,18,18
41725,26,30,-4,4
41726,111,92,19,19
41727,152,122,30,30
41728,85,84,1,1
41729,99,107,-8,8
41730,98,102,-4,4
41731,99,99,0,0
41732,81,87,-6,6
41733,98,103,-5,5
41734,101,90,11,11
41735,64,65,-1,1
41736,185,179,6,6
41737,97,94,3,3
41738,93,98,-5,5
41739,65,59,6,6
41740,89,82,7,7
41741,53,64,-11,11
41742,96,87,9,9
41743,133,109,24,24
41744,149,133,16,16
41745,155,143,12,12
41746,86,78,8,8
41747,64,66,-2,2
41748,133,121,12,12
41749,119,123,-4,4
41750,70,83,-13,13
41751,57,55,2,2
41752,56,63,-7,7
41753,55,51,4,4
41754,57,71,-14,14
41755,106,114,-8,8
41756,85,87,-2,2
41757,80,65,15,15
41758,71,81,-10,10
41759,79,96,-17,17
41760,72,87,-15,15
41761,67,61,6,6
41762,200,183,17,17
41763,55,60,-5,5
41764,103,101,2,2
41765,80,84,-4,4
41766,113,108,5,5
41767,34,57,-23,23
41768,77,77,0,0
41769,145,139,6,6
41770,143,133,10,10
41771,100,103,-3,3
41772,53,68,-15,15
41773,61,97,-36,36
41774,109,106,3,3
41775,86,67,19,19
41776,72,71,1,1
41777,86,92,-6,6
41778,115,122,-7,7
41779,74,81,-7,7
41780,85,79,6,6
41781,97,96,1,1
41782,111,103,8,8
41783,63,75,-12,12
41784,104,106,-2,2
41785,101,103,-2,2
41786,110,99,11,11
41787,72,83,-11,11
41788,128,113,15,15
41789,74,83,-9,9
41790,108,89,19,19
41791,110,105,5,5
41792,68,62,6,6
41793,41,60,-19,19
41794,153,140,13,13
41795,115,105,10,10
41796,58,60,-2,2
41797,45,62,-17,17
41798,92,94,-2,2
41799,57,64,-7,7
41800,125,113,12,12
41801,82,83,-1,1
41802,61,61,0,0
41803,148,145,3,3
41804,72,81,-9,9
41805,108,107,1,1
41806,97,99,-2,2
41807,134,117,17,17
41808,50,56,-6,6
41809,66,63,3,3
41810,61,60,1,1
41811,91,85,6,6
41812,133,135,-2,2
41813,131,105,26,26
41814,67,75,-8,8
41815,112,111,1,1
41816,100,112,-12,12
41817,193,180,13,13
41818,90,91,-1,1
41819,77,85,-8,8
41820,80,86,-6,6
41821,117,111,6,6
41822,87,84,3,3
41823,64,62,2,2
41824,61,62,-1,1
41825,120,115,5,5
41826,119,119,0,0
41827,137,131,6,6
41828,54,69,-15,15
41829,162,138,24,24
41830,152,145,7,7
41831,69,64,5,5
41832,80,80,0,0
41833,92,99,-7,7
41834,96,93,3,3
41835,107,114,-7,7
41836,71,81,-10,10
41837,83,91,-8,8
41838,89,96,-7,7
41839,121,119,2,2
41840,81,96,-15,15
41841,112,106,6,6
41842,147,130,17,17
41843,62,64,-2,2
41844,129,128,1,1
41845,74,79,-5,5
41846,168,138,30,30
41847,47,45,2,2
41848,128,133,-5,5
41849,49,58,-9,9
41850,56,56,0,0
41851,89,91,-2,2
41852,67,60,7,7
41853,68,78,-10,10
41854,114,112,2,2
41855,137,151,-14,14
41856,122,122,0,0
41857,74,82,-8,8
41858,67,59,8,8
41859,129,119,10,10
41860,139,130,9,9
41861,62,64,-2,2
41862,100,92,8,8
41863,88,91,-3,3
41864,64,83,-19,19
41865,92,89,3,3
41866,119,122,-3,3
41867,81,87,-6,6
41868,59,51,8,8
41869,106,101,5,5
41870,94,46,48,48
41871,112,101,11,11
41872,80,91,-11,11
41873,101,107,-6,6
41874,135,133,2,2
41875,135,125,10,10
41876,104,96,8,8
41877,85,81,4,4
41878,176,161,15,15
41879,79,74,5,5
41880,69,87,-18,18
41881,41,39,2,2
41882,47,49,-2,2
41883,67,79,-12,12
41884,69,82,-13,13
41885,51,47,4,4
41886,73,68,5,5
41887,108,113,-5,5
41888,47,49,-2,2
41889,120,144,-24,24
41890,117,113,4,4
41891,91,96,-5,5
41892,110,107,3,3
41893,82,86,-4,4
41894,97,98,-1,1
41895,92,96,-4,4
41896,72,75,-3,3
41897,74,49,25,25
41898,80,90,-10,10
41899,49,49,0,0
41900,133,124,9,9
41901,85,86,-1,1
41902,116,108,8,8
41903,72,63,9,9
41904,125,126,-1,1
41905,91,95,-4,4
41906,103,105,-2,2
41907,110,103,7,7
41908,102,114,-12,12
41909,111,93,18,18
41910,50,67,-17,17
41911,50,61,-11,11
41912,106,94,12,12
41913,79,73,6,6
41914,138,113,25,25
41915,110,107,3,3
41916,59,55,4,4
41917,72,80,-8,8
41918,190,168,22,22
41919,93,93,0,0
41920,47,48,-1,1
41921,46,56,-10,10
41922,135,118,17,17
41923,56,68,-12,12
41924,67,64,3,3
41925,101,109,-8,8
41926,78,78,0,0
41927,61,70,-9,9
41928,43,70,-27,27
41929,142,138,4,4
41930,88,89,-1,1
41931,119,115,4,4
41932,146,142,4,4
41933,93,95,-2,2
41934,109,132,-23,23
41935,105,100,5,5
41936,98,98,0,0
41937,75,76,-1,1
41938,78,84,-6,6
41939,101,117,-16,16
41940,88,106,-18,18
41941,133,133,0,0
41942,66,70,-4,4
41943,101,101,0,0
41944,94,100,-6,6
41945,86,88,-2,2
41946,95,93,2,2
41947,96,102,-6,6
41948,83,87,-4,4
41949,119,114,5,5
41950,116,110,6,6
41951,92,92,0,0
41952,89,102,-13,13
41953,215,188,27,27
41954,96,100,-4,4
41955,138,129,9,9
41956,73,76,-3,3
41957,72,75,-3,3
41958,83,83,0,0
41959,119,109,10,10
41960,83,88,-5,5
41961,140,151,-11,11
41962,164,159,5,5
41963,105,96,9,9
41964,109,95,14,14
41965,100,87,13,13
41966,95,106,-11,11
41967,85,79,6,6
41968,83,78,5,5
41969,148,130,18,18
41970,95,102,-7,7
41971,110,114,-4,4
41972,104,122,-18,18
41973,125,122,3,3
41974,110,121,-11,11
41975,109,107,2,2
41976,87,82,5,5
41977,166,167,-1,1
41978,68,76,-8,8
41979,104,94,10,10
41980,127,110,17,17
41981,60,62,-2,2
41982,106,86,20,20
41983,58,67,-9,9
41984,59,71,-12,12
41985,98,105,-7,7
41986,150,143,7,7
41987,107,108,-1,1
41988,75,77,-2,2
41989,95,100,-5,5
41990,82,89,-7,7
41991,101,89,12,12
41992,63,70,-7,7
41993,81,62,19,19
41994,60,64,-4,4
41995,121,111,10,10
41996,110,106,4,4
41997,73,75,-2,2
41998,62,68,-6,6
41999,66,71,-5,5
42000,87,85,2,2
42001,130,132,-2,2
42002,84,94,-10,10
42003,142,171,-29,29
42004,61,67,-6,6
42005,109,110,-1,1
42006,147,138,9,9
42007,37,60,-23,23
42008,246,189,57,57
42009,61,67,-6,6
42010,111,110,1,1
42011,92,111,-19,19
42012,133,149,-16,16
42013,161,149,12,12
42014,128,147,-19,19
42015,73,57,16,16
42016,115,115,0,0
42017,159,146,13,13
42018,75,71,4,4
42019,85,101,-16,16
42020,79,76,3,3
42021,103,101,2,2
42022,109,111,-2,2
42023,89,84,5,5
42024,158,153,5,5
42025,86,87,-1,1
42026,114,94,20,20
42027,145,126,19,19
42028,83,88,-5,5
42029,142,142,0,0
42030,48,52,-4,4
42031,69,74,-5,5
42032,90,109,-19,19
42033,152,124,28,28
42034,72,72,0,0
42035,93,96,-3,3
42036,59,54,5,5
42037,142,149,-7,7
42038,95,95,0,0
42039,152,140,12,12
42040,87,82,5,5
42041,79,69,10,10
42042,80,87,-7,7
42043,89,87,2,2
42044,74,77,-3,3
42045,78,64,14,14
42046,100,106,-6,6
42047,92,99,-7,7
42048,135,131,4,4
42049,112,110,2,2
42050,109,107,2,2
42051,86,78,8,8
42052,80,87,-7,7
42053,92,108,-16,16
42054,93,106,-13,13
42055,111,102,9,9
42056,64,66,-2,2
42057,96,72,24,24
42058,79,96,-17,17
42059,148,154,-6,6
42060,74,79,-5,5
42061,91,81,10,10
42062,85,82,3,3
42063,104,90,14,14
42064,132,136,-4,4
42065,75,84,-9,9
42066,175,187,-12,12
42067,77,75,2,2
42068,92,86,6,6
42069,150,138,12,12
42070,35,69,-34,34
42071,79,88,-9,9
42072,57,58,-1,1
42073,70,53,17,17
42074,117,120,-3,3
42075,84,83,1,1
42076,51,76,-25,25
42077,88,112,-24,24
42078,83,81,2,2
42079,89,86,3,3
42080,79,81,-2,2
42081,76,76,0,0
42082,50,63,-13,13
42083,102,107,-5,5
42084,111,131,-20,20
42085,82,79,3,3
42086,114,137,-23,23
42087,99,85,14,14
42088,111,104,7,7
42089,99,101,-2,2
42090,68,64,4,4
42091,159,147,12,12
42092,78,87,-9,9
42093,43,51,-8,8
42094,64,68,-4,4
42095,77,90,-13,13
42096,38,56,-18,18
42097,39,41,-2,2
42098,87,95,-8,8
42099,89,75,14,14
42100,101,103,-2,2
42101,115,119,-4,4
42102,101,98,3,3
42103,52,56,-4,4
42104,68,88,-20,20
42105,57,58,-1,1
42106,97,87,10,10
42107,80,88,-8,8
42108,95,112,-17,17
42109,155,140,15,15
42110,74,80,-6,6
42111,104,91,13,13
42112,63,70,-7,7
42113,28,34,-6,6
42114,96,88,8,8
42115,104,100,4,4
42116,118,120,-2,2
42117,81,78,3,3
42118,58,71,-13,13
42119,85,98,-13,13
42120,59,66,-7,7
42121,91,115,-24,24
42122,120,119,1,1
42123,58,26,32,32
42124,89,84,5,5
42125,101,105,-4,4
42126,89,85,4,4
42127,68,60,8,8
42128,122,118,4,4
42129,71,81,-10,10
42130,71,72,-1,1
42131,75,106,-31,31
42132,130,121,9,9
42133,103,102,1,1
42134,114,120,-6,6
42135,145,140,5,5
42136,108,105,3,3
42137,102,105,-3,3
42138,107,103,4,4
42139,97,92,5,5
42140,94,78,16,16
42141,70,65,5,5
42142,91,91,0,0
42143,92,96,-4,4
42144,60,72,-12,12
42145,83,77,6,6
42146,92,79,13,13
42147,106,109,-3,3
42148,47,49,-2,2
42149,72,77,-5,5
42150,137,135,2,2
42151,69,81,-12,12
42152,69,62,7,7
42153,123,131,-8,8
42154,77,87,-10,10
42155,74,67,7,7
42156,144,130,14,14
42157,132,133,-1,1
42158,109,93,16,16
42159,93,88,5,5
42160,56,45,11,11
42161,125,116,9,9
42162,54,71,-17,17
42163,127,117,10,10
42164,96,108,-12,12
42165,106,97,9,9
42166,98,108,-10,10
42167,97,97,0,0
42168,65,59,6,6
42169,91,89,2,2
42170,90,97,-7,7
42171,135,118,17,17
42172,109,116,-7,7
42173,101,103,-2,2
42174,80,91,-11,11
42175,105,105,0,0
42176,64,70,-6,6
42177,155,153,2,2
42178,119,119,0,0
42179,76,70,6,6
42180,122,112,10,10
42181,59,62,-3,3
42182,63,54,9,9
42183,92,97,-5,5
42184,101,99,2,2
42185,100,99,1,1
42186,88,104,-16,16
42187,98,86,12,12
42188,153,129,24,24
42189,92,82,10,10
42190,76,56,20,20
42191,110,98,12,12
42192,86,82,4,4
42193,130,141,-11,11
42194,126,122,4,4
42195,78,72,6,6
42196,77,71,6,6
42197,104,108,-4,4
42198,126,146,-20,20
42199,79,73,6,6
42200,117,144,-27,27
42201,45,51,-6,6
42202,100,108,-8,8
42203,83,67,16,16
42204,134,131,3,3
42205,83,79,4,4
42206,90,105,-15,15
42207,86,81,5,5
42208,89,94,-5,5
42209,60,59,1,1
42210,78,83,-5,5
42211,120,115,5,5
42212,72,81,-9,9
42213,104,95,9,9
42214,188,163,25,25
42215,93,100,-7,7
42216,159,148,11,11
42217,80,79,1,1
42218,96,97,-1,1
42219,114,111,3,3
42220,113,111,2,2
42221,62,79,-17,17
42222,140,156,-16,16
42223,157,138,19,19
42224,61,62,-1,1
42225,95,111,-16,16
42226,130,113,17,17
42227,134,146,-12,12
42228,84,86,-2,2
42229,83,78,5,5
42230,96,97,-1,1
42231,85,73,12,12
42232,117,126,-9,9
42233,49,48,1,1
42234,55,65,-10,10
42235,116,102,14,14
42236,65,63,2,2
42237,86,83,3,3
42238,58,84,-26,26
42239,55,52,3,3
42240,109,96,13,13
42241,109,97,12,12
42242,115,108,7,7
42243,131,102,29,29
42244,79,82,-3,3
42245,74,81,-7,7
42246,114,107,7,7
42247,125,123,2,2
42248,90,88,2,2
42249,81,78,3,3
42250,109,109,0,0
42251,90,80,10,10
42252,58,29,29,29
42253,67,65,2,2
42254,88,82,6,6
42255,71,88,-17,17
42256,118,120,-2,2
42257,109,106,3,3
42258,75,100,-25,25
42259,38,40,-2,2
42260,173,156,17,17
42261,153,161,-8,8
42262,66,61,5,5
42263,58,75,-17,17
42264,44,35,9,9
42265,86,78,8,8
42266,100,103,-3,3
42267,86,92,-6,6
42268,106,113,-7,7
42269,80,77,3,3
42270,84,74,10,10
42271,76,80,-4,4
42272,96,86,10,10
42273,90,88,2,2
42274,116,117,-1,1
42275,196,167,29,29
42276,103,105,-2,2
42277,95,108,-13,13
42278,68,64,4,4
42279,96,88,8,8
42280,109,96,13,13
42281,86,87,-1,1
42282,174,143,31,31
42283,78,80,-2,2
42284,47,53,-6,6
42285,96,96,0,0
42286,92,84,8,8
42287,79,72,7,7
42288,85,76,9,9
42289,113,123,-10,10
42290,96,97,-1,1
42291,80,82,-2,2
42292,43,47,-4,4
42293,93,104,-11,11
42294,63,66,-3,3
42295,96,93,3,3
42296,103,99,4,4
42297,53,57,-4,4
42298,99,99,0,0
42299,79,86,-7,7
42300,70,72,-2,2
42301,106,88,18,18
42302,104,148,-44,44
42303,141,122,19,19
42304,99,79,20,20
42305,96,97,-1,1
42306,55,59,-4,4
42307,99,102,-3,3
42308,116,116,0,0
42309,64,101,-37,37
42310,152,138,14,14
42311,63,59,4,4
42312,78,71,7,7
42313,123,142,-19,19
42314,126,138,-12,12
42315,79,71,8,8
42316,92,68,24,24
42317,94,111,-17,17
42318,200,184,16,16
42319,157,171,-14,14
42320,80,71,9,9
42321,57,59,-2,2
42322,141,131,10,10
42323,60,70,-10,10
42324,85,74,11,11
42325,54,48,6,6
42326,159,157,2,2
42327,150,133,17,17
42328,87,78,9,9
42329,47,66,-19,19
42330,96,97,-1,1
42331,82,77,5,5
42332,74,56,18,18
42333,120,117,3,3
42334,109,94,15,15
42335,86,98,-12,12
42336,129,111,18,18
42337,196,179,17,17
42338,178,169,9,9
42339,105,102,3,3
42340,61,67,-6,6
42341,67,68,-1,1
42342,109,110,-1,1
42343,111,122,-11,11
42344,52,39,13,13
42345,89,74,15,15
42346,71,86,-15,15
42347,111,113,-2,2
42348,40,37,3,3
42349,79,80,-1,1
42350,99,92,7,7
42351,96,88,8,8
42352,63,55,8,8
42353,103,119,-16,16
42354,97,104,-7,7
42355,90,97,-7,7
42356,119,97,22,22
42357,176,158,18,18
42358,97,106,-9,9
42359,131,160,-29,29
42360,86,76,10,10
42361,77,70,7,7
42362,84,76,8,8
42363,70,68,2,2
42364,109,110,-1,1
42365,121,124,-3,3
42366,125,154,-29,29
42367,150,124,26,26
42368,103,92,11,11
42369,151,127,24,24
42370,58,62,-4,4
42371,64,63,1,1
42372,122,117,5,5
42373,104,90,14,14
42374,92,91,1,1
42375,100,105,-5,5
42376,142,126,16,16
42377,93,89,4,4
42378,120,126,-6,6
42379,75,88,-13,13
42380,106,106,0,0
42381,60,61,-1,1
42382,83,87,-4,4
42383,98,103,-5,5
42384,56,47,9,9
42385,37,42,-5,5
42386,97,86,11,11
42387,152,148,4,4
42388,97,93,4,4
42389,76,77,-1,1
42390,80,93,-13,13
42391,56,57,-1,1
42392,108,98,10,10
42393,128,119,9,9
42394,117,109,8,8
42395,103,101,2,2
42396,31,20,11,11
42397,84,79,5,5
42398,92,92,0,0
42399,115,121,-6,6
42400,128,133,-5,5
42401,128,135,-7,7
42402,75,80,-5,5
42403,72,156,-84,84
42404,95,98,-3,3
42405,56,58,-2,2
42406,83,105,-22,22
42407,97,102,-5,5
42408,109,98,11,11
42409,126,117,9,9
42410,135,140,-5,5
42411,75,75,0,0
42412,73,75,-2,2
42413,89,75,14,14
42414,94,97,-3,3
42415,81,80,1,1
42416,78,75,3,3
42417,79,78,1,1
42418,78,84,-6,6
42419,105,105,0,0
42420,112,112,0,0
42421,75,78,-3,3
42422,98,97,1,1
42423,94,98,-4,4
42424,56,56,0,0
42425,92,81,11,11
42426,68,77,-9,9
42427,104,99,5,5
42428,144,139,5,5
42429,50,60,-10,10
42430,51,52,-1,1
42431,61,71,-10,10
42432,83,95,-12,12
42433,28,40,-12,12
42434,99,108,-9,9
42435,83,91,-8,8
42436,162,152,10,10
42437,104,98,6,6
42438,88,94,-6,6
42439,95,87,8,8
42440,116,116,0,0
42441,144,126,18,18
42442,69,58,11,11
42443,102,109,-7,7
42444,116,122,-6,6
42445,61,76,-15,15
42446,108,103,5,5
42447,55,63,-8,8
42448,142,139,3,3
42449,156,159,-3,3
42450,129,110,19,19
42451,180,164,16,16
42452,111,124,-13,13
42453,179,160,19,19
42454,89,108,-19,19
42455,114,111,3,3
42456,96,104,-8,8
42457,117,117,0,0
42458,64,44,20,20
42459,57,56,1,1
42460,54,58,-4,4
42461,95,89,6,6
42462,89,51,38,38
42463,109,101,8,8
42464,76,78,-2,2
42465,67,76,-9,9
42466,65,62,3,3
42467,76,80,-4,4
42468,92,85,7,7
42469,92,96,-4,4
42470,74,72,2,2
42471,92,87,5,5
42472,80,67,13,13
42473,89,97,-8,8
42474,43,45,-2,2
42475,69,74,-5,5
42476,88,95,-7,7
42477,84,90,-6,6
42478,115,111,4,4
42479,56,51,5,5
42480,95,107,-12,12
42481,80,94,-14,14
42482,80,73,7,7
42483,98,99,-1,1
42484,49,52,-3,3
42485,91,91,0,0
42486,64,66,-2,2
42487,53,60,-7,7
42488,85,73,12,12
42489,98,98,0,0
42490,100,95,5,5
42491,69,71,-2,2
42492,48,44,4,4
42493,105,99,6,6
42494,163,142,21,21
42495,150,152,-2,2
42496,85,108,-23,23
42497,128,117,11,11
42498,99,116,-17,17
42499,103,95,8,8
42500,128,113,15,15
42501,107,104,3,3
42502,55,61,-6,6
42503,84,94,-10,10
42504,90,91,-1,1
42505,90,89,1,1
42506,72,70,2,2
42507,91,98,-7,7
42508,87,95,-8,8
42509,84,55,29,29
42510,42,47,-5,5
42511,65,70,-5,5
42512,131,133,-2,2
42513,48,66,-18,18
42514,109,100,9,9
42515,85,99,-14,14
42516,66,64,2,2
42517,83,85,-2,2
42518,46,36,10,10
42519,141,125,16,16
42520,59,74,-15,15
42521,87,77,10,10
42522,84,84,0,0
42523,86,98,-12,12
42524,127,116,11,11
42525,111,126,-15,15
42526,102,110,-8,8
42527,65,68,-3,3
42528,70,66,4,4
42529,61,66,-5,5
42530,104,102,2,2
42531,111,121,-10,10
42532,202,216,-14,14
42533,100,95,5,5
42534,136,137,-1,1
42535,35,41,-6,6
42536,40,39,1,1
42537,115,104,11,11
42538,116,114,2,2
42539,72,89,-17,17
42540,108,116,-8,8
42541,106,129,-23,23
42542,62,68,-6,6
42543,127,112,15,15
42544,94,88,6,6
42545,89,80,9,9
42546,70,78,-8,8
42547,72,82,-10,10
42548,98,88,10,10
42549,96,99,-3,3
42550,108,119,-11,11
42551,142,104,38,38
42552,77,73,4,4
42553,67,58,9,9
42554,81,86,-5,5
42555,54,53,1,1
42556,124,115,9,9
42557,110,131,-21,21
42558,101,100,1,1
42559,86,96,-10,10
42560,117,108,9,9
42561,111,114,-3,3
42562,136,125,11,11
42563,78,83,-5,5
42564,62,77,-15,15
42565,231,194,37,37
42566,180,181,-1,1
42567,91,91,0,0
42568,134,132,2,2
42569,80,79,1,1
42570,100,110,-10,10
42571,123,118,5,5
42572,109,107,2,2
42573,70,60,10,10
42574,57,54,3,3
42575,148,153,-5,5
42576,76,70,6,6
42577,70,69,1,1
42578,82,89,-7,7
42579,102,97,5,5
42580,198,168,30,30
42581,56,59,-3,3
42582,94,101,-7,7
42583,97,103,-6,6
42584,103,89,14,14
42585,81,79,2,2
42586,102,91,11,11
42587,85,80,5,5
42588,165,147,18,18
42589,50,58,-8,8
42590,124,119,5,5
42591,101,104,-3,3
42592,79,83,-4,4
42593,138,145,-7,7
42594,191,165,26,26
42595,162,160,2,2
42596,126,124,2,2
42597,103,98,5,5
42598,49,48,1,1
42599,113,121,-8,8
42600,100,97,3,3
42601,118,114,4,4
42602,117,119,-2,2
42603,84,95,-11,11
42604,110,98,12,12
42605,128,112,16,16
42606,105,95,10,10
42607,59,85,-26,26
42608,91,93,-2,2
42609,68,56,12,12
42610,72,79,-7,7
42611,135,134,1,1
42612,79,96,-17,17
42613,107,116,-9,9
42614,30,71,-41,41
42615,70,69,1,1
42616,105,108,-3,3
42617,92,92,0,0
42618,177,177,0,0
42619,84,85,-1,1
42620,67,75,-8,8
42621,150,139,11,11
42622,65,86,-21,21
42623,69,75,-6,6
42624,94,96,-2,2
42625,87,75,12,12
42626,73,78,-5,5
42627,70,85,-15,15
42628,93,76,17,17
42629,110,115,-5,5
42630,87,69,18,18
42631,109,112,-3,3
42632,71,72,-1,1
42633,103,103,0,0
42634,152,143,9,9
42635,70,70,0,0
42636,125,112,13,13
42637,91,89,2,2
42638,172,150,22,22
42639,60,74,-14,14
42640,99,148,-49,49
42641,61,55,6,6
42642,91,98,-7,7
42643,94,88,6,6
42644,135,115,20,20
42645,43,44,-1,1
42646,83,85,-2,2
42647,93,94,-1,1
42648,116,112,4,4
42649,131,101,30,30
42650,140,133,7,7
42651,101,107,-6,6
42652,160,145,15,15
42653,157,154,3,3
42654,147,154,-7,7
42655,151,151,0,0
42656,162,151,11,11
42657,52,112,-60,60
42658,77,63,14,14
42659,86,80,6,6
42660,86,93,-7,7
42661,91,87,4,4
42662,118,114,4,4
42663,103,112,-9,9
42664,103,109,-6,6
42665,74,87,-13,13
42666,119,107,12,12
42667,89,81,8,8
42668,107,99,8,8
42669,109,157,-48,48
42670,85,107,-22,22
42671,70,68,2,2
42672,86,81,5,5
42673,105,100,5,5
42674,98,99,-1,1
42675,75,83,-8,8
42676,50,67,-17,17
42677,67,81,-14,14
42678,76,77,-1,1
42679,80,84,-4,4
42680,124,126,-2,2
42681,60,77,-17,17
42682,73,66,7,7
42683,52,54,-2,2
42684,102,103,-1,1
42685,29,34,-5,5
42686,66,89,-23,23
42687,80,65,15,15
42688,76,69,7,7
42689,107,107,0,0
42690,68,60,8,8
42691,129,118,11,11
42692,51,42,9,9
42693,131,125,6,6
42694,73,84,-11,11
42695,157,148,9,9
42696,96,106,-10,10
42697,19,47,-28,28
42698,109,106,3,3
42699,67,82,-15,15
42700,132,135,-3,3
42701,156,124,32,32
42702,85,105,-20,20
42703,90,99,-9,9
42704,85,79,6,6
42705,44,64,-20,20
42706,150,129,21,21
42707,65,64,1,1
42708,91,108,-17,17
42709,63,72,-9,9
42710,80,86,-6,6
42711,163,148,15,15
42712,110,93,17,17
42713,100,105,-5,5
42714,89,87,2,2
42715,51,48,3,3
42716,97,101,-4,4
42717,82,81,1,1
42718,85,79,6,6
42719,73,84,-11,11
42720,80,78,2,2
42721,50,54,-4,4
42722,81,80,1,1
42723,68,62,6,6
42724,76,74,2,2
42725,75,70,5,5
42726,82,92,-10,10
42727,78,73,5,5
42728,53,74,-21,21
42729,55,63,-8,8
42730,41,48,-7,7
42731,95,101,-6,6
42732,55,58,-3,3
42733,99,121,-22,22
42734,64,80,-16,16
42735,93,110,-17,17
42736,61,59,2,2
42737,95,98,-3,3
42738,116,123,-7,7
42739,83,80,3,3
42740,82,80,2,2
42741,137,109,28,28
42742,69,70,-1,1
42743,69,70,-1,1
42744,60,57,3,3
42745,81,91,-10,10
42746,128,124,4,4
42747,78,67,11,11
42748,79,88,-9,9
42749,74,85,-11,11
42750,69,68,1,1
42751,140,138,2,2
42752,108,113,-5,5
42753,61,51,10,10
42754,142,137,5,5
42755,42,41,1,1
42756,68,71,-3,3
42757,74,73,1,1
42758,94,99,-5,5
42759,164,133,31,31
42760,77,86,-9,9
42761,94,100,-6,6
42762,192,198,-6,6
42763,121,126,-5,5
42764,61,59,2,2
42765,120,126,-6,6
42766,103,108,-5,5
42767,89,84,5,5
42768,100,90,10,10
42769,97,89,8,8
42770,64,72,-8,8
42771,165,167,-2,2
42772,74,76,-2,2
42773,65,68,-3,3
42774,39,38,1,1
42775,183,169,14,14
42776,82,82,0,0
42777,111,112,-1,1
42778,150,138,12,12
42779,89,74,15,15
42780,116,104,12,12
42781,106,99,7,7
42782,129,125,4,4
42783,59,71,-12,12
42784,161,131,30,30
42785,108,130,-22,22
42786,63,81,-18,18
42787,114,105,9,9
42788,80,80,0,0
42789,81,80,1,1
42790,72,69,3,3
42791,99,93,6,6
42792,98,85,13,13
42793,111,97,14,14
42794,120,121,-1,1
42795,119,107,12,12
42796,69,76,-7,7
42797,137,132,5,5
42798,130,130,0,0
42799,106,104,2,2
42800,58,65,-7,7
42801,144,141,3,3
42802,117,119,-2,2
42803,146,151,-5,5
42804,137,127,10,10
42805,116,120,-4,4
42806,86,92,-6,6
42807,89,93,-4,4
42808,107,123,-16,16
42809,108,103,5,5
42810,109,102,7,7
42811,53,63,-10,10
42812,79,77,2,2
42813,59,64,-5,5
42814,84,89,-5,5
42815,156,124,32,32
42816,121,112,9,9
42817,66,67,-1,1
42818,74,72,2,2
42819,47,112,-65,65
42820,106,95,11,11
42821,98,91,7,7
42822,68,53,15,15
42823,58,73,-15,15
42824,86,91,-5,5
42825,87,96,-9,9
42826,85,94,-9,9
42827,143,147,-4,4
42828,168,154,14,14
42829,63,79,-16,16
42830,72,109,-37,37
42831,170,178,-8,8
42832,139,132,7,7
42833,104,116,-12,12
42834,66,56,10,10
42835,78,73,5,5
42836,66,65,1,1
42837,78,69,9,9
42838,178,157,21,21
42839,176,160,16,16
42840,77,80,-3,3
42841,51,54,-3,3
42842,112,85,27,27
42843,110,142,-32,32
42844,140,146,-6,6
42845,120,103,17,17
42846,88,93,-5,5
42847,85,85,0,0
42848,166,143,23,23
42849,71,79,-8,8
42850,112,128,-16,16
42851,73,59,14,14
42852,80,78,2,2
42853,113,146,-33,33
42854,62,59,3,3
42855,94,75,19,19
42856,145,142,3,3
42857,131,144,-13,13
42858,103,108,-5,5
42859,98,103,-5,5
42860,84,83,1,1
42861,133,121,12,12
42862,144,137,7,7
42863,141,121,20,20
42864,119,104,15,15
42865,87,96,-9,9
42866,79,77,2,2
42867,63,66,-3,3
42868,89,98,-9,9
42869,38,47,-9,9
42870,99,102,-3,3
42871,114,106,8,8
42872,129,119,10,10
42873,155,146,9,9
42874,87,77,10,10
42875,70,71,-1,1
42876,112,102,10,10
42877,137,142,-5,5
42878,92,80,12,12
42879,145,141,4,4
42880,154,127,27,27
42881,130,131,-1,1
42882,45,16,29,29
42883,63,63,0,0
42884,58,51,7,7
42885,96,93,3,3
42886,102,98,4,4
42887,118,130,-12,12
42888,119,118,1,1
42889,75,83,-8,8
42890,115,104,11,11
42891,94,98,-4,4
42892,108,106,2,2
42893,101,99,2,2
42894,136,140,-4,4
42895,110,103,7,7
42896,127,132,-5,5
42897,94,86,8,8
42898,124,113,11,11
42899,68,70,-2,2
42900,128,121,7,7
42901,138,133,5,5
42902,83,91,-8,8
42903,125,105,20,20
42904,63,74,-11,11
42905,133,109,24,24
42906,77,75,2,2
42907,94,87,7,7
42908,116,96,20,20
42909,93,95,-2,2
42910,84,96,-12,12
42911,125,113,12,12
42912,123,129,-6,6
42913,92,85,7,7
42914,155,166,-11,11
42915,86,267,-181,181
42916,75,80,-5,5
42917,74,87,-13,13
42918,78,81,-3,3
42919,96,85,11,11
42920,113,119,-6,6
42921,139,157,-18,18
42922,95,93,2,2
42923,83,80,3,3
42924,128,134,-6,6
42925,102,105,-3,3
42926,124,138,-14,14
42927,71,78,-7,7
42928,63,69,-6,6
42929,71,71,0,0
42930,131,134,-3,3
42931,115,124,-9,9
42932,91,92,-1,1
42933,92,99,-7,7
42934,59,51,8,8
42935,138,149,-11,11
42936,71,64,7,7
42937,53,43,10,10
42938,103,95,8,8
42939,85,79,6,6
42940,92,100,-8,8
42941,109,127,-18,18
42942,74,82,-8,8
42943,100,102,-2,2
42944,111,113,-2,2
42945,112,111,1,1
42946,112,104,8,8
42947,31,56,-25,25
42948,57,78,-21,21
42949,194,186,8,8
42950,75,47,28,28
42951,119,113,6,6
42952,106,105,1,1
42953,89,82,7,7
42954,75,67,8,8
42955,77,83,-6,6
42956,68,68,0,0
42957,48,41,7,7
42958,53,50,3,3
42959,91,84,7,7
42960,90,108,-18,18
42961,57,65,-8,8
42962,81,82,-1,1
42963,113,119,-6,6
42964,89,101,-12,12
42965,74,69,5,5
42966,89,99,-10,10
42967,73,83,-10,10
42968,54,38,16,16
42969,77,92,-15,15
42970,108,105,3,3
42971,59,65,-6,6
42972,218,200,18,18
42973,118,124,-6,6
42974,86,87,-1,1
42975,153,143,10,10
42976,123,115,8,8
42977,117,115,2,2
42978,51,54,-3,3
42979,77,80,-3,3
42980,59,52,7,7
42981,69,79,-10,10
42982,67,75,-8,8
42983,83,84,-1,1
42984,137,125,12,12
42985,96,94,2,2
42986,68,68,0,0
42987,91,98,-7,7
42988,81,89,-8,8
42989,79,50,29,29
42990,50,40,10,10
42991,78,74,4,4
42992,32,29,3,3
42993,64,75,-11,11
42994,80,88,-8,8
42995,99,92,7,7
42996,131,126,5,5
42997,48,49,-1,1
42998,77,85,-8,8
42999,128,114,14,14
43000,120,111,9,9
43001,55,61,-6,6
43002,79,72,7,7
43003,85,83,2,2
43004,148,144,4,4
43005,136,127,9,9
43006,111,131,-20,20
43007,105,146,-41,41
43008,93,87,6,6
43009,79,72,7,7
43010,87,84,3,3
43011,69,68,1,1
43012,109,112,-3,3
43013,156,139,17,17
43014,106,109,-3,3
43015,105,109,-4,4
43016,42,37,5,5
43017,84,87,-3,3
43018,15,66,-51,51
43019,89,91,-2,2
43020,179,172,7,7
43021,65,75,-10,10
43022,108,110,-2,2
43023,40,42,-2,2
43024,89,77,12,12
43025,138,125,13,13
43026,134,124,10,10
43027,102,102,0,0
43028,103,91,12,12
43029,143,117,26,26
43030,65,75,-10,10
43031,74,66,8,8
43032,116,98,18,18
43033,79,85,-6,6
43034,74,71,3,3
43035,91,66,25,25
43036,99,87,12,12
43037,64,60,4,4
43038,120,112,8,8
43039,103,101,2,2
43040,90,85,5,5
43041,51,50,1,1
43042,96,83,13,13
43043,77,78,-1,1
43044,142,145,-3,3
43045,77,71,6,6
43046,90,82,8,8
43047,141,122,19,19
43048,85,91,-6,6
43049,98,89,9,9
43050,146,144,2,2
43051,120,111,9,9
43052,107,108,-1,1
43053,97,111,-14,14
43054,125,118,7,7
43055,81,91,-10,10
43056,99,103,-4,4
43057,90,102,-12,12
43058,53,83,-30,30
43059,88,77,11,11
43060,70,68,2,2
43061,57,78,-21,21
43062,77,71,6,6
43063,51,64,-13,13
43064,110,113,-3,3
43065,72,70,2,2
43066,101,96,5,5
43067,177,159,18,18
43068,153,136,17,17
43069,157,152,5,5
43070,67,50,17,17
43071,63,76,-13,13
43072,208,189,19,19
43073,84,88,-4,4
43074,69,67,2,2
43075,110,96,14,14
43076,85,65,20,20
43077,37,45,-8,8
43078,142,125,17,17
43079,82,85,-3,3
43080,81,96,-15,15
43081,94,95,-1,1
43082,143,143,0,0
43083,118,108,10,10
43084,86,91,-5,5
43085,76,79,-3,3
43086,73,71,2,2
43087,131,116,15,15
43088,53,46,7,7
43089,66,67,-1,1
43090,101,103,-2,2
43091,115,122,-7,7
43092,136,121,15,15
43093,61,73,-12,12
43094,86,83,3,3
43095,71,84,-13,13
43096,81,87,-6,6
43097,69,83,-14,14
43098,36,53,-17,17
43099,157,146,11,11
43100,57,60,-3,3
43101,73,80,-7,7
43102,185,175,10,10
43103,62,65,-3,3
43104,123,119,4,4
43105,65,72,-7,7
43106,73,74,-1,1
43107,98,110,-12,12
43108,101,98,3,3
43109,104,105,-1,1
43110,83,80,3,3
43111,58,59,-1,1
43112,85,79,6,6
43113,55,59,-4,4
43114,80,69,11,11
43115,66,67,-1,1
43116,83,71,12,12
43117,107,109,-2,2
43118,104,100,4,4
43119,44,56,-12,12
43120,63,75,-12,12
43121,85,78,7,7
43122,133,118,15,15
43123,59,65,-6,6
43124,130,105,25,25
43125,74,68,6,6
43126,62,54,8,8
43127,109,100,9,9
43128,71,80,-9,9
43129,55,95,-40,40
43130,142,160,-18,18
43131,117,111,6,6
43132,110,105,5,5
43133,35,18,17,17
43134,85,82,3,3
43135,63,43,20,20
43136,79,91,-12,12
43137,101,98,3,3
43138,73,78,-5,5
43139,150,150,0,0
43140,164,145,19,19
43141,121,107,14,14
43142,56,75,-19,19
43143,82,91,-9,9
43144,115,121,-6,6
43145,103,97,6,6
43146,80,81,-1,1
43147,90,105,-15,15
43148,103,100,3,3
43149,122,139,-17,17
43150,113,110,3,3
43151,62,74,-12,12
43152,120,127,-7,7
43153,94,102,-8,8
43154,93,86,7,7
43155,52,52,0,0
43156,89,82,7,7
43157,72,63,9,9
43158,65,65,0,0
43159,92,83,9,9
43160,59,93,-34,34
43161,86,98,-12,12
43162,119,125,-6,6
43163,64,65,-1,1
43164,142,105,37,37
43165,80,75,5,5
43166,68,91,-23,23
43167,85,93,-8,8
43168,69,78,-9,9
43169,157,161,-4,4
43170,120,102,18,18
43171,135,123,12,12
43172,72,83,-11,11
43173,99,94,5,5
43174,88,93,-5,5
43175,101,99,2,2
43176,72,85,-13,13
43177,166,168,-2,2
43178,49,56,-7,7
43179,89,79,10,10
43180,113,107,6,6
43181,113,104,9,9
43182,85,90,-5,5
43183,67,81,-14,14
43184,89,88,1,1
43185,63,60,3,3
43186,52,196,-144,144
43187,127,125,2,2
43188,106,104,2,2
43189,120,107,13,13
43190,97,108,-11,11
43191,57,69,-12,12
43192,68,97,-29,29
43193,105,112,-7,7
43194,106,128,-22,22
43195,133,121,12,12
43196,63,81,-18,18
43197,58,54,4,4
43198,106,112,-6,6
43199,103,89,14,14
43200,71,78,-7,7
43201,103,98,5,5
43202,42,37,5,5
43203,91,88,3,3
43204,103,114,-11,11
43205,90,89,1,1
43206,103,101,2,2
43207,111,105,6,6
43208,132,109,23,23
43209,115,111,4,4
43210,121,135,-14,14
43211,122,108,14,14
43212,132,135,-3,3
43213,32,61,-29,29
43214,110,109,1,1
43215,87,90,-3,3
43216,135,133,2,2
43217,102,97,5,5
43218,82,102,-20,20
43219,131,133,-2,2
43220,102,110,-8,8
43221,52,58,-6,6
43222,100,109,-9,9
43223,100,90,10,10
43224,90,88,2,2
43225,85,87,-2,2
43226,61,64,-3,3
43227,154,160,-6,6
43228,137,132,5,5
43229,107,101,6,6
43230,98,92,6,6
43231,92,87,5,5
43232,191,148,43,43
43233,113,122,-9,9
43234,104,97,7,7
43235,62,54,8,8
43236,80,83,-3,3
43237,50,49,1,1
43238,100,80,20,20
43239,126,126,0,0
43240,113,104,9,9
43241,69,66,3,3
43242,62,57,5,5
43243,52,83,-31,31
43244,118,121,-3,3
43245,59,61,-2,2
43246,40,50,-10,10
43247,93,87,6,6
43248,105,105,0,0
43249,127,116,11,11
43250,84,91,-7,7
43251,93,107,-14,14
43252,121,135,-14,14
43253,94,99,-5,5
43254,64,60,4,4
43255,109,107,2,2
43256,123,138,-15,15
43257,130,105,25,25
43258,138,125,13,13
43259,67,65,2,2
43260,99,94,5,5
43261,84,80,4,4
43262,112,118,-6,6
43263,103,110,-7,7
43264,60,54,6,6
43265,90,115,-25,25
43266,131,144,-13,13
43267,47,53,-6,6
43268,90,81,9,9
43269,81,87,-6,6
43270,84,79,5,5
43271,81,101,-20,20
43272,105,100,5,5
43273,67,76,-9,9
43274,86,97,-11,11
43275,140,135,5,5
43276,78,64,14,14
43277,96,90,6,6
43278,102,107,-5,5
43279,43,55,-12,12
43280,71,81,-10,10
43281,91,90,1,1
43282,84,84,0,0
43283,125,121,4,4
43284,50,37,13,13
43285,90,103,-13,13
43286,68,61,7,7
43287,129,126,3,3
43288,133,140,-7,7
43289,72,100,-28,28
43290,150,144,6,6
43291,179,150,29,29
43292,96,90,6,6
43293,72,68,4,4
43294,178,131,47,47
43295,89,94,-5,5
43296,129,121,8,8
43297,84,79,5,5
43298,87,79,8,8
43299,82,70,12,12
43300,82,95,-13,13
43301,91,88,3,3
43302,112,116,-4,4
43303,88,97,-9,9
43304,100,109,-9,9
43305,164,145,19,19
43306,89,96,-7,7
43307,72,85,-13,13
43308,111,113,-2,2
43309,123,129,-6,6
43310,163,143,20,20
43311,65,74,-9,9
43312,130,136,-6,6
43313,145,143,2,2
43314,92,91,1,1
43315,50,59,-9,9
43316,73,95,-22,22
43317,57,61,-4,4
43318,89,72,17,17
43319,82,99,-17,17
43320,67,62,5,5
43321,91,105,-14,14
43322,112,106,6,6
43323,73,70,3,3
43324,64,56,8,8
43325,119,128,-9,9
43326,61,43,18,18
43327,26,41,-15,15
43328,67,71,-4,4
43329,178,161,17,17
43330,97,83,14,14
43331,132,105,27,27
43332,121,128,-7,7
43333,143,121,22,22
43334,92,93,-1,1
43335,78,81,-3,3
43336,99,104,-5,5
43337,68,61,7,7
43338,61,59,2,2
43339,139,143,-4,4
43340,162,159,3,3
43341,86,93,-7,7
43342,106,108,-2,2
43343,48,55,-7,7
43344,125,111,14,14
43345,123,129,-6,6
43346,117,122,-5,5
43347,229,195,34,34
43348,83,93,-10,10
43349,72,119,-47,47
43350,130,124,6,6
43351,49,57,-8,8
43352,124,124,0,0
43353,123,124,-1,1
43354,127,131,-4,4
43355,78,84,-6,6
43356,87,118,-31,31
43357,129,109,20,20
43358,97,95,2,2
43359,129,163,-34,34
43360,69,41,28,28
43361,84,91,-7,7
43362,122,112,10,10
43363,158,124,34,34
43364,77,90,-13,13
43365,86,105,-19,19
43366,100,108,-8,8
43367,93,102,-9,9
43368,117,110,7,7
43369,139,139,0,0
43370,100,99,1,1
43371,162,164,-2,2
43372,68,66,2,2
43373,68,78,-10,10
43374,85,77,8,8
43375,105,93,12,12
43376,174,136,38,38
43377,85,86,-1,1
43378,108,98,10,10
43379,67,70,-3,3
43380,115,119,-4,4
43381,63,57,6,6
43382,107,102,5,5
43383,99,104,-5,5
43384,52,55,-3,3
43385,87,88,-1,1
43386,125,90,35,35
43387,64,58,6,6
43388,101,118,-17,17
43389,118,120,-2,2
43390,129,133,-4,4
43391,100,95,5,5
43392,71,62,9,9
43393,70,72,-2,2
43394,70,75,-5,5
43395,101,78,23,23
43396,71,71,0,0
43397,70,71,-1,1
43398,115,112,3,3
43399,56,52,4,4
43400,106,103,3,3
43401,125,118,7,7
43402,104,111,-7,7
43403,84,89,-5,5
43404,64,58,6,6
43405,82,76,6,6
43406,99,99,0,0
43407,167,150,17,17
43408,107,103,4,4
43409,91,81,10,10
43410,83,80,3,3
43411,89,76,13,13
43412,92,94,-2,2
43413,114,115,-1,1
43414,126,99,27,27
43415,133,142,-9,9
43416,51,69,-18,18
43417,87,85,2,2
43418,67,63,4,4
43419,67,61,6,6
43420,142,139,3,3
43421,139,148,-9,9
43422,125,108,17,17
43423,81,84,-3,3
43424,210,162,48,48
43425,113,113,0,0
43426,57,62,-5,5
43427,94,96,-2,2
43428,121,102,19,19
43429,107,109,-2,2
43430,38,52,-14,14
43431,81,94,-13,13
43432,126,112,14,14
43433,248,212,36,36
43434,92,86,6,6
43435,153,148,5,5
43436,127,130,-3,3
43437,45,53,-8,8
43438,81,108,-27,27
43439,164,156,8,8
43440,140,147,-7,7
43441,114,114,0,0
43442,115,118,-3,3
43443,87,75,12,12
43444,57,53,4,4
43445,51,46,5,5
43446,95,103,-8,8
43447,33,28,5,5
43448,128,125,3,3
43449,101,90,11,11
43450,75,75,0,0
43451,138,133,5,5
43452,136,134,2,2
43453,63,84,-21,21
43454,80,66,14,14
43455,90,96,-6,6
43456,47,58,-11,11
43457,96,97,-1,1
43458,62,58,4,4
43459,98,96,2,2
43460,140,121,19,19
43461,84,67,17,17
43462,143,162,-19,19
43463,84,90,-6,6
43464,151,141,10,10
43465,87,77,10,10
43466,107,107,0,0
43467,118,117,1,1
43468,60,63,-3,3
43469,82,86,-4,4
43470,167,172,-5,5
43471,110,94,16,16
43472,98,106,-8,8
43473,83,87,-4,4
43474,76,72,4,4
43475,93,108,-15,15
43476,102,102,0,0
43477,76,62,14,14
43478,76,77,-1,1
43479,115,116,-1,1
43480,77,82,-5,5
43481,98,91,7,7
43482,149,143,6,6
43483,78,70,8,8
43484,119,136,-17,17
43485,121,113,8,8
43486,46,84,-38,38
43487,67,73,-6,6
43488,129,113,16,16
43489,114,116,-2,2
43490,73,77,-4,4
43491,118,109,9,9
43492,90,102,-12,12
43493,165,180,-15,15
43494,147,146,1,1
43495,52,46,6,6
43496,111,124,-13,13
43497,160,146,14,14
43498,88,96,-8,8
43499,105,103,2,2
43500,105,97,8,8
43501,90,103,-13,13
43502,120,131,-11,11
43503,89,79,10,10
43504,79,79,0,0
43505,82,93,-11,11
43506,122,123,-1,1
43507,96,85,11,11
43508,48,52,-4,4
43509,70,67,3,3
43510,65,73,-8,8
43511,78,89,-11,11
43512,133,135,-2,2
43513,48,51,-3,3
43514,90,86,4,4
43515,54,70,-16,16
43516,104,93,11,11
43517,91,85,6,6
43518,112,106,6,6
43519,63,65,-2,2
43520,113,111,2,2
43521,99,82,17,17
43522,100,102,-2,2
43523,69,64,5,5
43524,122,130,-8,8
43525,84,85,-1,1
43526,119,102,17,17
43527,103,88,15,15
43528,91,97,-6,6
43529,55,64,-9,9
43530,64,65,-1,1
43531,87,78,9,9
43532,220,197,23,23
43533,85,88,-3,3
43534,63,63,0,0
43535,64,67,-3,3
43536,109,118,-9,9
43537,80,78,2,2
43538,91,87,4,4
43539,146,147,-1,1
43540,125,126,-1,1
43541,130,141,-11,11
43542,127,148,-21,21
43543,113,118,-5,5
43544,125,122,3,3
43545,84,80,4,4
43546,111,106,5,5
43547,138,113,25,25
43548,47,58,-11,11
43549,75,90,-15,15
43550,98,115,-17,17
43551,163,167,-4,4
43552,140,131,9,9
43553,50,57,-7,7
43554,77,76,1,1
43555,64,60,4,4
43556,76,77,-1,1
43557,108,112,-4,4
43558,53,63,-10,10
43559,65,79,-14,14
43560,197,183,14,14
43561,182,176,6,6
43562,71,69,2,2
43563,134,122,12,12
43564,126,116,10,10
43565,54,64,-10,10
43566,132,118,14,14
43567,86,83,3,3
43568,106,107,-1,1
43569,53,43,10,10
43570,87,94,-7,7
43571,80,79,1,1
43572,150,146,4,4
43573,49,57,-8,8
43574,137,122,15,15
43575,51,50,1,1
43576,90,80,10,10
43577,125,121,4,4
43578,110,108,2,2
43579,112,118,-6,6
43580,51,49,2,2
43581,105,88,17,17
43582,110,109,1,1
43583,93,92,1,1
43584,169,142,27,27
43585,97,82,15,15
43586,97,82,15,15
43587,89,90,-1,1
43588,75,76,-1,1
43589,119,118,1,1
43590,93,90,3,3
43591,53,75,-22,22
43592,121,103,18,18
43593,61,75,-14,14
43594,98,97,1,1
43595,92,93,-1,1
43596,63,62,1,1
43597,101,83,18,18
43598,180,166,14,14
43599,70,65,5,5
43600,66,73,-7,7
43601,121,171,-50,50
43602,100,97,3,3
43603,151,136,15,15
43604,44,75,-31,31
43605,93,88,5,5
43606,79,88,-9,9
43607,133,130,3,3
43608,51,43,8,8
43609,111,120,-9,9
43610,83,84,-1,1
43611,93,101,-8,8
43612,78,57,21,21
43613,75,73,2,2
43614,133,138,-5,5
43615,128,107,21,21
43616,98,109,-11,11
43617,137,125,12,12
43618,79,85,-6,6
43619,90,92,-2,2
43620,62,76,-14,14
43621,170,163,7,7
43622,123,97,26,26
43623,57,60,-3,3
43624,87,112,-25,25
43625,35,48,-13,13
43626,76,91,-15,15
43627,95,79,16,16
43628,63,102,-39,39
43629,74,66,8,8
43630,125,115,10,10
43631,115,108,7,7
43632,63,62,1,1
43633,141,136,5,5
43634,78,76,2,2
43635,71,70,1,1
43636,90,84,6,6
43637,235,207,28,28
43638,118,111,7,7
43639,65,68,-3,3
43640,98,93,5,5
43641,97,112,-15,15
43642,48,58,-10,10
43643,110,106,4,4
43644,96,104,-8,8
43645,119,107,12,12
43646,141,121,20,20
43647,80,84,-4,4
43648,88,105,-17,17
43649,93,98,-5,5
43650,141,136,5,5
43651,59,83,-24,24
43652,98,90,8,8
43653,66,75,-9,9
43654,91,101,-10,10
43655,90,91,-1,1
43656,111,116,-5,5
43657,96,98,-2,2
43658,103,96,7,7
43659,59,62,-3,3
43660,68,79,-11,11
43661,73,76,-3,3
43662,60,63,-3,3
43663,75,89,-14,14
43664,65,64,1,1
43665,91,87,4,4
43666,53,62,-9,9
43667,97,97,0,0
43668,66,64,2,2
43669,94,99,-5,5
43670,97,87,10,10
43671,81,78,3,3
43672,134,130,4,4
43673,96,102,-6,6
43674,115,124,-9,9
43675,51,52,-1,1
43676,75,74,1,1
43677,157,145,12,12
43678,86,88,-2,2
43679,147,167,-20,20
43680,85,92,-7,7
43681,88,94,-6,6
43682,46,53,-7,7
43683,119,122,-3,3
43684,109,106,3,3
43685,142,147,-5,5
43686,95,108,-13,13
43687,93,96,-3,3
43688,79,78,1,1
43689,142,142,0,0
43690,83,97,-14,14
43691,93,95,-2,2
43692,149,120,29,29
43693,114,96,18,18
43694,99,96,3,3
43695,125,118,7,7
43696,116,109,7,7
43697,131,129,2,2
43698,103,98,5,5
43699,79,67,12,12
43700,171,166,5,5
43701,69,72,-3,3
43702,78,91,-13,13
43703,67,81,-14,14
43704,82,88,-6,6
43705,110,117,-7,7
43706,171,154,17,17
43707,46,44,2,2
43708,60,55,5,5
43709,179,164,15,15
43710,68,74,-6,6
43711,66,63,3,3
43712,67,67,0,0
43713,87,109,-22,22
43714,61,62,-1,1
43715,61,64,-3,3
43716,122,124,-2,2
43717,96,99,-3,3
43718,106,85,21,21
43719,54,57,-3,3
43720,76,78,-2,2
43721,111,119,-8,8
43722,44,41,3,3
43723,163,164,-1,1
43724,71,62,9,9
43725,74,69,5,5
43726,97,99,-2,2
43727,134,112,22,22
43728,82,78,4,4
43729,79,104,-25,25
43730,138,128,10,10
43731,82,106,-24,24
43732,152,150,2,2
43733,111,142,-31,31
43734,123,117,6,6
43735,77,76,1,1
43736,146,119,27,27
43737,82,92,-10,10
43738,69,71,-2,2
43739,91,98,-7,7
43740,166,144,22,22
43741,53,57,-4,4
43742,71,69,2,2
43743,84,77,7,7
43744,68,76,-8,8
43745,94,98,-4,4
43746,101,121,-20,20
43747,106,110,-4,4
43748,93,86,7,7
43749,69,80,-11,11
43750,136,113,23,23
43751,90,88,2,2
43752,87,67,20,20
43753,64,58,6,6
43754,62,94,-32,32
43755,77,89,-12,12
43756,47,51,-4,4
43757,122,129,-7,7
43758,67,76,-9,9
43759,87,110,-23,23
43760,84,86,-2,2
43761,68,64,4,4
43762,60,69,-9,9
43763,75,72,3,3
43764,90,85,5,5
43765,69,88,-19,19
43766,77,68,9,9
43767,82,74,8,8
43768,127,124,3,3
43769,58,57,1,1
43770,151,158,-7,7
43771,125,141,-16,16
43772,114,107,7,7
43773,106,122,-16,16
43774,85,89,-4,4
43775,92,86,6,6
43776,70,79,-9,9
43777,124,122,2,2
43778,97,100,-3,3
43779,71,78,-7,7
43780,146,132,14,14
43781,93,98,-5,5
43782,91,88,3,3
43783,63,63,0,0
43784,60,60,0,0
43785,84,111,-27,27
43786,192,192,0,0
43787,93,88,5,5
43788,133,120,13,13
43789,95,92,3,3
43790,65,63,2,2
43791,81,92,-11,11
43792,107,120,-13,13
43793,131,108,23,23
43794,130,147,-17,17
43795,68,73,-5,5
43796,77,76,1,1
43797,112,122,-10,10
43798,67,71,-4,4
43799,91,101,-10,10
43800,90,92,-2,2
43801,125,132,-7,7
43802,69,72,-3,3
43803,106,100,6,6
43804,110,100,10,10
43805,65,62,3,3
43806,87,93,-6,6
43807,60,52,8,8
43808,91,80,11,11
43809,153,123,30,30
43810,95,89,6,6
43811,150,142,8,8
43812,61,80,-19,19
43813,169,178,-9,9
43814,76,86,-10,10
43815,93,98,-5,5
43816,75,65,10,10
43817,76,89,-13,13
43818,85,97,-12,12
43819,63,69,-6,6
43820,86,84,2,2
43821,111,104,7,7
43822,81,81,0,0
43823,225,213,12,12
43824,49,90,-41,41
43825,90,90,0,0
43826,67,68,-1,1
43827,109,115,-6,6
43828,103,102,1,1
43829,73,64,9,9
43830,137,151,-14,14
43831,93,90,3,3
43832,68,64,4,4
43833,82,96,-14,14
43834,66,68,-2,2
43835,110,105,5,5
43836,170,162,8,8
43837,104,94,10,10
43838,73,82,-9,9
43839,137,121,16,16
43840,55,50,5,5
43841,52,67,-15,15
43842,95,82,13,13
43843,48,71,-23,23
43844,67,73,-6,6
43845,64,61,3,3
43846,71,68,3,3
43847,77,68,9,9
43848,66,57,9,9
43849,78,72,6,6
43850,71,77,-6,6
43851,117,121,-4,4
43852,83,74,9,9
43853,43,43,0,0
43854,100,90,10,10
43855,50,65,-15,15
43856,140,149,-9,9
43857,86,117,-31,31
43858,63,64,-1,1
43859,91,99,-8,8
43860,113,115,-2,2
43861,63,69,-6,6
43862,61,63,-2,2
43863,78,87,-9,9
43864,34,64,-30,30
43865,90,102,-12,12
43866,47,40,7,7
43867,64,69,-5,5
43868,58,58,0,0
43869,116,121,-5,5
43870,117,108,9,9
43871,84,94,-10,10
43872,105,112,-7,7
43873,86,84,2,2
43874,68,105,-37,37
43875,131,138,-7,7
43876,77,78,-1,1
43877,76,74,2,2
43878,117,109,8,8
43879,97,95,2,2
43880,123,122,1,1
43881,98,108,-10,10
43882,71,71,0,0
43883,127,118,9,9
43884,56,53,3,3
43885,122,116,6,6
43886,49,59,-10,10
43887,60,63,-3,3
43888,115,105,10,10
43889,78,75,3,3
43890,46,53,-7,7
43891,119,113,6,6
43892,129,149,-20,20
43893,66,68,-2,2
43894,142,139,3,3
43895,79,74,5,5
43896,71,73,-2,2
43897,144,139,5,5
43898,106,119,-13,13
43899,77,75,2,2
43900,74,87,-13,13
43901,69,63,6,6
43902,88,77,11,11
43903,59,52,7,7
43904,123,119,4,4
43905,54,59,-5,5
43906,43,47,-4,4
43907,155,167,-12,12
43908,68,67,1,1
43909,131,129,2,2
43910,146,148,-2,2
43911,102,75,27,27
43912,80,79,1,1
43913,57,72,-15,15
43914,81,87,-6,6
43915,104,119,-15,15
43916,39,38,1,1
43917,78,77,1,1
43918,112,118,-6,6
43919,44,79,-35,35
43920,79,72,7,7
43921,132,121,11,11
43922,117,158,-41,41
43923,80,83,-3,3
43924,88,87,1,1
43925,61,67,-6,6
43926,57,54,3,3
43927,123,125,-2,2
43928,60,66,-6,6
43929,113,100,13,13
43930,64,74,-10,10
43931,101,91,10,10
43932,143,149,-6,6
43933,71,81,-10,10
43934,80,76,4,4
43935,70,72,-2,2
43936,45,55,-10,10
43937,44,49,-5,5
43938,92,72,20,20
43939,67,80,-13,13
43940,63,61,2,2
43941,139,130,9,9
43942,127,116,11,11
43943,69,62,7,7
43944,136,128,8,8
43945,109,109,0,0
43946,120,127,-7,7
43947,63,68,-5,5
43948,50,63,-13,13
43949,97,89,8,8
43950,103,94,9,9
43951,89,80,9,9
43952,85,76,9,9
43953,173,168,5,5
43954,128,110,18,18
43955,171,176,-5,5
43956,49,43,6,6
43957,99,91,8,8
43958,129,140,-11,11
43959,85,94,-9,9
43960,102,106,-4,4
43961,124,125,-1,1
43962,122,107,15,15
43963,137,106,31,31
43964,89,85,4,4
43965,51,49,2,2
43966,81,103,-22,22
43967,88,76,12,12
43968,76,80,-4,4
43969,111,132,-21,21
43970,86,82,4,4
43971,131,120,11,11
43972,23,32,-9,9
43973,109,114,-5,5
43974,84,79,5,5
43975,101,99,2,2
43976,139,140,-1,1
43977,58,55,3,3
43978,71,78,-7,7
43979,95,87,8,8
43980,70,67,3,3
43981,65,68,-3,3
43982,95,88,7,7
43983,109,107,2,2
43984,57,58,-1,1
43985,103,96,7,7
43986,184,158,26,26
43987,80,80,0,0
43988,103,98,5,5
43989,94,122,-28,28
43990,62,66,-4,4
43991,110,85,25,25
43992,109,107,2,2
43993,47,50,-3,3
43994,107,115,-8,8
43995,184,153,31,31
43996,122,159,-37,37
43997,155,141,14,14
43998,66,68,-2,2
43999,63,58,5,5
44000,104,125,-21,21
44001,100,83,17,17
44002,82,110,-28,28
44003,162,138,24,24
44004,122,131,-9,9
44005,78,130,-52,52
44006,71,66,5,5
44007,131,103,28,28
44008,113,104,9,9
44009,84,84,0,0
44010,65,63,2,2
44011,81,79,2,2
44012,93,74,19,19
44013,67,69,-2,2
44014,148,124,24,24
44015,72,82,-10,10
44016,106,107,-1,1
44017,79,86,-7,7
44018,113,119,-6,6
44019,66,60,6,6
44020,68,26,42,42
44021,63,49,14,14
44022,81,96,-15,15
44023,117,116,1,1
44024,70,106,-36,36
44025,78,74,4,4
44026,165,171,-6,6
44027,40,54,-14,14
44028,85,84,1,1
44029,73,132,-59,59
44030,104,105,-1,1
44031,129,115,14,14
44032,116,101,15,15
44033,115,113,2,2
44034,82,77,5,5
44035,84,89,-5,5
44036,82,84,-2,2
44037,29,48,-19,19
44038,64,76,-12,12
44039,66,61,5,5
44040,114,111,3,3
44041,146,131,15,15
44042,65,62,3,3
44043,42,42,0,0
44044,157,156,1,1
44045,89,80,9,9
44046,116,138,-22,22
44047,54,52,2,2
44048,77,76,1,1
44049,79,96,-17,17
44050,137,135,2,2
44051,67,78,-11,11
44052,105,107,-2,2
44053,149,132,17,17
44054,57,60,-3,3
44055,104,109,-5,5
44056,89,111,-22,22
44057,82,92,-10,10
44058,106,126,-20,20
44059,191,182,9,9
44060,87,95,-8,8
44061,58,56,2,2
44062,114,104,10,10
44063,114,124,-10,10
44064,118,101,17,17
44065,159,163,-4,4
44066,58,65,-7,7
44067,95,97,-2,2
44068,74,74,0,0
44069,135,130,5,5
44070,134,134,0,0
44071,87,78,9,9
44072,130,113,17,17
44073,119,109,10,10
44074,142,136,6,6
44075,152,159,-7,7
44076,105,94,11,11
44077,63,63,0,0
44078,92,97,-5,5
44079,75,70,5,5
44080,96,94,2,2
44081,75,64,11,11
44082,56,58,-2,2
44083,72,65,7,7
44084,89,121,-32,32
44085,58,57,1,1
44086,76,77,-1,1
44087,90,119,-29,29
44088,73,92,-19,19
44089,78,73,5,5
44090,110,114,-4,4
44091,174,173,1,1
44092,104,99,5,5
44093,94,100,-6,6
44094,165,134,31,31
44095,107,103,4,4
44096,78,71,7,7
44097,90,91,-1,1
44098,124,115,9,9
44099,129,118,11,11
44100,66,67,-1,1
44101,73,87,-14,14
44102,139,142,-3,3
44103,72,81,-9,9
44104,140,137,3,3
44105,93,103,-10,10
44106,135,128,7,7
44107,56,66,-10,10
44108,76,67,9,9
44109,102,102,0,0
44110,102,103,-1,1
44111,130,114,16,16
44112,152,159,-7,7
44113,76,77,-1,1
44114,178,158,20,20
44115,85,77,8,8
44116,78,72,6,6
44117,97,120,-23,23
44118,113,128,-15,15
44119,81,95,-14,14
44120,65,87,-22,22
44121,42,33,9,9
44122,72,79,-7,7
44123,115,117,-2,2
44124,80,94,-14,14
44125,39,39,0,0
44126,85,91,-6,6
44127,101,88,13,13
44128,158,135,23,23
44129,91,92,-1,1
44130,68,63,5,5
44131,112,120,-8,8
44132,161,155,6,6
44133,147,142,5,5
44134,63,60,3,3
44135,60,77,-17,17
44136,84,81,3,3
44137,112,106,6,6
44138,129,112,17,17
44139,136,125,11,11
44140,130,123,7,7
44141,74,69,5,5
44142,111,108,3,3
44143,118,113,5,5
44144,60,56,4,4
44145,59,65,-6,6
44146,90,91,-1,1
44147,72,70,2,2
44148,118,112,6,6
44149,63,73,-10,10
44150,91,88,3,3
44151,106,110,-4,4
44152,89,99,-10,10
44153,111,112,-1,1
44154,131,131,0,0
44155,85,112,-27,27
44156,97,99,-2,2
44157,41,40,1,1
44158,104,108,-4,4
44159,137,129,8,8
44160,110,101,9,9
44161,50,70,-20,20
44162,143,137,6,6
44163,110,104,6,6
44164,79,83,-4,4
44165,79,86,-7,7
44166,71,76,-5,5
44167,116,115,1,1
44168,89,100,-11,11
44169,85,81,4,4
44170,62,74,-12,12
44171,105,91,14,14
44172,110,107,3,3
44173,68,84,-16,16
44174,125,126,-1,1
44175,120,119,1,1
44176,118,109,9,9
44177,63,61,2,2
44178,42,53,-11,11
44179,49,42,7,7
44180,96,109,-13,13
44181,107,112,-5,5
44182,108,110,-2,2
44183,94,85,9,9
44184,89,83,6,6
44185,117,109,8,8
44186,120,127,-7,7
44187,71,73,-2,2
44188,71,72,-1,1
44189,58,62,-4,4
44190,90,95,-5,5
44191,118,129,-11,11
44192,43,64,-21,21
44193,78,71,7,7
44194,159,151,8,8
44195,99,101,-2,2
44196,92,99,-7,7
44197,148,124,24,24
44198,97,82,15,15
44199,84,91,-7,7
44200,45,64,-19,19
44201,63,84,-21,21
44202,117,107,10,10
44203,122,122,0,0
44204,115,121,-6,6
44205,110,107,3,3
44206,114,101,13,13
44207,71,72,-1,1
44208,132,137,-5,5
44209,73,77,-4,4
44210,137,139,-2,2
44211,79,66,13,13
44212,79,67,12,12
44213,106,102,4,4
44214,99,88,11,11
44215,77,95,-18,18
44216,127,124,3,3
44217,96,86,10,10
44218,66,64,2,2
44219,63,61,2,2
44220,95,92,3,3
44221,97,94,3,3
44222,42,42,0,0
44223,60,55,5,5
44224,59,69,-10,10
44225,66,62,4,4
44226,140,101,39,39
44227,64,66,-2,2
44228,72,70,2,2
44229,85,91,-6,6
44230,119,88,31,31
44231,99,96,3,3
44232,133,131,2,2
44233,75,81,-6,6
44234,66,62,4,4
44235,102,94,8,8
44236,63,67,-4,4
44237,133,131,2,2
44238,144,140,4,4
44239,141,119,22,22
44240,97,107,-10,10
44241,90,99,-9,9
44242,124,127,-3,3
44243,123,138,-15,15
44244,191,158,33,33
44245,62,75,-13,13
44246,58,66,-8,8
44247,98,92,6,6
44248,113,116,-3,3
44249,107,94,13,13
44250,106,122,-16,16
44251,95,99,-4,4
44252,144,155,-11,11
44253,50,50,0,0
44254,195,173,22,22
44255,122,116,6,6
44256,97,66,31,31
44257,71,46,25,25
44258,153,162,-9,9
44259,67,74,-7,7
44260,51,55,-4,4
44261,65,75,-10,10
44262,78,85,-7,7
44263,87,83,4,4
44264,72,71,1,1
44265,81,83,-2,2
44266,149,138,11,11
44267,119,103,16,16
44268,102,86,16,16
44269,93,89,4,4
44270,116,107,9,9
44271,125,126,-1,1
44272,138,135,3,3
44273,75,87,-12,12
44274,100,94,6,6
44275,107,93,14,14
44276,91,110,-19,19
44277,135,119,16,16
44278,47,55,-8,8
44279,95,83,12,12
44280,88,100,-12,12
44281,71,65,6,6
44282,110,124,-14,14
44283,108,106,2,2
44284,49,58,-9,9
44285,48,65,-17,17
44286,93,93,0,0
44287,94,105,-11,11
44288,140,143,-3,3
44289,68,28,40,40
44290,79,82,-3,3
44291,147,145,2,2
44292,107,99,8,8
44293,77,71,6,6
44294,87,91,-4,4
44295,183,171,12,12
44296,123,108,15,15
44297,143,137,6,6
44298,94,91,3,3
44299,96,92,4,4
44300,85,90,-5,5
44301,112,106,6,6
44302,82,87,-5,5
44303,103,110,-7,7
44304,98,111,-13,13
44305,104,101,3,3
44306,81,88,-7,7
44307,57,55,2,2
44308,113,135,-22,22
44309,80,86,-6,6
44310,117,108,9,9
44311,68,66,2,2
44312,76,74,2,2
44313,69,75,-6,6
44314,86,105,-19,19
44315,107,88,19,19
44316,63,63,0,0
44317,127,120,7,7
44318,87,80,7,7
44319,82,83,-1,1
44320,92,86,6,6
44321,78,89,-11,11
44322,117,111,6,6
44323,93,104,-11,11
44324,116,122,-6,6
44325,51,54,-3,3
44326,80,73,7,7
44327,126,133,-7,7
44328,48,49,-1,1
44329,183,179,4,4
44330,61,67,-6,6
44331,128,122,6,6
44332,95,79,16,16
44333,107,102,5,5
44334,87,95,-8,8
44335,136,127,9,9
44336,49,48,1,1
44337,77,80,-3,3
44338,114,117,-3,3
44339,139,138,1,1
44340,90,91,-1,1
44341,164,145,19,19
44342,124,139,-15,15
44343,115,121,-6,6
44344,111,106,5,5
44345,144,146,-2,2
44346,72,94,-22,22
44347,121,123,-2,2
44348,131,111,20,20
44349,99,101,-2,2
44350,55,65,-10,10
44351,125,111,14,14
44352,43,43,0,0
44353,75,70,5,5
44354,71,73,-2,2
44355,62,63,-1,1
44356,86,83,3,3
44357,78,75,3,3
44358,101,108,-7,7
44359,81,79,2,2
44360,144,126,18,18
44361,121,100,21,21
44362,84,82,2,2
44363,91,79,12,12
44364,108,116,-8,8
44365,84,79,5,5
44366,96,92,4,4
44367,130,125,5,5
44368,53,48,5,5
44369,111,123,-12,12
44370,65,51,14,14
44371,138,126,12,12
44372,39,40,-1,1
44373,54,59,-5,5
44374,48,55,-7,7
44375,62,61,1,1
44376,110,110,0,0
44377,88,93,-5,5
44378,92,98,-6,6
44379,124,123,1,1
44380,86,82,4,4
44381,89,113,-24,24
44382,96,105,-9,9
44383,50,49,1,1
44384,92,78,14,14
44385,70,62,8,8
44386,101,96,5,5
44387,143,123,20,20
44388,128,135,-7,7
44389,83,82,1,1
44390,59,58,1,1
44391,131,118,13,13
44392,79,69,10,10
44393,66,67,-1,1
44394,110,100,10,10
44395,99,100,-1,1
44396,100,110,-10,10
44397,92,92,0,0
44398,115,100,15,15
44399,87,72,15,15
44400,105,90,15,15
44401,77,74,3,3
44402,93,98,-5,5
44403,124,123,1,1
44404,71,71,0,0
44405,68,74,-6,6
44406,107,114,-7,7
44407,130,131,-1,1
44408,32,35,-3,3
44409,96,109,-13,13
44410,82,77,5,5
44411,73,68,5,5
44412,57,73,-16,16
44413,60,61,-1,1
44414,61,72,-11,11
44415,127,109,18,18
44416,67,61,6,6
44417,148,141,7,7
44418,111,120,-9,9
44419,119,102,17,17
44420,86,81,5,5
44421,88,105,-17,17
44422,68,76,-8,8
44423,65,78,-13,13
44424,64,65,-1,1
44425,158,153,5,5
44426,144,110,34,34
44427,91,99,-8,8
44428,63,71,-8,8
44429,88,101,-13,13
44430,122,109,13,13
44431,51,54,-3,3
44432,124,124,0,0
44433,118,100,18,18
44434,49,51,-2,2
44435,94,83,11,11
44436,69,58,11,11
44437,168,161,7,7
44438,79,90,-11,11
44439,70,80,-10,10
44440,199,189,10,10
44441,43,48,-5,5
44442,85,82,3,3
44443,51,49,2,2
44444,135,136,-1,1
44445,57,69,-12,12
44446,191,190,1,1
44447,94,100,-6,6
44448,109,121,-12,12
44449,76,74,2,2
44450,175,168,7,7
44451,126,126,0,0
44452,143,139,4,4
44453,101,103,-2,2
44454,50,90,-40,40
44455,84,92,-8,8
44456,94,85,9,9
44457,110,107,3,3
44458,170,127,43,43
44459,149,139,10,10
44460,94,102,-8,8
44461,102,95,7,7
44462,118,137,-19,19
44463,112,117,-5,5
44464,108,115,-7,7
44465,58,62,-4,4
44466,39,112,-73,73
44467,112,102,10,10
44468,107,127,-20,20
44469,61,70,-9,9
44470,99,92,7,7
44471,62,62,0,0
44472,119,105,14,14
44473,105,96,9,9
44474,93,82,11,11
44475,109,104,5,5
44476,132,123,9,9
44477,83,106,-23,23
44478,46,45,1,1
44479,170,154,16,16
44480,217,168,49,49
44481,119,123,-4,4
44482,140,138,2,2
44483,106,101,5,5
44484,100,98,2,2
44485,61,74,-13,13
44486,111,114,-3,3
44487,117,103,14,14
44488,68,77,-9,9
44489,94,85,9,9
44490,74,70,4,4
44491,109,111,-2,2
44492,98,117,-19,19
44493,103,98,5,5
44494,78,94,-16,16
44495,80,86,-6,6
44496,83,83,0,0
44497,76,92,-16,16
44498,110,114,-4,4
44499,152,134,18,18
44500,81,65,16,16
44501,133,121,12,12
44502,66,60,6,6
44503,102,95,7,7
44504,102,108,-6,6
44505,53,60,-7,7
44506,139,154,-15,15
44507,133,116,17,17
44508,57,60,-3,3
44509,61,63,-2,2
44510,116,103,13,13
44511,97,91,6,6
44512,187,192,-5,5
44513,62,63,-1,1
44514,102,91,11,11
44515,62,80,-18,18
44516,48,43,5,5
44517,108,109,-1,1
44518,68,64,4,4
44519,112,111,1,1
44520,154,141,13,13
44521,76,80,-4,4
44522,110,113,-3,3
44523,89,87,2,2
44524,128,128,0,0
44525,61,77,-16,16
44526,60,70,-10,10
44527,143,154,-11,11
44528,107,108,-1,1
44529,76,72,4,4
44530,79,87,-8,8
44531,65,62,3,3
44532,104,105,-1,1
44533,145,137,8,8
44534,86,82,4,4
44535,83,86,-3,3
44536,88,91,-3,3
44537,178,162,16,16
44538,116,122,-6,6
44539,105,129,-24,24
44540,72,87,-15,15
44541,77,83,-6,6
44542,56,44,12,12
44543,109,103,6,6
44544,45,46,-1,1
44545,106,101,5,5
44546,42,44,-2,2
44547,118,114,4,4
44548,102,106,-4,4
44549,47,50,-3,3
44550,70,66,4,4
44551,103,107,-4,4
44552,123,132,-9,9
44553,170,157,13,13
44554,124,129,-5,5
44555,98,114,-16,16
44556,57,68,-11,11
44557,122,127,-5,5
44558,59,54,5,5
44559,107,88,19,19
44560,73,72,1,1
44561,65,66,-1,1
44562,53,52,1,1
44563,152,144,8,8
44564,81,84,-3,3
44565,87,89,-2,2
44566,77,70,7,7
44567,129,134,-5,5
44568,165,159,6,6
44569,111,112,-1,1
44570,108,104,4,4
44571,67,82,-15,15
44572,78,74,4,4
44573,105,98,7,7
44574,72,72,0,0
44575,75,88,-13,13
44576,85,85,0,0
44577,57,61,-4,4
44578,115,130,-15,15
44579,74,69,5,5
44580,170,181,-11,11
44581,90,88,2,2
44582,85,95,-10,10
44583,65,78,-13,13
44584,45,54,-9,9
44585,160,144,16,16
44586,160,159,1,1
44587,99,116,-17,17
44588,62,77,-15,15
44589,121,115,6,6
44590,129,115,14,14
44591,98,108,-10,10
44592,104,104,0,0
44593,69,83,-14,14
44594,75,69,6,6
44595,95,84,11,11
44596,118,125,-7,7
44597,94,133,-39,39
44598,100,115,-15,15
44599,129,117,12,12
44600,118,130,-12,12
44601,57,150,-93,93
44602,68,81,-13,13
44603,123,113,10,10
44604,93,93,0,0
44605,53,77,-24,24
44606,92,82,10,10
44607,78,85,-7,7
44608,175,161,14,14
44609,115,135,-20,20
44610,70,73,-3,3
44611,161,134,27,27
44612,61,70,-9,9
44613,64,69,-5,5
44614,86,96,-10,10
44615,84,77,7,7
44616,152,94,58,58
44617,116,108,8,8
44618,53,71,-18,18
44619,57,65,-8,8
44620,68,83,-15,15
44621,178,170,8,8
44622,93,83,10,10
44623,120,108,12,12
44624,136,125,11,11
44625,39,43,-4,4
44626,102,111,-9,9
44627,167,163,4,4
44628,65,67,-2,2
44629,50,71,-21,21
44630,80,79,1,1
44631,126,118,8,8
44632,67,63,4,4
44633,59,66,-7,7
44634,116,119,-3,3
44635,95,96,-1,1
44636,57,62,-5,5
44637,75,90,-15,15
44638,99,101,-2,2
44639,94,91,3,3
44640,65,70,-5,5
44641,90,95,-5,5
44642,126,104,22,22
44643,86,89,-3,3
44644,103,107,-4,4
44645,92,105,-13,13
44646,120,117,3,3
44647,86,87,-1,1
44648,19,17,2,2
44649,138,120,18,18
44650,86,82,4,4
44651,126,145,-19,19
44652,103,91,12,12
44653,89,96,-7,7
44654,71,80,-9,9
44655,63,65,-2,2
44656,76,70,6,6
44657,154,132,22,22
44658,64,63,1,1
44659,73,73,0,0
44660,61,66,-5,5
44661,57,62,-5,5
44662,142,152,-10,10
44663,193,174,19,19
44664,58,79,-21,21
44665,89,101,-12,12
44666,88,93,-5,5
44667,121,116,5,5
44668,110,115,-5,5
44669,116,103,13,13
44670,100,87,13,13
44671,62,60,2,2
44672,100,100,0,0
44673,146,119,27,27
44674,33,58,-25,25
44675,105,107,-2,2
44676,93,87,6,6
44677,48,59,-11,11
44678,74,69,5,5
44679,55,56,-1,1
44680,77,69,8,8
44681,83,77,6,6
44682,162,152,10,10
44683,59,66,-7,7
44684,196,188,8,8
44685,95,83,12,12
44686,64,58,6,6
44687,107,101,6,6
44688,163,149,14,14
44689,78,77,1,1
44690,66,77,-11,11
44691,62,57,5,5
44692,109,108,1,1
44693,77,74,3,3
44694,125,111,14,14
44695,103,89,14,14
44696,81,83,-2,2
44697,50,48,2,2
44698,116,121,-5,5
44699,70,71,-1,1
44700,68,61,7,7
44701,96,89,7,7
44702,155,130,25,25
44703,128,131,-3,3
44704,75,82,-7,7
44705,116,119,-3,3
44706,88,96,-8,8
44707,100,89,11,11
44708,73,88,-15,15
44709,140,140,0,0
44710,106,124,-18,18
44711,87,95,-8,8
44712,78,91,-13,13
44713,92,86,6,6
44714,109,97,12,12
44715,69,77,-8,8
44716,174,157,17,17
44717,60,64,-4,4
44718,61,60,1,1
44719,59,69,-10,10
44720,124,128,-4,4
44721,85,79,6,6
44722,136,120,16,16
44723,118,128,-10,10
44724,81,98,-17,17
44725,80,75,5,5
44726,69,65,4,4
44727,60,62,-2,2
44728,63,65,-2,2
44729,46,70,-24,24
44730,61,62,-1,1
44731,65,74,-9,9
44732,104,110,-6,6
44733,144,130,14,14
44734,73,78,-5,5
44735,77,76,1,1
44736,96,88,8,8
44737,71,76,-5,5
44738,74,74,0,0
44739,60,70,-10,10
44740,80,81,-1,1
44741,74,78,-4,4
44742,168,130,38,38
44743,145,140,5,5
44744,86,95,-9,9
44745,137,134,3,3
44746,121,122,-1,1
44747,91,79,12,12
44748,68,79,-11,11
44749,78,67,11,11
44750,84,80,4,4
44751,150,131,19,19
44752,103,87,16,16
44753,79,77,2,2
44754,63,65,-2,2
44755,70,66,4,4
44756,229,221,8,8
44757,130,134,-4,4
44758,81,85,-4,4
44759,112,93,19,19
44760,134,113,21,21
44761,82,80,2,2
44762,152,190,-38,38
44763,90,105,-15,15
44764,105,114,-9,9
44765,138,140,-2,2
44766,95,97,-2,2
44767,86,91,-5,5
44768,91,89,2,2
44769,58,74,-16,16
44770,130,117,13,13
44771,154,139,15,15
44772,69,70,-1,1
44773,158,129,29,29
44774,136,140,-4,4
44775,56,68,-12,12
44776,86,78,8,8
44777,49,50,-1,1
44778,138,136,2,2
44779,100,88,12,12
44780,146,140,6,6
44781,56,56,0,0
44782,79,85,-6,6
44783,53,74,-21,21
44784,59,51,8,8
44785,64,68,-4,4
44786,108,94,14,14
44787,66,72,-6,6
44788,117,106,11,11
44789,60,62,-2,2
44790,51,49,2,2
44791,104,115,-11,11
44792,92,107,-15,15
44793,87,74,13,13
44794,84,112,-28,28
44795,155,157,-2,2
44796,100,115,-15,15
44797,43,48,-5,5
44798,72,57,15,15
44799,124,123,1,1
44800,116,127,-11,11
44801,159,140,19,19
44802,91,111,-20,20
44803,71,77,-6,6
44804,158,147,11,11
44805,71,76,-5,5
44806,102,90,12,12
44807,117,112,5,5
44808,94,93,1,1
44809,79,86,-7,7
44810,51,56,-5,5
44811,63,64,-1,1
44812,55,57,-2,2
44813,152,138,14,14
44814,78,78,0,0
44815,54,64,-10,10
44816,80,78,2,2
44817,59,60,-1,1
44818,84,84,0,0
44819,110,106,4,4
44820,124,113,11,11
44821,92,74,18,18
44822,126,131,-5,5
44823,130,109,21,21
44824,89,91,-2,2
44825,109,97,12,12
44826,87,100,-13,13
44827,75,76,-1,1
44828,225,200,25,25
44829,182,171,11,11
44830,82,87,-5,5
44831,54,61,-7,7
44832,187,181,6,6
44833,128,140,-12,12
44834,87,81,6,6
44835,92,91,1,1
44836,58,62,-4,4
44837,63,55,8,8
44838,100,91,9,9
44839,102,110,-8,8
44840,46,67,-21,21
44841,89,103,-14,14
44842,61,51,10,10
44843,134,138,-4,4
44844,69,74,-5,5
44845,118,118,0,0
44846,153,139,14,14
44847,115,106,9,9
44848,88,89,-1,1
44849,91,94,-3,3
44850,51,42,9,9
44851,68,75,-7,7
44852,155,151,4,4
44853,52,78,-26,26
44854,71,75,-4,4
44855,100,95,5,5
44856,81,73,8,8
44857,168,175,-7,7
44858,80,82,-2,2
44859,83,88,-5,5
44860,90,89,1,1
44861,99,90,9,9
44862,45,47,-2,2
44863,110,123,-13,13
44864,118,107,11,11
44865,98,99,-1,1
44866,162,155,7,7
44867,54,62,-8,8
44868,80,79,1,1
44869,91,76,15,15
44870,81,77,4,4
44871,89,93,-4,4
44872,58,54,4,4
44873,194,187,7,7
44874,78,87,-9,9
44875,63,60,3,3
44876,61,41,20,20
44877,98,91,7,7
44878,95,92,3,3
44879,97,95,2,2
44880,96,107,-11,11
44881,89,80,9,9
44882,154,149,5,5
44883,51,57,-6,6
44884,117,96,21,21
44885,42,64,-22,22
44886,92,79,13,13
44887,91,97,-6,6
44888,162,167,-5,5
44889,75,71,4,4
44890,104,109,-5,5
44891,117,105,12,12
44892,74,78,-4,4
44893,52,49,3,3
44894,77,75,2,2
44895,83,75,8,8
44896,71,84,-13,13
44897,57,56,1,1
44898,62,61,1,1
44899,114,110,4,4
44900,58,44,14,14
44901,120,142,-22,22
44902,74,69,5,5
44903,95,108,-13,13
44904,63,72,-9,9
44905,84,106,-22,22
44906,57,66,-9,9
44907,70,69,1,1
44908,71,77,-6,6
44909,71,52,19,19
44910,140,115,25,25
44911,116,123,-7,7
44912,62,67,-5,5
44913,96,112,-16,16
44914,73,79,-6,6
44915,79,84,-5,5
44916,97,83,14,14
44917,80,80,0,0
44918,76,71,5,5
44919,67,74,-7,7
44920,176,165,11,11
44921,71,82,-11,11
44922,89,87,2,2
44923,75,85,-10,10
44924,142,122,20,20
44925,96,92,4,4
44926,70,80,-10,10
44927,134,118,16,16
44928,123,122,1,1
44929,71,83,-12,12
44930,45,65,-20,20
44931,102,93,9,9
44932,130,138,-8,8
44933,134,126,8,8
44934,71,72,-1,1
44935,111,120,-9,9
44936,134,112,22,22
44937,131,110,21,21
44938,136,165,-29,29
44939,116,116,0,0
44940,156,145,11,11
44941,139,118,21,21
44942,102,95,7,7
44943,69,84,-15,15
44944,81,93,-12,12
44945,109,107,2,2
44946,94,105,-11,11
44947,77,73,4,4
44948,173,161,12,12
44949,70,70,0,0
44950,77,77,0,0
44951,95,93,2,2
44952,96,97,-1,1
44953,90,93,-3,3
44954,47,63,-16,16
44955,116,123,-7,7
44956,84,77,7,7
44957,62,63,-1,1
44958,128,140,-12,12
44959,83,76,7,7
44960,90,98,-8,8
44961,86,80,6,6
44962,113,112,1,1
44963,153,137,16,16
44964,90,79,11,11
44965,96,104,-8,8
44966,76,94,-18,18
44967,73,83,-10,10
44968,98,99,-1,1
44969,23,45,-22,22
44970,57,57,0,0
44971,65,55,10,10
44972,107,103,4,4
44973,140,139,1,1
44974,112,92,20,20
44975,149,150,-1,1
44976,100,76,24,24
44977,100,92,8,8
44978,64,70,-6,6
44979,89,91,-2,2
44980,154,130,24,24
44981,53,56,-3,3
44982,45,61,-16,16
44983,61,68,-7,7
44984,108,111,-3,3
44985,88,79,9,9
44986,109,134,-25,25
44987,143,119,24,24
44988,91,106,-15,15
44989,102,101,1,1
44990,61,76,-15,15
44991,85,87,-2,2
44992,121,100,21,21
44993,65,63,2,2
44994,56,55,1,1
44995,103,104,-1,1
44996,111,91,20,20
44997,102,98,4,4
44998,99,88,11,11
44999,97,118,-21,21
45000,79,75,4,4
45001,139,138,1,1
45002,107,90,17,17
45003,166,166,0,0
45004,51,46,5,5
45005,75,71,4,4
45006,113,112,1,1
45007,69,87,-18,18
45008,129,129,0,0
45009,197,179,18,18
45010,104,108,-4,4
45011,99,106,-7,7
45012,86,66,20,20
45013,95,80,15,15
45014,138,139,-1,1
45015,78,80,-2,2
45016,47,93,-46,46
45017,56,62,-6,6
45018,62,63,-1,1
45019,64,74,-10,10
45020,105,83,22,22
45021,104,94,10,10
45022,140,134,6,6
45023,84,107,-23,23
45024,126,132,-6,6
45025,82,90,-8,8
45026,75,74,1,1
45027,92,88,4,4
45028,77,67,10,10
45029,100,89,11,11
45030,140,137,3,3
45031,67,80,-13,13
45032,117,127,-10,10
45033,54,56,-2,2
45034,81,85,-4,4
45035,130,124,6,6
45036,100,102,-2,2
45037,86,81,5,5
45038,57,64,-7,7
45039,115,117,-2,2
45040,147,141,6,6
45041,86,98,-12,12
45042,39,51,-12,12
45043,79,85,-6,6
45044,89,101,-12,12
45045,70,64,6,6
45046,73,78,-5,5
45047,113,107,6,6
45048,99,101,-2,2
45049,78,75,3,3
45050,132,122,10,10
45051,79,93,-14,14
45052,143,138,5,5
45053,57,57,0,0
45054,49,54,-5,5
45055,85,83,2,2
45056,49,79,-30,30
45057,96,85,11,11
45058,87,90,-3,3
45059,151,132,19,19
45060,147,126,21,21
45061,94,113,-19,19
45062,91,96,-5,5
45063,56,52,4,4
45064,123,132,-9,9
45065,188,142,46,46
45066,55,38,17,17
45067,117,112,5,5
45068,106,93,13,13
45069,109,115,-6,6
45070,61,68,-7,7
45071,46,66,-20,20
45072,62,59,3,3
45073,102,95,7,7
45074,62,71,-9,9
45075,85,98,-13,13
45076,89,88,1,1
45077,96,90,6,6
45078,132,129,3,3
45079,94,95,-1,1
45080,118,106,12,12
45081,73,67,6,6
45082,69,79,-10,10
45083,57,57,0,0
45084,86,89,-3,3
45085,130,115,15,15
45086,144,135,9,9
45087,67,70,-3,3
45088,64,106,-42,42
45089,85,86,-1,1
45090,104,114,-10,10
45091,109,108,1,1
45092,110,117,-7,7
45093,129,112,17,17
45094,97,94,3,3
45095,85,85,0,0
45096,104,100,4,4
45097,77,88,-11,11
45098,81,84,-3,3
45099,97,85,12,12
45100,130,139,-9,9
45101,67,65,2,2
45102,55,74,-19,19
45103,92,82,10,10
45104,83,90,-7,7
45105,135,132,3,3
45106,69,73,-4,4
45107,109,113,-4,4
45108,98,82,16,16
45109,95,91,4,4
45110,121,145,-24,24
45111,80,70,10,10
45112,79,73,6,6
45113,123,118,5,5
45114,117,116,1,1
45115,59,67,-8,8
45116,89,88,1,1
45117,82,83,-1,1
45118,117,105,12,12
45119,69,68,1,1
45120,123,113,10,10
45121,57,69,-12,12
45122,87,85,2,2
45123,105,104,1,1
45124,108,106,2,2
45125,76,82,-6,6
45126,74,108,-34,34
45127,84,64,20,20
45128,96,97,-1,1
45129,78,76,2,2
45130,76,96,-20,20
45131,88,97,-9,9
45132,89,94,-5,5
45133,90,94,-4,4
45134,60,59,1,1
45135,53,68,-15,15
45136,67,64,3,3
45137,89,94,-5,5
45138,149,145,4,4
45139,95,97,-2,2
45140,109,121,-12,12
45141,169,164,5,5
45142,78,74,4,4
45143,122,115,7,7
45144,48,61,-13,13
45145,108,119,-11,11
45146,90,92,-2,2
45147,147,147,0,0
45148,69,69,0,0
45149,112,105,7,7
45150,158,156,2,2
45151,123,142,-19,19
45152,42,49,-7,7
45153,135,129,6,6
45154,148,127,21,21
45155,109,109,0,0
45156,73,61,12,12
45157,88,85,3,3
45158,90,77,13,13
45159,55,54,1,1
45160,83,97,-14,14
45161,54,43,11,11
45162,85,84,1,1
45163,75,66,9,9
45164,121,128,-7,7
45165,65,73,-8,8
45166,77,75,2,2
45167,102,93,9,9
45168,104,120,-16,16
45169,67,67,0,0
45170,134,122,12,12
45171,107,107,0,0
45172,87,94,-7,7
45173,168,162,6,6
45174,145,136,9,9
45175,127,132,-5,5
45176,168,139,29,29
45177,113,96,17,17
45178,64,76,-12,12
45179,64,65,-1,1
45180,83,82,1,1
45181,83,77,6,6
45182,125,125,0,0
45183,61,59,2,2
45184,40,38,2,2
45185,57,54,3,3
45186,153,144,9,9
45187,101,113,-12,12
45188,83,81,2,2
45189,89,103,-14,14
45190,111,107,4,4
45191,77,74,3,3
45192,127,117,10,10
45193,128,129,-1,1
45194,146,123,23,23
45195,49,54,-5,5
45196,49,43,6,6
45197,57,60,-3,3
45198,89,78,11,11
45199,88,115,-27,27
45200,153,176,-23,23
45201,71,72,-1,1
45202,135,128,7,7
45203,109,108,1,1
45204,73,69,4,4
45205,185,227,-42,42
45206,69,64,5,5
45207,109,122,-13,13
45208,74,84,-10,10
45209,181,174,7,7
45210,96,98,-2,2
45211,93,109,-16,16
45212,60,63,-3,3
45213,104,98,6,6
45214,67,51,16,16
45215,89,99,-10,10
45216,128,126,2,2
45217,100,100,0,0
45218,96,99,-3,3
45219,90,88,2,2
45220,68,63,5,5
45221,126,120,6,6
45222,54,57,-3,3
45223,106,111,-5,5
45224,63,74,-11,11
45225,113,97,16,16
45226,45,63,-18,18
45227,98,90,8,8
45228,156,146,10,10
45229,52,61,-9,9
45230,134,121,13,13
45231,74,72,2,2
45232,102,101,1,1
45233,100,100,0,0
45234,62,64,-2,2
45235,82,72,10,10
45236,105,96,9,9
45237,69,75,-6,6
45238,124,152,-28,28
45239,118,118,0,0
45240,82,87,-5,5
45241,63,65,-2,2
45242,70,68,2,2
45243,68,61,7,7
45244,121,105,16,16
45245,73,71,2,2
45246,51,51,0,0
45247,81,73,8,8
45248,146,131,15,15
45249,88,86,2,2
45250,101,90,11,11
45251,126,133,-7,7
45252,119,116,3,3
45253,113,117,-4,4
45254,172,136,36,36
45255,81,70,11,11
45256,90,82,8,8
45257,110,114,-4,4
45258,134,136,-2,2
45259,37,42,-5,5
45260,62,62,0,0
45261,65,76,-11,11
45262,52,59,-7,7
45263,76,84,-8,8
45264,116,120,-4,4
45265,98,143,-45,45
45266,61,65,-4,4
45267,84,92,-8,8
45268,153,140,13,13
45269,72,66,6,6
45270,77,73,4,4
45271,86,82,4,4
45272,99,108,-9,9
45273,124,120,4,4
45274,66,59,7,7
45275,76,89,-13,13
45276,67,68,-1,1
45277,133,116,17,17
45278,91,89,2,2
45279,71,78,-7,7
45280,207,189,18,18
45281,65,71,-6,6
45282,97,105,-8,8
45283,131,125,6,6
45284,120,108,12,12
45285,59,58,1,1
45286,124,127,-3,3
45287,74,67,7,7
45288,101,97,4,4
45289,85,84,1,1
45290,85,91,-6,6
45291,137,121,16,16
45292,76,69,7,7
45293,136,143,-7,7
45294,139,132,7,7
45295,49,62,-13,13
45296,136,124,12,12
45297,75,62,13,13
45298,109,100,9,9
45299,53,67,-14,14
45300,110,107,3,3
45301,59,61,-2,2
45302,119,106,13,13
45303,86,72,14,14
45304,139,134,5,5
45305,132,114,18,18
45306,191,173,18,18
45307,87,88,-1,1
45308,90,93,-3,3
45309,122,114,8,8
45310,73,65,8,8
45311,122,104,18,18
45312,93,97,-4,4
45313,46,49,-3,3
45314,84,95,-11,11
45315,103,85,18,18
45316,39,35,4,4
45317,96,107,-11,11
45318,72,81,-9,9
45319,146,127,19,19
45320,80,89,-9,9
45321,68,71,-3,3
45322,49,51,-2,2
45323,110,109,1,1
45324,117,121,-4,4
45325,121,109,12,12
45326,55,62,-7,7
45327,149,156,-7,7
45328,78,86,-8,8
45329,60,68,-8,8
45330,161,160,1,1
45331,95,100,-5,5
45332,75,69,6,6
45333,92,99,-7,7
45334,112,133,-21,21
45335,67,73,-6,6
45336,91,94,-3,3
45337,109,96,13,13
45338,177,145,32,32
45339,105,108,-3,3
45340,82,72,10,10
45341,89,75,14,14
45342,109,105,4,4
45343,67,82,-15,15
45344,117,133,-16,16
45345,96,99,-3,3
45346,49,55,-6,6
45347,110,103,7,7
45348,57,53,4,4
45349,118,96,22,22
45350,120,108,12,12
45351,77,89,-12,12
45352,107,89,18,18
45353,60,49,11,11
45354,70,69,1,1
45355,115,111,4,4
45356,70,71,-1,1
45357,70,48,22,22
45358,96,123,-27,27
45359,72,75,-3,3
45360,72,73,-1,1
45361,67,77,-10,10
45362,170,158,12,12
45363,57,51,6,6
45364,67,71,-4,4
45365,85,82,3,3
45366,95,111,-16,16
45367,119,149,-30,30
45368,84,90,-6,6
45369,65,85,-20,20
45370,225,218,7,7
45371,97,90,7,7
45372,81,88,-7,7
45373,104,104,0,0
45374,23,-1,24,24
45375,75,82,-7,7
45376,115,121,-6,6
45377,111,97,14,14
45378,60,53,7,7
45379,72,69,3,3
45380,100,102,-2,2
45381,85,92,-7,7
45382,60,59,1,1
45383,55,65,-10,10
45384,120,120,0,0
45385,121,127,-6,6
45386,79,85,-6,6
45387,89,82,7,7
45388,127,125,2,2
45389,86,90,-4,4
45390,58,38,20,20
45391,99,89,10,10
45392,126,133,-7,7
45393,53,50,3,3
45394,55,62,-7,7
45395,107,110,-3,3
45396,67,62,5,5
45397,83,96,-13,13
45398,81,85,-4,4
45399,92,92,0,0
45400,109,104,5,5
45401,148,142,6,6
45402,115,109,6,6
45403,124,112,12,12
45404,103,100,3,3
45405,122,115,7,7
45406,104,103,1,1
45407,58,41,17,17
45408,68,79,-11,11
45409,83,93,-10,10
45410,51,85,-34,34
45411,84,79,5,5
45412,129,145,-16,16
45413,64,63,1,1
45414,150,140,10,10
45415,48,44,4,4
45416,67,52,15,15
45417,72,70,2,2
45418,101,102,-1,1
45419,68,63,5,5
45420,135,140,-5,5
45421,98,110,-12,12
45422,73,77,-4,4
45423,93,97,-4,4
45424,161,159,2,2
45425,58,72,-14,14
45426,125,128,-3,3
45427,91,96,-5,5
45428,82,73,9,9
45429,82,91,-9,9
45430,89,94,-5,5
45431,45,44,1,1
45432,56,151,-95,95
45433,152,174,-22,22
45434,110,101,9,9
45435,81,83,-2,2
45436,43,63,-20,20
45437,154,136,18,18
45438,82,73,9,9
45439,104,103,1,1
45440,78,87,-9,9
45441,130,125,5,5
45442,66,86,-20,20
45443,86,104,-18,18
45444,98,100,-2,2
45445,106,101,5,5
45446,78,93,-15,15
45447,89,82,7,7
45448,84,93,-9,9
45449,111,103,8,8
45450,73,85,-12,12
45451,115,140,-25,25
45452,174,177,-3,3
45453,87,79,8,8
45454,102,97,5,5
45455,77,47,30,30
45456,37,41,-4,4
45457,131,121,10,10
45458,104,99,5,5
45459,109,127,-18,18
45460,89,88,1,1
45461,108,108,0,0
45462,158,142,16,16
45463,69,72,-3,3
45464,89,79,10,10
45465,42,44,-2,2
45466,97,81,16,16
45467,70,74,-4,4
45468,116,118,-2,2
45469,138,149,-11,11
45470,110,113,-3,3
45471,105,89,16,16
45472,51,55,-4,4
45473,94,102,-8,8
45474,75,64,11,11
45475,129,122,7,7
45476,88,78,10,10
45477,100,89,11,11
45478,79,78,1,1
45479,176,152,24,24
45480,86,82,4,4
45481,88,103,-15,15
45482,105,110,-5,5
45483,140,125,15,15
45484,72,74,-2,2
45485,111,102,9,9
45486,105,100,5,5
45487,191,177,14,14
45488,120,111,9,9
45489,99,106,-7,7
45490,45,56,-11,11
45491,94,82,12,12
45492,80,90,-10,10
45493,85,81,4,4
45494,74,67,7,7
45495,78,93,-15,15
45496,131,120,11,11
45497,95,97,-2,2
45498,59,56,3,3
45499,72,65,7,7
45500,108,114,-6,6
45501,71,79,-8,8
45502,74,63,11,11
45503,134,131,3,3
45504,101,108,-7,7
45505,68,58,10,10
45506,127,137,-10,10
45507,195,173,22,22
45508,73,80,-7,7
45509,77,67,10,10
45510,79,70,9,9
45511,59,51,8,8
45512,115,109,6,6
45513,79,92,-13,13
45514,91,87,4,4
45515,82,81,1,1
45516,72,68,4,4
45517,63,83,-20,20
45518,89,80,9,9
45519,69,81,-12,12
45520,62,99,-37,37
45521,45,52,-7,7
45522,87,94,-7,7
45523,75,88,-13,13
45524,105,97,8,8
45525,93,96,-3,3
45526,104,92,12,12
45527,86,93,-7,7
45528,159,165,-6,6
45529,93,79,14,14
45530,112,109,3,3
45531,120,120,0,0
45532,62,88,-26,26
45533,108,103,5,5
45534,124,123,1,1
45535,167,135,32,32
45536,163,158,5,5
45537,113,111,2,2
45538,98,86,12,12
45539,64,67,-3,3
45540,120,118,2,2
45541,52,49,3,3
45542,42,57,-15,15
45543,131,137,-6,6
45544,95,78,17,17
45545,85,91,-6,6
45546,71,70,1,1
45547,116,105,11,11
45548,91,80,11,11
45549,94,86,8,8
45550,52,59,-7,7
45551,84,103,-19,19
45552,61,76,-15,15
45553,101,105,-4,4
45554,97,98,-1,1
45555,96,94,2,2
45556,141,145,-4,4
45557,124,116,8,8
45558,72,64,8,8
45559,79,130,-51,51
45560,155,159,-4,4
45561,112,113,-1,1
45562,63,55,8,8
45563,73,77,-4,4
45564,67,69,-2,2
45565,61,56,5,5
45566,114,119,-5,5
45567,33,41,-8,8
45568,64,70,-6,6
45569,79,71,8,8
45570,149,156,-7,7
45571,97,91,6,6
45572,84,85,-1,1
45573,134,129,5,5
45574,85,89,-4,4
45575,123,104,19,19
45576,97,80,17,17
45577,69,70,-1,1
45578,116,97,19,19
45579,92,87,5,5
45580,125,127,-2,2
45581,103,94,9,9
45582,99,86,13,13
45583,154,160,-6,6
45584,102,95,7,7
45585,53,56,-3,3
45586,104,99,5,5
45587,218,186,32,32
45588,57,55,2,2
45589,154,135,19,19
45590,141,132,9,9
45591,113,119,-6,6
45592,69,66,3,3
45593,87,102,-15,15
45594,126,122,4,4
45595,99,93,6,6
45596,85,84,1,1
45597,78,96,-18,18
45598,85,84,1,1
45599,77,65,12,12
45600,97,97,0,0
45601,67,76,-9,9
45602,114,116,-2,2
45603,130,143,-13,13
45604,127,116,11,11
45605,66,61,5,5
45606,74,74,0,0
45607,117,128,-11,11
45608,57,55,2,2
45609,169,151,18,18
45610,79,91,-12,12
45611,122,127,-5,5
45612,117,114,3,3
45613,82,90,-8,8
45614,119,109,10,10
45615,105,110,-5,5
45616,121,108,13,13
45617,107,106,1,1
45618,63,67,-4,4
45619,76,74,2,2
45620,141,140,1,1
45621,76,82,-6,6
45622,189,232,-43,43
45623,78,78,0,0
45624,105,114,-9,9
45625,69,86,-17,17
45626,95,106,-11,11
45627,55,66,-11,11
45628,85,74,11,11
45629,62,75,-13,13
45630,72,69,3,3
45631,91,87,4,4
45632,78,93,-15,15
45633,69,59,10,10
45634,58,56,2,2
45635,104,97,7,7
45636,90,97,-7,7
45637,45,42,3,3
45638,109,111,-2,2
45639,174,146,28,28
45640,102,118,-16,16
45641,72,78,-6,6
45642,93,103,-10,10
45643,88,117,-29,29
45644,147,125,22,22
45645,116,117,-1,1
45646,71,100,-29,29
45647,59,60,-1,1
45648,110,113,-3,3
45649,112,100,12,12
45650,67,48,19,19
45651,63,72,-9,9
45652,99,83,16,16
45653,71,62,9,9
45654,61,77,-16,16
45655,145,164,-19,19
45656,59,67,-8,8
45657,91,93,-2,2
45658,97,120,-23,23
45659,67,74,-7,7
45660,75,67,8,8
45661,107,94,13,13
45662,47,42,5,5
45663,111,122,-11,11
45664,122,105,17,17
45665,145,136,9,9
45666,133,104,29,29
45667,90,87,3,3
45668,153,152,1,1
45669,83,79,4,4
45670,44,60,-16,16
45671,64,66,-2,2
45672,74,89,-15,15
45673,98,102,-4,4
45674,117,104,13,13
45675,83,94,-11,11
45676,52,75,-23,23
45677,74,75,-1,1
45678,128,120,8,8
45679,75,71,4,4
45680,71,75,-4,4
45681,72,81,-9,9
45682,80,86,-6,6
45683,98,92,6,6
45684,138,130,8,8
45685,161,156,5,5
45686,152,156,-4,4
45687,117,114,3,3
45688,96,103,-7,7
45689,76,86,-10,10
45690,150,142,8,8
45691,71,74,-3,3
45692,127,131,-4,4
45693,93,92,1,1
45694,116,117,-1,1
45695,128,122,6,6
45696,47,64,-17,17
45697,53,62,-9,9
45698,173,168,5,5
45699,84,102,-18,18
45700,74,79,-5,5
45701,40,62,-22,22
45702,125,106,19,19
45703,100,108,-8,8
45704,62,82,-20,20
45705,120,103,17,17
45706,163,118,45,45
45707,111,107,4,4
45708,62,77,-15,15
45709,104,110,-6,6
45710,96,88,8,8
45711,71,72,-1,1
45712,94,106,-12,12
45713,109,99,10,10
45714,46,44,2,2
45715,94,94,0,0
45716,52,65,-13,13
45717,88,79,9,9
45718,68,71,-3,3
45719,193,184,9,9
45720,137,129,8,8
45721,109,102,7,7
45722,97,102,-5,5
45723,114,96,18,18
45724,90,87,3,3
45725,57,92,-35,35
45726,119,113,6,6
45727,157,137,20,20
45728,86,82,4,4
45729,108,97,11,11
45730,82,87,-5,5
45731,111,109,2,2
45732,110,100,10,10
45733,108,151,-43,43
45734,92,79,13,13
45735,38,39,-1,1
45736,92,86,6,6
45737,92,86,6,6
45738,68,61,7,7
45739,74,81,-7,7
45740,83,90,-7,7
45741,106,90,16,16
45742,86,95,-9,9
45743,78,65,13,13
45744,155,165,-10,10
45745,116,118,-2,2
45746,129,98,31,31
45747,99,98,1,1
45748,114,103,11,11
45749,103,97,6,6
45750,82,77,5,5
45751,50,52,-2,2
45752,86,83,3,3
45753,82,80,2,2
45754,82,96,-14,14
45755,50,48,2,2
45756,88,71,17,17
45757,86,82,4,4
45758,103,101,2,2
45759,60,69,-9,9
45760,68,65,3,3
45761,86,51,35,35
45762,85,78,7,7
45763,80,83,-3,3
45764,58,77,-19,19
45765,63,76,-13,13
45766,117,127,-10,10
45767,97,98,-1,1
45768,59,55,4,4
45769,66,82,-16,16
45770,121,122,-1,1
45771,77,79,-2,2
45772,47,43,4,4
45773,61,72,-11,11
45774,128,116,12,12
45775,225,214,11,11
45776,145,128,17,17
45777,125,156,-31,31
45778,40,38,2,2
45779,94,91,3,3
45780,103,96,7,7
45781,137,132,5,5
45782,151,150,1,1
45783,98,99,-1,1
45784,115,112,3,3
45785,77,70,7,7
45786,75,102,-27,27
45787,75,84,-9,9
45788,117,107,10,10
45789,133,125,8,8
45790,89,98,-9,9
45791,92,108,-16,16
45792,66,64,2,2
45793,26,34,-8,8
45794,135,124,11,11
45795,82,75,7,7
45796,44,51,-7,7
45797,79,43,36,36
45798,135,138,-3,3
45799,122,127,-5,5
45800,177,157,20,20
45801,93,86,7,7
45802,54,43,11,11
45803,104,121,-17,17
45804,69,65,4,4
45805,64,63,1,1
45806,113,126,-13,13
45807,69,68,1,1
45808,127,134,-7,7
45809,115,117,-2,2
45810,75,85,-10,10
45811,81,73,8,8
45812,35,34,1,1
45813,120,119,1,1
45814,86,90,-4,4
45815,111,115,-4,4
45816,149,131,18,18
45817,86,85,1,1
45818,122,120,2,2
45819,80,87,-7,7
45820,91,80,11,11
45821,106,104,2,2
45822,30,89,-59,59
45823,84,80,4,4
45824,159,124,35,35
45825,76,85,-9,9
45826,73,81,-8,8
45827,78,80,-2,2
45828,271,294,-23,23
45829,138,136,2,2
45830,72,80,-8,8
45831,77,54,23,23
45832,94,94,0,0
45833,101,102,-1,1
45834,72,68,4,4
45835,101,103,-2,2
45836,120,130,-10,10
45837,159,159,0,0
45838,78,64,14,14
45839,78,80,-2,2
45840,106,96,10,10
45841,87,94,-7,7
45842,62,69,-7,7
45843,106,105,1,1
45844,127,144,-17,17
45845,101,91,10,10
45846,56,54,2,2
45847,41,57,-16,16
45848,83,96,-13,13
45849,128,134,-6,6
45850,86,80,6,6
45851,82,89,-7,7
45852,104,105,-1,1
45853,116,124,-8,8
45854,115,120,-5,5
45855,81,95,-14,14
45856,82,98,-16,16
45857,88,84,4,4
45858,115,125,-10,10
45859,170,148,22,22
45860,110,105,5,5
45861,228,194,34,34
45862,161,133,28,28
45863,72,65,7,7
45864,171,140,31,31
45865,117,106,11,11
45866,116,107,9,9
45867,60,54,6,6
45868,113,116,-3,3
45869,121,108,13,13
45870,41,62,-21,21
45871,98,97,1,1
45872,83,76,7,7
45873,56,70,-14,14
45874,107,104,3,3
45875,90,82,8,8
45876,91,90,1,1
45877,68,68,0,0
45878,131,133,-2,2
45879,95,91,4,4
45880,93,93,0,0
45881,99,97,2,2
45882,195,189,6,6
45883,124,115,9,9
45884,124,112,12,12
45885,44,92,-48,48
45886,63,65,-2,2
45887,175,146,29,29
45888,127,116,11,11
45889,113,119,-6,6
45890,118,93,25,25
45891,99,106,-7,7
45892,89,95,-6,6
45893,64,63,1,1
45894,73,75,-2,2
45895,104,99,5,5
45896,50,56,-6,6
45897,94,69,25,25
45898,115,113,2,2
45899,91,93,-2,2
45900,80,80,0,0
45901,81,90,-9,9
45902,80,93,-13,13
45903,100,94,6,6
45904,123,119,4,4
45905,89,83,6,6
45906,71,58,13,13
45907,162,139,23,23
45908,152,120,32,32
45909,69,65,4,4
45910,81,84,-3,3
45911,71,71,0,0
45912,90,79,11,11
45913,104,104,0,0
45914,106,110,-4,4
45915,66,49,17,17
45916,66,59,7,7
45917,79,100,-21,21
45918,45,60,-15,15
45919,89,90,-1,1
45920,105,101,4,4
45921,59,53,6,6
45922,103,96,7,7
45923,116,120,-4,4
45924,93,89,4,4
45925,116,151,-35,35
45926,133,123,10,10
45927,86,88,-2,2
45928,86,76,10,10
45929,65,90,-25,25
45930,139,115,24,24
45931,117,113,4,4
45932,67,66,1,1
45933,119,108,11,11
45934,81,93,-12,12
45935,127,140,-13,13
45936,142,142,0,0
45937,87,90,-3,3
45938,70,73,-3,3
45939,79,89,-10,10
45940,119,117,2,2
45941,73,68,5,5
45942,72,66,6,6
45943,87,92,-5,5
45944,108,107,1,1
45945,120,109,11,11
45946,82,77,5,5
45947,97,94,3,3
45948,73,77,-4,4
45949,69,61,8,8
45950,96,96,0,0
45951,44,57,-13,13
45952,104,99,5,5
45953,68,68,0,0
45954,108,82,26,26
45955,81,93,-12,12
45956,124,111,13,13
45957,91,77,14,14
45958,116,133,-17,17
45959,41,43,-2,2
45960,93,95,-2,2
45961,100,108,-8,8
45962,70,82,-12,12
45963,82,77,5,5
45964,124,106,18,18
45965,168,154,14,14
45966,81,75,6,6
45967,124,114,10,10
45968,74,64,10,10
45969,191,166,25,25
45970,99,110,-11,11
45971,72,70,2,2
45972,92,109,-17,17
45973,122,122,0,0
45974,104,98,6,6
45975,93,93,0,0
45976,50,54,-4,4
45977,79,85,-6,6
45978,86,84,2,2
45979,147,159,-12,12
45980,129,136,-7,7
45981,135,145,-10,10
45982,124,113,11,11
45983,91,88,3,3
45984,80,92,-12,12
45985,150,153,-3,3
45986,113,114,-1,1
45987,74,80,-6,6
45988,165,148,17,17
45989,105,97,8,8
45990,49,71,-22,22
45991,96,93,3,3
45992,115,124,-9,9
45993,132,149,-17,17
45994,111,106,5,5
45995,44,127,-83,83
45996,98,85,13,13
45997,52,58,-6,6
45998,78,83,-5,5
45999,71,64,7,7
46000,30,33,-3,3
46001,116,115,1,1
46002,128,140,-12,12
46003,75,95,-20,20
46004,47,52,-5,5
46005,89,98,-9,9
46006,88,78,10,10
46007,102,102,0,0
46008,48,45,3,3
46009,59,62,-3,3
46010,131,129,2,2
46011,71,70,1,1
46012,81,92,-11,11
46013,110,105,5,5
46014,154,154,0,0
46015,120,141,-21,21
46016,155,131,24,24
46017,109,98,11,11
46018,71,86,-15,15
46019,81,83,-2,2
46020,58,61,-3,3
46021,69,64,5,5
46022,134,125,9,9
46023,99,103,-4,4
46024,71,77,-6,6
46025,99,102,-3,3
46026,76,80,-4,4
46027,98,79,19,19
46028,68,74,-6,6
46029,105,90,15,15
46030,109,103,6,6
46031,143,132,11,11
46032,112,109,3,3
46033,82,97,-15,15
46034,59,57,2,2
46035,170,153,17,17
46036,84,88,-4,4
46037,84,95,-11,11
46038,97,98,-1,1
46039,241,211,30,30
46040,216,188,28,28
46041,121,116,5,5
46042,72,63,9,9
46043,61,68,-7,7
46044,76,80,-4,4
46045,140,141,-1,1
46046,101,91,10,10
46047,92,80,12,12
46048,65,60,5,5
46049,62,70,-8,8
46050,62,65,-3,3
46051,172,133,39,39
46052,82,73,9,9
46053,118,121,-3,3
46054,99,99,0,0
46055,121,121,0,0
46056,108,96,12,12
46057,96,86,10,10
46058,145,155,-10,10
46059,111,157,-46,46
46060,46,46,0,0
46061,74,74,0,0
46062,96,86,10,10
46063,60,60,0,0
46064,110,142,-32,32
46065,78,83,-5,5
46066,114,92,22,22
46067,154,159,-5,5
46068,165,130,35,35
46069,42,52,-10,10
46070,91,90,1,1
46071,100,107,-7,7
46072,110,105,5,5
46073,67,78,-11,11
46074,68,68,0,0
46075,137,115,22,22
46076,87,94,-7,7
46077,93,86,7,7
46078,86,84,2,2
46079,200,198,2,2
46080,119,108,11,11
46081,176,155,21,21
46082,75,73,2,2
46083,125,110,15,15
46084,74,75,-1,1
46085,102,93,9,9
46086,53,56,-3,3
46087,107,103,4,4
46088,95,94,1,1
46089,120,128,-8,8
46090,88,94,-6,6
46091,66,73,-7,7
46092,94,80,14,14
46093,137,126,11,11
46094,67,84,-17,17
46095,83,77,6,6
46096,56,63,-7,7
46097,139,126,13,13
46098,100,93,7,7
46099,78,94,-16,16
46100,103,90,13,13
46101,59,63,-4,4
46102,47,54,-7,7
46103,65,64,1,1
46104,112,98,14,14
46105,132,110,22,22
46106,82,92,-10,10
46107,118,118,0,0
46108,109,101,8,8
46109,91,89,2,2
46110,67,62,5,5
46111,83,87,-4,4
46112,79,75,4,4
46113,26,32,-6,6
46114,44,62,-18,18
46115,71,84,-13,13
46116,86,77,9,9
46117,77,90,-13,13
46118,53,33,20,20
46119,98,94,4,4
46120,144,143,1,1
46121,89,82,7,7
46122,67,73,-6,6
46123,147,128,19,19
46124,127,129,-2,2
46125,85,80,5,5
46126,66,57,9,9
46127,89,83,6,6
46128,89,90,-1,1
46129,75,68,7,7
46130,72,58,14,14
46131,101,103,-2,2
46132,126,104,22,22
46133,62,62,0,0
46134,83,77,6,6
46135,151,127,24,24
46136,102,110,-8,8
46137,215,209,6,6
46138,149,130,19,19
46139,133,130,3,3
46140,90,87,3,3
46141,100,90,10,10
46142,57,52,5,5
46143,61,56,5,5
46144,41,37,4,4
46145,137,120,17,17
46146,164,150,14,14
46147,242,232,10,10
46148,99,91,8,8
46149,51,50,1,1
46150,68,65,3,3
46151,78,81,-3,3
46152,120,117,3,3
46153,87,81,6,6
46154,105,97,8,8
46155,112,103,9,9
46156,87,92,-5,5
46157,88,82,6,6
46158,71,81,-10,10
46159,125,116,9,9
46160,73,69,4,4
46161,108,103,5,5
46162,76,76,0,0
46163,45,38,7,7
46164,100,107,-7,7
46165,76,71,5,5
46166,158,173,-15,15
46167,92,90,2,2
46168,77,89,-12,12
46169,44,66,-22,22
46170,115,118,-3,3
46171,85,87,-2,2
46172,109,108,1,1
46173,89,94,-5,5
46174,39,36,3,3
46175,66,67,-1,1
46176,62,65,-3,3
46177,89,88,1,1
46178,130,144,-14,14
46179,92,85,7,7
46180,138,118,20,20
46181,118,104,14,14
46182,219,227,-8,8
46183,104,102,2,2
46184,94,100,-6,6
46185,100,93,7,7
46186,54,63,-9,9
46187,153,152,1,1
46188,84,90,-6,6
46189,91,94,-3,3
46190,46,48,-2,2
46191,53,63,-10,10
46192,77,64,13,13
46193,80,72,8,8
46194,138,130,8,8
46195,80,80,0,0
46196,138,136,2,2
46197,141,132,9,9
46198,91,88,3,3
46199,176,158,18,18
46200,117,120,-3,3
46201,69,72,-3,3
46202,108,118,-10,10
46203,101,99,2,2
46204,135,110,25,25
46205,115,106,9,9
46206,102,110,-8,8
46207,56,68,-12,12
46208,96,95,1,1
46209,69,70,-1,1
46210,106,108,-2,2
46211,151,129,22,22
46212,110,103,7,7
46213,112,68,44,44
46214,134,131,3,3
46215,65,68,-3,3
46216,66,61,5,5
46217,97,97,0,0
46218,109,113,-4,4
46219,141,120,21,21
46220,78,86,-8,8
46221,94,99,-5,5
46222,64,71,-7,7
46223,47,58,-11,11
46224,79,72,7,7
46225,104,115,-11,11
46226,39,10,29,29
46227,62,67,-5,5
46228,123,112,11,11
46229,144,139,5,5
46230,108,121,-13,13
46231,183,142,41,41
46232,85,94,-9,9
46233,49,54,-5,5
46234,40,42,-2,2
46235,27,43,-16,16
46236,107,107,0,0
46237,135,143,-8,8
46238,129,110,19,19
46239,77,71,6,6
46240,61,62,-1,1
46241,58,73,-15,15
46242,144,140,4,4
46243,53,62,-9,9
46244,95,95,0,0
46245,82,78,4,4
46246,73,74,-1,1
46247,174,173,1,1
46248,101,93,8,8
46249,100,148,-48,48
46250,81,76,5,5
46251,94,87,7,7
46252,76,81,-5,5
46253,70,80,-10,10
46254,100,99,1,1
46255,79,84,-5,5
46256,83,84,-1,1
46257,90,91,-1,1
46258,136,133,3,3
46259,61,76,-15,15
46260,106,103,3,3
46261,90,93,-3,3
46262,32,48,-16,16
46263,100,109,-9,9
46264,74,70,4,4
46265,62,62,0,0
46266,101,90,11,11
46267,104,93,11,11
46268,94,90,4,4
46269,95,101,-6,6
46270,134,138,-4,4
46271,134,123,11,11
46272,77,80,-3,3
46273,80,94,-14,14
46274,90,93,-3,3
46275,128,111,17,17
46276,108,140,-32,32
46277,64,79,-15,15
46278,44,44,0,0
46279,115,104,11,11
46280,49,67,-18,18
46281,64,63,1,1
46282,64,76,-12,12
46283,128,130,-2,2
46284,69,72,-3,3
46285,73,65,8,8
46286,38,38,0,0
46287,71,73,-2,2
46288,94,96,-2,2
46289,89,94,-5,5
46290,63,69,-6,6
46291,116,108,8,8
46292,83,83,0,0
46293,38,71,-33,33
46294,57,62,-5,5
46295,84,79,5,5
46296,552,389,163,163
46297,75,69,6,6
46298,70,51,19,19
46299,90,98,-8,8
46300,181,191,-10,10
46301,109,106,3,3
46302,99,114,-15,15
46303,99,99,0,0
46304,73,69,4,4
46305,71,80,-9,9
46306,125,120,5,5
46307,142,145,-3,3
46308,125,123,2,2
46309,99,89,10,10
46310,127,130,-3,3
46311,134,133,1,1
46312,87,81,6,6
46313,99,100,-1,1
46314,116,121,-5,5
46315,57,67,-10,10
46316,160,163,-3,3
46317,104,91,13,13
46318,106,112,-6,6
46319,82,90,-8,8
46320,149,145,4,4
46321,122,139,-17,17
46322,46,53,-7,7
46323,44,57,-13,13
46324,47,58,-11,11
46325,46,63,-17,17
46326,103,105,-2,2
46327,118,116,2,2
46328,62,60,2,2
46329,61,61,0,0
46330,90,93,-3,3
46331,87,76,11,11
46332,163,151,12,12
46333,108,115,-7,7
46334,68,86,-18,18
46335,128,113,15,15
46336,132,171,-39,39
46337,48,69,-21,21
46338,66,74,-8,8
46339,62,86,-24,24
46340,77,89,-12,12
46341,47,67,-20,20
46342,124,110,14,14
46343,95,106,-11,11
46344,65,55,10,10
46345,70,68,2,2
46346,133,123,10,10
46347,98,104,-6,6
46348,138,159,-21,21
46349,93,87,6,6
46350,136,135,1,1
46351,119,131,-12,12
46352,102,102,0,0
46353,106,123,-17,17
46354,75,66,9,9
46355,58,62,-4,4
46356,130,109,21,21
46357,85,85,0,0
46358,102,118,-16,16
46359,66,64,2,2
46360,83,93,-10,10
46361,85,98,-13,13
46362,122,124,-2,2
46363,107,119,-12,12
46364,68,77,-9,9
46365,58,59,-1,1
46366,87,75,12,12
46367,67,75,-8,8
46368,74,77,-3,3
46369,68,63,5,5
46370,104,98,6,6
46371,158,162,-4,4
46372,131,124,7,7
46373,103,100,3,3
46374,109,106,3,3
46375,64,62,2,2
46376,123,101,22,22
46377,111,102,9,9
46378,38,37,1,1
46379,59,53,6,6
46380,46,53,-7,7
46381,101,105,-4,4
46382,149,133,16,16
46383,116,116,0,0
46384,62,85,-23,23
46385,78,80,-2,2
46386,92,97,-5,5
46387,109,100,9,9
46388,94,91,3,3
46389,107,116,-9,9
46390,75,76,-1,1
46391,64,62,2,2
46392,30,61,-31,31
46393,127,120,7,7
46394,67,64,3,3
46395,109,109,0,0
46396,187,173,14,14
46397,90,90,0,0
46398,123,117,6,6
46399,72,70,2,2
46400,124,123,1,1
46401,110,116,-6,6
46402,108,112,-4,4
46403,65,65,0,0
46404,116,134,-18,18
46405,77,90,-13,13
46406,40,53,-13,13
46407,108,103,5,5
46408,159,152,7,7
46409,60,59,1,1
46410,116,110,6,6
46411,124,138,-14,14
46412,94,99,-5,5
46413,90,75,15,15
46414,30,36,-6,6
46415,89,90,-1,1
46416,89,77,12,12
46417,111,120,-9,9
46418,84,86,-2,2
46419,49,52,-3,3
46420,75,72,3,3
46421,136,113,23,23
46422,41,171,-130,130
46423,72,78,-6,6
46424,173,169,4,4
46425,70,76,-6,6
46426,90,99,-9,9
46427,153,147,6,6
46428,138,149,-11,11
46429,147,135,12,12
46430,116,119,-3,3
46431,148,135,13,13
46432,117,114,3,3
46433,103,103,0,0
46434,123,121,2,2
46435,151,131,20,20
46436,126,115,11,11
46437,105,117,-12,12
46438,111,123,-12,12
46439,71,68,3,3
46440,99,117,-18,18
46441,59,69,-10,10
46442,104,92,12,12
46443,60,55,5,5
46444,88,82,6,6
46445,63,60,3,3
46446,186,170,16,16
46447,97,87,10,10
46448,128,122,6,6
46449,162,158,4,4
46450,74,69,5,5
46451,92,90,2,2
46452,153,149,4,4
46453,97,103,-6,6
46454,116,104,12,12
46455,161,137,24,24
46456,73,75,-2,2
46457,107,100,7,7
46458,112,117,-5,5
46459,89,79,10,10
46460,92,90,2,2
46461,83,87,-4,4
46462,108,115,-7,7
46463,108,121,-13,13
46464,49,49,0,0
46465,64,75,-11,11
46466,109,111,-2,2
46467,52,53,-1,1
46468,139,124,15,15
46469,90,87,3,3
46470,90,105,-15,15
46471,70,73,-3,3
46472,97,106,-9,9
46473,56,65,-9,9
46474,64,87,-23,23
46475,67,64,3,3
46476,48,54,-6,6
46477,69,84,-15,15
46478,93,100,-7,7
46479,144,132,12,12
46480,145,153,-8,8
46481,142,158,-16,16
46482,150,145,5,5
46483,58,53,5,5
46484,120,100,20,20
46485,102,97,5,5
46486,142,148,-6,6
46487,100,108,-8,8
46488,125,129,-4,4
46489,84,89,-5,5
46490,123,114,9,9
46491,145,152,-7,7
46492,86,85,1,1
46493,73,70,3,3
46494,97,94,3,3
46495,57,56,1,1
46496,122,120,2,2
46497,71,50,21,21
46498,99,107,-8,8
46499,83,89,-6,6
46500,165,128,37,37
46501,193,169,24,24
46502,104,95,9,9
46503,110,133,-23,23
46504,65,50,15,15
46505,72,70,2,2
46506,76,74,2,2
46507,173,179,-6,6
46508,76,94,-18,18
46509,95,101,-6,6
46510,96,100,-4,4
46511,82,75,7,7
46512,91,96,-5,5
46513,88,80,8,8
46514,104,101,3,3
46515,114,121,-7,7
46516,109,102,7,7
46517,74,70,4,4
46518,137,128,9,9
46519,93,86,7,7
46520,88,94,-6,6
46521,55,67,-12,12
46522,72,71,1,1
46523,71,95,-24,24
46524,110,97,13,13
46525,114,107,7,7
46526,128,129,-1,1
46527,65,86,-21,21
46528,114,122,-8,8
46529,97,88,9,9
46530,117,152,-35,35
46531,72,86,-14,14
46532,92,83,9,9
46533,64,56,8,8
46534,125,131,-6,6
46535,99,94,5,5
46536,56,70,-14,14
46537,54,60,-6,6
46538,122,113,9,9
46539,178,174,4,4
46540,179,168,11,11
46541,80,80,0,0
46542,109,103,6,6
46543,83,88,-5,5
46544,103,97,6,6
46545,61,74,-13,13
46546,125,116,9,9
46547,96,97,-1,1
46548,96,120,-24,24
46549,97,104,-7,7
46550,108,94,14,14
46551,89,86,3,3
46552,55,54,1,1
46553,87,124,-37,37
46554,49,59,-10,10
46555,94,99,-5,5
46556,93,109,-16,16
46557,75,76,-1,1
46558,65,60,5,5
46559,52,54,-2,2
46560,83,84,-1,1
46561,123,101,22,22
46562,92,82,10,10
46563,74,85,-11,11
46564,109,94,15,15
46565,52,56,-4,4
46566,76,77,-1,1
46567,116,113,3,3
46568,83,81,2,2
46569,82,82,0,0
46570,144,131,13,13
46571,35,37,-2,2
46572,155,132,23,23
46573,136,132,4,4
46574,123,126,-3,3
46575,81,75,6,6
46576,66,78,-12,12
46577,131,121,10,10
46578,133,120,13,13
46579,71,64,7,7
46580,82,80,2,2
46581,82,83,-1,1
46582,42,46,-4,4
46583,137,150,-13,13
46584,140,171,-31,31
46585,58,83,-25,25
46586,117,105,12,12
46587,69,82,-13,13
46588,85,89,-4,4
46589,52,65,-13,13
46590,87,97,-10,10
46591,135,144,-9,9
46592,64,66,-2,2
46593,129,104,25,25
46594,190,181,9,9
46595,68,79,-11,11
46596,82,69,13,13
46597,75,77,-2,2
46598,149,134,15,15
46599,84,80,4,4
46600,54,56,-2,2
46601,98,97,1,1
46602,99,92,7,7
46603,125,113,12,12
46604,86,79,7,7
46605,95,100,-5,5
46606,75,79,-4,4
46607,80,78,2,2
46608,118,114,4,4
46609,91,80,11,11
46610,106,93,13,13
46611,85,89,-4,4
46612,153,160,-7,7
46613,103,101,2,2
46614,159,140,19,19
46615,69,66,3,3
46616,166,156,10,10
46617,109,111,-2,2
46618,133,115,18,18
46619,191,162,29,29
46620,113,93,20,20
46621,124,118,6,6
46622,139,139,0,0
46623,88,107,-19,19
46624,43,136,-93,93
46625,71,82,-11,11
46626,116,105,11,11
46627,115,105,10,10
46628,118,125,-7,7
46629,62,64,-2,2
46630,106,106,0,0
46631,116,124,-8,8
46632,137,118,19,19
46633,201,172,29,29
46634,53,57,-4,4
46635,73,70,3,3
46636,46,54,-8,8
46637,90,85,5,5
46638,126,133,-7,7
46639,113,105,8,8
46640,80,75,5,5
46641,102,84,18,18
46642,161,151,10,10
46643,103,102,1,1
46644,119,128,-9,9
46645,54,68,-14,14
46646,159,153,6,6
46647,87,78,9,9
46648,59,56,3,3
46649,59,68,-9,9
46650,90,84,6,6
46651,59,64,-5,5
46652,104,93,11,11
46653,131,124,7,7
46654,60,60,0,0
46655,68,61,7,7
46656,86,81,5,5
46657,88,89,-1,1
46658,146,144,2,2
46659,62,55,7,7
46660,152,150,2,2
46661,104,101,3,3
46662,67,61,6,6
46663,102,101,1,1
46664,96,100,-4,4
46665,99,110,-11,11
46666,99,106,-7,7
46667,76,80,-4,4
46668,97,94,3,3
46669,83,88,-5,5
46670,112,111,1,1
46671,63,67,-4,4
46672,136,130,6,6
46673,74,87,-13,13
46674,172,149,23,23
46675,136,125,11,11
46676,120,126,-6,6
46677,116,113,3,3
46678,126,110,16,16
46679,114,109,5,5
46680,72,85,-13,13
46681,104,101,3,3
46682,147,148,-1,1
46683,103,98,5,5
46684,81,78,3,3
46685,80,87,-7,7
46686,101,97,4,4
46687,125,111,14,14
46688,92,103,-11,11
46689,84,85,-1,1
46690,80,111,-31,31
46691,150,146,4,4
46692,61,60,1,1
46693,112,114,-2,2
46694,112,103,9,9
46695,67,70,-3,3
46696,137,130,7,7
46697,58,60,-2,2
46698,105,99,6,6
46699,88,95,-7,7
46700,76,77,-1,1
46701,88,91,-3,3
46702,108,117,-9,9
46703,97,92,5,5
46704,141,130,11,11
46705,64,77,-13,13
46706,51,54,-3,3
46707,101,83,18,18
46708,158,145,13,13
46709,97,97,0,0
46710,79,80,-1,1
46711,69,65,4,4
46712,97,103,-6,6
46713,90,101,-11,11
46714,85,91,-6,6
46715,90,86,4,4
46716,120,113,7,7
46717,61,68,-7,7
46718,145,130,15,15
46719,77,88,-11,11
46720,49,65,-16,16
46721,81,78,3,3
46722,70,70,0,0
46723,107,88,19,19
46724,87,78,9,9
46725,66,70,-4,4
46726,108,115,-7,7
46727,86,67,19,19
46728,68,68,0,0
46729,84,71,13,13
46730,72,72,0,0
46731,67,80,-13,13
46732,73,67,6,6
46733,81,86,-5,5
46734,65,62,3,3
46735,130,114,16,16
46736,47,54,-7,7
46737,117,114,3,3
46738,141,131,10,10
46739,204,201,3,3
46740,85,81,4,4
46741,116,120,-4,4
46742,118,107,11,11
46743,110,115,-5,5
46744,100,95,5,5
46745,93,93,0,0
46746,53,57,-4,4
46747,86,84,2,2
46748,70,74,-4,4
46749,80,88,-8,8
46750,146,138,8,8
46751,72,81,-9,9
46752,154,157,-3,3
46753,206,203,3,3
46754,72,67,5,5
46755,141,135,6,6
46756,83,107,-24,24
46757,141,143,-2,2
46758,97,98,-1,1
46759,137,130,7,7
46760,124,112,12,12
46761,84,80,4,4
46762,102,115,-13,13
46763,22,41,-19,19
46764,97,95,2,2
46765,59,62,-3,3
46766,124,135,-11,11
46767,198,180,18,18
46768,93,83,10,10
46769,96,88,8,8
46770,99,92,7,7
46771,191,141,50,50
46772,88,93,-5,5
46773,88,88,0,0
46774,114,125,-11,11
46775,85,94,-9,9
46776,85,67,18,18
46777,63,65,-2,2
46778,129,131,-2,2
46779,142,132,10,10
46780,66,70,-4,4
46781,64,51,13,13
46782,72,66,6,6
46783,143,145,-2,2
46784,73,69,4,4
46785,92,93,-1,1
46786,80,88,-8,8
46787,123,112,11,11
46788,67,67,0,0
46789,87,98,-11,11
46790,81,71,10,10
46791,77,108,-31,31
46792,70,62,8,8
46793,120,114,6,6
46794,119,118,1,1
46795,116,120,-4,4
46796,193,181,12,12
46797,90,101,-11,11
46798,113,139,-26,26
46799,109,104,5,5
46800,85,47,38,38
46801,63,70,-7,7
46802,56,55,1,1
46803,131,119,12,12
46804,108,111,-3,3
46805,58,72,-14,14
46806,57,60,-3,3
46807,98,125,-27,27
46808,86,108,-22,22
46809,60,69,-9,9
46810,54,60,-6,6
46811,160,155,5,5
46812,91,97,-6,6
46813,179,165,14,14
46814,68,83,-15,15
46815,143,125,18,18
46816,86,68,18,18
46817,115,119,-4,4
46818,139,121,18,18
46819,95,92,3,3
46820,66,87,-21,21
46821,66,69,-3,3
46822,143,142,1,1
46823,87,88,-1,1
46824,85,97,-12,12
46825,77,81,-4,4
46826,77,72,5,5
46827,91,87,4,4
46828,80,79,1,1
46829,23,49,-26,26
46830,92,97,-5,5
46831,109,101,8,8
46832,115,106,9,9
46833,93,93,0,0
46834,67,73,-6,6
46835,150,146,4,4
46836,78,76,2,2
46837,159,157,2,2
46838,124,121,3,3
46839,93,107,-14,14
46840,133,128,5,5
46841,79,93,-14,14
46842,62,71,-9,9
46843,73,76,-3,3
46844,66,62,4,4
46845,69,68,1,1
46846,146,143,3,3
46847,73,68,5,5
46848,91,95,-4,4
46849,67,66,1,1
46850,80,109,-29,29
46851,96,94,2,2
46852,75,79,-4,4
46853,72,77,-5,5
46854,87,75,12,12
46855,93,78,15,15
46856,115,104,11,11
46857,142,145,-3,3
46858,168,158,10,10
46859,149,137,12,12
46860,91,84,7,7
46861,69,78,-9,9
46862,112,102,10,10
46863,83,73,10,10
46864,63,55,8,8
46865,84,80,4,4
46866,113,103,10,10
46867,98,104,-6,6
46868,174,154,20,20
46869,103,105,-2,2
46870,32,76,-44,44
46871,126,130,-4,4
46872,132,131,1,1
46873,49,54,-5,5
46874,107,114,-7,7
46875,121,135,-14,14
46876,132,116,16,16
46877,75,71,4,4
46878,71,75,-4,4
46879,69,88,-19,19
46880,158,178,-20,20
46881,73,71,2,2
46882,146,130,16,16
46883,49,55,-6,6
46884,124,135,-11,11
46885,71,73,-2,2
46886,43,61,-18,18
46887,94,109,-15,15
46888,120,125,-5,5
46889,107,111,-4,4
46890,83,72,11,11
46891,111,103,8,8
46892,79,82,-3,3
46893,93,92,1,1
46894,130,141,-11,11
46895,119,111,8,8
46896,80,81,-1,1
46897,80,72,8,8
46898,76,89,-13,13
46899,101,98,3,3
46900,131,117,14,14
46901,91,93,-2,2
46902,81,92,-11,11
46903,102,106,-4,4
46904,108,93,15,15
46905,79,76,3,3
46906,121,108,13,13
46907,135,134,1,1
46908,68,75,-7,7
46909,104,111,-7,7
46910,44,46,-2,2
46911,103,101,2,2
46912,136,140,-4,4
46913,107,90,17,17
46914,78,89,-11,11
46915,75,83,-8,8
46916,37,47,-10,10
46917,24,37,-13,13
46918,166,141,25,25
46919,134,137,-3,3
46920,116,119,-3,3
46921,85,93,-8,8
46922,130,136,-6,6
46923,150,121,29,29
46924,103,105,-2,2
46925,92,88,4,4
46926,127,127,0,0
46927,72,76,-4,4
46928,95,108,-13,13
46929,56,57,-1,1
46930,170,145,25,25
46931,106,109,-3,3
46932,78,92,-14,14
46933,135,141,-6,6
46934,113,106,7,7
46935,191,170,21,21
46936,61,66,-5,5
46937,95,89,6,6
46938,119,119,0,0
46939,114,99,15,15
46940,88,82,6,6
46941,71,57,14,14
46942,76,86,-10,10
46943,50,62,-12,12
46944,69,68,1,1
46945,51,82,-31,31
46946,74,90,-16,16
46947,79,69,10,10
46948,74,85,-11,11
46949,113,115,-2,2
46950,99,105,-6,6
46951,86,84,2,2
46952,91,85,6,6
46953,83,93,-10,10
46954,106,110,-4,4
46955,66,60,6,6
46956,74,62,12,12
46957,78,85,-7,7
46958,101,96,5,5
46959,78,67,11,11
46960,91,103,-12,12
46961,94,94,0,0
46962,86,93,-7,7
46963,64,62,2,2
46964,98,79,19,19
46965,100,121,-21,21
46966,148,132,16,16
46967,96,102,-6,6
46968,135,110,25,25
46969,123,131,-8,8
46970,65,76,-11,11
46971,86,90,-4,4
46972,86,66,20,20
46973,93,94,-1,1
46974,106,108,-2,2
46975,122,105,17,17
46976,75,87,-12,12
46977,86,79,7,7
46978,51,62,-11,11
46979,56,78,-22,22
46980,125,137,-12,12
46981,92,85,7,7
46982,108,116,-8,8
46983,151,122,29,29
46984,83,93,-10,10
46985,66,72,-6,6
46986,138,118,20,20
46987,120,128,-8,8
46988,79,64,15,15
46989,86,95,-9,9
46990,163,156,7,7
46991,112,112,0,0
46992,98,83,15,15
46993,40,74,-34,34
46994,85,79,6,6
46995,73,75,-2,2
46996,84,96,-12,12
46997,127,123,4,4
46998,113,107,6,6
46999,116,107,9,9
47000,91,96,-5,5
47001,91,72,19,19
47002,50,60,-10,10
47003,78,79,-1,1
47004,90,92,-2,2
47005,125,113,12,12
47006,84,95,-11,11
47007,79,81,-2,2
47008,69,71,-2,2
47009,115,100,15,15
47010,227,223,4,4
47011,107,105,2,2
47012,136,174,-38,38
47013,88,80,8,8
47014,117,125,-8,8
47015,81,85,-4,4
47016,150,149,1,1
47017,101,120,-19,19
47018,169,147,22,22
47019,75,76,-1,1
47020,146,136,10,10
47021,96,96,0,0
47022,66,62,4,4
47023,73,75,-2,2
47024,85,97,-12,12
47025,104,94,10,10
47026,53,58,-5,5
47027,148,162,-14,14
47028,119,100,19,19
47029,45,46,-1,1
47030,72,68,4,4
47031,126,129,-3,3
47032,64,64,0,0
47033,119,134,-15,15
47034,89,89,0,0
47035,139,138,1,1
47036,111,119,-8,8
47037,100,107,-7,7
47038,82,86,-4,4
47039,138,144,-6,6
47040,47,50,-3,3
47041,167,174,-7,7
47042,63,62,1,1
47043,118,113,5,5
47044,201,213,-12,12
47045,82,99,-17,17
47046,91,101,-10,10
47047,81,82,-1,1
47048,91,83,8,8
47049,119,106,13,13
47050,88,88,0,0
47051,76,77,-1,1
47052,86,83,3,3
47053,47,39,8,8
47054,134,155,-21,21
47055,96,108,-12,12
47056,82,76,6,6
47057,82,82,0,0
47058,89,95,-6,6
47059,99,99,0,0
47060,93,101,-8,8
47061,87,84,3,3
47062,62,77,-15,15
47063,58,70,-12,12
47064,82,93,-11,11
47065,142,148,-6,6
47066,101,88,13,13
47067,127,120,7,7
47068,46,44,2,2
47069,116,110,6,6
47070,54,52,2,2
47071,71,69,2,2
47072,121,136,-15,15
47073,80,85,-5,5
47074,86,96,-10,10
47075,119,117,2,2
47076,71,83,-12,12
47077,171,149,22,22
47078,126,115,11,11
47079,57,62,-5,5
47080,99,102,-3,3
47081,55,84,-29,29
47082,77,74,3,3
47083,110,112,-2,2
47084,77,98,-21,21
47085,111,115,-4,4
47086,164,162,2,2
47087,104,91,13,13
47088,85,78,7,7
47089,75,91,-16,16
47090,119,105,14,14
47091,82,90,-8,8
47092,122,114,8,8
47093,111,117,-6,6
47094,102,98,4,4
47095,54,52,2,2
47096,96,96,0,0
47097,65,64,1,1
47098,135,142,-7,7
47099,79,77,2,2
47100,92,80,12,12
47101,56,62,-6,6
47102,109,110,-1,1
47103,124,130,-6,6
47104,65,70,-5,5
47105,84,78,6,6
47106,107,108,-1,1
47107,114,114,0,0
47108,92,86,6,6
47109,129,112,17,17
47110,159,152,7,7
47111,80,85,-5,5
47112,106,98,8,8
47113,76,73,3,3
47114,81,95,-14,14
47115,115,112,3,3
47116,89,99,-10,10
47117,66,71,-5,5
47118,49,62,-13,13
47119,74,79,-5,5
47120,77,84,-7,7
47121,98,98,0,0
47122,181,147,34,34
47123,65,81,-16,16
47124,125,111,14,14
47125,120,118,2,2
47126,92,87,5,5
47127,125,123,2,2
47128,97,99,-2,2
47129,113,104,9,9
47130,69,64,5,5
47131,41,53,-12,12
47132,112,104,8,8
47133,93,90,3,3
47134,77,71,6,6
47135,114,132,-18,18
47136,90,87,3,3
47137,119,116,3,3
47138,85,96,-11,11
47139,99,108,-9,9
47140,113,91,22,22
47141,112,121,-9,9
47142,43,45,-2,2
47143,73,67,6,6
47144,149,137,12,12
47145,72,78,-6,6
47146,62,68,-6,6
47147,74,79,-5,5
47148,197,170,27,27
47149,93,118,-25,25
47150,103,64,39,39
47151,96,89,7,7
47152,191,167,24,24
47153,116,115,1,1
47154,75,67,8,8
47155,99,109,-10,10
47156,94,92,2,2
47157,124,134,-10,10
47158,83,92,-9,9
47159,131,132,-1,1
47160,108,97,11,11
47161,108,104,4,4
47162,77,79,-2,2
47163,77,60,17,17
47164,126,115,11,11
47165,59,86,-27,27
47166,101,107,-6,6
47167,121,111,10,10
47168,116,112,4,4
47169,124,126,-2,2
47170,69,60,9,9
47171,160,147,13,13
47172,67,76,-9,9
47173,111,121,-10,10
47174,80,105,-25,25
47175,44,63,-19,19
47176,89,84,5,5
47177,92,82,10,10
47178,105,112,-7,7
47179,113,115,-2,2
47180,83,87,-4,4
47181,54,42,12,12
47182,47,53,-6,6
47183,105,101,4,4
47184,65,70,-5,5
47185,118,100,18,18
47186,115,111,4,4
47187,92,101,-9,9
47188,69,62,7,7
47189,42,48,-6,6
47190,64,75,-11,11
47191,119,118,1,1
47192,142,128,14,14
47193,117,104,13,13
47194,67,67,0,0
47195,157,150,7,7
47196,57,62,-5,5
47197,122,101,21,21
47198,84,72,12,12
47199,112,114,-2,2
47200,96,98,-2,2
47201,75,84,-9,9
47202,86,80,6,6
47203,168,155,13,13
47204,128,109,19,19
47205,111,91,20,20
47206,95,90,5,5
47207,74,87,-13,13
47208,101,83,18,18
47209,69,63,6,6
47210,160,159,1,1
47211,139,121,18,18
47212,24,66,-42,42
47213,89,82,7,7
47214,102,105,-3,3
47215,49,47,2,2
47216,94,101,-7,7
47217,76,81,-5,5
47218,170,145,25,25
47219,158,151,7,7
47220,31,124,-93,93
47221,66,66,0,0
47222,106,94,12,12
47223,60,81,-21,21
47224,77,80,-3,3
47225,68,75,-7,7
47226,129,125,4,4
47227,60,65,-5,5
47228,106,113,-7,7
47229,64,60,4,4
47230,67,63,4,4
47231,85,85,0,0
47232,79,69,10,10
47233,175,137,38,38
47234,20,71,-51,51
47235,169,158,11,11
47236,90,104,-14,14
47237,74,69,5,5
47238,68,88,-20,20
47239,52,54,-2,2
47240,81,91,-10,10
47241,106,114,-8,8
47242,113,122,-9,9
47243,64,66,-2,2
47244,98,116,-18,18
47245,120,123,-3,3
47246,85,82,3,3
47247,70,74,-4,4
47248,121,127,-6,6
47249,132,123,9,9
47250,50,48,2,2
47251,68,77,-9,9
47252,55,63,-8,8
47253,122,109,13,13
47254,107,99,8,8
47255,69,81,-12,12
47256,115,105,10,10
47257,118,109,9,9
47258,184,203,-19,19
47259,78,88,-10,10
47260,47,53,-6,6
47261,65,64,1,1
47262,109,91,18,18
47263,89,78,11,11
47264,141,136,5,5
47265,68,85,-17,17
47266,167,150,17,17
47267,68,76,-8,8
47268,86,104,-18,18
47269,93,84,9,9
47270,91,84,7,7
47271,65,71,-6,6
47272,132,128,4,4
47273,91,96,-5,5
47274,71,76,-5,5
47275,71,67,4,4
47276,120,134,-14,14
47277,118,109,9,9
47278,117,105,12,12
47279,157,157,0,0
47280,73,77,-4,4
47281,108,114,-6,6
47282,82,66,16,16
47283,122,113,9,9
47284,143,132,11,11
47285,172,166,6,6
47286,76,38,38,38
47287,130,144,-14,14
47288,61,63,-2,2
47289,65,67,-2,2
47290,128,133,-5,5
47291,98,97,1,1
47292,161,167,-6,6
47293,56,58,-2,2
47294,97,144,-47,47
47295,176,216,-40,40
47296,125,111,14,14
47297,115,102,13,13
47298,81,62,19,19
47299,103,99,4,4
47300,53,55,-2,2
47301,173,180,-7,7
47302,132,124,8,8
47303,129,125,4,4
47304,120,127,-7,7
47305,123,112,11,11
47306,203,178,25,25
47307,59,57,2,2
47308,67,71,-4,4
47309,132,128,4,4
47310,182,160,22,22
47311,143,146,-3,3
47312,97,86,11,11
47313,91,80,11,11
47314,96,112,-16,16
47315,91,86,5,5
47316,87,77,10,10
47317,143,146,-3,3
47318,65,42,23,23
47319,78,63,15,15
47320,78,81,-3,3
47321,140,137,3,3
47322,93,92,1,1
47323,52,51,1,1
47324,95,96,-1,1
47325,96,91,5,5
47326,72,70,2,2
47327,113,107,6,6
47328,97,106,-9,9
47329,77,82,-5,5
47330,71,75,-4,4
47331,58,58,0,0
47332,72,73,-1,1
47333,210,172,38,38
47334,97,84,13,13
47335,141,133,8,8
47336,130,131,-1,1
47337,105,100,5,5
47338,66,76,-10,10
47339,78,86,-8,8
47340,96,101,-5,5
47341,120,126,-6,6
47342,57,67,-10,10
47343,162,139,23,23
47344,134,125,9,9
47345,161,142,19,19
47346,171,165,6,6
47347,91,90,1,1
47348,46,62,-16,16
47349,128,112,16,16
47350,113,97,16,16
47351,96,89,7,7
47352,55,51,4,4
47353,101,115,-14,14
47354,146,136,10,10
47355,83,131,-48,48
47356,41,45,-4,4
47357,117,112,5,5
47358,118,114,4,4
47359,89,90,-1,1
47360,88,91,-3,3
47361,37,61,-24,24
47362,68,72,-4,4
47363,53,49,4,4
47364,106,106,0,0
47365,125,121,4,4
47366,79,84,-5,5
47367,100,91,9,9
47368,99,97,2,2
47369,99,97,2,2
47370,130,115,15,15
47371,75,78,-3,3
47372,101,99,2,2
47373,90,83,7,7
47374,154,139,15,15
47375,116,116,0,0
47376,60,80,-20,20
47377,144,144,0,0
47378,75,71,4,4
47379,110,102,8,8
47380,124,132,-8,8
47381,79,85,-6,6
47382,38,63,-25,25
47383,90,88,2,2
47384,84,73,11,11
47385,76,75,1,1
47386,88,95,-7,7
47387,124,138,-14,14
47388,76,77,-1,1
47389,84,93,-9,9
47390,75,71,4,4
47391,78,74,4,4
47392,48,71,-23,23
47393,70,80,-10,10
47394,125,124,1,1
47395,129,139,-10,10
47396,75,50,25,25
47397,91,101,-10,10
47398,108,109,-1,1
47399,100,87,13,13
47400,56,76,-20,20
47401,140,130,10,10
47402,62,55,7,7
47403,224,182,42,42
47404,109,135,-26,26
47405,159,156,3,3
47406,90,98,-8,8
47407,125,125,0,0
47408,96,91,5,5
47409,74,92,-18,18
47410,109,113,-4,4
47411,84,82,2,2
47412,50,29,21,21
47413,146,137,9,9
47414,116,105,11,11
47415,93,94,-1,1
47416,92,81,11,11
47417,72,73,-1,1
47418,159,148,11,11
47419,79,82,-3,3
47420,117,114,3,3
47421,92,78,14,14
47422,102,104,-2,2
47423,61,64,-3,3
47424,55,46,9,9
47425,91,85,6,6
47426,94,97,-3,3
47427,64,63,1,1
47428,121,110,11,11
47429,50,48,2,2
47430,91,87,4,4
47431,87,92,-5,5
47432,100,97,3,3
47433,60,29,31,31
47434,139,132,7,7
47435,77,76,1,1
47436,54,76,-22,22
47437,117,102,15,15
47438,105,111,-6,6
47439,105,101,4,4
47440,78,75,3,3
47441,108,104,4,4
47442,111,125,-14,14
47443,112,106,6,6
47444,69,73,-4,4
47445,100,110,-10,10
47446,96,101,-5,5
47447,31,29,2,2
47448,75,79,-4,4
47449,68,71,-3,3
47450,53,54,-1,1
47451,63,70,-7,7
47452,85,86,-1,1
47453,126,131,-5,5
47454,107,102,5,5
47455,130,128,2,2
47456,65,62,3,3
47457,73,68,5,5
47458,107,107,0,0
47459,121,114,7,7
47460,99,103,-4,4
47461,92,94,-2,2
47462,170,166,4,4
47463,85,68,17,17
47464,142,152,-10,10
47465,86,89,-3,3
47466,63,64,-1,1
47467,121,111,10,10
47468,84,93,-9,9
47469,66,65,1,1
47470,60,61,-1,1
47471,68,45,23,23
47472,113,117,-4,4
47473,101,102,-1,1
47474,48,57,-9,9
47475,154,154,0,0
47476,160,144,16,16
47477,102,85,17,17
47478,94,86,8,8
47479,84,84,0,0
47480,107,109,-2,2
47481,66,70,-4,4
47482,87,101,-14,14
47483,84,80,4,4
47484,86,88,-2,2
47485,101,63,38,38
47486,83,74,9,9
47487,70,61,9,9
47488,104,87,17,17
47489,78,69,9,9
47490,69,64,5,5
47491,172,161,11,11
47492,66,66,0,0
47493,96,101,-5,5
47494,73,78,-5,5
47495,122,123,-1,1
47496,66,72,-6,6
47497,78,76,2,2
47498,70,150,-80,80
47499,62,65,-3,3
47500,64,65,-1,1
47501,189,167,22,22
47502,101,93,8,8
47503,83,84,-1,1
47504,88,87,1,1
47505,108,109,-1,1
47506,109,102,7,7
47507,50,46,4,4
47508,100,97,3,3
47509,98,99,-1,1
47510,74,65,9,9
47511,151,135,16,16
47512,67,73,-6,6
47513,145,140,5,5
47514,99,92,7,7
47515,79,86,-7,7
47516,66,70,-4,4
47517,87,87,0,0
47518,104,93,11,11
47519,75,68,7,7
47520,81,84,-3,3
47521,79,88,-9,9
47522,82,89,-7,7
47523,202,166,36,36
47524,64,66,-2,2
47525,142,132,10,10
47526,77,158,-81,81
47527,95,99,-4,4
47528,127,133,-6,6
47529,89,98,-9,9
47530,136,154,-18,18
47531,63,67,-4,4
47532,123,113,10,10
47533,113,111,2,2
47534,98,89,9,9
47535,136,117,19,19
47536,124,103,21,21
47537,124,102,22,22
47538,162,143,19,19
47539,81,99,-18,18
47540,93,88,5,5
47541,83,93,-10,10
47542,127,106,21,21
47543,60,64,-4,4
47544,83,85,-2,2
47545,60,68,-8,8
47546,103,114,-11,11
47547,93,76,17,17
47548,78,73,5,5
47549,97,85,12,12
47550,73,68,5,5
47551,128,119,9,9
47552,92,101,-9,9
47553,37,48,-11,11
47554,154,146,8,8
47555,60,68,-8,8
47556,94,95,-1,1
47557,103,93,10,10
47558,72,73,-1,1
47559,65,89,-24,24
47560,85,94,-9,9
47561,111,105,6,6
47562,88,87,1,1
47563,110,95,15,15
47564,102,90,12,12
47565,59,62,-3,3
47566,89,74,15,15
47567,113,105,8,8
47568,65,72,-7,7
47569,148,148,0,0
47570,83,82,1,1
47571,81,86,-5,5
47572,88,89,-1,1
47573,67,74,-7,7
47574,44,56,-12,12
47575,98,105,-7,7
47576,89,86,3,3
47577,85,84,1,1
47578,165,160,5,5
47579,58,73,-15,15
47580,118,113,5,5
47581,138,123,15,15
47582,85,73,12,12
47583,77,80,-3,3
47584,58,69,-11,11
47585,78,80,-2,2
47586,94,106,-12,12
47587,51,59,-8,8
47588,109,108,1,1
47589,72,73,-1,1
47590,71,76,-5,5
47591,83,83,0,0
47592,97,91,6,6
47593,81,80,1,1
47594,192,198,-6,6
47595,152,141,11,11
47596,101,100,1,1
47597,65,52,13,13
47598,77,73,4,4
47599,130,118,12,12
47600,124,90,34,34
47601,89,102,-13,13
47602,105,107,-2,2
47603,85,81,4,4
47604,147,143,4,4
47605,108,124,-16,16
47606,86,79,7,7
47607,66,64,2,2
47608,62,60,2,2
47609,74,71,3,3
47610,144,129,15,15
47611,77,76,1,1
47612,53,35,18,18
47613,81,73,8,8
47614,121,116,5,5
47615,71,78,-7,7
47616,75,60,15,15
47617,105,92,13,13
47618,98,108,-10,10
47619,133,134,-1,1
47620,115,110,5,5
47621,56,54,2,2
47622,139,131,8,8
47623,108,113,-5,5
47624,207,184,23,23
47625,43,49,-6,6
47626,135,122,13,13
47627,122,110,12,12
47628,61,70,-9,9
47629,97,96,1,1
47630,77,80,-3,3
47631,123,99,24,24
47632,59,73,-14,14
47633,113,110,3,3
47634,125,116,9,9
47635,88,83,5,5
47636,72,69,3,3
47637,137,134,3,3
47638,113,102,11,11
47639,112,100,12,12
47640,60,61,-1,1
47641,106,101,5,5
47642,143,146,-3,3
47643,91,102,-11,11
47644,95,98,-3,3
47645,155,137,18,18
47646,106,113,-7,7
47647,103,114,-11,11
47648,142,125,17,17
47649,76,71,5,5
47650,115,120,-5,5
47651,96,134,-38,38
47652,103,88,15,15
47653,106,111,-5,5
47654,67,59,8,8
47655,100,96,4,4
47656,103,103,0,0
47657,72,68,4,4
47658,142,133,9,9
47659,32,36,-4,4
47660,137,125,12,12
47661,57,63,-6,6
47662,69,81,-12,12
47663,47,48,-1,1
47664,82,77,5,5
47665,113,112,1,1
47666,81,92,-11,11
47667,96,104,-8,8
47668,67,63,4,4
47669,138,129,9,9
47670,73,66,7,7
47671,62,85,-23,23
47672,45,55,-10,10
47673,106,96,10,10
47674,65,60,5,5
47675,79,74,5,5
47676,109,111,-2,2
47677,147,140,7,7
47678,67,67,0,0
47679,94,95,-1,1
47680,73,76,-3,3
47681,57,78,-21,21
47682,124,117,7,7
47683,68,65,3,3
47684,89,103,-14,14
47685,105,98,7,7
47686,64,80,-16,16
47687,78,80,-2,2
47688,108,104,4,4
47689,171,158,13,13
47690,92,91,1,1
47691,63,62,1,1
47692,66,67,-1,1
47693,85,92,-7,7
47694,134,133,1,1
47695,73,67,6,6
47696,85,89,-4,4
47697,81,55,26,26
47698,119,119,0,0
47699,64,58,6,6
47700,73,69,4,4
47701,120,104,16,16
47702,122,122,0,0
47703,97,103,-6,6
47704,69,76,-7,7
47705,88,95,-7,7
47706,86,95,-9,9
47707,87,99,-12,12
47708,152,143,9,9
47709,65,60,5,5
47710,37,51,-14,14
47711,125,115,10,10
47712,117,135,-18,18
47713,72,69,3,3
47714,120,137,-17,17
47715,67,65,2,2
47716,147,145,2,2
47717,142,141,1,1
47718,111,100,11,11
47719,104,103,1,1
47720,90,76,14,14
47721,76,76,0,0
47722,82,53,29,29
47723,122,101,21,21
47724,176,148,28,28
47725,97,71,26,26
47726,84,83,1,1
47727,94,91,3,3
47728,175,177,-2,2
47729,90,102,-12,12
47730,62,69,-7,7
47731,116,111,5,5
47732,137,130,7,7
47733,141,128,13,13
47734,96,106,-10,10
47735,99,102,-3,3
47736,66,60,6,6
47737,183,177,6,6
47738,64,50,14,14
47739,137,140,-3,3
47740,51,65,-14,14
47741,35,29,6,6
47742,137,120,17,17
47743,151,147,4,4
47744,115,107,8,8
47745,94,94,0,0
47746,42,33,9,9
47747,57,61,-4,4
47748,102,107,-5,5
47749,59,64,-5,5
47750,73,80,-7,7
47751,80,76,4,4
47752,102,109,-7,7
47753,111,114,-3,3
47754,150,138,12,12
47755,149,134,15,15
47756,129,118,11,11
47757,35,17,18,18
47758,50,60,-10,10
47759,85,78,7,7
47760,90,93,-3,3
47761,129,119,10,10
47762,111,109,2,2
47763,80,91,-11,11
47764,165,169,-4,4
47765,69,80,-11,11
47766,132,128,4,4
47767,145,140,5,5
47768,51,48,3,3
47769,152,130,22,22
47770,64,61,3,3
47771,168,165,3,3
47772,100,102,-2,2
47773,72,73,-1,1
47774,86,109,-23,23
47775,67,75,-8,8
47776,71,68,3,3
47777,156,145,11,11
47778,92,94,-2,2
47779,93,96,-3,3
47780,95,104,-9,9
47781,113,104,9,9
47782,105,93,12,12
47783,77,79,-2,2
47784,96,117,-21,21
47785,103,100,3,3
47786,76,82,-6,6
47787,77,77,0,0
47788,103,90,13,13
47789,80,87,-7,7
47790,72,81,-9,9
47791,98,90,8,8
47792,94,84,10,10
47793,145,136,9,9
47794,57,58,-1,1
47795,95,85,10,10
47796,97,76,21,21
47797,160,122,38,38
47798,161,159,2,2
47799,71,67,4,4
47800,95,86,9,9
47801,100,96,4,4
47802,57,38,19,19
47803,96,91,5,5
47804,70,81,-11,11
47805,51,79,-28,28
47806,70,67,3,3
47807,27,44,-17,17
47808,93,92,1,1
47809,110,112,-2,2
47810,128,120,8,8
47811,146,172,-26,26
47812,81,67,14,14
47813,100,100,0,0
47814,77,67,10,10
47815,57,62,-5,5
47816,110,110,0,0
47817,90,92,-2,2
47818,105,117,-12,12
47819,91,79,12,12
47820,158,156,2,2
47821,79,70,9,9
47822,52,50,2,2
47823,86,82,4,4
47824,100,94,6,6
47825,65,63,2,2
47826,116,107,9,9
47827,75,77,-2,2
47828,95,94,1,1
47829,71,72,-1,1
47830,87,86,1,1
47831,79,69,10,10
47832,77,66,11,11
47833,55,52,3,3
47834,94,87,7,7
47835,99,100,-1,1
47836,98,95,3,3
47837,95,109,-14,14
47838,123,122,1,1
47839,76,86,-10,10
47840,157,150,7,7
47841,75,81,-6,6
47842,114,116,-2,2
47843,47,45,2,2
47844,110,112,-2,2
47845,122,109,13,13
47846,89,91,-2,2
47847,65,65,0,0
47848,63,76,-13,13
47849,140,132,8,8
47850,101,93,8,8
47851,132,135,-3,3
47852,175,149,26,26
47853,79,71,8,8
47854,97,93,4,4
47855,108,95,13,13
47856,76,64,12,12
47857,80,73,7,7
47858,114,104,10,10
47859,160,156,4,4
47860,101,95,6,6
47861,143,137,6,6
47862,40,36,4,4
47863,151,143,8,8
47864,111,115,-4,4
47865,105,108,-3,3
47866,93,94,-1,1
47867,121,124,-3,3
47868,162,151,11,11
47869,91,94,-3,3
47870,86,82,4,4
47871,133,134,-1,1
47872,69,78,-9,9
47873,110,114,-4,4
47874,76,74,2,2
47875,70,84,-14,14
47876,129,111,18,18
47877,105,97,8,8
47878,118,123,-5,5
47879,51,52,-1,1
47880,155,139,16,16
47881,80,83,-3,3
47882,91,105,-14,14
47883,87,85,2,2
47884,61,69,-8,8
47885,65,63,2,2
47886,85,86,-1,1
47887,89,89,0,0
47888,62,58,4,4
47889,85,91,-6,6
47890,65,86,-21,21
47891,127,127,0,0
47892,94,98,-4,4
47893,106,114,-8,8
47894,72,77,-5,5
47895,115,108,7,7
47896,100,102,-2,2
47897,56,58,-2,2
47898,78,97,-19,19
47899,100,90,10,10
47900,94,91,3,3
47901,104,98,6,6
47902,76,50,26,26
47903,100,92,8,8
47904,114,103,11,11
47905,94,88,6,6
47906,92,88,4,4
47907,51,50,1,1
47908,129,124,5,5
47909,30,54,-24,24
47910,91,94,-3,3
47911,72,72,0,0
47912,99,100,-1,1
47913,59,64,-5,5
47914,103,93,10,10
47915,140,123,17,17
47916,71,71,0,0
47917,77,75,2,2
47918,108,116,-8,8
47919,87,89,-2,2
47920,150,136,14,14
47921,108,120,-12,12
47922,78,78,0,0
47923,143,132,11,11
47924,109,133,-24,24
47925,81,84,-3,3
47926,82,93,-11,11
47927,46,43,3,3
47928,142,136,6,6
47929,54,72,-18,18
47930,89,92,-3,3
47931,53,56,-3,3
47932,73,70,3,3
47933,74,79,-5,5
47934,43,46,-3,3
47935,89,93,-4,4
47936,71,78,-7,7
47937,62,75,-13,13
47938,59,75,-16,16
47939,114,111,3,3
47940,56,63,-7,7
47941,94,95,-1,1
47942,102,100,2,2
47943,112,105,7,7
47944,75,70,5,5
47945,77,86,-9,9
47946,124,122,2,2
47947,128,120,8,8
47948,70,75,-5,5
47949,84,156,-72,72
47950,151,158,-7,7
47951,113,111,2,2
47952,85,87,-2,2
47953,82,124,-42,42
47954,163,157,6,6
47955,124,130,-6,6
47956,80,72,8,8
47957,122,153,-31,31
47958,88,85,3,3
47959,66,81,-15,15
47960,83,78,5,5
47961,118,114,4,4
47962,57,65,-8,8
47963,66,72,-6,6
47964,108,104,4,4
47965,93,92,1,1
47966,51,50,1,1
47967,171,162,9,9
47968,114,106,8,8
47969,45,43,2,2
47970,86,78,8,8
47971,62,68,-6,6
47972,67,67,0,0
47973,76,78,-2,2
47974,108,118,-10,10
47975,100,127,-27,27
47976,139,137,2,2
47977,115,122,-7,7
47978,144,110,34,34
47979,90,90,0,0
47980,91,76,15,15
47981,75,75,0,0
47982,135,131,4,4
47983,67,70,-3,3
47984,117,107,10,10
47985,127,123,4,4
47986,59,58,1,1
47987,48,51,-3,3
47988,69,66,3,3
47989,93,79,14,14
47990,123,121,2,2
47991,131,132,-1,1
47992,105,111,-6,6
47993,121,126,-5,5
47994,111,110,1,1
47995,43,46,-3,3
47996,131,117,14,14
47997,133,129,4,4
47998,74,82,-8,8
47999,154,135,19,19
48000,36,59,-23,23
48001,83,93,-10,10
48002,114,117,-3,3
48003,115,105,10,10
48004,117,118,-1,1
48005,129,133,-4,4
48006,119,116,3,3
48007,65,67,-2,2
48008,88,92,-4,4
48009,80,61,19,19
48010,43,58,-15,15
48011,68,67,1,1
48012,157,145,12,12
48013,104,100,4,4
48014,56,49,7,7
48015,52,66,-14,14
48016,115,115,0,0
48017,64,67,-3,3
48018,139,133,6,6
48019,58,53,5,5
48020,105,100,5,5
48021,196,176,20,20
48022,117,108,9,9
48023,108,84,24,24
48024,109,137,-28,28
48025,53,49,4,4
48026,97,86,11,11
48027,89,98,-9,9
48028,136,128,8,8
48029,156,165,-9,9
48030,107,96,11,11
48031,48,46,2,2
48032,108,116,-8,8
48033,151,143,8,8
48034,71,91,-20,20
48035,99,96,3,3
48036,119,104,15,15
48037,131,129,2,2
48038,72,71,1,1
48039,112,108,4,4
48040,142,140,2,2
48041,130,126,4,4
48042,103,111,-8,8
48043,136,122,14,14
48044,61,53,8,8
48045,93,96,-3,3
48046,124,131,-7,7
48047,44,55,-11,11
48048,166,164,2,2
48049,134,143,-9,9
48050,85,82,3,3
48051,56,63,-7,7
48052,58,70,-12,12
48053,95,94,1,1
48054,113,101,12,12
48055,80,89,-9,9
48056,105,98,7,7
48057,56,50,6,6
48058,79,85,-6,6
48059,77,87,-10,10
48060,90,96,-6,6
48061,68,59,9,9
48062,65,66,-1,1
48063,95,86,9,9
48064,51,67,-16,16
48065,99,99,0,0
48066,81,75,6,6
48067,116,109,7,7
48068,72,62,10,10
48069,55,53,2,2
48070,144,159,-15,15
48071,74,91,-17,17
48072,135,123,12,12
48073,60,68,-8,8
48074,76,89,-13,13
48075,144,136,8,8
48076,141,117,24,24
48077,80,64,16,16
48078,74,90,-16,16
48079,83,77,6,6
48080,76,77,-1,1
48081,100,97,3,3
48082,97,92,5,5
48083,141,117,24,24
48084,109,123,-14,14
48085,87,102,-15,15
48086,104,111,-7,7
48087,69,74,-5,5
48088,60,65,-5,5
48089,71,74,-3,3
48090,64,61,3,3
48091,69,77,-8,8
48092,92,95,-3,3
48093,93,89,4,4
48094,88,87,1,1
48095,11,39,-28,28
48096,132,115,17,17
48097,62,60,2,2
48098,73,101,-28,28
48099,110,105,5,5
48100,84,91,-7,7
48101,63,58,5,5
48102,110,126,-16,16
48103,61,63,-2,2
48104,81,86,-5,5
48105,107,121,-14,14
48106,161,136,25,25
48107,66,68,-2,2
48108,59,76,-17,17
48109,115,117,-2,2
48110,113,112,1,1
48111,125,121,4,4
48112,104,107,-3,3
48113,90,94,-4,4
48114,84,80,4,4
48115,101,110,-9,9
48116,151,140,11,11
48117,127,112,15,15
48118,102,96,6,6
48119,85,93,-8,8
48120,64,74,-10,10
48121,114,106,8,8
48122,104,105,-1,1
48123,99,93,6,6
48124,60,60,0,0
48125,102,112,-10,10
48126,125,123,2,2
48127,109,116,-7,7
48128,106,93,13,13
48129,91,93,-2,2
48130,54,74,-20,20
48131,86,99,-13,13
48132,108,118,-10,10
48133,61,63,-2,2
48134,63,77,-14,14
48135,112,115,-3,3
48136,35,41,-6,6
48137,86,98,-12,12
48138,79,88,-9,9
48139,112,109,3,3
48140,180,179,1,1
48141,94,89,5,5
48142,125,116,9,9
48143,82,73,9,9
48144,94,108,-14,14
48145,83,80,3,3
48146,93,97,-4,4
48147,89,96,-7,7
48148,63,72,-9,9
48149,120,116,4,4
48150,91,82,9,9
48151,102,118,-16,16
48152,70,70,0,0
48153,66,65,1,1
48154,73,59,14,14
48155,122,110,12,12
48156,50,53,-3,3
48157,65,58,7,7
48158,146,158,-12,12
48159,72,75,-3,3
48160,109,100,9,9
48161,67,71,-4,4
48162,138,130,8,8
48163,78,88,-10,10
48164,143,143,0,0
48165,82,83,-1,1
48166,147,152,-5,5
48167,115,108,7,7
48168,107,123,-16,16
48169,60,61,-1,1
48170,95,82,13,13
48171,95,90,5,5
48172,39,57,-18,18
48173,75,88,-13,13
48174,61,73,-12,12
48175,194,198,-4,4
48176,67,69,-2,2
48177,104,98,6,6
48178,79,90,-11,11
48179,57,98,-41,41
48180,45,61,-16,16
48181,66,69,-3,3
48182,70,77,-7,7
48183,61,72,-11,11
48184,93,89,4,4
48185,104,98,6,6
48186,122,125,-3,3
48187,64,72,-8,8
48188,68,64,4,4
48189,132,123,9,9
48190,55,59,-4,4
48191,117,120,-3,3
48192,89,91,-2,2
48193,83,90,-7,7
48194,94,113,-19,19
48195,59,54,5,5
48196,149,136,13,13
48197,77,79,-2,2
48198,92,105,-13,13
48199,84,73,11,11
48200,71,69,2,2
48201,75,69,6,6
48202,123,126,-3,3
48203,108,132,-24,24
48204,90,97,-7,7
48205,99,79,20,20
48206,38,40,-2,2
48207,59,71,-12,12
48208,104,105,-1,1
48209,114,119,-5,5
48210,83,87,-4,4
48211,182,162,20,20
48212,89,109,-20,20
48213,77,70,7,7
48214,146,125,21,21
48215,74,71,3,3
48216,73,76,-3,3
48217,71,74,-3,3
48218,70,61,9,9
48219,139,138,1,1
48220,75,51,24,24
48221,110,117,-7,7
48222,106,109,-3,3
48223,150,146,4,4
48224,132,124,8,8
48225,108,99,9,9
48226,56,57,-1,1
48227,133,135,-2,2
48228,123,108,15,15
48229,58,46,12,12
48230,73,69,4,4
48231,118,112,6,6
48232,83,90,-7,7
48233,66,90,-24,24
48234,83,77,6,6
48235,89,95,-6,6
48236,87,105,-18,18
48237,95,100,-5,5
48238,57,70,-13,13
48239,124,122,2,2
48240,136,140,-4,4
48241,102,105,-3,3
48242,123,130,-7,7
48243,53,67,-14,14
48244,59,61,-2,2
48245,150,136,14,14
48246,140,128,12,12
48247,88,85,3,3
48248,140,140,0,0
48249,86,104,-18,18
48250,106,103,3,3
48251,127,132,-5,5
48252,88,77,11,11
48253,99,105,-6,6
48254,83,86,-3,3
48255,81,86,-5,5
48256,151,134,17,17
48257,144,147,-3,3
48258,55,64,-9,9
48259,66,63,3,3
48260,103,106,-3,3
48261,100,103,-3,3
48262,76,50,26,26
48263,115,117,-2,2
48264,135,122,13,13
48265,128,114,14,14
48266,163,141,22,22
48267,81,80,1,1
48268,88,90,-2,2
48269,86,133,-47,47
48270,147,140,7,7
48271,179,159,20,20
48272,98,90,8,8
48273,91,82,9,9
48274,145,143,2,2
48275,53,59,-6,6
48276,122,131,-9,9
48277,79,87,-8,8
48278,118,129,-11,11
48279,100,80,20,20
48280,76,67,9,9
48281,148,147,1,1
48282,55,85,-30,30
48283,80,76,4,4
48284,129,138,-9,9
48285,52,61,-9,9
48286,108,106,2,2
48287,71,75,-4,4
48288,49,64,-15,15
48289,111,108,3,3
48290,97,100,-3,3
48291,106,94,12,12
48292,31,41,-10,10
48293,62,69,-7,7
48294,140,170,-30,30
48295,102,97,5,5
48296,68,58,10,10
48297,66,65,1,1
48298,98,102,-4,4
48299,29,53,-24,24
48300,162,157,5,5
48301,68,70,-2,2
48302,39,41,-2,2
48303,61,60,1,1
48304,126,122,4,4
48305,82,63,19,19
48306,95,79,16,16
48307,86,92,-6,6
48308,91,96,-5,5
48309,68,90,-22,22
48310,70,72,-2,2
48311,56,59,-3,3
48312,113,114,-1,1
48313,83,67,16,16
48314,185,178,7,7
48315,133,132,1,1
48316,98,87,11,11
48317,47,69,-22,22
48318,86,77,9,9
48319,115,113,2,2
48320,121,129,-8,8
48321,130,135,-5,5
48322,116,124,-8,8
48323,55,64,-9,9
48324,88,81,7,7
48325,158,154,4,4
48326,208,197,11,11
48327,104,91,13,13
48328,109,107,2,2
48329,94,98,-4,4
48330,49,53,-4,4
48331,66,75,-9,9
48332,135,161,-26,26
48333,112,107,5,5
48334,75,78,-3,3
48335,99,100,-1,1
48336,98,99,-1,1
48337,77,86,-9,9
48338,108,105,3,3
48339,81,94,-13,13
48340,99,105,-6,6
48341,113,92,21,21
48342,68,71,-3,3
48343,111,116,-5,5
48344,57,60,-3,3
48345,141,136,5,5
48346,96,88,8,8
48347,57,61,-4,4
48348,86,90,-4,4
48349,64,76,-12,12
48350,58,69,-11,11
48351,68,70,-2,2
48352,79,80,-1,1
48353,128,117,11,11
48354,133,132,1,1
48355,129,135,-6,6
48356,98,91,7,7
48357,126,116,10,10
48358,68,67,1,1
48359,98,93,5,5
48360,76,69,7,7
48361,151,144,7,7
48362,143,144,-1,1
48363,81,89,-8,8
48364,154,136,18,18
48365,99,97,2,2
48366,58,55,3,3
48367,40,53,-13,13
48368,101,82,19,19
48369,88,79,9,9
48370,102,87,15,15
48371,82,81,1,1
48372,80,75,5,5
48373,77,71,6,6
48374,91,93,-2,2
48375,133,136,-3,3
48376,160,154,6,6
48377,137,137,0,0
48378,110,100,10,10
48379,78,63,15,15
48380,83,79,4,4
48381,68,76,-8,8
48382,85,93,-8,8
48383,90,85,5,5
48384,51,59,-8,8
48385,95,90,5,5
48386,133,118,15,15
48387,63,79,-16,16
48388,64,71,-7,7
48389,64,56,8,8
48390,128,125,3,3
48391,94,96,-2,2
48392,87,87,0,0
48393,49,52,-3,3
48394,66,63,3,3
48395,53,55,-2,2
48396,99,104,-5,5
48397,55,67,-12,12
48398,166,158,8,8
48399,179,161,18,18
48400,100,101,-1,1
48401,97,98,-1,1
48402,139,130,9,9
48403,59,55,4,4
48404,175,157,18,18
48405,123,125,-2,2
48406,72,71,1,1
48407,77,84,-7,7
48408,86,75,11,11
48409,52,60,-8,8
48410,122,130,-8,8
48411,83,85,-2,2
48412,109,121,-12,12
48413,123,107,16,16
48414,72,78,-6,6
48415,86,77,9,9
48416,97,111,-14,14
48417,98,86,12,12
48418,98,96,2,2
48419,72,70,2,2
48420,160,141,19,19
48421,61,57,4,4
48422,91,84,7,7
48423,65,63,2,2
48424,145,126,19,19
48425,60,65,-5,5
48426,125,128,-3,3
48427,57,60,-3,3
48428,117,118,-1,1
48429,104,108,-4,4
48430,141,136,5,5
48431,65,67,-2,2
48432,78,63,15,15
48433,74,68,6,6
48434,82,80,2,2
48435,83,79,4,4
48436,79,85,-6,6
48437,79,80,-1,1
48438,73,85,-12,12
48439,154,128,26,26
48440,89,98,-9,9
48441,83,82,1,1
48442,79,73,6,6
48443,167,145,22,22
48444,103,109,-6,6
48445,89,82,7,7
48446,199,174,25,25
48447,63,69,-6,6
48448,67,63,4,4
48449,152,164,-12,12
48450,98,104,-6,6
48451,78,81,-3,3
48452,78,72,6,6
48453,119,134,-15,15
48454,93,106,-13,13
48455,121,127,-6,6
48456,105,93,12,12
48457,184,159,25,25
48458,60,58,2,2
48459,167,135,32,32
48460,51,55,-4,4
48461,114,129,-15,15
48462,59,58,1,1
48463,98,112,-14,14
48464,62,62,0,0
48465,74,55,19,19
48466,87,82,5,5
48467,84,67,17,17
48468,63,49,14,14
48469,103,93,10,10
48470,133,114,19,19
48471,125,101,24,24
48472,137,139,-2,2
48473,82,85,-3,3
48474,145,165,-20,20
48475,111,106,5,5
48476,117,112,5,5
48477,61,54,7,7
48478,107,117,-10,10
48479,127,121,6,6
48480,50,63,-13,13
48481,75,76,-1,1
48482,173,164,9,9
48483,162,150,12,12
48484,72,94,-22,22
48485,104,118,-14,14
48486,84,100,-16,16
48487,84,73,11,11
48488,99,102,-3,3
48489,109,120,-11,11
48490,125,114,11,11
48491,100,96,4,4
48492,108,109,-1,1
48493,118,121,-3,3
48494,70,74,-4,4
48495,67,52,15,15
48496,39,39,0,0
48497,87,95,-8,8
48498,71,95,-24,24
48499,65,62,3,3
48500,185,160,25,25
48501,89,84,5,5
48502,94,87,7,7
48503,68,73,-5,5
48504,66,58,8,8
48505,126,121,5,5
48506,99,103,-4,4
48507,100,99,1,1
48508,85,67,18,18
48509,38,44,-6,6
48510,170,141,29,29
48511,109,99,10,10
48512,90,90,0,0
48513,58,66,-8,8
48514,52,56,-4,4
48515,162,175,-13,13
48516,60,74,-14,14
48517,99,93,6,6
48518,80,84,-4,4
48519,82,88,-6,6
48520,112,111,1,1
48521,81,70,11,11
48522,112,124,-12,12
48523,160,155,5,5
48524,44,53,-9,9
48525,60,73,-13,13
48526,87,89,-2,2
48527,66,59,7,7
48528,54,56,-2,2
48529,158,147,11,11
48530,125,127,-2,2
48531,61,67,-6,6
48532,179,152,27,27
48533,174,140,34,34
48534,86,97,-11,11
48535,86,95,-9,9
48536,79,102,-23,23
48537,60,64,-4,4
48538,78,74,4,4
48539,128,141,-13,13
48540,111,100,11,11
48541,98,99,-1,1
48542,142,130,12,12
48543,65,66,-1,1
48544,142,123,19,19
48545,176,157,19,19
48546,88,76,12,12
48547,165,155,10,10
48548,85,90,-5,5
48549,85,81,4,4
48550,88,97,-9,9
48551,97,104,-7,7
48552,125,127,-2,2
48553,99,96,3,3
48554,83,85,-2,2
48555,97,87,10,10
48556,96,89,7,7
48557,62,73,-11,11
48558,99,106,-7,7
48559,57,60,-3,3
48560,77,89,-12,12
48561,77,81,-4,4
48562,104,126,-22,22
48563,114,115,-1,1
48564,94,84,10,10
48565,67,82,-15,15
48566,112,114,-2,2
48567,128,124,4,4
48568,93,98,-5,5
48569,115,112,3,3
48570,63,58,5,5
48571,67,74,-7,7
48572,136,143,-7,7
48573,96,113,-17,17
48574,97,107,-10,10
48575,97,101,-4,4
48576,100,92,8,8
48577,60,54,6,6
48578,155,179,-24,24
48579,80,87,-7,7
48580,92,105,-13,13
48581,130,131,-1,1
48582,139,123,16,16
48583,121,118,3,3
48584,58,79,-21,21
48585,73,83,-10,10
48586,98,102,-4,4
48587,95,106,-11,11
48588,126,129,-3,3
48589,112,115,-3,3
48590,82,93,-11,11
48591,105,104,1,1
48592,68,81,-13,13
48593,67,75,-8,8
48594,121,117,4,4
48595,164,139,25,25
48596,107,104,3,3
48597,110,110,0,0
48598,125,124,1,1
48599,71,66,5,5
48600,77,85,-8,8
48601,97,101,-4,4
48602,114,123,-9,9
48603,140,141,-1,1
48604,57,63,-6,6
48605,99,96,3,3
48606,99,102,-3,3
48607,52,37,15,15
48608,83,74,9,9
48609,173,206,-33,33
48610,94,108,-14,14
48611,47,52,-5,5
48612,58,68,-10,10
48613,61,66,-5,5
48614,82,103,-21,21
48615,53,59,-6,6
48616,53,59,-6,6
48617,77,79,-2,2
48618,88,91,-3,3
48619,74,73,1,1
48620,74,65,9,9
48621,150,143,7,7
48622,135,148,-13,13
48623,176,186,-10,10
48624,53,61,-8,8
48625,140,141,-1,1
48626,106,102,4,4
48627,189,170,19,19
48628,104,116,-12,12
48629,71,87,-16,16
48630,66,72,-6,6
48631,82,99,-17,17
48632,111,144,-33,33
48633,114,112,2,2
48634,140,133,7,7
48635,95,104,-9,9
48636,152,156,-4,4
48637,101,107,-6,6
48638,67,58,9,9
48639,47,61,-14,14
48640,73,75,-2,2
48641,84,108,-24,24
48642,92,81,11,11
48643,157,159,-2,2
48644,128,127,1,1
48645,96,122,-26,26
48646,91,85,6,6
48647,92,82,10,10
48648,132,132,0,0
48649,170,149,21,21
48650,103,96,7,7
48651,46,53,-7,7
48652,123,114,9,9
48653,91,87,4,4
48654,111,105,6,6
48655,144,135,9,9
48656,73,73,0,0
48657,116,111,5,5
48658,137,145,-8,8
48659,131,116,15,15
48660,37,53,-16,16
48661,84,78,6,6
48662,91,84,7,7
48663,175,160,15,15
48664,137,129,8,8
48665,91,80,11,11
48666,41,53,-12,12
48667,88,74,14,14
48668,86,81,5,5
48669,67,76,-9,9
48670,181,164,17,17
48671,108,101,7,7
48672,51,39,12,12
48673,145,142,3,3
48674,87,98,-11,11
48675,42,49,-7,7
48676,92,93,-1,1
48677,196,169,27,27
48678,43,44,-1,1
48679,108,105,3,3
48680,131,121,10,10
48681,105,108,-3,3
48682,77,79,-2,2
48683,80,76,4,4
48684,144,152,-8,8
48685,120,127,-7,7
48686,70,82,-12,12
48687,62,60,2,2
48688,40,53,-13,13
48689,80,70,10,10
48690,93,91,2,2
48691,41,60,-19,19
48692,90,103,-13,13
48693,82,73,9,9
48694,85,85,0,0
48695,103,89,14,14
48696,119,111,8,8
48697,65,63,2,2
48698,85,78,7,7
48699,114,107,7,7
48700,95,92,3,3
48701,39,40,-1,1
48702,89,80,9,9
48703,116,120,-4,4
48704,133,129,4,4
48705,76,86,-10,10
48706,146,146,0,0
48707,55,62,-7,7
48708,170,169,1,1
48709,76,71,5,5
48710,89,86,3,3
48711,76,104,-28,28
48712,107,90,17,17
48713,69,66,3,3
48714,94,100,-6,6
48715,106,99,7,7
48716,91,87,4,4
48717,158,139,19,19
48718,110,112,-2,2
48719,69,78,-9,9
48720,90,94,-4,4
48721,99,92,7,7
48722,74,71,3,3
48723,94,103,-9,9
48724,70,71,-1,1
48725,81,92,-11,11
48726,136,123,13,13
48727,89,95,-6,6
48728,113,126,-13,13
48729,110,99,11,11
48730,137,131,6,6
48731,100,103,-3,3
48732,114,104,10,10
48733,122,107,15,15
48734,27,60,-33,33
48735,105,106,-1,1
48736,65,76,-11,11
48737,120,122,-2,2
48738,68,79,-11,11
48739,158,133,25,25
48740,76,76,0,0
48741,123,117,6,6
48742,71,70,1,1
48743,86,95,-9,9
48744,68,71,-3,3
48745,118,117,1,1
48746,36,55,-19,19
48747,26,34,-8,8
48748,55,55,0,0
48749,87,97,-10,10
48750,117,108,9,9
48751,36,43,-7,7
48752,112,97,15,15
48753,73,70,3,3
48754,93,84,9,9
48755,122,115,7,7
48756,117,118,-1,1
48757,116,131,-15,15
48758,95,90,5,5
48759,51,46,5,5
48760,81,86,-5,5
48761,88,65,23,23
48762,62,62,0,0
48763,84,51,33,33
48764,69,74,-5,5
48765,62,54,8,8
48766,101,109,-8,8
48767,112,118,-6,6
48768,182,170,12,12
48769,51,60,-9,9
48770,89,95,-6,6
48771,123,123,0,0
48772,91,89,2,2
48773,67,78,-11,11
48774,150,129,21,21
48775,61,85,-24,24
48776,107,100,7,7
48777,53,53,0,0
48778,79,90,-11,11
48779,143,138,5,5
48780,115,116,-1,1
48781,66,70,-4,4
48782,104,97,7,7
48783,154,165,-11,11
48784,96,91,5,5
48785,165,136,29,29
48786,124,120,4,4
48787,108,101,7,7
48788,106,117,-11,11
48789,124,139,-15,15
48790,91,115,-24,24
48791,98,105,-7,7
48792,74,73,1,1
48793,146,148,-2,2
48794,136,133,3,3
48795,96,116,-20,20
48796,117,118,-1,1
48797,113,103,10,10
48798,118,106,12,12
48799,151,135,16,16
48800,157,151,6,6
48801,98,81,17,17
48802,136,130,6,6
48803,119,135,-16,16
48804,66,61,5,5
48805,144,132,12,12
48806,118,112,6,6
48807,186,201,-15,15
48808,91,96,-5,5
48809,99,94,5,5
48810,78,79,-1,1
48811,81,85,-4,4
48812,77,89,-12,12
48813,51,55,-4,4
48814,81,87,-6,6
48815,110,113,-3,3
48816,83,86,-3,3
48817,75,94,-19,19
48818,73,81,-8,8
48819,113,115,-2,2
48820,84,87,-3,3
48821,94,97,-3,3
48822,77,92,-15,15
48823,101,95,6,6
48824,100,83,17,17
48825,68,66,2,2
48826,65,66,-1,1
48827,159,144,15,15
48828,66,75,-9,9
48829,149,132,17,17
48830,81,113,-32,32
48831,56,54,2,2
48832,149,146,3,3
48833,56,56,0,0
48834,110,110,0,0
48835,61,64,-3,3
48836,57,49,8,8
48837,107,112,-5,5
48838,58,57,1,1
48839,106,101,5,5
48840,145,132,13,13
48841,70,75,-5,5
48842,115,128,-13,13
48843,106,84,22,22
48844,144,141,3,3
48845,129,120,9,9
48846,127,141,-14,14
48847,223,171,52,52
48848,147,147,0,0
48849,95,88,7,7
48850,34,57,-23,23
48851,66,61,5,5
48852,88,97,-9,9
48853,91,97,-6,6
48854,90,89,1,1
48855,131,124,7,7
48856,61,63,-2,2
48857,66,75,-9,9
48858,125,124,1,1
48859,69,67,2,2
48860,73,78,-5,5
48861,87,89,-2,2
48862,89,87,2,2
48863,69,78,-9,9
48864,114,124,-10,10
48865,64,67,-3,3
48866,146,127,19,19
48867,93,95,-2,2
48868,54,65,-11,11
48869,171,172,-1,1
48870,63,61,2,2
48871,70,79,-9,9
48872,61,71,-10,10
48873,75,95,-20,20
48874,158,150,8,8
48875,65,76,-11,11
48876,93,92,1,1
48877,97,96,1,1
48878,126,151,-25,25
48879,122,110,12,12
48880,128,154,-26,26
48881,109,112,-3,3
48882,90,78,12,12
48883,167,168,-1,1
48884,79,64,15,15
48885,56,67,-11,11
48886,117,112,5,5
48887,80,84,-4,4
48888,48,50,-2,2
48889,72,72,0,0
48890,69,76,-7,7
48891,105,104,1,1
48892,103,104,-1,1
48893,94,85,9,9
48894,91,92,-1,1
48895,117,111,6,6
48896,168,185,-17,17
48897,60,60,0,0
48898,93,113,-20,20
48899,110,116,-6,6
48900,61,59,2,2
48901,133,126,7,7
48902,124,119,5,5
48903,131,124,7,7
48904,81,80,1,1
48905,78,74,4,4
48906,117,107,10,10
48907,116,109,7,7
48908,75,86,-11,11
48909,50,60,-10,10
48910,76,70,6,6
48911,120,116,4,4
48912,96,91,5,5
48913,99,130,-31,31
48914,163,134,29,29
48915,136,135,1,1
48916,150,140,10,10
48917,87,91,-4,4
48918,116,120,-4,4
48919,127,148,-21,21
48920,73,66,7,7
48921,110,123,-13,13
48922,65,62,3,3
48923,74,83,-9,9
48924,98,92,6,6
48925,74,63,11,11
48926,105,108,-3,3
48927,92,98,-6,6
48928,80,82,-2,2
48929,111,107,4,4
48930,93,95,-2,2
48931,69,70,-1,1
48932,76,89,-13,13
48933,59,55,4,4
48934,127,117,10,10
48935,45,51,-6,6
48936,100,76,24,24
48937,111,109,2,2
48938,165,211,-46,46
48939,161,167,-6,6
48940,108,115,-7,7
48941,85,90,-5,5
48942,131,135,-4,4
48943,28,38,-10,10
48944,92,86,6,6
48945,55,63,-8,8
48946,134,124,10,10
48947,112,107,5,5
48948,123,114,9,9
48949,137,125,12,12
48950,72,91,-19,19
48951,116,113,3,3
48952,136,138,-2,2
48953,122,129,-7,7
48954,120,115,5,5
48955,85,88,-3,3
48956,98,102,-4,4
48957,108,119,-11,11
48958,95,93,2,2
48959,71,70,1,1
48960,160,167,-7,7
48961,112,115,-3,3
48962,98,103,-5,5
48963,72,67,5,5
48964,102,93,9,9
48965,95,93,2,2
48966,130,135,-5,5
48967,96,88,8,8
48968,123,117,6,6
48969,100,106,-6,6
48970,172,168,4,4
48971,55,77,-22,22
48972,60,62,-2,2
48973,101,102,-1,1
48974,90,101,-11,11
48975,76,90,-14,14
48976,80,75,5,5
48977,100,105,-5,5
48978,61,69,-8,8
48979,75,67,8,8
48980,81,97,-16,16
48981,121,115,6,6
48982,81,81,0,0
48983,139,143,-4,4
48984,86,87,-1,1
48985,94,92,2,2
48986,121,125,-4,4
48987,83,71,12,12
48988,127,140,-13,13
48989,49,64,-15,15
48990,83,88,-5,5
48991,76,67,9,9
48992,113,109,4,4
48993,73,68,5,5
48994,85,89,-4,4
48995,97,91,6,6
48996,82,85,-3,3
48997,103,105,-2,2
48998,68,73,-5,5
48999,65,61,4,4
49000,46,76,-30,30
49001,108,110,-2,2
49002,96,103,-7,7
49003,133,127,6,6
49004,97,101,-4,4
49005,62,63,-1,1
49006,95,93,2,2
49007,132,115,17,17
49008,164,140,24,24
49009,62,66,-4,4
49010,81,80,1,1
49011,91,94,-3,3
49012,73,71,2,2
49013,73,71,2,2
49014,105,116,-11,11
49015,75,85,-10,10
49016,73,60,13,13
49017,94,107,-13,13
49018,112,125,-13,13
49019,107,99,8,8
49020,79,77,2,2
49021,128,137,-9,9
49022,100,105,-5,5
49023,68,72,-4,4
49024,84,68,16,16
49025,115,150,-35,35
49026,68,71,-3,3
49027,50,45,5,5
49028,80,79,1,1
49029,71,73,-2,2
49030,115,107,8,8
49031,103,118,-15,15
49032,112,106,6,6
49033,95,87,8,8
49034,132,127,5,5
49035,108,129,-21,21
49036,89,92,-3,3
49037,96,93,3,3
49038,110,104,6,6
49039,103,202,-99,99
49040,113,109,4,4
49041,72,83,-11,11
49042,85,100,-15,15
49043,106,107,-1,1
49044,101,100,1,1
49045,117,123,-6,6
49046,67,74,-7,7
49047,82,79,3,3
49048,61,64,-3,3
49049,64,72,-8,8
49050,86,97,-11,11
49051,89,86,3,3
49052,49,50,-1,1
49053,136,118,18,18
49054,137,152,-15,15
49055,79,70,9,9
49056,127,111,16,16
49057,130,124,6,6
49058,119,144,-25,25
49059,83,84,-1,1
49060,98,106,-8,8
49061,124,123,1,1
49062,72,94,-22,22
49063,114,129,-15,15
49064,144,137,7,7
49065,117,105,12,12
49066,68,66,2,2
49067,41,50,-9,9
49068,88,92,-4,4
49069,156,152,4,4
49070,85,94,-9,9
49071,99,105,-6,6
49072,71,96,-25,25
49073,152,132,20,20
49074,86,82,4,4
49075,95,87,8,8
49076,100,100,0,0
49077,99,109,-10,10
49078,137,148,-11,11
49079,78,66,12,12
49080,142,123,19,19
49081,80,95,-15,15
49082,70,77,-7,7
49083,112,113,-1,1
49084,116,120,-4,4
49085,76,87,-11,11
49086,128,116,12,12
49087,101,89,12,12
49088,111,102,9,9
49089,71,81,-10,10
49090,129,128,1,1
49091,170,160,10,10
49092,136,109,27,27
49093,105,106,-1,1
49094,117,103,14,14
49095,102,91,11,11
49096,77,75,2,2
49097,103,106,-3,3
49098,53,57,-4,4
49099,94,101,-7,7
49100,73,62,11,11
49101,65,72,-7,7
49102,107,120,-13,13
49103,78,80,-2,2
49104,83,82,1,1
49105,117,116,1,1
49106,33,32,1,1
49107,97,94,3,3
49108,119,128,-9,9
49109,74,72,2,2
49110,96,89,7,7
49111,113,115,-2,2
49112,68,88,-20,20
49113,78,72,6,6
49114,123,100,23,23
49115,121,130,-9,9
49116,74,73,1,1
49117,100,89,11,11
49118,71,74,-3,3
49119,46,44,2,2
49120,90,93,-3,3
49121,63,72,-9,9
49122,94,102,-8,8
49123,83,90,-7,7
49124,86,86,0,0
49125,116,121,-5,5
49126,107,101,6,6
49127,111,113,-2,2
49128,211,213,-2,2
49129,71,66,5,5
49130,57,63,-6,6
49131,135,140,-5,5
49132,111,122,-11,11
49133,97,87,10,10
49134,139,124,15,15
49135,96,98,-2,2
49136,91,91,0,0
49137,131,135,-4,4
49138,134,128,6,6
49139,81,86,-5,5
49140,123,117,6,6
49141,122,127,-5,5
49142,149,152,-3,3
49143,122,102,20,20
49144,114,110,4,4
49145,112,106,6,6
49146,110,107,3,3
49147,111,120,-9,9
49148,50,52,-2,2
49149,52,57,-5,5
49150,119,117,2,2
49151,67,71,-4,4
49152,135,146,-11,11
49153,81,70,11,11
49154,122,105,17,17
49155,130,118,12,12
49156,60,64,-4,4
49157,108,121,-13,13
49158,97,103,-6,6
49159,50,61,-11,11
49160,77,66,11,11
49161,106,89,17,17
49162,100,109,-9,9
49163,70,71,-1,1
49164,99,102,-3,3
49165,108,125,-17,17
49166,138,123,15,15
49167,132,133,-1,1
49168,73,81,-8,8
49169,73,79,-6,6
49170,111,104,7,7
49171,101,104,-3,3
49172,123,120,3,3
49173,80,178,-98,98
49174,56,37,19,19
49175,101,93,8,8
49176,119,126,-7,7
49177,125,138,-13,13
49178,107,92,15,15
49179,141,133,8,8
49180,110,125,-15,15
49181,91,77,14,14
49182,67,76,-9,9
49183,91,107,-16,16
49184,62,65,-3,3
49185,66,69,-3,3
49186,51,64,-13,13
49187,26,30,-4,4
49188,112,116,-4,4
49189,85,71,14,14
49190,173,140,33,33
49191,65,69,-4,4
49192,71,70,1,1
49193,48,30,18,18
49194,113,126,-13,13
49195,111,108,3,3
49196,76,82,-6,6
49197,72,79,-7,7
49198,104,101,3,3
49199,113,105,8,8
49200,80,71,9,9
49201,129,141,-12,12
49202,80,82,-2,2
49203,99,96,3,3
49204,98,106,-8,8
49205,186,176,10,10
49206,84,79,5,5
49207,46,48,-2,2
49208,81,86,-5,5
49209,62,61,1,1
49210,85,83,2,2
49211,63,56,7,7
49212,114,127,-13,13
49213,91,91,0,0
49214,100,105,-5,5
49215,53,59,-6,6
49216,127,107,20,20
49217,93,81,12,12
49218,59,63,-4,4
49219,52,56,-4,4
49220,100,94,6,6
49221,73,84,-11,11
49222,110,117,-7,7
49223,88,72,16,16
49224,87,85,2,2
49225,53,57,-4,4
49226,96,104,-8,8
49227,70,84,-14,14
49228,80,91,-11,11
49229,80,75,5,5
49230,78,67,11,11
49231,45,49,-4,4
49232,97,94,3,3
49233,172,160,12,12
49234,92,99,-7,7
49235,72,70,2,2
49236,125,124,1,1
49237,72,73,-1,1
49238,156,138,18,18
49239,61,67,-6,6
49240,118,122,-4,4
49241,89,106,-17,17
49242,126,101,25,25
49243,121,124,-3,3
49244,63,74,-11,11
49245,96,96,0,0
49246,123,108,15,15
49247,80,81,-1,1
49248,120,114,6,6
49249,75,76,-1,1
49250,128,135,-7,7
49251,166,176,-10,10
49252,129,125,4,4
49253,74,84,-10,10
49254,70,73,-3,3
49255,75,80,-5,5
49256,115,106,9,9
49257,109,102,7,7
49258,86,95,-9,9
49259,90,94,-4,4
49260,95,94,1,1
49261,102,104,-2,2
49262,178,151,27,27
49263,140,116,24,24
49264,148,144,4,4
49265,75,80,-5,5
49266,94,87,7,7
49267,83,88,-5,5
49268,184,174,10,10
49269,98,87,11,11
49270,36,47,-11,11
49271,68,85,-17,17
49272,88,99,-11,11
49273,71,69,2,2
49274,80,88,-8,8
49275,81,81,0,0
49276,98,105,-7,7
49277,99,90,9,9
49278,41,58,-17,17
49279,51,43,8,8
49280,161,160,1,1
49281,76,75,1,1
49282,103,103,0,0
49283,86,83,3,3
49284,111,103,8,8
49285,132,123,9,9
49286,91,86,5,5
49287,114,87,27,27
49288,106,105,1,1
49289,140,132,8,8
49290,54,59,-5,5
49291,231,199,32,32
49292,74,68,6,6
49293,59,58,1,1
49294,149,130,19,19
49295,98,96,2,2
49296,96,103,-7,7
49297,98,109,-11,11
49298,29,49,-20,20
49299,80,78,2,2
49300,115,101,14,14
49301,75,63,12,12
49302,93,98,-5,5
49303,86,82,4,4
49304,67,57,10,10
49305,56,55,1,1
49306,120,115,5,5
49307,188,158,30,30
49308,31,42,-11,11
49309,51,68,-17,17
49310,55,57,-2,2
49311,81,82,-1,1
49312,75,76,-1,1
49313,63,70,-7,7
49314,85,87,-2,2
49315,32,44,-12,12
49316,83,97,-14,14
49317,86,98,-12,12
49318,122,99,23,23
49319,46,52,-6,6
49320,122,110,12,12
49321,101,101,0,0
49322,55,63,-8,8
49323,80,80,0,0
49324,106,99,7,7
49325,79,94,-15,15
49326,143,147,-4,4
49327,124,113,11,11
49328,128,138,-10,10
49329,88,90,-2,2
49330,98,103,-5,5
49331,207,183,24,24
49332,133,130,3,3
49333,46,49,-3,3
49334,115,127,-12,12
49335,75,51,24,24
49336,93,84,9,9
49337,99,108,-9,9
49338,107,110,-3,3
49339,99,94,5,5
49340,78,74,4,4
49341,104,84,20,20
49342,112,113,-1,1
49343,75,62,13,13
49344,84,99,-15,15
49345,87,94,-7,7
49346,83,72,11,11
49347,151,134,17,17
49348,23,34,-11,11
49349,168,159,9,9
49350,62,64,-2,2
49351,65,60,5,5
49352,68,65,3,3
49353,110,121,-11,11
49354,159,136,23,23
49355,44,61,-17,17
49356,144,145,-1,1
49357,71,79,-8,8
49358,71,68,3,3
49359,131,125,6,6
49360,148,108,40,40
49361,116,121,-5,5
49362,117,103,14,14
49363,116,138,-22,22
49364,95,90,5,5
49365,59,59,0,0
49366,41,46,-5,5
49367,80,84,-4,4
49368,66,66,0,0
49369,98,83,15,15
49370,186,169,17,17
49371,109,109,0,0
49372,97,128,-31,31
49373,74,72,2,2
49374,113,109,4,4
49375,61,53,8,8
49376,108,114,-6,6
49377,123,104,19,19
49378,78,87,-9,9
49379,57,67,-10,10
49380,42,74,-32,32
49381,118,136,-18,18
49382,59,56,3,3
49383,96,109,-13,13
49384,69,67,2,2
49385,94,87,7,7
49386,84,99,-15,15
49387,182,178,4,4
49388,44,50,-6,6
49389,74,78,-4,4
49390,84,66,18,18
49391,173,153,20,20
49392,73,76,-3,3
49393,67,62,5,5
49394,84,84,0,0
49395,106,102,4,4
49396,80,81,-1,1
49397,79,84,-5,5
49398,61,51,10,10
49399,73,89,-16,16
49400,50,65,-15,15
49401,94,96,-2,2
49402,86,101,-15,15
49403,71,69,2,2
49404,60,67,-7,7
49405,126,116,10,10
49406,60,76,-16,16
49407,65,68,-3,3
49408,83,74,9,9
49409,47,51,-4,4
49410,234,188,46,46
49411,101,94,7,7
49412,111,106,5,5
49413,65,64,1,1
49414,50,56,-6,6
49415,63,85,-22,22
49416,121,122,-1,1
49417,63,52,11,11
49418,105,103,2,2
49419,51,57,-6,6
49420,85,73,12,12
49421,154,120,34,34
49422,130,124,6,6
49423,95,90,5,5
49424,55,57,-2,2
49425,95,103,-8,8
49426,154,146,8,8
49427,109,109,0,0
49428,57,73,-16,16
49429,109,100,9,9
49430,125,123,2,2
49431,85,80,5,5
49432,76,68,8,8
49433,66,82,-16,16
49434,89,77,12,12
49435,64,64,0,0
49436,46,49,-3,3
49437,79,76,3,3
49438,114,118,-4,4
49439,73,65,8,8
49440,130,122,8,8
49441,78,66,12,12
49442,62,59,3,3
49443,49,58,-9,9
49444,65,71,-6,6
49445,66,59,7,7
49446,72,77,-5,5
49447,81,81,0,0
49448,131,132,-1,1
49449,113,114,-1,1
49450,103,97,6,6
49451,60,59,1,1
49452,61,66,-5,5
49453,62,56,6,6
49454,79,79,0,0
49455,111,144,-33,33
49456,108,102,6,6
49457,124,117,7,7
49458,93,105,-12,12
49459,121,127,-6,6
49460,49,49,0,0
49461,72,83,-11,11
49462,86,67,19,19
49463,64,64,0,0
49464,95,74,21,21
49465,108,115,-7,7
49466,148,127,21,21
49467,71,73,-2,2
49468,85,106,-21,21
49469,72,78,-6,6
49470,107,103,4,4
49471,121,107,14,14
49472,119,99,20,20
49473,81,112,-31,31
49474,94,89,5,5
49475,147,138,9,9
49476,101,105,-4,4
49477,106,105,1,1
49478,59,59,0,0
49479,70,63,7,7
49480,52,51,1,1
49481,89,95,-6,6
49482,128,137,-9,9
49483,111,119,-8,8
49484,146,149,-3,3
49485,49,50,-1,1
49486,110,97,13,13
49487,119,139,-20,20
49488,96,104,-8,8
49489,119,113,6,6
49490,140,142,-2,2
49491,124,125,-1,1
49492,90,91,-1,1
49493,68,67,1,1
49494,92,99,-7,7
49495,163,150,13,13
49496,77,78,-1,1
49497,103,105,-2,2
49498,126,106,20,20
49499,70,79,-9,9
49500,127,118,9,9
49501,76,78,-2,2
49502,138,132,6,6
49503,88,98,-10,10
49504,58,89,-31,31
49505,68,67,1,1
49506,146,149,-3,3
49507,139,140,-1,1
49508,71,88,-17,17
49509,143,117,26,26
49510,123,114,9,9
49511,55,58,-3,3
49512,93,106,-13,13
49513,74,83,-9,9
49514,122,110,12,12
49515,79,93,-14,14
49516,75,77,-2,2
49517,72,87,-15,15
49518,122,116,6,6
49519,82,76,6,6
49520,66,70,-4,4
49521,67,64,3,3
49522,62,65,-3,3
49523,108,95,13,13
49524,82,88,-6,6
49525,93,94,-1,1
49526,57,61,-4,4
49527,73,72,1,1
49528,116,96,20,20
49529,97,82,15,15
49530,107,109,-2,2
49531,69,69,0,0
49532,118,104,14,14
49533,112,108,4,4
49534,75,78,-3,3
49535,128,131,-3,3
49536,96,101,-5,5
49537,81,93,-12,12
49538,149,148,1,1
49539,65,64,1,1
49540,28,60,-32,32
49541,92,93,-1,1
49542,82,72,10,10
49543,65,89,-24,24
49544,130,125,5,5
49545,85,77,8,8
49546,105,116,-11,11
49547,119,132,-13,13
49548,124,110,14,14
49549,89,83,6,6
49550,52,60,-8,8
49551,95,88,7,7
49552,111,141,-30,30
49553,110,95,15,15
49554,104,102,2,2
49555,107,109,-2,2
49556,79,81,-2,2
49557,98,93,5,5
49558,113,112,1,1
49559,59,58,1,1
49560,86,89,-3,3
49561,40,53,-13,13
49562,59,57,2,2
49563,108,104,4,4
49564,49,47,2,2
49565,86,71,15,15
49566,84,80,4,4
49567,93,84,9,9
49568,74,71,3,3
49569,73,75,-2,2
49570,89,92,-3,3
49571,83,97,-14,14
49572,94,118,-24,24
49573,103,95,8,8
49574,117,137,-20,20
49575,162,142,20,20
49576,72,74,-2,2
49577,107,108,-1,1
49578,122,117,5,5
49579,108,106,2,2
49580,96,76,20,20
49581,98,101,-3,3
49582,111,108,3,3
49583,51,49,2,2
49584,70,74,-4,4
49585,64,65,-1,1
49586,47,38,9,9
49587,45,57,-12,12
49588,69,88,-19,19
49589,91,85,6,6
49590,77,67,10,10
49591,83,86,-3,3
49592,73,74,-1,1
49593,70,72,-2,2
49594,228,189,39,39
49595,50,68,-18,18
49596,69,76,-7,7
49597,88,80,8,8
49598,76,83,-7,7
49599,80,76,4,4
49600,73,70,3,3
49601,86,96,-10,10
49602,103,131,-28,28
49603,135,128,7,7
49604,75,73,2,2
49605,78,82,-4,4
49606,114,102,12,12
49607,112,128,-16,16
49608,66,81,-15,15
49609,94,81,13,13
49610,86,77,9,9
49611,86,85,1,1
49612,115,126,-11,11
49613,81,73,8,8
49614,96,98,-2,2
49615,100,89,11,11
49616,137,121,16,16
49617,71,77,-6,6
49618,77,78,-1,1
49619,102,103,-1,1
49620,83,88,-5,5
49621,87,82,5,5
49622,123,117,6,6
49623,65,78,-13,13
49624,59,72,-13,13
49625,98,107,-9,9
49626,127,150,-23,23
49627,141,122,19,19
49628,55,69,-14,14
49629,63,72,-9,9
49630,102,91,11,11
49631,63,77,-14,14
49632,108,100,8,8
49633,105,104,1,1
49634,57,54,3,3
49635,64,51,13,13
49636,83,76,7,7
49637,97,97,0,0
49638,97,93,4,4
49639,84,93,-9,9
49640,117,107,10,10
49641,99,85,14,14
49642,106,109,-3,3
49643,101,97,4,4
49644,91,79,12,12
49645,131,128,3,3
49646,162,161,1,1
49647,81,73,8,8
49648,56,59,-3,3
49649,120,107,13,13
49650,103,87,16,16
49651,43,51,-8,8
49652,59,68,-9,9
49653,90,83,7,7
49654,116,100,16,16
49655,55,49,6,6
49656,97,94,3,3
49657,99,89,10,10
49658,52,65,-13,13
49659,32,46,-14,14
49660,91,106,-15,15
49661,92,90,2,2
49662,52,55,-3,3
49663,159,140,19,19
49664,144,140,4,4
49665,115,113,2,2
49666,44,45,-1,1
49667,114,120,-6,6
49668,183,168,15,15
49669,94,85,9,9
49670,82,96,-14,14
49671,85,66,19,19
49672,71,85,-14,14
49673,151,139,12,12
49674,98,98,0,0
49675,116,112,4,4
49676,108,99,9,9
49677,85,78,7,7
49678,96,124,-28,28
49679,94,109,-15,15
49680,59,60,-1,1
49681,81,81,0,0
49682,125,113,12,12
49683,64,70,-6,6
49684,106,89,17,17
49685,89,92,-3,3
49686,91,82,9,9
49687,72,65,7,7
49688,69,74,-5,5
49689,94,64,30,30
49690,133,119,14,14
49691,115,119,-4,4
49692,92,90,2,2
49693,171,155,16,16
49694,108,110,-2,2
49695,102,113,-11,11
49696,133,142,-9,9
49697,89,84,5,5
49698,93,84,9,9
49699,39,42,-3,3
49700,119,105,14,14
49701,116,114,2,2
49702,71,55,16,16
49703,121,122,-1,1
49704,109,100,9,9
49705,121,100,21,21
49706,87,94,-7,7
49707,73,92,-19,19
49708,103,99,4,4
49709,50,62,-12,12
49710,53,59,-6,6
49711,94,88,6,6
49712,143,152,-9,9
49713,68,61,7,7
49714,148,124,24,24
49715,54,64,-10,10
49716,121,108,13,13
49717,116,131,-15,15
49718,91,96,-5,5
49719,74,68,6,6
49720,68,67,1,1
49721,129,130,-1,1
49722,69,69,0,0
49723,43,65,-22,22
49724,125,136,-11,11
49725,101,105,-4,4
49726,188,166,22,22
49727,135,128,7,7
49728,57,51,6,6
49729,96,103,-7,7
49730,68,63,5,5
49731,154,145,9,9
49732,101,104,-3,3
49733,48,60,-12,12
49734,62,78,-16,16
49735,182,170,12,12
49736,83,92,-9,9
49737,52,52,0,0
49738,97,86,11,11
49739,108,133,-25,25
49740,90,92,-2,2
49741,88,92,-4,4
49742,109,113,-4,4
49743,84,102,-18,18
49744,93,119,-26,26
49745,87,79,8,8
49746,75,68,7,7
49747,77,71,6,6
49748,159,139,20,20
49749,56,56,0,0
49750,135,108,27,27
49751,42,47,-5,5
49752,42,36,6,6
49753,82,104,-22,22
49754,106,118,-12,12
49755,98,106,-8,8
49756,59,72,-13,13
49757,158,140,18,18
49758,109,112,-3,3
49759,93,97,-4,4
49760,174,144,30,30
49761,91,96,-5,5
49762,138,110,28,28
49763,104,102,2,2
49764,92,99,-7,7
49765,67,80,-13,13
49766,87,98,-11,11
49767,135,127,8,8
49768,102,91,11,11
49769,164,156,8,8
49770,67,72,-5,5
49771,106,80,26,26
49772,88,98,-10,10
49773,109,111,-2,2
49774,97,86,11,11
49775,49,63,-14,14
49776,124,125,-1,1
49777,64,58,6,6
49778,160,138,22,22
49779,108,101,7,7
49780,71,73,-2,2
49781,108,109,-1,1
49782,87,79,8,8
49783,181,158,23,23
49784,100,100,0,0
49785,52,53,-1,1
49786,128,121,7,7
49787,84,80,4,4
49788,123,117,6,6
49789,131,134,-3,3
49790,113,114,-1,1
49791,127,111,16,16
49792,85,86,-1,1
49793,71,84,-13,13
49794,108,114,-6,6
49795,74,67,7,7
49796,160,140,20,20
49797,72,90,-18,18
49798,75,79,-4,4
49799,122,123,-1,1
49800,85,79,6,6
49801,74,79,-5,5
49802,44,76,-32,32
49803,110,109,1,1
49804,64,75,-11,11
49805,40,54,-14,14
49806,124,122,2,2
49807,88,92,-4,4
49808,123,128,-5,5
49809,122,118,4,4
49810,122,115,7,7
49811,104,100,4,4
49812,100,105,-5,5
49813,83,76,7,7
49814,50,60,-10,10
49815,93,94,-1,1
49816,91,89,2,2
49817,78,76,2,2
49818,121,117,4,4
49819,90,82,8,8
49820,53,61,-8,8
49821,112,93,19,19
49822,82,75,7,7
49823,167,151,16,16
49824,97,97,0,0
49825,63,60,3,3
49826,112,111,1,1
49827,102,81,21,21
49828,78,74,4,4
49829,124,119,5,5
49830,60,57,3,3
49831,59,55,4,4
49832,55,80,-25,25
49833,154,148,6,6
49834,86,83,3,3
49835,102,89,13,13
49836,70,71,-1,1
49837,47,51,-4,4
49838,79,71,8,8
49839,62,56,6,6
49840,114,154,-40,40
49841,117,97,20,20
49842,60,63,-3,3
49843,86,70,16,16
49844,152,146,6,6
49845,168,169,-1,1
49846,124,152,-28,28
49847,60,57,3,3
49848,125,125,0,0
49849,62,71,-9,9
49850,88,90,-2,2
49851,66,79,-13,13
49852,175,152,23,23
49853,88,85,3,3
49854,45,54,-9,9
49855,74,62,12,12
49856,135,133,2,2
49857,106,106,0,0
49858,130,127,3,3
49859,79,89,-10,10
49860,81,82,-1,1
49861,65,71,-6,6
49862,107,96,11,11
49863,97,83,14,14
49864,76,82,-6,6
49865,116,113,3,3
49866,59,57,2,2
49867,54,54,0,0
49868,98,103,-5,5
49869,128,138,-10,10
49870,106,120,-14,14
49871,78,79,-1,1
49872,131,132,-1,1
49873,69,64,5,5
49874,153,142,11,11
49875,71,82,-11,11
49876,67,65,2,2
49877,107,95,12,12
49878,75,109,-34,34
49879,87,84,3,3
49880,94,88,6,6
49881,90,100,-10,10
49882,74,72,2,2
49883,135,137,-2,2
49884,134,130,4,4
49885,151,138,13,13
49886,92,99,-7,7
49887,92,105,-13,13
49888,80,115,-35,35
49889,91,91,0,0
49890,89,85,4,4
49891,86,76,10,10
49892,76,81,-5,5
49893,107,110,-3,3
49894,140,119,21,21
49895,85,111,-26,26
49896,85,92,-7,7
49897,69,79,-10,10
49898,96,96,0,0
49899,62,60,2,2
49900,79,82,-3,3
49901,138,113,25,25
49902,115,110,5,5
49903,106,110,-4,4
49904,93,88,5,5
49905,122,106,16,16
49906,106,101,5,5
49907,90,91,-1,1
49908,88,69,19,19
49909,72,69,3,3
49910,84,97,-13,13
49911,138,158,-20,20
49912,92,99,-7,7
49913,95,98,-3,3
49914,86,92,-6,6
49915,73,57,16,16
49916,70,82,-12,12
49917,61,61,0,0
49918,161,155,6,6
49919,89,71,18,18
49920,130,118,12,12
49921,99,81,18,18
49922,79,74,5,5
49923,47,48,-1,1
49924,75,96,-21,21
49925,69,77,-8,8
49926,78,76,2,2
49927,45,43,2,2
49928,67,78,-11,11
49929,99,108,-9,9
49930,92,92,0,0
49931,116,117,-1,1
49932,132,109,23,23
49933,88,103,-15,15
49934,94,93,1,1
49935,112,124,-12,12
49936,40,61,-21,21
49937,58,56,2,2
49938,88,76,12,12
49939,85,79,6,6
49940,86,62,24,24
49941,145,153,-8,8
49942,105,107,-2,2
49943,99,96,3,3
49944,62,62,0,0
49945,95,102,-7,7
49946,90,88,2,2
49947,57,58,-1,1
49948,104,107,-3,3
49949,70,83,-13,13
49950,103,95,8,8
49951,102,91,11,11
49952,56,56,0,0
49953,67,74,-7,7
49954,65,64,1,1
49955,65,79,-14,14
49956,100,138,-38,38
49957,77,80,-3,3
49958,140,118,22,22
49959,86,82,4,4
49960,123,117,6,6
49961,33,66,-33,33
49962,102,94,8,8
49963,116,110,6,6
49964,63,67,-4,4
49965,79,81,-2,2
49966,160,156,4,4
49967,60,58,2,2
49968,65,60,5,5
49969,84,83,1,1
49970,67,72,-5,5
49971,90,99,-9,9
49972,70,83,-13,13
49973,68,78,-10,10
49974,104,119,-15,15
49975,87,83,4,4
49976,124,109,15,15
49977,128,129,-1,1
49978,166,144,22,22
49979,72,76,-4,4
49980,54,58,-4,4
49981,111,100,11,11
49982,93,106,-13,13
49983,107,109,-2,2
49984,137,132,5,5
49985,89,86,3,3
49986,68,62,6,6
49987,52,51,1,1
49988,75,100,-25,25
49989,79,83,-4,4
49990,48,67,-19,19
49991,75,67,8,8
49992,85,84,1,1
49993,78,73,5,5
49994,101,96,5,5
49995,173,141,32,32
49996,90,81,9,9
49997,55,60,-5,5
49998,98,105,-7,7
49999,131,105,26,26
50000,149,153,-4,4
50001,90,84,6,6
50002,51,40,11,11
50003,68,73,-5,5
50004,111,102,9,9
50005,77,77,0,0
50006,150,135,15,15
50007,123,132,-9,9
50008,42,54,-12,12
50009,111,109,2,2
50010,73,84,-11,11
50011,77,78,-1,1
50012,74,108,-34,34
50013,145,142,3,3
50014,77,66,11,11
50015,102,116,-14,14
50016,79,94,-15,15
50017,65,71,-6,6
50018,64,62,2,2
50019,54,47,7,7
50020,127,115,12,12
50021,126,149,-23,23
50022,83,82,1,1
50023,108,95,13,13
50024,103,103,0,0
50025,132,128,4,4
50026,141,117,24,24
50027,132,138,-6,6
50028,71,84,-13,13
50029,111,101,10,10
50030,133,138,-5,5
50031,102,107,-5,5
50032,57,62,-5,5
50033,92,102,-10,10
50034,120,106,14,14
50035,85,79,6,6
50036,86,80,6,6
50037,79,79,0,0
50038,69,73,-4,4
50039,63,54,9,9
50040,118,121,-3,3
50041,132,155,-23,23
50042,72,72,0,0
50043,98,110,-12,12
50044,110,112,-2,2
50045,105,103,2,2
50046,67,70,-3,3
50047,92,96,-4,4
50048,118,139,-21,21
50049,134,134,0,0
50050,70,75,-5,5
50051,129,113,16,16
50052,67,60,7,7
50053,36,41,-5,5
50054,137,148,-11,11
50055,40,49,-9,9
50056,89,90,-1,1
50057,89,93,-4,4
50058,83,83,0,0
50059,70,89,-19,19
50060,125,130,-5,5
50061,113,99,14,14
50062,64,71,-7,7
50063,101,94,7,7
50064,92,118,-26,26
50065,118,117,1,1
50066,70,69,1,1
50067,87,107,-20,20
50068,112,103,9,9
50069,195,176,19,19
50070,122,112,10,10
50071,59,50,9,9
50072,155,140,15,15
50073,131,116,15,15
50074,143,128,15,15
50075,117,105,12,12
50076,120,115,5,5
50077,113,102,11,11
50078,102,101,1,1
50079,131,123,8,8
50080,105,101,4,4
50081,87,96,-9,9
50082,66,51,15,15
50083,122,128,-6,6
50084,116,105,11,11
50085,104,101,3,3
50086,51,53,-2,2
50087,90,91,-1,1
50088,87,88,-1,1
50089,93,114,-21,21
50090,61,74,-13,13
50091,106,108,-2,2
50092,47,58,-11,11
50093,80,85,-5,5
50094,74,81,-7,7
50095,50,33,17,17
50096,167,157,10,10
50097,56,68,-12,12
50098,110,116,-6,6
50099,160,157,3,3
50100,105,115,-10,10
50101,63,60,3,3
50102,97,94,3,3
50103,98,91,7,7
50104,108,105,3,3
50105,105,116,-11,11
50106,119,108,11,11
50107,144,126,18,18
50108,65,60,5,5
50109,112,112,0,0
50110,113,102,11,11
50111,98,102,-4,4
50112,83,73,10,10
50113,170,157,13,13
50114,88,95,-7,7
50115,109,98,11,11
50116,92,86,6,6
50117,121,121,0,0
50118,58,54,4,4
50119,96,127,-31,31
50120,108,102,6,6
50121,150,147,3,3
50122,78,82,-4,4
50123,43,46,-3,3
50124,49,57,-8,8
50125,173,156,17,17
50126,100,95,5,5
50127,104,98,6,6
50128,76,102,-26,26
50129,108,106,2,2
50130,148,145,3,3
50131,74,73,1,1
50132,72,71,1,1
50133,78,67,11,11
50134,108,111,-3,3
50135,92,100,-8,8
50136,94,95,-1,1
50137,104,98,6,6
50138,102,114,-12,12
50139,70,83,-13,13
50140,88,87,1,1
50141,104,103,1,1
50142,115,96,19,19
50143,87,87,0,0
50144,110,114,-4,4
50145,70,89,-19,19
50146,78,75,3,3
50147,80,86,-6,6
50148,56,56,0,0
50149,125,125,0,0
50150,79,80,-1,1
50151,90,77,13,13
50152,134,121,13,13
50153,123,119,4,4
50154,116,114,2,2
50155,79,81,-2,2
50156,100,110,-10,10
50157,55,76,-21,21
50158,86,79,7,7
50159,125,144,-19,19
50160,68,62,6,6
50161,73,84,-11,11
50162,103,99,4,4
50163,172,159,13,13
50164,18,46,-28,28
50165,80,87,-7,7
50166,64,51,13,13
50167,90,92,-2,2
50168,100,101,-1,1
50169,52,58,-6,6
50170,199,169,30,30
50171,90,88,2,2
50172,80,95,-15,15
50173,138,146,-8,8
50174,64,76,-12,12
50175,101,99,2,2
50176,116,163,-47,47
50177,134,111,23,23
50178,113,102,11,11
50179,84,83,1,1
50180,55,64,-9,9
50181,194,154,40,40
50182,81,96,-15,15
50183,100,104,-4,4
50184,97,103,-6,6
50185,64,71,-7,7
50186,55,60,-5,5
50187,68,72,-4,4
50188,103,106,-3,3
50189,102,97,5,5
50190,68,69,-1,1
50191,95,85,10,10
50192,74,87,-13,13
50193,77,58,19,19
50194,97,113,-16,16
50195,77,90,-13,13
50196,124,123,1,1
50197,62,76,-14,14
50198,78,90,-12,12
50199,149,149,0,0
50200,53,59,-6,6
50201,80,88,-8,8
50202,82,93,-11,11
50203,69,75,-6,6
50204,80,100,-20,20
50205,45,48,-3,3
50206,66,78,-12,12
50207,46,50,-4,4
50208,82,81,1,1
50209,45,42,3,3
50210,105,112,-7,7
50211,109,102,7,7
50212,89,83,6,6
50213,69,75,-6,6
50214,132,106,26,26
50215,106,111,-5,5
50216,132,133,-1,1
50217,141,160,-19,19
50218,282,302,-20,20
50219,151,166,-15,15
50220,93,95,-2,2
50221,129,138,-9,9
50222,82,91,-9,9
50223,72,85,-13,13
50224,86,88,-2,2
50225,42,46,-4,4
50226,85,72,13,13
50227,105,98,7,7
50228,110,107,3,3
50229,50,57,-7,7
50230,88,105,-17,17
50231,98,82,16,16
50232,85,80,5,5
50233,122,115,7,7
50234,122,155,-33,33
50235,124,124,0,0
50236,77,86,-9,9
50237,117,120,-3,3
50238,98,109,-11,11
50239,90,83,7,7
50240,129,109,20,20
50241,88,103,-15,15
50242,73,72,1,1
50243,77,84,-7,7
50244,139,149,-10,10
50245,96,88,8,8
50246,102,97,5,5
50247,87,94,-7,7
50248,70,67,3,3
50249,159,151,8,8
50250,60,71,-11,11
50251,69,60,9,9
50252,113,117,-4,4
50253,156,145,11,11
50254,118,119,-1,1
50255,53,52,1,1
50256,104,100,4,4
50257,83,73,10,10
50258,67,54,13,13
50259,95,100,-5,5
50260,103,97,6,6
50261,132,126,6,6
50262,115,114,1,1
50263,89,96,-7,7
50264,107,99,8,8
50265,99,109,-10,10
50266,97,104,-7,7
50267,54,62,-8,8
50268,101,94,7,7
50269,97,85,12,12
50270,81,87,-6,6
50271,150,136,14,14
50272,76,105,-29,29
50273,87,87,0,0
50274,101,114,-13,13
50275,51,49,2,2
50276,99,103,-4,4
50277,76,79,-3,3
50278,170,158,12,12
50279,129,110,19,19
50280,73,84,-11,11
50281,172,171,1,1
50282,142,130,12,12
50283,104,108,-4,4
50284,125,111,14,14
50285,51,72,-21,21
50286,127,129,-2,2
50287,150,125,25,25
50288,71,75,-4,4
50289,129,134,-5,5
50290,92,97,-5,5
50291,83,83,0,0
50292,82,80,2,2
50293,143,134,9,9
50294,105,108,-3,3
50295,60,56,4,4
50296,79,96,-17,17
50297,26,34,-8,8
50298,131,114,17,17
50299,90,78,12,12
50300,72,61,11,11
50301,62,63,-1,1
50302,76,74,2,2
50303,138,141,-3,3
50304,81,90,-9,9
50305,108,101,7,7
50306,88,98,-10,10
50307,115,125,-10,10
50308,123,122,1,1
50309,89,102,-13,13
50310,123,124,-1,1
50311,104,93,11,11
50312,67,77,-10,10
50313,82,87,-5,5
50314,68,60,8,8
50315,72,63,9,9
50316,92,88,4,4
50317,60,60,0,0
50318,76,85,-9,9
50319,91,90,1,1
50320,95,85,10,10
50321,101,101,0,0
50322,96,102,-6,6
50323,122,120,2,2
50324,139,124,15,15
50325,141,122,19,19
50326,89,86,3,3
50327,103,104,-1,1
50328,51,55,-4,4
50329,75,79,-4,4
50330,107,130,-23,23
50331,64,68,-4,4
50332,54,58,-4,4
50333,90,92,-2,2
50334,75,93,-18,18
50335,136,130,6,6
50336,99,104,-5,5
50337,128,145,-17,17
50338,125,119,6,6
50339,131,122,9,9
50340,61,43,18,18
50341,60,66,-6,6
50342,70,77,-7,7
50343,136,123,13,13
50344,91,85,6,6
50345,74,65,9,9
50346,63,68,-5,5
50347,113,98,15,15
50348,78,63,15,15
50349,208,195,13,13
50350,153,143,10,10
50351,154,146,8,8
50352,92,95,-3,3
50353,61,68,-7,7
50354,88,99,-11,11
50355,53,63,-10,10
50356,60,55,5,5
50357,101,99,2,2
50358,108,102,6,6
50359,70,76,-6,6
50360,73,65,8,8
50361,86,84,2,2
50362,63,76,-13,13
50363,105,107,-2,2
50364,72,60,12,12
50365,145,122,23,23
50366,71,66,5,5
50367,148,144,4,4
50368,68,75,-7,7
50369,158,138,20,20
50370,176,160,16,16
50371,98,86,12,12
50372,151,143,8,8
50373,72,92,-20,20
50374,48,52,-4,4
50375,77,85,-8,8
50376,65,61,4,4
50377,107,104,3,3
50378,93,93,0,0
50379,103,106,-3,3
50380,95,89,6,6
50381,45,50,-5,5
50382,148,147,1,1
50383,130,135,-5,5
50384,123,113,10,10
50385,91,86,5,5
50386,127,146,-19,19
50387,66,69,-3,3
50388,71,66,5,5
50389,133,125,8,8
50390,111,122,-11,11
50391,92,100,-8,8
50392,72,65,7,7
50393,70,69,1,1
50394,158,151,7,7
50395,56,67,-11,11
50396,63,66,-3,3
50397,73,77,-4,4
50398,170,164,6,6
50399,118,142,-24,24
50400,83,99,-16,16
50401,59,70,-11,11
50402,95,83,12,12
50403,79,57,22,22
50404,79,72,7,7
50405,103,137,-34,34
50406,127,127,0,0
50407,93,102,-9,9
50408,82,74,8,8
50409,48,51,-3,3
50410,90,89,1,1
50411,76,77,-1,1
50412,91,94,-3,3
50413,43,56,-13,13
50414,66,64,2,2
50415,55,55,0,0
50416,93,88,5,5
50417,102,97,5,5
50418,56,56,0,0
50419,91,95,-4,4
50420,126,130,-4,4
50421,78,84,-6,6
50422,81,74,7,7
50423,103,98,5,5
50424,114,113,1,1
50425,103,100,3,3
50426,137,140,-3,3
50427,111,112,-1,1
50428,71,71,0,0
50429,99,84,15,15
50430,118,105,13,13
50431,145,127,18,18
50432,83,83,0,0
50433,59,62,-3,3
50434,79,98,-19,19
50435,60,57,3,3
50436,59,58,1,1
50437,109,115,-6,6
50438,74,72,2,2
50439,125,139,-14,14
50440,112,94,18,18
50441,74,71,3,3
50442,149,140,9,9
50443,79,87,-8,8
50444,76,74,2,2
50445,124,116,8,8
50446,62,61,1,1
50447,59,73,-14,14
50448,190,172,18,18
50449,62,61,1,1
50450,105,117,-12,12
50451,97,87,10,10
50452,128,120,8,8
50453,113,111,2,2
50454,98,96,2,2
50455,37,48,-11,11
50456,136,132,4,4
50457,79,98,-19,19
50458,47,64,-17,17
50459,98,79,19,19
50460,101,109,-8,8
50461,87,95,-8,8
50462,49,61,-12,12
50463,88,77,11,11
50464,92,89,3,3
50465,128,127,1,1
50466,111,109,2,2
50467,106,105,1,1
50468,57,62,-5,5
50469,95,102,-7,7
50470,60,77,-17,17
50471,131,110,21,21
50472,88,87,1,1
50473,83,88,-5,5
50474,109,100,9,9
50475,114,110,4,4
50476,84,99,-15,15
50477,85,84,1,1
50478,86,97,-11,11
50479,76,77,-1,1
50480,112,92,20,20
50481,106,105,1,1
50482,56,51,5,5
50483,120,134,-14,14
50484,53,58,-5,5
50485,32,35,-3,3
50486,184,180,4,4
50487,82,73,9,9
50488,66,70,-4,4
50489,67,71,-4,4
50490,123,131,-8,8
50491,123,119,4,4
50492,146,132,14,14
50493,74,73,1,1
50494,113,99,14,14
50495,102,105,-3,3
50496,143,122,21,21
50497,88,85,3,3
50498,136,126,10,10
50499,149,135,14,14
50500,165,161,4,4
50501,59,68,-9,9
50502,87,88,-1,1
50503,85,81,4,4
50504,54,47,7,7
50505,48,28,20,20
50506,73,62,11,11
50507,74,65,9,9
50508,125,116,9,9
50509,71,59,12,12
50510,36,44,-8,8
50511,127,118,9,9
50512,71,65,6,6
50513,92,84,8,8
50514,55,66,-11,11
50515,62,63,-1,1
50516,76,74,2,2
50517,64,64,0,0
50518,129,135,-6,6
50519,147,146,1,1
50520,69,67,2,2
50521,76,70,6,6
50522,86,95,-9,9
50523,66,57,9,9
50524,76,75,1,1
50525,74,73,1,1
50526,54,67,-13,13
50527,109,116,-7,7
50528,141,125,16,16
50529,55,60,-5,5
50530,121,113,8,8
50531,79,82,-3,3
50532,80,73,7,7
50533,156,172,-16,16
50534,44,42,2,2
50535,114,100,14,14
50536,105,105,0,0
50537,73,86,-13,13
50538,84,90,-6,6
50539,176,166,10,10
50540,62,53,9,9
50541,121,108,13,13
50542,114,108,6,6
50543,87,98,-11,11
50544,77,97,-20,20
50545,64,60,4,4
50546,165,157,8,8
50547,139,139,0,0
50548,121,105,16,16
50549,97,87,10,10
50550,193,148,45,45
50551,125,140,-15,15
50552,76,109,-33,33
50553,54,50,4,4
50554,134,146,-12,12
50555,72,72,0,0
50556,96,91,5,5
50557,37,40,-3,3
50558,125,113,12,12
50559,87,76,11,11
50560,33,32,1,1
50561,71,82,-11,11
50562,53,63,-10,10
50563,59,58,1,1
50564,110,107,3,3
50565,82,86,-4,4
50566,110,109,1,1
50567,64,56,8,8
50568,65,62,3,3
50569,134,112,22,22
50570,58,57,1,1
50571,90,101,-11,11
50572,79,100,-21,21
50573,66,64,2,2
50574,88,105,-17,17
50575,89,135,-46,46
50576,124,121,3,3
50577,111,105,6,6
50578,144,128,16,16
50579,131,146,-15,15
50580,133,142,-9,9
50581,104,101,3,3
50582,63,66,-3,3
50583,72,70,2,2
50584,76,69,7,7
50585,59,54,5,5
50586,110,109,1,1
50587,69,61,8,8
50588,112,114,-2,2
50589,41,55,-14,14
50590,135,125,10,10
50591,101,110,-9,9
50592,86,77,9,9
50593,116,130,-14,14
50594,88,93,-5,5
50595,74,79,-5,5
50596,41,51,-10,10
50597,91,100,-9,9
50598,164,154,10,10
50599,58,46,12,12
50600,203,200,3,3
50601,84,89,-5,5
50602,91,71,20,20
50603,98,94,4,4
50604,123,134,-11,11
50605,63,40,23,23
50606,88,88,0,0
50607,92,100,-8,8
50608,117,106,11,11
50609,72,68,4,4
50610,69,74,-5,5
50611,77,72,5,5
50612,77,80,-3,3
50613,73,66,7,7
50614,94,95,-1,1
50615,118,112,6,6
50616,98,98,0,0
50617,82,89,-7,7
50618,137,118,19,19
50619,84,92,-8,8
50620,113,108,5,5
50621,145,145,0,0
50622,67,65,2,2
50623,101,108,-7,7
50624,37,65,-28,28
50625,49,58,-9,9
50626,63,64,-1,1
50627,76,82,-6,6
50628,216,172,44,44
50629,138,131,7,7
50630,96,89,7,7
50631,76,96,-20,20
50632,66,61,5,5
50633,55,61,-6,6
50634,92,85,7,7
50635,83,85,-2,2
50636,107,127,-20,20
50637,124,109,15,15
50638,78,84,-6,6
50639,149,138,11,11
50640,154,148,6,6
50641,67,61,6,6
50642,82,74,8,8
50643,99,94,5,5
50644,107,101,6,6
50645,156,152,4,4
50646,174,180,-6,6
50647,103,96,7,7
50648,116,117,-1,1
50649,44,38,6,6
50650,108,109,-1,1
50651,94,113,-19,19
50652,63,75,-12,12
50653,95,89,6,6
50654,57,60,-3,3
50655,72,70,2,2
50656,72,61,11,11
50657,101,101,0,0
50658,94,119,-25,25
50659,86,78,8,8
50660,157,140,17,17
50661,56,56,0,0
50662,77,74,3,3
50663,76,88,-12,12
50664,164,146,18,18
50665,68,71,-3,3
50666,65,76,-11,11
50667,124,121,3,3
50668,62,60,2,2
50669,138,122,16,16
50670,146,137,9,9
50671,135,136,-1,1
50672,124,106,18,18
50673,105,102,3,3
50674,71,62,9,9
50675,84,90,-6,6
50676,84,68,16,16
50677,70,66,4,4
50678,112,110,2,2
50679,127,138,-11,11
50680,51,131,-80,80
50681,104,100,4,4
50682,96,103,-7,7
50683,97,75,22,22
50684,72,71,1,1
50685,117,108,9,9
50686,115,116,-1,1
50687,76,84,-8,8
50688,98,100,-2,2
50689,70,71,-1,1
50690,97,107,-10,10
50691,131,155,-24,24
50692,50,56,-6,6
50693,68,67,1,1
50694,64,62,2,2
50695,103,99,4,4
50696,48,52,-4,4
50697,106,107,-1,1
50698,80,78,2,2
50699,131,130,1,1
50700,59,72,-13,13
50701,196,166,30,30
50702,143,150,-7,7
50703,74,77,-3,3
50704,69,73,-4,4
50705,70,81,-11,11
50706,114,105,9,9
50707,70,68,2,2
50708,42,47,-5,5
50709,112,131,-19,19
50710,79,86,-7,7
50711,159,153,6,6
50712,121,110,11,11
50713,69,71,-2,2
50714,93,88,5,5
50715,90,89,1,1
50716,91,91,0,0
50717,65,65,0,0
50718,136,126,10,10
50719,65,77,-12,12
50720,51,67,-16,16
50721,131,124,7,7
50722,81,88,-7,7
50723,60,119,-59,59
50724,99,92,7,7
50725,37,81,-44,44
50726,131,116,15,15
50727,164,148,16,16
50728,63,71,-8,8
50729,208,176,32,32
50730,40,63,-23,23
50731,94,108,-14,14
50732,114,111,3,3
50733,72,73,-1,1
50734,83,77,6,6
50735,65,66,-1,1
50736,124,131,-7,7
50737,45,54,-9,9
50738,78,74,4,4
50739,139,123,16,16
50740,63,72,-9,9
50741,88,87,1,1
50742,81,85,-4,4
50743,79,61,18,18
50744,106,114,-8,8
50745,129,143,-14,14
50746,107,121,-14,14
50747,67,71,-4,4
50748,119,113,6,6
50749,96,103,-7,7
50750,96,93,3,3
50751,64,79,-15,15
50752,110,95,15,15
50753,122,113,9,9
50754,159,146,13,13
50755,84,93,-9,9
50756,78,68,10,10
50757,186,182,4,4
50758,77,76,1,1
50759,95,96,-1,1
50760,78,74,4,4
50761,84,116,-32,32
50762,115,112,3,3
50763,104,112,-8,8
50764,84,73,11,11
50765,94,93,1,1
50766,103,99,4,4
50767,120,119,1,1
50768,80,79,1,1
50769,63,55,8,8
50770,113,120,-7,7
50771,82,87,-5,5
50772,111,117,-6,6
50773,103,102,1,1
50774,122,121,1,1
50775,81,88,-7,7
50776,141,160,-19,19
50777,122,111,11,11
50778,136,134,2,2
50779,67,69,-2,2
50780,91,112,-21,21
50781,86,88,-2,2
50782,97,91,6,6
50783,42,62,-20,20
50784,63,72,-9,9
50785,118,122,-4,4
50786,81,89,-8,8
50787,62,68,-6,6
50788,55,54,1,1
50789,89,86,3,3
50790,71,70,1,1
50791,57,54,3,3
50792,83,82,1,1
50793,153,141,12,12
50794,106,99,7,7
50795,122,107,15,15
50796,76,85,-9,9
50797,90,88,2,2
50798,70,90,-20,20
50799,33,35,-2,2
50800,83,86,-3,3
50801,50,45,5,5
50802,118,108,10,10
50803,115,107,8,8
50804,45,38,7,7
50805,58,56,2,2
50806,38,45,-7,7
50807,97,100,-3,3
50808,39,46,-7,7
50809,28,36,-8,8
50810,117,121,-4,4
50811,115,111,4,4
50812,121,120,1,1
50813,105,100,5,5
50814,88,89,-1,1
50815,64,74,-10,10
50816,85,92,-7,7
50817,103,92,11,11
50818,76,91,-15,15
50819,60,61,-1,1
50820,73,70,3,3
50821,70,66,4,4
50822,54,57,-3,3
50823,83,90,-7,7
50824,77,74,3,3
50825,58,56,2,2
50826,105,99,6,6
50827,145,139,6,6
50828,119,101,18,18
50829,100,102,-2,2
50830,84,94,-10,10
50831,88,84,4,4
50832,90,85,5,5
50833,65,69,-4,4
50834,131,132,-1,1
50835,76,94,-18,18
50836,166,165,1,1
50837,52,47,5,5
50838,156,163,-7,7
50839,139,146,-7,7
50840,80,78,2,2
50841,73,87,-14,14
50842,94,86,8,8
50843,83,87,-4,4
50844,108,96,12,12
50845,71,57,14,14
50846,98,103,-5,5
50847,94,89,5,5
50848,99,96,3,3
50849,29,30,-1,1
50850,85,89,-4,4
50851,92,96,-4,4
50852,96,101,-5,5
50853,107,105,2,2
50854,31,52,-21,21
50855,80,87,-7,7
50856,86,78,8,8
50857,147,135,12,12
50858,113,111,2,2
50859,58,53,5,5
50860,69,69,0,0
50861,81,80,1,1
50862,105,104,1,1
50863,146,111,35,35
50864,126,130,-4,4
50865,72,67,5,5
50866,110,107,3,3
50867,140,134,6,6
50868,93,89,4,4
50869,88,92,-4,4
50870,84,103,-19,19
50871,57,67,-10,10
50872,78,70,8,8
50873,76,77,-1,1
50874,143,132,11,11
50875,108,139,-31,31
50876,45,72,-27,27
50877,87,80,7,7
50878,77,78,-1,1
50879,96,122,-26,26
50880,84,82,2,2
50881,60,62,-2,2
50882,74,77,-3,3
50883,83,94,-11,11
50884,69,72,-3,3
50885,58,55,3,3
50886,73,67,6,6
50887,81,87,-6,6
50888,106,113,-7,7
50889,140,135,5,5
50890,75,76,-1,1
50891,102,113,-11,11
50892,137,103,34,34
50893,63,100,-37,37
50894,80,69,11,11
50895,65,67,-2,2
50896,151,132,19,19
50897,138,146,-8,8
50898,104,92,12,12
50899,142,132,10,10
50900,77,91,-14,14
50901,102,105,-3,3
50902,83,80,3,3
50903,74,76,-2,2
50904,113,115,-2,2
50905,115,106,9,9
50906,86,90,-4,4
50907,66,78,-12,12
50908,123,114,9,9
50909,173,159,14,14
50910,138,141,-3,3
50911,121,109,12,12
50912,187,178,9,9
50913,103,91,12,12
50914,93,160,-67,67
50915,134,131,3,3
50916,84,79,5,5
50917,140,125,15,15
50918,139,116,23,23
50919,112,114,-2,2
50920,81,77,4,4
50921,48,54,-6,6
50922,111,105,6,6
50923,133,117,16,16
50924,158,145,13,13
50925,47,56,-9,9
50926,115,116,-1,1
50927,59,64,-5,5
50928,136,134,2,2
50929,86,93,-7,7
50930,89,95,-6,6
50931,104,101,3,3
50932,88,94,-6,6
50933,68,62,6,6
50934,105,90,15,15
50935,122,104,18,18
50936,93,85,8,8
50937,172,151,21,21
50938,77,90,-13,13
50939,141,146,-5,5
50940,106,99,7,7
50941,102,101,1,1
50942,136,133,3,3
50943,83,81,2,2
50944,60,56,4,4
50945,90,110,-20,20
50946,69,79,-10,10
50947,96,90,6,6
50948,101,106,-5,5
50949,90,81,9,9
50950,95,99,-4,4
50951,80,89,-9,9
50952,91,97,-6,6
50953,125,124,1,1
50954,85,84,1,1
50955,129,119,10,10
50956,117,118,-1,1
50957,77,85,-8,8
50958,82,96,-14,14
50959,135,130,5,5
50960,120,114,6,6
50961,89,82,7,7
50962,161,161,0,0
50963,70,68,2,2
50964,60,76,-16,16
50965,172,167,5,5
50966,136,152,-16,16
50967,86,75,11,11
50968,106,108,-2,2
50969,107,118,-11,11
50970,98,102,-4,4
50971,120,149,-29,29
50972,158,134,24,24
50973,61,52,9,9
50974,101,94,7,7
50975,94,96,-2,2
50976,60,63,-3,3
50977,68,68,0,0
50978,99,67,32,32
50979,56,56,0,0
50980,110,91,19,19
50981,102,108,-6,6
50982,83,81,2,2
50983,92,94,-2,2
50984,77,61,16,16
50985,125,144,-19,19
50986,79,81,-2,2
50987,67,66,1,1
50988,113,105,8,8
50989,122,112,10,10
50990,131,124,7,7
50991,104,90,14,14
50992,89,106,-17,17
50993,92,95,-3,3
50994,217,193,24,24
50995,45,6,39,39
50996,69,78,-9,9
50997,112,123,-11,11
50998,146,125,21,21
50999,95,99,-4,4
51000,91,101,-10,10
51001,70,71,-1,1
51002,75,84,-9,9
51003,95,98,-3,3
51004,112,98,14,14
51005,58,61,-3,3
51006,54,63,-9,9
51007,94,95,-1,1
51008,108,106,2,2
51009,89,97,-8,8
51010,90,84,6,6
51011,129,120,9,9
51012,105,96,9,9
51013,94,93,1,1
51014,132,130,2,2
51015,95,56,39,39
51016,68,62,6,6
51017,97,96,1,1
51018,128,127,1,1
51019,116,109,7,7
51020,93,92,1,1
51021,89,80,9,9
51022,176,160,16,16
51023,172,159,13,13
51024,54,49,5,5
51025,60,74,-14,14
51026,39,47,-8,8
51027,96,82,14,14
51028,60,77,-17,17
51029,52,47,5,5
51030,105,101,4,4
51031,137,139,-2,2
51032,151,136,15,15
51033,108,110,-2,2
51034,100,92,8,8
51035,68,77,-9,9
51036,99,95,4,4
51037,100,105,-5,5
51038,112,110,2,2
51039,78,67,11,11
51040,110,106,4,4
51041,70,48,22,22
51042,122,110,12,12
51043,72,79,-7,7
51044,191,169,22,22
51045,106,110,-4,4
51046,102,95,7,7
51047,130,106,24,24
51048,83,82,1,1
51049,70,66,4,4
51050,93,100,-7,7
51051,98,93,5,5
51052,72,66,6,6
51053,121,110,11,11
51054,157,149,8,8
51055,72,73,-1,1
51056,88,89,-1,1
51057,109,114,-5,5
51058,129,115,14,14
51059,185,172,13,13
51060,82,84,-2,2
51061,45,65,-20,20
51062,47,48,-1,1
51063,75,81,-6,6
51064,107,99,8,8
51065,73,72,1,1
51066,90,89,1,1
51067,69,56,13,13
51068,100,111,-11,11
51069,87,84,3,3
51070,56,48,8,8
51071,83,74,9,9
51072,140,135,5,5
51073,64,59,5,5
51074,97,106,-9,9
51075,86,96,-10,10
51076,129,110,19,19
51077,119,103,16,16
51078,85,90,-5,5
51079,109,111,-2,2
51080,92,92,0,0
51081,152,125,27,27
51082,74,79,-5,5
51083,147,208,-61,61
51084,117,104,13,13
51085,85,88,-3,3
51086,115,139,-24,24
51087,96,87,9,9
51088,109,112,-3,3
51089,70,87,-17,17
51090,107,100,7,7
51091,71,87,-16,16
51092,80,83,-3,3
51093,117,109,8,8
51094,149,144,5,5
51095,74,79,-5,5
51096,100,89,11,11
51097,131,122,9,9
51098,100,99,1,1
51099,72,75,-3,3
51100,92,113,-21,21
51101,68,66,2,2
51102,71,84,-13,13
51103,60,50,10,10
51104,74,81,-7,7
51105,114,106,8,8
51106,44,44,0,0
51107,104,115,-11,11
51108,143,144,-1,1
51109,159,148,11,11
51110,76,82,-6,6
51111,93,87,6,6
51112,91,89,2,2
51113,91,88,3,3
51114,188,168,20,20
51115,85,87,-2,2
51116,58,59,-1,1
51117,115,108,7,7
51118,51,51,0,0
51119,49,52,-3,3
51120,108,108,0,0
51121,92,97,-5,5
51122,102,119,-17,17
51123,113,104,9,9
51124,100,101,-1,1
51125,80,78,2,2
51126,109,118,-9,9
51127,72,76,-4,4
51128,91,96,-5,5
51129,93,99,-6,6
51130,44,46,-2,2
51131,104,100,4,4
51132,50,66,-16,16
51133,76,82,-6,6
51134,53,63,-10,10
51135,119,114,5,5
51136,105,98,7,7
51137,110,131,-21,21
51138,148,149,-1,1
51139,105,101,4,4
51140,139,117,22,22
51141,97,82,15,15
51142,113,106,7,7
51143,85,91,-6,6
51144,113,106,7,7
51145,60,55,5,5
51146,66,68,-2,2
51147,115,119,-4,4
51148,30,168,-138,138
51149,76,86,-10,10
51150,73,74,-1,1
51151,72,74,-2,2
51152,141,124,17,17
51153,58,72,-14,14
51154,101,96,5,5
51155,80,85,-5,5
51156,76,87,-11,11
51157,118,112,6,6
51158,97,90,7,7
51159,96,115,-19,19
51160,40,48,-8,8
51161,157,147,10,10
51162,125,110,15,15
51163,99,101,-2,2
51164,66,64,2,2
51165,117,114,3,3
51166,94,93,1,1
51167,54,63,-9,9
51168,62,62,0,0
51169,74,81,-7,7
51170,166,155,11,11
51171,142,137,5,5
51172,81,91,-10,10
51173,110,112,-2,2
51174,114,105,9,9
51175,96,90,6,6
51176,54,54,0,0
51177,97,108,-11,11
51178,86,114,-28,28
51179,67,78,-11,11
51180,65,68,-3,3
51181,89,89,0,0
51182,86,101,-15,15
51183,71,74,-3,3
51184,146,148,-2,2
51185,81,81,0,0
51186,108,102,6,6
51187,116,114,2,2
51188,90,96,-6,6
51189,108,92,16,16
51190,127,125,2,2
51191,60,63,-3,3
51192,66,79,-13,13
51193,180,195,-15,15
51194,52,47,5,5
51195,93,94,-1,1
51196,127,119,8,8
51197,96,86,10,10
51198,110,89,21,21
51199,102,106,-4,4
51200,110,108,2,2
51201,72,64,8,8
51202,161,134,27,27
51203,89,77,12,12
51204,78,72,6,6
51205,77,92,-15,15
51206,80,82,-2,2
51207,78,78,0,0
51208,135,130,5,5
51209,88,75,13,13
51210,102,84,18,18
51211,73,85,-12,12
51212,101,99,2,2
51213,84,85,-1,1
51214,87,84,3,3
51215,79,98,-19,19
51216,84,92,-8,8
51217,140,124,16,16
51218,106,108,-2,2
51219,75,74,1,1
51220,94,96,-2,2
51221,79,97,-18,18
51222,93,86,7,7
51223,155,148,7,7
51224,97,112,-15,15
51225,109,126,-17,17
51226,115,110,5,5
51227,126,118,8,8
51228,90,93,-3,3
51229,72,83,-11,11
51230,63,64,-1,1
51231,105,108,-3,3
51232,68,74,-6,6
51233,143,137,6,6
51234,116,108,8,8
51235,121,126,-5,5
51236,130,106,24,24
51237,75,72,3,3
51238,70,73,-3,3
51239,109,98,11,11
51240,98,89,9,9
51241,106,95,11,11
51242,76,70,6,6
51243,60,58,2,2
51244,68,62,6,6
51245,165,146,19,19
51246,90,101,-11,11
51247,178,148,30,30
51248,79,78,1,1
51249,72,59,13,13
51250,87,84,3,3
51251,82,80,2,2
51252,57,56,1,1
51253,110,122,-12,12
51254,111,110,1,1
51255,70,78,-8,8
51256,112,106,6,6
51257,52,66,-14,14
51258,94,88,6,6
51259,97,99,-2,2
51260,66,58,8,8
51261,67,70,-3,3
51262,66,80,-14,14
51263,107,111,-4,4
51264,156,186,-30,30
51265,40,91,-51,51
51266,60,65,-5,5
51267,109,149,-40,40
51268,62,60,2,2
51269,126,108,18,18
51270,96,105,-9,9
51271,106,99,7,7
51272,109,87,22,22
51273,77,79,-2,2
51274,70,62,8,8
51275,75,101,-26,26
51276,194,174,20,20
51277,24,45,-21,21
51278,94,99,-5,5
51279,102,93,9,9
51280,126,124,2,2
51281,150,137,13,13
51282,126,114,12,12
51283,82,92,-10,10
51284,92,103,-11,11
51285,87,86,1,1
51286,122,119,3,3
51287,129,108,21,21
51288,93,87,6,6
51289,62,75,-13,13
51290,148,143,5,5
51291,73,71,2,2
51292,114,106,8,8
51293,82,89,-7,7
51294,99,102,-3,3
51295,181,177,4,4
51296,158,136,22,22
51297,100,97,3,3
51298,143,136,7,7
51299,118,120,-2,2
51300,85,84,1,1
51301,127,127,0,0
51302,83,85,-2,2
51303,95,86,9,9
51304,63,54,9,9
51305,76,71,5,5
51306,111,122,-11,11
51307,69,71,-2,2
51308,100,92,8,8
51309,47,54,-7,7
51310,83,92,-9,9
51311,85,88,-3,3
51312,74,73,1,1
51313,53,68,-15,15
51314,75,90,-15,15
51315,71,83,-12,12
51316,108,103,5,5
51317,71,80,-9,9
51318,121,107,14,14
51319,100,108,-8,8
51320,113,124,-11,11
51321,86,82,4,4
51322,86,72,14,14
51323,115,106,9,9
51324,38,42,-4,4
51325,140,137,3,3
51326,119,127,-8,8
51327,104,110,-6,6
51328,135,118,17,17
51329,147,128,19,19
51330,116,115,1,1
51331,137,135,2,2
51332,86,89,-3,3
51333,96,95,1,1
51334,76,73,3,3
51335,64,54,10,10
51336,57,53,4,4
51337,90,95,-5,5
51338,56,66,-10,10
51339,84,96,-12,12
51340,109,100,9,9
51341,124,112,12,12
51342,138,133,5,5
51343,73,68,5,5
51344,98,96,2,2
51345,93,78,15,15
51346,51,77,-26,26
51347,54,70,-16,16
51348,62,65,-3,3
51349,126,123,3,3
51350,85,86,-1,1
51351,86,80,6,6
51352,67,55,12,12
51353,80,80,0,0
51354,55,67,-12,12
51355,115,108,7,7
51356,71,71,0,0
51357,86,87,-1,1
51358,120,119,1,1
51359,94,90,4,4
51360,71,75,-4,4
51361,106,114,-8,8
51362,101,103,-2,2
51363,41,44,-3,3
51364,77,72,5,5
51365,130,124,6,6
51366,154,148,6,6
51367,102,91,11,11
51368,56,54,2,2
51369,108,101,7,7
51370,74,70,4,4
51371,33,98,-65,65
51372,109,109,0,0
51373,113,119,-6,6
51374,115,123,-8,8
51375,73,81,-8,8
51376,60,78,-18,18
51377,115,108,7,7
51378,85,86,-1,1
51379,121,109,12,12
51380,128,116,12,12
51381,76,91,-15,15
51382,158,149,9,9
51383,109,112,-3,3
51384,47,53,-6,6
51385,76,63,13,13
51386,75,62,13,13
51387,92,78,14,14
51388,92,97,-5,5
51389,110,104,6,6
51390,101,94,7,7
51391,95,94,1,1
51392,107,107,0,0
51393,96,105,-9,9
51394,127,141,-14,14
51395,104,105,-1,1
51396,84,73,11,11
51397,44,65,-21,21
51398,112,125,-13,13
51399,94,113,-19,19
51400,65,73,-8,8
51401,67,76,-9,9
51402,106,97,9,9
51403,85,75,10,10
51404,75,90,-15,15
51405,72,67,5,5
51406,99,80,19,19
51407,63,60,3,3
51408,157,144,13,13
51409,70,70,0,0
51410,79,81,-2,2
51411,99,97,2,2
51412,100,107,-7,7
51413,152,129,23,23
51414,111,116,-5,5
51415,73,81,-8,8
51416,117,110,7,7
51417,74,78,-4,4
51418,84,97,-13,13
51419,117,115,2,2
51420,70,81,-11,11
51421,72,87,-15,15
51422,62,59,3,3
51423,90,101,-11,11
51424,123,114,9,9
51425,81,78,3,3
51426,62,59,3,3
51427,74,68,6,6
51428,189,155,34,34
51429,97,104,-7,7
51430,131,132,-1,1
51431,66,78,-12,12
51432,131,136,-5,5
51433,101,93,8,8
51434,205,190,15,15
51435,92,102,-10,10
51436,74,80,-6,6
51437,108,107,1,1
51438,78,67,11,11
51439,69,72,-3,3
51440,92,98,-6,6
51441,76,75,1,1
51442,83,79,4,4
51443,104,112,-8,8
51444,85,82,3,3
51445,74,64,10,10
51446,134,124,10,10
51447,119,109,10,10
51448,92,85,7,7
51449,88,98,-10,10
51450,126,118,8,8
51451,100,101,-1,1
51452,45,54,-9,9
51453,131,116,15,15
51454,55,54,1,1
51455,180,178,2,2
51456,133,107,26,26
51457,94,44,50,50
51458,62,75,-13,13
51459,119,105,14,14
51460,183,199,-16,16
51461,88,88,0,0
51462,115,98,17,17
51463,100,85,15,15
51464,64,77,-13,13
51465,83,110,-27,27
51466,138,129,9,9
51467,62,78,-16,16
51468,193,152,41,41
51469,90,84,6,6
51470,77,88,-11,11
51471,111,102,9,9
51472,99,92,7,7
51473,118,124,-6,6
51474,131,118,13,13
51475,71,72,-1,1
51476,78,81,-3,3
51477,94,87,7,7
51478,92,101,-9,9
51479,97,100,-3,3
51480,89,85,4,4
51481,131,120,11,11
51482,119,103,16,16
51483,59,66,-7,7
51484,80,84,-4,4
51485,116,113,3,3
51486,93,84,9,9
51487,72,94,-22,22
51488,185,146,39,39
51489,85,94,-9,9
51490,108,132,-24,24
51491,84,91,-7,7
51492,100,92,8,8
51493,109,90,19,19
51494,43,47,-4,4
51495,77,79,-2,2
51496,87,92,-5,5
51497,121,110,11,11
51498,109,118,-9,9
51499,83,88,-5,5
51500,108,87,21,21
51501,166,157,9,9
51502,68,61,7,7
51503,112,120,-8,8
51504,103,114,-11,11
51505,106,113,-7,7
51506,33,33,0,0
51507,56,54,2,2
51508,72,72,0,0
51509,136,139,-3,3
51510,79,79,0,0
51511,143,141,2,2
51512,103,96,7,7
51513,75,93,-18,18
51514,73,82,-9,9
51515,68,70,-2,2
51516,68,84,-16,16
51517,102,86,16,16
51518,83,74,9,9
51519,70,82,-12,12
51520,88,83,5,5
51521,124,115,9,9
51522,111,110,1,1
51523,103,116,-13,13
51524,104,77,27,27
51525,122,113,9,9
51526,119,112,7,7
51527,71,99,-28,28
51528,196,182,14,14
51529,70,70,0,0
51530,70,75,-5,5
51531,88,90,-2,2
51532,122,122,0,0
51533,102,104,-2,2
51534,119,118,1,1
51535,138,118,20,20
51536,165,141,24,24
51537,94,114,-20,20
51538,52,54,-2,2
51539,86,71,15,15
51540,63,70,-7,7
51541,92,87,5,5
51542,65,79,-14,14
51543,47,50,-3,3
51544,62,67,-5,5
51545,79,90,-11,11
51546,166,121,45,45
51547,96,95,1,1
51548,120,132,-12,12
51549,117,117,0,0
51550,99,100,-1,1
51551,124,133,-9,9
51552,138,128,10,10
51553,60,62,-2,2
51554,90,98,-8,8
51555,76,79,-3,3
51556,113,123,-10,10
51557,129,128,1,1
51558,80,77,3,3
51559,99,99,0,0
51560,87,89,-2,2
51561,74,82,-8,8
51562,70,72,-2,2
51563,50,55,-5,5
51564,83,86,-3,3
51565,150,130,20,20
51566,104,104,0,0
51567,107,106,1,1
51568,101,95,6,6
51569,153,149,4,4
51570,81,86,-5,5
51571,58,68,-10,10
51572,104,98,6,6
51573,64,67,-3,3
51574,58,51,7,7
51575,137,138,-1,1
51576,132,104,28,28
51577,110,109,1,1
51578,120,112,8,8
51579,92,90,2,2
51580,83,128,-45,45
51581,41,52,-11,11
51582,194,169,25,25
51583,79,79,0,0
51584,65,62,3,3
51585,126,131,-5,5
51586,125,122,3,3
51587,148,140,8,8
51588,63,67,-4,4
51589,82,86,-4,4
51590,127,127,0,0
51591,141,129,12,12
51592,98,100,-2,2
51593,140,144,-4,4
51594,92,81,11,11
51595,78,87,-9,9
51596,72,75,-3,3
51597,133,110,23,23
51598,82,88,-6,6
51599,53,62,-9,9
51600,68,70,-2,2
51601,135,145,-10,10
51602,76,95,-19,19
51603,84,90,-6,6
51604,109,111,-2,2
51605,115,113,2,2
51606,32,36,-4,4
51607,202,175,27,27
51608,64,60,4,4
51609,69,66,3,3
51610,61,71,-10,10
51611,81,82,-1,1
51612,81,88,-7,7
51613,103,94,9,9
51614,73,70,3,3
51615,103,108,-5,5
51616,153,145,8,8
51617,78,84,-6,6
51618,100,100,0,0
51619,136,134,2,2
51620,58,50,8,8
51621,75,60,15,15
51622,130,110,20,20
51623,127,117,10,10
51624,51,56,-5,5
51625,87,73,14,14
51626,99,101,-2,2
51627,121,106,15,15
51628,83,82,1,1
51629,65,81,-16,16
51630,86,95,-9,9
51631,129,122,7,7
51632,77,87,-10,10
51633,63,66,-3,3
51634,70,71,-1,1
51635,75,83,-8,8
51636,75,70,5,5
51637,132,120,12,12
51638,157,156,1,1
51639,130,136,-6,6
51640,80,84,-4,4
51641,97,105,-8,8
51642,68,59,9,9
51643,98,99,-1,1
51644,81,88,-7,7
51645,51,54,-3,3
51646,84,85,-1,1
51647,79,76,3,3
51648,151,146,5,5
51649,82,78,4,4
51650,127,126,1,1
51651,63,76,-13,13
51652,97,100,-3,3
51653,121,110,11,11
51654,157,129,28,28
51655,101,94,7,7
51656,160,162,-2,2
51657,92,89,3,3
51658,107,113,-6,6
51659,108,91,17,17
51660,119,103,16,16
51661,61,64,-3,3
51662,112,103,9,9
51663,71,71,0,0
51664,99,103,-4,4
51665,68,81,-13,13
51666,116,151,-35,35
51667,64,67,-3,3
51668,124,127,-3,3
51669,139,127,12,12
51670,80,79,1,1
51671,157,154,3,3
51672,101,94,7,7
51673,114,108,6,6
51674,126,118,8,8
51675,148,153,-5,5
51676,77,89,-12,12
51677,187,165,22,22
51678,139,149,-10,10
51679,164,147,17,17
51680,98,97,1,1
51681,86,82,4,4
51682,61,64,-3,3
51683,143,169,-26,26
51684,57,54,3,3
51685,52,54,-2,2
51686,92,102,-10,10
51687,108,110,-2,2
51688,156,119,37,37
51689,159,148,11,11
51690,157,150,7,7
51691,102,91,11,11
51692,138,138,0,0
51693,78,85,-7,7
51694,83,80,3,3
51695,108,97,11,11
51696,60,57,3,3
51697,142,119,23,23
51698,55,56,-1,1
51699,65,53,12,12
51700,125,127,-2,2
51701,90,98,-8,8
51702,74,75,-1,1
51703,156,131,25,25
51704,76,68,8,8
51705,94,102,-8,8
51706,84,80,4,4
51707,84,71,13,13
51708,68,80,-12,12
51709,144,129,15,15
51710,74,76,-2,2
51711,104,112,-8,8
51712,98,69,29,29
51713,92,91,1,1
51714,106,106,0,0
51715,94,91,3,3
51716,91,102,-11,11
51717,61,27,34,34
51718,77,69,8,8
51719,71,72,-1,1
51720,98,93,5,5
51721,73,59,14,14
51722,103,103,0,0
51723,124,116,8,8
51724,135,128,7,7
51725,118,123,-5,5
51726,96,99,-3,3
51727,54,58,-4,4
51728,112,105,7,7
51729,72,66,6,6
51730,70,82,-12,12
51731,85,90,-5,5
51732,51,47,4,4
51733,106,117,-11,11
51734,113,96,17,17
51735,76,65,11,11
51736,63,65,-2,2
51737,140,112,28,28
51738,103,98,5,5
51739,163,156,7,7
51740,126,130,-4,4
51741,92,109,-17,17
51742,40,56,-16,16
51743,33,26,7,7
51744,99,99,0,0
51745,113,108,5,5
51746,59,55,4,4
51747,88,109,-21,21
51748,58,59,-1,1
51749,98,99,-1,1
51750,135,123,12,12
51751,92,94,-2,2
51752,101,93,8,8
51753,116,105,11,11
51754,171,167,4,4
51755,98,92,6,6
51756,99,98,1,1
51757,77,81,-4,4
51758,99,92,7,7
51759,61,57,4,4
51760,124,108,16,16
51761,36,46,-10,10
51762,124,115,9,9
51763,89,79,10,10
51764,144,136,8,8
51765,113,108,5,5
51766,157,133,24,24
51767,95,96,-1,1
51768,101,97,4,4
51769,76,83,-7,7
51770,65,68,-3,3
51771,222,174,48,48
51772,123,108,15,15
51773,71,90,-19,19
51774,102,92,10,10
51775,96,100,-4,4
51776,105,102,3,3
51777,81,85,-4,4
51778,122,134,-12,12
51779,64,65,-1,1
51780,43,70,-27,27
51781,114,97,17,17
51782,62,73,-11,11
51783,104,110,-6,6
51784,175,176,-1,1
51785,98,109,-11,11
51786,87,78,9,9
51787,144,137,7,7
51788,76,84,-8,8
51789,125,131,-6,6
51790,70,69,1,1
51791,86,95,-9,9
51792,140,133,7,7
51793,44,52,-8,8
51794,101,96,5,5
51795,68,66,2,2
51796,155,174,-19,19
51797,125,129,-4,4
51798,49,56,-7,7
51799,140,144,-4,4
51800,105,101,4,4
51801,192,194,-2,2
51802,89,90,-1,1
51803,140,141,-1,1
51804,140,129,11,11
51805,112,118,-6,6
51806,136,112,24,24
51807,76,93,-17,17
51808,64,66,-2,2
51809,64,82,-18,18
51810,83,93,-10,10
51811,72,69,3,3
51812,145,154,-9,9
51813,113,103,10,10
51814,114,101,13,13
51815,154,148,6,6
51816,67,71,-4,4
51817,197,171,26,26
51818,61,57,4,4
51819,99,95,4,4
51820,91,97,-6,6
51821,181,163,18,18
51822,45,45,0,0
51823,55,66,-11,11
51824,183,199,-16,16
51825,106,103,3,3
51826,57,71,-14,14
51827,133,122,11,11
51828,36,54,-18,18
51829,98,106,-8,8
51830,54,59,-5,5
51831,140,130,10,10
51832,114,107,7,7
51833,99,97,2,2
51834,69,64,5,5
51835,144,124,20,20
51836,112,112,0,0
51837,101,95,6,6
51838,88,77,11,11
51839,88,91,-3,3
51840,94,91,3,3
51841,67,59,8,8
51842,46,38,8,8
51843,72,68,4,4
51844,80,82,-2,2
51845,75,78,-3,3
51846,94,82,12,12
51847,117,115,2,2
51848,67,67,0,0
51849,71,80,-9,9
51850,67,80,-13,13
51851,68,61,7,7
51852,91,93,-2,2
51853,71,69,2,2
51854,114,122,-8,8
51855,93,113,-20,20
51856,73,76,-3,3
51857,164,159,5,5
51858,132,137,-5,5
51859,66,64,2,2
51860,153,156,-3,3
51861,108,108,0,0
51862,110,104,6,6
51863,156,137,19,19
51864,162,136,26,26
51865,150,127,23,23
51866,125,113,12,12
51867,61,63,-2,2
51868,95,94,1,1
51869,152,133,19,19
51870,125,118,7,7
51871,119,104,15,15
51872,166,165,1,1
51873,120,109,11,11
51874,58,58,0,0
51875,45,65,-20,20
51876,117,127,-10,10
51877,65,65,0,0
51878,105,100,5,5
51879,70,80,-10,10
51880,78,82,-4,4
51881,91,92,-1,1
51882,78,76,2,2
51883,116,146,-30,30
51884,132,117,15,15
51885,143,134,9,9
51886,117,138,-21,21
51887,147,142,5,5
51888,63,74,-11,11
51889,80,92,-12,12
51890,98,92,6,6
51891,51,57,-6,6
51892,51,46,5,5
51893,73,65,8,8
51894,95,88,7,7
51895,100,98,2,2
51896,74,75,-1,1
51897,110,101,9,9
51898,78,81,-3,3
51899,54,63,-9,9
51900,115,112,3,3
51901,139,143,-4,4
51902,73,78,-5,5
51903,67,65,2,2
51904,76,82,-6,6
51905,108,106,2,2
51906,104,104,0,0
51907,130,123,7,7
51908,116,113,3,3
51909,57,60,-3,3
51910,102,108,-6,6
51911,108,104,4,4
51912,95,84,11,11
51913,40,48,-8,8
51914,76,85,-9,9
51915,71,69,2,2
51916,137,131,6,6
51917,118,109,9,9
51918,129,131,-2,2
51919,67,64,3,3
51920,72,82,-10,10
51921,111,126,-15,15
51922,95,96,-1,1
51923,130,138,-8,8
51924,116,125,-9,9
51925,68,63,5,5
51926,103,101,2,2
51927,95,101,-6,6
51928,117,120,-3,3
51929,62,52,10,10
51930,75,89,-14,14
51931,56,69,-13,13
51932,120,111,9,9
51933,113,117,-4,4
51934,85,77,8,8
51935,71,81,-10,10
51936,130,133,-3,3
51937,87,92,-5,5
51938,156,143,13,13
51939,89,85,4,4
51940,61,56,5,5
51941,115,106,9,9
51942,144,140,4,4
51943,73,78,-5,5
51944,94,98,-4,4
51945,102,91,11,11
51946,125,129,-4,4
51947,71,70,1,1
51948,140,121,19,19
51949,143,143,0,0
51950,77,84,-7,7
51951,86,75,11,11
51952,70,58,12,12
51953,101,102,-1,1
51954,82,74,8,8
51955,93,96,-3,3
51956,55,58,-3,3
51957,138,127,11,11
51958,88,83,5,5
51959,81,89,-8,8
51960,176,153,23,23
51961,90,85,5,5
51962,52,57,-5,5
51963,97,90,7,7
51964,45,54,-9,9
51965,114,121,-7,7
51966,155,137,18,18
51967,151,159,-8,8
51968,60,62,-2,2
51969,82,88,-6,6
51970,96,94,2,2
51971,126,117,9,9
51972,90,97,-7,7
51973,83,73,10,10
51974,72,86,-14,14
51975,139,131,8,8
51976,137,142,-5,5
51977,119,115,4,4
51978,115,98,17,17
51979,76,73,3,3
51980,80,97,-17,17
51981,101,91,10,10
51982,92,93,-1,1
51983,65,75,-10,10
51984,89,102,-13,13
51985,72,62,10,10
51986,45,57,-12,12
51987,69,74,-5,5
51988,81,78,3,3
51989,95,101,-6,6
51990,76,75,1,1
51991,49,48,1,1
51992,97,94,3,3
51993,90,72,18,18
51994,130,128,2,2
51995,74,80,-6,6
51996,46,70,-24,24
51997,74,84,-10,10
51998,108,106,2,2
51999,115,121,-6,6
52000,37,45,-8,8
52001,79,84,-5,5
52002,75,85,-10,10
52003,174,156,18,18
52004,107,98,9,9
52005,53,62,-9,9
52006,83,89,-6,6
52007,60,58,2,2
52008,98,98,0,0
52009,57,54,3,3
52010,54,53,1,1
52011,83,86,-3,3
52012,182,221,-39,39
52013,107,118,-11,11
52014,89,102,-13,13
52015,105,102,3,3
52016,109,110,-1,1
52017,141,119,22,22
52018,121,116,5,5
52019,91,104,-13,13
52020,117,104,13,13
52021,58,37,21,21
52022,80,76,4,4
52023,88,93,-5,5
52024,80,88,-8,8
52025,146,155,-9,9
52026,105,102,3,3
52027,128,138,-10,10
52028,79,74,5,5
52029,123,125,-2,2
52030,85,79,6,6
52031,77,73,4,4
52032,70,68,2,2
52033,100,94,6,6
52034,71,65,6,6
52035,123,112,11,11
52036,85,95,-10,10
52037,113,101,12,12
52038,98,98,0,0
52039,67,89,-22,22
52040,130,142,-12,12
52041,176,141,35,35
52042,117,107,10,10
52043,130,127,3,3
52044,114,109,5,5
52045,108,112,-4,4
52046,111,112,-1,1
52047,91,101,-10,10
52048,153,131,22,22
52049,83,98,-15,15
52050,91,92,-1,1
52051,103,101,2,2
52052,123,114,9,9
52053,57,60,-3,3
52054,115,109,6,6
52055,86,90,-4,4
52056,147,129,18,18
52057,116,129,-13,13
52058,87,83,4,4
52059,81,67,14,14
52060,58,48,10,10
52061,97,87,10,10
52062,138,137,1,1
52063,74,76,-2,2
52064,60,81,-21,21
52065,94,99,-5,5
52066,150,146,4,4
52067,143,127,16,16
52068,72,78,-6,6
52069,80,83,-3,3
52070,94,94,0,0
52071,85,82,3,3
52072,108,93,15,15
52073,106,96,10,10
52074,86,95,-9,9
52075,160,160,0,0
52076,84,77,7,7
52077,78,78,0,0
52078,89,94,-5,5
52079,76,92,-16,16
52080,57,48,9,9
52081,93,100,-7,7
52082,92,91,1,1
52083,79,99,-20,20
52084,105,111,-6,6
52085,146,152,-6,6
52086,79,87,-8,8
52087,96,104,-8,8
52088,97,89,8,8
52089,74,69,5,5
52090,79,81,-2,2
52091,90,90,0,0
52092,133,131,2,2
52093,81,87,-6,6
52094,140,124,16,16
52095,20,47,-27,27
52096,42,86,-44,44
52097,178,153,25,25
52098,57,68,-11,11
52099,91,100,-9,9
52100,125,154,-29,29
52101,77,74,3,3
52102,73,72,1,1
52103,96,100,-4,4
52104,63,61,2,2
52105,75,71,4,4
52106,117,116,1,1
52107,135,131,4,4
52108,105,107,-2,2
52109,141,124,17,17
52110,123,108,15,15
52111,71,82,-11,11
52112,108,98,10,10
52113,104,103,1,1
52114,108,82,26,26
52115,93,87,6,6
52116,102,88,14,14
52117,99,95,4,4
52118,95,99,-4,4
52119,53,49,4,4
52120,117,112,5,5
52121,79,91,-12,12
52122,55,64,-9,9
52123,163,151,12,12
52124,53,53,0,0
52125,80,79,1,1
52126,124,112,12,12
52127,75,77,-2,2
52128,133,140,-7,7
52129,83,80,3,3
52130,54,62,-8,8
52131,52,53,-1,1
52132,67,68,-1,1
52133,75,83,-8,8
52134,106,95,11,11
52135,140,132,8,8
52136,124,131,-7,7
52137,65,65,0,0
52138,94,111,-17,17
52139,108,102,6,6
52140,132,116,16,16
52141,123,121,2,2
52142,73,94,-21,21
52143,246,226,20,20
52144,91,85,6,6
52145,48,53,-5,5
52146,109,95,14,14
52147,120,107,13,13
52148,71,60,11,11
52149,44,55,-11,11
52150,83,86,-3,3
52151,77,82,-5,5
52152,108,107,1,1
52153,76,81,-5,5
52154,116,93,23,23
52155,98,112,-14,14
52156,114,107,7,7
52157,142,136,6,6
52158,92,119,-27,27
52159,82,72,10,10
52160,86,90,-4,4
52161,65,65,0,0
52162,91,85,6,6
52163,158,158,0,0
52164,79,73,6,6
52165,89,90,-1,1
52166,54,50,4,4
52167,144,114,30,30
52168,167,174,-7,7
52169,94,105,-11,11
52170,75,74,1,1
52171,110,109,1,1
52172,113,110,3,3
52173,63,66,-3,3
52174,138,135,3,3
52175,101,88,13,13
52176,99,118,-19,19
52177,98,106,-8,8
52178,138,140,-2,2
52179,116,109,7,7
52180,53,71,-18,18
52181,97,101,-4,4
52182,79,60,19,19
52183,94,106,-12,12
52184,72,77,-5,5
52185,104,107,-3,3
52186,113,103,10,10
52187,105,119,-14,14
52188,84,91,-7,7
52189,66,58,8,8
52190,75,73,2,2
52191,106,109,-3,3
52192,100,89,11,11
52193,75,82,-7,7
52194,45,45,0,0
52195,126,137,-11,11
52196,102,89,13,13
52197,108,105,3,3
52198,99,90,9,9
52199,146,155,-9,9
52200,107,108,-1,1
52201,105,110,-5,5
52202,58,60,-2,2
52203,114,126,-12,12
52204,151,129,22,22
52205,72,67,5,5
52206,79,68,11,11
52207,131,110,21,21
52208,91,84,7,7
52209,52,66,-14,14
52210,81,69,12,12
52211,85,71,14,14
52212,96,96,0,0
52213,42,53,-11,11
52214,73,73,0,0
52215,100,102,-2,2
52216,104,96,8,8
52217,85,99,-14,14
52218,67,70,-3,3
52219,71,80,-9,9
52220,100,92,8,8
52221,134,119,15,15
52222,104,109,-5,5
52223,90,75,15,15
52224,96,129,-33,33
52225,61,89,-28,28
52226,65,76,-11,11
52227,139,136,3,3
52228,46,51,-5,5
52229,70,85,-15,15
52230,142,132,10,10
52231,90,94,-4,4
52232,112,101,11,11
52233,113,97,16,16
52234,59,66,-7,7
52235,111,100,11,11
52236,84,79,5,5
52237,74,77,-3,3
52238,78,78,0,0
52239,145,136,9,9
52240,100,126,-26,26
52241,103,102,1,1
52242,55,59,-4,4
52243,93,99,-6,6
52244,78,77,1,1
52245,80,74,6,6
52246,104,92,12,12
52247,66,68,-2,2
52248,68,61,7,7
52249,60,56,4,4
52250,103,117,-14,14
52251,69,68,1,1
52252,92,92,0,0
52253,48,54,-6,6
52254,54,72,-18,18
52255,54,50,4,4
52256,58,62,-4,4
52257,160,160,0,0
52258,83,77,6,6
52259,90,82,8,8
52260,71,114,-43,43
52261,168,168,0,0
52262,137,141,-4,4
52263,139,149,-10,10
52264,74,71,3,3
52265,75,77,-2,2
52266,65,63,2,2
52267,93,76,17,17
52268,94,86,8,8
52269,65,71,-6,6
52270,110,117,-7,7
52271,29,39,-10,10
52272,91,95,-4,4
52273,78,79,-1,1
52274,77,81,-4,4
52275,93,87,6,6
52276,158,138,20,20
52277,206,207,-1,1
52278,98,101,-3,3
52279,131,128,3,3
52280,115,115,0,0
52281,129,114,15,15
52282,97,88,9,9
52283,97,98,-1,1
52284,78,90,-12,12
52285,81,94,-13,13
52286,107,115,-8,8
52287,80,93,-13,13
52288,67,72,-5,5
52289,66,83,-17,17
52290,56,59,-3,3
52291,72,71,1,1
52292,50,68,-18,18
52293,70,114,-44,44
52294,128,118,10,10
52295,138,151,-13,13
52296,38,41,-3,3
52297,113,105,8,8
52298,168,152,16,16
52299,115,98,17,17
52300,88,81,7,7
52301,80,73,7,7
52302,124,119,5,5
52303,190,182,8,8
52304,92,99,-7,7
52305,83,82,1,1
52306,78,88,-10,10
52307,64,58,6,6
52308,121,124,-3,3
52309,74,75,-1,1
52310,59,56,3,3
52311,200,178,22,22
52312,157,148,9,9
52313,86,96,-10,10
52314,126,107,19,19
52315,75,88,-13,13
52316,95,96,-1,1
52317,118,111,7,7
52318,174,165,9,9
52319,148,136,12,12
52320,70,81,-11,11
52321,99,102,-3,3
52322,73,75,-2,2
52323,178,151,27,27
52324,127,133,-6,6
52325,137,131,6,6
52326,35,58,-23,23
52327,58,59,-1,1
52328,104,98,6,6
52329,85,82,3,3
52330,91,85,6,6
52331,40,55,-15,15
52332,83,85,-2,2
52333,100,98,2,2
52334,73,81,-8,8
52335,51,51,0,0
52336,263,219,44,44
52337,87,92,-5,5
52338,85,87,-2,2
52339,85,88,-3,3
52340,89,93,-4,4
52341,176,163,13,13
52342,103,105,-2,2
52343,128,119,9,9
52344,166,160,6,6
52345,92,109,-17,17
52346,100,94,6,6
52347,98,86,12,12
52348,57,82,-25,25
52349,127,110,17,17
52350,86,92,-6,6
52351,144,146,-2,2
52352,60,87,-27,27
52353,113,100,13,13
52354,113,119,-6,6
52355,103,95,8,8
52356,90,94,-4,4
52357,56,50,6,6
52358,47,47,0,0
52359,105,105,0,0
52360,61,62,-1,1
52361,128,144,-16,16
52362,55,81,-26,26
52363,67,67,0,0
52364,65,71,-6,6
52365,116,105,11,11
52366,76,83,-7,7
52367,41,46,-5,5
52368,83,85,-2,2
52369,82,103,-21,21
52370,50,57,-7,7
52371,81,88,-7,7
52372,57,50,7,7
52373,83,87,-4,4
52374,87,99,-12,12
52375,56,20,36,36
52376,68,63,5,5
52377,71,63,8,8
52378,77,74,3,3
52379,67,64,3,3
52380,120,109,11,11
52381,74,88,-14,14
52382,121,117,4,4
52383,73,79,-6,6
52384,53,62,-9,9
52385,68,64,4,4
52386,95,92,3,3
52387,103,98,5,5
52388,46,63,-17,17
52389,73,64,9,9
52390,148,129,19,19
52391,145,145,0,0
52392,105,97,8,8
52393,71,76,-5,5
52394,43,53,-10,10
52395,106,113,-7,7
52396,114,111,3,3
52397,80,76,4,4
52398,64,78,-14,14
52399,125,117,8,8
52400,84,96,-12,12
52401,86,95,-9,9
52402,101,90,11,11
52403,95,95,0,0
52404,90,90,0,0
52405,93,91,2,2
52406,62,61,1,1
52407,146,139,7,7
52408,87,89,-2,2
52409,85,73,12,12
52410,134,109,25,25
52411,82,74,8,8
52412,46,34,12,12
52413,73,61,12,12
52414,23,61,-38,38
52415,167,134,33,33
52416,116,100,16,16
52417,112,115,-3,3
52418,227,197,30,30
52419,108,121,-13,13
52420,93,88,5,5
52421,76,75,1,1
52422,75,76,-1,1
52423,74,90,-16,16
52424,85,81,4,4
52425,68,63,5,5
52426,93,77,16,16
52427,143,116,27,27
52428,132,125,7,7
52429,68,71,-3,3
52430,49,38,11,11
52431,116,98,18,18
52432,87,84,3,3
52433,114,97,17,17
52434,133,128,5,5
52435,81,90,-9,9
52436,105,101,4,4
52437,88,95,-7,7
52438,158,157,1,1
52439,82,67,15,15
52440,91,95,-4,4
52441,158,129,29,29
52442,77,83,-6,6
52443,61,84,-23,23
52444,57,61,-4,4
52445,76,86,-10,10
52446,80,94,-14,14
52447,90,97,-7,7
52448,75,60,15,15
52449,105,99,6,6
52450,99,98,1,1
52451,134,138,-4,4
52452,70,75,-5,5
52453,139,153,-14,14
52454,67,73,-6,6
52455,186,170,16,16
52456,101,98,3,3
52457,142,132,10,10
52458,66,74,-8,8
52459,88,82,6,6
52460,79,83,-4,4
52461,80,87,-7,7
52462,103,107,-4,4
52463,133,139,-6,6
52464,21,68,-47,47
52465,98,75,23,23
52466,67,39,28,28
52467,117,159,-42,42
52468,71,72,-1,1
52469,45,43,2,2
52470,90,86,4,4
52471,122,107,15,15
52472,133,122,11,11
52473,70,66,4,4
52474,99,103,-4,4
52475,161,149,12,12
52476,123,117,6,6
52477,116,105,11,11
52478,148,129,19,19
52479,55,47,8,8
52480,107,105,2,2
52481,69,69,0,0
52482,103,113,-10,10
52483,50,60,-10,10
52484,76,78,-2,2
52485,98,101,-3,3
52486,63,78,-15,15
52487,69,66,3,3
52488,115,105,10,10
52489,64,57,7,7
52490,80,85,-5,5
52491,93,95,-2,2
52492,93,93,0,0
52493,107,110,-3,3
52494,91,86,5,5
52495,73,90,-17,17
52496,163,142,21,21
52497,82,73,9,9
52498,133,128,5,5
52499,70,74,-4,4
52500,74,79,-5,5
52501,72,68,4,4
52502,51,56,-5,5
52503,192,163,29,29
52504,59,61,-2,2
52505,69,75,-6,6
52506,47,52,-5,5
52507,146,158,-12,12
52508,149,137,12,12
52509,96,110,-14,14
52510,73,69,4,4
52511,143,125,18,18
52512,101,100,1,1
52513,96,99,-3,3
52514,108,120,-12,12
52515,77,81,-4,4
52516,45,60,-15,15
52517,89,94,-5,5
52518,160,149,11,11
52519,97,103,-6,6
52520,82,90,-8,8
52521,80,75,5,5
52522,70,67,3,3
52523,123,107,16,16
52524,109,97,12,12
52525,162,157,5,5
52526,129,121,8,8
52527,80,69,11,11
52528,49,53,-4,4
52529,129,117,12,12
52530,79,73,6,6
52531,89,97,-8,8
52532,92,102,-10,10
52533,87,84,3,3
52534,104,96,8,8
52535,106,98,8,8
52536,169,170,-1,1
52537,96,98,-2,2
52538,66,70,-4,4
52539,140,125,15,15
52540,128,110,18,18
52541,82,71,11,11
52542,128,111,17,17
52543,109,113,-4,4
52544,59,66,-7,7
52545,61,68,-7,7
52546,109,93,16,16
52547,72,73,-1,1
52548,57,54,3,3
52549,94,100,-6,6
52550,86,81,5,5
52551,57,58,-1,1
52552,142,157,-15,15
52553,79,82,-3,3
52554,150,146,4,4
52555,122,145,-23,23
52556,106,102,4,4
52557,41,45,-4,4
52558,218,179,39,39
52559,106,98,8,8
52560,80,80,0,0
52561,87,94,-7,7
52562,121,121,0,0
52563,68,65,3,3
52564,79,78,1,1
52565,63,63,0,0
52566,57,64,-7,7
52567,132,130,2,2
52568,86,94,-8,8
52569,92,87,5,5
52570,187,180,7,7
52571,97,95,2,2
52572,135,108,27,27
52573,126,115,11,11
52574,79,87,-8,8
52575,69,75,-6,6
52576,142,130,12,12
52577,97,91,6,6
52578,104,117,-13,13
52579,112,102,10,10
52580,168,165,3,3
52581,145,116,29,29
52582,137,123,14,14
52583,142,133,9,9
52584,81,82,-1,1
52585,97,94,3,3
52586,90,71,19,19
52587,121,136,-15,15
52588,71,86,-15,15
52589,61,68,-7,7
52590,95,112,-17,17
52591,95,104,-9,9
52592,53,53,0,0
52593,126,124,2,2
52594,72,88,-16,16
52595,86,76,10,10
52596,141,136,5,5
52597,96,103,-7,7
52598,98,107,-9,9
52599,123,116,7,7
52600,46,64,-18,18
52601,95,90,5,5
52602,127,114,13,13
52603,153,150,3,3
52604,115,118,-3,3
52605,104,94,10,10
52606,53,66,-13,13
52607,95,94,1,1
52608,88,79,9,9
52609,133,119,14,14
52610,88,84,4,4
52611,25,52,-27,27
52612,142,129,13,13
52613,98,109,-11,11
52614,93,95,-2,2
52615,99,96,3,3
52616,152,131,21,21
52617,124,130,-6,6
52618,112,117,-5,5
52619,134,125,9,9
52620,104,122,-18,18
52621,86,75,11,11
52622,117,116,1,1
52623,77,79,-2,2
52624,88,87,1,1
52625,72,81,-9,9
52626,87,107,-20,20
52627,80,73,7,7
52628,103,105,-2,2
52629,136,128,8,8
52630,105,114,-9,9
52631,96,100,-4,4
52632,90,86,4,4
52633,53,59,-6,6
52634,77,77,0,0
52635,60,56,4,4
52636,115,114,1,1
52637,93,87,6,6
52638,91,77,14,14
52639,162,173,-11,11
52640,115,109,6,6
52641,148,152,-4,4
52642,68,66,2,2
52643,79,73,6,6
52644,53,68,-15,15
52645,60,59,1,1
52646,63,75,-12,12
52647,102,99,3,3
52648,111,94,17,17
52649,116,113,3,3
52650,50,55,-5,5
52651,113,106,7,7
52652,46,65,-19,19
52653,62,75,-13,13
52654,112,116,-4,4
52655,58,78,-20,20
52656,85,94,-9,9
52657,111,97,14,14
52658,105,108,-3,3
52659,113,130,-17,17
52660,174,166,8,8
52661,125,109,16,16
52662,109,111,-2,2
52663,67,70,-3,3
52664,76,65,11,11
52665,193,241,-48,48
52666,128,131,-3,3
52667,88,77,11,11
52668,70,75,-5,5
52669,63,66,-3,3
52670,148,119,29,29
52671,89,105,-16,16
52672,152,147,5,5
52673,62,67,-5,5
52674,141,112,29,29
52675,48,48,0,0
52676,185,167,18,18
52677,89,80,9,9
52678,87,90,-3,3
52679,50,43,7,7
52680,79,84,-5,5
52681,124,138,-14,14
52682,109,104,5,5
52683,54,55,-1,1
52684,90,88,2,2
52685,85,83,2,2
52686,35,100,-65,65
52687,86,81,5,5
52688,47,45,2,2
52689,103,91,12,12
52690,105,103,2,2
52691,47,50,-3,3
52692,44,53,-9,9
52693,137,128,9,9
52694,69,90,-21,21
52695,47,45,2,2
52696,63,69,-6,6
52697,118,118,0,0
52698,83,91,-8,8
52699,80,90,-10,10
52700,119,108,11,11
52701,107,106,1,1
52702,100,108,-8,8
52703,96,95,1,1
52704,90,115,-25,25
52705,136,133,3,3
52706,142,151,-9,9
52707,82,89,-7,7
52708,64,56,8,8
52709,89,88,1,1
52710,49,54,-5,5
52711,138,128,10,10
52712,74,70,4,4
52713,55,66,-11,11
52714,147,121,26,26
52715,87,96,-9,9
52716,67,86,-19,19
52717,90,82,8,8
52718,72,81,-9,9
52719,110,96,14,14
52720,166,163,3,3
52721,128,107,21,21
52722,70,86,-16,16
52723,95,97,-2,2
52724,58,53,5,5
52725,95,98,-3,3
52726,78,79,-1,1
52727,99,115,-16,16
52728,79,82,-3,3
52729,96,82,14,14
52730,87,85,2,2
52731,57,71,-14,14
52732,67,67,0,0
52733,84,84,0,0
52734,73,73,0,0
52735,77,54,23,23
52736,65,62,3,3
52737,34,47,-13,13
52738,103,110,-7,7
52739,117,120,-3,3
52740,73,74,-1,1
52741,121,116,5,5
52742,67,70,-3,3
52743,118,100,18,18
52744,145,149,-4,4
52745,83,76,7,7
52746,105,108,-3,3
52747,81,62,19,19
52748,92,90,2,2
52749,44,56,-12,12
52750,104,107,-3,3
52751,45,45,0,0
52752,96,95,1,1
52753,115,109,6,6
52754,91,106,-15,15
52755,64,73,-9,9
52756,63,61,2,2
52757,83,79,4,4
52758,126,130,-4,4
52759,57,72,-15,15
52760,209,178,31,31
52761,153,146,7,7
52762,57,56,1,1
52763,70,75,-5,5
52764,118,114,4,4
52765,110,103,7,7
52766,63,60,3,3
52767,117,105,12,12
52768,151,133,18,18
52769,135,142,-7,7
52770,75,69,6,6
52771,121,116,5,5
52772,142,154,-12,12
52773,107,104,3,3
52774,87,92,-5,5
52775,83,81,2,2
52776,54,51,3,3
52777,120,116,4,4
52778,75,82,-7,7
52779,116,107,9,9
52780,80,78,2,2
52781,132,139,-7,7
52782,61,66,-5,5
52783,70,68,2,2
52784,57,40,17,17
52785,137,135,2,2
52786,112,90,22,22
52787,77,86,-9,9
52788,78,86,-8,8
52789,94,105,-11,11
52790,85,83,2,2
52791,61,59,2,2
52792,80,75,5,5
52793,116,114,2,2
52794,64,85,-21,21
52795,69,70,-1,1
52796,124,113,11,11
52797,78,61,17,17
52798,109,104,5,5
52799,90,85,5,5
52800,148,144,4,4
52801,64,73,-9,9
52802,59,76,-17,17
52803,42,39,3,3
52804,132,135,-3,3
52805,132,131,1,1
52806,68,60,8,8
52807,173,174,-1,1
52808,73,56,17,17
52809,88,94,-6,6
52810,95,90,5,5
52811,56,42,14,14
52812,83,74,9,9
52813,131,152,-21,21
52814,65,70,-5,5
52815,77,72,5,5
52816,110,118,-8,8
52817,80,117,-37,37
52818,76,67,9,9
52819,73,74,-1,1
52820,66,66,0,0
52821,149,127,22,22
52822,55,64,-9,9
52823,60,54,6,6
52824,151,132,19,19
52825,112,121,-9,9
52826,67,67,0,0
52827,67,76,-9,9
52828,77,80,-3,3
52829,114,114,0,0
52830,123,129,-6,6
52831,83,78,5,5
52832,42,54,-12,12
52833,104,113,-9,9
52834,90,95,-5,5
52835,107,117,-10,10
52836,153,143,10,10
52837,68,70,-2,2
52838,41,53,-12,12
52839,82,78,4,4
52840,55,55,0,0
52841,114,102,12,12
52842,92,88,4,4
52843,90,87,3,3
52844,70,64,6,6
52845,75,73,2,2
52846,112,99,13,13
52847,76,92,-16,16
52848,107,73,34,34
52849,96,96,0,0
52850,107,112,-5,5
52851,46,58,-12,12
52852,103,109,-6,6
52853,122,119,3,3
52854,117,106,11,11
52855,69,95,-26,26
52856,100,110,-10,10
52857,70,61,9,9
52858,96,97,-1,1
52859,89,99,-10,10
52860,112,116,-4,4
52861,93,102,-9,9
52862,104,101,3,3
52863,79,71,8,8
52864,150,153,-3,3
52865,145,154,-9,9
52866,135,138,-3,3
52867,61,56,5,5
52868,75,81,-6,6
52869,63,55,8,8
52870,77,83,-6,6
52871,115,126,-11,11
52872,94,87,7,7
52873,60,58,2,2
52874,99,99,0,0
52875,162,162,0,0
52876,89,99,-10,10
52877,84,88,-4,4
52878,90,98,-8,8
52879,132,120,12,12
52880,106,93,13,13
52881,50,43,7,7
52882,66,49,17,17
52883,153,148,5,5
52884,55,73,-18,18
52885,92,81,11,11
52886,113,108,5,5
52887,54,50,4,4
52888,132,113,19,19
52889,116,106,10,10
52890,88,218,-130,130
52891,127,125,2,2
52892,80,90,-10,10
52893,125,108,17,17
52894,108,97,11,11
52895,104,100,4,4
52896,62,67,-5,5
52897,76,88,-12,12
52898,77,84,-7,7
52899,120,106,14,14
52900,71,71,0,0
52901,54,74,-20,20
52902,115,121,-6,6
52903,138,143,-5,5
52904,95,95,0,0
52905,31,40,-9,9
52906,46,37,9,9
52907,147,115,32,32
52908,129,137,-8,8
52909,82,64,18,18
52910,81,93,-12,12
52911,62,56,6,6
52912,140,134,6,6
52913,101,97,4,4
52914,120,106,14,14
52915,48,46,2,2
52916,132,125,7,7
52917,164,141,23,23
52918,48,62,-14,14
52919,81,89,-8,8
52920,74,78,-4,4
52921,79,96,-17,17
52922,97,106,-9,9
52923,81,87,-6,6
52924,47,47,0,0
52925,97,114,-17,17
52926,59,64,-5,5
52927,68,62,6,6
52928,67,68,-1,1
52929,66,72,-6,6
52930,143,129,14,14
52931,88,91,-3,3
52932,96,94,2,2
52933,169,132,37,37
52934,106,96,10,10
52935,106,113,-7,7
52936,78,79,-1,1
52937,107,112,-5,5
52938,132,141,-9,9
52939,88,78,10,10
52940,68,82,-14,14
52941,104,99,5,5
52942,79,93,-14,14
52943,96,85,11,11
52944,159,154,5,5
52945,133,123,10,10
52946,81,81,0,0
52947,67,69,-2,2
52948,86,96,-10,10
52949,75,75,0,0
52950,106,115,-9,9
52951,55,60,-5,5
52952,167,131,36,36
52953,33,44,-11,11
52954,114,112,2,2
52955,153,121,32,32
52956,76,78,-2,2
52957,74,76,-2,2
52958,152,148,4,4
52959,176,153,23,23
52960,86,80,6,6
52961,191,201,-10,10
52962,116,123,-7,7
52963,87,86,1,1
52964,133,114,19,19
52965,131,141,-10,10
52966,96,94,2,2
52967,113,110,3,3
52968,52,79,-27,27
52969,68,76,-8,8
52970,110,109,1,1
52971,58,52,6,6
52972,104,123,-19,19
52973,93,102,-9,9
52974,118,117,1,1
52975,92,89,3,3
52976,77,74,3,3
52977,43,55,-12,12
52978,19,46,-27,27
52979,156,123,33,33
52980,145,149,-4,4
52981,85,94,-9,9
52982,85,84,1,1
52983,121,108,13,13
52984,76,81,-5,5
52985,137,153,-16,16
52986,76,73,3,3
52987,91,86,5,5
52988,93,96,-3,3
52989,133,122,11,11
52990,128,125,3,3
52991,106,106,0,0
52992,77,83,-6,6
52993,104,101,3,3
52994,82,80,2,2
52995,77,71,6,6
52996,91,109,-18,18
52997,73,105,-32,32
52998,144,144,0,0
52999,103,90,13,13
53000,97,106,-9,9
53001,238,210,28,28
53002,87,76,11,11
53003,135,124,11,11
53004,63,76,-13,13
53005,95,98,-3,3
53006,42,41,1,1
53007,69,74,-5,5
53008,98,85,13,13
53009,147,126,21,21
53010,108,110,-2,2
53011,52,57,-5,5
53012,69,65,4,4
53013,92,57,35,35
53014,129,135,-6,6
53015,83,103,-20,20
53016,108,107,1,1
53017,126,126,0,0
53018,84,84,0,0
53019,86,80,6,6
53020,82,95,-13,13
53021,88,86,2,2
53022,101,94,7,7
53023,130,120,10,10
53024,83,83,0,0
53025,118,120,-2,2
53026,106,105,1,1
53027,108,118,-10,10
53028,85,61,24,24
53029,133,119,14,14
53030,77,79,-2,2
53031,110,110,0,0
53032,71,78,-7,7
53033,72,82,-10,10
53034,44,43,1,1
53035,69,91,-22,22
53036,106,93,13,13
53037,103,96,7,7
53038,82,74,8,8
53039,119,140,-21,21
53040,94,100,-6,6
53041,67,66,1,1
53042,81,74,7,7
53043,102,100,2,2
53044,68,54,14,14
53045,154,122,32,32
53046,80,71,9,9
53047,120,108,12,12
53048,59,73,-14,14
53049,149,152,-3,3
53050,66,82,-16,16
53051,80,64,16,16
53052,61,55,6,6
53053,40,53,-13,13
53054,80,78,2,2
53055,54,57,-3,3
53056,90,102,-12,12
53057,107,94,13,13
53058,62,71,-9,9
53059,157,155,2,2
53060,113,117,-4,4
53061,107,113,-6,6
53062,87,72,15,15
53063,90,93,-3,3
53064,155,162,-7,7
53065,37,47,-10,10
53066,66,69,-3,3
53067,92,101,-9,9
53068,74,81,-7,7
53069,38,56,-18,18
53070,83,72,11,11
53071,90,101,-11,11
53072,262,236,26,26
53073,83,79,4,4
53074,65,65,0,0
53075,84,82,2,2
53076,50,56,-6,6
53077,95,105,-10,10
53078,80,84,-4,4
53079,135,118,17,17
53080,75,68,7,7
53081,79,85,-6,6
53082,179,169,10,10
53083,119,115,4,4
53084,89,71,18,18
53085,58,58,0,0
53086,98,108,-10,10
53087,58,57,1,1
53088,62,65,-3,3
53089,65,63,2,2
53090,90,83,7,7
53091,134,126,8,8
53092,61,63,-2,2
53093,142,149,-7,7
53094,71,76,-5,5
53095,147,131,16,16
53096,122,118,4,4
53097,151,126,25,25
53098,105,103,2,2
53099,56,58,-2,2
53100,124,123,1,1
53101,140,137,3,3
53102,107,98,9,9
53103,103,101,2,2
53104,98,102,-4,4
53105,63,50,13,13
53106,51,59,-8,8
53107,81,87,-6,6
53108,65,77,-12,12
53109,150,128,22,22
53110,134,126,8,8
53111,46,61,-15,15
53112,120,98,22,22
53113,80,98,-18,18
53114,93,84,9,9
53115,176,142,34,34
53116,115,122,-7,7
53117,128,118,10,10
53118,143,128,15,15
53119,55,52,3,3
53120,85,75,10,10
53121,102,93,9,9
53122,54,61,-7,7
53123,151,126,25,25
53124,83,71,12,12
53125,47,50,-3,3
53126,80,82,-2,2
53127,126,129,-3,3
53128,105,116,-11,11
53129,103,111,-8,8
53130,70,80,-10,10
53131,64,63,1,1
53132,116,114,2,2
53133,124,126,-2,2
53134,89,80,9,9
53135,73,73,0,0
53136,131,126,5,5
53137,120,114,6,6
53138,102,90,12,12
53139,88,74,14,14
53140,82,78,4,4
53141,88,90,-2,2
53142,135,111,24,24
53143,119,111,8,8
53144,67,73,-6,6
53145,55,47,8,8
53146,170,161,9,9
53147,125,162,-37,37
53148,132,109,23,23
53149,146,143,3,3
53150,83,93,-10,10
53151,85,80,5,5
53152,101,100,1,1
53153,84,87,-3,3
53154,135,125,10,10
53155,54,51,3,3
53156,74,76,-2,2
53157,72,66,6,6
53158,112,88,24,24
53159,137,128,9,9
53160,82,67,15,15
53161,121,118,3,3
53162,83,78,5,5
53163,112,113,-1,1
53164,66,64,2,2
53165,90,93,-3,3
53166,111,118,-7,7
53167,70,91,-21,21
53168,98,101,-3,3
53169,101,100,1,1
53170,108,111,-3,3
53171,77,74,3,3
53172,94,100,-6,6
53173,77,83,-6,6
53174,52,68,-16,16
53175,114,108,6,6
53176,79,88,-9,9
53177,43,77,-34,34
53178,110,102,8,8
53179,51,12,39,39
53180,81,84,-3,3
53181,122,113,9,9
53182,128,144,-16,16
53183,92,108,-16,16
53184,111,112,-1,1
53185,106,105,1,1
53186,56,56,0,0
53187,137,115,22,22
53188,75,64,11,11
53189,71,75,-4,4
53190,67,67,0,0
53191,89,87,2,2
53192,96,97,-1,1
53193,106,114,-8,8
53194,71,73,-2,2
53195,128,126,2,2
53196,63,67,-4,4
53197,82,88,-6,6
53198,67,66,1,1
53199,80,77,3,3
53200,124,119,5,5
53201,117,112,5,5
53202,115,142,-27,27
53203,107,104,3,3
53204,65,80,-15,15
53205,119,111,8,8
53206,88,99,-11,11
53207,53,61,-8,8
53208,156,125,31,31
53209,71,69,2,2
53210,89,91,-2,2
53211,88,75,13,13
53212,113,126,-13,13
53213,43,52,-9,9
53214,106,98,8,8
53215,85,80,5,5
53216,108,126,-18,18
53217,70,74,-4,4
53218,163,178,-15,15
53219,102,109,-7,7
53220,74,72,2,2
53221,60,77,-17,17
53222,107,106,1,1
53223,59,79,-20,20
53224,90,59,31,31
53225,134,129,5,5
53226,159,152,7,7
53227,99,92,7,7
53228,75,79,-4,4
53229,62,54,8,8
53230,93,83,10,10
53231,101,99,2,2
53232,61,66,-5,5
53233,88,85,3,3
53234,99,116,-17,17
53235,45,50,-5,5
53236,65,66,-1,1
53237,120,106,14,14
53238,85,93,-8,8
53239,76,75,1,1
53240,111,96,15,15
53241,75,73,2,2
53242,96,91,5,5
53243,134,113,21,21
53244,62,44,18,18
53245,69,76,-7,7
53246,95,93,2,2
53247,93,85,8,8
53248,73,62,11,11
53249,89,85,4,4
53250,59,67,-8,8
53251,73,70,3,3
53252,115,115,0,0
53253,86,86,0,0
53254,141,140,1,1
53255,109,139,-30,30
53256,112,100,12,12
53257,74,73,1,1
53258,57,64,-7,7
53259,61,70,-9,9
53260,104,101,3,3
53261,111,101,10,10
53262,80,78,2,2
53263,107,93,14,14
53264,43,36,7,7
53265,71,82,-11,11
53266,54,51,3,3
53267,74,82,-8,8
53268,77,73,4,4
53269,86,98,-12,12
53270,65,66,-1,1
53271,103,83,20,20
53272,67,69,-2,2
53273,77,66,11,11
53274,53,56,-3,3
53275,128,105,23,23
53276,75,73,2,2
53277,111,117,-6,6
53278,94,87,7,7
53279,93,87,6,6
53280,131,119,12,12
53281,61,90,-29,29
53282,69,48,21,21
53283,70,47,23,23
53284,50,50,0,0
53285,69,72,-3,3
53286,101,91,10,10
53287,86,70,16,16
53288,98,89,9,9
53289,140,118,22,22
53290,88,84,4,4
53291,51,60,-9,9
53292,72,66,6,6
53293,109,120,-11,11
53294,67,80,-13,13
53295,114,120,-6,6
53296,98,95,3,3
53297,98,99,-1,1
53298,107,117,-10,10
53299,133,140,-7,7
53300,161,156,5,5
53301,161,157,4,4
53302,125,118,7,7
53303,90,85,5,5
53304,112,111,1,1
53305,61,74,-13,13
53306,186,184,2,2
53307,102,104,-2,2
53308,273,228,45,45
53309,125,115,10,10
53310,124,127,-3,3
53311,115,109,6,6
53312,86,91,-5,5
53313,67,64,3,3
53314,90,96,-6,6
53315,146,140,6,6
53316,64,62,2,2
53317,78,73,5,5
53318,73,76,-3,3
53319,132,128,4,4
53320,78,91,-13,13
53321,108,112,-4,4
53322,72,77,-5,5
53323,112,113,-1,1
53324,110,116,-6,6
53325,157,147,10,10
53326,87,94,-7,7
53327,63,67,-4,4
53328,47,47,0,0
53329,55,56,-1,1
53330,57,61,-4,4
53331,77,89,-12,12
53332,73,76,-3,3
53333,52,58,-6,6
53334,60,67,-7,7
53335,171,171,0,0
53336,153,139,14,14
53337,128,125,3,3
53338,101,100,1,1
53339,58,58,0,0
53340,67,69,-2,2
53341,58,55,3,3
53342,69,63,6,6
53343,198,160,38,38
53344,85,83,2,2
53345,96,81,15,15
53346,68,93,-25,25
53347,80,76,4,4
53348,56,77,-21,21
53349,67,65,2,2
53350,57,70,-13,13
53351,39,24,15,15
53352,81,83,-2,2
53353,117,111,6,6
53354,104,109,-5,5
53355,105,108,-3,3
53356,83,75,8,8
53357,135,158,-23,23
53358,76,71,5,5
53359,122,111,11,11
53360,78,78,0,0
53361,37,35,2,2
53362,134,115,19,19
53363,71,73,-2,2
53364,119,121,-2,2
53365,23,13,10,10
53366,145,135,10,10
53367,99,104,-5,5
53368,70,89,-19,19
53369,41,51,-10,10
53370,82,87,-5,5
53371,102,89,13,13
53372,64,56,8,8
53373,60,68,-8,8
53374,157,144,13,13
53375,144,125,19,19
53376,107,107,0,0
53377,108,120,-12,12
53378,79,76,3,3
53379,77,83,-6,6
53380,102,106,-4,4
53381,62,66,-4,4
53382,87,92,-5,5
53383,156,143,13,13
53384,59,57,2,2
53385,54,60,-6,6
53386,114,128,-14,14
53387,87,101,-14,14
53388,132,121,11,11
53389,135,136,-1,1
53390,126,110,16,16
53391,105,108,-3,3
53392,95,104,-9,9
53393,101,100,1,1
53394,51,56,-5,5
53395,63,67,-4,4
53396,149,151,-2,2
53397,72,60,12,12
53398,147,130,17,17
53399,67,60,7,7
53400,106,106,0,0
53401,98,101,-3,3
53402,100,82,18,18
53403,93,114,-21,21
53404,69,72,-3,3
53405,116,149,-33,33
53406,88,84,4,4
53407,114,124,-10,10
53408,53,60,-7,7
53409,55,51,4,4
53410,86,91,-5,5
53411,110,102,8,8
53412,82,76,6,6
53413,87,73,14,14
53414,60,71,-11,11
53415,59,57,2,2
53416,72,83,-11,11
53417,99,84,15,15
53418,111,95,16,16
53419,105,102,3,3
53420,110,110,0,0
53421,56,61,-5,5
53422,126,127,-1,1
53423,75,85,-10,10
53424,56,52,4,4
53425,119,151,-32,32
53426,98,105,-7,7
53427,171,172,-1,1
53428,169,136,33,33
53429,126,120,6,6
53430,194,157,37,37
53431,112,98,14,14
53432,73,69,4,4
53433,106,102,4,4
53434,101,92,9,9
53435,119,109,10,10
53436,96,79,17,17
53437,58,57,1,1
53438,89,87,2,2
53439,78,77,1,1
53440,85,89,-4,4
53441,87,88,-1,1
53442,70,84,-14,14
53443,50,57,-7,7
53444,51,48,3,3
53445,91,88,3,3
53446,79,89,-10,10
53447,98,103,-5,5
53448,117,118,-1,1
53449,94,97,-3,3
53450,141,133,8,8
53451,133,135,-2,2
53452,48,47,1,1
53453,121,112,9,9
53454,90,87,3,3
53455,50,79,-29,29
53456,69,74,-5,5
53457,90,104,-14,14
53458,83,95,-12,12
53459,89,96,-7,7
53460,84,99,-15,15
53461,72,35,37,37
53462,65,76,-11,11
53463,93,84,9,9
53464,70,67,3,3
53465,68,73,-5,5
53466,128,131,-3,3
53467,102,92,10,10
53468,111,118,-7,7
53469,54,52,2,2
53470,94,102,-8,8
53471,102,106,-4,4
53472,104,98,6,6
53473,90,88,2,2
53474,96,106,-10,10
53475,119,146,-27,27
53476,80,80,0,0
53477,77,85,-8,8
53478,228,314,-86,86
53479,134,132,2,2
53480,140,137,3,3
53481,47,56,-9,9
53482,113,112,1,1
53483,58,57,1,1
53484,34,33,1,1
53485,46,53,-7,7
53486,68,63,5,5
53487,68,59,9,9
53488,43,54,-11,11
53489,74,89,-15,15
53490,88,89,-1,1
53491,130,141,-11,11
53492,112,99,13,13
53493,91,92,-1,1
53494,70,74,-4,4
53495,137,138,-1,1
53496,67,38,29,29
53497,90,79,11,11
53498,137,122,15,15
53499,83,84,-1,1
53500,105,113,-8,8
53501,78,76,2,2
53502,93,93,0,0
53503,88,78,10,10
53504,65,61,4,4
53505,105,95,10,10
53506,131,137,-6,6
53507,52,63,-11,11
53508,48,44,4,4
53509,127,137,-10,10
53510,70,81,-11,11
53511,62,55,7,7
53512,119,124,-5,5
53513,75,70,5,5
53514,90,84,6,6
53515,60,66,-6,6
53516,133,134,-1,1
53517,86,80,6,6
53518,77,94,-17,17
53519,81,77,4,4
53520,98,108,-10,10
53521,101,101,0,0
53522,70,79,-9,9
53523,86,77,9,9
53524,111,115,-4,4
53525,99,98,1,1
53526,62,59,3,3
53527,111,110,1,1
53528,57,53,4,4
53529,93,95,-2,2
53530,77,76,1,1
53531,122,113,9,9
53532,96,107,-11,11
53533,52,51,1,1
53534,66,56,10,10
53535,102,102,0,0
53536,79,107,-28,28
53537,83,100,-17,17
53538,90,99,-9,9
53539,117,94,23,23
53540,87,94,-7,7
53541,127,118,9,9
53542,50,55,-5,5
53543,62,61,1,1
53544,63,75,-12,12
53545,80,75,5,5
53546,111,132,-21,21
53547,53,31,22,22
53548,105,104,1,1
53549,97,85,12,12
53550,48,56,-8,8
53551,66,66,0,0
53552,113,118,-5,5
53553,142,143,-1,1
53554,42,55,-13,13
53555,55,55,0,0
53556,111,106,5,5
53557,89,88,1,1
53558,76,104,-28,28
53559,126,117,9,9
53560,103,98,5,5
53561,53,52,1,1
53562,90,91,-1,1
53563,66,63,3,3
53564,60,75,-15,15
53565,49,62,-13,13
53566,230,201,29,29
53567,64,41,23,23
53568,104,99,5,5
53569,82,82,0,0
53570,157,168,-11,11
53571,53,51,2,2
53572,93,102,-9,9
53573,76,72,4,4
53574,61,63,-2,2
53575,100,88,12,12
53576,52,64,-12,12
53577,69,71,-2,2
53578,117,117,0,0
53579,124,105,19,19
53580,100,102,-2,2
53581,149,140,9,9
53582,99,104,-5,5
53583,120,116,4,4
53584,79,81,-2,2
53585,177,166,11,11
53586,62,60,2,2
53587,99,95,4,4
53588,157,143,14,14
53589,117,112,5,5
53590,98,88,10,10
53591,68,72,-4,4
53592,85,80,5,5
53593,91,95,-4,4
53594,106,97,9,9
53595,129,123,6,6
53596,134,112,22,22
53597,85,86,-1,1
53598,122,116,6,6
53599,89,86,3,3
53600,46,52,-6,6
53601,91,101,-10,10
53602,136,133,3,3
53603,52,46,6,6
53604,98,106,-8,8
53605,98,100,-2,2
53606,129,129,0,0
53607,49,56,-7,7
53608,75,62,13,13
53609,70,84,-14,14
53610,102,101,1,1
53611,114,109,5,5
53612,31,42,-11,11
53613,120,120,0,0
53614,108,111,-3,3
53615,84,93,-9,9
53616,61,63,-2,2
53617,150,153,-3,3
53618,52,88,-36,36
53619,44,45,-1,1
53620,71,75,-4,4
53621,62,63,-1,1
53622,74,76,-2,2
53623,100,106,-6,6
53624,83,82,1,1
53625,82,93,-11,11
53626,149,129,20,20
53627,113,119,-6,6
53628,99,96,3,3
53629,94,106,-12,12
53630,77,86,-9,9
53631,116,136,-20,20
53632,154,161,-7,7
53633,84,83,1,1
53634,116,106,10,10
53635,169,159,10,10
53636,126,120,6,6
53637,31,30,1,1
53638,84,95,-11,11
53639,81,89,-8,8
53640,109,100,9,9
53641,96,100,-4,4
53642,78,67,11,11
53643,100,96,4,4
53644,101,93,8,8
53645,63,71,-8,8
53646,118,112,6,6
53647,119,110,9,9
53648,70,71,-1,1
53649,82,75,7,7
53650,57,57,0,0
53651,89,85,4,4
53652,124,111,13,13
53653,67,62,5,5
53654,87,78,9,9
53655,115,112,3,3
53656,76,74,2,2
53657,63,62,1,1
53658,105,101,4,4
53659,77,77,0,0
53660,124,123,1,1
53661,84,74,10,10
53662,52,47,5,5
53663,55,75,-20,20
53664,120,127,-7,7
53665,206,168,38,38
53666,67,71,-4,4
53667,93,95,-2,2
53668,67,69,-2,2
53669,71,60,11,11
53670,87,76,11,11
53671,72,67,5,5
53672,108,105,3,3
53673,116,116,0,0
53674,62,53,9,9
53675,61,65,-4,4
53676,57,58,-1,1
53677,100,104,-4,4
53678,78,89,-11,11
53679,93,97,-4,4
53680,102,109,-7,7
53681,187,161,26,26
53682,88,75,13,13
53683,100,101,-1,1
53684,169,144,25,25
53685,160,159,1,1
53686,142,138,4,4
53687,146,146,0,0
53688,81,79,2,2
53689,41,54,-13,13
53690,111,84,27,27
53691,124,115,9,9
53692,114,120,-6,6
53693,133,145,-12,12
53694,88,80,8,8
53695,90,82,8,8
53696,76,75,1,1
53697,83,102,-19,19
53698,130,132,-2,2
53699,48,57,-9,9
53700,85,102,-17,17
53701,77,82,-5,5
53702,130,125,5,5
53703,118,110,8,8
53704,106,96,10,10
53705,67,69,-2,2
53706,111,111,0,0
53707,94,85,9,9
53708,69,61,8,8
53709,76,90,-14,14
53710,96,78,18,18
53711,84,86,-2,2
53712,144,142,2,2
53713,66,80,-14,14
53714,86,83,3,3
53715,56,53,3,3
53716,103,109,-6,6
53717,154,145,9,9
53718,80,85,-5,5
53719,89,82,7,7
53720,63,71,-8,8
53721,90,108,-18,18
53722,102,95,7,7
53723,132,129,3,3
53724,103,102,1,1
53725,138,128,10,10
53726,107,105,2,2
53727,84,85,-1,1
53728,158,138,20,20
53729,143,138,5,5
53730,83,86,-3,3
53731,101,88,13,13
53732,42,62,-20,20
53733,156,165,-9,9
53734,96,100,-4,4
53735,124,128,-4,4
53736,91,86,5,5
53737,139,134,5,5
53738,80,81,-1,1
53739,95,86,9,9
53740,95,90,5,5
53741,83,93,-10,10
53742,88,96,-8,8
53743,120,119,1,1
53744,79,95,-16,16
53745,114,105,9,9
53746,54,57,-3,3
53747,72,73,-1,1
53748,122,113,9,9
53749,125,135,-10,10
53750,100,98,2,2
53751,90,99,-9,9
53752,92,87,5,5
53753,85,77,8,8
53754,115,114,1,1
53755,76,70,6,6
53756,94,98,-4,4
53757,128,119,9,9
53758,49,87,-38,38
53759,134,121,13,13
53760,114,126,-12,12
53761,75,77,-2,2
53762,71,65,6,6
53763,131,125,6,6
53764,110,105,5,5
53765,113,108,5,5
53766,79,91,-12,12
53767,90,65,25,25
53768,112,99,13,13
53769,92,89,3,3
53770,141,138,3,3
53771,46,55,-9,9
53772,103,98,5,5
53773,124,125,-1,1
53774,98,92,6,6
53775,106,94,12,12
53776,95,90,5,5
53777,50,59,-9,9
53778,98,93,5,5
53779,127,115,12,12
53780,147,151,-4,4
53781,136,118,18,18
53782,68,64,4,4
53783,133,146,-13,13
53784,112,112,0,0
53785,73,71,2,2
53786,104,101,3,3
53787,118,112,6,6
53788,84,96,-12,12
53789,66,79,-13,13
53790,74,66,8,8
53791,71,60,11,11
53792,122,116,6,6
53793,88,92,-4,4
53794,90,97,-7,7
53795,44,52,-8,8
53796,68,81,-13,13
53797,72,79,-7,7
53798,141,136,5,5
53799,84,101,-17,17
53800,120,121,-1,1
53801,46,35,11,11
53802,59,55,4,4
53803,136,125,11,11
53804,47,52,-5,5
53805,57,61,-4,4
53806,64,81,-17,17
53807,114,111,3,3
53808,75,66,9,9
53809,72,72,0,0
53810,58,54,4,4
53811,70,73,-3,3
53812,146,142,4,4
53813,83,99,-16,16
53814,116,129,-13,13
53815,143,124,19,19
53816,118,119,-1,1
53817,200,197,3,3
53818,116,110,6,6
53819,124,138,-14,14
53820,142,141,1,1
53821,184,147,37,37
53822,137,145,-8,8
53823,76,86,-10,10
53824,96,99,-3,3
53825,52,51,1,1
53826,91,76,15,15
53827,55,69,-14,14
53828,95,97,-2,2
53829,59,56,3,3
53830,145,144,1,1
53831,84,50,34,34
53832,112,117,-5,5
53833,63,67,-4,4
53834,60,61,-1,1
53835,134,124,10,10
53836,88,66,22,22
53837,72,81,-9,9
53838,107,113,-6,6
53839,74,68,6,6
53840,94,86,8,8
53841,84,90,-6,6
53842,55,92,-37,37
53843,30,46,-16,16
53844,31,42,-11,11
53845,77,86,-9,9
53846,74,81,-7,7
53847,99,83,16,16
53848,148,139,9,9
53849,70,71,-1,1
53850,86,79,7,7
53851,124,140,-16,16
53852,144,137,7,7
53853,77,72,5,5
53854,117,109,8,8
53855,78,71,7,7
53856,53,64,-11,11
53857,105,91,14,14
53858,79,67,12,12
53859,127,122,5,5
53860,94,85,9,9
53861,159,161,-2,2
53862,90,92,-2,2
53863,71,70,1,1
53864,156,129,27,27
53865,140,148,-8,8
53866,57,44,13,13
53867,91,96,-5,5
53868,61,65,-4,4
53869,91,92,-1,1
53870,54,56,-2,2
53871,78,68,10,10
53872,133,117,16,16
53873,121,109,12,12
53874,151,162,-11,11
53875,119,113,6,6
53876,76,113,-37,37
53877,98,96,2,2
53878,97,89,8,8
53879,41,43,-2,2
53880,149,148,1,1
53881,119,114,5,5
53882,80,85,-5,5
53883,67,65,2,2
53884,70,81,-11,11
53885,120,113,7,7
53886,125,118,7,7
53887,76,70,6,6
53888,77,87,-10,10
53889,89,97,-8,8
53890,63,57,6,6
53891,163,155,8,8
53892,51,57,-6,6
53893,68,75,-7,7
53894,131,143,-12,12
53895,109,100,9,9
53896,61,68,-7,7
53897,118,134,-16,16
53898,103,96,7,7
53899,137,135,2,2
53900,93,87,6,6
53901,116,98,18,18
53902,61,63,-2,2
53903,80,83,-3,3
53904,88,81,7,7
53905,121,117,4,4
53906,63,72,-9,9
53907,150,159,-9,9
53908,130,120,10,10
53909,112,98,14,14
53910,48,59,-11,11
53911,159,160,-1,1
53912,75,75,0,0
53913,66,85,-19,19
53914,75,72,3,3
53915,70,69,1,1
53916,80,67,13,13
53917,95,93,2,2
53918,57,57,0,0
53919,79,69,10,10
53920,69,69,0,0
53921,60,80,-20,20
53922,115,109,6,6
53923,121,101,20,20
53924,71,62,9,9
53925,88,86,2,2
53926,97,99,-2,2
53927,56,60,-4,4
53928,107,94,13,13
53929,35,56,-21,21
53930,112,116,-4,4
53931,74,75,-1,1
53932,80,74,6,6
53933,89,88,1,1
53934,81,94,-13,13
53935,142,143,-1,1
53936,109,119,-10,10
53937,118,113,5,5
53938,93,93,0,0
53939,127,132,-5,5
53940,84,78,6,6
53941,135,133,2,2
53942,128,126,2,2
53943,88,78,10,10
53944,77,91,-14,14
53945,73,82,-9,9
53946,92,85,7,7
53947,163,145,18,18
53948,117,115,2,2
53949,186,170,16,16
53950,118,133,-15,15
53951,79,65,14,14
53952,81,88,-7,7
53953,114,126,-12,12
53954,83,84,-1,1
53955,89,81,8,8
53956,139,145,-6,6
53957,85,80,5,5
53958,52,63,-11,11
53959,112,102,10,10
53960,79,84,-5,5
53961,90,82,8,8
53962,102,98,4,4
53963,86,84,2,2
53964,83,81,2,2
53965,149,128,21,21
53966,50,56,-6,6
53967,73,72,1,1
53968,66,66,0,0
53969,106,118,-12,12
53970,78,68,10,10
53971,85,92,-7,7
53972,97,107,-10,10
53973,50,57,-7,7
53974,126,125,1,1
53975,83,95,-12,12
53976,98,90,8,8
53977,75,75,0,0
53978,93,84,9,9
53979,143,139,4,4
53980,142,117,25,25
53981,55,59,-4,4
53982,68,68,0,0
53983,61,65,-4,4
53984,68,70,-2,2
53985,119,102,17,17
53986,85,77,8,8
53987,56,67,-11,11
53988,105,103,2,2
53989,74,76,-2,2
53990,61,53,8,8
53991,125,140,-15,15
53992,49,45,4,4
53993,117,120,-3,3
53994,109,121,-12,12
53995,108,112,-4,4
53996,153,159,-6,6
53997,59,46,13,13
53998,173,153,20,20
53999,90,94,-4,4
54000,102,98,4,4
54001,53,59,-6,6
54002,91,101,-10,10
54003,162,143,19,19
54004,129,113,16,16
54005,110,130,-20,20
54006,80,80,0,0
54007,94,79,15,15
54008,107,111,-4,4
54009,57,60,-3,3
54010,109,103,6,6
54011,73,70,3,3
54012,229,208,21,21
54013,170,157,13,13
54014,70,78,-8,8
54015,104,98,6,6
54016,83,82,1,1
54017,101,92,9,9
54018,86,86,0,0
54019,108,101,7,7
54020,96,94,2,2
54021,80,82,-2,2
54022,68,73,-5,5
54023,91,93,-2,2
54024,112,101,11,11
54025,122,127,-5,5
54026,132,145,-13,13
54027,96,100,-4,4
54028,81,82,-1,1
54029,80,87,-7,7
54030,101,105,-4,4
54031,117,113,4,4
54032,100,100,0,0
54033,83,100,-17,17
54034,93,93,0,0
54035,103,108,-5,5
54036,48,63,-15,15
54037,110,111,-1,1
54038,128,113,15,15
54039,37,47,-10,10
54040,110,121,-11,11
54041,94,94,0,0
54042,127,143,-16,16
54043,70,84,-14,14
54044,112,110,2,2
54045,189,178,11,11
54046,95,104,-9,9
54047,123,118,5,5
54048,152,136,16,16
54049,85,88,-3,3
54050,60,75,-15,15
54051,74,60,14,14
54052,89,85,4,4
54053,97,99,-2,2
54054,159,148,11,11
54055,90,93,-3,3
54056,76,81,-5,5
54057,83,107,-24,24
54058,71,71,0,0
54059,105,88,17,17
54060,102,100,2,2
54061,161,160,1,1
54062,123,118,5,5
54063,85,77,8,8
54064,41,41,0,0
54065,165,150,15,15
54066,60,75,-15,15
54067,123,127,-4,4
54068,59,52,7,7
54069,51,41,10,10
54070,160,155,5,5
54071,134,159,-25,25
54072,87,93,-6,6
54073,91,89,2,2
54074,52,57,-5,5
54075,111,103,8,8
54076,139,163,-24,24
54077,65,73,-8,8
54078,96,89,7,7
54079,92,94,-2,2
54080,77,91,-14,14
54081,106,115,-9,9
54082,194,175,19,19
54083,127,115,12,12
54084,121,110,11,11
54085,140,142,-2,2
54086,129,128,1,1
54087,59,72,-13,13
54088,82,93,-11,11
54089,59,68,-9,9
54090,98,94,4,4
54091,214,166,48,48
54092,107,98,9,9
54093,122,119,3,3
54094,75,74,1,1
54095,52,49,3,3
54096,129,124,5,5
54097,59,58,1,1
54098,64,86,-22,22
54099,144,131,13,13
54100,99,102,-3,3
54101,156,146,10,10
54102,173,158,15,15
54103,82,76,6,6
54104,145,120,25,25
54105,105,93,12,12
54106,102,120,-18,18
54107,69,64,5,5
54108,51,34,17,17
54109,44,42,2,2
54110,30,38,-8,8
54111,118,110,8,8
54112,85,81,4,4
54113,70,75,-5,5
54114,61,74,-13,13
54115,69,79,-10,10
54116,81,83,-2,2
54117,68,68,0,0
54118,149,146,3,3
54119,47,75,-28,28
54120,53,60,-7,7
54121,143,140,3,3
54122,91,106,-15,15
54123,93,94,-1,1
54124,45,47,-2,2
54125,122,127,-5,5
54126,112,109,3,3
54127,165,162,3,3
54128,57,70,-13,13
54129,101,96,5,5
54130,54,60,-6,6
54131,55,53,2,2
54132,74,66,8,8
54133,95,89,6,6
54134,58,86,-28,28
54135,114,125,-11,11
54136,73,94,-21,21
54137,81,72,9,9
54138,63,66,-3,3
54139,139,150,-11,11
54140,96,99,-3,3
54141,111,117,-6,6
54142,157,145,12,12
54143,167,158,9,9
54144,166,142,24,24
54145,115,120,-5,5
54146,80,73,7,7
54147,166,136,30,30
54148,89,81,8,8
54149,69,63,6,6
54150,34,38,-4,4
54151,92,92,0,0
54152,81,81,0,0
54153,131,143,-12,12
54154,65,69,-4,4
54155,107,103,4,4
54156,61,83,-22,22
54157,77,82,-5,5
54158,92,90,2,2
54159,175,173,2,2
54160,154,148,6,6
54161,101,107,-6,6
54162,96,97,-1,1
54163,82,82,0,0
54164,72,67,5,5
54165,60,61,-1,1
54166,137,127,10,10
54167,44,64,-20,20
54168,77,77,0,0
54169,111,110,1,1
54170,41,56,-15,15
54171,119,109,10,10
54172,83,82,1,1
54173,108,100,8,8
54174,128,110,18,18
54175,76,86,-10,10
54176,41,57,-16,16
54177,79,85,-6,6
54178,175,157,18,18
54179,115,109,6,6
54180,87,98,-11,11
54181,136,113,23,23
54182,76,74,2,2
54183,107,110,-3,3
54184,86,87,-1,1
54185,118,115,3,3
54186,98,89,9,9
54187,73,51,22,22
54188,176,162,14,14
54189,110,90,20,20
54190,73,67,6,6
54191,73,73,0,0
54192,109,113,-4,4
54193,96,100,-4,4
54194,128,113,15,15
54195,65,64,1,1
54196,81,88,-7,7
54197,76,70,6,6
54198,81,91,-10,10
54199,55,49,6,6
54200,93,89,4,4
54201,138,138,0,0
54202,127,122,5,5
54203,110,99,11,11
54204,97,90,7,7
54205,106,117,-11,11
54206,70,79,-9,9
54207,84,94,-10,10
54208,103,100,3,3
54209,109,94,15,15
54210,82,75,7,7
54211,82,82,0,0
54212,75,72,3,3
54213,96,91,5,5
54214,74,91,-17,17
54215,50,51,-1,1
54216,80,80,0,0
54217,129,122,7,7
54218,127,130,-3,3
54219,101,101,0,0
54220,94,96,-2,2
54221,80,86,-6,6
54222,51,59,-8,8
54223,98,99,-1,1
54224,93,103,-10,10
54225,138,133,5,5
54226,127,121,6,6
54227,115,101,14,14
54228,57,65,-8,8
54229,62,67,-5,5
54230,125,135,-10,10
54231,74,85,-11,11
54232,104,96,8,8
54233,112,115,-3,3
54234,101,98,3,3
54235,81,81,0,0
54236,58,62,-4,4
54237,98,80,18,18
54238,60,59,1,1
54239,60,60,0,0
54240,119,113,6,6
54241,92,72,20,20
54242,79,83,-4,4
54243,72,68,4,4
54244,59,62,-3,3
54245,53,51,2,2
54246,133,117,16,16
54247,81,100,-19,19
54248,167,153,14,14
54249,110,96,14,14
54250,62,65,-3,3
54251,77,75,2,2
54252,81,89,-8,8
54253,108,86,22,22
54254,107,100,7,7
54255,56,59,-3,3
54256,74,86,-12,12
54257,55,80,-25,25
54258,41,44,-3,3
54259,95,90,5,5
54260,80,90,-10,10
54261,107,110,-3,3
54262,89,96,-7,7
54263,69,55,14,14
54264,89,78,11,11
54265,125,109,16,16
54266,139,161,-22,22
54267,63,71,-8,8
54268,79,91,-12,12
54269,111,112,-1,1
54270,80,78,2,2
54271,89,109,-20,20
54272,65,51,14,14
54273,139,122,17,17
54274,105,99,6,6
54275,59,54,5,5
54276,108,93,15,15
54277,71,81,-10,10
54278,57,62,-5,5
54279,65,65,0,0
54280,66,61,5,5
54281,171,179,-8,8
54282,69,99,-30,30
54283,137,124,13,13
54284,62,72,-10,10
54285,92,83,9,9
54286,87,86,1,1
54287,131,125,6,6
54288,160,160,0,0
54289,78,75,3,3
54290,82,87,-5,5
54291,152,176,-24,24
54292,34,44,-10,10
54293,80,92,-12,12
54294,201,182,19,19
54295,89,89,0,0
54296,88,98,-10,10
54297,137,130,7,7
54298,58,59,-1,1
54299,87,101,-14,14
54300,106,111,-5,5
54301,67,65,2,2
54302,57,51,6,6
54303,83,75,8,8
54304,105,94,11,11
54305,187,182,5,5
54306,92,93,-1,1
54307,43,47,-4,4
54308,130,123,7,7
54309,103,100,3,3
54310,79,80,-1,1
54311,176,163,13,13
54312,120,105,15,15
54313,75,83,-8,8
54314,75,68,7,7
54315,77,68,9,9
54316,87,83,4,4
54317,49,35,14,14
54318,164,125,39,39
54319,142,127,15,15
54320,136,121,15,15
54321,51,43,8,8
54322,79,87,-8,8
54323,173,150,23,23
54324,118,128,-10,10
54325,75,70,5,5
54326,87,102,-15,15
54327,66,62,4,4
54328,67,61,6,6
54329,124,120,4,4
54330,62,66,-4,4
54331,88,99,-11,11
54332,87,85,2,2
54333,125,120,5,5
54334,107,97,10,10
54335,65,50,15,15
54336,50,50,0,0
54337,80,75,5,5
54338,166,153,13,13
54339,142,128,14,14
54340,171,150,21,21
54341,57,64,-7,7
54342,87,81,6,6
54343,106,102,4,4
54344,95,104,-9,9
54345,108,98,10,10
54346,105,97,8,8
54347,112,105,7,7
54348,101,88,13,13
54349,89,80,9,9
54350,49,62,-13,13
54351,84,82,2,2
54352,101,97,4,4
54353,66,75,-9,9
54354,83,79,4,4
54355,58,64,-6,6
54356,85,94,-9,9
54357,91,119,-28,28
54358,53,71,-18,18
54359,94,98,-4,4
54360,97,74,23,23
54361,76,85,-9,9
54362,45,62,-17,17
54363,49,58,-9,9
54364,150,150,0,0
54365,104,103,1,1
54366,111,120,-9,9
54367,68,68,0,0
54368,93,108,-15,15
54369,100,104,-4,4
54370,107,103,4,4
54371,121,121,0,0
54372,60,69,-9,9
54373,134,139,-5,5
54374,127,120,7,7
54375,76,81,-5,5
54376,122,110,12,12
54377,71,66,5,5
54378,73,85,-12,12
54379,74,69,5,5
54380,133,128,5,5
54381,78,73,5,5
54382,60,66,-6,6
54383,112,118,-6,6
54384,87,92,-5,5
54385,105,97,8,8
54386,62,61,1,1
54387,76,78,-2,2
54388,124,108,16,16
54389,108,107,1,1
54390,63,57,6,6
54391,192,159,33,33
54392,63,72,-9,9
54393,94,91,3,3
54394,76,94,-18,18
54395,153,147,6,6
54396,145,123,22,22
54397,118,119,-1,1
54398,144,140,4,4
54399,80,86,-6,6
54400,81,74,7,7
54401,167,165,2,2
54402,112,90,22,22
54403,87,97,-10,10
54404,114,90,24,24
54405,96,106,-10,10
54406,72,83,-11,11
54407,148,154,-6,6
54408,105,110,-5,5
54409,138,140,-2,2
54410,80,83,-3,3
54411,79,82,-3,3
54412,92,86,6,6
54413,104,121,-17,17
54414,60,79,-19,19
54415,179,178,1,1
54416,86,91,-5,5
54417,32,26,6,6
54418,134,117,17,17
54419,71,73,-2,2
54420,93,87,6,6
54421,112,112,0,0
54422,117,121,-4,4
54423,112,113,-1,1
54424,83,84,-1,1
54425,111,113,-2,2
54426,143,144,-1,1
54427,84,103,-19,19
54428,58,80,-22,22
54429,78,79,-1,1
54430,116,117,-1,1
54431,120,106,14,14
54432,102,95,7,7
54433,155,165,-10,10
54434,106,101,5,5
54435,79,78,1,1
54436,111,125,-14,14
54437,72,66,6,6
54438,59,64,-5,5
54439,139,140,-1,1
54440,119,119,0,0
54441,100,89,11,11
54442,59,68,-9,9
54443,67,76,-9,9
54444,149,160,-11,11
54445,74,72,2,2
54446,96,91,5,5
54447,196,181,15,15
54448,144,152,-8,8
54449,101,93,8,8
54450,80,87,-7,7
54451,76,88,-12,12
54452,96,101,-5,5
54453,112,108,4,4
54454,73,101,-28,28
54455,126,111,15,15
54456,92,88,4,4
54457,125,127,-2,2
54458,64,86,-22,22
54459,146,139,7,7
54460,77,106,-29,29
54461,148,146,2,2
54462,126,112,14,14
54463,95,100,-5,5
54464,58,55,3,3
54465,146,135,11,11
54466,148,138,10,10
54467,104,111,-7,7
54468,129,111,18,18
54469,60,47,13,13
54470,83,76,7,7
54471,67,68,-1,1
54472,132,125,7,7
54473,82,90,-8,8
54474,34,41,-7,7
54475,76,82,-6,6
54476,116,120,-4,4
54477,119,124,-5,5
54478,96,96,0,0
54479,138,132,6,6
54480,80,75,5,5
54481,109,105,4,4
54482,103,96,7,7
54483,57,63,-6,6
54484,41,52,-11,11
54485,121,117,4,4
54486,87,70,17,17
54487,125,112,13,13
54488,82,93,-11,11
54489,36,39,-3,3
54490,63,66,-3,3
54491,112,119,-7,7
54492,90,82,8,8
54493,110,118,-8,8
54494,184,166,18,18
54495,97,90,7,7
54496,64,79,-15,15
54497,115,112,3,3
54498,85,88,-3,3
54499,60,62,-2,2
54500,68,75,-7,7
54501,118,117,1,1
54502,56,72,-16,16
54503,49,51,-2,2
54504,92,105,-13,13
54505,62,52,10,10
54506,131,134,-3,3
54507,125,115,10,10
54508,146,151,-5,5
54509,78,85,-7,7
54510,69,66,3,3
54511,76,67,9,9
54512,66,69,-3,3
54513,71,71,0,0
54514,97,115,-18,18
54515,264,238,26,26
54516,38,40,-2,2
54517,134,157,-23,23
54518,70,63,7,7
54519,67,63,4,4
54520,128,121,7,7
54521,138,103,35,35
54522,101,118,-17,17
54523,76,85,-9,9
54524,42,64,-22,22
54525,138,126,12,12
54526,126,133,-7,7
54527,80,73,7,7
54528,61,56,5,5
54529,105,100,5,5
54530,113,112,1,1
54531,96,97,-1,1
54532,97,92,5,5
54533,74,81,-7,7
54534,129,127,2,2
54535,83,95,-12,12
54536,87,86,1,1
54537,72,64,8,8
54538,120,118,2,2
54539,95,123,-28,28
54540,62,46,16,16
54541,54,58,-4,4
54542,80,91,-11,11
54543,109,106,3,3
54544,90,86,4,4
54545,30,63,-33,33
54546,103,98,5,5
54547,91,103,-12,12
54548,92,78,14,14
54549,79,80,-1,1
54550,120,125,-5,5
54551,131,135,-4,4
54552,91,90,1,1
54553,64,72,-8,8
54554,106,98,8,8
54555,81,95,-14,14
54556,86,85,1,1
54557,190,184,6,6
54558,80,78,2,2
54559,108,117,-9,9
54560,136,135,1,1
54561,84,76,8,8
54562,122,123,-1,1
54563,80,81,-1,1
54564,80,88,-8,8
54565,143,136,7,7
54566,31,31,0,0
54567,96,90,6,6
54568,74,69,5,5
54569,130,129,1,1
54570,99,111,-12,12
54571,90,96,-6,6
54572,89,80,9,9
54573,122,106,16,16
54574,116,121,-5,5
54575,111,118,-7,7
54576,129,117,12,12
54577,97,108,-11,11
54578,122,99,23,23
54579,94,121,-27,27
54580,78,81,-3,3
54581,101,102,-1,1
54582,77,87,-10,10
54583,99,110,-11,11
54584,91,109,-18,18
54585,74,64,10,10
54586,120,111,9,9
54587,109,101,8,8
54588,54,53,1,1
54589,105,90,15,15
54590,140,136,4,4
54591,175,158,17,17
54592,103,93,10,10
54593,80,76,4,4
54594,71,75,-4,4
54595,101,92,9,9
54596,91,92,-1,1
54597,75,90,-15,15
54598,51,70,-19,19
54599,59,64,-5,5
54600,108,107,1,1
54601,198,180,18,18
54602,48,56,-8,8
54603,117,111,6,6
54604,44,67,-23,23
54605,105,106,-1,1
54606,78,78,0,0
54607,92,91,1,1
54608,89,82,7,7
54609,68,67,1,1
54610,50,46,4,4
54611,83,71,12,12
54612,71,75,-4,4
54613,96,114,-18,18
54614,146,129,17,17
54615,134,114,20,20
54616,73,137,-64,64
54617,84,116,-32,32
54618,86,99,-13,13
54619,152,139,13,13
54620,59,58,1,1
54621,183,185,-2,2
54622,50,53,-3,3
54623,83,85,-2,2
54624,103,100,3,3
54625,63,54,9,9
54626,58,60,-2,2
54627,79,67,12,12
54628,65,85,-20,20
54629,50,57,-7,7
54630,89,84,5,5
54631,132,117,15,15
54632,91,95,-4,4
54633,79,83,-4,4
54634,89,80,9,9
54635,117,112,5,5
54636,89,78,11,11
54637,109,106,3,3
54638,124,124,0,0
54639,97,99,-2,2
54640,131,126,5,5
54641,86,82,4,4
54642,77,78,-1,1
54643,96,92,4,4
54644,94,90,4,4
54645,74,73,1,1
54646,129,112,17,17
54647,104,102,2,2
54648,113,110,3,3
54649,99,94,5,5
54650,63,44,19,19
54651,95,107,-12,12
54652,68,81,-13,13
54653,194,184,10,10
54654,99,110,-11,11
54655,123,121,2,2
54656,119,121,-2,2
54657,108,99,9,9
54658,66,78,-12,12
54659,60,62,-2,2
54660,58,62,-4,4
54661,183,173,10,10
54662,190,205,-15,15
54663,165,141,24,24
54664,80,84,-4,4
54665,166,153,13,13
54666,123,119,4,4
54667,131,133,-2,2
54668,62,76,-14,14
54669,83,77,6,6
54670,125,116,9,9
54671,103,105,-2,2
54672,101,109,-8,8
54673,95,94,1,1
54674,59,66,-7,7
54675,107,94,13,13
54676,79,60,19,19
54677,87,78,9,9
54678,84,94,-10,10
54679,67,64,3,3
54680,75,69,6,6
54681,85,78,7,7
54682,89,90,-1,1
54683,105,117,-12,12
54684,71,79,-8,8
54685,150,134,16,16
54686,59,59,0,0
54687,86,78,8,8
54688,85,91,-6,6
54689,110,105,5,5
54690,76,63,13,13
54691,100,94,6,6
54692,109,89,20,20
54693,110,112,-2,2
54694,97,119,-22,22
54695,109,107,2,2
54696,188,160,28,28
54697,52,55,-3,3
54698,56,61,-5,5
54699,87,88,-1,1
54700,72,69,3,3
54701,171,148,23,23
54702,109,112,-3,3
54703,86,96,-10,10
54704,140,154,-14,14
54705,113,101,12,12
54706,89,99,-10,10
54707,102,104,-2,2
54708,82,77,5,5
54709,87,77,10,10
54710,85,85,0,0
54711,150,144,6,6
54712,151,148,3,3
54713,65,80,-15,15
54714,150,133,17,17
54715,102,103,-1,1
54716,88,84,4,4
54717,108,119,-11,11
54718,38,60,-22,22
54719,123,120,3,3
54720,92,86,6,6
54721,120,117,3,3
54722,108,96,12,12
54723,72,68,4,4
54724,62,51,11,11
54725,105,98,7,7
54726,71,92,-21,21
54727,99,76,23,23
54728,88,89,-1,1
54729,79,103,-24,24
54730,86,89,-3,3
54731,116,104,12,12
54732,74,88,-14,14
54733,93,102,-9,9
54734,198,169,29,29
54735,96,92,4,4
54736,78,78,0,0
54737,57,62,-5,5
54738,45,47,-2,2
54739,140,139,1,1
54740,76,72,4,4
54741,88,99,-11,11
54742,127,128,-1,1
54743,50,52,-2,2
54744,101,108,-7,7
54745,71,71,0,0
54746,141,126,15,15
54747,110,112,-2,2
54748,144,129,15,15
54749,114,122,-8,8
54750,66,60,6,6
54751,90,99,-9,9
54752,83,93,-10,10
54753,143,136,7,7
54754,81,90,-9,9
54755,41,30,11,11
54756,165,163,2,2
54757,92,100,-8,8
54758,43,53,-10,10
54759,84,74,10,10
54760,58,75,-17,17
54761,74,72,2,2
54762,102,80,22,22
54763,62,67,-5,5
54764,115,103,12,12
54765,93,98,-5,5
54766,155,147,8,8
54767,173,161,12,12
54768,145,136,9,9
54769,75,79,-4,4
54770,116,107,9,9
54771,114,121,-7,7
54772,115,122,-7,7
54773,123,107,16,16
54774,86,98,-12,12
54775,95,83,12,12
54776,59,68,-9,9
54777,123,130,-7,7
54778,111,110,1,1
54779,109,118,-9,9
54780,92,89,3,3
54781,118,135,-17,17
54782,42,55,-13,13
54783,65,66,-1,1
54784,74,65,9,9
54785,144,146,-2,2
54786,139,121,18,18
54787,71,73,-2,2
54788,66,61,5,5
54789,81,95,-14,14
54790,103,102,1,1
54791,65,69,-4,4
54792,137,157,-20,20
54793,86,90,-4,4
54794,64,66,-2,2
54795,96,99,-3,3
54796,76,88,-12,12
54797,56,53,3,3
54798,59,58,1,1
54799,70,80,-10,10
54800,79,79,0,0
54801,92,81,11,11
54802,64,71,-7,7
54803,141,142,-1,1
54804,111,111,0,0
54805,123,102,21,21
54806,55,59,-4,4
54807,58,61,-3,3
54808,105,95,10,10
54809,124,104,20,20
54810,76,72,4,4
54811,72,88,-16,16
54812,68,68,0,0
54813,39,55,-16,16
54814,83,83,0,0
54815,90,90,0,0
54816,84,54,30,30
54817,131,113,18,18
54818,100,96,4,4
54819,68,66,2,2
54820,199,151,48,48
54821,111,114,-3,3
54822,63,82,-19,19
54823,112,121,-9,9
54824,58,65,-7,7
54825,167,160,7,7
54826,167,161,6,6
54827,204,172,32,32
54828,88,94,-6,6
54829,112,116,-4,4
54830,109,107,2,2
54831,74,41,33,33
54832,118,113,5,5
54833,114,118,-4,4
54834,52,61,-9,9
54835,79,77,2,2
54836,63,80,-17,17
54837,34,39,-5,5
54838,75,74,1,1
54839,66,73,-7,7
54840,165,149,16,16
54841,140,105,35,35
54842,68,68,0,0
54843,119,102,17,17
54844,109,116,-7,7
54845,79,87,-8,8
54846,96,96,0,0
54847,96,88,8,8
54848,58,58,0,0
54849,99,103,-4,4
54850,68,70,-2,2
54851,61,45,16,16
54852,89,97,-8,8
54853,135,134,1,1
54854,60,64,-4,4
54855,92,98,-6,6
54856,84,78,6,6
54857,84,94,-10,10
54858,94,102,-8,8
54859,101,118,-17,17
54860,119,109,10,10
54861,139,147,-8,8
54862,84,86,-2,2
54863,204,182,22,22
54864,97,90,7,7
54865,79,78,1,1
54866,101,98,3,3
54867,86,82,4,4
54868,84,72,12,12
54869,67,70,-3,3
54870,98,103,-5,5
54871,79,85,-6,6
54872,90,85,5,5
54873,62,55,7,7
54874,65,64,1,1
54875,62,75,-13,13
54876,41,40,1,1
54877,140,124,16,16
54878,167,154,13,13
54879,129,132,-3,3
54880,170,178,-8,8
54881,76,81,-5,5
54882,88,82,6,6
54883,57,62,-5,5
54884,55,58,-3,3
54885,81,91,-10,10
54886,142,136,6,6
54887,118,103,15,15
54888,66,86,-20,20
54889,61,67,-6,6
54890,97,92,5,5
54891,88,91,-3,3
54892,101,109,-8,8
54893,64,114,-50,50
54894,116,108,8,8
54895,90,96,-6,6
54896,87,101,-14,14
54897,98,85,13,13
54898,111,121,-10,10
54899,67,59,8,8
54900,51,57,-6,6
54901,123,125,-2,2
54902,59,64,-5,5
54903,67,72,-5,5
54904,48,51,-3,3
54905,52,60,-8,8
54906,180,180,0,0
54907,61,60,1,1
54908,162,155,7,7
54909,76,76,0,0
54910,57,60,-3,3
54911,90,94,-4,4
54912,55,65,-10,10
54913,103,102,1,1
54914,72,81,-9,9
54915,70,71,-1,1
54916,154,134,20,20
54917,113,115,-2,2
54918,108,107,1,1
54919,50,70,-20,20
54920,45,65,-20,20
54921,71,62,9,9
54922,132,132,0,0
54923,164,148,16,16
54924,100,110,-10,10
54925,46,41,5,5
54926,85,91,-6,6
54927,88,81,7,7
54928,107,121,-14,14
54929,84,82,2,2
54930,48,58,-10,10
54931,98,107,-9,9
54932,154,138,16,16
54933,115,114,1,1
54934,69,67,2,2
54935,47,49,-2,2
54936,79,63,16,16
54937,74,66,8,8
54938,77,84,-7,7
54939,52,64,-12,12
54940,146,142,4,4
54941,74,86,-12,12
54942,122,120,2,2
54943,83,97,-14,14
54944,134,112,22,22
54945,113,131,-18,18
54946,113,105,8,8
54947,100,116,-16,16
54948,77,79,-2,2
54949,91,80,11,11
54950,112,145,-33,33
54951,109,93,16,16
54952,97,92,5,5
54953,156,147,9,9
54954,128,117,11,11
54955,88,90,-2,2
54956,68,70,-2,2
54957,69,80,-11,11
54958,137,130,7,7
54959,68,76,-8,8
54960,65,70,-5,5
54961,93,102,-9,9
54962,58,53,5,5
54963,55,59,-4,4
54964,121,112,9,9
54965,133,155,-22,22
54966,50,51,-1,1
54967,228,207,21,21
54968,101,95,6,6
54969,51,48,3,3
54970,89,87,2,2
54971,63,70,-7,7
54972,70,76,-6,6
54973,41,41,0,0
54974,114,112,2,2
54975,65,57,8,8
54976,83,85,-2,2
54977,61,55,6,6
54978,68,77,-9,9
54979,107,114,-7,7
54980,70,154,-84,84
54981,122,113,9,9
54982,44,48,-4,4
54983,138,147,-9,9
54984,178,168,10,10
54985,94,90,4,4
54986,107,98,9,9
54987,63,61,2,2
54988,84,95,-11,11
54989,124,109,15,15
54990,68,84,-16,16
54991,78,76,2,2
54992,177,143,34,34
54993,49,48,1,1
54994,60,58,2,2
54995,63,70,-7,7
54996,39,36,3,3
54997,88,94,-6,6
54998,150,130,20,20
54999,105,101,4,4
55000,88,79,9,9
55001,58,18,40,40
55002,47,56,-9,9
55003,135,120,15,15
55004,101,100,1,1
55005,61,59,2,2
55006,114,108,6,6
55007,75,70,5,5
55008,88,80,8,8
55009,69,71,-2,2
55010,95,90,5,5
55011,120,144,-24,24
55012,148,159,-11,11
55013,80,76,4,4
55014,54,55,-1,1
55015,85,88,-3,3
55016,123,158,-35,35
55017,101,109,-8,8
55018,108,102,6,6
55019,62,60,2,2
55020,68,86,-18,18
55021,55,58,-3,3
55022,103,111,-8,8
55023,115,106,9,9
55024,94,104,-10,10
55025,77,70,7,7
55026,146,155,-9,9
55027,62,68,-6,6
55028,57,58,-1,1
55029,204,182,22,22
55030,52,61,-9,9
55031,111,131,-20,20
55032,67,64,3,3
55033,116,103,13,13
55034,168,165,3,3
55035,47,46,1,1
55036,75,77,-2,2
55037,92,86,6,6
55038,139,138,1,1
55039,130,139,-9,9
55040,118,109,9,9
55041,72,78,-6,6
55042,90,93,-3,3
55043,104,85,19,19
55044,99,106,-7,7
55045,98,100,-2,2
55046,84,94,-10,10
55047,106,89,17,17
55048,69,59,10,10
55049,72,72,0,0
55050,86,87,-1,1
55051,122,115,7,7
55052,103,101,2,2
55053,113,114,-1,1
55054,70,59,11,11
55055,73,83,-10,10
55056,79,73,6,6
55057,102,100,2,2
55058,79,86,-7,7
55059,67,68,-1,1
55060,61,56,5,5
55061,78,79,-1,1
55062,83,76,7,7
55063,91,73,18,18
55064,49,57,-8,8
55065,64,64,0,0
55066,76,73,3,3
55067,155,153,2,2
55068,90,107,-17,17
55069,78,106,-28,28
55070,67,69,-2,2
55071,112,114,-2,2
55072,90,98,-8,8
55073,98,82,16,16
55074,93,95,-2,2
55075,103,114,-11,11
55076,64,64,0,0
55077,94,98,-4,4
55078,58,67,-9,9
55079,76,77,-1,1
55080,153,144,9,9
55081,96,86,10,10
55082,151,138,13,13
55083,60,50,10,10
55084,87,74,13,13
55085,30,59,-29,29
55086,83,70,13,13
55087,107,122,-15,15
55088,114,103,11,11
55089,74,76,-2,2
55090,99,109,-10,10
55091,120,114,6,6
55092,89,92,-3,3
55093,215,180,35,35
55094,53,49,4,4
55095,74,78,-4,4
55096,112,104,8,8
55097,76,92,-16,16
55098,69,70,-1,1
55099,146,124,22,22
55100,92,91,1,1
55101,72,73,-1,1
55102,184,202,-18,18
55103,50,60,-10,10
55104,82,81,1,1
55105,90,84,6,6
55106,152,124,28,28
55107,41,34,7,7
55108,149,141,8,8
55109,83,79,4,4
55110,45,63,-18,18
55111,225,182,43,43
55112,169,149,20,20
55113,44,52,-8,8
55114,118,112,6,6
55115,108,101,7,7
55116,125,119,6,6
55117,124,129,-5,5
55118,65,84,-19,19
55119,164,150,14,14
55120,138,136,2,2
55121,87,89,-2,2
55122,51,55,-4,4
55123,98,108,-10,10
55124,64,64,0,0
55125,63,72,-9,9
55126,101,102,-1,1
55127,90,93,-3,3
55128,104,99,5,5
55129,140,136,4,4
55130,121,105,16,16
55131,107,110,-3,3
55132,85,83,2,2
55133,116,106,10,10
55134,55,63,-8,8
55135,74,88,-14,14
55136,178,178,0,0
55137,134,124,10,10
55138,62,56,6,6
55139,113,100,13,13
55140,75,73,2,2
55141,84,87,-3,3
55142,88,77,11,11
55143,68,76,-8,8
55144,46,67,-21,21
55145,150,157,-7,7
55146,99,75,24,24
55147,108,117,-9,9
55148,118,73,45,45
55149,48,57,-9,9
55150,104,88,16,16
55151,73,61,12,12
55152,109,104,5,5
55153,62,62,0,0
55154,91,63,28,28
55155,119,114,5,5
55156,157,145,12,12
55157,117,112,5,5
55158,60,61,-1,1
55159,90,91,-1,1
55160,102,95,7,7
55161,100,85,15,15
55162,99,93,6,6
55163,108,105,3,3
55164,90,90,0,0
55165,120,119,1,1
55166,97,97,0,0
55167,78,81,-3,3
55168,105,111,-6,6
55169,160,147,13,13
55170,143,138,5,5
55171,112,119,-7,7
55172,152,144,8,8
55173,153,124,29,29
55174,65,66,-1,1
55175,66,73,-7,7
55176,63,59,4,4
55177,55,90,-35,35
55178,75,70,5,5
55179,91,86,5,5
55180,81,80,1,1
55181,138,131,7,7
55182,120,114,6,6
55183,86,82,4,4
55184,75,71,4,4
55185,15,48,-33,33
55186,71,76,-5,5
55187,158,157,1,1
55188,102,82,20,20
55189,58,61,-3,3
55190,54,27,27,27
55191,77,133,-56,56
55192,82,79,3,3
55193,69,69,0,0
55194,92,98,-6,6
55195,132,126,6,6
55196,109,103,6,6
55197,192,179,13,13
55198,62,65,-3,3
55199,41,55,-14,14
55200,120,110,10,10
55201,82,79,3,3
55202,116,119,-3,3
55203,44,53,-9,9
55204,87,86,1,1
55205,63,72,-9,9
55206,75,87,-12,12
55207,106,99,7,7
55208,198,192,6,6
55209,87,85,2,2
55210,45,42,3,3
55211,95,89,6,6
55212,128,126,2,2
55213,72,63,9,9
55214,80,86,-6,6
55215,144,138,6,6
55216,83,74,9,9
55217,138,134,4,4
55218,107,104,3,3
55219,42,49,-7,7
55220,105,106,-1,1
55221,129,114,15,15
55222,78,84,-6,6
55223,157,131,26,26
55224,135,128,7,7
55225,38,49,-11,11
55226,174,163,11,11
55227,83,80,3,3
55228,79,74,5,5
55229,172,201,-29,29
55230,76,54,22,22
55231,106,94,12,12
55232,102,112,-10,10
55233,60,63,-3,3
55234,160,128,32,32
55235,58,60,-2,2
55236,66,65,1,1
55237,93,92,1,1
55238,97,95,2,2
55239,99,104,-5,5
55240,232,218,14,14
55241,111,107,4,4
55242,57,52,5,5
55243,92,108,-16,16
55244,70,64,6,6
55245,58,64,-6,6
55246,58,57,1,1
55247,80,91,-11,11
55248,119,110,9,9
55249,111,99,12,12
55250,73,78,-5,5
55251,72,71,1,1
55252,98,88,10,10
55253,114,138,-24,24
55254,115,106,9,9
55255,180,28,152,152
55256,137,153,-16,16
55257,106,97,9,9
55258,116,107,9,9
55259,161,144,17,17
55260,53,55,-2,2
55261,160,139,21,21
55262,105,111,-6,6
55263,85,79,6,6
55264,137,145,-8,8
55265,78,78,0,0
55266,152,158,-6,6
55267,107,106,1,1
55268,61,63,-2,2
55269,113,96,17,17
55270,145,143,2,2
55271,125,102,23,23
55272,63,62,1,1
55273,83,83,0,0
55274,139,126,13,13
55275,79,73,6,6
55276,136,138,-2,2
55277,77,87,-10,10
55278,101,98,3,3
55279,54,54,0,0
55280,103,109,-6,6
55281,84,80,4,4
55282,62,69,-7,7
55283,149,149,0,0
55284,52,69,-17,17
55285,143,136,7,7
55286,185,156,29,29
55287,121,116,5,5
55288,93,103,-10,10
55289,89,93,-4,4
55290,71,76,-5,5
55291,96,82,14,14
55292,92,86,6,6
55293,132,122,10,10
55294,110,121,-11,11
55295,81,86,-5,5
55296,138,136,2,2
55297,121,120,1,1
55298,136,116,20,20
55299,108,115,-7,7
55300,102,95,7,7
55301,107,120,-13,13
55302,123,114,9,9
55303,78,75,3,3
55304,123,119,4,4
55305,191,160,31,31
55306,83,83,0,0
55307,66,64,2,2
55308,147,145,2,2
55309,75,72,3,3
55310,142,141,1,1
55311,54,51,3,3
55312,79,82,-3,3
55313,65,62,3,3
55314,69,79,-10,10
55315,92,84,8,8
55316,116,83,33,33
55317,138,123,15,15
55318,60,70,-10,10
55319,113,113,0,0
55320,107,111,-4,4
55321,71,87,-16,16
55322,87,78,9,9
55323,66,67,-1,1
55324,115,118,-3,3
55325,88,89,-1,1
55326,59,66,-7,7
55327,109,103,6,6
55328,101,102,-1,1
55329,99,88,11,11
55330,84,85,-1,1
55331,79,69,10,10
55332,144,126,18,18
55333,74,81,-7,7
55334,67,80,-13,13
55335,79,93,-14,14
55336,69,85,-16,16
55337,64,71,-7,7
55338,74,70,4,4
55339,122,132,-10,10
55340,88,98,-10,10
55341,85,99,-14,14
55342,135,138,-3,3
55343,150,126,24,24
55344,120,108,12,12
55345,85,89,-4,4
55346,87,90,-3,3
55347,69,73,-4,4
55348,136,125,11,11
55349,139,118,21,21
55350,81,78,3,3
55351,88,97,-9,9
55352,117,111,6,6
55353,127,155,-28,28
55354,83,85,-2,2
55355,53,52,1,1
55356,41,50,-9,9
55357,97,94,3,3
55358,169,153,16,16
55359,112,103,9,9
55360,38,49,-11,11
55361,84,77,7,7
55362,67,74,-7,7
55363,92,87,5,5
55364,110,110,0,0
55365,88,114,-26,26
55366,78,78,0,0
55367,84,92,-8,8
55368,69,67,2,2
55369,99,91,8,8
55370,101,108,-7,7
55371,86,78,8,8
55372,102,107,-5,5
55373,60,62,-2,2
55374,54,53,1,1
55375,111,113,-2,2
55376,138,119,19,19
55377,82,76,6,6
55378,96,116,-20,20
55379,62,80,-18,18
55380,161,151,10,10
55381,73,69,4,4
55382,92,98,-6,6
55383,115,114,1,1
55384,150,132,18,18
55385,78,85,-7,7
55386,93,84,9,9
55387,80,72,8,8
55388,88,102,-14,14
55389,89,84,5,5
55390,107,107,0,0
55391,76,69,7,7
55392,115,126,-11,11
55393,96,89,7,7
55394,119,122,-3,3
55395,56,60,-4,4
55396,100,133,-33,33
55397,101,95,6,6
55398,89,89,0,0
55399,75,82,-7,7
55400,106,102,4,4
55401,68,65,3,3
55402,69,65,4,4
55403,83,73,10,10
55404,85,97,-12,12
55405,130,132,-2,2
55406,64,66,-2,2
55407,44,59,-15,15
55408,83,77,6,6
55409,54,102,-48,48
55410,130,106,24,24
55411,91,96,-5,5
55412,59,78,-19,19
55413,109,96,13,13
55414,145,157,-12,12
55415,65,55,10,10
55416,50,60,-10,10
55417,147,135,12,12
55418,90,99,-9,9
55419,143,152,-9,9
55420,97,96,1,1
55421,111,102,9,9
55422,63,55,8,8
55423,70,77,-7,7
55424,109,98,11,11
55425,108,118,-10,10
55426,149,144,5,5
55427,98,91,7,7
55428,137,131,6,6
55429,45,47,-2,2
55430,95,96,-1,1
55431,59,69,-10,10
55432,71,62,9,9
55433,117,119,-2,2
55434,73,76,-3,3
55435,80,76,4,4
55436,168,157,11,11
55437,149,150,-1,1
55438,53,50,3,3
55439,65,93,-28,28
55440,160,154,6,6
55441,83,84,-1,1
55442,88,97,-9,9
55443,98,90,8,8
55444,51,56,-5,5
55445,54,73,-19,19
55446,70,77,-7,7
55447,80,79,1,1
55448,169,135,34,34
55449,109,113,-4,4
55450,57,71,-14,14
55451,119,115,4,4
55452,238,207,31,31
55453,132,136,-4,4
55454,78,78,0,0
55455,88,76,12,12
55456,85,90,-5,5
55457,27,32,-5,5
55458,62,73,-11,11
55459,131,122,9,9
55460,138,122,16,16
55461,43,98,-55,55
55462,58,63,-5,5
55463,76,74,2,2
55464,72,79,-7,7
55465,121,95,26,26
55466,107,106,1,1
55467,81,80,1,1
55468,49,74,-25,25
55469,113,113,0,0
55470,71,66,5,5
55471,44,59,-15,15
55472,81,82,-1,1
55473,73,72,1,1
55474,85,98,-13,13
55475,100,103,-3,3
55476,126,123,3,3
55477,96,101,-5,5
55478,67,70,-3,3
55479,114,119,-5,5
55480,97,70,27,27
55481,185,146,39,39
55482,55,54,1,1
55483,177,170,7,7
55484,85,99,-14,14
55485,117,109,8,8
55486,157,139,18,18
55487,129,114,15,15
55488,94,102,-8,8
55489,87,97,-10,10
55490,139,125,14,14
55491,121,125,-4,4
55492,65,59,6,6
55493,58,63,-5,5
55494,98,98,0,0
55495,37,45,-8,8
55496,63,64,-1,1
55497,193,180,13,13
55498,101,105,-4,4
55499,69,84,-15,15
55500,133,128,5,5
55501,121,109,12,12
55502,91,84,7,7
55503,85,82,3,3
55504,67,83,-16,16
55505,117,107,10,10
55506,61,59,2,2
55507,61,70,-9,9
55508,97,103,-6,6
55509,81,80,1,1
55510,89,96,-7,7
55511,58,61,-3,3
55512,80,68,12,12
55513,96,76,20,20
55514,87,83,4,4
55515,69,79,-10,10
55516,116,134,-18,18
55517,138,140,-2,2
55518,65,52,13,13
55519,90,79,11,11
55520,87,104,-17,17
55521,102,94,8,8
55522,79,94,-15,15
55523,146,149,-3,3
55524,130,124,6,6
55525,127,111,16,16
55526,96,91,5,5
55527,80,87,-7,7
55528,132,176,-44,44
55529,115,97,18,18
55530,81,90,-9,9
55531,86,95,-9,9
55532,105,90,15,15
55533,130,138,-8,8
55534,84,92,-8,8
55535,52,100,-48,48
55536,72,66,6,6
55537,82,85,-3,3
55538,115,119,-4,4
55539,100,94,6,6
55540,102,99,3,3
55541,107,112,-5,5
55542,116,110,6,6
55543,61,58,3,3
55544,95,96,-1,1
55545,78,80,-2,2
55546,78,69,9,9
55547,79,65,14,14
55548,82,89,-7,7
55549,71,79,-8,8
55550,128,110,18,18
55551,89,87,2,2
55552,115,122,-7,7
55553,83,89,-6,6
55554,80,78,2,2
55555,79,99,-20,20
55556,69,99,-30,30
55557,123,114,9,9
55558,67,76,-9,9
55559,135,131,4,4
55560,134,148,-14,14
55561,133,113,20,20
55562,52,63,-11,11
55563,175,170,5,5
55564,95,83,12,12
55565,122,121,1,1
55566,74,69,5,5
55567,73,73,0,0
55568,53,61,-8,8
55569,69,73,-4,4
55570,103,113,-10,10
55571,45,55,-10,10
55572,107,92,15,15
55573,49,62,-13,13
55574,132,114,18,18
55575,89,89,0,0
55576,62,55,7,7
55577,109,110,-1,1
55578,81,81,0,0
55579,72,86,-14,14
55580,52,52,0,0
55581,74,78,-4,4
55582,36,47,-11,11
55583,68,71,-3,3
55584,73,74,-1,1
55585,89,89,0,0
55586,63,58,5,5
55587,69,77,-8,8
55588,103,124,-21,21
55589,53,60,-7,7
55590,103,106,-3,3
55591,108,103,5,5
55592,109,143,-34,34
55593,187,190,-3,3
55594,69,67,2,2
55595,124,115,9,9
55596,117,113,4,4
55597,94,97,-3,3
55598,44,22,22,22
55599,120,120,0,0
55600,140,155,-15,15
55601,131,113,18,18
55602,100,106,-6,6
55603,147,143,4,4
55604,55,47,8,8
55605,126,124,2,2
55606,84,90,-6,6
55607,81,91,-10,10
55608,110,89,21,21
55609,68,66,2,2
55610,90,96,-6,6
55611,79,77,2,2
55612,108,107,1,1
55613,69,71,-2,2
55614,67,64,3,3
55615,151,158,-7,7
55616,121,121,0,0
55617,67,84,-17,17
55618,100,96,4,4
55619,105,110,-5,5
55620,105,110,-5,5
55621,92,93,-1,1
55622,107,113,-6,6
55623,163,161,2,2
55624,110,113,-3,3
55625,115,109,6,6
55626,93,73,20,20
55627,143,114,29,29
55628,105,83,22,22
55629,102,98,4,4
55630,54,52,2,2
55631,117,120,-3,3
55632,94,83,11,11
55633,121,103,18,18
55634,51,50,1,1
55635,93,99,-6,6
55636,136,134,2,2
55637,75,65,10,10
55638,83,81,2,2
55639,90,81,9,9
55640,110,113,-3,3
55641,69,79,-10,10
55642,110,98,12,12
55643,78,86,-8,8
55644,85,83,2,2
55645,89,85,4,4
55646,86,95,-9,9
55647,106,110,-4,4
55648,102,94,8,8
55649,52,80,-28,28
55650,207,196,11,11
55651,93,90,3,3
55652,113,117,-4,4
55653,97,92,5,5
55654,80,85,-5,5
55655,118,131,-13,13
55656,90,97,-7,7
55657,88,97,-9,9
55658,96,98,-2,2
55659,103,111,-8,8
55660,65,69,-4,4
55661,48,60,-12,12
55662,85,73,12,12
55663,104,96,8,8
55664,54,65,-11,11
55665,89,74,15,15
55666,132,135,-3,3
55667,83,90,-7,7
55668,80,83,-3,3
55669,76,87,-11,11
55670,67,75,-8,8
55671,89,84,5,5
55672,149,132,17,17
55673,106,112,-6,6
55674,149,139,10,10
55675,52,59,-7,7
55676,58,64,-6,6
55677,70,73,-3,3
55678,78,86,-8,8
55679,212,177,35,35
55680,105,82,23,23
55681,101,85,16,16
55682,107,100,7,7
55683,145,132,13,13
55684,77,72,5,5
55685,108,100,8,8
55686,97,107,-10,10
55687,90,75,15,15
55688,104,115,-11,11
55689,99,103,-4,4
55690,94,97,-3,3
55691,105,111,-6,6
55692,69,71,-2,2
55693,81,83,-2,2
55694,88,82,6,6
55695,112,113,-1,1
55696,93,93,0,0
55697,130,127,3,3
55698,145,129,16,16
55699,130,125,5,5
55700,62,95,-33,33
55701,99,100,-1,1
55702,67,75,-8,8
55703,129,118,11,11
55704,72,82,-10,10
55705,96,93,3,3
55706,76,76,0,0
55707,102,100,2,2
55708,81,87,-6,6
55709,157,139,18,18
55710,100,117,-17,17
55711,122,108,14,14
55712,65,69,-4,4
55713,82,79,3,3
55714,95,92,3,3
55715,133,151,-18,18
55716,108,108,0,0
55717,81,96,-15,15
55718,91,91,0,0
55719,134,125,9,9
55720,146,146,0,0
55721,93,103,-10,10
55722,53,54,-1,1
55723,108,94,14,14
55724,93,80,13,13
55725,99,94,5,5
55726,158,141,17,17
55727,66,66,0,0
55728,66,72,-6,6
55729,83,91,-8,8
55730,103,96,7,7
55731,54,72,-18,18
55732,144,140,4,4
55733,88,109,-21,21
55734,105,97,8,8
55735,115,101,14,14
55736,125,111,14,14
55737,67,74,-7,7
55738,193,174,19,19
55739,127,107,20,20
55740,29,55,-26,26
55741,86,82,4,4
55742,121,132,-11,11
55743,94,84,10,10
55744,125,106,19,19
55745,174,155,19,19
55746,163,156,7,7
55747,128,119,9,9
55748,155,141,14,14
55749,123,123,0,0
55750,100,100,0,0
55751,80,93,-13,13
55752,121,119,2,2
55753,31,40,-9,9
55754,96,94,2,2
55755,80,82,-2,2
55756,83,80,3,3
55757,82,76,6,6
55758,97,109,-12,12
55759,72,70,2,2
55760,69,75,-6,6
55761,86,80,6,6
55762,73,96,-23,23
55763,100,94,6,6
55764,66,68,-2,2
55765,83,78,5,5
55766,92,101,-9,9
55767,68,68,0,0
55768,118,120,-2,2
55769,97,130,-33,33
55770,62,72,-10,10
55771,78,83,-5,5
55772,48,62,-14,14
55773,98,95,3,3
55774,71,79,-8,8
55775,62,64,-2,2
55776,45,73,-28,28
55777,122,114,8,8
55778,91,80,11,11
55779,71,140,-69,69
55780,68,69,-1,1
55781,118,122,-4,4
55782,79,80,-1,1
55783,120,122,-2,2
55784,134,137,-3,3
55785,72,68,4,4
55786,92,83,9,9
55787,49,53,-4,4
55788,100,92,8,8
55789,90,94,-4,4
55790,71,68,3,3
55791,83,81,2,2
55792,71,93,-22,22
55793,90,97,-7,7
55794,168,172,-4,4
55795,68,87,-19,19
55796,50,60,-10,10
55797,59,55,4,4
55798,52,79,-27,27
55799,104,106,-2,2
55800,95,94,1,1
55801,57,74,-17,17
55802,211,186,25,25
55803,58,55,3,3
55804,125,121,4,4
55805,99,98,1,1
55806,88,95,-7,7
55807,182,205,-23,23
55808,99,91,8,8
55809,66,68,-2,2
55810,169,169,0,0
55811,105,115,-10,10
55812,92,95,-3,3
55813,110,109,1,1
55814,111,115,-4,4
55815,95,84,11,11
55816,74,71,3,3
55817,135,112,23,23
55818,51,92,-41,41
55819,78,71,7,7
55820,118,119,-1,1
55821,118,114,4,4
55822,104,97,7,7
55823,37,50,-13,13
55824,96,92,4,4
55825,93,84,9,9
55826,60,90,-30,30
55827,102,90,12,12
55828,112,112,0,0
55829,73,78,-5,5
55830,142,138,4,4
55831,67,61,6,6
55832,69,69,0,0
55833,103,217,-114,114
55834,42,58,-16,16
55835,99,99,0,0
55836,181,157,24,24
55837,94,94,0,0
55838,83,87,-4,4
55839,98,79,19,19
55840,151,138,13,13
55841,149,136,13,13
55842,92,96,-4,4
55843,129,159,-30,30
55844,79,74,5,5
55845,119,121,-2,2
55846,159,145,14,14
55847,63,78,-15,15
55848,74,73,1,1
55849,141,155,-14,14
55850,133,119,14,14
55851,106,97,9,9
55852,180,149,31,31
55853,152,134,18,18
55854,85,89,-4,4
55855,118,110,8,8
55856,127,117,10,10
55857,143,144,-1,1
55858,80,100,-20,20
55859,123,117,6,6
55860,131,113,18,18
55861,53,39,14,14
55862,83,72,11,11
55863,97,87,10,10
55864,120,130,-10,10
55865,71,65,6,6
55866,127,116,11,11
55867,68,69,-1,1
55868,79,87,-8,8
55869,104,122,-18,18
55870,139,143,-4,4
55871,143,131,12,12
55872,102,108,-6,6
55873,75,65,10,10
55874,105,112,-7,7
55875,71,64,7,7
55876,52,48,4,4
55877,73,82,-9,9
55878,95,91,4,4
55879,84,95,-11,11
55880,77,78,-1,1
55881,63,74,-11,11
55882,80,94,-14,14
55883,111,99,12,12
55884,146,142,4,4
55885,136,165,-29,29
55886,58,46,12,12
55887,77,68,9,9
55888,74,110,-36,36
55889,157,153,4,4
55890,113,119,-6,6
55891,88,76,12,12
55892,98,100,-2,2
55893,70,73,-3,3
55894,70,85,-15,15
55895,95,99,-4,4
55896,113,92,21,21
55897,65,71,-6,6
55898,82,64,18,18
55899,89,102,-13,13
55900,90,77,13,13
55901,75,93,-18,18
55902,73,65,8,8
55903,45,55,-10,10
55904,75,80,-5,5
55905,89,84,5,5
55906,127,104,23,23
55907,189,163,26,26
55908,132,142,-10,10
55909,95,97,-2,2
55910,113,99,14,14
55911,81,84,-3,3
55912,121,124,-3,3
55913,73,71,2,2
55914,107,107,0,0
55915,72,78,-6,6
55916,110,112,-2,2
55917,69,71,-2,2
55918,149,127,22,22
55919,63,66,-3,3
55920,115,105,10,10
55921,105,103,2,2
55922,88,85,3,3
55923,65,71,-6,6
55924,87,91,-4,4
55925,94,101,-7,7
55926,125,128,-3,3
55927,93,79,14,14
55928,112,109,3,3
55929,103,102,1,1
55930,117,110,7,7
55931,95,89,6,6
55932,76,73,3,3
55933,94,101,-7,7
55934,50,60,-10,10
55935,115,111,4,4
55936,105,92,13,13
55937,108,102,6,6
55938,141,127,14,14
55939,102,100,2,2
55940,58,73,-15,15
55941,108,96,12,12
55942,89,78,11,11
55943,71,76,-5,5
55944,59,56,3,3
55945,89,88,1,1
55946,57,55,2,2
55947,106,99,7,7
55948,161,143,18,18
55949,92,78,14,14
55950,66,68,-2,2
55951,82,84,-2,2
55952,84,77,7,7
55953,115,96,19,19
55954,110,114,-4,4
55955,135,132,3,3
55956,93,98,-5,5
55957,134,148,-14,14
55958,105,89,16,16
55959,79,82,-3,3
55960,25,7,18,18
55961,124,120,4,4
55962,29,66,-37,37
55963,96,80,16,16
55964,125,128,-3,3
55965,52,65,-13,13
55966,101,101,0,0
55967,70,70,0,0
55968,98,99,-1,1
55969,77,72,5,5
55970,167,156,11,11
55971,82,91,-9,9
55972,91,88,3,3
55973,70,64,6,6
55974,74,67,7,7
55975,121,121,0,0
55976,46,68,-22,22
55977,76,75,1,1
55978,111,119,-8,8
55979,58,57,1,1
55980,65,67,-2,2
55981,53,46,7,7
55982,109,110,-1,1
55983,80,87,-7,7
55984,88,88,0,0
55985,110,110,0,0
55986,98,89,9,9
55987,97,122,-25,25
55988,128,116,12,12
55989,144,134,10,10
55990,82,89,-7,7
55991,131,119,12,12
55992,100,105,-5,5
55993,95,88,7,7
55994,108,108,0,0
55995,82,81,1,1
55996,73,68,5,5
55997,94,102,-8,8
55998,99,122,-23,23
55999,88,92,-4,4
56000,157,169,-12,12
56001,75,84,-9,9
56002,95,104,-9,9
56003,82,73,9,9
56004,160,184,-24,24
56005,146,155,-9,9
56006,166,171,-5,5
56007,76,79,-3,3
56008,139,132,7,7
56009,110,99,11,11
56010,118,110,8,8
56011,122,108,14,14
56012,50,60,-10,10
56013,59,66,-7,7
56014,112,103,9,9
56015,108,111,-3,3
56016,42,48,-6,6
56017,112,118,-6,6
56018,126,114,12,12
56019,88,96,-8,8
56020,121,100,21,21
56021,83,78,5,5
56022,95,99,-4,4
56023,98,84,14,14
56024,104,106,-2,2
56025,66,63,3,3
56026,129,123,6,6
56027,85,70,15,15
56028,101,103,-2,2
56029,68,61,7,7
56030,86,88,-2,2
56031,79,69,10,10
56032,91,88,3,3
56033,113,112,1,1
56034,149,141,8,8
56035,76,77,-1,1
56036,107,104,3,3
56037,110,108,2,2
56038,75,92,-17,17
56039,100,111,-11,11
56040,110,114,-4,4
56041,115,117,-2,2
56042,128,131,-3,3
56043,177,163,14,14
56044,105,95,10,10
56045,79,148,-69,69
56046,126,127,-1,1
56047,135,161,-26,26
56048,66,75,-9,9
56049,148,131,17,17
56050,128,136,-8,8
56051,106,79,27,27
56052,99,89,10,10
56053,73,51,22,22
56054,64,77,-13,13
56055,98,121,-23,23
56056,111,102,9,9
56057,124,122,2,2
56058,117,113,4,4
56059,94,84,10,10
56060,86,75,11,11
56061,80,80,0,0
56062,105,114,-9,9
56063,77,83,-6,6
56064,101,113,-12,12
56065,118,106,12,12
56066,130,104,26,26
56067,97,97,0,0
56068,77,78,-1,1
56069,76,77,-1,1
56070,122,128,-6,6
56071,116,124,-8,8
56072,67,73,-6,6
56073,109,96,13,13
56074,62,66,-4,4
56075,95,89,6,6
56076,130,131,-1,1
56077,49,81,-32,32
56078,64,61,3,3
56079,84,93,-9,9
56080,147,147,0,0
56081,121,101,20,20
56082,158,161,-3,3
56083,105,97,8,8
56084,99,96,3,3
56085,108,112,-4,4
56086,159,164,-5,5
56087,87,90,-3,3
56088,128,145,-17,17
56089,58,67,-9,9
56090,110,108,2,2
56091,187,175,12,12
56092,87,91,-4,4
56093,143,133,10,10
56094,84,75,9,9
56095,132,141,-9,9
56096,74,71,3,3
56097,109,111,-2,2
56098,86,99,-13,13
56099,111,100,11,11
56100,49,54,-5,5
56101,73,66,7,7
56102,125,136,-11,11
56103,75,81,-6,6
56104,78,74,4,4
56105,99,90,9,9
56106,103,105,-2,2
56107,106,103,3,3
56108,57,57,0,0
56109,139,122,17,17
56110,90,82,8,8
56111,67,70,-3,3
56112,60,61,-1,1
56113,46,51,-5,5
56114,56,55,1,1
56115,135,127,8,8
56116,52,43,9,9
56117,102,102,0,0
56118,79,78,1,1
56119,75,75,0,0
56120,118,115,3,3
56121,107,115,-8,8
56122,24,52,-28,28
56123,102,91,11,11
56124,78,75,3,3
56125,94,84,10,10
56126,109,96,13,13
56127,139,132,7,7
56128,105,111,-6,6
56129,155,146,9,9
56130,53,55,-2,2
56131,82,95,-13,13
56132,159,142,17,17
56133,105,100,5,5
56134,102,99,3,3
56135,78,83,-5,5
56136,67,73,-6,6
56137,149,142,7,7
56138,84,84,0,0
56139,87,96,-9,9
56140,132,136,-4,4
56141,83,86,-3,3
56142,75,82,-7,7
56143,99,95,4,4
56144,77,97,-20,20
56145,97,95,2,2
56146,132,110,22,22
56147,105,114,-9,9
56148,105,95,10,10
56149,59,57,2,2
56150,69,66,3,3
56151,120,112,8,8
56152,59,63,-4,4
56153,105,88,17,17
56154,81,78,3,3
56155,156,128,28,28
56156,62,69,-7,7
56157,63,65,-2,2
56158,156,138,18,18
56159,48,162,-114,114
56160,81,86,-5,5
56161,78,73,5,5
56162,72,66,6,6
56163,110,102,8,8
56164,76,85,-9,9
56165,82,86,-4,4
56166,76,78,-2,2
56167,106,98,8,8
56168,109,111,-2,2
56169,96,84,12,12
56170,129,148,-19,19
56171,71,73,-2,2
56172,124,135,-11,11
56173,107,115,-8,8
56174,97,100,-3,3
56175,113,109,4,4
56176,152,152,0,0
56177,91,106,-15,15
56178,78,70,8,8
56179,158,149,9,9
56180,117,108,9,9
56181,97,100,-3,3
56182,83,75,8,8
56183,132,137,-5,5
56184,79,93,-14,14
56185,101,97,4,4
56186,135,131,4,4
56187,96,47,49,49
56188,82,76,6,6
56189,70,76,-6,6
56190,110,100,10,10
56191,141,128,13,13
56192,61,59,2,2
56193,97,88,9,9
56194,119,84,35,35
56195,67,74,-7,7
56196,92,102,-10,10
56197,84,74,10,10
56198,65,67,-2,2
56199,84,82,2,2
56200,124,108,16,16
56201,135,123,12,12
56202,146,125,21,21
56203,109,104,5,5
56204,145,141,4,4
56205,89,90,-1,1
56206,136,129,7,7
56207,85,92,-7,7
56208,55,53,2,2
56209,92,103,-11,11
56210,61,60,1,1
56211,132,112,20,20
56212,65,81,-16,16
56213,112,120,-8,8
56214,107,87,20,20
56215,48,63,-15,15
56216,55,53,2,2
56217,109,107,2,2
56218,136,127,9,9
56219,94,102,-8,8
56220,45,44,1,1
56221,139,113,26,26
56222,72,85,-13,13
56223,156,144,12,12
56224,58,75,-17,17
56225,96,94,2,2
56226,83,88,-5,5
56227,94,95,-1,1
56228,29,57,-28,28
56229,124,122,2,2
56230,71,75,-4,4
56231,146,119,27,27
56232,97,85,12,12
56233,104,102,2,2
56234,32,36,-4,4
56235,140,115,25,25
56236,57,74,-17,17
56237,112,110,2,2
56238,70,69,1,1
56239,92,82,10,10
56240,57,59,-2,2
56241,107,111,-4,4
56242,76,76,0,0
56243,81,87,-6,6
56244,115,116,-1,1
56245,22,57,-35,35
56246,96,97,-1,1
56247,84,92,-8,8
56248,103,93,10,10
56249,126,109,17,17
56250,76,71,5,5
56251,159,154,5,5
56252,74,69,5,5
56253,87,78,9,9
56254,46,60,-14,14
56255,33,47,-14,14
56256,76,70,6,6
56257,98,101,-3,3
56258,73,76,-3,3
56259,105,100,5,5
56260,51,59,-8,8
56261,94,105,-11,11
56262,54,86,-32,32
56263,86,96,-10,10
56264,60,61,-1,1
56265,144,144,0,0
56266,74,66,8,8
56267,90,98,-8,8
56268,100,101,-1,1
56269,107,119,-12,12
56270,129,122,7,7
56271,133,130,3,3
56272,70,78,-8,8
56273,101,87,14,14
56274,60,64,-4,4
56275,200,167,33,33
56276,64,70,-6,6
56277,143,141,2,2
56278,90,93,-3,3
56279,72,73,-1,1
56280,85,85,0,0
56281,136,136,0,0
56282,94,104,-10,10
56283,135,122,13,13
56284,102,97,5,5
56285,71,78,-7,7
56286,74,76,-2,2
56287,122,133,-11,11
56288,86,88,-2,2
56289,40,53,-13,13
56290,109,111,-2,2
56291,113,127,-14,14
56292,110,96,14,14
56293,68,68,0,0
56294,130,120,10,10
56295,89,103,-14,14
56296,106,109,-3,3
56297,98,98,0,0
56298,71,56,15,15
56299,128,155,-27,27
56300,158,131,27,27
56301,82,74,8,8
56302,42,45,-3,3
56303,67,72,-5,5
56304,107,108,-1,1
56305,77,73,4,4
56306,113,106,7,7
56307,73,61,12,12
56308,189,173,16,16
56309,101,115,-14,14
56310,117,137,-20,20
56311,113,126,-13,13
56312,81,78,3,3
56313,113,108,5,5
56314,108,101,7,7
56315,133,154,-21,21
56316,117,109,8,8
56317,119,124,-5,5
56318,72,67,5,5
56319,72,92,-20,20
56320,105,109,-4,4
56321,70,66,4,4
56322,66,59,7,7
56323,152,143,9,9
56324,89,80,9,9
56325,20,20,0,0
56326,72,80,-8,8
56327,89,77,12,12
56328,83,91,-8,8
56329,121,133,-12,12
56330,119,114,5,5
56331,101,107,-6,6
56332,84,87,-3,3
56333,78,80,-2,2
56334,166,150,16,16
56335,117,121,-4,4
56336,141,153,-12,12
56337,123,121,2,2
56338,162,164,-2,2
56339,50,68,-18,18
56340,60,60,0,0
56341,86,89,-3,3
56342,70,77,-7,7
56343,129,123,6,6
56344,65,68,-3,3
56345,75,79,-4,4
56346,91,73,18,18
56347,55,53,2,2
56348,82,84,-2,2
56349,102,117,-15,15
56350,74,76,-2,2
56351,84,88,-4,4
56352,128,112,16,16
56353,91,88,3,3
56354,120,132,-12,12
56355,85,83,2,2
56356,108,108,0,0
56357,72,71,1,1
56358,90,88,2,2
56359,85,95,-10,10
56360,112,105,7,7
56361,148,174,-26,26
56362,105,107,-2,2
56363,44,28,16,16
56364,42,56,-14,14
56365,103,99,4,4
56366,93,85,8,8
56367,63,70,-7,7
56368,169,175,-6,6
56369,65,63,2,2
56370,74,71,3,3
56371,99,114,-15,15
56372,129,133,-4,4
56373,93,95,-2,2
56374,139,141,-2,2
56375,64,119,-55,55
56376,93,98,-5,5
56377,53,83,-30,30
56378,110,101,9,9
56379,97,87,10,10
56380,170,150,20,20
56381,56,65,-9,9
56382,172,153,19,19
56383,71,77,-6,6
56384,161,142,19,19
56385,130,125,5,5
56386,101,108,-7,7
56387,107,105,2,2
56388,101,101,0,0
56389,64,75,-11,11
56390,75,75,0,0
56391,128,136,-8,8
56392,80,91,-11,11
56393,129,135,-6,6
56394,54,54,0,0
56395,71,79,-8,8
56396,55,48,7,7
56397,91,96,-5,5
56398,119,117,2,2
56399,94,94,0,0
56400,158,146,12,12
56401,60,63,-3,3
56402,158,160,-2,2
56403,56,43,13,13
56404,121,127,-6,6
56405,79,76,3,3
56406,120,107,13,13
56407,64,63,1,1
56408,62,87,-25,25
56409,80,84,-4,4
56410,135,138,-3,3
56411,102,118,-16,16
56412,115,109,6,6
56413,142,126,16,16
56414,115,126,-11,11
56415,119,122,-3,3
56416,138,158,-20,20
56417,97,84,13,13
56418,80,79,1,1
56419,97,106,-9,9
56420,111,110,1,1
56421,91,94,-3,3
56422,95,103,-8,8
56423,91,90,1,1
56424,101,93,8,8
56425,130,117,13,13
56426,89,91,-2,2
56427,86,98,-12,12
56428,178,158,20,20
56429,168,156,12,12
56430,63,51,12,12
56431,69,62,7,7
56432,186,145,41,41
56433,143,146,-3,3
56434,76,70,6,6
56435,87,96,-9,9
56436,46,46,0,0
56437,81,86,-5,5
56438,43,51,-8,8
56439,125,136,-11,11
56440,190,163,27,27
56441,112,102,10,10
56442,161,138,23,23
56443,119,104,15,15
56444,98,102,-4,4
56445,122,120,2,2
56446,94,86,8,8
56447,68,71,-3,3
56448,103,90,13,13
56449,126,120,6,6
56450,75,55,20,20
56451,123,108,15,15
56452,81,79,2,2
56453,144,131,13,13
56454,53,50,3,3
56455,164,169,-5,5
56456,60,65,-5,5
56457,117,101,16,16
56458,121,131,-10,10
56459,90,86,4,4
56460,86,77,9,9
56461,63,73,-10,10
56462,147,142,5,5
56463,103,105,-2,2
56464,68,74,-6,6
56465,91,86,5,5
56466,81,77,4,4
56467,71,64,7,7
56468,63,61,2,2
56469,123,124,-1,1
56470,105,92,13,13
56471,81,82,-1,1
56472,112,139,-27,27
56473,78,86,-8,8
56474,85,88,-3,3
56475,118,118,0,0
56476,65,53,12,12
56477,127,135,-8,8
56478,83,93,-10,10
56479,91,91,0,0
56480,62,65,-3,3
56481,75,73,2,2
56482,88,92,-4,4
56483,163,145,18,18
56484,48,59,-11,11
56485,93,108,-15,15
56486,85,82,3,3
56487,142,140,2,2
56488,93,102,-9,9
56489,73,76,-3,3
56490,65,76,-11,11
56491,83,75,8,8
56492,77,73,4,4
56493,113,100,13,13
56494,121,120,1,1
56495,71,56,15,15
56496,64,60,4,4
56497,70,73,-3,3
56498,155,146,9,9
56499,59,52,7,7
56500,80,81,-1,1
56501,80,87,-7,7
56502,59,62,-3,3
56503,83,70,13,13
56504,68,72,-4,4
56505,77,81,-4,4
56506,121,107,14,14
56507,63,68,-5,5
56508,82,84,-2,2
56509,145,156,-11,11
56510,63,67,-4,4
56511,124,115,9,9
56512,83,86,-3,3
56513,175,166,9,9
56514,185,177,8,8
56515,65,75,-10,10
56516,61,60,1,1
56517,76,72,4,4
56518,75,78,-3,3
56519,74,87,-13,13
56520,136,126,10,10
56521,47,37,10,10
56522,66,54,12,12
56523,131,130,1,1
56524,123,105,18,18
56525,118,116,2,2
56526,58,57,1,1
56527,89,87,2,2
56528,156,141,15,15
56529,55,59,-4,4
56530,115,98,17,17
56531,111,100,11,11
56532,116,122,-6,6
56533,62,68,-6,6
56534,108,93,15,15
56535,120,139,-19,19
56536,112,110,2,2
56537,56,61,-5,5
56538,142,147,-5,5
56539,91,77,14,14
56540,86,91,-5,5
56541,121,114,7,7
56542,80,79,1,1
56543,103,105,-2,2
56544,76,89,-13,13
56545,100,143,-43,43
56546,94,95,-1,1
56547,117,127,-10,10
56548,84,90,-6,6
56549,87,99,-12,12
56550,127,129,-2,2
56551,90,103,-13,13
56552,96,91,5,5
56553,56,59,-3,3
56554,74,52,22,22
56555,98,86,12,12
56556,107,113,-6,6
56557,125,117,8,8
56558,66,67,-1,1
56559,91,104,-13,13
56560,154,159,-5,5
56561,151,147,4,4
56562,77,94,-17,17
56563,60,58,2,2
56564,72,85,-13,13
56565,132,127,5,5
56566,74,78,-4,4
56567,63,78,-15,15
56568,129,138,-9,9
56569,169,157,12,12
56570,88,102,-14,14
56571,129,129,0,0
56572,140,134,6,6
56573,80,91,-11,11
56574,94,89,5,5
56575,49,52,-3,3
56576,145,149,-4,4
56577,97,103,-6,6
56578,94,102,-8,8
56579,83,80,3,3
56580,135,132,3,3
56581,103,100,3,3
56582,40,39,1,1
56583,119,160,-41,41
56584,60,62,-2,2
56585,44,44,0,0
56586,104,121,-17,17
56587,49,49,0,0
56588,70,93,-23,23
56589,59,65,-6,6
56590,114,133,-19,19
56591,65,47,18,18
56592,60,65,-5,5
56593,121,120,1,1
56594,115,108,7,7
56595,75,68,7,7
56596,74,76,-2,2
56597,103,106,-3,3
56598,59,56,3,3
56599,125,133,-8,8
56600,94,93,1,1
56601,73,68,5,5
56602,54,41,13,13
56603,58,55,3,3
56604,174,159,15,15
56605,46,44,2,2
56606,79,91,-12,12
56607,108,99,9,9
56608,50,65,-15,15
56609,120,113,7,7
56610,159,144,15,15
56611,171,163,8,8
56612,81,93,-12,12
56613,85,81,4,4
56614,118,143,-25,25
56615,73,68,5,5
56616,114,104,10,10
56617,77,77,0,0
56618,150,136,14,14
56619,72,92,-20,20
56620,64,82,-18,18
56621,85,95,-10,10
56622,112,131,-19,19
56623,57,56,1,1
56624,101,91,10,10
56625,83,89,-6,6
56626,74,68,6,6
56627,142,130,12,12
56628,111,98,13,13
56629,135,120,15,15
56630,64,72,-8,8
56631,75,67,8,8
56632,188,166,22,22
56633,63,91,-28,28
56634,124,116,8,8
56635,42,50,-8,8
56636,136,110,26,26
56637,50,46,4,4
56638,87,85,2,2
56639,140,133,7,7
56640,94,94,0,0
56641,94,99,-5,5
56642,61,71,-10,10
56643,86,94,-8,8
56644,126,118,8,8
56645,63,65,-2,2
56646,82,80,2,2
56647,140,163,-23,23
56648,134,133,1,1
56649,79,88,-9,9
56650,126,132,-6,6
56651,101,106,-5,5
56652,103,103,0,0
56653,70,75,-5,5
56654,85,65,20,20
56655,84,93,-9,9
56656,58,62,-4,4
56657,139,122,17,17
56658,67,71,-4,4
56659,101,102,-1,1
56660,83,78,5,5
56661,66,73,-7,7
56662,59,69,-10,10
56663,77,75,2,2
56664,53,59,-6,6
56665,130,124,6,6
56666,59,65,-6,6
56667,94,82,12,12
56668,120,105,15,15
56669,108,93,15,15
56670,95,85,10,10
56671,67,62,5,5
56672,103,100,3,3
56673,68,67,1,1
56674,82,82,0,0
56675,111,110,1,1
56676,78,85,-7,7
56677,59,62,-3,3
56678,72,74,-2,2
56679,101,95,6,6
56680,77,85,-8,8
56681,65,68,-3,3
56682,64,66,-2,2
56683,57,65,-8,8
56684,95,100,-5,5
56685,68,68,0,0
56686,137,130,7,7
56687,65,62,3,3
56688,82,83,-1,1
56689,73,74,-1,1
56690,96,114,-18,18
56691,110,116,-6,6
56692,139,125,14,14
56693,87,79,8,8
56694,113,92,21,21
56695,40,47,-7,7
56696,81,76,5,5
56697,51,58,-7,7
56698,173,176,-3,3
56699,72,83,-11,11
56700,107,102,5,5
56701,112,110,2,2
56702,125,121,4,4
56703,56,53,3,3
56704,141,127,14,14
56705,150,136,14,14
56706,136,141,-5,5
56707,127,128,-1,1
56708,132,147,-15,15
56709,96,82,14,14
56710,35,55,-20,20
56711,86,86,0,0
56712,108,97,11,11
56713,149,144,5,5
56714,103,102,1,1
56715,144,135,9,9
56716,135,132,3,3
56717,112,98,14,14
56718,86,98,-12,12
56719,54,48,6,6
56720,78,69,9,9
56721,72,70,2,2
56722,87,97,-10,10
56723,79,94,-15,15
56724,109,119,-10,10
56725,120,100,20,20
56726,173,155,18,18
56727,57,61,-4,4
56728,40,55,-15,15
56729,82,80,2,2
56730,70,73,-3,3
56731,86,93,-7,7
56732,98,103,-5,5
56733,134,139,-5,5
56734,45,49,-4,4
56735,129,126,3,3
56736,68,80,-12,12
56737,91,74,17,17
56738,113,112,1,1
56739,52,58,-6,6
56740,94,93,1,1
56741,94,104,-10,10
56742,113,113,0,0
56743,128,107,21,21
56744,99,102,-3,3
56745,105,100,5,5
56746,86,98,-12,12
56747,148,142,6,6
56748,138,111,27,27
56749,99,85,14,14
56750,94,100,-6,6
56751,73,77,-4,4
56752,153,147,6,6
56753,95,108,-13,13
56754,118,132,-14,14
56755,129,108,21,21
56756,50,67,-17,17
56757,123,126,-3,3
56758,142,136,6,6
56759,123,131,-8,8
56760,148,118,30,30
56761,107,104,3,3
56762,98,106,-8,8
56763,112,111,1,1
56764,137,132,5,5
56765,106,107,-1,1
56766,97,85,12,12
56767,96,96,0,0
56768,245,180,65,65
56769,115,108,7,7
56770,81,90,-9,9
56771,130,122,8,8
56772,86,75,11,11
56773,128,110,18,18
56774,73,71,2,2
56775,110,107,3,3
56776,130,116,14,14
56777,97,93,4,4
56778,80,87,-7,7
56779,91,93,-2,2
56780,88,81,7,7
56781,105,111,-6,6
56782,75,61,14,14
56783,93,100,-7,7
56784,115,119,-4,4
56785,133,131,2,2
56786,142,136,6,6
56787,62,75,-13,13
56788,78,82,-4,4
56789,91,90,1,1
56790,102,100,2,2
56791,109,102,7,7
56792,102,90,12,12
56793,90,79,11,11
56794,135,108,27,27
56795,31,43,-12,12
56796,143,135,8,8
56797,123,117,6,6
56798,102,106,-4,4
56799,59,59,0,0
56800,83,81,2,2
56801,99,111,-12,12
56802,50,50,0,0
56803,168,154,14,14
56804,80,83,-3,3
56805,104,126,-22,22
56806,117,114,3,3
56807,113,119,-6,6
56808,73,93,-20,20
56809,72,73,-1,1
56810,144,159,-15,15
56811,131,130,1,1
56812,107,132,-25,25
56813,85,91,-6,6
56814,58,74,-16,16
56815,67,69,-2,2
56816,62,57,5,5
56817,63,63,0,0
56818,148,147,1,1
56819,139,124,15,15
56820,82,95,-13,13
56821,133,128,5,5
56822,70,67,3,3
56823,99,98,1,1
56824,115,116,-1,1
56825,121,110,11,11
56826,107,108,-1,1
56827,113,96,17,17
56828,61,69,-8,8
56829,80,73,7,7
56830,78,77,1,1
56831,68,67,1,1
56832,122,136,-14,14
56833,109,108,1,1
56834,71,61,10,10
56835,60,59,1,1
56836,125,117,8,8
56837,68,78,-10,10
56838,114,119,-5,5
56839,93,78,15,15
56840,75,75,0,0
56841,99,103,-4,4
56842,133,132,1,1
56843,78,80,-2,2
56844,45,44,1,1
56845,87,64,23,23
56846,72,72,0,0
56847,129,134,-5,5
56848,93,91,2,2
56849,95,102,-7,7
56850,119,110,9,9
56851,96,79,17,17
56852,45,59,-14,14
56853,151,145,6,6
56854,75,64,11,11
56855,84,84,0,0
56856,75,68,7,7
56857,97,158,-61,61
56858,79,93,-14,14
56859,132,111,21,21
56860,108,120,-12,12
56861,115,104,11,11
56862,89,103,-14,14
56863,84,98,-14,14
56864,132,116,16,16
56865,94,85,9,9
56866,182,162,20,20
56867,170,176,-6,6
56868,93,94,-1,1
56869,70,81,-11,11
56870,38,39,-1,1
56871,102,106,-4,4
56872,139,133,6,6
56873,97,110,-13,13
56874,87,89,-2,2
56875,86,76,10,10
56876,76,93,-17,17
56877,91,93,-2,2
56878,81,76,5,5
56879,86,77,9,9
56880,90,83,7,7
56881,73,85,-12,12
56882,122,121,1,1
56883,81,71,10,10
56884,182,156,26,26
56885,73,79,-6,6
56886,108,103,5,5
56887,70,69,1,1
56888,170,153,17,17
56889,98,95,3,3
56890,83,81,2,2
56891,89,99,-10,10
56892,79,80,-1,1
56893,77,81,-4,4
56894,82,96,-14,14
56895,79,74,5,5
56896,165,155,10,10
56897,57,80,-23,23
56898,94,101,-7,7
56899,101,96,5,5
56900,170,172,-2,2
56901,68,80,-12,12
56902,121,117,4,4
56903,137,137,0,0
56904,72,80,-8,8
56905,109,107,2,2
56906,81,88,-7,7
56907,71,83,-12,12
56908,135,128,7,7
56909,105,103,2,2
56910,101,97,4,4
56911,71,78,-7,7
56912,93,89,4,4
56913,75,67,8,8
56914,68,146,-78,78
56915,107,94,13,13
56916,76,68,8,8
56917,127,118,9,9
56918,117,131,-14,14
56919,123,101,22,22
56920,158,146,12,12
56921,96,102,-6,6
56922,44,50,-6,6
56923,100,95,5,5
56924,69,73,-4,4
56925,77,89,-12,12
56926,66,71,-5,5
56927,71,65,6,6
56928,117,126,-9,9
56929,103,112,-9,9
56930,99,94,5,5
56931,131,129,2,2
56932,50,53,-3,3
56933,39,42,-3,3
56934,74,68,6,6
56935,51,50,1,1
56936,91,99,-8,8
56937,104,104,0,0
56938,76,81,-5,5
56939,126,138,-12,12
56940,79,76,3,3
56941,88,97,-9,9
56942,103,101,2,2
56943,156,159,-3,3
56944,153,140,13,13
56945,82,85,-3,3
56946,69,72,-3,3
56947,85,98,-13,13
56948,90,109,-19,19
56949,118,109,9,9
56950,113,111,2,2
56951,63,67,-4,4
56952,39,47,-8,8
56953,125,125,0,0
56954,111,134,-23,23
56955,85,89,-4,4
56956,69,70,-1,1
56957,164,141,23,23
56958,115,112,3,3
56959,100,120,-20,20
56960,97,108,-11,11
56961,76,91,-15,15
56962,109,125,-16,16
56963,122,113,9,9
56964,75,83,-8,8
56965,94,95,-1,1
56966,73,69,4,4
56967,138,127,11,11
56968,109,94,15,15
56969,84,100,-16,16
56970,65,57,8,8
56971,97,98,-1,1
56972,150,133,17,17
56973,158,157,1,1
56974,74,66,8,8
56975,64,70,-6,6
56976,102,101,1,1
56977,83,96,-13,13
56978,181,169,12,12
56979,149,158,-9,9
56980,67,67,0,0
56981,108,120,-12,12
56982,126,116,10,10
56983,129,121,8,8
56984,123,109,14,14
56985,88,77,11,11
56986,79,81,-2,2
56987,122,104,18,18
56988,88,95,-7,7
56989,129,129,0,0
56990,82,73,9,9
56991,72,74,-2,2
56992,116,124,-8,8
56993,93,97,-4,4
56994,82,91,-9,9
56995,153,149,4,4
56996,169,147,22,22
56997,79,91,-12,12
56998,92,94,-2,2
56999,123,119,4,4
57000,75,92,-17,17
57001,162,176,-14,14
57002,79,76,3,3
57003,90,90,0,0
57004,74,96,-22,22
57005,130,115,15,15
57006,128,121,7,7
57007,75,84,-9,9
57008,86,86,0,0
57009,111,122,-11,11
57010,100,97,3,3
57011,57,67,-10,10
57012,126,122,4,4
57013,61,65,-4,4
57014,79,83,-4,4
57015,80,77,3,3
57016,49,55,-6,6
57017,83,84,-1,1
57018,65,64,1,1
57019,76,76,0,0
57020,99,97,2,2
57021,152,135,17,17
57022,74,76,-2,2
57023,90,89,1,1
57024,116,112,4,4
57025,150,173,-23,23
57026,98,123,-25,25
57027,136,124,12,12
57028,109,102,7,7
57029,131,124,7,7
57030,44,60,-16,16
57031,52,50,2,2
57032,73,69,4,4
57033,160,148,12,12
57034,104,105,-1,1
57035,71,71,0,0
57036,52,58,-6,6
57037,69,64,5,5
57038,120,116,4,4
57039,51,43,8,8
57040,65,74,-9,9
57041,93,87,6,6
57042,62,69,-7,7
57043,108,97,11,11
57044,86,91,-5,5
57045,65,69,-4,4
57046,151,156,-5,5
57047,82,91,-9,9
57048,54,50,4,4
57049,57,63,-6,6
57050,87,89,-2,2
57051,75,83,-8,8
57052,76,82,-6,6
57053,144,159,-15,15
57054,82,90,-8,8
57055,70,71,-1,1
57056,65,77,-12,12
57057,130,128,2,2
57058,179,170,9,9
57059,143,144,-1,1
57060,128,141,-13,13
57061,59,59,0,0
57062,141,117,24,24
57063,91,94,-3,3
57064,117,111,6,6
57065,103,107,-4,4
57066,102,110,-8,8
57067,150,148,2,2
57068,91,78,13,13
57069,82,90,-8,8
57070,72,84,-12,12
57071,146,132,14,14
57072,51,58,-7,7
57073,119,120,-1,1
57074,94,87,7,7
57075,113,106,7,7
57076,115,108,7,7
57077,50,61,-11,11
57078,72,92,-20,20
57079,127,119,8,8
57080,67,89,-22,22
57081,76,85,-9,9
57082,96,104,-8,8
57083,137,152,-15,15
57084,189,171,18,18
57085,83,90,-7,7
57086,90,89,1,1
57087,85,82,3,3
57088,99,108,-9,9
57089,88,87,1,1
57090,163,209,-46,46
57091,78,78,0,0
57092,63,56,7,7
57093,87,89,-2,2
57094,81,81,0,0
57095,117,126,-9,9
57096,86,85,1,1
57097,97,94,3,3
57098,120,123,-3,3
57099,61,68,-7,7
57100,109,108,1,1
57101,82,75,7,7
57102,98,87,11,11
57103,100,89,11,11
57104,114,104,10,10
57105,61,61,0,0
57106,88,99,-11,11
57107,75,104,-29,29
57108,96,95,1,1
57109,125,126,-1,1
57110,216,197,19,19
57111,91,89,2,2
57112,149,166,-17,17
57113,104,92,12,12
57114,69,68,1,1
57115,65,70,-5,5
57116,116,121,-5,5
57117,66,63,3,3
57118,53,53,0,0
57119,61,93,-32,32
57120,106,111,-5,5
57121,118,106,12,12
57122,145,146,-1,1
57123,90,82,8,8
57124,76,80,-4,4
57125,48,50,-2,2
57126,38,45,-7,7
57127,65,75,-10,10
57128,98,99,-1,1
57129,48,57,-9,9
57130,93,103,-10,10
57131,117,128,-11,11
57132,66,67,-1,1
57133,110,106,4,4
57134,121,129,-8,8
57135,95,92,3,3
57136,81,88,-7,7
57137,48,57,-9,9
57138,80,81,-1,1
57139,136,150,-14,14
57140,55,36,19,19
57141,110,112,-2,2
57142,104,106,-2,2
57143,89,84,5,5
57144,90,114,-24,24
57145,111,105,6,6
57146,85,89,-4,4
57147,113,117,-4,4
57148,100,100,0,0
57149,147,120,27,27
57150,86,97,-11,11
57151,76,86,-10,10
57152,164,131,33,33
57153,130,102,28,28
57154,99,97,2,2
57155,40,42,-2,2
57156,175,177,-2,2
57157,148,155,-7,7
57158,106,107,-1,1
57159,152,138,14,14
57160,91,96,-5,5
57161,98,91,7,7
57162,51,69,-18,18
57163,88,107,-19,19
57164,89,82,7,7
57165,63,69,-6,6
57166,84,81,3,3
57167,75,76,-1,1
57168,117,109,8,8
57169,111,102,9,9
57170,134,140,-6,6
57171,81,94,-13,13
57172,101,99,2,2
57173,61,71,-10,10
57174,116,122,-6,6
57175,77,83,-6,6
57176,121,128,-7,7
57177,101,106,-5,5
57178,22,22,0,0
57179,89,83,6,6
57180,134,135,-1,1
57181,132,135,-3,3
57182,48,55,-7,7
57183,102,93,9,9
57184,90,89,1,1
57185,89,100,-11,11
57186,109,110,-1,1
57187,164,131,33,33
57188,93,97,-4,4
57189,93,97,-4,4
57190,63,73,-10,10
57191,99,100,-1,1
57192,72,68,4,4
57193,85,88,-3,3
57194,76,76,0,0
57195,85,80,5,5
57196,125,76,49,49
57197,63,69,-6,6
57198,47,51,-4,4
57199,123,128,-5,5
57200,88,90,-2,2
57201,75,71,4,4
57202,78,93,-15,15
57203,73,45,28,28
57204,113,118,-5,5
57205,88,79,9,9
57206,91,90,1,1
57207,99,111,-12,12
57208,92,100,-8,8
57209,102,101,1,1
57210,84,100,-16,16
57211,153,135,18,18
57212,117,127,-10,10
57213,61,37,24,24
57214,81,80,1,1
57215,148,154,-6,6
57216,88,82,6,6
57217,109,114,-5,5
57218,124,112,12,12
57219,44,53,-9,9
57220,75,92,-17,17
57221,107,105,2,2
57222,74,77,-3,3
57223,75,67,8,8
57224,97,98,-1,1
57225,95,86,9,9
57226,72,61,11,11
57227,71,70,1,1
57228,100,92,8,8
57229,110,99,11,11
57230,67,59,8,8
57231,59,53,6,6
57232,162,144,18,18
57233,97,108,-11,11
57234,66,70,-4,4
57235,87,89,-2,2
57236,142,163,-21,21
57237,77,89,-12,12
57238,61,65,-4,4
57239,61,125,-64,64
57240,131,133,-2,2
57241,84,89,-5,5
57242,77,90,-13,13
57243,60,57,3,3
57244,77,83,-6,6
57245,47,51,-4,4
57246,71,71,0,0
57247,118,112,6,6
57248,105,119,-14,14
57249,137,121,16,16
57250,48,72,-24,24
57251,81,77,4,4
57252,105,87,18,18
57253,107,109,-2,2
57254,149,136,13,13
57255,88,76,12,12
57256,104,95,9,9
57257,130,112,18,18
57258,118,126,-8,8
57259,50,65,-15,15
57260,113,100,13,13
57261,48,54,-6,6
57262,105,101,4,4
57263,63,71,-8,8
57264,63,79,-16,16
57265,65,74,-9,9
57266,105,113,-8,8
57267,38,41,-3,3
57268,57,34,23,23
57269,94,99,-5,5
57270,87,86,1,1
57271,68,69,-1,1
57272,66,85,-19,19
57273,87,85,2,2
57274,121,119,2,2
57275,104,92,12,12
57276,124,126,-2,2
57277,158,148,10,10
57278,30,27,3,3
57279,101,131,-30,30
57280,86,72,14,14
57281,93,96,-3,3
57282,123,123,0,0
57283,102,95,7,7
57284,142,159,-17,17
57285,61,83,-22,22
57286,75,81,-6,6
57287,125,125,0,0
57288,95,85,10,10
57289,171,158,13,13
57290,96,141,-45,45
57291,123,126,-3,3
57292,106,117,-11,11
57293,62,64,-2,2
57294,87,81,6,6
57295,57,56,1,1
57296,56,64,-8,8
57297,124,111,13,13
57298,81,81,0,0
57299,109,98,11,11
57300,165,163,2,2
57301,171,152,19,19
57302,104,107,-3,3
57303,59,64,-5,5
57304,40,55,-15,15
57305,74,82,-8,8
57306,127,122,5,5
57307,73,76,-3,3
57308,130,132,-2,2
57309,47,53,-6,6
57310,59,56,3,3
57311,156,139,17,17
57312,101,95,6,6
57313,89,87,2,2
57314,95,92,3,3
57315,60,78,-18,18
57316,91,97,-6,6
57317,74,75,-1,1
57318,160,136,24,24
57319,114,113,1,1
57320,148,138,10,10
57321,80,68,12,12
57322,24,38,-14,14
57323,52,57,-5,5
57324,259,218,41,41
57325,44,48,-4,4
57326,149,151,-2,2
57327,57,69,-12,12
57328,126,128,-2,2
57329,142,137,5,5
57330,111,111,0,0
57331,167,148,19,19
57332,76,70,6,6
57333,69,54,15,15
57334,110,113,-3,3
57335,92,118,-26,26
57336,99,90,9,9
57337,95,90,5,5
57338,114,97,17,17
57339,91,88,3,3
57340,104,108,-4,4
57341,84,93,-9,9
57342,164,145,19,19
57343,44,60,-16,16
57344,75,71,4,4
57345,95,88,7,7
57346,27,50,-23,23
57347,81,94,-13,13
57348,72,82,-10,10
57349,100,91,9,9
57350,131,119,12,12
57351,61,64,-3,3
57352,89,95,-6,6
57353,65,70,-5,5
57354,53,65,-12,12
57355,103,106,-3,3
57356,129,124,5,5
57357,114,112,2,2
57358,102,94,8,8
57359,87,86,1,1
57360,77,65,12,12
57361,72,61,11,11
57362,71,80,-9,9
57363,67,62,5,5
57364,116,121,-5,5
57365,102,91,11,11
57366,83,76,7,7
57367,55,56,-1,1
57368,71,98,-27,27
57369,84,93,-9,9
57370,98,92,6,6
57371,101,87,14,14
57372,82,68,14,14
57373,117,119,-2,2
57374,126,139,-13,13
57375,66,81,-15,15
57376,81,83,-2,2
57377,189,175,14,14
57378,90,85,5,5
57379,86,76,10,10
57380,107,98,9,9
57381,117,140,-23,23
57382,54,58,-4,4
57383,81,91,-10,10
57384,85,94,-9,9
57385,88,99,-11,11
57386,57,59,-2,2
57387,103,105,-2,2
57388,103,100,3,3
57389,95,98,-3,3
57390,107,109,-2,2
57391,91,84,7,7
57392,111,123,-12,12
57393,200,179,21,21
57394,83,90,-7,7
57395,86,83,3,3
57396,80,78,2,2
57397,109,112,-3,3
57398,69,83,-14,14
57399,78,81,-3,3
57400,70,93,-23,23
57401,77,74,3,3
57402,69,59,10,10
57403,96,92,4,4
57404,121,145,-24,24
57405,90,98,-8,8
57406,152,132,20,20
57407,91,89,2,2
57408,89,81,8,8
57409,104,96,8,8
57410,88,62,26,26
57411,113,110,3,3
57412,81,96,-15,15
57413,92,87,5,5
57414,112,97,15,15
57415,113,133,-20,20
57416,119,114,5,5
57417,68,69,-1,1
57418,183,159,24,24
57419,154,155,-1,1
57420,115,120,-5,5
57421,173,182,-9,9
57422,108,110,-2,2
57423,124,123,1,1
57424,71,64,7,7
57425,84,73,11,11
57426,80,99,-19,19
57427,90,107,-17,17
57428,74,65,9,9
57429,89,85,4,4
57430,81,94,-13,13
57431,100,88,12,12
57432,136,123,13,13
57433,55,54,1,1
57434,105,114,-9,9
57435,77,73,4,4
57436,192,168,24,24
57437,99,88,11,11
57438,90,88,2,2
57439,134,119,15,15
57440,113,111,2,2
57441,90,80,10,10
57442,150,131,19,19
57443,52,61,-9,9
57444,102,102,0,0
57445,55,55,0,0
57446,110,106,4,4
57447,57,70,-13,13
57448,57,60,-3,3
57449,97,98,-1,1
57450,117,120,-3,3
57451,83,87,-4,4
57452,121,109,12,12
57453,58,66,-8,8
57454,101,99,2,2
57455,63,67,-4,4
57456,105,109,-4,4
57457,94,86,8,8
57458,138,126,12,12
57459,62,58,4,4
57460,113,126,-13,13
57461,50,56,-6,6
57462,90,85,5,5
57463,135,142,-7,7
57464,68,58,10,10
57465,94,88,6,6
57466,63,70,-7,7
57467,179,164,15,15
57468,78,73,5,5
57469,197,161,36,36
57470,124,131,-7,7
57471,115,139,-24,24
57472,105,107,-2,2
57473,135,139,-4,4
57474,59,55,4,4
57475,75,88,-13,13
57476,131,137,-6,6
57477,125,136,-11,11
57478,82,93,-11,11
57479,193,182,11,11
57480,23,14,9,9
57481,67,63,4,4
57482,204,191,13,13
57483,78,95,-17,17
57484,95,103,-8,8
57485,143,147,-4,4
57486,69,67,2,2
57487,78,83,-5,5
57488,185,149,36,36
57489,60,64,-4,4
57490,93,94,-1,1
57491,49,53,-4,4
57492,151,137,14,14
57493,93,90,3,3
57494,109,101,8,8
57495,58,62,-4,4
57496,132,115,17,17
57497,85,85,0,0
57498,118,96,22,22
57499,69,71,-2,2
57500,76,77,-1,1
57501,68,79,-11,11
57502,68,66,2,2
57503,103,111,-8,8
57504,116,111,5,5
57505,189,168,21,21
57506,64,69,-5,5
57507,54,53,1,1
57508,99,99,0,0
57509,140,122,18,18
57510,52,52,0,0
57511,144,140,4,4
57512,96,102,-6,6
57513,60,75,-15,15
57514,131,128,3,3
57515,101,123,-22,22
57516,21,58,-37,37
57517,77,73,4,4
57518,94,95,-1,1
57519,64,54,10,10
57520,77,74,3,3
57521,89,79,10,10
57522,68,65,3,3
57523,100,76,24,24
57524,94,94,0,0
57525,99,93,6,6
57526,104,112,-8,8
57527,76,85,-9,9
57528,41,42,-1,1
57529,89,77,12,12
57530,159,126,33,33
57531,145,125,20,20
57532,89,89,0,0
57533,117,122,-5,5
57534,56,72,-16,16
57535,112,111,1,1
57536,59,53,6,6
57537,54,52,2,2
57538,83,72,11,11
57539,70,75,-5,5
57540,64,71,-7,7
57541,134,141,-7,7
57542,107,136,-29,29
57543,81,83,-2,2
57544,117,125,-8,8
57545,123,132,-9,9
57546,114,103,11,11
57547,173,159,14,14
57548,79,69,10,10
57549,117,105,12,12
57550,32,55,-23,23
57551,87,81,6,6
57552,189,172,17,17
57553,70,86,-16,16
57554,155,134,21,21
57555,81,80,1,1
57556,168,151,17,17
57557,114,110,4,4
57558,153,163,-10,10
57559,124,117,7,7
57560,51,43,8,8
57561,105,113,-8,8
57562,101,107,-6,6
57563,86,92,-6,6
57564,129,116,13,13
57565,122,108,14,14
57566,149,145,4,4
57567,85,82,3,3
57568,73,72,1,1
57569,66,68,-2,2
57570,180,165,15,15
57571,33,69,-36,36
57572,70,85,-15,15
57573,101,116,-15,15
57574,89,96,-7,7
57575,120,128,-8,8
57576,121,115,6,6
57577,91,105,-14,14
57578,90,92,-2,2
57579,121,114,7,7
57580,154,158,-4,4
57581,110,100,10,10
57582,65,63,2,2
57583,107,134,-27,27
57584,141,131,10,10
57585,61,62,-1,1
57586,119,118,1,1
57587,135,140,-5,5
57588,185,167,18,18
57589,46,61,-15,15
57590,89,96,-7,7
57591,134,116,18,18
57592,102,96,6,6
57593,138,124,14,14
57594,104,115,-11,11
57595,176,167,9,9
57596,112,111,1,1
57597,135,145,-10,10
57598,119,113,6,6
57599,82,68,14,14
57600,99,101,-2,2
57601,119,115,4,4
57602,98,107,-9,9
57603,96,94,2,2
57604,90,91,-1,1
57605,81,66,15,15
57606,65,66,-1,1
57607,120,121,-1,1
57608,90,78,12,12
57609,80,91,-11,11
57610,81,94,-13,13
57611,78,103,-25,25
57612,82,80,2,2
57613,155,144,11,11
57614,77,75,2,2
57615,116,118,-2,2
57616,78,77,1,1
57617,69,63,6,6
57618,64,69,-5,5
57619,88,85,3,3
57620,56,84,-28,28
57621,62,68,-6,6
57622,49,64,-15,15
57623,120,103,17,17
57624,154,159,-5,5
57625,86,99,-13,13
57626,61,76,-15,15
57627,66,67,-1,1
57628,145,127,18,18
57629,83,95,-12,12
57630,136,125,11,11
57631,88,92,-4,4
57632,71,80,-9,9
57633,93,91,2,2
57634,97,87,10,10
57635,94,98,-4,4
57636,97,99,-2,2
57637,57,62,-5,5
57638,142,126,16,16
57639,119,119,0,0
57640,87,97,-10,10
57641,131,141,-10,10
57642,119,133,-14,14
57643,76,70,6,6
57644,55,50,5,5
57645,106,105,1,1
57646,70,72,-2,2
57647,103,98,5,5
57648,96,78,18,18
57649,150,126,24,24
57650,128,126,2,2
57651,38,38,0,0
57652,65,75,-10,10
57653,79,96,-17,17
57654,96,93,3,3
57655,88,79,9,9
57656,185,185,0,0
57657,81,84,-3,3
57658,151,126,25,25
57659,94,91,3,3
57660,72,78,-6,6
57661,110,104,6,6
57662,109,95,14,14
57663,80,78,2,2
57664,68,79,-11,11
57665,111,98,13,13
57666,67,63,4,4
57667,95,85,10,10
57668,114,108,6,6
57669,51,67,-16,16
57670,111,102,9,9
57671,118,108,10,10
57672,157,144,13,13
57673,82,79,3,3
57674,119,101,18,18
57675,73,82,-9,9
57676,88,80,8,8
57677,46,43,3,3
57678,61,63,-2,2
57679,81,91,-10,10
57680,117,135,-18,18
57681,87,97,-10,10
57682,71,67,4,4
57683,70,77,-7,7
57684,98,126,-28,28
57685,89,87,2,2
57686,100,102,-2,2
57687,124,104,20,20
57688,166,147,19,19
57689,90,85,5,5
57690,43,47,-4,4
57691,175,174,1,1
57692,104,108,-4,4
57693,180,170,10,10
57694,57,54,3,3
57695,36,50,-14,14
57696,144,150,-6,6
57697,136,124,12,12
57698,56,60,-4,4
57699,93,102,-9,9
57700,91,85,6,6
57701,98,87,11,11
57702,82,61,21,21
57703,101,113,-12,12
57704,113,110,3,3
57705,53,65,-12,12
57706,55,55,0,0
57707,120,118,2,2
57708,105,96,9,9
57709,71,71,0,0
57710,78,78,0,0
57711,165,155,10,10
57712,82,81,1,1
57713,126,109,17,17
57714,114,106,8,8
57715,143,146,-3,3
57716,118,116,2,2
57717,94,101,-7,7
57718,41,39,2,2
57719,67,63,4,4
57720,83,78,5,5
57721,119,111,8,8
57722,62,65,-3,3
57723,55,52,3,3
57724,95,90,5,5
57725,91,99,-8,8
57726,68,65,3,3
57727,144,153,-9,9
57728,64,66,-2,2
57729,43,57,-14,14
57730,81,90,-9,9
57731,94,76,18,18
57732,77,77,0,0
57733,167,166,1,1
57734,51,57,-6,6
57735,117,114,3,3
57736,93,93,0,0
57737,71,75,-4,4
57738,64,72,-8,8
57739,168,160,8,8
57740,98,101,-3,3
57741,38,50,-12,12
57742,124,110,14,14
57743,104,103,1,1
57744,45,62,-17,17
57745,36,48,-12,12
57746,82,77,5,5
57747,120,102,18,18
57748,108,117,-9,9
57749,43,46,-3,3
57750,85,78,7,7
57751,146,155,-9,9
57752,82,101,-19,19
57753,115,111,4,4
57754,98,81,17,17
57755,87,90,-3,3
57756,124,123,1,1
57757,86,92,-6,6
57758,92,109,-17,17
57759,109,97,12,12
57760,125,108,17,17
57761,140,138,2,2
57762,84,124,-40,40
57763,66,84,-18,18
57764,131,113,18,18
57765,81,78,3,3
57766,88,88,0,0
57767,143,145,-2,2
57768,74,84,-10,10
57769,118,125,-7,7
57770,56,69,-13,13
57771,61,39,22,22
57772,112,108,4,4
57773,119,106,13,13
57774,102,93,9,9
57775,101,126,-25,25
57776,71,76,-5,5
57777,118,124,-6,6
57778,119,128,-9,9
57779,83,81,2,2
57780,133,121,12,12
57781,57,54,3,3
57782,87,80,7,7
57783,6,63,-57,57
57784,76,89,-13,13
57785,124,120,4,4
57786,28,65,-37,37
57787,65,73,-8,8
57788,86,84,2,2
57789,111,112,-1,1
57790,59,60,-1,1
57791,94,86,8,8
57792,97,119,-22,22
57793,115,104,11,11
57794,75,74,1,1
57795,144,131,13,13
57796,86,97,-11,11
57797,74,79,-5,5
57798,102,108,-6,6
57799,79,72,7,7
57800,99,87,12,12
57801,140,140,0,0
57802,101,99,2,2
57803,156,140,16,16
57804,92,82,10,10
57805,70,78,-8,8
57806,59,78,-19,19
57807,116,107,9,9
57808,138,131,7,7
57809,136,134,2,2
57810,61,72,-11,11
57811,53,52,1,1
57812,79,77,2,2
57813,90,89,1,1
57814,127,114,13,13
57815,177,133,44,44
57816,110,121,-11,11
57817,129,121,8,8
57818,106,112,-6,6
57819,74,73,1,1
57820,154,152,2,2
57821,129,118,11,11
57822,73,78,-5,5
57823,77,76,1,1
57824,84,93,-9,9
57825,103,89,14,14
57826,90,142,-52,52
57827,109,115,-6,6
57828,68,71,-3,3
57829,72,64,8,8
57830,105,109,-4,4
57831,65,65,0,0
57832,95,97,-2,2
57833,133,121,12,12
57834,103,93,10,10
57835,107,116,-9,9
57836,79,71,8,8
57837,116,100,16,16
57838,91,93,-2,2
57839,72,87,-15,15
57840,66,89,-23,23
57841,147,131,16,16
57842,90,113,-23,23
57843,192,195,-3,3
57844,98,115,-17,17
57845,105,92,13,13
57846,44,47,-3,3
57847,102,84,18,18
57848,82,93,-11,11
57849,107,98,9,9
57850,102,98,4,4
57851,135,123,12,12
57852,157,138,19,19
57853,61,63,-2,2
57854,155,144,11,11
57855,121,122,-1,1
57856,77,68,9,9
57857,142,141,1,1
57858,95,82,13,13
57859,104,96,8,8
57860,77,82,-5,5
57861,135,129,6,6
57862,101,102,-1,1
57863,65,54,11,11
57864,108,105,3,3
57865,46,47,-1,1
57866,196,164,32,32
57867,83,89,-6,6
57868,92,80,12,12
57869,66,44,22,22
57870,87,91,-4,4
57871,76,71,5,5
57872,24,53,-29,29
57873,94,102,-8,8
57874,85,80,5,5
57875,147,187,-40,40
57876,104,106,-2,2
57877,97,97,0,0
57878,159,133,26,26
57879,103,102,1,1
57880,114,111,3,3
57881,133,143,-10,10
57882,66,64,2,2
57883,101,100,1,1
57884,71,81,-10,10
57885,85,78,7,7
57886,87,69,18,18
57887,116,102,14,14
57888,88,90,-2,2
57889,64,58,6,6
57890,48,48,0,0
57891,55,77,-22,22
57892,61,93,-32,32
57893,86,91,-5,5
57894,56,51,5,5
57895,58,49,9,9
57896,77,74,3,3
57897,70,72,-2,2
57898,78,78,0,0
57899,136,129,7,7
57900,69,78,-9,9
57901,68,58,10,10
57902,102,90,12,12
57903,67,63,4,4
57904,82,76,6,6
57905,54,54,0,0
57906,70,73,-3,3
57907,83,69,14,14
57908,129,111,18,18
57909,43,51,-8,8
57910,46,55,-9,9
57911,119,129,-10,10
57912,50,55,-5,5
57913,76,74,2,2
57914,168,136,32,32
57915,83,77,6,6
57916,116,104,12,12
57917,121,122,-1,1
57918,96,94,2,2
57919,126,131,-5,5
57920,86,92,-6,6
57921,85,81,4,4
57922,93,75,18,18
57923,52,58,-6,6
57924,129,123,6,6
57925,87,84,3,3
57926,38,53,-15,15
57927,61,69,-8,8
57928,77,93,-16,16
57929,73,66,7,7
57930,143,152,-9,9
57931,59,72,-13,13
57932,57,61,-4,4
57933,64,72,-8,8
57934,140,138,2,2
57935,109,113,-4,4
57936,91,97,-6,6
57937,64,63,1,1
57938,105,95,10,10
57939,121,111,10,10
57940,65,71,-6,6
57941,80,89,-9,9
57942,75,79,-4,4
57943,90,83,7,7
57944,93,101,-8,8
57945,60,70,-10,10
57946,75,75,0,0
57947,97,103,-6,6
57948,130,119,11,11
57949,111,110,1,1
57950,82,78,4,4
57951,102,95,7,7
57952,72,73,-1,1
57953,180,179,1,1
57954,71,76,-5,5
57955,92,94,-2,2
57956,109,109,0,0
57957,113,98,15,15
57958,117,124,-7,7
57959,105,101,4,4
57960,85,79,6,6
57961,75,71,4,4
57962,77,81,-4,4
57963,79,75,4,4
57964,106,96,10,10
57965,52,66,-14,14
57966,107,79,28,28
57967,89,85,4,4
57968,150,129,21,21
57969,84,82,2,2
57970,78,82,-4,4
57971,124,103,21,21
57972,58,59,-1,1
57973,110,100,10,10
57974,108,105,3,3
57975,95,111,-16,16
57976,139,123,16,16
57977,92,97,-5,5
57978,63,68,-5,5
57979,81,80,1,1
57980,103,89,14,14
57981,75,79,-4,4
57982,75,80,-5,5
57983,125,122,3,3
57984,98,105,-7,7
57985,101,104,-3,3
57986,73,90,-17,17
57987,95,88,7,7
57988,120,103,17,17
57989,90,108,-18,18
57990,178,151,27,27
57991,111,121,-10,10
57992,90,84,6,6
57993,91,72,19,19
57994,92,83,9,9
57995,77,73,4,4
57996,87,94,-7,7
57997,121,115,6,6
57998,99,90,9,9
57999,119,124,-5,5
58000,85,100,-15,15
58001,102,105,-3,3
58002,102,93,9,9
58003,68,44,24,24
58004,159,134,25,25
58005,91,75,16,16
58006,85,82,3,3
58007,77,85,-8,8
58008,136,148,-12,12
58009,182,163,19,19
58010,101,100,1,1
58011,63,61,2,2
58012,89,105,-16,16
58013,78,75,3,3
58014,104,104,0,0
58015,113,115,-2,2
58016,88,92,-4,4
58017,87,83,4,4
58018,182,157,25,25
58019,97,92,5,5
58020,123,119,4,4
58021,93,118,-25,25
58022,77,62,15,15
58023,87,85,2,2
58024,71,76,-5,5
58025,60,72,-12,12
58026,95,104,-9,9
58027,92,96,-4,4
58028,78,78,0,0
58029,84,88,-4,4
58030,153,151,2,2
58031,140,131,9,9
58032,99,81,18,18
58033,57,57,0,0
58034,83,85,-2,2
58035,79,79,0,0
58036,87,87,0,0
58037,85,99,-14,14
58038,80,71,9,9
58039,69,78,-9,9
58040,68,72,-4,4
58041,94,92,2,2
58042,79,88,-9,9
58043,115,115,0,0
58044,59,65,-6,6
58045,183,184,-1,1
58046,64,64,0,0
58047,109,103,6,6
58048,54,49,5,5
58049,62,57,5,5
58050,69,90,-21,21
58051,62,57,5,5
58052,71,72,-1,1
58053,140,135,5,5
58054,73,64,9,9
58055,124,119,5,5
58056,86,95,-9,9
58057,142,130,12,12
58058,170,161,9,9
58059,69,72,-3,3
58060,124,126,-2,2
58061,123,122,1,1
58062,104,79,25,25
58063,65,71,-6,6
58064,110,105,5,5
58065,80,80,0,0
58066,66,74,-8,8
58067,96,76,20,20
58068,116,126,-10,10
58069,74,75,-1,1
58070,59,46,13,13
58071,64,65,-1,1
58072,115,105,10,10
58073,89,77,12,12
58074,136,137,-1,1
58075,51,51,0,0
58076,73,66,7,7
58077,68,87,-19,19
58078,116,115,1,1
58079,135,129,6,6
58080,29,55,-26,26
58081,96,83,13,13
58082,38,127,-89,89
58083,170,181,-11,11
58084,125,123,2,2
58085,160,138,22,22
58086,108,112,-4,4
58087,144,144,0,0
58088,70,65,5,5
58089,100,91,9,9
58090,62,60,2,2
58091,129,113,16,16
58092,99,89,10,10
58093,93,90,3,3
58094,108,99,9,9
58095,59,57,2,2
58096,43,37,6,6
58097,119,109,10,10
58098,71,60,11,11
58099,147,180,-33,33
58100,60,61,-1,1
58101,79,86,-7,7
58102,64,67,-3,3
58103,73,73,0,0
58104,105,103,2,2
58105,80,79,1,1
58106,79,77,2,2
58107,90,82,8,8
58108,89,91,-2,2
58109,73,72,1,1
58110,113,108,5,5
58111,78,102,-24,24
58112,63,75,-12,12
58113,142,130,12,12
58114,145,147,-2,2
58115,95,98,-3,3
58116,101,101,0,0
58117,126,113,13,13
58118,154,129,25,25
58119,184,147,37,37
58120,116,130,-14,14
58121,84,80,4,4
58122,129,133,-4,4
58123,74,84,-10,10
58124,97,92,5,5
58125,88,114,-26,26
58126,102,107,-5,5
58127,69,66,3,3
58128,73,80,-7,7
58129,77,65,12,12
58130,98,90,8,8
58131,78,79,-1,1
58132,108,86,22,22
58133,78,93,-15,15
58134,86,102,-16,16
58135,70,65,5,5
58136,70,75,-5,5
58137,78,72,6,6
58138,81,73,8,8
58139,55,66,-11,11
58140,37,52,-15,15
58141,80,75,5,5
58142,68,79,-11,11
58143,130,135,-5,5
58144,100,89,11,11
58145,71,73,-2,2
58146,97,96,1,1
58147,147,128,19,19
58148,93,96,-3,3
58149,165,156,9,9
58150,70,87,-17,17
58151,59,82,-23,23
58152,46,48,-2,2
58153,132,111,21,21
58154,90,77,13,13
58155,208,218,-10,10
58156,124,146,-22,22
58157,92,98,-6,6
58158,75,85,-10,10
58159,103,108,-5,5
58160,47,61,-14,14
58161,72,66,6,6
58162,65,61,4,4
58163,107,121,-14,14
58164,131,123,8,8
58165,67,88,-21,21
58166,119,109,10,10
58167,63,71,-8,8
58168,153,133,20,20
58169,72,81,-9,9
58170,131,136,-5,5
58171,92,91,1,1
58172,70,63,7,7
58173,93,97,-4,4
58174,48,58,-10,10
58175,75,74,1,1
58176,185,169,16,16
58177,90,94,-4,4
58178,53,49,4,4
58179,130,127,3,3
58180,139,116,23,23
58181,92,100,-8,8
58182,77,118,-41,41
58183,130,109,21,21
58184,88,83,5,5
58185,68,81,-13,13
58186,144,125,19,19
58187,73,89,-16,16
58188,136,138,-2,2
58189,115,101,14,14
58190,79,88,-9,9
58191,97,93,4,4
58192,70,70,0,0
58193,76,78,-2,2
58194,110,109,1,1
58195,103,123,-20,20
58196,106,99,7,7
58197,82,79,3,3
58198,82,88,-6,6
58199,64,73,-9,9
58200,108,113,-5,5
58201,162,147,15,15
58202,64,70,-6,6
58203,42,62,-20,20
58204,128,131,-3,3
58205,93,80,13,13
58206,83,76,7,7
58207,75,70,5,5
58208,113,110,3,3
58209,131,129,2,2
58210,70,65,5,5
58211,82,80,2,2
58212,53,53,0,0
58213,92,95,-3,3
58214,123,104,19,19
58215,132,118,14,14
58216,71,73,-2,2
58217,83,79,4,4
58218,52,46,6,6
58219,102,93,9,9
58220,51,59,-8,8
58221,90,77,13,13
58222,121,139,-18,18
58223,125,109,16,16
58224,66,62,4,4
58225,99,100,-1,1
58226,71,91,-20,20
58227,103,100,3,3
58228,87,97,-10,10
58229,130,135,-5,5
58230,74,76,-2,2
58231,171,153,18,18
58232,146,121,25,25
58233,81,81,0,0
58234,72,64,8,8
58235,81,91,-10,10
58236,58,68,-10,10
58237,111,102,9,9
58238,148,127,21,21
58239,76,80,-4,4
58240,78,71,7,7
58241,91,101,-10,10
58242,91,96,-5,5
58243,70,80,-10,10
58244,155,136,19,19
58245,89,101,-12,12
58246,55,54,1,1
58247,97,79,18,18
58248,71,68,3,3
58249,134,135,-1,1
58250,85,77,8,8
58251,76,88,-12,12
58252,98,103,-5,5
58253,51,56,-5,5
58254,111,111,0,0
58255,59,75,-16,16
58256,112,108,4,4
58257,43,51,-8,8
58258,122,113,9,9
58259,62,113,-51,51
58260,57,57,0,0
58261,94,95,-1,1
58262,92,96,-4,4
58263,113,122,-9,9
58264,125,126,-1,1
58265,98,94,4,4
58266,58,75,-17,17
58267,110,101,9,9
58268,69,73,-4,4
58269,57,62,-5,5
58270,54,64,-10,10
58271,69,65,4,4
58272,84,94,-10,10
58273,81,96,-15,15
58274,72,88,-16,16
58275,120,123,-3,3
58276,59,74,-15,15
58277,121,111,10,10
58278,54,55,-1,1
58279,62,73,-11,11
58280,83,70,13,13
58281,85,71,14,14
58282,102,112,-10,10
58283,109,100,9,9
58284,128,140,-12,12
58285,128,113,15,15
58286,155,130,25,25
58287,75,73,2,2
58288,44,45,-1,1
58289,106,118,-12,12
58290,122,112,10,10
58291,99,90,9,9
58292,76,83,-7,7
58293,93,84,9,9
58294,59,61,-2,2
58295,115,106,9,9
58296,147,149,-2,2
58297,104,106,-2,2
58298,56,56,0,0
58299,119,115,4,4
58300,92,90,2,2
58301,55,55,0,0
58302,70,63,7,7
58303,79,78,1,1
58304,106,105,1,1
58305,141,154,-13,13
58306,142,138,4,4
58307,100,106,-6,6
58308,71,66,5,5
58309,37,51,-14,14
58310,58,66,-8,8
58311,107,104,3,3
58312,104,100,4,4
58313,125,124,1,1
58314,95,131,-36,36
58315,164,158,6,6
58316,45,48,-3,3
58317,86,77,9,9
58318,101,95,6,6
58319,117,106,11,11
58320,85,117,-32,32
58321,60,59,1,1
58322,141,137,4,4
58323,101,96,5,5
58324,113,103,10,10
58325,108,117,-9,9
58326,86,83,3,3
58327,121,119,2,2
58328,165,181,-16,16
58329,58,55,3,3
58330,165,139,26,26
58331,99,109,-10,10
58332,77,79,-2,2
58333,120,117,3,3
58334,132,112,20,20
58335,138,117,21,21
58336,104,126,-22,22
58337,59,54,5,5
58338,68,61,7,7
58339,76,81,-5,5
58340,81,88,-7,7
58341,126,115,11,11
58342,125,102,23,23
58343,39,36,3,3
58344,103,82,21,21
58345,64,74,-10,10
58346,120,117,3,3
58347,53,63,-10,10
58348,81,71,10,10
58349,128,108,20,20
58350,75,71,4,4
58351,67,56,11,11
58352,158,131,27,27
58353,77,96,-19,19
58354,140,125,15,15
58355,75,79,-4,4
58356,114,127,-13,13
58357,82,72,10,10
58358,96,115,-19,19
58359,142,130,12,12
58360,84,91,-7,7
58361,84,57,27,27
58362,69,79,-10,10
58363,63,60,3,3
58364,83,87,-4,4
58365,136,136,0,0
58366,107,98,9,9
58367,95,103,-8,8
58368,157,144,13,13
58369,89,98,-9,9
58370,85,76,9,9
58371,102,102,0,0
58372,103,111,-8,8
58373,88,80,8,8
58374,100,95,5,5
58375,69,68,1,1
58376,84,93,-9,9
58377,32,50,-18,18
58378,52,59,-7,7
58379,156,139,17,17
58380,71,60,11,11
58381,114,119,-5,5
58382,83,88,-5,5
58383,81,88,-7,7
58384,164,159,5,5
58385,109,109,0,0
58386,89,99,-10,10
58387,125,110,15,15
58388,82,77,5,5
58389,73,78,-5,5
58390,117,128,-11,11
58391,69,71,-2,2
58392,98,102,-4,4
58393,114,104,10,10
58394,86,85,1,1
58395,112,101,11,11
58396,96,95,1,1
58397,113,98,15,15
58398,86,94,-8,8
58399,130,119,11,11
58400,80,72,8,8
58401,134,121,13,13
58402,158,167,-9,9
58403,59,55,4,4
58404,55,61,-6,6
58405,87,92,-5,5
58406,42,59,-17,17
58407,76,70,6,6
58408,62,47,15,15
58409,119,123,-4,4
58410,103,99,4,4
58411,172,154,18,18
58412,134,127,7,7
58413,68,74,-6,6
58414,62,64,-2,2
58415,57,61,-4,4
58416,147,148,-1,1
58417,93,82,11,11
58418,116,117,-1,1
58419,161,153,8,8
58420,79,96,-17,17
58421,148,144,4,4
58422,118,116,2,2
58423,46,58,-12,12
58424,130,138,-8,8
58425,163,156,7,7
58426,56,81,-25,25
58427,74,74,0,0
58428,66,79,-13,13
58429,84,78,6,6
58430,76,83,-7,7
58431,88,92,-4,4
58432,69,75,-6,6
58433,60,64,-4,4
58434,75,81,-6,6
58435,164,154,10,10
58436,71,89,-18,18
58437,125,109,16,16
58438,86,95,-9,9
58439,62,62,0,0
58440,82,90,-8,8
58441,55,53,2,2
58442,58,64,-6,6
58443,52,52,0,0
58444,107,99,8,8
58445,82,96,-14,14
58446,118,134,-16,16
58447,104,103,1,1
58448,65,65,0,0
58449,148,168,-20,20
58450,104,111,-7,7
58451,189,162,27,27
58452,126,138,-12,12
58453,92,119,-27,27
58454,122,115,7,7
58455,75,85,-10,10
58456,99,96,3,3
58457,99,111,-12,12
58458,154,155,-1,1
58459,89,97,-8,8
58460,145,148,-3,3
58461,81,70,11,11
58462,146,159,-13,13
58463,171,164,7,7
58464,52,55,-3,3
58465,81,85,-4,4
58466,102,101,1,1
58467,137,145,-8,8
58468,43,49,-6,6
58469,93,108,-15,15
58470,62,69,-7,7
58471,110,100,10,10
58472,78,67,11,11
58473,112,116,-4,4
58474,64,74,-10,10
58475,52,53,-1,1
58476,51,74,-23,23
58477,71,73,-2,2
58478,62,67,-5,5
58479,54,65,-11,11
58480,81,43,38,38
58481,156,123,33,33
58482,76,74,2,2
58483,74,63,11,11
58484,63,66,-3,3
58485,59,49,10,10
58486,45,49,-4,4
58487,127,110,17,17
58488,110,98,12,12
58489,68,63,5,5
58490,89,92,-3,3
58491,64,69,-5,5
58492,116,127,-11,11
58493,68,71,-3,3
58494,211,209,2,2
58495,93,83,10,10
58496,79,77,2,2
58497,84,85,-1,1
58498,73,75,-2,2
58499,82,76,6,6
58500,80,101,-21,21
58501,75,73,2,2
58502,83,91,-8,8
58503,123,129,-6,6
58504,52,37,15,15
58505,133,133,0,0
58506,90,91,-1,1
58507,70,79,-9,9
58508,74,83,-9,9
58509,84,87,-3,3
58510,90,86,4,4
58511,92,91,1,1
58512,55,41,14,14
58513,62,68,-6,6
58514,120,113,7,7
58515,84,93,-9,9
58516,83,77,6,6
58517,95,113,-18,18
58518,79,73,6,6
58519,89,87,2,2
58520,149,150,-1,1
58521,81,108,-27,27
58522,91,89,2,2
58523,87,82,5,5
58524,76,87,-11,11
58525,45,50,-5,5
58526,226,217,9,9
58527,125,114,11,11
58528,148,141,7,7
58529,60,56,4,4
58530,134,137,-3,3
58531,165,152,13,13
58532,129,123,6,6
58533,65,63,2,2
58534,89,85,4,4
58535,95,100,-5,5
58536,83,75,8,8
58537,79,70,9,9
58538,111,97,14,14
58539,83,74,9,9
58540,121,123,-2,2
58541,97,101,-4,4
58542,114,110,4,4
58543,55,51,4,4
58544,118,111,7,7
58545,95,64,31,31
58546,80,94,-14,14
58547,112,105,7,7
58548,127,125,2,2
58549,140,134,6,6
58550,100,178,-78,78
58551,50,57,-7,7
58552,130,130,0,0
58553,77,75,2,2
58554,86,88,-2,2
58555,117,96,21,21
58556,163,172,-9,9
58557,78,66,12,12
58558,118,116,2,2
58559,110,118,-8,8
58560,93,84,9,9
58561,76,82,-6,6
58562,71,57,14,14
58563,85,83,2,2
58564,39,45,-6,6
58565,77,86,-9,9
58566,57,60,-3,3
58567,68,73,-5,5
58568,74,83,-9,9
58569,80,70,10,10
58570,86,90,-4,4
58571,55,56,-1,1
58572,129,123,6,6
58573,181,156,25,25
58574,71,68,3,3
58575,106,129,-23,23
58576,43,63,-20,20
58577,157,132,25,25
58578,68,64,4,4
58579,134,125,9,9
58580,137,145,-8,8
58581,71,74,-3,3
58582,48,59,-11,11
58583,45,49,-4,4
58584,75,74,1,1
58585,67,84,-17,17
58586,108,98,10,10
58587,81,77,4,4
58588,94,97,-3,3
58589,229,205,24,24
58590,58,57,1,1
58591,75,98,-23,23
58592,97,108,-11,11
58593,142,142,0,0
58594,196,155,41,41
58595,78,86,-8,8
58596,101,118,-17,17
58597,100,90,10,10
58598,82,77,5,5
58599,100,104,-4,4
58600,81,86,-5,5
58601,81,87,-6,6
58602,106,120,-14,14
58603,74,59,15,15
58604,77,86,-9,9
58605,124,120,4,4
58606,35,45,-10,10
58607,76,83,-7,7
58608,106,96,10,10
58609,83,91,-8,8
58610,82,88,-6,6
58611,77,77,0,0
58612,113,109,4,4
58613,86,79,7,7
58614,115,93,22,22
58615,98,93,5,5
58616,69,80,-11,11
58617,90,87,3,3
58618,99,91,8,8
58619,59,74,-15,15
58620,109,103,6,6
58621,72,82,-10,10
58622,130,127,3,3
58623,118,120,-2,2
58624,113,116,-3,3
58625,98,88,10,10
58626,102,87,15,15
58627,142,117,25,25
58628,95,93,2,2
58629,89,88,1,1
58630,45,67,-22,22
58631,35,35,0,0
58632,54,54,0,0
58633,102,96,6,6
58634,27,46,-19,19
58635,66,62,4,4
58636,35,47,-12,12
58637,115,104,11,11
58638,148,145,3,3
58639,98,95,3,3
58640,115,119,-4,4
58641,79,80,-1,1
58642,84,89,-5,5
58643,147,147,0,0
58644,79,85,-6,6
58645,62,63,-1,1
58646,95,78,17,17
58647,71,83,-12,12
58648,66,68,-2,2
58649,84,83,1,1
58650,142,135,7,7
58651,142,133,9,9
58652,91,98,-7,7
58653,102,112,-10,10
58654,105,122,-17,17
58655,66,61,5,5
58656,83,96,-13,13
58657,63,67,-4,4
58658,66,66,0,0
58659,109,127,-18,18
58660,71,90,-19,19
58661,92,99,-7,7
58662,139,146,-7,7
58663,117,122,-5,5
58664,120,121,-1,1
58665,94,103,-9,9
58666,99,98,1,1
58667,58,52,6,6
58668,129,153,-24,24
58669,66,73,-7,7
58670,126,104,22,22
58671,111,109,2,2
58672,54,46,8,8
58673,153,131,22,22
58674,82,95,-13,13
58675,56,60,-4,4
58676,59,61,-2,2
58677,146,159,-13,13
58678,64,71,-7,7
58679,56,79,-23,23
58680,60,54,6,6
58681,21,28,-7,7
58682,132,131,1,1
58683,85,96,-11,11
58684,113,108,5,5
58685,81,75,6,6
58686,110,105,5,5
58687,98,97,1,1
58688,86,87,-1,1
58689,102,98,4,4
58690,129,160,-31,31
58691,89,82,7,7
58692,121,129,-8,8
58693,104,98,6,6
58694,63,82,-19,19
58695,138,144,-6,6
58696,119,128,-9,9
58697,92,86,6,6
58698,113,105,8,8
58699,97,101,-4,4
58700,162,158,4,4
58701,41,58,-17,17
58702,112,110,2,2
58703,124,108,16,16
58704,76,82,-6,6
58705,116,114,2,2
58706,86,78,8,8
58707,69,63,6,6
58708,99,110,-11,11
58709,65,63,2,2
58710,70,90,-20,20
58711,111,99,12,12
58712,79,70,9,9
58713,92,92,0,0
58714,92,78,14,14
58715,126,125,1,1
58716,109,108,1,1
58717,65,70,-5,5
58718,79,81,-2,2
58719,160,155,5,5
58720,75,77,-2,2
58721,95,97,-2,2
58722,97,98,-1,1
58723,102,86,16,16
58724,75,64,11,11
58725,119,128,-9,9
58726,31,56,-25,25
58727,137,124,13,13
58728,99,114,-15,15
58729,135,131,4,4
58730,143,147,-4,4
58731,128,130,-2,2
58732,135,135,0,0
58733,56,52,4,4
58734,79,74,5,5
58735,157,131,26,26
58736,103,124,-21,21
58737,147,141,6,6
58738,78,74,4,4
58739,124,129,-5,5
58740,57,58,-1,1
58741,63,92,-29,29
58742,79,66,13,13
58743,87,96,-9,9
58744,105,96,9,9
58745,119,107,12,12
58746,41,39,2,2
58747,62,68,-6,6
58748,148,136,12,12
58749,113,106,7,7
58750,236,206,30,30
58751,49,51,-2,2
58752,78,89,-11,11
58753,105,111,-6,6
58754,136,134,2,2
58755,93,97,-4,4
58756,55,67,-12,12
58757,87,90,-3,3
58758,67,71,-4,4
58759,113,100,13,13
58760,52,53,-1,1
58761,102,148,-46,46
58762,149,150,-1,1
58763,65,81,-16,16
58764,106,97,9,9
58765,88,80,8,8
58766,175,154,21,21
58767,116,101,15,15
58768,128,117,11,11
58769,86,83,3,3
58770,154,132,22,22
58771,93,94,-1,1
58772,65,90,-25,25
58773,119,124,-5,5
58774,81,70,11,11
58775,93,138,-45,45
58776,77,83,-6,6
58777,144,121,23,23
58778,105,104,1,1
58779,111,85,26,26
58780,143,132,11,11
58781,96,98,-2,2
58782,86,99,-13,13
58783,78,66,12,12
58784,136,134,2,2
58785,82,85,-3,3
58786,91,84,7,7
58787,83,82,1,1
58788,106,120,-14,14
58789,94,89,5,5
58790,99,109,-10,10
58791,78,78,0,0
58792,154,145,9,9
58793,77,43,34,34
58794,184,169,15,15
58795,192,177,15,15
58796,77,76,1,1
58797,105,110,-5,5
58798,62,67,-5,5
58799,103,90,13,13
58800,59,74,-15,15
58801,77,66,11,11
58802,155,156,-1,1
58803,90,89,1,1
58804,98,125,-27,27
58805,93,88,5,5
58806,132,126,6,6
58807,115,112,3,3
58808,67,70,-3,3
58809,198,166,32,32
58810,90,85,5,5
58811,114,121,-7,7
58812,108,101,7,7
58813,77,78,-1,1
58814,114,129,-15,15
58815,126,138,-12,12
58816,86,80,6,6
58817,67,69,-2,2
58818,108,109,-1,1
58819,92,91,1,1
58820,123,127,-4,4
58821,96,99,-3,3
58822,64,57,7,7
58823,166,153,13,13
58824,218,193,25,25
58825,89,97,-8,8
58826,76,91,-15,15
58827,69,75,-6,6
58828,122,125,-3,3
58829,115,112,3,3
58830,87,115,-28,28
58831,119,111,8,8
58832,95,93,2,2
58833,82,92,-10,10
58834,57,61,-4,4
58835,100,103,-3,3
58836,86,77,9,9
58837,101,101,0,0
58838,65,68,-3,3
58839,106,100,6,6
58840,75,66,9,9
58841,142,125,17,17
58842,81,80,1,1
58843,77,76,1,1
58844,59,65,-6,6
58845,130,111,19,19
58846,100,84,16,16
58847,92,101,-9,9
58848,55,59,-4,4
58849,101,120,-19,19
58850,66,65,1,1
58851,108,98,10,10
58852,83,77,6,6
58853,69,62,7,7
58854,140,131,9,9
58855,87,89,-2,2
58856,96,90,6,6
58857,167,147,20,20
58858,72,68,4,4
58859,88,84,4,4
58860,124,120,4,4
58861,91,98,-7,7
58862,51,60,-9,9
58863,87,79,8,8
58864,92,99,-7,7
58865,58,72,-14,14
58866,45,54,-9,9
58867,95,81,14,14
58868,134,126,8,8
58869,91,87,4,4
58870,121,121,0,0
58871,51,46,5,5
58872,58,48,10,10
58873,48,47,1,1
58874,75,85,-10,10
58875,46,63,-17,17
58876,56,61,-5,5
58877,87,77,10,10
58878,47,64,-17,17
58879,88,91,-3,3
58880,112,107,5,5
58881,56,65,-9,9
58882,104,110,-6,6
58883,61,55,6,6
58884,96,91,5,5
58885,113,105,8,8
58886,66,63,3,3
58887,153,156,-3,3
58888,115,131,-16,16
58889,100,99,1,1
58890,73,72,1,1
58891,89,65,24,24
58892,101,113,-12,12
58893,82,92,-10,10
58894,89,94,-5,5
58895,94,95,-1,1
58896,93,81,12,12
58897,113,106,7,7
58898,129,131,-2,2
58899,68,55,13,13
58900,68,67,1,1
58901,94,96,-2,2
58902,157,135,22,22
58903,99,90,9,9
58904,54,67,-13,13
58905,123,110,13,13
58906,94,82,12,12
58907,183,174,9,9
58908,74,73,1,1
58909,59,56,3,3
58910,173,141,32,32
58911,122,118,4,4
58912,75,73,2,2
58913,77,76,1,1
58914,63,73,-10,10
58915,90,95,-5,5
58916,56,61,-5,5
58917,82,89,-7,7
58918,86,110,-24,24
58919,149,152,-3,3
58920,108,111,-3,3
58921,73,73,0,0
58922,67,67,0,0
58923,93,102,-9,9
58924,55,50,5,5
58925,108,119,-11,11
58926,118,125,-7,7
58927,30,41,-11,11
58928,70,32,38,38
58929,94,90,4,4
58930,84,77,7,7
58931,77,79,-2,2
58932,64,59,5,5
58933,103,108,-5,5
58934,93,108,-15,15
58935,91,97,-6,6
58936,65,64,1,1
58937,108,92,16,16
58938,117,101,16,16
58939,45,48,-3,3
58940,113,118,-5,5
58941,70,61,9,9
58942,75,87,-12,12
58943,79,77,2,2
58944,59,61,-2,2
58945,59,55,4,4
58946,42,58,-16,16
58947,96,100,-4,4
58948,109,101,8,8
58949,95,107,-12,12
58950,126,137,-11,11
58951,89,91,-2,2
58952,99,93,6,6
58953,145,131,14,14
58954,108,106,2,2
58955,84,78,6,6
58956,82,84,-2,2
58957,171,169,2,2
58958,103,93,10,10
58959,118,111,7,7
58960,180,151,29,29
58961,61,71,-10,10
58962,163,150,13,13
58963,135,150,-15,15
58964,152,128,24,24
58965,109,97,12,12
58966,61,63,-2,2
58967,108,119,-11,11
58968,181,175,6,6
58969,104,112,-8,8
58970,105,100,5,5
58971,68,70,-2,2
58972,116,124,-8,8
58973,144,121,23,23
58974,85,88,-3,3
58975,141,153,-12,12
58976,152,139,13,13
58977,114,115,-1,1
58978,143,152,-9,9
58979,155,152,3,3
58980,191,176,15,15
58981,102,105,-3,3
58982,77,69,8,8
58983,97,99,-2,2
58984,85,89,-4,4
58985,82,73,9,9
58986,83,72,11,11
58987,64,66,-2,2
58988,135,137,-2,2
58989,86,74,12,12
58990,59,55,4,4
58991,71,65,6,6
58992,65,32,33,33
58993,134,125,9,9
58994,85,93,-8,8
58995,159,158,1,1
58996,145,131,14,14
58997,66,71,-5,5
58998,71,73,-2,2
58999,154,134,20,20
59000,159,166,-7,7
59001,50,61,-11,11
59002,95,95,0,0
59003,81,69,12,12
59004,128,112,16,16
59005,79,74,5,5
59006,93,103,-10,10
59007,156,155,1,1
59008,107,99,8,8
59009,48,58,-10,10
59010,49,62,-13,13
59011,52,122,-70,70
59012,43,44,-1,1
59013,166,146,20,20
59014,59,52,7,7
59015,97,82,15,15
59016,143,142,1,1
59017,107,121,-14,14
59018,122,112,10,10
59019,77,59,18,18
59020,77,88,-11,11
59021,52,53,-1,1
59022,70,53,17,17
59023,93,84,9,9
59024,93,111,-18,18
59025,110,112,-2,2
59026,53,68,-15,15
59027,67,63,4,4
59028,185,184,1,1
59029,90,89,1,1
59030,107,98,9,9
59031,148,151,-3,3
59032,119,121,-2,2
59033,95,107,-12,12
59034,112,98,14,14
59035,171,173,-2,2
59036,110,89,21,21
59037,76,92,-16,16
59038,99,92,7,7
59039,94,100,-6,6
59040,107,109,-2,2
59041,73,69,4,4
59042,133,107,26,26
59043,70,87,-17,17
59044,80,66,14,14
59045,149,126,23,23
59046,78,49,29,29
59047,95,91,4,4
59048,79,79,0,0
59049,42,55,-13,13
59050,73,75,-2,2
59051,346,243,103,103
59052,70,59,11,11
59053,75,71,4,4
59054,144,132,12,12
59055,63,70,-7,7
59056,80,73,7,7
59057,124,118,6,6
59058,69,66,3,3
59059,99,96,3,3
59060,140,116,24,24
59061,117,114,3,3
59062,58,61,-3,3
59063,84,87,-3,3
59064,47,45,2,2
59065,86,83,3,3
59066,52,61,-9,9
59067,77,78,-1,1
59068,69,75,-6,6
59069,107,99,8,8
59070,118,104,14,14
59071,81,89,-8,8
59072,109,93,16,16
59073,97,104,-7,7
59074,85,85,0,0
59075,81,86,-5,5
59076,65,57,8,8
59077,101,118,-17,17
59078,90,100,-10,10
59079,68,79,-11,11
59080,59,52,7,7
59081,97,97,0,0
59082,104,106,-2,2
59083,52,56,-4,4
59084,58,59,-1,1
59085,64,71,-7,7
59086,92,93,-1,1
59087,179,162,17,17
59088,112,102,10,10
59089,100,111,-11,11
59090,60,65,-5,5
59091,102,104,-2,2
59092,111,107,4,4
59093,100,95,5,5
59094,80,83,-3,3
59095,89,94,-5,5
59096,124,137,-13,13
59097,70,73,-3,3
59098,85,98,-13,13
59099,79,92,-13,13
59100,74,72,2,2
59101,66,107,-41,41
59102,75,79,-4,4
59103,83,77,6,6
59104,65,69,-4,4
59105,119,123,-4,4
59106,102,108,-6,6
59107,81,80,1,1
59108,77,74,3,3
59109,81,74,7,7
59110,94,101,-7,7
59111,103,98,5,5
59112,104,105,-1,1
59113,118,104,14,14
59114,90,90,0,0
59115,71,70,1,1
59116,114,102,12,12
59117,120,98,22,22
59118,85,74,11,11
59119,79,79,0,0
59120,49,67,-18,18
59121,74,73,1,1
59122,99,91,8,8
59123,106,134,-28,28
59124,89,96,-7,7
59125,21,35,-14,14
59126,114,113,1,1
59127,90,99,-9,9
59128,129,129,0,0
59129,64,61,3,3
59130,44,46,-2,2
59131,150,133,17,17
59132,136,125,11,11
59133,119,120,-1,1
59134,68,68,0,0
59135,87,98,-11,11
59136,66,70,-4,4
59137,103,101,2,2
59138,117,111,6,6
59139,111,94,17,17
59140,112,83,29,29
59141,101,109,-8,8
59142,143,130,13,13
59143,81,88,-7,7
59144,180,152,28,28
59145,61,66,-5,5
59146,131,129,2,2
59147,70,79,-9,9
59148,107,103,4,4
59149,135,112,23,23
59150,92,95,-3,3
59151,81,85,-4,4
59152,108,99,9,9
59153,90,87,3,3
59154,86,74,12,12
59155,127,108,19,19
59156,47,44,3,3
59157,130,128,2,2
59158,84,87,-3,3
59159,79,75,4,4
59160,91,91,0,0
59161,120,119,1,1
59162,80,88,-8,8
59163,59,58,1,1
59164,81,86,-5,5
59165,143,148,-5,5
59166,117,95,22,22
59167,143,146,-3,3
59168,154,126,28,28
59169,57,68,-11,11
59170,69,82,-13,13
59171,44,50,-6,6
59172,84,89,-5,5
59173,96,95,1,1
59174,80,88,-8,8
59175,61,77,-16,16
59176,64,83,-19,19
59177,67,69,-2,2
59178,108,111,-3,3
59179,87,83,4,4
59180,87,85,2,2
59181,112,98,14,14
59182,147,133,14,14
59183,143,139,4,4
59184,124,139,-15,15
59185,160,152,8,8
59186,109,100,9,9
59187,71,74,-3,3
59188,138,135,3,3
59189,76,73,3,3
59190,96,95,1,1
59191,94,87,7,7
59192,44,51,-7,7
59193,83,92,-9,9
59194,49,50,-1,1
59195,75,89,-14,14
59196,104,113,-9,9
59197,75,89,-14,14
59198,93,95,-2,2
59199,96,102,-6,6
59200,81,84,-3,3
59201,80,88,-8,8
59202,97,68,29,29
59203,65,82,-17,17
59204,46,52,-6,6
59205,79,73,6,6
59206,88,91,-3,3
59207,62,73,-11,11
59208,84,67,17,17
59209,70,74,-4,4
59210,129,126,3,3
59211,104,79,25,25
59212,116,113,3,3
59213,126,119,7,7
59214,95,97,-2,2
59215,66,61,5,5
59216,81,93,-12,12
59217,133,115,18,18
59218,95,100,-5,5
59219,151,135,16,16
59220,88,92,-4,4
59221,110,103,7,7
59222,69,50,19,19
59223,106,97,9,9
59224,64,73,-9,9
59225,126,110,16,16
59226,41,61,-20,20
59227,97,99,-2,2
59228,46,79,-33,33
59229,52,76,-24,24
59230,66,56,10,10
59231,81,83,-2,2
59232,81,80,1,1
59233,85,78,7,7
59234,35,40,-5,5
59235,118,109,9,9
59236,94,97,-3,3
59237,92,105,-13,13
59238,55,59,-4,4
59239,99,107,-8,8
59240,68,74,-6,6
59241,56,57,-1,1
59242,97,101,-4,4
59243,110,109,1,1
59244,152,140,12,12
59245,40,48,-8,8
59246,52,71,-19,19
59247,169,152,17,17
59248,160,139,21,21
59249,78,73,5,5
59250,77,92,-15,15
59251,40,43,-3,3
59252,93,113,-20,20
59253,115,104,11,11
59254,108,111,-3,3
59255,69,68,1,1
59256,126,148,-22,22
59257,133,141,-8,8
59258,116,112,4,4
59259,76,76,0,0
59260,42,51,-9,9
59261,74,79,-5,5
59262,145,155,-10,10
59263,72,64,8,8
59264,103,110,-7,7
59265,67,71,-4,4
59266,139,112,27,27
59267,93,95,-2,2
59268,112,105,7,7
59269,176,172,4,4
59270,70,75,-5,5
59271,158,140,18,18
59272,71,77,-6,6
59273,47,45,2,2
59274,93,85,8,8
59275,57,67,-10,10
59276,75,64,11,11
59277,62,70,-8,8
59278,104,128,-24,24
59279,143,135,8,8
59280,83,76,7,7
59281,75,69,6,6
59282,92,91,1,1
59283,60,81,-21,21
59284,117,109,8,8
59285,64,66,-2,2
59286,61,64,-3,3
59287,87,83,4,4
59288,175,170,5,5
59289,58,79,-21,21
59290,77,73,4,4
59291,96,76,20,20
59292,120,133,-13,13
59293,176,161,15,15
59294,132,124,8,8
59295,67,67,0,0
59296,73,69,4,4
59297,120,125,-5,5
59298,71,75,-4,4
59299,63,57,6,6
59300,74,67,7,7
59301,35,43,-8,8
59302,129,105,24,24
59303,132,133,-1,1
59304,75,78,-3,3
59305,122,116,6,6
59306,89,86,3,3
59307,90,80,10,10
59308,71,69,2,2
59309,92,91,1,1
59310,184,172,12,12
59311,59,96,-37,37
59312,90,92,-2,2
59313,100,114,-14,14
59314,83,77,6,6
59315,83,79,4,4
59316,78,91,-13,13
59317,106,103,3,3
59318,107,112,-5,5
59319,45,48,-3,3
59320,82,89,-7,7
59321,85,102,-17,17
59322,109,92,17,17
59323,70,67,3,3
59324,70,71,-1,1
59325,109,118,-9,9
59326,62,60,2,2
59327,63,70,-7,7
59328,67,78,-11,11
59329,38,38,0,0
59330,45,49,-4,4
59331,111,101,10,10
59332,99,113,-14,14
59333,52,71,-19,19
59334,93,88,5,5
59335,103,117,-14,14
59336,86,87,-1,1
59337,69,68,1,1
59338,52,87,-35,35
59339,215,184,31,31
59340,90,84,6,6
59341,54,52,2,2
59342,110,114,-4,4
59343,97,80,17,17
59344,150,130,20,20
59345,142,137,5,5
59346,57,77,-20,20
59347,116,108,8,8
59348,177,164,13,13
59349,109,105,4,4
59350,78,86,-8,8
59351,79,75,4,4
59352,51,51,0,0
59353,80,97,-17,17
59354,99,103,-4,4
59355,49,60,-11,11
59356,153,148,5,5
59357,174,162,12,12
59358,100,91,9,9
59359,147,133,14,14
59360,75,95,-20,20
59361,138,128,10,10
59362,78,78,0,0
59363,77,88,-11,11
59364,93,90,3,3
59365,148,133,15,15
59366,176,157,19,19
59367,74,80,-6,6
59368,178,177,1,1
59369,107,115,-8,8
59370,103,96,7,7
59371,125,117,8,8
59372,119,119,0,0
59373,98,100,-2,2
59374,69,64,5,5
59375,72,70,2,2
59376,81,100,-19,19
59377,54,55,-1,1
59378,110,115,-5,5
59379,84,78,6,6
59380,148,129,19,19
59381,61,60,1,1
59382,94,97,-3,3
59383,79,90,-11,11
59384,77,73,4,4
59385,83,91,-8,8
59386,102,88,14,14
59387,99,91,8,8
59388,104,105,-1,1
59389,128,136,-8,8
59390,73,76,-3,3
59391,85,89,-4,4
59392,123,118,5,5
59393,87,106,-19,19
59394,135,121,14,14
59395,71,67,4,4
59396,81,86,-5,5
59397,64,56,8,8
59398,71,64,7,7
59399,105,96,9,9
59400,59,52,7,7
59401,140,130,10,10
59402,161,153,8,8
59403,100,86,14,14
59404,89,90,-1,1
59405,64,63,1,1
59406,154,140,14,14
59407,167,145,22,22
59408,178,168,10,10
59409,88,74,14,14
59410,79,102,-23,23
59411,72,79,-7,7
59412,85,78,7,7
59413,92,96,-4,4
59414,71,89,-18,18
59415,60,65,-5,5
59416,66,57,9,9
59417,95,79,16,16
59418,82,76,6,6
59419,82,92,-10,10
59420,91,88,3,3
59421,121,128,-7,7
59422,78,75,3,3
59423,148,153,-5,5
59424,95,106,-11,11
59425,138,124,14,14
59426,61,68,-7,7
59427,66,75,-9,9
59428,83,83,0,0
59429,61,68,-7,7
59430,60,52,8,8
59431,56,56,0,0
59432,127,131,-4,4
59433,62,66,-4,4
59434,133,135,-2,2
59435,79,79,0,0
59436,123,91,32,32
59437,53,52,1,1
59438,79,78,1,1
59439,126,107,19,19
59440,117,132,-15,15
59441,136,123,13,13
59442,81,98,-17,17
59443,105,127,-22,22
59444,118,127,-9,9
59445,66,60,6,6
59446,59,26,33,33
59447,129,120,9,9
59448,93,104,-11,11
59449,87,95,-8,8
59450,45,52,-7,7
59451,64,61,3,3
59452,121,135,-14,14
59453,168,147,21,21
59454,81,73,8,8
59455,99,95,4,4
59456,117,97,20,20
59457,95,98,-3,3
59458,66,57,9,9
59459,122,112,10,10
59460,112,121,-9,9
59461,71,85,-14,14
59462,172,172,0,0
59463,108,111,-3,3
59464,85,88,-3,3
59465,130,125,5,5
59466,64,59,5,5
59467,74,74,0,0
59468,63,58,5,5
59469,145,137,8,8
59470,95,102,-7,7
59471,138,132,6,6
59472,105,106,-1,1
59473,51,63,-12,12
59474,109,118,-9,9
59475,91,108,-17,17
59476,70,59,11,11
59477,129,115,14,14
59478,106,84,22,22
59479,82,73,9,9
59480,54,66,-12,12
59481,151,160,-9,9
59482,120,112,8,8
59483,151,143,8,8
59484,96,104,-8,8
59485,62,63,-1,1
59486,165,157,8,8
59487,138,133,5,5
59488,128,124,4,4
59489,80,79,1,1
59490,94,97,-3,3
59491,86,90,-4,4
59492,130,123,7,7
59493,154,159,-5,5
59494,81,83,-2,2
59495,152,145,7,7
59496,52,78,-26,26
59497,65,66,-1,1
59498,109,98,11,11
59499,72,68,4,4
59500,103,100,3,3
59501,112,104,8,8
59502,65,69,-4,4
59503,77,86,-9,9
59504,189,203,-14,14
59505,178,183,-5,5
59506,48,54,-6,6
59507,145,132,13,13
59508,47,48,-1,1
59509,146,124,22,22
59510,118,123,-5,5
59511,78,87,-9,9
59512,93,99,-6,6
59513,72,67,5,5
59514,86,83,3,3
59515,118,115,3,3
59516,87,85,2,2
59517,42,58,-16,16
59518,87,100,-13,13
59519,87,87,0,0
59520,159,154,5,5
59521,96,91,5,5
59522,50,60,-10,10
59523,76,93,-17,17
59524,111,123,-12,12
59525,140,122,18,18
59526,133,107,26,26
59527,89,106,-17,17
59528,94,105,-11,11
59529,60,54,6,6
59530,67,59,8,8
59531,166,143,23,23
59532,74,81,-7,7
59533,88,87,1,1
59534,113,100,13,13
59535,114,114,0,0
59536,98,87,11,11
59537,52,44,8,8
59538,109,106,3,3
59539,51,53,-2,2
59540,92,103,-11,11
59541,79,92,-13,13
59542,65,71,-6,6
59543,80,78,2,2
59544,130,123,7,7
59545,90,101,-11,11
59546,108,89,19,19
59547,84,85,-1,1
59548,160,154,6,6
59549,53,54,-1,1
59550,62,64,-2,2
59551,65,80,-15,15
59552,65,64,1,1
59553,61,52,9,9
59554,35,47,-12,12
59555,113,103,10,10
59556,69,72,-3,3
59557,56,53,3,3
59558,103,118,-15,15
59559,76,77,-1,1
59560,106,108,-2,2
59561,157,151,6,6
59562,150,145,5,5
59563,79,76,3,3
59564,94,93,1,1
59565,59,68,-9,9
59566,135,151,-16,16
59567,91,101,-10,10
59568,129,112,17,17
59569,80,86,-6,6
59570,58,57,1,1
59571,96,81,15,15
59572,160,153,7,7
59573,80,75,5,5
59574,55,55,0,0
59575,101,90,11,11
59576,85,67,18,18
59577,68,74,-6,6
59578,95,103,-8,8
59579,110,106,4,4
59580,75,100,-25,25
59581,73,75,-2,2
59582,90,98,-8,8
59583,78,82,-4,4
59584,148,133,15,15
59585,94,88,6,6
59586,64,66,-2,2
59587,186,163,23,23
59588,40,51,-11,11
59589,74,85,-11,11
59590,140,131,9,9
59591,103,86,17,17
59592,179,125,54,54
59593,209,148,61,61
59594,114,118,-4,4
59595,44,53,-9,9
59596,84,88,-4,4
59597,55,55,0,0
59598,150,132,18,18
59599,64,61,3,3
59600,61,65,-4,4
59601,89,98,-9,9
59602,129,117,12,12
59603,61,66,-5,5
59604,125,117,8,8
59605,129,140,-11,11
59606,94,94,0,0
59607,86,76,10,10
59608,124,116,8,8
59609,45,74,-29,29
59610,131,119,12,12
59611,89,93,-4,4
59612,140,125,15,15
59613,85,87,-2,2
59614,178,188,-10,10
59615,120,132,-12,12
59616,135,128,7,7
59617,72,62,10,10
59618,45,51,-6,6
59619,63,60,3,3
59620,62,72,-10,10
59621,87,91,-4,4
59622,165,166,-1,1
59623,107,128,-21,21
59624,69,78,-9,9
59625,94,93,1,1
59626,58,58,0,0
59627,105,96,9,9
59628,115,117,-2,2
59629,92,84,8,8
59630,80,85,-5,5
59631,154,177,-23,23
59632,61,55,6,6
59633,115,118,-3,3
59634,52,43,9,9
59635,69,64,5,5
59636,58,65,-7,7
59637,92,92,0,0
59638,56,56,0,0
59639,94,129,-35,35
59640,70,78,-8,8
59641,126,100,26,26
59642,77,82,-5,5
59643,77,72,5,5
59644,160,149,11,11
59645,69,74,-5,5
59646,73,80,-7,7
59647,72,67,5,5
59648,72,66,6,6
59649,124,127,-3,3
59650,78,71,7,7
59651,81,81,0,0
59652,156,154,2,2
59653,67,40,27,27
59654,118,110,8,8
59655,79,77,2,2
59656,81,77,4,4
59657,87,78,9,9
59658,57,70,-13,13
59659,70,236,-166,166
59660,147,149,-2,2
59661,141,119,22,22
59662,42,69,-27,27
59663,89,99,-10,10
59664,94,101,-7,7
59665,103,107,-4,4
59666,100,104,-4,4
59667,56,81,-25,25
59668,85,95,-10,10
59669,77,78,-1,1
59670,89,90,-1,1
59671,125,136,-11,11
59672,41,38,3,3
59673,135,118,17,17
59674,70,76,-6,6
59675,51,45,6,6
59676,86,91,-5,5
59677,100,100,0,0
59678,103,123,-20,20
59679,62,67,-5,5
59680,153,130,23,23
59681,173,167,6,6
59682,137,155,-18,18
59683,107,95,12,12
59684,161,150,11,11
59685,139,158,-19,19
59686,62,55,7,7
59687,71,72,-1,1
59688,104,115,-11,11
59689,115,116,-1,1
59690,144,143,1,1
59691,76,84,-8,8
59692,168,162,6,6
59693,76,84,-8,8
59694,78,76,2,2
59695,94,121,-27,27
59696,92,84,8,8
59697,96,94,2,2
59698,131,121,10,10
59699,93,95,-2,2
59700,93,82,11,11
59701,60,64,-4,4
59702,78,58,20,20
59703,72,83,-11,11
59704,141,105,36,36
59705,116,111,5,5
59706,83,92,-9,9
59707,78,80,-2,2
59708,79,74,5,5
59709,113,104,9,9
59710,46,57,-11,11
59711,93,101,-8,8
59712,99,86,13,13
59713,103,105,-2,2
59714,98,82,16,16
59715,113,103,10,10
59716,121,120,1,1
59717,58,68,-10,10
59718,92,87,5,5
59719,89,100,-11,11
59720,99,96,3,3
59721,89,83,6,6
59722,79,82,-3,3
59723,138,128,10,10
59724,79,77,2,2
59725,73,71,2,2
59726,88,89,-1,1
59727,73,89,-16,16
59728,95,113,-18,18
59729,104,105,-1,1
59730,77,69,8,8
59731,54,53,1,1
59732,128,128,0,0
59733,88,93,-5,5
59734,89,98,-9,9
59735,100,105,-5,5
59736,132,132,0,0
59737,73,73,0,0
59738,69,75,-6,6
59739,88,82,6,6
59740,127,119,8,8
59741,135,138,-3,3
59742,71,54,17,17
59743,133,131,2,2
59744,98,95,3,3
59745,96,80,16,16
59746,121,112,9,9
59747,110,100,10,10
59748,63,77,-14,14
59749,149,119,30,30
59750,75,75,0,0
59751,61,70,-9,9
59752,203,174,29,29
59753,106,107,-1,1
59754,90,91,-1,1
59755,111,89,22,22
59756,98,94,4,4
59757,70,78,-8,8
59758,77,70,7,7
59759,65,74,-9,9
59760,110,112,-2,2
59761,82,103,-21,21
59762,135,135,0,0
59763,133,124,9,9
59764,93,94,-1,1
59765,96,100,-4,4
59766,83,93,-10,10
59767,83,86,-3,3
59768,114,109,5,5
59769,169,179,-10,10
59770,83,66,17,17
59771,87,91,-4,4
59772,80,83,-3,3
59773,64,70,-6,6
59774,185,174,11,11
59775,110,104,6,6
59776,109,108,1,1
59777,52,52,0,0
59778,103,107,-4,4
59779,34,63,-29,29
59780,69,118,-49,49
59781,154,132,22,22
59782,149,142,7,7
59783,81,85,-4,4
59784,81,79,2,2
59785,68,62,6,6
59786,93,75,18,18
59787,57,42,15,15
59788,129,132,-3,3
59789,98,112,-14,14
59790,117,124,-7,7
59791,76,82,-6,6
59792,36,45,-9,9
59793,130,136,-6,6
59794,81,75,6,6
59795,72,81,-9,9
59796,76,72,4,4
59797,63,70,-7,7
59798,97,104,-7,7
59799,61,93,-32,32
59800,85,79,6,6
59801,110,146,-36,36
59802,85,77,8,8
59803,77,97,-20,20
59804,127,121,6,6
59805,49,58,-9,9
59806,85,85,0,0
59807,83,92,-9,9
59808,132,136,-4,4
59809,136,130,6,6
59810,73,68,5,5
59811,71,73,-2,2
59812,79,74,5,5
59813,88,103,-15,15
59814,70,120,-50,50
59815,75,69,6,6
59816,46,37,9,9
59817,101,87,14,14
59818,128,130,-2,2
59819,92,92,0,0
59820,149,141,8,8
59821,122,114,8,8
59822,79,99,-20,20
59823,48,72,-24,24
59824,101,107,-6,6
59825,94,87,7,7
59826,125,145,-20,20
59827,91,100,-9,9
59828,78,70,8,8
59829,121,116,5,5
59830,166,130,36,36
59831,96,98,-2,2
59832,124,159,-35,35
59833,159,142,17,17
59834,66,68,-2,2
59835,82,76,6,6
59836,75,73,2,2
59837,59,62,-3,3
59838,85,83,2,2
59839,99,89,10,10
59840,148,139,9,9
59841,109,108,1,1
59842,81,77,4,4
59843,99,93,6,6
59844,47,50,-3,3
59845,78,85,-7,7
59846,85,88,-3,3
59847,76,91,-15,15
59848,54,44,10,10
59849,106,106,0,0
59850,83,82,1,1
59851,66,66,0,0
59852,47,52,-5,5
59853,60,74,-14,14
59854,109,102,7,7
59855,122,120,2,2
59856,92,91,1,1
59857,102,95,7,7
59858,130,147,-17,17
59859,104,101,3,3
59860,106,95,11,11
59861,74,73,1,1
59862,149,145,4,4
59863,46,55,-9,9
59864,55,51,4,4
59865,81,79,2,2
59866,86,92,-6,6
59867,159,155,4,4
59868,49,52,-3,3
59869,76,76,0,0
59870,109,103,6,6
59871,88,71,17,17
59872,66,57,9,9
59873,95,95,0,0
59874,123,111,12,12
59875,49,62,-13,13
59876,60,60,0,0
59877,140,132,8,8
59878,72,65,7,7
59879,103,100,3,3
59880,88,109,-21,21
59881,94,96,-2,2
59882,97,93,4,4
59883,112,107,5,5
59884,37,55,-18,18
59885,70,68,2,2
59886,217,202,15,15
59887,159,164,-5,5
59888,86,80,6,6
59889,116,125,-9,9
59890,76,65,11,11
59891,159,136,23,23
59892,102,100,2,2
59893,72,76,-4,4
59894,102,105,-3,3
59895,94,84,10,10
59896,56,57,-1,1
59897,136,149,-13,13
59898,78,73,5,5
59899,75,83,-8,8
59900,138,128,10,10
59901,79,76,3,3
59902,89,95,-6,6
59903,63,69,-6,6
59904,59,54,5,5
59905,127,130,-3,3
59906,100,95,5,5
59907,60,61,-1,1
59908,100,95,5,5
59909,108,93,15,15
59910,152,128,24,24
59911,118,122,-4,4
59912,81,78,3,3
59913,49,45,4,4
59914,90,79,11,11
59915,97,86,11,11
59916,90,84,6,6
59917,138,136,2,2
59918,116,129,-13,13
59919,86,90,-4,4
59920,106,91,15,15
59921,155,131,24,24
59922,100,96,4,4
59923,66,74,-8,8
59924,84,83,1,1
59925,103,96,7,7
59926,56,72,-16,16
59927,100,91,9,9
59928,93,89,4,4
59929,135,139,-4,4
59930,32,53,-21,21
59931,93,106,-13,13
59932,107,136,-29,29
59933,62,73,-11,11
59934,59,65,-6,6
59935,91,101,-10,10
59936,75,74,1,1
59937,73,66,7,7
59938,96,108,-12,12
59939,115,111,4,4
59940,63,76,-13,13
59941,85,97,-12,12
59942,72,78,-6,6
59943,158,166,-8,8
59944,91,102,-11,11
59945,69,77,-8,8
59946,89,112,-23,23
59947,74,74,0,0
59948,104,256,-152,152
59949,49,68,-19,19
59950,99,102,-3,3
59951,127,126,1,1
59952,73,89,-16,16
59953,49,56,-7,7
59954,87,94,-7,7
59955,157,150,7,7
59956,80,91,-11,11
59957,144,124,20,20
59958,83,87,-4,4
59959,131,139,-8,8
59960,95,94,1,1
59961,141,134,7,7
59962,89,110,-21,21
59963,59,55,4,4
59964,86,77,9,9
59965,118,107,11,11
59966,78,85,-7,7
59967,148,142,6,6
59968,59,50,9,9
59969,104,106,-2,2
59970,85,79,6,6
59971,103,101,2,2
59972,236,178,58,58
59973,66,83,-17,17
59974,50,61,-11,11
59975,77,69,8,8
59976,114,91,23,23
59977,85,76,9,9
59978,88,84,4,4
59979,74,68,6,6
59980,71,79,-8,8
59981,155,143,12,12
59982,62,65,-3,3
59983,100,96,4,4
59984,82,94,-12,12
59985,113,113,0,0
59986,104,62,42,42
59987,104,97,7,7
59988,105,120,-15,15
59989,153,128,25,25
59990,76,65,11,11
59991,85,87,-2,2
59992,119,131,-12,12
59993,106,97,9,9
59994,73,76,-3,3
59995,137,136,1,1
59996,79,74,5,5
59997,186,175,11,11
59998,63,61,2,2
59999,93,84,9,9
60000,126,145,-19,19
60001,70,70,0,0
60002,128,121,7,7
60003,61,73,-12,12
60004,83,78,5,5
60005,108,105,3,3
60006,87,102,-15,15
60007,97,94,3,3
60008,62,69,-7,7
60009,129,128,1,1
60010,124,118,6,6
60011,63,65,-2,2
60012,138,119,19,19
60013,53,51,2,2
60014,76,74,2,2
60015,138,136,2,2
60016,123,122,1,1
60017,57,54,3,3
60018,83,85,-2,2
60019,96,102,-6,6
60020,119,132,-13,13
60021,72,80,-8,8
60022,78,45,33,33
60023,106,98,8,8
60024,83,83,0,0
60025,71,70,1,1
60026,205,151,54,54
60027,59,68,-9,9
60028,57,56,1,1
60029,90,93,-3,3
60030,34,66,-32,32
60031,215,167,48,48
60032,85,88,-3,3
60033,158,167,-9,9
60034,136,127,9,9
60035,55,46,9,9
60036,119,115,4,4
60037,109,136,-27,27
60038,57,58,-1,1
60039,92,80,12,12
60040,99,87,12,12
60041,95,96,-1,1
60042,74,70,4,4
60043,84,78,6,6
60044,107,109,-2,2
60045,78,84,-6,6
60046,64,72,-8,8
60047,66,78,-12,12
60048,88,78,10,10
60049,135,112,23,23
60050,139,122,17,17
60051,126,131,-5,5
60052,82,89,-7,7
60053,70,75,-5,5
60054,81,80,1,1
60055,60,59,1,1
60056,56,66,-10,10
60057,131,114,17,17
60058,59,60,-1,1
60059,83,72,11,11
60060,145,142,3,3
60061,86,82,4,4
60062,102,102,0,0
60063,77,85,-8,8
60064,136,129,7,7
60065,68,81,-13,13
60066,81,83,-2,2
60067,82,77,5,5
60068,85,78,7,7
60069,121,106,15,15
60070,69,75,-6,6
60071,56,51,5,5
60072,170,150,20,20
60073,123,116,7,7
60074,71,83,-12,12
60075,77,86,-9,9
60076,140,132,8,8
60077,141,149,-8,8
60078,98,95,3,3
60079,93,79,14,14
60080,69,80,-11,11
60081,104,106,-2,2
60082,53,66,-13,13
60083,75,77,-2,2
60084,120,126,-6,6
60085,86,89,-3,3
60086,98,92,6,6
60087,84,85,-1,1
60088,88,122,-34,34
60089,113,109,4,4
60090,74,70,4,4
60091,91,87,4,4
60092,149,141,8,8
60093,82,84,-2,2
60094,84,76,8,8
60095,195,197,-2,2
60096,117,129,-12,12
60097,120,118,2,2
60098,180,168,12,12
60099,80,84,-4,4
60100,122,124,-2,2
60101,135,118,17,17
60102,159,140,19,19
60103,107,114,-7,7
60104,76,80,-4,4
60105,85,80,5,5
60106,87,91,-4,4
60107,88,92,-4,4
60108,41,59,-18,18
60109,78,71,7,7
60110,61,59,2,2
60111,87,84,3,3
60112,129,122,7,7
60113,84,89,-5,5
60114,142,139,3,3
60115,126,123,3,3
60116,89,87,2,2
60117,74,78,-4,4
60118,51,71,-20,20
60119,141,132,9,9
60120,83,76,7,7
60121,120,143,-23,23
60122,144,136,8,8
60123,67,80,-13,13
60124,82,86,-4,4
60125,67,83,-16,16
60126,85,81,4,4
60127,62,46,16,16
60128,106,93,13,13
60129,59,55,4,4
60130,73,62,11,11
60131,145,135,10,10
60132,65,62,3,3
60133,72,66,6,6
60134,118,111,7,7
60135,105,113,-8,8
60136,71,72,-1,1
60137,96,97,-1,1
60138,111,108,3,3
60139,73,101,-28,28
60140,88,77,11,11
60141,210,191,19,19
60142,104,97,7,7
60143,76,71,5,5
60144,43,50,-7,7
60145,110,104,6,6
60146,93,96,-3,3
60147,114,106,8,8
60148,190,170,20,20
60149,87,80,7,7
60150,85,80,5,5
60151,95,100,-5,5
60152,97,116,-19,19
60153,58,46,12,12
60154,126,137,-11,11
60155,145,124,21,21
60156,61,70,-9,9
60157,113,90,23,23
60158,42,67,-25,25
60159,108,106,2,2
60160,93,76,17,17
60161,157,165,-8,8
60162,75,73,2,2
60163,59,59,0,0
60164,101,103,-2,2
60165,83,72,11,11
60166,95,84,11,11
60167,100,98,2,2
60168,69,80,-11,11
60169,108,110,-2,2
60170,79,69,10,10
60171,105,103,2,2
60172,98,107,-9,9
60173,123,138,-15,15
60174,103,102,1,1
60175,158,143,15,15
60176,98,96,2,2
60177,128,135,-7,7
60178,54,56,-2,2
60179,54,51,3,3
60180,86,92,-6,6
60181,119,121,-2,2
60182,67,63,4,4
60183,114,114,0,0
60184,104,99,5,5
60185,81,80,1,1
60186,84,78,6,6
60187,86,88,-2,2
60188,93,95,-2,2
60189,75,65,10,10
60190,69,68,1,1
60191,96,95,1,1
60192,117,112,5,5
60193,164,136,28,28
60194,121,110,11,11
60195,93,81,12,12
60196,91,98,-7,7
60197,144,144,0,0
60198,101,101,0,0
60199,135,123,12,12
60200,102,95,7,7
60201,83,92,-9,9
60202,88,75,13,13
60203,101,104,-3,3
60204,102,108,-6,6
60205,102,108,-6,6
60206,105,99,6,6
60207,99,104,-5,5
60208,151,126,25,25
60209,67,84,-17,17
60210,164,134,30,30
60211,85,80,5,5
60212,89,100,-11,11
60213,59,65,-6,6
60214,94,78,16,16
60215,123,109,14,14
60216,79,94,-15,15
60217,74,58,16,16
60218,176,165,11,11
60219,59,71,-12,12
60220,100,96,4,4
60221,123,128,-5,5
60222,104,105,-1,1
60223,145,155,-10,10
60224,97,100,-3,3
60225,175,166,9,9
60226,63,62,1,1
60227,124,125,-1,1
60228,68,51,17,17
60229,139,131,8,8
60230,78,66,12,12
60231,79,62,17,17
60232,48,68,-20,20
60233,141,128,13,13
60234,136,119,17,17
60235,123,129,-6,6
60236,85,90,-5,5
60237,128,121,7,7
60238,97,99,-2,2
60239,63,66,-3,3
60240,141,151,-10,10
60241,87,86,1,1
60242,93,109,-16,16
60243,54,61,-7,7
60244,133,117,16,16
60245,50,62,-12,12
60246,71,66,5,5
60247,75,74,1,1
60248,165,150,15,15
60249,64,65,-1,1
60250,95,83,12,12
60251,65,71,-6,6
60252,106,108,-2,2
60253,91,76,15,15
60254,70,70,0,0
60255,124,116,8,8
60256,48,58,-10,10
60257,74,73,1,1
60258,64,53,11,11
60259,104,104,0,0
60260,82,88,-6,6
60261,82,78,4,4
60262,147,135,12,12
60263,123,93,30,30
60264,81,81,0,0
60265,146,150,-4,4
60266,88,102,-14,14
60267,78,66,12,12
60268,118,127,-9,9
60269,160,141,19,19
60270,176,158,18,18
60271,133,103,30,30
60272,122,110,12,12
60273,74,86,-12,12
60274,75,80,-5,5
60275,116,108,8,8
60276,116,108,8,8
60277,126,115,11,11
60278,53,63,-10,10
60279,58,90,-32,32
60280,169,155,14,14
60281,100,106,-6,6
60282,56,55,1,1
60283,63,77,-14,14
60284,58,55,3,3
60285,56,65,-9,9
60286,131,157,-26,26
60287,74,60,14,14
60288,143,134,9,9
60289,127,151,-24,24
60290,98,96,2,2
60291,60,66,-6,6
60292,65,45,20,20
60293,76,74,2,2
60294,72,86,-14,14
60295,83,79,4,4
60296,41,55,-14,14
60297,91,81,10,10
60298,125,113,12,12
60299,119,120,-1,1
60300,92,78,14,14
60301,100,105,-5,5
60302,125,121,4,4
60303,95,106,-11,11
60304,108,107,1,1
60305,118,108,10,10
60306,124,128,-4,4
60307,31,41,-10,10
60308,175,152,23,23
60309,122,118,4,4
60310,117,134,-17,17
60311,30,54,-24,24
60312,184,161,23,23
60313,93,95,-2,2
60314,98,95,3,3
60315,82,81,1,1
60316,91,72,19,19
60317,67,76,-9,9
60318,103,67,36,36
60319,127,122,5,5
60320,64,76,-12,12
60321,70,89,-19,19
60322,68,71,-3,3
60323,87,102,-15,15
60324,103,112,-9,9
60325,91,97,-6,6
60326,77,70,7,7
60327,70,54,16,16
60328,90,89,1,1
60329,64,70,-6,6
60330,53,57,-4,4
60331,87,78,9,9
60332,112,110,2,2
60333,91,93,-2,2
60334,132,134,-2,2
60335,116,113,3,3
60336,99,98,1,1
60337,80,73,7,7
60338,125,129,-4,4
60339,83,74,9,9
60340,123,137,-14,14
60341,126,124,2,2
60342,114,116,-2,2
60343,139,127,12,12
60344,135,142,-7,7
60345,61,47,14,14
60346,70,75,-5,5
60347,112,106,6,6
60348,79,73,6,6
60349,58,57,1,1
60350,131,148,-17,17
60351,154,145,9,9
60352,85,85,0,0
60353,116,104,12,12
60354,71,86,-15,15
60355,62,74,-12,12
60356,72,71,1,1
60357,137,124,13,13
60358,152,147,5,5
60359,85,94,-9,9
60360,63,62,1,1
60361,67,57,10,10
60362,108,118,-10,10
60363,120,128,-8,8
60364,103,110,-7,7
60365,96,105,-9,9
60366,108,117,-9,9
60367,49,114,-65,65
60368,83,95,-12,12
60369,91,91,0,0
60370,112,102,10,10
60371,148,136,12,12
60372,110,122,-12,12
60373,90,100,-10,10
60374,71,74,-3,3
60375,95,109,-14,14
60376,78,67,11,11
60377,102,124,-22,22
60378,99,94,5,5
60379,71,71,0,0
60380,103,110,-7,7
60381,75,86,-11,11
60382,128,136,-8,8
60383,37,41,-4,4
60384,82,74,8,8
60385,82,93,-11,11
60386,105,116,-11,11
60387,96,106,-10,10
60388,57,45,12,12
60389,135,142,-7,7
60390,87,91,-4,4
60391,75,74,1,1
60392,75,83,-8,8
60393,127,120,7,7
60394,105,118,-13,13
60395,61,68,-7,7
60396,66,95,-29,29
60397,140,129,11,11
60398,129,131,-2,2
60399,150,128,22,22
60400,109,122,-13,13
60401,115,138,-23,23
60402,118,116,2,2
60403,58,69,-11,11
60404,79,68,11,11
60405,28,31,-3,3
60406,173,155,18,18
60407,89,106,-17,17
60408,95,91,4,4
60409,71,75,-4,4
60410,87,95,-8,8
60411,77,72,5,5
60412,106,104,2,2
60413,88,89,-1,1
60414,74,73,1,1
60415,66,69,-3,3
60416,64,73,-9,9
60417,115,125,-10,10
60418,59,61,-2,2
60419,142,125,17,17
60420,73,74,-1,1
60421,138,133,5,5
60422,110,108,2,2
60423,81,88,-7,7
60424,143,160,-17,17
60425,137,128,9,9
60426,177,148,29,29
60427,100,102,-2,2
60428,112,118,-6,6
60429,136,137,-1,1
60430,48,61,-13,13
60431,112,136,-24,24
60432,115,129,-14,14
60433,134,148,-14,14
60434,97,100,-3,3
60435,86,90,-4,4
60436,115,113,2,2
60437,80,80,0,0
60438,157,135,22,22
60439,59,60,-1,1
60440,118,111,7,7
60441,64,81,-17,17
60442,123,108,15,15
60443,70,87,-17,17
60444,60,62,-2,2
60445,76,78,-2,2
60446,161,152,9,9
60447,129,123,6,6
60448,66,68,-2,2
60449,104,93,11,11
60450,86,83,3,3
60451,53,50,3,3
60452,76,68,8,8
60453,202,178,24,24
60454,81,79,2,2
60455,136,129,7,7
60456,80,66,14,14
60457,54,51,3,3
60458,71,71,0,0
60459,37,37,0,0
60460,92,97,-5,5
60461,81,87,-6,6
60462,94,114,-20,20
60463,116,102,14,14
60464,89,91,-2,2
60465,123,108,15,15
60466,95,83,12,12
60467,114,102,12,12
60468,134,129,5,5
60469,153,159,-6,6
60470,82,94,-12,12
60471,104,105,-1,1
60472,101,115,-14,14
60473,73,66,7,7
60474,121,127,-6,6
60475,147,130,17,17
60476,70,74,-4,4
60477,126,121,5,5
60478,284,236,48,48
60479,124,147,-23,23
60480,107,111,-4,4
60481,78,80,-2,2
60482,116,129,-13,13
60483,139,127,12,12
60484,127,120,7,7
60485,61,70,-9,9
60486,56,56,0,0
60487,105,91,14,14
60488,68,74,-6,6
60489,101,93,8,8
60490,64,57,7,7
60491,70,75,-5,5
60492,129,131,-2,2
60493,86,89,-3,3
60494,71,57,14,14
60495,57,169,-112,112
60496,63,69,-6,6
60497,100,97,3,3
60498,138,146,-8,8
60499,143,137,6,6
60500,123,117,6,6
60501,114,113,1,1
60502,69,68,1,1
60503,71,71,0,0
60504,65,64,1,1
60505,94,114,-20,20
60506,73,82,-9,9
60507,77,88,-11,11
60508,68,70,-2,2
60509,126,139,-13,13
60510,133,126,7,7
60511,111,114,-3,3
60512,80,76,4,4
60513,74,83,-9,9
60514,91,93,-2,2
60515,111,107,4,4
60516,100,104,-4,4
60517,191,162,29,29
60518,124,108,16,16
60519,55,57,-2,2
60520,113,107,6,6
60521,34,51,-17,17
60522,108,97,11,11
60523,74,62,12,12
60524,163,151,12,12
60525,135,112,23,23
60526,86,102,-16,16
60527,122,114,8,8
60528,135,124,11,11
60529,68,67,1,1
60530,75,80,-5,5
60531,127,141,-14,14
60532,65,58,7,7
60533,83,84,-1,1
60534,103,97,6,6
60535,79,78,1,1
60536,77,84,-7,7
60537,116,116,0,0
60538,123,108,15,15
60539,70,67,3,3
60540,66,58,8,8
60541,102,105,-3,3
60542,108,129,-21,21
60543,64,60,4,4
60544,116,131,-15,15
60545,154,143,11,11
60546,78,84,-6,6
60547,97,99,-2,2
60548,64,63,1,1
60549,109,101,8,8
60550,109,109,0,0
60551,110,123,-13,13
60552,124,107,17,17
60553,50,53,-3,3
60554,75,70,5,5
60555,112,109,3,3
60556,72,79,-7,7
60557,113,111,2,2
60558,70,72,-2,2
60559,112,88,24,24
60560,71,83,-12,12
60561,117,112,5,5
60562,88,86,2,2
60563,88,74,14,14
60564,96,79,17,17
60565,114,116,-2,2
60566,46,62,-16,16
60567,82,83,-1,1
60568,77,76,1,1
60569,68,91,-23,23
60570,79,83,-4,4
60571,78,73,5,5
60572,48,58,-10,10
60573,55,54,1,1
60574,110,123,-13,13
60575,106,102,4,4
60576,88,87,1,1
60577,90,91,-1,1
60578,84,87,-3,3
60579,78,85,-7,7
60580,108,124,-16,16
60581,52,54,-2,2
60582,162,135,27,27
60583,46,46,0,0
60584,100,102,-2,2
60585,95,89,6,6
60586,138,138,0,0
60587,53,53,0,0
60588,100,89,11,11
60589,93,96,-3,3
60590,90,109,-19,19
60591,103,109,-6,6
60592,92,79,13,13
60593,52,48,4,4
60594,104,103,1,1
60595,49,59,-10,10
60596,82,79,3,3
60597,104,102,2,2
60598,167,163,4,4
60599,58,63,-5,5
60600,79,73,6,6
60601,75,60,15,15
60602,70,79,-9,9
60603,78,76,2,2
60604,70,76,-6,6
60605,130,133,-3,3
60606,90,93,-3,3
60607,68,68,0,0
60608,97,111,-14,14
60609,83,95,-12,12
60610,51,55,-4,4
60611,70,77,-7,7
60612,35,48,-13,13
60613,24,62,-38,38
60614,113,97,16,16
60615,133,136,-3,3
60616,90,104,-14,14
60617,84,84,0,0
60618,86,91,-5,5
60619,63,50,13,13
60620,51,60,-9,9
60621,153,129,24,24
60622,113,113,0,0
60623,47,49,-2,2
60624,111,99,12,12
60625,67,61,6,6
60626,51,157,-106,106
60627,57,71,-14,14
60628,67,68,-1,1
60629,149,133,16,16
60630,71,66,5,5
60631,100,109,-9,9
60632,94,110,-16,16
60633,61,56,5,5
60634,100,92,8,8
60635,147,127,20,20
60636,92,95,-3,3
60637,79,83,-4,4
60638,95,91,4,4
60639,155,144,11,11
60640,88,74,14,14
60641,149,173,-24,24
60642,128,133,-5,5
60643,73,60,13,13
60644,124,117,7,7
60645,78,88,-10,10
60646,73,69,4,4
60647,104,99,5,5
60648,124,99,25,25
60649,65,67,-2,2
60650,98,103,-5,5
60651,100,92,8,8
60652,79,81,-2,2
60653,216,190,26,26
60654,77,80,-3,3
60655,64,83,-19,19
60656,43,35,8,8
60657,124,116,8,8
60658,87,82,5,5
60659,98,91,7,7
60660,91,81,10,10
60661,81,73,8,8
60662,109,114,-5,5
60663,61,70,-9,9
60664,86,93,-7,7
60665,126,128,-2,2
60666,85,84,1,1
60667,94,103,-9,9
60668,68,71,-3,3
60669,77,64,13,13
60670,72,65,7,7
60671,107,115,-8,8
60672,83,87,-4,4
60673,116,114,2,2
60674,59,57,2,2
60675,53,59,-6,6
60676,137,141,-4,4
60677,128,126,2,2
60678,97,90,7,7
60679,97,98,-1,1
60680,75,76,-1,1
60681,107,96,11,11
60682,96,89,7,7
60683,139,132,7,7
60684,62,60,2,2
60685,90,88,2,2
60686,104,104,0,0
60687,124,112,12,12
60688,107,66,41,41
60689,124,128,-4,4
60690,105,99,6,6
60691,134,133,1,1
60692,122,119,3,3
60693,70,74,-4,4
60694,152,151,1,1
60695,95,88,7,7
60696,67,91,-24,24
60697,109,105,4,4
60698,170,194,-24,24
60699,80,77,3,3
60700,88,88,0,0
60701,131,103,28,28
60702,84,75,9,9
60703,97,102,-5,5
60704,149,116,33,33
60705,79,87,-8,8
60706,93,105,-12,12
60707,81,74,7,7
60708,125,131,-6,6
60709,82,87,-5,5
60710,79,77,2,2
60711,65,52,13,13
60712,95,86,9,9
60713,111,114,-3,3
60714,113,104,9,9
60715,119,110,9,9
60716,68,71,-3,3
60717,135,113,22,22
60718,102,86,16,16
60719,96,102,-6,6
60720,107,113,-6,6
60721,86,77,9,9
60722,158,137,21,21
60723,141,133,8,8
60724,129,134,-5,5
60725,49,61,-12,12
60726,149,139,10,10
60727,114,121,-7,7
60728,40,51,-11,11
60729,55,66,-11,11
60730,85,88,-3,3
60731,65,64,1,1
60732,97,99,-2,2
60733,148,133,15,15
60734,141,137,4,4
60735,69,51,18,18
60736,80,72,8,8
60737,158,141,17,17
60738,75,86,-11,11
60739,88,82,6,6
60740,110,96,14,14
60741,82,84,-2,2
60742,58,64,-6,6
60743,76,67,9,9
60744,48,56,-8,8
60745,106,94,12,12
60746,108,106,2,2
60747,191,169,22,22
60748,100,96,4,4
60749,58,80,-22,22
60750,117,118,-1,1
60751,233,185,48,48
60752,78,76,2,2
60753,83,77,6,6
60754,66,67,-1,1
60755,55,56,-1,1
60756,77,69,8,8
60757,102,93,9,9
60758,62,72,-10,10
60759,71,67,4,4
60760,139,134,5,5
60761,132,146,-14,14
60762,94,102,-8,8
60763,107,105,2,2
60764,60,69,-9,9
60765,94,117,-23,23
60766,72,55,17,17
60767,86,77,9,9
60768,75,87,-12,12
60769,87,106,-19,19
60770,148,125,23,23
60771,120,105,15,15
60772,68,73,-5,5
60773,81,82,-1,1
60774,222,193,29,29
60775,68,66,2,2
60776,103,105,-2,2
60777,133,118,15,15
60778,135,103,32,32
60779,97,86,11,11
60780,56,54,2,2
60781,73,70,3,3
60782,110,135,-25,25
60783,116,108,8,8
60784,46,39,7,7
60785,119,115,4,4
60786,42,42,0,0
60787,71,93,-22,22
60788,80,61,19,19
60789,87,90,-3,3
60790,73,71,2,2
60791,99,93,6,6
60792,36,59,-23,23
60793,70,60,10,10
60794,55,56,-1,1
60795,104,94,10,10
60796,135,134,1,1
60797,103,103,0,0
60798,83,79,4,4
60799,87,73,14,14
60800,78,83,-5,5
60801,68,83,-15,15
60802,70,72,-2,2
60803,112,100,12,12
60804,99,107,-8,8
60805,103,112,-9,9
60806,87,81,6,6
60807,105,96,9,9
60808,94,91,3,3
60809,185,152,33,33
60810,167,152,15,15
60811,67,77,-10,10
60812,98,89,9,9
60813,109,105,4,4
60814,139,132,7,7
60815,88,87,1,1
60816,117,110,7,7
60817,101,112,-11,11
60818,124,122,2,2
60819,182,155,27,27
60820,198,162,36,36
60821,115,120,-5,5
60822,92,97,-5,5
60823,77,71,6,6
60824,104,107,-3,3
60825,75,74,1,1
60826,93,78,15,15
60827,173,168,5,5
60828,121,120,1,1
60829,141,134,7,7
60830,66,78,-12,12
60831,72,67,5,5
60832,104,106,-2,2
60833,103,99,4,4
60834,81,87,-6,6
60835,122,107,15,15
60836,131,140,-9,9
60837,58,64,-6,6
60838,106,98,8,8
60839,119,101,18,18
60840,57,52,5,5
60841,77,72,5,5
60842,67,56,11,11
60843,85,87,-2,2
60844,62,72,-10,10
60845,140,135,5,5
60846,72,80,-8,8
60847,125,119,6,6
60848,166,154,12,12
60849,133,126,7,7
60850,101,85,16,16
60851,156,149,7,7
60852,68,71,-3,3
60853,70,68,2,2
60854,127,132,-5,5
60855,89,90,-1,1
60856,111,109,2,2
60857,154,141,13,13
60858,91,90,1,1
60859,59,57,2,2
60860,105,100,5,5
60861,108,112,-4,4
60862,87,89,-2,2
60863,143,125,18,18
60864,88,79,9,9
60865,83,93,-10,10
60866,105,104,1,1
60867,96,104,-8,8
60868,95,94,1,1
60869,104,102,2,2
60870,97,105,-8,8
60871,111,119,-8,8
60872,93,95,-2,2
60873,54,51,3,3
60874,90,96,-6,6
60875,52,53,-1,1
60876,85,94,-9,9
60877,114,106,8,8
60878,152,164,-12,12
60879,79,50,29,29
60880,118,130,-12,12
60881,85,50,35,35
60882,94,97,-3,3
60883,49,57,-8,8
60884,56,56,0,0
60885,156,140,16,16
60886,55,48,7,7
60887,116,115,1,1
60888,84,79,5,5
60889,105,93,12,12
60890,122,118,4,4
60891,80,96,-16,16
60892,89,77,12,12
60893,117,104,13,13
60894,50,54,-4,4
60895,65,69,-4,4
60896,115,118,-3,3
60897,78,82,-4,4
60898,112,106,6,6
60899,84,80,4,4
60900,144,149,-5,5
60901,95,83,12,12
60902,125,128,-3,3
60903,115,119,-4,4
60904,76,83,-7,7
60905,119,123,-4,4
60906,133,149,-16,16
60907,90,77,13,13
60908,112,116,-4,4
60909,76,64,12,12
60910,147,155,-8,8
60911,55,52,3,3
60912,131,113,18,18
60913,116,102,14,14
60914,84,85,-1,1
60915,72,65,7,7
60916,73,70,3,3
60917,43,70,-27,27
60918,73,73,0,0
60919,82,86,-4,4
60920,56,57,-1,1
60921,99,96,3,3
60922,105,125,-20,20
60923,79,81,-2,2
60924,138,125,13,13
60925,111,116,-5,5
60926,36,46,-10,10
60927,138,122,16,16
60928,89,90,-1,1
60929,93,75,18,18
60930,132,135,-3,3
60931,108,100,8,8
60932,66,72,-6,6
60933,71,63,8,8
60934,65,69,-4,4
60935,200,184,16,16
60936,72,109,-37,37
60937,232,226,6,6
60938,75,83,-8,8
60939,186,185,1,1
60940,125,116,9,9
60941,95,96,-1,1
60942,203,176,27,27
60943,176,153,23,23
60944,129,123,6,6
60945,76,82,-6,6
60946,143,137,6,6
60947,49,54,-5,5
60948,92,90,2,2
60949,92,95,-3,3
60950,75,90,-15,15
60951,105,98,7,7
60952,155,130,25,25
60953,95,96,-1,1
60954,86,96,-10,10
60955,132,125,7,7
60956,46,75,-29,29
60957,69,77,-8,8
60958,58,67,-9,9
60959,140,129,11,11
60960,70,71,-1,1
60961,89,87,2,2
60962,84,65,19,19
60963,124,112,12,12
60964,71,80,-9,9
60965,127,120,7,7
60966,69,74,-5,5
60967,111,99,12,12
60968,125,123,2,2
60969,85,93,-8,8
60970,76,67,9,9
60971,85,95,-10,10
60972,55,51,4,4
60973,92,98,-6,6
60974,182,150,32,32
60975,89,84,5,5
60976,102,90,12,12
60977,113,108,5,5
60978,131,126,5,5
60979,133,119,14,14
60980,98,101,-3,3
60981,154,124,30,30
60982,99,99,0,0
60983,114,107,7,7
60984,110,100,10,10
60985,125,91,34,34
60986,52,65,-13,13
60987,42,35,7,7
60988,80,77,3,3
60989,83,81,2,2
60990,143,142,1,1
60991,56,50,6,6
60992,131,130,1,1
60993,112,139,-27,27
60994,110,112,-2,2
60995,104,103,1,1
60996,71,72,-1,1
60997,36,36,0,0
60998,57,64,-7,7
60999,72,77,-5,5
61000,119,102,17,17
61001,194,169,25,25
61002,107,95,12,12
61003,123,120,3,3
61004,87,86,1,1
61005,157,151,6,6
61006,75,83,-8,8
61007,94,100,-6,6
61008,85,89,-4,4
61009,85,107,-22,22
61010,44,47,-3,3
61011,78,84,-6,6
61012,97,84,13,13
61013,34,28,6,6
61014,38,53,-15,15
61015,93,83,10,10
61016,113,112,1,1
61017,130,126,4,4
61018,46,47,-1,1
61019,94,105,-11,11
61020,144,115,29,29
61021,60,55,5,5
61022,110,109,1,1
61023,78,80,-2,2
61024,172,154,18,18
61025,117,151,-34,34
61026,60,68,-8,8
61027,114,102,12,12
61028,136,147,-11,11
61029,130,134,-4,4
61030,140,129,11,11
61031,58,72,-14,14
61032,87,83,4,4
61033,154,128,26,26
61034,84,82,2,2
61035,78,80,-2,2
61036,224,216,8,8
61037,77,77,0,0
61038,114,104,10,10
61039,64,78,-14,14
61040,145,140,5,5
61041,62,59,3,3
61042,123,131,-8,8
61043,126,128,-2,2
61044,59,69,-10,10
61045,59,86,-27,27
61046,65,74,-9,9
61047,81,83,-2,2
61048,104,94,10,10
61049,94,105,-11,11
61050,131,118,13,13
61051,60,59,1,1
61052,111,100,11,11
61053,159,145,14,14
61054,145,141,4,4
61055,67,78,-11,11
61056,114,108,6,6
61057,82,75,7,7
61058,93,96,-3,3
61059,53,67,-14,14
61060,83,94,-11,11
61061,101,102,-1,1
61062,112,133,-21,21
61063,71,58,13,13
61064,86,80,6,6
61065,49,96,-47,47
61066,59,58,1,1
61067,125,115,10,10
61068,157,154,3,3
61069,90,94,-4,4
61070,160,153,7,7
61071,128,103,25,25
61072,78,90,-12,12
61073,153,155,-2,2
61074,87,96,-9,9
61075,133,119,14,14
61076,96,111,-15,15
61077,88,95,-7,7
61078,69,75,-6,6
61079,150,169,-19,19
61080,134,122,12,12
61081,122,116,6,6
61082,91,90,1,1
61083,156,141,15,15
61084,76,90,-14,14
61085,44,48,-4,4
61086,117,115,2,2
61087,110,100,10,10
61088,101,85,16,16
61089,81,79,2,2
61090,52,56,-4,4
61091,164,158,6,6
61092,40,42,-2,2
61093,80,84,-4,4
61094,129,127,2,2
61095,131,124,7,7
61096,87,97,-10,10
61097,79,72,7,7
61098,110,103,7,7
61099,120,120,0,0
61100,100,140,-40,40
61101,113,102,11,11
61102,97,117,-20,20
61103,75,64,11,11
61104,85,99,-14,14
61105,49,44,5,5
61106,103,113,-10,10
61107,177,164,13,13
61108,94,98,-4,4
61109,130,123,7,7
61110,72,85,-13,13
61111,158,147,11,11
61112,47,53,-6,6
61113,74,91,-17,17
61114,101,104,-3,3
61115,51,54,-3,3
61116,83,84,-1,1
61117,142,135,7,7
61118,58,67,-9,9
61119,83,92,-9,9
61120,45,47,-2,2
61121,138,125,13,13
61122,152,138,14,14
61123,101,110,-9,9
61124,77,67,10,10
61125,52,75,-23,23
61126,89,80,9,9
61127,149,127,22,22
61128,78,77,1,1
61129,146,127,19,19
61130,122,125,-3,3
61131,88,79,9,9
61132,131,141,-10,10
61133,67,69,-2,2
61134,107,95,12,12
61135,139,141,-2,2
61136,164,164,0,0
61137,134,122,12,12
61138,71,63,8,8
61139,87,79,8,8
61140,68,70,-2,2
61141,56,105,-49,49
61142,118,122,-4,4
61143,101,118,-17,17
61144,75,88,-13,13
61145,127,142,-15,15
61146,85,92,-7,7
61147,57,41,16,16
61148,37,45,-8,8
61149,116,119,-3,3
61150,108,95,13,13
61151,137,126,11,11
61152,58,62,-4,4
61153,67,90,-23,23
61154,106,105,1,1
61155,132,121,11,11
61156,102,88,14,14
61157,115,127,-12,12
61158,85,77,8,8
61159,107,101,6,6
61160,49,48,1,1
61161,139,145,-6,6
61162,126,123,3,3
61163,135,131,4,4
61164,69,59,10,10
61165,88,89,-1,1
61166,117,118,-1,1
61167,77,80,-3,3
61168,51,55,-4,4
61169,92,107,-15,15
61170,80,98,-18,18
61171,82,90,-8,8
61172,157,152,5,5
61173,83,90,-7,7
61174,136,118,18,18
61175,147,139,8,8
61176,49,61,-12,12
61177,86,80,6,6
61178,125,110,15,15
61179,73,63,10,10
61180,99,115,-16,16
61181,102,109,-7,7
61182,101,100,1,1
61183,109,102,7,7
61184,126,125,1,1
61185,142,114,28,28
61186,62,62,0,0
61187,113,109,4,4
61188,149,124,25,25
61189,61,68,-7,7
61190,66,77,-11,11
61191,122,116,6,6
61192,89,93,-4,4
61193,76,82,-6,6
61194,74,89,-15,15
61195,61,68,-7,7
61196,44,46,-2,2
61197,107,118,-11,11
61198,104,90,14,14
61199,109,108,1,1
61200,140,121,19,19
61201,43,51,-8,8
61202,40,45,-5,5
61203,223,185,38,38
61204,95,84,11,11
61205,47,48,-1,1
61206,71,65,6,6
61207,121,104,17,17
61208,119,115,4,4
61209,135,126,9,9
61210,78,72,6,6
61211,96,82,14,14
61212,71,70,1,1
61213,71,82,-11,11
61214,108,131,-23,23
61215,64,58,6,6
61216,169,170,-1,1
61217,80,85,-5,5
61218,78,86,-8,8
61219,100,92,8,8
61220,90,88,2,2
61221,108,102,6,6
61222,84,81,3,3
61223,150,132,18,18
61224,91,103,-12,12
61225,55,74,-19,19
61226,83,80,3,3
61227,119,172,-53,53
61228,86,96,-10,10
61229,101,110,-9,9
61230,89,62,27,27
61231,80,71,9,9
61232,116,110,6,6
61233,146,148,-2,2
61234,64,71,-7,7
61235,175,158,17,17
61236,139,139,0,0
61237,79,83,-4,4
61238,120,111,9,9
61239,84,89,-5,5
61240,132,124,8,8
61241,71,65,6,6
61242,104,96,8,8
61243,60,60,0,0
61244,171,171,0,0
61245,93,93,0,0
61246,132,120,12,12
61247,55,67,-12,12
61248,74,55,19,19
61249,126,109,17,17
61250,75,71,4,4
61251,45,54,-9,9
61252,95,90,5,5
61253,154,131,23,23
61254,143,117,26,26
61255,111,113,-2,2
61256,97,123,-26,26
61257,203,203,0,0
61258,42,53,-11,11
61259,49,49,0,0
61260,111,101,10,10
61261,76,58,18,18
61262,79,71,8,8
61263,70,78,-8,8
61264,57,35,22,22
61265,60,25,35,35
61266,119,116,3,3
61267,76,79,-3,3
61268,72,77,-5,5
61269,124,125,-1,1
61270,138,107,31,31
61271,118,120,-2,2
61272,119,107,12,12
61273,94,75,19,19
61274,113,124,-11,11
61275,69,95,-26,26
61276,106,106,0,0
61277,41,56,-15,15
61278,88,79,9,9
61279,124,140,-16,16
61280,51,51,0,0
61281,70,78,-8,8
61282,112,113,-1,1
61283,100,92,8,8
61284,143,138,5,5
61285,87,89,-2,2
61286,61,70,-9,9
61287,64,65,-1,1
61288,130,104,26,26
61289,81,75,6,6
61290,73,64,9,9
61291,47,47,0,0
61292,99,115,-16,16
61293,95,86,9,9
61294,105,100,5,5
61295,126,128,-2,2
61296,108,103,5,5
61297,67,74,-7,7
61298,72,87,-15,15
61299,65,57,8,8
61300,109,106,3,3
61301,52,53,-1,1
61302,122,110,12,12
61303,59,79,-20,20
61304,117,130,-13,13
61305,79,72,7,7
61306,46,43,3,3
61307,64,69,-5,5
61308,71,89,-18,18
61309,60,69,-9,9
61310,70,69,1,1
61311,114,113,1,1
61312,101,100,1,1
61313,138,139,-1,1
61314,98,90,8,8
61315,92,90,2,2
61316,196,152,44,44
61317,109,101,8,8
61318,55,51,4,4
61319,166,156,10,10
61320,68,67,1,1
61321,61,74,-13,13
61322,79,97,-18,18
61323,86,83,3,3
61324,90,82,8,8
61325,128,131,-3,3
61326,102,96,6,6
61327,118,121,-3,3
61328,86,89,-3,3
61329,105,108,-3,3
61330,78,83,-5,5
61331,96,98,-2,2
61332,38,48,-10,10
61333,96,104,-8,8
61334,123,120,3,3
61335,85,73,12,12
61336,117,108,9,9
61337,78,126,-48,48
61338,131,134,-3,3
61339,82,86,-4,4
61340,87,94,-7,7
61341,81,91,-10,10
61342,59,56,3,3
61343,84,75,9,9
61344,89,100,-11,11
61345,65,57,8,8
61346,131,141,-10,10
61347,55,52,3,3
61348,66,86,-20,20
61349,74,75,-1,1
61350,84,64,20,20
61351,110,100,10,10
61352,63,82,-19,19
61353,97,98,-1,1
61354,55,74,-19,19
61355,94,98,-4,4
61356,148,143,5,5
61357,110,108,2,2
61358,161,152,9,9
61359,139,121,18,18
61360,63,72,-9,9
61361,120,110,10,10
61362,79,76,3,3
61363,131,145,-14,14
61364,150,113,37,37
61365,80,73,7,7
61366,37,76,-39,39
61367,116,107,9,9
61368,82,84,-2,2
61369,130,129,1,1
61370,68,74,-6,6
61371,86,102,-16,16
61372,90,73,17,17
61373,57,61,-4,4
61374,149,126,23,23
61375,79,65,14,14
61376,126,111,15,15
61377,120,136,-16,16
61378,197,162,35,35
61379,62,60,2,2
61380,88,89,-1,1
61381,144,140,4,4
61382,99,88,11,11
61383,101,134,-33,33
61384,111,97,14,14
61385,61,61,0,0
61386,85,91,-6,6
61387,96,98,-2,2
61388,125,118,7,7
61389,107,94,13,13
61390,136,114,22,22
61391,148,146,2,2
61392,98,108,-10,10
61393,66,68,-2,2
61394,95,81,14,14
61395,107,84,23,23
61396,47,41,6,6
61397,78,72,6,6
61398,81,80,1,1
61399,72,67,5,5
61400,84,96,-12,12
61401,145,153,-8,8
61402,77,70,7,7
61403,90,78,12,12
61404,131,129,2,2
61405,91,87,4,4
61406,38,56,-18,18
61407,94,85,9,9
61408,111,100,11,11
61409,145,131,14,14
61410,84,87,-3,3
61411,87,74,13,13
61412,115,98,17,17
61413,95,82,13,13
61414,144,136,8,8
61415,90,77,13,13
61416,101,90,11,11
61417,91,93,-2,2
61418,190,175,15,15
61419,80,79,1,1
61420,167,154,13,13
61421,83,77,6,6
61422,66,64,2,2
61423,50,59,-9,9
61424,111,108,3,3
61425,83,84,-1,1
61426,72,64,8,8
61427,73,81,-8,8
61428,79,81,-2,2
61429,66,82,-16,16
61430,83,87,-4,4
61431,262,234,28,28
61432,108,133,-25,25
61433,117,117,0,0
61434,98,85,13,13
61435,85,90,-5,5
61436,63,58,5,5
61437,190,178,12,12
61438,85,79,6,6
61439,123,108,15,15
61440,144,135,9,9
61441,75,73,2,2
61442,97,90,7,7
61443,85,68,17,17
61444,69,65,4,4
61445,77,78,-1,1
61446,61,72,-11,11
61447,75,71,4,4
61448,97,114,-17,17
61449,70,75,-5,5
61450,85,80,5,5
61451,61,77,-16,16
61452,77,74,3,3
61453,58,66,-8,8
61454,83,83,0,0
61455,91,88,3,3
61456,53,62,-9,9
61457,55,52,3,3
61458,87,86,1,1
61459,80,86,-6,6
61460,53,58,-5,5
61461,133,122,11,11
61462,90,90,0,0
61463,60,64,-4,4
61464,68,65,3,3
61465,66,53,13,13
61466,112,109,3,3
61467,139,143,-4,4
61468,50,59,-9,9
61469,120,116,4,4
61470,77,86,-9,9
61471,81,65,16,16
61472,87,82,5,5
61473,43,54,-11,11
61474,68,58,10,10
61475,58,56,2,2
61476,120,124,-4,4
61477,114,106,8,8
61478,173,161,12,12
61479,62,62,0,0
61480,115,101,14,14
61481,213,187,26,26
61482,108,110,-2,2
61483,53,73,-20,20
61484,85,82,3,3
61485,119,128,-9,9
61486,74,83,-9,9
61487,93,85,8,8
61488,72,70,2,2
61489,104,90,14,14
61490,88,97,-9,9
61491,56,67,-11,11
61492,139,144,-5,5
61493,110,125,-15,15
61494,93,73,20,20
61495,54,60,-6,6
61496,83,94,-11,11
61497,73,70,3,3
61498,202,158,44,44
61499,95,85,10,10
61500,51,54,-3,3
61501,141,128,13,13
61502,130,124,6,6
61503,89,87,2,2
61504,67,56,11,11
61505,92,135,-43,43
61506,138,150,-12,12
61507,50,52,-2,2
61508,85,86,-1,1
61509,118,107,11,11
61510,84,81,3,3
61511,95,83,12,12
61512,92,100,-8,8
61513,141,144,-3,3
61514,94,100,-6,6
61515,117,110,7,7
61516,82,65,17,17
61517,73,83,-10,10
61518,108,99,9,9
61519,93,111,-18,18
61520,156,155,1,1
61521,84,84,0,0
61522,106,98,8,8
61523,91,94,-3,3
61524,88,84,4,4
61525,78,67,11,11
61526,136,124,12,12
61527,59,63,-4,4
61528,94,103,-9,9
61529,100,96,4,4
61530,144,140,4,4
61531,89,106,-17,17
61532,67,66,1,1
61533,28,39,-11,11
61534,114,114,0,0
61535,123,134,-11,11
61536,85,64,21,21
61537,77,74,3,3
61538,89,103,-14,14
61539,90,88,2,2
61540,80,88,-8,8
61541,114,123,-9,9
61542,46,43,3,3
61543,123,108,15,15
61544,132,138,-6,6
61545,106,115,-9,9
61546,93,98,-5,5
61547,100,116,-16,16
61548,82,72,10,10
61549,170,163,7,7
61550,103,112,-9,9
61551,60,56,4,4
61552,101,122,-21,21
61553,101,90,11,11
61554,106,105,1,1
61555,53,61,-8,8
61556,45,75,-30,30
61557,102,119,-17,17
61558,74,79,-5,5
61559,107,123,-16,16
61560,95,88,7,7
61561,96,93,3,3
61562,100,102,-2,2
61563,40,55,-15,15
61564,85,79,6,6
61565,59,73,-14,14
61566,107,95,12,12
61567,157,145,12,12
61568,72,73,-1,1
61569,104,98,6,6
61570,53,59,-6,6
61571,131,128,3,3
61572,147,123,24,24
61573,80,86,-6,6
61574,135,125,10,10
61575,119,117,2,2
61576,128,130,-2,2
61577,126,114,12,12
61578,91,75,16,16
61579,102,85,17,17
61580,55,60,-5,5
61581,69,68,1,1
61582,57,52,5,5
61583,53,54,-1,1
61584,109,95,14,14
61585,106,88,18,18
61586,106,111,-5,5
61587,128,104,24,24
61588,84,78,6,6
61589,73,70,3,3
61590,137,146,-9,9
61591,96,98,-2,2
61592,106,104,2,2
61593,119,114,5,5
61594,113,113,0,0
61595,138,152,-14,14
61596,52,58,-6,6
61597,115,118,-3,3
61598,66,65,1,1
61599,114,109,5,5
61600,46,71,-25,25
61601,108,114,-6,6
61602,85,96,-11,11
61603,67,68,-1,1
61604,66,58,8,8
61605,76,76,0,0
61606,93,84,9,9
61607,145,146,-1,1
61608,122,116,6,6
61609,88,77,11,11
61610,59,61,-2,2
61611,77,82,-5,5
61612,84,96,-12,12
61613,71,70,1,1
61614,93,92,1,1
61615,71,79,-8,8
61616,40,42,-2,2
61617,165,153,12,12
61618,104,99,5,5
61619,54,48,6,6
61620,46,39,7,7
61621,70,75,-5,5
61622,51,63,-12,12
61623,86,89,-3,3
61624,86,90,-4,4
61625,90,89,1,1
61626,160,161,-1,1
61627,119,110,9,9
61628,78,90,-12,12
61629,112,113,-1,1
61630,89,131,-42,42
61631,96,104,-8,8
61632,96,102,-6,6
61633,96,94,2,2
61634,33,40,-7,7
61635,78,79,-1,1
61636,65,67,-2,2
61637,69,75,-6,6
61638,85,81,4,4
61639,71,58,13,13
61640,119,107,12,12
61641,100,87,13,13
61642,102,92,10,10
61643,96,81,15,15
61644,77,71,6,6
61645,91,103,-12,12
61646,175,154,21,21
61647,96,101,-5,5
61648,133,132,1,1
61649,107,125,-18,18
61650,98,93,5,5
61651,94,101,-7,7
61652,67,71,-4,4
61653,116,108,8,8
61654,73,91,-18,18
61655,83,82,1,1
61656,75,85,-10,10
61657,109,117,-8,8
61658,143,149,-6,6
61659,84,87,-3,3
61660,79,77,2,2
61661,104,100,4,4
61662,44,55,-11,11
61663,53,54,-1,1
61664,108,112,-4,4
61665,86,91,-5,5
61666,119,116,3,3
61667,56,28,28,28
61668,88,96,-8,8
61669,118,111,7,7
61670,102,107,-5,5
61671,49,50,-1,1
61672,99,96,3,3
61673,105,194,-89,89
61674,131,107,24,24
61675,78,76,2,2
61676,99,92,7,7
61677,23,63,-40,40
61678,126,120,6,6
61679,92,82,10,10
61680,85,92,-7,7
61681,61,63,-2,2
61682,137,161,-24,24
61683,74,76,-2,2
61684,129,123,6,6
61685,156,154,2,2
61686,72,76,-4,4
61687,151,134,17,17
61688,72,77,-5,5
61689,81,91,-10,10
61690,128,121,7,7
61691,136,131,5,5
61692,111,113,-2,2
61693,150,157,-7,7
61694,79,75,4,4
61695,124,108,16,16
61696,133,120,13,13
61697,106,112,-6,6
61698,71,70,1,1
61699,69,61,8,8
61700,105,113,-8,8
61701,60,57,3,3
61702,97,98,-1,1
61703,129,133,-4,4
61704,70,75,-5,5
61705,137,145,-8,8
61706,110,104,6,6
61707,97,97,0,0
61708,149,164,-15,15
61709,63,71,-8,8
61710,71,71,0,0
61711,108,100,8,8
61712,127,130,-3,3
61713,92,95,-3,3
61714,41,51,-10,10
61715,87,85,2,2
61716,95,91,4,4
61717,58,59,-1,1
61718,103,112,-9,9
61719,106,97,9,9
61720,100,109,-9,9
61721,49,49,0,0
61722,103,145,-42,42
61723,147,154,-7,7
61724,110,111,-1,1
61725,121,134,-13,13
61726,66,68,-2,2
61727,66,73,-7,7
61728,75,72,3,3
61729,127,141,-14,14
61730,96,102,-6,6
61731,179,160,19,19
61732,153,150,3,3
61733,89,79,10,10
61734,111,130,-19,19
61735,124,97,27,27
61736,86,63,23,23
61737,98,109,-11,11
61738,82,91,-9,9
61739,138,108,30,30
61740,98,94,4,4
61741,187,171,16,16
61742,141,136,5,5
61743,72,90,-18,18
61744,110,106,4,4
61745,87,92,-5,5
61746,60,64,-4,4
61747,71,74,-3,3
61748,123,119,4,4
61749,57,67,-10,10
61750,113,116,-3,3
61751,148,131,17,17
61752,73,83,-10,10
61753,62,75,-13,13
61754,108,114,-6,6
61755,105,103,2,2
61756,152,121,31,31
61757,51,46,5,5
61758,127,118,9,9
61759,31,87,-56,56
61760,68,65,3,3
61761,163,136,27,27
61762,160,132,28,28
61763,73,77,-4,4
61764,43,46,-3,3
61765,102,104,-2,2
61766,91,112,-21,21
61767,136,140,-4,4
61768,92,90,2,2
61769,60,59,1,1
61770,45,51,-6,6
61771,111,100,11,11
61772,95,103,-8,8
61773,100,92,8,8
61774,139,130,9,9
61775,99,94,5,5
61776,68,77,-9,9
61777,55,53,2,2
61778,110,99,11,11
61779,67,71,-4,4
61780,103,92,11,11
61781,115,112,3,3
61782,131,140,-9,9
61783,106,109,-3,3
61784,154,176,-22,22
61785,104,106,-2,2
61786,91,84,7,7
61787,139,142,-3,3
61788,56,76,-20,20
61789,139,133,6,6
61790,72,54,18,18
61791,144,148,-4,4
61792,112,103,9,9
61793,68,77,-9,9
61794,88,92,-4,4
61795,79,96,-17,17
61796,104,107,-3,3
61797,54,46,8,8
61798,111,100,11,11
61799,87,84,3,3
61800,185,180,5,5
61801,92,90,2,2
61802,68,71,-3,3
61803,91,80,11,11
61804,84,86,-2,2
61805,82,80,2,2
61806,126,112,14,14
61807,71,68,3,3
61808,72,61,11,11
61809,137,136,1,1
61810,61,76,-15,15
61811,106,108,-2,2
61812,59,53,6,6
61813,77,76,1,1
61814,149,119,30,30
61815,63,70,-7,7
61816,66,81,-15,15
61817,105,104,1,1
61818,85,81,4,4
61819,109,102,7,7
61820,81,91,-10,10
61821,60,58,2,2
61822,40,41,-1,1
61823,95,85,10,10
61824,110,90,20,20
61825,68,64,4,4
61826,67,62,5,5
61827,76,79,-3,3
61828,188,173,15,15
61829,59,69,-10,10
61830,131,124,7,7
61831,108,110,-2,2
61832,114,115,-1,1
61833,108,100,8,8
61834,104,101,3,3
61835,94,88,6,6
61836,47,63,-16,16
61837,77,74,3,3
61838,80,80,0,0
61839,96,121,-25,25
61840,103,106,-3,3
61841,109,103,6,6
61842,66,74,-8,8
61843,98,87,11,11
61844,126,102,24,24
61845,97,122,-25,25
61846,99,100,-1,1
61847,107,108,-1,1
61848,129,143,-14,14
61849,87,94,-7,7
61850,69,78,-9,9
61851,115,107,8,8
61852,99,101,-2,2
61853,99,103,-4,4
61854,155,145,10,10
61855,121,123,-2,2
61856,123,131,-8,8
61857,91,94,-3,3
61858,68,82,-14,14
61859,118,104,14,14
61860,98,96,2,2
61861,108,108,0,0
61862,112,106,6,6
61863,80,79,1,1
61864,92,132,-40,40
61865,116,112,4,4
61866,56,58,-2,2
61867,127,119,8,8
61868,50,53,-3,3
61869,121,118,3,3
61870,157,159,-2,2
61871,78,74,4,4
61872,85,74,11,11
61873,142,139,3,3
61874,42,48,-6,6
61875,62,74,-12,12
61876,61,59,2,2
61877,75,72,3,3
61878,82,87,-5,5
61879,107,114,-7,7
61880,130,138,-8,8
61881,64,67,-3,3
61882,75,82,-7,7
61883,109,105,4,4
61884,65,75,-10,10
61885,112,113,-1,1
61886,88,98,-10,10
61887,140,117,23,23
61888,132,128,4,4
61889,108,114,-6,6
61890,92,70,22,22
61891,63,59,4,4
61892,48,52,-4,4
61893,144,124,20,20
61894,104,111,-7,7
61895,107,93,14,14
61896,52,62,-10,10
61897,73,76,-3,3
61898,44,44,0,0
61899,120,111,9,9
61900,87,87,0,0
61901,110,118,-8,8
61902,73,74,-1,1
61903,79,88,-9,9
61904,57,64,-7,7
61905,68,83,-15,15
61906,81,106,-25,25
61907,63,57,6,6
61908,41,39,2,2
61909,71,68,3,3
61910,106,130,-24,24
61911,105,97,8,8
61912,183,136,47,47
61913,111,119,-8,8
61914,137,132,5,5
61915,51,59,-8,8
61916,40,41,-1,1
61917,70,76,-6,6
61918,120,113,7,7
61919,57,64,-7,7
61920,66,75,-9,9
61921,140,132,8,8
61922,71,73,-2,2
61923,96,94,2,2
61924,108,107,1,1
61925,134,134,0,0
61926,97,93,4,4
61927,44,44,0,0
61928,49,50,-1,1
61929,63,71,-8,8
61930,97,100,-3,3
61931,38,57,-19,19
61932,68,54,14,14
61933,114,129,-15,15
61934,105,110,-5,5
61935,36,34,2,2
61936,69,68,1,1
61937,101,101,0,0
61938,155,150,5,5
61939,53,66,-13,13
61940,151,147,4,4
61941,65,63,2,2
61942,64,69,-5,5
61943,181,158,23,23
61944,110,133,-23,23
61945,93,99,-6,6
61946,183,168,15,15
61947,94,88,6,6
61948,91,89,2,2
61949,105,116,-11,11
61950,51,53,-2,2
61951,76,75,1,1
61952,60,76,-16,16
61953,72,77,-5,5
61954,108,108,0,0
61955,119,112,7,7
61956,98,114,-16,16
61957,119,118,1,1
61958,122,123,-1,1
61959,90,90,0,0
61960,55,58,-3,3
61961,62,59,3,3
61962,41,83,-42,42
61963,86,76,10,10
61964,58,59,-1,1
61965,159,136,23,23
61966,84,88,-4,4
61967,101,101,0,0
61968,107,102,5,5
61969,150,146,4,4
61970,105,109,-4,4
61971,83,87,-4,4
61972,78,83,-5,5
61973,51,51,0,0
61974,83,95,-12,12
61975,111,106,5,5
61976,116,141,-25,25
61977,124,100,24,24
61978,116,114,2,2
61979,133,123,10,10
61980,143,130,13,13
61981,102,106,-4,4
61982,94,95,-1,1
61983,66,71,-5,5
61984,76,86,-10,10
61985,108,109,-1,1
61986,69,60,9,9
61987,90,85,5,5
61988,65,71,-6,6
61989,157,151,6,6
61990,81,72,9,9
61991,116,115,1,1
61992,94,92,2,2
61993,98,106,-8,8
61994,149,146,3,3
61995,87,89,-2,2
61996,124,122,2,2
61997,121,123,-2,2
61998,157,129,28,28
61999,100,92,8,8
62000,129,120,9,9
62001,97,99,-2,2
62002,57,54,3,3
62003,108,98,10,10
62004,64,46,18,18
62005,195,170,25,25
62006,81,86,-5,5
62007,92,86,6,6
62008,139,143,-4,4
62009,67,74,-7,7
62010,78,91,-13,13
62011,56,65,-9,9
62012,90,93,-3,3
62013,69,78,-9,9
62014,109,94,15,15
62015,67,75,-8,8
62016,65,74,-9,9
62017,67,74,-7,7
62018,128,115,13,13
62019,101,98,3,3
62020,103,93,10,10
62021,66,60,6,6
62022,78,76,2,2
62023,121,120,1,1
62024,99,107,-8,8
62025,69,58,11,11
62026,64,81,-17,17
62027,66,60,6,6
62028,76,75,1,1
62029,91,85,6,6
62030,49,52,-3,3
62031,222,175,47,47
62032,71,60,11,11
62033,155,157,-2,2
62034,80,90,-10,10
62035,94,82,12,12
62036,70,62,8,8
62037,106,104,2,2
62038,81,81,0,0
62039,90,85,5,5
62040,73,72,1,1
62041,65,62,3,3
62042,71,68,3,3
62043,140,115,25,25
62044,109,104,5,5
62045,72,74,-2,2
62046,95,103,-8,8
62047,92,78,14,14
62048,104,100,4,4
62049,74,83,-9,9
62050,102,98,4,4
62051,75,82,-7,7
62052,100,94,6,6
62053,111,117,-6,6
62054,52,67,-15,15
62055,79,83,-4,4
62056,99,100,-1,1
62057,140,144,-4,4
62058,181,173,8,8
62059,106,101,5,5
62060,59,55,4,4
62061,129,112,17,17
62062,95,125,-30,30
62063,50,56,-6,6
62064,71,72,-1,1
62065,46,64,-18,18
62066,103,125,-22,22
62067,82,85,-3,3
62068,114,102,12,12
62069,114,105,9,9
62070,92,96,-4,4
62071,74,85,-11,11
62072,102,100,2,2
62073,104,107,-3,3
62074,86,80,6,6
62075,51,61,-10,10
62076,86,84,2,2
62077,78,76,2,2
62078,99,104,-5,5
62079,95,93,2,2
62080,82,86,-4,4
62081,111,130,-19,19
62082,129,114,15,15
62083,90,119,-29,29
62084,139,173,-34,34
62085,72,75,-3,3
62086,55,64,-9,9
62087,165,149,16,16
62088,115,119,-4,4
62089,61,75,-14,14
62090,84,77,7,7
62091,136,141,-5,5
62092,83,86,-3,3
62093,27,111,-84,84
62094,108,107,1,1
62095,147,139,8,8
62096,120,120,0,0
62097,73,121,-48,48
62098,60,77,-17,17
62099,123,133,-10,10
62100,89,95,-6,6
62101,73,59,14,14
62102,64,67,-3,3
62103,62,63,-1,1
62104,100,89,11,11
62105,100,98,2,2
62106,48,65,-17,17
62107,119,117,2,2
62108,53,55,-2,2
62109,142,135,7,7
62110,58,60,-2,2
62111,100,109,-9,9
62112,77,74,3,3
62113,71,85,-14,14
62114,126,137,-11,11
62115,50,54,-4,4
62116,205,157,48,48
62117,60,67,-7,7
62118,91,101,-10,10
62119,70,81,-11,11
62120,90,97,-7,7
62121,159,166,-7,7
62122,75,88,-13,13
62123,116,95,21,21
62124,109,118,-9,9
62125,143,129,14,14
62126,112,99,13,13
62127,84,81,3,3
62128,170,163,7,7
62129,150,128,22,22
62130,109,110,-1,1
62131,161,146,15,15
62132,99,101,-2,2
62133,127,106,21,21
62134,62,89,-27,27
62135,133,141,-8,8
62136,101,106,-5,5
62137,127,120,7,7
62138,89,84,5,5
62139,95,90,5,5
62140,150,135,15,15
62141,49,82,-33,33
62142,92,104,-12,12
62143,92,92,0,0
62144,38,50,-12,12
62145,145,153,-8,8
62146,156,162,-6,6
62147,125,117,8,8
62148,51,53,-2,2
62149,134,112,22,22
62150,92,107,-15,15
62151,85,91,-6,6
62152,60,68,-8,8
62153,67,73,-6,6
62154,99,107,-8,8
62155,159,162,-3,3
62156,86,86,0,0
62157,75,44,31,31
62158,42,38,4,4
62159,71,80,-9,9
62160,136,146,-10,10
62161,67,82,-15,15
62162,112,105,7,7
62163,71,76,-5,5
62164,48,62,-14,14
62165,139,133,6,6
62166,114,144,-30,30
62167,48,48,0,0
62168,86,89,-3,3
62169,119,115,4,4
62170,94,98,-4,4
62171,105,110,-5,5
62172,104,99,5,5
62173,85,81,4,4
62174,66,67,-1,1
62175,93,91,2,2
62176,88,99,-11,11
62177,67,68,-1,1
62178,91,104,-13,13
62179,110,111,-1,1
62180,80,69,11,11
62181,98,113,-15,15
62182,126,121,5,5
62183,52,59,-7,7
62184,63,67,-4,4
62185,91,99,-8,8
62186,103,109,-6,6
62187,68,66,2,2
62188,73,68,5,5
62189,95,96,-1,1
62190,100,93,7,7
62191,111,95,16,16
62192,100,101,-1,1
62193,75,85,-10,10
62194,84,93,-9,9
62195,75,61,14,14
62196,139,115,24,24
62197,105,107,-2,2
62198,84,89,-5,5
62199,137,114,23,23
62200,65,102,-37,37
62201,97,94,3,3
62202,78,86,-8,8
62203,122,114,8,8
62204,72,75,-3,3
62205,80,97,-17,17
62206,132,114,18,18
62207,113,107,6,6
62208,121,122,-1,1
62209,72,73,-1,1
62210,95,95,0,0
62211,124,113,11,11
62212,122,124,-2,2
62213,152,138,14,14
62214,105,102,3,3
62215,103,101,2,2
62216,111,110,1,1
62217,60,42,18,18
62218,75,108,-33,33
62219,69,72,-3,3
62220,85,86,-1,1
62221,91,91,0,0
62222,106,98,8,8
62223,76,93,-17,17
62224,43,52,-9,9
62225,65,58,7,7
62226,180,177,3,3
62227,38,53,-15,15
62228,86,93,-7,7
62229,77,91,-14,14
62230,110,115,-5,5
62231,111,104,7,7
62232,134,134,0,0
62233,123,164,-41,41
62234,67,78,-11,11
62235,77,94,-17,17
62236,95,97,-2,2
62237,94,95,-1,1
62238,131,123,8,8
62239,88,99,-11,11
62240,130,117,13,13
62241,78,75,3,3
62242,98,93,5,5
62243,66,56,10,10
62244,63,80,-17,17
62245,85,87,-2,2
62246,82,88,-6,6
62247,82,97,-15,15
62248,104,98,6,6
62249,120,110,10,10
62250,68,72,-4,4
62251,108,115,-7,7
62252,101,98,3,3
62253,102,98,4,4
62254,161,156,5,5
62255,48,54,-6,6
62256,82,84,-2,2
62257,134,121,13,13
62258,102,91,11,11
62259,47,53,-6,6
62260,101,72,29,29
62261,103,93,10,10
62262,158,137,21,21
62263,79,79,0,0
62264,126,127,-1,1
62265,72,85,-13,13
62266,103,94,9,9
62267,86,98,-12,12
62268,73,89,-16,16
62269,150,132,18,18
62270,69,79,-10,10
62271,89,77,12,12
62272,102,97,5,5
62273,89,83,6,6
62274,92,99,-7,7
62275,91,92,-1,1
62276,69,68,1,1
62277,31,36,-5,5
62278,62,59,3,3
62279,74,76,-2,2
62280,73,70,3,3
62281,92,86,6,6
62282,68,77,-9,9
62283,121,121,0,0
62284,160,158,2,2
62285,124,118,6,6
62286,71,80,-9,9
62287,98,96,2,2
62288,85,77,8,8
62289,93,88,5,5
62290,87,86,1,1
62291,210,174,36,36
62292,74,73,1,1
62293,84,87,-3,3
62294,141,140,1,1
62295,68,68,0,0
62296,118,110,8,8
62297,75,82,-7,7
62298,150,146,4,4
62299,162,153,9,9
62300,59,61,-2,2
62301,82,78,4,4
62302,118,115,3,3
62303,94,109,-15,15
62304,75,82,-7,7
62305,71,76,-5,5
62306,131,123,8,8
62307,120,109,11,11
62308,91,88,3,3
62309,112,109,3,3
62310,145,142,3,3
62311,93,76,17,17
62312,93,83,10,10
62313,89,79,10,10
62314,110,107,3,3
62315,78,77,1,1
62316,80,72,8,8
62317,133,139,-6,6
62318,50,46,4,4
62319,82,80,2,2
62320,145,147,-2,2
62321,126,106,20,20
62322,105,113,-8,8
62323,159,150,9,9
62324,118,122,-4,4
62325,142,140,2,2
62326,108,111,-3,3
62327,110,108,2,2
62328,106,89,17,17
62329,119,121,-2,2
62330,90,97,-7,7
62331,68,67,1,1
62332,119,103,16,16
62333,162,157,5,5
62334,76,75,1,1
62335,89,82,7,7
62336,57,48,9,9
62337,79,93,-14,14
62338,72,86,-14,14
62339,110,97,13,13
62340,82,75,7,7
62341,76,68,8,8
62342,68,74,-6,6
62343,79,105,-26,26
62344,64,64,0,0
62345,151,136,15,15
62346,64,66,-2,2
62347,110,108,2,2
62348,78,71,7,7
62349,123,137,-14,14
62350,118,111,7,7
62351,58,69,-11,11
62352,140,124,16,16
62353,128,125,3,3
62354,57,63,-6,6
62355,101,104,-3,3
62356,106,106,0,0
62357,71,74,-3,3
62358,61,64,-3,3
62359,187,158,29,29
62360,123,105,18,18
62361,64,57,7,7
62362,59,66,-7,7
62363,83,85,-2,2
62364,68,68,0,0
62365,83,72,11,11
62366,111,102,9,9
62367,86,97,-11,11
62368,87,99,-12,12
62369,97,86,11,11
62370,76,79,-3,3
62371,91,102,-11,11
62372,169,145,24,24
62373,51,62,-11,11
62374,57,68,-11,11
62375,168,144,24,24
62376,93,67,26,26
62377,93,91,2,2
62378,98,90,8,8
62379,76,97,-21,21
62380,142,145,-3,3
62381,60,66,-6,6
62382,118,102,16,16
62383,40,64,-24,24
62384,68,57,11,11
62385,75,68,7,7
62386,97,109,-12,12
62387,124,123,1,1
62388,68,58,10,10
62389,89,105,-16,16
62390,109,106,3,3
62391,53,56,-3,3
62392,112,103,9,9
62393,140,150,-10,10
62394,113,105,8,8
62395,105,115,-10,10
62396,69,54,15,15
62397,98,122,-24,24
62398,150,126,24,24
62399,93,87,6,6
62400,117,114,3,3
62401,44,55,-11,11
62402,65,74,-9,9
62403,78,75,3,3
62404,149,149,0,0
62405,75,69,6,6
62406,82,88,-6,6
62407,93,91,2,2
62408,129,141,-12,12
62409,46,54,-8,8
62410,56,57,-1,1
62411,99,99,0,0
62412,31,58,-27,27
62413,113,113,0,0
62414,167,169,-2,2
62415,113,107,6,6
62416,171,166,5,5
62417,71,74,-3,3
62418,103,102,1,1
62419,76,83,-7,7
62420,64,52,12,12
62421,105,110,-5,5
62422,176,172,4,4
62423,127,122,5,5
62424,118,108,10,10
62425,88,109,-21,21
62426,133,129,4,4
62427,84,91,-7,7
62428,108,105,3,3
62429,72,73,-1,1
62430,128,115,13,13
62431,36,43,-7,7
62432,116,101,15,15
62433,105,110,-5,5
62434,85,81,4,4
62435,48,56,-8,8
62436,142,128,14,14
62437,78,78,0,0
62438,72,82,-10,10
62439,255,206,49,49
62440,113,124,-11,11
62441,98,84,14,14
62442,143,142,1,1
62443,85,106,-21,21
62444,111,114,-3,3
62445,106,108,-2,2
62446,111,106,5,5
62447,84,73,11,11
62448,74,71,3,3
62449,87,92,-5,5
62450,133,116,17,17
62451,111,125,-14,14
62452,78,82,-4,4
62453,83,88,-5,5
62454,117,108,9,9
62455,97,98,-1,1
62456,127,116,11,11
62457,66,66,0,0
62458,124,117,7,7
62459,72,72,0,0
62460,108,94,14,14
62461,124,125,-1,1
62462,137,121,16,16
62463,84,92,-8,8
62464,175,165,10,10
62465,32,35,-3,3
62466,127,112,15,15
62467,139,131,8,8
62468,84,126,-42,42
62469,138,127,11,11
62470,147,132,15,15
62471,49,53,-4,4
62472,87,89,-2,2
62473,71,79,-8,8
62474,89,76,13,13
62475,122,112,10,10
62476,110,113,-3,3
62477,112,116,-4,4
62478,161,160,1,1
62479,78,94,-16,16
62480,84,95,-11,11
62481,96,97,-1,1
62482,83,90,-7,7
62483,166,142,24,24
62484,69,49,20,20
62485,48,46,2,2
62486,84,62,22,22
62487,113,90,23,23
62488,89,108,-19,19
62489,51,50,1,1
62490,101,100,1,1
62491,70,55,15,15
62492,107,101,6,6
62493,99,100,-1,1
62494,142,122,20,20
62495,123,115,8,8
62496,81,80,1,1
62497,60,59,1,1
62498,139,125,14,14
62499,93,98,-5,5
62500,123,128,-5,5
62501,101,76,25,25
62502,128,121,7,7
62503,72,77,-5,5
62504,134,116,18,18
62505,89,86,3,3
62506,162,156,6,6
62507,129,117,12,12
62508,97,98,-1,1
62509,63,70,-7,7
62510,88,97,-9,9
62511,47,47,0,0
62512,163,149,14,14
62513,169,170,-1,1
62514,88,85,3,3
62515,116,114,2,2
62516,68,70,-2,2
62517,66,64,2,2
62518,75,74,1,1
62519,79,94,-15,15
62520,132,121,11,11
62521,64,80,-16,16
62522,154,153,1,1
62523,159,148,11,11
62524,97,103,-6,6
62525,151,149,2,2
62526,64,64,0,0
62527,86,86,0,0
62528,86,118,-32,32
62529,105,108,-3,3
62530,135,137,-2,2
62531,78,93,-15,15
62532,180,157,23,23
62533,126,109,17,17
62534,115,117,-2,2
62535,95,98,-3,3
62536,123,111,12,12
62537,49,40,9,9
62538,94,96,-2,2
62539,170,164,6,6
62540,92,98,-6,6
62541,101,107,-6,6
62542,93,90,3,3
62543,123,150,-27,27
62544,83,78,5,5
62545,122,117,5,5
62546,109,119,-10,10
62547,67,48,19,19
62548,59,66,-7,7
62549,79,69,10,10
62550,82,93,-11,11
62551,69,65,4,4
62552,83,100,-17,17
62553,116,114,2,2
62554,202,170,32,32
62555,92,109,-17,17
62556,95,86,9,9
62557,104,104,0,0
62558,124,111,13,13
62559,203,184,19,19
62560,95,95,0,0
62561,131,129,2,2
62562,42,70,-28,28
62563,106,80,26,26
62564,40,41,-1,1
62565,81,79,2,2
62566,125,120,5,5
62567,82,79,3,3
62568,121,110,11,11
62569,85,100,-15,15
62570,104,86,18,18
62571,82,85,-3,3
62572,76,74,2,2
62573,60,63,-3,3
62574,91,71,20,20
62575,96,54,42,42
62576,118,102,16,16
62577,101,87,14,14
62578,140,141,-1,1
62579,153,152,1,1
62580,115,119,-4,4
62581,38,45,-7,7
62582,74,80,-6,6
62583,28,62,-34,34
62584,65,66,-1,1
62585,113,120,-7,7
62586,109,110,-1,1
62587,93,96,-3,3
62588,87,77,10,10
62589,54,52,2,2
62590,125,130,-5,5
62591,141,134,7,7
62592,114,123,-9,9
62593,122,122,0,0
62594,138,144,-6,6
62595,98,96,2,2
62596,84,101,-17,17
62597,118,122,-4,4
62598,114,131,-17,17
62599,69,80,-11,11
62600,47,61,-14,14
62601,72,53,19,19
62602,72,79,-7,7
62603,85,82,3,3
62604,48,56,-8,8
62605,96,97,-1,1
62606,90,93,-3,3
62607,99,84,15,15
62608,122,120,2,2
62609,60,76,-16,16
62610,80,88,-8,8
62611,79,77,2,2
62612,54,50,4,4
62613,90,95,-5,5
62614,84,96,-12,12
62615,98,92,6,6
62616,106,106,0,0
62617,70,72,-2,2
62618,93,88,5,5
62619,81,74,7,7
62620,108,94,14,14
62621,66,77,-11,11
62622,92,81,11,11
62623,58,51,7,7
62624,80,88,-8,8
62625,72,84,-12,12
62626,92,87,5,5
62627,114,122,-8,8
62628,149,133,16,16
62629,85,84,1,1
62630,61,64,-3,3
62631,104,93,11,11
62632,100,95,5,5
62633,132,115,17,17
62634,132,114,18,18
62635,114,107,7,7
62636,89,93,-4,4
62637,52,50,2,2
62638,51,63,-12,12
62639,109,118,-9,9
62640,112,120,-8,8
62641,80,73,7,7
62642,158,171,-13,13
62643,103,94,9,9
62644,59,67,-8,8
62645,118,108,10,10
62646,114,110,4,4
62647,101,98,3,3
62648,64,71,-7,7
62649,75,73,2,2
62650,110,92,18,18
62651,168,176,-8,8
62652,109,98,11,11
62653,106,100,6,6
62654,32,72,-40,40
62655,86,97,-11,11
62656,185,167,18,18
62657,125,154,-29,29
62658,48,56,-8,8
62659,128,121,7,7
62660,138,140,-2,2
62661,75,67,8,8
62662,84,111,-27,27
62663,115,98,17,17
62664,58,67,-9,9
62665,97,97,0,0
62666,152,139,13,13
62667,94,98,-4,4
62668,114,131,-17,17
62669,130,130,0,0
62670,61,73,-12,12
62671,185,162,23,23
62672,110,101,9,9
62673,58,59,-1,1
62674,79,88,-9,9
62675,79,80,-1,1
62676,93,85,8,8
62677,129,116,13,13
62678,134,144,-10,10
62679,98,97,1,1
62680,162,164,-2,2
62681,83,85,-2,2
62682,107,89,18,18
62683,98,122,-24,24
62684,131,116,15,15
62685,57,53,4,4
62686,153,150,3,3
62687,126,118,8,8
62688,89,90,-1,1
62689,68,66,2,2
62690,131,130,1,1
62691,68,78,-10,10
62692,94,81,13,13
62693,135,125,10,10
62694,96,92,4,4
62695,95,105,-10,10
62696,90,91,-1,1
62697,55,70,-15,15
62698,108,110,-2,2
62699,36,51,-15,15
62700,73,72,1,1
62701,73,77,-4,4
62702,102,110,-8,8
62703,52,63,-11,11
62704,22,75,-53,53
62705,102,96,6,6
62706,136,124,12,12
62707,83,91,-8,8
62708,76,77,-1,1
62709,135,136,-1,1
62710,116,112,4,4
62711,69,78,-9,9
62712,42,53,-11,11
62713,86,80,6,6
62714,131,138,-7,7
62715,119,112,7,7
62716,65,63,2,2
62717,100,108,-8,8
62718,65,78,-13,13
62719,73,74,-1,1
62720,63,70,-7,7
62721,115,138,-23,23
62722,164,145,19,19
62723,146,149,-3,3
62724,64,75,-11,11
62725,101,96,5,5
62726,124,116,8,8
62727,74,81,-7,7
62728,92,79,13,13
62729,90,84,6,6
62730,93,90,3,3
62731,76,74,2,2
62732,133,130,3,3
62733,54,58,-4,4
62734,147,136,11,11
62735,107,114,-7,7
62736,132,126,6,6
62737,129,107,22,22
62738,95,92,3,3
62739,78,95,-17,17
62740,93,84,9,9
62741,85,91,-6,6
62742,138,143,-5,5
62743,106,101,5,5
62744,45,46,-1,1
62745,50,53,-3,3
62746,55,23,32,32
62747,44,68,-24,24
62748,70,51,19,19
62749,125,122,3,3
62750,82,76,6,6
62751,80,79,1,1
62752,120,118,2,2
62753,100,104,-4,4
62754,70,66,4,4
62755,65,65,0,0
62756,96,91,5,5
62757,93,91,2,2
62758,106,102,4,4
62759,168,150,18,18
62760,169,158,11,11
62761,95,122,-27,27
62762,95,96,-1,1
62763,81,69,12,12
62764,65,71,-6,6
62765,64,64,0,0
62766,62,69,-7,7
62767,119,112,7,7
62768,93,89,4,4
62769,77,71,6,6
62770,141,144,-3,3
62771,66,72,-6,6
62772,76,87,-11,11
62773,148,130,18,18
62774,57,64,-7,7
62775,78,48,30,30
62776,134,116,18,18
62777,133,118,15,15
62778,66,84,-18,18
62779,75,74,1,1
62780,97,85,12,12
62781,131,131,0,0
62782,171,166,5,5
62783,222,203,19,19
62784,102,102,0,0
62785,60,63,-3,3
62786,144,137,7,7
62787,43,48,-5,5
62788,82,73,9,9
62789,84,96,-12,12
62790,92,94,-2,2
62791,94,74,20,20
62792,179,175,4,4
62793,119,117,2,2
62794,61,80,-19,19
62795,93,100,-7,7
62796,53,55,-2,2
62797,142,136,6,6
62798,69,70,-1,1
62799,90,92,-2,2
62800,139,128,11,11
62801,90,111,-21,21
62802,56,58,-2,2
62803,113,118,-5,5
62804,91,102,-11,11
62805,86,83,3,3
62806,111,98,13,13
62807,74,81,-7,7
62808,139,141,-2,2
62809,96,84,12,12
62810,105,96,9,9
62811,139,139,0,0
62812,61,62,-1,1
62813,70,80,-10,10
62814,70,73,-3,3
62815,61,62,-1,1
62816,127,134,-7,7
62817,92,96,-4,4
62818,120,118,2,2
62819,52,83,-31,31
62820,86,91,-5,5
62821,62,64,-2,2
62822,101,127,-26,26
62823,85,94,-9,9
62824,96,98,-2,2
62825,105,106,-1,1
62826,122,110,12,12
62827,116,117,-1,1
62828,98,77,21,21
62829,154,160,-6,6
62830,100,84,16,16
62831,164,159,5,5
62832,162,154,8,8
62833,136,160,-24,24
62834,62,66,-4,4
62835,178,148,30,30
62836,109,97,12,12
62837,121,107,14,14
62838,108,114,-6,6
62839,84,83,1,1
62840,131,127,4,4
62841,122,112,10,10
62842,64,72,-8,8
62843,84,91,-7,7
62844,72,70,2,2
62845,185,156,29,29
62846,77,71,6,6
62847,137,167,-30,30
62848,93,110,-17,17
62849,86,102,-16,16
62850,144,130,14,14
62851,78,79,-1,1
62852,61,61,0,0
62853,129,112,17,17
62854,52,69,-17,17
62855,195,187,8,8
62856,87,87,0,0
62857,101,103,-2,2
62858,103,99,4,4
62859,169,145,24,24
62860,104,101,3,3
62861,80,75,5,5
62862,40,59,-19,19
62863,90,89,1,1
62864,89,99,-10,10
62865,105,101,4,4
62866,86,106,-20,20
62867,133,124,9,9
62868,89,92,-3,3
62869,64,72,-8,8
62870,94,104,-10,10
62871,86,86,0,0
62872,128,131,-3,3
62873,53,62,-9,9
62874,91,94,-3,3
62875,74,74,0,0
62876,64,63,1,1
62877,81,76,5,5
62878,66,74,-8,8
62879,76,73,3,3
62880,91,80,11,11
62881,76,77,-1,1
62882,109,108,1,1
62883,77,71,6,6
62884,76,77,-1,1
62885,110,101,9,9
62886,88,81,7,7
62887,120,117,3,3
62888,127,121,6,6
62889,106,116,-10,10
62890,201,177,24,24
62891,111,101,10,10
62892,231,202,29,29
62893,59,65,-6,6
62894,150,129,21,21
62895,141,140,1,1
62896,62,54,8,8
62897,191,182,9,9
62898,119,123,-4,4
62899,72,76,-4,4
62900,103,103,0,0
62901,79,80,-1,1
62902,106,113,-7,7
62903,104,114,-10,10
62904,88,98,-10,10
62905,78,99,-21,21
62906,81,95,-14,14
62907,98,102,-4,4
62908,123,124,-1,1
62909,142,119,23,23
62910,74,78,-4,4
62911,163,152,11,11
62912,102,95,7,7
62913,60,55,5,5
62914,133,123,10,10
62915,59,64,-5,5
62916,47,59,-12,12
62917,86,88,-2,2
62918,124,119,5,5
62919,28,31,-3,3
62920,59,55,4,4
62921,124,140,-16,16
62922,105,100,5,5
62923,103,110,-7,7
62924,80,79,1,1
62925,82,83,-1,1
62926,84,79,5,5
62927,128,127,1,1
62928,101,104,-3,3
62929,72,76,-4,4
62930,89,85,4,4
62931,119,109,10,10
62932,181,165,16,16
62933,146,133,13,13
62934,58,62,-4,4
62935,80,72,8,8
62936,37,40,-3,3
62937,45,53,-8,8
62938,95,106,-11,11
62939,108,103,5,5
62940,79,78,1,1
62941,85,71,14,14
62942,53,56,-3,3
62943,211,174,37,37
62944,103,101,2,2
62945,77,77,0,0
62946,75,76,-1,1
62947,95,96,-1,1
62948,102,95,7,7
62949,77,80,-3,3
62950,54,32,22,22
62951,110,104,6,6
62952,121,117,4,4
62953,89,73,16,16
62954,93,96,-3,3
62955,44,52,-8,8
62956,84,97,-13,13
62957,135,121,14,14
62958,66,64,2,2
62959,104,107,-3,3
62960,141,119,22,22
62961,98,97,1,1
62962,90,98,-8,8
62963,115,114,1,1
62964,109,112,-3,3
62965,69,79,-10,10
62966,64,56,8,8
62967,185,145,40,40
62968,114,105,9,9
62969,191,208,-17,17
62970,49,46,3,3
62971,83,94,-11,11
62972,100,114,-14,14
62973,98,94,4,4
62974,69,74,-5,5
62975,103,95,8,8
62976,148,137,11,11
62977,81,70,11,11
62978,151,148,3,3
62979,70,36,34,34
62980,88,82,6,6
62981,93,97,-4,4
62982,60,73,-13,13
62983,88,80,8,8
62984,63,69,-6,6
62985,92,95,-3,3
62986,108,111,-3,3
62987,78,99,-21,21
62988,156,139,17,17
62989,63,60,3,3
62990,58,53,5,5
62991,38,51,-13,13
62992,107,100,7,7
62993,101,100,1,1
62994,65,77,-12,12
62995,120,129,-9,9
62996,101,97,4,4
62997,106,95,11,11
62998,72,72,0,0
62999,127,110,17,17
63000,65,74,-9,9
63001,126,109,17,17
63002,113,110,3,3
63003,104,110,-6,6
63004,152,125,27,27
63005,57,63,-6,6
63006,83,85,-2,2
63007,101,105,-4,4
63008,81,91,-10,10
63009,54,68,-14,14
63010,80,78,2,2
63011,83,87,-4,4
63012,31,64,-33,33
63013,64,84,-20,20
63014,159,156,3,3
63015,133,135,-2,2
63016,116,114,2,2
63017,57,49,8,8
63018,99,89,10,10
63019,62,58,4,4
63020,90,94,-4,4
63021,117,115,2,2
63022,142,121,21,21
63023,177,162,15,15
63024,59,52,7,7
63025,89,97,-8,8
63026,69,72,-3,3
63027,63,67,-4,4
63028,46,65,-19,19
63029,136,134,2,2
63030,105,119,-14,14
63031,127,133,-6,6
63032,66,70,-4,4
63033,138,136,2,2
63034,71,67,4,4
63035,97,95,2,2
63036,112,104,8,8
63037,77,76,1,1
63038,57,59,-2,2
63039,84,98,-14,14
63040,85,78,7,7
63041,111,99,12,12
63042,123,120,3,3
63043,110,115,-5,5
63044,114,129,-15,15
63045,111,134,-23,23
63046,71,76,-5,5
63047,93,92,1,1
63048,343,285,58,58
63049,72,79,-7,7
63050,186,156,30,30
63051,62,59,3,3
63052,79,86,-7,7
63053,129,139,-10,10
63054,121,124,-3,3
63055,105,107,-2,2
63056,157,144,13,13
63057,115,104,11,11
63058,78,88,-10,10
63059,179,168,11,11
63060,80,80,0,0
63061,113,125,-12,12
63062,87,87,0,0
63063,95,90,5,5
63064,95,96,-1,1
63065,104,97,7,7
63066,88,89,-1,1
63067,61,62,-1,1
63068,63,54,9,9
63069,87,96,-9,9
63070,157,162,-5,5
63071,92,134,-42,42
63072,53,55,-2,2
63073,128,123,5,5
63074,114,107,7,7
63075,95,71,24,24
63076,102,105,-3,3
63077,120,118,2,2
63078,110,111,-1,1
63079,207,200,7,7
63080,103,98,5,5
63081,55,58,-3,3
63082,98,95,3,3
63083,99,107,-8,8
63084,94,90,4,4
63085,82,96,-14,14
63086,60,90,-30,30
63087,95,95,0,0
63088,113,102,11,11
63089,113,109,4,4
63090,105,101,4,4
63091,80,48,32,32
63092,104,127,-23,23
63093,97,98,-1,1
63094,62,75,-13,13
63095,62,70,-8,8
63096,85,95,-10,10
63097,114,125,-11,11
63098,72,66,6,6
63099,82,80,2,2
63100,94,83,11,11
63101,90,93,-3,3
63102,110,104,6,6
63103,90,82,8,8
63104,80,84,-4,4
63105,109,108,1,1
63106,61,67,-6,6
63107,185,173,12,12
63108,117,116,1,1
63109,139,127,12,12
63110,56,60,-4,4
63111,74,71,3,3
63112,107,120,-13,13
63113,78,81,-3,3
63114,51,58,-7,7
63115,87,90,-3,3
63116,114,99,15,15
63117,83,86,-3,3
63118,137,130,7,7
63119,117,107,10,10
63120,87,92,-5,5
63121,69,81,-12,12
63122,86,97,-11,11
63123,150,152,-2,2
63124,162,152,10,10
63125,87,97,-10,10
63126,68,72,-4,4
63127,68,76,-8,8
63128,126,97,29,29
63129,109,110,-1,1
63130,106,118,-12,12
63131,114,106,8,8
63132,136,130,6,6
63133,128,120,8,8
63134,109,101,8,8
63135,114,107,7,7
63136,102,110,-8,8
63137,144,142,2,2
63138,52,58,-6,6
63139,73,80,-7,7
63140,116,112,4,4
63141,111,95,16,16
63142,106,110,-4,4
63143,125,128,-3,3
63144,119,112,7,7
63145,77,90,-13,13
63146,78,84,-6,6
63147,62,61,1,1
63148,80,86,-6,6
63149,101,101,0,0
63150,130,140,-10,10
63151,165,150,15,15
63152,88,78,10,10
63153,97,100,-3,3
63154,125,108,17,17
63155,55,70,-15,15
63156,76,85,-9,9
63157,124,121,3,3
63158,82,86,-4,4
63159,60,72,-12,12
63160,107,96,11,11
63161,109,115,-6,6
63162,162,147,15,15
63163,95,115,-20,20
63164,54,55,-1,1
63165,125,121,4,4
63166,107,94,13,13
63167,74,64,10,10
63168,155,130,25,25
63169,77,90,-13,13
63170,80,80,0,0
63171,122,111,11,11
63172,71,73,-2,2
63173,112,104,8,8
63174,61,61,0,0
63175,88,89,-1,1
63176,171,162,9,9
63177,98,101,-3,3
63178,59,62,-3,3
63179,150,144,6,6
63180,94,97,-3,3
63181,112,111,1,1
63182,113,91,22,22
63183,92,94,-2,2
63184,121,124,-3,3
63185,101,103,-2,2
63186,82,88,-6,6
63187,125,103,22,22
63188,74,71,3,3
63189,68,79,-11,11
63190,104,101,3,3
63191,80,73,7,7
63192,101,97,4,4
63193,96,110,-14,14
63194,96,100,-4,4
63195,79,96,-17,17
63196,75,73,2,2
63197,121,123,-2,2
63198,173,160,13,13
63199,123,111,12,12
63200,124,112,12,12
63201,123,123,0,0
63202,129,122,7,7
63203,119,102,17,17
63204,107,108,-1,1
63205,117,120,-3,3
63206,74,83,-9,9
63207,72,73,-1,1
63208,92,96,-4,4
63209,102,98,4,4
63210,123,131,-8,8
63211,119,132,-13,13
63212,71,70,1,1
63213,64,70,-6,6
63214,108,97,11,11
63215,140,141,-1,1
63216,90,94,-4,4
63217,128,119,9,9
63218,99,100,-1,1
63219,82,100,-18,18
63220,156,139,17,17
63221,137,135,2,2
63222,78,62,16,16
63223,95,97,-2,2
63224,82,90,-8,8
63225,90,97,-7,7
63226,64,61,3,3
63227,73,85,-12,12
63228,53,62,-9,9
63229,123,116,7,7
63230,62,59,3,3
63231,92,105,-13,13
63232,123,111,12,12
63233,125,113,12,12
63234,41,41,0,0
63235,187,166,21,21
63236,91,90,1,1
63237,76,79,-3,3
63238,176,156,20,20
63239,93,105,-12,12
63240,87,101,-14,14
63241,89,90,-1,1
63242,88,87,1,1
63243,99,91,8,8
63244,134,129,5,5
63245,95,98,-3,3
63246,105,105,0,0
63247,42,55,-13,13
63248,96,94,2,2
63249,50,81,-31,31
63250,63,64,-1,1
63251,95,111,-16,16
63252,99,94,5,5
63253,109,134,-25,25
63254,133,125,8,8
63255,90,79,11,11
63256,71,68,3,3
63257,58,87,-29,29
63258,173,159,14,14
63259,77,65,12,12
63260,88,63,25,25
63261,72,68,4,4
63262,116,105,11,11
63263,61,66,-5,5
63264,94,85,9,9
63265,117,115,2,2
63266,114,112,2,2
63267,147,129,18,18
63268,125,117,8,8
63269,100,112,-12,12
63270,101,88,13,13
63271,112,116,-4,4
63272,94,83,11,11
63273,119,98,21,21
63274,154,136,18,18
63275,82,85,-3,3
63276,58,79,-21,21
63277,131,133,-2,2
63278,82,94,-12,12
63279,96,107,-11,11
63280,80,73,7,7
63281,118,120,-2,2
63282,51,60,-9,9
63283,164,154,10,10
63284,77,102,-25,25
63285,144,140,4,4
63286,132,132,0,0
63287,89,84,5,5
63288,78,59,19,19
63289,51,56,-5,5
63290,100,101,-1,1
63291,108,101,7,7
63292,143,123,20,20
63293,88,80,8,8
63294,67,70,-3,3
63295,121,116,5,5
63296,90,81,9,9
63297,65,73,-8,8
63298,79,87,-8,8
63299,144,139,5,5
63300,55,66,-11,11
63301,78,77,1,1
63302,82,97,-15,15
63303,78,91,-13,13
63304,160,158,2,2
63305,89,80,9,9
63306,101,113,-12,12
63307,114,107,7,7
63308,86,84,2,2
63309,155,158,-3,3
63310,105,100,5,5
63311,76,70,6,6
63312,149,145,4,4
63313,99,107,-8,8
63314,120,114,6,6
63315,69,65,4,4
63316,102,101,1,1
63317,59,57,2,2
63318,54,80,-26,26
63319,107,93,14,14
63320,60,54,6,6
63321,70,70,0,0
63322,219,200,19,19
63323,83,78,5,5
63324,68,63,5,5
63325,89,90,-1,1
63326,68,71,-3,3
63327,108,122,-14,14
63328,94,108,-14,14
63329,90,98,-8,8
63330,171,174,-3,3
63331,35,46,-11,11
63332,39,39,0,0
63333,80,110,-30,30
63334,69,67,2,2
63335,109,111,-2,2
63336,112,124,-12,12
63337,127,119,8,8
63338,87,84,3,3
63339,60,132,-72,72
63340,67,69,-2,2
63341,151,136,15,15
63342,115,100,15,15
63343,86,97,-11,11
63344,97,86,11,11
63345,128,126,2,2
63346,137,123,14,14
63347,102,105,-3,3
63348,76,79,-3,3
63349,33,49,-16,16
63350,89,91,-2,2
63351,68,68,0,0
63352,55,48,7,7
63353,104,106,-2,2
63354,98,98,0,0
63355,67,63,4,4
63356,103,118,-15,15
63357,87,82,5,5
63358,92,96,-4,4
63359,97,86,11,11
63360,144,129,15,15
63361,94,116,-22,22
63362,95,83,12,12
63363,131,120,11,11
63364,102,99,3,3
63365,132,142,-10,10
63366,83,79,4,4
63367,127,135,-8,8
63368,71,65,6,6
63369,86,88,-2,2
63370,202,177,25,25
63371,181,156,25,25
63372,129,138,-9,9
63373,112,114,-2,2
63374,118,127,-9,9
63375,46,57,-11,11
63376,120,110,10,10
63377,55,78,-23,23
63378,141,142,-1,1
63379,92,94,-2,2
63380,137,123,14,14
63381,59,55,4,4
63382,192,164,28,28
63383,144,152,-8,8
63384,91,88,3,3
63385,111,115,-4,4
63386,52,58,-6,6
63387,135,122,13,13
63388,43,35,8,8
63389,138,122,16,16
63390,159,138,21,21
63391,88,92,-4,4
63392,63,67,-4,4
63393,90,90,0,0
63394,101,90,11,11
63395,72,79,-7,7
63396,64,66,-2,2
63397,81,79,2,2
63398,94,93,1,1
63399,125,136,-11,11
63400,64,61,3,3
63401,68,63,5,5
63402,77,90,-13,13
63403,125,117,8,8
63404,68,79,-11,11
63405,131,133,-2,2
63406,72,71,1,1
63407,113,101,12,12
63408,136,148,-12,12
63409,136,128,8,8
63410,129,114,15,15
63411,118,106,12,12
63412,79,80,-1,1
63413,98,96,2,2
63414,117,106,11,11
63415,98,103,-5,5
63416,30,28,2,2
63417,76,82,-6,6
63418,87,80,7,7
63419,110,109,1,1
63420,80,82,-2,2
63421,48,66,-18,18
63422,120,102,18,18
63423,98,101,-3,3
63424,43,59,-16,16
63425,84,85,-1,1
63426,62,68,-6,6
63427,165,163,2,2
63428,56,56,0,0
63429,85,95,-10,10
63430,109,110,-1,1
63431,149,155,-6,6
63432,55,47,8,8
63433,89,99,-10,10
63434,68,81,-13,13
63435,68,64,4,4
63436,146,141,5,5
63437,112,102,10,10
63438,104,102,2,2
63439,49,55,-6,6
63440,67,73,-6,6
63441,70,82,-12,12
63442,109,93,16,16
63443,56,61,-5,5
63444,148,144,4,4
63445,97,98,-1,1
63446,79,76,3,3
63447,116,113,3,3
63448,97,93,4,4
63449,79,82,-3,3
63450,74,67,7,7
63451,67,61,6,6
63452,118,115,3,3
63453,72,81,-9,9
63454,128,114,14,14
63455,113,117,-4,4
63456,103,111,-8,8
63457,86,95,-9,9
63458,59,63,-4,4
63459,114,117,-3,3
63460,125,138,-13,13
63461,105,98,7,7
63462,70,62,8,8
63463,147,134,13,13
63464,90,85,5,5
63465,81,89,-8,8
63466,65,67,-2,2
63467,63,70,-7,7
63468,110,105,5,5
63469,108,100,8,8
63470,62,71,-9,9
63471,107,106,1,1
63472,47,50,-3,3
63473,76,85,-9,9
63474,92,84,8,8
63475,129,113,16,16
63476,87,92,-5,5
63477,90,73,17,17
63478,75,69,6,6
63479,69,70,-1,1
63480,61,65,-4,4
63481,76,78,-2,2
63482,49,50,-1,1
63483,133,139,-6,6
63484,147,142,5,5
63485,115,101,14,14
63486,88,91,-3,3
63487,70,66,4,4
63488,77,74,3,3
63489,64,61,3,3
63490,182,168,14,14
63491,103,89,14,14
63492,91,89,2,2
63493,104,95,9,9
63494,67,43,24,24
63495,90,99,-9,9
63496,81,79,2,2
63497,140,125,15,15
63498,64,79,-15,15
63499,132,131,1,1
63500,64,61,3,3
63501,117,112,5,5
63502,86,99,-13,13
63503,216,167,49,49
63504,129,120,9,9
63505,107,116,-9,9
63506,114,104,10,10
63507,99,87,12,12
63508,232,190,42,42
63509,81,83,-2,2
63510,117,113,4,4
63511,142,130,12,12
63512,33,47,-14,14
63513,80,85,-5,5
63514,95,91,4,4
63515,84,88,-4,4
63516,111,120,-9,9
63517,53,78,-25,25
63518,47,57,-10,10
63519,80,76,4,4
63520,81,76,5,5
63521,74,62,12,12
63522,49,52,-3,3
63523,124,123,1,1
63524,98,98,0,0
63525,155,157,-2,2
63526,58,60,-2,2
63527,111,109,2,2
63528,99,124,-25,25
63529,124,120,4,4
63530,62,33,29,29
63531,55,20,35,35
63532,72,74,-2,2
63533,62,75,-13,13
63534,74,81,-7,7
63535,76,63,13,13
63536,102,93,9,9
63537,87,101,-14,14
63538,136,134,2,2
63539,89,89,0,0
63540,68,66,2,2
63541,67,78,-11,11
63542,97,100,-3,3
63543,123,121,2,2
63544,170,160,10,10
63545,120,115,5,5
63546,110,118,-8,8
63547,100,103,-3,3
63548,37,56,-19,19
63549,84,78,6,6
63550,62,61,1,1
63551,145,147,-2,2
63552,106,103,3,3
63553,115,105,10,10
63554,126,136,-10,10
63555,141,150,-9,9
63556,92,96,-4,4
63557,110,116,-6,6
63558,59,72,-13,13
63559,90,90,0,0
63560,77,82,-5,5
63561,70,68,2,2
63562,77,66,11,11
63563,79,71,8,8
63564,154,137,17,17
63565,137,137,0,0
63566,106,113,-7,7
63567,116,120,-4,4
63568,119,105,14,14
63569,65,59,6,6
63570,139,132,7,7
63571,145,138,7,7
63572,141,140,1,1
63573,119,104,15,15
63574,70,72,-2,2
63575,78,81,-3,3
63576,75,78,-3,3
63577,100,86,14,14
63578,163,153,10,10
63579,162,153,9,9
63580,153,132,21,21
63581,94,94,0,0
63582,74,66,8,8
63583,88,84,4,4
63584,67,71,-4,4
63585,100,105,-5,5
63586,117,114,3,3
63587,80,68,12,12
63588,95,92,3,3
63589,77,84,-7,7
63590,121,123,-2,2
63591,141,138,3,3
63592,83,65,18,18
63593,55,71,-16,16
63594,87,76,11,11
63595,76,74,2,2
63596,116,103,13,13
63597,162,204,-42,42
63598,114,113,1,1
63599,79,75,4,4
63600,117,129,-12,12
63601,54,63,-9,9
63602,87,92,-5,5
63603,124,128,-4,4
63604,101,103,-2,2
63605,53,64,-11,11
63606,133,130,3,3
63607,75,92,-17,17
63608,78,95,-17,17
63609,69,77,-8,8
63610,40,41,-1,1
63611,84,83,1,1
63612,94,98,-4,4
63613,75,77,-2,2
63614,95,102,-7,7
63615,82,94,-12,12
63616,75,68,7,7
63617,141,114,27,27
63618,98,113,-15,15
63619,101,119,-18,18
63620,49,52,-3,3
63621,45,65,-20,20
63622,94,99,-5,5
63623,132,107,25,25
63624,122,109,13,13
63625,96,93,3,3
63626,89,93,-4,4
63627,114,118,-4,4
63628,112,100,12,12
63629,55,62,-7,7
63630,63,63,0,0
63631,133,110,23,23
63632,71,87,-16,16
63633,81,75,6,6
63634,104,100,4,4
63635,97,75,22,22
63636,103,108,-5,5
63637,110,98,12,12
63638,91,93,-2,2
63639,60,56,4,4
63640,58,63,-5,5
63641,91,93,-2,2
63642,69,71,-2,2
63643,75,85,-10,10
63644,175,170,5,5
63645,62,61,1,1
63646,121,118,3,3
63647,64,65,-1,1
63648,103,100,3,3
63649,109,64,45,45
63650,111,102,9,9
63651,87,81,6,6
63652,146,122,24,24
63653,68,78,-10,10
63654,69,72,-3,3
63655,79,76,3,3
63656,111,126,-15,15
63657,72,68,4,4
63658,110,105,5,5
63659,106,95,11,11
63660,112,100,12,12
63661,85,73,12,12
63662,153,133,20,20
63663,102,84,18,18
63664,75,89,-14,14
63665,123,114,9,9
63666,80,95,-15,15
63667,81,91,-10,10
63668,76,84,-8,8
63669,107,116,-9,9
63670,163,157,6,6
63671,75,86,-11,11
63672,83,81,2,2
63673,72,69,3,3
63674,73,80,-7,7
63675,47,47,0,0
63676,127,124,3,3
63677,31,40,-9,9
63678,88,87,1,1
63679,131,131,0,0
63680,140,151,-11,11
63681,172,161,11,11
63682,86,85,1,1
63683,137,125,12,12
63684,108,107,1,1
63685,67,68,-1,1
63686,157,182,-25,25
63687,42,65,-23,23
63688,81,80,1,1
63689,96,89,7,7
63690,189,190,-1,1
63691,97,110,-13,13
63692,82,96,-14,14
63693,105,96,9,9
63694,107,100,7,7
63695,81,96,-15,15
63696,44,43,1,1
63697,93,97,-4,4
63698,63,59,4,4
63699,46,84,-38,38
63700,128,151,-23,23
63701,133,155,-22,22
63702,40,56,-16,16
63703,119,110,9,9
63704,100,98,2,2
63705,96,86,10,10
63706,84,83,1,1
63707,188,193,-5,5
63708,66,72,-6,6
63709,145,140,5,5
63710,50,55,-5,5
63711,74,69,5,5
63712,82,87,-5,5
63713,92,98,-6,6
63714,131,128,3,3
63715,69,62,7,7
63716,97,91,6,6
63717,137,136,1,1
63718,98,104,-6,6
63719,67,62,5,5
63720,107,113,-6,6
63721,49,48,1,1
63722,76,75,1,1
63723,66,68,-2,2
63724,170,155,15,15
63725,101,100,1,1
63726,95,81,14,14
63727,76,55,21,21
63728,82,89,-7,7
63729,84,80,4,4
63730,106,99,7,7
63731,64,75,-11,11
63732,91,88,3,3
63733,86,88,-2,2
63734,54,53,1,1
63735,82,103,-21,21
63736,89,94,-5,5
63737,97,101,-4,4
63738,161,152,9,9
63739,48,46,2,2
63740,109,98,11,11
63741,159,157,2,2
63742,106,113,-7,7
63743,181,161,20,20
63744,129,119,10,10
63745,101,103,-2,2
63746,114,108,6,6
63747,126,120,6,6
63748,168,149,19,19
63749,95,112,-17,17
63750,80,80,0,0
63751,96,85,11,11
63752,35,30,5,5
63753,73,79,-6,6
63754,89,89,0,0
63755,107,101,6,6
63756,88,91,-3,3
63757,92,98,-6,6
63758,91,75,16,16
63759,91,90,1,1
63760,120,124,-4,4
63761,82,85,-3,3
63762,80,79,1,1
63763,55,47,8,8
63764,76,78,-2,2
63765,72,83,-11,11
63766,105,102,3,3
63767,113,122,-9,9
63768,67,70,-3,3
63769,101,101,0,0
63770,80,92,-12,12
63771,80,81,-1,1
63772,96,84,12,12
63773,71,69,2,2
63774,148,147,1,1
63775,72,64,8,8
63776,127,122,5,5
63777,75,78,-3,3
63778,83,93,-10,10
63779,90,81,9,9
63780,86,94,-8,8
63781,75,67,8,8
63782,72,75,-3,3
63783,70,52,18,18
63784,105,107,-2,2
63785,41,34,7,7
63786,68,80,-12,12
63787,86,86,0,0
63788,64,61,3,3
63789,86,85,1,1
63790,51,64,-13,13
63791,124,101,23,23
63792,88,111,-23,23
63793,93,93,0,0
63794,54,72,-18,18
63795,71,64,7,7
63796,132,137,-5,5
63797,101,94,7,7
63798,172,154,18,18
63799,176,166,10,10
63800,173,153,20,20
63801,130,119,11,11
63802,79,91,-12,12
63803,102,107,-5,5
63804,133,122,11,11
63805,90,67,23,23
63806,102,101,1,1
63807,65,63,2,2
63808,128,137,-9,9
63809,159,145,14,14
63810,57,68,-11,11
63811,171,140,31,31
63812,66,60,6,6
63813,165,147,18,18
63814,51,50,1,1
63815,111,110,1,1
63816,211,158,53,53
63817,89,89,0,0
63818,74,73,1,1
63819,86,92,-6,6
63820,129,112,17,17
63821,67,61,6,6
63822,112,115,-3,3
63823,102,75,27,27
63824,76,86,-10,10
63825,67,75,-8,8
63826,96,88,8,8
63827,115,122,-7,7
63828,95,92,3,3
63829,129,123,6,6
63830,78,81,-3,3
63831,58,61,-3,3
63832,93,97,-4,4
63833,53,49,4,4
63834,62,66,-4,4
63835,89,95,-6,6
63836,110,98,12,12
63837,109,121,-12,12
63838,34,55,-21,21
63839,94,83,11,11
63840,54,48,6,6
63841,111,109,2,2
63842,128,128,0,0
63843,141,140,1,1
63844,92,89,3,3
63845,102,93,9,9
63846,94,99,-5,5
63847,130,120,10,10
63848,93,93,0,0
63849,86,69,17,17
63850,102,101,1,1
63851,137,114,23,23
63852,55,42,13,13
63853,118,119,-1,1
63854,121,110,11,11
63855,155,135,20,20
63856,71,88,-17,17
63857,140,121,19,19
63858,64,71,-7,7
63859,110,121,-11,11
63860,119,114,5,5
63861,55,60,-5,5
63862,80,93,-13,13
63863,142,129,13,13
63864,44,49,-5,5
63865,111,119,-8,8
63866,113,112,1,1
63867,146,135,11,11
63868,169,159,10,10
63869,129,133,-4,4
63870,76,78,-2,2
63871,67,66,1,1
63872,75,83,-8,8
63873,68,63,5,5
63874,74,78,-4,4
63875,80,94,-14,14
63876,33,44,-11,11
63877,91,91,0,0
63878,75,75,0,0
63879,94,108,-14,14
63880,142,123,19,19
63881,50,119,-69,69
63882,193,185,8,8
63883,81,94,-13,13
63884,111,107,4,4
63885,130,126,4,4
63886,51,61,-10,10
63887,73,74,-1,1
63888,136,142,-6,6
63889,94,96,-2,2
63890,111,99,12,12
63891,119,110,9,9
63892,101,103,-2,2
63893,79,74,5,5
63894,92,84,8,8
63895,84,62,22,22
63896,48,58,-10,10
63897,105,104,1,1
63898,87,84,3,3
63899,91,87,4,4
63900,78,92,-14,14
63901,136,153,-17,17
63902,123,141,-18,18
63903,130,121,9,9
63904,126,111,15,15
63905,84,92,-8,8
63906,122,123,-1,1
63907,124,124,0,0
63908,117,102,15,15
63909,49,50,-1,1
63910,63,57,6,6
63911,64,65,-1,1
63912,57,70,-13,13
63913,37,45,-8,8
63914,38,49,-11,11
63915,56,54,2,2
63916,137,132,5,5
63917,109,108,1,1
63918,158,137,21,21
63919,112,122,-10,10
63920,96,109,-13,13
63921,99,103,-4,4
63922,68,70,-2,2
63923,94,96,-2,2
63924,118,108,10,10
63925,80,91,-11,11
63926,78,92,-14,14
63927,94,92,2,2
63928,172,153,19,19
63929,39,53,-14,14
63930,62,77,-15,15
63931,152,135,17,17
63932,120,109,11,11
63933,90,74,16,16
63934,105,95,10,10
63935,80,71,9,9
63936,58,64,-6,6
63937,51,64,-13,13
63938,90,80,10,10
63939,107,102,5,5
63940,71,73,-2,2
63941,61,71,-10,10
63942,111,123,-12,12
63943,88,93,-5,5
63944,56,59,-3,3
63945,93,87,6,6
63946,106,102,4,4
63947,96,91,5,5
63948,81,87,-6,6
63949,63,49,14,14
63950,112,108,4,4
63951,120,100,20,20
63952,59,53,6,6
63953,103,94,9,9
63954,50,55,-5,5
63955,115,86,29,29
63956,54,63,-9,9
63957,71,70,1,1
63958,59,58,1,1
63959,115,118,-3,3
63960,47,54,-7,7
63961,100,100,0,0
63962,77,82,-5,5
63963,195,161,34,34
63964,118,122,-4,4
63965,90,86,4,4
63966,101,111,-10,10
63967,141,155,-14,14
63968,153,156,-3,3
63969,72,81,-9,9
63970,76,77,-1,1
63971,141,128,13,13
63972,168,147,21,21
63973,189,151,38,38
63974,52,73,-21,21
63975,90,94,-4,4
63976,81,94,-13,13
63977,54,62,-8,8
63978,128,118,10,10
63979,86,87,-1,1
63980,65,71,-6,6
63981,53,56,-3,3
63982,57,60,-3,3
63983,90,81,9,9
63984,73,86,-13,13
63985,75,79,-4,4
63986,85,85,0,0
63987,143,133,10,10
63988,44,58,-14,14
63989,81,80,1,1
63990,76,92,-16,16
63991,126,125,1,1
63992,46,61,-15,15
63993,139,133,6,6
63994,154,151,3,3
63995,161,175,-14,14
63996,59,56,3,3
63997,78,93,-15,15
63998,85,94,-9,9
63999,48,59,-11,11
64000,71,66,5,5
64001,79,87,-8,8
64002,65,55,10,10
64003,78,75,3,3
64004,117,116,1,1
64005,51,48,3,3
64006,153,101,52,52
64007,118,141,-23,23
64008,66,70,-4,4
64009,75,76,-1,1
64010,102,114,-12,12
64011,85,83,2,2
64012,64,74,-10,10
64013,95,103,-8,8
64014,160,137,23,23
64015,94,83,11,11
64016,68,91,-23,23
64017,180,163,17,17
64018,52,76,-24,24
64019,106,117,-11,11
64020,85,94,-9,9
64021,115,145,-30,30
64022,57,41,16,16
64023,104,105,-1,1
64024,53,54,-1,1
64025,79,70,9,9
64026,68,73,-5,5
64027,86,85,1,1
64028,121,116,5,5
64029,54,56,-2,2
64030,74,77,-3,3
64031,122,132,-10,10
64032,67,46,21,21
64033,128,116,12,12
64034,56,55,1,1
64035,146,145,1,1
64036,111,122,-11,11
64037,86,90,-4,4
64038,96,93,3,3
64039,144,150,-6,6
64040,73,83,-10,10
64041,50,55,-5,5
64042,179,174,5,5
64043,83,88,-5,5
64044,62,58,4,4
64045,103,105,-2,2
64046,101,98,3,3
64047,59,69,-10,10
64048,74,59,15,15
64049,72,64,8,8
64050,75,89,-14,14
64051,109,109,0,0
64052,102,78,24,24
64053,143,145,-2,2
64054,83,100,-17,17
64055,156,149,7,7
64056,124,108,16,16
64057,80,84,-4,4
64058,161,144,17,17
64059,54,57,-3,3
64060,75,128,-53,53
64061,155,135,20,20
64062,117,111,6,6
64063,130,122,8,8
64064,225,191,34,34
64065,94,86,8,8
64066,63,60,3,3
64067,72,64,8,8
64068,179,170,9,9
64069,141,122,19,19
64070,82,75,7,7
64071,62,46,16,16
64072,122,122,0,0
64073,79,72,7,7
64074,93,75,18,18
64075,137,176,-39,39
64076,110,122,-12,12
64077,137,136,1,1
64078,84,70,14,14
64079,64,59,5,5
64080,64,57,7,7
64081,56,69,-13,13
64082,70,76,-6,6
64083,76,83,-7,7
64084,118,113,5,5
64085,88,76,12,12
64086,81,74,7,7
64087,129,131,-2,2
64088,64,71,-7,7
64089,97,86,11,11
64090,123,128,-5,5
64091,86,78,8,8
64092,97,94,3,3
64093,115,125,-10,10
64094,96,103,-7,7
64095,77,78,-1,1
64096,168,175,-7,7
64097,51,53,-2,2
64098,90,75,15,15
64099,56,62,-6,6
64100,71,76,-5,5
64101,107,103,4,4
64102,94,87,7,7
64103,46,54,-8,8
64104,118,103,15,15
64105,129,110,19,19
64106,106,99,7,7
64107,81,87,-6,6
64108,82,80,2,2
64109,56,67,-11,11
64110,79,70,9,9
64111,71,63,8,8
64112,148,136,12,12
64113,205,163,42,42
64114,142,127,15,15
64115,85,84,1,1
64116,47,50,-3,3
64117,91,93,-2,2
64118,108,95,13,13
64119,73,64,9,9
64120,102,104,-2,2
64121,129,126,3,3
64122,130,151,-21,21
64123,103,97,6,6
64124,70,89,-19,19
64125,90,94,-4,4
64126,118,151,-33,33
64127,85,77,8,8
64128,63,64,-1,1
64129,62,54,8,8
64130,93,92,1,1
64131,66,95,-29,29
64132,57,57,0,0
64133,43,53,-10,10
64134,104,88,16,16
64135,131,139,-8,8
64136,88,82,6,6
64137,79,76,3,3
64138,83,75,8,8
64139,77,74,3,3
64140,82,76,6,6
64141,109,100,9,9
64142,118,118,0,0
64143,134,120,14,14
64144,124,135,-11,11
64145,105,114,-9,9
64146,102,101,1,1
64147,109,105,4,4
64148,100,97,3,3
64149,84,92,-8,8
64150,88,97,-9,9
64151,86,82,4,4
64152,92,82,10,10
64153,125,107,18,18
64154,70,64,6,6
64155,167,138,29,29
64156,151,139,12,12
64157,80,75,5,5
64158,125,103,22,22
64159,140,144,-4,4
64160,101,101,0,0
64161,68,71,-3,3
64162,48,17,31,31
64163,105,96,9,9
64164,72,63,9,9
64165,73,74,-1,1
64166,139,151,-12,12
64167,88,89,-1,1
64168,65,102,-37,37
64169,100,89,11,11
64170,150,153,-3,3
64171,116,117,-1,1
64172,64,66,-2,2
64173,115,108,7,7
64174,58,62,-4,4
64175,132,129,3,3
64176,91,84,7,7
64177,75,65,10,10
64178,98,101,-3,3
64179,109,97,12,12
64180,115,108,7,7
64181,86,99,-13,13
64182,100,88,12,12
64183,77,75,2,2
64184,156,148,8,8
64185,63,58,5,5
64186,81,91,-10,10
64187,95,84,11,11
64188,70,75,-5,5
64189,100,99,1,1
64190,92,92,0,0
64191,150,146,4,4
64192,99,112,-13,13
64193,133,118,15,15
64194,46,52,-6,6
64195,99,89,10,10
64196,128,118,10,10
64197,77,84,-7,7
64198,77,81,-4,4
64199,62,74,-12,12
64200,175,174,1,1
64201,183,175,8,8
64202,80,74,6,6
64203,124,140,-16,16
64204,116,116,0,0
64205,140,165,-25,25
64206,74,64,10,10
64207,104,114,-10,10
64208,43,47,-4,4
64209,191,177,14,14
64210,245,207,38,38
64211,94,92,2,2
64212,110,86,24,24
64213,86,100,-14,14
64214,49,60,-11,11
64215,116,112,4,4
64216,58,60,-2,2
64217,51,106,-55,55
64218,96,86,10,10
64219,73,75,-2,2
64220,100,111,-11,11
64221,83,158,-75,75
64222,130,128,2,2
64223,64,77,-13,13
64224,77,88,-11,11
64225,126,120,6,6
64226,52,50,2,2
64227,84,83,1,1
64228,69,78,-9,9
64229,107,122,-15,15
64230,104,96,8,8
64231,55,53,2,2
64232,87,93,-6,6
64233,88,94,-6,6
64234,147,170,-23,23
64235,122,114,8,8
64236,120,107,13,13
64237,166,155,11,11
64238,80,83,-3,3
64239,122,116,6,6
64240,43,52,-9,9
64241,121,106,15,15
64242,70,68,2,2
64243,101,103,-2,2
64244,57,69,-12,12
64245,100,100,0,0
64246,52,54,-2,2
64247,69,84,-15,15
64248,52,52,0,0
64249,60,57,3,3
64250,74,76,-2,2
64251,92,98,-6,6
64252,47,71,-24,24
64253,91,88,3,3
64254,72,77,-5,5
64255,45,51,-6,6
64256,70,86,-16,16
64257,119,109,10,10
64258,113,119,-6,6
64259,51,51,0,0
64260,56,58,-2,2
64261,95,84,11,11
64262,82,97,-15,15
64263,79,82,-3,3
64264,70,70,0,0
64265,78,85,-7,7
64266,94,93,1,1
64267,68,60,8,8
64268,87,100,-13,13
64269,164,202,-38,38
64270,101,89,12,12
64271,145,147,-2,2
64272,50,49,1,1
64273,65,83,-18,18
64274,108,94,14,14
64275,77,75,2,2
64276,153,156,-3,3
64277,113,105,8,8
64278,181,155,26,26
64279,52,54,-2,2
64280,96,109,-13,13
64281,139,120,19,19
64282,91,84,7,7
64283,73,72,1,1
64284,77,72,5,5
64285,71,73,-2,2
64286,51,47,4,4
64287,90,88,2,2
64288,68,68,0,0
64289,73,81,-8,8
64290,94,107,-13,13
64291,69,63,6,6
64292,90,100,-10,10
64293,154,154,0,0
64294,163,129,34,34
64295,74,71,3,3
64296,55,62,-7,7
64297,73,87,-14,14
64298,33,51,-18,18
64299,154,135,19,19
64300,70,54,16,16
64301,72,72,0,0
64302,96,95,1,1
64303,117,116,1,1
64304,127,127,0,0
64305,84,92,-8,8
64306,99,106,-7,7
64307,72,86,-14,14
64308,144,126,18,18
64309,74,72,2,2
64310,75,69,6,6
64311,89,78,11,11
64312,122,119,3,3
64313,165,151,14,14
64314,45,46,-1,1
64315,82,84,-2,2
64316,84,72,12,12
64317,166,161,5,5
64318,140,133,7,7
64319,96,100,-4,4
64320,73,75,-2,2
64321,200,183,17,17
64322,113,100,13,13
64323,137,134,3,3
64324,87,91,-4,4
64325,127,120,7,7
64326,74,58,16,16
64327,89,83,6,6
64328,128,144,-16,16
64329,73,71,2,2
64330,53,61,-8,8
64331,26,51,-25,25
64332,104,104,0,0
64333,91,75,16,16
64334,157,149,8,8
64335,93,96,-3,3
64336,125,130,-5,5
64337,66,58,8,8
64338,125,109,16,16
64339,144,134,10,10
64340,106,98,8,8
64341,129,121,8,8
64342,86,99,-13,13
64343,188,178,10,10
64344,142,123,19,19
64345,54,72,-18,18
64346,185,142,43,43
64347,152,134,18,18
64348,55,73,-18,18
64349,74,76,-2,2
64350,132,143,-11,11
64351,80,68,12,12
64352,77,79,-2,2
64353,67,102,-35,35
64354,71,65,6,6
64355,129,112,17,17
64356,116,114,2,2
64357,97,93,4,4
64358,39,50,-11,11
64359,44,59,-15,15
64360,73,64,9,9
64361,78,69,9,9
64362,68,63,5,5
64363,57,70,-13,13
64364,97,80,17,17
64365,77,72,5,5
64366,159,134,25,25
64367,144,125,19,19
64368,58,59,-1,1
64369,74,83,-9,9
64370,47,56,-9,9
64371,86,102,-16,16
64372,95,85,10,10
64373,74,78,-4,4
64374,84,103,-19,19
64375,175,174,1,1
64376,47,45,2,2
64377,110,100,10,10
64378,181,159,22,22
64379,117,109,8,8
64380,77,65,12,12
64381,88,78,10,10
64382,84,95,-11,11
64383,56,55,1,1
64384,49,64,-15,15
64385,75,79,-4,4
64386,58,43,15,15
64387,110,120,-10,10
64388,80,73,7,7
64389,120,136,-16,16
64390,79,97,-18,18
64391,107,110,-3,3
64392,79,74,5,5
64393,69,65,4,4
64394,36,38,-2,2
64395,106,104,2,2
64396,64,64,0,0
64397,91,83,8,8
64398,70,66,4,4
64399,69,79,-10,10
64400,75,78,-3,3
64401,54,51,3,3
64402,69,72,-3,3
64403,105,143,-38,38
64404,67,70,-3,3
64405,28,60,-32,32
64406,57,57,0,0
64407,46,36,10,10
64408,52,57,-5,5
64409,122,127,-5,5
64410,101,89,12,12
64411,129,115,14,14
64412,143,153,-10,10
64413,193,178,15,15
64414,55,57,-2,2
64415,92,82,10,10
64416,107,94,13,13
64417,137,126,11,11
64418,100,103,-3,3
64419,61,99,-38,38
64420,113,104,9,9
64421,112,109,3,3
64422,78,67,11,11
64423,82,89,-7,7
64424,58,75,-17,17
64425,65,42,23,23
64426,52,59,-7,7
64427,106,98,8,8
64428,47,65,-18,18
64429,72,84,-12,12
64430,75,80,-5,5
64431,135,135,0,0
64432,87,93,-6,6
64433,175,162,13,13
64434,99,103,-4,4
64435,50,40,10,10
64436,90,95,-5,5
64437,83,97,-14,14
64438,68,66,2,2
64439,85,78,7,7
64440,73,74,-1,1
64441,58,66,-8,8
64442,78,70,8,8
64443,89,107,-18,18
64444,49,46,3,3
64445,73,59,14,14
64446,108,69,39,39
64447,60,79,-19,19
64448,142,146,-4,4
64449,217,184,33,33
64450,57,66,-9,9
64451,61,56,5,5
64452,82,73,9,9
64453,73,80,-7,7
64454,108,99,9,9
64455,139,145,-6,6
64456,80,81,-1,1
64457,218,199,19,19
64458,119,120,-1,1
64459,105,106,-1,1
64460,57,74,-17,17
64461,106,134,-28,28
64462,74,74,0,0
64463,77,78,-1,1
64464,143,135,8,8
64465,103,99,4,4
64466,120,120,0,0
64467,124,115,9,9
64468,112,110,2,2
64469,105,96,9,9
64470,144,144,0,0
64471,97,88,9,9
64472,65,60,5,5
64473,74,81,-7,7
64474,55,64,-9,9
64475,80,86,-6,6
64476,115,107,8,8
64477,145,142,3,3
64478,103,113,-10,10
64479,132,119,13,13
64480,46,42,4,4
64481,59,56,3,3
64482,83,78,5,5
64483,150,122,28,28
64484,182,168,14,14
64485,44,43,1,1
64486,64,89,-25,25
64487,53,56,-3,3
64488,78,84,-6,6
64489,112,119,-7,7
64490,109,101,8,8
64491,95,97,-2,2
64492,62,82,-20,20
64493,57,61,-4,4
64494,130,119,11,11
64495,101,89,12,12
64496,135,129,6,6
64497,100,116,-16,16
64498,107,117,-10,10
64499,97,99,-2,2
64500,79,89,-10,10
64501,80,85,-5,5
64502,94,56,38,38
64503,122,119,3,3
64504,57,78,-21,21
64505,58,65,-7,7
64506,76,76,0,0
64507,144,143,1,1
64508,51,50,1,1
64509,54,61,-7,7
64510,85,86,-1,1
64511,61,60,1,1
64512,148,113,35,35
64513,33,32,1,1
64514,99,97,2,2
64515,117,115,2,2
64516,82,92,-10,10
64517,54,86,-32,32
64518,144,138,6,6
64519,141,119,22,22
64520,80,96,-16,16
64521,203,179,24,24
64522,93,85,8,8
64523,65,83,-18,18
64524,61,56,5,5
64525,139,141,-2,2
64526,84,80,4,4
64527,72,86,-14,14
64528,68,73,-5,5
64529,56,77,-21,21
64530,101,105,-4,4
64531,63,68,-5,5
64532,94,100,-6,6
64533,120,123,-3,3
64534,113,112,1,1
64535,32,50,-18,18
64536,94,109,-15,15
64537,116,118,-2,2
64538,101,90,11,11
64539,57,59,-2,2
64540,144,141,3,3
64541,76,90,-14,14
64542,94,85,9,9
64543,80,77,3,3
64544,100,108,-8,8
64545,150,128,22,22
64546,85,92,-7,7
64547,77,70,7,7
64548,75,68,7,7
64549,170,159,11,11
64550,138,145,-7,7
64551,74,80,-6,6
64552,83,74,9,9
64553,193,176,17,17
64554,95,85,10,10
64555,132,121,11,11
64556,69,63,6,6
64557,120,127,-7,7
64558,102,101,1,1
64559,87,86,1,1
64560,133,108,25,25
64561,106,100,6,6
64562,90,92,-2,2
64563,61,71,-10,10
64564,87,88,-1,1
64565,130,120,10,10
64566,77,84,-7,7
64567,80,97,-17,17
64568,95,74,21,21
64569,64,65,-1,1
64570,57,55,2,2
64571,70,82,-12,12
64572,111,98,13,13
64573,54,51,3,3
64574,142,161,-19,19
64575,52,68,-16,16
64576,47,52,-5,5
64577,133,138,-5,5
64578,140,146,-6,6
64579,60,71,-11,11
64580,186,143,43,43
64581,77,87,-10,10
64582,101,98,3,3
64583,59,66,-7,7
64584,121,117,4,4
64585,104,121,-17,17
64586,155,132,23,23
64587,83,77,6,6
64588,77,75,2,2
64589,123,107,16,16
64590,59,69,-10,10
64591,105,85,20,20
64592,75,77,-2,2
64593,116,105,11,11
64594,72,76,-4,4
64595,149,161,-12,12
64596,119,126,-7,7
64597,63,68,-5,5
64598,87,77,10,10
64599,137,128,9,9
64600,82,73,9,9
64601,125,115,10,10
64602,36,32,4,4
64603,67,69,-2,2
64604,116,116,0,0
64605,155,137,18,18
64606,103,91,12,12
64607,104,95,9,9
64608,143,143,0,0
64609,123,110,13,13
64610,121,120,1,1
64611,87,90,-3,3
64612,72,70,2,2
64613,49,59,-10,10
64614,69,80,-11,11
64615,72,99,-27,27
64616,116,85,31,31
64617,138,136,2,2
64618,97,104,-7,7
64619,63,64,-1,1
64620,109,110,-1,1
64621,80,80,0,0
64622,96,92,4,4
64623,98,83,15,15
64624,101,101,0,0
64625,143,153,-10,10
64626,90,90,0,0
64627,85,105,-20,20
64628,120,122,-2,2
64629,65,59,6,6
64630,161,143,18,18
64631,124,102,22,22
64632,103,101,2,2
64633,99,100,-1,1
64634,121,124,-3,3
64635,122,120,2,2
64636,104,108,-4,4
64637,160,174,-14,14
64638,109,83,26,26
64639,63,71,-8,8
64640,112,111,1,1
64641,88,83,5,5
64642,88,87,1,1
64643,101,119,-18,18
64644,50,56,-6,6
64645,170,173,-3,3
64646,64,67,-3,3
64647,102,122,-20,20
64648,93,95,-2,2
64649,132,122,10,10
64650,75,81,-6,6
64651,84,83,1,1
64652,60,67,-7,7
64653,103,111,-8,8
64654,58,40,18,18
64655,153,146,7,7
64656,135,133,2,2
64657,62,62,0,0
64658,162,141,21,21
64659,74,78,-4,4
64660,90,77,13,13
64661,127,129,-2,2
64662,97,99,-2,2
64663,102,99,3,3
64664,117,129,-12,12
64665,38,48,-10,10
64666,114,107,7,7
64667,45,31,14,14
64668,100,99,1,1
64669,61,60,1,1
64670,101,92,9,9
64671,120,121,-1,1
64672,152,123,29,29
64673,84,92,-8,8
64674,100,95,5,5
64675,108,113,-5,5
64676,124,139,-15,15
64677,148,149,-1,1
64678,46,49,-3,3
64679,119,116,3,3
64680,118,102,16,16
64681,52,39,13,13
64682,104,115,-11,11
64683,82,109,-27,27
64684,100,81,19,19
64685,118,102,16,16
64686,70,77,-7,7
64687,104,93,11,11
64688,141,130,11,11
64689,97,96,1,1
64690,24,39,-15,15
64691,192,168,24,24
64692,71,57,14,14
64693,78,82,-4,4
64694,46,51,-5,5
64695,79,78,1,1
64696,153,172,-19,19
64697,88,99,-11,11
64698,64,74,-10,10
64699,81,64,17,17
64700,81,90,-9,9
64701,105,101,4,4
64702,88,85,3,3
64703,120,129,-9,9
64704,68,65,3,3
64705,84,81,3,3
64706,121,114,7,7
64707,80,68,12,12
64708,138,148,-10,10
64709,90,85,5,5
64710,87,87,0,0
64711,92,89,3,3
64712,111,120,-9,9
64713,77,69,8,8
64714,74,77,-3,3
64715,170,159,11,11
64716,77,89,-12,12
64717,117,111,6,6
64718,151,133,18,18
64719,84,85,-1,1
64720,108,112,-4,4
64721,69,72,-3,3
64722,121,122,-1,1
64723,94,98,-4,4
64724,41,64,-23,23
64725,140,141,-1,1
64726,76,75,1,1
64727,85,75,10,10
64728,104,104,0,0
64729,48,51,-3,3
64730,128,123,5,5
64731,68,66,2,2
64732,70,78,-8,8
64733,93,92,1,1
64734,69,94,-25,25
64735,56,42,14,14
64736,96,97,-1,1
64737,50,53,-3,3
64738,64,80,-16,16
64739,69,71,-2,2
64740,89,76,13,13
64741,75,82,-7,7
64742,77,86,-9,9
64743,68,77,-9,9
64744,59,92,-33,33
64745,140,132,8,8
64746,79,65,14,14
64747,46,41,5,5
64748,54,47,7,7
64749,89,93,-4,4
64750,99,103,-4,4
64751,68,72,-4,4
64752,86,96,-10,10
64753,106,93,13,13
64754,82,81,1,1
64755,97,140,-43,43
64756,29,43,-14,14
64757,99,96,3,3
64758,119,107,12,12
64759,102,107,-5,5
64760,104,110,-6,6
64761,148,128,20,20
64762,146,125,21,21
64763,107,102,5,5
64764,49,38,11,11
64765,45,64,-19,19
64766,133,129,4,4
64767,102,123,-21,21
64768,110,111,-1,1
64769,100,98,2,2
64770,112,105,7,7
64771,59,67,-8,8
64772,73,67,6,6
64773,115,133,-18,18
64774,88,95,-7,7
64775,77,84,-7,7
64776,133,128,5,5
64777,86,88,-2,2
64778,74,60,14,14
64779,125,122,3,3
64780,97,97,0,0
64781,71,67,4,4
64782,42,62,-20,20
64783,140,134,6,6
64784,70,69,1,1
64785,76,77,-1,1
64786,59,55,4,4
64787,87,103,-16,16
64788,134,119,15,15
64789,173,149,24,24
64790,47,50,-3,3
64791,112,104,8,8
64792,94,102,-8,8
64793,81,78,3,3
64794,152,159,-7,7
64795,56,50,6,6
64796,72,79,-7,7
64797,82,83,-1,1
64798,68,76,-8,8
64799,87,93,-6,6
64800,116,138,-22,22
64801,49,50,-1,1
64802,124,126,-2,2
64803,146,145,1,1
64804,151,133,18,18
64805,67,84,-17,17
64806,57,101,-44,44
64807,147,136,11,11
64808,104,109,-5,5
64809,124,125,-1,1
64810,46,49,-3,3
64811,118,114,4,4
64812,110,111,-1,1
64813,82,75,7,7
64814,97,85,12,12
64815,104,102,2,2
64816,46,42,4,4
64817,76,83,-7,7
64818,66,75,-9,9
64819,51,46,5,5
64820,63,63,0,0
64821,81,77,4,4
64822,110,118,-8,8
64823,160,144,16,16
64824,65,79,-14,14
64825,43,45,-2,2
64826,67,133,-66,66
64827,104,92,12,12
64828,83,90,-7,7
64829,57,84,-27,27
64830,139,121,18,18
64831,78,75,3,3
64832,68,41,27,27
64833,91,94,-3,3
64834,117,106,11,11
64835,117,101,16,16
64836,110,124,-14,14
64837,67,78,-11,11
64838,89,97,-8,8
64839,96,106,-10,10
64840,92,106,-14,14
64841,87,90,-3,3
64842,92,81,11,11
64843,59,68,-9,9
64844,66,63,3,3
64845,160,152,8,8
64846,188,165,23,23
64847,96,99,-3,3
64848,75,81,-6,6
64849,140,133,7,7
64850,95,94,1,1
64851,83,80,3,3
64852,103,104,-1,1
64853,81,88,-7,7
64854,87,83,4,4
64855,90,85,5,5
64856,66,75,-9,9
64857,100,96,4,4
64858,75,64,11,11
64859,50,47,3,3
64860,68,66,2,2
64861,82,85,-3,3
64862,72,73,-1,1
64863,56,63,-7,7
64864,113,105,8,8
64865,41,48,-7,7
64866,56,65,-9,9
64867,92,92,0,0
64868,68,67,1,1
64869,63,61,2,2
64870,111,123,-12,12
64871,74,83,-9,9
64872,91,95,-4,4
64873,84,139,-55,55
64874,107,108,-1,1
64875,95,101,-6,6
64876,80,69,11,11
64877,125,140,-15,15
64878,57,49,8,8
64879,115,126,-11,11
64880,117,107,10,10
64881,71,83,-12,12
64882,72,72,0,0
64883,199,154,45,45
64884,100,101,-1,1
64885,75,82,-7,7
64886,78,71,7,7
64887,82,74,8,8
64888,85,87,-2,2
64889,53,51,2,2
64890,89,98,-9,9
64891,111,105,6,6
64892,58,54,4,4
64893,74,81,-7,7
64894,106,107,-1,1
64895,139,153,-14,14
64896,94,94,0,0
64897,66,62,4,4
64898,140,115,25,25
64899,100,100,0,0
64900,60,65,-5,5
64901,118,123,-5,5
64902,108,107,1,1
64903,131,113,18,18
64904,141,157,-16,16
64905,107,131,-24,24
64906,65,77,-12,12
64907,104,108,-4,4
64908,121,123,-2,2
64909,93,111,-18,18
64910,85,91,-6,6
64911,77,98,-21,21
64912,113,119,-6,6
64913,44,59,-15,15
64914,110,126,-16,16
64915,75,70,5,5
64916,65,79,-14,14
64917,59,61,-2,2
64918,102,101,1,1
64919,93,120,-27,27
64920,85,87,-2,2
64921,57,61,-4,4
64922,129,122,7,7
64923,45,57,-12,12
64924,60,75,-15,15
64925,89,94,-5,5
64926,93,94,-1,1
64927,104,97,7,7
64928,55,61,-6,6
64929,83,91,-8,8
64930,137,128,9,9
64931,109,101,8,8
64932,69,85,-16,16
64933,110,136,-26,26
64934,119,93,26,26
64935,97,92,5,5
64936,81,76,5,5
64937,104,107,-3,3
64938,71,80,-9,9
64939,50,59,-9,9
64940,136,117,19,19
64941,70,70,0,0
64942,63,67,-4,4
64943,90,100,-10,10
64944,102,104,-2,2
64945,50,54,-4,4
64946,138,124,14,14
64947,103,126,-23,23
64948,127,132,-5,5
64949,129,138,-9,9
64950,144,138,6,6
64951,52,52,0,0
64952,72,66,6,6
64953,94,99,-5,5
64954,77,68,9,9
64955,62,63,-1,1
64956,91,100,-9,9
64957,58,83,-25,25
64958,78,74,4,4
64959,63,61,2,2
64960,111,95,16,16
64961,87,91,-4,4
64962,85,76,9,9
64963,224,161,63,63
64964,99,101,-2,2
64965,84,81,3,3
64966,101,103,-2,2
64967,156,153,3,3
64968,50,57,-7,7
64969,82,77,5,5
64970,190,183,7,7
64971,127,120,7,7
64972,61,45,16,16
64973,100,107,-7,7
64974,81,78,3,3
64975,141,125,16,16
64976,80,82,-2,2
64977,67,72,-5,5
64978,90,94,-4,4
64979,81,81,0,0
64980,55,52,3,3
64981,85,85,0,0
64982,36,38,-2,2
64983,87,67,20,20
64984,73,87,-14,14
64985,90,92,-2,2
64986,69,54,15,15
64987,88,82,6,6
64988,64,71,-7,7
64989,56,60,-4,4
64990,130,119,11,11
64991,59,60,-1,1
64992,140,144,-4,4
64993,129,135,-6,6
64994,122,125,-3,3
64995,69,69,0,0
64996,65,72,-7,7
64997,103,101,2,2
64998,36,32,4,4
64999,193,193,0,0
65000,123,123,0,0
65001,77,67,10,10
65002,75,81,-6,6
65003,85,94,-9,9
65004,124,131,-7,7
65005,148,147,1,1
65006,92,90,2,2
65007,70,83,-13,13
65008,129,121,8,8
65009,51,62,-11,11
65010,98,90,8,8
65011,130,123,7,7
65012,134,121,13,13
65013,89,84,5,5
65014,83,100,-17,17
65015,89,92,-3,3
65016,101,97,4,4
65017,110,98,12,12
65018,68,86,-18,18
65019,68,62,6,6
65020,72,69,3,3
65021,77,84,-7,7
65022,147,140,7,7
65023,117,113,4,4
65024,79,95,-16,16
65025,103,108,-5,5
65026,65,67,-2,2
65027,102,113,-11,11
65028,66,64,2,2
65029,101,88,13,13
65030,77,79,-2,2
65031,58,63,-5,5
65032,75,74,1,1
65033,50,77,-27,27
65034,116,114,2,2
65035,78,72,6,6
65036,111,105,6,6
65037,35,55,-20,20
65038,94,95,-1,1
65039,136,126,10,10
65040,71,75,-4,4
65041,94,105,-11,11
65042,81,83,-2,2
65043,54,50,4,4
65044,94,86,8,8
65045,94,92,2,2
65046,143,156,-13,13
65047,82,77,5,5
65048,156,148,8,8
65049,81,88,-7,7
65050,169,149,20,20
65051,104,94,10,10
65052,107,111,-4,4
65053,69,79,-10,10
65054,123,111,12,12
65055,51,52,-1,1
65056,88,92,-4,4
65057,41,47,-6,6
65058,56,61,-5,5
65059,138,134,4,4
65060,102,109,-7,7
65061,97,84,13,13
65062,124,123,1,1
65063,124,115,9,9
65064,119,131,-12,12
65065,55,58,-3,3
65066,116,105,11,11
65067,60,53,7,7
65068,134,125,9,9
65069,63,82,-19,19
65070,73,91,-18,18
65071,145,149,-4,4
65072,111,147,-36,36
65073,110,125,-15,15
65074,194,165,29,29
65075,92,98,-6,6
65076,97,89,8,8
65077,116,113,3,3
65078,61,58,3,3
65079,150,132,18,18
65080,45,57,-12,12
65081,99,83,16,16
65082,79,70,9,9
65083,118,113,5,5
65084,74,66,8,8
65085,108,107,1,1
65086,85,74,11,11
65087,89,84,5,5
65088,107,109,-2,2
65089,165,153,12,12
65090,84,85,-1,1
65091,132,118,14,14
65092,90,101,-11,11
65093,144,122,22,22
65094,87,89,-2,2
65095,103,99,4,4
65096,98,108,-10,10
65097,88,91,-3,3
65098,125,121,4,4
65099,112,107,5,5
65100,51,53,-2,2
65101,105,115,-10,10
65102,149,135,14,14
65103,109,110,-1,1
65104,74,72,2,2
65105,83,91,-8,8
65106,85,94,-9,9
65107,75,71,4,4
65108,78,89,-11,11
65109,67,75,-8,8
65110,48,37,11,11
65111,109,93,16,16
65112,92,93,-1,1
65113,90,88,2,2
65114,90,79,11,11
65115,98,96,2,2
65116,76,65,11,11
65117,83,96,-13,13
65118,148,147,1,1
65119,99,106,-7,7
65120,68,60,8,8
65121,79,78,1,1
65122,98,97,1,1
65123,194,179,15,15
65124,90,82,8,8
65125,70,63,7,7
65126,88,87,1,1
65127,66,63,3,3
65128,81,47,34,34
65129,122,116,6,6
65130,96,98,-2,2
65131,69,67,2,2
65132,113,99,14,14
65133,61,77,-16,16
65134,101,76,25,25
65135,178,180,-2,2
65136,111,106,5,5
65137,81,75,6,6
65138,147,150,-3,3
65139,121,104,17,17
65140,78,68,10,10
65141,86,91,-5,5
65142,54,60,-6,6
65143,46,46,0,0
65144,62,65,-3,3
65145,94,122,-28,28
65146,101,101,0,0
65147,60,74,-14,14
65148,72,63,9,9
65149,75,86,-11,11
65150,148,145,3,3
65151,123,121,2,2
65152,81,92,-11,11
65153,126,123,3,3
65154,163,151,12,12
65155,105,109,-4,4
65156,85,92,-7,7
65157,102,107,-5,5
65158,89,82,7,7
65159,123,117,6,6
65160,62,62,0,0
65161,78,94,-16,16
65162,98,88,10,10
65163,68,63,5,5
65164,99,107,-8,8
65165,112,99,13,13
65166,89,82,7,7
65167,89,88,1,1
65168,83,74,9,9
65169,119,108,11,11
65170,92,111,-19,19
65171,77,84,-7,7
65172,74,76,-2,2
65173,115,144,-29,29
65174,107,99,8,8
65175,98,95,3,3
65176,136,118,18,18
65177,42,34,8,8
65178,119,124,-5,5
65179,119,130,-11,11
65180,109,96,13,13
65181,113,118,-5,5
65182,164,147,17,17
65183,86,80,6,6
65184,97,91,6,6
65185,112,97,15,15
65186,124,116,8,8
65187,84,101,-17,17
65188,77,73,4,4
65189,87,85,2,2
65190,52,59,-7,7
65191,112,109,3,3
65192,78,82,-4,4
65193,93,95,-2,2
65194,115,123,-8,8
65195,76,73,3,3
65196,209,155,54,54
65197,41,32,9,9
65198,115,120,-5,5
65199,155,142,13,13
65200,53,59,-6,6
65201,72,69,3,3
65202,110,91,19,19
65203,91,90,1,1
65204,99,91,8,8
65205,88,93,-5,5
65206,100,96,4,4
65207,73,80,-7,7
65208,70,64,6,6
65209,126,117,9,9
65210,102,104,-2,2
65211,97,92,5,5
65212,60,69,-9,9
65213,44,24,20,20
65214,62,55,7,7
65215,52,55,-3,3
65216,128,112,16,16
65217,168,162,6,6
65218,101,105,-4,4
65219,106,112,-6,6
65220,191,159,32,32
65221,51,73,-22,22
65222,196,160,36,36
65223,92,100,-8,8
65224,47,44,3,3
65225,115,106,9,9
65226,70,68,2,2
65227,84,100,-16,16
65228,145,140,5,5
65229,102,96,6,6
65230,31,24,7,7
65231,65,64,1,1
65232,92,92,0,0
65233,77,89,-12,12
65234,90,95,-5,5
65235,30,56,-26,26
65236,72,77,-5,5
65237,109,110,-1,1
65238,148,147,1,1
65239,81,75,6,6
65240,75,74,1,1
65241,60,59,1,1
65242,147,127,20,20
65243,95,84,11,11
65244,71,80,-9,9
65245,145,153,-8,8
65246,91,91,0,0
65247,48,69,-21,21
65248,94,97,-3,3
65249,86,91,-5,5
65250,70,64,6,6
65251,120,124,-4,4
65252,117,125,-8,8
65253,118,86,32,32
65254,66,64,2,2
65255,70,73,-3,3
65256,51,51,0,0
65257,80,81,-1,1
65258,78,85,-7,7
65259,136,127,9,9
65260,105,111,-6,6
65261,94,86,8,8
65262,119,113,6,6
65263,119,125,-6,6
65264,66,46,20,20
65265,133,131,2,2
65266,106,101,5,5
65267,110,98,12,12
65268,109,109,0,0
65269,97,130,-33,33
65270,54,50,4,4
65271,143,149,-6,6
65272,103,112,-9,9
65273,55,34,21,21
65274,72,67,5,5
65275,300,209,91,91
65276,110,102,8,8
65277,120,122,-2,2
65278,114,130,-16,16
65279,65,58,7,7
65280,51,51,0,0
65281,107,104,3,3
65282,86,94,-8,8
65283,91,92,-1,1
65284,102,91,11,11
65285,72,59,13,13
65286,82,86,-4,4
65287,134,118,16,16
65288,133,122,11,11
65289,79,84,-5,5
65290,146,146,0,0
65291,176,179,-3,3
65292,117,115,2,2
65293,82,83,-1,1
65294,105,96,9,9
65295,89,102,-13,13
65296,72,72,0,0
65297,71,55,16,16
65298,117,132,-15,15
65299,140,146,-6,6
65300,80,82,-2,2
65301,53,53,0,0
65302,185,157,28,28
65303,111,103,8,8
65304,92,91,1,1
65305,91,91,0,0
65306,112,96,16,16
65307,59,74,-15,15
65308,106,101,5,5
65309,53,52,1,1
65310,132,129,3,3
65311,80,81,-1,1
65312,163,155,8,8
65313,58,56,2,2
65314,138,118,20,20
65315,173,159,14,14
65316,64,64,0,0
65317,78,77,1,1
65318,101,103,-2,2
65319,103,99,4,4
65320,87,89,-2,2
65321,105,96,9,9
65322,94,83,11,11
65323,89,78,11,11
65324,63,69,-6,6
65325,92,89,3,3
65326,139,153,-14,14
65327,78,77,1,1
65328,58,81,-23,23
65329,77,78,-1,1
65330,71,192,-121,121
65331,154,159,-5,5
65332,93,90,3,3
65333,61,59,2,2
65334,168,137,31,31
65335,139,127,12,12
65336,78,74,4,4
65337,132,127,5,5
65338,56,55,1,1
65339,78,78,0,0
65340,86,91,-5,5
65341,68,68,0,0
65342,31,39,-8,8
65343,60,58,2,2
65344,150,144,6,6
65345,117,116,1,1
65346,104,93,11,11
65347,102,117,-15,15
65348,77,87,-10,10
65349,64,67,-3,3
65350,103,111,-8,8
65351,113,109,4,4
65352,96,99,-3,3
65353,114,90,24,24
65354,126,126,0,0
65355,106,109,-3,3
65356,59,67,-8,8
65357,81,78,3,3
65358,109,96,13,13
65359,121,124,-3,3
65360,70,69,1,1
65361,148,141,7,7
65362,94,103,-9,9
65363,127,134,-7,7
65364,117,117,0,0
65365,104,99,5,5
65366,46,54,-8,8
65367,106,120,-14,14
65368,94,85,9,9
65369,124,115,9,9
65370,62,75,-13,13
65371,62,81,-19,19
65372,74,83,-9,9
65373,53,72,-19,19
65374,40,57,-17,17
65375,70,73,-3,3
65376,60,59,1,1
65377,45,47,-2,2
65378,111,112,-1,1
65379,37,47,-10,10
65380,88,104,-16,16
65381,51,105,-54,54
65382,66,75,-9,9
65383,76,64,12,12
65384,91,91,0,0
65385,121,119,2,2
65386,135,121,14,14
65387,87,87,0,0
65388,99,107,-8,8
65389,106,113,-7,7
65390,83,87,-4,4
65391,94,90,4,4
65392,76,72,4,4
65393,69,73,-4,4
65394,100,117,-17,17
65395,118,118,0,0
65396,66,102,-36,36
65397,89,85,4,4
65398,104,110,-6,6
65399,110,97,13,13
65400,106,101,5,5
65401,118,116,2,2
65402,83,85,-2,2
65403,85,94,-9,9
65404,73,82,-9,9
65405,72,64,8,8
65406,61,63,-2,2
65407,59,65,-6,6
65408,114,113,1,1
65409,68,73,-5,5
65410,179,163,16,16
65411,70,79,-9,9
65412,91,96,-5,5
65413,114,116,-2,2
65414,108,100,8,8
65415,79,89,-10,10
65416,79,79,0,0
65417,125,110,15,15
65418,117,98,19,19
65419,68,87,-19,19
65420,79,74,5,5
65421,103,109,-6,6
65422,207,184,23,23
65423,63,65,-2,2
65424,117,115,2,2
65425,63,58,5,5
65426,71,67,4,4
65427,74,83,-9,9
65428,55,59,-4,4
65429,170,152,18,18
65430,69,65,4,4
65431,51,57,-6,6
65432,55,54,1,1
65433,73,70,3,3
65434,89,102,-13,13
65435,173,151,22,22
65436,119,137,-18,18
65437,85,103,-18,18
65438,94,102,-8,8
65439,104,81,23,23
65440,96,96,0,0
65441,61,76,-15,15
65442,86,95,-9,9
65443,95,98,-3,3
65444,161,136,25,25
65445,80,81,-1,1
65446,112,110,2,2
65447,75,97,-22,22
65448,141,133,8,8
65449,161,161,0,0
65450,99,102,-3,3
65451,94,95,-1,1
65452,146,114,32,32
65453,72,67,5,5
65454,105,87,18,18
65455,69,79,-10,10
65456,113,101,12,12
65457,132,108,24,24
65458,121,120,1,1
65459,91,106,-15,15
65460,70,67,3,3
65461,96,92,4,4
65462,155,144,11,11
65463,130,125,5,5
65464,186,157,29,29
65465,96,103,-7,7
65466,146,160,-14,14
65467,113,111,2,2
65468,86,83,3,3
65469,104,111,-7,7
65470,66,65,1,1
65471,96,87,9,9
65472,88,74,14,14
65473,111,95,16,16
65474,146,134,12,12
65475,86,55,31,31
65476,46,50,-4,4
65477,72,76,-4,4
65478,170,156,14,14
65479,35,31,4,4
65480,90,95,-5,5
65481,143,126,17,17
65482,157,147,10,10
65483,62,66,-4,4
65484,65,65,0,0
65485,75,82,-7,7
65486,89,83,6,6
65487,82,79,3,3
65488,80,75,5,5
65489,56,60,-4,4
65490,76,87,-11,11
65491,113,105,8,8
65492,104,105,-1,1
65493,99,90,9,9
65494,62,60,2,2
65495,140,142,-2,2
65496,76,87,-11,11
65497,114,115,-1,1
65498,108,119,-11,11
65499,81,72,9,9
65500,63,70,-7,7
65501,125,121,4,4
65502,70,61,9,9
65503,90,93,-3,3
65504,37,55,-18,18
65505,92,118,-26,26
65506,96,109,-13,13
65507,85,85,0,0
65508,106,105,1,1
65509,86,87,-1,1
65510,101,84,17,17
65511,101,107,-6,6
65512,100,106,-6,6
65513,105,90,15,15
65514,71,80,-9,9
65515,58,48,10,10
65516,179,143,36,36
65517,106,102,4,4
65518,89,79,10,10
65519,84,68,16,16
65520,113,116,-3,3
65521,129,123,6,6
65522,87,97,-10,10
65523,122,120,2,2
65524,109,101,8,8
65525,78,89,-11,11
65526,96,102,-6,6
65527,176,144,32,32
65528,114,111,3,3
65529,89,77,12,12
65530,115,105,10,10
65531,73,67,6,6
65532,68,69,-1,1
65533,148,149,-1,1
65534,70,68,2,2
65535,108,97,11,11
65536,60,58,2,2
65537,98,97,1,1
65538,47,53,-6,6
65539,84,98,-14,14
65540,60,47,13,13
65541,119,131,-12,12
65542,66,76,-10,10
65543,115,125,-10,10
65544,172,133,39,39
65545,105,96,9,9
65546,83,81,2,2
65547,75,77,-2,2
65548,48,49,-1,1
65549,100,104,-4,4
65550,59,62,-3,3
65551,67,69,-2,2
65552,103,107,-4,4
65553,48,51,-3,3
65554,108,121,-13,13
65555,77,62,15,15
65556,126,117,9,9
65557,82,107,-25,25
65558,38,35,3,3
65559,99,89,10,10
65560,56,65,-9,9
65561,131,107,24,24
65562,96,82,14,14
65563,83,89,-6,6
65564,120,108,12,12
65565,102,94,8,8
65566,93,98,-5,5
65567,127,120,7,7
65568,67,67,0,0
65569,98,96,2,2
65570,77,77,0,0
65571,84,70,14,14
65572,96,83,13,13
65573,118,111,7,7
65574,84,81,3,3
65575,70,89,-19,19
65576,100,104,-4,4
65577,118,107,11,11
65578,54,65,-11,11
65579,170,167,3,3
65580,91,93,-2,2
65581,86,78,8,8
65582,82,90,-8,8
65583,123,112,11,11
65584,94,97,-3,3
65585,86,74,12,12
65586,142,137,5,5
65587,132,130,2,2
65588,140,141,-1,1
65589,177,142,35,35
65590,54,68,-14,14
65591,51,53,-2,2
65592,130,116,14,14
65593,71,80,-9,9
65594,61,71,-10,10
65595,93,81,12,12
65596,93,109,-16,16
65597,83,94,-11,11
65598,104,95,9,9
65599,93,99,-6,6
65600,88,90,-2,2
65601,89,97,-8,8
65602,154,161,-7,7
65603,53,50,3,3
65604,85,77,8,8
65605,89,91,-2,2
65606,107,107,0,0
65607,102,96,6,6
65608,88,98,-10,10
65609,35,43,-8,8
65610,118,115,3,3
65611,63,65,-2,2
65612,56,61,-5,5
65613,41,22,19,19
65614,108,113,-5,5
65615,137,130,7,7
65616,70,67,3,3
65617,131,120,11,11
65618,83,67,16,16
65619,87,83,4,4
65620,87,96,-9,9
65621,134,129,5,5
65622,108,89,19,19
65623,73,87,-14,14
65624,110,112,-2,2
65625,100,68,32,32
65626,57,115,-58,58
65627,101,102,-1,1
65628,124,111,13,13
65629,100,95,5,5
65630,116,108,8,8
65631,124,113,11,11
65632,119,128,-9,9
65633,95,109,-14,14
65634,131,132,-1,1
65635,46,50,-4,4
65636,119,107,12,12
65637,86,86,0,0
65638,148,139,9,9
65639,63,61,2,2
65640,84,83,1,1
65641,88,99,-11,11
65642,125,111,14,14
65643,180,143,37,37
65644,92,99,-7,7
65645,73,72,1,1
65646,54,65,-11,11
65647,125,131,-6,6
65648,158,140,18,18
65649,115,108,7,7
65650,176,165,11,11
65651,71,81,-10,10
65652,109,111,-2,2
65653,115,115,0,0
65654,135,129,6,6
65655,75,78,-3,3
65656,71,86,-15,15
65657,74,87,-13,13
65658,123,132,-9,9
65659,85,80,5,5
65660,124,132,-8,8
65661,51,49,2,2
65662,53,51,2,2
65663,97,101,-4,4
65664,92,87,5,5
65665,122,130,-8,8
65666,183,147,36,36
65667,94,105,-11,11
65668,151,144,7,7
65669,65,80,-15,15
65670,146,140,6,6
65671,68,73,-5,5
65672,186,149,37,37
65673,121,97,24,24
65674,77,73,4,4
65675,99,119,-20,20
65676,102,109,-7,7
65677,80,88,-8,8
65678,123,129,-6,6
65679,90,102,-12,12
65680,96,93,3,3
65681,119,94,25,25
65682,136,140,-4,4
65683,84,85,-1,1
65684,135,117,18,18
65685,84,106,-22,22
65686,56,61,-5,5
65687,81,90,-9,9
65688,69,76,-7,7
65689,89,70,19,19
65690,105,99,6,6
65691,113,108,5,5
65692,79,71,8,8
65693,167,147,20,20
65694,85,69,16,16
65695,80,83,-3,3
65696,72,83,-11,11
65697,129,123,6,6
65698,155,154,1,1
65699,53,62,-9,9
65700,48,53,-5,5
65701,45,43,2,2
65702,55,63,-8,8
65703,99,93,6,6
65704,91,97,-6,6
65705,75,81,-6,6
65706,84,84,0,0
65707,38,50,-12,12
65708,41,23,18,18
65709,86,90,-4,4
65710,76,90,-14,14
65711,53,59,-6,6
65712,63,70,-7,7
65713,79,79,0,0
65714,145,123,22,22
65715,97,101,-4,4
65716,120,125,-5,5
65717,74,70,4,4
65718,96,108,-12,12
65719,101,88,13,13
65720,94,113,-19,19
65721,92,89,3,3
65722,83,66,17,17
65723,122,107,15,15
65724,57,56,1,1
65725,56,64,-8,8
65726,123,122,1,1
65727,104,111,-7,7
65728,147,145,2,2
65729,190,192,-2,2
65730,120,105,15,15
65731,173,157,16,16
65732,52,46,6,6
65733,134,130,4,4
65734,110,114,-4,4
65735,84,85,-1,1
65736,92,101,-9,9
65737,112,97,15,15
65738,60,61,-1,1
65739,76,79,-3,3
65740,159,150,9,9
65741,61,70,-9,9
65742,141,143,-2,2
65743,107,113,-6,6
65744,103,95,8,8
65745,129,134,-5,5
65746,61,72,-11,11
65747,77,68,9,9
65748,84,95,-11,11
65749,78,78,0,0
65750,47,47,0,0
65751,140,130,10,10
65752,56,57,-1,1
65753,154,144,10,10
65754,77,81,-4,4
65755,85,67,18,18
65756,104,109,-5,5
65757,70,105,-35,35
65758,71,72,-1,1
65759,63,65,-2,2
65760,84,75,9,9
65761,110,89,21,21
65762,88,108,-20,20
65763,74,77,-3,3
65764,72,88,-16,16
65765,46,48,-2,2
65766,94,96,-2,2
65767,93,89,4,4
65768,63,68,-5,5
65769,100,103,-3,3
65770,71,73,-2,2
65771,113,118,-5,5
65772,88,89,-1,1
65773,83,64,19,19
65774,76,89,-13,13
65775,83,81,2,2
65776,153,126,27,27
65777,134,142,-8,8
65778,91,95,-4,4
65779,56,58,-2,2
65780,89,92,-3,3
65781,51,54,-3,3
65782,121,118,3,3
65783,107,99,8,8
65784,97,131,-34,34
65785,79,77,2,2
65786,115,118,-3,3
65787,60,60,0,0
65788,105,109,-4,4
65789,65,66,-1,1
65790,57,55,2,2
65791,169,151,18,18
65792,92,88,4,4
65793,104,118,-14,14
65794,68,62,6,6
65795,72,68,4,4
65796,92,88,4,4
65797,124,119,5,5
65798,85,84,1,1
65799,123,117,6,6
65800,112,99,13,13
65801,138,141,-3,3
65802,205,189,16,16
65803,88,86,2,2
65804,82,87,-5,5
65805,77,89,-12,12
65806,68,62,6,6
65807,125,111,14,14
65808,87,89,-2,2
65809,112,115,-3,3
65810,66,73,-7,7
65811,132,113,19,19
65812,136,124,12,12
65813,232,194,38,38
65814,63,61,2,2
65815,77,78,-1,1
65816,121,113,8,8
65817,161,153,8,8
65818,200,137,63,63
65819,65,67,-2,2
65820,104,94,10,10
65821,129,132,-3,3
65822,129,171,-42,42
65823,123,117,6,6
65824,72,70,2,2
65825,59,58,1,1
65826,94,105,-11,11
65827,102,102,0,0
65828,74,70,4,4
65829,64,58,6,6
65830,48,71,-23,23
65831,80,86,-6,6
65832,112,94,18,18
65833,67,128,-61,61
65834,79,93,-14,14
65835,79,77,2,2
65836,51,62,-11,11
65837,213,191,22,22
65838,116,120,-4,4
65839,82,84,-2,2
65840,88,84,4,4
65841,154,158,-4,4
65842,93,84,9,9
65843,115,102,13,13
65844,58,56,2,2
65845,89,98,-9,9
65846,69,72,-3,3
65847,124,110,14,14
65848,87,95,-8,8
65849,114,119,-5,5
65850,75,76,-1,1
65851,46,63,-17,17
65852,54,56,-2,2
65853,63,53,10,10
65854,54,64,-10,10
65855,70,74,-4,4
65856,98,98,0,0
65857,74,70,4,4
65858,76,65,11,11
65859,80,88,-8,8
65860,73,145,-72,72
65861,108,102,6,6
65862,100,86,14,14
65863,64,53,11,11
65864,101,105,-4,4
65865,75,75,0,0
65866,66,68,-2,2
65867,142,124,18,18
65868,47,55,-8,8
65869,71,59,12,12
65870,26,32,-6,6
65871,53,62,-9,9
65872,133,125,8,8
65873,96,96,0,0
65874,91,110,-19,19
65875,83,71,12,12
65876,103,111,-8,8
65877,89,93,-4,4
65878,90,96,-6,6
65879,95,108,-13,13
65880,32,40,-8,8
65881,72,88,-16,16
65882,99,88,11,11
65883,115,129,-14,14
65884,86,105,-19,19
65885,93,119,-26,26
65886,129,123,6,6
65887,92,95,-3,3
65888,114,107,7,7
65889,84,86,-2,2
65890,93,87,6,6
65891,89,100,-11,11
65892,59,59,0,0
65893,63,60,3,3
65894,59,59,0,0
65895,115,109,6,6
65896,144,121,23,23
65897,76,78,-2,2
65898,112,109,3,3
65899,118,116,2,2
65900,80,80,0,0
65901,106,108,-2,2
65902,92,94,-2,2
65903,65,75,-10,10
65904,130,131,-1,1
65905,108,107,1,1
65906,44,62,-18,18
65907,101,95,6,6
65908,72,84,-12,12
65909,67,74,-7,7
65910,73,77,-4,4
65911,184,168,16,16
65912,83,71,12,12
65913,77,76,1,1
65914,113,110,3,3
65915,46,45,1,1
65916,101,119,-18,18
65917,92,92,0,0
65918,122,114,8,8
65919,67,63,4,4
65920,134,123,11,11
65921,82,93,-11,11
65922,142,143,-1,1
65923,101,85,16,16
65924,119,140,-21,21
65925,44,61,-17,17
65926,105,108,-3,3
65927,99,102,-3,3
65928,127,118,9,9
65929,76,75,1,1
65930,107,93,14,14
65931,104,114,-10,10
65932,104,96,8,8
65933,100,99,1,1
65934,106,93,13,13
65935,66,76,-10,10
65936,154,128,26,26
65937,124,114,10,10
65938,118,112,6,6
65939,79,71,8,8
65940,76,74,2,2
65941,89,89,0,0
65942,67,71,-4,4
65943,104,101,3,3
65944,108,93,15,15
65945,76,87,-11,11
65946,47,71,-24,24
65947,98,99,-1,1
65948,137,143,-6,6
65949,111,103,8,8
65950,62,53,9,9
65951,37,47,-10,10
65952,69,66,3,3
65953,115,128,-13,13
65954,98,106,-8,8
65955,62,68,-6,6
65956,94,87,7,7
65957,46,65,-19,19
65958,97,81,16,16
65959,108,90,18,18
65960,124,120,4,4
65961,74,86,-12,12
65962,113,106,7,7
65963,96,102,-6,6
65964,135,121,14,14
65965,81,78,3,3
65966,101,103,-2,2
65967,109,125,-16,16
65968,121,122,-1,1
65969,62,51,11,11
65970,105,114,-9,9
65971,105,95,10,10
65972,96,71,25,25
65973,90,62,28,28
65974,81,85,-4,4
65975,137,130,7,7
65976,86,80,6,6
65977,86,88,-2,2
65978,105,116,-11,11
65979,120,120,0,0
65980,70,70,0,0
65981,90,102,-12,12
65982,90,85,5,5
65983,79,86,-7,7
65984,62,60,2,2
65985,56,55,1,1
65986,62,56,6,6
65987,123,116,7,7
65988,108,121,-13,13
65989,73,79,-6,6
65990,92,82,10,10
65991,97,99,-2,2
65992,94,94,0,0
65993,119,133,-14,14
65994,125,123,2,2
65995,252,188,64,64
65996,124,130,-6,6
65997,76,79,-3,3
65998,120,109,11,11
65999,83,90,-7,7
66000,82,94,-12,12
66001,93,94,-1,1
66002,56,59,-3,3
66003,78,90,-12,12
66004,121,168,-47,47
66005,100,91,9,9
66006,91,84,7,7
66007,66,57,9,9
66008,62,69,-7,7
66009,72,75,-3,3
66010,77,73,4,4
66011,93,82,11,11
66012,176,141,35,35
66013,55,68,-13,13
66014,75,72,3,3
66015,60,68,-8,8
66016,143,141,2,2
66017,117,111,6,6
66018,36,31,5,5
66019,45,47,-2,2
66020,96,91,5,5
66021,81,94,-13,13
66022,106,101,5,5
66023,83,82,1,1
66024,105,99,6,6
66025,80,95,-15,15
66026,43,33,10,10
66027,103,102,1,1
66028,134,141,-7,7
66029,53,55,-2,2
66030,115,106,9,9
66031,157,117,40,40
66032,67,111,-44,44
66033,104,117,-13,13
66034,148,156,-8,8
66035,116,111,5,5
66036,100,107,-7,7
66037,63,64,-1,1
66038,71,88,-17,17
66039,71,71,0,0
66040,67,70,-3,3
66041,105,108,-3,3
66042,102,94,8,8
66043,53,65,-12,12
66044,71,71,0,0
66045,115,146,-31,31
66046,105,107,-2,2
66047,62,82,-20,20
66048,119,116,3,3
66049,151,155,-4,4
66050,55,69,-14,14
66051,76,74,2,2
66052,37,49,-12,12
66053,126,98,28,28
66054,116,105,11,11
66055,119,109,10,10
66056,86,82,4,4
66057,64,78,-14,14
66058,53,48,5,5
66059,108,99,9,9
66060,118,108,10,10
66061,126,128,-2,2
66062,71,58,13,13
66063,99,107,-8,8
66064,49,50,-1,1
66065,87,89,-2,2
66066,75,71,4,4
66067,89,95,-6,6
66068,94,93,1,1
66069,100,89,11,11
66070,80,79,1,1
66071,78,89,-11,11
66072,65,66,-1,1
66073,104,100,4,4
66074,111,127,-16,16
66075,182,167,15,15
66076,69,73,-4,4
66077,67,80,-13,13
66078,99,114,-15,15
66079,82,93,-11,11
66080,99,84,15,15
66081,66,69,-3,3
66082,162,153,9,9
66083,142,122,20,20
66084,84,91,-7,7
66085,70,89,-19,19
66086,106,105,1,1
66087,57,60,-3,3
66088,89,88,1,1
66089,119,107,12,12
66090,90,79,11,11
66091,59,74,-15,15
66092,80,73,7,7
66093,113,107,6,6
66094,47,52,-5,5
66095,72,83,-11,11
66096,178,176,2,2
66097,76,90,-14,14
66098,96,106,-10,10
66099,83,87,-4,4
66100,63,61,2,2
66101,144,133,11,11
66102,42,66,-24,24
66103,52,56,-4,4
66104,125,104,21,21
66105,63,61,2,2
66106,69,56,13,13
66107,78,71,7,7
66108,63,88,-25,25
66109,80,80,0,0
66110,101,107,-6,6
66111,187,161,26,26
66112,163,141,22,22
66113,109,120,-11,11
66114,101,109,-8,8
66115,86,84,2,2
66116,72,91,-19,19
66117,142,178,-36,36
66118,99,95,4,4
66119,64,75,-11,11
66120,79,81,-2,2
66121,85,97,-12,12
66122,107,103,4,4
66123,97,100,-3,3
66124,116,113,3,3
66125,67,65,2,2
66126,89,103,-14,14
66127,122,113,9,9
66128,140,152,-12,12
66129,62,57,5,5
66130,119,137,-18,18
66131,117,106,11,11
66132,104,109,-5,5
66133,47,51,-4,4
66134,73,73,0,0
66135,159,139,20,20
66136,101,106,-5,5
66137,77,83,-6,6
66138,58,69,-11,11
66139,78,82,-4,4
66140,97,89,8,8
66141,76,70,6,6
66142,88,91,-3,3
66143,64,70,-6,6
66144,81,93,-12,12
66145,69,68,1,1
66146,115,122,-7,7
66147,65,83,-18,18
66148,76,50,26,26
66149,58,60,-2,2
66150,33,36,-3,3
66151,133,113,20,20
66152,45,60,-15,15
66153,123,130,-7,7
66154,100,89,11,11
66155,82,89,-7,7
66156,83,81,2,2
66157,117,97,20,20
66158,74,77,-3,3
66159,103,113,-10,10
66160,72,72,0,0
66161,142,118,24,24
66162,121,107,14,14
66163,82,78,4,4
66164,80,83,-3,3
66165,100,108,-8,8
66166,164,160,4,4
66167,95,99,-4,4
66168,57,51,6,6
66169,81,89,-8,8
66170,39,45,-6,6
66171,123,124,-1,1
66172,127,119,8,8
66173,82,85,-3,3
66174,105,98,7,7
66175,72,72,0,0
66176,37,44,-7,7
66177,85,92,-7,7
66178,152,147,5,5
66179,80,84,-4,4
66180,55,56,-1,1
66181,76,94,-18,18
66182,21,47,-26,26
66183,220,176,44,44
66184,159,153,6,6
66185,90,91,-1,1
66186,148,139,9,9
66187,102,101,1,1
66188,83,79,4,4
66189,80,97,-17,17
66190,100,91,9,9
66191,111,107,4,4
66192,79,85,-6,6
66193,82,83,-1,1
66194,82,79,3,3
66195,197,163,34,34
66196,188,162,26,26
66197,177,177,0,0
66198,76,73,3,3
66199,157,166,-9,9
66200,49,49,0,0
66201,44,17,27,27
66202,66,80,-14,14
66203,156,148,8,8
66204,111,113,-2,2
66205,69,84,-15,15
66206,188,174,14,14
66207,126,104,22,22
66208,73,66,7,7
66209,111,106,5,5
66210,94,97,-3,3
66211,57,91,-34,34
66212,132,127,5,5
66213,164,152,12,12
66214,55,58,-3,3
66215,139,126,13,13
66216,77,71,6,6
66217,43,56,-13,13
66218,96,91,5,5
66219,88,81,7,7
66220,74,72,2,2
66221,81,79,2,2
66222,84,92,-8,8
66223,100,111,-11,11
66224,108,103,5,5
66225,44,67,-23,23
66226,77,79,-2,2
66227,79,83,-4,4
66228,111,105,6,6
66229,86,78,8,8
66230,61,52,9,9
66231,85,89,-4,4
66232,45,32,13,13
66233,81,71,10,10
66234,159,141,18,18
66235,80,69,11,11
66236,94,91,3,3
66237,89,91,-2,2
66238,96,92,4,4
66239,95,90,5,5
66240,127,108,19,19
66241,71,72,-1,1
66242,68,63,5,5
66243,80,91,-11,11
66244,122,113,9,9
66245,136,127,9,9
66246,95,98,-3,3
66247,89,86,3,3
66248,88,93,-5,5
66249,44,46,-2,2
66250,121,115,6,6
66251,47,44,3,3
66252,72,83,-11,11
66253,72,67,5,5
66254,145,163,-18,18
66255,77,74,3,3
66256,129,148,-19,19
66257,65,71,-6,6
66258,121,111,10,10
66259,92,97,-5,5
66260,100,101,-1,1
66261,36,48,-12,12
66262,122,107,15,15
66263,112,99,13,13
66264,76,72,4,4
66265,112,113,-1,1
66266,75,82,-7,7
66267,81,76,5,5
66268,102,87,15,15
66269,43,66,-23,23
66270,92,85,7,7
66271,118,107,11,11
66272,73,65,8,8
66273,179,171,8,8
66274,63,85,-22,22
66275,128,122,6,6
66276,161,156,5,5
66277,178,132,46,46
66278,90,84,6,6
66279,74,66,8,8
66280,74,82,-8,8
66281,95,107,-12,12
66282,98,95,3,3
66283,94,91,3,3
66284,115,114,1,1
66285,131,129,2,2
66286,99,78,21,21
66287,87,79,8,8
66288,74,87,-13,13
66289,56,56,0,0
66290,58,58,0,0
66291,77,83,-6,6
66292,122,106,16,16
66293,70,77,-7,7
66294,40,52,-12,12
66295,106,109,-3,3
66296,100,101,-1,1
66297,73,75,-2,2
66298,72,61,11,11
66299,99,107,-8,8
66300,135,149,-14,14
66301,184,156,28,28
66302,50,67,-17,17
66303,77,76,1,1
66304,48,58,-10,10
66305,76,85,-9,9
66306,87,90,-3,3
66307,137,130,7,7
66308,110,107,3,3
66309,84,97,-13,13
66310,74,76,-2,2
66311,83,69,14,14
66312,76,73,3,3
66313,107,116,-9,9
66314,78,77,1,1
66315,87,82,5,5
66316,64,70,-6,6
66317,60,74,-14,14
66318,94,97,-3,3
66319,80,80,0,0
66320,50,47,3,3
66321,54,67,-13,13
66322,65,56,9,9
66323,101,107,-6,6
66324,89,89,0,0
66325,127,133,-6,6
66326,59,68,-9,9
66327,90,99,-9,9
66328,77,85,-8,8
66329,100,112,-12,12
66330,103,107,-4,4
66331,33,52,-19,19
66332,61,68,-7,7
66333,63,73,-10,10
66334,47,53,-6,6
66335,51,56,-5,5
66336,141,144,-3,3
66337,74,81,-7,7
66338,74,77,-3,3
66339,85,90,-5,5
66340,149,134,15,15
66341,90,90,0,0
66342,79,82,-3,3
66343,93,99,-6,6
66344,79,73,6,6
66345,146,147,-1,1
66346,81,63,18,18
66347,83,104,-21,21
66348,196,180,16,16
66349,114,98,16,16
66350,102,99,3,3
66351,140,131,9,9
66352,46,44,2,2
66353,189,158,31,31
66354,102,101,1,1
66355,96,92,4,4
66356,73,90,-17,17
66357,131,133,-2,2
66358,143,135,8,8
66359,94,115,-21,21
66360,95,87,8,8
66361,131,133,-2,2
66362,138,135,3,3
66363,55,62,-7,7
66364,40,59,-19,19
66365,97,99,-2,2
66366,70,74,-4,4
66367,95,94,1,1
66368,86,76,10,10
66369,107,92,15,15
66370,45,47,-2,2
66371,107,104,3,3
66372,77,72,5,5
66373,75,81,-6,6
66374,85,100,-15,15
66375,81,75,6,6
66376,100,101,-1,1
66377,65,70,-5,5
66378,57,59,-2,2
66379,61,42,19,19
66380,79,81,-2,2
66381,104,98,6,6
66382,106,111,-5,5
66383,55,47,8,8
66384,100,91,9,9
66385,89,96,-7,7
66386,73,71,2,2
66387,77,94,-17,17
66388,59,58,1,1
66389,71,68,3,3
66390,52,42,10,10
66391,58,59,-1,1
66392,72,77,-5,5
66393,90,93,-3,3
66394,57,74,-17,17
66395,82,102,-20,20
66396,92,96,-4,4
66397,88,74,14,14
66398,49,54,-5,5
66399,91,77,14,14
66400,171,144,27,27
66401,75,82,-7,7
66402,82,88,-6,6
66403,74,66,8,8
66404,116,101,15,15
66405,95,80,15,15
66406,116,104,12,12
66407,74,94,-20,20
66408,100,104,-4,4
66409,81,95,-14,14
66410,141,143,-2,2
66411,113,116,-3,3
66412,100,91,9,9
66413,80,86,-6,6
66414,96,94,2,2
66415,83,93,-10,10
66416,68,73,-5,5
66417,66,61,5,5
66418,73,78,-5,5
66419,169,169,0,0
66420,119,105,14,14
66421,82,92,-10,10
66422,85,81,4,4
66423,92,102,-10,10
66424,92,93,-1,1
66425,164,161,3,3
66426,131,119,12,12
66427,106,129,-23,23
66428,72,63,9,9
66429,54,56,-2,2
66430,75,87,-12,12
66431,62,57,5,5
66432,89,100,-11,11
66433,63,65,-2,2
66434,87,90,-3,3
66435,136,124,12,12
66436,79,88,-9,9
66437,86,99,-13,13
66438,71,73,-2,2
66439,68,64,4,4
66440,127,120,7,7
66441,78,78,0,0
66442,43,47,-4,4
66443,82,74,8,8
66444,61,74,-13,13
66445,91,99,-8,8
66446,78,73,5,5
66447,121,126,-5,5
66448,83,91,-8,8
66449,169,167,2,2
66450,56,71,-15,15
66451,78,41,37,37
66452,73,70,3,3
66453,66,83,-17,17
66454,67,57,10,10
66455,69,38,31,31
66456,96,104,-8,8
66457,118,105,13,13
66458,67,81,-14,14
66459,58,73,-15,15
66460,77,68,9,9
66461,164,151,13,13
66462,57,63,-6,6
66463,98,98,0,0
66464,97,101,-4,4
66465,58,66,-8,8
66466,107,102,5,5
66467,70,80,-10,10
66468,121,128,-7,7
66469,144,121,23,23
66470,157,138,19,19
66471,113,106,7,7
66472,66,56,10,10
66473,47,194,-147,147
66474,106,94,12,12
66475,77,87,-10,10
66476,180,183,-3,3
66477,55,77,-22,22
66478,57,83,-26,26
66479,104,108,-4,4
66480,120,108,12,12
66481,124,117,7,7
66482,157,158,-1,1
66483,185,184,1,1
66484,63,68,-5,5
66485,158,141,17,17
66486,161,159,2,2
66487,61,65,-4,4
66488,104,98,6,6
66489,65,67,-2,2
66490,174,156,18,18
66491,52,49,3,3
66492,118,92,26,26
66493,89,82,7,7
66494,88,91,-3,3
66495,88,91,-3,3
66496,62,72,-10,10
66497,67,60,7,7
66498,118,123,-5,5
66499,113,121,-8,8
66500,99,108,-9,9
66501,68,77,-9,9
66502,50,46,4,4
66503,123,136,-13,13
66504,97,82,15,15
66505,93,103,-10,10
66506,132,137,-5,5
66507,70,77,-7,7
66508,65,59,6,6
66509,80,98,-18,18
66510,79,68,11,11
66511,96,97,-1,1
66512,69,81,-12,12
66513,142,141,1,1
66514,126,115,11,11
66515,88,118,-30,30
66516,57,53,4,4
66517,68,66,2,2
66518,97,110,-13,13
66519,128,136,-8,8
66520,129,141,-12,12
66521,92,91,1,1
66522,146,144,2,2
66523,83,90,-7,7
66524,92,80,12,12
66525,207,177,30,30
66526,40,49,-9,9
66527,92,88,4,4
66528,95,109,-14,14
66529,107,101,6,6
66530,51,66,-15,15
66531,210,173,37,37
66532,73,71,2,2
66533,103,103,0,0
66534,120,118,2,2
66535,132,127,5,5
66536,112,104,8,8
66537,86,79,7,7
66538,195,189,6,6
66539,69,80,-11,11
66540,91,93,-2,2
66541,57,60,-3,3
66542,112,109,3,3
66543,72,96,-24,24
66544,90,100,-10,10
66545,99,98,1,1
66546,46,33,13,13
66547,51,71,-20,20
66548,107,106,1,1
66549,156,135,21,21
66550,61,59,2,2
66551,88,79,9,9
66552,107,98,9,9
66553,121,114,7,7
66554,89,87,2,2
66555,99,101,-2,2
66556,87,97,-10,10
66557,46,56,-10,10
66558,152,151,1,1
66559,67,77,-10,10
66560,164,164,0,0
66561,68,67,1,1
66562,94,103,-9,9
66563,60,62,-2,2
66564,205,158,47,47
66565,92,92,0,0
66566,95,81,14,14
66567,67,68,-1,1
66568,55,64,-9,9
66569,151,148,3,3
66570,160,135,25,25
66571,29,41,-12,12
66572,108,102,6,6
66573,112,134,-22,22
66574,109,179,-70,70
66575,86,95,-9,9
66576,75,72,3,3
66577,60,67,-7,7
66578,64,70,-6,6
66579,64,70,-6,6
66580,110,115,-5,5
66581,81,89,-8,8
66582,79,85,-6,6
66583,124,109,15,15
66584,94,90,4,4
66585,73,86,-13,13
66586,111,95,16,16
66587,107,109,-2,2
66588,71,66,5,5
66589,125,115,10,10
66590,123,110,13,13
66591,63,50,13,13
66592,98,103,-5,5
66593,101,87,14,14
66594,129,126,3,3
66595,96,91,5,5
66596,58,54,4,4
66597,162,164,-2,2
66598,48,44,4,4
66599,151,156,-5,5
66600,67,63,4,4
66601,122,120,2,2
66602,100,108,-8,8
66603,135,142,-7,7
66604,213,168,45,45
66605,129,136,-7,7
66606,61,78,-17,17
66607,70,71,-1,1
66608,88,111,-23,23
66609,75,73,2,2
66610,159,161,-2,2
66611,100,104,-4,4
66612,75,69,6,6
66613,120,146,-26,26
66614,70,82,-12,12
66615,129,113,16,16
66616,124,170,-46,46
66617,105,100,5,5
66618,60,66,-6,6
66619,76,64,12,12
66620,64,68,-4,4
66621,145,150,-5,5
66622,95,108,-13,13
66623,104,102,2,2
66624,148,129,19,19
66625,126,124,2,2
66626,142,120,22,22
66627,67,79,-12,12
66628,96,109,-13,13
66629,114,104,10,10
66630,47,52,-5,5
66631,125,150,-25,25
66632,66,80,-14,14
66633,203,248,-45,45
66634,58,66,-8,8
66635,114,109,5,5
66636,100,131,-31,31
66637,92,96,-4,4
66638,114,114,0,0
66639,67,75,-8,8
66640,56,56,0,0
66641,78,84,-6,6
66642,62,60,2,2
66643,77,92,-15,15
66644,104,101,3,3
66645,37,69,-32,32
66646,94,95,-1,1
66647,108,97,11,11
66648,42,45,-3,3
66649,106,103,3,3
66650,74,69,5,5
66651,116,97,19,19
66652,77,52,25,25
66653,123,116,7,7
66654,89,100,-11,11
66655,74,66,8,8
66656,118,112,6,6
66657,73,75,-2,2
66658,69,85,-16,16
66659,79,76,3,3
66660,58,64,-6,6
66661,172,160,12,12
66662,118,107,11,11
66663,140,151,-11,11
66664,124,122,2,2
66665,111,108,3,3
66666,88,117,-29,29
66667,90,111,-21,21
66668,59,56,3,3
66669,139,151,-12,12
66670,125,132,-7,7
66671,64,69,-5,5
66672,147,119,28,28
66673,50,56,-6,6
66674,81,88,-7,7
66675,105,104,1,1
66676,63,65,-2,2
66677,87,92,-5,5
66678,90,84,6,6
66679,47,53,-6,6
66680,134,133,1,1
66681,61,60,1,1
66682,73,96,-23,23
66683,73,74,-1,1
66684,78,89,-11,11
66685,134,117,17,17
66686,51,59,-8,8
66687,108,90,18,18
66688,96,103,-7,7
66689,54,73,-19,19
66690,122,109,13,13
66691,129,115,14,14
66692,86,73,13,13
66693,114,102,12,12
66694,70,82,-12,12
66695,79,81,-2,2
66696,56,53,3,3
66697,66,69,-3,3
66698,89,81,8,8
66699,106,92,14,14
66700,77,95,-18,18
66701,82,78,4,4
66702,63,87,-24,24
66703,87,84,3,3
66704,119,125,-6,6
66705,146,144,2,2
66706,71,61,10,10
66707,70,77,-7,7
66708,82,91,-9,9
66709,72,69,3,3
66710,91,101,-10,10
66711,57,65,-8,8
66712,68,67,1,1
66713,92,81,11,11
66714,71,74,-3,3
66715,100,93,7,7
66716,106,92,14,14
66717,64,71,-7,7
66718,58,64,-6,6
66719,74,73,1,1
66720,104,111,-7,7
66721,133,130,3,3
66722,59,58,1,1
66723,77,73,4,4
66724,90,82,8,8
66725,116,94,22,22
66726,94,87,7,7
66727,102,99,3,3
66728,130,127,3,3
66729,115,119,-4,4
66730,79,72,7,7
66731,151,134,17,17
66732,88,104,-16,16
66733,188,146,42,42
66734,91,92,-1,1
66735,81,73,8,8
66736,74,84,-10,10
66737,80,89,-9,9
66738,125,118,7,7
66739,140,138,2,2
66740,60,70,-10,10
66741,45,60,-15,15
66742,65,63,2,2
66743,120,118,2,2
66744,105,111,-6,6
66745,136,136,0,0
66746,31,65,-34,34
66747,77,94,-17,17
66748,79,86,-7,7
66749,96,96,0,0
66750,40,51,-11,11
66751,54,58,-4,4
66752,94,76,18,18
66753,83,108,-25,25
66754,54,54,0,0
66755,92,95,-3,3
66756,146,130,16,16
66757,172,167,5,5
66758,62,59,3,3
66759,155,135,20,20
66760,111,100,11,11
66761,99,104,-5,5
66762,126,108,18,18
66763,55,55,0,0
66764,202,184,18,18
66765,60,59,1,1
66766,97,98,-1,1
66767,111,111,0,0
66768,114,105,9,9
66769,81,73,8,8
66770,35,43,-8,8
66771,88,96,-8,8
66772,62,74,-12,12
66773,84,79,5,5
66774,96,88,8,8
66775,105,100,5,5
66776,67,78,-11,11
66777,68,88,-20,20
66778,75,70,5,5
66779,64,81,-17,17
66780,165,133,32,32
66781,92,130,-38,38
66782,136,108,28,28
66783,93,103,-10,10
66784,58,47,11,11
66785,72,76,-4,4
66786,87,87,0,0
66787,53,69,-16,16
66788,138,143,-5,5
66789,98,109,-11,11
66790,81,77,4,4
66791,82,84,-2,2
66792,140,153,-13,13
66793,92,97,-5,5
66794,116,116,0,0
66795,169,158,11,11
66796,76,92,-16,16
66797,70,64,6,6
66798,206,182,24,24
66799,118,109,9,9
66800,82,82,0,0
66801,143,145,-2,2
66802,113,100,13,13
66803,82,75,7,7
66804,72,77,-5,5
66805,53,49,4,4
66806,38,53,-15,15
66807,102,90,12,12
66808,98,100,-2,2
66809,60,61,-1,1
66810,133,122,11,11
66811,108,97,11,11
66812,103,96,7,7
66813,58,67,-9,9
66814,80,78,2,2
66815,72,78,-6,6
66816,103,101,2,2
66817,115,116,-1,1
66818,66,71,-5,5
66819,134,120,14,14
66820,129,127,2,2
66821,82,87,-5,5
66822,92,92,0,0
66823,72,72,0,0
66824,156,153,3,3
66825,97,96,1,1
66826,80,75,5,5
66827,110,94,16,16
66828,112,101,11,11
66829,73,77,-4,4
66830,93,100,-7,7
66831,84,95,-11,11
66832,69,64,5,5
66833,63,73,-10,10
66834,97,93,4,4
66835,51,71,-20,20
66836,117,113,4,4
66837,102,107,-5,5
66838,63,60,3,3
66839,90,120,-30,30
66840,75,78,-3,3
66841,31,77,-46,46
66842,118,110,8,8
66843,110,117,-7,7
66844,126,123,3,3
66845,132,125,7,7
66846,94,83,11,11
66847,55,78,-23,23
66848,119,117,2,2
66849,47,45,2,2
66850,152,145,7,7
66851,38,53,-15,15
66852,96,113,-17,17
66853,79,65,14,14
66854,63,63,0,0
66855,120,133,-13,13
66856,97,97,0,0
66857,65,55,10,10
66858,108,109,-1,1
66859,146,142,4,4
66860,99,100,-1,1
66861,50,58,-8,8
66862,98,99,-1,1
66863,61,60,1,1
66864,67,85,-18,18
66865,102,103,-1,1
66866,98,97,1,1
66867,127,118,9,9
66868,134,118,16,16
66869,107,109,-2,2
66870,62,71,-9,9
66871,83,83,0,0
66872,41,44,-3,3
66873,65,79,-14,14
66874,73,74,-1,1
66875,81,77,4,4
66876,85,69,16,16
66877,85,71,14,14
66878,117,103,14,14
66879,128,140,-12,12
66880,89,88,1,1
66881,42,41,1,1
66882,125,136,-11,11
66883,68,65,3,3
66884,72,77,-5,5
66885,96,105,-9,9
66886,134,126,8,8
66887,122,114,8,8
66888,87,95,-8,8
66889,54,68,-14,14
66890,79,73,6,6
66891,148,142,6,6
66892,66,68,-2,2
66893,142,127,15,15
66894,106,94,12,12
66895,48,45,3,3
66896,57,77,-20,20
66897,126,115,11,11
66898,51,57,-6,6
66899,109,109,0,0
66900,106,108,-2,2
66901,102,96,6,6
66902,94,96,-2,2
66903,112,103,9,9
66904,140,137,3,3
66905,117,104,13,13
66906,112,89,23,23
66907,49,70,-21,21
66908,156,138,18,18
66909,89,81,8,8
66910,74,77,-3,3
66911,67,77,-10,10
66912,70,86,-16,16
66913,93,97,-4,4
66914,93,96,-3,3
66915,101,106,-5,5
66916,76,86,-10,10
66917,67,68,-1,1
66918,106,100,6,6
66919,72,76,-4,4
66920,65,63,2,2
66921,87,91,-4,4
66922,89,93,-4,4
66923,257,248,9,9
66924,175,174,1,1
66925,69,60,9,9
66926,76,66,10,10
66927,65,67,-2,2
66928,153,126,27,27
66929,68,68,0,0
66930,116,102,14,14
66931,114,129,-15,15
66932,76,84,-8,8
66933,65,65,0,0
66934,104,98,6,6
66935,148,146,2,2
66936,43,49,-6,6
66937,90,101,-11,11
66938,99,95,4,4
66939,128,126,2,2
66940,110,115,-5,5
66941,42,52,-10,10
66942,120,109,11,11
66943,135,102,33,33
66944,134,126,8,8
66945,116,113,3,3
66946,138,130,8,8
66947,125,122,3,3
66948,43,46,-3,3
66949,89,80,9,9
66950,126,118,8,8
66951,90,80,10,10
66952,77,79,-2,2
66953,91,94,-3,3
66954,120,103,17,17
66955,63,59,4,4
66956,88,75,13,13
66957,50,51,-1,1
66958,110,122,-12,12
66959,71,76,-5,5
66960,81,77,4,4
66961,120,120,0,0
66962,94,90,4,4
66963,51,46,5,5
66964,84,88,-4,4
66965,96,97,-1,1
66966,179,165,14,14
66967,57,52,5,5
66968,114,123,-9,9
66969,111,118,-7,7
66970,111,102,9,9
66971,101,87,14,14
66972,53,51,2,2
66973,97,105,-8,8
66974,98,93,5,5
66975,50,66,-16,16
66976,82,77,5,5
66977,108,101,7,7
66978,59,64,-5,5
66979,69,79,-10,10
66980,68,71,-3,3
66981,69,75,-6,6
66982,73,71,2,2
66983,28,40,-12,12
66984,75,72,3,3
66985,68,58,10,10
66986,110,130,-20,20
66987,99,117,-18,18
66988,72,79,-7,7
66989,74,72,2,2
66990,70,77,-7,7
66991,109,111,-2,2
66992,191,164,27,27
66993,54,62,-8,8
66994,119,110,9,9
66995,76,74,2,2
66996,174,162,12,12
66997,87,91,-4,4
66998,88,95,-7,7
66999,53,53,0,0
67000,75,80,-5,5
67001,68,69,-1,1
67002,118,120,-2,2
67003,114,105,9,9
67004,101,99,2,2
67005,102,101,1,1
67006,82,92,-10,10
67007,100,96,4,4
67008,134,132,2,2
67009,140,140,0,0
67010,109,113,-4,4
67011,124,119,5,5
67012,157,143,14,14
67013,67,64,3,3
67014,117,118,-1,1
67015,64,64,0,0
67016,89,105,-16,16
67017,52,56,-4,4
67018,126,115,11,11
67019,99,98,1,1
67020,82,87,-5,5
67021,96,79,17,17
67022,85,90,-5,5
67023,68,88,-20,20
67024,132,126,6,6
67025,148,135,13,13
67026,56,56,0,0
67027,173,176,-3,3
67028,115,117,-2,2
67029,99,102,-3,3
67030,115,124,-9,9
67031,71,72,-1,1
67032,141,126,15,15
67033,111,103,8,8
67034,53,53,0,0
67035,279,198,81,81
67036,101,88,13,13
67037,93,83,10,10
67038,71,63,8,8
67039,163,162,1,1
67040,52,49,3,3
67041,109,112,-3,3
67042,80,87,-7,7
67043,72,114,-42,42
67044,72,65,7,7
67045,87,89,-2,2
67046,82,88,-6,6
67047,74,73,1,1
67048,156,139,17,17
67049,133,117,16,16
67050,123,117,6,6
67051,63,63,0,0
67052,70,77,-7,7
67053,40,44,-4,4
67054,76,81,-5,5
67055,201,189,12,12
67056,76,79,-3,3
67057,109,113,-4,4
67058,116,122,-6,6
67059,45,47,-2,2
67060,59,60,-1,1
67061,104,88,16,16
67062,122,170,-48,48
67063,108,104,4,4
67064,59,60,-1,1
67065,111,116,-5,5
67066,47,62,-15,15
67067,123,134,-11,11
67068,127,127,0,0
67069,98,90,8,8
67070,90,95,-5,5
67071,70,78,-8,8
67072,102,98,4,4
67073,101,102,-1,1
67074,72,90,-18,18
67075,86,107,-21,21
67076,77,80,-3,3
67077,175,162,13,13
67078,85,84,1,1
67079,109,97,12,12
67080,143,121,22,22
67081,79,90,-11,11
67082,81,89,-8,8
67083,110,102,8,8
67084,68,71,-3,3
67085,107,106,1,1
67086,115,117,-2,2
67087,120,111,9,9
67088,67,66,1,1
67089,95,92,3,3
67090,116,118,-2,2
67091,83,79,4,4
67092,97,83,14,14
67093,85,87,-2,2
67094,91,100,-9,9
67095,147,129,18,18
67096,60,66,-6,6
67097,104,93,11,11
67098,99,90,9,9
67099,142,142,0,0
67100,65,64,1,1
67101,58,72,-14,14
67102,81,93,-12,12
67103,85,83,2,2
67104,158,137,21,21
67105,57,65,-8,8
67106,32,36,-4,4
67107,161,139,22,22
67108,139,119,20,20
67109,123,120,3,3
67110,141,126,15,15
67111,127,123,4,4
67112,65,75,-10,10
67113,177,153,24,24
67114,131,126,5,5
67115,140,131,9,9
67116,51,59,-8,8
67117,85,92,-7,7
67118,75,90,-15,15
67119,103,97,6,6
67120,155,130,25,25
67121,85,86,-1,1
67122,72,74,-2,2
67123,80,67,13,13
67124,62,63,-1,1
67125,58,66,-8,8
67126,53,49,4,4
67127,76,89,-13,13
67128,117,118,-1,1
67129,75,68,7,7
67130,138,118,20,20
67131,82,74,8,8
67132,79,75,4,4
67133,83,98,-15,15
67134,79,74,5,5
67135,141,120,21,21
67136,76,68,8,8
67137,165,130,35,35
67138,150,154,-4,4
67139,65,73,-8,8
67140,37,48,-11,11
67141,55,56,-1,1
67142,227,213,14,14
67143,82,90,-8,8
67144,70,70,0,0
67145,57,54,3,3
67146,73,64,9,9
67147,78,71,7,7
67148,58,56,2,2
67149,87,79,8,8
67150,48,60,-12,12
67151,127,122,5,5
67152,65,59,6,6
67153,111,95,16,16
67154,74,76,-2,2
67155,103,97,6,6
67156,91,98,-7,7
67157,188,196,-8,8
67158,98,104,-6,6
67159,86,83,3,3
67160,68,63,5,5
67161,99,98,1,1
67162,68,82,-14,14
67163,87,93,-6,6
67164,110,113,-3,3
67165,53,67,-14,14
67166,75,77,-2,2
67167,113,111,2,2
67168,103,142,-39,39
67169,48,58,-10,10
67170,180,168,12,12
67171,67,83,-16,16
67172,69,71,-2,2
67173,114,108,6,6
67174,82,71,11,11
67175,152,148,4,4
67176,108,106,2,2
67177,126,117,9,9
67178,126,142,-16,16
67179,68,93,-25,25
67180,111,102,9,9
67181,127,115,12,12
67182,106,97,9,9
67183,93,98,-5,5
67184,134,119,15,15
67185,65,71,-6,6
67186,129,108,21,21
67187,84,82,2,2
67188,64,73,-9,9
67189,147,150,-3,3
67190,123,129,-6,6
67191,102,102,0,0
67192,66,59,7,7
67193,56,63,-7,7
67194,99,106,-7,7
67195,92,80,12,12
67196,96,89,7,7
67197,125,138,-13,13
67198,85,73,12,12
67199,100,102,-2,2
67200,77,91,-14,14
67201,69,68,1,1
67202,95,102,-7,7
67203,87,91,-4,4
67204,112,105,7,7
67205,124,126,-2,2
67206,99,91,8,8
67207,65,55,10,10
67208,119,103,16,16
67209,66,70,-4,4
67210,89,81,8,8
67211,139,129,10,10
67212,111,99,12,12
67213,81,84,-3,3
67214,100,110,-10,10
67215,82,81,1,1
67216,145,161,-16,16
67217,91,88,3,3
67218,187,174,13,13
67219,84,77,7,7
67220,45,43,2,2
67221,116,123,-7,7
67222,69,68,1,1
67223,80,85,-5,5
67224,44,58,-14,14
67225,93,93,0,0
67226,58,54,4,4
67227,74,76,-2,2
67228,74,75,-1,1
67229,99,106,-7,7
67230,93,102,-9,9
67231,67,50,17,17
67232,108,101,7,7
67233,108,124,-16,16
67234,116,94,22,22
67235,127,113,14,14
67236,98,100,-2,2
67237,115,119,-4,4
67238,131,134,-3,3
67239,185,201,-16,16
67240,120,97,23,23
67241,75,77,-2,2
67242,165,134,31,31
67243,44,63,-19,19
67244,82,86,-4,4
67245,66,70,-4,4
67246,72,79,-7,7
67247,137,127,10,10
67248,66,63,3,3
67249,79,88,-9,9
67250,48,59,-11,11
67251,76,76,0,0
67252,87,88,-1,1
67253,90,88,2,2
67254,67,71,-4,4
67255,139,125,14,14
67256,52,53,-1,1
67257,97,96,1,1
67258,135,127,8,8
67259,60,78,-18,18
67260,65,63,2,2
67261,61,61,0,0
67262,175,157,18,18
67263,146,149,-3,3
67264,64,74,-10,10
67265,122,125,-3,3
67266,66,66,0,0
67267,62,73,-11,11
67268,97,107,-10,10
67269,117,111,6,6
67270,72,82,-10,10
67271,66,81,-15,15
67272,147,157,-10,10
67273,139,119,20,20
67274,143,156,-13,13
67275,106,97,9,9
67276,81,102,-21,21
67277,85,67,18,18
67278,112,108,4,4
67279,74,80,-6,6
67280,157,154,3,3
67281,76,72,4,4
67282,69,66,3,3
67283,133,121,12,12
67284,79,92,-13,13
67285,58,69,-11,11
67286,111,118,-7,7
67287,195,171,24,24
67288,129,113,16,16
67289,58,87,-29,29
67290,101,106,-5,5
67291,186,180,6,6
67292,76,69,7,7
67293,72,66,6,6
67294,100,109,-9,9
67295,60,58,2,2
67296,59,59,0,0
67297,118,114,4,4
67298,195,176,19,19
67299,92,87,5,5
67300,245,217,28,28
67301,102,116,-14,14
67302,84,89,-5,5
67303,95,89,6,6
67304,126,122,4,4
67305,101,96,5,5
67306,192,173,19,19
67307,118,118,0,0
67308,72,73,-1,1
67309,66,78,-12,12
67310,72,67,5,5
67311,75,63,12,12
67312,47,51,-4,4
67313,53,55,-2,2
67314,75,79,-4,4
67315,77,84,-7,7
67316,133,124,9,9
67317,66,60,6,6
67318,122,128,-6,6
67319,151,149,2,2
67320,95,114,-19,19
67321,70,72,-2,2
67322,66,71,-5,5
67323,101,98,3,3
67324,92,90,2,2
67325,94,94,0,0
67326,80,70,10,10
67327,86,87,-1,1
67328,99,93,6,6
67329,167,145,22,22
67330,104,97,7,7
67331,92,91,1,1
67332,82,99,-17,17
67333,93,92,1,1
67334,57,46,11,11
67335,80,70,10,10
67336,154,131,23,23
67337,92,92,0,0
67338,121,114,7,7
67339,90,102,-12,12
67340,94,90,4,4
67341,100,109,-9,9
67342,55,57,-2,2
67343,179,172,7,7
67344,157,131,26,26
67345,58,69,-11,11
67346,94,99,-5,5
67347,85,76,9,9
67348,55,63,-8,8
67349,72,65,7,7
67350,114,115,-1,1
67351,99,93,6,6
67352,75,72,3,3
67353,45,33,12,12
67354,58,52,6,6
67355,110,102,8,8
67356,69,83,-14,14
67357,68,66,2,2
67358,102,89,13,13
67359,77,83,-6,6
67360,85,87,-2,2
67361,112,126,-14,14
67362,40,46,-6,6
67363,73,72,1,1
67364,76,75,1,1
67365,65,64,1,1
67366,72,99,-27,27
67367,89,116,-27,27
67368,110,117,-7,7
67369,91,84,7,7
67370,59,89,-30,30
67371,90,88,2,2
67372,84,92,-8,8
67373,130,124,6,6
67374,63,56,7,7
67375,63,60,3,3
67376,87,86,1,1
67377,106,114,-8,8
67378,145,137,8,8
67379,128,118,10,10
67380,81,82,-1,1
67381,111,104,7,7
67382,76,88,-12,12
67383,53,65,-12,12
67384,82,84,-2,2
67385,100,101,-1,1
67386,74,71,3,3
67387,105,111,-6,6
67388,58,63,-5,5
67389,102,108,-6,6
67390,113,103,10,10
67391,99,107,-8,8
67392,113,112,1,1
67393,55,65,-10,10
67394,98,91,7,7
67395,108,105,3,3
67396,54,61,-7,7
67397,99,97,2,2
67398,78,75,3,3
67399,68,101,-33,33
67400,45,42,3,3
67401,71,88,-17,17
67402,216,190,26,26
67403,103,100,3,3
67404,77,67,10,10
67405,64,66,-2,2
67406,108,116,-8,8
67407,106,87,19,19
67408,124,105,19,19
67409,71,73,-2,2
67410,91,77,14,14
67411,80,87,-7,7
67412,122,127,-5,5
67413,105,109,-4,4
67414,80,77,3,3
67415,142,116,26,26
67416,64,93,-29,29
67417,95,82,13,13
67418,112,119,-7,7
67419,83,86,-3,3
67420,147,146,1,1
67421,47,51,-4,4
67422,80,77,3,3
67423,104,114,-10,10
67424,71,80,-9,9
67425,67,54,13,13
67426,69,73,-4,4
67427,82,80,2,2
67428,85,67,18,18
67429,144,138,6,6
67430,81,88,-7,7
67431,141,142,-1,1
67432,86,78,8,8
67433,176,154,22,22
67434,74,79,-5,5
67435,91,92,-1,1
67436,102,82,20,20
67437,74,78,-4,4
67438,97,87,10,10
67439,60,64,-4,4
67440,97,99,-2,2
67441,119,115,4,4
67442,97,109,-12,12
67443,70,65,5,5
67444,102,85,17,17
67445,61,68,-7,7
67446,86,87,-1,1
67447,45,45,0,0
67448,51,50,1,1
67449,130,131,-1,1
67450,74,74,0,0
67451,78,84,-6,6
67452,163,151,12,12
67453,52,67,-15,15
67454,99,102,-3,3
67455,84,82,2,2
67456,109,109,0,0
67457,84,95,-11,11
67458,88,104,-16,16
67459,117,104,13,13
67460,186,172,14,14
67461,55,52,3,3
67462,65,84,-19,19
67463,119,170,-51,51
67464,71,78,-7,7
67465,87,92,-5,5
67466,51,54,-3,3
67467,46,44,2,2
67468,61,67,-6,6
67469,103,93,10,10
67470,84,76,8,8
67471,56,60,-4,4
67472,73,82,-9,9
67473,84,80,4,4
67474,127,113,14,14
67475,178,157,21,21
67476,71,82,-11,11
67477,107,105,2,2
67478,111,103,8,8
67479,69,87,-18,18
67480,94,104,-10,10
67481,45,47,-2,2
67482,94,95,-1,1
67483,120,119,1,1
67484,63,66,-3,3
67485,78,77,1,1
67486,40,41,-1,1
67487,114,117,-3,3
67488,112,107,5,5
67489,152,119,33,33
67490,184,146,38,38
67491,84,84,0,0
67492,122,117,5,5
67493,108,93,15,15
67494,64,62,2,2
67495,114,113,1,1
67496,143,128,15,15
67497,97,91,6,6
67498,99,108,-9,9
67499,145,152,-7,7
67500,63,81,-18,18
67501,111,104,7,7
67502,68,67,1,1
67503,108,123,-15,15
67504,94,68,26,26
67505,77,74,3,3
67506,49,57,-8,8
67507,82,78,4,4
67508,66,64,2,2
67509,74,74,0,0
67510,142,155,-13,13
67511,82,89,-7,7
67512,87,84,3,3
67513,78,86,-8,8
67514,58,58,0,0
67515,108,119,-11,11
67516,50,84,-34,34
67517,170,168,2,2
67518,74,75,-1,1
67519,102,94,8,8
67520,95,90,5,5
67521,90,81,9,9
67522,118,115,3,3
67523,70,69,1,1
67524,111,104,7,7
67525,96,104,-8,8
67526,81,87,-6,6
67527,110,104,6,6
67528,94,94,0,0
67529,99,110,-11,11
67530,107,106,1,1
67531,129,133,-4,4
67532,135,119,16,16
67533,123,124,-1,1
67534,67,73,-6,6
67535,79,84,-5,5
67536,91,94,-3,3
67537,72,64,8,8
67538,150,156,-6,6
67539,117,117,0,0
67540,60,62,-2,2
67541,102,100,2,2
67542,32,62,-30,30
67543,65,76,-11,11
67544,163,172,-9,9
67545,99,103,-4,4
67546,76,83,-7,7
67547,146,121,25,25
67548,137,131,6,6
67549,131,132,-1,1
67550,152,143,9,9
67551,93,104,-11,11
67552,78,84,-6,6
67553,83,82,1,1
67554,109,109,0,0
67555,134,124,10,10
67556,56,78,-22,22
67557,82,75,7,7
67558,50,45,5,5
67559,104,104,0,0
67560,78,91,-13,13
67561,60,49,11,11
67562,137,133,4,4
67563,64,68,-4,4
67564,144,145,-1,1
67565,49,51,-2,2
67566,104,105,-1,1
67567,66,65,1,1
67568,71,72,-1,1
67569,128,122,6,6
67570,84,97,-13,13
67571,141,142,-1,1
67572,97,96,1,1
67573,52,68,-16,16
67574,74,79,-5,5
67575,98,128,-30,30
67576,71,63,8,8
67577,56,57,-1,1
67578,71,84,-13,13
67579,123,112,11,11
67580,146,115,31,31
67581,77,67,10,10
67582,68,71,-3,3
67583,110,93,17,17
67584,85,88,-3,3
67585,162,153,9,9
67586,105,96,9,9
67587,68,79,-11,11
67588,100,92,8,8
67589,103,94,9,9
67590,121,128,-7,7
67591,96,85,11,11
67592,199,173,26,26
67593,83,77,6,6
67594,91,94,-3,3
67595,61,71,-10,10
67596,103,114,-11,11
67597,95,89,6,6
67598,68,87,-19,19
67599,94,84,10,10
67600,54,62,-8,8
67601,160,143,17,17
67602,123,102,21,21
67603,154,139,15,15
67604,48,58,-10,10
67605,66,82,-16,16
67606,81,82,-1,1
67607,56,80,-24,24
67608,160,132,28,28
67609,121,168,-47,47
67610,103,91,12,12
67611,126,124,2,2
67612,82,76,6,6
67613,63,71,-8,8
67614,88,87,1,1
67615,111,107,4,4
67616,139,122,17,17
67617,103,111,-8,8
67618,74,80,-6,6
67619,133,137,-4,4
67620,49,73,-24,24
67621,93,93,0,0
67622,86,79,7,7
67623,77,70,7,7
67624,56,67,-11,11
67625,66,62,4,4
67626,132,128,4,4
67627,149,117,32,32
67628,39,56,-17,17
67629,117,107,10,10
67630,98,92,6,6
67631,59,59,0,0
67632,146,131,15,15
67633,106,104,2,2
67634,63,65,-2,2
67635,90,94,-4,4
67636,73,74,-1,1
67637,80,86,-6,6
67638,89,87,2,2
67639,88,87,1,1
67640,51,62,-11,11
67641,85,92,-7,7
67642,106,125,-19,19
67643,136,121,15,15
67644,46,44,2,2
67645,107,117,-10,10
67646,154,154,0,0
67647,109,119,-10,10
67648,79,79,0,0
67649,94,77,17,17
67650,64,68,-4,4
67651,63,77,-14,14
67652,62,58,4,4
67653,58,57,1,1
67654,48,50,-2,2
67655,67,79,-12,12
67656,74,76,-2,2
67657,94,83,11,11
67658,75,72,3,3
67659,158,136,22,22
67660,134,128,6,6
67661,189,156,33,33
67662,62,77,-15,15
67663,73,69,4,4
67664,89,96,-7,7
67665,42,34,8,8
67666,129,125,4,4
67667,65,65,0,0
67668,49,66,-17,17
67669,163,143,20,20
67670,93,87,6,6
67671,185,170,15,15
67672,91,85,6,6
67673,43,45,-2,2
67674,163,157,6,6
67675,65,79,-14,14
67676,49,33,16,16
67677,62,72,-10,10
67678,123,122,1,1
67679,78,80,-2,2
67680,144,121,23,23
67681,75,108,-33,33
67682,83,84,-1,1
67683,122,153,-31,31
67684,92,83,9,9
67685,101,104,-3,3
67686,75,89,-14,14
67687,130,114,16,16
67688,160,163,-3,3
67689,58,75,-17,17
67690,154,142,12,12
67691,101,84,17,17
67692,54,59,-5,5
67693,177,179,-2,2
67694,198,176,22,22
67695,98,111,-13,13
67696,87,98,-11,11
67697,116,128,-12,12
67698,63,67,-4,4
67699,95,94,1,1
67700,57,55,2,2
67701,64,61,3,3
67702,69,60,9,9
67703,79,76,3,3
67704,89,105,-16,16
67705,53,62,-9,9
67706,94,100,-6,6
67707,85,89,-4,4
67708,85,86,-1,1
67709,80,97,-17,17
67710,80,93,-13,13
67711,95,92,3,3
67712,95,95,0,0
67713,72,74,-2,2
67714,59,57,2,2
67715,122,94,28,28
67716,76,82,-6,6
67717,103,97,6,6
67718,80,76,4,4
67719,84,89,-5,5
67720,108,107,1,1
67721,94,87,7,7
67722,128,124,4,4
67723,121,119,2,2
67724,156,147,9,9
67725,120,115,5,5
67726,97,90,7,7
67727,87,103,-16,16
67728,116,106,10,10
67729,48,54,-6,6
67730,139,142,-3,3
67731,93,90,3,3
67732,184,186,-2,2
67733,62,57,5,5
67734,116,132,-16,16
67735,114,111,3,3
67736,104,101,3,3
67737,94,123,-29,29
67738,169,141,28,28
67739,89,95,-6,6
67740,91,101,-10,10
67741,97,104,-7,7
67742,111,111,0,0
67743,69,65,4,4
67744,120,105,15,15
67745,105,106,-1,1
67746,99,105,-6,6
67747,37,64,-27,27
67748,105,102,3,3
67749,69,71,-2,2
67750,67,69,-2,2
67751,31,29,2,2
67752,60,61,-1,1
67753,90,100,-10,10
67754,74,71,3,3
67755,123,112,11,11
67756,97,100,-3,3
67757,55,47,8,8
67758,127,119,8,8
67759,122,115,7,7
67760,103,102,1,1
67761,141,140,1,1
67762,67,64,3,3
67763,113,118,-5,5
67764,135,133,2,2
67765,203,179,24,24
67766,88,85,3,3
67767,94,102,-8,8
67768,103,103,0,0
67769,86,80,6,6
67770,143,152,-9,9
67771,52,47,5,5
67772,75,90,-15,15
67773,114,121,-7,7
67774,92,94,-2,2
67775,113,116,-3,3
67776,123,129,-6,6
67777,68,84,-16,16
67778,86,97,-11,11
67779,27,52,-25,25
67780,126,123,3,3
67781,89,78,11,11
67782,113,121,-8,8
67783,106,91,15,15
67784,90,81,9,9
67785,82,73,9,9
67786,88,107,-19,19
67787,97,98,-1,1
67788,141,125,16,16
67789,123,103,20,20
67790,188,191,-3,3
67791,108,117,-9,9
67792,73,71,2,2
67793,104,110,-6,6
67794,87,97,-10,10
67795,78,74,4,4
67796,75,72,3,3
67797,153,134,19,19
67798,74,64,10,10
67799,129,120,9,9
67800,117,117,0,0
67801,82,90,-8,8
67802,103,95,8,8
67803,93,86,7,7
67804,89,88,1,1
67805,44,34,10,10
67806,76,80,-4,4
67807,79,98,-19,19
67808,87,81,6,6
67809,38,52,-14,14
67810,120,108,12,12
67811,88,96,-8,8
67812,155,123,32,32
67813,120,119,1,1
67814,89,78,11,11
67815,100,97,3,3
67816,66,59,7,7
67817,85,85,0,0
67818,90,90,0,0
67819,126,108,18,18
67820,153,139,14,14
67821,83,76,7,7
67822,113,99,14,14
67823,88,91,-3,3
67824,152,159,-7,7
67825,104,97,7,7
67826,75,75,0,0
67827,48,46,2,2
67828,127,128,-1,1
67829,79,81,-2,2
67830,117,115,2,2
67831,63,69,-6,6
67832,113,115,-2,2
67833,143,147,-4,4
67834,110,111,-1,1
67835,75,79,-4,4
67836,48,48,0,0
67837,64,107,-43,43
67838,99,100,-1,1
67839,91,91,0,0
67840,111,105,6,6
67841,89,79,10,10
67842,141,145,-4,4
67843,101,85,16,16
67844,74,75,-1,1
67845,124,103,21,21
67846,115,124,-9,9
67847,94,108,-14,14
67848,110,102,8,8
67849,70,67,3,3
67850,89,87,2,2
67851,53,66,-13,13
67852,85,89,-4,4
67853,166,152,14,14
67854,77,67,10,10
67855,76,67,9,9
67856,137,136,1,1
67857,79,81,-2,2
67858,144,117,27,27
67859,57,45,12,12
67860,102,109,-7,7
67861,77,79,-2,2
67862,105,123,-18,18
67863,99,100,-1,1
67864,40,42,-2,2
67865,96,101,-5,5
67866,99,95,4,4
67867,69,59,10,10
67868,111,103,8,8
67869,119,130,-11,11
67870,152,134,18,18
67871,138,131,7,7
67872,146,145,1,1
67873,79,103,-24,24
67874,113,110,3,3
67875,65,82,-17,17
67876,135,117,18,18
67877,58,53,5,5
67878,68,74,-6,6
67879,103,96,7,7
67880,110,114,-4,4
67881,57,51,6,6
67882,191,165,26,26
67883,87,79,8,8
67884,130,121,9,9
67885,94,90,4,4
67886,101,116,-15,15
67887,52,44,8,8
67888,134,127,7,7
67889,75,70,5,5
67890,91,103,-12,12
67891,109,112,-3,3
67892,96,92,4,4
67893,55,66,-11,11
67894,114,110,4,4
67895,159,156,3,3
67896,74,70,4,4
67897,89,98,-9,9
67898,45,53,-8,8
67899,50,64,-14,14
67900,78,65,13,13
67901,136,139,-3,3
67902,81,74,7,7
67903,104,99,5,5
67904,42,50,-8,8
67905,45,45,0,0
67906,91,87,4,4
67907,81,85,-4,4
67908,73,80,-7,7
67909,163,159,4,4
67910,62,61,1,1
67911,62,78,-16,16
67912,117,101,16,16
67913,91,101,-10,10
67914,81,90,-9,9
67915,183,143,40,40
67916,115,122,-7,7
67917,45,64,-19,19
67918,67,65,2,2
67919,73,70,3,3
67920,115,113,2,2
67921,143,135,8,8
67922,122,116,6,6
67923,158,125,33,33
67924,132,128,4,4
67925,56,65,-9,9
67926,138,141,-3,3
67927,128,135,-7,7
67928,170,132,38,38
67929,101,108,-7,7
67930,147,146,1,1
67931,116,107,9,9
67932,97,107,-10,10
67933,116,121,-5,5
67934,73,68,5,5
67935,58,49,9,9
67936,99,92,7,7
67937,148,146,2,2
67938,56,56,0,0
67939,144,150,-6,6
67940,73,72,1,1
67941,124,136,-12,12
67942,58,80,-22,22
67943,72,68,4,4
67944,57,73,-16,16
67945,77,64,13,13
67946,93,101,-8,8
67947,136,115,21,21
67948,56,67,-11,11
67949,106,89,17,17
67950,68,66,2,2
67951,107,111,-4,4
67952,137,124,13,13
67953,51,43,8,8
67954,161,154,7,7
67955,75,68,7,7
67956,207,189,18,18
67957,134,135,-1,1
67958,139,134,5,5
67959,85,81,4,4
67960,64,71,-7,7
67961,57,65,-8,8
67962,87,92,-5,5
67963,143,126,17,17
67964,89,109,-20,20
67965,78,89,-11,11
67966,73,83,-10,10
67967,188,191,-3,3
67968,115,94,21,21
67969,119,89,30,30
67970,74,80,-6,6
67971,96,91,5,5
67972,64,63,1,1
67973,117,124,-7,7
67974,127,126,1,1
67975,70,81,-11,11
67976,97,108,-11,11
67977,163,152,11,11
67978,143,128,15,15
67979,69,82,-13,13
67980,98,98,0,0
67981,87,86,1,1
67982,100,108,-8,8
67983,111,127,-16,16
67984,129,140,-11,11
67985,94,77,17,17
67986,124,122,2,2
67987,70,80,-10,10
67988,64,67,-3,3
67989,131,123,8,8
67990,81,94,-13,13
67991,121,109,12,12
67992,139,130,9,9
67993,49,36,13,13
67994,54,62,-8,8
67995,109,112,-3,3
67996,71,86,-15,15
67997,124,119,5,5
67998,110,92,18,18
67999,103,115,-12,12
68000,104,106,-2,2
68001,95,117,-22,22
68002,85,65,20,20
68003,83,72,11,11
68004,111,117,-6,6
68005,68,64,4,4
68006,76,80,-4,4
68007,47,51,-4,4
68008,143,134,9,9
68009,64,70,-6,6
68010,102,105,-3,3
68011,77,82,-5,5
68012,52,57,-5,5
68013,52,53,-1,1
68014,75,83,-8,8
68015,83,75,8,8
68016,70,62,8,8
68017,44,45,-1,1
68018,41,44,-3,3
68019,77,79,-2,2
68020,53,53,0,0
68021,132,135,-3,3
68022,112,109,3,3
68023,81,79,2,2
68024,85,78,7,7
68025,90,93,-3,3
68026,51,61,-10,10
68027,55,57,-2,2
68028,45,69,-24,24
68029,52,62,-10,10
68030,98,98,0,0
68031,72,88,-16,16
68032,239,184,55,55
68033,123,109,14,14
68034,164,147,17,17
68035,75,87,-12,12
68036,145,148,-3,3
68037,63,75,-12,12
68038,63,93,-30,30
68039,100,96,4,4
68040,110,120,-10,10
68041,76,94,-18,18
68042,94,101,-7,7
68043,109,91,18,18
68044,59,66,-7,7
68045,140,147,-7,7
68046,83,82,1,1
68047,136,131,5,5
68048,50,53,-3,3
68049,85,77,8,8
68050,113,94,19,19
68051,49,67,-18,18
68052,98,86,12,12
68053,80,60,20,20
68054,95,95,0,0
68055,129,132,-3,3
68056,89,86,3,3
68057,115,126,-11,11
68058,73,76,-3,3
68059,75,86,-11,11
68060,168,154,14,14
68061,52,57,-5,5
68062,76,74,2,2
68063,104,105,-1,1
68064,124,112,12,12
68065,113,127,-14,14
68066,80,86,-6,6
68067,79,109,-30,30
68068,89,88,1,1
68069,90,76,14,14
68070,46,51,-5,5
68071,80,76,4,4
68072,108,122,-14,14
68073,46,45,1,1
68074,106,94,12,12
68075,139,129,10,10
68076,99,108,-9,9
68077,50,46,4,4
68078,65,58,7,7
68079,69,75,-6,6
68080,125,110,15,15
68081,97,96,1,1
68082,84,91,-7,7
68083,114,112,2,2
68084,39,48,-9,9
68085,106,104,2,2
68086,88,98,-10,10
68087,80,88,-8,8
68088,178,165,13,13
68089,104,106,-2,2
68090,76,69,7,7
68091,108,93,15,15
68092,82,83,-1,1
68093,44,48,-4,4
68094,67,67,0,0
68095,69,85,-16,16
68096,69,63,6,6
68097,112,104,8,8
68098,151,134,17,17
68099,47,47,0,0
68100,70,81,-11,11
68101,86,89,-3,3
68102,95,109,-14,14
68103,68,73,-5,5
68104,44,29,15,15
68105,70,81,-11,11
68106,132,113,19,19
68107,66,71,-5,5
68108,104,99,5,5
68109,155,166,-11,11
68110,136,137,-1,1
68111,74,76,-2,2
68112,109,104,5,5
68113,88,89,-1,1
68114,156,157,-1,1
68115,153,145,8,8
68116,83,69,14,14
68117,88,79,9,9
68118,167,169,-2,2
68119,44,48,-4,4
68120,124,108,16,16
68121,71,67,4,4
68122,131,126,5,5
68123,94,105,-11,11
68124,64,80,-16,16
68125,81,89,-8,8
68126,69,64,5,5
68127,52,57,-5,5
68128,84,81,3,3
68129,59,69,-10,10
68130,117,117,0,0
68131,115,106,9,9
68132,86,85,1,1
68133,111,96,15,15
68134,69,83,-14,14
68135,119,106,13,13
68136,73,68,5,5
68137,81,86,-5,5
68138,79,93,-14,14
68139,89,104,-15,15
68140,51,45,6,6
68141,63,62,1,1
68142,87,84,3,3
68143,116,104,12,12
68144,115,108,7,7
68145,111,119,-8,8
68146,38,31,7,7
68147,130,127,3,3
68148,100,93,7,7
68149,60,46,14,14
68150,91,76,15,15
68151,67,64,3,3
68152,73,61,12,12
68153,152,147,5,5
68154,199,181,18,18
68155,156,155,1,1
68156,61,65,-4,4
68157,109,96,13,13
68158,69,76,-7,7
68159,87,92,-5,5
68160,65,73,-8,8
68161,83,79,4,4
68162,94,87,7,7
68163,104,92,12,12
68164,72,89,-17,17
68165,74,86,-12,12
68166,93,81,12,12
68167,88,87,1,1
68168,88,69,19,19
68169,75,85,-10,10
68170,102,101,1,1
68171,72,73,-1,1
68172,95,90,5,5
68173,98,98,0,0
68174,86,91,-5,5
68175,91,106,-15,15
68176,67,65,2,2
68177,73,73,0,0
68178,129,137,-8,8
68179,64,60,4,4
68180,94,97,-3,3
68181,123,125,-2,2
68182,89,97,-8,8
68183,45,57,-12,12
68184,95,93,2,2
68185,77,72,5,5
68186,61,69,-8,8
68187,151,152,-1,1
68188,53,52,1,1
68189,109,104,5,5
68190,84,94,-10,10
68191,86,88,-2,2
68192,105,97,8,8
68193,107,119,-12,12
68194,97,106,-9,9
68195,41,52,-11,11
68196,69,66,3,3
68197,111,84,27,27
68198,40,43,-3,3
68199,140,136,4,4
68200,65,84,-19,19
68201,149,135,14,14
68202,46,48,-2,2
68203,103,93,10,10
68204,80,76,4,4
68205,41,47,-6,6
68206,97,151,-54,54
68207,65,71,-6,6
68208,124,169,-45,45
68209,65,73,-8,8
68210,85,85,0,0
68211,151,136,15,15
68212,75,77,-2,2
68213,92,90,2,2
68214,96,102,-6,6
68215,120,134,-14,14
68216,71,69,2,2
68217,77,76,1,1
68218,84,92,-8,8
68219,100,107,-7,7
68220,105,115,-10,10
68221,123,106,17,17
68222,53,50,3,3
68223,178,151,27,27
68224,99,96,3,3
68225,64,63,1,1
68226,78,78,0,0
68227,108,106,2,2
68228,77,74,3,3
68229,157,163,-6,6
68230,72,87,-15,15
68231,68,72,-4,4
68232,87,75,12,12
68233,70,78,-8,8
68234,52,53,-1,1
68235,85,74,11,11
68236,100,109,-9,9
68237,71,51,20,20
68238,109,115,-6,6
68239,154,170,-16,16
68240,96,72,24,24
68241,78,88,-10,10
68242,82,90,-8,8
68243,114,115,-1,1
68244,103,96,7,7
68245,118,126,-8,8
68246,87,84,3,3
68247,121,130,-9,9
68248,94,103,-9,9
68249,62,61,1,1
68250,89,79,10,10
68251,105,104,1,1
68252,85,88,-3,3
68253,79,89,-10,10
68254,86,92,-6,6
68255,100,100,0,0
68256,104,104,0,0
68257,83,77,6,6
68258,90,83,7,7
68259,112,132,-20,20
68260,69,82,-13,13
68261,121,112,9,9
68262,84,94,-10,10
68263,87,78,9,9
68264,92,85,7,7
68265,147,151,-4,4
68266,86,90,-4,4
68267,89,77,12,12
68268,52,68,-16,16
68269,110,110,0,0
68270,145,132,13,13
68271,87,85,2,2
68272,107,69,38,38
68273,145,118,27,27
68274,55,55,0,0
68275,51,60,-9,9
68276,95,96,-1,1
68277,101,91,10,10
68278,72,72,0,0
68279,90,91,-1,1
68280,91,77,14,14
68281,94,89,5,5
68282,60,68,-8,8
68283,59,58,1,1
68284,96,85,11,11
68285,55,50,5,5
68286,101,93,8,8
68287,95,101,-6,6
68288,113,113,0,0
68289,77,72,5,5
68290,114,136,-22,22
68291,101,112,-11,11
68292,100,111,-11,11
68293,64,73,-9,9
68294,100,89,11,11
68295,158,122,36,36
68296,81,82,-1,1
68297,62,79,-17,17
68298,136,135,1,1
68299,156,143,13,13
68300,160,151,9,9
68301,128,129,-1,1
68302,49,56,-7,7
68303,135,120,15,15
68304,81,88,-7,7
68305,85,89,-4,4
68306,74,68,6,6
68307,141,132,9,9
68308,98,97,1,1
68309,140,127,13,13
68310,102,93,9,9
68311,91,110,-19,19
68312,68,65,3,3
68313,117,99,18,18
68314,57,58,-1,1
68315,70,65,5,5
68316,203,144,59,59
68317,96,102,-6,6
68318,128,128,0,0
68319,81,74,7,7
68320,81,92,-11,11
68321,66,65,1,1
68322,128,124,4,4
68323,150,144,6,6
68324,79,86,-7,7
68325,68,73,-5,5
68326,57,61,-4,4
68327,63,85,-22,22
68328,110,106,4,4
68329,84,83,1,1
68330,84,69,15,15
68331,59,59,0,0
68332,101,88,13,13
68333,73,84,-11,11
68334,82,78,4,4
68335,163,157,6,6
68336,113,102,11,11
68337,95,68,27,27
68338,73,73,0,0
68339,83,87,-4,4
68340,114,109,5,5
68341,136,132,4,4
68342,86,82,4,4
68343,81,79,2,2
68344,108,122,-14,14
68345,149,155,-6,6
68346,101,98,3,3
68347,78,81,-3,3
68348,126,115,11,11
68349,122,130,-8,8
68350,112,92,20,20
68351,67,64,3,3
68352,62,61,1,1
68353,112,118,-6,6
68354,171,151,20,20
68355,65,66,-1,1
68356,97,94,3,3
68357,43,52,-9,9
68358,71,50,21,21
68359,71,73,-2,2
68360,55,50,5,5
68361,72,91,-19,19
68362,85,75,10,10
68363,190,156,34,34
68364,97,90,7,7
68365,100,90,10,10
68366,75,87,-12,12
68367,130,125,5,5
68368,60,62,-2,2
68369,105,97,8,8
68370,85,86,-1,1
68371,89,99,-10,10
68372,93,95,-2,2
68373,39,72,-33,33
68374,74,65,9,9
68375,148,148,0,0
68376,136,122,14,14
68377,61,71,-10,10
68378,181,154,27,27
68379,99,84,15,15
68380,165,157,8,8
68381,97,97,0,0
68382,116,101,15,15
68383,105,106,-1,1
68384,50,55,-5,5
68385,71,92,-21,21
68386,115,110,5,5
68387,61,50,11,11
68388,101,100,1,1
68389,80,73,7,7
68390,100,100,0,0
68391,79,87,-8,8
68392,121,114,7,7
68393,85,89,-4,4
68394,87,94,-7,7
68395,61,73,-12,12
68396,125,129,-4,4
68397,85,93,-8,8
68398,87,80,7,7
68399,64,58,6,6
68400,66,77,-11,11
68401,85,81,4,4
68402,159,147,12,12
68403,132,132,0,0
68404,96,100,-4,4
68405,100,102,-2,2
68406,76,86,-10,10
68407,117,116,1,1
68408,101,121,-20,20
68409,86,86,0,0
68410,117,109,8,8
68411,96,96,0,0
68412,55,62,-7,7
68413,145,118,27,27
68414,68,70,-2,2
68415,71,64,7,7
68416,129,109,20,20
68417,121,130,-9,9
68418,92,83,9,9
68419,57,51,6,6
68420,50,54,-4,4
68421,56,64,-8,8
68422,52,57,-5,5
68423,61,64,-3,3
68424,164,173,-9,9
68425,119,107,12,12
68426,85,72,13,13
68427,83,84,-1,1
68428,149,137,12,12
68429,103,98,5,5
68430,61,41,20,20
68431,142,136,6,6
68432,80,93,-13,13
68433,49,54,-5,5
68434,109,105,4,4
68435,101,106,-5,5
68436,77,79,-2,2
68437,160,169,-9,9
68438,108,111,-3,3
68439,137,133,4,4
68440,125,123,2,2
68441,76,68,8,8
68442,145,133,12,12
68443,86,112,-26,26
68444,131,126,5,5
68445,99,96,3,3
68446,97,97,0,0
68447,67,60,7,7
68448,107,143,-36,36
68449,87,79,8,8
68450,104,107,-3,3
68451,77,72,5,5
68452,49,60,-11,11
68453,152,139,13,13
68454,138,136,2,2
68455,183,158,25,25
68456,53,55,-2,2
68457,100,101,-1,1
68458,71,75,-4,4
68459,73,93,-20,20
68460,108,106,2,2
68461,85,93,-8,8
68462,72,72,0,0
68463,92,94,-2,2
68464,127,118,9,9
68465,61,70,-9,9
68466,86,96,-10,10
68467,56,47,9,9
68468,104,104,0,0
68469,86,84,2,2
68470,142,146,-4,4
68471,78,83,-5,5
68472,96,86,10,10
68473,75,86,-11,11
68474,88,91,-3,3
68475,69,76,-7,7
68476,62,70,-8,8
68477,107,116,-9,9
68478,65,72,-7,7
68479,129,155,-26,26
68480,86,92,-6,6
68481,77,69,8,8
68482,115,103,12,12
68483,87,74,13,13
68484,32,38,-6,6
68485,80,81,-1,1
68486,107,104,3,3
68487,112,126,-14,14
68488,83,80,3,3
68489,89,89,0,0
68490,65,65,0,0
68491,63,74,-11,11
68492,56,58,-2,2
68493,99,88,11,11
68494,88,87,1,1
68495,130,153,-23,23
68496,59,74,-15,15
68497,157,141,16,16
68498,94,109,-15,15
68499,94,94,0,0
68500,61,60,1,1
68501,98,97,1,1
68502,98,96,2,2
68503,108,100,8,8
68504,122,112,10,10
68505,115,123,-8,8
68506,49,48,1,1
68507,79,87,-8,8
68508,96,111,-15,15
68509,81,91,-10,10
68510,54,51,3,3
68511,70,80,-10,10
68512,141,138,3,3
68513,113,223,-110,110
68514,110,129,-19,19
68515,75,77,-2,2
68516,85,99,-14,14
68517,85,74,11,11
68518,105,100,5,5
68519,62,72,-10,10
68520,39,52,-13,13
68521,83,92,-9,9
68522,103,102,1,1
68523,69,69,0,0
68524,103,98,5,5
68525,82,79,3,3
68526,98,99,-1,1
68527,134,113,21,21
68528,51,78,-27,27
68529,98,92,6,6
68530,58,59,-1,1
68531,66,72,-6,6
68532,66,78,-12,12
68533,139,139,0,0
68534,182,171,11,11
68535,118,144,-26,26
68536,69,61,8,8
68537,61,65,-4,4
68538,101,87,14,14
68539,126,102,24,24
68540,87,82,5,5
68541,53,55,-2,2
68542,83,70,13,13
68543,113,129,-16,16
68544,109,92,17,17
68545,60,58,2,2
68546,113,123,-10,10
68547,84,97,-13,13
68548,60,66,-6,6
68549,56,51,5,5
68550,52,46,6,6
68551,111,109,2,2
68552,74,84,-10,10
68553,57,58,-1,1
68554,72,72,0,0
68555,77,78,-1,1
68556,93,94,-1,1
68557,167,158,9,9
68558,64,59,5,5
68559,97,84,13,13
68560,106,106,0,0
68561,165,131,34,34
68562,86,108,-22,22
68563,146,112,34,34
68564,98,95,3,3
68565,88,81,7,7
68566,89,81,8,8
68567,99,92,7,7
68568,86,88,-2,2
68569,95,108,-13,13
68570,70,71,-1,1
68571,91,101,-10,10
68572,98,99,-1,1
68573,92,84,8,8
68574,103,103,0,0
68575,91,89,2,2
68576,58,69,-11,11
68577,61,69,-8,8
68578,53,53,0,0
68579,83,79,4,4
68580,56,60,-4,4
68581,84,96,-12,12
68582,73,74,-1,1
68583,73,76,-3,3
68584,81,94,-13,13
68585,69,70,-1,1
68586,71,70,1,1
68587,107,110,-3,3
68588,111,109,2,2
68589,107,96,11,11
68590,115,97,18,18
68591,75,93,-18,18
68592,129,114,15,15
68593,94,82,12,12
68594,52,62,-10,10
68595,146,149,-3,3
68596,99,103,-4,4
68597,93,100,-7,7
68598,57,57,0,0
68599,102,131,-29,29
68600,58,65,-7,7
68601,95,136,-41,41
68602,92,91,1,1
68603,99,99,0,0
68604,115,120,-5,5
68605,77,78,-1,1
68606,176,170,6,6
68607,97,101,-4,4
68608,153,129,24,24
68609,74,71,3,3
68610,182,153,29,29
68611,91,90,1,1
68612,67,83,-16,16
68613,85,93,-8,8
68614,109,103,6,6
68615,113,107,6,6
68616,111,104,7,7
68617,95,103,-8,8
68618,74,81,-7,7
68619,110,112,-2,2
68620,58,49,9,9
68621,135,117,18,18
68622,108,102,6,6
68623,112,117,-5,5
68624,49,53,-4,4
68625,114,112,2,2
68626,57,63,-6,6
68627,74,68,6,6
68628,99,93,6,6
68629,96,99,-3,3
68630,88,79,9,9
68631,79,81,-2,2
68632,82,69,13,13
68633,99,95,4,4
68634,116,103,13,13
68635,80,79,1,1
68636,120,114,6,6
68637,70,63,7,7
68638,74,96,-22,22
68639,55,40,15,15
68640,97,88,9,9
68641,74,78,-4,4
68642,92,97,-5,5
68643,71,74,-3,3
68644,86,84,2,2
68645,66,59,7,7
68646,74,67,7,7
68647,90,88,2,2
68648,110,102,8,8
68649,94,94,0,0
68650,101,98,3,3
68651,115,117,-2,2
68652,91,90,1,1
68653,102,99,3,3
68654,116,123,-7,7
68655,130,131,-1,1
68656,45,49,-4,4
68657,77,83,-6,6
68658,117,126,-9,9
68659,109,118,-9,9
68660,94,93,1,1
68661,130,122,8,8
68662,37,52,-15,15
68663,73,76,-3,3
68664,79,84,-5,5
68665,80,91,-11,11
68666,143,125,18,18
68667,69,72,-3,3
68668,143,143,0,0
68669,105,101,4,4
68670,150,128,22,22
68671,94,88,6,6
68672,107,91,16,16
68673,64,60,4,4
68674,154,123,31,31
68675,129,114,15,15
68676,118,114,4,4
68677,86,97,-11,11
68678,98,110,-12,12
68679,134,144,-10,10
68680,96,92,4,4
68681,90,87,3,3
68682,173,167,6,6
68683,83,83,0,0
68684,168,166,2,2
68685,97,88,9,9
68686,88,102,-14,14
68687,54,60,-6,6
68688,142,134,8,8
68689,152,131,21,21
68690,75,95,-20,20
68691,73,68,5,5
68692,170,174,-4,4
68693,82,73,9,9
68694,103,112,-9,9
68695,135,121,14,14
68696,98,100,-2,2
68697,190,158,32,32
68698,110,99,11,11
68699,56,56,0,0
68700,160,146,14,14
68701,86,104,-18,18
68702,105,103,2,2
68703,42,54,-12,12
68704,148,157,-9,9
68705,78,71,7,7
68706,108,103,5,5
68707,81,81,0,0
68708,135,131,4,4
68709,84,84,0,0
68710,115,115,0,0
68711,124,110,14,14
68712,67,71,-4,4
68713,97,105,-8,8
68714,90,99,-9,9
68715,158,147,11,11
68716,162,135,27,27
68717,165,157,8,8
68718,76,81,-5,5
68719,174,168,6,6
68720,125,117,8,8
68721,155,147,8,8
68722,80,83,-3,3
68723,150,141,9,9
68724,54,35,19,19
68725,119,102,17,17
68726,83,82,1,1
68727,56,66,-10,10
68728,69,84,-15,15
68729,94,101,-7,7
68730,103,118,-15,15
68731,120,113,7,7
68732,119,129,-10,10
68733,92,95,-3,3
68734,102,106,-4,4
68735,75,84,-9,9
68736,64,68,-4,4
68737,175,145,30,30
68738,66,74,-8,8
68739,69,64,5,5
68740,66,72,-6,6
68741,42,44,-2,2
68742,222,194,28,28
68743,161,132,29,29
68744,139,111,28,28
68745,88,95,-7,7
68746,81,67,14,14
68747,160,143,17,17
68748,100,102,-2,2
68749,64,74,-10,10
68750,26,56,-30,30
68751,126,110,16,16
68752,49,47,2,2
68753,101,96,5,5
68754,78,78,0,0
68755,82,76,6,6
68756,68,67,1,1
68757,90,85,5,5
68758,78,71,7,7
68759,114,109,5,5
68760,160,146,14,14
68761,108,105,3,3
68762,93,92,1,1
68763,52,55,-3,3
68764,142,133,9,9
68765,151,154,-3,3
68766,118,110,8,8
68767,90,87,3,3
68768,103,97,6,6
68769,126,112,14,14
68770,121,117,4,4
68771,111,112,-1,1
68772,87,90,-3,3
68773,48,54,-6,6
68774,86,80,6,6
68775,60,140,-80,80
68776,162,135,27,27
68777,98,82,16,16
68778,134,141,-7,7
68779,147,130,17,17
68780,113,119,-6,6
68781,79,74,5,5
68782,76,73,3,3
68783,72,88,-16,16
68784,59,71,-12,12
68785,151,130,21,21
68786,114,108,6,6
68787,71,80,-9,9
68788,146,143,3,3
68789,83,82,1,1
68790,65,78,-13,13
68791,60,66,-6,6
68792,113,104,9,9
68793,146,140,6,6
68794,103,102,1,1
68795,123,121,2,2
68796,59,62,-3,3
68797,158,131,27,27
68798,114,102,12,12
68799,133,118,15,15
68800,151,154,-3,3
68801,41,44,-3,3
68802,80,73,7,7
68803,71,66,5,5
68804,88,87,1,1
68805,94,103,-9,9
68806,41,35,6,6
68807,129,131,-2,2
68808,126,119,7,7
68809,132,107,25,25
68810,38,47,-9,9
68811,81,88,-7,7
68812,97,103,-6,6
68813,99,96,3,3
68814,159,158,1,1
68815,113,124,-11,11
68816,42,39,3,3
68817,176,161,15,15
68818,96,84,12,12
68819,122,121,1,1
68820,134,138,-4,4
68821,63,71,-8,8
68822,81,68,13,13
68823,94,95,-1,1
68824,122,112,10,10
68825,99,96,3,3
68826,103,117,-14,14
68827,77,112,-35,35
68828,90,104,-14,14
68829,139,128,11,11
68830,74,71,3,3
68831,83,79,4,4
68832,84,90,-6,6
68833,108,100,8,8
68834,80,91,-11,11
68835,117,115,2,2
68836,81,72,9,9
68837,73,80,-7,7
68838,146,139,7,7
68839,83,77,6,6
68840,71,64,7,7
68841,99,103,-4,4
68842,52,34,18,18
68843,97,96,1,1
68844,80,76,4,4
68845,112,101,11,11
68846,57,72,-15,15
68847,105,103,2,2
68848,145,134,11,11
68849,104,100,4,4
68850,94,95,-1,1
68851,109,111,-2,2
68852,73,81,-8,8
68853,54,53,1,1
68854,99,99,0,0
68855,204,191,13,13
68856,42,52,-10,10
68857,40,54,-14,14
68858,61,62,-1,1
68859,98,101,-3,3
68860,88,107,-19,19
68861,107,117,-10,10
68862,101,98,3,3
68863,156,143,13,13
68864,43,45,-2,2
68865,85,86,-1,1
68866,130,112,18,18
68867,49,65,-16,16
68868,82,90,-8,8
68869,105,106,-1,1
68870,141,146,-5,5
68871,124,136,-12,12
68872,149,147,2,2
68873,61,53,8,8
68874,163,144,19,19
68875,94,97,-3,3
68876,64,62,2,2
68877,129,125,4,4
68878,71,82,-11,11
68879,95,107,-12,12
68880,106,114,-8,8
68881,103,77,26,26
68882,81,81,0,0
68883,89,78,11,11
68884,144,123,21,21
68885,64,57,7,7
68886,37,123,-86,86
68887,87,85,2,2
68888,34,28,6,6
68889,94,100,-6,6
68890,84,90,-6,6
68891,76,70,6,6
68892,79,71,8,8
68893,96,98,-2,2
68894,99,88,11,11
68895,102,99,3,3
68896,66,59,7,7
68897,96,87,9,9
68898,75,75,0,0
68899,98,91,7,7
68900,75,71,4,4
68901,106,102,4,4
68902,85,85,0,0
68903,104,117,-13,13
68904,83,80,3,3
68905,92,88,4,4
68906,110,140,-30,30
68907,89,108,-19,19
68908,148,141,7,7
68909,105,100,5,5
68910,90,77,13,13
68911,42,68,-26,26
68912,102,107,-5,5
68913,142,148,-6,6
68914,122,133,-11,11
68915,109,104,5,5
68916,101,100,1,1
68917,89,92,-3,3
68918,118,121,-3,3
68919,146,131,15,15
68920,100,101,-1,1
68921,99,85,14,14
68922,62,60,2,2
68923,84,78,6,6
68924,62,75,-13,13
68925,190,169,21,21
68926,105,111,-6,6
68927,101,103,-2,2
68928,69,74,-5,5
68929,105,104,1,1
68930,135,127,8,8
68931,162,165,-3,3
68932,96,98,-2,2
68933,80,72,8,8
68934,83,72,11,11
68935,133,123,10,10
68936,77,66,11,11
68937,130,116,14,14
68938,143,152,-9,9
68939,83,88,-5,5
68940,77,82,-5,5
68941,148,137,11,11
68942,88,81,7,7
68943,47,45,2,2
68944,66,62,4,4
68945,54,73,-19,19
68946,97,91,6,6
68947,80,83,-3,3
68948,51,58,-7,7
68949,122,130,-8,8
68950,134,110,24,24
68951,152,144,8,8
68952,96,104,-8,8
68953,75,79,-4,4
68954,143,146,-3,3
68955,164,152,12,12
68956,99,98,1,1
68957,149,144,5,5
68958,126,107,19,19
68959,90,92,-2,2
68960,102,105,-3,3
68961,18,24,-6,6
68962,103,155,-52,52
68963,130,114,16,16
68964,67,71,-4,4
68965,69,63,6,6
68966,84,81,3,3
68967,122,126,-4,4
68968,103,94,9,9
68969,65,62,3,3
68970,111,114,-3,3
68971,177,193,-16,16
68972,64,60,4,4
68973,159,145,14,14
68974,123,141,-18,18
68975,67,63,4,4
68976,138,168,-30,30
68977,88,104,-16,16
68978,94,115,-21,21
68979,114,105,9,9
68980,81,77,4,4
68981,68,72,-4,4
68982,214,184,30,30
68983,145,137,8,8
68984,54,55,-1,1
68985,100,82,18,18
68986,146,146,0,0
68987,213,190,23,23
68988,106,117,-11,11
68989,57,48,9,9
68990,128,134,-6,6
68991,97,87,10,10
68992,90,100,-10,10
68993,102,101,1,1
68994,153,143,10,10
68995,84,82,2,2
68996,27,14,13,13
68997,51,52,-1,1
68998,73,78,-5,5
68999,86,96,-10,10
69000,77,69,8,8
69001,154,143,11,11
69002,107,104,3,3
69003,173,156,17,17
69004,80,81,-1,1
69005,92,92,0,0
69006,86,87,-1,1
69007,70,73,-3,3
69008,116,132,-16,16
69009,79,91,-12,12
69010,101,105,-4,4
69011,138,137,1,1
69012,125,106,19,19
69013,65,79,-14,14
69014,82,91,-9,9
69015,88,85,3,3
69016,40,53,-13,13
69017,104,112,-8,8
69018,111,113,-2,2
69019,81,82,-1,1
69020,67,72,-5,5
69021,91,102,-11,11
69022,135,131,4,4
69023,155,163,-8,8
69024,89,80,9,9
69025,58,66,-8,8
69026,137,133,4,4
69027,69,72,-3,3
69028,84,91,-7,7
69029,110,98,12,12
69030,68,102,-34,34
69031,126,116,10,10
69032,185,149,36,36
69033,64,66,-2,2
69034,119,107,12,12
69035,133,112,21,21
69036,96,96,0,0
69037,54,58,-4,4
69038,90,88,2,2
69039,75,76,-1,1
69040,123,130,-7,7
69041,91,96,-5,5
69042,114,110,4,4
69043,49,75,-26,26
69044,119,116,3,3
69045,78,72,6,6
69046,105,97,8,8
69047,113,108,5,5
69048,75,69,6,6
69049,162,155,7,7
69050,62,45,17,17
69051,93,84,9,9
69052,67,56,11,11
69053,118,111,7,7
69054,76,80,-4,4
69055,132,133,-1,1
69056,43,42,1,1
69057,69,71,-2,2
69058,99,105,-6,6
69059,81,70,11,11
69060,103,106,-3,3
69061,87,77,10,10
69062,88,83,5,5
69063,92,90,2,2
69064,102,93,9,9
69065,53,47,6,6
69066,80,84,-4,4
69067,86,64,22,22
69068,107,111,-4,4
69069,165,162,3,3
69070,43,45,-2,2
69071,84,73,11,11
69072,129,119,10,10
69073,135,134,1,1
69074,32,74,-42,42
69075,49,65,-16,16
69076,91,83,8,8
69077,72,67,5,5
69078,85,75,10,10
69079,75,86,-11,11
69080,95,110,-15,15
69081,132,119,13,13
69082,98,103,-5,5
69083,34,41,-7,7
69084,114,113,1,1
69085,104,105,-1,1
69086,111,99,12,12
69087,59,62,-3,3
69088,38,43,-5,5
69089,45,50,-5,5
69090,160,166,-6,6
69091,87,82,5,5
69092,78,91,-13,13
69093,180,143,37,37
69094,112,120,-8,8
69095,99,102,-3,3
69096,77,82,-5,5
69097,64,71,-7,7
69098,93,68,25,25
69099,135,158,-23,23
69100,80,86,-6,6
69101,105,89,16,16
69102,93,92,1,1
69103,97,101,-4,4
69104,93,103,-10,10
69105,126,120,6,6
69106,100,93,7,7
69107,93,98,-5,5
69108,116,108,8,8
69109,89,87,2,2
69110,72,90,-18,18
69111,158,136,22,22
69112,107,101,6,6
69113,57,64,-7,7
69114,95,102,-7,7
69115,199,186,13,13
69116,98,104,-6,6
69117,50,42,8,8
69118,72,68,4,4
69119,86,75,11,11
69120,36,49,-13,13
69121,77,67,10,10
69122,144,146,-2,2
69123,101,114,-13,13
69124,141,133,8,8
69125,136,143,-7,7
69126,81,87,-6,6
69127,96,111,-15,15
69128,92,91,1,1
69129,37,49,-12,12
69130,117,113,4,4
69131,96,89,7,7
69132,120,140,-20,20
69133,58,74,-16,16
69134,147,109,38,38
69135,60,65,-5,5
69136,85,88,-3,3
69137,71,58,13,13
69138,74,74,0,0
69139,98,94,4,4
69140,59,71,-12,12
69141,77,75,2,2
69142,77,76,1,1
69143,76,88,-12,12
69144,52,71,-19,19
69145,116,118,-2,2
69146,78,80,-2,2
69147,74,75,-1,1
69148,124,116,8,8
69149,58,53,5,5
69150,86,86,0,0
69151,132,127,5,5
69152,108,90,18,18
69153,38,58,-20,20
69154,138,133,5,5
69155,74,67,7,7
69156,73,88,-15,15
69157,95,85,10,10
69158,129,196,-67,67
69159,102,94,8,8
69160,112,105,7,7
69161,141,140,1,1
69162,76,71,5,5
69163,142,136,6,6
69164,72,75,-3,3
69165,163,162,1,1
69166,122,125,-3,3
69167,44,35,9,9
69168,104,100,4,4
69169,72,88,-16,16
69170,60,48,12,12
69171,69,74,-5,5
69172,113,107,6,6
69173,89,89,0,0
69174,42,54,-12,12
69175,146,139,7,7
69176,147,143,4,4
69177,132,142,-10,10
69178,107,99,8,8
69179,77,78,-1,1
69180,102,109,-7,7
69181,153,147,6,6
69182,56,90,-34,34
69183,105,109,-4,4
69184,129,121,8,8
69185,99,93,6,6
69186,55,62,-7,7
69187,102,113,-11,11
69188,102,95,7,7
69189,111,103,8,8
69190,123,130,-7,7
69191,62,60,2,2
69192,152,152,0,0
69193,89,79,10,10
69194,94,91,3,3
69195,35,44,-9,9
69196,94,91,3,3
69197,110,107,3,3
69198,175,181,-6,6
69199,105,93,12,12
69200,42,47,-5,5
69201,152,133,19,19
69202,149,122,27,27
69203,207,178,29,29
69204,152,160,-8,8
69205,88,99,-11,11
69206,94,87,7,7
69207,76,65,11,11
69208,84,90,-6,6
69209,87,89,-2,2
69210,59,40,19,19
69211,112,115,-3,3
69212,110,106,4,4
69213,136,119,17,17
69214,81,96,-15,15
69215,177,158,19,19
69216,120,116,4,4
69217,86,89,-3,3
69218,57,73,-16,16
69219,100,76,24,24
69220,134,138,-4,4
69221,75,79,-4,4
69222,88,76,12,12
69223,82,84,-2,2
69224,54,57,-3,3
69225,74,71,3,3
69226,50,59,-9,9
69227,125,112,13,13
69228,85,91,-6,6
69229,148,140,8,8
69230,88,92,-4,4
69231,58,46,12,12
69232,124,117,7,7
69233,129,138,-9,9
69234,100,92,8,8
69235,76,73,3,3
69236,86,80,6,6
69237,57,57,0,0
69238,84,87,-3,3
69239,103,86,17,17
69240,87,91,-4,4
69241,114,120,-6,6
69242,58,64,-6,6
69243,100,101,-1,1
69244,92,101,-9,9
69245,78,77,1,1
69246,73,81,-8,8
69247,73,76,-3,3
69248,106,103,3,3
69249,135,144,-9,9
69250,95,102,-7,7
69251,75,74,1,1
69252,116,124,-8,8
69253,58,61,-3,3
69254,135,113,22,22
69255,75,80,-5,5
69256,51,58,-7,7
69257,69,73,-4,4
69258,97,110,-13,13
69259,73,80,-7,7
69260,91,99,-8,8
69261,156,149,7,7
69262,67,69,-2,2
69263,77,73,4,4
69264,133,131,2,2
69265,129,143,-14,14
69266,110,107,3,3
69267,121,141,-20,20
69268,150,154,-4,4
69269,89,91,-2,2
69270,71,111,-40,40
69271,119,110,9,9
69272,70,71,-1,1
69273,121,120,1,1
69274,116,126,-10,10
69275,123,119,4,4
69276,95,90,5,5
69277,70,72,-2,2
69278,111,95,16,16
69279,113,111,2,2
69280,92,94,-2,2
69281,52,61,-9,9
69282,114,112,2,2
69283,106,104,2,2
69284,102,117,-15,15
69285,72,77,-5,5
69286,134,128,6,6
69287,101,95,6,6
69288,134,126,8,8
69289,111,116,-5,5
69290,99,95,4,4
69291,98,87,11,11
69292,94,95,-1,1
69293,44,54,-10,10
69294,92,101,-9,9
69295,81,73,8,8
69296,74,73,1,1
69297,51,62,-11,11
69298,135,125,10,10
69299,34,41,-7,7
69300,151,145,6,6
69301,64,66,-2,2
69302,105,101,4,4
69303,117,109,8,8
69304,88,89,-1,1
69305,100,109,-9,9
69306,88,88,0,0
69307,84,90,-6,6
69308,189,179,10,10
69309,45,63,-18,18
69310,64,64,0,0
69311,94,102,-8,8
69312,199,172,27,27
69313,80,72,8,8
69314,105,106,-1,1
69315,112,116,-4,4
69316,59,20,39,39
69317,54,62,-8,8
69318,123,111,12,12
69319,59,65,-6,6
69320,186,177,9,9
69321,110,119,-9,9
69322,117,109,8,8
69323,82,76,6,6
69324,202,156,46,46
69325,129,128,1,1
69326,91,96,-5,5
69327,131,118,13,13
69328,117,112,5,5
69329,82,83,-1,1
69330,78,84,-6,6
69331,129,115,14,14
69332,46,35,11,11
69333,122,128,-6,6
69334,124,118,6,6
69335,186,185,1,1
69336,103,102,1,1
69337,112,108,4,4
69338,135,133,2,2
69339,68,74,-6,6
69340,110,105,5,5
69341,57,55,2,2
69342,144,143,1,1
69343,115,99,16,16
69344,143,147,-4,4
69345,75,96,-21,21
69346,69,64,5,5
69347,140,144,-4,4
69348,93,97,-4,4
69349,74,75,-1,1
69350,165,159,6,6
69351,77,87,-10,10
69352,57,56,1,1
69353,87,101,-14,14
69354,123,113,10,10
69355,78,78,0,0
69356,120,134,-14,14
69357,100,107,-7,7
69358,112,105,7,7
69359,87,97,-10,10
69360,98,84,14,14
69361,106,108,-2,2
69362,91,103,-12,12
69363,107,102,5,5
69364,67,62,5,5
69365,125,125,0,0
69366,61,29,32,32
69367,96,100,-4,4
69368,73,67,6,6
69369,70,71,-1,1
69370,89,83,6,6
69371,114,106,8,8
69372,74,80,-6,6
69373,133,111,22,22
69374,107,122,-15,15
69375,91,94,-3,3
69376,83,75,8,8
69377,76,77,-1,1
69378,75,77,-2,2
69379,83,77,6,6
69380,62,64,-2,2
69381,71,75,-4,4
69382,40,41,-1,1
69383,131,111,20,20
69384,138,131,7,7
69385,43,51,-8,8
69386,76,89,-13,13
69387,128,140,-12,12
69388,62,73,-11,11
69389,128,125,3,3
69390,79,90,-11,11
69391,140,121,19,19
69392,94,96,-2,2
69393,96,100,-4,4
69394,43,47,-4,4
69395,159,147,12,12
69396,62,58,4,4
69397,131,115,16,16
69398,65,80,-15,15
69399,63,73,-10,10
69400,116,129,-13,13
69401,65,82,-17,17
69402,70,51,19,19
69403,56,56,0,0
69404,95,94,1,1
69405,120,111,9,9
69406,93,100,-7,7
69407,92,85,7,7
69408,101,88,13,13
69409,106,107,-1,1
69410,151,127,24,24
69411,98,96,2,2
69412,63,58,5,5
69413,120,126,-6,6
69414,93,85,8,8
69415,89,86,3,3
69416,47,54,-7,7
69417,92,93,-1,1
69418,95,94,1,1
69419,90,82,8,8
69420,116,101,15,15
69421,88,91,-3,3
69422,107,116,-9,9
69423,168,179,-11,11
69424,49,42,7,7
69425,111,99,12,12
69426,76,83,-7,7
69427,89,94,-5,5
69428,72,76,-4,4
69429,131,129,2,2
69430,61,86,-25,25
69431,106,101,5,5
69432,65,68,-3,3
69433,76,85,-9,9
69434,62,112,-50,50
69435,63,63,0,0
69436,77,80,-3,3
69437,120,109,11,11
69438,109,122,-13,13
69439,93,84,9,9
69440,66,69,-3,3
69441,72,63,9,9
69442,94,91,3,3
69443,143,128,15,15
69444,75,74,1,1
69445,99,98,1,1
69446,112,107,5,5
69447,66,68,-2,2
69448,72,70,2,2
69449,46,71,-25,25
69450,100,103,-3,3
69451,89,88,1,1
69452,101,100,1,1
69453,63,58,5,5
69454,108,102,6,6
69455,89,91,-2,2
69456,101,104,-3,3
69457,94,93,1,1
69458,73,83,-10,10
69459,148,117,31,31
69460,142,155,-13,13
69461,92,92,0,0
69462,151,124,27,27
69463,119,114,5,5
69464,61,64,-3,3
69465,124,112,12,12
69466,46,59,-13,13
69467,67,62,5,5
69468,46,56,-10,10
69469,81,82,-1,1
69470,104,104,0,0
69471,47,59,-12,12
69472,88,85,3,3
69473,115,78,37,37
69474,92,125,-33,33
69475,100,85,15,15
69476,141,126,15,15
69477,107,113,-6,6
69478,127,120,7,7
69479,117,111,6,6
69480,72,69,3,3
69481,81,93,-12,12
69482,100,133,-33,33
69483,84,108,-24,24
69484,70,78,-8,8
69485,152,133,19,19
69486,32,51,-19,19
69487,121,122,-1,1
69488,69,91,-22,22
69489,63,62,1,1
69490,76,66,10,10
69491,81,91,-10,10
69492,106,104,2,2
69493,69,73,-4,4
69494,54,59,-5,5
69495,92,82,10,10
69496,61,77,-16,16
69497,141,140,1,1
69498,78,79,-1,1
69499,124,133,-9,9
69500,94,101,-7,7
69501,66,70,-4,4
69502,156,147,9,9
69503,80,102,-22,22
69504,84,91,-7,7
69505,161,153,8,8
69506,106,105,1,1
69507,98,101,-3,3
69508,108,99,9,9
69509,109,110,-1,1
69510,85,83,2,2
69511,74,70,4,4
69512,74,76,-2,2
69513,88,100,-12,12
69514,128,129,-1,1
69515,93,90,3,3
69516,140,133,7,7
69517,109,105,4,4
69518,58,70,-12,12
69519,73,59,14,14
69520,86,92,-6,6
69521,94,92,2,2
69522,332,281,51,51
69523,112,107,5,5
69524,48,44,4,4
69525,73,74,-1,1
69526,116,104,12,12
69527,105,96,9,9
69528,65,70,-5,5
69529,108,107,1,1
69530,83,92,-9,9
69531,81,96,-15,15
69532,155,172,-17,17
69533,110,110,0,0
69534,120,102,18,18
69535,92,76,16,16
69536,152,124,28,28
69537,131,125,6,6
69538,48,59,-11,11
69539,68,66,2,2
69540,74,72,2,2
69541,86,100,-14,14
69542,148,152,-4,4
69543,188,169,19,19
69544,79,88,-9,9
69545,125,124,1,1
69546,95,85,10,10
69547,63,60,3,3
69548,78,65,13,13
69549,116,130,-14,14
69550,83,86,-3,3
69551,68,75,-7,7
69552,104,113,-9,9
69553,107,103,4,4
69554,93,98,-5,5
69555,115,113,2,2
69556,105,113,-8,8
69557,76,98,-22,22
69558,129,102,27,27
69559,53,50,3,3
69560,78,92,-14,14
69561,108,98,10,10
69562,39,38,1,1
69563,81,72,9,9
69564,122,131,-9,9
69565,74,64,10,10
69566,63,76,-13,13
69567,115,108,7,7
69568,119,129,-10,10
69569,130,120,10,10
69570,103,117,-14,14
69571,107,115,-8,8
69572,69,86,-17,17
69573,130,127,3,3
69574,98,114,-16,16
69575,126,110,16,16
69576,119,108,11,11
69577,86,93,-7,7
69578,211,196,15,15
69579,82,87,-5,5
69580,64,58,6,6
69581,96,71,25,25
69582,63,59,4,4
69583,102,97,5,5
69584,119,146,-27,27
69585,82,98,-16,16
69586,119,105,14,14
69587,64,69,-5,5
69588,48,41,7,7
69589,140,124,16,16
69590,112,106,6,6
69591,93,110,-17,17
69592,88,93,-5,5
69593,93,100,-7,7
69594,60,59,1,1
69595,66,68,-2,2
69596,48,52,-4,4
69597,101,96,5,5
69598,54,54,0,0
69599,99,97,2,2
69600,81,84,-3,3
69601,155,150,5,5
69602,80,85,-5,5
69603,69,70,-1,1
69604,65,82,-17,17
69605,81,86,-5,5
69606,100,101,-1,1
69607,89,96,-7,7
69608,86,88,-2,2
69609,107,109,-2,2
69610,61,66,-5,5
69611,59,53,6,6
69612,51,53,-2,2
69613,147,138,9,9
69614,127,116,11,11
69615,130,139,-9,9
69616,53,45,8,8
69617,117,98,19,19
69618,132,116,16,16
69619,119,109,10,10
69620,107,99,8,8
69621,79,91,-12,12
69622,157,151,6,6
69623,125,112,13,13
69624,60,63,-3,3
69625,79,61,18,18
69626,80,79,1,1
69627,151,130,21,21
69628,109,104,5,5
69629,64,70,-6,6
69630,111,97,14,14
69631,44,45,-1,1
69632,95,84,11,11
69633,137,123,14,14
69634,121,106,15,15
69635,51,61,-10,10
69636,53,42,11,11
69637,93,97,-4,4
69638,91,92,-1,1
69639,125,121,4,4
69640,59,43,16,16
69641,63,60,3,3
69642,111,89,22,22
69643,117,122,-5,5
69644,74,71,3,3
69645,117,117,0,0
69646,65,54,11,11
69647,100,102,-2,2
69648,227,202,25,25
69649,145,192,-47,47
69650,82,77,5,5
69651,93,78,15,15
69652,120,134,-14,14
69653,122,124,-2,2
69654,121,117,4,4
69655,106,86,20,20
69656,95,110,-15,15
69657,71,65,6,6
69658,64,62,2,2
69659,103,90,13,13
69660,66,73,-7,7
69661,60,65,-5,5
69662,85,82,3,3
69663,110,116,-6,6
69664,109,116,-7,7
69665,80,90,-10,10
69666,80,81,-1,1
69667,147,143,4,4
69668,107,114,-7,7
69669,61,60,1,1
69670,163,143,20,20
69671,60,58,2,2
69672,85,86,-1,1
69673,152,169,-17,17
69674,90,89,1,1
69675,81,75,6,6
69676,76,63,13,13
69677,95,100,-5,5
69678,70,69,1,1
69679,101,96,5,5
69680,65,58,7,7
69681,78,83,-5,5
69682,94,99,-5,5
69683,69,75,-6,6
69684,161,159,2,2
69685,97,101,-4,4
69686,66,84,-18,18
69687,171,159,12,12
69688,93,92,1,1
69689,98,86,12,12
69690,101,114,-13,13
69691,97,97,0,0
69692,74,75,-1,1
69693,88,73,15,15
69694,184,170,14,14
69695,74,75,-1,1
69696,65,72,-7,7
69697,193,153,40,40
69698,103,91,12,12
69699,57,53,4,4
69700,113,130,-17,17
69701,145,173,-28,28
69702,60,62,-2,2
69703,128,128,0,0
69704,89,95,-6,6
69705,80,75,5,5
69706,79,70,9,9
69707,114,112,2,2
69708,200,170,30,30
69709,133,135,-2,2
69710,114,113,1,1
69711,125,119,6,6
69712,82,87,-5,5
69713,90,85,5,5
69714,95,92,3,3
69715,140,155,-15,15
69716,96,97,-1,1
69717,186,174,12,12
69718,89,108,-19,19
69719,57,84,-27,27
69720,76,72,4,4
69721,64,64,0,0
69722,138,121,17,17
69723,97,95,2,2
69724,95,95,0,0
69725,157,156,1,1
69726,76,70,6,6
69727,77,82,-5,5
69728,110,110,0,0
69729,191,169,22,22
69730,70,99,-29,29
69731,100,116,-16,16
69732,98,95,3,3
69733,64,63,1,1
69734,106,108,-2,2
69735,95,98,-3,3
69736,70,58,12,12
69737,132,123,9,9
69738,43,45,-2,2
69739,177,178,-1,1
69740,59,58,1,1
69741,42,56,-14,14
69742,40,58,-18,18
69743,82,68,14,14
69744,79,84,-5,5
69745,62,73,-11,11
69746,108,104,4,4
69747,103,117,-14,14
69748,92,87,5,5
69749,63,73,-10,10
69750,65,75,-10,10
69751,144,157,-13,13
69752,92,85,7,7
69753,129,130,-1,1
69754,137,148,-11,11
69755,122,134,-12,12
69756,48,60,-12,12
69757,85,61,24,24
69758,90,97,-7,7
69759,82,73,9,9
69760,112,106,6,6
69761,85,80,5,5
69762,91,86,5,5
69763,78,91,-13,13
69764,69,91,-22,22
69765,121,106,15,15
69766,68,71,-3,3
69767,131,131,0,0
69768,89,94,-5,5
69769,93,88,5,5
69770,54,45,9,9
69771,136,134,2,2
69772,35,70,-35,35
69773,178,146,32,32
69774,105,93,12,12
69775,145,140,5,5
69776,75,77,-2,2
69777,117,112,5,5
69778,63,54,9,9
69779,132,127,5,5
69780,100,107,-7,7
69781,67,67,0,0
69782,47,48,-1,1
69783,128,104,24,24
69784,119,115,4,4
69785,119,127,-8,8
69786,93,85,8,8
69787,121,113,8,8
69788,79,74,5,5
69789,166,150,16,16
69790,87,70,17,17
69791,85,91,-6,6
69792,80,101,-21,21
69793,68,70,-2,2
69794,131,128,3,3
69795,124,113,11,11
69796,146,154,-8,8
69797,71,82,-11,11
69798,89,103,-14,14
69799,60,65,-5,5
69800,64,61,3,3
69801,63,88,-25,25
69802,61,59,2,2
69803,119,138,-19,19
69804,83,90,-7,7
69805,96,99,-3,3
69806,116,123,-7,7
69807,122,121,1,1
69808,102,94,8,8
69809,85,80,5,5
69810,129,124,5,5
69811,109,92,17,17
69812,41,52,-11,11
69813,95,93,2,2
69814,131,106,25,25
69815,98,74,24,24
69816,105,110,-5,5
69817,35,44,-9,9
69818,65,61,4,4
69819,69,60,9,9
69820,72,62,10,10
69821,101,112,-11,11
69822,86,82,4,4
69823,103,103,0,0
69824,110,103,7,7
69825,77,58,19,19
69826,98,80,18,18
69827,107,108,-1,1
69828,72,86,-14,14
69829,109,107,2,2
69830,68,57,11,11
69831,64,63,1,1
69832,158,148,10,10
69833,112,108,4,4
69834,71,87,-16,16
69835,119,111,8,8
69836,63,63,0,0
69837,66,64,2,2
69838,90,83,7,7
69839,114,128,-14,14
69840,81,84,-3,3
69841,136,137,-1,1
69842,92,93,-1,1
69843,46,74,-28,28
69844,48,44,4,4
69845,99,90,9,9
69846,63,65,-2,2
69847,113,101,12,12
69848,77,76,1,1
69849,95,92,3,3
69850,95,100,-5,5
69851,92,97,-5,5
69852,77,82,-5,5
69853,108,96,12,12
69854,80,78,2,2
69855,106,120,-14,14
69856,193,181,12,12
69857,138,133,5,5
69858,146,153,-7,7
69859,146,128,18,18
69860,121,114,7,7
69861,134,123,11,11
69862,92,96,-4,4
69863,109,99,10,10
69864,94,103,-9,9
69865,96,100,-4,4
69866,105,118,-13,13
69867,124,129,-5,5
69868,101,92,9,9
69869,63,69,-6,6
69870,91,94,-3,3
69871,75,83,-8,8
69872,89,103,-14,14
69873,134,132,2,2
69874,130,152,-22,22
69875,71,92,-21,21
69876,152,132,20,20
69877,79,67,12,12
69878,82,73,9,9
69879,80,101,-21,21
69880,51,57,-6,6
69881,134,133,1,1
69882,120,101,19,19
69883,88,79,9,9
69884,66,81,-15,15
69885,40,51,-11,11
69886,81,75,6,6
69887,125,115,10,10
69888,57,68,-11,11
69889,127,107,20,20
69890,70,55,15,15
69891,144,106,38,38
69892,100,119,-19,19
69893,190,171,19,19
69894,79,86,-7,7
69895,95,68,27,27
69896,86,78,8,8
69897,75,59,16,16
69898,108,105,3,3
69899,74,84,-10,10
69900,110,123,-13,13
69901,121,112,9,9
69902,75,86,-11,11
69903,193,162,31,31
69904,102,92,10,10
69905,83,79,4,4
69906,161,171,-10,10
69907,43,46,-3,3
69908,157,171,-14,14
69909,152,159,-7,7
69910,166,163,3,3
69911,61,46,15,15
69912,123,112,11,11
69913,77,68,9,9
69914,76,71,5,5
69915,103,108,-5,5
69916,73,76,-3,3
69917,94,92,2,2
69918,71,73,-2,2
69919,69,61,8,8
69920,46,62,-16,16
69921,59,57,2,2
69922,109,99,10,10
69923,166,168,-2,2
69924,65,76,-11,11
69925,97,93,4,4
69926,170,169,1,1
69927,76,64,12,12
69928,79,83,-4,4
69929,84,93,-9,9
69930,36,40,-4,4
69931,149,156,-7,7
69932,61,75,-14,14
69933,109,103,6,6
69934,160,143,17,17
69935,96,97,-1,1
69936,139,141,-2,2
69937,59,57,2,2
69938,52,41,11,11
69939,148,132,16,16
69940,90,71,19,19
69941,68,60,8,8
69942,60,61,-1,1
69943,110,105,5,5
69944,80,95,-15,15
69945,37,36,1,1
69946,75,89,-14,14
69947,62,64,-2,2
69948,66,67,-1,1
69949,99,111,-12,12
69950,105,111,-6,6
69951,165,158,7,7
69952,164,143,21,21
69953,93,89,4,4
69954,58,80,-22,22
69955,93,91,2,2
69956,37,38,-1,1
69957,68,88,-20,20
69958,122,128,-6,6
69959,36,59,-23,23
69960,109,101,8,8
69961,111,108,3,3
69962,39,55,-16,16
69963,139,131,8,8
69964,109,117,-8,8
69965,169,135,34,34
69966,138,140,-2,2
69967,104,127,-23,23
69968,170,177,-7,7
69969,66,70,-4,4
69970,154,154,0,0
69971,46,56,-10,10
69972,136,132,4,4
69973,81,86,-5,5
69974,390,282,108,108
69975,88,81,7,7
69976,66,82,-16,16
69977,69,66,3,3
69978,48,58,-10,10
69979,136,129,7,7
69980,85,90,-5,5
69981,73,63,10,10
69982,128,141,-13,13
69983,90,93,-3,3
69984,105,109,-4,4
69985,127,115,12,12
69986,102,98,4,4
69987,111,108,3,3
69988,110,101,9,9
69989,92,102,-10,10
69990,66,97,-31,31
69991,103,97,6,6
69992,111,106,5,5
69993,120,113,7,7
69994,96,97,-1,1
69995,141,134,7,7
69996,89,109,-20,20
69997,66,70,-4,4
69998,95,81,14,14
69999,83,88,-5,5
70000,62,70,-8,8
70001,136,126,10,10
70002,99,95,4,4
70003,78,66,12,12
70004,79,80,-1,1
70005,86,83,3,3
70006,70,66,4,4
70007,128,127,1,1
70008,100,72,28,28
70009,116,106,10,10
70010,165,185,-20,20
70011,125,120,5,5
70012,63,60,3,3
70013,93,94,-1,1
70014,135,119,16,16
70015,61,67,-6,6
70016,55,76,-21,21
70017,95,93,2,2
70018,98,103,-5,5
70019,54,50,4,4
70020,85,91,-6,6
70021,96,89,7,7
70022,132,141,-9,9
70023,81,94,-13,13
70024,57,67,-10,10
70025,71,70,1,1
70026,92,94,-2,2
70027,99,93,6,6
70028,87,88,-1,1
70029,116,117,-1,1
70030,46,56,-10,10
70031,29,33,-4,4
70032,163,175,-12,12
70033,110,100,10,10
70034,68,66,2,2
70035,62,67,-5,5
70036,60,54,6,6
70037,91,89,2,2
70038,35,43,-8,8
70039,61,72,-11,11
70040,101,85,16,16
70041,135,131,4,4
70042,169,167,2,2
70043,122,113,9,9
70044,182,152,30,30
70045,86,82,4,4
70046,121,100,21,21
70047,65,59,6,6
70048,84,67,17,17
70049,98,89,9,9
70050,61,70,-9,9
70051,71,97,-26,26
70052,54,61,-7,7
70053,130,130,0,0
70054,47,60,-13,13
70055,78,71,7,7
70056,83,84,-1,1
70057,119,103,16,16
70058,86,82,4,4
70059,92,87,5,5
70060,76,86,-10,10
70061,80,98,-18,18
70062,103,95,8,8
70063,113,110,3,3
70064,79,83,-4,4
70065,68,76,-8,8
70066,115,113,2,2
70067,62,63,-1,1
70068,107,108,-1,1
70069,115,111,4,4
70070,138,143,-5,5
70071,115,130,-15,15
70072,117,104,13,13
70073,92,167,-75,75
70074,122,112,10,10
70075,54,60,-6,6
70076,76,80,-4,4
70077,96,90,6,6
70078,57,40,17,17
70079,108,109,-1,1
70080,104,111,-7,7
70081,107,102,5,5
70082,66,69,-3,3
70083,57,71,-14,14
70084,72,71,1,1
70085,63,103,-40,40
70086,119,122,-3,3
70087,123,104,19,19
70088,86,80,6,6
70089,121,107,14,14
70090,72,64,8,8
70091,70,80,-10,10
70092,84,87,-3,3
70093,72,77,-5,5
70094,61,57,4,4
70095,128,112,16,16
70096,90,86,4,4
70097,138,146,-8,8
70098,80,82,-2,2
70099,134,115,19,19
70100,135,133,2,2
70101,108,104,4,4
70102,114,110,4,4
70103,87,110,-23,23
70104,29,32,-3,3
70105,84,88,-4,4
70106,139,156,-17,17
70107,126,112,14,14
70108,61,61,0,0
70109,22,28,-6,6
70110,61,67,-6,6
70111,74,85,-11,11
70112,120,111,9,9
70113,69,65,4,4
70114,61,78,-17,17
70115,88,98,-10,10
70116,102,113,-11,11
70117,107,110,-3,3
70118,103,100,3,3
70119,89,90,-1,1
70120,134,121,13,13
70121,52,36,16,16
70122,63,102,-39,39
70123,116,104,12,12
70124,123,131,-8,8
70125,101,92,9,9
70126,58,62,-4,4
70127,95,102,-7,7
70128,66,74,-8,8
70129,69,70,-1,1
70130,107,98,9,9
70131,118,125,-7,7
70132,155,121,34,34
70133,75,75,0,0
70134,103,96,7,7
70135,81,69,12,12
70136,94,92,2,2
70137,64,66,-2,2
70138,135,125,10,10
70139,116,136,-20,20
70140,213,181,32,32
70141,87,83,4,4
70142,109,123,-14,14
70143,149,150,-1,1
70144,81,102,-21,21
70145,78,74,4,4
70146,62,59,3,3
70147,73,76,-3,3
70148,68,49,19,19
70149,103,77,26,26
70150,121,109,12,12
70151,165,137,28,28
70152,105,101,4,4
70153,71,60,11,11
70154,139,143,-4,4
70155,75,104,-29,29
70156,146,155,-9,9
70157,88,98,-10,10
70158,184,176,8,8
70159,122,110,12,12
70160,50,54,-4,4
70161,98,110,-12,12
70162,28,80,-52,52
70163,68,52,16,16
70164,34,48,-14,14
70165,88,80,8,8
70166,87,92,-5,5
70167,91,86,5,5
70168,97,93,4,4
70169,93,68,25,25
70170,46,50,-4,4
70171,63,68,-5,5
70172,54,58,-4,4
70173,68,77,-9,9
70174,100,111,-11,11
70175,51,48,3,3
70176,92,97,-5,5
70177,111,103,8,8
70178,66,65,1,1
70179,60,67,-7,7
70180,66,62,4,4
70181,130,101,29,29
70182,125,115,10,10
70183,134,132,2,2
70184,139,141,-2,2
70185,105,98,7,7
70186,70,66,4,4
70187,106,95,11,11
70188,146,129,17,17
70189,144,149,-5,5
70190,108,117,-9,9
70191,77,84,-7,7
70192,99,92,7,7
70193,79,83,-4,4
70194,65,68,-3,3
70195,65,77,-12,12
70196,89,96,-7,7
70197,128,108,20,20
70198,95,122,-27,27
70199,131,146,-15,15
70200,48,61,-13,13
70201,127,122,5,5
70202,102,110,-8,8
70203,127,111,16,16
70204,53,71,-18,18
70205,148,130,18,18
70206,173,160,13,13
70207,110,117,-7,7
70208,61,72,-11,11
70209,65,67,-2,2
70210,83,83,0,0
70211,125,122,3,3
70212,94,93,1,1
70213,82,79,3,3
70214,95,87,8,8
70215,48,42,6,6
70216,112,111,1,1
70217,74,89,-15,15
70218,114,107,7,7
70219,64,61,3,3
70220,109,95,14,14
70221,163,128,35,35
70222,136,139,-3,3
70223,218,189,29,29
70224,114,107,7,7
70225,152,131,21,21
70226,115,114,1,1
70227,70,76,-6,6
70228,76,71,5,5
70229,101,99,2,2
70230,122,108,14,14
70231,95,90,5,5
70232,112,127,-15,15
70233,114,117,-3,3
70234,93,89,4,4
70235,56,46,10,10
70236,110,135,-25,25
70237,97,95,2,2
70238,86,106,-20,20
70239,87,77,10,10
70240,55,54,1,1
70241,183,176,7,7
70242,99,96,3,3
70243,102,98,4,4
70244,113,105,8,8
70245,95,95,0,0
70246,191,172,19,19
70247,82,87,-5,5
70248,55,50,5,5
70249,60,65,-5,5
70250,81,68,13,13
70251,87,81,6,6
70252,142,143,-1,1
70253,97,79,18,18
70254,116,93,23,23
70255,73,66,7,7
70256,87,96,-9,9
70257,102,93,9,9
70258,57,79,-22,22
70259,56,61,-5,5
70260,193,148,45,45
70261,99,99,0,0
70262,61,72,-11,11
70263,90,84,6,6
70264,129,141,-12,12
70265,86,82,4,4
70266,68,83,-15,15
70267,106,99,7,7
70268,101,114,-13,13
70269,139,134,5,5
70270,97,102,-5,5
70271,79,82,-3,3
70272,54,62,-8,8
70273,47,63,-16,16
70274,119,115,4,4
70275,93,91,2,2
70276,70,68,2,2
70277,109,114,-5,5
70278,55,72,-17,17
70279,127,117,10,10
70280,76,72,4,4
70281,35,51,-16,16
70282,66,62,4,4
70283,72,70,2,2
70284,91,105,-14,14
70285,128,129,-1,1
70286,123,130,-7,7
70287,129,130,-1,1
70288,106,98,8,8
70289,84,94,-10,10
70290,99,105,-6,6
70291,59,59,0,0
70292,54,61,-7,7
70293,120,123,-3,3
70294,188,161,27,27
70295,83,83,0,0
70296,146,134,12,12
70297,69,66,3,3
70298,58,65,-7,7
70299,173,176,-3,3
70300,131,130,1,1
70301,150,127,23,23
70302,115,107,8,8
70303,107,95,12,12
70304,131,130,1,1
70305,101,102,-1,1
70306,105,89,16,16
70307,104,99,5,5
70308,138,124,14,14
70309,62,62,0,0
70310,88,97,-9,9
70311,44,43,1,1
70312,116,118,-2,2
70313,84,90,-6,6
70314,80,103,-23,23
70315,112,114,-2,2
70316,85,82,3,3
70317,82,69,13,13
70318,101,102,-1,1
70319,123,192,-69,69
70320,137,142,-5,5
70321,112,107,5,5
70322,72,87,-15,15
70323,100,99,1,1
70324,106,96,10,10
70325,64,66,-2,2
70326,115,100,15,15
70327,44,52,-8,8
70328,112,107,5,5
70329,113,97,16,16
70330,203,175,28,28
70331,113,104,9,9
70332,154,135,19,19
70333,88,88,0,0
70334,88,97,-9,9
70335,56,69,-13,13
70336,116,109,7,7
70337,104,97,7,7
70338,96,87,9,9
70339,99,98,1,1
70340,98,103,-5,5
70341,128,133,-5,5
70342,79,93,-14,14
70343,97,108,-11,11
70344,68,57,11,11
70345,93,91,2,2
70346,99,101,-2,2
70347,68,65,3,3
70348,83,75,8,8
70349,85,77,8,8
70350,89,90,-1,1
70351,95,94,1,1
70352,133,132,1,1
70353,86,92,-6,6
70354,94,93,1,1
70355,63,74,-11,11
70356,134,123,11,11
70357,79,84,-5,5
70358,55,60,-5,5
70359,82,86,-4,4
70360,60,54,6,6
70361,63,81,-18,18
70362,179,147,32,32
70363,127,140,-13,13
70364,65,55,10,10
70365,101,94,7,7
70366,112,109,3,3
70367,66,63,3,3
70368,104,99,5,5
70369,80,101,-21,21
70370,84,79,5,5
70371,57,54,3,3
70372,55,57,-2,2
70373,134,140,-6,6
70374,125,109,16,16
70375,83,86,-3,3
70376,66,64,2,2
70377,59,92,-33,33
70378,117,113,4,4
70379,103,134,-31,31
70380,101,86,15,15
70381,128,124,4,4
70382,92,109,-17,17
70383,167,164,3,3
70384,79,74,5,5
70385,121,119,2,2
70386,85,74,11,11
70387,80,77,3,3
70388,26,28,-2,2
70389,52,69,-17,17
70390,58,62,-4,4
70391,137,126,11,11
70392,48,50,-2,2
70393,138,132,6,6
70394,81,64,17,17
70395,132,125,7,7
70396,111,107,4,4
70397,115,114,1,1
70398,129,127,2,2
70399,125,109,16,16
70400,138,135,3,3
70401,51,61,-10,10
70402,131,128,3,3
70403,164,153,11,11
70404,107,97,10,10
70405,102,91,11,11
70406,66,65,1,1
70407,59,56,3,3
70408,60,60,0,0
70409,145,135,10,10
70410,143,144,-1,1
70411,121,113,8,8
70412,98,96,2,2
70413,107,98,9,9
70414,69,75,-6,6
70415,154,141,13,13
70416,93,95,-2,2
70417,93,94,-1,1
70418,41,66,-25,25
70419,103,100,3,3
70420,81,82,-1,1
70421,105,88,17,17
70422,60,52,8,8
70423,90,100,-10,10
70424,76,77,-1,1
70425,98,101,-3,3
70426,70,64,6,6
70427,49,57,-8,8
70428,113,105,8,8
70429,45,68,-23,23
70430,109,96,13,13
70431,53,50,3,3
70432,98,80,18,18
70433,70,70,0,0
70434,91,81,10,10
70435,126,122,4,4
70436,68,36,32,32
70437,54,76,-22,22
70438,99,98,1,1
70439,85,93,-8,8
70440,85,81,4,4
70441,93,95,-2,2
70442,69,63,6,6
70443,59,54,5,5
70444,47,60,-13,13
70445,83,85,-2,2
70446,103,106,-3,3
70447,93,76,17,17
70448,125,122,3,3
70449,97,98,-1,1
70450,103,112,-9,9
70451,79,89,-10,10
70452,103,109,-6,6
70453,132,127,5,5
70454,165,173,-8,8
70455,132,142,-10,10
70456,88,92,-4,4
70457,92,82,10,10
70458,75,73,2,2
70459,108,112,-4,4
70460,98,101,-3,3
70461,133,174,-41,41
70462,75,78,-3,3
70463,187,190,-3,3
70464,123,121,2,2
70465,63,69,-6,6
70466,92,104,-12,12
70467,117,118,-1,1
70468,98,79,19,19
70469,247,233,14,14
70470,98,94,4,4
70471,102,101,1,1
70472,66,91,-25,25
70473,62,48,14,14
70474,84,89,-5,5
70475,52,50,2,2
70476,107,101,6,6
70477,155,126,29,29
70478,118,122,-4,4
70479,150,142,8,8
70480,112,106,6,6
70481,106,109,-3,3
70482,61,61,0,0
70483,101,104,-3,3
70484,80,79,1,1
70485,65,85,-20,20
70486,86,89,-3,3
70487,74,72,2,2
70488,163,157,6,6
70489,100,106,-6,6
70490,44,59,-15,15
70491,86,81,5,5
70492,119,116,3,3
70493,80,76,4,4
70494,57,74,-17,17
70495,136,115,21,21
70496,113,115,-2,2
70497,75,75,0,0
70498,41,34,7,7
70499,125,142,-17,17
70500,77,87,-10,10
70501,97,82,15,15
70502,159,168,-9,9
70503,43,49,-6,6
70504,47,57,-10,10
70505,53,66,-13,13
70506,141,136,5,5
70507,79,88,-9,9
70508,74,70,4,4
70509,117,118,-1,1
70510,39,58,-19,19
70511,74,72,2,2
70512,131,117,14,14
70513,95,82,13,13
70514,152,134,18,18
70515,80,77,3,3
70516,125,108,17,17
70517,114,117,-3,3
70518,113,98,15,15
70519,58,80,-22,22
70520,98,92,6,6
70521,135,122,13,13
70522,88,91,-3,3
70523,147,143,4,4
70524,83,85,-2,2
70525,145,139,6,6
70526,144,138,6,6
70527,142,144,-2,2
70528,65,82,-17,17
70529,59,68,-9,9
70530,116,106,10,10
70531,51,56,-5,5
70532,48,48,0,0
70533,113,115,-2,2
70534,87,64,23,23
70535,72,77,-5,5
70536,100,96,4,4
70537,66,66,0,0
70538,106,116,-10,10
70539,128,124,4,4
70540,71,76,-5,5
70541,69,73,-4,4
70542,117,119,-2,2
70543,125,129,-4,4
70544,105,93,12,12
70545,43,18,25,25
70546,154,170,-16,16
70547,77,78,-1,1
70548,104,102,2,2
70549,112,100,12,12
70550,84,89,-5,5
70551,69,70,-1,1
70552,135,116,19,19
70553,130,111,19,19
70554,117,131,-14,14
70555,47,54,-7,7
70556,114,116,-2,2
70557,100,110,-10,10
70558,129,135,-6,6
70559,59,63,-4,4
70560,159,148,11,11
70561,61,77,-16,16
70562,51,41,10,10
70563,92,90,2,2
70564,73,71,2,2
70565,98,78,20,20
70566,117,107,10,10
70567,100,107,-7,7
70568,54,75,-21,21
70569,76,77,-1,1
70570,132,129,3,3
70571,178,151,27,27
70572,91,99,-8,8
70573,127,113,14,14
70574,75,79,-4,4
70575,70,72,-2,2
70576,124,114,10,10
70577,125,129,-4,4
70578,80,78,2,2
70579,59,65,-6,6
70580,82,88,-6,6
70581,130,123,7,7
70582,82,89,-7,7
70583,93,91,2,2
70584,82,81,1,1
70585,160,140,20,20
70586,83,75,8,8
70587,128,116,12,12
70588,123,119,4,4
70589,98,102,-4,4
70590,104,91,13,13
70591,109,102,7,7
70592,48,49,-1,1
70593,62,73,-11,11
70594,63,60,3,3
70595,63,64,-1,1
70596,115,108,7,7
70597,94,82,12,12
70598,94,101,-7,7
70599,91,93,-2,2
70600,141,160,-19,19
70601,162,153,9,9
70602,91,96,-5,5
70603,88,92,-4,4
70604,117,125,-8,8
70605,52,56,-4,4
70606,57,48,9,9
70607,106,83,23,23
70608,77,89,-12,12
70609,58,60,-2,2
70610,85,84,1,1
70611,110,100,10,10
70612,74,79,-5,5
70613,97,91,6,6
70614,58,63,-5,5
70615,92,100,-8,8
70616,97,99,-2,2
70617,73,72,1,1
70618,89,92,-3,3
70619,108,93,15,15
70620,129,123,6,6
70621,83,82,1,1
70622,97,88,9,9
70623,88,81,7,7
70624,88,79,9,9
70625,74,87,-13,13
70626,103,99,4,4
70627,93,89,4,4
70628,39,42,-3,3
70629,168,160,8,8
70630,102,90,12,12
70631,77,77,0,0
70632,209,203,6,6
70633,88,90,-2,2
70634,88,84,4,4
70635,95,105,-10,10
70636,113,101,12,12
70637,109,119,-10,10
70638,93,98,-5,5
70639,167,159,8,8
70640,55,72,-17,17
70641,115,114,1,1
70642,101,105,-4,4
70643,52,64,-12,12
70644,155,146,9,9
70645,47,59,-12,12
70646,123,141,-18,18
70647,71,65,6,6
70648,109,124,-15,15
70649,63,62,1,1
70650,132,157,-25,25
70651,74,86,-12,12
70652,89,94,-5,5
70653,131,120,11,11
70654,71,79,-8,8
70655,100,91,9,9
70656,76,86,-10,10
70657,67,73,-6,6
70658,121,104,17,17
70659,45,58,-13,13
70660,79,72,7,7
70661,145,136,9,9
70662,242,193,49,49
70663,64,73,-9,9
70664,146,136,10,10
70665,80,76,4,4
70666,135,130,5,5
70667,94,87,7,7
70668,88,77,11,11
70669,119,134,-15,15
70670,129,122,7,7
70671,86,87,-1,1
70672,60,58,2,2
70673,148,155,-7,7
70674,43,54,-11,11
70675,41,29,12,12
70676,272,225,47,47
70677,116,109,7,7
70678,86,96,-10,10
70679,69,67,2,2
70680,51,52,-1,1
70681,80,74,6,6
70682,83,83,0,0
70683,108,100,8,8
70684,66,63,3,3
70685,178,168,10,10
70686,138,135,3,3
70687,124,111,13,13
70688,58,55,3,3
70689,93,89,4,4
70690,135,124,11,11
70691,98,87,11,11
70692,91,85,6,6
70693,83,75,8,8
70694,192,178,14,14
70695,119,107,12,12
70696,44,51,-7,7
70697,83,92,-9,9
70698,75,87,-12,12
70699,216,199,17,17
70700,178,155,23,23
70701,81,74,7,7
70702,56,69,-13,13
70703,85,86,-1,1
70704,87,86,1,1
70705,77,73,4,4
70706,73,83,-10,10
70707,122,122,0,0
70708,169,146,23,23
70709,155,133,22,22
70710,111,107,4,4
70711,37,51,-14,14
70712,116,125,-9,9
70713,107,103,4,4
70714,63,66,-3,3
70715,97,99,-2,2
70716,108,88,20,20
70717,94,91,3,3
70718,56,58,-2,2
70719,49,45,4,4
70720,87,111,-24,24
70721,110,101,9,9
70722,89,100,-11,11
70723,87,77,10,10
70724,127,123,4,4
70725,82,83,-1,1
70726,58,56,2,2
70727,69,67,2,2
70728,66,54,12,12
70729,62,79,-17,17
70730,80,89,-9,9
70731,62,58,4,4
70732,46,57,-11,11
70733,48,74,-26,26
70734,77,68,9,9
70735,99,112,-13,13
70736,98,104,-6,6
70737,87,92,-5,5
70738,63,67,-4,4
70739,114,113,1,1
70740,121,132,-11,11
70741,70,79,-9,9
70742,118,112,6,6
70743,116,103,13,13
70744,89,90,-1,1
70745,100,96,4,4
70746,249,232,17,17
70747,202,175,27,27
70748,152,154,-2,2
70749,140,139,1,1
70750,162,152,10,10
70751,90,88,2,2
70752,132,123,9,9
70753,79,65,14,14
70754,73,82,-9,9
70755,115,103,12,12
70756,188,152,36,36
70757,72,91,-19,19
70758,112,104,8,8
70759,131,114,17,17
70760,128,130,-2,2
70761,125,127,-2,2
70762,133,137,-4,4
70763,159,145,14,14
70764,96,81,15,15
70765,85,88,-3,3
70766,103,100,3,3
70767,74,74,0,0
70768,139,132,7,7
70769,114,108,6,6
70770,35,42,-7,7
70771,56,65,-9,9
70772,85,94,-9,9
70773,111,90,21,21
70774,107,112,-5,5
70775,138,140,-2,2
70776,79,80,-1,1
70777,89,82,7,7
70778,97,85,12,12
70779,88,77,11,11
70780,77,77,0,0
70781,83,84,-1,1
70782,138,136,2,2
70783,109,110,-1,1
70784,58,66,-8,8
70785,65,72,-7,7
70786,97,93,4,4
70787,95,98,-3,3
70788,93,87,6,6
70789,80,77,3,3
70790,88,85,3,3
70791,104,113,-9,9
70792,72,77,-5,5
70793,75,72,3,3
70794,88,89,-1,1
70795,104,104,0,0
70796,70,77,-7,7
70797,83,84,-1,1
70798,108,97,11,11
70799,84,76,8,8
70800,91,101,-10,10
70801,115,103,12,12
70802,80,76,4,4
70803,122,121,1,1
70804,116,115,1,1
70805,119,114,5,5
70806,105,116,-11,11
70807,80,88,-8,8
70808,63,73,-10,10
70809,108,121,-13,13
70810,73,68,5,5
70811,116,131,-15,15
70812,101,95,6,6
70813,78,74,4,4
70814,137,138,-1,1
70815,94,98,-4,4
70816,63,68,-5,5
70817,122,132,-10,10
70818,145,135,10,10
70819,110,96,14,14
70820,86,82,4,4
70821,160,163,-3,3
70822,149,138,11,11
70823,93,87,6,6
70824,77,70,7,7
70825,43,49,-6,6
70826,85,87,-2,2
70827,85,78,7,7
70828,71,71,0,0
70829,68,70,-2,2
70830,85,81,4,4
70831,74,86,-12,12
70832,152,166,-14,14
70833,161,151,10,10
70834,130,119,11,11
70835,83,72,11,11
70836,102,98,4,4
70837,96,108,-12,12
70838,111,115,-4,4
70839,41,43,-2,2
70840,54,53,1,1
70841,119,107,12,12
70842,89,71,18,18
70843,105,94,11,11
70844,163,159,4,4
70845,102,101,1,1
70846,90,82,8,8
70847,52,73,-21,21
70848,61,59,2,2
70849,84,101,-17,17
70850,87,88,-1,1
70851,56,72,-16,16
70852,86,98,-12,12
70853,153,142,11,11
70854,130,115,15,15
70855,171,142,29,29
70856,81,77,4,4
70857,76,72,4,4
70858,82,84,-2,2
70859,114,107,7,7
70860,103,105,-2,2
70861,98,99,-1,1
70862,130,126,4,4
70863,145,141,4,4
70864,66,88,-22,22
70865,136,111,25,25
70866,96,116,-20,20
70867,35,49,-14,14
70868,77,73,4,4
70869,108,105,3,3
70870,91,109,-18,18
70871,68,67,1,1
70872,114,118,-4,4
70873,38,42,-4,4
70874,123,112,11,11
70875,81,84,-3,3
70876,96,93,3,3
70877,89,76,13,13
70878,129,133,-4,4
70879,93,95,-2,2
70880,57,57,0,0
70881,81,73,8,8
70882,137,120,17,17
70883,83,84,-1,1
70884,97,93,4,4
70885,100,99,1,1
70886,83,80,3,3
70887,94,90,4,4
70888,87,95,-8,8
70889,154,130,24,24
70890,126,114,12,12
70891,74,72,2,2
70892,87,93,-6,6
70893,62,73,-11,11
70894,61,76,-15,15
70895,94,78,16,16
70896,91,80,11,11
70897,67,63,4,4
70898,87,90,-3,3
70899,58,67,-9,9
70900,126,129,-3,3
70901,102,99,3,3
70902,97,93,4,4
70903,60,68,-8,8
70904,84,79,5,5
70905,168,160,8,8
70906,89,83,6,6
70907,60,52,8,8
70908,99,105,-6,6
70909,119,120,-1,1
70910,90,96,-6,6
70911,150,132,18,18
70912,95,90,5,5
70913,79,74,5,5
70914,45,49,-4,4
70915,101,93,8,8
70916,123,134,-11,11
70917,145,128,17,17
70918,56,57,-1,1
70919,83,81,2,2
70920,48,59,-11,11
70921,65,66,-1,1
70922,102,107,-5,5
70923,75,74,1,1
70924,194,198,-4,4
70925,55,56,-1,1
70926,61,66,-5,5
70927,97,97,0,0
70928,123,118,5,5
70929,47,59,-12,12
70930,99,112,-13,13
70931,88,92,-4,4
70932,65,81,-16,16
70933,71,72,-1,1
70934,140,119,21,21
70935,113,102,11,11
70936,70,81,-11,11
70937,123,115,8,8
70938,113,106,7,7
70939,170,159,11,11
70940,101,105,-4,4
70941,113,109,4,4
70942,102,95,7,7
70943,74,87,-13,13
70944,73,62,11,11
70945,90,88,2,2
70946,62,78,-16,16
70947,104,130,-26,26
70948,119,120,-1,1
70949,71,77,-6,6
70950,129,117,12,12
70951,48,46,2,2
70952,149,135,14,14
70953,63,67,-4,4
70954,115,115,0,0
70955,110,124,-14,14
70956,93,118,-25,25
70957,100,103,-3,3
70958,90,86,4,4
70959,46,64,-18,18
70960,126,129,-3,3
70961,99,100,-1,1
70962,65,63,2,2
70963,77,84,-7,7
70964,70,63,7,7
70965,82,85,-3,3
70966,91,93,-2,2
70967,142,131,11,11
70968,73,71,2,2
70969,146,150,-4,4
70970,106,110,-4,4
70971,185,175,10,10
70972,72,74,-2,2
70973,119,111,8,8
70974,56,60,-4,4
70975,110,98,12,12
70976,94,93,1,1
70977,79,91,-12,12
70978,50,54,-4,4
70979,86,79,7,7
70980,73,71,2,2
70981,81,81,0,0
70982,68,89,-21,21
70983,69,85,-16,16
70984,135,111,24,24
70985,162,98,64,64
70986,107,100,7,7
70987,74,70,4,4
70988,61,67,-6,6
70989,101,91,10,10
70990,70,65,5,5
70991,101,126,-25,25
70992,61,54,7,7
70993,103,94,9,9
70994,47,112,-65,65
70995,87,83,4,4
70996,73,71,2,2
70997,100,94,6,6
70998,97,86,11,11
70999,75,74,1,1
71000,77,78,-1,1
71001,59,58,1,1
71002,136,128,8,8
71003,44,57,-13,13
71004,149,150,-1,1
71005,85,84,1,1
71006,132,134,-2,2
71007,54,60,-6,6
71008,98,89,9,9
71009,102,100,2,2
71010,122,118,4,4
71011,70,68,2,2
71012,121,95,26,26
71013,86,89,-3,3
71014,99,100,-1,1
71015,71,76,-5,5
71016,113,106,7,7
71017,100,107,-7,7
71018,61,62,-1,1
71019,69,68,1,1
71020,103,103,0,0
71021,122,135,-13,13
71022,90,86,4,4
71023,113,105,8,8
71024,99,110,-11,11
71025,100,99,1,1
71026,77,87,-10,10
71027,84,76,8,8
71028,101,101,0,0
71029,86,78,8,8
71030,43,62,-19,19
71031,73,77,-4,4
71032,128,123,5,5
71033,81,65,16,16
71034,67,63,4,4
71035,137,114,23,23
71036,77,70,7,7
71037,52,57,-5,5
71038,103,113,-10,10
71039,107,111,-4,4
71040,101,97,4,4
71041,80,75,5,5
71042,114,108,6,6
71043,112,121,-9,9
71044,118,104,14,14
71045,110,112,-2,2
71046,88,81,7,7
71047,63,85,-22,22
71048,125,135,-10,10
71049,126,110,16,16
71050,68,67,1,1
71051,59,58,1,1
71052,69,68,1,1
71053,90,82,8,8
71054,108,110,-2,2
71055,80,86,-6,6
71056,63,61,2,2
71057,52,54,-2,2
71058,72,87,-15,15
71059,76,88,-12,12
71060,92,88,4,4
71061,133,142,-9,9
71062,65,66,-1,1
71063,69,69,0,0
71064,121,107,14,14
71065,92,87,5,5
71066,67,81,-14,14
71067,134,129,5,5
71068,81,81,0,0
71069,68,93,-25,25
71070,67,67,0,0
71071,52,56,-4,4
71072,107,106,1,1
71073,120,110,10,10
71074,133,123,10,10
71075,150,134,16,16
71076,124,124,0,0
71077,86,93,-7,7
71078,29,32,-3,3
71079,170,144,26,26
71080,88,85,3,3
71081,158,152,6,6
71082,58,59,-1,1
71083,129,117,12,12
71084,94,89,5,5
71085,116,108,8,8
71086,159,159,0,0
71087,86,90,-4,4
71088,174,160,14,14
71089,104,95,9,9
71090,90,83,7,7
71091,101,103,-2,2
71092,107,100,7,7
71093,133,112,21,21
71094,70,72,-2,2
71095,100,95,5,5
71096,174,168,6,6
71097,41,35,6,6
71098,85,87,-2,2
71099,76,85,-9,9
71100,73,84,-11,11
71101,131,116,15,15
71102,83,85,-2,2
71103,88,93,-5,5
71104,128,115,13,13
71105,86,85,1,1
71106,163,157,6,6
71107,104,107,-3,3
71108,50,55,-5,5
71109,114,88,26,26
71110,108,114,-6,6
71111,72,69,3,3
71112,63,70,-7,7
71113,51,51,0,0
71114,94,91,3,3
71115,76,68,8,8
71116,39,54,-15,15
71117,100,105,-5,5
71118,64,48,16,16
71119,87,81,6,6
71120,112,108,4,4
71121,105,106,-1,1
71122,84,94,-10,10
71123,135,123,12,12
71124,66,62,4,4
71125,164,158,6,6
71126,53,59,-6,6
71127,131,116,15,15
71128,97,92,5,5
71129,44,45,-1,1
71130,85,82,3,3
71131,58,54,4,4
71132,105,112,-7,7
71133,51,70,-19,19
71134,67,67,0,0
71135,82,87,-5,5
71136,100,95,5,5
71137,154,144,10,10
71138,89,93,-4,4
71139,88,85,3,3
71140,104,83,21,21
71141,82,64,18,18
71142,97,89,8,8
71143,87,97,-10,10
71144,71,61,10,10
71145,87,90,-3,3
71146,71,80,-9,9
71147,168,157,11,11
71148,124,113,11,11
71149,75,67,8,8
71150,137,118,19,19
71151,131,124,7,7
71152,161,164,-3,3
71153,80,76,4,4
71154,109,106,3,3
71155,65,67,-2,2
71156,152,153,-1,1
71157,120,116,4,4
71158,116,115,1,1
71159,82,103,-21,21
71160,214,184,30,30
71161,75,83,-8,8
71162,95,84,11,11
71163,120,107,13,13
71164,126,116,10,10
71165,112,101,11,11
71166,115,111,4,4
71167,94,83,11,11
71168,84,92,-8,8
71169,99,99,0,0
71170,69,90,-21,21
71171,62,71,-9,9
71172,106,102,4,4
71173,110,102,8,8
71174,78,86,-8,8
71175,161,163,-2,2
71176,140,108,32,32
71177,83,100,-17,17
71178,110,92,18,18
71179,50,55,-5,5
71180,160,147,13,13
71181,93,78,15,15
71182,161,155,6,6
71183,37,53,-16,16
71184,58,47,11,11
71185,109,118,-9,9
71186,99,107,-8,8
71187,124,136,-12,12
71188,65,59,6,6
71189,113,118,-5,5
71190,114,118,-4,4
71191,127,106,21,21
71192,99,93,6,6
71193,83,76,7,7
71194,74,77,-3,3
71195,112,122,-10,10
71196,76,72,4,4
71197,86,78,8,8
71198,59,75,-16,16
71199,185,155,30,30
71200,113,89,24,24
71201,90,98,-8,8
71202,60,61,-1,1
71203,136,116,20,20
71204,94,101,-7,7
71205,100,82,18,18
71206,93,97,-4,4
71207,80,75,5,5
71208,138,129,9,9
71209,123,120,3,3
71210,84,88,-4,4
71211,96,95,1,1
71212,123,129,-6,6
71213,46,101,-55,55
71214,54,63,-9,9
71215,135,126,9,9
71216,135,127,8,8
71217,79,97,-18,18
71218,127,120,7,7
71219,75,80,-5,5
71220,43,32,11,11
71221,107,92,15,15
71222,86,73,13,13
71223,114,97,17,17
71224,56,70,-14,14
71225,80,73,7,7
71226,86,82,4,4
71227,62,59,3,3
71228,78,67,11,11
71229,158,154,4,4
71230,96,114,-18,18
71231,88,84,4,4
71232,62,65,-3,3
71233,116,107,9,9
71234,103,109,-6,6
71235,108,118,-10,10
71236,96,105,-9,9
71237,65,74,-9,9
71238,64,66,-2,2
71239,136,125,11,11
71240,92,100,-8,8
71241,66,54,12,12
71242,106,104,2,2
71243,168,166,2,2
71244,91,92,-1,1
71245,90,95,-5,5
71246,83,81,2,2
71247,198,180,18,18
71248,98,100,-2,2
71249,116,90,26,26
71250,77,80,-3,3
71251,95,101,-6,6
71252,113,109,4,4
71253,102,101,1,1
71254,54,59,-5,5
71255,138,140,-2,2
71256,76,81,-5,5
71257,58,58,0,0
71258,74,70,4,4
71259,93,107,-14,14
71260,56,69,-13,13
71261,139,131,8,8
71262,169,165,4,4
71263,131,122,9,9
71264,64,66,-2,2
71265,89,94,-5,5
71266,111,100,11,11
71267,149,142,7,7
71268,86,85,1,1
71269,67,104,-37,37
71270,54,50,4,4
71271,47,55,-8,8
71272,43,46,-3,3
71273,90,85,5,5
71274,139,122,17,17
71275,62,70,-8,8
71276,67,83,-16,16
71277,75,86,-11,11
71278,87,81,6,6
71279,82,77,5,5
71280,41,72,-31,31
71281,86,94,-8,8
71282,151,132,19,19
71283,87,88,-1,1
71284,107,103,4,4
71285,67,60,7,7
71286,90,105,-15,15
71287,133,109,24,24
71288,42,52,-10,10
71289,124,110,14,14
71290,66,63,3,3
71291,74,75,-1,1
71292,54,58,-4,4
71293,123,111,12,12
71294,137,138,-1,1
71295,67,59,8,8
71296,113,116,-3,3
71297,103,99,4,4
71298,161,150,11,11
71299,114,109,5,5
71300,112,134,-22,22
71301,103,119,-16,16
71302,112,109,3,3
71303,123,123,0,0
71304,65,73,-8,8
71305,97,83,14,14
71306,68,63,5,5
71307,69,74,-5,5
71308,69,70,-1,1
71309,143,132,11,11
71310,107,108,-1,1
71311,59,81,-22,22
71312,125,123,2,2
71313,57,58,-1,1
71314,108,114,-6,6
71315,86,84,2,2
71316,98,91,7,7
71317,82,78,4,4
71318,87,115,-28,28
71319,65,76,-11,11
71320,96,83,13,13
71321,60,50,10,10
71322,77,74,3,3
71323,81,82,-1,1
71324,147,143,4,4
71325,75,73,2,2
71326,75,78,-3,3
71327,85,95,-10,10
71328,94,93,1,1
71329,158,150,8,8
71330,103,76,27,27
71331,125,117,8,8
71332,119,136,-17,17
71333,109,98,11,11
71334,64,58,6,6
71335,74,81,-7,7
71336,33,44,-11,11
71337,104,103,1,1
71338,73,73,0,0
71339,148,115,33,33
71340,57,71,-14,14
71341,62,52,10,10
71342,143,129,14,14
71343,96,116,-20,20
71344,61,76,-15,15
71345,126,115,11,11
71346,66,93,-27,27
71347,97,99,-2,2
71348,58,56,2,2
71349,85,83,2,2
71350,207,210,-3,3
71351,114,115,-1,1
71352,105,102,3,3
71353,92,94,-2,2
71354,80,74,6,6
71355,97,98,-1,1
71356,93,92,1,1
71357,55,71,-16,16
71358,89,87,2,2
71359,116,112,4,4
71360,98,107,-9,9
71361,79,66,13,13
71362,127,133,-6,6
71363,112,109,3,3
71364,131,116,15,15
71365,92,99,-7,7
71366,81,77,4,4
71367,236,205,31,31
71368,110,110,0,0
71369,66,79,-13,13
71370,100,108,-8,8
71371,98,101,-3,3
71372,118,112,6,6
71373,91,97,-6,6
71374,162,141,21,21
71375,77,72,5,5
71376,67,84,-17,17
71377,131,142,-11,11
71378,103,104,-1,1
71379,57,68,-11,11
71380,93,83,10,10
71381,72,76,-4,4
71382,67,56,11,11
71383,49,57,-8,8
71384,72,68,4,4
71385,56,56,0,0
71386,154,192,-38,38
71387,72,88,-16,16
71388,44,42,2,2
71389,97,104,-7,7
71390,173,138,35,35
71391,151,144,7,7
71392,92,94,-2,2
71393,41,56,-15,15
71394,101,100,1,1
71395,151,139,12,12
71396,112,101,11,11
71397,82,83,-1,1
71398,147,128,19,19
71399,104,79,25,25
71400,156,144,12,12
71401,69,73,-4,4
71402,88,89,-1,1
71403,49,58,-9,9
71404,72,86,-14,14
71405,87,92,-5,5
71406,83,73,10,10
71407,78,77,1,1
71408,109,112,-3,3
71409,118,126,-8,8
71410,146,210,-64,64
71411,95,81,14,14
71412,139,122,17,17
71413,112,119,-7,7
71414,74,80,-6,6
71415,101,107,-6,6
71416,69,65,4,4
71417,60,66,-6,6
71418,52,58,-6,6
71419,70,77,-7,7
71420,52,52,0,0
71421,93,94,-1,1
71422,75,84,-9,9
71423,50,44,6,6
71424,64,72,-8,8
71425,167,132,35,35
71426,59,74,-15,15
71427,117,114,3,3
71428,97,93,4,4
71429,93,103,-10,10
71430,70,82,-12,12
71431,91,83,8,8
71432,52,60,-8,8
71433,97,106,-9,9
71434,66,49,17,17
71435,91,86,5,5
71436,72,121,-49,49
71437,113,109,4,4
71438,91,94,-3,3
71439,50,73,-23,23
71440,85,98,-13,13
71441,167,178,-11,11
71442,78,72,6,6
71443,149,136,13,13
71444,102,89,13,13
71445,116,117,-1,1
71446,69,75,-6,6
71447,63,66,-3,3
71448,108,104,4,4
71449,81,73,8,8
71450,82,80,2,2
71451,113,101,12,12
71452,83,89,-6,6
71453,97,87,10,10
71454,78,97,-19,19
71455,102,105,-3,3
71456,109,118,-9,9
71457,64,68,-4,4
71458,98,92,6,6
71459,156,131,25,25
71460,126,112,14,14
71461,90,94,-4,4
71462,122,119,3,3
71463,67,69,-2,2
71464,60,61,-1,1
71465,60,69,-9,9
71466,73,65,8,8
71467,135,148,-13,13
71468,116,111,5,5
71469,92,97,-5,5
71470,116,119,-3,3
71471,76,71,5,5
71472,137,134,3,3
71473,38,66,-28,28
71474,212,192,20,20
71475,115,105,10,10
71476,170,139,31,31
71477,140,157,-17,17
71478,194,165,29,29
71479,119,115,4,4
71480,46,53,-7,7
71481,67,73,-6,6
71482,114,117,-3,3
71483,107,134,-27,27
71484,83,97,-14,14
71485,103,88,15,15
71486,75,83,-8,8
71487,117,140,-23,23
71488,59,64,-5,5
71489,68,97,-29,29
71490,117,122,-5,5
71491,142,140,2,2
71492,50,48,2,2
71493,72,69,3,3
71494,114,129,-15,15
71495,161,157,4,4
71496,104,105,-1,1
71497,241,187,54,54
71498,72,71,1,1
71499,89,91,-2,2
71500,76,75,1,1
71501,97,93,4,4
71502,93,88,5,5
71503,73,58,15,15
71504,67,59,8,8
71505,89,85,4,4
71506,91,97,-6,6
71507,112,116,-4,4
71508,156,142,14,14
71509,59,58,1,1
71510,71,76,-5,5
71511,35,36,-1,1
71512,60,62,-2,2
71513,151,154,-3,3
71514,83,88,-5,5
71515,114,106,8,8
71516,66,67,-1,1
71517,68,77,-9,9
71518,128,128,0,0
71519,168,128,40,40
71520,84,78,6,6
71521,87,92,-5,5
71522,94,107,-13,13
71523,44,51,-7,7
71524,93,101,-8,8
71525,135,129,6,6
71526,80,79,1,1
71527,105,99,6,6
71528,86,94,-8,8
71529,115,109,6,6
71530,183,149,34,34
71531,120,121,-1,1
71532,25,28,-3,3
71533,53,53,0,0
71534,131,119,12,12
71535,164,155,9,9
71536,74,73,1,1
71537,125,130,-5,5
71538,91,92,-1,1
71539,106,89,17,17
71540,95,98,-3,3
71541,75,72,3,3
71542,114,111,3,3
71543,70,57,13,13
71544,89,81,8,8
71545,37,69,-32,32
71546,90,85,5,5
71547,60,36,24,24
71548,106,111,-5,5
71549,59,65,-6,6
71550,114,132,-18,18
71551,69,71,-2,2
71552,96,98,-2,2
71553,90,157,-67,67
71554,132,124,8,8
71555,117,111,6,6
71556,78,86,-8,8
71557,63,71,-8,8
71558,96,100,-4,4
71559,132,102,30,30
71560,83,88,-5,5
71561,114,108,6,6
71562,109,106,3,3
71563,97,85,12,12
71564,81,90,-9,9
71565,95,92,3,3
71566,82,80,2,2
71567,127,127,0,0
71568,108,99,9,9
71569,91,114,-23,23
71570,87,86,1,1
71571,92,84,8,8
71572,165,170,-5,5
71573,85,82,3,3
71574,50,55,-5,5
71575,62,55,7,7
71576,97,96,1,1
71577,87,96,-9,9
71578,66,59,7,7
71579,76,71,5,5
71580,75,74,1,1
71581,172,163,9,9
71582,45,51,-6,6
71583,86,91,-5,5
71584,73,79,-6,6
71585,189,156,33,33
71586,65,79,-14,14
71587,76,84,-8,8
71588,95,93,2,2
71589,95,91,4,4
71590,87,80,7,7
71591,108,112,-4,4
71592,91,85,6,6
71593,69,77,-8,8
71594,141,151,-10,10
71595,75,77,-2,2
71596,82,93,-11,11
71597,55,51,4,4
71598,55,67,-12,12
71599,121,114,7,7
71600,55,46,9,9
71601,131,119,12,12
71602,111,110,1,1
71603,52,60,-8,8
71604,141,135,6,6
71605,82,102,-20,20
71606,49,52,-3,3
71607,67,81,-14,14
71608,65,61,4,4
71609,116,120,-4,4
71610,112,117,-5,5
71611,117,109,8,8
71612,137,129,8,8
71613,95,102,-7,7
71614,59,75,-16,16
71615,84,91,-7,7
71616,89,75,14,14
71617,137,136,1,1
71618,194,185,9,9
71619,144,151,-7,7
71620,106,88,18,18
71621,122,116,6,6
71622,67,78,-11,11
71623,104,114,-10,10
71624,114,114,0,0
71625,84,86,-2,2
71626,49,78,-29,29
71627,232,198,34,34
71628,79,82,-3,3
71629,101,105,-4,4
71630,105,108,-3,3
71631,104,103,1,1
71632,221,179,42,42
71633,124,114,10,10
71634,154,142,12,12
71635,110,99,11,11
71636,75,72,3,3
71637,175,158,17,17
71638,162,158,4,4
71639,169,155,14,14
71640,82,95,-13,13
71641,69,74,-5,5
71642,63,67,-4,4
71643,101,113,-12,12
71644,59,59,0,0
71645,123,127,-4,4
71646,105,100,5,5
71647,99,93,6,6
71648,58,61,-3,3
71649,103,90,13,13
71650,77,80,-3,3
71651,64,63,1,1
71652,49,48,1,1
71653,96,90,6,6
71654,78,82,-4,4
71655,124,131,-7,7
71656,66,89,-23,23
71657,163,142,21,21
71658,140,164,-24,24
71659,77,80,-3,3
71660,55,70,-15,15
71661,64,73,-9,9
71662,73,49,24,24
71663,86,88,-2,2
71664,87,86,1,1
71665,80,77,3,3
71666,74,76,-2,2
71667,69,63,6,6
71668,118,114,4,4
71669,74,75,-1,1
71670,162,158,4,4
71671,63,77,-14,14
71672,88,83,5,5
71673,105,115,-10,10
71674,70,57,13,13
71675,86,83,3,3
71676,82,89,-7,7
71677,181,165,16,16
71678,60,64,-4,4
71679,139,130,9,9
71680,45,43,2,2
71681,84,86,-2,2
71682,87,78,9,9
71683,94,90,4,4
71684,94,98,-4,4
71685,102,114,-12,12
71686,82,76,6,6
71687,102,89,13,13
71688,51,53,-2,2
71689,91,89,2,2
71690,92,89,3,3
71691,119,122,-3,3
71692,98,100,-2,2
71693,92,94,-2,2
71694,144,142,2,2
71695,117,112,5,5
71696,61,52,9,9
71697,55,39,16,16
71698,89,86,3,3
71699,83,82,1,1
71700,122,117,5,5
71701,101,102,-1,1
71702,71,73,-2,2
71703,183,177,6,6
71704,79,88,-9,9
71705,68,84,-16,16
71706,124,123,1,1
71707,96,90,6,6
71708,82,78,4,4
71709,99,103,-4,4
71710,145,135,10,10
71711,143,132,11,11
71712,131,136,-5,5
71713,83,86,-3,3
71714,118,139,-21,21
71715,65,77,-12,12
71716,52,77,-25,25
71717,78,71,7,7
71718,76,74,2,2
71719,142,139,3,3
71720,90,91,-1,1
71721,64,45,19,19
71722,70,71,-1,1
71723,81,91,-10,10
71724,155,149,6,6
71725,94,116,-22,22
71726,64,53,11,11
71727,83,77,6,6
71728,112,119,-7,7
71729,112,97,15,15
71730,132,132,0,0
71731,84,79,5,5
71732,63,71,-8,8
71733,78,84,-6,6
71734,143,147,-4,4
71735,71,71,0,0
71736,94,90,4,4
71737,75,69,6,6
71738,54,61,-7,7
71739,81,75,6,6
71740,72,83,-11,11
71741,95,84,11,11
71742,136,115,21,21
71743,89,80,9,9
71744,66,65,1,1
71745,95,90,5,5
71746,85,91,-6,6
71747,114,108,6,6
71748,70,77,-7,7
71749,70,90,-20,20
71750,115,111,4,4
71751,139,131,8,8
71752,104,93,11,11
71753,65,76,-11,11
71754,145,137,8,8
71755,108,97,11,11
71756,81,82,-1,1
71757,85,68,17,17
71758,59,59,0,0
71759,146,148,-2,2
71760,89,94,-5,5
71761,94,83,11,11
71762,82,78,4,4
71763,58,64,-6,6
71764,78,85,-7,7
71765,92,75,17,17
71766,65,58,7,7
71767,100,87,13,13
71768,126,111,15,15
71769,115,111,4,4
71770,64,68,-4,4
71771,67,78,-11,11
71772,114,118,-4,4
71773,73,74,-1,1
71774,86,77,9,9
71775,92,76,16,16
71776,393,290,103,103
71777,121,140,-19,19
71778,77,81,-4,4
71779,106,83,23,23
71780,81,77,4,4
71781,99,70,29,29
71782,150,166,-16,16
71783,98,99,-1,1
71784,107,112,-5,5
71785,59,65,-6,6
71786,53,53,0,0
71787,99,93,6,6
71788,138,127,11,11
71789,58,71,-13,13
71790,85,78,7,7
71791,129,119,10,10
71792,60,57,3,3
71793,67,64,3,3
71794,107,98,9,9
71795,42,38,4,4
71796,73,70,3,3
71797,81,92,-11,11
71798,154,146,8,8
71799,84,82,2,2
71800,67,73,-6,6
71801,62,57,5,5
71802,93,84,9,9
71803,119,105,14,14
71804,112,107,5,5
71805,146,157,-11,11
71806,45,45,0,0
71807,127,118,9,9
71808,87,88,-1,1
71809,122,109,13,13
71810,83,83,0,0
71811,116,112,4,4
71812,95,99,-4,4
71813,101,111,-10,10
71814,132,141,-9,9
71815,116,100,16,16
71816,79,71,8,8
71817,94,106,-12,12
71818,131,112,19,19
71819,61,67,-6,6
71820,66,69,-3,3
71821,78,78,0,0
71822,145,169,-24,24
71823,166,170,-4,4
71824,88,82,6,6
71825,99,95,4,4
71826,85,100,-15,15
71827,62,61,1,1
71828,85,92,-7,7
71829,103,105,-2,2
71830,123,129,-6,6
71831,43,50,-7,7
71832,89,96,-7,7
71833,61,60,1,1
71834,65,62,3,3
71835,81,74,7,7
71836,77,63,14,14
71837,118,108,10,10
71838,53,61,-8,8
71839,90,73,17,17
71840,101,116,-15,15
71841,88,87,1,1
71842,136,146,-10,10
71843,142,144,-2,2
71844,79,80,-1,1
71845,124,131,-7,7
71846,69,73,-4,4
71847,55,57,-2,2
71848,84,79,5,5
71849,34,48,-14,14
71850,86,78,8,8
71851,67,79,-12,12
71852,234,204,30,30
71853,175,170,5,5
71854,50,51,-1,1
71855,75,74,1,1
71856,61,71,-10,10
71857,103,101,2,2
71858,59,64,-5,5
71859,83,99,-16,16
71860,50,50,0,0
71861,89,85,4,4
71862,65,78,-13,13
71863,140,121,19,19
71864,158,144,14,14
71865,113,112,1,1
71866,118,133,-15,15
71867,172,151,21,21
71868,119,127,-8,8
71869,106,102,4,4
71870,146,142,4,4
71871,72,70,2,2
71872,84,85,-1,1
71873,78,87,-9,9
71874,58,53,5,5
71875,85,74,11,11
71876,137,129,8,8
71877,86,109,-23,23
71878,78,75,3,3
71879,88,90,-2,2
71880,108,114,-6,6
71881,104,100,4,4
71882,77,90,-13,13
71883,101,115,-14,14
71884,109,120,-11,11
71885,84,95,-11,11
71886,70,76,-6,6
71887,134,138,-4,4
71888,51,51,0,0
71889,128,125,3,3
71890,103,119,-16,16
71891,76,83,-7,7
71892,101,117,-16,16
71893,92,95,-3,3
71894,72,74,-2,2
71895,68,69,-1,1
71896,84,94,-10,10
71897,88,93,-5,5
71898,119,116,3,3
71899,56,65,-9,9
71900,31,35,-4,4
71901,91,88,3,3
71902,163,139,24,24
71903,124,108,16,16
71904,71,63,8,8
71905,101,102,-1,1
71906,112,122,-10,10
71907,103,103,0,0
71908,74,67,7,7
71909,57,56,1,1
71910,137,133,4,4
71911,124,105,19,19
71912,77,85,-8,8
71913,83,85,-2,2
71914,66,78,-12,12
71915,110,105,5,5
71916,65,65,0,0
71917,98,117,-19,19
71918,87,89,-2,2
71919,90,83,7,7
71920,140,132,8,8
71921,116,106,10,10
71922,128,115,13,13
71923,73,75,-2,2
71924,155,163,-8,8
71925,96,102,-6,6
71926,115,127,-12,12
71927,63,70,-7,7
71928,57,48,9,9
71929,113,118,-5,5
71930,104,97,7,7
71931,53,54,-1,1
71932,62,82,-20,20
71933,53,61,-8,8
71934,71,71,0,0
71935,76,72,4,4
71936,117,116,1,1
71937,57,56,1,1
71938,79,65,14,14
71939,69,87,-18,18
71940,78,78,0,0
71941,40,64,-24,24
71942,58,72,-14,14
71943,105,90,15,15
71944,87,102,-15,15
71945,118,102,16,16
71946,101,108,-7,7
71947,32,44,-12,12
71948,75,80,-5,5
71949,112,104,8,8
71950,112,110,2,2
71951,124,134,-10,10
71952,68,67,1,1
71953,72,71,1,1
71954,52,58,-6,6
71955,84,89,-5,5
71956,78,70,8,8
71957,106,95,11,11
71958,126,126,0,0
71959,103,110,-7,7
71960,110,97,13,13
71961,91,91,0,0
71962,149,138,11,11
71963,55,53,2,2
71964,113,112,1,1
71965,72,66,6,6
71966,79,82,-3,3
71967,125,128,-3,3
71968,126,119,7,7
71969,156,162,-6,6
71970,69,75,-6,6
71971,59,50,9,9
71972,92,115,-23,23
71973,65,62,3,3
71974,94,100,-6,6
71975,76,99,-23,23
71976,145,133,12,12
71977,141,139,2,2
71978,71,71,0,0
71979,91,89,2,2
71980,56,68,-12,12
71981,107,118,-11,11
71982,73,74,-1,1
71983,120,138,-18,18
71984,109,66,43,43
71985,125,110,15,15
71986,80,84,-4,4
71987,55,73,-18,18
71988,92,87,5,5
71989,125,118,7,7
71990,74,68,6,6
71991,65,75,-10,10
71992,85,91,-6,6
71993,41,42,-1,1
71994,73,88,-15,15
71995,133,119,14,14
71996,48,51,-3,3
71997,81,75,6,6
71998,109,126,-17,17
71999,98,99,-1,1
72000,123,121,2,2
72001,103,104,-1,1
72002,79,87,-8,8
72003,60,74,-14,14
72004,93,94,-1,1
72005,162,144,18,18
72006,121,109,12,12
72007,113,110,3,3
72008,64,61,3,3
72009,61,62,-1,1
72010,110,111,-1,1
72011,106,105,1,1
72012,111,102,9,9
72013,72,76,-4,4
72014,50,51,-1,1
72015,58,60,-2,2
72016,112,132,-20,20
72017,86,99,-13,13
72018,77,78,-1,1
72019,116,106,10,10
72020,77,79,-2,2
72021,156,123,33,33
72022,94,92,2,2
72023,152,148,4,4
72024,153,151,2,2
72025,91,98,-7,7
72026,114,106,8,8
72027,54,56,-2,2
72028,68,57,11,11
72029,108,125,-17,17
72030,144,132,12,12
72031,122,104,18,18
72032,94,92,2,2
72033,100,98,2,2
72034,63,67,-4,4
72035,109,94,15,15
72036,92,90,2,2
72037,104,100,4,4
72038,80,62,18,18
72039,83,81,2,2
72040,115,117,-2,2
72041,149,142,7,7
72042,111,114,-3,3
72043,64,78,-14,14
72044,117,108,9,9
72045,68,78,-10,10
72046,98,88,10,10
72047,58,53,5,5
72048,109,102,7,7
72049,84,78,6,6
72050,59,62,-3,3
72051,122,108,14,14
72052,67,85,-18,18
72053,74,64,10,10
72054,65,66,-1,1
72055,95,83,12,12
72056,90,96,-6,6
72057,71,81,-10,10
72058,46,41,5,5
72059,37,45,-8,8
72060,128,119,9,9
72061,110,102,8,8
72062,98,100,-2,2
72063,55,52,3,3
72064,118,105,13,13
72065,28,26,2,2
72066,164,163,1,1
72067,97,100,-3,3
72068,149,140,9,9
72069,100,96,4,4
72070,102,106,-4,4
72071,99,109,-10,10
72072,170,152,18,18
72073,124,127,-3,3
72074,109,116,-7,7
72075,146,141,5,5
72076,170,161,9,9
72077,85,82,3,3
72078,106,103,3,3
72079,96,98,-2,2
72080,105,106,-1,1
72081,116,101,15,15
72082,61,64,-3,3
72083,114,105,9,9
72084,105,100,5,5
72085,163,173,-10,10
72086,50,50,0,0
72087,141,126,15,15
72088,79,93,-14,14
72089,129,120,9,9
72090,82,80,2,2
72091,61,57,4,4
72092,69,73,-4,4
72093,62,77,-15,15
72094,93,99,-6,6
72095,92,100,-8,8
72096,91,102,-11,11
72097,45,54,-9,9
72098,167,149,18,18
72099,71,75,-4,4
72100,43,36,7,7
72101,122,130,-8,8
72102,73,73,0,0
72103,99,83,16,16
72104,82,84,-2,2
72105,119,110,9,9
72106,135,113,22,22
72107,46,50,-4,4
72108,102,104,-2,2
72109,66,63,3,3
72110,159,173,-14,14
72111,93,102,-9,9
72112,93,78,15,15
72113,71,75,-4,4
72114,106,98,8,8
72115,99,92,7,7
72116,145,156,-11,11
72117,102,123,-21,21
72118,146,150,-4,4
72119,129,110,19,19
72120,105,113,-8,8
72121,119,116,3,3
72122,49,64,-15,15
72123,114,114,0,0
72124,137,137,0,0
72125,84,81,3,3
72126,63,76,-13,13
72127,120,108,12,12
72128,63,68,-5,5
72129,153,147,6,6
72130,73,94,-21,21
72131,110,104,6,6
72132,178,137,41,41
72133,73,112,-39,39
72134,80,72,8,8
72135,98,99,-1,1
72136,122,119,3,3
72137,122,111,11,11
72138,95,92,3,3
72139,100,96,4,4
72140,107,106,1,1
72141,86,77,9,9
72142,62,61,1,1
72143,77,72,5,5
72144,49,50,-1,1
72145,68,87,-19,19
72146,25,58,-33,33
72147,83,72,11,11
72148,54,48,6,6
72149,122,126,-4,4
72150,115,117,-2,2
72151,92,85,7,7
72152,120,134,-14,14
72153,161,157,4,4
72154,100,86,14,14
72155,127,114,13,13
72156,56,69,-13,13
72157,120,111,9,9
72158,319,253,66,66
72159,161,146,15,15
72160,120,117,3,3
72161,119,100,19,19
72162,119,104,15,15
72163,155,126,29,29
72164,90,109,-19,19
72165,43,53,-10,10
72166,67,64,3,3
72167,75,66,9,9
72168,86,79,7,7
72169,107,107,0,0
72170,109,114,-5,5
72171,105,108,-3,3
72172,120,127,-7,7
72173,57,64,-7,7
72174,81,82,-1,1
72175,114,103,11,11
72176,101,88,13,13
72177,104,89,15,15
72178,105,90,15,15
72179,93,88,5,5
72180,117,132,-15,15
72181,93,84,9,9
72182,60,61,-1,1
72183,81,61,20,20
72184,96,93,3,3
72185,99,100,-1,1
72186,88,87,1,1
72187,113,104,9,9
72188,91,102,-11,11
72189,142,131,11,11
72190,95,98,-3,3
72191,79,87,-8,8
72192,80,87,-7,7
72193,54,65,-11,11
72194,124,105,19,19
72195,86,95,-9,9
72196,154,121,33,33
72197,77,85,-8,8
72198,129,115,14,14
72199,196,181,15,15
72200,78,75,3,3
72201,63,71,-8,8
72202,176,152,24,24
72203,102,96,6,6
72204,102,106,-4,4
72205,92,85,7,7
72206,145,117,28,28
72207,64,77,-13,13
72208,100,85,15,15
72209,96,118,-22,22
72210,96,81,15,15
72211,51,64,-13,13
72212,61,67,-6,6
72213,129,134,-5,5
72214,196,162,34,34
72215,61,59,2,2
72216,86,84,2,2
72217,69,81,-12,12
72218,121,106,15,15
72219,87,90,-3,3
72220,105,97,8,8
72221,67,87,-20,20
72222,71,80,-9,9
72223,165,154,11,11
72224,132,125,7,7
72225,171,159,12,12
72226,81,86,-5,5
72227,142,129,13,13
72228,75,70,5,5
72229,102,96,6,6
72230,86,96,-10,10
72231,136,135,1,1
72232,63,63,0,0
72233,122,125,-3,3
72234,89,95,-6,6
72235,97,99,-2,2
72236,67,65,2,2
72237,105,101,4,4
72238,64,74,-10,10
72239,85,97,-12,12
72240,99,97,2,2
72241,80,47,33,33
72242,115,98,17,17
72243,65,67,-2,2
72244,104,107,-3,3
72245,115,128,-13,13
72246,147,130,17,17
72247,105,107,-2,2
72248,141,132,9,9
72249,163,153,10,10
72250,129,121,8,8
72251,90,90,0,0
72252,73,70,3,3
72253,101,74,27,27
72254,103,104,-1,1
72255,53,63,-10,10
72256,67,67,0,0
72257,78,79,-1,1
72258,75,79,-4,4
72259,76,72,4,4
72260,105,107,-2,2
72261,103,99,4,4
72262,108,113,-5,5
72263,154,133,21,21
72264,84,85,-1,1
72265,125,121,4,4
72266,71,67,4,4
72267,84,83,1,1
72268,81,76,5,5
72269,95,100,-5,5
72270,249,201,48,48
72271,101,110,-9,9
72272,69,74,-5,5
72273,109,111,-2,2
72274,76,72,4,4
72275,92,88,4,4
72276,56,72,-16,16
72277,85,96,-11,11
72278,51,53,-2,2
72279,117,112,5,5
72280,74,73,1,1
72281,184,155,29,29
72282,82,89,-7,7
72283,93,100,-7,7
72284,87,81,6,6
72285,56,59,-3,3
72286,65,59,6,6
72287,95,88,7,7
72288,112,116,-4,4
72289,110,116,-6,6
72290,137,138,-1,1
72291,73,76,-3,3
72292,128,130,-2,2
72293,99,93,6,6
72294,133,129,4,4
72295,109,103,6,6
72296,74,80,-6,6
72297,99,82,17,17
72298,23,38,-15,15
72299,87,101,-14,14
72300,175,169,6,6
72301,71,81,-10,10
72302,64,67,-3,3
72303,74,80,-6,6
72304,127,115,12,12
72305,136,144,-8,8
72306,114,107,7,7
72307,143,144,-1,1
72308,115,117,-2,2
72309,83,91,-8,8
72310,118,116,2,2
72311,64,73,-9,9
72312,94,98,-4,4
72313,69,59,10,10
72314,142,139,3,3
72315,75,66,9,9
72316,58,68,-10,10
72317,19,39,-20,20
72318,83,95,-12,12
72319,59,59,0,0
72320,99,102,-3,3
72321,69,69,0,0
72322,95,81,14,14
72323,248,195,53,53
72324,129,105,24,24
72325,45,70,-25,25
72326,129,130,-1,1
72327,99,107,-8,8
72328,98,104,-6,6
72329,115,123,-8,8
72330,136,146,-10,10
72331,111,97,14,14
72332,98,105,-7,7
72333,85,91,-6,6
72334,141,126,15,15
72335,94,106,-12,12
72336,94,92,2,2
72337,112,111,1,1
72338,107,114,-7,7
72339,127,133,-6,6
72340,113,104,9,9
72341,131,115,16,16
72342,69,80,-11,11
72343,51,53,-2,2
72344,148,134,14,14
72345,79,63,16,16
72346,108,113,-5,5
72347,105,105,0,0
72348,82,96,-14,14
72349,152,162,-10,10
72350,77,81,-4,4
72351,96,100,-4,4
72352,118,142,-24,24
72353,176,200,-24,24
72354,161,164,-3,3
72355,74,69,5,5
72356,89,108,-19,19
72357,126,135,-9,9
72358,105,108,-3,3
72359,102,100,2,2
72360,74,91,-17,17
72361,122,127,-5,5
72362,80,81,-1,1
72363,75,71,4,4
72364,148,145,3,3
72365,129,125,4,4
72366,68,82,-14,14
72367,74,98,-24,24
72368,96,81,15,15
72369,88,88,0,0
72370,53,70,-17,17
72371,79,84,-5,5
72372,78,80,-2,2
72373,69,69,0,0
72374,134,118,16,16
72375,77,70,7,7
72376,144,126,18,18
72377,102,96,6,6
72378,112,131,-19,19
72379,122,114,8,8
72380,87,86,1,1
72381,111,115,-4,4
72382,102,102,0,0
72383,73,82,-9,9
72384,86,92,-6,6
72385,74,78,-4,4
72386,132,118,14,14
72387,128,128,0,0
72388,130,123,7,7
72389,62,57,5,5
72390,44,46,-2,2
72391,78,77,1,1
72392,95,91,4,4
72393,95,92,3,3
72394,116,113,3,3
72395,80,85,-5,5
72396,57,57,0,0
72397,84,102,-18,18
72398,122,102,20,20
72399,115,107,8,8
72400,185,164,21,21
72401,144,132,12,12
72402,54,61,-7,7
72403,125,127,-2,2
72404,107,128,-21,21
72405,140,157,-17,17
72406,59,51,8,8
72407,64,69,-5,5
72408,83,81,2,2
72409,56,59,-3,3
72410,79,71,8,8
72411,58,55,3,3
72412,92,99,-7,7
72413,138,136,2,2
72414,110,106,4,4
72415,197,152,45,45
72416,102,97,5,5
72417,75,83,-8,8
72418,127,124,3,3
72419,95,105,-10,10
72420,64,59,5,5
72421,68,66,2,2
72422,174,166,8,8
72423,61,59,2,2
72424,74,67,7,7
72425,106,98,8,8
72426,60,68,-8,8
72427,73,83,-10,10
72428,92,83,9,9
72429,189,139,50,50
72430,99,93,6,6
72431,147,141,6,6
72432,120,114,6,6
72433,75,79,-4,4
72434,57,56,1,1
72435,56,51,5,5
72436,73,66,7,7
72437,67,65,2,2
72438,176,161,15,15
72439,131,138,-7,7
72440,101,97,4,4
72441,77,68,9,9
72442,90,106,-16,16
72443,106,114,-8,8
72444,120,121,-1,1
72445,82,74,8,8
72446,117,116,1,1
72447,57,74,-17,17
72448,57,72,-15,15
72449,104,93,11,11
72450,85,90,-5,5
72451,112,105,7,7
72452,89,84,5,5
72453,88,104,-16,16
72454,87,73,14,14
72455,103,112,-9,9
72456,151,129,22,22
72457,92,98,-6,6
72458,98,90,8,8
72459,63,71,-8,8
72460,88,94,-6,6
72461,85,92,-7,7
72462,29,42,-13,13
72463,88,97,-9,9
72464,105,122,-17,17
72465,108,103,5,5
72466,69,46,23,23
72467,100,92,8,8
72468,67,74,-7,7
72469,78,65,13,13
72470,97,100,-3,3
72471,84,76,8,8
72472,57,71,-14,14
72473,124,104,20,20
72474,117,114,3,3
72475,101,85,16,16
72476,104,113,-9,9
72477,97,105,-8,8
72478,69,74,-5,5
72479,105,109,-4,4
72480,78,86,-8,8
72481,75,71,4,4
72482,67,37,30,30
72483,182,167,15,15
72484,49,54,-5,5
72485,89,97,-8,8
72486,72,77,-5,5
72487,97,104,-7,7
72488,72,78,-6,6
72489,66,67,-1,1
72490,118,124,-6,6
72491,49,60,-11,11
72492,87,82,5,5
72493,157,144,13,13
72494,63,63,0,0
72495,69,83,-14,14
72496,163,155,8,8
72497,221,190,31,31
72498,60,66,-6,6
72499,97,108,-11,11
72500,64,75,-11,11
72501,87,101,-14,14
72502,101,105,-4,4
72503,96,94,2,2
72504,111,144,-33,33
72505,67,81,-14,14
72506,112,118,-6,6
72507,92,84,8,8
72508,90,94,-4,4
72509,127,122,5,5
72510,62,70,-8,8
72511,82,92,-10,10
72512,131,112,19,19
72513,66,64,2,2
72514,122,137,-15,15
72515,80,93,-13,13
72516,83,102,-19,19
72517,71,85,-14,14
72518,76,80,-4,4
72519,130,144,-14,14
72520,72,61,11,11
72521,51,58,-7,7
72522,114,128,-14,14
72523,62,69,-7,7
72524,46,42,4,4
72525,58,62,-4,4
72526,84,90,-6,6
72527,69,61,8,8
72528,59,114,-55,55
72529,65,75,-10,10
72530,175,172,3,3
72531,135,124,11,11
72532,106,107,-1,1
72533,72,91,-19,19
72534,124,112,12,12
72535,126,112,14,14
72536,120,125,-5,5
72537,92,93,-1,1
72538,68,74,-6,6
72539,109,100,9,9
72540,74,83,-9,9
72541,61,50,11,11
72542,96,101,-5,5
72543,115,136,-21,21
72544,88,94,-6,6
72545,112,108,4,4
72546,182,169,13,13
72547,156,144,12,12
72548,156,142,14,14
72549,103,102,1,1
72550,89,78,11,11
72551,114,103,11,11
72552,106,94,12,12
72553,85,76,9,9
72554,107,101,6,6
72555,75,69,6,6
72556,84,82,2,2
72557,120,113,7,7
72558,95,79,16,16
72559,48,26,22,22
72560,65,62,3,3
72561,59,66,-7,7
72562,85,87,-2,2
72563,125,124,1,1
72564,89,79,10,10
72565,92,92,0,0
72566,131,132,-1,1
72567,83,80,3,3
72568,81,68,13,13
72569,82,72,10,10
72570,66,63,3,3
72571,126,123,3,3
72572,167,150,17,17
72573,103,115,-12,12
72574,119,99,20,20
72575,133,132,1,1
72576,138,140,-2,2
72577,136,121,15,15
72578,57,64,-7,7
72579,111,105,6,6
72580,75,76,-1,1
72581,64,61,3,3
72582,111,120,-9,9
72583,126,133,-7,7
72584,147,129,18,18
72585,188,162,26,26
72586,123,60,63,63
72587,87,95,-8,8
72588,77,76,1,1
72589,82,89,-7,7
72590,83,93,-10,10
72591,69,85,-16,16
72592,136,134,2,2
72593,53,48,5,5
72594,81,84,-3,3
72595,124,129,-5,5
72596,111,102,9,9
72597,120,108,12,12
72598,66,71,-5,5
72599,68,67,1,1
72600,147,138,9,9
72601,193,163,30,30
72602,62,63,-1,1
72603,113,111,2,2
72604,83,87,-4,4
72605,114,103,11,11
72606,138,138,0,0
72607,63,67,-4,4
72608,153,128,25,25
72609,75,79,-4,4
72610,104,109,-5,5
72611,138,169,-31,31
72612,86,74,12,12
72613,85,91,-6,6
72614,132,140,-8,8
72615,86,86,0,0
72616,60,64,-4,4
72617,119,108,11,11
72618,233,196,37,37
72619,125,126,-1,1
72620,128,127,1,1
72621,135,127,8,8
72622,92,89,3,3
72623,134,115,19,19
72624,108,104,4,4
72625,154,134,20,20
72626,149,153,-4,4
72627,112,106,6,6
72628,117,117,0,0
72629,158,138,20,20
72630,83,87,-4,4
72631,92,103,-11,11
72632,80,73,7,7
72633,86,87,-1,1
72634,23,20,3,3
72635,90,92,-2,2
72636,129,128,1,1
72637,122,132,-10,10
72638,49,64,-15,15
72639,58,60,-2,2
72640,115,109,6,6
72641,92,89,3,3
72642,146,158,-12,12
72643,69,96,-27,27
72644,107,116,-9,9
72645,152,131,21,21
72646,106,97,9,9
72647,78,73,5,5
72648,122,112,10,10
72649,97,99,-2,2
72650,62,64,-2,2
72651,125,146,-21,21
72652,172,156,16,16
72653,73,74,-1,1
72654,88,89,-1,1
72655,69,71,-2,2
72656,72,65,7,7
72657,87,95,-8,8
72658,53,46,7,7
72659,65,66,-1,1
72660,117,98,19,19
72661,105,110,-5,5
72662,168,148,20,20
72663,83,96,-13,13
72664,65,67,-2,2
72665,108,108,0,0
72666,45,51,-6,6
72667,123,106,17,17
72668,62,71,-9,9
72669,69,84,-15,15
72670,65,67,-2,2
72671,88,91,-3,3
72672,70,70,0,0
72673,115,107,8,8
72674,68,64,4,4
72675,109,115,-6,6
72676,117,122,-5,5
72677,68,69,-1,1
72678,93,95,-2,2
72679,76,63,13,13
72680,147,121,26,26
72681,124,120,4,4
72682,146,160,-14,14
72683,104,113,-9,9
72684,85,96,-11,11
72685,107,100,7,7
72686,131,113,18,18
72687,71,70,1,1
72688,78,68,10,10
72689,69,81,-12,12
72690,124,117,7,7
72691,101,100,1,1
72692,64,62,2,2
72693,69,62,7,7
72694,60,70,-10,10
72695,97,100,-3,3
72696,78,73,5,5
72697,106,129,-23,23
72698,102,87,15,15
72699,102,91,11,11
72700,135,133,2,2
72701,84,97,-13,13
72702,132,125,7,7
72703,81,71,10,10
72704,55,48,7,7
72705,80,76,4,4
72706,89,97,-8,8
72707,218,275,-57,57
72708,68,66,2,2
72709,136,113,23,23
72710,78,75,3,3
72711,66,70,-4,4
72712,115,121,-6,6
72713,102,89,13,13
72714,64,77,-13,13
72715,32,46,-14,14
72716,61,55,6,6
72717,98,106,-8,8
72718,87,74,13,13
72719,75,55,20,20
72720,131,117,14,14
72721,82,94,-12,12
72722,102,99,3,3
72723,68,60,8,8
72724,129,115,14,14
72725,147,136,11,11
72726,54,62,-8,8
72727,95,102,-7,7
72728,181,175,6,6
72729,102,105,-3,3
72730,49,52,-3,3
72731,100,86,14,14
72732,72,71,1,1
72733,137,136,1,1
72734,57,56,1,1
72735,85,84,1,1
72736,69,67,2,2
72737,44,61,-17,17
72738,102,106,-4,4
72739,140,155,-15,15
72740,59,70,-11,11
72741,59,66,-7,7
72742,67,62,5,5
72743,96,96,0,0
72744,54,24,30,30
72745,81,87,-6,6
72746,154,150,4,4
72747,134,128,6,6
72748,100,82,18,18
72749,104,103,1,1
72750,92,99,-7,7
72751,63,60,3,3
72752,115,99,16,16
72753,55,60,-5,5
72754,163,156,7,7
72755,122,133,-11,11
72756,106,107,-1,1
72757,90,97,-7,7
72758,97,93,4,4
72759,69,87,-18,18
72760,86,88,-2,2
72761,87,78,9,9
72762,134,110,24,24
72763,83,82,1,1
72764,96,107,-11,11
72765,75,66,9,9
72766,91,78,13,13
72767,74,66,8,8
72768,105,114,-9,9
72769,109,102,7,7
72770,50,74,-24,24
72771,83,74,9,9
72772,101,95,6,6
72773,98,106,-8,8
72774,78,89,-11,11
72775,115,94,21,21
72776,151,140,11,11
72777,50,32,18,18
72778,111,118,-7,7
72779,75,86,-11,11
72780,191,165,26,26
72781,82,78,4,4
72782,133,112,21,21
72783,131,134,-3,3
72784,69,60,9,9
72785,112,110,2,2
72786,52,57,-5,5
72787,109,116,-7,7
72788,82,94,-12,12
72789,106,108,-2,2
72790,36,32,4,4
72791,84,80,4,4
72792,103,94,9,9
72793,56,59,-3,3
72794,78,77,1,1
72795,69,73,-4,4
72796,67,78,-11,11
72797,83,88,-5,5
72798,103,99,4,4
72799,84,79,5,5
72800,68,74,-6,6
72801,78,82,-4,4
72802,118,108,10,10
72803,112,108,4,4
72804,108,102,6,6
72805,113,118,-5,5
72806,116,96,20,20
72807,67,65,2,2
72808,110,107,3,3
72809,100,85,15,15
72810,111,94,17,17
72811,82,92,-10,10
72812,157,150,7,7
72813,75,83,-8,8
72814,102,102,0,0
72815,90,88,2,2
72816,60,61,-1,1
72817,88,80,8,8
72818,96,101,-5,5
72819,117,119,-2,2
72820,76,83,-7,7
72821,166,140,26,26
72822,187,170,17,17
72823,73,63,10,10
72824,91,95,-4,4
72825,125,120,5,5
72826,60,63,-3,3
72827,91,83,8,8
72828,99,104,-5,5
72829,80,66,14,14
72830,125,136,-11,11
72831,111,124,-13,13
72832,54,55,-1,1
72833,192,170,22,22
72834,159,145,14,14
72835,71,67,4,4
72836,80,89,-9,9
72837,58,57,1,1
72838,78,76,2,2
72839,146,129,17,17
72840,73,67,6,6
72841,178,147,31,31
72842,94,97,-3,3
72843,131,124,7,7
72844,70,56,14,14
72845,126,117,9,9
72846,84,82,2,2
72847,80,96,-16,16
72848,214,182,32,32
72849,111,106,5,5
72850,134,138,-4,4
72851,89,80,9,9
72852,124,127,-3,3
72853,112,117,-5,5
72854,94,112,-18,18
72855,110,108,2,2
72856,143,128,15,15
72857,70,84,-14,14
72858,112,114,-2,2
72859,88,90,-2,2
72860,89,83,6,6
72861,78,71,7,7
72862,121,112,9,9
72863,69,66,3,3
72864,82,79,3,3
72865,137,150,-13,13
72866,116,111,5,5
72867,169,142,27,27
72868,108,98,10,10
72869,62,57,5,5
72870,66,79,-13,13
72871,126,109,17,17
72872,77,66,11,11
72873,170,158,12,12
72874,48,45,3,3
72875,123,109,14,14
72876,135,130,5,5
72877,128,137,-9,9
72878,108,110,-2,2
72879,102,87,15,15
72880,89,97,-8,8
72881,68,65,3,3
72882,83,79,4,4
72883,174,154,20,20
72884,130,132,-2,2
72885,176,160,16,16
72886,87,92,-5,5
72887,69,62,7,7
72888,69,79,-10,10
72889,100,86,14,14
72890,164,163,1,1
72891,94,101,-7,7
72892,82,96,-14,14
72893,191,201,-10,10
72894,99,107,-8,8
72895,78,87,-9,9
72896,68,70,-2,2
72897,121,107,14,14
72898,128,119,9,9
72899,149,134,15,15
72900,164,147,17,17
72901,74,69,5,5
72902,67,64,3,3
72903,59,69,-10,10
72904,100,122,-22,22
72905,62,75,-13,13
72906,100,106,-6,6
72907,79,91,-12,12
72908,137,154,-17,17
72909,74,74,0,0
72910,94,92,2,2
72911,119,104,15,15
72912,103,98,5,5
72913,95,92,3,3
72914,60,53,7,7
72915,111,104,7,7
72916,34,41,-7,7
72917,78,89,-11,11
72918,97,94,3,3
72919,111,101,10,10
72920,85,100,-15,15
72921,149,133,16,16
72922,90,84,6,6
72923,49,49,0,0
72924,138,132,6,6
72925,69,63,6,6
72926,79,70,9,9
72927,70,57,13,13
72928,82,78,4,4
72929,79,79,0,0
72930,85,97,-12,12
72931,89,93,-4,4
72932,67,65,2,2
72933,106,112,-6,6
72934,70,76,-6,6
72935,74,78,-4,4
72936,55,62,-7,7
72937,164,155,9,9
72938,77,74,3,3
72939,57,54,3,3
72940,97,120,-23,23
72941,136,143,-7,7
72942,83,93,-10,10
72943,66,79,-13,13
72944,92,88,4,4
72945,92,86,6,6
72946,71,67,4,4
72947,67,76,-9,9
72948,150,136,14,14
72949,69,68,1,1
72950,132,117,15,15
72951,194,193,1,1
72952,137,152,-15,15
72953,68,66,2,2
72954,90,91,-1,1
72955,113,113,0,0
72956,61,55,6,6
72957,160,145,15,15
72958,149,144,5,5
72959,48,41,7,7
72960,128,120,8,8
72961,102,95,7,7
72962,95,98,-3,3
72963,68,71,-3,3
72964,164,148,16,16
72965,92,98,-6,6
72966,100,102,-2,2
72967,68,67,1,1
72968,81,79,2,2
72969,87,80,7,7
72970,121,95,26,26
72971,95,100,-5,5
72972,99,91,8,8
72973,59,61,-2,2
72974,140,134,6,6
72975,109,90,19,19
72976,147,125,22,22
72977,84,83,1,1
72978,111,103,8,8
72979,85,94,-9,9
72980,63,74,-11,11
72981,64,59,5,5
72982,75,67,8,8
72983,136,117,19,19
72984,140,144,-4,4
72985,45,50,-5,5
72986,159,155,4,4
72987,110,99,11,11
72988,54,69,-15,15
72989,129,128,1,1
72990,170,155,15,15
72991,111,109,2,2
72992,72,68,4,4
72993,129,117,12,12
72994,67,74,-7,7
72995,159,162,-3,3
72996,60,63,-3,3
72997,91,94,-3,3
72998,126,113,13,13
72999,240,187,53,53
73000,113,105,8,8
73001,85,73,12,12
73002,54,77,-23,23
73003,68,56,12,12
73004,89,78,11,11
73005,142,117,25,25
73006,146,141,5,5
73007,87,83,4,4
73008,122,118,4,4
73009,81,52,29,29
73010,77,71,6,6
73011,113,99,14,14
73012,182,184,-2,2
73013,111,105,6,6
73014,97,82,15,15
73015,90,96,-6,6
73016,149,134,15,15
73017,62,75,-13,13
73018,121,119,2,2
73019,90,80,10,10
73020,64,62,2,2
73021,158,151,7,7
73022,89,92,-3,3
73023,93,81,12,12
73024,82,72,10,10
73025,80,69,11,11
73026,231,238,-7,7
73027,52,60,-8,8
73028,185,159,26,26
73029,125,132,-7,7
73030,116,116,0,0
73031,70,69,1,1
73032,92,83,9,9
73033,135,130,5,5
73034,83,86,-3,3
73035,78,83,-5,5
73036,89,89,0,0
73037,98,95,3,3
73038,74,81,-7,7
73039,117,109,8,8
73040,65,197,-132,132
73041,80,80,0,0
73042,82,72,10,10
73043,144,144,0,0
73044,64,64,0,0
73045,144,140,4,4
73046,46,43,3,3
73047,29,46,-17,17
73048,81,86,-5,5
73049,115,116,-1,1
73050,99,91,8,8
73051,80,73,7,7
73052,111,111,0,0
73053,113,108,5,5
73054,119,96,23,23
73055,49,21,28,28
73056,128,113,15,15
73057,168,134,34,34
73058,52,53,-1,1
73059,115,119,-4,4
73060,230,192,38,38
73061,113,117,-4,4
73062,66,59,7,7
73063,102,101,1,1
73064,52,49,3,3
73065,94,90,4,4
73066,69,64,5,5
73067,146,158,-12,12
73068,130,131,-1,1
73069,82,90,-8,8
73070,51,56,-5,5
73071,114,111,3,3
73072,58,76,-18,18
73073,70,86,-16,16
73074,74,77,-3,3
73075,75,69,6,6
73076,54,54,0,0
73077,134,124,10,10
73078,46,46,0,0
73079,79,78,1,1
73080,66,91,-25,25
73081,114,110,4,4
73082,76,89,-13,13
73083,149,135,14,14
73084,126,113,13,13
73085,91,98,-7,7
73086,56,52,4,4
73087,131,115,16,16
73088,119,134,-15,15
73089,119,120,-1,1
73090,124,127,-3,3
73091,142,131,11,11
73092,215,160,55,55
73093,59,55,4,4
73094,60,57,3,3
73095,76,80,-4,4
73096,54,42,12,12
73097,78,85,-7,7
73098,133,148,-15,15
73099,56,53,3,3
73100,79,73,6,6
73101,74,60,14,14
73102,55,60,-5,5
73103,62,54,8,8
73104,47,45,2,2
73105,112,116,-4,4
73106,112,108,4,4
73107,122,115,7,7
73108,104,104,0,0
73109,81,106,-25,25
73110,76,100,-24,24
73111,61,54,7,7
73112,230,185,45,45
73113,87,93,-6,6
73114,94,90,4,4
73115,83,79,4,4
73116,154,134,20,20
73117,140,129,11,11
73118,81,85,-4,4
73119,78,78,0,0
73120,112,99,13,13
73121,133,127,6,6
73122,72,84,-12,12
73123,150,134,16,16
73124,133,121,12,12
73125,74,63,11,11
73126,122,112,10,10
73127,90,89,1,1
73128,69,68,1,1
73129,75,84,-9,9
73130,50,48,2,2
73131,135,129,6,6
73132,126,118,8,8
73133,68,76,-8,8
73134,88,93,-5,5
73135,78,78,0,0
73136,55,58,-3,3
73137,94,95,-1,1
73138,57,62,-5,5
73139,70,69,1,1
73140,150,155,-5,5
73141,67,81,-14,14
73142,78,86,-8,8
73143,82,80,2,2
73144,123,120,3,3
73145,75,67,8,8
73146,151,156,-5,5
73147,79,79,0,0
73148,116,103,13,13
73149,89,92,-3,3
73150,143,147,-4,4
73151,94,101,-7,7
73152,94,106,-12,12
73153,81,92,-11,11
73154,77,86,-9,9
73155,85,87,-2,2
73156,104,115,-11,11
73157,58,61,-3,3
73158,76,84,-8,8
73159,72,73,-1,1
73160,90,74,16,16
73161,126,135,-9,9
73162,81,86,-5,5
73163,113,114,-1,1
73164,72,73,-1,1
73165,111,109,2,2
73166,94,90,4,4
73167,77,70,7,7
73168,76,73,3,3
73169,91,84,7,7
73170,84,83,1,1
73171,50,61,-11,11
73172,111,116,-5,5
73173,160,154,6,6
73174,90,93,-3,3
73175,165,165,0,0
73176,153,141,12,12
73177,38,37,1,1
73178,76,92,-16,16
73179,73,78,-5,5
73180,99,100,-1,1
73181,64,83,-19,19
73182,148,134,14,14
73183,146,148,-2,2
73184,86,82,4,4
73185,70,84,-14,14
73186,74,66,8,8
73187,102,101,1,1
73188,76,77,-1,1
73189,115,121,-6,6
73190,111,105,6,6
73191,67,54,13,13
73192,120,122,-2,2
73193,72,83,-11,11
73194,93,83,10,10
73195,256,210,46,46
73196,157,152,5,5
73197,70,67,3,3
73198,95,95,0,0
73199,99,102,-3,3
73200,94,89,5,5
73201,81,71,10,10
73202,102,95,7,7
73203,107,111,-4,4
73204,137,124,13,13
73205,91,94,-3,3
73206,90,101,-11,11
73207,68,65,3,3
73208,59,54,5,5
73209,86,84,2,2
73210,118,135,-17,17
73211,197,182,15,15
73212,55,20,35,35
73213,82,70,12,12
73214,96,98,-2,2
73215,88,104,-16,16
73216,72,87,-15,15
73217,56,69,-13,13
73218,110,106,4,4
73219,75,76,-1,1
73220,107,109,-2,2
73221,100,108,-8,8
73222,137,133,4,4
73223,76,82,-6,6
73224,174,164,10,10
73225,101,115,-14,14
73226,85,88,-3,3
73227,53,57,-4,4
73228,108,97,11,11
73229,82,83,-1,1
73230,84,85,-1,1
73231,92,89,3,3
73232,125,128,-3,3
73233,93,101,-8,8
73234,54,60,-6,6
73235,113,103,10,10
73236,196,188,8,8
73237,71,67,4,4
73238,75,77,-2,2
73239,46,51,-5,5
73240,107,100,7,7
73241,82,90,-8,8
73242,88,101,-13,13
73243,57,50,7,7
73244,153,159,-6,6
73245,131,118,13,13
73246,111,129,-18,18
73247,136,137,-1,1
73248,58,59,-1,1
73249,85,89,-4,4
73250,98,86,12,12
73251,80,75,5,5
73252,82,94,-12,12
73253,74,68,6,6
73254,135,124,11,11
73255,88,91,-3,3
73256,27,37,-10,10
73257,60,50,10,10
73258,82,75,7,7
73259,176,163,13,13
73260,163,157,6,6
73261,130,138,-8,8
73262,120,123,-3,3
73263,143,124,19,19
73264,138,130,8,8
73265,88,80,8,8
73266,125,113,12,12
73267,81,75,6,6
73268,56,52,4,4
73269,70,91,-21,21
73270,59,66,-7,7
73271,117,160,-43,43
73272,35,39,-4,4
73273,115,109,6,6
73274,59,57,2,2
73275,88,81,7,7
73276,124,121,3,3
73277,110,93,17,17
73278,118,106,12,12
73279,103,101,2,2
73280,121,118,3,3
73281,78,82,-4,4
73282,69,85,-16,16
73283,129,137,-8,8
73284,75,94,-19,19
73285,54,48,6,6
73286,185,164,21,21
73287,105,99,6,6
73288,65,57,8,8
73289,145,134,11,11
73290,134,116,18,18
73291,102,93,9,9
73292,75,80,-5,5
73293,106,99,7,7
73294,122,112,10,10
73295,42,49,-7,7
73296,144,130,14,14
73297,104,96,8,8
73298,117,105,12,12
73299,69,70,-1,1
73300,63,75,-12,12
73301,184,143,41,41
73302,96,94,2,2
73303,86,82,4,4
73304,98,94,4,4
73305,78,80,-2,2
73306,91,88,3,3
73307,53,51,2,2
73308,79,82,-3,3
73309,141,131,10,10
73310,82,76,6,6
73311,49,49,0,0
73312,109,104,5,5
73313,61,69,-8,8
73314,90,101,-11,11
73315,61,48,13,13
73316,94,105,-11,11
73317,134,114,20,20
73318,65,66,-1,1
73319,136,138,-2,2
73320,164,145,19,19
73321,98,106,-8,8
73322,83,78,5,5
73323,40,58,-18,18
73324,67,77,-10,10
73325,90,90,0,0
73326,62,56,6,6
73327,60,54,6,6
73328,115,106,9,9
73329,135,127,8,8
73330,75,71,4,4
73331,35,70,-35,35
73332,94,108,-14,14
73333,113,103,10,10
73334,133,114,19,19
73335,103,92,11,11
73336,108,99,9,9
73337,65,64,1,1
73338,67,53,14,14
73339,121,118,3,3
73340,89,107,-18,18
73341,69,70,-1,1
73342,128,126,2,2
73343,99,99,0,0
73344,100,101,-1,1
73345,88,74,14,14
73346,160,132,28,28
73347,94,87,7,7
73348,111,108,3,3
73349,83,70,13,13
73350,51,60,-9,9
73351,126,114,12,12
73352,150,137,13,13
73353,57,57,0,0
73354,63,65,-2,2
73355,112,105,7,7
73356,196,170,26,26
73357,71,73,-2,2
73358,152,141,11,11
73359,87,83,4,4
73360,59,54,5,5
73361,144,140,4,4
73362,122,108,14,14
73363,61,76,-15,15
73364,99,104,-5,5
73365,74,66,8,8
73366,68,65,3,3
73367,92,95,-3,3
73368,147,148,-1,1
73369,114,105,9,9
73370,64,65,-1,1
73371,92,78,14,14
73372,85,77,8,8
73373,100,92,8,8
73374,142,138,4,4
73375,34,15,19,19
73376,107,87,20,20
73377,110,97,13,13
73378,154,162,-8,8
73379,69,72,-3,3
73380,91,102,-11,11
73381,124,121,3,3
73382,71,59,12,12
73383,61,65,-4,4
73384,110,107,3,3
73385,86,88,-2,2
73386,143,151,-8,8
73387,65,64,1,1
73388,82,74,8,8
73389,90,98,-8,8
73390,156,167,-11,11
73391,177,168,9,9
73392,108,107,1,1
73393,100,112,-12,12
73394,60,82,-22,22
73395,81,91,-10,10
73396,99,98,1,1
73397,63,89,-26,26
73398,87,103,-16,16
73399,53,62,-9,9
73400,47,47,0,0
73401,65,73,-8,8
73402,79,70,9,9
73403,65,70,-5,5
73404,99,102,-3,3
73405,61,60,1,1
73406,101,105,-4,4
73407,75,65,10,10
73408,99,104,-5,5
73409,84,79,5,5
73410,130,121,9,9
73411,147,128,19,19
73412,103,97,6,6
73413,48,50,-2,2
73414,88,93,-5,5
73415,115,121,-6,6
73416,81,83,-2,2
73417,69,77,-8,8
73418,144,137,7,7
73419,103,100,3,3
73420,84,87,-3,3
73421,175,196,-21,21
73422,133,114,19,19
73423,88,93,-5,5
73424,112,109,3,3
73425,98,103,-5,5
73426,79,68,11,11
73427,65,63,2,2
73428,75,92,-17,17
73429,101,108,-7,7
73430,44,49,-5,5
73431,89,83,6,6
73432,107,107,0,0
73433,85,91,-6,6
73434,42,49,-7,7
73435,86,95,-9,9
73436,92,82,10,10
73437,70,86,-16,16
73438,79,73,6,6
73439,39,63,-24,24
73440,90,82,8,8
73441,126,115,11,11
73442,116,112,4,4
73443,69,80,-11,11
73444,51,69,-18,18
73445,107,99,8,8
73446,88,93,-5,5
73447,104,90,14,14
73448,81,71,10,10
73449,78,71,7,7
73450,87,89,-2,2
73451,63,73,-10,10
73452,92,96,-4,4
73453,125,116,9,9
73454,113,109,4,4
73455,50,61,-11,11
73456,71,61,10,10
73457,78,87,-9,9
73458,65,68,-3,3
73459,145,126,19,19
73460,64,56,8,8
73461,83,76,7,7
73462,162,138,24,24
73463,84,90,-6,6
73464,149,150,-1,1
73465,68,71,-3,3
73466,84,100,-16,16
73467,74,66,8,8
73468,106,108,-2,2
73469,87,99,-12,12
73470,102,134,-32,32
73471,142,127,15,15
73472,159,143,16,16
73473,49,55,-6,6
73474,133,138,-5,5
73475,89,83,6,6
73476,47,69,-22,22
73477,111,110,1,1
73478,79,80,-1,1
73479,108,122,-14,14
73480,58,52,6,6
73481,111,124,-13,13
73482,46,46,0,0
73483,69,60,9,9
73484,144,145,-1,1
73485,122,118,4,4
73486,114,117,-3,3
73487,60,62,-2,2
73488,75,79,-4,4
73489,79,77,2,2
73490,97,98,-1,1
73491,177,160,17,17
73492,111,98,13,13
73493,35,28,7,7
73494,133,118,15,15
73495,58,49,9,9
73496,114,92,22,22
73497,80,87,-7,7
73498,133,121,12,12
73499,116,115,1,1
73500,88,62,26,26
73501,126,108,18,18
73502,135,143,-8,8
73503,85,89,-4,4
73504,154,157,-3,3
73505,118,102,16,16
73506,92,88,4,4
73507,146,153,-7,7
73508,63,69,-6,6
73509,77,88,-11,11
73510,113,114,-1,1
73511,110,124,-14,14
73512,63,64,-1,1
73513,78,68,10,10
73514,130,123,7,7
73515,64,58,6,6
73516,81,81,0,0
73517,75,69,6,6
73518,41,48,-7,7
73519,139,137,2,2
73520,60,64,-4,4
73521,81,80,1,1
73522,108,103,5,5
73523,102,94,8,8
73524,63,51,12,12
73525,111,111,0,0
73526,42,44,-2,2
73527,93,87,6,6
73528,106,112,-6,6
73529,92,79,13,13
73530,87,84,3,3
73531,100,106,-6,6
73532,73,70,3,3
73533,65,64,1,1
73534,84,91,-7,7
73535,158,151,7,7
73536,73,78,-5,5
73537,116,135,-19,19
73538,79,88,-9,9
73539,114,109,5,5
73540,108,107,1,1
73541,89,82,7,7
73542,65,86,-21,21
73543,123,120,3,3
73544,70,67,3,3
73545,58,66,-8,8
73546,61,64,-3,3
73547,118,142,-24,24
73548,91,101,-10,10
73549,82,89,-7,7
73550,42,45,-3,3
73551,43,49,-6,6
73552,144,142,2,2
73553,60,72,-12,12
73554,29,79,-50,50
73555,111,104,7,7
73556,69,67,2,2
73557,192,153,39,39
73558,88,102,-14,14
73559,64,50,14,14
73560,131,119,12,12
73561,107,119,-12,12
73562,95,108,-13,13
73563,70,95,-25,25
73564,51,49,2,2
73565,195,175,20,20
73566,77,84,-7,7
73567,117,114,3,3
73568,87,83,4,4
73569,46,46,0,0
73570,71,78,-7,7
73571,65,69,-4,4
73572,171,176,-5,5
73573,106,107,-1,1
73574,82,90,-8,8
73575,130,122,8,8
73576,58,63,-5,5
73577,105,107,-2,2
73578,121,122,-1,1
73579,148,141,7,7
73580,87,79,8,8
73581,98,109,-11,11
73582,74,73,1,1
73583,138,134,4,4
73584,95,97,-2,2
73585,104,108,-4,4
73586,64,62,2,2
73587,74,73,1,1
73588,126,109,17,17
73589,93,104,-11,11
73590,80,79,1,1
73591,62,65,-3,3
73592,56,57,-1,1
73593,91,95,-4,4
73594,202,182,20,20
73595,97,111,-14,14
73596,109,126,-17,17
73597,62,34,28,28
73598,156,136,20,20
73599,62,74,-12,12
73600,156,155,1,1
73601,60,64,-4,4
73602,67,70,-3,3
73603,109,113,-4,4
73604,129,121,8,8
73605,126,113,13,13
73606,141,139,2,2
73607,117,103,14,14
73608,167,162,5,5
73609,123,135,-12,12
73610,127,113,14,14
73611,70,67,3,3
73612,67,66,1,1
73613,93,93,0,0
73614,79,71,8,8
73615,80,100,-20,20
73616,81,82,-1,1
73617,77,67,10,10
73618,57,42,15,15
73619,125,127,-2,2
73620,137,124,13,13
73621,98,105,-7,7
73622,76,76,0,0
73623,99,87,12,12
73624,88,90,-2,2
73625,71,67,4,4
73626,85,85,0,0
73627,93,95,-2,2
73628,112,102,10,10
73629,63,66,-3,3
73630,79,90,-11,11
73631,90,89,1,1
73632,71,65,6,6
73633,67,84,-17,17
73634,147,136,11,11
73635,57,80,-23,23
73636,61,57,4,4
73637,100,104,-4,4
73638,79,86,-7,7
73639,136,124,12,12
73640,88,86,2,2
73641,67,72,-5,5
73642,173,156,17,17
73643,111,98,13,13
73644,96,92,4,4
73645,91,92,-1,1
73646,90,80,10,10
73647,93,90,3,3
73648,99,103,-4,4
73649,57,52,5,5
73650,71,73,-2,2
73651,165,160,5,5
73652,91,103,-12,12
73653,59,56,3,3
73654,103,103,0,0
73655,72,75,-3,3
73656,95,95,0,0
73657,86,71,15,15
73658,142,134,8,8
73659,92,94,-2,2
73660,86,92,-6,6
73661,143,133,10,10
73662,37,43,-6,6
73663,66,67,-1,1
73664,121,120,1,1
73665,89,37,52,52
73666,54,57,-3,3
73667,64,66,-2,2
73668,48,52,-4,4
73669,33,37,-4,4
73670,154,159,-5,5
73671,55,54,1,1
73672,85,69,16,16
73673,68,66,2,2
73674,88,93,-5,5
73675,61,66,-5,5
73676,123,110,13,13
73677,98,103,-5,5
73678,161,139,22,22
73679,53,60,-7,7
73680,68,65,3,3
73681,131,121,10,10
73682,100,102,-2,2
73683,64,60,4,4
73684,109,124,-15,15
73685,87,79,8,8
73686,78,77,1,1
73687,56,67,-11,11
73688,96,94,2,2
73689,104,100,4,4
73690,94,85,9,9
73691,66,75,-9,9
73692,106,98,8,8
73693,132,147,-15,15
73694,142,117,25,25
73695,112,116,-4,4
73696,104,65,39,39
73697,129,135,-6,6
73698,107,103,4,4
73699,137,131,6,6
73700,81,82,-1,1
73701,57,53,4,4
73702,126,122,4,4
73703,57,75,-18,18
73704,141,129,12,12
73705,94,85,9,9
73706,56,78,-22,22
73707,100,96,4,4
73708,65,73,-8,8
73709,153,144,9,9
73710,106,109,-3,3
73711,65,67,-2,2
73712,89,94,-5,5
73713,69,61,8,8
73714,172,153,19,19
73715,74,84,-10,10
73716,55,64,-9,9
73717,95,95,0,0
73718,80,85,-5,5
73719,72,78,-6,6
73720,69,71,-2,2
73721,77,91,-14,14
73722,136,133,3,3
73723,60,74,-14,14
73724,106,102,4,4
73725,98,95,3,3
73726,113,118,-5,5
73727,66,63,3,3
73728,117,107,10,10
73729,75,77,-2,2
73730,123,120,3,3
73731,54,54,0,0
73732,157,158,-1,1
73733,100,90,10,10
73734,74,83,-9,9
73735,61,60,1,1
73736,72,74,-2,2
73737,81,78,3,3
73738,138,143,-5,5
73739,137,136,1,1
73740,163,158,5,5
73741,65,69,-4,4
73742,130,119,11,11
73743,68,76,-8,8
73744,97,94,3,3
73745,167,160,7,7
73746,93,69,24,24
73747,63,72,-9,9
73748,91,80,11,11
73749,174,161,13,13
73750,138,115,23,23
73751,75,81,-6,6
73752,129,136,-7,7
73753,116,97,19,19
73754,47,56,-9,9
73755,116,113,3,3
73756,103,101,2,2
73757,112,94,18,18
73758,133,137,-4,4
73759,55,37,18,18
73760,75,83,-8,8
73761,53,54,-1,1
73762,88,98,-10,10
73763,132,125,7,7
73764,35,46,-11,11
73765,45,42,3,3
73766,67,65,2,2
73767,124,115,9,9
73768,148,135,13,13
73769,138,115,23,23
73770,98,91,7,7
73771,81,79,2,2
73772,54,56,-2,2
73773,35,54,-19,19
73774,69,63,6,6
73775,66,62,4,4
73776,116,106,10,10
73777,86,82,4,4
73778,95,102,-7,7
73779,95,108,-13,13
73780,61,61,0,0
73781,79,87,-8,8
73782,74,99,-25,25
73783,117,115,2,2
73784,63,57,6,6
73785,138,122,16,16
73786,125,117,8,8
73787,95,88,7,7
73788,66,74,-8,8
73789,53,57,-4,4
73790,83,93,-10,10
73791,60,64,-4,4
73792,52,52,0,0
73793,55,51,4,4
73794,100,100,0,0
73795,91,101,-10,10
73796,87,102,-15,15
73797,63,52,11,11
73798,122,103,19,19
73799,75,67,8,8
73800,57,64,-7,7
73801,55,68,-13,13
73802,110,106,4,4
73803,88,88,0,0
73804,155,171,-16,16
73805,96,104,-8,8
73806,81,93,-12,12
73807,102,99,3,3
73808,141,120,21,21
73809,105,105,0,0
73810,68,58,10,10
73811,80,69,11,11
73812,94,104,-10,10
73813,60,62,-2,2
73814,107,86,21,21
73815,112,114,-2,2
73816,92,88,4,4
73817,86,70,16,16
73818,131,120,11,11
73819,62,66,-4,4
73820,146,134,12,12
73821,67,79,-12,12
73822,77,74,3,3
73823,101,97,4,4
73824,80,83,-3,3
73825,97,82,15,15
73826,140,123,17,17
73827,128,158,-30,30
73828,108,112,-4,4
73829,91,80,11,11
73830,91,91,0,0
73831,87,87,0,0
73832,151,127,24,24
73833,91,102,-11,11
73834,161,143,18,18
73835,60,76,-16,16
73836,135,121,14,14
73837,73,84,-11,11
73838,88,106,-18,18
73839,71,70,1,1
73840,80,76,4,4
73841,50,48,2,2
73842,106,101,5,5
73843,66,72,-6,6
73844,90,100,-10,10
73845,122,125,-3,3
73846,99,86,13,13
73847,73,77,-4,4
73848,60,72,-12,12
73849,63,160,-97,97
73850,105,127,-22,22
73851,34,54,-20,20
73852,74,79,-5,5
73853,122,121,1,1
73854,123,111,12,12
73855,66,68,-2,2
73856,122,117,5,5
73857,114,99,15,15
73858,165,170,-5,5
73859,139,157,-18,18
73860,58,43,15,15
73861,70,68,2,2
73862,71,64,7,7
73863,158,174,-16,16
73864,66,70,-4,4
73865,166,133,33,33
73866,129,116,13,13
73867,91,91,0,0
73868,109,123,-14,14
73869,118,136,-18,18
73870,90,103,-13,13
73871,125,132,-7,7
73872,94,84,10,10
73873,107,98,9,9
73874,144,138,6,6
73875,83,81,2,2
73876,71,84,-13,13
73877,93,88,5,5
73878,103,95,8,8
73879,78,76,2,2
73880,33,76,-43,43
73881,44,75,-31,31
73882,129,117,12,12
73883,210,179,31,31
73884,98,104,-6,6
73885,60,80,-20,20
73886,110,105,5,5
73887,56,54,2,2
73888,149,142,7,7
73889,86,85,1,1
73890,101,103,-2,2
73891,80,75,5,5
73892,96,89,7,7
73893,66,74,-8,8
73894,73,73,0,0
73895,87,66,21,21
73896,73,81,-8,8
73897,96,89,7,7
73898,36,46,-10,10
73899,171,236,-65,65
73900,125,113,12,12
73901,82,91,-9,9
73902,79,68,11,11
73903,148,121,27,27
73904,137,135,2,2
73905,82,93,-11,11
73906,72,93,-21,21
73907,57,55,2,2
73908,162,150,12,12
73909,148,133,15,15
73910,82,76,6,6
73911,76,64,12,12
73912,72,78,-6,6
73913,42,62,-20,20
73914,102,108,-6,6
73915,61,62,-1,1
73916,107,113,-6,6
73917,72,51,21,21
73918,117,134,-17,17
73919,70,76,-6,6
73920,60,69,-9,9
73921,110,96,14,14
73922,94,101,-7,7
73923,121,124,-3,3
73924,102,103,-1,1
73925,61,63,-2,2
73926,69,62,7,7
73927,51,69,-18,18
73928,113,131,-18,18
73929,148,160,-12,12
73930,129,161,-32,32
73931,60,64,-4,4
73932,82,100,-18,18
73933,149,142,7,7
73934,64,72,-8,8
73935,95,92,3,3
73936,105,95,10,10
73937,129,128,1,1
73938,140,135,5,5
73939,143,146,-3,3
73940,67,60,7,7
73941,81,85,-4,4
73942,131,118,13,13
73943,61,52,9,9
73944,95,90,5,5
73945,121,120,1,1
73946,96,91,5,5
73947,159,132,27,27
73948,51,46,5,5
73949,72,76,-4,4
73950,83,86,-3,3
73951,114,106,8,8
73952,90,101,-11,11
73953,72,70,2,2
73954,88,86,2,2
73955,149,143,6,6
73956,69,64,5,5
73957,67,65,2,2
73958,65,86,-21,21
73959,119,129,-10,10
73960,146,131,15,15
73961,75,80,-5,5
73962,175,161,14,14
73963,109,109,0,0
73964,80,73,7,7
73965,99,93,6,6
73966,137,155,-18,18
73967,77,94,-17,17
73968,44,67,-23,23
73969,96,111,-15,15
73970,55,65,-10,10
73971,113,109,4,4
73972,108,102,6,6
73973,55,50,5,5
73974,138,120,18,18
73975,74,74,0,0
73976,69,71,-2,2
73977,131,136,-5,5
73978,129,152,-23,23
73979,103,114,-11,11
73980,50,50,0,0
73981,90,92,-2,2
73982,42,44,-2,2
73983,140,149,-9,9
73984,76,92,-16,16
73985,113,111,2,2
73986,43,50,-7,7
73987,73,80,-7,7
73988,116,114,2,2
73989,112,125,-13,13
73990,126,128,-2,2
73991,98,105,-7,7
73992,83,110,-27,27
73993,51,85,-34,34
73994,73,105,-32,32
73995,220,177,43,43
73996,72,79,-7,7
73997,63,68,-5,5
73998,107,101,6,6
73999,90,92,-2,2
74000,50,69,-19,19
74001,100,101,-1,1
74002,126,117,9,9
74003,73,79,-6,6
74004,88,94,-6,6
74005,65,74,-9,9
74006,73,64,9,9
74007,83,72,11,11
74008,118,129,-11,11
74009,77,66,11,11
74010,175,171,4,4
74011,101,96,5,5
74012,72,69,3,3
74013,84,89,-5,5
74014,320,270,50,50
74015,86,99,-13,13
74016,48,58,-10,10
74017,82,80,2,2
74018,111,112,-1,1
74019,83,93,-10,10
74020,105,136,-31,31
74021,87,88,-1,1
74022,92,94,-2,2
74023,106,108,-2,2
74024,179,174,5,5
74025,123,117,6,6
74026,68,83,-15,15
74027,52,54,-2,2
74028,155,127,28,28
74029,97,103,-6,6
74030,78,81,-3,3
74031,52,52,0,0
74032,62,59,3,3
74033,92,89,3,3
74034,113,101,12,12
74035,141,142,-1,1
74036,66,80,-14,14
74037,97,94,3,3
74038,80,98,-18,18
74039,71,96,-25,25
74040,117,112,5,5
74041,202,179,23,23
74042,89,89,0,0
74043,65,68,-3,3
74044,83,100,-17,17
74045,151,139,12,12
74046,68,59,9,9
74047,84,93,-9,9
74048,114,105,9,9
74049,67,81,-14,14
74050,48,39,9,9
74051,108,111,-3,3
74052,159,148,11,11
74053,84,77,7,7
74054,153,141,12,12
74055,52,65,-13,13
74056,159,143,16,16
74057,118,119,-1,1
74058,83,90,-7,7
74059,50,49,1,1
74060,125,109,16,16
74061,41,92,-51,51
74062,62,67,-5,5
74063,85,71,14,14
74064,133,128,5,5
74065,129,123,6,6
74066,97,92,5,5
74067,102,97,5,5
74068,23,39,-16,16
74069,74,75,-1,1
74070,41,56,-15,15
74071,108,117,-9,9
74072,104,108,-4,4
74073,108,88,20,20
74074,97,100,-3,3
74075,74,85,-11,11
74076,94,90,4,4
74077,78,77,1,1
74078,117,112,5,5
74079,119,121,-2,2
74080,60,49,11,11
74081,86,77,9,9
74082,84,83,1,1
74083,72,80,-8,8
74084,93,99,-6,6
74085,72,70,2,2
74086,156,145,11,11
74087,73,77,-4,4
74088,108,115,-7,7
74089,126,121,5,5
74090,93,95,-2,2
74091,79,65,14,14
74092,181,152,29,29
74093,83,83,0,0
74094,119,132,-13,13
74095,71,67,4,4
74096,77,54,23,23
74097,104,136,-32,32
74098,72,80,-8,8
74099,68,69,-1,1
74100,98,97,1,1
74101,57,87,-30,30
74102,80,113,-33,33
74103,73,56,17,17
74104,191,185,6,6
74105,100,96,4,4
74106,132,111,21,21
74107,40,40,0,0
74108,54,49,5,5
74109,154,144,10,10
74110,139,139,0,0
74111,107,93,14,14
74112,128,117,11,11
74113,133,130,3,3
74114,83,68,15,15
74115,63,88,-25,25
74116,81,83,-2,2
74117,163,153,10,10
74118,109,112,-3,3
74119,63,62,1,1
74120,90,81,9,9
74121,81,97,-16,16
74122,66,76,-10,10
74123,120,121,-1,1
74124,89,80,9,9
74125,67,71,-4,4
74126,85,91,-6,6
74127,78,90,-12,12
74128,75,86,-11,11
74129,198,178,20,20
74130,92,95,-3,3
74131,118,105,13,13
74132,57,61,-4,4
74133,155,137,18,18
74134,86,80,6,6
74135,67,62,5,5
74136,178,126,52,52
74137,68,76,-8,8
74138,85,75,10,10
74139,79,88,-9,9
74140,93,93,0,0
74141,50,56,-6,6
74142,58,65,-7,7
74143,104,111,-7,7
74144,100,93,7,7
74145,201,189,12,12
74146,105,110,-5,5
74147,105,112,-7,7
74148,90,93,-3,3
74149,68,89,-21,21
74150,74,86,-12,12
74151,60,68,-8,8
74152,59,97,-38,38
74153,97,108,-11,11
74154,87,80,7,7
74155,55,75,-20,20
74156,111,98,13,13
74157,119,96,23,23
74158,115,112,3,3
74159,59,51,8,8
74160,61,65,-4,4
74161,30,57,-27,27
74162,96,93,3,3
74163,131,140,-9,9
74164,183,167,16,16
74165,161,163,-2,2
74166,146,142,4,4
74167,200,184,16,16
74168,100,105,-5,5
74169,114,111,3,3
74170,108,111,-3,3
74171,73,75,-2,2
74172,75,74,1,1
74173,72,67,5,5
74174,143,144,-1,1
74175,101,90,11,11
74176,66,76,-10,10
74177,164,139,25,25
74178,85,88,-3,3
74179,88,82,6,6
74180,98,102,-4,4
74181,54,112,-58,58
74182,95,85,10,10
74183,64,82,-18,18
74184,144,146,-2,2
74185,105,102,3,3
74186,102,110,-8,8
74187,114,101,13,13
74188,54,52,2,2
74189,112,100,12,12
74190,181,165,16,16
74191,110,107,3,3
74192,75,57,18,18
74193,51,69,-18,18
74194,98,111,-13,13
74195,85,82,3,3
74196,54,65,-11,11
74197,57,59,-2,2
74198,77,91,-14,14
74199,66,77,-11,11
74200,84,86,-2,2
74201,102,111,-9,9
74202,124,132,-8,8
74203,129,113,16,16
74204,195,177,18,18
74205,111,103,8,8
74206,109,139,-30,30
74207,68,77,-9,9
74208,57,61,-4,4
74209,76,85,-9,9
74210,99,96,3,3
74211,78,82,-4,4
74212,124,129,-5,5
74213,83,73,10,10
74214,82,73,9,9
74215,73,77,-4,4
74216,66,65,1,1
74217,102,102,0,0
74218,107,113,-6,6
74219,101,96,5,5
74220,119,129,-10,10
74221,120,122,-2,2
74222,69,72,-3,3
74223,80,100,-20,20
74224,113,116,-3,3
74225,63,68,-5,5
74226,94,89,5,5
74227,146,140,6,6
74228,109,103,6,6
74229,117,107,10,10
74230,66,59,7,7
74231,151,152,-1,1
74232,60,54,6,6
74233,146,159,-13,13
74234,135,114,21,21
74235,90,85,5,5
74236,48,44,4,4
74237,71,66,5,5
74238,155,154,1,1
74239,86,68,18,18
74240,111,123,-12,12
74241,96,99,-3,3
74242,137,134,3,3
74243,81,91,-10,10
74244,60,62,-2,2
74245,83,94,-11,11
74246,106,108,-2,2
74247,67,70,-3,3
74248,52,52,0,0
74249,104,102,2,2
74250,73,90,-17,17
74251,87,116,-29,29
74252,148,149,-1,1
74253,77,82,-5,5
74254,92,85,7,7
74255,201,189,12,12
74256,50,54,-4,4
74257,149,141,8,8
74258,150,117,33,33
74259,89,98,-9,9
74260,131,115,16,16
74261,73,68,5,5
74262,83,77,6,6
74263,155,161,-6,6
74264,80,66,14,14
74265,128,131,-3,3
74266,59,73,-14,14
74267,85,99,-14,14
74268,87,102,-15,15
74269,85,86,-1,1
74270,72,80,-8,8
74271,72,62,10,10
74272,56,60,-4,4
74273,127,124,3,3
74274,73,74,-1,1
74275,94,81,13,13
74276,72,74,-2,2
74277,48,54,-6,6
74278,130,116,14,14
74279,103,93,10,10
74280,96,77,19,19
74281,140,148,-8,8
74282,63,63,0,0
74283,61,59,2,2
74284,78,75,3,3
74285,75,72,3,3
74286,81,89,-8,8
74287,79,84,-5,5
74288,94,100,-6,6
74289,117,105,12,12
74290,59,54,5,5
74291,84,87,-3,3
74292,149,129,20,20
74293,109,122,-13,13
74294,46,51,-5,5
74295,131,120,11,11
74296,118,109,9,9
74297,83,101,-18,18
74298,68,76,-8,8
74299,70,86,-16,16
74300,49,50,-1,1
74301,73,64,9,9
74302,132,121,11,11
74303,93,90,3,3
74304,159,154,5,5
74305,107,100,7,7
74306,185,155,30,30
74307,143,140,3,3
74308,60,68,-8,8
74309,78,77,1,1
74310,106,112,-6,6
74311,98,98,0,0
74312,101,92,9,9
74313,39,58,-19,19
74314,104,111,-7,7
74315,51,70,-19,19
74316,88,81,7,7
74317,83,84,-1,1
74318,116,119,-3,3
74319,59,69,-10,10
74320,88,80,8,8
74321,206,167,39,39
74322,147,123,24,24
74323,40,47,-7,7
74324,45,47,-2,2
74325,89,96,-7,7
74326,146,135,11,11
74327,76,82,-6,6
74328,92,77,15,15
74329,35,48,-13,13
74330,77,96,-19,19
74331,104,101,3,3
74332,97,84,13,13
74333,135,137,-2,2
74334,63,63,0,0
74335,54,60,-6,6
74336,117,108,9,9
74337,79,82,-3,3
74338,64,66,-2,2
74339,63,63,0,0
74340,63,68,-5,5
74341,80,86,-6,6
74342,136,118,18,18
74343,106,77,29,29
74344,76,78,-2,2
74345,80,80,0,0
74346,126,137,-11,11
74347,96,88,8,8
74348,56,44,12,12
74349,124,127,-3,3
74350,137,119,18,18
74351,63,82,-19,19
74352,59,58,1,1
74353,102,92,10,10
74354,41,50,-9,9
74355,84,90,-6,6
74356,99,106,-7,7
74357,108,116,-8,8
74358,125,131,-6,6
74359,115,100,15,15
74360,84,77,7,7
74361,100,97,3,3
74362,128,131,-3,3
74363,60,66,-6,6
74364,77,90,-13,13
74365,63,64,-1,1
74366,90,105,-15,15
74367,64,83,-19,19
74368,61,38,23,23
74369,99,95,4,4
74370,97,100,-3,3
74371,65,62,3,3
74372,99,102,-3,3
74373,181,162,19,19
74374,83,87,-4,4
74375,102,100,2,2
74376,136,148,-12,12
74377,56,55,1,1
74378,132,125,7,7
74379,76,75,1,1
74380,101,99,2,2
74381,110,96,14,14
74382,51,63,-12,12
74383,60,63,-3,3
74384,127,115,12,12
74385,81,108,-27,27
74386,59,61,-2,2
74387,82,83,-1,1
74388,103,103,0,0
74389,99,97,2,2
74390,50,41,9,9
74391,85,93,-8,8
74392,67,76,-9,9
74393,125,108,17,17
74394,93,90,3,3
74395,116,109,7,7
74396,68,83,-15,15
74397,77,72,5,5
74398,95,106,-11,11
74399,59,65,-6,6
74400,111,93,18,18
74401,79,89,-10,10
74402,84,89,-5,5
74403,89,104,-15,15
74404,164,152,12,12
74405,72,66,6,6
74406,78,77,1,1
74407,149,152,-3,3
74408,95,88,7,7
74409,85,116,-31,31
74410,96,89,7,7
74411,72,64,8,8
74412,112,109,3,3
74413,77,92,-15,15
74414,40,44,-4,4
74415,110,107,3,3
74416,59,67,-8,8
74417,107,106,1,1
74418,66,83,-17,17
74419,87,89,-2,2
74420,72,69,3,3
74421,85,87,-2,2
74422,49,58,-9,9
74423,72,83,-11,11
74424,156,193,-37,37
74425,75,76,-1,1
74426,83,73,10,10
74427,107,104,3,3
74428,97,79,18,18
74429,108,112,-4,4
74430,89,79,10,10
74431,103,109,-6,6
74432,133,146,-13,13
74433,56,61,-5,5
74434,77,72,5,5
74435,88,102,-14,14
74436,106,136,-30,30
74437,134,136,-2,2
74438,81,98,-17,17
74439,126,117,9,9
74440,69,69,0,0
74441,120,156,-36,36
74442,121,131,-10,10
74443,62,57,5,5
74444,85,76,9,9
74445,93,95,-2,2
74446,111,108,3,3
74447,99,121,-22,22
74448,50,55,-5,5
74449,98,111,-13,13
74450,83,66,17,17
74451,94,96,-2,2
74452,144,138,6,6
74453,49,57,-8,8
74454,46,49,-3,3
74455,87,87,0,0
74456,80,83,-3,3
74457,150,128,22,22
74458,67,83,-16,16
74459,39,47,-8,8
74460,82,78,4,4
74461,76,77,-1,1
74462,56,57,-1,1
74463,33,55,-22,22
74464,95,88,7,7
74465,67,68,-1,1
74466,87,92,-5,5
74467,101,86,15,15
74468,62,56,6,6
74469,62,44,18,18
74470,93,80,13,13
74471,71,65,6,6
74472,79,84,-5,5
74473,86,78,8,8
74474,70,67,3,3
74475,117,115,2,2
74476,51,90,-39,39
74477,168,151,17,17
74478,120,106,14,14
74479,99,95,4,4
74480,73,89,-16,16
74481,120,124,-4,4
74482,136,114,22,22
74483,57,79,-22,22
74484,89,84,5,5
74485,89,96,-7,7
74486,81,106,-25,25
74487,72,59,13,13
74488,104,95,9,9
74489,141,122,19,19
74490,79,79,0,0
74491,167,152,15,15
74492,86,83,3,3
74493,138,121,17,17
74494,66,77,-11,11
74495,59,57,2,2
74496,110,123,-13,13
74497,82,74,8,8
74498,92,96,-4,4
74499,62,56,6,6
74500,82,75,7,7
74501,62,75,-13,13
74502,94,80,14,14
74503,135,138,-3,3
74504,227,199,28,28
74505,85,89,-4,4
74506,74,80,-6,6
74507,106,123,-17,17
74508,52,53,-1,1
74509,96,128,-32,32
74510,97,99,-2,2
74511,143,144,-1,1
74512,84,66,18,18
74513,77,73,4,4
74514,49,53,-4,4
74515,116,117,-1,1
74516,67,97,-30,30
74517,74,76,-2,2
74518,83,85,-2,2
74519,77,85,-8,8
74520,113,108,5,5
74521,125,122,3,3
74522,59,63,-4,4
74523,62,64,-2,2
74524,148,136,12,12
74525,56,72,-16,16
74526,85,91,-6,6
74527,158,117,41,41
74528,79,97,-18,18
74529,87,85,2,2
74530,115,159,-44,44
74531,62,65,-3,3
74532,78,96,-18,18
74533,107,105,2,2
74534,129,130,-1,1
74535,109,107,2,2
74536,46,56,-10,10
74537,73,66,7,7
74538,47,44,3,3
74539,57,57,0,0
74540,136,134,2,2
74541,74,65,9,9
74542,73,76,-3,3
74543,117,115,2,2
74544,64,59,5,5
74545,65,66,-1,1
74546,61,70,-9,9
74547,40,47,-7,7
74548,84,88,-4,4
74549,96,105,-9,9
74550,108,94,14,14
74551,148,132,16,16
74552,111,109,2,2
74553,131,148,-17,17
74554,55,67,-12,12
74555,132,128,4,4
74556,156,129,27,27
74557,68,63,5,5
74558,109,105,4,4
74559,65,60,5,5
74560,78,73,5,5
74561,136,122,14,14
74562,190,183,7,7
74563,157,152,5,5
74564,110,103,7,7
74565,50,70,-20,20
74566,123,135,-12,12
74567,127,130,-3,3
74568,88,82,6,6
74569,116,118,-2,2
74570,85,89,-4,4
74571,116,103,13,13
74572,181,172,9,9
74573,87,90,-3,3
74574,135,139,-4,4
74575,64,78,-14,14
74576,92,87,5,5
74577,59,57,2,2
74578,81,75,6,6
74579,71,70,1,1
74580,130,140,-10,10
74581,96,85,11,11
74582,86,83,3,3
74583,107,116,-9,9
74584,118,95,23,23
74585,93,89,4,4
74586,88,90,-2,2
74587,54,61,-7,7
74588,101,96,5,5
74589,58,65,-7,7
74590,109,105,4,4
74591,106,107,-1,1
74592,139,137,2,2
74593,50,50,0,0
74594,168,156,12,12
74595,115,129,-14,14
74596,70,77,-7,7
74597,92,106,-14,14
74598,133,131,2,2
74599,74,86,-12,12
74600,159,158,1,1
74601,120,113,7,7
74602,84,99,-15,15
74603,103,110,-7,7
74604,183,139,44,44
74605,139,144,-5,5
74606,86,102,-16,16
74607,82,91,-9,9
74608,61,67,-6,6
74609,123,116,7,7
74610,87,90,-3,3
74611,135,139,-4,4
74612,99,104,-5,5
74613,74,73,1,1
74614,74,82,-8,8
74615,139,154,-15,15
74616,85,78,7,7
74617,70,68,2,2
74618,106,96,10,10
74619,123,119,4,4
74620,100,96,4,4
74621,61,66,-5,5
74622,92,96,-4,4
74623,132,131,1,1
74624,59,60,-1,1
74625,226,199,27,27
74626,84,72,12,12
74627,165,183,-18,18
74628,83,95,-12,12
74629,115,117,-2,2
74630,159,151,8,8
74631,93,81,12,12
74632,126,135,-9,9
74633,51,55,-4,4
74634,118,116,2,2
74635,80,65,15,15
74636,161,135,26,26
74637,91,96,-5,5
74638,83,76,7,7
74639,91,94,-3,3
74640,234,212,22,22
74641,78,76,2,2
74642,101,98,3,3
74643,72,84,-12,12
74644,92,80,12,12
74645,44,57,-13,13
74646,76,89,-13,13
74647,106,113,-7,7
74648,119,121,-2,2
74649,111,97,14,14
74650,111,120,-9,9
74651,105,93,12,12
74652,62,63,-1,1
74653,113,120,-7,7
74654,94,99,-5,5
74655,155,150,5,5
74656,59,66,-7,7
74657,86,101,-15,15
74658,61,56,5,5
74659,198,183,15,15
74660,83,89,-6,6
74661,50,76,-26,26
74662,126,118,8,8
74663,95,91,4,4
74664,95,82,13,13
74665,24,50,-26,26
74666,90,98,-8,8
74667,47,45,2,2
74668,64,68,-4,4
74669,107,112,-5,5
74670,94,87,7,7
74671,77,78,-1,1
74672,111,109,2,2
74673,107,114,-7,7
74674,33,30,3,3
74675,73,67,6,6
74676,63,62,1,1
74677,90,91,-1,1
74678,89,162,-73,73
74679,79,70,9,9
74680,128,135,-7,7
74681,91,86,5,5
74682,114,117,-3,3
74683,103,96,7,7
74684,61,44,17,17
74685,122,112,10,10
74686,114,115,-1,1
74687,143,138,5,5
74688,75,74,1,1
74689,66,57,9,9
74690,90,89,1,1
74691,108,84,24,24
74692,74,75,-1,1
74693,137,143,-6,6
74694,121,106,15,15
74695,85,100,-15,15
74696,47,51,-4,4
74697,51,50,1,1
74698,79,72,7,7
74699,80,86,-6,6
74700,111,107,4,4
74701,126,136,-10,10
74702,37,39,-2,2
74703,87,91,-4,4
74704,102,106,-4,4
74705,73,67,6,6
74706,81,96,-15,15
74707,85,65,20,20
74708,127,111,16,16
74709,127,115,12,12
74710,93,104,-11,11
74711,122,128,-6,6
74712,175,156,19,19
74713,96,100,-4,4
74714,88,81,7,7
74715,162,158,4,4
74716,124,135,-11,11
74717,42,34,8,8
74718,90,92,-2,2
74719,91,98,-7,7
74720,129,124,5,5
74721,53,56,-3,3
74722,75,84,-9,9
74723,88,75,13,13
74724,70,62,8,8
74725,185,170,15,15
74726,105,108,-3,3
74727,128,122,6,6
74728,103,97,6,6
74729,100,108,-8,8
74730,71,81,-10,10
74731,157,139,18,18
74732,103,105,-2,2
74733,118,109,9,9
74734,140,199,-59,59
74735,102,111,-9,9
74736,71,77,-6,6
74737,143,155,-12,12
74738,58,59,-1,1
74739,96,96,0,0
74740,112,107,5,5
74741,85,80,5,5
74742,92,101,-9,9
74743,81,94,-13,13
74744,102,93,9,9
74745,43,43,0,0
74746,87,82,5,5
74747,118,129,-11,11
74748,85,71,14,14
74749,100,96,4,4
74750,83,84,-1,1
74751,83,67,16,16
74752,89,78,11,11
74753,50,64,-14,14
74754,134,126,8,8
74755,65,57,8,8
74756,72,62,10,10
74757,75,76,-1,1
74758,78,74,4,4
74759,81,88,-7,7
74760,105,110,-5,5
74761,67,63,4,4
74762,136,69,67,67
74763,86,99,-13,13
74764,139,129,10,10
74765,78,75,3,3
74766,38,21,17,17
74767,78,72,6,6
74768,59,57,2,2
74769,91,83,8,8
74770,152,140,12,12
74771,148,156,-8,8
74772,108,110,-2,2
74773,77,69,8,8
74774,83,85,-2,2
74775,89,91,-2,2
74776,104,84,20,20
74777,117,118,-1,1
74778,151,145,6,6
74779,45,51,-6,6
74780,60,50,10,10
74781,125,132,-7,7
74782,41,36,5,5
74783,49,51,-2,2
74784,140,136,4,4
74785,90,86,4,4
74786,93,89,4,4
74787,100,84,16,16
74788,125,110,15,15
74789,114,125,-11,11
74790,128,129,-1,1
74791,60,59,1,1
74792,191,159,32,32
74793,140,143,-3,3
74794,82,85,-3,3
74795,76,68,8,8
74796,117,121,-4,4
74797,83,82,1,1
74798,82,92,-10,10
74799,122,133,-11,11
74800,60,58,2,2
74801,117,121,-4,4
74802,96,90,6,6
74803,115,108,7,7
74804,134,128,6,6
74805,109,103,6,6
74806,91,89,2,2
74807,72,77,-5,5
74808,96,94,2,2
74809,80,81,-1,1
74810,71,80,-9,9
74811,95,88,7,7
74812,101,108,-7,7
74813,67,62,5,5
74814,87,99,-12,12
74815,89,92,-3,3
74816,62,79,-17,17
74817,126,138,-12,12
74818,78,83,-5,5
74819,100,109,-9,9
74820,96,90,6,6
74821,100,99,1,1
74822,59,56,3,3
74823,93,93,0,0
74824,120,111,9,9
74825,70,75,-5,5
74826,46,47,-1,1
74827,153,151,2,2
74828,91,97,-6,6
74829,94,106,-12,12
74830,74,79,-5,5
74831,87,76,11,11
74832,76,76,0,0
74833,56,56,0,0
74834,104,122,-18,18
74835,126,117,9,9
74836,115,117,-2,2
74837,107,128,-21,21
74838,41,53,-12,12
74839,75,64,11,11
74840,76,87,-11,11
74841,75,77,-2,2
74842,50,54,-4,4
74843,118,116,2,2
74844,131,127,4,4
74845,92,122,-30,30
74846,113,98,15,15
74847,126,111,15,15
74848,65,67,-2,2
74849,128,130,-2,2
74850,89,80,9,9
74851,100,80,20,20
74852,85,83,2,2
74853,166,148,18,18
74854,100,107,-7,7
74855,119,123,-4,4
74856,72,69,3,3
74857,78,76,2,2
74858,70,58,12,12
74859,84,84,0,0
74860,56,52,4,4
74861,18,54,-36,36
74862,75,87,-12,12
74863,107,123,-16,16
74864,86,73,13,13
74865,128,126,2,2
74866,99,103,-4,4
74867,69,71,-2,2
74868,130,118,12,12
74869,127,125,2,2
74870,188,170,18,18
74871,99,96,3,3
74872,83,83,0,0
74873,105,75,30,30
74874,56,64,-8,8
74875,84,89,-5,5
74876,43,52,-9,9
74877,104,105,-1,1
74878,93,92,1,1
74879,111,124,-13,13
74880,106,120,-14,14
74881,77,76,1,1
74882,74,67,7,7
74883,138,132,6,6
74884,47,46,1,1
74885,158,156,2,2
74886,111,106,5,5
74887,84,100,-16,16
74888,129,153,-24,24
74889,76,85,-9,9
74890,84,82,2,2
74891,67,64,3,3
74892,61,57,4,4
74893,107,104,3,3
74894,79,62,17,17
74895,112,112,0,0
74896,53,54,-1,1
74897,84,85,-1,1
74898,46,37,9,9
74899,115,114,1,1
74900,48,48,0,0
74901,51,52,-1,1
74902,73,82,-9,9
74903,81,96,-15,15
74904,53,56,-3,3
74905,144,126,18,18
74906,93,92,1,1
74907,63,72,-9,9
74908,47,41,6,6
74909,117,107,10,10
74910,172,201,-29,29
74911,57,62,-5,5
74912,143,140,3,3
74913,108,109,-1,1
74914,140,129,11,11
74915,70,68,2,2
74916,96,92,4,4
74917,107,113,-6,6
74918,116,107,9,9
74919,120,113,7,7
74920,60,50,10,10
74921,77,80,-3,3
74922,112,114,-2,2
74923,97,99,-2,2
74924,183,185,-2,2
74925,95,104,-9,9
74926,92,82,10,10
74927,76,92,-16,16
74928,99,98,1,1
74929,85,76,9,9
74930,76,87,-11,11
74931,93,94,-1,1
74932,50,53,-3,3
74933,55,62,-7,7
74934,88,90,-2,2
74935,97,107,-10,10
74936,83,79,4,4
74937,54,45,9,9
74938,86,83,3,3
74939,77,90,-13,13
74940,282,242,40,40
74941,136,134,2,2
74942,91,86,5,5
74943,150,163,-13,13
74944,66,75,-9,9
74945,71,90,-19,19
74946,87,90,-3,3
74947,87,86,1,1
74948,119,116,3,3
74949,148,141,7,7
74950,117,102,15,15
74951,85,87,-2,2
74952,97,92,5,5
74953,49,52,-3,3
74954,103,103,0,0
74955,38,45,-7,7
74956,86,98,-12,12
74957,49,47,2,2
74958,103,99,4,4
74959,103,143,-40,40
74960,45,33,12,12
74961,103,96,7,7
74962,83,87,-4,4
74963,95,103,-8,8
74964,60,78,-18,18
74965,102,122,-20,20
74966,138,137,1,1
74967,83,94,-11,11
74968,95,104,-9,9
74969,96,91,5,5
74970,150,152,-2,2
74971,53,62,-9,9
74972,133,122,11,11
74973,45,48,-3,3
74974,50,55,-5,5
74975,35,90,-55,55
74976,103,98,5,5
74977,58,61,-3,3
74978,72,79,-7,7
74979,100,100,0,0
74980,95,91,4,4
74981,109,93,16,16
74982,57,59,-2,2
74983,68,88,-20,20
74984,89,83,6,6
74985,129,127,2,2
74986,118,111,7,7
74987,114,111,3,3
74988,112,115,-3,3
74989,103,92,11,11
74990,95,90,5,5
74991,130,144,-14,14
74992,95,83,12,12
74993,129,117,12,12
74994,84,87,-3,3
74995,103,104,-1,1
74996,146,142,4,4
74997,84,90,-6,6
74998,143,119,24,24
74999,84,85,-1,1
75000,69,74,-5,5
75001,94,95,-1,1
75002,56,68,-12,12
75003,133,134,-1,1
75004,49,70,-21,21
75005,58,53,5,5
75006,122,109,13,13
75007,117,125,-8,8
75008,87,86,1,1
75009,113,119,-6,6
75010,60,59,1,1
75011,65,67,-2,2
75012,103,99,4,4
75013,152,144,8,8
75014,121,113,8,8
75015,119,112,7,7
75016,47,55,-8,8
75017,113,105,8,8
75018,101,103,-2,2
75019,73,83,-10,10
75020,88,102,-14,14
75021,156,149,7,7
75022,99,91,8,8
75023,86,83,3,3
75024,101,115,-14,14
75025,91,88,3,3
75026,59,67,-8,8
75027,72,72,0,0
75028,111,101,10,10
75029,108,100,8,8
75030,78,78,0,0
75031,63,50,13,13
75032,97,99,-2,2
75033,76,74,2,2
75034,94,107,-13,13
75035,83,84,-1,1
75036,72,76,-4,4
75037,113,95,18,18
75038,126,124,2,2
75039,86,90,-4,4
75040,67,55,12,12
75041,149,142,7,7
75042,89,89,0,0
75043,115,109,6,6
75044,111,103,8,8
75045,135,136,-1,1
75046,54,60,-6,6
75047,123,120,3,3
75048,82,94,-12,12
75049,26,52,-26,26
75050,66,71,-5,5
75051,117,116,1,1
75052,135,142,-7,7
75053,70,65,5,5
75054,59,63,-4,4
75055,141,145,-4,4
75056,64,68,-4,4
75057,126,118,8,8
75058,97,93,4,4
75059,54,52,2,2
75060,99,101,-2,2
75061,138,113,25,25
75062,130,136,-6,6
75063,111,97,14,14
75064,81,88,-7,7
75065,97,100,-3,3
75066,146,134,12,12
75067,92,90,2,2
75068,68,44,24,24
75069,70,66,4,4
75070,79,80,-1,1
75071,57,59,-2,2
75072,70,65,5,5
75073,52,62,-10,10
75074,82,88,-6,6
75075,72,85,-13,13
75076,86,84,2,2
75077,124,110,14,14
75078,71,76,-5,5
75079,75,45,30,30
75080,111,102,9,9
75081,85,87,-2,2
75082,77,72,5,5
75083,116,113,3,3
75084,121,134,-13,13
75085,63,55,8,8
75086,65,54,11,11
75087,92,92,0,0
75088,115,114,1,1
75089,62,57,5,5
75090,90,95,-5,5
75091,50,63,-13,13
75092,81,87,-6,6
75093,33,39,-6,6
75094,141,121,20,20
75095,51,65,-14,14
75096,32,36,-4,4
75097,89,106,-17,17
75098,117,108,9,9
75099,97,111,-14,14
75100,92,91,1,1
75101,71,74,-3,3
75102,76,83,-7,7
75103,42,60,-18,18
75104,84,90,-6,6
75105,87,97,-10,10
75106,153,131,22,22
75107,91,95,-4,4
75108,59,84,-25,25
75109,69,70,-1,1
75110,109,102,7,7
75111,115,107,8,8
75112,169,166,3,3
75113,67,72,-5,5
75114,96,94,2,2
75115,94,104,-10,10
75116,173,150,23,23
75117,96,93,3,3
75118,127,103,24,24
75119,58,61,-3,3
75120,69,70,-1,1
75121,68,69,-1,1
75122,141,132,9,9
75123,110,144,-34,34
75124,46,89,-43,43
75125,56,122,-66,66
75126,99,118,-19,19
75127,117,129,-12,12
75128,53,53,0,0
75129,92,84,8,8
75130,100,110,-10,10
75131,100,88,12,12
75132,92,103,-11,11
75133,67,54,13,13
75134,148,138,10,10
75135,122,145,-23,23
75136,162,149,13,13
75137,86,82,4,4
75138,165,130,35,35
75139,106,101,5,5
75140,84,99,-15,15
75141,97,99,-2,2
75142,61,54,7,7
75143,187,182,5,5
75144,153,154,-1,1
75145,57,72,-15,15
75146,101,95,6,6
75147,154,117,37,37
75148,108,102,6,6
75149,55,52,3,3
75150,113,99,14,14
75151,55,38,17,17
75152,101,87,14,14
75153,91,92,-1,1
75154,89,89,0,0
75155,96,90,6,6
75156,52,66,-14,14
75157,54,67,-13,13
75158,69,82,-13,13
75159,95,108,-13,13
75160,88,81,7,7
75161,126,130,-4,4
75162,82,102,-20,20
75163,76,85,-9,9
75164,112,107,5,5
75165,117,102,15,15
75166,113,113,0,0
75167,97,84,13,13
75168,98,102,-4,4
75169,83,83,0,0
75170,76,76,0,0
75171,80,79,1,1
75172,111,124,-13,13
75173,135,126,9,9
75174,62,73,-11,11
75175,140,140,0,0
75176,68,75,-7,7
75177,141,150,-9,9
75178,53,58,-5,5
75179,140,129,11,11
75180,74,76,-2,2
75181,70,79,-9,9
75182,78,85,-7,7
75183,103,103,0,0
75184,97,96,1,1
75185,75,71,4,4
75186,143,145,-2,2
75187,163,136,27,27
75188,71,69,2,2
75189,58,60,-2,2
75190,69,76,-7,7
75191,72,82,-10,10
75192,158,151,7,7
75193,93,108,-15,15
75194,80,79,1,1
75195,142,125,17,17
75196,46,49,-3,3
75197,76,62,14,14
75198,129,163,-34,34
75199,82,89,-7,7
75200,146,132,14,14
75201,93,91,2,2
75202,113,106,7,7
75203,142,143,-1,1
75204,72,67,5,5
75205,74,73,1,1
75206,88,104,-16,16
75207,105,116,-11,11
75208,110,112,-2,2
75209,83,87,-4,4
75210,27,12,15,15
75211,136,130,6,6
75212,81,88,-7,7
75213,98,92,6,6
75214,120,128,-8,8
75215,92,61,31,31
75216,145,174,-29,29
75217,137,134,3,3
75218,103,106,-3,3
75219,121,140,-19,19
75220,54,61,-7,7
75221,112,115,-3,3
75222,76,85,-9,9
75223,89,87,2,2
75224,160,163,-3,3
75225,28,37,-9,9
75226,76,72,4,4
75227,165,156,9,9
75228,100,83,17,17
75229,152,123,29,29
75230,82,60,22,22
75231,94,81,13,13
75232,60,70,-10,10
75233,125,125,0,0
75234,69,74,-5,5
75235,120,86,34,34
75236,91,92,-1,1
75237,96,97,-1,1
75238,45,43,2,2
75239,56,57,-1,1
75240,76,77,-1,1
75241,75,72,3,3
75242,79,81,-2,2
75243,124,114,10,10
75244,106,99,7,7
75245,122,120,2,2
75246,51,57,-6,6
75247,69,67,2,2
75248,85,96,-11,11
75249,115,151,-36,36
75250,115,119,-4,4
75251,115,103,12,12
75252,60,66,-6,6
75253,76,71,5,5
75254,32,41,-9,9
75255,79,76,3,3
75256,44,39,5,5
75257,58,62,-4,4
75258,130,133,-3,3
75259,132,138,-6,6
75260,79,85,-6,6
75261,92,90,2,2
75262,144,159,-15,15
75263,54,57,-3,3
75264,133,124,9,9
75265,64,89,-25,25
75266,92,90,2,2
75267,156,147,9,9
75268,58,76,-18,18
75269,82,67,15,15
75270,86,89,-3,3
75271,173,151,22,22
75272,94,92,2,2
75273,60,64,-4,4
75274,108,104,4,4
75275,126,139,-13,13
75276,56,70,-14,14
75277,98,99,-1,1
75278,92,90,2,2
75279,117,105,12,12
75280,52,54,-2,2
75281,94,99,-5,5
75282,78,79,-1,1
75283,76,101,-25,25
75284,67,58,9,9
75285,124,123,1,1
75286,128,122,6,6
75287,73,61,12,12
75288,62,56,6,6
75289,100,105,-5,5
75290,130,123,7,7
75291,61,49,12,12
75292,262,194,68,68
75293,60,55,5,5
75294,102,106,-4,4
75295,57,51,6,6
75296,97,96,1,1
75297,84,84,0,0
75298,61,91,-30,30
75299,135,127,8,8
75300,104,83,21,21
75301,79,85,-6,6
75302,187,145,42,42
75303,62,70,-8,8
75304,94,94,0,0
75305,94,101,-7,7
75306,94,85,9,9
75307,126,119,7,7
75308,126,109,17,17
75309,108,94,14,14
75310,60,56,4,4
75311,93,106,-13,13
75312,53,53,0,0
75313,61,63,-2,2
75314,79,75,4,4
75315,74,75,-1,1
75316,50,42,8,8
75317,75,40,35,35
75318,40,50,-10,10
75319,47,66,-19,19
75320,78,94,-16,16
75321,51,52,-1,1
75322,97,98,-1,1
75323,54,70,-16,16
75324,100,95,5,5
75325,91,101,-10,10
75326,48,53,-5,5
75327,46,49,-3,3
75328,153,131,22,22
75329,123,126,-3,3
75330,52,61,-9,9
75331,92,79,13,13
75332,71,73,-2,2
75333,141,136,5,5
75334,46,41,5,5
75335,72,78,-6,6
75336,84,79,5,5
75337,82,90,-8,8
75338,78,74,4,4
75339,77,66,11,11
75340,93,81,12,12
75341,47,52,-5,5
75342,67,63,4,4
75343,67,77,-10,10
75344,113,105,8,8
75345,179,161,18,18
75346,95,90,5,5
75347,164,153,11,11
75348,45,44,1,1
75349,127,111,16,16
75350,118,133,-15,15
75351,96,85,11,11
75352,57,64,-7,7
75353,151,147,4,4
75354,69,80,-11,11
75355,79,104,-25,25
75356,86,80,6,6
75357,186,172,14,14
75358,147,128,19,19
75359,109,114,-5,5
75360,97,90,7,7
75361,110,106,4,4
75362,69,68,1,1
75363,65,72,-7,7
75364,119,115,4,4
75365,58,77,-19,19
75366,77,72,5,5
75367,97,108,-11,11
75368,95,98,-3,3
75369,123,124,-1,1
75370,107,124,-17,17
75371,117,105,12,12
75372,72,85,-13,13
75373,119,109,10,10
75374,103,96,7,7
75375,129,138,-9,9
75376,83,76,7,7
75377,248,221,27,27
75378,93,88,5,5
75379,129,131,-2,2
75380,68,79,-11,11
75381,117,123,-6,6
75382,87,86,1,1
75383,118,104,14,14
75384,98,90,8,8
75385,103,105,-2,2
75386,69,67,2,2
75387,110,111,-1,1
75388,125,113,12,12
75389,113,121,-8,8
75390,112,110,2,2
75391,81,70,11,11
75392,86,86,0,0
75393,148,147,1,1
75394,102,89,13,13
75395,31,31,0,0
75396,64,69,-5,5
75397,114,127,-13,13
75398,87,87,0,0
75399,127,141,-14,14
75400,91,105,-14,14
75401,74,64,10,10
75402,175,156,19,19
75403,223,212,11,11
75404,87,79,8,8
75405,67,60,7,7
75406,59,52,7,7
75407,104,92,12,12
75408,64,83,-19,19
75409,149,169,-20,20
75410,125,114,11,11
75411,45,50,-5,5
75412,93,90,3,3
75413,86,86,0,0
75414,80,71,9,9
75415,73,59,14,14
75416,92,81,11,11
75417,120,154,-34,34
75418,126,112,14,14
75419,73,76,-3,3
75420,54,66,-12,12
75421,65,63,2,2
75422,100,102,-2,2
75423,105,95,10,10
75424,85,81,4,4
75425,100,88,12,12
75426,81,86,-5,5
75427,67,67,0,0
75428,174,157,17,17
75429,132,126,6,6
75430,127,111,16,16
75431,96,98,-2,2
75432,73,67,6,6
75433,86,83,3,3
75434,73,83,-10,10
75435,124,116,8,8
75436,75,73,2,2
75437,49,66,-17,17
75438,99,122,-23,23
75439,55,52,3,3
75440,141,113,28,28
75441,62,59,3,3
75442,75,51,24,24
75443,99,91,8,8
75444,97,96,1,1
75445,104,97,7,7
75446,96,96,0,0
75447,122,118,4,4
75448,101,80,21,21
75449,109,117,-8,8
75450,111,110,1,1
75451,99,86,13,13
75452,77,80,-3,3
75453,118,136,-18,18
75454,89,84,5,5
75455,75,86,-11,11
75456,59,63,-4,4
75457,57,61,-4,4
75458,99,85,14,14
75459,88,79,9,9
75460,106,92,14,14
75461,101,106,-5,5
75462,131,118,13,13
75463,127,120,7,7
75464,65,70,-5,5
75465,101,87,14,14
75466,140,130,10,10
75467,122,119,3,3
75468,80,96,-16,16
75469,128,123,5,5
75470,85,93,-8,8
75471,111,104,7,7
75472,78,90,-12,12
75473,93,92,1,1
75474,42,45,-3,3
75475,66,55,11,11
75476,95,101,-6,6
75477,90,68,22,22
75478,100,106,-6,6
75479,82,74,8,8
75480,67,83,-16,16
75481,105,92,13,13
75482,110,96,14,14
75483,56,58,-2,2
75484,37,39,-2,2
75485,65,67,-2,2
75486,72,67,5,5
75487,106,97,9,9
75488,99,79,20,20
75489,104,103,1,1
75490,87,90,-3,3
75491,76,80,-4,4
75492,53,51,2,2
75493,57,68,-11,11
75494,69,57,12,12
75495,83,75,8,8
75496,56,59,-3,3
75497,78,69,9,9
75498,95,98,-3,3
75499,78,83,-5,5
75500,74,76,-2,2
75501,82,106,-24,24
75502,95,87,8,8
75503,85,88,-3,3
75504,63,71,-8,8
75505,124,112,12,12
75506,67,58,9,9
75507,112,114,-2,2
75508,94,93,1,1
75509,69,63,6,6
75510,121,126,-5,5
75511,82,84,-2,2
75512,111,105,6,6
75513,126,129,-3,3
75514,74,71,3,3
75515,81,80,1,1
75516,100,95,5,5
75517,148,138,10,10
75518,88,91,-3,3
75519,70,65,5,5
75520,150,134,16,16
75521,88,81,7,7
75522,28,36,-8,8
75523,93,84,9,9
75524,96,109,-13,13
75525,90,86,4,4
75526,150,158,-8,8
75527,75,81,-6,6
75528,93,110,-17,17
75529,150,132,18,18
75530,123,107,16,16
75531,133,136,-3,3
75532,69,83,-14,14
75533,167,126,41,41
75534,46,19,27,27
75535,92,100,-8,8
75536,54,55,-1,1
75537,154,131,23,23
75538,45,68,-23,23
75539,137,142,-5,5
75540,115,111,4,4
75541,99,87,12,12
75542,93,94,-1,1
75543,83,78,5,5
75544,115,106,9,9
75545,23,62,-39,39
75546,92,99,-7,7
75547,85,83,2,2
75548,80,66,14,14
75549,190,182,8,8
75550,95,98,-3,3
75551,153,135,18,18
75552,83,92,-9,9
75553,51,60,-9,9
75554,85,89,-4,4
75555,85,85,0,0
75556,59,76,-17,17
75557,172,164,8,8
75558,53,47,6,6
75559,128,113,15,15
75560,72,69,3,3
75561,130,111,19,19
75562,54,55,-1,1
75563,145,122,23,23
75564,94,102,-8,8
75565,111,112,-1,1
75566,35,40,-5,5
75567,74,84,-10,10
75568,85,89,-4,4
75569,129,114,15,15
75570,49,53,-4,4
75571,56,63,-7,7
75572,99,91,8,8
75573,79,99,-20,20
75574,129,116,13,13
75575,74,84,-10,10
75576,78,86,-8,8
75577,70,66,4,4
75578,157,149,8,8
75579,98,101,-3,3
75580,66,79,-13,13
75581,75,77,-2,2
75582,76,67,9,9
75583,94,101,-7,7
75584,100,90,10,10
75585,50,62,-12,12
75586,98,95,3,3
75587,96,95,1,1
75588,134,131,3,3
75589,108,99,9,9
75590,212,191,21,21
75591,138,121,17,17
75592,88,76,12,12
75593,12,36,-24,24
75594,66,73,-7,7
75595,98,89,9,9
75596,110,110,0,0
75597,75,68,7,7
75598,146,143,3,3
75599,176,178,-2,2
75600,91,84,7,7
75601,88,78,10,10
75602,51,52,-1,1
75603,190,177,13,13
75604,128,135,-7,7
75605,74,65,9,9
75606,83,80,3,3
75607,64,53,11,11
75608,127,130,-3,3
75609,130,116,14,14
75610,95,89,6,6
75611,66,169,-103,103
75612,46,16,30,30
75613,79,76,3,3
75614,110,106,4,4
75615,116,113,3,3
75616,68,84,-16,16
75617,70,71,-1,1
75618,59,62,-3,3
75619,107,100,7,7
75620,77,86,-9,9
75621,97,133,-36,36
75622,160,153,7,7
75623,130,147,-17,17
75624,60,72,-12,12
75625,104,91,13,13
75626,91,92,-1,1
75627,89,101,-12,12
75628,49,53,-4,4
75629,155,142,13,13
75630,94,98,-4,4
75631,146,143,3,3
75632,87,92,-5,5
75633,127,126,1,1
75634,79,80,-1,1
75635,93,87,6,6
75636,121,136,-15,15
75637,74,82,-8,8
75638,113,115,-2,2
75639,163,138,25,25
75640,122,102,20,20
75641,118,115,3,3
75642,56,59,-3,3
75643,129,134,-5,5
75644,128,112,16,16
75645,159,128,31,31
75646,62,51,11,11
75647,108,117,-9,9
75648,72,82,-10,10
75649,79,76,3,3
75650,166,181,-15,15
75651,62,64,-2,2
75652,144,144,0,0
75653,129,123,6,6
75654,72,69,3,3
75655,93,99,-6,6
75656,86,101,-15,15
75657,126,111,15,15
75658,86,89,-3,3
75659,87,84,3,3
75660,183,161,22,22
75661,68,84,-16,16
75662,80,86,-6,6
75663,63,67,-4,4
75664,61,75,-14,14
75665,103,105,-2,2
75666,46,57,-11,11
75667,107,101,6,6
75668,127,120,7,7
75669,89,91,-2,2
75670,104,107,-3,3
75671,82,89,-7,7
75672,114,124,-10,10
75673,82,83,-1,1
75674,109,113,-4,4
75675,105,101,4,4
75676,67,68,-1,1
75677,64,55,9,9
75678,109,102,7,7
75679,50,50,0,0
75680,49,67,-18,18
75681,89,94,-5,5
75682,163,140,23,23
75683,64,68,-4,4
75684,180,146,34,34
75685,73,112,-39,39
75686,155,144,11,11
75687,106,110,-4,4
75688,102,98,4,4
75689,142,140,2,2
75690,62,59,3,3
75691,93,95,-2,2
75692,125,104,21,21
75693,71,68,3,3
75694,62,75,-13,13
75695,129,120,9,9
75696,109,128,-19,19
75697,174,156,18,18
75698,103,104,-1,1
75699,124,116,8,8
75700,74,70,4,4
75701,96,85,11,11
75702,112,101,11,11
75703,78,84,-6,6
75704,59,65,-6,6
75705,54,55,-1,1
75706,86,79,7,7
75707,99,109,-10,10
75708,120,139,-19,19
75709,134,126,8,8
75710,141,134,7,7
75711,99,102,-3,3
75712,92,88,4,4
75713,121,126,-5,5
75714,74,69,5,5
75715,101,92,9,9
75716,14,99,-85,85
75717,80,80,0,0
75718,88,78,10,10
75719,60,61,-1,1
75720,112,103,9,9
75721,153,124,29,29
75722,108,109,-1,1
75723,98,102,-4,4
75724,78,109,-31,31
75725,115,136,-21,21
75726,71,67,4,4
75727,129,129,0,0
75728,56,75,-19,19
75729,68,87,-19,19
75730,80,79,1,1
75731,110,125,-15,15
75732,86,95,-9,9
75733,139,133,6,6
75734,125,114,11,11
75735,73,67,6,6
75736,122,122,0,0
75737,99,94,5,5
75738,78,70,8,8
75739,150,139,11,11
75740,112,90,22,22
75741,95,102,-7,7
75742,85,88,-3,3
75743,67,81,-14,14
75744,91,97,-6,6
75745,110,95,15,15
75746,88,68,20,20
75747,115,116,-1,1
75748,78,78,0,0
75749,89,103,-14,14
75750,71,68,3,3
75751,65,63,2,2
75752,67,80,-13,13
75753,144,129,15,15
75754,98,94,4,4
75755,78,73,5,5
75756,130,131,-1,1
75757,75,78,-3,3
75758,83,75,8,8
75759,72,72,0,0
75760,106,108,-2,2
75761,44,42,2,2
75762,108,110,-2,2
75763,80,72,8,8
75764,98,96,2,2
75765,97,98,-1,1
75766,124,132,-8,8
75767,96,89,7,7
75768,71,73,-2,2
75769,118,112,6,6
75770,115,125,-10,10
75771,88,81,7,7
75772,104,102,2,2
75773,75,62,13,13
75774,115,119,-4,4
75775,94,85,9,9
75776,97,91,6,6
75777,71,75,-4,4
75778,73,87,-14,14
75779,64,67,-3,3
75780,61,67,-6,6
75781,46,47,-1,1
75782,81,86,-5,5
75783,56,64,-8,8
75784,99,94,5,5
75785,131,150,-19,19
75786,75,98,-23,23
75787,74,66,8,8
75788,111,113,-2,2
75789,136,140,-4,4
75790,81,68,13,13
75791,50,50,0,0
75792,95,92,3,3
75793,108,132,-24,24
75794,62,102,-40,40
75795,78,76,2,2
75796,92,86,6,6
75797,42,56,-14,14
75798,102,118,-16,16
75799,104,111,-7,7
75800,55,75,-20,20
75801,69,90,-21,21
75802,90,84,6,6
75803,63,98,-35,35
75804,101,111,-10,10
75805,43,38,5,5
75806,69,74,-5,5
75807,109,109,0,0
75808,142,143,-1,1
75809,140,133,7,7
75810,67,68,-1,1
75811,62,61,1,1
75812,114,105,9,9
75813,107,111,-4,4
75814,85,120,-35,35
75815,167,166,1,1
75816,163,146,17,17
75817,85,89,-4,4
75818,73,85,-12,12
75819,109,108,1,1
75820,61,77,-16,16
75821,77,80,-3,3
75822,207,180,27,27
75823,99,86,13,13
75824,182,154,28,28
75825,99,92,7,7
75826,83,92,-9,9
75827,75,78,-3,3
75828,139,138,1,1
75829,47,63,-16,16
75830,65,77,-12,12
75831,143,115,28,28
75832,73,70,3,3
75833,79,89,-10,10
75834,85,78,7,7
75835,88,90,-2,2
75836,141,124,17,17
75837,71,102,-31,31
75838,96,96,0,0
75839,153,153,0,0
75840,133,114,19,19
75841,80,98,-18,18
75842,171,166,5,5
75843,125,124,1,1
75844,91,87,4,4
75845,61,59,2,2
75846,131,114,17,17
75847,136,109,27,27
75848,58,59,-1,1
75849,93,86,7,7
75850,88,91,-3,3
75851,68,64,4,4
75852,129,123,6,6
75853,127,110,17,17
75854,98,157,-59,59
75855,87,87,0,0
75856,84,95,-11,11
75857,51,70,-19,19
75858,72,75,-3,3
75859,144,138,6,6
75860,96,102,-6,6
75861,61,54,7,7
75862,86,87,-1,1
75863,78,68,10,10
75864,51,55,-4,4
75865,151,139,12,12
75866,109,96,13,13
75867,108,103,5,5
75868,80,70,10,10
75869,67,58,9,9
75870,125,131,-6,6
75871,75,75,0,0
75872,176,172,4,4
75873,105,99,6,6
75874,82,90,-8,8
75875,146,124,22,22
75876,49,123,-74,74
75877,68,94,-26,26
75878,119,120,-1,1
75879,40,33,7,7
75880,118,109,9,9
75881,65,66,-1,1
75882,92,95,-3,3
75883,69,76,-7,7
75884,110,102,8,8
75885,94,93,1,1
75886,152,171,-19,19
75887,118,110,8,8
75888,72,67,5,5
75889,141,136,5,5
75890,43,49,-6,6
75891,122,116,6,6
75892,73,71,2,2
75893,92,116,-24,24
75894,101,111,-10,10
75895,66,65,1,1
75896,70,67,3,3
75897,43,43,0,0
75898,84,75,9,9
75899,83,97,-14,14
75900,71,76,-5,5
75901,97,81,16,16
75902,116,104,12,12
75903,107,126,-19,19
75904,152,149,3,3
75905,130,134,-4,4
75906,49,68,-19,19
75907,111,107,4,4
75908,124,118,6,6
75909,75,77,-2,2
75910,112,131,-19,19
75911,111,114,-3,3
75912,97,92,5,5
75913,47,40,7,7
75914,114,94,20,20
75915,107,129,-22,22
75916,93,90,3,3
75917,107,105,2,2
75918,114,108,6,6
75919,124,120,4,4
75920,133,123,10,10
75921,64,75,-11,11
75922,80,81,-1,1
75923,155,128,27,27
75924,98,106,-8,8
75925,82,62,20,20
75926,50,53,-3,3
75927,64,68,-4,4
75928,97,110,-13,13
75929,123,110,13,13
75930,46,51,-5,5
75931,78,81,-3,3
75932,122,122,0,0
75933,181,165,16,16
75934,64,86,-22,22
75935,56,65,-9,9
75936,72,89,-17,17
75937,141,124,17,17
75938,126,116,10,10
75939,71,58,13,13
75940,81,75,6,6
75941,137,122,15,15
75942,91,94,-3,3
75943,117,115,2,2
75944,160,152,8,8
75945,101,81,20,20
75946,55,66,-11,11
75947,104,107,-3,3
75948,72,71,1,1
75949,165,145,20,20
75950,74,72,2,2
75951,72,76,-4,4
75952,138,106,32,32
75953,87,77,10,10
75954,66,76,-10,10
75955,78,77,1,1
75956,80,76,4,4
75957,111,110,1,1
75958,132,129,3,3
75959,70,72,-2,2
75960,96,85,11,11
75961,127,132,-5,5
75962,121,118,3,3
75963,57,66,-9,9
75964,203,176,27,27
75965,94,92,2,2
75966,81,94,-13,13
75967,52,49,3,3
75968,150,136,14,14
75969,83,108,-25,25
75970,99,84,15,15
75971,64,60,4,4
75972,79,92,-13,13
75973,81,85,-4,4
75974,47,47,0,0
75975,54,63,-9,9
75976,152,143,9,9
75977,44,48,-4,4
75978,87,85,2,2
75979,161,176,-15,15
75980,83,96,-13,13
75981,75,79,-4,4
75982,111,123,-12,12
75983,60,57,3,3
75984,98,91,7,7
75985,74,90,-16,16
75986,81,72,9,9
75987,113,109,4,4
75988,110,105,5,5
75989,84,85,-1,1
75990,57,58,-1,1
75991,70,71,-1,1
75992,175,135,40,40
75993,95,97,-2,2
75994,94,96,-2,2
75995,107,103,4,4
75996,75,69,6,6
75997,85,88,-3,3
75998,162,145,17,17
75999,93,87,6,6
76000,73,76,-3,3
76001,86,90,-4,4
76002,179,167,12,12
76003,202,182,20,20
76004,98,107,-9,9
76005,85,95,-10,10
76006,37,58,-21,21
76007,121,119,2,2
76008,128,127,1,1
76009,87,92,-5,5
76010,141,134,7,7
76011,70,53,17,17
76012,151,162,-11,11
76013,116,109,7,7
76014,81,79,2,2
76015,81,68,13,13
76016,89,95,-6,6
76017,124,110,14,14
76018,94,101,-7,7
76019,56,72,-16,16
76020,151,145,6,6
76021,157,154,3,3
76022,70,72,-2,2
76023,154,147,7,7
76024,130,130,0,0
76025,121,111,10,10
76026,119,123,-4,4
76027,94,97,-3,3
76028,62,68,-6,6
76029,99,98,1,1
76030,82,70,12,12
76031,145,148,-3,3
76032,107,119,-12,12
76033,107,103,4,4
76034,128,121,7,7
76035,52,56,-4,4
76036,103,108,-5,5
76037,70,69,1,1
76038,161,162,-1,1
76039,74,70,4,4
76040,70,61,9,9
76041,114,106,8,8
76042,150,154,-4,4
76043,105,124,-19,19
76044,119,141,-22,22
76045,71,73,-2,2
76046,102,100,2,2
76047,43,51,-8,8
76048,84,90,-6,6
76049,70,87,-17,17
76050,82,79,3,3
76051,74,77,-3,3
76052,98,117,-19,19
76053,55,57,-2,2
76054,110,106,4,4
76055,145,155,-10,10
76056,80,85,-5,5
76057,137,119,18,18
76058,77,102,-25,25
76059,80,67,13,13
76060,73,69,4,4
76061,83,78,5,5
76062,100,90,10,10
76063,85,76,9,9
76064,101,108,-7,7
76065,79,82,-3,3
76066,89,93,-4,4
76067,60,66,-6,6
76068,112,93,19,19
76069,173,154,19,19
76070,60,59,1,1
76071,41,55,-14,14
76072,57,67,-10,10
76073,88,93,-5,5
76074,101,92,9,9
76075,82,64,18,18
76076,100,91,9,9
76077,85,86,-1,1
76078,117,106,11,11
76079,83,89,-6,6
76080,162,157,5,5
76081,59,60,-1,1
76082,127,126,1,1
76083,170,161,9,9
76084,114,114,0,0
76085,111,100,11,11
76086,44,49,-5,5
76087,91,103,-12,12
76088,76,73,3,3
76089,64,65,-1,1
76090,67,60,7,7
76091,135,132,3,3
76092,75,72,3,3
76093,110,104,6,6
76094,84,75,9,9
76095,77,63,14,14
76096,97,103,-6,6
76097,85,94,-9,9
76098,61,67,-6,6
76099,86,81,5,5
76100,75,67,8,8
76101,83,112,-29,29
76102,168,161,7,7
76103,97,105,-8,8
76104,64,66,-2,2
76105,126,115,11,11
76106,85,94,-9,9
76107,111,112,-1,1
76108,87,89,-2,2
76109,101,102,-1,1
76110,162,125,37,37
76111,143,139,4,4
76112,123,111,12,12
76113,82,72,10,10
76114,101,101,0,0
76115,92,95,-3,3
76116,87,101,-14,14
76117,93,81,12,12
76118,100,102,-2,2
76119,92,89,3,3
76120,85,74,11,11
76121,49,42,7,7
76122,79,88,-9,9
76123,58,60,-2,2
76124,85,94,-9,9
76125,61,64,-3,3
76126,140,135,5,5
76127,127,134,-7,7
76128,152,145,7,7
76129,67,75,-8,8
76130,64,55,9,9
76131,136,128,8,8
76132,74,67,7,7
76133,100,91,9,9
76134,158,150,8,8
76135,80,79,1,1
76136,88,84,4,4
76137,110,110,0,0
76138,74,72,2,2
76139,116,121,-5,5
76140,82,89,-7,7
76141,117,106,11,11
76142,81,77,4,4
76143,74,80,-6,6
76144,104,106,-2,2
76145,147,134,13,13
76146,82,76,6,6
76147,50,48,2,2
76148,180,165,15,15
76149,182,170,12,12
76150,63,73,-10,10
76151,190,157,33,33
76152,122,129,-7,7
76153,99,91,8,8
76154,66,71,-5,5
76155,53,66,-13,13
76156,63,62,1,1
76157,125,157,-32,32
76158,112,106,6,6
76159,85,89,-4,4
76160,56,58,-2,2
76161,85,86,-1,1
76162,70,74,-4,4
76163,83,89,-6,6
76164,135,122,13,13
76165,57,56,1,1
76166,84,78,6,6
76167,90,100,-10,10
76168,59,66,-7,7
76169,77,73,4,4
76170,64,57,7,7
76171,99,97,2,2
76172,109,96,13,13
76173,97,99,-2,2
76174,92,85,7,7
76175,87,98,-11,11
76176,42,49,-7,7
76177,74,78,-4,4
76178,162,170,-8,8
76179,125,121,4,4
76180,178,164,14,14
76181,98,116,-18,18
76182,89,108,-19,19
76183,72,67,5,5
76184,78,72,6,6
76185,53,66,-13,13
76186,85,72,13,13
76187,122,120,2,2
76188,101,114,-13,13
76189,81,76,5,5
76190,128,86,42,42
76191,98,96,2,2
76192,154,175,-21,21
76193,122,129,-7,7
76194,63,56,7,7
76195,83,79,4,4
76196,98,93,5,5
76197,70,69,1,1
76198,89,121,-32,32
76199,111,123,-12,12
76200,44,55,-11,11
76201,48,53,-5,5
76202,104,104,0,0
76203,106,99,7,7
76204,148,125,23,23
76205,128,129,-1,1
76206,118,112,6,6
76207,105,89,16,16
76208,141,149,-8,8
76209,115,115,0,0
76210,161,161,0,0
76211,71,89,-18,18
76212,149,147,2,2
76213,77,85,-8,8
76214,117,103,14,14
76215,119,115,4,4
76216,116,101,15,15
76217,88,86,2,2
76218,107,110,-3,3
76219,72,84,-12,12
76220,137,143,-6,6
76221,122,114,8,8
76222,126,138,-12,12
76223,50,42,8,8
76224,119,108,11,11
76225,79,82,-3,3
76226,124,127,-3,3
76227,128,129,-1,1
76228,132,111,21,21
76229,90,97,-7,7
76230,95,97,-2,2
76231,97,87,10,10
76232,63,75,-12,12
76233,109,112,-3,3
76234,133,133,0,0
76235,104,106,-2,2
76236,35,88,-53,53
76237,72,78,-6,6
76238,65,63,2,2
76239,120,116,4,4
76240,135,131,4,4
76241,130,108,22,22
76242,137,125,12,12
76243,81,78,3,3
76244,83,91,-8,8
76245,51,59,-8,8
76246,77,89,-12,12
76247,116,112,4,4
76248,72,73,-1,1
76249,97,111,-14,14
76250,78,88,-10,10
76251,63,68,-5,5
76252,130,126,4,4
76253,158,165,-7,7
76254,75,81,-6,6
76255,76,71,5,5
76256,101,98,3,3
76257,44,57,-13,13
76258,74,85,-11,11
76259,98,94,4,4
76260,134,140,-6,6
76261,104,97,7,7
76262,88,81,7,7
76263,179,192,-13,13
76264,46,50,-4,4
76265,141,125,16,16
76266,91,80,11,11
76267,72,76,-4,4
76268,82,80,2,2
76269,73,85,-12,12
76270,139,126,13,13
76271,124,118,6,6
76272,100,94,6,6
76273,98,89,9,9
76274,80,83,-3,3
76275,97,116,-19,19
76276,62,62,0,0
76277,136,153,-17,17
76278,93,91,2,2
76279,104,104,0,0
76280,158,157,1,1
76281,105,98,7,7
76282,82,66,16,16
76283,150,152,-2,2
76284,161,153,8,8
76285,68,72,-4,4
76286,97,113,-16,16
76287,106,100,6,6
76288,75,86,-11,11
76289,95,94,1,1
76290,84,87,-3,3
76291,144,125,19,19
76292,115,107,8,8
76293,45,51,-6,6
76294,99,91,8,8
76295,91,90,1,1
76296,75,73,2,2
76297,134,117,17,17
76298,69,73,-4,4
76299,74,73,1,1
76300,53,67,-14,14
76301,74,73,1,1
76302,95,89,6,6
76303,54,81,-27,27
76304,96,98,-2,2
76305,93,90,3,3
76306,108,102,6,6
76307,104,124,-20,20
76308,80,90,-10,10
76309,87,74,13,13
76310,98,103,-5,5
76311,60,64,-4,4
76312,65,63,2,2
76313,75,81,-6,6
76314,80,103,-23,23
76315,81,93,-12,12
76316,123,119,4,4
76317,89,97,-8,8
76318,142,131,11,11
76319,64,57,7,7
76320,100,109,-9,9
76321,45,38,7,7
76322,118,102,16,16
76323,73,71,2,2
76324,74,77,-3,3
76325,102,103,-1,1
76326,66,88,-22,22
76327,120,115,5,5
76328,57,57,0,0
76329,149,132,17,17
76330,131,124,7,7
76331,81,88,-7,7
76332,61,83,-22,22
76333,89,89,0,0
76334,66,73,-7,7
76335,64,62,2,2
76336,76,83,-7,7
76337,124,109,15,15
76338,48,59,-11,11
76339,68,61,7,7
76340,100,105,-5,5
76341,96,89,7,7
76342,50,52,-2,2
76343,85,94,-9,9
76344,85,90,-5,5
76345,61,79,-18,18
76346,91,72,19,19
76347,72,66,6,6
76348,129,120,9,9
76349,104,95,9,9
76350,54,71,-17,17
76351,53,55,-2,2
76352,105,115,-10,10
76353,91,98,-7,7
76354,66,77,-11,11
76355,59,60,-1,1
76356,118,120,-2,2
76357,109,107,2,2
76358,63,75,-12,12
76359,63,58,5,5
76360,68,67,1,1
76361,166,190,-24,24
76362,84,72,12,12
76363,66,67,-1,1
76364,100,106,-6,6
76365,104,103,1,1
76366,65,64,1,1
76367,57,60,-3,3
76368,99,101,-2,2
76369,96,110,-14,14
76370,71,73,-2,2
76371,57,64,-7,7
76372,105,116,-11,11
76373,88,91,-3,3
76374,54,65,-11,11
76375,181,155,26,26
76376,100,100,0,0
76377,103,96,7,7
76378,138,132,6,6
76379,65,64,1,1
76380,71,70,1,1
76381,70,68,2,2
76382,72,89,-17,17
76383,66,67,-1,1
76384,79,81,-2,2
76385,169,160,9,9
76386,129,108,21,21
76387,129,106,23,23
76388,63,64,-1,1
76389,92,86,6,6
76390,109,106,3,3
76391,58,58,0,0
76392,108,98,10,10
76393,107,92,15,15
76394,162,156,6,6
76395,57,61,-4,4
76396,109,122,-13,13
76397,86,84,2,2
76398,91,89,2,2
76399,89,83,6,6
76400,93,96,-3,3
76401,70,69,1,1
76402,73,79,-6,6
76403,71,64,7,7
76404,59,57,2,2
76405,166,154,12,12
76406,71,48,23,23
76407,71,61,10,10
76408,132,120,12,12
76409,103,118,-15,15
76410,114,104,10,10
76411,103,122,-19,19
76412,98,99,-1,1
76413,92,79,13,13
76414,102,118,-16,16
76415,113,108,5,5
76416,130,141,-11,11
76417,56,69,-13,13
76418,127,112,15,15
76419,53,62,-9,9
76420,129,129,0,0
76421,93,88,5,5
76422,133,112,21,21
76423,93,90,3,3
76424,92,87,5,5
76425,45,67,-22,22
76426,96,82,14,14
76427,104,143,-39,39
76428,65,59,6,6
76429,114,119,-5,5
76430,52,50,2,2
76431,80,70,10,10
76432,135,137,-2,2
76433,78,132,-54,54
76434,69,62,7,7
76435,61,47,14,14
76436,75,65,10,10
76437,131,145,-14,14
76438,108,118,-10,10
76439,96,92,4,4
76440,178,165,13,13
76441,171,158,13,13
76442,81,76,5,5
76443,91,97,-6,6
76444,69,83,-14,14
76445,146,142,4,4
76446,111,99,12,12
76447,65,72,-7,7
76448,86,88,-2,2
76449,79,93,-14,14
76450,108,99,9,9
76451,94,96,-2,2
76452,107,103,4,4
76453,100,96,4,4
76454,121,107,14,14
76455,144,136,8,8
76456,66,68,-2,2
76457,40,41,-1,1
76458,99,95,4,4
76459,32,45,-13,13
76460,69,78,-9,9
76461,145,122,23,23
76462,76,80,-4,4
76463,85,76,9,9
76464,53,49,4,4
76465,27,37,-10,10
76466,55,68,-13,13
76467,41,45,-4,4
76468,57,61,-4,4
76469,83,158,-75,75
76470,77,78,-1,1
76471,85,99,-14,14
76472,118,117,1,1
76473,55,59,-4,4
76474,62,59,3,3
76475,111,102,9,9
76476,108,105,3,3
76477,89,100,-11,11
76478,97,112,-15,15
76479,94,105,-11,11
76480,61,57,4,4
76481,82,87,-5,5
76482,83,92,-9,9
76483,140,145,-5,5
76484,152,117,35,35
76485,86,83,3,3
76486,33,61,-28,28
76487,88,93,-5,5
76488,71,71,0,0
76489,97,110,-13,13
76490,81,95,-14,14
76491,129,121,8,8
76492,55,58,-3,3
76493,122,125,-3,3
76494,103,109,-6,6
76495,98,90,8,8
76496,89,85,4,4
76497,87,84,3,3
76498,79,87,-8,8
76499,98,112,-14,14
76500,49,58,-9,9
76501,82,84,-2,2
76502,120,124,-4,4
76503,108,107,1,1
76504,169,141,28,28
76505,161,160,1,1
76506,134,125,9,9
76507,96,102,-6,6
76508,56,44,12,12
76509,101,99,2,2
76510,86,95,-9,9
76511,82,73,9,9
76512,85,99,-14,14
76513,79,79,0,0
76514,78,77,1,1
76515,105,104,1,1
76516,142,131,11,11
76517,65,78,-13,13
76518,57,63,-6,6
76519,81,75,6,6
76520,139,98,41,41
76521,84,84,0,0
76522,81,87,-6,6
76523,154,148,6,6
76524,147,132,15,15
76525,153,144,9,9
76526,73,81,-8,8
76527,141,134,7,7
76528,43,59,-16,16
76529,101,102,-1,1
76530,42,65,-23,23
76531,78,72,6,6
76532,97,112,-15,15
76533,65,66,-1,1
76534,58,64,-6,6
76535,79,83,-4,4
76536,95,100,-5,5
76537,105,121,-16,16
76538,37,70,-33,33
76539,82,93,-11,11
76540,130,113,17,17
76541,99,101,-2,2
76542,125,111,14,14
76543,51,61,-10,10
76544,87,94,-7,7
76545,147,148,-1,1
76546,61,58,3,3
76547,122,122,0,0
76548,70,82,-12,12
76549,81,89,-8,8
76550,93,93,0,0
76551,136,124,12,12
76552,61,70,-9,9
76553,75,75,0,0
76554,118,102,16,16
76555,110,131,-21,21
76556,153,157,-4,4
76557,57,62,-5,5
76558,128,114,14,14
76559,118,102,16,16
76560,81,94,-13,13
76561,82,75,7,7
76562,126,127,-1,1
76563,110,120,-10,10
76564,91,98,-7,7
76565,106,82,24,24
76566,92,85,7,7
76567,74,91,-17,17
76568,119,109,10,10
76569,47,49,-2,2
76570,81,97,-16,16
76571,101,104,-3,3
76572,91,82,9,9
76573,68,81,-13,13
76574,119,107,12,12
76575,90,90,0,0
76576,104,111,-7,7
76577,80,79,1,1
76578,84,92,-8,8
76579,132,119,13,13
76580,32,61,-29,29
76581,139,129,10,10
76582,85,78,7,7
76583,83,86,-3,3
76584,55,59,-4,4
76585,98,113,-15,15
76586,177,171,6,6
76587,81,85,-4,4
76588,90,98,-8,8
76589,133,111,22,22
76590,85,61,24,24
76591,58,51,7,7
76592,133,126,7,7
76593,81,74,7,7
76594,149,132,17,17
76595,107,111,-4,4
76596,113,100,13,13
76597,108,96,12,12
76598,93,81,12,12
76599,100,94,6,6
76600,66,69,-3,3
76601,109,104,5,5
76602,77,95,-18,18
76603,208,184,24,24
76604,79,81,-2,2
76605,74,69,5,5
76606,74,73,1,1
76607,131,118,13,13
76608,127,118,9,9
76609,77,99,-22,22
76610,100,75,25,25
76611,82,119,-37,37
76612,100,108,-8,8
76613,65,68,-3,3
76614,97,103,-6,6
76615,146,126,20,20
76616,99,84,15,15
76617,117,110,7,7
76618,71,70,1,1
76619,60,50,10,10
76620,75,74,1,1
76621,46,38,8,8
76622,121,110,11,11
76623,55,69,-14,14
76624,119,119,0,0
76625,178,162,16,16
76626,131,136,-5,5
76627,123,108,15,15
76628,99,113,-14,14
76629,164,225,-61,61
76630,69,73,-4,4
76631,55,52,3,3
76632,148,162,-14,14
76633,67,63,4,4
76634,138,134,4,4
76635,115,113,2,2
76636,134,123,11,11
76637,91,96,-5,5
76638,94,87,7,7
76639,114,104,10,10
76640,92,85,7,7
76641,98,90,8,8
76642,41,53,-12,12
76643,49,52,-3,3
76644,59,70,-11,11
76645,90,83,7,7
76646,165,160,5,5
76647,53,59,-6,6
76648,67,57,10,10
76649,77,83,-6,6
76650,87,82,5,5
76651,65,71,-6,6
76652,133,129,4,4
76653,98,89,9,9
76654,103,102,1,1
76655,85,81,4,4
76656,153,132,21,21
76657,85,75,10,10
76658,126,118,8,8
76659,102,128,-26,26
76660,115,116,-1,1
76661,78,93,-15,15
76662,152,130,22,22
76663,72,78,-6,6
76664,65,57,8,8
76665,71,76,-5,5
76666,134,131,3,3
76667,104,106,-2,2
76668,54,61,-7,7
76669,133,130,3,3
76670,99,92,7,7
76671,69,70,-1,1
76672,169,153,16,16
76673,94,102,-8,8
76674,106,108,-2,2
76675,86,84,2,2
76676,107,106,1,1
76677,52,56,-4,4
76678,71,80,-9,9
76679,87,91,-4,4
76680,155,159,-4,4
76681,58,64,-6,6
76682,144,125,19,19
76683,111,105,6,6
76684,90,92,-2,2
76685,74,55,19,19
76686,100,84,16,16
76687,112,116,-4,4
76688,117,126,-9,9
76689,48,90,-42,42
76690,107,99,8,8
76691,144,138,6,6
76692,86,74,12,12
76693,101,104,-3,3
76694,94,99,-5,5
76695,129,118,11,11
76696,132,130,2,2
76697,61,64,-3,3
76698,103,115,-12,12
76699,104,102,2,2
76700,135,117,18,18
76701,76,71,5,5
76702,112,106,6,6
76703,114,104,10,10
76704,69,67,2,2
76705,92,75,17,17
76706,80,80,0,0
76707,139,117,22,22
76708,76,74,2,2
76709,71,66,5,5
76710,100,103,-3,3
76711,106,91,15,15
76712,145,135,10,10
76713,76,87,-11,11
76714,92,107,-15,15
76715,49,54,-5,5
76716,110,100,10,10
76717,92,92,0,0
76718,173,142,31,31
76719,98,96,2,2
76720,175,152,23,23
76721,75,97,-22,22
76722,103,87,16,16
76723,111,148,-37,37
76724,215,225,-10,10
76725,131,131,0,0
76726,67,73,-6,6
76727,127,119,8,8
76728,72,76,-4,4
76729,43,76,-33,33
76730,65,75,-10,10
76731,69,68,1,1
76732,149,138,11,11
76733,75,63,12,12
76734,81,84,-3,3
76735,76,61,15,15
76736,53,59,-6,6
76737,79,97,-18,18
76738,152,140,12,12
76739,97,102,-5,5
76740,48,50,-2,2
76741,107,115,-8,8
76742,118,115,3,3
76743,78,73,5,5
76744,98,132,-34,34
76745,121,110,11,11
76746,108,100,8,8
76747,59,60,-1,1
76748,95,97,-2,2
76749,98,97,1,1
76750,71,67,4,4
76751,76,70,6,6
76752,100,113,-13,13
76753,70,64,6,6
76754,71,63,8,8
76755,94,68,26,26
76756,86,97,-11,11
76757,102,109,-7,7
76758,106,106,0,0
76759,74,88,-14,14
76760,49,58,-9,9
76761,103,109,-6,6
76762,70,71,-1,1
76763,168,146,22,22
76764,66,68,-2,2
76765,128,135,-7,7
76766,110,98,12,12
76767,82,70,12,12
76768,92,97,-5,5
76769,187,170,17,17
76770,101,124,-23,23
76771,47,46,1,1
76772,72,76,-4,4
76773,77,74,3,3
76774,30,50,-20,20
76775,124,126,-2,2
76776,218,191,27,27
76777,110,106,4,4
76778,106,111,-5,5
76779,133,130,3,3
76780,88,72,16,16
76781,58,58,0,0
76782,184,144,40,40
76783,152,141,11,11
76784,87,84,3,3
76785,167,135,32,32
76786,93,94,-1,1
76787,130,112,18,18
76788,96,96,0,0
76789,119,108,11,11
76790,81,83,-2,2
76791,52,57,-5,5
76792,66,65,1,1
76793,102,102,0,0
76794,76,73,3,3
76795,117,100,17,17
76796,98,89,9,9
76797,81,91,-10,10
76798,99,110,-11,11
76799,81,84,-3,3
76800,64,71,-7,7
76801,139,161,-22,22
76802,84,95,-11,11
76803,68,71,-3,3
76804,42,49,-7,7
76805,73,62,11,11
76806,158,144,14,14
76807,101,99,2,2
76808,122,121,1,1
76809,76,105,-29,29
76810,129,137,-8,8
76811,99,85,14,14
76812,71,57,14,14
76813,80,75,5,5
76814,141,120,21,21
76815,48,60,-12,12
76816,146,135,11,11
76817,83,92,-9,9
76818,102,109,-7,7
76819,87,89,-2,2
76820,83,81,2,2
76821,63,65,-2,2
76822,89,98,-9,9
76823,142,137,5,5
76824,90,95,-5,5
76825,97,92,5,5
76826,130,124,6,6
76827,88,86,2,2
76828,146,153,-7,7
76829,118,115,3,3
76830,124,109,15,15
76831,108,113,-5,5
76832,53,59,-6,6
76833,78,73,5,5
76834,54,58,-4,4
76835,121,107,14,14
76836,105,113,-8,8
76837,47,58,-11,11
76838,58,58,0,0
76839,126,113,13,13
76840,165,130,35,35
76841,118,109,9,9
76842,54,69,-15,15
76843,98,93,5,5
76844,39,33,6,6
76845,88,88,0,0
76846,85,90,-5,5
76847,92,101,-9,9
76848,101,107,-6,6
76849,69,69,0,0
76850,70,65,5,5
76851,57,88,-31,31
76852,89,97,-8,8
76853,165,151,14,14
76854,88,84,4,4
76855,142,129,13,13
76856,109,112,-3,3
76857,105,108,-3,3
76858,94,100,-6,6
76859,124,110,14,14
76860,119,113,6,6
76861,41,43,-2,2
76862,102,96,6,6
76863,90,77,13,13
76864,126,132,-6,6
76865,59,72,-13,13
76866,74,69,5,5
76867,104,112,-8,8
76868,101,102,-1,1
76869,102,101,1,1
76870,123,137,-14,14
76871,90,87,3,3
76872,85,77,8,8
76873,85,91,-6,6
76874,57,56,1,1
76875,73,76,-3,3
76876,73,73,0,0
76877,106,114,-8,8
76878,47,41,6,6
76879,91,103,-12,12
76880,93,89,4,4
76881,63,72,-9,9
76882,80,80,0,0
76883,71,70,1,1
76884,92,96,-4,4
76885,125,115,10,10
76886,82,97,-15,15
76887,97,100,-3,3
76888,59,58,1,1
76889,125,131,-6,6
76890,115,106,9,9
76891,103,97,6,6
76892,97,99,-2,2
76893,89,88,1,1
76894,78,74,4,4
76895,159,139,20,20
76896,117,133,-16,16
76897,100,99,1,1
76898,104,107,-3,3
76899,97,102,-5,5
76900,114,107,7,7
76901,118,130,-12,12
76902,99,82,17,17
76903,98,98,0,0
76904,114,144,-30,30
76905,99,101,-2,2
76906,95,92,3,3
76907,68,67,1,1
76908,119,108,11,11
76909,125,107,18,18
76910,74,74,0,0
76911,97,91,6,6
76912,101,100,1,1
76913,157,166,-9,9
76914,141,124,17,17
76915,132,126,6,6
76916,104,114,-10,10
76917,85,91,-6,6
76918,110,112,-2,2
76919,91,91,0,0
76920,53,59,-6,6
76921,81,81,0,0
76922,78,78,0,0
76923,79,94,-15,15
76924,73,61,12,12
76925,81,88,-7,7
76926,89,88,1,1
76927,78,88,-10,10
76928,122,113,9,9
76929,64,77,-13,13
76930,52,55,-3,3
76931,87,85,2,2
76932,134,132,2,2
76933,104,98,6,6
76934,116,121,-5,5
76935,102,109,-7,7
76936,160,99,61,61
76937,83,74,9,9
76938,159,153,6,6
76939,130,139,-9,9
76940,92,100,-8,8
76941,95,73,22,22
76942,179,182,-3,3
76943,132,116,16,16
76944,53,57,-4,4
76945,100,93,7,7
76946,105,93,12,12
76947,77,72,5,5
76948,115,115,0,0
76949,126,119,7,7
76950,91,87,4,4
76951,79,88,-9,9
76952,40,44,-4,4
76953,128,116,12,12
76954,145,177,-32,32
76955,153,134,19,19
76956,81,80,1,1
76957,113,116,-3,3
76958,138,128,10,10
76959,100,115,-15,15
76960,77,70,7,7
76961,71,70,1,1
76962,110,113,-3,3
76963,118,121,-3,3
76964,137,136,1,1
76965,94,89,5,5
76966,65,62,3,3
76967,52,71,-19,19
76968,74,91,-17,17
76969,68,47,21,21
76970,101,102,-1,1
76971,104,107,-3,3
76972,138,131,7,7
76973,71,66,5,5
76974,140,127,13,13
76975,83,76,7,7
76976,91,83,8,8
76977,125,119,6,6
76978,77,85,-8,8
76979,63,56,7,7
76980,116,109,7,7
76981,102,103,-1,1
76982,121,122,-1,1
76983,116,111,5,5
76984,181,167,14,14
76985,112,128,-16,16
76986,151,143,8,8
76987,127,111,16,16
76988,87,86,1,1
76989,123,111,12,12
76990,74,79,-5,5
76991,161,146,15,15
76992,48,47,1,1
76993,207,196,11,11
76994,124,132,-8,8
76995,91,104,-13,13
76996,104,105,-1,1
76997,118,121,-3,3
76998,112,119,-7,7
76999,70,88,-18,18
77000,76,73,3,3
77001,133,122,11,11
77002,79,79,0,0
77003,56,76,-20,20
77004,111,155,-44,44
77005,48,57,-9,9
77006,80,64,16,16
77007,144,148,-4,4
77008,39,27,12,12
77009,91,87,4,4
77010,97,99,-2,2
77011,93,84,9,9
77012,142,145,-3,3
77013,116,103,13,13
77014,86,70,16,16
77015,128,134,-6,6
77016,101,118,-17,17
77017,53,56,-3,3
77018,153,143,10,10
77019,69,81,-12,12
77020,101,106,-5,5
77021,146,146,0,0
77022,107,113,-6,6
77023,86,93,-7,7
77024,44,48,-4,4
77025,64,73,-9,9
77026,90,67,23,23
77027,69,76,-7,7
77028,78,111,-33,33
77029,141,128,13,13
77030,54,77,-23,23
77031,61,57,4,4
77032,140,125,15,15
77033,158,155,3,3
77034,96,100,-4,4
77035,159,137,22,22
77036,155,141,14,14
77037,152,138,14,14
77038,62,54,8,8
77039,84,87,-3,3
77040,197,178,19,19
77041,123,112,11,11
77042,80,92,-12,12
77043,25,36,-11,11
77044,140,128,12,12
77045,65,63,2,2
77046,67,86,-19,19
77047,62,66,-4,4
77048,71,73,-2,2
77049,138,138,0,0
77050,73,72,1,1
77051,84,88,-4,4
77052,227,184,43,43
77053,97,95,2,2
77054,47,51,-4,4
77055,74,73,1,1
77056,75,72,3,3
77057,64,67,-3,3
77058,107,114,-7,7
77059,60,76,-16,16
77060,70,81,-11,11
77061,117,89,28,28
77062,110,109,1,1
77063,118,108,10,10
77064,86,78,8,8
77065,61,66,-5,5
77066,72,73,-1,1
77067,153,140,13,13
77068,92,105,-13,13
77069,117,118,-1,1
77070,79,81,-2,2
77071,111,101,10,10
77072,48,50,-2,2
77073,71,68,3,3
77074,100,92,8,8
77075,90,87,3,3
77076,67,67,0,0
77077,111,106,5,5
77078,68,81,-13,13
77079,113,100,13,13
77080,78,87,-9,9
77081,94,85,9,9
77082,86,88,-2,2
77083,131,133,-2,2
77084,142,132,10,10
77085,83,97,-14,14
77086,62,76,-14,14
77087,74,65,9,9
77088,143,131,12,12
77089,163,161,2,2
77090,78,73,5,5
77091,42,40,2,2
77092,69,66,3,3
77093,68,71,-3,3
77094,132,123,9,9
77095,59,54,5,5
77096,107,106,1,1
77097,107,107,0,0
77098,49,55,-6,6
77099,114,121,-7,7
77100,87,88,-1,1
77101,103,80,23,23
77102,122,129,-7,7
77103,114,109,5,5
77104,172,162,10,10
77105,69,60,9,9
77106,57,67,-10,10
77107,108,103,5,5
77108,80,105,-25,25
77109,70,92,-22,22
77110,126,128,-2,2
77111,102,90,12,12
77112,45,42,3,3
77113,72,61,11,11
77114,174,147,27,27
77115,101,100,1,1
77116,53,49,4,4
77117,71,78,-7,7
77118,157,159,-2,2
77119,139,140,-1,1
77120,116,108,8,8
77121,86,70,16,16
77122,96,85,11,11
77123,107,112,-5,5
77124,98,105,-7,7
77125,89,96,-7,7
77126,117,125,-8,8
77127,108,115,-7,7
77128,54,48,6,6
77129,116,116,0,0
77130,111,102,9,9
77131,139,141,-2,2
77132,74,71,3,3
77133,117,113,4,4
77134,106,107,-1,1
77135,158,140,18,18
77136,97,98,-1,1
77137,70,65,5,5
77138,106,119,-13,13
77139,82,83,-1,1
77140,141,147,-6,6
77141,132,132,0,0
77142,114,109,5,5
77143,145,126,19,19
77144,56,60,-4,4
77145,109,99,10,10
77146,131,117,14,14
77147,154,137,17,17
77148,73,65,8,8
77149,63,66,-3,3
77150,134,128,6,6
77151,91,87,4,4
77152,127,139,-12,12
77153,42,37,5,5
77154,101,105,-4,4
77155,52,48,4,4
77156,143,129,14,14
77157,92,91,1,1
77158,84,90,-6,6
77159,101,114,-13,13
77160,117,117,0,0
77161,85,83,2,2
77162,52,58,-6,6
77163,74,61,13,13
77164,78,70,8,8
77165,64,66,-2,2
77166,90,103,-13,13
77167,59,66,-7,7
77168,53,70,-17,17
77169,94,109,-15,15
77170,77,71,6,6
77171,108,96,12,12
77172,138,130,8,8
77173,83,83,0,0
77174,150,146,4,4
77175,108,103,5,5
77176,64,76,-12,12
77177,101,115,-14,14
77178,92,87,5,5
77179,150,129,21,21
77180,133,121,12,12
77181,42,42,0,0
77182,43,53,-10,10
77183,63,71,-8,8
77184,82,93,-11,11
77185,56,49,7,7
77186,101,111,-10,10
77187,65,86,-21,21
77188,112,102,10,10
77189,50,48,2,2
77190,130,120,10,10
77191,88,94,-6,6
77192,74,76,-2,2
77193,129,132,-3,3
77194,57,66,-9,9
77195,110,110,0,0
77196,99,96,3,3
77197,77,80,-3,3
77198,117,115,2,2
77199,107,102,5,5
77200,62,47,15,15
77201,75,81,-6,6
77202,97,105,-8,8
77203,54,47,7,7
77204,80,72,8,8
77205,84,81,3,3
77206,52,49,3,3
77207,106,99,7,7
77208,99,117,-18,18
77209,92,100,-8,8
77210,53,64,-11,11
77211,135,127,8,8
77212,116,96,20,20
77213,96,105,-9,9
77214,116,103,13,13
77215,90,90,0,0
77216,187,150,37,37
77217,55,105,-50,50
77218,48,21,27,27
77219,77,89,-12,12
77220,74,80,-6,6
77221,97,108,-11,11
77222,159,157,2,2
77223,127,127,0,0
77224,83,81,2,2
77225,67,79,-12,12
77226,103,88,15,15
77227,68,54,14,14
77228,75,69,6,6
77229,88,84,4,4
77230,82,112,-30,30
77231,128,109,19,19
77232,177,149,28,28
77233,140,134,6,6
77234,108,86,22,22
77235,59,59,0,0
77236,97,93,4,4
77237,105,107,-2,2
77238,59,56,3,3
77239,74,71,3,3
77240,63,58,5,5
77241,53,49,4,4
77242,67,74,-7,7
77243,88,89,-1,1
77244,116,105,11,11
77245,141,146,-5,5
77246,123,127,-4,4
77247,111,111,0,0
77248,89,88,1,1
77249,112,65,47,47
77250,118,115,3,3
77251,51,71,-20,20
77252,165,171,-6,6
77253,70,79,-9,9
77254,92,96,-4,4
77255,156,140,16,16
77256,160,154,6,6
77257,64,60,4,4
77258,137,134,3,3
77259,93,89,4,4
77260,124,131,-7,7
77261,77,75,2,2
77262,128,133,-5,5
77263,79,62,17,17
77264,61,98,-37,37
77265,112,111,1,1
77266,45,49,-4,4
77267,67,66,1,1
77268,126,127,-1,1
77269,92,93,-1,1
77270,74,69,5,5
77271,67,70,-3,3
77272,105,110,-5,5
77273,167,165,2,2
77274,131,117,14,14
77275,84,134,-50,50
77276,110,115,-5,5
77277,72,81,-9,9
77278,71,180,-109,109
77279,115,123,-8,8
77280,159,154,5,5
77281,82,94,-12,12
77282,100,109,-9,9
77283,70,62,8,8
77284,104,104,0,0
77285,49,43,6,6
77286,104,96,8,8
77287,101,105,-4,4
77288,66,78,-12,12
77289,87,93,-6,6
77290,85,96,-11,11
77291,124,137,-13,13
77292,121,104,17,17
77293,97,87,10,10
77294,63,60,3,3
77295,93,100,-7,7
77296,79,76,3,3
77297,49,59,-10,10
77298,95,101,-6,6
77299,76,78,-2,2
77300,133,122,11,11
77301,66,66,0,0
77302,85,148,-63,63
77303,228,235,-7,7
77304,124,134,-10,10
77305,90,90,0,0
77306,95,84,11,11
77307,54,58,-4,4
77308,82,97,-15,15
77309,155,140,15,15
77310,173,151,22,22
77311,171,151,20,20
77312,42,46,-4,4
77313,141,138,3,3
77314,92,89,3,3
77315,94,96,-2,2
77316,82,88,-6,6
77317,132,132,0,0
77318,124,113,11,11
77319,94,88,6,6
77320,60,66,-6,6
77321,58,61,-3,3
77322,102,109,-7,7
77323,112,113,-1,1
77324,121,111,10,10
77325,133,144,-11,11
77326,54,65,-11,11
77327,105,115,-10,10
77328,82,87,-5,5
77329,104,100,4,4
77330,91,87,4,4
77331,103,111,-8,8
77332,96,114,-18,18
77333,147,164,-17,17
77334,95,99,-4,4
77335,111,110,1,1
77336,106,113,-7,7
77337,59,61,-2,2
77338,77,71,6,6
77339,97,83,14,14
77340,73,65,8,8
77341,105,96,9,9
77342,122,121,1,1
77343,55,61,-6,6
77344,108,117,-9,9
77345,59,58,1,1
77346,124,132,-8,8
77347,116,118,-2,2
77348,100,102,-2,2
77349,76,79,-3,3
77350,102,96,6,6
77351,95,123,-28,28
77352,138,127,11,11
77353,119,114,5,5
77354,78,76,2,2
77355,108,114,-6,6
77356,34,39,-5,5
77357,105,105,0,0
77358,120,111,9,9
77359,91,88,3,3
77360,103,109,-6,6
77361,75,70,5,5
77362,176,145,31,31
77363,85,73,12,12
77364,75,71,4,4
77365,103,114,-11,11
77366,81,77,4,4
77367,105,113,-8,8
77368,50,53,-3,3
77369,118,109,9,9
77370,163,155,8,8
77371,137,117,20,20
77372,167,161,6,6
77373,116,119,-3,3
77374,52,59,-7,7
77375,115,103,12,12
77376,188,173,15,15
77377,187,173,14,14
77378,84,84,0,0
77379,124,124,0,0
77380,95,92,3,3
77381,79,90,-11,11
77382,72,59,13,13
77383,68,73,-5,5
77384,116,120,-4,4
77385,83,109,-26,26
77386,94,91,3,3
77387,63,72,-9,9
77388,200,212,-12,12
77389,61,63,-2,2
77390,148,143,5,5
77391,56,60,-4,4
77392,110,107,3,3
77393,94,102,-8,8
77394,59,81,-22,22
77395,76,80,-4,4
77396,67,71,-4,4
77397,102,101,1,1
77398,165,139,26,26
77399,79,86,-7,7
77400,74,77,-3,3
77401,136,127,9,9
77402,116,119,-3,3
77403,95,105,-10,10
77404,112,113,-1,1
77405,65,75,-10,10
77406,43,44,-1,1
77407,92,96,-4,4
77408,48,51,-3,3
77409,75,83,-8,8
77410,118,128,-10,10
77411,99,101,-2,2
77412,101,107,-6,6
77413,41,64,-23,23
77414,78,82,-4,4
77415,129,112,17,17
77416,109,124,-15,15
77417,81,75,6,6
77418,167,143,24,24
77419,55,81,-26,26
77420,202,173,29,29
77421,118,107,11,11
77422,122,118,4,4
77423,67,72,-5,5
77424,67,72,-5,5
77425,54,60,-6,6
77426,54,62,-8,8
77427,89,87,2,2
77428,107,108,-1,1
77429,94,98,-4,4
77430,72,69,3,3
77431,127,137,-10,10
77432,84,90,-6,6
77433,64,77,-13,13
77434,96,99,-3,3
77435,116,111,5,5
77436,127,107,20,20
77437,128,112,16,16
77438,118,134,-16,16
77439,62,70,-8,8
77440,73,58,15,15
77441,36,47,-11,11
77442,165,127,38,38
77443,100,103,-3,3
77444,65,68,-3,3
77445,75,76,-1,1
77446,75,96,-21,21
77447,97,105,-8,8
77448,93,102,-9,9
77449,57,75,-18,18
77450,59,56,3,3
77451,85,90,-5,5
77452,99,123,-24,24
77453,87,84,3,3
77454,102,110,-8,8
77455,75,79,-4,4
77456,92,96,-4,4
77457,79,93,-14,14
77458,50,75,-25,25
77459,48,53,-5,5
77460,217,173,44,44
77461,132,106,26,26
77462,101,96,5,5
77463,82,75,7,7
77464,116,128,-12,12
77465,112,98,14,14
77466,66,85,-19,19
77467,81,84,-3,3
77468,56,71,-15,15
77469,97,89,8,8
77470,84,74,10,10
77471,37,46,-9,9
77472,74,67,7,7
77473,127,122,5,5
77474,54,55,-1,1
77475,80,72,8,8
77476,57,52,5,5
77477,106,90,16,16
77478,91,87,4,4
77479,103,102,1,1
77480,114,102,12,12
77481,131,153,-22,22
77482,85,89,-4,4
77483,85,78,7,7
77484,93,92,1,1
77485,74,52,22,22
77486,88,97,-9,9
77487,52,43,9,9
77488,41,46,-5,5
77489,82,85,-3,3
77490,112,103,9,9
77491,67,61,6,6
77492,69,94,-25,25
77493,150,136,14,14
77494,93,91,2,2
77495,63,58,5,5
77496,95,88,7,7
77497,46,69,-23,23
77498,72,70,2,2
77499,77,85,-8,8
77500,87,87,0,0
77501,121,127,-6,6
77502,149,118,31,31
77503,82,79,3,3
77504,57,49,8,8
77505,127,108,19,19
77506,103,107,-4,4
77507,96,99,-3,3
77508,82,77,5,5
77509,161,138,23,23
77510,133,127,6,6
77511,73,72,1,1
77512,71,63,8,8
77513,168,170,-2,2
77514,137,145,-8,8
77515,72,78,-6,6
77516,77,71,6,6
77517,114,123,-9,9
77518,115,115,0,0
77519,70,57,13,13
77520,78,79,-1,1
77521,118,124,-6,6
77522,88,79,9,9
77523,81,74,7,7
77524,118,122,-4,4
77525,60,54,6,6
77526,98,97,1,1
77527,99,93,6,6
77528,55,52,3,3
77529,100,100,0,0
77530,75,78,-3,3
77531,77,64,13,13
77532,139,125,14,14
77533,99,95,4,4
77534,106,105,1,1
77535,92,97,-5,5
77536,87,84,3,3
77537,55,66,-11,11
77538,89,100,-11,11
77539,106,102,4,4
77540,161,175,-14,14
77541,72,70,2,2
77542,119,102,17,17
77543,90,78,12,12
77544,110,112,-2,2
77545,51,52,-1,1
77546,63,66,-3,3
77547,42,43,-1,1
77548,85,83,2,2
77549,144,127,17,17
77550,69,83,-14,14
77551,43,44,-1,1
77552,94,112,-18,18
77553,178,174,4,4
77554,80,76,4,4
77555,65,64,1,1
77556,62,68,-6,6
77557,62,62,0,0
77558,144,143,1,1
77559,102,92,10,10
77560,104,111,-7,7
77561,45,46,-1,1
77562,57,46,11,11
77563,132,122,10,10
77564,105,90,15,15
77565,99,100,-1,1
77566,60,64,-4,4
77567,72,72,0,0
77568,122,139,-17,17
77569,141,135,6,6
77570,94,91,3,3
77571,89,95,-6,6
77572,43,60,-17,17
77573,160,144,16,16
77574,84,69,15,15
77575,84,81,3,3
77576,90,102,-12,12
77577,68,72,-4,4
77578,189,173,16,16
77579,77,84,-7,7
77580,59,65,-6,6
77581,139,131,8,8
77582,98,92,6,6
77583,147,134,13,13
77584,158,139,19,19
77585,97,91,6,6
77586,109,100,9,9
77587,112,103,9,9
77588,74,70,4,4
77589,155,143,12,12
77590,75,74,1,1
77591,129,122,7,7
77592,189,160,29,29
77593,98,103,-5,5
77594,68,71,-3,3
77595,100,103,-3,3
77596,136,116,20,20
77597,144,132,12,12
77598,123,130,-7,7
77599,60,54,6,6
77600,131,119,12,12
77601,74,83,-9,9
77602,148,123,25,25
77603,112,110,2,2
77604,60,69,-9,9
77605,89,80,9,9
77606,83,89,-6,6
77607,100,94,6,6
77608,70,73,-3,3
77609,119,128,-9,9
77610,52,62,-10,10
77611,72,79,-7,7
77612,127,116,11,11
77613,82,83,-1,1
77614,65,61,4,4
77615,75,67,8,8
77616,65,75,-10,10
77617,80,88,-8,8
77618,95,110,-15,15
77619,74,87,-13,13
77620,107,106,1,1
77621,63,62,1,1
77622,117,120,-3,3
77623,83,62,21,21
77624,74,74,0,0
77625,56,53,3,3
77626,143,164,-21,21
77627,61,73,-12,12
77628,92,90,2,2
77629,147,146,1,1
77630,68,81,-13,13
77631,95,89,6,6
77632,80,79,1,1
77633,129,118,11,11
77634,133,167,-34,34
77635,47,49,-2,2
77636,65,57,8,8
77637,85,92,-7,7
77638,100,97,3,3
77639,113,115,-2,2
77640,104,102,2,2
77641,70,57,13,13
77642,16,23,-7,7
77643,102,99,3,3
77644,125,128,-3,3
77645,83,79,4,4
77646,114,93,21,21
77647,150,147,3,3
77648,164,144,20,20
77649,97,93,4,4
77650,71,72,-1,1
77651,78,87,-9,9
77652,128,117,11,11
77653,111,103,8,8
77654,78,81,-3,3
77655,83,74,9,9
77656,84,81,3,3
77657,81,82,-1,1
77658,103,111,-8,8
77659,91,105,-14,14
77660,79,90,-11,11
77661,84,82,2,2
77662,143,133,10,10
77663,97,96,1,1
77664,85,84,1,1
77665,120,115,5,5
77666,88,111,-23,23
77667,114,100,14,14
77668,116,104,12,12
77669,72,78,-6,6
77670,101,101,0,0
77671,129,123,6,6
77672,119,109,10,10
77673,86,94,-8,8
77674,75,84,-9,9
77675,76,78,-2,2
77676,84,83,1,1
77677,75,73,2,2
77678,124,138,-14,14
77679,177,177,0,0
77680,75,68,7,7
77681,117,109,8,8
77682,99,147,-48,48
77683,50,66,-16,16
77684,70,71,-1,1
77685,115,101,14,14
77686,60,64,-4,4
77687,96,92,4,4
77688,142,129,13,13
77689,87,89,-2,2
77690,112,113,-1,1
77691,116,102,14,14
77692,56,55,1,1
77693,158,146,12,12
77694,188,174,14,14
77695,181,169,12,12
77696,104,89,15,15
77697,159,161,-2,2
77698,122,131,-9,9
77699,69,75,-6,6
77700,105,106,-1,1
77701,84,84,0,0
77702,80,81,-1,1
77703,62,57,5,5
77704,75,79,-4,4
77705,72,79,-7,7
77706,86,90,-4,4
77707,99,129,-30,30
77708,59,57,2,2
77709,104,103,1,1
77710,78,84,-6,6
77711,97,98,-1,1
77712,129,116,13,13
77713,64,77,-13,13
77714,105,105,0,0
77715,93,81,12,12
77716,92,86,6,6
77717,40,48,-8,8
77718,98,104,-6,6
77719,132,123,9,9
77720,67,76,-9,9
77721,51,83,-32,32
77722,81,87,-6,6
77723,142,160,-18,18
77724,145,132,13,13
77725,72,54,18,18
77726,102,105,-3,3
77727,87,87,0,0
77728,111,114,-3,3
77729,80,84,-4,4
77730,85,98,-13,13
77731,144,119,25,25
77732,66,72,-6,6
77733,98,90,8,8
77734,91,91,0,0
77735,61,65,-4,4
77736,46,59,-13,13
77737,89,98,-9,9
77738,105,94,11,11
77739,102,86,16,16
77740,100,102,-2,2
77741,58,62,-4,4
77742,116,113,3,3
77743,73,75,-2,2
77744,96,89,7,7
77745,89,91,-2,2
77746,79,88,-9,9
77747,74,70,4,4
77748,100,87,13,13
77749,35,46,-11,11
77750,49,51,-2,2
77751,79,69,10,10
77752,102,108,-6,6
77753,104,81,23,23
77754,198,165,33,33
77755,136,136,0,0
77756,62,74,-12,12
77757,100,98,2,2
77758,89,91,-2,2
77759,131,127,4,4
77760,82,79,3,3
77761,157,152,5,5
77762,71,67,4,4
77763,54,54,0,0
77764,115,116,-1,1
77765,80,73,7,7
77766,69,70,-1,1
77767,80,63,17,17
77768,89,95,-6,6
77769,91,94,-3,3
77770,171,162,9,9
77771,86,79,7,7
77772,120,119,1,1
77773,72,76,-4,4
77774,67,61,6,6
77775,122,145,-23,23
77776,71,70,1,1
77777,119,118,1,1
77778,80,76,4,4
77779,110,93,17,17
77780,47,47,0,0
77781,193,167,26,26
77782,80,74,6,6
77783,52,71,-19,19
77784,61,62,-1,1
77785,90,203,-113,113
77786,85,88,-3,3
77787,74,70,4,4
77788,85,91,-6,6
77789,125,142,-17,17
77790,150,142,8,8
77791,89,101,-12,12
77792,93,97,-4,4
77793,131,136,-5,5
77794,66,71,-5,5
77795,78,62,16,16
77796,151,139,12,12
77797,91,86,5,5
77798,75,79,-4,4
77799,39,40,-1,1
77800,54,48,6,6
77801,106,93,13,13
77802,128,128,0,0
77803,49,63,-14,14
77804,124,115,9,9
77805,76,75,1,1
77806,89,85,4,4
77807,48,42,6,6
77808,135,136,-1,1
77809,108,107,1,1
77810,113,118,-5,5
77811,97,102,-5,5
77812,155,154,1,1
77813,154,142,12,12
77814,118,104,14,14
77815,87,75,12,12
77816,56,65,-9,9
77817,56,70,-14,14
77818,70,80,-10,10
77819,45,54,-9,9
77820,49,80,-31,31
77821,91,85,6,6
77822,76,78,-2,2
77823,81,98,-17,17
77824,121,121,0,0
77825,109,113,-4,4
77826,72,86,-14,14
77827,75,72,3,3
77828,35,46,-11,11
77829,90,92,-2,2
77830,132,133,-1,1
77831,140,184,-44,44
77832,75,79,-4,4
77833,76,78,-2,2
77834,111,125,-14,14
77835,92,99,-7,7
77836,120,130,-10,10
77837,119,109,10,10
77838,78,90,-12,12
77839,86,91,-5,5
77840,60,66,-6,6
77841,158,152,6,6
77842,94,91,3,3
77843,126,114,12,12
77844,112,106,6,6
77845,112,97,15,15
77846,73,74,-1,1
77847,94,106,-12,12
77848,133,117,16,16
77849,70,49,21,21
77850,83,79,4,4
77851,117,110,7,7
77852,104,98,6,6
77853,109,101,8,8
77854,173,130,43,43
77855,55,66,-11,11
77856,46,58,-12,12
77857,36,36,0,0
77858,76,83,-7,7
77859,136,116,20,20
77860,102,103,-1,1
77861,110,105,5,5
77862,94,87,7,7
77863,80,76,4,4
77864,149,148,1,1
77865,249,208,41,41
77866,150,137,13,13
77867,49,53,-4,4
77868,58,58,0,0
77869,54,54,0,0
77870,83,69,14,14
77871,119,112,7,7
77872,58,77,-19,19
77873,123,110,13,13
77874,125,126,-1,1
77875,115,138,-23,23
77876,74,88,-14,14
77877,71,76,-5,5
77878,162,148,14,14
77879,96,115,-19,19
77880,63,42,21,21
77881,87,87,0,0
77882,74,56,18,18
77883,70,83,-13,13
77884,114,120,-6,6
77885,72,69,3,3
77886,58,67,-9,9
77887,117,107,10,10
77888,77,97,-20,20
77889,57,80,-23,23
77890,142,131,11,11
77891,57,62,-5,5
77892,77,72,5,5
77893,100,122,-22,22
77894,92,107,-15,15
77895,53,56,-3,3
77896,98,93,5,5
77897,96,99,-3,3
77898,67,61,6,6
77899,69,73,-4,4
77900,108,116,-8,8
77901,97,87,10,10
77902,75,69,6,6
77903,97,95,2,2
77904,127,120,7,7
77905,87,78,9,9
77906,86,80,6,6
77907,84,72,12,12
77908,86,82,4,4
77909,88,93,-5,5
77910,97,96,1,1
77911,86,89,-3,3
77912,79,92,-13,13
77913,183,156,27,27
77914,97,95,2,2
77915,136,140,-4,4
77916,78,75,3,3
77917,128,116,12,12
77918,116,108,8,8
77919,167,167,0,0
77920,143,149,-6,6
77921,72,83,-11,11
77922,101,103,-2,2
77923,89,84,5,5
77924,63,61,2,2
77925,136,128,8,8
77926,129,114,15,15
77927,77,84,-7,7
77928,70,90,-20,20
77929,114,110,4,4
77930,100,108,-8,8
77931,133,114,19,19
77932,130,127,3,3
77933,64,56,8,8
77934,105,96,9,9
77935,171,149,22,22
77936,120,115,5,5
77937,95,93,2,2
77938,72,82,-10,10
77939,75,65,10,10
77940,110,92,18,18
77941,119,112,7,7
77942,184,178,6,6
77943,132,134,-2,2
77944,128,135,-7,7
77945,78,100,-22,22
77946,124,120,4,4
77947,123,127,-4,4
77948,105,94,11,11
77949,51,61,-10,10
77950,89,105,-16,16
77951,58,62,-4,4
77952,112,102,10,10
77953,97,94,3,3
77954,95,100,-5,5
77955,79,82,-3,3
77956,85,96,-11,11
77957,135,117,18,18
77958,127,130,-3,3
77959,95,85,10,10
77960,141,134,7,7
77961,76,93,-17,17
77962,63,67,-4,4
77963,106,104,2,2
77964,95,86,9,9
77965,91,83,8,8
77966,147,130,17,17
77967,124,116,8,8
77968,88,81,7,7
77969,70,77,-7,7
77970,80,99,-19,19
77971,41,54,-13,13
77972,59,65,-6,6
77973,97,95,2,2
77974,61,60,1,1
77975,148,127,21,21
77976,106,92,14,14
77977,102,109,-7,7
77978,66,42,24,24
77979,75,80,-5,5
77980,98,94,4,4
77981,58,62,-4,4
77982,59,61,-2,2
77983,53,50,3,3
77984,53,75,-22,22
77985,121,102,19,19
77986,101,88,13,13
77987,145,126,19,19
77988,57,62,-5,5
77989,74,78,-4,4
77990,65,62,3,3
77991,79,85,-6,6
77992,117,142,-25,25
77993,65,69,-4,4
77994,64,68,-4,4
77995,81,69,12,12
77996,125,103,22,22
77997,67,65,2,2
77998,69,65,4,4
77999,59,53,6,6
78000,126,115,11,11
78001,106,106,0,0
78002,63,68,-5,5
78003,89,96,-7,7
78004,120,96,24,24
78005,97,104,-7,7
78006,70,68,2,2
78007,116,112,4,4
78008,77,61,16,16
78009,49,51,-2,2
78010,71,78,-7,7
78011,64,78,-14,14
78012,72,49,23,23
78013,128,122,6,6
78014,98,99,-1,1
78015,66,61,5,5
78016,112,118,-6,6
78017,51,62,-11,11
78018,85,76,9,9
78019,100,99,1,1
78020,92,91,1,1
78021,111,117,-6,6
78022,100,117,-17,17
78023,96,105,-9,9
78024,166,152,14,14
78025,137,142,-5,5
78026,72,65,7,7
78027,115,111,4,4
78028,88,97,-9,9
78029,91,86,5,5
78030,103,121,-18,18
78031,47,46,1,1
78032,86,86,0,0
78033,136,134,2,2
78034,157,142,15,15
78035,124,136,-12,12
78036,137,124,13,13
78037,101,99,2,2
78038,74,55,19,19
78039,85,87,-2,2
78040,45,39,6,6
78041,168,145,23,23
78042,115,102,13,13
78043,116,135,-19,19
78044,84,95,-11,11
78045,102,99,3,3
78046,59,72,-13,13
78047,106,116,-10,10
78048,60,80,-20,20
78049,123,102,21,21
78050,85,74,11,11
78051,60,71,-11,11
78052,82,73,9,9
78053,160,152,8,8
78054,82,85,-3,3
78055,83,89,-6,6
78056,73,75,-2,2
78057,113,121,-8,8
78058,95,91,4,4
78059,100,91,9,9
78060,40,47,-7,7
78061,80,82,-2,2
78062,110,110,0,0
78063,144,144,0,0
78064,115,99,16,16
78065,64,68,-4,4
78066,119,111,8,8
78067,102,104,-2,2
78068,159,138,21,21
78069,104,97,7,7
78070,91,98,-7,7
78071,133,116,17,17
78072,98,90,8,8
78073,96,104,-8,8
78074,134,134,0,0
78075,160,140,20,20
78076,59,79,-20,20
78077,74,75,-1,1
78078,106,100,6,6
78079,64,58,6,6
78080,90,98,-8,8
78081,67,71,-4,4
78082,100,92,8,8
78083,68,66,2,2
78084,159,158,1,1
78085,87,93,-6,6
78086,123,133,-10,10
78087,78,73,5,5
78088,95,97,-2,2
78089,56,78,-22,22
78090,102,100,2,2
78091,108,93,15,15
78092,73,68,5,5
78093,111,117,-6,6
78094,137,128,9,9
78095,84,94,-10,10
78096,89,78,11,11
78097,70,59,11,11
78098,78,76,2,2
78099,152,133,19,19
78100,81,81,0,0
78101,49,47,2,2
78102,69,76,-7,7
78103,102,93,9,9
78104,62,72,-10,10
78105,91,91,0,0
78106,72,29,43,43
78107,47,51,-4,4
78108,184,140,44,44
78109,103,84,19,19
78110,69,80,-11,11
78111,51,54,-3,3
78112,120,123,-3,3
78113,105,81,24,24
78114,46,54,-8,8
78115,75,69,6,6
78116,71,66,5,5
78117,45,56,-11,11
78118,80,94,-14,14
78119,79,88,-9,9
78120,78,74,4,4
78121,62,69,-7,7
78122,86,91,-5,5
78123,122,120,2,2
78124,101,90,11,11
78125,72,86,-14,14
78126,141,128,13,13
78127,69,69,0,0
78128,93,98,-5,5
78129,55,50,5,5
78130,121,116,5,5
78131,105,126,-21,21
78132,99,86,13,13
78133,195,170,25,25
78134,76,84,-8,8
78135,124,118,6,6
78136,100,77,23,23
78137,152,140,12,12
78138,108,107,1,1
78139,49,53,-4,4
78140,176,156,20,20
78141,104,184,-80,80
78142,81,63,18,18
78143,97,104,-7,7
78144,58,55,3,3
78145,110,105,5,5
78146,55,61,-6,6
78147,69,87,-18,18
78148,107,131,-24,24
78149,71,71,0,0
78150,88,98,-10,10
78151,43,49,-6,6
78152,117,107,10,10
78153,81,51,30,30
78154,75,75,0,0
78155,108,105,3,3
78156,63,76,-13,13
78157,74,75,-1,1
78158,68,63,5,5
78159,62,64,-2,2
78160,52,51,1,1
78161,78,91,-13,13
78162,108,123,-15,15
78163,188,181,7,7
78164,61,70,-9,9
78165,77,71,6,6
78166,97,84,13,13
78167,67,82,-15,15
78168,77,99,-22,22
78169,91,98,-7,7
78170,69,75,-6,6
78171,131,127,4,4
78172,56,60,-4,4
78173,49,70,-21,21
78174,126,127,-1,1
78175,114,105,9,9
78176,90,89,1,1
78177,75,95,-20,20
78178,83,69,14,14
78179,92,120,-28,28
78180,83,91,-8,8
78181,89,83,6,6
78182,85,89,-4,4
78183,70,66,4,4
78184,108,100,8,8
78185,71,71,0,0
78186,68,60,8,8
78187,70,68,2,2
78188,107,120,-13,13
78189,58,68,-10,10
78190,51,47,4,4
78191,55,56,-1,1
78192,161,162,-1,1
78193,46,49,-3,3
78194,92,92,0,0
78195,154,152,2,2
78196,83,87,-4,4
78197,128,128,0,0
78198,73,83,-10,10
78199,87,95,-8,8
78200,122,109,13,13
78201,108,94,14,14
78202,76,92,-16,16
78203,59,64,-5,5
78204,83,87,-4,4
78205,92,87,5,5
78206,96,99,-3,3
78207,105,85,20,20
78208,58,66,-8,8
78209,81,81,0,0
78210,110,103,7,7
78211,44,60,-16,16
78212,81,83,-2,2
78213,63,77,-14,14
78214,78,75,3,3
78215,68,77,-9,9
78216,120,133,-13,13
78217,181,163,18,18
78218,141,147,-6,6
78219,178,152,26,26
78220,64,59,5,5
78221,72,86,-14,14
78222,45,55,-10,10
78223,143,131,12,12
78224,145,123,22,22
78225,111,105,6,6
78226,86,74,12,12
78227,125,126,-1,1
78228,79,79,0,0
78229,67,74,-7,7
78230,173,133,40,40
78231,81,90,-9,9
78232,88,89,-1,1
78233,63,63,0,0
78234,66,98,-32,32
78235,96,90,6,6
78236,100,80,20,20
78237,57,54,3,3
78238,125,120,5,5
78239,156,146,10,10
78240,125,132,-7,7
78241,133,120,13,13
78242,66,64,2,2
78243,159,158,1,1
78244,44,57,-13,13
78245,67,58,9,9
78246,105,103,2,2
78247,77,78,-1,1
78248,64,70,-6,6
78249,62,80,-18,18
78250,69,62,7,7
78251,163,140,23,23
78252,62,77,-15,15
78253,50,51,-1,1
78254,100,98,2,2
78255,108,95,13,13
78256,70,72,-2,2
78257,97,101,-4,4
78258,83,78,5,5
78259,137,149,-12,12
78260,70,69,1,1
78261,122,105,17,17
78262,79,90,-11,11
78263,52,87,-35,35
78264,86,86,0,0
78265,93,99,-6,6
78266,93,98,-5,5
78267,62,72,-10,10
78268,109,105,4,4
78269,107,102,5,5
78270,83,83,0,0
78271,57,57,0,0
78272,61,67,-6,6
78273,43,72,-29,29
78274,156,135,21,21
78275,102,96,6,6
78276,56,84,-28,28
78277,199,184,15,15
78278,103,116,-13,13
78279,77,88,-11,11
78280,147,158,-11,11
78281,99,109,-10,10
78282,74,113,-39,39
78283,71,74,-3,3
78284,142,139,3,3
78285,72,62,10,10
78286,28,89,-61,61
78287,99,114,-15,15
78288,145,132,13,13
78289,51,46,5,5
78290,132,125,7,7
78291,102,100,2,2
78292,69,68,1,1
78293,142,132,10,10
78294,52,47,5,5
78295,87,100,-13,13
78296,122,121,1,1
78297,93,105,-12,12
78298,85,90,-5,5
78299,101,88,13,13
78300,88,87,1,1
78301,64,55,9,9
78302,131,119,12,12
78303,91,91,0,0
78304,174,163,11,11
78305,50,56,-6,6
78306,78,80,-2,2
78307,76,87,-11,11
78308,118,112,6,6
78309,56,76,-20,20
78310,53,58,-5,5
78311,98,101,-3,3
78312,119,115,4,4
78313,133,126,7,7
78314,66,74,-8,8
78315,117,118,-1,1
78316,94,95,-1,1
78317,79,88,-9,9
78318,114,117,-3,3
78319,96,85,11,11
78320,81,86,-5,5
78321,83,84,-1,1
78322,74,78,-4,4
78323,89,76,13,13
78324,73,84,-11,11
78325,160,158,2,2
78326,120,102,18,18
78327,52,52,0,0
78328,127,129,-2,2
78329,93,81,12,12
78330,108,122,-14,14
78331,95,97,-2,2
78332,75,75,0,0
78333,124,106,18,18
78334,90,91,-1,1
78335,101,100,1,1
78336,44,54,-10,10
78337,113,99,14,14
78338,64,71,-7,7
78339,135,135,0,0
78340,147,142,5,5
78341,112,117,-5,5
78342,63,61,2,2
78343,91,110,-19,19
78344,93,67,26,26
78345,116,115,1,1
78346,124,142,-18,18
78347,127,122,5,5
78348,114,130,-16,16
78349,137,112,25,25
78350,56,60,-4,4
78351,54,66,-12,12
78352,78,90,-12,12
78353,71,78,-7,7
78354,72,67,5,5
78355,67,77,-10,10
78356,48,50,-2,2
78357,115,136,-21,21
78358,53,54,-1,1
78359,95,95,0,0
78360,56,65,-9,9
78361,45,69,-24,24
78362,209,172,37,37
78363,85,99,-14,14
78364,80,74,6,6
78365,139,157,-18,18
78366,64,67,-3,3
78367,83,90,-7,7
78368,121,106,15,15
78369,102,114,-12,12
78370,94,90,4,4
78371,119,107,12,12
78372,59,68,-9,9
78373,61,87,-26,26
78374,74,73,1,1
78375,76,85,-9,9
78376,91,100,-9,9
78377,132,123,9,9
78378,54,53,1,1
78379,74,81,-7,7
78380,96,80,16,16
78381,60,70,-10,10
78382,91,101,-10,10
78383,102,105,-3,3
78384,131,138,-7,7
78385,95,85,10,10
78386,35,45,-10,10
78387,70,94,-24,24
78388,115,97,18,18
78389,63,75,-12,12
78390,70,77,-7,7
78391,73,67,6,6
78392,79,74,5,5
78393,114,111,3,3
78394,75,88,-13,13
78395,103,105,-2,2
78396,111,111,0,0
78397,110,111,-1,1
78398,55,50,5,5
78399,89,96,-7,7
78400,53,59,-6,6
78401,114,96,18,18
78402,104,100,4,4
78403,45,45,0,0
78404,122,115,7,7
78405,72,83,-11,11
78406,140,142,-2,2
78407,132,122,10,10
78408,127,152,-25,25
78409,133,132,1,1
78410,66,69,-3,3
78411,99,96,3,3
78412,112,117,-5,5
78413,104,84,20,20
78414,143,128,15,15
78415,107,97,10,10
78416,122,120,2,2
78417,166,162,4,4
78418,169,158,11,11
78419,165,166,-1,1
78420,147,129,18,18
78421,63,59,4,4
78422,71,72,-1,1
78423,59,54,5,5
78424,127,134,-7,7
78425,168,136,32,32
78426,43,48,-5,5
78427,103,137,-34,34
78428,109,106,3,3
78429,99,97,2,2
78430,71,75,-4,4
78431,94,99,-5,5
78432,104,103,1,1
78433,96,101,-5,5
78434,85,78,7,7
78435,122,113,9,9
78436,85,81,4,4
78437,49,54,-5,5
78438,44,68,-24,24
78439,65,59,6,6
78440,78,83,-5,5
78441,117,117,0,0
78442,103,87,16,16
78443,106,88,18,18
78444,97,106,-9,9
78445,167,163,4,4
78446,50,56,-6,6
78447,134,127,7,7
78448,100,101,-1,1
78449,81,85,-4,4
78450,108,128,-20,20
78451,55,54,1,1
78452,82,85,-3,3
78453,94,112,-18,18
78454,94,82,12,12
78455,61,61,0,0
78456,141,144,-3,3
78457,79,78,1,1
78458,71,85,-14,14
78459,48,63,-15,15
78460,140,129,11,11
78461,70,92,-22,22
78462,63,61,2,2
78463,137,121,16,16
78464,40,38,2,2
78465,103,100,3,3
78466,67,66,1,1
78467,82,86,-4,4
78468,119,127,-8,8
78469,131,135,-4,4
78470,77,94,-17,17
78471,98,101,-3,3
78472,148,153,-5,5
78473,91,86,5,5
78474,95,94,1,1
78475,60,64,-4,4
78476,72,69,3,3
78477,123,118,5,5
78478,68,73,-5,5
78479,124,138,-14,14
78480,128,131,-3,3
78481,114,131,-17,17
78482,90,87,3,3
78483,108,106,2,2
78484,114,114,0,0
78485,33,47,-14,14
78486,95,97,-2,2
78487,113,110,3,3
78488,57,60,-3,3
78489,71,65,6,6
78490,110,151,-41,41
78491,67,69,-2,2
78492,59,62,-3,3
78493,105,111,-6,6
78494,132,112,20,20
78495,93,103,-10,10
78496,90,107,-17,17
78497,134,129,5,5
78498,32,53,-21,21
78499,108,145,-37,37
78500,81,80,1,1
78501,94,98,-4,4
78502,116,133,-17,17
78503,131,132,-1,1
78504,63,73,-10,10
78505,96,96,0,0
78506,71,52,19,19
78507,71,70,1,1
78508,79,91,-12,12
78509,115,105,10,10
78510,48,83,-35,35
78511,85,88,-3,3
78512,113,102,11,11
78513,89,90,-1,1
78514,131,115,16,16
78515,91,102,-11,11
78516,72,67,5,5
78517,169,160,9,9
78518,133,126,7,7
78519,176,97,79,79
78520,118,123,-5,5
78521,71,85,-14,14
78522,65,68,-3,3
78523,144,125,19,19
78524,72,75,-3,3
78525,70,84,-14,14
78526,70,66,4,4
78527,117,98,19,19
78528,97,90,7,7
78529,57,65,-8,8
78530,61,87,-26,26
78531,80,88,-8,8
78532,92,89,3,3
78533,85,93,-8,8
78534,125,119,6,6
78535,90,93,-3,3
78536,80,77,3,3
78537,71,86,-15,15
78538,149,124,25,25
78539,69,72,-3,3
78540,104,108,-4,4
78541,95,97,-2,2
78542,129,119,10,10
78543,144,147,-3,3
78544,61,58,3,3
78545,130,137,-7,7
78546,144,119,25,25
78547,39,41,-2,2
78548,114,116,-2,2
78549,48,58,-10,10
78550,94,97,-3,3
78551,92,91,1,1
78552,101,80,21,21
78553,79,98,-19,19
78554,113,102,11,11
78555,69,79,-10,10
78556,41,44,-3,3
78557,69,79,-10,10
78558,108,101,7,7
78559,66,68,-2,2
78560,93,78,15,15
78561,86,76,10,10
78562,79,67,12,12
78563,80,85,-5,5
78564,87,90,-3,3
78565,179,166,13,13
78566,67,51,16,16
78567,71,81,-10,10
78568,86,73,13,13
78569,92,87,5,5
78570,109,104,5,5
78571,45,56,-11,11
78572,84,87,-3,3
78573,158,148,10,10
78574,92,88,4,4
78575,75,85,-10,10
78576,84,77,7,7
78577,65,83,-18,18
78578,104,92,12,12
78579,44,42,2,2
78580,198,160,38,38
78581,124,113,11,11
78582,134,122,12,12
78583,122,115,7,7
78584,77,91,-14,14
78585,103,97,6,6
78586,98,93,5,5
78587,59,57,2,2
78588,87,66,21,21
78589,74,74,0,0
78590,67,66,1,1
78591,85,85,0,0
78592,79,81,-2,2
78593,96,99,-3,3
78594,121,124,-3,3
78595,98,102,-4,4
78596,145,118,27,27
78597,110,111,-1,1
78598,144,136,8,8
78599,85,83,2,2
78600,114,122,-8,8
78601,95,94,1,1
78602,51,79,-28,28
78603,97,93,4,4
78604,81,75,6,6
78605,81,73,8,8
78606,85,80,5,5
78607,154,136,18,18
78608,125,116,9,9
78609,97,97,0,0
78610,161,147,14,14
78611,144,115,29,29
78612,127,127,0,0
78613,88,97,-9,9
78614,180,168,12,12
78615,90,100,-10,10
78616,66,50,16,16
78617,95,93,2,2
78618,94,103,-9,9
78619,75,77,-2,2
78620,65,77,-12,12
78621,111,117,-6,6
78622,67,70,-3,3
78623,86,97,-11,11
78624,141,123,18,18
78625,102,92,10,10
78626,142,138,4,4
78627,188,168,20,20
78628,62,64,-2,2
78629,104,123,-19,19
78630,63,60,3,3
78631,100,96,4,4
78632,148,132,16,16
78633,103,109,-6,6
78634,122,130,-8,8
78635,69,74,-5,5
78636,89,83,6,6
78637,113,87,26,26
78638,135,137,-2,2
78639,158,140,18,18
78640,74,66,8,8
78641,54,50,4,4
78642,106,109,-3,3
78643,56,88,-32,32
78644,113,111,2,2
78645,95,75,20,20
78646,134,127,7,7
78647,73,68,5,5
78648,51,50,1,1
78649,50,45,5,5
78650,33,39,-6,6
78651,130,116,14,14
78652,111,139,-28,28
78653,58,53,5,5
78654,103,111,-8,8
78655,136,141,-5,5
78656,99,97,2,2
78657,99,87,12,12
78658,116,110,6,6
78659,149,131,18,18
78660,69,73,-4,4
78661,81,89,-8,8
78662,57,61,-4,4
78663,85,89,-4,4
78664,78,98,-20,20
78665,94,94,0,0
78666,112,110,2,2
78667,141,120,21,21
78668,133,108,25,25
78669,85,87,-2,2
78670,100,105,-5,5
78671,62,57,5,5
78672,121,108,13,13
78673,54,57,-3,3
78674,154,154,0,0
78675,142,133,9,9
78676,104,119,-15,15
78677,103,106,-3,3
78678,70,65,5,5
78679,118,100,18,18
78680,115,116,-1,1
78681,145,145,0,0
78682,106,114,-8,8
78683,114,114,0,0
78684,87,97,-10,10
78685,155,124,31,31
78686,142,135,7,7
78687,132,126,6,6
78688,94,99,-5,5
78689,142,124,18,18
78690,150,140,10,10
78691,53,58,-5,5
78692,94,98,-4,4
78693,85,102,-17,17
78694,62,67,-5,5
78695,53,55,-2,2
78696,81,91,-10,10
78697,175,167,8,8
78698,55,50,5,5
78699,72,84,-12,12
78700,93,93,0,0
78701,73,83,-10,10
78702,47,63,-16,16
78703,67,70,-3,3
78704,117,103,14,14
78705,104,109,-5,5
78706,76,72,4,4
78707,99,101,-2,2
78708,131,123,8,8
78709,84,99,-15,15
78710,105,119,-14,14
78711,157,122,35,35
78712,111,120,-9,9
78713,91,104,-13,13
78714,74,89,-15,15
78715,79,89,-10,10
78716,103,96,7,7
78717,119,115,4,4
78718,163,129,34,34
78719,69,69,0,0
78720,112,102,10,10
78721,55,61,-6,6
78722,97,94,3,3
78723,99,93,6,6
78724,58,67,-9,9
78725,125,118,7,7
78726,88,70,18,18
78727,81,86,-5,5
78728,158,151,7,7
78729,55,52,3,3
78730,114,120,-6,6
78731,95,94,1,1
78732,87,111,-24,24
78733,139,104,35,35
78734,79,78,1,1
78735,75,88,-13,13
78736,56,62,-6,6
78737,113,134,-21,21
78738,148,145,3,3
78739,160,127,33,33
78740,97,94,3,3
78741,88,91,-3,3
78742,89,86,3,3
78743,101,93,8,8
78744,53,58,-5,5
78745,97,110,-13,13
78746,67,67,0,0
78747,117,111,6,6
78748,72,68,4,4
78749,40,56,-16,16
78750,48,56,-8,8
78751,88,80,8,8
78752,95,107,-12,12
78753,132,134,-2,2
78754,63,56,7,7
78755,95,92,3,3
78756,84,80,4,4
78757,33,44,-11,11
78758,70,70,0,0
78759,154,148,6,6
78760,163,159,4,4
78761,175,146,29,29
78762,92,84,8,8
78763,150,149,1,1
78764,67,61,6,6
78765,127,134,-7,7
78766,131,136,-5,5
78767,194,186,8,8
78768,113,103,10,10
78769,106,113,-7,7
78770,88,76,12,12
78771,75,80,-5,5
78772,56,83,-27,27
78773,86,105,-19,19
78774,66,59,7,7
78775,171,162,9,9
78776,127,125,2,2
78777,110,106,4,4
78778,93,100,-7,7
78779,89,88,1,1
78780,72,89,-17,17
78781,98,83,15,15
78782,77,86,-9,9
78783,93,94,-1,1
78784,112,96,16,16
78785,68,67,1,1
78786,104,107,-3,3
78787,78,78,0,0
78788,69,86,-17,17
78789,48,54,-6,6
78790,65,66,-1,1
78791,109,107,2,2
78792,90,114,-24,24
78793,141,148,-7,7
78794,100,94,6,6
78795,133,122,11,11
78796,110,98,12,12
78797,54,53,1,1
78798,71,73,-2,2
78799,144,140,4,4
78800,57,63,-6,6
78801,88,92,-4,4
78802,107,105,2,2
78803,128,114,14,14
78804,93,101,-8,8
78805,136,137,-1,1
78806,107,94,13,13
78807,151,132,19,19
78808,114,115,-1,1
78809,67,76,-9,9
78810,94,95,-1,1
78811,90,78,12,12
78812,105,96,9,9
78813,132,115,17,17
78814,90,93,-3,3
78815,120,133,-13,13
78816,91,114,-23,23
78817,155,167,-12,12
78818,62,59,3,3
78819,109,107,2,2
78820,100,104,-4,4
78821,160,151,9,9
78822,96,89,7,7
78823,104,104,0,0
78824,93,85,8,8
78825,72,83,-11,11
78826,59,78,-19,19
78827,74,66,8,8
78828,83,66,17,17
78829,92,89,3,3
78830,100,103,-3,3
78831,87,88,-1,1
78832,122,127,-5,5
78833,78,70,8,8
78834,79,65,14,14
78835,138,117,21,21
78836,158,138,20,20
78837,75,78,-3,3
78838,100,87,13,13
78839,134,122,12,12
78840,138,150,-12,12
78841,82,94,-12,12
78842,52,47,5,5
78843,74,82,-8,8
78844,60,51,9,9
78845,49,62,-13,13
78846,45,47,-2,2
78847,83,80,3,3
78848,55,59,-4,4
78849,74,80,-6,6
78850,96,84,12,12
78851,71,78,-7,7
78852,73,66,7,7
78853,104,118,-14,14
78854,57,57,0,0
78855,79,80,-1,1
78856,109,131,-22,22
78857,65,76,-11,11
78858,129,142,-13,13
78859,75,80,-5,5
78860,209,171,38,38
78861,102,102,0,0
78862,102,100,2,2
78863,142,147,-5,5
78864,140,130,10,10
78865,44,39,5,5
78866,102,108,-6,6
78867,89,85,4,4
78868,86,75,11,11
78869,85,89,-4,4
78870,88,91,-3,3
78871,77,83,-6,6
78872,123,131,-8,8
78873,62,82,-20,20
78874,163,153,10,10
78875,114,112,2,2
78876,55,47,8,8
78877,112,106,6,6
78878,125,112,13,13
78879,123,119,4,4
78880,96,89,7,7
78881,111,99,12,12
78882,136,122,14,14
78883,75,73,2,2
78884,134,140,-6,6
78885,77,89,-12,12
78886,98,101,-3,3
78887,94,96,-2,2
78888,77,81,-4,4
78889,83,73,10,10
78890,97,96,1,1
78891,82,85,-3,3
78892,126,123,3,3
78893,159,170,-11,11
78894,100,100,0,0
78895,100,120,-20,20
78896,121,129,-8,8
78897,117,95,22,22
78898,81,77,4,4
78899,90,92,-2,2
78900,68,72,-4,4
78901,110,102,8,8
78902,118,131,-13,13
78903,97,109,-12,12
78904,81,63,18,18
78905,105,108,-3,3
78906,95,84,11,11
78907,66,66,0,0
78908,109,112,-3,3
78909,141,142,-1,1
78910,52,38,14,14
78911,80,89,-9,9
78912,93,80,13,13
78913,76,68,8,8
78914,111,109,2,2
78915,107,93,14,14
78916,132,134,-2,2
78917,100,118,-18,18
78918,138,122,16,16
78919,122,116,6,6
78920,105,101,4,4
78921,85,90,-5,5
78922,96,77,19,19
78923,60,64,-4,4
78924,106,99,7,7
78925,47,57,-10,10
78926,97,92,5,5
78927,36,36,0,0
78928,111,100,11,11
78929,121,116,5,5
78930,85,70,15,15
78931,95,108,-13,13
78932,78,84,-6,6
78933,113,116,-3,3
78934,72,85,-13,13
78935,110,117,-7,7
78936,38,45,-7,7
78937,133,128,5,5
78938,52,67,-15,15
78939,49,54,-5,5
78940,57,54,3,3
78941,209,181,28,28
78942,93,111,-18,18
78943,62,63,-1,1
78944,51,62,-11,11
78945,82,104,-22,22
78946,77,70,7,7
78947,165,141,24,24
78948,58,68,-10,10
78949,108,103,5,5
78950,43,63,-20,20
78951,83,81,2,2
78952,92,83,9,9
78953,127,111,16,16
78954,47,58,-11,11
78955,78,79,-1,1
78956,62,53,9,9
78957,136,117,19,19
78958,121,117,4,4
78959,79,88,-9,9
78960,83,97,-14,14
78961,100,102,-2,2
78962,86,116,-30,30
78963,89,91,-2,2
78964,74,47,27,27
78965,133,134,-1,1
78966,107,102,5,5
78967,89,85,4,4
78968,72,75,-3,3
78969,78,88,-10,10
78970,52,50,2,2
78971,94,104,-10,10
78972,107,112,-5,5
78973,61,60,1,1
78974,224,191,33,33
78975,75,59,16,16
78976,53,68,-15,15
78977,95,102,-7,7
78978,63,62,1,1
78979,133,140,-7,7
78980,45,47,-2,2
78981,65,55,10,10
78982,93,92,1,1
78983,68,90,-22,22
78984,86,92,-6,6
78985,116,106,10,10
78986,112,110,2,2
78987,79,69,10,10
78988,83,95,-12,12
78989,136,145,-9,9
78990,58,57,1,1
78991,98,95,3,3
78992,216,213,3,3
78993,135,136,-1,1
78994,87,76,11,11
78995,99,86,13,13
78996,85,79,6,6
78997,57,75,-18,18
78998,69,67,2,2
78999,72,74,-2,2
79000,42,81,-39,39
79001,50,62,-12,12
79002,120,109,11,11
79003,43,72,-29,29
79004,58,60,-2,2
79005,64,70,-6,6
79006,47,56,-9,9
79007,118,104,14,14
79008,91,125,-34,34
79009,115,112,3,3
79010,132,142,-10,10
79011,124,113,11,11
79012,127,137,-10,10
79013,90,79,11,11
79014,142,142,0,0
79015,72,76,-4,4
79016,91,100,-9,9
79017,93,96,-3,3
79018,159,157,2,2
79019,76,79,-3,3
79020,89,91,-2,2
79021,127,113,14,14
79022,76,69,7,7
79023,101,90,11,11
79024,95,100,-5,5
79025,82,92,-10,10
79026,109,103,6,6
79027,108,100,8,8
79028,84,86,-2,2
79029,184,172,12,12
79030,77,70,7,7
79031,92,91,1,1
79032,57,62,-5,5
79033,104,102,2,2
79034,118,125,-7,7
79035,111,112,-1,1
79036,78,64,14,14
79037,122,124,-2,2
79038,72,75,-3,3
79039,106,89,17,17
79040,61,74,-13,13
79041,106,104,2,2
79042,122,123,-1,1
79043,119,109,10,10
79044,141,118,23,23
79045,114,101,13,13
79046,124,114,10,10
79047,86,73,13,13
79048,43,51,-8,8
79049,177,170,7,7
79050,169,203,-34,34
79051,100,100,0,0
79052,70,79,-9,9
79053,80,80,0,0
79054,82,85,-3,3
79055,97,85,12,12
79056,112,103,9,9
79057,122,112,10,10
79058,62,57,5,5
79059,146,115,31,31
79060,77,81,-4,4
79061,95,88,7,7
79062,167,130,37,37
79063,62,88,-26,26
79064,112,154,-42,42
79065,56,61,-5,5
79066,126,124,2,2
79067,127,127,0,0
79068,221,196,25,25
79069,180,168,12,12
79070,73,80,-7,7
79071,53,59,-6,6
79072,82,83,-1,1
79073,58,57,1,1
79074,78,85,-7,7
79075,130,132,-2,2
79076,39,36,3,3
79077,93,119,-26,26
79078,87,81,6,6
79079,82,71,11,11
79080,130,148,-18,18
79081,74,70,4,4
79082,93,86,7,7
79083,69,77,-8,8
79084,57,62,-5,5
79085,79,72,7,7
79086,120,115,5,5
79087,91,80,11,11
79088,99,111,-12,12
79089,100,97,3,3
79090,93,86,7,7
79091,78,75,3,3
79092,82,80,2,2
79093,242,152,90,90
79094,154,144,10,10
79095,63,61,2,2
79096,52,68,-16,16
79097,106,103,3,3
79098,87,113,-26,26
79099,106,111,-5,5
79100,36,41,-5,5
79101,108,134,-26,26
79102,153,161,-8,8
79103,44,56,-12,12
79104,119,116,3,3
79105,51,65,-14,14
79106,156,123,33,33
79107,114,128,-14,14
79108,123,121,2,2
79109,149,150,-1,1
79110,90,87,3,3
79111,67,65,2,2
79112,179,175,4,4
79113,123,121,2,2
79114,88,83,5,5
79115,211,189,22,22
79116,149,130,19,19
79117,58,62,-4,4
79118,85,83,2,2
79119,94,95,-1,1
79120,125,128,-3,3
79121,50,52,-2,2
79122,78,83,-5,5
79123,91,80,11,11
79124,166,148,18,18
79125,89,89,0,0
79126,55,56,-1,1
79127,140,134,6,6
79128,122,130,-8,8
79129,92,70,22,22
79130,59,69,-10,10
79131,112,125,-13,13
79132,97,100,-3,3
79133,109,109,0,0
79134,121,136,-15,15
79135,75,74,1,1
79136,80,71,9,9
79137,104,102,2,2
79138,130,136,-6,6
79139,148,151,-3,3
79140,54,52,2,2
79141,121,110,11,11
79142,65,76,-11,11
79143,51,60,-9,9
79144,142,124,18,18
79145,40,34,6,6
79146,58,64,-6,6
79147,92,89,3,3
79148,71,70,1,1
79149,96,92,4,4
79150,118,111,7,7
79151,54,52,2,2
79152,91,99,-8,8
79153,70,69,1,1
79154,85,86,-1,1
79155,47,33,14,14
79156,137,118,19,19
79157,88,122,-34,34
79158,73,87,-14,14
79159,99,101,-2,2
79160,68,67,1,1
79161,174,163,11,11
79162,119,124,-5,5
79163,84,76,8,8
79164,103,120,-17,17
79165,174,155,19,19
79166,98,93,5,5
79167,86,70,16,16
79168,101,109,-8,8
79169,88,73,15,15
79170,78,64,14,14
79171,94,87,7,7
79172,131,133,-2,2
79173,104,95,9,9
79174,89,94,-5,5
79175,104,120,-16,16
79176,43,55,-12,12
79177,85,86,-1,1
79178,66,59,7,7
79179,108,127,-19,19
79180,89,107,-18,18
79181,54,63,-9,9
79182,75,69,6,6
79183,85,99,-14,14
79184,94,86,8,8
79185,58,72,-14,14
79186,191,178,13,13
79187,63,53,10,10
79188,73,78,-5,5
79189,92,95,-3,3
79190,125,105,20,20
79191,90,81,9,9
79192,128,129,-1,1
79193,38,51,-13,13
79194,84,71,13,13
79195,85,75,10,10
79196,147,141,6,6
79197,54,77,-23,23
79198,78,72,6,6
79199,117,103,14,14
79200,78,86,-8,8
79201,83,92,-9,9
79202,125,151,-26,26
79203,108,116,-8,8
79204,94,89,5,5
79205,45,47,-2,2
79206,120,120,0,0
79207,86,95,-9,9
79208,85,90,-5,5
79209,50,53,-3,3
79210,89,88,1,1
79211,90,95,-5,5
79212,75,71,4,4
79213,110,115,-5,5
79214,82,77,5,5
79215,140,136,4,4
79216,102,99,3,3
79217,78,77,1,1
79218,90,91,-1,1
79219,49,55,-6,6
79220,60,56,4,4
79221,128,135,-7,7
79222,91,95,-4,4
79223,94,94,0,0
79224,101,98,3,3
79225,90,85,5,5
79226,115,113,2,2
79227,111,89,22,22
79228,110,126,-16,16
79229,64,72,-8,8
79230,112,106,6,6
79231,88,95,-7,7
79232,108,106,2,2
79233,100,96,4,4
79234,66,61,5,5
79235,142,116,26,26
79236,64,76,-12,12
79237,140,115,25,25
79238,124,123,1,1
79239,66,73,-7,7
79240,99,92,7,7
79241,78,72,6,6
79242,103,111,-8,8
79243,121,113,8,8
79244,96,83,13,13
79245,30,44,-14,14
79246,69,63,6,6
79247,97,81,16,16
79248,81,72,9,9
79249,72,77,-5,5
79250,93,82,11,11
79251,84,89,-5,5
79252,84,104,-20,20
79253,98,102,-4,4
79254,57,66,-9,9
79255,81,80,1,1
79256,88,89,-1,1
79257,98,94,4,4
79258,171,164,7,7
79259,76,71,5,5
79260,126,136,-10,10
79261,90,87,3,3
79262,91,78,13,13
79263,94,84,10,10
79264,91,87,4,4
79265,122,117,5,5
79266,81,91,-10,10
79267,86,99,-13,13
79268,79,74,5,5
79269,76,93,-17,17
79270,97,99,-2,2
79271,125,142,-17,17
79272,125,118,7,7
79273,62,60,2,2
79274,63,73,-10,10
79275,81,77,4,4
79276,115,104,11,11
79277,162,162,0,0
79278,103,99,4,4
79279,64,63,1,1
79280,153,138,15,15
79281,69,79,-10,10
79282,132,122,10,10
79283,76,70,6,6
79284,63,74,-11,11
79285,65,71,-6,6
79286,89,60,29,29
79287,165,154,11,11
79288,84,83,1,1
79289,89,79,10,10
79290,130,124,6,6
79291,73,70,3,3
79292,110,114,-4,4
79293,157,126,31,31
79294,82,86,-4,4
79295,100,103,-3,3
79296,128,122,6,6
79297,122,127,-5,5
79298,102,106,-4,4
79299,102,86,16,16
79300,86,73,13,13
79301,124,115,9,9
79302,157,131,26,26
79303,104,103,1,1
79304,94,88,6,6
79305,59,57,2,2
79306,103,99,4,4
79307,78,71,7,7
79308,73,75,-2,2
79309,76,75,1,1
79310,112,137,-25,25
79311,103,112,-9,9
79312,159,149,10,10
79313,42,56,-14,14
79314,83,79,4,4
79315,108,108,0,0
79316,129,115,14,14
79317,129,125,4,4
79318,145,122,23,23
79319,70,74,-4,4
79320,71,65,6,6
79321,60,66,-6,6
79322,100,94,6,6
79323,173,144,29,29
79324,156,134,22,22
79325,101,97,4,4
79326,99,105,-6,6
79327,130,115,15,15
79328,68,118,-50,50
79329,138,136,2,2
79330,138,135,3,3
79331,126,132,-6,6
79332,74,76,-2,2
79333,75,70,5,5
79334,79,74,5,5
79335,67,78,-11,11
79336,80,130,-50,50
79337,86,73,13,13
79338,57,57,0,0
79339,111,115,-4,4
79340,95,88,7,7
79341,85,71,14,14
79342,88,77,11,11
79343,72,62,10,10
79344,22,105,-83,83
79345,97,77,20,20
79346,130,115,15,15
79347,55,54,1,1
79348,95,95,0,0
79349,86,82,4,4
79350,53,57,-4,4
79351,66,60,6,6
79352,122,138,-16,16
79353,130,131,-1,1
79354,135,143,-8,8
79355,47,49,-2,2
79356,65,102,-37,37
79357,46,40,6,6
79358,155,138,17,17
79359,60,78,-18,18
79360,75,98,-23,23
79361,97,83,14,14
79362,142,124,18,18
79363,57,72,-15,15
79364,80,75,5,5
79365,44,45,-1,1
79366,107,106,1,1
79367,39,55,-16,16
79368,163,157,6,6
79369,152,157,-5,5
79370,119,113,6,6
79371,98,91,7,7
79372,67,94,-27,27
79373,61,58,3,3
79374,99,104,-5,5
79375,62,55,7,7
79376,68,67,1,1
79377,72,74,-2,2
79378,83,88,-5,5
79379,103,90,13,13
79380,116,132,-16,16
79381,122,120,2,2
79382,88,89,-1,1
79383,129,123,6,6
79384,86,88,-2,2
79385,82,85,-3,3
79386,83,87,-4,4
79387,71,80,-9,9
79388,77,78,-1,1
79389,100,109,-9,9
79390,206,177,29,29
79391,152,159,-7,7
79392,58,56,2,2
79393,141,134,7,7
79394,96,77,19,19
79395,149,124,25,25
79396,80,75,5,5
79397,48,62,-14,14
79398,75,71,4,4
79399,95,86,9,9
79400,126,115,11,11
79401,74,70,4,4
79402,95,88,7,7
79403,59,67,-8,8
79404,164,162,2,2
79405,95,84,11,11
79406,46,33,13,13
79407,88,88,0,0
79408,135,145,-10,10
79409,140,118,22,22
79410,103,96,7,7
79411,69,66,3,3
79412,144,115,29,29
79413,147,141,6,6
79414,105,115,-10,10
79415,154,118,36,36
79416,77,71,6,6
79417,74,72,2,2
79418,132,122,10,10
79419,56,69,-13,13
79420,48,48,0,0
79421,77,76,1,1
79422,20,30,-10,10
79423,94,104,-10,10
79424,66,71,-5,5
79425,72,65,7,7
79426,130,112,18,18
79427,282,209,73,73
79428,139,121,18,18
79429,99,102,-3,3
79430,67,83,-16,16
79431,72,78,-6,6
79432,96,118,-22,22
79433,76,76,0,0
79434,119,108,11,11
79435,93,83,10,10
79436,61,64,-3,3
79437,79,66,13,13
79438,107,99,8,8
79439,152,143,9,9
79440,85,81,4,4
79441,62,86,-24,24
79442,103,93,10,10
79443,59,58,1,1
79444,109,119,-10,10
79445,84,87,-3,3
79446,85,88,-3,3
79447,77,85,-8,8
79448,182,168,14,14
79449,105,126,-21,21
79450,165,161,4,4
79451,101,90,11,11
79452,91,94,-3,3
79453,93,97,-4,4
79454,105,112,-7,7
79455,98,102,-4,4
79456,140,143,-3,3
79457,150,148,2,2
79458,168,145,23,23
79459,155,140,15,15
79460,75,61,14,14
79461,56,58,-2,2
79462,41,54,-13,13
79463,84,81,3,3
79464,46,52,-6,6
79465,168,146,22,22
79466,148,133,15,15
79467,92,103,-11,11
79468,93,91,2,2
79469,108,109,-1,1
79470,52,56,-4,4
79471,100,99,1,1
79472,77,81,-4,4
79473,95,92,3,3
79474,67,75,-8,8
79475,84,68,16,16
79476,107,109,-2,2
79477,80,72,8,8
79478,104,94,10,10
79479,86,78,8,8
79480,90,76,14,14
79481,70,82,-12,12
79482,125,134,-9,9
79483,68,62,6,6
79484,125,115,10,10
79485,133,136,-3,3
79486,77,69,8,8
79487,70,72,-2,2
79488,182,159,23,23
79489,114,102,12,12
79490,114,111,3,3
79491,183,178,5,5
79492,57,61,-4,4
79493,111,108,3,3
79494,49,51,-2,2
79495,58,67,-9,9
79496,97,99,-2,2
79497,141,147,-6,6
79498,133,130,3,3
79499,115,101,14,14
79500,142,121,21,21
79501,53,50,3,3
79502,69,63,6,6
79503,152,139,13,13
79504,52,59,-7,7
79505,145,135,10,10
79506,90,78,12,12
79507,125,108,17,17
79508,73,59,14,14
79509,72,72,0,0
79510,69,76,-7,7
79511,146,144,2,2
79512,149,146,3,3
79513,79,84,-5,5
79514,105,116,-11,11
79515,65,59,6,6
79516,139,122,17,17
79517,123,120,3,3
79518,105,93,12,12
79519,40,44,-4,4
79520,65,78,-13,13
79521,134,123,11,11
79522,123,122,1,1
79523,127,117,10,10
79524,39,56,-17,17
79525,104,106,-2,2
79526,48,58,-10,10
79527,78,90,-12,12
79528,102,99,3,3
79529,72,46,26,26
79530,130,133,-3,3
79531,107,102,5,5
79532,90,86,4,4
79533,85,75,10,10
79534,103,114,-11,11
79535,118,102,16,16
79536,67,72,-5,5
79537,101,95,6,6
79538,108,95,13,13
79539,134,141,-7,7
79540,83,72,11,11
79541,103,70,33,33
79542,43,49,-6,6
79543,154,141,13,13
79544,137,132,5,5
79545,133,124,9,9
79546,165,140,25,25
79547,68,66,2,2
79548,144,137,7,7
79549,112,111,1,1
79550,96,93,3,3
79551,84,89,-5,5
79552,131,112,19,19
79553,95,90,5,5
79554,166,153,13,13
79555,56,55,1,1
79556,112,104,8,8
79557,55,47,8,8
79558,88,92,-4,4
79559,81,71,10,10
79560,79,82,-3,3
79561,105,101,4,4
79562,52,57,-5,5
79563,131,125,6,6
79564,101,103,-2,2
79565,98,116,-18,18
79566,60,58,2,2
79567,66,73,-7,7
79568,85,84,1,1
79569,81,81,0,0
79570,117,119,-2,2
79571,61,76,-15,15
79572,74,80,-6,6
79573,64,64,0,0
79574,61,64,-3,3
79575,106,99,7,7
79576,82,81,1,1
79577,68,81,-13,13
79578,100,108,-8,8
79579,111,95,16,16
79580,73,75,-2,2
79581,110,104,6,6
79582,110,129,-19,19
79583,150,147,3,3
79584,119,124,-5,5
79585,140,140,0,0
79586,107,106,1,1
79587,31,51,-20,20
79588,111,112,-1,1
79589,93,97,-4,4
79590,73,74,-1,1
79591,75,87,-12,12
79592,106,112,-6,6
79593,46,42,4,4
79594,169,154,15,15
79595,128,113,15,15
79596,189,180,9,9
79597,119,115,4,4
79598,61,57,4,4
79599,109,113,-4,4
79600,129,117,12,12
79601,118,128,-10,10
79602,91,85,6,6
79603,95,97,-2,2
79604,106,95,11,11
79605,188,169,19,19
79606,78,63,15,15
79607,59,79,-20,20
79608,66,62,4,4
79609,62,67,-5,5
79610,137,138,-1,1
79611,82,90,-8,8
79612,115,109,6,6
79613,102,157,-55,55
79614,50,104,-54,54
79615,119,116,3,3
79616,159,157,2,2
79617,146,145,1,1
79618,62,50,12,12
79619,72,66,6,6
79620,82,74,8,8
79621,64,64,0,0
79622,74,76,-2,2
79623,104,94,10,10
79624,169,149,20,20
79625,86,89,-3,3
79626,178,182,-4,4
79627,83,73,10,10
79628,115,102,13,13
79629,124,112,12,12
79630,123,148,-25,25
79631,90,85,5,5
79632,51,52,-1,1
79633,99,96,3,3
79634,99,121,-22,22
79635,108,96,12,12
79636,124,109,15,15
79637,144,129,15,15
79638,128,144,-16,16
79639,70,74,-4,4
79640,74,77,-3,3
79641,134,143,-9,9
79642,119,124,-5,5
79643,41,49,-8,8
79644,101,110,-9,9
79645,149,137,12,12
79646,121,118,3,3
79647,56,52,4,4
79648,108,105,3,3
79649,72,76,-4,4
79650,98,83,15,15
79651,67,68,-1,1
79652,69,69,0,0
79653,89,91,-2,2
79654,122,144,-22,22
79655,75,79,-4,4
79656,80,90,-10,10
79657,184,172,12,12
79658,80,73,7,7
79659,136,127,9,9
79660,85,89,-4,4
79661,86,77,9,9
79662,99,94,5,5
79663,161,154,7,7
79664,106,112,-6,6
79665,86,93,-7,7
79666,160,149,11,11
79667,140,158,-18,18
79668,157,156,1,1
79669,121,120,1,1
79670,61,65,-4,4
79671,108,100,8,8
79672,110,105,5,5
79673,101,98,3,3
79674,85,77,8,8
79675,125,123,2,2
79676,67,65,2,2
79677,64,61,3,3
79678,47,63,-16,16
79679,111,119,-8,8
79680,45,51,-6,6
79681,79,62,17,17
79682,102,101,1,1
79683,99,77,22,22
79684,121,123,-2,2
79685,75,93,-18,18
79686,172,164,8,8
79687,67,68,-1,1
79688,111,116,-5,5
79689,119,118,1,1
79690,134,124,10,10
79691,139,130,9,9
79692,67,69,-2,2
79693,100,125,-25,25
79694,64,64,0,0
79695,105,105,0,0
79696,106,95,11,11
79697,41,46,-5,5
79698,122,105,17,17
79699,96,96,0,0
79700,74,89,-15,15
79701,97,100,-3,3
79702,106,94,12,12
79703,58,61,-3,3
79704,61,65,-4,4
79705,72,64,8,8
79706,97,96,1,1
79707,104,100,4,4
79708,90,90,0,0
79709,190,182,8,8
79710,113,107,6,6
79711,72,85,-13,13
79712,102,102,0,0
79713,143,127,16,16
79714,71,67,4,4
79715,80,93,-13,13
79716,45,49,-4,4
79717,57,65,-8,8
79718,109,101,8,8
79719,80,75,5,5
79720,54,72,-18,18
79721,75,82,-7,7
79722,80,99,-19,19
79723,73,69,4,4
79724,216,159,57,57
79725,73,89,-16,16
79726,124,122,2,2
79727,160,127,33,33
79728,140,153,-13,13
79729,136,131,5,5
79730,68,68,0,0
79731,91,93,-2,2
79732,69,58,11,11
79733,93,105,-12,12
79734,103,96,7,7
79735,93,97,-4,4
79736,53,55,-2,2
79737,116,111,5,5
79738,57,64,-7,7
79739,89,90,-1,1
79740,58,55,3,3
79741,136,133,3,3
79742,95,92,3,3
79743,59,61,-2,2
79744,169,157,12,12
79745,105,105,0,0
79746,119,92,27,27
79747,89,89,0,0
79748,132,116,16,16
79749,81,85,-4,4
79750,52,58,-6,6
79751,139,117,22,22
79752,60,61,-1,1
79753,128,128,0,0
79754,54,49,5,5
79755,123,121,2,2
79756,99,94,5,5
79757,36,35,1,1
79758,40,59,-19,19
79759,114,113,1,1
79760,89,82,7,7
79761,68,71,-3,3
79762,96,79,17,17
79763,120,110,10,10
79764,85,84,1,1
79765,67,63,4,4
79766,90,86,4,4
79767,59,56,3,3
79768,86,83,3,3
79769,187,185,2,2
79770,117,110,7,7
79771,50,60,-10,10
79772,90,86,4,4
79773,92,79,13,13
79774,57,60,-3,3
79775,55,59,-4,4
79776,51,52,-1,1
79777,84,79,5,5
79778,110,104,6,6
79779,52,71,-19,19
79780,56,71,-15,15
79781,82,77,5,5
79782,141,126,15,15
79783,104,108,-4,4
79784,113,116,-3,3
79785,119,100,19,19
79786,124,116,8,8
79787,79,86,-7,7
79788,99,87,12,12
79789,133,117,16,16
79790,53,54,-1,1
79791,88,81,7,7
79792,58,61,-3,3
79793,90,90,0,0
79794,89,94,-5,5
79795,91,105,-14,14
79796,110,103,7,7
79797,77,72,5,5
79798,71,77,-6,6
79799,77,73,4,4
79800,115,117,-2,2
79801,62,81,-19,19
79802,167,159,8,8
79803,105,120,-15,15
79804,100,99,1,1
79805,100,111,-11,11
79806,111,120,-9,9
79807,92,86,6,6
79808,162,160,2,2
79809,109,103,6,6
79810,164,146,18,18
79811,63,57,6,6
79812,67,71,-4,4
79813,158,161,-3,3
79814,82,76,6,6
79815,65,65,0,0
79816,118,105,13,13
79817,87,93,-6,6
79818,159,145,14,14
79819,122,104,18,18
79820,102,91,11,11
79821,63,63,0,0
79822,94,99,-5,5
79823,100,99,1,1
79824,87,61,26,26
79825,98,99,-1,1
79826,79,78,1,1
79827,104,107,-3,3
79828,115,106,9,9
79829,118,143,-25,25
79830,82,94,-12,12
79831,130,132,-2,2
79832,98,92,6,6
79833,141,139,2,2
79834,197,176,21,21
79835,141,143,-2,2
79836,91,96,-5,5
79837,80,70,10,10
79838,104,80,24,24
79839,171,157,14,14
79840,292,237,55,55
79841,113,109,4,4
79842,111,108,3,3
79843,116,120,-4,4
79844,66,65,1,1
79845,146,144,2,2
79846,62,67,-5,5
79847,105,94,11,11
79848,66,67,-1,1
79849,59,70,-11,11
79850,74,80,-6,6
79851,91,78,13,13
79852,117,114,3,3
79853,101,122,-21,21
79854,167,170,-3,3
79855,69,68,1,1
79856,120,121,-1,1
79857,119,110,9,9
79858,130,124,6,6
79859,69,62,7,7
79860,97,104,-7,7
79861,76,75,1,1
79862,183,163,20,20
79863,65,69,-4,4
79864,155,135,20,20
79865,80,73,7,7
79866,107,107,0,0
79867,46,50,-4,4
79868,95,93,2,2
79869,72,70,2,2
79870,74,79,-5,5
79871,73,68,5,5
79872,66,36,30,30
79873,76,83,-7,7
79874,75,72,3,3
79875,36,51,-15,15
79876,82,89,-7,7
79877,150,136,14,14
79878,88,93,-5,5
79879,40,48,-8,8
79880,82,86,-4,4
79881,166,156,10,10
79882,113,105,8,8
79883,120,119,1,1
79884,136,138,-2,2
79885,53,54,-1,1
79886,233,271,-38,38
79887,78,71,7,7
79888,112,111,1,1
79889,103,120,-17,17
79890,100,95,5,5
79891,86,85,1,1
79892,69,71,-2,2
79893,109,113,-4,4
79894,105,96,9,9
79895,51,83,-32,32
79896,99,110,-11,11
79897,138,143,-5,5
79898,42,90,-48,48
79899,87,85,2,2
79900,141,132,9,9
79901,75,89,-14,14
79902,96,94,2,2
79903,56,64,-8,8
79904,122,106,16,16
79905,65,67,-2,2
79906,113,95,18,18
79907,67,61,6,6
79908,83,92,-9,9
79909,91,80,11,11
79910,136,129,7,7
79911,85,80,5,5
79912,66,69,-3,3
79913,79,63,16,16
79914,73,79,-6,6
79915,106,107,-1,1
79916,76,67,9,9
79917,149,140,9,9
79918,38,32,6,6
79919,108,99,9,9
79920,91,91,0,0
79921,105,97,8,8
79922,85,86,-1,1
79923,62,70,-8,8
79924,117,133,-16,16
79925,62,78,-16,16
79926,115,97,18,18
79927,85,77,8,8
79928,150,152,-2,2
79929,132,145,-13,13
79930,74,88,-14,14
79931,44,53,-9,9
79932,152,168,-16,16
79933,142,129,13,13
79934,106,102,4,4
79935,97,109,-12,12
79936,97,86,11,11
79937,53,58,-5,5
79938,116,119,-3,3
79939,141,128,13,13
79940,109,112,-3,3
79941,90,86,4,4
79942,111,113,-2,2
79943,186,188,-2,2
79944,133,129,4,4
79945,83,80,3,3
79946,69,86,-17,17
79947,73,82,-9,9
79948,154,138,16,16
79949,93,107,-14,14
79950,87,77,10,10
79951,126,140,-14,14
79952,91,96,-5,5
79953,79,80,-1,1
79954,82,80,2,2
79955,112,95,17,17
79956,72,64,8,8
79957,179,178,1,1
79958,67,70,-3,3
79959,61,83,-22,22
79960,134,109,25,25
79961,129,114,15,15
79962,79,74,5,5
79963,95,88,7,7
79964,147,139,8,8
79965,86,104,-18,18
79966,64,71,-7,7
79967,73,82,-9,9
79968,60,66,-6,6
79969,122,126,-4,4
79970,91,94,-3,3
79971,78,138,-60,60
79972,69,73,-4,4
79973,64,80,-16,16
79974,120,111,9,9
79975,101,99,2,2
79976,51,54,-3,3
79977,80,80,0,0
79978,100,162,-62,62
79979,104,109,-5,5
79980,69,77,-8,8
79981,94,100,-6,6
79982,110,121,-11,11
79983,157,136,21,21
79984,56,69,-13,13
79985,118,112,6,6
79986,29,18,11,11
79987,110,166,-56,56
79988,102,119,-17,17
79989,78,75,3,3
79990,116,130,-14,14
79991,129,135,-6,6
79992,124,137,-13,13
79993,69,100,-31,31
79994,94,97,-3,3
79995,105,101,4,4
79996,127,134,-7,7
79997,99,95,4,4
79998,106,113,-7,7
79999,45,47,-2,2
80000,73,77,-4,4
80001,57,43,14,14
80002,71,76,-5,5
80003,84,90,-6,6
80004,91,88,3,3
80005,93,87,6,6
80006,75,79,-4,4
80007,98,105,-7,7
80008,76,70,6,6
80009,87,86,1,1
80010,100,101,-1,1
80011,101,105,-4,4
80012,63,73,-10,10
80013,94,93,1,1
80014,58,57,1,1
80015,77,63,14,14
80016,136,117,19,19
80017,86,96,-10,10
80018,109,103,6,6
80019,77,83,-6,6
80020,146,125,21,21
80021,128,127,1,1
80022,164,153,11,11
80023,71,73,-2,2
80024,147,155,-8,8
80025,96,99,-3,3
80026,65,61,4,4
80027,95,98,-3,3
80028,84,91,-7,7
80029,104,101,3,3
80030,75,74,1,1
80031,168,151,17,17
80032,200,163,37,37
80033,153,153,0,0
80034,171,165,6,6
80035,111,111,0,0
80036,65,80,-15,15
80037,85,87,-2,2
80038,98,86,12,12
80039,111,105,6,6
80040,112,102,10,10
80041,113,113,0,0
80042,148,128,20,20
80043,115,117,-2,2
80044,63,75,-12,12
80045,95,82,13,13
80046,98,97,1,1
80047,117,120,-3,3
80048,144,135,9,9
80049,115,127,-12,12
80050,124,121,3,3
80051,115,112,3,3
80052,93,103,-10,10
80053,83,91,-8,8
80054,83,78,5,5
80055,106,101,5,5
80056,104,101,3,3
80057,149,172,-23,23
80058,94,99,-5,5
80059,61,64,-3,3
80060,63,75,-12,12
80061,98,93,5,5
80062,70,73,-3,3
80063,96,95,1,1
80064,89,92,-3,3
80065,120,134,-14,14
80066,85,73,12,12
80067,159,124,35,35
80068,144,132,12,12
80069,63,67,-4,4
80070,102,103,-1,1
80071,119,107,12,12
80072,106,106,0,0
80073,88,75,13,13
80074,54,64,-10,10
80075,58,64,-6,6
80076,130,122,8,8
80077,168,152,16,16
80078,73,69,4,4
80079,133,142,-9,9
80080,98,99,-1,1
80081,86,77,9,9
80082,81,89,-8,8
80083,83,90,-7,7
80084,59,60,-1,1
80085,43,49,-6,6
80086,80,83,-3,3
80087,73,82,-9,9
80088,86,85,1,1
80089,89,116,-27,27
80090,77,77,0,0
80091,59,67,-8,8
80092,64,95,-31,31
80093,82,83,-1,1
80094,47,52,-5,5
80095,99,85,14,14
80096,104,101,3,3
80097,62,68,-6,6
80098,70,88,-18,18
80099,65,64,1,1
80100,79,90,-11,11
80101,86,92,-6,6
80102,105,105,0,0
80103,91,101,-10,10
80104,117,104,13,13
80105,43,51,-8,8
80106,171,142,29,29
80107,115,108,7,7
80108,111,118,-7,7
80109,73,68,5,5
80110,118,114,4,4
80111,84,78,6,6
80112,96,98,-2,2
80113,115,119,-4,4
80114,172,187,-15,15
80115,138,133,5,5
80116,130,116,14,14
80117,142,125,17,17
80118,92,98,-6,6
80119,71,61,10,10
80120,42,44,-2,2
80121,93,82,11,11
80122,116,97,19,19
80123,90,76,14,14
80124,74,72,2,2
80125,56,64,-8,8
80126,139,123,16,16
80127,76,82,-6,6
80128,97,104,-7,7
80129,88,92,-4,4
80130,70,74,-4,4
80131,148,132,16,16
80132,70,53,17,17
80133,112,121,-9,9
80134,81,75,6,6
80135,52,49,3,3
80136,95,99,-4,4
80137,80,90,-10,10
80138,46,53,-7,7
80139,50,53,-3,3
80140,129,132,-3,3
80141,90,86,4,4
80142,132,117,15,15
80143,143,144,-1,1
80144,130,138,-8,8
80145,147,148,-1,1
80146,103,100,3,3
80147,61,76,-15,15
80148,88,90,-2,2
80149,158,151,7,7
80150,50,50,0,0
80151,115,114,1,1
80152,86,86,0,0
80153,95,91,4,4
80154,135,130,5,5
80155,84,81,3,3
80156,116,129,-13,13
80157,31,64,-33,33
80158,86,77,9,9
80159,87,84,3,3
80160,99,95,4,4
80161,61,68,-7,7
80162,66,62,4,4
80163,99,105,-6,6
80164,83,58,25,25
80165,63,64,-1,1
80166,85,72,13,13
80167,90,93,-3,3
80168,114,115,-1,1
80169,77,80,-3,3
80170,74,81,-7,7
80171,85,79,6,6
80172,49,91,-42,42
80173,29,40,-11,11
80174,77,71,6,6
80175,70,97,-27,27
80176,72,78,-6,6
80177,67,84,-17,17
80178,73,78,-5,5
80179,112,112,0,0
80180,153,149,4,4
80181,120,122,-2,2
80182,96,103,-7,7
80183,104,99,5,5
80184,74,75,-1,1
80185,50,39,11,11
80186,74,77,-3,3
80187,91,91,0,0
80188,100,103,-3,3
80189,45,55,-10,10
80190,96,94,2,2
80191,57,55,2,2
80192,117,109,8,8
80193,116,118,-2,2
80194,117,108,9,9
80195,85,87,-2,2
80196,90,87,3,3
80197,120,104,16,16
80198,63,72,-9,9
80199,131,151,-20,20
80200,55,57,-2,2
80201,159,153,6,6
80202,95,95,0,0
80203,91,89,2,2
80204,52,44,8,8
80205,73,66,7,7
80206,107,107,0,0
80207,73,82,-9,9
80208,144,127,17,17
80209,101,117,-16,16
80210,84,82,2,2
80211,72,85,-13,13
80212,100,116,-16,16
80213,57,60,-3,3
80214,89,78,11,11
80215,85,87,-2,2
80216,136,135,1,1
80217,104,109,-5,5
80218,180,162,18,18
80219,88,91,-3,3
80220,81,92,-11,11
80221,98,88,10,10
80222,63,55,8,8
80223,81,95,-14,14
80224,132,146,-14,14
80225,139,139,0,0
80226,156,132,24,24
80227,94,96,-2,2
80228,113,119,-6,6
80229,155,170,-15,15
80230,106,97,9,9
80231,71,81,-10,10
80232,98,101,-3,3
80233,48,142,-94,94
80234,54,54,0,0
80235,86,80,6,6
80236,103,97,6,6
80237,148,130,18,18
80238,73,67,6,6
80239,135,139,-4,4
80240,93,90,3,3
80241,137,121,16,16
80242,82,75,7,7
80243,78,77,1,1
80244,95,100,-5,5
80245,74,73,1,1
80246,95,93,2,2
80247,64,69,-5,5
80248,100,111,-11,11
80249,95,95,0,0
80250,28,41,-13,13
80251,38,42,-4,4
80252,92,92,0,0
80253,134,129,5,5
80254,68,80,-12,12
80255,117,101,16,16
80256,118,106,12,12
80257,79,79,0,0
80258,61,64,-3,3
80259,132,114,18,18
80260,98,103,-5,5
80261,70,69,1,1
80262,117,106,11,11
80263,61,53,8,8
80264,69,76,-7,7
80265,76,62,14,14
80266,56,66,-10,10
80267,108,106,2,2
80268,70,71,-1,1
80269,53,64,-11,11
80270,94,91,3,3
80271,158,156,2,2
80272,146,142,4,4
80273,94,106,-12,12
80274,48,55,-7,7
80275,85,88,-3,3
80276,117,108,9,9
80277,119,110,9,9
80278,72,74,-2,2
80279,103,92,11,11
80280,85,80,5,5
80281,121,113,8,8
80282,66,74,-8,8
80283,177,171,6,6
80284,85,80,5,5
80285,151,150,1,1
80286,57,52,5,5
80287,83,70,13,13
80288,68,64,4,4
80289,118,115,3,3
80290,70,71,-1,1
80291,30,40,-10,10
80292,94,94,0,0
80293,68,67,1,1
80294,153,148,5,5
80295,81,71,10,10
80296,106,101,5,5
80297,93,89,4,4
80298,152,157,-5,5
80299,117,114,3,3
80300,121,118,3,3
80301,104,109,-5,5
80302,130,114,16,16
80303,113,105,8,8
80304,108,100,8,8
80305,110,103,7,7
80306,76,84,-8,8
80307,119,103,16,16
80308,79,73,6,6
80309,96,93,3,3
80310,74,72,2,2
80311,71,61,10,10
80312,79,69,10,10
80313,62,60,2,2
80314,67,70,-3,3
80315,149,138,11,11
80316,70,71,-1,1
80317,87,92,-5,5
80318,302,233,69,69
80319,51,58,-7,7
80320,73,81,-8,8
80321,47,49,-2,2
80322,138,121,17,17
80323,155,142,13,13
80324,67,72,-5,5
80325,118,125,-7,7
80326,73,83,-10,10
80327,67,77,-10,10
80328,43,49,-6,6
80329,101,103,-2,2
80330,89,74,15,15
80331,67,65,2,2
80332,148,150,-2,2
80333,131,130,1,1
80334,73,75,-2,2
80335,135,149,-14,14
80336,71,74,-3,3
80337,71,67,4,4
80338,108,97,11,11
80339,131,133,-2,2
80340,115,139,-24,24
80341,56,77,-21,21
80342,84,87,-3,3
80343,92,96,-4,4
80344,38,61,-23,23
80345,134,128,6,6
80346,75,74,1,1
80347,124,116,8,8
80348,126,129,-3,3
80349,103,122,-19,19
80350,57,42,15,15
80351,82,86,-4,4
80352,113,107,6,6
80353,103,112,-9,9
80354,119,106,13,13
80355,259,228,31,31
80356,87,88,-1,1
80357,180,156,24,24
80358,84,86,-2,2
80359,110,110,0,0
80360,116,99,17,17
80361,114,108,6,6
80362,124,148,-24,24
80363,92,82,10,10
80364,86,94,-8,8
80365,85,80,5,5
80366,65,65,0,0
80367,73,69,4,4
80368,72,80,-8,8
80369,108,113,-5,5
80370,47,37,10,10
80371,96,97,-1,1
80372,66,73,-7,7
80373,70,82,-12,12
80374,134,130,4,4
80375,47,81,-34,34
80376,50,59,-9,9
80377,69,76,-7,7
80378,82,83,-1,1
80379,103,101,2,2
80380,79,81,-2,2
80381,82,86,-4,4
80382,77,82,-5,5
80383,77,96,-19,19
80384,99,104,-5,5
80385,99,97,2,2
80386,156,165,-9,9
80387,82,92,-10,10
80388,123,122,1,1
80389,75,64,11,11
80390,47,50,-3,3
80391,32,33,-1,1
80392,72,77,-5,5
80393,92,94,-2,2
80394,128,111,17,17
80395,100,108,-8,8
80396,78,86,-8,8
80397,141,121,20,20
80398,361,398,-37,37
80399,142,138,4,4
80400,28,47,-19,19
80401,53,64,-11,11
80402,80,86,-6,6
80403,81,82,-1,1
80404,181,151,30,30
80405,55,66,-11,11
80406,81,84,-3,3
80407,58,67,-9,9
80408,28,39,-11,11
80409,76,86,-10,10
80410,77,86,-9,9
80411,125,111,14,14
80412,89,104,-15,15
80413,91,90,1,1
80414,103,103,0,0
80415,97,99,-2,2
80416,90,95,-5,5
80417,69,66,3,3
80418,140,143,-3,3
80419,59,39,20,20
80420,140,146,-6,6
80421,119,132,-13,13
80422,86,96,-10,10
80423,71,71,0,0
80424,179,168,11,11
80425,119,116,3,3
80426,115,113,2,2
80427,61,74,-13,13
80428,160,158,2,2
80429,127,131,-4,4
80430,186,172,14,14
80431,95,88,7,7
80432,73,77,-4,4
80433,86,83,3,3
80434,64,73,-9,9
80435,164,156,8,8
80436,80,75,5,5
80437,107,135,-28,28
80438,138,111,27,27
80439,95,102,-7,7
80440,161,152,9,9
80441,81,86,-5,5
80442,118,120,-2,2
80443,102,100,2,2
80444,79,73,6,6
80445,83,81,2,2
80446,96,87,9,9
80447,99,107,-8,8
80448,101,91,10,10
80449,73,86,-13,13
80450,151,163,-12,12
80451,86,93,-7,7
80452,107,100,7,7
80453,102,102,0,0
80454,87,82,5,5
80455,110,108,2,2
80456,75,86,-11,11
80457,68,96,-28,28
80458,88,87,1,1
80459,84,78,6,6
80460,81,75,6,6
80461,78,76,2,2
80462,73,77,-4,4
80463,103,98,5,5
80464,175,165,10,10
80465,122,110,12,12
80466,106,103,3,3
80467,53,49,4,4
80468,120,116,4,4
80469,135,136,-1,1
80470,96,95,1,1
80471,69,62,7,7
80472,86,89,-3,3
80473,94,96,-2,2
80474,46,49,-3,3
80475,93,88,5,5
80476,111,121,-10,10
80477,54,53,1,1
80478,63,58,5,5
80479,59,70,-11,11
80480,61,82,-21,21
80481,68,82,-14,14
80482,140,112,28,28
80483,79,74,5,5
80484,148,156,-8,8
80485,114,120,-6,6
80486,77,75,2,2
80487,95,80,15,15
80488,53,51,2,2
80489,102,105,-3,3
80490,150,150,0,0
80491,142,133,9,9
80492,123,140,-17,17
80493,85,78,7,7
80494,86,74,12,12
80495,106,103,3,3
80496,123,117,6,6
80497,99,102,-3,3
80498,78,67,11,11
80499,74,69,5,5
80500,83,71,12,12
80501,68,95,-27,27
80502,100,106,-6,6
80503,71,72,-1,1
80504,85,62,23,23
80505,105,101,4,4
80506,132,124,8,8
80507,109,94,15,15
80508,95,90,5,5
80509,101,89,12,12
80510,49,56,-7,7
80511,37,49,-12,12
80512,80,76,4,4
80513,66,63,3,3
80514,70,74,-4,4
80515,93,83,10,10
80516,54,57,-3,3
80517,99,115,-16,16
80518,100,95,5,5
80519,143,141,2,2
80520,67,63,4,4
80521,69,66,3,3
80522,72,96,-24,24
80523,88,96,-8,8
80524,116,91,25,25
80525,103,113,-10,10
80526,129,116,13,13
80527,112,106,6,6
80528,47,50,-3,3
80529,80,88,-8,8
80530,87,88,-1,1
80531,102,109,-7,7
80532,111,115,-4,4
80533,113,112,1,1
80534,85,85,0,0
80535,57,62,-5,5
80536,110,101,9,9
80537,91,92,-1,1
80538,127,130,-3,3
80539,71,77,-6,6
80540,110,105,5,5
80541,143,138,5,5
80542,90,101,-11,11
80543,122,100,22,22
80544,124,111,13,13
80545,53,52,1,1
80546,77,79,-2,2
80547,35,38,-3,3
80548,63,76,-13,13
80549,115,110,5,5
80550,128,122,6,6
80551,99,96,3,3
80552,90,93,-3,3
80553,80,79,1,1
80554,98,92,6,6
80555,95,87,8,8
80556,138,142,-4,4
80557,84,81,3,3
80558,129,130,-1,1
80559,101,84,17,17
80560,109,85,24,24
80561,142,130,12,12
80562,72,67,5,5
80563,110,107,3,3
80564,52,49,3,3
80565,66,75,-9,9
80566,69,76,-7,7
80567,79,71,8,8
80568,69,62,7,7
80569,97,90,7,7
80570,96,96,0,0
80571,105,99,6,6
80572,144,147,-3,3
80573,129,118,11,11
80574,75,82,-7,7
80575,111,110,1,1
80576,149,160,-11,11
80577,110,116,-6,6
80578,73,74,-1,1
80579,58,60,-2,2
80580,47,62,-15,15
80581,82,98,-16,16
80582,70,73,-3,3
80583,124,110,14,14
80584,78,79,-1,1
80585,136,132,4,4
80586,147,134,13,13
80587,84,102,-18,18
80588,121,109,12,12
80589,63,37,26,26
80590,94,94,0,0
80591,125,114,11,11
80592,82,95,-13,13
80593,158,136,22,22
80594,67,71,-4,4
80595,61,66,-5,5
80596,119,128,-9,9
80597,65,67,-2,2
80598,86,92,-6,6
80599,98,81,17,17
80600,143,133,10,10
80601,105,113,-8,8
80602,113,120,-7,7
80603,77,67,10,10
80604,107,114,-7,7
80605,58,53,5,5
80606,145,138,7,7
80607,52,60,-8,8
80608,109,93,16,16
80609,71,67,4,4
80610,64,80,-16,16
80611,129,109,20,20
80612,83,84,-1,1
80613,40,64,-24,24
80614,102,110,-8,8
80615,65,60,5,5
80616,100,81,19,19
80617,131,121,10,10
80618,90,83,7,7
80619,92,96,-4,4
80620,67,93,-26,26
80621,121,123,-2,2
80622,126,114,12,12
80623,93,85,8,8
80624,157,150,7,7
80625,89,93,-4,4
80626,53,54,-1,1
80627,96,93,3,3
80628,111,103,8,8
80629,121,121,0,0
80630,67,73,-6,6
80631,59,55,4,4
80632,88,92,-4,4
80633,71,79,-8,8
80634,57,74,-17,17
80635,118,112,6,6
80636,78,83,-5,5
80637,118,109,9,9
80638,85,91,-6,6
80639,102,106,-4,4
80640,69,71,-2,2
80641,179,184,-5,5
80642,94,103,-9,9
80643,100,99,1,1
80644,91,78,13,13
80645,139,141,-2,2
80646,77,90,-13,13
80647,64,63,1,1
80648,64,62,2,2
80649,137,134,3,3
80650,113,108,5,5
80651,93,74,19,19
80652,100,112,-12,12
80653,88,89,-1,1
80654,87,83,4,4
80655,144,143,1,1
80656,41,51,-10,10
80657,51,52,-1,1
80658,78,80,-2,2
80659,72,70,2,2
80660,66,64,2,2
80661,58,64,-6,6
80662,123,119,4,4
80663,90,89,1,1
80664,56,60,-4,4
80665,98,89,9,9
80666,91,97,-6,6
80667,126,116,10,10
80668,68,39,29,29
80669,117,113,4,4
80670,46,68,-22,22
80671,71,80,-9,9
80672,111,98,13,13
80673,89,86,3,3
80674,58,60,-2,2
80675,104,104,0,0
80676,110,98,12,12
80677,101,100,1,1
80678,203,192,11,11
80679,90,86,4,4
80680,82,74,8,8
80681,133,133,0,0
80682,67,82,-15,15
80683,75,72,3,3
80684,90,69,21,21
80685,91,82,9,9
80686,91,97,-6,6
80687,67,28,39,39
80688,122,122,0,0
80689,59,64,-5,5
80690,40,81,-41,41
80691,104,89,15,15
80692,118,136,-18,18
80693,92,87,5,5
80694,157,171,-14,14
80695,65,71,-6,6
80696,60,68,-8,8
80697,100,101,-1,1
80698,31,48,-17,17
80699,94,86,8,8
80700,45,47,-2,2
80701,109,101,8,8
80702,85,78,7,7
80703,86,93,-7,7
80704,185,149,36,36
80705,97,102,-5,5
80706,69,47,22,22
80707,194,179,15,15
80708,63,88,-25,25
80709,141,138,3,3
80710,87,78,9,9
80711,131,114,17,17
80712,152,130,22,22
80713,96,96,0,0
80714,111,110,1,1
80715,92,78,14,14
80716,108,103,5,5
80717,83,75,8,8
80718,52,65,-13,13
80719,103,106,-3,3
80720,189,179,10,10
80721,80,43,37,37
80722,149,125,24,24
80723,146,143,3,3
80724,66,66,0,0
80725,38,45,-7,7
80726,124,138,-14,14
80727,55,55,0,0
80728,141,117,24,24
80729,83,123,-40,40
80730,144,142,2,2
80731,127,132,-5,5
80732,80,71,9,9
80733,125,107,18,18
80734,115,120,-5,5
80735,79,77,2,2
80736,73,69,4,4
80737,92,82,10,10
80738,84,90,-6,6
80739,103,109,-6,6
80740,104,105,-1,1
80741,101,99,2,2
80742,92,100,-8,8
80743,169,150,19,19
80744,53,49,4,4
80745,114,100,14,14
80746,138,129,9,9
80747,86,82,4,4
80748,85,88,-3,3
80749,147,150,-3,3
80750,58,53,5,5
80751,128,123,5,5
80752,65,67,-2,2
80753,89,78,11,11
80754,95,92,3,3
80755,84,104,-20,20
80756,115,105,10,10
80757,142,124,18,18
80758,120,107,13,13
80759,102,115,-13,13
80760,121,134,-13,13
80761,48,63,-15,15
80762,127,104,23,23
80763,76,70,6,6
80764,133,123,10,10
80765,108,102,6,6
80766,67,65,2,2
80767,33,74,-41,41
80768,148,127,21,21
80769,115,103,12,12
80770,68,100,-32,32
80771,132,141,-9,9
80772,167,157,10,10
80773,145,153,-8,8
80774,126,128,-2,2
80775,72,63,9,9
80776,108,121,-13,13
80777,75,77,-2,2
80778,66,70,-4,4
80779,72,64,8,8
80780,99,96,3,3
80781,67,80,-13,13
80782,113,100,13,13
80783,108,93,15,15
80784,94,90,4,4
80785,57,62,-5,5
80786,97,90,7,7
80787,64,66,-2,2
80788,127,117,10,10
80789,90,75,15,15
80790,185,178,7,7
80791,110,101,9,9
80792,59,65,-6,6
80793,119,118,1,1
80794,88,104,-16,16
80795,196,180,16,16
80796,95,95,0,0
80797,69,74,-5,5
80798,159,179,-20,20
80799,66,81,-15,15
80800,100,88,12,12
80801,90,96,-6,6
80802,71,67,4,4
80803,63,65,-2,2
80804,104,95,9,9
80805,64,80,-16,16
80806,67,74,-7,7
80807,71,84,-13,13
80808,155,139,16,16
80809,89,86,3,3
80810,128,124,4,4
80811,95,105,-10,10
80812,51,50,1,1
80813,118,108,10,10
80814,102,100,2,2
80815,124,113,11,11
80816,68,78,-10,10
80817,50,51,-1,1
80818,86,86,0,0
80819,89,98,-9,9
80820,113,101,12,12
80821,126,154,-28,28
80822,64,85,-21,21
80823,120,130,-10,10
80824,62,48,14,14
80825,73,102,-29,29
80826,145,137,8,8
80827,63,64,-1,1
80828,80,87,-7,7
80829,82,83,-1,1
80830,41,55,-14,14
80831,93,93,0,0
80832,107,95,12,12
80833,60,53,7,7
80834,93,93,0,0
80835,97,96,1,1
80836,90,88,2,2
80837,111,105,6,6
80838,57,62,-5,5
80839,75,75,0,0
80840,54,58,-4,4
80841,55,67,-12,12
80842,84,86,-2,2
80843,95,94,1,1
80844,101,81,20,20
80845,91,86,5,5
80846,65,73,-8,8
80847,59,67,-8,8
80848,112,119,-7,7
80849,164,161,3,3
80850,61,64,-3,3
80851,75,79,-4,4
80852,149,133,16,16
80853,152,142,10,10
80854,65,60,5,5
80855,90,84,6,6
80856,96,99,-3,3
80857,105,94,11,11
80858,75,80,-5,5
80859,61,63,-2,2
80860,102,88,14,14
80861,96,93,3,3
80862,96,86,10,10
80863,89,81,8,8
80864,100,113,-13,13
80865,96,92,4,4
80866,57,65,-8,8
80867,67,71,-4,4
80868,148,139,9,9
80869,108,109,-1,1
80870,50,44,6,6
80871,151,137,14,14
80872,72,80,-8,8
80873,55,64,-9,9
80874,166,138,28,28
80875,75,79,-4,4
80876,154,157,-3,3
80877,71,92,-21,21
80878,77,98,-21,21
80879,72,71,1,1
80880,79,78,1,1
80881,166,152,14,14
80882,72,68,4,4
80883,91,90,1,1
80884,80,80,0,0
80885,111,89,22,22
80886,81,92,-11,11
80887,74,68,6,6
80888,129,119,10,10
80889,120,128,-8,8
80890,79,77,2,2
80891,95,119,-24,24
80892,82,88,-6,6
80893,124,114,10,10
80894,73,81,-8,8
80895,328,336,-8,8
80896,95,84,11,11
80897,90,95,-5,5
80898,105,106,-1,1
80899,131,122,9,9
80900,96,100,-4,4
80901,64,67,-3,3
80902,129,111,18,18
80903,84,74,10,10
80904,126,112,14,14
80905,132,139,-7,7
80906,108,110,-2,2
80907,74,76,-2,2
80908,122,124,-2,2
80909,96,124,-28,28
80910,172,175,-3,3
80911,150,133,17,17
80912,82,78,4,4
80913,119,125,-6,6
80914,42,46,-4,4
80915,125,116,9,9
80916,47,46,1,1
80917,78,76,2,2
80918,51,52,-1,1
80919,56,63,-7,7
80920,100,110,-10,10
80921,105,103,2,2
80922,241,179,62,62
80923,148,128,20,20
80924,49,57,-8,8
80925,116,118,-2,2
80926,45,38,7,7
80927,89,87,2,2
80928,83,92,-9,9
80929,106,102,4,4
80930,84,91,-7,7
80931,82,84,-2,2
80932,69,69,0,0
80933,87,94,-7,7
80934,85,100,-15,15
80935,75,76,-1,1
80936,142,146,-4,4
80937,84,91,-7,7
80938,112,94,18,18
80939,74,84,-10,10
80940,82,89,-7,7
80941,96,102,-6,6
80942,106,102,4,4
80943,41,51,-10,10
80944,70,89,-19,19
80945,62,60,2,2
80946,108,101,7,7
80947,115,105,10,10
80948,79,70,9,9
80949,101,96,5,5
80950,73,71,2,2
80951,69,70,-1,1
80952,42,52,-10,10
80953,130,120,10,10
80954,74,79,-5,5
80955,69,72,-3,3
80956,112,102,10,10
80957,95,100,-5,5
80958,56,54,2,2
80959,98,53,45,45
80960,93,96,-3,3
80961,93,86,7,7
80962,99,95,4,4
80963,137,129,8,8
80964,127,129,-2,2
80965,82,72,10,10
80966,58,73,-15,15
80967,83,85,-2,2
80968,130,125,5,5
80969,99,89,10,10
80970,134,123,11,11
80971,134,127,7,7
80972,73,67,6,6
80973,98,117,-19,19
80974,56,57,-1,1
80975,106,107,-1,1
80976,157,135,22,22
80977,70,90,-20,20
80978,105,108,-3,3
80979,108,109,-1,1
80980,65,67,-2,2
80981,82,73,9,9
80982,75,81,-6,6
80983,88,88,0,0
80984,79,77,2,2
80985,85,91,-6,6
80986,98,108,-10,10
80987,70,72,-2,2
80988,132,128,4,4
80989,121,109,12,12
80990,120,116,4,4
80991,131,114,17,17
80992,100,115,-15,15
80993,103,107,-4,4
80994,89,87,2,2
80995,87,82,5,5
80996,63,65,-2,2
80997,101,74,27,27
80998,80,62,18,18
80999,60,57,3,3
81000,53,44,9,9
81001,147,127,20,20
81002,83,80,3,3
81003,91,86,5,5
81004,120,121,-1,1
81005,79,81,-2,2
81006,66,52,14,14
81007,126,107,19,19
81008,155,121,34,34
81009,73,70,3,3
81010,75,68,7,7
81011,110,114,-4,4
81012,87,90,-3,3
81013,92,89,3,3
81014,133,135,-2,2
81015,100,97,3,3
81016,89,88,1,1
81017,73,96,-23,23
81018,56,54,2,2
81019,117,110,7,7
81020,77,51,26,26
81021,58,60,-2,2
81022,132,139,-7,7
81023,149,119,30,30
81024,60,65,-5,5
81025,88,85,3,3
81026,118,121,-3,3
81027,71,76,-5,5
81028,158,152,6,6
81029,143,133,10,10
81030,63,61,2,2
81031,49,63,-14,14
81032,111,115,-4,4
81033,121,121,0,0
81034,97,80,17,17
81035,116,116,0,0
81036,58,67,-9,9
81037,66,55,11,11
81038,63,57,6,6
81039,54,50,4,4
81040,83,93,-10,10
81041,66,70,-4,4
81042,48,52,-4,4
81043,69,84,-15,15
81044,39,43,-4,4
81045,158,140,18,18
81046,48,49,-1,1
81047,63,70,-7,7
81048,93,103,-10,10
81049,87,120,-33,33
81050,64,79,-15,15
81051,148,135,13,13
81052,58,78,-20,20
81053,51,70,-19,19
81054,53,58,-5,5
81055,138,138,0,0
81056,75,73,2,2
81057,94,94,0,0
81058,49,53,-4,4
81059,132,147,-15,15
81060,98,96,2,2
81061,97,108,-11,11
81062,100,101,-1,1
81063,107,92,15,15
81064,65,50,15,15
81065,67,66,1,1
81066,54,51,3,3
81067,123,123,0,0
81068,133,120,13,13
81069,105,128,-23,23
81070,91,95,-4,4
81071,121,127,-6,6
81072,81,83,-2,2
81073,59,63,-4,4
81074,154,120,34,34
81075,85,82,3,3
81076,80,98,-18,18
81077,181,187,-6,6
81078,112,99,13,13
81079,80,75,5,5
81080,140,127,13,13
81081,92,73,19,19
81082,87,74,13,13
81083,62,104,-42,42
81084,136,137,-1,1
81085,74,73,1,1
81086,74,75,-1,1
81087,45,35,10,10
81088,87,86,1,1
81089,81,81,0,0
81090,37,33,4,4
81091,73,70,3,3
81092,81,82,-1,1
81093,119,132,-13,13
81094,139,138,1,1
81095,106,103,3,3
81096,105,112,-7,7
81097,129,121,8,8
81098,97,105,-8,8
81099,94,130,-36,36
81100,89,104,-15,15
81101,84,84,0,0
81102,182,156,26,26
81103,44,49,-5,5
81104,98,102,-4,4
81105,83,85,-2,2
81106,159,161,-2,2
81107,61,60,1,1
81108,145,140,5,5
81109,113,119,-6,6
81110,74,72,2,2
81111,44,20,24,24
81112,70,77,-7,7
81113,87,105,-18,18
81114,156,148,8,8
81115,78,77,1,1
81116,99,105,-6,6
81117,120,115,5,5
81118,100,119,-19,19
81119,90,78,12,12
81120,90,101,-11,11
81121,126,130,-4,4
81122,59,51,8,8
81123,82,76,6,6
81124,71,87,-16,16
81125,87,82,5,5
81126,72,79,-7,7
81127,112,108,4,4
81128,65,62,3,3
81129,68,74,-6,6
81130,62,61,1,1
81131,130,131,-1,1
81132,60,56,4,4
81133,100,108,-8,8
81134,48,53,-5,5
81135,97,101,-4,4
81136,85,76,9,9
81137,143,107,36,36
81138,112,113,-1,1
81139,70,85,-15,15
81140,107,113,-6,6
81141,103,103,0,0
81142,79,81,-2,2
81143,65,67,-2,2
81144,74,74,0,0
81145,62,72,-10,10
81146,146,144,2,2
81147,138,154,-16,16
81148,109,108,1,1
81149,57,53,4,4
81150,81,88,-7,7
81151,100,97,3,3
81152,55,70,-15,15
81153,71,74,-3,3
81154,137,119,18,18
81155,173,168,5,5
81156,53,51,2,2
81157,69,69,0,0
81158,115,103,12,12
81159,71,75,-4,4
81160,129,119,10,10
81161,142,118,24,24
81162,48,58,-10,10
81163,77,73,4,4
81164,81,95,-14,14
81165,103,102,1,1
81166,75,70,5,5
81167,86,88,-2,2
81168,105,110,-5,5
81169,61,56,5,5
81170,109,101,8,8
81171,98,87,11,11
81172,153,153,0,0
81173,50,55,-5,5
81174,178,160,18,18
81175,85,78,7,7
81176,118,129,-11,11
81177,94,78,16,16
81178,116,96,20,20
81179,92,85,7,7
81180,96,96,0,0
81181,44,46,-2,2
81182,96,91,5,5
81183,146,125,21,21
81184,90,64,26,26
81185,86,89,-3,3
81186,112,113,-1,1
81187,102,120,-18,18
81188,47,57,-10,10
81189,107,99,8,8
81190,52,44,8,8
81191,122,112,10,10
81192,84,72,12,12
81193,76,71,5,5
81194,72,88,-16,16
81195,181,191,-10,10
81196,71,86,-15,15
81197,92,97,-5,5
81198,152,150,2,2
81199,133,143,-10,10
81200,97,94,3,3
81201,135,130,5,5
81202,75,84,-9,9
81203,99,93,6,6
81204,92,115,-23,23
81205,113,129,-16,16
81206,65,68,-3,3
81207,100,97,3,3
81208,124,124,0,0
81209,82,79,3,3
81210,111,108,3,3
81211,101,94,7,7
81212,60,62,-2,2
81213,141,127,14,14
81214,69,74,-5,5
81215,141,147,-6,6
81216,111,102,9,9
81217,169,157,12,12
81218,126,114,12,12
81219,75,81,-6,6
81220,120,106,14,14
81221,141,150,-9,9
81222,104,128,-24,24
81223,48,66,-18,18
81224,93,90,3,3
81225,140,127,13,13
81226,97,91,6,6
81227,110,103,7,7
81228,45,70,-25,25
81229,92,90,2,2
81230,87,75,12,12
81231,90,84,6,6
81232,68,72,-4,4
81233,64,68,-4,4
81234,59,64,-5,5
81235,135,123,12,12
81236,52,56,-4,4
81237,121,138,-17,17
81238,78,78,0,0
81239,97,110,-13,13
81240,64,101,-37,37
81241,113,127,-14,14
81242,83,85,-2,2
81243,79,75,4,4
81244,77,82,-5,5
81245,56,51,5,5
81246,156,155,1,1
81247,134,131,3,3
81248,66,60,6,6
81249,113,114,-1,1
81250,89,86,3,3
81251,95,101,-6,6
81252,98,100,-2,2
81253,137,139,-2,2
81254,113,98,15,15
81255,173,155,18,18
81256,122,112,10,10
81257,92,85,7,7
81258,142,136,6,6
81259,82,68,14,14
81260,42,41,1,1
81261,116,157,-41,41
81262,89,97,-8,8
81263,140,133,7,7
81264,130,118,12,12
81265,80,72,8,8
81266,113,126,-13,13
81267,60,61,-1,1
81268,143,182,-39,39
81269,86,84,2,2
81270,126,108,18,18
81271,75,74,1,1
81272,120,115,5,5
81273,125,117,8,8
81274,195,177,18,18
81275,71,67,4,4
81276,131,128,3,3
81277,111,107,4,4
81278,89,98,-9,9
81279,93,95,-2,2
81280,80,88,-8,8
81281,80,70,10,10
81282,46,48,-2,2
81283,134,118,16,16
81284,83,85,-2,2
81285,145,147,-2,2
81286,80,79,1,1
81287,82,63,19,19
81288,86,84,2,2
81289,62,65,-3,3
81290,46,60,-14,14
81291,112,103,9,9
81292,99,97,2,2
81293,145,141,4,4
81294,166,169,-3,3
81295,45,46,-1,1
81296,126,104,22,22
81297,89,78,11,11
81298,99,107,-8,8
81299,77,73,4,4
81300,119,115,4,4
81301,93,112,-19,19
81302,102,111,-9,9
81303,62,75,-13,13
81304,57,71,-14,14
81305,63,70,-7,7
81306,56,50,6,6
81307,137,137,0,0
81308,101,101,0,0
81309,90,79,11,11
81310,136,133,3,3
81311,70,66,4,4
81312,81,88,-7,7
81313,66,59,7,7
81314,93,92,1,1
81315,73,67,6,6
81316,90,84,6,6
81317,83,87,-4,4
81318,89,94,-5,5
81319,103,107,-4,4
81320,105,92,13,13
81321,83,105,-22,22
81322,115,118,-3,3
81323,99,124,-25,25
81324,85,99,-14,14
81325,73,69,4,4
81326,80,78,2,2
81327,49,58,-9,9
81328,80,85,-5,5
81329,63,62,1,1
81330,33,36,-3,3
81331,178,177,1,1
81332,105,133,-28,28
81333,41,54,-13,13
81334,92,89,3,3
81335,98,97,1,1
81336,71,83,-12,12
81337,30,56,-26,26
81338,62,65,-3,3
81339,126,143,-17,17
81340,102,97,5,5
81341,122,126,-4,4
81342,79,82,-3,3
81343,152,150,2,2
81344,159,142,17,17
81345,161,159,2,2
81346,71,71,0,0
81347,84,83,1,1
81348,118,99,19,19
81349,73,87,-14,14
81350,118,115,3,3
81351,102,88,14,14
81352,69,87,-18,18
81353,101,104,-3,3
81354,127,122,5,5
81355,84,86,-2,2
81356,40,44,-4,4
81357,70,69,1,1
81358,135,120,15,15
81359,77,80,-3,3
81360,78,66,12,12
81361,70,66,4,4
81362,73,73,0,0
81363,85,85,0,0
81364,106,104,2,2
81365,151,146,5,5
81366,153,130,23,23
81367,133,105,28,28
81368,121,122,-1,1
81369,110,117,-7,7
81370,71,83,-12,12
81371,98,86,12,12
81372,126,127,-1,1
81373,86,86,0,0
81374,77,80,-3,3
81375,198,185,13,13
81376,133,126,7,7
81377,124,140,-16,16
81378,90,76,14,14
81379,60,72,-12,12
81380,80,86,-6,6
81381,47,62,-15,15
81382,82,69,13,13
81383,119,92,27,27
81384,66,69,-3,3
81385,136,117,19,19
81386,141,129,12,12
81387,50,62,-12,12
81388,71,87,-16,16
81389,98,110,-12,12
81390,121,96,25,25
81391,81,83,-2,2
81392,117,123,-6,6
81393,112,120,-8,8
81394,94,112,-18,18
81395,55,67,-12,12
81396,97,108,-11,11
81397,92,97,-5,5
81398,137,138,-1,1
81399,54,53,1,1
81400,140,146,-6,6
81401,138,134,4,4
81402,85,81,4,4
81403,84,91,-7,7
81404,104,100,4,4
81405,113,106,7,7
81406,109,111,-2,2
81407,76,92,-16,16
81408,79,83,-4,4
81409,65,65,0,0
81410,81,76,5,5
81411,131,124,7,7
81412,204,174,30,30
81413,77,79,-2,2
81414,161,163,-2,2
81415,97,91,6,6
81416,110,104,6,6
81417,76,69,7,7
81418,70,64,6,6
81419,122,124,-2,2
81420,52,55,-3,3
81421,121,114,7,7
81422,89,95,-6,6
81423,99,90,9,9
81424,62,63,-1,1
81425,117,106,11,11
81426,92,102,-10,10
81427,169,167,2,2
81428,122,117,5,5
81429,88,77,11,11
81430,94,89,5,5
81431,163,128,35,35
81432,72,80,-8,8
81433,87,87,0,0
81434,104,110,-6,6
81435,51,60,-9,9
81436,57,52,5,5
81437,149,134,15,15
81438,87,104,-17,17
81439,109,116,-7,7
81440,120,107,13,13
81441,79,71,8,8
81442,129,130,-1,1
81443,162,153,9,9
81444,133,130,3,3
81445,82,88,-6,6
81446,110,113,-3,3
81447,180,157,23,23
81448,104,93,11,11
81449,134,135,-1,1
81450,114,104,10,10
81451,130,179,-49,49
81452,94,98,-4,4
81453,182,158,24,24
81454,93,102,-9,9
81455,74,78,-4,4
81456,66,64,2,2
81457,164,378,-214,214
81458,125,189,-64,64
81459,74,84,-10,10
81460,148,145,3,3
81461,69,79,-10,10
81462,98,87,11,11
81463,71,71,0,0
81464,107,109,-2,2
81465,133,118,15,15
81466,72,70,2,2
81467,68,70,-2,2
81468,97,99,-2,2
81469,185,151,34,34
81470,184,176,8,8
81471,106,117,-11,11
81472,143,134,9,9
81473,82,95,-13,13
81474,47,55,-8,8
81475,82,72,10,10
81476,97,90,7,7
81477,58,72,-14,14
81478,115,115,0,0
81479,137,109,28,28
81480,112,112,0,0
81481,101,99,2,2
81482,56,55,1,1
81483,80,84,-4,4
81484,79,87,-8,8
81485,186,154,32,32
81486,79,75,4,4
81487,80,81,-1,1
81488,85,67,18,18
81489,123,115,8,8
81490,94,87,7,7
81491,71,90,-19,19
81492,83,78,5,5
81493,45,47,-2,2
81494,120,165,-45,45
81495,165,152,13,13
81496,73,68,5,5
81497,87,88,-1,1
81498,80,79,1,1
81499,132,139,-7,7
81500,82,72,10,10
81501,77,71,6,6
81502,62,62,0,0
81503,74,78,-4,4
81504,87,96,-9,9
81505,142,129,13,13
81506,119,103,16,16
81507,62,16,46,46
