,original,predict,differ,abs
0,67,66,1,1
1,58,53,5,5
2,88,74,14,14
3,183,165,18,18
4,81,71,10,10
5,88,82,6,6
6,83,76,7,7
7,183,150,33,33
8,81,74,7,7
9,117,107,10,10
10,64,55,9,9
11,59,56,3,3
12,74,62,12,12
13,100,96,4,4
14,103,92,11,11
15,66,61,5,5
16,97,84,13,13
17,120,95,25,25
18,79,70,9,9
19,110,107,3,3
20,217,184,33,33
21,156,141,15,15
22,97,80,17,17
23,101,108,-7,7
24,82,68,14,14
25,127,108,19,19
26,112,102,10,10
27,191,156,35,35
28,48,43,5,5
29,106,103,3,3
30,133,118,15,15
31,57,57,0,0
32,108,93,15,15
33,89,72,17,17
34,50,54,-4,4
35,62,38,24,24
36,102,90,12,12
37,55,44,11,11
38,89,90,-1,1
39,96,93,3,3
40,70,62,8,8
41,115,106,9,9
42,82,76,6,6
43,102,93,9,9
44,167,130,37,37
45,82,78,4,4
46,118,116,2,2
47,85,73,12,12
48,93,85,8,8
49,111,85,26,26
50,77,64,13,13
51,136,119,17,17
52,109,88,21,21
53,85,82,3,3
54,133,110,23,23
55,138,117,21,21
56,100,109,-9,9
57,130,115,15,15
58,96,91,5,5
59,58,52,6,6
60,115,101,14,14
61,73,69,4,4
62,135,113,22,22
63,177,159,18,18
64,96,90,6,6
65,77,69,8,8
66,84,77,7,7
67,105,83,22,22
68,193,173,20,20
69,143,129,14,14
70,111,94,17,17
71,104,84,20,20
72,265,233,32,32
73,88,80,8,8
74,78,73,5,5
75,58,54,4,4
76,86,74,12,12
77,59,55,4,4
78,139,127,12,12
79,96,82,14,14
80,90,75,15,15
81,83,71,12,12
82,133,120,13,13
83,141,127,14,14
84,72,59,13,13
85,75,69,6,6
86,43,42,1,1
87,68,61,7,7
88,170,127,43,43
89,92,86,6,6
90,64,80,-16,16
91,101,99,2,2
92,82,65,17,17
93,81,68,13,13
94,75,68,7,7
95,99,87,12,12
96,45,46,-1,1
97,186,166,20,20
98,127,129,-2,2
99,100,96,4,4
100,66,57,9,9
101,129,99,30,30
102,107,101,6,6
103,128,114,14,14
104,90,78,12,12
105,68,61,7,7
106,107,97,10,10
107,90,77,13,13
108,89,80,9,9
109,70,64,6,6
110,174,134,40,40
111,90,67,23,23
112,76,69,7,7
113,67,61,6,6
114,76,77,-1,1
115,168,149,19,19
116,91,78,13,13
117,103,95,8,8
118,91,80,11,11
119,67,67,0,0
120,118,113,5,5
121,51,46,5,5
122,76,72,4,4
123,110,105,5,5
124,99,82,17,17
125,96,88,8,8
126,169,151,18,18
127,89,88,1,1
128,94,89,5,5
129,123,119,4,4
130,186,156,30,30
131,132,119,13,13
132,102,81,21,21
133,78,71,7,7
134,129,107,22,22
135,116,92,24,24
136,136,116,20,20
137,131,121,10,10
138,105,97,8,8
139,69,59,10,10
140,66,56,10,10
141,127,110,17,17
142,127,116,11,11
143,66,72,-6,6
144,112,105,7,7
145,115,96,19,19
146,98,81,17,17
147,69,54,15,15
148,93,77,16,16
149,121,116,5,5
150,92,87,5,5
151,73,64,9,9
152,139,125,14,14
153,80,73,7,7
154,89,84,5,5
155,67,54,13,13
156,66,55,11,11
157,81,77,4,4
158,59,53,6,6
159,128,118,10,10
160,109,100,9,9
161,50,44,6,6
162,74,64,10,10
163,80,75,5,5
164,132,105,27,27
165,51,46,5,5
166,115,102,13,13
167,70,81,-11,11
168,159,133,26,26
169,151,142,9,9
170,94,85,9,9
171,81,83,-2,2
172,77,73,4,4
173,42,41,1,1
174,135,119,16,16
175,106,91,15,15
176,50,47,3,3
177,162,129,33,33
178,130,101,29,29
179,120,93,27,27
180,84,79,5,5
181,76,72,4,4
182,67,62,5,5
183,75,62,13,13
184,39,33,6,6
185,119,94,25,25
186,55,51,4,4
187,90,81,9,9
188,124,114,10,10
189,171,161,10,10
190,70,61,9,9
191,137,124,13,13
192,127,123,4,4
193,143,140,3,3
194,195,152,43,43
195,112,97,15,15
196,43,43,0,0
197,114,100,14,14
198,111,101,10,10
199,80,73,7,7
200,128,100,28,28
201,176,161,15,15
202,64,57,7,7
203,142,124,18,18
204,100,83,17,17
205,63,47,16,16
206,145,123,22,22
207,101,87,14,14
208,78,68,10,10
209,98,84,14,14
210,147,137,10,10
211,50,46,4,4
212,70,59,11,11
213,175,155,20,20
214,87,93,-6,6
215,87,69,18,18
216,108,115,-7,7
217,67,57,10,10
218,95,87,8,8
219,89,86,3,3
220,135,126,9,9
221,79,82,-3,3
222,43,42,1,1
223,195,141,54,54
224,83,81,2,2
225,81,80,1,1
226,63,61,2,2
227,119,107,12,12
228,98,88,10,10
229,44,44,0,0
230,47,48,-1,1
231,87,60,27,27
232,90,70,20,20
233,62,58,4,4
234,103,88,15,15
235,140,127,13,13
236,114,104,10,10
237,57,60,-3,3
238,81,72,9,9
239,74,88,-14,14
240,61,63,-2,2
241,43,36,7,7
242,55,48,7,7
243,100,81,19,19
244,124,98,26,26
245,107,103,4,4
246,121,113,8,8
247,86,85,1,1
248,146,125,21,21
249,147,138,9,9
250,47,35,12,12
251,124,103,21,21
252,89,82,7,7
253,50,52,-2,2
254,110,100,10,10
255,158,137,21,21
256,86,72,14,14
257,102,95,7,7
258,107,99,8,8
259,64,63,1,1
260,136,119,17,17
261,125,100,25,25
262,115,94,21,21
263,71,61,10,10
264,80,70,10,10
265,82,80,2,2
266,79,73,6,6
267,102,84,18,18
268,49,50,-1,1
269,109,102,7,7
270,52,46,6,6
271,72,62,10,10
272,68,68,0,0
273,151,143,8,8
274,112,98,14,14
275,97,100,-3,3
276,82,81,1,1
277,72,71,1,1
278,125,121,4,4
279,128,118,10,10
280,94,89,5,5
281,76,66,10,10
282,71,66,5,5
283,112,103,9,9
284,75,62,13,13
285,77,66,11,11
286,78,64,14,14
287,89,74,15,15
288,88,74,14,14
289,97,82,15,15
290,80,67,13,13
291,67,64,3,3
292,83,78,5,5
293,85,73,12,12
294,76,63,13,13
295,64,53,11,11
296,107,98,9,9
297,141,134,7,7
298,130,113,17,17
299,51,52,-1,1
300,66,57,9,9
301,75,67,8,8
302,186,164,22,22
303,86,69,17,17
304,141,131,10,10
305,83,70,13,13
306,85,72,13,13
307,148,123,25,25
308,87,77,10,10
309,77,61,16,16
310,27,30,-3,3
311,88,78,10,10
312,92,76,16,16
313,86,81,5,5
314,135,122,13,13
315,77,63,14,14
316,73,66,7,7
317,133,126,7,7
318,51,43,8,8
319,125,107,18,18
320,98,99,-1,1
321,143,125,18,18
322,140,124,16,16
323,87,81,6,6
324,89,67,22,22
325,69,67,2,2
326,96,63,33,33
327,127,108,19,19
328,79,69,10,10
329,137,114,23,23
330,85,76,9,9
331,84,80,4,4
332,52,49,3,3
333,77,67,10,10
334,78,76,2,2
335,104,86,18,18
336,89,86,3,3
337,89,56,33,33
338,56,49,7,7
339,106,78,28,28
340,71,62,9,9
341,132,109,23,23
342,82,67,15,15
343,100,84,16,16
344,51,56,-5,5
345,66,58,8,8
346,85,70,15,15
347,112,98,14,14
348,34,45,-11,11
349,134,107,27,27
350,93,90,3,3
351,114,122,-8,8
352,137,115,22,22
353,88,83,5,5
354,108,104,4,4
355,106,90,16,16
356,146,167,-21,21
357,54,59,-5,5
358,170,126,44,44
359,86,67,19,19
360,110,86,24,24
361,82,73,9,9
362,101,87,14,14
363,64,60,4,4
364,44,46,-2,2
365,84,74,10,10
366,60,55,5,5
367,101,95,6,6
368,120,98,22,22
369,60,54,6,6
370,130,117,13,13
371,41,38,3,3
372,116,97,19,19
373,58,50,8,8
374,77,68,9,9
375,96,90,6,6
376,88,85,3,3
377,103,89,14,14
378,35,113,-78,78
379,64,54,10,10
380,86,71,15,15
381,89,79,10,10
382,108,95,13,13
383,116,97,19,19
384,82,75,7,7
385,65,57,8,8
386,64,63,1,1
387,134,118,16,16
388,65,58,7,7
389,77,67,10,10
390,120,108,12,12
391,54,50,4,4
392,90,81,9,9
393,87,84,3,3
394,97,87,10,10
395,17,20,-3,3
396,69,83,-14,14
397,31,38,-7,7
398,90,81,9,9
399,104,94,10,10
400,97,83,14,14
401,52,55,-3,3
402,81,74,7,7
403,88,76,12,12
404,150,139,11,11
405,103,99,4,4
406,47,44,3,3
407,119,106,13,13
408,107,101,6,6
409,88,51,37,37
410,85,75,10,10
411,95,87,8,8
412,89,76,13,13
413,87,80,7,7
414,148,125,23,23
415,98,86,12,12
416,148,138,10,10
417,77,71,6,6
418,70,67,3,3
419,64,57,7,7
420,110,117,-7,7
421,143,140,3,3
422,122,157,-35,35
423,82,73,9,9
424,112,102,10,10
425,128,125,3,3
426,148,138,10,10
427,80,67,13,13
428,56,59,-3,3
429,90,80,10,10
430,110,98,12,12
431,88,87,1,1
432,91,76,15,15
433,99,85,14,14
434,122,105,17,17
435,66,64,2,2
436,106,90,16,16
437,65,53,12,12
438,164,140,24,24
439,68,55,13,13
440,48,60,-12,12
441,88,70,18,18
442,107,87,20,20
443,58,59,-1,1
444,91,81,10,10
445,113,95,18,18
446,107,91,16,16
447,101,86,15,15
448,72,73,-1,1
449,134,118,16,16
450,87,78,9,9
451,64,57,7,7
452,72,62,10,10
453,146,139,7,7
454,110,98,12,12
455,104,91,13,13
456,129,120,9,9
457,134,128,6,6
458,123,110,13,13
459,62,54,8,8
460,71,63,8,8
461,58,56,2,2
462,88,76,12,12
463,134,124,10,10
464,81,71,10,10
465,77,81,-4,4
466,118,104,14,14
467,131,116,15,15
468,66,58,8,8
469,61,57,4,4
470,43,32,11,11
471,121,109,12,12
472,101,101,0,0
473,112,90,22,22
474,67,54,13,13
475,88,73,15,15
476,57,44,13,13
477,93,78,15,15
478,77,55,22,22
479,57,52,5,5
480,55,62,-7,7
481,68,61,7,7
482,118,102,16,16
483,63,59,4,4
484,110,105,5,5
485,58,48,10,10
486,119,94,25,25
487,110,127,-17,17
488,146,132,14,14
489,50,39,11,11
490,104,89,15,15
491,136,115,21,21
492,145,136,9,9
493,110,88,22,22
494,124,117,7,7
495,117,100,17,17
496,134,116,18,18
497,98,78,20,20
498,104,105,-1,1
499,78,65,13,13
500,100,85,15,15
501,45,44,1,1
502,108,104,4,4
503,50,50,0,0
504,69,67,2,2
505,106,91,15,15
506,66,51,15,15
507,61,60,1,1
508,96,84,12,12
509,96,94,2,2
510,53,50,3,3
511,93,88,5,5
512,80,67,13,13
513,73,64,9,9
514,70,71,-1,1
515,100,84,16,16
516,137,118,19,19
517,114,105,9,9
518,70,60,10,10
519,55,58,-3,3
520,108,80,28,28
521,138,128,10,10
522,95,85,10,10
523,142,129,13,13
524,83,73,10,10
525,122,102,20,20
526,97,87,10,10
527,56,49,7,7
528,122,108,14,14
529,73,65,8,8
530,69,53,16,16
531,95,89,6,6
532,68,64,4,4
533,95,81,14,14
534,78,84,-6,6
535,90,80,10,10
536,106,98,8,8
537,42,40,2,2
538,76,70,6,6
539,157,153,4,4
540,119,103,16,16
541,99,90,9,9
542,61,58,3,3
543,102,87,15,15
544,92,85,7,7
545,124,100,24,24
546,82,78,4,4
547,76,72,4,4
548,67,62,5,5
549,148,128,20,20
550,74,67,7,7
551,66,65,1,1
552,108,97,11,11
553,64,58,6,6
554,102,89,13,13
555,63,51,12,12
556,66,51,15,15
557,74,61,13,13
558,74,69,5,5
559,67,62,5,5
560,86,83,3,3
561,81,84,-3,3
562,90,84,6,6
563,47,44,3,3
564,68,66,2,2
565,88,70,18,18
566,83,71,12,12
567,76,65,11,11
568,55,49,6,6
569,100,99,1,1
570,108,110,-2,2
571,178,149,29,29
572,80,72,8,8
573,82,76,6,6
574,149,124,25,25
575,69,64,5,5
576,70,67,3,3
577,90,95,-5,5
578,91,79,12,12
579,75,62,13,13
580,88,79,9,9
581,134,113,21,21
582,49,53,-4,4
583,51,44,7,7
584,113,96,17,17
585,88,78,10,10
586,53,45,8,8
587,84,57,27,27
588,105,89,16,16
589,85,73,12,12
590,105,91,14,14
591,75,70,5,5
592,139,120,19,19
593,103,87,16,16
594,87,81,6,6
595,65,72,-7,7
596,74,64,10,10
597,98,93,5,5
598,110,94,16,16
599,112,96,16,16
600,88,76,12,12
601,85,75,10,10
602,55,49,6,6
603,86,76,10,10
604,124,111,13,13
605,114,104,10,10
606,57,52,5,5
607,56,51,5,5
608,78,65,13,13
609,122,124,-2,2
610,79,68,11,11
611,81,64,17,17
612,117,102,15,15
613,112,111,1,1
614,95,88,7,7
615,195,162,33,33
616,76,77,-1,1
617,104,83,21,21
618,112,96,16,16
619,103,94,9,9
620,91,87,4,4
621,105,89,16,16
622,127,99,28,28
623,60,57,3,3
624,111,100,11,11
625,106,93,13,13
626,109,98,11,11
627,85,77,8,8
628,67,65,2,2
629,81,77,4,4
630,83,77,6,6
631,56,57,-1,1
632,92,81,11,11
633,71,71,0,0
634,95,82,13,13
635,93,86,7,7
636,144,134,10,10
637,53,52,1,1
638,77,79,-2,2
639,71,59,12,12
640,95,91,4,4
641,95,91,4,4
642,61,49,12,12
643,141,117,24,24
644,133,116,17,17
645,94,79,15,15
646,112,104,8,8
647,84,77,7,7
648,92,76,16,16
649,84,72,12,12
650,94,85,9,9
651,72,62,10,10
652,102,106,-4,4
653,61,58,3,3
654,108,103,5,5
655,105,98,7,7
656,85,77,8,8
657,74,70,4,4
658,50,43,7,7
659,101,85,16,16
660,82,67,15,15
661,108,82,26,26
662,148,131,17,17
663,126,111,15,15
664,136,135,1,1
665,75,66,9,9
666,36,32,4,4
667,42,49,-7,7
668,69,57,12,12
669,126,112,14,14
670,109,91,18,18
671,90,76,14,14
672,116,94,22,22
673,151,169,-18,18
674,147,132,15,15
675,52,83,-31,31
676,107,99,8,8
677,90,81,9,9
678,162,138,24,24
679,103,94,9,9
680,150,124,26,26
681,62,65,-3,3
682,111,100,11,11
683,77,78,-1,1
684,166,154,12,12
685,151,147,4,4
686,116,106,10,10
687,79,70,9,9
688,94,104,-10,10
689,110,101,9,9
690,152,125,27,27
691,176,149,27,27
692,92,83,9,9
693,156,135,21,21
694,92,89,3,3
695,77,63,14,14
696,32,43,-11,11
697,87,79,8,8
698,108,97,11,11
699,104,80,24,24
700,70,61,9,9
701,66,50,16,16
702,118,103,15,15
703,65,57,8,8
704,111,90,21,21
705,74,59,15,15
706,81,79,2,2
707,88,72,16,16
708,87,73,14,14
709,116,110,6,6
710,47,36,11,11
711,95,89,6,6
712,44,49,-5,5
713,91,93,-2,2
714,83,75,8,8
715,137,118,19,19
716,80,72,8,8
717,147,125,22,22
718,119,111,8,8
719,137,104,33,33
720,133,128,5,5
721,89,82,7,7
722,150,130,20,20
723,108,90,18,18
724,96,75,21,21
725,88,74,14,14
726,140,120,20,20
727,128,121,7,7
728,53,48,5,5
729,100,101,-1,1
730,58,59,-1,1
731,110,94,16,16
732,125,111,14,14
733,124,102,22,22
734,109,106,3,3
735,122,113,9,9
736,95,85,10,10
737,93,83,10,10
738,85,72,13,13
739,98,77,21,21
740,68,64,4,4
741,48,48,0,0
742,97,90,7,7
743,81,74,7,7
744,88,75,13,13
745,91,101,-10,10
746,64,57,7,7
747,204,164,40,40
748,114,97,17,17
749,185,139,46,46
750,75,67,8,8
751,70,63,7,7
752,145,132,13,13
753,87,73,14,14
754,45,48,-3,3
755,73,66,7,7
756,125,120,5,5
757,60,60,0,0
758,95,85,10,10
759,119,89,30,30
760,76,63,13,13
761,56,54,2,2
762,44,42,2,2
763,98,90,8,8
764,86,68,18,18
765,161,132,29,29
766,102,109,-7,7
767,103,90,13,13
768,69,64,5,5
769,151,145,6,6
770,92,66,26,26
771,80,80,0,0
772,87,80,7,7
773,108,91,17,17
774,51,50,1,1
775,110,98,12,12
776,64,54,10,10
777,73,64,9,9
778,92,80,12,12
779,93,81,12,12
780,103,91,12,12
781,49,42,7,7
782,71,67,4,4
783,70,61,9,9
784,67,57,10,10
785,100,86,14,14
786,93,91,2,2
787,75,67,8,8
788,97,87,10,10
789,84,77,7,7
790,140,118,22,22
791,151,130,21,21
792,78,76,2,2
793,79,77,2,2
794,108,108,0,0
795,95,81,14,14
796,98,81,17,17
797,119,112,7,7
798,83,85,-2,2
799,67,62,5,5
800,64,60,4,4
801,102,89,13,13
802,75,67,8,8
803,68,71,-3,3
804,78,70,8,8
805,53,45,8,8
806,126,110,16,16
807,89,82,7,7
808,85,84,1,1
809,64,60,4,4
810,85,72,13,13
811,74,60,14,14
812,66,59,7,7
813,79,66,13,13
814,125,97,28,28
815,119,104,15,15
816,26,39,-13,13
817,66,59,7,7
818,88,72,16,16
819,111,87,24,24
820,86,73,13,13
821,76,76,0,0
822,86,72,14,14
823,145,126,19,19
824,46,41,5,5
825,107,90,17,17
826,99,83,16,16
827,63,59,4,4
828,68,62,6,6
829,100,81,19,19
830,110,105,5,5
831,77,68,9,9
832,66,64,2,2
833,64,56,8,8
834,77,75,2,2
835,144,133,11,11
836,106,93,13,13
837,93,90,3,3
838,73,75,-2,2
839,103,95,8,8
840,105,100,5,5
841,75,66,9,9
842,83,71,12,12
843,112,101,11,11
844,156,134,22,22
845,156,134,22,22
846,77,76,1,1
847,76,67,9,9
848,95,85,10,10
849,41,45,-4,4
850,106,105,1,1
851,135,119,16,16
852,92,92,0,0
853,91,88,3,3
854,112,98,14,14
855,84,78,6,6
856,77,64,13,13
857,29,50,-21,21
858,64,57,7,7
859,143,114,29,29
860,59,53,6,6
861,155,135,20,20
862,207,155,52,52
863,129,104,25,25
864,115,97,18,18
865,108,87,21,21
866,162,133,29,29
867,69,66,3,3
868,62,65,-3,3
869,79,87,-8,8
870,57,49,8,8
871,90,79,11,11
872,98,83,15,15
873,108,96,12,12
874,80,90,-10,10
875,114,95,19,19
876,57,50,7,7
877,41,91,-50,50
878,90,79,11,11
879,84,65,19,19
880,87,79,8,8
881,70,69,1,1
882,109,99,10,10
883,76,67,9,9
884,62,49,13,13
885,83,70,13,13
886,124,119,5,5
887,122,115,7,7
888,55,51,4,4
889,108,105,3,3
890,109,102,7,7
891,52,42,10,10
892,134,105,29,29
893,60,47,13,13
894,71,70,1,1
895,123,103,20,20
896,60,60,0,0
897,140,122,18,18
898,109,85,24,24
899,150,152,-2,2
900,74,67,7,7
901,94,82,12,12
902,71,62,9,9
903,139,118,21,21
904,87,89,-2,2
905,72,68,4,4
906,53,43,10,10
907,163,135,28,28
908,111,85,26,26
909,70,50,20,20
910,46,49,-3,3
911,138,122,16,16
912,127,110,17,17
913,70,63,7,7
914,107,108,-1,1
915,64,51,13,13
916,69,75,-6,6
917,196,170,26,26
918,136,129,7,7
919,52,36,16,16
920,79,76,3,3
921,109,107,2,2
922,78,72,6,6
923,115,104,11,11
924,77,74,3,3
925,110,98,12,12
926,74,62,12,12
927,49,43,6,6
928,55,49,6,6
929,145,120,25,25
930,119,109,10,10
931,96,85,11,11
932,196,176,20,20
933,72,72,0,0
934,90,90,0,0
935,62,92,-30,30
936,118,97,21,21
937,137,128,9,9
938,79,72,7,7
939,152,127,25,25
940,87,89,-2,2
941,112,103,9,9
942,62,55,7,7
943,72,67,5,5
944,109,97,12,12
945,83,66,17,17
946,68,56,12,12
947,97,86,11,11
948,59,52,7,7
949,173,141,32,32
950,73,59,14,14
951,85,77,8,8
952,62,55,7,7
953,75,66,9,9
954,90,85,5,5
955,93,87,6,6
956,98,89,9,9
957,116,101,15,15
958,50,42,8,8
959,106,99,7,7
960,114,96,18,18
961,98,83,15,15
962,184,164,20,20
963,69,65,4,4
964,147,124,23,23
965,29,49,-20,20
966,108,106,2,2
967,65,65,0,0
968,96,82,14,14
969,84,79,5,5
970,70,57,13,13
971,162,140,22,22
972,112,104,8,8
973,71,61,10,10
974,139,117,22,22
975,72,68,4,4
976,68,63,5,5
977,76,72,4,4
978,87,83,4,4
979,52,43,9,9
980,115,102,13,13
981,161,139,22,22
982,88,70,18,18
983,107,94,13,13
984,84,69,15,15
985,90,76,14,14
986,55,51,4,4
987,138,117,21,21
988,90,74,16,16
989,114,97,17,17
990,111,114,-3,3
991,44,37,7,7
992,111,109,2,2
993,128,100,28,28
994,98,86,12,12
995,93,76,17,17
996,74,66,8,8
997,130,117,13,13
998,82,84,-2,2
999,178,144,34,34
1000,42,45,-3,3
1001,96,80,16,16
1002,39,44,-5,5
1003,75,66,9,9
1004,147,131,16,16
1005,102,94,8,8
1006,212,174,38,38
1007,64,55,9,9
1008,91,80,11,11
1009,39,36,3,3
1010,92,90,2,2
1011,159,135,24,24
1012,119,98,21,21
1013,128,113,15,15
1014,125,111,14,14
1015,63,58,5,5
1016,117,103,14,14
1017,117,108,9,9
1018,35,42,-7,7
1019,108,102,6,6
1020,108,90,18,18
1021,77,65,12,12
1022,88,81,7,7
1023,45,42,3,3
1024,88,85,3,3
1025,110,92,18,18
1026,93,76,17,17
1027,77,73,4,4
1028,144,123,21,21
1029,63,62,1,1
1030,56,47,9,9
1031,143,123,20,20
1032,119,121,-2,2
1033,85,72,13,13
1034,94,81,13,13
1035,115,111,4,4
1036,117,108,9,9
1037,71,63,8,8
1038,79,69,10,10
1039,119,80,39,39
1040,78,67,11,11
1041,101,104,-3,3
1042,89,84,5,5
1043,91,88,3,3
1044,112,100,12,12
1045,131,119,12,12
1046,43,38,5,5
1047,162,144,18,18
1048,55,50,5,5
1049,116,107,9,9
1050,49,42,7,7
1051,88,70,18,18
1052,108,94,14,14
1053,72,59,13,13
1054,115,101,14,14
1055,55,49,6,6
1056,146,124,22,22
1057,97,70,27,27
1058,81,71,10,10
1059,146,126,20,20
1060,133,114,19,19
1061,62,58,4,4
1062,148,130,18,18
1063,98,79,19,19
1064,81,63,18,18
1065,73,67,6,6
1066,81,67,14,14
1067,148,127,21,21
1068,141,115,26,26
1069,56,46,10,10
1070,123,107,16,16
1071,83,64,19,19
1072,117,110,7,7
1073,99,87,12,12
1074,99,93,6,6
1075,64,57,7,7
1076,92,71,21,21
1077,40,33,7,7
1078,183,149,34,34
1079,44,53,-9,9
1080,115,102,13,13
1081,49,44,5,5
1082,127,110,17,17
1083,155,130,25,25
1084,81,82,-1,1
1085,92,76,16,16
1086,74,57,17,17
1087,108,99,9,9
1088,57,49,8,8
1089,61,64,-3,3
1090,125,99,26,26
1091,97,83,14,14
1092,60,85,-25,25
1093,78,68,10,10
1094,71,74,-3,3
1095,84,76,8,8
1096,177,146,31,31
1097,80,66,14,14
1098,130,122,8,8
1099,81,73,8,8
1100,88,74,14,14
1101,56,51,5,5
1102,149,129,20,20
1103,92,76,16,16
1104,90,81,9,9
1105,45,44,1,1
1106,63,62,1,1
1107,92,84,8,8
1108,124,114,10,10
1109,140,129,11,11
1110,122,124,-2,2
1111,47,43,4,4
1112,67,62,5,5
1113,199,167,32,32
1114,110,123,-13,13
1115,78,74,4,4
1116,42,36,6,6
1117,51,44,7,7
1118,183,144,39,39
1119,160,147,13,13
1120,117,105,12,12
1121,70,64,6,6
1122,90,79,11,11
1123,101,100,1,1
1124,73,64,9,9
1125,64,58,6,6
1126,69,59,10,10
1127,98,86,12,12
1128,121,109,12,12
1129,83,75,8,8
1130,170,157,13,13
1131,80,70,10,10
1132,68,61,7,7
1133,130,126,4,4
1134,66,63,3,3
1135,65,85,-20,20
1136,95,86,9,9
1137,99,88,11,11
1138,95,105,-10,10
1139,174,157,17,17
1140,154,125,29,29
1141,121,100,21,21
1142,109,86,23,23
1143,87,94,-7,7
1144,61,50,11,11
1145,96,89,7,7
1146,96,87,9,9
1147,118,106,12,12
1148,97,77,20,20
1149,105,90,15,15
1150,87,76,11,11
1151,104,83,21,21
1152,80,77,3,3
1153,54,56,-2,2
1154,92,80,12,12
1155,48,47,1,1
1156,78,77,1,1
1157,136,112,24,24
1158,139,118,21,21
1159,61,95,-34,34
1160,83,76,7,7
1161,103,97,6,6
1162,128,113,15,15
1163,131,115,16,16
1164,76,64,12,12
1165,74,59,15,15
1166,135,123,12,12
1167,73,71,2,2
1168,115,108,7,7
1169,81,80,1,1
1170,140,116,24,24
1171,69,67,2,2
1172,46,44,2,2
1173,109,94,15,15
1174,197,161,36,36
1175,111,110,1,1
1176,100,88,12,12
1177,77,66,11,11
1178,66,58,8,8
1179,67,59,8,8
1180,120,120,0,0
1181,349,284,65,65
1182,78,66,12,12
1183,118,109,9,9
1184,51,58,-7,7
1185,82,75,7,7
1186,49,37,12,12
1187,72,65,7,7
1188,112,236,-124,124
1189,140,107,33,33
1190,69,59,10,10
1191,94,86,8,8
1192,69,66,3,3
1193,96,89,7,7
1194,77,101,-24,24
1195,92,92,0,0
1196,141,129,12,12
1197,94,81,13,13
1198,92,71,21,21
1199,96,105,-9,9
1200,69,57,12,12
1201,35,40,-5,5
1202,78,69,9,9
1203,113,101,12,12
1204,99,80,19,19
1205,108,95,13,13
1206,118,99,19,19
1207,95,81,14,14
1208,106,97,9,9
1209,101,78,23,23
1210,77,81,-4,4
1211,97,86,11,11
1212,86,75,11,11
1213,60,54,6,6
1214,101,101,0,0
1215,105,86,19,19
1216,73,67,6,6
1217,90,79,11,11
1218,121,100,21,21
1219,80,74,6,6
1220,85,83,2,2
1221,158,144,14,14
1222,75,68,7,7
1223,70,68,2,2
1224,66,62,4,4
1225,107,92,15,15
1226,182,164,18,18
1227,134,119,15,15
1228,103,86,17,17
1229,69,69,0,0
1230,95,80,15,15
1231,33,38,-5,5
1232,58,50,8,8
1233,63,62,1,1
1234,115,91,24,24
1235,111,87,24,24
1236,128,109,19,19
1237,141,119,22,22
1238,50,47,3,3
1239,129,99,30,30
1240,49,51,-2,2
1241,91,76,15,15
1242,131,107,24,24
1243,120,95,25,25
1244,91,76,15,15
1245,108,99,9,9
1246,70,67,3,3
1247,51,44,7,7
1248,92,88,4,4
1249,77,65,12,12
1250,149,125,24,24
1251,117,95,22,22
1252,144,131,13,13
1253,82,64,18,18
1254,107,100,7,7
1255,51,44,7,7
1256,55,53,2,2
1257,101,90,11,11
1258,99,83,16,16
1259,114,97,17,17
1260,55,54,1,1
1261,83,71,12,12
1262,174,155,19,19
1263,136,119,17,17
1264,89,83,6,6
1265,67,66,1,1
1266,81,72,9,9
1267,122,113,9,9
1268,74,72,2,2
1269,149,150,-1,1
1270,62,57,5,5
1271,64,64,0,0
1272,85,82,3,3
1273,163,130,33,33
1274,72,57,15,15
1275,62,50,12,12
1276,50,48,2,2
1277,57,56,1,1
1278,82,83,-1,1
1279,58,49,9,9
1280,51,43,8,8
1281,63,59,4,4
1282,125,75,50,50
1283,78,74,4,4
1284,57,48,9,9
1285,65,61,4,4
1286,111,108,3,3
1287,90,76,14,14
1288,107,95,12,12
1289,81,65,16,16
1290,133,101,32,32
1291,111,106,5,5
1292,64,66,-2,2
1293,56,64,-8,8
1294,51,52,-1,1
1295,64,62,2,2
1296,156,133,23,23
1297,96,94,2,2
1298,94,78,16,16
1299,65,86,-21,21
1300,167,143,24,24
1301,44,40,4,4
1302,255,202,53,53
1303,80,66,14,14
1304,142,121,21,21
1305,73,56,17,17
1306,114,99,15,15
1307,81,67,14,14
1308,66,60,6,6
1309,91,79,12,12
1310,106,87,19,19
1311,84,80,4,4
1312,120,109,11,11
1313,115,99,16,16
1314,130,111,19,19
1315,192,183,9,9
1316,150,125,25,25
1317,87,75,12,12
1318,69,65,4,4
1319,170,161,9,9
1320,99,85,14,14
1321,72,71,1,1
1322,106,89,17,17
1323,142,110,32,32
1324,44,42,2,2
1325,87,84,3,3
1326,72,67,5,5
1327,116,100,16,16
1328,66,59,7,7
1329,43,41,2,2
1330,145,125,20,20
1331,92,80,12,12
1332,86,80,6,6
1333,87,85,2,2
1334,71,60,11,11
1335,136,111,25,25
1336,73,78,-5,5
1337,81,85,-4,4
1338,65,52,13,13
1339,97,80,17,17
1340,61,53,8,8
1341,76,60,16,16
1342,55,50,5,5
1343,100,86,14,14
1344,120,111,9,9
1345,110,108,2,2
1346,103,91,12,12
1347,57,49,8,8
1348,95,74,21,21
1349,82,75,7,7
1350,105,105,0,0
1351,68,65,3,3
1352,177,150,27,27
1353,97,85,12,12
1354,150,120,30,30
1355,38,33,5,5
1356,85,75,10,10
1357,79,72,7,7
1358,78,72,6,6
1359,98,88,10,10
1360,138,118,20,20
1361,92,76,16,16
1362,110,94,16,16
1363,135,130,5,5
1364,96,87,9,9
1365,107,91,16,16
1366,84,80,4,4
1367,82,67,15,15
1368,87,97,-10,10
1369,58,54,4,4
1370,55,46,9,9
1371,69,67,2,2
1372,193,168,25,25
1373,102,96,6,6
1374,105,88,17,17
1375,74,81,-7,7
1376,122,122,0,0
1377,85,73,12,12
1378,103,90,13,13
1379,139,115,24,24
1380,91,80,11,11
1381,84,87,-3,3
1382,155,128,27,27
1383,73,63,10,10
1384,141,113,28,28
1385,70,61,9,9
1386,93,77,16,16
1387,100,79,21,21
1388,96,83,13,13
1389,56,51,5,5
1390,93,107,-14,14
1391,97,106,-9,9
1392,43,38,5,5
1393,58,48,10,10
1394,107,94,13,13
1395,118,104,14,14
1396,64,55,9,9
1397,114,93,21,21
1398,84,72,12,12
1399,68,65,3,3
1400,170,136,34,34
1401,121,106,15,15
1402,180,154,26,26
1403,81,71,10,10
1404,131,112,19,19
1405,166,148,18,18
1406,83,75,8,8
1407,107,87,20,20
1408,95,86,9,9
1409,88,72,16,16
1410,149,127,22,22
1411,160,143,17,17
1412,112,100,12,12
1413,145,131,14,14
1414,38,29,9,9
1415,104,87,17,17
1416,125,116,9,9
1417,86,75,11,11
1418,105,92,13,13
1419,44,44,0,0
1420,116,95,21,21
1421,136,116,20,20
1422,149,126,23,23
1423,135,96,39,39
1424,51,47,4,4
1425,94,94,0,0
1426,88,87,1,1
1427,128,117,11,11
1428,148,130,18,18
1429,103,102,1,1
1430,59,55,4,4
1431,75,67,8,8
1432,83,75,8,8
1433,73,64,9,9
1434,75,89,-14,14
1435,74,71,3,3
1436,85,78,7,7
1437,74,54,20,20
1438,99,87,12,12
1439,122,111,11,11
1440,130,118,12,12
1441,61,61,0,0
1442,48,45,3,3
1443,111,107,4,4
1444,58,50,8,8
1445,61,65,-4,4
1446,129,118,11,11
1447,55,46,9,9
1448,159,139,20,20
1449,81,71,10,10
1450,44,45,-1,1
1451,64,52,12,12
1452,105,89,16,16
1453,131,121,10,10
1454,188,160,28,28
1455,107,92,15,15
1456,74,67,7,7
1457,155,154,1,1
1458,93,79,14,14
1459,125,110,15,15
1460,113,107,6,6
1461,81,72,9,9
1462,73,61,12,12
1463,78,67,11,11
1464,124,101,23,23
1465,68,66,2,2
1466,90,84,6,6
1467,108,88,20,20
1468,73,61,12,12
1469,92,82,10,10
1470,118,107,11,11
1471,70,58,12,12
1472,98,94,4,4
1473,70,59,11,11
1474,72,63,9,9
1475,107,83,24,24
1476,112,98,14,14
1477,118,103,15,15
1478,86,71,15,15
1479,114,86,28,28
1480,121,103,18,18
1481,120,99,21,21
1482,275,203,72,72
1483,98,79,19,19
1484,95,94,1,1
1485,80,69,11,11
1486,126,119,7,7
1487,98,90,8,8
1488,133,133,0,0
1489,61,53,8,8
1490,129,106,23,23
1491,117,101,16,16
1492,54,64,-10,10
1493,54,53,1,1
1494,48,49,-1,1
1495,85,72,13,13
1496,56,70,-14,14
1497,77,78,-1,1
1498,140,113,27,27
1499,69,60,9,9
1500,88,78,10,10
1501,107,93,14,14
1502,81,71,10,10
1503,134,108,26,26
1504,80,67,13,13
1505,121,105,16,16
1506,111,94,17,17
1507,72,67,5,5
1508,155,144,11,11
1509,61,55,6,6
1510,70,69,1,1
1511,55,48,7,7
1512,74,67,7,7
1513,151,138,13,13
1514,38,38,0,0
1515,164,172,-8,8
1516,66,67,-1,1
1517,58,52,6,6
1518,66,63,3,3
1519,116,92,24,24
1520,71,79,-8,8
1521,99,88,11,11
1522,108,106,2,2
1523,77,73,4,4
1524,56,49,7,7
1525,126,99,27,27
1526,117,106,11,11
1527,71,56,15,15
1528,80,65,15,15
1529,69,67,2,2
1530,76,49,27,27
1531,137,123,14,14
1532,184,160,24,24
1533,131,107,24,24
1534,149,128,21,21
1535,95,86,9,9
1536,122,110,12,12
1537,54,44,10,10
1538,88,81,7,7
1539,83,73,10,10
1540,69,65,4,4
1541,87,87,0,0
1542,156,141,15,15
1543,118,108,10,10
1544,55,53,2,2
1545,83,77,6,6
1546,81,83,-2,2
1547,101,99,2,2
1548,73,64,9,9
1549,105,94,11,11
1550,82,77,5,5
1551,65,57,8,8
1552,78,71,7,7
1553,115,101,14,14
1554,133,109,24,24
1555,58,58,0,0
1556,108,101,7,7
1557,128,118,10,10
1558,136,109,27,27
1559,37,42,-5,5
1560,95,91,4,4
1561,121,107,14,14
1562,87,72,15,15
1563,100,109,-9,9
1564,89,74,15,15
1565,126,116,10,10
1566,109,109,0,0
1567,103,86,17,17
1568,150,124,26,26
1569,94,112,-18,18
1570,148,144,4,4
1571,60,60,0,0
1572,70,67,3,3
1573,131,124,7,7
1574,70,60,10,10
1575,95,90,5,5
1576,66,60,6,6
1577,86,71,15,15
1578,91,78,13,13
1579,75,75,0,0
1580,46,42,4,4
1581,100,92,8,8
1582,98,82,16,16
1583,92,75,17,17
1584,112,92,20,20
1585,167,145,22,22
1586,90,87,3,3
1587,109,90,19,19
1588,93,97,-4,4
1589,61,52,9,9
1590,123,106,17,17
1591,93,85,8,8
1592,74,60,14,14
1593,36,36,0,0
1594,89,76,13,13
1595,144,140,4,4
1596,80,73,7,7
1597,114,100,14,14
1598,106,98,8,8
1599,57,50,7,7
1600,70,74,-4,4
1601,112,104,8,8
1602,92,79,13,13
1603,106,87,19,19
1604,122,114,8,8
1605,128,108,20,20
1606,109,99,10,10
1607,75,65,10,10
1608,120,98,22,22
1609,60,50,10,10
1610,137,114,23,23
1611,78,72,6,6
1612,93,85,8,8
1613,91,77,14,14
1614,84,75,9,9
1615,137,123,14,14
1616,43,48,-5,5
1617,74,51,23,23
1618,77,68,9,9
1619,114,100,14,14
1620,104,80,24,24
1621,101,95,6,6
1622,43,40,3,3
1623,106,97,9,9
1624,90,78,12,12
1625,114,108,6,6
1626,82,67,15,15
1627,62,63,-1,1
1628,112,98,14,14
1629,46,48,-2,2
1630,104,86,18,18
1631,106,96,10,10
1632,62,52,10,10
1633,123,111,12,12
1634,95,85,10,10
1635,64,62,2,2
1636,76,75,1,1
1637,104,94,10,10
1638,126,111,15,15
1639,144,124,20,20
1640,119,109,10,10
1641,74,61,13,13
1642,51,48,3,3
1643,91,84,7,7
1644,86,86,0,0
1645,95,80,15,15
1646,72,65,7,7
1647,162,144,18,18
1648,87,78,9,9
1649,91,85,6,6
1650,122,121,1,1
1651,70,64,6,6
1652,106,102,4,4
1653,89,85,4,4
1654,59,46,13,13
1655,44,40,4,4
1656,74,61,13,13
1657,77,73,4,4
1658,135,116,19,19
1659,107,97,10,10
1660,64,56,8,8
1661,52,62,-10,10
1662,61,55,6,6
1663,74,65,9,9
1664,87,84,3,3
1665,106,90,16,16
1666,64,55,9,9
1667,70,66,4,4
1668,77,72,5,5
1669,62,51,11,11
1670,67,58,9,9
1671,109,95,14,14
1672,118,106,12,12
1673,74,75,-1,1
1674,100,84,16,16
1675,83,90,-7,7
1676,83,69,14,14
1677,121,101,20,20
1678,79,76,3,3
1679,46,40,6,6
1680,92,72,20,20
1681,102,89,13,13
1682,103,87,16,16
1683,64,48,16,16
1684,101,88,13,13
1685,105,90,15,15
1686,55,48,7,7
1687,66,56,10,10
1688,60,54,6,6
1689,62,60,2,2
1690,150,141,9,9
1691,84,83,1,1
1692,98,96,2,2
1693,59,55,4,4
1694,57,55,2,2
1695,88,115,-27,27
1696,146,136,10,10
1697,58,52,6,6
1698,73,52,21,21
1699,192,162,30,30
1700,58,53,5,5
1701,97,77,20,20
1702,84,72,12,12
1703,149,126,23,23
1704,162,129,33,33
1705,53,61,-8,8
1706,48,51,-3,3
1707,103,104,-1,1
1708,64,51,13,13
1709,85,74,11,11
1710,64,57,7,7
1711,73,64,9,9
1712,72,59,13,13
1713,136,109,27,27
1714,103,86,17,17
1715,161,139,22,22
1716,89,76,13,13
1717,102,85,17,17
1718,66,107,-41,41
1719,87,75,12,12
1720,101,91,10,10
1721,90,86,4,4
1722,108,103,5,5
1723,59,58,1,1
1724,118,104,14,14
1725,56,49,7,7
1726,195,169,26,26
1727,70,62,8,8
1728,90,81,9,9
1729,108,101,7,7
1730,118,120,-2,2
1731,74,69,5,5
1732,115,99,16,16
1733,31,33,-2,2
1734,121,111,10,10
1735,43,46,-3,3
1736,78,69,9,9
1737,63,60,3,3
1738,57,49,8,8
1739,53,50,3,3
1740,63,61,2,2
1741,88,79,9,9
1742,80,79,1,1
1743,133,117,16,16
1744,90,75,15,15
1745,130,116,14,14
1746,70,60,10,10
1747,169,135,34,34
1748,45,43,2,2
1749,171,147,24,24
1750,84,74,10,10
1751,95,88,7,7
1752,73,70,3,3
1753,59,58,1,1
1754,82,83,-1,1
1755,101,84,17,17
1756,77,75,2,2
1757,57,56,1,1
1758,97,83,14,14
1759,69,63,6,6
1760,82,64,18,18
1761,60,72,-12,12
1762,70,64,6,6
1763,79,74,5,5
1764,127,117,10,10
1765,92,93,-1,1
1766,119,109,10,10
1767,59,53,6,6
1768,66,64,2,2
1769,44,44,0,0
1770,46,40,6,6
1771,129,106,23,23
1772,93,76,17,17
1773,98,112,-14,14
1774,89,77,12,12
1775,74,64,10,10
1776,96,88,8,8
1777,103,81,22,22
1778,84,80,4,4
1779,75,65,10,10
1780,167,137,30,30
1781,85,77,8,8
1782,108,106,2,2
1783,59,52,7,7
1784,101,92,9,9
1785,76,68,8,8
1786,118,103,15,15
1787,67,61,6,6
1788,53,61,-8,8
1789,108,100,8,8
1790,103,90,13,13
1791,130,126,4,4
1792,83,75,8,8
1793,52,55,-3,3
1794,79,72,7,7
1795,80,79,1,1
1796,88,62,26,26
1797,55,53,2,2
1798,53,44,9,9
1799,116,101,15,15
1800,103,89,14,14
1801,73,69,4,4
1802,72,64,8,8
1803,155,129,26,26
1804,205,189,16,16
1805,55,50,5,5
1806,119,104,15,15
1807,93,77,16,16
1808,81,75,6,6
1809,93,81,12,12
1810,121,113,8,8
1811,62,53,9,9
1812,61,59,2,2
1813,113,101,12,12
1814,79,64,15,15
1815,130,119,11,11
1816,68,70,-2,2
1817,81,73,8,8
1818,114,94,20,20
1819,101,78,23,23
1820,63,51,12,12
1821,87,89,-2,2
1822,117,105,12,12
1823,114,102,12,12
1824,109,96,13,13
1825,96,82,14,14
1826,54,51,3,3
1827,132,115,17,17
1828,85,79,6,6
1829,70,56,14,14
1830,60,46,14,14
1831,68,60,8,8
1832,48,42,6,6
1833,75,73,2,2
1834,126,108,18,18
1835,106,91,15,15
1836,60,51,9,9
1837,70,58,12,12
1838,52,44,8,8
1839,86,73,13,13
1840,74,61,13,13
1841,118,100,18,18
1842,43,41,2,2
1843,207,171,36,36
1844,97,84,13,13
1845,78,69,9,9
1846,100,94,6,6
1847,108,83,25,25
1848,73,65,8,8
1849,151,130,21,21
1850,45,42,3,3
1851,81,70,11,11
1852,68,60,8,8
1853,140,137,3,3
1854,121,102,19,19
1855,88,94,-6,6
1856,42,40,2,2
1857,76,71,5,5
1858,89,77,12,12
1859,61,54,7,7
1860,98,80,18,18
1861,78,74,4,4
1862,54,50,4,4
1863,128,135,-7,7
1864,160,140,20,20
1865,65,59,6,6
1866,109,95,14,14
1867,149,146,3,3
1868,112,95,17,17
1869,78,70,8,8
1870,61,50,11,11
1871,82,72,10,10
1872,54,49,5,5
1873,45,46,-1,1
1874,102,89,13,13
1875,92,79,13,13
1876,121,111,10,10
1877,119,105,14,14
1878,84,71,13,13
1879,99,91,8,8
1880,116,109,7,7
1881,119,102,17,17
1882,157,139,18,18
1883,119,98,21,21
1884,92,77,15,15
1885,60,58,2,2
1886,101,93,8,8
1887,90,83,7,7
1888,132,124,8,8
1889,156,139,17,17
1890,101,90,11,11
1891,88,80,8,8
1892,141,106,35,35
1893,56,51,5,5
1894,85,67,18,18
1895,182,152,30,30
1896,127,104,23,23
1897,76,66,10,10
1898,83,69,14,14
1899,59,55,4,4
1900,33,37,-4,4
1901,38,38,0,0
1902,90,70,20,20
1903,87,89,-2,2
1904,81,79,2,2
1905,123,114,9,9
1906,111,93,18,18
1907,207,189,18,18
1908,140,124,16,16
1909,90,76,14,14
1910,67,65,2,2
1911,102,122,-20,20
1912,65,60,5,5
1913,81,77,4,4
1914,75,65,10,10
1915,93,88,5,5
1916,87,87,0,0
1917,183,154,29,29
1918,95,84,11,11
1919,200,169,31,31
1920,95,86,9,9
1921,199,169,30,30
1922,87,131,-44,44
1923,56,50,6,6
1924,55,60,-5,5
1925,90,87,3,3
1926,64,62,2,2
1927,57,53,4,4
1928,179,174,5,5
1929,78,69,9,9
1930,54,54,0,0
1931,112,97,15,15
1932,69,72,-3,3
1933,73,70,3,3
1934,64,60,4,4
1935,65,65,0,0
1936,63,60,3,3
1937,159,138,21,21
1938,71,70,1,1
1939,90,77,13,13
1940,116,101,15,15
1941,110,102,8,8
1942,80,72,8,8
1943,116,115,1,1
1944,101,97,4,4
1945,145,121,24,24
1946,144,132,12,12
1947,163,133,30,30
1948,115,115,0,0
1949,115,114,1,1
1950,102,97,5,5
1951,105,97,8,8
1952,61,50,11,11
1953,74,63,11,11
1954,88,78,10,10
1955,86,66,20,20
1956,98,90,8,8
1957,113,101,12,12
1958,82,57,25,25
1959,124,95,29,29
1960,76,63,13,13
1961,137,125,12,12
1962,88,90,-2,2
1963,130,110,20,20
1964,75,61,14,14
1965,97,74,23,23
1966,114,112,2,2
1967,92,85,7,7
1968,106,94,12,12
1969,89,84,5,5
1970,72,79,-7,7
1971,92,81,11,11
1972,66,53,13,13
1973,26,27,-1,1
1974,106,90,16,16
1975,82,79,3,3
1976,112,101,11,11
1977,94,82,12,12
1978,106,92,14,14
1979,114,97,17,17
1980,85,95,-10,10
1981,144,130,14,14
1982,137,117,20,20
1983,56,59,-3,3
1984,62,51,11,11
1985,65,61,4,4
1986,71,68,3,3
1987,78,80,-2,2
1988,66,51,15,15
1989,106,94,12,12
1990,74,90,-16,16
1991,46,111,-65,65
1992,140,121,19,19
1993,129,109,20,20
1994,83,79,4,4
1995,81,73,8,8
1996,49,44,5,5
1997,124,109,15,15
1998,42,36,6,6
1999,89,77,12,12
2000,101,84,17,17
2001,184,185,-1,1
2002,113,99,14,14
2003,212,190,22,22
2004,120,103,17,17
2005,95,85,10,10
2006,120,111,9,9
2007,97,87,10,10
2008,72,65,7,7
2009,80,61,19,19
2010,87,88,-1,1
2011,100,89,11,11
2012,185,163,22,22
2013,90,81,9,9
2014,77,71,6,6
2015,67,61,6,6
2016,63,58,5,5
2017,74,68,6,6
2018,104,87,17,17
2019,129,115,14,14
2020,73,68,5,5
2021,128,110,18,18
2022,64,61,3,3
2023,88,74,14,14
2024,47,47,0,0
2025,68,58,10,10
2026,75,65,10,10
2027,75,69,6,6
2028,80,74,6,6
2029,61,58,3,3
2030,74,66,8,8
2031,79,73,6,6
2032,62,60,2,2
2033,121,114,7,7
2034,77,69,8,8
2035,104,93,11,11
2036,116,103,13,13
2037,61,66,-5,5
2038,86,75,11,11
2039,83,81,2,2
2040,119,106,13,13
2041,109,106,3,3
2042,83,87,-4,4
2043,66,64,2,2
2044,112,100,12,12
2045,110,100,10,10
2046,115,113,2,2
2047,97,87,10,10
2048,115,106,9,9
2049,78,75,3,3
2050,58,52,6,6
2051,98,95,3,3
2052,104,90,14,14
2053,109,90,19,19
2054,143,124,19,19
2055,98,86,12,12
2056,56,56,0,0
2057,61,60,1,1
2058,86,72,14,14
2059,73,68,5,5
2060,101,89,12,12
2061,165,139,26,26
2062,64,53,11,11
2063,62,54,8,8
2064,68,54,14,14
2065,101,94,7,7
2066,72,72,0,0
2067,56,48,8,8
2068,109,90,19,19
2069,63,52,11,11
2070,48,46,2,2
2071,134,125,9,9
2072,91,88,3,3
2073,80,75,5,5
2074,112,95,17,17
2075,49,46,3,3
2076,91,78,13,13
2077,75,73,2,2
2078,86,71,15,15
2079,142,119,23,23
2080,79,66,13,13
2081,122,117,5,5
2082,139,126,13,13
2083,79,55,24,24
2084,184,149,35,35
2085,134,150,-16,16
2086,99,86,13,13
2087,59,59,0,0
2088,77,72,5,5
2089,84,74,10,10
2090,116,107,9,9
2091,41,36,5,5
2092,70,62,8,8
2093,39,36,3,3
2094,82,75,7,7
2095,58,51,7,7
2096,166,139,27,27
2097,71,67,4,4
2098,119,103,16,16
2099,92,89,3,3
2100,116,107,9,9
2101,121,100,21,21
2102,106,93,13,13
2103,82,70,12,12
2104,137,122,15,15
2105,113,105,8,8
2106,84,79,5,5
2107,136,115,21,21
2108,57,53,4,4
2109,142,118,24,24
2110,55,42,13,13
2111,82,72,10,10
2112,208,176,32,32
2113,101,79,22,22
2114,156,150,6,6
2115,175,140,35,35
2116,137,109,28,28
2117,105,109,-4,4
2118,84,78,6,6
2119,78,72,6,6
2120,115,90,25,25
2121,74,67,7,7
2122,67,56,11,11
2123,46,45,1,1
2124,123,104,19,19
2125,68,56,12,12
2126,110,101,9,9
2127,95,83,12,12
2128,77,75,2,2
2129,86,85,1,1
2130,62,52,10,10
2131,91,73,18,18
2132,76,68,8,8
2133,92,71,21,21
2134,98,83,15,15
2135,108,96,12,12
2136,142,129,13,13
2137,111,70,41,41
2138,96,89,7,7
2139,86,75,11,11
2140,138,121,17,17
2141,89,82,7,7
2142,149,121,28,28
2143,82,75,7,7
2144,135,123,12,12
2145,94,82,12,12
2146,79,73,6,6
2147,84,75,9,9
2148,44,68,-24,24
2149,46,56,-10,10
2150,96,84,12,12
2151,114,100,14,14
2152,57,51,6,6
2153,79,67,12,12
2154,78,78,0,0
2155,117,128,-11,11
2156,98,77,21,21
2157,57,46,11,11
2158,99,78,21,21
2159,97,82,15,15
2160,98,81,17,17
2161,70,60,10,10
2162,102,97,5,5
2163,82,76,6,6
2164,81,71,10,10
2165,69,68,1,1
2166,66,53,13,13
2167,97,75,22,22
2168,86,80,6,6
2169,58,50,8,8
2170,83,82,1,1
2171,78,70,8,8
2172,64,53,11,11
2173,127,90,37,37
2174,73,57,16,16
2175,70,72,-2,2
2176,93,90,3,3
2177,116,107,9,9
2178,103,80,23,23
2179,44,43,1,1
2180,84,83,1,1
2181,116,87,29,29
2182,102,96,6,6
2183,56,48,8,8
2184,117,103,14,14
2185,111,98,13,13
2186,82,79,3,3
2187,115,98,17,17
2188,96,98,-2,2
2189,137,99,38,38
2190,111,97,14,14
2191,63,58,5,5
2192,65,57,8,8
2193,57,48,9,9
2194,82,64,18,18
2195,64,76,-12,12
2196,100,88,12,12
2197,68,56,12,12
2198,57,54,3,3
2199,76,62,14,14
2200,138,124,14,14
2201,61,63,-2,2
2202,80,79,1,1
2203,98,92,6,6
2204,137,125,12,12
2205,101,88,13,13
2206,122,114,8,8
2207,75,72,3,3
2208,118,102,16,16
2209,87,79,8,8
2210,116,106,10,10
2211,97,87,10,10
2212,147,146,1,1
2213,74,61,13,13
2214,55,51,4,4
2215,110,88,22,22
2216,93,85,8,8
2217,64,62,2,2
2218,105,103,2,2
2219,70,89,-19,19
2220,92,75,17,17
2221,63,55,8,8
2222,93,83,10,10
2223,60,56,4,4
2224,82,76,6,6
2225,108,96,12,12
2226,118,106,12,12
2227,167,147,20,20
2228,112,99,13,13
2229,85,73,12,12
2230,77,82,-5,5
2231,105,96,9,9
2232,144,129,15,15
2233,159,154,5,5
2234,68,61,7,7
2235,42,40,2,2
2236,111,116,-5,5
2237,67,73,-6,6
2238,135,114,21,21
2239,45,47,-2,2
2240,79,64,15,15
2241,117,108,9,9
2242,94,82,12,12
2243,44,65,-21,21
2244,94,94,0,0
2245,140,123,17,17
2246,98,83,15,15
2247,66,65,1,1
2248,63,62,1,1
2249,65,67,-2,2
2250,104,98,6,6
2251,92,88,4,4
2252,86,81,5,5
2253,81,75,6,6
2254,77,78,-1,1
2255,78,68,10,10
2256,48,54,-6,6
2257,39,38,1,1
2258,47,39,8,8
2259,94,93,1,1
2260,161,135,26,26
2261,72,50,22,22
2262,35,37,-2,2
2263,89,87,2,2
2264,69,86,-17,17
2265,102,97,5,5
2266,79,87,-8,8
2267,107,87,20,20
2268,111,115,-4,4
2269,95,89,6,6
2270,102,94,8,8
2271,89,87,2,2
2272,65,55,10,10
2273,108,98,10,10
2274,57,61,-4,4
2275,103,89,14,14
2276,151,115,36,36
2277,184,157,27,27
2278,78,68,10,10
2279,185,148,37,37
2280,63,61,2,2
2281,131,120,11,11
2282,155,127,28,28
2283,87,70,17,17
2284,136,118,18,18
2285,104,96,8,8
2286,54,50,4,4
2287,107,96,11,11
2288,64,58,6,6
2289,68,60,8,8
2290,90,83,7,7
2291,65,65,0,0
2292,86,84,2,2
2293,78,70,8,8
2294,72,58,14,14
2295,50,52,-2,2
2296,107,97,10,10
2297,101,200,-99,99
2298,104,89,15,15
2299,47,44,3,3
2300,87,76,11,11
2301,102,93,9,9
2302,103,86,17,17
2303,62,50,12,12
2304,57,51,6,6
2305,68,63,5,5
2306,109,100,9,9
2307,80,76,4,4
2308,76,71,5,5
2309,97,91,6,6
2310,83,70,13,13
2311,116,103,13,13
2312,72,64,8,8
2313,49,50,-1,1
2314,108,109,-1,1
2315,106,84,22,22
2316,135,116,19,19
2317,115,107,8,8
2318,111,92,19,19
2319,95,75,20,20
2320,56,60,-4,4
2321,154,124,30,30
2322,106,96,10,10
2323,71,65,6,6
2324,92,79,13,13
2325,96,76,20,20
2326,75,70,5,5
2327,127,103,24,24
2328,66,61,5,5
2329,78,67,11,11
2330,148,133,15,15
2331,95,82,13,13
2332,145,114,31,31
2333,80,77,3,3
2334,48,48,0,0
2335,73,68,5,5
2336,128,123,5,5
2337,38,43,-5,5
2338,180,163,17,17
2339,63,61,2,2
2340,60,49,11,11
2341,149,137,12,12
2342,97,93,4,4
2343,57,52,5,5
2344,158,127,31,31
2345,85,83,2,2
2346,83,65,18,18
2347,145,125,20,20
2348,76,66,10,10
2349,107,88,19,19
2350,177,155,22,22
2351,106,84,22,22
2352,73,66,7,7
2353,43,41,2,2
2354,141,110,31,31
2355,100,94,6,6
2356,81,89,-8,8
2357,267,197,70,70
2358,69,64,5,5
2359,114,106,8,8
2360,110,97,13,13
2361,107,99,8,8
2362,95,76,19,19
2363,92,74,18,18
2364,166,141,25,25
2365,83,79,4,4
2366,140,113,27,27
2367,102,87,15,15
2368,82,78,4,4
2369,88,86,2,2
2370,129,102,27,27
2371,171,156,15,15
2372,53,43,10,10
2373,139,110,29,29
2374,131,108,23,23
2375,137,111,26,26
2376,65,60,5,5
2377,83,78,5,5
2378,191,172,19,19
2379,65,53,12,12
2380,197,164,33,33
2381,101,91,10,10
2382,147,132,15,15
2383,159,143,16,16
2384,46,40,6,6
2385,151,128,23,23
2386,104,88,16,16
2387,132,124,8,8
2388,67,62,5,5
2389,80,69,11,11
2390,198,170,28,28
2391,116,120,-4,4
2392,72,95,-23,23
2393,152,127,25,25
2394,63,64,-1,1
2395,61,56,5,5
2396,112,100,12,12
2397,96,79,17,17
2398,90,81,9,9
2399,118,109,9,9
2400,102,95,7,7
2401,65,59,6,6
2402,93,89,4,4
2403,64,58,6,6
2404,88,107,-19,19
2405,116,102,14,14
2406,94,92,2,2
2407,96,95,1,1
2408,83,83,0,0
2409,125,114,11,11
2410,71,57,14,14
2411,147,142,5,5
2412,117,110,7,7
2413,125,107,18,18
2414,65,54,11,11
2415,69,64,5,5
2416,72,67,5,5
2417,80,76,4,4
2418,73,60,13,13
2419,62,57,5,5
2420,126,110,16,16
2421,56,50,6,6
2422,90,89,1,1
2423,95,92,3,3
2424,67,64,3,3
2425,37,41,-4,4
2426,128,109,19,19
2427,63,54,9,9
2428,32,28,4,4
2429,63,50,13,13
2430,42,47,-5,5
2431,90,84,6,6
2432,58,54,4,4
2433,159,126,33,33
2434,114,110,4,4
2435,76,62,14,14
2436,71,60,11,11
2437,91,79,12,12
2438,144,119,25,25
2439,71,57,14,14
2440,70,68,2,2
2441,109,101,8,8
2442,86,75,11,11
2443,114,106,8,8
2444,66,50,16,16
2445,92,76,16,16
2446,71,61,10,10
2447,92,76,16,16
2448,137,135,2,2
2449,73,76,-3,3
2450,73,61,12,12
2451,101,82,19,19
2452,119,102,17,17
2453,97,87,10,10
2454,110,91,19,19
2455,69,60,9,9
2456,81,68,13,13
2457,67,66,1,1
2458,139,119,20,20
2459,88,77,11,11
2460,114,98,16,16
2461,64,53,11,11
2462,86,79,7,7
2463,122,107,15,15
2464,122,105,17,17
2465,94,82,12,12
2466,128,120,8,8
2467,83,70,13,13
2468,92,80,12,12
2469,175,160,15,15
2470,141,128,13,13
2471,72,68,4,4
2472,135,130,5,5
2473,84,72,12,12
2474,123,104,19,19
2475,113,108,5,5
2476,135,119,16,16
2477,83,74,9,9
2478,58,59,-1,1
2479,146,134,12,12
2480,123,111,12,12
2481,50,47,3,3
2482,67,72,-5,5
2483,80,75,5,5
2484,136,119,17,17
2485,165,148,17,17
2486,84,68,16,16
2487,107,94,13,13
2488,151,138,13,13
2489,111,100,11,11
2490,51,52,-1,1
2491,78,73,5,5
2492,145,113,32,32
2493,54,51,3,3
2494,86,76,10,10
2495,93,81,12,12
2496,117,95,22,22
2497,52,51,1,1
2498,84,82,2,2
2499,196,178,18,18
2500,70,49,21,21
2501,166,151,15,15
2502,103,83,20,20
2503,67,74,-7,7
2504,54,44,10,10
2505,91,82,9,9
2506,124,109,15,15
2507,80,71,9,9
2508,111,102,9,9
2509,108,87,21,21
2510,134,127,7,7
2511,98,86,12,12
2512,64,86,-22,22
2513,73,65,8,8
2514,94,87,7,7
2515,61,65,-4,4
2516,90,85,5,5
2517,102,89,13,13
2518,150,129,21,21
2519,97,92,5,5
2520,76,67,9,9
2521,58,52,6,6
2522,90,69,21,21
2523,70,62,8,8
2524,65,59,6,6
2525,78,75,3,3
2526,53,51,2,2
2527,83,67,16,16
2528,103,61,42,42
2529,74,65,9,9
2530,173,154,19,19
2531,63,59,4,4
2532,104,90,14,14
2533,96,89,7,7
2534,110,111,-1,1
2535,83,71,12,12
2536,89,81,8,8
2537,95,94,1,1
2538,74,74,0,0
2539,55,49,6,6
2540,117,107,10,10
2541,32,28,4,4
2542,64,64,0,0
2543,103,81,22,22
2544,121,111,10,10
2545,129,107,22,22
2546,90,82,8,8
2547,119,132,-13,13
2548,105,84,21,21
2549,78,64,14,14
2550,159,129,30,30
2551,73,67,6,6
2552,128,115,13,13
2553,149,139,10,10
2554,129,101,28,28
2555,87,83,4,4
2556,69,70,-1,1
2557,120,104,16,16
2558,57,49,8,8
2559,107,102,5,5
2560,56,51,5,5
2561,128,78,50,50
2562,153,121,32,32
2563,114,116,-2,2
2564,96,89,7,7
2565,111,97,14,14
2566,130,121,9,9
2567,88,82,6,6
2568,75,68,7,7
2569,85,81,4,4
2570,105,91,14,14
2571,48,49,-1,1
2572,98,88,10,10
2573,62,61,1,1
2574,142,127,15,15
2575,91,58,33,33
2576,85,76,9,9
2577,67,56,11,11
2578,116,100,16,16
2579,82,80,2,2
2580,136,123,13,13
2581,145,115,30,30
2582,76,73,3,3
2583,46,45,1,1
2584,112,116,-4,4
2585,119,111,8,8
2586,75,84,-9,9
2587,58,60,-2,2
2588,90,87,3,3
2589,106,105,1,1
2590,117,104,13,13
2591,97,84,13,13
2592,142,138,4,4
2593,156,139,17,17
2594,136,84,52,52
2595,73,71,2,2
2596,98,79,19,19
2597,79,75,4,4
2598,130,122,8,8
2599,114,107,7,7
2600,122,117,5,5
2601,87,69,18,18
2602,136,115,21,21
2603,157,133,24,24
2604,53,49,4,4
2605,106,90,16,16
2606,62,58,4,4
2607,87,82,5,5
2608,75,63,12,12
2609,71,67,4,4
2610,87,79,8,8
2611,81,73,8,8
2612,110,94,16,16
2613,119,106,13,13
2614,103,88,15,15
2615,65,52,13,13
2616,137,110,27,27
2617,66,67,-1,1
2618,78,65,13,13
2619,93,87,6,6
2620,117,100,17,17
2621,95,85,10,10
2622,88,75,13,13
2623,102,80,22,22
2624,49,43,6,6
2625,82,68,14,14
2626,70,65,5,5
2627,78,76,2,2
2628,75,63,12,12
2629,80,82,-2,2
2630,133,111,22,22
2631,82,75,7,7
2632,147,101,46,46
2633,174,151,23,23
2634,65,60,5,5
2635,95,82,13,13
2636,105,85,20,20
2637,72,61,11,11
2638,78,73,5,5
2639,137,122,15,15
2640,153,125,28,28
2641,131,134,-3,3
2642,53,52,1,1
2643,88,76,12,12
2644,74,69,5,5
2645,62,54,8,8
2646,97,96,1,1
2647,121,106,15,15
2648,106,99,7,7
2649,76,96,-20,20
2650,103,93,10,10
2651,87,68,19,19
2652,67,56,11,11
2653,68,79,-11,11
2654,123,101,22,22
2655,68,56,12,12
2656,115,103,12,12
2657,116,92,24,24
2658,95,81,14,14
2659,57,59,-2,2
2660,106,90,16,16
2661,85,75,10,10
2662,106,85,21,21
2663,87,77,10,10
2664,86,78,8,8
2665,84,78,6,6
2666,60,53,7,7
2667,99,93,6,6
2668,84,103,-19,19
2669,60,53,7,7
2670,134,110,24,24
2671,130,119,11,11
2672,78,65,13,13
2673,62,53,9,9
2674,90,70,20,20
2675,105,98,7,7
2676,104,94,10,10
2677,102,92,10,10
2678,125,112,13,13
2679,74,51,23,23
2680,100,89,11,11
2681,103,97,6,6
2682,77,64,13,13
2683,86,77,9,9
2684,97,95,2,2
2685,81,78,3,3
2686,88,85,3,3
2687,52,49,3,3
2688,59,64,-5,5
2689,89,71,18,18
2690,51,55,-4,4
2691,45,42,3,3
2692,103,106,-3,3
2693,70,67,3,3
2694,148,128,20,20
2695,91,86,5,5
2696,45,41,4,4
2697,146,135,11,11
2698,119,108,11,11
2699,107,101,6,6
2700,170,145,25,25
2701,62,56,6,6
2702,130,102,28,28
2703,40,48,-8,8
2704,91,81,10,10
2705,61,52,9,9
2706,72,58,14,14
2707,113,103,10,10
2708,120,87,33,33
2709,52,48,4,4
2710,43,46,-3,3
2711,63,51,12,12
2712,106,95,11,11
2713,109,98,11,11
2714,136,121,15,15
2715,100,92,8,8
2716,58,54,4,4
2717,64,56,8,8
2718,135,127,8,8
2719,125,115,10,10
2720,91,96,-5,5
2721,81,78,3,3
2722,53,48,5,5
2723,120,108,12,12
2724,96,87,9,9
2725,42,38,4,4
2726,122,112,10,10
2727,67,54,13,13
2728,97,79,18,18
2729,65,64,1,1
2730,86,79,7,7
2731,72,59,13,13
2732,62,55,7,7
2733,72,60,12,12
2734,83,62,21,21
2735,129,117,12,12
2736,109,95,14,14
2737,72,77,-5,5
2738,78,75,3,3
2739,175,163,12,12
2740,125,111,14,14
2741,65,52,13,13
2742,122,107,15,15
2743,79,77,2,2
2744,35,41,-6,6
2745,86,84,2,2
2746,120,100,20,20
2747,96,89,7,7
2748,152,140,12,12
2749,114,107,7,7
2750,94,87,7,7
2751,67,60,7,7
2752,94,89,5,5
2753,145,114,31,31
2754,52,50,2,2
2755,108,96,12,12
2756,86,86,0,0
2757,91,83,8,8
2758,132,115,17,17
2759,160,143,17,17
2760,94,70,24,24
2761,136,111,25,25
2762,46,42,4,4
2763,76,61,15,15
2764,66,66,0,0
2765,72,64,8,8
2766,102,93,9,9
2767,77,70,7,7
2768,56,51,5,5
2769,139,131,8,8
2770,217,179,38,38
2771,105,98,7,7
2772,86,70,16,16
2773,172,145,27,27
2774,131,119,12,12
2775,141,123,18,18
2776,85,87,-2,2
2777,68,53,15,15
2778,90,86,4,4
2779,75,69,6,6
2780,82,73,9,9
2781,76,58,18,18
2782,92,82,10,10
2783,76,67,9,9
2784,108,96,12,12
2785,99,87,12,12
2786,65,63,2,2
2787,101,99,2,2
2788,196,170,26,26
2789,80,75,5,5
2790,130,120,10,10
2791,57,60,-3,3
2792,105,87,18,18
2793,83,75,8,8
2794,75,80,-5,5
2795,37,41,-4,4
2796,92,86,6,6
2797,70,59,11,11
2798,35,44,-9,9
2799,120,99,21,21
2800,87,66,21,21
2801,56,47,9,9
2802,84,74,10,10
2803,185,164,21,21
2804,95,71,24,24
2805,76,66,10,10
2806,60,51,9,9
2807,84,77,7,7
2808,67,60,7,7
2809,79,73,6,6
2810,106,97,9,9
2811,121,108,13,13
2812,81,82,-1,1
2813,93,82,11,11
2814,150,132,18,18
2815,104,100,4,4
2816,95,82,13,13
2817,120,102,18,18
2818,140,132,8,8
2819,106,108,-2,2
2820,92,71,21,21
2821,75,66,9,9
2822,69,72,-3,3
2823,78,72,6,6
2824,57,57,0,0
2825,71,58,13,13
2826,110,96,14,14
2827,90,80,10,10
2828,58,48,10,10
2829,52,46,6,6
2830,108,98,10,10
2831,53,54,-1,1
2832,102,91,11,11
2833,89,84,5,5
2834,158,133,25,25
2835,81,65,16,16
2836,93,91,2,2
2837,127,109,18,18
2838,117,104,13,13
2839,105,89,16,16
2840,133,117,16,16
2841,106,88,18,18
2842,149,126,23,23
2843,117,104,13,13
2844,92,84,8,8
2845,74,67,7,7
2846,156,142,14,14
2847,90,78,12,12
2848,116,107,9,9
2849,118,104,14,14
2850,109,100,9,9
2851,110,97,13,13
2852,84,84,0,0
2853,120,98,22,22
2854,145,134,11,11
2855,64,60,4,4
2856,95,101,-6,6
2857,54,48,6,6
2858,109,97,12,12
2859,81,71,10,10
2860,74,69,5,5
2861,123,117,6,6
2862,88,74,14,14
2863,153,142,11,11
2864,119,117,2,2
2865,100,92,8,8
2866,91,76,15,15
2867,85,64,21,21
2868,72,64,8,8
2869,137,117,20,20
2870,120,134,-14,14
2871,58,53,5,5
2872,106,94,12,12
2873,100,86,14,14
2874,75,68,7,7
2875,71,60,11,11
2876,90,78,12,12
2877,56,46,10,10
2878,109,95,14,14
2879,97,92,5,5
2880,95,81,14,14
2881,84,69,15,15
2882,64,54,10,10
2883,79,70,9,9
2884,66,57,9,9
2885,65,60,5,5
2886,117,106,11,11
2887,143,129,14,14
2888,65,55,10,10
2889,80,71,9,9
2890,111,108,3,3
2891,116,101,15,15
2892,80,119,-39,39
2893,89,80,9,9
2894,181,154,27,27
2895,95,79,16,16
2896,81,72,9,9
2897,172,135,37,37
2898,137,108,29,29
2899,83,76,7,7
2900,98,92,6,6
2901,131,112,19,19
2902,75,69,6,6
2903,160,140,20,20
2904,115,92,23,23
2905,124,115,9,9
2906,121,102,19,19
2907,113,100,13,13
2908,116,100,16,16
2909,62,65,-3,3
2910,94,78,16,16
2911,92,80,12,12
2912,144,127,17,17
2913,37,77,-40,40
2914,65,66,-1,1
2915,159,163,-4,4
2916,76,62,14,14
2917,116,103,13,13
2918,79,70,9,9
2919,89,85,4,4
2920,79,69,10,10
2921,100,97,3,3
2922,92,76,16,16
2923,90,79,11,11
2924,53,47,6,6
2925,97,95,2,2
2926,148,127,21,21
2927,104,100,4,4
2928,57,54,3,3
2929,71,61,10,10
2930,116,117,-1,1
2931,191,172,19,19
2932,122,105,17,17
2933,60,57,3,3
2934,125,146,-21,21
2935,69,72,-3,3
2936,98,90,8,8
2937,131,108,23,23
2938,105,97,8,8
2939,103,89,14,14
2940,60,58,2,2
2941,67,60,7,7
2942,118,103,15,15
2943,58,62,-4,4
2944,76,68,8,8
2945,109,89,20,20
2946,72,63,9,9
2947,87,75,12,12
2948,57,56,1,1
2949,85,81,4,4
2950,78,75,3,3
2951,88,73,15,15
2952,75,63,12,12
2953,124,104,20,20
2954,84,81,3,3
2955,112,95,17,17
2956,98,83,15,15
2957,152,134,18,18
2958,54,50,4,4
2959,121,111,10,10
2960,164,145,19,19
2961,58,53,5,5
2962,164,149,15,15
2963,47,49,-2,2
2964,163,158,5,5
2965,104,91,13,13
2966,66,62,4,4
2967,111,99,12,12
2968,60,59,1,1
2969,45,40,5,5
2970,98,76,22,22
2971,129,107,22,22
2972,94,85,9,9
2973,100,92,8,8
2974,88,81,7,7
2975,79,66,13,13
2976,73,72,1,1
2977,125,110,15,15
2978,91,88,3,3
2979,102,94,8,8
2980,137,117,20,20
2981,186,171,15,15
2982,67,65,2,2
2983,59,59,0,0
2984,36,36,0,0
2985,128,108,20,20
2986,80,67,13,13
2987,102,109,-7,7
2988,137,105,32,32
2989,58,43,15,15
2990,94,83,11,11
2991,90,70,20,20
2992,110,91,19,19
2993,101,99,2,2
2994,78,70,8,8
2995,121,95,26,26
2996,87,71,16,16
2997,81,71,10,10
2998,70,68,2,2
2999,142,124,18,18
3000,93,88,5,5
3001,98,77,21,21
3002,125,114,11,11
3003,65,56,9,9
3004,126,114,12,12
3005,77,66,11,11
3006,79,76,3,3
3007,85,81,4,4
3008,65,56,9,9
3009,74,72,2,2
3010,124,118,6,6
3011,112,90,22,22
3012,99,93,6,6
3013,73,64,9,9
3014,97,93,4,4
3015,73,67,6,6
3016,58,55,3,3
3017,172,158,14,14
3018,91,77,14,14
3019,67,66,1,1
3020,100,90,10,10
3021,110,99,11,11
3022,58,54,4,4
3023,96,91,5,5
3024,69,66,3,3
3025,91,81,10,10
3026,64,61,3,3
3027,71,67,4,4
3028,49,59,-10,10
3029,88,84,4,4
3030,147,115,32,32
3031,71,63,8,8
3032,117,102,15,15
3033,89,85,4,4
3034,95,82,13,13
3035,78,71,7,7
3036,82,85,-3,3
3037,72,68,4,4
3038,137,107,30,30
3039,122,123,-1,1
3040,115,96,19,19
3041,120,104,16,16
3042,119,110,9,9
3043,84,75,9,9
3044,88,73,15,15
3045,60,53,7,7
3046,115,104,11,11
3047,81,71,10,10
3048,136,135,1,1
3049,85,85,0,0
3050,100,97,3,3
3051,118,112,6,6
3052,109,95,14,14
3053,61,67,-6,6
3054,105,95,10,10
3055,206,176,30,30
3056,112,101,11,11
3057,83,77,6,6
3058,181,170,11,11
3059,151,129,22,22
3060,104,95,9,9
3061,83,90,-7,7
3062,109,93,16,16
3063,62,57,5,5
3064,76,70,6,6
3065,86,84,2,2
3066,127,104,23,23
3067,83,72,11,11
3068,122,100,22,22
3069,103,95,8,8
3070,107,96,11,11
3071,94,83,11,11
3072,103,81,22,22
3073,72,59,13,13
3074,66,66,0,0
3075,70,73,-3,3
3076,54,51,3,3
3077,57,61,-4,4
3078,165,152,13,13
3079,125,109,16,16
3080,125,119,6,6
3081,92,82,10,10
3082,53,38,15,15
3083,106,113,-7,7
3084,95,82,13,13
3085,94,79,15,15
3086,72,66,6,6
3087,78,67,11,11
3088,113,104,9,9
3089,106,85,21,21
3090,101,89,12,12
3091,102,102,0,0
3092,95,83,12,12
3093,69,63,6,6
3094,74,60,14,14
3095,104,85,19,19
3096,78,74,4,4
3097,86,77,9,9
3098,41,41,0,0
3099,86,79,7,7
3100,80,68,12,12
3101,182,153,29,29
3102,83,76,7,7
3103,65,54,11,11
3104,81,67,14,14
3105,159,142,17,17
3106,103,91,12,12
3107,102,86,16,16
3108,60,47,13,13
3109,142,120,22,22
3110,62,54,8,8
3111,129,110,19,19
3112,79,76,3,3
3113,87,77,10,10
3114,127,103,24,24
3115,56,55,1,1
3116,94,97,-3,3
3117,90,76,14,14
3118,62,60,2,2
3119,60,57,3,3
3120,110,119,-9,9
3121,98,93,5,5
3122,58,57,1,1
3123,88,80,8,8
3124,35,33,2,2
3125,138,125,13,13
3126,73,68,5,5
3127,99,76,23,23
3128,87,73,14,14
3129,69,63,6,6
3130,102,83,19,19
3131,89,86,3,3
3132,106,88,18,18
3133,116,99,17,17
3134,69,62,7,7
3135,75,62,13,13
3136,91,77,14,14
3137,67,61,6,6
3138,133,127,6,6
3139,76,70,6,6
3140,103,79,24,24
3141,71,57,14,14
3142,135,121,14,14
3143,99,93,6,6
3144,104,88,16,16
3145,146,118,28,28
3146,57,41,16,16
3147,108,104,4,4
3148,82,64,18,18
3149,106,87,19,19
3150,110,102,8,8
3151,98,88,10,10
3152,62,50,12,12
3153,102,95,7,7
3154,130,118,12,12
3155,108,86,22,22
3156,61,59,2,2
3157,73,76,-3,3
3158,54,45,9,9
3159,63,53,10,10
3160,140,111,29,29
3161,47,106,-59,59
3162,68,67,1,1
3163,134,113,21,21
3164,106,91,15,15
3165,72,65,7,7
3166,107,95,12,12
3167,107,96,11,11
3168,53,44,9,9
3169,112,94,18,18
3170,124,110,14,14
3171,103,88,15,15
3172,76,72,4,4
3173,103,94,9,9
3174,92,88,4,4
3175,40,38,2,2
3176,79,69,10,10
3177,83,81,2,2
3178,77,66,11,11
3179,75,66,9,9
3180,63,51,12,12
3181,134,119,15,15
3182,66,59,7,7
3183,173,159,14,14
3184,100,81,19,19
3185,119,94,25,25
3186,143,133,10,10
3187,61,61,0,0
3188,59,57,2,2
3189,91,92,-1,1
3190,61,53,8,8
3191,127,114,13,13
3192,164,146,18,18
3193,81,70,11,11
3194,136,118,18,18
3195,73,71,2,2
3196,72,70,2,2
3197,82,73,9,9
3198,79,73,6,6
3199,70,67,3,3
3200,95,82,13,13
3201,63,55,8,8
3202,67,60,7,7
3203,127,116,11,11
3204,107,94,13,13
3205,58,53,5,5
3206,91,87,4,4
3207,60,52,8,8
3208,94,95,-1,1
3209,90,66,24,24
3210,49,39,10,10
3211,94,105,-11,11
3212,68,63,5,5
3213,86,66,20,20
3214,107,87,20,20
3215,54,40,14,14
3216,88,68,20,20
3217,69,71,-2,2
3218,85,73,12,12
3219,99,85,14,14
3220,116,114,2,2
3221,113,102,11,11
3222,42,47,-5,5
3223,36,30,6,6
3224,52,50,2,2
3225,88,67,21,21
3226,62,59,3,3
3227,87,70,17,17
3228,97,102,-5,5
3229,94,86,8,8
3230,113,98,15,15
3231,168,145,23,23
3232,107,91,16,16
3233,130,117,13,13
3234,169,164,5,5
3235,84,78,6,6
3236,151,116,35,35
3237,75,59,16,16
3238,73,62,11,11
3239,64,66,-2,2
3240,144,139,5,5
3241,86,76,10,10
3242,91,78,13,13
3243,76,62,14,14
3244,112,105,7,7
3245,46,51,-5,5
3246,51,53,-2,2
3247,116,95,21,21
3248,106,112,-6,6
3249,63,64,-1,1
3250,115,99,16,16
3251,151,147,4,4
3252,70,56,14,14
3253,153,136,17,17
3254,66,53,13,13
3255,95,89,6,6
3256,71,66,5,5
3257,75,67,8,8
3258,83,73,10,10
3259,75,58,17,17
3260,111,90,21,21
3261,95,83,12,12
3262,133,108,25,25
3263,56,41,15,15
3264,42,42,0,0
3265,61,57,4,4
3266,72,68,4,4
3267,60,55,5,5
3268,95,79,16,16
3269,115,114,1,1
3270,101,96,5,5
3271,65,62,3,3
3272,100,98,2,2
3273,69,62,7,7
3274,81,71,10,10
3275,82,75,7,7
3276,107,91,16,16
3277,112,108,4,4
3278,99,87,12,12
3279,75,69,6,6
3280,161,136,25,25
3281,76,68,8,8
3282,142,127,15,15
3283,111,92,19,19
3284,78,70,8,8
3285,137,120,17,17
3286,40,35,5,5
3287,65,62,3,3
3288,88,83,5,5
3289,103,82,21,21
3290,143,147,-4,4
3291,37,33,4,4
3292,65,53,12,12
3293,90,78,12,12
3294,97,72,25,25
3295,107,93,14,14
3296,104,95,9,9
3297,151,129,22,22
3298,98,89,9,9
3299,91,89,2,2
3300,90,76,14,14
3301,79,72,7,7
3302,62,49,13,13
3303,83,69,14,14
3304,102,97,5,5
3305,92,87,5,5
3306,48,47,1,1
3307,103,93,10,10
3308,65,51,14,14
3309,84,78,6,6
3310,57,51,6,6
3311,108,102,6,6
3312,80,72,8,8
3313,66,73,-7,7
3314,106,97,9,9
3315,52,50,2,2
3316,107,110,-3,3
3317,107,91,16,16
3318,57,52,5,5
3319,137,123,14,14
3320,69,61,8,8
3321,90,72,18,18
3322,65,61,4,4
3323,49,46,3,3
3324,153,135,18,18
3325,119,103,16,16
3326,75,68,7,7
3327,160,143,17,17
3328,140,127,13,13
3329,146,136,10,10
3330,104,80,24,24
3331,94,88,6,6
3332,60,48,12,12
3333,118,94,24,24
3334,71,65,6,6
3335,66,61,5,5
3336,183,151,32,32
3337,103,83,20,20
3338,119,102,17,17
3339,107,110,-3,3
3340,92,76,16,16
3341,89,86,3,3
3342,116,93,23,23
3343,84,70,14,14
3344,118,111,7,7
3345,52,49,3,3
3346,75,74,1,1
3347,163,144,19,19
3348,96,85,11,11
3349,104,101,3,3
3350,135,128,7,7
3351,78,71,7,7
3352,127,107,20,20
3353,96,84,12,12
3354,123,98,25,25
3355,119,100,19,19
3356,83,77,6,6
3357,107,99,8,8
3358,96,77,19,19
3359,105,89,16,16
3360,142,111,31,31
3361,67,64,3,3
3362,67,66,1,1
3363,126,109,17,17
3364,59,56,3,3
3365,59,55,4,4
3366,74,66,8,8
3367,87,78,9,9
3368,69,63,6,6
3369,66,58,8,8
3370,117,97,20,20
3371,186,164,22,22
3372,63,61,2,2
3373,125,114,11,11
3374,87,69,18,18
3375,97,92,5,5
3376,96,80,16,16
3377,49,40,9,9
3378,105,97,8,8
3379,48,43,5,5
3380,111,98,13,13
3381,98,92,6,6
3382,123,101,22,22
3383,74,60,14,14
3384,55,49,6,6
3385,124,107,17,17
3386,151,132,19,19
3387,54,53,1,1
3388,44,39,5,5
3389,78,78,0,0
3390,141,132,9,9
3391,85,78,7,7
3392,40,47,-7,7
3393,77,67,10,10
3394,104,90,14,14
3395,71,54,17,17
3396,94,90,4,4
3397,98,96,2,2
3398,56,51,5,5
3399,64,60,4,4
3400,107,95,12,12
3401,58,54,4,4
3402,40,39,1,1
3403,107,84,23,23
3404,110,97,13,13
3405,124,102,22,22
3406,100,83,17,17
3407,88,83,5,5
3408,131,97,34,34
3409,93,72,21,21
3410,134,113,21,21
3411,81,81,0,0
3412,81,75,6,6
3413,84,78,6,6
3414,86,79,7,7
3415,152,141,11,11
3416,64,55,9,9
3417,73,71,2,2
3418,118,103,15,15
3419,73,64,9,9
3420,88,70,18,18
3421,112,108,4,4
3422,141,125,16,16
3423,150,143,7,7
3424,105,93,12,12
3425,163,141,22,22
3426,29,34,-5,5
3427,94,85,9,9
3428,67,64,3,3
3429,98,103,-5,5
3430,89,81,8,8
3431,106,93,13,13
3432,100,88,12,12
3433,107,86,21,21
3434,64,60,4,4
3435,45,45,0,0
3436,77,75,2,2
3437,144,118,26,26
3438,103,91,12,12
3439,67,102,-35,35
3440,38,36,2,2
3441,116,101,15,15
3442,102,94,8,8
3443,119,103,16,16
3444,88,80,8,8
3445,111,96,15,15
3446,48,40,8,8
3447,131,102,29,29
3448,86,77,9,9
3449,76,68,8,8
3450,80,79,1,1
3451,99,84,15,15
3452,132,116,16,16
3453,91,96,-5,5
3454,105,97,8,8
3455,159,148,11,11
3456,117,100,17,17
3457,142,135,7,7
3458,69,55,14,14
3459,79,71,8,8
3460,134,129,5,5
3461,101,81,20,20
3462,94,78,16,16
3463,97,106,-9,9
3464,112,90,22,22
3465,70,59,11,11
3466,139,119,20,20
3467,120,102,18,18
3468,93,87,6,6
3469,70,66,4,4
3470,77,66,11,11
3471,91,79,12,12
3472,57,47,10,10
3473,75,73,2,2
3474,64,59,5,5
3475,88,84,4,4
3476,90,83,7,7
3477,82,78,4,4
3478,54,51,3,3
3479,101,91,10,10
3480,102,97,5,5
3481,92,85,7,7
3482,77,67,10,10
3483,76,71,5,5
3484,109,103,6,6
3485,48,46,2,2
3486,86,76,10,10
3487,91,81,10,10
3488,60,46,14,14
3489,117,108,9,9
3490,121,113,8,8
3491,129,123,6,6
3492,90,87,3,3
3493,106,75,31,31
3494,80,65,15,15
3495,129,100,29,29
3496,65,59,6,6
3497,48,47,1,1
3498,104,89,15,15
3499,72,63,9,9
3500,69,61,8,8
3501,115,98,17,17
3502,147,149,-2,2
3503,83,77,6,6
3504,96,88,8,8
3505,83,72,11,11
3506,106,95,11,11
3507,83,79,4,4
3508,94,74,20,20
3509,101,77,24,24
3510,112,100,12,12
3511,56,61,-5,5
3512,106,100,6,6
3513,93,80,13,13
3514,83,80,3,3
3515,60,58,2,2
3516,116,99,17,17
3517,127,101,26,26
3518,65,65,0,0
3519,134,124,10,10
3520,45,52,-7,7
3521,74,71,3,3
3522,107,97,10,10
3523,97,85,12,12
3524,145,131,14,14
3525,101,93,8,8
3526,104,73,31,31
3527,90,83,7,7
3528,98,83,15,15
3529,107,102,5,5
3530,66,60,6,6
3531,76,77,-1,1
3532,39,35,4,4
3533,89,78,11,11
3534,47,46,1,1
3535,68,71,-3,3
3536,47,48,-1,1
3537,194,155,39,39
3538,107,106,1,1
3539,155,137,18,18
3540,163,143,20,20
3541,93,74,19,19
3542,124,115,9,9
3543,28,34,-6,6
3544,101,98,3,3
3545,70,63,7,7
3546,61,57,4,4
3547,92,75,17,17
3548,78,70,8,8
3549,51,52,-1,1
3550,99,91,8,8
3551,95,85,10,10
3552,137,110,27,27
3553,90,78,12,12
3554,84,77,7,7
3555,72,70,2,2
3556,83,80,3,3
3557,94,84,10,10
3558,86,69,17,17
3559,86,71,15,15
3560,87,81,6,6
3561,104,101,3,3
3562,58,54,4,4
3563,50,56,-6,6
3564,44,43,1,1
3565,83,72,11,11
3566,97,78,19,19
3567,146,120,26,26
3568,147,119,28,28
3569,107,94,13,13
3570,117,96,21,21
3571,152,145,7,7
3572,130,101,29,29
3573,157,135,22,22
3574,268,221,47,47
3575,90,76,14,14
3576,101,95,6,6
3577,73,65,8,8
3578,120,106,14,14
3579,86,77,9,9
3580,144,118,26,26
3581,97,86,11,11
3582,93,80,13,13
3583,49,45,4,4
3584,97,89,8,8
3585,99,78,21,21
3586,63,53,10,10
3587,135,114,21,21
3588,66,61,5,5
3589,71,65,6,6
3590,74,63,11,11
3591,160,134,26,26
3592,52,52,0,0
3593,84,69,15,15
3594,127,121,6,6
3595,82,73,9,9
3596,80,73,7,7
3597,108,99,9,9
3598,104,101,3,3
3599,106,88,18,18
3600,154,133,21,21
3601,54,48,6,6
3602,91,91,0,0
3603,115,116,-1,1
3604,98,95,3,3
3605,117,106,11,11
3606,46,41,5,5
3607,93,86,7,7
3608,50,47,3,3
3609,110,135,-25,25
3610,101,89,12,12
3611,121,99,22,22
3612,129,123,6,6
3613,123,102,21,21
3614,55,53,2,2
3615,97,76,21,21
3616,102,93,9,9
3617,127,121,6,6
3618,66,61,5,5
3619,75,66,9,9
3620,125,120,5,5
3621,75,63,12,12
3622,137,134,3,3
3623,76,68,8,8
3624,80,61,19,19
3625,93,81,12,12
3626,213,188,25,25
3627,73,63,10,10
3628,99,86,13,13
3629,152,137,15,15
3630,110,99,11,11
3631,53,52,1,1
3632,83,66,17,17
3633,94,88,6,6
3634,60,53,7,7
3635,150,131,19,19
3636,146,123,23,23
3637,156,155,1,1
3638,99,88,11,11
3639,66,56,10,10
3640,85,70,15,15
3641,68,77,-9,9
3642,174,153,21,21
3643,112,91,21,21
3644,102,95,7,7
3645,96,84,12,12
3646,123,110,13,13
3647,62,61,1,1
3648,42,38,4,4
3649,84,71,13,13
3650,99,103,-4,4
3651,96,91,5,5
3652,94,79,15,15
3653,88,78,10,10
3654,113,96,17,17
3655,136,129,7,7
3656,51,54,-3,3
3657,82,81,1,1
3658,103,81,22,22
3659,109,93,16,16
3660,39,44,-5,5
3661,66,54,12,12
3662,68,56,12,12
3663,97,82,15,15
3664,85,72,13,13
3665,123,105,18,18
3666,134,123,11,11
3667,171,150,21,21
3668,88,82,6,6
3669,83,67,16,16
3670,52,50,2,2
3671,90,79,11,11
3672,75,65,10,10
3673,80,70,10,10
3674,85,74,11,11
3675,113,115,-2,2
3676,85,61,24,24
3677,124,109,15,15
3678,126,106,20,20
3679,136,110,26,26
3680,111,99,12,12
3681,122,102,20,20
3682,84,75,9,9
3683,53,43,10,10
3684,83,74,9,9
3685,132,119,13,13
3686,133,124,9,9
3687,96,82,14,14
3688,53,47,6,6
3689,87,89,-2,2
3690,63,56,7,7
3691,92,72,20,20
3692,73,73,0,0
3693,142,120,22,22
3694,93,66,27,27
3695,69,59,10,10
3696,59,51,8,8
3697,120,115,5,5
3698,52,46,6,6
3699,50,47,3,3
3700,80,79,1,1
3701,68,62,6,6
3702,73,64,9,9
3703,245,181,64,64
3704,147,138,9,9
3705,75,68,7,7
3706,59,59,0,0
3707,84,72,12,12
3708,92,79,13,13
3709,146,127,19,19
3710,183,162,21,21
3711,64,62,2,2
3712,101,79,22,22
3713,102,91,11,11
3714,117,102,15,15
3715,178,164,14,14
3716,143,109,34,34
3717,68,68,0,0
3718,90,73,17,17
3719,48,40,8,8
3720,74,65,9,9
3721,63,53,10,10
3722,74,68,6,6
3723,83,78,5,5
3724,89,84,5,5
3725,112,95,17,17
3726,89,87,2,2
3727,71,59,12,12
3728,72,68,4,4
3729,66,58,8,8
3730,173,161,12,12
3731,139,130,9,9
3732,94,90,4,4
3733,48,44,4,4
3734,102,95,7,7
3735,69,63,6,6
3736,67,56,11,11
3737,91,83,8,8
3738,109,102,7,7
3739,39,40,-1,1
3740,146,124,22,22
3741,103,94,9,9
3742,149,140,9,9
3743,78,59,19,19
3744,78,74,4,4
3745,76,59,17,17
3746,81,76,5,5
3747,155,143,12,12
3748,76,71,5,5
3749,113,100,13,13
3750,87,77,10,10
3751,81,63,18,18
3752,82,73,9,9
3753,107,101,6,6
3754,148,136,12,12
3755,57,57,0,0
3756,73,64,9,9
3757,112,95,17,17
3758,48,44,4,4
3759,77,77,0,0
3760,142,117,25,25
3761,142,119,23,23
3762,122,112,10,10
3763,67,54,13,13
3764,132,107,25,25
3765,134,141,-7,7
3766,96,78,18,18
3767,70,64,6,6
3768,84,72,12,12
3769,108,90,18,18
3770,159,141,18,18
3771,114,111,3,3
3772,71,67,4,4
3773,88,86,2,2
3774,95,82,13,13
3775,36,32,4,4
3776,99,92,7,7
3777,54,53,1,1
3778,148,124,24,24
3779,75,59,16,16
3780,64,63,1,1
3781,170,150,20,20
3782,176,150,26,26
3783,143,119,24,24
3784,108,87,21,21
3785,94,149,-55,55
3786,102,105,-3,3
3787,92,88,4,4
3788,132,126,6,6
3789,84,77,7,7
3790,152,135,17,17
3791,94,75,19,19
3792,103,93,10,10
3793,122,109,13,13
3794,79,76,3,3
3795,81,60,21,21
3796,81,76,5,5
3797,65,53,12,12
3798,90,69,21,21
3799,85,78,7,7
3800,74,66,8,8
3801,110,95,15,15
3802,62,56,6,6
3803,132,121,11,11
3804,94,84,10,10
3805,77,66,11,11
3806,69,67,2,2
3807,90,80,10,10
3808,58,52,6,6
3809,101,96,5,5
3810,72,73,-1,1
3811,49,60,-11,11
3812,120,111,9,9
3813,60,62,-2,2
3814,140,140,0,0
3815,53,46,7,7
3816,66,59,7,7
3817,60,55,5,5
3818,103,95,8,8
3819,92,85,7,7
3820,158,126,32,32
3821,71,88,-17,17
3822,73,68,5,5
3823,66,65,1,1
3824,149,133,16,16
3825,146,129,17,17
3826,68,54,14,14
3827,108,99,9,9
3828,54,52,2,2
3829,70,60,10,10
3830,98,86,12,12
3831,112,99,13,13
3832,64,59,5,5
3833,96,87,9,9
3834,124,122,2,2
3835,73,68,5,5
3836,75,67,8,8
3837,97,85,12,12
3838,100,89,11,11
3839,153,159,-6,6
3840,145,133,12,12
3841,98,80,18,18
3842,114,93,21,21
3843,111,86,25,25
3844,68,67,1,1
3845,60,56,4,4
3846,87,92,-5,5
3847,74,61,13,13
3848,54,55,-1,1
3849,77,67,10,10
3850,63,54,9,9
3851,120,101,19,19
3852,107,87,20,20
3853,75,70,5,5
3854,96,90,6,6
3855,50,43,7,7
3856,152,121,31,31
3857,133,117,16,16
3858,140,126,14,14
3859,63,54,9,9
3860,82,81,1,1
3861,101,101,0,0
3862,78,70,8,8
3863,101,83,18,18
3864,74,64,10,10
3865,104,88,16,16
3866,97,89,8,8
3867,55,60,-5,5
3868,166,146,20,20
3869,110,89,21,21
3870,76,88,-12,12
3871,81,73,8,8
3872,128,114,14,14
3873,108,95,13,13
3874,68,57,11,11
3875,86,78,8,8
3876,79,74,5,5
3877,65,58,7,7
3878,148,134,14,14
3879,165,138,27,27
3880,96,90,6,6
3881,61,53,8,8
3882,86,70,16,16
3883,65,59,6,6
3884,124,117,7,7
3885,94,80,14,14
3886,55,52,3,3
3887,71,61,10,10
3888,132,108,24,24
3889,55,50,5,5
3890,97,101,-4,4
3891,96,90,6,6
3892,101,85,16,16
3893,100,77,23,23
3894,78,64,14,14
3895,132,125,7,7
3896,73,69,4,4
3897,93,72,21,21
3898,51,45,6,6
3899,136,121,15,15
3900,80,64,16,16
3901,159,157,2,2
3902,151,131,20,20
3903,64,55,9,9
3904,75,68,7,7
3905,151,117,34,34
3906,72,70,2,2
3907,113,86,27,27
3908,88,81,7,7
3909,93,82,11,11
3910,62,64,-2,2
3911,59,61,-2,2
3912,104,92,12,12
3913,133,111,22,22
3914,66,71,-5,5
3915,90,88,2,2
3916,98,84,14,14
3917,181,134,47,47
3918,68,54,14,14
3919,81,69,12,12
3920,148,131,17,17
3921,92,71,21,21
3922,109,94,15,15
3923,176,159,17,17
3924,236,188,48,48
3925,112,96,16,16
3926,74,66,8,8
3927,82,65,17,17
3928,78,73,5,5
3929,83,74,9,9
3930,89,83,6,6
3931,95,84,11,11
3932,177,156,21,21
3933,53,55,-2,2
3934,94,92,2,2
3935,104,92,12,12
3936,63,52,11,11
3937,94,84,10,10
3938,95,84,11,11
3939,122,104,18,18
3940,135,116,19,19
3941,170,137,33,33
3942,104,108,-4,4
3943,153,126,27,27
3944,70,87,-17,17
3945,124,105,19,19
3946,81,69,12,12
3947,143,126,17,17
3948,86,86,0,0
3949,87,73,14,14
3950,92,87,5,5
3951,111,96,15,15
3952,73,66,7,7
3953,83,64,19,19
3954,117,102,15,15
3955,92,81,11,11
3956,70,69,1,1
3957,107,93,14,14
3958,62,60,2,2
3959,96,83,13,13
3960,93,81,12,12
3961,50,53,-3,3
3962,61,55,6,6
3963,118,112,6,6
3964,117,101,16,16
3965,116,99,17,17
3966,183,156,27,27
3967,56,60,-4,4
3968,67,57,10,10
3969,81,64,17,17
3970,117,99,18,18
3971,98,84,14,14
3972,63,55,8,8
3973,62,52,10,10
3974,84,85,-1,1
3975,156,137,19,19
3976,105,87,18,18
3977,89,76,13,13
3978,132,125,7,7
3979,106,99,7,7
3980,111,105,6,6
3981,150,142,8,8
3982,95,93,2,2
3983,20,36,-16,16
3984,99,89,10,10
3985,103,93,10,10
3986,73,76,-3,3
3987,83,64,19,19
3988,69,56,13,13
3989,130,116,14,14
3990,106,95,11,11
3991,104,82,22,22
3992,125,121,4,4
3993,121,91,30,30
3994,190,164,26,26
3995,116,105,11,11
3996,87,94,-7,7
3997,71,66,5,5
3998,71,71,0,0
3999,146,142,4,4
4000,97,88,9,9
4001,98,84,14,14
4002,127,115,12,12
4003,74,68,6,6
4004,47,37,10,10
4005,92,81,11,11
4006,82,70,12,12
4007,118,102,16,16
4008,137,106,31,31
4009,101,85,16,16
4010,51,46,5,5
4011,88,84,4,4
4012,177,145,32,32
4013,82,71,11,11
4014,90,83,7,7
4015,99,84,15,15
4016,83,75,8,8
4017,104,87,17,17
4018,83,71,12,12
4019,57,66,-9,9
4020,155,141,14,14
4021,107,86,21,21
4022,72,67,5,5
4023,72,59,13,13
4024,102,92,10,10
4025,90,78,12,12
4026,111,92,19,19
4027,123,103,20,20
4028,46,39,7,7
4029,81,70,11,11
4030,95,73,22,22
4031,125,106,19,19
4032,105,89,16,16
4033,74,64,10,10
4034,166,139,27,27
4035,96,88,8,8
4036,70,56,14,14
4037,56,33,23,23
4038,66,54,12,12
4039,85,76,9,9
4040,46,43,3,3
4041,47,54,-7,7
4042,68,68,0,0
4043,130,115,15,15
4044,141,128,13,13
4045,95,82,13,13
4046,111,89,22,22
4047,50,46,4,4
4048,111,106,5,5
4049,100,94,6,6
4050,72,61,11,11
4051,80,73,7,7
4052,120,98,22,22
4053,180,157,23,23
4054,39,38,1,1
4055,103,103,0,0
4056,95,84,11,11
4057,146,141,5,5
4058,110,97,13,13
4059,48,35,13,13
4060,83,89,-6,6
4061,66,73,-7,7
4062,86,79,7,7
4063,79,71,8,8
4064,113,107,6,6
4065,114,100,14,14
4066,86,70,16,16
4067,165,145,20,20
4068,69,71,-2,2
4069,124,114,10,10
4070,103,98,5,5
4071,76,58,18,18
4072,118,106,12,12
4073,157,137,20,20
4074,107,94,13,13
4075,170,136,34,34
4076,58,52,6,6
4077,59,57,2,2
4078,124,102,22,22
4079,142,114,28,28
4080,105,107,-2,2
4081,116,102,14,14
4082,140,124,16,16
4083,92,76,16,16
4084,130,122,8,8
4085,113,103,10,10
4086,129,129,0,0
4087,73,72,1,1
4088,100,88,12,12
4089,87,87,0,0
4090,75,64,11,11
4091,87,78,9,9
4092,113,89,24,24
4093,64,61,3,3
4094,83,71,12,12
4095,75,67,8,8
4096,124,118,6,6
4097,87,74,13,13
4098,63,60,3,3
4099,78,67,11,11
4100,86,78,8,8
4101,104,100,4,4
4102,95,93,2,2
4103,119,115,4,4
4104,99,93,6,6
4105,54,49,5,5
4106,73,61,12,12
4107,71,66,5,5
4108,83,71,12,12
4109,182,141,41,41
4110,74,80,-6,6
4111,133,118,15,15
4112,80,67,13,13
4113,98,95,3,3
4114,98,92,6,6
4115,96,81,15,15
4116,84,66,18,18
4117,199,183,16,16
4118,153,128,25,25
4119,121,120,1,1
4120,104,104,0,0
4121,79,75,4,4
4122,109,88,21,21
4123,74,70,4,4
4124,48,49,-1,1
4125,127,111,16,16
4126,77,70,7,7
4127,57,56,1,1
4128,88,75,13,13
4129,76,66,10,10
4130,120,110,10,10
4131,86,83,3,3
4132,62,64,-2,2
4133,60,52,8,8
4134,83,71,12,12
4135,90,80,10,10
4136,69,63,6,6
4137,65,57,8,8
4138,97,83,14,14
4139,107,91,16,16
4140,131,124,7,7
4141,118,100,18,18
4142,107,115,-8,8
4143,72,72,0,0
4144,153,139,14,14
4145,83,73,10,10
4146,55,49,6,6
4147,106,94,12,12
4148,97,96,1,1
4149,176,154,22,22
4150,139,115,24,24
4151,84,85,-1,1
4152,112,93,19,19
4153,58,60,-2,2
4154,119,104,15,15
4155,75,69,6,6
4156,155,139,16,16
4157,71,57,14,14
4158,150,124,26,26
4159,94,87,7,7
4160,54,54,0,0
4161,70,64,6,6
4162,125,104,21,21
4163,36,35,1,1
4164,78,73,5,5
4165,96,84,12,12
4166,100,88,12,12
4167,106,91,15,15
4168,129,107,22,22
4169,39,38,1,1
4170,44,40,4,4
4171,97,84,13,13
4172,80,79,1,1
4173,52,47,5,5
4174,102,89,13,13
4175,101,83,18,18
4176,90,78,12,12
4177,151,132,19,19
4178,82,69,13,13
4179,117,102,15,15
4180,63,66,-3,3
4181,135,120,15,15
4182,71,60,11,11
4183,96,97,-1,1
4184,123,110,13,13
4185,75,64,11,11
4186,60,59,1,1
4187,103,95,8,8
4188,59,52,7,7
4189,116,112,4,4
4190,92,82,10,10
4191,76,52,24,24
4192,53,43,10,10
4193,107,102,5,5
4194,70,63,7,7
4195,101,88,13,13
4196,88,74,14,14
4197,84,78,6,6
4198,26,48,-22,22
4199,107,100,7,7
4200,121,107,14,14
4201,66,61,5,5
4202,75,73,2,2
4203,140,138,2,2
4204,87,77,10,10
4205,57,47,10,10
4206,100,89,11,11
4207,183,151,32,32
4208,131,115,16,16
4209,98,116,-18,18
4210,70,64,6,6
4211,80,67,13,13
4212,112,103,9,9
4213,164,156,8,8
4214,112,86,26,26
4215,49,44,5,5
4216,69,65,4,4
4217,64,64,0,0
4218,78,75,3,3
4219,116,114,2,2
4220,113,95,18,18
4221,123,116,7,7
4222,101,96,5,5
4223,100,96,4,4
4224,84,69,15,15
4225,114,99,15,15
4226,109,88,21,21
4227,52,43,9,9
4228,115,96,19,19
4229,106,96,10,10
4230,93,82,11,11
4231,69,69,0,0
4232,149,132,17,17
4233,87,77,10,10
4234,103,91,12,12
4235,106,99,7,7
4236,76,85,-9,9
4237,124,122,2,2
4238,115,108,7,7
4239,82,72,10,10
4240,152,149,3,3
4241,138,124,14,14
4242,196,166,30,30
4243,133,103,30,30
4244,146,133,13,13
4245,105,101,4,4
4246,92,91,1,1
4247,71,62,9,9
4248,97,91,6,6
4249,70,67,3,3
4250,107,107,0,0
4251,80,75,5,5
4252,63,66,-3,3
4253,75,66,9,9
4254,75,68,7,7
4255,75,69,6,6
4256,104,80,24,24
4257,152,128,24,24
4258,71,58,13,13
4259,107,93,14,14
4260,161,139,22,22
4261,71,69,2,2
4262,91,76,15,15
4263,98,85,13,13
4264,108,98,10,10
4265,78,66,12,12
4266,116,109,7,7
4267,108,83,25,25
4268,81,71,10,10
4269,65,65,0,0
4270,111,103,8,8
4271,70,61,9,9
4272,55,50,5,5
4273,102,87,15,15
4274,102,93,9,9
4275,56,51,5,5
4276,100,79,21,21
4277,47,40,7,7
4278,145,125,20,20
4279,108,95,13,13
4280,143,125,18,18
4281,123,110,13,13
4282,172,148,24,24
4283,60,61,-1,1
4284,105,89,16,16
4285,46,41,5,5
4286,80,60,20,20
4287,114,108,6,6
4288,189,165,24,24
4289,82,67,15,15
4290,126,114,12,12
4291,157,132,25,25
4292,147,158,-11,11
4293,27,57,-30,30
4294,79,67,12,12
4295,75,65,10,10
4296,65,56,9,9
4297,68,58,10,10
4298,126,108,18,18
4299,133,112,21,21
4300,101,76,25,25
4301,80,68,12,12
4302,103,87,16,16
4303,95,82,13,13
4304,103,98,5,5
4305,113,100,13,13
4306,42,36,6,6
4307,85,77,8,8
4308,82,75,7,7
4309,104,93,11,11
4310,85,67,18,18
4311,107,75,32,32
4312,78,65,13,13
4313,66,56,10,10
4314,108,95,13,13
4315,90,90,0,0
4316,88,80,8,8
4317,59,53,6,6
4318,79,68,11,11
4319,69,67,2,2
4320,135,121,14,14
4321,96,102,-6,6
4322,148,136,12,12
4323,31,32,-1,1
4324,65,65,0,0
4325,86,78,8,8
4326,47,41,6,6
4327,83,69,14,14
4328,170,160,10,10
4329,63,59,4,4
4330,110,96,14,14
4331,182,154,28,28
4332,141,128,13,13
4333,94,87,7,7
4334,81,75,6,6
4335,87,79,8,8
4336,131,117,14,14
4337,117,93,24,24
4338,64,52,12,12
4339,150,155,-5,5
4340,93,91,2,2
4341,88,77,11,11
4342,90,83,7,7
4343,86,79,7,7
4344,96,99,-3,3
4345,173,145,28,28
4346,104,89,15,15
4347,44,44,0,0
4348,81,69,12,12
4349,71,58,13,13
4350,77,57,20,20
4351,82,64,18,18
4352,196,165,31,31
4353,126,110,16,16
4354,100,89,11,11
4355,159,138,21,21
4356,61,59,2,2
4357,54,52,2,2
4358,73,59,14,14
4359,73,71,2,2
4360,88,71,17,17
4361,136,121,15,15
4362,94,85,9,9
4363,164,169,-5,5
4364,100,92,8,8
4365,126,109,17,17
4366,50,45,5,5
4367,79,73,6,6
4368,94,105,-11,11
4369,110,108,2,2
4370,144,122,22,22
4371,62,51,11,11
4372,92,87,5,5
4373,59,56,3,3
4374,279,217,62,62
4375,149,130,19,19
4376,61,68,-7,7
4377,72,79,-7,7
4378,64,61,3,3
4379,142,126,16,16
4380,56,48,8,8
4381,140,133,7,7
4382,221,182,39,39
4383,111,90,21,21
4384,93,78,15,15
4385,110,103,7,7
4386,83,64,19,19
4387,65,69,-4,4
4388,154,140,14,14
4389,92,79,13,13
4390,144,123,21,21
4391,102,93,9,9
4392,131,112,19,19
4393,98,83,15,15
4394,104,92,12,12
4395,95,87,8,8
4396,108,103,5,5
4397,89,78,11,11
4398,139,133,6,6
4399,116,100,16,16
4400,58,54,4,4
4401,140,130,10,10
4402,89,82,7,7
4403,103,92,11,11
4404,67,77,-10,10
4405,62,56,6,6
4406,162,147,15,15
4407,77,68,9,9
4408,99,90,9,9
4409,92,71,21,21
4410,105,97,8,8
4411,99,85,14,14
4412,82,85,-3,3
4413,139,116,23,23
4414,99,88,11,11
4415,82,77,5,5
4416,95,90,5,5
4417,101,86,15,15
4418,85,82,3,3
4419,102,88,14,14
4420,133,123,10,10
4421,76,68,8,8
4422,126,117,9,9
4423,101,89,12,12
4424,119,96,23,23
4425,152,144,8,8
4426,136,107,29,29
4427,87,78,9,9
4428,116,86,30,30
4429,60,55,5,5
4430,96,85,11,11
4431,76,70,6,6
4432,128,111,17,17
4433,85,75,10,10
4434,84,81,3,3
4435,153,128,25,25
4436,72,60,12,12
4437,73,60,13,13
4438,108,87,21,21
4439,73,67,6,6
4440,94,83,11,11
4441,86,73,13,13
4442,89,75,14,14
4443,56,52,4,4
4444,195,168,27,27
4445,70,62,8,8
4446,64,58,6,6
4447,96,82,14,14
4448,103,97,6,6
4449,131,115,16,16
4450,93,78,15,15
4451,122,114,8,8
4452,54,47,7,7
4453,67,68,-1,1
4454,66,53,13,13
4455,110,102,8,8
4456,108,93,15,15
4457,119,111,8,8
4458,80,61,19,19
4459,60,60,0,0
4460,88,74,14,14
4461,123,98,25,25
4462,59,55,4,4
4463,103,81,22,22
4464,93,86,7,7
4465,90,78,12,12
4466,157,138,19,19
4467,94,83,11,11
4468,79,51,28,28
4469,131,117,14,14
4470,50,43,7,7
4471,111,95,16,16
4472,106,98,8,8
4473,104,91,13,13
4474,94,89,5,5
4475,71,57,14,14
4476,168,141,27,27
4477,102,104,-2,2
4478,58,60,-2,2
4479,49,47,2,2
4480,96,78,18,18
4481,74,66,8,8
4482,135,124,11,11
4483,171,149,22,22
4484,70,65,5,5
4485,118,110,8,8
4486,90,71,19,19
4487,101,107,-6,6
4488,97,85,12,12
4489,107,91,16,16
4490,87,74,13,13
4491,43,42,1,1
4492,79,67,12,12
4493,106,90,16,16
4494,39,34,5,5
4495,178,150,28,28
4496,74,72,2,2
4497,36,33,3,3
4498,68,63,5,5
4499,114,91,23,23
4500,80,75,5,5
4501,109,108,1,1
4502,128,110,18,18
4503,87,84,3,3
4504,110,102,8,8
4505,100,81,19,19
4506,128,116,12,12
4507,136,122,14,14
4508,129,120,9,9
4509,122,109,13,13
4510,102,89,13,13
4511,109,97,12,12
4512,58,56,2,2
4513,122,105,17,17
4514,90,78,12,12
4515,57,45,12,12
4516,107,93,14,14
4517,168,147,21,21
4518,98,90,8,8
4519,120,102,18,18
4520,74,67,7,7
4521,88,78,10,10
4522,96,77,19,19
4523,64,61,3,3
4524,55,50,5,5
4525,94,81,13,13
4526,148,128,20,20
4527,92,95,-3,3
4528,95,95,0,0
4529,110,96,14,14
4530,83,66,17,17
4531,139,123,16,16
4532,108,85,23,23
4533,78,69,9,9
4534,78,70,8,8
4535,98,88,10,10
4536,104,91,13,13
4537,68,57,11,11
4538,103,93,10,10
4539,66,51,15,15
4540,100,88,12,12
4541,123,114,9,9
4542,74,70,4,4
4543,136,115,21,21
4544,47,41,6,6
4545,92,83,9,9
4546,122,104,18,18
4547,125,121,4,4
4548,122,99,23,23
4549,61,54,7,7
4550,82,91,-9,9
4551,112,100,12,12
4552,48,35,13,13
4553,146,138,8,8
4554,67,52,15,15
4555,115,100,15,15
4556,165,154,11,11
4557,87,87,0,0
4558,40,35,5,5
4559,55,46,9,9
4560,127,108,19,19
4561,70,65,5,5
4562,99,94,5,5
4563,45,44,1,1
4564,95,82,13,13
4565,80,73,7,7
4566,47,45,2,2
4567,99,105,-6,6
4568,118,109,9,9
4569,104,96,8,8
4570,75,70,5,5
4571,90,79,11,11
4572,82,76,6,6
4573,163,137,26,26
4574,93,85,8,8
4575,166,164,2,2
4576,69,70,-1,1
4577,122,118,4,4
4578,148,140,8,8
4579,56,47,9,9
4580,66,54,12,12
4581,83,85,-2,2
4582,63,52,11,11
4583,108,89,19,19
4584,123,93,30,30
4585,161,154,7,7
4586,83,92,-9,9
4587,49,40,9,9
4588,78,69,9,9
4589,101,94,7,7
4590,38,38,0,0
4591,98,86,12,12
4592,174,141,33,33
4593,75,66,9,9
4594,56,50,6,6
4595,138,114,24,24
4596,38,39,-1,1
4597,51,43,8,8
4598,69,56,13,13
4599,98,90,8,8
4600,87,80,7,7
4601,88,76,12,12
4602,156,144,12,12
4603,140,125,15,15
4604,92,84,8,8
4605,49,50,-1,1
4606,82,78,4,4
4607,217,222,-5,5
4608,99,91,8,8
4609,110,91,19,19
4610,79,73,6,6
4611,69,59,10,10
4612,87,67,20,20
4613,84,73,11,11
4614,77,63,14,14
4615,78,66,12,12
4616,100,95,5,5
4617,112,99,13,13
4618,130,110,20,20
4619,137,110,27,27
4620,125,105,20,20
4621,86,78,8,8
4622,152,132,20,20
4623,96,98,-2,2
4624,111,100,11,11
4625,99,94,5,5
4626,56,48,8,8
4627,211,194,17,17
4628,109,106,3,3
4629,137,126,11,11
4630,74,69,5,5
4631,120,113,7,7
4632,81,77,4,4
4633,71,67,4,4
4634,88,75,13,13
4635,111,96,15,15
4636,197,174,23,23
4637,85,74,11,11
4638,112,101,11,11
4639,44,51,-7,7
4640,86,79,7,7
4641,72,76,-4,4
4642,59,53,6,6
4643,82,80,2,2
4644,69,59,10,10
4645,91,78,13,13
4646,142,129,13,13
4647,84,58,26,26
4648,81,73,8,8
4649,101,88,13,13
4650,190,151,39,39
4651,107,93,14,14
4652,119,110,9,9
4653,77,66,11,11
4654,152,138,14,14
4655,64,48,16,16
4656,77,69,8,8
4657,51,45,6,6
4658,77,70,7,7
4659,84,83,1,1
4660,60,56,4,4
4661,107,91,16,16
4662,87,90,-3,3
4663,116,116,0,0
4664,160,128,32,32
4665,116,104,12,12
4666,84,72,12,12
4667,113,105,8,8
4668,105,94,11,11
4669,55,43,12,12
4670,91,87,4,4
4671,113,96,17,17
4672,62,50,12,12
4673,75,67,8,8
4674,45,36,9,9
4675,177,143,34,34
4676,131,125,6,6
4677,112,100,12,12
4678,127,126,1,1
4679,146,115,31,31
4680,138,124,14,14
4681,93,87,6,6
4682,65,62,3,3
4683,168,159,9,9
4684,112,112,0,0
4685,149,125,24,24
4686,140,134,6,6
4687,94,86,8,8
4688,141,126,15,15
4689,75,74,1,1
4690,134,114,20,20
4691,95,76,19,19
4692,119,92,27,27
4693,95,90,5,5
4694,65,58,7,7
4695,95,90,5,5
4696,97,89,8,8
4697,132,120,12,12
4698,87,76,11,11
4699,124,106,18,18
4700,115,107,8,8
4701,45,41,4,4
4702,110,95,15,15
4703,57,56,1,1
4704,126,94,32,32
4705,50,43,7,7
4706,132,122,10,10
4707,71,62,9,9
4708,88,74,14,14
4709,91,92,-1,1
4710,79,70,9,9
4711,47,40,7,7
4712,103,101,2,2
4713,38,38,0,0
4714,68,56,12,12
4715,130,111,19,19
4716,157,145,12,12
4717,99,88,11,11
4718,62,53,9,9
4719,79,73,6,6
4720,74,67,7,7
4721,154,127,27,27
4722,36,51,-15,15
4723,81,74,7,7
4724,69,61,8,8
4725,39,38,1,1
4726,106,97,9,9
4727,141,122,19,19
4728,71,64,7,7
4729,108,97,11,11
4730,142,124,18,18
4731,43,41,2,2
4732,109,107,2,2
4733,72,64,8,8
4734,110,92,18,18
4735,84,84,0,0
4736,88,74,14,14
4737,156,136,20,20
4738,106,102,4,4
4739,160,144,16,16
4740,105,92,13,13
4741,231,196,35,35
4742,111,93,18,18
4743,53,51,2,2
4744,124,118,6,6
4745,105,98,7,7
4746,144,134,10,10
4747,83,80,3,3
4748,81,75,6,6
4749,96,87,9,9
4750,143,124,19,19
4751,118,98,20,20
4752,77,70,7,7
4753,116,103,13,13
4754,116,69,47,47
4755,76,68,8,8
4756,73,67,6,6
4757,92,75,17,17
4758,89,74,15,15
4759,58,48,10,10
4760,70,62,8,8
4761,134,117,17,17
4762,73,72,1,1
4763,139,120,19,19
4764,59,59,0,0
4765,59,51,8,8
4766,72,68,4,4
4767,81,72,9,9
4768,96,87,9,9
4769,190,169,21,21
4770,131,111,20,20
4771,188,178,10,10
4772,141,140,1,1
4773,103,89,14,14
4774,65,72,-7,7
4775,86,77,9,9
4776,64,54,10,10
4777,115,108,7,7
4778,58,63,-5,5
4779,150,130,20,20
4780,70,63,7,7
4781,91,81,10,10
4782,104,91,13,13
4783,78,73,5,5
4784,57,52,5,5
4785,117,100,17,17
4786,82,72,10,10
4787,50,49,1,1
4788,76,72,4,4
4789,64,58,6,6
4790,140,128,12,12
4791,88,83,5,5
4792,41,36,5,5
4793,56,66,-10,10
4794,161,153,8,8
4795,107,76,31,31
4796,94,86,8,8
4797,71,57,14,14
4798,163,139,24,24
4799,99,82,17,17
4800,30,33,-3,3
4801,99,79,20,20
4802,161,129,32,32
4803,82,76,6,6
4804,92,82,10,10
4805,152,118,34,34
4806,131,99,32,32
4807,99,84,15,15
4808,50,47,3,3
4809,80,76,4,4
4810,99,88,11,11
4811,69,60,9,9
4812,67,68,-1,1
4813,143,114,29,29
4814,68,60,8,8
4815,65,63,2,2
4816,94,89,5,5
4817,55,52,3,3
4818,94,83,11,11
4819,45,40,5,5
4820,140,127,13,13
4821,65,53,12,12
4822,62,56,6,6
4823,94,89,5,5
4824,129,112,17,17
4825,123,112,11,11
4826,80,72,8,8
4827,86,72,14,14
4828,112,105,7,7
4829,89,79,10,10
4830,72,62,10,10
4831,65,62,3,3
4832,90,82,8,8
4833,71,73,-2,2
4834,107,101,6,6
4835,140,124,16,16
4836,57,57,0,0
4837,104,93,11,11
4838,56,61,-5,5
4839,103,91,12,12
4840,104,91,13,13
4841,78,69,9,9
4842,126,110,16,16
4843,101,83,18,18
4844,85,83,2,2
4845,72,57,15,15
4846,57,55,2,2
4847,51,58,-7,7
4848,102,95,7,7
4849,85,78,7,7
4850,71,61,10,10
4851,87,76,11,11
4852,74,66,8,8
4853,104,92,12,12
4854,102,93,9,9
4855,181,156,25,25
4856,130,114,16,16
4857,75,78,-3,3
4858,102,91,11,11
4859,56,51,5,5
4860,72,66,6,6
4861,90,85,5,5
4862,66,67,-1,1
4863,82,69,13,13
4864,139,146,-7,7
4865,97,68,29,29
4866,83,76,7,7
4867,71,73,-2,2
4868,81,65,16,16
4869,80,63,17,17
4870,152,139,13,13
4871,54,50,4,4
4872,51,49,2,2
4873,142,114,28,28
4874,134,128,6,6
4875,253,255,-2,2
4876,85,92,-7,7
4877,274,209,65,65
4878,180,146,34,34
4879,85,82,3,3
4880,68,70,-2,2
4881,126,114,12,12
4882,147,128,19,19
4883,67,60,7,7
4884,58,58,0,0
4885,146,132,14,14
4886,170,150,20,20
4887,80,80,0,0
4888,117,106,11,11
4889,72,63,9,9
4890,52,50,2,2
4891,92,84,8,8
4892,88,78,10,10
4893,106,97,9,9
4894,93,81,12,12
4895,151,135,16,16
4896,90,82,8,8
4897,71,64,7,7
4898,63,60,3,3
4899,171,140,31,31
4900,83,67,16,16
4901,125,106,19,19
4902,123,102,21,21
4903,119,101,18,18
4904,100,88,12,12
4905,97,100,-3,3
4906,82,66,16,16
4907,104,98,6,6
4908,84,74,10,10
4909,133,127,6,6
4910,66,60,6,6
4911,328,253,75,75
4912,66,60,6,6
4913,129,110,19,19
4914,60,55,5,5
4915,107,110,-3,3
4916,88,70,18,18
4917,92,98,-6,6
4918,97,73,24,24
4919,95,88,7,7
4920,176,149,27,27
4921,93,83,10,10
4922,124,116,8,8
4923,80,68,12,12
4924,117,102,15,15
4925,92,79,13,13
4926,137,105,32,32
4927,160,144,16,16
4928,114,103,11,11
4929,78,60,18,18
4930,73,69,4,4
4931,62,52,10,10
4932,85,79,6,6
4933,52,45,7,7
4934,53,53,0,0
4935,98,78,20,20
4936,92,82,10,10
4937,100,89,11,11
4938,114,100,14,14
4939,139,129,10,10
4940,76,68,8,8
4941,119,101,18,18
4942,41,41,0,0
4943,53,48,5,5
4944,268,238,30,30
4945,66,58,8,8
4946,130,110,20,20
4947,115,99,16,16
4948,157,144,13,13
4949,50,51,-1,1
4950,75,63,12,12
4951,79,67,12,12
4952,85,76,9,9
4953,42,58,-16,16
4954,85,69,16,16
4955,95,84,11,11
4956,72,69,3,3
4957,90,92,-2,2
4958,81,70,11,11
4959,109,100,9,9
4960,146,138,8,8
4961,131,111,20,20
4962,138,119,19,19
4963,32,36,-4,4
4964,86,78,8,8
4965,76,77,-1,1
4966,73,70,3,3
4967,132,117,15,15
4968,136,124,12,12
4969,36,37,-1,1
4970,40,41,-1,1
4971,62,51,11,11
4972,99,95,4,4
4973,63,64,-1,1
4974,90,74,16,16
4975,63,68,-5,5
4976,63,59,4,4
4977,73,74,-1,1
4978,73,66,7,7
4979,120,99,21,21
4980,161,139,22,22
4981,74,60,14,14
4982,74,63,11,11
4983,49,44,5,5
4984,157,131,26,26
4985,123,109,14,14
4986,91,77,14,14
4987,115,92,23,23
4988,85,78,7,7
4989,66,60,6,6
4990,102,86,16,16
4991,98,88,10,10
4992,100,86,14,14
4993,105,112,-7,7
4994,84,82,2,2
4995,95,79,16,16
4996,108,87,21,21
4997,62,54,8,8
4998,116,108,8,8
4999,79,65,14,14
5000,73,56,17,17
5001,50,53,-3,3
5002,97,81,16,16
5003,145,119,26,26
5004,152,129,23,23
5005,134,111,23,23
5006,110,92,18,18
5007,114,100,14,14
5008,72,60,12,12
5009,113,100,13,13
5010,58,60,-2,2
5011,50,51,-1,1
5012,29,34,-5,5
5013,71,61,10,10
5014,90,84,6,6
5015,140,120,20,20
5016,123,106,17,17
5017,131,111,20,20
5018,50,44,6,6
5019,82,71,11,11
5020,77,74,3,3
5021,98,80,18,18
5022,83,65,18,18
5023,88,69,19,19
5024,122,100,22,22
5025,87,75,12,12
5026,107,96,11,11
5027,75,69,6,6
5028,89,83,6,6
5029,124,115,9,9
5030,105,93,12,12
5031,62,52,10,10
5032,125,104,21,21
5033,94,82,12,12
5034,91,87,4,4
5035,74,78,-4,4
5036,82,85,-3,3
5037,60,50,10,10
5038,69,61,8,8
5039,132,114,18,18
5040,76,67,9,9
5041,169,154,15,15
5042,101,91,10,10
5043,167,149,18,18
5044,79,75,4,4
5045,78,80,-2,2
5046,61,58,3,3
5047,137,109,28,28
5048,116,93,23,23
5049,77,74,3,3
5050,76,73,3,3
5051,157,153,4,4
5052,90,90,0,0
5053,79,65,14,14
5054,131,105,26,26
5055,118,95,23,23
5056,110,89,21,21
5057,151,124,27,27
5058,159,150,9,9
5059,95,86,9,9
5060,78,68,10,10
5061,107,105,2,2
5062,131,116,15,15
5063,87,83,4,4
5064,42,37,5,5
5065,66,60,6,6
5066,101,94,7,7
5067,140,121,19,19
5068,66,58,8,8
5069,43,37,6,6
5070,100,88,12,12
5071,120,96,24,24
5072,76,61,15,15
5073,121,119,2,2
5074,78,69,9,9
5075,121,107,14,14
5076,51,48,3,3
5077,101,96,5,5
5078,136,124,12,12
5079,107,108,-1,1
5080,106,97,9,9
5081,116,101,15,15
5082,89,76,13,13
5083,65,58,7,7
5084,154,130,24,24
5085,130,113,17,17
5086,98,78,20,20
5087,75,80,-5,5
5088,81,74,7,7
5089,82,77,5,5
5090,86,82,4,4
5091,93,86,7,7
5092,73,69,4,4
5093,76,69,7,7
5094,166,153,13,13
5095,98,88,10,10
5096,120,93,27,27
5097,67,63,4,4
5098,81,72,9,9
5099,170,155,15,15
5100,40,42,-2,2
5101,101,87,14,14
5102,80,69,11,11
5103,121,95,26,26
5104,58,44,14,14
5105,115,98,17,17
5106,63,55,8,8
5107,87,80,7,7
5108,148,142,6,6
5109,102,90,12,12
5110,79,67,12,12
5111,118,96,22,22
5112,92,81,11,11
5113,110,100,10,10
5114,131,119,12,12
5115,139,138,1,1
5116,68,64,4,4
5117,122,114,8,8
5118,140,119,21,21
5119,124,107,17,17
5120,103,86,17,17
5121,59,67,-8,8
5122,80,74,6,6
5123,131,112,19,19
5124,104,90,14,14
5125,155,132,23,23
5126,89,81,8,8
5127,68,70,-2,2
5128,79,70,9,9
5129,110,98,12,12
5130,54,52,2,2
5131,121,123,-2,2
5132,101,92,9,9
5133,109,105,4,4
5134,100,86,14,14
5135,132,119,13,13
5136,71,68,3,3
5137,89,82,7,7
5138,92,80,12,12
5139,91,81,10,10
5140,117,97,20,20
5141,100,86,14,14
5142,118,98,20,20
5143,160,123,37,37
5144,121,100,21,21
5145,88,85,3,3
5146,152,143,9,9
5147,56,47,9,9
5148,51,55,-4,4
5149,110,85,25,25
5150,79,75,4,4
5151,68,74,-6,6
5152,52,51,1,1
5153,129,120,9,9
5154,81,65,16,16
5155,39,33,6,6
5156,55,107,-52,52
5157,53,52,1,1
5158,92,84,8,8
5159,72,66,6,6
5160,103,94,9,9
5161,141,116,25,25
5162,82,77,5,5
5163,69,66,3,3
5164,168,145,23,23
5165,65,63,2,2
5166,76,71,5,5
5167,104,91,13,13
5168,89,80,9,9
5169,101,95,6,6
5170,53,49,4,4
5171,105,92,13,13
5172,90,72,18,18
5173,116,98,18,18
5174,137,119,18,18
5175,126,101,25,25
5176,43,37,6,6
5177,65,65,0,0
5178,76,64,12,12
5179,104,87,17,17
5180,88,72,16,16
5181,75,65,10,10
5182,82,71,11,11
5183,40,43,-3,3
5184,77,70,7,7
5185,66,60,6,6
5186,154,122,32,32
5187,86,76,10,10
5188,112,110,2,2
5189,93,84,9,9
5190,130,136,-6,6
5191,177,156,21,21
5192,148,123,25,25
5193,80,75,5,5
5194,58,49,9,9
5195,115,96,19,19
5196,118,102,16,16
5197,66,59,7,7
5198,161,143,18,18
5199,80,73,7,7
5200,105,89,16,16
5201,56,48,8,8
5202,66,63,3,3
5203,93,82,11,11
5204,105,87,18,18
5205,96,85,11,11
5206,62,54,8,8
5207,68,71,-3,3
5208,83,71,12,12
5209,110,95,15,15
5210,109,100,9,9
5211,147,126,21,21
5212,68,55,13,13
5213,121,100,21,21
5214,128,123,5,5
5215,136,121,15,15
5216,110,91,19,19
5217,84,67,17,17
5218,93,80,13,13
5219,68,61,7,7
5220,88,79,9,9
5221,89,87,2,2
5222,134,125,9,9
5223,128,117,11,11
5224,79,67,12,12
5225,66,59,7,7
5226,58,47,11,11
5227,58,68,-10,10
5228,69,63,6,6
5229,56,50,6,6
5230,85,77,8,8
5231,73,66,7,7
5232,97,82,15,15
5233,100,72,28,28
5234,82,59,23,23
5235,65,58,7,7
5236,90,87,3,3
5237,66,75,-9,9
5238,58,51,7,7
5239,62,94,-32,32
5240,50,49,1,1
5241,84,67,17,17
5242,82,75,7,7
5243,147,142,5,5
5244,91,75,16,16
5245,95,86,9,9
5246,121,104,17,17
5247,56,53,3,3
5248,54,45,9,9
5249,103,91,12,12
5250,86,61,25,25
5251,85,73,12,12
5252,97,66,31,31
5253,92,69,23,23
5254,59,59,0,0
5255,115,102,13,13
5256,116,102,14,14
5257,101,87,14,14
5258,120,84,36,36
5259,164,133,31,31
5260,55,43,12,12
5261,91,84,7,7
5262,75,70,5,5
5263,121,112,9,9
5264,57,50,7,7
5265,38,55,-17,17
5266,92,74,18,18
5267,67,59,8,8
5268,120,107,13,13
5269,83,72,11,11
5270,138,129,9,9
5271,169,146,23,23
5272,59,60,-1,1
5273,47,46,1,1
5274,46,42,4,4
5275,123,120,3,3
5276,142,126,16,16
5277,80,79,1,1
5278,31,35,-4,4
5279,128,115,13,13
5280,112,90,22,22
5281,98,94,4,4
5282,55,50,5,5
5283,110,88,22,22
5284,91,88,3,3
5285,112,85,27,27
5286,115,103,12,12
5287,73,65,8,8
5288,106,97,9,9
5289,93,83,10,10
5290,166,147,19,19
5291,128,123,5,5
5292,112,100,12,12
5293,89,72,17,17
5294,74,68,6,6
5295,106,109,-3,3
5296,72,68,4,4
5297,78,71,7,7
5298,92,84,8,8
5299,140,117,23,23
5300,103,88,15,15
5301,102,105,-3,3
5302,63,68,-5,5
5303,169,147,22,22
5304,78,70,8,8
5305,132,115,17,17
5306,50,42,8,8
5307,127,102,25,25
5308,138,103,35,35
5309,61,49,12,12
5310,87,77,10,10
5311,109,102,7,7
5312,77,70,7,7
5313,92,93,-1,1
5314,84,71,13,13
5315,140,118,22,22
5316,79,75,4,4
5317,87,74,13,13
5318,76,68,8,8
5319,54,45,9,9
5320,77,76,1,1
5321,28,50,-22,22
5322,85,66,19,19
5323,41,37,4,4
5324,78,73,5,5
5325,117,97,20,20
5326,99,91,8,8
5327,130,116,14,14
5328,58,52,6,6
5329,76,65,11,11
5330,72,67,5,5
5331,72,62,10,10
5332,130,105,25,25
5333,85,81,4,4
5334,74,70,4,4
5335,117,98,19,19
5336,105,100,5,5
5337,114,100,14,14
5338,94,84,10,10
5339,127,110,17,17
5340,100,86,14,14
5341,100,95,5,5
5342,114,97,17,17
5343,137,134,3,3
5344,141,123,18,18
5345,186,158,28,28
5346,49,52,-3,3
5347,71,64,7,7
5348,144,131,13,13
5349,108,79,29,29
5350,102,81,21,21
5351,129,114,15,15
5352,123,110,13,13
5353,48,45,3,3
5354,70,58,12,12
5355,81,73,8,8
5356,72,68,4,4
5357,76,67,9,9
5358,114,113,1,1
5359,130,114,16,16
5360,113,109,4,4
5361,57,50,7,7
5362,77,70,7,7
5363,117,103,14,14
5364,79,64,15,15
5365,87,83,4,4
5366,99,87,12,12
5367,211,180,31,31
5368,92,74,18,18
5369,119,100,19,19
5370,54,53,1,1
5371,111,94,17,17
5372,67,59,8,8
5373,185,167,18,18
5374,68,69,-1,1
5375,190,153,37,37
5376,124,110,14,14
5377,80,74,6,6
5378,78,68,10,10
5379,92,93,-1,1
5380,70,62,8,8
5381,51,55,-4,4
5382,89,84,5,5
5383,82,81,1,1
5384,83,72,11,11
5385,204,172,32,32
5386,114,98,16,16
5387,62,55,7,7
5388,100,79,21,21
5389,143,142,1,1
5390,89,77,12,12
5391,123,118,5,5
5392,150,132,18,18
5393,135,97,38,38
5394,114,107,7,7
5395,94,92,2,2
5396,158,136,22,22
5397,58,65,-7,7
5398,94,77,17,17
5399,59,52,7,7
5400,81,88,-7,7
5401,70,62,8,8
5402,79,72,7,7
5403,49,50,-1,1
5404,85,71,14,14
5405,85,72,13,13
5406,55,44,11,11
5407,97,89,8,8
5408,95,84,11,11
5409,129,108,21,21
5410,53,53,0,0
5411,109,102,7,7
5412,92,79,13,13
5413,122,86,36,36
5414,102,92,10,10
5415,98,98,0,0
5416,68,68,0,0
5417,108,93,15,15
5418,92,80,12,12
5419,95,83,12,12
5420,65,59,6,6
5421,27,28,-1,1
5422,62,49,13,13
5423,109,96,13,13
5424,72,65,7,7
5425,58,53,5,5
5426,121,98,23,23
5427,101,86,15,15
5428,63,59,4,4
5429,38,33,5,5
5430,145,127,18,18
5431,103,95,8,8
5432,215,204,11,11
5433,122,102,20,20
5434,90,85,5,5
5435,67,61,6,6
5436,98,96,2,2
5437,106,104,2,2
5438,119,110,9,9
5439,93,83,10,10
5440,48,51,-3,3
5441,87,76,11,11
5442,108,106,2,2
5443,72,60,12,12
5444,124,111,13,13
5445,114,103,11,11
5446,43,36,7,7
5447,109,94,15,15
5448,99,92,7,7
5449,116,98,18,18
5450,72,79,-7,7
5451,122,120,2,2
5452,98,86,12,12
5453,144,141,3,3
5454,78,64,14,14
5455,70,60,10,10
5456,114,98,16,16
5457,137,122,15,15
5458,113,94,19,19
5459,115,94,21,21
5460,85,77,8,8
5461,63,52,11,11
5462,114,106,8,8
5463,88,77,11,11
5464,125,104,21,21
5465,116,105,11,11
5466,150,113,37,37
5467,78,68,10,10
5468,75,65,10,10
5469,81,77,4,4
5470,116,116,0,0
5471,64,55,9,9
5472,93,87,6,6
5473,96,78,18,18
5474,147,137,10,10
5475,77,66,11,11
5476,139,127,12,12
5477,64,54,10,10
5478,82,73,9,9
5479,70,62,8,8
5480,142,125,17,17
5481,99,83,16,16
5482,64,58,6,6
5483,80,79,1,1
5484,69,54,15,15
5485,64,57,7,7
5486,99,88,11,11
5487,120,99,21,21
5488,80,68,12,12
5489,145,134,11,11
5490,161,141,20,20
5491,86,84,2,2
5492,123,110,13,13
5493,91,82,9,9
5494,147,125,22,22
5495,92,79,13,13
5496,79,72,7,7
5497,144,121,23,23
5498,72,65,7,7
5499,91,91,0,0
5500,162,145,17,17
5501,76,78,-2,2
5502,82,76,6,6
5503,63,63,0,0
5504,71,66,5,5
5505,74,66,8,8
5506,152,130,22,22
5507,102,94,8,8
5508,70,60,10,10
5509,46,44,2,2
5510,85,86,-1,1
5511,81,74,7,7
5512,85,76,9,9
5513,108,88,20,20
5514,124,105,19,19
5515,81,76,5,5
5516,97,113,-16,16
5517,137,127,10,10
5518,125,106,19,19
5519,90,88,2,2
5520,83,68,15,15
5521,89,78,11,11
5522,124,103,21,21
5523,101,78,23,23
5524,103,94,9,9
5525,61,55,6,6
5526,85,68,17,17
5527,102,91,11,11
5528,83,89,-6,6
5529,91,84,7,7
5530,131,91,40,40
5531,150,124,26,26
5532,107,96,11,11
5533,115,105,10,10
5534,126,112,14,14
5535,129,115,14,14
5536,95,83,12,12
5537,143,120,23,23
5538,115,103,12,12
5539,85,75,10,10
5540,164,144,20,20
5541,95,83,12,12
5542,137,132,5,5
5543,121,104,17,17
5544,83,74,9,9
5545,115,113,2,2
5546,154,143,11,11
5547,115,102,13,13
5548,88,72,16,16
5549,116,110,6,6
5550,119,92,27,27
5551,30,35,-5,5
5552,100,83,17,17
5553,132,124,8,8
5554,186,159,27,27
5555,82,77,5,5
5556,176,129,47,47
5557,107,91,16,16
5558,89,71,18,18
5559,94,86,8,8
5560,51,42,9,9
5561,138,128,10,10
5562,78,72,6,6
5563,59,56,3,3
5564,58,48,10,10
5565,67,59,8,8
5566,79,64,15,15
5567,54,46,8,8
5568,62,55,7,7
5569,83,74,9,9
5570,75,71,4,4
5571,115,100,15,15
5572,114,104,10,10
5573,126,103,23,23
5574,88,91,-3,3
5575,69,58,11,11
5576,38,45,-7,7
5577,71,64,7,7
5578,66,55,11,11
5579,62,50,12,12
5580,75,61,14,14
5581,59,51,8,8
5582,97,92,5,5
5583,81,78,3,3
5584,69,73,-4,4
5585,81,68,13,13
5586,101,95,6,6
5587,97,84,13,13
5588,60,65,-5,5
5589,119,104,15,15
5590,113,127,-14,14
5591,130,104,26,26
5592,61,62,-1,1
5593,166,145,21,21
5594,51,50,1,1
5595,140,124,16,16
5596,109,104,5,5
5597,115,109,6,6
5598,112,97,15,15
5599,89,77,12,12
5600,65,58,7,7
5601,97,91,6,6
5602,81,75,6,6
5603,59,54,5,5
5604,52,43,9,9
5605,74,76,-2,2
5606,76,66,10,10
5607,111,68,43,43
5608,112,101,11,11
5609,66,59,7,7
5610,96,79,17,17
5611,61,57,4,4
5612,162,144,18,18
5613,120,102,18,18
5614,68,73,-5,5
5615,61,67,-6,6
5616,110,98,12,12
5617,114,107,7,7
5618,41,36,5,5
5619,63,47,16,16
5620,77,64,13,13
5621,92,77,15,15
5622,80,69,11,11
5623,40,39,1,1
5624,56,59,-3,3
5625,72,63,9,9
5626,123,101,22,22
5627,77,63,14,14
5628,107,93,14,14
5629,112,101,11,11
5630,72,71,1,1
5631,99,96,3,3
5632,118,104,14,14
5633,77,67,10,10
5634,139,122,17,17
5635,84,75,9,9
5636,62,61,1,1
5637,100,89,11,11
5638,80,70,10,10
5639,91,85,6,6
5640,113,96,17,17
5641,45,36,9,9
5642,71,56,15,15
5643,122,95,27,27
5644,53,50,3,3
5645,78,79,-1,1
5646,65,51,14,14
5647,40,47,-7,7
5648,136,120,16,16
5649,120,102,18,18
5650,104,101,3,3
5651,85,74,11,11
5652,89,77,12,12
5653,84,81,3,3
5654,80,83,-3,3
5655,119,114,5,5
5656,105,90,15,15
5657,61,64,-3,3
5658,53,58,-5,5
5659,69,69,0,0
5660,83,71,12,12
5661,122,93,29,29
5662,88,77,11,11
5663,88,76,12,12
5664,104,98,6,6
5665,94,79,15,15
5666,133,115,18,18
5667,53,57,-4,4
5668,73,71,2,2
5669,92,81,11,11
5670,92,79,13,13
5671,91,82,9,9
5672,82,73,9,9
5673,87,82,5,5
5674,135,114,21,21
5675,126,113,13,13
5676,94,81,13,13
5677,55,49,6,6
5678,104,85,19,19
5679,127,114,13,13
5680,135,124,11,11
5681,145,119,26,26
5682,99,87,12,12
5683,96,92,4,4
5684,103,81,22,22
5685,32,35,-3,3
5686,74,68,6,6
5687,109,88,21,21
5688,59,54,5,5
5689,101,87,14,14
5690,69,57,12,12
5691,71,75,-4,4
5692,101,83,18,18
5693,129,118,11,11
5694,114,101,13,13
5695,73,64,9,9
5696,179,141,38,38
5697,81,74,7,7
5698,127,108,19,19
5699,129,117,12,12
5700,57,47,10,10
5701,50,48,2,2
5702,80,62,18,18
5703,116,102,14,14
5704,93,76,17,17
5705,164,131,33,33
5706,43,42,1,1
5707,96,94,2,2
5708,88,71,17,17
5709,66,58,8,8
5710,97,89,8,8
5711,86,78,8,8
5712,83,84,-1,1
5713,87,75,12,12
5714,61,58,3,3
5715,81,77,4,4
5716,164,144,20,20
5717,138,120,18,18
5718,115,106,9,9
5719,86,82,4,4
5720,118,128,-10,10
5721,67,55,12,12
5722,87,83,4,4
5723,74,58,16,16
5724,51,38,13,13
5725,67,59,8,8
5726,84,69,15,15
5727,94,86,8,8
5728,69,65,4,4
5729,115,110,5,5
5730,48,41,7,7
5731,77,65,12,12
5732,81,69,12,12
5733,110,106,4,4
5734,74,79,-5,5
5735,54,57,-3,3
5736,84,77,7,7
5737,70,66,4,4
5738,64,61,3,3
5739,80,75,5,5
5740,78,64,14,14
5741,83,81,2,2
5742,81,70,11,11
5743,34,35,-1,1
5744,149,148,1,1
5745,50,48,2,2
5746,57,49,8,8
5747,75,65,10,10
5748,139,119,20,20
5749,48,42,6,6
5750,61,59,2,2
5751,96,79,17,17
5752,64,50,14,14
5753,90,82,8,8
5754,81,74,7,7
5755,119,115,4,4
5756,129,109,20,20
5757,111,105,6,6
5758,79,77,2,2
5759,107,91,16,16
5760,77,77,0,0
5761,67,57,10,10
5762,103,84,19,19
5763,60,54,6,6
5764,115,107,8,8
5765,62,49,13,13
5766,71,65,6,6
5767,67,70,-3,3
5768,46,43,3,3
5769,52,47,5,5
5770,55,50,5,5
5771,95,79,16,16
5772,119,95,24,24
5773,156,152,4,4
5774,89,73,16,16
5775,130,101,29,29
5776,149,124,25,25
5777,53,60,-7,7
5778,103,90,13,13
5779,181,148,33,33
5780,88,78,10,10
5781,91,79,12,12
5782,79,63,16,16
5783,64,71,-7,7
5784,85,82,3,3
5785,45,41,4,4
5786,72,64,8,8
5787,118,102,16,16
5788,54,44,10,10
5789,98,92,6,6
5790,79,75,4,4
5791,63,55,8,8
5792,27,37,-10,10
5793,142,125,17,17
5794,67,63,4,4
5795,146,130,16,16
5796,80,78,2,2
5797,68,73,-5,5
5798,92,85,7,7
5799,48,46,2,2
5800,117,86,31,31
5801,98,88,10,10
5802,73,65,8,8
5803,84,77,7,7
5804,95,85,10,10
5805,120,107,13,13
5806,151,146,5,5
5807,50,41,9,9
5808,93,84,9,9
5809,150,134,16,16
5810,65,72,-7,7
5811,76,71,5,5
5812,69,65,4,4
5813,91,79,12,12
5814,81,77,4,4
5815,92,78,14,14
5816,127,125,2,2
5817,100,86,14,14
5818,98,86,12,12
5819,109,93,16,16
5820,69,62,7,7
5821,94,89,5,5
5822,156,131,25,25
5823,82,84,-2,2
5824,62,58,4,4
5825,56,55,1,1
5826,44,41,3,3
5827,134,95,39,39
5828,75,64,11,11
5829,88,79,9,9
5830,63,61,2,2
5831,106,96,10,10
5832,121,98,23,23
5833,94,90,4,4
5834,89,87,2,2
5835,45,45,0,0
5836,76,70,6,6
5837,85,79,6,6
5838,129,125,4,4
5839,113,99,14,14
5840,127,110,17,17
5841,129,135,-6,6
5842,92,81,11,11
5843,60,50,10,10
5844,91,69,22,22
5845,90,75,15,15
5846,143,129,14,14
5847,79,68,11,11
5848,118,150,-32,32
5849,65,56,9,9
5850,88,65,23,23
5851,102,96,6,6
5852,67,58,9,9
5853,104,86,18,18
5854,164,145,19,19
5855,145,127,18,18
5856,51,41,10,10
5857,35,37,-2,2
5858,125,110,15,15
5859,78,72,6,6
5860,110,100,10,10
5861,133,122,11,11
5862,92,84,8,8
5863,89,87,2,2
5864,66,63,3,3
5865,96,90,6,6
5866,74,62,12,12
5867,21,29,-8,8
5868,52,47,5,5
5869,49,43,6,6
5870,133,131,2,2
5871,56,48,8,8
5872,48,42,6,6
5873,53,45,8,8
5874,86,79,7,7
5875,81,86,-5,5
5876,139,128,11,11
5877,111,113,-2,2
5878,118,111,7,7
5879,61,54,7,7
5880,88,87,1,1
5881,58,58,0,0
5882,91,78,13,13
5883,110,98,12,12
5884,118,86,32,32
5885,109,92,17,17
5886,52,46,6,6
5887,69,64,5,5
5888,144,120,24,24
5889,87,77,10,10
5890,153,123,30,30
5891,49,46,3,3
5892,106,104,2,2
5893,85,75,10,10
5894,95,84,11,11
5895,99,89,10,10
5896,154,144,10,10
5897,64,71,-7,7
5898,74,64,10,10
5899,94,79,15,15
5900,83,52,31,31
5901,66,55,11,11
5902,48,50,-2,2
5903,87,90,-3,3
5904,28,47,-19,19
5905,63,53,10,10
5906,117,102,15,15
5907,169,153,16,16
5908,54,50,4,4
5909,118,107,11,11
5910,77,63,14,14
5911,87,83,4,4
5912,259,210,49,49
5913,116,113,3,3
5914,141,123,18,18
5915,63,60,3,3
5916,194,162,32,32
5917,58,67,-9,9
5918,117,102,15,15
5919,101,89,12,12
5920,128,115,13,13
5921,99,79,20,20
5922,122,97,25,25
5923,146,126,20,20
5924,117,96,21,21
5925,85,80,5,5
5926,156,139,17,17
5927,85,76,9,9
5928,149,144,5,5
5929,62,60,2,2
5930,133,122,11,11
5931,76,68,8,8
5932,67,57,10,10
5933,125,136,-11,11
5934,73,60,13,13
5935,106,89,17,17
5936,98,88,10,10
5937,113,102,11,11
5938,151,138,13,13
5939,91,75,16,16
5940,115,113,2,2
5941,99,91,8,8
5942,51,48,3,3
5943,102,102,0,0
5944,123,104,19,19
5945,71,63,8,8
5946,116,108,8,8
5947,118,106,12,12
5948,151,148,3,3
5949,93,75,18,18
5950,77,72,5,5
5951,52,43,9,9
5952,88,75,13,13
5953,56,47,9,9
5954,152,151,1,1
5955,129,120,9,9
5956,75,71,4,4
5957,98,85,13,13
5958,149,138,11,11
5959,73,62,11,11
5960,96,98,-2,2
5961,145,126,19,19
5962,88,75,13,13
5963,159,132,27,27
5964,178,147,31,31
5965,81,79,2,2
5966,142,120,22,22
5967,97,85,12,12
5968,145,132,13,13
5969,91,80,11,11
5970,85,65,20,20
5971,87,67,20,20
5972,90,73,17,17
5973,68,63,5,5
5974,94,81,13,13
5975,101,85,16,16
5976,92,74,18,18
5977,71,68,3,3
5978,113,99,14,14
5979,102,88,14,14
5980,114,106,8,8
5981,97,83,14,14
5982,47,48,-1,1
5983,60,62,-2,2
5984,135,119,16,16
5985,58,48,10,10
5986,206,162,44,44
5987,68,64,4,4
5988,42,39,3,3
5989,73,55,18,18
5990,83,66,17,17
5991,72,59,13,13
5992,111,66,45,45
5993,58,45,13,13
5994,130,130,0,0
5995,111,99,12,12
5996,140,135,5,5
5997,95,89,6,6
5998,96,81,15,15
5999,91,72,19,19
6000,79,75,4,4
6001,74,67,7,7
6002,169,138,31,31
6003,117,106,11,11
6004,78,56,22,22
6005,115,108,7,7
6006,44,40,4,4
6007,103,103,0,0
6008,78,83,-5,5
6009,49,47,2,2
6010,126,120,6,6
6011,93,75,18,18
6012,140,128,12,12
6013,85,77,8,8
6014,116,113,3,3
6015,83,68,15,15
6016,96,96,0,0
6017,143,120,23,23
6018,74,72,2,2
6019,92,85,7,7
6020,63,56,7,7
6021,49,57,-8,8
6022,144,133,11,11
6023,54,46,8,8
6024,116,153,-37,37
6025,66,71,-5,5
6026,56,52,4,4
6027,56,83,-27,27
6028,107,99,8,8
6029,140,122,18,18
6030,92,92,0,0
6031,76,83,-7,7
6032,90,86,4,4
6033,138,127,11,11
6034,71,60,11,11
6035,89,91,-2,2
6036,66,53,13,13
6037,60,53,7,7
6038,116,115,1,1
6039,179,167,12,12
6040,90,74,16,16
6041,116,109,7,7
6042,89,79,10,10
6043,95,82,13,13
6044,85,69,16,16
6045,53,48,5,5
6046,166,152,14,14
6047,43,40,3,3
6048,119,113,6,6
6049,105,107,-2,2
6050,121,102,19,19
6051,73,67,6,6
6052,67,63,4,4
6053,119,110,9,9
6054,106,96,10,10
6055,72,59,13,13
6056,75,64,11,11
6057,70,67,3,3
6058,143,119,24,24
6059,83,70,13,13
6060,83,69,14,14
6061,46,54,-8,8
6062,47,41,6,6
6063,119,105,14,14
6064,108,89,19,19
6065,43,45,-2,2
6066,64,56,8,8
6067,83,78,5,5
6068,141,122,19,19
6069,107,96,11,11
6070,35,46,-11,11
6071,119,108,11,11
6072,88,72,16,16
6073,77,75,2,2
6074,75,66,9,9
6075,140,124,16,16
6076,66,59,7,7
6077,121,118,3,3
6078,47,51,-4,4
6079,68,63,5,5
6080,112,94,18,18
6081,178,152,26,26
6082,87,81,6,6
6083,164,137,27,27
6084,79,73,6,6
6085,71,64,7,7
6086,111,118,-7,7
6087,78,75,3,3
6088,160,154,6,6
6089,98,90,8,8
6090,115,140,-25,25
6091,95,90,5,5
6092,65,58,7,7
6093,159,148,11,11
6094,85,77,8,8
6095,69,57,12,12
6096,116,107,9,9
6097,55,53,2,2
6098,96,89,7,7
6099,94,78,16,16
6100,72,62,10,10
6101,94,79,15,15
6102,124,122,2,2
6103,62,55,7,7
6104,79,61,18,18
6105,146,123,23,23
6106,42,39,3,3
6107,85,77,8,8
6108,100,79,21,21
6109,131,104,27,27
6110,72,69,3,3
6111,49,45,4,4
6112,116,98,18,18
6113,102,90,12,12
6114,135,121,14,14
6115,138,119,19,19
6116,40,52,-12,12
6117,104,89,15,15
6118,99,87,12,12
6119,50,42,8,8
6120,108,93,15,15
6121,106,95,11,11
6122,93,80,13,13
6123,155,146,9,9
6124,127,109,18,18
6125,78,70,8,8
6126,87,80,7,7
6127,73,70,3,3
6128,92,84,8,8
6129,86,76,10,10
6130,117,105,12,12
6131,65,54,11,11
6132,44,35,9,9
6133,142,124,18,18
6134,83,80,3,3
6135,104,90,14,14
6136,119,99,20,20
6137,112,99,13,13
6138,96,78,18,18
6139,58,56,2,2
6140,44,41,3,3
6141,107,99,8,8
6142,115,104,11,11
6143,87,82,5,5
6144,102,90,12,12
6145,89,77,12,12
6146,119,105,14,14
6147,101,89,12,12
6148,55,51,4,4
6149,92,77,15,15
6150,108,88,20,20
6151,57,54,3,3
6152,119,101,18,18
6153,133,121,12,12
6154,80,76,4,4
6155,66,60,6,6
6156,114,96,18,18
6157,111,103,8,8
6158,140,123,17,17
6159,108,74,34,34
6160,89,87,2,2
6161,88,70,18,18
6162,76,71,5,5
6163,80,71,9,9
6164,98,81,17,17
6165,73,65,8,8
6166,136,119,17,17
6167,50,43,7,7
6168,88,90,-2,2
6169,69,61,8,8
6170,151,134,17,17
6171,66,51,15,15
6172,73,62,11,11
6173,65,52,13,13
6174,72,64,8,8
6175,52,46,6,6
6176,108,79,29,29
6177,86,73,13,13
6178,34,41,-7,7
6179,183,165,18,18
6180,54,44,10,10
6181,122,115,7,7
6182,64,57,7,7
6183,75,67,8,8
6184,105,84,21,21
6185,65,61,4,4
6186,84,82,2,2
6187,101,89,12,12
6188,117,101,16,16
6189,148,133,15,15
6190,66,60,6,6
6191,106,101,5,5
6192,147,118,29,29
6193,108,99,9,9
6194,133,93,40,40
6195,42,41,1,1
6196,67,58,9,9
6197,117,100,17,17
6198,127,122,5,5
6199,84,76,8,8
6200,72,62,10,10
6201,77,68,9,9
6202,83,70,13,13
6203,77,82,-5,5
6204,133,119,14,14
6205,61,63,-2,2
6206,75,71,4,4
6207,81,70,11,11
6208,95,82,13,13
6209,115,98,17,17
6210,106,85,21,21
6211,85,68,17,17
6212,89,82,7,7
6213,103,85,18,18
6214,78,66,12,12
6215,83,73,10,10
6216,128,101,27,27
6217,64,63,1,1
6218,87,77,10,10
6219,108,87,21,21
6220,108,97,11,11
6221,77,66,11,11
6222,65,65,0,0
6223,56,50,6,6
6224,69,56,13,13
6225,83,72,11,11
6226,93,87,6,6
6227,85,76,9,9
6228,177,166,11,11
6229,52,46,6,6
6230,35,33,2,2
6231,128,104,24,24
6232,98,85,13,13
6233,83,69,14,14
6234,67,59,8,8
6235,102,93,9,9
6236,115,103,12,12
6237,103,88,15,15
6238,99,91,8,8
6239,100,88,12,12
6240,148,118,30,30
6241,67,60,7,7
6242,131,117,14,14
6243,76,67,9,9
6244,91,85,6,6
6245,110,80,30,30
6246,133,120,13,13
6247,77,65,12,12
6248,151,139,12,12
6249,130,124,6,6
6250,80,77,3,3
6251,86,77,9,9
6252,117,115,2,2
6253,72,64,8,8
6254,104,92,12,12
6255,108,93,15,15
6256,103,92,11,11
6257,57,56,1,1
6258,30,34,-4,4
6259,70,64,6,6
6260,93,95,-2,2
6261,75,62,13,13
6262,46,42,4,4
6263,169,130,39,39
6264,88,75,13,13
6265,71,68,3,3
6266,97,89,8,8
6267,133,113,20,20
6268,77,72,5,5
6269,93,86,7,7
6270,52,59,-7,7
6271,124,122,2,2
6272,60,81,-21,21
6273,53,53,0,0
6274,98,88,10,10
6275,105,79,26,26
6276,92,79,13,13
6277,106,91,15,15
6278,55,50,5,5
6279,94,88,6,6
6280,94,72,22,22
6281,67,60,7,7
6282,109,91,18,18
6283,61,56,5,5
6284,49,49,0,0
6285,99,84,15,15
6286,109,87,22,22
6287,73,58,15,15
6288,107,95,12,12
6289,82,70,12,12
6290,122,107,15,15
6291,50,42,8,8
6292,102,86,16,16
6293,99,87,12,12
6294,40,34,6,6
6295,61,51,10,10
6296,94,88,6,6
6297,55,52,3,3
6298,66,56,10,10
6299,58,58,0,0
6300,139,139,0,0
6301,104,80,24,24
6302,74,64,10,10
6303,77,64,13,13
6304,77,63,14,14
6305,91,83,8,8
6306,74,65,9,9
6307,63,53,10,10
6308,56,48,8,8
6309,103,101,2,2
6310,83,74,9,9
6311,69,67,2,2
6312,165,138,27,27
6313,109,100,9,9
6314,93,75,18,18
6315,123,111,12,12
6316,142,129,13,13
6317,71,53,18,18
6318,102,91,11,11
6319,81,73,8,8
6320,178,142,36,36
6321,75,61,14,14
6322,68,61,7,7
6323,135,117,18,18
6324,103,94,9,9
6325,108,98,10,10
6326,62,66,-4,4
6327,95,92,3,3
6328,114,99,15,15
6329,120,108,12,12
6330,124,115,9,9
6331,90,82,8,8
6332,29,29,0,0
6333,69,65,4,4
6334,61,64,-3,3
6335,85,72,13,13
6336,83,82,1,1
6337,122,99,23,23
6338,148,130,18,18
6339,108,88,20,20
6340,96,91,5,5
6341,75,65,10,10
6342,101,103,-2,2
6343,81,71,10,10
6344,98,91,7,7
6345,95,80,15,15
6346,100,86,14,14
6347,96,88,8,8
6348,161,161,0,0
6349,84,71,13,13
6350,55,46,9,9
6351,59,57,2,2
6352,124,110,14,14
6353,137,123,14,14
6354,118,103,15,15
6355,144,112,32,32
6356,182,162,20,20
6357,126,109,17,17
6358,127,104,23,23
6359,111,97,14,14
6360,92,82,10,10
6361,106,96,10,10
6362,74,70,4,4
6363,68,73,-5,5
6364,108,105,3,3
6365,95,82,13,13
6366,103,94,9,9
6367,81,71,10,10
6368,86,84,2,2
6369,170,141,29,29
6370,50,43,7,7
6371,51,46,5,5
6372,94,74,20,20
6373,146,146,0,0
6374,74,66,8,8
6375,100,81,19,19
6376,128,101,27,27
6377,74,62,12,12
6378,108,98,10,10
6379,77,76,1,1
6380,63,58,5,5
6381,50,41,9,9
6382,109,92,17,17
6383,52,48,4,4
6384,68,71,-3,3
6385,90,86,4,4
6386,80,79,1,1
6387,55,57,-2,2
6388,103,87,16,16
6389,84,80,4,4
6390,90,71,19,19
6391,66,65,1,1
6392,167,148,19,19
6393,82,73,9,9
6394,73,63,10,10
6395,86,86,0,0
6396,71,65,6,6
6397,80,75,5,5
6398,92,89,3,3
6399,117,94,23,23
6400,51,45,6,6
6401,94,88,6,6
6402,84,72,12,12
6403,135,127,8,8
6404,66,67,-1,1
6405,151,135,16,16
6406,92,81,11,11
6407,102,88,14,14
6408,116,96,20,20
6409,50,49,1,1
6410,88,84,4,4
6411,119,104,15,15
6412,107,96,11,11
6413,93,92,1,1
6414,142,124,18,18
6415,52,44,8,8
6416,115,109,6,6
6417,52,46,6,6
6418,56,50,6,6
6419,152,120,32,32
6420,83,65,18,18
6421,62,58,4,4
6422,64,63,1,1
6423,119,100,19,19
6424,157,126,31,31
6425,51,52,-1,1
6426,118,107,11,11
6427,58,60,-2,2
6428,94,80,14,14
6429,45,44,1,1
6430,120,100,20,20
6431,88,78,10,10
6432,84,82,2,2
6433,131,119,12,12
6434,98,85,13,13
6435,50,41,9,9
6436,88,76,12,12
6437,101,109,-8,8
6438,78,65,13,13
6439,40,55,-15,15
6440,103,101,2,2
6441,96,78,18,18
6442,83,74,9,9
6443,93,82,11,11
6444,82,66,16,16
6445,103,90,13,13
6446,41,55,-14,14
6447,39,39,0,0
6448,60,48,12,12
6449,137,116,21,21
6450,46,39,7,7
6451,51,43,8,8
6452,82,79,3,3
6453,131,108,23,23
6454,66,63,3,3
6455,76,63,13,13
6456,204,172,32,32
6457,106,98,8,8
6458,72,66,6,6
6459,145,133,12,12
6460,80,70,10,10
6461,89,84,5,5
6462,148,135,13,13
6463,141,115,26,26
6464,59,56,3,3
6465,51,43,8,8
6466,88,75,13,13
6467,77,80,-3,3
6468,103,89,14,14
6469,94,76,18,18
6470,92,78,14,14
6471,82,73,9,9
6472,89,85,4,4
6473,72,65,7,7
6474,135,117,18,18
6475,135,116,19,19
6476,85,72,13,13
6477,63,56,7,7
6478,173,152,21,21
6479,108,98,10,10
6480,141,107,34,34
6481,85,82,3,3
6482,144,128,16,16
6483,66,57,9,9
6484,86,81,5,5
6485,84,68,16,16
6486,107,93,14,14
6487,60,59,1,1
6488,62,61,1,1
6489,174,159,15,15
6490,68,55,13,13
6491,74,71,3,3
6492,67,58,9,9
6493,72,58,14,14
6494,117,98,19,19
6495,93,106,-13,13
6496,69,68,1,1
6497,75,69,6,6
6498,84,71,13,13
6499,101,94,7,7
6500,78,69,9,9
6501,202,176,26,26
6502,97,98,-1,1
6503,79,72,7,7
6504,97,92,5,5
6505,60,60,0,0
6506,58,54,4,4
6507,113,106,7,7
6508,63,59,4,4
6509,79,67,12,12
6510,94,82,12,12
6511,129,116,13,13
6512,142,126,16,16
6513,96,86,10,10
6514,83,69,14,14
6515,137,117,20,20
6516,99,84,15,15
6517,92,84,8,8
6518,92,89,3,3
6519,69,57,12,12
6520,126,129,-3,3
6521,148,147,1,1
6522,90,78,12,12
6523,94,80,14,14
6524,111,99,12,12
6525,86,82,4,4
6526,49,48,1,1
6527,124,108,16,16
6528,107,99,8,8
6529,129,114,15,15
6530,58,48,10,10
6531,70,59,11,11
6532,70,68,2,2
6533,91,77,14,14
6534,86,63,23,23
6535,102,93,9,9
6536,83,78,5,5
6537,119,110,9,9
6538,76,72,4,4
6539,49,42,7,7
6540,94,74,20,20
6541,124,94,30,30
6542,65,55,10,10
6543,96,97,-1,1
6544,170,156,14,14
6545,68,67,1,1
6546,28,32,-4,4
6547,135,123,12,12
6548,151,119,32,32
6549,80,75,5,5
6550,79,82,-3,3
6551,68,72,-4,4
6552,118,95,23,23
6553,73,67,6,6
6554,104,104,0,0
6555,147,118,29,29
6556,91,84,7,7
6557,147,116,31,31
6558,55,55,0,0
6559,66,62,4,4
6560,121,101,20,20
6561,70,61,9,9
6562,107,97,10,10
6563,153,141,12,12
6564,124,113,11,11
6565,59,61,-2,2
6566,90,77,13,13
6567,57,56,1,1
6568,129,106,23,23
6569,98,92,6,6
6570,152,130,22,22
6571,55,55,0,0
6572,93,57,36,36
6573,61,50,11,11
6574,135,118,17,17
6575,72,59,13,13
6576,105,99,6,6
6577,65,84,-19,19
6578,91,80,11,11
6579,117,102,15,15
6580,85,80,5,5
6581,125,108,17,17
6582,57,55,2,2
6583,151,127,24,24
6584,68,62,6,6
6585,104,100,4,4
6586,53,54,-1,1
6587,88,80,8,8
6588,91,78,13,13
6589,184,140,44,44
6590,99,87,12,12
6591,189,152,37,37
6592,186,160,26,26
6593,125,105,20,20
6594,62,63,-1,1
6595,103,95,8,8
6596,183,168,15,15
6597,62,50,12,12
6598,66,59,7,7
6599,73,62,11,11
6600,114,101,13,13
6601,123,111,12,12
6602,108,85,23,23
6603,115,99,16,16
6604,124,104,20,20
6605,66,68,-2,2
6606,104,77,27,27
6607,75,65,10,10
6608,108,103,5,5
6609,81,78,3,3
6610,82,64,18,18
6611,80,64,16,16
6612,30,32,-2,2
6613,90,80,10,10
6614,62,53,9,9
6615,86,73,13,13
6616,56,50,6,6
6617,95,90,5,5
6618,100,94,6,6
6619,102,89,13,13
6620,102,92,10,10
6621,59,50,9,9
6622,152,124,28,28
6623,163,151,12,12
6624,143,124,19,19
6625,162,145,17,17
6626,84,77,7,7
6627,78,71,7,7
6628,92,89,3,3
6629,79,74,5,5
6630,78,65,13,13
6631,120,97,23,23
6632,99,82,17,17
6633,103,80,23,23
6634,76,74,2,2
6635,80,70,10,10
6636,66,56,10,10
6637,128,115,13,13
6638,85,66,19,19
6639,100,92,8,8
6640,46,48,-2,2
6641,125,111,14,14
6642,111,104,7,7
6643,119,106,13,13
6644,59,54,5,5
6645,55,53,2,2
6646,158,136,22,22
6647,106,101,5,5
6648,136,123,13,13
6649,108,90,18,18
6650,124,108,16,16
6651,106,93,13,13
6652,92,74,18,18
6653,118,113,5,5
6654,108,94,14,14
6655,114,97,17,17
6656,51,49,2,2
6657,85,75,10,10
6658,61,81,-20,20
6659,74,64,10,10
6660,67,58,9,9
6661,108,96,12,12
6662,132,118,14,14
6663,78,63,15,15
6664,102,98,4,4
6665,175,144,31,31
6666,140,125,15,15
6667,93,78,15,15
6668,75,70,5,5
6669,98,88,10,10
6670,98,81,17,17
6671,119,98,21,21
6672,121,133,-12,12
6673,94,85,9,9
6674,117,93,24,24
6675,108,101,7,7
6676,87,96,-9,9
6677,100,84,16,16
6678,88,75,13,13
6679,86,60,26,26
6680,65,61,4,4
6681,81,67,14,14
6682,89,81,8,8
6683,114,94,20,20
6684,108,98,10,10
6685,95,77,18,18
6686,100,87,13,13
6687,98,89,9,9
6688,88,76,12,12
6689,95,88,7,7
6690,92,84,8,8
6691,161,138,23,23
6692,57,51,6,6
6693,89,81,8,8
6694,67,46,21,21
6695,101,94,7,7
6696,102,99,3,3
6697,84,73,11,11
6698,64,56,8,8
6699,127,114,13,13
6700,97,90,7,7
6701,101,93,8,8
6702,65,62,3,3
6703,89,73,16,16
6704,70,60,10,10
6705,67,63,4,4
6706,169,150,19,19
6707,59,59,0,0
6708,163,135,28,28
6709,38,38,0,0
6710,117,104,13,13
6711,53,50,3,3
6712,52,44,8,8
6713,120,109,11,11
6714,80,61,19,19
6715,52,51,1,1
6716,127,133,-6,6
6717,87,88,-1,1
6718,54,69,-15,15
6719,66,50,16,16
6720,98,86,12,12
6721,112,107,5,5
6722,56,54,2,2
6723,114,102,12,12
6724,90,81,9,9
6725,87,78,9,9
6726,58,53,5,5
6727,118,104,14,14
6728,96,89,7,7
6729,102,100,2,2
6730,84,82,2,2
6731,111,96,15,15
6732,62,61,1,1
6733,73,59,14,14
6734,69,59,10,10
6735,133,114,19,19
6736,87,76,11,11
6737,64,56,8,8
6738,85,81,4,4
6739,103,88,15,15
6740,86,75,11,11
6741,68,58,10,10
6742,145,134,11,11
6743,74,63,11,11
6744,91,86,5,5
6745,102,83,19,19
6746,128,116,12,12
6747,104,95,9,9
6748,110,107,3,3
6749,56,50,6,6
6750,83,74,9,9
6751,109,105,4,4
6752,77,67,10,10
6753,164,132,32,32
6754,137,119,18,18
6755,134,112,22,22
6756,172,149,23,23
6757,116,101,15,15
6758,80,71,9,9
6759,50,49,1,1
6760,168,137,31,31
6761,68,65,3,3
6762,88,85,3,3
6763,48,47,1,1
6764,60,51,9,9
6765,135,125,10,10
6766,75,63,12,12
6767,187,164,23,23
6768,78,65,13,13
6769,117,90,27,27
6770,109,103,6,6
6771,79,64,15,15
6772,80,74,6,6
6773,72,66,6,6
6774,105,96,9,9
6775,130,127,3,3
6776,108,106,2,2
6777,39,40,-1,1
6778,94,90,4,4
6779,76,76,0,0
6780,84,78,6,6
6781,110,109,1,1
6782,79,71,8,8
6783,129,98,31,31
6784,66,58,8,8
6785,73,68,5,5
6786,90,74,16,16
6787,69,63,6,6
6788,76,59,17,17
6789,96,101,-5,5
6790,113,102,11,11
6791,118,110,8,8
6792,78,66,12,12
6793,92,77,15,15
6794,96,83,13,13
6795,111,110,1,1
6796,143,134,9,9
6797,101,89,12,12
6798,99,93,6,6
6799,110,109,1,1
6800,105,98,7,7
6801,79,71,8,8
6802,80,80,0,0
6803,54,44,10,10
6804,86,72,14,14
6805,66,62,4,4
6806,96,82,14,14
6807,151,137,14,14
6808,78,89,-11,11
6809,82,81,1,1
6810,93,83,10,10
6811,57,62,-5,5
6812,129,108,21,21
6813,89,82,7,7
6814,83,72,11,11
6815,72,71,1,1
6816,85,77,8,8
6817,58,51,7,7
6818,69,60,9,9
6819,69,74,-5,5
6820,55,49,6,6
6821,114,89,25,25
6822,145,117,28,28
6823,81,79,2,2
6824,41,48,-7,7
6825,88,94,-6,6
6826,108,101,7,7
6827,104,93,11,11
6828,74,59,15,15
6829,111,98,13,13
6830,74,65,9,9
6831,82,70,12,12
6832,129,113,16,16
6833,75,70,5,5
6834,137,118,19,19
6835,135,122,13,13
6836,93,73,20,20
6837,73,77,-4,4
6838,125,115,10,10
6839,110,109,1,1
6840,147,145,2,2
6841,86,86,0,0
6842,96,83,13,13
6843,104,88,16,16
6844,110,103,7,7
6845,80,68,12,12
6846,66,64,2,2
6847,168,145,23,23
6848,123,125,-2,2
6849,138,125,13,13
6850,66,55,11,11
6851,66,56,10,10
6852,143,119,24,24
6853,88,71,17,17
6854,76,74,2,2
6855,143,139,4,4
6856,108,89,19,19
6857,74,63,11,11
6858,76,64,12,12
6859,59,57,2,2
6860,87,75,12,12
6861,113,94,19,19
6862,57,52,5,5
6863,56,60,-4,4
6864,102,85,17,17
6865,74,67,7,7
6866,89,82,7,7
6867,75,72,3,3
6868,128,119,9,9
6869,106,100,6,6
6870,92,76,16,16
6871,138,127,11,11
6872,75,63,12,12
6873,103,91,12,12
6874,120,99,21,21
6875,136,113,23,23
6876,72,66,6,6
6877,128,120,8,8
6878,128,113,15,15
6879,150,127,23,23
6880,86,72,14,14
6881,85,73,12,12
6882,62,53,9,9
6883,76,66,10,10
6884,123,108,15,15
6885,64,59,5,5
6886,116,105,11,11
6887,62,61,1,1
6888,81,69,12,12
6889,118,101,17,17
6890,117,105,12,12
6891,123,101,22,22
6892,144,120,24,24
6893,109,97,12,12
6894,79,67,12,12
6895,97,93,4,4
6896,87,74,13,13
6897,55,47,8,8
6898,65,63,2,2
6899,103,92,11,11
6900,90,68,22,22
6901,87,72,15,15
6902,43,42,1,1
6903,92,82,10,10
6904,147,136,11,11
6905,106,91,15,15
6906,68,67,1,1
6907,71,57,14,14
6908,97,89,8,8
6909,93,85,8,8
6910,69,73,-4,4
6911,92,89,3,3
6912,77,74,3,3
6913,132,116,16,16
6914,87,80,7,7
6915,118,100,18,18
6916,58,49,9,9
6917,43,34,9,9
6918,80,79,1,1
6919,118,97,21,21
6920,107,110,-3,3
6921,132,118,14,14
6922,86,82,4,4
6923,114,95,19,19
6924,85,72,13,13
6925,66,62,4,4
6926,65,58,7,7
6927,84,82,2,2
6928,122,109,13,13
6929,74,71,3,3
6930,154,144,10,10
6931,93,83,10,10
6932,40,64,-24,24
6933,88,74,14,14
6934,84,81,3,3
6935,67,59,8,8
6936,113,104,9,9
6937,110,101,9,9
6938,217,179,38,38
6939,99,94,5,5
6940,107,99,8,8
6941,120,106,14,14
6942,116,97,19,19
6943,70,70,0,0
6944,86,75,11,11
6945,89,84,5,5
6946,75,65,10,10
6947,72,63,9,9
6948,75,66,9,9
6949,55,55,0,0
6950,196,179,17,17
6951,114,98,16,16
6952,142,73,69,69
6953,76,71,5,5
6954,71,57,14,14
6955,80,79,1,1
6956,81,71,10,10
6957,106,87,19,19
6958,126,111,15,15
6959,114,105,9,9
6960,90,82,8,8
6961,134,115,19,19
6962,112,99,13,13
6963,86,77,9,9
6964,109,109,0,0
6965,98,98,0,0
6966,123,111,12,12
6967,48,46,2,2
6968,89,77,12,12
6969,141,130,11,11
6970,122,110,12,12
6971,65,82,-17,17
6972,163,140,23,23
6973,106,95,11,11
6974,145,138,7,7
6975,65,57,8,8
6976,111,85,26,26
6977,110,102,8,8
6978,40,35,5,5
6979,77,70,7,7
6980,81,69,12,12
6981,136,119,17,17
6982,124,117,7,7
6983,107,101,6,6
6984,83,73,10,10
6985,137,119,18,18
6986,93,89,4,4
6987,95,87,8,8
6988,82,85,-3,3
6989,91,83,8,8
6990,139,113,26,26
6991,49,41,8,8
6992,36,38,-2,2
6993,76,56,20,20
6994,57,51,6,6
6995,128,118,10,10
6996,77,84,-7,7
6997,86,79,7,7
6998,144,125,19,19
6999,72,68,4,4
7000,48,43,5,5
7001,86,73,13,13
7002,96,82,14,14
7003,67,60,7,7
7004,65,56,9,9
7005,132,107,25,25
7006,128,109,19,19
7007,115,101,14,14
7008,109,100,9,9
7009,63,56,7,7
7010,55,56,-1,1
7011,119,91,28,28
7012,70,59,11,11
7013,125,99,26,26
7014,146,123,23,23
7015,84,75,9,9
7016,120,113,7,7
7017,83,80,3,3
7018,68,60,8,8
7019,106,88,18,18
7020,147,112,35,35
7021,81,72,9,9
7022,87,83,4,4
7023,86,73,13,13
7024,67,64,3,3
7025,100,86,14,14
7026,81,77,4,4
7027,70,67,3,3
7028,94,77,17,17
7029,123,101,22,22
7030,121,102,19,19
7031,71,63,8,8
7032,73,63,10,10
7033,79,71,8,8
7034,98,93,5,5
7035,147,105,42,42
7036,86,72,14,14
7037,83,68,15,15
7038,117,99,18,18
7039,93,87,6,6
7040,44,43,1,1
7041,68,63,5,5
7042,74,68,6,6
7043,76,85,-9,9
7044,96,82,14,14
7045,80,60,20,20
7046,73,73,0,0
7047,93,79,14,14
7048,48,48,0,0
7049,85,74,11,11
7050,140,125,15,15
7051,81,75,6,6
7052,57,44,13,13
7053,93,79,14,14
7054,119,108,11,11
7055,129,128,1,1
7056,88,72,16,16
7057,101,86,15,15
7058,91,81,10,10
7059,59,50,9,9
7060,109,105,4,4
7061,89,72,17,17
7062,101,82,19,19
7063,116,98,18,18
7064,86,79,7,7
7065,113,101,12,12
7066,101,84,17,17
7067,110,102,8,8
7068,115,130,-15,15
7069,137,135,2,2
7070,64,65,-1,1
7071,133,111,22,22
7072,80,80,0,0
7073,61,47,14,14
7074,116,108,8,8
7075,154,135,19,19
7076,69,61,8,8
7077,123,114,9,9
7078,63,60,3,3
7079,99,109,-10,10
7080,52,44,8,8
7081,86,70,16,16
7082,79,72,7,7
7083,97,96,1,1
7084,68,66,2,2
7085,79,76,3,3
7086,82,66,16,16
7087,66,54,12,12
7088,28,27,1,1
7089,54,57,-3,3
7090,76,64,12,12
7091,74,76,-2,2
7092,97,90,7,7
7093,82,73,9,9
7094,103,95,8,8
7095,61,53,8,8
7096,69,53,16,16
7097,60,57,3,3
7098,61,78,-17,17
7099,100,97,3,3
7100,100,92,8,8
7101,129,111,18,18
7102,184,155,29,29
7103,119,109,10,10
7104,91,75,16,16
7105,99,94,5,5
7106,100,87,13,13
7107,58,57,1,1
7108,70,61,9,9
7109,76,74,2,2
7110,77,68,9,9
7111,70,63,7,7
7112,116,98,18,18
7113,149,133,16,16
7114,124,117,7,7
7115,139,104,35,35
7116,142,141,1,1
7117,77,73,4,4
7118,96,78,18,18
7119,215,172,43,43
7120,70,63,7,7
7121,118,109,9,9
7122,89,81,8,8
7123,106,90,16,16
7124,117,103,14,14
7125,60,55,5,5
7126,67,61,6,6
7127,149,139,10,10
7128,364,377,-13,13
7129,110,96,14,14
7130,106,85,21,21
7131,161,149,12,12
7132,119,121,-2,2
7133,113,131,-18,18
7134,100,93,7,7
7135,51,50,1,1
7136,121,108,13,13
7137,108,99,9,9
7138,107,96,11,11
7139,62,53,9,9
7140,84,78,6,6
7141,93,73,20,20
7142,143,130,13,13
7143,136,117,19,19
7144,53,55,-2,2
7145,97,89,8,8
7146,139,130,9,9
7147,126,118,8,8
7148,46,48,-2,2
7149,172,162,10,10
7150,101,90,11,11
7151,89,84,5,5
7152,118,101,17,17
7153,71,67,4,4
7154,120,112,8,8
7155,77,72,5,5
7156,145,120,25,25
7157,45,40,5,5
7158,80,66,14,14
7159,58,53,5,5
7160,117,101,16,16
7161,91,80,11,11
7162,192,167,25,25
7163,68,57,11,11
7164,71,58,13,13
7165,82,74,8,8
7166,84,75,9,9
7167,70,69,1,1
7168,47,48,-1,1
7169,95,79,16,16
7170,59,57,2,2
7171,154,128,26,26
7172,131,113,18,18
7173,98,92,6,6
7174,38,40,-2,2
7175,86,82,4,4
7176,55,52,3,3
7177,40,39,1,1
7178,119,105,14,14
7179,247,193,54,54
7180,96,89,7,7
7181,69,69,0,0
7182,87,84,3,3
7183,93,88,5,5
7184,84,72,12,12
7185,127,124,3,3
7186,106,93,13,13
7187,62,54,8,8
7188,84,78,6,6
7189,48,49,-1,1
7190,116,112,4,4
7191,83,68,15,15
7192,123,114,9,9
7193,97,77,20,20
7194,119,97,22,22
7195,113,104,9,9
7196,70,68,2,2
7197,123,114,9,9
7198,86,72,14,14
7199,49,48,1,1
7200,113,102,11,11
7201,100,89,11,11
7202,131,117,14,14
7203,93,82,11,11
7204,92,78,14,14
7205,73,61,12,12
7206,61,54,7,7
7207,72,62,10,10
7208,91,79,12,12
7209,86,76,10,10
7210,82,67,15,15
7211,179,165,14,14
7212,121,98,23,23
7213,58,49,9,9
7214,83,67,16,16
7215,100,73,27,27
7216,84,73,11,11
7217,76,64,12,12
7218,83,64,19,19
7219,81,75,6,6
7220,119,107,12,12
7221,160,140,20,20
7222,97,91,6,6
7223,143,147,-4,4
7224,49,43,6,6
7225,188,153,35,35
7226,79,73,6,6
7227,62,60,2,2
7228,71,57,14,14
7229,114,110,4,4
7230,167,158,9,9
7231,100,88,12,12
7232,90,74,16,16
7233,106,98,8,8
7234,129,120,9,9
7235,81,73,8,8
7236,52,48,4,4
7237,86,75,11,11
7238,92,98,-6,6
7239,59,53,6,6
7240,98,94,4,4
7241,94,79,15,15
7242,173,156,17,17
7243,82,84,-2,2
7244,121,106,15,15
7245,84,68,16,16
7246,44,34,10,10
7247,88,85,3,3
7248,91,76,15,15
7249,97,82,15,15
7250,46,40,6,6
7251,114,98,16,16
7252,108,93,15,15
7253,66,58,8,8
7254,71,67,4,4
7255,76,68,8,8
7256,159,145,14,14
7257,39,47,-8,8
7258,47,49,-2,2
7259,142,112,30,30
7260,124,121,3,3
7261,109,100,9,9
7262,110,101,9,9
7263,59,52,7,7
7264,107,86,21,21
7265,59,48,11,11
7266,93,88,5,5
7267,96,92,4,4
7268,40,40,0,0
7269,124,107,17,17
7270,90,68,22,22
7271,52,50,2,2
7272,95,77,18,18
7273,81,71,10,10
7274,171,141,30,30
7275,78,60,18,18
7276,97,79,18,18
7277,82,82,0,0
7278,93,74,19,19
7279,106,100,6,6
7280,129,107,22,22
7281,110,112,-2,2
7282,28,46,-18,18
7283,152,145,7,7
7284,113,94,19,19
7285,62,53,9,9
7286,51,44,7,7
7287,167,156,11,11
7288,60,45,15,15
7289,176,155,21,21
7290,139,125,14,14
7291,193,173,20,20
7292,78,75,3,3
7293,76,64,12,12
7294,80,70,10,10
7295,86,93,-7,7
7296,102,83,19,19
7297,51,47,4,4
7298,32,29,3,3
7299,133,102,31,31
7300,160,136,24,24
7301,75,65,10,10
7302,84,71,13,13
7303,85,75,10,10
7304,89,81,8,8
7305,69,60,9,9
7306,113,102,11,11
7307,69,61,8,8
7308,76,72,4,4
7309,56,72,-16,16
7310,86,68,18,18
7311,92,90,2,2
7312,54,53,1,1
7313,100,80,20,20
7314,37,38,-1,1
7315,140,124,16,16
7316,57,65,-8,8
7317,83,77,6,6
7318,75,60,15,15
7319,59,53,6,6
7320,99,109,-10,10
7321,108,93,15,15
7322,93,89,4,4
7323,78,74,4,4
7324,166,153,13,13
7325,81,72,9,9
7326,80,70,10,10
7327,166,128,38,38
7328,56,50,6,6
7329,108,94,14,14
7330,88,82,6,6
7331,124,120,4,4
7332,71,66,5,5
7333,111,92,19,19
7334,77,81,-4,4
7335,84,73,11,11
7336,85,78,7,7
7337,103,85,18,18
7338,67,69,-2,2
7339,128,108,20,20
7340,54,45,9,9
7341,98,83,15,15
7342,115,118,-3,3
7343,80,72,8,8
7344,66,58,8,8
7345,84,72,12,12
7346,179,156,23,23
7347,70,66,4,4
7348,93,86,7,7
7349,139,143,-4,4
7350,136,116,20,20
7351,173,159,14,14
7352,112,93,19,19
7353,76,75,1,1
7354,112,106,6,6
7355,118,119,-1,1
7356,109,88,21,21
7357,101,97,4,4
7358,105,89,16,16
7359,67,57,10,10
7360,131,112,19,19
7361,41,45,-4,4
7362,49,39,10,10
7363,113,101,12,12
7364,137,128,9,9
7365,96,92,4,4
7366,68,58,10,10
7367,110,98,12,12
7368,70,63,7,7
7369,155,145,10,10
7370,58,47,11,11
7371,140,133,7,7
7372,119,113,6,6
7373,67,62,5,5
7374,79,70,9,9
7375,68,61,7,7
7376,62,51,11,11
7377,48,45,3,3
7378,104,96,8,8
7379,67,69,-2,2
7380,63,60,3,3
7381,70,58,12,12
7382,83,76,7,7
7383,66,63,3,3
7384,67,69,-2,2
7385,54,48,6,6
7386,144,135,9,9
7387,68,65,3,3
7388,76,71,5,5
7389,62,51,11,11
7390,147,122,25,25
7391,80,89,-9,9
7392,53,51,2,2
7393,73,51,22,22
7394,74,65,9,9
7395,63,61,2,2
7396,111,102,9,9
7397,199,164,35,35
7398,90,78,12,12
7399,65,58,7,7
7400,68,55,13,13
7401,81,74,7,7
7402,95,86,9,9
7403,83,75,8,8
7404,99,80,19,19
7405,64,58,6,6
7406,70,65,5,5
7407,62,48,14,14
7408,60,56,4,4
7409,84,80,4,4
7410,63,54,9,9
7411,91,92,-1,1
7412,53,61,-8,8
7413,114,100,14,14
7414,102,87,15,15
7415,80,62,18,18
7416,85,83,2,2
7417,112,107,5,5
7418,86,73,13,13
7419,61,59,2,2
7420,118,100,18,18
7421,108,82,26,26
7422,179,147,32,32
7423,87,81,6,6
7424,185,160,25,25
7425,91,78,13,13
7426,73,73,0,0
7427,63,51,12,12
7428,159,132,27,27
7429,146,132,14,14
7430,75,74,1,1
7431,73,67,6,6
7432,107,86,21,21
7433,93,82,11,11
7434,89,85,4,4
7435,82,84,-2,2
7436,79,68,11,11
7437,50,49,1,1
7438,69,62,7,7
7439,89,85,4,4
7440,145,131,14,14
7441,84,79,5,5
7442,115,112,3,3
7443,103,109,-6,6
7444,90,88,2,2
7445,57,44,13,13
7446,118,93,25,25
7447,99,90,9,9
7448,124,105,19,19
7449,102,103,-1,1
7450,97,86,11,11
7451,64,53,11,11
7452,78,63,15,15
7453,121,112,9,9
7454,163,143,20,20
7455,63,51,12,12
7456,53,50,3,3
7457,71,63,8,8
7458,79,71,8,8
7459,102,95,7,7
7460,130,112,18,18
7461,114,102,12,12
7462,118,116,2,2
7463,93,85,8,8
7464,78,59,19,19
7465,87,78,9,9
7466,107,87,20,20
7467,105,89,16,16
7468,135,129,6,6
7469,64,56,8,8
7470,80,65,15,15
7471,79,78,1,1
7472,156,147,9,9
7473,123,116,7,7
7474,81,80,1,1
7475,91,83,8,8
7476,184,155,29,29
7477,62,60,2,2
7478,76,74,2,2
7479,112,98,14,14
7480,60,59,1,1
7481,103,88,15,15
7482,83,76,7,7
7483,69,61,8,8
7484,206,179,27,27
7485,78,75,3,3
7486,82,66,16,16
7487,81,76,5,5
7488,39,32,7,7
7489,109,102,7,7
7490,32,38,-6,6
7491,65,68,-3,3
7492,88,75,13,13
7493,94,88,6,6
7494,87,82,5,5
7495,74,63,11,11
7496,88,75,13,13
7497,103,100,3,3
7498,72,54,18,18
7499,83,75,8,8
7500,197,190,7,7
7501,41,38,3,3
7502,76,70,6,6
7503,129,114,15,15
7504,40,53,-13,13
7505,136,126,10,10
7506,62,51,11,11
7507,66,52,14,14
7508,106,108,-2,2
7509,62,56,6,6
7510,109,90,19,19
7511,136,114,22,22
7512,100,86,14,14
7513,160,138,22,22
7514,105,94,11,11
7515,122,105,17,17
7516,98,88,10,10
7517,78,68,10,10
7518,75,67,8,8
7519,67,59,8,8
7520,56,49,7,7
7521,60,50,10,10
7522,38,31,7,7
7523,53,49,4,4
7524,57,63,-6,6
7525,113,99,14,14
7526,83,72,11,11
7527,81,64,17,17
7528,136,124,12,12
7529,78,64,14,14
7530,89,74,15,15
7531,86,78,8,8
7532,68,65,3,3
7533,156,142,14,14
7534,85,71,14,14
7535,126,112,14,14
7536,57,58,-1,1
7537,114,106,8,8
7538,113,92,21,21
7539,75,72,3,3
7540,130,109,21,21
7541,79,54,25,25
7542,112,93,19,19
7543,120,111,9,9
7544,76,71,5,5
7545,86,71,15,15
7546,60,51,9,9
7547,52,51,1,1
7548,80,63,17,17
7549,136,115,21,21
7550,71,68,3,3
7551,152,141,11,11
7552,59,59,0,0
7553,88,72,16,16
7554,71,59,12,12
7555,71,58,13,13
7556,88,84,4,4
7557,44,47,-3,3
7558,95,92,3,3
7559,99,86,13,13
7560,74,75,-1,1
7561,148,125,23,23
7562,74,66,8,8
7563,103,85,18,18
7564,70,55,15,15
7565,128,105,23,23
7566,70,66,4,4
7567,69,67,2,2
7568,95,62,33,33
7569,125,113,12,12
7570,87,83,4,4
7571,130,120,10,10
7572,105,104,1,1
7573,96,82,14,14
7574,90,81,9,9
7575,52,48,4,4
7576,77,82,-5,5
7577,143,126,17,17
7578,97,97,0,0
7579,81,73,8,8
7580,55,46,9,9
7581,122,117,5,5
7582,59,54,5,5
7583,106,95,11,11
7584,146,123,23,23
7585,62,53,9,9
7586,122,109,13,13
7587,166,143,23,23
7588,76,59,17,17
7589,82,80,2,2
7590,114,101,13,13
7591,113,115,-2,2
7592,94,83,11,11
7593,113,105,8,8
7594,79,74,5,5
7595,106,94,12,12
7596,123,110,13,13
7597,118,101,17,17
7598,80,66,14,14
7599,94,83,11,11
7600,89,73,16,16
7601,64,48,16,16
7602,113,104,9,9
7603,137,118,19,19
7604,53,96,-43,43
7605,133,119,14,14
7606,65,79,-14,14
7607,78,76,2,2
7608,40,42,-2,2
7609,60,58,2,2
7610,52,47,5,5
7611,136,117,19,19
7612,155,143,12,12
7613,94,88,6,6
7614,75,68,7,7
7615,36,36,0,0
7616,132,114,18,18
7617,117,101,16,16
7618,136,138,-2,2
7619,141,116,25,25
7620,65,62,3,3
7621,96,69,27,27
7622,68,60,8,8
7623,144,117,27,27
7624,148,130,18,18
7625,117,106,11,11
7626,60,62,-2,2
7627,98,86,12,12
7628,114,99,15,15
7629,139,110,29,29
7630,109,91,18,18
7631,69,67,2,2
7632,105,90,15,15
7633,116,98,18,18
7634,72,57,15,15
7635,74,73,1,1
7636,102,95,7,7
7637,62,45,17,17
7638,36,29,7,7
7639,94,79,15,15
7640,78,68,10,10
7641,150,124,26,26
7642,81,70,11,11
7643,154,141,13,13
7644,115,110,5,5
7645,44,45,-1,1
7646,88,83,5,5
7647,80,67,13,13
7648,75,67,8,8
7649,58,49,9,9
7650,124,112,12,12
7651,90,76,14,14
7652,117,96,21,21
7653,93,80,13,13
7654,133,119,14,14
7655,71,56,15,15
7656,82,76,6,6
7657,66,60,6,6
7658,69,65,4,4
7659,112,95,17,17
7660,114,95,19,19
7661,81,61,20,20
7662,110,104,6,6
7663,76,65,11,11
7664,97,89,8,8
7665,83,72,11,11
7666,73,67,6,6
7667,109,98,11,11
7668,67,57,10,10
7669,101,98,3,3
7670,74,66,8,8
7671,122,107,15,15
7672,51,53,-2,2
7673,80,84,-4,4
7674,118,104,14,14
7675,87,74,13,13
7676,84,68,16,16
7677,135,114,21,21
7678,51,88,-37,37
7679,121,95,26,26
7680,60,51,9,9
7681,150,134,16,16
7682,41,40,1,1
7683,55,47,8,8
7684,149,117,32,32
7685,136,122,14,14
7686,121,97,24,24
7687,121,107,14,14
7688,50,55,-5,5
7689,61,48,13,13
7690,129,111,18,18
7691,83,87,-4,4
7692,83,89,-6,6
7693,77,62,15,15
7694,110,94,16,16
7695,110,87,23,23
7696,108,107,1,1
7697,95,90,5,5
7698,91,78,13,13
7699,99,83,16,16
7700,105,93,12,12
7701,104,118,-14,14
7702,82,77,5,5
7703,68,61,7,7
7704,77,67,10,10
7705,103,89,14,14
7706,87,77,10,10
7707,55,49,6,6
7708,94,84,10,10
7709,67,59,8,8
7710,75,84,-9,9
7711,137,127,10,10
7712,69,62,7,7
7713,67,59,8,8
7714,77,78,-1,1
7715,68,64,4,4
7716,117,102,15,15
7717,109,100,9,9
7718,164,134,30,30
7719,102,105,-3,3
7720,77,76,1,1
7721,71,76,-5,5
7722,71,65,6,6
7723,146,117,29,29
7724,40,31,9,9
7725,121,103,18,18
7726,86,68,18,18
7727,99,85,14,14
7728,68,66,2,2
7729,89,65,24,24
7730,71,67,4,4
7731,72,65,7,7
7732,49,42,7,7
7733,155,111,44,44
7734,145,133,12,12
7735,102,96,6,6
7736,131,118,13,13
7737,101,76,25,25
7738,61,56,5,5
7739,108,101,7,7
7740,62,59,3,3
7741,93,79,14,14
7742,84,72,12,12
7743,56,82,-26,26
7744,143,122,21,21
7745,145,126,19,19
7746,103,84,19,19
7747,88,80,8,8
7748,96,84,12,12
7749,63,59,4,4
7750,88,79,9,9
7751,50,57,-7,7
7752,106,99,7,7
7753,89,68,21,21
7754,101,99,2,2
7755,134,113,21,21
7756,91,75,16,16
7757,134,131,3,3
7758,79,75,4,4
7759,161,140,21,21
7760,127,116,11,11
7761,88,80,8,8
7762,61,62,-1,1
7763,60,62,-2,2
7764,102,86,16,16
7765,140,132,8,8
7766,69,63,6,6
7767,101,101,0,0
7768,175,158,17,17
7769,129,133,-4,4
7770,115,103,12,12
7771,88,91,-3,3
7772,79,69,10,10
7773,102,94,8,8
7774,43,40,3,3
7775,97,86,11,11
7776,132,129,3,3
7777,58,51,7,7
7778,89,86,3,3
7779,90,87,3,3
7780,98,96,2,2
7781,102,94,8,8
7782,88,81,7,7
7783,106,96,10,10
7784,99,87,12,12
7785,151,129,22,22
7786,111,81,30,30
7787,65,60,5,5
7788,71,66,5,5
7789,79,88,-9,9
7790,65,58,7,7
7791,136,116,20,20
7792,151,141,10,10
7793,108,97,11,11
7794,121,102,19,19
7795,54,56,-2,2
7796,96,94,2,2
7797,98,81,17,17
7798,62,57,5,5
7799,78,74,4,4
7800,97,88,9,9
7801,80,71,9,9
7802,65,63,2,2
7803,74,78,-4,4
7804,118,107,11,11
7805,109,92,17,17
7806,99,86,13,13
7807,78,78,0,0
7808,59,64,-5,5
7809,84,86,-2,2
7810,108,101,7,7
7811,89,86,3,3
7812,119,99,20,20
7813,182,150,32,32
7814,133,101,32,32
7815,90,88,2,2
7816,144,149,-5,5
7817,109,96,13,13
7818,154,124,30,30
7819,54,45,9,9
7820,59,55,4,4
7821,120,105,15,15
7822,113,110,3,3
7823,90,78,12,12
7824,119,99,20,20
7825,72,64,8,8
7826,173,154,19,19
7827,252,221,31,31
7828,123,125,-2,2
7829,178,154,24,24
7830,207,179,28,28
7831,86,83,3,3
7832,61,52,9,9
7833,82,80,2,2
7834,77,67,10,10
7835,90,78,12,12
7836,85,92,-7,7
7837,133,133,0,0
7838,67,63,4,4
7839,71,71,0,0
7840,118,117,1,1
7841,168,154,14,14
7842,101,93,8,8
7843,126,106,20,20
7844,127,113,14,14
7845,197,165,32,32
7846,67,60,7,7
7847,59,51,8,8
7848,139,122,17,17
7849,84,76,8,8
7850,75,70,5,5
7851,124,112,12,12
7852,61,55,6,6
7853,78,69,9,9
7854,102,81,21,21
7855,50,38,12,12
7856,72,77,-5,5
7857,98,96,2,2
7858,109,93,16,16
7859,97,82,15,15
7860,79,68,11,11
7861,73,65,8,8
7862,114,97,17,17
7863,118,104,14,14
7864,101,95,6,6
7865,103,96,7,7
7866,49,46,3,3
7867,49,45,4,4
7868,37,40,-3,3
7869,121,110,11,11
7870,69,63,6,6
7871,126,118,8,8
7872,91,78,13,13
7873,119,101,18,18
7874,105,93,12,12
7875,129,117,12,12
7876,83,72,11,11
7877,99,85,14,14
7878,106,102,4,4
7879,67,58,9,9
7880,132,120,12,12
7881,110,90,20,20
7882,72,61,11,11
7883,126,113,13,13
7884,129,133,-4,4
7885,74,64,10,10
7886,131,116,15,15
7887,97,89,8,8
7888,118,112,6,6
7889,124,111,13,13
7890,66,66,0,0
7891,99,96,3,3
7892,93,82,11,11
7893,169,156,13,13
7894,109,105,4,4
7895,194,157,37,37
7896,131,112,19,19
7897,67,62,5,5
7898,102,92,10,10
7899,126,111,15,15
7900,166,160,6,6
7901,52,52,0,0
7902,129,130,-1,1
7903,175,157,18,18
7904,77,62,15,15
7905,52,42,10,10
7906,73,59,14,14
7907,97,90,7,7
7908,49,44,5,5
7909,112,97,15,15
7910,108,101,7,7
7911,91,73,18,18
7912,84,96,-12,12
7913,35,39,-4,4
7914,182,176,6,6
7915,61,54,7,7
7916,61,40,21,21
7917,79,71,8,8
7918,55,50,5,5
7919,64,59,5,5
7920,142,121,21,21
7921,66,58,8,8
7922,74,72,2,2
7923,150,130,20,20
7924,99,86,13,13
7925,106,102,4,4
7926,72,71,1,1
7927,121,104,17,17
7928,114,104,10,10
7929,75,65,10,10
7930,65,66,-1,1
7931,116,105,11,11
7932,99,86,13,13
7933,199,168,31,31
7934,60,56,4,4
7935,67,57,10,10
7936,81,70,11,11
7937,178,126,52,52
7938,70,68,2,2
7939,131,108,23,23
7940,149,126,23,23
7941,70,60,10,10
7942,97,96,1,1
7943,104,83,21,21
7944,73,67,6,6
7945,74,72,2,2
7946,87,87,0,0
7947,112,102,10,10
7948,126,110,16,16
7949,86,95,-9,9
7950,134,118,16,16
7951,117,87,30,30
7952,61,55,6,6
7953,71,73,-2,2
7954,80,79,1,1
7955,63,60,3,3
7956,70,62,8,8
7957,63,70,-7,7
7958,46,46,0,0
7959,59,56,3,3
7960,89,82,7,7
7961,134,115,19,19
7962,113,103,10,10
7963,73,76,-3,3
7964,122,104,18,18
7965,59,54,5,5
7966,142,136,6,6
7967,175,156,19,19
7968,61,50,11,11
7969,142,141,1,1
7970,68,51,17,17
7971,51,51,0,0
7972,94,91,3,3
7973,104,88,16,16
7974,85,76,9,9
7975,155,145,10,10
7976,157,159,-2,2
7977,115,102,13,13
7978,94,89,5,5
7979,86,84,2,2
7980,115,115,0,0
7981,85,74,11,11
7982,106,92,14,14
7983,64,57,7,7
7984,38,67,-29,29
7985,51,50,1,1
7986,106,96,10,10
7987,101,95,6,6
7988,46,55,-9,9
7989,85,62,23,23
7990,104,94,10,10
7991,95,88,7,7
7992,130,111,19,19
7993,151,133,18,18
7994,57,50,7,7
7995,93,86,7,7
7996,69,61,8,8
7997,39,31,8,8
7998,76,71,5,5
7999,84,67,17,17
8000,41,36,5,5
8001,45,45,0,0
8002,68,64,4,4
8003,82,72,10,10
8004,68,64,4,4
8005,73,62,11,11
8006,49,55,-6,6
8007,93,83,10,10
8008,75,65,10,10
8009,85,71,14,14
8010,103,95,8,8
8011,129,115,14,14
8012,116,107,9,9
8013,77,67,10,10
8014,83,74,9,9
8015,104,84,20,20
8016,124,102,22,22
8017,89,76,13,13
8018,88,86,2,2
8019,49,55,-6,6
8020,104,97,7,7
8021,107,94,13,13
8022,125,112,13,13
8023,57,57,0,0
8024,104,88,16,16
8025,51,64,-13,13
8026,86,72,14,14
8027,96,89,7,7
8028,190,177,13,13
8029,84,78,6,6
8030,105,97,8,8
8031,94,81,13,13
8032,74,62,12,12
8033,100,84,16,16
8034,126,110,16,16
8035,73,64,9,9
8036,83,77,6,6
8037,141,122,19,19
8038,124,113,11,11
8039,79,79,0,0
8040,135,119,16,16
8041,81,66,15,15
8042,137,126,11,11
8043,75,70,5,5
8044,54,55,-1,1
8045,102,95,7,7
8046,157,125,32,32
8047,93,82,11,11
8048,155,129,26,26
8049,71,63,8,8
8050,109,96,13,13
8051,60,56,4,4
8052,57,60,-3,3
8053,113,99,14,14
8054,130,120,10,10
8055,71,70,1,1
8056,92,81,11,11
8057,148,115,33,33
8058,117,94,23,23
8059,68,62,6,6
8060,161,137,24,24
8061,85,74,11,11
8062,65,55,10,10
8063,43,39,4,4
8064,102,92,10,10
8065,69,55,14,14
8066,185,163,22,22
8067,133,115,18,18
8068,104,92,12,12
8069,105,95,10,10
8070,120,104,16,16
8071,85,75,10,10
8072,73,47,26,26
8073,158,152,6,6
8074,76,64,12,12
8075,87,61,26,26
8076,148,117,31,31
8077,85,78,7,7
8078,98,75,23,23
8079,66,69,-3,3
8080,100,90,10,10
8081,110,100,10,10
8082,86,82,4,4
8083,119,115,4,4
8084,75,63,12,12
8085,110,113,-3,3
8086,69,78,-9,9
8087,127,100,27,27
8088,98,85,13,13
8089,116,112,4,4
8090,65,59,6,6
8091,94,86,8,8
8092,58,51,7,7
8093,68,74,-6,6
8094,118,102,16,16
8095,27,35,-8,8
8096,74,62,12,12
8097,81,76,5,5
8098,98,81,17,17
8099,56,51,5,5
8100,101,91,10,10
8101,128,108,20,20
8102,104,97,7,7
8103,69,58,11,11
8104,130,105,25,25
8105,121,113,8,8
8106,42,74,-32,32
8107,89,88,1,1
8108,71,59,12,12
8109,129,107,22,22
8110,59,59,0,0
8111,101,93,8,8
8112,102,95,7,7
8113,109,103,6,6
8114,94,81,13,13
8115,108,101,7,7
8116,102,88,14,14
8117,89,82,7,7
8118,121,113,8,8
8119,122,119,3,3
8120,67,61,6,6
8121,51,58,-7,7
8122,89,78,11,11
8123,88,87,1,1
8124,131,105,26,26
8125,103,92,11,11
8126,151,166,-15,15
8127,134,130,4,4
8128,108,99,9,9
8129,92,83,9,9
8130,65,54,11,11
8131,81,73,8,8
8132,68,74,-6,6
8133,91,76,15,15
8134,114,98,16,16
8135,48,50,-2,2
8136,102,98,4,4
8137,149,137,12,12
8138,108,98,10,10
8139,60,51,9,9
8140,103,99,4,4
8141,65,62,3,3
8142,119,111,8,8
8143,104,102,2,2
8144,64,54,10,10
8145,48,44,4,4
8146,55,50,5,5
8147,75,69,6,6
8148,44,50,-6,6
8149,73,73,0,0
8150,54,49,5,5
8151,54,50,4,4
8152,52,49,3,3
8153,95,78,17,17
8154,66,65,1,1
8155,85,87,-2,2
8156,75,57,18,18
8157,95,96,-1,1
8158,95,79,16,16
8159,36,33,3,3
8160,79,73,6,6
8161,123,111,12,12
8162,81,65,16,16
8163,176,144,32,32
8164,60,45,15,15
8165,61,60,1,1
8166,140,116,24,24
8167,127,110,17,17
8168,96,88,8,8
8169,99,79,20,20
8170,108,90,18,18
8171,58,53,5,5
8172,51,53,-2,2
8173,95,82,13,13
8174,58,66,-8,8
8175,76,66,10,10
8176,116,100,16,16
8177,108,90,18,18
8178,168,145,23,23
8179,27,29,-2,2
8180,145,118,27,27
8181,53,48,5,5
8182,67,59,8,8
8183,92,82,10,10
8184,78,65,13,13
8185,113,105,8,8
8186,141,131,10,10
8187,136,114,22,22
8188,103,98,5,5
8189,86,82,4,4
8190,195,177,18,18
8191,75,67,8,8
8192,63,58,5,5
8193,66,57,9,9
8194,127,118,9,9
8195,122,103,19,19
8196,54,91,-37,37
8197,101,93,8,8
8198,93,74,19,19
8199,64,59,5,5
8200,108,100,8,8
8201,111,97,14,14
8202,77,62,15,15
8203,154,139,15,15
8204,94,76,18,18
8205,84,75,9,9
8206,76,78,-2,2
8207,87,73,14,14
8208,126,105,21,21
8209,82,73,9,9
8210,82,76,6,6
8211,80,72,8,8
8212,126,118,8,8
8213,64,57,7,7
8214,142,114,28,28
8215,143,127,16,16
8216,127,129,-2,2
8217,76,75,1,1
8218,57,62,-5,5
8219,109,90,19,19
8220,141,125,16,16
8221,129,109,20,20
8222,114,97,17,17
8223,83,76,7,7
8224,149,137,12,12
8225,47,52,-5,5
8226,88,80,8,8
8227,88,76,12,12
8228,105,97,8,8
8229,93,94,-1,1
8230,109,84,25,25
8231,87,76,11,11
8232,43,38,5,5
8233,81,68,13,13
8234,101,73,28,28
8235,80,64,16,16
8236,112,99,13,13
8237,92,86,6,6
8238,102,90,12,12
8239,71,58,13,13
8240,166,142,24,24
8241,98,83,15,15
8242,129,105,24,24
8243,79,77,2,2
8244,109,93,16,16
8245,145,125,20,20
8246,166,144,22,22
8247,76,72,4,4
8248,46,40,6,6
8249,113,97,16,16
8250,75,75,0,0
8251,86,74,12,12
8252,76,68,8,8
8253,88,82,6,6
8254,67,68,-1,1
8255,100,86,14,14
8256,71,69,2,2
8257,59,55,4,4
8258,181,159,22,22
8259,56,51,5,5
8260,114,89,25,25
8261,92,84,8,8
8262,100,90,10,10
8263,75,81,-6,6
8264,188,163,25,25
8265,51,45,6,6
8266,84,83,1,1
8267,171,174,-3,3
8268,66,54,12,12
8269,92,77,15,15
8270,122,112,10,10
8271,40,41,-1,1
8272,87,78,9,9
8273,122,106,16,16
8274,98,82,16,16
8275,96,81,15,15
8276,120,101,19,19
8277,82,75,7,7
8278,88,74,14,14
8279,60,60,0,0
8280,83,72,11,11
8281,81,65,16,16
8282,151,139,12,12
8283,187,169,18,18
8284,98,98,0,0
8285,95,80,15,15
8286,77,69,8,8
8287,144,130,14,14
8288,81,73,8,8
8289,91,87,4,4
8290,149,138,11,11
8291,99,105,-6,6
8292,96,73,23,23
8293,129,121,8,8
8294,63,59,4,4
8295,86,76,10,10
8296,64,62,2,2
8297,74,57,17,17
8298,93,85,8,8
8299,85,75,10,10
8300,248,202,46,46
8301,91,79,12,12
8302,58,53,5,5
8303,93,70,23,23
8304,93,86,7,7
8305,55,52,3,3
8306,102,94,8,8
8307,107,88,19,19
8308,79,71,8,8
8309,84,72,12,12
8310,95,83,12,12
8311,110,97,13,13
8312,80,68,12,12
8313,44,43,1,1
8314,96,88,8,8
8315,59,58,1,1
8316,109,100,9,9
8317,198,180,18,18
8318,81,81,0,0
8319,119,103,16,16
8320,106,97,9,9
8321,114,91,23,23
8322,51,53,-2,2
8323,110,100,10,10
8324,112,103,9,9
8325,99,91,8,8
8326,80,66,14,14
8327,59,61,-2,2
8328,110,106,4,4
8329,125,100,25,25
8330,137,119,18,18
8331,73,67,6,6
8332,190,169,21,21
8333,137,131,6,6
8334,46,45,1,1
8335,124,114,10,10
8336,87,75,12,12
8337,114,88,26,26
8338,83,73,10,10
8339,85,75,10,10
8340,142,149,-7,7
8341,108,89,19,19
8342,129,117,12,12
8343,107,86,21,21
8344,109,102,7,7
8345,144,128,16,16
8346,76,68,8,8
8347,38,48,-10,10
8348,157,145,12,12
8349,55,50,5,5
8350,99,97,2,2
8351,153,131,22,22
8352,74,64,10,10
8353,74,69,5,5
8354,78,68,10,10
8355,74,75,-1,1
8356,94,82,12,12
8357,112,93,19,19
8358,141,137,4,4
8359,82,66,16,16
8360,160,151,9,9
8361,103,91,12,12
8362,110,95,15,15
8363,42,43,-1,1
8364,69,62,7,7
8365,59,45,14,14
8366,98,86,12,12
8367,75,55,20,20
8368,58,53,5,5
8369,74,60,14,14
8370,108,103,5,5
8371,66,67,-1,1
8372,105,90,15,15
8373,46,51,-5,5
8374,55,47,8,8
8375,71,55,16,16
8376,115,107,8,8
8377,88,71,17,17
8378,47,42,5,5
8379,174,151,23,23
8380,94,77,17,17
8381,74,66,8,8
8382,84,73,11,11
8383,85,71,14,14
8384,65,52,13,13
8385,39,33,6,6
8386,118,97,21,21
8387,101,86,15,15
8388,78,71,7,7
8389,97,101,-4,4
8390,104,91,13,13
8391,98,83,15,15
8392,81,83,-2,2
8393,112,99,13,13
8394,98,87,11,11
8395,96,93,3,3
8396,53,45,8,8
8397,67,73,-6,6
8398,70,66,4,4
8399,114,94,20,20
8400,104,96,8,8
8401,65,65,0,0
8402,80,59,21,21
8403,96,73,23,23
8404,70,60,10,10
8405,105,94,11,11
8406,100,77,23,23
8407,160,135,25,25
8408,91,90,1,1
8409,100,93,7,7
8410,119,90,29,29
8411,65,62,3,3
8412,99,93,6,6
8413,172,131,41,41
8414,83,70,13,13
8415,85,70,15,15
8416,69,58,11,11
8417,59,60,-1,1
8418,93,86,7,7
8419,81,75,6,6
8420,75,66,9,9
8421,62,59,3,3
8422,115,94,21,21
8423,107,128,-21,21
8424,105,93,12,12
8425,51,52,-1,1
8426,76,72,4,4
8427,88,83,5,5
8428,145,130,15,15
8429,114,105,9,9
8430,38,39,-1,1
8431,133,119,14,14
8432,74,64,10,10
8433,119,108,11,11
8434,96,81,15,15
8435,143,117,26,26
8436,60,56,4,4
8437,130,108,22,22
8438,120,99,21,21
8439,122,128,-6,6
8440,113,98,15,15
8441,68,68,0,0
8442,98,85,13,13
8443,143,114,29,29
8444,77,62,15,15
8445,92,86,6,6
8446,61,54,7,7
8447,74,71,3,3
8448,94,68,26,26
8449,102,89,13,13
8450,118,106,12,12
8451,119,108,11,11
8452,193,167,26,26
8453,95,85,10,10
8454,89,82,7,7
8455,129,111,18,18
8456,124,104,20,20
8457,84,69,15,15
8458,76,70,6,6
8459,55,51,4,4
8460,143,125,18,18
8461,134,107,27,27
8462,88,81,7,7
8463,132,122,10,10
8464,114,89,25,25
8465,71,61,10,10
8466,79,63,16,16
8467,101,89,12,12
8468,134,126,8,8
8469,61,46,15,15
8470,81,68,13,13
8471,107,102,5,5
8472,86,72,14,14
8473,83,74,9,9
8474,94,86,8,8
8475,102,97,5,5
8476,110,112,-2,2
8477,137,127,10,10
8478,56,64,-8,8
8479,134,113,21,21
8480,80,80,0,0
8481,46,44,2,2
8482,111,101,10,10
8483,112,95,17,17
8484,121,109,12,12
8485,113,101,12,12
8486,91,88,3,3
8487,47,51,-4,4
8488,65,58,7,7
8489,56,67,-11,11
8490,83,79,4,4
8491,85,84,1,1
8492,102,86,16,16
8493,80,76,4,4
8494,110,95,15,15
8495,141,134,7,7
8496,90,80,10,10
8497,73,65,8,8
8498,60,50,10,10
8499,178,138,40,40
8500,124,123,1,1
8501,108,88,20,20
8502,100,90,10,10
8503,78,69,9,9
8504,115,108,7,7
8505,127,123,4,4
8506,47,41,6,6
8507,58,45,13,13
8508,151,126,25,25
8509,104,87,17,17
8510,56,61,-5,5
8511,79,78,1,1
8512,67,60,7,7
8513,109,100,9,9
8514,83,64,19,19
8515,101,71,30,30
8516,78,76,2,2
8517,101,119,-18,18
8518,64,65,-1,1
8519,69,57,12,12
8520,81,70,11,11
8521,185,163,22,22
8522,89,73,16,16
8523,137,110,27,27
8524,98,83,15,15
8525,185,160,25,25
8526,62,51,11,11
8527,135,118,17,17
8528,140,122,18,18
8529,166,158,8,8
8530,68,62,6,6
8531,100,95,5,5
8532,122,124,-2,2
8533,105,94,11,11
8534,129,116,13,13
8535,117,104,13,13
8536,74,71,3,3
8537,91,81,10,10
8538,96,87,9,9
8539,96,87,9,9
8540,76,74,2,2
8541,106,90,16,16
8542,71,59,12,12
8543,43,39,4,4
8544,88,74,14,14
8545,79,80,-1,1
8546,104,88,16,16
8547,82,73,9,9
8548,112,104,8,8
8549,104,96,8,8
8550,55,54,1,1
8551,90,82,8,8
8552,47,51,-4,4
8553,111,87,24,24
8554,127,112,15,15
8555,67,65,2,2
8556,163,139,24,24
8557,154,144,10,10
8558,63,60,3,3
8559,50,47,3,3
8560,56,59,-3,3
8561,104,101,3,3
8562,80,76,4,4
8563,83,68,15,15
8564,64,62,2,2
8565,55,47,8,8
8566,84,67,17,17
8567,130,112,18,18
8568,85,79,6,6
8569,109,97,12,12
8570,153,128,25,25
8571,104,92,12,12
8572,129,111,18,18
8573,106,89,17,17
8574,173,161,12,12
8575,93,81,12,12
8576,93,79,14,14
8577,99,86,13,13
8578,66,60,6,6
8579,98,85,13,13
8580,110,125,-15,15
8581,50,54,-4,4
8582,104,93,11,11
8583,110,90,20,20
8584,60,67,-7,7
8585,102,85,17,17
8586,87,76,11,11
8587,133,121,12,12
8588,133,120,13,13
8589,122,97,25,25
8590,92,78,14,14
8591,139,124,15,15
8592,52,44,8,8
8593,83,88,-5,5
8594,91,78,13,13
8595,65,58,7,7
8596,113,105,8,8
8597,77,72,5,5
8598,161,131,30,30
8599,92,82,10,10
8600,180,143,37,37
8601,77,69,8,8
8602,109,95,14,14
8603,81,74,7,7
8604,98,94,4,4
8605,54,44,10,10
8606,126,110,16,16
8607,91,84,7,7
8608,77,73,4,4
8609,124,111,13,13
8610,78,77,1,1
8611,189,148,41,41
8612,80,70,10,10
8613,159,129,30,30
8614,73,70,3,3
8615,90,90,0,0
8616,62,42,20,20
8617,90,78,12,12
8618,134,128,6,6
8619,121,93,28,28
8620,87,77,10,10
8621,59,53,6,6
8622,89,89,0,0
8623,105,94,11,11
8624,97,79,18,18
8625,110,92,18,18
8626,141,111,30,30
8627,85,78,7,7
8628,132,120,12,12
8629,89,77,12,12
8630,75,73,2,2
8631,81,69,12,12
8632,77,61,16,16
8633,104,90,14,14
8634,132,132,0,0
8635,136,116,20,20
8636,82,74,8,8
8637,85,83,2,2
8638,76,69,7,7
8639,109,119,-10,10
8640,51,51,0,0
8641,85,83,2,2
8642,58,52,6,6
8643,161,150,11,11
8644,85,77,8,8
8645,61,48,13,13
8646,82,74,8,8
8647,114,106,8,8
8648,113,100,13,13
8649,82,73,9,9
8650,128,109,19,19
8651,113,104,9,9
8652,61,63,-2,2
8653,85,71,14,14
8654,112,100,12,12
8655,76,63,13,13
8656,89,77,12,12
8657,142,118,24,24
8658,81,70,11,11
8659,143,120,23,23
8660,94,80,14,14
8661,134,101,33,33
8662,59,49,10,10
8663,55,55,0,0
8664,75,73,2,2
8665,87,83,4,4
8666,69,51,18,18
8667,104,90,14,14
8668,57,48,9,9
8669,68,58,10,10
8670,169,147,22,22
8671,114,110,4,4
8672,92,78,14,14
8673,97,78,19,19
8674,121,107,14,14
8675,89,60,29,29
8676,116,109,7,7
8677,93,90,3,3
8678,116,97,19,19
8679,125,115,10,10
8680,82,99,-17,17
8681,50,40,10,10
8682,46,39,7,7
8683,45,48,-3,3
8684,120,109,11,11
8685,93,81,12,12
8686,102,93,9,9
8687,126,114,12,12
8688,108,115,-7,7
8689,110,100,10,10
8690,101,92,9,9
8691,73,70,3,3
8692,58,50,8,8
8693,113,97,16,16
8694,136,130,6,6
8695,64,59,5,5
8696,125,146,-21,21
8697,88,71,17,17
8698,92,78,14,14
8699,106,92,14,14
8700,90,95,-5,5
8701,85,73,12,12
8702,80,70,10,10
8703,110,92,18,18
8704,80,70,10,10
8705,117,104,13,13
8706,47,50,-3,3
8707,112,97,15,15
8708,84,76,8,8
8709,116,99,17,17
8710,61,60,1,1
8711,82,70,12,12
8712,164,131,33,33
8713,125,112,13,13
8714,80,75,5,5
8715,66,58,8,8
8716,61,62,-1,1
8717,82,93,-11,11
8718,81,75,6,6
8719,143,118,25,25
8720,145,117,28,28
8721,75,61,14,14
8722,60,72,-12,12
8723,86,83,3,3
8724,99,93,6,6
8725,112,102,10,10
8726,98,83,15,15
8727,96,79,17,17
8728,64,64,0,0
8729,62,57,5,5
8730,123,119,4,4
8731,83,78,5,5
8732,101,91,10,10
8733,27,24,3,3
8734,167,147,20,20
8735,149,139,10,10
8736,94,87,7,7
8737,155,137,18,18
8738,39,33,6,6
8739,62,56,6,6
8740,81,67,14,14
8741,58,50,8,8
8742,74,73,1,1
8743,139,133,6,6
8744,74,62,12,12
8745,84,81,3,3
8746,155,113,42,42
8747,114,102,12,12
8748,152,180,-28,28
8749,104,84,20,20
8750,92,91,1,1
8751,55,56,-1,1
8752,91,78,13,13
8753,90,73,17,17
8754,86,75,11,11
8755,76,60,16,16
8756,86,82,4,4
8757,49,43,6,6
8758,105,97,8,8
8759,67,58,9,9
8760,96,111,-15,15
8761,105,96,9,9
8762,98,72,26,26
8763,114,102,12,12
8764,114,108,6,6
8765,103,104,-1,1
8766,128,111,17,17
8767,110,91,19,19
8768,89,72,17,17
8769,67,54,13,13
8770,136,115,21,21
8771,154,137,17,17
8772,62,57,5,5
8773,109,100,9,9
8774,91,80,11,11
8775,63,51,12,12
8776,172,152,20,20
8777,93,76,17,17
8778,81,69,12,12
8779,87,85,2,2
8780,49,55,-6,6
8781,157,147,10,10
8782,87,77,10,10
8783,61,77,-16,16
8784,60,52,8,8
8785,129,115,14,14
8786,75,58,17,17
8787,86,82,4,4
8788,37,32,5,5
8789,110,100,10,10
8790,124,107,17,17
8791,65,58,7,7
8792,148,141,7,7
8793,73,74,-1,1
8794,105,103,2,2
8795,70,71,-1,1
8796,63,66,-3,3
8797,71,61,10,10
8798,71,66,5,5
8799,68,61,7,7
8800,96,81,15,15
8801,87,72,15,15
8802,88,80,8,8
8803,69,58,11,11
8804,83,74,9,9
8805,72,75,-3,3
8806,98,92,6,6
8807,126,111,15,15
8808,45,47,-2,2
8809,52,43,9,9
8810,103,99,4,4
8811,77,62,15,15
8812,83,72,11,11
8813,73,57,16,16
8814,108,95,13,13
8815,73,72,1,1
8816,80,71,9,9
8817,57,51,6,6
8818,63,56,7,7
8819,24,30,-6,6
8820,89,65,24,24
8821,61,56,5,5
8822,97,90,7,7
8823,85,79,6,6
8824,143,133,10,10
8825,129,109,20,20
8826,75,75,0,0
8827,71,68,3,3
8828,92,75,17,17
8829,72,58,14,14
8830,91,74,17,17
8831,83,60,23,23
8832,75,76,-1,1
8833,66,58,8,8
8834,43,45,-2,2
8835,127,111,16,16
8836,125,120,5,5
8837,44,43,1,1
8838,51,51,0,0
8839,54,51,3,3
8840,203,192,11,11
8841,127,109,18,18
8842,102,90,12,12
8843,81,68,13,13
8844,69,59,10,10
8845,121,109,12,12
8846,85,65,20,20
8847,125,104,21,21
8848,138,115,23,23
8849,191,149,42,42
8850,92,89,3,3
8851,94,80,14,14
8852,128,115,13,13
8853,35,49,-14,14
8854,104,95,9,9
8855,86,71,15,15
8856,132,110,22,22
8857,89,78,11,11
8858,48,43,5,5
8859,75,62,13,13
8860,80,63,17,17
8861,100,85,15,15
8862,115,103,12,12
8863,135,120,15,15
8864,88,83,5,5
8865,108,96,12,12
8866,141,136,5,5
8867,81,71,10,10
8868,147,133,14,14
8869,94,79,15,15
8870,86,78,8,8
8871,125,111,14,14
8872,62,57,5,5
8873,82,78,4,4
8874,123,104,19,19
8875,80,68,12,12
8876,108,89,19,19
8877,91,74,17,17
8878,124,111,13,13
8879,93,95,-2,2
8880,141,148,-7,7
8881,97,51,46,46
8882,177,150,27,27
8883,80,73,7,7
8884,133,140,-7,7
8885,98,96,2,2
8886,104,85,19,19
8887,64,57,7,7
8888,170,146,24,24
8889,91,84,7,7
8890,98,86,12,12
8891,125,106,19,19
8892,65,64,1,1
8893,86,81,5,5
8894,75,62,13,13
8895,72,68,4,4
8896,53,67,-14,14
8897,93,74,19,19
8898,69,61,8,8
8899,95,78,17,17
8900,76,71,5,5
8901,73,63,10,10
8902,56,51,5,5
8903,92,83,9,9
8904,43,42,1,1
8905,60,54,6,6
8906,74,74,0,0
8907,85,81,4,4
8908,91,81,10,10
8909,92,77,15,15
8910,91,78,13,13
8911,60,59,1,1
8912,142,139,3,3
8913,127,124,3,3
8914,87,80,7,7
8915,130,120,10,10
8916,104,92,12,12
8917,62,51,11,11
8918,125,121,4,4
8919,96,159,-63,63
8920,170,136,34,34
8921,103,109,-6,6
8922,185,155,30,30
8923,80,70,10,10
8924,56,56,0,0
8925,105,107,-2,2
8926,63,57,6,6
8927,88,81,7,7
8928,79,72,7,7
8929,60,69,-9,9
8930,84,77,7,7
8931,123,119,4,4
8932,107,94,13,13
8933,94,87,7,7
8934,70,70,0,0
8935,141,116,25,25
8936,56,43,13,13
8937,166,151,15,15
8938,120,96,24,24
8939,137,110,27,27
8940,88,72,16,16
8941,127,94,33,33
8942,157,139,18,18
8943,130,129,1,1
8944,106,101,5,5
8945,131,119,12,12
8946,54,47,7,7
8947,132,116,16,16
8948,80,68,12,12
8949,81,79,2,2
8950,128,101,27,27
8951,36,32,4,4
8952,106,98,8,8
8953,85,78,7,7
8954,64,60,4,4
8955,81,71,10,10
8956,120,103,17,17
8957,130,109,21,21
8958,99,79,20,20
8959,70,61,9,9
8960,78,63,15,15
8961,112,108,4,4
8962,82,72,10,10
8963,184,147,37,37
8964,129,126,3,3
8965,111,94,17,17
8966,99,95,4,4
8967,51,50,1,1
8968,102,89,13,13
8969,66,60,6,6
8970,74,70,4,4
8971,129,120,9,9
8972,54,53,1,1
8973,117,122,-5,5
8974,120,107,13,13
8975,73,71,2,2
8976,177,153,24,24
8977,157,138,19,19
8978,77,70,7,7
8979,55,52,3,3
8980,132,113,19,19
8981,180,148,32,32
8982,72,64,8,8
8983,88,86,2,2
8984,71,70,1,1
8985,85,72,13,13
8986,51,41,10,10
8987,61,57,4,4
8988,76,67,9,9
8989,90,82,8,8
8990,64,62,2,2
8991,67,80,-13,13
8992,95,83,12,12
8993,46,45,1,1
8994,92,78,14,14
8995,121,128,-7,7
8996,93,86,7,7
8997,92,88,4,4
8998,52,49,3,3
8999,112,109,3,3
9000,66,94,-28,28
9001,76,66,10,10
9002,157,134,23,23
9003,75,65,10,10
9004,68,62,6,6
9005,64,60,4,4
9006,135,111,24,24
9007,107,95,12,12
9008,79,73,6,6
9009,82,73,9,9
9010,101,82,19,19
9011,142,151,-9,9
9012,108,98,10,10
9013,93,90,3,3
9014,111,109,2,2
9015,111,94,17,17
9016,101,82,19,19
9017,67,57,10,10
9018,58,49,9,9
9019,117,100,17,17
9020,100,86,14,14
9021,96,81,15,15
9022,106,96,10,10
9023,82,74,8,8
9024,57,54,3,3
9025,95,78,17,17
9026,92,77,15,15
9027,78,69,9,9
9028,85,71,14,14
9029,46,37,9,9
9030,60,62,-2,2
9031,68,70,-2,2
9032,90,80,10,10
9033,106,99,7,7
9034,72,63,9,9
9035,91,77,14,14
9036,142,126,16,16
9037,63,50,13,13
9038,55,49,6,6
9039,112,97,15,15
9040,165,147,18,18
9041,80,70,10,10
9042,58,49,9,9
9043,96,93,3,3
9044,69,59,10,10
9045,85,88,-3,3
9046,74,68,6,6
9047,148,125,23,23
9048,61,50,11,11
9049,114,107,7,7
9050,117,104,13,13
9051,87,78,9,9
9052,148,133,15,15
9053,129,111,18,18
9054,100,84,16,16
9055,79,68,11,11
9056,84,74,10,10
9057,75,67,8,8
9058,101,91,10,10
9059,74,67,7,7
9060,98,79,19,19
9061,97,90,7,7
9062,58,54,4,4
9063,104,91,13,13
9064,122,106,16,16
9065,33,33,0,0
9066,62,50,12,12
9067,59,59,0,0
9068,66,67,-1,1
9069,112,97,15,15
9070,109,90,19,19
9071,67,65,2,2
9072,157,163,-6,6
9073,147,135,12,12
9074,114,99,15,15
9075,45,34,11,11
9076,71,69,2,2
9077,135,114,21,21
9078,64,49,15,15
9079,101,100,1,1
9080,93,85,8,8
9081,92,77,15,15
9082,128,113,15,15
9083,90,73,17,17
9084,113,90,23,23
9085,62,55,7,7
9086,66,54,12,12
9087,69,65,4,4
9088,90,78,12,12
9089,69,59,10,10
9090,87,80,7,7
9091,70,72,-2,2
9092,88,82,6,6
9093,60,60,0,0
9094,172,141,31,31
9095,94,83,11,11
9096,53,52,1,1
9097,81,69,12,12
9098,103,90,13,13
9099,146,127,19,19
9100,93,82,11,11
9101,106,100,6,6
9102,115,94,21,21
9103,171,144,27,27
9104,80,70,10,10
9105,89,75,14,14
9106,75,72,3,3
9107,197,164,33,33
9108,52,56,-4,4
9109,56,54,2,2
9110,76,68,8,8
9111,136,125,11,11
9112,127,116,11,11
9113,102,95,7,7
9114,100,92,8,8
9115,154,133,21,21
9116,127,124,3,3
9117,115,100,15,15
9118,69,68,1,1
9119,113,91,22,22
9120,116,108,8,8
9121,92,84,8,8
9122,95,89,6,6
9123,81,66,15,15
9124,81,77,4,4
9125,148,136,12,12
9126,94,82,12,12
9127,117,106,11,11
9128,47,45,2,2
9129,100,86,14,14
9130,133,117,16,16
9131,79,87,-8,8
9132,147,124,23,23
9133,62,61,1,1
9134,77,73,4,4
9135,154,131,23,23
9136,112,106,6,6
9137,65,58,7,7
9138,42,40,2,2
9139,114,99,15,15
9140,114,100,14,14
9141,77,62,15,15
9142,68,68,0,0
9143,84,77,7,7
9144,120,111,9,9
9145,132,118,14,14
9146,113,113,0,0
9147,86,76,10,10
9148,78,71,7,7
9149,73,76,-3,3
9150,68,55,13,13
9151,93,88,5,5
9152,113,112,1,1
9153,58,54,4,4
9154,63,60,3,3
9155,54,46,8,8
9156,123,99,24,24
9157,43,40,3,3
9158,82,68,14,14
9159,144,128,16,16
9160,73,93,-20,20
9161,49,49,0,0
9162,103,87,16,16
9163,179,169,10,10
9164,106,92,14,14
9165,93,96,-3,3
9166,135,132,3,3
9167,120,110,10,10
9168,130,115,15,15
9169,79,81,-2,2
9170,82,73,9,9
9171,55,50,5,5
9172,74,61,13,13
9173,153,141,12,12
9174,93,83,10,10
9175,107,96,11,11
9176,136,136,0,0
9177,88,82,6,6
9178,56,59,-3,3
9179,171,140,31,31
9180,115,102,13,13
9181,53,54,-1,1
9182,124,114,10,10
9183,117,96,21,21
9184,76,70,6,6
9185,168,143,25,25
9186,78,68,10,10
9187,42,37,5,5
9188,74,66,8,8
9189,156,125,31,31
9190,81,69,12,12
9191,88,72,16,16
9192,169,146,23,23
9193,74,62,12,12
9194,108,94,14,14
9195,98,78,20,20
9196,175,175,0,0
9197,39,43,-4,4
9198,47,46,1,1
9199,100,77,23,23
9200,105,85,20,20
9201,103,91,12,12
9202,114,100,14,14
9203,65,62,3,3
9204,70,59,11,11
9205,79,68,11,11
9206,96,89,7,7
9207,123,118,5,5
9208,94,83,11,11
9209,124,114,10,10
9210,102,87,15,15
9211,108,90,18,18
9212,78,73,5,5
9213,111,101,10,10
9214,84,82,2,2
9215,58,45,13,13
9216,124,111,13,13
9217,92,78,14,14
9218,75,72,3,3
9219,64,47,17,17
9220,89,74,15,15
9221,88,82,6,6
9222,58,62,-4,4
9223,116,105,11,11
9224,57,57,0,0
9225,98,86,12,12
9226,138,132,6,6
9227,87,84,3,3
9228,58,49,9,9
9229,141,119,22,22
9230,72,63,9,9
9231,63,66,-3,3
9232,173,151,22,22
9233,113,100,13,13
9234,114,93,21,21
9235,95,78,17,17
9236,80,75,5,5
9237,75,67,8,8
9238,113,102,11,11
9239,86,85,1,1
9240,54,53,1,1
9241,99,84,15,15
9242,149,129,20,20
9243,73,55,18,18
9244,86,69,17,17
9245,108,94,14,14
9246,74,65,9,9
9247,59,58,1,1
9248,106,100,6,6
9249,158,126,32,32
9250,45,53,-8,8
9251,77,67,10,10
9252,116,117,-1,1
9253,52,45,7,7
9254,93,94,-1,1
9255,129,111,18,18
9256,63,56,7,7
9257,41,44,-3,3
9258,62,49,13,13
9259,168,146,22,22
9260,117,114,3,3
9261,142,123,19,19
9262,112,94,18,18
9263,101,90,11,11
9264,86,77,9,9
9265,77,70,7,7
9266,141,123,18,18
9267,80,80,0,0
9268,107,107,0,0
9269,90,78,12,12
9270,65,63,2,2
9271,57,46,11,11
9272,89,74,15,15
9273,63,58,5,5
9274,121,106,15,15
9275,108,94,14,14
9276,83,74,9,9
9277,116,103,13,13
9278,66,63,3,3
9279,128,118,10,10
9280,98,87,11,11
9281,76,71,5,5
9282,130,110,20,20
9283,55,51,4,4
9284,64,58,6,6
9285,107,106,1,1
9286,117,96,21,21
9287,124,110,14,14
9288,88,78,10,10
9289,44,37,7,7
9290,89,78,11,11
9291,82,75,7,7
9292,78,69,9,9
9293,63,58,5,5
9294,60,50,10,10
9295,55,52,3,3
9296,80,74,6,6
9297,56,51,5,5
9298,68,64,4,4
9299,177,166,11,11
9300,69,61,8,8
9301,63,58,5,5
9302,116,98,18,18
9303,96,90,6,6
9304,142,109,33,33
9305,85,74,11,11
9306,56,59,-3,3
9307,91,78,13,13
9308,72,67,5,5
9309,69,71,-2,2
9310,114,94,20,20
9311,131,121,10,10
9312,70,69,1,1
9313,138,123,15,15
9314,103,92,11,11
9315,69,66,3,3
9316,97,88,9,9
9317,98,105,-7,7
9318,117,99,18,18
9319,95,93,2,2
9320,130,113,17,17
9321,174,143,31,31
9322,114,107,7,7
9323,87,85,2,2
9324,92,85,7,7
9325,57,53,4,4
9326,93,79,14,14
9327,90,79,11,11
9328,87,82,5,5
9329,87,80,7,7
9330,115,104,11,11
9331,103,95,8,8
9332,66,57,9,9
9333,95,80,15,15
9334,98,84,14,14
9335,82,71,11,11
9336,63,52,11,11
9337,39,36,3,3
9338,60,55,5,5
9339,112,97,15,15
9340,159,147,12,12
9341,41,43,-2,2
9342,96,86,10,10
9343,117,98,19,19
9344,69,66,3,3
9345,82,74,8,8
9346,125,106,19,19
9347,82,70,12,12
9348,65,62,3,3
9349,92,74,18,18
9350,91,88,3,3
9351,91,80,11,11
9352,95,86,9,9
9353,28,36,-8,8
9354,64,53,11,11
9355,73,62,11,11
9356,122,101,21,21
9357,76,74,2,2
9358,82,70,12,12
9359,134,118,16,16
9360,118,98,20,20
9361,72,66,6,6
9362,96,111,-15,15
9363,176,151,25,25
9364,156,138,18,18
9365,64,75,-11,11
9366,99,98,1,1
9367,94,79,15,15
9368,84,72,12,12
9369,88,80,8,8
9370,144,134,10,10
9371,123,104,19,19
9372,99,94,5,5
9373,63,71,-8,8
9374,64,58,6,6
9375,141,118,23,23
9376,71,77,-6,6
9377,166,140,26,26
9378,118,103,15,15
9379,120,98,22,22
9380,145,118,27,27
9381,87,78,9,9
9382,90,85,5,5
9383,80,80,0,0
9384,125,113,12,12
9385,59,47,12,12
9386,171,149,22,22
9387,72,62,10,10
9388,121,95,26,26
9389,47,41,6,6
9390,73,78,-5,5
9391,124,95,29,29
9392,87,82,5,5
9393,95,83,12,12
9394,77,66,11,11
9395,167,151,16,16
9396,53,60,-7,7
9397,89,75,14,14
9398,83,65,18,18
9399,77,77,0,0
9400,127,115,12,12
9401,94,90,4,4
9402,95,75,20,20
9403,93,83,10,10
9404,74,59,15,15
9405,112,106,6,6
9406,117,97,20,20
9407,69,59,10,10
9408,88,72,16,16
9409,71,61,10,10
9410,57,43,14,14
9411,89,74,15,15
9412,98,98,0,0
9413,123,111,12,12
9414,88,75,13,13
9415,136,111,25,25
9416,85,69,16,16
9417,93,76,17,17
9418,150,141,9,9
9419,50,48,2,2
9420,77,72,5,5
9421,87,83,4,4
9422,123,107,16,16
9423,71,66,5,5
9424,142,128,14,14
9425,78,71,7,7
9426,111,101,10,10
9427,54,65,-11,11
9428,66,61,5,5
9429,110,91,19,19
9430,96,85,11,11
9431,56,51,5,5
9432,17,26,-9,9
9433,84,72,12,12
9434,108,97,11,11
9435,103,82,21,21
9436,102,88,14,14
9437,81,71,10,10
9438,125,111,14,14
9439,120,120,0,0
9440,89,77,12,12
9441,73,60,13,13
9442,110,96,14,14
9443,86,79,7,7
9444,94,85,9,9
9445,76,66,10,10
9446,72,60,12,12
9447,41,38,3,3
9448,129,114,15,15
9449,80,71,9,9
9450,92,75,17,17
9451,208,169,39,39
9452,170,155,15,15
9453,88,79,9,9
9454,43,40,3,3
9455,65,59,6,6
9456,52,54,-2,2
9457,44,38,6,6
9458,96,93,3,3
9459,165,146,19,19
9460,92,78,14,14
9461,104,78,26,26
9462,131,117,14,14
9463,73,68,5,5
9464,131,106,25,25
9465,51,68,-17,17
9466,63,63,0,0
9467,107,99,8,8
9468,109,115,-6,6
9469,131,105,26,26
9470,96,81,15,15
9471,90,68,22,22
9472,60,60,0,0
9473,106,96,10,10
9474,101,79,22,22
9475,67,64,3,3
9476,117,104,13,13
9477,76,68,8,8
9478,78,65,13,13
9479,94,80,14,14
9480,95,87,8,8
9481,78,62,16,16
9482,133,123,10,10
9483,41,51,-10,10
9484,105,103,2,2
9485,102,83,19,19
9486,88,85,3,3
9487,106,97,9,9
9488,89,79,10,10
9489,98,107,-9,9
9490,128,111,17,17
9491,102,96,6,6
9492,132,124,8,8
9493,101,87,14,14
9494,144,130,14,14
9495,61,57,4,4
9496,61,56,5,5
9497,114,108,6,6
9498,125,113,12,12
9499,70,64,6,6
9500,83,74,9,9
9501,147,133,14,14
9502,97,88,9,9
9503,82,75,7,7
9504,87,71,16,16
9505,94,78,16,16
9506,54,52,2,2
9507,71,68,3,3
9508,105,85,20,20
9509,87,80,7,7
9510,95,93,2,2
9511,71,65,6,6
9512,76,71,5,5
9513,123,110,13,13
9514,127,120,7,7
9515,84,82,2,2
9516,48,49,-1,1
9517,108,85,23,23
9518,157,121,36,36
9519,54,50,4,4
9520,100,80,20,20
9521,118,102,16,16
9522,57,51,6,6
9523,137,120,17,17
9524,80,75,5,5
9525,48,45,3,3
9526,49,39,10,10
9527,94,86,8,8
9528,101,88,13,13
9529,64,64,0,0
9530,114,113,1,1
9531,82,69,13,13
9532,62,62,0,0
9533,57,57,0,0
9534,88,85,3,3
9535,92,87,5,5
9536,66,74,-8,8
9537,76,71,5,5
9538,59,53,6,6
9539,89,81,8,8
9540,63,59,4,4
9541,51,47,4,4
9542,123,112,11,11
9543,88,81,7,7
9544,59,60,-1,1
9545,66,57,9,9
9546,135,109,26,26
9547,54,51,3,3
9548,24,25,-1,1
9549,91,72,19,19
9550,166,148,18,18
9551,45,41,4,4
9552,95,78,17,17
9553,99,92,7,7
9554,70,70,0,0
9555,81,66,15,15
9556,97,75,22,22
9557,75,80,-5,5
9558,55,54,1,1
9559,86,86,0,0
9560,172,149,23,23
9561,65,68,-3,3
9562,174,143,31,31
9563,78,71,7,7
9564,81,79,2,2
9565,68,56,12,12
9566,74,59,15,15
9567,46,42,4,4
9568,119,116,3,3
9569,48,50,-2,2
9570,112,102,10,10
9571,135,140,-5,5
9572,91,70,21,21
9573,103,87,16,16
9574,95,104,-9,9
9575,91,67,24,24
9576,201,164,37,37
9577,89,78,11,11
9578,71,60,11,11
9579,198,174,24,24
9580,93,77,16,16
9581,82,73,9,9
9582,132,115,17,17
9583,79,82,-3,3
9584,60,54,6,6
9585,72,74,-2,2
9586,107,102,5,5
9587,112,98,14,14
9588,99,96,3,3
9589,104,101,3,3
9590,68,61,7,7
9591,57,48,9,9
9592,47,45,2,2
9593,96,82,14,14
9594,95,96,-1,1
9595,43,39,4,4
9596,116,94,22,22
9597,65,63,2,2
9598,106,84,22,22
9599,117,111,6,6
9600,96,82,14,14
9601,67,55,12,12
9602,100,83,17,17
9603,108,98,10,10
9604,103,93,10,10
9605,58,51,7,7
9606,88,76,12,12
9607,133,114,19,19
9608,161,144,17,17
9609,95,80,15,15
9610,99,80,19,19
9611,69,59,10,10
9612,112,96,16,16
9613,127,108,19,19
9614,66,56,10,10
9615,116,107,9,9
9616,105,91,14,14
9617,100,82,18,18
9618,93,83,10,10
9619,79,78,1,1
9620,121,102,19,19
9621,86,85,1,1
9622,88,72,16,16
9623,177,139,38,38
9624,67,56,11,11
9625,73,64,9,9
9626,105,89,16,16
9627,115,101,14,14
9628,141,126,15,15
9629,75,66,9,9
9630,58,53,5,5
9631,86,78,8,8
9632,137,120,17,17
9633,113,108,5,5
9634,92,78,14,14
9635,83,80,3,3
9636,103,104,-1,1
9637,145,109,36,36
9638,84,73,11,11
9639,123,114,9,9
9640,104,90,14,14
9641,61,53,8,8
9642,79,76,3,3
9643,90,101,-11,11
9644,115,106,9,9
9645,138,133,5,5
9646,80,70,10,10
9647,92,92,0,0
9648,126,112,14,14
9649,62,46,16,16
9650,81,78,3,3
9651,88,77,11,11
9652,90,84,6,6
9653,70,60,10,10
9654,113,99,14,14
9655,81,77,4,4
9656,70,72,-2,2
9657,87,75,12,12
9658,62,60,2,2
9659,54,51,3,3
9660,85,75,10,10
9661,76,66,10,10
9662,44,39,5,5
9663,106,87,19,19
9664,116,111,5,5
9665,114,100,14,14
9666,156,138,18,18
9667,127,106,21,21
9668,61,57,4,4
9669,57,49,8,8
9670,128,114,14,14
9671,90,73,17,17
9672,113,98,15,15
9673,81,70,11,11
9674,48,53,-5,5
9675,47,43,4,4
9676,139,115,24,24
9677,154,138,16,16
9678,104,98,6,6
9679,97,86,11,11
9680,123,112,11,11
9681,68,52,16,16
9682,94,87,7,7
9683,77,79,-2,2
9684,45,40,5,5
9685,78,68,10,10
9686,75,71,4,4
9687,79,68,11,11
9688,175,170,5,5
9689,117,102,15,15
9690,108,92,16,16
9691,106,100,6,6
9692,82,65,17,17
9693,112,93,19,19
9694,74,65,9,9
9695,117,107,10,10
9696,94,88,6,6
9697,226,193,33,33
9698,120,97,23,23
9699,40,40,0,0
9700,40,93,-53,53
9701,119,110,9,9
9702,51,47,4,4
9703,61,57,4,4
9704,119,102,17,17
9705,97,80,17,17
9706,70,69,1,1
9707,101,85,16,16
9708,160,141,19,19
9709,88,72,16,16
9710,41,46,-5,5
9711,86,77,9,9
9712,76,71,5,5
9713,66,65,1,1
9714,110,102,8,8
9715,120,106,14,14
9716,97,89,8,8
9717,89,87,2,2
9718,117,105,12,12
9719,59,59,0,0
9720,145,127,18,18
9721,84,69,15,15
9722,78,78,0,0
9723,65,55,10,10
9724,62,54,8,8
9725,114,104,10,10
9726,76,73,3,3
9727,51,50,1,1
9728,131,133,-2,2
9729,162,157,5,5
9730,90,90,0,0
9731,95,91,4,4
9732,49,52,-3,3
9733,81,78,3,3
9734,103,90,13,13
9735,136,127,9,9
9736,116,100,16,16
9737,74,65,9,9
9738,54,59,-5,5
9739,110,102,8,8
9740,113,90,23,23
9741,142,108,34,34
9742,130,97,33,33
9743,156,135,21,21
9744,186,171,15,15
9745,70,62,8,8
9746,115,95,20,20
9747,149,118,31,31
9748,135,113,22,22
9749,72,59,13,13
9750,143,128,15,15
9751,190,163,27,27
9752,117,115,2,2
9753,124,104,20,20
9754,78,78,0,0
9755,90,84,6,6
9756,49,38,11,11
9757,52,49,3,3
9758,48,51,-3,3
9759,69,63,6,6
9760,69,65,4,4
9761,40,45,-5,5
9762,89,85,4,4
9763,85,76,9,9
9764,104,103,1,1
9765,130,113,17,17
9766,110,80,30,30
9767,136,114,22,22
9768,91,75,16,16
9769,83,78,5,5
9770,50,44,6,6
9771,104,96,8,8
9772,83,74,9,9
9773,114,101,13,13
9774,119,120,-1,1
9775,88,78,10,10
9776,68,78,-10,10
9777,84,92,-8,8
9778,93,68,25,25
9779,56,56,0,0
9780,66,64,2,2
9781,60,50,10,10
9782,58,50,8,8
9783,142,126,16,16
9784,197,165,32,32
9785,53,48,5,5
9786,86,88,-2,2
9787,85,77,8,8
9788,153,126,27,27
9789,58,51,7,7
9790,78,69,9,9
9791,159,137,22,22
9792,129,115,14,14
9793,115,103,12,12
9794,64,53,11,11
9795,142,126,16,16
9796,83,73,10,10
9797,171,162,9,9
9798,137,110,27,27
9799,107,98,9,9
9800,101,80,21,21
9801,75,60,15,15
9802,103,88,15,15
9803,80,72,8,8
9804,51,48,3,3
9805,92,73,19,19
9806,88,77,11,11
9807,96,88,8,8
9808,140,116,24,24
9809,107,97,10,10
9810,59,56,3,3
9811,128,105,23,23
9812,80,69,11,11
9813,40,38,2,2
9814,139,124,15,15
9815,79,67,12,12
9816,89,74,15,15
9817,127,116,11,11
9818,132,112,20,20
9819,104,99,5,5
9820,100,76,24,24
9821,76,70,6,6
9822,182,140,42,42
9823,43,41,2,2
9824,56,50,6,6
9825,140,120,20,20
9826,98,90,8,8
9827,66,71,-5,5
9828,52,35,17,17
9829,100,88,12,12
9830,131,106,25,25
9831,47,63,-16,16
9832,57,50,7,7
9833,58,54,4,4
9834,100,86,14,14
9835,143,137,6,6
9836,81,68,13,13
9837,130,90,40,40
9838,63,64,-1,1
9839,84,87,-3,3
9840,86,77,9,9
9841,118,104,14,14
9842,109,91,18,18
9843,176,164,12,12
9844,68,60,8,8
9845,102,95,7,7
9846,65,55,10,10
9847,88,82,6,6
9848,127,108,19,19
9849,56,49,7,7
9850,104,93,11,11
9851,105,84,21,21
9852,84,73,11,11
9853,27,59,-32,32
9854,95,86,9,9
9855,77,71,6,6
9856,192,174,18,18
9857,78,65,13,13
9858,122,112,10,10
9859,80,76,4,4
9860,94,74,20,20
9861,126,108,18,18
9862,44,46,-2,2
9863,73,69,4,4
9864,104,80,24,24
9865,71,61,10,10
9866,65,70,-5,5
9867,96,70,26,26
9868,116,88,28,28
9869,103,98,5,5
9870,129,117,12,12
9871,143,128,15,15
9872,100,106,-6,6
9873,133,112,21,21
9874,64,55,9,9
9875,121,107,14,14
9876,61,57,4,4
9877,55,54,1,1
9878,49,43,6,6
9879,86,76,10,10
9880,85,74,11,11
9881,61,53,8,8
9882,128,122,6,6
9883,91,69,22,22
9884,99,73,26,26
9885,92,80,12,12
9886,179,159,20,20
9887,114,91,23,23
9888,66,54,12,12
9889,78,75,3,3
9890,69,61,8,8
9891,121,103,18,18
9892,85,64,21,21
9893,110,116,-6,6
9894,92,86,6,6
9895,117,97,20,20
9896,174,147,27,27
9897,135,125,10,10
9898,64,58,6,6
9899,75,63,12,12
9900,97,97,0,0
9901,120,113,7,7
9902,102,87,15,15
9903,91,80,11,11
9904,70,66,4,4
9905,64,67,-3,3
9906,49,43,6,6
9907,94,92,2,2
9908,71,69,2,2
9909,136,147,-11,11
9910,68,64,4,4
9911,122,111,11,11
9912,73,65,8,8
9913,114,104,10,10
9914,98,88,10,10
9915,104,93,11,11
9916,103,84,19,19
9917,108,91,17,17
9918,127,112,15,15
9919,130,123,7,7
9920,95,85,10,10
9921,89,72,17,17
9922,73,69,4,4
9923,157,127,30,30
9924,103,88,15,15
9925,105,93,12,12
9926,112,93,19,19
9927,109,92,17,17
9928,79,67,12,12
9929,92,101,-9,9
9930,72,58,14,14
9931,48,51,-3,3
9932,98,80,18,18
9933,111,101,10,10
9934,119,103,16,16
9935,139,111,28,28
9936,55,61,-6,6
9937,107,100,7,7
9938,135,133,2,2
9939,102,87,15,15
9940,88,85,3,3
9941,105,101,4,4
9942,136,109,27,27
9943,82,76,6,6
9944,67,63,4,4
9945,123,109,14,14
9946,120,111,9,9
9947,94,92,2,2
9948,51,43,8,8
9949,95,77,18,18
9950,92,81,11,11
9951,154,116,38,38
9952,76,71,5,5
9953,59,48,11,11
9954,153,132,21,21
9955,66,66,0,0
9956,96,93,3,3
9957,131,115,16,16
9958,81,73,8,8
9959,80,75,5,5
9960,59,54,5,5
9961,72,72,0,0
9962,148,129,19,19
9963,123,121,2,2
9964,72,55,17,17
9965,59,55,4,4
9966,145,127,18,18
9967,95,87,8,8
9968,125,114,11,11
9969,79,69,10,10
9970,79,71,8,8
9971,68,63,5,5
9972,135,126,9,9
9973,96,86,10,10
9974,64,57,7,7
9975,62,51,11,11
9976,102,90,12,12
9977,141,125,16,16
9978,82,70,12,12
9979,84,70,14,14
9980,85,73,12,12
9981,77,70,7,7
9982,107,89,18,18
9983,94,83,11,11
9984,84,67,17,17
9985,90,80,10,10
9986,127,110,17,17
9987,94,84,10,10
9988,142,150,-8,8
9989,88,83,5,5
9990,104,87,17,17
9991,66,65,1,1
9992,48,44,4,4
9993,76,64,12,12
9994,105,94,11,11
9995,62,49,13,13
9996,82,76,6,6
9997,123,113,10,10
9998,88,83,5,5
9999,68,59,9,9
10000,171,140,31,31
10001,134,116,18,18
10002,81,70,11,11
10003,66,64,2,2
10004,49,47,2,2
10005,92,84,8,8
10006,121,106,15,15
10007,133,114,19,19
10008,147,127,20,20
10009,81,74,7,7
10010,69,64,5,5
10011,83,75,8,8
10012,88,77,11,11
10013,59,47,12,12
10014,91,85,6,6
10015,153,145,8,8
10016,114,99,15,15
10017,77,75,2,2
10018,85,67,18,18
10019,80,71,9,9
10020,74,68,6,6
10021,169,144,25,25
10022,108,97,11,11
10023,121,113,8,8
10024,83,77,6,6
10025,56,45,11,11
10026,74,66,8,8
10027,53,55,-2,2
10028,80,76,4,4
10029,79,75,4,4
10030,117,104,13,13
10031,174,151,23,23
10032,77,66,11,11
10033,114,89,25,25
10034,79,72,7,7
10035,158,138,20,20
10036,80,74,6,6
10037,90,106,-16,16
10038,111,97,14,14
10039,155,130,25,25
10040,55,54,1,1
10041,74,71,3,3
10042,62,60,2,2
10043,138,122,16,16
10044,143,143,0,0
10045,113,108,5,5
10046,100,93,7,7
10047,115,90,25,25
10048,49,44,5,5
10049,139,136,3,3
10050,114,109,5,5
10051,125,118,7,7
10052,61,53,8,8
10053,136,117,19,19
10054,77,65,12,12
10055,211,172,39,39
10056,66,53,13,13
10057,111,94,17,17
10058,122,112,10,10
10059,139,122,17,17
10060,121,99,22,22
10061,108,104,4,4
10062,85,84,1,1
10063,110,98,12,12
10064,62,65,-3,3
10065,107,90,17,17
10066,49,44,5,5
10067,82,66,16,16
10068,92,82,10,10
10069,59,59,0,0
10070,56,54,2,2
10071,105,88,17,17
10072,61,62,-1,1
10073,95,93,2,2
10074,56,54,2,2
10075,148,136,12,12
10076,123,116,7,7
10077,111,107,4,4
10078,75,67,8,8
10079,139,139,0,0
10080,68,63,5,5
10081,90,75,15,15
10082,150,146,4,4
10083,133,109,24,24
10084,49,49,0,0
10085,62,57,5,5
10086,111,92,19,19
10087,117,104,13,13
10088,151,134,17,17
10089,100,87,13,13
10090,42,43,-1,1
10091,78,69,9,9
10092,48,48,0,0
10093,118,97,21,21
10094,70,53,17,17
10095,117,117,0,0
10096,61,74,-13,13
10097,94,94,0,0
10098,78,75,3,3
10099,170,147,23,23
10100,68,58,10,10
10101,78,63,15,15
10102,47,43,4,4
10103,130,98,32,32
10104,80,69,11,11
10105,70,71,-1,1
10106,49,41,8,8
10107,117,99,18,18
10108,86,80,6,6
10109,82,67,15,15
10110,54,51,3,3
10111,160,142,18,18
10112,78,81,-3,3
10113,82,73,9,9
10114,59,58,1,1
10115,115,101,14,14
10116,86,78,8,8
10117,119,98,21,21
10118,116,107,9,9
10119,90,88,2,2
10120,75,69,6,6
10121,81,71,10,10
10122,87,81,6,6
10123,108,93,15,15
10124,50,48,2,2
10125,53,50,3,3
10126,130,130,0,0
10127,125,101,24,24
10128,118,105,13,13
10129,112,99,13,13
10130,62,58,4,4
10131,105,93,12,12
10132,90,87,3,3
10133,143,132,11,11
10134,58,51,7,7
10135,64,60,4,4
10136,108,89,19,19
10137,98,78,20,20
10138,136,119,17,17
10139,101,105,-4,4
10140,85,82,3,3
10141,92,87,5,5
10142,144,124,20,20
10143,80,74,6,6
10144,110,86,24,24
10145,66,55,11,11
10146,73,62,11,11
10147,59,50,9,9
10148,88,81,7,7
10149,74,72,2,2
10150,61,58,3,3
10151,125,104,21,21
10152,55,47,8,8
10153,115,101,14,14
10154,58,56,2,2
10155,76,72,4,4
10156,137,130,7,7
10157,81,68,13,13
10158,116,102,14,14
10159,81,71,10,10
10160,94,78,16,16
10161,78,82,-4,4
10162,80,66,14,14
10163,99,88,11,11
10164,118,104,14,14
10165,137,119,18,18
10166,98,92,6,6
10167,71,62,9,9
10168,83,75,8,8
10169,132,133,-1,1
10170,69,64,5,5
10171,119,107,12,12
10172,101,100,1,1
10173,92,84,8,8
10174,74,63,11,11
10175,95,88,7,7
10176,67,60,7,7
10177,50,46,4,4
10178,106,95,11,11
10179,102,84,18,18
10180,359,226,133,133
10181,58,53,5,5
10182,94,81,13,13
10183,90,73,17,17
10184,88,74,14,14
10185,105,84,21,21
10186,75,67,8,8
10187,89,80,9,9
10188,86,72,14,14
10189,133,118,15,15
10190,35,39,-4,4
10191,88,71,17,17
10192,177,148,29,29
10193,100,89,11,11
10194,65,58,7,7
10195,104,91,13,13
10196,67,54,13,13
10197,86,75,11,11
10198,123,102,21,21
10199,108,92,16,16
10200,84,72,12,12
10201,54,55,-1,1
10202,95,84,11,11
10203,86,77,9,9
10204,70,75,-5,5
10205,84,71,13,13
10206,107,93,14,14
10207,45,41,4,4
10208,85,79,6,6
10209,79,66,13,13
10210,125,114,11,11
10211,92,81,11,11
10212,74,70,4,4
10213,139,130,9,9
10214,84,72,12,12
10215,103,107,-4,4
10216,60,64,-4,4
10217,78,75,3,3
10218,69,43,26,26
10219,131,121,10,10
10220,102,86,16,16
10221,69,65,4,4
10222,58,54,4,4
10223,43,46,-3,3
10224,29,34,-5,5
10225,86,78,8,8
10226,114,101,13,13
10227,38,42,-4,4
10228,113,112,1,1
10229,74,77,-3,3
10230,67,59,8,8
10231,221,187,34,34
10232,103,91,12,12
10233,224,195,29,29
10234,82,86,-4,4
10235,104,89,15,15
10236,115,93,22,22
10237,70,77,-7,7
10238,92,82,10,10
10239,118,104,14,14
10240,159,133,26,26
10241,124,102,22,22
10242,165,129,36,36
10243,118,114,4,4
10244,79,64,15,15
10245,113,95,18,18
10246,61,59,2,2
10247,112,100,12,12
10248,68,60,8,8
10249,71,67,4,4
10250,127,108,19,19
10251,82,73,9,9
10252,63,58,5,5
10253,189,179,10,10
10254,73,75,-2,2
10255,76,64,12,12
10256,99,97,2,2
10257,131,118,13,13
10258,88,83,5,5
10259,61,59,2,2
10260,135,118,17,17
10261,52,52,0,0
10262,114,104,10,10
10263,82,74,8,8
10264,106,92,14,14
10265,102,104,-2,2
10266,105,106,-1,1
10267,77,74,3,3
10268,66,58,8,8
10269,129,105,24,24
10270,73,66,7,7
10271,77,68,9,9
10272,70,60,10,10
10273,40,40,0,0
10274,55,59,-4,4
10275,130,122,8,8
10276,168,145,23,23
10277,76,60,16,16
10278,136,120,16,16
10279,104,102,2,2
10280,52,53,-1,1
10281,151,132,19,19
10282,74,68,6,6
10283,60,60,0,0
10284,90,77,13,13
10285,81,66,15,15
10286,118,108,10,10
10287,96,86,10,10
10288,96,84,12,12
10289,151,142,9,9
10290,125,107,18,18
10291,73,59,14,14
10292,107,91,16,16
10293,113,106,7,7
10294,118,110,8,8
10295,71,71,0,0
10296,68,60,8,8
10297,65,60,5,5
10298,48,50,-2,2
10299,73,68,5,5
10300,86,95,-9,9
10301,45,41,4,4
10302,87,75,12,12
10303,113,100,13,13
10304,137,122,15,15
10305,114,105,9,9
10306,61,54,7,7
10307,106,84,22,22
10308,128,112,16,16
10309,111,102,9,9
10310,100,87,13,13
10311,100,82,18,18
10312,133,129,4,4
10313,96,87,9,9
10314,133,121,12,12
10315,130,116,14,14
10316,78,73,5,5
10317,130,105,25,25
10318,110,108,2,2
10319,75,74,1,1
10320,144,133,11,11
10321,81,77,4,4
10322,63,62,1,1
10323,122,112,10,10
10324,119,115,4,4
10325,99,88,11,11
10326,111,98,13,13
10327,143,110,33,33
10328,104,106,-2,2
10329,93,78,15,15
10330,72,73,-1,1
10331,79,76,3,3
10332,128,120,8,8
10333,99,85,14,14
10334,76,77,-1,1
10335,100,91,9,9
10336,70,60,10,10
10337,148,139,9,9
10338,68,56,12,12
10339,100,102,-2,2
10340,74,75,-1,1
10341,86,67,19,19
10342,93,78,15,15
10343,138,109,29,29
10344,149,149,0,0
10345,65,54,11,11
10346,89,84,5,5
10347,117,70,47,47
10348,98,79,19,19
10349,127,115,12,12
10350,106,87,19,19
10351,68,60,8,8
10352,160,126,34,34
10353,83,81,2,2
10354,129,105,24,24
10355,117,92,25,25
10356,74,74,0,0
10357,101,89,12,12
10358,113,99,14,14
10359,121,102,19,19
10360,122,117,5,5
10361,117,103,14,14
10362,131,122,9,9
10363,68,58,10,10
10364,86,85,1,1
10365,97,82,15,15
10366,125,109,16,16
10367,65,63,2,2
10368,49,45,4,4
10369,81,75,6,6
10370,103,95,8,8
10371,110,92,18,18
10372,86,78,8,8
10373,103,89,14,14
10374,103,96,7,7
10375,59,51,8,8
10376,119,98,21,21
10377,40,34,6,6
10378,102,93,9,9
10379,120,100,20,20
10380,103,97,6,6
10381,101,89,12,12
10382,106,93,13,13
10383,110,102,8,8
10384,82,69,13,13
10385,88,72,16,16
10386,174,163,11,11
10387,99,82,17,17
10388,66,61,5,5
10389,105,104,1,1
10390,59,54,5,5
10391,128,102,26,26
10392,53,56,-3,3
10393,123,116,7,7
10394,88,76,12,12
10395,80,70,10,10
10396,72,77,-5,5
10397,73,68,5,5
10398,60,57,3,3
10399,88,77,11,11
10400,82,72,10,10
10401,156,134,22,22
10402,163,131,32,32
10403,73,65,8,8
10404,105,85,20,20
10405,137,113,24,24
10406,74,71,3,3
10407,85,69,16,16
10408,71,68,3,3
10409,56,56,0,0
10410,95,78,17,17
10411,48,45,3,3
10412,113,104,9,9
10413,96,87,9,9
10414,111,99,12,12
10415,80,107,-27,27
10416,44,40,4,4
10417,73,60,13,13
10418,132,99,33,33
10419,100,79,21,21
10420,126,108,18,18
10421,77,75,2,2
10422,81,82,-1,1
10423,68,56,12,12
10424,73,83,-10,10
10425,100,97,3,3
10426,98,78,20,20
10427,60,52,8,8
10428,110,99,11,11
10429,102,90,12,12
10430,75,64,11,11
10431,138,128,10,10
10432,81,70,11,11
10433,108,104,4,4
10434,148,124,24,24
10435,59,50,9,9
10436,88,83,5,5
10437,104,73,31,31
10438,72,61,11,11
10439,82,76,6,6
10440,93,82,11,11
10441,93,77,16,16
10442,160,142,18,18
10443,129,113,16,16
10444,113,105,8,8
10445,116,88,28,28
10446,119,106,13,13
10447,86,75,11,11
10448,44,36,8,8
10449,76,62,14,14
10450,61,58,3,3
10451,80,81,-1,1
10452,99,80,19,19
10453,87,90,-3,3
10454,117,104,13,13
10455,50,65,-15,15
10456,150,127,23,23
10457,123,101,22,22
10458,100,67,33,33
10459,147,130,17,17
10460,185,172,13,13
10461,59,49,10,10
10462,81,68,13,13
10463,61,66,-5,5
10464,126,111,15,15
10465,82,76,6,6
10466,100,90,10,10
10467,81,68,13,13
10468,39,39,0,0
10469,77,63,14,14
10470,51,50,1,1
10471,98,96,2,2
10472,133,135,-2,2
10473,80,70,10,10
10474,151,127,24,24
10475,88,67,21,21
10476,55,46,9,9
10477,72,70,2,2
10478,75,77,-2,2
10479,77,63,14,14
10480,81,66,15,15
10481,144,130,14,14
10482,121,89,32,32
10483,57,49,8,8
10484,69,73,-4,4
10485,99,92,7,7
10486,64,64,0,0
10487,130,102,28,28
10488,106,96,10,10
10489,72,63,9,9
10490,67,65,2,2
10491,68,59,9,9
10492,79,76,3,3
10493,81,75,6,6
10494,69,65,4,4
10495,67,60,7,7
10496,73,64,9,9
10497,39,41,-2,2
10498,112,111,1,1
10499,71,66,5,5
10500,132,111,21,21
10501,133,125,8,8
10502,95,82,13,13
10503,112,92,20,20
10504,112,89,23,23
10505,99,102,-3,3
10506,71,71,0,0
10507,127,127,0,0
10508,89,86,3,3
10509,87,79,8,8
10510,124,104,20,20
10511,66,60,6,6
10512,92,90,2,2
10513,80,68,12,12
10514,94,85,9,9
10515,146,135,11,11
10516,139,126,13,13
10517,136,121,15,15
10518,63,54,9,9
10519,54,54,0,0
10520,171,146,25,25
10521,91,75,16,16
10522,170,136,34,34
10523,147,121,26,26
10524,70,62,8,8
10525,140,133,7,7
10526,117,106,11,11
10527,72,64,8,8
10528,132,113,19,19
10529,63,56,7,7
10530,102,97,5,5
10531,81,76,5,5
10532,90,74,16,16
10533,87,82,5,5
10534,127,110,17,17
10535,56,53,3,3
10536,44,36,8,8
10537,122,106,16,16
10538,111,97,14,14
10539,66,62,4,4
10540,110,105,5,5
10541,101,95,6,6
10542,119,111,8,8
10543,75,74,1,1
10544,65,57,8,8
10545,55,51,4,4
10546,76,75,1,1
10547,70,69,1,1
10548,157,169,-12,12
10549,27,32,-5,5
10550,83,69,14,14
10551,125,109,16,16
10552,95,93,2,2
10553,86,69,17,17
10554,116,107,9,9
10555,66,60,6,6
10556,144,150,-6,6
10557,96,92,4,4
10558,94,86,8,8
10559,37,42,-5,5
10560,195,167,28,28
10561,108,98,10,10
10562,130,117,13,13
10563,78,73,5,5
10564,57,55,2,2
10565,72,61,11,11
10566,57,61,-4,4
10567,90,93,-3,3
10568,67,54,13,13
10569,157,145,12,12
10570,57,55,2,2
10571,94,84,10,10
10572,69,65,4,4
10573,86,77,9,9
10574,58,52,6,6
10575,105,94,11,11
10576,74,68,6,6
10577,116,100,16,16
10578,78,67,11,11
10579,115,100,15,15
10580,64,58,6,6
10581,127,106,21,21
10582,77,70,7,7
10583,99,78,21,21
10584,68,66,2,2
10585,101,98,3,3
10586,88,77,11,11
10587,121,108,13,13
10588,100,90,10,10
10589,87,65,22,22
10590,80,67,13,13
10591,43,44,-1,1
10592,103,99,4,4
10593,149,126,23,23
10594,67,66,1,1
10595,110,104,6,6
10596,127,103,24,24
10597,55,50,5,5
10598,133,116,17,17
10599,82,75,7,7
10600,45,42,3,3
10601,59,55,4,4
10602,120,106,14,14
10603,103,98,5,5
10604,145,132,13,13
10605,119,113,6,6
10606,75,71,4,4
10607,74,64,10,10
10608,109,104,5,5
10609,148,131,17,17
10610,80,73,7,7
10611,68,61,7,7
10612,116,107,9,9
10613,114,98,16,16
10614,100,90,10,10
10615,72,63,9,9
10616,119,120,-1,1
10617,96,75,21,21
10618,58,56,2,2
10619,132,127,5,5
10620,169,155,14,14
10621,70,61,9,9
10622,90,75,15,15
10623,93,80,13,13
10624,107,112,-5,5
10625,124,105,19,19
10626,43,41,2,2
10627,102,89,13,13
10628,107,97,10,10
10629,61,58,3,3
10630,62,52,10,10
10631,72,57,15,15
10632,129,110,19,19
10633,74,65,9,9
10634,81,67,14,14
10635,107,89,18,18
10636,79,63,16,16
10637,43,35,8,8
10638,72,66,6,6
10639,102,80,22,22
10640,93,81,12,12
10641,90,80,10,10
10642,66,55,11,11
10643,125,109,16,16
10644,73,63,10,10
10645,78,61,17,17
10646,49,47,2,2
10647,81,65,16,16
10648,74,71,3,3
10649,78,66,12,12
10650,82,73,9,9
10651,92,101,-9,9
10652,110,76,34,34
10653,96,83,13,13
10654,83,78,5,5
10655,143,127,16,16
10656,88,69,19,19
10657,111,98,13,13
10658,54,45,9,9
10659,66,62,4,4
10660,68,73,-5,5
10661,57,56,1,1
10662,169,135,34,34
10663,63,67,-4,4
10664,131,130,1,1
10665,102,91,11,11
10666,47,44,3,3
10667,58,53,5,5
10668,127,110,17,17
10669,100,82,18,18
10670,109,104,5,5
10671,109,95,14,14
10672,92,82,10,10
10673,93,76,17,17
10674,64,57,7,7
10675,95,88,7,7
10676,97,83,14,14
10677,87,83,4,4
10678,65,73,-8,8
10679,84,74,10,10
10680,140,111,29,29
10681,88,78,10,10
10682,56,45,11,11
10683,131,117,14,14
10684,107,93,14,14
10685,93,76,17,17
10686,125,106,19,19
10687,204,173,31,31
10688,128,108,20,20
10689,80,71,9,9
10690,161,162,-1,1
10691,114,99,15,15
10692,96,73,23,23
10693,79,72,7,7
10694,60,52,8,8
10695,176,154,22,22
10696,41,43,-2,2
10697,50,49,1,1
10698,45,41,4,4
10699,168,125,43,43
10700,65,56,9,9
10701,57,44,13,13
10702,98,88,10,10
10703,77,66,11,11
10704,84,74,10,10
10705,76,73,3,3
10706,75,77,-2,2
10707,93,80,13,13
10708,71,92,-21,21
10709,87,72,15,15
10710,65,61,4,4
10711,130,109,21,21
10712,74,56,18,18
10713,34,36,-2,2
10714,129,99,30,30
10715,114,110,4,4
10716,70,61,9,9
10717,50,54,-4,4
10718,93,72,21,21
10719,55,50,5,5
10720,94,74,20,20
10721,46,36,10,10
10722,50,40,10,10
10723,104,84,20,20
10724,118,103,15,15
10725,102,88,14,14
10726,84,76,8,8
10727,165,157,8,8
10728,97,88,9,9
10729,92,83,9,9
10730,89,67,22,22
10731,76,69,7,7
10732,75,84,-9,9
10733,142,129,13,13
10734,96,86,10,10
10735,145,134,11,11
10736,87,77,10,10
10737,64,56,8,8
10738,48,50,-2,2
10739,94,85,9,9
10740,69,61,8,8
10741,66,52,14,14
10742,131,108,23,23
10743,98,85,13,13
10744,94,87,7,7
10745,65,58,7,7
10746,89,82,7,7
10747,128,109,19,19
10748,144,125,19,19
10749,53,54,-1,1
10750,108,101,7,7
10751,29,38,-9,9
10752,58,53,5,5
10753,94,94,0,0
10754,74,59,15,15
10755,133,119,14,14
10756,75,65,10,10
10757,87,74,13,13
10758,133,118,15,15
10759,74,71,3,3
10760,80,69,11,11
10761,52,51,1,1
10762,116,103,13,13
10763,158,141,17,17
10764,224,181,43,43
10765,97,91,6,6
10766,128,109,19,19
10767,102,88,14,14
10768,114,95,19,19
10769,41,38,3,3
10770,86,78,8,8
10771,42,45,-3,3
10772,111,95,16,16
10773,142,133,9,9
10774,68,64,4,4
10775,65,58,7,7
10776,116,106,10,10
10777,91,76,15,15
10778,157,141,16,16
10779,140,126,14,14
10780,126,106,20,20
10781,77,69,8,8
10782,86,78,8,8
10783,102,93,9,9
10784,95,84,11,11
10785,64,57,7,7
10786,103,91,12,12
10787,55,52,3,3
10788,77,75,2,2
10789,160,134,26,26
10790,58,55,3,3
10791,191,168,23,23
10792,121,117,4,4
10793,77,63,14,14
10794,161,139,22,22
10795,65,58,7,7
10796,80,82,-2,2
10797,77,71,6,6
10798,67,67,0,0
10799,51,47,4,4
10800,76,69,7,7
10801,155,129,26,26
10802,96,77,19,19
10803,65,58,7,7
10804,98,85,13,13
10805,101,88,13,13
10806,49,45,4,4
10807,112,98,14,14
10808,81,59,22,22
10809,49,42,7,7
10810,65,54,11,11
10811,90,79,11,11
10812,126,105,21,21
10813,48,46,2,2
10814,120,110,10,10
10815,55,49,6,6
10816,75,81,-6,6
10817,83,87,-4,4
10818,135,112,23,23
10819,131,118,13,13
10820,117,115,2,2
10821,88,71,17,17
10822,92,85,7,7
10823,90,89,1,1
10824,98,91,7,7
10825,101,84,17,17
10826,138,128,10,10
10827,84,80,4,4
10828,104,96,8,8
10829,98,102,-4,4
10830,87,83,4,4
10831,102,93,9,9
10832,81,74,7,7
10833,75,69,6,6
10834,145,125,20,20
10835,114,102,12,12
10836,63,55,8,8
10837,51,47,4,4
10838,109,97,12,12
10839,69,63,6,6
10840,87,83,4,4
10841,72,65,7,7
10842,114,105,9,9
10843,96,74,22,22
10844,140,133,7,7
10845,171,151,20,20
10846,97,89,8,8
10847,77,71,6,6
10848,125,96,29,29
10849,75,69,6,6
10850,98,92,6,6
10851,118,105,13,13
10852,120,101,19,19
10853,69,63,6,6
10854,57,44,13,13
10855,129,108,21,21
10856,127,114,13,13
10857,81,73,8,8
10858,102,93,9,9
10859,154,128,26,26
10860,116,97,19,19
10861,47,41,6,6
10862,124,111,13,13
10863,124,105,19,19
10864,138,116,22,22
10865,82,72,10,10
10866,120,102,18,18
10867,114,96,18,18
10868,90,83,7,7
10869,88,75,13,13
10870,53,51,2,2
10871,84,72,12,12
10872,80,73,7,7
10873,147,127,20,20
10874,79,77,2,2
10875,115,100,15,15
10876,80,72,8,8
10877,117,102,15,15
10878,123,104,19,19
10879,54,56,-2,2
10880,93,84,9,9
10881,145,129,16,16
10882,128,120,8,8
10883,73,65,8,8
10884,51,41,10,10
10885,65,59,6,6
10886,102,101,1,1
10887,95,90,5,5
10888,58,55,3,3
10889,49,51,-2,2
10890,113,102,11,11
10891,121,112,9,9
10892,148,136,12,12
10893,139,131,8,8
10894,96,99,-3,3
10895,143,124,19,19
10896,92,86,6,6
10897,78,69,9,9
10898,11,25,-14,14
10899,66,65,1,1
10900,79,67,12,12
10901,70,63,7,7
10902,67,63,4,4
10903,77,67,10,10
10904,144,132,12,12
10905,84,77,7,7
10906,50,43,7,7
10907,79,65,14,14
10908,90,89,1,1
10909,62,52,10,10
10910,134,133,1,1
10911,110,102,8,8
10912,78,90,-12,12
10913,142,113,29,29
10914,79,76,3,3
10915,143,124,19,19
10916,80,79,1,1
10917,37,32,5,5
10918,70,59,11,11
10919,96,93,3,3
10920,135,129,6,6
10921,76,66,10,10
10922,181,160,21,21
10923,105,100,5,5
10924,49,43,6,6
10925,65,59,6,6
10926,139,120,19,19
10927,38,38,0,0
10928,83,67,16,16
10929,56,54,2,2
10930,120,95,25,25
10931,109,104,5,5
10932,160,140,20,20
10933,117,121,-4,4
10934,92,90,2,2
10935,99,90,9,9
10936,114,103,11,11
10937,70,57,13,13
10938,93,88,5,5
10939,112,94,18,18
10940,118,101,17,17
10941,72,57,15,15
10942,51,51,0,0
10943,119,94,25,25
10944,85,73,12,12
10945,101,103,-2,2
10946,78,74,4,4
10947,75,67,8,8
10948,69,72,-3,3
10949,120,105,15,15
10950,72,65,7,7
10951,64,69,-5,5
10952,80,71,9,9
10953,80,77,3,3
10954,75,64,11,11
10955,76,63,13,13
10956,157,136,21,21
10957,80,88,-8,8
10958,117,104,13,13
10959,103,83,20,20
10960,129,100,29,29
10961,139,125,14,14
10962,98,82,16,16
10963,87,67,20,20
10964,165,136,29,29
10965,73,72,1,1
10966,137,121,16,16
10967,150,142,8,8
10968,74,76,-2,2
10969,157,136,21,21
10970,82,88,-6,6
10971,74,56,18,18
10972,37,48,-11,11
10973,95,87,8,8
10974,104,90,14,14
10975,124,117,7,7
10976,37,40,-3,3
10977,80,92,-12,12
10978,80,81,-1,1
10979,88,73,15,15
10980,147,109,38,38
10981,65,65,0,0
10982,101,90,11,11
10983,93,83,10,10
10984,71,67,4,4
10985,64,49,15,15
10986,71,67,4,4
10987,60,61,-1,1
10988,64,68,-4,4
10989,55,52,3,3
10990,48,65,-17,17
10991,141,118,23,23
10992,95,82,13,13
10993,58,55,3,3
10994,95,83,12,12
10995,71,65,6,6
10996,89,78,11,11
10997,125,110,15,15
10998,170,164,6,6
10999,153,139,14,14
11000,84,71,13,13
11001,137,125,12,12
11002,81,67,14,14
11003,77,78,-1,1
11004,75,72,3,3
11005,110,99,11,11
11006,53,46,7,7
11007,92,76,16,16
11008,105,108,-3,3
11009,55,54,1,1
11010,85,91,-6,6
11011,141,113,28,28
11012,126,119,7,7
11013,82,71,11,11
11014,124,108,16,16
11015,76,83,-7,7
11016,126,99,27,27
11017,56,52,4,4
11018,65,56,9,9
11019,91,85,6,6
11020,65,63,2,2
11021,84,78,6,6
11022,95,84,11,11
11023,109,88,21,21
11024,74,59,15,15
11025,60,49,11,11
11026,65,56,9,9
11027,77,69,8,8
11028,79,70,9,9
11029,65,52,13,13
11030,110,100,10,10
11031,116,113,3,3
11032,67,62,5,5
11033,83,75,8,8
11034,120,101,19,19
11035,157,119,38,38
11036,123,110,13,13
11037,80,71,9,9
11038,99,98,1,1
11039,88,73,15,15
11040,67,72,-5,5
11041,134,118,16,16
11042,76,63,13,13
11043,96,97,-1,1
11044,83,77,6,6
11045,57,52,5,5
11046,93,82,11,11
11047,60,53,7,7
11048,85,75,10,10
11049,62,65,-3,3
11050,110,101,9,9
11051,108,100,8,8
11052,66,56,10,10
11053,67,68,-1,1
11054,71,60,11,11
11055,79,68,11,11
11056,145,137,8,8
11057,62,64,-2,2
11058,60,61,-1,1
11059,126,118,8,8
11060,120,111,9,9
11061,67,59,8,8
11062,96,85,11,11
11063,54,47,7,7
11064,66,58,8,8
11065,101,90,11,11
11066,83,69,14,14
11067,120,99,21,21
11068,186,170,16,16
11069,72,67,5,5
11070,91,80,11,11
11071,158,133,25,25
11072,67,64,3,3
11073,118,93,25,25
11074,63,55,8,8
11075,105,90,15,15
11076,124,95,29,29
11077,108,79,29,29
11078,121,102,19,19
11079,39,32,7,7
11080,90,84,6,6
11081,218,206,12,12
11082,71,74,-3,3
11083,81,76,5,5
11084,61,51,10,10
11085,86,75,11,11
11086,59,52,7,7
11087,168,152,16,16
11088,86,88,-2,2
11089,104,98,6,6
11090,89,83,6,6
11091,80,71,9,9
11092,81,70,11,11
11093,87,70,17,17
11094,119,101,18,18
11095,136,121,15,15
11096,113,93,20,20
11097,68,69,-1,1
11098,86,73,13,13
11099,103,88,15,15
11100,72,74,-2,2
11101,142,132,10,10
11102,172,169,3,3
11103,166,150,16,16
11104,96,97,-1,1
11105,106,98,8,8
11106,125,107,18,18
11107,125,108,17,17
11108,75,92,-17,17
11109,94,79,15,15
11110,103,96,7,7
11111,58,53,5,5
11112,81,65,16,16
11113,133,108,25,25
11114,122,108,14,14
11115,99,95,4,4
11116,67,59,8,8
11117,126,111,15,15
11118,91,77,14,14
11119,73,65,8,8
11120,89,83,6,6
11121,124,131,-7,7
11122,68,53,15,15
11123,126,109,17,17
11124,76,73,3,3
11125,167,138,29,29
11126,36,30,6,6
11127,137,119,18,18
11128,93,82,11,11
11129,115,101,14,14
11130,125,107,18,18
11131,79,69,10,10
11132,59,53,6,6
11133,90,81,9,9
11134,73,69,4,4
11135,74,64,10,10
11136,111,93,18,18
11137,129,112,17,17
11138,80,70,10,10
11139,97,83,14,14
11140,83,71,12,12
11141,129,113,16,16
11142,120,106,14,14
11143,93,78,15,15
11144,95,95,0,0
11145,101,92,9,9
11146,93,80,13,13
11147,112,114,-2,2
11148,103,96,7,7
11149,60,61,-1,1
11150,95,96,-1,1
11151,62,51,11,11
11152,69,65,4,4
11153,83,87,-4,4
11154,53,43,10,10
11155,98,79,19,19
11156,101,98,3,3
11157,73,78,-5,5
11158,94,93,1,1
11159,55,48,7,7
11160,93,97,-4,4
11161,70,63,7,7
11162,102,97,5,5
11163,75,60,15,15
11164,77,60,17,17
11165,96,86,10,10
11166,93,93,0,0
11167,78,77,1,1
11168,155,133,22,22
11169,94,87,7,7
11170,66,60,6,6
11171,71,77,-6,6
11172,96,87,9,9
11173,143,132,11,11
11174,60,48,12,12
11175,79,74,5,5
11176,93,80,13,13
11177,126,111,15,15
11178,128,110,18,18
11179,103,83,20,20
11180,95,80,15,15
11181,86,90,-4,4
11182,95,81,14,14
11183,68,58,10,10
11184,102,97,5,5
11185,74,65,9,9
11186,94,109,-15,15
11187,83,56,27,27
11188,107,94,13,13
11189,65,53,12,12
11190,66,61,5,5
11191,113,103,10,10
11192,164,134,30,30
11193,60,55,5,5
11194,139,144,-5,5
11195,96,91,5,5
11196,87,67,20,20
11197,113,99,14,14
11198,180,162,18,18
11199,106,90,16,16
11200,73,64,9,9
11201,121,111,10,10
11202,125,113,12,12
11203,62,61,1,1
11204,56,47,9,9
11205,81,71,10,10
11206,103,84,19,19
11207,107,90,17,17
11208,70,59,11,11
11209,107,92,15,15
11210,167,185,-18,18
11211,72,58,14,14
11212,123,103,20,20
11213,178,171,7,7
11214,142,136,6,6
11215,138,112,26,26
11216,148,127,21,21
11217,141,127,14,14
11218,119,117,2,2
11219,67,61,6,6
11220,126,128,-2,2
11221,35,62,-27,27
11222,86,82,4,4
11223,82,86,-4,4
11224,135,147,-12,12
11225,111,93,18,18
11226,145,132,13,13
11227,99,77,22,22
11228,69,66,3,3
11229,81,86,-5,5
11230,58,53,5,5
11231,58,61,-3,3
11232,141,110,31,31
11233,75,61,14,14
11234,108,105,3,3
11235,128,127,1,1
11236,87,87,0,0
11237,90,86,4,4
11238,133,121,12,12
11239,73,62,11,11
11240,63,58,5,5
11241,73,67,6,6
11242,136,129,7,7
11243,105,89,16,16
11244,60,56,4,4
11245,102,87,15,15
11246,100,88,12,12
11247,57,53,4,4
11248,71,59,12,12
11249,76,65,11,11
11250,58,50,8,8
11251,204,173,31,31
11252,96,87,9,9
11253,113,95,18,18
11254,114,86,28,28
11255,138,120,18,18
11256,79,77,2,2
11257,142,118,24,24
11258,109,89,20,20
11259,141,127,14,14
11260,73,61,12,12
11261,89,70,19,19
11262,85,81,4,4
11263,159,136,23,23
11264,107,94,13,13
11265,68,68,0,0
11266,79,75,4,4
11267,109,100,9,9
11268,78,63,15,15
11269,61,58,3,3
11270,102,94,8,8
11271,140,127,13,13
11272,156,139,17,17
11273,155,140,15,15
11274,118,98,20,20
11275,85,70,15,15
11276,162,140,22,22
11277,105,100,5,5
11278,100,89,11,11
11279,102,83,19,19
11280,130,107,23,23
11281,55,48,7,7
11282,69,71,-2,2
11283,89,73,16,16
11284,39,43,-4,4
11285,139,119,20,20
11286,94,83,11,11
11287,79,63,16,16
11288,171,149,22,22
11289,139,123,16,16
11290,85,84,1,1
11291,86,76,10,10
11292,114,97,17,17
11293,134,113,21,21
11294,51,45,6,6
11295,47,46,1,1
11296,56,53,3,3
11297,72,65,7,7
11298,96,92,4,4
11299,143,133,10,10
11300,115,87,28,28
11301,99,97,2,2
11302,91,89,2,2
11303,85,81,4,4
11304,151,121,30,30
11305,42,48,-6,6
11306,125,106,19,19
11307,41,56,-15,15
11308,137,107,30,30
11309,100,85,15,15
11310,143,115,28,28
11311,174,154,20,20
11312,81,69,12,12
11313,106,95,11,11
11314,150,123,27,27
11315,66,64,2,2
11316,119,104,15,15
11317,133,106,27,27
11318,58,57,1,1
11319,90,84,6,6
11320,111,100,11,11
11321,157,133,24,24
11322,106,94,12,12
11323,121,107,14,14
11324,61,57,4,4
11325,111,98,13,13
11326,88,80,8,8
11327,81,77,4,4
11328,93,83,10,10
11329,77,69,8,8
11330,163,127,36,36
11331,104,92,12,12
11332,76,64,12,12
11333,52,49,3,3
11334,87,85,2,2
11335,104,89,15,15
11336,62,52,10,10
11337,112,104,8,8
11338,76,74,2,2
11339,129,117,12,12
11340,106,105,1,1
11341,63,55,8,8
11342,87,77,10,10
11343,106,95,11,11
11344,86,71,15,15
11345,88,72,16,16
11346,89,80,9,9
11347,71,70,1,1
11348,116,92,24,24
11349,55,53,2,2
11350,83,84,-1,1
11351,64,58,6,6
11352,71,65,6,6
11353,128,108,20,20
11354,57,49,8,8
11355,127,116,11,11
11356,47,40,7,7
11357,94,78,16,16
11358,60,50,10,10
11359,60,63,-3,3
11360,55,56,-1,1
11361,97,90,7,7
11362,82,76,6,6
11363,109,94,15,15
11364,111,91,20,20
11365,61,54,7,7
11366,70,66,4,4
11367,79,70,9,9
11368,107,95,12,12
11369,89,74,15,15
11370,60,55,5,5
11371,147,135,12,12
11372,83,74,9,9
11373,104,91,13,13
11374,134,121,13,13
11375,88,77,11,11
11376,35,32,3,3
11377,117,117,0,0
11378,78,71,7,7
11379,149,126,23,23
11380,85,78,7,7
11381,97,86,11,11
11382,115,110,5,5
11383,109,85,24,24
11384,81,71,10,10
11385,81,75,6,6
11386,93,91,2,2
11387,123,117,6,6
11388,95,84,11,11
11389,102,86,16,16
11390,57,48,9,9
11391,179,166,13,13
11392,126,116,10,10
11393,62,55,7,7
11394,65,67,-2,2
11395,109,94,15,15
11396,74,66,8,8
11397,113,100,13,13
11398,121,107,14,14
11399,114,106,8,8
11400,63,55,8,8
11401,103,91,12,12
11402,80,67,13,13
11403,45,68,-23,23
11404,93,86,7,7
11405,121,101,20,20
11406,166,153,13,13
11407,63,68,-5,5
11408,66,55,11,11
11409,55,70,-15,15
11410,116,105,11,11
11411,96,84,12,12
11412,76,69,7,7
11413,54,57,-3,3
11414,108,96,12,12
11415,51,48,3,3
11416,109,97,12,12
11417,75,68,7,7
11418,86,81,5,5
11419,82,85,-3,3
11420,36,38,-2,2
11421,64,64,0,0
11422,119,96,23,23
11423,53,55,-2,2
11424,73,65,8,8
11425,58,47,11,11
11426,41,41,0,0
11427,58,58,0,0
11428,118,106,12,12
11429,134,114,20,20
11430,75,67,8,8
11431,50,47,3,3
11432,98,90,8,8
11433,33,31,2,2
11434,109,88,21,21
11435,79,77,2,2
11436,60,50,10,10
11437,100,92,8,8
11438,85,68,17,17
11439,75,71,4,4
11440,82,68,14,14
11441,57,57,0,0
11442,164,154,10,10
11443,157,140,17,17
11444,76,63,13,13
11445,72,70,2,2
11446,57,68,-11,11
11447,96,102,-6,6
11448,90,75,15,15
11449,100,92,8,8
11450,129,114,15,15
11451,91,76,15,15
11452,98,85,13,13
11453,102,89,13,13
11454,198,179,19,19
11455,78,67,11,11
11456,60,53,7,7
11457,173,153,20,20
11458,98,87,11,11
11459,72,65,7,7
11460,90,110,-20,20
11461,170,151,19,19
11462,163,138,25,25
11463,77,71,6,6
11464,66,62,4,4
11465,67,51,16,16
11466,66,80,-14,14
11467,99,78,21,21
11468,86,75,11,11
11469,85,78,7,7
11470,71,61,10,10
11471,136,115,21,21
11472,86,72,14,14
11473,60,54,6,6
11474,119,108,11,11
11475,132,119,13,13
11476,114,103,11,11
11477,66,58,8,8
11478,147,130,17,17
11479,90,83,7,7
11480,112,99,13,13
11481,68,58,10,10
11482,119,100,19,19
11483,121,105,16,16
11484,70,82,-12,12
11485,124,105,19,19
11486,47,46,1,1
11487,70,72,-2,2
11488,80,71,9,9
11489,44,38,6,6
11490,75,75,0,0
11491,65,61,4,4
11492,80,62,18,18
11493,95,85,10,10
11494,124,108,16,16
11495,50,54,-4,4
11496,133,115,18,18
11497,77,70,7,7
11498,105,98,7,7
11499,70,64,6,6
11500,86,83,3,3
11501,97,78,19,19
11502,80,66,14,14
11503,98,98,0,0
11504,106,99,7,7
11505,74,64,10,10
11506,66,60,6,6
11507,118,108,10,10
11508,110,87,23,23
11509,156,136,20,20
11510,67,57,10,10
11511,170,130,40,40
11512,117,95,22,22
11513,101,92,9,9
11514,130,113,17,17
11515,93,90,3,3
11516,105,91,14,14
11517,41,53,-12,12
11518,84,59,25,25
11519,59,51,8,8
11520,141,123,18,18
11521,47,52,-5,5
11522,114,83,31,31
11523,137,119,18,18
11524,126,124,2,2
11525,62,55,7,7
11526,111,100,11,11
11527,74,65,9,9
11528,81,72,9,9
11529,160,141,19,19
11530,102,92,10,10
11531,91,76,15,15
11532,83,75,8,8
11533,72,56,16,16
11534,68,67,1,1
11535,126,104,22,22
11536,77,72,5,5
11537,160,128,32,32
11538,106,98,8,8
11539,81,73,8,8
11540,170,127,43,43
11541,131,113,18,18
11542,50,53,-3,3
11543,115,98,17,17
11544,70,68,2,2
11545,109,105,4,4
11546,72,57,15,15
11547,74,69,5,5
11548,67,65,2,2
11549,81,68,13,13
11550,83,74,9,9
11551,105,91,14,14
11552,95,92,3,3
11553,133,110,23,23
11554,115,113,2,2
11555,98,82,16,16
11556,55,33,22,22
11557,109,101,8,8
11558,50,53,-3,3
11559,145,121,24,24
11560,89,69,20,20
11561,85,77,8,8
11562,85,76,9,9
11563,65,73,-8,8
11564,86,78,8,8
11565,105,83,22,22
11566,53,47,6,6
11567,60,54,6,6
11568,121,101,20,20
11569,52,58,-6,6
11570,53,46,7,7
11571,164,150,14,14
11572,92,89,3,3
11573,100,93,7,7
11574,111,97,14,14
11575,67,57,10,10
11576,169,146,23,23
11577,86,74,12,12
11578,51,43,8,8
11579,96,85,11,11
11580,97,76,21,21
11581,82,67,15,15
11582,75,68,7,7
11583,103,89,14,14
11584,91,75,16,16
11585,108,96,12,12
11586,85,76,9,9
11587,137,122,15,15
11588,88,82,6,6
11589,167,141,26,26
11590,65,63,2,2
11591,92,76,16,16
11592,98,80,18,18
11593,68,64,4,4
11594,65,50,15,15
11595,60,53,7,7
11596,71,60,11,11
11597,50,43,7,7
11598,79,74,5,5
11599,102,87,15,15
11600,85,68,17,17
11601,69,59,10,10
11602,105,96,9,9
11603,114,95,19,19
11604,77,71,6,6
11605,70,51,19,19
11606,80,74,6,6
11607,137,131,6,6
11608,105,91,14,14
11609,83,81,2,2
11610,95,85,10,10
11611,70,72,-2,2
11612,183,165,18,18
11613,50,48,2,2
11614,164,149,15,15
11615,125,105,20,20
11616,90,78,12,12
11617,108,96,12,12
11618,150,129,21,21
11619,90,82,8,8
11620,73,65,8,8
11621,86,86,0,0
11622,91,89,2,2
11623,108,98,10,10
11624,120,101,19,19
11625,127,98,29,29
11626,65,55,10,10
11627,121,84,37,37
11628,80,70,10,10
11629,89,69,20,20
11630,81,71,10,10
11631,96,67,29,29
11632,119,104,15,15
11633,118,109,9,9
11634,128,117,11,11
11635,56,64,-8,8
11636,56,57,-1,1
11637,86,75,11,11
11638,79,69,10,10
11639,116,93,23,23
11640,69,65,4,4
11641,111,82,29,29
11642,81,87,-6,6
11643,56,53,3,3
11644,119,110,9,9
11645,82,65,17,17
11646,81,68,13,13
11647,136,110,26,26
11648,127,119,8,8
11649,108,105,3,3
11650,129,116,13,13
11651,74,85,-11,11
11652,63,74,-11,11
11653,168,139,29,29
11654,100,95,5,5
11655,66,60,6,6
11656,70,75,-5,5
11657,101,87,14,14
11658,112,92,20,20
11659,102,81,21,21
11660,124,108,16,16
11661,82,72,10,10
11662,94,88,6,6
11663,70,71,-1,1
11664,72,68,4,4
11665,67,59,8,8
11666,117,118,-1,1
11667,47,40,7,7
11668,110,84,26,26
11669,93,80,13,13
11670,64,52,12,12
11671,134,122,12,12
11672,66,58,8,8
11673,69,58,11,11
11674,99,94,5,5
11675,137,116,21,21
11676,58,56,2,2
11677,85,71,14,14
11678,94,76,18,18
11679,104,92,12,12
11680,108,97,11,11
11681,89,75,14,14
11682,176,152,24,24
11683,88,79,9,9
11684,46,44,2,2
11685,94,86,8,8
11686,162,144,18,18
11687,92,81,11,11
11688,96,86,10,10
11689,124,107,17,17
11690,74,72,2,2
11691,68,65,3,3
11692,67,59,8,8
11693,90,86,4,4
11694,87,67,20,20
11695,86,75,11,11
11696,68,62,6,6
11697,90,78,12,12
11698,77,76,1,1
11699,126,97,29,29
11700,126,107,19,19
11701,94,87,7,7
11702,172,152,20,20
11703,63,77,-14,14
11704,101,84,17,17
11705,148,135,13,13
11706,87,87,0,0
11707,127,104,23,23
11708,121,95,26,26
11709,142,131,11,11
11710,73,66,7,7
11711,71,64,7,7
11712,103,121,-18,18
11713,39,36,3,3
11714,99,92,7,7
11715,69,60,9,9
11716,182,150,32,32
11717,138,150,-12,12
11718,142,124,18,18
11719,114,111,3,3
11720,54,55,-1,1
11721,93,81,12,12
11722,110,92,18,18
11723,38,35,3,3
11724,133,121,12,12
11725,143,120,23,23
11726,125,116,9,9
11727,69,63,6,6
11728,120,107,13,13
11729,121,115,6,6
11730,71,58,13,13
11731,97,87,10,10
11732,104,89,15,15
11733,97,86,11,11
11734,47,42,5,5
11735,184,162,22,22
11736,110,110,0,0
11737,67,58,9,9
11738,106,96,10,10
11739,66,73,-7,7
11740,118,99,19,19
11741,81,72,9,9
11742,83,73,10,10
11743,64,66,-2,2
11744,70,54,16,16
11745,50,46,4,4
11746,93,75,18,18
11747,157,128,29,29
11748,51,46,5,5
11749,77,67,10,10
11750,87,75,12,12
11751,119,98,21,21
11752,115,96,19,19
11753,85,69,16,16
11754,63,69,-6,6
11755,91,87,4,4
11756,67,59,8,8
11757,64,72,-8,8
11758,127,125,2,2
11759,67,61,6,6
11760,71,65,6,6
11761,96,75,21,21
11762,111,99,12,12
11763,62,50,12,12
11764,77,63,14,14
11765,174,160,14,14
11766,138,116,22,22
11767,65,59,6,6
11768,116,96,20,20
11769,47,44,3,3
11770,119,105,14,14
11771,94,78,16,16
11772,122,109,13,13
11773,92,89,3,3
11774,148,118,30,30
11775,67,62,5,5
11776,101,93,8,8
11777,86,80,6,6
11778,53,36,17,17
11779,77,74,3,3
11780,126,106,20,20
11781,74,61,13,13
11782,91,85,6,6
11783,81,77,4,4
11784,43,39,4,4
11785,114,102,12,12
11786,79,73,6,6
11787,96,83,13,13
11788,106,88,18,18
11789,79,76,3,3
11790,120,121,-1,1
11791,107,96,11,11
11792,98,86,12,12
11793,47,42,5,5
11794,76,71,5,5
11795,85,71,14,14
11796,67,68,-1,1
11797,79,72,7,7
11798,90,93,-3,3
11799,84,71,13,13
11800,152,129,23,23
11801,152,131,21,21
11802,87,73,14,14
11803,65,55,10,10
11804,83,73,10,10
11805,205,178,27,27
11806,151,132,19,19
11807,114,89,25,25
11808,83,74,9,9
11809,66,66,0,0
11810,66,64,2,2
11811,105,92,13,13
11812,176,148,28,28
11813,166,150,16,16
11814,185,156,29,29
11815,108,96,12,12
11816,95,86,9,9
11817,67,74,-7,7
11818,87,81,6,6
11819,82,77,5,5
11820,121,103,18,18
11821,71,75,-4,4
11822,62,59,3,3
11823,113,76,37,37
11824,104,92,12,12
11825,68,62,6,6
11826,93,93,0,0
11827,74,54,20,20
11828,60,54,6,6
11829,80,82,-2,2
11830,70,66,4,4
11831,75,72,3,3
11832,76,63,13,13
11833,75,64,11,11
11834,80,66,14,14
11835,45,48,-3,3
11836,93,97,-4,4
11837,99,101,-2,2
11838,77,60,17,17
11839,89,74,15,15
11840,143,140,3,3
11841,83,78,5,5
11842,102,92,10,10
11843,122,111,11,11
11844,118,98,20,20
11845,132,100,32,32
11846,102,100,2,2
11847,75,62,13,13
11848,105,97,8,8
11849,124,105,19,19
11850,75,61,14,14
11851,47,50,-3,3
11852,130,120,10,10
11853,147,130,17,17
11854,134,114,20,20
11855,71,63,8,8
11856,72,60,12,12
11857,42,42,0,0
11858,97,84,13,13
11859,99,95,4,4
11860,147,143,4,4
11861,127,114,13,13
11862,65,62,3,3
11863,73,83,-10,10
11864,54,51,3,3
11865,87,77,10,10
11866,125,121,4,4
11867,120,112,8,8
11868,75,66,9,9
11869,101,98,3,3
11870,139,126,13,13
11871,93,80,13,13
11872,85,78,7,7
11873,162,141,21,21
11874,158,141,17,17
11875,234,179,55,55
11876,76,70,6,6
11877,68,57,11,11
11878,60,49,11,11
11879,115,96,19,19
11880,92,79,13,13
11881,99,67,32,32
11882,95,80,15,15
11883,69,70,-1,1
11884,53,50,3,3
11885,100,88,12,12
11886,157,136,21,21
11887,103,90,13,13
11888,117,107,10,10
11889,100,85,15,15
11890,95,78,17,17
11891,146,119,27,27
11892,97,83,14,14
11893,49,51,-2,2
11894,83,79,4,4
11895,89,73,16,16
11896,97,92,5,5
11897,98,91,7,7
11898,99,89,10,10
11899,52,55,-3,3
11900,92,86,6,6
11901,128,121,7,7
11902,60,49,11,11
11903,47,44,3,3
11904,106,90,16,16
11905,78,64,14,14
11906,143,140,3,3
11907,90,78,12,12
11908,125,107,18,18
11909,80,77,3,3
11910,114,97,17,17
11911,161,136,25,25
11912,120,106,14,14
11913,41,50,-9,9
11914,38,37,1,1
11915,105,102,3,3
11916,48,45,3,3
11917,58,53,5,5
11918,112,96,16,16
11919,59,51,8,8
11920,76,73,3,3
11921,118,104,14,14
11922,77,63,14,14
11923,51,48,3,3
11924,76,61,15,15
11925,56,54,2,2
11926,40,41,-1,1
11927,69,65,4,4
11928,77,68,9,9
11929,91,82,9,9
11930,149,132,17,17
11931,110,98,12,12
11932,115,109,6,6
11933,117,103,14,14
11934,93,84,9,9
11935,31,28,3,3
11936,111,112,-1,1
11937,79,77,2,2
11938,72,63,9,9
11939,44,48,-4,4
11940,89,82,7,7
11941,51,48,3,3
11942,186,169,17,17
11943,144,120,24,24
11944,98,81,17,17
11945,68,62,6,6
11946,82,74,8,8
11947,110,96,14,14
11948,101,71,30,30
11949,73,67,6,6
11950,106,96,10,10
11951,50,45,5,5
11952,128,113,15,15
11953,82,76,6,6
11954,39,52,-13,13
11955,57,54,3,3
11956,100,91,9,9
11957,132,116,16,16
11958,58,53,5,5
11959,65,56,9,9
11960,46,41,5,5
11961,90,82,8,8
11962,132,116,16,16
11963,84,77,7,7
11964,95,84,11,11
11965,152,140,12,12
11966,67,58,9,9
11967,96,94,2,2
11968,78,72,6,6
11969,99,77,22,22
11970,71,68,3,3
11971,116,95,21,21
11972,122,115,7,7
11973,81,70,11,11
11974,42,49,-7,7
11975,121,111,10,10
11976,144,129,15,15
11977,190,169,21,21
11978,132,117,15,15
11979,112,89,23,23
11980,106,79,27,27
11981,104,84,20,20
11982,79,69,10,10
11983,81,74,7,7
11984,92,99,-7,7
11985,55,54,1,1
11986,85,68,17,17
11987,72,64,8,8
11988,48,43,5,5
11989,92,93,-1,1
11990,44,41,3,3
11991,112,97,15,15
11992,118,104,14,14
11993,74,72,2,2
11994,102,84,18,18
11995,93,93,0,0
11996,113,96,17,17
11997,89,81,8,8
11998,133,118,15,15
11999,45,41,4,4
12000,53,50,3,3
12001,139,126,13,13
12002,61,58,3,3
12003,85,90,-5,5
12004,67,61,6,6
12005,81,66,15,15
12006,33,32,1,1
12007,74,67,7,7
12008,81,70,11,11
12009,81,73,8,8
12010,114,100,14,14
12011,158,153,5,5
12012,59,59,0,0
12013,60,57,3,3
12014,111,96,15,15
12015,102,90,12,12
12016,89,70,19,19
12017,80,65,15,15
12018,73,71,2,2
12019,53,43,10,10
12020,124,110,14,14
12021,108,95,13,13
12022,101,78,23,23
12023,93,89,4,4
12024,69,53,16,16
12025,111,105,6,6
12026,74,68,6,6
12027,80,68,12,12
12028,101,81,20,20
12029,127,131,-4,4
12030,78,69,9,9
12031,143,137,6,6
12032,114,114,0,0
12033,49,61,-12,12
12034,115,108,7,7
12035,103,84,19,19
12036,84,79,5,5
12037,88,79,9,9
12038,92,81,11,11
12039,108,101,7,7
12040,90,78,12,12
12041,65,66,-1,1
12042,60,53,7,7
12043,72,61,11,11
12044,129,128,1,1
12045,76,66,10,10
12046,109,105,4,4
12047,88,86,2,2
12048,60,52,8,8
12049,47,36,11,11
12050,100,84,16,16
12051,117,111,6,6
12052,125,102,23,23
12053,113,93,20,20
12054,54,48,6,6
12055,111,98,13,13
12056,156,132,24,24
12057,110,99,11,11
12058,82,86,-4,4
12059,114,97,17,17
12060,68,68,0,0
12061,66,66,0,0
12062,90,83,7,7
12063,63,57,6,6
12064,100,89,11,11
12065,66,63,3,3
12066,141,125,16,16
12067,79,69,10,10
12068,104,83,21,21
12069,140,119,21,21
12070,72,67,5,5
12071,39,37,2,2
12072,118,99,19,19
12073,97,75,22,22
12074,95,95,0,0
12075,86,79,7,7
12076,90,78,12,12
12077,86,91,-5,5
12078,95,83,12,12
12079,118,98,20,20
12080,94,80,14,14
12081,130,121,9,9
12082,58,49,9,9
12083,121,116,5,5
12084,125,115,10,10
12085,150,142,8,8
12086,102,90,12,12
12087,122,100,22,22
12088,109,95,14,14
12089,74,69,5,5
12090,93,73,20,20
12091,53,50,3,3
12092,117,108,9,9
12093,93,80,13,13
12094,191,184,7,7
12095,142,110,32,32
12096,123,102,21,21
12097,83,76,7,7
12098,127,111,16,16
12099,83,77,6,6
12100,85,74,11,11
12101,83,75,8,8
12102,94,76,18,18
12103,164,143,21,21
12104,72,59,13,13
12105,76,54,22,22
12106,122,100,22,22
12107,59,38,21,21
12108,87,78,9,9
12109,88,52,36,36
12110,61,50,11,11
12111,154,133,21,21
12112,159,135,24,24
12113,163,136,27,27
12114,104,92,12,12
12115,121,114,7,7
12116,116,98,18,18
12117,98,90,8,8
12118,84,78,6,6
12119,42,39,3,3
12120,78,68,10,10
12121,99,102,-3,3
12122,77,80,-3,3
12123,189,161,28,28
12124,66,72,-6,6
12125,144,136,8,8
12126,196,165,31,31
12127,107,94,13,13
12128,68,68,0,0
12129,88,76,12,12
12130,36,34,2,2
12131,107,94,13,13
12132,123,104,19,19
12133,62,55,7,7
12134,207,183,24,24
12135,89,78,11,11
12136,74,70,4,4
12137,87,77,10,10
12138,135,112,23,23
12139,72,59,13,13
12140,183,130,53,53
12141,118,114,4,4
12142,110,74,36,36
12143,111,98,13,13
12144,122,99,23,23
12145,90,85,5,5
12146,121,110,11,11
12147,58,48,10,10
12148,126,110,16,16
12149,105,92,13,13
12150,109,98,11,11
12151,71,64,7,7
12152,148,132,16,16
12153,95,88,7,7
12154,103,93,10,10
12155,90,81,9,9
12156,77,71,6,6
12157,126,105,21,21
12158,141,125,16,16
12159,134,114,20,20
12160,49,44,5,5
12161,99,91,8,8
12162,130,110,20,20
12163,74,62,12,12
12164,64,60,4,4
12165,196,158,38,38
12166,106,102,4,4
12167,100,91,9,9
12168,88,78,10,10
12169,116,101,15,15
12170,107,97,10,10
12171,128,113,15,15
12172,93,80,13,13
12173,150,122,28,28
12174,92,72,20,20
12175,96,78,18,18
12176,115,100,15,15
12177,111,93,18,18
12178,87,84,3,3
12179,69,65,4,4
12180,139,141,-2,2
12181,104,93,11,11
12182,115,107,8,8
12183,114,96,18,18
12184,58,50,8,8
12185,77,69,8,8
12186,79,74,5,5
12187,114,105,9,9
12188,111,106,5,5
12189,102,88,14,14
12190,161,145,16,16
12191,197,175,22,22
12192,72,65,7,7
12193,142,127,15,15
12194,49,46,3,3
12195,63,63,0,0
12196,135,120,15,15
12197,192,165,27,27
12198,47,44,3,3
12199,110,99,11,11
12200,71,64,7,7
12201,108,102,6,6
12202,137,132,5,5
12203,128,106,22,22
12204,137,124,13,13
12205,148,135,13,13
12206,82,76,6,6
12207,70,71,-1,1
12208,60,47,13,13
12209,115,98,17,17
12210,76,68,8,8
12211,86,75,11,11
12212,97,86,11,11
12213,122,104,18,18
12214,104,87,17,17
12215,149,145,4,4
12216,73,62,11,11
12217,88,74,14,14
12218,93,78,15,15
12219,94,84,10,10
12220,110,95,15,15
12221,56,54,2,2
12222,66,64,2,2
12223,73,70,3,3
12224,96,87,9,9
12225,121,103,18,18
12226,122,115,7,7
12227,94,84,10,10
12228,88,90,-2,2
12229,130,123,7,7
12230,63,50,13,13
12231,141,115,26,26
12232,54,52,2,2
12233,73,68,5,5
12234,71,66,5,5
12235,95,79,16,16
12236,121,99,22,22
12237,73,68,5,5
12238,125,115,10,10
12239,67,67,0,0
12240,121,107,14,14
12241,109,99,10,10
12242,64,64,0,0
12243,96,81,15,15
12244,119,121,-2,2
12245,93,84,9,9
12246,75,66,9,9
12247,95,87,8,8
12248,66,63,3,3
12249,99,88,11,11
12250,47,42,5,5
12251,84,89,-5,5
12252,165,185,-20,20
12253,97,84,13,13
12254,73,68,5,5
12255,37,41,-4,4
12256,104,86,18,18
12257,71,64,7,7
12258,65,57,8,8
12259,66,52,14,14
12260,63,53,10,10
12261,96,87,9,9
12262,130,117,13,13
12263,141,125,16,16
12264,86,90,-4,4
12265,108,102,6,6
12266,128,105,23,23
12267,118,98,20,20
12268,83,66,17,17
12269,68,65,3,3
12270,84,79,5,5
12271,105,88,17,17
12272,61,67,-6,6
12273,73,73,0,0
12274,65,61,4,4
12275,131,107,24,24
12276,118,97,21,21
12277,93,85,8,8
12278,76,66,10,10
12279,75,67,8,8
12280,65,64,1,1
12281,70,60,10,10
12282,140,129,11,11
12283,95,80,15,15
12284,145,113,32,32
12285,82,64,18,18
12286,185,154,31,31
12287,71,64,7,7
12288,100,95,5,5
12289,99,82,17,17
12290,64,57,7,7
12291,65,54,11,11
12292,51,46,5,5
12293,79,80,-1,1
12294,50,51,-1,1
12295,128,122,6,6
12296,109,93,16,16
12297,106,83,23,23
12298,50,44,6,6
12299,126,110,16,16
12300,105,93,12,12
12301,39,40,-1,1
12302,70,60,10,10
12303,134,89,45,45
12304,46,45,1,1
12305,81,76,5,5
12306,115,99,16,16
12307,56,58,-2,2
12308,90,80,10,10
12309,107,93,14,14
12310,38,39,-1,1
12311,112,96,16,16
12312,86,77,9,9
12313,102,90,12,12
12314,81,78,3,3
12315,133,115,18,18
12316,65,55,10,10
12317,67,72,-5,5
12318,63,61,2,2
12319,105,89,16,16
12320,81,74,7,7
12321,97,93,4,4
12322,96,92,4,4
12323,113,117,-4,4
12324,91,84,7,7
12325,67,74,-7,7
12326,85,73,12,12
12327,102,91,11,11
12328,76,65,11,11
12329,190,181,9,9
12330,63,59,4,4
12331,87,67,20,20
12332,140,123,17,17
12333,113,90,23,23
12334,102,88,14,14
12335,62,47,15,15
12336,57,51,6,6
12337,48,45,3,3
12338,62,51,11,11
12339,94,102,-8,8
12340,95,93,2,2
12341,183,165,18,18
12342,80,73,7,7
12343,164,148,16,16
12344,66,53,13,13
12345,67,74,-7,7
12346,103,93,10,10
12347,69,71,-2,2
12348,118,108,10,10
12349,78,68,10,10
12350,66,57,9,9
12351,94,81,13,13
12352,92,81,11,11
12353,142,117,25,25
12354,55,61,-6,6
12355,101,93,8,8
12356,79,62,17,17
12357,122,116,6,6
12358,123,97,26,26
12359,38,34,4,4
12360,65,73,-8,8
12361,138,112,26,26
12362,76,68,8,8
12363,114,106,8,8
12364,79,75,4,4
12365,114,96,18,18
12366,68,59,9,9
12367,78,71,7,7
12368,93,89,4,4
12369,103,95,8,8
12370,163,126,37,37
12371,101,98,3,3
12372,126,113,13,13
12373,67,54,13,13
12374,78,67,11,11
12375,116,103,13,13
12376,128,118,10,10
12377,91,77,14,14
12378,142,120,22,22
12379,65,61,4,4
12380,145,143,2,2
12381,61,53,8,8
12382,136,118,18,18
12383,84,69,15,15
12384,98,82,16,16
12385,87,80,7,7
12386,107,98,9,9
12387,115,118,-3,3
12388,106,85,21,21
12389,93,86,7,7
12390,80,62,18,18
12391,130,105,25,25
12392,115,97,18,18
12393,97,98,-1,1
12394,92,85,7,7
12395,88,71,17,17
12396,66,53,13,13
12397,66,54,12,12
12398,87,81,6,6
12399,106,94,12,12
12400,70,70,0,0
12401,180,149,31,31
12402,87,89,-2,2
12403,89,74,15,15
12404,92,89,3,3
12405,125,101,24,24
12406,88,91,-3,3
12407,109,94,15,15
12408,35,34,1,1
12409,67,66,1,1
12410,117,104,13,13
12411,190,163,27,27
12412,114,101,13,13
12413,137,121,16,16
12414,138,140,-2,2
12415,129,125,4,4
12416,106,80,26,26
12417,63,60,3,3
12418,58,54,4,4
12419,57,56,1,1
12420,86,80,6,6
12421,104,89,15,15
12422,97,88,9,9
12423,101,90,11,11
12424,137,115,22,22
12425,64,46,18,18
12426,176,183,-7,7
12427,93,78,15,15
12428,120,105,15,15
12429,108,95,13,13
12430,70,66,4,4
12431,97,80,17,17
12432,83,80,3,3
12433,83,70,13,13
12434,150,150,0,0
12435,64,64,0,0
12436,89,74,15,15
12437,96,85,11,11
12438,114,99,15,15
12439,119,100,19,19
12440,61,50,11,11
12441,96,85,11,11
12442,105,95,10,10
12443,61,54,7,7
12444,141,125,16,16
12445,86,75,11,11
12446,87,74,13,13
12447,90,71,19,19
12448,105,94,11,11
12449,91,73,18,18
12450,111,104,7,7
12451,76,71,5,5
12452,87,77,10,10
12453,91,81,10,10
12454,107,102,5,5
12455,110,99,11,11
12456,124,119,5,5
12457,128,110,18,18
12458,109,98,11,11
12459,71,60,11,11
12460,87,74,13,13
12461,148,132,16,16
12462,107,92,15,15
12463,134,121,13,13
12464,23,25,-2,2
12465,119,123,-4,4
12466,91,72,19,19
12467,25,34,-9,9
12468,61,67,-6,6
12469,101,89,12,12
12470,72,58,14,14
12471,95,92,3,3
12472,47,37,10,10
12473,97,87,10,10
12474,81,74,7,7
12475,59,51,8,8
12476,77,68,9,9
12477,138,113,25,25
12478,120,96,24,24
12479,136,130,6,6
12480,79,75,4,4
12481,63,59,4,4
12482,102,89,13,13
12483,158,135,23,23
12484,73,70,3,3
12485,53,45,8,8
12486,83,80,3,3
12487,155,117,38,38
12488,139,118,21,21
12489,93,75,18,18
12490,128,120,8,8
12491,98,97,1,1
12492,96,79,17,17
12493,153,130,23,23
12494,104,93,11,11
12495,115,90,25,25
12496,72,63,9,9
12497,90,79,11,11
12498,127,123,4,4
12499,112,114,-2,2
12500,64,60,4,4
12501,73,62,11,11
12502,72,69,3,3
12503,73,77,-4,4
12504,56,52,4,4
12505,106,93,13,13
12506,144,122,22,22
12507,47,57,-10,10
12508,147,131,16,16
12509,95,83,12,12
12510,76,73,3,3
12511,128,114,14,14
12512,81,63,18,18
12513,79,73,6,6
12514,86,72,14,14
12515,44,43,1,1
12516,87,80,7,7
12517,102,95,7,7
12518,116,105,11,11
12519,105,94,11,11
12520,113,113,0,0
12521,152,127,25,25
12522,175,156,19,19
12523,70,63,7,7
12524,173,152,21,21
12525,87,70,17,17
12526,102,86,16,16
12527,88,80,8,8
12528,76,65,11,11
12529,110,94,16,16
12530,99,92,7,7
12531,71,63,8,8
12532,75,67,8,8
12533,105,93,12,12
12534,153,142,11,11
12535,100,102,-2,2
12536,90,74,16,16
12537,83,89,-6,6
12538,82,72,10,10
12539,49,45,4,4
12540,69,61,8,8
12541,113,102,11,11
12542,63,58,5,5
12543,58,54,4,4
12544,65,56,9,9
12545,145,131,14,14
12546,50,43,7,7
12547,83,79,4,4
12548,100,87,13,13
12549,76,67,9,9
12550,72,69,3,3
12551,71,78,-7,7
12552,106,91,15,15
12553,127,125,2,2
12554,96,84,12,12
12555,67,60,7,7
12556,140,128,12,12
12557,56,50,6,6
12558,108,94,14,14
12559,94,78,16,16
12560,59,51,8,8
12561,84,79,5,5
12562,96,87,9,9
12563,92,89,3,3
12564,186,163,23,23
12565,62,53,9,9
12566,164,135,29,29
12567,49,49,0,0
12568,62,53,9,9
12569,50,51,-1,1
12570,128,124,4,4
12571,57,56,1,1
12572,69,62,7,7
12573,48,51,-3,3
12574,132,114,18,18
12575,140,131,9,9
12576,107,94,13,13
12577,80,73,7,7
12578,78,69,9,9
12579,140,114,26,26
12580,78,71,7,7
12581,123,103,20,20
12582,87,83,4,4
12583,91,97,-6,6
12584,119,117,2,2
12585,107,93,14,14
12586,52,51,1,1
12587,61,61,0,0
12588,102,85,17,17
12589,79,67,12,12
12590,81,75,6,6
12591,72,62,10,10
12592,74,74,0,0
12593,73,59,14,14
12594,114,80,34,34
12595,127,113,14,14
12596,92,74,18,18
12597,118,112,6,6
12598,115,181,-66,66
12599,73,61,12,12
12600,93,86,7,7
12601,70,58,12,12
12602,73,62,11,11
12603,107,110,-3,3
12604,96,91,5,5
12605,101,77,24,24
12606,76,80,-4,4
12607,85,67,18,18
12608,111,98,13,13
12609,42,45,-3,3
12610,69,61,8,8
12611,97,78,19,19
12612,90,78,12,12
12613,96,81,15,15
12614,114,121,-7,7
12615,121,102,19,19
12616,68,65,3,3
12617,45,46,-1,1
12618,73,64,9,9
12619,109,95,14,14
12620,175,157,18,18
12621,90,72,18,18
12622,70,62,8,8
12623,85,77,8,8
12624,62,60,2,2
12625,89,87,2,2
12626,132,116,16,16
12627,155,130,25,25
12628,99,90,9,9
12629,60,54,6,6
12630,110,95,15,15
12631,87,76,11,11
12632,98,100,-2,2
12633,80,81,-1,1
12634,127,114,13,13
12635,172,148,24,24
12636,181,159,22,22
12637,130,107,23,23
12638,76,67,9,9
12639,86,74,12,12
12640,105,90,15,15
12641,105,103,2,2
12642,56,64,-8,8
12643,65,61,4,4
12644,42,37,5,5
12645,120,100,20,20
12646,65,55,10,10
12647,76,71,5,5
12648,134,114,20,20
12649,28,62,-34,34
12650,96,85,11,11
12651,92,85,7,7
12652,53,45,8,8
12653,66,53,13,13
12654,79,67,12,12
12655,101,103,-2,2
12656,78,86,-8,8
12657,88,85,3,3
12658,136,118,18,18
12659,142,126,16,16
12660,73,63,10,10
12661,97,79,18,18
12662,80,62,18,18
12663,51,49,2,2
12664,69,71,-2,2
12665,52,55,-3,3
12666,57,48,9,9
12667,100,107,-7,7
12668,147,133,14,14
12669,129,119,10,10
12670,92,89,3,3
12671,107,84,23,23
12672,99,96,3,3
12673,89,83,6,6
12674,58,52,6,6
12675,103,81,22,22
12676,33,35,-2,2
12677,103,80,23,23
12678,88,82,6,6
12679,81,76,5,5
12680,53,51,2,2
12681,70,71,-1,1
12682,32,38,-6,6
12683,88,78,10,10
12684,99,104,-5,5
12685,110,95,15,15
12686,78,71,7,7
12687,99,88,11,11
12688,46,44,2,2
12689,136,109,27,27
12690,75,65,10,10
12691,117,90,27,27
12692,93,75,18,18
12693,132,118,14,14
12694,70,64,6,6
12695,69,66,3,3
12696,49,33,16,16
12697,71,70,1,1
12698,118,104,14,14
12699,97,88,9,9
12700,76,78,-2,2
12701,195,136,59,59
12702,128,109,19,19
12703,66,52,14,14
12704,120,107,13,13
12705,73,71,2,2
12706,62,60,2,2
12707,104,83,21,21
12708,94,86,8,8
12709,94,79,15,15
12710,110,89,21,21
12711,96,80,16,16
12712,107,93,14,14
12713,77,73,4,4
12714,91,91,0,0
12715,63,53,10,10
12716,128,97,31,31
12717,77,69,8,8
12718,67,67,0,0
12719,124,103,21,21
12720,94,82,12,12
12721,64,57,7,7
12722,74,67,7,7
12723,88,79,9,9
12724,70,67,3,3
12725,78,68,10,10
12726,66,70,-4,4
12727,104,95,9,9
12728,134,131,3,3
12729,92,80,12,12
12730,74,64,10,10
12731,93,82,11,11
12732,98,85,13,13
12733,100,84,16,16
12734,87,82,5,5
12735,101,87,14,14
12736,49,45,4,4
12737,121,104,17,17
12738,84,85,-1,1
12739,158,141,17,17
12740,115,93,22,22
12741,125,102,23,23
12742,53,43,10,10
12743,80,78,2,2
12744,68,58,10,10
12745,103,89,14,14
12746,107,96,11,11
12747,77,81,-4,4
12748,100,97,3,3
12749,120,113,7,7
12750,91,81,10,10
12751,77,58,19,19
12752,132,113,19,19
12753,131,116,15,15
12754,43,52,-9,9
12755,45,42,3,3
12756,124,104,20,20
12757,86,71,15,15
12758,107,89,18,18
12759,82,76,6,6
12760,204,171,33,33
12761,107,93,14,14
12762,120,111,9,9
12763,140,126,14,14
12764,153,128,25,25
12765,83,70,13,13
12766,47,42,5,5
12767,91,76,15,15
12768,68,48,20,20
12769,56,49,7,7
12770,77,77,0,0
12771,37,42,-5,5
12772,117,100,17,17
12773,85,74,11,11
12774,101,82,19,19
12775,67,67,0,0
12776,118,117,1,1
12777,56,55,1,1
12778,68,62,6,6
12779,65,71,-6,6
12780,105,90,15,15
12781,102,99,3,3
12782,116,97,19,19
12783,69,61,8,8
12784,79,70,9,9
12785,105,94,11,11
12786,101,71,30,30
12787,106,86,20,20
12788,89,77,12,12
12789,77,68,9,9
12790,116,105,11,11
12791,111,94,17,17
12792,91,71,20,20
12793,74,61,13,13
12794,96,84,12,12
12795,119,112,7,7
12796,124,103,21,21
12797,83,70,13,13
12798,59,58,1,1
12799,87,72,15,15
12800,55,50,5,5
12801,121,110,11,11
12802,94,83,11,11
12803,90,77,13,13
12804,181,160,21,21
12805,93,82,11,11
12806,72,66,6,6
12807,92,81,11,11
12808,153,131,22,22
12809,55,48,7,7
12810,61,59,2,2
12811,99,84,15,15
12812,82,78,4,4
12813,102,86,16,16
12814,148,131,17,17
12815,112,99,13,13
12816,172,160,12,12
12817,133,121,12,12
12818,97,85,12,12
12819,70,66,4,4
12820,70,67,3,3
12821,98,79,19,19
12822,96,96,0,0
12823,69,65,4,4
12824,90,80,10,10
12825,138,119,19,19
12826,132,118,14,14
12827,153,144,9,9
12828,86,61,25,25
12829,108,90,18,18
12830,80,80,0,0
12831,154,124,30,30
12832,116,109,7,7
12833,103,90,13,13
12834,104,101,3,3
12835,116,102,14,14
12836,107,79,28,28
12837,96,79,17,17
12838,90,83,7,7
12839,50,52,-2,2
12840,104,95,9,9
12841,72,59,13,13
12842,106,89,17,17
12843,87,78,9,9
12844,124,111,13,13
12845,27,33,-6,6
12846,133,111,22,22
12847,122,100,22,22
12848,124,129,-5,5
12849,89,86,3,3
12850,97,111,-14,14
12851,84,80,4,4
12852,140,130,10,10
12853,136,115,21,21
12854,20,25,-5,5
12855,93,86,7,7
12856,85,77,8,8
12857,74,68,6,6
12858,103,80,23,23
12859,75,68,7,7
12860,46,43,3,3
12861,84,94,-10,10
12862,75,67,8,8
12863,53,47,6,6
12864,52,71,-19,19
12865,87,81,6,6
12866,109,88,21,21
12867,105,86,19,19
12868,67,59,8,8
12869,154,122,32,32
12870,84,77,7,7
12871,128,110,18,18
12872,113,107,6,6
12873,87,73,14,14
12874,101,98,3,3
12875,96,92,4,4
12876,39,41,-2,2
12877,133,121,12,12
12878,191,175,16,16
12879,60,53,7,7
12880,125,107,18,18
12881,75,73,2,2
12882,40,43,-3,3
12883,103,85,18,18
12884,79,68,11,11
12885,185,167,18,18
12886,124,101,23,23
12887,109,105,4,4
12888,89,89,0,0
12889,67,62,5,5
12890,47,49,-2,2
12891,76,65,11,11
12892,122,113,9,9
12893,106,85,21,21
12894,142,114,28,28
12895,96,71,25,25
12896,52,45,7,7
12897,96,86,10,10
12898,117,112,5,5
12899,69,65,4,4
12900,89,73,16,16
12901,72,65,7,7
12902,180,161,19,19
12903,94,79,15,15
12904,53,54,-1,1
12905,93,89,4,4
12906,161,133,28,28
12907,137,122,15,15
12908,129,119,10,10
12909,89,69,20,20
12910,102,88,14,14
12911,159,145,14,14
12912,67,59,8,8
12913,67,67,0,0
12914,97,87,10,10
12915,71,62,9,9
12916,153,139,14,14
12917,100,91,9,9
12918,92,88,4,4
12919,79,81,-2,2
12920,79,72,7,7
12921,73,64,9,9
12922,133,120,13,13
12923,51,47,4,4
12924,139,119,20,20
12925,115,111,4,4
12926,89,80,9,9
12927,124,114,10,10
12928,90,79,11,11
12929,128,118,10,10
12930,131,109,22,22
12931,71,59,12,12
12932,113,97,16,16
12933,127,122,5,5
12934,61,61,0,0
12935,113,102,11,11
12936,112,81,31,31
12937,75,65,10,10
12938,125,97,28,28
12939,73,65,8,8
12940,100,104,-4,4
12941,187,161,26,26
12942,101,88,13,13
12943,103,84,19,19
12944,99,96,3,3
12945,65,59,6,6
12946,116,100,16,16
12947,97,99,-2,2
12948,83,77,6,6
12949,90,88,2,2
12950,101,93,8,8
12951,97,93,4,4
12952,107,94,13,13
12953,119,119,0,0
12954,78,64,14,14
12955,79,71,8,8
12956,74,69,5,5
12957,150,131,19,19
12958,83,86,-3,3
12959,131,131,0,0
12960,68,65,3,3
12961,222,176,46,46
12962,88,78,10,10
12963,109,87,22,22
12964,149,139,10,10
12965,82,79,3,3
12966,33,31,2,2
12967,97,93,4,4
12968,88,76,12,12
12969,127,121,6,6
12970,70,62,8,8
12971,86,79,7,7
12972,63,57,6,6
12973,101,88,13,13
12974,85,77,8,8
12975,97,77,20,20
12976,68,60,8,8
12977,79,80,-1,1
12978,182,160,22,22
12979,68,66,2,2
12980,68,60,8,8
12981,81,71,10,10
12982,118,99,19,19
12983,93,85,8,8
12984,117,89,28,28
12985,144,128,16,16
12986,134,110,24,24
12987,69,61,8,8
12988,133,118,15,15
12989,88,82,6,6
12990,63,57,6,6
12991,116,106,10,10
12992,113,112,1,1
12993,103,82,21,21
12994,127,112,15,15
12995,116,105,11,11
12996,114,97,17,17
12997,123,104,19,19
12998,72,54,18,18
12999,107,89,18,18
13000,121,99,22,22
13001,100,76,24,24
13002,87,76,11,11
13003,102,85,17,17
13004,155,151,4,4
13005,72,71,1,1
13006,84,75,9,9
13007,86,86,0,0
13008,115,107,8,8
13009,100,91,9,9
13010,81,66,15,15
13011,51,49,2,2
13012,54,49,5,5
13013,86,77,9,9
13014,92,78,14,14
13015,60,57,3,3
13016,112,100,12,12
13017,92,76,16,16
13018,87,77,10,10
13019,95,85,10,10
13020,80,67,13,13
13021,139,126,13,13
13022,103,82,21,21
13023,120,120,0,0
13024,75,77,-2,2
13025,51,38,13,13
13026,76,67,9,9
13027,67,63,4,4
13028,165,147,18,18
13029,84,78,6,6
13030,83,77,6,6
13031,61,51,10,10
13032,159,140,19,19
13033,64,63,1,1
13034,140,127,13,13
13035,65,69,-4,4
13036,68,63,5,5
13037,67,54,13,13
13038,87,82,5,5
13039,109,96,13,13
13040,116,106,10,10
13041,94,99,-5,5
13042,135,114,21,21
13043,77,67,10,10
13044,55,47,8,8
13045,61,53,8,8
13046,73,69,4,4
13047,139,110,29,29
13048,106,109,-3,3
13049,78,76,2,2
13050,74,58,16,16
13051,99,84,15,15
13052,88,84,4,4
13053,93,75,18,18
13054,69,60,9,9
13055,235,188,47,47
13056,83,78,5,5
13057,101,68,33,33
13058,66,64,2,2
13059,58,46,12,12
13060,119,109,10,10
13061,129,116,13,13
13062,82,72,10,10
13063,168,145,23,23
13064,72,67,5,5
13065,125,105,20,20
13066,82,66,16,16
13067,97,80,17,17
13068,56,57,-1,1
13069,123,125,-2,2
13070,79,68,11,11
13071,84,75,9,9
13072,112,99,13,13
13073,80,78,2,2
13074,106,93,13,13
13075,60,54,6,6
13076,72,66,6,6
13077,96,93,3,3
13078,60,40,20,20
13079,117,86,31,31
13080,66,65,1,1
13081,78,72,6,6
13082,55,51,4,4
13083,164,132,32,32
13084,184,157,27,27
13085,78,73,5,5
13086,61,61,0,0
13087,109,116,-7,7
13088,101,91,10,10
13089,79,70,9,9
13090,51,49,2,2
13091,64,51,13,13
13092,62,58,4,4
13093,144,127,17,17
13094,57,50,7,7
13095,50,45,5,5
13096,81,70,11,11
13097,99,91,8,8
13098,97,90,7,7
13099,129,103,26,26
13100,104,87,17,17
13101,93,92,1,1
13102,84,71,13,13
13103,90,84,6,6
13104,112,105,7,7
13105,69,60,9,9
13106,69,67,2,2
13107,107,81,26,26
13108,145,116,29,29
13109,84,65,19,19
13110,51,49,2,2
13111,100,83,17,17
13112,82,77,5,5
13113,71,75,-4,4
13114,104,87,17,17
13115,67,68,-1,1
13116,89,84,5,5
13117,61,64,-3,3
13118,74,69,5,5
13119,101,98,3,3
13120,67,70,-3,3
13121,72,67,5,5
13122,70,62,8,8
13123,158,147,11,11
13124,94,83,11,11
13125,84,73,11,11
13126,120,109,11,11
13127,152,142,10,10
13128,137,118,19,19
13129,82,81,1,1
13130,116,104,12,12
13131,112,95,17,17
13132,99,83,16,16
13133,150,142,8,8
13134,66,61,5,5
13135,81,61,20,20
13136,50,44,6,6
13137,133,122,11,11
13138,65,59,6,6
13139,65,58,7,7
13140,80,70,10,10
13141,53,46,7,7
13142,108,90,18,18
13143,80,58,22,22
13144,126,120,6,6
13145,73,69,4,4
13146,58,53,5,5
13147,80,68,12,12
13148,62,52,10,10
13149,64,57,7,7
13150,55,48,7,7
13151,81,74,7,7
13152,97,88,9,9
13153,78,65,13,13
13154,101,86,15,15
13155,72,71,1,1
13156,112,98,14,14
13157,84,79,5,5
13158,68,64,4,4
13159,102,95,7,7
13160,117,116,1,1
13161,88,75,13,13
13162,127,104,23,23
13163,64,49,15,15
13164,87,79,8,8
13165,80,70,10,10
13166,101,79,22,22
13167,122,103,19,19
13168,67,59,8,8
13169,131,118,13,13
13170,97,77,20,20
13171,135,112,23,23
13172,88,79,9,9
13173,115,117,-2,2
13174,134,109,25,25
13175,116,107,9,9
13176,79,74,5,5
13177,45,38,7,7
13178,100,89,11,11
13179,85,94,-9,9
13180,63,63,0,0
13181,89,77,12,12
13182,76,69,7,7
13183,138,117,21,21
13184,123,112,11,11
13185,74,71,3,3
13186,43,47,-4,4
13187,66,71,-5,5
13188,86,97,-11,11
13189,115,117,-2,2
13190,30,45,-15,15
13191,66,64,2,2
13192,208,162,46,46
13193,90,80,10,10
13194,71,59,12,12
13195,94,75,19,19
13196,171,148,23,23
13197,55,49,6,6
13198,43,39,4,4
13199,67,67,0,0
13200,143,113,30,30
13201,98,86,12,12
13202,100,87,13,13
13203,108,93,15,15
13204,91,71,20,20
13205,131,121,10,10
13206,79,61,18,18
13207,153,145,8,8
13208,37,35,2,2
13209,46,37,9,9
13210,241,205,36,36
13211,89,78,11,11
13212,72,60,12,12
13213,100,84,16,16
13214,83,71,12,12
13215,98,94,4,4
13216,128,111,17,17
13217,162,109,53,53
13218,81,68,13,13
13219,98,85,13,13
13220,70,71,-1,1
13221,182,152,30,30
13222,71,63,8,8
13223,173,161,12,12
13224,54,51,3,3
13225,66,62,4,4
13226,85,70,15,15
13227,93,82,11,11
13228,71,101,-30,30
13229,163,145,18,18
13230,86,73,13,13
13231,74,65,9,9
13232,148,136,12,12
13233,112,99,13,13
13234,90,70,20,20
13235,64,51,13,13
13236,78,86,-8,8
13237,115,108,7,7
13238,105,87,18,18
13239,90,82,8,8
13240,117,99,18,18
13241,103,82,21,21
13242,139,146,-7,7
13243,107,101,6,6
13244,118,120,-2,2
13245,94,75,19,19
13246,56,47,9,9
13247,97,85,12,12
13248,77,64,13,13
13249,117,83,34,34
13250,125,115,10,10
13251,67,63,4,4
13252,73,66,7,7
13253,152,131,21,21
13254,73,60,13,13
13255,121,106,15,15
13256,166,148,18,18
13257,90,80,10,10
13258,96,90,6,6
13259,149,144,5,5
13260,61,58,3,3
13261,144,125,19,19
13262,121,110,11,11
13263,131,109,22,22
13264,58,49,9,9
13265,51,49,2,2
13266,54,58,-4,4
13267,72,67,5,5
13268,99,94,5,5
13269,124,98,26,26
13270,105,95,10,10
13271,100,86,14,14
13272,153,144,9,9
13273,76,73,3,3
13274,120,100,20,20
13275,94,84,10,10
13276,85,70,15,15
13277,84,75,9,9
13278,53,61,-8,8
13279,106,98,8,8
13280,108,102,6,6
13281,140,119,21,21
13282,113,100,13,13
13283,57,61,-4,4
13284,108,95,13,13
13285,123,101,22,22
13286,108,89,19,19
13287,83,75,8,8
13288,99,75,24,24
13289,78,65,13,13
13290,96,89,7,7
13291,58,50,8,8
13292,82,72,10,10
13293,148,134,14,14
13294,86,83,3,3
13295,81,62,19,19
13296,119,106,13,13
13297,97,93,4,4
13298,118,106,12,12
13299,92,79,13,13
13300,102,101,1,1
13301,72,65,7,7
13302,64,54,10,10
13303,86,79,7,7
13304,57,61,-4,4
13305,102,89,13,13
13306,67,56,11,11
13307,88,78,10,10
13308,139,111,28,28
13309,61,58,3,3
13310,77,69,8,8
13311,158,144,14,14
13312,130,108,22,22
13313,132,124,8,8
13314,187,162,25,25
13315,79,67,12,12
13316,96,98,-2,2
13317,76,67,9,9
13318,71,64,7,7
13319,78,71,7,7
13320,209,184,25,25
13321,75,67,8,8
13322,146,122,24,24
13323,100,85,15,15
13324,80,77,3,3
13325,70,62,8,8
13326,65,60,5,5
13327,95,91,4,4
13328,80,72,8,8
13329,69,63,6,6
13330,132,124,8,8
13331,77,62,15,15
13332,98,83,15,15
13333,94,88,6,6
13334,86,78,8,8
13335,90,75,15,15
13336,75,61,14,14
13337,130,95,35,35
13338,87,84,3,3
13339,141,118,23,23
13340,161,136,25,25
13341,68,64,4,4
13342,97,82,15,15
13343,125,105,20,20
13344,36,41,-5,5
13345,115,100,15,15
13346,68,54,14,14
13347,106,88,18,18
13348,96,98,-2,2
13349,82,71,11,11
13350,73,57,16,16
13351,89,69,20,20
13352,75,65,10,10
13353,85,81,4,4
13354,134,130,4,4
13355,90,74,16,16
13356,83,75,8,8
13357,129,96,33,33
13358,140,127,13,13
13359,60,55,5,5
13360,82,67,15,15
13361,153,132,21,21
13362,80,79,1,1
13363,119,109,10,10
13364,108,96,12,12
13365,54,51,3,3
13366,99,94,5,5
13367,130,146,-16,16
13368,100,88,12,12
13369,59,49,10,10
13370,84,84,0,0
13371,117,107,10,10
13372,60,56,4,4
13373,55,49,6,6
13374,96,89,7,7
13375,73,74,-1,1
13376,64,79,-15,15
13377,75,70,5,5
13378,55,42,13,13
13379,90,80,10,10
13380,142,136,6,6
13381,139,124,15,15
13382,118,102,16,16
13383,120,103,17,17
13384,112,104,8,8
13385,43,40,3,3
13386,106,97,9,9
13387,187,157,30,30
13388,117,110,7,7
13389,111,98,13,13
13390,188,166,22,22
13391,156,127,29,29
13392,136,128,8,8
13393,88,81,7,7
13394,29,35,-6,6
13395,107,84,23,23
13396,113,84,29,29
13397,93,79,14,14
13398,81,75,6,6
13399,22,32,-10,10
13400,69,64,5,5
13401,168,150,18,18
13402,147,123,24,24
13403,105,103,2,2
13404,145,124,21,21
13405,58,56,2,2
13406,60,63,-3,3
13407,150,140,10,10
13408,70,59,11,11
13409,69,67,2,2
13410,140,129,11,11
13411,88,74,14,14
13412,120,111,9,9
13413,63,54,9,9
13414,81,78,3,3
13415,66,53,13,13
13416,91,79,12,12
13417,131,125,6,6
13418,126,91,35,35
13419,138,125,13,13
13420,103,95,8,8
13421,103,91,12,12
13422,50,49,1,1
13423,64,62,2,2
13424,75,74,1,1
13425,67,58,9,9
13426,97,86,11,11
13427,109,100,9,9
13428,137,120,17,17
13429,71,59,12,12
13430,98,78,20,20
13431,82,86,-4,4
13432,65,65,0,0
13433,117,94,23,23
13434,148,141,7,7
13435,190,165,25,25
13436,84,74,10,10
13437,110,91,19,19
13438,138,122,16,16
13439,74,64,10,10
13440,130,104,26,26
13441,79,69,10,10
13442,92,97,-5,5
13443,137,129,8,8
13444,104,85,19,19
13445,160,132,28,28
13446,90,77,13,13
13447,101,90,11,11
13448,123,114,9,9
13449,73,67,6,6
13450,66,56,10,10
13451,124,113,11,11
13452,173,145,28,28
13453,142,120,22,22
13454,32,37,-5,5
13455,104,90,14,14
13456,65,73,-8,8
13457,60,54,6,6
13458,71,70,1,1
13459,56,48,8,8
13460,122,112,10,10
13461,135,138,-3,3
13462,162,149,13,13
13463,96,101,-5,5
13464,126,120,6,6
13465,74,69,5,5
13466,102,93,9,9
13467,80,70,10,10
13468,88,73,15,15
13469,92,71,21,21
13470,107,99,8,8
13471,87,97,-10,10
13472,58,51,7,7
13473,80,64,16,16
13474,79,62,17,17
13475,114,111,3,3
13476,78,77,1,1
13477,75,72,3,3
13478,168,159,9,9
13479,114,103,11,11
13480,59,62,-3,3
13481,152,146,6,6
13482,66,60,6,6
13483,98,81,17,17
13484,70,63,7,7
13485,101,79,22,22
13486,130,118,12,12
13487,114,98,16,16
13488,63,63,0,0
13489,181,155,26,26
13490,86,78,8,8
13491,107,108,-1,1
13492,59,54,5,5
13493,74,66,8,8
13494,134,122,12,12
13495,199,153,46,46
13496,58,56,2,2
13497,99,90,9,9
13498,103,97,6,6
13499,183,142,41,41
13500,96,86,10,10
13501,99,93,6,6
13502,113,93,20,20
13503,88,71,17,17
13504,88,82,6,6
13505,128,114,14,14
13506,82,81,1,1
13507,80,69,11,11
13508,53,48,5,5
13509,47,47,0,0
13510,102,77,25,25
13511,97,87,10,10
13512,68,59,9,9
13513,125,105,20,20
13514,110,107,3,3
13515,77,66,11,11
13516,127,107,20,20
13517,87,76,11,11
13518,107,84,23,23
13519,105,101,4,4
13520,153,116,37,37
13521,61,58,3,3
13522,33,70,-37,37
13523,146,128,18,18
13524,100,97,3,3
13525,170,137,33,33
13526,134,112,22,22
13527,78,88,-10,10
13528,73,57,16,16
13529,60,52,8,8
13530,64,56,8,8
13531,99,84,15,15
13532,80,81,-1,1
13533,65,57,8,8
13534,67,51,16,16
13535,141,114,27,27
13536,60,56,4,4
13537,138,130,8,8
13538,154,142,12,12
13539,58,52,6,6
13540,114,115,-1,1
13541,132,114,18,18
13542,98,89,9,9
13543,80,76,4,4
13544,105,97,8,8
13545,84,84,0,0
13546,78,74,4,4
13547,154,136,18,18
13548,67,67,0,0
13549,95,93,2,2
13550,125,107,18,18
13551,128,112,16,16
13552,42,37,5,5
13553,204,178,26,26
13554,98,85,13,13
13555,112,99,13,13
13556,132,111,21,21
13557,139,116,23,23
13558,93,78,15,15
13559,146,127,19,19
13560,56,49,7,7
13561,65,54,11,11
13562,124,104,20,20
13563,103,92,11,11
13564,86,75,11,11
13565,60,62,-2,2
13566,98,89,9,9
13567,80,107,-27,27
13568,89,90,-1,1
13569,148,118,30,30
13570,40,39,1,1
13571,80,79,1,1
13572,70,71,-1,1
13573,82,63,19,19
13574,133,131,2,2
13575,75,71,4,4
13576,75,63,12,12
13577,120,92,28,28
13578,50,48,2,2
13579,111,114,-3,3
13580,86,78,8,8
13581,115,106,9,9
13582,63,48,15,15
13583,93,86,7,7
13584,104,85,19,19
13585,153,139,14,14
13586,51,50,1,1
13587,128,106,22,22
13588,92,79,13,13
13589,51,47,4,4
13590,84,76,8,8
13591,104,92,12,12
13592,101,82,19,19
13593,83,81,2,2
13594,69,68,1,1
13595,96,82,14,14
13596,83,69,14,14
13597,54,68,-14,14
13598,83,65,18,18
13599,54,45,9,9
13600,61,51,10,10
13601,116,95,21,21
13602,113,93,20,20
13603,76,63,13,13
13604,87,72,15,15
13605,59,50,9,9
13606,141,127,14,14
13607,97,88,9,9
13608,89,76,13,13
13609,131,121,10,10
13610,71,59,12,12
13611,60,50,10,10
13612,39,36,3,3
13613,68,67,1,1
13614,61,54,7,7
13615,107,92,15,15
13616,95,85,10,10
13617,94,102,-8,8
13618,82,79,3,3
13619,110,102,8,8
13620,113,105,8,8
13621,107,89,18,18
13622,161,131,30,30
13623,180,145,35,35
13624,101,94,7,7
13625,88,77,11,11
13626,87,79,8,8
13627,115,105,10,10
13628,121,104,17,17
13629,139,126,13,13
13630,123,108,15,15
13631,63,55,8,8
13632,122,102,20,20
13633,68,63,5,5
13634,110,92,18,18
13635,57,70,-13,13
13636,82,65,17,17
13637,95,86,9,9
13638,134,122,12,12
13639,98,79,19,19
13640,128,123,5,5
13641,95,87,8,8
13642,104,118,-14,14
13643,175,148,27,27
13644,109,89,20,20
13645,164,136,28,28
13646,118,98,20,20
13647,70,64,6,6
13648,54,55,-1,1
13649,145,133,12,12
13650,68,57,11,11
13651,82,66,16,16
13652,61,60,1,1
13653,92,82,10,10
13654,89,79,10,10
13655,96,82,14,14
13656,122,103,19,19
13657,79,69,10,10
13658,75,67,8,8
13659,108,97,11,11
13660,43,41,2,2
13661,67,59,8,8
13662,75,70,5,5
13663,67,60,7,7
13664,88,83,5,5
13665,55,50,5,5
13666,96,97,-1,1
13667,60,52,8,8
13668,125,105,20,20
13669,56,59,-3,3
13670,111,100,11,11
13671,105,108,-3,3
13672,77,89,-12,12
13673,89,84,5,5
13674,79,74,5,5
13675,107,101,6,6
13676,124,105,19,19
13677,119,107,12,12
13678,57,70,-13,13
13679,127,111,16,16
13680,64,64,0,0
13681,96,89,7,7
13682,89,70,19,19
13683,71,67,4,4
13684,76,65,11,11
13685,110,101,9,9
13686,120,120,0,0
13687,98,82,16,16
13688,84,81,3,3
13689,233,192,41,41
13690,75,61,14,14
13691,107,83,24,24
13692,76,67,9,9
13693,84,75,9,9
13694,86,76,10,10
13695,103,84,19,19
13696,106,86,20,20
13697,150,118,32,32
13698,73,59,14,14
13699,130,129,1,1
13700,132,109,23,23
13701,139,121,18,18
13702,115,102,13,13
13703,155,139,16,16
13704,75,75,0,0
13705,70,62,8,8
13706,127,105,22,22
13707,65,55,10,10
13708,100,99,1,1
13709,170,151,19,19
13710,135,125,10,10
13711,75,67,8,8
13712,164,155,9,9
13713,125,100,25,25
13714,104,100,4,4
13715,53,46,7,7
13716,146,131,15,15
13717,102,78,24,24
13718,70,72,-2,2
13719,54,51,3,3
13720,108,96,12,12
13721,97,88,9,9
13722,104,91,13,13
13723,140,129,11,11
13724,94,97,-3,3
13725,62,67,-5,5
13726,105,85,20,20
13727,48,45,3,3
13728,63,61,2,2
13729,64,51,13,13
13730,51,43,8,8
13731,63,51,12,12
13732,121,105,16,16
13733,120,104,16,16
13734,86,78,8,8
13735,91,82,9,9
13736,55,56,-1,1
13737,98,88,10,10
13738,69,56,13,13
13739,45,40,5,5
13740,126,127,-1,1
13741,169,147,22,22
13742,95,76,19,19
13743,106,99,7,7
13744,91,76,15,15
13745,126,106,20,20
13746,67,61,6,6
13747,55,50,5,5
13748,74,69,5,5
13749,87,66,21,21
13750,87,77,10,10
13751,83,66,17,17
13752,114,116,-2,2
13753,125,117,8,8
13754,120,106,14,14
13755,86,76,10,10
13756,66,64,2,2
13757,106,93,13,13
13758,62,50,12,12
13759,87,99,-12,12
13760,68,55,13,13
13761,77,69,8,8
13762,106,92,14,14
13763,101,87,14,14
13764,93,74,19,19
13765,63,71,-8,8
13766,53,54,-1,1
13767,116,107,9,9
13768,116,107,9,9
13769,92,109,-17,17
13770,80,75,5,5
13771,93,82,11,11
13772,129,111,18,18
13773,97,86,11,11
13774,51,53,-2,2
13775,98,80,18,18
13776,80,98,-18,18
13777,74,64,10,10
13778,157,131,26,26
13779,163,157,6,6
13780,62,57,5,5
13781,107,99,8,8
13782,107,84,23,23
13783,107,93,14,14
13784,83,73,10,10
13785,117,93,24,24
13786,94,87,7,7
13787,65,59,6,6
13788,61,59,2,2
13789,79,74,5,5
13790,137,128,9,9
13791,141,120,21,21
13792,95,85,10,10
13793,101,91,10,10
13794,95,87,8,8
13795,142,114,28,28
13796,107,86,21,21
13797,80,68,12,12
13798,91,82,9,9
13799,71,60,11,11
13800,81,71,10,10
13801,96,80,16,16
13802,151,131,20,20
13803,75,76,-1,1
13804,69,66,3,3
13805,70,61,9,9
13806,66,64,2,2
13807,100,93,7,7
13808,107,94,13,13
13809,116,103,13,13
13810,59,55,4,4
13811,90,78,12,12
13812,60,54,6,6
13813,55,48,7,7
13814,66,64,2,2
13815,90,84,6,6
13816,80,78,2,2
13817,151,68,83,83
13818,91,79,12,12
13819,59,59,0,0
13820,73,66,7,7
13821,51,52,-1,1
13822,95,87,8,8
13823,92,82,10,10
13824,61,55,6,6
13825,80,71,9,9
13826,107,109,-2,2
13827,79,71,8,8
13828,167,139,28,28
13829,58,57,1,1
13830,104,91,13,13
13831,106,105,1,1
13832,61,50,11,11
13833,111,106,5,5
13834,97,105,-8,8
13835,101,90,11,11
13836,67,64,3,3
13837,56,58,-2,2
13838,57,52,5,5
13839,82,61,21,21
13840,95,86,9,9
13841,69,68,1,1
13842,58,51,7,7
13843,105,92,13,13
13844,163,130,33,33
13845,61,58,3,3
13846,90,67,23,23
13847,220,189,31,31
13848,96,70,26,26
13849,44,42,2,2
13850,59,52,7,7
13851,60,56,4,4
13852,64,59,5,5
13853,94,82,12,12
13854,151,127,24,24
13855,75,65,10,10
13856,75,67,8,8
13857,79,66,13,13
13858,70,70,0,0
13859,107,99,8,8
13860,145,126,19,19
13861,70,56,14,14
13862,75,60,15,15
13863,141,124,17,17
13864,66,61,5,5
13865,79,66,13,13
13866,111,90,21,21
13867,112,94,18,18
13868,125,122,3,3
13869,121,116,5,5
13870,108,94,14,14
13871,74,75,-1,1
13872,106,100,6,6
13873,118,108,10,10
13874,162,137,25,25
13875,142,96,46,46
13876,65,60,5,5
13877,59,54,5,5
13878,91,74,17,17
13879,75,67,8,8
13880,125,107,18,18
13881,146,125,21,21
13882,84,71,13,13
13883,95,83,12,12
13884,88,72,16,16
13885,95,81,14,14
13886,54,54,0,0
13887,68,54,14,14
13888,250,238,12,12
13889,64,50,14,14
13890,89,78,11,11
13891,63,58,5,5
13892,47,57,-10,10
13893,113,103,10,10
13894,118,98,20,20
13895,77,70,7,7
13896,175,145,30,30
13897,87,76,11,11
13898,85,77,8,8
13899,107,88,19,19
13900,77,60,17,17
13901,112,108,4,4
13902,67,66,1,1
13903,124,123,1,1
13904,69,60,9,9
13905,170,159,11,11
13906,91,69,22,22
13907,69,62,7,7
13908,69,52,17,17
13909,102,91,11,11
13910,87,88,-1,1
13911,61,55,6,6
13912,140,111,29,29
13913,56,45,11,11
13914,50,40,10,10
13915,71,63,8,8
13916,46,47,-1,1
13917,102,93,9,9
13918,72,61,11,11
13919,102,96,6,6
13920,98,86,12,12
13921,114,107,7,7
13922,83,77,6,6
13923,75,69,6,6
13924,92,78,14,14
13925,107,99,8,8
13926,166,142,24,24
13927,72,69,3,3
13928,43,51,-8,8
13929,98,79,19,19
13930,141,124,17,17
13931,112,88,24,24
13932,149,130,19,19
13933,17,29,-12,12
13934,63,67,-4,4
13935,127,111,16,16
13936,128,113,15,15
13937,64,61,3,3
13938,59,54,5,5
13939,45,50,-5,5
13940,104,91,13,13
13941,82,72,10,10
13942,52,39,13,13
13943,96,75,21,21
13944,108,95,13,13
13945,122,111,11,11
13946,105,92,13,13
13947,72,68,4,4
13948,75,61,14,14
13949,111,100,11,11
13950,86,74,12,12
13951,121,110,11,11
13952,86,73,13,13
13953,66,60,6,6
13954,93,82,11,11
13955,128,126,2,2
13956,142,122,20,20
13957,87,67,20,20
13958,84,71,13,13
13959,103,93,10,10
13960,113,92,21,21
13961,136,125,11,11
13962,74,62,12,12
13963,108,112,-4,4
13964,89,87,2,2
13965,84,72,12,12
13966,98,85,13,13
13967,51,55,-4,4
13968,53,43,10,10
13969,88,84,4,4
13970,96,77,19,19
13971,105,102,3,3
13972,95,83,12,12
13973,119,100,19,19
13974,79,65,14,14
13975,110,84,26,26
13976,68,55,13,13
13977,98,90,8,8
13978,162,159,3,3
13979,124,114,10,10
13980,54,48,6,6
13981,89,89,0,0
13982,55,45,10,10
13983,147,115,32,32
13984,118,97,21,21
13985,28,28,0,0
13986,115,100,15,15
13987,87,79,8,8
13988,129,111,18,18
13989,100,83,17,17
13990,119,108,11,11
13991,95,87,8,8
13992,130,117,13,13
13993,57,46,11,11
13994,103,78,25,25
13995,100,86,14,14
13996,95,83,12,12
13997,61,52,9,9
13998,59,54,5,5
13999,126,104,22,22
14000,162,155,7,7
14001,98,90,8,8
14002,134,104,30,30
14003,118,104,14,14
14004,57,51,6,6
14005,84,80,4,4
14006,84,72,12,12
14007,120,122,-2,2
14008,163,147,16,16
14009,64,61,3,3
14010,83,65,18,18
14011,69,76,-7,7
14012,135,91,44,44
14013,86,72,14,14
14014,60,45,15,15
14015,77,71,6,6
14016,92,83,9,9
14017,85,71,14,14
14018,161,142,19,19
14019,126,98,28,28
14020,63,57,6,6
14021,93,90,3,3
14022,73,60,13,13
14023,107,95,12,12
14024,74,68,6,6
14025,73,58,15,15
14026,108,79,29,29
14027,182,162,20,20
14028,134,112,22,22
14029,67,63,4,4
14030,91,81,10,10
14031,131,144,-13,13
14032,146,129,17,17
14033,80,70,10,10
14034,139,119,20,20
14035,188,172,16,16
14036,150,129,21,21
14037,74,65,9,9
14038,115,107,8,8
14039,87,74,13,13
14040,83,62,21,21
14041,71,60,11,11
14042,95,86,9,9
14043,110,93,17,17
14044,91,81,10,10
14045,108,96,12,12
14046,51,47,4,4
14047,71,66,5,5
14048,50,50,0,0
14049,66,65,1,1
14050,56,57,-1,1
14051,108,101,7,7
14052,114,100,14,14
14053,86,64,22,22
14054,88,77,11,11
14055,66,57,9,9
14056,111,101,10,10
14057,53,49,4,4
14058,94,83,11,11
14059,74,66,8,8
14060,129,124,5,5
14061,75,72,3,3
14062,198,167,31,31
14063,76,63,13,13
14064,94,82,12,12
14065,70,59,11,11
14066,172,138,34,34
14067,61,58,3,3
14068,80,73,7,7
14069,102,84,18,18
14070,114,105,9,9
14071,70,64,6,6
14072,75,72,3,3
14073,112,97,15,15
14074,44,40,4,4
14075,145,157,-12,12
14076,68,83,-15,15
14077,148,132,16,16
14078,56,52,4,4
14079,81,76,5,5
14080,73,69,4,4
14081,122,114,8,8
14082,75,74,1,1
14083,121,119,2,2
14084,139,130,9,9
14085,63,56,7,7
14086,125,111,14,14
14087,85,68,17,17
14088,112,101,11,11
14089,114,100,14,14
14090,134,116,18,18
14091,98,98,0,0
14092,75,73,2,2
14093,135,108,27,27
14094,96,88,8,8
14095,102,91,11,11
14096,150,140,10,10
14097,186,156,30,30
14098,63,53,10,10
14099,116,99,17,17
14100,83,61,22,22
14101,110,87,23,23
14102,104,89,15,15
14103,71,60,11,11
14104,111,107,4,4
14105,106,102,4,4
14106,147,137,10,10
14107,67,62,5,5
14108,212,180,32,32
14109,83,74,9,9
14110,174,140,34,34
14111,113,113,0,0
14112,68,69,-1,1
14113,159,152,7,7
14114,52,55,-3,3
14115,123,113,10,10
14116,112,102,10,10
14117,69,67,2,2
14118,61,57,4,4
14119,63,55,8,8
14120,70,63,7,7
14121,65,62,3,3
14122,145,135,10,10
14123,121,113,8,8
14124,60,49,11,11
14125,187,156,31,31
14126,24,30,-6,6
14127,136,123,13,13
14128,65,69,-4,4
14129,67,56,11,11
14130,189,164,25,25
14131,83,91,-8,8
14132,76,72,4,4
14133,91,79,12,12
14134,74,78,-4,4
14135,55,54,1,1
14136,107,91,16,16
14137,160,137,23,23
14138,149,125,24,24
14139,96,82,14,14
14140,88,78,10,10
14141,118,102,16,16
14142,91,83,8,8
14143,92,81,11,11
14144,74,65,9,9
14145,118,112,6,6
14146,81,89,-8,8
14147,95,86,9,9
14148,68,63,5,5
14149,132,108,24,24
14150,49,40,9,9
14151,115,107,8,8
14152,148,135,13,13
14153,109,114,-5,5
14154,104,88,16,16
14155,159,149,10,10
14156,83,69,14,14
14157,47,39,8,8
14158,92,80,12,12
14159,101,96,5,5
14160,57,51,6,6
14161,40,41,-1,1
14162,153,131,22,22
14163,163,129,34,34
14164,66,60,6,6
14165,90,78,12,12
14166,55,47,8,8
14167,52,56,-4,4
14168,96,85,11,11
14169,115,105,10,10
14170,47,42,5,5
14171,77,81,-4,4
14172,76,69,7,7
14173,115,107,8,8
14174,93,89,4,4
14175,120,84,36,36
14176,83,77,6,6
14177,119,105,14,14
14178,40,44,-4,4
14179,47,49,-2,2
14180,55,46,9,9
14181,96,84,12,12
14182,88,84,4,4
14183,74,76,-2,2
14184,80,75,5,5
14185,68,58,10,10
14186,144,128,16,16
14187,101,87,14,14
14188,116,104,12,12
14189,63,57,6,6
14190,51,51,0,0
14191,123,105,18,18
14192,145,128,17,17
14193,107,87,20,20
14194,109,98,11,11
14195,115,107,8,8
14196,59,49,10,10
14197,63,66,-3,3
14198,190,168,22,22
14199,69,58,11,11
14200,77,67,10,10
14201,78,77,1,1
14202,85,86,-1,1
14203,112,84,28,28
14204,82,76,6,6
14205,150,136,14,14
14206,72,68,4,4
14207,105,98,7,7
14208,80,74,6,6
14209,39,38,1,1
14210,102,97,5,5
14211,68,66,2,2
14212,95,82,13,13
14213,24,31,-7,7
14214,50,49,1,1
14215,66,51,15,15
14216,69,62,7,7
14217,120,105,15,15
14218,140,112,28,28
14219,69,65,4,4
14220,187,137,50,50
14221,107,92,15,15
14222,67,57,10,10
14223,126,117,9,9
14224,112,114,-2,2
14225,93,94,-1,1
14226,89,83,6,6
14227,93,93,0,0
14228,48,40,8,8
14229,153,136,17,17
14230,67,57,10,10
14231,48,48,0,0
14232,58,58,0,0
14233,179,153,26,26
14234,91,83,8,8
14235,123,115,8,8
14236,70,58,12,12
14237,32,37,-5,5
14238,96,74,22,22
14239,53,55,-2,2
14240,99,89,10,10
14241,133,108,25,25
14242,77,78,-1,1
14243,47,50,-3,3
14244,55,47,8,8
14245,85,68,17,17
14246,135,119,16,16
14247,103,92,11,11
14248,62,65,-3,3
14249,73,66,7,7
14250,117,117,0,0
14251,112,101,11,11
14252,34,32,2,2
14253,46,44,2,2
14254,68,57,11,11
14255,42,35,7,7
14256,88,94,-6,6
14257,88,78,10,10
14258,78,74,4,4
14259,74,71,3,3
14260,145,126,19,19
14261,144,129,15,15
14262,146,138,8,8
14263,50,46,4,4
14264,134,105,29,29
14265,81,70,11,11
14266,81,66,15,15
14267,64,58,6,6
14268,134,119,15,15
14269,177,158,19,19
14270,115,95,20,20
14271,105,97,8,8
14272,142,120,22,22
14273,104,87,17,17
14274,74,72,2,2
14275,177,150,27,27
14276,47,38,9,9
14277,127,121,6,6
14278,186,161,25,25
14279,81,84,-3,3
14280,78,69,9,9
14281,155,127,28,28
14282,170,124,46,46
14283,97,83,14,14
14284,94,79,15,15
14285,77,71,6,6
14286,83,69,14,14
14287,109,96,13,13
14288,92,83,9,9
14289,93,83,10,10
14290,63,80,-17,17
14291,85,78,7,7
14292,92,89,3,3
14293,68,49,19,19
14294,111,105,6,6
14295,181,158,23,23
14296,57,46,11,11
14297,93,93,0,0
14298,68,69,-1,1
14299,95,89,6,6
14300,123,97,26,26
14301,58,55,3,3
14302,159,130,29,29
14303,97,76,21,21
14304,82,73,9,9
14305,70,58,12,12
14306,87,68,19,19
14307,63,57,6,6
14308,138,122,16,16
14309,124,112,12,12
14310,90,79,11,11
14311,72,61,11,11
14312,82,82,0,0
14313,102,108,-6,6
14314,149,116,33,33
14315,127,107,20,20
14316,127,96,31,31
14317,80,71,9,9
14318,79,62,17,17
14319,126,118,8,8
14320,160,144,16,16
14321,88,81,7,7
14322,57,42,15,15
14323,117,107,10,10
14324,88,72,16,16
14325,117,107,10,10
14326,108,95,13,13
14327,122,122,0,0
14328,126,105,21,21
14329,137,123,14,14
14330,119,94,25,25
14331,94,84,10,10
14332,89,63,26,26
14333,65,53,12,12
14334,80,70,10,10
14335,73,67,6,6
14336,137,109,28,28
14337,112,101,11,11
14338,93,82,11,11
14339,121,87,34,34
14340,94,88,6,6
14341,74,69,5,5
14342,126,111,15,15
14343,102,85,17,17
14344,61,54,7,7
14345,107,100,7,7
14346,187,160,27,27
14347,129,111,18,18
14348,96,89,7,7
14349,85,69,16,16
14350,89,82,7,7
14351,65,50,15,15
14352,67,67,0,0
14353,95,81,14,14
14354,90,76,14,14
14355,70,76,-6,6
14356,51,53,-2,2
14357,67,65,2,2
14358,105,86,19,19
14359,72,79,-7,7
14360,73,62,11,11
14361,90,83,7,7
14362,60,48,12,12
14363,125,109,16,16
14364,128,106,22,22
14365,114,101,13,13
14366,80,53,27,27
14367,130,105,25,25
14368,170,171,-1,1
14369,163,135,28,28
14370,121,96,25,25
14371,65,62,3,3
14372,110,97,13,13
14373,86,77,9,9
14374,136,124,12,12
14375,95,85,10,10
14376,82,71,11,11
14377,117,101,16,16
14378,122,112,10,10
14379,61,51,10,10
14380,49,40,9,9
14381,188,155,33,33
14382,61,60,1,1
14383,164,151,13,13
14384,64,62,2,2
14385,100,86,14,14
14386,75,69,6,6
14387,90,75,15,15
14388,83,69,14,14
14389,74,75,-1,1
14390,88,77,11,11
14391,110,88,22,22
14392,104,91,13,13
14393,61,60,1,1
14394,80,78,2,2
14395,121,99,22,22
14396,72,69,3,3
14397,80,71,9,9
14398,38,33,5,5
14399,136,106,30,30
14400,85,80,5,5
14401,86,75,11,11
14402,129,114,15,15
14403,58,49,9,9
14404,73,69,4,4
14405,135,126,9,9
14406,106,106,0,0
14407,53,46,7,7
14408,54,56,-2,2
14409,62,71,-9,9
14410,91,87,4,4
14411,61,54,7,7
14412,56,56,0,0
14413,53,47,6,6
14414,67,59,8,8
14415,81,75,6,6
14416,77,75,2,2
14417,92,83,9,9
14418,181,153,28,28
14419,68,65,3,3
14420,73,68,5,5
14421,102,85,17,17
14422,85,77,8,8
14423,78,69,9,9
14424,85,70,15,15
14425,86,83,3,3
14426,61,46,15,15
14427,60,58,2,2
14428,70,67,3,3
14429,63,58,5,5
14430,141,134,7,7
14431,82,72,10,10
14432,125,101,24,24
14433,25,28,-3,3
14434,124,103,21,21
14435,42,43,-1,1
14436,123,116,7,7
14437,50,50,0,0
14438,94,91,3,3
14439,175,154,21,21
14440,119,111,8,8
14441,97,91,6,6
14442,112,99,13,13
14443,105,95,10,10
14444,85,72,13,13
14445,117,112,5,5
14446,140,121,19,19
14447,117,97,20,20
14448,45,38,7,7
14449,73,67,6,6
14450,71,76,-5,5
14451,41,38,3,3
14452,134,114,20,20
14453,102,95,7,7
14454,69,67,2,2
14455,98,90,8,8
14456,113,95,18,18
14457,90,83,7,7
14458,67,59,8,8
14459,83,77,6,6
14460,64,58,6,6
14461,192,149,43,43
14462,93,74,19,19
14463,111,99,12,12
14464,122,117,5,5
14465,89,90,-1,1
14466,77,87,-10,10
14467,66,62,4,4
14468,57,54,3,3
14469,84,77,7,7
14470,90,83,7,7
14471,103,93,10,10
14472,144,131,13,13
14473,120,100,20,20
14474,105,89,16,16
14475,121,110,11,11
14476,51,88,-37,37
14477,91,68,23,23
14478,73,70,3,3
14479,60,55,5,5
14480,50,43,7,7
14481,94,93,1,1
14482,107,89,18,18
14483,62,50,12,12
14484,77,66,11,11
14485,109,93,16,16
14486,113,98,15,15
14487,95,87,8,8
14488,153,139,14,14
14489,146,119,27,27
14490,75,71,4,4
14491,97,88,9,9
14492,96,88,8,8
14493,112,118,-6,6
14494,93,92,1,1
14495,88,79,9,9
14496,143,117,26,26
14497,131,119,12,12
14498,92,88,4,4
14499,77,65,12,12
14500,94,81,13,13
14501,60,63,-3,3
14502,70,62,8,8
14503,73,68,5,5
14504,115,96,19,19
14505,111,105,6,6
14506,41,34,7,7
14507,49,49,0,0
14508,141,120,21,21
14509,85,69,16,16
14510,89,80,9,9
14511,84,65,19,19
14512,102,89,13,13
14513,100,95,5,5
14514,72,64,8,8
14515,99,84,15,15
14516,68,57,11,11
14517,63,54,9,9
14518,156,151,5,5
14519,113,98,15,15
14520,109,92,17,17
14521,141,122,19,19
14522,173,156,17,17
14523,95,94,1,1
14524,89,87,2,2
14525,103,92,11,11
14526,71,65,6,6
14527,81,70,11,11
14528,93,83,10,10
14529,138,142,-4,4
14530,94,72,22,22
14531,168,137,31,31
14532,56,55,1,1
14533,70,56,14,14
14534,143,112,31,31
14535,115,104,11,11
14536,78,65,13,13
14537,71,52,19,19
14538,61,54,7,7
14539,174,155,19,19
14540,136,124,12,12
14541,137,129,8,8
14542,64,54,10,10
14543,98,85,13,13
14544,61,59,2,2
14545,79,72,7,7
14546,58,55,3,3
14547,88,80,8,8
14548,83,76,7,7
14549,58,58,0,0
14550,113,93,20,20
14551,65,51,14,14
14552,98,87,11,11
14553,98,82,16,16
14554,119,96,23,23
14555,81,74,7,7
14556,107,99,8,8
14557,69,59,10,10
14558,102,98,4,4
14559,64,60,4,4
14560,92,91,1,1
14561,91,71,20,20
14562,76,58,18,18
14563,120,105,15,15
14564,131,113,18,18
14565,73,57,16,16
14566,113,80,33,33
14567,46,45,1,1
14568,31,29,2,2
14569,86,87,-1,1
14570,124,120,4,4
14571,69,58,11,11
14572,103,87,16,16
14573,78,77,1,1
14574,85,70,15,15
14575,43,38,5,5
14576,102,93,9,9
14577,64,62,2,2
14578,112,107,5,5
14579,104,91,13,13
14580,116,105,11,11
14581,72,66,6,6
14582,86,85,1,1
14583,45,42,3,3
14584,90,85,5,5
14585,204,170,34,34
14586,38,36,2,2
14587,95,72,23,23
14588,102,99,3,3
14589,193,169,24,24
14590,130,111,19,19
14591,47,44,3,3
14592,132,123,9,9
14593,176,136,40,40
14594,67,64,3,3
14595,100,95,5,5
14596,73,58,15,15
14597,44,42,2,2
14598,65,65,0,0
14599,34,37,-3,3
14600,56,56,0,0
14601,87,79,8,8
14602,87,96,-9,9
14603,44,45,-1,1
14604,115,96,19,19
14605,82,70,12,12
14606,134,125,9,9
14607,161,137,24,24
14608,61,50,11,11
14609,150,136,14,14
14610,106,94,12,12
14611,68,57,11,11
14612,106,86,20,20
14613,96,87,9,9
14614,142,137,5,5
14615,74,59,15,15
14616,47,45,2,2
14617,130,123,7,7
14618,121,111,10,10
14619,104,92,12,12
14620,79,71,8,8
14621,85,66,19,19
14622,92,81,11,11
14623,52,86,-34,34
14624,144,142,2,2
14625,92,66,26,26
14626,58,47,11,11
14627,116,114,2,2
14628,71,71,0,0
14629,65,53,12,12
14630,86,69,17,17
14631,51,50,1,1
14632,51,50,1,1
14633,169,151,18,18
14634,117,115,2,2
14635,94,84,10,10
14636,77,66,11,11
14637,61,54,7,7
14638,64,53,11,11
14639,38,43,-5,5
14640,54,48,6,6
14641,70,61,9,9
14642,77,71,6,6
14643,127,107,20,20
14644,58,54,4,4
14645,84,74,10,10
14646,89,84,5,5
14647,52,45,7,7
14648,73,66,7,7
14649,64,63,1,1
14650,53,56,-3,3
14651,112,93,19,19
14652,92,87,5,5
14653,90,63,27,27
14654,72,64,8,8
14655,99,94,5,5
14656,84,67,17,17
14657,90,83,7,7
14658,135,126,9,9
14659,91,75,16,16
14660,81,79,2,2
14661,119,100,19,19
14662,70,65,5,5
14663,62,53,9,9
14664,80,73,7,7
14665,69,60,9,9
14666,107,107,0,0
14667,145,123,22,22
14668,137,118,19,19
14669,94,87,7,7
14670,158,125,33,33
14671,174,164,10,10
14672,100,94,6,6
14673,141,116,25,25
14674,131,116,15,15
14675,168,147,21,21
14676,98,85,13,13
14677,116,113,3,3
14678,101,86,15,15
14679,89,96,-7,7
14680,119,107,12,12
14681,139,124,15,15
14682,25,27,-2,2
14683,106,98,8,8
14684,161,147,14,14
14685,123,107,16,16
14686,87,74,13,13
14687,58,56,2,2
14688,62,58,4,4
14689,89,76,13,13
14690,81,68,13,13
14691,70,56,14,14
14692,78,71,7,7
14693,163,148,15,15
14694,46,67,-21,21
14695,57,50,7,7
14696,108,96,12,12
14697,148,104,44,44
14698,74,68,6,6
14699,54,52,2,2
14700,64,64,0,0
14701,162,130,32,32
14702,124,103,21,21
14703,75,71,4,4
14704,76,65,11,11
14705,81,82,-1,1
14706,56,52,4,4
14707,90,81,9,9
14708,70,72,-2,2
14709,66,72,-6,6
14710,75,71,4,4
14711,95,102,-7,7
14712,123,113,10,10
14713,125,109,16,16
14714,44,39,5,5
14715,141,127,14,14
14716,53,51,2,2
14717,97,89,8,8
14718,100,92,8,8
14719,78,89,-11,11
14720,199,167,32,32
14721,124,106,18,18
14722,56,62,-6,6
14723,62,50,12,12
14724,109,95,14,14
14725,149,122,27,27
14726,101,95,6,6
14727,129,108,21,21
14728,138,108,30,30
14729,118,111,7,7
14730,151,137,14,14
14731,58,51,7,7
14732,148,136,12,12
14733,89,83,6,6
14734,93,86,7,7
14735,111,89,22,22
14736,131,117,14,14
14737,106,96,10,10
14738,123,112,11,11
14739,119,127,-8,8
14740,106,100,6,6
14741,121,105,16,16
14742,74,60,14,14
14743,94,90,4,4
14744,83,69,14,14
14745,159,139,20,20
14746,126,103,23,23
14747,71,65,6,6
14748,52,43,9,9
14749,139,128,11,11
14750,98,83,15,15
14751,94,78,16,16
14752,58,49,9,9
14753,126,120,6,6
14754,65,57,8,8
14755,98,75,23,23
14756,170,152,18,18
14757,71,72,-1,1
14758,63,62,1,1
14759,74,72,2,2
14760,119,102,17,17
14761,73,79,-6,6
14762,88,77,11,11
14763,96,88,8,8
14764,125,117,8,8
14765,119,110,9,9
14766,88,78,10,10
14767,98,82,16,16
14768,103,106,-3,3
14769,95,79,16,16
14770,80,74,6,6
14771,88,79,9,9
14772,50,40,10,10
14773,81,68,13,13
14774,72,60,12,12
14775,56,47,9,9
14776,54,52,2,2
14777,70,70,0,0
14778,92,72,20,20
14779,79,70,9,9
14780,64,57,7,7
14781,121,104,17,17
14782,55,47,8,8
14783,110,96,14,14
14784,142,127,15,15
14785,160,140,20,20
14786,61,53,8,8
14787,59,51,8,8
14788,102,99,3,3
14789,95,78,17,17
14790,62,60,2,2
14791,142,127,15,15
14792,91,65,26,26
14793,114,99,15,15
14794,54,45,9,9
14795,93,91,2,2
14796,96,83,13,13
14797,75,62,13,13
14798,95,80,15,15
14799,59,55,4,4
14800,87,68,19,19
14801,121,97,24,24
14802,85,82,3,3
14803,74,68,6,6
14804,94,85,9,9
14805,117,106,11,11
14806,136,123,13,13
14807,51,42,9,9
14808,143,125,18,18
14809,110,98,12,12
14810,112,97,15,15
14811,59,50,9,9
14812,69,55,14,14
14813,92,81,11,11
14814,92,91,1,1
14815,125,106,19,19
14816,93,75,18,18
14817,94,78,16,16
14818,183,151,32,32
14819,158,152,6,6
14820,126,114,12,12
14821,201,166,35,35
14822,96,77,19,19
14823,69,77,-8,8
14824,112,115,-3,3
14825,60,57,3,3
14826,81,69,12,12
14827,229,206,23,23
14828,81,67,14,14
14829,49,47,2,2
14830,98,82,16,16
14831,104,88,16,16
14832,117,97,20,20
14833,91,84,7,7
14834,96,77,19,19
14835,82,72,10,10
14836,193,160,33,33
14837,75,70,5,5
14838,101,89,12,12
14839,128,101,27,27
14840,103,91,12,12
14841,84,72,12,12
14842,162,135,27,27
14843,117,102,15,15
14844,104,112,-8,8
14845,85,74,11,11
14846,90,84,6,6
14847,67,60,7,7
14848,91,70,21,21
14849,152,132,20,20
14850,60,47,13,13
14851,107,93,14,14
14852,114,119,-5,5
14853,95,85,10,10
14854,85,79,6,6
14855,72,96,-24,24
14856,66,72,-6,6
14857,81,76,5,5
14858,112,98,14,14
14859,39,35,4,4
14860,125,126,-1,1
14861,67,60,7,7
14862,103,86,17,17
14863,44,48,-4,4
14864,52,43,9,9
14865,58,54,4,4
14866,105,100,5,5
14867,55,56,-1,1
14868,107,114,-7,7
14869,102,98,4,4
14870,61,69,-8,8
14871,129,116,13,13
14872,72,61,11,11
14873,144,128,16,16
14874,67,63,4,4
14875,131,117,14,14
14876,59,55,4,4
14877,142,124,18,18
14878,80,72,8,8
14879,95,80,15,15
14880,62,61,1,1
14881,99,92,7,7
14882,69,71,-2,2
14883,36,37,-1,1
14884,53,50,3,3
14885,174,143,31,31
14886,120,106,14,14
14887,60,61,-1,1
14888,44,39,5,5
14889,104,98,6,6
14890,70,62,8,8
14891,80,68,12,12
14892,72,64,8,8
14893,114,115,-1,1
14894,110,99,11,11
14895,69,61,8,8
14896,108,93,15,15
14897,136,122,14,14
14898,62,58,4,4
14899,170,159,11,11
14900,109,90,19,19
14901,85,76,9,9
14902,93,74,19,19
14903,117,104,13,13
14904,102,76,26,26
14905,123,104,19,19
14906,91,95,-4,4
14907,65,58,7,7
14908,52,48,4,4
14909,139,113,26,26
14910,88,83,5,5
14911,67,72,-5,5
14912,143,127,16,16
14913,153,143,10,10
14914,65,57,8,8
14915,84,76,8,8
14916,101,100,1,1
14917,90,103,-13,13
14918,75,63,12,12
14919,95,81,14,14
14920,197,164,33,33
14921,60,55,5,5
14922,152,139,13,13
14923,69,57,12,12
14924,79,73,6,6
14925,63,61,2,2
14926,114,100,14,14
14927,94,78,16,16
14928,107,91,16,16
14929,94,83,11,11
14930,68,60,8,8
14931,95,85,10,10
14932,123,101,22,22
14933,81,74,7,7
14934,141,115,26,26
14935,78,69,9,9
14936,100,98,2,2
14937,120,106,14,14
14938,36,56,-20,20
14939,81,77,4,4
14940,118,90,28,28
14941,122,118,4,4
14942,80,67,13,13
14943,130,106,24,24
14944,44,40,4,4
14945,170,158,12,12
14946,74,75,-1,1
14947,66,65,1,1
14948,192,164,28,28
14949,84,78,6,6
14950,116,123,-7,7
14951,81,72,9,9
14952,43,37,6,6
14953,69,61,8,8
14954,63,52,11,11
14955,94,83,11,11
14956,84,72,12,12
14957,56,47,9,9
14958,106,101,5,5
14959,152,115,37,37
14960,92,80,12,12
14961,68,61,7,7
14962,87,82,5,5
14963,88,90,-2,2
14964,78,73,5,5
14965,64,66,-2,2
14966,147,130,17,17
14967,57,46,11,11
14968,81,73,8,8
14969,59,55,4,4
14970,70,62,8,8
14971,87,86,1,1
14972,90,73,17,17
14973,87,70,17,17
14974,49,47,2,2
14975,160,127,33,33
14976,131,105,26,26
14977,83,77,6,6
14978,44,40,4,4
14979,44,42,2,2
14980,52,49,3,3
14981,102,100,2,2
14982,69,62,7,7
14983,99,87,12,12
14984,81,82,-1,1
14985,91,87,4,4
14986,87,74,13,13
14987,57,49,8,8
14988,82,79,3,3
14989,56,49,7,7
14990,76,64,12,12
14991,79,71,8,8
14992,78,66,12,12
14993,121,99,22,22
14994,119,93,26,26
14995,68,68,0,0
14996,146,126,20,20
14997,106,82,24,24
14998,132,110,22,22
14999,47,46,1,1
15000,70,59,11,11
15001,114,88,26,26
15002,71,56,15,15
15003,85,87,-2,2
15004,132,110,22,22
15005,33,28,5,5
15006,16,54,-38,38
15007,68,64,4,4
15008,62,56,6,6
15009,84,80,4,4
15010,50,49,1,1
15011,91,85,6,6
15012,116,102,14,14
15013,97,82,15,15
15014,126,117,9,9
15015,102,97,5,5
15016,111,91,20,20
15017,113,97,16,16
15018,149,125,24,24
15019,87,64,23,23
15020,120,98,22,22
15021,124,111,13,13
15022,145,119,26,26
15023,78,67,11,11
15024,158,147,11,11
15025,47,48,-1,1
15026,228,185,43,43
15027,86,83,3,3
15028,97,87,10,10
15029,105,90,15,15
15030,59,61,-2,2
15031,134,103,31,31
15032,122,110,12,12
15033,116,120,-4,4
15034,72,66,6,6
15035,95,95,0,0
15036,48,41,7,7
15037,71,65,6,6
15038,164,155,9,9
15039,80,72,8,8
15040,96,77,19,19
15041,133,114,19,19
15042,121,118,3,3
15043,122,111,11,11
15044,99,82,17,17
15045,96,81,15,15
15046,41,42,-1,1
15047,157,124,33,33
15048,104,77,27,27
15049,65,66,-1,1
15050,103,98,5,5
15051,118,102,16,16
15052,99,86,13,13
15053,126,105,21,21
15054,106,94,12,12
15055,55,40,15,15
15056,75,65,10,10
15057,69,66,3,3
15058,107,95,12,12
15059,122,106,16,16
15060,63,60,3,3
15061,107,93,14,14
15062,96,102,-6,6
15063,62,60,2,2
15064,72,61,11,11
15065,152,129,23,23
15066,65,62,3,3
15067,78,68,10,10
15068,115,99,16,16
15069,113,94,19,19
15070,113,88,25,25
15071,105,90,15,15
15072,116,106,10,10
15073,158,139,19,19
15074,57,55,2,2
15075,141,130,11,11
15076,82,70,12,12
15077,106,95,11,11
15078,96,79,17,17
15079,104,91,13,13
15080,98,82,16,16
15081,83,85,-2,2
15082,138,121,17,17
15083,148,131,17,17
15084,71,59,12,12
15085,90,88,2,2
15086,134,111,23,23
15087,129,123,6,6
15088,127,115,12,12
15089,77,69,8,8
15090,69,69,0,0
15091,102,90,12,12
15092,69,65,4,4
15093,65,58,7,7
15094,102,101,1,1
15095,56,61,-5,5
15096,123,104,19,19
15097,73,64,9,9
15098,61,63,-2,2
15099,102,106,-4,4
15100,98,89,9,9
15101,80,66,14,14
15102,85,78,7,7
15103,61,52,9,9
15104,127,118,9,9
15105,68,60,8,8
15106,127,123,4,4
15107,71,66,5,5
15108,71,54,17,17
15109,149,128,21,21
15110,91,70,21,21
15111,98,95,3,3
15112,51,46,5,5
15113,90,76,14,14
15114,105,106,-1,1
15115,84,76,8,8
15116,98,83,15,15
15117,188,178,10,10
15118,57,54,3,3
15119,135,102,33,33
15120,107,94,13,13
15121,166,146,20,20
15122,102,85,17,17
15123,162,144,18,18
15124,74,61,13,13
15125,81,74,7,7
15126,58,52,6,6
15127,93,71,22,22
15128,67,60,7,7
15129,136,131,5,5
15130,122,111,11,11
15131,114,112,2,2
15132,66,53,13,13
15133,121,101,20,20
15134,82,80,2,2
15135,110,95,15,15
15136,63,60,3,3
15137,108,94,14,14
15138,77,66,11,11
15139,86,71,15,15
15140,74,63,11,11
15141,101,95,6,6
15142,114,111,3,3
15143,105,88,17,17
15144,106,96,10,10
15145,83,70,13,13
15146,169,145,24,24
15147,71,65,6,6
15148,87,82,5,5
15149,67,62,5,5
15150,86,95,-9,9
15151,244,206,38,38
15152,96,71,25,25
15153,136,120,16,16
15154,64,57,7,7
15155,131,128,3,3
15156,142,140,2,2
15157,63,63,0,0
15158,56,54,2,2
15159,65,58,7,7
15160,116,90,26,26
15161,57,46,11,11
15162,109,104,5,5
15163,114,114,0,0
15164,68,58,10,10
15165,114,99,15,15
15166,64,75,-11,11
15167,112,108,4,4
15168,47,48,-1,1
15169,66,58,8,8
15170,81,78,3,3
15171,127,119,8,8
15172,109,99,10,10
15173,72,58,14,14
15174,94,88,6,6
15175,46,46,0,0
15176,113,69,44,44
15177,70,67,3,3
15178,80,78,2,2
15179,64,55,9,9
15180,113,93,20,20
15181,56,53,3,3
15182,112,93,19,19
15183,50,55,-5,5
15184,101,87,14,14
15185,173,158,15,15
15186,57,46,11,11
15187,104,87,17,17
15188,90,75,15,15
15189,76,69,7,7
15190,94,82,12,12
15191,105,108,-3,3
15192,121,106,15,15
15193,126,123,3,3
15194,127,99,28,28
15195,116,106,10,10
15196,88,67,21,21
15197,62,64,-2,2
15198,190,173,17,17
15199,91,94,-3,3
15200,68,65,3,3
15201,102,87,15,15
15202,150,112,38,38
15203,85,82,3,3
15204,45,47,-2,2
15205,106,97,9,9
15206,64,54,10,10
15207,152,141,11,11
15208,124,116,8,8
15209,77,72,5,5
15210,80,80,0,0
15211,68,53,15,15
15212,131,119,12,12
15213,141,121,20,20
15214,138,110,28,28
15215,139,139,0,0
15216,54,55,-1,1
15217,81,75,6,6
15218,131,117,14,14
15219,105,93,12,12
15220,88,69,19,19
15221,97,87,10,10
15222,132,119,13,13
15223,80,79,1,1
15224,83,74,9,9
15225,56,56,0,0
15226,68,69,-1,1
15227,88,74,14,14
15228,101,92,9,9
15229,123,106,17,17
15230,123,119,4,4
15231,56,64,-8,8
15232,139,126,13,13
15233,102,96,6,6
15234,53,47,6,6
15235,145,128,17,17
15236,94,87,7,7
15237,126,111,15,15
15238,92,74,18,18
15239,82,73,9,9
15240,74,76,-2,2
15241,165,124,41,41
15242,99,94,5,5
15243,139,129,10,10
15244,84,69,15,15
15245,85,73,12,12
15246,63,61,2,2
15247,174,137,37,37
15248,127,99,28,28
15249,93,91,2,2
15250,106,94,12,12
15251,108,128,-20,20
15252,93,83,10,10
15253,98,73,25,25
15254,91,79,12,12
15255,68,57,11,11
15256,98,85,13,13
15257,264,214,50,50
15258,105,82,23,23
15259,71,68,3,3
15260,57,49,8,8
15261,99,88,11,11
15262,87,71,16,16
15263,109,100,9,9
15264,132,119,13,13
15265,66,68,-2,2
15266,99,90,9,9
15267,70,58,12,12
15268,111,99,12,12
15269,124,108,16,16
15270,53,51,2,2
15271,113,94,19,19
15272,69,55,14,14
15273,69,68,1,1
15274,80,71,9,9
15275,87,80,7,7
15276,117,97,20,20
15277,105,86,19,19
15278,64,48,16,16
15279,41,43,-2,2
15280,60,50,10,10
15281,93,82,11,11
15282,74,57,17,17
15283,100,83,17,17
15284,75,65,10,10
15285,117,95,22,22
15286,129,119,10,10
15287,145,131,14,14
15288,102,97,5,5
15289,147,132,15,15
15290,55,53,2,2
15291,91,77,14,14
15292,46,47,-1,1
15293,211,160,51,51
15294,125,118,7,7
15295,76,68,8,8
15296,84,74,10,10
15297,104,94,10,10
15298,62,59,3,3
15299,77,77,0,0
15300,100,84,16,16
15301,83,77,6,6
15302,90,81,9,9
15303,181,154,27,27
15304,132,134,-2,2
15305,88,75,13,13
15306,85,77,8,8
15307,69,63,6,6
15308,59,52,7,7
15309,42,29,13,13
15310,138,119,19,19
15311,75,60,15,15
15312,116,111,5,5
15313,76,82,-6,6
15314,85,80,5,5
15315,60,58,2,2
15316,101,91,10,10
15317,117,114,3,3
15318,73,71,2,2
15319,65,59,6,6
15320,136,124,12,12
15321,40,39,1,1
15322,61,55,6,6
15323,138,126,12,12
15324,55,52,3,3
15325,87,74,13,13
15326,60,49,11,11
15327,42,37,5,5
15328,184,177,7,7
15329,136,129,7,7
15330,46,45,1,1
15331,157,109,48,48
15332,99,92,7,7
15333,64,53,11,11
15334,95,86,9,9
15335,138,125,13,13
15336,63,57,6,6
15337,72,59,13,13
15338,52,51,1,1
15339,90,70,20,20
15340,78,77,1,1
15341,97,89,8,8
15342,118,104,14,14
15343,89,80,9,9
15344,55,49,6,6
15345,109,95,14,14
15346,64,64,0,0
15347,103,85,18,18
15348,96,86,10,10
15349,101,88,13,13
15350,130,116,14,14
15351,67,74,-7,7
15352,65,56,9,9
15353,80,73,7,7
15354,90,80,10,10
15355,86,76,10,10
15356,62,56,6,6
15357,162,141,21,21
15358,107,102,5,5
15359,42,35,7,7
15360,104,95,9,9
15361,125,111,14,14
15362,93,87,6,6
15363,163,165,-2,2
15364,42,47,-5,5
15365,127,110,17,17
15366,94,93,1,1
15367,88,79,9,9
15368,147,131,16,16
15369,155,138,17,17
15370,107,86,21,21
15371,65,56,9,9
15372,94,100,-6,6
15373,77,74,3,3
15374,128,120,8,8
15375,70,65,5,5
15376,51,52,-1,1
15377,101,96,5,5
15378,108,84,24,24
15379,169,146,23,23
15380,56,51,5,5
15381,114,95,19,19
15382,129,130,-1,1
15383,98,85,13,13
15384,62,56,6,6
15385,52,45,7,7
15386,125,101,24,24
15387,123,106,17,17
15388,107,96,11,11
15389,100,88,12,12
15390,153,150,3,3
15391,81,78,3,3
15392,82,74,8,8
15393,97,88,9,9
15394,28,26,2,2
15395,123,115,8,8
15396,66,66,0,0
15397,91,81,10,10
15398,95,82,13,13
15399,66,66,0,0
15400,105,99,6,6
15401,64,57,7,7
15402,106,91,15,15
15403,136,115,21,21
15404,87,81,6,6
15405,71,59,12,12
15406,116,105,11,11
15407,88,82,6,6
15408,53,49,4,4
15409,126,105,21,21
15410,144,118,26,26
15411,74,68,6,6
15412,63,58,5,5
15413,72,63,9,9
15414,73,69,4,4
15415,76,68,8,8
15416,88,75,13,13
15417,78,70,8,8
15418,103,91,12,12
15419,76,62,14,14
15420,41,75,-34,34
15421,231,186,45,45
15422,134,124,10,10
15423,126,98,28,28
15424,138,119,19,19
15425,103,101,2,2
15426,90,85,5,5
15427,73,64,9,9
15428,63,66,-3,3
15429,81,79,2,2
15430,120,96,24,24
15431,92,87,5,5
15432,100,87,13,13
15433,51,52,-1,1
15434,116,107,9,9
15435,97,85,12,12
15436,87,64,23,23
15437,138,114,24,24
15438,52,52,0,0
15439,36,36,0,0
15440,167,156,11,11
15441,80,82,-2,2
15442,117,105,12,12
15443,91,76,15,15
15444,163,146,17,17
15445,112,113,-1,1
15446,75,71,4,4
15447,119,102,17,17
15448,61,60,1,1
15449,71,60,11,11
15450,117,108,9,9
15451,115,121,-6,6
15452,99,96,3,3
15453,125,112,13,13
15454,100,88,12,12
15455,153,123,30,30
15456,146,135,11,11
15457,157,134,23,23
15458,104,94,10,10
15459,130,110,20,20
15460,137,129,8,8
15461,105,102,3,3
15462,101,84,17,17
15463,110,104,6,6
15464,97,80,17,17
15465,87,66,21,21
15466,107,98,9,9
15467,87,80,7,7
15468,90,61,29,29
15469,90,79,11,11
15470,118,108,10,10
15471,57,58,-1,1
15472,108,103,5,5
15473,51,53,-2,2
15474,56,64,-8,8
15475,53,57,-4,4
15476,55,52,3,3
15477,68,68,0,0
15478,61,59,2,2
15479,142,129,13,13
15480,83,66,17,17
15481,56,53,3,3
15482,60,63,-3,3
15483,59,57,2,2
15484,119,102,17,17
15485,60,63,-3,3
15486,60,57,3,3
15487,106,92,14,14
15488,78,70,8,8
15489,83,71,12,12
15490,63,57,6,6
15491,147,134,13,13
15492,182,155,27,27
15493,129,112,17,17
15494,97,89,8,8
15495,115,99,16,16
15496,105,100,5,5
15497,102,101,1,1
15498,127,121,6,6
15499,157,137,20,20
15500,84,73,11,11
15501,152,128,24,24
15502,74,69,5,5
15503,79,71,8,8
15504,123,116,7,7
15505,135,125,10,10
15506,82,74,8,8
15507,111,102,9,9
15508,62,76,-14,14
15509,59,57,2,2
15510,77,79,-2,2
15511,63,63,0,0
15512,81,76,5,5
15513,56,53,3,3
15514,69,64,5,5
15515,65,62,3,3
15516,82,70,12,12
15517,91,79,12,12
15518,190,150,40,40
15519,185,157,28,28
15520,131,110,21,21
15521,65,58,7,7
15522,158,136,22,22
15523,144,143,1,1
15524,73,73,0,0
15525,80,82,-2,2
15526,152,128,24,24
15527,62,60,2,2
15528,64,60,4,4
15529,65,61,4,4
15530,146,124,22,22
15531,124,109,15,15
15532,108,91,17,17
15533,131,114,17,17
15534,107,103,4,4
15535,104,95,9,9
15536,78,66,12,12
15537,115,110,5,5
15538,159,135,24,24
15539,103,98,5,5
15540,101,96,5,5
15541,63,52,11,11
15542,160,146,14,14
15543,61,59,2,2
15544,60,57,3,3
15545,130,124,6,6
15546,96,81,15,15
15547,84,77,7,7
15548,93,76,17,17
15549,110,99,11,11
15550,66,55,11,11
15551,77,65,12,12
15552,103,93,10,10
15553,78,71,7,7
15554,147,127,20,20
15555,87,79,8,8
15556,84,69,15,15
15557,83,69,14,14
15558,69,58,11,11
15559,180,160,20,20
15560,140,125,15,15
15561,57,52,5,5
15562,120,104,16,16
15563,62,55,7,7
15564,79,69,10,10
15565,127,118,9,9
15566,64,59,5,5
15567,81,68,13,13
15568,100,87,13,13
15569,118,108,10,10
15570,85,72,13,13
15571,77,77,0,0
15572,104,85,19,19
15573,72,62,10,10
15574,101,88,13,13
15575,95,91,4,4
15576,98,85,13,13
15577,62,52,10,10
15578,98,82,16,16
15579,113,116,-3,3
15580,62,53,9,9
15581,52,55,-3,3
15582,112,90,22,22
15583,80,76,4,4
15584,106,103,3,3
15585,63,57,6,6
15586,49,55,-6,6
15587,72,64,8,8
15588,117,94,23,23
15589,116,99,17,17
15590,94,79,15,15
15591,95,86,9,9
15592,83,80,3,3
15593,119,109,10,10
15594,106,96,10,10
15595,92,75,17,17
15596,70,71,-1,1
15597,133,116,17,17
15598,64,58,6,6
15599,169,144,25,25
15600,93,79,14,14
15601,102,93,9,9
15602,87,75,12,12
15603,71,64,7,7
15604,62,59,3,3
15605,59,47,12,12
15606,85,75,10,10
15607,72,67,5,5
15608,50,48,2,2
15609,92,84,8,8
15610,127,111,16,16
15611,57,50,7,7
15612,107,93,14,14
15613,65,55,10,10
15614,82,76,6,6
15615,81,77,4,4
15616,98,87,11,11
15617,82,69,13,13
15618,110,124,-14,14
15619,166,146,20,20
15620,107,93,14,14
15621,50,49,1,1
15622,148,125,23,23
15623,70,59,11,11
15624,100,81,19,19
15625,108,92,16,16
15626,113,101,12,12
15627,53,51,2,2
15628,126,115,11,11
15629,72,62,10,10
15630,197,160,37,37
15631,47,40,7,7
15632,89,74,15,15
15633,143,117,26,26
15634,119,109,10,10
15635,76,73,3,3
15636,73,72,1,1
15637,68,64,4,4
15638,111,97,14,14
15639,121,95,26,26
15640,92,89,3,3
15641,113,96,17,17
15642,98,87,11,11
15643,152,150,2,2
15644,80,71,9,9
15645,82,76,6,6
15646,128,108,20,20
15647,49,47,2,2
15648,128,118,10,10
15649,63,57,6,6
15650,52,45,7,7
15651,89,77,12,12
15652,68,54,14,14
15653,109,96,13,13
15654,83,74,9,9
15655,97,89,8,8
15656,73,67,6,6
15657,75,64,11,11
15658,127,109,18,18
15659,52,69,-17,17
15660,69,54,15,15
15661,152,135,17,17
15662,87,79,8,8
15663,130,103,27,27
15664,72,75,-3,3
15665,114,106,8,8
15666,75,61,14,14
15667,136,113,23,23
15668,77,65,12,12
15669,88,77,11,11
15670,64,64,0,0
15671,90,71,19,19
15672,174,158,16,16
15673,57,59,-2,2
15674,56,54,2,2
15675,78,66,12,12
15676,81,69,12,12
15677,67,56,11,11
15678,123,105,18,18
15679,146,133,13,13
15680,123,118,5,5
15681,98,93,5,5
15682,61,54,7,7
15683,109,100,9,9
15684,76,72,4,4
15685,121,108,13,13
15686,81,73,8,8
15687,38,45,-7,7
15688,70,64,6,6
15689,83,76,7,7
15690,100,90,10,10
15691,79,79,0,0
15692,98,93,5,5
15693,79,65,14,14
15694,196,171,25,25
15695,137,125,12,12
15696,67,64,3,3
15697,87,79,8,8
15698,79,71,8,8
15699,84,80,4,4
15700,104,106,-2,2
15701,105,102,3,3
15702,113,97,16,16
15703,54,50,4,4
15704,77,68,9,9
15705,124,109,15,15
15706,103,88,15,15
15707,175,145,30,30
15708,67,55,12,12
15709,86,75,11,11
15710,65,58,7,7
15711,74,65,9,9
15712,85,45,40,40
15713,77,69,8,8
15714,94,81,13,13
15715,163,132,31,31
15716,107,99,8,8
15717,126,115,11,11
15718,97,81,16,16
15719,80,72,8,8
15720,150,140,10,10
15721,67,65,2,2
15722,120,92,28,28
15723,86,84,2,2
15724,80,69,11,11
15725,79,67,12,12
15726,98,86,12,12
15727,100,94,6,6
15728,105,100,5,5
15729,140,143,-3,3
15730,110,93,17,17
15731,101,84,17,17
15732,50,50,0,0
15733,132,114,18,18
15734,160,148,12,12
15735,119,94,25,25
15736,94,80,14,14
15737,83,69,14,14
15738,92,80,12,12
15739,76,60,16,16
15740,103,92,11,11
15741,93,83,10,10
15742,67,58,9,9
15743,104,107,-3,3
15744,123,112,11,11
15745,90,73,17,17
15746,75,73,2,2
15747,120,105,15,15
15748,66,55,11,11
15749,106,97,9,9
15750,120,101,19,19
15751,98,76,22,22
15752,105,99,6,6
15753,97,88,9,9
15754,101,84,17,17
15755,80,73,7,7
15756,87,76,11,11
15757,68,60,8,8
15758,160,136,24,24
15759,77,69,8,8
15760,65,62,3,3
15761,90,84,6,6
15762,34,41,-7,7
15763,90,88,2,2
15764,83,70,13,13
15765,47,39,8,8
15766,47,62,-15,15
15767,106,103,3,3
15768,63,58,5,5
15769,96,88,8,8
15770,108,105,3,3
15771,85,75,10,10
15772,157,129,28,28
15773,90,56,34,34
15774,116,108,8,8
15775,132,118,14,14
15776,123,104,19,19
15777,118,104,14,14
15778,45,46,-1,1
15779,60,57,3,3
15780,179,148,31,31
15781,111,99,12,12
15782,118,112,6,6
15783,87,85,2,2
15784,51,53,-2,2
15785,37,41,-4,4
15786,91,79,12,12
15787,69,63,6,6
15788,130,108,22,22
15789,102,98,4,4
15790,93,91,2,2
15791,129,113,16,16
15792,54,44,10,10
15793,70,62,8,8
15794,125,102,23,23
15795,59,55,4,4
15796,46,41,5,5
15797,64,58,6,6
15798,113,88,25,25
15799,110,87,23,23
15800,46,45,1,1
15801,134,131,3,3
15802,71,75,-4,4
15803,143,132,11,11
15804,63,56,7,7
15805,120,107,13,13
15806,86,72,14,14
15807,74,71,3,3
15808,118,111,7,7
15809,61,55,6,6
15810,65,55,10,10
15811,136,113,23,23
15812,85,80,5,5
15813,105,79,26,26
15814,146,130,16,16
15815,98,96,2,2
15816,30,37,-7,7
15817,76,69,7,7
15818,148,130,18,18
15819,126,91,35,35
15820,121,105,16,16
15821,173,120,53,53
15822,68,74,-6,6
15823,100,92,8,8
15824,109,101,8,8
15825,73,71,2,2
15826,97,86,11,11
15827,92,77,15,15
15828,97,83,14,14
15829,88,87,1,1
15830,159,134,25,25
15831,104,91,13,13
15832,65,56,9,9
15833,84,69,15,15
15834,82,72,10,10
15835,100,101,-1,1
15836,105,93,12,12
15837,70,74,-4,4
15838,77,64,13,13
15839,111,100,11,11
15840,96,78,18,18
15841,98,94,4,4
15842,89,82,7,7
15843,62,63,-1,1
15844,144,119,25,25
15845,134,114,20,20
15846,96,82,14,14
15847,64,66,-2,2
15848,74,65,9,9
15849,113,97,16,16
15850,125,121,4,4
15851,122,102,20,20
15852,66,67,-1,1
15853,46,42,4,4
15854,115,104,11,11
15855,59,42,17,17
15856,76,65,11,11
15857,97,86,11,11
15858,125,114,11,11
15859,138,99,39,39
15860,24,29,-5,5
15861,34,35,-1,1
15862,77,70,7,7
15863,112,112,0,0
15864,123,110,13,13
15865,88,77,11,11
15866,130,113,17,17
15867,108,100,8,8
15868,52,40,12,12
15869,112,106,6,6
15870,41,39,2,2
15871,68,68,0,0
15872,111,101,10,10
15873,97,92,5,5
15874,73,65,8,8
15875,75,65,10,10
15876,79,85,-6,6
15877,62,59,3,3
15878,75,81,-6,6
15879,128,115,13,13
15880,113,107,6,6
15881,49,37,12,12
15882,65,54,11,11
15883,64,61,3,3
15884,97,95,2,2
15885,117,93,24,24
15886,62,55,7,7
15887,75,84,-9,9
15888,80,77,3,3
15889,63,61,2,2
15890,50,51,-1,1
15891,112,100,12,12
15892,129,117,12,12
15893,78,67,11,11
15894,102,92,10,10
15895,101,81,20,20
15896,67,65,2,2
15897,49,47,2,2
15898,184,155,29,29
15899,81,74,7,7
15900,70,62,8,8
15901,95,77,18,18
15902,111,94,17,17
15903,141,120,21,21
15904,105,96,9,9
15905,54,42,12,12
15906,78,67,11,11
15907,155,132,23,23
15908,134,118,16,16
15909,88,69,19,19
15910,66,67,-1,1
15911,64,64,0,0
15912,60,64,-4,4
15913,94,82,12,12
15914,103,83,20,20
15915,146,131,15,15
15916,74,75,-1,1
15917,73,60,13,13
15918,62,58,4,4
15919,103,94,9,9
15920,126,108,18,18
15921,96,80,16,16
15922,160,138,22,22
15923,118,104,14,14
15924,128,108,20,20
15925,191,168,23,23
15926,123,105,18,18
15927,107,94,13,13
15928,55,50,5,5
15929,47,38,9,9
15930,55,48,7,7
15931,58,54,4,4
15932,107,100,7,7
15933,76,65,11,11
15934,96,77,19,19
15935,57,54,3,3
15936,110,107,3,3
15937,79,65,14,14
15938,65,65,0,0
15939,123,103,20,20
15940,61,44,17,17
15941,65,64,1,1
15942,113,95,18,18
15943,49,38,11,11
15944,82,81,1,1
15945,98,90,8,8
15946,75,70,5,5
15947,112,106,6,6
15948,113,92,21,21
15949,94,84,10,10
15950,58,46,12,12
15951,64,56,8,8
15952,105,102,3,3
15953,101,92,9,9
15954,68,65,3,3
15955,101,86,15,15
15956,52,45,7,7
15957,70,52,18,18
15958,97,121,-24,24
15959,117,100,17,17
15960,68,63,5,5
15961,127,102,25,25
15962,69,67,2,2
15963,90,87,3,3
15964,40,52,-12,12
15965,114,97,17,17
15966,98,88,10,10
15967,66,59,7,7
15968,67,69,-2,2
15969,190,172,18,18
15970,104,92,12,12
15971,74,77,-3,3
15972,69,52,17,17
15973,86,81,5,5
15974,102,85,17,17
15975,122,103,19,19
15976,142,121,21,21
15977,103,82,21,21
15978,164,141,23,23
15979,110,115,-5,5
15980,64,62,2,2
15981,74,62,12,12
15982,61,51,10,10
15983,63,58,5,5
15984,100,79,21,21
15985,107,94,13,13
15986,102,89,13,13
15987,31,44,-13,13
15988,147,122,25,25
15989,60,52,8,8
15990,86,73,13,13
15991,114,115,-1,1
15992,103,107,-4,4
15993,75,68,7,7
15994,95,93,2,2
15995,87,71,16,16
15996,99,79,20,20
15997,114,101,13,13
15998,76,74,2,2
15999,120,115,5,5
16000,90,75,15,15
16001,64,50,14,14
16002,113,98,15,15
16003,66,57,9,9
16004,123,101,22,22
16005,132,108,24,24
16006,124,99,25,25
16007,56,50,6,6
16008,125,122,3,3
16009,101,91,10,10
16010,89,74,15,15
16011,57,59,-2,2
16012,98,82,16,16
16013,101,92,9,9
16014,82,78,4,4
16015,128,123,5,5
16016,56,53,3,3
16017,162,150,12,12
16018,84,80,4,4
16019,79,67,12,12
16020,53,49,4,4
16021,55,50,5,5
16022,62,55,7,7
16023,73,68,5,5
16024,42,47,-5,5
16025,127,129,-2,2
16026,52,50,2,2
16027,121,114,7,7
16028,75,75,0,0
16029,89,74,15,15
16030,64,57,7,7
16031,36,30,6,6
16032,89,73,16,16
16033,72,59,13,13
16034,148,133,15,15
16035,106,91,15,15
16036,158,152,6,6
16037,131,112,19,19
16038,130,121,9,9
16039,77,65,12,12
16040,136,117,19,19
16041,102,95,7,7
16042,86,77,9,9
16043,89,72,17,17
16044,101,81,20,20
16045,99,86,13,13
16046,100,83,17,17
16047,69,65,4,4
16048,92,69,23,23
16049,69,64,5,5
16050,128,111,17,17
16051,151,131,20,20
16052,39,33,6,6
16053,44,44,0,0
16054,74,76,-2,2
16055,82,68,14,14
16056,140,120,20,20
16057,120,97,23,23
16058,79,61,18,18
16059,89,83,6,6
16060,158,172,-14,14
16061,105,116,-11,11
16062,113,103,10,10
16063,58,50,8,8
16064,95,81,14,14
16065,82,79,3,3
16066,140,120,20,20
16067,66,66,0,0
16068,94,85,9,9
16069,116,109,7,7
16070,70,71,-1,1
16071,90,81,9,9
16072,73,73,0,0
16073,62,91,-29,29
16074,55,49,6,6
16075,87,77,10,10
16076,97,89,8,8
16077,75,67,8,8
16078,113,103,10,10
16079,148,117,31,31
16080,144,155,-11,11
16081,64,51,13,13
16082,117,95,22,22
16083,89,77,12,12
16084,106,93,13,13
16085,130,101,29,29
16086,91,91,0,0
16087,52,47,5,5
16088,54,56,-2,2
16089,117,91,26,26
16090,127,125,2,2
16091,104,84,20,20
16092,122,104,18,18
16093,67,56,11,11
16094,73,70,3,3
16095,84,73,11,11
16096,63,55,8,8
16097,199,181,18,18
16098,138,137,1,1
16099,85,72,13,13
16100,112,104,8,8
16101,100,92,8,8
16102,184,182,2,2
16103,90,78,12,12
16104,55,49,6,6
16105,142,122,20,20
16106,124,115,9,9
16107,83,89,-6,6
16108,79,79,0,0
16109,52,61,-9,9
16110,92,83,9,9
16111,71,65,6,6
16112,47,38,9,9
16113,83,75,8,8
16114,68,62,6,6
16115,65,62,3,3
16116,99,86,13,13
16117,114,109,5,5
16118,98,92,6,6
16119,84,91,-7,7
16120,181,148,33,33
16121,51,45,6,6
16122,95,74,21,21
16123,77,68,9,9
16124,70,68,2,2
16125,103,86,17,17
16126,106,90,16,16
16127,70,68,2,2
16128,92,83,9,9
16129,104,84,20,20
16130,49,54,-5,5
16131,62,63,-1,1
16132,52,45,7,7
16133,88,78,10,10
16134,84,67,17,17
16135,80,76,4,4
16136,55,51,4,4
16137,84,68,16,16
16138,158,126,32,32
16139,76,66,10,10
16140,58,57,1,1
16141,94,74,20,20
16142,44,38,6,6
16143,96,84,12,12
16144,134,115,19,19
16145,124,110,14,14
16146,137,127,10,10
16147,139,119,20,20
16148,40,37,3,3
16149,64,59,5,5
16150,100,90,10,10
16151,90,85,5,5
16152,88,82,6,6
16153,80,69,11,11
16154,67,60,7,7
16155,96,83,13,13
16156,74,61,13,13
16157,80,59,21,21
16158,54,53,1,1
16159,133,119,14,14
16160,71,63,8,8
16161,151,127,24,24
16162,150,136,14,14
16163,107,99,8,8
16164,104,96,8,8
16165,96,83,13,13
16166,164,146,18,18
16167,61,64,-3,3
16168,95,83,12,12
16169,120,105,15,15
16170,107,98,9,9
16171,116,96,20,20
16172,89,77,12,12
16173,42,38,4,4
16174,74,63,11,11
16175,100,96,4,4
16176,66,57,9,9
16177,105,96,9,9
16178,108,86,22,22
16179,144,132,12,12
16180,118,114,4,4
16181,82,69,13,13
16182,164,136,28,28
16183,125,118,7,7
16184,68,60,8,8
16185,102,94,8,8
16186,109,107,2,2
16187,111,90,21,21
16188,115,94,21,21
16189,58,52,6,6
16190,109,90,19,19
16191,90,79,11,11
16192,99,84,15,15
16193,124,124,0,0
16194,147,104,43,43
16195,67,61,6,6
16196,89,80,9,9
16197,77,61,16,16
16198,106,116,-10,10
16199,78,72,6,6
16200,58,66,-8,8
16201,119,100,19,19
16202,74,71,3,3
16203,80,76,4,4
16204,143,124,19,19
16205,160,134,26,26
16206,117,102,15,15
16207,79,64,15,15
16208,103,94,9,9
16209,88,62,26,26
16210,74,72,2,2
16211,96,87,9,9
16212,94,92,2,2
16213,66,56,10,10
16214,43,42,1,1
16215,137,117,20,20
16216,89,75,14,14
16217,95,91,4,4
16218,172,166,6,6
16219,37,34,3,3
16220,75,71,4,4
16221,112,102,10,10
16222,98,91,7,7
16223,137,122,15,15
16224,122,102,20,20
16225,55,45,10,10
16226,65,57,8,8
16227,105,94,11,11
16228,67,63,4,4
16229,115,95,20,20
16230,35,49,-14,14
16231,95,78,17,17
16232,62,50,12,12
16233,60,56,4,4
16234,142,115,27,27
16235,74,77,-3,3
16236,100,85,15,15
16237,179,83,96,96
16238,173,144,29,29
16239,161,145,16,16
16240,76,67,9,9
16241,79,79,0,0
16242,116,91,25,25
16243,58,57,1,1
16244,83,71,12,12
16245,48,48,0,0
16246,74,68,6,6
16247,57,53,4,4
16248,84,72,12,12
16249,114,95,19,19
16250,72,55,17,17
16251,96,92,4,4
16252,113,127,-14,14
16253,105,87,18,18
16254,149,125,24,24
16255,62,57,5,5
16256,72,58,14,14
16257,77,71,6,6
16258,152,135,17,17
16259,94,78,16,16
16260,115,101,14,14
16261,56,48,8,8
16262,65,59,6,6
16263,111,97,14,14
16264,73,70,3,3
16265,75,61,14,14
16266,90,79,11,11
16267,121,116,5,5
16268,111,95,16,16
16269,179,156,23,23
16270,136,126,10,10
16271,111,108,3,3
16272,35,53,-18,18
16273,90,75,15,15
16274,58,50,8,8
16275,172,147,25,25
16276,77,67,10,10
16277,81,66,15,15
16278,31,38,-7,7
16279,87,83,4,4
16280,63,70,-7,7
16281,114,93,21,21
16282,96,87,9,9
16283,83,73,10,10
16284,117,112,5,5
16285,121,95,26,26
16286,89,82,7,7
16287,106,98,8,8
16288,108,94,14,14
16289,121,105,16,16
16290,160,135,25,25
16291,110,98,12,12
16292,87,67,20,20
16293,107,95,12,12
16294,117,109,8,8
16295,74,67,7,7
16296,96,86,10,10
16297,133,116,17,17
16298,81,82,-1,1
16299,81,72,9,9
16300,76,71,5,5
16301,57,56,1,1
16302,131,124,7,7
16303,91,72,19,19
16304,39,39,0,0
16305,119,99,20,20
16306,138,117,21,21
16307,105,100,5,5
16308,77,58,19,19
16309,132,122,10,10
16310,58,57,1,1
16311,42,37,5,5
16312,67,62,5,5
16313,54,46,8,8
16314,74,63,11,11
16315,95,86,9,9
16316,73,64,9,9
16317,75,86,-11,11
16318,58,57,1,1
16319,112,95,17,17
16320,114,91,23,23
16321,118,111,7,7
16322,63,57,6,6
16323,59,65,-6,6
16324,56,51,5,5
16325,66,56,10,10
16326,64,59,5,5
16327,100,81,19,19
16328,97,87,10,10
16329,155,134,21,21
16330,93,75,18,18
16331,123,112,11,11
16332,89,65,24,24
16333,76,74,2,2
16334,178,162,16,16
16335,67,56,11,11
16336,112,93,19,19
16337,105,93,12,12
16338,95,81,14,14
16339,81,76,5,5
16340,67,70,-3,3
16341,79,61,18,18
16342,117,109,8,8
16343,72,74,-2,2
16344,103,94,9,9
16345,109,94,15,15
16346,59,56,3,3
16347,101,89,12,12
16348,112,99,13,13
16349,158,133,25,25
16350,119,110,9,9
16351,92,80,12,12
16352,38,33,5,5
16353,66,64,2,2
16354,69,62,7,7
16355,51,52,-1,1
16356,200,155,45,45
16357,93,78,15,15
16358,97,87,10,10
16359,171,129,42,42
16360,65,64,1,1
16361,102,87,15,15
16362,72,62,10,10
16363,55,51,4,4
16364,118,88,30,30
16365,86,72,14,14
16366,135,113,22,22
16367,78,59,19,19
16368,115,106,9,9
16369,140,136,4,4
16370,61,56,5,5
16371,48,47,1,1
16372,78,70,8,8
16373,195,174,21,21
16374,48,53,-5,5
16375,71,53,18,18
16376,126,111,15,15
16377,207,178,29,29
16378,111,89,22,22
16379,75,80,-5,5
16380,106,92,14,14
16381,84,71,13,13
16382,140,126,14,14
16383,77,88,-11,11
16384,88,80,8,8
16385,63,51,12,12
16386,146,126,20,20
16387,43,45,-2,2
16388,87,76,11,11
16389,63,50,13,13
16390,92,91,1,1
16391,64,60,4,4
16392,107,86,21,21
16393,114,98,16,16
16394,76,61,15,15
16395,108,107,1,1
16396,61,55,6,6
16397,157,144,13,13
16398,161,136,25,25
16399,81,69,12,12
16400,42,40,2,2
16401,120,80,40,40
16402,118,99,19,19
16403,99,84,15,15
16404,78,70,8,8
16405,39,32,7,7
16406,62,57,5,5
16407,93,77,16,16
16408,51,53,-2,2
16409,63,77,-14,14
16410,131,133,-2,2
16411,117,91,26,26
16412,96,83,13,13
16413,158,142,16,16
16414,88,82,6,6
16415,77,73,4,4
16416,84,76,8,8
16417,123,106,17,17
16418,84,71,13,13
16419,122,112,10,10
16420,88,81,7,7
16421,73,58,15,15
16422,198,166,32,32
16423,87,69,18,18
16424,76,74,2,2
16425,85,80,5,5
16426,86,81,5,5
16427,161,148,13,13
16428,132,102,30,30
16429,65,53,12,12
16430,65,55,10,10
16431,155,132,23,23
16432,94,91,3,3
16433,91,76,15,15
16434,94,95,-1,1
16435,132,118,14,14
16436,74,66,8,8
16437,134,120,14,14
16438,186,168,18,18
16439,117,100,17,17
16440,128,116,12,12
16441,49,46,3,3
16442,52,47,5,5
16443,54,42,12,12
16444,49,48,1,1
16445,61,59,2,2
16446,87,77,10,10
16447,121,118,3,3
16448,110,99,11,11
16449,29,31,-2,2
16450,75,63,12,12
16451,119,110,9,9
16452,100,84,16,16
16453,73,79,-6,6
16454,71,69,2,2
16455,61,67,-6,6
16456,91,97,-6,6
16457,68,74,-6,6
16458,79,71,8,8
16459,141,136,5,5
16460,89,80,9,9
16461,132,117,15,15
16462,110,99,11,11
16463,70,65,5,5
16464,49,44,5,5
16465,99,92,7,7
16466,60,49,11,11
16467,94,80,14,14
16468,89,77,12,12
16469,149,132,17,17
16470,78,67,11,11
16471,133,130,3,3
16472,134,129,5,5
16473,65,62,3,3
16474,117,95,22,22
16475,96,83,13,13
16476,130,104,26,26
16477,138,122,16,16
16478,85,80,5,5
16479,128,111,17,17
16480,84,75,9,9
16481,127,105,22,22
16482,67,63,4,4
16483,149,139,10,10
16484,77,65,12,12
16485,91,83,8,8
16486,137,117,20,20
16487,142,125,17,17
16488,68,63,5,5
16489,129,116,13,13
16490,120,105,15,15
16491,38,40,-2,2
16492,109,98,11,11
16493,101,88,13,13
16494,66,84,-18,18
16495,61,57,4,4
16496,107,95,12,12
16497,112,91,21,21
16498,114,115,-1,1
16499,96,87,9,9
16500,136,124,12,12
16501,60,54,6,6
16502,108,90,18,18
16503,109,98,11,11
16504,98,88,10,10
16505,53,57,-4,4
16506,68,54,14,14
16507,114,100,14,14
16508,181,172,9,9
16509,121,103,18,18
16510,67,62,5,5
16511,78,62,16,16
16512,74,66,8,8
16513,47,42,5,5
16514,113,110,3,3
16515,41,42,-1,1
16516,57,55,2,2
16517,68,52,16,16
16518,88,83,5,5
16519,76,78,-2,2
16520,96,86,10,10
16521,45,44,1,1
16522,119,103,16,16
16523,104,99,5,5
16524,111,97,14,14
16525,62,48,14,14
16526,94,85,9,9
16527,86,75,11,11
16528,78,79,-1,1
16529,132,118,14,14
16530,105,90,15,15
16531,141,114,27,27
16532,59,53,6,6
16533,205,160,45,45
16534,91,81,10,10
16535,87,96,-9,9
16536,87,76,11,11
16537,102,78,24,24
16538,94,80,14,14
16539,77,69,8,8
16540,61,52,9,9
16541,152,125,27,27
16542,85,77,8,8
16543,120,105,15,15
16544,83,81,2,2
16545,135,120,15,15
16546,52,44,8,8
16547,79,65,14,14
16548,50,52,-2,2
16549,152,131,21,21
16550,80,66,14,14
16551,83,79,4,4
16552,163,150,13,13
16553,75,76,-1,1
16554,72,67,5,5
16555,93,82,11,11
16556,118,90,28,28
16557,84,76,8,8
16558,72,61,11,11
16559,75,67,8,8
16560,79,72,7,7
16561,84,79,5,5
16562,88,81,7,7
16563,99,85,14,14
16564,59,57,2,2
16565,112,99,13,13
16566,128,103,25,25
16567,115,101,14,14
16568,101,106,-5,5
16569,60,53,7,7
16570,80,81,-1,1
16571,134,125,9,9
16572,72,69,3,3
16573,160,134,26,26
16574,123,109,14,14
16575,111,95,16,16
16576,61,60,1,1
16577,68,63,5,5
16578,131,129,2,2
16579,135,110,25,25
16580,217,202,15,15
16581,56,49,7,7
16582,86,81,5,5
16583,104,91,13,13
16584,87,84,3,3
16585,76,68,8,8
16586,137,116,21,21
16587,86,78,8,8
16588,53,47,6,6
16589,82,74,8,8
16590,52,42,10,10
16591,85,75,10,10
16592,110,95,15,15
16593,58,50,8,8
16594,103,96,7,7
16595,40,33,7,7
16596,70,56,14,14
16597,50,40,10,10
16598,69,65,4,4
16599,108,102,6,6
16600,82,66,16,16
16601,138,115,23,23
16602,103,94,9,9
16603,119,103,16,16
16604,111,92,19,19
16605,154,131,23,23
16606,131,115,16,16
16607,67,61,6,6
16608,76,66,10,10
16609,104,94,10,10
16610,134,109,25,25
16611,41,48,-7,7
16612,54,45,9,9
16613,116,100,16,16
16614,58,54,4,4
16615,74,72,2,2
16616,101,93,8,8
16617,62,56,6,6
16618,141,128,13,13
16619,93,78,15,15
16620,98,86,12,12
16621,88,90,-2,2
16622,33,31,2,2
16623,115,114,1,1
16624,86,75,11,11
16625,156,133,23,23
16626,66,55,11,11
16627,93,73,20,20
16628,61,50,11,11
16629,128,110,18,18
16630,161,129,32,32
16631,51,47,4,4
16632,59,64,-5,5
16633,97,85,12,12
16634,157,134,23,23
16635,91,87,4,4
16636,67,53,14,14
16637,90,84,6,6
16638,82,71,11,11
16639,104,91,13,13
16640,96,85,11,11
16641,122,115,7,7
16642,86,74,12,12
16643,126,115,11,11
16644,87,74,13,13
16645,77,74,3,3
16646,117,99,18,18
16647,144,121,23,23
16648,86,69,17,17
16649,61,53,8,8
16650,79,90,-11,11
16651,96,79,17,17
16652,89,84,5,5
16653,89,87,2,2
16654,110,95,15,15
16655,87,70,17,17
16656,39,40,-1,1
16657,98,84,14,14
16658,151,133,18,18
16659,89,81,8,8
16660,67,59,8,8
16661,71,59,12,12
16662,119,101,18,18
16663,86,77,9,9
16664,147,126,21,21
16665,51,41,10,10
16666,83,83,0,0
16667,83,73,10,10
16668,54,49,5,5
16669,138,107,31,31
16670,64,58,6,6
16671,80,74,6,6
16672,58,50,8,8
16673,92,80,12,12
16674,56,67,-11,11
16675,114,111,3,3
16676,58,52,6,6
16677,51,48,3,3
16678,111,96,15,15
16679,66,70,-4,4
16680,64,60,4,4
16681,99,97,2,2
16682,73,62,11,11
16683,110,87,23,23
16684,99,98,1,1
16685,92,76,16,16
16686,57,48,9,9
16687,138,122,16,16
16688,156,146,10,10
16689,113,99,14,14
16690,37,41,-4,4
16691,119,103,16,16
16692,109,102,7,7
16693,137,120,17,17
16694,187,133,54,54
16695,77,76,1,1
16696,78,66,12,12
16697,89,85,4,4
16698,144,135,9,9
16699,111,98,13,13
16700,46,49,-3,3
16701,119,106,13,13
16702,89,70,19,19
16703,85,66,19,19
16704,155,125,30,30
16705,164,157,7,7
16706,176,158,18,18
16707,61,62,-1,1
16708,143,137,6,6
16709,66,48,18,18
16710,138,115,23,23
16711,107,96,11,11
16712,80,73,7,7
16713,95,77,18,18
16714,94,97,-3,3
16715,90,80,10,10
16716,65,58,7,7
16717,75,60,15,15
16718,54,52,2,2
16719,84,73,11,11
16720,129,106,23,23
16721,142,119,23,23
16722,96,95,1,1
16723,112,98,14,14
16724,93,73,20,20
16725,57,52,5,5
16726,36,43,-7,7
16727,46,48,-2,2
16728,94,88,6,6
16729,57,54,3,3
16730,106,100,6,6
16731,130,119,11,11
16732,62,56,6,6
16733,89,80,9,9
16734,137,121,16,16
16735,107,100,7,7
16736,58,49,9,9
16737,73,61,12,12
16738,86,76,10,10
16739,103,90,13,13
16740,121,108,13,13
16741,66,53,13,13
16742,87,84,3,3
16743,59,46,13,13
16744,109,99,10,10
16745,79,79,0,0
16746,68,60,8,8
16747,66,63,3,3
16748,72,63,9,9
16749,100,91,9,9
16750,102,92,10,10
16751,55,50,5,5
16752,98,81,17,17
16753,107,95,12,12
16754,77,50,27,27
16755,76,77,-1,1
16756,65,60,5,5
16757,134,106,28,28
16758,39,45,-6,6
16759,123,117,6,6
16760,64,58,6,6
16761,105,91,14,14
16762,66,59,7,7
16763,203,182,21,21
16764,144,107,37,37
16765,75,71,4,4
16766,106,93,13,13
16767,104,94,10,10
16768,73,74,-1,1
16769,83,62,21,21
16770,81,87,-6,6
16771,83,75,8,8
16772,100,97,3,3
16773,103,87,16,16
16774,76,67,9,9
16775,66,58,8,8
16776,72,65,7,7
16777,87,88,-1,1
16778,81,81,0,0
16779,109,96,13,13
16780,103,84,19,19
16781,112,112,0,0
16782,170,148,22,22
16783,89,79,10,10
16784,73,73,0,0
16785,59,53,6,6
16786,135,118,17,17
16787,61,57,4,4
16788,78,71,7,7
16789,125,104,21,21
16790,64,66,-2,2
16791,54,52,2,2
16792,119,101,18,18
16793,92,85,7,7
16794,117,106,11,11
16795,88,74,14,14
16796,99,83,16,16
16797,48,43,5,5
16798,123,109,14,14
16799,113,106,7,7
16800,98,88,10,10
16801,66,59,7,7
16802,82,73,9,9
16803,38,59,-21,21
16804,86,81,5,5
16805,135,130,5,5
16806,140,124,16,16
16807,73,65,8,8
16808,95,88,7,7
16809,40,41,-1,1
16810,67,80,-13,13
16811,160,142,18,18
16812,121,101,20,20
16813,104,78,26,26
16814,98,86,12,12
16815,125,107,18,18
16816,119,95,24,24
16817,109,101,8,8
16818,73,67,6,6
16819,212,173,39,39
16820,81,68,13,13
16821,104,91,13,13
16822,44,42,2,2
16823,82,61,21,21
16824,181,142,39,39
16825,50,42,8,8
16826,90,92,-2,2
16827,87,74,13,13
16828,76,79,-3,3
16829,211,181,30,30
16830,104,89,15,15
16831,114,100,14,14
16832,143,128,15,15
16833,142,127,15,15
16834,153,152,1,1
16835,60,55,5,5
16836,60,59,1,1
16837,111,84,27,27
16838,143,138,5,5
16839,76,71,5,5
16840,73,64,9,9
16841,76,60,16,16
16842,75,65,10,10
16843,58,53,5,5
16844,57,46,11,11
16845,112,99,13,13
16846,151,126,25,25
16847,51,41,10,10
16848,64,62,2,2
16849,80,74,6,6
16850,89,78,11,11
16851,155,137,18,18
16852,97,86,11,11
16853,82,78,4,4
16854,122,105,17,17
16855,110,103,7,7
16856,91,74,17,17
16857,27,50,-23,23
16858,55,48,7,7
16859,107,91,16,16
16860,61,57,4,4
16861,67,68,-1,1
16862,111,106,5,5
16863,95,83,12,12
16864,129,117,12,12
16865,165,164,1,1
16866,139,117,22,22
16867,97,119,-22,22
16868,88,79,9,9
16869,64,66,-2,2
16870,83,71,12,12
16871,118,103,15,15
16872,81,72,9,9
16873,78,67,11,11
16874,164,152,12,12
16875,60,46,14,14
16876,23,32,-9,9
16877,60,55,5,5
16878,58,59,-1,1
16879,102,96,6,6
16880,100,88,12,12
16881,103,96,7,7
16882,98,81,17,17
16883,136,128,8,8
16884,110,99,11,11
16885,95,84,11,11
16886,113,102,11,11
16887,143,146,-3,3
16888,141,127,14,14
16889,117,98,19,19
16890,63,62,1,1
16891,83,65,18,18
16892,52,53,-1,1
16893,95,91,4,4
16894,85,79,6,6
16895,75,75,0,0
16896,137,121,16,16
16897,81,73,8,8
16898,55,48,7,7
16899,128,95,33,33
16900,135,110,25,25
16901,107,94,13,13
16902,68,65,3,3
16903,95,88,7,7
16904,131,112,19,19
16905,106,92,14,14
16906,84,90,-6,6
16907,120,113,7,7
16908,69,61,8,8
16909,93,91,2,2
16910,100,88,12,12
16911,152,134,18,18
16912,139,136,3,3
16913,109,97,12,12
16914,122,107,15,15
16915,70,62,8,8
16916,89,74,15,15
16917,81,66,15,15
16918,59,50,9,9
16919,74,62,12,12
16920,121,96,25,25
16921,88,73,15,15
16922,72,84,-12,12
16923,107,95,12,12
16924,47,54,-7,7
16925,105,92,13,13
16926,61,62,-1,1
16927,116,103,13,13
16928,110,91,19,19
16929,63,58,5,5
16930,121,102,19,19
16931,52,44,8,8
16932,92,69,23,23
16933,102,106,-4,4
16934,86,76,10,10
16935,171,172,-1,1
16936,97,90,7,7
16937,105,86,19,19
16938,127,109,18,18
16939,84,82,2,2
16940,99,81,18,18
16941,65,58,7,7
16942,86,65,21,21
16943,107,85,22,22
16944,84,74,10,10
16945,136,115,21,21
16946,82,69,13,13
16947,52,50,2,2
16948,103,107,-4,4
16949,102,93,9,9
16950,126,108,18,18
16951,185,156,29,29
16952,143,125,18,18
16953,48,54,-6,6
16954,142,109,33,33
16955,58,53,5,5
16956,164,150,14,14
16957,95,84,11,11
16958,191,174,17,17
16959,115,109,6,6
16960,58,52,6,6
16961,121,104,17,17
16962,101,84,17,17
16963,79,74,5,5
16964,84,76,8,8
16965,69,58,11,11
16966,153,140,13,13
16967,67,65,2,2
16968,69,76,-7,7
16969,71,69,2,2
16970,94,88,6,6
16971,110,100,10,10
16972,105,95,10,10
16973,88,83,5,5
16974,93,85,8,8
16975,70,63,7,7
16976,65,61,4,4
16977,62,57,5,5
16978,120,104,16,16
16979,55,40,15,15
16980,73,68,5,5
16981,102,87,15,15
16982,71,62,9,9
16983,111,116,-5,5
16984,156,143,13,13
16985,89,84,5,5
16986,67,60,7,7
16987,71,66,5,5
16988,71,63,8,8
16989,108,89,19,19
16990,72,67,5,5
16991,80,68,12,12
16992,104,76,28,28
16993,111,101,10,10
16994,58,50,8,8
16995,68,59,9,9
16996,92,79,13,13
16997,161,142,19,19
16998,107,88,19,19
16999,66,68,-2,2
17000,76,72,4,4
17001,105,94,11,11
17002,140,119,21,21
17003,77,65,12,12
17004,70,67,3,3
17005,133,115,18,18
17006,50,49,1,1
17007,66,61,5,5
17008,60,63,-3,3
17009,72,67,5,5
17010,123,98,25,25
17011,88,79,9,9
17012,110,95,15,15
17013,94,82,12,12
17014,88,76,12,12
17015,82,68,14,14
17016,107,112,-5,5
17017,69,61,8,8
17018,85,79,6,6
17019,81,75,6,6
17020,57,55,2,2
17021,124,102,22,22
17022,126,116,10,10
17023,59,43,16,16
17024,78,69,9,9
17025,112,106,6,6
17026,87,88,-1,1
17027,101,85,16,16
17028,101,88,13,13
17029,150,135,15,15
17030,135,114,21,21
17031,146,128,18,18
17032,61,55,6,6
17033,103,93,10,10
17034,134,114,20,20
17035,68,61,7,7
17036,84,70,14,14
17037,59,58,1,1
17038,115,101,14,14
17039,98,74,24,24
17040,118,121,-3,3
17041,97,88,9,9
17042,94,94,0,0
17043,143,122,21,21
17044,119,105,14,14
17045,82,78,4,4
17046,86,83,3,3
17047,79,75,4,4
17048,178,170,8,8
17049,151,125,26,26
17050,133,118,15,15
17051,71,68,3,3
17052,56,49,7,7
17053,61,54,7,7
17054,69,68,1,1
17055,95,89,6,6
17056,98,83,15,15
17057,88,81,7,7
17058,86,81,5,5
17059,79,76,3,3
17060,77,66,11,11
17061,88,93,-5,5
17062,110,93,17,17
17063,138,131,7,7
17064,98,97,1,1
17065,99,82,17,17
17066,73,67,6,6
17067,143,125,18,18
17068,44,39,5,5
17069,136,113,23,23
17070,150,129,21,21
17071,125,112,13,13
17072,134,115,19,19
17073,93,91,2,2
17074,107,93,14,14
17075,38,43,-5,5
17076,133,136,-3,3
17077,151,137,14,14
17078,104,99,5,5
17079,83,70,13,13
17080,124,95,29,29
17081,161,150,11,11
17082,72,61,11,11
17083,77,75,2,2
17084,111,100,11,11
17085,107,95,12,12
17086,107,99,8,8
17087,98,93,5,5
17088,168,152,16,16
17089,100,85,15,15
17090,70,64,6,6
17091,68,59,9,9
17092,74,56,18,18
17093,129,117,12,12
17094,121,106,15,15
17095,69,61,8,8
17096,121,109,12,12
17097,103,91,12,12
17098,187,164,23,23
17099,61,52,9,9
17100,81,68,13,13
17101,117,115,2,2
17102,46,46,0,0
17103,77,70,7,7
17104,85,78,7,7
17105,47,43,4,4
17106,81,69,12,12
17107,99,81,18,18
17108,152,140,12,12
17109,58,62,-4,4
17110,45,49,-4,4
17111,87,75,12,12
17112,100,74,26,26
17113,41,38,3,3
17114,184,147,37,37
17115,72,69,3,3
17116,38,40,-2,2
17117,79,89,-10,10
17118,98,77,21,21
17119,71,64,7,7
17120,62,56,6,6
17121,90,72,18,18
17122,97,76,21,21
17123,52,46,6,6
17124,74,61,13,13
17125,154,132,22,22
17126,99,85,14,14
17127,44,35,9,9
17128,85,73,12,12
17129,128,119,9,9
17130,128,103,25,25
17131,78,79,-1,1
17132,62,53,9,9
17133,112,107,5,5
17134,63,60,3,3
17135,88,78,10,10
17136,51,42,9,9
17137,129,114,15,15
17138,65,57,8,8
17139,56,50,6,6
17140,102,87,15,15
17141,87,73,14,14
17142,129,116,13,13
17143,61,59,2,2
17144,79,69,10,10
17145,57,62,-5,5
17146,171,138,33,33
17147,90,82,8,8
17148,96,82,14,14
17149,91,81,10,10
17150,47,49,-2,2
17151,87,91,-4,4
17152,86,87,-1,1
17153,133,122,11,11
17154,133,118,15,15
17155,89,86,3,3
17156,64,51,13,13
17157,54,48,6,6
17158,99,102,-3,3
17159,91,83,8,8
17160,76,71,5,5
17161,75,65,10,10
17162,72,62,10,10
17163,107,102,5,5
17164,39,34,5,5
17165,99,85,14,14
17166,121,103,18,18
17167,89,78,11,11
17168,132,119,13,13
17169,108,105,3,3
17170,84,65,19,19
17171,104,92,12,12
17172,68,59,9,9
17173,55,52,3,3
17174,74,58,16,16
17175,85,78,7,7
17176,63,53,10,10
17177,77,71,6,6
17178,103,94,9,9
17179,66,59,7,7
17180,77,63,14,14
17181,112,94,18,18
17182,127,124,3,3
17183,100,93,7,7
17184,59,60,-1,1
17185,111,93,18,18
17186,29,36,-7,7
17187,77,68,9,9
17188,98,89,9,9
17189,108,97,11,11
17190,196,172,24,24
17191,79,71,8,8
17192,150,138,12,12
17193,99,85,14,14
17194,73,63,10,10
17195,75,67,8,8
17196,62,57,5,5
17197,77,73,4,4
17198,100,78,22,22
17199,139,123,16,16
17200,80,73,7,7
17201,151,110,41,41
17202,125,114,11,11
17203,70,69,1,1
17204,141,120,21,21
17205,76,78,-2,2
17206,74,76,-2,2
17207,108,89,19,19
17208,146,116,30,30
17209,65,55,10,10
17210,92,93,-1,1
17211,98,86,12,12
17212,112,110,2,2
17213,155,126,29,29
17214,109,95,14,14
17215,127,108,19,19
17216,40,47,-7,7
17217,106,107,-1,1
17218,106,106,0,0
17219,68,61,7,7
17220,73,66,7,7
17221,69,59,10,10
17222,93,85,8,8
17223,95,84,11,11
17224,99,86,13,13
17225,108,91,17,17
17226,77,66,11,11
17227,76,66,10,10
17228,102,94,8,8
17229,117,102,15,15
17230,88,78,10,10
17231,82,74,8,8
17232,99,86,13,13
17233,147,122,25,25
17234,66,56,10,10
17235,79,61,18,18
17236,62,61,1,1
17237,175,158,17,17
17238,101,88,13,13
17239,64,61,3,3
17240,74,65,9,9
17241,72,81,-9,9
17242,64,60,4,4
17243,73,65,8,8
17244,48,49,-1,1
17245,186,162,24,24
17246,100,111,-11,11
17247,120,104,16,16
17248,53,55,-2,2
17249,120,101,19,19
17250,98,91,7,7
17251,34,36,-2,2
17252,97,85,12,12
17253,118,100,18,18
17254,128,103,25,25
17255,90,76,14,14
17256,63,60,3,3
17257,160,133,27,27
17258,177,137,40,40
17259,185,167,18,18
17260,104,94,10,10
17261,68,61,7,7
17262,119,111,8,8
17263,110,92,18,18
17264,67,54,13,13
17265,56,55,1,1
17266,160,136,24,24
17267,103,108,-5,5
17268,68,58,10,10
17269,112,103,9,9
17270,75,64,11,11
17271,101,96,5,5
17272,89,101,-12,12
17273,57,60,-3,3
17274,65,57,8,8
17275,95,91,4,4
17276,93,86,7,7
17277,100,84,16,16
17278,127,120,7,7
17279,105,85,20,20
17280,58,45,13,13
17281,70,67,3,3
17282,146,131,15,15
17283,90,72,18,18
17284,75,65,10,10
17285,92,79,13,13
17286,122,108,14,14
17287,77,70,7,7
17288,50,45,5,5
17289,69,63,6,6
17290,36,36,0,0
17291,97,81,16,16
17292,81,79,2,2
17293,127,121,6,6
17294,142,125,17,17
17295,98,92,6,6
17296,91,72,19,19
17297,84,73,11,11
17298,94,95,-1,1
17299,71,74,-3,3
17300,87,75,12,12
17301,109,94,15,15
17302,58,52,6,6
17303,63,59,4,4
17304,65,60,5,5
17305,45,37,8,8
17306,87,66,21,21
17307,64,59,5,5
17308,82,74,8,8
17309,156,142,14,14
17310,138,105,33,33
17311,76,73,3,3
17312,134,112,22,22
17313,115,101,14,14
17314,92,84,8,8
17315,126,114,12,12
17316,103,96,7,7
17317,56,52,4,4
17318,125,126,-1,1
17319,108,86,22,22
17320,69,66,3,3
17321,151,131,20,20
17322,88,84,4,4
17323,101,90,11,11
17324,165,154,11,11
17325,151,122,29,29
17326,82,73,9,9
17327,65,59,6,6
17328,93,86,7,7
17329,102,92,10,10
17330,71,66,5,5
17331,66,67,-1,1
17332,101,94,7,7
17333,109,91,18,18
17334,67,57,10,10
17335,150,131,19,19
17336,71,45,26,26
17337,93,89,4,4
17338,106,99,7,7
17339,127,113,14,14
17340,167,149,18,18
17341,67,64,3,3
17342,137,124,13,13
17343,90,79,11,11
17344,48,51,-3,3
17345,79,65,14,14
17346,72,69,3,3
17347,139,124,15,15
17348,81,74,7,7
17349,124,110,14,14
17350,114,95,19,19
17351,75,72,3,3
17352,73,64,9,9
17353,90,72,18,18
17354,156,141,15,15
17355,107,99,8,8
17356,88,77,11,11
17357,135,133,2,2
17358,120,97,23,23
17359,55,62,-7,7
17360,58,60,-2,2
17361,104,101,3,3
17362,53,45,8,8
17363,65,58,7,7
17364,71,66,5,5
17365,36,40,-4,4
17366,135,112,23,23
17367,159,145,14,14
17368,118,96,22,22
17369,93,80,13,13
17370,91,83,8,8
17371,66,65,1,1
17372,68,53,15,15
17373,81,72,9,9
17374,138,133,5,5
17375,68,63,5,5
17376,128,117,11,11
17377,97,97,0,0
17378,83,77,6,6
17379,194,163,31,31
17380,63,55,8,8
17381,68,56,12,12
17382,68,61,7,7
17383,89,86,3,3
17384,103,83,20,20
17385,113,109,4,4
17386,95,84,11,11
17387,93,73,20,20
17388,68,60,8,8
17389,57,44,13,13
17390,58,55,3,3
17391,174,147,27,27
17392,71,63,8,8
17393,106,88,18,18
17394,63,58,5,5
17395,63,51,12,12
17396,126,105,21,21
17397,104,89,15,15
17398,83,74,9,9
17399,80,75,5,5
17400,175,155,20,20
17401,77,87,-10,10
17402,146,130,16,16
17403,78,67,11,11
17404,114,93,21,21
17405,86,88,-2,2
17406,149,135,14,14
17407,170,149,21,21
17408,121,106,15,15
17409,61,52,9,9
17410,64,54,10,10
17411,67,54,13,13
17412,99,98,1,1
17413,185,159,26,26
17414,56,59,-3,3
17415,99,87,12,12
17416,75,75,0,0
17417,85,69,16,16
17418,92,79,13,13
17419,91,76,15,15
17420,80,68,12,12
17421,56,58,-2,2
17422,80,68,12,12
17423,135,114,21,21
17424,98,108,-10,10
17425,150,143,7,7
17426,53,57,-4,4
17427,106,93,13,13
17428,74,70,4,4
17429,196,152,44,44
17430,88,74,14,14
17431,47,41,6,6
17432,101,96,5,5
17433,110,95,15,15
17434,116,105,11,11
17435,96,90,6,6
17436,65,56,9,9
17437,55,45,10,10
17438,140,126,14,14
17439,94,80,14,14
17440,89,72,17,17
17441,101,87,14,14
17442,80,67,13,13
17443,112,95,17,17
17444,106,101,5,5
17445,103,98,5,5
17446,60,56,4,4
17447,95,94,1,1
17448,87,80,7,7
17449,45,43,2,2
17450,92,83,9,9
17451,108,90,18,18
17452,98,86,12,12
17453,62,57,5,5
17454,107,96,11,11
17455,74,61,13,13
17456,137,110,27,27
17457,75,66,9,9
17458,66,56,10,10
17459,100,78,22,22
17460,129,129,0,0
17461,79,69,10,10
17462,111,92,19,19
17463,88,87,1,1
17464,63,54,9,9
17465,95,88,7,7
17466,74,67,7,7
17467,108,94,14,14
17468,115,97,18,18
17469,96,83,13,13
17470,146,122,24,24
17471,178,155,23,23
17472,171,151,20,20
17473,171,138,33,33
17474,151,149,2,2
17475,90,83,7,7
17476,94,73,21,21
17477,89,71,18,18
17478,71,63,8,8
17479,223,191,32,32
17480,66,58,8,8
17481,116,103,13,13
17482,69,59,10,10
17483,153,132,21,21
17484,48,49,-1,1
17485,83,73,10,10
17486,177,152,25,25
17487,70,64,6,6
17488,80,76,4,4
17489,77,73,4,4
17490,69,56,13,13
17491,81,70,11,11
17492,115,105,10,10
17493,96,92,4,4
17494,94,79,15,15
17495,46,43,3,3
17496,88,92,-4,4
17497,90,74,16,16
17498,89,78,11,11
17499,65,58,7,7
17500,78,70,8,8
17501,76,67,9,9
17502,116,93,23,23
17503,127,109,18,18
17504,146,138,8,8
17505,89,86,3,3
17506,42,50,-8,8
17507,73,62,11,11
17508,61,58,3,3
17509,79,66,13,13
17510,105,90,15,15
17511,64,58,6,6
17512,115,104,11,11
17513,66,65,1,1
17514,75,67,8,8
17515,82,74,8,8
17516,46,50,-4,4
17517,106,97,9,9
17518,74,72,2,2
17519,58,59,-1,1
17520,89,83,6,6
17521,76,63,13,13
17522,90,75,15,15
17523,108,96,12,12
17524,89,88,1,1
17525,75,63,12,12
17526,98,84,14,14
17527,87,73,14,14
17528,65,61,4,4
17529,121,99,22,22
17530,63,61,2,2
17531,139,135,4,4
17532,80,71,9,9
17533,75,60,15,15
17534,64,61,3,3
17535,48,45,3,3
17536,115,101,14,14
17537,82,74,8,8
17538,120,107,13,13
17539,141,130,11,11
17540,67,42,25,25
17541,48,55,-7,7
17542,117,100,17,17
17543,173,157,16,16
17544,74,74,0,0
17545,53,48,5,5
17546,33,30,3,3
17547,79,72,7,7
17548,76,67,9,9
17549,119,97,22,22
17550,139,125,14,14
17551,77,64,13,13
17552,115,107,8,8
17553,67,69,-2,2
17554,105,86,19,19
17555,127,116,11,11
17556,84,74,10,10
17557,106,101,5,5
17558,79,77,2,2
17559,96,92,4,4
17560,82,69,13,13
17561,146,127,19,19
17562,98,91,7,7
17563,116,111,5,5
17564,42,40,2,2
17565,82,76,6,6
17566,71,62,9,9
17567,103,82,21,21
17568,60,55,5,5
17569,86,77,9,9
17570,137,115,22,22
17571,105,86,19,19
17572,68,66,2,2
17573,94,90,4,4
17574,190,162,28,28
17575,61,51,10,10
17576,112,96,16,16
17577,72,58,14,14
17578,137,113,24,24
17579,85,80,5,5
17580,190,166,24,24
17581,145,142,3,3
17582,100,94,6,6
17583,143,122,21,21
17584,81,78,3,3
17585,58,56,2,2
17586,79,81,-2,2
17587,119,103,16,16
17588,63,63,0,0
17589,106,90,16,16
17590,111,93,18,18
17591,90,82,8,8
17592,134,127,7,7
17593,129,100,29,29
17594,67,59,8,8
17595,128,118,10,10
17596,43,37,6,6
17597,58,52,6,6
17598,123,115,8,8
17599,63,55,8,8
17600,61,59,2,2
17601,74,55,19,19
17602,117,91,26,26
17603,132,100,32,32
17604,73,55,18,18
17605,127,113,14,14
17606,170,157,13,13
17607,101,92,9,9
17608,118,96,22,22
17609,73,63,10,10
17610,82,76,6,6
17611,100,88,12,12
17612,62,58,4,4
17613,80,66,14,14
17614,50,45,5,5
17615,68,62,6,6
17616,163,141,22,22
17617,49,46,3,3
17618,75,68,7,7
17619,133,113,20,20
17620,115,102,13,13
17621,102,95,7,7
17622,74,68,6,6
17623,161,136,25,25
17624,130,122,8,8
17625,122,103,19,19
17626,109,92,17,17
17627,120,118,2,2
17628,72,45,27,27
17629,90,85,5,5
17630,80,81,-1,1
17631,103,101,2,2
17632,134,116,18,18
17633,93,83,10,10
17634,82,72,10,10
17635,184,151,33,33
17636,84,75,9,9
17637,62,54,8,8
17638,65,58,7,7
17639,68,64,4,4
17640,118,107,11,11
17641,81,73,8,8
17642,116,107,9,9
17643,116,104,12,12
17644,85,72,13,13
17645,55,55,0,0
17646,91,77,14,14
17647,79,71,8,8
17648,24,39,-15,15
17649,155,134,21,21
17650,97,76,21,21
17651,69,68,1,1
17652,105,94,11,11
17653,158,150,8,8
17654,129,118,11,11
17655,115,98,17,17
17656,92,93,-1,1
17657,82,74,8,8
17658,100,90,10,10
17659,66,54,12,12
17660,46,46,0,0
17661,141,138,3,3
17662,128,112,16,16
17663,101,74,27,27
17664,103,87,16,16
17665,75,66,9,9
17666,125,111,14,14
17667,50,42,8,8
17668,67,58,9,9
17669,91,88,3,3
17670,95,86,9,9
17671,133,113,20,20
17672,124,110,14,14
17673,59,47,12,12
17674,138,119,19,19
17675,132,120,12,12
17676,109,96,13,13
17677,72,66,6,6
17678,84,76,8,8
17679,107,94,13,13
17680,73,77,-4,4
17681,76,67,9,9
17682,122,98,24,24
17683,107,100,7,7
17684,38,33,5,5
17685,127,106,21,21
17686,82,68,14,14
17687,189,158,31,31
17688,115,98,17,17
17689,100,87,13,13
17690,70,58,12,12
17691,81,60,21,21
17692,150,150,0,0
17693,94,78,16,16
17694,88,74,14,14
17695,81,75,6,6
17696,148,132,16,16
17697,75,78,-3,3
17698,90,74,16,16
17699,124,110,14,14
17700,46,44,2,2
17701,103,97,6,6
17702,101,84,17,17
17703,93,86,7,7
17704,105,95,10,10
17705,91,87,4,4
17706,138,124,14,14
17707,85,80,5,5
17708,102,87,15,15
17709,72,74,-2,2
17710,81,68,13,13
17711,118,105,13,13
17712,114,111,3,3
17713,118,100,18,18
17714,79,70,9,9
17715,149,127,22,22
17716,74,72,2,2
17717,46,41,5,5
17718,76,64,12,12
17719,80,72,8,8
17720,124,127,-3,3
17721,126,121,5,5
17722,57,45,12,12
17723,91,91,0,0
17724,206,171,35,35
17725,122,99,23,23
17726,89,84,5,5
17727,108,98,10,10
17728,170,147,23,23
17729,89,79,10,10
17730,90,75,15,15
17731,85,79,6,6
17732,80,64,16,16
17733,105,81,24,24
17734,84,62,22,22
17735,97,85,12,12
17736,60,56,4,4
17737,39,41,-2,2
17738,103,87,16,16
17739,122,111,11,11
17740,105,97,8,8
17741,72,71,1,1
17742,72,71,1,1
17743,126,109,17,17
17744,113,95,18,18
17745,88,77,11,11
17746,121,111,10,10
17747,88,79,9,9
17748,72,61,11,11
17749,65,66,-1,1
17750,74,69,5,5
17751,112,106,6,6
17752,53,49,4,4
17753,138,120,18,18
17754,108,98,10,10
17755,65,57,8,8
17756,72,69,3,3
17757,122,102,20,20
17758,48,49,-1,1
17759,93,82,11,11
17760,124,107,17,17
17761,92,81,11,11
17762,66,59,7,7
17763,69,61,8,8
17764,144,142,2,2
17765,103,96,7,7
17766,96,83,13,13
17767,107,93,14,14
17768,129,116,13,13
17769,60,51,9,9
17770,72,63,9,9
17771,53,47,6,6
17772,117,89,28,28
17773,109,102,7,7
17774,73,61,12,12
17775,121,103,18,18
17776,193,170,23,23
17777,69,66,3,3
17778,80,61,19,19
17779,135,109,26,26
17780,47,43,4,4
17781,75,64,11,11
17782,135,133,2,2
17783,97,83,14,14
17784,76,71,5,5
17785,108,96,12,12
17786,110,101,9,9
17787,87,82,5,5
17788,59,55,4,4
17789,163,143,20,20
17790,80,70,10,10
17791,169,143,26,26
17792,91,82,9,9
17793,122,106,16,16
17794,97,85,12,12
17795,63,63,0,0
17796,139,130,9,9
17797,76,64,12,12
17798,80,71,9,9
17799,79,68,11,11
17800,112,100,12,12
17801,94,84,10,10
17802,103,95,8,8
17803,53,53,0,0
17804,70,66,4,4
17805,156,145,11,11
17806,29,52,-23,23
17807,128,123,5,5
17808,125,111,14,14
17809,126,98,28,28
17810,50,47,3,3
17811,152,137,15,15
17812,195,150,45,45
17813,76,75,1,1
17814,87,76,11,11
17815,80,67,13,13
17816,66,57,9,9
17817,72,62,10,10
17818,104,101,3,3
17819,67,58,9,9
17820,109,99,10,10
17821,146,129,17,17
17822,59,62,-3,3
17823,78,66,12,12
17824,73,66,7,7
17825,139,123,16,16
17826,103,87,16,16
17827,112,108,4,4
17828,99,80,19,19
17829,68,67,1,1
17830,53,39,14,14
17831,152,117,35,35
17832,55,47,8,8
17833,96,91,5,5
17834,78,71,7,7
17835,69,83,-14,14
17836,54,44,10,10
17837,118,100,18,18
17838,120,96,24,24
17839,45,59,-14,14
17840,94,79,15,15
17841,141,129,12,12
17842,81,78,3,3
17843,85,81,4,4
17844,100,91,9,9
17845,104,94,10,10
17846,189,155,34,34
17847,79,65,14,14
17848,98,89,9,9
17849,53,49,4,4
17850,139,117,22,22
17851,96,100,-4,4
17852,75,67,8,8
17853,74,73,1,1
17854,142,132,10,10
17855,135,141,-6,6
17856,40,36,4,4
17857,176,145,31,31
17858,55,51,4,4
17859,70,71,-1,1
17860,71,64,7,7
17861,55,56,-1,1
17862,168,153,15,15
17863,146,122,24,24
17864,111,103,8,8
17865,117,90,27,27
17866,64,59,5,5
17867,106,87,19,19
17868,110,88,22,22
17869,79,71,8,8
17870,95,79,16,16
17871,121,104,17,17
17872,129,118,11,11
17873,98,78,20,20
17874,60,55,5,5
17875,53,48,5,5
17876,121,99,22,22
17877,112,118,-6,6
17878,54,51,3,3
17879,76,69,7,7
17880,126,121,5,5
17881,131,109,22,22
17882,45,47,-2,2
17883,135,122,13,13
17884,95,76,19,19
17885,80,66,14,14
17886,96,84,12,12
17887,143,121,22,22
17888,59,52,7,7
17889,140,127,13,13
17890,73,66,7,7
17891,109,100,9,9
17892,116,119,-3,3
17893,42,40,2,2
17894,44,36,8,8
17895,151,133,18,18
17896,109,105,4,4
17897,106,84,22,22
17898,131,94,37,37
17899,139,120,19,19
17900,77,66,11,11
17901,127,108,19,19
17902,79,80,-1,1
17903,140,125,15,15
17904,63,52,11,11
17905,121,114,7,7
17906,65,58,7,7
17907,146,136,10,10
17908,110,92,18,18
17909,101,93,8,8
17910,35,33,2,2
17911,105,92,13,13
17912,154,148,6,6
17913,72,62,10,10
17914,98,94,4,4
17915,126,123,3,3
17916,142,127,15,15
17917,98,105,-7,7
17918,82,78,4,4
17919,86,84,2,2
17920,79,64,15,15
17921,111,90,21,21
17922,74,64,10,10
17923,58,50,8,8
17924,48,47,1,1
17925,74,64,10,10
17926,123,110,13,13
17927,40,41,-1,1
17928,80,56,24,24
17929,63,47,16,16
17930,115,87,28,28
17931,107,101,6,6
17932,80,68,12,12
17933,85,75,10,10
17934,166,145,21,21
17935,71,72,-1,1
17936,56,59,-3,3
17937,48,48,0,0
17938,96,80,16,16
17939,54,49,5,5
17940,124,113,11,11
17941,92,88,4,4
17942,51,48,3,3
17943,62,59,3,3
17944,89,73,16,16
17945,141,121,20,20
17946,87,62,25,25
17947,75,77,-2,2
17948,81,71,10,10
17949,65,76,-11,11
17950,90,71,19,19
17951,85,74,11,11
17952,71,68,3,3
17953,61,58,3,3
17954,104,91,13,13
17955,98,94,4,4
17956,68,64,4,4
17957,77,63,14,14
17958,90,78,12,12
17959,71,76,-5,5
17960,59,64,-5,5
17961,109,92,17,17
17962,105,97,8,8
17963,175,153,22,22
17964,83,83,0,0
17965,139,117,22,22
17966,68,61,7,7
17967,88,84,4,4
17968,75,61,14,14
17969,104,100,4,4
17970,126,103,23,23
17971,91,85,6,6
17972,94,88,6,6
17973,89,73,16,16
17974,41,40,1,1
17975,91,97,-6,6
17976,81,70,11,11
17977,72,65,7,7
17978,146,120,26,26
17979,80,71,9,9
17980,141,104,37,37
17981,104,87,17,17
17982,111,89,22,22
17983,115,103,12,12
17984,67,56,11,11
17985,132,115,17,17
17986,118,108,10,10
17987,79,66,13,13
17988,67,69,-2,2
17989,158,123,35,35
17990,90,76,14,14
17991,78,68,10,10
17992,52,45,7,7
17993,67,61,6,6
17994,57,59,-2,2
17995,93,85,8,8
17996,73,64,9,9
17997,100,96,4,4
17998,150,122,28,28
17999,68,58,10,10
18000,74,69,5,5
18001,100,90,10,10
18002,92,91,1,1
18003,101,96,5,5
18004,96,80,16,16
18005,161,138,23,23
18006,71,67,4,4
18007,97,85,12,12
18008,62,57,5,5
18009,70,65,5,5
18010,106,91,15,15
18011,67,64,3,3
18012,56,55,1,1
18013,75,63,12,12
18014,47,42,5,5
18015,78,65,13,13
18016,62,50,12,12
18017,68,56,12,12
18018,106,92,14,14
18019,125,102,23,23
18020,84,89,-5,5
18021,107,94,13,13
18022,63,55,8,8
18023,76,79,-3,3
18024,98,80,18,18
18025,139,106,33,33
18026,94,85,9,9
18027,142,129,13,13
18028,121,108,13,13
18029,79,72,7,7
18030,123,112,11,11
18031,82,73,9,9
18032,174,158,16,16
18033,116,115,1,1
18034,51,51,0,0
18035,157,129,28,28
18036,57,52,5,5
18037,71,56,15,15
18038,30,29,1,1
18039,102,92,10,10
18040,140,118,22,22
18041,156,147,9,9
18042,44,37,7,7
18043,157,138,19,19
18044,91,83,8,8
18045,111,109,2,2
18046,107,97,10,10
18047,83,77,6,6
18048,83,72,11,11
18049,103,89,14,14
18050,84,70,14,14
18051,79,73,6,6
18052,119,95,24,24
18053,66,63,3,3
18054,34,40,-6,6
18055,134,117,17,17
18056,108,95,13,13
18057,60,61,-1,1
18058,33,31,2,2
18059,105,98,7,7
18060,71,71,0,0
18061,92,87,5,5
18062,62,56,6,6
18063,54,53,1,1
18064,85,77,8,8
18065,154,126,28,28
18066,109,92,17,17
18067,120,124,-4,4
18068,55,46,9,9
18069,102,105,-3,3
18070,58,50,8,8
18071,34,33,1,1
18072,91,82,9,9
18073,110,93,17,17
18074,117,97,20,20
18075,102,115,-13,13
18076,95,81,14,14
18077,38,40,-2,2
18078,88,75,13,13
18079,107,90,17,17
18080,113,100,13,13
18081,58,52,6,6
18082,56,54,2,2
18083,68,62,6,6
18084,59,53,6,6
18085,169,162,7,7
18086,70,59,11,11
18087,117,97,20,20
18088,84,73,11,11
18089,150,145,5,5
18090,123,119,4,4
18091,72,68,4,4
18092,108,100,8,8
18093,87,76,11,11
18094,123,134,-11,11
18095,79,73,6,6
18096,112,114,-2,2
18097,77,66,11,11
18098,123,107,16,16
18099,109,107,2,2
18100,82,66,16,16
18101,57,50,7,7
18102,120,99,21,21
18103,117,114,3,3
18104,53,44,9,9
18105,72,71,1,1
18106,90,74,16,16
18107,92,96,-4,4
18108,88,74,14,14
18109,55,67,-12,12
18110,62,47,15,15
18111,108,102,6,6
18112,85,63,22,22
18113,66,68,-2,2
18114,165,156,9,9
18115,124,119,5,5
18116,75,77,-2,2
18117,54,46,8,8
18118,141,127,14,14
18119,67,57,10,10
18120,94,89,5,5
18121,102,99,3,3
18122,119,112,7,7
18123,53,53,0,0
18124,122,120,2,2
18125,60,59,1,1
18126,88,80,8,8
18127,101,93,8,8
18128,64,56,8,8
18129,48,55,-7,7
18130,75,59,16,16
18131,53,62,-9,9
18132,123,97,26,26
18133,90,81,9,9
18134,137,129,8,8
18135,95,90,5,5
18136,88,95,-7,7
18137,106,102,4,4
18138,155,136,19,19
18139,75,53,22,22
18140,62,56,6,6
18141,91,73,18,18
18142,58,50,8,8
18143,51,57,-6,6
18144,120,111,9,9
18145,94,86,8,8
18146,112,96,16,16
18147,84,90,-6,6
18148,67,66,1,1
18149,83,74,9,9
18150,162,141,21,21
18151,122,108,14,14
18152,36,34,2,2
18153,127,109,18,18
18154,75,80,-5,5
18155,119,95,24,24
18156,147,140,7,7
18157,105,92,13,13
18158,55,51,4,4
18159,90,77,13,13
18160,57,53,4,4
18161,100,90,10,10
18162,63,46,17,17
18163,58,56,2,2
18164,140,136,4,4
18165,107,93,14,14
18166,71,69,2,2
18167,145,132,13,13
18168,64,62,2,2
18169,94,73,21,21
18170,71,62,9,9
18171,68,65,3,3
18172,109,91,18,18
18173,67,61,6,6
18174,81,72,9,9
18175,101,83,18,18
18176,135,114,21,21
18177,60,51,9,9
18178,154,131,23,23
18179,131,111,20,20
18180,97,79,18,18
18181,65,57,8,8
18182,132,116,16,16
18183,95,88,7,7
18184,97,79,18,18
18185,122,103,19,19
18186,80,77,3,3
18187,89,75,14,14
18188,97,75,22,22
18189,106,94,12,12
18190,101,92,9,9
18191,116,116,0,0
18192,70,80,-10,10
18193,44,45,-1,1
18194,149,132,17,17
18195,95,85,10,10
18196,79,68,11,11
18197,114,105,9,9
18198,77,62,15,15
18199,121,104,17,17
18200,80,72,8,8
18201,117,98,19,19
18202,150,129,21,21
18203,85,73,12,12
18204,72,71,1,1
18205,112,96,16,16
18206,91,80,11,11
18207,61,49,12,12
18208,126,109,17,17
18209,78,67,11,11
18210,129,116,13,13
18211,71,67,4,4
18212,72,70,2,2
18213,166,145,21,21
18214,134,120,14,14
18215,36,33,3,3
18216,63,63,0,0
18217,73,61,12,12
18218,88,81,7,7
18219,88,87,1,1
18220,113,108,5,5
18221,138,121,17,17
18222,88,63,25,25
18223,127,116,11,11
18224,216,193,23,23
18225,108,98,10,10
18226,137,123,14,14
18227,66,73,-7,7
18228,68,66,2,2
18229,100,83,17,17
18230,50,44,6,6
18231,130,121,9,9
18232,100,97,3,3
18233,201,155,46,46
18234,53,45,8,8
18235,65,60,5,5
18236,60,51,9,9
18237,177,158,19,19
18238,88,73,15,15
18239,64,57,7,7
18240,141,132,9,9
18241,87,83,4,4
18242,144,126,18,18
18243,118,95,23,23
18244,84,78,6,6
18245,80,75,5,5
18246,131,123,8,8
18247,61,56,5,5
18248,93,80,13,13
18249,78,77,1,1
18250,58,49,9,9
18251,99,81,18,18
18252,107,88,19,19
18253,119,106,13,13
18254,104,102,2,2
18255,87,86,1,1
18256,88,75,13,13
18257,131,118,13,13
18258,126,112,14,14
18259,125,102,23,23
18260,99,97,2,2
18261,127,113,14,14
18262,34,46,-12,12
18263,77,61,16,16
18264,88,81,7,7
18265,106,109,-3,3
18266,104,91,13,13
18267,78,76,2,2
18268,78,69,9,9
18269,211,172,39,39
18270,68,44,24,24
18271,110,98,12,12
18272,86,75,11,11
18273,102,94,8,8
18274,82,70,12,12
18275,57,50,7,7
18276,106,97,9,9
18277,52,52,0,0
18278,60,52,8,8
18279,78,74,4,4
18280,66,51,15,15
18281,134,117,17,17
18282,61,59,2,2
18283,88,77,11,11
18284,95,87,8,8
18285,79,71,8,8
18286,109,98,11,11
18287,74,68,6,6
18288,82,67,15,15
18289,77,71,6,6
18290,89,78,11,11
18291,115,99,16,16
18292,64,60,4,4
18293,143,126,17,17
18294,189,159,30,30
18295,27,30,-3,3
18296,82,80,2,2
18297,127,126,1,1
18298,121,97,24,24
18299,103,93,10,10
18300,55,51,4,4
18301,163,145,18,18
18302,93,86,7,7
18303,95,83,12,12
18304,123,115,8,8
18305,59,54,5,5
18306,112,92,20,20
18307,76,69,7,7
18308,77,75,2,2
18309,62,59,3,3
18310,71,68,3,3
18311,60,51,9,9
18312,141,132,9,9
18313,91,83,8,8
18314,96,82,14,14
18315,58,55,3,3
18316,93,81,12,12
18317,165,149,16,16
18318,199,180,19,19
18319,98,88,10,10
18320,152,143,9,9
18321,81,66,15,15
18322,93,80,13,13
18323,122,104,18,18
18324,83,74,9,9
18325,82,80,2,2
18326,61,54,7,7
18327,87,82,5,5
18328,44,30,14,14
18329,90,89,1,1
18330,50,53,-3,3
18331,122,104,18,18
18332,82,76,6,6
18333,101,95,6,6
18334,93,86,7,7
18335,132,108,24,24
18336,111,107,4,4
18337,96,74,22,22
18338,47,44,3,3
18339,113,104,9,9
18340,182,160,22,22
18341,107,115,-8,8
18342,99,98,1,1
18343,72,72,0,0
18344,84,81,3,3
18345,55,52,3,3
18346,154,146,8,8
18347,39,38,1,1
18348,107,92,15,15
18349,89,86,3,3
18350,114,100,14,14
18351,99,92,7,7
18352,76,69,7,7
18353,61,55,6,6
18354,112,91,21,21
18355,79,71,8,8
18356,81,70,11,11
18357,80,75,5,5
18358,49,61,-12,12
18359,48,41,7,7
18360,113,100,13,13
18361,91,81,10,10
18362,76,70,6,6
18363,144,137,7,7
18364,67,57,10,10
18365,81,65,16,16
18366,111,98,13,13
18367,78,63,15,15
18368,53,49,4,4
18369,77,73,4,4
18370,71,76,-5,5
18371,76,64,12,12
18372,65,60,5,5
18373,90,82,8,8
18374,165,145,20,20
18375,188,170,18,18
18376,58,144,-86,86
18377,81,74,7,7
18378,65,62,3,3
18379,91,86,5,5
18380,116,108,8,8
18381,145,122,23,23
18382,111,94,17,17
18383,146,127,19,19
18384,119,100,19,19
18385,91,83,8,8
18386,116,106,10,10
18387,48,40,8,8
18388,107,106,1,1
18389,63,61,2,2
18390,120,99,21,21
18391,86,73,13,13
18392,93,84,9,9
18393,89,83,6,6
18394,95,82,13,13
18395,90,76,14,14
18396,104,89,15,15
18397,144,129,15,15
18398,119,97,22,22
18399,82,75,7,7
18400,61,61,0,0
18401,93,87,6,6
18402,142,122,20,20
18403,73,63,10,10
18404,133,108,25,25
18405,128,123,5,5
18406,104,91,13,13
18407,90,82,8,8
18408,88,84,4,4
18409,65,69,-4,4
18410,102,86,16,16
18411,176,147,29,29
18412,90,88,2,2
18413,241,202,39,39
18414,115,92,23,23
18415,69,60,9,9
18416,94,76,18,18
18417,123,107,16,16
18418,96,98,-2,2
18419,90,86,4,4
18420,59,54,5,5
18421,76,67,9,9
18422,72,63,9,9
18423,70,63,7,7
18424,67,56,11,11
18425,83,76,7,7
18426,205,171,34,34
18427,62,60,2,2
18428,214,185,29,29
18429,79,66,13,13
18430,142,120,22,22
18431,88,75,13,13
18432,107,102,5,5
18433,120,101,19,19
18434,108,96,12,12
18435,102,86,16,16
18436,64,57,7,7
18437,86,82,4,4
18438,70,65,5,5
18439,130,96,34,34
18440,97,79,18,18
18441,85,80,5,5
18442,67,57,10,10
18443,142,110,32,32
18444,48,48,0,0
18445,88,73,15,15
18446,123,116,7,7
18447,69,68,1,1
18448,92,80,12,12
18449,69,65,4,4
18450,45,39,6,6
18451,64,59,5,5
18452,84,68,16,16
18453,131,115,16,16
18454,78,72,6,6
18455,32,35,-3,3
18456,85,71,14,14
18457,100,84,16,16
18458,99,74,25,25
18459,125,107,18,18
18460,91,73,18,18
18461,196,172,24,24
18462,94,110,-16,16
18463,54,46,8,8
18464,134,116,18,18
18465,168,142,26,26
18466,64,56,8,8
18467,73,68,5,5
18468,96,80,16,16
18469,82,62,20,20
18470,48,44,4,4
18471,65,63,2,2
18472,121,115,6,6
18473,102,95,7,7
18474,69,58,11,11
18475,92,80,12,12
18476,79,69,10,10
18477,107,100,7,7
18478,76,80,-4,4
18479,73,69,4,4
18480,75,63,12,12
18481,150,143,7,7
18482,149,130,19,19
18483,144,122,22,22
18484,113,99,14,14
18485,62,63,-1,1
18486,108,98,10,10
18487,103,99,4,4
18488,58,60,-2,2
18489,42,47,-5,5
18490,115,93,22,22
18491,58,79,-21,21
18492,115,92,23,23
18493,109,91,18,18
18494,51,36,15,15
18495,70,62,8,8
18496,68,80,-12,12
18497,143,131,12,12
18498,83,65,18,18
18499,116,98,18,18
18500,45,40,5,5
18501,90,79,11,11
18502,67,58,9,9
18503,100,92,8,8
18504,113,105,8,8
18505,30,43,-13,13
18506,98,89,9,9
18507,67,62,5,5
18508,53,51,2,2
18509,105,95,10,10
18510,123,118,5,5
18511,57,51,6,6
18512,125,102,23,23
18513,98,84,14,14
18514,111,99,12,12
18515,122,108,14,14
18516,117,107,10,10
18517,74,69,5,5
18518,84,73,11,11
18519,143,126,17,17
18520,121,102,19,19
18521,121,106,15,15
18522,99,89,10,10
18523,103,85,18,18
18524,104,78,26,26
18525,63,50,13,13
18526,222,173,49,49
18527,113,92,21,21
18528,88,80,8,8
18529,122,90,32,32
18530,109,109,0,0
18531,72,61,11,11
18532,64,54,10,10
18533,144,124,20,20
18534,82,71,11,11
18535,82,80,2,2
18536,162,143,19,19
18537,112,110,2,2
18538,62,55,7,7
18539,78,85,-7,7
18540,48,41,7,7
18541,90,81,9,9
18542,130,107,23,23
18543,70,64,6,6
18544,141,135,6,6
18545,138,124,14,14
18546,126,86,40,40
18547,71,65,6,6
18548,89,85,4,4
18549,138,121,17,17
18550,70,59,11,11
18551,123,103,20,20
18552,72,68,4,4
18553,107,100,7,7
18554,58,45,13,13
18555,90,76,14,14
18556,136,125,11,11
18557,163,147,16,16
18558,108,90,18,18
18559,83,60,23,23
18560,117,104,13,13
18561,142,126,16,16
18562,69,60,9,9
18563,100,81,19,19
18564,211,178,33,33
18565,148,143,5,5
18566,82,69,13,13
18567,86,80,6,6
18568,201,177,24,24
18569,113,110,3,3
18570,126,116,10,10
18571,64,56,8,8
18572,98,85,13,13
18573,51,49,2,2
18574,93,93,0,0
18575,60,55,5,5
18576,82,71,11,11
18577,95,101,-6,6
18578,94,77,17,17
18579,81,70,11,11
18580,111,99,12,12
18581,63,66,-3,3
18582,55,50,5,5
18583,142,126,16,16
18584,139,125,14,14
18585,118,104,14,14
18586,209,170,39,39
18587,73,62,11,11
18588,103,93,10,10
18589,118,111,7,7
18590,124,111,13,13
18591,79,81,-2,2
18592,124,106,18,18
18593,129,116,13,13
18594,91,76,15,15
18595,83,80,3,3
18596,120,100,20,20
18597,91,74,17,17
18598,101,87,14,14
18599,117,100,17,17
18600,154,132,22,22
18601,83,74,9,9
18602,113,107,6,6
18603,83,77,6,6
18604,106,105,1,1
18605,47,48,-1,1
18606,63,57,6,6
18607,99,86,13,13
18608,47,59,-12,12
18609,111,95,16,16
18610,111,94,17,17
18611,152,132,20,20
18612,91,95,-4,4
18613,111,102,9,9
18614,103,104,-1,1
18615,80,75,5,5
18616,133,116,17,17
18617,83,73,10,10
18618,67,59,8,8
18619,124,118,6,6
18620,93,93,0,0
18621,80,71,9,9
18622,64,62,2,2
18623,74,73,1,1
18624,92,83,9,9
18625,122,103,19,19
18626,92,94,-2,2
18627,111,102,9,9
18628,148,118,30,30
18629,102,89,13,13
18630,101,86,15,15
18631,89,77,12,12
18632,94,92,2,2
18633,78,70,8,8
18634,88,71,17,17
18635,87,81,6,6
18636,59,43,16,16
18637,75,71,4,4
18638,101,96,5,5
18639,96,91,5,5
18640,64,61,3,3
18641,106,94,12,12
18642,90,82,8,8
18643,95,93,2,2
18644,107,98,9,9
18645,95,87,8,8
18646,78,77,1,1
18647,124,144,-20,20
18648,142,129,13,13
18649,73,58,15,15
18650,111,99,12,12
18651,92,69,23,23
18652,205,168,37,37
18653,93,73,20,20
18654,87,88,-1,1
18655,43,44,-1,1
18656,51,51,0,0
18657,102,93,9,9
18658,85,88,-3,3
18659,152,136,16,16
18660,69,64,5,5
18661,47,45,2,2
18662,52,52,0,0
18663,94,90,4,4
18664,149,130,19,19
18665,81,61,20,20
18666,96,78,18,18
18667,88,77,11,11
18668,81,71,10,10
18669,129,114,15,15
18670,107,121,-14,14
18671,93,72,21,21
18672,90,79,11,11
18673,72,71,1,1
18674,82,68,14,14
18675,73,66,7,7
18676,102,94,8,8
18677,52,51,1,1
18678,79,80,-1,1
18679,131,112,19,19
18680,56,48,8,8
18681,58,46,12,12
18682,66,55,11,11
18683,58,55,3,3
18684,76,71,5,5
18685,83,71,12,12
18686,84,76,8,8
18687,100,86,14,14
18688,114,94,20,20
18689,112,103,9,9
18690,104,87,17,17
18691,110,104,6,6
18692,160,154,6,6
18693,98,89,9,9
18694,122,111,11,11
18695,39,35,4,4
18696,120,112,8,8
18697,84,76,8,8
18698,64,73,-9,9
18699,87,84,3,3
18700,102,89,13,13
18701,87,79,8,8
18702,76,62,14,14
18703,132,119,13,13
18704,65,54,11,11
18705,136,110,26,26
18706,87,68,19,19
18707,93,79,14,14
18708,130,109,21,21
18709,96,85,11,11
18710,93,79,14,14
18711,67,66,1,1
18712,116,103,13,13
18713,81,79,2,2
18714,107,101,6,6
18715,70,50,20,20
18716,113,99,14,14
18717,78,75,3,3
18718,93,78,15,15
18719,62,60,2,2
18720,43,40,3,3
18721,81,71,10,10
18722,85,78,7,7
18723,128,106,22,22
18724,110,102,8,8
18725,37,33,4,4
18726,66,66,0,0
18727,56,45,11,11
18728,95,84,11,11
18729,95,86,9,9
18730,92,80,12,12
18731,99,94,5,5
18732,75,73,2,2
18733,186,150,36,36
18734,30,30,0,0
18735,63,57,6,6
18736,60,50,10,10
18737,38,41,-3,3
18738,70,71,-1,1
18739,85,72,13,13
18740,71,44,27,27
18741,122,116,6,6
18742,45,36,9,9
18743,94,81,13,13
18744,133,115,18,18
18745,89,73,16,16
18746,85,70,15,15
18747,80,71,9,9
18748,141,119,22,22
18749,108,98,10,10
18750,39,49,-10,10
18751,85,91,-6,6
18752,99,92,7,7
18753,81,70,11,11
18754,123,111,12,12
18755,98,86,12,12
18756,81,74,7,7
18757,110,101,9,9
18758,64,62,2,2
18759,75,76,-1,1
18760,59,49,10,10
18761,66,65,1,1
18762,81,50,31,31
18763,92,84,8,8
18764,115,102,13,13
18765,129,119,10,10
18766,99,87,12,12
18767,72,68,4,4
18768,91,86,5,5
18769,69,65,4,4
18770,80,65,15,15
18771,89,86,3,3
18772,92,88,4,4
18773,95,85,10,10
18774,166,135,31,31
18775,61,51,10,10
18776,59,43,16,16
18777,42,46,-4,4
18778,53,52,1,1
18779,101,88,13,13
18780,90,77,13,13
18781,116,102,14,14
18782,83,65,18,18
18783,89,80,9,9
18784,121,109,12,12
18785,74,58,16,16
18786,113,95,18,18
18787,85,78,7,7
18788,137,124,13,13
18789,72,72,0,0
18790,78,61,17,17
18791,113,112,1,1
18792,144,106,38,38
18793,54,49,5,5
18794,74,61,13,13
18795,72,63,9,9
18796,73,68,5,5
18797,163,138,25,25
18798,96,91,5,5
18799,90,80,10,10
18800,64,56,8,8
18801,61,59,2,2
18802,79,70,9,9
18803,118,112,6,6
18804,70,58,12,12
18805,108,97,11,11
18806,83,95,-12,12
18807,55,46,9,9
18808,139,129,10,10
18809,49,43,6,6
18810,159,135,24,24
18811,30,32,-2,2
18812,111,107,4,4
18813,112,99,13,13
18814,149,141,8,8
18815,104,89,15,15
18816,166,128,38,38
18817,76,64,12,12
18818,128,125,3,3
18819,54,52,2,2
18820,99,92,7,7
18821,53,45,8,8
18822,98,87,11,11
18823,94,88,6,6
18824,144,128,16,16
18825,47,39,8,8
18826,124,120,4,4
18827,137,140,-3,3
18828,55,43,12,12
18829,79,62,17,17
18830,103,95,8,8
18831,67,62,5,5
18832,45,39,6,6
18833,129,108,21,21
18834,33,48,-15,15
18835,108,98,10,10
18836,68,57,11,11
18837,165,141,24,24
18838,108,88,20,20
18839,142,108,34,34
18840,108,102,6,6
18841,56,56,0,0
18842,73,68,5,5
18843,121,107,14,14
18844,139,133,6,6
18845,124,108,16,16
18846,59,52,7,7
18847,98,106,-8,8
18848,42,36,6,6
18849,94,90,4,4
18850,120,101,19,19
18851,64,63,1,1
18852,52,52,0,0
18853,193,166,27,27
18854,99,84,15,15
18855,73,69,4,4
18856,166,128,38,38
18857,116,103,13,13
18858,69,71,-2,2
18859,67,59,8,8
18860,81,62,19,19
18861,112,95,17,17
18862,120,95,25,25
18863,67,50,17,17
18864,105,80,25,25
18865,146,123,23,23
18866,110,91,19,19
18867,90,78,12,12
18868,94,76,18,18
18869,106,108,-2,2
18870,95,86,9,9
18871,112,102,10,10
18872,104,88,16,16
18873,60,62,-2,2
18874,93,70,23,23
18875,171,157,14,14
18876,57,43,14,14
18877,106,87,19,19
18878,83,80,3,3
18879,65,50,15,15
18880,111,99,12,12
18881,117,110,7,7
18882,71,66,5,5
18883,46,48,-2,2
18884,87,95,-8,8
18885,80,69,11,11
18886,58,54,4,4
18887,47,67,-20,20
18888,196,162,34,34
18889,100,94,6,6
18890,122,115,7,7
18891,126,116,10,10
18892,61,53,8,8
18893,68,67,1,1
18894,90,89,1,1
18895,96,86,10,10
18896,154,143,11,11
18897,153,139,14,14
18898,83,74,9,9
18899,130,114,16,16
18900,110,92,18,18
18901,122,107,15,15
18902,85,72,13,13
18903,55,46,9,9
18904,85,74,11,11
18905,122,110,12,12
18906,71,63,8,8
18907,149,130,19,19
18908,101,89,12,12
18909,81,83,-2,2
18910,95,86,9,9
18911,120,105,15,15
18912,137,131,6,6
18913,132,133,-1,1
18914,83,67,16,16
18915,121,99,22,22
18916,121,104,17,17
18917,125,129,-4,4
18918,81,78,3,3
18919,137,126,11,11
18920,89,79,10,10
18921,113,99,14,14
18922,23,43,-20,20
18923,123,94,29,29
18924,172,159,13,13
18925,64,57,7,7
18926,122,120,2,2
18927,67,60,7,7
18928,86,76,10,10
18929,42,47,-5,5
18930,126,110,16,16
18931,148,122,26,26
18932,81,68,13,13
18933,78,70,8,8
18934,74,63,11,11
18935,52,51,1,1
18936,67,61,6,6
18937,69,60,9,9
18938,76,74,2,2
18939,56,51,5,5
18940,103,102,1,1
18941,86,85,1,1
18942,67,61,6,6
18943,74,70,4,4
18944,61,55,6,6
18945,42,47,-5,5
18946,106,91,15,15
18947,59,51,8,8
18948,65,56,9,9
18949,148,140,8,8
18950,161,137,24,24
18951,140,122,18,18
18952,140,120,20,20
18953,70,67,3,3
18954,157,137,20,20
18955,70,72,-2,2
18956,110,104,6,6
18957,132,141,-9,9
18958,40,41,-1,1
18959,115,97,18,18
18960,165,146,19,19
18961,46,56,-10,10
18962,108,107,1,1
18963,145,130,15,15
18964,153,127,26,26
18965,64,58,6,6
18966,104,95,9,9
18967,104,80,24,24
18968,103,84,19,19
18969,99,98,1,1
18970,58,58,0,0
18971,78,66,12,12
18972,116,106,10,10
18973,95,99,-4,4
18974,77,66,11,11
18975,100,83,17,17
18976,147,126,21,21
18977,73,67,6,6
18978,90,83,7,7
18979,91,84,7,7
18980,136,119,17,17
18981,156,128,28,28
18982,71,62,9,9
18983,65,62,3,3
18984,82,74,8,8
18985,116,103,13,13
18986,134,115,19,19
18987,70,66,4,4
18988,98,86,12,12
18989,194,168,26,26
18990,58,56,2,2
18991,111,142,-31,31
18992,55,53,2,2
18993,105,95,10,10
18994,85,78,7,7
18995,105,86,19,19
18996,83,82,1,1
18997,96,79,17,17
18998,83,70,13,13
18999,153,139,14,14
19000,81,72,9,9
19001,60,59,1,1
19002,137,126,11,11
19003,140,121,19,19
19004,88,83,5,5
19005,124,112,12,12
19006,101,87,14,14
19007,84,72,12,12
19008,99,85,14,14
19009,59,48,11,11
19010,83,83,0,0
19011,113,110,3,3
19012,83,80,3,3
19013,65,60,5,5
19014,52,52,0,0
19015,120,112,8,8
19016,102,82,20,20
19017,50,66,-16,16
19018,134,127,7,7
19019,90,78,12,12
19020,79,67,12,12
19021,78,71,7,7
19022,122,101,21,21
19023,69,66,3,3
19024,72,63,9,9
19025,71,64,7,7
19026,112,80,32,32
19027,111,90,21,21
19028,96,91,5,5
19029,96,85,11,11
19030,67,62,5,5
19031,102,94,8,8
19032,71,66,5,5
19033,147,134,13,13
19034,123,116,7,7
19035,89,62,27,27
19036,72,72,0,0
19037,81,78,3,3
19038,61,54,7,7
19039,79,70,9,9
19040,112,92,20,20
19041,167,157,10,10
19042,74,68,6,6
19043,122,103,19,19
19044,78,80,-2,2
19045,64,59,5,5
19046,72,69,3,3
19047,90,76,14,14
19048,86,70,16,16
19049,122,105,17,17
19050,70,53,17,17
19051,80,71,9,9
19052,55,48,7,7
19053,86,71,15,15
19054,117,104,13,13
19055,95,87,8,8
19056,88,78,10,10
19057,123,102,21,21
19058,102,84,18,18
19059,73,60,13,13
19060,33,30,3,3
19061,133,109,24,24
19062,65,65,0,0
19063,75,57,18,18
19064,39,32,7,7
19065,119,101,18,18
19066,88,80,8,8
19067,110,87,23,23
19068,59,55,4,4
19069,94,93,1,1
19070,90,77,13,13
19071,64,58,6,6
19072,111,99,12,12
19073,95,86,9,9
19074,77,68,9,9
19075,60,54,6,6
19076,151,134,17,17
19077,90,75,15,15
19078,65,60,5,5
19079,100,101,-1,1
19080,59,55,4,4
19081,89,76,13,13
19082,91,94,-3,3
19083,152,133,19,19
19084,58,52,6,6
19085,98,97,1,1
19086,111,94,17,17
19087,94,80,14,14
19088,98,93,5,5
19089,99,81,18,18
19090,132,115,17,17
19091,99,105,-6,6
19092,163,158,5,5
19093,105,89,16,16
19094,109,105,4,4
19095,49,44,5,5
19096,97,103,-6,6
19097,153,130,23,23
19098,73,87,-14,14
19099,71,68,3,3
19100,89,78,11,11
19101,110,89,21,21
19102,73,67,6,6
19103,151,121,30,30
19104,146,128,18,18
19105,74,64,10,10
19106,76,61,15,15
19107,57,119,-62,62
19108,96,75,21,21
19109,143,117,26,26
19110,98,76,22,22
19111,74,69,5,5
19112,78,67,11,11
19113,139,142,-3,3
19114,81,78,3,3
19115,74,73,1,1
19116,81,73,8,8
19117,149,151,-2,2
19118,59,63,-4,4
19119,92,86,6,6
19120,88,76,12,12
19121,94,83,11,11
19122,106,96,10,10
19123,143,113,30,30
19124,61,60,1,1
19125,84,73,11,11
19126,107,100,7,7
19127,129,119,10,10
19128,80,69,11,11
19129,89,80,9,9
19130,159,140,19,19
19131,44,41,3,3
19132,116,110,6,6
19133,79,74,5,5
19134,82,67,15,15
19135,77,70,7,7
19136,124,103,21,21
19137,97,91,6,6
19138,62,60,2,2
19139,65,59,6,6
19140,78,65,13,13
19141,105,95,10,10
19142,107,104,3,3
19143,60,58,2,2
19144,63,52,11,11
19145,71,66,5,5
19146,122,114,8,8
19147,76,65,11,11
19148,137,129,8,8
19149,89,80,9,9
19150,87,86,1,1
19151,147,134,13,13
19152,121,121,0,0
19153,91,75,16,16
19154,62,52,10,10
19155,77,78,-1,1
19156,95,82,13,13
19157,71,65,6,6
19158,129,129,0,0
19159,114,102,12,12
19160,196,163,33,33
19161,113,104,9,9
19162,122,101,21,21
19163,120,101,19,19
19164,104,107,-3,3
19165,99,87,12,12
19166,80,74,6,6
19167,69,67,2,2
19168,100,96,4,4
19169,63,57,6,6
19170,145,120,25,25
19171,55,49,6,6
19172,91,77,14,14
19173,148,129,19,19
19174,75,59,16,16
19175,106,96,10,10
19176,179,152,27,27
19177,86,85,1,1
19178,72,65,7,7
19179,127,124,3,3
19180,68,56,12,12
19181,69,78,-9,9
19182,136,128,8,8
19183,91,82,9,9
19184,102,96,6,6
19185,128,107,21,21
19186,94,81,13,13
19187,105,94,11,11
19188,146,125,21,21
19189,72,60,12,12
19190,105,93,12,12
19191,137,118,19,19
19192,169,147,22,22
19193,130,140,-10,10
19194,126,114,12,12
19195,125,108,17,17
19196,102,92,10,10
19197,74,63,11,11
19198,74,76,-2,2
19199,97,88,9,9
19200,113,98,15,15
19201,54,52,2,2
19202,127,99,28,28
19203,73,73,0,0
19204,145,140,5,5
19205,117,100,17,17
19206,123,110,13,13
19207,188,152,36,36
19208,75,78,-3,3
19209,76,78,-2,2
19210,45,51,-6,6
19211,86,75,11,11
19212,74,68,6,6
19213,103,103,0,0
19214,140,112,28,28
19215,95,85,10,10
19216,102,94,8,8
19217,34,39,-5,5
19218,101,85,16,16
19219,62,62,0,0
19220,81,81,0,0
19221,84,77,7,7
19222,114,119,-5,5
19223,90,75,15,15
19224,66,85,-19,19
19225,98,89,9,9
19226,68,67,1,1
19227,115,99,16,16
19228,101,57,44,44
19229,137,113,24,24
19230,125,111,14,14
19231,84,78,6,6
19232,43,51,-8,8
19233,99,81,18,18
19234,126,116,10,10
19235,97,88,9,9
19236,105,87,18,18
19237,74,68,6,6
19238,108,97,11,11
19239,70,57,13,13
19240,49,46,3,3
19241,133,119,14,14
19242,105,89,16,16
19243,147,139,8,8
19244,98,88,10,10
19245,124,103,21,21
19246,73,68,5,5
19247,78,64,14,14
19248,106,100,6,6
19249,63,51,12,12
19250,87,80,7,7
19251,80,67,13,13
19252,101,88,13,13
19253,80,71,9,9
19254,107,85,22,22
19255,65,64,1,1
19256,62,50,12,12
19257,124,118,6,6
19258,37,33,4,4
19259,109,98,11,11
19260,48,49,-1,1
19261,152,126,26,26
19262,163,149,14,14
19263,126,112,14,14
19264,62,78,-16,16
19265,128,124,4,4
19266,104,92,12,12
19267,110,115,-5,5
19268,79,74,5,5
19269,79,73,6,6
19270,145,126,19,19
19271,74,74,0,0
19272,59,55,4,4
19273,107,99,8,8
19274,88,84,4,4
19275,47,51,-4,4
19276,111,102,9,9
19277,108,92,16,16
19278,133,107,26,26
19279,155,145,10,10
19280,85,77,8,8
19281,135,111,24,24
19282,104,89,15,15
19283,149,143,6,6
19284,78,71,7,7
19285,76,67,9,9
19286,96,89,7,7
19287,130,108,22,22
19288,90,76,14,14
19289,55,64,-9,9
19290,123,121,2,2
19291,65,58,7,7
19292,69,46,23,23
19293,50,50,0,0
19294,51,56,-5,5
19295,81,64,17,17
19296,108,99,9,9
19297,81,73,8,8
19298,42,37,5,5
19299,141,108,33,33
19300,66,66,0,0
19301,103,91,12,12
19302,147,124,23,23
19303,105,84,21,21
19304,136,104,32,32
19305,58,56,2,2
19306,108,83,25,25
19307,63,58,5,5
19308,116,107,9,9
19309,147,123,24,24
19310,73,61,12,12
19311,92,85,7,7
19312,63,59,4,4
19313,98,88,10,10
19314,153,137,16,16
19315,98,86,12,12
19316,68,69,-1,1
19317,70,51,19,19
19318,69,117,-48,48
19319,68,62,6,6
19320,66,59,7,7
19321,83,69,14,14
19322,113,97,16,16
19323,123,99,24,24
19324,39,37,2,2
19325,127,102,25,25
19326,119,109,10,10
19327,80,68,12,12
19328,202,202,0,0
19329,71,71,0,0
19330,49,50,-1,1
19331,73,75,-2,2
19332,90,88,2,2
19333,86,78,8,8
19334,71,76,-5,5
19335,62,59,3,3
19336,89,75,14,14
19337,205,172,33,33
19338,157,122,35,35
19339,95,99,-4,4
19340,54,57,-3,3
19341,86,73,13,13
19342,105,97,8,8
19343,51,52,-1,1
19344,56,56,0,0
19345,142,133,9,9
19346,151,128,23,23
19347,72,56,16,16
19348,71,68,3,3
19349,73,68,5,5
19350,58,50,8,8
19351,175,186,-11,11
19352,132,115,17,17
19353,102,94,8,8
19354,115,102,13,13
19355,92,92,0,0
19356,77,67,10,10
19357,113,101,12,12
19358,103,93,10,10
19359,147,144,3,3
19360,93,97,-4,4
19361,105,97,8,8
19362,95,79,16,16
19363,158,138,20,20
19364,117,108,9,9
19365,113,107,6,6
19366,84,68,16,16
19367,64,63,1,1
19368,98,88,10,10
19369,91,88,3,3
19370,106,84,22,22
19371,57,58,-1,1
19372,130,119,11,11
19373,67,68,-1,1
19374,60,57,3,3
19375,80,67,13,13
19376,109,99,10,10
19377,56,74,-18,18
19378,61,66,-5,5
19379,162,145,17,17
19380,105,91,14,14
19381,118,100,18,18
19382,88,77,11,11
19383,61,46,15,15
19384,101,87,14,14
19385,130,122,8,8
19386,116,97,19,19
19387,66,62,4,4
19388,67,65,2,2
19389,68,68,0,0
19390,54,46,8,8
19391,76,69,7,7
19392,91,80,11,11
19393,48,45,3,3
19394,108,97,11,11
19395,50,47,3,3
19396,121,121,0,0
19397,55,50,5,5
19398,99,78,21,21
19399,109,96,13,13
19400,129,112,17,17
19401,59,47,12,12
19402,193,167,26,26
19403,115,100,15,15
19404,168,154,14,14
19405,109,99,10,10
19406,79,81,-2,2
19407,69,61,8,8
19408,124,113,11,11
19409,86,88,-2,2
19410,108,93,15,15
19411,57,54,3,3
19412,69,56,13,13
19413,73,69,4,4
19414,93,93,0,0
19415,108,95,13,13
19416,47,42,5,5
19417,96,84,12,12
19418,136,133,3,3
19419,62,46,16,16
19420,35,41,-6,6
19421,168,162,6,6
19422,72,58,14,14
19423,53,46,7,7
19424,181,161,20,20
19425,106,90,16,16
19426,110,109,1,1
19427,71,68,3,3
19428,81,79,2,2
19429,66,59,7,7
19430,96,94,2,2
19431,94,78,16,16
19432,101,80,21,21
19433,56,50,6,6
19434,161,135,26,26
19435,120,104,16,16
19436,90,83,7,7
19437,74,67,7,7
19438,119,103,16,16
19439,120,107,13,13
19440,116,127,-11,11
19441,72,65,7,7
19442,100,83,17,17
19443,72,60,12,12
19444,152,140,12,12
19445,65,66,-1,1
19446,84,75,9,9
19447,100,91,9,9
19448,116,94,22,22
19449,88,81,7,7
19450,94,92,2,2
19451,76,68,8,8
19452,70,72,-2,2
19453,72,75,-3,3
19454,114,102,12,12
19455,95,87,8,8
19456,88,76,12,12
19457,103,97,6,6
19458,82,74,8,8
19459,66,68,-2,2
19460,126,105,21,21
19461,215,212,3,3
19462,127,113,14,14
19463,71,61,10,10
19464,106,84,22,22
19465,125,116,9,9
19466,98,81,17,17
19467,80,85,-5,5
19468,76,72,4,4
19469,126,113,13,13
19470,45,41,4,4
19471,98,89,9,9
19472,75,66,9,9
19473,76,60,16,16
19474,103,93,10,10
19475,149,129,20,20
19476,110,103,7,7
19477,71,63,8,8
19478,121,108,13,13
19479,86,76,10,10
19480,44,42,2,2
19481,126,115,11,11
19482,145,117,28,28
19483,94,96,-2,2
19484,49,50,-1,1
19485,99,88,11,11
19486,75,76,-1,1
19487,77,86,-9,9
19488,65,67,-2,2
19489,117,102,15,15
19490,87,73,14,14
19491,87,89,-2,2
19492,138,128,10,10
19493,66,56,10,10
19494,100,76,24,24
19495,107,87,20,20
19496,82,97,-15,15
19497,76,76,0,0
19498,67,66,1,1
19499,40,40,0,0
19500,88,87,1,1
19501,184,158,26,26
19502,92,72,20,20
19503,134,125,9,9
19504,105,94,11,11
19505,112,105,7,7
19506,70,61,9,9
19507,70,70,0,0
19508,57,56,1,1
19509,120,109,11,11
19510,98,94,4,4
19511,115,99,16,16
19512,84,84,0,0
19513,97,83,14,14
19514,85,79,6,6
19515,67,63,4,4
19516,93,76,17,17
19517,123,110,13,13
19518,52,85,-33,33
19519,113,99,14,14
19520,63,59,4,4
19521,97,84,13,13
19522,103,90,13,13
19523,91,89,2,2
19524,74,68,6,6
19525,110,109,1,1
19526,162,143,19,19
19527,98,89,9,9
19528,103,90,13,13
19529,96,94,2,2
19530,35,34,1,1
19531,85,82,3,3
19532,69,62,7,7
19533,80,66,14,14
19534,60,53,7,7
19535,87,92,-5,5
19536,77,66,11,11
19537,139,121,18,18
19538,51,46,5,5
19539,122,102,20,20
19540,125,104,21,21
19541,63,54,9,9
19542,125,104,21,21
19543,85,86,-1,1
19544,112,100,12,12
19545,58,53,5,5
19546,104,93,11,11
19547,120,104,16,16
19548,43,42,1,1
19549,90,92,-2,2
19550,29,29,0,0
19551,92,76,16,16
19552,99,75,24,24
19553,55,53,2,2
19554,66,54,12,12
19555,78,68,10,10
19556,67,55,12,12
19557,91,73,18,18
19558,143,118,25,25
19559,86,84,2,2
19560,57,67,-10,10
19561,96,77,19,19
19562,101,102,-1,1
19563,58,49,9,9
19564,113,93,20,20
19565,44,35,9,9
19566,140,109,31,31
19567,150,139,11,11
19568,117,111,6,6
19569,86,80,6,6
19570,99,82,17,17
19571,114,95,19,19
19572,81,68,13,13
19573,64,53,11,11
19574,132,129,3,3
19575,82,72,10,10
19576,141,121,20,20
19577,68,75,-7,7
19578,137,116,21,21
19579,75,62,13,13
19580,71,65,6,6
19581,59,61,-2,2
19582,45,33,12,12
19583,70,63,7,7
19584,107,96,11,11
19585,59,56,3,3
19586,41,40,1,1
19587,65,65,0,0
19588,50,47,3,3
19589,88,80,8,8
19590,114,103,11,11
19591,64,52,12,12
19592,154,137,17,17
19593,64,62,2,2
19594,46,59,-13,13
19595,120,107,13,13
19596,80,73,7,7
19597,52,46,6,6
19598,88,99,-11,11
19599,65,80,-15,15
19600,49,46,3,3
19601,82,85,-3,3
19602,108,104,4,4
19603,59,58,1,1
19604,68,61,7,7
19605,99,80,19,19
19606,100,89,11,11
19607,100,82,18,18
19608,156,139,17,17
19609,91,87,4,4
19610,152,137,15,15
19611,125,103,22,22
19612,60,54,6,6
19613,43,45,-2,2
19614,48,44,4,4
19615,94,91,3,3
19616,70,59,11,11
19617,52,45,7,7
19618,70,63,7,7
19619,154,129,25,25
19620,133,122,11,11
19621,72,66,6,6
19622,79,78,1,1
19623,111,104,7,7
19624,72,64,8,8
19625,147,138,9,9
19626,94,83,11,11
19627,41,42,-1,1
19628,79,79,0,0
19629,61,51,10,10
19630,68,64,4,4
19631,70,60,10,10
19632,80,77,3,3
19633,58,57,1,1
19634,45,40,5,5
19635,187,156,31,31
19636,84,74,10,10
19637,76,68,8,8
19638,154,135,19,19
19639,139,119,20,20
19640,173,149,24,24
19641,75,63,12,12
19642,148,131,17,17
19643,174,150,24,24
19644,100,98,2,2
19645,29,30,-1,1
19646,102,80,22,22
19647,67,62,5,5
19648,51,45,6,6
19649,133,102,31,31
19650,36,37,-1,1
19651,66,61,5,5
19652,65,51,14,14
19653,73,67,6,6
19654,151,131,20,20
19655,87,73,14,14
19656,138,134,4,4
19657,65,59,6,6
19658,97,83,14,14
19659,84,76,8,8
19660,171,150,21,21
19661,110,96,14,14
19662,120,102,18,18
19663,99,85,14,14
19664,135,136,-1,1
19665,90,77,13,13
19666,70,62,8,8
19667,99,95,4,4
19668,58,52,6,6
19669,109,119,-10,10
19670,77,70,7,7
19671,74,63,11,11
19672,134,123,11,11
19673,130,104,26,26
19674,65,59,6,6
19675,109,94,15,15
19676,75,71,4,4
19677,125,115,10,10
19678,99,87,12,12
19679,147,134,13,13
19680,160,136,24,24
19681,49,42,7,7
19682,62,62,0,0
19683,332,293,39,39
19684,127,112,15,15
19685,34,32,2,2
19686,145,123,22,22
19687,108,93,15,15
19688,66,63,3,3
19689,65,60,5,5
19690,157,136,21,21
19691,89,73,16,16
19692,97,96,1,1
19693,116,103,13,13
19694,102,91,11,11
19695,118,112,6,6
19696,161,141,20,20
19697,97,91,6,6
19698,40,35,5,5
19699,63,60,3,3
19700,70,73,-3,3
19701,83,73,10,10
19702,100,93,7,7
19703,76,65,11,11
19704,105,94,11,11
19705,72,72,0,0
19706,69,75,-6,6
19707,136,125,11,11
19708,126,99,27,27
19709,130,126,4,4
19710,116,107,9,9
19711,87,79,8,8
19712,100,93,7,7
19713,100,89,11,11
19714,55,50,5,5
19715,92,84,8,8
19716,101,89,12,12
19717,149,141,8,8
19718,98,82,16,16
19719,89,81,8,8
19720,40,41,-1,1
19721,91,77,14,14
19722,103,95,8,8
19723,88,71,17,17
19724,76,81,-5,5
19725,43,48,-5,5
19726,60,50,10,10
19727,165,139,26,26
19728,148,145,3,3
19729,114,101,13,13
19730,97,77,20,20
19731,141,131,10,10
19732,82,80,2,2
19733,89,79,10,10
19734,141,131,10,10
19735,31,38,-7,7
19736,87,89,-2,2
19737,83,79,4,4
19738,64,59,5,5
19739,68,70,-2,2
19740,75,62,13,13
19741,102,91,11,11
19742,54,51,3,3
19743,108,101,7,7
19744,104,80,24,24
19745,132,124,8,8
19746,77,65,12,12
19747,130,116,14,14
19748,46,39,7,7
19749,83,48,35,35
19750,79,77,2,2
19751,180,148,32,32
19752,118,116,2,2
19753,105,104,1,1
19754,93,86,7,7
19755,81,70,11,11
19756,61,59,2,2
19757,142,127,15,15
19758,93,87,6,6
19759,100,92,8,8
19760,146,125,21,21
19761,64,59,5,5
19762,116,102,14,14
19763,55,46,9,9
19764,55,55,0,0
19765,86,88,-2,2
19766,90,78,12,12
19767,146,133,13,13
19768,55,46,9,9
19769,76,65,11,11
19770,48,51,-3,3
19771,84,67,17,17
19772,62,57,5,5
19773,93,80,13,13
19774,104,92,12,12
19775,108,94,14,14
19776,83,81,2,2
19777,57,48,9,9
19778,76,66,10,10
19779,100,116,-16,16
19780,96,88,8,8
19781,124,85,39,39
19782,55,59,-4,4
19783,61,58,3,3
19784,104,90,14,14
19785,70,68,2,2
19786,94,80,14,14
19787,64,62,2,2
19788,113,105,8,8
19789,92,87,5,5
19790,136,130,6,6
19791,115,90,25,25
19792,103,104,-1,1
19793,84,76,8,8
19794,60,55,5,5
19795,83,99,-16,16
19796,127,112,15,15
19797,137,118,19,19
19798,64,47,17,17
19799,180,159,21,21
19800,144,120,24,24
19801,82,68,14,14
19802,89,75,14,14
19803,122,120,2,2
19804,85,77,8,8
19805,127,109,18,18
19806,86,72,14,14
19807,81,77,4,4
19808,102,82,20,20
19809,104,68,36,36
19810,47,41,6,6
19811,163,131,32,32
19812,102,90,12,12
19813,152,127,25,25
19814,139,118,21,21
19815,88,71,17,17
19816,57,47,10,10
19817,79,64,15,15
19818,60,45,15,15
19819,104,85,19,19
19820,92,82,10,10
19821,74,65,9,9
19822,94,81,13,13
19823,102,98,4,4
19824,109,95,14,14
19825,86,76,10,10
19826,85,69,16,16
19827,86,73,13,13
19828,158,131,27,27
19829,78,68,10,10
19830,72,65,7,7
19831,127,112,15,15
19832,81,76,5,5
19833,99,90,9,9
19834,64,61,3,3
19835,137,130,7,7
19836,99,94,5,5
19837,74,70,4,4
19838,80,76,4,4
19839,99,101,-2,2
19840,95,92,3,3
19841,48,44,4,4
19842,77,69,8,8
19843,88,88,0,0
19844,99,89,10,10
19845,87,70,17,17
19846,75,70,5,5
19847,103,96,7,7
19848,190,168,22,22
19849,88,55,33,33
19850,85,78,7,7
19851,59,45,14,14
19852,63,73,-10,10
19853,85,79,6,6
19854,67,80,-13,13
19855,76,76,0,0
19856,115,101,14,14
19857,62,56,6,6
19858,61,59,2,2
19859,147,134,13,13
19860,153,131,22,22
19861,68,52,16,16
19862,106,102,4,4
19863,79,70,9,9
19864,165,141,24,24
19865,63,53,10,10
19866,106,99,7,7
19867,74,69,5,5
19868,135,119,16,16
19869,76,72,4,4
19870,113,107,6,6
19871,77,71,6,6
19872,67,63,4,4
19873,93,100,-7,7
19874,170,147,23,23
19875,77,75,2,2
19876,88,74,14,14
19877,103,90,13,13
19878,85,78,7,7
19879,82,68,14,14
19880,70,69,1,1
19881,94,95,-1,1
19882,44,43,1,1
19883,103,84,19,19
19884,99,91,8,8
19885,67,57,10,10
19886,56,56,0,0
19887,94,86,8,8
19888,77,70,7,7
19889,68,65,3,3
19890,125,104,21,21
19891,110,99,11,11
19892,102,79,23,23
19893,57,50,7,7
19894,68,80,-12,12
19895,75,68,7,7
19896,101,88,13,13
19897,57,48,9,9
19898,93,96,-3,3
19899,52,36,16,16
19900,57,54,3,3
19901,123,99,24,24
19902,111,110,1,1
19903,62,60,2,2
19904,89,89,0,0
19905,114,96,18,18
19906,45,45,0,0
19907,79,66,13,13
19908,134,112,22,22
19909,101,88,13,13
19910,92,81,11,11
19911,74,62,12,12
19912,95,84,11,11
19913,49,50,-1,1
19914,86,71,15,15
19915,50,62,-12,12
19916,55,50,5,5
19917,49,40,9,9
19918,87,81,6,6
19919,59,57,2,2
19920,108,100,8,8
19921,88,71,17,17
19922,118,113,5,5
19923,108,93,15,15
19924,38,58,-20,20
19925,94,79,15,15
19926,35,37,-2,2
19927,114,105,9,9
19928,124,103,21,21
19929,108,106,2,2
19930,129,130,-1,1
19931,69,62,7,7
19932,108,102,6,6
19933,66,66,0,0
19934,62,54,8,8
19935,107,96,11,11
19936,65,59,6,6
19937,169,139,30,30
19938,115,99,16,16
19939,116,105,11,11
19940,87,79,8,8
19941,62,56,6,6
19942,128,110,18,18
19943,126,120,6,6
19944,139,128,11,11
19945,217,185,32,32
19946,147,137,10,10
19947,117,98,19,19
19948,181,164,17,17
19949,101,118,-17,17
19950,66,66,0,0
19951,77,64,13,13
19952,110,99,11,11
19953,186,165,21,21
19954,60,51,9,9
19955,68,60,8,8
19956,125,115,10,10
19957,52,44,8,8
19958,75,68,7,7
19959,109,101,8,8
19960,44,48,-4,4
19961,123,120,3,3
19962,123,107,16,16
19963,69,59,10,10
19964,51,48,3,3
19965,148,122,26,26
19966,104,83,21,21
19967,64,56,8,8
19968,82,85,-3,3
19969,82,70,12,12
19970,135,127,8,8
19971,54,50,4,4
19972,88,70,18,18
19973,88,74,14,14
19974,102,90,12,12
19975,45,44,1,1
19976,85,75,10,10
19977,117,95,22,22
19978,124,105,19,19
19979,60,55,5,5
19980,40,56,-16,16
19981,133,120,13,13
19982,101,89,12,12
19983,80,71,9,9
19984,90,96,-6,6
19985,85,78,7,7
19986,68,62,6,6
19987,150,141,9,9
19988,86,67,19,19
19989,105,100,5,5
19990,45,45,0,0
19991,149,147,2,2
19992,74,68,6,6
19993,40,39,1,1
19994,75,72,3,3
19995,47,43,4,4
19996,70,67,3,3
19997,56,51,5,5
19998,46,47,-1,1
19999,98,92,6,6
20000,107,92,15,15
20001,121,102,19,19
20002,192,179,13,13
20003,50,48,2,2
20004,62,72,-10,10
20005,93,81,12,12
20006,96,80,16,16
20007,72,63,9,9
20008,134,127,7,7
20009,98,87,11,11
20010,159,132,27,27
20011,115,100,15,15
20012,54,47,7,7
20013,60,53,7,7
20014,80,74,6,6
20015,103,95,8,8
20016,89,76,13,13
20017,118,113,5,5
20018,109,95,14,14
20019,65,68,-3,3
20020,62,62,0,0
20021,100,87,13,13
20022,127,123,4,4
20023,54,51,3,3
20024,113,95,18,18
20025,122,106,16,16
20026,140,110,30,30
20027,71,57,14,14
20028,86,83,3,3
20029,94,89,5,5
20030,124,108,16,16
20031,59,50,9,9
20032,115,99,16,16
20033,61,51,10,10
20034,65,50,15,15
20035,79,71,8,8
20036,122,103,19,19
20037,97,92,5,5
20038,64,60,4,4
20039,107,91,16,16
20040,109,100,9,9
20041,70,64,6,6
20042,63,55,8,8
20043,104,93,11,11
20044,88,68,20,20
20045,91,83,8,8
20046,136,127,9,9
20047,67,61,6,6
20048,65,57,8,8
20049,97,89,8,8
20050,114,106,8,8
20051,122,121,1,1
20052,76,64,12,12
20053,96,91,5,5
20054,90,73,17,17
20055,68,58,10,10
20056,78,72,6,6
20057,158,137,21,21
20058,77,73,4,4
20059,65,56,9,9
20060,126,108,18,18
20061,102,83,19,19
20062,96,82,14,14
20063,120,118,2,2
20064,44,42,2,2
20065,68,67,1,1
20066,170,159,11,11
20067,40,36,4,4
20068,43,46,-3,3
20069,95,78,17,17
20070,114,96,18,18
20071,60,57,3,3
20072,35,37,-2,2
20073,70,61,9,9
20074,126,115,11,11
20075,68,60,8,8
20076,137,131,6,6
20077,154,116,38,38
20078,139,128,11,11
20079,103,92,11,11
20080,82,64,18,18
20081,94,92,2,2
20082,136,114,22,22
20083,81,64,17,17
20084,51,40,11,11
20085,126,113,13,13
20086,89,113,-24,24
20087,88,82,6,6
20088,77,59,18,18
20089,83,78,5,5
20090,77,65,12,12
20091,84,74,10,10
20092,82,61,21,21
20093,65,58,7,7
20094,113,92,21,21
20095,78,82,-4,4
20096,54,46,8,8
20097,94,95,-1,1
20098,59,58,1,1
20099,117,113,4,4
20100,78,60,18,18
20101,48,33,15,15
20102,54,57,-3,3
20103,99,96,3,3
20104,71,61,10,10
20105,136,116,20,20
20106,45,42,3,3
20107,84,78,6,6
20108,82,77,5,5
20109,45,45,0,0
20110,125,92,33,33
20111,50,45,5,5
20112,71,64,7,7
20113,89,74,15,15
20114,61,65,-4,4
20115,105,89,16,16
20116,143,131,12,12
20117,185,157,28,28
20118,48,49,-1,1
20119,98,89,9,9
20120,38,44,-6,6
20121,92,75,17,17
20122,139,124,15,15
20123,99,81,18,18
20124,106,93,13,13
20125,60,69,-9,9
20126,96,71,25,25
20127,138,135,3,3
20128,83,80,3,3
20129,152,113,39,39
20130,115,105,10,10
20131,84,82,2,2
20132,133,116,17,17
20133,128,113,15,15
20134,78,72,6,6
20135,93,84,9,9
20136,105,93,12,12
20137,90,83,7,7
20138,205,164,41,41
20139,80,71,9,9
20140,80,72,8,8
20141,118,88,30,30
20142,60,62,-2,2
20143,101,90,11,11
20144,95,84,11,11
20145,130,131,-1,1
20146,113,98,15,15
20147,79,80,-1,1
20148,88,81,7,7
20149,109,93,16,16
20150,98,92,6,6
20151,70,59,11,11
20152,92,84,8,8
20153,157,153,4,4
20154,44,52,-8,8
20155,95,83,12,12
20156,87,74,13,13
20157,109,84,25,25
20158,111,102,9,9
20159,86,73,13,13
20160,149,139,10,10
20161,111,96,15,15
20162,45,42,3,3
20163,150,135,15,15
20164,89,71,18,18
20165,67,69,-2,2
20166,87,81,6,6
20167,150,125,25,25
20168,124,97,27,27
20169,96,87,9,9
20170,125,113,12,12
20171,116,118,-2,2
20172,80,68,12,12
20173,156,122,34,34
20174,159,151,8,8
20175,108,95,13,13
20176,90,79,11,11
20177,117,97,20,20
20178,139,119,20,20
20179,87,81,6,6
20180,79,66,13,13
20181,103,94,9,9
20182,157,130,27,27
20183,159,157,2,2
20184,46,74,-28,28
20185,84,79,5,5
20186,62,63,-1,1
20187,99,93,6,6
20188,62,57,5,5
20189,87,91,-4,4
20190,186,170,16,16
20191,104,88,16,16
20192,83,72,11,11
20193,82,74,8,8
20194,82,73,9,9
20195,116,109,7,7
20196,48,43,5,5
20197,72,75,-3,3
20198,81,75,6,6
20199,89,86,3,3
20200,66,59,7,7
20201,99,87,12,12
20202,97,85,12,12
20203,83,72,11,11
20204,57,48,9,9
20205,95,85,10,10
20206,81,72,9,9
20207,77,78,-1,1
20208,65,54,11,11
20209,109,97,12,12
20210,58,50,8,8
20211,38,40,-2,2
20212,109,98,11,11
20213,128,111,17,17
20214,68,56,12,12
20215,134,120,14,14
20216,80,75,5,5
20217,197,166,31,31
20218,105,96,9,9
20219,78,70,8,8
20220,99,106,-7,7
20221,88,78,10,10
20222,105,94,11,11
20223,63,70,-7,7
20224,76,94,-18,18
20225,80,77,3,3
20226,68,65,3,3
20227,97,87,10,10
20228,107,92,15,15
20229,96,72,24,24
20230,120,112,8,8
20231,110,93,17,17
20232,67,63,4,4
20233,154,130,24,24
20234,133,110,23,23
20235,98,83,15,15
20236,93,83,10,10
20237,93,83,10,10
20238,95,91,4,4
20239,96,79,17,17
20240,66,63,3,3
20241,54,51,3,3
20242,89,77,12,12
20243,165,142,23,23
20244,189,165,24,24
20245,62,60,2,2
20246,49,45,4,4
20247,59,49,10,10
20248,82,71,11,11
20249,75,68,7,7
20250,121,104,17,17
20251,116,99,17,17
20252,185,167,18,18
20253,139,126,13,13
20254,73,72,1,1
20255,147,134,13,13
20256,109,107,2,2
20257,119,105,14,14
20258,83,68,15,15
20259,122,116,6,6
20260,84,84,0,0
20261,130,112,18,18
20262,137,132,5,5
20263,96,90,6,6
20264,81,71,10,10
20265,123,106,17,17
20266,83,63,20,20
20267,104,87,17,17
20268,121,96,25,25
20269,130,111,19,19
20270,104,92,12,12
20271,107,88,19,19
20272,121,101,20,20
20273,76,68,8,8
20274,59,56,3,3
20275,127,120,7,7
20276,179,175,4,4
20277,70,69,1,1
20278,83,78,5,5
20279,83,74,9,9
20280,52,59,-7,7
20281,58,60,-2,2
20282,116,105,11,11
20283,57,58,-1,1
20284,107,91,16,16
20285,164,151,13,13
20286,110,93,17,17
20287,101,90,11,11
20288,159,138,21,21
20289,103,103,0,0
20290,133,128,5,5
20291,59,70,-11,11
20292,93,94,-1,1
20293,129,110,19,19
20294,49,61,-12,12
20295,98,85,13,13
20296,100,85,15,15
20297,131,119,12,12
20298,140,134,6,6
20299,87,81,6,6
20300,138,122,16,16
20301,145,133,12,12
20302,124,107,17,17
20303,111,100,11,11
20304,128,109,19,19
20305,83,62,21,21
20306,90,92,-2,2
20307,96,86,10,10
20308,160,143,17,17
20309,75,69,6,6
20310,83,81,2,2
20311,115,99,16,16
20312,78,76,2,2
20313,91,81,10,10
20314,60,50,10,10
20315,92,84,8,8
20316,107,86,21,21
20317,94,93,1,1
20318,75,96,-21,21
20319,60,52,8,8
20320,58,61,-3,3
20321,103,96,7,7
20322,68,61,7,7
20323,141,120,21,21
20324,89,87,2,2
20325,172,141,31,31
20326,147,133,14,14
20327,94,76,18,18
20328,128,114,14,14
20329,76,68,8,8
20330,97,79,18,18
20331,110,102,8,8
20332,89,83,6,6
20333,72,63,9,9
20334,104,99,5,5
20335,82,90,-8,8
20336,87,79,8,8
20337,96,107,-11,11
20338,94,96,-2,2
20339,158,149,9,9
20340,102,90,12,12
20341,62,61,1,1
20342,53,55,-2,2
20343,98,87,11,11
20344,96,82,14,14
20345,79,76,3,3
20346,131,106,25,25
20347,44,42,2,2
20348,102,85,17,17
20349,69,68,1,1
20350,106,102,4,4
20351,128,122,6,6
20352,49,50,-1,1
20353,123,105,18,18
20354,191,153,38,38
20355,116,97,19,19
20356,127,110,17,17
20357,42,35,7,7
20358,124,91,33,33
20359,92,93,-1,1
20360,143,119,24,24
20361,68,62,6,6
20362,111,95,16,16
20363,120,122,-2,2
20364,93,81,12,12
20365,46,47,-1,1
20366,116,102,14,14
20367,84,74,10,10
20368,39,39,0,0
20369,70,59,11,11
20370,59,61,-2,2
20371,107,117,-10,10
20372,59,49,10,10
20373,115,101,14,14
20374,92,92,0,0
20375,105,107,-2,2
20376,110,91,19,19
20377,60,53,7,7
20378,119,96,23,23
20379,106,101,5,5
20380,90,79,11,11
20381,63,60,3,3
20382,103,90,13,13
20383,105,102,3,3
20384,98,88,10,10
20385,48,47,1,1
20386,110,123,-13,13
20387,119,97,22,22
20388,86,82,4,4
20389,82,89,-7,7
20390,65,59,6,6
20391,89,78,11,11
20392,118,113,5,5
20393,146,122,24,24
20394,65,64,1,1
20395,125,114,11,11
20396,87,77,10,10
20397,89,87,2,2
20398,75,67,8,8
20399,87,75,12,12
20400,130,122,8,8
20401,51,46,5,5
20402,129,124,5,5
20403,81,69,12,12
20404,80,67,13,13
20405,66,64,2,2
20406,47,44,3,3
20407,103,99,4,4
20408,77,79,-2,2
20409,60,55,5,5
20410,133,120,13,13
20411,66,59,7,7
20412,161,138,23,23
20413,101,96,5,5
20414,80,74,6,6
20415,124,117,7,7
20416,140,122,18,18
20417,120,100,20,20
20418,141,124,17,17
20419,90,81,9,9
20420,54,56,-2,2
20421,63,52,11,11
20422,115,107,8,8
20423,59,62,-3,3
20424,68,62,6,6
20425,51,53,-2,2
20426,56,54,2,2
20427,69,75,-6,6
20428,71,68,3,3
20429,103,96,7,7
20430,94,90,4,4
20431,157,155,2,2
20432,122,103,19,19
20433,111,100,11,11
20434,120,122,-2,2
20435,103,82,21,21
20436,62,64,-2,2
20437,130,118,12,12
20438,81,69,12,12
20439,166,133,33,33
20440,79,74,5,5
20441,90,88,2,2
20442,91,86,5,5
20443,44,42,2,2
20444,87,84,3,3
20445,117,106,11,11
20446,101,98,3,3
20447,106,104,2,2
20448,102,82,20,20
20449,74,65,9,9
20450,175,149,26,26
20451,71,74,-3,3
20452,122,106,16,16
20453,165,148,17,17
20454,134,114,20,20
20455,192,150,42,42
20456,80,66,14,14
20457,65,56,9,9
20458,105,100,5,5
20459,121,104,17,17
20460,84,78,6,6
20461,106,95,11,11
20462,91,76,15,15
20463,174,162,12,12
20464,64,51,13,13
20465,58,62,-4,4
20466,76,62,14,14
20467,70,70,0,0
20468,143,129,14,14
20469,92,82,10,10
20470,94,86,8,8
20471,95,79,16,16
20472,119,101,18,18
20473,101,84,17,17
20474,110,96,14,14
20475,144,142,2,2
20476,129,133,-4,4
20477,79,70,9,9
20478,99,94,5,5
20479,85,74,11,11
20480,142,121,21,21
20481,77,80,-3,3
20482,62,57,5,5
20483,122,113,9,9
20484,106,102,4,4
20485,52,42,10,10
20486,79,70,9,9
20487,95,80,15,15
20488,77,74,3,3
20489,89,81,8,8
20490,70,64,6,6
20491,97,84,13,13
20492,100,97,3,3
20493,79,65,14,14
20494,138,126,12,12
20495,123,100,23,23
20496,152,119,33,33
20497,135,121,14,14
20498,83,75,8,8
20499,118,97,21,21
20500,91,79,12,12
20501,83,77,6,6
20502,77,72,5,5
20503,69,63,6,6
20504,68,62,6,6
20505,139,123,16,16
20506,171,153,18,18
20507,80,72,8,8
20508,83,70,13,13
20509,108,94,14,14
20510,92,85,7,7
20511,59,59,0,0
20512,74,62,12,12
20513,62,56,6,6
20514,138,121,17,17
20515,55,50,5,5
20516,85,72,13,13
20517,77,69,8,8
20518,39,34,5,5
20519,65,55,10,10
20520,109,105,4,4
20521,91,85,6,6
20522,74,63,11,11
20523,74,70,4,4
20524,154,136,18,18
20525,153,134,19,19
20526,40,38,2,2
20527,110,101,9,9
20528,63,54,9,9
20529,114,99,15,15
20530,114,111,3,3
20531,62,65,-3,3
20532,81,65,16,16
20533,49,45,4,4
20534,63,53,10,10
20535,93,83,10,10
20536,76,63,13,13
20537,146,132,14,14
20538,87,73,14,14
20539,162,145,17,17
20540,91,87,4,4
20541,107,116,-9,9
20542,82,80,2,2
20543,97,84,13,13
20544,42,44,-2,2
20545,81,75,6,6
20546,115,101,14,14
20547,120,104,16,16
20548,62,57,5,5
20549,131,129,2,2
20550,82,76,6,6
20551,59,53,6,6
20552,127,119,8,8
20553,100,79,21,21
20554,92,78,14,14
20555,55,55,0,0
20556,111,97,14,14
20557,92,84,8,8
20558,111,104,7,7
20559,189,151,38,38
20560,93,75,18,18
20561,61,51,10,10
20562,50,39,11,11
20563,62,57,5,5
20564,46,42,4,4
20565,145,138,7,7
20566,82,76,6,6
20567,83,73,10,10
20568,78,68,10,10
20569,69,57,12,12
20570,117,100,17,17
20571,142,124,18,18
20572,111,101,10,10
20573,72,60,12,12
20574,95,79,16,16
20575,141,113,28,28
20576,179,153,26,26
20577,85,80,5,5
20578,286,224,62,62
20579,87,71,16,16
20580,93,84,9,9
20581,87,77,10,10
20582,49,45,4,4
20583,87,82,5,5
20584,143,102,41,41
20585,98,96,2,2
20586,70,64,6,6
20587,112,105,7,7
20588,53,50,3,3
20589,55,53,2,2
20590,88,74,14,14
20591,113,104,9,9
20592,86,78,8,8
20593,59,36,23,23
20594,62,53,9,9
20595,71,69,2,2
20596,102,112,-10,10
20597,69,69,0,0
20598,117,106,11,11
20599,79,70,9,9
20600,131,128,3,3
20601,45,44,1,1
20602,81,73,8,8
20603,62,69,-7,7
20604,82,77,5,5
20605,86,74,12,12
20606,52,43,9,9
20607,79,75,4,4
20608,108,91,17,17
20609,62,60,2,2
20610,94,87,7,7
20611,74,76,-2,2
20612,136,116,20,20
20613,151,129,22,22
20614,145,141,4,4
20615,99,86,13,13
20616,169,161,8,8
20617,69,65,4,4
20618,54,50,4,4
20619,93,75,18,18
20620,106,96,10,10
20621,77,67,10,10
20622,100,99,1,1
20623,96,95,1,1
20624,56,52,4,4
20625,99,83,16,16
20626,115,106,9,9
20627,90,81,9,9
20628,56,54,2,2
20629,83,67,16,16
20630,117,98,19,19
20631,75,74,1,1
20632,88,76,12,12
20633,80,69,11,11
20634,150,118,32,32
20635,126,101,25,25
20636,92,80,12,12
20637,117,102,15,15
20638,75,70,5,5
20639,92,75,17,17
20640,72,67,5,5
20641,45,49,-4,4
20642,55,61,-6,6
20643,123,120,3,3
20644,127,106,21,21
20645,128,119,9,9
20646,161,146,15,15
20647,130,113,17,17
20648,87,72,15,15
20649,223,164,59,59
20650,79,72,7,7
20651,155,130,25,25
20652,77,70,7,7
20653,82,67,15,15
20654,101,95,6,6
20655,89,85,4,4
20656,106,99,7,7
20657,68,55,13,13
20658,98,91,7,7
20659,102,96,6,6
20660,88,71,17,17
20661,102,89,13,13
20662,173,147,26,26
20663,52,59,-7,7
20664,114,103,11,11
20665,85,67,18,18
20666,86,73,13,13
20667,77,63,14,14
20668,81,74,7,7
20669,89,77,12,12
20670,149,129,20,20
20671,68,66,2,2
20672,77,65,12,12
20673,83,74,9,9
20674,71,64,7,7
20675,71,65,6,6
20676,91,86,5,5
20677,56,54,2,2
20678,80,73,7,7
20679,129,109,20,20
20680,95,84,11,11
20681,114,93,21,21
20682,149,124,25,25
20683,74,65,9,9
20684,84,66,18,18
20685,72,60,12,12
20686,119,105,14,14
20687,82,67,15,15
20688,94,106,-12,12
20689,89,88,1,1
20690,45,42,3,3
20691,77,58,19,19
20692,169,165,4,4
20693,100,79,21,21
20694,114,98,16,16
20695,95,84,11,11
20696,97,102,-5,5
20697,224,187,37,37
20698,96,88,8,8
20699,66,62,4,4
20700,97,88,9,9
20701,113,99,14,14
20702,107,103,4,4
20703,59,64,-5,5
20704,148,142,6,6
20705,66,42,24,24
20706,151,146,5,5
20707,87,74,13,13
20708,119,99,20,20
20709,63,52,11,11
20710,122,104,18,18
20711,75,64,11,11
20712,142,123,19,19
20713,33,33,0,0
20714,86,82,4,4
20715,33,36,-3,3
20716,144,111,33,33
20717,124,109,15,15
20718,77,70,7,7
20719,144,130,14,14
20720,88,85,3,3
20721,87,84,3,3
20722,45,40,5,5
20723,104,83,21,21
20724,70,66,4,4
20725,87,77,10,10
20726,139,126,13,13
20727,136,127,9,9
20728,85,68,17,17
20729,106,101,5,5
20730,134,117,17,17
20731,98,87,11,11
20732,77,72,5,5
20733,131,120,11,11
20734,125,133,-8,8
20735,76,68,8,8
20736,110,92,18,18
20737,123,103,20,20
20738,56,46,10,10
20739,62,60,2,2
20740,59,50,9,9
20741,96,94,2,2
20742,107,90,17,17
20743,126,121,5,5
20744,114,106,8,8
20745,85,81,4,4
20746,63,51,12,12
20747,59,66,-7,7
20748,80,65,15,15
20749,93,79,14,14
20750,82,81,1,1
20751,73,61,12,12
20752,133,115,18,18
20753,145,118,27,27
20754,78,70,8,8
20755,89,78,11,11
20756,81,71,10,10
20757,100,91,9,9
20758,129,128,1,1
20759,80,75,5,5
20760,122,106,16,16
20761,26,39,-13,13
20762,151,132,19,19
20763,118,111,7,7
20764,146,124,22,22
20765,75,64,11,11
20766,80,94,-14,14
20767,52,55,-3,3
20768,128,103,25,25
20769,76,83,-7,7
20770,73,66,7,7
20771,55,66,-11,11
20772,94,84,10,10
20773,115,98,17,17
20774,70,65,5,5
20775,125,104,21,21
20776,50,47,3,3
20777,90,83,7,7
20778,110,97,13,13
20779,120,113,7,7
20780,62,60,2,2
20781,78,82,-4,4
20782,132,119,13,13
20783,46,38,8,8
20784,140,141,-1,1
20785,97,83,14,14
20786,53,47,6,6
20787,93,87,6,6
20788,145,121,24,24
20789,84,79,5,5
20790,121,114,7,7
20791,124,114,10,10
20792,65,56,9,9
20793,129,125,4,4
20794,111,101,10,10
20795,81,64,17,17
20796,87,66,21,21
20797,64,61,3,3
20798,92,79,13,13
20799,74,66,8,8
20800,78,68,10,10
20801,72,70,2,2
20802,101,91,10,10
20803,35,36,-1,1
20804,171,147,24,24
20805,54,44,10,10
20806,155,157,-2,2
20807,151,137,14,14
20808,45,43,2,2
20809,87,77,10,10
20810,115,101,14,14
20811,75,61,14,14
20812,89,82,7,7
20813,134,115,19,19
20814,65,61,4,4
20815,51,45,6,6
20816,33,33,0,0
20817,85,90,-5,5
20818,114,91,23,23
20819,120,105,15,15
20820,83,78,5,5
20821,106,100,6,6
20822,41,41,0,0
20823,101,108,-7,7
20824,134,112,22,22
20825,132,118,14,14
20826,53,48,5,5
20827,89,75,14,14
20828,120,114,6,6
20829,106,105,1,1
20830,165,140,25,25
20831,59,63,-4,4
20832,77,69,8,8
20833,105,89,16,16
20834,113,103,10,10
20835,85,78,7,7
20836,57,48,9,9
20837,101,99,2,2
20838,109,96,13,13
20839,129,122,7,7
20840,75,78,-3,3
20841,143,127,16,16
20842,48,44,4,4
20843,115,112,3,3
20844,57,97,-40,40
20845,76,67,9,9
20846,79,69,10,10
20847,107,94,13,13
20848,61,60,1,1
20849,134,124,10,10
20850,93,81,12,12
20851,141,128,13,13
20852,81,65,16,16
20853,65,64,1,1
20854,148,131,17,17
20855,70,75,-5,5
20856,78,81,-3,3
20857,46,41,5,5
20858,108,99,9,9
20859,94,88,6,6
20860,165,152,13,13
20861,83,84,-1,1
20862,131,119,12,12
20863,91,75,16,16
20864,86,107,-21,21
20865,99,91,8,8
20866,111,86,25,25
20867,93,82,11,11
20868,82,81,1,1
20869,60,70,-10,10
20870,89,73,16,16
20871,153,140,13,13
20872,102,91,11,11
20873,92,90,2,2
20874,102,90,12,12
20875,118,113,5,5
20876,75,64,11,11
20877,176,153,23,23
20878,129,113,16,16
20879,69,75,-6,6
20880,83,73,10,10
20881,124,107,17,17
20882,68,54,14,14
20883,102,93,9,9
20884,63,53,10,10
20885,96,101,-5,5
20886,120,116,4,4
20887,75,73,2,2
20888,111,103,8,8
20889,181,153,28,28
20890,82,74,8,8
20891,132,114,18,18
20892,48,64,-16,16
20893,75,70,5,5
20894,64,60,4,4
20895,41,36,5,5
20896,64,69,-5,5
20897,97,87,10,10
20898,77,76,1,1
20899,91,78,13,13
20900,51,48,3,3
20901,68,63,5,5
20902,121,115,6,6
20903,86,76,10,10
20904,59,59,0,0
20905,107,96,11,11
20906,84,80,4,4
20907,55,48,7,7
20908,76,85,-9,9
20909,93,78,15,15
20910,40,39,1,1
20911,118,91,27,27
20912,156,143,13,13
20913,126,110,16,16
20914,74,64,10,10
20915,96,89,7,7
20916,121,111,10,10
20917,76,59,17,17
20918,122,125,-3,3
20919,89,75,14,14
20920,59,50,9,9
20921,84,65,19,19
20922,83,73,10,10
20923,73,61,12,12
20924,63,54,9,9
20925,64,64,0,0
20926,125,103,22,22
20927,101,83,18,18
20928,122,122,0,0
20929,63,53,10,10
20930,107,96,11,11
20931,68,60,8,8
20932,74,64,10,10
20933,102,95,7,7
20934,119,112,7,7
20935,106,86,20,20
20936,66,57,9,9
20937,87,78,9,9
20938,85,74,11,11
20939,66,52,14,14
20940,145,131,14,14
20941,180,148,32,32
20942,75,70,5,5
20943,63,65,-2,2
20944,144,133,11,11
20945,66,65,1,1
20946,49,40,9,9
20947,98,88,10,10
20948,77,57,20,20
20949,105,95,10,10
20950,81,93,-12,12
20951,92,76,16,16
20952,104,102,2,2
20953,151,138,13,13
20954,51,46,5,5
20955,124,121,3,3
20956,84,74,10,10
20957,58,55,3,3
20958,108,91,17,17
20959,41,38,3,3
20960,151,133,18,18
20961,113,92,21,21
20962,138,123,15,15
20963,70,66,4,4
20964,106,97,9,9
20965,95,91,4,4
20966,121,114,7,7
20967,66,62,4,4
20968,98,86,12,12
20969,70,66,4,4
20970,142,124,18,18
20971,139,132,7,7
20972,62,55,7,7
20973,138,134,4,4
20974,70,65,5,5
20975,138,107,31,31
20976,105,87,18,18
20977,61,55,6,6
20978,113,107,6,6
20979,173,139,34,34
20980,94,80,14,14
20981,90,77,13,13
20982,112,99,13,13
20983,43,35,8,8
20984,140,132,8,8
20985,197,180,17,17
20986,116,94,22,22
20987,229,182,47,47
20988,119,105,14,14
20989,80,62,18,18
20990,115,107,8,8
20991,61,64,-3,3
20992,41,45,-4,4
20993,101,85,16,16
20994,185,169,16,16
20995,46,44,2,2
20996,221,188,33,33
20997,113,99,14,14
20998,60,56,4,4
20999,116,87,29,29
21000,125,109,16,16
21001,99,91,8,8
21002,97,106,-9,9
21003,171,144,27,27
21004,79,77,2,2
21005,73,66,7,7
21006,80,79,1,1
21007,148,127,21,21
21008,111,115,-4,4
21009,110,104,6,6
21010,84,85,-1,1
21011,60,60,0,0
21012,94,77,17,17
21013,57,55,2,2
21014,118,107,11,11
21015,115,103,12,12
21016,118,117,1,1
21017,133,113,20,20
21018,67,63,4,4
21019,148,135,13,13
21020,34,78,-44,44
21021,59,49,10,10
21022,71,63,8,8
21023,59,51,8,8
21024,58,64,-6,6
21025,61,51,10,10
21026,105,90,15,15
21027,144,128,16,16
21028,135,120,15,15
21029,120,107,13,13
21030,180,159,21,21
21031,177,144,33,33
21032,115,117,-2,2
21033,138,120,18,18
21034,113,88,25,25
21035,97,87,10,10
21036,88,74,14,14
21037,108,107,1,1
21038,106,92,14,14
21039,81,69,12,12
21040,105,94,11,11
21041,30,30,0,0
21042,97,89,8,8
21043,39,38,1,1
21044,57,47,10,10
21045,92,104,-12,12
21046,85,69,16,16
21047,94,76,18,18
21048,165,138,27,27
21049,119,110,9,9
21050,120,102,18,18
21051,139,117,22,22
21052,42,37,5,5
21053,78,70,8,8
21054,78,72,6,6
21055,73,61,12,12
21056,84,77,7,7
21057,159,140,19,19
21058,84,77,7,7
21059,133,116,17,17
21060,87,83,4,4
21061,147,122,25,25
21062,83,74,9,9
21063,51,50,1,1
21064,107,94,13,13
21065,62,53,9,9
21066,94,78,16,16
21067,62,54,8,8
21068,79,70,9,9
21069,177,144,33,33
21070,104,74,30,30
21071,85,83,2,2
21072,100,87,13,13
21073,69,65,4,4
21074,119,112,7,7
21075,90,71,19,19
21076,82,69,13,13
21077,54,44,10,10
21078,115,94,21,21
21079,74,62,12,12
21080,113,100,13,13
21081,56,51,5,5
21082,68,68,0,0
21083,195,170,25,25
21084,150,121,29,29
21085,62,67,-5,5
21086,71,64,7,7
21087,81,68,13,13
21088,131,119,12,12
21089,90,75,15,15
21090,86,86,0,0
21091,168,160,8,8
21092,101,85,16,16
21093,109,96,13,13
21094,71,98,-27,27
21095,67,57,10,10
21096,115,100,15,15
21097,95,82,13,13
21098,84,73,11,11
21099,74,75,-1,1
21100,69,53,16,16
21101,63,64,-1,1
21102,127,113,14,14
21103,82,80,2,2
21104,78,67,11,11
21105,78,71,7,7
21106,147,125,22,22
21107,96,82,14,14
21108,72,73,-1,1
21109,65,59,6,6
21110,107,101,6,6
21111,119,98,21,21
21112,101,86,15,15
21113,162,138,24,24
21114,119,106,13,13
21115,93,88,5,5
21116,102,94,8,8
21117,145,129,16,16
21118,94,80,14,14
21119,83,75,8,8
21120,166,143,23,23
21121,63,58,5,5
21122,90,79,11,11
21123,53,46,7,7
21124,103,96,7,7
21125,117,101,16,16
21126,99,88,11,11
21127,44,35,9,9
21128,149,131,18,18
21129,104,91,13,13
21130,225,199,26,26
21131,101,90,11,11
21132,101,91,10,10
21133,76,63,13,13
21134,80,70,10,10
21135,70,58,12,12
21136,130,96,34,34
21137,148,125,23,23
21138,70,75,-5,5
21139,137,133,4,4
21140,59,50,9,9
21141,71,67,4,4
21142,134,117,17,17
21143,116,95,21,21
21144,104,92,12,12
21145,63,62,1,1
21146,61,52,9,9
21147,89,102,-13,13
21148,61,52,9,9
21149,97,86,11,11
21150,102,88,14,14
21151,63,57,6,6
21152,165,147,18,18
21153,88,90,-2,2
21154,112,91,21,21
21155,90,80,10,10
21156,179,164,15,15
21157,89,81,8,8
21158,19,22,-3,3
21159,123,107,16,16
21160,111,124,-13,13
21161,89,76,13,13
21162,86,89,-3,3
21163,92,85,7,7
21164,93,81,12,12
21165,91,80,11,11
21166,70,64,6,6
21167,105,96,9,9
21168,85,74,11,11
21169,78,62,16,16
21170,112,101,11,11
21171,96,87,9,9
21172,54,51,3,3
21173,121,97,24,24
21174,131,117,14,14
21175,66,62,4,4
21176,61,61,0,0
21177,80,76,4,4
21178,89,77,12,12
21179,74,57,17,17
21180,65,69,-4,4
21181,101,96,5,5
21182,97,79,18,18
21183,108,99,9,9
21184,96,93,3,3
21185,132,116,16,16
21186,62,52,10,10
21187,82,64,18,18
21188,154,129,25,25
21189,82,74,8,8
21190,50,44,6,6
21191,68,58,10,10
21192,124,118,6,6
21193,74,62,12,12
21194,149,138,11,11
21195,59,55,4,4
21196,56,48,8,8
21197,58,51,7,7
21198,151,144,7,7
21199,113,100,13,13
21200,74,89,-15,15
21201,71,62,9,9
21202,86,74,12,12
21203,65,55,10,10
21204,69,69,0,0
21205,161,143,18,18
21206,89,82,7,7
21207,36,36,0,0
21208,55,48,7,7
21209,97,86,11,11
21210,89,73,16,16
21211,64,56,8,8
21212,98,92,6,6
21213,89,76,13,13
21214,44,34,10,10
21215,162,146,16,16
21216,126,123,3,3
21217,82,73,9,9
21218,77,81,-4,4
21219,81,73,8,8
21220,137,125,12,12
21221,69,63,6,6
21222,86,75,11,11
21223,67,68,-1,1
21224,101,87,14,14
21225,74,71,3,3
21226,71,62,9,9
21227,66,59,7,7
21228,104,100,4,4
21229,111,117,-6,6
21230,86,80,6,6
21231,96,86,10,10
21232,79,67,12,12
21233,183,175,8,8
21234,89,77,12,12
21235,133,115,18,18
21236,80,71,9,9
21237,72,64,8,8
21238,109,87,22,22
21239,107,94,13,13
21240,84,74,10,10
21241,67,58,9,9
21242,102,90,12,12
21243,66,171,-105,105
21244,132,124,8,8
21245,103,94,9,9
21246,91,80,11,11
21247,111,102,9,9
21248,110,96,14,14
21249,156,142,14,14
21250,44,36,8,8
21251,48,46,2,2
21252,79,77,2,2
21253,58,45,13,13
21254,134,111,23,23
21255,105,94,11,11
21256,79,66,13,13
21257,124,147,-23,23
21258,109,85,24,24
21259,79,65,14,14
21260,66,65,1,1
21261,93,78,15,15
21262,93,84,9,9
21263,85,88,-3,3
21264,92,79,13,13
21265,103,99,4,4
21266,104,91,13,13
21267,108,99,9,9
21268,82,69,13,13
21269,92,85,7,7
21270,41,41,0,0
21271,47,45,2,2
21272,79,73,6,6
21273,101,100,1,1
21274,66,65,1,1
21275,83,71,12,12
21276,89,71,18,18
21277,55,48,7,7
21278,137,123,14,14
21279,92,77,15,15
21280,131,119,12,12
21281,99,86,13,13
21282,100,98,2,2
21283,82,68,14,14
21284,57,52,5,5
21285,74,72,2,2
21286,79,70,9,9
21287,83,71,12,12
21288,118,104,14,14
21289,133,146,-13,13
21290,129,119,10,10
21291,70,78,-8,8
21292,145,128,17,17
21293,149,103,46,46
21294,113,106,7,7
21295,56,57,-1,1
21296,44,36,8,8
21297,89,91,-2,2
21298,90,82,8,8
21299,74,63,11,11
21300,117,97,20,20
21301,65,52,13,13
21302,48,43,5,5
21303,92,78,14,14
21304,72,61,11,11
21305,83,73,10,10
21306,63,57,6,6
21307,135,113,22,22
21308,147,141,6,6
21309,142,139,3,3
21310,122,104,18,18
21311,77,68,9,9
21312,106,93,13,13
21313,65,64,1,1
21314,70,64,6,6
21315,124,106,18,18
21316,100,89,11,11
21317,56,48,8,8
21318,72,58,14,14
21319,83,71,12,12
21320,66,60,6,6
21321,45,41,4,4
21322,162,150,12,12
21323,85,77,8,8
21324,115,106,9,9
21325,122,110,12,12
21326,72,63,9,9
21327,68,68,0,0
21328,65,58,7,7
21329,84,73,11,11
21330,161,131,30,30
21331,149,124,25,25
21332,109,96,13,13
21333,57,54,3,3
21334,85,71,14,14
21335,100,87,13,13
21336,171,127,44,44
21337,73,71,2,2
21338,78,72,6,6
21339,67,71,-4,4
21340,122,120,2,2
21341,84,69,15,15
21342,171,145,26,26
21343,87,83,4,4
21344,140,112,28,28
21345,86,86,0,0
21346,85,84,1,1
21347,50,45,5,5
21348,78,74,4,4
21349,67,55,12,12
21350,81,70,11,11
21351,75,68,7,7
21352,91,82,9,9
21353,119,109,10,10
21354,138,122,16,16
21355,58,46,12,12
21356,137,118,19,19
21357,88,84,4,4
21358,122,107,15,15
21359,106,89,17,17
21360,101,93,8,8
21361,88,82,6,6
21362,83,66,17,17
21363,80,67,13,13
21364,111,101,10,10
21365,183,162,21,21
21366,73,61,12,12
21367,97,80,17,17
21368,55,54,1,1
21369,116,112,4,4
21370,78,68,10,10
21371,99,87,12,12
21372,141,119,22,22
21373,56,53,3,3
21374,65,59,6,6
21375,72,62,10,10
21376,99,65,34,34
21377,96,80,16,16
21378,69,65,4,4
21379,94,94,0,0
21380,98,82,16,16
21381,55,51,4,4
21382,107,98,9,9
21383,68,57,11,11
21384,84,80,4,4
21385,65,56,9,9
21386,177,147,30,30
21387,62,51,11,11
21388,182,149,33,33
21389,72,47,25,25
21390,151,132,19,19
21391,80,67,13,13
21392,122,112,10,10
21393,136,112,24,24
21394,141,124,17,17
21395,88,74,14,14
21396,88,71,17,17
21397,127,118,9,9
21398,92,86,6,6
21399,74,63,11,11
21400,111,99,12,12
21401,204,180,24,24
21402,111,90,21,21
21403,59,49,10,10
21404,129,105,24,24
21405,107,92,15,15
21406,104,85,19,19
21407,76,72,4,4
21408,113,110,3,3
21409,110,101,9,9
21410,69,57,12,12
21411,67,61,6,6
21412,85,75,10,10
21413,94,84,10,10
21414,93,81,12,12
21415,90,80,10,10
21416,61,42,19,19
21417,56,45,11,11
21418,114,97,17,17
21419,71,58,13,13
21420,86,81,5,5
21421,114,107,7,7
21422,50,44,6,6
21423,155,141,14,14
21424,108,108,0,0
21425,104,81,23,23
21426,89,74,15,15
21427,75,62,13,13
21428,149,137,12,12
21429,94,81,13,13
21430,63,71,-8,8
21431,127,123,4,4
21432,103,95,8,8
21433,90,73,17,17
21434,64,65,-1,1
21435,144,126,18,18
21436,119,100,19,19
21437,45,43,2,2
21438,78,70,8,8
21439,45,49,-4,4
21440,113,104,9,9
21441,89,83,6,6
21442,122,111,11,11
21443,93,83,10,10
21444,54,51,3,3
21445,89,71,18,18
21446,85,71,14,14
21447,101,95,6,6
21448,132,133,-1,1
21449,47,37,10,10
21450,83,71,12,12
21451,89,72,17,17
21452,77,64,13,13
21453,150,128,22,22
21454,130,102,28,28
21455,85,76,9,9
21456,114,99,15,15
21457,155,140,15,15
21458,63,54,9,9
21459,94,88,6,6
21460,42,39,3,3
21461,138,129,9,9
21462,78,85,-7,7
21463,79,71,8,8
21464,95,86,9,9
21465,80,64,16,16
21466,80,83,-3,3
21467,39,48,-9,9
21468,143,120,23,23
21469,88,73,15,15
21470,47,44,3,3
21471,70,63,7,7
21472,174,152,22,22
21473,148,133,15,15
21474,185,155,30,30
21475,122,122,0,0
21476,138,122,16,16
21477,99,86,13,13
21478,50,43,7,7
21479,104,84,20,20
21480,69,61,8,8
21481,127,113,14,14
21482,59,60,-1,1
21483,89,80,9,9
21484,81,75,6,6
21485,64,63,1,1
21486,124,115,9,9
21487,75,74,1,1
21488,102,86,16,16
21489,156,136,20,20
21490,81,73,8,8
21491,90,77,13,13
21492,58,66,-8,8
21493,153,124,29,29
21494,100,87,13,13
21495,133,110,23,23
21496,133,114,19,19
21497,68,64,4,4
21498,104,94,10,10
21499,74,62,12,12
21500,138,115,23,23
21501,83,78,5,5
21502,125,128,-3,3
21503,98,88,10,10
21504,92,80,12,12
21505,39,37,2,2
21506,93,84,9,9
21507,47,52,-5,5
21508,72,67,5,5
21509,138,119,19,19
21510,81,74,7,7
21511,102,91,11,11
21512,146,127,19,19
21513,80,70,10,10
21514,76,61,15,15
21515,130,132,-2,2
21516,138,115,23,23
21517,69,69,0,0
21518,134,111,23,23
21519,73,68,5,5
21520,55,53,2,2
21521,68,66,2,2
21522,78,86,-8,8
21523,85,80,5,5
21524,118,107,11,11
21525,80,73,7,7
21526,153,145,8,8
21527,81,65,16,16
21528,85,75,10,10
21529,117,102,15,15
21530,126,117,9,9
21531,34,31,3,3
21532,72,59,13,13
21533,138,118,20,20
21534,82,78,4,4
21535,113,106,7,7
21536,63,62,1,1
21537,80,64,16,16
21538,67,58,9,9
21539,117,120,-3,3
21540,120,98,22,22
21541,75,66,9,9
21542,117,100,17,17
21543,103,95,8,8
21544,149,145,4,4
21545,169,156,13,13
21546,85,84,1,1
21547,91,76,15,15
21548,121,111,10,10
21549,95,101,-6,6
21550,123,116,7,7
21551,36,41,-5,5
21552,71,58,13,13
21553,106,91,15,15
21554,101,84,17,17
21555,60,70,-10,10
21556,68,56,12,12
21557,76,68,8,8
21558,91,78,13,13
21559,84,74,10,10
21560,97,90,7,7
21561,75,71,4,4
21562,44,39,5,5
21563,78,55,23,23
21564,55,52,3,3
21565,106,106,0,0
21566,125,112,13,13
21567,185,155,30,30
21568,148,155,-7,7
21569,156,133,23,23
21570,128,112,16,16
21571,96,83,13,13
21572,99,84,15,15
21573,63,63,0,0
21574,78,78,0,0
21575,162,124,38,38
21576,75,65,10,10
21577,103,90,13,13
21578,110,93,17,17
21579,116,104,12,12
21580,51,46,5,5
21581,126,112,14,14
21582,37,43,-6,6
21583,109,94,15,15
21584,115,110,5,5
21585,70,59,11,11
21586,94,90,4,4
21587,113,100,13,13
21588,91,82,9,9
21589,71,70,1,1
21590,55,53,2,2
21591,63,61,2,2
21592,59,56,3,3
21593,81,72,9,9
21594,135,128,7,7
21595,95,83,12,12
21596,67,70,-3,3
21597,80,71,9,9
21598,73,77,-4,4
21599,98,82,16,16
21600,104,84,20,20
21601,63,50,13,13
21602,60,49,11,11
21603,117,102,15,15
21604,60,51,9,9
21605,127,114,13,13
21606,121,92,29,29
21607,118,104,14,14
21608,80,72,8,8
21609,77,72,5,5
21610,104,85,19,19
21611,182,184,-2,2
21612,90,86,4,4
21613,49,40,9,9
21614,86,74,12,12
21615,88,77,11,11
21616,114,95,19,19
21617,56,46,10,10
21618,66,54,12,12
21619,68,76,-8,8
21620,88,78,10,10
21621,45,64,-19,19
21622,231,196,35,35
21623,136,116,20,20
21624,69,60,9,9
21625,123,118,5,5
21626,60,48,12,12
21627,72,65,7,7
21628,84,78,6,6
21629,123,109,14,14
21630,58,60,-2,2
21631,58,52,6,6
21632,71,61,10,10
21633,97,79,18,18
21634,61,54,7,7
21635,57,59,-2,2
21636,172,152,20,20
21637,62,56,6,6
21638,112,100,12,12
21639,126,112,14,14
21640,85,73,12,12
21641,105,104,1,1
21642,100,89,11,11
21643,117,120,-3,3
21644,76,76,0,0
21645,85,74,11,11
21646,187,146,41,41
21647,145,129,16,16
21648,64,64,0,0
21649,107,91,16,16
21650,140,123,17,17
21651,46,47,-1,1
21652,63,54,9,9
21653,93,81,12,12
21654,111,100,11,11
21655,60,50,10,10
21656,120,102,18,18
21657,67,64,3,3
21658,157,142,15,15
21659,133,122,11,11
21660,112,109,3,3
21661,119,121,-2,2
21662,86,78,8,8
21663,128,117,11,11
21664,109,93,16,16
21665,133,117,16,16
21666,62,52,10,10
21667,167,145,22,22
21668,122,103,19,19
21669,42,35,7,7
21670,66,57,9,9
21671,110,98,12,12
21672,84,84,0,0
21673,115,106,9,9
21674,174,153,21,21
21675,85,76,9,9
21676,100,87,13,13
21677,56,54,2,2
21678,72,60,12,12
21679,87,79,8,8
21680,70,84,-14,14
21681,76,63,13,13
21682,89,81,8,8
21683,69,64,5,5
21684,175,151,24,24
21685,191,161,30,30
21686,66,58,8,8
21687,145,133,12,12
21688,127,105,22,22
21689,54,46,8,8
21690,70,59,11,11
21691,67,59,8,8
21692,77,65,12,12
21693,119,113,6,6
21694,38,49,-11,11
21695,77,71,6,6
21696,49,46,3,3
21697,63,65,-2,2
21698,40,33,7,7
21699,69,66,3,3
21700,35,40,-5,5
21701,93,77,16,16
21702,61,66,-5,5
21703,50,41,9,9
21704,113,106,7,7
21705,123,100,23,23
21706,75,67,8,8
21707,94,81,13,13
21708,71,71,0,0
21709,114,106,8,8
21710,68,58,10,10
21711,129,128,1,1
21712,61,46,15,15
21713,92,81,11,11
21714,76,62,14,14
21715,106,86,20,20
21716,123,106,17,17
21717,89,81,8,8
21718,88,84,4,4
21719,48,47,1,1
21720,87,80,7,7
21721,53,63,-10,10
21722,120,100,20,20
21723,105,99,6,6
21724,117,100,17,17
21725,128,111,17,17
21726,173,144,29,29
21727,85,73,12,12
21728,97,78,19,19
21729,101,89,12,12
21730,67,67,0,0
21731,71,62,9,9
21732,89,70,19,19
21733,85,86,-1,1
21734,83,72,11,11
21735,78,65,13,13
21736,76,65,11,11
21737,115,100,15,15
21738,68,55,13,13
21739,75,64,11,11
21740,106,83,23,23
21741,76,69,7,7
21742,123,108,15,15
21743,82,72,10,10
21744,82,79,3,3
21745,162,142,20,20
21746,64,60,4,4
21747,66,50,16,16
21748,48,37,11,11
21749,86,80,6,6
21750,59,54,5,5
21751,118,104,14,14
21752,75,66,9,9
21753,138,115,23,23
21754,50,48,2,2
21755,96,75,21,21
21756,68,62,6,6
21757,83,79,4,4
21758,93,100,-7,7
21759,78,76,2,2
21760,45,37,8,8
21761,85,74,11,11
21762,123,101,22,22
21763,42,39,3,3
21764,84,73,11,11
21765,123,108,15,15
21766,45,48,-3,3
21767,88,80,8,8
21768,85,73,12,12
21769,79,59,20,20
21770,75,66,9,9
21771,125,114,11,11
21772,33,39,-6,6
21773,84,76,8,8
21774,117,112,5,5
21775,79,71,8,8
21776,190,164,26,26
21777,112,104,8,8
21778,86,81,5,5
21779,115,99,16,16
21780,74,62,12,12
21781,85,76,9,9
21782,28,30,-2,2
21783,45,44,1,1
21784,115,104,11,11
21785,92,78,14,14
21786,78,64,14,14
21787,129,116,13,13
21788,119,101,18,18
21789,78,71,7,7
21790,78,60,18,18
21791,211,178,33,33
21792,95,92,3,3
21793,101,86,15,15
21794,163,142,21,21
21795,168,141,27,27
21796,109,97,12,12
21797,98,95,3,3
21798,61,54,7,7
21799,131,125,6,6
21800,74,65,9,9
21801,66,70,-4,4
21802,130,113,17,17
21803,71,62,9,9
21804,135,124,11,11
21805,88,72,16,16
21806,150,153,-3,3
21807,152,113,39,39
21808,117,90,27,27
21809,133,120,13,13
21810,77,69,8,8
21811,75,63,12,12
21812,63,60,3,3
21813,73,61,12,12
21814,72,67,5,5
21815,62,71,-9,9
21816,98,92,6,6
21817,103,86,17,17
21818,167,173,-6,6
21819,73,70,3,3
21820,68,55,13,13
21821,104,93,11,11
21822,96,87,9,9
21823,165,150,15,15
21824,128,115,13,13
21825,147,131,16,16
21826,139,126,13,13
21827,156,130,26,26
21828,86,80,6,6
21829,78,68,10,10
21830,78,65,13,13
21831,89,76,13,13
21832,115,97,18,18
21833,122,109,13,13
21834,47,53,-6,6
21835,60,63,-3,3
21836,87,92,-5,5
21837,77,69,8,8
21838,115,94,21,21
21839,105,84,21,21
21840,120,107,13,13
21841,95,81,14,14
21842,103,88,15,15
21843,57,46,11,11
21844,132,112,20,20
21845,118,97,21,21
21846,134,108,26,26
21847,85,84,1,1
21848,130,127,3,3
21849,107,102,5,5
21850,112,98,14,14
21851,63,58,5,5
21852,176,153,23,23
21853,83,71,12,12
21854,88,89,-1,1
21855,141,115,26,26
21856,121,104,17,17
21857,119,101,18,18
21858,51,54,-3,3
21859,60,57,3,3
21860,103,78,25,25
21861,122,107,15,15
21862,79,69,10,10
21863,103,86,17,17
21864,86,74,12,12
21865,58,58,0,0
21866,103,93,10,10
21867,89,77,12,12
21868,94,78,16,16
21869,115,107,8,8
21870,151,160,-9,9
21871,97,86,11,11
21872,88,76,12,12
21873,78,72,6,6
21874,79,67,12,12
21875,51,36,15,15
21876,77,75,2,2
21877,98,82,16,16
21878,160,126,34,34
21879,114,104,10,10
21880,95,88,7,7
21881,77,76,1,1
21882,75,67,8,8
21883,142,125,17,17
21884,72,65,7,7
21885,150,123,27,27
21886,67,65,2,2
21887,104,92,12,12
21888,95,90,5,5
21889,116,99,17,17
21890,43,70,-27,27
21891,98,90,8,8
21892,85,71,14,14
21893,93,81,12,12
21894,106,92,14,14
21895,99,87,12,12
21896,179,151,28,28
21897,61,70,-9,9
21898,77,69,8,8
21899,64,52,12,12
21900,90,83,7,7
21901,106,107,-1,1
21902,67,59,8,8
21903,102,93,9,9
21904,94,83,11,11
21905,92,77,15,15
21906,81,62,19,19
21907,84,74,10,10
21908,131,125,6,6
21909,96,88,8,8
21910,89,75,14,14
21911,107,92,15,15
21912,73,73,0,0
21913,81,70,11,11
21914,69,66,3,3
21915,73,64,9,9
21916,150,137,13,13
21917,115,92,23,23
21918,90,77,13,13
21919,63,58,5,5
21920,138,117,21,21
21921,125,117,8,8
21922,111,98,13,13
21923,124,101,23,23
21924,37,35,2,2
21925,114,104,10,10
21926,67,56,11,11
21927,116,106,10,10
21928,134,135,-1,1
21929,58,59,-1,1
21930,75,62,13,13
21931,119,104,15,15
21932,94,78,16,16
21933,72,61,11,11
21934,144,135,9,9
21935,86,73,13,13
21936,112,101,11,11
21937,57,49,8,8
21938,121,119,2,2
21939,118,103,15,15
21940,79,71,8,8
21941,53,42,11,11
21942,61,47,14,14
21943,90,83,7,7
21944,114,104,10,10
21945,101,96,5,5
21946,180,161,19,19
21947,136,138,-2,2
21948,100,90,10,10
21949,107,98,9,9
21950,95,89,6,6
21951,75,71,4,4
21952,86,84,2,2
21953,71,71,0,0
21954,126,116,10,10
21955,125,109,16,16
21956,162,141,21,21
21957,71,68,3,3
21958,60,50,10,10
21959,118,112,6,6
21960,104,68,36,36
21961,117,104,13,13
21962,144,124,20,20
21963,78,72,6,6
21964,95,84,11,11
21965,157,137,20,20
21966,70,64,6,6
21967,68,67,1,1
21968,125,107,18,18
21969,111,86,25,25
21970,112,95,17,17
21971,118,93,25,25
21972,71,53,18,18
21973,126,100,26,26
21974,96,82,14,14
21975,59,57,2,2
21976,82,83,-1,1
21977,101,99,2,2
21978,80,76,4,4
21979,61,56,5,5
21980,89,84,5,5
21981,107,84,23,23
21982,55,54,1,1
21983,99,84,15,15
21984,131,123,8,8
21985,80,66,14,14
21986,110,82,28,28
21987,94,84,10,10
21988,32,39,-7,7
21989,105,91,14,14
21990,103,97,6,6
21991,152,141,11,11
21992,136,113,23,23
21993,78,69,9,9
21994,68,58,10,10
21995,68,74,-6,6
21996,36,32,4,4
21997,111,104,7,7
21998,64,52,12,12
21999,70,63,7,7
22000,89,79,10,10
22001,103,91,12,12
22002,79,68,11,11
22003,175,162,13,13
22004,103,101,2,2
22005,84,75,9,9
22006,79,68,11,11
22007,93,91,2,2
22008,124,109,15,15
22009,106,94,12,12
22010,144,124,20,20
22011,100,87,13,13
22012,70,65,5,5
22013,122,113,9,9
22014,101,90,11,11
22015,125,111,14,14
22016,94,81,13,13
22017,134,130,4,4
22018,69,67,2,2
22019,119,101,18,18
22020,106,89,17,17
22021,122,112,10,10
22022,54,51,3,3
22023,89,77,12,12
22024,76,82,-6,6
22025,86,78,8,8
22026,144,117,27,27
22027,93,77,16,16
22028,105,99,6,6
22029,101,94,7,7
22030,81,82,-1,1
22031,85,70,15,15
22032,157,126,31,31
22033,112,106,6,6
22034,76,73,3,3
22035,85,84,1,1
22036,141,113,28,28
22037,87,82,5,5
22038,71,70,1,1
22039,104,99,5,5
22040,73,68,5,5
22041,143,125,18,18
22042,92,88,4,4
22043,80,73,7,7
22044,98,91,7,7
22045,80,68,12,12
22046,54,50,4,4
22047,134,138,-4,4
22048,70,59,11,11
22049,114,104,10,10
22050,80,63,17,17
22051,90,75,15,15
22052,82,83,-1,1
22053,103,87,16,16
22054,82,71,11,11
22055,92,77,15,15
22056,82,73,9,9
22057,66,62,4,4
22058,124,147,-23,23
22059,61,60,1,1
22060,63,62,1,1
22061,91,86,5,5
22062,72,60,12,12
22063,54,57,-3,3
22064,87,75,12,12
22065,104,105,-1,1
22066,61,59,2,2
22067,125,101,24,24
22068,129,119,10,10
22069,33,40,-7,7
22070,97,90,7,7
22071,73,76,-3,3
22072,154,128,26,26
22073,74,68,6,6
22074,125,118,7,7
22075,54,50,4,4
22076,68,67,1,1
22077,91,77,14,14
22078,68,59,9,9
22079,92,96,-4,4
22080,117,95,22,22
22081,98,99,-1,1
22082,124,101,23,23
22083,71,69,2,2
22084,66,59,7,7
22085,37,40,-3,3
22086,108,92,16,16
22087,59,50,9,9
22088,84,78,6,6
22089,162,139,23,23
22090,108,99,9,9
22091,120,104,16,16
22092,102,99,3,3
22093,68,74,-6,6
22094,146,115,31,31
22095,116,108,8,8
22096,66,61,5,5
22097,67,62,5,5
22098,46,48,-2,2
22099,92,75,17,17
22100,150,122,28,28
22101,58,50,8,8
22102,103,96,7,7
22103,112,90,22,22
22104,90,90,0,0
22105,98,90,8,8
22106,54,54,0,0
22107,76,73,3,3
22108,77,74,3,3
22109,111,93,18,18
22110,118,109,9,9
22111,125,112,13,13
22112,94,90,4,4
22113,73,70,3,3
22114,173,151,22,22
22115,155,143,12,12
22116,120,118,2,2
22117,86,69,17,17
22118,115,100,15,15
22119,149,126,23,23
22120,68,81,-13,13
22121,130,102,28,28
22122,65,62,3,3
22123,63,42,21,21
22124,39,38,1,1
22125,82,69,13,13
22126,74,60,14,14
22127,57,61,-4,4
22128,105,97,8,8
22129,106,96,10,10
22130,126,135,-9,9
22131,113,99,14,14
22132,109,97,12,12
22133,95,88,7,7
22134,86,70,16,16
22135,99,88,11,11
22136,65,77,-12,12
22137,70,61,9,9
22138,66,58,8,8
22139,45,44,1,1
22140,77,69,8,8
22141,50,55,-5,5
22142,105,94,11,11
22143,101,99,2,2
22144,62,62,0,0
22145,82,81,1,1
22146,69,56,13,13
22147,122,129,-7,7
22148,147,130,17,17
22149,220,200,20,20
22150,69,60,9,9
22151,93,81,12,12
22152,111,100,11,11
22153,152,139,13,13
22154,124,113,11,11
22155,43,38,5,5
22156,112,88,24,24
22157,83,76,7,7
22158,140,127,13,13
22159,110,97,13,13
22160,71,68,3,3
22161,96,96,0,0
22162,148,134,14,14
22163,53,33,20,20
22164,120,102,18,18
22165,188,172,16,16
22166,29,37,-8,8
22167,117,103,14,14
22168,104,92,12,12
22169,81,72,9,9
22170,124,113,11,11
22171,103,102,1,1
22172,139,124,15,15
22173,79,62,17,17
22174,133,117,16,16
22175,112,108,4,4
22176,99,95,4,4
22177,101,85,16,16
22178,75,63,12,12
22179,110,98,12,12
22180,121,109,12,12
22181,110,100,10,10
22182,68,71,-3,3
22183,99,87,12,12
22184,67,63,4,4
22185,72,72,0,0
22186,151,123,28,28
22187,87,83,4,4
22188,83,78,5,5
22189,58,62,-4,4
22190,56,50,6,6
22191,72,63,9,9
22192,91,80,11,11
22193,61,52,9,9
22194,95,72,23,23
22195,101,87,14,14
22196,98,85,13,13
22197,128,123,5,5
22198,183,156,27,27
22199,68,62,6,6
22200,97,84,13,13
22201,74,65,9,9
22202,127,114,13,13
22203,91,81,10,10
22204,95,83,12,12
22205,83,73,10,10
22206,130,118,12,12
22207,143,73,70,70
22208,68,62,6,6
22209,72,62,10,10
22210,81,71,10,10
22211,63,59,4,4
22212,92,77,15,15
22213,70,74,-4,4
22214,114,108,6,6
22215,119,98,21,21
22216,130,120,10,10
22217,94,84,10,10
22218,104,99,5,5
22219,99,98,1,1
22220,55,51,4,4
22221,111,104,7,7
22222,101,83,18,18
22223,86,78,8,8
22224,89,82,7,7
22225,91,96,-5,5
22226,140,123,17,17
22227,74,66,8,8
22228,82,73,9,9
22229,103,73,30,30
22230,104,82,22,22
22231,75,73,2,2
22232,92,90,2,2
22233,53,47,6,6
22234,74,77,-3,3
22235,38,32,6,6
22236,141,124,17,17
22237,91,80,11,11
22238,97,84,13,13
22239,115,102,13,13
22240,141,131,10,10
22241,72,71,1,1
22242,87,85,2,2
22243,114,103,11,11
22244,96,81,15,15
22245,68,71,-3,3
22246,123,120,3,3
22247,91,73,18,18
22248,91,77,14,14
22249,116,110,6,6
22250,49,63,-14,14
22251,57,48,9,9
22252,124,116,8,8
22253,88,87,1,1
22254,129,115,14,14
22255,55,48,7,7
22256,188,162,26,26
22257,64,59,5,5
22258,71,63,8,8
22259,45,36,9,9
22260,93,95,-2,2
22261,68,59,9,9
22262,161,155,6,6
22263,69,70,-1,1
22264,113,110,3,3
22265,74,79,-5,5
22266,58,56,2,2
22267,149,144,5,5
22268,49,47,2,2
22269,96,85,11,11
22270,122,105,17,17
22271,92,73,19,19
22272,124,117,7,7
22273,93,87,6,6
22274,149,140,9,9
22275,179,159,20,20
22276,147,137,10,10
22277,121,108,13,13
22278,62,55,7,7
22279,50,49,1,1
22280,54,47,7,7
22281,104,86,18,18
22282,73,65,8,8
22283,101,89,12,12
22284,71,66,5,5
22285,90,77,13,13
22286,71,61,10,10
22287,72,67,5,5
22288,61,78,-17,17
22289,65,56,9,9
22290,81,71,10,10
22291,37,43,-6,6
22292,65,61,4,4
22293,128,109,19,19
22294,55,70,-15,15
22295,55,62,-7,7
22296,131,101,30,30
22297,67,53,14,14
22298,138,123,15,15
22299,66,60,6,6
22300,62,54,8,8
22301,187,162,25,25
22302,127,108,19,19
22303,105,100,5,5
22304,78,71,7,7
22305,94,81,13,13
22306,94,85,9,9
22307,108,95,13,13
22308,135,121,14,14
22309,78,70,8,8
22310,87,81,6,6
22311,59,53,6,6
22312,134,132,2,2
22313,89,74,15,15
22314,79,72,7,7
22315,27,37,-10,10
22316,74,55,19,19
22317,56,54,2,2
22318,121,114,7,7
22319,88,82,6,6
22320,145,133,12,12
22321,99,89,10,10
22322,127,105,22,22
22323,85,75,10,10
22324,91,68,23,23
22325,184,175,9,9
22326,76,69,7,7
22327,86,73,13,13
22328,88,74,14,14
22329,156,133,23,23
22330,106,99,7,7
22331,102,80,22,22
22332,106,90,16,16
22333,87,79,8,8
22334,60,57,3,3
22335,82,73,9,9
22336,112,96,16,16
22337,118,111,7,7
22338,75,62,13,13
22339,94,85,9,9
22340,57,57,0,0
22341,96,83,13,13
22342,67,59,8,8
22343,78,81,-3,3
22344,114,94,20,20
22345,70,58,12,12
22346,60,55,5,5
22347,91,80,11,11
22348,86,71,15,15
22349,84,76,8,8
22350,75,64,11,11
22351,133,131,2,2
22352,193,156,37,37
22353,68,64,4,4
22354,139,127,12,12
22355,57,68,-11,11
22356,110,104,6,6
22357,83,86,-3,3
22358,159,120,39,39
22359,110,97,13,13
22360,150,123,27,27
22361,95,92,3,3
22362,139,117,22,22
22363,72,60,12,12
22364,147,122,25,25
22365,89,74,15,15
22366,136,126,10,10
22367,47,40,7,7
22368,158,147,11,11
22369,111,102,9,9
22370,99,80,19,19
22371,112,100,12,12
22372,82,79,3,3
22373,38,32,6,6
22374,82,69,13,13
22375,80,74,6,6
22376,119,100,19,19
22377,68,62,6,6
22378,117,104,13,13
22379,76,67,9,9
22380,94,85,9,9
22381,68,64,4,4
22382,49,46,3,3
22383,59,58,1,1
22384,135,129,6,6
22385,111,103,8,8
22386,102,85,17,17
22387,118,105,13,13
22388,90,76,14,14
22389,62,55,7,7
22390,104,95,9,9
22391,120,102,18,18
22392,105,97,8,8
22393,131,114,17,17
22394,103,100,3,3
22395,117,103,14,14
22396,92,82,10,10
22397,70,64,6,6
22398,108,99,9,9
22399,71,63,8,8
22400,58,56,2,2
22401,91,71,20,20
22402,98,80,18,18
22403,40,45,-5,5
22404,92,71,21,21
22405,100,95,5,5
22406,138,133,5,5
22407,132,110,22,22
22408,101,95,6,6
22409,71,71,0,0
22410,86,74,12,12
22411,107,93,14,14
22412,85,79,6,6
22413,68,67,1,1
22414,80,67,13,13
22415,125,109,16,16
22416,99,80,19,19
22417,122,106,16,16
22418,190,157,33,33
22419,109,84,25,25
22420,83,61,22,22
22421,121,133,-12,12
22422,79,81,-2,2
22423,142,144,-2,2
22424,63,54,9,9
22425,66,57,9,9
22426,114,87,27,27
22427,80,69,11,11
22428,72,68,4,4
22429,190,172,18,18
22430,91,82,9,9
22431,152,129,23,23
22432,74,55,19,19
22433,88,82,6,6
22434,181,168,13,13
22435,118,109,9,9
22436,131,114,17,17
22437,64,97,-33,33
22438,86,80,6,6
22439,74,78,-4,4
22440,79,70,9,9
22441,99,89,10,10
22442,169,155,14,14
22443,68,54,14,14
22444,79,66,13,13
22445,181,153,28,28
22446,119,98,21,21
22447,120,100,20,20
22448,67,67,0,0
22449,67,66,1,1
22450,76,63,13,13
22451,87,77,10,10
22452,91,80,11,11
22453,161,132,29,29
22454,58,49,9,9
22455,57,51,6,6
22456,95,81,14,14
22457,63,61,2,2
22458,64,59,5,5
22459,55,54,1,1
22460,136,129,7,7
22461,107,92,15,15
22462,83,83,0,0
22463,52,56,-4,4
22464,127,129,-2,2
22465,90,85,5,5
22466,141,123,18,18
22467,87,83,4,4
22468,99,88,11,11
22469,67,59,8,8
22470,79,66,13,13
22471,102,92,10,10
22472,168,156,12,12
22473,154,143,11,11
22474,118,107,11,11
22475,68,72,-4,4
22476,109,97,12,12
22477,41,44,-3,3
22478,65,65,0,0
22479,108,88,20,20
22480,26,33,-7,7
22481,99,94,5,5
22482,137,123,14,14
22483,180,165,15,15
22484,223,167,56,56
22485,103,94,9,9
22486,91,82,9,9
22487,120,106,14,14
22488,73,63,10,10
22489,69,71,-2,2
22490,76,77,-1,1
22491,73,58,15,15
22492,41,38,3,3
22493,143,133,10,10
22494,121,123,-2,2
22495,97,96,1,1
22496,86,87,-1,1
22497,80,77,3,3
22498,105,104,1,1
22499,111,89,22,22
22500,133,131,2,2
22501,120,109,11,11
22502,156,149,7,7
22503,100,97,3,3
22504,41,40,1,1
22505,94,94,0,0
22506,59,53,6,6
22507,71,64,7,7
22508,68,62,6,6
22509,102,84,18,18
22510,134,119,15,15
22511,60,46,14,14
22512,169,132,37,37
22513,80,73,7,7
22514,126,137,-11,11
22515,146,122,24,24
22516,128,125,3,3
22517,67,59,8,8
22518,92,88,4,4
22519,72,68,4,4
22520,79,74,5,5
22521,102,87,15,15
22522,62,56,6,6
22523,59,55,4,4
22524,116,93,23,23
22525,96,83,13,13
22526,86,74,12,12
22527,68,68,0,0
22528,90,87,3,3
22529,90,73,17,17
22530,141,119,22,22
22531,109,97,12,12
22532,51,57,-6,6
22533,107,92,15,15
22534,130,115,15,15
22535,103,92,11,11
22536,49,51,-2,2
22537,106,88,18,18
22538,87,76,11,11
22539,68,59,9,9
22540,88,82,6,6
22541,79,76,3,3
22542,104,84,20,20
22543,94,84,10,10
22544,123,101,22,22
22545,98,81,17,17
22546,123,107,16,16
22547,104,95,9,9
22548,60,61,-1,1
22549,70,71,-1,1
22550,89,78,11,11
22551,122,105,17,17
22552,55,50,5,5
22553,141,124,17,17
22554,80,72,8,8
22555,97,86,11,11
22556,126,103,23,23
22557,73,69,4,4
22558,63,66,-3,3
22559,151,124,27,27
22560,109,94,15,15
22561,161,147,14,14
22562,80,71,9,9
22563,126,100,26,26
22564,89,77,12,12
22565,95,82,13,13
22566,163,132,31,31
22567,121,100,21,21
22568,80,76,4,4
22569,79,65,14,14
22570,94,79,15,15
22571,143,121,22,22
22572,95,82,13,13
22573,108,97,11,11
22574,94,87,7,7
22575,102,87,15,15
22576,84,80,4,4
22577,80,72,8,8
22578,135,117,18,18
22579,98,75,23,23
22580,113,104,9,9
22581,85,86,-1,1
22582,97,85,12,12
22583,67,67,0,0
22584,135,119,16,16
22585,31,26,5,5
22586,154,141,13,13
22587,136,122,14,14
22588,35,30,5,5
22589,145,124,21,21
22590,76,62,14,14
22591,89,88,1,1
22592,84,84,0,0
22593,82,88,-6,6
22594,76,66,10,10
22595,88,82,6,6
22596,85,71,14,14
22597,109,106,3,3
22598,165,144,21,21
22599,88,82,6,6
22600,54,49,5,5
22601,93,73,20,20
22602,66,65,1,1
22603,75,69,6,6
22604,55,51,4,4
22605,72,65,7,7
22606,113,100,13,13
22607,127,115,12,12
22608,53,53,0,0
22609,94,86,8,8
22610,90,83,7,7
22611,65,67,-2,2
22612,60,57,3,3
22613,59,42,17,17
22614,107,93,14,14
22615,93,96,-3,3
22616,128,109,19,19
22617,55,52,3,3
22618,93,83,10,10
22619,79,68,11,11
22620,148,122,26,26
22621,129,110,19,19
22622,51,54,-3,3
22623,92,82,10,10
22624,93,99,-6,6
22625,114,105,9,9
22626,72,67,5,5
22627,92,88,4,4
22628,81,68,13,13
22629,69,68,1,1
22630,93,80,13,13
22631,189,160,29,29
22632,71,64,7,7
22633,87,74,13,13
22634,48,86,-38,38
22635,94,82,12,12
22636,116,119,-3,3
22637,62,55,7,7
22638,240,198,42,42
22639,104,92,12,12
22640,80,81,-1,1
22641,66,56,10,10
22642,100,82,18,18
22643,133,120,13,13
22644,103,88,15,15
22645,137,129,8,8
22646,165,140,25,25
22647,125,111,14,14
22648,86,70,16,16
22649,95,79,16,16
22650,103,101,2,2
22651,140,111,29,29
22652,95,89,6,6
22653,68,65,3,3
22654,52,46,6,6
22655,77,64,13,13
22656,121,103,18,18
22657,107,100,7,7
22658,98,84,14,14
22659,100,82,18,18
22660,81,73,8,8
22661,46,36,10,10
22662,162,149,13,13
22663,136,119,17,17
22664,85,81,4,4
22665,83,70,13,13
22666,135,113,22,22
22667,39,41,-2,2
22668,61,56,5,5
22669,73,54,19,19
22670,87,64,23,23
22671,76,73,3,3
22672,84,92,-8,8
22673,94,74,20,20
22674,163,157,6,6
22675,80,76,4,4
22676,86,92,-6,6
22677,152,127,25,25
22678,100,99,1,1
22679,75,67,8,8
22680,92,81,11,11
22681,84,72,12,12
22682,144,125,19,19
22683,69,60,9,9
22684,109,105,4,4
22685,109,86,23,23
22686,88,67,21,21
22687,67,63,4,4
22688,115,99,16,16
22689,125,120,5,5
22690,95,91,4,4
22691,87,73,14,14
22692,98,89,9,9
22693,83,86,-3,3
22694,101,89,12,12
22695,51,41,10,10
22696,108,97,11,11
22697,136,129,7,7
22698,208,197,11,11
22699,121,108,13,13
22700,84,71,13,13
22701,86,72,14,14
22702,148,139,9,9
22703,110,107,3,3
22704,117,103,14,14
22705,96,91,5,5
22706,69,60,9,9
22707,137,122,15,15
22708,66,54,12,12
22709,89,68,21,21
22710,44,45,-1,1
22711,136,117,19,19
22712,128,104,24,24
22713,73,70,3,3
22714,155,148,7,7
22715,89,66,23,23
22716,87,65,22,22
22717,147,126,21,21
22718,64,58,6,6
22719,37,31,6,6
22720,122,106,16,16
22721,44,49,-5,5
22722,126,110,16,16
22723,60,61,-1,1
22724,148,129,19,19
22725,134,119,15,15
22726,87,70,17,17
22727,135,129,6,6
22728,90,78,12,12
22729,60,52,8,8
22730,86,64,22,22
22731,150,140,10,10
22732,59,62,-3,3
22733,111,91,20,20
22734,54,55,-1,1
22735,158,134,24,24
22736,135,113,22,22
22737,32,33,-1,1
22738,63,55,8,8
22739,117,93,24,24
22740,83,77,6,6
22741,54,51,3,3
22742,151,130,21,21
22743,64,59,5,5
22744,44,43,1,1
22745,138,123,15,15
22746,48,50,-2,2
22747,123,103,20,20
22748,97,89,8,8
22749,59,54,5,5
22750,96,90,6,6
22751,19,22,-3,3
22752,112,99,13,13
22753,131,133,-2,2
22754,153,141,12,12
22755,100,89,11,11
22756,183,169,14,14
22757,121,105,16,16
22758,129,113,16,16
22759,93,93,0,0
22760,89,84,5,5
22761,92,78,14,14
22762,81,94,-13,13
22763,133,115,18,18
22764,77,76,1,1
22765,63,56,7,7
22766,66,53,13,13
22767,74,70,4,4
22768,150,145,5,5
22769,76,75,1,1
22770,68,46,22,22
22771,73,61,12,12
22772,93,80,13,13
22773,90,71,19,19
22774,81,87,-6,6
22775,59,44,15,15
22776,160,130,30,30
22777,47,39,8,8
22778,109,121,-12,12
22779,133,115,18,18
22780,114,109,5,5
22781,89,72,17,17
22782,86,71,15,15
22783,95,76,19,19
22784,149,146,3,3
22785,86,74,12,12
22786,112,100,12,12
22787,61,93,-32,32
22788,32,33,-1,1
22789,141,125,16,16
22790,106,92,14,14
22791,62,59,3,3
22792,98,90,8,8
22793,169,127,42,42
22794,75,79,-4,4
22795,113,101,12,12
22796,69,63,6,6
22797,54,52,2,2
22798,72,72,0,0
22799,140,135,5,5
22800,86,82,4,4
22801,106,96,10,10
22802,81,72,9,9
22803,109,90,19,19
22804,120,98,22,22
22805,103,83,20,20
22806,201,171,30,30
22807,115,120,-5,5
22808,94,75,19,19
22809,110,113,-3,3
22810,90,81,9,9
22811,117,99,18,18
22812,80,65,15,15
22813,136,119,17,17
22814,95,91,4,4
22815,121,96,25,25
22816,38,41,-3,3
22817,100,81,19,19
22818,83,77,6,6
22819,102,90,12,12
22820,100,89,11,11
22821,67,60,7,7
22822,88,109,-21,21
22823,68,59,9,9
22824,145,129,16,16
22825,86,76,10,10
22826,107,91,16,16
22827,85,86,-1,1
22828,102,94,8,8
22829,132,122,10,10
22830,61,55,6,6
22831,70,58,12,12
22832,91,79,12,12
22833,139,127,12,12
22834,51,46,5,5
22835,39,36,3,3
22836,100,81,19,19
22837,93,83,10,10
22838,89,87,2,2
22839,92,89,3,3
22840,35,36,-1,1
22841,93,78,15,15
22842,64,62,2,2
22843,62,53,9,9
22844,102,80,22,22
22845,101,87,14,14
22846,93,82,11,11
22847,63,58,5,5
22848,88,81,7,7
22849,80,74,6,6
22850,134,88,46,46
22851,77,67,10,10
22852,73,66,7,7
22853,57,50,7,7
22854,118,80,38,38
22855,134,125,9,9
22856,127,114,13,13
22857,88,77,11,11
22858,91,82,9,9
22859,110,100,10,10
22860,46,40,6,6
22861,105,92,13,13
22862,103,98,5,5
22863,108,90,18,18
22864,93,89,4,4
22865,75,72,3,3
22866,131,120,11,11
22867,130,119,11,11
22868,89,78,11,11
22869,49,90,-41,41
22870,120,113,7,7
22871,151,151,0,0
22872,92,80,12,12
22873,77,74,3,3
22874,126,122,4,4
22875,100,91,9,9
22876,54,54,0,0
22877,110,95,15,15
22878,133,121,12,12
22879,119,111,8,8
22880,126,106,20,20
22881,42,37,5,5
22882,63,57,6,6
22883,170,150,20,20
22884,68,69,-1,1
22885,114,98,16,16
22886,115,89,26,26
22887,64,64,0,0
22888,90,81,9,9
22889,126,103,23,23
22890,72,75,-3,3
22891,116,127,-11,11
22892,151,143,8,8
22893,98,74,24,24
22894,135,117,18,18
22895,132,112,20,20
22896,166,142,24,24
22897,109,94,15,15
22898,73,64,9,9
22899,43,38,5,5
22900,60,53,7,7
22901,95,91,4,4
22902,185,161,24,24
22903,116,106,10,10
22904,120,107,13,13
22905,117,101,16,16
22906,80,81,-1,1
22907,54,53,1,1
22908,94,85,9,9
22909,104,99,5,5
22910,167,158,9,9
22911,183,167,16,16
22912,125,115,10,10
22913,67,58,9,9
22914,127,104,23,23
22915,108,98,10,10
22916,110,97,13,13
22917,72,62,10,10
22918,76,71,5,5
22919,60,53,7,7
22920,127,103,24,24
22921,60,51,9,9
22922,117,101,16,16
22923,62,54,8,8
22924,98,78,20,20
22925,64,61,3,3
22926,90,78,12,12
22927,155,145,10,10
22928,69,56,13,13
22929,91,74,17,17
22930,91,75,16,16
22931,97,79,18,18
22932,116,95,21,21
22933,100,90,10,10
22934,81,75,6,6
22935,77,69,8,8
22936,46,36,10,10
22937,86,89,-3,3
22938,98,81,17,17
22939,128,93,35,35
22940,53,48,5,5
22941,86,78,8,8
22942,106,98,8,8
22943,118,104,14,14
22944,132,122,10,10
22945,179,165,14,14
22946,72,60,12,12
22947,57,52,5,5
22948,159,138,21,21
22949,56,57,-1,1
22950,90,90,0,0
22951,84,75,9,9
22952,120,114,6,6
22953,99,78,21,21
22954,121,101,20,20
22955,96,87,9,9
22956,46,47,-1,1
22957,84,82,2,2
22958,79,70,9,9
22959,165,142,23,23
22960,72,64,8,8
22961,75,71,4,4
22962,116,107,9,9
22963,117,118,-1,1
22964,95,80,15,15
22965,138,137,1,1
22966,64,62,2,2
22967,70,65,5,5
22968,51,47,4,4
22969,74,79,-5,5
22970,105,93,12,12
22971,137,123,14,14
22972,93,82,11,11
22973,72,70,2,2
22974,83,70,13,13
22975,113,98,15,15
22976,97,83,14,14
22977,76,69,7,7
22978,65,59,6,6
22979,159,143,16,16
22980,72,64,8,8
22981,127,110,17,17
22982,94,81,13,13
22983,83,72,11,11
22984,84,80,4,4
22985,60,56,4,4
22986,100,94,6,6
22987,108,99,9,9
22988,118,104,14,14
22989,76,75,1,1
22990,87,65,22,22
22991,50,46,4,4
22992,38,33,5,5
22993,146,118,28,28
22994,114,105,9,9
22995,52,47,5,5
22996,84,78,6,6
22997,122,115,7,7
22998,102,88,14,14
22999,181,157,24,24
23000,98,85,13,13
23001,39,42,-3,3
23002,84,62,22,22
23003,145,105,40,40
23004,124,117,7,7
23005,110,110,0,0
23006,57,56,1,1
23007,88,71,17,17
23008,64,61,3,3
23009,195,167,28,28
23010,131,127,4,4
23011,124,110,14,14
23012,79,91,-12,12
23013,66,60,6,6
23014,100,99,1,1
23015,82,70,12,12
23016,81,75,6,6
23017,85,74,11,11
23018,192,169,23,23
23019,112,101,11,11
23020,166,146,20,20
23021,101,92,9,9
23022,82,63,19,19
23023,89,72,17,17
23024,94,80,14,14
23025,79,82,-3,3
23026,108,102,6,6
23027,117,101,16,16
23028,123,105,18,18
23029,81,71,10,10
23030,87,73,14,14
23031,66,61,5,5
23032,35,34,1,1
23033,102,82,20,20
23034,145,122,23,23
23035,62,55,7,7
23036,121,105,16,16
23037,69,63,6,6
23038,142,121,21,21
23039,74,59,15,15
23040,92,78,14,14
23041,63,52,11,11
23042,71,65,6,6
23043,148,121,27,27
23044,72,70,2,2
23045,75,62,13,13
23046,118,111,7,7
23047,103,96,7,7
23048,136,109,27,27
23049,126,122,4,4
23050,93,88,5,5
23051,101,92,9,9
23052,133,112,21,21
23053,83,79,4,4
23054,91,83,8,8
23055,52,43,9,9
23056,100,90,10,10
23057,88,78,10,10
23058,80,77,3,3
23059,83,80,3,3
23060,90,78,12,12
23061,69,84,-15,15
23062,85,72,13,13
23063,107,89,18,18
23064,103,85,18,18
23065,60,53,7,7
23066,152,142,10,10
23067,40,35,5,5
23068,87,71,16,16
23069,78,64,14,14
23070,145,131,14,14
23071,47,42,5,5
23072,139,115,24,24
23073,94,80,14,14
23074,138,144,-6,6
23075,115,89,26,26
23076,94,85,9,9
23077,106,93,13,13
23078,85,83,2,2
23079,82,70,12,12
23080,61,54,7,7
23081,160,138,22,22
23082,157,149,8,8
23083,87,82,5,5
23084,135,112,23,23
23085,120,102,18,18
23086,104,89,15,15
23087,165,134,31,31
23088,88,79,9,9
23089,67,65,2,2
23090,87,73,14,14
23091,66,61,5,5
23092,74,68,6,6
23093,76,69,7,7
23094,62,59,3,3
23095,79,75,4,4
23096,91,82,9,9
23097,70,62,8,8
23098,148,125,23,23
23099,135,113,22,22
23100,74,73,1,1
23101,78,67,11,11
23102,93,81,12,12
23103,124,108,16,16
23104,129,121,8,8
23105,98,81,17,17
23106,72,60,12,12
23107,53,50,3,3
23108,138,123,15,15
23109,184,144,40,40
23110,85,76,9,9
23111,82,69,13,13
23112,105,101,4,4
23113,99,87,12,12
23114,65,61,4,4
23115,73,62,11,11
23116,66,53,13,13
23117,102,94,8,8
23118,85,64,21,21
23119,188,174,14,14
23120,81,177,-96,96
23121,124,109,15,15
23122,59,54,5,5
23123,108,97,11,11
23124,92,87,5,5
23125,100,88,12,12
23126,105,92,13,13
23127,93,84,9,9
23128,155,140,15,15
23129,71,61,10,10
23130,65,49,16,16
23131,94,79,15,15
23132,122,118,4,4
23133,70,64,6,6
23134,65,57,8,8
23135,160,142,18,18
23136,115,103,12,12
23137,134,126,8,8
23138,101,94,7,7
23139,105,94,11,11
23140,93,87,6,6
23141,94,79,15,15
23142,82,69,13,13
23143,90,80,10,10
23144,78,60,18,18
23145,145,130,15,15
23146,120,107,13,13
23147,94,83,11,11
23148,95,77,18,18
23149,115,118,-3,3
23150,49,44,5,5
23151,134,124,10,10
23152,88,70,18,18
23153,82,76,6,6
23154,67,51,16,16
23155,71,59,12,12
23156,56,62,-6,6
23157,88,73,15,15
23158,34,37,-3,3
23159,62,70,-8,8
23160,82,75,7,7
23161,111,106,5,5
23162,48,41,7,7
23163,102,96,6,6
23164,143,123,20,20
23165,47,39,8,8
23166,76,67,9,9
23167,119,105,14,14
23168,64,53,11,11
23169,72,59,13,13
23170,141,120,21,21
23171,64,50,14,14
23172,127,105,22,22
23173,72,66,6,6
23174,111,98,13,13
23175,104,77,27,27
23176,77,72,5,5
23177,133,131,2,2
23178,113,97,16,16
23179,110,99,11,11
23180,89,79,10,10
23181,125,112,13,13
23182,127,101,26,26
23183,68,56,12,12
23184,99,97,2,2
23185,86,78,8,8
23186,111,99,12,12
23187,118,97,21,21
23188,74,71,3,3
23189,132,110,22,22
23190,99,85,14,14
23191,139,128,11,11
23192,107,99,8,8
23193,70,72,-2,2
23194,77,62,15,15
23195,101,97,4,4
23196,103,92,11,11
23197,86,78,8,8
23198,104,83,21,21
23199,100,98,2,2
23200,150,127,23,23
23201,69,59,10,10
23202,129,116,13,13
23203,162,156,6,6
23204,111,111,0,0
23205,133,116,17,17
23206,87,76,11,11
23207,74,75,-1,1
23208,95,93,2,2
23209,110,109,1,1
23210,124,112,12,12
23211,155,136,19,19
23212,74,59,15,15
23213,80,62,18,18
23214,90,74,16,16
23215,100,86,14,14
23216,112,86,26,26
23217,81,59,22,22
23218,73,70,3,3
23219,122,107,15,15
23220,130,112,18,18
23221,129,111,18,18
23222,123,105,18,18
23223,84,79,5,5
23224,63,60,3,3
23225,144,121,23,23
23226,91,143,-52,52
23227,66,65,1,1
23228,95,82,13,13
23229,129,111,18,18
23230,75,67,8,8
23231,152,179,-27,27
23232,119,96,23,23
23233,107,96,11,11
23234,184,156,28,28
23235,84,77,7,7
23236,123,108,15,15
23237,167,134,33,33
23238,59,49,10,10
23239,68,65,3,3
23240,119,98,21,21
23241,77,60,17,17
23242,70,71,-1,1
23243,79,62,17,17
23244,114,109,5,5
23245,75,65,10,10
23246,64,51,13,13
23247,127,105,22,22
23248,52,50,2,2
23249,67,52,15,15
23250,73,70,3,3
23251,85,73,12,12
23252,63,58,5,5
23253,88,70,18,18
23254,89,98,-9,9
23255,133,105,28,28
23256,82,75,7,7
23257,115,95,20,20
23258,97,89,8,8
23259,81,81,0,0
23260,102,85,17,17
23261,68,53,15,15
23262,64,53,11,11
23263,70,62,8,8
23264,73,67,6,6
23265,59,62,-3,3
23266,136,121,15,15
23267,103,98,5,5
23268,137,109,28,28
23269,73,68,5,5
23270,83,74,9,9
23271,95,76,19,19
23272,138,116,22,22
23273,86,74,12,12
23274,66,76,-10,10
23275,134,154,-20,20
23276,116,102,14,14
23277,70,62,8,8
23278,118,102,16,16
23279,131,117,14,14
23280,40,59,-19,19
23281,82,74,8,8
23282,78,63,15,15
23283,97,79,18,18
23284,89,86,3,3
23285,133,115,18,18
23286,76,64,12,12
23287,152,124,28,28
23288,92,78,14,14
23289,62,55,7,7
23290,179,146,33,33
23291,127,106,21,21
23292,115,101,14,14
23293,54,60,-6,6
23294,136,108,28,28
23295,76,75,1,1
23296,62,58,4,4
23297,78,66,12,12
23298,182,156,26,26
23299,67,62,5,5
23300,110,90,20,20
23301,92,75,17,17
23302,150,126,24,24
23303,122,113,9,9
23304,62,61,1,1
23305,109,93,16,16
23306,123,106,17,17
23307,107,101,6,6
23308,50,57,-7,7
23309,62,55,7,7
23310,115,103,12,12
23311,41,49,-8,8
23312,106,92,14,14
23313,58,57,1,1
23314,67,60,7,7
23315,64,51,13,13
23316,71,77,-6,6
23317,83,83,0,0
23318,157,154,3,3
23319,90,82,8,8
23320,100,99,1,1
23321,92,86,6,6
23322,87,93,-6,6
23323,76,80,-4,4
23324,101,95,6,6
23325,56,41,15,15
23326,65,61,4,4
23327,70,68,2,2
23328,57,51,6,6
23329,112,131,-19,19
23330,50,64,-14,14
23331,47,51,-4,4
23332,140,142,-2,2
23333,51,44,7,7
23334,61,62,-1,1
23335,78,71,7,7
23336,70,58,12,12
23337,98,81,17,17
23338,152,129,23,23
23339,99,93,6,6
23340,93,90,3,3
23341,90,78,12,12
23342,51,50,1,1
23343,94,79,15,15
23344,82,78,4,4
23345,137,110,27,27
23346,85,83,2,2
23347,131,127,4,4
23348,110,89,21,21
23349,70,58,12,12
23350,99,99,0,0
23351,146,126,20,20
23352,37,34,3,3
23353,94,79,15,15
23354,124,108,16,16
23355,91,95,-4,4
23356,85,77,8,8
23357,58,57,1,1
23358,78,79,-1,1
23359,62,62,0,0
23360,51,46,5,5
23361,85,78,7,7
23362,64,60,4,4
23363,108,107,1,1
23364,89,83,6,6
23365,120,108,12,12
23366,131,104,27,27
23367,50,46,4,4
23368,109,97,12,12
23369,82,70,12,12
23370,115,94,21,21
23371,121,112,9,9
23372,193,174,19,19
23373,66,59,7,7
23374,125,108,17,17
23375,64,56,8,8
23376,105,87,18,18
23377,47,46,1,1
23378,57,61,-4,4
23379,105,88,17,17
23380,124,113,11,11
23381,90,84,6,6
23382,126,106,20,20
23383,89,86,3,3
23384,122,104,18,18
23385,116,102,14,14
23386,80,63,17,17
23387,92,78,14,14
23388,62,73,-11,11
23389,144,126,18,18
23390,45,51,-6,6
23391,139,129,10,10
23392,117,98,19,19
23393,99,91,8,8
23394,98,86,12,12
23395,87,82,5,5
23396,171,140,31,31
23397,127,99,28,28
23398,114,97,17,17
23399,100,94,6,6
23400,71,72,-1,1
23401,143,119,24,24
23402,84,77,7,7
23403,89,76,13,13
23404,85,74,11,11
23405,69,59,10,10
23406,145,144,1,1
23407,115,108,7,7
23408,116,106,10,10
23409,114,106,8,8
23410,58,45,13,13
23411,79,67,12,12
23412,73,67,6,6
23413,114,106,8,8
23414,140,132,8,8
23415,92,89,3,3
23416,111,103,8,8
23417,131,126,5,5
23418,76,71,5,5
23419,94,85,9,9
23420,91,89,2,2
23421,76,66,10,10
23422,115,100,15,15
23423,65,58,7,7
23424,113,108,5,5
23425,85,84,1,1
23426,214,209,5,5
23427,211,187,24,24
23428,41,37,4,4
23429,78,65,13,13
23430,161,142,19,19
23431,79,69,10,10
23432,51,50,1,1
23433,103,94,9,9
23434,73,67,6,6
23435,55,54,1,1
23436,136,106,30,30
23437,131,121,10,10
23438,77,71,6,6
23439,80,67,13,13
23440,110,102,8,8
23441,54,49,5,5
23442,111,106,5,5
23443,84,77,7,7
23444,70,56,14,14
23445,70,63,7,7
23446,106,89,17,17
23447,97,87,10,10
23448,100,86,14,14
23449,135,121,14,14
23450,86,76,10,10
23451,42,37,5,5
23452,132,125,7,7
23453,73,64,9,9
23454,125,112,13,13
23455,83,81,2,2
23456,125,115,10,10
23457,120,106,14,14
23458,110,96,14,14
23459,197,168,29,29
23460,111,99,12,12
23461,86,86,0,0
23462,76,61,15,15
23463,150,129,21,21
23464,115,103,12,12
23465,89,87,2,2
23466,176,137,39,39
23467,64,61,3,3
23468,120,105,15,15
23469,121,104,17,17
23470,64,70,-6,6
23471,49,56,-7,7
23472,70,57,13,13
23473,112,97,15,15
23474,89,85,4,4
23475,107,93,14,14
23476,155,142,13,13
23477,73,68,5,5
23478,129,122,7,7
23479,161,141,20,20
23480,89,79,10,10
23481,113,107,6,6
23482,99,78,21,21
23483,127,116,11,11
23484,115,103,12,12
23485,78,69,9,9
23486,155,154,1,1
23487,54,44,10,10
23488,89,80,9,9
23489,115,96,19,19
23490,82,73,9,9
23491,165,146,19,19
23492,90,77,13,13
23493,87,77,10,10
23494,115,100,15,15
23495,70,63,7,7
23496,85,69,16,16
23497,101,89,12,12
23498,118,119,-1,1
23499,135,103,32,32
23500,74,62,12,12
23501,108,109,-1,1
23502,134,119,15,15
23503,109,96,13,13
23504,77,70,7,7
23505,71,58,13,13
23506,78,65,13,13
23507,125,100,25,25
23508,90,79,11,11
23509,47,41,6,6
23510,89,72,17,17
23511,102,88,14,14
23512,94,85,9,9
23513,137,127,10,10
23514,110,90,20,20
23515,100,88,12,12
23516,125,106,19,19
23517,57,83,-26,26
23518,120,106,14,14
23519,149,131,18,18
23520,69,71,-2,2
23521,91,88,3,3
23522,69,60,9,9
23523,143,123,20,20
23524,112,94,18,18
23525,108,89,19,19
23526,83,81,2,2
23527,102,96,6,6
23528,55,47,8,8
23529,101,86,15,15
23530,39,36,3,3
23531,173,155,18,18
23532,98,83,15,15
23533,136,119,17,17
23534,62,53,9,9
23535,188,147,41,41
23536,98,88,10,10
23537,132,114,18,18
23538,89,89,0,0
23539,106,98,8,8
23540,101,99,2,2
23541,150,128,22,22
23542,194,167,27,27
23543,108,103,5,5
23544,78,78,0,0
23545,70,64,6,6
23546,93,88,5,5
23547,65,69,-4,4
23548,113,91,22,22
23549,129,115,14,14
23550,94,85,9,9
23551,108,94,14,14
23552,90,82,8,8
23553,68,65,3,3
23554,98,93,5,5
23555,96,96,0,0
23556,85,87,-2,2
23557,137,130,7,7
23558,112,101,11,11
23559,168,145,23,23
23560,87,84,3,3
23561,134,114,20,20
23562,75,72,3,3
23563,135,117,18,18
23564,81,74,7,7
23565,96,95,1,1
23566,91,89,2,2
23567,104,83,21,21
23568,105,88,17,17
23569,56,45,11,11
23570,111,95,16,16
23571,56,59,-3,3
23572,62,53,9,9
23573,103,93,10,10
23574,144,133,11,11
23575,101,90,11,11
23576,79,59,20,20
23577,102,86,16,16
23578,121,107,14,14
23579,140,125,15,15
23580,135,122,13,13
23581,80,68,12,12
23582,51,52,-1,1
23583,152,127,25,25
23584,94,81,13,13
23585,52,41,11,11
23586,78,72,6,6
23587,82,74,8,8
23588,75,66,9,9
23589,117,107,10,10
23590,136,117,19,19
23591,92,83,9,9
23592,55,42,13,13
23593,126,103,23,23
23594,55,53,2,2
23595,43,36,7,7
23596,83,82,1,1
23597,116,111,5,5
23598,113,99,14,14
23599,60,52,8,8
23600,100,88,12,12
23601,100,96,4,4
23602,113,101,12,12
23603,123,128,-5,5
23604,69,65,4,4
23605,113,119,-6,6
23606,71,71,0,0
23607,132,113,19,19
23608,151,134,17,17
23609,57,52,5,5
23610,105,95,10,10
23611,188,143,45,45
23612,79,64,15,15
23613,151,137,14,14
23614,137,125,12,12
23615,42,25,17,17
23616,144,128,16,16
23617,41,45,-4,4
23618,82,72,10,10
23619,91,74,17,17
23620,65,64,1,1
23621,65,60,5,5
23622,103,97,6,6
23623,116,103,13,13
23624,149,136,13,13
23625,202,173,29,29
23626,61,53,8,8
23627,78,69,9,9
23628,154,124,30,30
23629,87,80,7,7
23630,93,78,15,15
23631,134,122,12,12
23632,116,109,7,7
23633,124,121,3,3
23634,148,132,16,16
23635,140,131,9,9
23636,69,61,8,8
23637,107,96,11,11
23638,99,84,15,15
23639,137,117,20,20
23640,165,129,36,36
23641,102,87,15,15
23642,116,99,17,17
23643,95,68,27,27
23644,86,93,-7,7
23645,88,90,-2,2
23646,108,98,10,10
23647,153,143,10,10
23648,69,60,9,9
23649,76,64,12,12
23650,103,91,12,12
23651,79,83,-4,4
23652,129,105,24,24
23653,87,79,8,8
23654,67,59,8,8
23655,81,72,9,9
23656,118,101,17,17
23657,69,60,9,9
23658,63,62,1,1
23659,77,68,9,9
23660,113,101,12,12
23661,143,129,14,14
23662,57,52,5,5
23663,86,77,9,9
23664,36,48,-12,12
23665,128,102,26,26
23666,111,98,13,13
23667,68,64,4,4
23668,60,61,-1,1
23669,90,82,8,8
23670,99,90,9,9
23671,80,69,11,11
23672,79,80,-1,1
23673,84,84,0,0
23674,77,62,15,15
23675,132,118,14,14
23676,94,56,38,38
23677,95,89,6,6
23678,67,60,7,7
23679,134,113,21,21
23680,148,137,11,11
23681,92,79,13,13
23682,85,68,17,17
23683,69,66,3,3
23684,107,105,2,2
23685,113,117,-4,4
23686,49,48,1,1
23687,31,34,-3,3
23688,72,70,2,2
23689,135,124,11,11
23690,126,110,16,16
23691,67,58,9,9
23692,70,68,2,2
23693,64,57,7,7
23694,70,80,-10,10
23695,88,71,17,17
23696,66,63,3,3
23697,80,81,-1,1
23698,82,87,-5,5
23699,85,80,5,5
23700,128,114,14,14
23701,116,103,13,13
23702,74,60,14,14
23703,107,95,12,12
23704,74,65,9,9
23705,133,106,27,27
23706,91,79,12,12
23707,100,94,6,6
23708,90,70,20,20
23709,41,43,-2,2
23710,117,103,14,14
23711,91,85,6,6
23712,108,112,-4,4
23713,61,55,6,6
23714,201,178,23,23
23715,112,100,12,12
23716,62,52,10,10
23717,70,66,4,4
23718,79,72,7,7
23719,85,69,16,16
23720,138,117,21,21
23721,132,119,13,13
23722,46,45,1,1
23723,172,159,13,13
23724,120,99,21,21
23725,120,103,17,17
23726,96,92,4,4
23727,108,93,15,15
23728,125,116,9,9
23729,72,72,0,0
23730,110,88,22,22
23731,51,58,-7,7
23732,127,113,14,14
23733,109,101,8,8
23734,70,61,9,9
23735,91,80,11,11
23736,53,55,-2,2
23737,195,177,18,18
23738,63,57,6,6
23739,97,90,7,7
23740,109,91,18,18
23741,116,110,6,6
23742,52,54,-2,2
23743,66,69,-3,3
23744,70,55,15,15
23745,143,132,11,11
23746,61,118,-57,57
23747,105,86,19,19
23748,58,48,10,10
23749,141,130,11,11
23750,64,53,11,11
23751,126,113,13,13
23752,154,139,15,15
23753,103,85,18,18
23754,54,51,3,3
23755,100,91,9,9
23756,99,89,10,10
23757,84,80,4,4
23758,67,65,2,2
23759,51,55,-4,4
23760,118,110,8,8
23761,139,115,24,24
23762,83,75,8,8
23763,127,116,11,11
23764,98,85,13,13
23765,86,76,10,10
23766,53,54,-1,1
23767,111,106,5,5
23768,82,74,8,8
23769,101,81,20,20
23770,79,72,7,7
23771,82,82,0,0
23772,101,81,20,20
23773,172,147,25,25
23774,49,54,-5,5
23775,144,127,17,17
23776,79,70,9,9
23777,71,68,3,3
23778,109,100,9,9
23779,97,83,14,14
23780,134,117,17,17
23781,139,146,-7,7
23782,103,85,18,18
23783,104,89,15,15
23784,45,49,-4,4
23785,124,123,1,1
23786,77,73,4,4
23787,92,83,9,9
23788,54,46,8,8
23789,96,86,10,10
23790,77,55,22,22
23791,99,84,15,15
23792,46,46,0,0
23793,128,118,10,10
23794,114,109,5,5
23795,183,162,21,21
23796,74,70,4,4
23797,152,126,26,26
23798,95,75,20,20
23799,84,68,16,16
23800,103,93,10,10
23801,118,103,15,15
23802,82,89,-7,7
23803,161,158,3,3
23804,93,77,16,16
23805,91,73,18,18
23806,106,92,14,14
23807,91,76,15,15
23808,52,51,1,1
23809,89,79,10,10
23810,80,74,6,6
23811,112,109,3,3
23812,69,57,12,12
23813,68,60,8,8
23814,219,184,35,35
23815,89,83,6,6
23816,127,111,16,16
23817,84,83,1,1
23818,85,74,11,11
23819,28,61,-33,33
23820,141,119,22,22
23821,92,85,7,7
23822,130,110,20,20
23823,59,57,2,2
23824,143,120,23,23
23825,145,123,22,22
23826,73,67,6,6
23827,177,155,22,22
23828,169,143,26,26
23829,54,46,8,8
23830,128,105,23,23
23831,52,49,3,3
23832,129,118,11,11
23833,99,93,6,6
23834,119,93,26,26
23835,75,72,3,3
23836,119,99,20,20
23837,103,89,14,14
23838,130,115,15,15
23839,119,102,17,17
23840,100,85,15,15
23841,159,157,2,2
23842,75,61,14,14
23843,86,81,5,5
23844,123,109,14,14
23845,74,68,6,6
23846,50,54,-4,4
23847,57,42,15,15
23848,50,48,2,2
23849,71,68,3,3
23850,96,87,9,9
23851,76,70,6,6
23852,130,111,19,19
23853,62,63,-1,1
23854,92,75,17,17
23855,98,94,4,4
23856,67,55,12,12
23857,231,203,28,28
23858,68,52,16,16
23859,59,49,10,10
23860,82,65,17,17
23861,67,61,6,6
23862,88,71,17,17
23863,138,107,31,31
23864,81,61,20,20
23865,117,104,13,13
23866,67,65,2,2
23867,57,55,2,2
23868,53,48,5,5
23869,87,79,8,8
23870,123,116,7,7
23871,128,114,14,14
23872,80,71,9,9
23873,95,82,13,13
23874,105,98,7,7
23875,92,86,6,6
23876,97,81,16,16
23877,96,95,1,1
23878,114,93,21,21
23879,57,55,2,2
23880,174,145,29,29
23881,98,86,12,12
23882,96,79,17,17
23883,34,44,-10,10
23884,53,47,6,6
23885,70,64,6,6
23886,100,96,4,4
23887,112,105,7,7
23888,86,79,7,7
23889,106,93,13,13
23890,75,70,5,5
23891,97,100,-3,3
23892,93,87,6,6
23893,105,71,34,34
23894,108,97,11,11
23895,137,130,7,7
23896,99,95,4,4
23897,71,64,7,7
23898,157,149,8,8
23899,111,98,13,13
23900,102,83,19,19
23901,144,126,18,18
23902,86,73,13,13
23903,63,70,-7,7
23904,97,82,15,15
23905,30,33,-3,3
23906,77,69,8,8
23907,111,95,16,16
23908,77,66,11,11
23909,41,37,4,4
23910,82,77,5,5
23911,144,126,18,18
23912,117,101,16,16
23913,94,79,15,15
23914,58,50,8,8
23915,101,88,13,13
23916,105,87,18,18
23917,99,97,2,2
23918,88,75,13,13
23919,69,68,1,1
23920,67,53,14,14
23921,51,56,-5,5
23922,120,106,14,14
23923,60,58,2,2
23924,90,77,13,13
23925,81,70,11,11
23926,163,158,5,5
23927,142,119,23,23
23928,65,58,7,7
23929,156,140,16,16
23930,52,43,9,9
23931,74,59,15,15
23932,115,101,14,14
23933,126,122,4,4
23934,48,45,3,3
23935,129,121,8,8
23936,160,136,24,24
23937,110,106,4,4
23938,121,116,5,5
23939,97,83,14,14
23940,110,125,-15,15
23941,135,120,15,15
23942,153,142,11,11
23943,103,114,-11,11
23944,103,89,14,14
23945,119,102,17,17
23946,76,71,5,5
23947,195,190,5,5
23948,57,50,7,7
23949,59,65,-6,6
23950,146,136,10,10
23951,91,70,21,21
23952,101,87,14,14
23953,240,191,49,49
23954,88,85,3,3
23955,83,64,19,19
23956,77,68,9,9
23957,82,77,5,5
23958,82,84,-2,2
23959,119,98,21,21
23960,106,88,18,18
23961,101,98,3,3
23962,78,73,5,5
23963,82,72,10,10
23964,82,74,8,8
23965,126,102,24,24
23966,87,85,2,2
23967,96,87,9,9
23968,68,61,7,7
23969,100,84,16,16
23970,71,68,3,3
23971,91,88,3,3
23972,118,104,14,14
23973,93,85,8,8
23974,87,78,9,9
23975,75,73,2,2
23976,64,55,9,9
23977,94,77,17,17
23978,45,44,1,1
23979,97,78,19,19
23980,115,101,14,14
23981,84,66,18,18
23982,139,115,24,24
23983,155,150,5,5
23984,65,62,3,3
23985,72,69,3,3
23986,65,63,2,2
23987,45,36,9,9
23988,92,85,7,7
23989,148,128,20,20
23990,163,133,30,30
23991,80,63,17,17
23992,131,108,23,23
23993,74,63,11,11
23994,62,57,5,5
23995,65,53,12,12
23996,110,88,22,22
23997,119,82,37,37
23998,110,95,15,15
23999,89,84,5,5
24000,104,102,2,2
24001,110,108,2,2
24002,83,68,15,15
24003,134,120,14,14
24004,110,103,7,7
24005,74,79,-5,5
24006,152,138,14,14
24007,103,92,11,11
24008,47,46,1,1
24009,104,87,17,17
24010,59,57,2,2
24011,76,58,18,18
24012,82,77,5,5
24013,100,93,7,7
24014,127,116,11,11
24015,70,57,13,13
24016,71,73,-2,2
24017,83,85,-2,2
24018,80,73,7,7
24019,102,92,10,10
24020,70,70,0,0
24021,89,74,15,15
24022,75,66,9,9
24023,104,92,12,12
24024,84,64,20,20
24025,56,53,3,3
24026,55,55,0,0
24027,141,141,0,0
24028,82,78,4,4
24029,182,157,25,25
24030,154,143,11,11
24031,86,79,7,7
24032,78,71,7,7
24033,91,82,9,9
24034,115,106,9,9
24035,112,106,6,6
24036,98,106,-8,8
24037,83,69,14,14
24038,58,54,4,4
24039,72,62,10,10
24040,46,51,-5,5
24041,54,48,6,6
24042,99,91,8,8
24043,100,116,-16,16
24044,114,104,10,10
24045,56,43,13,13
24046,49,52,-3,3
24047,63,54,9,9
24048,63,54,9,9
24049,72,67,5,5
24050,97,84,13,13
24051,59,55,4,4
24052,123,116,7,7
24053,109,105,4,4
24054,108,96,12,12
24055,95,93,2,2
24056,94,78,16,16
24057,59,59,0,0
24058,80,74,6,6
24059,140,126,14,14
24060,102,92,10,10
24061,65,64,1,1
24062,117,100,17,17
24063,63,49,14,14
24064,77,76,1,1
24065,137,87,50,50
24066,114,105,9,9
24067,78,61,17,17
24068,45,41,4,4
24069,84,80,4,4
24070,96,86,10,10
24071,62,60,2,2
24072,67,67,0,0
24073,178,144,34,34
24074,78,78,0,0
24075,112,103,9,9
24076,99,72,27,27
24077,94,89,5,5
24078,86,68,18,18
24079,116,100,16,16
24080,64,54,10,10
24081,51,47,4,4
24082,176,140,36,36
24083,120,97,23,23
24084,121,94,27,27
24085,84,72,12,12
24086,108,97,11,11
24087,97,89,8,8
24088,91,83,8,8
24089,117,108,9,9
24090,102,79,23,23
24091,53,46,7,7
24092,82,71,11,11
24093,63,59,4,4
24094,50,77,-27,27
24095,121,101,20,20
24096,33,42,-9,9
24097,75,67,8,8
24098,98,89,9,9
24099,95,81,14,14
24100,94,79,15,15
24101,43,38,5,5
24102,88,90,-2,2
24103,72,67,5,5
24104,118,98,20,20
24105,76,72,4,4
24106,58,53,5,5
24107,104,79,25,25
24108,115,102,13,13
24109,63,57,6,6
24110,105,100,5,5
24111,59,50,9,9
24112,58,52,6,6
24113,146,126,20,20
24114,82,79,3,3
24115,114,111,3,3
24116,95,83,12,12
24117,46,45,1,1
24118,122,104,18,18
24119,78,72,6,6
24120,97,82,15,15
24121,111,100,11,11
24122,161,134,27,27
24123,157,151,6,6
24124,90,87,3,3
24125,69,58,11,11
24126,78,66,12,12
24127,111,97,14,14
24128,56,47,9,9
24129,83,65,18,18
24130,186,162,24,24
24131,76,74,2,2
24132,76,72,4,4
24133,136,122,14,14
24134,87,77,10,10
24135,87,73,14,14
24136,72,74,-2,2
24137,64,67,-3,3
24138,162,149,13,13
24139,59,54,5,5
24140,77,64,13,13
24141,58,53,5,5
24142,65,54,11,11
24143,103,82,21,21
24144,74,61,13,13
24145,83,64,19,19
24146,62,53,9,9
24147,115,91,24,24
24148,88,82,6,6
24149,79,75,4,4
24150,102,88,14,14
24151,76,66,10,10
24152,72,66,6,6
24153,127,120,7,7
24154,57,53,4,4
24155,123,114,9,9
24156,108,95,13,13
24157,179,147,32,32
24158,56,70,-14,14
24159,129,127,2,2
24160,76,78,-2,2
24161,160,126,34,34
24162,108,89,19,19
24163,65,59,6,6
24164,80,70,10,10
24165,68,78,-10,10
24166,125,141,-16,16
24167,55,51,4,4
24168,101,98,3,3
24169,102,88,14,14
24170,151,143,8,8
24171,98,115,-17,17
24172,72,76,-4,4
24173,124,110,14,14
24174,113,96,17,17
24175,84,68,16,16
24176,51,49,2,2
24177,73,63,10,10
24178,58,43,15,15
24179,103,92,11,11
24180,89,66,23,23
24181,103,97,6,6
24182,122,110,12,12
24183,62,60,2,2
24184,152,127,25,25
24185,49,45,4,4
24186,76,71,5,5
24187,107,90,17,17
24188,63,71,-8,8
24189,132,118,14,14
24190,167,95,72,72
24191,105,89,16,16
24192,160,149,11,11
24193,86,75,11,11
24194,105,88,17,17
24195,88,79,9,9
24196,102,88,14,14
24197,102,105,-3,3
24198,101,106,-5,5
24199,48,51,-3,3
24200,131,115,16,16
24201,45,35,10,10
24202,100,90,10,10
24203,77,67,10,10
24204,131,127,4,4
24205,106,95,11,11
24206,115,100,15,15
24207,140,117,23,23
24208,111,108,3,3
24209,100,97,3,3
24210,55,52,3,3
24211,80,67,13,13
24212,98,97,1,1
24213,61,51,10,10
24214,106,93,13,13
24215,91,84,7,7
24216,96,81,15,15
24217,88,75,13,13
24218,79,73,6,6
24219,108,108,0,0
24220,108,102,6,6
24221,137,111,26,26
24222,110,97,13,13
24223,67,59,8,8
24224,81,70,11,11
24225,74,66,8,8
24226,95,93,2,2
24227,36,28,8,8
24228,96,86,10,10
24229,80,77,3,3
24230,86,69,17,17
24231,145,142,3,3
24232,163,148,15,15
24233,57,46,11,11
24234,91,88,3,3
24235,100,97,3,3
24236,55,46,9,9
24237,118,103,15,15
24238,183,170,13,13
24239,79,74,5,5
24240,82,61,21,21
24241,107,96,11,11
24242,47,49,-2,2
24243,103,99,4,4
24244,78,65,13,13
24245,114,103,11,11
24246,127,109,18,18
24247,65,61,4,4
24248,149,147,2,2
24249,72,60,12,12
24250,75,69,6,6
24251,99,89,10,10
24252,91,80,11,11
24253,50,52,-2,2
24254,116,101,15,15
24255,150,118,32,32
24256,136,126,10,10
24257,145,75,70,70
24258,64,64,0,0
24259,81,74,7,7
24260,76,63,13,13
24261,91,72,19,19
24262,64,51,13,13
24263,52,49,3,3
24264,85,79,6,6
24265,93,85,8,8
24266,80,80,0,0
24267,84,79,5,5
24268,71,64,7,7
24269,73,63,10,10
24270,54,54,0,0
24271,87,69,18,18
24272,88,86,2,2
24273,50,51,-1,1
24274,122,106,16,16
24275,98,87,11,11
24276,82,69,13,13
24277,173,142,31,31
24278,78,68,10,10
24279,106,90,16,16
24280,103,104,-1,1
24281,78,63,15,15
24282,57,58,-1,1
24283,125,123,2,2
24284,103,88,15,15
24285,100,92,8,8
24286,78,72,6,6
24287,122,101,21,21
24288,122,122,0,0
24289,135,117,18,18
24290,110,85,25,25
24291,174,145,29,29
24292,54,48,6,6
24293,43,42,1,1
24294,82,72,10,10
24295,91,78,13,13
24296,104,86,18,18
24297,148,126,22,22
24298,30,31,-1,1
24299,115,98,17,17
24300,122,104,18,18
24301,126,108,18,18
24302,68,74,-6,6
24303,119,88,31,31
24304,124,118,6,6
24305,81,68,13,13
24306,74,65,9,9
24307,75,67,8,8
24308,57,57,0,0
24309,92,63,29,29
24310,79,65,14,14
24311,118,112,6,6
24312,62,60,2,2
24313,86,72,14,14
24314,57,42,15,15
24315,93,97,-4,4
24316,111,90,21,21
24317,77,71,6,6
24318,66,64,2,2
24319,142,96,46,46
24320,117,96,21,21
24321,48,44,4,4
24322,195,164,31,31
24323,100,91,9,9
24324,103,73,30,30
24325,59,59,0,0
24326,76,67,9,9
24327,108,98,10,10
24328,127,117,10,10
24329,91,70,21,21
24330,67,62,5,5
24331,157,131,26,26
24332,120,118,2,2
24333,79,70,9,9
24334,95,86,9,9
24335,103,93,10,10
24336,126,110,16,16
24337,73,85,-12,12
24338,53,56,-3,3
24339,126,114,12,12
24340,78,67,11,11
24341,128,117,11,11
24342,51,50,1,1
24343,76,67,9,9
24344,130,119,11,11
24345,87,81,6,6
24346,76,71,5,5
24347,71,63,8,8
24348,115,105,10,10
24349,119,106,13,13
24350,75,66,9,9
24351,75,71,4,4
24352,93,75,18,18
24353,128,124,4,4
24354,127,145,-18,18
24355,94,85,9,9
24356,133,113,20,20
24357,53,40,13,13
24358,146,124,22,22
24359,117,118,-1,1
24360,74,65,9,9
24361,126,113,13,13
24362,41,47,-6,6
24363,143,130,13,13
24364,90,81,9,9
24365,73,67,6,6
24366,156,138,18,18
24367,72,65,7,7
24368,59,49,10,10
24369,27,31,-4,4
24370,93,87,6,6
24371,87,82,5,5
24372,44,44,0,0
24373,182,170,12,12
24374,90,81,9,9
24375,170,141,29,29
24376,128,117,11,11
24377,102,70,32,32
24378,99,86,13,13
24379,106,88,18,18
24380,86,73,13,13
24381,127,102,25,25
24382,99,77,22,22
24383,101,91,10,10
24384,155,117,38,38
24385,184,149,35,35
24386,98,86,12,12
24387,95,85,10,10
24388,108,122,-14,14
24389,103,100,3,3
24390,147,136,11,11
24391,100,84,16,16
24392,76,88,-12,12
24393,308,220,88,88
24394,71,66,5,5
24395,80,76,4,4
24396,88,74,14,14
24397,92,93,-1,1
24398,105,99,6,6
24399,63,61,2,2
24400,89,73,16,16
24401,77,77,0,0
24402,94,83,11,11
24403,72,76,-4,4
24404,65,55,10,10
24405,132,114,18,18
24406,90,77,13,13
24407,83,76,7,7
24408,35,67,-32,32
24409,163,145,18,18
24410,73,66,7,7
24411,117,106,11,11
24412,87,76,11,11
24413,70,67,3,3
24414,189,160,29,29
24415,81,70,11,11
24416,59,65,-6,6
24417,110,106,4,4
24418,103,102,1,1
24419,89,83,6,6
24420,90,73,17,17
24421,475,302,173,173
24422,66,55,11,11
24423,97,93,4,4
24424,89,72,17,17
24425,106,95,11,11
24426,81,69,12,12
24427,143,130,13,13
24428,113,101,12,12
24429,83,79,4,4
24430,276,253,23,23
24431,88,74,14,14
24432,91,87,4,4
24433,179,146,33,33
24434,175,123,52,52
24435,86,76,10,10
24436,60,57,3,3
24437,86,79,7,7
24438,104,88,16,16
24439,144,127,17,17
24440,93,81,12,12
24441,98,89,9,9
24442,59,62,-3,3
24443,112,136,-24,24
24444,98,101,-3,3
24445,60,58,2,2
24446,72,61,11,11
24447,42,44,-2,2
24448,57,50,7,7
24449,138,114,24,24
24450,99,86,13,13
24451,134,124,10,10
24452,96,72,24,24
24453,101,90,11,11
24454,88,86,2,2
24455,79,77,2,2
24456,61,52,9,9
24457,77,57,20,20
24458,119,112,7,7
24459,124,102,22,22
24460,77,73,4,4
24461,81,75,6,6
24462,70,61,9,9
24463,120,120,0,0
24464,90,90,0,0
24465,88,84,4,4
24466,49,42,7,7
24467,70,61,9,9
24468,90,77,13,13
24469,70,60,10,10
24470,119,98,21,21
24471,99,90,9,9
24472,79,75,4,4
24473,112,100,12,12
24474,63,60,3,3
24475,40,42,-2,2
24476,145,125,20,20
24477,82,67,15,15
24478,87,79,8,8
24479,75,60,15,15
24480,71,60,11,11
24481,84,71,13,13
24482,85,68,17,17
24483,101,85,16,16
24484,111,88,23,23
24485,90,83,7,7
24486,63,58,5,5
24487,174,163,11,11
24488,106,93,13,13
24489,64,65,-1,1
24490,33,35,-2,2
24491,100,99,1,1
24492,185,151,34,34
24493,68,61,7,7
24494,29,33,-4,4
24495,45,40,5,5
24496,58,53,5,5
24497,120,99,21,21
24498,124,104,20,20
24499,70,59,11,11
24500,104,100,4,4
24501,101,86,15,15
24502,92,83,9,9
24503,81,68,13,13
24504,59,54,5,5
24505,84,75,9,9
24506,67,64,3,3
24507,105,86,19,19
24508,81,74,7,7
24509,56,52,4,4
24510,115,106,9,9
24511,117,102,15,15
24512,95,79,16,16
24513,134,112,22,22
24514,89,82,7,7
24515,136,123,13,13
24516,100,92,8,8
24517,95,98,-3,3
24518,73,67,6,6
24519,58,62,-4,4
24520,157,134,23,23
24521,77,71,6,6
24522,54,44,10,10
24523,90,90,0,0
24524,85,81,4,4
24525,71,67,4,4
24526,73,62,11,11
24527,87,73,14,14
24528,57,57,0,0
24529,64,56,8,8
24530,72,61,11,11
24531,184,148,36,36
24532,152,111,41,41
24533,88,78,10,10
24534,90,78,12,12
24535,96,91,5,5
24536,117,97,20,20
24537,65,55,10,10
24538,101,82,19,19
24539,130,123,7,7
24540,189,157,32,32
24541,80,76,4,4
24542,72,65,7,7
24543,99,92,7,7
24544,131,113,18,18
24545,120,116,4,4
24546,64,59,5,5
24547,59,40,19,19
24548,69,66,3,3
24549,44,45,-1,1
24550,85,84,1,1
24551,51,60,-9,9
24552,70,67,3,3
24553,61,59,2,2
24554,110,112,-2,2
24555,69,66,3,3
24556,56,51,5,5
24557,125,127,-2,2
24558,91,76,15,15
24559,53,55,-2,2
24560,91,84,7,7
24561,42,43,-1,1
24562,85,77,8,8
24563,33,30,3,3
24564,94,77,17,17
24565,143,128,15,15
24566,72,60,12,12
24567,85,76,9,9
24568,132,124,8,8
24569,103,87,16,16
24570,131,98,33,33
24571,72,65,7,7
24572,109,101,8,8
24573,104,92,12,12
24574,128,106,22,22
24575,147,129,18,18
24576,90,79,11,11
24577,44,44,0,0
24578,84,76,8,8
24579,129,116,13,13
24580,76,82,-6,6
24581,82,80,2,2
24582,155,121,34,34
24583,141,115,26,26
24584,110,107,3,3
24585,117,111,6,6
24586,112,102,10,10
24587,109,105,4,4
24588,63,48,15,15
24589,68,60,8,8
24590,140,122,18,18
24591,42,42,0,0
24592,97,98,-1,1
24593,73,61,12,12
24594,49,40,9,9
24595,163,126,37,37
24596,116,105,11,11
24597,98,99,-1,1
24598,97,86,11,11
24599,76,69,7,7
24600,84,73,11,11
24601,52,42,10,10
24602,134,116,18,18
24603,62,53,9,9
24604,123,114,9,9
24605,55,49,6,6
24606,80,76,4,4
24607,77,66,11,11
24608,121,120,1,1
24609,45,45,0,0
24610,66,55,11,11
24611,59,43,16,16
24612,45,46,-1,1
24613,63,59,4,4
24614,65,69,-4,4
24615,95,82,13,13
24616,84,71,13,13
24617,110,117,-7,7
24618,83,73,10,10
24619,133,101,32,32
24620,111,97,14,14
24621,69,64,5,5
24622,43,41,2,2
24623,97,91,6,6
24624,78,82,-4,4
24625,75,65,10,10
24626,130,107,23,23
24627,73,65,8,8
24628,156,150,6,6
24629,110,85,25,25
24630,132,121,11,11
24631,108,102,6,6
24632,97,89,8,8
24633,139,121,18,18
24634,88,74,14,14
24635,136,114,22,22
24636,115,94,21,21
24637,141,121,20,20
24638,125,111,14,14
24639,114,99,15,15
24640,127,113,14,14
24641,87,78,9,9
24642,126,114,12,12
24643,83,83,0,0
24644,68,57,11,11
24645,100,83,17,17
24646,67,64,3,3
24647,79,59,20,20
24648,123,106,17,17
24649,49,46,3,3
24650,73,76,-3,3
24651,105,88,17,17
24652,86,78,8,8
24653,78,76,2,2
24654,97,79,18,18
24655,95,91,4,4
24656,46,47,-1,1
24657,105,104,1,1
24658,157,134,23,23
24659,97,99,-2,2
24660,130,109,21,21
24661,114,116,-2,2
24662,56,55,1,1
24663,37,40,-3,3
24664,133,120,13,13
24665,80,88,-8,8
24666,56,49,7,7
24667,64,54,10,10
24668,78,75,3,3
24669,96,82,14,14
24670,90,80,10,10
24671,126,106,20,20
24672,85,76,9,9
24673,60,49,11,11
24674,92,78,14,14
24675,105,94,11,11
24676,92,83,9,9
24677,85,76,9,9
24678,187,151,36,36
24679,108,107,1,1
24680,64,53,11,11
24681,99,84,15,15
24682,92,84,8,8
24683,111,98,13,13
24684,83,69,14,14
24685,92,76,16,16
24686,68,51,17,17
24687,158,126,32,32
24688,54,47,7,7
24689,86,69,17,17
24690,94,87,7,7
24691,102,92,10,10
24692,55,50,5,5
24693,52,53,-1,1
24694,69,70,-1,1
24695,97,84,13,13
24696,59,60,-1,1
24697,86,78,8,8
24698,104,96,8,8
24699,119,117,2,2
24700,124,99,25,25
24701,99,88,11,11
24702,94,82,12,12
24703,129,123,6,6
24704,134,106,28,28
24705,58,55,3,3
24706,131,109,22,22
24707,100,83,17,17
24708,97,81,16,16
24709,75,57,18,18
24710,133,117,16,16
24711,87,68,19,19
24712,76,66,10,10
24713,55,49,6,6
24714,167,154,13,13
24715,108,103,5,5
24716,64,58,6,6
24717,56,59,-3,3
24718,49,57,-8,8
24719,55,45,10,10
24720,80,88,-8,8
24721,55,51,4,4
24722,169,148,21,21
24723,156,140,16,16
24724,102,87,15,15
24725,94,81,13,13
24726,92,81,11,11
24727,116,117,-1,1
24728,120,112,8,8
24729,107,95,12,12
24730,113,104,9,9
24731,75,70,5,5
24732,67,56,11,11
24733,98,81,17,17
24734,193,163,30,30
24735,165,143,22,22
24736,92,73,19,19
24737,53,44,9,9
24738,82,81,1,1
24739,113,108,5,5
24740,89,86,3,3
24741,93,77,16,16
24742,94,81,13,13
24743,87,77,10,10
24744,145,119,26,26
24745,142,123,19,19
24746,115,100,15,15
24747,82,78,4,4
24748,87,82,5,5
24749,74,64,10,10
24750,61,64,-3,3
24751,125,103,22,22
24752,74,64,10,10
24753,129,112,17,17
24754,88,73,15,15
24755,93,88,5,5
24756,83,76,7,7
24757,123,102,21,21
24758,103,92,11,11
24759,136,126,10,10
24760,88,77,11,11
24761,94,80,14,14
24762,71,66,5,5
24763,80,78,2,2
24764,73,62,11,11
24765,90,73,17,17
24766,81,76,5,5
24767,85,83,2,2
24768,48,49,-1,1
24769,122,120,2,2
24770,120,105,15,15
24771,100,95,5,5
24772,123,102,21,21
24773,154,129,25,25
24774,49,54,-5,5
24775,110,85,25,25
24776,90,83,7,7
24777,103,90,13,13
24778,69,67,2,2
24779,113,95,18,18
24780,102,92,10,10
24781,80,93,-13,13
24782,45,43,2,2
24783,154,136,18,18
24784,116,97,19,19
24785,125,108,17,17
24786,182,148,34,34
24787,68,59,9,9
24788,82,63,19,19
24789,78,71,7,7
24790,60,65,-5,5
24791,119,99,20,20
24792,76,68,8,8
24793,102,95,7,7
24794,94,99,-5,5
24795,76,75,1,1
24796,52,46,6,6
24797,82,65,17,17
24798,117,107,10,10
24799,110,93,17,17
24800,165,140,25,25
24801,79,65,14,14
24802,132,114,18,18
24803,118,98,20,20
24804,95,79,16,16
24805,74,69,5,5
24806,52,57,-5,5
24807,104,97,7,7
24808,103,117,-14,14
24809,119,104,15,15
24810,99,87,12,12
24811,141,120,21,21
24812,62,52,10,10
24813,95,85,10,10
24814,115,100,15,15
24815,97,97,0,0
24816,46,49,-3,3
24817,122,117,5,5
24818,121,112,9,9
24819,102,98,4,4
24820,148,128,20,20
24821,71,59,12,12
24822,114,90,24,24
24823,126,107,19,19
24824,84,74,10,10
24825,83,72,11,11
24826,101,78,23,23
24827,98,84,14,14
24828,121,101,20,20
24829,84,83,1,1
24830,56,56,0,0
24831,90,70,20,20
24832,85,72,13,13
24833,87,75,12,12
24834,113,105,8,8
24835,140,127,13,13
24836,116,104,12,12
24837,120,118,2,2
24838,82,70,12,12
24839,150,126,24,24
24840,89,76,13,13
24841,72,63,9,9
24842,106,98,8,8
24843,66,65,1,1
24844,67,58,9,9
24845,78,68,10,10
24846,118,101,17,17
24847,83,88,-5,5
24848,133,126,7,7
24849,127,114,13,13
24850,178,155,23,23
24851,70,60,10,10
24852,50,44,6,6
24853,121,104,17,17
24854,127,112,15,15
24855,62,49,13,13
24856,74,69,5,5
24857,79,72,7,7
24858,95,84,11,11
24859,103,97,6,6
24860,113,91,22,22
24861,58,65,-7,7
24862,162,113,49,49
24863,43,40,3,3
24864,73,62,11,11
24865,60,53,7,7
24866,134,114,20,20
24867,66,63,3,3
24868,42,50,-8,8
24869,89,75,14,14
24870,82,58,24,24
24871,133,117,16,16
24872,28,32,-4,4
24873,120,100,20,20
24874,60,52,8,8
24875,59,57,2,2
24876,54,49,5,5
24877,81,77,4,4
24878,102,89,13,13
24879,47,49,-2,2
24880,90,67,23,23
24881,123,100,23,23
24882,83,71,12,12
24883,92,98,-6,6
24884,105,92,13,13
24885,108,85,23,23
24886,114,112,2,2
24887,57,57,0,0
24888,67,63,4,4
24889,85,82,3,3
24890,68,62,6,6
24891,55,47,8,8
24892,93,80,13,13
24893,61,59,2,2
24894,61,57,4,4
24895,87,79,8,8
24896,85,74,11,11
24897,88,80,8,8
24898,57,49,8,8
24899,65,62,3,3
24900,58,57,1,1
24901,118,102,16,16
24902,94,88,6,6
24903,164,150,14,14
24904,74,67,7,7
24905,106,142,-36,36
24906,97,103,-6,6
24907,117,103,14,14
24908,123,112,11,11
24909,72,73,-1,1
24910,73,65,8,8
24911,105,135,-30,30
24912,53,47,6,6
24913,63,53,10,10
24914,85,76,9,9
24915,136,131,5,5
24916,113,92,21,21
24917,92,93,-1,1
24918,97,91,6,6
24919,95,97,-2,2
24920,106,90,16,16
24921,167,149,18,18
24922,121,120,1,1
24923,42,38,4,4
24924,80,78,2,2
24925,48,52,-4,4
24926,116,103,13,13
24927,117,105,12,12
24928,67,59,8,8
24929,69,62,7,7
24930,114,94,20,20
24931,134,111,23,23
24932,91,73,18,18
24933,88,76,12,12
24934,130,117,13,13
24935,187,169,18,18
24936,99,94,5,5
24937,95,95,0,0
24938,151,137,14,14
24939,97,88,9,9
24940,66,56,10,10
24941,39,41,-2,2
24942,114,105,9,9
24943,124,104,20,20
24944,109,100,9,9
24945,92,98,-6,6
24946,50,46,4,4
24947,139,120,19,19
24948,116,109,7,7
24949,79,69,10,10
24950,69,76,-7,7
24951,95,89,6,6
24952,112,105,7,7
24953,57,54,3,3
24954,57,50,7,7
24955,112,110,2,2
24956,77,72,5,5
24957,79,75,4,4
24958,115,100,15,15
24959,52,53,-1,1
24960,121,94,27,27
24961,93,86,7,7
24962,51,43,8,8
24963,71,71,0,0
24964,126,117,9,9
24965,149,128,21,21
24966,91,99,-8,8
24967,142,127,15,15
24968,55,57,-2,2
24969,110,98,12,12
24970,197,180,17,17
24971,85,74,11,11
24972,115,101,14,14
24973,111,93,18,18
24974,136,110,26,26
24975,57,52,5,5
24976,100,81,19,19
24977,121,104,17,17
24978,105,88,17,17
24979,145,140,5,5
24980,93,81,12,12
24981,104,98,6,6
24982,104,87,17,17
24983,89,74,15,15
24984,82,75,7,7
24985,137,112,25,25
24986,112,92,20,20
24987,99,81,18,18
24988,94,83,11,11
24989,140,119,21,21
24990,75,66,9,9
24991,114,105,9,9
24992,71,65,6,6
24993,155,123,32,32
24994,71,64,7,7
24995,61,55,6,6
24996,84,81,3,3
24997,75,65,10,10
24998,128,128,0,0
24999,247,221,26,26
25000,101,96,5,5
25001,113,92,21,21
25002,116,103,13,13
25003,112,98,14,14
25004,83,76,7,7
25005,52,52,0,0
25006,73,54,19,19
25007,43,49,-6,6
25008,96,86,10,10
25009,49,54,-5,5
25010,57,59,-2,2
25011,104,112,-8,8
25012,86,73,13,13
25013,66,60,6,6
25014,69,72,-3,3
25015,92,87,5,5
25016,120,110,10,10
25017,124,115,9,9
25018,109,90,19,19
25019,90,91,-1,1
25020,88,82,6,6
25021,60,52,8,8
25022,100,93,7,7
25023,171,185,-14,14
25024,55,52,3,3
25025,143,129,14,14
25026,104,90,14,14
25027,120,108,12,12
25028,132,119,13,13
25029,142,133,9,9
25030,68,59,9,9
25031,74,62,12,12
25032,107,91,16,16
25033,82,70,12,12
25034,48,42,6,6
25035,83,73,10,10
25036,66,59,7,7
25037,90,81,9,9
25038,114,108,6,6
25039,123,98,25,25
25040,140,116,24,24
25041,71,53,18,18
25042,112,97,15,15
25043,175,169,6,6
25044,148,122,26,26
25045,87,72,15,15
25046,156,146,10,10
25047,44,38,6,6
25048,105,92,13,13
25049,120,113,7,7
25050,65,56,9,9
25051,120,110,10,10
25052,69,58,11,11
25053,91,88,3,3
25054,135,105,30,30
25055,133,124,9,9
25056,81,79,2,2
25057,74,61,13,13
25058,144,132,12,12
25059,146,129,17,17
25060,95,78,17,17
25061,223,175,48,48
25062,126,97,29,29
25063,49,45,4,4
25064,102,92,10,10
25065,116,100,16,16
25066,60,54,6,6
25067,154,136,18,18
25068,134,105,29,29
25069,100,90,10,10
25070,76,61,15,15
25071,74,63,11,11
25072,77,63,14,14
25073,88,79,9,9
25074,76,75,1,1
25075,81,74,7,7
25076,165,146,19,19
25077,108,95,13,13
25078,53,40,13,13
25079,59,55,4,4
25080,85,89,-4,4
25081,98,86,12,12
25082,58,53,5,5
25083,105,94,11,11
25084,148,129,19,19
25085,159,131,28,28
25086,163,152,11,11
25087,102,88,14,14
25088,71,75,-4,4
25089,156,133,23,23
25090,97,82,15,15
25091,97,81,16,16
25092,72,65,7,7
25093,83,99,-16,16
25094,81,61,20,20
25095,103,90,13,13
25096,95,87,8,8
25097,82,85,-3,3
25098,121,104,17,17
25099,78,71,7,7
25100,98,83,15,15
25101,145,136,9,9
25102,122,108,14,14
25103,123,107,16,16
25104,76,62,14,14
25105,195,162,33,33
25106,48,37,11,11
25107,59,60,-1,1
25108,73,65,8,8
25109,73,66,7,7
25110,63,51,12,12
25111,178,141,37,37
25112,69,62,7,7
25113,96,85,11,11
25114,67,59,8,8
25115,46,39,7,7
25116,88,80,8,8
25117,47,51,-4,4
25118,45,47,-2,2
25119,47,38,9,9
25120,123,108,15,15
25121,124,110,14,14
25122,167,143,24,24
25123,136,110,26,26
25124,72,67,5,5
25125,109,98,11,11
25126,74,66,8,8
25127,80,69,11,11
25128,126,112,14,14
25129,119,100,19,19
25130,60,58,2,2
25131,98,90,8,8
25132,128,100,28,28
25133,96,81,15,15
25134,109,94,15,15
25135,135,115,20,20
25136,86,72,14,14
25137,125,111,14,14
25138,71,71,0,0
25139,137,122,15,15
25140,86,81,5,5
25141,150,143,7,7
25142,83,82,1,1
25143,57,49,8,8
25144,87,78,9,9
25145,58,57,1,1
25146,74,73,1,1
25147,168,131,37,37
25148,145,124,21,21
25149,65,62,3,3
25150,76,72,4,4
25151,114,102,12,12
25152,151,142,9,9
25153,146,149,-3,3
25154,65,65,0,0
25155,77,82,-5,5
25156,165,138,27,27
25157,89,97,-8,8
25158,107,90,17,17
25159,96,101,-5,5
25160,115,105,10,10
25161,74,63,11,11
25162,160,144,16,16
25163,82,76,6,6
25164,80,68,12,12
25165,94,89,5,5
25166,97,87,10,10
25167,48,59,-11,11
25168,79,61,18,18
25169,16,25,-9,9
25170,100,90,10,10
25171,51,59,-8,8
25172,86,77,9,9
25173,108,101,7,7
25174,46,39,7,7
25175,55,49,6,6
25176,112,112,0,0
25177,84,75,9,9
25178,100,91,9,9
25179,150,125,25,25
25180,138,120,18,18
25181,92,80,12,12
25182,66,61,5,5
25183,103,90,13,13
25184,96,85,11,11
25185,148,141,7,7
25186,81,72,9,9
25187,45,59,-14,14
25188,126,111,15,15
25189,168,149,19,19
25190,76,70,6,6
25191,134,131,3,3
25192,83,76,7,7
25193,118,102,16,16
25194,117,98,19,19
25195,100,99,1,1
25196,96,91,5,5
25197,122,106,16,16
25198,76,74,2,2
25199,96,99,-3,3
25200,103,87,16,16
25201,70,63,7,7
25202,209,171,38,38
25203,75,70,5,5
25204,54,67,-13,13
25205,111,103,8,8
25206,70,61,9,9
25207,100,92,8,8
25208,108,90,18,18
25209,56,56,0,0
25210,172,166,6,6
25211,67,58,9,9
25212,118,96,22,22
25213,47,49,-2,2
25214,69,61,8,8
25215,85,81,4,4
25216,63,53,10,10
25217,267,194,73,73
25218,101,90,11,11
25219,126,104,22,22
25220,99,92,7,7
25221,124,119,5,5
25222,145,120,25,25
25223,83,68,15,15
25224,96,78,18,18
25225,149,159,-10,10
25226,65,58,7,7
25227,83,67,16,16
25228,51,48,3,3
25229,73,78,-5,5
25230,164,135,29,29
25231,76,73,3,3
25232,86,73,13,13
25233,128,110,18,18
25234,126,99,27,27
25235,75,64,11,11
25236,85,75,10,10
25237,59,48,11,11
25238,80,62,18,18
25239,115,98,17,17
25240,96,83,13,13
25241,57,56,1,1
25242,78,68,10,10
25243,92,76,16,16
25244,114,102,12,12
25245,97,78,19,19
25246,67,56,11,11
25247,68,80,-12,12
25248,88,78,10,10
25249,58,52,6,6
25250,86,82,4,4
25251,81,74,7,7
25252,80,75,5,5
25253,107,102,5,5
25254,65,58,7,7
25255,77,65,12,12
25256,30,32,-2,2
25257,81,73,8,8
25258,91,90,1,1
25259,62,60,2,2
25260,78,80,-2,2
25261,103,87,16,16
25262,113,100,13,13
25263,121,106,15,15
25264,75,64,11,11
25265,113,102,11,11
25266,52,51,1,1
25267,93,93,0,0
25268,51,55,-4,4
25269,128,104,24,24
25270,86,68,18,18
25271,107,100,7,7
25272,105,95,10,10
25273,195,171,24,24
25274,64,51,13,13
25275,56,65,-9,9
25276,38,92,-54,54
25277,111,117,-6,6
25278,72,65,7,7
25279,103,91,12,12
25280,93,80,13,13
25281,90,88,2,2
25282,64,62,2,2
25283,142,121,21,21
25284,96,78,18,18
25285,85,78,7,7
25286,99,89,10,10
25287,52,46,6,6
25288,117,124,-7,7
25289,76,68,8,8
25290,80,66,14,14
25291,99,77,22,22
25292,103,87,16,16
25293,60,58,2,2
25294,96,88,8,8
25295,112,102,10,10
25296,77,63,14,14
25297,126,104,22,22
25298,125,115,10,10
25299,132,125,7,7
25300,79,78,1,1
25301,106,98,8,8
25302,35,36,-1,1
25303,85,68,17,17
25304,63,55,8,8
25305,65,63,2,2
25306,23,52,-29,29
25307,73,67,6,6
25308,103,96,7,7
25309,79,69,10,10
25310,81,76,5,5
25311,54,47,7,7
25312,77,71,6,6
25313,90,77,13,13
25314,92,85,7,7
25315,54,52,2,2
25316,101,93,8,8
25317,102,83,19,19
25318,77,76,1,1
25319,113,112,1,1
25320,166,142,24,24
25321,74,71,3,3
25322,116,107,9,9
25323,127,123,4,4
25324,89,77,12,12
25325,101,91,10,10
25326,103,95,8,8
25327,127,114,13,13
25328,83,69,14,14
25329,123,117,6,6
25330,118,109,9,9
25331,160,144,16,16
25332,79,75,4,4
25333,76,61,15,15
25334,51,41,10,10
25335,110,104,6,6
25336,112,119,-7,7
25337,73,63,10,10
25338,90,75,15,15
25339,87,79,8,8
25340,97,87,10,10
25341,51,46,5,5
25342,175,157,18,18
25343,51,52,-1,1
25344,96,84,12,12
25345,96,73,23,23
25346,87,80,7,7
25347,98,81,17,17
25348,195,165,30,30
25349,74,62,12,12
25350,111,94,17,17
25351,62,54,8,8
25352,62,61,1,1
25353,50,46,4,4
25354,77,68,9,9
25355,68,55,13,13
25356,72,70,2,2
25357,82,67,15,15
25358,69,62,7,7
25359,133,122,11,11
25360,57,55,2,2
25361,87,90,-3,3
25362,86,72,14,14
25363,53,76,-23,23
25364,111,127,-16,16
25365,85,84,1,1
25366,68,66,2,2
25367,82,80,2,2
25368,125,102,23,23
25369,127,108,19,19
25370,46,78,-32,32
25371,125,119,6,6
25372,133,112,21,21
25373,84,83,1,1
25374,70,61,9,9
25375,130,103,27,27
25376,86,80,6,6
25377,161,141,20,20
25378,100,113,-13,13
25379,107,97,10,10
25380,89,85,4,4
25381,62,42,20,20
25382,75,69,6,6
25383,82,77,5,5
25384,104,98,6,6
25385,83,84,-1,1
25386,109,94,15,15
25387,57,43,14,14
25388,125,112,13,13
25389,87,69,18,18
25390,201,157,44,44
25391,75,68,7,7
25392,80,72,8,8
25393,143,145,-2,2
25394,120,107,13,13
25395,146,133,13,13
25396,70,60,10,10
25397,93,81,12,12
25398,110,102,8,8
25399,43,43,0,0
25400,97,84,13,13
25401,70,56,14,14
25402,85,76,9,9
25403,91,89,2,2
25404,85,80,5,5
25405,120,103,17,17
25406,70,67,3,3
25407,61,59,2,2
25408,67,64,3,3
25409,156,138,18,18
25410,45,38,7,7
25411,121,120,1,1
25412,93,96,-3,3
25413,111,109,2,2
25414,72,72,0,0
25415,44,42,2,2
25416,140,133,7,7
25417,52,50,2,2
25418,70,63,7,7
25419,117,107,10,10
25420,60,47,13,13
25421,73,81,-8,8
25422,107,90,17,17
25423,90,73,17,17
25424,59,59,0,0
25425,102,91,11,11
25426,73,68,5,5
25427,86,79,7,7
25428,58,52,6,6
25429,66,63,3,3
25430,62,92,-30,30
25431,130,113,17,17
25432,121,95,26,26
25433,114,97,17,17
25434,128,115,13,13
25435,106,98,8,8
25436,94,76,18,18
25437,139,126,13,13
25438,57,48,9,9
25439,62,68,-6,6
25440,59,59,0,0
25441,134,109,25,25
25442,88,77,11,11
25443,67,62,5,5
25444,91,83,8,8
25445,79,65,14,14
25446,99,92,7,7
25447,135,136,-1,1
25448,118,112,6,6
25449,97,86,11,11
25450,96,78,18,18
25451,81,72,9,9
25452,93,87,6,6
25453,108,98,10,10
25454,69,60,9,9
25455,106,101,5,5
25456,80,76,4,4
25457,108,97,11,11
25458,95,78,17,17
25459,41,34,7,7
25460,97,86,11,11
25461,161,122,39,39
25462,96,87,9,9
25463,86,84,2,2
25464,123,98,25,25
25465,84,69,15,15
25466,81,78,3,3
25467,99,88,11,11
25468,108,88,20,20
25469,57,58,-1,1
25470,82,74,8,8
25471,117,133,-16,16
25472,78,79,-1,1
25473,206,185,21,21
25474,70,63,7,7
25475,66,61,5,5
25476,132,108,24,24
25477,73,65,8,8
25478,53,54,-1,1
25479,47,46,1,1
25480,73,72,1,1
25481,72,67,5,5
25482,96,84,12,12
25483,182,165,17,17
25484,80,66,14,14
25485,98,83,15,15
25486,103,95,8,8
25487,182,168,14,14
25488,136,130,6,6
25489,101,83,18,18
25490,81,65,16,16
25491,161,132,29,29
25492,83,80,3,3
25493,57,60,-3,3
25494,119,97,22,22
25495,103,86,17,17
25496,143,120,23,23
25497,61,91,-30,30
25498,117,97,20,20
25499,113,101,12,12
25500,94,88,6,6
25501,70,65,5,5
25502,116,110,6,6
25503,102,82,20,20
25504,154,139,15,15
25505,91,75,16,16
25506,105,102,3,3
25507,114,113,1,1
25508,160,150,10,10
25509,94,83,11,11
25510,151,122,29,29
25511,170,146,24,24
25512,76,64,12,12
25513,74,62,12,12
25514,101,91,10,10
25515,62,53,9,9
25516,84,76,8,8
25517,109,101,8,8
25518,106,89,17,17
25519,119,96,23,23
25520,89,83,6,6
25521,53,46,7,7
25522,37,35,2,2
25523,97,86,11,11
25524,91,78,13,13
25525,94,79,15,15
25526,111,87,24,24
25527,203,184,19,19
25528,71,60,11,11
25529,63,63,0,0
25530,55,54,1,1
25531,87,74,13,13
25532,125,127,-2,2
25533,101,95,6,6
25534,98,77,21,21
25535,116,110,6,6
25536,79,76,3,3
25537,206,177,29,29
25538,102,87,15,15
25539,153,130,23,23
25540,86,83,3,3
25541,60,54,6,6
25542,95,96,-1,1
25543,156,137,19,19
25544,90,78,12,12
25545,131,114,17,17
25546,107,91,16,16
25547,56,54,2,2
25548,96,85,11,11
25549,67,67,0,0
25550,66,59,7,7
25551,116,105,11,11
25552,97,91,6,6
25553,132,119,13,13
25554,87,83,4,4
25555,94,87,7,7
25556,50,43,7,7
25557,104,83,21,21
25558,179,171,8,8
25559,121,92,29,29
25560,54,54,0,0
25561,86,73,13,13
25562,29,28,1,1
25563,109,96,13,13
25564,81,82,-1,1
25565,75,74,1,1
25566,179,147,32,32
25567,59,47,12,12
25568,122,103,19,19
25569,209,172,37,37
25570,53,49,4,4
25571,79,62,17,17
25572,97,85,12,12
25573,99,93,6,6
25574,50,46,4,4
25575,81,78,3,3
25576,77,69,8,8
25577,179,155,24,24
25578,100,95,5,5
25579,57,57,0,0
25580,88,83,5,5
25581,47,44,3,3
25582,92,85,7,7
25583,94,74,20,20
25584,49,61,-12,12
25585,155,120,35,35
25586,93,88,5,5
25587,160,133,27,27
25588,34,32,2,2
25589,109,95,14,14
25590,112,99,13,13
25591,65,57,8,8
25592,76,61,15,15
25593,82,82,0,0
25594,97,74,23,23
25595,72,68,4,4
25596,95,89,6,6
25597,59,53,6,6
25598,52,46,6,6
25599,81,65,16,16
25600,87,76,11,11
25601,129,111,18,18
25602,57,82,-25,25
25603,54,52,2,2
25604,122,95,27,27
25605,90,79,11,11
25606,136,118,18,18
25607,55,44,11,11
25608,69,69,0,0
25609,118,100,18,18
25610,103,92,11,11
25611,70,61,9,9
25612,43,41,2,2
25613,66,63,3,3
25614,140,129,11,11
25615,89,91,-2,2
25616,147,107,40,40
25617,112,104,8,8
25618,78,63,15,15
25619,40,38,2,2
25620,55,48,7,7
25621,77,69,8,8
25622,80,86,-6,6
25623,71,66,5,5
25624,82,73,9,9
25625,82,77,5,5
25626,93,89,4,4
25627,68,61,7,7
25628,96,76,20,20
25629,116,100,16,16
25630,53,57,-4,4
25631,87,71,16,16
25632,116,104,12,12
25633,102,86,16,16
25634,89,75,14,14
25635,121,104,17,17
25636,92,81,11,11
25637,29,44,-15,15
25638,98,78,20,20
25639,70,59,11,11
25640,127,106,21,21
25641,208,177,31,31
25642,85,71,14,14
25643,84,85,-1,1
25644,92,85,7,7
25645,118,118,0,0
25646,66,64,2,2
25647,79,71,8,8
25648,167,139,28,28
25649,174,158,16,16
25650,92,81,11,11
25651,90,89,1,1
25652,103,88,15,15
25653,85,72,13,13
25654,43,40,3,3
25655,144,133,11,11
25656,66,60,6,6
25657,33,43,-10,10
25658,50,51,-1,1
25659,68,61,7,7
25660,152,147,5,5
25661,102,86,16,16
25662,45,40,5,5
25663,67,60,7,7
25664,59,54,5,5
25665,92,92,0,0
25666,138,125,13,13
25667,152,135,17,17
25668,79,66,13,13
25669,122,115,7,7
25670,122,106,16,16
25671,59,60,-1,1
25672,164,135,29,29
25673,93,133,-40,40
25674,86,83,3,3
25675,133,113,20,20
25676,95,96,-1,1
25677,86,83,3,3
25678,76,66,10,10
25679,152,133,19,19
25680,99,77,22,22
25681,62,54,8,8
25682,92,88,4,4
25683,105,89,16,16
25684,95,80,15,15
25685,103,67,36,36
25686,64,60,4,4
25687,113,113,0,0
25688,139,131,8,8
25689,116,98,18,18
25690,109,112,-3,3
25691,110,100,10,10
25692,102,90,12,12
25693,108,104,4,4
25694,83,58,25,25
25695,151,136,15,15
25696,84,84,0,0
25697,109,91,18,18
25698,136,117,19,19
25699,109,93,16,16
25700,136,103,33,33
25701,109,95,14,14
25702,68,61,7,7
25703,76,66,10,10
25704,81,74,7,7
25705,102,90,12,12
25706,139,124,15,15
25707,86,79,7,7
25708,105,88,17,17
25709,58,57,1,1
25710,35,41,-6,6
25711,49,54,-5,5
25712,82,70,12,12
25713,70,68,2,2
25714,79,72,7,7
25715,66,57,9,9
25716,122,108,14,14
25717,77,60,17,17
25718,120,104,16,16
25719,155,126,29,29
25720,123,113,10,10
25721,74,76,-2,2
25722,88,77,11,11
25723,143,127,16,16
25724,88,65,23,23
25725,57,53,4,4
25726,130,113,17,17
25727,81,78,3,3
25728,83,79,4,4
25729,173,138,35,35
25730,66,61,5,5
25731,91,84,7,7
25732,70,60,10,10
25733,73,57,16,16
25734,72,70,2,2
25735,73,67,6,6
25736,109,109,0,0
25737,106,53,53,53
25738,72,61,11,11
25739,80,78,2,2
25740,188,152,36,36
25741,112,103,9,9
25742,116,102,14,14
25743,115,95,20,20
25744,97,90,7,7
25745,171,153,18,18
25746,96,93,3,3
25747,97,81,16,16
25748,60,59,1,1
25749,119,93,26,26
25750,144,124,20,20
25751,64,58,6,6
25752,55,55,0,0
25753,92,82,10,10
25754,92,80,12,12
25755,133,126,7,7
25756,62,57,5,5
25757,143,127,16,16
25758,92,88,4,4
25759,95,104,-9,9
25760,43,37,6,6
25761,110,97,13,13
25762,94,77,17,17
25763,68,63,5,5
25764,81,76,5,5
25765,150,122,28,28
25766,129,113,16,16
25767,133,111,22,22
25768,105,90,15,15
25769,66,74,-8,8
25770,91,85,6,6
25771,90,71,19,19
25772,117,90,27,27
25773,140,124,16,16
25774,165,153,12,12
25775,95,87,8,8
25776,85,68,17,17
25777,158,134,24,24
25778,138,126,12,12
25779,96,88,8,8
25780,122,108,14,14
25781,65,55,10,10
25782,63,58,5,5
25783,111,102,9,9
25784,80,86,-6,6
25785,79,71,8,8
25786,100,79,21,21
25787,81,80,1,1
25788,92,81,11,11
25789,75,83,-8,8
25790,82,76,6,6
25791,79,80,-1,1
25792,57,56,1,1
25793,148,108,40,40
25794,79,69,10,10
25795,122,104,18,18
25796,82,75,7,7
25797,61,59,2,2
25798,38,40,-2,2
25799,94,94,0,0
25800,101,76,25,25
25801,89,77,12,12
25802,68,55,13,13
25803,47,43,4,4
25804,90,79,11,11
25805,60,52,8,8
25806,114,98,16,16
25807,80,80,0,0
25808,127,102,25,25
25809,102,99,3,3
25810,69,58,11,11
25811,53,60,-7,7
25812,59,57,2,2
25813,95,88,7,7
25814,64,59,5,5
25815,144,139,5,5
25816,71,54,17,17
25817,100,93,7,7
25818,116,106,10,10
25819,104,91,13,13
25820,177,160,17,17
25821,108,97,11,11
25822,132,112,20,20
25823,118,98,20,20
25824,135,134,1,1
25825,115,105,10,10
25826,73,65,8,8
25827,133,110,23,23
25828,95,82,13,13
25829,80,74,6,6
25830,48,65,-17,17
25831,158,142,16,16
25832,73,68,5,5
25833,94,81,13,13
25834,74,89,-15,15
25835,154,143,11,11
25836,127,117,10,10
25837,73,63,10,10
25838,89,79,10,10
25839,61,62,-1,1
25840,87,77,10,10
25841,65,75,-10,10
25842,81,77,4,4
25843,99,88,11,11
25844,83,78,5,5
25845,90,85,5,5
25846,82,71,11,11
25847,115,96,19,19
25848,137,130,7,7
25849,78,71,7,7
25850,94,77,17,17
25851,101,92,9,9
25852,96,85,11,11
25853,77,67,10,10
25854,112,95,17,17
25855,138,126,12,12
25856,98,84,14,14
25857,91,84,7,7
25858,143,123,20,20
25859,153,136,17,17
25860,40,38,2,2
25861,69,62,7,7
25862,67,64,3,3
25863,43,41,2,2
25864,104,95,9,9
25865,117,100,17,17
25866,84,67,17,17
25867,84,85,-1,1
25868,74,62,12,12
25869,75,65,10,10
25870,147,141,6,6
25871,94,89,5,5
25872,92,79,13,13
25873,71,65,6,6
25874,84,71,13,13
25875,78,89,-11,11
25876,83,74,9,9
25877,84,84,0,0
25878,42,38,4,4
25879,149,139,10,10
25880,95,92,3,3
25881,132,110,22,22
25882,83,76,7,7
25883,131,122,9,9
25884,62,62,0,0
25885,87,78,9,9
25886,91,76,15,15
25887,155,151,4,4
25888,73,73,0,0
25889,98,92,6,6
25890,72,62,10,10
25891,75,75,0,0
25892,147,130,17,17
25893,54,53,1,1
25894,128,110,18,18
25895,98,89,9,9
25896,111,98,13,13
25897,81,75,6,6
25898,87,73,14,14
25899,28,56,-28,28
25900,123,110,13,13
25901,82,72,10,10
25902,82,67,15,15
25903,113,96,17,17
25904,121,122,-1,1
25905,124,112,12,12
25906,85,72,13,13
25907,82,75,7,7
25908,107,98,9,9
25909,113,102,11,11
25910,74,75,-1,1
25911,97,82,15,15
25912,56,58,-2,2
25913,89,77,12,12
25914,132,114,18,18
25915,134,118,16,16
25916,93,86,7,7
25917,128,126,2,2
25918,121,112,9,9
25919,132,126,6,6
25920,114,103,11,11
25921,93,81,12,12
25922,132,123,9,9
25923,139,109,30,30
25924,59,54,5,5
25925,185,151,34,34
25926,47,47,0,0
25927,68,59,9,9
25928,122,118,4,4
25929,130,122,8,8
25930,98,90,8,8
25931,42,41,1,1
25932,125,114,11,11
25933,56,55,1,1
25934,129,115,14,14
25935,60,74,-14,14
25936,51,50,1,1
25937,78,69,9,9
25938,62,63,-1,1
25939,80,86,-6,6
25940,39,41,-2,2
25941,120,106,14,14
25942,100,84,16,16
25943,112,110,2,2
25944,85,74,11,11
25945,118,101,17,17
25946,124,120,4,4
25947,56,51,5,5
25948,97,88,9,9
25949,83,79,4,4
25950,91,85,6,6
25951,68,61,7,7
25952,108,103,5,5
25953,87,82,5,5
25954,57,52,5,5
25955,70,56,14,14
25956,87,80,7,7
25957,111,95,16,16
25958,79,74,5,5
25959,117,94,23,23
25960,95,89,6,6
25961,139,121,18,18
25962,52,43,9,9
25963,47,93,-46,46
25964,104,95,9,9
25965,89,75,14,14
25966,86,83,3,3
25967,90,75,15,15
25968,113,97,16,16
25969,89,81,8,8
25970,94,87,7,7
25971,134,124,10,10
25972,63,56,7,7
25973,102,87,15,15
25974,146,123,23,23
25975,140,128,12,12
25976,73,68,5,5
25977,127,116,11,11
25978,47,48,-1,1
25979,90,96,-6,6
25980,77,69,8,8
25981,136,113,23,23
25982,121,112,9,9
25983,82,65,17,17
25984,114,112,2,2
25985,114,97,17,17
25986,80,68,12,12
25987,82,72,10,10
25988,79,70,9,9
25989,107,101,6,6
25990,113,86,27,27
25991,114,99,15,15
25992,52,51,1,1
25993,67,59,8,8
25994,74,70,4,4
25995,113,102,11,11
25996,77,63,14,14
25997,125,120,5,5
25998,60,54,6,6
25999,78,69,9,9
26000,94,86,8,8
26001,102,86,16,16
26002,115,100,15,15
26003,114,98,16,16
26004,115,109,6,6
26005,109,96,13,13
26006,107,102,5,5
26007,80,72,8,8
26008,111,95,16,16
26009,36,52,-16,16
26010,78,69,9,9
26011,87,76,11,11
26012,74,66,8,8
26013,70,73,-3,3
26014,64,57,7,7
26015,51,47,4,4
26016,97,91,6,6
26017,106,93,13,13
26018,150,137,13,13
26019,105,89,16,16
26020,80,77,3,3
26021,81,74,7,7
26022,78,70,8,8
26023,103,99,4,4
26024,68,65,3,3
26025,69,61,8,8
26026,100,106,-6,6
26027,100,75,25,25
26028,171,151,20,20
26029,102,89,13,13
26030,98,83,15,15
26031,81,77,4,4
26032,86,74,12,12
26033,47,45,2,2
26034,83,72,11,11
26035,139,126,13,13
26036,71,68,3,3
26037,142,129,13,13
26038,65,55,10,10
26039,68,60,8,8
26040,63,59,4,4
26041,105,84,21,21
26042,53,55,-2,2
26043,126,114,12,12
26044,137,125,12,12
26045,64,54,10,10
26046,126,124,2,2
26047,117,101,16,16
26048,65,77,-12,12
26049,133,124,9,9
26050,64,54,10,10
26051,96,79,17,17
26052,92,83,9,9
26053,99,95,4,4
26054,148,137,11,11
26055,54,53,1,1
26056,99,69,30,30
26057,89,83,6,6
26058,63,55,8,8
26059,90,78,12,12
26060,71,68,3,3
26061,82,66,16,16
26062,89,77,12,12
26063,58,54,4,4
26064,88,83,5,5
26065,91,87,4,4
26066,29,30,-1,1
26067,63,51,12,12
26068,73,65,8,8
26069,68,55,13,13
26070,76,83,-7,7
26071,73,60,13,13
26072,152,128,24,24
26073,113,91,22,22
26074,57,51,6,6
26075,81,69,12,12
26076,102,101,1,1
26077,87,103,-16,16
26078,106,98,8,8
26079,83,80,3,3
26080,164,142,22,22
26081,122,92,30,30
26082,68,70,-2,2
26083,79,68,11,11
26084,57,54,3,3
26085,116,109,7,7
26086,57,53,4,4
26087,105,86,19,19
26088,95,85,10,10
26089,164,150,14,14
26090,159,154,5,5
26091,92,75,17,17
26092,100,99,1,1
26093,64,51,13,13
26094,121,146,-25,25
26095,157,135,22,22
26096,116,103,13,13
26097,46,48,-2,2
26098,106,89,17,17
26099,67,66,1,1
26100,83,80,3,3
26101,66,58,8,8
26102,105,101,4,4
26103,166,157,9,9
26104,109,80,29,29
26105,75,65,10,10
26106,86,76,10,10
26107,91,76,15,15
26108,76,66,10,10
26109,149,145,4,4
26110,102,86,16,16
26111,76,73,3,3
26112,64,50,14,14
26113,108,95,13,13
26114,99,86,13,13
26115,104,96,8,8
26116,136,131,5,5
26117,72,81,-9,9
26118,92,74,18,18
26119,70,60,10,10
26120,69,57,12,12
26121,154,132,22,22
26122,129,113,16,16
26123,102,90,12,12
26124,107,94,13,13
26125,107,98,9,9
26126,75,59,16,16
26127,108,93,15,15
26128,96,82,14,14
26129,80,79,1,1
26130,73,67,6,6
26131,129,115,14,14
26132,57,53,4,4
26133,92,81,11,11
26134,70,72,-2,2
26135,61,61,0,0
26136,52,53,-1,1
26137,145,126,19,19
26138,74,69,5,5
26139,75,64,11,11
26140,134,122,12,12
26141,105,99,6,6
26142,108,85,23,23
26143,98,88,10,10
26144,96,79,17,17
26145,135,123,12,12
26146,103,91,12,12
26147,84,76,8,8
26148,132,112,20,20
26149,114,93,21,21
26150,87,73,14,14
26151,55,53,2,2
26152,65,48,17,17
26153,48,47,1,1
26154,64,56,8,8
26155,113,87,26,26
26156,137,116,21,21
26157,124,113,11,11
26158,47,48,-1,1
26159,103,87,16,16
26160,136,120,16,16
26161,80,70,10,10
26162,65,81,-16,16
26163,117,97,20,20
26164,113,105,8,8
26165,71,52,19,19
26166,132,130,2,2
26167,102,79,23,23
26168,191,166,25,25
26169,127,105,22,22
26170,102,93,9,9
26171,104,85,19,19
26172,113,100,13,13
26173,74,79,-5,5
26174,143,130,13,13
26175,73,58,15,15
26176,143,127,16,16
26177,120,101,19,19
26178,95,85,10,10
26179,84,78,6,6
26180,146,132,14,14
26181,70,60,10,10
26182,125,98,27,27
26183,79,72,7,7
26184,77,73,4,4
26185,69,59,10,10
26186,100,88,12,12
26187,190,151,39,39
26188,90,84,6,6
26189,67,74,-7,7
26190,179,162,17,17
26191,68,69,-1,1
26192,79,84,-5,5
26193,149,123,26,26
26194,87,61,26,26
26195,58,76,-18,18
26196,176,172,4,4
26197,67,60,7,7
26198,76,69,7,7
26199,127,113,14,14
26200,73,58,15,15
26201,68,65,3,3
26202,70,58,12,12
26203,101,78,23,23
26204,122,121,1,1
26205,95,79,16,16
26206,90,80,10,10
26207,85,79,6,6
26208,138,121,17,17
26209,115,107,8,8
26210,122,107,15,15
26211,59,50,9,9
26212,51,48,3,3
26213,106,90,16,16
26214,110,102,8,8
26215,111,105,6,6
26216,62,73,-11,11
26217,93,69,24,24
26218,46,43,3,3
26219,107,102,5,5
26220,144,115,29,29
26221,92,72,20,20
26222,92,84,8,8
26223,95,97,-2,2
26224,154,137,17,17
26225,54,53,1,1
26226,102,93,9,9
26227,61,60,1,1
26228,109,103,6,6
26229,155,117,38,38
26230,83,63,20,20
26231,79,70,9,9
26232,102,92,10,10
26233,133,120,13,13
26234,134,125,9,9
26235,81,68,13,13
26236,151,133,18,18
26237,46,42,4,4
26238,97,86,11,11
26239,62,53,9,9
26240,114,103,11,11
26241,83,77,6,6
26242,114,102,12,12
26243,87,87,0,0
26244,110,87,23,23
26245,232,213,19,19
26246,35,36,-1,1
26247,96,78,18,18
26248,87,85,2,2
26249,52,51,1,1
26250,89,75,14,14
26251,84,68,16,16
26252,84,76,8,8
26253,151,134,17,17
26254,51,43,8,8
26255,112,92,20,20
26256,189,163,26,26
26257,68,56,12,12
26258,77,65,12,12
26259,62,61,1,1
26260,112,103,9,9
26261,95,82,13,13
26262,81,73,8,8
26263,108,87,21,21
26264,96,83,13,13
26265,58,49,9,9
26266,84,74,10,10
26267,116,96,20,20
26268,97,94,3,3
26269,92,83,9,9
26270,101,101,0,0
26271,56,46,10,10
26272,74,70,4,4
26273,115,97,18,18
26274,74,72,2,2
26275,58,49,9,9
26276,129,119,10,10
26277,91,85,6,6
26278,59,47,12,12
26279,52,44,8,8
26280,73,67,6,6
26281,69,48,21,21
26282,119,88,31,31
26283,126,107,19,19
26284,114,84,30,30
26285,100,98,2,2
26286,86,80,6,6
26287,116,119,-3,3
26288,72,60,12,12
26289,61,56,5,5
26290,83,66,17,17
26291,94,88,6,6
26292,90,90,0,0
26293,93,91,2,2
26294,31,31,0,0
26295,163,142,21,21
26296,99,85,14,14
26297,46,47,-1,1
26298,55,46,9,9
26299,75,70,5,5
26300,72,65,7,7
26301,107,86,21,21
26302,89,85,4,4
26303,66,45,21,21
26304,67,64,3,3
26305,145,128,17,17
26306,151,133,18,18
26307,153,119,34,34
26308,56,44,12,12
26309,97,94,3,3
26310,162,147,15,15
26311,90,82,8,8
26312,106,89,17,17
26313,27,29,-2,2
26314,93,75,18,18
26315,105,92,13,13
26316,123,123,0,0
26317,61,57,4,4
26318,64,53,11,11
26319,109,99,10,10
26320,153,137,16,16
26321,81,70,11,11
26322,167,138,29,29
26323,100,85,15,15
26324,40,49,-9,9
26325,84,82,2,2
26326,126,113,13,13
26327,69,67,2,2
26328,54,38,16,16
26329,41,39,2,2
26330,86,84,2,2
26331,71,56,15,15
26332,97,86,11,11
26333,131,116,15,15
26334,42,42,0,0
26335,102,89,13,13
26336,83,76,7,7
26337,187,160,27,27
26338,180,165,15,15
26339,73,65,8,8
26340,108,123,-15,15
26341,57,55,2,2
26342,121,110,11,11
26343,88,82,6,6
26344,105,91,14,14
26345,80,80,0,0
26346,86,84,2,2
26347,124,108,16,16
26348,117,99,18,18
26349,112,101,11,11
26350,66,58,8,8
26351,94,90,4,4
26352,107,98,9,9
26353,45,43,2,2
26354,121,107,14,14
26355,82,62,20,20
26356,69,63,6,6
26357,160,132,28,28
26358,119,99,20,20
26359,58,50,8,8
26360,100,88,12,12
26361,72,62,10,10
26362,67,60,7,7
26363,66,60,6,6
26364,119,105,14,14
26365,138,133,5,5
26366,65,54,11,11
26367,105,99,6,6
26368,36,44,-8,8
26369,69,64,5,5
26370,78,67,11,11
26371,131,107,24,24
26372,109,105,4,4
26373,75,64,11,11
26374,63,50,13,13
26375,53,56,-3,3
26376,105,98,7,7
26377,64,62,2,2
26378,70,66,4,4
26379,26,29,-3,3
26380,181,153,28,28
26381,66,62,4,4
26382,130,130,0,0
26383,122,111,11,11
26384,94,79,15,15
26385,124,114,10,10
26386,70,64,6,6
26387,114,104,10,10
26388,93,76,17,17
26389,106,101,5,5
26390,96,86,10,10
26391,90,83,7,7
26392,118,108,10,10
26393,63,79,-16,16
26394,79,75,4,4
26395,43,49,-6,6
26396,112,105,7,7
26397,45,45,0,0
26398,114,109,5,5
26399,107,91,16,16
26400,83,69,14,14
26401,40,46,-6,6
26402,98,89,9,9
26403,115,102,13,13
26404,92,86,6,6
26405,131,122,9,9
26406,106,82,24,24
26407,99,85,14,14
26408,67,61,6,6
26409,171,151,20,20
26410,128,99,29,29
26411,88,76,12,12
26412,56,50,6,6
26413,113,99,14,14
26414,62,42,20,20
26415,81,63,18,18
26416,83,78,5,5
26417,113,95,18,18
26418,100,94,6,6
26419,91,79,12,12
26420,79,79,0,0
26421,156,134,22,22
26422,113,99,14,14
26423,67,72,-5,5
26424,129,111,18,18
26425,89,83,6,6
26426,66,60,6,6
26427,102,97,5,5
26428,131,114,17,17
26429,111,98,13,13
26430,47,38,9,9
26431,37,50,-13,13
26432,92,85,7,7
26433,91,79,12,12
26434,101,88,13,13
26435,43,48,-5,5
26436,78,68,10,10
26437,102,92,10,10
26438,92,82,10,10
26439,96,95,1,1
26440,109,96,13,13
26441,98,91,7,7
26442,131,109,22,22
26443,104,100,4,4
26444,96,114,-18,18
26445,98,87,11,11
26446,66,62,4,4
26447,75,67,8,8
26448,70,61,9,9
26449,49,49,0,0
26450,110,89,21,21
26451,128,104,24,24
26452,50,45,5,5
26453,85,80,5,5
26454,59,52,7,7
26455,41,33,8,8
26456,71,62,9,9
26457,117,100,17,17
26458,91,81,10,10
26459,64,58,6,6
26460,118,110,8,8
26461,43,42,1,1
26462,134,122,12,12
26463,101,84,17,17
26464,109,86,23,23
26465,114,106,8,8
26466,118,115,3,3
26467,70,71,-1,1
26468,102,90,12,12
26469,157,148,9,9
26470,308,251,57,57
26471,104,103,1,1
26472,106,84,22,22
26473,74,66,8,8
26474,148,128,20,20
26475,106,93,13,13
26476,74,67,7,7
26477,118,106,12,12
26478,114,106,8,8
26479,60,51,9,9
26480,135,109,26,26
26481,60,53,7,7
26482,62,57,5,5
26483,120,115,5,5
26484,150,151,-1,1
26485,112,91,21,21
26486,87,77,10,10
26487,100,92,8,8
26488,52,55,-3,3
26489,82,74,8,8
26490,136,133,3,3
26491,65,59,6,6
26492,104,86,18,18
26493,134,118,16,16
26494,104,80,24,24
26495,119,110,9,9
26496,119,103,16,16
26497,60,62,-2,2
26498,155,141,14,14
26499,129,120,9,9
26500,46,43,3,3
26501,58,53,5,5
26502,73,56,17,17
26503,114,92,22,22
26504,85,81,4,4
26505,77,66,11,11
26506,89,74,15,15
26507,186,162,24,24
26508,74,68,6,6
26509,80,64,16,16
26510,108,99,9,9
26511,112,72,40,40
26512,38,35,3,3
26513,61,52,9,9
26514,109,90,19,19
26515,46,35,11,11
26516,139,115,24,24
26517,85,80,5,5
26518,97,79,18,18
26519,60,66,-6,6
26520,36,40,-4,4
26521,89,88,1,1
26522,147,130,17,17
26523,94,70,24,24
26524,88,73,15,15
26525,120,99,21,21
26526,75,75,0,0
26527,95,85,10,10
26528,90,76,14,14
26529,46,46,0,0
26530,49,52,-3,3
26531,145,123,22,22
26532,93,76,17,17
26533,48,44,4,4
26534,93,85,8,8
26535,76,59,17,17
26536,51,45,6,6
26537,102,90,12,12
26538,86,78,8,8
26539,88,75,13,13
26540,97,94,3,3
26541,139,119,20,20
26542,163,142,21,21
26543,91,88,3,3
26544,139,115,24,24
26545,56,59,-3,3
26546,56,61,-5,5
26547,84,71,13,13
26548,85,78,7,7
26549,55,55,0,0
26550,82,69,13,13
26551,90,72,18,18
26552,102,84,18,18
26553,46,42,4,4
26554,151,136,15,15
26555,90,78,12,12
26556,78,97,-19,19
26557,70,55,15,15
26558,126,107,19,19
26559,114,108,6,6
26560,135,106,29,29
26561,209,182,27,27
26562,163,144,19,19
26563,62,54,8,8
26564,79,77,2,2
26565,90,80,10,10
26566,126,104,22,22
26567,161,135,26,26
26568,119,100,19,19
26569,65,70,-5,5
26570,75,92,-17,17
26571,94,79,15,15
26572,57,51,6,6
26573,60,52,8,8
26574,62,56,6,6
26575,61,58,3,3
26576,174,153,21,21
26577,65,60,5,5
26578,122,107,15,15
26579,103,109,-6,6
26580,66,57,9,9
26581,110,90,20,20
26582,59,59,0,0
26583,120,102,18,18
26584,101,90,11,11
26585,94,82,12,12
26586,125,111,14,14
26587,76,67,9,9
26588,66,71,-5,5
26589,85,82,3,3
26590,101,94,7,7
26591,79,69,10,10
26592,179,156,23,23
26593,73,71,2,2
26594,97,93,4,4
26595,40,49,-9,9
26596,75,62,13,13
26597,157,138,19,19
26598,77,72,5,5
26599,108,103,5,5
26600,129,110,19,19
26601,100,87,13,13
26602,76,81,-5,5
26603,40,44,-4,4
26604,72,69,3,3
26605,81,67,14,14
26606,122,102,20,20
26607,77,65,12,12
26608,162,144,18,18
26609,52,44,8,8
26610,86,72,14,14
26611,61,53,8,8
26612,139,117,22,22
26613,122,106,16,16
26614,129,119,10,10
26615,64,50,14,14
26616,53,47,6,6
26617,163,135,28,28
26618,76,82,-6,6
26619,47,44,3,3
26620,57,51,6,6
26621,142,120,22,22
26622,89,70,19,19
26623,100,93,7,7
26624,126,122,4,4
26625,149,129,20,20
26626,102,84,18,18
26627,51,50,1,1
26628,131,99,32,32
26629,113,99,14,14
26630,128,109,19,19
26631,84,69,15,15
26632,88,75,13,13
26633,96,83,13,13
26634,131,104,27,27
26635,142,127,15,15
26636,139,123,16,16
26637,62,59,3,3
26638,162,152,10,10
26639,100,89,11,11
26640,94,84,10,10
26641,118,101,17,17
26642,140,116,24,24
26643,105,94,11,11
26644,54,53,1,1
26645,80,72,8,8
26646,54,48,6,6
26647,82,79,3,3
26648,78,74,4,4
26649,81,73,8,8
26650,55,48,7,7
26651,142,135,7,7
26652,152,128,24,24
26653,121,104,17,17
26654,109,95,14,14
26655,80,80,0,0
26656,73,65,8,8
26657,154,108,46,46
26658,122,112,10,10
26659,85,74,11,11
26660,65,59,6,6
26661,127,107,20,20
26662,44,39,5,5
26663,90,87,3,3
26664,115,102,13,13
26665,124,110,14,14
26666,148,139,9,9
26667,49,41,8,8
26668,77,73,4,4
26669,173,156,17,17
26670,68,66,2,2
26671,149,140,9,9
26672,73,68,5,5
26673,54,49,5,5
26674,90,72,18,18
26675,73,65,8,8
26676,74,71,3,3
26677,49,42,7,7
26678,79,65,14,14
26679,117,109,8,8
26680,57,58,-1,1
26681,123,102,21,21
26682,94,83,11,11
26683,124,96,28,28
26684,74,70,4,4
26685,63,57,6,6
26686,116,98,18,18
26687,93,78,15,15
26688,115,110,5,5
26689,64,58,6,6
26690,117,114,3,3
26691,74,68,6,6
26692,49,44,5,5
26693,72,62,10,10
26694,86,77,9,9
26695,52,48,4,4
26696,87,77,10,10
26697,152,133,19,19
26698,61,54,7,7
26699,67,62,5,5
26700,64,66,-2,2
26701,100,91,9,9
26702,135,107,28,28
26703,120,109,11,11
26704,124,101,23,23
26705,105,102,3,3
26706,144,136,8,8
26707,100,93,7,7
26708,80,73,7,7
26709,73,77,-4,4
26710,82,75,7,7
26711,76,64,12,12
26712,115,102,13,13
26713,106,97,9,9
26714,125,115,10,10
26715,86,74,12,12
26716,94,82,12,12
26717,80,77,3,3
26718,145,120,25,25
26719,122,105,17,17
26720,122,111,11,11
26721,115,95,20,20
26722,66,61,5,5
26723,85,74,11,11
26724,95,91,4,4
26725,110,89,21,21
26726,49,52,-3,3
26727,80,83,-3,3
26728,101,86,15,15
26729,77,67,10,10
26730,89,89,0,0
26731,130,107,23,23
26732,106,104,2,2
26733,56,45,11,11
26734,68,56,12,12
26735,152,129,23,23
26736,113,102,11,11
26737,98,90,8,8
26738,125,107,18,18
26739,71,61,10,10
26740,123,104,19,19
26741,97,66,31,31
26742,77,71,6,6
26743,56,56,0,0
26744,127,111,16,16
26745,49,51,-2,2
26746,115,99,16,16
26747,61,57,4,4
26748,97,84,13,13
26749,101,91,10,10
26750,77,72,5,5
26751,117,117,0,0
26752,90,88,2,2
26753,120,100,20,20
26754,80,74,6,6
26755,71,59,12,12
26756,54,49,5,5
26757,80,77,3,3
26758,110,98,12,12
26759,71,78,-7,7
26760,82,79,3,3
26761,68,69,-1,1
26762,78,78,0,0
26763,69,57,12,12
26764,87,74,13,13
26765,94,80,14,14
26766,137,119,18,18
26767,57,52,5,5
26768,56,47,9,9
26769,57,64,-7,7
26770,62,53,9,9
26771,63,59,4,4
26772,165,146,19,19
26773,115,98,17,17
26774,133,119,14,14
26775,94,76,18,18
26776,107,99,8,8
26777,106,89,17,17
26778,112,105,7,7
26779,93,83,10,10
26780,55,58,-3,3
26781,85,79,6,6
26782,41,34,7,7
26783,120,99,21,21
26784,99,88,11,11
26785,83,63,20,20
26786,84,80,4,4
26787,110,97,13,13
26788,124,110,14,14
26789,122,102,20,20
26790,38,37,1,1
26791,120,103,17,17
26792,97,88,9,9
26793,61,55,6,6
26794,113,107,6,6
26795,74,62,12,12
26796,79,69,10,10
26797,125,101,24,24
26798,81,69,12,12
26799,125,106,19,19
26800,123,111,12,12
26801,90,82,8,8
26802,48,49,-1,1
26803,55,50,5,5
26804,62,62,0,0
26805,64,68,-4,4
26806,91,87,4,4
26807,145,136,9,9
26808,86,73,13,13
26809,66,64,2,2
26810,116,101,15,15
26811,76,69,7,7
26812,88,85,3,3
26813,103,97,6,6
26814,97,94,3,3
26815,138,117,21,21
26816,75,68,7,7
26817,92,75,17,17
26818,149,136,13,13
26819,60,55,5,5
26820,108,98,10,10
26821,30,32,-2,2
26822,89,78,11,11
26823,49,56,-7,7
26824,97,77,20,20
26825,128,104,24,24
26826,96,85,11,11
26827,96,80,16,16
26828,63,51,12,12
26829,76,68,8,8
26830,106,90,16,16
26831,79,77,2,2
26832,127,104,23,23
26833,45,45,0,0
26834,105,110,-5,5
26835,90,77,13,13
26836,43,44,-1,1
26837,235,135,100,100
26838,50,51,-1,1
26839,111,90,21,21
26840,69,63,6,6
26841,52,120,-68,68
26842,105,94,11,11
26843,49,42,7,7
26844,66,62,4,4
26845,64,62,2,2
26846,75,60,15,15
26847,70,67,3,3
26848,96,79,17,17
26849,86,80,6,6
26850,109,93,16,16
26851,357,151,206,206
26852,74,66,8,8
26853,96,93,3,3
26854,101,94,7,7
26855,86,80,6,6
26856,97,77,20,20
26857,47,40,7,7
26858,76,79,-3,3
26859,139,118,21,21
26860,127,113,14,14
26861,119,101,18,18
26862,133,114,19,19
26863,190,172,18,18
26864,119,99,20,20
26865,96,87,9,9
26866,31,29,2,2
26867,94,99,-5,5
26868,112,113,-1,1
26869,104,91,13,13
26870,162,137,25,25
26871,128,111,17,17
26872,142,134,8,8
26873,107,64,43,43
26874,120,95,25,25
26875,57,54,3,3
26876,157,136,21,21
26877,94,85,9,9
26878,109,106,3,3
26879,58,57,1,1
26880,108,86,22,22
26881,88,74,14,14
26882,123,119,4,4
26883,85,76,9,9
26884,136,116,20,20
26885,72,63,9,9
26886,77,65,12,12
26887,59,49,10,10
26888,154,132,22,22
26889,63,69,-6,6
26890,40,41,-1,1
26891,142,136,6,6
26892,160,137,23,23
26893,68,57,11,11
26894,91,72,19,19
26895,77,77,0,0
26896,135,121,14,14
26897,134,180,-46,46
26898,172,159,13,13
26899,131,146,-15,15
26900,86,79,7,7
26901,67,64,3,3
26902,55,48,7,7
26903,148,131,17,17
26904,66,63,3,3
26905,120,97,23,23
26906,83,74,9,9
26907,101,86,15,15
26908,83,62,21,21
26909,106,121,-15,15
26910,99,89,10,10
26911,67,65,2,2
26912,130,116,14,14
26913,79,71,8,8
26914,43,43,0,0
26915,146,123,23,23
26916,57,52,5,5
26917,100,98,2,2
26918,139,114,25,25
26919,114,90,24,24
26920,61,56,5,5
26921,77,80,-3,3
26922,102,99,3,3
26923,104,87,17,17
26924,145,125,20,20
26925,81,78,3,3
26926,87,83,4,4
26927,135,130,5,5
26928,117,106,11,11
26929,82,68,14,14
26930,118,107,11,11
26931,106,103,3,3
26932,123,110,13,13
26933,109,97,12,12
26934,66,57,9,9
26935,86,75,11,11
26936,104,97,7,7
26937,61,68,-7,7
26938,59,76,-17,17
26939,68,61,7,7
26940,68,63,5,5
26941,63,61,2,2
26942,85,70,15,15
26943,135,125,10,10
26944,117,112,5,5
26945,134,114,20,20
26946,104,95,9,9
26947,73,67,6,6
26948,79,71,8,8
26949,137,123,14,14
26950,106,86,20,20
26951,80,56,24,24
26952,175,152,23,23
26953,96,90,6,6
26954,137,112,25,25
26955,119,105,14,14
26956,118,102,16,16
26957,135,120,15,15
26958,127,96,31,31
26959,103,94,9,9
26960,87,82,5,5
26961,90,62,28,28
26962,50,47,3,3
26963,68,63,5,5
26964,75,66,9,9
26965,150,141,9,9
26966,107,88,19,19
26967,122,113,9,9
26968,48,41,7,7
26969,141,131,10,10
26970,96,79,17,17
26971,93,82,11,11
26972,85,73,12,12
26973,55,50,5,5
26974,51,46,5,5
26975,99,88,11,11
26976,52,53,-1,1
26977,79,64,15,15
26978,110,97,13,13
26979,121,105,16,16
26980,37,34,3,3
26981,92,81,11,11
26982,66,53,13,13
26983,148,115,33,33
26984,83,72,11,11
26985,175,155,20,20
26986,88,69,19,19
26987,110,96,14,14
26988,79,75,4,4
26989,64,52,12,12
26990,124,102,22,22
26991,129,111,18,18
26992,91,79,12,12
26993,59,48,11,11
26994,49,53,-4,4
26995,132,116,16,16
26996,76,100,-24,24
26997,110,95,15,15
26998,61,54,7,7
26999,90,83,7,7
27000,126,115,11,11
27001,98,90,8,8
27002,59,48,11,11
27003,93,88,5,5
27004,76,61,15,15
27005,75,60,15,15
27006,85,80,5,5
27007,149,125,24,24
27008,89,77,12,12
27009,112,99,13,13
27010,88,68,20,20
27011,65,54,11,11
27012,86,80,6,6
27013,64,62,2,2
27014,81,82,-1,1
27015,86,80,6,6
27016,70,54,16,16
27017,150,117,33,33
27018,102,86,16,16
27019,92,77,15,15
27020,47,49,-2,2
27021,92,89,3,3
27022,108,93,15,15
27023,85,77,8,8
27024,127,113,14,14
27025,114,100,14,14
27026,89,75,14,14
27027,98,92,6,6
27028,47,37,10,10
27029,95,94,1,1
27030,174,167,7,7
27031,74,67,7,7
27032,214,194,20,20
27033,35,39,-4,4
27034,202,183,19,19
27035,83,69,14,14
27036,125,105,20,20
27037,109,87,22,22
27038,54,51,3,3
27039,56,55,1,1
27040,71,65,6,6
27041,81,75,6,6
27042,78,71,7,7
27043,61,51,10,10
27044,77,65,12,12
27045,114,99,15,15
27046,59,58,1,1
27047,116,114,2,2
27048,49,54,-5,5
27049,66,73,-7,7
27050,91,71,20,20
27051,98,89,9,9
27052,73,68,5,5
27053,78,70,8,8
27054,105,104,1,1
27055,112,96,16,16
27056,84,76,8,8
27057,78,64,14,14
27058,112,107,5,5
27059,178,143,35,35
27060,134,124,10,10
27061,93,76,17,17
27062,99,89,10,10
27063,67,61,6,6
27064,76,73,3,3
27065,80,67,13,13
27066,74,65,9,9
27067,83,76,7,7
27068,99,103,-4,4
27069,70,51,19,19
27070,64,63,1,1
27071,128,111,17,17
27072,93,68,25,25
27073,65,53,12,12
27074,40,35,5,5
27075,133,114,19,19
27076,97,90,7,7
27077,89,86,3,3
27078,73,64,9,9
27079,102,81,21,21
27080,62,55,7,7
27081,91,84,7,7
27082,147,128,19,19
27083,70,59,11,11
27084,71,64,7,7
27085,86,77,9,9
27086,62,58,4,4
27087,104,80,24,24
27088,72,62,10,10
27089,52,45,7,7
27090,38,44,-6,6
27091,67,68,-1,1
27092,196,173,23,23
27093,47,41,6,6
27094,51,49,2,2
27095,88,77,11,11
27096,96,84,12,12
27097,42,38,4,4
27098,101,92,9,9
27099,105,89,16,16
27100,70,63,7,7
27101,87,90,-3,3
27102,120,113,7,7
27103,71,62,9,9
27104,118,101,17,17
27105,71,77,-6,6
27106,101,100,1,1
27107,80,69,11,11
27108,107,89,18,18
27109,87,71,16,16
27110,60,65,-5,5
27111,56,46,10,10
27112,79,72,7,7
27113,148,129,19,19
27114,75,66,9,9
27115,53,47,6,6
27116,88,74,14,14
27117,104,117,-13,13
27118,77,62,15,15
27119,53,47,6,6
27120,114,103,11,11
27121,74,62,12,12
27122,73,76,-3,3
27123,127,109,18,18
27124,81,69,12,12
27125,127,118,9,9
27126,139,113,26,26
27127,78,70,8,8
27128,79,65,14,14
27129,115,99,16,16
27130,125,100,25,25
27131,141,128,13,13
27132,127,101,26,26
27133,105,94,11,11
27134,57,57,0,0
27135,99,92,7,7
27136,91,80,11,11
27137,98,78,20,20
27138,114,114,0,0
27139,74,65,9,9
27140,143,114,29,29
27141,68,62,6,6
27142,159,137,22,22
27143,69,58,11,11
27144,72,56,16,16
27145,48,47,1,1
27146,110,101,9,9
27147,86,77,9,9
27148,72,65,7,7
27149,80,68,12,12
27150,70,70,0,0
27151,37,44,-7,7
27152,79,68,11,11
27153,53,39,14,14
27154,82,76,6,6
27155,55,59,-4,4
27156,72,67,5,5
27157,104,94,10,10
27158,81,74,7,7
27159,131,127,4,4
27160,110,107,3,3
27161,70,64,6,6
27162,96,92,4,4
27163,56,58,-2,2
27164,76,66,10,10
27165,87,81,6,6
27166,100,82,18,18
27167,51,48,3,3
27168,67,60,7,7
27169,50,48,2,2
27170,72,77,-5,5
27171,69,58,11,11
27172,96,91,5,5
27173,90,75,15,15
27174,84,78,6,6
27175,136,125,11,11
27176,83,73,10,10
27177,93,85,8,8
27178,130,133,-3,3
27179,111,103,8,8
27180,107,105,2,2
27181,112,107,5,5
27182,27,31,-4,4
27183,156,130,26,26
27184,102,86,16,16
27185,122,111,11,11
27186,114,94,20,20
27187,39,36,3,3
27188,137,118,19,19
27189,86,75,11,11
27190,83,66,17,17
27191,148,132,16,16
27192,108,97,11,11
27193,102,84,18,18
27194,95,87,8,8
27195,52,56,-4,4
27196,78,73,5,5
27197,99,87,12,12
27198,124,117,7,7
27199,94,92,2,2
27200,120,111,9,9
27201,102,96,6,6
27202,128,118,10,10
27203,64,50,14,14
27204,78,69,9,9
27205,65,65,0,0
27206,128,120,8,8
27207,88,73,15,15
27208,63,64,-1,1
27209,86,85,1,1
27210,102,96,6,6
27211,120,86,34,34
27212,95,92,3,3
27213,83,71,12,12
27214,96,96,0,0
27215,75,72,3,3
27216,50,43,7,7
27217,69,61,8,8
27218,118,98,20,20
27219,103,98,5,5
27220,88,83,5,5
27221,83,76,7,7
27222,113,94,19,19
27223,89,75,14,14
27224,92,80,12,12
27225,96,87,9,9
27226,97,110,-13,13
27227,57,53,4,4
27228,70,62,8,8
27229,79,78,1,1
27230,81,74,7,7
27231,106,91,15,15
27232,178,155,23,23
27233,141,128,13,13
27234,97,85,12,12
27235,152,141,11,11
27236,82,69,13,13
27237,62,53,9,9
27238,69,67,2,2
27239,145,125,20,20
27240,80,73,7,7
27241,124,109,15,15
27242,128,116,12,12
27243,147,121,26,26
27244,181,170,11,11
27245,92,84,8,8
27246,48,44,4,4
27247,144,129,15,15
27248,54,54,0,0
27249,116,99,17,17
27250,106,90,16,16
27251,72,63,9,9
27252,139,119,20,20
27253,153,140,13,13
27254,105,85,20,20
27255,152,129,23,23
27256,137,110,27,27
27257,123,114,9,9
27258,49,50,-1,1
27259,80,69,11,11
27260,63,43,20,20
27261,35,57,-22,22
27262,53,48,5,5
27263,80,78,2,2
27264,56,43,13,13
27265,143,136,7,7
27266,160,138,22,22
27267,98,88,10,10
27268,98,82,16,16
27269,83,80,3,3
27270,117,118,-1,1
27271,143,127,16,16
27272,91,84,7,7
27273,60,62,-2,2
27274,106,88,18,18
27275,33,38,-5,5
27276,65,58,7,7
27277,79,67,12,12
27278,47,40,7,7
27279,78,69,9,9
27280,108,100,8,8
27281,59,58,1,1
27282,75,72,3,3
27283,130,121,9,9
27284,75,75,0,0
27285,89,82,7,7
27286,85,70,15,15
27287,127,112,15,15
27288,71,72,-1,1
27289,103,88,15,15
27290,40,40,0,0
27291,57,65,-8,8
27292,142,125,17,17
27293,61,66,-5,5
27294,77,66,11,11
27295,95,91,4,4
27296,90,59,31,31
27297,101,93,8,8
27298,64,51,13,13
27299,154,116,38,38
27300,90,78,12,12
27301,103,93,10,10
27302,134,115,19,19
27303,96,65,31,31
27304,48,42,6,6
27305,88,74,14,14
27306,126,111,15,15
27307,80,66,14,14
27308,66,59,7,7
27309,43,40,3,3
27310,71,57,14,14
27311,102,86,16,16
27312,78,66,12,12
27313,99,88,11,11
27314,110,97,13,13
27315,105,97,8,8
27316,103,101,2,2
27317,103,93,10,10
27318,62,72,-10,10
27319,92,84,8,8
27320,68,67,1,1
27321,94,86,8,8
27322,97,89,8,8
27323,50,53,-3,3
27324,46,48,-2,2
27325,76,64,12,12
27326,127,96,31,31
27327,55,51,4,4
27328,62,52,10,10
27329,114,107,7,7
27330,70,69,1,1
27331,110,94,16,16
27332,115,103,12,12
27333,102,84,18,18
27334,105,103,2,2
27335,99,83,16,16
27336,122,110,12,12
27337,69,68,1,1
27338,69,53,16,16
27339,79,72,7,7
27340,67,65,2,2
27341,76,62,14,14
27342,54,48,6,6
27343,96,82,14,14
27344,90,77,13,13
27345,73,61,12,12
27346,76,70,6,6
27347,48,50,-2,2
27348,104,99,5,5
27349,64,56,8,8
27350,76,65,11,11
27351,106,93,13,13
27352,58,57,1,1
27353,118,106,12,12
27354,78,74,4,4
27355,119,109,10,10
27356,64,63,1,1
27357,144,104,40,40
27358,112,90,22,22
27359,60,55,5,5
27360,58,73,-15,15
27361,148,147,1,1
27362,70,59,11,11
27363,193,164,29,29
27364,90,83,7,7
27365,50,43,7,7
27366,94,81,13,13
27367,114,97,17,17
27368,57,52,5,5
27369,72,80,-8,8
27370,97,72,25,25
27371,121,104,17,17
27372,96,83,13,13
27373,78,78,0,0
27374,124,119,5,5
27375,156,141,15,15
27376,103,83,20,20
27377,117,106,11,11
27378,75,57,18,18
27379,101,93,8,8
27380,45,40,5,5
27381,60,55,5,5
27382,124,114,10,10
27383,129,114,15,15
27384,90,82,8,8
27385,79,77,2,2
27386,64,62,2,2
27387,87,87,0,0
27388,138,124,14,14
27389,106,99,7,7
27390,96,89,7,7
27391,124,110,14,14
27392,78,67,11,11
27393,99,82,17,17
27394,208,160,48,48
27395,111,97,14,14
27396,107,87,20,20
27397,92,78,14,14
27398,87,73,14,14
27399,108,106,2,2
27400,70,59,11,11
27401,115,105,10,10
27402,86,82,4,4
27403,86,74,12,12
27404,165,148,17,17
27405,59,90,-31,31
27406,111,106,5,5
27407,196,161,35,35
27408,99,91,8,8
27409,121,90,31,31
27410,57,46,11,11
27411,78,62,16,16
27412,98,91,7,7
27413,90,72,18,18
27414,89,80,9,9
27415,97,83,14,14
27416,77,66,11,11
27417,78,66,12,12
27418,95,98,-3,3
27419,98,83,15,15
27420,126,107,19,19
27421,107,97,10,10
27422,83,72,11,11
27423,129,125,4,4
27424,93,85,8,8
27425,210,170,40,40
27426,112,100,12,12
27427,51,47,4,4
27428,93,73,20,20
27429,61,63,-2,2
27430,76,75,1,1
27431,107,98,9,9
27432,115,88,27,27
27433,106,95,11,11
27434,77,71,6,6
27435,102,98,4,4
27436,54,50,4,4
27437,81,65,16,16
27438,64,69,-5,5
27439,134,120,14,14
27440,124,103,21,21
27441,49,48,1,1
27442,90,91,-1,1
27443,72,57,15,15
27444,76,71,5,5
27445,114,100,14,14
27446,59,60,-1,1
27447,97,101,-4,4
27448,96,81,15,15
27449,177,133,44,44
27450,111,100,11,11
27451,105,99,6,6
27452,78,78,0,0
27453,85,84,1,1
27454,71,60,11,11
27455,114,99,15,15
27456,78,72,6,6
27457,164,145,19,19
27458,75,69,6,6
27459,128,112,16,16
27460,105,110,-5,5
27461,75,66,9,9
27462,87,83,4,4
27463,104,92,12,12
27464,130,112,18,18
27465,101,95,6,6
27466,81,71,10,10
27467,75,64,11,11
27468,115,102,13,13
27469,80,65,15,15
27470,54,57,-3,3
27471,93,89,4,4
27472,142,124,18,18
27473,41,46,-5,5
27474,78,73,5,5
27475,62,57,5,5
27476,68,68,0,0
27477,45,44,1,1
27478,99,83,16,16
27479,92,77,15,15
27480,88,72,16,16
27481,134,127,7,7
27482,112,94,18,18
27483,97,94,3,3
27484,131,124,7,7
27485,71,59,12,12
27486,39,37,2,2
27487,68,66,2,2
27488,47,47,0,0
27489,60,49,11,11
27490,151,116,35,35
27491,81,62,19,19
27492,104,88,16,16
27493,99,93,6,6
27494,103,91,12,12
27495,84,70,14,14
27496,92,83,9,9
27497,108,97,11,11
27498,124,107,17,17
27499,68,70,-2,2
27500,107,99,8,8
27501,97,67,30,30
27502,108,92,16,16
27503,54,55,-1,1
27504,75,67,8,8
27505,43,42,1,1
27506,105,95,10,10
27507,103,99,4,4
27508,85,82,3,3
27509,121,108,13,13
27510,85,78,7,7
27511,102,84,18,18
27512,113,107,6,6
27513,70,69,1,1
27514,120,103,17,17
27515,106,88,18,18
27516,72,66,6,6
27517,89,86,3,3
27518,90,74,16,16
27519,52,42,10,10
27520,78,74,4,4
27521,88,84,4,4
27522,290,214,76,76
27523,98,85,13,13
27524,94,85,9,9
27525,130,107,23,23
27526,50,59,-9,9
27527,102,89,13,13
27528,72,62,10,10
27529,79,66,13,13
27530,101,93,8,8
27531,88,74,14,14
27532,75,68,7,7
27533,109,110,-1,1
27534,68,59,9,9
27535,117,101,16,16
27536,112,101,11,11
27537,149,129,20,20
27538,94,92,2,2
27539,73,62,11,11
27540,86,73,13,13
27541,68,62,6,6
27542,94,85,9,9
27543,96,88,8,8
27544,86,102,-16,16
27545,84,78,6,6
27546,98,81,17,17
27547,149,132,17,17
27548,92,81,11,11
27549,72,59,13,13
27550,108,98,10,10
27551,85,88,-3,3
27552,92,82,10,10
27553,72,67,5,5
27554,73,73,0,0
27555,91,84,7,7
27556,167,159,8,8
27557,78,79,-1,1
27558,50,54,-4,4
27559,96,71,25,25
27560,105,84,21,21
27561,102,94,8,8
27562,106,92,14,14
27563,138,115,23,23
27564,123,111,12,12
27565,76,66,10,10
27566,95,84,11,11
27567,87,77,10,10
27568,154,138,16,16
27569,75,61,14,14
27570,137,114,23,23
27571,98,76,22,22
27572,96,86,10,10
27573,68,65,3,3
27574,66,66,0,0
27575,96,88,8,8
27576,99,93,6,6
27577,53,54,-1,1
27578,36,58,-22,22
27579,79,72,7,7
27580,108,94,14,14
27581,20,24,-4,4
27582,95,85,10,10
27583,78,72,6,6
27584,114,102,12,12
27585,89,90,-1,1
27586,118,124,-6,6
27587,163,138,25,25
27588,64,51,13,13
27589,50,37,13,13
27590,65,58,7,7
27591,91,77,14,14
27592,126,115,11,11
27593,96,83,13,13
27594,115,98,17,17
27595,114,103,11,11
27596,139,106,33,33
27597,45,51,-6,6
27598,155,145,10,10
27599,77,63,14,14
27600,105,82,23,23
27601,156,123,33,33
27602,90,81,9,9
27603,105,86,19,19
27604,36,40,-4,4
27605,134,127,7,7
27606,111,111,0,0
27607,61,50,11,11
27608,97,87,10,10
27609,76,67,9,9
27610,81,76,5,5
27611,71,61,10,10
27612,99,82,17,17
27613,98,89,9,9
27614,89,75,14,14
27615,153,129,24,24
27616,110,106,4,4
27617,61,52,9,9
27618,72,69,3,3
27619,107,97,10,10
27620,107,94,13,13
27621,116,98,18,18
27622,116,99,17,17
27623,71,63,8,8
27624,95,84,11,11
27625,99,90,9,9
27626,59,49,10,10
27627,107,115,-8,8
27628,130,116,14,14
27629,95,70,25,25
27630,165,134,31,31
27631,171,142,29,29
27632,93,91,2,2
27633,79,77,2,2
27634,175,151,24,24
27635,121,110,11,11
27636,155,141,14,14
27637,174,159,15,15
27638,81,63,18,18
27639,57,45,12,12
27640,180,137,43,43
27641,116,100,16,16
27642,162,148,14,14
27643,77,77,0,0
27644,78,66,12,12
27645,111,96,15,15
27646,87,66,21,21
27647,37,40,-3,3
27648,176,153,23,23
27649,69,71,-2,2
27650,72,67,5,5
27651,91,79,12,12
27652,102,92,10,10
27653,81,74,7,7
27654,142,125,17,17
27655,189,156,33,33
27656,200,171,29,29
27657,61,56,5,5
27658,89,83,6,6
27659,94,88,6,6
27660,88,80,8,8
27661,85,70,15,15
27662,88,74,14,14
27663,52,49,3,3
27664,61,68,-7,7
27665,79,70,9,9
27666,141,124,17,17
27667,83,72,11,11
27668,112,136,-24,24
27669,123,107,16,16
27670,54,45,9,9
27671,66,57,9,9
27672,117,105,12,12
27673,73,66,7,7
27674,70,73,-3,3
27675,66,56,10,10
27676,105,108,-3,3
27677,77,71,6,6
27678,100,89,11,11
27679,167,132,35,35
27680,73,66,7,7
27681,130,111,19,19
27682,87,63,24,24
27683,85,71,14,14
27684,69,55,14,14
27685,73,69,4,4
27686,77,73,4,4
27687,138,123,15,15
27688,80,77,3,3
27689,55,48,7,7
27690,117,94,23,23
27691,110,95,15,15
27692,60,52,8,8
27693,96,79,17,17
27694,85,70,15,15
27695,106,99,7,7
27696,94,85,9,9
27697,69,71,-2,2
27698,125,119,6,6
27699,179,150,29,29
27700,86,75,11,11
27701,129,112,17,17
27702,82,76,6,6
27703,91,70,21,21
27704,150,134,16,16
27705,57,54,3,3
27706,70,60,10,10
27707,134,112,22,22
27708,71,66,5,5
27709,74,71,3,3
27710,83,75,8,8
27711,82,89,-7,7
27712,70,65,5,5
27713,82,80,2,2
27714,52,54,-2,2
27715,93,76,17,17
27716,54,59,-5,5
27717,136,123,13,13
27718,72,66,6,6
27719,86,100,-14,14
27720,108,104,4,4
27721,93,79,14,14
27722,57,68,-11,11
27723,78,72,6,6
27724,130,109,21,21
27725,83,73,10,10
27726,116,77,39,39
27727,103,83,20,20
27728,79,72,7,7
27729,43,40,3,3
27730,100,93,7,7
27731,77,66,11,11
27732,127,111,16,16
27733,83,72,11,11
27734,134,139,-5,5
27735,108,87,21,21
27736,122,104,18,18
27737,86,77,9,9
27738,71,60,11,11
27739,111,99,12,12
27740,132,109,23,23
27741,200,175,25,25
27742,77,68,9,9
27743,131,101,30,30
27744,75,71,4,4
27745,66,57,9,9
27746,83,73,10,10
27747,155,133,22,22
27748,104,78,26,26
27749,85,69,16,16
27750,149,123,26,26
27751,198,217,-19,19
27752,68,71,-3,3
27753,143,98,45,45
27754,118,91,27,27
27755,75,63,12,12
27756,150,161,-11,11
27757,52,47,5,5
27758,153,139,14,14
27759,88,89,-1,1
27760,101,102,-1,1
27761,74,63,11,11
27762,102,94,8,8
27763,140,123,17,17
27764,71,55,16,16
27765,110,85,25,25
27766,110,102,8,8
27767,63,56,7,7
27768,66,60,6,6
27769,49,49,0,0
27770,54,48,6,6
27771,86,79,7,7
27772,58,50,8,8
27773,54,48,6,6
27774,60,62,-2,2
27775,77,68,9,9
27776,70,69,1,1
27777,91,80,11,11
27778,112,104,8,8
27779,89,73,16,16
27780,80,71,9,9
27781,95,86,9,9
27782,98,84,14,14
27783,91,81,10,10
27784,117,106,11,11
27785,76,73,3,3
27786,126,141,-15,15
27787,131,110,21,21
27788,65,59,6,6
27789,90,75,15,15
27790,77,67,10,10
27791,114,103,11,11
27792,88,75,13,13
27793,90,78,12,12
27794,84,81,3,3
27795,135,111,24,24
27796,95,80,15,15
27797,94,95,-1,1
27798,106,94,12,12
27799,75,63,12,12
27800,115,101,14,14
27801,143,130,13,13
27802,60,51,9,9
27803,68,60,8,8
27804,73,63,10,10
27805,168,134,34,34
27806,99,94,5,5
27807,108,95,13,13
27808,77,79,-2,2
27809,60,49,11,11
27810,79,68,11,11
27811,103,107,-4,4
27812,120,112,8,8
27813,137,138,-1,1
27814,80,83,-3,3
27815,78,74,4,4
27816,49,48,1,1
27817,97,97,0,0
27818,104,96,8,8
27819,172,151,21,21
27820,154,136,18,18
27821,93,88,5,5
27822,103,81,22,22
27823,51,50,1,1
27824,72,64,8,8
27825,81,72,9,9
27826,69,57,12,12
27827,111,95,16,16
27828,106,94,12,12
27829,143,119,24,24
27830,46,38,8,8
27831,118,110,8,8
27832,136,107,29,29
27833,103,87,16,16
27834,115,107,8,8
27835,100,86,14,14
27836,130,111,19,19
27837,146,125,21,21
27838,106,94,12,12
27839,160,145,15,15
27840,151,109,42,42
27841,111,97,14,14
27842,132,106,26,26
27843,70,53,17,17
27844,95,85,10,10
27845,113,101,12,12
27846,100,116,-16,16
27847,84,66,18,18
27848,144,112,32,32
27849,75,72,3,3
27850,127,114,13,13
27851,35,41,-6,6
27852,48,52,-4,4
27853,52,48,4,4
27854,110,101,9,9
27855,109,95,14,14
27856,72,64,8,8
27857,99,87,12,12
27858,58,44,14,14
27859,81,63,18,18
27860,96,76,20,20
27861,71,62,9,9
27862,122,90,32,32
27863,151,132,19,19
27864,92,81,11,11
27865,69,61,8,8
27866,111,98,13,13
27867,106,90,16,16
27868,122,108,14,14
27869,100,75,25,25
27870,62,56,6,6
27871,77,66,11,11
27872,111,99,12,12
27873,68,67,1,1
27874,97,80,17,17
27875,118,81,37,37
27876,118,111,7,7
27877,97,91,6,6
27878,78,80,-2,2
27879,146,133,13,13
27880,99,87,12,12
27881,76,61,15,15
27882,64,52,12,12
27883,48,43,5,5
27884,89,78,11,11
27885,59,53,6,6
27886,74,68,6,6
27887,72,68,4,4
27888,83,74,9,9
27889,83,57,26,26
27890,97,92,5,5
27891,100,84,16,16
27892,181,168,13,13
27893,37,33,4,4
27894,64,55,9,9
27895,84,65,19,19
27896,68,48,20,20
27897,54,49,5,5
27898,85,74,11,11
27899,75,71,4,4
27900,98,84,14,14
27901,147,130,17,17
27902,138,122,16,16
27903,61,56,5,5
27904,83,81,2,2
27905,158,136,22,22
27906,119,102,17,17
27907,88,73,15,15
27908,119,106,13,13
27909,118,94,24,24
27910,68,56,12,12
27911,49,46,3,3
27912,112,92,20,20
27913,113,93,20,20
27914,83,78,5,5
27915,81,79,2,2
27916,31,34,-3,3
27917,87,69,18,18
27918,144,128,16,16
27919,133,128,5,5
27920,137,122,15,15
27921,95,85,10,10
27922,80,71,9,9
27923,109,94,15,15
27924,90,85,5,5
27925,70,60,10,10
27926,66,61,5,5
27927,81,63,18,18
27928,156,141,15,15
27929,70,69,1,1
27930,95,95,0,0
27931,109,89,20,20
27932,61,97,-36,36
27933,40,42,-2,2
27934,138,133,5,5
27935,96,80,16,16
27936,53,61,-8,8
27937,85,86,-1,1
27938,137,114,23,23
27939,113,100,13,13
27940,127,110,17,17
27941,77,64,13,13
27942,66,60,6,6
27943,36,37,-1,1
27944,83,81,2,2
27945,120,96,24,24
27946,55,57,-2,2
27947,61,58,3,3
27948,68,55,13,13
27949,93,89,4,4
27950,173,156,17,17
27951,58,57,1,1
27952,75,70,5,5
27953,83,67,16,16
27954,141,137,4,4
27955,67,57,10,10
27956,35,38,-3,3
27957,63,59,4,4
27958,52,50,2,2
27959,183,158,25,25
27960,52,46,6,6
27961,72,60,12,12
27962,77,73,4,4
27963,61,52,9,9
27964,124,103,21,21
27965,78,76,2,2
27966,123,111,12,12
27967,122,115,7,7
27968,88,84,4,4
27969,74,72,2,2
27970,66,61,5,5
27971,69,70,-1,1
27972,92,85,7,7
27973,79,68,11,11
27974,45,61,-16,16
27975,115,104,11,11
27976,143,127,16,16
27977,99,93,6,6
27978,129,124,5,5
27979,103,92,11,11
27980,90,90,0,0
27981,88,77,11,11
27982,123,114,9,9
27983,175,139,36,36
27984,95,81,14,14
27985,105,99,6,6
27986,65,64,1,1
27987,66,52,14,14
27988,137,116,21,21
27989,84,75,9,9
27990,110,92,18,18
27991,118,97,21,21
27992,114,104,10,10
27993,97,98,-1,1
27994,90,73,17,17
27995,124,111,13,13
27996,158,146,12,12
27997,67,79,-12,12
27998,96,81,15,15
27999,97,84,13,13
28000,108,95,13,13
28001,106,92,14,14
28002,56,50,6,6
28003,69,62,7,7
28004,41,45,-4,4
28005,67,58,9,9
28006,172,156,16,16
28007,53,48,5,5
28008,94,76,18,18
28009,121,106,15,15
28010,97,74,23,23
28011,91,77,14,14
28012,117,76,41,41
28013,125,130,-5,5
28014,59,55,4,4
28015,114,91,23,23
28016,87,71,16,16
28017,106,94,12,12
28018,77,73,4,4
28019,135,109,26,26
28020,145,117,28,28
28021,72,64,8,8
28022,53,50,3,3
28023,149,127,22,22
28024,101,92,9,9
28025,76,45,31,31
28026,87,83,4,4
28027,73,59,14,14
28028,107,99,8,8
28029,67,63,4,4
28030,67,63,4,4
28031,80,76,4,4
28032,91,82,9,9
28033,91,74,17,17
28034,104,110,-6,6
28035,66,51,15,15
28036,90,77,13,13
28037,71,75,-4,4
28038,118,94,24,24
28039,87,83,4,4
28040,68,60,8,8
28041,114,108,6,6
28042,117,109,8,8
28043,130,110,20,20
28044,134,131,3,3
28045,125,111,14,14
28046,74,60,14,14
28047,88,75,13,13
28048,56,70,-14,14
28049,116,104,12,12
28050,145,131,14,14
28051,75,56,19,19
28052,71,76,-5,5
28053,50,47,3,3
28054,97,88,9,9
28055,55,43,12,12
28056,52,43,9,9
28057,154,115,39,39
28058,132,112,20,20
28059,180,147,33,33
28060,68,64,4,4
28061,86,78,8,8
28062,147,133,14,14
28063,68,76,-8,8
28064,80,66,14,14
28065,98,81,17,17
28066,109,103,6,6
28067,88,82,6,6
28068,78,74,4,4
28069,86,68,18,18
28070,42,44,-2,2
28071,74,78,-4,4
28072,137,123,14,14
28073,110,97,13,13
28074,76,84,-8,8
28075,64,58,6,6
28076,150,126,24,24
28077,116,94,22,22
28078,74,69,5,5
28079,69,61,8,8
28080,55,45,10,10
28081,114,112,2,2
28082,178,164,14,14
28083,78,66,12,12
28084,71,62,9,9
28085,80,75,5,5
28086,119,118,1,1
28087,59,56,3,3
28088,75,63,12,12
28089,77,81,-4,4
28090,64,66,-2,2
28091,118,96,22,22
28092,141,127,14,14
28093,144,135,9,9
28094,118,105,13,13
28095,90,69,21,21
28096,96,88,8,8
28097,107,94,13,13
28098,141,137,4,4
28099,71,57,14,14
28100,94,79,15,15
28101,196,163,33,33
28102,93,92,1,1
28103,122,95,27,27
28104,78,75,3,3
28105,83,92,-9,9
28106,84,69,15,15
28107,65,54,11,11
28108,165,154,11,11
28109,116,116,0,0
28110,91,68,23,23
28111,69,57,12,12
28112,87,70,17,17
28113,94,93,1,1
28114,113,101,12,12
28115,169,157,12,12
28116,112,91,21,21
28117,85,82,3,3
28118,113,95,18,18
28119,145,120,25,25
28120,53,53,0,0
28121,97,85,12,12
28122,102,99,3,3
28123,107,105,2,2
28124,88,74,14,14
28125,76,67,9,9
28126,46,43,3,3
28127,83,77,6,6
28128,99,84,15,15
28129,118,106,12,12
28130,85,70,15,15
28131,112,103,9,9
28132,120,100,20,20
28133,246,201,45,45
28134,124,103,21,21
28135,64,62,2,2
28136,118,99,19,19
28137,118,101,17,17
28138,78,74,4,4
28139,74,71,3,3
28140,86,77,9,9
28141,90,64,26,26
28142,132,130,2,2
28143,125,108,17,17
28144,70,62,8,8
28145,69,60,9,9
28146,119,104,15,15
28147,144,122,22,22
28148,172,146,26,26
28149,83,74,9,9
28150,99,83,16,16
28151,104,91,13,13
28152,127,116,11,11
28153,78,65,13,13
28154,110,86,24,24
28155,53,51,2,2
28156,79,78,1,1
28157,47,37,10,10
28158,123,103,20,20
28159,132,119,13,13
28160,104,96,8,8
28161,127,112,15,15
28162,105,84,21,21
28163,65,63,2,2
28164,100,93,7,7
28165,192,154,38,38
28166,61,83,-22,22
28167,106,102,4,4
28168,38,62,-24,24
28169,186,150,36,36
28170,166,141,25,25
28171,122,105,17,17
28172,141,125,16,16
28173,122,120,2,2
28174,39,56,-17,17
28175,117,111,6,6
28176,128,112,16,16
28177,148,130,18,18
28178,118,105,13,13
28179,96,85,11,11
28180,72,69,3,3
28181,76,61,15,15
28182,63,57,6,6
28183,84,81,3,3
28184,102,90,12,12
28185,75,64,11,11
28186,92,85,7,7
28187,69,58,11,11
28188,94,76,18,18
28189,70,58,12,12
28190,112,91,21,21
28191,87,68,19,19
28192,68,63,5,5
28193,123,132,-9,9
28194,81,61,20,20
28195,116,116,0,0
28196,82,76,6,6
28197,149,119,30,30
28198,60,69,-9,9
28199,59,61,-2,2
28200,110,88,22,22
28201,89,117,-28,28
28202,114,107,7,7
28203,128,112,16,16
28204,57,56,1,1
28205,77,75,2,2
28206,85,78,7,7
28207,194,176,18,18
28208,72,76,-4,4
28209,75,74,1,1
28210,57,73,-16,16
28211,165,144,21,21
28212,99,88,11,11
28213,84,75,9,9
28214,89,85,4,4
28215,64,58,6,6
28216,115,110,5,5
28217,81,78,3,3
28218,96,95,1,1
28219,134,120,14,14
28220,74,63,11,11
28221,121,125,-4,4
28222,81,85,-4,4
28223,58,51,7,7
28224,77,60,17,17
28225,97,85,12,12
28226,66,55,11,11
28227,104,93,11,11
28228,112,104,8,8
28229,59,50,9,9
28230,151,128,23,23
28231,111,91,20,20
28232,133,121,12,12
28233,76,68,8,8
28234,93,88,5,5
28235,76,67,9,9
28236,85,71,14,14
28237,151,142,9,9
28238,76,70,6,6
28239,79,70,9,9
28240,172,173,-1,1
28241,148,123,25,25
28242,89,79,10,10
28243,87,71,16,16
28244,128,114,14,14
28245,71,53,18,18
28246,72,58,14,14
28247,77,73,4,4
28248,100,86,14,14
28249,107,99,8,8
28250,86,78,8,8
28251,81,68,13,13
28252,93,83,10,10
28253,56,45,11,11
28254,138,120,18,18
28255,77,72,5,5
28256,175,158,17,17
28257,72,68,4,4
28258,93,84,9,9
28259,92,78,14,14
28260,104,107,-3,3
28261,132,104,28,28
28262,81,79,2,2
28263,71,70,1,1
28264,140,129,11,11
28265,102,84,18,18
28266,53,48,5,5
28267,87,84,3,3
28268,147,131,16,16
28269,93,94,-1,1
28270,65,58,7,7
28271,154,133,21,21
28272,222,190,32,32
28273,107,91,16,16
28274,81,66,15,15
28275,59,53,6,6
28276,63,59,4,4
28277,100,89,11,11
28278,89,72,17,17
28279,70,58,12,12
28280,90,83,7,7
28281,135,127,8,8
28282,112,97,15,15
28283,102,90,12,12
28284,126,121,5,5
28285,87,81,6,6
28286,98,87,11,11
28287,128,104,24,24
28288,54,53,1,1
28289,88,79,9,9
28290,79,67,12,12
28291,177,151,26,26
28292,110,98,12,12
28293,68,69,-1,1
28294,126,117,9,9
28295,115,104,11,11
28296,105,102,3,3
28297,86,77,9,9
28298,66,90,-24,24
28299,65,50,15,15
28300,78,79,-1,1
28301,87,80,7,7
28302,108,97,11,11
28303,46,47,-1,1
28304,106,95,11,11
28305,127,106,21,21
28306,137,128,9,9
28307,84,68,16,16
28308,73,70,3,3
28309,70,61,9,9
28310,76,67,9,9
28311,84,75,9,9
28312,125,86,39,39
28313,73,69,4,4
28314,176,162,14,14
28315,97,80,17,17
28316,128,112,16,16
28317,74,70,4,4
28318,145,125,20,20
28319,93,86,7,7
28320,70,63,7,7
28321,67,69,-2,2
28322,84,75,9,9
28323,59,51,8,8
28324,92,82,10,10
28325,112,93,19,19
28326,51,46,5,5
28327,56,51,5,5
28328,92,81,11,11
28329,49,53,-4,4
28330,98,88,10,10
28331,71,69,2,2
28332,72,64,8,8
28333,68,67,1,1
28334,87,81,6,6
28335,121,105,16,16
28336,94,85,9,9
28337,76,73,3,3
28338,112,95,17,17
28339,69,54,15,15
28340,113,102,11,11
28341,129,121,8,8
28342,105,99,6,6
28343,99,97,2,2
28344,58,58,0,0
28345,130,108,22,22
28346,85,74,11,11
28347,73,53,20,20
28348,56,48,8,8
28349,97,96,1,1
28350,104,96,8,8
28351,73,68,5,5
28352,111,92,19,19
28353,73,61,12,12
28354,98,81,17,17
28355,102,98,4,4
28356,80,66,14,14
28357,47,46,1,1
28358,102,100,2,2
28359,76,68,8,8
28360,69,70,-1,1
28361,85,78,7,7
28362,111,102,9,9
28363,34,34,0,0
28364,137,127,10,10
28365,79,71,8,8
28366,72,70,2,2
28367,62,61,1,1
28368,91,81,10,10
28369,82,75,7,7
28370,120,122,-2,2
28371,92,87,5,5
28372,110,106,4,4
28373,122,109,13,13
28374,119,104,15,15
28375,183,162,21,21
28376,61,59,2,2
28377,97,80,17,17
28378,117,108,9,9
28379,71,63,8,8
28380,100,77,23,23
28381,119,104,15,15
28382,94,76,18,18
28383,94,87,7,7
28384,97,74,23,23
28385,62,49,13,13
28386,74,68,6,6
28387,104,97,7,7
28388,143,131,12,12
28389,74,70,4,4
28390,126,110,16,16
28391,64,63,1,1
28392,97,81,16,16
28393,82,72,10,10
28394,56,56,0,0
28395,98,93,5,5
28396,139,121,18,18
28397,102,96,6,6
28398,100,94,6,6
28399,115,87,28,28
28400,138,108,30,30
28401,39,37,2,2
28402,132,123,9,9
28403,127,119,8,8
28404,98,80,18,18
28405,83,65,18,18
28406,106,99,7,7
28407,161,140,21,21
28408,77,57,20,20
28409,76,77,-1,1
28410,96,83,13,13
28411,107,98,9,9
28412,85,233,-148,148
28413,79,75,4,4
28414,102,88,14,14
28415,57,48,9,9
28416,79,69,10,10
28417,76,77,-1,1
28418,82,77,5,5
28419,56,47,9,9
28420,84,73,11,11
28421,110,91,19,19
28422,183,152,31,31
28423,118,113,5,5
28424,100,86,14,14
28425,109,90,19,19
28426,101,91,10,10
28427,57,55,2,2
28428,89,98,-9,9
28429,148,126,22,22
28430,202,183,19,19
28431,137,134,3,3
28432,91,78,13,13
28433,112,102,10,10
28434,68,62,6,6
28435,83,72,11,11
28436,72,63,9,9
28437,79,70,9,9
28438,116,104,12,12
28439,54,51,3,3
28440,87,81,6,6
28441,82,75,7,7
28442,104,90,14,14
28443,126,112,14,14
28444,106,99,7,7
28445,116,98,18,18
28446,91,88,3,3
28447,77,67,10,10
28448,123,134,-11,11
28449,145,122,23,23
28450,88,76,12,12
28451,95,101,-6,6
28452,79,78,1,1
28453,91,89,2,2
28454,133,113,20,20
28455,165,165,0,0
28456,61,50,11,11
28457,63,62,1,1
28458,120,107,13,13
28459,54,43,11,11
28460,145,133,12,12
28461,130,119,11,11
28462,68,59,9,9
28463,55,47,8,8
28464,90,77,13,13
28465,102,82,20,20
28466,52,45,7,7
28467,102,91,11,11
28468,162,150,12,12
28469,85,82,3,3
28470,81,73,8,8
28471,57,47,10,10
28472,82,69,13,13
28473,135,85,50,50
28474,43,40,3,3
28475,82,75,7,7
28476,66,61,5,5
28477,102,89,13,13
28478,70,64,6,6
28479,151,134,17,17
28480,127,116,11,11
28481,77,52,25,25
28482,137,112,25,25
28483,83,70,13,13
28484,183,155,28,28
28485,43,36,7,7
28486,129,121,8,8
28487,58,49,9,9
28488,73,67,6,6
28489,67,53,14,14
28490,57,52,5,5
28491,133,135,-2,2
28492,76,70,6,6
28493,87,78,9,9
28494,76,69,7,7
28495,99,78,21,21
28496,95,84,11,11
28497,56,52,4,4
28498,146,126,20,20
28499,123,99,24,24
28500,93,104,-11,11
28501,71,69,2,2
28502,97,83,14,14
28503,122,101,21,21
28504,97,88,9,9
28505,86,74,12,12
28506,87,80,7,7
28507,134,111,23,23
28508,99,93,6,6
28509,135,118,17,17
28510,85,75,10,10
28511,132,120,12,12
28512,54,49,5,5
28513,77,79,-2,2
28514,63,62,1,1
28515,138,128,10,10
28516,58,49,9,9
28517,141,117,24,24
28518,161,146,15,15
28519,105,106,-1,1
28520,107,104,3,3
28521,153,148,5,5
28522,90,84,6,6
28523,147,136,11,11
28524,92,90,2,2
28525,34,34,0,0
28526,90,86,4,4
28527,50,52,-2,2
28528,83,70,13,13
28529,127,126,1,1
28530,59,46,13,13
28531,57,55,2,2
28532,115,109,6,6
28533,91,88,3,3
28534,143,121,22,22
28535,119,101,18,18
28536,97,91,6,6
28537,155,138,17,17
28538,128,110,18,18
28539,67,59,8,8
28540,60,53,7,7
28541,103,86,17,17
28542,128,111,17,17
28543,100,86,14,14
28544,71,64,7,7
28545,85,77,8,8
28546,74,67,7,7
28547,172,128,44,44
28548,73,66,7,7
28549,51,46,5,5
28550,76,73,3,3
28551,110,99,11,11
28552,125,104,21,21
28553,49,51,-2,2
28554,145,124,21,21
28555,81,67,14,14
28556,79,86,-7,7
28557,108,97,11,11
28558,95,85,10,10
28559,66,51,15,15
28560,78,68,10,10
28561,41,41,0,0
28562,89,72,17,17
28563,60,55,5,5
28564,88,72,16,16
28565,54,55,-1,1
28566,112,93,19,19
28567,135,111,24,24
28568,123,108,15,15
28569,76,82,-6,6
28570,82,72,10,10
28571,38,35,3,3
28572,51,48,3,3
28573,33,39,-6,6
28574,100,88,12,12
28575,64,65,-1,1
28576,98,90,8,8
28577,104,87,17,17
28578,108,99,9,9
28579,112,100,12,12
28580,54,48,6,6
28581,75,68,7,7
28582,89,87,2,2
28583,137,116,21,21
28584,66,55,11,11
28585,81,71,10,10
28586,91,87,4,4
28587,84,76,8,8
28588,52,45,7,7
28589,64,64,0,0
28590,176,162,14,14
28591,59,51,8,8
28592,70,62,8,8
28593,69,58,11,11
28594,83,98,-15,15
28595,71,70,1,1
28596,61,58,3,3
28597,65,59,6,6
28598,94,100,-6,6
28599,53,52,1,1
28600,66,52,14,14
28601,93,86,7,7
28602,66,60,6,6
28603,75,64,11,11
28604,96,91,5,5
28605,66,56,10,10
28606,158,112,46,46
28607,80,55,25,25
28608,67,55,12,12
28609,67,60,7,7
28610,79,68,11,11
28611,57,54,3,3
28612,66,63,3,3
28613,44,39,5,5
28614,59,50,9,9
28615,150,126,24,24
28616,128,112,16,16
28617,74,66,8,8
28618,38,49,-11,11
28619,51,47,4,4
28620,123,110,13,13
28621,61,49,12,12
28622,77,57,20,20
28623,61,55,6,6
28624,94,85,9,9
28625,104,100,4,4
28626,62,65,-3,3
28627,115,97,18,18
28628,122,96,26,26
28629,96,89,7,7
28630,84,75,9,9
28631,119,101,18,18
28632,99,86,13,13
28633,85,74,11,11
28634,118,98,20,20
28635,144,118,26,26
28636,54,50,4,4
28637,152,128,24,24
28638,47,48,-1,1
28639,67,60,7,7
28640,81,71,10,10
28641,125,110,15,15
28642,104,89,15,15
28643,63,63,0,0
28644,71,56,15,15
28645,56,58,-2,2
28646,144,128,16,16
28647,125,124,1,1
28648,64,48,16,16
28649,108,88,20,20
28650,87,71,16,16
28651,66,64,2,2
28652,83,76,7,7
28653,102,89,13,13
28654,120,107,13,13
28655,114,103,11,11
28656,114,100,14,14
28657,148,134,14,14
28658,100,87,13,13
28659,76,68,8,8
28660,53,56,-3,3
28661,104,96,8,8
28662,101,95,6,6
28663,93,85,8,8
28664,50,44,6,6
28665,47,41,6,6
28666,137,122,15,15
28667,109,94,15,15
28668,83,86,-3,3
28669,32,36,-4,4
28670,69,58,11,11
28671,92,79,13,13
28672,78,76,2,2
28673,96,101,-5,5
28674,92,71,21,21
28675,53,49,4,4
28676,144,130,14,14
28677,107,88,19,19
28678,112,98,14,14
28679,72,54,18,18
28680,108,90,18,18
28681,84,73,11,11
28682,54,48,6,6
28683,82,106,-24,24
28684,98,81,17,17
28685,73,72,1,1
28686,50,48,2,2
28687,89,80,9,9
28688,66,54,12,12
28689,140,130,10,10
28690,97,86,11,11
28691,77,75,2,2
28692,106,66,40,40
28693,73,65,8,8
28694,122,110,12,12
28695,80,69,11,11
28696,60,52,8,8
28697,90,74,16,16
28698,83,76,7,7
28699,86,76,10,10
28700,33,33,0,0
28701,134,119,15,15
28702,117,107,10,10
28703,60,50,10,10
28704,116,103,13,13
28705,110,107,3,3
28706,129,117,12,12
28707,88,78,10,10
28708,76,65,11,11
28709,171,152,19,19
28710,98,72,26,26
28711,100,86,14,14
28712,66,60,6,6
28713,140,119,21,21
28714,101,76,25,25
28715,61,50,11,11
28716,89,79,10,10
28717,93,87,6,6
28718,101,82,19,19
28719,63,67,-4,4
28720,85,81,4,4
28721,94,90,4,4
28722,114,122,-8,8
28723,104,101,3,3
28724,78,69,9,9
28725,108,116,-8,8
28726,57,52,5,5
28727,38,27,11,11
28728,69,67,2,2
28729,106,96,10,10
28730,77,67,10,10
28731,235,210,25,25
28732,98,90,8,8
28733,111,98,13,13
28734,70,77,-7,7
28735,102,92,10,10
28736,92,84,8,8
28737,67,64,3,3
28738,83,79,4,4
28739,71,71,0,0
28740,92,69,23,23
28741,59,51,8,8
28742,90,78,12,12
28743,71,61,10,10
28744,52,50,2,2
28745,109,85,24,24
28746,105,103,2,2
28747,79,67,12,12
28748,81,66,15,15
28749,84,81,3,3
28750,80,63,17,17
28751,56,58,-2,2
28752,84,72,12,12
28753,44,43,1,1
28754,85,75,10,10
28755,62,59,3,3
28756,83,67,16,16
28757,59,65,-6,6
28758,92,78,14,14
28759,99,95,4,4
28760,131,135,-4,4
28761,58,55,3,3
28762,164,140,24,24
28763,132,107,25,25
28764,73,62,11,11
28765,82,72,10,10
28766,57,55,2,2
28767,97,95,2,2
28768,26,36,-10,10
28769,107,89,18,18
28770,88,76,12,12
28771,84,81,3,3
28772,82,75,7,7
28773,141,134,7,7
28774,78,66,12,12
28775,146,133,13,13
28776,84,69,15,15
28777,93,80,13,13
28778,74,66,8,8
28779,139,120,19,19
28780,125,116,9,9
28781,65,60,5,5
28782,101,99,2,2
28783,114,115,-1,1
28784,54,50,4,4
28785,99,83,16,16
28786,83,79,4,4
28787,128,111,17,17
28788,90,83,7,7
28789,77,67,10,10
28790,68,52,16,16
28791,78,83,-5,5
28792,76,67,9,9
28793,85,76,9,9
28794,106,99,7,7
28795,207,165,42,42
28796,105,93,12,12
28797,110,105,5,5
28798,86,71,15,15
28799,166,125,41,41
28800,118,108,10,10
28801,99,85,14,14
28802,80,82,-2,2
28803,27,40,-13,13
28804,125,102,23,23
28805,92,82,10,10
28806,85,70,15,15
28807,91,83,8,8
28808,61,52,9,9
28809,86,72,14,14
28810,50,45,5,5
28811,101,94,7,7
28812,79,61,18,18
28813,82,88,-6,6
28814,63,51,12,12
28815,100,84,16,16
28816,103,76,27,27
28817,150,131,19,19
28818,86,65,21,21
28819,72,71,1,1
28820,54,49,5,5
28821,136,125,11,11
28822,60,51,9,9
28823,118,103,15,15
28824,64,50,14,14
28825,78,66,12,12
28826,76,62,14,14
28827,145,127,18,18
28828,62,63,-1,1
28829,98,91,7,7
28830,100,89,11,11
28831,142,123,19,19
28832,77,79,-2,2
28833,81,80,1,1
28834,79,72,7,7
28835,78,70,8,8
28836,84,80,4,4
28837,63,54,9,9
28838,94,82,12,12
28839,89,77,12,12
28840,78,66,12,12
28841,132,128,4,4
28842,151,128,23,23
28843,156,135,21,21
28844,41,51,-10,10
28845,106,98,8,8
28846,99,87,12,12
28847,42,40,2,2
28848,79,66,13,13
28849,60,67,-7,7
28850,136,129,7,7
28851,130,118,12,12
28852,136,128,8,8
28853,81,65,16,16
28854,112,100,12,12
28855,60,58,2,2
28856,93,72,21,21
28857,103,96,7,7
28858,180,154,26,26
28859,93,79,14,14
28860,172,146,26,26
28861,95,101,-6,6
28862,79,82,-3,3
28863,55,56,-1,1
28864,105,96,9,9
28865,118,103,15,15
28866,111,100,11,11
28867,66,62,4,4
28868,146,115,31,31
28869,81,102,-21,21
28870,75,60,15,15
28871,79,74,5,5
28872,64,58,6,6
28873,97,92,5,5
28874,103,93,10,10
28875,68,61,7,7
28876,74,69,5,5
28877,80,60,20,20
28878,90,69,21,21
28879,59,50,9,9
28880,109,100,9,9
28881,90,79,11,11
28882,71,71,0,0
28883,108,97,11,11
28884,83,71,12,12
28885,130,111,19,19
28886,85,79,6,6
28887,49,55,-6,6
28888,73,67,6,6
28889,104,95,9,9
28890,131,117,14,14
28891,69,61,8,8
28892,102,88,14,14
28893,74,64,10,10
28894,58,50,8,8
28895,167,143,24,24
28896,144,133,11,11
28897,108,99,9,9
28898,70,62,8,8
28899,84,78,6,6
28900,50,42,8,8
28901,68,61,7,7
28902,128,123,5,5
28903,106,88,18,18
28904,63,55,8,8
28905,61,112,-51,51
28906,82,75,7,7
28907,100,94,6,6
28908,92,82,10,10
28909,75,72,3,3
28910,132,119,13,13
28911,85,84,1,1
28912,183,161,22,22
28913,115,99,16,16
28914,125,113,12,12
28915,99,87,12,12
28916,102,90,12,12
28917,125,117,8,8
28918,75,65,10,10
28919,173,155,18,18
28920,66,62,4,4
28921,90,73,17,17
28922,88,78,10,10
28923,124,114,10,10
28924,70,56,14,14
28925,93,78,15,15
28926,64,54,10,10
28927,60,48,12,12
28928,134,126,8,8
28929,104,87,17,17
28930,44,40,4,4
28931,109,85,24,24
28932,68,57,11,11
28933,81,69,12,12
28934,103,90,13,13
28935,99,92,7,7
28936,80,70,10,10
28937,104,98,6,6
28938,67,67,0,0
28939,126,111,15,15
28940,53,47,6,6
28941,135,117,18,18
28942,95,69,26,26
28943,95,90,5,5
28944,63,60,3,3
28945,140,113,27,27
28946,71,72,-1,1
28947,79,68,11,11
28948,47,62,-15,15
28949,87,92,-5,5
28950,57,54,3,3
28951,81,73,8,8
28952,53,50,3,3
28953,88,87,1,1
28954,109,102,7,7
28955,85,77,8,8
28956,114,100,14,14
28957,81,77,4,4
28958,85,85,0,0
28959,95,86,9,9
28960,61,63,-2,2
28961,65,58,7,7
28962,47,47,0,0
28963,57,46,11,11
28964,66,70,-4,4
28965,86,83,3,3
28966,76,70,6,6
28967,143,119,24,24
28968,79,82,-3,3
28969,87,70,17,17
28970,99,89,10,10
28971,103,103,0,0
28972,83,69,14,14
28973,116,103,13,13
28974,128,114,14,14
28975,159,141,18,18
28976,113,93,20,20
28977,124,105,19,19
28978,81,79,2,2
28979,66,49,17,17
28980,82,59,23,23
28981,58,58,0,0
28982,101,102,-1,1
28983,67,72,-5,5
28984,97,74,23,23
28985,78,74,4,4
28986,104,96,8,8
28987,117,106,11,11
28988,82,84,-2,2
28989,125,114,11,11
28990,152,140,12,12
28991,92,87,5,5
28992,128,109,19,19
28993,68,60,8,8
28994,101,87,14,14
28995,96,88,8,8
28996,98,86,12,12
28997,134,112,22,22
28998,106,100,6,6
28999,54,50,4,4
29000,88,88,0,0
29001,66,51,15,15
29002,99,88,11,11
29003,82,73,9,9
29004,118,111,7,7
29005,66,56,10,10
29006,96,85,11,11
29007,139,124,15,15
29008,25,28,-3,3
29009,123,103,20,20
29010,130,115,15,15
29011,92,80,12,12
29012,80,68,12,12
29013,67,56,11,11
29014,71,64,7,7
29015,92,84,8,8
29016,113,91,22,22
29017,67,71,-4,4
29018,58,55,3,3
29019,39,75,-36,36
29020,78,74,4,4
29021,113,91,22,22
29022,50,47,3,3
29023,66,58,8,8
29024,88,81,7,7
29025,88,90,-2,2
29026,131,109,22,22
29027,64,69,-5,5
29028,91,82,9,9
29029,101,77,24,24
29030,110,95,15,15
29031,56,55,1,1
29032,77,69,8,8
29033,129,115,14,14
29034,91,91,0,0
29035,97,93,4,4
29036,98,87,11,11
29037,75,66,9,9
29038,109,84,25,25
29039,64,64,0,0
29040,71,63,8,8
29041,54,51,3,3
29042,59,56,3,3
29043,145,130,15,15
29044,86,70,16,16
29045,56,49,7,7
29046,79,76,3,3
29047,114,105,9,9
29048,65,67,-2,2
29049,104,84,20,20
29050,61,64,-3,3
29051,155,137,18,18
29052,106,91,15,15
29053,48,55,-7,7
29054,173,132,41,41
29055,31,43,-12,12
29056,87,80,7,7
29057,147,131,16,16
29058,79,73,6,6
29059,92,94,-2,2
29060,100,80,20,20
29061,118,115,3,3
29062,83,72,11,11
29063,72,65,7,7
29064,101,83,18,18
29065,83,75,8,8
29066,94,87,7,7
29067,103,98,5,5
29068,73,64,9,9
29069,179,158,21,21
29070,115,95,20,20
29071,85,73,12,12
29072,101,90,11,11
29073,130,120,10,10
29074,155,149,6,6
29075,65,55,10,10
29076,116,110,6,6
29077,71,63,8,8
29078,78,75,3,3
29079,129,117,12,12
29080,78,62,16,16
29081,141,119,22,22
29082,139,115,24,24
29083,90,78,12,12
29084,174,154,20,20
29085,92,78,14,14
29086,76,67,9,9
29087,40,45,-5,5
29088,36,36,0,0
29089,78,63,15,15
29090,89,82,7,7
29091,63,62,1,1
29092,79,66,13,13
29093,127,106,21,21
29094,61,61,0,0
29095,118,60,58,58
29096,112,91,21,21
29097,131,114,17,17
29098,78,69,9,9
29099,95,83,12,12
29100,75,70,5,5
29101,170,151,19,19
29102,97,89,8,8
29103,62,56,6,6
29104,130,114,16,16
29105,116,120,-4,4
29106,72,71,1,1
29107,89,78,11,11
29108,95,90,5,5
29109,82,74,8,8
29110,54,51,3,3
29111,102,91,11,11
29112,106,92,14,14
29113,138,122,16,16
29114,90,85,5,5
29115,53,57,-4,4
29116,111,82,29,29
29117,91,79,12,12
29118,84,80,4,4
29119,116,95,21,21
29120,119,104,15,15
29121,82,74,8,8
29122,102,87,15,15
29123,64,57,7,7
29124,40,45,-5,5
29125,104,97,7,7
29126,73,67,6,6
29127,92,78,14,14
29128,127,99,28,28
29129,155,139,16,16
29130,82,74,8,8
29131,86,76,10,10
29132,61,48,13,13
29133,136,113,23,23
29134,123,121,2,2
29135,40,45,-5,5
29136,103,84,19,19
29137,145,135,10,10
29138,92,84,8,8
29139,60,73,-13,13
29140,71,65,6,6
29141,63,57,6,6
29142,51,50,1,1
29143,92,83,9,9
29144,48,42,6,6
29145,66,46,20,20
29146,165,138,27,27
29147,114,98,16,16
29148,48,54,-6,6
29149,121,100,21,21
29150,134,116,18,18
29151,68,60,8,8
29152,34,41,-7,7
29153,68,55,13,13
29154,72,69,3,3
29155,63,52,11,11
29156,59,62,-3,3
29157,94,88,6,6
29158,59,50,9,9
29159,77,81,-4,4
29160,119,97,22,22
29161,134,121,13,13
29162,120,107,13,13
29163,90,79,11,11
29164,79,70,9,9
29165,70,56,14,14
29166,103,90,13,13
29167,111,86,25,25
29168,62,57,5,5
29169,139,110,29,29
29170,138,129,9,9
29171,213,192,21,21
29172,73,65,8,8
29173,116,106,10,10
29174,135,121,14,14
29175,77,63,14,14
29176,89,72,17,17
29177,40,32,8,8
29178,82,67,15,15
29179,101,96,5,5
29180,81,86,-5,5
29181,159,142,17,17
29182,89,84,5,5
29183,74,75,-1,1
29184,106,94,12,12
29185,53,52,1,1
29186,98,108,-10,10
29187,96,85,11,11
29188,116,112,4,4
29189,68,64,4,4
29190,74,68,6,6
29191,167,156,11,11
29192,90,89,1,1
29193,106,91,15,15
29194,62,51,11,11
29195,46,43,3,3
29196,68,69,-1,1
29197,73,62,11,11
29198,78,68,10,10
29199,58,49,9,9
29200,129,109,20,20
29201,79,82,-3,3
29202,92,82,10,10
29203,34,44,-10,10
29204,81,45,36,36
29205,73,60,13,13
29206,171,156,15,15
29207,90,89,1,1
29208,70,72,-2,2
29209,199,183,16,16
29210,68,55,13,13
29211,161,145,16,16
29212,46,38,8,8
29213,61,56,5,5
29214,112,96,16,16
29215,133,110,23,23
29216,91,73,18,18
29217,80,81,-1,1
29218,160,119,41,41
29219,90,81,9,9
29220,103,83,20,20
29221,87,69,18,18
29222,148,126,22,22
29223,183,122,61,61
29224,87,77,10,10
29225,161,134,27,27
29226,80,69,11,11
29227,128,119,9,9
29228,123,110,13,13
29229,159,134,25,25
29230,48,37,11,11
29231,77,72,5,5
29232,87,78,9,9
29233,53,43,10,10
29234,118,101,17,17
29235,89,57,32,32
29236,76,67,9,9
29237,145,120,25,25
29238,125,101,24,24
29239,97,96,1,1
29240,49,50,-1,1
29241,62,67,-5,5
29242,81,74,7,7
29243,136,125,11,11
29244,100,93,7,7
29245,187,182,5,5
29246,105,98,7,7
29247,176,152,24,24
29248,113,102,11,11
29249,115,110,5,5
29250,86,81,5,5
29251,120,100,20,20
29252,74,75,-1,1
29253,86,87,-1,1
29254,99,98,1,1
29255,70,58,12,12
29256,109,101,8,8
29257,110,92,18,18
29258,102,93,9,9
29259,156,131,25,25
29260,107,98,9,9
29261,53,48,5,5
29262,121,104,17,17
29263,97,86,11,11
29264,103,103,0,0
29265,66,55,11,11
29266,108,112,-4,4
29267,59,57,2,2
29268,64,62,2,2
29269,70,65,5,5
29270,86,73,13,13
29271,118,99,19,19
29272,61,61,0,0
29273,120,97,23,23
29274,112,93,19,19
29275,176,141,35,35
29276,61,55,6,6
29277,89,90,-1,1
29278,115,92,23,23
29279,112,91,21,21
29280,110,95,15,15
29281,92,81,11,11
29282,124,103,21,21
29283,60,56,4,4
29284,70,60,10,10
29285,98,85,13,13
29286,77,69,8,8
29287,60,50,10,10
29288,149,133,16,16
29289,135,122,13,13
29290,71,63,8,8
29291,47,47,0,0
29292,141,114,27,27
29293,76,76,0,0
29294,85,73,12,12
29295,66,60,6,6
29296,86,77,9,9
29297,144,127,17,17
29298,74,73,1,1
29299,181,159,22,22
29300,79,73,6,6
29301,106,88,18,18
29302,138,118,20,20
29303,91,70,21,21
29304,76,67,9,9
29305,140,118,22,22
29306,77,70,7,7
29307,54,53,1,1
29308,71,69,2,2
29309,110,89,21,21
29310,90,76,14,14
29311,116,112,4,4
29312,83,71,12,12
29313,59,58,1,1
29314,92,81,11,11
29315,144,123,21,21
29316,67,50,17,17
29317,105,91,14,14
29318,62,52,10,10
29319,136,116,20,20
29320,111,101,10,10
29321,64,64,0,0
29322,73,51,22,22
29323,86,83,3,3
29324,84,75,9,9
29325,74,70,4,4
29326,135,121,14,14
29327,119,101,18,18
29328,83,81,2,2
29329,102,90,12,12
29330,84,83,1,1
29331,66,106,-40,40
29332,47,40,7,7
29333,97,82,15,15
29334,106,96,10,10
29335,75,69,6,6
29336,108,107,1,1
29337,154,135,19,19
29338,91,78,13,13
29339,75,71,4,4
29340,155,130,25,25
29341,75,78,-3,3
29342,211,175,36,36
29343,69,59,10,10
29344,52,46,6,6
29345,84,56,28,28
29346,89,78,11,11
29347,79,71,8,8
29348,78,70,8,8
29349,90,73,17,17
29350,305,246,59,59
29351,83,78,5,5
29352,193,174,19,19
29353,124,116,8,8
29354,46,41,5,5
29355,85,70,15,15
29356,84,79,5,5
29357,98,87,11,11
29358,72,65,7,7
29359,60,61,-1,1
29360,102,86,16,16
29361,92,78,14,14
29362,102,92,10,10
29363,74,69,5,5
29364,114,95,19,19
29365,86,85,1,1
29366,114,103,11,11
29367,151,149,2,2
29368,91,83,8,8
29369,78,66,12,12
29370,153,135,18,18
29371,80,87,-7,7
29372,108,99,9,9
29373,88,70,18,18
29374,153,130,23,23
29375,71,66,5,5
29376,95,87,8,8
29377,127,108,19,19
29378,139,130,9,9
29379,46,46,0,0
29380,124,108,16,16
29381,93,84,9,9
29382,114,93,21,21
29383,93,74,19,19
29384,67,55,12,12
29385,110,100,10,10
29386,63,57,6,6
29387,70,58,12,12
29388,87,75,12,12
29389,122,108,14,14
29390,107,103,4,4
29391,153,133,20,20
29392,94,83,11,11
29393,101,90,11,11
29394,78,75,3,3
29395,82,83,-1,1
29396,88,74,14,14
29397,94,72,22,22
29398,37,44,-7,7
29399,67,60,7,7
29400,85,79,6,6
29401,105,83,22,22
29402,40,48,-8,8
29403,194,165,29,29
29404,123,113,10,10
29405,87,69,18,18
29406,102,87,15,15
29407,145,123,22,22
29408,68,61,7,7
29409,159,126,33,33
29410,82,72,10,10
29411,83,66,17,17
29412,82,68,14,14
29413,69,60,9,9
29414,103,91,12,12
29415,105,93,12,12
29416,100,102,-2,2
29417,55,51,4,4
29418,80,73,7,7
29419,73,70,3,3
29420,51,95,-44,44
29421,124,107,17,17
29422,52,52,0,0
29423,115,121,-6,6
29424,116,98,18,18
29425,101,93,8,8
29426,63,37,26,26
29427,52,50,2,2
29428,84,69,15,15
29429,142,130,12,12
29430,71,67,4,4
29431,82,84,-2,2
29432,85,86,-1,1
29433,74,66,8,8
29434,61,48,13,13
29435,107,101,6,6
29436,98,87,11,11
29437,80,72,8,8
29438,69,67,2,2
29439,64,57,7,7
29440,137,119,18,18
29441,77,69,8,8
29442,94,96,-2,2
29443,86,78,8,8
29444,60,56,4,4
29445,54,56,-2,2
29446,62,56,6,6
29447,86,82,4,4
29448,60,53,7,7
29449,64,55,9,9
29450,91,84,7,7
29451,71,60,11,11
29452,78,80,-2,2
29453,104,89,15,15
29454,103,96,7,7
29455,167,161,6,6
29456,129,102,27,27
29457,125,146,-21,21
29458,108,106,2,2
29459,77,73,4,4
29460,121,110,11,11
29461,77,66,11,11
29462,61,58,3,3
29463,67,65,2,2
29464,96,84,12,12
29465,113,112,1,1
29466,70,65,5,5
29467,79,67,12,12
29468,91,87,4,4
29469,86,83,3,3
29470,74,67,7,7
29471,78,75,3,3
29472,117,90,27,27
29473,82,62,20,20
29474,79,72,7,7
29475,138,138,0,0
29476,92,76,16,16
29477,69,61,8,8
29478,81,79,2,2
29479,73,69,4,4
29480,100,92,8,8
29481,51,38,13,13
29482,60,57,3,3
29483,109,92,17,17
29484,131,119,12,12
29485,71,65,6,6
29486,77,77,0,0
29487,97,98,-1,1
29488,69,63,6,6
29489,124,104,20,20
29490,69,60,9,9
29491,131,113,18,18
29492,87,81,6,6
29493,178,164,14,14
29494,111,102,9,9
29495,122,96,26,26
29496,155,135,20,20
29497,136,106,30,30
29498,113,115,-2,2
29499,64,63,1,1
29500,111,99,12,12
29501,94,83,11,11
29502,58,59,-1,1
29503,89,72,17,17
29504,82,72,10,10
29505,87,86,1,1
29506,50,51,-1,1
29507,79,66,13,13
29508,140,113,27,27
29509,134,180,-46,46
29510,119,99,20,20
29511,140,132,8,8
29512,119,107,12,12
29513,52,45,7,7
29514,124,122,2,2
29515,131,95,36,36
29516,45,44,1,1
29517,70,61,9,9
29518,99,88,11,11
29519,82,71,11,11
29520,73,60,13,13
29521,120,119,1,1
29522,107,100,7,7
29523,88,82,6,6
29524,82,72,10,10
29525,59,53,6,6
29526,90,89,1,1
29527,56,55,1,1
29528,113,101,12,12
29529,78,65,13,13
29530,61,59,2,2
29531,89,78,11,11
29532,44,46,-2,2
29533,62,52,10,10
29534,111,101,10,10
29535,75,65,10,10
29536,74,66,8,8
29537,79,65,14,14
29538,89,81,8,8
29539,94,84,10,10
29540,116,100,16,16
29541,120,98,22,22
29542,180,155,25,25
29543,48,36,12,12
29544,85,74,11,11
29545,112,94,18,18
29546,114,71,43,43
29547,78,71,7,7
29548,111,114,-3,3
29549,71,64,7,7
29550,64,61,3,3
29551,47,41,6,6
29552,85,79,6,6
29553,90,87,3,3
29554,137,113,24,24
29555,138,126,12,12
29556,64,52,12,12
29557,78,70,8,8
29558,42,36,6,6
29559,98,84,14,14
29560,59,41,18,18
29561,76,77,-1,1
29562,106,89,17,17
29563,33,31,2,2
29564,121,108,13,13
29565,108,92,16,16
29566,76,70,6,6
29567,64,54,10,10
29568,73,55,18,18
29569,112,103,9,9
29570,105,89,16,16
29571,59,60,-1,1
29572,205,159,46,46
29573,78,78,0,0
29574,79,77,2,2
29575,123,109,14,14
29576,83,73,10,10
29577,115,108,7,7
29578,75,66,9,9
29579,86,80,6,6
29580,111,113,-2,2
29581,82,98,-16,16
29582,157,144,13,13
29583,58,51,7,7
29584,101,87,14,14
29585,99,89,10,10
29586,96,86,10,10
29587,133,128,5,5
29588,93,82,11,11
29589,79,67,12,12
29590,87,63,24,24
29591,101,99,2,2
29592,73,68,5,5
29593,76,64,12,12
29594,110,86,24,24
29595,100,88,12,12
29596,87,78,9,9
29597,126,121,5,5
29598,81,66,15,15
29599,70,73,-3,3
29600,139,125,14,14
29601,74,69,5,5
29602,147,109,38,38
29603,92,74,18,18
29604,133,104,29,29
29605,87,78,9,9
29606,96,90,6,6
29607,70,85,-15,15
29608,75,75,0,0
29609,121,102,19,19
29610,88,77,11,11
29611,96,89,7,7
29612,196,133,63,63
29613,90,85,5,5
29614,110,96,14,14
29615,59,54,5,5
29616,131,115,16,16
29617,56,47,9,9
29618,98,94,4,4
29619,94,80,14,14
29620,73,69,4,4
29621,52,46,6,6
29622,97,82,15,15
29623,119,103,16,16
29624,94,74,20,20
29625,144,127,17,17
29626,128,110,18,18
29627,81,69,12,12
29628,101,82,19,19
29629,138,119,19,19
29630,68,57,11,11
29631,124,95,29,29
29632,61,69,-8,8
29633,118,95,23,23
29634,69,64,5,5
29635,84,76,8,8
29636,175,144,31,31
29637,54,49,5,5
29638,72,73,-1,1
29639,82,67,15,15
29640,102,84,18,18
29641,107,94,13,13
29642,110,97,13,13
29643,128,114,14,14
29644,132,124,8,8
29645,80,65,15,15
29646,60,62,-2,2
29647,54,50,4,4
29648,89,83,6,6
29649,90,85,5,5
29650,62,68,-6,6
29651,64,72,-8,8
29652,74,61,13,13
29653,123,184,-61,61
29654,77,67,10,10
29655,79,67,12,12
29656,88,81,7,7
29657,77,72,5,5
29658,96,88,8,8
29659,80,73,7,7
29660,104,92,12,12
29661,46,45,1,1
29662,70,69,1,1
29663,93,89,4,4
29664,103,89,14,14
29665,117,95,22,22
29666,80,77,3,3
29667,93,79,14,14
29668,88,83,5,5
29669,101,87,14,14
29670,69,61,8,8
29671,97,83,14,14
29672,56,50,6,6
29673,101,90,11,11
29674,122,106,16,16
29675,95,86,9,9
29676,113,101,12,12
29677,150,129,21,21
29678,164,156,8,8
29679,87,78,9,9
29680,128,111,17,17
29681,66,57,9,9
29682,68,53,15,15
29683,120,102,18,18
29684,151,140,11,11
29685,72,58,14,14
29686,89,88,1,1
29687,231,200,31,31
29688,49,51,-2,2
29689,68,60,8,8
29690,81,70,11,11
29691,96,88,8,8
29692,123,102,21,21
29693,88,76,12,12
29694,188,169,19,19
29695,78,63,15,15
29696,78,72,6,6
29697,105,98,7,7
29698,102,89,13,13
29699,74,72,2,2
29700,74,70,4,4
29701,63,52,11,11
29702,106,93,13,13
29703,90,76,14,14
29704,100,87,13,13
29705,106,95,11,11
29706,74,69,5,5
29707,75,72,3,3
29708,119,118,1,1
29709,115,103,12,12
29710,125,102,23,23
29711,106,94,12,12
29712,113,105,8,8
29713,81,70,11,11
29714,84,71,13,13
29715,79,81,-2,2
29716,129,112,17,17
29717,55,47,8,8
29718,99,91,8,8
29719,88,84,4,4
29720,129,102,27,27
29721,92,82,10,10
29722,113,106,7,7
29723,67,56,11,11
29724,96,97,-1,1
29725,64,65,-1,1
29726,132,129,3,3
29727,172,144,28,28
29728,104,99,5,5
29729,83,70,13,13
29730,70,73,-3,3
29731,104,91,13,13
29732,78,61,17,17
29733,66,73,-7,7
29734,81,72,9,9
29735,63,58,5,5
29736,74,72,2,2
29737,109,85,24,24
29738,70,59,11,11
29739,91,71,20,20
29740,95,88,7,7
29741,76,76,0,0
29742,68,63,5,5
29743,92,82,10,10
29744,65,56,9,9
29745,36,34,2,2
29746,105,95,10,10
29747,110,97,13,13
29748,121,103,18,18
29749,49,44,5,5
29750,98,75,23,23
29751,117,101,16,16
29752,52,91,-39,39
29753,84,76,8,8
29754,148,131,17,17
29755,63,54,9,9
29756,63,65,-2,2
29757,92,85,7,7
29758,85,72,13,13
29759,93,82,11,11
29760,88,70,18,18
29761,80,74,6,6
29762,83,75,8,8
29763,61,57,4,4
29764,76,69,7,7
29765,81,81,0,0
29766,75,57,18,18
29767,61,45,16,16
29768,110,97,13,13
29769,91,78,13,13
29770,63,53,10,10
29771,126,116,10,10
29772,102,86,16,16
29773,102,86,16,16
29774,107,91,16,16
29775,49,47,2,2
29776,71,70,1,1
29777,70,81,-11,11
29778,94,88,6,6
29779,201,173,28,28
29780,80,73,7,7
29781,62,53,9,9
29782,97,87,10,10
29783,77,71,6,6
29784,74,68,6,6
29785,55,53,2,2
29786,88,78,10,10
29787,27,42,-15,15
29788,64,53,11,11
29789,95,98,-3,3
29790,74,68,6,6
29791,99,93,6,6
29792,68,60,8,8
29793,65,58,7,7
29794,97,93,4,4
29795,73,65,8,8
29796,88,82,6,6
29797,121,114,7,7
29798,102,85,17,17
29799,101,96,5,5
29800,78,77,1,1
29801,156,133,23,23
29802,76,74,2,2
29803,66,57,9,9
29804,91,90,1,1
29805,82,68,14,14
29806,150,136,14,14
29807,46,44,2,2
29808,164,147,17,17
29809,134,120,14,14
29810,124,109,15,15
29811,75,67,8,8
29812,64,59,5,5
29813,207,177,30,30
29814,125,117,8,8
29815,143,117,26,26
29816,79,66,13,13
29817,62,56,6,6
29818,149,140,9,9
29819,136,121,15,15
29820,48,43,5,5
29821,117,97,20,20
29822,50,47,3,3
29823,88,74,14,14
29824,62,57,5,5
29825,37,40,-3,3
29826,142,117,25,25
29827,59,52,7,7
29828,123,111,12,12
29829,78,67,11,11
29830,117,100,17,17
29831,84,80,4,4
29832,191,165,26,26
29833,176,148,28,28
29834,68,49,19,19
29835,58,51,7,7
29836,74,66,8,8
29837,166,149,17,17
29838,178,155,23,23
29839,102,94,8,8
29840,106,91,15,15
29841,121,114,7,7
29842,157,141,16,16
29843,60,50,10,10
29844,116,103,13,13
29845,133,121,12,12
29846,50,42,8,8
29847,90,83,7,7
29848,138,114,24,24
29849,216,193,23,23
29850,114,102,12,12
29851,107,99,8,8
29852,68,56,12,12
29853,52,55,-3,3
29854,139,120,19,19
29855,98,81,17,17
29856,143,123,20,20
29857,97,78,19,19
29858,80,75,5,5
29859,60,52,8,8
29860,104,94,10,10
29861,102,97,5,5
29862,155,141,14,14
29863,157,131,26,26
29864,122,95,27,27
29865,89,76,13,13
29866,68,62,6,6
29867,68,64,4,4
29868,102,97,5,5
29869,107,104,3,3
29870,62,52,10,10
29871,145,136,9,9
29872,92,81,11,11
29873,113,98,15,15
29874,72,59,13,13
29875,67,61,6,6
29876,86,77,9,9
29877,78,72,6,6
29878,94,88,6,6
29879,103,79,24,24
29880,145,137,8,8
29881,74,72,2,2
29882,128,122,6,6
29883,146,108,38,38
29884,54,52,2,2
29885,162,141,21,21
29886,150,140,10,10
29887,57,57,0,0
29888,118,109,9,9
29889,37,41,-4,4
29890,121,100,21,21
29891,130,111,19,19
29892,62,55,7,7
29893,66,58,8,8
29894,119,85,34,34
29895,120,99,21,21
29896,100,97,3,3
29897,121,118,3,3
29898,85,82,3,3
29899,99,84,15,15
29900,63,59,4,4
29901,98,81,17,17
29902,62,55,7,7
29903,78,70,8,8
29904,61,51,10,10
29905,110,91,19,19
29906,90,83,7,7
29907,125,89,36,36
29908,59,50,9,9
29909,83,72,11,11
29910,103,103,0,0
29911,66,57,9,9
29912,131,120,11,11
29913,72,69,3,3
29914,56,54,2,2
29915,110,98,12,12
29916,72,67,5,5
29917,120,113,7,7
29918,82,75,7,7
29919,79,76,3,3
29920,169,150,19,19
29921,140,137,3,3
29922,139,115,24,24
29923,53,53,0,0
29924,93,92,1,1
29925,95,75,20,20
29926,91,80,11,11
29927,96,81,15,15
29928,115,101,14,14
29929,80,63,17,17
29930,61,47,14,14
29931,125,120,5,5
29932,79,67,12,12
29933,113,97,16,16
29934,113,104,9,9
29935,79,72,7,7
29936,143,117,26,26
29937,69,77,-8,8
29938,71,87,-16,16
29939,67,60,7,7
29940,53,45,8,8
29941,132,130,2,2
29942,129,111,18,18
29943,85,75,10,10
29944,107,96,11,11
29945,143,125,18,18
29946,57,50,7,7
29947,99,86,13,13
29948,54,50,4,4
29949,102,99,3,3
29950,64,56,8,8
29951,86,89,-3,3
29952,88,77,11,11
29953,170,141,29,29
29954,71,66,5,5
29955,127,124,3,3
29956,61,59,2,2
29957,63,58,5,5
29958,46,44,2,2
29959,78,64,14,14
29960,85,86,-1,1
29961,86,67,19,19
29962,91,77,14,14
29963,75,61,14,14
29964,75,69,6,6
29965,73,83,-10,10
29966,74,64,10,10
29967,69,66,3,3
29968,77,62,15,15
29969,119,107,12,12
29970,77,82,-5,5
29971,143,128,15,15
29972,132,125,7,7
29973,89,82,7,7
29974,60,52,8,8
29975,131,124,7,7
29976,83,67,16,16
29977,80,63,17,17
29978,92,79,13,13
29979,187,173,14,14
29980,128,118,10,10
29981,151,129,22,22
29982,44,39,5,5
29983,83,73,10,10
29984,78,67,11,11
29985,81,75,6,6
29986,73,65,8,8
29987,138,125,13,13
29988,45,39,6,6
29989,58,56,2,2
29990,105,93,12,12
29991,103,92,11,11
29992,91,81,10,10
29993,48,45,3,3
29994,74,73,1,1
29995,104,82,22,22
29996,69,65,4,4
29997,62,58,4,4
29998,140,144,-4,4
29999,129,138,-9,9
30000,98,85,13,13
30001,99,87,12,12
30002,71,61,10,10
30003,149,149,0,0
30004,101,95,6,6
30005,114,113,1,1
30006,181,157,24,24
30007,112,108,4,4
30008,112,101,11,11
30009,95,84,11,11
30010,133,118,15,15
30011,168,142,26,26
30012,24,42,-18,18
30013,119,102,17,17
30014,102,90,12,12
30015,84,71,13,13
30016,134,115,19,19
30017,69,59,10,10
30018,66,54,12,12
30019,74,59,15,15
30020,113,98,15,15
30021,64,64,0,0
30022,79,70,9,9
30023,103,79,24,24
30024,107,95,12,12
30025,66,65,1,1
30026,88,79,9,9
30027,158,152,6,6
30028,123,101,22,22
30029,73,75,-2,2
30030,105,92,13,13
30031,65,59,6,6
30032,119,109,10,10
30033,68,59,9,9
30034,64,57,7,7
30035,74,67,7,7
30036,23,29,-6,6
30037,97,85,12,12
30038,124,107,17,17
30039,72,69,3,3
30040,132,118,14,14
30041,42,46,-4,4
30042,121,101,20,20
30043,89,78,11,11
30044,113,101,12,12
30045,114,99,15,15
30046,57,49,8,8
30047,63,56,7,7
30048,121,108,13,13
30049,144,125,19,19
30050,118,106,12,12
30051,64,55,9,9
30052,121,107,14,14
30053,135,117,18,18
30054,80,76,4,4
30055,110,95,15,15
30056,100,88,12,12
30057,94,91,3,3
30058,83,76,7,7
30059,87,87,0,0
30060,67,62,5,5
30061,95,96,-1,1
30062,88,73,15,15
30063,93,82,11,11
30064,91,71,20,20
30065,133,118,15,15
30066,77,88,-11,11
30067,106,101,5,5
30068,53,54,-1,1
30069,89,83,6,6
30070,154,118,36,36
30071,98,95,3,3
30072,54,56,-2,2
30073,79,72,7,7
30074,115,102,13,13
30075,135,123,12,12
30076,81,71,10,10
30077,56,51,5,5
30078,54,57,-3,3
30079,73,60,13,13
30080,80,75,5,5
30081,114,98,16,16
30082,170,161,9,9
30083,124,109,15,15
30084,63,57,6,6
30085,93,97,-4,4
30086,77,65,12,12
30087,178,158,20,20
30088,67,58,9,9
30089,72,51,21,21
30090,60,55,5,5
30091,64,57,7,7
30092,85,77,8,8
30093,158,135,23,23
30094,124,105,19,19
30095,70,102,-32,32
30096,61,55,6,6
30097,110,109,1,1
30098,94,92,2,2
30099,161,135,26,26
30100,98,90,8,8
30101,165,143,22,22
30102,82,76,6,6
30103,102,98,4,4
30104,105,93,12,12
30105,85,83,2,2
30106,106,101,5,5
30107,91,77,14,14
30108,86,81,5,5
30109,44,41,3,3
30110,96,92,4,4
30111,114,99,15,15
30112,83,72,11,11
30113,24,23,1,1
30114,75,75,0,0
30115,140,132,8,8
30116,46,47,-1,1
30117,80,69,11,11
30118,82,91,-9,9
30119,125,108,17,17
30120,56,49,7,7
30121,76,70,6,6
30122,44,38,6,6
30123,102,82,20,20
30124,146,129,17,17
30125,46,42,4,4
30126,80,74,6,6
30127,117,114,3,3
30128,85,64,21,21
30129,60,51,9,9
30130,81,82,-1,1
30131,42,35,7,7
30132,79,76,3,3
30133,98,83,15,15
30134,110,95,15,15
30135,74,59,15,15
30136,54,46,8,8
30137,113,109,4,4
30138,78,80,-2,2
30139,52,40,12,12
30140,449,412,37,37
30141,121,109,12,12
30142,68,55,13,13
30143,35,35,0,0
30144,36,31,5,5
30145,81,77,4,4
30146,155,140,15,15
30147,207,171,36,36
30148,105,99,6,6
30149,66,64,2,2
30150,105,83,22,22
30151,63,52,11,11
30152,97,84,13,13
30153,114,95,19,19
30154,69,62,7,7
30155,181,165,16,16
30156,58,54,4,4
30157,56,55,1,1
30158,41,40,1,1
30159,61,58,3,3
30160,108,104,4,4
30161,113,96,17,17
30162,46,36,10,10
30163,85,73,12,12
30164,109,101,8,8
30165,144,135,9,9
30166,45,71,-26,26
30167,56,47,9,9
30168,71,58,13,13
30169,83,68,15,15
30170,72,67,5,5
30171,92,75,17,17
30172,97,102,-5,5
30173,52,55,-3,3
30174,135,127,8,8
30175,69,66,3,3
30176,88,81,7,7
30177,79,68,11,11
30178,74,65,9,9
30179,74,67,7,7
30180,102,96,6,6
30181,154,129,25,25
30182,225,196,29,29
30183,98,97,1,1
30184,77,68,9,9
30185,164,131,33,33
30186,144,104,40,40
30187,75,62,13,13
30188,142,139,3,3
30189,115,104,11,11
30190,81,71,10,10
30191,103,96,7,7
30192,94,92,2,2
30193,76,79,-3,3
30194,50,48,2,2
30195,108,107,1,1
30196,146,126,20,20
30197,90,82,8,8
30198,129,115,14,14
30199,74,75,-1,1
30200,105,87,18,18
30201,91,80,11,11
30202,121,117,4,4
30203,109,86,23,23
30204,85,91,-6,6
30205,111,109,2,2
30206,136,122,14,14
30207,74,64,10,10
30208,89,85,4,4
30209,102,90,12,12
30210,63,48,15,15
30211,113,105,8,8
30212,92,71,21,21
30213,87,83,4,4
30214,98,85,13,13
30215,111,100,11,11
30216,116,93,23,23
30217,133,128,5,5
30218,160,133,27,27
30219,86,75,11,11
30220,132,120,12,12
30221,110,98,12,12
30222,53,45,8,8
30223,95,85,10,10
30224,88,79,9,9
30225,56,52,4,4
30226,75,67,8,8
30227,76,67,9,9
30228,47,43,4,4
30229,96,80,16,16
30230,39,57,-18,18
30231,159,127,32,32
30232,61,59,2,2
30233,53,45,8,8
30234,84,78,6,6
30235,85,72,13,13
30236,82,78,4,4
30237,88,85,3,3
30238,87,77,10,10
30239,111,100,11,11
30240,161,138,23,23
30241,131,118,13,13
30242,89,71,18,18
30243,156,138,18,18
30244,61,55,6,6
30245,94,92,2,2
30246,102,79,23,23
30247,167,160,7,7
30248,182,158,24,24
30249,59,48,11,11
30250,162,136,26,26
30251,132,118,14,14
30252,66,57,9,9
30253,88,77,11,11
30254,106,80,26,26
30255,59,55,4,4
30256,86,78,8,8
30257,45,44,1,1
30258,42,42,0,0
30259,54,50,4,4
30260,79,74,5,5
30261,139,131,8,8
30262,98,91,7,7
30263,113,102,11,11
30264,87,73,14,14
30265,55,53,2,2
30266,47,46,1,1
30267,93,90,3,3
30268,55,55,0,0
30269,113,130,-17,17
30270,87,74,13,13
30271,138,128,10,10
30272,106,85,21,21
30273,76,67,9,9
30274,89,78,11,11
30275,90,75,15,15
30276,119,102,17,17
30277,106,95,11,11
30278,89,77,12,12
30279,80,75,5,5
30280,77,69,8,8
30281,138,114,24,24
30282,99,85,14,14
30283,70,69,1,1
30284,107,95,12,12
30285,64,59,5,5
30286,123,108,15,15
30287,75,72,3,3
30288,46,45,1,1
30289,94,86,8,8
30290,68,58,10,10
30291,116,114,2,2
30292,68,69,-1,1
30293,42,34,8,8
30294,74,57,17,17
30295,102,96,6,6
30296,111,96,15,15
30297,102,99,3,3
30298,155,163,-8,8
30299,97,93,4,4
30300,75,68,7,7
30301,158,152,6,6
30302,66,52,14,14
30303,72,64,8,8
30304,197,151,46,46
30305,133,103,30,30
30306,103,100,3,3
30307,119,102,17,17
30308,88,82,6,6
30309,56,54,2,2
30310,59,61,-2,2
30311,73,77,-4,4
30312,100,84,16,16
30313,83,66,17,17
30314,104,91,13,13
30315,91,87,4,4
30316,86,80,6,6
30317,62,50,12,12
30318,90,91,-1,1
30319,79,62,17,17
30320,127,116,11,11
30321,108,106,2,2
30322,38,54,-16,16
30323,63,67,-4,4
30324,55,50,5,5
30325,111,82,29,29
30326,53,56,-3,3
30327,77,68,9,9
30328,143,134,9,9
30329,136,119,17,17
30330,47,47,0,0
30331,85,72,13,13
30332,96,81,15,15
30333,87,73,14,14
30334,87,76,11,11
30335,144,121,23,23
30336,105,85,20,20
30337,96,93,3,3
30338,78,70,8,8
30339,140,144,-4,4
30340,69,62,7,7
30341,41,44,-3,3
30342,73,75,-2,2
30343,75,64,11,11
30344,54,50,4,4
30345,71,67,4,4
30346,92,87,5,5
30347,78,68,10,10
30348,106,96,10,10
30349,77,65,12,12
30350,74,65,9,9
30351,59,54,5,5
30352,94,95,-1,1
30353,86,76,10,10
30354,102,102,0,0
30355,87,82,5,5
30356,121,109,12,12
30357,75,64,11,11
30358,108,96,12,12
30359,174,142,32,32
30360,119,104,15,15
30361,84,83,1,1
30362,98,88,10,10
30363,84,80,4,4
30364,89,73,16,16
30365,87,69,18,18
30366,43,44,-1,1
30367,95,92,3,3
30368,62,59,3,3
30369,97,96,1,1
30370,110,96,14,14
30371,102,97,5,5
30372,95,87,8,8
30373,84,80,4,4
30374,88,79,9,9
30375,101,91,10,10
30376,154,142,12,12
30377,159,141,18,18
30378,103,86,17,17
30379,75,68,7,7
30380,119,95,24,24
30381,27,36,-9,9
30382,77,73,4,4
30383,169,140,29,29
30384,151,140,11,11
30385,72,53,19,19
30386,145,114,31,31
30387,62,58,4,4
30388,52,61,-9,9
30389,69,70,-1,1
30390,74,66,8,8
30391,102,71,31,31
30392,91,86,5,5
30393,93,83,10,10
30394,81,71,10,10
30395,137,121,16,16
30396,157,144,13,13
30397,48,40,8,8
30398,122,110,12,12
30399,64,57,7,7
30400,175,154,21,21
30401,74,55,19,19
30402,47,42,5,5
30403,103,92,11,11
30404,88,83,5,5
30405,64,64,0,0
30406,94,84,10,10
30407,111,98,13,13
30408,209,167,42,42
30409,80,71,9,9
30410,108,100,8,8
30411,103,88,15,15
30412,93,107,-14,14
30413,86,79,7,7
30414,105,92,13,13
30415,110,96,14,14
30416,82,77,5,5
30417,69,54,15,15
30418,43,36,7,7
30419,74,70,4,4
30420,131,107,24,24
30421,137,125,12,12
30422,110,103,7,7
30423,61,59,2,2
30424,90,78,12,12
30425,78,67,11,11
30426,82,75,7,7
30427,82,78,4,4
30428,66,59,7,7
30429,136,128,8,8
30430,112,92,20,20
30431,71,65,6,6
30432,114,105,9,9
30433,105,142,-37,37
30434,93,73,20,20
30435,122,114,8,8
30436,167,158,9,9
30437,67,57,10,10
30438,62,64,-2,2
30439,116,98,18,18
30440,120,97,23,23
30441,126,114,12,12
30442,110,96,14,14
30443,85,80,5,5
30444,124,111,13,13
30445,129,121,8,8
30446,99,105,-6,6
30447,172,150,22,22
30448,76,72,4,4
30449,64,52,12,12
30450,138,114,24,24
30451,59,53,6,6
30452,123,107,16,16
30453,140,93,47,47
30454,67,60,7,7
30455,211,181,30,30
30456,155,131,24,24
30457,84,89,-5,5
30458,125,114,11,11
30459,72,62,10,10
30460,121,118,3,3
30461,121,113,8,8
30462,141,133,8,8
30463,67,58,9,9
30464,73,83,-10,10
30465,107,102,5,5
30466,72,59,13,13
30467,65,61,4,4
30468,82,70,12,12
30469,87,68,19,19
30470,87,74,13,13
30471,52,47,5,5
30472,84,70,14,14
30473,81,72,9,9
30474,75,77,-2,2
30475,126,114,12,12
30476,45,43,2,2
30477,48,48,0,0
30478,77,71,6,6
30479,150,120,30,30
30480,100,91,9,9
30481,128,124,4,4
30482,86,77,9,9
30483,72,58,14,14
30484,108,97,11,11
30485,61,37,24,24
30486,121,114,7,7
30487,132,118,14,14
30488,112,105,7,7
30489,148,131,17,17
30490,89,93,-4,4
30491,47,50,-3,3
30492,75,68,7,7
30493,113,115,-2,2
30494,82,77,5,5
30495,82,76,6,6
30496,155,130,25,25
30497,114,99,15,15
30498,85,83,2,2
30499,97,90,7,7
30500,117,95,22,22
30501,57,52,5,5
30502,121,110,11,11
30503,50,43,7,7
30504,32,39,-7,7
30505,126,111,15,15
30506,85,80,5,5
30507,45,51,-6,6
30508,105,92,13,13
30509,84,79,5,5
30510,99,84,15,15
30511,129,84,45,45
30512,115,102,13,13
30513,127,117,10,10
30514,42,59,-17,17
30515,86,85,1,1
30516,106,95,11,11
30517,108,96,12,12
30518,143,129,14,14
30519,98,96,2,2
30520,131,98,33,33
30521,117,105,12,12
30522,82,61,21,21
30523,79,73,6,6
30524,58,52,6,6
30525,96,81,15,15
30526,105,85,20,20
30527,103,93,10,10
30528,72,78,-6,6
30529,108,106,2,2
30530,155,139,16,16
30531,164,140,24,24
30532,60,53,7,7
30533,130,113,17,17
30534,123,111,12,12
30535,104,100,4,4
30536,79,68,11,11
30537,136,121,15,15
30538,130,118,12,12
30539,135,107,28,28
30540,77,64,13,13
30541,136,117,19,19
30542,107,69,38,38
30543,127,105,22,22
30544,116,108,8,8
30545,132,119,13,13
30546,88,72,16,16
30547,74,61,13,13
30548,71,70,1,1
30549,53,46,7,7
30550,57,49,8,8
30551,189,169,20,20
30552,49,40,9,9
30553,124,118,6,6
30554,127,110,17,17
30555,45,53,-8,8
30556,110,106,4,4
30557,104,96,8,8
30558,82,72,10,10
30559,133,117,16,16
30560,229,190,39,39
30561,64,60,4,4
30562,107,88,19,19
30563,109,100,9,9
30564,174,150,24,24
30565,176,156,20,20
30566,101,83,18,18
30567,113,97,16,16
30568,139,118,21,21
30569,56,49,7,7
30570,75,64,11,11
30571,89,78,11,11
30572,34,38,-4,4
30573,130,117,13,13
30574,81,68,13,13
30575,103,101,2,2
30576,99,91,8,8
30577,136,129,7,7
30578,37,36,1,1
30579,82,69,13,13
30580,125,114,11,11
30581,121,108,13,13
30582,94,81,13,13
30583,67,59,8,8
30584,110,112,-2,2
30585,82,73,9,9
30586,106,104,2,2
30587,154,135,19,19
30588,97,81,16,16
30589,65,60,5,5
30590,81,79,2,2
30591,53,48,5,5
30592,123,102,21,21
30593,123,103,20,20
30594,60,45,15,15
30595,59,54,5,5
30596,71,87,-16,16
30597,154,136,18,18
30598,89,77,12,12
30599,89,73,16,16
30600,95,82,13,13
30601,78,70,8,8
30602,79,73,6,6
30603,132,122,10,10
30604,124,112,12,12
30605,125,111,14,14
30606,73,67,6,6
30607,109,102,7,7
30608,84,74,10,10
30609,114,106,8,8
30610,98,89,9,9
30611,229,192,37,37
30612,118,111,7,7
30613,105,97,8,8
30614,56,53,3,3
30615,86,73,13,13
30616,72,67,5,5
30617,144,155,-11,11
30618,151,131,20,20
30619,91,81,10,10
30620,134,124,10,10
30621,142,125,17,17
30622,119,111,8,8
30623,115,101,14,14
30624,122,116,6,6
30625,121,102,19,19
30626,145,143,2,2
30627,151,136,15,15
30628,99,70,29,29
30629,90,80,10,10
30630,115,131,-16,16
30631,65,72,-7,7
30632,90,79,11,11
30633,78,71,7,7
30634,65,63,2,2
30635,77,70,7,7
30636,64,54,10,10
30637,204,177,27,27
30638,134,129,5,5
30639,144,123,21,21
30640,127,121,6,6
30641,88,72,16,16
30642,61,57,4,4
30643,118,108,10,10
30644,91,81,10,10
30645,143,113,30,30
30646,166,136,30,30
30647,77,67,10,10
30648,97,83,14,14
30649,97,92,5,5
30650,98,79,19,19
30651,71,63,8,8
30652,77,67,10,10
30653,145,129,16,16
30654,127,114,13,13
30655,144,128,16,16
30656,128,109,19,19
30657,148,132,16,16
30658,67,56,11,11
30659,147,137,10,10
30660,85,85,0,0
30661,98,89,9,9
30662,72,63,9,9
30663,74,71,3,3
30664,111,102,9,9
30665,80,66,14,14
30666,73,63,10,10
30667,79,74,5,5
30668,90,69,21,21
30669,104,86,18,18
30670,70,61,9,9
30671,99,89,10,10
30672,64,59,5,5
30673,68,62,6,6
30674,96,83,13,13
30675,44,47,-3,3
30676,84,75,9,9
30677,81,68,13,13
30678,152,134,18,18
30679,69,66,3,3
30680,86,87,-1,1
30681,89,85,4,4
30682,151,133,18,18
30683,80,82,-2,2
30684,97,94,3,3
30685,55,47,8,8
30686,126,106,20,20
30687,110,107,3,3
30688,112,109,3,3
30689,156,125,31,31
30690,52,52,0,0
30691,88,83,5,5
30692,98,94,4,4
30693,131,113,18,18
30694,114,98,16,16
30695,154,145,9,9
30696,52,48,4,4
30697,134,122,12,12
30698,60,51,9,9
30699,68,61,7,7
30700,119,109,10,10
30701,61,53,8,8
30702,94,94,0,0
30703,98,93,5,5
30704,103,103,0,0
30705,120,114,6,6
30706,97,90,7,7
30707,126,105,21,21
30708,103,92,11,11
30709,97,88,9,9
30710,89,76,13,13
30711,69,61,8,8
30712,58,56,2,2
30713,109,93,16,16
30714,91,71,20,20
30715,76,67,9,9
30716,206,177,29,29
30717,109,90,19,19
30718,167,151,16,16
30719,124,107,17,17
30720,68,60,8,8
30721,162,127,35,35
30722,92,82,10,10
30723,160,152,8,8
30724,107,93,14,14
30725,104,80,24,24
30726,72,55,17,17
30727,59,53,6,6
30728,102,84,18,18
30729,110,109,1,1
30730,71,62,9,9
30731,96,75,21,21
30732,117,103,14,14
30733,67,61,6,6
30734,64,61,3,3
30735,111,96,15,15
30736,54,41,13,13
30737,70,66,4,4
30738,89,76,13,13
30739,125,120,5,5
30740,81,78,3,3
30741,132,110,22,22
30742,122,112,10,10
30743,83,78,5,5
30744,49,54,-5,5
30745,134,108,26,26
30746,86,79,7,7
30747,87,73,14,14
30748,113,99,14,14
30749,147,138,9,9
30750,57,64,-7,7
30751,81,72,9,9
30752,84,85,-1,1
30753,130,114,16,16
30754,103,89,14,14
30755,57,55,2,2
30756,58,52,6,6
30757,147,115,32,32
30758,136,123,13,13
30759,78,75,3,3
30760,92,80,12,12
30761,69,68,1,1
30762,151,127,24,24
30763,155,147,8,8
30764,80,75,5,5
30765,71,61,10,10
30766,113,166,-53,53
30767,129,102,27,27
30768,113,104,9,9
30769,82,78,4,4
30770,69,51,18,18
30771,95,84,11,11
30772,86,78,8,8
30773,86,71,15,15
30774,73,65,8,8
30775,84,78,6,6
30776,99,86,13,13
30777,159,129,30,30
30778,94,88,6,6
30779,93,85,8,8
30780,52,46,6,6
30781,92,82,10,10
30782,77,78,-1,1
30783,83,74,9,9
30784,145,133,12,12
30785,89,74,15,15
30786,98,84,14,14
30787,128,121,7,7
30788,70,74,-4,4
30789,85,74,11,11
30790,94,85,9,9
30791,63,62,1,1
30792,120,96,24,24
30793,93,95,-2,2
30794,113,99,14,14
30795,164,152,12,12
30796,121,106,15,15
30797,61,50,11,11
30798,100,94,6,6
30799,67,52,15,15
30800,107,99,8,8
30801,56,53,3,3
30802,79,71,8,8
30803,116,136,-20,20
30804,139,121,18,18
30805,112,109,3,3
30806,92,84,8,8
30807,108,94,14,14
30808,124,115,9,9
30809,158,150,8,8
30810,106,85,21,21
30811,132,116,16,16
30812,100,85,15,15
30813,64,89,-25,25
30814,128,111,17,17
30815,53,46,7,7
30816,54,45,9,9
30817,81,76,5,5
30818,67,60,7,7
30819,97,99,-2,2
30820,129,109,20,20
30821,122,96,26,26
30822,139,125,14,14
30823,44,43,1,1
30824,131,117,14,14
30825,67,63,4,4
30826,115,97,18,18
30827,53,47,6,6
30828,84,76,8,8
30829,124,111,13,13
30830,74,59,15,15
30831,104,98,6,6
30832,70,68,2,2
30833,112,97,15,15
30834,90,68,22,22
30835,83,91,-8,8
30836,71,63,8,8
30837,81,71,10,10
30838,124,131,-7,7
30839,161,149,12,12
30840,52,49,3,3
30841,78,78,0,0
30842,57,45,12,12
30843,113,101,12,12
30844,105,88,17,17
30845,119,101,18,18
30846,48,51,-3,3
30847,123,124,-1,1
30848,96,83,13,13
30849,124,103,21,21
30850,129,117,12,12
30851,125,114,11,11
30852,104,95,9,9
30853,117,105,12,12
30854,151,138,13,13
30855,125,110,15,15
30856,87,87,0,0
30857,71,62,9,9
30858,58,52,6,6
30859,127,116,11,11
30860,143,114,29,29
30861,78,68,10,10
30862,114,112,2,2
30863,49,41,8,8
30864,86,80,6,6
30865,81,80,1,1
30866,85,76,9,9
30867,158,125,33,33
30868,57,49,8,8
30869,109,99,10,10
30870,95,84,11,11
30871,45,39,6,6
30872,76,81,-5,5
30873,83,73,10,10
30874,100,105,-5,5
30875,65,71,-6,6
30876,76,70,6,6
30877,47,51,-4,4
30878,70,63,7,7
30879,157,147,10,10
30880,204,161,43,43
30881,88,75,13,13
30882,93,77,16,16
30883,53,52,1,1
30884,97,88,9,9
30885,84,73,11,11
30886,66,64,2,2
30887,73,67,6,6
30888,64,61,3,3
30889,102,85,17,17
30890,56,52,4,4
30891,73,68,5,5
30892,78,74,4,4
30893,64,70,-6,6
30894,89,83,6,6
30895,108,100,8,8
30896,79,64,15,15
30897,99,90,9,9
30898,104,92,12,12
30899,174,148,26,26
30900,76,70,6,6
30901,67,71,-4,4
30902,103,89,14,14
30903,72,62,10,10
30904,65,71,-6,6
30905,79,75,4,4
30906,39,59,-20,20
30907,42,37,5,5
30908,43,44,-1,1
30909,130,116,14,14
30910,56,48,8,8
30911,67,66,1,1
30912,61,57,4,4
30913,79,57,22,22
30914,122,90,32,32
30915,121,106,15,15
30916,87,71,16,16
30917,95,90,5,5
30918,76,65,11,11
30919,98,78,20,20
30920,149,138,11,11
30921,37,37,0,0
30922,91,71,20,20
30923,99,89,10,10
30924,64,63,1,1
30925,113,103,10,10
30926,82,78,4,4
30927,71,66,5,5
30928,103,98,5,5
30929,58,57,1,1
30930,112,99,13,13
30931,61,57,4,4
30932,60,61,-1,1
30933,118,111,7,7
30934,48,56,-8,8
30935,86,69,17,17
30936,61,63,-2,2
30937,123,103,20,20
30938,151,133,18,18
30939,50,43,7,7
30940,123,118,5,5
30941,186,161,25,25
30942,59,57,2,2
30943,141,127,14,14
30944,130,137,-7,7
30945,83,66,17,17
30946,63,58,5,5
30947,168,139,29,29
30948,88,74,14,14
30949,49,50,-1,1
30950,47,46,1,1
30951,81,75,6,6
30952,176,140,36,36
30953,58,52,6,6
30954,48,35,13,13
30955,117,106,11,11
30956,115,96,19,19
30957,120,104,16,16
30958,90,80,10,10
30959,46,46,0,0
30960,113,114,-1,1
30961,64,59,5,5
30962,126,107,19,19
30963,153,128,25,25
30964,114,97,17,17
30965,182,166,16,16
30966,114,105,9,9
30967,91,82,9,9
30968,116,95,21,21
30969,135,115,20,20
30970,70,66,4,4
30971,80,66,14,14
30972,50,58,-8,8
30973,90,81,9,9
30974,50,49,1,1
30975,144,124,20,20
30976,77,73,4,4
30977,81,63,18,18
30978,41,48,-7,7
30979,80,74,6,6
30980,97,83,14,14
30981,65,59,6,6
30982,70,63,7,7
30983,176,167,9,9
30984,143,128,15,15
30985,79,72,7,7
30986,122,101,21,21
30987,135,121,14,14
30988,85,83,2,2
30989,50,52,-2,2
30990,88,79,9,9
30991,120,98,22,22
30992,134,120,14,14
30993,74,63,11,11
30994,86,81,5,5
30995,95,82,13,13
30996,56,54,2,2
30997,92,80,12,12
30998,86,80,6,6
30999,70,80,-10,10
31000,81,70,11,11
31001,113,106,7,7
31002,99,85,14,14
31003,77,75,2,2
31004,31,33,-2,2
31005,99,85,14,14
31006,85,73,12,12
31007,80,80,0,0
31008,92,80,12,12
31009,56,53,3,3
31010,139,133,6,6
31011,51,41,10,10
31012,36,40,-4,4
31013,126,106,20,20
31014,76,69,7,7
31015,96,99,-3,3
31016,87,81,6,6
31017,117,103,14,14
31018,102,96,6,6
31019,89,82,7,7
31020,107,78,29,29
31021,79,71,8,8
31022,89,80,9,9
31023,67,52,15,15
31024,114,101,13,13
31025,69,64,5,5
31026,115,87,28,28
31027,168,159,9,9
31028,84,80,4,4
31029,79,50,29,29
31030,133,123,10,10
31031,123,98,25,25
31032,102,103,-1,1
31033,123,105,18,18
31034,97,80,17,17
31035,89,80,9,9
31036,92,88,4,4
31037,171,138,33,33
31038,72,61,11,11
31039,92,90,2,2
31040,54,52,2,2
31041,113,105,8,8
31042,110,88,22,22
31043,64,56,8,8
31044,64,55,9,9
31045,69,54,15,15
31046,81,72,9,9
31047,101,95,6,6
31048,92,82,10,10
31049,85,83,2,2
31050,58,52,6,6
31051,124,108,16,16
31052,81,71,10,10
31053,108,90,18,18
31054,93,79,14,14
31055,70,56,14,14
31056,119,83,36,36
31057,65,53,12,12
31058,90,72,18,18
31059,53,50,3,3
31060,73,71,2,2
31061,52,48,4,4
31062,97,89,8,8
31063,118,93,25,25
31064,95,82,13,13
31065,89,76,13,13
31066,66,60,6,6
31067,75,72,3,3
31068,107,91,16,16
31069,63,53,10,10
31070,148,125,23,23
31071,110,99,11,11
31072,96,93,3,3
31073,123,114,9,9
31074,123,106,17,17
31075,106,83,23,23
31076,101,83,18,18
31077,105,96,9,9
31078,94,92,2,2
31079,53,63,-10,10
31080,53,57,-4,4
31081,116,105,11,11
31082,122,117,5,5
31083,96,90,6,6
31084,117,99,18,18
31085,105,91,14,14
31086,74,68,6,6
31087,43,44,-1,1
31088,110,102,8,8
31089,71,64,7,7
31090,72,64,8,8
31091,109,97,12,12
31092,142,127,15,15
31093,69,59,10,10
31094,127,126,1,1
31095,113,111,2,2
31096,61,55,6,6
31097,108,95,13,13
31098,83,69,14,14
31099,58,56,2,2
31100,107,96,11,11
31101,108,116,-8,8
31102,97,81,16,16
31103,101,83,18,18
31104,101,95,6,6
31105,123,100,23,23
31106,68,61,7,7
31107,89,76,13,13
31108,47,40,7,7
31109,128,104,24,24
31110,117,105,12,12
31111,94,80,14,14
31112,111,93,18,18
31113,51,44,7,7
31114,65,63,2,2
31115,79,86,-7,7
31116,140,123,17,17
31117,152,122,30,30
31118,108,98,10,10
31119,115,96,19,19
31120,78,79,-1,1
31121,100,91,9,9
31122,69,59,10,10
31123,127,113,14,14
31124,64,52,12,12
31125,148,132,16,16
31126,105,90,15,15
31127,123,107,16,16
31128,56,52,4,4
31129,60,65,-5,5
31130,100,83,17,17
31131,77,86,-9,9
31132,89,98,-9,9
31133,63,63,0,0
31134,70,68,2,2
31135,74,64,10,10
31136,74,84,-10,10
31137,149,119,30,30
31138,60,55,5,5
31139,115,153,-38,38
31140,65,60,5,5
31141,95,83,12,12
31142,126,126,0,0
31143,84,81,3,3
31144,114,91,23,23
31145,130,111,19,19
31146,117,97,20,20
31147,135,129,6,6
31148,110,103,7,7
31149,74,60,14,14
31150,91,88,3,3
31151,102,86,16,16
31152,76,74,2,2
31153,81,78,3,3
31154,117,100,17,17
31155,58,50,8,8
31156,52,60,-8,8
31157,44,57,-13,13
31158,126,118,8,8
31159,102,93,9,9
31160,68,55,13,13
31161,96,101,-5,5
31162,116,93,23,23
31163,96,85,11,11
31164,44,42,2,2
31165,49,39,10,10
31166,109,98,11,11
31167,40,42,-2,2
31168,84,105,-21,21
31169,57,52,5,5
31170,85,84,1,1
31171,44,42,2,2
31172,77,65,12,12
31173,70,74,-4,4
31174,63,59,4,4
31175,75,65,10,10
31176,88,80,8,8
31177,98,83,15,15
31178,66,77,-11,11
31179,78,65,13,13
31180,95,92,3,3
31181,99,115,-16,16
31182,20,86,-66,66
31183,88,83,5,5
31184,165,144,21,21
31185,127,111,16,16
31186,55,53,2,2
31187,145,130,15,15
31188,72,59,13,13
31189,84,67,17,17
31190,62,56,6,6
31191,107,90,17,17
31192,113,87,26,26
31193,64,58,6,6
31194,132,104,28,28
31195,80,69,11,11
31196,64,61,3,3
31197,58,60,-2,2
31198,53,62,-9,9
31199,101,88,13,13
31200,97,80,17,17
31201,93,85,8,8
31202,87,70,17,17
31203,78,67,11,11
31204,70,53,17,17
31205,119,72,47,47
31206,66,59,7,7
31207,82,83,-1,1
31208,117,93,24,24
31209,106,97,9,9
31210,79,70,9,9
31211,129,147,-18,18
31212,95,76,19,19
31213,66,70,-4,4
31214,63,54,9,9
31215,128,105,23,23
31216,86,70,16,16
31217,87,82,5,5
31218,115,99,16,16
31219,126,114,12,12
31220,66,94,-28,28
31221,138,126,12,12
31222,118,95,23,23
31223,105,96,9,9
31224,59,60,-1,1
31225,51,53,-2,2
31226,45,56,-11,11
31227,79,72,7,7
31228,103,80,23,23
31229,86,95,-9,9
31230,63,54,9,9
31231,104,95,9,9
31232,144,128,16,16
31233,160,130,30,30
31234,55,56,-1,1
31235,83,78,5,5
31236,104,93,11,11
31237,61,57,4,4
31238,92,89,3,3
31239,72,66,6,6
31240,103,86,17,17
31241,192,155,37,37
31242,89,74,15,15
31243,76,65,11,11
31244,70,69,1,1
31245,81,69,12,12
31246,96,83,13,13
31247,120,104,16,16
31248,88,79,9,9
31249,81,65,16,16
31250,91,81,10,10
31251,104,85,19,19
31252,71,62,9,9
31253,51,43,8,8
31254,138,119,19,19
31255,88,58,30,30
31256,64,68,-4,4
31257,108,102,6,6
31258,120,107,13,13
31259,78,91,-13,13
31260,158,128,30,30
31261,185,155,30,30
31262,168,161,7,7
31263,96,91,5,5
31264,100,73,27,27
31265,48,93,-45,45
31266,80,72,8,8
31267,49,48,1,1
31268,108,100,8,8
31269,71,64,7,7
31270,111,100,11,11
31271,75,58,17,17
31272,117,106,11,11
31273,156,132,24,24
31274,111,91,20,20
31275,108,101,7,7
31276,54,53,1,1
31277,83,80,3,3
31278,91,75,16,16
31279,53,51,2,2
31280,46,42,4,4
31281,39,40,-1,1
31282,97,98,-1,1
31283,97,99,-2,2
31284,93,76,17,17
31285,173,151,22,22
31286,76,65,11,11
31287,146,127,19,19
31288,128,123,5,5
31289,81,71,10,10
31290,90,82,8,8
31291,109,100,9,9
31292,123,101,22,22
31293,100,87,13,13
31294,77,75,2,2
31295,77,68,9,9
31296,109,113,-4,4
31297,85,73,12,12
31298,94,81,13,13
31299,57,45,12,12
31300,51,44,7,7
31301,50,49,1,1
31302,80,71,9,9
31303,73,62,11,11
31304,68,65,3,3
31305,153,128,25,25
31306,120,120,0,0
31307,99,89,10,10
31308,97,81,16,16
31309,82,71,11,11
31310,85,81,4,4
31311,84,77,7,7
31312,93,95,-2,2
31313,55,50,5,5
31314,53,47,6,6
31315,148,126,22,22
31316,115,111,4,4
31317,116,103,13,13
31318,109,88,21,21
31319,72,66,6,6
31320,85,76,9,9
31321,78,60,18,18
31322,133,114,19,19
31323,89,75,14,14
31324,53,56,-3,3
31325,145,142,3,3
31326,75,63,12,12
31327,60,51,9,9
31328,71,64,7,7
31329,62,56,6,6
31330,165,142,23,23
31331,51,52,-1,1
31332,146,139,7,7
31333,64,55,9,9
31334,75,76,-1,1
31335,79,65,14,14
31336,85,78,7,7
31337,100,89,11,11
31338,119,102,17,17
31339,106,103,3,3
31340,79,70,9,9
31341,163,141,22,22
31342,121,117,4,4
31343,66,64,2,2
31344,114,106,8,8
31345,77,71,6,6
31346,57,52,5,5
31347,87,80,7,7
31348,86,72,14,14
31349,71,68,3,3
31350,124,108,16,16
31351,65,53,12,12
31352,111,96,15,15
31353,62,64,-2,2
31354,94,75,19,19
31355,76,71,5,5
31356,122,122,0,0
31357,136,141,-5,5
31358,76,68,8,8
31359,82,85,-3,3
31360,62,56,6,6
31361,65,55,10,10
31362,63,64,-1,1
31363,50,41,9,9
31364,56,63,-7,7
31365,80,78,2,2
31366,95,79,16,16
31367,94,88,6,6
31368,90,72,18,18
31369,116,91,25,25
31370,113,94,19,19
31371,70,60,10,10
31372,31,37,-6,6
31373,70,65,5,5
31374,72,59,13,13
31375,92,76,16,16
31376,82,72,10,10
31377,58,61,-3,3
31378,104,104,0,0
31379,75,67,8,8
31380,90,82,8,8
31381,130,114,16,16
31382,126,115,11,11
31383,89,76,13,13
31384,108,92,16,16
31385,51,49,2,2
31386,132,119,13,13
31387,91,83,8,8
31388,109,104,5,5
31389,103,108,-5,5
31390,87,68,19,19
31391,123,113,10,10
31392,109,91,18,18
31393,77,82,-5,5
31394,96,90,6,6
31395,82,75,7,7
31396,111,100,11,11
31397,72,61,11,11
31398,117,97,20,20
31399,117,104,13,13
31400,137,119,18,18
31401,107,84,23,23
31402,91,82,9,9
31403,110,99,11,11
31404,76,73,3,3
31405,83,67,16,16
31406,142,130,12,12
31407,97,84,13,13
31408,54,41,13,13
31409,71,66,5,5
31410,91,90,1,1
31411,100,90,10,10
31412,47,42,5,5
31413,114,92,22,22
31414,65,50,15,15
31415,33,35,-2,2
31416,88,79,9,9
31417,102,97,5,5
31418,72,72,0,0
31419,95,87,8,8
31420,100,90,10,10
31421,200,176,24,24
31422,147,121,26,26
31423,98,97,1,1
31424,111,98,13,13
31425,105,96,9,9
31426,89,80,9,9
31427,108,99,9,9
31428,35,58,-23,23
31429,54,56,-2,2
31430,124,111,13,13
31431,90,73,17,17
31432,130,113,17,17
31433,138,119,19,19
31434,143,118,25,25
31435,74,66,8,8
31436,47,46,1,1
31437,64,58,6,6
31438,174,158,16,16
31439,96,81,15,15
31440,132,122,10,10
31441,66,60,6,6
31442,105,94,11,11
31443,128,117,11,11
31444,99,89,10,10
31445,70,60,10,10
31446,62,49,13,13
31447,78,68,10,10
31448,93,89,4,4
31449,89,62,27,27
31450,104,97,7,7
31451,74,65,9,9
31452,102,78,24,24
31453,58,47,11,11
31454,89,77,12,12
31455,84,67,17,17
31456,128,104,24,24
31457,91,86,5,5
31458,80,62,18,18
31459,84,84,0,0
31460,100,94,6,6
31461,115,103,12,12
31462,92,85,7,7
31463,155,139,16,16
31464,175,143,32,32
31465,79,68,11,11
31466,70,55,15,15
31467,64,66,-2,2
31468,111,105,6,6
31469,83,74,9,9
31470,92,82,10,10
31471,153,134,19,19
31472,138,122,16,16
31473,90,94,-4,4
31474,104,101,3,3
31475,52,44,8,8
31476,72,67,5,5
31477,76,70,6,6
31478,69,61,8,8
31479,145,123,22,22
31480,67,62,5,5
31481,79,68,11,11
31482,103,86,17,17
31483,145,135,10,10
31484,86,77,9,9
31485,112,99,13,13
31486,130,102,28,28
31487,173,151,22,22
31488,75,65,10,10
31489,195,155,40,40
31490,93,82,11,11
31491,102,88,14,14
31492,64,57,7,7
31493,68,57,11,11
31494,58,58,0,0
31495,93,73,20,20
31496,119,91,28,28
31497,54,46,8,8
31498,72,81,-9,9
31499,82,76,6,6
31500,130,112,18,18
31501,75,71,4,4
31502,73,70,3,3
31503,72,70,2,2
31504,243,237,6,6
31505,62,71,-9,9
31506,79,58,21,21
31507,129,125,4,4
31508,119,103,16,16
31509,121,110,11,11
31510,135,121,14,14
31511,64,52,12,12
31512,84,74,10,10
31513,68,64,4,4
31514,89,74,15,15
31515,59,48,11,11
31516,67,66,1,1
31517,108,102,6,6
31518,55,50,5,5
31519,161,134,27,27
31520,75,70,5,5
31521,113,96,17,17
31522,102,86,16,16
31523,116,101,15,15
31524,134,119,15,15
31525,161,119,42,42
31526,122,78,44,44
31527,103,86,17,17
31528,75,67,8,8
31529,162,129,33,33
31530,76,74,2,2
31531,57,52,5,5
31532,74,68,6,6
31533,78,61,17,17
31534,68,55,13,13
31535,101,84,17,17
31536,66,60,6,6
31537,61,54,7,7
31538,120,102,18,18
31539,62,54,8,8
31540,149,121,28,28
31541,85,85,0,0
31542,126,105,21,21
31543,192,172,20,20
31544,94,83,11,11
31545,69,62,7,7
31546,99,79,20,20
31547,114,94,20,20
31548,75,67,8,8
31549,113,112,1,1
31550,165,138,27,27
31551,133,116,17,17
31552,86,84,2,2
31553,72,58,14,14
31554,97,87,10,10
31555,113,140,-27,27
31556,110,102,8,8
31557,119,114,5,5
31558,60,56,4,4
31559,72,79,-7,7
31560,110,100,10,10
31561,151,121,30,30
31562,70,65,5,5
31563,89,83,6,6
31564,112,97,15,15
31565,70,64,6,6
31566,64,56,8,8
31567,155,142,13,13
31568,103,90,13,13
31569,115,100,15,15
31570,57,53,4,4
31571,92,92,0,0
31572,96,79,17,17
31573,61,58,3,3
31574,144,119,25,25
31575,75,70,5,5
31576,138,119,19,19
31577,103,94,9,9
31578,118,93,25,25
31579,80,79,1,1
31580,107,92,15,15
31581,84,75,9,9
31582,87,72,15,15
31583,56,48,8,8
31584,129,110,19,19
31585,94,81,13,13
31586,72,72,0,0
31587,193,150,43,43
31588,141,113,28,28
31589,98,90,8,8
31590,116,114,2,2
31591,154,135,19,19
31592,116,109,7,7
31593,75,72,3,3
31594,107,91,16,16
31595,83,67,16,16
31596,103,100,3,3
31597,99,87,12,12
31598,109,103,6,6
31599,95,82,13,13
31600,85,69,16,16
31601,81,74,7,7
31602,112,86,26,26
31603,82,70,12,12
31604,56,53,3,3
31605,64,59,5,5
31606,105,112,-7,7
31607,118,108,10,10
31608,82,78,4,4
31609,96,86,10,10
31610,69,59,10,10
31611,128,116,12,12
31612,88,83,5,5
31613,90,80,10,10
31614,141,124,17,17
31615,75,75,0,0
31616,108,97,11,11
31617,153,131,22,22
31618,101,87,14,14
31619,76,75,1,1
31620,86,84,2,2
31621,49,41,8,8
31622,130,114,16,16
31623,95,84,11,11
31624,33,38,-5,5
31625,156,146,10,10
31626,49,44,5,5
31627,89,73,16,16
31628,86,68,18,18
31629,80,68,12,12
31630,97,85,12,12
31631,59,57,2,2
31632,153,132,21,21
31633,51,46,5,5
31634,88,67,21,21
31635,145,144,1,1
31636,165,164,1,1
31637,74,72,2,2
31638,80,82,-2,2
31639,101,85,16,16
31640,46,41,5,5
31641,62,57,5,5
31642,107,87,20,20
31643,66,59,7,7
31644,153,135,18,18
31645,75,69,6,6
31646,49,45,4,4
31647,120,115,5,5
31648,131,114,17,17
31649,106,98,8,8
31650,147,130,17,17
31651,81,77,4,4
31652,94,84,10,10
31653,57,48,9,9
31654,61,64,-3,3
31655,47,39,8,8
31656,53,45,8,8
31657,117,100,17,17
31658,98,65,33,33
31659,48,39,9,9
31660,190,173,17,17
31661,68,65,3,3
31662,106,92,14,14
31663,57,58,-1,1
31664,131,118,13,13
31665,132,117,15,15
31666,74,68,6,6
31667,125,116,9,9
31668,86,80,6,6
31669,49,45,4,4
31670,95,73,22,22
31671,67,58,9,9
31672,82,78,4,4
31673,93,93,0,0
31674,52,50,2,2
31675,55,48,7,7
31676,111,98,13,13
31677,73,61,12,12
31678,72,71,1,1
31679,160,144,16,16
31680,97,91,6,6
31681,95,78,17,17
31682,117,85,32,32
31683,67,54,13,13
31684,55,54,1,1
31685,103,87,16,16
31686,108,102,6,6
31687,82,64,18,18
31688,155,129,26,26
31689,87,84,3,3
31690,88,78,10,10
31691,84,87,-3,3
31692,66,70,-4,4
31693,59,55,4,4
31694,80,71,9,9
31695,120,115,5,5
31696,92,84,8,8
31697,36,38,-2,2
31698,89,74,15,15
31699,113,87,26,26
31700,86,80,6,6
31701,117,127,-10,10
31702,78,66,12,12
31703,72,70,2,2
31704,76,59,17,17
31705,76,69,7,7
31706,87,82,5,5
31707,76,87,-11,11
31708,79,59,20,20
31709,51,39,12,12
31710,121,118,3,3
31711,100,81,19,19
31712,83,76,7,7
31713,84,63,21,21
31714,100,96,4,4
31715,125,107,18,18
31716,73,62,11,11
31717,59,54,5,5
31718,79,75,4,4
31719,76,75,1,1
31720,108,101,7,7
31721,64,67,-3,3
31722,101,87,14,14
31723,140,113,27,27
31724,89,79,10,10
31725,72,62,10,10
31726,82,80,2,2
31727,68,63,5,5
31728,41,40,1,1
31729,77,72,5,5
31730,150,128,22,22
31731,121,106,15,15
31732,96,102,-6,6
31733,50,46,4,4
31734,45,43,2,2
31735,118,113,5,5
31736,108,95,13,13
31737,74,67,7,7
31738,148,123,25,25
31739,109,96,13,13
31740,53,50,3,3
31741,69,56,13,13
31742,75,72,3,3
31743,75,78,-3,3
31744,93,83,10,10
31745,36,34,2,2
31746,62,59,3,3
31747,139,126,13,13
31748,67,62,5,5
31749,199,181,18,18
31750,61,50,11,11
31751,66,56,10,10
31752,58,53,5,5
31753,58,55,3,3
31754,98,93,5,5
31755,65,54,11,11
31756,96,86,10,10
31757,105,97,8,8
31758,44,46,-2,2
31759,116,102,14,14
31760,87,77,10,10
31761,94,84,10,10
31762,130,124,6,6
31763,103,94,9,9
31764,85,74,11,11
31765,94,92,2,2
31766,78,66,12,12
31767,120,106,14,14
31768,48,49,-1,1
31769,107,87,20,20
31770,87,82,5,5
31771,115,106,9,9
31772,122,110,12,12
31773,137,112,25,25
31774,19,29,-10,10
31775,90,85,5,5
31776,45,38,7,7
31777,53,52,1,1
31778,132,108,24,24
31779,54,44,10,10
31780,123,120,3,3
31781,88,94,-6,6
31782,90,79,11,11
31783,112,101,11,11
31784,67,49,18,18
31785,50,51,-1,1
31786,65,57,8,8
31787,44,40,4,4
31788,86,85,1,1
31789,65,60,5,5
31790,80,88,-8,8
31791,128,108,20,20
31792,166,129,37,37
31793,105,88,17,17
31794,77,67,10,10
31795,113,108,5,5
31796,82,75,7,7
31797,94,89,5,5
31798,123,106,17,17
31799,118,108,10,10
31800,159,133,26,26
31801,100,77,23,23
31802,95,75,20,20
31803,128,116,12,12
31804,67,72,-5,5
31805,131,106,25,25
31806,78,73,5,5
31807,58,60,-2,2
31808,126,110,16,16
31809,136,128,8,8
31810,75,63,12,12
31811,100,87,13,13
31812,52,43,9,9
31813,94,82,12,12
31814,64,63,1,1
31815,65,62,3,3
31816,85,76,9,9
31817,100,88,12,12
31818,134,120,14,14
31819,88,81,7,7
31820,87,77,10,10
31821,112,102,10,10
31822,222,185,37,37
31823,103,89,14,14
31824,131,142,-11,11
31825,143,122,21,21
31826,89,84,5,5
31827,144,120,24,24
31828,90,78,12,12
31829,117,99,18,18
31830,41,36,5,5
31831,161,146,15,15
31832,87,83,4,4
31833,67,62,5,5
31834,89,92,-3,3
31835,58,44,14,14
31836,54,47,7,7
31837,66,54,12,12
31838,62,57,5,5
31839,46,41,5,5
31840,116,104,12,12
31841,146,133,13,13
31842,153,143,10,10
31843,110,88,22,22
31844,83,66,17,17
31845,138,114,24,24
31846,117,98,19,19
31847,86,75,11,11
31848,170,149,21,21
31849,96,91,5,5
31850,57,50,7,7
31851,102,80,22,22
31852,96,87,9,9
31853,88,74,14,14
31854,117,109,8,8
31855,83,90,-7,7
31856,94,95,-1,1
31857,68,73,-5,5
31858,81,69,12,12
31859,165,147,18,18
31860,93,75,18,18
31861,169,154,15,15
31862,79,75,4,4
31863,91,71,20,20
31864,96,87,9,9
31865,107,83,24,24
31866,98,85,13,13
31867,81,65,16,16
31868,125,115,10,10
31869,111,97,14,14
31870,50,50,0,0
31871,102,93,9,9
31872,94,80,14,14
31873,57,51,6,6
31874,110,97,13,13
31875,89,73,16,16
31876,69,60,9,9
31877,116,108,8,8
31878,135,108,27,27
31879,76,63,13,13
31880,98,80,18,18
31881,72,61,11,11
31882,68,68,0,0
31883,77,66,11,11
31884,125,125,0,0
31885,115,94,21,21
31886,136,113,23,23
31887,80,66,14,14
31888,82,78,4,4
31889,76,71,5,5
31890,82,68,14,14
31891,138,117,21,21
31892,108,92,16,16
31893,153,137,16,16
31894,76,68,8,8
31895,100,81,19,19
31896,97,91,6,6
31897,119,104,15,15
31898,35,36,-1,1
31899,39,35,4,4
31900,102,90,12,12
31901,93,96,-3,3
31902,122,106,16,16
31903,88,74,14,14
31904,84,74,10,10
31905,207,172,35,35
31906,67,60,7,7
31907,111,103,8,8
31908,75,66,9,9
31909,112,91,21,21
31910,59,58,1,1
31911,66,58,8,8
31912,161,144,17,17
31913,80,78,2,2
31914,64,60,4,4
31915,123,66,57,57
31916,123,104,19,19
31917,144,131,13,13
31918,61,54,7,7
31919,85,69,16,16
31920,100,85,15,15
31921,100,88,12,12
31922,65,51,14,14
31923,75,71,4,4
31924,104,86,18,18
31925,112,110,2,2
31926,93,77,16,16
31927,69,59,10,10
31928,58,53,5,5
31929,120,92,28,28
31930,131,108,23,23
31931,101,80,21,21
31932,156,145,11,11
31933,83,70,13,13
31934,62,58,4,4
31935,94,84,10,10
31936,87,82,5,5
31937,182,152,30,30
31938,132,116,16,16
31939,100,91,9,9
31940,74,65,9,9
31941,57,55,2,2
31942,95,88,7,7
31943,64,46,18,18
31944,99,85,14,14
31945,102,98,4,4
31946,144,124,20,20
31947,152,127,25,25
31948,66,55,11,11
31949,57,54,3,3
31950,73,71,2,2
31951,85,71,14,14
31952,111,93,18,18
31953,78,70,8,8
31954,87,75,12,12
31955,58,59,-1,1
31956,125,111,14,14
31957,98,86,12,12
31958,127,114,13,13
31959,125,104,21,21
31960,107,98,9,9
31961,57,57,0,0
31962,161,139,22,22
31963,109,89,20,20
31964,110,91,19,19
31965,64,55,9,9
31966,304,282,22,22
31967,75,66,9,9
31968,161,154,7,7
31969,85,86,-1,1
31970,124,96,28,28
31971,53,44,9,9
31972,98,91,7,7
31973,124,109,15,15
31974,67,58,9,9
31975,59,52,7,7
31976,115,95,20,20
31977,91,77,14,14
31978,108,99,9,9
31979,82,77,5,5
31980,104,86,18,18
31981,65,66,-1,1
31982,107,96,11,11
31983,140,133,7,7
31984,83,74,9,9
31985,128,131,-3,3
31986,65,53,12,12
31987,70,65,5,5
31988,160,152,8,8
31989,94,82,12,12
31990,74,64,10,10
31991,99,91,8,8
31992,105,93,12,12
31993,65,65,0,0
31994,46,44,2,2
31995,72,65,7,7
31996,53,45,8,8
31997,110,96,14,14
31998,100,84,16,16
31999,65,61,4,4
32000,102,89,13,13
32001,128,110,18,18
32002,90,75,15,15
32003,139,138,1,1
32004,145,116,29,29
32005,89,76,13,13
32006,68,68,0,0
32007,64,58,6,6
32008,79,77,2,2
32009,86,68,18,18
32010,60,60,0,0
32011,101,89,12,12
32012,36,41,-5,5
32013,103,89,14,14
32014,52,43,9,9
32015,152,136,16,16
32016,80,80,0,0
32017,142,117,25,25
32018,129,106,23,23
32019,140,104,36,36
32020,49,50,-1,1
32021,147,137,10,10
32022,100,79,21,21
32023,59,59,0,0
32024,106,98,8,8
32025,88,79,9,9
32026,86,77,9,9
32027,106,86,20,20
32028,110,98,12,12
32029,43,37,6,6
32030,114,110,4,4
32031,77,64,13,13
32032,103,93,10,10
32033,125,115,10,10
32034,65,60,5,5
32035,105,91,14,14
32036,98,102,-4,4
32037,132,134,-2,2
32038,119,99,20,20
32039,80,71,9,9
32040,107,94,13,13
32041,94,76,18,18
32042,59,55,4,4
32043,109,102,7,7
32044,144,137,7,7
32045,45,43,2,2
32046,66,48,18,18
32047,122,116,6,6
32048,88,81,7,7
32049,53,47,6,6
32050,58,58,0,0
32051,68,60,8,8
32052,104,87,17,17
32053,129,120,9,9
32054,55,50,5,5
32055,80,68,12,12
32056,100,93,7,7
32057,64,68,-4,4
32058,150,136,14,14
32059,80,72,8,8
32060,96,80,16,16
32061,83,73,10,10
32062,39,42,-3,3
32063,112,88,24,24
32064,146,128,18,18
32065,91,85,6,6
32066,77,76,1,1
32067,121,111,10,10
32068,113,101,12,12
32069,132,127,5,5
32070,102,94,8,8
32071,71,60,11,11
32072,81,68,13,13
32073,60,66,-6,6
32074,112,91,21,21
32075,95,79,16,16
32076,116,100,16,16
32077,85,77,8,8
32078,116,117,-1,1
32079,107,99,8,8
32080,156,129,27,27
32081,84,80,4,4
32082,77,68,9,9
32083,111,94,17,17
32084,61,77,-16,16
32085,124,119,5,5
32086,106,88,18,18
32087,116,104,12,12
32088,64,68,-4,4
32089,108,95,13,13
32090,76,69,7,7
32091,72,66,6,6
32092,75,69,6,6
32093,66,56,10,10
32094,128,128,0,0
32095,189,149,40,40
32096,120,111,9,9
32097,64,55,9,9
32098,141,133,8,8
32099,96,84,12,12
32100,170,155,15,15
32101,83,75,8,8
32102,101,92,9,9
32103,81,80,1,1
32104,43,45,-2,2
32105,150,134,16,16
32106,70,58,12,12
32107,89,71,18,18
32108,115,94,21,21
32109,103,91,12,12
32110,54,49,5,5
32111,63,57,6,6
32112,127,126,1,1
32113,96,72,24,24
32114,79,84,-5,5
32115,83,78,5,5
32116,108,92,16,16
32117,116,98,18,18
32118,121,106,15,15
32119,127,101,26,26
32120,109,101,8,8
32121,96,87,9,9
32122,82,73,9,9
32123,103,120,-17,17
32124,142,137,5,5
32125,161,134,27,27
32126,126,115,11,11
32127,78,65,13,13
32128,157,143,14,14
32129,63,62,1,1
32130,64,58,6,6
32131,90,81,9,9
32132,95,88,7,7
32133,146,128,18,18
32134,56,51,5,5
32135,48,40,8,8
32136,68,62,6,6
32137,94,88,6,6
32138,87,75,12,12
32139,122,99,23,23
32140,126,102,24,24
32141,55,70,-15,15
32142,61,60,1,1
32143,89,90,-1,1
32144,62,62,0,0
32145,71,65,6,6
32146,87,83,4,4
32147,39,33,6,6
32148,123,109,14,14
32149,79,73,6,6
32150,109,94,15,15
32151,101,97,4,4
32152,107,94,13,13
32153,114,101,13,13
32154,81,79,2,2
32155,167,150,17,17
32156,71,65,6,6
32157,65,62,3,3
32158,76,66,10,10
32159,94,84,10,10
32160,162,141,21,21
32161,86,90,-4,4
32162,162,150,12,12
32163,50,43,7,7
32164,109,93,16,16
32165,70,61,9,9
32166,69,63,6,6
32167,36,37,-1,1
32168,117,95,22,22
32169,104,78,26,26
32170,107,101,6,6
32171,66,59,7,7
32172,98,91,7,7
32173,113,107,6,6
32174,57,54,3,3
32175,117,103,14,14
32176,79,84,-5,5
32177,88,74,14,14
32178,101,91,10,10
32179,98,87,11,11
32180,164,171,-7,7
32181,108,93,15,15
32182,79,70,9,9
32183,77,75,2,2
32184,81,73,8,8
32185,111,97,14,14
32186,108,96,12,12
32187,104,92,12,12
32188,51,38,13,13
32189,79,75,4,4
32190,141,122,19,19
32191,105,89,16,16
32192,79,76,3,3
32193,121,102,19,19
32194,85,82,3,3
32195,60,56,4,4
32196,76,63,13,13
32197,66,54,12,12
32198,140,117,23,23
32199,115,89,26,26
32200,135,109,26,26
32201,137,137,0,0
32202,108,105,3,3
32203,56,53,3,3
32204,145,126,19,19
32205,107,83,24,24
32206,75,59,16,16
32207,73,63,10,10
32208,58,56,2,2
32209,73,64,9,9
32210,100,86,14,14
32211,154,134,20,20
32212,89,76,13,13
32213,86,71,15,15
32214,218,172,46,46
32215,96,84,12,12
32216,72,65,7,7
32217,136,136,0,0
32218,197,178,19,19
32219,75,72,3,3
32220,138,121,17,17
32221,112,102,10,10
32222,97,92,5,5
32223,50,50,0,0
32224,144,123,21,21
32225,62,54,8,8
32226,91,89,2,2
32227,108,101,7,7
32228,111,101,10,10
32229,154,136,18,18
32230,84,77,7,7
32231,181,166,15,15
32232,80,72,8,8
32233,134,117,17,17
32234,78,81,-3,3
32235,243,203,40,40
32236,59,47,12,12
32237,83,66,17,17
32238,76,61,15,15
32239,88,77,11,11
32240,62,54,8,8
32241,81,71,10,10
32242,127,116,11,11
32243,119,104,15,15
32244,70,69,1,1
32245,114,95,19,19
32246,91,78,13,13
32247,120,97,23,23
32248,61,49,12,12
32249,73,64,9,9
32250,77,75,2,2
32251,175,165,10,10
32252,86,72,14,14
32253,125,109,16,16
32254,109,89,20,20
32255,90,90,0,0
32256,71,66,5,5
32257,64,61,3,3
32258,91,73,18,18
32259,116,99,17,17
32260,63,50,13,13
32261,79,73,6,6
32262,56,48,8,8
32263,144,124,20,20
32264,130,104,26,26
32265,73,61,12,12
32266,64,45,19,19
32267,146,118,28,28
32268,30,41,-11,11
32269,107,97,10,10
32270,80,78,2,2
32271,94,99,-5,5
32272,57,49,8,8
32273,85,77,8,8
32274,157,133,24,24
32275,131,122,9,9
32276,170,135,35,35
32277,115,112,3,3
32278,124,100,24,24
32279,83,72,11,11
32280,139,121,18,18
32281,104,97,7,7
32282,54,48,6,6
32283,117,100,17,17
32284,84,86,-2,2
32285,97,80,17,17
32286,50,39,11,11
32287,57,61,-4,4
32288,84,75,9,9
32289,70,68,2,2
32290,75,74,1,1
32291,33,44,-11,11
32292,110,116,-6,6
32293,60,53,7,7
32294,66,61,5,5
32295,121,102,19,19
32296,97,87,10,10
32297,128,108,20,20
32298,82,70,12,12
32299,110,95,15,15
32300,135,123,12,12
32301,96,88,8,8
32302,79,63,16,16
32303,82,66,16,16
32304,112,95,17,17
32305,119,111,8,8
32306,113,79,34,34
32307,129,115,14,14
32308,30,37,-7,7
32309,143,134,9,9
32310,48,48,0,0
32311,70,65,5,5
32312,66,88,-22,22
32313,117,112,5,5
32314,49,42,7,7
32315,73,67,6,6
32316,104,99,5,5
32317,78,79,-1,1
32318,94,89,5,5
32319,39,37,2,2
32320,163,142,21,21
32321,131,120,11,11
32322,78,73,5,5
32323,107,102,5,5
32324,40,38,2,2
32325,83,74,9,9
32326,88,92,-4,4
32327,104,94,10,10
32328,116,96,20,20
32329,144,118,26,26
32330,93,88,5,5
32331,89,82,7,7
32332,110,97,13,13
32333,62,75,-13,13
32334,100,90,10,10
32335,79,71,8,8
32336,80,70,10,10
32337,120,111,9,9
32338,84,98,-14,14
32339,88,83,5,5
32340,132,112,20,20
32341,93,75,18,18
32342,79,75,4,4
32343,27,32,-5,5
32344,97,88,9,9
32345,167,143,24,24
32346,146,136,10,10
32347,45,38,7,7
32348,53,50,3,3
32349,57,51,6,6
32350,40,40,0,0
32351,77,70,7,7
32352,120,103,17,17
32353,87,90,-3,3
32354,189,157,32,32
32355,84,79,5,5
32356,68,57,11,11
32357,85,80,5,5
32358,75,71,4,4
32359,58,53,5,5
32360,67,57,10,10
32361,58,55,3,3
32362,38,37,1,1
32363,63,60,3,3
32364,82,85,-3,3
32365,111,116,-5,5
32366,168,146,22,22
32367,67,58,9,9
32368,92,84,8,8
32369,43,33,10,10
32370,126,105,21,21
32371,94,84,10,10
32372,108,107,1,1
32373,80,78,2,2
32374,159,133,26,26
32375,101,70,31,31
32376,71,59,12,12
32377,77,74,3,3
32378,53,50,3,3
32379,96,91,5,5
32380,144,115,29,29
32381,96,89,7,7
32382,120,111,9,9
32383,91,79,12,12
32384,57,58,-1,1
32385,95,90,5,5
32386,114,105,9,9
32387,115,110,5,5
32388,63,49,14,14
32389,103,89,14,14
32390,213,184,29,29
32391,82,81,1,1
32392,113,94,19,19
32393,75,70,5,5
32394,122,114,8,8
32395,82,61,21,21
32396,112,91,21,21
32397,114,102,12,12
32398,62,48,14,14
32399,145,119,26,26
32400,153,149,4,4
32401,102,63,39,39
32402,65,62,3,3
32403,79,57,22,22
32404,85,78,7,7
32405,69,52,17,17
32406,69,69,0,0
32407,106,90,16,16
32408,73,61,12,12
32409,95,79,16,16
32410,68,69,-1,1
32411,72,65,7,7
32412,71,68,3,3
32413,135,119,16,16
32414,115,101,14,14
32415,75,71,4,4
32416,57,51,6,6
32417,33,31,2,2
32418,73,67,6,6
32419,147,130,17,17
32420,100,90,10,10
32421,81,75,6,6
32422,130,117,13,13
32423,63,57,6,6
32424,75,72,3,3
32425,97,92,5,5
32426,80,76,4,4
32427,67,60,7,7
32428,135,126,9,9
32429,48,41,7,7
32430,113,110,3,3
32431,62,57,5,5
32432,66,57,9,9
32433,62,52,10,10
32434,140,140,0,0
32435,82,77,5,5
32436,86,77,9,9
32437,123,109,14,14
32438,134,117,17,17
32439,63,57,6,6
32440,142,125,17,17
32441,63,56,7,7
32442,94,79,15,15
32443,72,68,4,4
32444,146,129,17,17
32445,90,57,33,33
32446,57,52,5,5
32447,51,54,-3,3
32448,64,58,6,6
32449,80,78,2,2
32450,105,92,13,13
32451,109,98,11,11
32452,99,97,2,2
32453,209,175,34,34
32454,82,67,15,15
32455,49,50,-1,1
32456,72,61,11,11
32457,62,55,7,7
32458,50,49,1,1
32459,153,141,12,12
32460,140,114,26,26
32461,95,81,14,14
32462,81,69,12,12
32463,114,91,23,23
32464,130,118,12,12
32465,31,30,1,1
32466,86,80,6,6
32467,100,96,4,4
32468,58,53,5,5
32469,58,51,7,7
32470,95,77,18,18
32471,121,113,8,8
32472,83,75,8,8
32473,152,130,22,22
32474,138,132,6,6
32475,128,121,7,7
32476,92,91,1,1
32477,64,55,9,9
32478,72,69,3,3
32479,110,103,7,7
32480,57,51,6,6
32481,99,85,14,14
32482,98,85,13,13
32483,73,81,-8,8
32484,53,51,2,2
32485,55,53,2,2
32486,61,53,8,8
32487,239,209,30,30
32488,86,80,6,6
32489,133,108,25,25
32490,80,67,13,13
32491,76,66,10,10
32492,79,62,17,17
32493,140,117,23,23
32494,97,93,4,4
32495,74,55,19,19
32496,142,122,20,20
32497,82,75,7,7
32498,62,55,7,7
32499,101,98,3,3
32500,69,77,-8,8
32501,171,153,18,18
32502,69,67,2,2
32503,72,63,9,9
32504,93,83,10,10
32505,78,77,1,1
32506,68,59,9,9
32507,54,52,2,2
32508,110,104,6,6
32509,69,71,-2,2
32510,92,82,10,10
32511,65,58,7,7
32512,28,29,-1,1
32513,65,64,1,1
32514,69,54,15,15
32515,119,98,21,21
32516,78,67,11,11
32517,75,65,10,10
32518,70,63,7,7
32519,57,64,-7,7
32520,88,80,8,8
32521,80,66,14,14
32522,113,104,9,9
32523,63,60,3,3
32524,91,78,13,13
32525,141,112,29,29
32526,88,76,12,12
32527,46,46,0,0
32528,109,98,11,11
32529,98,91,7,7
32530,177,157,20,20
32531,142,130,12,12
32532,56,51,5,5
32533,166,129,37,37
32534,70,57,13,13
32535,64,60,4,4
32536,70,67,3,3
32537,66,67,-1,1
32538,104,83,21,21
32539,131,108,23,23
32540,82,74,8,8
32541,65,60,5,5
32542,95,86,9,9
32543,79,64,15,15
32544,86,74,12,12
32545,84,76,8,8
32546,103,75,28,28
32547,77,67,10,10
32548,125,107,18,18
32549,122,112,10,10
32550,64,56,8,8
32551,95,94,1,1
32552,79,74,5,5
32553,67,59,8,8
32554,160,142,18,18
32555,103,94,9,9
32556,114,100,14,14
32557,74,69,5,5
32558,123,102,21,21
32559,50,50,0,0
32560,53,46,7,7
32561,195,177,18,18
32562,71,63,8,8
32563,171,137,34,34
32564,90,86,4,4
32565,75,67,8,8
32566,84,81,3,3
32567,86,93,-7,7
32568,101,93,8,8
32569,131,106,25,25
32570,159,129,30,30
32571,52,53,-1,1
32572,119,101,18,18
32573,85,74,11,11
32574,97,87,10,10
32575,73,69,4,4
32576,54,54,0,0
32577,73,60,13,13
32578,127,107,20,20
32579,164,146,18,18
32580,104,83,21,21
32581,57,50,7,7
32582,40,42,-2,2
32583,103,92,11,11
32584,149,123,26,26
32585,105,88,17,17
32586,184,156,28,28
32587,74,65,9,9
32588,145,121,24,24
32589,74,71,3,3
32590,83,84,-1,1
32591,82,71,11,11
32592,85,90,-5,5
32593,133,126,7,7
32594,68,59,9,9
32595,56,58,-2,2
32596,183,161,22,22
32597,66,60,6,6
32598,115,116,-1,1
32599,86,73,13,13
32600,64,55,9,9
32601,41,36,5,5
32602,97,105,-8,8
32603,76,70,6,6
32604,64,58,6,6
32605,67,62,5,5
32606,92,79,13,13
32607,86,78,8,8
32608,86,75,11,11
32609,114,101,13,13
32610,134,108,26,26
32611,80,64,16,16
32612,151,152,-1,1
32613,99,90,9,9
32614,144,131,13,13
32615,118,100,18,18
32616,74,65,9,9
32617,85,71,14,14
32618,51,50,1,1
32619,57,52,5,5
32620,152,132,20,20
32621,80,75,5,5
32622,83,68,15,15
32623,69,56,13,13
32624,126,129,-3,3
32625,178,152,26,26
32626,101,98,3,3
32627,110,101,9,9
32628,53,47,6,6
32629,89,86,3,3
32630,97,90,7,7
32631,81,71,10,10
32632,87,73,14,14
32633,52,44,8,8
32634,98,84,14,14
32635,109,93,16,16
32636,103,90,13,13
32637,90,65,25,25
32638,73,64,9,9
32639,157,140,17,17
32640,106,89,17,17
32641,144,126,18,18
32642,105,99,6,6
32643,191,157,34,34
32644,79,70,9,9
32645,113,93,20,20
32646,66,57,9,9
32647,62,75,-13,13
32648,71,70,1,1
32649,93,85,8,8
32650,90,70,20,20
32651,81,68,13,13
32652,97,93,4,4
32653,43,51,-8,8
32654,150,125,25,25
32655,78,67,11,11
32656,122,98,24,24
32657,76,64,12,12
32658,50,47,3,3
32659,78,80,-2,2
32660,68,72,-4,4
32661,92,76,16,16
32662,65,67,-2,2
32663,112,93,19,19
32664,69,62,7,7
32665,86,75,11,11
32666,73,64,9,9
32667,99,90,9,9
32668,99,82,17,17
32669,70,64,6,6
32670,88,76,12,12
32671,66,58,8,8
32672,123,101,22,22
32673,72,56,16,16
32674,120,122,-2,2
32675,51,50,1,1
32676,68,57,11,11
32677,103,98,5,5
32678,76,63,13,13
32679,77,77,0,0
32680,143,145,-2,2
32681,128,118,10,10
32682,87,74,13,13
32683,47,46,1,1
32684,119,106,13,13
32685,119,102,17,17
32686,52,50,2,2
32687,123,89,34,34
32688,78,68,10,10
32689,135,126,9,9
32690,65,56,9,9
32691,50,49,1,1
32692,59,73,-14,14
32693,95,73,22,22
32694,74,75,-1,1
32695,127,103,24,24
32696,135,98,37,37
32697,80,72,8,8
32698,81,83,-2,2
32699,102,93,9,9
32700,131,119,12,12
32701,96,79,17,17
32702,100,93,7,7
32703,104,87,17,17
32704,112,110,2,2
32705,103,84,19,19
32706,96,87,9,9
32707,86,72,14,14
32708,130,121,9,9
32709,47,42,5,5
32710,118,98,20,20
32711,81,71,10,10
32712,117,91,26,26
32713,77,68,9,9
32714,129,113,16,16
32715,111,80,31,31
32716,131,113,18,18
32717,67,64,3,3
32718,66,55,11,11
32719,111,107,4,4
32720,71,75,-4,4
32721,58,48,10,10
32722,61,69,-8,8
32723,65,58,7,7
32724,91,86,5,5
32725,126,114,12,12
32726,79,66,13,13
32727,98,82,16,16
32728,83,96,-13,13
32729,46,39,7,7
32730,71,62,9,9
32731,56,60,-4,4
32732,74,64,10,10
32733,86,75,11,11
32734,125,107,18,18
32735,71,58,13,13
32736,62,57,5,5
32737,96,55,41,41
32738,145,114,31,31
32739,73,62,11,11
32740,67,63,4,4
32741,87,79,8,8
32742,79,64,15,15
32743,93,87,6,6
32744,72,67,5,5
32745,68,60,8,8
32746,72,61,11,11
32747,132,111,21,21
32748,75,63,12,12
32749,86,83,3,3
32750,101,84,17,17
32751,193,180,13,13
32752,124,107,17,17
32753,96,74,22,22
32754,102,93,9,9
32755,48,43,5,5
32756,95,79,16,16
32757,172,155,17,17
32758,174,161,13,13
32759,171,140,31,31
32760,64,57,7,7
32761,90,82,8,8
32762,77,73,4,4
32763,79,68,11,11
32764,82,73,9,9
32765,128,113,15,15
32766,96,94,2,2
32767,88,78,10,10
32768,78,72,6,6
32769,115,107,8,8
32770,75,72,3,3
32771,132,118,14,14
32772,161,139,22,22
32773,117,100,17,17
32774,61,48,13,13
32775,84,69,15,15
32776,102,99,3,3
32777,108,100,8,8
32778,108,108,0,0
32779,156,131,25,25
32780,107,95,12,12
32781,74,63,11,11
32782,185,177,8,8
32783,61,68,-7,7
32784,106,92,14,14
32785,73,69,4,4
32786,83,66,17,17
32787,53,51,2,2
32788,216,183,33,33
32789,90,78,12,12
32790,94,95,-1,1
32791,113,106,7,7
32792,48,47,1,1
32793,125,130,-5,5
32794,58,55,3,3
32795,112,98,14,14
32796,91,75,16,16
32797,90,90,0,0
32798,104,87,17,17
32799,59,55,4,4
32800,74,71,3,3
32801,99,101,-2,2
32802,76,74,2,2
32803,101,89,12,12
32804,143,128,15,15
32805,66,57,9,9
32806,108,88,20,20
32807,126,112,14,14
32808,102,83,19,19
32809,106,99,7,7
32810,84,72,12,12
32811,133,120,13,13
32812,68,63,5,5
32813,133,119,14,14
32814,91,81,10,10
32815,148,132,16,16
32816,131,121,10,10
32817,105,90,15,15
32818,111,113,-2,2
32819,50,42,8,8
32820,118,97,21,21
32821,56,54,2,2
32822,76,66,10,10
32823,141,118,23,23
32824,162,142,20,20
32825,144,134,10,10
32826,131,129,2,2
32827,57,54,3,3
32828,105,89,16,16
32829,74,63,11,11
32830,118,130,-12,12
32831,157,138,19,19
32832,105,94,11,11
32833,90,81,9,9
32834,96,91,5,5
32835,161,149,12,12
32836,83,71,12,12
32837,145,126,19,19
32838,55,48,7,7
32839,113,114,-1,1
32840,72,67,5,5
32841,199,179,20,20
32842,57,60,-3,3
32843,86,79,7,7
32844,124,106,18,18
32845,59,67,-8,8
32846,65,48,17,17
32847,82,72,10,10
32848,127,112,15,15
32849,82,78,4,4
32850,101,82,19,19
32851,105,91,14,14
32852,94,83,11,11
32853,125,105,20,20
32854,96,68,28,28
32855,48,43,5,5
32856,68,66,2,2
32857,98,89,9,9
32858,152,132,20,20
32859,139,104,35,35
32860,80,77,3,3
32861,113,97,16,16
32862,102,104,-2,2
32863,94,83,11,11
32864,56,53,3,3
32865,112,101,11,11
32866,71,61,10,10
32867,163,146,17,17
32868,95,91,4,4
32869,165,149,16,16
32870,100,95,5,5
32871,104,87,17,17
32872,68,70,-2,2
32873,152,132,20,20
32874,62,61,1,1
32875,56,48,8,8
32876,87,78,9,9
32877,48,49,-1,1
32878,85,74,11,11
32879,82,88,-6,6
32880,70,84,-14,14
32881,80,71,9,9
32882,100,96,4,4
32883,158,134,24,24
32884,143,124,19,19
32885,76,65,11,11
32886,64,61,3,3
32887,121,106,15,15
32888,72,68,4,4
32889,53,47,6,6
32890,202,175,27,27
32891,54,47,7,7
32892,58,51,7,7
32893,125,113,12,12
32894,74,59,15,15
32895,58,93,-35,35
32896,144,129,15,15
32897,124,115,9,9
32898,84,74,10,10
32899,27,53,-26,26
32900,84,72,12,12
32901,176,143,33,33
32902,44,41,3,3
32903,66,60,6,6
32904,73,75,-2,2
32905,71,76,-5,5
32906,42,63,-21,21
32907,61,70,-9,9
32908,71,61,10,10
32909,90,92,-2,2
32910,74,65,9,9
32911,109,86,23,23
32912,124,106,18,18
32913,94,82,12,12
32914,158,153,5,5
32915,97,73,24,24
32916,73,64,9,9
32917,90,91,-1,1
32918,64,53,11,11
32919,144,134,10,10
32920,104,97,7,7
32921,186,158,28,28
32922,102,88,14,14
32923,85,75,10,10
32924,96,94,2,2
32925,122,110,12,12
32926,97,81,16,16
32927,96,88,8,8
32928,50,38,12,12
32929,110,115,-5,5
32930,89,76,13,13
32931,98,86,12,12
32932,123,119,4,4
32933,53,48,5,5
32934,114,102,12,12
32935,152,143,9,9
32936,146,141,5,5
32937,134,116,18,18
32938,105,102,3,3
32939,38,60,-22,22
32940,99,86,13,13
32941,107,93,14,14
32942,92,74,18,18
32943,120,111,9,9
32944,129,119,10,10
32945,95,82,13,13
32946,90,80,10,10
32947,103,95,8,8
32948,114,100,14,14
32949,59,57,2,2
32950,36,73,-37,37
32951,99,86,13,13
32952,76,70,6,6
32953,149,114,35,35
32954,106,82,24,24
32955,61,64,-3,3
32956,47,56,-9,9
32957,158,148,10,10
32958,54,52,2,2
32959,50,52,-2,2
32960,98,84,14,14
32961,94,79,15,15
32962,67,60,7,7
32963,49,43,6,6
32964,146,132,14,14
32965,135,111,24,24
32966,87,69,18,18
32967,98,92,6,6
32968,59,49,10,10
32969,86,76,10,10
32970,62,56,6,6
32971,113,95,18,18
32972,93,85,8,8
32973,75,74,1,1
32974,83,72,11,11
32975,138,122,16,16
32976,67,64,3,3
32977,84,68,16,16
32978,117,104,13,13
32979,64,58,6,6
32980,80,71,9,9
32981,85,79,6,6
32982,67,62,5,5
32983,96,87,9,9
32984,72,65,7,7
32985,63,68,-5,5
32986,151,122,29,29
32987,49,42,7,7
32988,103,70,33,33
32989,32,34,-2,2
32990,70,56,14,14
32991,135,125,10,10
32992,55,50,5,5
32993,99,90,9,9
32994,114,106,8,8
32995,82,69,13,13
32996,119,111,8,8
32997,104,95,9,9
32998,123,109,14,14
32999,113,107,6,6
33000,153,140,13,13
33001,89,82,7,7
33002,48,59,-11,11
33003,113,94,19,19
33004,83,78,5,5
33005,129,110,19,19
33006,67,66,1,1
33007,96,80,16,16
33008,92,81,11,11
33009,103,85,18,18
33010,121,97,24,24
33011,48,51,-3,3
33012,98,82,16,16
33013,112,97,15,15
33014,107,98,9,9
33015,92,72,20,20
33016,72,71,1,1
33017,86,73,13,13
33018,86,77,9,9
33019,120,106,14,14
33020,65,62,3,3
33021,86,73,13,13
33022,138,116,22,22
33023,74,74,0,0
33024,60,56,4,4
33025,125,104,21,21
33026,61,59,2,2
33027,99,87,12,12
33028,150,128,22,22
33029,69,59,10,10
33030,41,43,-2,2
33031,108,91,17,17
33032,163,153,10,10
33033,121,105,16,16
33034,72,65,7,7
33035,109,93,16,16
33036,133,125,8,8
33037,74,66,8,8
33038,119,106,13,13
33039,77,70,7,7
33040,97,100,-3,3
33041,76,69,7,7
33042,102,89,13,13
33043,88,74,14,14
33044,139,122,17,17
33045,93,83,10,10
33046,171,148,23,23
33047,115,122,-7,7
33048,73,63,10,10
33049,102,89,13,13
33050,97,88,9,9
33051,107,101,6,6
33052,180,167,13,13
33053,78,71,7,7
33054,279,235,44,44
33055,86,83,3,3
33056,80,71,9,9
33057,131,127,4,4
33058,49,49,0,0
33059,100,88,12,12
33060,53,57,-4,4
33061,116,98,18,18
33062,61,54,7,7
33063,73,62,11,11
33064,70,57,13,13
33065,56,52,4,4
33066,69,61,8,8
33067,76,65,11,11
33068,57,55,2,2
33069,36,40,-4,4
33070,75,77,-2,2
33071,62,53,9,9
33072,78,68,10,10
33073,112,102,10,10
33074,85,74,11,11
33075,164,136,28,28
33076,52,57,-5,5
33077,102,91,11,11
33078,34,34,0,0
33079,52,52,0,0
33080,63,69,-6,6
33081,60,50,10,10
33082,145,129,16,16
33083,74,71,3,3
33084,106,103,3,3
33085,53,49,4,4
33086,114,108,6,6
33087,135,128,7,7
33088,119,103,16,16
33089,84,86,-2,2
33090,62,55,7,7
33091,150,134,16,16
33092,178,176,2,2
33093,125,114,11,11
33094,125,111,14,14
33095,56,50,6,6
33096,83,76,7,7
33097,79,86,-7,7
33098,66,59,7,7
33099,62,58,4,4
33100,77,71,6,6
33101,113,102,11,11
33102,119,112,7,7
33103,100,83,17,17
33104,121,111,10,10
33105,102,95,7,7
33106,106,109,-3,3
33107,67,61,6,6
33108,104,88,16,16
33109,133,125,8,8
33110,138,116,22,22
33111,62,64,-2,2
33112,110,108,2,2
33113,140,122,18,18
33114,80,66,14,14
33115,103,95,8,8
33116,114,101,13,13
33117,55,48,7,7
33118,91,83,8,8
33119,38,35,3,3
33120,89,69,20,20
33121,129,113,16,16
33122,30,58,-28,28
33123,103,89,14,14
33124,100,92,8,8
33125,87,83,4,4
33126,99,86,13,13
33127,87,73,14,14
33128,91,84,7,7
33129,105,89,16,16
33130,104,90,14,14
33131,46,47,-1,1
33132,86,69,17,17
33133,59,66,-7,7
33134,135,128,7,7
33135,47,46,1,1
33136,108,83,25,25
33137,108,89,19,19
33138,120,111,9,9
33139,50,69,-19,19
33140,102,110,-8,8
33141,129,128,1,1
33142,82,107,-25,25
33143,141,117,24,24
33144,87,72,15,15
33145,108,93,15,15
33146,113,114,-1,1
33147,166,146,20,20
33148,82,71,11,11
33149,34,56,-22,22
33150,57,56,1,1
33151,128,126,2,2
33152,86,82,4,4
33153,70,59,11,11
33154,106,93,13,13
33155,111,100,11,11
33156,89,86,3,3
33157,28,32,-4,4
33158,102,92,10,10
33159,159,129,30,30
33160,170,146,24,24
33161,98,90,8,8
33162,77,70,7,7
33163,118,111,7,7
33164,96,84,12,12
33165,51,53,-2,2
33166,63,52,11,11
33167,70,64,6,6
33168,99,100,-1,1
33169,58,48,10,10
33170,60,53,7,7
33171,78,72,6,6
33172,45,55,-10,10
33173,89,90,-1,1
33174,69,62,7,7
33175,84,77,7,7
33176,73,64,9,9
33177,178,153,25,25
33178,63,64,-1,1
33179,108,94,14,14
33180,105,102,3,3
33181,43,41,2,2
33182,82,72,10,10
33183,76,70,6,6
33184,143,118,25,25
33185,91,78,13,13
33186,63,58,5,5
33187,136,120,16,16
33188,83,65,18,18
33189,128,108,20,20
33190,63,61,2,2
33191,72,65,7,7
33192,96,91,5,5
33193,66,53,13,13
33194,89,97,-8,8
33195,74,64,10,10
33196,69,64,5,5
33197,86,76,10,10
33198,105,91,14,14
33199,92,85,7,7
33200,49,53,-4,4
33201,151,125,26,26
33202,87,84,3,3
33203,86,77,9,9
33204,55,49,6,6
33205,113,114,-1,1
33206,96,84,12,12
33207,84,73,11,11
33208,102,92,10,10
33209,85,81,4,4
33210,141,128,13,13
33211,90,68,22,22
33212,57,51,6,6
33213,80,78,2,2
33214,111,95,16,16
33215,82,112,-30,30
33216,85,76,9,9
33217,85,71,14,14
33218,67,61,6,6
33219,86,76,10,10
33220,102,84,18,18
33221,71,63,8,8
33222,130,139,-9,9
33223,76,71,5,5
33224,70,64,6,6
33225,86,85,1,1
33226,55,45,10,10
33227,97,87,10,10
33228,98,108,-10,10
33229,70,57,13,13
33230,102,86,16,16
33231,79,66,13,13
33232,104,89,15,15
33233,70,56,14,14
33234,94,82,12,12
33235,103,95,8,8
33236,102,101,1,1
33237,102,88,14,14
33238,67,58,9,9
33239,165,142,23,23
33240,73,82,-9,9
33241,149,128,21,21
33242,92,79,13,13
33243,57,58,-1,1
33244,76,58,18,18
33245,129,110,19,19
33246,66,60,6,6
33247,132,113,19,19
33248,108,90,18,18
33249,162,134,28,28
33250,104,90,14,14
33251,98,94,4,4
33252,81,66,15,15
33253,106,102,4,4
33254,134,127,7,7
33255,118,108,10,10
33256,156,128,28,28
33257,73,62,11,11
33258,106,93,13,13
33259,64,52,12,12
33260,66,55,11,11
33261,126,103,23,23
33262,103,92,11,11
33263,57,47,10,10
33264,158,143,15,15
33265,103,90,13,13
33266,103,94,9,9
33267,172,145,27,27
33268,137,128,9,9
33269,95,80,15,15
33270,127,110,17,17
33271,87,73,14,14
33272,136,110,26,26
33273,51,45,6,6
33274,95,81,14,14
33275,100,90,10,10
33276,140,123,17,17
33277,102,96,6,6
33278,69,64,5,5
33279,148,132,16,16
33280,121,123,-2,2
33281,133,125,8,8
33282,106,100,6,6
33283,95,78,17,17
33284,71,77,-6,6
33285,148,137,11,11
33286,188,165,23,23
33287,111,98,13,13
33288,88,80,8,8
33289,71,76,-5,5
33290,83,78,5,5
33291,44,40,4,4
33292,69,57,12,12
33293,44,38,6,6
33294,111,98,13,13
33295,105,102,3,3
33296,76,68,8,8
33297,95,86,9,9
33298,181,154,27,27
33299,128,108,20,20
33300,81,73,8,8
33301,175,143,32,32
33302,57,47,10,10
33303,70,59,11,11
33304,77,62,15,15
33305,61,59,2,2
33306,108,99,9,9
33307,69,65,4,4
33308,61,52,9,9
33309,116,101,15,15
33310,50,47,3,3
33311,95,77,18,18
33312,62,59,3,3
33313,161,139,22,22
33314,101,92,9,9
33315,84,66,18,18
33316,87,84,3,3
33317,71,61,10,10
33318,56,51,5,5
33319,77,68,9,9
33320,100,116,-16,16
33321,74,64,10,10
33322,59,57,2,2
33323,117,106,11,11
33324,102,92,10,10
33325,97,87,10,10
33326,77,68,9,9
33327,128,127,1,1
33328,89,78,11,11
33329,67,61,6,6
33330,69,69,0,0
33331,104,97,7,7
33332,55,53,2,2
33333,62,54,8,8
33334,101,88,13,13
33335,78,66,12,12
33336,86,69,17,17
33337,81,70,11,11
33338,104,84,20,20
33339,57,49,8,8
33340,101,83,18,18
33341,84,72,12,12
33342,73,74,-1,1
33343,106,100,6,6
33344,102,92,10,10
33345,71,63,8,8
33346,144,131,13,13
33347,131,105,26,26
33348,82,63,19,19
33349,83,72,11,11
33350,169,151,18,18
33351,70,60,10,10
33352,158,137,21,21
33353,162,122,40,40
33354,104,87,17,17
33355,52,42,10,10
33356,59,52,7,7
33357,70,65,5,5
33358,112,109,3,3
33359,106,89,17,17
33360,130,112,18,18
33361,111,95,16,16
33362,117,95,22,22
33363,118,116,2,2
33364,74,70,4,4
33365,52,53,-1,1
33366,97,100,-3,3
33367,72,66,6,6
33368,84,74,10,10
33369,50,53,-3,3
33370,101,91,10,10
33371,52,54,-2,2
33372,85,84,1,1
33373,90,79,11,11
33374,66,63,3,3
33375,132,109,23,23
33376,91,85,6,6
33377,46,42,4,4
33378,36,37,-1,1
33379,94,88,6,6
33380,65,59,6,6
33381,85,72,13,13
33382,78,66,12,12
33383,140,134,6,6
33384,79,76,3,3
33385,108,97,11,11
33386,84,74,10,10
33387,89,80,9,9
33388,119,100,19,19
33389,52,44,8,8
33390,130,108,22,22
33391,57,46,11,11
33392,128,111,17,17
33393,106,90,16,16
33394,65,51,14,14
33395,75,74,1,1
33396,153,143,10,10
33397,42,39,3,3
33398,70,58,12,12
33399,157,142,15,15
33400,153,135,18,18
33401,93,79,14,14
33402,85,74,11,11
33403,70,76,-6,6
33404,84,82,2,2
33405,61,53,8,8
33406,80,71,9,9
33407,60,49,11,11
33408,60,52,8,8
33409,122,111,11,11
33410,87,78,9,9
33411,207,159,48,48
33412,102,95,7,7
33413,52,53,-1,1
33414,75,72,3,3
33415,62,55,7,7
33416,82,80,2,2
33417,144,114,30,30
33418,130,123,7,7
33419,90,71,19,19
33420,71,68,3,3
33421,77,65,12,12
33422,72,63,9,9
33423,46,39,7,7
33424,55,58,-3,3
33425,64,90,-26,26
33426,73,60,13,13
33427,76,75,1,1
33428,100,90,10,10
33429,108,87,21,21
33430,130,111,19,19
33431,136,121,15,15
33432,89,79,10,10
33433,79,73,6,6
33434,110,92,18,18
33435,125,121,4,4
33436,79,80,-1,1
33437,32,24,8,8
33438,97,112,-15,15
33439,135,118,17,17
33440,93,84,9,9
33441,111,98,13,13
33442,87,87,0,0
33443,131,107,24,24
33444,72,59,13,13
33445,72,74,-2,2
33446,192,150,42,42
33447,129,108,21,21
33448,102,87,15,15
33449,86,69,17,17
33450,134,114,20,20
33451,157,143,14,14
33452,75,67,8,8
33453,93,83,10,10
33454,96,85,11,11
33455,105,94,11,11
33456,110,98,12,12
33457,137,116,21,21
33458,194,172,22,22
33459,82,71,11,11
33460,102,101,1,1
33461,92,84,8,8
33462,119,91,28,28
33463,113,100,13,13
33464,85,78,7,7
33465,66,61,5,5
33466,145,131,14,14
33467,112,103,9,9
33468,133,122,11,11
33469,113,94,19,19
33470,175,142,33,33
33471,113,108,5,5
33472,59,53,6,6
33473,97,92,5,5
33474,74,67,7,7
33475,53,47,6,6
33476,108,100,8,8
33477,133,112,21,21
33478,46,39,7,7
33479,135,111,24,24
33480,111,96,15,15
33481,117,98,19,19
33482,69,60,9,9
33483,175,149,26,26
33484,83,69,14,14
33485,80,74,6,6
33486,95,96,-1,1
33487,80,72,8,8
33488,71,63,8,8
33489,61,52,9,9
33490,83,74,9,9
33491,168,145,23,23
33492,78,70,8,8
33493,79,77,2,2
33494,112,107,5,5
33495,73,65,8,8
33496,71,76,-5,5
33497,86,81,5,5
33498,105,102,3,3
33499,103,88,15,15
33500,81,74,7,7
33501,70,62,8,8
33502,107,89,18,18
33503,150,139,11,11
33504,70,53,17,17
33505,80,76,4,4
33506,48,49,-1,1
33507,100,99,1,1
33508,52,56,-4,4
33509,97,87,10,10
33510,172,154,18,18
33511,28,29,-1,1
33512,42,64,-22,22
33513,120,106,14,14
33514,60,59,1,1
33515,118,92,26,26
33516,175,148,27,27
33517,69,61,8,8
33518,50,46,4,4
33519,90,84,6,6
33520,109,100,9,9
33521,63,66,-3,3
33522,63,56,7,7
33523,54,48,6,6
33524,115,104,11,11
33525,61,57,4,4
33526,91,87,4,4
33527,76,82,-6,6
33528,72,72,0,0
33529,64,58,6,6
33530,47,39,8,8
33531,67,58,9,9
33532,111,99,12,12
33533,102,122,-20,20
33534,68,58,10,10
33535,101,76,25,25
33536,154,122,32,32
33537,71,63,8,8
33538,77,66,11,11
33539,74,64,10,10
33540,95,87,8,8
33541,98,90,8,8
33542,87,76,11,11
33543,134,124,10,10
33544,118,106,12,12
33545,146,126,20,20
33546,82,84,-2,2
33547,85,66,19,19
33548,68,79,-11,11
33549,62,58,4,4
33550,79,63,16,16
33551,33,31,2,2
33552,130,110,20,20
33553,88,62,26,26
33554,132,122,10,10
33555,69,69,0,0
33556,98,79,19,19
33557,113,93,20,20
33558,84,76,8,8
33559,78,67,11,11
33560,121,104,17,17
33561,69,63,6,6
33562,70,77,-7,7
33563,89,86,3,3
33564,97,86,11,11
33565,89,75,14,14
33566,128,112,16,16
33567,149,131,18,18
33568,115,99,16,16
33569,68,62,6,6
33570,44,45,-1,1
33571,36,36,0,0
33572,64,72,-8,8
33573,75,57,18,18
33574,85,75,10,10
33575,90,80,10,10
33576,98,105,-7,7
33577,110,93,17,17
33578,91,85,6,6
33579,179,150,29,29
33580,97,76,21,21
33581,65,61,4,4
33582,111,108,3,3
33583,191,157,34,34
33584,181,148,33,33
33585,58,53,5,5
33586,90,69,21,21
33587,101,83,18,18
33588,164,131,33,33
33589,117,94,23,23
33590,84,84,0,0
33591,112,95,17,17
33592,117,95,22,22
33593,80,75,5,5
33594,150,126,24,24
33595,94,85,9,9
33596,115,106,9,9
33597,157,131,26,26
33598,69,64,5,5
33599,61,51,10,10
33600,97,89,8,8
33601,74,69,5,5
33602,90,84,6,6
33603,59,50,9,9
33604,121,102,19,19
33605,102,82,20,20
33606,107,102,5,5
33607,102,98,4,4
33608,256,242,14,14
33609,75,68,7,7
33610,80,72,8,8
33611,67,61,6,6
33612,122,108,14,14
33613,65,51,14,14
33614,74,74,0,0
33615,86,79,7,7
33616,206,178,28,28
33617,139,132,7,7
33618,76,68,8,8
33619,186,161,25,25
33620,111,100,11,11
33621,80,63,17,17
33622,148,136,12,12
33623,76,78,-2,2
33624,123,131,-8,8
33625,79,86,-7,7
33626,118,98,20,20
33627,51,48,3,3
33628,88,94,-6,6
33629,157,141,16,16
33630,84,84,0,0
33631,129,111,18,18
33632,131,107,24,24
33633,74,81,-7,7
33634,93,86,7,7
33635,88,82,6,6
33636,74,74,0,0
33637,102,91,11,11
33638,143,127,16,16
33639,67,60,7,7
33640,197,171,26,26
33641,98,81,17,17
33642,117,96,21,21
33643,120,106,14,14
33644,118,112,6,6
33645,63,48,15,15
33646,139,126,13,13
33647,144,132,12,12
33648,96,81,15,15
33649,110,83,27,27
33650,121,109,12,12
33651,68,72,-4,4
33652,84,96,-12,12
33653,118,104,14,14
33654,96,89,7,7
33655,78,72,6,6
33656,27,30,-3,3
33657,157,137,20,20
33658,137,120,17,17
33659,107,98,9,9
33660,95,86,9,9
33661,45,48,-3,3
33662,69,89,-20,20
33663,196,159,37,37
33664,108,86,22,22
33665,88,75,13,13
33666,199,168,31,31
33667,111,105,6,6
33668,179,149,30,30
33669,157,141,16,16
33670,82,64,18,18
33671,77,66,11,11
33672,56,49,7,7
33673,63,58,5,5
33674,196,168,28,28
33675,89,84,5,5
33676,126,108,18,18
33677,39,37,2,2
33678,80,81,-1,1
33679,97,84,13,13
33680,85,67,18,18
33681,58,49,9,9
33682,132,115,17,17
33683,54,57,-3,3
33684,99,87,12,12
33685,91,83,8,8
33686,75,60,15,15
33687,57,60,-3,3
33688,66,69,-3,3
33689,105,104,1,1
33690,51,49,2,2
33691,134,110,24,24
33692,27,38,-11,11
33693,71,57,14,14
33694,65,57,8,8
33695,112,85,27,27
33696,100,95,5,5
33697,56,52,4,4
33698,74,66,8,8
33699,137,118,19,19
33700,96,90,6,6
33701,113,113,0,0
33702,56,48,8,8
33703,91,84,7,7
33704,179,161,18,18
33705,54,45,9,9
33706,90,84,6,6
33707,92,80,12,12
33708,87,76,11,11
33709,122,100,22,22
33710,150,125,25,25
33711,90,77,13,13
33712,98,85,13,13
33713,59,54,5,5
33714,122,108,14,14
33715,150,135,15,15
33716,74,67,7,7
33717,65,59,6,6
33718,53,54,-1,1
33719,93,85,8,8
33720,108,92,16,16
33721,70,74,-4,4
33722,135,119,16,16
33723,87,83,4,4
33724,65,67,-2,2
33725,55,39,16,16
33726,40,43,-3,3
33727,88,77,11,11
33728,168,145,23,23
33729,37,31,6,6
33730,80,63,17,17
33731,92,74,18,18
33732,157,129,28,28
33733,121,113,8,8
33734,119,113,6,6
33735,131,96,35,35
33736,112,93,19,19
33737,71,74,-3,3
33738,73,67,6,6
33739,99,84,15,15
33740,81,65,16,16
33741,70,60,10,10
33742,91,79,12,12
33743,63,53,10,10
33744,65,60,5,5
33745,92,90,2,2
33746,83,69,14,14
33747,62,61,1,1
33748,137,122,15,15
33749,194,163,31,31
33750,104,86,18,18
33751,136,123,13,13
33752,149,134,15,15
33753,109,98,11,11
33754,70,62,8,8
33755,121,102,19,19
33756,73,69,4,4
33757,97,80,17,17
33758,105,89,16,16
33759,131,116,15,15
33760,118,103,15,15
33761,97,85,12,12
33762,49,45,4,4
33763,110,97,13,13
33764,87,85,2,2
33765,107,94,13,13
33766,72,63,9,9
33767,173,153,20,20
33768,117,108,9,9
33769,91,87,4,4
33770,93,69,24,24
33771,34,30,4,4
33772,75,61,14,14
33773,110,103,7,7
33774,76,73,3,3
33775,122,147,-25,25
33776,94,85,9,9
33777,60,57,3,3
33778,96,85,11,11
33779,92,84,8,8
33780,155,131,24,24
33781,116,96,20,20
33782,113,102,11,11
33783,70,52,18,18
33784,127,120,7,7
33785,104,103,1,1
33786,103,95,8,8
33787,66,52,14,14
33788,58,58,0,0
33789,47,53,-6,6
33790,124,114,10,10
33791,47,39,8,8
33792,134,108,26,26
33793,126,105,21,21
33794,133,125,8,8
33795,101,94,7,7
33796,48,46,2,2
33797,69,61,8,8
33798,62,51,11,11
33799,112,91,21,21
33800,124,118,6,6
33801,68,62,6,6
33802,70,59,11,11
33803,98,89,9,9
33804,61,68,-7,7
33805,98,94,4,4
33806,128,104,24,24
33807,112,97,15,15
33808,62,56,6,6
33809,106,88,18,18
33810,90,74,16,16
33811,57,49,8,8
33812,127,116,11,11
33813,83,69,14,14
33814,123,111,12,12
33815,99,84,15,15
33816,114,105,9,9
33817,124,118,6,6
33818,63,55,8,8
33819,169,150,19,19
33820,86,75,11,11
33821,97,88,9,9
33822,95,77,18,18
33823,97,87,10,10
33824,120,101,19,19
33825,100,87,13,13
33826,127,123,4,4
33827,65,63,2,2
33828,74,68,6,6
33829,146,130,16,16
33830,93,87,6,6
33831,76,60,16,16
33832,127,109,18,18
33833,61,50,11,11
33834,81,78,3,3
33835,132,93,39,39
33836,69,49,20,20
33837,56,61,-5,5
33838,103,91,12,12
33839,110,107,3,3
33840,102,90,12,12
33841,74,60,14,14
33842,111,102,9,9
33843,74,67,7,7
33844,58,52,6,6
33845,96,96,0,0
33846,67,63,4,4
33847,57,54,3,3
33848,104,87,17,17
33849,60,63,-3,3
33850,50,54,-4,4
33851,120,108,12,12
33852,73,64,9,9
33853,45,42,3,3
33854,95,87,8,8
33855,125,120,5,5
33856,106,98,8,8
33857,80,66,14,14
33858,138,125,13,13
33859,105,98,7,7
33860,100,90,10,10
33861,89,77,12,12
33862,161,124,37,37
33863,115,110,5,5
33864,109,91,18,18
33865,120,103,17,17
33866,64,58,6,6
33867,85,78,7,7
33868,139,123,16,16
33869,56,54,2,2
33870,100,93,7,7
33871,61,51,10,10
33872,87,84,3,3
33873,78,64,14,14
33874,135,113,22,22
33875,149,136,13,13
33876,123,107,16,16
33877,114,86,28,28
33878,106,102,4,4
33879,121,96,25,25
33880,103,106,-3,3
33881,133,121,12,12
33882,83,74,9,9
33883,90,76,14,14
33884,43,43,0,0
33885,195,167,28,28
33886,82,67,15,15
33887,121,105,16,16
33888,77,68,9,9
33889,80,74,6,6
33890,56,52,4,4
33891,70,58,12,12
33892,57,49,8,8
33893,98,90,8,8
33894,85,79,6,6
33895,102,91,11,11
33896,114,93,21,21
33897,153,131,22,22
33898,61,53,8,8
33899,99,87,12,12
33900,77,68,9,9
33901,89,67,22,22
33902,79,71,8,8
33903,108,103,5,5
33904,102,79,23,23
33905,54,57,-3,3
33906,101,81,20,20
33907,131,111,20,20
33908,56,53,3,3
33909,110,94,16,16
33910,78,67,11,11
33911,153,130,23,23
33912,73,65,8,8
33913,105,89,16,16
33914,57,59,-2,2
33915,95,96,-1,1
33916,56,55,1,1
33917,107,87,20,20
33918,62,73,-11,11
33919,157,139,18,18
33920,94,82,12,12
33921,84,64,20,20
33922,131,116,15,15
33923,75,67,8,8
33924,122,106,16,16
33925,114,113,1,1
33926,61,51,10,10
33927,137,128,9,9
33928,72,63,9,9
33929,115,89,26,26
33930,49,75,-26,26
33931,98,82,16,16
33932,114,105,9,9
33933,79,72,7,7
33934,75,62,13,13
33935,111,85,26,26
33936,84,76,8,8
33937,61,55,6,6
33938,70,66,4,4
33939,103,94,9,9
33940,119,99,20,20
33941,62,57,5,5
33942,94,72,22,22
33943,161,137,24,24
33944,253,202,51,51
33945,112,105,7,7
33946,63,68,-5,5
33947,90,76,14,14
33948,124,109,15,15
33949,85,69,16,16
33950,167,151,16,16
33951,115,83,32,32
33952,113,92,21,21
33953,95,88,7,7
33954,93,83,10,10
33955,138,112,26,26
33956,74,69,5,5
33957,52,47,5,5
33958,104,92,12,12
33959,143,127,16,16
33960,74,72,2,2
33961,69,60,9,9
33962,133,139,-6,6
33963,82,77,5,5
33964,98,80,18,18
33965,77,70,7,7
33966,142,129,13,13
33967,84,78,6,6
33968,95,93,2,2
33969,83,72,11,11
33970,114,94,20,20
33971,53,70,-17,17
33972,91,79,12,12
33973,122,115,7,7
33974,89,101,-12,12
33975,81,77,4,4
33976,110,102,8,8
33977,96,83,13,13
33978,119,103,16,16
33979,80,75,5,5
33980,108,87,21,21
33981,71,59,12,12
33982,80,68,12,12
33983,157,149,8,8
33984,85,63,22,22
33985,47,53,-6,6
33986,68,56,12,12
33987,86,65,21,21
33988,71,62,9,9
33989,64,52,12,12
33990,65,60,5,5
33991,155,151,4,4
33992,108,106,2,2
33993,188,156,32,32
33994,109,95,14,14
33995,64,60,4,4
33996,120,126,-6,6
33997,72,64,8,8
33998,55,47,8,8
33999,69,58,11,11
34000,186,154,32,32
34001,96,101,-5,5
34002,77,73,4,4
34003,83,73,10,10
34004,79,65,14,14
34005,55,57,-2,2
34006,155,134,21,21
34007,91,83,8,8
34008,48,49,-1,1
34009,122,109,13,13
34010,75,79,-4,4
34011,109,104,5,5
34012,110,98,12,12
34013,79,69,10,10
34014,69,60,9,9
34015,78,76,2,2
34016,129,121,8,8
34017,131,116,15,15
34018,45,45,0,0
34019,96,78,18,18
34020,105,110,-5,5
34021,128,119,9,9
34022,139,125,14,14
34023,116,95,21,21
34024,81,72,9,9
34025,77,70,7,7
34026,100,89,11,11
34027,68,59,9,9
34028,70,68,2,2
34029,222,217,5,5
34030,22,29,-7,7
34031,121,106,15,15
34032,67,64,3,3
34033,87,68,19,19
34034,58,54,4,4
34035,69,72,-3,3
34036,71,72,-1,1
34037,54,61,-7,7
34038,60,52,8,8
34039,87,78,9,9
34040,101,86,15,15
34041,61,52,9,9
34042,141,115,26,26
34043,121,117,4,4
34044,102,90,12,12
34045,78,71,7,7
34046,96,102,-6,6
34047,56,49,7,7
34048,101,76,25,25
34049,64,59,5,5
34050,55,61,-6,6
34051,89,74,15,15
34052,84,69,15,15
34053,90,78,12,12
34054,166,139,27,27
34055,85,104,-19,19
34056,94,82,12,12
34057,130,123,7,7
34058,146,140,6,6
34059,77,87,-10,10
34060,97,81,16,16
34061,102,89,13,13
34062,150,141,9,9
34063,104,90,14,14
34064,90,79,11,11
34065,70,61,9,9
34066,45,42,3,3
34067,76,63,13,13
34068,90,95,-5,5
34069,63,49,14,14
34070,123,99,24,24
34071,91,69,22,22
34072,102,77,25,25
34073,120,100,20,20
34074,48,60,-12,12
34075,42,43,-1,1
34076,85,78,7,7
34077,67,56,11,11
34078,73,54,19,19
34079,67,60,7,7
34080,87,77,10,10
34081,172,138,34,34
34082,128,120,8,8
34083,116,107,9,9
34084,102,86,16,16
34085,134,125,9,9
34086,94,91,3,3
34087,55,47,8,8
34088,175,164,11,11
34089,71,62,9,9
34090,53,52,1,1
34091,92,90,2,2
34092,111,93,18,18
34093,120,110,10,10
34094,107,107,0,0
34095,48,38,10,10
34096,85,70,15,15
34097,122,128,-6,6
34098,90,86,4,4
34099,70,58,12,12
34100,63,58,5,5
34101,110,92,18,18
34102,56,55,1,1
34103,96,93,3,3
34104,79,72,7,7
34105,56,49,7,7
34106,115,94,21,21
34107,60,59,1,1
34108,59,57,2,2
34109,74,67,7,7
34110,110,105,5,5
34111,99,99,0,0
34112,106,93,13,13
34113,62,49,13,13
34114,93,85,8,8
34115,59,53,6,6
34116,88,75,13,13
34117,75,76,-1,1
34118,78,65,13,13
34119,67,64,3,3
34120,118,98,20,20
34121,66,53,13,13
34122,69,60,9,9
34123,110,91,19,19
34124,102,95,7,7
34125,127,116,11,11
34126,99,90,9,9
34127,127,119,8,8
34128,97,78,19,19
34129,52,44,8,8
34130,56,54,2,2
34131,64,55,9,9
34132,111,95,16,16
34133,114,103,11,11
34134,162,134,28,28
34135,56,57,-1,1
34136,35,35,0,0
34137,83,79,4,4
34138,151,140,11,11
34139,77,69,8,8
34140,65,64,1,1
34141,67,55,12,12
34142,81,71,10,10
34143,56,48,8,8
34144,67,63,4,4
34145,59,51,8,8
34146,142,112,30,30
34147,79,73,6,6
34148,104,92,12,12
34149,68,64,4,4
34150,67,67,0,0
34151,56,53,3,3
34152,66,56,10,10
34153,31,26,5,5
34154,121,101,20,20
34155,115,100,15,15
34156,68,61,7,7
34157,103,97,6,6
34158,71,61,10,10
34159,115,110,5,5
34160,122,103,19,19
34161,99,82,17,17
34162,112,101,11,11
34163,215,205,10,10
34164,68,66,2,2
34165,84,72,12,12
34166,82,77,5,5
34167,82,73,9,9
34168,95,81,14,14
34169,80,72,8,8
34170,121,101,20,20
34171,103,86,17,17
34172,74,69,5,5
34173,59,52,7,7
34174,106,85,21,21
34175,62,52,10,10
34176,49,41,8,8
34177,62,55,7,7
34178,151,133,18,18
34179,178,143,35,35
34180,96,90,6,6
34181,91,81,10,10
34182,74,67,7,7
34183,78,74,4,4
34184,95,106,-11,11
34185,109,98,11,11
34186,59,54,5,5
34187,64,54,10,10
34188,122,96,26,26
34189,106,99,7,7
34190,137,121,16,16
34191,79,67,12,12
34192,45,42,3,3
34193,96,82,14,14
34194,53,44,9,9
34195,121,103,18,18
34196,138,130,8,8
34197,107,91,16,16
34198,90,77,13,13
34199,83,77,6,6
34200,65,60,5,5
34201,68,75,-7,7
34202,50,46,4,4
34203,44,63,-19,19
34204,78,72,6,6
34205,74,69,5,5
34206,67,59,8,8
34207,116,97,19,19
34208,50,40,10,10
34209,100,83,17,17
34210,52,48,4,4
34211,70,60,10,10
34212,92,83,9,9
34213,130,109,21,21
34214,139,131,8,8
34215,96,78,18,18
34216,98,83,15,15
34217,49,47,2,2
34218,90,68,22,22
34219,103,101,2,2
34220,39,40,-1,1
34221,172,136,36,36
34222,104,85,19,19
34223,63,56,7,7
34224,78,66,12,12
34225,65,61,4,4
34226,58,50,8,8
34227,140,129,11,11
34228,95,95,0,0
34229,77,63,14,14
34230,122,102,20,20
34231,63,49,14,14
34232,26,30,-4,4
34233,78,71,7,7
34234,60,57,3,3
34235,80,70,10,10
34236,96,87,9,9
34237,62,56,6,6
34238,77,72,5,5
34239,101,85,16,16
34240,103,96,7,7
34241,87,85,2,2
34242,132,117,15,15
34243,223,182,41,41
34244,117,100,17,17
34245,151,127,24,24
34246,87,86,1,1
34247,103,89,14,14
34248,59,55,4,4
34249,150,114,36,36
34250,100,82,18,18
34251,92,72,20,20
34252,65,70,-5,5
34253,72,62,10,10
34254,48,43,5,5
34255,114,99,15,15
34256,63,50,13,13
34257,139,123,16,16
34258,86,77,9,9
34259,96,78,18,18
34260,80,71,9,9
34261,126,103,23,23
34262,112,97,15,15
34263,99,99,0,0
34264,83,68,15,15
34265,62,51,11,11
34266,53,60,-7,7
34267,40,37,3,3
34268,103,91,12,12
34269,87,73,14,14
34270,66,57,9,9
34271,116,94,22,22
34272,107,86,21,21
34273,121,109,12,12
34274,114,91,23,23
34275,111,99,12,12
34276,105,95,10,10
34277,103,94,9,9
34278,106,83,23,23
34279,126,109,17,17
34280,104,86,18,18
34281,77,65,12,12
34282,114,106,8,8
34283,77,67,10,10
34284,83,75,8,8
34285,78,84,-6,6
34286,81,77,4,4
34287,64,59,5,5
34288,134,116,18,18
34289,78,69,9,9
34290,137,120,17,17
34291,80,69,11,11
34292,145,121,24,24
34293,103,96,7,7
34294,101,84,17,17
34295,87,74,13,13
34296,83,76,7,7
34297,98,81,17,17
34298,133,123,10,10
34299,114,111,3,3
34300,119,94,25,25
34301,94,83,11,11
34302,85,82,3,3
34303,162,151,11,11
34304,85,62,23,23
34305,62,53,9,9
34306,83,69,14,14
34307,99,86,13,13
34308,79,74,5,5
34309,95,87,8,8
34310,140,129,11,11
34311,165,145,20,20
34312,104,90,14,14
34313,110,114,-4,4
34314,138,165,-27,27
34315,117,117,0,0
34316,120,103,17,17
34317,67,69,-2,2
34318,82,72,10,10
34319,110,92,18,18
34320,110,91,19,19
34321,63,60,3,3
34322,54,47,7,7
34323,128,119,9,9
34324,90,73,17,17
34325,99,94,5,5
34326,121,130,-9,9
34327,47,50,-3,3
34328,88,75,13,13
34329,96,77,19,19
34330,83,93,-10,10
34331,91,71,20,20
34332,100,90,10,10
34333,68,65,3,3
34334,44,42,2,2
34335,94,81,13,13
34336,48,43,5,5
34337,63,53,10,10
34338,114,99,15,15
34339,88,75,13,13
34340,105,91,14,14
34341,67,65,2,2
34342,61,47,14,14
34343,120,106,14,14
34344,111,89,22,22
34345,102,82,20,20
34346,111,94,17,17
34347,48,41,7,7
34348,102,97,5,5
34349,101,90,11,11
34350,88,85,3,3
34351,58,57,1,1
34352,64,60,4,4
34353,65,60,5,5
34354,156,134,22,22
34355,84,76,8,8
34356,169,140,29,29
34357,130,101,29,29
34358,51,55,-4,4
34359,60,54,6,6
34360,109,83,26,26
34361,107,98,9,9
34362,133,129,4,4
34363,73,66,7,7
34364,117,105,12,12
34365,105,94,11,11
34366,118,122,-4,4
34367,107,95,12,12
34368,89,72,17,17
34369,130,112,18,18
34370,107,99,8,8
34371,86,82,4,4
34372,87,81,6,6
34373,166,139,27,27
34374,91,82,9,9
34375,83,72,11,11
34376,90,86,4,4
34377,60,61,-1,1
34378,73,66,7,7
34379,133,110,23,23
34380,131,118,13,13
34381,128,140,-12,12
34382,93,79,14,14
34383,48,47,1,1
34384,126,95,31,31
34385,62,65,-3,3
34386,50,54,-4,4
34387,70,62,8,8
34388,111,99,12,12
34389,89,72,17,17
34390,94,87,7,7
34391,38,41,-3,3
34392,76,77,-1,1
34393,92,85,7,7
34394,66,57,9,9
34395,84,73,11,11
34396,72,65,7,7
34397,79,68,11,11
34398,78,71,7,7
34399,61,56,5,5
34400,68,64,4,4
34401,114,94,20,20
34402,84,79,5,5
34403,51,56,-5,5
34404,96,79,17,17
34405,74,61,13,13
34406,64,66,-2,2
34407,79,75,4,4
34408,89,73,16,16
34409,150,138,12,12
34410,137,108,29,29
34411,62,59,3,3
34412,120,100,20,20
34413,75,51,24,24
34414,63,59,4,4
34415,144,135,9,9
34416,83,70,13,13
34417,71,93,-22,22
34418,125,112,13,13
34419,71,64,7,7
34420,90,86,4,4
34421,57,47,10,10
34422,68,66,2,2
34423,117,96,21,21
34424,142,128,14,14
34425,95,80,15,15
34426,91,88,3,3
34427,86,79,7,7
34428,119,113,6,6
34429,71,67,4,4
34430,97,82,15,15
34431,92,85,7,7
34432,86,73,13,13
34433,48,46,2,2
34434,50,41,9,9
34435,105,128,-23,23
34436,105,98,7,7
34437,127,101,26,26
34438,108,96,12,12
34439,71,59,12,12
34440,73,66,7,7
34441,68,70,-2,2
34442,147,121,26,26
34443,142,133,9,9
34444,39,37,2,2
34445,91,71,20,20
34446,79,76,3,3
34447,84,69,15,15
34448,123,116,7,7
34449,63,59,4,4
34450,196,166,30,30
34451,161,149,12,12
34452,152,117,35,35
34453,144,122,22,22
34454,96,89,7,7
34455,125,114,11,11
34456,82,72,10,10
34457,128,108,20,20
34458,160,150,10,10
34459,43,42,1,1
34460,68,60,8,8
34461,108,77,31,31
34462,74,67,7,7
34463,52,44,8,8
34464,107,107,0,0
34465,64,60,4,4
34466,89,76,13,13
34467,85,68,17,17
34468,73,70,3,3
34469,177,171,6,6
34470,111,98,13,13
34471,67,67,0,0
34472,76,65,11,11
34473,152,126,26,26
34474,90,85,5,5
34475,79,72,7,7
34476,99,93,6,6
34477,78,65,13,13
34478,131,119,12,12
34479,100,84,16,16
34480,74,70,4,4
34481,99,90,9,9
34482,135,122,13,13
34483,104,98,6,6
34484,67,56,11,11
34485,102,81,21,21
34486,48,49,-1,1
34487,243,212,31,31
34488,97,85,12,12
34489,112,99,13,13
34490,118,111,7,7
34491,77,74,3,3
34492,73,57,16,16
34493,99,90,9,9
34494,60,74,-14,14
34495,155,140,15,15
34496,125,112,13,13
34497,202,158,44,44
34498,82,82,0,0
34499,100,88,12,12
34500,78,66,12,12
34501,59,57,2,2
34502,48,51,-3,3
34503,121,112,9,9
34504,128,108,20,20
34505,96,92,4,4
34506,133,110,23,23
34507,107,95,12,12
34508,106,88,18,18
34509,111,113,-2,2
34510,48,54,-6,6
34511,79,73,6,6
34512,121,99,22,22
34513,147,130,17,17
34514,113,102,11,11
34515,58,51,7,7
34516,93,73,20,20
34517,109,100,9,9
34518,85,78,7,7
34519,69,70,-1,1
34520,70,63,7,7
34521,81,79,2,2
34522,47,43,4,4
34523,121,105,16,16
34524,151,125,26,26
34525,80,72,8,8
34526,60,54,6,6
34527,133,117,16,16
34528,65,63,2,2
34529,162,145,17,17
34530,73,60,13,13
34531,108,92,16,16
34532,87,74,13,13
34533,101,96,5,5
34534,90,82,8,8
34535,130,135,-5,5
34536,133,114,19,19
34537,139,123,16,16
34538,95,90,5,5
34539,96,86,10,10
34540,66,62,4,4
34541,69,65,4,4
34542,69,63,6,6
34543,86,73,13,13
34544,95,86,9,9
34545,91,78,13,13
34546,189,153,36,36
34547,109,97,12,12
34548,63,51,12,12
34549,156,145,11,11
34550,64,55,9,9
34551,117,100,17,17
34552,55,47,8,8
34553,115,110,5,5
34554,103,86,17,17
34555,155,137,18,18
34556,78,69,9,9
34557,159,152,7,7
34558,73,60,13,13
34559,188,166,22,22
34560,150,139,11,11
34561,103,84,19,19
34562,80,72,8,8
34563,92,85,7,7
34564,121,112,9,9
34565,113,105,8,8
34566,106,92,14,14
34567,72,62,10,10
34568,120,105,15,15
34569,49,46,3,3
34570,124,119,5,5
34571,82,75,7,7
34572,145,145,0,0
34573,61,48,13,13
34574,108,94,14,14
34575,53,47,6,6
34576,117,99,18,18
34577,88,81,7,7
34578,122,86,36,36
34579,56,49,7,7
34580,161,135,26,26
34581,115,99,16,16
34582,100,92,8,8
34583,149,141,8,8
34584,126,109,17,17
34585,74,65,9,9
34586,124,106,18,18
34587,101,89,12,12
34588,83,83,0,0
34589,105,89,16,16
34590,143,126,17,17
34591,153,132,21,21
34592,54,52,2,2
34593,52,52,0,0
34594,87,76,11,11
34595,63,56,7,7
34596,84,82,2,2
34597,96,84,12,12
34598,59,51,8,8
34599,141,122,19,19
34600,121,100,21,21
34601,21,23,-2,2
34602,93,81,12,12
34603,126,118,8,8
34604,91,82,9,9
34605,126,110,16,16
34606,79,69,10,10
34607,133,124,9,9
34608,72,68,4,4
34609,117,92,25,25
34610,51,53,-2,2
34611,92,81,11,11
34612,78,73,5,5
34613,70,66,4,4
34614,77,67,10,10
34615,94,77,17,17
34616,75,67,8,8
34617,93,87,6,6
34618,75,62,13,13
34619,149,134,15,15
34620,99,93,6,6
34621,94,96,-2,2
34622,98,81,17,17
34623,68,60,8,8
34624,101,134,-33,33
34625,115,96,19,19
34626,87,76,11,11
34627,100,101,-1,1
34628,80,80,0,0
34629,133,114,19,19
34630,54,50,4,4
34631,164,148,16,16
34632,98,87,11,11
34633,75,72,3,3
34634,77,58,19,19
34635,126,110,16,16
34636,124,106,18,18
34637,89,82,7,7
34638,77,73,4,4
34639,162,137,25,25
34640,129,105,24,24
34641,126,115,11,11
34642,90,74,16,16
34643,145,130,15,15
34644,59,61,-2,2
34645,79,64,15,15
34646,100,81,19,19
34647,136,118,18,18
34648,53,52,1,1
34649,109,94,15,15
34650,79,70,9,9
34651,111,99,12,12
34652,172,128,44,44
34653,142,119,23,23
34654,81,71,10,10
34655,100,90,10,10
34656,71,63,8,8
34657,37,45,-8,8
34658,91,78,13,13
34659,85,76,9,9
34660,96,86,10,10
34661,96,84,12,12
34662,72,61,11,11
34663,58,53,5,5
34664,128,124,4,4
34665,90,72,18,18
34666,79,72,7,7
34667,57,49,8,8
34668,164,131,33,33
34669,147,106,41,41
34670,42,45,-3,3
34671,92,93,-1,1
34672,73,66,7,7
34673,80,74,6,6
34674,82,70,12,12
34675,82,74,8,8
34676,124,110,14,14
34677,87,84,3,3
34678,93,82,11,11
34679,151,125,26,26
34680,88,75,13,13
34681,99,85,14,14
34682,104,95,9,9
34683,80,74,6,6
34684,91,74,17,17
34685,116,120,-4,4
34686,136,113,23,23
34687,76,99,-23,23
34688,125,120,5,5
34689,99,76,23,23
34690,112,110,2,2
34691,103,105,-2,2
34692,152,133,19,19
34693,122,106,16,16
34694,74,54,20,20
34695,106,98,8,8
34696,76,64,12,12
34697,59,55,4,4
34698,100,108,-8,8
34699,58,54,4,4
34700,69,63,6,6
34701,120,114,6,6
34702,74,63,11,11
34703,55,51,4,4
34704,89,78,11,11
34705,79,69,10,10
34706,137,129,8,8
34707,81,71,10,10
34708,64,65,-1,1
34709,170,154,16,16
34710,69,61,8,8
34711,72,59,13,13
34712,73,60,13,13
34713,66,63,3,3
34714,114,101,13,13
34715,96,96,0,0
34716,67,60,7,7
34717,83,73,10,10
34718,72,61,11,11
34719,150,134,16,16
34720,56,48,8,8
34721,66,61,5,5
34722,53,50,3,3
34723,169,142,27,27
34724,66,58,8,8
34725,105,101,4,4
34726,101,90,11,11
34727,78,72,6,6
34728,130,116,14,14
34729,140,120,20,20
34730,91,97,-6,6
34731,89,68,21,21
34732,73,62,11,11
34733,111,100,11,11
34734,111,104,7,7
34735,154,132,22,22
34736,56,52,4,4
34737,136,118,18,18
34738,101,85,16,16
34739,120,113,7,7
34740,62,48,14,14
34741,105,94,11,11
34742,76,69,7,7
34743,161,150,11,11
34744,88,84,4,4
34745,51,48,3,3
34746,108,100,8,8
34747,101,91,10,10
34748,74,65,9,9
34749,189,151,38,38
34750,46,41,5,5
34751,58,54,4,4
34752,100,75,25,25
34753,171,135,36,36
34754,45,41,4,4
34755,87,59,28,28
34756,57,49,8,8
34757,137,113,24,24
34758,72,63,9,9
34759,115,100,15,15
34760,98,84,14,14
34761,58,56,2,2
34762,87,96,-9,9
34763,79,68,11,11
34764,79,66,13,13
34765,67,57,10,10
34766,32,31,1,1
34767,76,69,7,7
34768,80,61,19,19
34769,106,85,21,21
34770,54,54,0,0
34771,75,72,3,3
34772,149,130,19,19
34773,110,90,20,20
34774,106,98,8,8
34775,130,120,10,10
34776,49,45,4,4
34777,119,115,4,4
34778,75,69,6,6
34779,89,79,10,10
34780,63,49,14,14
34781,64,53,11,11
34782,116,101,15,15
34783,79,61,18,18
34784,92,84,8,8
34785,70,68,2,2
34786,120,105,15,15
34787,165,146,19,19
34788,187,166,21,21
34789,82,69,13,13
34790,53,60,-7,7
34791,88,74,14,14
34792,75,63,12,12
34793,66,52,14,14
34794,80,70,10,10
34795,113,95,18,18
34796,48,40,8,8
34797,52,46,6,6
34798,169,148,21,21
34799,100,100,0,0
34800,71,75,-4,4
34801,103,105,-2,2
34802,127,114,13,13
34803,132,116,16,16
34804,136,122,14,14
34805,67,57,10,10
34806,127,116,11,11
34807,142,134,8,8
34808,114,105,9,9
34809,71,69,2,2
34810,77,67,10,10
34811,86,86,0,0
34812,166,134,32,32
34813,116,102,14,14
34814,42,40,2,2
34815,91,77,14,14
34816,81,69,12,12
34817,109,94,15,15
34818,164,153,11,11
34819,119,110,9,9
34820,79,64,15,15
34821,122,107,15,15
34822,67,58,9,9
34823,96,81,15,15
34824,81,71,10,10
34825,110,72,38,38
34826,142,127,15,15
34827,30,31,-1,1
34828,102,94,8,8
34829,128,104,24,24
34830,127,126,1,1
34831,55,79,-24,24
34832,125,144,-19,19
34833,85,82,3,3
34834,82,73,9,9
34835,99,97,2,2
34836,142,132,10,10
34837,99,98,1,1
34838,96,93,3,3
34839,87,91,-4,4
34840,76,62,14,14
34841,95,92,3,3
34842,61,56,5,5
34843,58,59,-1,1
34844,88,79,9,9
34845,87,88,-1,1
34846,89,74,15,15
34847,100,85,15,15
34848,87,78,9,9
34849,86,76,10,10
34850,43,47,-4,4
34851,33,30,3,3
34852,97,85,12,12
34853,130,111,19,19
34854,149,124,25,25
34855,139,111,28,28
34856,71,68,3,3
34857,53,55,-2,2
34858,69,57,12,12
34859,114,91,23,23
34860,60,65,-5,5
34861,53,53,0,0
34862,80,69,11,11
34863,75,57,18,18
34864,101,106,-5,5
34865,147,131,16,16
34866,100,81,19,19
34867,112,109,3,3
34868,61,53,8,8
34869,68,61,7,7
34870,41,52,-11,11
34871,72,70,2,2
34872,69,65,4,4
34873,135,113,22,22
34874,112,105,7,7
34875,63,51,12,12
34876,83,71,12,12
34877,74,76,-2,2
34878,85,83,2,2
34879,91,75,16,16
34880,150,138,12,12
34881,96,83,13,13
34882,61,72,-11,11
34883,51,54,-3,3
34884,61,55,6,6
34885,143,147,-4,4
34886,64,60,4,4
34887,59,46,13,13
34888,67,74,-7,7
34889,65,68,-3,3
34890,142,119,23,23
34891,66,62,4,4
34892,73,71,2,2
34893,107,95,12,12
34894,112,90,22,22
34895,104,95,9,9
34896,46,42,4,4
34897,83,59,24,24
34898,89,74,15,15
34899,73,56,17,17
34900,59,55,4,4
34901,59,50,9,9
34902,112,95,17,17
34903,75,70,5,5
34904,68,64,4,4
34905,80,82,-2,2
34906,70,68,2,2
34907,77,71,6,6
34908,49,42,7,7
34909,91,80,11,11
34910,65,60,5,5
34911,77,64,13,13
34912,130,108,22,22
34913,77,66,11,11
34914,175,159,16,16
34915,103,102,1,1
34916,79,68,11,11
34917,74,61,13,13
34918,98,95,3,3
34919,111,98,13,13
34920,105,103,2,2
34921,106,98,8,8
34922,43,39,4,4
34923,91,87,4,4
34924,88,80,8,8
34925,121,105,16,16
34926,111,93,18,18
34927,65,59,6,6
34928,63,52,11,11
34929,91,89,2,2
34930,70,65,5,5
34931,117,97,20,20
34932,56,55,1,1
34933,153,138,15,15
34934,135,122,13,13
34935,66,57,9,9
34936,97,90,7,7
34937,94,91,3,3
34938,79,70,9,9
34939,89,72,17,17
34940,117,101,16,16
34941,50,47,3,3
34942,172,162,10,10
34943,71,71,0,0
34944,94,77,17,17
34945,146,139,7,7
34946,57,49,8,8
34947,91,84,7,7
34948,44,45,-1,1
34949,124,111,13,13
34950,117,92,25,25
34951,93,76,17,17
34952,100,93,7,7
34953,167,139,28,28
34954,97,84,13,13
34955,117,101,16,16
34956,142,119,23,23
34957,62,54,8,8
34958,99,92,7,7
34959,83,75,8,8
34960,61,61,0,0
34961,80,76,4,4
34962,85,71,14,14
34963,102,92,10,10
34964,127,123,4,4
34965,123,115,8,8
34966,117,103,14,14
34967,102,106,-4,4
34968,100,88,12,12
34969,105,90,15,15
34970,116,92,24,24
34971,104,100,4,4
34972,70,60,10,10
34973,71,69,2,2
34974,59,62,-3,3
34975,86,73,13,13
34976,121,92,29,29
34977,104,87,17,17
34978,93,79,14,14
34979,78,69,9,9
34980,124,106,18,18
34981,83,77,6,6
34982,126,115,11,11
34983,91,80,11,11
34984,89,93,-4,4
34985,79,64,15,15
34986,110,103,7,7
34987,80,74,6,6
34988,116,106,10,10
34989,133,109,24,24
34990,91,93,-2,2
34991,94,77,17,17
34992,160,136,24,24
34993,107,104,3,3
34994,61,58,3,3
34995,74,58,16,16
34996,80,74,6,6
34997,50,48,2,2
34998,98,89,9,9
34999,47,42,5,5
35000,63,75,-12,12
35001,92,84,8,8
35002,97,84,13,13
35003,101,95,6,6
35004,48,47,1,1
35005,114,104,10,10
35006,106,93,13,13
35007,98,86,12,12
35008,133,119,14,14
35009,98,79,19,19
35010,41,38,3,3
35011,85,77,8,8
35012,102,96,6,6
35013,97,79,18,18
35014,49,49,0,0
35015,50,49,1,1
35016,86,83,3,3
35017,96,99,-3,3
35018,110,92,18,18
35019,95,84,11,11
35020,89,69,20,20
35021,92,80,12,12
35022,109,97,12,12
35023,75,67,8,8
35024,61,51,10,10
35025,82,83,-1,1
35026,88,83,5,5
35027,139,120,19,19
35028,67,70,-3,3
35029,106,97,9,9
35030,108,97,11,11
35031,80,77,3,3
35032,78,79,-1,1
35033,87,80,7,7
35034,57,49,8,8
35035,63,53,10,10
35036,105,79,26,26
35037,129,100,29,29
35038,65,58,7,7
35039,93,84,9,9
35040,50,45,5,5
35041,30,37,-7,7
35042,81,69,12,12
35043,55,59,-4,4
35044,76,65,11,11
35045,135,112,23,23
35046,55,51,4,4
35047,140,132,8,8
35048,92,76,16,16
35049,124,115,9,9
35050,100,90,10,10
35051,40,35,5,5
35052,50,41,9,9
35053,85,77,8,8
35054,87,86,1,1
35055,136,116,20,20
35056,65,65,0,0
35057,97,68,29,29
35058,80,67,13,13
35059,99,87,12,12
35060,69,64,5,5
35061,97,91,6,6
35062,65,56,9,9
35063,67,60,7,7
35064,108,95,13,13
35065,105,99,6,6
35066,98,79,19,19
35067,73,63,10,10
35068,87,77,10,10
35069,80,62,18,18
35070,115,110,5,5
35071,129,103,26,26
35072,62,56,6,6
35073,141,120,21,21
35074,165,142,23,23
35075,167,150,17,17
35076,128,102,26,26
35077,163,133,30,30
35078,49,55,-6,6
35079,73,75,-2,2
35080,117,143,-26,26
35081,182,153,29,29
35082,91,73,18,18
35083,73,67,6,6
35084,130,122,8,8
35085,92,82,10,10
35086,164,128,36,36
35087,100,103,-3,3
35088,106,100,6,6
35089,155,147,8,8
35090,84,78,6,6
35091,115,110,5,5
35092,74,66,8,8
35093,62,51,11,11
35094,76,70,6,6
35095,82,81,1,1
35096,116,96,20,20
35097,84,73,11,11
35098,61,58,3,3
35099,155,130,25,25
35100,87,134,-47,47
35101,118,110,8,8
35102,126,121,5,5
35103,123,115,8,8
35104,72,69,3,3
35105,106,95,11,11
35106,119,102,17,17
35107,79,70,9,9
35108,70,78,-8,8
35109,129,106,23,23
35110,93,72,21,21
35111,98,77,21,21
35112,164,152,12,12
35113,110,104,6,6
35114,108,98,10,10
35115,79,70,9,9
35116,140,132,8,8
35117,81,83,-2,2
35118,84,74,10,10
35119,64,55,9,9
35120,101,89,12,12
35121,65,62,3,3
35122,71,74,-3,3
35123,66,53,13,13
35124,81,73,8,8
35125,82,84,-2,2
35126,101,96,5,5
35127,95,86,9,9
35128,95,89,6,6
35129,177,154,23,23
35130,148,147,1,1
35131,83,78,5,5
35132,79,66,13,13
35133,87,73,14,14
35134,120,108,12,12
35135,140,148,-8,8
35136,117,102,15,15
35137,88,81,7,7
35138,79,64,15,15
35139,89,96,-7,7
35140,83,69,14,14
35141,79,84,-5,5
35142,118,103,15,15
35143,79,76,3,3
35144,95,78,17,17
35145,62,57,5,5
35146,67,61,6,6
35147,63,60,3,3
35148,99,79,20,20
35149,164,147,17,17
35150,71,54,17,17
35151,49,44,5,5
35152,88,78,10,10
35153,93,72,21,21
35154,90,78,12,12
35155,96,74,22,22
35156,91,81,10,10
35157,41,38,3,3
35158,94,82,12,12
35159,58,55,3,3
35160,87,80,7,7
35161,100,83,17,17
35162,117,105,12,12
35163,106,92,14,14
35164,65,67,-2,2
35165,126,117,9,9
35166,92,86,6,6
35167,78,78,0,0
35168,98,86,12,12
35169,102,108,-6,6
35170,115,90,25,25
35171,93,81,12,12
35172,48,51,-3,3
35173,64,59,5,5
35174,168,164,4,4
35175,95,76,19,19
35176,125,111,14,14
35177,128,125,3,3
35178,137,106,31,31
35179,62,46,16,16
35180,76,71,5,5
35181,66,60,6,6
35182,50,49,1,1
35183,98,84,14,14
35184,101,97,4,4
35185,77,68,9,9
35186,97,88,9,9
35187,116,99,17,17
35188,118,100,18,18
35189,157,147,10,10
35190,48,51,-3,3
35191,86,78,8,8
35192,79,87,-8,8
35193,93,79,14,14
35194,58,54,4,4
35195,65,56,9,9
35196,203,169,34,34
35197,59,52,7,7
35198,103,87,16,16
35199,35,35,0,0
35200,95,91,4,4
35201,89,81,8,8
35202,122,103,19,19
35203,97,85,12,12
35204,84,72,12,12
35205,146,118,28,28
35206,129,105,24,24
35207,76,74,2,2
35208,79,72,7,7
35209,92,81,11,11
35210,82,64,18,18
35211,111,92,19,19
35212,88,75,13,13
35213,155,131,24,24
35214,75,58,17,17
35215,109,95,14,14
35216,64,51,13,13
35217,76,64,12,12
35218,114,105,9,9
35219,84,70,14,14
35220,90,77,13,13
35221,49,48,1,1
35222,103,96,7,7
35223,140,122,18,18
35224,64,59,5,5
35225,171,164,7,7
35226,89,76,13,13
35227,57,55,2,2
35228,99,59,40,40
35229,62,57,5,5
35230,191,171,20,20
35231,108,90,18,18
35232,116,104,12,12
35233,157,135,22,22
35234,98,102,-4,4
35235,167,160,7,7
35236,89,75,14,14
35237,65,62,3,3
35238,103,93,10,10
35239,107,95,12,12
35240,66,57,9,9
35241,137,124,13,13
35242,68,54,14,14
35243,64,52,12,12
35244,137,119,18,18
35245,101,90,11,11
35246,120,103,17,17
35247,99,89,10,10
35248,58,59,-1,1
35249,93,85,8,8
35250,48,59,-11,11
35251,96,94,2,2
35252,68,62,6,6
35253,95,89,6,6
35254,117,97,20,20
35255,61,63,-2,2
35256,122,115,7,7
35257,77,78,-1,1
35258,69,69,0,0
35259,105,88,17,17
35260,126,112,14,14
35261,67,57,10,10
35262,122,109,13,13
35263,96,83,13,13
35264,188,156,32,32
35265,72,51,21,21
35266,122,106,16,16
35267,53,49,4,4
35268,49,52,-3,3
35269,131,108,23,23
35270,118,94,24,24
35271,68,56,12,12
35272,84,81,3,3
35273,80,77,3,3
35274,95,96,-1,1
35275,54,46,8,8
35276,80,78,2,2
35277,55,49,6,6
35278,50,40,10,10
35279,141,125,16,16
35280,118,103,15,15
35281,64,62,2,2
35282,132,111,21,21
35283,81,71,10,10
35284,49,40,9,9
35285,86,77,9,9
35286,107,96,11,11
35287,123,109,14,14
35288,109,91,18,18
35289,121,105,16,16
35290,89,84,5,5
35291,57,56,1,1
35292,123,105,18,18
35293,102,97,5,5
35294,143,121,22,22
35295,57,50,7,7
35296,84,72,12,12
35297,73,63,10,10
35298,124,113,11,11
35299,86,72,14,14
35300,128,111,17,17
35301,146,121,25,25
35302,92,79,13,13
35303,68,68,0,0
35304,88,79,9,9
35305,147,135,12,12
35306,134,125,9,9
35307,91,83,8,8
35308,137,120,17,17
35309,130,120,10,10
35310,103,90,13,13
35311,78,80,-2,2
35312,85,74,11,11
35313,57,49,8,8
35314,159,131,28,28
35315,80,78,2,2
35316,113,112,1,1
35317,152,128,24,24
35318,163,140,23,23
35319,137,103,34,34
35320,116,114,2,2
35321,144,125,19,19
35322,61,62,-1,1
35323,158,132,26,26
35324,120,134,-14,14
35325,64,58,6,6
35326,106,91,15,15
35327,60,63,-3,3
35328,87,85,2,2
35329,72,52,20,20
35330,92,80,12,12
35331,164,144,20,20
35332,121,119,2,2
35333,63,60,3,3
35334,108,100,8,8
35335,70,57,13,13
35336,66,67,-1,1
35337,81,118,-37,37
35338,84,74,10,10
35339,69,69,0,0
35340,161,149,12,12
35341,73,62,11,11
35342,62,54,8,8
35343,66,61,5,5
35344,80,75,5,5
35345,110,115,-5,5
35346,145,132,13,13
35347,32,46,-14,14
35348,62,63,-1,1
35349,191,172,19,19
35350,84,76,8,8
35351,96,79,17,17
35352,87,71,16,16
35353,54,51,3,3
35354,85,75,10,10
35355,118,96,22,22
35356,52,46,6,6
35357,102,75,27,27
35358,66,59,7,7
35359,151,137,14,14
35360,129,128,1,1
35361,61,49,12,12
35362,102,98,4,4
35363,88,82,6,6
35364,61,65,-4,4
35365,77,80,-3,3
35366,79,75,4,4
35367,110,93,17,17
35368,96,83,13,13
35369,74,61,13,13
35370,120,108,12,12
35371,134,114,20,20
35372,66,54,12,12
35373,61,53,8,8
35374,130,109,21,21
35375,60,58,2,2
35376,66,60,6,6
35377,115,102,13,13
35378,99,88,11,11
35379,55,46,9,9
35380,104,86,18,18
35381,104,94,10,10
35382,97,92,5,5
35383,48,41,7,7
35384,51,47,4,4
35385,51,40,11,11
35386,80,71,9,9
35387,57,47,10,10
35388,77,50,27,27
35389,128,110,18,18
35390,141,129,12,12
35391,77,66,11,11
35392,132,116,16,16
35393,110,98,12,12
35394,43,33,10,10
35395,110,104,6,6
35396,85,69,16,16
35397,92,89,3,3
35398,49,45,4,4
35399,69,59,10,10
35400,64,57,7,7
35401,82,67,15,15
35402,59,61,-2,2
35403,69,59,10,10
35404,66,59,7,7
35405,92,79,13,13
35406,101,77,24,24
35407,62,58,4,4
35408,126,103,23,23
35409,119,108,11,11
35410,117,91,26,26
35411,162,144,18,18
35412,100,89,11,11
35413,107,107,0,0
35414,49,53,-4,4
35415,75,69,6,6
35416,85,73,12,12
35417,87,63,24,24
35418,58,53,5,5
35419,86,96,-10,10
35420,54,47,7,7
35421,149,135,14,14
35422,99,79,20,20
35423,118,105,13,13
35424,88,81,7,7
35425,128,134,-6,6
35426,121,111,10,10
35427,62,60,2,2
35428,32,26,6,6
35429,152,129,23,23
35430,58,49,9,9
35431,77,73,4,4
35432,127,100,27,27
35433,109,95,14,14
35434,116,102,14,14
35435,83,73,10,10
35436,70,72,-2,2
35437,101,85,16,16
35438,70,60,10,10
35439,117,96,21,21
35440,93,87,6,6
35441,72,68,4,4
35442,131,122,9,9
35443,64,58,6,6
35444,160,142,18,18
35445,86,69,17,17
35446,84,78,6,6
35447,56,49,7,7
35448,94,78,16,16
35449,149,122,27,27
35450,128,109,19,19
35451,97,96,1,1
35452,178,156,22,22
35453,102,87,15,15
35454,53,47,6,6
35455,124,104,20,20
35456,79,76,3,3
35457,136,137,-1,1
35458,71,69,2,2
35459,54,41,13,13
35460,97,82,15,15
35461,72,72,0,0
35462,169,137,32,32
35463,80,69,11,11
35464,53,55,-2,2
35465,64,54,10,10
35466,52,51,1,1
35467,38,47,-9,9
35468,78,66,12,12
35469,160,75,85,85
35470,113,95,18,18
35471,90,83,7,7
35472,63,57,6,6
35473,79,77,2,2
35474,56,54,2,2
35475,241,214,27,27
35476,68,61,7,7
35477,145,133,12,12
35478,69,54,15,15
35479,107,92,15,15
35480,79,71,8,8
35481,123,111,12,12
35482,97,80,17,17
35483,77,67,10,10
35484,66,130,-64,64
35485,83,72,11,11
35486,82,75,7,7
35487,78,70,8,8
35488,89,73,16,16
35489,76,58,18,18
35490,61,57,4,4
35491,116,100,16,16
35492,128,123,5,5
35493,130,122,8,8
35494,46,50,-4,4
35495,105,94,11,11
35496,150,114,36,36
35497,156,144,12,12
35498,69,61,8,8
35499,89,80,9,9
35500,77,64,13,13
35501,123,114,9,9
35502,97,85,12,12
35503,87,74,13,13
35504,80,69,11,11
35505,79,73,6,6
35506,58,57,1,1
35507,53,49,4,4
35508,105,98,7,7
35509,74,71,3,3
35510,101,95,6,6
35511,56,51,5,5
35512,115,97,18,18
35513,141,141,0,0
35514,116,101,15,15
35515,47,44,3,3
35516,43,42,1,1
35517,80,76,4,4
35518,91,82,9,9
35519,75,79,-4,4
35520,114,94,20,20
35521,79,77,2,2
35522,106,88,18,18
35523,69,55,14,14
35524,87,67,20,20
35525,118,115,3,3
35526,84,78,6,6
35527,90,86,4,4
35528,97,83,14,14
35529,57,51,6,6
35530,132,121,11,11
35531,90,97,-7,7
35532,108,100,8,8
35533,132,106,26,26
35534,76,75,1,1
35535,38,29,9,9
35536,52,45,7,7
35537,68,57,11,11
35538,141,132,9,9
35539,90,84,6,6
35540,72,60,12,12
35541,74,62,12,12
35542,89,78,11,11
35543,72,64,8,8
35544,78,54,24,24
35545,67,58,9,9
35546,94,85,9,9
35547,65,57,8,8
35548,75,64,11,11
35549,76,77,-1,1
35550,78,65,13,13
35551,70,77,-7,7
35552,124,102,22,22
35553,123,107,16,16
35554,185,157,28,28
35555,126,99,27,27
35556,104,90,14,14
35557,79,71,8,8
35558,74,48,26,26
35559,82,72,10,10
35560,47,47,0,0
35561,40,37,3,3
35562,102,92,10,10
35563,68,68,0,0
35564,95,90,5,5
35565,111,95,16,16
35566,74,67,7,7
35567,63,59,4,4
35568,118,105,13,13
35569,181,155,26,26
35570,63,59,4,4
35571,73,64,9,9
35572,76,72,4,4
35573,80,67,13,13
35574,99,93,6,6
35575,83,81,2,2
35576,48,42,6,6
35577,140,116,24,24
35578,101,97,4,4
35579,76,83,-7,7
35580,84,88,-4,4
35581,95,75,20,20
35582,60,51,9,9
35583,78,71,7,7
35584,125,113,12,12
35585,90,84,6,6
35586,99,89,10,10
35587,58,48,10,10
35588,128,119,9,9
35589,67,63,4,4
35590,96,101,-5,5
35591,96,81,15,15
35592,141,124,17,17
35593,77,74,3,3
35594,114,91,23,23
35595,86,74,12,12
35596,175,157,18,18
35597,129,113,16,16
35598,50,48,2,2
35599,70,54,16,16
35600,224,193,31,31
35601,146,129,17,17
35602,81,70,11,11
35603,97,85,12,12
35604,118,116,2,2
35605,77,63,14,14
35606,73,66,7,7
35607,85,75,10,10
35608,102,89,13,13
35609,130,113,17,17
35610,133,125,8,8
35611,129,110,19,19
35612,80,70,10,10
35613,93,85,8,8
35614,91,75,16,16
35615,41,80,-39,39
35616,82,78,4,4
35617,67,60,7,7
35618,85,74,11,11
35619,75,70,5,5
35620,118,105,13,13
35621,118,89,29,29
35622,79,70,9,9
35623,63,55,8,8
35624,170,160,10,10
35625,73,67,6,6
35626,114,82,32,32
35627,154,149,5,5
35628,54,60,-6,6
35629,115,98,17,17
35630,49,111,-62,62
35631,99,92,7,7
35632,80,68,12,12
35633,152,139,13,13
35634,71,65,6,6
35635,118,133,-15,15
35636,106,90,16,16
35637,106,101,5,5
35638,173,141,32,32
35639,89,84,5,5
35640,65,60,5,5
35641,93,77,16,16
35642,109,99,10,10
35643,126,117,9,9
35644,143,149,-6,6
35645,127,119,8,8
35646,114,93,21,21
35647,84,81,3,3
35648,68,69,-1,1
35649,60,56,4,4
35650,111,101,10,10
35651,127,125,2,2
35652,83,71,12,12
35653,98,87,11,11
35654,83,65,18,18
35655,77,71,6,6
35656,51,48,3,3
35657,88,83,5,5
35658,48,56,-8,8
35659,147,132,15,15
35660,66,76,-10,10
35661,100,84,16,16
35662,76,75,1,1
35663,59,57,2,2
35664,116,99,17,17
35665,61,56,5,5
35666,155,135,20,20
35667,99,91,8,8
35668,112,99,13,13
35669,70,53,17,17
35670,79,75,4,4
35671,96,86,10,10
35672,90,85,5,5
35673,104,88,16,16
35674,99,88,11,11
35675,81,77,4,4
35676,134,134,0,0
35677,126,113,13,13
35678,160,111,49,49
35679,75,65,10,10
35680,104,98,6,6
35681,150,123,27,27
35682,120,105,15,15
35683,90,79,11,11
35684,120,99,21,21
35685,142,124,18,18
35686,75,63,12,12
35687,102,85,17,17
35688,162,140,22,22
35689,74,66,8,8
35690,75,66,9,9
35691,99,87,12,12
35692,130,118,12,12
35693,53,41,12,12
35694,127,117,10,10
35695,103,84,19,19
35696,94,84,10,10
35697,76,80,-4,4
35698,83,75,8,8
35699,195,159,36,36
35700,58,62,-4,4
35701,51,57,-6,6
35702,153,135,18,18
35703,190,161,29,29
35704,87,77,10,10
35705,96,89,7,7
35706,100,83,17,17
35707,74,66,8,8
35708,67,58,9,9
35709,124,114,10,10
35710,74,60,14,14
35711,111,88,23,23
35712,93,102,-9,9
35713,107,86,21,21
35714,70,49,21,21
35715,154,136,18,18
35716,125,100,25,25
35717,107,85,22,22
35718,69,77,-8,8
35719,101,96,5,5
35720,95,75,20,20
35721,96,79,17,17
35722,85,73,12,12
35723,70,88,-18,18
35724,68,56,12,12
35725,61,55,6,6
35726,155,143,12,12
35727,58,57,1,1
35728,72,63,9,9
35729,47,42,5,5
35730,98,92,6,6
35731,145,130,15,15
35732,52,50,2,2
35733,120,96,24,24
35734,78,67,11,11
35735,56,47,9,9
35736,89,86,3,3
35737,82,74,8,8
35738,104,95,9,9
35739,128,130,-2,2
35740,159,139,20,20
35741,79,77,2,2
35742,109,94,15,15
35743,120,108,12,12
35744,79,85,-6,6
35745,73,55,18,18
35746,64,54,10,10
35747,97,81,16,16
35748,135,100,35,35
35749,81,80,1,1
35750,91,79,12,12
35751,58,47,11,11
35752,78,66,12,12
35753,77,65,12,12
35754,47,39,8,8
35755,167,146,21,21
35756,65,76,-11,11
35757,152,136,16,16
35758,159,142,17,17
35759,89,100,-11,11
35760,205,178,27,27
35761,108,92,16,16
35762,101,85,16,16
35763,129,116,13,13
35764,123,110,13,13
35765,90,80,10,10
35766,138,115,23,23
35767,105,85,20,20
35768,93,75,18,18
35769,129,108,21,21
35770,110,89,21,21
35771,86,91,-5,5
35772,72,63,9,9
35773,122,107,15,15
35774,37,42,-5,5
35775,173,161,12,12
35776,97,73,24,24
35777,45,37,8,8
35778,97,79,18,18
35779,85,81,4,4
35780,83,77,6,6
35781,105,89,16,16
35782,138,121,17,17
35783,98,82,16,16
35784,128,107,21,21
35785,94,76,18,18
35786,131,103,28,28
35787,67,65,2,2
35788,176,160,16,16
35789,116,99,17,17
35790,116,112,4,4
35791,80,46,34,34
35792,84,71,13,13
35793,69,66,3,3
35794,165,154,11,11
35795,55,58,-3,3
35796,123,110,13,13
35797,117,112,5,5
35798,81,63,18,18
35799,86,76,10,10
35800,185,162,23,23
35801,104,85,19,19
35802,89,83,6,6
35803,85,74,11,11
35804,156,128,28,28
35805,72,61,11,11
35806,95,64,31,31
35807,86,69,17,17
35808,72,59,13,13
35809,168,137,31,31
35810,42,37,5,5
35811,93,85,8,8
35812,103,81,22,22
35813,83,74,9,9
35814,137,119,18,18
35815,117,114,3,3
35816,77,74,3,3
35817,79,82,-3,3
35818,121,107,14,14
35819,110,109,1,1
35820,101,87,14,14
35821,88,88,0,0
35822,91,79,12,12
35823,166,142,24,24
35824,63,53,10,10
35825,92,83,9,9
35826,138,112,26,26
35827,110,106,4,4
35828,151,135,16,16
35829,121,117,4,4
35830,73,63,10,10
35831,77,66,11,11
35832,197,174,23,23
35833,94,64,30,30
35834,67,64,3,3
35835,147,115,32,32
35836,92,102,-10,10
35837,138,126,12,12
35838,71,73,-2,2
35839,93,79,14,14
35840,115,97,18,18
35841,90,80,10,10
35842,137,117,20,20
35843,136,131,5,5
35844,63,58,5,5
35845,68,60,8,8
35846,105,90,15,15
35847,61,52,9,9
35848,75,67,8,8
35849,120,110,10,10
35850,145,135,10,10
35851,106,93,13,13
35852,171,146,25,25
35853,87,84,3,3
35854,112,89,23,23
35855,75,70,5,5
35856,84,78,6,6
35857,55,47,8,8
35858,57,52,5,5
35859,71,59,12,12
35860,150,129,21,21
35861,42,38,4,4
35862,95,85,10,10
35863,100,93,7,7
35864,77,62,15,15
35865,134,133,1,1
35866,100,75,25,25
35867,117,112,5,5
35868,74,100,-26,26
35869,106,88,18,18
35870,121,106,15,15
35871,115,96,19,19
35872,137,121,16,16
35873,80,71,9,9
35874,81,76,5,5
35875,50,51,-1,1
35876,60,62,-2,2
35877,143,118,25,25
35878,80,82,-2,2
35879,72,59,13,13
35880,74,64,10,10
35881,125,109,16,16
35882,111,94,17,17
35883,99,87,12,12
35884,72,65,7,7
35885,84,71,13,13
35886,52,48,4,4
35887,54,49,5,5
35888,63,59,4,4
35889,101,86,15,15
35890,65,53,12,12
35891,74,75,-1,1
35892,141,129,12,12
35893,84,75,9,9
35894,156,128,28,28
35895,105,85,20,20
35896,130,112,18,18
35897,74,67,7,7
35898,97,96,1,1
35899,111,104,7,7
35900,65,59,6,6
35901,124,108,16,16
35902,80,72,8,8
35903,93,78,15,15
35904,122,107,15,15
35905,84,81,3,3
35906,92,85,7,7
35907,52,68,-16,16
35908,86,86,0,0
35909,69,71,-2,2
35910,114,93,21,21
35911,68,59,9,9
35912,123,116,7,7
35913,104,109,-5,5
35914,119,97,22,22
35915,123,94,29,29
35916,99,83,16,16
35917,117,120,-3,3
35918,94,87,7,7
35919,126,113,13,13
35920,148,123,25,25
35921,112,91,21,21
35922,168,156,12,12
35923,81,70,11,11
35924,100,87,13,13
35925,78,70,8,8
35926,109,97,12,12
35927,120,101,19,19
35928,119,115,4,4
35929,83,97,-14,14
35930,138,123,15,15
35931,63,60,3,3
35932,63,45,18,18
35933,88,72,16,16
35934,50,42,8,8
35935,171,150,21,21
35936,111,90,21,21
35937,154,138,16,16
35938,131,104,27,27
35939,110,93,17,17
35940,74,70,4,4
35941,116,110,6,6
35942,112,101,11,11
35943,89,78,11,11
35944,109,103,6,6
35945,68,60,8,8
35946,77,70,7,7
35947,69,62,7,7
35948,54,59,-5,5
35949,74,66,8,8
35950,140,127,13,13
35951,92,71,21,21
35952,47,47,0,0
35953,49,52,-3,3
35954,72,63,9,9
35955,79,75,4,4
35956,45,49,-4,4
35957,53,49,4,4
35958,114,105,9,9
35959,64,62,2,2
35960,63,52,11,11
35961,113,92,21,21
35962,103,87,16,16
35963,109,94,15,15
35964,94,84,10,10
35965,65,59,6,6
35966,94,76,18,18
35967,142,128,14,14
35968,38,38,0,0
35969,91,92,-1,1
35970,86,76,10,10
35971,150,130,20,20
35972,66,58,8,8
35973,68,55,13,13
35974,62,54,8,8
35975,53,45,8,8
35976,53,51,2,2
35977,117,101,16,16
35978,89,83,6,6
35979,96,76,20,20
35980,109,98,11,11
35981,100,83,17,17
35982,132,112,20,20
35983,125,114,11,11
35984,47,35,12,12
35985,76,76,0,0
35986,80,73,7,7
35987,108,117,-9,9
35988,72,68,4,4
35989,79,67,12,12
35990,103,91,12,12
35991,93,83,10,10
35992,90,75,15,15
35993,76,65,11,11
35994,88,78,10,10
35995,70,66,4,4
35996,162,125,37,37
35997,86,74,12,12
35998,62,57,5,5
35999,78,71,7,7
36000,51,42,9,9
36001,131,100,31,31
36002,81,69,12,12
36003,100,92,8,8
36004,107,95,12,12
36005,71,64,7,7
36006,99,82,17,17
36007,128,108,20,20
36008,102,93,9,9
36009,111,106,5,5
36010,114,107,7,7
36011,145,120,25,25
36012,123,97,26,26
36013,64,60,4,4
36014,138,121,17,17
36015,120,115,5,5
36016,96,85,11,11
36017,143,126,17,17
36018,79,70,9,9
36019,139,135,4,4
36020,124,105,19,19
36021,76,75,1,1
36022,67,62,5,5
36023,65,66,-1,1
36024,62,61,1,1
36025,184,169,15,15
36026,102,92,10,10
36027,60,53,7,7
36028,79,79,0,0
36029,63,53,10,10
36030,70,52,18,18
36031,91,89,2,2
36032,68,64,4,4
36033,86,82,4,4
36034,97,98,-1,1
36035,78,80,-2,2
36036,110,81,29,29
36037,94,77,17,17
36038,68,73,-5,5
36039,150,130,20,20
36040,81,72,9,9
36041,58,53,5,5
36042,48,42,6,6
36043,76,63,13,13
36044,102,86,16,16
36045,74,66,8,8
36046,60,57,3,3
36047,75,73,2,2
36048,92,78,14,14
36049,62,56,6,6
36050,91,85,6,6
36051,93,85,8,8
36052,146,134,12,12
36053,94,80,14,14
36054,88,80,8,8
36055,124,111,13,13
36056,92,83,9,9
36057,87,100,-13,13
36058,113,111,2,2
36059,99,84,15,15
36060,90,78,12,12
36061,95,79,16,16
36062,61,54,7,7
36063,139,118,21,21
36064,106,107,-1,1
36065,42,38,4,4
36066,95,86,9,9
36067,121,117,4,4
36068,130,125,5,5
36069,121,113,8,8
36070,74,62,12,12
36071,84,75,9,9
36072,70,63,7,7
36073,73,67,6,6
36074,116,97,19,19
36075,120,109,11,11
36076,151,131,20,20
36077,80,72,8,8
36078,90,79,11,11
36079,68,62,6,6
36080,102,89,13,13
36081,180,159,21,21
36082,44,64,-20,20
36083,170,148,22,22
36084,99,73,26,26
36085,130,110,20,20
36086,78,92,-14,14
36087,107,94,13,13
36088,93,89,4,4
36089,146,129,17,17
36090,97,83,14,14
36091,107,91,16,16
36092,116,100,16,16
36093,81,82,-1,1
36094,84,74,10,10
36095,88,90,-2,2
36096,77,52,25,25
36097,65,58,7,7
36098,158,135,23,23
36099,76,78,-2,2
36100,56,46,10,10
36101,119,110,9,9
36102,82,71,11,11
36103,52,54,-2,2
36104,44,50,-6,6
36105,122,100,22,22
36106,92,85,7,7
36107,87,76,11,11
36108,152,138,14,14
36109,97,86,11,11
36110,127,104,23,23
36111,61,59,2,2
36112,58,58,0,0
36113,94,84,10,10
36114,123,111,12,12
36115,141,113,28,28
36116,61,61,0,0
36117,151,149,2,2
36118,117,104,13,13
36119,88,78,10,10
36120,71,59,12,12
36121,131,120,11,11
36122,98,86,12,12
36123,54,55,-1,1
36124,133,113,20,20
36125,68,59,9,9
36126,49,52,-3,3
36127,106,91,15,15
36128,144,123,21,21
36129,105,95,10,10
36130,59,47,12,12
36131,65,59,6,6
36132,136,114,22,22
36133,58,48,10,10
36134,49,46,3,3
36135,47,42,5,5
36136,87,76,11,11
36137,81,83,-2,2
36138,110,87,23,23
36139,119,106,13,13
36140,114,100,14,14
36141,77,61,16,16
36142,114,102,12,12
36143,112,99,13,13
36144,86,97,-11,11
36145,91,87,4,4
36146,136,111,25,25
36147,52,44,8,8
36148,85,81,4,4
36149,97,83,14,14
36150,151,128,23,23
36151,118,99,19,19
36152,156,127,29,29
36153,61,46,15,15
36154,107,95,12,12
36155,173,161,12,12
36156,86,81,5,5
36157,74,69,5,5
36158,90,78,12,12
36159,61,55,6,6
36160,112,104,8,8
36161,114,95,19,19
36162,86,80,6,6
36163,115,105,10,10
36164,128,117,11,11
36165,62,62,0,0
36166,81,77,4,4
36167,102,92,10,10
36168,104,95,9,9
36169,70,69,1,1
36170,85,73,12,12
36171,59,53,6,6
36172,112,94,18,18
36173,141,134,7,7
36174,103,92,11,11
36175,89,79,10,10
36176,83,71,12,12
36177,54,48,6,6
36178,70,68,2,2
36179,75,69,6,6
36180,124,108,16,16
36181,64,56,8,8
36182,137,114,23,23
36183,112,111,1,1
36184,60,56,4,4
36185,103,97,6,6
36186,76,63,13,13
36187,100,76,24,24
36188,68,66,2,2
36189,72,71,1,1
36190,52,49,3,3
36191,91,81,10,10
36192,57,48,9,9
36193,71,55,16,16
36194,99,90,9,9
36195,117,121,-4,4
36196,179,156,23,23
36197,109,94,15,15
36198,33,60,-27,27
36199,101,92,9,9
36200,105,85,20,20
36201,88,79,9,9
36202,152,148,4,4
36203,88,70,18,18
36204,140,120,20,20
36205,123,94,29,29
36206,129,115,14,14
36207,57,50,7,7
36208,53,47,6,6
36209,65,64,1,1
36210,72,66,6,6
36211,127,129,-2,2
36212,62,60,2,2
36213,47,44,3,3
36214,101,100,1,1
36215,58,40,18,18
36216,90,86,4,4
36217,71,63,8,8
36218,148,124,24,24
36219,131,114,17,17
36220,173,162,11,11
36221,140,116,24,24
36222,88,79,9,9
36223,105,101,4,4
36224,129,107,22,22
36225,105,88,17,17
36226,113,114,-1,1
36227,83,84,-1,1
36228,58,51,7,7
36229,59,51,8,8
36230,110,78,32,32
36231,106,99,7,7
36232,95,87,8,8
36233,101,70,31,31
36234,56,58,-2,2
36235,134,126,8,8
36236,118,104,14,14
36237,114,94,20,20
36238,70,64,6,6
36239,68,61,7,7
36240,66,54,12,12
36241,92,77,15,15
36242,113,103,10,10
36243,108,92,16,16
36244,91,87,4,4
36245,146,138,8,8
36246,114,101,13,13
36247,103,95,8,8
36248,108,129,-21,21
36249,60,53,7,7
36250,62,58,4,4
36251,102,90,12,12
36252,110,104,6,6
36253,194,159,35,35
36254,53,50,3,3
36255,102,88,14,14
36256,175,143,32,32
36257,66,56,10,10
36258,108,96,12,12
36259,112,96,16,16
36260,154,131,23,23
36261,121,114,7,7
36262,66,60,6,6
36263,84,73,11,11
36264,72,63,9,9
36265,97,80,17,17
36266,125,111,14,14
36267,53,46,7,7
36268,56,54,2,2
36269,139,131,8,8
36270,76,72,4,4
36271,98,83,15,15
36272,64,57,7,7
36273,102,88,14,14
36274,63,63,0,0
36275,125,113,12,12
36276,133,103,30,30
36277,61,52,9,9
36278,57,52,5,5
36279,87,75,12,12
36280,65,63,2,2
36281,45,44,1,1
36282,105,98,7,7
36283,123,110,13,13
36284,96,84,12,12
36285,146,136,10,10
36286,65,60,5,5
36287,93,77,16,16
36288,67,61,6,6
36289,112,82,30,30
36290,128,109,19,19
36291,78,73,5,5
36292,73,63,10,10
36293,89,79,10,10
36294,62,51,11,11
36295,127,120,7,7
36296,126,105,21,21
36297,80,74,6,6
36298,84,79,5,5
36299,85,94,-9,9
36300,65,58,7,7
36301,63,47,16,16
36302,42,43,-1,1
36303,84,71,13,13
36304,73,63,10,10
36305,50,39,11,11
36306,107,116,-9,9
36307,108,93,15,15
36308,65,63,2,2
36309,150,115,35,35
36310,101,89,12,12
36311,51,42,9,9
36312,74,59,15,15
36313,79,68,11,11
36314,117,95,22,22
36315,71,78,-7,7
36316,70,68,2,2
36317,75,66,9,9
36318,38,43,-5,5
36319,104,97,7,7
36320,97,84,13,13
36321,117,102,15,15
36322,78,65,13,13
36323,58,59,-1,1
36324,133,121,12,12
36325,51,47,4,4
36326,117,110,7,7
36327,82,70,12,12
36328,155,134,21,21
36329,102,96,6,6
36330,137,122,15,15
36331,85,72,13,13
36332,132,123,9,9
36333,35,35,0,0
36334,72,59,13,13
36335,119,110,9,9
36336,90,78,12,12
36337,69,60,9,9
36338,76,73,3,3
36339,85,78,7,7
36340,114,93,21,21
36341,84,100,-16,16
36342,78,73,5,5
36343,55,50,5,5
36344,102,94,8,8
36345,163,132,31,31
36346,69,66,3,3
36347,126,111,15,15
36348,43,35,8,8
36349,61,48,13,13
36350,54,51,3,3
36351,109,94,15,15
36352,102,107,-5,5
36353,80,71,9,9
36354,206,165,41,41
36355,51,45,6,6
36356,89,63,26,26
36357,72,70,2,2
36358,127,113,14,14
36359,76,72,4,4
36360,107,94,13,13
36361,71,59,12,12
36362,66,57,9,9
36363,76,66,10,10
36364,184,158,26,26
36365,129,117,12,12
36366,55,51,4,4
36367,110,102,8,8
36368,75,71,4,4
36369,61,68,-7,7
36370,136,115,21,21
36371,103,88,15,15
36372,115,110,5,5
36373,55,54,1,1
36374,113,95,18,18
36375,89,72,17,17
36376,121,98,23,23
36377,80,82,-2,2
36378,141,126,15,15
36379,150,153,-3,3
36380,90,76,14,14
36381,73,67,6,6
36382,137,146,-9,9
36383,107,88,19,19
36384,86,75,11,11
36385,112,104,8,8
36386,46,47,-1,1
36387,72,67,5,5
36388,99,93,6,6
36389,63,57,6,6
36390,126,95,31,31
36391,64,55,9,9
36392,90,92,-2,2
36393,59,57,2,2
36394,66,53,13,13
36395,114,87,27,27
36396,102,86,16,16
36397,77,67,10,10
36398,90,64,26,26
36399,68,56,12,12
36400,78,65,13,13
36401,71,65,6,6
36402,49,45,4,4
36403,83,76,7,7
36404,112,112,0,0
36405,102,98,4,4
36406,134,108,26,26
36407,57,51,6,6
36408,71,67,4,4
36409,163,150,13,13
36410,130,107,23,23
36411,123,120,3,3
36412,117,106,11,11
36413,78,68,10,10
36414,39,37,2,2
36415,49,47,2,2
36416,57,47,10,10
36417,51,54,-3,3
36418,123,94,29,29
36419,92,81,11,11
36420,93,91,2,2
36421,77,67,10,10
36422,197,145,52,52
36423,112,103,9,9
36424,63,59,4,4
36425,83,77,6,6
36426,68,78,-10,10
36427,105,87,18,18
36428,62,61,1,1
36429,71,56,15,15
36430,91,80,11,11
36431,85,71,14,14
36432,197,177,20,20
36433,124,103,21,21
36434,119,103,16,16
36435,130,124,6,6
36436,81,68,13,13
36437,92,86,6,6
36438,71,61,10,10
36439,67,55,12,12
36440,99,84,15,15
36441,94,86,8,8
36442,114,107,7,7
36443,167,144,23,23
36444,120,96,24,24
36445,125,93,32,32
36446,70,59,11,11
36447,114,95,19,19
36448,95,83,12,12
36449,46,44,2,2
36450,101,94,7,7
36451,61,55,6,6
36452,90,89,1,1
36453,67,132,-65,65
36454,157,132,25,25
36455,79,70,9,9
36456,105,94,11,11
36457,112,89,23,23
36458,89,82,7,7
36459,105,93,12,12
36460,124,106,18,18
36461,65,55,10,10
36462,73,62,11,11
36463,66,60,6,6
36464,61,57,4,4
36465,125,123,2,2
36466,122,118,4,4
36467,76,65,11,11
36468,90,85,5,5
36469,176,140,36,36
36470,62,59,3,3
36471,139,126,13,13
36472,43,37,6,6
36473,67,66,1,1
36474,50,47,3,3
36475,66,60,6,6
36476,59,55,4,4
36477,81,66,15,15
36478,83,66,17,17
36479,92,81,11,11
36480,76,76,0,0
36481,62,55,7,7
36482,64,81,-17,17
36483,92,90,2,2
36484,123,107,16,16
36485,84,66,18,18
36486,88,78,10,10
36487,58,57,1,1
36488,87,79,8,8
36489,73,65,8,8
36490,44,43,1,1
36491,123,111,12,12
36492,76,62,14,14
36493,82,81,1,1
36494,84,75,9,9
36495,69,63,6,6
36496,80,74,6,6
36497,104,92,12,12
36498,81,73,8,8
36499,79,76,3,3
36500,90,95,-5,5
36501,105,89,16,16
36502,140,123,17,17
36503,85,81,4,4
36504,96,83,13,13
36505,102,89,13,13
36506,81,68,13,13
36507,117,97,20,20
36508,68,57,11,11
36509,79,72,7,7
36510,143,122,21,21
36511,66,55,11,11
36512,52,46,6,6
36513,109,88,21,21
36514,40,44,-4,4
36515,140,118,22,22
36516,115,102,13,13
36517,74,77,-3,3
36518,61,55,6,6
36519,66,60,6,6
36520,92,74,18,18
36521,48,64,-16,16
36522,116,102,14,14
36523,141,120,21,21
36524,113,95,18,18
36525,89,73,16,16
36526,139,116,23,23
36527,134,123,11,11
36528,152,135,17,17
36529,88,81,7,7
36530,93,84,9,9
36531,161,138,23,23
36532,90,83,7,7
36533,68,59,9,9
36534,148,124,24,24
36535,82,73,9,9
36536,96,80,16,16
36537,171,153,18,18
36538,96,96,0,0
36539,66,55,11,11
36540,113,94,19,19
36541,78,71,7,7
36542,82,71,11,11
36543,61,53,8,8
36544,82,71,11,11
36545,99,98,1,1
36546,225,166,59,59
36547,81,68,13,13
36548,62,53,9,9
36549,66,59,7,7
36550,44,64,-20,20
36551,74,81,-7,7
36552,83,69,14,14
36553,109,100,9,9
36554,51,56,-5,5
36555,121,108,13,13
36556,83,64,19,19
36557,81,83,-2,2
36558,53,50,3,3
36559,73,71,2,2
36560,109,88,21,21
36561,151,139,12,12
36562,115,103,12,12
36563,122,101,21,21
36564,116,104,12,12
36565,107,88,19,19
36566,109,89,20,20
36567,72,59,13,13
36568,43,35,8,8
36569,78,65,13,13
36570,127,105,22,22
36571,50,50,0,0
36572,96,77,19,19
36573,53,49,4,4
36574,37,35,2,2
36575,94,79,15,15
36576,56,56,0,0
36577,27,30,-3,3
36578,38,41,-3,3
36579,109,103,6,6
36580,109,97,12,12
36581,70,66,4,4
36582,60,55,5,5
36583,82,84,-2,2
36584,67,58,9,9
36585,67,60,7,7
36586,78,65,13,13
36587,62,64,-2,2
36588,49,51,-2,2
36589,109,88,21,21
36590,88,83,5,5
36591,81,84,-3,3
36592,82,82,0,0
36593,90,79,11,11
36594,79,73,6,6
36595,97,80,17,17
36596,75,71,4,4
36597,104,86,18,18
36598,84,77,7,7
36599,146,129,17,17
36600,62,57,5,5
36601,104,100,4,4
36602,106,98,8,8
36603,92,83,9,9
36604,92,79,13,13
36605,92,84,8,8
36606,71,64,7,7
36607,91,83,8,8
36608,87,75,12,12
36609,79,86,-7,7
36610,86,90,-4,4
36611,128,105,23,23
36612,186,168,18,18
36613,138,116,22,22
36614,89,71,18,18
36615,168,147,21,21
36616,46,45,1,1
36617,93,81,12,12
36618,72,66,6,6
36619,110,94,16,16
36620,99,82,17,17
36621,51,44,7,7
36622,93,87,6,6
36623,99,87,12,12
36624,126,113,13,13
36625,64,61,3,3
36626,209,176,33,33
36627,102,88,14,14
36628,98,90,8,8
36629,79,63,16,16
36630,85,76,9,9
36631,64,58,6,6
36632,83,72,11,11
36633,121,92,29,29
36634,111,94,17,17
36635,72,62,10,10
36636,97,83,14,14
36637,96,80,16,16
36638,64,57,7,7
36639,128,116,12,12
36640,34,29,5,5
36641,124,91,33,33
36642,84,66,18,18
36643,132,116,16,16
36644,55,49,6,6
36645,118,104,14,14
36646,47,41,6,6
36647,74,63,11,11
36648,75,67,8,8
36649,93,84,9,9
36650,171,137,34,34
36651,81,75,6,6
36652,62,60,2,2
36653,81,71,10,10
36654,83,66,17,17
36655,65,56,9,9
36656,61,58,3,3
36657,83,77,6,6
36658,102,90,12,12
36659,78,69,9,9
36660,85,72,13,13
36661,122,105,17,17
36662,60,55,5,5
36663,151,145,6,6
36664,72,69,3,3
36665,93,85,8,8
36666,99,86,13,13
36667,95,91,4,4
36668,105,90,15,15
36669,83,63,20,20
36670,128,124,4,4
36671,76,93,-17,17
36672,114,95,19,19
36673,125,117,8,8
36674,88,77,11,11
36675,117,110,7,7
36676,54,46,8,8
36677,102,92,10,10
36678,60,49,11,11
36679,47,53,-6,6
36680,76,63,13,13
36681,53,50,3,3
36682,83,78,5,5
36683,148,145,3,3
36684,101,89,12,12
36685,126,109,17,17
36686,124,179,-55,55
36687,114,104,10,10
36688,74,73,1,1
36689,83,83,0,0
36690,109,92,17,17
36691,89,88,1,1
36692,76,70,6,6
36693,53,49,4,4
36694,78,70,8,8
36695,60,53,7,7
36696,136,117,19,19
36697,42,51,-9,9
36698,126,107,19,19
36699,99,96,3,3
36700,96,88,8,8
36701,45,40,5,5
36702,77,64,13,13
36703,167,136,31,31
36704,102,118,-16,16
36705,92,85,7,7
36706,61,59,2,2
36707,138,117,21,21
36708,117,116,1,1
36709,127,107,20,20
36710,92,67,25,25
36711,83,75,8,8
36712,69,60,9,9
36713,189,163,26,26
36714,89,67,22,22
36715,154,137,17,17
36716,78,74,4,4
36717,92,82,10,10
36718,151,145,6,6
36719,138,132,6,6
36720,73,60,13,13
36721,152,137,15,15
36722,122,106,16,16
36723,71,60,11,11
36724,118,105,13,13
36725,93,76,17,17
36726,104,90,14,14
36727,85,71,14,14
36728,91,74,17,17
36729,50,42,8,8
36730,102,82,20,20
36731,120,110,10,10
36732,111,93,18,18
36733,71,68,3,3
36734,57,46,11,11
36735,161,118,43,43
36736,53,42,11,11
36737,122,124,-2,2
36738,125,113,12,12
36739,83,71,12,12
36740,74,73,1,1
36741,78,68,10,10
36742,51,42,9,9
36743,167,127,40,40
36744,78,68,10,10
36745,207,174,33,33
36746,120,106,14,14
36747,142,132,10,10
36748,71,71,0,0
36749,144,111,33,33
36750,55,47,8,8
36751,75,58,17,17
36752,113,108,5,5
36753,100,104,-4,4
36754,56,51,5,5
36755,137,112,25,25
36756,92,83,9,9
36757,142,120,22,22
36758,114,100,14,14
36759,47,46,1,1
36760,61,50,11,11
36761,130,109,21,21
36762,68,64,4,4
36763,72,74,-2,2
36764,39,36,3,3
36765,116,111,5,5
36766,135,115,20,20
36767,121,104,17,17
36768,126,109,17,17
36769,115,117,-2,2
36770,92,77,15,15
36771,137,114,23,23
36772,67,60,7,7
36773,58,44,14,14
36774,74,68,6,6
36775,66,53,13,13
36776,70,55,15,15
36777,89,94,-5,5
36778,85,84,1,1
36779,77,69,8,8
36780,54,53,1,1
36781,103,95,8,8
36782,45,45,0,0
36783,35,41,-6,6
36784,84,99,-15,15
36785,61,66,-5,5
36786,114,95,19,19
36787,47,45,2,2
36788,86,74,12,12
36789,92,88,4,4
36790,61,62,-1,1
36791,96,86,10,10
36792,48,48,0,0
36793,115,114,1,1
36794,209,176,33,33
36795,89,79,10,10
36796,63,49,14,14
36797,68,64,4,4
36798,88,89,-1,1
36799,63,71,-8,8
36800,121,119,2,2
36801,146,150,-4,4
36802,64,52,12,12
36803,75,67,8,8
36804,118,116,2,2
36805,121,111,10,10
36806,87,73,14,14
36807,80,73,7,7
36808,80,75,5,5
36809,107,88,19,19
36810,137,117,20,20
36811,96,77,19,19
36812,74,66,8,8
36813,90,71,19,19
36814,70,58,12,12
36815,45,47,-2,2
36816,63,50,13,13
36817,122,105,17,17
36818,80,70,10,10
36819,91,82,9,9
36820,241,194,47,47
36821,49,43,6,6
36822,115,112,3,3
36823,136,89,47,47
36824,87,67,20,20
36825,90,96,-6,6
36826,86,66,20,20
36827,126,111,15,15
36828,63,72,-9,9
36829,68,58,10,10
36830,83,66,17,17
36831,101,87,14,14
36832,82,99,-17,17
36833,105,103,2,2
36834,141,134,7,7
36835,67,63,4,4
36836,29,30,-1,1
36837,96,89,7,7
36838,69,59,10,10
36839,62,61,1,1
36840,68,65,3,3
36841,96,76,20,20
36842,122,115,7,7
36843,109,106,3,3
36844,83,70,13,13
36845,127,107,20,20
36846,115,118,-3,3
36847,95,84,11,11
36848,64,53,11,11
36849,80,72,8,8
36850,285,253,32,32
36851,88,77,11,11
36852,154,107,47,47
36853,163,142,21,21
36854,68,102,-34,34
36855,72,69,3,3
36856,184,170,14,14
36857,87,74,13,13
36858,58,53,5,5
36859,110,106,4,4
36860,62,61,1,1
36861,53,40,13,13
36862,158,147,11,11
36863,87,92,-5,5
36864,70,68,2,2
36865,72,65,7,7
36866,141,112,29,29
36867,94,82,12,12
36868,48,53,-5,5
36869,56,47,9,9
36870,169,143,26,26
36871,81,95,-14,14
36872,71,65,6,6
36873,97,77,20,20
36874,73,72,1,1
36875,90,83,7,7
36876,122,104,18,18
36877,68,49,19,19
36878,128,105,23,23
36879,68,61,7,7
36880,128,119,9,9
36881,80,75,5,5
36882,76,63,13,13
36883,131,126,5,5
36884,96,90,6,6
36885,118,114,4,4
36886,112,92,20,20
36887,174,154,20,20
36888,44,37,7,7
36889,92,87,5,5
36890,66,59,7,7
36891,90,83,7,7
36892,144,127,17,17
36893,110,92,18,18
36894,164,130,34,34
36895,85,69,16,16
36896,87,89,-2,2
36897,126,130,-4,4
36898,70,60,10,10
36899,111,97,14,14
36900,56,50,6,6
36901,50,51,-1,1
36902,93,86,7,7
36903,66,61,5,5
36904,77,65,12,12
36905,59,51,8,8
36906,95,89,6,6
36907,79,70,9,9
36908,84,73,11,11
36909,81,73,8,8
36910,118,97,21,21
36911,62,51,11,11
36912,113,102,11,11
36913,89,70,19,19
36914,109,90,19,19
36915,157,135,22,22
36916,144,145,-1,1
36917,113,94,19,19
36918,136,110,26,26
36919,55,42,13,13
36920,100,118,-18,18
36921,127,104,23,23
36922,137,124,13,13
36923,77,67,10,10
36924,75,69,6,6
36925,96,91,5,5
36926,183,158,25,25
36927,100,88,12,12
36928,66,51,15,15
36929,87,80,7,7
36930,76,69,7,7
36931,79,89,-10,10
36932,84,75,9,9
36933,101,85,16,16
36934,110,103,7,7
36935,97,86,11,11
36936,55,51,4,4
36937,94,75,19,19
36938,65,61,4,4
36939,78,69,9,9
36940,69,64,5,5
36941,171,152,19,19
36942,78,71,7,7
36943,58,53,5,5
36944,79,70,9,9
36945,90,71,19,19
36946,43,40,3,3
36947,80,85,-5,5
36948,121,115,6,6
36949,186,158,28,28
36950,87,79,8,8
36951,25,27,-2,2
36952,77,74,3,3
36953,111,98,13,13
36954,60,52,8,8
36955,70,68,2,2
36956,145,119,26,26
36957,83,69,14,14
36958,87,67,20,20
36959,79,68,11,11
36960,110,99,11,11
36961,70,59,11,11
36962,157,139,18,18
36963,95,83,12,12
36964,62,59,3,3
36965,83,79,4,4
36966,64,58,6,6
36967,240,204,36,36
36968,77,73,4,4
36969,171,141,30,30
36970,111,100,11,11
36971,98,82,16,16
36972,60,54,6,6
36973,94,88,6,6
36974,117,101,16,16
36975,113,106,7,7
36976,149,149,0,0
36977,84,77,7,7
36978,50,48,2,2
36979,109,108,1,1
36980,77,81,-4,4
36981,125,110,15,15
36982,74,75,-1,1
36983,80,75,5,5
36984,70,64,6,6
36985,79,69,10,10
36986,125,97,28,28
36987,102,79,23,23
36988,72,62,10,10
36989,99,90,9,9
36990,73,76,-3,3
36991,104,92,12,12
36992,99,87,12,12
36993,97,80,17,17
36994,135,122,13,13
36995,80,77,3,3
36996,146,132,14,14
36997,59,59,0,0
36998,95,89,6,6
36999,159,132,27,27
37000,73,60,13,13
37001,94,81,13,13
37002,159,120,39,39
37003,178,143,35,35
37004,58,51,7,7
37005,88,74,14,14
37006,88,82,6,6
37007,81,78,3,3
37008,79,67,12,12
37009,54,50,4,4
37010,88,74,14,14
37011,75,63,12,12
37012,101,80,21,21
37013,89,74,15,15
37014,51,50,1,1
37015,121,108,13,13
37016,110,100,10,10
37017,99,81,18,18
37018,63,57,6,6
37019,113,104,9,9
37020,137,128,9,9
37021,114,113,1,1
37022,87,77,10,10
37023,176,137,39,39
37024,136,122,14,14
37025,104,92,12,12
37026,131,143,-12,12
37027,100,102,-2,2
37028,110,106,4,4
37029,54,43,11,11
37030,99,89,10,10
37031,55,53,2,2
37032,141,117,24,24
37033,142,125,17,17
37034,125,101,24,24
37035,114,112,2,2
37036,121,110,11,11
37037,138,116,22,22
37038,66,65,1,1
37039,108,94,14,14
37040,137,120,17,17
37041,57,47,10,10
37042,97,88,9,9
37043,114,92,22,22
37044,124,132,-8,8
37045,66,62,4,4
37046,51,48,3,3
37047,162,135,27,27
37048,161,141,20,20
37049,116,100,16,16
37050,111,101,10,10
37051,143,130,13,13
37052,41,42,-1,1
37053,97,79,18,18
37054,49,47,2,2
37055,156,134,22,22
37056,48,45,3,3
37057,82,70,12,12
37058,58,52,6,6
37059,81,68,13,13
37060,81,68,13,13
37061,68,62,6,6
37062,120,113,7,7
37063,28,30,-2,2
37064,84,89,-5,5
37065,96,89,7,7
37066,79,71,8,8
37067,446,357,89,89
37068,132,121,11,11
37069,131,114,17,17
37070,60,64,-4,4
37071,78,63,15,15
37072,113,104,9,9
37073,67,58,9,9
37074,83,72,11,11
37075,77,56,21,21
37076,82,73,9,9
37077,60,55,5,5
37078,112,99,13,13
37079,124,105,19,19
37080,150,125,25,25
37081,87,76,11,11
37082,129,109,20,20
37083,151,133,18,18
37084,36,35,1,1
37085,100,89,11,11
37086,57,88,-31,31
37087,108,102,6,6
37088,78,77,1,1
37089,72,54,18,18
37090,69,73,-4,4
37091,108,100,8,8
37092,87,73,14,14
37093,51,55,-4,4
37094,48,45,3,3
37095,98,100,-2,2
37096,31,43,-12,12
37097,140,109,31,31
37098,74,57,17,17
37099,95,90,5,5
37100,87,75,12,12
37101,120,110,10,10
37102,83,69,14,14
37103,81,86,-5,5
37104,75,70,5,5
37105,87,80,7,7
37106,145,133,12,12
37107,98,81,17,17
37108,52,39,13,13
37109,83,72,11,11
37110,55,67,-12,12
37111,110,106,4,4
37112,125,120,5,5
37113,87,71,16,16
37114,101,90,11,11
37115,81,65,16,16
37116,143,123,20,20
37117,218,184,34,34
37118,79,64,15,15
37119,97,79,18,18
37120,58,49,9,9
37121,116,111,5,5
37122,76,60,16,16
37123,94,82,12,12
37124,79,79,0,0
37125,60,52,8,8
37126,103,98,5,5
37127,51,43,8,8
37128,113,95,18,18
37129,83,90,-7,7
37130,121,108,13,13
37131,87,64,23,23
37132,152,134,18,18
37133,97,79,18,18
37134,169,151,18,18
37135,73,79,-6,6
37136,141,134,7,7
37137,88,70,18,18
37138,75,148,-73,73
37139,78,68,10,10
37140,114,97,17,17
37141,95,71,24,24
37142,100,94,6,6
37143,94,86,8,8
37144,62,54,8,8
37145,75,80,-5,5
37146,91,83,8,8
37147,155,126,29,29
37148,82,67,15,15
37149,120,109,11,11
37150,154,127,27,27
37151,45,39,6,6
37152,69,61,8,8
37153,70,66,4,4
37154,129,116,13,13
37155,83,73,10,10
37156,102,81,21,21
37157,34,37,-3,3
37158,84,68,16,16
37159,93,80,13,13
37160,173,144,29,29
37161,81,76,5,5
37162,112,112,0,0
37163,141,125,16,16
37164,117,101,16,16
37165,87,85,2,2
37166,89,94,-5,5
37167,138,133,5,5
37168,77,74,3,3
37169,71,67,4,4
37170,108,101,7,7
37171,84,72,12,12
37172,90,92,-2,2
37173,156,134,22,22
37174,90,87,3,3
37175,91,83,8,8
37176,64,55,9,9
37177,66,63,3,3
37178,59,48,11,11
37179,124,101,23,23
37180,49,40,9,9
37181,108,100,8,8
37182,83,75,8,8
37183,115,90,25,25
37184,59,59,0,0
37185,51,61,-10,10
37186,90,81,9,9
37187,77,83,-6,6
37188,59,45,14,14
37189,100,89,11,11
37190,138,117,21,21
37191,237,206,31,31
37192,71,65,6,6
37193,51,45,6,6
37194,160,152,8,8
37195,162,121,41,41
37196,121,106,15,15
37197,122,104,18,18
37198,64,52,12,12
37199,78,62,16,16
37200,107,122,-15,15
37201,102,97,5,5
37202,74,71,3,3
37203,90,90,0,0
37204,65,49,16,16
37205,85,82,3,3
37206,88,83,5,5
37207,95,88,7,7
37208,92,82,10,10
37209,148,118,30,30
37210,89,77,12,12
37211,63,59,4,4
37212,98,77,21,21
37213,74,66,8,8
37214,69,63,6,6
37215,58,55,3,3
37216,148,122,26,26
37217,75,69,6,6
37218,128,116,12,12
37219,63,68,-5,5
37220,113,85,28,28
37221,88,84,4,4
37222,68,49,19,19
37223,98,83,15,15
37224,79,76,3,3
37225,69,66,3,3
37226,284,235,49,49
37227,76,68,8,8
37228,98,90,8,8
37229,73,69,4,4
37230,135,123,12,12
37231,71,60,11,11
37232,85,71,14,14
37233,58,57,1,1
37234,110,98,12,12
37235,63,55,8,8
37236,91,83,8,8
37237,72,72,0,0
37238,111,127,-16,16
37239,75,60,15,15
37240,127,113,14,14
37241,157,130,27,27
37242,136,122,14,14
37243,66,57,9,9
37244,53,48,5,5
37245,76,71,5,5
37246,76,65,11,11
37247,123,120,3,3
37248,90,79,11,11
37249,62,60,2,2
37250,93,101,-8,8
37251,150,126,24,24
37252,114,102,12,12
37253,99,75,24,24
37254,85,75,10,10
37255,68,59,9,9
37256,54,51,3,3
37257,64,56,8,8
37258,126,120,6,6
37259,52,47,5,5
37260,119,104,15,15
37261,112,99,13,13
37262,257,209,48,48
37263,75,69,6,6
37264,58,49,9,9
37265,87,74,13,13
37266,50,44,6,6
37267,79,77,2,2
37268,142,120,22,22
37269,122,115,7,7
37270,69,67,2,2
37271,82,70,12,12
37272,83,80,3,3
37273,87,73,14,14
37274,132,119,13,13
37275,110,112,-2,2
37276,98,75,23,23
37277,93,81,12,12
37278,112,109,3,3
37279,101,81,20,20
37280,97,89,8,8
37281,111,107,4,4
37282,53,46,7,7
37283,78,77,1,1
37284,104,90,14,14
37285,86,71,15,15
37286,109,96,13,13
37287,136,120,16,16
37288,113,114,-1,1
37289,53,50,3,3
37290,85,69,16,16
37291,142,121,21,21
37292,141,124,17,17
37293,87,77,10,10
37294,79,72,7,7
37295,171,146,25,25
37296,104,99,5,5
37297,91,112,-21,21
37298,70,60,10,10
37299,93,87,6,6
37300,115,104,11,11
37301,49,44,5,5
37302,115,92,23,23
37303,85,75,10,10
37304,96,88,8,8
37305,112,99,13,13
37306,133,122,11,11
37307,114,100,14,14
37308,78,91,-13,13
37309,158,135,23,23
37310,73,60,13,13
37311,44,40,4,4
37312,160,148,12,12
37313,114,108,6,6
37314,163,107,56,56
37315,113,99,14,14
37316,92,90,2,2
37317,35,41,-6,6
37318,135,117,18,18
37319,113,102,11,11
37320,105,83,22,22
37321,79,64,15,15
37322,130,109,21,21
37323,129,117,12,12
37324,81,76,5,5
37325,71,73,-2,2
37326,233,183,50,50
37327,79,76,3,3
37328,88,75,13,13
37329,121,112,9,9
37330,132,110,22,22
37331,179,156,23,23
37332,199,163,36,36
37333,133,114,19,19
37334,127,110,17,17
37335,71,68,3,3
37336,59,57,2,2
37337,92,86,6,6
37338,98,85,13,13
37339,93,76,17,17
37340,103,69,34,34
37341,114,113,1,1
37342,80,76,4,4
37343,84,76,8,8
37344,95,78,17,17
37345,141,125,16,16
37346,184,159,25,25
37347,138,106,32,32
37348,59,51,8,8
37349,172,151,21,21
37350,146,125,21,21
37351,72,68,4,4
37352,139,131,8,8
37353,108,97,11,11
37354,91,90,1,1
37355,38,38,0,0
37356,44,44,0,0
37357,86,75,11,11
37358,68,67,1,1
37359,68,52,16,16
37360,100,93,7,7
37361,135,112,23,23
37362,30,40,-10,10
37363,149,126,23,23
37364,93,86,7,7
37365,132,124,8,8
37366,61,55,6,6
37367,104,96,8,8
37368,119,106,13,13
37369,61,59,2,2
37370,79,69,10,10
37371,48,51,-3,3
37372,80,52,28,28
37373,145,156,-11,11
37374,65,64,1,1
37375,68,61,7,7
37376,68,60,8,8
37377,78,74,4,4
37378,65,56,9,9
37379,98,85,13,13
37380,102,98,4,4
37381,115,91,24,24
37382,71,64,7,7
37383,63,62,1,1
37384,64,66,-2,2
37385,97,83,14,14
37386,102,80,22,22
37387,101,93,8,8
37388,34,30,4,4
37389,70,64,6,6
37390,53,54,-1,1
37391,92,80,12,12
37392,83,77,6,6
37393,101,97,4,4
37394,76,67,9,9
37395,76,72,4,4
37396,111,94,17,17
37397,49,58,-9,9
37398,55,56,-1,1
37399,115,98,17,17
37400,126,113,13,13
37401,121,98,23,23
37402,145,123,22,22
37403,60,67,-7,7
37404,73,56,17,17
37405,63,62,1,1
37406,71,65,6,6
37407,81,77,4,4
37408,98,86,12,12
37409,138,128,10,10
37410,69,67,2,2
37411,172,158,14,14
37412,57,60,-3,3
37413,119,102,17,17
37414,65,61,4,4
37415,54,51,3,3
37416,86,83,3,3
37417,116,105,11,11
37418,145,118,27,27
37419,102,95,7,7
37420,108,95,13,13
37421,63,56,7,7
37422,125,109,16,16
37423,90,81,9,9
37424,139,128,11,11
37425,94,82,12,12
37426,86,78,8,8
37427,44,49,-5,5
37428,89,88,1,1
37429,82,72,10,10
37430,114,93,21,21
37431,60,54,6,6
37432,103,92,11,11
37433,58,54,4,4
37434,108,106,2,2
37435,140,136,4,4
37436,160,142,18,18
37437,54,49,5,5
37438,106,86,20,20
37439,140,130,10,10
37440,101,91,10,10
37441,120,105,15,15
37442,118,105,13,13
37443,116,102,14,14
37444,108,95,13,13
37445,205,191,14,14
37446,192,160,32,32
37447,97,88,9,9
37448,59,51,8,8
37449,60,54,6,6
37450,51,42,9,9
37451,48,42,6,6
37452,118,104,14,14
37453,209,175,34,34
37454,64,56,8,8
37455,76,74,2,2
37456,130,113,17,17
37457,83,68,15,15
37458,69,72,-3,3
37459,66,51,15,15
37460,81,81,0,0
37461,116,123,-7,7
37462,91,87,4,4
37463,178,164,14,14
37464,148,152,-4,4
37465,160,149,11,11
37466,116,121,-5,5
37467,87,84,3,3
37468,93,87,6,6
37469,71,67,4,4
37470,121,106,15,15
37471,85,63,22,22
37472,75,70,5,5
37473,101,90,11,11
37474,72,67,5,5
37475,60,50,10,10
37476,102,87,15,15
37477,111,95,16,16
37478,81,79,2,2
37479,75,78,-3,3
37480,107,100,7,7
37481,75,72,3,3
37482,67,68,-1,1
37483,126,116,10,10
37484,106,99,7,7
37485,126,116,10,10
37486,104,97,7,7
37487,65,64,1,1
37488,92,84,8,8
37489,78,65,13,13
37490,127,108,19,19
37491,88,78,10,10
37492,35,49,-14,14
37493,87,81,6,6
37494,53,58,-5,5
37495,108,99,9,9
37496,89,80,9,9
37497,79,71,8,8
37498,79,76,3,3
37499,138,111,27,27
37500,92,75,17,17
37501,84,76,8,8
37502,65,56,9,9
37503,74,68,6,6
37504,147,132,15,15
37505,96,88,8,8
37506,124,111,13,13
37507,84,81,3,3
37508,118,104,14,14
37509,80,69,11,11
37510,89,87,2,2
37511,154,147,7,7
37512,96,94,2,2
37513,73,73,0,0
37514,218,175,43,43
37515,108,97,11,11
37516,156,136,20,20
37517,56,52,4,4
37518,105,89,16,16
37519,103,116,-13,13
37520,98,93,5,5
37521,161,147,14,14
37522,150,115,35,35
37523,50,50,0,0
37524,99,85,14,14
37525,62,57,5,5
37526,102,91,11,11
37527,86,74,12,12
37528,81,69,12,12
37529,51,53,-2,2
37530,100,83,17,17
37531,74,62,12,12
37532,65,52,13,13
37533,95,88,7,7
37534,99,88,11,11
37535,84,82,2,2
37536,114,84,30,30
37537,99,81,18,18
37538,58,41,17,17
37539,49,40,9,9
37540,119,99,20,20
37541,83,77,6,6
37542,96,92,4,4
37543,70,63,7,7
37544,108,99,9,9
37545,128,101,27,27
37546,75,62,13,13
37547,72,64,8,8
37548,88,72,16,16
37549,71,61,10,10
37550,103,87,16,16
37551,109,94,15,15
37552,77,71,6,6
37553,74,64,10,10
37554,105,89,16,16
37555,56,47,9,9
37556,95,82,13,13
37557,152,128,24,24
37558,62,54,8,8
37559,128,110,18,18
37560,108,89,19,19
37561,58,55,3,3
37562,144,117,27,27
37563,109,89,20,20
37564,66,56,10,10
37565,114,102,12,12
37566,150,122,28,28
37567,98,82,16,16
37568,151,131,20,20
37569,73,64,9,9
37570,84,73,11,11
37571,126,112,14,14
37572,50,48,2,2
37573,101,104,-3,3
37574,56,54,2,2
37575,95,89,6,6
37576,65,56,9,9
37577,141,108,33,33
37578,94,74,20,20
37579,67,62,5,5
37580,55,52,3,3
37581,65,58,7,7
37582,52,60,-8,8
37583,95,81,14,14
37584,158,140,18,18
37585,106,29,77,77
37586,101,88,13,13
37587,96,81,15,15
37588,132,125,7,7
37589,91,78,13,13
37590,80,73,7,7
37591,209,177,32,32
37592,71,73,-2,2
37593,94,89,5,5
37594,93,74,19,19
37595,103,96,7,7
37596,69,67,2,2
37597,190,168,22,22
37598,92,81,11,11
37599,105,88,17,17
37600,69,65,4,4
37601,54,59,-5,5
37602,59,48,11,11
37603,82,77,5,5
37604,84,73,11,11
37605,30,44,-14,14
37606,150,126,24,24
37607,65,54,11,11
37608,88,72,16,16
37609,80,71,9,9
37610,174,154,20,20
37611,134,143,-9,9
37612,82,73,9,9
37613,77,62,15,15
37614,65,62,3,3
37615,49,44,5,5
37616,95,90,5,5
37617,67,63,4,4
37618,69,60,9,9
37619,125,122,3,3
37620,124,119,5,5
37621,81,75,6,6
37622,93,81,12,12
37623,148,113,35,35
37624,158,132,26,26
37625,107,96,11,11
37626,138,115,23,23
37627,106,98,8,8
37628,102,97,5,5
37629,151,135,16,16
37630,103,98,5,5
37631,77,63,14,14
37632,139,122,17,17
37633,122,110,12,12
37634,86,69,17,17
37635,85,75,10,10
37636,76,63,13,13
37637,115,96,19,19
37638,137,115,22,22
37639,113,91,22,22
37640,155,127,28,28
37641,66,68,-2,2
37642,75,61,14,14
37643,120,109,11,11
37644,116,91,25,25
37645,152,139,13,13
37646,56,56,0,0
37647,205,173,32,32
37648,96,88,8,8
37649,101,81,20,20
37650,100,89,11,11
37651,94,81,13,13
37652,130,111,19,19
37653,61,69,-8,8
37654,123,107,16,16
37655,111,109,2,2
37656,136,130,6,6
37657,166,138,28,28
37658,85,80,5,5
37659,99,88,11,11
37660,58,55,3,3
37661,98,82,16,16
37662,88,70,18,18
37663,164,135,29,29
37664,67,62,5,5
37665,112,86,26,26
37666,105,91,14,14
37667,151,125,26,26
37668,80,63,17,17
37669,121,116,5,5
37670,179,135,44,44
37671,151,132,19,19
37672,116,107,9,9
37673,93,80,13,13
37674,96,84,12,12
37675,112,114,-2,2
37676,45,43,2,2
37677,100,84,16,16
37678,71,73,-2,2
37679,72,60,12,12
37680,124,106,18,18
37681,54,49,5,5
37682,135,117,18,18
37683,125,109,16,16
37684,125,95,30,30
37685,104,106,-2,2
37686,76,66,10,10
37687,106,122,-16,16
37688,76,66,10,10
37689,87,78,9,9
37690,146,129,17,17
37691,91,77,14,14
37692,72,78,-6,6
37693,149,135,14,14
37694,82,72,10,10
37695,157,123,34,34
37696,138,115,23,23
37697,122,111,11,11
37698,105,95,10,10
37699,88,74,14,14
37700,157,159,-2,2
37701,108,86,22,22
37702,94,80,14,14
37703,102,98,4,4
37704,51,55,-4,4
37705,84,80,4,4
37706,67,69,-2,2
37707,128,108,20,20
37708,130,116,14,14
37709,165,140,25,25
37710,100,102,-2,2
37711,121,121,0,0
37712,74,67,7,7
37713,58,49,9,9
37714,88,90,-2,2
37715,105,100,5,5
37716,116,104,12,12
37717,103,88,15,15
37718,101,93,8,8
37719,108,105,3,3
37720,75,80,-5,5
37721,106,100,6,6
37722,69,66,3,3
37723,87,84,3,3
37724,68,67,1,1
37725,51,47,4,4
37726,61,60,1,1
37727,110,99,11,11
37728,104,91,13,13
37729,70,60,10,10
37730,47,45,2,2
37731,69,73,-4,4
37732,48,51,-3,3
37733,92,79,13,13
37734,116,103,13,13
37735,94,86,8,8
37736,79,69,10,10
37737,116,121,-5,5
37738,133,127,6,6
37739,70,66,4,4
37740,153,134,19,19
37741,41,80,-39,39
37742,73,65,8,8
37743,109,102,7,7
37744,145,118,27,27
37745,106,97,9,9
37746,89,70,19,19
37747,69,70,-1,1
37748,73,62,11,11
37749,61,57,4,4
37750,127,110,17,17
37751,104,96,8,8
37752,103,94,9,9
37753,107,89,18,18
37754,116,103,13,13
37755,66,59,7,7
37756,130,117,13,13
37757,102,84,18,18
37758,102,91,11,11
37759,72,72,0,0
37760,98,82,16,16
37761,55,46,9,9
37762,90,87,3,3
37763,116,102,14,14
37764,64,64,0,0
37765,113,96,17,17
37766,75,74,1,1
37767,75,78,-3,3
37768,119,109,10,10
37769,81,68,13,13
37770,74,65,9,9
37771,156,138,18,18
37772,93,83,10,10
37773,84,73,11,11
37774,118,130,-12,12
37775,70,66,4,4
37776,197,177,20,20
37777,57,51,6,6
37778,41,45,-4,4
37779,110,109,1,1
37780,94,81,13,13
37781,121,97,24,24
37782,77,73,4,4
37783,104,74,30,30
37784,98,84,14,14
37785,101,87,14,14
37786,65,64,1,1
37787,140,118,22,22
37788,113,96,17,17
37789,103,79,24,24
37790,84,70,14,14
37791,75,61,14,14
37792,136,111,25,25
37793,123,111,12,12
37794,117,113,4,4
37795,107,88,19,19
37796,64,55,9,9
37797,61,59,2,2
37798,216,167,49,49
37799,94,88,6,6
37800,96,85,11,11
37801,83,92,-9,9
37802,42,48,-6,6
37803,93,93,0,0
37804,61,57,4,4
37805,101,66,35,35
37806,118,106,12,12
37807,100,86,14,14
37808,107,107,0,0
37809,98,93,5,5
37810,64,53,11,11
37811,215,194,21,21
37812,127,110,17,17
37813,91,76,15,15
37814,113,119,-6,6
37815,82,76,6,6
37816,120,113,7,7
37817,72,62,10,10
37818,77,83,-6,6
37819,79,79,0,0
37820,67,66,1,1
37821,89,81,8,8
37822,54,49,5,5
37823,97,91,6,6
37824,82,71,11,11
37825,91,89,2,2
37826,83,70,13,13
37827,54,61,-7,7
37828,116,107,9,9
37829,80,78,2,2
37830,75,66,9,9
37831,187,171,16,16
37832,78,79,-1,1
37833,95,90,5,5
37834,87,76,11,11
37835,74,67,7,7
37836,67,56,11,11
37837,66,53,13,13
37838,78,68,10,10
37839,107,93,14,14
37840,59,47,12,12
37841,92,89,3,3
37842,41,46,-5,5
37843,130,109,21,21
37844,100,96,4,4
37845,88,75,13,13
37846,67,52,15,15
37847,100,82,18,18
37848,99,94,5,5
37849,69,62,7,7
37850,115,106,9,9
37851,116,99,17,17
37852,49,43,6,6
37853,91,85,6,6
37854,67,66,1,1
37855,105,92,13,13
37856,137,123,14,14
37857,72,75,-3,3
37858,61,53,8,8
37859,86,78,8,8
37860,91,89,2,2
37861,85,74,11,11
37862,83,61,22,22
37863,68,54,14,14
37864,103,85,18,18
37865,106,85,21,21
37866,139,103,36,36
37867,115,107,8,8
37868,48,46,2,2
37869,159,144,15,15
37870,61,52,9,9
37871,113,108,5,5
37872,101,89,12,12
37873,77,67,10,10
37874,134,122,12,12
37875,67,55,12,12
37876,106,94,12,12
37877,57,51,6,6
37878,95,91,4,4
37879,93,89,4,4
37880,95,73,22,22
37881,179,160,19,19
37882,153,157,-4,4
37883,62,59,3,3
37884,69,58,11,11
37885,165,154,11,11
37886,180,174,6,6
37887,87,77,10,10
37888,110,102,8,8
37889,116,112,4,4
37890,159,152,7,7
37891,99,93,6,6
37892,114,101,13,13
37893,102,86,16,16
37894,154,141,13,13
37895,91,82,9,9
37896,124,99,25,25
37897,91,79,12,12
37898,41,38,3,3
37899,45,40,5,5
37900,71,80,-9,9
37901,76,68,8,8
37902,99,98,1,1
37903,111,93,18,18
37904,97,79,18,18
37905,124,103,21,21
37906,96,99,-3,3
37907,79,76,3,3
37908,122,117,5,5
37909,115,90,25,25
37910,89,75,14,14
37911,73,64,9,9
37912,111,100,11,11
37913,89,94,-5,5
37914,138,118,20,20
37915,100,100,0,0
37916,78,76,2,2
37917,83,76,7,7
37918,86,85,1,1
37919,135,130,5,5
37920,114,103,11,11
37921,56,49,7,7
37922,149,144,5,5
37923,81,71,10,10
37924,79,70,9,9
37925,103,93,10,10
37926,56,59,-3,3
37927,150,129,21,21
37928,78,69,9,9
37929,78,69,9,9
37930,41,39,2,2
37931,121,100,21,21
37932,123,108,15,15
37933,76,78,-2,2
37934,103,91,12,12
37935,35,48,-13,13
37936,124,110,14,14
37937,55,53,2,2
37938,88,79,9,9
37939,90,79,11,11
37940,120,88,32,32
37941,71,63,8,8
37942,79,75,4,4
37943,62,59,3,3
37944,86,77,9,9
37945,64,58,6,6
37946,131,130,1,1
37947,146,125,21,21
37948,86,70,16,16
37949,98,83,15,15
37950,183,150,33,33
37951,91,81,10,10
37952,77,69,8,8
37953,142,126,16,16
37954,79,70,9,9
37955,41,38,3,3
37956,105,99,6,6
37957,197,166,31,31
37958,115,102,13,13
37959,71,66,5,5
37960,140,132,8,8
37961,130,115,15,15
37962,83,73,10,10
37963,108,113,-5,5
37964,67,57,10,10
37965,70,75,-5,5
37966,93,85,8,8
37967,64,64,0,0
37968,98,106,-8,8
37969,115,105,10,10
37970,62,56,6,6
37971,88,79,9,9
37972,61,60,1,1
37973,198,182,16,16
37974,101,98,3,3
37975,66,61,5,5
37976,31,29,2,2
37977,94,80,14,14
37978,93,93,0,0
37979,117,144,-27,27
37980,99,90,9,9
37981,36,32,4,4
37982,76,70,6,6
37983,67,64,3,3
37984,78,77,1,1
37985,50,47,3,3
37986,55,44,11,11
37987,92,85,7,7
37988,94,77,17,17
37989,137,127,10,10
37990,102,91,11,11
37991,113,89,24,24
37992,89,74,15,15
37993,124,123,1,1
37994,82,76,6,6
37995,60,61,-1,1
37996,125,101,24,24
37997,78,74,4,4
37998,143,123,20,20
37999,142,132,10,10
38000,106,87,19,19
38001,124,103,21,21
38002,52,48,4,4
38003,97,102,-5,5
38004,80,70,10,10
38005,107,106,1,1
38006,141,128,13,13
38007,57,49,8,8
38008,89,69,20,20
38009,104,100,4,4
38010,154,133,21,21
38011,76,74,2,2
38012,95,71,24,24
38013,179,145,34,34
38014,64,65,-1,1
38015,119,97,22,22
38016,108,110,-2,2
38017,114,100,14,14
38018,92,81,11,11
38019,109,97,12,12
38020,139,130,9,9
38021,130,118,12,12
38022,112,95,17,17
38023,123,106,17,17
38024,125,106,19,19
38025,66,52,14,14
38026,77,76,1,1
38027,87,79,8,8
38028,97,95,2,2
38029,56,55,1,1
38030,146,127,19,19
38031,71,64,7,7
38032,176,153,23,23
38033,96,82,14,14
38034,105,90,15,15
38035,127,112,15,15
38036,82,76,6,6
38037,137,137,0,0
38038,120,104,16,16
38039,82,71,11,11
38040,73,60,13,13
38041,78,64,14,14
38042,83,76,7,7
38043,83,71,12,12
38044,74,71,3,3
38045,81,70,11,11
38046,178,147,31,31
38047,96,97,-1,1
38048,48,45,3,3
38049,74,74,0,0
38050,143,123,20,20
38051,94,79,15,15
38052,142,129,13,13
38053,144,135,9,9
38054,114,106,8,8
38055,91,87,4,4
38056,127,116,11,11
38057,65,66,-1,1
38058,152,133,19,19
38059,106,91,15,15
38060,140,123,17,17
38061,96,90,6,6
38062,72,91,-19,19
38063,71,82,-11,11
38064,116,99,17,17
38065,156,132,24,24
38066,57,51,6,6
38067,24,88,-64,64
38068,122,106,16,16
38069,118,102,16,16
38070,96,89,7,7
38071,86,84,2,2
38072,163,142,21,21
38073,60,56,4,4
38074,80,68,12,12
38075,78,68,10,10
38076,82,68,14,14
38077,113,95,18,18
38078,104,100,4,4
38079,154,162,-8,8
38080,34,40,-6,6
38081,111,102,9,9
38082,103,88,15,15
38083,88,77,11,11
38084,112,104,8,8
38085,115,95,20,20
38086,60,49,11,11
38087,150,131,19,19
38088,116,102,14,14
38089,80,70,10,10
38090,112,92,20,20
38091,116,103,13,13
38092,83,78,5,5
38093,161,135,26,26
38094,65,65,0,0
38095,74,69,5,5
38096,72,54,18,18
38097,185,149,36,36
38098,89,66,23,23
38099,90,82,8,8
38100,175,151,24,24
38101,96,81,15,15
38102,96,81,15,15
38103,111,100,11,11
38104,46,41,5,5
38105,105,105,0,0
38106,69,66,3,3
38107,117,103,14,14
38108,91,80,11,11
38109,70,69,1,1
38110,150,123,27,27
38111,122,112,10,10
38112,98,102,-4,4
38113,100,84,16,16
38114,160,127,33,33
38115,139,120,19,19
38116,170,146,24,24
38117,79,75,4,4
38118,132,113,19,19
38119,121,108,13,13
38120,118,111,7,7
38121,102,81,21,21
38122,98,86,12,12
38123,115,110,5,5
38124,159,145,14,14
38125,92,84,8,8
38126,41,47,-6,6
38127,84,75,9,9
38128,132,136,-4,4
38129,109,86,23,23
38130,78,80,-2,2
38131,114,95,19,19
38132,121,102,19,19
38133,93,78,15,15
38134,115,106,9,9
38135,44,38,6,6
38136,74,62,12,12
38137,49,45,4,4
38138,165,139,26,26
38139,83,75,8,8
38140,158,134,24,24
38141,101,82,19,19
38142,118,104,14,14
38143,94,82,12,12
38144,117,123,-6,6
38145,109,96,13,13
38146,73,81,-8,8
38147,76,69,7,7
38148,138,125,13,13
38149,113,97,16,16
38150,96,86,10,10
38151,73,68,5,5
38152,112,93,19,19
38153,63,64,-1,1
38154,104,85,19,19
38155,82,81,1,1
38156,54,52,2,2
38157,84,74,10,10
38158,133,126,7,7
38159,101,92,9,9
38160,108,106,2,2
38161,83,75,8,8
38162,78,73,5,5
38163,82,68,14,14
38164,76,66,10,10
38165,90,78,12,12
38166,105,93,12,12
38167,61,52,9,9
38168,102,105,-3,3
38169,104,110,-6,6
38170,72,61,11,11
38171,74,59,15,15
38172,92,87,5,5
38173,85,73,12,12
38174,99,88,11,11
38175,111,109,2,2
38176,67,63,4,4
38177,76,64,12,12
38178,113,89,24,24
38179,107,90,17,17
38180,117,101,16,16
38181,116,111,5,5
38182,97,89,8,8
38183,125,110,15,15
38184,112,106,6,6
38185,71,71,0,0
38186,115,102,13,13
38187,59,73,-14,14
38188,97,86,11,11
38189,124,102,22,22
38190,45,42,3,3
38191,87,79,8,8
38192,103,110,-7,7
38193,64,60,4,4
38194,100,84,16,16
38195,97,71,26,26
38196,121,109,12,12
38197,111,109,2,2
38198,74,63,11,11
38199,118,131,-13,13
38200,91,78,13,13
38201,89,80,9,9
38202,105,82,23,23
38203,79,74,5,5
38204,68,61,7,7
38205,125,115,10,10
38206,87,77,10,10
38207,123,103,20,20
38208,93,85,8,8
38209,100,86,14,14
38210,64,53,11,11
38211,108,94,14,14
38212,68,47,21,21
38213,86,81,5,5
38214,107,84,23,23
38215,73,68,5,5
38216,128,125,3,3
38217,119,104,15,15
38218,54,43,11,11
38219,72,63,9,9
38220,73,70,3,3
38221,159,142,17,17
38222,83,74,9,9
38223,97,84,13,13
38224,131,117,14,14
38225,69,69,0,0
38226,86,65,21,21
38227,119,112,7,7
38228,100,82,18,18
38229,102,96,6,6
38230,67,60,7,7
38231,53,53,0,0
38232,85,82,3,3
38233,168,144,24,24
38234,61,49,12,12
38235,77,69,8,8
38236,85,82,3,3
38237,69,60,9,9
38238,124,111,13,13
38239,89,68,21,21
38240,148,137,11,11
38241,143,119,24,24
38242,57,72,-15,15
38243,144,125,19,19
38244,66,63,3,3
38245,83,88,-5,5
38246,120,107,13,13
38247,131,119,12,12
38248,51,51,0,0
38249,77,59,18,18
38250,62,60,2,2
38251,125,120,5,5
38252,87,77,10,10
38253,89,77,12,12
38254,162,144,18,18
38255,109,104,5,5
38256,126,119,7,7
38257,87,84,3,3
38258,87,89,-2,2
38259,116,103,13,13
38260,51,48,3,3
38261,65,53,12,12
38262,95,78,17,17
38263,86,70,16,16
38264,98,92,6,6
38265,74,62,12,12
38266,87,66,21,21
38267,113,98,15,15
38268,70,75,-5,5
38269,119,97,22,22
38270,180,158,22,22
38271,94,76,18,18
38272,67,65,2,2
38273,85,81,4,4
38274,147,140,7,7
38275,79,61,18,18
38276,76,71,5,5
38277,60,48,12,12
38278,55,52,3,3
38279,95,89,6,6
38280,127,103,24,24
38281,100,91,9,9
38282,85,77,8,8
38283,127,113,14,14
38284,101,81,20,20
38285,70,59,11,11
38286,102,90,12,12
38287,73,63,10,10
38288,107,98,9,9
38289,129,122,7,7
38290,114,99,15,15
38291,45,48,-3,3
38292,52,45,7,7
38293,69,63,6,6
38294,71,67,4,4
38295,65,62,3,3
38296,211,161,50,50
38297,113,115,-2,2
38298,97,87,10,10
38299,60,60,0,0
38300,184,142,42,42
38301,106,96,10,10
38302,121,108,13,13
38303,112,110,2,2
38304,137,126,11,11
38305,104,95,9,9
38306,124,87,37,37
38307,72,61,11,11
38308,116,98,18,18
38309,76,67,9,9
38310,99,93,6,6
38311,75,68,7,7
38312,81,76,5,5
38313,69,61,8,8
38314,72,72,0,0
38315,87,67,20,20
38316,93,82,11,11
38317,136,120,16,16
38318,101,82,19,19
38319,89,77,12,12
38320,112,99,13,13
38321,65,60,5,5
38322,118,99,19,19
38323,92,75,17,17
38324,80,80,0,0
38325,98,85,13,13
38326,70,63,7,7
38327,127,107,20,20
38328,149,119,30,30
38329,70,63,7,7
38330,139,132,7,7
38331,82,70,12,12
38332,91,84,7,7
38333,39,59,-20,20
38334,82,84,-2,2
38335,105,93,12,12
38336,147,131,16,16
38337,104,97,7,7
38338,117,86,31,31
38339,91,94,-3,3
38340,90,89,1,1
38341,104,83,21,21
38342,47,49,-2,2
38343,56,50,6,6
38344,110,103,7,7
38345,43,46,-3,3
38346,120,105,15,15
38347,70,64,6,6
38348,75,69,6,6
38349,77,71,6,6
38350,72,63,9,9
38351,105,92,13,13
38352,218,182,36,36
38353,56,53,3,3
38354,100,94,6,6
38355,123,125,-2,2
38356,130,111,19,19
38357,63,55,8,8
38358,89,81,8,8
38359,60,62,-2,2
38360,65,68,-3,3
38361,118,104,14,14
38362,86,81,5,5
38363,166,160,6,6
38364,106,98,8,8
38365,58,53,5,5
38366,141,113,28,28
38367,96,86,10,10
38368,106,89,17,17
38369,110,101,9,9
38370,64,56,8,8
38371,83,72,11,11
38372,92,96,-4,4
38373,70,62,8,8
38374,122,117,5,5
38375,86,75,11,11
38376,105,84,21,21
38377,99,95,4,4
38378,57,48,9,9
38379,79,69,10,10
38380,59,49,10,10
38381,70,66,4,4
38382,104,90,14,14
38383,86,80,6,6
38384,112,109,3,3
38385,102,92,10,10
38386,63,62,1,1
38387,118,103,15,15
38388,63,58,5,5
38389,104,113,-9,9
38390,86,81,5,5
38391,167,142,25,25
38392,164,144,20,20
38393,85,76,9,9
38394,111,102,9,9
38395,121,100,21,21
38396,94,85,9,9
38397,77,78,-1,1
38398,35,32,3,3
38399,95,83,12,12
38400,133,126,7,7
38401,85,79,6,6
38402,67,53,14,14
38403,114,105,9,9
38404,157,137,20,20
38405,157,136,21,21
38406,94,93,1,1
38407,54,56,-2,2
38408,64,54,10,10
38409,109,94,15,15
38410,71,67,4,4
38411,73,69,4,4
38412,76,74,2,2
38413,130,105,25,25
38414,79,67,12,12
38415,142,139,3,3
38416,89,79,10,10
38417,105,98,7,7
38418,78,81,-3,3
38419,64,56,8,8
38420,63,63,0,0
38421,89,84,5,5
38422,171,158,13,13
38423,111,89,22,22
38424,86,70,16,16
38425,102,89,13,13
38426,61,50,11,11
38427,85,75,10,10
38428,134,109,25,25
38429,81,72,9,9
38430,142,128,14,14
38431,80,67,13,13
38432,83,74,9,9
38433,121,102,19,19
38434,67,49,18,18
38435,100,103,-3,3
38436,129,115,14,14
38437,102,97,5,5
38438,126,113,13,13
38439,98,88,10,10
38440,63,47,16,16
38441,72,70,2,2
38442,88,86,2,2
38443,64,60,4,4
38444,107,104,3,3
38445,89,73,16,16
38446,93,85,8,8
38447,146,126,20,20
38448,101,97,4,4
38449,87,75,12,12
38450,97,90,7,7
38451,78,57,21,21
38452,130,103,27,27
38453,85,62,23,23
38454,77,63,14,14
38455,44,45,-1,1
38456,96,83,13,13
38457,89,70,19,19
38458,117,104,13,13
38459,41,38,3,3
38460,113,104,9,9
38461,103,78,25,25
38462,161,132,29,29
38463,196,173,23,23
38464,64,53,11,11
38465,82,67,15,15
38466,66,84,-18,18
38467,80,66,14,14
38468,54,53,1,1
38469,104,99,5,5
38470,55,47,8,8
38471,57,53,4,4
38472,49,52,-3,3
38473,70,64,6,6
38474,74,74,0,0
38475,33,31,2,2
38476,83,82,1,1
38477,89,79,10,10
38478,102,85,17,17
38479,156,150,6,6
38480,36,41,-5,5
38481,62,51,11,11
38482,102,85,17,17
38483,87,85,2,2
38484,50,41,9,9
38485,89,90,-1,1
38486,100,86,14,14
38487,98,78,20,20
38488,56,48,8,8
38489,75,69,6,6
38490,98,77,21,21
38491,117,97,20,20
38492,235,189,46,46
38493,54,48,6,6
38494,68,56,12,12
38495,116,110,6,6
38496,32,31,1,1
38497,55,45,10,10
38498,82,73,9,9
38499,119,104,15,15
38500,183,170,13,13
38501,112,70,42,42
38502,57,56,1,1
38503,120,105,15,15
38504,77,72,5,5
38505,68,70,-2,2
38506,126,108,18,18
38507,68,62,6,6
38508,103,83,20,20
38509,110,105,5,5
38510,122,92,30,30
38511,100,105,-5,5
38512,74,66,8,8
38513,185,144,41,41
38514,118,117,1,1
38515,41,43,-2,2
38516,91,82,9,9
38517,83,65,18,18
38518,79,74,5,5
38519,82,66,16,16
38520,84,77,7,7
38521,70,49,21,21
38522,97,94,3,3
38523,99,91,8,8
38524,108,92,16,16
38525,85,73,12,12
38526,132,116,16,16
38527,99,88,11,11
38528,62,50,12,12
38529,80,62,18,18
38530,96,76,20,20
38531,98,80,18,18
38532,109,101,8,8
38533,124,117,7,7
38534,101,103,-2,2
38535,118,108,10,10
38536,57,50,7,7
38537,79,72,7,7
38538,86,80,6,6
38539,77,64,13,13
38540,132,112,20,20
38541,74,58,16,16
38542,108,96,12,12
38543,137,115,22,22
38544,102,91,11,11
38545,150,133,17,17
38546,51,47,4,4
38547,77,65,12,12
38548,59,46,13,13
38549,42,39,3,3
38550,141,127,14,14
38551,132,111,21,21
38552,67,57,10,10
38553,108,93,15,15
38554,144,136,8,8
38555,69,62,7,7
38556,85,73,12,12
38557,64,59,5,5
38558,65,58,7,7
38559,221,200,21,21
38560,70,58,12,12
38561,56,45,11,11
38562,62,57,5,5
38563,88,94,-6,6
38564,108,100,8,8
38565,178,147,31,31
38566,74,66,8,8
38567,85,87,-2,2
38568,61,62,-1,1
38569,111,66,45,45
38570,103,99,4,4
38571,110,98,12,12
38572,74,61,13,13
38573,172,152,20,20
38574,87,89,-2,2
38575,141,136,5,5
38576,86,68,18,18
38577,89,87,2,2
38578,106,81,25,25
38579,103,90,13,13
38580,115,87,28,28
38581,61,47,14,14
38582,102,95,7,7
38583,64,58,6,6
38584,121,104,17,17
38585,61,60,1,1
38586,75,64,11,11
38587,43,34,9,9
38588,84,74,10,10
38589,118,102,16,16
38590,50,45,5,5
38591,81,59,22,22
38592,160,139,21,21
38593,121,101,20,20
38594,77,81,-4,4
38595,124,109,15,15
38596,140,119,21,21
38597,56,54,2,2
38598,92,78,14,14
38599,99,85,14,14
38600,169,146,23,23
38601,102,98,4,4
38602,149,135,14,14
38603,161,152,9,9
38604,73,70,3,3
38605,81,75,6,6
38606,76,66,10,10
38607,131,111,20,20
38608,155,152,3,3
38609,87,79,8,8
38610,62,54,8,8
38611,87,69,18,18
38612,78,81,-3,3
38613,74,65,9,9
38614,49,64,-15,15
38615,92,77,15,15
38616,133,118,15,15
38617,149,134,15,15
38618,120,110,10,10
38619,89,74,15,15
38620,102,90,12,12
38621,62,46,16,16
38622,57,42,15,15
38623,43,54,-11,11
38624,72,65,7,7
38625,58,56,2,2
38626,66,54,12,12
38627,73,69,4,4
38628,112,87,25,25
38629,158,133,25,25
38630,70,68,2,2
38631,136,118,18,18
38632,85,70,15,15
38633,37,38,-1,1
38634,87,81,6,6
38635,130,126,4,4
38636,88,81,7,7
38637,57,54,3,3
38638,117,106,11,11
38639,105,87,18,18
38640,75,68,7,7
38641,153,143,10,10
38642,90,93,-3,3
38643,130,108,22,22
38644,86,78,8,8
38645,124,119,5,5
38646,83,75,8,8
38647,145,118,27,27
38648,77,70,7,7
38649,64,61,3,3
38650,129,113,16,16
38651,109,100,9,9
38652,94,84,10,10
38653,84,71,13,13
38654,64,56,8,8
38655,90,80,10,10
38656,171,150,21,21
38657,93,89,4,4
38658,121,113,8,8
38659,72,71,1,1
38660,72,70,2,2
38661,85,74,11,11
38662,86,70,16,16
38663,93,89,4,4
38664,94,72,22,22
38665,118,110,8,8
38666,72,52,20,20
38667,64,61,3,3
38668,127,101,26,26
38669,64,54,10,10
38670,75,67,8,8
38671,57,54,3,3
38672,61,55,6,6
38673,74,77,-3,3
38674,53,55,-2,2
38675,80,73,7,7
38676,83,73,10,10
38677,124,108,16,16
38678,81,80,1,1
38679,84,82,2,2
38680,128,105,23,23
38681,93,85,8,8
38682,79,74,5,5
38683,81,90,-9,9
38684,81,72,9,9
38685,104,96,8,8
38686,82,72,10,10
38687,84,62,22,22
38688,71,68,3,3
38689,62,53,9,9
38690,66,62,4,4
38691,63,59,4,4
38692,77,65,12,12
38693,56,52,4,4
38694,155,138,17,17
38695,143,122,21,21
38696,75,68,7,7
38697,92,91,1,1
38698,108,92,16,16
38699,105,95,10,10
38700,63,50,13,13
38701,117,106,11,11
38702,123,96,27,27
38703,69,64,5,5
38704,119,115,4,4
38705,92,95,-3,3
38706,94,81,13,13
38707,80,74,6,6
38708,101,89,12,12
38709,150,137,13,13
38710,92,77,15,15
38711,97,82,15,15
38712,100,91,9,9
38713,74,76,-2,2
38714,157,145,12,12
38715,65,61,4,4
38716,97,82,15,15
38717,79,73,6,6
38718,86,74,12,12
38719,91,81,10,10
38720,51,43,8,8
38721,110,99,11,11
38722,106,105,1,1
38723,50,46,4,4
38724,76,64,12,12
38725,126,110,16,16
38726,73,65,8,8
38727,80,76,4,4
38728,90,74,16,16
38729,94,68,26,26
38730,99,89,10,10
38731,140,120,20,20
38732,92,79,13,13
38733,96,86,10,10
38734,107,93,14,14
38735,120,97,23,23
38736,141,126,15,15
38737,58,51,7,7
38738,99,89,10,10
38739,75,63,12,12
38740,118,95,23,23
38741,93,83,10,10
38742,104,80,24,24
38743,81,74,7,7
38744,107,92,15,15
38745,91,97,-6,6
38746,87,81,6,6
38747,53,51,2,2
38748,147,127,20,20
38749,108,93,15,15
38750,76,65,11,11
38751,59,55,4,4
38752,85,87,-2,2
38753,82,75,7,7
38754,57,53,4,4
38755,37,41,-4,4
38756,129,118,11,11
38757,57,47,10,10
38758,67,59,8,8
38759,76,65,11,11
38760,85,74,11,11
38761,130,109,21,21
38762,106,94,12,12
38763,104,105,-1,1
38764,88,86,2,2
38765,65,50,15,15
38766,75,67,8,8
38767,145,123,22,22
38768,149,131,18,18
38769,44,47,-3,3
38770,69,58,11,11
38771,93,86,7,7
38772,78,67,11,11
38773,63,59,4,4
38774,78,74,4,4
38775,85,72,13,13
38776,55,52,3,3
38777,73,80,-7,7
38778,107,99,8,8
38779,131,113,18,18
38780,87,78,9,9
38781,40,46,-6,6
38782,139,110,29,29
38783,85,80,5,5
38784,163,153,10,10
38785,64,62,2,2
38786,193,168,25,25
38787,86,85,1,1
38788,98,87,11,11
38789,51,52,-1,1
38790,128,112,16,16
38791,141,115,26,26
38792,84,72,12,12
38793,142,127,15,15
38794,59,58,1,1
38795,108,92,16,16
38796,39,38,1,1
38797,156,138,18,18
38798,107,104,3,3
38799,99,97,2,2
38800,166,142,24,24
38801,85,73,12,12
38802,84,74,10,10
38803,98,86,12,12
38804,76,65,11,11
38805,138,113,25,25
38806,93,79,14,14
38807,182,145,37,37
38808,149,120,29,29
38809,132,106,26,26
38810,127,107,20,20
38811,70,60,10,10
38812,57,53,4,4
38813,176,168,8,8
38814,68,60,8,8
38815,46,49,-3,3
38816,66,55,11,11
38817,113,107,6,6
38818,135,124,11,11
38819,48,47,1,1
38820,135,116,19,19
38821,70,65,5,5
38822,91,85,6,6
38823,125,109,16,16
38824,109,85,24,24
38825,53,54,-1,1
38826,91,80,11,11
38827,70,63,7,7
38828,65,64,1,1
38829,125,102,23,23
38830,72,64,8,8
38831,103,91,12,12
38832,103,70,33,33
38833,101,67,34,34
38834,117,114,3,3
38835,63,59,4,4
38836,164,153,11,11
38837,57,58,-1,1
38838,120,113,7,7
38839,133,117,16,16
38840,83,81,2,2
38841,64,61,3,3
38842,102,87,15,15
38843,70,64,6,6
38844,124,118,6,6
38845,106,85,21,21
38846,156,132,24,24
38847,67,61,6,6
38848,147,133,14,14
38849,113,105,8,8
38850,121,112,9,9
38851,97,87,10,10
38852,59,59,0,0
38853,50,56,-6,6
38854,118,94,24,24
38855,56,49,7,7
38856,87,71,16,16
38857,89,88,1,1
38858,65,63,2,2
38859,62,57,5,5
38860,138,124,14,14
38861,149,136,13,13
38862,69,62,7,7
38863,76,70,6,6
38864,65,65,0,0
38865,70,60,10,10
38866,133,129,4,4
38867,77,70,7,7
38868,93,87,6,6
38869,105,116,-11,11
38870,67,66,1,1
38871,84,73,11,11
38872,83,82,1,1
38873,46,37,9,9
38874,102,89,13,13
38875,80,66,14,14
38876,106,99,7,7
38877,91,85,6,6
38878,70,50,20,20
38879,213,176,37,37
38880,84,78,6,6
38881,124,96,28,28
38882,113,97,16,16
38883,89,84,5,5
38884,112,98,14,14
38885,78,66,12,12
38886,60,53,7,7
38887,119,98,21,21
38888,58,53,5,5
38889,109,90,19,19
38890,113,125,-12,12
38891,101,83,18,18
38892,61,50,11,11
38893,76,67,9,9
38894,84,71,13,13
38895,86,83,3,3
38896,108,89,19,19
38897,102,82,20,20
38898,151,133,18,18
38899,66,60,6,6
38900,71,60,11,11
38901,66,61,5,5
38902,131,120,11,11
38903,49,43,6,6
38904,99,92,7,7
38905,69,65,4,4
38906,72,58,14,14
38907,179,151,28,28
38908,152,134,18,18
38909,70,61,9,9
38910,63,63,0,0
38911,104,97,7,7
38912,22,34,-12,12
38913,105,94,11,11
38914,174,159,15,15
38915,123,111,12,12
38916,34,42,-8,8
38917,76,71,5,5
38918,114,100,14,14
38919,84,90,-6,6
38920,114,91,23,23
38921,236,194,42,42
38922,86,85,1,1
38923,91,70,21,21
38924,109,101,8,8
38925,99,80,19,19
38926,79,64,15,15
38927,51,51,0,0
38928,201,168,33,33
38929,60,54,6,6
38930,89,83,6,6
38931,84,74,10,10
38932,40,44,-4,4
38933,68,62,6,6
38934,58,54,4,4
38935,73,63,10,10
38936,121,113,8,8
38937,55,48,7,7
38938,91,84,7,7
38939,57,53,4,4
38940,68,52,16,16
38941,93,70,23,23
38942,59,48,11,11
38943,76,70,6,6
38944,99,92,7,7
38945,85,90,-5,5
38946,113,89,24,24
38947,107,85,22,22
38948,184,157,27,27
38949,80,69,11,11
38950,99,86,13,13
38951,180,155,25,25
38952,94,94,0,0
38953,37,33,4,4
38954,59,65,-6,6
38955,65,57,8,8
38956,93,85,8,8
38957,88,84,4,4
38958,92,85,7,7
38959,128,103,25,25
38960,111,105,6,6
38961,128,153,-25,25
38962,48,44,4,4
38963,116,112,4,4
38964,54,45,9,9
38965,57,60,-3,3
38966,61,59,2,2
38967,79,72,7,7
38968,61,54,7,7
38969,122,108,14,14
38970,89,80,9,9
38971,121,102,19,19
38972,119,102,17,17
38973,108,110,-2,2
38974,100,94,6,6
38975,58,51,7,7
38976,106,89,17,17
38977,88,85,3,3
38978,103,85,18,18
38979,31,34,-3,3
38980,34,48,-14,14
38981,87,78,9,9
38982,111,99,12,12
38983,101,92,9,9
38984,41,38,3,3
38985,60,58,2,2
38986,115,104,11,11
38987,136,125,11,11
38988,74,60,14,14
38989,84,70,14,14
38990,110,97,13,13
38991,73,70,3,3
38992,126,112,14,14
38993,77,67,10,10
38994,129,116,13,13
38995,123,117,6,6
38996,99,82,17,17
38997,88,53,35,35
38998,61,66,-5,5
38999,74,66,8,8
39000,107,92,15,15
39001,122,103,19,19
39002,60,56,4,4
39003,188,171,17,17
39004,84,68,16,16
39005,146,136,10,10
39006,154,143,11,11
39007,114,109,5,5
39008,117,99,18,18
39009,163,151,12,12
39010,74,66,8,8
39011,113,93,20,20
39012,68,60,8,8
39013,137,121,16,16
39014,86,82,4,4
39015,136,124,12,12
39016,77,60,17,17
39017,156,135,21,21
39018,146,126,20,20
39019,62,55,7,7
39020,66,66,0,0
39021,121,109,12,12
39022,161,131,30,30
39023,102,102,0,0
39024,67,55,12,12
39025,129,113,16,16
39026,120,115,5,5
39027,174,159,15,15
39028,179,151,28,28
39029,92,77,15,15
39030,112,102,10,10
39031,110,91,19,19
39032,97,86,11,11
39033,68,62,6,6
39034,117,110,7,7
39035,155,125,30,30
39036,60,54,6,6
39037,167,131,36,36
39038,115,101,14,14
39039,134,124,10,10
39040,48,46,2,2
39041,89,68,21,21
39042,42,49,-7,7
39043,31,35,-4,4
39044,105,88,17,17
39045,138,118,20,20
39046,97,74,23,23
39047,83,69,14,14
39048,54,47,7,7
39049,65,54,11,11
39050,94,92,2,2
39051,86,79,7,7
39052,88,85,3,3
39053,63,53,10,10
39054,144,131,13,13
39055,62,58,4,4
39056,63,70,-7,7
39057,98,85,13,13
39058,60,52,8,8
39059,49,45,4,4
39060,96,80,16,16
39061,71,69,2,2
39062,120,99,21,21
39063,150,117,33,33
39064,80,69,11,11
39065,58,54,4,4
39066,64,61,3,3
39067,140,126,14,14
39068,124,115,9,9
39069,97,81,16,16
39070,161,126,35,35
39071,50,55,-5,5
39072,101,96,5,5
39073,44,45,-1,1
39074,99,93,6,6
39075,171,135,36,36
39076,43,40,3,3
39077,93,94,-1,1
39078,139,125,14,14
39079,120,103,17,17
39080,98,94,4,4
39081,101,95,6,6
39082,80,67,13,13
39083,63,49,14,14
39084,149,138,11,11
39085,132,112,20,20
39086,71,66,5,5
39087,92,88,4,4
39088,61,64,-3,3
39089,110,99,11,11
39090,67,60,7,7
39091,38,61,-23,23
39092,89,96,-7,7
39093,86,78,8,8
39094,157,154,3,3
39095,63,64,-1,1
39096,56,54,2,2
39097,96,91,5,5
39098,58,57,1,1
39099,164,150,14,14
39100,107,95,12,12
39101,131,107,24,24
39102,119,103,16,16
39103,103,96,7,7
39104,58,51,7,7
39105,158,129,29,29
39106,148,120,28,28
39107,107,102,5,5
39108,108,87,21,21
39109,85,64,21,21
39110,76,74,2,2
39111,72,57,15,15
39112,133,122,11,11
39113,71,62,9,9
39114,90,71,19,19
39115,105,94,11,11
39116,107,99,8,8
39117,84,72,12,12
39118,67,68,-1,1
39119,154,138,16,16
39120,63,66,-3,3
39121,182,144,38,38
39122,130,110,20,20
39123,126,118,8,8
39124,135,116,19,19
39125,86,76,10,10
39126,90,84,6,6
39127,69,57,12,12
39128,99,94,5,5
39129,81,78,3,3
39130,92,81,11,11
39131,83,69,14,14
39132,76,63,13,13
39133,79,61,18,18
39134,59,55,4,4
39135,100,86,14,14
39136,60,51,9,9
39137,76,69,7,7
39138,110,88,22,22
39139,112,101,11,11
39140,93,87,6,6
39141,101,93,8,8
39142,107,101,6,6
39143,180,151,29,29
39144,109,98,11,11
39145,85,67,18,18
39146,123,106,17,17
39147,90,84,6,6
39148,118,106,12,12
39149,108,90,18,18
39150,95,82,13,13
39151,119,97,22,22
39152,115,89,26,26
39153,145,125,20,20
39154,46,55,-9,9
39155,59,52,7,7
39156,127,122,5,5
39157,114,101,13,13
39158,101,91,10,10
39159,134,122,12,12
39160,99,85,14,14
39161,143,124,19,19
39162,136,118,18,18
39163,152,133,19,19
39164,103,88,15,15
39165,79,67,12,12
39166,83,73,10,10
39167,125,103,22,22
39168,74,84,-10,10
39169,44,43,1,1
39170,100,95,5,5
39171,111,98,13,13
39172,65,52,13,13
39173,102,89,13,13
39174,109,93,16,16
39175,80,64,16,16
39176,117,104,13,13
39177,121,106,15,15
39178,154,131,23,23
39179,55,53,2,2
39180,90,83,7,7
39181,137,107,30,30
39182,53,42,11,11
39183,137,124,13,13
39184,64,57,7,7
39185,133,109,24,24
39186,38,36,2,2
39187,105,79,26,26
39188,45,43,2,2
39189,133,110,23,23
39190,121,108,13,13
39191,138,118,20,20
39192,84,62,22,22
39193,79,70,9,9
39194,48,47,1,1
39195,51,52,-1,1
39196,90,83,7,7
39197,79,65,14,14
39198,73,64,9,9
39199,82,67,15,15
39200,90,85,5,5
39201,98,73,25,25
39202,56,54,2,2
39203,100,87,13,13
39204,55,58,-3,3
39205,116,116,0,0
39206,61,49,12,12
39207,77,63,14,14
39208,131,116,15,15
39209,115,96,19,19
39210,94,77,17,17
39211,80,69,11,11
39212,57,57,0,0
39213,112,96,16,16
39214,98,85,13,13
39215,136,133,3,3
39216,125,102,23,23
39217,90,89,1,1
39218,81,77,4,4
39219,123,107,16,16
39220,114,110,4,4
39221,35,46,-11,11
39222,55,50,5,5
39223,110,94,16,16
39224,52,46,6,6
39225,191,159,32,32
39226,48,53,-5,5
39227,70,56,14,14
39228,116,104,12,12
39229,114,106,8,8
39230,71,67,4,4
39231,130,103,27,27
39232,92,79,13,13
39233,111,104,7,7
39234,150,137,13,13
39235,112,119,-7,7
39236,85,76,9,9
39237,75,70,5,5
39238,64,60,4,4
39239,65,57,8,8
39240,164,145,19,19
39241,63,49,14,14
39242,105,96,9,9
39243,96,84,12,12
39244,102,80,22,22
39245,84,67,17,17
39246,72,71,1,1
39247,118,111,7,7
39248,110,98,12,12
39249,81,74,7,7
39250,109,103,6,6
39251,76,61,15,15
39252,64,52,12,12
39253,133,106,27,27
39254,143,118,25,25
39255,72,65,7,7
39256,74,71,3,3
39257,41,40,1,1
39258,65,58,7,7
39259,73,61,12,12
39260,63,63,0,0
39261,175,150,25,25
39262,85,86,-1,1
39263,82,73,9,9
39264,48,43,5,5
39265,97,81,16,16
39266,86,83,3,3
39267,66,63,3,3
39268,80,66,14,14
39269,84,78,6,6
39270,90,79,11,11
39271,76,76,0,0
39272,90,86,4,4
39273,128,120,8,8
39274,76,78,-2,2
39275,84,74,10,10
39276,116,105,11,11
39277,72,74,-2,2
39278,88,77,11,11
39279,58,49,9,9
39280,80,69,11,11
39281,122,105,17,17
39282,84,80,4,4
39283,62,58,4,4
39284,78,65,13,13
39285,113,102,11,11
39286,152,134,18,18
39287,68,64,4,4
39288,72,64,8,8
39289,104,97,7,7
39290,100,89,11,11
39291,92,75,17,17
39292,95,75,20,20
39293,66,55,11,11
39294,78,72,6,6
39295,117,97,20,20
39296,109,77,32,32
39297,157,131,26,26
39298,100,79,21,21
39299,101,87,14,14
39300,68,54,14,14
39301,137,109,28,28
39302,144,136,8,8
39303,152,139,13,13
39304,121,101,20,20
39305,83,75,8,8
39306,86,84,2,2
39307,72,57,15,15
39308,82,87,-5,5
39309,115,97,18,18
39310,44,40,4,4
39311,130,125,5,5
39312,84,76,8,8
39313,104,86,18,18
39314,70,57,13,13
39315,152,122,30,30
39316,66,60,6,6
39317,137,104,33,33
39318,86,74,12,12
39319,130,106,24,24
39320,105,83,22,22
39321,79,73,6,6
39322,79,71,8,8
39323,68,56,12,12
39324,86,75,11,11
39325,90,84,6,6
39326,174,148,26,26
39327,41,41,0,0
39328,109,89,20,20
39329,98,82,16,16
39330,79,74,5,5
39331,107,102,5,5
39332,138,129,9,9
39333,49,33,16,16
39334,68,67,1,1
39335,465,343,122,122
39336,102,83,19,19
39337,108,99,9,9
39338,98,92,6,6
39339,70,60,10,10
39340,90,81,9,9
39341,103,93,10,10
39342,84,65,19,19
39343,128,124,4,4
39344,205,173,32,32
39345,149,126,23,23
39346,51,51,0,0
39347,64,60,4,4
39348,155,125,30,30
39349,61,57,4,4
39350,91,77,14,14
39351,69,67,2,2
39352,51,57,-6,6
39353,59,50,9,9
39354,110,89,21,21
39355,145,117,28,28
39356,86,89,-3,3
39357,192,174,18,18
39358,80,61,19,19
39359,62,54,8,8
39360,116,107,9,9
39361,94,92,2,2
39362,60,50,10,10
39363,128,133,-5,5
39364,129,114,15,15
39365,111,102,9,9
39366,137,124,13,13
39367,164,138,26,26
39368,119,101,18,18
39369,90,80,10,10
39370,114,111,3,3
39371,26,33,-7,7
39372,107,98,9,9
39373,68,58,10,10
39374,118,107,11,11
39375,124,104,20,20
39376,170,146,24,24
39377,61,56,5,5
39378,136,126,10,10
39379,196,138,58,58
39380,87,63,24,24
39381,95,96,-1,1
39382,108,107,1,1
39383,151,131,20,20
39384,67,63,4,4
39385,149,132,17,17
39386,113,100,13,13
39387,50,60,-10,10
39388,79,75,4,4
39389,103,91,12,12
39390,80,68,12,12
39391,172,158,14,14
39392,105,101,4,4
39393,82,74,8,8
39394,47,45,2,2
39395,54,47,7,7
39396,80,67,13,13
39397,64,55,9,9
39398,150,130,20,20
39399,134,119,15,15
39400,61,65,-4,4
39401,108,91,17,17
39402,116,106,10,10
39403,101,108,-7,7
39404,81,74,7,7
39405,90,87,3,3
39406,71,66,5,5
39407,119,105,14,14
39408,133,122,11,11
39409,125,120,5,5
39410,70,60,10,10
39411,182,157,25,25
39412,114,108,6,6
39413,136,131,5,5
39414,76,69,7,7
39415,114,92,22,22
39416,46,44,2,2
39417,97,102,-5,5
39418,70,66,4,4
39419,63,49,14,14
39420,100,83,17,17
39421,114,97,17,17
39422,52,45,7,7
39423,130,121,9,9
39424,108,89,19,19
39425,133,109,24,24
39426,26,34,-8,8
39427,75,69,6,6
39428,112,108,4,4
39429,73,58,15,15
39430,44,50,-6,6
39431,75,67,8,8
39432,93,81,12,12
39433,60,66,-6,6
39434,83,75,8,8
39435,140,119,21,21
39436,100,92,8,8
39437,107,89,18,18
39438,95,69,26,26
39439,111,91,20,20
39440,112,98,14,14
39441,67,68,-1,1
39442,52,50,2,2
39443,113,93,20,20
39444,77,66,11,11
39445,135,123,12,12
39446,61,56,5,5
39447,58,58,0,0
39448,60,53,7,7
39449,100,88,12,12
39450,49,53,-4,4
39451,71,58,13,13
39452,104,96,8,8
39453,49,46,3,3
39454,141,124,17,17
39455,113,103,10,10
39456,74,61,13,13
39457,135,125,10,10
39458,61,57,4,4
39459,115,102,13,13
39460,89,88,1,1
39461,76,67,9,9
39462,111,110,1,1
39463,61,61,0,0
39464,54,46,8,8
39465,95,91,4,4
39466,125,113,12,12
39467,168,149,19,19
39468,71,64,7,7
39469,80,70,10,10
39470,224,203,21,21
39471,87,79,8,8
39472,65,58,7,7
39473,130,131,-1,1
39474,111,101,10,10
39475,76,63,13,13
39476,111,99,12,12
39477,88,84,4,4
39478,97,83,14,14
39479,118,107,11,11
39480,93,72,21,21
39481,131,108,23,23
39482,82,72,10,10
39483,153,133,20,20
39484,76,72,4,4
39485,105,103,2,2
39486,38,33,5,5
39487,56,54,2,2
39488,75,66,9,9
39489,40,42,-2,2
39490,139,129,10,10
39491,78,79,-1,1
39492,72,64,8,8
39493,123,119,4,4
39494,71,59,12,12
39495,144,127,17,17
39496,51,51,0,0
39497,63,56,7,7
39498,51,51,0,0
39499,98,85,13,13
39500,83,71,12,12
39501,75,76,-1,1
39502,108,98,10,10
39503,100,82,18,18
39504,61,49,12,12
39505,76,67,9,9
39506,156,188,-32,32
39507,69,59,10,10
39508,219,194,25,25
39509,112,101,11,11
39510,86,79,7,7
39511,53,43,10,10
39512,108,96,12,12
39513,82,70,12,12
39514,89,70,19,19
39515,125,105,20,20
39516,96,105,-9,9
39517,113,99,14,14
39518,61,61,0,0
39519,39,36,3,3
39520,65,68,-3,3
39521,101,90,11,11
39522,188,154,34,34
39523,73,60,13,13
39524,51,54,-3,3
39525,126,113,13,13
39526,95,108,-13,13
39527,85,90,-5,5
39528,112,95,17,17
39529,117,109,8,8
39530,109,85,24,24
39531,47,48,-1,1
39532,63,67,-4,4
39533,92,83,9,9
39534,78,74,4,4
39535,100,83,17,17
39536,137,111,26,26
39537,163,143,20,20
39538,74,72,2,2
39539,64,66,-2,2
39540,87,66,21,21
39541,87,79,8,8
39542,120,114,6,6
39543,129,109,20,20
39544,137,124,13,13
39545,65,57,8,8
39546,67,59,8,8
39547,83,77,6,6
39548,91,75,16,16
39549,88,72,16,16
39550,47,43,4,4
39551,119,107,12,12
39552,76,70,6,6
39553,96,85,11,11
39554,69,68,1,1
39555,91,83,8,8
39556,95,87,8,8
39557,89,90,-1,1
39558,89,68,21,21
39559,106,97,9,9
39560,86,58,28,28
39561,119,100,19,19
39562,76,76,0,0
39563,95,76,19,19
39564,93,82,11,11
39565,93,70,23,23
39566,87,79,8,8
39567,142,134,8,8
39568,81,76,5,5
39569,54,45,9,9
39570,131,112,19,19
39571,53,50,3,3
39572,132,122,10,10
39573,83,76,7,7
39574,77,61,16,16
39575,86,82,4,4
39576,135,115,20,20
39577,114,98,16,16
39578,75,77,-2,2
39579,62,62,0,0
39580,96,82,14,14
39581,88,74,14,14
39582,58,52,6,6
39583,55,55,0,0
39584,70,62,8,8
39585,162,132,30,30
39586,98,75,23,23
39587,73,64,9,9
39588,52,51,1,1
39589,86,77,9,9
39590,133,113,20,20
39591,102,91,11,11
39592,137,123,14,14
39593,58,49,9,9
39594,94,70,24,24
39595,158,136,22,22
39596,88,78,10,10
39597,81,79,2,2
39598,88,69,19,19
39599,170,161,9,9
39600,132,116,16,16
39601,160,141,19,19
39602,69,60,9,9
39603,78,67,11,11
39604,47,54,-7,7
39605,122,111,11,11
39606,46,39,7,7
39607,81,76,5,5
39608,173,163,10,10
39609,36,96,-60,60
39610,84,67,17,17
39611,118,91,27,27
39612,113,90,23,23
39613,162,145,17,17
39614,98,92,6,6
39615,96,88,8,8
39616,71,63,8,8
39617,68,56,12,12
39618,85,72,13,13
39619,34,60,-26,26
39620,69,69,0,0
39621,69,64,5,5
39622,128,109,19,19
39623,99,93,6,6
39624,121,114,7,7
39625,179,156,23,23
39626,92,87,5,5
39627,171,160,11,11
39628,94,86,8,8
39629,112,104,8,8
39630,79,63,16,16
39631,57,60,-3,3
39632,72,72,0,0
39633,161,126,35,35
39634,132,118,14,14
39635,126,107,19,19
39636,78,73,5,5
39637,72,60,12,12
39638,88,83,5,5
39639,93,80,13,13
39640,56,50,6,6
39641,179,153,26,26
39642,99,84,15,15
39643,143,117,26,26
39644,25,27,-2,2
39645,85,71,14,14
39646,50,49,1,1
39647,110,96,14,14
39648,133,115,18,18
39649,103,86,17,17
39650,149,134,15,15
39651,146,138,8,8
39652,65,61,4,4
39653,117,121,-4,4
39654,53,44,9,9
39655,155,129,26,26
39656,127,112,15,15
39657,87,79,8,8
39658,167,141,26,26
39659,74,60,14,14
39660,65,59,6,6
39661,50,49,1,1
39662,109,96,13,13
39663,65,61,4,4
39664,98,84,14,14
39665,128,112,16,16
39666,132,120,12,12
39667,174,158,16,16
39668,81,73,8,8
39669,69,63,6,6
39670,77,63,14,14
39671,69,63,6,6
39672,68,65,3,3
39673,132,124,8,8
39674,152,149,3,3
39675,87,78,9,9
39676,30,36,-6,6
39677,98,80,18,18
39678,99,80,19,19
39679,116,105,11,11
39680,100,89,11,11
39681,137,117,20,20
39682,63,58,5,5
39683,82,79,3,3
39684,99,102,-3,3
39685,58,53,5,5
39686,68,59,9,9
39687,121,105,16,16
39688,91,71,20,20
39689,61,72,-11,11
39690,46,44,2,2
39691,107,108,-1,1
39692,80,68,12,12
39693,78,71,7,7
39694,83,67,16,16
39695,139,123,16,16
39696,113,103,10,10
39697,109,104,5,5
39698,168,151,17,17
39699,148,127,21,21
39700,90,72,18,18
39701,49,48,1,1
39702,91,90,1,1
39703,48,46,2,2
39704,99,92,7,7
39705,125,117,8,8
39706,77,86,-9,9
39707,89,79,10,10
39708,85,69,16,16
39709,85,72,13,13
39710,60,57,3,3
39711,100,87,13,13
39712,61,59,2,2
39713,87,79,8,8
39714,79,74,5,5
39715,48,39,9,9
39716,90,91,-1,1
39717,85,72,13,13
39718,77,61,16,16
39719,56,51,5,5
39720,55,49,6,6
39721,148,129,19,19
39722,108,90,18,18
39723,69,53,16,16
39724,151,130,21,21
39725,98,80,18,18
39726,87,83,4,4
39727,76,67,9,9
39728,84,74,10,10
39729,39,39,0,0
39730,105,93,12,12
39731,68,81,-13,13
39732,58,61,-3,3
39733,81,71,10,10
39734,108,102,6,6
39735,98,90,8,8
39736,148,82,66,66
39737,71,66,5,5
39738,108,92,16,16
39739,68,66,2,2
39740,82,74,8,8
39741,159,131,28,28
39742,109,86,23,23
39743,113,96,17,17
39744,106,91,15,15
39745,124,102,22,22
39746,74,63,11,11
39747,23,26,-3,3
39748,94,78,16,16
39749,69,61,8,8
39750,63,59,4,4
39751,49,50,-1,1
39752,83,76,7,7
39753,65,57,8,8
39754,122,81,41,41
39755,110,100,10,10
39756,145,129,16,16
39757,128,100,28,28
39758,61,53,8,8
39759,135,116,19,19
39760,62,46,16,16
39761,143,110,33,33
39762,59,54,5,5
39763,133,117,16,16
39764,84,82,2,2
39765,127,112,15,15
39766,75,64,11,11
39767,128,112,16,16
39768,85,82,3,3
39769,127,102,25,25
39770,66,65,1,1
39771,45,30,15,15
39772,89,78,11,11
39773,82,67,15,15
39774,98,83,15,15
39775,51,55,-4,4
39776,112,104,8,8
39777,70,61,9,9
39778,75,53,22,22
39779,97,87,10,10
39780,59,68,-9,9
39781,51,41,10,10
39782,53,49,4,4
39783,56,60,-4,4
39784,67,53,14,14
39785,66,60,6,6
39786,89,79,10,10
39787,94,75,19,19
39788,77,75,2,2
39789,41,38,3,3
39790,85,76,9,9
39791,72,60,12,12
39792,108,98,10,10
39793,105,94,11,11
39794,67,65,2,2
39795,97,83,14,14
39796,76,64,12,12
39797,133,133,0,0
39798,93,83,10,10
39799,40,38,2,2
39800,66,54,12,12
39801,43,43,0,0
39802,145,125,20,20
39803,135,107,28,28
39804,64,59,5,5
39805,76,85,-9,9
39806,55,52,3,3
39807,78,59,19,19
39808,103,89,14,14
39809,141,134,7,7
39810,152,139,13,13
39811,110,108,2,2
39812,122,101,21,21
39813,78,71,7,7
39814,82,76,6,6
39815,104,83,21,21
39816,112,97,15,15
39817,69,58,11,11
39818,48,43,5,5
39819,60,60,0,0
39820,54,46,8,8
39821,128,109,19,19
39822,61,53,8,8
39823,108,100,8,8
39824,86,77,9,9
39825,74,72,2,2
39826,168,148,20,20
39827,76,65,11,11
39828,80,71,9,9
39829,96,79,17,17
39830,74,65,9,9
39831,59,49,10,10
39832,143,128,15,15
39833,68,54,14,14
39834,76,72,4,4
39835,97,91,6,6
39836,66,61,5,5
39837,94,83,11,11
39838,159,136,23,23
39839,76,63,13,13
39840,121,111,10,10
39841,123,114,9,9
39842,80,70,10,10
39843,77,71,6,6
39844,52,52,0,0
39845,115,110,5,5
39846,180,143,37,37
39847,70,66,4,4
39848,79,76,3,3
39849,112,91,21,21
39850,89,81,8,8
39851,83,72,11,11
39852,108,103,5,5
39853,67,64,3,3
39854,86,74,12,12
39855,82,74,8,8
39856,156,141,15,15
39857,141,117,24,24
39858,154,136,18,18
39859,63,60,3,3
39860,52,46,6,6
39861,122,101,21,21
39862,69,69,0,0
39863,93,84,9,9
39864,106,102,4,4
39865,76,71,5,5
39866,97,77,20,20
39867,96,84,12,12
39868,116,105,11,11
39869,98,85,13,13
39870,89,76,13,13
39871,137,127,10,10
39872,88,66,22,22
39873,115,102,13,13
39874,135,121,14,14
39875,99,92,7,7
39876,68,66,2,2
39877,98,89,9,9
39878,119,101,18,18
39879,77,62,15,15
39880,74,72,2,2
39881,115,102,13,13
39882,67,57,10,10
39883,79,75,4,4
39884,107,103,4,4
39885,83,71,12,12
39886,74,72,2,2
39887,160,147,13,13
39888,56,50,6,6
39889,74,69,5,5
39890,95,87,8,8
39891,141,136,5,5
39892,98,87,11,11
39893,84,77,7,7
39894,118,102,16,16
39895,58,48,10,10
39896,54,54,0,0
39897,74,70,4,4
39898,69,63,6,6
39899,123,96,27,27
39900,59,53,6,6
39901,50,52,-2,2
39902,56,45,11,11
39903,55,51,4,4
39904,145,122,23,23
39905,89,73,16,16
39906,74,61,13,13
39907,67,65,2,2
39908,100,92,8,8
39909,99,88,11,11
39910,64,60,4,4
39911,49,54,-5,5
39912,144,131,13,13
39913,65,57,8,8
39914,57,55,2,2
39915,74,65,9,9
39916,82,77,5,5
39917,80,65,15,15
39918,167,171,-4,4
39919,55,42,13,13
39920,98,91,7,7
39921,69,62,7,7
39922,60,55,5,5
39923,149,131,18,18
39924,170,151,19,19
39925,56,55,1,1
39926,120,104,16,16
39927,114,104,10,10
39928,123,114,9,9
39929,67,67,0,0
39930,145,127,18,18
39931,72,64,8,8
39932,85,73,12,12
39933,117,101,16,16
39934,87,94,-7,7
39935,66,61,5,5
39936,116,109,7,7
39937,53,58,-5,5
39938,109,93,16,16
39939,26,28,-2,2
39940,51,51,0,0
39941,65,50,15,15
39942,89,74,15,15
39943,110,85,25,25
39944,70,63,7,7
39945,46,44,2,2
39946,119,104,15,15
39947,127,108,19,19
39948,95,81,14,14
39949,68,62,6,6
39950,73,63,10,10
39951,112,95,17,17
39952,152,143,9,9
39953,83,73,10,10
39954,115,104,11,11
39955,131,101,30,30
39956,49,47,2,2
39957,118,90,28,28
39958,94,76,18,18
39959,120,111,9,9
39960,64,65,-1,1
39961,145,127,18,18
39962,63,58,5,5
39963,62,53,9,9
39964,55,50,5,5
39965,113,111,2,2
39966,62,57,5,5
39967,80,65,15,15
39968,100,85,15,15
39969,72,70,2,2
39970,75,66,9,9
39971,104,92,12,12
39972,56,47,9,9
39973,116,113,3,3
39974,87,83,4,4
39975,109,97,12,12
39976,107,104,3,3
39977,63,57,6,6
39978,127,119,8,8
39979,124,98,26,26
39980,67,59,8,8
39981,229,171,58,58
39982,144,113,31,31
39983,110,99,11,11
39984,70,58,12,12
39985,102,88,14,14
39986,153,123,30,30
39987,82,73,9,9
39988,50,45,5,5
39989,54,56,-2,2
39990,97,80,17,17
39991,75,75,0,0
39992,83,70,13,13
39993,88,75,13,13
39994,129,109,20,20
39995,91,72,19,19
39996,115,94,21,21
39997,96,86,10,10
39998,177,156,21,21
39999,109,101,8,8
40000,91,83,8,8
40001,102,86,16,16
40002,75,62,13,13
40003,67,60,7,7
40004,85,75,10,10
40005,133,114,19,19
40006,122,105,17,17
40007,99,89,10,10
40008,72,67,5,5
40009,80,72,8,8
40010,61,59,2,2
40011,118,98,20,20
40012,112,99,13,13
40013,69,69,0,0
40014,156,138,18,18
40015,140,123,17,17
40016,55,46,9,9
40017,85,83,2,2
40018,104,87,17,17
40019,113,97,16,16
40020,61,63,-2,2
40021,110,102,8,8
40022,142,115,27,27
40023,93,79,14,14
40024,49,44,5,5
40025,139,130,9,9
40026,42,41,1,1
40027,80,61,19,19
40028,138,122,16,16
40029,148,132,16,16
40030,28,40,-12,12
40031,54,52,2,2
40032,85,68,17,17
40033,84,75,9,9
40034,161,133,28,28
40035,80,69,11,11
40036,108,112,-4,4
40037,91,84,7,7
40038,92,78,14,14
40039,92,91,1,1
40040,91,75,16,16
40041,146,122,24,24
40042,59,59,0,0
40043,109,89,20,20
40044,67,66,1,1
40045,89,86,3,3
40046,156,129,27,27
40047,106,89,17,17
40048,71,62,9,9
40049,161,138,23,23
40050,97,83,14,14
40051,95,82,13,13
40052,128,118,10,10
40053,79,85,-6,6
40054,127,122,5,5
40055,88,83,5,5
40056,63,58,5,5
40057,47,43,4,4
40058,67,66,1,1
40059,44,35,9,9
40060,70,59,11,11
40061,59,48,11,11
40062,115,104,11,11
40063,123,116,7,7
40064,49,42,7,7
40065,81,70,11,11
40066,55,49,6,6
40067,105,86,19,19
40068,120,107,13,13
40069,95,87,8,8
40070,73,69,4,4
40071,76,70,6,6
40072,95,83,12,12
40073,35,31,4,4
40074,85,71,14,14
40075,65,71,-6,6
40076,125,112,13,13
40077,62,56,6,6
40078,95,86,9,9
40079,139,124,15,15
40080,77,73,4,4
40081,65,59,6,6
40082,53,50,3,3
40083,83,66,17,17
40084,62,46,16,16
40085,74,65,9,9
40086,32,31,1,1
40087,67,59,8,8
40088,134,113,21,21
40089,78,75,3,3
40090,88,76,12,12
40091,81,75,6,6
40092,60,58,2,2
40093,117,93,24,24
40094,61,57,4,4
40095,147,132,15,15
40096,217,177,40,40
40097,84,72,12,12
40098,67,52,15,15
40099,158,162,-4,4
40100,51,57,-6,6
40101,91,81,10,10
40102,72,60,12,12
40103,121,113,8,8
40104,76,65,11,11
40105,117,98,19,19
40106,63,59,4,4
40107,82,81,1,1
40108,87,88,-1,1
40109,77,65,12,12
40110,67,60,7,7
40111,129,97,32,32
40112,56,51,5,5
40113,60,60,0,0
40114,130,106,24,24
40115,106,106,0,0
40116,73,62,11,11
40117,89,81,8,8
40118,85,88,-3,3
40119,71,62,9,9
40120,206,189,17,17
40121,142,130,12,12
40122,106,98,8,8
40123,98,86,12,12
40124,60,62,-2,2
40125,113,104,9,9
40126,57,54,3,3
40127,73,54,19,19
40128,186,147,39,39
40129,87,87,0,0
40130,122,101,21,21
40131,80,77,3,3
40132,130,107,23,23
40133,106,89,17,17
40134,175,178,-3,3
40135,135,109,26,26
40136,115,101,14,14
40137,80,73,7,7
40138,125,101,24,24
40139,85,84,1,1
40140,85,72,13,13
40141,143,125,18,18
40142,92,79,13,13
40143,74,53,21,21
40144,66,68,-2,2
40145,68,58,10,10
40146,103,87,16,16
40147,82,73,9,9
40148,57,54,3,3
40149,102,101,1,1
40150,117,104,13,13
40151,79,77,2,2
40152,179,144,35,35
40153,111,107,4,4
40154,59,54,5,5
40155,90,80,10,10
40156,82,93,-11,11
40157,120,105,15,15
40158,89,79,10,10
40159,76,67,9,9
40160,74,59,15,15
40161,54,51,3,3
40162,51,51,0,0
40163,71,69,2,2
40164,116,92,24,24
40165,84,72,12,12
40166,107,93,14,14
40167,83,71,12,12
40168,170,144,26,26
40169,118,108,10,10
40170,115,100,15,15
40171,78,78,0,0
40172,155,135,20,20
40173,143,129,14,14
40174,80,80,0,0
40175,64,65,-1,1
40176,97,79,18,18
40177,92,79,13,13
40178,63,62,1,1
40179,196,155,41,41
40180,70,70,0,0
40181,95,87,8,8
40182,73,66,7,7
40183,64,65,-1,1
40184,86,89,-3,3
40185,93,88,5,5
40186,81,69,12,12
40187,132,94,38,38
40188,89,59,30,30
40189,80,61,19,19
40190,61,53,8,8
40191,148,140,8,8
40192,104,93,11,11
40193,105,97,8,8
40194,94,77,17,17
40195,72,70,2,2
40196,71,63,8,8
40197,115,103,12,12
40198,100,86,14,14
40199,64,55,9,9
40200,88,86,2,2
40201,175,165,10,10
40202,153,144,9,9
40203,58,49,9,9
40204,143,131,12,12
40205,49,45,4,4
40206,62,57,5,5
40207,72,62,10,10
40208,112,102,10,10
40209,90,77,13,13
40210,88,75,13,13
40211,92,77,15,15
40212,25,43,-18,18
40213,97,84,13,13
40214,133,111,22,22
40215,86,79,7,7
40216,81,71,10,10
40217,164,141,23,23
40218,64,55,9,9
40219,79,72,7,7
40220,108,95,13,13
40221,62,60,2,2
40222,84,77,7,7
40223,187,171,16,16
40224,70,72,-2,2
40225,119,100,19,19
40226,86,81,5,5
40227,118,102,16,16
40228,79,75,4,4
40229,77,70,7,7
40230,85,82,3,3
40231,107,85,22,22
40232,76,69,7,7
40233,54,39,15,15
40234,66,60,6,6
40235,64,63,1,1
40236,56,62,-6,6
40237,147,143,4,4
40238,92,58,34,34
40239,119,102,17,17
40240,61,64,-3,3
40241,112,97,15,15
40242,116,109,7,7
40243,68,70,-2,2
40244,153,137,16,16
40245,114,113,1,1
40246,115,100,15,15
40247,91,83,8,8
40248,68,65,3,3
40249,111,97,14,14
40250,79,63,16,16
40251,57,55,2,2
40252,114,104,10,10
40253,66,64,2,2
40254,96,74,22,22
40255,83,86,-3,3
40256,93,75,18,18
40257,83,67,16,16
40258,80,67,13,13
40259,82,75,7,7
40260,114,104,10,10
40261,49,43,6,6
40262,67,63,4,4
40263,79,69,10,10
40264,77,68,9,9
40265,64,58,6,6
40266,177,149,28,28
40267,71,66,5,5
40268,99,85,14,14
40269,90,79,11,11
40270,107,93,14,14
40271,103,83,20,20
40272,144,128,16,16
40273,81,68,13,13
40274,69,65,4,4
40275,63,72,-9,9
40276,105,97,8,8
40277,100,81,19,19
40278,118,110,8,8
40279,89,68,21,21
40280,90,81,9,9
40281,88,82,6,6
40282,69,60,9,9
40283,59,48,11,11
40284,84,71,13,13
40285,143,132,11,11
40286,112,112,0,0
40287,143,141,2,2
40288,78,73,5,5
40289,38,39,-1,1
40290,107,88,19,19
40291,57,52,5,5
40292,62,85,-23,23
40293,79,75,4,4
40294,72,68,4,4
40295,85,74,11,11
40296,83,74,9,9
40297,69,64,5,5
40298,62,52,10,10
40299,80,73,7,7
40300,55,60,-5,5
40301,77,62,15,15
40302,77,75,2,2
40303,81,79,2,2
40304,88,76,12,12
40305,75,76,-1,1
40306,103,95,8,8
40307,63,52,11,11
40308,115,91,24,24
40309,149,138,11,11
40310,48,42,6,6
40311,67,54,13,13
40312,167,135,32,32
40313,116,103,13,13
40314,40,41,-1,1
40315,93,86,7,7
40316,98,85,13,13
40317,105,84,21,21
40318,150,125,25,25
40319,174,140,34,34
40320,156,125,31,31
40321,61,82,-21,21
40322,124,119,5,5
40323,61,52,9,9
40324,58,53,5,5
40325,147,137,10,10
40326,80,80,0,0
40327,115,92,23,23
40328,139,125,14,14
40329,73,68,5,5
40330,208,182,26,26
40331,92,89,3,3
40332,63,53,10,10
40333,126,102,24,24
40334,31,30,1,1
40335,55,58,-3,3
40336,154,137,17,17
40337,110,99,11,11
40338,62,58,4,4
40339,124,105,19,19
40340,81,70,11,11
40341,78,59,19,19
40342,122,124,-2,2
40343,110,108,2,2
40344,100,76,24,24
40345,112,101,11,11
40346,58,53,5,5
40347,92,78,14,14
40348,143,127,16,16
40349,76,68,8,8
40350,62,63,-1,1
40351,72,66,6,6
40352,96,84,12,12
40353,98,89,9,9
40354,209,171,38,38
40355,81,71,10,10
40356,65,66,-1,1
40357,111,89,22,22
40358,158,154,4,4
40359,106,100,6,6
40360,124,103,21,21
40361,90,74,16,16
40362,95,85,10,10
40363,86,81,5,5
40364,89,73,16,16
40365,59,60,-1,1
40366,132,107,25,25
40367,91,61,30,30
40368,90,76,14,14
40369,85,77,8,8
40370,77,78,-1,1
40371,68,57,11,11
40372,77,78,-1,1
40373,125,121,4,4
40374,53,46,7,7
40375,100,94,6,6
40376,128,118,10,10
40377,78,66,12,12
40378,73,83,-10,10
40379,79,70,9,9
40380,89,83,6,6
40381,101,92,9,9
40382,93,96,-3,3
40383,93,85,8,8
40384,62,54,8,8
40385,113,101,12,12
40386,117,101,16,16
40387,133,113,20,20
40388,107,102,5,5
40389,64,79,-15,15
40390,48,53,-5,5
40391,103,89,14,14
40392,91,87,4,4
40393,121,116,5,5
40394,109,101,8,8
40395,92,82,10,10
40396,118,98,20,20
40397,82,76,6,6
40398,76,57,19,19
40399,98,83,15,15
40400,118,95,23,23
40401,124,119,5,5
40402,120,95,25,25
40403,85,81,4,4
40404,112,99,13,13
40405,88,77,11,11
40406,65,56,9,9
40407,48,47,1,1
40408,66,68,-2,2
40409,106,75,31,31
40410,174,143,31,31
40411,161,140,21,21
40412,42,73,-31,31
40413,65,64,1,1
40414,47,51,-4,4
40415,100,99,1,1
40416,91,79,12,12
40417,59,54,5,5
40418,77,76,1,1
40419,83,74,9,9
40420,91,75,16,16
40421,91,77,14,14
40422,163,145,18,18
40423,89,75,14,14
40424,144,137,7,7
40425,107,103,4,4
40426,75,64,11,11
40427,210,188,22,22
40428,168,146,22,22
40429,116,80,36,36
40430,67,70,-3,3
40431,66,58,8,8
40432,23,24,-1,1
40433,99,84,15,15
40434,66,59,7,7
40435,56,50,6,6
40436,92,75,17,17
40437,132,113,19,19
40438,67,64,3,3
40439,42,37,5,5
40440,123,114,9,9
40441,44,41,3,3
40442,117,103,14,14
40443,109,96,13,13
40444,106,95,11,11
40445,92,79,13,13
40446,88,72,16,16
40447,74,73,1,1
40448,114,114,0,0
40449,146,117,29,29
40450,105,93,12,12
40451,91,81,10,10
40452,124,109,15,15
40453,178,154,24,24
40454,98,87,11,11
40455,145,140,5,5
40456,76,69,7,7
40457,100,89,11,11
40458,128,98,30,30
40459,152,133,19,19
40460,40,37,3,3
40461,65,62,3,3
40462,107,100,7,7
40463,90,77,13,13
40464,100,96,4,4
40465,71,78,-7,7
40466,55,51,4,4
40467,80,63,17,17
40468,131,101,30,30
40469,28,33,-5,5
40470,93,83,10,10
40471,149,145,4,4
40472,88,78,10,10
40473,50,48,2,2
40474,82,81,1,1
40475,125,106,19,19
40476,131,107,24,24
40477,93,91,2,2
40478,83,71,12,12
40479,149,140,9,9
40480,74,71,3,3
40481,124,113,11,11
40482,174,139,35,35
40483,83,99,-16,16
40484,119,111,8,8
40485,85,72,13,13
40486,70,58,12,12
40487,197,171,26,26
40488,131,117,14,14
40489,130,107,23,23
40490,73,69,4,4
40491,97,82,15,15
40492,85,83,2,2
40493,198,161,37,37
40494,100,85,15,15
40495,81,77,4,4
40496,71,65,6,6
40497,97,86,11,11
40498,77,80,-3,3
40499,88,78,10,10
40500,90,74,16,16
40501,74,67,7,7
40502,70,66,4,4
40503,63,56,7,7
40504,149,129,20,20
40505,97,79,18,18
40506,65,65,0,0
40507,81,71,10,10
40508,100,90,10,10
40509,79,80,-1,1
40510,106,95,11,11
40511,79,73,6,6
40512,137,121,16,16
40513,82,79,3,3
40514,68,48,20,20
40515,100,80,20,20
40516,40,41,-1,1
40517,57,49,8,8
40518,73,70,3,3
40519,85,76,9,9
40520,135,118,17,17
40521,126,112,14,14
40522,158,141,17,17
40523,110,97,13,13
40524,125,119,6,6
40525,115,97,18,18
40526,112,105,7,7
40527,71,69,2,2
40528,121,123,-2,2
40529,97,95,2,2
40530,104,92,12,12
40531,97,89,8,8
40532,54,50,4,4
40533,76,74,2,2
40534,132,98,34,34
40535,98,96,2,2
40536,107,94,13,13
40537,119,102,17,17
40538,125,107,18,18
40539,96,89,7,7
40540,49,45,4,4
40541,89,64,25,25
40542,101,85,16,16
40543,86,86,0,0
40544,43,41,2,2
40545,40,38,2,2
40546,109,93,16,16
40547,49,52,-3,3
40548,99,89,10,10
40549,120,87,33,33
40550,70,74,-4,4
40551,177,147,30,30
40552,59,61,-2,2
40553,90,84,6,6
40554,99,88,11,11
40555,99,90,9,9
40556,113,90,23,23
40557,87,72,15,15
40558,120,102,18,18
40559,122,96,26,26
40560,156,139,17,17
40561,90,76,14,14
40562,109,97,12,12
40563,59,62,-3,3
40564,110,100,10,10
40565,64,57,7,7
40566,76,69,7,7
40567,93,78,15,15
40568,81,80,1,1
40569,155,135,20,20
40570,77,76,1,1
40571,52,50,2,2
40572,48,46,2,2
40573,94,90,4,4
40574,72,70,2,2
40575,78,84,-6,6
40576,108,94,14,14
40577,74,73,1,1
40578,67,58,9,9
40579,88,75,13,13
40580,127,113,14,14
40581,88,90,-2,2
40582,53,53,0,0
40583,101,92,9,9
40584,105,90,15,15
40585,120,107,13,13
40586,63,60,3,3
40587,50,50,0,0
40588,67,59,8,8
40589,121,110,11,11
40590,76,70,6,6
40591,95,69,26,26
40592,97,90,7,7
40593,63,61,2,2
40594,135,120,15,15
40595,61,59,2,2
40596,79,72,7,7
40597,133,117,16,16
40598,97,94,3,3
40599,78,58,20,20
40600,96,82,14,14
40601,47,46,1,1
40602,139,112,27,27
40603,99,84,15,15
40604,113,91,22,22
40605,94,82,12,12
40606,100,96,4,4
40607,71,74,-3,3
40608,102,95,7,7
40609,113,98,15,15
40610,85,77,8,8
40611,75,58,17,17
40612,62,50,12,12
40613,111,74,37,37
40614,80,70,10,10
40615,117,105,12,12
40616,107,95,12,12
40617,75,69,6,6
40618,82,76,6,6
40619,73,66,7,7
40620,110,97,13,13
40621,115,98,17,17
40622,151,134,17,17
40623,60,57,3,3
40624,51,51,0,0
40625,76,64,12,12
40626,115,92,23,23
40627,79,71,8,8
40628,85,78,7,7
40629,84,76,8,8
40630,136,112,24,24
40631,76,70,6,6
40632,30,42,-12,12
40633,141,123,18,18
40634,83,70,13,13
40635,81,78,3,3
40636,79,75,4,4
40637,113,101,12,12
40638,88,73,15,15
40639,145,154,-9,9
40640,156,139,17,17
40641,80,79,1,1
40642,103,90,13,13
40643,116,100,16,16
40644,76,64,12,12
40645,123,112,11,11
40646,93,81,12,12
40647,103,100,3,3
40648,67,55,12,12
40649,102,99,3,3
40650,92,74,18,18
40651,86,77,9,9
40652,56,52,4,4
40653,80,75,5,5
40654,137,126,11,11
40655,48,53,-5,5
40656,87,59,28,28
40657,112,108,4,4
40658,74,59,15,15
40659,87,80,7,7
40660,101,99,2,2
40661,58,55,3,3
40662,116,100,16,16
40663,97,81,16,16
40664,65,55,10,10
40665,98,80,18,18
40666,98,82,16,16
40667,156,132,24,24
40668,88,79,9,9
40669,85,84,1,1
40670,64,56,8,8
40671,72,66,6,6
40672,107,104,3,3
40673,87,93,-6,6
40674,115,105,10,10
40675,102,78,24,24
40676,120,101,19,19
40677,87,86,1,1
40678,81,76,5,5
40679,53,50,3,3
40680,71,72,-1,1
40681,78,68,10,10
40682,104,88,16,16
40683,113,110,3,3
40684,51,40,11,11
40685,65,60,5,5
40686,109,114,-5,5
40687,78,74,4,4
40688,105,85,20,20
40689,93,85,8,8
40690,103,91,12,12
40691,113,93,20,20
40692,77,77,0,0
40693,135,118,17,17
40694,82,62,20,20
40695,84,73,11,11
40696,56,57,-1,1
40697,54,49,5,5
40698,146,122,24,24
40699,149,131,18,18
40700,91,73,18,18
40701,61,51,10,10
40702,117,114,3,3
40703,46,41,5,5
40704,159,142,17,17
40705,94,75,19,19
40706,153,125,28,28
40707,108,93,15,15
40708,85,71,14,14
40709,69,62,7,7
40710,295,216,79,79
40711,74,65,9,9
40712,103,93,10,10
40713,80,68,12,12
40714,68,63,5,5
40715,120,116,4,4
40716,86,78,8,8
40717,118,105,13,13
40718,74,69,5,5
40719,99,84,15,15
40720,76,64,12,12
40721,134,111,23,23
40722,97,97,0,0
40723,66,65,1,1
40724,92,91,1,1
40725,50,47,3,3
40726,83,76,7,7
40727,98,92,6,6
40728,72,63,9,9
40729,71,58,13,13
40730,71,68,3,3
40731,78,73,5,5
40732,81,75,6,6
40733,126,115,11,11
40734,71,60,11,11
40735,70,62,8,8
40736,141,124,17,17
40737,75,64,11,11
40738,85,71,14,14
40739,89,80,9,9
40740,82,73,9,9
40741,174,143,31,31
40742,77,72,5,5
40743,113,109,4,4
40744,165,149,16,16
40745,55,45,10,10
40746,94,77,17,17
40747,81,78,3,3
40748,103,91,12,12
40749,87,72,15,15
40750,68,71,-3,3
40751,205,194,11,11
40752,85,77,8,8
40753,66,55,11,11
40754,68,60,8,8
40755,87,79,8,8
40756,101,83,18,18
40757,115,101,14,14
40758,69,56,13,13
40759,144,124,20,20
40760,97,89,8,8
40761,107,98,9,9
40762,88,93,-5,5
40763,138,121,17,17
40764,90,75,15,15
40765,129,126,3,3
40766,66,57,9,9
40767,75,70,5,5
40768,118,101,17,17
40769,99,86,13,13
40770,77,65,12,12
40771,89,75,14,14
40772,95,85,10,10
40773,56,45,11,11
40774,115,104,11,11
40775,59,54,5,5
40776,117,106,11,11
40777,110,104,6,6
40778,120,88,32,32
40779,98,76,22,22
40780,121,113,8,8
40781,100,78,22,22
40782,85,72,13,13
40783,106,93,13,13
40784,165,138,27,27
40785,65,68,-3,3
40786,58,50,8,8
40787,165,150,15,15
40788,56,53,3,3
40789,62,60,2,2
40790,85,70,15,15
40791,93,91,2,2
40792,57,59,-2,2
40793,97,88,9,9
40794,96,88,8,8
40795,45,43,2,2
40796,114,101,13,13
40797,77,58,19,19
40798,77,76,1,1
40799,89,71,18,18
40800,70,56,14,14
40801,84,80,4,4
40802,89,95,-6,6
40803,104,96,8,8
40804,88,79,9,9
40805,68,61,7,7
40806,67,60,7,7
40807,51,47,4,4
40808,144,139,5,5
40809,135,121,14,14
40810,89,79,10,10
40811,122,103,19,19
40812,110,94,16,16
40813,81,73,8,8
40814,147,139,8,8
40815,60,53,7,7
40816,137,132,5,5
40817,110,98,12,12
40818,125,112,13,13
40819,89,85,4,4
40820,129,127,2,2
40821,70,53,17,17
40822,149,135,14,14
40823,72,65,7,7
40824,96,87,9,9
40825,76,71,5,5
40826,154,140,14,14
40827,220,181,39,39
40828,106,98,8,8
40829,95,90,5,5
40830,158,151,7,7
40831,140,127,13,13
40832,86,79,7,7
40833,96,77,19,19
40834,100,84,16,16
40835,70,63,7,7
40836,64,50,14,14
40837,147,127,20,20
40838,75,69,6,6
40839,80,65,15,15
40840,161,130,31,31
40841,83,92,-9,9
40842,89,71,18,18
40843,169,141,28,28
40844,85,77,8,8
40845,151,142,9,9
40846,85,71,14,14
40847,61,57,4,4
40848,62,54,8,8
40849,118,101,17,17
40850,97,85,12,12
40851,118,100,18,18
40852,104,83,21,21
40853,44,39,5,5
40854,101,86,15,15
40855,69,62,7,7
40856,52,49,3,3
40857,115,105,10,10
40858,56,46,10,10
40859,110,108,2,2
40860,96,107,-11,11
40861,88,75,13,13
40862,94,88,6,6
40863,60,59,1,1
40864,108,99,9,9
40865,114,93,21,21
40866,87,79,8,8
40867,102,93,9,9
40868,75,60,15,15
40869,56,43,13,13
40870,123,118,5,5
40871,29,39,-10,10
40872,70,71,-1,1
40873,87,74,13,13
40874,48,54,-6,6
40875,108,91,17,17
40876,164,153,11,11
40877,125,98,27,27
40878,66,59,7,7
40879,190,166,24,24
40880,91,80,11,11
40881,116,82,34,34
40882,96,85,11,11
40883,86,75,11,11
40884,157,153,4,4
40885,149,123,26,26
40886,54,53,1,1
40887,81,73,8,8
40888,97,92,5,5
40889,128,110,18,18
40890,96,88,8,8
40891,121,113,8,8
40892,131,115,16,16
40893,133,110,23,23
40894,130,116,14,14
40895,97,79,18,18
40896,68,69,-1,1
40897,118,96,22,22
40898,91,79,12,12
40899,90,92,-2,2
40900,65,59,6,6
40901,143,116,27,27
40902,80,59,21,21
40903,96,65,31,31
40904,104,86,18,18
40905,112,103,9,9
40906,86,72,14,14
40907,91,83,8,8
40908,205,163,42,42
40909,73,76,-3,3
40910,101,83,18,18
40911,73,65,8,8
40912,90,75,15,15
40913,191,178,13,13
40914,90,82,8,8
40915,149,134,15,15
40916,73,74,-1,1
40917,152,141,11,11
40918,115,100,15,15
40919,88,83,5,5
40920,86,76,10,10
40921,103,91,12,12
40922,37,36,1,1
40923,83,68,15,15
40924,76,60,16,16
40925,56,55,1,1
40926,130,120,10,10
40927,67,55,12,12
40928,78,65,13,13
40929,105,93,12,12
40930,101,84,17,17
40931,88,73,15,15
40932,83,77,6,6
40933,108,96,12,12
40934,67,59,8,8
40935,107,94,13,13
40936,43,36,7,7
40937,71,73,-2,2
40938,99,76,23,23
40939,120,117,3,3
40940,132,107,25,25
40941,30,33,-3,3
40942,88,78,10,10
40943,82,90,-8,8
40944,59,59,0,0
40945,68,61,7,7
40946,120,98,22,22
40947,60,59,1,1
40948,103,89,14,14
40949,110,95,15,15
40950,114,100,14,14
40951,90,80,10,10
40952,192,165,27,27
40953,100,92,8,8
40954,119,110,9,9
40955,91,70,21,21
40956,98,86,12,12
40957,51,45,6,6
40958,94,81,13,13
40959,98,92,6,6
40960,71,57,14,14
40961,106,108,-2,2
40962,78,74,4,4
40963,66,61,5,5
40964,79,75,4,4
40965,85,77,8,8
40966,147,135,12,12
40967,68,61,7,7
40968,66,58,8,8
40969,81,72,9,9
40970,133,117,16,16
40971,120,104,16,16
40972,71,70,1,1
40973,169,157,12,12
40974,159,138,21,21
40975,57,56,1,1
40976,73,69,4,4
40977,44,38,6,6
40978,85,80,5,5
40979,49,58,-9,9
40980,54,43,11,11
40981,89,76,13,13
40982,62,62,0,0
40983,88,76,12,12
40984,93,89,4,4
40985,66,59,7,7
40986,69,61,8,8
40987,138,137,1,1
40988,88,80,8,8
40989,102,97,5,5
40990,45,39,6,6
40991,48,47,1,1
40992,106,103,3,3
40993,158,122,36,36
40994,125,107,18,18
40995,64,66,-2,2
40996,153,141,12,12
40997,66,60,6,6
40998,87,79,8,8
40999,90,82,8,8
41000,105,93,12,12
41001,51,41,10,10
41002,148,123,25,25
41003,123,120,3,3
41004,59,50,9,9
41005,88,67,21,21
41006,91,84,7,7
41007,77,70,7,7
41008,98,88,10,10
41009,84,78,6,6
41010,97,76,21,21
41011,129,106,23,23
41012,158,145,13,13
41013,99,93,6,6
41014,153,140,13,13
41015,140,111,29,29
41016,97,80,17,17
41017,116,106,10,10
41018,108,92,16,16
41019,117,105,12,12
41020,112,101,11,11
41021,70,62,8,8
41022,117,110,7,7
41023,186,162,24,24
41024,88,79,9,9
41025,40,40,0,0
41026,69,66,3,3
41027,138,111,27,27
41028,68,66,2,2
41029,194,159,35,35
41030,141,126,15,15
41031,66,69,-3,3
41032,87,85,2,2
41033,112,100,12,12
41034,120,95,25,25
41035,117,96,21,21
41036,116,105,11,11
41037,113,111,2,2
41038,109,112,-3,3
41039,116,102,14,14
41040,107,91,16,16
41041,156,130,26,26
41042,54,47,7,7
41043,96,85,11,11
41044,116,99,17,17
41045,105,88,17,17
41046,53,50,3,3
41047,146,127,19,19
41048,111,111,0,0
41049,55,45,10,10
41050,130,112,18,18
41051,89,78,11,11
41052,99,103,-4,4
41053,101,83,18,18
41054,107,99,8,8
41055,56,50,6,6
41056,72,67,5,5
41057,141,127,14,14
41058,49,45,4,4
41059,50,45,5,5
41060,106,84,22,22
41061,71,63,8,8
41062,82,86,-4,4
41063,112,95,17,17
41064,114,104,10,10
41065,91,81,10,10
41066,79,70,9,9
41067,87,79,8,8
41068,72,63,9,9
41069,140,126,14,14
41070,79,79,0,0
41071,103,85,18,18
41072,105,94,11,11
41073,80,74,6,6
41074,63,56,7,7
41075,89,79,10,10
41076,58,54,4,4
41077,71,60,11,11
41078,91,85,6,6
41079,64,54,10,10
41080,134,115,19,19
41081,144,129,15,15
41082,46,56,-10,10
41083,79,81,-2,2
41084,137,111,26,26
41085,71,62,9,9
41086,88,77,11,11
41087,99,86,13,13
41088,77,71,6,6
41089,71,63,8,8
41090,66,57,9,9
41091,57,56,1,1
41092,107,98,9,9
41093,157,142,15,15
41094,59,57,2,2
41095,107,104,3,3
41096,150,125,25,25
41097,97,89,8,8
41098,56,49,7,7
41099,122,106,16,16
41100,118,100,18,18
41101,98,69,29,29
41102,87,84,3,3
41103,84,64,20,20
41104,67,59,8,8
41105,97,88,9,9
41106,110,99,11,11
41107,75,68,7,7
41108,49,50,-1,1
41109,121,119,2,2
41110,124,107,17,17
41111,86,78,8,8
41112,91,81,10,10
41113,74,60,14,14
41114,87,69,18,18
41115,61,57,4,4
41116,76,66,10,10
41117,169,158,11,11
41118,79,72,7,7
41119,85,84,1,1
41120,129,103,26,26
41121,68,60,8,8
41122,88,100,-12,12
41123,136,110,26,26
41124,81,76,5,5
41125,143,136,7,7
41126,66,59,7,7
41127,90,87,3,3
41128,69,59,10,10
41129,129,116,13,13
41130,77,77,0,0
41131,128,119,9,9
41132,110,102,8,8
41133,125,115,10,10
41134,82,74,8,8
41135,147,122,25,25
41136,77,70,7,7
41137,81,58,23,23
41138,91,81,10,10
41139,106,84,22,22
41140,65,61,4,4
41141,59,52,7,7
41142,107,103,4,4
41143,75,76,-1,1
41144,86,87,-1,1
41145,92,81,11,11
41146,87,79,8,8
41147,115,114,1,1
41148,70,66,4,4
41149,78,55,23,23
41150,77,68,9,9
41151,142,140,2,2
41152,161,147,14,14
41153,145,118,27,27
41154,102,92,10,10
41155,68,61,7,7
41156,81,75,6,6
41157,92,80,12,12
41158,91,84,7,7
41159,87,77,10,10
41160,168,151,17,17
41161,58,52,6,6
41162,119,91,28,28
41163,55,47,8,8
41164,69,68,1,1
41165,69,66,3,3
41166,99,93,6,6
41167,72,66,6,6
41168,82,76,6,6
41169,134,115,19,19
41170,88,74,14,14
41171,61,60,1,1
41172,77,69,8,8
41173,106,100,6,6
41174,89,82,7,7
41175,90,80,10,10
41176,102,100,2,2
41177,77,67,10,10
41178,63,58,5,5
41179,76,70,6,6
41180,67,53,14,14
41181,64,67,-3,3
41182,66,62,4,4
41183,126,112,14,14
41184,91,91,0,0
41185,148,114,34,34
41186,111,97,14,14
41187,58,55,3,3
41188,93,80,13,13
41189,80,64,16,16
41190,173,152,21,21
41191,80,68,12,12
41192,117,99,18,18
41193,69,53,16,16
41194,115,106,9,9
41195,122,101,21,21
41196,76,71,5,5
41197,89,68,21,21
41198,92,96,-4,4
41199,101,89,12,12
41200,156,130,26,26
41201,88,77,11,11
41202,61,56,5,5
41203,80,70,10,10
41204,128,111,17,17
41205,101,83,18,18
41206,114,101,13,13
41207,142,112,30,30
41208,53,46,7,7
41209,138,121,17,17
41210,49,44,5,5
41211,146,121,25,25
41212,91,73,18,18
41213,136,130,6,6
41214,60,59,1,1
41215,147,127,20,20
41216,86,79,7,7
41217,71,64,7,7
41218,127,144,-17,17
41219,62,60,2,2
41220,109,91,18,18
41221,69,62,7,7
41222,186,171,15,15
41223,44,44,0,0
41224,39,32,7,7
41225,89,83,6,6
41226,113,104,9,9
41227,65,56,9,9
41228,63,59,4,4
41229,61,57,4,4
41230,132,113,19,19
41231,70,66,4,4
41232,179,154,25,25
41233,103,100,3,3
41234,118,100,18,18
41235,71,67,4,4
41236,156,129,27,27
41237,95,81,14,14
41238,108,102,6,6
41239,92,84,8,8
41240,125,103,22,22
41241,103,84,19,19
41242,87,66,21,21
41243,57,58,-1,1
41244,95,85,10,10
41245,207,193,14,14
41246,72,68,4,4
41247,158,142,16,16
41248,78,69,9,9
41249,59,60,-1,1
41250,77,66,11,11
41251,78,64,14,14
41252,120,96,24,24
41253,137,122,15,15
41254,71,58,13,13
41255,117,101,16,16
41256,97,84,13,13
41257,108,96,12,12
41258,64,64,0,0
41259,125,106,19,19
41260,57,44,13,13
41261,47,50,-3,3
41262,110,87,23,23
41263,173,163,10,10
41264,70,56,14,14
41265,112,100,12,12
41266,69,61,8,8
41267,95,81,14,14
41268,50,43,7,7
41269,60,53,7,7
41270,108,99,9,9
41271,88,80,8,8
41272,141,147,-6,6
41273,65,60,5,5
41274,111,112,-1,1
41275,110,90,20,20
41276,156,117,39,39
41277,70,80,-10,10
41278,77,75,2,2
41279,111,100,11,11
41280,77,68,9,9
41281,132,131,1,1
41282,94,76,18,18
41283,87,94,-7,7
41284,71,72,-1,1
41285,69,66,3,3
41286,57,53,4,4
41287,63,59,4,4
41288,170,156,14,14
41289,99,85,14,14
41290,91,82,9,9
41291,75,69,6,6
41292,155,137,18,18
41293,169,146,23,23
41294,121,100,21,21
41295,56,51,5,5
41296,73,70,3,3
41297,142,60,82,82
41298,76,74,2,2
41299,117,125,-8,8
41300,113,108,5,5
41301,63,48,15,15
41302,146,122,24,24
41303,71,59,12,12
41304,68,60,8,8
41305,96,90,6,6
41306,64,61,3,3
41307,79,62,17,17
41308,77,69,8,8
41309,54,50,4,4
41310,81,74,7,7
41311,106,99,7,7
41312,130,106,24,24
41313,63,50,13,13
41314,74,71,3,3
41315,87,82,5,5
41316,97,85,12,12
41317,136,133,3,3
41318,78,69,9,9
41319,114,93,21,21
41320,172,175,-3,3
41321,69,77,-8,8
41322,55,54,1,1
41323,68,57,11,11
41324,84,73,11,11
41325,64,55,9,9
41326,44,44,0,0
41327,98,83,15,15
41328,118,115,3,3
41329,115,97,18,18
41330,151,133,18,18
41331,66,58,8,8
41332,150,124,26,26
41333,94,78,16,16
41334,83,79,4,4
41335,138,117,21,21
41336,96,88,8,8
41337,117,103,14,14
41338,32,37,-5,5
41339,167,149,18,18
41340,162,131,31,31
41341,120,111,9,9
41342,84,76,8,8
41343,64,59,5,5
41344,147,127,20,20
41345,74,71,3,3
41346,42,48,-6,6
41347,65,71,-6,6
41348,87,72,15,15
41349,101,98,3,3
41350,64,58,6,6
41351,54,56,-2,2
41352,99,94,5,5
41353,60,60,0,0
41354,62,60,2,2
41355,134,111,23,23
41356,79,73,6,6
41357,74,64,10,10
41358,103,103,0,0
41359,160,153,7,7
41360,103,88,15,15
41361,96,87,9,9
41362,66,55,11,11
41363,72,59,13,13
41364,69,64,5,5
41365,115,99,16,16
41366,74,64,10,10
41367,47,47,0,0
41368,116,93,23,23
41369,75,73,2,2
41370,74,74,0,0
41371,138,126,12,12
41372,83,77,6,6
41373,78,73,5,5
41374,144,124,20,20
41375,94,80,14,14
41376,91,78,13,13
41377,97,90,7,7
41378,79,71,8,8
41379,87,78,9,9
41380,50,52,-2,2
41381,61,51,10,10
41382,66,69,-3,3
41383,83,73,10,10
41384,69,57,12,12
41385,117,94,23,23
41386,123,102,21,21
41387,152,115,37,37
41388,53,47,6,6
41389,41,56,-15,15
41390,120,101,19,19
41391,50,51,-1,1
41392,103,94,9,9
41393,59,66,-7,7
41394,146,98,48,48
41395,74,58,16,16
41396,119,104,15,15
41397,100,91,9,9
41398,109,91,18,18
41399,140,118,22,22
41400,104,91,13,13
41401,118,110,8,8
41402,129,106,23,23
41403,62,56,6,6
41404,80,75,5,5
41405,67,62,5,5
41406,45,40,5,5
41407,111,104,7,7
41408,110,101,9,9
41409,68,62,6,6
41410,84,88,-4,4
41411,132,105,27,27
41412,67,60,7,7
41413,66,62,4,4
41414,53,58,-5,5
41415,88,81,7,7
41416,115,107,8,8
41417,142,136,6,6
41418,134,126,8,8
41419,108,99,9,9
41420,63,62,1,1
41421,68,54,14,14
41422,96,81,15,15
41423,73,69,4,4
41424,88,79,9,9
41425,107,86,21,21
41426,114,117,-3,3
41427,132,120,12,12
41428,64,63,1,1
41429,73,63,10,10
41430,109,89,20,20
41431,65,58,7,7
41432,138,105,33,33
41433,103,84,19,19
41434,132,113,19,19
41435,67,59,8,8
41436,70,68,2,2
41437,114,120,-6,6
41438,54,51,3,3
41439,87,72,15,15
41440,57,54,3,3
41441,163,156,7,7
41442,83,76,7,7
41443,48,43,5,5
41444,62,62,0,0
41445,110,91,19,19
41446,64,55,9,9
41447,154,134,20,20
41448,119,103,16,16
41449,81,78,3,3
41450,76,69,7,7
41451,125,94,31,31
41452,82,71,11,11
41453,140,124,16,16
41454,58,49,9,9
41455,90,76,14,14
41456,94,77,17,17
41457,70,66,4,4
41458,126,107,19,19
41459,42,42,0,0
41460,96,78,18,18
41461,144,115,29,29
41462,84,71,13,13
41463,91,76,15,15
41464,89,74,15,15
41465,68,64,4,4
41466,74,69,5,5
41467,73,63,10,10
41468,95,79,16,16
41469,141,118,23,23
41470,144,119,25,25
41471,115,108,7,7
41472,126,101,25,25
41473,81,69,12,12
41474,70,59,11,11
41475,101,96,5,5
41476,36,30,6,6
41477,103,88,15,15
41478,50,46,4,4
41479,108,87,21,21
41480,168,161,7,7
41481,89,88,1,1
41482,128,110,18,18
41483,87,69,18,18
41484,72,50,22,22
41485,166,149,17,17
41486,75,66,9,9
41487,116,107,9,9
41488,66,60,6,6
41489,89,87,2,2
41490,72,72,0,0
41491,103,104,-1,1
41492,82,78,4,4
41493,108,102,6,6
41494,115,94,21,21
41495,154,159,-5,5
41496,96,87,9,9
41497,70,63,7,7
41498,105,89,16,16
41499,103,96,7,7
41500,80,75,5,5
41501,167,122,45,45
41502,131,121,10,10
41503,87,77,10,10
41504,83,75,8,8
41505,221,181,40,40
41506,67,57,10,10
41507,114,98,16,16
41508,88,65,23,23
41509,80,68,12,12
41510,183,161,22,22
41511,67,65,2,2
41512,172,152,20,20
41513,56,44,12,12
41514,60,50,10,10
41515,60,55,5,5
41516,77,74,3,3
41517,85,66,19,19
41518,64,59,5,5
41519,88,82,6,6
41520,143,114,29,29
41521,148,135,13,13
41522,73,64,9,9
41523,97,91,6,6
41524,85,82,3,3
41525,62,46,16,16
41526,82,71,11,11
41527,63,52,11,11
41528,55,45,10,10
41529,133,113,20,20
41530,96,91,5,5
41531,98,89,9,9
41532,67,62,5,5
41533,104,100,4,4
41534,118,146,-28,28
41535,83,86,-3,3
41536,110,103,7,7
41537,138,121,17,17
41538,79,65,14,14
41539,75,62,13,13
41540,67,61,6,6
41541,59,55,4,4
41542,63,51,12,12
41543,125,109,16,16
41544,156,145,11,11
41545,88,73,15,15
41546,106,93,13,13
41547,88,76,12,12
41548,126,116,10,10
41549,71,68,3,3
41550,109,97,12,12
41551,61,88,-27,27
41552,100,95,5,5
41553,157,120,37,37
41554,168,149,19,19
41555,110,98,12,12
41556,92,89,3,3
41557,118,114,4,4
41558,159,151,8,8
41559,67,61,6,6
41560,78,81,-3,3
41561,93,85,8,8
41562,76,66,10,10
41563,156,134,22,22
41564,63,65,-2,2
41565,87,77,10,10
41566,79,67,12,12
41567,56,49,7,7
41568,65,57,8,8
41569,99,87,12,12
41570,90,67,23,23
41571,108,100,8,8
41572,59,49,10,10
41573,48,68,-20,20
41574,73,66,7,7
41575,111,90,21,21
41576,69,65,4,4
41577,149,116,33,33
41578,87,69,18,18
41579,87,71,16,16
41580,85,74,11,11
41581,112,91,21,21
41582,78,79,-1,1
41583,74,65,9,9
41584,85,78,7,7
41585,77,70,7,7
41586,113,93,20,20
41587,106,96,10,10
41588,61,66,-5,5
41589,82,82,0,0
41590,115,106,9,9
41591,51,48,3,3
41592,109,83,26,26
41593,61,54,7,7
41594,60,56,4,4
41595,129,112,17,17
41596,152,116,36,36
41597,90,78,12,12
41598,204,169,35,35
41599,95,79,16,16
41600,81,78,3,3
41601,75,67,8,8
41602,95,80,15,15
41603,108,99,9,9
41604,140,120,20,20
41605,47,37,10,10
41606,92,75,17,17
41607,127,119,8,8
41608,64,66,-2,2
41609,86,67,19,19
41610,83,68,15,15
41611,86,84,2,2
41612,110,96,14,14
41613,128,123,5,5
41614,152,132,20,20
41615,106,99,7,7
41616,71,69,2,2
41617,70,70,0,0
41618,71,65,6,6
41619,80,79,1,1
41620,10,23,-13,13
41621,95,79,16,16
41622,88,75,13,13
41623,55,40,15,15
41624,96,74,22,22
41625,114,91,23,23
41626,113,98,15,15
41627,115,96,19,19
41628,50,44,6,6
41629,130,114,16,16
41630,130,113,17,17
41631,85,75,10,10
41632,72,65,7,7
41633,177,155,22,22
41634,90,86,4,4
41635,131,128,3,3
41636,68,63,5,5
41637,46,44,2,2
41638,96,89,7,7
41639,161,138,23,23
41640,60,55,5,5
41641,73,70,3,3
41642,50,48,2,2
41643,60,45,15,15
41644,122,103,19,19
41645,136,117,19,19
41646,90,74,16,16
41647,131,115,16,16
41648,95,82,13,13
41649,66,61,5,5
41650,105,104,1,1
41651,82,75,7,7
41652,107,93,14,14
41653,61,51,10,10
41654,136,112,24,24
41655,128,124,4,4
41656,66,63,3,3
41657,125,113,12,12
41658,69,60,9,9
41659,68,70,-2,2
41660,84,74,10,10
41661,47,48,-1,1
41662,77,69,8,8
41663,113,94,19,19
41664,155,146,9,9
41665,88,84,4,4
41666,76,66,10,10
41667,104,137,-33,33
41668,43,43,0,0
41669,69,65,4,4
41670,94,93,1,1
41671,121,107,14,14
41672,178,155,23,23
41673,69,57,12,12
41674,113,104,9,9
41675,118,103,15,15
41676,86,76,10,10
41677,71,64,7,7
41678,112,99,13,13
41679,114,96,18,18
41680,68,56,12,12
41681,75,69,6,6
41682,103,86,17,17
41683,71,66,5,5
41684,57,51,6,6
41685,88,77,11,11
41686,165,144,21,21
41687,79,76,3,3
41688,133,123,10,10
41689,125,106,19,19
41690,91,100,-9,9
41691,117,106,11,11
41692,108,94,14,14
41693,101,90,11,11
41694,61,57,4,4
41695,170,149,21,21
41696,152,134,18,18
41697,86,81,5,5
41698,89,79,10,10
41699,137,118,19,19
41700,107,94,13,13
41701,145,121,24,24
41702,152,149,3,3
41703,89,70,19,19
41704,81,68,13,13
41705,102,97,5,5
41706,85,83,2,2
41707,70,64,6,6
41708,85,76,9,9
41709,105,91,14,14
41710,79,61,18,18
41711,55,58,-3,3
41712,94,81,13,13
41713,49,48,1,1
41714,42,40,2,2
41715,302,175,127,127
41716,116,98,18,18
41717,68,61,7,7
41718,81,78,3,3
41719,98,99,-1,1
41720,120,99,21,21
41721,135,124,11,11
41722,85,83,2,2
41723,76,72,4,4
41724,125,110,15,15
41725,26,26,0,0
41726,111,84,27,27
41727,152,124,28,28
41728,85,73,12,12
41729,99,91,8,8
41730,98,109,-11,11
41731,99,83,16,16
41732,81,68,13,13
41733,98,99,-1,1
41734,101,78,23,23
41735,64,61,3,3
41736,185,167,18,18
41737,97,83,14,14
41738,93,92,1,1
41739,65,62,3,3
41740,89,80,9,9
41741,53,49,4,4
41742,96,83,13,13
41743,133,117,16,16
41744,149,119,30,30
41745,155,136,19,19
41746,86,75,11,11
41747,64,56,8,8
41748,133,115,18,18
41749,119,118,1,1
41750,70,67,3,3
41751,57,56,1,1
41752,56,54,2,2
41753,55,47,8,8
41754,57,54,3,3
41755,106,98,8,8
41756,85,82,3,3
41757,80,67,13,13
41758,71,75,-4,4
41759,79,81,-2,2
41760,72,70,2,2
41761,67,53,14,14
41762,200,178,22,22
41763,55,52,3,3
41764,103,94,9,9
41765,80,69,11,11
41766,113,104,9,9
41767,34,59,-25,25
41768,77,71,6,6
41769,145,131,14,14
41770,143,135,8,8
41771,100,86,14,14
41772,53,52,1,1
41773,61,80,-19,19
41774,109,105,4,4
41775,86,64,22,22
41776,72,67,5,5
41777,86,83,3,3
41778,115,112,3,3
41779,74,73,1,1
41780,85,75,10,10
41781,97,85,12,12
41782,111,95,16,16
41783,63,72,-9,9
41784,104,96,8,8
41785,101,90,11,11
41786,110,95,15,15
41787,72,69,3,3
41788,128,115,13,13
41789,74,77,-3,3
41790,108,88,20,20
41791,110,97,13,13
41792,68,57,11,11
41793,41,42,-1,1
41794,153,145,8,8
41795,115,108,7,7
41796,58,56,2,2
41797,45,56,-11,11
41798,92,78,14,14
41799,57,55,2,2
41800,125,105,20,20
41801,82,80,2,2
41802,61,56,5,5
41803,148,126,22,22
41804,72,61,11,11
41805,108,97,11,11
41806,97,94,3,3
41807,134,112,22,22
41808,50,42,8,8
41809,66,63,3,3
41810,61,51,10,10
41811,91,76,15,15
41812,133,117,16,16
41813,131,102,29,29
41814,67,69,-2,2
41815,112,99,13,13
41816,100,103,-3,3
41817,193,164,29,29
41818,90,71,19,19
41819,77,67,10,10
41820,80,73,7,7
41821,117,104,13,13
41822,87,81,6,6
41823,64,61,3,3
41824,61,57,4,4
41825,120,113,7,7
41826,119,105,14,14
41827,137,116,21,21
41828,54,46,8,8
41829,162,136,26,26
41830,152,153,-1,1
41831,69,56,13,13
41832,80,72,8,8
41833,92,82,10,10
41834,96,76,20,20
41835,107,99,8,8
41836,71,67,4,4
41837,83,79,4,4
41838,89,84,5,5
41839,121,104,17,17
41840,81,72,9,9
41841,112,105,7,7
41842,147,123,24,24
41843,62,58,4,4
41844,129,116,13,13
41845,74,71,3,3
41846,168,135,33,33
41847,47,41,6,6
41848,128,122,6,6
41849,49,48,1,1
41850,56,53,3,3
41851,89,73,16,16
41852,67,61,6,6
41853,68,72,-4,4
41854,114,105,9,9
41855,137,132,5,5
41856,122,105,17,17
41857,74,68,6,6
41858,67,58,9,9
41859,129,114,15,15
41860,139,132,7,7
41861,62,57,5,5
41862,100,89,11,11
41863,88,75,13,13
41864,64,59,5,5
41865,92,75,17,17
41866,119,126,-7,7
41867,81,72,9,9
41868,59,47,12,12
41869,106,93,13,13
41870,94,87,7,7
41871,112,85,27,27
41872,80,75,5,5
41873,101,100,1,1
41874,135,113,22,22
41875,135,119,16,16
41876,104,87,17,17
41877,85,76,9,9
41878,176,159,17,17
41879,79,71,8,8
41880,69,59,10,10
41881,41,34,7,7
41882,47,40,7,7
41883,67,61,6,6
41884,69,68,1,1
41885,51,52,-1,1
41886,73,71,2,2
41887,108,94,14,14
41888,47,37,10,10
41889,120,115,5,5
41890,117,102,15,15
41891,91,91,0,0
41892,110,103,7,7
41893,82,68,14,14
41894,97,86,11,11
41895,92,80,12,12
41896,72,64,8,8
41897,74,55,19,19
41898,80,86,-6,6
41899,49,42,7,7
41900,133,115,18,18
41901,85,76,9,9
41902,116,103,13,13
41903,72,55,17,17
41904,125,110,15,15
41905,91,82,9,9
41906,103,91,12,12
41907,110,98,12,12
41908,102,96,6,6
41909,111,93,18,18
41910,50,59,-9,9
41911,50,50,0,0
41912,106,94,12,12
41913,79,70,9,9
41914,138,113,25,25
41915,110,107,3,3
41916,59,54,5,5
41917,72,63,9,9
41918,190,159,31,31
41919,93,79,14,14
41920,47,41,6,6
41921,46,50,-4,4
41922,135,117,18,18
41923,56,62,-6,6
41924,67,59,8,8
41925,101,89,12,12
41926,78,69,9,9
41927,61,63,-2,2
41928,43,43,0,0
41929,142,130,12,12
41930,88,83,5,5
41931,119,107,12,12
41932,146,119,27,27
41933,93,85,8,8
41934,109,97,12,12
41935,105,95,10,10
41936,98,91,7,7
41937,75,61,14,14
41938,78,71,7,7
41939,101,101,0,0
41940,88,96,-8,8
41941,133,129,4,4
41942,66,58,8,8
41943,101,89,12,12
41944,94,88,6,6
41945,86,78,8,8
41946,95,79,16,16
41947,96,93,3,3
41948,83,71,12,12
41949,119,84,35,35
41950,116,106,10,10
41951,92,78,14,14
41952,89,85,4,4
41953,215,199,16,16
41954,96,88,8,8
41955,138,119,19,19
41956,73,64,9,9
41957,72,68,4,4
41958,83,85,-2,2
41959,119,103,16,16
41960,83,74,9,9
41961,140,116,24,24
41962,164,138,26,26
41963,105,86,19,19
41964,109,77,32,32
41965,100,84,16,16
41966,95,89,6,6
41967,85,69,16,16
41968,83,75,8,8
41969,148,130,18,18
41970,95,91,4,4
41971,110,115,-5,5
41972,104,104,0,0
41973,125,128,-3,3
41974,110,110,0,0
41975,109,98,11,11
41976,87,75,12,12
41977,166,150,16,16
41978,68,71,-3,3
41979,104,82,22,22
41980,127,93,34,34
41981,60,56,4,4
41982,106,87,19,19
41983,58,55,3,3
41984,59,50,9,9
41985,98,85,13,13
41986,150,145,5,5
41987,107,101,6,6
41988,75,72,3,3
41989,95,88,7,7
41990,82,74,8,8
41991,101,78,23,23
41992,63,63,0,0
41993,81,60,21,21
41994,60,54,6,6
41995,121,106,15,15
41996,110,92,18,18
41997,73,69,4,4
41998,62,63,-1,1
41999,66,62,4,4
42000,87,81,6,6
42001,130,124,6,6
42002,84,80,4,4
42003,142,129,13,13
42004,61,55,6,6
42005,109,94,15,15
42006,147,125,22,22
42007,37,52,-15,15
42008,246,179,67,67
42009,61,59,2,2
42010,111,98,13,13
42011,92,87,5,5
42012,133,133,0,0
42013,161,137,24,24
42014,128,124,4,4
42015,73,57,16,16
42016,115,106,9,9
42017,159,142,17,17
42018,75,63,12,12
42019,85,89,-4,4
42020,79,74,5,5
42021,103,89,14,14
42022,109,95,14,14
42023,89,81,8,8
42024,158,149,9,9
42025,86,79,7,7
42026,114,93,21,21
42027,145,126,19,19
42028,83,70,13,13
42029,142,131,11,11
42030,48,47,1,1
42031,69,63,6,6
42032,90,95,-5,5
42033,152,127,25,25
42034,72,73,-1,1
42035,93,86,7,7
42036,59,57,2,2
42037,142,129,13,13
42038,95,77,18,18
42039,152,121,31,31
42040,87,77,10,10
42041,79,62,17,17
42042,80,72,8,8
42043,89,82,7,7
42044,74,62,12,12
42045,78,63,15,15
42046,100,90,10,10
42047,92,85,7,7
42048,135,124,11,11
42049,112,101,11,11
42050,109,101,8,8
42051,86,70,16,16
42052,80,69,11,11
42053,92,91,1,1
42054,93,84,9,9
42055,111,102,9,9
42056,64,56,8,8
42057,96,71,25,25
42058,79,83,-4,4
42059,148,152,-4,4
42060,74,74,0,0
42061,91,74,17,17
42062,85,74,11,11
42063,104,88,16,16
42064,132,126,6,6
42065,75,73,2,2
42066,175,160,15,15
42067,77,64,13,13
42068,92,82,10,10
42069,150,132,18,18
42070,35,100,-65,65
42071,79,63,16,16
42072,57,56,1,1
42073,70,53,17,17
42074,117,122,-5,5
42075,84,71,13,13
42076,51,67,-16,16
42077,88,80,8,8
42078,83,75,8,8
42079,89,69,20,20
42080,79,69,10,10
42081,76,71,5,5
42082,50,47,3,3
42083,102,86,16,16
42084,111,118,-7,7
42085,82,77,5,5
42086,114,114,0,0
42087,99,82,17,17
42088,111,97,14,14
42089,99,94,5,5
42090,68,57,11,11
42091,159,129,30,30
42092,78,70,8,8
42093,43,46,-3,3
42094,64,58,6,6
42095,77,74,3,3
42096,38,23,15,15
42097,39,35,4,4
42098,87,85,2,2
42099,89,75,14,14
42100,101,92,9,9
42101,115,101,14,14
42102,101,88,13,13
42103,52,51,1,1
42104,68,64,4,4
42105,57,53,4,4
42106,97,82,15,15
42107,80,78,2,2
42108,95,85,10,10
42109,155,136,19,19
42110,74,68,6,6
42111,104,89,15,15
42112,63,61,2,2
42113,28,31,-3,3
42114,96,79,17,17
42115,104,96,8,8
42116,118,103,15,15
42117,81,66,15,15
42118,58,56,2,2
42119,85,85,0,0
42120,59,59,0,0
42121,91,89,2,2
42122,120,100,20,20
42123,58,38,20,20
42124,89,70,19,19
42125,101,93,8,8
42126,89,79,10,10
42127,68,55,13,13
42128,122,103,19,19
42129,71,69,2,2
42130,71,63,8,8
42131,75,83,-8,8
42132,130,125,5,5
42133,103,82,21,21
42134,114,99,15,15
42135,145,130,15,15
42136,108,92,16,16
42137,102,95,7,7
42138,107,94,13,13
42139,97,86,11,11
42140,94,76,18,18
42141,70,66,4,4
42142,91,83,8,8
42143,92,88,4,4
42144,60,58,2,2
42145,83,75,8,8
42146,92,75,17,17
42147,106,103,3,3
42148,47,53,-6,6
42149,72,63,9,9
42150,137,121,16,16
42151,69,64,5,5
42152,69,54,15,15
42153,123,110,13,13
42154,77,73,4,4
42155,74,55,19,19
42156,144,138,6,6
42157,132,118,14,14
42158,109,94,15,15
42159,93,87,6,6
42160,56,51,5,5
42161,125,107,18,18
42162,54,58,-4,4
42163,127,108,19,19
42164,96,87,9,9
42165,106,86,20,20
42166,98,88,10,10
42167,97,87,10,10
42168,65,56,9,9
42169,91,73,18,18
42170,90,82,8,8
42171,135,113,22,22
42172,109,108,1,1
42173,101,91,10,10
42174,80,70,10,10
42175,105,96,9,9
42176,64,61,3,3
42177,155,142,13,13
42178,119,109,10,10
42179,76,61,15,15
42180,122,103,19,19
42181,59,54,5,5
42182,63,59,4,4
42183,92,86,6,6
42184,101,90,11,11
42185,100,88,12,12
42186,88,88,0,0
42187,98,85,13,13
42188,153,125,28,28
42189,92,78,14,14
42190,76,62,14,14
42191,110,92,18,18
42192,86,81,5,5
42193,130,116,14,14
42194,126,113,13,13
42195,78,62,16,16
42196,77,80,-3,3
42197,104,96,8,8
42198,126,120,6,6
42199,79,67,12,12
42200,117,114,3,3
42201,45,43,2,2
42202,100,94,6,6
42203,83,59,24,24
42204,134,123,11,11
42205,83,70,13,13
42206,90,90,0,0
42207,86,80,6,6
42208,89,77,12,12
42209,60,69,-9,9
42210,78,73,5,5
42211,120,111,9,9
42212,72,69,3,3
42213,104,94,10,10
42214,188,162,26,26
42215,93,83,10,10
42216,159,133,26,26
42217,80,69,11,11
42218,96,93,3,3
42219,114,103,11,11
42220,113,106,7,7
42221,62,59,3,3
42222,140,126,14,14
42223,157,134,23,23
42224,61,63,-2,2
42225,95,96,-1,1
42226,130,116,14,14
42227,134,130,4,4
42228,84,80,4,4
42229,83,72,11,11
42230,96,88,8,8
42231,85,73,12,12
42232,117,114,3,3
42233,49,51,-2,2
42234,55,50,5,5
42235,116,89,27,27
42236,65,59,6,6
42237,86,77,9,9
42238,58,66,-8,8
42239,55,56,-1,1
42240,109,93,16,16
42241,109,89,20,20
42242,115,104,11,11
42243,131,101,30,30
42244,79,76,3,3
42245,74,73,1,1
42246,114,103,11,11
42247,125,103,22,22
42248,90,76,14,14
42249,81,74,7,7
42250,109,92,17,17
42251,90,77,13,13
42252,58,41,17,17
42253,67,60,7,7
42254,88,71,17,17
42255,71,75,-4,4
42256,118,117,1,1
42257,109,100,9,9
42258,75,87,-12,12
42259,38,34,4,4
42260,173,151,22,22
42261,153,146,7,7
42262,66,53,13,13
42263,58,55,3,3
42264,44,46,-2,2
42265,86,75,11,11
42266,100,86,14,14
42267,86,80,6,6
42268,106,97,9,9
42269,80,69,11,11
42270,84,71,13,13
42271,76,66,10,10
42272,96,79,17,17
42273,90,83,7,7
42274,116,112,4,4
42275,196,156,40,40
42276,103,90,13,13
42277,95,89,6,6
42278,68,60,8,8
42279,96,76,20,20
42280,109,94,15,15
42281,86,80,6,6
42282,174,162,12,12
42283,78,73,5,5
42284,47,44,3,3
42285,96,85,11,11
42286,92,82,10,10
42287,79,66,13,13
42288,85,75,10,10
42289,113,106,7,7
42290,96,87,9,9
42291,80,68,12,12
42292,43,35,8,8
42293,93,93,0,0
42294,63,62,1,1
42295,96,82,14,14
42296,103,92,11,11
42297,53,54,-1,1
42298,99,85,14,14
42299,79,76,3,3
42300,70,61,9,9
42301,106,90,16,16
42302,104,129,-25,25
42303,141,127,14,14
42304,99,80,19,19
42305,96,80,16,16
42306,55,46,9,9
42307,99,89,10,10
42308,116,106,10,10
42309,64,82,-18,18
42310,152,124,28,28
42311,63,62,1,1
42312,78,66,12,12
42313,123,125,-2,2
42314,126,115,11,11
42315,79,65,14,14
42316,92,68,24,24
42317,94,91,3,3
42318,200,175,25,25
42319,157,144,13,13
42320,80,70,10,10
42321,57,51,6,6
42322,141,125,16,16
42323,60,60,0,0
42324,85,71,14,14
42325,54,48,6,6
42326,159,149,10,10
42327,150,125,25,25
42328,87,76,11,11
42329,47,57,-10,10
42330,96,88,8,8
42331,82,72,10,10
42332,74,54,20,20
42333,120,110,10,10
42334,109,78,31,31
42335,86,81,5,5
42336,129,109,20,20
42337,196,163,33,33
42338,178,151,27,27
42339,105,89,16,16
42340,61,58,3,3
42341,67,62,5,5
42342,109,95,14,14
42343,111,117,-6,6
42344,52,54,-2,2
42345,89,72,17,17
42346,71,76,-5,5
42347,111,100,11,11
42348,40,36,4,4
42349,79,76,3,3
42350,99,82,17,17
42351,96,87,9,9
42352,63,55,8,8
42353,103,113,-10,10
42354,97,100,-3,3
42355,90,82,8,8
42356,119,95,24,24
42357,176,147,29,29
42358,97,90,7,7
42359,131,116,15,15
42360,86,70,16,16
42361,77,65,12,12
42362,84,73,11,11
42363,70,62,8,8
42364,109,94,15,15
42365,121,106,15,15
42366,125,128,-3,3
42367,150,115,35,35
42368,103,89,14,14
42369,151,122,29,29
42370,58,55,3,3
42371,64,53,11,11
42372,122,111,11,11
42373,104,87,17,17
42374,92,77,15,15
42375,100,87,13,13
42376,142,118,24,24
42377,93,76,17,17
42378,120,100,20,20
42379,75,71,4,4
42380,106,87,19,19
42381,60,51,9,9
42382,83,74,9,9
42383,98,88,10,10
42384,56,42,14,14
42385,37,34,3,3
42386,97,77,20,20
42387,152,132,20,20
42388,97,83,14,14
42389,76,64,12,12
42390,80,81,-1,1
42391,56,49,7,7
42392,108,88,20,20
42393,128,100,28,28
42394,117,102,15,15
42395,103,88,15,15
42396,31,30,1,1
42397,84,71,13,13
42398,92,83,9,9
42399,115,114,1,1
42400,128,121,7,7
42401,128,108,20,20
42402,75,73,2,2
42403,72,67,5,5
42404,95,85,10,10
42405,56,52,4,4
42406,83,77,6,6
42407,97,92,5,5
42408,109,88,21,21
42409,126,109,17,17
42410,135,128,7,7
42411,75,70,5,5
42412,73,62,11,11
42413,89,81,8,8
42414,94,85,9,9
42415,81,71,10,10
42416,78,70,8,8
42417,79,65,14,14
42418,78,69,9,9
42419,105,100,5,5
42420,112,98,14,14
42421,75,62,13,13
42422,98,88,10,10
42423,94,83,11,11
42424,56,59,-3,3
42425,92,75,17,17
42426,68,62,6,6
42427,104,93,11,11
42428,144,109,35,35
42429,50,51,-1,1
42430,51,48,3,3
42431,61,62,-1,1
42432,83,81,2,2
42433,28,31,-3,3
42434,99,90,9,9
42435,83,80,3,3
42436,162,137,25,25
42437,104,89,15,15
42438,88,83,5,5
42439,95,79,16,16
42440,116,98,18,18
42441,144,119,25,25
42442,69,50,19,19
42443,102,100,2,2
42444,116,105,11,11
42445,61,56,5,5
42446,108,97,11,11
42447,55,49,6,6
42448,142,126,16,16
42449,156,134,22,22
42450,129,107,22,22
42451,180,151,29,29
42452,111,106,5,5
42453,179,164,15,15
42454,89,79,10,10
42455,114,98,16,16
42456,96,84,12,12
42457,117,110,7,7
42458,64,54,10,10
42459,57,49,8,8
42460,54,52,2,2
42461,95,80,15,15
42462,89,56,33,33
42463,109,89,20,20
42464,76,71,5,5
42465,67,59,8,8
42466,65,58,7,7
42467,76,77,-1,1
42468,92,81,11,11
42469,92,82,10,10
42470,74,65,9,9
42471,92,73,19,19
42472,80,69,11,11
42473,89,83,6,6
42474,43,40,3,3
42475,69,63,6,6
42476,88,81,7,7
42477,84,82,2,2
42478,115,110,5,5
42479,56,44,12,12
42480,95,91,4,4
42481,80,86,-6,6
42482,80,72,8,8
42483,98,86,12,12
42484,49,45,4,4
42485,91,75,16,16
42486,64,61,3,3
42487,53,55,-2,2
42488,85,67,18,18
42489,98,85,13,13
42490,100,82,18,18
42491,69,64,5,5
42492,48,51,-3,3
42493,105,85,20,20
42494,163,137,26,26
42495,150,133,17,17
42496,85,78,7,7
42497,128,115,13,13
42498,99,94,5,5
42499,103,87,16,16
42500,128,106,22,22
42501,107,100,7,7
42502,55,58,-3,3
42503,84,83,1,1
42504,90,87,3,3
42505,90,87,3,3
42506,72,62,10,10
42507,91,84,7,7
42508,87,86,1,1
42509,84,54,30,30
42510,42,43,-1,1
42511,65,60,5,5
42512,131,120,11,11
42513,48,51,-3,3
42514,109,91,18,18
42515,85,81,4,4
42516,66,55,11,11
42517,83,79,4,4
42518,46,44,2,2
42519,141,122,19,19
42520,59,61,-2,2
42521,87,78,9,9
42522,84,79,5,5
42523,86,84,2,2
42524,127,107,20,20
42525,111,111,0,0
42526,102,96,6,6
42527,65,63,2,2
42528,70,63,7,7
42529,61,63,-2,2
42530,104,93,11,11
42531,111,98,13,13
42532,202,173,29,29
42533,100,82,18,18
42534,136,125,11,11
42535,35,35,0,0
42536,40,34,6,6
42537,115,99,16,16
42538,116,100,16,16
42539,72,58,14,14
42540,108,98,10,10
42541,106,111,-5,5
42542,62,57,5,5
42543,127,108,19,19
42544,94,81,13,13
42545,89,73,16,16
42546,70,67,3,3
42547,72,71,1,1
42548,98,78,20,20
42549,96,82,14,14
42550,108,101,7,7
42551,142,110,32,32
42552,77,71,6,6
42553,67,64,3,3
42554,81,77,4,4
42555,54,48,6,6
42556,124,112,12,12
42557,110,108,2,2
42558,101,92,9,9
42559,86,84,2,2
42560,117,103,14,14
42561,111,97,14,14
42562,136,115,21,21
42563,78,67,11,11
42564,62,67,-5,5
42565,231,203,28,28
42566,180,163,17,17
42567,91,79,12,12
42568,134,124,10,10
42569,80,72,8,8
42570,100,93,7,7
42571,123,109,14,14
42572,109,99,10,10
42573,70,61,9,9
42574,57,53,4,4
42575,148,135,13,13
42576,76,59,17,17
42577,70,66,4,4
42578,82,76,6,6
42579,102,97,5,5
42580,198,175,23,23
42581,56,46,10,10
42582,94,85,9,9
42583,97,88,9,9
42584,103,85,18,18
42585,81,70,11,11
42586,102,90,12,12
42587,85,75,10,10
42588,165,138,27,27
42589,50,48,2,2
42590,124,116,8,8
42591,101,91,10,10
42592,79,70,9,9
42593,138,132,6,6
42594,191,138,53,53
42595,162,147,15,15
42596,126,108,18,18
42597,103,93,10,10
42598,49,46,3,3
42599,113,106,7,7
42600,100,86,14,14
42601,118,106,12,12
42602,117,112,5,5
42603,84,77,7,7
42604,110,91,19,19
42605,128,105,23,23
42606,105,96,9,9
42607,59,47,12,12
42608,91,85,6,6
42609,68,56,12,12
42610,72,73,-1,1
42611,135,121,14,14
42612,79,86,-7,7
42613,107,97,10,10
42614,30,33,-3,3
42615,70,68,2,2
42616,105,92,13,13
42617,92,82,10,10
42618,177,158,19,19
42619,84,77,7,7
42620,67,73,-6,6
42621,150,114,36,36
42622,65,78,-13,13
42623,69,64,5,5
42624,94,83,11,11
42625,87,68,19,19
42626,73,74,-1,1
42627,70,68,2,2
42628,93,77,16,16
42629,110,95,15,15
42630,87,70,17,17
42631,109,98,11,11
42632,71,68,3,3
42633,103,98,5,5
42634,152,132,20,20
42635,70,66,4,4
42636,125,97,28,28
42637,91,85,6,6
42638,172,152,20,20
42639,60,60,0,0
42640,99,115,-16,16
42641,61,49,12,12
42642,91,80,11,11
42643,94,79,15,15
42644,135,115,20,20
42645,43,53,-10,10
42646,83,81,2,2
42647,93,84,9,9
42648,116,100,16,16
42649,131,98,33,33
42650,140,137,3,3
42651,101,97,4,4
42652,160,140,20,20
42653,157,120,37,37
42654,147,161,-14,14
42655,151,141,10,10
42656,162,149,13,13
42657,52,84,-32,32
42658,77,69,8,8
42659,86,74,12,12
42660,86,84,2,2
42661,91,76,15,15
42662,118,101,17,17
42663,103,84,19,19
42664,103,93,10,10
42665,74,67,7,7
42666,119,102,17,17
42667,89,77,12,12
42668,107,93,14,14
42669,109,134,-25,25
42670,85,80,5,5
42671,70,62,8,8
42672,86,76,10,10
42673,105,93,12,12
42674,98,89,9,9
42675,75,71,4,4
42676,50,50,0,0
42677,67,62,5,5
42678,76,69,7,7
42679,80,64,16,16
42680,124,116,8,8
42681,60,60,0,0
42682,73,64,9,9
42683,52,43,9,9
42684,102,91,11,11
42685,29,29,0,0
42686,66,66,0,0
42687,80,65,15,15
42688,76,69,7,7
42689,107,97,10,10
42690,68,52,16,16
42691,129,108,21,21
42692,51,43,8,8
42693,131,123,8,8
42694,73,69,4,4
42695,157,136,21,21
42696,96,92,4,4
42697,19,46,-27,27
42698,109,90,19,19
42699,67,65,2,2
42700,132,119,13,13
42701,156,115,41,41
42702,85,85,0,0
42703,90,78,12,12
42704,85,72,13,13
42705,44,50,-6,6
42706,150,129,21,21
42707,65,59,6,6
42708,91,93,-2,2
42709,63,72,-9,9
42710,80,75,5,5
42711,163,157,6,6
42712,110,90,20,20
42713,100,87,13,13
42714,89,73,16,16
42715,51,45,6,6
42716,97,93,4,4
42717,82,78,4,4
42718,85,75,10,10
42719,73,73,0,0
42720,80,70,10,10
42721,50,53,-3,3
42722,81,67,14,14
42723,68,60,8,8
42724,76,68,8,8
42725,75,62,13,13
42726,82,83,-1,1
42727,78,70,8,8
42728,53,63,-10,10
42729,55,50,5,5
42730,41,40,1,1
42731,95,83,12,12
42732,55,49,6,6
42733,99,108,-9,9
42734,64,64,0,0
42735,93,96,-3,3
42736,61,50,11,11
42737,95,84,11,11
42738,116,108,8,8
42739,83,67,16,16
42740,82,68,14,14
42741,137,106,31,31
42742,69,70,-1,1
42743,69,58,11,11
42744,60,48,12,12
42745,81,76,5,5
42746,128,118,10,10
42747,78,64,14,14
42748,79,76,3,3
42749,74,72,2,2
42750,69,62,7,7
42751,140,113,27,27
42752,108,106,2,2
42753,61,52,9,9
42754,142,131,11,11
42755,42,35,7,7
42756,68,58,10,10
42757,74,67,7,7
42758,94,86,8,8
42759,164,140,24,24
42760,77,67,10,10
42761,94,74,20,20
42762,192,178,14,14
42763,121,111,10,10
42764,61,54,7,7
42765,120,114,6,6
42766,103,92,11,11
42767,89,76,13,13
42768,100,83,17,17
42769,97,80,17,17
42770,64,61,3,3
42771,165,149,16,16
42772,74,67,7,7
42773,65,59,6,6
42774,39,38,1,1
42775,183,158,25,25
42776,82,75,7,7
42777,111,98,13,13
42778,150,125,25,25
42779,89,72,17,17
42780,116,104,12,12
42781,106,95,11,11
42782,129,119,10,10
42783,59,55,4,4
42784,161,125,36,36
42785,108,115,-7,7
42786,63,67,-4,4
42787,114,98,16,16
42788,80,75,5,5
42789,81,75,6,6
42790,72,63,9,9
42791,99,86,13,13
42792,98,76,22,22
42793,111,89,22,22
42794,120,101,19,19
42795,119,106,13,13
42796,69,64,5,5
42797,137,117,20,20
42798,130,118,12,12
42799,106,85,21,21
42800,58,55,3,3
42801,144,129,15,15
42802,117,110,7,7
42803,146,141,5,5
42804,137,121,16,16
42805,116,111,5,5
42806,86,71,15,15
42807,89,76,13,13
42808,107,94,13,13
42809,108,102,6,6
42810,109,88,21,21
42811,53,53,0,0
42812,79,61,18,18
42813,59,55,4,4
42814,84,73,11,11
42815,156,132,24,24
42816,121,108,13,13
42817,66,59,7,7
42818,74,62,12,12
42819,47,99,-52,52
42820,106,92,14,14
42821,98,80,18,18
42822,68,57,11,11
42823,58,60,-2,2
42824,86,81,5,5
42825,87,83,4,4
42826,85,80,5,5
42827,143,127,16,16
42828,168,137,31,31
42829,63,65,-2,2
42830,72,107,-35,35
42831,170,169,1,1
42832,139,132,7,7
42833,104,102,2,2
42834,66,48,18,18
42835,78,71,7,7
42836,66,58,8,8
42837,78,68,10,10
42838,178,145,33,33
42839,176,155,21,21
42840,77,63,14,14
42841,51,44,7,7
42842,112,84,28,28
42843,110,117,-7,7
42844,140,128,12,12
42845,120,99,21,21
42846,88,79,9,9
42847,85,83,2,2
42848,166,140,26,26
42849,71,68,3,3
42850,112,109,3,3
42851,73,59,14,14
42852,80,71,9,9
42853,113,118,-5,5
42854,62,59,3,3
42855,94,56,38,38
42856,145,132,13,13
42857,131,129,2,2
42858,103,92,11,11
42859,98,96,2,2
42860,84,75,9,9
42861,133,113,20,20
42862,144,124,20,20
42863,141,119,22,22
42864,119,99,20,20
42865,87,75,12,12
42866,79,73,6,6
42867,63,62,1,1
42868,89,90,-1,1
42869,38,37,1,1
42870,99,95,4,4
42871,114,95,19,19
42872,129,105,24,24
42873,155,137,18,18
42874,87,67,20,20
42875,70,62,8,8
42876,112,97,15,15
42877,137,118,19,19
42878,92,77,15,15
42879,145,128,17,17
42880,154,124,30,30
42881,130,114,16,16
42882,45,33,12,12
42883,63,53,10,10
42884,58,47,11,11
42885,96,91,5,5
42886,102,89,13,13
42887,118,114,4,4
42888,119,107,12,12
42889,75,69,6,6
42890,115,104,11,11
42891,94,84,10,10
42892,108,94,14,14
42893,101,85,16,16
42894,136,123,13,13
42895,110,102,8,8
42896,127,117,10,10
42897,94,75,19,19
42898,124,99,25,25
42899,68,60,8,8
42900,128,109,19,19
42901,138,125,13,13
42902,83,77,6,6
42903,125,96,29,29
42904,63,57,6,6
42905,133,100,33,33
42906,77,65,12,12
42907,94,85,9,9
42908,116,94,22,22
42909,93,84,9,9
42910,84,78,6,6
42911,125,110,15,15
42912,123,116,7,7
42913,92,81,11,11
42914,155,138,17,17
42915,86,160,-74,74
42916,75,68,7,7
42917,74,70,4,4
42918,78,74,4,4
42919,96,79,17,17
42920,113,109,4,4
42921,139,151,-12,12
42922,95,80,15,15
42923,83,73,10,10
42924,128,119,9,9
42925,102,93,9,9
42926,124,127,-3,3
42927,71,64,7,7
42928,63,58,5,5
42929,71,61,10,10
42930,131,125,6,6
42931,115,123,-8,8
42932,91,78,13,13
42933,92,87,5,5
42934,59,47,12,12
42935,138,123,15,15
42936,71,61,10,10
42937,53,45,8,8
42938,103,94,9,9
42939,85,73,12,12
42940,92,84,8,8
42941,109,110,-1,1
42942,74,72,2,2
42943,100,90,10,10
42944,111,98,13,13
42945,112,100,12,12
42946,112,93,19,19
42947,31,31,0,0
42948,57,62,-5,5
42949,194,165,29,29
42950,75,56,19,19
42951,119,106,13,13
42952,106,93,13,13
42953,89,69,20,20
42954,75,64,11,11
42955,77,72,5,5
42956,68,66,2,2
42957,48,40,8,8
42958,53,46,7,7
42959,91,81,10,10
42960,90,94,-4,4
42961,57,58,-1,1
42962,81,74,7,7
42963,113,100,13,13
42964,89,79,10,10
42965,74,62,12,12
42966,89,76,13,13
42967,73,72,1,1
42968,54,38,16,16
42969,77,69,8,8
42970,108,84,24,24
42971,59,58,1,1
42972,218,178,40,40
42973,118,118,0,0
42974,86,82,4,4
42975,153,134,19,19
42976,123,109,14,14
42977,117,106,11,11
42978,51,39,12,12
42979,77,67,10,10
42980,59,49,10,10
42981,69,66,3,3
42982,67,65,2,2
42983,83,69,14,14
42984,137,112,25,25
42985,96,77,19,19
42986,68,62,6,6
42987,91,88,3,3
42988,81,78,3,3
42989,79,51,28,28
42990,50,42,8,8
42991,78,69,9,9
42992,32,30,2,2
42993,64,56,8,8
42994,80,76,4,4
42995,99,85,14,14
42996,131,126,5,5
42997,48,46,2,2
42998,77,64,13,13
42999,128,115,13,13
43000,120,109,11,11
43001,55,49,6,6
43002,79,63,16,16
43003,85,76,9,9
43004,148,127,21,21
43005,136,121,15,15
43006,111,112,-1,1
43007,105,127,-22,22
43008,93,82,11,11
43009,79,67,12,12
43010,87,79,8,8
43011,69,66,3,3
43012,109,91,18,18
43013,156,138,18,18
43014,106,99,7,7
43015,105,98,7,7
43016,42,35,7,7
43017,84,69,15,15
43018,15,23,-8,8
43019,89,87,2,2
43020,179,159,20,20
43021,65,57,8,8
43022,108,103,5,5
43023,40,43,-3,3
43024,89,74,15,15
43025,138,117,21,21
43026,134,126,8,8
43027,102,87,15,15
43028,103,94,9,9
43029,143,117,26,26
43030,65,64,1,1
43031,74,62,12,12
43032,116,97,19,19
43033,79,71,8,8
43034,74,67,7,7
43035,91,61,30,30
43036,99,85,14,14
43037,64,53,11,11
43038,120,102,18,18
43039,103,84,19,19
43040,90,76,14,14
43041,51,40,11,11
43042,96,79,17,17
43043,77,68,9,9
43044,142,133,9,9
43045,77,57,20,20
43046,90,80,10,10
43047,141,126,15,15
43048,85,81,4,4
43049,98,82,16,16
43050,146,131,15,15
43051,120,102,18,18
43052,107,100,7,7
43053,97,89,8,8
43054,125,120,5,5
43055,81,76,5,5
43056,99,97,2,2
43057,90,84,6,6
43058,53,48,5,5
43059,88,67,21,21
43060,70,61,9,9
43061,57,64,-7,7
43062,77,64,13,13
43063,51,57,-6,6
43064,110,97,13,13
43065,72,65,7,7
43066,101,92,9,9
43067,177,147,30,30
43068,153,127,26,26
43069,157,145,12,12
43070,67,53,14,14
43071,63,58,5,5
43072,208,172,36,36
43073,84,73,11,11
43074,69,63,6,6
43075,110,86,24,24
43076,85,60,25,25
43077,37,40,-3,3
43078,142,109,33,33
43079,82,84,-2,2
43080,81,77,4,4
43081,94,83,11,11
43082,143,133,10,10
43083,118,98,20,20
43084,86,87,-1,1
43085,76,73,3,3
43086,73,58,15,15
43087,131,104,27,27
43088,53,58,-5,5
43089,66,62,4,4
43090,101,94,7,7
43091,115,102,13,13
43092,136,117,19,19
43093,61,73,-12,12
43094,86,78,8,8
43095,71,73,-2,2
43096,81,71,10,10
43097,69,73,-4,4
43098,36,36,0,0
43099,157,138,19,19
43100,57,55,2,2
43101,73,56,17,17
43102,185,150,35,35
43103,62,47,15,15
43104,123,112,11,11
43105,65,61,4,4
43106,73,66,7,7
43107,98,84,14,14
43108,101,85,16,16
43109,104,91,13,13
43110,83,77,6,6
43111,58,54,4,4
43112,85,77,8,8
43113,55,49,6,6
43114,80,66,14,14
43115,66,58,8,8
43116,83,69,14,14
43117,107,105,2,2
43118,104,88,16,16
43119,44,36,8,8
43120,63,63,0,0
43121,85,71,14,14
43122,133,114,19,19
43123,59,53,6,6
43124,130,92,38,38
43125,74,66,8,8
43126,62,53,9,9
43127,109,88,21,21
43128,71,66,5,5
43129,55,79,-24,24
43130,142,123,19,19
43131,117,112,5,5
43132,110,92,18,18
43133,35,38,-3,3
43134,85,79,6,6
43135,63,51,12,12
43136,79,82,-3,3
43137,101,87,14,14
43138,73,68,5,5
43139,150,143,7,7
43140,164,129,35,35
43141,121,106,15,15
43142,56,54,2,2
43143,82,76,6,6
43144,115,119,-4,4
43145,103,84,19,19
43146,80,71,9,9
43147,90,78,12,12
43148,103,89,14,14
43149,122,115,7,7
43150,113,105,8,8
43151,62,66,-4,4
43152,120,109,11,11
43153,94,87,7,7
43154,93,81,12,12
43155,52,47,5,5
43156,89,75,14,14
43157,72,52,20,20
43158,65,56,9,9
43159,92,79,13,13
43160,59,50,9,9
43161,86,93,-7,7
43162,119,93,26,26
43163,64,60,4,4
43164,142,103,39,39
43165,80,74,6,6
43166,68,64,4,4
43167,85,75,10,10
43168,69,56,13,13
43169,157,151,6,6
43170,120,96,24,24
43171,135,118,17,17
43172,72,61,11,11
43173,99,81,18,18
43174,88,84,4,4
43175,101,90,11,11
43176,72,67,5,5
43177,166,160,6,6
43178,49,47,2,2
43179,89,78,11,11
43180,113,94,19,19
43181,113,98,15,15
43182,85,80,5,5
43183,67,67,0,0
43184,89,81,8,8
43185,63,60,3,3
43186,52,104,-52,52
43187,127,106,21,21
43188,106,92,14,14
43189,120,96,24,24
43190,97,104,-7,7
43191,57,55,2,2
43192,68,62,6,6
43193,105,99,6,6
43194,106,97,9,9
43195,133,120,13,13
43196,63,63,0,0
43197,58,56,2,2
43198,106,102,4,4
43199,103,85,18,18
43200,71,65,6,6
43201,103,93,10,10
43202,42,35,7,7
43203,91,77,14,14
43204,103,99,4,4
43205,90,78,12,12
43206,103,95,8,8
43207,111,92,19,19
43208,132,106,26,26
43209,115,102,13,13
43210,121,115,6,6
43211,122,103,19,19
43212,132,114,18,18
43213,32,41,-9,9
43214,110,91,19,19
43215,87,80,7,7
43216,135,118,17,17
43217,102,91,11,11
43218,82,76,6,6
43219,131,108,23,23
43220,102,94,8,8
43221,52,43,9,9
43222,100,101,-1,1
43223,100,86,14,14
43224,90,87,3,3
43225,85,84,1,1
43226,61,56,5,5
43227,154,151,3,3
43228,137,116,21,21
43229,107,89,18,18
43230,98,86,12,12
43231,92,80,12,12
43232,191,159,32,32
43233,113,111,2,2
43234,104,95,9,9
43235,62,53,9,9
43236,80,71,9,9
43237,50,41,9,9
43238,100,76,24,24
43239,126,116,10,10
43240,113,97,16,16
43241,69,63,6,6
43242,62,55,7,7
43243,52,64,-12,12
43244,118,106,12,12
43245,59,56,3,3
43246,40,41,-1,1
43247,93,85,8,8
43248,105,99,6,6
43249,127,104,23,23
43250,84,84,0,0
43251,93,92,1,1
43252,121,118,3,3
43253,94,88,6,6
43254,64,59,5,5
43255,109,93,16,16
43256,123,122,1,1
43257,130,111,19,19
43258,138,122,16,16
43259,67,62,5,5
43260,99,91,8,8
43261,84,70,14,14
43262,112,114,-2,2
43263,103,92,11,11
43264,60,50,10,10
43265,90,97,-7,7
43266,131,122,9,9
43267,47,42,5,5
43268,90,76,14,14
43269,81,73,8,8
43270,84,71,13,13
43271,81,71,10,10
43272,105,100,5,5
43273,67,64,3,3
43274,86,78,8,8
43275,140,132,8,8
43276,78,67,11,11
43277,96,86,10,10
43278,102,93,9,9
43279,43,39,4,4
43280,71,74,-3,3
43281,91,87,4,4
43282,84,75,9,9
43283,125,109,16,16
43284,50,53,-3,3
43285,90,84,6,6
43286,68,60,8,8
43287,129,114,15,15
43288,133,127,6,6
43289,72,80,-8,8
43290,150,136,14,14
43291,179,151,28,28
43292,96,84,12,12
43293,72,63,9,9
43294,178,143,35,35
43295,89,81,8,8
43296,129,104,25,25
43297,84,73,11,11
43298,87,74,13,13
43299,82,66,16,16
43300,82,81,1,1
43301,91,80,11,11
43302,112,107,5,5
43303,88,83,5,5
43304,100,97,3,3
43305,164,141,23,23
43306,89,85,4,4
43307,72,72,0,0
43308,111,104,7,7
43309,123,118,5,5
43310,163,134,29,29
43311,65,56,9,9
43312,130,126,4,4
43313,145,131,14,14
43314,92,84,8,8
43315,50,51,-1,1
43316,73,75,-2,2
43317,57,58,-1,1
43318,89,74,15,15
43319,82,75,7,7
43320,67,61,6,6
43321,91,90,1,1
43322,112,100,12,12
43323,73,66,7,7
43324,64,58,6,6
43325,119,121,-2,2
43326,61,43,18,18
43327,26,29,-3,3
43328,67,60,7,7
43329,178,154,24,24
43330,97,73,24,24
43331,132,104,28,28
43332,121,115,6,6
43333,143,112,31,31
43334,92,87,5,5
43335,78,74,4,4
43336,99,94,5,5
43337,68,60,8,8
43338,61,52,9,9
43339,139,132,7,7
43340,162,148,14,14
43341,86,73,13,13
43342,106,91,15,15
43343,48,41,7,7
43344,125,106,19,19
43345,123,108,15,15
43346,117,105,12,12
43347,229,186,43,43
43348,83,78,5,5
43349,72,98,-26,26
43350,130,117,13,13
43351,49,47,2,2
43352,124,112,12,12
43353,123,115,8,8
43354,127,123,4,4
43355,78,69,9,9
43356,87,102,-15,15
43357,129,104,25,25
43358,97,80,17,17
43359,129,130,-1,1
43360,69,58,11,11
43361,84,75,9,9
43362,122,100,22,22
43363,158,131,27,27
43364,77,75,2,2
43365,86,88,-2,2
43366,100,93,7,7
43367,93,86,7,7
43368,117,102,15,15
43369,139,118,21,21
43370,100,84,16,16
43371,162,141,21,21
43372,68,62,6,6
43373,68,60,8,8
43374,85,68,17,17
43375,105,85,20,20
43376,174,146,28,28
43377,85,76,9,9
43378,108,91,17,17
43379,67,60,7,7
43380,115,103,12,12
43381,63,57,6,6
43382,107,93,14,14
43383,99,92,7,7
43384,52,44,8,8
43385,87,74,13,13
43386,125,84,41,41
43387,64,51,13,13
43388,101,82,19,19
43389,118,107,11,11
43390,129,115,14,14
43391,100,93,7,7
43392,71,58,13,13
43393,70,76,-6,6
43394,70,66,4,4
43395,101,76,25,25
43396,71,66,5,5
43397,70,63,7,7
43398,115,98,17,17
43399,56,46,10,10
43400,106,94,12,12
43401,125,110,15,15
43402,104,91,13,13
43403,84,73,11,11
43404,64,60,4,4
43405,82,76,6,6
43406,99,98,1,1
43407,167,148,19,19
43408,107,92,15,15
43409,91,84,7,7
43410,83,77,6,6
43411,89,69,20,20
43412,92,83,9,9
43413,114,96,18,18
43414,126,97,29,29
43415,133,122,11,11
43416,51,50,1,1
43417,87,73,14,14
43418,67,56,11,11
43419,67,59,8,8
43420,142,120,22,22
43421,139,118,21,21
43422,125,99,26,26
43423,81,66,15,15
43424,210,171,39,39
43425,113,97,16,16
43426,57,67,-10,10
43427,94,85,9,9
43428,121,81,40,40
43429,107,96,11,11
43430,38,43,-5,5
43431,81,77,4,4
43432,126,103,23,23
43433,248,214,34,34
43434,92,81,11,11
43435,153,132,21,21
43436,127,118,9,9
43437,45,46,-1,1
43438,81,97,-16,16
43439,164,146,18,18
43440,140,138,2,2
43441,114,100,14,14
43442,115,105,10,10
43443,87,74,13,13
43444,57,54,3,3
43445,51,44,7,7
43446,95,97,-2,2
43447,33,32,1,1
43448,128,112,16,16
43449,101,89,12,12
43450,75,67,8,8
43451,138,124,14,14
43452,136,110,26,26
43453,63,72,-9,9
43454,80,56,24,24
43455,90,94,-4,4
43456,47,39,8,8
43457,96,84,12,12
43458,62,54,8,8
43459,98,84,14,14
43460,140,124,16,16
43461,84,67,17,17
43462,143,129,14,14
43463,84,78,6,6
43464,151,138,13,13
43465,87,70,17,17
43466,107,102,5,5
43467,118,99,19,19
43468,60,58,2,2
43469,82,71,11,11
43470,167,145,22,22
43471,110,90,20,20
43472,98,85,13,13
43473,83,77,6,6
43474,76,67,9,9
43475,93,85,8,8
43476,102,90,12,12
43477,76,57,19,19
43478,76,72,4,4
43479,115,102,13,13
43480,77,72,5,5
43481,98,87,11,11
43482,149,129,20,20
43483,78,69,9,9
43484,119,104,15,15
43485,121,104,17,17
43486,46,71,-25,25
43487,67,67,0,0
43488,129,106,23,23
43489,114,106,8,8
43490,73,66,7,7
43491,118,106,12,12
43492,90,81,9,9
43493,165,154,11,11
43494,147,135,12,12
43495,52,38,14,14
43496,111,106,5,5
43497,160,132,28,28
43498,88,84,4,4
43499,105,94,11,11
43500,105,84,21,21
43501,90,83,7,7
43502,120,112,8,8
43503,89,71,18,18
43504,79,71,8,8
43505,82,80,2,2
43506,122,114,8,8
43507,96,87,9,9
43508,48,45,3,3
43509,70,57,13,13
43510,65,67,-2,2
43511,78,72,6,6
43512,133,122,11,11
43513,48,45,3,3
43514,90,81,9,9
43515,54,52,2,2
43516,104,84,20,20
43517,91,70,21,21
43518,112,101,11,11
43519,63,61,2,2
43520,113,102,11,11
43521,99,77,22,22
43522,100,89,11,11
43523,69,61,8,8
43524,122,107,15,15
43525,84,77,7,7
43526,119,93,26,26
43527,103,87,16,16
43528,91,96,-5,5
43529,55,50,5,5
43530,64,60,4,4
43531,87,74,13,13
43532,220,188,32,32
43533,85,75,10,10
43534,63,59,4,4
43535,64,56,8,8
43536,109,108,1,1
43537,80,69,11,11
43538,91,78,13,13
43539,146,135,11,11
43540,125,111,14,14
43541,130,125,5,5
43542,127,129,-2,2
43543,113,93,20,20
43544,125,112,13,13
43545,84,73,11,11
43546,111,99,12,12
43547,138,114,24,24
43548,47,50,-3,3
43549,75,74,1,1
43550,98,99,-1,1
43551,163,139,24,24
43552,140,115,25,25
43553,50,39,11,11
43554,77,68,9,9
43555,64,55,9,9
43556,76,65,11,11
43557,108,96,12,12
43558,53,45,8,8
43559,65,64,1,1
43560,197,174,23,23
43561,182,157,25,25
43562,71,58,13,13
43563,134,105,29,29
43564,126,105,21,21
43565,54,50,4,4
43566,132,125,7,7
43567,86,73,13,13
43568,106,98,8,8
43569,53,56,-3,3
43570,87,81,6,6
43571,80,76,4,4
43572,150,143,7,7
43573,49,40,9,9
43574,137,91,46,46
43575,51,46,5,5
43576,90,75,15,15
43577,125,113,12,12
43578,110,103,7,7
43579,112,104,8,8
43580,51,46,5,5
43581,105,86,19,19
43582,110,101,9,9
43583,93,86,7,7
43584,169,149,20,20
43585,97,70,27,27
43586,97,72,25,25
43587,89,82,7,7
43588,75,68,7,7
43589,119,109,10,10
43590,93,87,6,6
43591,53,55,-2,2
43592,121,96,25,25
43593,61,66,-5,5
43594,98,94,4,4
43595,92,82,10,10
43596,63,53,10,10
43597,101,80,21,21
43598,180,156,24,24
43599,70,62,8,8
43600,66,63,3,3
43601,121,187,-66,66
43602,100,90,10,10
43603,151,135,16,16
43604,44,53,-9,9
43605,93,84,9,9
43606,79,67,12,12
43607,133,110,23,23
43608,51,48,3,3
43609,111,101,10,10
43610,83,77,6,6
43611,93,89,4,4
43612,78,57,21,21
43613,75,64,11,11
43614,133,123,10,10
43615,128,104,24,24
43616,98,95,3,3
43617,137,111,26,26
43618,79,77,2,2
43619,90,77,13,13
43620,62,60,2,2
43621,170,157,13,13
43622,123,109,14,14
43623,57,58,-1,1
43624,87,88,-1,1
43625,35,43,-8,8
43626,76,75,1,1
43627,95,75,20,20
43628,63,53,10,10
43629,74,63,11,11
43630,125,120,5,5
43631,115,105,10,10
43632,63,59,4,4
43633,141,124,17,17
43634,78,70,8,8
43635,71,64,7,7
43636,90,79,11,11
43637,235,198,37,37
43638,118,97,21,21
43639,65,64,1,1
43640,98,84,14,14
43641,97,94,3,3
43642,48,49,-1,1
43643,110,103,7,7
43644,96,84,12,12
43645,119,102,17,17
43646,141,123,18,18
43647,80,75,5,5
43648,88,101,-13,13
43649,93,83,10,10
43650,141,127,14,14
43651,59,69,-10,10
43652,98,87,11,11
43653,66,70,-4,4
43654,91,81,10,10
43655,90,77,13,13
43656,111,99,12,12
43657,96,86,10,10
43658,103,88,15,15
43659,59,51,8,8
43660,68,63,5,5
43661,73,66,7,7
43662,60,60,0,0
43663,75,83,-8,8
43664,65,62,3,3
43665,91,82,9,9
43666,53,53,0,0
43667,97,91,6,6
43668,66,55,11,11
43669,94,89,5,5
43670,97,85,12,12
43671,81,71,10,10
43672,134,119,15,15
43673,96,91,5,5
43674,115,106,9,9
43675,51,63,-12,12
43676,75,69,6,6
43677,157,134,23,23
43678,86,79,7,7
43679,147,142,5,5
43680,85,73,12,12
43681,88,86,2,2
43682,46,43,3,3
43683,119,109,10,10
43684,109,93,16,16
43685,142,135,7,7
43686,95,86,9,9
43687,93,92,1,1
43688,79,70,9,9
43689,142,127,15,15
43690,83,77,6,6
43691,93,81,12,12
43692,149,102,47,47
43693,114,92,22,22
43694,99,79,20,20
43695,125,117,8,8
43696,116,98,18,18
43697,131,126,5,5
43698,103,87,16,16
43699,79,66,13,13
43700,171,157,14,14
43701,69,67,2,2
43702,78,78,0,0
43703,67,72,-5,5
43704,82,73,9,9
43705,110,105,5,5
43706,171,144,27,27
43707,46,41,5,5
43708,60,54,6,6
43709,179,149,30,30
43710,68,65,3,3
43711,66,55,11,11
43712,67,60,7,7
43713,87,92,-5,5
43714,61,55,6,6
43715,61,57,4,4
43716,122,116,6,6
43717,96,85,11,11
43718,106,85,21,21
43719,54,47,7,7
43720,76,69,7,7
43721,111,106,5,5
43722,44,42,2,2
43723,163,145,18,18
43724,71,59,12,12
43725,74,67,7,7
43726,97,90,7,7
43727,134,116,18,18
43728,82,68,14,14
43729,79,91,-12,12
43730,138,113,25,25
43731,82,88,-6,6
43732,152,139,13,13
43733,111,97,14,14
43734,123,103,20,20
43735,77,61,16,16
43736,146,125,21,21
43737,82,72,10,10
43738,69,63,6,6
43739,91,91,0,0
43740,166,142,24,24
43741,53,49,4,4
43742,71,59,12,12
43743,84,70,14,14
43744,68,64,4,4
43745,94,95,-1,1
43746,101,117,-16,16
43747,106,92,14,14
43748,93,78,15,15
43749,69,62,7,7
43750,136,114,22,22
43751,90,78,12,12
43752,87,69,18,18
43753,64,52,12,12
43754,62,91,-29,29
43755,77,78,-1,1
43756,47,53,-6,6
43757,122,110,12,12
43758,67,60,7,7
43759,87,87,0,0
43760,84,67,17,17
43761,68,64,4,4
43762,60,54,6,6
43763,75,68,7,7
43764,90,75,15,15
43765,69,74,-5,5
43766,77,67,10,10
43767,82,72,10,10
43768,127,115,12,12
43769,58,55,3,3
43770,151,135,16,16
43771,125,123,2,2
43772,114,101,13,13
43773,106,102,4,4
43774,85,81,4,4
43775,92,80,12,12
43776,70,57,13,13
43777,124,112,12,12
43778,97,93,4,4
43779,71,70,1,1
43780,146,137,9,9
43781,93,85,8,8
43782,91,77,14,14
43783,63,56,7,7
43784,60,52,8,8
43785,84,87,-3,3
43786,192,180,12,12
43787,93,76,17,17
43788,133,113,20,20
43789,95,84,11,11
43790,65,54,11,11
43791,81,81,0,0
43792,107,102,5,5
43793,131,109,22,22
43794,130,123,7,7
43795,68,60,8,8
43796,77,71,6,6
43797,112,108,4,4
43798,67,67,0,0
43799,91,79,12,12
43800,90,76,14,14
43801,125,115,10,10
43802,69,59,10,10
43803,106,95,11,11
43804,110,91,19,19
43805,65,63,2,2
43806,87,77,10,10
43807,60,45,15,15
43808,91,77,14,14
43809,153,127,26,26
43810,95,84,11,11
43811,150,130,20,20
43812,61,62,-1,1
43813,169,160,9,9
43814,76,69,7,7
43815,93,85,8,8
43816,75,63,12,12
43817,76,75,1,1
43818,85,92,-7,7
43819,63,62,1,1
43820,86,80,6,6
43821,111,95,16,16
43822,81,70,11,11
43823,225,159,66,66
43824,49,62,-13,13
43825,90,84,6,6
43826,67,59,8,8
43827,109,102,7,7
43828,103,87,16,16
43829,73,60,13,13
43830,137,128,9,9
43831,93,88,5,5
43832,68,61,7,7
43833,82,86,-4,4
43834,66,64,2,2
43835,110,82,28,28
43836,170,159,11,11
43837,104,90,14,14
43838,73,71,2,2
43839,137,116,21,21
43840,55,46,9,9
43841,52,55,-3,3
43842,95,81,14,14
43843,48,42,6,6
43844,67,67,0,0
43845,64,58,6,6
43846,71,63,8,8
43847,77,70,7,7
43848,66,54,12,12
43849,78,72,6,6
43850,71,65,6,6
43851,117,108,9,9
43852,83,68,15,15
43853,43,43,0,0
43854,100,82,18,18
43855,50,49,1,1
43856,140,133,7,7
43857,86,91,-5,5
43858,63,54,9,9
43859,91,80,11,11
43860,113,98,15,15
43861,63,56,7,7
43862,61,53,8,8
43863,78,80,-2,2
43864,34,42,-8,8
43865,90,93,-3,3
43866,47,37,10,10
43867,64,64,0,0
43868,58,60,-2,2
43869,116,109,7,7
43870,117,104,13,13
43871,84,83,1,1
43872,105,97,8,8
43873,86,77,9,9
43874,68,50,18,18
43875,131,128,3,3
43876,77,71,6,6
43877,76,64,12,12
43878,117,94,23,23
43879,97,85,12,12
43880,123,108,15,15
43881,98,89,9,9
43882,71,65,6,6
43883,127,111,16,16
43884,56,48,8,8
43885,122,101,21,21
43886,49,51,-2,2
43887,60,55,5,5
43888,115,98,17,17
43889,78,77,1,1
43890,46,45,1,1
43891,119,106,13,13
43892,129,135,-6,6
43893,66,56,10,10
43894,142,131,11,11
43895,79,68,11,11
43896,71,70,1,1
43897,144,129,15,15
43898,106,97,9,9
43899,77,71,6,6
43900,74,74,0,0
43901,69,66,3,3
43902,88,72,16,16
43903,59,51,8,8
43904,123,105,18,18
43905,54,54,0,0
43906,43,44,-1,1
43907,155,119,36,36
43908,68,60,8,8
43909,131,118,13,13
43910,146,126,20,20
43911,102,84,18,18
43912,80,72,8,8
43913,57,56,1,1
43914,81,75,6,6
43915,104,108,-4,4
43916,39,34,5,5
43917,78,82,-4,4
43918,112,100,12,12
43919,44,78,-34,34
43920,79,68,11,11
43921,132,116,16,16
43922,117,125,-8,8
43923,80,76,4,4
43924,88,74,14,14
43925,61,54,7,7
43926,57,42,15,15
43927,123,113,10,10
43928,60,57,3,3
43929,113,98,15,15
43930,64,63,1,1
43931,101,85,16,16
43932,143,129,14,14
43933,71,68,3,3
43934,80,65,15,15
43935,70,60,10,10
43936,45,42,3,3
43937,44,43,1,1
43938,92,82,10,10
43939,67,62,5,5
43940,63,50,13,13
43941,139,121,18,18
43942,127,106,21,21
43943,69,57,12,12
43944,136,118,18,18
43945,109,106,3,3
43946,120,108,12,12
43947,63,53,10,10
43948,50,49,1,1
43949,97,82,15,15
43950,103,80,23,23
43951,89,80,9,9
43952,85,70,15,15
43953,173,154,19,19
43954,128,115,13,13
43955,171,157,14,14
43956,49,44,5,5
43957,99,78,21,21
43958,129,127,2,2
43959,85,80,5,5
43960,102,89,13,13
43961,124,112,12,12
43962,122,99,23,23
43963,137,119,18,18
43964,89,85,4,4
43965,51,43,8,8
43966,81,89,-8,8
43967,88,72,16,16
43968,76,72,4,4
43969,111,107,4,4
43970,86,80,6,6
43971,131,117,14,14
43972,23,30,-7,7
43973,109,97,12,12
43974,84,73,11,11
43975,101,91,10,10
43976,139,126,13,13
43977,58,68,-10,10
43978,71,64,7,7
43979,95,77,18,18
43980,70,63,7,7
43981,65,62,3,3
43982,95,81,14,14
43983,109,94,15,15
43984,57,53,4,4
43985,103,92,11,11
43986,184,151,33,33
43987,80,71,9,9
43988,103,94,9,9
43989,94,113,-19,19
43990,62,58,4,4
43991,110,82,28,28
43992,109,100,9,9
43993,47,46,1,1
43994,107,100,7,7
43995,184,149,35,35
43996,122,118,4,4
43997,155,143,12,12
43998,66,62,4,4
43999,63,53,10,10
44000,104,109,-5,5
44001,100,83,17,17
44002,82,89,-7,7
44003,162,149,13,13
44004,122,114,8,8
44005,78,122,-44,44
44006,71,55,16,16
44007,131,103,28,28
44008,113,94,19,19
44009,84,81,3,3
44010,65,54,11,11
44011,81,79,2,2
44012,93,75,18,18
44013,67,62,5,5
44014,148,119,29,29
44015,72,71,1,1
44016,106,88,18,18
44017,79,79,0,0
44018,113,104,9,9
44019,66,56,10,10
44020,68,49,19,19
44021,63,54,9,9
44022,81,91,-10,10
44023,117,104,13,13
44024,70,96,-26,26
44025,78,68,10,10
44026,165,161,4,4
44027,40,37,3,3
44028,85,83,2,2
44029,73,101,-28,28
44030,104,87,17,17
44031,129,106,23,23
44032,116,97,19,19
44033,115,99,16,16
44034,82,68,14,14
44035,84,76,8,8
44036,82,78,4,4
44037,29,59,-30,30
44038,64,65,-1,1
44039,66,50,16,16
44040,114,100,14,14
44041,146,121,25,25
44042,65,57,8,8
44043,42,40,2,2
44044,157,142,15,15
44045,89,79,10,10
44046,116,121,-5,5
44047,54,49,5,5
44048,77,70,7,7
44049,79,74,5,5
44050,137,125,12,12
44051,67,60,7,7
44052,105,102,3,3
44053,149,112,37,37
44054,57,54,3,3
44055,104,101,3,3
44056,89,88,1,1
44057,82,81,1,1
44058,106,111,-5,5
44059,191,169,22,22
44060,87,76,11,11
44061,58,54,4,4
44062,114,102,12,12
44063,114,107,7,7
44064,118,102,16,16
44065,159,139,20,20
44066,58,44,14,14
44067,95,86,9,9
44068,74,69,5,5
44069,135,109,26,26
44070,134,124,10,10
44071,87,74,13,13
44072,130,108,22,22
44073,119,106,13,13
44074,142,124,18,18
44075,152,135,17,17
44076,105,91,14,14
44077,63,60,3,3
44078,92,84,8,8
44079,75,60,15,15
44080,96,84,12,12
44081,75,59,16,16
44082,56,46,10,10
44083,72,62,10,10
44084,89,92,-3,3
44085,58,55,3,3
44086,76,67,9,9
44087,90,96,-6,6
44088,73,72,1,1
44089,78,72,6,6
44090,110,107,3,3
44091,174,136,38,38
44092,104,78,26,26
44093,94,87,7,7
44094,165,137,28,28
44095,107,89,18,18
44096,78,70,8,8
44097,90,75,15,15
44098,124,108,16,16
44099,129,109,20,20
44100,66,59,7,7
44101,73,73,0,0
44102,139,132,7,7
44103,72,69,3,3
44104,140,124,16,16
44105,93,88,5,5
44106,135,114,21,21
44107,56,51,5,5
44108,76,62,14,14
44109,102,85,17,17
44110,102,98,4,4
44111,130,112,18,18
44112,152,139,13,13
44113,76,69,7,7
44114,178,167,11,11
44115,85,72,13,13
44116,78,62,16,16
44117,97,104,-7,7
44118,113,106,7,7
44119,81,78,3,3
44120,65,67,-2,2
44121,42,43,-1,1
44122,72,76,-4,4
44123,115,103,12,12
44124,80,77,3,3
44125,39,33,6,6
44126,85,70,15,15
44127,101,85,16,16
44128,158,139,19,19
44129,91,84,7,7
44130,68,60,8,8
44131,112,109,3,3
44132,161,150,11,11
44133,147,138,9,9
44134,63,61,2,2
44135,60,65,-5,5
44136,84,76,8,8
44137,112,101,11,11
44138,129,108,21,21
44139,136,124,12,12
44140,130,114,16,16
44141,74,70,4,4
44142,111,101,10,10
44143,118,107,11,11
44144,60,50,10,10
44145,59,64,-5,5
44146,90,83,7,7
44147,72,72,0,0
44148,118,107,11,11
44149,63,56,7,7
44150,91,80,11,11
44151,106,99,7,7
44152,89,75,14,14
44153,111,101,10,10
44154,131,116,15,15
44155,85,80,5,5
44156,97,90,7,7
44157,41,41,0,0
44158,104,97,7,7
44159,137,128,9,9
44160,110,94,16,16
44161,50,65,-15,15
44162,143,122,21,21
44163,110,98,12,12
44164,79,75,4,4
44165,79,73,6,6
44166,71,68,3,3
44167,116,107,9,9
44168,89,77,12,12
44169,85,84,1,1
44170,62,61,1,1
44171,105,83,22,22
44172,110,104,6,6
44173,68,75,-7,7
44174,125,121,4,4
44175,120,105,15,15
44176,118,105,13,13
44177,63,54,9,9
44178,42,39,3,3
44179,49,46,3,3
44180,96,81,15,15
44181,107,98,9,9
44182,108,103,5,5
44183,94,84,10,10
44184,89,79,10,10
44185,117,104,13,13
44186,120,114,6,6
44187,71,63,8,8
44188,71,66,5,5
44189,58,55,3,3
44190,90,92,-2,2
44191,118,96,22,22
44192,43,63,-20,20
44193,78,69,9,9
44194,159,140,19,19
44195,99,99,0,0
44196,92,87,5,5
44197,148,123,25,25
44198,97,76,21,21
44199,84,81,3,3
44200,45,38,7,7
44201,63,60,3,3
44202,117,104,13,13
44203,122,108,14,14
44204,115,97,18,18
44205,110,96,14,14
44206,114,97,17,17
44207,71,65,6,6
44208,132,130,2,2
44209,73,66,7,7
44210,137,121,16,16
44211,79,67,12,12
44212,79,59,20,20
44213,106,94,12,12
44214,99,84,15,15
44215,77,91,-14,14
44216,127,119,8,8
44217,96,79,17,17
44218,66,56,10,10
44219,63,57,6,6
44220,95,88,7,7
44221,97,85,12,12
44222,42,35,7,7
44223,60,43,17,17
44224,59,59,0,0
44225,66,56,10,10
44226,140,94,46,46
44227,64,58,6,6
44228,72,63,9,9
44229,85,71,14,14
44230,119,91,28,28
44231,99,83,16,16
44232,133,113,20,20
44233,75,72,3,3
44234,66,58,8,8
44235,102,84,18,18
44236,63,62,1,1
44237,133,115,18,18
44238,144,130,14,14
44239,141,114,27,27
44240,97,92,5,5
44241,90,87,3,3
44242,124,117,7,7
44243,123,112,11,11
44244,191,166,25,25
44245,62,54,8,8
44246,58,56,2,2
44247,98,84,14,14
44248,113,101,12,12
44249,107,88,19,19
44250,106,96,10,10
44251,95,85,10,10
44252,144,123,21,21
44253,50,41,9,9
44254,195,158,37,37
44255,122,92,30,30
44256,97,78,19,19
44257,71,53,18,18
44258,153,133,20,20
44259,67,62,5,5
44260,51,46,5,5
44261,65,66,-1,1
44262,78,70,8,8
44263,87,74,13,13
44264,72,69,3,3
44265,81,70,11,11
44266,149,131,18,18
44267,119,96,23,23
44268,102,84,18,18
44269,93,81,12,12
44270,116,106,10,10
44271,125,112,13,13
44272,138,119,19,19
44273,75,75,0,0
44274,100,91,9,9
44275,107,88,19,19
44276,91,106,-15,15
44277,135,120,15,15
44278,47,50,-3,3
44279,95,79,16,16
44280,88,88,0,0
44281,71,62,9,9
44282,110,114,-4,4
44283,108,98,10,10
44284,49,50,-1,1
44285,48,44,4,4
44286,93,83,10,10
44287,94,84,10,10
44288,140,127,13,13
44289,68,53,15,15
44290,79,80,-1,1
44291,147,135,12,12
44292,107,86,21,21
44293,77,68,9,9
44294,87,81,6,6
44295,183,166,17,17
44296,123,105,18,18
44297,143,125,18,18
44298,94,84,10,10
44299,96,82,14,14
44300,85,84,1,1
44301,112,103,9,9
44302,82,74,8,8
44303,103,92,11,11
44304,98,90,8,8
44305,104,99,5,5
44306,81,68,13,13
44307,57,51,6,6
44308,113,115,-2,2
44309,80,70,10,10
44310,117,104,13,13
44311,68,57,11,11
44312,76,66,10,10
44313,69,72,-3,3
44314,86,82,4,4
44315,107,85,22,22
44316,63,57,6,6
44317,127,117,10,10
44318,87,76,11,11
44319,82,75,7,7
44320,92,78,14,14
44321,78,72,6,6
44322,117,102,15,15
44323,93,91,2,2
44324,116,106,10,10
44325,51,49,2,2
44326,80,67,13,13
44327,126,121,5,5
44328,48,50,-2,2
44329,183,169,14,14
44330,61,57,4,4
44331,128,120,8,8
44332,95,78,17,17
44333,107,84,23,23
44334,87,85,2,2
44335,136,124,12,12
44336,49,45,4,4
44337,77,62,15,15
44338,114,99,15,15
44339,139,116,23,23
44340,90,82,8,8
44341,164,167,-3,3
44342,124,123,1,1
44343,115,107,8,8
44344,111,95,16,16
44345,144,132,12,12
44346,72,68,4,4
44347,121,101,20,20
44348,131,112,19,19
44349,99,98,1,1
44350,55,56,-1,1
44351,125,105,20,20
44352,43,47,-4,4
44353,75,62,13,13
44354,71,62,9,9
44355,62,58,4,4
44356,86,75,11,11
44357,78,74,4,4
44358,101,88,13,13
44359,81,73,8,8
44360,144,118,26,26
44361,121,100,21,21
44362,84,74,10,10
44363,91,78,13,13
44364,108,113,-5,5
44365,84,74,10,10
44366,96,80,16,16
44367,130,120,10,10
44368,53,49,4,4
44369,111,110,1,1
44370,65,52,13,13
44371,138,115,23,23
44372,39,37,2,2
44373,54,52,2,2
44374,48,40,8,8
44375,62,51,11,11
44376,110,98,12,12
44377,88,83,5,5
44378,92,75,17,17
44379,124,107,17,17
44380,86,76,10,10
44381,89,88,1,1
44382,96,94,2,2
44383,50,45,5,5
44384,92,76,16,16
44385,70,62,8,8
44386,101,92,9,9
44387,143,122,21,21
44388,128,127,1,1
44389,83,78,5,5
44390,59,50,9,9
44391,131,113,18,18
44392,79,67,12,12
44393,66,59,7,7
44394,110,92,18,18
44395,99,88,11,11
44396,100,93,7,7
44397,92,82,10,10
44398,115,96,19,19
44399,87,71,16,16
44400,105,88,17,17
44401,77,69,8,8
44402,93,86,7,7
44403,124,109,15,15
44404,71,68,3,3
44405,68,61,7,7
44406,107,103,4,4
44407,130,119,11,11
44408,32,37,-5,5
44409,96,104,-8,8
44410,82,70,12,12
44411,73,60,13,13
44412,57,80,-23,23
44413,60,56,4,4
44414,61,69,-8,8
44415,127,104,23,23
44416,67,53,14,14
44417,148,122,26,26
44418,111,93,18,18
44419,119,100,19,19
44420,86,72,14,14
44421,88,78,10,10
44422,68,65,3,3
44423,65,65,0,0
44424,64,63,1,1
44425,158,122,36,36
44426,144,116,28,28
44427,91,82,9,9
44428,63,57,6,6
44429,88,81,7,7
44430,122,98,24,24
44431,51,54,-3,3
44432,124,120,4,4
44433,118,92,26,26
44434,49,41,8,8
44435,94,76,18,18
44436,69,61,8,8
44437,168,146,22,22
44438,79,73,6,6
44439,70,66,4,4
44440,199,172,27,27
44441,43,45,-2,2
44442,85,80,5,5
44443,51,45,6,6
44444,135,116,19,19
44445,57,69,-12,12
44446,191,176,15,15
44447,94,92,2,2
44448,109,102,7,7
44449,76,67,9,9
44450,175,159,16,16
44451,126,119,7,7
44452,143,124,19,19
44453,101,89,12,12
44454,50,61,-11,11
44455,84,81,3,3
44456,94,81,13,13
44457,110,96,14,14
44458,170,134,36,36
44459,149,128,21,21
44460,94,85,9,9
44461,102,95,7,7
44462,118,118,0,0
44463,112,104,8,8
44464,108,97,11,11
44465,58,55,3,3
44466,39,95,-56,56
44467,112,96,16,16
44468,107,107,0,0
44469,61,53,8,8
44470,99,87,12,12
44471,62,67,-5,5
44472,119,100,19,19
44473,105,86,19,19
44474,93,74,19,19
44475,109,98,11,11
44476,132,114,18,18
44477,83,101,-18,18
44478,46,45,1,1
44479,170,148,22,22
44480,217,174,43,43
44481,119,106,13,13
44482,140,141,-1,1
44483,106,93,13,13
44484,100,86,14,14
44485,61,51,10,10
44486,111,119,-8,8
44487,117,93,24,24
44488,68,69,-1,1
44489,94,86,8,8
44490,74,65,9,9
44491,109,107,2,2
44492,98,105,-7,7
44493,103,88,15,15
44494,78,79,-1,1
44495,80,76,4,4
44496,83,71,12,12
44497,76,74,2,2
44498,110,97,13,13
44499,152,133,19,19
44500,81,64,17,17
44501,133,123,10,10
44502,66,58,8,8
44503,102,88,14,14
44504,102,90,12,12
44505,53,45,8,8
44506,139,127,12,12
44507,133,115,18,18
44508,57,52,5,5
44509,61,51,10,10
44510,116,98,18,18
44511,97,85,12,12
44512,187,155,32,32
44513,62,51,11,11
44514,102,90,12,12
44515,62,64,-2,2
44516,48,40,8,8
44517,108,104,4,4
44518,68,57,11,11
44519,112,100,12,12
44520,154,134,20,20
44521,76,68,8,8
44522,110,104,6,6
44523,89,85,4,4
44524,128,113,15,15
44525,61,58,3,3
44526,60,62,-2,2
44527,143,134,9,9
44528,107,103,4,4
44529,76,58,18,18
44530,79,75,4,4
44531,65,55,10,10
44532,104,96,8,8
44533,145,131,14,14
44534,86,67,19,19
44535,83,72,11,11
44536,88,93,-5,5
44537,178,156,22,22
44538,116,110,6,6
44539,105,113,-8,8
44540,72,74,-2,2
44541,77,72,5,5
44542,56,54,2,2
44543,109,87,22,22
44544,45,39,6,6
44545,106,89,17,17
44546,42,43,-1,1
44547,118,111,7,7
44548,102,87,15,15
44549,47,58,-11,11
44550,70,69,1,1
44551,103,90,13,13
44552,123,118,5,5
44553,170,158,12,12
44554,124,118,6,6
44555,98,95,3,3
44556,57,61,-4,4
44557,122,119,3,3
44558,59,50,9,9
44559,107,79,28,28
44560,73,61,12,12
44561,65,60,5,5
44562,53,46,7,7
44563,152,132,20,20
44564,81,68,13,13
44565,87,78,9,9
44566,77,65,12,12
44567,129,124,5,5
44568,165,149,16,16
44569,111,102,9,9
44570,108,104,4,4
44571,67,61,6,6
44572,78,69,9,9
44573,105,89,16,16
44574,72,61,11,11
44575,75,77,-2,2
44576,85,70,15,15
44577,57,50,7,7
44578,115,115,0,0
44579,74,65,9,9
44580,170,147,23,23
44581,90,87,3,3
44582,85,77,8,8
44583,65,64,1,1
44584,45,41,4,4
44585,160,131,29,29
44586,160,133,27,27
44587,99,93,6,6
44588,62,68,-6,6
44589,121,113,8,8
44590,129,114,15,15
44591,98,93,5,5
44592,104,90,14,14
44593,69,62,7,7
44594,75,65,10,10
44595,95,83,12,12
44596,118,108,10,10
44597,94,125,-31,31
44598,100,91,9,9
44599,129,108,21,21
44600,118,106,12,12
44601,57,147,-90,90
44602,68,61,7,7
44603,123,112,11,11
44604,93,77,16,16
44605,53,54,-1,1
44606,92,82,10,10
44607,78,71,7,7
44608,175,139,36,36
44609,115,118,-3,3
44610,70,67,3,3
44611,161,130,31,31
44612,61,59,2,2
44613,64,56,8,8
44614,86,80,6,6
44615,84,78,6,6
44616,152,123,29,29
44617,116,103,13,13
44618,53,47,6,6
44619,57,54,3,3
44620,68,65,3,3
44621,178,156,22,22
44622,93,79,14,14
44623,120,101,19,19
44624,136,126,10,10
44625,39,39,0,0
44626,102,85,17,17
44627,167,156,11,11
44628,65,58,7,7
44629,50,52,-2,2
44630,80,68,12,12
44631,126,104,22,22
44632,67,58,9,9
44633,59,61,-2,2
44634,116,103,13,13
44635,95,85,10,10
44636,57,54,3,3
44637,75,78,-3,3
44638,99,88,11,11
44639,94,84,10,10
44640,65,57,8,8
44641,90,81,9,9
44642,126,104,22,22
44643,86,85,1,1
44644,103,93,10,10
44645,92,92,0,0
44646,120,106,14,14
44647,86,70,16,16
44648,19,30,-11,11
44649,138,121,17,17
44650,86,79,7,7
44651,126,111,15,15
44652,103,91,12,12
44653,89,76,13,13
44654,71,64,7,7
44655,63,56,7,7
44656,76,71,5,5
44657,154,136,18,18
44658,64,56,8,8
44659,73,64,9,9
44660,61,57,4,4
44661,57,60,-3,3
44662,142,132,10,10
44663,193,171,22,22
44664,58,71,-13,13
44665,89,90,-1,1
44666,88,80,8,8
44667,121,105,16,16
44668,110,96,14,14
44669,116,99,17,17
44670,100,86,14,14
44671,62,59,3,3
44672,100,97,3,3
44673,146,116,30,30
44674,33,33,0,0
44675,105,96,9,9
44676,93,83,10,10
44677,48,51,-3,3
44678,74,71,3,3
44679,55,49,6,6
44680,77,65,12,12
44681,83,67,16,16
44682,162,142,20,20
44683,59,55,4,4
44684,196,171,25,25
44685,95,78,17,17
44686,64,54,10,10
44687,107,101,6,6
44688,163,138,25,25
44689,78,65,13,13
44690,66,64,2,2
44691,62,61,1,1
44692,109,90,19,19
44693,77,69,8,8
44694,125,106,19,19
44695,103,88,15,15
44696,81,69,12,12
44697,50,52,-2,2
44698,116,121,-5,5
44699,70,70,0,0
44700,68,55,13,13
44701,96,81,15,15
44702,155,127,28,28
44703,128,124,4,4
44704,75,70,5,5
44705,116,102,14,14
44706,88,82,6,6
44707,100,81,19,19
44708,73,65,8,8
44709,140,131,9,9
44710,106,96,10,10
44711,87,83,4,4
44712,78,78,0,0
44713,92,81,11,11
44714,109,92,17,17
44715,69,66,3,3
44716,174,145,29,29
44717,60,56,4,4
44718,61,51,10,10
44719,59,55,4,4
44720,124,110,14,14
44721,85,75,10,10
44722,136,98,38,38
44723,118,109,9,9
44724,81,75,6,6
44725,80,74,6,6
44726,69,57,12,12
44727,60,56,4,4
44728,63,54,9,9
44729,46,42,4,4
44730,61,54,7,7
44731,65,67,-2,2
44732,104,101,3,3
44733,144,124,20,20
44734,73,76,-3,3
44735,77,72,5,5
44736,96,84,12,12
44737,71,73,-2,2
44738,74,71,3,3
44739,60,56,4,4
44740,80,72,8,8
44741,74,74,0,0
44742,168,139,29,29
44743,145,124,21,21
44744,86,83,3,3
44745,137,125,12,12
44746,121,106,15,15
44747,91,71,20,20
44748,68,63,5,5
44749,78,66,12,12
44750,84,80,4,4
44751,150,127,23,23
44752,103,82,21,21
44753,79,70,9,9
44754,63,63,0,0
44755,70,61,9,9
44756,229,191,38,38
44757,130,131,-1,1
44758,81,77,4,4
44759,112,92,20,20
44760,134,107,27,27
44761,82,70,12,12
44762,152,186,-34,34
44763,90,87,3,3
44764,105,104,1,1
44765,138,126,12,12
44766,95,85,10,10
44767,86,70,16,16
44768,91,77,14,14
44769,58,65,-7,7
44770,130,111,19,19
44771,154,130,24,24
44772,69,68,1,1
44773,158,126,32,32
44774,136,121,15,15
44775,56,57,-1,1
44776,86,77,9,9
44777,49,45,4,4
44778,138,119,19,19
44779,100,92,8,8
44780,146,131,15,15
44781,56,53,3,3
44782,79,76,3,3
44783,53,50,3,3
44784,59,54,5,5
44785,64,54,10,10
44786,108,91,17,17
44787,66,54,12,12
44788,117,107,10,10
44789,60,50,10,10
44790,51,49,2,2
44791,104,88,16,16
44792,92,97,-5,5
44793,87,69,18,18
44794,84,98,-14,14
44795,155,140,15,15
44796,100,95,5,5
44797,43,39,4,4
44798,72,58,14,14
44799,124,120,4,4
44800,116,126,-10,10
44801,159,131,28,28
44802,91,89,2,2
44803,71,59,12,12
44804,158,140,18,18
44805,71,65,6,6
44806,102,83,19,19
44807,117,102,15,15
44808,94,86,8,8
44809,79,79,0,0
44810,51,50,1,1
44811,63,53,10,10
44812,55,56,-1,1
44813,152,120,32,32
44814,78,53,25,25
44815,54,48,6,6
44816,80,70,10,10
44817,59,47,12,12
44818,84,78,6,6
44819,110,96,14,14
44820,124,101,23,23
44821,92,71,21,21
44822,126,115,11,11
44823,130,111,19,19
44824,89,80,9,9
44825,109,97,12,12
44826,87,86,1,1
44827,75,58,17,17
44828,225,195,30,30
44829,182,166,16,16
44830,82,75,7,7
44831,54,53,1,1
44832,187,156,31,31
44833,128,123,5,5
44834,87,71,16,16
44835,92,75,17,17
44836,58,63,-5,5
44837,63,57,6,6
44838,100,82,18,18
44839,102,101,1,1
44840,46,48,-2,2
44841,89,88,1,1
44842,61,52,9,9
44843,134,124,10,10
44844,69,59,10,10
44845,118,104,14,14
44846,153,134,19,19
44847,115,99,16,16
44848,88,75,13,13
44849,91,84,7,7
44850,51,48,3,3
44851,68,75,-7,7
44852,155,130,25,25
44853,52,47,5,5
44854,71,64,7,7
44855,100,88,12,12
44856,81,68,13,13
44857,168,149,19,19
44858,80,68,12,12
44859,83,73,10,10
44860,90,87,3,3
44861,99,85,14,14
44862,45,39,6,6
44863,110,95,15,15
44864,118,91,27,27
44865,98,86,12,12
44866,162,136,26,26
44867,54,47,7,7
44868,80,74,6,6
44869,91,75,16,16
44870,81,67,14,14
44871,89,78,11,11
44872,58,52,6,6
44873,194,185,9,9
44874,78,72,6,6
44875,63,49,14,14
44876,61,50,11,11
44877,98,86,12,12
44878,95,85,10,10
44879,97,80,17,17
44880,96,99,-3,3
44881,89,75,14,14
44882,154,133,21,21
44883,51,49,2,2
44884,117,93,24,24
44885,42,44,-2,2
44886,92,80,12,12
44887,91,84,7,7
44888,162,157,5,5
44889,75,68,7,7
44890,104,96,8,8
44891,117,106,11,11
44892,74,78,-4,4
44893,52,48,4,4
44894,77,65,12,12
44895,83,70,13,13
44896,71,66,5,5
44897,57,53,4,4
44898,62,53,9,9
44899,114,99,15,15
44900,58,55,3,3
44901,120,112,8,8
44902,74,62,12,12
44903,95,74,21,21
44904,63,59,4,4
44905,84,81,3,3
44906,57,61,-4,4
44907,70,64,6,6
44908,71,72,-1,1
44909,71,54,17,17
44910,140,114,26,26
44911,116,111,5,5
44912,62,59,3,3
44913,96,95,1,1
44914,73,65,8,8
44915,79,70,9,9
44916,97,77,20,20
44917,80,63,17,17
44918,76,70,6,6
44919,67,59,8,8
44920,176,160,16,16
44921,71,76,-5,5
44922,89,78,11,11
44923,75,63,12,12
44924,142,121,21,21
44925,96,87,9,9
44926,70,71,-1,1
44927,134,118,16,16
44928,123,113,10,10
44929,71,70,1,1
44930,45,49,-4,4
44931,102,91,11,11
44932,130,120,10,10
44933,134,122,12,12
44934,71,71,0,0
44935,111,113,-2,2
44936,134,110,24,24
44937,131,105,26,26
44938,136,147,-11,11
44939,116,101,15,15
44940,156,137,19,19
44941,139,116,23,23
44942,102,91,11,11
44943,69,69,0,0
44944,81,70,11,11
44945,109,104,5,5
44946,94,82,12,12
44947,77,67,10,10
44948,173,165,8,8
44949,70,66,4,4
44950,77,73,4,4
44951,95,83,12,12
44952,96,83,13,13
44953,90,85,5,5
44954,47,55,-8,8
44955,116,113,3,3
44956,84,67,17,17
44957,62,59,3,3
44958,128,128,0,0
44959,83,74,9,9
44960,90,87,3,3
44961,86,79,7,7
44962,113,101,12,12
44963,153,125,28,28
44964,90,79,11,11
44965,96,88,8,8
44966,76,76,0,0
44967,73,66,7,7
44968,98,87,11,11
44969,23,40,-17,17
44970,57,52,5,5
44971,65,64,1,1
44972,107,100,7,7
44973,140,125,15,15
44974,112,92,20,20
44975,149,149,0,0
44976,100,74,26,26
44977,100,87,13,13
44978,64,54,10,10
44979,89,78,11,11
44980,154,132,22,22
44981,53,51,2,2
44982,45,43,2,2
44983,61,58,3,3
44984,108,95,13,13
44985,88,72,16,16
44986,109,99,10,10
44987,143,110,33,33
44988,91,88,3,3
44989,102,92,10,10
44990,61,57,4,4
44991,85,75,10,10
44992,121,94,27,27
44993,65,54,11,11
44994,56,47,9,9
44995,103,90,13,13
44996,111,86,25,25
44997,102,90,12,12
44998,99,75,24,24
44999,97,107,-10,10
45000,79,68,11,11
45001,139,123,16,16
45002,107,85,22,22
45003,166,155,11,11
45004,51,48,3,3
45005,75,61,14,14
45006,113,95,18,18
45007,69,62,7,7
45008,129,117,12,12
45009,197,177,20,20
45010,104,93,11,11
45011,99,93,6,6
45012,86,72,14,14
45013,95,78,17,17
45014,138,118,20,20
45015,78,67,11,11
45016,47,75,-28,28
45017,56,51,5,5
45018,62,56,6,6
45019,64,59,5,5
45020,105,73,32,32
45021,104,88,16,16
45022,140,123,17,17
45023,84,73,11,11
45024,126,123,3,3
45025,82,73,9,9
45026,75,68,7,7
45027,92,85,7,7
45028,77,72,5,5
45029,100,87,13,13
45030,140,133,7,7
45031,67,55,12,12
45032,117,114,3,3
45033,54,50,4,4
45034,81,72,9,9
45035,130,118,12,12
45036,100,84,16,16
45037,86,72,14,14
45038,57,55,2,2
45039,115,98,17,17
45040,147,137,10,10
45041,86,76,10,10
45042,39,41,-2,2
45043,79,71,8,8
45044,89,84,5,5
45045,70,57,13,13
45046,73,71,2,2
45047,113,96,17,17
45048,99,93,6,6
45049,78,70,8,8
45050,132,122,10,10
45051,79,78,1,1
45052,143,126,17,17
45053,57,53,4,4
45054,49,50,-1,1
45055,85,84,1,1
45056,49,70,-21,21
45057,96,80,16,16
45058,87,78,9,9
45059,151,110,41,41
45060,147,130,17,17
45061,94,88,6,6
45062,91,80,11,11
45063,56,46,10,10
45064,123,123,0,0
45065,188,155,33,33
45066,55,40,15,15
45067,117,97,20,20
45068,106,92,14,14
45069,109,107,2,2
45070,61,51,10,10
45071,46,50,-4,4
45072,62,50,12,12
45073,102,87,15,15
45074,62,54,8,8
45075,85,75,10,10
45076,89,80,9,9
45077,96,88,8,8
45078,132,116,16,16
45079,94,85,9,9
45080,118,99,19,19
45081,73,63,10,10
45082,69,66,3,3
45083,57,55,2,2
45084,86,81,5,5
45085,130,106,24,24
45086,144,127,17,17
45087,67,65,2,2
45088,64,85,-21,21
45089,85,72,13,13
45090,104,102,2,2
45091,109,89,20,20
45092,110,97,13,13
45093,129,108,21,21
45094,97,83,14,14
45095,85,79,6,6
45096,104,87,17,17
45097,77,75,2,2
45098,81,77,4,4
45099,97,83,14,14
45100,130,129,1,1
45101,67,58,9,9
45102,55,47,8,8
45103,92,77,15,15
45104,83,78,5,5
45105,135,130,5,5
45106,69,54,15,15
45107,109,100,9,9
45108,98,79,19,19
45109,95,81,14,14
45110,121,112,9,9
45111,80,64,16,16
45112,79,72,7,7
45113,123,114,9,9
45114,117,101,16,16
45115,59,55,4,4
45116,89,82,7,7
45117,82,74,8,8
45118,117,98,19,19
45119,69,65,4,4
45120,123,98,25,25
45121,57,63,-6,6
45122,87,68,19,19
45123,105,97,8,8
45124,108,95,13,13
45125,76,64,12,12
45126,74,91,-17,17
45127,84,67,17,17
45128,96,88,8,8
45129,78,71,7,7
45130,76,72,4,4
45131,88,84,4,4
45132,89,80,9,9
45133,90,85,5,5
45134,60,54,6,6
45135,53,49,4,4
45136,67,59,8,8
45137,89,80,9,9
45138,149,116,33,33
45139,95,87,8,8
45140,109,102,7,7
45141,169,163,6,6
45142,78,65,13,13
45143,122,110,12,12
45144,48,59,-11,11
45145,108,109,-1,1
45146,90,82,8,8
45147,147,130,17,17
45148,69,63,6,6
45149,112,91,21,21
45150,158,137,21,21
45151,123,122,1,1
45152,42,41,1,1
45153,135,113,22,22
45154,148,127,21,21
45155,109,98,11,11
45156,73,65,8,8
45157,88,79,9,9
45158,90,75,15,15
45159,55,51,4,4
45160,83,78,5,5
45161,54,41,13,13
45162,85,81,4,4
45163,75,62,13,13
45164,121,112,9,9
45165,65,55,10,10
45166,77,64,13,13
45167,102,86,16,16
45168,104,97,7,7
45169,67,53,14,14
45170,134,109,25,25
45171,107,87,20,20
45172,87,81,6,6
45173,168,149,19,19
45174,145,131,14,14
45175,127,118,9,9
45176,168,144,24,24
45177,113,94,19,19
45178,64,64,0,0
45179,64,57,7,7
45180,83,77,6,6
45181,83,75,8,8
45182,125,107,18,18
45183,61,55,6,6
45184,40,39,1,1
45185,57,46,11,11
45186,153,131,22,22
45187,101,94,7,7
45188,83,77,6,6
45189,89,88,1,1
45190,111,101,10,10
45191,77,68,9,9
45192,127,108,19,19
45193,128,112,16,16
45194,146,122,24,24
45195,49,50,-1,1
45196,49,50,-1,1
45197,57,57,0,0
45198,89,77,12,12
45199,88,89,-1,1
45200,153,146,7,7
45201,71,67,4,4
45202,135,126,9,9
45203,109,89,20,20
45204,73,63,10,10
45205,185,150,35,35
45206,69,61,8,8
45207,109,99,10,10
45208,74,73,1,1
45209,181,136,45,45
45210,96,92,4,4
45211,93,99,-6,6
45212,60,50,10,10
45213,104,97,7,7
45214,67,56,11,11
45215,89,87,2,2
45216,128,107,21,21
45217,100,87,13,13
45218,96,84,12,12
45219,90,73,17,17
45220,68,59,9,9
45221,126,108,18,18
45222,54,53,1,1
45223,106,100,6,6
45224,63,53,10,10
45225,113,87,26,26
45226,45,49,-4,4
45227,98,82,16,16
45228,156,131,25,25
45229,52,52,0,0
45230,134,112,22,22
45231,74,67,7,7
45232,102,90,12,12
45233,100,87,13,13
45234,62,57,5,5
45235,82,69,13,13
45236,105,83,22,22
45237,69,65,4,4
45238,124,126,-2,2
45239,118,101,17,17
45240,82,74,8,8
45241,63,63,0,0
45242,70,64,6,6
45243,68,61,7,7
45244,121,101,20,20
45245,73,66,7,7
45246,51,44,7,7
45247,81,67,14,14
45248,146,124,22,22
45249,88,78,10,10
45250,101,87,14,14
45251,126,123,3,3
45252,119,108,11,11
45253,113,109,4,4
45254,172,142,30,30
45255,81,67,14,14
45256,90,84,6,6
45257,110,94,16,16
45258,134,126,8,8
45259,37,42,-5,5
45260,62,60,2,2
45261,65,57,8,8
45262,52,44,8,8
45263,76,77,-1,1
45264,116,101,15,15
45265,98,114,-16,16
45266,61,55,6,6
45267,84,79,5,5
45268,153,132,21,21
45269,72,61,11,11
45270,77,69,8,8
45271,86,79,7,7
45272,99,94,5,5
45273,124,108,16,16
45274,66,65,1,1
45275,76,67,9,9
45276,67,44,23,23
45277,133,110,23,23
45278,91,81,10,10
45279,71,74,-3,3
45280,207,184,23,23
45281,65,60,5,5
45282,97,90,7,7
45283,131,123,8,8
45284,120,99,21,21
45285,59,53,6,6
45286,124,112,12,12
45287,74,64,10,10
45288,101,90,11,11
45289,85,74,11,11
45290,85,76,9,9
45291,137,117,20,20
45292,76,65,11,11
45293,136,127,9,9
45294,139,126,13,13
45295,49,49,0,0
45296,136,122,14,14
45297,75,60,15,15
45298,109,99,10,10
45299,53,47,6,6
45300,110,98,12,12
45301,59,62,-3,3
45302,119,105,14,14
45303,86,76,10,10
45304,139,120,19,19
45305,132,111,21,21
45306,191,169,22,22
45307,87,71,16,16
45308,90,80,10,10
45309,122,111,11,11
45310,73,58,15,15
45311,122,100,22,22
45312,93,86,7,7
45313,46,48,-2,2
45314,84,81,3,3
45315,103,83,20,20
45316,39,32,7,7
45317,96,95,1,1
45318,72,63,9,9
45319,146,125,21,21
45320,80,83,-3,3
45321,68,65,3,3
45322,49,44,5,5
45323,110,95,15,15
45324,117,105,12,12
45325,121,97,24,24
45326,55,56,-1,1
45327,149,143,6,6
45328,78,68,10,10
45329,60,62,-2,2
45330,161,145,16,16
45331,95,92,3,3
45332,75,58,17,17
45333,92,86,6,6
45334,112,113,-1,1
45335,67,63,4,4
45336,91,79,12,12
45337,109,89,20,20
45338,177,154,23,23
45339,105,103,2,2
45340,82,70,12,12
45341,89,67,22,22
45342,109,96,13,13
45343,67,69,-2,2
45344,117,111,6,6
45345,96,87,9,9
45346,49,50,-1,1
45347,110,92,18,18
45348,57,47,10,10
45349,118,85,33,33
45350,120,104,16,16
45351,77,71,6,6
45352,107,85,22,22
45353,60,56,4,4
45354,70,58,12,12
45355,115,104,11,11
45356,70,66,4,4
45357,70,51,19,19
45358,96,104,-8,8
45359,72,72,0,0
45360,72,65,7,7
45361,67,62,5,5
45362,170,146,24,24
45363,57,52,5,5
45364,67,58,9,9
45365,85,78,7,7
45366,95,97,-2,2
45367,119,129,-10,10
45368,84,68,16,16
45369,65,77,-12,12
45370,225,201,24,24
45371,97,85,12,12
45372,81,73,8,8
45373,104,94,10,10
45374,23,78,-55,55
45375,75,65,10,10
45376,115,101,14,14
45377,111,88,23,23
45378,60,49,11,11
45379,72,66,6,6
45380,100,95,5,5
45381,85,70,15,15
45382,60,58,2,2
45383,55,56,-1,1
45384,120,115,5,5
45385,121,118,3,3
45386,79,66,13,13
45387,89,81,8,8
45388,127,104,23,23
45389,86,77,9,9
45390,58,47,11,11
45391,99,82,17,17
45392,126,121,5,5
45393,53,50,3,3
45394,55,57,-2,2
45395,107,103,4,4
45396,67,56,11,11
45397,83,81,2,2
45398,81,76,5,5
45399,92,83,9,9
45400,109,91,18,18
45401,148,139,9,9
45402,115,110,5,5
45403,124,108,16,16
45404,103,94,9,9
45405,122,117,5,5
45406,104,94,10,10
45407,58,43,15,15
45408,68,59,9,9
45409,83,82,1,1
45410,51,63,-12,12
45411,84,75,9,9
45412,129,123,6,6
45413,64,62,2,2
45414,150,128,22,22
45415,48,45,3,3
45416,67,52,15,15
45417,72,64,8,8
45418,101,88,13,13
45419,68,56,12,12
45420,135,113,22,22
45421,98,86,12,12
45422,73,69,4,4
45423,93,91,2,2
45424,161,149,12,12
45425,58,51,7,7
45426,125,114,11,11
45427,91,83,8,8
45428,82,70,12,12
45429,82,78,4,4
45430,89,95,-6,6
45431,45,37,8,8
45432,56,81,-25,25
45433,152,163,-11,11
45434,110,93,17,17
45435,81,68,13,13
45436,43,42,1,1
45437,154,147,7,7
45438,82,65,17,17
45439,104,103,1,1
45440,78,76,2,2
45441,130,108,22,22
45442,66,70,-4,4
45443,86,79,7,7
45444,98,94,4,4
45445,106,100,6,6
45446,78,73,5,5
45447,89,74,15,15
45448,84,81,3,3
45449,111,91,20,20
45450,73,66,7,7
45451,115,126,-11,11
45452,174,153,21,21
45453,87,66,21,21
45454,102,91,11,11
45455,77,60,17,17
45456,37,33,4,4
45457,131,117,14,14
45458,104,91,13,13
45459,109,131,-22,22
45460,89,76,13,13
45461,108,96,12,12
45462,158,136,22,22
45463,69,60,9,9
45464,89,73,16,16
45465,42,44,-2,2
45466,97,75,22,22
45467,70,67,3,3
45468,116,100,16,16
45469,138,136,2,2
45470,110,100,10,10
45471,105,87,18,18
45472,51,54,-3,3
45473,94,90,4,4
45474,75,64,11,11
45475,129,121,8,8
45476,88,74,14,14
45477,100,77,23,23
45478,79,67,12,12
45479,176,156,20,20
45480,86,72,14,14
45481,88,91,-3,3
45482,105,104,1,1
45483,140,121,19,19
45484,72,58,14,14
45485,111,86,25,25
45486,105,85,20,20
45487,191,166,25,25
45488,120,110,10,10
45489,99,92,7,7
45490,45,48,-3,3
45491,94,83,11,11
45492,80,87,-7,7
45493,85,76,9,9
45494,74,60,14,14
45495,78,71,7,7
45496,131,110,21,21
45497,95,87,8,8
45498,59,53,6,6
45499,72,57,15,15
45500,108,98,10,10
45501,71,67,4,4
45502,74,65,9,9
45503,134,125,9,9
45504,101,91,10,10
45505,68,60,8,8
45506,127,113,14,14
45507,195,156,39,39
45508,73,67,6,6
45509,77,67,10,10
45510,79,63,16,16
45511,59,46,13,13
45512,115,89,26,26
45513,79,68,11,11
45514,91,82,9,9
45515,82,71,11,11
45516,72,61,11,11
45517,63,67,-4,4
45518,89,84,5,5
45519,69,66,3,3
45520,62,82,-20,20
45521,45,46,-1,1
45522,87,84,3,3
45523,75,74,1,1
45524,105,95,10,10
45525,93,89,4,4
45526,104,92,12,12
45527,86,81,5,5
45528,159,143,16,16
45529,93,76,17,17
45530,112,103,9,9
45531,120,107,13,13
45532,62,52,10,10
45533,108,94,14,14
45534,124,116,8,8
45535,167,140,27,27
45536,163,146,17,17
45537,113,100,13,13
45538,98,80,18,18
45539,64,66,-2,2
45540,120,104,16,16
45541,52,46,6,6
45542,42,39,3,3
45543,131,130,1,1
45544,95,72,23,23
45545,85,77,8,8
45546,71,58,13,13
45547,116,100,16,16
45548,91,72,19,19
45549,94,84,10,10
45550,52,53,-1,1
45551,84,90,-6,6
45552,61,47,14,14
45553,101,93,8,8
45554,97,90,7,7
45555,96,93,3,3
45556,141,138,3,3
45557,124,105,19,19
45558,72,66,6,6
45559,79,121,-42,42
45560,155,145,10,10
45561,112,109,3,3
45562,63,57,6,6
45563,73,70,3,3
45564,67,69,-2,2
45565,61,55,6,6
45566,114,94,20,20
45567,33,31,2,2
45568,64,59,5,5
45569,79,69,10,10
45570,149,147,2,2
45571,97,84,13,13
45572,84,74,10,10
45573,134,124,10,10
45574,85,85,0,0
45575,123,101,22,22
45576,97,79,18,18
45577,69,59,10,10
45578,116,95,21,21
45579,92,74,18,18
45580,125,114,11,11
45581,103,85,18,18
45582,99,80,19,19
45583,154,150,4,4
45584,102,90,12,12
45585,53,49,4,4
45586,104,98,6,6
45587,218,167,51,51
45588,57,51,6,6
45589,154,150,4,4
45590,141,132,9,9
45591,113,114,-1,1
45592,69,62,7,7
45593,87,89,-2,2
45594,126,114,12,12
45595,99,96,3,3
45596,85,79,6,6
45597,78,75,3,3
45598,85,66,19,19
45599,77,67,10,10
45600,97,84,13,13
45601,67,68,-1,1
45602,114,100,14,14
45603,130,123,7,7
45604,127,109,18,18
45605,66,56,10,10
45606,74,70,4,4
45607,117,102,15,15
45608,57,50,7,7
45609,169,150,19,19
45610,79,72,7,7
45611,122,123,-1,1
45612,117,108,9,9
45613,82,76,6,6
45614,119,106,13,13
45615,105,93,12,12
45616,121,102,19,19
45617,107,99,8,8
45618,63,57,6,6
45619,76,73,3,3
45620,141,106,35,35
45621,76,66,10,10
45622,189,125,64,64
45623,78,68,10,10
45624,105,110,-5,5
45625,69,63,6,6
45626,95,92,3,3
45627,55,52,3,3
45628,85,70,15,15
45629,62,61,1,1
45630,72,65,7,7
45631,91,81,10,10
45632,78,79,-1,1
45633,69,58,11,11
45634,58,52,6,6
45635,104,89,15,15
45636,90,84,6,6
45637,45,47,-2,2
45638,109,85,24,24
45639,174,166,8,8
45640,102,104,-2,2
45641,72,72,0,0
45642,93,82,11,11
45643,88,105,-17,17
45644,147,123,24,24
45645,116,102,14,14
45646,71,84,-13,13
45647,59,53,6,6
45648,110,102,8,8
45649,112,98,14,14
45650,67,47,20,20
45651,63,61,2,2
45652,99,77,22,22
45653,71,65,6,6
45654,61,59,2,2
45655,145,164,-19,19
45656,59,57,2,2
45657,91,88,3,3
45658,97,91,6,6
45659,67,65,2,2
45660,75,62,13,13
45661,107,83,24,24
45662,47,50,-3,3
45663,111,104,7,7
45664,122,101,21,21
45665,145,127,18,18
45666,133,106,27,27
45667,90,76,14,14
45668,153,138,15,15
45669,83,66,17,17
45670,44,48,-4,4
45671,64,58,6,6
45672,74,70,4,4
45673,98,90,8,8
45674,117,68,49,49
45675,83,77,6,6
45676,52,53,-1,1
45677,74,65,9,9
45678,128,112,16,16
45679,75,67,8,8
45680,71,60,11,11
45681,72,63,9,9
45682,80,73,7,7
45683,98,86,12,12
45684,138,125,13,13
45685,161,136,25,25
45686,152,137,15,15
45687,117,100,17,17
45688,96,91,5,5
45689,76,70,6,6
45690,150,138,12,12
45691,71,71,0,0
45692,127,122,5,5
45693,93,87,6,6
45694,116,104,12,12
45695,128,111,17,17
45696,47,45,2,2
45697,53,49,4,4
45698,173,152,21,21
45699,84,90,-6,6
45700,74,61,13,13
45701,40,37,3,3
45702,125,94,31,31
45703,100,99,1,1
45704,62,57,5,5
45705,120,100,20,20
45706,163,124,39,39
45707,111,101,10,10
45708,62,62,0,0
45709,104,98,6,6
45710,96,83,13,13
45711,71,60,11,11
45712,94,85,9,9
45713,109,97,12,12
45714,46,46,0,0
45715,94,82,12,12
45716,52,45,7,7
45717,88,78,10,10
45718,68,69,-1,1
45719,193,186,7,7
45720,137,113,24,24
45721,109,98,11,11
45722,97,91,6,6
45723,114,94,20,20
45724,90,78,12,12
45725,57,49,8,8
45726,119,100,19,19
45727,157,139,18,18
45728,86,72,14,14
45729,108,98,10,10
45730,82,78,4,4
45731,111,95,16,16
45732,110,100,10,10
45733,108,76,32,32
45734,92,75,17,17
45735,38,37,1,1
45736,92,85,7,7
45737,92,80,12,12
45738,68,54,14,14
45739,74,70,4,4
45740,83,71,12,12
45741,106,78,28,28
45742,86,77,9,9
45743,78,63,15,15
45744,155,152,3,3
45745,116,104,12,12
45746,129,91,38,38
45747,99,87,12,12
45748,114,97,17,17
45749,103,86,17,17
45750,82,64,18,18
45751,50,42,8,8
45752,86,74,12,12
45753,82,73,9,9
45754,82,85,-3,3
45755,50,48,2,2
45756,88,67,21,21
45757,86,73,13,13
45758,103,91,12,12
45759,60,49,11,11
45760,68,58,10,10
45761,86,57,29,29
45762,85,74,11,11
45763,80,70,10,10
45764,58,56,2,2
45765,63,72,-9,9
45766,117,104,13,13
45767,97,97,0,0
45768,59,56,3,3
45769,66,61,5,5
45770,121,109,12,12
45771,77,67,10,10
45772,47,41,6,6
45773,61,59,2,2
45774,128,113,15,15
45775,225,188,37,37
45776,145,121,24,24
45777,125,117,8,8
45778,40,51,-11,11
45779,94,77,17,17
45780,103,89,14,14
45781,137,121,16,16
45782,151,131,20,20
45783,98,91,7,7
45784,115,101,14,14
45785,77,65,12,12
45786,75,87,-12,12
45787,75,68,7,7
45788,117,101,16,16
45789,133,123,10,10
45790,89,87,2,2
45791,92,83,9,9
45792,66,60,6,6
45793,26,34,-8,8
45794,135,115,20,20
45795,82,81,1,1
45796,44,44,0,0
45797,79,51,28,28
45798,135,130,5,5
45799,122,121,1,1
45800,177,161,16,16
45801,93,76,17,17
45802,54,42,12,12
45803,104,106,-2,2
45804,69,56,13,13
45805,64,63,1,1
45806,113,110,3,3
45807,69,60,9,9
45808,127,122,5,5
45809,115,103,12,12
45810,75,65,10,10
45811,81,71,10,10
45812,35,33,2,2
45813,120,108,12,12
45814,86,80,6,6
45815,111,92,19,19
45816,149,121,28,28
45817,86,75,11,11
45818,122,106,16,16
45819,80,77,3,3
45820,91,78,13,13
45821,106,95,11,11
45822,30,64,-34,34
45823,84,76,8,8
45824,159,117,42,42
45825,76,72,4,4
45826,73,64,9,9
45827,78,68,10,10
45828,271,221,50,50
45829,138,130,8,8
45830,72,69,3,3
45831,77,53,24,24
45832,94,88,6,6
45833,101,91,10,10
45834,72,63,9,9
45835,101,97,4,4
45836,120,107,13,13
45837,159,143,16,16
45838,78,70,8,8
45839,78,71,7,7
45840,106,93,13,13
45841,87,87,0,0
45842,62,55,7,7
45843,106,98,8,8
45844,127,128,-1,1
45845,101,88,13,13
45846,56,51,5,5
45847,41,49,-8,8
45848,83,73,10,10
45849,128,119,9,9
45850,86,74,12,12
45851,82,78,4,4
45852,104,89,15,15
45853,116,124,-8,8
45854,115,97,18,18
45855,81,64,17,17
45856,82,85,-3,3
45857,88,72,16,16
45858,115,103,12,12
45859,170,157,13,13
45860,110,100,10,10
45861,228,186,42,42
45862,161,133,28,28
45863,72,74,-2,2
45864,171,143,28,28
45865,117,98,19,19
45866,116,104,12,12
45867,60,46,14,14
45868,113,108,5,5
45869,121,103,18,18
45870,41,48,-7,7
45871,98,83,15,15
45872,83,73,10,10
45873,56,54,2,2
45874,107,90,17,17
45875,90,76,14,14
45876,91,83,8,8
45877,68,66,2,2
45878,131,113,18,18
45879,95,80,15,15
45880,93,78,15,15
45881,99,88,11,11
45882,195,155,40,40
45883,124,104,20,20
45884,124,107,17,17
45885,44,62,-18,18
45886,63,53,10,10
45887,175,149,26,26
45888,127,101,26,26
45889,113,106,7,7
45890,118,87,31,31
45891,99,100,-1,1
45892,89,78,11,11
45893,64,60,4,4
45894,73,65,8,8
45895,104,86,18,18
45896,50,49,1,1
45897,94,76,18,18
45898,115,108,7,7
45899,91,86,5,5
45900,80,65,15,15
45901,81,76,5,5
45902,80,75,5,5
45903,100,85,15,15
45904,123,111,12,12
45905,89,73,16,16
45906,71,63,8,8
45907,162,133,29,29
45908,152,120,32,32
45909,69,59,10,10
45910,81,81,0,0
45911,71,67,4,4
45912,90,77,13,13
45913,104,90,14,14
45914,106,88,18,18
45915,66,56,10,10
45916,66,57,9,9
45917,79,78,1,1
45918,45,39,6,6
45919,89,77,12,12
45920,105,78,27,27
45921,59,49,10,10
45922,103,86,17,17
45923,116,107,9,9
45924,93,82,11,11
45925,116,117,-1,1
45926,133,114,19,19
45927,86,73,13,13
45928,86,67,19,19
45929,65,62,3,3
45930,139,117,22,22
45931,117,113,4,4
45932,67,58,9,9
45933,119,91,28,28
45934,81,91,-10,10
45935,127,111,16,16
45936,142,121,21,21
45937,87,76,11,11
45938,70,61,9,9
45939,79,71,8,8
45940,119,105,14,14
45941,73,60,13,13
45942,72,55,17,17
45943,87,84,3,3
45944,108,95,13,13
45945,120,108,12,12
45946,82,71,11,11
45947,97,88,9,9
45948,73,70,3,3
45949,69,65,4,4
45950,96,87,9,9
45951,44,43,1,1
45952,104,90,14,14
45953,68,66,2,2
45954,108,72,36,36
45955,81,75,6,6
45956,124,108,16,16
45957,91,76,15,15
45958,116,120,-4,4
45959,41,37,4,4
45960,93,85,8,8
45961,100,92,8,8
45962,70,74,-4,4
45963,82,75,7,7
45964,124,103,21,21
45965,168,143,25,25
45966,81,70,11,11
45967,124,117,7,7
45968,74,63,11,11
45969,191,159,32,32
45970,99,97,2,2
45971,72,63,9,9
45972,92,88,4,4
45973,122,110,12,12
45974,104,92,12,12
45975,93,80,13,13
45976,50,46,4,4
45977,79,74,5,5
45978,86,78,8,8
45979,147,142,5,5
45980,129,131,-2,2
45981,135,136,-1,1
45982,124,99,25,25
45983,91,83,8,8
45984,80,79,1,1
45985,150,142,8,8
45986,113,98,15,15
45987,74,55,19,19
45988,165,142,23,23
45989,105,82,23,23
45990,49,47,2,2
45991,96,93,3,3
45992,115,97,18,18
45993,132,108,24,24
45994,111,95,16,16
45995,44,139,-95,95
45996,98,78,20,20
45997,52,42,10,10
45998,78,76,2,2
45999,71,57,14,14
46000,30,27,3,3
46001,116,108,8,8
46002,128,138,-10,10
46003,75,78,-3,3
46004,47,46,1,1
46005,89,82,7,7
46006,88,72,16,16
46007,102,91,11,11
46008,48,49,-1,1
46009,59,50,9,9
46010,131,113,18,18
46011,71,62,9,9
46012,81,76,5,5
46013,110,99,11,11
46014,154,136,18,18
46015,120,106,14,14
46016,155,124,31,31
46017,109,94,15,15
46018,71,71,0,0
46019,81,69,12,12
46020,58,53,5,5
46021,69,72,-3,3
46022,134,118,16,16
46023,99,90,9,9
46024,71,66,5,5
46025,99,90,9,9
46026,76,70,6,6
46027,98,76,22,22
46028,68,61,7,7
46029,105,83,22,22
46030,109,93,16,16
46031,143,117,26,26
46032,112,96,16,16
46033,82,92,-10,10
46034,59,50,9,9
46035,170,148,22,22
46036,84,82,2,2
46037,84,84,0,0
46038,97,90,7,7
46039,241,193,48,48
46040,216,176,40,40
46041,121,108,13,13
46042,72,58,14,14
46043,61,53,8,8
46044,76,66,10,10
46045,140,130,10,10
46046,101,88,13,13
46047,92,76,16,16
46048,65,52,13,13
46049,62,62,0,0
46050,62,58,4,4
46051,172,138,34,34
46052,82,70,12,12
46053,118,106,12,12
46054,99,85,14,14
46055,121,107,14,14
46056,108,95,13,13
46057,96,72,24,24
46058,145,127,18,18
46059,111,124,-13,13
46060,46,44,2,2
46061,74,60,14,14
46062,96,83,13,13
46063,60,52,8,8
46064,110,124,-14,14
46065,78,72,6,6
46066,114,90,24,24
46067,154,155,-1,1
46068,165,140,25,25
46069,42,41,1,1
46070,91,78,13,13
46071,100,92,8,8
46072,110,81,29,29
46073,67,64,3,3
46074,68,66,2,2
46075,137,107,30,30
46076,87,79,8,8
46077,93,80,13,13
46078,86,79,7,7
46079,200,182,18,18
46080,119,103,16,16
46081,176,150,26,26
46082,75,67,8,8
46083,125,99,26,26
46084,74,72,2,2
46085,102,85,17,17
46086,53,46,7,7
46087,107,93,14,14
46088,95,81,14,14
46089,120,114,6,6
46090,88,79,9,9
46091,66,67,-1,1
46092,94,72,22,22
46093,137,128,9,9
46094,67,71,-4,4
46095,83,73,10,10
46096,56,51,5,5
46097,139,113,26,26
46098,100,85,15,15
46099,78,80,-2,2
46100,103,84,19,19
46101,59,59,0,0
46102,47,49,-2,2
46103,65,54,11,11
46104,112,94,18,18
46105,132,105,27,27
46106,82,78,4,4
46107,118,104,14,14
46108,109,86,23,23
46109,91,81,10,10
46110,67,62,5,5
46111,83,79,4,4
46112,79,70,9,9
46113,26,28,-2,2
46114,44,51,-7,7
46115,71,69,2,2
46116,86,73,13,13
46117,77,68,9,9
46118,53,39,14,14
46119,98,81,17,17
46120,144,117,27,27
46121,89,72,17,17
46122,67,63,4,4
46123,147,122,25,25
46124,127,117,10,10
46125,85,73,12,12
46126,66,57,9,9
46127,89,70,19,19
46128,89,82,7,7
46129,75,66,9,9
46130,72,63,9,9
46131,101,95,6,6
46132,126,87,39,39
46133,62,55,7,7
46134,83,72,11,11
46135,151,130,21,21
46136,102,93,9,9
46137,215,184,31,31
46138,149,128,21,21
46139,133,118,15,15
46140,90,72,18,18
46141,100,75,25,25
46142,57,44,13,13
46143,61,47,14,14
46144,41,38,3,3
46145,137,113,24,24
46146,164,140,24,24
46147,242,205,37,37
46148,99,88,11,11
46149,51,45,6,6
46150,68,59,9,9
46151,78,67,11,11
46152,120,106,14,14
46153,87,75,12,12
46154,105,87,18,18
46155,112,97,15,15
46156,87,82,5,5
46157,88,79,9,9
46158,71,61,10,10
46159,125,107,18,18
46160,73,68,5,5
46161,108,98,10,10
46162,76,71,5,5
46163,45,42,3,3
46164,100,89,11,11
46165,76,68,8,8
46166,158,142,16,16
46167,92,84,8,8
46168,77,73,4,4
46169,44,38,6,6
46170,115,110,5,5
46171,85,82,3,3
46172,109,95,14,14
46173,89,83,6,6
46174,39,35,4,4
46175,66,62,4,4
46176,62,65,-3,3
46177,89,84,5,5
46178,130,117,13,13
46179,92,82,10,10
46180,138,111,27,27
46181,118,95,23,23
46182,219,217,2,2
46183,104,94,10,10
46184,94,89,5,5
46185,100,80,20,20
46186,54,45,9,9
46187,153,125,28,28
46188,84,75,9,9
46189,91,88,3,3
46190,46,43,3,3
46191,53,53,0,0
46192,77,66,11,11
46193,80,66,14,14
46194,138,117,21,21
46195,80,67,13,13
46196,138,109,29,29
46197,141,119,22,22
46198,91,78,13,13
46199,176,145,31,31
46200,117,108,9,9
46201,69,66,3,3
46202,108,108,0,0
46203,101,83,18,18
46204,135,115,20,20
46205,115,105,10,10
46206,102,94,8,8
46207,56,59,-3,3
46208,96,89,7,7
46209,69,62,7,7
46210,106,104,2,2
46211,151,142,9,9
46212,110,97,13,13
46213,112,85,27,27
46214,134,112,22,22
46215,65,57,8,8
46216,66,63,3,3
46217,97,91,6,6
46218,109,99,10,10
46219,141,125,16,16
46220,78,87,-9,9
46221,94,97,-3,3
46222,64,67,-3,3
46223,47,52,-5,5
46224,79,68,11,11
46225,104,97,7,7
46226,39,31,8,8
46227,62,65,-3,3
46228,123,111,12,12
46229,144,118,26,26
46230,108,99,9,9
46231,183,144,39,39
46232,85,72,13,13
46233,49,48,1,1
46234,40,37,3,3
46235,27,38,-11,11
46236,107,97,10,10
46237,135,132,3,3
46238,129,105,24,24
46239,77,70,7,7
46240,61,62,-1,1
46241,58,61,-3,3
46242,144,127,17,17
46243,53,44,9,9
46244,95,89,6,6
46245,82,65,17,17
46246,73,66,7,7
46247,174,159,15,15
46248,101,86,15,15
46249,100,113,-13,13
46250,81,67,14,14
46251,94,80,14,14
46252,76,69,7,7
46253,70,65,5,5
46254,100,93,7,7
46255,79,68,11,11
46256,83,78,5,5
46257,90,83,7,7
46258,136,119,17,17
46259,61,55,6,6
46260,106,97,9,9
46261,90,83,7,7
46262,32,30,2,2
46263,100,96,4,4
46264,74,63,11,11
46265,62,58,4,4
46266,101,82,19,19
46267,104,89,15,15
46268,94,76,18,18
46269,95,87,8,8
46270,134,115,19,19
46271,134,122,12,12
46272,77,68,9,9
46273,80,87,-7,7
46274,90,78,12,12
46275,128,110,18,18
46276,108,95,13,13
46277,64,61,3,3
46278,44,61,-17,17
46279,115,99,16,16
46280,49,49,0,0
46281,64,65,-1,1
46282,64,56,8,8
46283,128,116,12,12
46284,69,63,6,6
46285,73,61,12,12
46286,38,37,1,1
46287,71,63,8,8
46288,94,87,7,7
46289,89,84,5,5
46290,63,59,4,4
46291,116,97,19,19
46292,83,77,6,6
46293,38,45,-7,7
46294,57,56,1,1
46295,84,74,10,10
46296,552,344,208,208
46297,75,65,10,10
46298,70,54,16,16
46299,90,94,-4,4
46300,181,179,2,2
46301,109,94,15,15
46302,99,101,-2,2
46303,99,87,12,12
46304,73,65,8,8
46305,71,67,4,4
46306,125,117,8,8
46307,142,132,10,10
46308,125,110,15,15
46309,99,88,11,11
46310,127,105,22,22
46311,134,110,24,24
46312,87,75,12,12
46313,99,96,3,3
46314,116,108,8,8
46315,57,51,6,6
46316,160,139,21,21
46317,104,88,16,16
46318,106,97,9,9
46319,82,80,2,2
46320,149,124,25,25
46321,122,107,15,15
46322,46,46,0,0
46323,44,52,-8,8
46324,47,52,-5,5
46325,46,60,-14,14
46326,103,98,5,5
46327,118,109,9,9
46328,62,55,7,7
46329,61,63,-2,2
46330,90,82,8,8
46331,87,73,14,14
46332,163,135,28,28
46333,108,100,8,8
46334,68,57,11,11
46335,128,110,18,18
46336,132,138,-6,6
46337,48,45,3,3
46338,66,59,7,7
46339,62,61,1,1
46340,77,80,-3,3
46341,47,56,-9,9
46342,124,103,21,21
46343,95,93,2,2
46344,65,53,12,12
46345,70,65,5,5
46346,133,119,14,14
46347,98,90,8,8
46348,138,137,1,1
46349,93,87,6,6
46350,136,117,19,19
46351,119,102,17,17
46352,102,96,6,6
46353,106,112,-6,6
46354,75,70,5,5
46355,58,48,10,10
46356,130,104,26,26
46357,85,78,7,7
46358,102,107,-5,5
46359,66,60,6,6
46360,83,88,-5,5
46361,85,78,7,7
46362,122,107,15,15
46363,107,103,4,4
46364,68,65,3,3
46365,58,55,3,3
46366,87,75,12,12
46367,67,66,1,1
46368,74,72,2,2
46369,68,58,10,10
46370,104,82,22,22
46371,158,144,14,14
46372,131,114,17,17
46373,103,90,13,13
46374,109,99,10,10
46375,64,56,8,8
46376,123,104,19,19
46377,111,94,17,17
46378,38,38,0,0
46379,59,48,11,11
46380,46,57,-11,11
46381,101,96,5,5
46382,149,127,22,22
46383,116,102,14,14
46384,62,69,-7,7
46385,78,70,8,8
46386,92,78,14,14
46387,109,91,18,18
46388,94,87,7,7
46389,107,98,9,9
46390,75,71,4,4
46391,64,61,3,3
46392,30,32,-2,2
46393,127,116,11,11
46394,67,60,7,7
46395,109,100,9,9
46396,187,160,27,27
46397,90,85,5,5
46398,123,107,16,16
46399,72,59,13,13
46400,124,116,8,8
46401,110,98,12,12
46402,108,99,9,9
46403,65,67,-2,2
46404,116,119,-3,3
46405,77,82,-5,5
46406,40,46,-6,6
46407,108,97,11,11
46408,159,140,19,19
46409,60,53,7,7
46410,116,100,16,16
46411,124,131,-7,7
46412,94,92,2,2
46413,90,74,16,16
46414,30,29,1,1
46415,89,77,12,12
46416,89,74,15,15
46417,111,109,2,2
46418,84,75,9,9
46419,49,47,2,2
46420,75,59,16,16
46421,136,108,28,28
46422,41,102,-61,61
46423,72,63,9,9
46424,173,152,21,21
46425,70,67,3,3
46426,90,82,8,8
46427,153,144,9,9
46428,138,131,7,7
46429,147,131,16,16
46430,116,117,-1,1
46431,148,126,22,22
46432,117,105,12,12
46433,103,90,13,13
46434,123,106,17,17
46435,151,124,27,27
46436,126,114,12,12
46437,105,104,1,1
46438,111,102,9,9
46439,71,60,11,11
46440,99,100,-1,1
46441,59,57,2,2
46442,104,86,18,18
46443,60,49,11,11
46444,88,75,13,13
46445,63,53,10,10
46446,186,154,32,32
46447,97,84,13,13
46448,128,107,21,21
46449,162,136,26,26
46450,74,62,12,12
46451,92,78,14,14
46452,153,134,19,19
46453,97,87,10,10
46454,116,102,14,14
46455,161,124,37,37
46456,73,69,4,4
46457,107,96,11,11
46458,112,115,-3,3
46459,89,76,13,13
46460,92,77,15,15
46461,83,76,7,7
46462,108,110,-2,2
46463,108,102,6,6
46464,49,39,10,10
46465,64,56,8,8
46466,109,106,3,3
46467,52,50,2,2
46468,139,129,10,10
46469,90,80,10,10
46470,90,81,9,9
46471,70,67,3,3
46472,97,91,6,6
46473,56,53,3,3
46474,64,66,-2,2
46475,67,58,9,9
46476,48,45,3,3
46477,69,62,7,7
46478,93,84,9,9
46479,144,128,16,16
46480,145,140,5,5
46481,142,132,10,10
46482,150,137,13,13
46483,58,49,9,9
46484,120,97,23,23
46485,102,92,10,10
46486,142,134,8,8
46487,100,93,7,7
46488,125,112,13,13
46489,84,84,0,0
46490,123,112,11,11
46491,145,140,5,5
46492,86,82,4,4
46493,73,64,9,9
46494,97,84,13,13
46495,57,50,7,7
46496,122,107,15,15
46497,71,57,14,14
46498,99,89,10,10
46499,83,66,17,17
46500,165,141,24,24
46501,193,158,35,35
46502,104,86,18,18
46503,110,116,-6,6
46504,65,50,15,15
46505,72,67,5,5
46506,76,68,8,8
46507,173,151,22,22
46508,76,81,-5,5
46509,95,83,12,12
46510,96,86,10,10
46511,82,70,12,12
46512,91,89,2,2
46513,88,76,12,12
46514,104,98,6,6
46515,114,108,6,6
46516,109,92,17,17
46517,74,64,10,10
46518,137,114,23,23
46519,93,82,11,11
46520,88,81,7,7
46521,55,57,-2,2
46522,72,61,11,11
46523,71,79,-8,8
46524,110,85,25,25
46525,114,105,9,9
46526,128,119,9,9
46527,65,53,12,12
46528,114,106,8,8
46529,97,83,14,14
46530,117,137,-20,20
46531,72,67,5,5
46532,92,79,13,13
46533,64,52,12,12
46534,125,119,6,6
46535,99,91,8,8
46536,56,53,3,3
46537,54,47,7,7
46538,122,110,12,12
46539,178,164,14,14
46540,179,154,25,25
46541,80,71,9,9
46542,109,93,16,16
46543,83,75,8,8
46544,103,87,16,16
46545,61,62,-1,1
46546,125,104,21,21
46547,96,80,16,16
46548,96,104,-8,8
46549,97,85,12,12
46550,108,81,27,27
46551,89,82,7,7
46552,55,49,6,6
46553,87,121,-34,34
46554,49,47,2,2
46555,94,86,8,8
46556,93,106,-13,13
46557,75,65,10,10
46558,65,60,5,5
46559,52,44,8,8
46560,83,67,16,16
46561,123,95,28,28
46562,92,79,13,13
46563,74,71,3,3
46564,109,87,22,22
46565,52,54,-2,2
46566,76,61,15,15
46567,116,103,13,13
46568,83,69,14,14
46569,82,72,10,10
46570,144,124,20,20
46571,35,36,-1,1
46572,155,136,19,19
46573,136,117,19,19
46574,123,111,12,12
46575,81,70,11,11
46576,66,59,7,7
46577,131,113,18,18
46578,133,106,27,27
46579,71,58,13,13
46580,82,77,5,5
46581,82,75,7,7
46582,42,39,3,3
46583,137,140,-3,3
46584,140,148,-8,8
46585,58,59,-1,1
46586,117,95,22,22
46587,69,74,-5,5
46588,85,80,5,5
46589,52,40,12,12
46590,87,87,0,0
46591,135,133,2,2
46592,64,55,9,9
46593,129,99,30,30
46594,190,170,20,20
46595,68,69,-1,1
46596,82,68,14,14
46597,75,67,8,8
46598,149,119,30,30
46599,84,73,11,11
46600,54,42,12,12
46601,98,87,11,11
46602,99,81,18,18
46603,125,114,11,11
46604,86,79,7,7
46605,95,80,15,15
46606,75,68,7,7
46607,80,65,15,15
46608,118,110,8,8
46609,91,78,13,13
46610,106,90,16,16
46611,85,86,-1,1
46612,153,150,3,3
46613,103,94,9,9
46614,159,147,12,12
46615,69,62,7,7
46616,166,124,42,42
46617,109,96,13,13
46618,133,112,21,21
46619,191,159,32,32
46620,113,85,28,28
46621,124,102,22,22
46622,139,123,16,16
46623,88,80,8,8
46624,43,92,-49,49
46625,71,65,6,6
46626,116,102,14,14
46627,115,96,19,19
46628,118,105,13,13
46629,62,53,9,9
46630,106,97,9,9
46631,116,119,-3,3
46632,137,118,19,19
46633,201,158,43,43
46634,53,49,4,4
46635,73,70,3,3
46636,46,45,1,1
46637,90,77,13,13
46638,126,113,13,13
46639,113,104,9,9
46640,80,69,11,11
46641,102,84,18,18
46642,161,136,25,25
46643,103,97,6,6
46644,119,119,0,0
46645,54,60,-6,6
46646,159,136,23,23
46647,87,72,15,15
46648,59,45,14,14
46649,59,60,-1,1
46650,90,77,13,13
46651,59,58,1,1
46652,104,89,15,15
46653,131,121,10,10
46654,60,50,10,10
46655,68,58,10,10
46656,86,76,10,10
46657,88,74,14,14
46658,146,134,12,12
46659,62,54,8,8
46660,152,137,15,15
46661,104,94,10,10
46662,67,58,9,9
46663,102,96,6,6
46664,96,88,8,8
46665,99,100,-1,1
46666,99,94,5,5
46667,76,70,6,6
46668,97,89,8,8
46669,83,80,3,3
46670,112,106,6,6
46671,63,58,5,5
46672,136,127,9,9
46673,74,68,6,6
46674,172,141,31,31
46675,136,108,28,28
46676,120,114,6,6
46677,116,106,10,10
46678,126,109,17,17
46679,114,98,16,16
46680,72,68,4,4
46681,104,93,11,11
46682,147,137,10,10
46683,103,93,10,10
46684,81,68,13,13
46685,80,73,7,7
46686,101,92,9,9
46687,125,96,29,29
46688,92,68,24,24
46689,84,73,11,11
46690,80,98,-18,18
46691,150,132,18,18
46692,61,55,6,6
46693,112,99,13,13
46694,112,93,19,19
46695,67,52,15,15
46696,137,121,16,16
46697,58,53,5,5
46698,105,93,12,12
46699,88,83,5,5
46700,76,67,9,9
46701,88,71,17,17
46702,108,102,6,6
46703,97,83,14,14
46704,141,130,11,11
46705,64,70,-6,6
46706,51,50,1,1
46707,101,82,19,19
46708,158,141,17,17
46709,97,88,9,9
46710,79,77,2,2
46711,69,60,9,9
46712,97,94,3,3
46713,90,80,10,10
46714,85,86,-1,1
46715,90,78,12,12
46716,120,104,16,16
46717,61,55,6,6
46718,145,133,12,12
46719,77,72,5,5
46720,49,49,0,0
46721,81,74,7,7
46722,70,63,7,7
46723,107,88,19,19
46724,87,76,11,11
46725,66,62,4,4
46726,108,99,9,9
46727,86,78,8,8
46728,68,60,8,8
46729,84,65,19,19
46730,72,66,6,6
46731,67,63,4,4
46732,73,63,10,10
46733,81,73,8,8
46734,65,55,10,10
46735,130,101,29,29
46736,47,42,5,5
46737,117,109,8,8
46738,141,113,28,28
46739,204,167,37,37
46740,85,76,9,9
46741,116,113,3,3
46742,118,101,17,17
46743,110,103,7,7
46744,100,87,13,13
46745,93,84,9,9
46746,53,43,10,10
46747,86,71,15,15
46748,70,63,7,7
46749,80,72,8,8
46750,146,138,8,8
46751,72,66,6,6
46752,154,138,16,16
46753,206,180,26,26
46754,72,67,5,5
46755,141,125,16,16
46756,83,95,-12,12
46757,141,134,7,7
46758,97,97,0,0
46759,137,118,19,19
46760,124,113,11,11
46761,84,77,7,7
46762,102,105,-3,3
46763,22,52,-30,30
46764,97,89,8,8
46765,59,50,9,9
46766,124,115,9,9
46767,198,176,22,22
46768,93,74,19,19
46769,96,85,11,11
46770,99,81,18,18
46771,191,142,49,49
46772,88,72,16,16
46773,88,77,11,11
46774,114,98,16,16
46775,85,84,1,1
46776,85,65,20,20
46777,63,60,3,3
46778,129,95,34,34
46779,142,120,22,22
46780,66,67,-1,1
46781,64,52,12,12
46782,72,59,13,13
46783,143,135,8,8
46784,73,62,11,11
46785,92,83,9,9
46786,80,79,1,1
46787,123,107,16,16
46788,67,61,6,6
46789,87,92,-5,5
46790,81,58,23,23
46791,77,94,-17,17
46792,70,57,13,13
46793,120,108,12,12
46794,119,109,10,10
46795,116,108,8,8
46796,193,175,18,18
46797,90,81,9,9
46798,113,115,-2,2
46799,109,90,19,19
46800,85,80,5,5
46801,63,58,5,5
46802,56,55,1,1
46803,131,123,8,8
46804,108,99,9,9
46805,58,50,8,8
46806,57,57,0,0
46807,98,106,-8,8
46808,86,90,-4,4
46809,60,54,6,6
46810,54,52,2,2
46811,160,136,24,24
46812,91,93,-2,2
46813,179,137,42,42
46814,68,79,-11,11
46815,143,130,13,13
46816,86,68,18,18
46817,115,108,7,7
46818,139,111,28,28
46819,95,86,9,9
46820,66,71,-5,5
46821,66,59,7,7
46822,143,130,13,13
46823,87,77,10,10
46824,85,86,-1,1
46825,77,75,2,2
46826,77,61,16,16
46827,91,73,18,18
46828,80,74,6,6
46829,23,31,-8,8
46830,92,80,12,12
46831,109,90,19,19
46832,115,95,20,20
46833,93,86,7,7
46834,67,63,4,4
46835,150,132,18,18
46836,78,63,15,15
46837,159,149,10,10
46838,124,100,24,24
46839,93,96,-3,3
46840,133,126,7,7
46841,79,77,2,2
46842,62,59,3,3
46843,73,63,10,10
46844,66,59,7,7
46845,69,59,10,10
46846,146,150,-4,4
46847,73,60,13,13
46848,91,93,-2,2
46849,67,58,9,9
46850,80,86,-6,6
46851,96,82,14,14
46852,75,64,11,11
46853,72,73,-1,1
46854,87,76,11,11
46855,93,77,16,16
46856,115,100,15,15
46857,142,123,19,19
46858,168,126,42,42
46859,149,125,24,24
46860,91,79,12,12
46861,69,70,-1,1
46862,112,99,13,13
46863,83,73,10,10
46864,63,52,11,11
46865,84,77,7,7
46866,113,94,19,19
46867,98,84,14,14
46868,174,156,18,18
46869,103,85,18,18
46870,32,68,-36,36
46871,126,117,9,9
46872,132,121,11,11
46873,49,41,8,8
46874,107,98,9,9
46875,121,120,1,1
46876,132,102,30,30
46877,75,66,9,9
46878,71,69,2,2
46879,69,72,-3,3
46880,158,141,17,17
46881,73,64,9,9
46882,146,117,29,29
46883,49,48,1,1
46884,124,111,13,13
46885,71,63,8,8
46886,43,45,-2,2
46887,94,85,9,9
46888,120,121,-1,1
46889,107,96,11,11
46890,83,67,16,16
46891,111,96,15,15
46892,79,74,5,5
46893,93,86,7,7
46894,130,117,13,13
46895,119,100,19,19
46896,80,65,15,15
46897,80,66,14,14
46898,76,68,8,8
46899,101,93,8,8
46900,131,116,15,15
46901,91,88,3,3
46902,81,83,-2,2
46903,102,92,10,10
46904,108,84,24,24
46905,79,69,10,10
46906,121,100,21,21
46907,135,126,9,9
46908,68,74,-6,6
46909,104,102,2,2
46910,44,38,6,6
46911,103,99,4,4
46912,136,131,5,5
46913,107,84,23,23
46914,78,82,-4,4
46915,75,67,8,8
46916,37,34,3,3
46917,24,32,-8,8
46918,166,145,21,21
46919,134,114,20,20
46920,116,103,13,13
46921,85,76,9,9
46922,130,121,9,9
46923,150,127,23,23
46924,103,89,14,14
46925,92,82,10,10
46926,127,124,3,3
46927,72,68,4,4
46928,95,90,5,5
46929,56,48,8,8
46930,170,140,30,30
46931,106,86,20,20
46932,78,71,7,7
46933,135,127,8,8
46934,113,96,17,17
46935,191,164,27,27
46936,61,61,0,0
46937,95,76,19,19
46938,119,108,11,11
46939,114,94,20,20
46940,88,77,11,11
46941,71,64,7,7
46942,76,64,12,12
46943,50,55,-5,5
46944,69,61,8,8
46945,51,71,-20,20
46946,74,72,2,2
46947,79,67,12,12
46948,74,72,2,2
46949,113,108,5,5
46950,99,96,3,3
46951,86,77,9,9
46952,91,78,13,13
46953,83,86,-3,3
46954,106,89,17,17
46955,66,55,11,11
46956,74,62,12,12
46957,78,66,12,12
46958,101,90,11,11
46959,78,71,7,7
46960,91,92,-1,1
46961,94,91,3,3
46962,86,77,9,9
46963,64,60,4,4
46964,98,73,25,25
46965,100,97,3,3
46966,148,123,25,25
46967,96,92,4,4
46968,135,107,28,28
46969,123,122,1,1
46970,65,60,5,5
46971,86,71,15,15
46972,86,70,16,16
46973,93,82,11,11
46974,106,94,12,12
46975,122,106,16,16
46976,75,74,1,1
46977,86,74,12,12
46978,51,47,4,4
46979,56,58,-2,2
46980,125,121,4,4
46981,92,74,18,18
46982,108,107,1,1
46983,151,130,21,21
46984,83,75,8,8
46985,66,67,-1,1
46986,138,112,26,26
46987,120,114,6,6
46988,79,60,19,19
46989,86,82,4,4
46990,163,153,10,10
46991,112,101,11,11
46992,98,81,17,17
46993,40,63,-23,23
46994,85,83,2,2
46995,73,71,2,2
46996,84,85,-1,1
46997,127,119,8,8
46998,113,93,20,20
46999,116,101,15,15
47000,91,83,8,8
47001,91,70,21,21
47002,50,47,3,3
47003,78,74,4,4
47004,90,83,7,7
47005,125,106,19,19
47006,84,81,3,3
47007,79,70,9,9
47008,69,63,6,6
47009,115,92,23,23
47010,227,218,9,9
47011,107,101,6,6
47012,136,152,-16,16
47013,88,75,13,13
47014,117,107,10,10
47015,81,82,-1,1
47016,150,134,16,16
47017,101,111,-10,10
47018,169,151,18,18
47019,75,72,3,3
47020,146,136,10,10
47021,96,84,12,12
47022,66,63,3,3
47023,73,64,9,9
47024,85,85,0,0
47025,104,81,23,23
47026,53,51,2,2
47027,148,144,4,4
47028,119,100,19,19
47029,45,41,4,4
47030,72,64,8,8
47031,126,112,14,14
47032,64,57,7,7
47033,119,113,6,6
47034,89,85,4,4
47035,139,126,13,13
47036,111,107,4,4
47037,100,93,7,7
47038,82,77,5,5
47039,138,121,17,17
47040,47,41,6,6
47041,167,137,30,30
47042,63,55,8,8
47043,118,105,13,13
47044,201,181,20,20
47045,82,77,5,5
47046,91,85,6,6
47047,81,75,6,6
47048,91,78,13,13
47049,119,98,21,21
47050,88,77,11,11
47051,76,68,8,8
47052,86,78,8,8
47053,47,49,-2,2
47054,134,119,15,15
47055,96,86,10,10
47056,82,70,12,12
47057,82,68,14,14
47058,89,83,6,6
47059,99,93,6,6
47060,93,87,6,6
47061,87,80,7,7
47062,62,54,8,8
47063,58,49,9,9
47064,82,72,10,10
47065,142,133,9,9
47066,101,86,15,15
47067,127,109,18,18
47068,46,41,5,5
47069,116,100,16,16
47070,54,56,-2,2
47071,71,64,7,7
47072,121,130,-9,9
47073,80,71,9,9
47074,86,77,9,9
47075,119,103,16,16
47076,71,67,4,4
47077,171,150,21,21
47078,126,103,23,23
47079,57,50,7,7
47080,99,89,10,10
47081,55,58,-3,3
47082,77,70,7,7
47083,110,99,11,11
47084,77,93,-16,16
47085,111,98,13,13
47086,164,153,11,11
47087,104,87,17,17
47088,85,76,9,9
47089,75,70,5,5
47090,119,101,18,18
47091,82,74,8,8
47092,122,99,23,23
47093,111,98,13,13
47094,102,85,17,17
47095,54,48,6,6
47096,96,87,9,9
47097,65,60,5,5
47098,135,124,11,11
47099,79,68,11,11
47100,92,74,18,18
47101,56,52,4,4
47102,109,87,22,22
47103,124,111,13,13
47104,65,64,1,1
47105,84,77,7,7
47106,107,94,13,13
47107,114,103,11,11
47108,92,76,16,16
47109,129,113,16,16
47110,159,140,19,19
47111,80,78,2,2
47112,106,95,11,11
47113,76,69,7,7
47114,81,82,-1,1
47115,115,103,12,12
47116,89,86,3,3
47117,66,62,4,4
47118,49,48,1,1
47119,74,63,11,11
47120,77,63,14,14
47121,98,84,14,14
47122,181,152,29,29
47123,65,56,9,9
47124,125,110,15,15
47125,120,114,6,6
47126,92,76,16,16
47127,125,109,16,16
47128,97,86,11,11
47129,113,93,20,20
47130,69,64,5,5
47131,41,39,2,2
47132,112,100,12,12
47133,93,76,17,17
47134,77,66,11,11
47135,114,114,0,0
47136,90,83,7,7
47137,119,114,5,5
47138,85,87,-2,2
47139,99,98,1,1
47140,113,84,29,29
47141,112,109,3,3
47142,43,39,4,4
47143,73,61,12,12
47144,149,133,16,16
47145,72,68,4,4
47146,62,60,2,2
47147,74,69,5,5
47148,197,169,28,28
47149,93,92,1,1
47150,103,65,38,38
47151,96,80,16,16
47152,191,152,39,39
47153,116,101,15,15
47154,75,64,11,11
47155,99,97,2,2
47156,94,74,20,20
47157,124,118,6,6
47158,83,73,10,10
47159,131,115,16,16
47160,108,85,23,23
47161,108,110,-2,2
47162,77,72,5,5
47163,77,59,18,18
47164,126,113,13,13
47165,59,71,-12,12
47166,101,102,-1,1
47167,121,106,15,15
47168,116,112,4,4
47169,124,102,22,22
47170,69,54,15,15
47171,160,137,23,23
47172,67,67,0,0
47173,111,107,4,4
47174,80,93,-13,13
47175,44,44,0,0
47176,89,77,12,12
47177,92,79,13,13
47178,105,100,5,5
47179,113,93,20,20
47180,83,75,8,8
47181,54,48,6,6
47182,47,45,2,2
47183,105,87,18,18
47184,65,54,11,11
47185,118,99,19,19
47186,115,90,25,25
47187,92,87,5,5
47188,69,55,14,14
47189,42,45,-3,3
47190,64,55,9,9
47191,119,114,5,5
47192,142,117,25,25
47193,117,101,16,16
47194,67,66,1,1
47195,157,134,23,23
47196,57,54,3,3
47197,122,99,23,23
47198,84,74,10,10
47199,112,101,11,11
47200,96,89,7,7
47201,75,57,18,18
47202,86,77,9,9
47203,168,140,28,28
47204,128,105,23,23
47205,111,101,10,10
47206,95,86,9,9
47207,74,74,0,0
47208,101,79,22,22
47209,69,57,12,12
47210,160,146,14,14
47211,139,118,21,21
47212,24,56,-32,32
47213,89,76,13,13
47214,102,96,6,6
47215,49,47,2,2
47216,94,97,-3,3
47217,76,61,15,15
47218,170,134,36,36
47219,158,142,16,16
47220,31,71,-40,40
47221,66,63,3,3
47222,106,81,25,25
47223,60,62,-2,2
47224,77,70,7,7
47225,68,62,6,6
47226,129,119,10,10
47227,60,52,8,8
47228,106,97,9,9
47229,64,52,12,12
47230,67,60,7,7
47231,85,80,5,5
47232,79,66,13,13
47233,175,154,21,21
47234,20,50,-30,30
47235,169,139,30,30
47236,90,84,6,6
47237,74,67,7,7
47238,68,74,-6,6
47239,52,51,1,1
47240,81,78,3,3
47241,106,100,6,6
47242,113,108,5,5
47243,64,58,6,6
47244,98,88,10,10
47245,120,112,8,8
47246,85,70,15,15
47247,70,59,11,11
47248,121,104,17,17
47249,132,114,18,18
47250,50,41,9,9
47251,68,69,-1,1
47252,55,49,6,6
47253,122,102,20,20
47254,107,90,17,17
47255,69,63,6,6
47256,115,100,15,15
47257,118,105,13,13
47258,184,190,-6,6
47259,78,81,-3,3
47260,47,43,4,4
47261,65,58,7,7
47262,109,86,23,23
47263,89,72,17,17
47264,141,128,13,13
47265,68,80,-12,12
47266,167,138,29,29
47267,68,66,2,2
47268,86,75,11,11
47269,93,80,13,13
47270,91,82,9,9
47271,65,63,2,2
47272,132,121,11,11
47273,91,86,5,5
47274,71,56,15,15
47275,71,61,10,10
47276,120,113,7,7
47277,118,102,16,16
47278,117,108,9,9
47279,157,142,15,15
47280,73,70,3,3
47281,108,99,9,9
47282,82,65,17,17
47283,122,107,15,15
47284,143,134,9,9
47285,172,148,24,24
47286,76,52,24,24
47287,130,123,7,7
47288,61,55,6,6
47289,65,64,1,1
47290,128,106,22,22
47291,98,80,18,18
47292,161,149,12,12
47293,56,50,6,6
47294,97,122,-25,25
47295,176,194,-18,18
47296,125,112,13,13
47297,115,99,16,16
47298,81,70,11,11
47299,103,89,14,14
47300,53,47,6,6
47301,173,149,24,24
47302,132,114,18,18
47303,129,110,19,19
47304,120,108,12,12
47305,123,104,19,19
47306,203,152,51,51
47307,59,46,13,13
47308,67,60,7,7
47309,132,109,23,23
47310,182,150,32,32
47311,143,133,10,10
47312,97,83,14,14
47313,91,78,13,13
47314,96,94,2,2
47315,91,82,9,9
47316,87,72,15,15
47317,143,138,5,5
47318,65,42,23,23
47319,78,59,19,19
47320,78,68,10,10
47321,140,127,13,13
47322,93,86,7,7
47323,52,45,7,7
47324,95,92,3,3
47325,96,77,19,19
47326,72,64,8,8
47327,113,102,11,11
47328,97,81,16,16
47329,77,69,8,8
47330,71,70,1,1
47331,58,51,7,7
47332,72,62,10,10
47333,210,161,49,49
47334,97,80,17,17
47335,141,132,9,9
47336,130,121,9,9
47337,105,96,9,9
47338,66,68,-2,2
47339,78,79,-1,1
47340,96,88,8,8
47341,120,107,13,13
47342,57,58,-1,1
47343,162,137,25,25
47344,134,125,9,9
47345,161,139,22,22
47346,171,157,14,14
47347,91,89,2,2
47348,46,40,6,6
47349,128,110,18,18
47350,113,93,20,20
47351,96,84,12,12
47352,55,48,7,7
47353,101,95,6,6
47354,146,127,19,19
47355,83,112,-29,29
47356,41,40,1,1
47357,117,106,11,11
47358,118,108,10,10
47359,89,83,6,6
47360,88,80,8,8
47361,37,28,9,9
47362,68,62,6,6
47363,53,42,11,11
47364,106,92,14,14
47365,125,107,18,18
47366,79,72,7,7
47367,100,87,13,13
47368,99,94,5,5
47369,99,93,6,6
47370,130,111,19,19
47371,75,75,0,0
47372,101,88,13,13
47373,90,82,8,8
47374,154,129,25,25
47375,116,100,16,16
47376,60,59,1,1
47377,144,134,10,10
47378,75,69,6,6
47379,110,95,15,15
47380,124,117,7,7
47381,79,79,0,0
47382,38,35,3,3
47383,90,81,9,9
47384,84,65,19,19
47385,76,73,3,3
47386,88,84,4,4
47387,124,116,8,8
47388,76,72,4,4
47389,84,69,15,15
47390,75,69,6,6
47391,78,69,9,9
47392,48,49,-1,1
47393,70,73,-3,3
47394,125,107,18,18
47395,129,117,12,12
47396,75,58,17,17
47397,91,91,0,0
47398,108,96,12,12
47399,100,83,17,17
47400,56,60,-4,4
47401,140,114,26,26
47402,62,52,10,10
47403,224,171,53,53
47404,109,103,6,6
47405,159,145,14,14
47406,90,82,8,8
47407,125,103,22,22
47408,96,88,8,8
47409,74,81,-7,7
47410,109,105,4,4
47411,84,75,9,9
47412,50,38,12,12
47413,146,126,20,20
47414,116,98,18,18
47415,93,79,14,14
47416,92,75,17,17
47417,72,60,12,12
47418,159,126,33,33
47419,79,67,12,12
47420,117,96,21,21
47421,92,77,15,15
47422,102,91,11,11
47423,61,55,6,6
47424,55,45,10,10
47425,91,70,21,21
47426,94,76,18,18
47427,64,58,6,6
47428,121,106,15,15
47429,50,44,6,6
47430,91,77,14,14
47431,87,79,8,8
47432,100,87,13,13
47433,60,57,3,3
47434,139,126,13,13
47435,77,67,10,10
47436,54,53,1,1
47437,117,88,29,29
47438,105,108,-3,3
47439,105,95,10,10
47440,78,72,6,6
47441,108,89,19,19
47442,111,112,-1,1
47443,112,106,6,6
47444,69,61,8,8
47445,100,93,7,7
47446,96,82,14,14
47447,31,39,-8,8
47448,75,66,9,9
47449,68,65,3,3
47450,53,49,4,4
47451,63,62,1,1
47452,85,70,15,15
47453,126,113,13,13
47454,107,98,9,9
47455,130,116,14,14
47456,65,57,8,8
47457,73,62,11,11
47458,107,99,8,8
47459,121,110,11,11
47460,99,89,10,10
47461,92,84,8,8
47462,170,153,17,17
47463,85,61,24,24
47464,142,136,6,6
47465,86,79,7,7
47466,63,57,6,6
47467,121,104,17,17
47468,84,82,2,2
47469,66,57,9,9
47470,60,55,5,5
47471,68,51,17,17
47472,113,113,0,0
47473,101,89,12,12
47474,48,48,0,0
47475,154,141,13,13
47476,160,142,18,18
47477,102,83,19,19
47478,94,84,10,10
47479,84,70,14,14
47480,107,102,5,5
47481,66,61,5,5
47482,87,81,6,6
47483,84,67,17,17
47484,86,81,5,5
47485,101,54,47,47
47486,83,72,11,11
47487,70,53,17,17
47488,104,81,23,23
47489,78,64,14,14
47490,69,60,9,9
47491,172,150,22,22
47492,66,77,-11,11
47493,96,79,17,17
47494,73,66,7,7
47495,122,119,3,3
47496,66,68,-2,2
47497,78,72,6,6
47498,70,117,-47,47
47499,62,61,1,1
47500,64,55,9,9
47501,189,157,32,32
47502,101,91,10,10
47503,83,72,11,11
47504,88,71,17,17
47505,108,93,15,15
47506,109,94,15,15
47507,50,44,6,6
47508,100,87,13,13
47509,98,82,16,16
47510,74,59,15,15
47511,151,123,28,28
47512,67,62,5,5
47513,145,124,21,21
47514,99,85,14,14
47515,79,70,9,9
47516,66,63,3,3
47517,87,74,13,13
47518,104,85,19,19
47519,75,67,8,8
47520,81,64,17,17
47521,79,78,1,1
47522,82,71,11,11
47523,202,167,35,35
47524,64,56,8,8
47525,142,128,14,14
47526,77,77,0,0
47527,95,97,-2,2
47528,127,116,11,11
47529,89,85,4,4
47530,136,135,1,1
47531,63,63,0,0
47532,123,108,15,15
47533,113,97,16,16
47534,98,90,8,8
47535,136,110,26,26
47536,124,105,19,19
47537,124,106,18,18
47538,162,138,24,24
47539,81,85,-4,4
47540,93,83,10,10
47541,83,80,3,3
47542,127,103,24,24
47543,60,45,15,15
47544,83,75,8,8
47545,60,54,6,6
47546,103,101,2,2
47547,93,76,17,17
47548,78,69,9,9
47549,97,83,14,14
47550,73,62,11,11
47551,128,111,17,17
47552,92,87,5,5
47553,37,33,4,4
47554,154,135,19,19
47555,60,59,1,1
47556,94,82,12,12
47557,103,92,11,11
47558,72,64,8,8
47559,65,64,1,1
47560,85,79,6,6
47561,111,99,12,12
47562,88,82,6,6
47563,110,92,18,18
47564,102,88,14,14
47565,59,54,5,5
47566,89,70,19,19
47567,113,90,23,23
47568,65,63,2,2
47569,148,127,21,21
47570,83,74,9,9
47571,81,73,8,8
47572,88,76,12,12
47573,67,65,2,2
47574,44,43,1,1
47575,98,92,6,6
47576,89,79,10,10
47577,85,76,9,9
47578,165,136,29,29
47579,58,58,0,0
47580,118,101,17,17
47581,138,106,32,32
47582,85,74,11,11
47583,77,72,5,5
47584,58,51,7,7
47585,78,67,11,11
47586,94,96,-2,2
47587,51,48,3,3
47588,109,105,4,4
47589,72,70,2,2
47590,71,61,10,10
47591,83,82,1,1
47592,97,85,12,12
47593,81,76,5,5
47594,192,185,7,7
47595,152,130,22,22
47596,101,91,10,10
47597,65,51,14,14
47598,77,75,2,2
47599,130,109,21,21
47600,124,90,34,34
47601,89,84,5,5
47602,105,104,1,1
47603,85,73,12,12
47604,147,136,11,11
47605,108,111,-3,3
47606,86,75,11,11
47607,66,63,3,3
47608,62,51,11,11
47609,74,60,14,14
47610,144,111,33,33
47611,77,69,8,8
47612,53,39,14,14
47613,81,69,12,12
47614,121,108,13,13
47615,71,62,9,9
47616,75,66,9,9
47617,105,86,19,19
47618,98,91,7,7
47619,133,128,5,5
47620,115,110,5,5
47621,56,51,5,5
47622,139,122,17,17
47623,108,100,8,8
47624,207,171,36,36
47625,43,50,-7,7
47626,135,116,19,19
47627,122,112,10,10
47628,61,59,2,2
47629,97,79,18,18
47630,77,65,12,12
47631,123,96,27,27
47632,59,56,3,3
47633,113,107,6,6
47634,125,110,15,15
47635,88,80,8,8
47636,72,60,12,12
47637,137,127,10,10
47638,113,94,19,19
47639,112,93,19,19
47640,60,59,1,1
47641,106,97,9,9
47642,143,131,12,12
47643,91,79,12,12
47644,95,81,14,14
47645,155,123,32,32
47646,106,98,8,8
47647,103,110,-7,7
47648,142,117,25,25
47649,76,64,12,12
47650,115,110,5,5
47651,96,106,-10,10
47652,103,85,18,18
47653,106,100,6,6
47654,67,59,8,8
47655,100,88,12,12
47656,103,85,18,18
47657,72,67,5,5
47658,142,125,17,17
47659,32,38,-6,6
47660,137,126,11,11
47661,57,55,2,2
47662,69,67,2,2
47663,47,46,1,1
47664,82,82,0,0
47665,113,94,19,19
47666,81,77,4,4
47667,96,86,10,10
47668,67,54,13,13
47669,138,118,20,20
47670,73,61,12,12
47671,62,70,-8,8
47672,45,43,2,2
47673,106,93,13,13
47674,65,56,9,9
47675,79,71,8,8
47676,109,104,5,5
47677,147,127,20,20
47678,67,55,12,12
47679,94,80,14,14
47680,73,66,7,7
47681,57,59,-2,2
47682,124,102,22,22
47683,68,54,14,14
47684,89,74,15,15
47685,105,87,18,18
47686,64,65,-1,1
47687,78,75,3,3
47688,108,90,18,18
47689,171,151,20,20
47690,92,73,19,19
47691,63,57,6,6
47692,66,64,2,2
47693,85,81,4,4
47694,134,118,16,16
47695,73,66,7,7
47696,85,75,10,10
47697,81,63,18,18
47698,119,106,13,13
47699,64,52,12,12
47700,73,61,12,12
47701,120,100,20,20
47702,122,108,14,14
47703,97,93,4,4
47704,69,63,6,6
47705,88,75,13,13
47706,86,78,8,8
47707,87,78,9,9
47708,152,131,21,21
47709,65,57,8,8
47710,37,48,-11,11
47711,125,101,24,24
47712,117,115,2,2
47713,72,62,10,10
47714,120,126,-6,6
47715,67,60,7,7
47716,147,134,13,13
47717,142,125,17,17
47718,111,103,8,8
47719,104,95,9,9
47720,90,74,16,16
47721,76,71,5,5
47722,82,60,22,22
47723,122,86,36,36
47724,176,151,25,25
47725,97,70,27,27
47726,84,74,10,10
47727,94,81,13,13
47728,175,159,16,16
47729,90,82,8,8
47730,62,55,7,7
47731,116,95,21,21
47732,137,122,15,15
47733,141,119,22,22
47734,96,107,-11,11
47735,99,87,12,12
47736,66,54,12,12
47737,183,167,16,16
47738,64,61,3,3
47739,137,132,5,5
47740,51,49,2,2
47741,35,30,5,5
47742,137,110,27,27
47743,151,143,8,8
47744,115,102,13,13
47745,94,80,14,14
47746,42,40,2,2
47747,57,58,-1,1
47748,102,96,6,6
47749,59,56,3,3
47750,73,78,-5,5
47751,80,69,11,11
47752,102,98,4,4
47753,111,98,13,13
47754,150,136,14,14
47755,149,127,22,22
47756,129,108,21,21
47757,35,38,-3,3
47758,50,51,-1,1
47759,85,71,14,14
47760,90,80,10,10
47761,129,104,25,25
47762,111,102,9,9
47763,80,75,5,5
47764,165,153,12,12
47765,69,63,6,6
47766,132,104,28,28
47767,145,125,20,20
47768,51,47,4,4
47769,152,129,23,23
47770,64,57,7,7
47771,168,143,25,25
47772,100,97,3,3
47773,72,58,14,14
47774,86,78,8,8
47775,67,67,0,0
47776,71,66,5,5
47777,156,141,15,15
47778,92,75,17,17
47779,93,88,5,5
47780,95,90,5,5
47781,113,100,13,13
47782,105,91,14,14
47783,77,75,2,2
47784,96,96,0,0
47785,103,94,9,9
47786,76,83,-7,7
47787,77,67,10,10
47788,103,84,19,19
47789,80,71,9,9
47790,72,70,2,2
47791,98,87,11,11
47792,94,76,18,18
47793,145,141,4,4
47794,57,50,7,7
47795,95,81,14,14
47796,97,70,27,27
47797,160,135,25,25
47798,161,144,17,17
47799,71,61,10,10
47800,95,81,14,14
47801,100,89,11,11
47802,57,39,18,18
47803,96,84,12,12
47804,70,60,10,10
47805,51,68,-17,17
47806,70,63,7,7
47807,27,32,-5,5
47808,93,78,15,15
47809,110,97,13,13
47810,128,112,16,16
47811,146,140,6,6
47812,81,62,19,19
47813,100,83,17,17
47814,77,62,15,15
47815,57,53,4,4
47816,110,95,15,15
47817,90,83,7,7
47818,105,101,4,4
47819,91,75,16,16
47820,158,140,18,18
47821,79,66,13,13
47822,52,45,7,7
47823,86,71,15,15
47824,100,89,11,11
47825,65,59,6,6
47826,116,98,18,18
47827,75,63,12,12
47828,95,83,12,12
47829,71,67,4,4
47830,87,83,4,4
47831,79,61,18,18
47832,77,63,14,14
47833,55,55,0,0
47834,94,81,13,13
47835,99,87,12,12
47836,98,90,8,8
47837,95,97,-2,2
47838,123,113,10,10
47839,76,79,-3,3
47840,157,150,7,7
47841,75,69,6,6
47842,114,103,11,11
47843,47,39,8,8
47844,110,98,12,12
47845,122,104,18,18
47846,89,89,0,0
47847,65,61,4,4
47848,63,61,2,2
47849,140,119,21,21
47850,101,93,8,8
47851,132,116,16,16
47852,175,171,4,4
47853,79,68,11,11
47854,97,85,12,12
47855,108,85,23,23
47856,76,60,16,16
47857,80,66,14,14
47858,114,93,21,21
47859,160,153,7,7
47860,101,84,17,17
47861,143,119,24,24
47862,40,41,-1,1
47863,151,131,20,20
47864,111,114,-3,3
47865,105,109,-4,4
47866,93,82,11,11
47867,121,111,10,10
47868,162,143,19,19
47869,91,92,-1,1
47870,86,79,7,7
47871,133,126,7,7
47872,69,64,5,5
47873,110,86,24,24
47874,76,63,13,13
47875,70,66,4,4
47876,129,100,29,29
47877,105,90,15,15
47878,118,103,15,15
47879,51,48,3,3
47880,155,135,20,20
47881,80,72,8,8
47882,91,97,-6,6
47883,87,76,11,11
47884,61,66,-5,5
47885,65,58,7,7
47886,85,79,6,6
47887,89,77,12,12
47888,62,54,8,8
47889,85,76,9,9
47890,65,65,0,0
47891,127,110,17,17
47892,94,86,8,8
47893,106,91,15,15
47894,72,60,12,12
47895,115,101,14,14
47896,100,80,20,20
47897,56,54,2,2
47898,78,77,1,1
47899,100,90,10,10
47900,94,83,11,11
47901,104,90,14,14
47902,76,83,-7,7
47903,100,86,14,14
47904,114,96,18,18
47905,94,78,16,16
47906,92,83,9,9
47907,51,42,9,9
47908,129,118,11,11
47909,30,28,2,2
47910,91,93,-2,2
47911,72,70,2,2
47912,99,90,9,9
47913,59,51,8,8
47914,103,88,15,15
47915,140,110,30,30
47916,71,65,6,6
47917,77,69,8,8
47918,108,99,9,9
47919,87,69,18,18
47920,150,137,13,13
47921,108,104,4,4
47922,78,64,14,14
47923,143,128,15,15
47924,109,106,3,3
47925,81,75,6,6
47926,82,81,1,1
47927,46,42,4,4
47928,142,120,22,22
47929,54,49,5,5
47930,89,84,5,5
47931,53,50,3,3
47932,73,61,12,12
47933,74,66,8,8
47934,43,33,10,10
47935,89,81,8,8
47936,71,67,4,4
47937,62,68,-6,6
47938,59,60,-1,1
47939,114,97,17,17
47940,56,51,5,5
47941,94,86,8,8
47942,102,99,3,3
47943,112,95,17,17
47944,75,72,3,3
47945,77,80,-3,3
47946,124,113,11,11
47947,128,106,22,22
47948,70,69,1,1
47949,84,120,-36,36
47950,151,124,27,27
47951,113,96,17,17
47952,85,71,14,14
47953,82,93,-11,11
47954,163,148,15,15
47955,124,124,0,0
47956,80,69,11,11
47957,122,136,-14,14
47958,88,68,20,20
47959,66,57,9,9
47960,83,78,5,5
47961,118,103,15,15
47962,57,54,3,3
47963,66,63,3,3
47964,108,97,11,11
47965,93,91,2,2
47966,51,43,8,8
47967,171,150,21,21
47968,114,91,23,23
47969,45,43,2,2
47970,86,71,15,15
47971,62,64,-2,2
47972,67,59,8,8
47973,76,74,2,2
47974,108,103,5,5
47975,100,106,-6,6
47976,139,123,16,16
47977,115,105,10,10
47978,144,105,39,39
47979,90,71,19,19
47980,91,75,16,16
47981,75,72,3,3
47982,135,117,18,18
47983,67,70,-3,3
47984,117,92,25,25
47985,127,104,23,23
47986,59,49,10,10
47987,48,47,1,1
47988,69,62,7,7
47989,93,76,17,17
47990,123,114,9,9
47991,131,128,3,3
47992,105,93,12,12
47993,121,114,7,7
47994,111,105,6,6
47995,43,37,6,6
47996,131,113,18,18
47997,133,112,21,21
47998,74,64,10,10
47999,154,121,33,33
48000,36,34,2,2
48001,83,82,1,1
48002,114,106,8,8
48003,115,97,18,18
48004,117,103,14,14
48005,129,114,15,15
48006,119,105,14,14
48007,65,59,6,6
48008,88,83,5,5
48009,80,61,19,19
48010,43,35,8,8
48011,68,66,2,2
48012,157,135,22,22
48013,104,97,7,7
48014,56,43,13,13
48015,52,52,0,0
48016,115,98,17,17
48017,64,54,10,10
48018,139,125,14,14
48019,58,49,9,9
48020,105,97,8,8
48021,196,175,21,21
48022,117,96,21,21
48023,108,82,26,26
48024,109,113,-4,4
48025,53,45,8,8
48026,97,77,20,20
48027,89,83,6,6
48028,136,116,20,20
48029,156,151,5,5
48030,107,86,21,21
48031,48,43,5,5
48032,108,106,2,2
48033,151,123,28,28
48034,71,77,-6,6
48035,99,81,18,18
48036,119,91,28,28
48037,131,117,14,14
48038,72,67,5,5
48039,112,98,14,14
48040,142,141,1,1
48041,130,115,15,15
48042,103,97,6,6
48043,136,121,15,15
48044,61,56,5,5
48045,93,80,13,13
48046,124,112,12,12
48047,44,47,-3,3
48048,166,163,3,3
48049,134,125,9,9
48050,85,71,14,14
48051,56,55,1,1
48052,58,61,-3,3
48053,95,83,12,12
48054,113,99,14,14
48055,80,77,3,3
48056,105,88,17,17
48057,56,44,12,12
48058,79,77,2,2
48059,77,72,5,5
48060,90,78,12,12
48061,68,62,6,6
48062,65,63,2,2
48063,95,85,10,10
48064,51,45,6,6
48065,99,78,21,21
48066,81,66,15,15
48067,116,89,27,27
48068,72,70,2,2
48069,55,55,0,0
48070,144,128,16,16
48071,74,72,2,2
48072,135,129,6,6
48073,60,61,-1,1
48074,76,80,-4,4
48075,144,110,34,34
48076,141,112,29,29
48077,80,61,19,19
48078,74,73,1,1
48079,83,74,9,9
48080,76,60,16,16
48081,100,89,11,11
48082,97,84,13,13
48083,141,107,34,34
48084,109,94,15,15
48085,87,99,-12,12
48086,104,89,15,15
48087,69,58,11,11
48088,60,61,-1,1
48089,71,67,4,4
48090,64,59,5,5
48091,69,65,4,4
48092,92,84,8,8
48093,93,80,13,13
48094,88,73,15,15
48095,11,27,-16,16
48096,132,110,22,22
48097,62,62,0,0
48098,73,80,-7,7
48099,110,91,19,19
48100,84,76,8,8
48101,63,50,13,13
48102,110,98,12,12
48103,61,53,8,8
48104,81,81,0,0
48105,107,105,2,2
48106,161,133,28,28
48107,66,55,11,11
48108,59,63,-4,4
48109,115,110,5,5
48110,113,101,12,12
48111,125,114,11,11
48112,104,95,9,9
48113,90,80,10,10
48114,84,72,12,12
48115,101,91,10,10
48116,151,128,23,23
48117,127,108,19,19
48118,102,87,15,15
48119,85,79,6,6
48120,64,64,0,0
48121,114,104,10,10
48122,104,86,18,18
48123,99,93,6,6
48124,60,54,6,6
48125,102,100,2,2
48126,125,112,13,13
48127,109,109,0,0
48128,106,91,15,15
48129,91,82,9,9
48130,54,67,-13,13
48131,86,91,-5,5
48132,108,105,3,3
48133,61,55,6,6
48134,63,74,-11,11
48135,112,99,13,13
48136,35,34,1,1
48137,86,75,11,11
48138,79,77,2,2
48139,112,100,12,12
48140,180,158,22,22
48141,94,77,17,17
48142,125,111,14,14
48143,82,70,12,12
48144,94,90,4,4
48145,83,67,16,16
48146,93,90,3,3
48147,89,83,6,6
48148,63,57,6,6
48149,120,111,9,9
48150,91,72,19,19
48151,102,113,-11,11
48152,70,65,5,5
48153,66,54,12,12
48154,73,65,8,8
48155,122,99,23,23
48156,50,52,-2,2
48157,65,58,7,7
48158,146,133,13,13
48159,72,68,4,4
48160,109,87,22,22
48161,67,62,5,5
48162,138,120,18,18
48163,78,72,6,6
48164,143,132,11,11
48165,82,74,8,8
48166,147,143,4,4
48167,115,102,13,13
48168,107,100,7,7
48169,60,55,5,5
48170,95,80,15,15
48171,95,86,9,9
48172,39,41,-2,2
48173,75,77,-2,2
48174,61,53,8,8
48175,194,185,9,9
48176,67,64,3,3
48177,104,87,17,17
48178,79,72,7,7
48179,57,59,-2,2
48180,45,40,5,5
48181,66,62,4,4
48182,70,62,8,8
48183,61,69,-8,8
48184,93,80,13,13
48185,104,92,12,12
48186,122,125,-3,3
48187,64,62,2,2
48188,68,67,1,1
48189,132,120,12,12
48190,55,53,2,2
48191,117,106,11,11
48192,89,75,14,14
48193,83,82,1,1
48194,94,89,5,5
48195,59,50,9,9
48196,149,128,21,21
48197,77,74,3,3
48198,92,89,3,3
48199,84,67,17,17
48200,71,63,8,8
48201,75,64,11,11
48202,123,102,21,21
48203,108,100,8,8
48204,90,82,8,8
48205,99,74,25,25
48206,38,39,-1,1
48207,59,58,1,1
48208,104,91,13,13
48209,114,113,1,1
48210,83,77,6,6
48211,182,150,32,32
48212,89,82,7,7
48213,77,60,17,17
48214,146,119,27,27
48215,74,67,7,7
48216,73,63,10,10
48217,71,62,9,9
48218,70,56,14,14
48219,139,135,4,4
48220,75,48,27,27
48221,110,115,-5,5
48222,106,99,7,7
48223,150,135,15,15
48224,132,116,16,16
48225,108,87,21,21
48226,56,52,4,4
48227,133,121,12,12
48228,123,99,24,24
48229,58,48,10,10
48230,73,73,0,0
48231,118,100,18,18
48232,83,73,10,10
48233,66,60,6,6
48234,83,76,7,7
48235,89,80,9,9
48236,87,85,2,2
48237,95,85,10,10
48238,57,53,4,4
48239,124,113,11,11
48240,136,124,12,12
48241,102,91,11,11
48242,123,116,7,7
48243,53,49,4,4
48244,59,68,-9,9
48245,150,125,25,25
48246,140,120,20,20
48247,88,80,8,8
48248,140,124,16,16
48249,86,77,9,9
48250,106,94,12,12
48251,127,129,-2,2
48252,88,70,18,18
48253,99,95,4,4
48254,83,72,11,11
48255,81,76,5,5
48256,151,125,26,26
48257,144,134,10,10
48258,55,50,5,5
48259,66,57,9,9
48260,103,89,14,14
48261,100,86,14,14
48262,76,52,24,24
48263,115,102,13,13
48264,135,112,23,23
48265,128,107,21,21
48266,163,140,23,23
48267,81,67,14,14
48268,88,77,11,11
48269,86,99,-13,13
48270,147,125,22,22
48271,179,159,20,20
48272,98,83,15,15
48273,91,77,14,14
48274,145,129,16,16
48275,53,52,1,1
48276,122,113,9,9
48277,79,67,12,12
48278,118,116,2,2
48279,100,73,27,27
48280,76,65,11,11
48281,148,132,16,16
48282,55,63,-8,8
48283,80,70,10,10
48284,129,126,3,3
48285,52,55,-3,3
48286,108,100,8,8
48287,71,63,8,8
48288,49,39,10,10
48289,111,95,16,16
48290,97,79,18,18
48291,106,86,20,20
48292,31,42,-11,11
48293,62,51,11,11
48294,140,147,-7,7
48295,102,85,17,17
48296,68,52,16,16
48297,66,55,11,11
48298,98,91,7,7
48299,29,26,3,3
48300,162,143,19,19
48301,68,61,7,7
48302,39,38,1,1
48303,61,55,6,6
48304,126,120,6,6
48305,82,59,23,23
48306,95,77,18,18
48307,86,85,1,1
48308,91,80,11,11
48309,68,72,-4,4
48310,70,65,5,5
48311,56,44,12,12
48312,113,104,9,9
48313,83,69,14,14
48314,185,154,31,31
48315,133,119,14,14
48316,98,85,13,13
48317,47,47,0,0
48318,86,70,16,16
48319,115,93,22,22
48320,121,101,20,20
48321,130,122,8,8
48322,116,103,13,13
48323,55,47,8,8
48324,88,78,10,10
48325,158,148,10,10
48326,208,187,21,21
48327,104,88,16,16
48328,109,100,9,9
48329,94,90,4,4
48330,49,49,0,0
48331,66,65,1,1
48332,135,139,-4,4
48333,112,90,22,22
48334,75,63,12,12
48335,99,92,7,7
48336,98,88,10,10
48337,77,75,2,2
48338,108,87,21,21
48339,81,74,7,7
48340,99,101,-2,2
48341,113,84,29,29
48342,68,64,4,4
48343,111,105,6,6
48344,57,54,3,3
48345,141,116,25,25
48346,96,83,13,13
48347,57,58,-1,1
48348,86,79,7,7
48349,64,75,-11,11
48350,58,57,1,1
48351,68,65,3,3
48352,79,66,13,13
48353,128,116,12,12
48354,133,113,20,20
48355,129,124,5,5
48356,98,85,13,13
48357,126,104,22,22
48358,68,64,4,4
48359,98,85,13,13
48360,76,55,21,21
48361,151,121,30,30
48362,143,133,10,10
48363,81,78,3,3
48364,154,130,24,24
48365,99,90,9,9
48366,58,53,5,5
48367,40,35,5,5
48368,101,93,8,8
48369,88,74,14,14
48370,102,84,18,18
48371,82,69,13,13
48372,80,70,10,10
48373,77,68,9,9
48374,91,78,13,13
48375,133,119,14,14
48376,160,136,24,24
48377,137,122,15,15
48378,110,93,17,17
48379,78,61,17,17
48380,83,77,6,6
48381,68,72,-4,4
48382,85,82,3,3
48383,90,80,10,10
48384,51,50,1,1
48385,95,82,13,13
48386,133,114,19,19
48387,63,56,7,7
48388,64,56,8,8
48389,64,49,15,15
48390,128,119,9,9
48391,94,92,2,2
48392,87,77,10,10
48393,49,46,3,3
48394,66,55,11,11
48395,53,49,4,4
48396,99,91,8,8
48397,55,57,-2,2
48398,166,146,20,20
48399,179,156,23,23
48400,100,82,18,18
48401,97,85,12,12
48402,139,116,23,23
48403,59,56,3,3
48404,175,154,21,21
48405,123,121,2,2
48406,72,68,4,4
48407,77,79,-2,2
48408,86,69,17,17
48409,52,49,3,3
48410,122,121,1,1
48411,83,72,11,11
48412,109,105,4,4
48413,123,104,19,19
48414,72,67,5,5
48415,86,81,5,5
48416,97,99,-2,2
48417,98,83,15,15
48418,98,79,19,19
48419,72,60,12,12
48420,160,133,27,27
48421,61,55,6,6
48422,91,84,7,7
48423,65,53,12,12
48424,145,123,22,22
48425,60,57,3,3
48426,125,111,14,14
48427,57,55,2,2
48428,117,100,17,17
48429,104,90,14,14
48430,141,125,16,16
48431,65,58,7,7
48432,78,63,15,15
48433,74,72,2,2
48434,82,75,7,7
48435,83,77,6,6
48436,79,76,3,3
48437,79,75,4,4
48438,73,66,7,7
48439,154,123,31,31
48440,89,81,8,8
48441,83,80,3,3
48442,79,67,12,12
48443,167,142,25,25
48444,103,107,-4,4
48445,89,78,11,11
48446,199,169,30,30
48447,63,63,0,0
48448,67,56,11,11
48449,152,142,10,10
48450,98,92,6,6
48451,78,71,7,7
48452,78,66,12,12
48453,119,116,3,3
48454,93,86,7,7
48455,121,115,6,6
48456,105,82,23,23
48457,184,133,51,51
48458,60,54,6,6
48459,167,135,32,32
48460,51,49,2,2
48461,114,106,8,8
48462,59,49,10,10
48463,98,92,6,6
48464,62,57,5,5
48465,74,52,22,22
48466,87,75,12,12
48467,84,74,10,10
48468,63,54,9,9
48469,103,83,20,20
48470,133,110,23,23
48471,125,99,26,26
48472,137,128,9,9
48473,82,68,14,14
48474,145,128,17,17
48475,111,103,8,8
48476,117,101,16,16
48477,61,51,10,10
48478,107,102,5,5
48479,127,113,14,14
48480,50,45,5,5
48481,75,67,8,8
48482,173,153,20,20
48483,162,135,27,27
48484,72,74,-2,2
48485,104,91,13,13
48486,84,72,12,12
48487,84,69,15,15
48488,99,89,10,10
48489,109,94,15,15
48490,125,117,8,8
48491,100,92,8,8
48492,108,102,6,6
48493,118,108,10,10
48494,70,70,0,0
48495,67,50,17,17
48496,39,37,2,2
48497,87,79,8,8
48498,71,73,-2,2
48499,65,60,5,5
48500,185,152,33,33
48501,89,76,13,13
48502,94,80,14,14
48503,68,63,5,5
48504,66,56,10,10
48505,126,109,17,17
48506,99,91,8,8
48507,100,89,11,11
48508,85,66,19,19
48509,38,45,-7,7
48510,170,149,21,21
48511,109,86,23,23
48512,90,75,15,15
48513,58,52,6,6
48514,52,53,-1,1
48515,162,162,0,0
48516,60,58,2,2
48517,99,85,14,14
48518,80,69,11,11
48519,82,88,-6,6
48520,112,97,15,15
48521,81,64,17,17
48522,112,117,-5,5
48523,160,137,23,23
48524,44,41,3,3
48525,60,57,3,3
48526,87,72,15,15
48527,66,53,13,13
48528,54,50,4,4
48529,158,126,32,32
48530,125,113,12,12
48531,61,59,2,2
48532,179,155,24,24
48533,174,135,39,39
48534,86,91,-5,5
48535,86,87,-1,1
48536,79,89,-10,10
48537,60,53,7,7
48538,78,64,14,14
48539,128,121,7,7
48540,111,96,15,15
48541,98,89,9,9
48542,142,109,33,33
48543,65,56,9,9
48544,142,121,21,21
48545,176,160,16,16
48546,88,74,14,14
48547,165,148,17,17
48548,85,81,4,4
48549,85,73,12,12
48550,88,82,6,6
48551,97,96,1,1
48552,125,110,15,15
48553,99,87,12,12
48554,83,69,14,14
48555,97,82,15,15
48556,96,85,11,11
48557,62,60,2,2
48558,99,100,-1,1
48559,57,53,4,4
48560,77,75,2,2
48561,77,75,2,2
48562,104,116,-12,12
48563,114,95,19,19
48564,94,79,15,15
48565,67,70,-3,3
48566,112,96,16,16
48567,128,109,19,19
48568,93,86,7,7
48569,115,114,1,1
48570,63,56,7,7
48571,67,67,0,0
48572,136,125,11,11
48573,96,97,-1,1
48574,97,95,2,2
48575,97,97,0,0
48576,100,85,15,15
48577,60,55,5,5
48578,155,167,-12,12
48579,80,83,-3,3
48580,92,95,-3,3
48581,130,113,17,17
48582,139,114,25,25
48583,121,111,10,10
48584,58,53,5,5
48585,73,69,4,4
48586,98,86,12,12
48587,95,89,6,6
48588,126,105,21,21
48589,112,96,16,16
48590,82,81,1,1
48591,105,89,16,16
48592,68,70,-2,2
48593,67,71,-4,4
48594,121,111,10,10
48595,164,132,32,32
48596,107,102,5,5
48597,110,96,14,14
48598,125,114,11,11
48599,71,63,8,8
48600,77,72,5,5
48601,97,87,10,10
48602,114,109,5,5
48603,140,131,9,9
48604,57,57,0,0
48605,99,84,15,15
48606,99,86,13,13
48607,52,40,12,12
48608,83,68,15,15
48609,173,218,-45,45
48610,94,90,4,4
48611,47,48,-1,1
48612,58,60,-2,2
48613,61,61,0,0
48614,82,87,-5,5
48615,53,61,-8,8
48616,53,51,2,2
48617,77,69,8,8
48618,88,87,1,1
48619,74,68,6,6
48620,74,60,14,14
48621,150,131,19,19
48622,135,124,11,11
48623,176,153,23,23
48624,53,53,0,0
48625,140,124,16,16
48626,106,104,2,2
48627,189,155,34,34
48628,104,104,0,0
48629,71,77,-6,6
48630,66,53,13,13
48631,82,81,1,1
48632,111,116,-5,5
48633,114,104,10,10
48634,140,129,11,11
48635,95,90,5,5
48636,152,132,20,20
48637,101,100,1,1
48638,67,57,10,10
48639,47,48,-1,1
48640,73,72,1,1
48641,84,93,-9,9
48642,92,74,18,18
48643,157,146,11,11
48644,128,120,8,8
48645,96,96,0,0
48646,91,81,10,10
48647,92,79,13,13
48648,132,116,16,16
48649,170,149,21,21
48650,103,75,28,28
48651,46,48,-2,2
48652,123,99,24,24
48653,91,73,18,18
48654,111,102,9,9
48655,144,134,10,10
48656,73,68,5,5
48657,116,97,19,19
48658,137,123,14,14
48659,131,111,20,20
48660,37,36,1,1
48661,84,81,3,3
48662,91,79,12,12
48663,175,159,16,16
48664,137,125,12,12
48665,91,77,14,14
48666,41,45,-4,4
48667,88,70,18,18
48668,86,71,15,15
48669,67,63,4,4
48670,181,149,32,32
48671,108,96,12,12
48672,51,35,16,16
48673,145,126,19,19
48674,87,78,9,9
48675,42,37,5,5
48676,92,81,11,11
48677,196,166,30,30
48678,43,42,1,1
48679,108,100,8,8
48680,131,109,22,22
48681,105,99,6,6
48682,77,70,7,7
48683,80,71,9,9
48684,144,125,19,19
48685,120,122,-2,2
48686,70,64,6,6
48687,62,53,9,9
48688,40,39,1,1
48689,80,66,14,14
48690,93,78,15,15
48691,41,43,-2,2
48692,90,78,12,12
48693,82,70,12,12
48694,85,85,0,0
48695,103,87,16,16
48696,119,104,15,15
48697,65,61,4,4
48698,85,72,13,13
48699,114,97,17,17
48700,95,80,15,15
48701,39,33,6,6
48702,89,76,13,13
48703,116,107,9,9
48704,133,127,6,6
48705,76,69,7,7
48706,146,122,24,24
48707,55,48,7,7
48708,170,153,17,17
48709,76,65,11,11
48710,89,83,6,6
48711,76,85,-9,9
48712,107,89,18,18
48713,69,58,11,11
48714,94,94,0,0
48715,106,96,10,10
48716,91,72,19,19
48717,158,150,8,8
48718,110,100,10,10
48719,69,65,4,4
48720,90,74,16,16
48721,99,85,14,14
48722,74,67,7,7
48723,94,91,3,3
48724,70,63,7,7
48725,81,79,2,2
48726,136,132,4,4
48727,89,84,5,5
48728,113,107,6,6
48729,110,93,17,17
48730,137,125,12,12
48731,100,87,13,13
48732,114,99,15,15
48733,122,97,25,25
48734,27,27,0,0
48735,105,101,4,4
48736,65,68,-3,3
48737,120,118,2,2
48738,68,64,4,4
48739,158,135,23,23
48740,76,73,3,3
48741,123,111,12,12
48742,71,64,7,7
48743,86,78,8,8
48744,68,71,-3,3
48745,118,104,14,14
48746,36,34,2,2
48747,26,26,0,0
48748,55,50,5,5
48749,87,76,11,11
48750,117,99,18,18
48751,36,35,1,1
48752,112,92,20,20
48753,73,60,13,13
48754,93,83,10,10
48755,122,100,22,22
48756,117,104,13,13
48757,116,117,-1,1
48758,95,83,12,12
48759,51,51,0,0
48760,81,73,8,8
48761,88,65,23,23
48762,62,59,3,3
48763,84,60,24,24
48764,69,66,3,3
48765,62,61,1,1
48766,101,95,6,6
48767,112,103,9,9
48768,182,149,33,33
48769,51,49,2,2
48770,89,79,10,10
48771,123,113,10,10
48772,91,81,10,10
48773,67,67,0,0
48774,150,127,23,23
48775,61,60,1,1
48776,107,94,13,13
48777,53,53,0,0
48778,79,74,5,5
48779,143,142,1,1
48780,115,107,8,8
48781,66,62,4,4
48782,104,92,12,12
48783,154,151,3,3
48784,96,81,15,15
48785,165,155,10,10
48786,124,115,9,9
48787,108,94,14,14
48788,106,102,4,4
48789,124,119,5,5
48790,91,85,6,6
48791,98,107,-9,9
48792,74,73,1,1
48793,146,139,7,7
48794,136,126,10,10
48795,96,98,-2,2
48796,117,108,9,9
48797,113,98,15,15
48798,118,101,17,17
48799,151,119,32,32
48800,157,144,13,13
48801,98,76,22,22
48802,136,124,12,12
48803,119,121,-2,2
48804,66,58,8,8
48805,144,126,18,18
48806,118,110,8,8
48807,186,165,21,21
48808,91,85,6,6
48809,99,87,12,12
48810,78,75,3,3
48811,81,79,2,2
48812,77,72,5,5
48813,51,45,6,6
48814,81,80,1,1
48815,110,99,11,11
48816,83,74,9,9
48817,75,79,-4,4
48818,73,66,7,7
48819,113,102,11,11
48820,84,68,16,16
48821,94,82,12,12
48822,77,82,-5,5
48823,101,87,14,14
48824,100,81,19,19
48825,68,59,9,9
48826,65,64,1,1
48827,159,150,9,9
48828,66,59,7,7
48829,149,117,32,32
48830,81,86,-5,5
48831,56,49,7,7
48832,149,152,-3,3
48833,56,50,6,6
48834,110,99,11,11
48835,61,58,3,3
48836,57,51,6,6
48837,107,99,8,8
48838,58,56,2,2
48839,106,97,9,9
48840,145,116,29,29
48841,70,62,8,8
48842,115,104,11,11
48843,106,79,27,27
48844,144,125,19,19
48845,129,104,25,25
48846,127,112,15,15
48847,223,175,48,48
48848,147,138,9,9
48849,95,82,13,13
48850,34,39,-5,5
48851,66,54,12,12
48852,88,78,10,10
48853,91,76,15,15
48854,90,74,16,16
48855,131,121,10,10
48856,61,61,0,0
48857,66,57,9,9
48858,125,115,10,10
48859,69,61,8,8
48860,73,72,1,1
48861,87,79,8,8
48862,89,77,12,12
48863,69,64,5,5
48864,114,100,14,14
48865,64,59,5,5
48866,146,128,18,18
48867,93,87,6,6
48868,54,49,5,5
48869,171,161,10,10
48870,63,57,6,6
48871,70,68,2,2
48872,61,58,3,3
48873,75,62,13,13
48874,158,129,29,29
48875,65,72,-7,7
48876,93,86,7,7
48877,97,78,19,19
48878,126,103,23,23
48879,122,107,15,15
48880,128,129,-1,1
48881,109,96,13,13
48882,90,74,16,16
48883,167,153,14,14
48884,79,60,19,19
48885,56,51,5,5
48886,117,100,17,17
48887,80,69,11,11
48888,48,47,1,1
48889,72,66,6,6
48890,69,63,6,6
48891,105,93,12,12
48892,103,85,18,18
48893,94,83,11,11
48894,91,75,16,16
48895,117,102,15,15
48896,168,160,8,8
48897,60,52,8,8
48898,93,87,6,6
48899,110,94,16,16
48900,61,51,10,10
48901,133,118,15,15
48902,124,97,27,27
48903,131,114,17,17
48904,81,73,8,8
48905,78,67,11,11
48906,117,99,18,18
48907,116,105,11,11
48908,75,73,2,2
48909,50,48,2,2
48910,76,61,15,15
48911,120,103,17,17
48912,96,84,12,12
48913,99,109,-10,10
48914,163,145,18,18
48915,136,116,20,20
48916,150,127,23,23
48917,87,90,-3,3
48918,116,104,12,12
48919,127,112,15,15
48920,73,62,11,11
48921,110,109,1,1
48922,65,56,9,9
48923,74,70,4,4
48924,98,85,13,13
48925,74,65,9,9
48926,105,95,10,10
48927,92,83,9,9
48928,80,76,4,4
48929,111,101,10,10
48930,93,81,12,12
48931,69,62,7,7
48932,76,75,1,1
48933,59,51,8,8
48934,127,113,14,14
48935,45,43,2,2
48936,100,72,28,28
48937,111,102,9,9
48938,165,190,-25,25
48939,161,160,1,1
48940,108,105,3,3
48941,85,64,21,21
48942,131,126,5,5
48943,28,37,-9,9
48944,92,76,16,16
48945,55,53,2,2
48946,134,113,21,21
48947,112,95,17,17
48948,123,101,22,22
48949,137,126,11,11
48950,72,73,-1,1
48951,116,94,22,22
48952,136,118,18,18
48953,122,108,14,14
48954,120,109,11,11
48955,85,70,15,15
48956,98,96,2,2
48957,108,112,-4,4
48958,95,87,8,8
48959,71,62,9,9
48960,160,131,29,29
48961,112,106,6,6
48962,98,93,5,5
48963,72,61,11,11
48964,102,93,9,9
48965,95,78,17,17
48966,130,114,16,16
48967,96,85,11,11
48968,123,109,14,14
48969,100,97,3,3
48970,172,155,17,17
48971,55,48,7,7
48972,60,63,-3,3
48973,101,94,7,7
48974,90,95,-5,5
48975,76,77,-1,1
48976,80,70,10,10
48977,100,100,0,0
48978,61,58,3,3
48979,75,70,5,5
48980,81,89,-8,8
48981,121,107,14,14
48982,81,74,7,7
48983,139,131,8,8
48984,86,69,17,17
48985,94,84,10,10
48986,121,110,11,11
48987,83,72,11,11
48988,127,118,9,9
48989,49,55,-6,6
48990,83,81,2,2
48991,76,63,13,13
48992,113,97,16,16
48993,73,62,11,11
48994,85,73,12,12
48995,97,85,12,12
48996,82,70,12,12
48997,103,93,10,10
48998,68,61,7,7
48999,65,61,4,4
49000,46,41,5,5
49001,108,91,17,17
49002,96,96,0,0
49003,133,119,14,14
49004,97,92,5,5
49005,62,48,14,14
49006,95,87,8,8
49007,132,109,23,23
49008,164,142,22,22
49009,62,52,10,10
49010,81,71,10,10
49011,91,85,6,6
49012,73,63,10,10
49013,73,64,9,9
49014,105,101,4,4
49015,75,69,6,6
49016,73,58,15,15
49017,94,86,8,8
49018,112,109,3,3
49019,107,87,20,20
49020,79,68,11,11
49021,128,121,7,7
49022,100,82,18,18
49023,68,62,6,6
49024,84,65,19,19
49025,115,124,-9,9
49026,68,66,2,2
49027,50,43,7,7
49028,80,74,6,6
49029,71,65,6,6
49030,115,104,11,11
49031,103,104,-1,1
49032,112,99,13,13
49033,95,82,13,13
49034,132,122,10,10
49035,108,91,17,17
49036,89,88,1,1
49037,96,78,18,18
49038,110,97,13,13
49039,103,140,-37,37
49040,113,89,24,24
49041,72,69,3,3
49042,85,85,0,0
49043,106,97,9,9
49044,101,92,9,9
49045,117,117,0,0
49046,67,68,-1,1
49047,82,72,10,10
49048,61,55,6,6
49049,64,50,14,14
49050,86,80,6,6
49051,89,79,10,10
49052,49,46,3,3
49053,136,110,26,26
49054,137,127,10,10
49055,79,63,16,16
49056,127,104,23,23
49057,130,113,17,17
49058,119,128,-9,9
49059,83,69,14,14
49060,98,91,7,7
49061,124,108,16,16
49062,72,79,-7,7
49063,114,106,8,8
49064,144,123,21,21
49065,117,97,20,20
49066,68,61,7,7
49067,41,39,2,2
49068,88,83,5,5
49069,156,134,22,22
49070,85,72,13,13
49071,99,90,9,9
49072,71,76,-5,5
49073,152,128,24,24
49074,86,72,14,14
49075,95,78,17,17
49076,100,86,14,14
49077,99,86,13,13
49078,137,103,34,34
49079,78,63,15,15
49080,142,124,18,18
49081,80,81,-1,1
49082,70,62,8,8
49083,112,91,21,21
49084,116,109,7,7
49085,76,74,2,2
49086,128,111,17,17
49087,101,88,13,13
49088,111,99,12,12
49089,71,63,8,8
49090,129,114,15,15
49091,170,150,20,20
49092,136,106,30,30
49093,105,86,19,19
49094,117,98,19,19
49095,102,88,14,14
49096,77,70,7,7
49097,103,98,5,5
49098,53,47,6,6
49099,94,90,4,4
49100,73,59,14,14
49101,65,60,5,5
49102,107,115,-8,8
49103,78,78,0,0
49104,83,76,7,7
49105,117,107,10,10
49106,33,31,2,2
49107,97,90,7,7
49108,119,109,10,10
49109,74,62,12,12
49110,96,83,13,13
49111,113,105,8,8
49112,68,73,-5,5
49113,78,65,13,13
49114,123,92,31,31
49115,121,117,4,4
49116,74,63,11,11
49117,100,85,15,15
49118,71,65,6,6
49119,46,44,2,2
49120,90,83,7,7
49121,63,67,-4,4
49122,94,80,14,14
49123,83,77,6,6
49124,86,81,5,5
49125,116,110,6,6
49126,107,90,17,17
49127,111,114,-3,3
49128,211,172,39,39
49129,71,56,15,15
49130,57,61,-4,4
49131,135,118,17,17
49132,111,96,15,15
49133,97,76,21,21
49134,139,123,16,16
49135,96,88,8,8
49136,91,79,12,12
49137,131,119,12,12
49138,134,121,13,13
49139,81,75,6,6
49140,123,105,18,18
49141,122,117,5,5
49142,149,136,13,13
49143,122,102,20,20
49144,114,96,18,18
49145,112,93,19,19
49146,110,94,16,16
49147,111,105,6,6
49148,50,47,3,3
49149,52,46,6,6
49150,119,117,2,2
49151,67,63,4,4
49152,135,119,16,16
49153,81,72,9,9
49154,122,98,24,24
49155,130,117,13,13
49156,60,56,4,4
49157,108,108,0,0
49158,97,91,6,6
49159,50,49,1,1
49160,77,61,16,16
49161,106,84,22,22
49162,100,96,4,4
49163,70,68,2,2
49164,99,92,7,7
49165,108,100,8,8
49166,138,117,21,21
49167,132,123,9,9
49168,73,70,3,3
49169,73,74,-1,1
49170,111,94,17,17
49171,101,91,10,10
49172,123,111,12,12
49173,80,101,-21,21
49174,56,43,13,13
49175,101,82,19,19
49176,119,108,11,11
49177,125,132,-7,7
49178,107,98,9,9
49179,141,126,15,15
49180,110,112,-2,2
49181,91,71,20,20
49182,67,58,9,9
49183,91,79,12,12
49184,62,59,3,3
49185,66,58,8,8
49186,51,61,-10,10
49187,26,28,-2,2
49188,112,101,11,11
49189,85,70,15,15
49190,173,148,25,25
49191,65,51,14,14
49192,71,68,3,3
49193,48,41,7,7
49194,113,104,9,9
49195,111,102,9,9
49196,76,72,4,4
49197,72,66,6,6
49198,104,90,14,14
49199,113,98,15,15
49200,80,69,11,11
49201,129,124,5,5
49202,80,67,13,13
49203,99,92,7,7
49204,98,93,5,5
49205,186,167,19,19
49206,84,79,5,5
49207,46,43,3,3
49208,81,84,-3,3
49209,62,52,10,10
49210,85,75,10,10
49211,63,56,7,7
49212,114,112,2,2
49213,91,80,11,11
49214,100,103,-3,3
49215,53,48,5,5
49216,127,102,25,25
49217,93,77,16,16
49218,59,54,5,5
49219,52,40,12,12
49220,100,89,11,11
49221,73,69,4,4
49222,110,104,6,6
49223,88,68,20,20
49224,87,77,10,10
49225,53,47,6,6
49226,96,84,12,12
49227,70,76,-6,6
49228,80,83,-3,3
49229,80,71,9,9
49230,78,67,11,11
49231,45,36,9,9
49232,97,85,12,12
49233,172,149,23,23
49234,92,85,7,7
49235,72,66,6,6
49236,125,121,4,4
49237,72,66,6,6
49238,156,140,16,16
49239,61,56,5,5
49240,118,110,8,8
49241,89,101,-12,12
49242,126,98,28,28
49243,121,95,26,26
49244,63,66,-3,3
49245,96,77,19,19
49246,123,105,18,18
49247,80,77,3,3
49248,120,112,8,8
49249,75,72,3,3
49250,128,114,14,14
49251,166,145,21,21
49252,129,112,17,17
49253,74,71,3,3
49254,70,70,0,0
49255,75,68,7,7
49256,115,88,27,27
49257,109,95,14,14
49258,86,76,10,10
49259,90,81,9,9
49260,95,82,13,13
49261,102,100,2,2
49262,178,154,24,24
49263,140,119,21,21
49264,148,133,15,15
49265,75,72,3,3
49266,94,77,17,17
49267,83,80,3,3
49268,184,159,25,25
49269,98,83,15,15
49270,36,34,2,2
49271,68,60,8,8
49272,88,73,15,15
49273,71,62,9,9
49274,80,62,18,18
49275,81,76,5,5
49276,98,98,0,0
49277,99,82,17,17
49278,41,46,-5,5
49279,51,43,8,8
49280,161,140,21,21
49281,76,68,8,8
49282,103,91,12,12
49283,86,70,16,16
49284,111,97,14,14
49285,132,112,20,20
49286,91,76,15,15
49287,114,87,27,27
49288,106,90,16,16
49289,140,122,18,18
49290,54,45,9,9
49291,231,193,38,38
49292,74,71,3,3
49293,59,51,8,8
49294,149,123,26,26
49295,98,80,18,18
49296,96,83,13,13
49297,98,94,4,4
49298,29,26,3,3
49299,80,73,7,7
49300,115,99,16,16
49301,75,61,14,14
49302,93,85,8,8
49303,86,75,11,11
49304,67,53,14,14
49305,56,50,6,6
49306,120,109,11,11
49307,188,157,31,31
49308,31,36,-5,5
49309,51,53,-2,2
49310,55,56,-1,1
49311,81,77,4,4
49312,75,70,5,5
49313,63,62,1,1
49314,85,77,8,8
49315,32,29,3,3
49316,83,79,4,4
49317,86,84,2,2
49318,122,94,28,28
49319,46,46,0,0
49320,122,102,20,20
49321,101,95,6,6
49322,55,60,-5,5
49323,80,63,17,17
49324,106,96,10,10
49325,79,75,4,4
49326,143,137,6,6
49327,124,113,11,11
49328,128,117,11,11
49329,88,87,1,1
49330,98,92,6,6
49331,207,173,34,34
49332,133,113,20,20
49333,46,39,7,7
49334,115,115,0,0
49335,75,53,22,22
49336,93,79,14,14
49337,99,93,6,6
49338,107,100,7,7
49339,99,87,12,12
49340,78,69,9,9
49341,104,85,19,19
49342,112,107,5,5
49343,75,61,14,14
49344,84,76,8,8
49345,87,85,2,2
49346,83,68,15,15
49347,151,129,22,22
49348,23,34,-11,11
49349,168,149,19,19
49350,62,57,5,5
49351,65,59,6,6
49352,68,63,5,5
49353,110,103,7,7
49354,159,137,22,22
49355,44,40,4,4
49356,144,129,15,15
49357,71,65,6,6
49358,71,61,10,10
49359,131,108,23,23
49360,148,87,61,61
49361,116,108,8,8
49362,117,94,23,23
49363,116,122,-6,6
49364,95,79,16,16
49365,59,60,-1,1
49366,41,40,1,1
49367,80,80,0,0
49368,66,59,7,7
49369,98,81,17,17
49370,186,164,22,22
49371,109,91,18,18
49372,97,115,-18,18
49373,74,65,9,9
49374,113,105,8,8
49375,61,53,8,8
49376,108,98,10,10
49377,123,102,21,21
49378,78,74,4,4
49379,57,57,0,0
49380,42,41,1,1
49381,118,118,0,0
49382,59,52,7,7
49383,96,97,-1,1
49384,69,65,4,4
49385,94,79,15,15
49386,84,87,-3,3
49387,182,172,10,10
49388,44,42,2,2
49389,74,76,-2,2
49390,84,62,22,22
49391,173,147,26,26
49392,73,70,3,3
49393,67,63,4,4
49394,84,80,4,4
49395,106,95,11,11
49396,80,74,6,6
49397,79,85,-6,6
49398,61,54,7,7
49399,73,69,4,4
49400,50,42,8,8
49401,94,85,9,9
49402,86,84,2,2
49403,71,59,12,12
49404,60,61,-1,1
49405,126,115,11,11
49406,60,55,5,5
49407,65,54,11,11
49408,83,73,10,10
49409,47,39,8,8
49410,234,182,52,52
49411,101,80,21,21
49412,111,100,11,11
49413,65,53,12,12
49414,50,52,-2,2
49415,63,63,0,0
49416,121,112,9,9
49417,63,42,21,21
49418,105,87,18,18
49419,51,58,-7,7
49420,85,69,16,16
49421,154,124,30,30
49422,130,110,20,20
49423,95,82,13,13
49424,55,53,2,2
49425,95,87,8,8
49426,154,136,18,18
49427,109,94,15,15
49428,57,58,-1,1
49429,109,96,13,13
49430,125,99,26,26
49431,85,72,13,13
49432,76,65,11,11
49433,66,71,-5,5
49434,89,74,15,15
49435,64,56,8,8
49436,46,46,0,0
49437,79,72,7,7
49438,114,104,10,10
49439,73,62,11,11
49440,130,120,10,10
49441,78,62,16,16
49442,62,59,3,3
49443,49,42,7,7
49444,65,61,4,4
49445,66,58,8,8
49446,72,69,3,3
49447,81,73,8,8
49448,131,121,10,10
49449,113,103,10,10
49450,103,91,12,12
49451,60,51,9,9
49452,61,51,10,10
49453,62,59,3,3
49454,79,68,11,11
49455,111,120,-9,9
49456,108,93,15,15
49457,124,93,31,31
49458,93,99,-6,6
49459,121,113,8,8
49460,49,41,8,8
49461,72,67,5,5
49462,86,62,24,24
49463,64,58,6,6
49464,95,75,20,20
49465,108,102,6,6
49466,148,131,17,17
49467,71,59,12,12
49468,85,91,-6,6
49469,72,66,6,6
49470,107,96,11,11
49471,121,99,22,22
49472,119,82,37,37
49473,81,92,-11,11
49474,94,85,9,9
49475,147,107,40,40
49476,101,95,6,6
49477,106,99,7,7
49478,59,53,6,6
49479,70,59,11,11
49480,52,43,9,9
49481,89,71,18,18
49482,128,116,12,12
49483,111,107,4,4
49484,146,133,13,13
49485,49,45,4,4
49486,110,95,15,15
49487,119,96,23,23
49488,96,89,7,7
49489,119,103,16,16
49490,140,122,18,18
49491,124,111,13,13
49492,90,77,13,13
49493,68,66,2,2
49494,92,91,1,1
49495,163,135,28,28
49496,77,65,12,12
49497,103,90,13,13
49498,126,99,27,27
49499,70,63,7,7
49500,127,109,18,18
49501,76,71,5,5
49502,138,123,15,15
49503,88,88,0,0
49504,58,70,-12,12
49505,68,58,10,10
49506,146,134,12,12
49507,139,131,8,8
49508,71,70,1,1
49509,143,123,20,20
49510,123,96,27,27
49511,55,56,-1,1
49512,93,84,9,9
49513,74,73,1,1
49514,122,107,15,15
49515,79,71,8,8
49516,75,67,8,8
49517,72,70,2,2
49518,122,110,12,12
49519,82,73,9,9
49520,66,60,6,6
49521,67,62,5,5
49522,62,58,4,4
49523,108,89,19,19
49524,82,76,6,6
49525,93,88,5,5
49526,57,53,4,4
49527,73,67,6,6
49528,116,90,26,26
49529,97,80,17,17
49530,107,98,9,9
49531,69,61,8,8
49532,118,105,13,13
49533,112,101,11,11
49534,75,72,3,3
49535,128,124,4,4
49536,96,91,5,5
49537,81,70,11,11
49538,149,121,28,28
49539,65,64,1,1
49540,28,30,-2,2
49541,92,83,9,9
49542,82,72,10,10
49543,65,69,-4,4
49544,130,114,16,16
49545,85,77,8,8
49546,105,97,8,8
49547,119,100,19,19
49548,124,100,24,24
49549,89,76,13,13
49550,52,45,7,7
49551,95,78,17,17
49552,111,117,-6,6
49553,110,87,23,23
49554,104,89,15,15
49555,107,103,4,4
49556,79,68,11,11
49557,98,83,15,15
49558,113,101,12,12
49559,59,56,3,3
49560,86,71,15,15
49561,40,41,-1,1
49562,59,47,12,12
49563,108,97,11,11
49564,49,56,-7,7
49565,86,68,18,18
49566,84,68,16,16
49567,93,80,13,13
49568,74,64,10,10
49569,73,65,8,8
49570,89,86,3,3
49571,83,80,3,3
49572,94,90,4,4
49573,103,85,18,18
49574,117,114,3,3
49575,162,137,25,25
49576,72,70,2,2
49577,107,102,5,5
49578,122,104,18,18
49579,108,102,6,6
49580,96,72,24,24
49581,98,83,15,15
49582,111,104,7,7
49583,51,45,6,6
49584,70,70,0,0
49585,64,58,6,6
49586,47,40,7,7
49587,45,39,6,6
49588,69,77,-8,8
49589,91,82,9,9
49590,77,61,16,16
49591,83,70,13,13
49592,73,64,9,9
49593,70,66,4,4
49594,228,173,55,55
49595,50,47,3,3
49596,69,63,6,6
49597,88,78,10,10
49598,76,66,10,10
49599,80,65,15,15
49600,73,63,10,10
49601,86,78,8,8
49602,103,115,-12,12
49603,135,121,14,14
49604,75,76,-1,1
49605,78,73,5,5
49606,114,94,20,20
49607,112,112,0,0
49608,66,63,3,3
49609,94,76,18,18
49610,86,70,16,16
49611,86,70,16,16
49612,115,111,4,4
49613,81,67,14,14
49614,96,94,2,2
49615,100,88,12,12
49616,137,122,15,15
49617,71,63,8,8
49618,77,69,8,8
49619,102,84,18,18
49620,83,76,7,7
49621,87,79,8,8
49622,123,92,31,31
49623,65,60,5,5
49624,59,56,3,3
49625,98,86,12,12
49626,127,124,3,3
49627,141,117,24,24
49628,55,53,2,2
49629,63,59,4,4
49630,102,87,15,15
49631,63,66,-3,3
49632,108,92,16,16
49633,105,94,11,11
49634,57,41,16,16
49635,64,47,17,17
49636,83,70,13,13
49637,97,88,9,9
49638,97,89,8,8
49639,84,84,0,0
49640,117,106,11,11
49641,99,83,16,16
49642,106,96,10,10
49643,101,91,10,10
49644,91,75,16,16
49645,131,113,18,18
49646,162,150,12,12
49647,81,70,11,11
49648,56,57,-1,1
49649,120,95,25,25
49650,103,83,20,20
49651,43,36,7,7
49652,59,53,6,6
49653,90,77,13,13
49654,116,99,17,17
49655,55,44,11,11
49656,97,78,19,19
49657,99,85,14,14
49658,52,50,2,2
49659,32,34,-2,2
49660,91,92,-1,1
49661,92,85,7,7
49662,52,51,1,1
49663,159,129,30,30
49664,144,119,25,25
49665,115,105,10,10
49666,44,40,4,4
49667,114,107,7,7
49668,183,158,25,25
49669,94,80,14,14
49670,82,87,-5,5
49671,85,63,22,22
49672,71,55,16,16
49673,151,135,16,16
49674,98,87,11,11
49675,116,107,9,9
49676,108,89,19,19
49677,85,77,8,8
49678,96,97,-1,1
49679,94,95,-1,1
49680,59,55,4,4
49681,81,72,9,9
49682,125,113,12,12
49683,64,65,-1,1
49684,106,89,17,17
49685,89,78,11,11
49686,91,71,20,20
49687,72,60,12,12
49688,69,68,1,1
49689,94,66,28,28
49690,133,113,20,20
49691,115,106,9,9
49692,92,82,10,10
49693,171,141,30,30
49694,108,97,11,11
49695,102,84,18,18
49696,133,131,2,2
49697,89,74,15,15
49698,93,80,13,13
49699,39,46,-7,7
49700,119,101,18,18
49701,116,106,10,10
49702,71,54,17,17
49703,121,114,7,7
49704,109,96,13,13
49705,121,98,23,23
49706,87,82,5,5
49707,73,76,-3,3
49708,103,83,20,20
49709,50,48,2,2
49710,53,50,3,3
49711,94,86,8,8
49712,143,138,5,5
49713,68,56,12,12
49714,148,123,25,25
49715,54,44,10,10
49716,121,101,20,20
49717,116,111,5,5
49718,91,91,0,0
49719,74,63,11,11
49720,68,63,5,5
49721,129,116,13,13
49722,69,58,11,11
49723,43,42,1,1
49724,125,104,21,21
49725,101,102,-1,1
49726,188,157,31,31
49727,135,112,23,23
49728,57,59,-2,2
49729,96,84,12,12
49730,68,59,9,9
49731,154,129,25,25
49732,101,92,9,9
49733,48,47,1,1
49734,62,66,-4,4
49735,182,160,22,22
49736,83,71,12,12
49737,52,48,4,4
49738,97,73,24,24
49739,108,91,17,17
49740,90,93,-3,3
49741,88,73,15,15
49742,109,96,13,13
49743,84,86,-2,2
49744,93,90,3,3
49745,87,76,11,11
49746,75,67,8,8
49747,77,70,7,7
49748,159,132,27,27
49749,56,50,6,6
49750,135,106,29,29
49751,42,42,0,0
49752,42,35,7,7
49753,82,85,-3,3
49754,106,98,8,8
49755,98,96,2,2
49756,59,58,1,1
49757,158,127,31,31
49758,109,106,3,3
49759,93,81,12,12
49760,174,149,25,25
49761,91,83,8,8
49762,138,107,31,31
49763,104,92,12,12
49764,92,85,7,7
49765,67,67,0,0
49766,87,85,2,2
49767,135,115,20,20
49768,102,82,20,20
49769,164,140,24,24
49770,67,65,2,2
49771,106,78,28,28
49772,88,87,1,1
49773,109,98,11,11
49774,97,79,18,18
49775,49,51,-2,2
49776,124,107,17,17
49777,64,52,12,12
49778,160,135,25,25
49779,108,97,11,11
49780,71,59,12,12
49781,108,90,18,18
49782,87,76,11,11
49783,181,155,26,26
49784,100,81,19,19
49785,52,45,7,7
49786,128,113,15,15
49787,84,76,8,8
49788,123,102,21,21
49789,131,119,12,12
49790,113,110,3,3
49791,127,117,10,10
49792,85,80,5,5
49793,71,66,5,5
49794,108,101,7,7
49795,74,62,12,12
49796,160,137,23,23
49797,72,70,2,2
49798,75,67,8,8
49799,122,114,8,8
49800,85,76,9,9
49801,74,74,0,0
49802,44,68,-24,24
49803,110,115,-5,5
49804,64,63,1,1
49805,40,43,-3,3
49806,124,106,18,18
49807,88,81,7,7
49808,123,110,13,13
49809,122,115,7,7
49810,122,113,9,9
49811,104,84,20,20
49812,100,97,3,3
49813,83,68,15,15
49814,50,51,-1,1
49815,93,80,13,13
49816,91,80,11,11
49817,78,71,7,7
49818,121,102,19,19
49819,90,80,10,10
49820,53,51,2,2
49821,112,97,15,15
49822,82,72,10,10
49823,167,146,21,21
49824,97,82,15,15
49825,63,52,11,11
49826,112,104,8,8
49827,102,76,26,26
49828,78,71,7,7
49829,124,111,13,13
49830,60,55,5,5
49831,59,46,13,13
49832,55,58,-3,3
49833,154,136,18,18
49834,86,75,11,11
49835,102,85,17,17
49836,70,65,5,5
49837,47,44,3,3
49838,79,55,24,24
49839,62,54,8,8
49840,114,121,-7,7
49841,117,96,21,21
49842,60,57,3,3
49843,86,70,16,16
49844,152,140,12,12
49845,168,156,12,12
49846,124,118,6,6
49847,60,51,9,9
49848,125,101,24,24
49849,62,58,4,4
49850,88,84,4,4
49851,66,59,7,7
49852,175,149,26,26
49853,88,77,11,11
49854,45,47,-2,2
49855,74,65,9,9
49856,135,121,14,14
49857,106,93,13,13
49858,130,103,27,27
49859,79,77,2,2
49860,81,74,7,7
49861,65,65,0,0
49862,107,88,19,19
49863,97,80,17,17
49864,76,76,0,0
49865,116,95,21,21
49866,59,52,7,7
49867,54,55,-1,1
49868,98,85,13,13
49869,128,134,-6,6
49870,106,94,12,12
49871,78,74,4,4
49872,131,120,11,11
49873,69,56,13,13
49874,153,146,7,7
49875,71,69,2,2
49876,67,61,6,6
49877,107,92,15,15
49878,75,84,-9,9
49879,87,82,5,5
49880,94,75,19,19
49881,90,87,3,3
49882,74,65,9,9
49883,135,120,15,15
49884,134,115,19,19
49885,151,126,25,25
49886,92,91,1,1
49887,92,88,4,4
49888,80,76,4,4
49889,91,85,6,6
49890,89,81,8,8
49891,86,73,13,13
49892,76,70,6,6
49893,107,95,12,12
49894,140,106,34,34
49895,85,93,-8,8
49896,85,74,11,11
49897,69,57,12,12
49898,96,83,13,13
49899,62,52,10,10
49900,79,66,13,13
49901,138,104,34,34
49902,115,92,23,23
49903,106,86,20,20
49904,93,80,13,13
49905,122,107,15,15
49906,106,87,19,19
49907,90,81,9,9
49908,88,71,17,17
49909,72,62,10,10
49910,84,85,-1,1
49911,138,127,11,11
49912,92,87,5,5
49913,95,85,10,10
49914,86,71,15,15
49915,73,60,13,13
49916,70,72,-2,2
49917,61,56,5,5
49918,161,134,27,27
49919,89,74,15,15
49920,130,116,14,14
49921,99,66,33,33
49922,79,69,10,10
49923,47,46,1,1
49924,75,78,-3,3
49925,69,63,6,6
49926,78,71,7,7
49927,45,42,3,3
49928,67,73,-6,6
49929,99,93,6,6
49930,92,93,-1,1
49931,116,102,14,14
49932,132,109,23,23
49933,88,87,1,1
49934,94,89,5,5
49935,112,110,2,2
49936,40,44,-4,4
49937,58,53,5,5
49938,88,67,21,21
49939,85,74,11,11
49940,86,59,27,27
49941,145,128,17,17
49942,105,88,17,17
49943,99,84,15,15
49944,62,56,6,6
49945,95,86,9,9
49946,90,72,18,18
49947,57,45,12,12
49948,104,85,19,19
49949,70,63,7,7
49950,103,82,21,21
49951,102,83,19,19
49952,56,55,1,1
49953,67,59,8,8
49954,65,59,6,6
49955,65,63,2,2
49956,100,120,-20,20
49957,77,79,-2,2
49958,140,113,27,27
49959,86,71,15,15
49960,123,110,13,13
49961,33,70,-37,37
49962,102,91,11,11
49963,116,101,15,15
49964,63,59,4,4
49965,79,74,5,5
49966,160,140,20,20
49967,60,55,5,5
49968,65,58,7,7
49969,84,77,7,7
49970,67,61,6,6
49971,90,79,11,11
49972,70,70,0,0
49973,68,66,2,2
49974,104,107,-3,3
49975,87,80,7,7
49976,124,100,24,24
49977,128,113,15,15
49978,166,145,21,21
49979,72,67,5,5
49980,54,45,9,9
49981,111,90,21,21
49982,93,75,18,18
49983,107,90,17,17
49984,137,123,14,14
49985,89,77,12,12
49986,68,55,13,13
49987,52,46,6,6
49988,75,74,1,1
49989,79,68,11,11
49990,48,48,0,0
49991,75,65,10,10
49992,85,77,8,8
49993,78,73,5,5
49994,101,88,13,13
49995,173,140,33,33
49996,90,76,14,14
49997,55,48,7,7
49998,98,93,5,5
49999,131,101,30,30
50000,149,127,22,22
50001,90,79,11,11
50002,51,43,8,8
50003,68,62,6,6
50004,111,89,22,22
50005,77,74,3,3
50006,150,130,20,20
50007,123,107,16,16
50008,42,44,-2,2
50009,111,95,16,16
50010,73,66,7,7
50011,77,72,5,5
50012,74,80,-6,6
50013,145,119,26,26
50014,77,61,16,16
50015,102,93,9,9
50016,79,72,7,7
50017,65,57,8,8
50018,64,59,5,5
50019,54,43,11,11
50020,127,106,21,21
50021,126,123,3,3
50022,83,74,9,9
50023,108,90,18,18
50024,103,90,13,13
50025,132,123,9,9
50026,141,116,25,25
50027,132,120,12,12
50028,71,66,5,5
50029,111,98,13,13
50030,133,110,23,23
50031,102,90,12,12
50032,57,55,2,2
50033,92,95,-3,3
50034,120,99,21,21
50035,85,73,12,12
50036,86,80,6,6
50037,79,67,12,12
50038,69,70,-1,1
50039,63,45,18,18
50040,118,112,6,6
50041,132,109,23,23
50042,72,66,6,6
50043,98,99,-1,1
50044,110,100,10,10
50045,105,99,6,6
50046,67,61,6,6
50047,92,86,6,6
50048,118,122,-4,4
50049,134,105,29,29
50050,70,61,9,9
50051,129,106,23,23
50052,67,54,13,13
50053,36,42,-6,6
50054,137,133,4,4
50055,40,45,-5,5
50056,89,80,9,9
50057,89,78,11,11
50058,83,73,10,10
50059,70,78,-8,8
50060,125,113,12,12
50061,113,98,15,15
50062,64,58,6,6
50063,101,84,17,17
50064,92,79,13,13
50065,118,103,15,15
50066,70,61,9,9
50067,87,107,-20,20
50068,112,96,16,16
50069,195,179,16,16
50070,122,111,11,11
50071,59,54,5,5
50072,155,132,23,23
50073,131,113,18,18
50074,143,110,33,33
50075,117,91,26,26
50076,120,107,13,13
50077,113,95,18,18
50078,102,87,15,15
50079,131,108,23,23
50080,105,89,16,16
50081,87,80,7,7
50082,66,54,12,12
50083,122,127,-5,5
50084,116,95,21,21
50085,104,94,10,10
50086,51,53,-2,2
50087,90,85,5,5
50088,87,78,9,9
50089,93,88,5,5
50090,61,60,1,1
50091,106,98,8,8
50092,47,50,-3,3
50093,80,71,9,9
50094,74,64,10,10
50095,50,47,3,3
50096,167,149,18,18
50097,56,46,10,10
50098,110,111,-1,1
50099,160,120,40,40
50100,105,99,6,6
50101,63,54,9,9
50102,97,87,10,10
50103,98,87,11,11
50104,108,98,10,10
50105,105,98,7,7
50106,119,96,23,23
50107,144,125,19,19
50108,65,57,8,8
50109,112,100,12,12
50110,113,91,22,22
50111,98,96,2,2
50112,83,71,12,12
50113,170,150,20,20
50114,88,85,3,3
50115,109,87,22,22
50116,92,77,15,15
50117,121,111,10,10
50118,58,47,11,11
50119,96,114,-18,18
50120,108,90,18,18
50121,150,137,13,13
50122,78,69,9,9
50123,43,40,3,3
50124,49,51,-2,2
50125,173,144,29,29
50126,100,88,12,12
50127,104,92,12,12
50128,76,77,-1,1
50129,108,95,13,13
50130,148,128,20,20
50131,74,68,6,6
50132,72,58,14,14
50133,78,62,16,16
50134,108,99,9,9
50135,92,80,12,12
50136,94,90,4,4
50137,104,95,9,9
50138,102,99,3,3
50139,70,64,6,6
50140,88,74,14,14
50141,104,101,3,3
50142,115,86,29,29
50143,87,71,16,16
50144,110,99,11,11
50145,70,67,3,3
50146,78,72,6,6
50147,80,75,5,5
50148,56,47,9,9
50149,125,111,14,14
50150,79,66,13,13
50151,90,75,15,15
50152,134,121,13,13
50153,123,110,13,13
50154,116,88,28,28
50155,79,71,8,8
50156,100,104,-4,4
50157,55,54,1,1
50158,86,75,11,11
50159,125,125,0,0
50160,68,63,5,5
50161,73,73,0,0
50162,103,84,19,19
50163,172,159,13,13
50164,18,25,-7,7
50165,80,73,7,7
50166,64,60,4,4
50167,90,79,11,11
50168,100,93,7,7
50169,52,56,-4,4
50170,199,168,31,31
50171,90,83,7,7
50172,80,91,-11,11
50173,138,132,6,6
50174,64,57,7,7
50175,101,87,14,14
50176,116,121,-5,5
50177,134,106,28,28
50178,113,97,16,16
50179,84,73,11,11
50180,55,66,-11,11
50181,194,164,30,30
50182,81,75,6,6
50183,100,83,17,17
50184,97,88,9,9
50185,64,58,6,6
50186,55,52,3,3
50187,68,64,4,4
50188,103,94,9,9
50189,102,80,22,22
50190,68,53,15,15
50191,95,81,14,14
50192,74,65,9,9
50193,77,48,29,29
50194,97,93,4,4
50195,77,63,14,14
50196,124,108,16,16
50197,62,61,1,1
50198,78,71,7,7
50199,149,130,19,19
50200,53,53,0,0
50201,80,75,5,5
50202,82,81,1,1
50203,69,64,5,5
50204,80,81,-1,1
50205,45,40,5,5
50206,66,59,7,7
50207,46,48,-2,2
50208,82,77,5,5
50209,45,37,8,8
50210,105,90,15,15
50211,109,88,21,21
50212,89,80,9,9
50213,69,62,7,7
50214,132,98,34,34
50215,106,94,12,12
50216,132,116,16,16
50217,141,119,22,22
50218,282,233,49,49
50219,151,149,2,2
50220,93,78,15,15
50221,129,121,8,8
50222,82,83,-1,1
50223,72,63,9,9
50224,86,77,9,9
50225,42,32,10,10
50226,85,70,15,15
50227,105,86,19,19
50228,110,96,14,14
50229,50,49,1,1
50230,88,87,1,1
50231,98,78,20,20
50232,85,73,12,12
50233,122,114,8,8
50234,122,133,-11,11
50235,124,108,16,16
50236,77,71,6,6
50237,117,105,12,12
50238,98,100,-2,2
50239,90,76,14,14
50240,129,109,20,20
50241,88,87,1,1
50242,73,68,5,5
50243,77,74,3,3
50244,139,136,3,3
50245,96,81,15,15
50246,102,85,17,17
50247,87,80,7,7
50248,70,62,8,8
50249,159,143,16,16
50250,60,54,6,6
50251,69,56,13,13
50252,113,102,11,11
50253,156,135,21,21
50254,118,97,21,21
50255,53,47,6,6
50256,104,100,4,4
50257,83,71,12,12
50258,67,51,16,16
50259,95,96,-1,1
50260,103,90,13,13
50261,132,132,0,0
50262,115,96,19,19
50263,89,82,7,7
50264,107,90,17,17
50265,99,94,5,5
50266,97,84,13,13
50267,54,54,0,0
50268,101,92,9,9
50269,97,78,19,19
50270,81,79,2,2
50271,150,149,1,1
50272,76,92,-16,16
50273,87,84,3,3
50274,101,107,-6,6
50275,51,44,7,7
50276,99,86,13,13
50277,76,66,10,10
50278,170,142,28,28
50279,129,99,30,30
50280,73,72,1,1
50281,172,157,15,15
50282,142,126,16,16
50283,104,93,11,11
50284,125,108,17,17
50285,51,50,1,1
50286,127,117,10,10
50287,150,125,25,25
50288,71,69,2,2
50289,129,125,4,4
50290,92,90,2,2
50291,83,71,12,12
50292,82,76,6,6
50293,143,139,4,4
50294,105,92,13,13
50295,60,53,7,7
50296,79,76,3,3
50297,26,31,-5,5
50298,131,106,25,25
50299,90,73,17,17
50300,72,65,7,7
50301,62,59,3,3
50302,76,64,12,12
50303,138,123,15,15
50304,81,68,13,13
50305,108,89,19,19
50306,88,87,1,1
50307,115,107,8,8
50308,123,107,16,16
50309,89,85,4,4
50310,123,111,12,12
50311,104,87,17,17
50312,67,55,12,12
50313,82,79,3,3
50314,68,55,13,13
50315,72,62,10,10
50316,92,81,11,11
50317,60,54,6,6
50318,76,82,-6,6
50319,91,85,6,6
50320,95,78,17,17
50321,101,97,4,4
50322,96,89,7,7
50323,122,105,17,17
50324,139,123,16,16
50325,141,105,36,36
50326,89,70,19,19
50327,103,105,-2,2
50328,51,52,-1,1
50329,75,75,0,0
50330,107,103,4,4
50331,64,59,5,5
50332,54,47,7,7
50333,90,73,17,17
50334,75,71,4,4
50335,136,119,17,17
50336,99,97,2,2
50337,128,124,4,4
50338,125,96,29,29
50339,131,108,23,23
50340,61,46,15,15
50341,60,50,10,10
50342,70,75,-5,5
50343,136,129,7,7
50344,91,75,16,16
50345,74,72,2,2
50346,63,61,2,2
50347,113,93,20,20
50348,78,64,14,14
50349,208,174,34,34
50350,153,136,17,17
50351,154,139,15,15
50352,92,84,8,8
50353,61,55,6,6
50354,88,84,4,4
50355,53,64,-11,11
50356,60,52,8,8
50357,101,88,13,13
50358,108,97,11,11
50359,70,57,13,13
50360,73,66,7,7
50361,86,80,6,6
50362,63,56,7,7
50363,105,99,6,6
50364,72,59,13,13
50365,145,122,23,23
50366,71,62,9,9
50367,148,124,24,24
50368,68,64,4,4
50369,158,132,26,26
50370,176,157,19,19
50371,98,66,32,32
50372,151,130,21,21
50373,72,79,-7,7
50374,48,46,2,2
50375,77,66,11,11
50376,65,56,9,9
50377,107,98,9,9
50378,93,76,17,17
50379,103,100,3,3
50380,95,85,10,10
50381,45,45,0,0
50382,148,132,16,16
50383,130,114,16,16
50384,123,109,14,14
50385,91,84,7,7
50386,127,141,-14,14
50387,66,74,-8,8
50388,71,63,8,8
50389,133,117,16,16
50390,111,106,5,5
50391,92,89,3,3
50392,72,64,8,8
50393,70,61,9,9
50394,158,140,18,18
50395,56,48,8,8
50396,63,60,3,3
50397,73,68,5,5
50398,170,141,29,29
50399,118,111,7,7
50400,83,79,4,4
50401,59,56,3,3
50402,95,72,23,23
50403,79,58,21,21
50404,79,65,14,14
50405,103,109,-6,6
50406,127,113,14,14
50407,93,88,5,5
50408,82,71,11,11
50409,48,43,5,5
50410,90,84,6,6
50411,76,62,14,14
50412,91,86,5,5
50413,43,40,3,3
50414,66,64,2,2
50415,55,53,2,2
50416,93,85,8,8
50417,102,91,11,11
50418,56,49,7,7
50419,91,80,11,11
50420,126,119,7,7
50421,78,79,-1,1
50422,81,70,11,11
50423,103,92,11,11
50424,114,97,17,17
50425,103,92,11,11
50426,137,128,9,9
50427,111,98,13,13
50428,71,63,8,8
50429,99,77,22,22
50430,118,104,14,14
50431,145,123,22,22
50432,83,72,11,11
50433,59,46,13,13
50434,79,74,5,5
50435,60,53,7,7
50436,59,50,9,9
50437,109,102,7,7
50438,74,71,3,3
50439,125,123,2,2
50440,112,92,20,20
50441,74,67,7,7
50442,149,131,18,18
50443,79,73,6,6
50444,76,70,6,6
50445,124,107,17,17
50446,62,60,2,2
50447,59,65,-6,6
50448,190,162,28,28
50449,62,62,0,0
50450,105,105,0,0
50451,97,73,24,24
50452,128,114,14,14
50453,113,100,13,13
50454,98,80,18,18
50455,37,42,-5,5
50456,136,125,11,11
50457,79,83,-4,4
50458,47,50,-3,3
50459,98,79,19,19
50460,101,94,7,7
50461,87,74,13,13
50462,49,52,-3,3
50463,88,68,20,20
50464,92,79,13,13
50465,128,112,16,16
50466,111,98,13,13
50467,106,91,15,15
50468,57,56,1,1
50469,95,93,2,2
50470,60,55,5,5
50471,131,108,23,23
50472,88,74,14,14
50473,83,77,6,6
50474,109,94,15,15
50475,114,102,12,12
50476,84,78,6,6
50477,85,77,8,8
50478,86,77,9,9
50479,76,68,8,8
50480,112,90,22,22
50481,106,102,4,4
50482,56,52,4,4
50483,120,113,7,7
50484,53,54,-1,1
50485,32,40,-8,8
50486,184,171,13,13
50487,82,71,11,11
50488,66,56,10,10
50489,67,70,-3,3
50490,123,112,11,11
50491,123,107,16,16
50492,146,116,30,30
50493,74,65,9,9
50494,113,96,17,17
50495,102,96,6,6
50496,143,119,24,24
50497,88,79,9,9
50498,136,121,15,15
50499,149,140,9,9
50500,165,150,15,15
50501,59,56,3,3
50502,87,79,8,8
50503,85,69,16,16
50504,54,56,-2,2
50505,48,39,9,9
50506,73,62,11,11
50507,74,61,13,13
50508,125,123,2,2
50509,71,57,14,14
50510,36,38,-2,2
50511,127,101,26,26
50512,71,63,8,8
50513,92,81,11,11
50514,55,50,5,5
50515,62,51,11,11
50516,76,64,12,12
50517,64,59,5,5
50518,129,115,14,14
50519,147,129,18,18
50520,69,59,10,10
50521,76,60,16,16
50522,86,79,7,7
50523,66,51,15,15
50524,76,65,11,11
50525,74,70,4,4
50526,54,47,7,7
50527,109,101,8,8
50528,141,123,18,18
50529,55,54,1,1
50530,121,96,25,25
50531,79,75,4,4
50532,80,66,14,14
50533,156,147,9,9
50534,44,40,4,4
50535,114,94,20,20
50536,105,93,12,12
50537,73,66,7,7
50538,84,74,10,10
50539,176,155,21,21
50540,62,54,8,8
50541,121,106,15,15
50542,114,107,7,7
50543,87,82,5,5
50544,77,74,3,3
50545,64,57,7,7
50546,165,144,21,21
50547,139,136,3,3
50548,121,106,15,15
50549,97,84,13,13
50550,193,154,39,39
50551,125,119,6,6
50552,76,79,-3,3
50553,54,41,13,13
50554,134,130,4,4
50555,72,69,3,3
50556,96,86,10,10
50557,37,34,3,3
50558,125,106,19,19
50559,87,69,18,18
50560,33,29,4,4
50561,71,65,6,6
50562,53,47,6,6
50563,59,55,4,4
50564,110,92,18,18
50565,82,77,5,5
50566,110,98,12,12
50567,64,54,10,10
50568,65,60,5,5
50569,134,113,21,21
50570,58,55,3,3
50571,90,86,4,4
50572,79,76,3,3
50573,66,69,-3,3
50574,88,90,-2,2
50575,89,106,-17,17
50576,124,114,10,10
50577,111,99,12,12
50578,144,122,22,22
50579,131,120,11,11
50580,133,116,17,17
50581,104,92,12,12
50582,63,57,6,6
50583,72,64,8,8
50584,76,63,13,13
50585,59,50,9,9
50586,110,91,19,19
50587,69,61,8,8
50588,112,96,16,16
50589,41,49,-8,8
50590,135,118,17,17
50591,101,113,-12,12
50592,86,73,13,13
50593,116,116,0,0
50594,88,78,10,10
50595,74,76,-2,2
50596,41,42,-1,1
50597,91,92,-1,1
50598,164,141,23,23
50599,58,54,4,4
50600,203,175,28,28
50601,84,80,4,4
50602,91,66,25,25
50603,98,91,7,7
50604,123,117,6,6
50605,63,46,17,17
50606,88,71,17,17
50607,92,89,3,3
50608,117,104,13,13
50609,72,59,13,13
50610,69,62,7,7
50611,77,68,9,9
50612,77,65,12,12
50613,73,60,13,13
50614,94,86,8,8
50615,118,100,18,18
50616,98,89,9,9
50617,82,73,9,9
50618,137,116,21,21
50619,84,88,-4,4
50620,113,99,14,14
50621,145,123,22,22
50622,67,59,8,8
50623,101,94,7,7
50624,37,46,-9,9
50625,49,46,3,3
50626,63,57,6,6
50627,76,67,9,9
50628,216,170,46,46
50629,138,131,7,7
50630,96,89,7,7
50631,76,76,0,0
50632,66,58,8,8
50633,55,44,11,11
50634,92,83,9,9
50635,83,76,7,7
50636,107,110,-3,3
50637,124,104,20,20
50638,78,65,13,13
50639,149,138,11,11
50640,154,137,17,17
50641,67,57,10,10
50642,82,76,6,6
50643,99,91,8,8
50644,107,100,7,7
50645,156,140,16,16
50646,174,177,-3,3
50647,103,91,12,12
50648,116,104,12,12
50649,44,32,12,12
50650,108,98,10,10
50651,94,95,-1,1
50652,63,59,4,4
50653,95,85,10,10
50654,57,55,2,2
50655,72,62,10,10
50656,72,66,6,6
50657,101,96,5,5
50658,94,106,-12,12
50659,86,64,22,22
50660,157,132,25,25
50661,56,52,4,4
50662,77,73,4,4
50663,76,79,-3,3
50664,164,151,13,13
50665,68,70,-2,2
50666,65,68,-3,3
50667,124,113,11,11
50668,62,56,6,6
50669,138,119,19,19
50670,146,132,14,14
50671,135,144,-9,9
50672,124,102,22,22
50673,105,92,13,13
50674,71,57,14,14
50675,84,76,8,8
50676,84,66,18,18
50677,70,61,9,9
50678,112,94,18,18
50679,127,108,19,19
50680,51,107,-56,56
50681,104,94,10,10
50682,96,95,1,1
50683,97,78,19,19
50684,72,67,5,5
50685,117,103,14,14
50686,115,117,-2,2
50687,76,71,5,5
50688,98,89,9,9
50689,70,65,5,5
50690,97,96,1,1
50691,131,133,-2,2
50692,50,46,4,4
50693,68,60,8,8
50694,64,60,4,4
50695,103,98,5,5
50696,48,44,4,4
50697,106,92,14,14
50698,80,73,7,7
50699,131,123,8,8
50700,59,58,1,1
50701,196,169,27,27
50702,143,138,5,5
50703,74,62,12,12
50704,69,66,3,3
50705,70,66,4,4
50706,114,94,20,20
50707,70,62,8,8
50708,42,45,-3,3
50709,112,111,1,1
50710,79,68,11,11
50711,159,145,14,14
50712,121,98,23,23
50713,69,66,3,3
50714,93,75,18,18
50715,90,81,9,9
50716,91,86,5,5
50717,65,61,4,4
50718,136,131,5,5
50719,65,61,4,4
50720,51,52,-1,1
50721,131,111,20,20
50722,81,78,3,3
50723,60,107,-47,47
50724,99,86,13,13
50725,37,65,-28,28
50726,131,107,24,24
50727,164,129,35,35
50728,63,60,3,3
50729,208,173,35,35
50730,40,45,-5,5
50731,94,94,0,0
50732,114,103,11,11
50733,72,68,4,4
50734,83,70,13,13
50735,65,63,2,2
50736,124,116,8,8
50737,45,44,1,1
50738,78,67,11,11
50739,139,119,20,20
50740,63,62,1,1
50741,88,83,5,5
50742,81,73,8,8
50743,79,60,19,19
50744,106,94,12,12
50745,129,112,17,17
50746,107,102,5,5
50747,67,68,-1,1
50748,119,107,12,12
50749,96,89,7,7
50750,96,78,18,18
50751,64,60,4,4
50752,110,97,13,13
50753,122,114,8,8
50754,159,148,11,11
50755,84,78,6,6
50756,78,71,7,7
50757,186,170,16,16
50758,77,70,7,7
50759,95,80,15,15
50760,78,71,7,7
50761,84,95,-11,11
50762,115,98,17,17
50763,104,95,9,9
50764,84,68,16,16
50765,94,76,18,18
50766,103,88,15,15
50767,120,106,14,14
50768,80,75,5,5
50769,63,47,16,16
50770,113,111,2,2
50771,82,86,-4,4
50772,111,99,12,12
50773,103,95,8,8
50774,122,109,13,13
50775,81,73,8,8
50776,141,128,13,13
50777,122,112,10,10
50778,136,119,17,17
50779,67,61,6,6
50780,91,90,1,1
50781,86,79,7,7
50782,97,79,18,18
50783,42,56,-14,14
50784,63,63,0,0
50785,118,104,14,14
50786,81,83,-2,2
50787,62,49,13,13
50788,55,47,8,8
50789,89,81,8,8
50790,71,64,7,7
50791,57,55,2,2
50792,83,78,5,5
50793,153,132,21,21
50794,106,90,16,16
50795,122,99,23,23
50796,76,69,7,7
50797,90,85,5,5
50798,70,76,-6,6
50799,33,32,1,1
50800,83,70,13,13
50801,50,47,3,3
50802,118,104,14,14
50803,115,101,14,14
50804,45,42,3,3
50805,58,53,5,5
50806,38,38,0,0
50807,97,94,3,3
50808,39,45,-6,6
50809,28,31,-3,3
50810,117,108,9,9
50811,115,103,12,12
50812,121,105,16,16
50813,105,100,5,5
50814,88,76,12,12
50815,64,64,0,0
50816,85,78,7,7
50817,103,79,24,24
50818,76,66,10,10
50819,60,58,2,2
50820,73,69,4,4
50821,70,59,11,11
50822,54,54,0,0
50823,83,81,2,2
50824,77,71,6,6
50825,58,52,6,6
50826,105,84,21,21
50827,145,130,15,15
50828,119,92,27,27
50829,100,86,14,14
50830,84,79,5,5
50831,88,73,15,15
50832,90,76,14,14
50833,65,66,-1,1
50834,131,118,13,13
50835,76,82,-6,6
50836,166,153,13,13
50837,52,44,8,8
50838,156,147,9,9
50839,139,138,1,1
50840,80,69,11,11
50841,73,75,-2,2
50842,94,83,11,11
50843,83,73,10,10
50844,108,91,17,17
50845,71,58,13,13
50846,98,98,0,0
50847,94,84,10,10
50848,99,87,12,12
50849,29,27,2,2
50850,85,67,18,18
50851,92,82,10,10
50852,96,89,7,7
50853,107,94,13,13
50854,31,47,-16,16
50855,80,66,14,14
50856,86,76,10,10
50857,147,128,19,19
50858,113,104,9,9
50859,58,50,8,8
50860,69,65,4,4
50861,81,76,5,5
50862,105,99,6,6
50863,146,117,29,29
50864,126,110,16,16
50865,72,63,9,9
50866,110,95,15,15
50867,140,129,11,11
50868,93,79,14,14
50869,88,80,8,8
50870,84,99,-15,15
50871,57,47,10,10
50872,78,65,13,13
50873,76,66,10,10
50874,143,115,28,28
50875,108,125,-17,17
50876,45,49,-4,4
50877,87,80,7,7
50878,77,73,4,4
50879,96,103,-7,7
50880,84,72,12,12
50881,60,55,5,5
50882,74,74,0,0
50883,83,73,10,10
50884,69,63,6,6
50885,58,45,13,13
50886,73,63,10,10
50887,81,77,4,4
50888,106,87,19,19
50889,140,139,1,1
50890,75,71,4,4
50891,102,91,11,11
50892,137,109,28,28
50893,63,83,-20,20
50894,80,68,12,12
50895,65,56,9,9
50896,151,133,18,18
50897,138,128,10,10
50898,104,84,20,20
50899,142,125,17,17
50900,77,79,-2,2
50901,102,97,5,5
50902,83,74,9,9
50903,74,74,0,0
50904,113,100,13,13
50905,115,101,14,14
50906,86,83,3,3
50907,66,56,10,10
50908,123,106,17,17
50909,173,155,18,18
50910,138,132,6,6
50911,121,110,11,11
50912,187,169,18,18
50913,103,85,18,18
50914,93,140,-47,47
50915,134,117,17,17
50916,84,72,12,12
50917,140,120,20,20
50918,139,115,24,24
50919,112,106,6,6
50920,81,71,10,10
50921,48,40,8,8
50922,111,97,14,14
50923,133,112,21,21
50924,158,139,19,19
50925,47,46,1,1
50926,115,111,4,4
50927,59,60,-1,1
50928,136,120,16,16
50929,86,81,5,5
50930,89,89,0,0
50931,104,97,7,7
50932,88,79,9,9
50933,68,59,9,9
50934,105,85,20,20
50935,122,102,20,20
50936,93,79,14,14
50937,172,154,18,18
50938,77,78,-1,1
50939,141,119,22,22
50940,106,102,4,4
50941,102,97,5,5
50942,136,114,22,22
50943,83,66,17,17
50944,60,57,3,3
50945,90,91,-1,1
50946,69,65,4,4
50947,96,85,11,11
50948,101,89,12,12
50949,90,70,20,20
50950,95,91,4,4
50951,80,82,-2,2
50952,91,85,6,6
50953,125,108,17,17
50954,85,73,12,12
50955,129,118,11,11
50956,117,109,8,8
50957,77,70,7,7
50958,82,74,8,8
50959,135,116,19,19
50960,120,105,15,15
50961,89,73,16,16
50962,161,148,13,13
50963,70,62,8,8
50964,60,61,-1,1
50965,172,152,20,20
50966,136,119,17,17
50967,86,70,16,16
50968,106,100,6,6
50969,107,101,6,6
50970,98,91,7,7
50971,120,130,-10,10
50972,158,141,17,17
50973,61,54,7,7
50974,101,89,12,12
50975,94,86,8,8
50976,60,62,-2,2
50977,68,61,7,7
50978,99,68,31,31
50979,56,53,3,3
50980,110,89,21,21
50981,102,91,11,11
50982,83,77,6,6
50983,92,81,11,11
50984,77,58,19,19
50985,125,127,-2,2
50986,79,62,17,17
50987,67,55,12,12
50988,113,99,14,14
50989,122,112,10,10
50990,131,117,14,14
50991,104,89,15,15
50992,89,95,-6,6
50993,92,84,8,8
50994,217,147,70,70
50995,45,29,16,16
50996,69,70,-1,1
50997,112,107,5,5
50998,146,111,35,35
50999,95,87,8,8
51000,91,83,8,8
51001,70,65,5,5
51002,75,78,-3,3
51003,95,87,8,8
51004,112,93,19,19
51005,58,55,3,3
51006,54,54,0,0
51007,94,89,5,5
51008,108,89,19,19
51009,89,82,7,7
51010,90,79,11,11
51011,129,114,15,15
51012,105,89,16,16
51013,94,85,9,9
51014,132,140,-8,8
51015,95,75,20,20
51016,68,56,12,12
51017,97,82,15,15
51018,128,108,20,20
51019,116,108,8,8
51020,93,86,7,7
51021,89,74,15,15
51022,176,167,9,9
51023,172,159,13,13
51024,54,49,5,5
51025,60,56,4,4
51026,39,43,-4,4
51027,96,78,18,18
51028,60,70,-10,10
51029,52,47,5,5
51030,105,94,11,11
51031,137,120,17,17
51032,151,124,27,27
51033,108,111,-3,3
51034,100,88,12,12
51035,68,64,4,4
51036,99,91,8,8
51037,100,90,10,10
51038,112,97,15,15
51039,78,63,15,15
51040,110,100,10,10
51041,70,61,9,9
51042,122,106,16,16
51043,72,70,2,2
51044,191,156,35,35
51045,106,98,8,8
51046,102,90,12,12
51047,130,108,22,22
51048,83,77,6,6
51049,70,66,4,4
51050,93,90,3,3
51051,98,83,15,15
51052,72,66,6,6
51053,121,101,20,20
51054,157,138,19,19
51055,72,71,1,1
51056,88,80,8,8
51057,109,95,14,14
51058,129,110,19,19
51059,185,159,26,26
51060,82,79,3,3
51061,45,40,5,5
51062,47,41,6,6
51063,75,71,4,4
51064,107,84,23,23
51065,73,69,4,4
51066,90,78,12,12
51067,69,64,5,5
51068,100,100,0,0
51069,87,71,16,16
51070,56,45,11,11
51071,83,68,15,15
51072,140,129,11,11
51073,64,50,14,14
51074,97,90,7,7
51075,86,77,9,9
51076,129,111,18,18
51077,119,99,20,20
51078,85,75,10,10
51079,109,92,17,17
51080,92,84,8,8
51081,152,123,29,29
51082,74,70,4,4
51083,147,172,-25,25
51084,117,107,10,10
51085,85,89,-4,4
51086,115,114,1,1
51087,96,82,14,14
51088,109,97,12,12
51089,70,64,6,6
51090,107,93,14,14
51091,71,75,-4,4
51092,80,75,5,5
51093,117,102,15,15
51094,149,139,10,10
51095,74,66,8,8
51096,100,85,15,15
51097,131,121,10,10
51098,100,90,10,10
51099,72,60,12,12
51100,92,95,-3,3
51101,68,60,8,8
51102,71,70,1,1
51103,60,53,7,7
51104,74,66,8,8
51105,114,96,18,18
51106,44,43,1,1
51107,104,103,1,1
51108,143,129,14,14
51109,159,136,23,23
51110,76,71,5,5
51111,93,83,10,10
51112,91,81,10,10
51113,91,83,8,8
51114,188,155,33,33
51115,85,75,10,10
51116,58,45,13,13
51117,115,99,16,16
51118,51,51,0,0
51119,49,44,5,5
51120,108,102,6,6
51121,92,86,6,6
51122,102,100,2,2
51123,113,99,14,14
51124,100,88,12,12
51125,80,68,12,12
51126,109,108,1,1
51127,72,64,8,8
51128,91,87,4,4
51129,93,81,12,12
51130,44,41,3,3
51131,104,98,6,6
51132,50,57,-7,7
51133,76,69,7,7
51134,53,46,7,7
51135,119,103,16,16
51136,105,89,16,16
51137,110,114,-4,4
51138,148,137,11,11
51139,105,87,18,18
51140,139,120,19,19
51141,97,76,21,21
51142,113,90,23,23
51143,85,77,8,8
51144,113,96,17,17
51145,60,52,8,8
51146,66,52,14,14
51147,115,101,14,14
51148,30,126,-96,96
51149,76,63,13,13
51150,73,69,4,4
51151,72,70,2,2
51152,141,122,19,19
51153,58,57,1,1
51154,101,91,10,10
51155,80,61,19,19
51156,76,70,6,6
51157,118,110,8,8
51158,97,90,7,7
51159,96,97,-1,1
51160,40,37,3,3
51161,157,133,24,24
51162,125,107,18,18
51163,99,82,17,17
51164,66,57,9,9
51165,117,104,13,13
51166,94,91,3,3
51167,54,52,2,2
51168,62,55,7,7
51169,74,67,7,7
51170,166,142,24,24
51171,142,137,5,5
51172,81,83,-2,2
51173,110,108,2,2
51174,114,96,18,18
51175,96,84,12,12
51176,54,54,0,0
51177,97,85,12,12
51178,86,86,0,0
51179,67,67,0,0
51180,65,58,7,7
51181,89,84,5,5
51182,86,83,3,3
51183,71,67,4,4
51184,146,129,17,17
51185,81,61,20,20
51186,108,96,12,12
51187,116,103,13,13
51188,90,89,1,1
51189,108,90,18,18
51190,127,109,18,18
51191,60,49,11,11
51192,66,50,16,16
51193,180,162,18,18
51194,52,45,7,7
51195,93,87,6,6
51196,127,115,12,12
51197,96,77,19,19
51198,110,83,27,27
51199,102,98,4,4
51200,110,96,14,14
51201,72,57,15,15
51202,161,140,21,21
51203,89,70,19,19
51204,78,68,10,10
51205,77,77,0,0
51206,80,70,10,10
51207,78,73,5,5
51208,135,109,26,26
51209,88,70,18,18
51210,102,79,23,23
51211,73,65,8,8
51212,101,90,11,11
51213,84,73,11,11
51214,87,74,13,13
51215,79,79,0,0
51216,84,77,7,7
51217,140,128,12,12
51218,106,98,8,8
51219,75,58,17,17
51220,94,85,9,9
51221,79,75,4,4
51222,93,81,12,12
51223,155,142,13,13
51224,97,91,6,6
51225,109,111,-2,2
51226,115,94,21,21
51227,126,110,16,16
51228,90,84,6,6
51229,72,71,1,1
51230,63,54,9,9
51231,105,93,12,12
51232,68,64,4,4
51233,143,123,20,20
51234,116,105,11,11
51235,121,115,6,6
51236,130,98,32,32
51237,75,64,11,11
51238,70,69,1,1
51239,109,90,19,19
51240,98,85,13,13
51241,106,82,24,24
51242,76,72,4,4
51243,60,45,15,15
51244,68,68,0,0
51245,165,137,28,28
51246,90,95,-5,5
51247,178,151,27,27
51248,79,74,5,5
51249,72,58,14,14
51250,87,77,10,10
51251,82,73,9,9
51252,57,51,6,6
51253,110,100,10,10
51254,111,100,11,11
51255,70,75,-5,5
51256,112,103,9,9
51257,52,45,7,7
51258,94,78,16,16
51259,97,90,7,7
51260,66,63,3,3
51261,67,64,3,3
51262,66,66,0,0
51263,107,96,11,11
51264,156,180,-24,24
51265,40,83,-43,43
51266,60,56,4,4
51267,109,116,-7,7
51268,62,56,6,6
51269,126,106,20,20
51270,96,92,4,4
51271,106,88,18,18
51272,109,88,21,21
51273,77,67,10,10
51274,70,61,9,9
51275,75,86,-11,11
51276,194,170,24,24
51277,24,29,-5,5
51278,94,84,10,10
51279,102,83,19,19
51280,126,110,16,16
51281,150,117,33,33
51282,126,115,11,11
51283,82,81,1,1
51284,92,96,-4,4
51285,87,71,16,16
51286,122,118,4,4
51287,129,116,13,13
51288,93,81,12,12
51289,62,60,2,2
51290,148,136,12,12
51291,73,67,6,6
51292,114,91,23,23
51293,82,73,9,9
51294,99,94,5,5
51295,181,147,34,34
51296,158,128,30,30
51297,100,92,8,8
51298,143,128,15,15
51299,118,107,11,11
51300,85,75,10,10
51301,127,123,4,4
51302,83,83,0,0
51303,95,82,13,13
51304,63,50,13,13
51305,76,61,15,15
51306,111,109,2,2
51307,69,67,2,2
51308,100,81,19,19
51309,47,43,4,4
51310,83,84,-1,1
51311,85,77,8,8
51312,74,66,8,8
51313,53,64,-11,11
51314,75,72,3,3
51315,71,76,-5,5
51316,108,94,14,14
51317,71,67,4,4
51318,121,106,15,15
51319,100,98,2,2
51320,113,106,7,7
51321,86,72,14,14
51322,86,66,20,20
51323,115,101,14,14
51324,38,35,3,3
51325,140,121,19,19
51326,119,115,4,4
51327,104,94,10,10
51328,135,110,25,25
51329,147,123,24,24
51330,116,98,18,18
51331,137,123,14,14
51332,86,79,7,7
51333,96,86,10,10
51334,76,65,11,11
51335,64,52,12,12
51336,57,49,8,8
51337,90,94,-4,4
51338,56,68,-12,12
51339,84,81,3,3
51340,109,89,20,20
51341,124,111,13,13
51342,138,115,23,23
51343,73,62,11,11
51344,98,86,12,12
51345,93,73,20,20
51346,51,40,11,11
51347,54,48,6,6
51348,62,58,4,4
51349,126,114,12,12
51350,85,75,10,10
51351,86,68,18,18
51352,67,59,8,8
51353,80,77,3,3
51354,55,53,2,2
51355,115,101,14,14
51356,71,62,9,9
51357,86,75,11,11
51358,120,108,12,12
51359,94,80,14,14
51360,71,64,7,7
51361,106,105,1,1
51362,101,87,14,14
51363,41,41,0,0
51364,77,62,15,15
51365,130,107,23,23
51366,154,137,17,17
51367,102,84,18,18
51368,56,50,6,6
51369,108,94,14,14
51370,74,71,3,3
51371,33,94,-61,61
51372,109,99,10,10
51373,113,99,14,14
51374,115,101,14,14
51375,73,66,7,7
51376,60,63,-3,3
51377,115,98,17,17
51378,85,82,3,3
51379,121,99,22,22
51380,128,113,15,15
51381,76,79,-3,3
51382,158,140,18,18
51383,109,100,9,9
51384,47,43,4,4
51385,76,63,13,13
51386,75,58,17,17
51387,92,74,18,18
51388,92,85,7,7
51389,110,84,26,26
51390,101,90,11,11
51391,95,81,14,14
51392,107,97,10,10
51393,96,84,12,12
51394,127,118,9,9
51395,104,97,7,7
51396,84,69,15,15
51397,44,37,7,7
51398,112,106,6,6
51399,94,101,-7,7
51400,65,59,6,6
51401,67,68,-1,1
51402,106,95,11,11
51403,85,70,15,15
51404,75,78,-3,3
51405,72,62,10,10
51406,99,68,31,31
51407,63,59,4,4
51408,157,141,16,16
51409,70,61,9,9
51410,79,68,11,11
51411,99,84,15,15
51412,100,93,7,7
51413,152,129,23,23
51414,111,108,3,3
51415,73,68,5,5
51416,117,102,15,15
51417,74,65,9,9
51418,84,84,0,0
51419,117,101,16,16
51420,70,67,3,3
51421,72,71,1,1
51422,62,58,4,4
51423,90,82,8,8
51424,123,101,22,22
51425,81,75,6,6
51426,62,56,6,6
51427,74,63,11,11
51428,189,161,28,28
51429,97,91,6,6
51430,131,119,12,12
51431,66,68,-2,2
51432,131,114,17,17
51433,101,81,20,20
51434,205,175,30,30
51435,92,88,4,4
51436,74,75,-1,1
51437,108,90,18,18
51438,78,67,11,11
51439,69,68,1,1
51440,92,79,13,13
51441,76,67,9,9
51442,83,82,1,1
51443,104,90,14,14
51444,85,72,13,13
51445,74,67,7,7
51446,134,126,8,8
51447,119,102,17,17
51448,92,77,15,15
51449,88,76,12,12
51450,126,121,5,5
51451,100,93,7,7
51452,45,46,-1,1
51453,131,107,24,24
51454,55,50,5,5
51455,180,160,20,20
51456,133,101,32,32
51457,94,52,42,42
51458,62,74,-12,12
51459,119,105,14,14
51460,183,163,20,20
51461,88,76,12,12
51462,115,81,34,34
51463,100,80,20,20
51464,64,64,0,0
51465,83,93,-10,10
51466,138,124,14,14
51467,62,63,-1,1
51468,193,157,36,36
51469,90,78,12,12
51470,77,79,-2,2
51471,111,97,14,14
51472,99,78,21,21
51473,118,112,6,6
51474,131,112,19,19
51475,71,55,16,16
51476,78,71,7,7
51477,94,79,15,15
51478,92,84,8,8
51479,97,88,9,9
51480,89,74,15,15
51481,131,106,25,25
51482,119,89,30,30
51483,59,58,1,1
51484,80,73,7,7
51485,116,101,15,15
51486,93,81,12,12
51487,72,69,3,3
51488,185,148,37,37
51489,85,82,3,3
51490,108,115,-7,7
51491,84,77,7,7
51492,100,93,7,7
51493,109,77,32,32
51494,43,39,4,4
51495,77,72,5,5
51496,87,73,14,14
51497,121,105,16,16
51498,109,100,9,9
51499,83,79,4,4
51500,108,86,22,22
51501,166,133,33,33
51502,68,57,11,11
51503,112,115,-3,3
51504,103,95,8,8
51505,106,98,8,8
51506,33,36,-3,3
51507,56,45,11,11
51508,72,68,4,4
51509,136,122,14,14
51510,79,70,9,9
51511,143,112,31,31
51512,103,88,15,15
51513,75,74,1,1
51514,73,67,6,6
51515,68,63,5,5
51516,68,73,-5,5
51517,102,80,22,22
51518,83,76,7,7
51519,70,73,-3,3
51520,88,79,9,9
51521,124,110,14,14
51522,111,105,6,6
51523,103,95,8,8
51524,104,95,9,9
51525,122,108,14,14
51526,119,106,13,13
51527,71,90,-19,19
51528,196,178,18,18
51529,70,59,11,11
51530,70,72,-2,2
51531,88,76,12,12
51532,122,108,14,14
51533,102,86,16,16
51534,119,100,19,19
51535,138,120,18,18
51536,165,137,28,28
51537,94,88,6,6
51538,52,47,5,5
51539,86,75,11,11
51540,63,63,0,0
51541,92,76,16,16
51542,65,56,9,9
51543,47,40,7,7
51544,62,52,10,10
51545,79,79,0,0
51546,166,125,41,41
51547,96,82,14,14
51548,120,118,2,2
51549,117,103,14,14
51550,99,83,16,16
51551,124,119,5,5
51552,138,115,23,23
51553,60,58,2,2
51554,90,79,11,11
51555,76,71,5,5
51556,113,122,-9,9
51557,129,117,12,12
51558,80,72,8,8
51559,99,85,14,14
51560,87,78,9,9
51561,74,66,8,8
51562,70,61,9,9
51563,50,48,2,2
51564,83,74,9,9
51565,150,128,22,22
51566,104,89,15,15
51567,107,94,13,13
51568,101,86,15,15
51569,153,138,15,15
51570,81,73,8,8
51571,58,63,-5,5
51572,104,88,16,16
51573,64,54,10,10
51574,58,50,8,8
51575,137,128,9,9
51576,132,102,30,30
51577,110,100,10,10
51578,120,111,9,9
51579,92,86,6,6
51580,83,100,-17,17
51581,41,43,-2,2
51582,194,191,3,3
51583,79,64,15,15
51584,65,60,5,5
51585,126,124,2,2
51586,125,128,-3,3
51587,148,129,19,19
51588,63,56,7,7
51589,82,78,4,4
51590,127,112,15,15
51591,141,121,20,20
51592,98,94,4,4
51593,140,129,11,11
51594,92,77,15,15
51595,78,79,-1,1
51596,72,63,9,9
51597,133,108,25,25
51598,82,80,2,2
51599,53,52,1,1
51600,68,61,7,7
51601,135,121,14,14
51602,76,82,-6,6
51603,84,67,17,17
51604,109,95,14,14
51605,115,108,7,7
51606,32,27,5,5
51607,202,167,35,35
51608,64,55,9,9
51609,69,58,11,11
51610,61,56,5,5
51611,81,68,13,13
51612,81,79,2,2
51613,103,91,12,12
51614,73,62,11,11
51615,103,105,-2,2
51616,153,145,8,8
51617,78,74,4,4
51618,100,86,14,14
51619,136,132,4,4
51620,58,52,6,6
51621,75,72,3,3
51622,130,106,24,24
51623,127,107,20,20
51624,51,51,0,0
51625,87,67,20,20
51626,99,90,9,9
51627,121,103,18,18
51628,83,78,5,5
51629,65,54,11,11
51630,86,77,9,9
51631,129,117,12,12
51632,77,79,-2,2
51633,63,62,1,1
51634,70,65,5,5
51635,75,68,7,7
51636,75,74,1,1
51637,132,117,15,15
51638,157,142,15,15
51639,130,120,10,10
51640,80,75,5,5
51641,97,91,6,6
51642,68,61,7,7
51643,98,91,7,7
51644,81,76,5,5
51645,51,43,8,8
51646,84,74,10,10
51647,79,69,10,10
51648,151,133,18,18
51649,82,73,9,9
51650,127,114,13,13
51651,63,64,-1,1
51652,97,86,11,11
51653,121,101,20,20
51654,157,139,18,18
51655,101,87,14,14
51656,160,152,8,8
51657,92,83,9,9
51658,107,101,6,6
51659,108,85,23,23
51660,119,91,28,28
51661,61,58,3,3
51662,112,94,18,18
51663,71,63,8,8
51664,99,90,9,9
51665,68,66,2,2
51666,116,107,9,9
51667,64,70,-6,6
51668,124,118,6,6
51669,139,120,19,19
51670,80,71,9,9
51671,157,135,22,22
51672,101,87,14,14
51673,114,97,17,17
51674,126,118,8,8
51675,148,125,23,23
51676,77,74,3,3
51677,187,166,21,21
51678,139,123,16,16
51679,164,141,23,23
51680,98,92,6,6
51681,86,82,4,4
51682,61,55,6,6
51683,143,137,6,6
51684,57,46,11,11
51685,52,48,4,4
51686,92,96,-4,4
51687,108,91,17,17
51688,156,125,31,31
51689,159,133,26,26
51690,157,132,25,25
51691,102,87,15,15
51692,138,115,23,23
51693,78,70,8,8
51694,83,65,18,18
51695,108,80,28,28
51696,60,50,10,10
51697,142,113,29,29
51698,55,51,4,4
51699,65,52,13,13
51700,125,112,13,13
51701,90,85,5,5
51702,74,65,9,9
51703,156,136,20,20
51704,76,71,5,5
51705,94,91,3,3
51706,84,74,10,10
51707,84,71,13,13
51708,68,69,-1,1
51709,144,127,17,17
51710,74,61,13,13
51711,104,95,9,9
51712,98,65,33,33
51713,92,82,10,10
51714,106,99,7,7
51715,94,86,8,8
51716,91,87,4,4
51717,61,33,28,28
51718,77,68,9,9
51719,71,64,7,7
51720,98,84,14,14
51721,73,67,6,6
51722,103,98,5,5
51723,124,104,20,20
51724,135,117,18,18
51725,118,113,5,5
51726,96,92,4,4
51727,54,49,5,5
51728,112,89,23,23
51729,72,69,3,3
51730,70,67,3,3
51731,85,71,14,14
51732,51,38,13,13
51733,106,104,2,2
51734,113,93,20,20
51735,76,62,14,14
51736,63,57,6,6
51737,140,113,27,27
51738,103,86,17,17
51739,163,147,16,16
51740,126,113,13,13
51741,92,92,0,0
51742,40,38,2,2
51743,33,33,0,0
51744,99,87,12,12
51745,113,90,23,23
51746,59,49,10,10
51747,88,95,-7,7
51748,58,53,5,5
51749,98,89,9,9
51750,135,108,27,27
51751,92,85,7,7
51752,101,91,10,10
51753,116,101,15,15
51754,171,151,20,20
51755,98,76,22,22
51756,99,85,14,14
51757,77,65,12,12
51758,99,83,16,16
51759,61,52,9,9
51760,124,93,31,31
51761,36,31,5,5
51762,124,102,22,22
51763,89,78,11,11
51764,144,137,7,7
51765,113,97,16,16
51766,157,134,23,23
51767,95,84,11,11
51768,101,96,5,5
51769,76,72,4,4
51770,65,67,-2,2
51771,222,167,55,55
51772,123,106,17,17
51773,71,80,-9,9
51774,102,84,18,18
51775,96,86,10,10
51776,105,92,13,13
51777,81,76,5,5
51778,122,126,-4,4
51779,64,62,2,2
51780,43,65,-22,22
51781,114,94,20,20
51782,62,54,8,8
51783,104,104,0,0
51784,175,167,8,8
51785,98,95,3,3
51786,87,74,13,13
51787,144,131,13,13
51788,76,79,-3,3
51789,125,111,14,14
51790,70,62,8,8
51791,86,89,-3,3
51792,140,106,34,34
51793,44,47,-3,3
51794,101,86,15,15
51795,68,61,7,7
51796,155,145,10,10
51797,125,114,11,11
51798,49,49,0,0
51799,140,133,7,7
51800,105,89,16,16
51801,192,179,13,13
51802,89,70,19,19
51803,140,121,19,19
51804,140,122,18,18
51805,112,105,7,7
51806,136,106,30,30
51807,76,75,1,1
51808,64,68,-4,4
51809,64,67,-3,3
51810,83,78,5,5
51811,72,60,12,12
51812,145,132,13,13
51813,113,91,22,22
51814,114,95,19,19
51815,154,130,24,24
51816,67,61,6,6
51817,197,155,42,42
51818,61,54,7,7
51819,99,88,11,11
51820,91,83,8,8
51821,181,145,36,36
51822,45,40,5,5
51823,55,57,-2,2
51824,183,186,-3,3
51825,106,98,8,8
51826,57,53,4,4
51827,133,114,19,19
51828,36,43,-7,7
51829,98,93,5,5
51830,54,45,9,9
51831,140,129,11,11
51832,114,102,12,12
51833,99,82,17,17
51834,69,62,7,7
51835,144,123,21,21
51836,112,109,3,3
51837,101,86,15,15
51838,88,71,17,17
51839,88,77,11,11
51840,94,72,22,22
51841,67,57,10,10
51842,46,40,6,6
51843,72,61,11,11
51844,80,65,15,15
51845,75,69,6,6
51846,94,76,18,18
51847,117,109,8,8
51848,67,61,6,6
51849,71,69,2,2
51850,67,74,-7,7
51851,68,58,10,10
51852,91,79,12,12
51853,71,66,5,5
51854,114,103,11,11
51855,93,89,4,4
51856,73,71,2,2
51857,164,132,32,32
51858,132,106,26,26
51859,66,50,16,16
51860,153,118,35,35
51861,108,107,1,1
51862,110,93,17,17
51863,156,128,28,28
51864,162,140,22,22
51865,150,132,18,18
51866,125,110,15,15
51867,61,54,7,7
51868,95,82,13,13
51869,152,119,33,33
51870,125,118,7,7
51871,119,97,22,22
51872,166,171,-5,5
51873,120,94,26,26
51874,58,50,8,8
51875,45,36,9,9
51876,117,112,5,5
51877,65,54,11,11
51878,105,98,7,7
51879,70,60,10,10
51880,78,66,12,12
51881,91,76,15,15
51882,78,67,11,11
51883,116,119,-3,3
51884,132,104,28,28
51885,143,123,20,20
51886,117,114,3,3
51887,147,141,6,6
51888,63,60,3,3
51889,80,85,-5,5
51890,98,89,9,9
51891,51,53,-2,2
51892,51,45,6,6
51893,73,64,9,9
51894,95,79,16,16
51895,100,89,11,11
51896,74,75,-1,1
51897,110,88,22,22
51898,78,70,8,8
51899,54,56,-2,2
51900,115,101,14,14
51901,139,117,22,22
51902,73,70,3,3
51903,67,61,6,6
51904,76,70,6,6
51905,108,94,14,14
51906,104,93,11,11
51907,130,116,14,14
51908,116,105,11,11
51909,57,52,5,5
51910,102,95,7,7
51911,108,90,18,18
51912,95,78,17,17
51913,40,45,-5,5
51914,76,76,0,0
51915,71,63,8,8
51916,137,125,12,12
51917,118,101,17,17
51918,129,120,9,9
51919,67,62,5,5
51920,72,65,7,7
51921,111,109,2,2
51922,95,86,9,9
51923,130,131,-1,1
51924,116,109,7,7
51925,68,62,6,6
51926,103,94,9,9
51927,95,88,7,7
51928,117,106,11,11
51929,62,51,11,11
51930,75,72,3,3
51931,56,62,-6,6
51932,120,96,24,24
51933,113,100,13,13
51934,85,71,14,14
51935,71,79,-8,8
51936,130,119,11,11
51937,87,84,3,3
51938,156,136,20,20
51939,89,82,7,7
51940,61,52,9,9
51941,115,100,15,15
51942,144,121,23,23
51943,73,70,3,3
51944,94,86,8,8
51945,102,90,12,12
51946,125,116,9,9
51947,71,60,11,11
51948,140,124,16,16
51949,143,122,21,21
51950,77,73,4,4
51951,86,72,14,14
51952,70,64,6,6
51953,101,81,20,20
51954,82,69,13,13
51955,93,77,16,16
51956,55,55,0,0
51957,138,135,3,3
51958,88,78,10,10
51959,81,79,2,2
51960,176,147,29,29
51961,90,86,4,4
51962,52,50,2,2
51963,97,85,12,12
51964,45,47,-2,2
51965,114,108,6,6
51966,155,136,19,19
51967,151,163,-12,12
51968,60,56,4,4
51969,82,68,14,14
51970,96,87,9,9
51971,126,102,24,24
51972,90,80,10,10
51973,83,64,19,19
51974,72,71,1,1
51975,139,121,18,18
51976,137,108,29,29
51977,119,106,13,13
51978,115,84,31,31
51979,76,62,14,14
51980,80,88,-8,8
51981,101,86,15,15
51982,92,82,10,10
51983,65,59,6,6
51984,89,81,8,8
51985,72,66,6,6
51986,45,41,4,4
51987,69,61,8,8
51988,81,71,10,10
51989,95,85,10,10
51990,76,67,9,9
51991,49,41,8,8
51992,97,88,9,9
51993,90,70,20,20
51994,130,116,14,14
51995,74,69,5,5
51996,46,49,-3,3
51997,74,73,1,1
51998,108,93,15,15
51999,115,108,7,7
52000,37,41,-4,4
52001,79,68,11,11
52002,75,70,5,5
52003,174,143,31,31
52004,107,93,14,14
52005,53,45,8,8
52006,83,82,1,1
52007,60,51,9,9
52008,98,91,7,7
52009,57,51,6,6
52010,54,47,7,7
52011,83,75,8,8
52012,182,183,-1,1
52013,107,105,2,2
52014,89,89,0,0
52015,105,94,11,11
52016,109,102,7,7
52017,141,117,24,24
52018,121,113,8,8
52019,91,94,-3,3
52020,117,100,17,17
52021,58,42,16,16
52022,80,67,13,13
52023,88,76,12,12
52024,80,71,9,9
52025,146,133,13,13
52026,105,93,12,12
52027,128,127,1,1
52028,79,71,8,8
52029,123,114,9,9
52030,85,75,10,10
52031,77,67,10,10
52032,70,57,13,13
52033,100,92,8,8
52034,71,61,10,10
52035,123,107,16,16
52036,85,81,4,4
52037,113,99,14,14
52038,98,82,16,16
52039,67,69,-2,2
52040,130,124,6,6
52041,176,145,31,31
52042,117,103,14,14
52043,130,112,18,18
52044,114,98,16,16
52045,108,101,7,7
52046,111,105,6,6
52047,91,79,12,12
52048,153,128,25,25
52049,83,77,6,6
52050,91,84,7,7
52051,103,96,7,7
52052,123,110,13,13
52053,57,55,2,2
52054,115,101,14,14
52055,86,83,3,3
52056,147,128,19,19
52057,116,120,-4,4
52058,87,76,11,11
52059,81,66,15,15
52060,58,52,6,6
52061,97,76,21,21
52062,138,133,5,5
52063,74,65,9,9
52064,60,63,-3,3
52065,94,86,8,8
52066,150,128,22,22
52067,143,129,14,14
52068,72,68,4,4
52069,80,77,3,3
52070,94,87,7,7
52071,85,73,12,12
52072,108,92,16,16
52073,106,87,19,19
52074,86,72,14,14
52075,160,138,22,22
52076,84,73,11,11
52077,78,66,12,12
52078,89,86,3,3
52079,76,76,0,0
52080,57,46,11,11
52081,93,83,10,10
52082,92,87,5,5
52083,79,89,-10,10
52084,105,93,12,12
52085,146,128,18,18
52086,79,78,1,1
52087,96,90,6,6
52088,97,89,8,8
52089,74,64,10,10
52090,79,78,1,1
52091,90,80,10,10
52092,133,121,12,12
52093,81,74,7,7
52094,140,120,20,20
52095,20,22,-2,2
52096,42,79,-37,37
52097,178,145,33,33
52098,57,61,-4,4
52099,91,87,4,4
52100,125,122,3,3
52101,77,66,11,11
52102,73,67,6,6
52103,96,93,3,3
52104,63,54,9,9
52105,75,67,8,8
52106,117,102,15,15
52107,135,123,12,12
52108,105,100,5,5
52109,141,126,15,15
52110,123,100,23,23
52111,71,73,-2,2
52112,108,85,23,23
52113,104,97,7,7
52114,108,86,22,22
52115,93,83,10,10
52116,102,89,13,13
52117,99,80,19,19
52118,95,91,4,4
52119,53,48,5,5
52120,117,88,29,29
52121,79,81,-2,2
52122,55,63,-8,8
52123,163,147,16,16
52124,53,44,9,9
52125,80,72,8,8
52126,124,106,18,18
52127,75,62,13,13
52128,133,119,14,14
52129,83,75,8,8
52130,54,55,-1,1
52131,52,51,1,1
52132,67,60,7,7
52133,75,63,12,12
52134,106,89,17,17
52135,140,122,18,18
52136,124,116,8,8
52137,65,63,2,2
52138,94,86,8,8
52139,108,99,9,9
52140,132,105,27,27
52141,123,110,13,13
52142,73,75,-2,2
52143,246,210,36,36
52144,91,74,17,17
52145,48,53,-5,5
52146,109,86,23,23
52147,120,100,20,20
52148,71,56,15,15
52149,44,48,-4,4
52150,83,72,11,11
52151,77,64,13,13
52152,108,90,18,18
52153,76,67,9,9
52154,116,95,21,21
52155,98,100,-2,2
52156,114,94,20,20
52157,142,116,26,26
52158,92,92,0,0
52159,82,68,14,14
52160,86,77,9,9
52161,65,57,8,8
52162,91,80,11,11
52163,158,145,13,13
52164,79,67,12,12
52165,89,75,14,14
52166,54,44,10,10
52167,144,114,30,30
52168,167,163,4,4
52169,94,93,1,1
52170,75,66,9,9
52171,110,107,3,3
52172,113,99,14,14
52173,63,57,6,6
52174,138,121,17,17
52175,101,81,20,20
52176,99,102,-3,3
52177,98,92,6,6
52178,138,141,-3,3
52179,116,108,8,8
52180,53,59,-6,6
52181,97,88,9,9
52182,79,61,18,18
52183,94,97,-3,3
52184,72,71,1,1
52185,104,101,3,3
52186,113,92,21,21
52187,105,105,0,0
52188,84,75,9,9
52189,66,68,-2,2
52190,75,68,7,7
52191,106,94,12,12
52192,100,84,16,16
52193,75,75,0,0
52194,45,38,7,7
52195,126,121,5,5
52196,102,85,17,17
52197,108,97,11,11
52198,99,83,16,16
52199,146,125,21,21
52200,107,98,9,9
52201,105,102,3,3
52202,58,46,12,12
52203,114,108,6,6
52204,151,121,30,30
52205,72,64,8,8
52206,79,64,15,15
52207,131,109,22,22
52208,91,82,9,9
52209,52,50,2,2
52210,81,63,18,18
52211,85,67,18,18
52212,96,82,14,14
52213,42,44,-2,2
52214,73,61,12,12
52215,100,82,18,18
52216,104,86,18,18
52217,85,81,4,4
52218,67,66,1,1
52219,71,66,5,5
52220,100,85,15,15
52221,134,101,33,33
52222,104,101,3,3
52223,90,74,16,16
52224,96,113,-17,17
52225,61,76,-15,15
52226,65,65,0,0
52227,139,125,14,14
52228,46,42,4,4
52229,70,62,8,8
52230,142,121,21,21
52231,90,80,10,10
52232,112,94,18,18
52233,113,95,18,18
52234,59,58,1,1
52235,111,97,14,14
52236,84,74,10,10
52237,74,61,13,13
52238,78,61,17,17
52239,145,136,9,9
52240,100,108,-8,8
52241,103,86,17,17
52242,55,53,2,2
52243,93,84,9,9
52244,78,67,11,11
52245,80,72,8,8
52246,104,84,20,20
52247,66,63,3,3
52248,68,54,14,14
52249,60,50,10,10
52250,103,108,-5,5
52251,69,59,10,10
52252,92,81,11,11
52253,48,50,-2,2
52254,54,53,1,1
52255,54,49,5,5
52256,58,55,3,3
52257,160,134,26,26
52258,83,68,15,15
52259,90,75,15,15
52260,71,112,-41,41
52261,168,162,6,6
52262,137,127,10,10
52263,139,127,12,12
52264,74,61,13,13
52265,75,69,6,6
52266,65,54,11,11
52267,93,71,22,22
52268,94,82,12,12
52269,65,68,-3,3
52270,110,102,8,8
52271,29,36,-7,7
52272,91,78,13,13
52273,78,70,8,8
52274,77,70,7,7
52275,93,84,9,9
52276,158,138,20,20
52277,206,176,30,30
52278,98,89,9,9
52279,131,116,15,15
52280,115,99,16,16
52281,129,98,31,31
52282,97,82,15,15
52283,97,81,16,16
52284,78,78,0,0
52285,81,72,9,9
52286,107,91,16,16
52287,80,71,9,9
52288,67,62,5,5
52289,66,65,1,1
52290,56,49,7,7
52291,72,66,6,6
52292,50,51,-1,1
52293,70,88,-18,18
52294,128,109,19,19
52295,138,133,5,5
52296,38,35,3,3
52297,113,100,13,13
52298,168,152,16,16
52299,115,94,21,21
52300,88,80,8,8
52301,80,71,9,9
52302,124,117,7,7
52303,190,162,28,28
52304,92,85,7,7
52305,83,74,9,9
52306,78,75,3,3
52307,64,50,14,14
52308,121,108,13,13
52309,74,68,6,6
52310,59,56,3,3
52311,200,139,61,61
52312,157,135,22,22
52313,86,76,10,10
52314,126,108,18,18
52315,75,67,8,8
52316,95,101,-6,6
52317,118,94,24,24
52318,174,151,23,23
52319,148,128,20,20
52320,70,66,4,4
52321,99,87,12,12
52322,73,65,8,8
52323,178,144,34,34
52324,127,111,16,16
52325,137,124,13,13
52326,35,39,-4,4
52327,58,52,6,6
52328,104,98,6,6
52329,85,76,9,9
52330,91,81,10,10
52331,40,32,8,8
52332,83,74,9,9
52333,100,95,5,5
52334,73,69,4,4
52335,51,54,-3,3
52336,263,184,79,79
52337,87,83,4,4
52338,85,77,8,8
52339,85,79,6,6
52340,89,74,15,15
52341,176,153,23,23
52342,103,92,11,11
52343,128,122,6,6
52344,166,155,11,11
52345,92,96,-4,4
52346,100,90,10,10
52347,98,80,18,18
52348,57,55,2,2
52349,127,105,22,22
52350,86,80,6,6
52351,144,129,15,15
52352,60,58,2,2
52353,113,100,13,13
52354,113,101,12,12
52355,103,90,13,13
52356,90,78,12,12
52357,56,46,10,10
52358,47,45,2,2
52359,105,99,6,6
52360,61,58,3,3
52361,128,122,6,6
52362,55,69,-14,14
52363,67,57,10,10
52364,65,58,7,7
52365,116,98,18,18
52366,76,70,6,6
52367,41,39,2,2
52368,83,66,17,17
52369,82,81,1,1
52370,50,49,1,1
52371,81,82,-1,1
52372,57,43,14,14
52373,83,70,13,13
52374,87,87,0,0
52375,56,36,20,20
52376,68,58,10,10
52377,71,67,4,4
52378,77,70,7,7
52379,67,60,7,7
52380,120,97,23,23
52381,74,67,7,7
52382,121,111,10,10
52383,73,68,5,5
52384,53,53,0,0
52385,68,66,2,2
52386,95,84,11,11
52387,103,98,5,5
52388,46,45,1,1
52389,73,59,14,14
52390,148,131,17,17
52391,145,116,29,29
52392,105,85,20,20
52393,71,64,7,7
52394,43,41,2,2
52395,106,95,11,11
52396,114,104,10,10
52397,80,67,13,13
52398,64,64,0,0
52399,125,103,22,22
52400,84,82,2,2
52401,86,81,5,5
52402,101,88,13,13
52403,95,83,12,12
52404,90,84,6,6
52405,93,79,14,14
52406,62,55,7,7
52407,146,125,21,21
52408,87,76,11,11
52409,85,66,19,19
52410,134,109,25,25
52411,82,70,12,12
52412,46,50,-4,4
52413,73,59,14,14
52414,23,31,-8,8
52415,167,141,26,26
52416,116,86,30,30
52417,112,105,7,7
52418,227,197,30,30
52419,108,100,8,8
52420,93,82,11,11
52421,76,69,7,7
52422,75,68,7,7
52423,74,73,1,1
52424,85,67,18,18
52425,68,63,5,5
52426,93,78,15,15
52427,143,124,19,19
52428,132,112,20,20
52429,68,61,7,7
52430,49,42,7,7
52431,116,96,20,20
52432,87,73,14,14
52433,114,95,19,19
52434,133,115,18,18
52435,81,69,12,12
52436,105,86,19,19
52437,88,79,9,9
52438,158,127,31,31
52439,82,67,15,15
52440,91,83,8,8
52441,158,139,19,19
52442,77,71,6,6
52443,61,74,-13,13
52444,57,54,3,3
52445,76,72,4,4
52446,80,74,6,6
52447,90,87,3,3
52448,75,58,17,17
52449,105,91,14,14
52450,99,89,10,10
52451,134,125,9,9
52452,70,68,2,2
52453,139,132,7,7
52454,67,61,6,6
52455,186,154,32,32
52456,101,92,9,9
52457,142,122,20,20
52458,66,53,13,13
52459,88,74,14,14
52460,79,76,3,3
52461,80,72,8,8
52462,103,99,4,4
52463,133,132,1,1
52464,21,52,-31,31
52465,98,78,20,20
52466,67,55,12,12
52467,117,126,-9,9
52468,71,63,8,8
52469,45,42,3,3
52470,90,75,15,15
52471,122,93,29,29
52472,133,116,17,17
52473,70,58,12,12
52474,99,94,5,5
52475,161,137,24,24
52476,123,107,16,16
52477,116,99,17,17
52478,148,116,32,32
52479,55,39,16,16
52480,107,99,8,8
52481,69,58,11,11
52482,103,107,-4,4
52483,50,49,1,1
52484,76,69,7,7
52485,98,91,7,7
52486,63,59,4,4
52487,69,58,11,11
52488,115,101,14,14
52489,64,55,9,9
52490,80,72,8,8
52491,93,77,16,16
52492,93,79,14,14
52493,107,89,18,18
52494,91,80,11,11
52495,73,77,-4,4
52496,163,138,25,25
52497,82,70,12,12
52498,133,101,32,32
52499,70,70,0,0
52500,74,69,5,5
52501,72,62,10,10
52502,51,40,11,11
52503,192,156,36,36
52504,59,54,5,5
52505,69,60,9,9
52506,47,43,4,4
52507,146,142,4,4
52508,149,124,25,25
52509,96,101,-5,5
52510,73,58,15,15
52511,143,122,21,21
52512,101,96,5,5
52513,96,89,7,7
52514,108,104,4,4
52515,77,69,8,8
52516,45,45,0,0
52517,89,84,5,5
52518,160,136,24,24
52519,97,94,3,3
52520,82,76,6,6
52521,80,65,15,15
52522,70,59,11,11
52523,123,102,21,21
52524,109,93,16,16
52525,162,146,16,16
52526,129,112,17,17
52527,80,71,9,9
52528,49,47,2,2
52529,129,107,22,22
52530,79,66,13,13
52531,89,87,2,2
52532,92,86,6,6
52533,87,70,17,17
52534,104,83,21,21
52535,106,80,26,26
52536,169,155,14,14
52537,96,97,-1,1
52538,66,63,3,3
52539,140,128,12,12
52540,128,110,18,18
52541,82,72,10,10
52542,128,106,22,22
52543,109,100,9,9
52544,59,56,3,3
52545,61,55,6,6
52546,109,84,25,25
52547,72,71,1,1
52548,57,52,5,5
52549,94,89,5,5
52550,86,79,7,7
52551,57,53,4,4
52552,142,114,28,28
52553,79,78,1,1
52554,150,134,16,16
52555,122,122,0,0
52556,106,104,2,2
52557,41,39,2,2
52558,218,177,41,41
52559,106,90,16,16
52560,80,69,11,11
52561,87,79,8,8
52562,121,120,1,1
52563,68,59,9,9
52564,79,75,4,4
52565,63,52,11,11
52566,57,63,-6,6
52567,132,126,6,6
52568,86,78,8,8
52569,92,81,11,11
52570,187,162,25,25
52571,97,84,13,13
52572,135,117,18,18
52573,126,101,25,25
52574,79,72,7,7
52575,69,69,0,0
52576,142,127,15,15
52577,97,83,14,14
52578,104,100,4,4
52579,112,104,8,8
52580,168,158,10,10
52581,145,115,30,30
52582,137,118,19,19
52583,142,117,25,25
52584,81,64,17,17
52585,97,84,13,13
52586,90,72,18,18
52587,121,123,-2,2
52588,71,70,1,1
52589,61,56,5,5
52590,95,100,-5,5
52591,95,105,-10,10
52592,53,52,1,1
52593,126,116,10,10
52594,72,72,0,0
52595,86,67,19,19
52596,141,133,8,8
52597,96,94,2,2
52598,98,95,3,3
52599,123,107,16,16
52600,46,45,1,1
52601,95,76,19,19
52602,127,108,19,19
52603,153,118,35,35
52604,115,96,19,19
52605,104,86,18,18
52606,53,52,1,1
52607,95,81,14,14
52608,88,77,11,11
52609,133,105,28,28
52610,88,80,8,8
52611,25,36,-11,11
52612,142,119,23,23
52613,98,95,3,3
52614,93,81,12,12
52615,99,81,18,18
52616,152,132,20,20
52617,124,112,12,12
52618,112,102,10,10
52619,134,106,28,28
52620,104,96,8,8
52621,86,73,13,13
52622,117,105,12,12
52623,77,71,6,6
52624,88,81,7,7
52625,72,62,10,10
52626,87,93,-6,6
52627,80,71,9,9
52628,103,92,11,11
52629,136,124,12,12
52630,105,104,1,1
52631,96,87,9,9
52632,90,76,14,14
52633,53,46,7,7
52634,77,71,6,6
52635,60,52,8,8
52636,115,110,5,5
52637,93,79,14,14
52638,91,73,18,18
52639,162,141,21,21
52640,115,88,27,27
52641,148,145,3,3
52642,68,69,-1,1
52643,79,74,5,5
52644,53,54,-1,1
52645,60,52,8,8
52646,63,64,-1,1
52647,102,93,9,9
52648,111,94,17,17
52649,116,105,11,11
52650,50,48,2,2
52651,113,93,20,20
52652,46,49,-3,3
52653,62,51,11,11
52654,112,100,12,12
52655,58,47,11,11
52656,85,79,6,6
52657,111,92,19,19
52658,105,96,9,9
52659,113,112,1,1
52660,174,143,31,31
52661,125,107,18,18
52662,109,94,15,15
52663,67,61,6,6
52664,76,61,15,15
52665,193,205,-12,12
52666,128,113,15,15
52667,88,76,12,12
52668,70,69,1,1
52669,63,56,7,7
52670,148,111,37,37
52671,89,82,7,7
52672,152,138,14,14
52673,62,58,4,4
52674,141,114,27,27
52675,48,46,2,2
52676,185,160,25,25
52677,89,76,13,13
52678,87,76,11,11
52679,50,47,3,3
52680,79,66,13,13
52681,124,124,0,0
52682,109,97,12,12
52683,54,51,3,3
52684,90,80,10,10
52685,85,79,6,6
52686,35,88,-53,53
52687,86,75,11,11
52688,47,47,0,0
52689,103,85,18,18
52690,105,97,8,8
52691,47,53,-6,6
52692,44,43,1,1
52693,137,118,19,19
52694,69,68,1,1
52695,47,39,8,8
52696,63,55,8,8
52697,118,107,11,11
52698,83,78,5,5
52699,80,84,-4,4
52700,119,87,32,32
52701,107,104,3,3
52702,100,104,-4,4
52703,96,90,6,6
52704,90,88,2,2
52705,136,121,15,15
52706,142,138,4,4
52707,82,76,6,6
52708,64,46,18,18
52709,89,82,7,7
52710,49,55,-6,6
52711,138,117,21,21
52712,74,58,16,16
52713,55,67,-12,12
52714,147,118,29,29
52715,87,83,4,4
52716,67,71,-4,4
52717,90,74,16,16
52718,72,80,-8,8
52719,110,99,11,11
52720,166,157,9,9
52721,128,98,30,30
52722,70,67,3,3
52723,95,89,6,6
52724,58,46,12,12
52725,95,85,10,10
52726,78,74,4,4
52727,99,90,9,9
52728,79,67,12,12
52729,96,72,24,24
52730,87,76,11,11
52731,57,58,-1,1
52732,67,59,8,8
52733,84,82,2,2
52734,73,69,4,4
52735,77,65,12,12
52736,65,56,9,9
52737,34,38,-4,4
52738,103,90,13,13
52739,117,112,5,5
52740,73,62,11,11
52741,121,103,18,18
52742,67,64,3,3
52743,118,92,26,26
52744,145,131,14,14
52745,83,72,11,11
52746,105,92,13,13
52747,81,63,18,18
52748,92,84,8,8
52749,44,41,3,3
52750,104,93,11,11
52751,45,47,-2,2
52752,96,85,11,11
52753,115,107,8,8
52754,91,86,5,5
52755,64,68,-4,4
52756,63,56,7,7
52757,83,78,5,5
52758,126,116,10,10
52759,57,58,-1,1
52760,209,174,35,35
52761,153,123,30,30
52762,57,52,5,5
52763,70,56,14,14
52764,118,115,3,3
52765,110,101,9,9
52766,63,48,15,15
52767,117,100,17,17
52768,151,117,34,34
52769,135,135,0,0
52770,75,63,12,12
52771,121,101,20,20
52772,142,136,6,6
52773,107,91,16,16
52774,87,81,6,6
52775,83,76,7,7
52776,54,43,11,11
52777,120,109,11,11
52778,75,69,6,6
52779,116,106,10,10
52780,80,76,4,4
52781,132,129,3,3
52782,61,59,2,2
52783,70,71,-1,1
52784,57,48,9,9
52785,137,122,15,15
52786,112,89,23,23
52787,77,69,8,8
52788,78,70,8,8
52789,94,87,7,7
52790,85,79,6,6
52791,61,53,8,8
52792,80,71,9,9
52793,116,95,21,21
52794,64,74,-10,10
52795,69,63,6,6
52796,124,98,26,26
52797,78,58,20,20
52798,109,103,6,6
52799,90,74,16,16
52800,148,132,16,16
52801,64,63,1,1
52802,59,58,1,1
52803,42,39,3,3
52804,132,117,15,15
52805,132,117,15,15
52806,68,54,14,14
52807,173,166,7,7
52808,73,65,8,8
52809,88,80,8,8
52810,95,79,16,16
52811,56,50,6,6
52812,83,68,15,15
52813,131,128,3,3
52814,65,63,2,2
52815,77,68,9,9
52816,110,106,4,4
52817,80,98,-18,18
52818,76,63,13,13
52819,73,67,6,6
52820,66,60,6,6
52821,149,121,28,28
52822,55,50,5,5
52823,60,51,9,9
52824,151,137,14,14
52825,112,111,1,1
52826,67,55,12,12
52827,67,77,-10,10
52828,77,72,5,5
52829,114,108,6,6
52830,123,123,0,0
52831,83,73,10,10
52832,42,49,-7,7
52833,104,101,3,3
52834,90,83,7,7
52835,107,106,1,1
52836,153,124,29,29
52837,68,58,10,10
52838,41,44,-3,3
52839,82,72,10,10
52840,55,48,7,7
52841,114,97,17,17
52842,92,80,12,12
52843,90,84,6,6
52844,70,65,5,5
52845,75,70,5,5
52846,112,83,29,29
52847,76,70,6,6
52848,107,71,36,36
52849,96,86,10,10
52850,107,91,16,16
52851,46,41,5,5
52852,103,102,1,1
52853,122,105,17,17
52854,117,103,14,14
52855,69,71,-2,2
52856,100,92,8,8
52857,70,54,16,16
52858,96,95,1,1
52859,89,79,10,10
52860,112,103,9,9
52861,93,100,-7,7
52862,104,92,12,12
52863,79,72,7,7
52864,150,121,29,29
52865,145,130,15,15
52866,135,126,9,9
52867,61,59,2,2
52868,75,72,3,3
52869,63,53,10,10
52870,77,73,4,4
52871,115,109,6,6
52872,94,82,12,12
52873,60,53,7,7
52874,99,90,9,9
52875,162,152,10,10
52876,89,83,6,6
52877,84,80,4,4
52878,90,89,1,1
52879,132,114,18,18
52880,106,89,17,17
52881,50,39,11,11
52882,66,49,17,17
52883,153,132,21,21
52884,55,50,5,5
52885,92,80,12,12
52886,113,104,9,9
52887,54,51,3,3
52888,132,114,18,18
52889,116,91,25,25
52890,88,202,-114,114
52891,127,112,15,15
52892,80,75,5,5
52893,125,101,24,24
52894,108,87,21,21
52895,104,95,9,9
52896,62,59,3,3
52897,76,71,5,5
52898,77,75,2,2
52899,120,105,15,15
52900,71,65,6,6
52901,54,62,-8,8
52902,115,109,6,6
52903,138,131,7,7
52904,95,81,14,14
52905,31,29,2,2
52906,46,38,8,8
52907,147,117,30,30
52908,129,125,4,4
52909,82,67,15,15
52910,81,72,9,9
52911,62,57,5,5
52912,140,123,17,17
52913,101,91,10,10
52914,120,95,25,25
52915,48,40,8,8
52916,132,115,17,17
52917,164,136,28,28
52918,48,51,-3,3
52919,81,83,-2,2
52920,74,67,7,7
52921,79,82,-3,3
52922,97,86,11,11
52923,81,79,2,2
52924,47,46,1,1
52925,97,89,8,8
52926,59,61,-2,2
52927,68,55,13,13
52928,67,59,8,8
52929,66,58,8,8
52930,143,117,26,26
52931,88,76,12,12
52932,96,89,7,7
52933,169,129,40,40
52934,106,86,20,20
52935,106,100,6,6
52936,78,70,8,8
52937,107,102,5,5
52938,132,125,7,7
52939,88,70,18,18
52940,68,70,-2,2
52941,104,90,14,14
52942,79,68,11,11
52943,96,85,11,11
52944,159,142,17,17
52945,133,124,9,9
52946,81,75,6,6
52947,67,69,-2,2
52948,86,78,8,8
52949,75,66,9,9
52950,106,99,7,7
52951,55,53,2,2
52952,167,134,33,33
52953,33,33,0,0
52954,114,113,1,1
52955,153,119,34,34
52956,76,68,8,8
52957,74,71,3,3
52958,152,141,11,11
52959,176,126,50,50
52960,86,75,11,11
52961,191,156,35,35
52962,116,102,14,14
52963,87,79,8,8
52964,133,120,13,13
52965,131,124,7,7
52966,96,83,13,13
52967,113,104,9,9
52968,52,45,7,7
52969,68,67,1,1
52970,110,98,12,12
52971,58,51,7,7
52972,104,111,-7,7
52973,93,82,11,11
52974,118,109,9,9
52975,92,86,6,6
52976,77,73,4,4
52977,43,38,5,5
52978,19,32,-13,13
52979,156,124,32,32
52980,145,132,13,13
52981,85,83,2,2
52982,85,67,18,18
52983,121,101,20,20
52984,76,66,10,10
52985,137,129,8,8
52986,76,67,9,9
52987,91,77,14,14
52988,93,79,14,14
52989,133,129,4,4
52990,128,106,22,22
52991,106,97,9,9
52992,77,74,3,3
52993,104,88,16,16
52994,82,73,9,9
52995,77,70,7,7
52996,91,92,-1,1
52997,73,86,-13,13
52998,144,120,24,24
52999,103,87,16,16
53000,97,95,2,2
53001,238,198,40,40
53002,87,74,13,13
53003,135,114,21,21
53004,63,56,7,7
53005,95,81,14,14
53006,42,37,5,5
53007,69,67,2,2
53008,98,80,18,18
53009,147,131,16,16
53010,108,105,3,3
53011,52,46,6,6
53012,69,62,7,7
53013,92,65,27,27
53014,129,122,7,7
53015,83,72,11,11
53016,108,102,6,6
53017,126,123,3,3
53018,84,74,10,10
53019,86,68,18,18
53020,82,91,-9,9
53021,88,81,7,7
53022,101,79,22,22
53023,130,107,23,23
53024,83,78,5,5
53025,118,114,4,4
53026,106,93,13,13
53027,108,101,7,7
53028,85,64,21,21
53029,133,111,22,22
53030,77,65,12,12
53031,110,90,20,20
53032,71,72,-1,1
53033,72,70,2,2
53034,44,37,7,7
53035,69,60,9,9
53036,106,89,17,17
53037,103,90,13,13
53038,82,69,13,13
53039,119,118,1,1
53040,94,89,5,5
53041,67,59,8,8
53042,81,69,12,12
53043,102,88,14,14
53044,68,56,12,12
53045,154,124,30,30
53046,80,66,14,14
53047,120,101,19,19
53048,59,64,-5,5
53049,149,135,14,14
53050,66,63,3,3
53051,80,58,22,22
53052,61,57,4,4
53053,40,42,-2,2
53054,80,76,4,4
53055,54,47,7,7
53056,90,96,-6,6
53057,107,92,15,15
53058,62,57,5,5
53059,157,148,9,9
53060,113,97,16,16
53061,107,108,-1,1
53062,87,67,20,20
53063,90,80,10,10
53064,155,130,25,25
53065,37,44,-7,7
53066,66,62,4,4
53067,92,88,4,4
53068,74,62,12,12
53069,38,33,5,5
53070,83,67,16,16
53071,90,89,1,1
53072,262,301,-39,39
53073,83,74,9,9
53074,65,53,12,12
53075,84,70,14,14
53076,50,50,0,0
53077,95,93,2,2
53078,80,79,1,1
53079,135,114,21,21
53080,75,65,10,10
53081,79,76,3,3
53082,179,159,20,20
53083,119,106,13,13
53084,89,70,19,19
53085,58,69,-11,11
53086,98,91,7,7
53087,58,54,4,4
53088,62,52,10,10
53089,65,58,7,7
53090,90,81,9,9
53091,134,112,22,22
53092,61,56,5,5
53093,142,123,19,19
53094,71,66,5,5
53095,147,109,38,38
53096,122,111,11,11
53097,151,129,22,22
53098,105,95,10,10
53099,56,49,7,7
53100,124,117,7,7
53101,140,133,7,7
53102,107,94,13,13
53103,103,96,7,7
53104,98,78,20,20
53105,63,49,14,14
53106,51,50,1,1
53107,81,72,9,9
53108,65,64,1,1
53109,150,131,19,19
53110,134,120,14,14
53111,46,38,8,8
53112,120,97,23,23
53113,80,75,5,5
53114,93,82,11,11
53115,176,144,32,32
53116,115,112,3,3
53117,128,115,13,13
53118,143,123,20,20
53119,55,46,9,9
53120,85,68,17,17
53121,102,86,16,16
53122,54,51,3,3
53123,151,113,38,38
53124,83,67,16,16
53125,47,41,6,6
53126,80,67,13,13
53127,126,108,18,18
53128,105,97,8,8
53129,103,99,4,4
53130,70,67,3,3
53131,64,58,6,6
53132,116,106,10,10
53133,124,124,0,0
53134,89,77,12,12
53135,73,64,9,9
53136,131,124,7,7
53137,120,102,18,18
53138,102,87,15,15
53139,88,72,16,16
53140,82,77,5,5
53141,88,80,8,8
53142,135,103,32,32
53143,119,102,17,17
53144,67,68,-1,1
53145,55,46,9,9
53146,170,154,16,16
53147,125,125,0,0
53148,132,106,26,26
53149,146,134,12,12
53150,83,72,11,11
53151,85,67,18,18
53152,101,89,12,12
53153,84,80,4,4
53154,135,115,20,20
53155,54,46,8,8
53156,74,58,16,16
53157,72,69,3,3
53158,112,85,27,27
53159,137,127,10,10
53160,82,58,24,24
53161,121,96,25,25
53162,83,74,9,9
53163,112,109,3,3
53164,66,53,13,13
53165,90,74,16,16
53166,111,105,6,6
53167,70,68,2,2
53168,98,94,4,4
53169,101,89,12,12
53170,108,90,18,18
53171,77,69,8,8
53172,94,88,6,6
53173,77,75,2,2
53174,52,58,-6,6
53175,114,104,10,10
53176,79,70,9,9
53177,43,51,-8,8
53178,110,90,20,20
53179,51,34,17,17
53180,81,71,10,10
53181,122,104,18,18
53182,128,118,10,10
53183,92,98,-6,6
53184,111,97,14,14
53185,106,84,22,22
53186,56,57,-1,1
53187,137,111,26,26
53188,75,59,16,16
53189,71,62,9,9
53190,67,59,8,8
53191,89,76,13,13
53192,96,87,9,9
53193,106,97,9,9
53194,71,62,9,9
53195,128,105,23,23
53196,63,64,-1,1
53197,82,66,16,16
53198,67,59,8,8
53199,80,72,8,8
53200,124,107,17,17
53201,117,100,17,17
53202,115,116,-1,1
53203,107,97,10,10
53204,65,58,7,7
53205,119,109,10,10
53206,88,89,-1,1
53207,53,53,0,0
53208,156,137,19,19
53209,71,64,7,7
53210,89,83,6,6
53211,88,71,17,17
53212,113,99,14,14
53213,43,41,2,2
53214,106,96,10,10
53215,85,73,12,12
53216,108,115,-7,7
53217,70,54,16,16
53218,163,136,27,27
53219,102,94,8,8
53220,74,66,8,8
53221,60,56,4,4
53222,107,94,13,13
53223,59,70,-11,11
53224,90,59,31,31
53225,134,115,19,19
53226,159,141,18,18
53227,99,80,19,19
53228,75,69,6,6
53229,62,49,13,13
53230,93,84,9,9
53231,101,89,12,12
53232,61,59,2,2
53233,88,73,15,15
53234,99,95,4,4
53235,45,42,3,3
53236,65,60,5,5
53237,120,98,22,22
53238,85,76,9,9
53239,76,73,3,3
53240,111,95,16,16
53241,75,62,13,13
53242,96,86,10,10
53243,134,109,25,25
53244,62,48,14,14
53245,69,58,11,11
53246,95,87,8,8
53247,93,79,14,14
53248,73,63,10,10
53249,89,71,18,18
53250,59,44,15,15
53251,73,61,12,12
53252,115,105,10,10
53253,86,75,11,11
53254,141,148,-7,7
53255,109,117,-8,8
53256,112,89,23,23
53257,74,69,5,5
53258,57,52,5,5
53259,61,56,5,5
53260,104,96,8,8
53261,111,87,24,24
53262,80,71,9,9
53263,107,90,17,17
53264,43,38,5,5
53265,71,69,2,2
53266,54,45,9,9
53267,74,76,-2,2
53268,77,64,13,13
53269,86,86,0,0
53270,65,59,6,6
53271,103,83,20,20
53272,67,64,3,3
53273,77,59,18,18
53274,53,56,-3,3
53275,128,112,16,16
53276,75,72,3,3
53277,111,123,-12,12
53278,94,83,11,11
53279,93,80,13,13
53280,131,106,25,25
53281,61,80,-19,19
53282,69,53,16,16
53283,70,49,21,21
53284,50,45,5,5
53285,69,58,11,11
53286,101,85,16,16
53287,86,73,13,13
53288,98,85,13,13
53289,140,93,47,47
53290,88,78,10,10
53291,51,48,3,3
53292,72,81,-9,9
53293,109,103,6,6
53294,67,73,-6,6
53295,114,96,18,18
53296,98,84,14,14
53297,98,96,2,2
53298,107,105,2,2
53299,133,128,5,5
53300,161,150,11,11
53301,161,125,36,36
53302,125,111,14,14
53303,90,80,10,10
53304,112,104,8,8
53305,61,58,3,3
53306,186,165,21,21
53307,102,102,0,0
53308,273,248,25,25
53309,125,115,10,10
53310,124,119,5,5
53311,115,101,14,14
53312,86,76,10,10
53313,67,60,7,7
53314,90,85,5,5
53315,146,128,18,18
53316,64,55,9,9
53317,78,65,13,13
53318,73,63,10,10
53319,132,112,20,20
53320,78,71,7,7
53321,108,104,4,4
53322,72,64,8,8
53323,112,107,5,5
53324,110,97,13,13
53325,157,136,21,21
53326,87,73,14,14
53327,63,56,7,7
53328,47,45,2,2
53329,55,52,3,3
53330,57,47,10,10
53331,77,72,5,5
53332,73,63,10,10
53333,52,49,3,3
53334,60,63,-3,3
53335,171,164,7,7
53336,153,133,20,20
53337,128,116,12,12
53338,101,88,13,13
53339,58,50,8,8
53340,67,57,10,10
53341,58,54,4,4
53342,69,59,10,10
53343,198,158,40,40
53344,85,70,15,15
53345,96,74,22,22
53346,68,85,-17,17
53347,80,70,10,10
53348,56,55,1,1
53349,67,59,8,8
53350,57,49,8,8
53351,39,40,-1,1
53352,81,78,3,3
53353,117,105,12,12
53354,104,98,6,6
53355,105,102,3,3
53356,83,71,12,12
53357,135,120,15,15
53358,76,63,13,13
53359,122,103,19,19
53360,78,70,8,8
53361,37,37,0,0
53362,134,110,24,24
53363,71,61,10,10
53364,119,104,15,15
53365,23,28,-5,5
53366,145,129,16,16
53367,99,90,9,9
53368,70,70,0,0
53369,41,53,-12,12
53370,82,81,1,1
53371,102,85,17,17
53372,64,59,5,5
53373,60,49,11,11
53374,157,137,20,20
53375,144,117,27,27
53376,107,98,9,9
53377,108,107,1,1
53378,79,67,12,12
53379,77,79,-2,2
53380,102,85,17,17
53381,62,57,5,5
53382,87,83,4,4
53383,156,132,24,24
53384,59,51,8,8
53385,54,54,0,0
53386,114,112,2,2
53387,87,91,-4,4
53388,132,117,15,15
53389,135,122,13,13
53390,126,100,26,26
53391,105,101,4,4
53392,95,92,3,3
53393,101,89,12,12
53394,51,52,-1,1
53395,63,65,-2,2
53396,149,134,15,15
53397,72,56,16,16
53398,147,127,20,20
53399,67,59,8,8
53400,106,102,4,4
53401,98,94,4,4
53402,100,84,16,16
53403,93,96,-3,3
53404,69,66,3,3
53405,116,120,-4,4
53406,88,77,11,11
53407,114,123,-9,9
53408,53,49,4,4
53409,55,49,6,6
53410,86,83,3,3
53411,110,89,21,21
53412,82,70,12,12
53413,87,70,17,17
53414,60,49,11,11
53415,59,52,7,7
53416,72,60,12,12
53417,99,78,21,21
53418,111,88,23,23
53419,105,99,6,6
53420,110,92,18,18
53421,56,50,6,6
53422,126,124,2,2
53423,75,70,5,5
53424,56,48,8,8
53425,119,125,-6,6
53426,98,88,10,10
53427,171,149,22,22
53428,169,130,39,39
53429,126,116,10,10
53430,194,158,36,36
53431,112,95,17,17
53432,73,63,10,10
53433,106,98,8,8
53434,101,78,23,23
53435,119,102,17,17
53436,96,75,21,21
53437,58,49,9,9
53438,89,84,5,5
53439,78,70,8,8
53440,85,84,1,1
53441,87,80,7,7
53442,70,66,4,4
53443,50,53,-3,3
53444,51,48,3,3
53445,91,76,15,15
53446,79,75,4,4
53447,98,87,11,11
53448,117,116,1,1
53449,94,94,0,0
53450,141,123,18,18
53451,133,123,10,10
53452,48,51,-3,3
53453,121,110,11,11
53454,90,82,8,8
53455,50,56,-6,6
53456,69,68,1,1
53457,90,90,0,0
53458,83,74,9,9
53459,89,93,-4,4
53460,84,77,7,7
53461,72,58,14,14
53462,65,61,4,4
53463,93,82,11,11
53464,70,63,7,7
53465,68,62,6,6
53466,128,129,-1,1
53467,102,76,26,26
53468,111,103,8,8
53469,54,46,8,8
53470,94,93,1,1
53471,102,86,16,16
53472,104,89,15,15
53473,90,82,8,8
53474,96,90,6,6
53475,119,125,-6,6
53476,80,78,2,2
53477,77,67,10,10
53478,228,239,-11,11
53479,134,100,34,34
53480,140,141,-1,1
53481,47,42,5,5
53482,113,99,14,14
53483,58,54,4,4
53484,34,32,2,2
53485,46,41,5,5
53486,68,58,10,10
53487,68,57,11,11
53488,43,40,3,3
53489,74,72,2,2
53490,88,85,3,3
53491,130,131,-1,1
53492,112,84,28,28
53493,91,80,11,11
53494,70,64,6,6
53495,137,120,17,17
53496,67,50,17,17
53497,90,74,16,16
53498,137,115,22,22
53499,83,81,2,2
53500,105,106,-1,1
53501,78,76,2,2
53502,93,70,23,23
53503,88,71,17,17
53504,65,53,12,12
53505,105,89,16,16
53506,131,125,6,6
53507,52,46,6,6
53508,48,46,2,2
53509,127,119,8,8
53510,70,75,-5,5
53511,62,49,13,13
53512,119,111,8,8
53513,75,70,5,5
53514,90,75,15,15
53515,60,58,2,2
53516,133,116,17,17
53517,86,75,11,11
53518,77,75,2,2
53519,81,75,6,6
53520,98,90,8,8
53521,101,92,9,9
53522,70,63,7,7
53523,86,68,18,18
53524,111,106,5,5
53525,99,86,13,13
53526,62,56,6,6
53527,111,99,12,12
53528,57,49,8,8
53529,93,83,10,10
53530,77,72,5,5
53531,122,107,15,15
53532,96,88,8,8
53533,52,47,5,5
53534,66,50,16,16
53535,102,92,10,10
53536,79,81,-2,2
53537,83,83,0,0
53538,90,80,10,10
53539,117,97,20,20
53540,87,80,7,7
53541,127,105,22,22
53542,50,49,1,1
53543,62,58,4,4
53544,63,66,-3,3
53545,80,59,21,21
53546,111,121,-10,10
53547,53,36,17,17
53548,105,93,12,12
53549,97,79,18,18
53550,48,39,9,9
53551,66,61,5,5
53552,113,104,9,9
53553,142,124,18,18
53554,42,34,8,8
53555,55,47,8,8
53556,111,87,24,24
53557,89,78,11,11
53558,76,76,0,0
53559,126,107,19,19
53560,103,96,7,7
53561,53,51,2,2
53562,90,78,12,12
53563,66,54,12,12
53564,60,60,0,0
53565,49,47,2,2
53566,230,186,44,44
53567,64,52,12,12
53568,104,94,10,10
53569,82,78,4,4
53570,157,141,16,16
53571,53,47,6,6
53572,93,88,5,5
53573,76,65,11,11
53574,61,62,-1,1
53575,100,80,20,20
53576,52,51,1,1
53577,69,59,10,10
53578,117,104,13,13
53579,124,109,15,15
53580,100,96,4,4
53581,149,114,35,35
53582,99,89,10,10
53583,120,92,28,28
53584,79,75,4,4
53585,177,158,19,19
53586,62,56,6,6
53587,99,82,17,17
53588,157,133,24,24
53589,117,109,8,8
53590,98,87,11,11
53591,68,61,7,7
53592,85,71,14,14
53593,91,92,-1,1
53594,106,87,19,19
53595,129,113,16,16
53596,134,112,22,22
53597,85,75,10,10
53598,122,113,9,9
53599,89,79,10,10
53600,46,46,0,0
53601,91,83,8,8
53602,136,122,14,14
53603,52,41,11,11
53604,98,93,5,5
53605,98,79,19,19
53606,129,115,14,14
53607,49,44,5,5
53608,75,65,10,10
53609,70,66,4,4
53610,102,84,18,18
53611,114,100,14,14
53612,31,36,-5,5
53613,120,104,16,16
53614,108,96,12,12
53615,84,81,3,3
53616,61,58,3,3
53617,150,138,12,12
53618,52,61,-9,9
53619,44,42,2,2
53620,71,71,0,0
53621,62,57,5,5
53622,74,68,6,6
53623,100,87,13,13
53624,83,78,5,5
53625,82,78,4,4
53626,149,119,30,30
53627,113,108,5,5
53628,99,79,20,20
53629,94,85,9,9
53630,77,72,5,5
53631,116,116,0,0
53632,154,141,13,13
53633,84,75,9,9
53634,116,95,21,21
53635,169,145,24,24
53636,126,109,17,17
53637,31,34,-3,3
53638,84,74,10,10
53639,81,70,11,11
53640,109,93,16,16
53641,96,88,8,8
53642,78,68,10,10
53643,100,89,11,11
53644,101,88,13,13
53645,63,63,0,0
53646,118,110,8,8
53647,119,102,17,17
53648,70,61,9,9
53649,82,70,12,12
53650,57,49,8,8
53651,89,84,5,5
53652,124,104,20,20
53653,67,65,2,2
53654,87,73,14,14
53655,115,97,18,18
53656,76,61,15,15
53657,63,55,8,8
53658,105,90,15,15
53659,77,67,10,10
53660,124,117,7,7
53661,84,69,15,15
53662,52,45,7,7
53663,55,51,4,4
53664,120,99,21,21
53665,206,162,44,44
53666,67,67,0,0
53667,93,84,9,9
53668,67,62,5,5
53669,71,59,12,12
53670,87,66,21,21
53671,72,62,10,10
53672,108,97,11,11
53673,116,102,14,14
53674,62,54,8,8
53675,61,59,2,2
53676,57,52,5,5
53677,100,86,14,14
53678,78,58,20,20
53679,93,86,7,7
53680,102,92,10,10
53681,187,175,12,12
53682,88,71,17,17
53683,100,91,9,9
53684,169,151,18,18
53685,160,149,11,11
53686,142,125,17,17
53687,146,132,14,14
53688,81,75,6,6
53689,41,36,5,5
53690,111,84,27,27
53691,124,107,17,17
53692,114,107,7,7
53693,133,129,4,4
53694,88,69,19,19
53695,90,78,12,12
53696,76,68,8,8
53697,83,78,5,5
53698,130,114,16,16
53699,48,55,-7,7
53700,85,90,-5,5
53701,77,69,8,8
53702,130,119,11,11
53703,118,92,26,26
53704,106,93,13,13
53705,67,63,4,4
53706,111,100,11,11
53707,94,79,15,15
53708,69,61,8,8
53709,76,85,-9,9
53710,96,81,15,15
53711,84,71,13,13
53712,144,108,36,36
53713,66,71,-5,5
53714,86,75,11,11
53715,56,56,0,0
53716,103,99,4,4
53717,154,130,24,24
53718,80,69,11,11
53719,89,78,11,11
53720,63,62,1,1
53721,90,75,15,15
53722,102,86,16,16
53723,132,121,11,11
53724,103,96,7,7
53725,138,120,18,18
53726,107,92,15,15
53727,84,77,7,7
53728,158,133,25,25
53729,143,129,14,14
53730,83,76,7,7
53731,101,86,15,15
53732,42,41,1,1
53733,156,133,23,23
53734,96,90,6,6
53735,124,121,3,3
53736,91,81,10,10
53737,139,122,17,17
53738,80,70,10,10
53739,95,83,12,12
53740,95,80,15,15
53741,83,77,6,6
53742,88,82,6,6
53743,120,110,10,10
53744,79,71,8,8
53745,114,99,15,15
53746,54,48,6,6
53747,72,72,0,0
53748,122,101,21,21
53749,125,116,9,9
53750,100,89,11,11
53751,90,91,-1,1
53752,92,81,11,11
53753,85,74,11,11
53754,115,101,14,14
53755,76,64,12,12
53756,94,96,-2,2
53757,128,107,21,21
53758,49,77,-28,28
53759,134,112,22,22
53760,114,101,13,13
53761,75,67,8,8
53762,71,60,11,11
53763,131,118,13,13
53764,110,96,14,14
53765,113,94,19,19
53766,79,81,-2,2
53767,90,69,21,21
53768,112,88,24,24
53769,92,85,7,7
53770,141,121,20,20
53771,46,44,2,2
53772,103,91,12,12
53773,124,113,11,11
53774,98,84,14,14
53775,106,82,24,24
53776,95,76,19,19
53777,50,47,3,3
53778,98,84,14,14
53779,127,114,13,13
53780,147,133,14,14
53781,136,118,18,18
53782,68,59,9,9
53783,133,114,19,19
53784,112,101,11,11
53785,73,62,11,11
53786,104,94,10,10
53787,118,102,16,16
53788,84,85,-1,1
53789,66,58,8,8
53790,74,65,9,9
53791,71,57,14,14
53792,122,106,16,16
53793,88,78,10,10
53794,90,88,2,2
53795,44,43,1,1
53796,68,72,-4,4
53797,72,69,3,3
53798,141,121,20,20
53799,84,97,-13,13
53800,120,104,16,16
53801,46,42,4,4
53802,59,51,8,8
53803,136,119,17,17
53804,47,40,7,7
53805,57,54,3,3
53806,64,66,-2,2
53807,114,88,26,26
53808,75,60,15,15
53809,72,70,2,2
53810,58,47,11,11
53811,70,64,6,6
53812,146,121,25,25
53813,83,89,-6,6
53814,116,119,-3,3
53815,143,131,12,12
53816,118,96,22,22
53817,200,161,39,39
53818,116,93,23,23
53819,124,104,20,20
53820,142,133,9,9
53821,184,147,37,37
53822,137,128,9,9
53823,76,75,1,1
53824,96,84,12,12
53825,52,43,9,9
53826,91,72,19,19
53827,55,49,6,6
53828,95,77,18,18
53829,59,56,3,3
53830,145,133,12,12
53831,84,56,28,28
53832,112,103,9,9
53833,63,66,-3,3
53834,60,57,3,3
53835,134,119,15,15
53836,88,70,18,18
53837,72,65,7,7
53838,107,106,1,1
53839,74,65,9,9
53840,94,76,18,18
53841,84,70,14,14
53842,55,61,-6,6
53843,30,28,2,2
53844,31,39,-8,8
53845,77,74,3,3
53846,74,64,10,10
53847,99,76,23,23
53848,148,130,18,18
53849,70,67,3,3
53850,86,69,17,17
53851,124,129,-5,5
53852,144,130,14,14
53853,77,67,10,10
53854,117,98,19,19
53855,78,66,12,12
53856,53,56,-3,3
53857,105,89,16,16
53858,79,58,21,21
53859,127,108,19,19
53860,94,78,16,16
53861,159,148,11,11
53862,90,81,9,9
53863,71,68,3,3
53864,156,132,24,24
53865,140,126,14,14
53866,57,41,16,16
53867,91,80,11,11
53868,61,56,5,5
53869,91,88,3,3
53870,54,51,3,3
53871,78,66,12,12
53872,133,104,29,29
53873,121,103,18,18
53874,151,138,13,13
53875,119,105,14,14
53876,76,96,-20,20
53877,98,81,17,17
53878,97,87,10,10
53879,41,40,1,1
53880,149,152,-3,3
53881,119,105,14,14
53882,80,71,9,9
53883,67,54,13,13
53884,70,63,7,7
53885,120,100,20,20
53886,125,112,13,13
53887,76,70,6,6
53888,77,77,0,0
53889,89,82,7,7
53890,63,50,13,13
53891,163,143,20,20
53892,51,42,9,9
53893,68,60,8,8
53894,131,123,8,8
53895,109,97,12,12
53896,61,51,10,10
53897,118,120,-2,2
53898,103,90,13,13
53899,137,103,34,34
53900,93,79,14,14
53901,116,87,29,29
53902,61,57,4,4
53903,80,74,6,6
53904,88,80,8,8
53905,121,116,5,5
53906,63,58,5,5
53907,150,134,16,16
53908,130,114,16,16
53909,112,98,14,14
53910,48,48,0,0
53911,159,144,15,15
53912,75,63,12,12
53913,66,65,1,1
53914,75,65,10,10
53915,70,61,9,9
53916,80,68,12,12
53917,95,86,9,9
53918,57,47,10,10
53919,79,64,15,15
53920,69,59,10,10
53921,60,65,-5,5
53922,115,96,19,19
53923,121,87,34,34
53924,71,57,14,14
53925,88,71,17,17
53926,97,89,8,8
53927,56,56,0,0
53928,107,89,18,18
53929,35,36,-1,1
53930,112,100,12,12
53931,74,70,4,4
53932,80,72,8,8
53933,89,88,1,1
53934,81,80,1,1
53935,142,131,11,11
53936,109,103,6,6
53937,118,95,23,23
53938,93,81,12,12
53939,127,115,12,12
53940,84,75,9,9
53941,135,123,12,12
53942,128,115,13,13
53943,88,71,17,17
53944,77,76,1,1
53945,73,71,2,2
53946,92,76,16,16
53947,163,150,13,13
53948,117,99,18,18
53949,186,163,23,23
53950,118,113,5,5
53951,79,57,22,22
53952,81,76,5,5
53953,114,120,-6,6
53954,83,74,9,9
53955,89,71,18,18
53956,139,130,9,9
53957,85,76,9,9
53958,52,54,-2,2
53959,112,94,18,18
53960,79,73,6,6
53961,90,77,13,13
53962,102,91,11,11
53963,86,74,12,12
53964,83,70,13,13
53965,149,127,22,22
53966,50,49,1,1
53967,73,61,12,12
53968,66,59,7,7
53969,106,98,8,8
53970,78,64,14,14
53971,85,77,8,8
53972,97,94,3,3
53973,50,40,10,10
53974,126,124,2,2
53975,83,78,5,5
53976,98,83,15,15
53977,75,66,9,9
53978,93,81,12,12
53979,143,118,25,25
53980,142,115,27,27
53981,55,53,2,2
53982,68,60,8,8
53983,61,51,10,10
53984,68,63,5,5
53985,119,91,28,28
53986,85,72,13,13
53987,56,41,15,15
53988,105,100,5,5
53989,74,63,11,11
53990,61,53,8,8
53991,125,112,13,13
53992,49,41,8,8
53993,117,115,2,2
53994,109,100,9,9
53995,108,112,-4,4
53996,153,147,6,6
53997,59,48,11,11
53998,173,144,29,29
53999,90,79,11,11
54000,102,88,14,14
54001,53,48,5,5
54002,91,87,4,4
54003,162,118,44,44
54004,129,115,14,14
54005,110,96,14,14
54006,80,63,17,17
54007,94,76,18,18
54008,107,94,13,13
54009,57,53,4,4
54010,109,101,8,8
54011,73,64,9,9
54012,229,189,40,40
54013,170,154,16,16
54014,70,59,11,11
54015,104,97,7,7
54016,83,73,10,10
54017,101,86,15,15
54018,86,82,4,4
54019,108,99,9,9
54020,96,85,11,11
54021,80,75,5,5
54022,68,66,2,2
54023,91,78,13,13
54024,112,104,8,8
54025,122,105,17,17
54026,132,99,33,33
54027,96,88,8,8
54028,81,77,4,4
54029,80,84,-4,4
54030,101,84,17,17
54031,117,104,13,13
54032,100,89,11,11
54033,83,89,-6,6
54034,93,84,9,9
54035,103,94,9,9
54036,48,54,-6,6
54037,110,94,16,16
54038,128,108,20,20
54039,37,38,-1,1
54040,110,106,4,4
54041,94,82,12,12
54042,127,127,0,0
54043,70,62,8,8
54044,112,96,16,16
54045,189,167,22,22
54046,95,92,3,3
54047,123,115,8,8
54048,152,135,17,17
54049,85,75,10,10
54050,60,59,1,1
54051,74,63,11,11
54052,89,82,7,7
54053,97,85,12,12
54054,159,134,25,25
54055,90,85,5,5
54056,76,68,8,8
54057,83,81,2,2
54058,71,72,-1,1
54059,105,82,23,23
54060,102,93,9,9
54061,161,135,26,26
54062,123,99,24,24
54063,85,75,10,10
54064,41,39,2,2
54065,165,142,23,23
54066,60,80,-20,20
54067,123,114,9,9
54068,59,47,12,12
54069,51,45,6,6
54070,160,146,14,14
54071,134,133,1,1
54072,87,84,3,3
54073,91,79,12,12
54074,52,50,2,2
54075,111,96,15,15
54076,139,133,6,6
54077,65,61,4,4
54078,96,85,11,11
54079,92,78,14,14
54080,77,76,1,1
54081,106,102,4,4
54082,194,174,20,20
54083,127,111,16,16
54084,121,95,26,26
54085,140,136,4,4
54086,129,116,13,13
54087,59,55,4,4
54088,82,79,3,3
54089,59,55,4,4
54090,98,83,15,15
54091,214,174,40,40
54092,107,97,10,10
54093,122,115,7,7
54094,75,64,11,11
54095,52,45,7,7
54096,129,109,20,20
54097,59,50,9,9
54098,64,53,11,11
54099,144,122,22,22
54100,99,89,10,10
54101,156,135,21,21
54102,173,156,17,17
54103,82,71,11,11
54104,145,118,27,27
54105,105,86,19,19
54106,102,99,3,3
54107,69,62,7,7
54108,51,41,10,10
54109,44,43,1,1
54110,30,31,-1,1
54111,118,96,22,22
54112,85,72,13,13
54113,70,63,7,7
54114,61,56,5,5
54115,69,59,10,10
54116,81,70,11,11
54117,68,56,12,12
54118,149,131,18,18
54119,47,58,-11,11
54120,53,52,1,1
54121,143,126,17,17
54122,91,89,2,2
54123,93,86,7,7
54124,45,43,2,2
54125,122,110,12,12
54126,112,96,16,16
54127,165,131,34,34
54128,57,55,2,2
54129,101,90,11,11
54130,54,54,0,0
54131,55,48,7,7
54132,74,61,13,13
54133,95,81,14,14
54134,58,82,-24,24
54135,114,113,1,1
54136,73,80,-7,7
54137,81,67,14,14
54138,63,51,12,12
54139,139,138,1,1
54140,96,82,14,14
54141,111,100,11,11
54142,157,134,23,23
54143,167,153,14,14
54144,166,133,33,33
54145,115,108,7,7
54146,80,69,11,11
54147,166,131,35,35
54148,89,78,11,11
54149,69,58,11,11
54150,34,39,-5,5
54151,92,81,11,11
54152,81,80,1,1
54153,131,124,7,7
54154,65,60,5,5
54155,107,97,10,10
54156,61,58,3,3
54157,77,74,3,3
54158,92,89,3,3
54159,175,166,9,9
54160,154,145,9,9
54161,101,92,9,9
54162,96,82,14,14
54163,82,71,11,11
54164,72,60,12,12
54165,60,55,5,5
54166,137,115,22,22
54167,44,46,-2,2
54168,77,62,15,15
54169,111,100,11,11
54170,41,46,-5,5
54171,119,97,22,22
54172,83,77,6,6
54173,108,89,19,19
54174,128,103,25,25
54175,76,82,-6,6
54176,41,40,1,1
54177,79,72,7,7
54178,175,154,21,21
54179,115,94,21,21
54180,87,84,3,3
54181,136,112,24,24
54182,76,67,9,9
54183,107,107,0,0
54184,86,83,3,3
54185,118,100,18,18
54186,98,84,14,14
54187,73,59,14,14
54188,176,147,29,29
54189,110,89,21,21
54190,73,64,9,9
54191,73,67,6,6
54192,109,106,3,3
54193,96,92,4,4
54194,128,110,18,18
54195,65,57,8,8
54196,81,77,4,4
54197,76,66,10,10
54198,81,83,-2,2
54199,55,46,9,9
54200,93,82,11,11
54201,138,128,10,10
54202,127,109,18,18
54203,110,83,27,27
54204,97,84,13,13
54205,106,104,2,2
54206,70,65,5,5
54207,84,89,-5,5
54208,103,91,12,12
54209,109,87,22,22
54210,82,68,14,14
54211,82,75,7,7
54212,75,69,6,6
54213,96,84,12,12
54214,74,67,7,7
54215,50,47,3,3
54216,80,67,13,13
54217,129,129,0,0
54218,127,118,9,9
54219,101,102,-1,1
54220,94,83,11,11
54221,80,72,8,8
54222,51,46,5,5
54223,98,89,9,9
54224,93,85,8,8
54225,138,127,11,11
54226,127,106,21,21
54227,115,100,15,15
54228,57,51,6,6
54229,62,54,8,8
54230,125,116,9,9
54231,74,77,-3,3
54232,104,86,18,18
54233,112,104,8,8
54234,101,85,16,16
54235,81,65,16,16
54236,58,54,4,4
54237,98,78,20,20
54238,60,49,11,11
54239,60,54,6,6
54240,119,99,20,20
54241,92,76,16,16
54242,79,74,5,5
54243,72,62,10,10
54244,59,55,4,4
54245,53,48,5,5
54246,133,115,18,18
54247,81,84,-3,3
54248,167,141,26,26
54249,110,95,15,15
54250,62,56,6,6
54251,77,67,10,10
54252,81,79,2,2
54253,108,81,27,27
54254,107,88,19,19
54255,56,49,7,7
54256,74,61,13,13
54257,55,66,-11,11
54258,41,36,5,5
54259,95,80,15,15
54260,80,74,6,6
54261,107,95,12,12
54262,89,78,11,11
54263,69,61,8,8
54264,89,75,14,14
54265,125,103,22,22
54266,139,133,6,6
54267,63,57,6,6
54268,79,73,6,6
54269,111,107,4,4
54270,80,72,8,8
54271,89,86,3,3
54272,65,57,8,8
54273,139,121,18,18
54274,105,93,12,12
54275,59,52,7,7
54276,108,88,20,20
54277,71,68,3,3
54278,57,58,-1,1
54279,65,58,7,7
54280,66,55,11,11
54281,171,160,11,11
54282,69,79,-10,10
54283,137,112,25,25
54284,62,60,2,2
54285,92,80,12,12
54286,87,71,16,16
54287,131,116,15,15
54288,160,154,6,6
54289,78,74,4,4
54290,82,82,0,0
54291,152,158,-6,6
54292,34,29,5,5
54293,80,82,-2,2
54294,201,175,26,26
54295,89,77,12,12
54296,88,85,3,3
54297,137,120,17,17
54298,58,52,6,6
54299,87,90,-3,3
54300,106,98,8,8
54301,67,59,8,8
54302,57,46,11,11
54303,83,68,15,15
54304,105,85,20,20
54305,187,145,42,42
54306,92,83,9,9
54307,43,38,5,5
54308,130,120,10,10
54309,103,83,20,20
54310,79,64,15,15
54311,176,156,20,20
54312,120,99,21,21
54313,75,63,12,12
54314,75,66,9,9
54315,77,65,12,12
54316,87,75,12,12
54317,49,46,3,3
54318,164,128,36,36
54319,142,118,24,24
54320,136,119,17,17
54321,51,54,-3,3
54322,79,72,7,7
54323,173,156,17,17
54324,118,106,12,12
54325,75,66,9,9
54326,87,84,3,3
54327,66,59,7,7
54328,67,61,6,6
54329,124,107,17,17
54330,62,58,4,4
54331,88,95,-7,7
54332,87,74,13,13
54333,125,116,9,9
54334,107,75,32,32
54335,65,52,13,13
54336,50,46,4,4
54337,80,64,16,16
54338,166,147,19,19
54339,142,124,18,18
54340,171,151,20,20
54341,57,53,4,4
54342,87,80,7,7
54343,106,84,22,22
54344,95,92,3,3
54345,108,88,20,20
54346,105,86,19,19
54347,112,99,13,13
54348,101,77,24,24
54349,89,77,12,12
54350,49,49,0,0
54351,84,74,10,10
54352,101,94,7,7
54353,66,57,9,9
54354,83,72,11,11
54355,58,54,4,4
54356,85,79,6,6
54357,91,100,-9,9
54358,53,59,-6,6
54359,94,84,10,10
54360,97,75,22,22
54361,76,63,13,13
54362,45,48,-3,3
54363,49,48,1,1
54364,150,132,18,18
54365,104,90,14,14
54366,111,105,6,6
54367,68,51,17,17
54368,93,86,7,7
54369,100,91,9,9
54370,107,95,12,12
54371,121,110,11,11
54372,60,61,-1,1
54373,134,126,8,8
54374,127,113,14,14
54375,76,70,6,6
54376,122,99,23,23
54377,71,60,11,11
54378,73,75,-2,2
54379,74,63,11,11
54380,133,120,13,13
54381,78,61,17,17
54382,60,71,-11,11
54383,112,117,-5,5
54384,87,91,-4,4
54385,105,89,16,16
54386,62,58,4,4
54387,76,66,10,10
54388,124,105,19,19
54389,108,105,3,3
54390,63,54,9,9
54391,192,168,24,24
54392,63,66,-3,3
54393,94,86,8,8
54394,76,85,-9,9
54395,153,135,18,18
54396,145,125,20,20
54397,118,113,5,5
54398,144,138,6,6
54399,80,76,4,4
54400,81,70,11,11
54401,167,137,30,30
54402,112,81,31,31
54403,87,84,3,3
54404,114,70,44,44
54405,96,88,8,8
54406,72,60,12,12
54407,148,133,15,15
54408,105,98,7,7
54409,138,133,5,5
54410,80,72,8,8
54411,79,76,3,3
54412,92,77,15,15
54413,104,93,11,11
54414,60,64,-4,4
54415,179,154,25,25
54416,86,77,9,9
54417,32,43,-11,11
54418,134,97,37,37
54419,71,62,9,9
54420,93,83,10,10
54421,112,99,13,13
54422,117,104,13,13
54423,112,100,12,12
54424,83,75,8,8
54425,111,103,8,8
54426,143,130,13,13
54427,84,70,14,14
54428,58,58,0,0
54429,78,69,9,9
54430,116,93,23,23
54431,120,99,21,21
54432,102,83,19,19
54433,155,87,68,68
54434,106,96,10,10
54435,79,63,16,16
54436,111,105,6,6
54437,72,64,8,8
54438,59,50,9,9
54439,139,133,6,6
54440,119,100,19,19
54441,100,86,14,14
54442,59,66,-7,7
54443,67,66,1,1
54444,149,142,7,7
54445,74,62,12,12
54446,96,88,8,8
54447,196,181,15,15
54448,144,127,17,17
54449,101,79,22,22
54450,80,84,-4,4
54451,76,75,1,1
54452,96,88,8,8
54453,112,96,16,16
54454,73,81,-8,8
54455,126,112,14,14
54456,92,81,11,11
54457,125,120,5,5
54458,64,63,1,1
54459,146,127,19,19
54460,77,84,-7,7
54461,148,133,15,15
54462,126,112,14,14
54463,95,88,7,7
54464,58,48,10,10
54465,146,121,25,25
54466,148,121,27,27
54467,104,94,10,10
54468,129,105,24,24
54469,60,49,11,11
54470,83,74,9,9
54471,67,45,22,22
54472,132,110,22,22
54473,82,78,4,4
54474,34,40,-6,6
54475,76,74,2,2
54476,116,110,6,6
54477,119,113,6,6
54478,96,89,7,7
54479,138,120,18,18
54480,80,70,10,10
54481,109,99,10,10
54482,103,88,15,15
54483,57,58,-1,1
54484,41,32,9,9
54485,121,108,13,13
54486,87,72,15,15
54487,125,110,15,15
54488,82,84,-2,2
54489,36,32,4,4
54490,63,52,11,11
54491,112,99,13,13
54492,90,77,13,13
54493,110,109,1,1
54494,184,155,29,29
54495,97,90,7,7
54496,64,62,2,2
54497,115,92,23,23
54498,85,75,10,10
54499,60,57,3,3
54500,68,66,2,2
54501,118,105,13,13
54502,56,62,-6,6
54503,49,50,-1,1
54504,92,83,9,9
54505,62,51,11,11
54506,131,117,14,14
54507,125,112,13,13
54508,146,136,10,10
54509,78,71,7,7
54510,69,61,8,8
54511,76,63,13,13
54512,66,58,8,8
54513,71,63,8,8
54514,97,91,6,6
54515,264,218,46,46
54516,38,37,1,1
54517,134,128,6,6
54518,70,58,12,12
54519,67,59,8,8
54520,128,115,13,13
54521,138,95,43,43
54522,101,106,-5,5
54523,76,64,12,12
54524,42,46,-4,4
54525,138,111,27,27
54526,126,105,21,21
54527,80,68,12,12
54528,61,54,7,7
54529,105,81,24,24
54530,113,99,14,14
54531,96,90,6,6
54532,97,86,11,11
54533,74,78,-4,4
54534,129,116,13,13
54535,83,71,12,12
54536,87,72,15,15
54537,72,61,11,11
54538,120,100,20,20
54539,95,104,-9,9
54540,62,50,12,12
54541,54,49,5,5
54542,80,72,8,8
54543,109,87,22,22
54544,90,76,14,14
54545,30,30,0,0
54546,103,89,14,14
54547,91,94,-3,3
54548,92,75,17,17
54549,79,78,1,1
54550,120,108,12,12
54551,131,112,19,19
54552,91,83,8,8
54553,64,56,8,8
54554,106,96,10,10
54555,81,71,10,10
54556,86,74,12,12
54557,190,179,11,11
54558,80,68,12,12
54559,108,103,5,5
54560,136,134,2,2
54561,84,75,9,9
54562,122,110,12,12
54563,80,65,15,15
54564,80,65,15,15
54565,143,126,17,17
54566,31,30,1,1
54567,96,83,13,13
54568,74,58,16,16
54569,130,114,16,16
54570,99,87,12,12
54571,90,88,2,2
54572,89,72,17,17
54573,122,96,26,26
54574,116,102,14,14
54575,111,105,6,6
54576,129,107,22,22
54577,97,88,9,9
54578,122,95,27,27
54579,94,106,-12,12
54580,78,74,4,4
54581,101,88,13,13
54582,77,74,3,3
54583,99,98,1,1
54584,91,96,-5,5
54585,74,67,7,7
54586,120,105,15,15
54587,109,94,15,15
54588,54,55,-1,1
54589,105,85,20,20
54590,140,136,4,4
54591,175,149,26,26
54592,103,80,23,23
54593,80,74,6,6
54594,71,67,4,4
54595,101,87,14,14
54596,91,83,8,8
54597,75,79,-4,4
54598,51,49,2,2
54599,59,52,7,7
54600,108,93,15,15
54601,198,164,34,34
54602,48,36,12,12
54603,117,104,13,13
54604,44,37,7,7
54605,105,97,8,8
54606,78,72,6,6
54607,92,94,-2,2
54608,89,77,12,12
54609,68,57,11,11
54610,50,43,7,7
54611,83,69,14,14
54612,71,64,7,7
54613,96,105,-9,9
54614,146,124,22,22
54615,134,96,38,38
54616,73,89,-16,16
54617,84,98,-14,14
54618,86,81,5,5
54619,152,132,20,20
54620,59,55,4,4
54621,183,159,24,24
54622,50,47,3,3
54623,83,74,9,9
54624,103,85,18,18
54625,63,57,6,6
54626,58,55,3,3
54627,79,68,11,11
54628,65,77,-12,12
54629,50,50,0,0
54630,89,71,18,18
54631,132,109,23,23
54632,91,90,1,1
54633,79,73,6,6
54634,89,71,18,18
54635,117,113,4,4
54636,89,73,16,16
54637,109,105,4,4
54638,124,108,16,16
54639,97,85,12,12
54640,131,120,11,11
54641,86,77,9,9
54642,77,71,6,6
54643,96,89,7,7
54644,94,82,12,12
54645,74,67,7,7
54646,129,113,16,16
54647,104,90,14,14
54648,113,109,4,4
54649,99,87,12,12
54650,63,46,17,17
54651,95,84,11,11
54652,68,69,-1,1
54653,194,148,46,46
54654,99,99,0,0
54655,123,123,0,0
54656,119,103,16,16
54657,108,89,19,19
54658,66,74,-8,8
54659,60,57,3,3
54660,58,55,3,3
54661,183,154,29,29
54662,190,168,22,22
54663,165,132,33,33
54664,80,80,0,0
54665,166,148,18,18
54666,123,116,7,7
54667,131,119,12,12
54668,62,60,2,2
54669,83,63,20,20
54670,125,103,22,22
54671,103,100,3,3
54672,101,96,5,5
54673,95,81,14,14
54674,59,58,1,1
54675,107,89,18,18
54676,79,61,18,18
54677,87,68,19,19
54678,84,76,8,8
54679,67,62,5,5
54680,75,63,12,12
54681,85,75,10,10
54682,89,72,17,17
54683,105,106,-1,1
54684,71,64,7,7
54685,150,123,27,27
54686,59,53,6,6
54687,86,75,11,11
54688,85,77,8,8
54689,110,101,9,9
54690,76,65,11,11
54691,100,91,9,9
54692,109,86,23,23
54693,110,99,11,11
54694,97,98,-1,1
54695,109,101,8,8
54696,188,167,21,21
54697,52,47,5,5
54698,56,53,3,3
54699,87,76,11,11
54700,72,62,10,10
54701,171,152,19,19
54702,109,94,15,15
54703,86,79,7,7
54704,140,124,16,16
54705,113,100,13,13
54706,89,80,9,9
54707,102,88,14,14
54708,82,70,12,12
54709,87,76,11,11
54710,85,76,9,9
54711,150,129,21,21
54712,151,129,22,22
54713,65,65,0,0
54714,150,132,18,18
54715,102,91,11,11
54716,88,73,15,15
54717,108,95,13,13
54718,38,44,-6,6
54719,123,111,12,12
54720,92,73,19,19
54721,120,100,20,20
54722,108,90,18,18
54723,72,58,14,14
54724,62,54,8,8
54725,105,96,9,9
54726,71,77,-6,6
54727,99,73,26,26
54728,88,78,10,10
54729,79,84,-5,5
54730,86,79,7,7
54731,116,93,23,23
54732,74,73,1,1
54733,93,85,8,8
54734,198,154,44,44
54735,96,84,12,12
54736,78,70,8,8
54737,57,45,12,12
54738,45,44,1,1
54739,140,125,15,15
54740,76,66,10,10
54741,88,79,9,9
54742,127,117,10,10
54743,50,55,-5,5
54744,101,97,4,4
54745,71,72,-1,1
54746,141,117,24,24
54747,110,109,1,1
54748,144,116,28,28
54749,114,113,1,1
54750,66,53,13,13
54751,90,89,1,1
54752,83,69,14,14
54753,143,116,27,27
54754,81,68,13,13
54755,41,31,10,10
54756,165,148,17,17
54757,92,88,4,4
54758,43,58,-15,15
54759,84,65,19,19
54760,58,65,-7,7
54761,74,61,13,13
54762,102,73,29,29
54763,62,65,-3,3
54764,115,96,19,19
54765,93,88,5,5
54766,155,131,24,24
54767,173,157,16,16
54768,145,127,18,18
54769,75,65,10,10
54770,116,95,21,21
54771,114,107,7,7
54772,115,110,5,5
54773,123,107,16,16
54774,86,90,-4,4
54775,95,80,15,15
54776,59,51,8,8
54777,123,111,12,12
54778,111,105,6,6
54779,109,115,-6,6
54780,92,81,11,11
54781,118,120,-2,2
54782,42,39,3,3
54783,65,63,2,2
54784,74,66,8,8
54785,144,137,7,7
54786,139,118,21,21
54787,71,67,4,4
54788,66,56,10,10
54789,81,75,6,6
54790,103,98,5,5
54791,65,55,10,10
54792,137,139,-2,2
54793,86,78,8,8
54794,64,41,23,23
54795,96,87,9,9
54796,76,77,-1,1
54797,56,48,8,8
54798,59,55,4,4
54799,70,63,7,7
54800,79,66,13,13
54801,92,77,15,15
54802,64,69,-5,5
54803,141,133,8,8
54804,111,100,11,11
54805,123,99,24,24
54806,55,55,0,0
54807,58,52,6,6
54808,105,79,26,26
54809,124,100,24,24
54810,76,63,13,13
54811,72,75,-3,3
54812,68,76,-8,8
54813,39,40,-1,1
54814,83,70,13,13
54815,90,77,13,13
54816,84,58,26,26
54817,131,107,24,24
54818,100,81,19,19
54819,68,59,9,9
54820,199,165,34,34
54821,111,98,13,13
54822,63,55,8,8
54823,112,97,15,15
54824,58,55,3,3
54825,167,148,19,19
54826,167,144,23,23
54827,204,173,31,31
54828,88,80,8,8
54829,112,108,4,4
54830,109,101,8,8
54831,74,49,25,25
54832,118,109,9,9
54833,114,104,10,10
54834,52,44,8,8
54835,79,78,1,1
54836,63,56,7,7
54837,34,41,-7,7
54838,75,68,7,7
54839,66,59,7,7
54840,165,161,4,4
54841,140,97,43,43
54842,68,65,3,3
54843,119,101,18,18
54844,109,99,10,10
54845,79,67,12,12
54846,96,75,21,21
54847,96,84,12,12
54848,58,47,11,11
54849,99,87,12,12
54850,68,67,1,1
54851,61,50,11,11
54852,89,86,3,3
54853,135,117,18,18
54854,60,52,8,8
54855,92,82,10,10
54856,84,69,15,15
54857,84,80,4,4
54858,94,81,13,13
54859,101,102,-1,1
54860,119,106,13,13
54861,139,136,3,3
54862,84,79,5,5
54863,204,152,52,52
54864,97,86,11,11
54865,79,80,-1,1
54866,101,92,9,9
54867,86,73,13,13
54868,84,68,16,16
54869,67,62,5,5
54870,98,86,12,12
54871,79,70,9,9
54872,90,74,16,16
54873,62,56,6,6
54874,65,62,3,3
54875,62,64,-2,2
54876,41,34,7,7
54877,140,113,27,27
54878,167,146,21,21
54879,129,118,11,11
54880,170,171,-1,1
54881,76,68,8,8
54882,88,77,11,11
54883,57,50,7,7
54884,55,51,4,4
54885,81,69,12,12
54886,142,120,22,22
54887,118,97,21,21
54888,66,58,8,8
54889,61,62,-1,1
54890,97,90,7,7
54891,88,77,11,11
54892,101,92,9,9
54893,64,59,5,5
54894,116,105,11,11
54895,90,74,16,16
54896,87,81,6,6
54897,98,81,17,17
54898,111,100,11,11
54899,67,56,11,11
54900,51,52,-1,1
54901,123,115,8,8
54902,59,56,3,3
54903,67,58,9,9
54904,48,43,5,5
54905,52,57,-5,5
54906,180,168,12,12
54907,61,56,5,5
54908,162,140,22,22
54909,76,71,5,5
54910,57,51,6,6
54911,90,80,10,10
54912,55,54,1,1
54913,103,101,2,2
54914,72,74,-2,2
54915,70,51,19,19
54916,154,129,25,25
54917,113,103,10,10
54918,108,97,11,11
54919,50,61,-11,11
54920,45,54,-9,9
54921,71,55,16,16
54922,132,115,17,17
54923,164,143,21,21
54924,100,91,9,9
54925,46,38,8,8
54926,85,71,14,14
54927,88,74,14,14
54928,107,98,9,9
54929,84,72,12,12
54930,48,44,4,4
54931,98,89,9,9
54932,154,136,18,18
54933,115,103,12,12
54934,69,61,8,8
54935,47,45,2,2
54936,79,62,17,17
54937,74,62,12,12
54938,77,71,6,6
54939,52,49,3,3
54940,146,127,19,19
54941,74,73,1,1
54942,122,108,14,14
54943,83,98,-15,15
54944,134,100,34,34
54945,113,106,7,7
54946,113,96,17,17
54947,100,103,-3,3
54948,77,68,9,9
54949,91,77,14,14
54950,112,133,-21,21
54951,109,90,19,19
54952,97,85,12,12
54953,156,140,16,16
54954,128,111,17,17
54955,88,82,6,6
54956,68,59,9,9
54957,69,63,6,6
54958,137,126,11,11
54959,68,69,-1,1
54960,65,60,5,5
54961,93,78,15,15
54962,58,48,10,10
54963,55,60,-5,5
54964,121,108,13,13
54965,133,124,9,9
54966,50,47,3,3
54967,228,192,36,36
54968,101,82,19,19
54969,51,44,7,7
54970,89,78,11,11
54971,63,66,-3,3
54972,70,71,-1,1
54973,41,37,4,4
54974,114,99,15,15
54975,65,58,7,7
54976,83,76,7,7
54977,61,52,9,9
54978,68,63,5,5
54979,107,96,11,11
54980,70,133,-63,63
54981,122,95,27,27
54982,44,39,5,5
54983,138,126,12,12
54984,178,162,16,16
54985,94,78,16,16
54986,107,86,21,21
54987,63,55,8,8
54988,84,88,-4,4
54989,124,104,20,20
54990,68,74,-6,6
54991,78,73,5,5
54992,177,155,22,22
54993,49,57,-8,8
54994,60,50,10,10
54995,63,67,-4,4
54996,39,53,-14,14
54997,88,78,10,10
54998,150,135,15,15
54999,105,94,11,11
55000,88,74,14,14
55001,58,37,21,21
55002,47,45,2,2
55003,135,112,23,23
55004,101,83,18,18
55005,61,56,5,5
55006,114,93,21,21
55007,75,64,11,11
55008,88,71,17,17
55009,69,59,10,10
55010,95,80,15,15
55011,120,121,-1,1
55012,148,147,1,1
55013,80,71,9,9
55014,54,49,5,5
55015,85,78,7,7
55016,123,87,36,36
55017,101,93,8,8
55018,108,102,6,6
55019,62,58,4,4
55020,68,76,-8,8
55021,55,51,4,4
55022,103,94,9,9
55023,115,98,17,17
55024,94,79,15,15
55025,77,71,6,6
55026,146,122,24,24
55027,62,58,4,4
55028,57,53,4,4
55029,204,177,27,27
55030,52,56,-4,4
55031,111,118,-7,7
55032,67,56,11,11
55033,116,100,16,16
55034,168,154,14,14
55035,47,49,-2,2
55036,75,63,12,12
55037,92,80,12,12
55038,139,132,7,7
55039,130,123,7,7
55040,118,97,21,21
55041,72,65,7,7
55042,90,84,6,6
55043,104,71,33,33
55044,99,94,5,5
55045,98,87,11,11
55046,84,78,6,6
55047,106,82,24,24
55048,69,60,9,9
55049,72,68,4,4
55050,86,78,8,8
55051,122,100,22,22
55052,103,76,27,27
55053,113,103,10,10
55054,70,54,16,16
55055,73,81,-8,8
55056,79,68,11,11
55057,102,83,19,19
55058,79,70,9,9
55059,67,62,5,5
55060,61,55,6,6
55061,78,78,0,0
55062,83,70,13,13
55063,91,71,20,20
55064,49,49,0,0
55065,64,57,7,7
55066,76,68,8,8
55067,155,139,16,16
55068,90,81,9,9
55069,78,102,-24,24
55070,67,65,2,2
55071,112,100,12,12
55072,90,80,10,10
55073,98,93,5,5
55074,93,83,10,10
55075,103,96,7,7
55076,64,62,2,2
55077,94,88,6,6
55078,58,58,0,0
55079,76,75,1,1
55080,153,134,19,19
55081,96,79,17,17
55082,151,137,14,14
55083,60,53,7,7
55084,87,72,15,15
55085,30,35,-5,5
55086,83,70,13,13
55087,107,102,5,5
55088,114,97,17,17
55089,74,66,8,8
55090,99,103,-4,4
55091,120,106,14,14
55092,89,77,12,12
55093,215,185,30,30
55094,53,44,9,9
55095,74,71,3,3
55096,112,95,17,17
55097,76,70,6,6
55098,69,60,9,9
55099,146,120,26,26
55100,92,78,14,14
55101,72,67,5,5
55102,184,167,17,17
55103,50,43,7,7
55104,82,68,14,14
55105,90,74,16,16
55106,152,126,26,26
55107,41,42,-1,1
55108,149,131,18,18
55109,83,73,10,10
55110,45,52,-7,7
55111,225,186,39,39
55112,169,143,26,26
55113,44,43,1,1
55114,118,111,7,7
55115,108,91,17,17
55116,125,109,16,16
55117,124,111,13,13
55118,65,76,-11,11
55119,164,140,24,24
55120,138,125,13,13
55121,87,76,11,11
55122,51,50,1,1
55123,98,93,5,5
55124,64,58,6,6
55125,63,59,4,4
55126,101,93,8,8
55127,90,76,14,14
55128,104,81,23,23
55129,140,122,18,18
55130,121,104,17,17
55131,107,96,11,11
55132,85,78,7,7
55133,116,106,10,10
55134,55,55,0,0
55135,74,75,-1,1
55136,178,132,46,46
55137,134,110,24,24
55138,62,61,1,1
55139,113,100,13,13
55140,75,64,11,11
55141,84,73,11,11
55142,88,68,20,20
55143,68,72,-4,4
55144,46,43,3,3
55145,150,154,-4,4
55146,99,73,26,26
55147,108,88,20,20
55148,118,70,48,48
55149,48,49,-1,1
55150,104,81,23,23
55151,73,55,18,18
55152,109,94,15,15
55153,62,59,3,3
55154,91,67,24,24
55155,119,108,11,11
55156,157,140,17,17
55157,117,102,15,15
55158,60,55,5,5
55159,90,80,10,10
55160,102,92,10,10
55161,100,86,14,14
55162,99,87,12,12
55163,108,85,23,23
55164,90,78,12,12
55165,120,105,15,15
55166,97,85,12,12
55167,78,72,6,6
55168,105,91,14,14
55169,160,140,20,20
55170,143,124,19,19
55171,112,107,5,5
55172,152,128,24,24
55173,153,130,23,23
55174,65,55,10,10
55175,66,65,1,1
55176,63,59,4,4
55177,55,73,-18,18
55178,75,65,10,10
55179,91,76,15,15
55180,81,72,9,9
55181,138,114,24,24
55182,120,102,18,18
55183,86,74,12,12
55184,75,64,11,11
55185,15,23,-8,8
55186,71,63,8,8
55187,158,136,22,22
55188,102,78,24,24
55189,58,51,7,7
55190,54,39,15,15
55191,77,74,3,3
55192,82,67,15,15
55193,69,59,10,10
55194,92,89,3,3
55195,132,125,7,7
55196,109,98,11,11
55197,192,161,31,31
55198,62,55,7,7
55199,41,42,-1,1
55200,120,106,14,14
55201,82,72,10,10
55202,116,98,18,18
55203,44,49,-5,5
55204,87,74,13,13
55205,63,63,0,0
55206,75,71,4,4
55207,106,85,21,21
55208,198,169,29,29
55209,87,70,17,17
55210,45,43,2,2
55211,95,85,10,10
55212,128,112,16,16
55213,72,66,6,6
55214,80,78,2,2
55215,144,140,4,4
55216,83,73,10,10
55217,138,124,14,14
55218,107,86,21,21
55219,42,40,2,2
55220,105,95,10,10
55221,129,110,19,19
55222,78,72,6,6
55223,157,128,29,29
55224,135,119,16,16
55225,38,38,0,0
55226,174,148,26,26
55227,83,73,10,10
55228,79,68,11,11
55229,172,145,27,27
55230,76,56,20,20
55231,106,81,25,25
55232,102,97,5,5
55233,60,62,-2,2
55234,160,134,26,26
55235,58,50,8,8
55236,66,63,3,3
55237,93,81,12,12
55238,97,81,16,16
55239,99,95,4,4
55240,232,202,30,30
55241,111,91,20,20
55242,57,49,8,8
55243,92,92,0,0
55244,70,58,12,12
55245,58,62,-4,4
55246,58,47,11,11
55247,80,73,7,7
55248,119,98,21,21
55249,111,91,20,20
55250,73,67,6,6
55251,72,63,9,9
55252,98,83,15,15
55253,114,113,1,1
55254,115,96,19,19
55255,180,35,145,145
55256,137,132,5,5
55257,106,77,29,29
55258,116,106,10,10
55259,161,138,23,23
55260,53,46,7,7
55261,160,133,27,27
55262,105,96,9,9
55263,85,77,8,8
55264,137,128,9,9
55265,78,71,7,7
55266,152,144,8,8
55267,107,87,20,20
55268,61,55,6,6
55269,113,92,21,21
55270,145,130,15,15
55271,125,105,20,20
55272,63,55,8,8
55273,83,79,4,4
55274,139,112,27,27
55275,79,63,16,16
55276,136,123,13,13
55277,77,72,5,5
55278,101,81,20,20
55279,54,54,0,0
55280,103,92,11,11
55281,84,71,13,13
55282,62,58,4,4
55283,149,141,8,8
55284,52,47,5,5
55285,143,129,14,14
55286,185,160,25,25
55287,121,100,21,21
55288,93,97,-4,4
55289,89,78,11,11
55290,71,65,6,6
55291,96,78,18,18
55292,92,76,16,16
55293,132,116,16,16
55294,110,105,5,5
55295,81,73,8,8
55296,138,118,20,20
55297,121,113,8,8
55298,136,115,21,21
55299,108,105,3,3
55300,102,92,10,10
55301,107,103,4,4
55302,123,108,15,15
55303,78,66,12,12
55304,123,118,5,5
55305,191,158,33,33
55306,83,63,20,20
55307,66,61,5,5
55308,147,127,20,20
55309,75,66,9,9
55310,142,135,7,7
55311,54,51,3,3
55312,79,78,1,1
55313,65,48,17,17
55314,69,60,9,9
55315,92,80,12,12
55316,116,84,32,32
55317,138,101,37,37
55318,60,58,2,2
55319,113,98,15,15
55320,107,95,12,12
55321,71,73,-2,2
55322,87,72,15,15
55323,66,60,6,6
55324,115,104,11,11
55325,88,82,6,6
55326,59,59,0,0
55327,109,92,17,17
55328,101,92,9,9
55329,99,82,17,17
55330,84,76,8,8
55331,79,64,15,15
55332,144,114,30,30
55333,74,70,4,4
55334,67,63,4,4
55335,79,74,5,5
55336,69,59,10,10
55337,64,62,2,2
55338,74,58,16,16
55339,122,135,-13,13
55340,88,85,3,3
55341,85,91,-6,6
55342,135,134,1,1
55343,150,123,27,27
55344,120,107,13,13
55345,85,76,9,9
55346,87,83,4,4
55347,69,66,3,3
55348,136,111,25,25
55349,139,104,35,35
55350,81,73,8,8
55351,88,81,7,7
55352,117,104,13,13
55353,127,125,2,2
55354,83,75,8,8
55355,53,50,3,3
55356,41,32,9,9
55357,97,90,7,7
55358,169,153,16,16
55359,112,95,17,17
55360,38,41,-3,3
55361,84,75,9,9
55362,67,60,7,7
55363,92,79,13,13
55364,110,96,14,14
55365,88,88,0,0
55366,78,68,10,10
55367,84,80,4,4
55368,69,61,8,8
55369,99,85,14,14
55370,101,100,1,1
55371,86,79,7,7
55372,102,95,7,7
55373,60,58,2,2
55374,54,52,2,2
55375,111,108,3,3
55376,138,116,22,22
55377,82,64,18,18
55378,96,97,-1,1
55379,62,60,2,2
55380,161,144,17,17
55381,73,69,4,4
55382,92,79,13,13
55383,115,106,9,9
55384,150,128,22,22
55385,78,71,7,7
55386,93,81,12,12
55387,80,68,12,12
55388,88,80,8,8
55389,89,80,9,9
55390,107,93,14,14
55391,76,63,13,13
55392,115,110,5,5
55393,96,86,10,10
55394,119,105,14,14
55395,56,54,2,2
55396,100,93,7,7
55397,101,83,18,18
55398,89,72,17,17
55399,75,72,3,3
55400,106,92,14,14
55401,68,60,8,8
55402,69,56,13,13
55403,83,68,15,15
55404,85,82,3,3
55405,130,115,15,15
55406,64,59,5,5
55407,44,48,-4,4
55408,83,75,8,8
55409,54,83,-29,29
55410,130,102,28,28
55411,91,86,5,5
55412,59,68,-9,9
55413,109,85,24,24
55414,145,123,22,22
55415,65,52,13,13
55416,50,40,10,10
55417,147,127,20,20
55418,90,88,2,2
55419,143,131,12,12
55420,97,84,13,13
55421,111,99,12,12
55422,63,54,9,9
55423,70,75,-5,5
55424,109,84,25,25
55425,108,105,3,3
55426,149,133,16,16
55427,98,86,12,12
55428,137,121,16,16
55429,45,40,5,5
55430,95,82,13,13
55431,59,65,-6,6
55432,71,61,10,10
55433,117,109,8,8
55434,73,70,3,3
55435,80,68,12,12
55436,168,129,39,39
55437,149,142,7,7
55438,53,47,6,6
55439,65,57,8,8
55440,160,132,28,28
55441,83,73,10,10
55442,88,79,9,9
55443,98,77,21,21
55444,51,49,2,2
55445,54,50,4,4
55446,70,70,0,0
55447,80,75,5,5
55448,169,134,35,35
55449,109,95,14,14
55450,57,53,4,4
55451,119,108,11,11
55452,238,193,45,45
55453,132,119,13,13
55454,78,76,2,2
55455,88,73,15,15
55456,85,75,10,10
55457,27,41,-14,14
55458,62,63,-1,1
55459,131,115,16,16
55460,138,115,23,23
55461,43,83,-40,40
55462,58,61,-3,3
55463,76,70,6,6
55464,72,75,-3,3
55465,121,87,34,34
55466,107,93,14,14
55467,81,79,2,2
55468,49,62,-13,13
55469,113,99,14,14
55470,71,58,13,13
55471,44,37,7,7
55472,81,71,10,10
55473,73,59,14,14
55474,85,79,6,6
55475,100,84,16,16
55476,126,107,19,19
55477,96,85,11,11
55478,67,60,7,7
55479,114,113,1,1
55480,97,73,24,24
55481,185,151,34,34
55482,55,51,4,4
55483,177,156,21,21
55484,85,75,10,10
55485,117,104,13,13
55486,157,135,22,22
55487,129,112,17,17
55488,94,91,3,3
55489,87,82,5,5
55490,139,112,27,27
55491,121,109,12,12
55492,65,53,12,12
55493,58,54,4,4
55494,98,88,10,10
55495,37,40,-3,3
55496,63,57,6,6
55497,193,164,29,29
55498,101,99,2,2
55499,69,74,-5,5
55500,133,117,16,16
55501,121,95,26,26
55502,91,83,8,8
55503,85,77,8,8
55504,67,67,0,0
55505,117,105,12,12
55506,61,51,10,10
55507,61,55,6,6
55508,97,96,1,1
55509,81,74,7,7
55510,89,85,4,4
55511,58,54,4,4
55512,80,66,14,14
55513,96,76,20,20
55514,87,83,4,4
55515,69,67,2,2
55516,116,113,3,3
55517,138,134,4,4
55518,65,55,10,10
55519,90,77,13,13
55520,87,78,9,9
55521,102,87,15,15
55522,79,78,1,1
55523,146,136,10,10
55524,130,107,23,23
55525,127,102,25,25
55526,96,82,14,14
55527,80,67,13,13
55528,132,119,13,13
55529,115,94,21,21
55530,81,83,-2,2
55531,86,77,9,9
55532,105,88,17,17
55533,130,128,2,2
55534,84,70,14,14
55535,52,87,-35,35
55536,72,62,10,10
55537,82,72,10,10
55538,115,101,14,14
55539,100,88,12,12
55540,102,93,9,9
55541,107,97,10,10
55542,116,104,12,12
55543,61,50,11,11
55544,95,88,7,7
55545,78,67,11,11
55546,78,70,8,8
55547,79,62,17,17
55548,82,77,5,5
55549,71,66,5,5
55550,128,106,22,22
55551,89,87,2,2
55552,115,122,-7,7
55553,83,61,22,22
55554,80,67,13,13
55555,79,87,-8,8
55556,69,72,-3,3
55557,123,106,17,17
55558,67,63,4,4
55559,135,116,19,19
55560,134,144,-10,10
55561,133,118,15,15
55562,52,49,3,3
55563,175,155,20,20
55564,95,75,20,20
55565,122,110,12,12
55566,74,59,15,15
55567,73,68,5,5
55568,53,49,4,4
55569,69,66,3,3
55570,103,103,0,0
55571,45,39,6,6
55572,107,91,16,16
55573,49,50,-1,1
55574,132,109,23,23
55575,89,81,8,8
55576,62,59,3,3
55577,109,98,11,11
55578,81,74,7,7
55579,72,70,2,2
55580,52,48,4,4
55581,74,71,3,3
55582,36,34,2,2
55583,68,61,7,7
55584,73,66,7,7
55585,89,79,10,10
55586,63,55,8,8
55587,69,64,5,5
55588,103,103,0,0
55589,53,53,0,0
55590,103,95,8,8
55591,108,90,18,18
55592,109,146,-37,37
55593,187,165,22,22
55594,69,59,10,10
55595,124,100,24,24
55596,117,108,9,9
55597,94,84,10,10
55598,44,39,5,5
55599,120,103,17,17
55600,140,126,14,14
55601,131,112,19,19
55602,100,97,3,3
55603,147,135,12,12
55604,55,43,12,12
55605,126,119,7,7
55606,84,82,2,2
55607,81,76,5,5
55608,110,85,25,25
55609,68,65,3,3
55610,90,83,7,7
55611,79,74,5,5
55612,108,101,7,7
55613,69,62,7,7
55614,67,51,16,16
55615,151,142,9,9
55616,121,104,17,17
55617,67,65,2,2
55618,100,84,16,16
55619,105,95,10,10
55620,105,106,-1,1
55621,92,90,2,2
55622,107,99,8,8
55623,163,147,16,16
55624,110,102,8,8
55625,115,96,19,19
55626,93,78,15,15
55627,143,121,22,22
55628,105,75,30,30
55629,102,87,15,15
55630,54,45,9,9
55631,117,107,10,10
55632,94,80,14,14
55633,121,96,25,25
55634,51,42,9,9
55635,93,86,7,7
55636,136,127,9,9
55637,75,59,16,16
55638,83,66,17,17
55639,90,76,14,14
55640,110,103,7,7
55641,69,58,11,11
55642,110,98,12,12
55643,78,74,4,4
55644,85,70,15,15
55645,89,80,9,9
55646,86,90,-4,4
55647,106,101,5,5
55648,102,91,11,11
55649,52,53,-1,1
55650,207,186,21,21
55651,93,80,13,13
55652,113,108,5,5
55653,97,88,9,9
55654,80,82,-2,2
55655,118,119,-1,1
55656,90,84,6,6
55657,88,90,-2,2
55658,96,90,6,6
55659,103,99,4,4
55660,65,62,3,3
55661,48,39,9,9
55662,85,68,17,17
55663,104,91,13,13
55664,54,49,5,5
55665,89,68,21,21
55666,132,121,11,11
55667,83,76,7,7
55668,80,72,8,8
55669,76,69,7,7
55670,67,55,12,12
55671,89,78,11,11
55672,149,133,16,16
55673,106,105,1,1
55674,149,133,16,16
55675,52,49,3,3
55676,58,55,3,3
55677,70,67,3,3
55678,78,67,11,11
55679,212,177,35,35
55680,105,83,22,22
55681,101,80,21,21
55682,107,88,19,19
55683,145,132,13,13
55684,77,70,7,7
55685,108,83,25,25
55686,97,87,10,10
55687,90,70,20,20
55688,104,93,11,11
55689,99,86,13,13
55690,94,77,17,17
55691,105,102,3,3
55692,69,63,6,6
55693,81,78,3,3
55694,88,78,10,10
55695,112,110,2,2
55696,93,87,6,6
55697,130,116,14,14
55698,145,114,31,31
55699,130,112,18,18
55700,62,66,-4,4
55701,99,91,8,8
55702,67,57,10,10
55703,129,110,19,19
55704,72,68,4,4
55705,96,81,15,15
55706,76,69,7,7
55707,102,91,11,11
55708,81,70,11,11
55709,157,141,16,16
55710,100,89,11,11
55711,122,105,17,17
55712,65,55,10,10
55713,82,68,14,14
55714,95,82,13,13
55715,133,128,5,5
55716,108,97,11,11
55717,81,74,7,7
55718,91,82,9,9
55719,134,117,17,17
55720,146,130,16,16
55721,93,89,4,4
55722,53,49,4,4
55723,108,89,19,19
55724,93,81,12,12
55725,99,83,16,16
55726,158,134,24,24
55727,66,70,-4,4
55728,66,58,8,8
55729,83,79,4,4
55730,103,83,20,20
55731,54,45,9,9
55732,144,126,18,18
55733,88,86,2,2
55734,105,85,20,20
55735,115,97,18,18
55736,125,109,16,16
55737,67,66,1,1
55738,193,155,38,38
55739,127,97,30,30
55740,29,35,-6,6
55741,86,80,6,6
55742,121,116,5,5
55743,94,78,16,16
55744,125,107,18,18
55745,174,161,13,13
55746,163,145,18,18
55747,128,102,26,26
55748,155,131,24,24
55749,123,118,5,5
55750,100,89,11,11
55751,80,77,3,3
55752,121,106,15,15
55753,31,35,-4,4
55754,96,79,17,17
55755,80,69,11,11
55756,83,72,11,11
55757,82,71,11,11
55758,97,89,8,8
55759,72,67,5,5
55760,69,64,5,5
55761,86,77,9,9
55762,73,76,-3,3
55763,100,95,5,5
55764,66,61,5,5
55765,83,66,17,17
55766,92,89,3,3
55767,68,57,11,11
55768,118,112,6,6
55769,97,105,-8,8
55770,62,58,4,4
55771,78,67,11,11
55772,48,46,2,2
55773,98,85,13,13
55774,71,67,4,4
55775,62,58,4,4
55776,45,55,-10,10
55777,122,110,12,12
55778,91,78,13,13
55779,71,129,-58,58
55780,68,56,12,12
55781,118,113,5,5
55782,79,74,5,5
55783,120,111,9,9
55784,134,134,0,0
55785,72,69,3,3
55786,92,78,14,14
55787,49,54,-5,5
55788,100,90,10,10
55789,90,83,7,7
55790,71,65,6,6
55791,83,78,5,5
55792,71,63,8,8
55793,90,87,3,3
55794,168,152,16,16
55795,68,73,-5,5
55796,50,48,2,2
55797,59,48,11,11
55798,52,49,3,3
55799,104,91,13,13
55800,95,90,5,5
55801,57,56,1,1
55802,211,188,23,23
55803,58,53,5,5
55804,125,106,19,19
55805,99,91,8,8
55806,88,89,-1,1
55807,182,151,31,31
55808,99,89,10,10
55809,66,53,13,13
55810,169,145,24,24
55811,105,88,17,17
55812,92,84,8,8
55813,110,95,15,15
55814,111,92,19,19
55815,95,81,14,14
55816,74,63,11,11
55817,135,109,26,26
55818,51,87,-36,36
55819,78,67,11,11
55820,118,96,22,22
55821,118,107,11,11
55822,104,92,12,12
55823,37,42,-5,5
55824,96,85,11,11
55825,93,81,12,12
55826,60,79,-19,19
55827,102,87,15,15
55828,112,104,8,8
55829,73,72,1,1
55830,142,121,21,21
55831,67,61,6,6
55832,69,60,9,9
55833,103,177,-74,74
55834,42,57,-15,15
55835,99,74,25,25
55836,181,153,28,28
55837,94,82,12,12
55838,83,77,6,6
55839,98,78,20,20
55840,151,124,27,27
55841,149,118,31,31
55842,92,89,3,3
55843,129,130,-1,1
55844,79,69,10,10
55845,119,115,4,4
55846,159,139,20,20
55847,63,60,3,3
55848,74,69,5,5
55849,141,128,13,13
55850,133,115,18,18
55851,106,94,12,12
55852,180,160,20,20
55853,152,120,32,32
55854,85,72,13,13
55855,118,96,22,22
55856,127,114,13,13
55857,143,137,6,6
55858,80,82,-2,2
55859,123,112,11,11
55860,131,112,19,19
55861,53,42,11,11
55862,83,66,17,17
55863,97,80,17,17
55864,120,108,12,12
55865,71,61,10,10
55866,127,104,23,23
55867,68,62,6,6
55868,79,69,10,10
55869,104,105,-1,1
55870,139,137,2,2
55871,143,140,3,3
55872,102,103,-1,1
55873,75,66,9,9
55874,105,100,5,5
55875,71,53,18,18
55876,52,45,7,7
55877,73,61,12,12
55878,95,79,16,16
55879,84,65,19,19
55880,77,70,7,7
55881,63,62,1,1
55882,80,83,-3,3
55883,111,94,17,17
55884,146,119,27,27
55885,136,137,-1,1
55886,58,50,8,8
55887,77,67,10,10
55888,74,86,-12,12
55889,157,142,15,15
55890,113,97,16,16
55891,88,75,13,13
55892,98,90,8,8
55893,70,67,3,3
55894,70,67,3,3
55895,95,85,10,10
55896,113,89,24,24
55897,65,58,7,7
55898,82,67,15,15
55899,89,84,5,5
55900,90,76,14,14
55901,75,81,-6,6
55902,73,58,15,15
55903,45,46,-1,1
55904,75,78,-3,3
55905,89,74,15,15
55906,127,103,24,24
55907,189,178,11,11
55908,132,117,15,15
55909,95,84,11,11
55910,113,95,18,18
55911,81,76,5,5
55912,121,113,8,8
55913,73,72,1,1
55914,107,94,13,13
55915,72,64,8,8
55916,110,109,1,1
55917,69,63,6,6
55918,149,127,22,22
55919,63,57,6,6
55920,115,103,12,12
55921,105,91,14,14
55922,88,81,7,7
55923,65,63,2,2
55924,87,83,4,4
55925,94,90,4,4
55926,125,113,12,12
55927,93,77,16,16
55928,112,98,14,14
55929,103,80,23,23
55930,117,106,11,11
55931,95,84,11,11
55932,76,72,4,4
55933,94,97,-3,3
55934,50,43,7,7
55935,115,107,8,8
55936,105,87,18,18
55937,108,93,15,15
55938,141,128,13,13
55939,102,87,15,15
55940,58,60,-2,2
55941,108,93,15,15
55942,89,72,17,17
55943,71,68,3,3
55944,59,49,10,10
55945,89,77,12,12
55946,57,53,4,4
55947,106,90,16,16
55948,161,134,27,27
55949,92,79,13,13
55950,66,61,5,5
55951,82,74,8,8
55952,84,67,17,17
55953,115,92,23,23
55954,110,97,13,13
55955,135,121,14,14
55956,93,81,12,12
55957,134,140,-6,6
55958,105,87,18,18
55959,79,70,9,9
55960,25,29,-4,4
55961,124,118,6,6
55962,29,36,-7,7
55963,96,78,18,18
55964,125,112,13,13
55965,52,50,2,2
55966,101,92,9,9
55967,70,59,11,11
55968,98,83,15,15
55969,77,65,12,12
55970,167,143,24,24
55971,82,72,10,10
55972,91,76,15,15
55973,70,63,7,7
55974,74,61,13,13
55975,121,110,11,11
55976,46,57,-11,11
55977,76,72,4,4
55978,111,104,7,7
55979,58,47,11,11
55980,65,55,10,10
55981,53,47,6,6
55982,109,107,2,2
55983,80,77,3,3
55984,88,79,9,9
55985,110,95,15,15
55986,98,81,17,17
55987,97,85,12,12
55988,128,108,20,20
55989,144,124,20,20
55990,82,78,4,4
55991,131,114,17,17
55992,100,87,13,13
55993,95,84,11,11
55994,108,93,15,15
55995,82,74,8,8
55996,73,60,13,13
55997,94,88,6,6
55998,99,93,6,6
55999,88,73,15,15
56000,157,156,1,1
56001,75,68,7,7
56002,95,91,4,4
56003,82,72,10,10
56004,160,162,-2,2
56005,146,131,15,15
56006,166,161,5,5
56007,76,71,5,5
56008,139,124,15,15
56009,110,99,11,11
56010,118,111,7,7
56011,122,102,20,20
56012,50,51,-1,1
56013,59,54,5,5
56014,112,101,11,11
56015,108,111,-3,3
56016,42,41,1,1
56017,112,106,6,6
56018,126,104,22,22
56019,88,85,3,3
56020,121,95,26,26
56021,83,68,15,15
56022,95,90,5,5
56023,98,83,15,15
56024,104,96,8,8
56025,66,60,6,6
56026,129,117,12,12
56027,85,70,15,15
56028,101,93,8,8
56029,68,73,-5,5
56030,86,79,7,7
56031,79,67,12,12
56032,91,83,8,8
56033,113,109,4,4
56034,149,130,19,19
56035,76,71,5,5
56036,107,95,12,12
56037,110,99,11,11
56038,75,69,6,6
56039,100,92,8,8
56040,110,104,6,6
56041,115,104,11,11
56042,128,116,12,12
56043,177,147,30,30
56044,105,93,12,12
56045,79,134,-55,55
56046,126,114,12,12
56047,135,139,-4,4
56048,66,60,6,6
56049,148,130,18,18
56050,128,112,16,16
56051,106,81,25,25
56052,99,78,21,21
56053,73,65,8,8
56054,64,62,2,2
56055,98,111,-13,13
56056,111,94,17,17
56057,124,116,8,8
56058,117,101,16,16
56059,94,84,10,10
56060,86,72,14,14
56061,80,65,15,15
56062,105,101,4,4
56063,77,74,3,3
56064,101,88,13,13
56065,118,100,18,18
56066,130,98,32,32
56067,97,87,10,10
56068,77,69,8,8
56069,76,71,5,5
56070,122,116,6,6
56071,116,124,-8,8
56072,67,70,-3,3
56073,109,92,17,17
56074,62,57,5,5
56075,95,76,19,19
56076,130,113,17,17
56077,49,51,-2,2
56078,64,58,6,6
56079,84,77,7,7
56080,147,114,33,33
56081,121,99,22,22
56082,158,143,15,15
56083,105,87,18,18
56084,99,94,5,5
56085,108,103,5,5
56086,159,145,14,14
56087,87,76,11,11
56088,128,127,1,1
56089,58,61,-3,3
56090,110,100,10,10
56091,187,161,26,26
56092,87,80,7,7
56093,143,134,9,9
56094,84,68,16,16
56095,132,123,9,9
56096,74,65,9,9
56097,109,97,12,12
56098,86,96,-10,10
56099,111,96,15,15
56100,49,44,5,5
56101,73,64,9,9
56102,125,126,-1,1
56103,75,63,12,12
56104,78,68,10,10
56105,99,86,13,13
56106,103,102,1,1
56107,106,90,16,16
56108,57,52,5,5
56109,139,121,18,18
56110,90,72,18,18
56111,67,56,11,11
56112,60,55,5,5
56113,46,39,7,7
56114,56,51,5,5
56115,135,116,19,19
56116,52,48,4,4
56117,102,86,16,16
56118,79,69,10,10
56119,75,68,7,7
56120,118,107,11,11
56121,107,102,5,5
56122,24,22,2,2
56123,102,87,15,15
56124,78,74,4,4
56125,94,76,18,18
56126,109,82,27,27
56127,139,125,14,14
56128,105,99,6,6
56129,155,135,20,20
56130,53,45,8,8
56131,82,83,-1,1
56132,159,152,7,7
56133,105,88,17,17
56134,102,92,10,10
56135,78,70,8,8
56136,67,54,13,13
56137,149,136,13,13
56138,84,77,7,7
56139,87,84,3,3
56140,132,130,2,2
56141,83,71,12,12
56142,75,69,6,6
56143,99,88,11,11
56144,77,76,1,1
56145,97,82,15,15
56146,132,100,32,32
56147,105,102,3,3
56148,105,82,23,23
56149,59,50,9,9
56150,69,60,9,9
56151,120,103,17,17
56152,59,57,2,2
56153,105,83,22,22
56154,81,71,10,10
56155,156,145,11,11
56156,62,62,0,0
56157,63,57,6,6
56158,156,128,28,28
56159,48,131,-83,83
56160,81,75,6,6
56161,78,75,3,3
56162,72,59,13,13
56163,110,97,13,13
56164,76,71,5,5
56165,82,75,7,7
56166,76,70,6,6
56167,106,95,11,11
56168,109,107,2,2
56169,96,83,13,13
56170,129,119,10,10
56171,71,65,6,6
56172,124,125,-1,1
56173,107,95,12,12
56174,97,84,13,13
56175,113,93,20,20
56176,152,128,24,24
56177,91,95,-4,4
56178,78,70,8,8
56179,158,138,20,20
56180,117,104,13,13
56181,97,89,8,8
56182,83,71,12,12
56183,132,112,20,20
56184,79,69,10,10
56185,101,98,3,3
56186,135,115,20,20
56187,96,63,33,33
56188,82,63,19,19
56189,70,63,7,7
56190,110,95,15,15
56191,141,117,24,24
56192,61,55,6,6
56193,97,84,13,13
56194,119,82,37,37
56195,67,61,6,6
56196,92,96,-4,4
56197,84,63,21,21
56198,65,59,6,6
56199,84,81,3,3
56200,124,105,19,19
56201,135,122,13,13
56202,146,120,26,26
56203,109,104,5,5
56204,145,136,9,9
56205,89,73,16,16
56206,136,121,15,15
56207,85,75,10,10
56208,55,56,-1,1
56209,92,89,3,3
56210,61,55,6,6
56211,132,111,21,21
56212,65,60,5,5
56213,112,105,7,7
56214,107,89,18,18
56215,48,45,3,3
56216,55,54,1,1
56217,109,99,10,10
56218,136,117,19,19
56219,94,83,11,11
56220,45,40,5,5
56221,139,116,23,23
56222,72,73,-1,1
56223,156,128,28,28
56224,58,55,3,3
56225,96,76,20,20
56226,83,72,11,11
56227,94,81,13,13
56228,29,29,0,0
56229,124,107,17,17
56230,71,71,0,0
56231,146,123,23,23
56232,97,77,20,20
56233,104,98,6,6
56234,32,34,-2,2
56235,140,122,18,18
56236,57,50,7,7
56237,112,100,12,12
56238,70,68,2,2
56239,92,79,13,13
56240,57,56,1,1
56241,107,104,3,3
56242,76,66,10,10
56243,81,70,11,11
56244,115,110,5,5
56245,22,63,-41,41
56246,96,88,8,8
56247,84,85,-1,1
56248,103,91,12,12
56249,126,99,27,27
56250,76,68,8,8
56251,159,135,24,24
56252,74,56,18,18
56253,87,70,17,17
56254,46,53,-7,7
56255,33,40,-7,7
56256,76,55,21,21
56257,98,87,11,11
56258,73,62,11,11
56259,105,86,19,19
56260,51,51,0,0
56261,94,77,17,17
56262,54,48,6,6
56263,86,85,1,1
56264,60,57,3,3
56265,144,127,17,17
56266,74,54,20,20
56267,90,83,7,7
56268,100,95,5,5
56269,107,107,0,0
56270,129,102,27,27
56271,133,116,17,17
56272,70,62,8,8
56273,101,83,18,18
56274,60,59,1,1
56275,200,163,37,37
56276,64,62,2,2
56277,143,125,18,18
56278,90,78,12,12
56279,72,61,11,11
56280,85,81,4,4
56281,136,126,10,10
56282,94,92,2,2
56283,135,109,26,26
56284,102,90,12,12
56285,71,74,-3,3
56286,74,71,3,3
56287,122,120,2,2
56288,86,78,8,8
56289,40,35,5,5
56290,109,105,4,4
56291,113,102,11,11
56292,110,97,13,13
56293,68,58,10,10
56294,130,119,11,11
56295,89,82,7,7
56296,106,97,9,9
56297,98,90,8,8
56298,71,53,18,18
56299,128,115,13,13
56300,158,128,30,30
56301,82,71,11,11
56302,42,37,5,5
56303,67,57,10,10
56304,107,103,4,4
56305,77,67,10,10
56306,113,108,5,5
56307,73,65,8,8
56308,189,172,17,17
56309,101,91,10,10
56310,117,117,0,0
56311,113,103,10,10
56312,81,67,14,14
56313,113,97,16,16
56314,108,92,16,16
56315,133,127,6,6
56316,117,107,10,10
56317,119,106,13,13
56318,72,60,12,12
56319,72,74,-2,2
56320,105,100,5,5
56321,70,60,10,10
56322,66,55,11,11
56323,152,129,23,23
56324,89,75,14,14
56325,20,24,-4,4
56326,72,66,6,6
56327,89,75,14,14
56328,83,79,4,4
56329,121,122,-1,1
56330,119,101,18,18
56331,101,91,10,10
56332,84,78,6,6
56333,78,75,3,3
56334,166,144,22,22
56335,117,106,11,11
56336,141,127,14,14
56337,123,109,14,14
56338,162,144,18,18
56339,50,49,1,1
56340,60,52,8,8
56341,86,82,4,4
56342,70,64,6,6
56343,129,120,9,9
56344,65,58,7,7
56345,75,73,2,2
56346,91,66,25,25
56347,55,53,2,2
56348,82,77,5,5
56349,102,92,10,10
56350,74,65,9,9
56351,84,75,9,9
56352,128,110,18,18
56353,91,81,10,10
56354,120,106,14,14
56355,85,79,6,6
56356,108,106,2,2
56357,72,61,11,11
56358,90,72,18,18
56359,85,79,6,6
56360,112,102,10,10
56361,148,141,7,7
56362,105,99,6,6
56363,44,42,2,2
56364,42,44,-2,2
56365,103,84,19,19
56366,93,72,21,21
56367,63,52,11,11
56368,169,168,1,1
56369,65,56,9,9
56370,74,65,9,9
56371,99,85,14,14
56372,129,121,8,8
56373,93,83,10,10
56374,139,123,16,16
56375,64,97,-33,33
56376,93,79,14,14
56377,53,62,-9,9
56378,110,97,13,13
56379,97,85,12,12
56380,170,151,19,19
56381,56,58,-2,2
56382,172,167,5,5
56383,71,61,10,10
56384,161,137,24,24
56385,130,127,3,3
56386,101,87,14,14
56387,107,98,9,9
56388,101,91,10,10
56389,64,65,-1,1
56390,75,63,12,12
56391,128,119,9,9
56392,80,72,8,8
56393,129,117,12,12
56394,54,54,0,0
56395,71,70,1,1
56396,55,45,10,10
56397,91,85,6,6
56398,119,98,21,21
56399,94,83,11,11
56400,158,139,19,19
56401,60,59,1,1
56402,158,148,10,10
56403,56,49,7,7
56404,121,111,10,10
56405,79,60,19,19
56406,120,104,16,16
56407,64,63,1,1
56408,62,72,-10,10
56409,80,72,8,8
56410,135,116,19,19
56411,102,108,-6,6
56412,115,96,19,19
56413,142,134,8,8
56414,115,120,-5,5
56415,119,113,6,6
56416,138,125,13,13
56417,97,78,19,19
56418,80,67,13,13
56419,97,92,5,5
56420,111,101,10,10
56421,91,85,6,6
56422,95,92,3,3
56423,91,86,5,5
56424,101,83,18,18
56425,130,116,14,14
56426,89,81,8,8
56427,86,85,1,1
56428,178,150,28,28
56429,168,149,19,19
56430,63,49,14,14
56431,69,54,15,15
56432,186,158,28,28
56433,143,125,18,18
56434,76,56,20,20
56435,87,82,5,5
56436,46,46,0,0
56437,81,75,6,6
56438,43,43,0,0
56439,125,116,9,9
56440,190,167,23,23
56441,112,91,21,21
56442,161,147,14,14
56443,119,101,18,18
56444,98,88,10,10
56445,122,105,17,17
56446,94,82,12,12
56447,68,61,7,7
56448,103,82,21,21
56449,126,94,32,32
56450,75,61,14,14
56451,123,104,19,19
56452,81,69,12,12
56453,144,139,5,5
56454,53,44,9,9
56455,164,136,28,28
56456,60,58,2,2
56457,117,105,12,12
56458,121,113,8,8
56459,90,87,3,3
56460,86,74,12,12
56461,63,62,1,1
56462,147,126,21,21
56463,103,90,13,13
56464,68,64,4,4
56465,91,78,13,13
56466,81,63,18,18
56467,71,65,6,6
56468,63,54,9,9
56469,123,115,8,8
56470,105,92,13,13
56471,81,75,6,6
56472,112,105,7,7
56473,78,68,10,10
56474,85,74,11,11
56475,118,109,9,9
56476,65,57,8,8
56477,127,122,5,5
56478,83,72,11,11
56479,91,79,12,12
56480,62,56,6,6
56481,75,73,2,2
56482,88,86,2,2
56483,163,144,19,19
56484,48,55,-7,7
56485,93,94,-1,1
56486,85,77,8,8
56487,142,131,11,11
56488,93,92,1,1
56489,73,63,10,10
56490,65,59,6,6
56491,83,73,10,10
56492,77,67,10,10
56493,113,101,12,12
56494,121,106,15,15
56495,71,66,5,5
56496,64,55,9,9
56497,70,72,-2,2
56498,155,123,32,32
56499,59,54,5,5
56500,80,71,9,9
56501,80,74,6,6
56502,59,53,6,6
56503,83,66,17,17
56504,68,60,8,8
56505,77,79,-2,2
56506,121,99,22,22
56507,63,64,-1,1
56508,82,74,8,8
56509,145,129,16,16
56510,63,61,2,2
56511,124,117,7,7
56512,83,82,1,1
56513,175,160,15,15
56514,185,176,9,9
56515,65,59,6,6
56516,61,52,9,9
56517,76,65,11,11
56518,75,72,3,3
56519,74,82,-8,8
56520,136,110,26,26
56521,47,43,4,4
56522,66,50,16,16
56523,131,114,17,17
56524,123,103,20,20
56525,118,107,11,11
56526,58,51,7,7
56527,89,74,15,15
56528,156,135,21,21
56529,55,54,1,1
56530,115,93,22,22
56531,111,102,9,9
56532,116,119,-3,3
56533,62,64,-2,2
56534,108,88,20,20
56535,120,118,2,2
56536,112,105,7,7
56537,56,56,0,0
56538,142,131,11,11
56539,91,70,21,21
56540,86,79,7,7
56541,121,110,11,11
56542,80,67,13,13
56543,103,93,10,10
56544,76,76,0,0
56545,100,111,-11,11
56546,94,83,11,11
56547,117,114,3,3
56548,84,71,13,13
56549,87,80,7,7
56550,127,107,20,20
56551,90,84,6,6
56552,96,80,16,16
56553,56,51,5,5
56554,74,63,11,11
56555,98,84,14,14
56556,107,103,4,4
56557,125,96,29,29
56558,66,57,9,9
56559,91,87,4,4
56560,154,150,4,4
56561,151,114,37,37
56562,77,67,10,10
56563,60,53,7,7
56564,72,69,3,3
56565,132,104,28,28
56566,74,66,8,8
56567,63,59,4,4
56568,129,116,13,13
56569,169,153,16,16
56570,88,90,-2,2
56571,129,113,16,16
56572,140,119,21,21
56573,80,81,-1,1
56574,94,87,7,7
56575,49,50,-1,1
56576,145,130,15,15
56577,97,91,6,6
56578,94,86,8,8
56579,83,72,11,11
56580,135,122,13,13
56581,103,92,11,11
56582,40,41,-1,1
56583,119,124,-5,5
56584,60,56,4,4
56585,44,41,3,3
56586,104,97,7,7
56587,49,47,2,2
56588,70,69,1,1
56589,59,53,6,6
56590,114,115,-1,1
56591,65,51,14,14
56592,60,55,5,5
56593,121,118,3,3
56594,115,98,17,17
56595,75,68,7,7
56596,74,64,10,10
56597,103,89,14,14
56598,59,54,5,5
56599,125,118,7,7
56600,94,84,10,10
56601,73,61,12,12
56602,54,53,1,1
56603,58,51,7,7
56604,174,157,17,17
56605,46,41,5,5
56606,79,73,6,6
56607,108,87,21,21
56608,50,56,-6,6
56609,120,97,23,23
56610,159,137,22,22
56611,171,164,7,7
56612,81,79,2,2
56613,85,77,8,8
56614,118,125,-7,7
56615,73,66,7,7
56616,114,99,15,15
56617,77,61,16,16
56618,150,122,28,28
56619,72,69,3,3
56620,64,74,-10,10
56621,85,86,-1,1
56622,112,104,8,8
56623,57,51,6,6
56624,101,88,13,13
56625,83,76,7,7
56626,74,61,13,13
56627,142,121,21,21
56628,111,90,21,21
56629,135,110,25,25
56630,64,58,6,6
56631,75,62,13,13
56632,188,176,12,12
56633,63,66,-3,3
56634,124,106,18,18
56635,42,46,-4,4
56636,136,111,25,25
56637,50,50,0,0
56638,87,78,9,9
56639,140,120,20,20
56640,94,84,10,10
56641,94,83,11,11
56642,61,67,-6,6
56643,86,77,9,9
56644,126,103,23,23
56645,63,59,4,4
56646,82,73,9,9
56647,140,141,-1,1
56648,134,113,21,21
56649,79,71,8,8
56650,126,127,-1,1
56651,101,95,6,6
56652,103,91,12,12
56653,70,61,9,9
56654,85,67,18,18
56655,84,79,5,5
56656,58,56,2,2
56657,139,115,24,24
56658,67,74,-7,7
56659,101,94,7,7
56660,83,78,5,5
56661,66,54,12,12
56662,59,51,8,8
56663,77,71,6,6
56664,53,53,0,0
56665,130,114,16,16
56666,59,61,-2,2
56667,94,75,19,19
56668,120,105,15,15
56669,108,90,18,18
56670,95,77,18,18
56671,67,57,10,10
56672,103,94,9,9
56673,68,55,13,13
56674,82,67,15,15
56675,111,104,7,7
56676,78,70,8,8
56677,59,55,4,4
56678,72,73,-1,1
56679,101,83,18,18
56680,77,76,1,1
56681,65,57,8,8
56682,64,65,-1,1
56683,57,56,1,1
56684,95,90,5,5
56685,68,62,6,6
56686,137,110,27,27
56687,65,59,6,6
56688,82,70,12,12
56689,73,70,3,3
56690,96,96,0,0
56691,110,89,21,21
56692,139,124,15,15
56693,87,66,21,21
56694,113,93,20,20
56695,40,33,7,7
56696,81,77,4,4
56697,51,49,2,2
56698,173,148,25,25
56699,72,79,-7,7
56700,107,96,11,11
56701,112,107,5,5
56702,125,106,19,19
56703,56,50,6,6
56704,141,121,20,20
56705,150,128,22,22
56706,136,126,10,10
56707,127,109,18,18
56708,132,124,8,8
56709,96,78,18,18
56710,35,44,-9,9
56711,86,75,11,11
56712,108,94,14,14
56713,149,127,22,22
56714,103,93,10,10
56715,144,146,-2,2
56716,135,112,23,23
56717,112,93,19,19
56718,86,90,-4,4
56719,54,43,11,11
56720,78,66,12,12
56721,72,64,8,8
56722,87,83,4,4
56723,79,88,-9,9
56724,109,113,-4,4
56725,120,97,23,23
56726,173,142,31,31
56727,57,55,2,2
56728,40,40,0,0
56729,82,78,4,4
56730,70,69,1,1
56731,86,86,0,0
56732,98,90,8,8
56733,134,131,3,3
56734,45,38,7,7
56735,129,113,16,16
56736,68,67,1,1
56737,91,77,14,14
56738,113,97,16,16
56739,52,53,-1,1
56740,94,81,13,13
56741,94,91,3,3
56742,113,99,14,14
56743,128,103,25,25
56744,99,96,3,3
56745,105,88,17,17
56746,86,95,-9,9
56747,148,132,16,16
56748,138,112,26,26
56749,99,72,27,27
56750,94,87,7,7
56751,73,68,5,5
56752,153,127,26,26
56753,95,88,7,7
56754,118,116,2,2
56755,129,113,16,16
56756,50,54,-4,4
56757,123,107,16,16
56758,142,126,16,16
56759,123,110,13,13
56760,148,131,17,17
56761,107,97,10,10
56762,98,94,4,4
56763,112,105,7,7
56764,137,120,17,17
56765,106,97,9,9
56766,97,81,16,16
56767,96,89,7,7
56768,245,175,70,70
56769,115,96,19,19
56770,81,68,13,13
56771,130,100,30,30
56772,86,70,16,16
56773,128,113,15,15
56774,73,62,11,11
56775,110,93,17,17
56776,130,112,18,18
56777,97,88,9,9
56778,80,77,3,3
56779,91,82,9,9
56780,88,75,13,13
56781,105,91,14,14
56782,75,55,20,20
56783,93,93,0,0
56784,115,101,14,14
56785,133,115,18,18
56786,142,115,27,27
56787,62,65,-3,3
56788,78,73,5,5
56789,91,75,16,16
56790,102,87,15,15
56791,109,98,11,11
56792,102,86,16,16
56793,90,76,14,14
56794,135,108,27,27
56795,31,43,-12,12
56796,143,127,16,16
56797,123,110,13,13
56798,102,87,15,15
56799,59,48,11,11
56800,83,78,5,5
56801,99,83,16,16
56802,50,53,-3,3
56803,168,134,34,34
56804,80,75,5,5
56805,104,106,-2,2
56806,117,101,16,16
56807,113,110,3,3
56808,73,88,-15,15
56809,72,69,3,3
56810,144,116,28,28
56811,131,122,9,9
56812,107,113,-6,6
56813,85,78,7,7
56814,58,60,-2,2
56815,67,57,10,10
56816,62,56,6,6
56817,63,51,12,12
56818,148,140,8,8
56819,139,117,22,22
56820,82,75,7,7
56821,133,120,13,13
56822,70,67,3,3
56823,99,93,6,6
56824,115,103,12,12
56825,121,111,10,10
56826,107,102,5,5
56827,113,90,23,23
56828,61,58,3,3
56829,80,67,13,13
56830,78,68,10,10
56831,68,58,10,10
56832,122,118,4,4
56833,109,86,23,23
56834,71,63,8,8
56835,60,58,2,2
56836,125,112,13,13
56837,68,47,21,21
56838,114,101,13,13
56839,93,71,22,22
56840,75,70,5,5
56841,99,93,6,6
56842,133,119,14,14
56843,78,75,3,3
56844,45,42,3,3
56845,87,65,22,22
56846,72,70,2,2
56847,129,113,16,16
56848,93,80,13,13
56849,95,89,6,6
56850,119,112,7,7
56851,96,74,22,22
56852,45,40,5,5
56853,151,132,19,19
56854,75,65,10,10
56855,84,75,9,9
56856,75,64,11,11
56857,97,127,-30,30
56858,79,73,6,6
56859,132,115,17,17
56860,108,89,19,19
56861,115,100,15,15
56862,89,88,1,1
56863,84,75,9,9
56864,132,119,13,13
56865,94,81,13,13
56866,182,168,14,14
56867,170,145,25,25
56868,93,84,9,9
56869,70,70,0,0
56870,38,40,-2,2
56871,102,100,2,2
56872,139,120,19,19
56873,97,94,3,3
56874,87,78,9,9
56875,86,70,16,16
56876,76,81,-5,5
56877,91,89,2,2
56878,81,67,14,14
56879,86,76,10,10
56880,90,79,11,11
56881,73,69,4,4
56882,122,109,13,13
56883,81,71,10,10
56884,182,158,24,24
56885,73,68,5,5
56886,108,97,11,11
56887,70,57,13,13
56888,170,147,23,23
56889,98,83,15,15
56890,83,76,7,7
56891,89,85,4,4
56892,79,73,6,6
56893,77,73,4,4
56894,82,81,1,1
56895,79,73,6,6
56896,165,141,24,24
56897,57,57,0,0
56898,94,91,3,3
56899,101,79,22,22
56900,170,165,5,5
56901,68,68,0,0
56902,121,104,17,17
56903,137,114,23,23
56904,72,59,13,13
56905,109,98,11,11
56906,81,68,13,13
56907,71,68,3,3
56908,135,124,11,11
56909,105,90,15,15
56910,101,86,15,15
56911,71,73,-2,2
56912,93,84,9,9
56913,75,68,7,7
56914,68,124,-56,56
56915,107,94,13,13
56916,76,68,8,8
56917,127,109,18,18
56918,117,113,4,4
56919,123,99,24,24
56920,158,149,9,9
56921,96,89,7,7
56922,44,38,6,6
56923,100,90,10,10
56924,69,66,3,3
56925,77,75,2,2
56926,66,65,1,1
56927,71,56,15,15
56928,117,103,14,14
56929,103,98,5,5
56930,99,86,13,13
56931,131,121,10,10
56932,50,40,10,10
56933,39,35,4,4
56934,74,63,11,11
56935,51,45,6,6
56936,91,86,5,5
56937,104,101,3,3
56938,76,66,10,10
56939,126,114,12,12
56940,79,72,7,7
56941,88,84,4,4
56942,103,94,9,9
56943,156,135,21,21
56944,153,139,14,14
56945,82,73,9,9
56946,69,70,-1,1
56947,85,73,12,12
56948,90,90,0,0
56949,118,99,19,19
56950,113,102,11,11
56951,63,62,1,1
56952,39,41,-2,2
56953,125,107,18,18
56954,111,121,-10,10
56955,85,73,12,12
56956,69,64,5,5
56957,164,144,20,20
56958,115,104,11,11
56959,100,107,-7,7
56960,97,88,9,9
56961,76,80,-4,4
56962,109,110,-1,1
56963,122,107,15,15
56964,75,72,3,3
56965,94,89,5,5
56966,73,61,12,12
56967,138,121,17,17
56968,109,85,24,24
56969,84,83,1,1
56970,65,58,7,7
56971,97,85,12,12
56972,150,131,19,19
56973,158,147,11,11
56974,74,67,7,7
56975,64,66,-2,2
56976,102,93,9,9
56977,83,86,-3,3
56978,181,145,36,36
56979,149,119,30,30
56980,67,58,9,9
56981,108,103,5,5
56982,126,113,13,13
56983,129,114,15,15
56984,123,107,16,16
56985,88,73,15,15
56986,79,80,-1,1
56987,122,97,25,25
56988,88,72,16,16
56989,129,122,7,7
56990,82,71,11,11
56991,72,68,4,4
56992,116,96,20,20
56993,93,86,7,7
56994,82,72,10,10
56995,153,141,12,12
56996,169,142,27,27
56997,79,82,-3,3
56998,92,81,11,11
56999,123,107,16,16
57000,75,82,-7,7
57001,162,157,5,5
57002,79,69,10,10
57003,90,83,7,7
57004,74,75,-1,1
57005,130,113,17,17
57006,128,110,18,18
57007,75,78,-3,3
57008,86,76,10,10
57009,111,102,9,9
57010,100,87,13,13
57011,57,55,2,2
57012,126,113,13,13
57013,61,56,5,5
57014,79,72,7,7
57015,80,63,17,17
57016,49,47,2,2
57017,83,73,10,10
57018,65,61,4,4
57019,76,70,6,6
57020,99,90,9,9
57021,152,128,24,24
57022,74,69,5,5
57023,90,86,4,4
57024,116,113,3,3
57025,150,144,6,6
57026,98,100,-2,2
57027,136,116,20,20
57028,109,101,8,8
57029,131,134,-3,3
57030,44,47,-3,3
57031,52,49,3,3
57032,73,65,8,8
57033,160,118,42,42
57034,104,95,9,9
57035,71,61,10,10
57036,52,52,0,0
57037,69,56,13,13
57038,120,104,16,16
57039,51,38,13,13
57040,65,63,2,2
57041,93,80,13,13
57042,62,72,-10,10
57043,108,95,13,13
57044,86,84,2,2
57045,65,65,0,0
57046,151,138,13,13
57047,82,78,4,4
57048,54,47,7,7
57049,57,53,4,4
57050,87,81,6,6
57051,75,69,6,6
57052,76,68,8,8
57053,144,139,5,5
57054,82,76,6,6
57055,70,62,8,8
57056,65,60,5,5
57057,130,121,9,9
57058,179,173,6,6
57059,143,136,7,7
57060,128,111,17,17
57061,59,53,6,6
57062,141,120,21,21
57063,91,78,13,13
57064,117,98,19,19
57065,103,90,13,13
57066,102,97,5,5
57067,150,115,35,35
57068,91,77,14,14
57069,82,78,4,4
57070,72,61,11,11
57071,146,123,23,23
57072,51,49,2,2
57073,119,111,8,8
57074,94,88,6,6
57075,113,93,20,20
57076,115,98,17,17
57077,50,54,-4,4
57078,72,81,-9,9
57079,127,110,17,17
57080,67,74,-7,7
57081,76,71,5,5
57082,96,97,-1,1
57083,137,138,-1,1
57084,189,171,18,18
57085,83,78,5,5
57086,90,85,5,5
57087,85,72,13,13
57088,99,90,9,9
57089,88,78,10,10
57090,163,147,16,16
57091,78,71,7,7
57092,63,51,12,12
57093,87,80,7,7
57094,81,76,5,5
57095,117,119,-2,2
57096,86,69,17,17
57097,97,85,12,12
57098,120,106,14,14
57099,61,50,11,11
57100,109,104,5,5
57101,82,77,5,5
57102,98,79,19,19
57103,100,82,18,18
57104,114,99,15,15
57105,61,57,4,4
57106,88,83,5,5
57107,75,75,0,0
57108,96,91,5,5
57109,125,117,8,8
57110,216,183,33,33
57111,91,82,9,9
57112,149,160,-11,11
57113,104,85,19,19
57114,69,62,7,7
57115,65,63,2,2
57116,116,92,24,24
57117,66,58,8,8
57118,53,55,-2,2
57119,61,66,-5,5
57120,106,97,9,9
57121,118,99,19,19
57122,145,129,16,16
57123,90,78,12,12
57124,76,65,11,11
57125,48,42,6,6
57126,38,35,3,3
57127,65,60,5,5
57128,98,80,18,18
57129,48,52,-4,4
57130,93,84,9,9
57131,117,112,5,5
57132,66,63,3,3
57133,110,86,24,24
57134,121,107,14,14
57135,95,80,15,15
57136,81,75,6,6
57137,48,52,-4,4
57138,80,74,6,6
57139,136,130,6,6
57140,55,41,14,14
57141,110,90,20,20
57142,104,107,-3,3
57143,89,79,10,10
57144,90,90,0,0
57145,111,101,10,10
57146,85,86,-1,1
57147,113,103,10,10
57148,100,91,9,9
57149,147,123,24,24
57150,86,84,2,2
57151,76,71,5,5
57152,164,129,35,35
57153,130,105,25,25
57154,99,83,16,16
57155,40,38,2,2
57156,175,166,9,9
57157,148,133,15,15
57158,106,98,8,8
57159,152,144,8,8
57160,91,88,3,3
57161,98,85,13,13
57162,51,53,-2,2
57163,88,80,8,8
57164,89,78,11,11
57165,63,53,10,10
57166,84,78,6,6
57167,75,64,11,11
57168,117,102,15,15
57169,111,101,10,10
57170,134,136,-2,2
57171,81,82,-1,1
57172,101,96,5,5
57173,61,57,4,4
57174,116,106,10,10
57175,77,73,4,4
57176,121,95,26,26
57177,101,86,15,15
57178,22,31,-9,9
57179,89,79,10,10
57180,134,121,13,13
57181,132,126,6,6
57182,48,42,6,6
57183,102,89,13,13
57184,90,74,16,16
57185,89,77,12,12
57186,109,103,6,6
57187,164,137,27,27
57188,93,86,7,7
57189,93,89,4,4
57190,63,66,-3,3
57191,99,90,9,9
57192,72,62,10,10
57193,85,77,8,8
57194,76,70,6,6
57195,85,72,13,13
57196,125,78,47,47
57197,63,56,7,7
57198,47,49,-2,2
57199,123,112,11,11
57200,88,87,1,1
57201,75,63,12,12
57202,78,69,9,9
57203,73,63,10,10
57204,113,117,-4,4
57205,88,75,13,13
57206,91,68,23,23
57207,99,91,8,8
57208,92,92,0,0
57209,102,99,3,3
57210,84,79,5,5
57211,153,135,18,18
57212,117,110,7,7
57213,61,48,13,13
57214,81,70,11,11
57215,148,131,17,17
57216,88,70,18,18
57217,109,96,13,13
57218,124,107,17,17
57219,44,46,-2,2
57220,75,63,12,12
57221,107,101,6,6
57222,74,72,2,2
57223,75,59,16,16
57224,97,77,20,20
57225,95,79,16,16
57226,72,63,9,9
57227,71,61,10,10
57228,100,91,9,9
57229,110,87,23,23
57230,67,54,13,13
57231,59,52,7,7
57232,162,142,20,20
57233,97,91,6,6
57234,66,63,3,3
57235,87,78,9,9
57236,142,137,5,5
57237,77,74,3,3
57238,61,49,12,12
57239,61,107,-46,46
57240,131,107,24,24
57241,84,76,8,8
57242,77,76,1,1
57243,60,54,6,6
57244,77,73,4,4
57245,47,49,-2,2
57246,71,72,-1,1
57247,118,111,7,7
57248,105,104,1,1
57249,137,121,16,16
57250,48,57,-9,9
57251,81,74,7,7
57252,105,82,23,23
57253,107,94,13,13
57254,149,131,18,18
57255,88,75,13,13
57256,104,85,19,19
57257,130,103,27,27
57258,118,112,6,6
57259,50,62,-12,12
57260,113,97,16,16
57261,48,46,2,2
57262,105,97,8,8
57263,63,61,2,2
57264,63,62,1,1
57265,65,65,0,0
57266,105,97,8,8
57267,38,37,1,1
57268,57,44,13,13
57269,94,85,9,9
57270,87,73,14,14
57271,68,63,5,5
57272,66,65,1,1
57273,87,82,5,5
57274,121,104,17,17
57275,104,91,13,13
57276,124,120,4,4
57277,158,132,26,26
57278,30,32,-2,2
57279,101,114,-13,13
57280,86,68,18,18
57281,93,78,15,15
57282,123,126,-3,3
57283,102,80,22,22
57284,142,146,-4,4
57285,61,70,-9,9
57286,75,76,-1,1
57287,125,120,5,5
57288,95,84,11,11
57289,171,150,21,21
57290,96,123,-27,27
57291,123,112,11,11
57292,106,104,2,2
57293,62,52,10,10
57294,87,76,11,11
57295,57,52,5,5
57296,56,43,13,13
57297,124,110,14,14
57298,81,75,6,6
57299,109,88,21,21
57300,165,150,15,15
57301,171,142,29,29
57302,104,91,13,13
57303,59,60,-1,1
57304,40,43,-3,3
57305,74,79,-5,5
57306,127,112,15,15
57307,73,74,-1,1
57308,130,110,20,20
57309,47,57,-10,10
57310,59,61,-2,2
57311,156,130,26,26
57312,101,83,18,18
57313,89,63,26,26
57314,95,84,11,11
57315,60,62,-2,2
57316,91,83,8,8
57317,74,68,6,6
57318,160,139,21,21
57319,114,99,15,15
57320,148,131,17,17
57321,80,67,13,13
57322,24,28,-4,4
57323,52,49,3,3
57324,259,212,47,47
57325,44,40,4,4
57326,149,131,18,18
57327,57,58,-1,1
57328,126,120,6,6
57329,142,118,24,24
57330,111,103,8,8
57331,167,146,21,21
57332,76,69,7,7
57333,69,53,16,16
57334,110,108,2,2
57335,92,88,4,4
57336,99,79,20,20
57337,95,88,7,7
57338,114,94,20,20
57339,91,85,6,6
57340,104,90,14,14
57341,84,77,7,7
57342,164,136,28,28
57343,44,50,-6,6
57344,75,64,11,11
57345,95,86,9,9
57346,27,35,-8,8
57347,81,74,7,7
57348,72,64,8,8
57349,100,84,16,16
57350,131,105,26,26
57351,61,64,-3,3
57352,89,78,11,11
57353,65,61,4,4
57354,53,57,-4,4
57355,103,102,1,1
57356,129,117,12,12
57357,114,95,19,19
57358,102,93,9,9
57359,87,86,1,1
57360,77,66,11,11
57361,72,72,0,0
57362,71,66,5,5
57363,67,52,15,15
57364,116,108,8,8
57365,102,87,15,15
57366,83,67,16,16
57367,55,49,6,6
57368,71,76,-5,5
57369,84,68,16,16
57370,98,88,10,10
57371,101,86,15,15
57372,82,65,17,17
57373,117,107,10,10
57374,126,117,9,9
57375,66,66,0,0
57376,81,79,2,2
57377,189,178,11,11
57378,90,80,10,10
57379,86,73,13,13
57380,107,90,17,17
57381,117,125,-8,8
57382,54,51,3,3
57383,81,81,0,0
57384,85,70,15,15
57385,88,84,4,4
57386,57,55,2,2
57387,103,94,9,9
57388,103,88,15,15
57389,95,86,9,9
57390,107,93,14,14
57391,91,80,11,11
57392,111,117,-6,6
57393,200,168,32,32
57394,83,78,5,5
57395,86,74,12,12
57396,80,75,5,5
57397,109,100,9,9
57398,69,63,6,6
57399,78,65,13,13
57400,70,68,2,2
57401,77,70,7,7
57402,69,57,12,12
57403,96,78,18,18
57404,121,132,-11,11
57405,90,89,1,1
57406,152,131,21,21
57407,91,78,13,13
57408,89,79,10,10
57409,104,88,16,16
57410,88,59,29,29
57411,113,99,14,14
57412,81,82,-1,1
57413,92,77,15,15
57414,112,88,24,24
57415,113,106,7,7
57416,119,96,23,23
57417,68,65,3,3
57418,183,149,34,34
57419,154,131,23,23
57420,115,106,9,9
57421,173,168,5,5
57422,108,91,17,17
57423,124,121,3,3
57424,71,62,9,9
57425,84,69,15,15
57426,80,73,7,7
57427,90,91,-1,1
57428,74,60,14,14
57429,89,69,20,20
57430,81,81,0,0
57431,100,82,18,18
57432,136,122,14,14
57433,55,49,6,6
57434,105,93,12,12
57435,77,69,8,8
57436,192,172,20,20
57437,99,82,17,17
57438,90,78,12,12
57439,134,115,19,19
57440,113,98,15,15
57441,90,76,14,14
57442,150,127,23,23
57443,52,50,2,2
57444,102,89,13,13
57445,55,47,8,8
57446,110,99,11,11
57447,57,53,4,4
57448,57,58,-1,1
57449,97,88,9,9
57450,117,110,7,7
57451,83,80,3,3
57452,121,103,18,18
57453,58,54,4,4
57454,101,90,11,11
57455,63,61,2,2
57456,105,95,10,10
57457,94,77,17,17
57458,138,122,16,16
57459,62,54,8,8
57460,113,102,11,11
57461,50,48,2,2
57462,90,84,6,6
57463,135,127,8,8
57464,68,55,13,13
57465,94,80,14,14
57466,63,54,9,9
57467,179,147,32,32
57468,78,69,9,9
57469,197,162,35,35
57470,124,114,10,10
57471,115,119,-4,4
57472,105,91,14,14
57473,135,122,13,13
57474,59,58,1,1
57475,75,76,-1,1
57476,131,111,20,20
57477,125,115,10,10
57478,82,80,2,2
57479,193,172,21,21
57480,23,28,-5,5
57481,67,60,7,7
57482,204,173,31,31
57483,78,73,5,5
57484,95,91,4,4
57485,143,126,17,17
57486,69,62,7,7
57487,78,65,13,13
57488,185,168,17,17
57489,60,55,5,5
57490,93,74,19,19
57491,49,46,3,3
57492,151,123,28,28
57493,93,79,14,14
57494,109,92,17,17
57495,58,49,9,9
57496,132,106,26,26
57497,85,69,16,16
57498,118,87,31,31
57499,69,63,6,6
57500,76,70,6,6
57501,68,69,-1,1
57502,68,61,7,7
57503,103,103,0,0
57504,116,106,10,10
57505,189,155,34,34
57506,64,61,3,3
57507,54,47,7,7
57508,99,93,6,6
57509,140,116,24,24
57510,52,48,4,4
57511,144,131,13,13
57512,96,81,15,15
57513,60,70,-10,10
57514,131,120,11,11
57515,101,101,0,0
57516,21,49,-28,28
57517,77,69,8,8
57518,94,85,9,9
57519,64,57,7,7
57520,77,63,14,14
57521,89,83,6,6
57522,68,60,8,8
57523,100,68,32,32
57524,94,87,7,7
57525,99,85,14,14
57526,104,97,7,7
57527,76,68,8,8
57528,41,41,0,0
57529,89,73,16,16
57530,159,124,35,35
57531,145,117,28,28
57532,89,75,14,14
57533,117,111,6,6
57534,56,61,-5,5
57535,112,97,15,15
57536,59,50,9,9
57537,54,47,7,7
57538,83,69,14,14
57539,70,68,2,2
57540,64,56,8,8
57541,134,121,13,13
57542,107,105,2,2
57543,81,75,6,6
57544,117,112,5,5
57545,123,117,6,6
57546,114,93,21,21
57547,173,148,25,25
57548,79,64,15,15
57549,117,96,21,21
57550,32,31,1,1
57551,87,78,9,9
57552,189,169,20,20
57553,70,72,-2,2
57554,155,124,31,31
57555,81,75,6,6
57556,168,149,19,19
57557,114,101,13,13
57558,153,146,7,7
57559,124,102,22,22
57560,51,44,7,7
57561,105,101,4,4
57562,101,105,-4,4
57563,86,80,6,6
57564,129,113,16,16
57565,122,103,19,19
57566,149,129,20,20
57567,85,74,11,11
57568,73,64,9,9
57569,66,64,2,2
57570,180,150,30,30
57571,33,38,-5,5
57572,70,66,4,4
57573,101,108,-7,7
57574,89,85,4,4
57575,120,107,13,13
57576,121,103,18,18
57577,91,81,10,10
57578,90,80,10,10
57579,121,109,12,12
57580,154,146,8,8
57581,110,96,14,14
57582,65,56,9,9
57583,107,114,-7,7
57584,141,121,20,20
57585,61,60,1,1
57586,119,111,8,8
57587,135,121,14,14
57588,185,151,34,34
57589,46,43,3,3
57590,89,74,15,15
57591,134,118,16,16
57592,102,89,13,13
57593,138,126,12,12
57594,104,87,17,17
57595,176,154,22,22
57596,112,100,12,12
57597,135,125,10,10
57598,119,108,11,11
57599,82,66,16,16
57600,99,93,6,6
57601,119,101,18,18
57602,98,98,0,0
57603,96,94,2,2
57604,90,89,1,1
57605,81,64,17,17
57606,65,59,6,6
57607,120,104,16,16
57608,90,77,13,13
57609,80,76,4,4
57610,81,79,2,2
57611,78,94,-16,16
57612,82,67,15,15
57613,155,125,30,30
57614,77,65,12,12
57615,116,109,7,7
57616,78,69,9,9
57617,69,59,10,10
57618,64,61,3,3
57619,88,79,9,9
57620,56,50,6,6
57621,62,67,-5,5
57622,49,52,-3,3
57623,120,97,23,23
57624,154,137,17,17
57625,86,78,8,8
57626,61,60,1,1
57627,66,59,7,7
57628,145,116,29,29
57629,83,80,3,3
57630,136,117,19,19
57631,88,87,1,1
57632,71,73,-2,2
57633,93,79,14,14
57634,97,84,13,13
57635,94,76,18,18
57636,97,93,4,4
57637,57,62,-5,5
57638,142,122,20,20
57639,119,105,14,14
57640,87,78,9,9
57641,131,127,4,4
57642,119,114,5,5
57643,76,64,12,12
57644,55,45,10,10
57645,106,92,14,14
57646,70,67,3,3
57647,103,91,12,12
57648,96,78,18,18
57649,150,136,14,14
57650,128,119,9,9
57651,38,39,-1,1
57652,65,71,-6,6
57653,79,62,17,17
57654,96,78,18,18
57655,88,75,13,13
57656,185,181,4,4
57657,81,68,13,13
57658,151,125,26,26
57659,94,81,13,13
57660,72,67,5,5
57661,110,98,12,12
57662,109,93,16,16
57663,80,70,10,10
57664,68,64,4,4
57665,111,89,22,22
57666,67,65,2,2
57667,95,83,12,12
57668,114,107,7,7
57669,51,48,3,3
57670,111,99,12,12
57671,118,95,23,23
57672,157,122,35,35
57673,82,78,4,4
57674,119,84,35,35
57675,73,64,9,9
57676,88,73,15,15
57677,46,39,7,7
57678,61,52,9,9
57679,81,76,5,5
57680,117,102,15,15
57681,87,72,15,15
57682,71,53,18,18
57683,70,61,9,9
57684,98,98,0,0
57685,89,83,6,6
57686,100,85,15,15
57687,124,103,21,21
57688,166,144,22,22
57689,90,76,14,14
57690,43,42,1,1
57691,175,157,18,18
57692,104,99,5,5
57693,180,162,18,18
57694,57,51,6,6
57695,36,44,-8,8
57696,144,139,5,5
57697,136,116,20,20
57698,56,52,4,4
57699,93,87,6,6
57700,91,80,11,11
57701,98,90,8,8
57702,82,59,23,23
57703,101,103,-2,2
57704,113,106,7,7
57705,53,56,-3,3
57706,55,51,4,4
57707,120,99,21,21
57708,105,91,14,14
57709,71,65,6,6
57710,78,66,12,12
57711,165,149,16,16
57712,82,78,4,4
57713,126,108,18,18
57714,114,98,16,16
57715,143,122,21,21
57716,118,102,16,16
57717,94,88,6,6
57718,41,37,4,4
57719,67,56,11,11
57720,83,72,11,11
57721,119,90,29,29
57722,62,59,3,3
57723,55,44,11,11
57724,95,88,7,7
57725,91,86,5,5
57726,68,64,4,4
57727,144,136,8,8
57728,64,58,6,6
57729,43,50,-7,7
57730,81,78,3,3
57731,94,75,19,19
57732,77,70,7,7
57733,167,158,9,9
57734,51,54,-3,3
57735,117,95,22,22
57736,93,83,10,10
57737,71,63,8,8
57738,64,63,1,1
57739,168,145,23,23
57740,98,88,10,10
57741,38,35,3,3
57742,124,102,22,22
57743,104,102,2,2
57744,45,42,3,3
57745,36,37,-1,1
57746,82,72,10,10
57747,120,100,20,20
57748,108,107,1,1
57749,43,38,5,5
57750,85,73,12,12
57751,146,127,19,19
57752,82,89,-7,7
57753,115,96,19,19
57754,98,77,21,21
57755,87,71,16,16
57756,124,116,8,8
57757,86,74,12,12
57758,92,97,-5,5
57759,109,82,27,27
57760,125,108,17,17
57761,140,137,3,3
57762,84,93,-9,9
57763,66,55,11,11
57764,131,108,23,23
57765,81,68,13,13
57766,88,74,14,14
57767,143,144,-1,1
57768,74,71,3,3
57769,118,114,4,4
57770,56,56,0,0
57771,61,47,14,14
57772,112,107,5,5
57773,119,98,21,21
57774,102,86,16,16
57775,101,116,-15,15
57776,71,63,8,8
57777,118,103,15,15
57778,119,120,-1,1
57779,83,76,7,7
57780,133,112,21,21
57781,57,53,4,4
57782,87,77,10,10
57783,6,23,-17,17
57784,76,77,-1,1
57785,124,107,17,17
57786,28,26,2,2
57787,65,57,8,8
57788,86,66,20,20
57789,111,105,6,6
57790,59,60,-1,1
57791,94,85,9,9
57792,97,103,-6,6
57793,115,104,11,11
57794,75,71,4,4
57795,144,125,19,19
57796,86,86,0,0
57797,74,65,9,9
57798,102,93,9,9
57799,79,72,7,7
57800,99,87,12,12
57801,140,139,1,1
57802,101,93,8,8
57803,156,131,25,25
57804,92,77,15,15
57805,70,64,6,6
57806,59,62,-3,3
57807,116,99,17,17
57808,138,126,12,12
57809,136,129,7,7
57810,61,52,9,9
57811,53,47,6,6
57812,79,66,13,13
57813,90,76,14,14
57814,127,111,16,16
57815,177,138,39,39
57816,110,108,2,2
57817,129,112,17,17
57818,106,112,-6,6
57819,74,67,7,7
57820,154,146,8,8
57821,129,119,10,10
57822,73,66,7,7
57823,77,77,0,0
57824,84,83,1,1
57825,103,87,16,16
57826,90,106,-16,16
57827,109,97,12,12
57828,68,53,15,15
57829,72,59,13,13
57830,105,105,0,0
57831,65,58,7,7
57832,95,83,12,12
57833,133,119,14,14
57834,103,87,16,16
57835,107,99,8,8
57836,79,68,11,11
57837,116,98,18,18
57838,91,75,16,16
57839,72,76,-4,4
57840,66,75,-9,9
57841,147,122,25,25
57842,90,89,1,1
57843,192,188,4,4
57844,98,103,-5,5
57845,105,90,15,15
57846,44,44,0,0
57847,102,80,22,22
57848,82,79,3,3
57849,107,96,11,11
57850,102,90,12,12
57851,135,112,23,23
57852,157,131,26,26
57853,61,52,9,9
57854,155,133,22,22
57855,121,119,2,2
57856,77,68,9,9
57857,142,127,15,15
57858,95,75,20,20
57859,104,89,15,15
57860,77,68,9,9
57861,135,120,15,15
57862,101,89,12,12
57863,65,61,4,4
57864,108,96,12,12
57865,46,44,2,2
57866,196,177,19,19
57867,83,74,9,9
57868,92,75,17,17
57869,66,54,12,12
57870,87,72,15,15
57871,76,64,12,12
57872,24,49,-25,25
57873,94,95,-1,1
57874,85,66,19,19
57875,147,176,-29,29
57876,104,104,0,0
57877,97,84,13,13
57878,159,131,28,28
57879,103,88,15,15
57880,114,104,10,10
57881,133,120,13,13
57882,66,57,9,9
57883,101,93,8,8
57884,71,57,14,14
57885,85,79,6,6
57886,87,66,21,21
57887,116,85,31,31
57888,88,70,18,18
57889,64,54,10,10
57890,48,54,-6,6
57891,55,48,7,7
57892,61,83,-22,22
57893,86,87,-1,1
57894,56,52,4,4
57895,58,45,13,13
57896,77,69,8,8
57897,70,67,3,3
57898,78,76,2,2
57899,136,118,18,18
57900,69,66,3,3
57901,68,57,11,11
57902,102,88,14,14
57903,67,57,10,10
57904,82,69,13,13
57905,54,46,8,8
57906,70,66,4,4
57907,83,65,18,18
57908,129,107,22,22
57909,43,37,6,6
57910,46,50,-4,4
57911,119,108,11,11
57912,50,44,6,6
57913,76,67,9,9
57914,168,148,20,20
57915,83,72,11,11
57916,116,97,19,19
57917,121,121,0,0
57918,96,94,2,2
57919,126,120,6,6
57920,86,81,5,5
57921,85,69,16,16
57922,93,73,20,20
57923,52,49,3,3
57924,129,114,15,15
57925,87,78,9,9
57926,38,43,-5,5
57927,61,70,-9,9
57928,77,68,9,9
57929,73,64,9,9
57930,143,136,7,7
57931,59,56,3,3
57932,57,55,2,2
57933,64,58,6,6
57934,140,125,15,15
57935,109,103,6,6
57936,91,79,12,12
57937,64,59,5,5
57938,105,82,23,23
57939,121,98,23,23
57940,65,57,8,8
57941,80,74,6,6
57942,75,73,2,2
57943,90,73,17,17
57944,93,92,1,1
57945,60,56,4,4
57946,75,69,6,6
57947,97,90,7,7
57948,130,112,18,18
57949,111,91,20,20
57950,82,70,12,12
57951,102,87,15,15
57952,72,61,11,11
57953,180,164,16,16
57954,71,75,-4,4
57955,92,81,11,11
57956,109,96,13,13
57957,113,97,16,16
57958,117,98,19,19
57959,105,96,9,9
57960,85,73,12,12
57961,75,58,17,17
57962,77,67,10,10
57963,79,69,10,10
57964,106,91,15,15
57965,52,58,-6,6
57966,107,73,34,34
57967,89,81,8,8
57968,150,129,21,21
57969,84,73,11,11
57970,78,74,4,4
57971,124,106,18,18
57972,58,56,2,2
57973,110,102,8,8
57974,108,100,8,8
57975,95,98,-3,3
57976,139,117,22,22
57977,92,82,10,10
57978,63,60,3,3
57979,81,74,7,7
57980,103,82,21,21
57981,75,66,9,9
57982,75,74,1,1
57983,125,110,15,15
57984,98,92,6,6
57985,101,90,11,11
57986,73,74,-1,1
57987,95,85,10,10
57988,120,103,17,17
57989,90,93,-3,3
57990,178,148,30,30
57991,111,105,6,6
57992,90,80,10,10
57993,91,68,23,23
57994,92,71,21,21
57995,77,68,9,9
57996,87,72,15,15
57997,121,106,15,15
57998,99,80,19,19
57999,119,116,3,3
58000,85,81,4,4
58001,102,92,10,10
58002,102,86,16,16
58003,68,54,14,14
58004,159,129,30,30
58005,91,66,25,25
58006,85,83,2,2
58007,77,73,4,4
58008,136,131,5,5
58009,182,161,21,21
58010,101,92,9,9
58011,63,54,9,9
58012,89,93,-4,4
58013,78,71,7,7
58014,104,88,16,16
58015,113,99,14,14
58016,88,80,8,8
58017,87,76,11,11
58018,182,155,27,27
58019,97,84,13,13
58020,123,108,15,15
58021,93,112,-19,19
58022,77,58,19,19
58023,87,75,12,12
58024,71,67,4,4
58025,60,55,5,5
58026,95,92,3,3
58027,92,75,17,17
58028,78,67,11,11
58029,84,80,4,4
58030,153,132,21,21
58031,140,133,7,7
58032,99,76,23,23
58033,57,54,3,3
58034,83,82,1,1
58035,79,68,11,11
58036,87,81,6,6
58037,85,96,-11,11
58038,80,68,12,12
58039,69,67,2,2
58040,68,64,4,4
58041,94,89,5,5
58042,79,78,1,1
58043,115,101,14,14
58044,59,57,2,2
58045,183,174,9,9
58046,64,57,7,7
58047,109,94,15,15
58048,54,44,10,10
58049,62,52,10,10
58050,69,72,-3,3
58051,62,52,10,10
58052,71,65,6,6
58053,140,123,17,17
58054,73,64,9,9
58055,124,113,11,11
58056,86,82,4,4
58057,142,139,3,3
58058,170,153,17,17
58059,69,59,10,10
58060,124,115,9,9
58061,123,119,4,4
58062,104,80,24,24
58063,65,68,-3,3
58064,110,99,11,11
58065,80,72,8,8
58066,66,61,5,5
58067,96,89,7,7
58068,116,110,6,6
58069,74,69,5,5
58070,59,48,11,11
58071,64,49,15,15
58072,115,107,8,8
58073,89,76,13,13
58074,136,109,27,27
58075,51,42,9,9
58076,73,63,10,10
58077,68,60,8,8
58078,116,101,15,15
58079,135,127,8,8
58080,29,31,-2,2
58081,96,80,16,16
58082,38,57,-19,19
58083,170,155,15,15
58084,125,110,15,15
58085,160,135,25,25
58086,108,105,3,3
58087,144,127,17,17
58088,70,59,11,11
58089,100,85,15,15
58090,62,53,9,9
58091,129,115,14,14
58092,99,80,19,19
58093,93,90,3,3
58094,108,84,24,24
58095,59,52,7,7
58096,43,37,6,6
58097,119,94,25,25
58098,71,56,15,15
58099,147,150,-3,3
58100,60,57,3,3
58101,79,78,1,1
58102,64,59,5,5
58103,73,63,10,10
58104,105,98,7,7
58105,80,67,13,13
58106,79,74,5,5
58107,90,78,12,12
58108,89,70,19,19
58109,73,61,12,12
58110,113,105,8,8
58111,78,73,5,5
58112,63,73,-10,10
58113,142,124,18,18
58114,145,145,0,0
58115,95,89,6,6
58116,101,90,11,11
58117,126,104,22,22
58118,154,128,26,26
58119,184,144,40,40
58120,116,107,9,9
58121,84,79,5,5
58122,129,119,10,10
58123,74,63,11,11
58124,97,81,16,16
58125,88,96,-8,8
58126,102,96,6,6
58127,69,61,8,8
58128,73,69,4,4
58129,77,59,18,18
58130,98,88,10,10
58131,78,72,6,6
58132,108,82,26,26
58133,78,68,10,10
58134,86,82,4,4
58135,70,57,13,13
58136,70,68,2,2
58137,78,67,11,11
58138,81,68,13,13
58139,55,59,-4,4
58140,37,44,-7,7
58141,80,71,9,9
58142,68,61,7,7
58143,130,119,11,11
58144,100,86,14,14
58145,71,69,2,2
58146,97,85,12,12
58147,147,133,14,14
58148,93,87,6,6
58149,165,153,12,12
58150,70,64,6,6
58151,59,61,-2,2
58152,46,44,2,2
58153,132,104,28,28
58154,90,67,23,23
58155,208,187,21,21
58156,124,116,8,8
58157,92,89,3,3
58158,75,62,13,13
58159,103,88,15,15
58160,47,46,1,1
58161,72,56,16,16
58162,65,60,5,5
58163,107,101,6,6
58164,131,119,12,12
58165,67,71,-4,4
58166,119,104,15,15
58167,63,58,5,5
58168,153,123,30,30
58169,72,69,3,3
58170,131,132,-1,1
58171,92,77,15,15
58172,70,64,6,6
58173,93,88,5,5
58174,48,60,-12,12
58175,75,63,12,12
58176,185,159,26,26
58177,90,72,18,18
58178,53,45,8,8
58179,130,121,9,9
58180,139,128,11,11
58181,92,87,5,5
58182,77,97,-20,20
58183,130,105,25,25
58184,88,72,16,16
58185,68,68,0,0
58186,144,108,36,36
58187,73,66,7,7
58188,136,126,10,10
58189,115,99,16,16
58190,79,77,2,2
58191,97,86,11,11
58192,70,59,11,11
58193,76,73,3,3
58194,110,97,13,13
58195,103,104,-1,1
58196,106,93,13,13
58197,82,75,7,7
58198,82,81,1,1
58199,64,56,8,8
58200,108,97,11,11
58201,162,140,22,22
58202,64,60,4,4
58203,42,37,5,5
58204,128,116,12,12
58205,93,77,16,16
58206,83,73,10,10
58207,75,60,15,15
58208,113,98,15,15
58209,131,110,21,21
58210,70,57,13,13
58211,82,75,7,7
58212,53,48,5,5
58213,92,84,8,8
58214,123,104,19,19
58215,132,110,22,22
58216,71,61,10,10
58217,83,73,10,10
58218,52,47,5,5
58219,102,88,14,14
58220,51,48,3,3
58221,90,74,16,16
58222,121,117,4,4
58223,125,114,11,11
58224,66,58,8,8
58225,99,97,2,2
58226,71,79,-8,8
58227,103,90,13,13
58228,87,79,8,8
58229,130,119,11,11
58230,74,65,9,9
58231,171,148,23,23
58232,146,116,30,30
58233,81,71,10,10
58234,72,59,13,13
58235,81,87,-6,6
58236,58,44,14,14
58237,111,96,15,15
58238,148,132,16,16
58239,76,69,7,7
58240,78,63,15,15
58241,91,86,5,5
58242,91,86,5,5
58243,70,62,8,8
58244,155,127,28,28
58245,89,80,9,9
58246,55,44,11,11
58247,97,76,21,21
58248,71,62,9,9
58249,134,129,5,5
58250,85,68,17,17
58251,76,68,8,8
58252,98,98,0,0
58253,51,49,2,2
58254,111,97,14,14
58255,59,59,0,0
58256,112,97,15,15
58257,43,37,6,6
58258,122,102,20,20
58259,62,64,-2,2
58260,57,48,9,9
58261,94,88,6,6
58262,92,79,13,13
58263,113,110,3,3
58264,125,106,19,19
58265,98,91,7,7
58266,58,50,8,8
58267,110,94,16,16
58268,69,66,3,3
58269,57,56,1,1
58270,54,42,12,12
58271,69,60,9,9
58272,84,82,2,2
58273,81,80,1,1
58274,72,65,7,7
58275,120,96,24,24
58276,59,52,7,7
58277,121,100,21,21
58278,54,55,-1,1
58279,62,50,12,12
58280,83,67,16,16
58281,85,70,15,15
58282,102,96,6,6
58283,109,85,24,24
58284,128,128,0,0
58285,128,105,23,23
58286,155,109,46,46
58287,75,71,4,4
58288,44,33,11,11
58289,106,96,10,10
58290,122,99,23,23
58291,99,86,13,13
58292,76,66,10,10
58293,93,81,12,12
58294,59,55,4,4
58295,115,95,20,20
58296,147,128,19,19
58297,104,99,5,5
58298,56,54,2,2
58299,119,102,17,17
58300,92,79,13,13
58301,55,50,5,5
58302,70,54,16,16
58303,79,73,6,6
58304,106,91,15,15
58305,141,109,32,32
58306,142,127,15,15
58307,100,91,9,9
58308,71,61,10,10
58309,37,33,4,4
58310,58,51,7,7
58311,107,101,6,6
58312,104,93,11,11
58313,125,113,12,12
58314,95,116,-21,21
58315,164,140,24,24
58316,45,52,-7,7
58317,86,72,14,14
58318,101,90,11,11
58319,117,97,20,20
58320,85,87,-2,2
58321,60,53,7,7
58322,141,140,1,1
58323,101,95,6,6
58324,113,92,21,21
58325,108,100,8,8
58326,86,72,14,14
58327,121,100,21,21
58328,165,164,1,1
58329,58,52,6,6
58330,165,149,16,16
58331,99,88,11,11
58332,77,76,1,1
58333,120,105,15,15
58334,132,112,20,20
58335,138,113,25,25
58336,104,115,-11,11
58337,59,51,8,8
58338,68,55,13,13
58339,76,72,4,4
58340,81,86,-5,5
58341,126,111,15,15
58342,125,84,41,41
58343,39,35,4,4
58344,103,72,31,31
58345,64,63,1,1
58346,120,100,20,20
58347,53,53,0,0
58348,81,67,14,14
58349,128,108,20,20
58350,75,65,10,10
58351,67,51,16,16
58352,158,128,30,30
58353,77,83,-6,6
58354,140,130,10,10
58355,75,73,2,2
58356,114,102,12,12
58357,82,74,8,8
58358,96,87,9,9
58359,142,117,25,25
58360,84,87,-3,3
58361,84,54,30,30
58362,69,58,11,11
58363,63,56,7,7
58364,83,79,4,4
58365,136,122,14,14
58366,107,93,14,14
58367,95,88,7,7
58368,157,124,33,33
58369,89,81,8,8
58370,85,74,11,11
58371,102,92,10,10
58372,103,97,6,6
58373,88,75,13,13
58374,100,87,13,13
58375,69,59,10,10
58376,84,64,20,20
58377,32,35,-3,3
58378,52,46,6,6
58379,156,134,22,22
58380,71,55,16,16
58381,114,94,20,20
58382,83,73,10,10
58383,81,71,10,10
58384,164,131,33,33
58385,109,94,15,15
58386,89,86,3,3
58387,125,94,31,31
58388,82,68,14,14
58389,73,65,8,8
58390,117,127,-10,10
58391,69,62,7,7
58392,98,85,13,13
58393,114,90,24,24
58394,86,75,11,11
58395,112,92,20,20
58396,96,93,3,3
58397,113,99,14,14
58398,86,83,3,3
58399,130,114,16,16
58400,80,70,10,10
58401,134,124,10,10
58402,158,145,13,13
58403,59,48,11,11
58404,55,56,-1,1
58405,87,82,5,5
58406,42,44,-2,2
58407,76,68,8,8
58408,62,57,5,5
58409,119,103,16,16
58410,103,95,8,8
58411,172,157,15,15
58412,134,124,10,10
58413,68,59,9,9
58414,62,50,12,12
58415,57,56,1,1
58416,147,127,20,20
58417,93,82,11,11
58418,116,103,13,13
58419,161,147,14,14
58420,79,86,-7,7
58421,148,135,13,13
58422,118,104,14,14
58423,46,46,0,0
58424,130,118,12,12
58425,163,138,25,25
58426,56,55,1,1
58427,74,65,9,9
58428,66,65,1,1
58429,84,67,17,17
58430,76,73,3,3
58431,88,76,12,12
58432,69,62,7,7
58433,60,54,6,6
58434,75,66,9,9
58435,164,142,22,22
58436,71,73,-2,2
58437,125,94,31,31
58438,86,82,4,4
58439,62,50,12,12
58440,82,72,10,10
58441,55,52,3,3
58442,58,64,-6,6
58443,52,54,-2,2
58444,107,93,14,14
58445,82,80,2,2
58446,118,104,14,14
58447,104,89,15,15
58448,65,56,9,9
58449,148,144,4,4
58450,104,92,12,12
58451,189,160,29,29
58452,126,117,9,9
58453,92,81,11,11
58454,122,112,10,10
58455,75,67,8,8
58456,99,89,10,10
58457,99,86,13,13
58458,154,141,13,13
58459,89,87,2,2
58460,145,132,13,13
58461,81,64,17,17
58462,146,141,5,5
58463,171,164,7,7
58464,52,49,3,3
58465,81,66,15,15
58466,102,88,14,14
58467,137,140,-3,3
58468,43,35,8,8
58469,93,84,9,9
58470,62,53,9,9
58471,110,94,16,16
58472,78,63,15,15
58473,112,109,3,3
58474,64,62,2,2
58475,52,43,9,9
58476,51,60,-9,9
58477,71,68,3,3
58478,62,58,4,4
58479,54,48,6,6
58480,81,53,28,28
58481,156,123,33,33
58482,76,72,4,4
58483,74,58,16,16
58484,63,61,2,2
58485,59,46,13,13
58486,45,39,6,6
58487,127,97,30,30
58488,110,90,20,20
58489,68,58,10,10
58490,89,80,9,9
58491,64,55,9,9
58492,116,110,6,6
58493,68,66,2,2
58494,211,188,23,23
58495,93,78,15,15
58496,79,70,9,9
58497,84,75,9,9
58498,73,64,9,9
58499,82,70,12,12
58500,80,81,-1,1
58501,75,67,8,8
58502,83,77,6,6
58503,123,109,14,14
58504,52,53,-1,1
58505,133,111,22,22
58506,90,79,11,11
58507,70,60,10,10
58508,74,75,-1,1
58509,84,75,9,9
58510,90,84,6,6
58511,92,85,7,7
58512,55,51,4,4
58513,62,61,1,1
58514,120,110,10,10
58515,84,78,6,6
58516,83,66,17,17
58517,95,103,-8,8
58518,79,64,15,15
58519,89,83,6,6
58520,149,132,17,17
58521,81,100,-19,19
58522,91,85,6,6
58523,87,70,17,17
58524,76,69,7,7
58525,45,41,4,4
58526,226,201,25,25
58527,125,111,14,14
58528,148,150,-2,2
58529,60,55,5,5
58530,134,121,13,13
58531,165,143,22,22
58532,129,110,19,19
58533,65,55,10,10
58534,89,79,10,10
58535,95,86,9,9
58536,83,75,8,8
58537,79,65,14,14
58538,111,94,17,17
58539,83,70,13,13
58540,121,108,13,13
58541,97,88,9,9
58542,114,106,8,8
58543,55,44,11,11
58544,118,104,14,14
58545,95,75,20,20
58546,80,74,6,6
58547,112,102,10,10
58548,127,109,18,18
58549,140,120,20,20
58550,100,155,-55,55
58551,50,46,4,4
58552,130,116,14,14
58553,77,72,5,5
58554,86,87,-1,1
58555,117,93,24,24
58556,163,146,17,17
58557,78,64,14,14
58558,118,104,14,14
58559,110,107,3,3
58560,93,76,17,17
58561,76,83,-7,7
58562,71,58,13,13
58563,85,79,6,6
58564,39,36,3,3
58565,77,74,3,3
58566,57,51,6,6
58567,68,62,6,6
58568,74,64,10,10
58569,80,66,14,14
58570,86,83,3,3
58571,55,47,8,8
58572,129,102,27,27
58573,181,168,13,13
58574,71,63,8,8
58575,106,118,-12,12
58576,43,43,0,0
58577,157,145,12,12
58578,68,60,8,8
58579,134,115,19,19
58580,137,132,5,5
58581,71,62,9,9
58582,48,41,7,7
58583,45,42,3,3
58584,75,67,8,8
58585,67,73,-6,6
58586,108,88,20,20
58587,81,73,8,8
58588,94,86,8,8
58589,229,207,22,22
58590,58,57,1,1
58591,75,66,9,9
58592,97,102,-5,5
58593,142,130,12,12
58594,196,151,45,45
58595,78,73,5,5
58596,101,104,-3,3
58597,100,82,18,18
58598,82,66,16,16
58599,100,90,10,10
58600,81,77,4,4
58601,81,78,3,3
58602,106,106,0,0
58603,74,60,14,14
58604,77,79,-2,2
58605,124,108,16,16
58606,35,33,2,2
58607,76,72,4,4
58608,106,94,12,12
58609,83,79,4,4
58610,82,76,6,6
58611,77,68,9,9
58612,113,101,12,12
58613,86,73,13,13
58614,115,98,17,17
58615,98,86,12,12
58616,69,70,-1,1
58617,90,87,3,3
58618,99,83,16,16
58619,59,61,-2,2
58620,109,91,18,18
58621,72,67,5,5
58622,130,112,18,18
58623,118,109,9,9
58624,113,99,14,14
58625,98,88,10,10
58626,102,85,17,17
58627,142,113,29,29
58628,95,95,0,0
58629,89,83,6,6
58630,45,51,-6,6
58631,35,35,0,0
58632,54,50,4,4
58633,102,77,25,25
58634,27,25,2,2
58635,66,55,11,11
58636,35,41,-6,6
58637,115,98,17,17
58638,148,132,16,16
58639,98,82,16,16
58640,115,106,9,9
58641,79,79,0,0
58642,84,78,6,6
58643,147,134,13,13
58644,79,68,11,11
58645,62,56,6,6
58646,95,79,16,16
58647,71,66,5,5
58648,66,62,4,4
58649,84,74,10,10
58650,142,123,19,19
58651,142,118,24,24
58652,91,81,10,10
58653,102,88,14,14
58654,105,122,-17,17
58655,66,53,13,13
58656,83,80,3,3
58657,63,57,6,6
58658,66,61,5,5
58659,109,112,-3,3
58660,71,59,12,12
58661,92,78,14,14
58662,139,137,2,2
58663,117,110,7,7
58664,120,110,10,10
58665,94,101,-7,7
58666,99,88,11,11
58667,58,51,7,7
58668,129,111,18,18
58669,66,66,0,0
58670,126,94,32,32
58671,111,106,5,5
58672,54,47,7,7
58673,153,120,33,33
58674,82,75,7,7
58675,56,51,5,5
58676,59,54,5,5
58677,146,117,29,29
58678,64,56,8,8
58679,56,53,3,3
58680,60,53,7,7
58681,21,42,-21,21
58682,132,124,8,8
58683,85,77,8,8
58684,113,100,13,13
58685,81,69,12,12
58686,110,101,9,9
58687,98,84,14,14
58688,86,81,5,5
58689,102,91,11,11
58690,129,133,-4,4
58691,89,76,13,13
58692,121,109,12,12
58693,104,89,15,15
58694,63,65,-2,2
58695,138,111,27,27
58696,119,125,-6,6
58697,92,78,14,14
58698,113,99,14,14
58699,97,90,7,7
58700,162,142,20,20
58701,41,40,1,1
58702,112,106,6,6
58703,124,108,16,16
58704,76,68,8,8
58705,116,111,5,5
58706,86,71,15,15
58707,69,55,14,14
58708,99,97,2,2
58709,65,61,4,4
58710,70,73,-3,3
58711,111,86,25,25
58712,79,66,13,13
58713,92,85,7,7
58714,92,74,18,18
58715,126,115,11,11
58716,109,93,16,16
58717,65,66,-1,1
58718,79,69,10,10
58719,160,143,17,17
58720,75,72,3,3
58721,95,83,12,12
58722,97,85,12,12
58723,102,97,5,5
58724,75,59,16,16
58725,119,109,10,10
58726,31,28,3,3
58727,137,116,21,21
58728,99,97,2,2
58729,135,119,16,16
58730,143,134,9,9
58731,128,115,13,13
58732,135,123,12,12
58733,56,45,11,11
58734,79,66,13,13
58735,157,124,33,33
58736,103,108,-5,5
58737,147,132,15,15
58738,78,68,10,10
58739,124,110,14,14
58740,57,58,-1,1
58741,63,69,-6,6
58742,79,63,16,16
58743,87,82,5,5
58744,105,88,17,17
58745,119,102,17,17
58746,41,39,2,2
58747,62,59,3,3
58748,148,138,10,10
58749,113,100,13,13
58750,236,198,38,38
58751,49,46,3,3
58752,78,74,4,4
58753,105,95,10,10
58754,136,118,18,18
58755,93,87,6,6
58756,55,49,6,6
58757,87,79,8,8
58758,67,68,-1,1
58759,113,94,19,19
58760,52,50,2,2
58761,102,120,-18,18
58762,149,119,30,30
58763,65,66,-1,1
58764,106,85,21,21
58765,88,74,14,14
58766,175,148,27,27
58767,116,109,7,7
58768,128,115,13,13
58769,86,78,8,8
58770,154,117,37,37
58771,93,83,10,10
58772,65,85,-20,20
58773,119,110,9,9
58774,81,69,12,12
58775,93,106,-13,13
58776,77,72,5,5
58777,144,108,36,36
58778,105,98,7,7
58779,111,84,27,27
58780,143,119,24,24
58781,96,84,12,12
58782,86,86,0,0
58783,78,69,9,9
58784,136,121,15,15
58785,82,70,12,12
58786,91,80,11,11
58787,83,80,3,3
58788,106,96,10,10
58789,94,88,6,6
58790,99,93,6,6
58791,78,66,12,12
58792,154,134,20,20
58793,77,54,23,23
58794,184,162,22,22
58795,192,162,30,30
58796,77,69,8,8
58797,105,100,5,5
58798,62,60,2,2
58799,103,91,12,12
58800,59,51,8,8
58801,77,63,14,14
58802,155,145,10,10
58803,90,76,14,14
58804,98,113,-15,15
58805,93,83,10,10
58806,132,120,12,12
58807,115,105,10,10
58808,67,61,6,6
58809,198,178,20,20
58810,90,77,13,13
58811,114,98,16,16
58812,108,98,10,10
58813,77,74,3,3
58814,114,110,4,4
58815,126,125,1,1
58816,86,76,10,10
58817,67,59,8,8
58818,108,97,11,11
58819,92,82,10,10
58820,123,111,12,12
58821,96,90,6,6
58822,64,55,9,9
58823,166,149,17,17
58824,218,201,17,17
58825,89,82,7,7
58826,76,72,4,4
58827,69,61,8,8
58828,122,113,9,9
58829,115,104,11,11
58830,87,101,-14,14
58831,119,103,16,16
58832,95,80,15,15
58833,82,75,7,7
58834,57,53,4,4
58835,100,98,2,2
58836,86,73,13,13
58837,101,81,20,20
58838,65,47,18,18
58839,106,95,11,11
58840,75,66,9,9
58841,142,121,21,21
58842,81,68,13,13
58843,77,73,4,4
58844,59,50,9,9
58845,130,106,24,24
58846,100,83,17,17
58847,92,85,7,7
58848,55,51,4,4
58849,101,116,-15,15
58850,66,62,4,4
58851,108,88,20,20
58852,83,76,7,7
58853,69,58,11,11
58854,140,116,24,24
58855,87,74,13,13
58856,96,88,8,8
58857,167,132,35,35
58858,72,64,8,8
58859,88,82,6,6
58860,124,105,19,19
58861,91,83,8,8
58862,51,46,5,5
58863,87,61,26,26
58864,92,85,7,7
58865,58,56,2,2
58866,45,41,4,4
58867,95,79,16,16
58868,134,111,23,23
58869,91,81,10,10
58870,121,106,15,15
58871,51,42,9,9
58872,58,53,5,5
58873,48,50,-2,2
58874,75,70,5,5
58875,46,45,1,1
58876,56,52,4,4
58877,87,73,14,14
58878,47,58,-11,11
58879,88,84,4,4
58880,112,96,16,16
58881,56,53,3,3
58882,104,95,9,9
58883,61,50,11,11
58884,96,86,10,10
58885,113,96,17,17
58886,66,57,9,9
58887,153,144,9,9
58888,115,112,3,3
58889,100,91,9,9
58890,73,60,13,13
58891,89,65,24,24
58892,101,103,-2,2
58893,82,83,-1,1
58894,89,91,-2,2
58895,94,92,2,2
58896,93,76,17,17
58897,113,101,12,12
58898,129,112,17,17
58899,68,56,12,12
58900,68,57,11,11
58901,94,81,13,13
58902,157,137,20,20
58903,99,85,14,14
58904,54,57,-3,3
58905,123,104,19,19
58906,94,73,21,21
58907,183,169,14,14
58908,74,60,14,14
58909,59,50,9,9
58910,173,147,26,26
58911,122,107,15,15
58912,75,65,10,10
58913,77,72,5,5
58914,63,58,5,5
58915,90,89,1,1
58916,56,58,-2,2
58917,82,74,8,8
58918,86,93,-7,7
58919,149,136,13,13
58920,108,90,18,18
58921,73,64,9,9
58922,67,63,4,4
58923,93,83,10,10
58924,55,49,6,6
58925,108,105,3,3
58926,118,104,14,14
58927,30,35,-5,5
58928,70,42,28,28
58929,94,85,9,9
58930,84,71,13,13
58931,77,67,10,10
58932,64,53,11,11
58933,103,92,11,11
58934,93,106,-13,13
58935,91,77,14,14
58936,65,59,6,6
58937,108,90,18,18
58938,117,95,22,22
58939,45,43,2,2
58940,113,106,7,7
58941,70,60,10,10
58942,75,85,-10,10
58943,79,73,6,6
58944,59,48,11,11
58945,59,51,8,8
58946,42,46,-4,4
58947,96,78,18,18
58948,109,91,18,18
58949,95,92,3,3
58950,126,114,12,12
58951,89,83,6,6
58952,99,91,8,8
58953,145,138,7,7
58954,108,90,18,18
58955,84,76,8,8
58956,82,80,2,2
58957,171,150,21,21
58958,103,87,16,16
58959,118,98,20,20
58960,180,151,29,29
58961,61,57,4,4
58962,163,130,33,33
58963,135,131,4,4
58964,152,127,25,25
58965,109,85,24,24
58966,61,59,2,2
58967,108,97,11,11
58968,181,172,9,9
58969,104,101,3,3
58970,105,91,14,14
58971,68,65,3,3
58972,116,132,-16,16
58973,144,123,21,21
58974,85,71,14,14
58975,141,138,3,3
58976,152,142,10,10
58977,114,105,9,9
58978,143,126,17,17
58979,155,141,14,14
58980,191,163,28,28
58981,102,86,16,16
58982,77,66,11,11
58983,97,90,7,7
58984,85,84,1,1
58985,82,65,17,17
58986,83,67,16,16
58987,64,57,7,7
58988,135,123,12,12
58989,86,71,15,15
58990,59,48,11,11
58991,71,52,19,19
58992,65,44,21,21
58993,134,115,19,19
58994,85,78,7,7
58995,159,141,18,18
58996,145,136,9,9
58997,66,61,5,5
58998,71,67,4,4
58999,154,124,30,30
59000,159,152,7,7
59001,50,46,4,4
59002,95,91,4,4
59003,81,73,8,8
59004,128,105,23,23
59005,79,70,9,9
59006,93,90,3,3
59007,156,141,15,15
59008,107,100,7,7
59009,48,45,3,3
59010,49,50,-1,1
59011,52,102,-50,50
59012,43,43,0,0
59013,166,147,19,19
59014,59,54,5,5
59015,97,81,16,16
59016,143,141,2,2
59017,107,104,3,3
59018,122,108,14,14
59019,77,64,13,13
59020,77,72,5,5
59021,52,45,7,7
59022,70,59,11,11
59023,93,82,11,11
59024,93,96,-3,3
59025,110,103,7,7
59026,53,54,-1,1
59027,67,57,10,10
59028,185,163,22,22
59029,90,69,21,21
59030,107,93,14,14
59031,148,146,2,2
59032,119,110,9,9
59033,95,96,-1,1
59034,112,85,27,27
59035,171,170,1,1
59036,110,79,31,31
59037,76,70,6,6
59038,99,88,11,11
59039,94,91,3,3
59040,107,103,4,4
59041,73,64,9,9
59042,133,105,28,28
59043,70,70,0,0
59044,80,59,21,21
59045,149,130,19,19
59046,78,48,30,30
59047,95,82,13,13
59048,79,77,2,2
59049,42,47,-5,5
59050,73,62,11,11
59051,346,256,90,90
59052,70,48,22,22
59053,75,67,8,8
59054,144,132,12,12
59055,63,56,7,7
59056,80,72,8,8
59057,124,101,23,23
59058,69,61,8,8
59059,99,86,13,13
59060,140,105,35,35
59061,117,102,15,15
59062,58,63,-5,5
59063,84,78,6,6
59064,47,43,4,4
59065,86,71,15,15
59066,52,52,0,0
59067,77,72,5,5
59068,69,61,8,8
59069,107,91,16,16
59070,118,95,23,23
59071,81,82,-1,1
59072,109,91,18,18
59073,97,94,3,3
59074,85,76,9,9
59075,81,68,13,13
59076,65,52,13,13
59077,101,105,-4,4
59078,90,86,4,4
59079,68,70,-2,2
59080,59,44,15,15
59081,97,90,7,7
59082,104,92,12,12
59083,52,45,7,7
59084,58,57,1,1
59085,64,58,6,6
59086,92,83,9,9
59087,179,150,29,29
59088,112,94,18,18
59089,100,100,0,0
59090,60,52,8,8
59091,102,92,10,10
59092,111,97,14,14
59093,100,83,17,17
59094,80,68,12,12
59095,89,75,14,14
59096,124,120,4,4
59097,70,61,9,9
59098,85,84,1,1
59099,79,76,3,3
59100,74,68,6,6
59101,66,56,10,10
59102,75,74,1,1
59103,83,74,9,9
59104,65,61,4,4
59105,119,105,14,14
59106,102,85,17,17
59107,81,77,4,4
59108,77,70,7,7
59109,81,72,9,9
59110,94,89,5,5
59111,103,96,7,7
59112,104,91,13,13
59113,118,92,26,26
59114,90,78,12,12
59115,71,64,7,7
59116,114,95,19,19
59117,120,88,32,32
59118,85,70,15,15
59119,79,74,5,5
59120,49,48,1,1
59121,74,66,8,8
59122,99,88,11,11
59123,106,103,3,3
59124,89,82,7,7
59125,21,37,-16,16
59126,114,107,7,7
59127,90,88,2,2
59128,129,109,20,20
59129,64,56,8,8
59130,44,39,5,5
59131,150,126,24,24
59132,136,121,15,15
59133,119,113,6,6
59134,68,68,0,0
59135,87,84,3,3
59136,66,63,3,3
59137,103,92,11,11
59138,117,107,10,10
59139,111,84,27,27
59140,112,82,30,30
59141,101,87,14,14
59142,143,131,12,12
59143,81,74,7,7
59144,180,142,38,38
59145,61,54,7,7
59146,131,116,15,15
59147,70,64,6,6
59148,107,98,9,9
59149,135,111,24,24
59150,92,77,15,15
59151,81,70,11,11
59152,108,96,12,12
59153,90,78,12,12
59154,86,68,18,18
59155,127,104,23,23
59156,47,43,4,4
59157,130,119,11,11
59158,84,81,3,3
59159,79,73,6,6
59160,91,81,10,10
59161,120,97,23,23
59162,80,69,11,11
59163,59,57,2,2
59164,81,83,-2,2
59165,143,132,11,11
59166,117,91,26,26
59167,143,128,15,15
59168,154,118,36,36
59169,57,54,3,3
59170,69,55,14,14
59171,44,42,2,2
59172,84,82,2,2
59173,96,80,16,16
59174,80,67,13,13
59175,61,66,-5,5
59176,64,66,-2,2
59177,67,61,6,6
59178,108,95,13,13
59179,87,77,10,10
59180,87,71,16,16
59181,112,86,26,26
59182,147,131,16,16
59183,143,128,15,15
59184,124,103,21,21
59185,160,137,23,23
59186,109,98,11,11
59187,71,59,12,12
59188,138,122,16,16
59189,76,67,9,9
59190,96,81,15,15
59191,94,80,14,14
59192,44,37,7,7
59193,83,79,4,4
59194,49,49,0,0
59195,75,76,-1,1
59196,104,99,5,5
59197,75,67,8,8
59198,93,82,11,11
59199,96,93,3,3
59200,81,77,4,4
59201,80,71,9,9
59202,97,73,24,24
59203,65,62,3,3
59204,46,43,3,3
59205,79,73,6,6
59206,88,78,10,10
59207,62,65,-3,3
59208,84,67,17,17
59209,70,65,5,5
59210,129,124,5,5
59211,104,62,42,42
59212,116,107,9,9
59213,126,111,15,15
59214,95,89,6,6
59215,66,57,9,9
59216,81,71,10,10
59217,133,104,29,29
59218,95,88,7,7
59219,151,126,25,25
59220,88,82,6,6
59221,110,99,11,11
59222,69,49,20,20
59223,106,87,19,19
59224,64,66,-2,2
59225,126,106,20,20
59226,41,43,-2,2
59227,97,85,12,12
59228,46,57,-11,11
59229,52,57,-5,5
59230,66,49,17,17
59231,81,71,10,10
59232,81,73,8,8
59233,85,72,13,13
59234,35,35,0,0
59235,118,101,17,17
59236,94,84,10,10
59237,92,71,21,21
59238,55,54,1,1
59239,99,85,14,14
59240,68,63,5,5
59241,56,53,3,3
59242,97,94,3,3
59243,110,104,6,6
59244,152,133,19,19
59245,40,45,-5,5
59246,52,53,-1,1
59247,169,160,9,9
59248,160,137,23,23
59249,78,66,12,12
59250,77,81,-4,4
59251,40,38,2,2
59252,93,106,-13,13
59253,115,99,16,16
59254,108,100,8,8
59255,69,68,1,1
59256,126,140,-14,14
59257,133,132,1,1
59258,116,101,15,15
59259,76,75,1,1
59260,42,44,-2,2
59261,74,72,2,2
59262,145,129,16,16
59263,72,60,12,12
59264,103,101,2,2
59265,67,59,8,8
59266,139,113,26,26
59267,93,78,15,15
59268,112,97,15,15
59269,176,153,23,23
59270,70,62,8,8
59271,158,113,45,45
59272,71,63,8,8
59273,47,38,9,9
59274,93,73,20,20
59275,57,59,-2,2
59276,75,63,12,12
59277,62,64,-2,2
59278,104,117,-13,13
59279,143,129,14,14
59280,83,69,14,14
59281,75,63,12,12
59282,92,81,11,11
59283,60,70,-10,10
59284,117,104,13,13
59285,64,59,5,5
59286,61,53,8,8
59287,87,72,15,15
59288,175,161,14,14
59289,58,54,4,4
59290,77,61,16,16
59291,96,71,25,25
59292,120,110,10,10
59293,176,153,23,23
59294,132,117,15,15
59295,67,61,6,6
59296,73,66,7,7
59297,120,129,-9,9
59298,71,65,6,6
59299,63,50,13,13
59300,74,58,16,16
59301,35,51,-16,16
59302,129,106,23,23
59303,132,125,7,7
59304,75,70,5,5
59305,122,108,14,14
59306,89,77,12,12
59307,90,74,16,16
59308,71,65,6,6
59309,92,74,18,18
59310,184,154,30,30
59311,59,73,-14,14
59312,90,81,9,9
59313,100,95,5,5
59314,83,75,8,8
59315,83,76,7,7
59316,78,71,7,7
59317,106,93,13,13
59318,107,99,8,8
59319,45,42,3,3
59320,82,78,4,4
59321,85,83,2,2
59322,109,82,27,27
59323,70,66,4,4
59324,70,66,4,4
59325,109,101,8,8
59326,62,55,7,7
59327,63,62,1,1
59328,67,64,3,3
59329,38,32,6,6
59330,45,42,3,3
59331,111,92,19,19
59332,99,99,0,0
59333,52,51,1,1
59334,93,83,10,10
59335,103,106,-3,3
59336,86,76,10,10
59337,69,60,9,9
59338,52,72,-20,20
59339,215,158,57,57
59340,90,78,12,12
59341,54,48,6,6
59342,110,96,14,14
59343,97,77,20,20
59344,150,100,50,50
59345,142,118,24,24
59346,57,62,-5,5
59347,116,100,16,16
59348,177,145,32,32
59349,109,98,11,11
59350,78,73,5,5
59351,79,74,5,5
59352,51,49,2,2
59353,80,73,7,7
59354,99,98,1,1
59355,49,44,5,5
59356,153,144,9,9
59357,174,153,21,21
59358,100,89,11,11
59359,147,122,25,25
59360,75,88,-13,13
59361,138,112,26,26
59362,78,69,9,9
59363,77,70,7,7
59364,93,74,19,19
59365,148,129,19,19
59366,176,146,30,30
59367,74,66,8,8
59368,178,170,8,8
59369,107,102,5,5
59370,103,86,17,17
59371,125,110,15,15
59372,119,100,19,19
59373,98,91,7,7
59374,69,55,14,14
59375,72,58,14,14
59376,81,81,0,0
59377,54,50,4,4
59378,110,102,8,8
59379,84,76,8,8
59380,148,132,16,16
59381,61,49,12,12
59382,94,93,1,1
59383,79,81,-2,2
59384,77,67,10,10
59385,83,74,9,9
59386,102,83,19,19
59387,99,87,12,12
59388,104,87,17,17
59389,128,122,6,6
59390,73,68,5,5
59391,85,76,9,9
59392,123,124,-1,1
59393,87,80,7,7
59394,135,104,31,31
59395,71,61,10,10
59396,81,88,-7,7
59397,64,54,10,10
59398,71,59,12,12
59399,105,92,13,13
59400,59,51,8,8
59401,140,118,22,22
59402,161,141,20,20
59403,100,81,19,19
59404,89,81,8,8
59405,64,62,2,2
59406,154,139,15,15
59407,167,126,41,41
59408,178,152,26,26
59409,88,68,20,20
59410,79,90,-11,11
59411,72,69,3,3
59412,85,72,13,13
59413,92,80,12,12
59414,71,75,-4,4
59415,60,55,5,5
59416,66,55,11,11
59417,95,77,18,18
59418,82,70,12,12
59419,82,79,3,3
59420,91,73,18,18
59421,121,96,25,25
59422,78,72,6,6
59423,148,126,22,22
59424,95,84,11,11
59425,138,129,9,9
59426,61,58,3,3
59427,66,61,5,5
59428,83,73,10,10
59429,61,60,1,1
59430,60,48,12,12
59431,56,47,9,9
59432,127,111,16,16
59433,62,54,8,8
59434,133,120,13,13
59435,79,64,15,15
59436,123,95,28,28
59437,53,46,7,7
59438,79,73,6,6
59439,126,101,25,25
59440,117,122,-5,5
59441,136,119,17,17
59442,81,98,-17,17
59443,105,117,-12,12
59444,118,111,7,7
59445,66,58,8,8
59446,59,42,17,17
59447,129,120,9,9
59448,93,91,2,2
59449,87,80,7,7
59450,45,47,-2,2
59451,64,54,10,10
59452,121,113,8,8
59453,168,138,30,30
59454,81,67,14,14
59455,99,85,14,14
59456,117,92,25,25
59457,95,74,21,21
59458,66,59,7,7
59459,122,101,21,21
59460,112,109,3,3
59461,71,72,-1,1
59462,172,159,13,13
59463,108,88,20,20
59464,85,74,11,11
59465,130,110,20,20
59466,64,55,9,9
59467,74,74,0,0
59468,63,57,6,6
59469,145,126,19,19
59470,95,87,8,8
59471,138,129,9,9
59472,105,94,11,11
59473,51,51,0,0
59474,109,105,4,4
59475,91,95,-4,4
59476,70,60,10,10
59477,129,115,14,14
59478,106,81,25,25
59479,82,67,15,15
59480,54,46,8,8
59481,151,151,0,0
59482,120,103,17,17
59483,151,131,20,20
59484,96,93,3,3
59485,62,59,3,3
59486,165,143,22,22
59487,138,117,21,21
59488,128,118,10,10
59489,80,63,17,17
59490,94,83,11,11
59491,86,80,6,6
59492,130,116,14,14
59493,154,133,21,21
59494,81,69,12,12
59495,152,132,20,20
59496,52,63,-11,11
59497,65,58,7,7
59498,109,85,24,24
59499,72,62,10,10
59500,103,87,16,16
59501,112,90,22,22
59502,65,67,-2,2
59503,77,74,3,3
59504,189,172,17,17
59505,178,152,26,26
59506,48,52,-4,4
59507,145,130,15,15
59508,47,60,-13,13
59509,146,127,19,19
59510,118,108,10,10
59511,78,71,7,7
59512,93,88,5,5
59513,72,62,10,10
59514,86,79,7,7
59515,118,98,20,20
59516,87,79,8,8
59517,42,44,-2,2
59518,87,85,2,2
59519,87,81,6,6
59520,159,143,16,16
59521,96,87,9,9
59522,50,48,2,2
59523,76,83,-7,7
59524,111,105,6,6
59525,140,123,17,17
59526,133,110,23,23
59527,89,87,2,2
59528,94,88,6,6
59529,60,50,10,10
59530,67,59,8,8
59531,166,131,35,35
59532,74,70,4,4
59533,88,80,8,8
59534,113,99,14,14
59535,114,100,14,14
59536,98,79,19,19
59537,52,50,2,2
59538,109,96,13,13
59539,51,50,1,1
59540,92,79,13,13
59541,79,74,5,5
59542,65,61,4,4
59543,80,74,6,6
59544,130,110,20,20
59545,90,93,-3,3
59546,108,86,22,22
59547,84,83,1,1
59548,160,148,12,12
59549,53,47,6,6
59550,62,61,1,1
59551,65,66,-1,1
59552,65,59,6,6
59553,61,54,7,7
59554,35,36,-1,1
59555,113,97,16,16
59556,69,64,5,5
59557,56,49,7,7
59558,103,100,3,3
59559,76,63,13,13
59560,106,105,1,1
59561,157,140,17,17
59562,150,134,16,16
59563,79,72,7,7
59564,94,84,10,10
59565,59,59,0,0
59566,135,143,-8,8
59567,91,86,5,5
59568,129,115,14,14
59569,80,75,5,5
59570,58,48,10,10
59571,96,73,23,23
59572,160,151,9,9
59573,80,69,11,11
59574,55,52,3,3
59575,101,89,12,12
59576,85,66,19,19
59577,68,63,5,5
59578,95,100,-5,5
59579,110,94,16,16
59580,75,67,8,8
59581,73,69,4,4
59582,90,76,14,14
59583,78,76,2,2
59584,148,125,23,23
59585,94,84,10,10
59586,64,58,6,6
59587,186,157,29,29
59588,40,42,-2,2
59589,74,62,12,12
59590,140,118,22,22
59591,103,89,14,14
59592,179,138,41,41
59593,209,160,49,49
59594,114,105,9,9
59595,44,53,-9,9
59596,84,70,14,14
59597,55,48,7,7
59598,150,130,20,20
59599,64,56,8,8
59600,61,59,2,2
59601,89,79,10,10
59602,129,107,22,22
59603,61,56,5,5
59604,125,100,25,25
59605,129,114,15,15
59606,94,85,9,9
59607,86,69,17,17
59608,124,115,9,9
59609,45,40,5,5
59610,131,108,23,23
59611,89,79,10,10
59612,140,133,7,7
59613,85,79,6,6
59614,178,151,27,27
59615,120,101,19,19
59616,135,113,22,22
59617,72,60,12,12
59618,45,47,-2,2
59619,63,55,8,8
59620,62,62,0,0
59621,87,79,8,8
59622,165,154,11,11
59623,107,119,-12,12
59624,69,71,-2,2
59625,94,84,10,10
59626,58,53,5,5
59627,105,90,15,15
59628,115,107,8,8
59629,92,79,13,13
59630,80,71,9,9
59631,154,144,10,10
59632,61,43,18,18
59633,115,102,13,13
59634,52,49,3,3
59635,69,66,3,3
59636,58,54,4,4
59637,92,89,3,3
59638,56,54,2,2
59639,94,93,1,1
59640,70,66,4,4
59641,126,94,32,32
59642,77,72,5,5
59643,77,65,12,12
59644,160,147,13,13
59645,69,64,5,5
59646,73,66,7,7
59647,72,68,4,4
59648,72,60,12,12
59649,124,103,21,21
59650,78,65,13,13
59651,81,73,8,8
59652,156,138,18,18
59653,67,51,16,16
59654,118,105,13,13
59655,79,61,18,18
59656,81,69,12,12
59657,87,72,15,15
59658,57,62,-5,5
59659,70,169,-99,99
59660,147,93,54,54
59661,141,120,21,21
59662,42,54,-12,12
59663,89,85,4,4
59664,94,84,10,10
59665,103,92,11,11
59666,100,93,7,7
59667,56,55,1,1
59668,85,77,8,8
59669,77,66,11,11
59670,89,81,8,8
59671,125,127,-2,2
59672,41,39,2,2
59673,135,110,25,25
59674,70,72,-2,2
59675,51,41,10,10
59676,86,84,2,2
59677,100,90,10,10
59678,103,97,6,6
59679,62,56,6,6
59680,153,122,31,31
59681,173,157,16,16
59682,137,129,8,8
59683,107,87,20,20
59684,161,133,28,28
59685,139,130,9,9
59686,62,49,13,13
59687,71,56,15,15
59688,104,113,-9,9
59689,115,100,15,15
59690,144,129,15,15
59691,76,70,6,6
59692,168,150,18,18
59693,76,64,12,12
59694,78,73,5,5
59695,94,106,-12,12
59696,92,77,15,15
59697,96,82,14,14
59698,131,109,22,22
59699,93,87,6,6
59700,93,75,18,18
59701,60,57,3,3
59702,78,58,20,20
59703,72,74,-2,2
59704,141,98,43,43
59705,116,99,17,17
59706,83,81,2,2
59707,78,75,3,3
59708,79,69,10,10
59709,113,105,8,8
59710,46,49,-3,3
59711,93,89,4,4
59712,99,81,18,18
59713,103,101,2,2
59714,98,81,17,17
59715,113,97,16,16
59716,121,129,-8,8
59717,58,54,4,4
59718,92,80,12,12
59719,89,85,4,4
59720,99,91,8,8
59721,89,81,8,8
59722,79,73,6,6
59723,138,119,19,19
59724,79,70,9,9
59725,73,70,3,3
59726,88,75,13,13
59727,73,75,-2,2
59728,95,87,8,8
59729,104,97,7,7
59730,77,65,12,12
59731,54,53,1,1
59732,128,117,11,11
59733,88,83,5,5
59734,89,81,8,8
59735,100,94,6,6
59736,132,120,12,12
59737,73,73,0,0
59738,69,63,6,6
59739,88,69,19,19
59740,127,114,13,13
59741,135,122,13,13
59742,71,56,15,15
59743,133,117,16,16
59744,98,89,9,9
59745,96,71,25,25
59746,121,104,17,17
59747,110,91,19,19
59748,63,60,3,3
59749,149,134,15,15
59750,75,81,-6,6
59751,61,65,-4,4
59752,203,165,38,38
59753,106,98,8,8
59754,90,76,14,14
59755,111,86,25,25
59756,98,79,19,19
59757,70,79,-9,9
59758,77,64,13,13
59759,65,67,-2,2
59760,110,98,12,12
59761,82,83,-1,1
59762,135,122,13,13
59763,133,119,14,14
59764,93,80,13,13
59765,96,94,2,2
59766,83,74,9,9
59767,83,75,8,8
59768,114,91,23,23
59769,169,158,11,11
59770,83,58,25,25
59771,87,79,8,8
59772,80,79,1,1
59773,64,59,5,5
59774,185,162,23,23
59775,110,89,21,21
59776,109,91,18,18
59777,52,45,7,7
59778,103,91,12,12
59779,34,37,-3,3
59780,69,104,-35,35
59781,154,133,21,21
59782,149,132,17,17
59783,81,72,9,9
59784,81,75,6,6
59785,68,62,6,6
59786,93,76,17,17
59787,57,47,10,10
59788,129,116,13,13
59789,98,84,14,14
59790,117,114,3,3
59791,76,75,1,1
59792,36,31,5,5
59793,130,112,18,18
59794,81,72,9,9
59795,72,74,-2,2
59796,76,72,4,4
59797,63,62,1,1
59798,97,85,12,12
59799,61,57,4,4
59800,85,76,9,9
59801,110,123,-13,13
59802,85,71,14,14
59803,77,78,-1,1
59804,127,108,19,19
59805,49,43,6,6
59806,85,77,8,8
59807,83,86,-3,3
59808,132,128,4,4
59809,136,124,12,12
59810,73,62,11,11
59811,71,67,4,4
59812,79,66,13,13
59813,88,85,3,3
59814,70,115,-45,45
59815,75,64,11,11
59816,46,37,9,9
59817,101,84,17,17
59818,128,130,-2,2
59819,92,76,16,16
59820,149,111,38,38
59821,122,72,50,50
59822,79,90,-11,11
59823,48,53,-5,5
59824,101,93,8,8
59825,94,80,14,14
59826,125,114,11,11
59827,91,93,-2,2
59828,78,70,8,8
59829,121,109,12,12
59830,166,133,33,33
59831,96,84,12,12
59832,124,130,-6,6
59833,159,138,21,21
59834,66,60,6,6
59835,82,64,18,18
59836,75,68,7,7
59837,59,49,10,10
59838,85,76,9,9
59839,99,78,21,21
59840,148,126,22,22
59841,109,89,20,20
59842,81,76,5,5
59843,99,82,17,17
59844,47,43,4,4
59845,78,72,6,6
59846,85,75,10,10
59847,76,77,-1,1
59848,54,46,8,8
59849,106,99,7,7
59850,83,70,13,13
59851,66,59,7,7
59852,47,52,-5,5
59853,60,60,0,0
59854,109,100,9,9
59855,122,112,10,10
59856,92,81,11,11
59857,102,82,20,20
59858,130,126,4,4
59859,104,89,15,15
59860,106,82,24,24
59861,74,66,8,8
59862,149,135,14,14
59863,46,53,-7,7
59864,55,46,9,9
59865,81,71,10,10
59866,86,79,7,7
59867,159,137,22,22
59868,49,44,5,5
59869,76,70,6,6
59870,109,98,11,11
59871,88,68,20,20
59872,66,58,8,8
59873,95,84,11,11
59874,123,109,14,14
59875,49,48,1,1
59876,60,47,13,13
59877,140,125,15,15
59878,72,56,16,16
59879,103,98,5,5
59880,88,81,7,7
59881,94,85,9,9
59882,97,86,11,11
59883,112,99,13,13
59884,37,44,-7,7
59885,70,66,4,4
59886,217,183,34,34
59887,159,124,35,35
59888,86,74,12,12
59889,116,104,12,12
59890,76,65,11,11
59891,159,131,28,28
59892,102,91,11,11
59893,72,68,4,4
59894,102,97,5,5
59895,94,78,16,16
59896,56,50,6,6
59897,136,127,9,9
59898,78,67,11,11
59899,75,71,4,4
59900,138,121,17,17
59901,79,66,13,13
59902,89,86,3,3
59903,63,63,0,0
59904,59,50,9,9
59905,127,115,12,12
59906,100,81,19,19
59907,60,57,3,3
59908,100,90,10,10
59909,108,90,18,18
59910,152,132,20,20
59911,118,105,13,13
59912,81,73,8,8
59913,49,43,6,6
59914,90,77,13,13
59915,97,85,12,12
59916,90,82,8,8
59917,138,120,18,18
59918,116,118,-2,2
59919,86,76,10,10
59920,106,84,22,22
59921,155,131,24,24
59922,100,87,13,13
59923,66,59,7,7
59924,84,73,11,11
59925,103,93,10,10
59926,56,59,-3,3
59927,100,86,14,14
59928,93,80,13,13
59929,135,128,7,7
59930,32,33,-1,1
59931,93,96,-3,3
59932,107,116,-9,9
59933,62,59,3,3
59934,59,54,5,5
59935,91,82,9,9
59936,75,70,5,5
59937,73,67,6,6
59938,96,89,7,7
59939,115,105,10,10
59940,63,63,0,0
59941,85,82,3,3
59942,72,72,0,0
59943,158,159,-1,1
59944,91,73,18,18
59945,69,69,0,0
59946,89,102,-13,13
59947,74,71,3,3
59948,104,220,-116,116
59949,49,49,0,0
59950,99,83,16,16
59951,127,111,16,16
59952,73,71,2,2
59953,49,51,-2,2
59954,87,80,7,7
59955,157,135,22,22
59956,80,81,-1,1
59957,144,109,35,35
59958,83,84,-1,1
59959,131,121,10,10
59960,95,91,4,4
59961,141,127,14,14
59962,89,93,-4,4
59963,59,47,12,12
59964,86,76,10,10
59965,118,106,12,12
59966,78,77,1,1
59967,148,129,19,19
59968,59,49,10,10
59969,104,98,6,6
59970,85,73,12,12
59971,103,97,6,6
59972,236,190,46,46
59973,66,69,-3,3
59974,50,61,-11,11
59975,77,63,14,14
59976,114,88,26,26
59977,85,75,10,10
59978,88,78,10,10
59979,74,62,12,12
59980,71,65,6,6
59981,155,136,19,19
59982,62,61,1,1
59983,100,85,15,15
59984,82,83,-1,1
59985,113,99,14,14
59986,104,91,13,13
59987,104,90,14,14
59988,105,112,-7,7
59989,153,130,23,23
59990,76,65,11,11
59991,85,66,19,19
59992,119,117,2,2
59993,106,89,17,17
59994,73,71,2,2
59995,137,112,25,25
59996,79,65,14,14
59997,186,167,19,19
59998,63,59,4,4
59999,93,80,13,13
60000,126,126,0,0
60001,70,60,10,10
60002,128,106,22,22
60003,61,55,6,6
60004,83,70,13,13
60005,108,89,19,19
60006,87,84,3,3
60007,97,91,6,6
60008,62,59,3,3
60009,129,119,10,10
60010,124,104,20,20
60011,63,60,3,3
60012,138,120,18,18
60013,53,44,9,9
60014,76,63,13,13
60015,138,134,4,4
60016,123,119,4,4
60017,57,45,12,12
60018,83,74,9,9
60019,96,94,2,2
60020,119,117,2,2
60021,72,60,12,12
60022,78,60,18,18
60023,106,86,20,20
60024,83,66,17,17
60025,71,57,14,14
60026,205,168,37,37
60027,59,58,1,1
60028,57,46,11,11
60029,90,77,13,13
60030,34,54,-20,20
60031,215,169,46,46
60032,85,78,7,7
60033,158,143,15,15
60034,136,117,19,19
60035,55,43,12,12
60036,119,103,16,16
60037,109,130,-21,21
60038,57,49,8,8
60039,92,78,14,14
60040,99,85,14,14
60041,95,82,13,13
60042,74,59,15,15
60043,84,70,14,14
60044,107,91,16,16
60045,78,64,14,14
60046,64,62,2,2
60047,66,67,-1,1
60048,88,76,12,12
60049,135,107,28,28
60050,139,119,20,20
60051,126,138,-12,12
60052,82,74,8,8
60053,70,58,12,12
60054,81,78,3,3
60055,60,59,1,1
60056,56,50,6,6
60057,131,113,18,18
60058,59,54,5,5
60059,83,67,16,16
60060,145,131,14,14
60061,86,76,10,10
60062,102,93,9,9
60063,77,70,7,7
60064,136,110,26,26
60065,68,57,11,11
60066,81,68,13,13
60067,82,67,15,15
60068,85,74,11,11
60069,121,109,12,12
60070,69,63,6,6
60071,56,54,2,2
60072,170,148,22,22
60073,123,115,8,8
60074,71,61,10,10
60075,77,68,9,9
60076,140,121,19,19
60077,141,119,22,22
60078,98,87,11,11
60079,93,77,16,16
60080,69,74,-5,5
60081,104,90,14,14
60082,53,55,-2,2
60083,75,70,5,5
60084,120,107,13,13
60085,86,81,5,5
60086,98,87,11,11
60087,84,72,12,12
60088,88,71,17,17
60089,113,102,11,11
60090,74,66,8,8
60091,91,80,11,11
60092,149,123,26,26
60093,82,72,10,10
60094,84,72,12,12
60095,195,168,27,27
60096,117,114,3,3
60097,120,114,6,6
60098,180,152,28,28
60099,80,82,-2,2
60100,122,108,14,14
60101,135,117,18,18
60102,159,150,9,9
60103,107,97,10,10
60104,76,70,6,6
60105,85,76,9,9
60106,87,74,13,13
60107,88,72,16,16
60108,41,39,2,2
60109,78,67,11,11
60110,61,52,9,9
60111,87,77,10,10
60112,129,105,24,24
60113,84,75,9,9
60114,142,118,24,24
60115,126,118,8,8
60116,89,77,12,12
60117,74,57,17,17
60118,51,48,3,3
60119,141,116,25,25
60120,83,71,12,12
60121,120,142,-22,22
60122,144,131,13,13
60123,67,66,1,1
60124,82,78,4,4
60125,67,63,4,4
60126,85,77,8,8
60127,62,42,20,20
60128,106,97,9,9
60129,59,53,6,6
60130,73,64,9,9
60131,145,126,19,19
60132,65,56,9,9
60133,72,63,9,9
60134,118,98,20,20
60135,105,107,-2,2
60136,71,63,8,8
60137,96,91,5,5
60138,111,95,16,16
60139,73,81,-8,8
60140,88,72,16,16
60141,210,183,27,27
60142,104,88,16,16
60143,76,62,14,14
60144,43,42,1,1
60145,110,90,20,20
60146,93,74,19,19
60147,114,99,15,15
60148,190,176,14,14
60149,87,75,12,12
60150,85,69,16,16
60151,95,86,9,9
60152,97,108,-11,11
60153,58,54,4,4
60154,126,124,2,2
60155,145,120,25,25
60156,61,58,3,3
60157,113,88,25,25
60158,42,38,4,4
60159,108,90,18,18
60160,93,75,18,18
60161,157,139,18,18
60162,75,69,6,6
60163,59,55,4,4
60164,101,80,21,21
60165,83,69,14,14
60166,95,81,14,14
60167,100,90,10,10
60168,69,58,11,11
60169,108,102,6,6
60170,79,64,15,15
60171,105,90,15,15
60172,98,103,-5,5
60173,123,120,3,3
60174,103,95,8,8
60175,158,140,18,18
60176,98,86,12,12
60177,128,115,13,13
60178,54,49,5,5
60179,54,52,2,2
60180,86,76,10,10
60181,119,109,10,10
60182,67,58,9,9
60183,114,102,12,12
60184,104,92,12,12
60185,81,74,7,7
60186,84,70,14,14
60187,86,75,11,11
60188,93,83,10,10
60189,75,62,13,13
60190,69,64,5,5
60191,96,78,18,18
60192,117,108,9,9
60193,164,137,27,27
60194,121,107,14,14
60195,93,77,16,16
60196,91,76,15,15
60197,144,124,20,20
60198,101,93,8,8
60199,135,110,25,25
60200,102,91,11,11
60201,83,75,8,8
60202,88,72,16,16
60203,101,97,4,4
60204,102,92,10,10
60205,102,99,3,3
60206,105,92,13,13
60207,99,96,3,3
60208,151,130,21,21
60209,67,66,1,1
60210,164,130,34,34
60211,85,78,7,7
60212,89,85,4,4
60213,59,53,6,6
60214,94,78,16,16
60215,123,106,17,17
60216,79,87,-8,8
60217,74,61,13,13
60218,176,155,21,21
60219,59,59,0,0
60220,100,94,6,6
60221,123,112,11,11
60222,104,96,8,8
60223,145,140,5,5
60224,97,90,7,7
60225,175,154,21,21
60226,63,55,8,8
60227,124,124,0,0
60228,68,51,17,17
60229,139,122,17,17
60230,78,67,11,11
60231,79,60,19,19
60232,48,49,-1,1
60233,141,127,14,14
60234,136,110,26,26
60235,123,120,3,3
60236,85,77,8,8
60237,128,107,21,21
60238,97,80,17,17
60239,63,57,6,6
60240,141,133,8,8
60241,87,74,13,13
60242,93,90,3,3
60243,54,44,10,10
60244,133,108,25,25
60245,50,48,2,2
60246,71,63,8,8
60247,75,68,7,7
60248,165,149,16,16
60249,64,56,8,8
60250,95,76,19,19
60251,65,55,10,10
60252,106,92,14,14
60253,91,72,19,19
60254,70,69,1,1
60255,124,111,13,13
60256,48,53,-5,5
60257,74,69,5,5
60258,64,55,9,9
60259,104,90,14,14
60260,82,74,8,8
60261,82,77,5,5
60262,147,139,8,8
60263,123,94,29,29
60264,81,76,5,5
60265,146,141,5,5
60266,88,75,13,13
60267,78,66,12,12
60268,118,113,5,5
60269,160,145,15,15
60270,176,153,23,23
60271,133,112,21,21
60272,122,109,13,13
60273,74,70,4,4
60274,75,72,3,3
60275,116,105,11,11
60276,116,101,15,15
60277,126,110,16,16
60278,53,51,2,2
60279,58,74,-16,16
60280,169,150,19,19
60281,100,103,-3,3
60282,56,54,2,2
60283,63,62,1,1
60284,58,49,9,9
60285,56,57,-1,1
60286,131,125,6,6
60287,74,61,13,13
60288,143,125,18,18
60289,127,123,4,4
60290,98,89,9,9
60291,60,49,11,11
60292,65,74,-9,9
60293,76,60,16,16
60294,72,63,9,9
60295,83,72,11,11
60296,41,41,0,0
60297,91,80,11,11
60298,125,118,7,7
60299,119,114,5,5
60300,92,71,21,21
60301,100,102,-2,2
60302,125,109,16,16
60303,95,83,12,12
60304,108,93,15,15
60305,118,105,13,13
60306,124,123,1,1
60307,31,29,2,2
60308,175,161,14,14
60309,122,113,9,9
60310,117,114,3,3
60311,30,44,-14,14
60312,184,158,26,26
60313,93,81,12,12
60314,98,86,12,12
60315,82,74,8,8
60316,91,68,23,23
60317,67,65,2,2
60318,103,65,38,38
60319,127,124,3,3
60320,64,54,10,10
60321,70,73,-3,3
60322,68,64,4,4
60323,87,88,-1,1
60324,103,89,14,14
60325,91,78,13,13
60326,77,63,14,14
60327,70,56,14,14
60328,90,83,7,7
60329,64,57,7,7
60330,53,48,5,5
60331,87,71,16,16
60332,112,90,22,22
60333,91,83,8,8
60334,132,122,10,10
60335,116,107,9,9
60336,99,95,4,4
60337,80,65,15,15
60338,125,116,9,9
60339,83,68,15,15
60340,123,119,4,4
60341,126,107,19,19
60342,114,107,7,7
60343,139,121,18,18
60344,135,132,3,3
60345,61,51,10,10
60346,70,68,2,2
60347,112,95,17,17
60348,79,69,10,10
60349,58,57,1,1
60350,131,128,3,3
60351,154,136,18,18
60352,85,76,9,9
60353,116,94,22,22
60354,71,71,0,0
60355,62,68,-6,6
60356,72,66,6,6
60357,137,125,12,12
60358,152,142,10,10
60359,85,71,14,14
60360,63,57,6,6
60361,67,50,17,17
60362,108,104,4,4
60363,120,119,1,1
60364,103,92,11,11
60365,96,93,3,3
60366,108,102,6,6
60367,49,96,-47,47
60368,83,83,0,0
60369,91,75,16,16
60370,112,97,15,15
60371,148,128,20,20
60372,110,106,4,4
60373,90,80,10,10
60374,71,51,20,20
60375,95,95,0,0
60376,78,63,15,15
60377,102,95,7,7
60378,99,85,14,14
60379,71,66,5,5
60380,103,91,12,12
60381,75,69,6,6
60382,128,116,12,12
60383,37,35,2,2
60384,82,69,13,13
60385,82,79,3,3
60386,105,97,8,8
60387,96,86,10,10
60388,57,47,10,10
60389,135,127,8,8
60390,87,82,5,5
60391,75,82,-7,7
60392,75,77,-2,2
60393,127,106,21,21
60394,105,95,10,10
60395,61,54,7,7
60396,66,87,-21,21
60397,140,120,20,20
60398,129,118,11,11
60399,150,124,26,26
60400,109,95,14,14
60401,115,122,-7,7
60402,118,102,16,16
60403,58,50,8,8
60404,79,62,17,17
60405,28,33,-5,5
60406,173,140,33,33
60407,89,83,6,6
60408,95,81,14,14
60409,71,69,2,2
60410,87,80,7,7
60411,77,63,14,14
60412,106,97,9,9
60413,88,81,7,7
60414,74,71,3,3
60415,66,53,13,13
60416,64,73,-9,9
60417,115,110,5,5
60418,59,51,8,8
60419,142,119,23,23
60420,73,60,13,13
60421,138,121,17,17
60422,110,99,11,11
60423,81,79,2,2
60424,143,142,1,1
60425,137,111,26,26
60426,177,151,26,26
60427,100,91,9,9
60428,112,104,8,8
60429,136,117,19,19
60430,48,40,8,8
60431,112,124,-12,12
60432,115,104,11,11
60433,134,120,14,14
60434,97,96,1,1
60435,86,74,12,12
60436,115,97,18,18
60437,80,67,13,13
60438,157,135,22,22
60439,59,51,8,8
60440,118,106,12,12
60441,64,68,-4,4
60442,123,107,16,16
60443,70,70,0,0
60444,60,57,3,3
60445,76,71,5,5
60446,161,145,16,16
60447,129,127,2,2
60448,66,59,7,7
60449,104,87,17,17
60450,86,72,14,14
60451,53,48,5,5
60452,76,65,11,11
60453,202,169,33,33
60454,81,69,12,12
60455,136,123,13,13
60456,80,66,14,14
60457,54,50,4,4
60458,71,58,13,13
60459,37,39,-2,2
60460,92,78,14,14
60461,81,82,-1,1
60462,94,107,-13,13
60463,116,102,14,14
60464,89,82,7,7
60465,123,105,18,18
60466,95,83,12,12
60467,114,100,14,14
60468,134,127,7,7
60469,153,140,13,13
60470,82,70,12,12
60471,104,86,18,18
60472,101,98,3,3
60473,73,57,16,16
60474,121,115,6,6
60475,147,119,28,28
60476,70,68,2,2
60477,126,112,14,14
60478,284,224,60,60
60479,124,123,1,1
60480,107,93,14,14
60481,78,70,8,8
60482,116,102,14,14
60483,139,120,19,19
60484,127,109,18,18
60485,61,60,1,1
60486,56,50,6,6
60487,105,91,14,14
60488,68,66,2,2
60489,101,84,17,17
60490,64,66,-2,2
60491,70,64,6,6
60492,129,115,14,14
60493,86,75,11,11
60494,71,65,6,6
60495,57,129,-72,72
60496,63,72,-9,9
60497,100,81,19,19
60498,138,132,6,6
60499,143,123,20,20
60500,123,107,16,16
60501,114,108,6,6
60502,69,62,7,7
60503,71,67,4,4
60504,65,49,16,16
60505,94,94,0,0
60506,73,72,1,1
60507,77,71,6,6
60508,68,65,3,3
60509,126,124,2,2
60510,133,114,19,19
60511,111,112,-1,1
60512,80,71,9,9
60513,74,72,2,2
60514,91,77,14,14
60515,111,109,2,2
60516,100,88,12,12
60517,191,156,35,35
60518,124,102,22,22
60519,55,49,6,6
60520,113,94,19,19
60521,34,37,-3,3
60522,108,91,17,17
60523,74,63,11,11
60524,163,135,28,28
60525,135,108,27,27
60526,86,88,-2,2
60527,122,107,15,15
60528,135,121,14,14
60529,68,69,-1,1
60530,75,65,10,10
60531,127,127,0,0
60532,65,64,1,1
60533,83,78,5,5
60534,103,84,19,19
60535,79,68,11,11
60536,77,69,8,8
60537,116,109,7,7
60538,123,107,16,16
60539,70,62,8,8
60540,66,60,6,6
60541,102,99,3,3
60542,108,117,-9,9
60543,64,51,13,13
60544,116,116,0,0
60545,154,145,9,9
60546,78,70,8,8
60547,97,92,5,5
60548,64,63,1,1
60549,109,99,10,10
60550,109,86,23,23
60551,110,104,6,6
60552,124,108,16,16
60553,50,45,5,5
60554,75,61,14,14
60555,112,107,5,5
60556,72,69,3,3
60557,113,100,13,13
60558,70,73,-3,3
60559,112,76,36,36
60560,71,63,8,8
60561,117,106,11,11
60562,88,74,14,14
60563,88,71,17,17
60564,96,77,19,19
60565,114,108,6,6
60566,46,48,-2,2
60567,82,76,6,6
60568,77,65,12,12
60569,68,63,5,5
60570,79,78,1,1
60571,78,71,7,7
60572,48,44,4,4
60573,55,50,5,5
60574,110,100,10,10
60575,106,94,12,12
60576,88,72,16,16
60577,90,88,2,2
60578,84,84,0,0
60579,78,75,3,3
60580,108,105,3,3
60581,52,54,-2,2
60582,162,128,34,34
60583,46,44,2,2
60584,100,96,4,4
60585,95,83,12,12
60586,138,126,12,12
60587,53,47,6,6
60588,100,85,15,15
60589,93,81,12,12
60590,90,99,-9,9
60591,103,98,5,5
60592,92,75,17,17
60593,52,43,9,9
60594,104,92,12,12
60595,49,48,1,1
60596,82,69,13,13
60597,104,87,17,17
60598,167,149,18,18
60599,58,56,2,2
60600,79,71,8,8
60601,75,62,13,13
60602,70,65,5,5
60603,78,73,5,5
60604,70,63,7,7
60605,130,122,8,8
60606,90,83,7,7
60607,68,63,5,5
60608,97,94,3,3
60609,83,74,9,9
60610,51,47,4,4
60611,70,67,3,3
60612,35,48,-13,13
60613,24,52,-28,28
60614,113,88,25,25
60615,133,114,19,19
60616,90,84,6,6
60617,84,74,10,10
60618,86,75,11,11
60619,63,56,7,7
60620,51,47,4,4
60621,153,133,20,20
60622,113,99,14,14
60623,47,47,0,0
60624,111,94,17,17
60625,67,56,11,11
60626,51,74,-23,23
60627,57,59,-2,2
60628,67,51,16,16
60629,149,129,20,20
60630,71,61,10,10
60631,100,100,0,0
60632,94,85,9,9
60633,61,54,7,7
60634,100,80,20,20
60635,147,131,16,16
60636,92,83,9,9
60637,79,73,6,6
60638,95,88,7,7
60639,155,144,11,11
60640,88,72,16,16
60641,149,149,0,0
60642,128,117,11,11
60643,73,52,21,21
60644,124,110,14,14
60645,78,72,6,6
60646,73,66,7,7
60647,104,91,13,13
60648,124,95,29,29
60649,65,58,7,7
60650,98,91,7,7
60651,100,85,15,15
60652,79,67,12,12
60653,216,173,43,43
60654,77,71,6,6
60655,64,69,-5,5
60656,43,43,0,0
60657,124,102,22,22
60658,87,75,12,12
60659,98,86,12,12
60660,91,77,14,14
60661,81,69,12,12
60662,109,107,2,2
60663,61,67,-6,6
60664,86,82,4,4
60665,126,110,16,16
60666,85,74,11,11
60667,94,103,-9,9
60668,68,59,9,9
60669,77,68,9,9
60670,72,64,8,8
60671,107,97,10,10
60672,83,77,6,6
60673,116,107,9,9
60674,59,51,8,8
60675,53,46,7,7
60676,137,125,12,12
60677,128,105,23,23
60678,97,86,11,11
60679,97,87,10,10
60680,75,64,11,11
60681,107,86,21,21
60682,96,84,12,12
60683,139,119,20,20
60684,62,55,7,7
60685,90,79,11,11
60686,104,98,6,6
60687,124,109,15,15
60688,107,99,8,8
60689,124,120,4,4
60690,105,92,13,13
60691,134,126,8,8
60692,122,103,19,19
60693,70,69,1,1
60694,152,137,15,15
60695,95,83,12,12
60696,67,80,-13,13
60697,109,93,16,16
60698,170,185,-15,15
60699,80,70,10,10
60700,88,76,12,12
60701,131,92,39,39
60702,84,72,12,12
60703,97,94,3,3
60704,149,118,31,31
60705,79,77,2,2
60706,93,94,-1,1
60707,81,71,10,10
60708,125,115,10,10
60709,82,71,11,11
60710,79,72,7,7
60711,65,51,14,14
60712,95,88,7,7
60713,111,107,4,4
60714,113,98,15,15
60715,119,110,9,9
60716,68,65,3,3
60717,135,108,27,27
60718,102,81,21,21
60719,96,101,-5,5
60720,107,102,5,5
60721,86,72,14,14
60722,158,123,35,35
60723,141,121,20,20
60724,129,123,6,6
60725,49,40,9,9
60726,149,134,15,15
60727,114,101,13,13
60728,40,41,-1,1
60729,55,52,3,3
60730,85,71,14,14
60731,65,56,9,9
60732,97,96,1,1
60733,148,131,17,17
60734,141,118,23,23
60735,69,55,14,14
60736,80,73,7,7
60737,158,131,27,27
60738,75,74,1,1
60739,88,80,8,8
60740,110,92,18,18
60741,82,78,4,4
60742,58,61,-3,3
60743,76,67,9,9
60744,48,46,2,2
60745,106,82,24,24
60746,108,96,12,12
60747,191,160,31,31
60748,100,87,13,13
60749,58,56,2,2
60750,117,107,10,10
60751,233,175,58,58
60752,78,78,0,0
60753,83,69,14,14
60754,66,61,5,5
60755,55,51,4,4
60756,77,73,4,4
60757,102,87,15,15
60758,62,51,11,11
60759,71,63,8,8
60760,139,124,15,15
60761,132,124,8,8
60762,94,90,4,4
60763,107,102,5,5
60764,60,62,-2,2
60765,94,99,-5,5
60766,72,53,19,19
60767,86,77,9,9
60768,75,71,4,4
60769,87,75,12,12
60770,148,121,27,27
60771,120,98,22,22
60772,68,61,7,7
60773,81,67,14,14
60774,222,193,29,29
60775,68,57,11,11
60776,103,101,2,2
60777,133,103,30,30
60778,135,105,30,30
60779,97,83,14,14
60780,56,54,2,2
60781,73,61,12,12
60782,110,101,9,9
60783,116,105,11,11
60784,46,35,11,11
60785,119,103,16,16
60786,42,41,1,1
60787,71,77,-6,6
60788,80,63,17,17
60789,87,80,7,7
60790,73,66,7,7
60791,99,84,15,15
60792,36,39,-3,3
60793,70,60,10,10
60794,55,46,9,9
60795,104,91,13,13
60796,135,125,10,10
60797,103,88,15,15
60798,83,76,7,7
60799,87,71,16,16
60800,78,67,11,11
60801,68,65,3,3
60802,70,68,2,2
60803,112,92,20,20
60804,99,90,9,9
60805,103,94,9,9
60806,87,76,11,11
60807,105,93,12,12
60808,94,84,10,10
60809,185,159,26,26
60810,167,151,16,16
60811,67,66,1,1
60812,98,73,25,25
60813,109,103,6,6
60814,139,125,14,14
60815,88,78,10,10
60816,117,100,17,17
60817,101,104,-3,3
60818,124,123,1,1
60819,182,141,41,41
60820,198,161,37,37
60821,115,104,11,11
60822,92,86,6,6
60823,77,65,12,12
60824,104,94,10,10
60825,75,65,10,10
60826,93,74,19,19
60827,173,161,12,12
60828,121,115,6,6
60829,141,94,47,47
60830,66,74,-8,8
60831,72,58,14,14
60832,104,101,3,3
60833,103,89,14,14
60834,81,72,9,9
60835,122,91,31,31
60836,131,107,24,24
60837,58,55,3,3
60838,106,95,11,11
60839,119,99,20,20
60840,57,45,12,12
60841,77,68,9,9
60842,67,52,15,15
60843,85,74,11,11
60844,62,63,-1,1
60845,140,125,15,15
60846,72,69,3,3
60847,125,115,10,10
60848,166,146,20,20
60849,133,112,21,21
60850,101,75,26,26
60851,156,139,17,17
60852,68,62,6,6
60853,70,66,4,4
60854,127,111,16,16
60855,89,76,13,13
60856,111,89,22,22
60857,154,122,32,32
60858,91,80,11,11
60859,59,57,2,2
60860,105,94,11,11
60861,108,113,-5,5
60862,87,86,1,1
60863,143,124,19,19
60864,88,76,12,12
60865,83,76,7,7
60866,105,86,19,19
60867,96,91,5,5
60868,95,82,13,13
60869,104,101,3,3
60870,97,103,-6,6
60871,111,103,8,8
60872,93,80,13,13
60873,54,44,10,10
60874,90,85,5,5
60875,52,50,2,2
60876,85,79,6,6
60877,114,103,11,11
60878,152,143,9,9
60879,79,54,25,25
60880,118,112,6,6
60881,85,61,24,24
60882,94,76,18,18
60883,49,46,3,3
60884,56,52,4,4
60885,156,132,24,24
60886,55,44,11,11
60887,116,104,12,12
60888,84,77,7,7
60889,105,90,15,15
60890,122,105,17,17
60891,80,76,4,4
60892,89,65,24,24
60893,117,102,15,15
60894,50,40,10,10
60895,65,63,2,2
60896,115,108,7,7
60897,78,66,12,12
60898,112,104,8,8
60899,84,72,12,12
60900,144,134,10,10
60901,95,82,13,13
60902,125,115,10,10
60903,115,118,-3,3
60904,76,65,11,11
60905,119,104,15,15
60906,133,140,-7,7
60907,90,73,17,17
60908,112,96,16,16
60909,76,66,10,10
60910,147,127,20,20
60911,55,53,2,2
60912,131,108,23,23
60913,116,97,19,19
60914,84,73,11,11
60915,72,61,11,11
60916,73,65,8,8
60917,43,40,3,3
60918,73,64,9,9
60919,82,83,-1,1
60920,56,55,1,1
60921,99,81,18,18
60922,105,90,15,15
60923,79,78,1,1
60924,138,113,25,25
60925,111,105,6,6
60926,36,44,-8,8
60927,138,120,18,18
60928,89,84,5,5
60929,93,74,19,19
60930,132,123,9,9
60931,108,92,16,16
60932,66,63,3,3
60933,71,64,7,7
60934,65,56,9,9
60935,200,173,27,27
60936,72,93,-21,21
60937,232,205,27,27
60938,75,68,7,7
60939,186,151,35,35
60940,125,107,18,18
60941,95,95,0,0
60942,203,150,53,53
60943,176,141,35,35
60944,129,116,13,13
60945,76,70,6,6
60946,143,129,14,14
60947,49,46,3,3
60948,92,81,11,11
60949,92,81,11,11
60950,75,74,1,1
60951,105,85,20,20
60952,155,125,30,30
60953,95,89,6,6
60954,86,86,0,0
60955,132,111,21,21
60956,46,44,2,2
60957,69,65,4,4
60958,58,63,-5,5
60959,140,122,18,18
60960,70,55,15,15
60961,89,82,7,7
60962,84,63,21,21
60963,124,109,15,15
60964,71,66,5,5
60965,127,115,12,12
60966,69,65,4,4
60967,111,93,18,18
60968,125,114,11,11
60969,85,81,4,4
60970,76,65,11,11
60971,85,80,5,5
60972,55,50,5,5
60973,92,81,11,11
60974,182,156,26,26
60975,89,75,14,14
60976,102,85,17,17
60977,113,105,8,8
60978,131,123,8,8
60979,133,129,4,4
60980,98,85,13,13
60981,154,125,29,29
60982,99,88,11,11
60983,114,101,13,13
60984,110,91,19,19
60985,125,95,30,30
60986,52,56,-4,4
60987,42,34,8,8
60988,80,66,14,14
60989,83,72,11,11
60990,143,125,18,18
60991,56,60,-4,4
60992,131,116,15,15
60993,112,115,-3,3
60994,110,99,11,11
60995,104,88,16,16
60996,71,65,6,6
60997,36,32,4,4
60998,57,57,0,0
60999,72,70,2,2
61000,119,95,24,24
61001,194,162,32,32
61002,107,88,19,19
61003,123,107,16,16
61004,87,72,15,15
61005,157,136,21,21
61006,75,68,7,7
61007,94,84,10,10
61008,85,75,10,10
61009,85,77,8,8
61010,44,44,0,0
61011,78,72,6,6
61012,97,74,23,23
61013,34,45,-11,11
61014,38,37,1,1
61015,93,78,15,15
61016,113,97,16,16
61017,130,112,18,18
61018,46,39,7,7
61019,94,91,3,3
61020,144,119,25,25
61021,60,56,4,4
61022,110,100,10,10
61023,78,72,6,6
61024,172,155,17,17
61025,117,115,2,2
61026,60,65,-5,5
61027,114,92,22,22
61028,136,134,2,2
61029,130,127,3,3
61030,140,120,20,20
61031,58,57,1,1
61032,87,75,12,12
61033,154,132,22,22
61034,84,79,5,5
61035,78,64,14,14
61036,224,238,-14,14
61037,77,68,9,9
61038,114,99,15,15
61039,64,54,10,10
61040,145,128,17,17
61041,62,51,11,11
61042,123,109,14,14
61043,126,114,12,12
61044,59,64,-5,5
61045,59,62,-3,3
61046,65,71,-6,6
61047,81,77,4,4
61048,104,89,15,15
61049,94,86,8,8
61050,131,119,12,12
61051,60,49,11,11
61052,111,91,20,20
61053,159,132,27,27
61054,145,133,12,12
61055,67,58,9,9
61056,114,98,16,16
61057,82,73,9,9
61058,93,84,9,9
61059,53,53,0,0
61060,83,77,6,6
61061,101,96,5,5
61062,112,116,-4,4
61063,71,51,20,20
61064,86,72,14,14
61065,49,92,-43,43
61066,59,56,3,3
61067,125,106,19,19
61068,157,145,12,12
61069,90,84,6,6
61070,160,154,6,6
61071,128,100,28,28
61072,78,73,5,5
61073,153,139,14,14
61074,87,87,0,0
61075,133,113,20,20
61076,96,89,7,7
61077,88,88,0,0
61078,69,70,-1,1
61079,150,147,3,3
61080,134,110,24,24
61081,122,111,11,11
61082,91,82,9,9
61083,156,134,22,22
61084,76,70,6,6
61085,44,38,6,6
61086,117,111,6,6
61087,110,98,12,12
61088,101,76,25,25
61089,81,69,12,12
61090,52,45,7,7
61091,164,149,15,15
61092,40,38,2,2
61093,80,76,4,4
61094,129,109,20,20
61095,131,108,23,23
61096,87,79,8,8
61097,79,66,13,13
61098,110,94,16,16
61099,120,102,18,18
61100,100,104,-4,4
61101,113,102,11,11
61102,97,105,-8,8
61103,75,64,11,11
61104,85,84,1,1
61105,49,45,4,4
61106,103,107,-4,4
61107,177,156,21,21
61108,94,89,5,5
61109,130,115,15,15
61110,72,69,3,3
61111,158,137,21,21
61112,47,44,3,3
61113,74,77,-3,3
61114,101,98,3,3
61115,51,51,0,0
61116,83,73,10,10
61117,142,129,13,13
61118,58,59,-1,1
61119,83,79,4,4
61120,45,38,7,7
61121,138,121,17,17
61122,152,131,21,21
61123,101,92,9,9
61124,77,63,14,14
61125,52,71,-19,19
61126,89,75,14,14
61127,149,126,23,23
61128,78,61,17,17
61129,146,132,14,14
61130,122,114,8,8
61131,88,67,21,21
61132,131,121,10,10
61133,67,58,9,9
61134,107,84,23,23
61135,139,133,6,6
61136,164,138,26,26
61137,134,116,18,18
61138,71,63,8,8
61139,87,72,15,15
61140,68,61,7,7
61141,56,95,-39,39
61142,118,109,9,9
61143,101,89,12,12
61144,75,72,3,3
61145,127,129,-2,2
61146,85,81,4,4
61147,57,58,-1,1
61148,37,42,-5,5
61149,116,105,11,11
61150,108,92,16,16
61151,137,122,15,15
61152,58,49,9,9
61153,67,77,-10,10
61154,106,97,9,9
61155,132,106,26,26
61156,102,86,16,16
61157,115,109,6,6
61158,85,76,9,9
61159,107,98,9,9
61160,49,48,1,1
61161,139,139,0,0
61162,126,119,7,7
61163,135,128,7,7
61164,69,57,12,12
61165,88,72,16,16
61166,117,102,15,15
61167,77,64,13,13
61168,51,52,-1,1
61169,92,98,-6,6
61170,80,78,2,2
61171,82,72,10,10
61172,157,141,16,16
61173,83,79,4,4
61174,136,116,20,20
61175,147,124,23,23
61176,49,43,6,6
61177,86,76,10,10
61178,125,105,20,20
61179,73,61,12,12
61180,99,100,-1,1
61181,102,95,7,7
61182,101,91,10,10
61183,109,89,20,20
61184,126,111,15,15
61185,142,112,30,30
61186,62,55,7,7
61187,113,103,10,10
61188,149,113,36,36
61189,61,56,5,5
61190,66,64,2,2
61191,122,106,16,16
61192,89,82,7,7
61193,76,69,7,7
61194,74,75,-1,1
61195,61,61,0,0
61196,44,45,-1,1
61197,107,112,-5,5
61198,104,88,16,16
61199,109,99,10,10
61200,140,115,25,25
61201,43,42,1,1
61202,40,36,4,4
61203,223,176,47,47
61204,95,81,14,14
61205,47,47,0,0
61206,71,57,14,14
61207,121,96,25,25
61208,119,112,7,7
61209,135,123,12,12
61210,78,62,16,16
61211,96,77,19,19
61212,71,65,6,6
61213,71,74,-3,3
61214,108,117,-9,9
61215,64,56,8,8
61216,169,169,0,0
61217,80,71,9,9
61218,78,70,8,8
61219,100,85,15,15
61220,90,80,10,10
61221,108,92,16,16
61222,84,77,7,7
61223,150,132,18,18
61224,91,92,-1,1
61225,55,51,4,4
61226,83,75,8,8
61227,119,149,-30,30
61228,86,79,7,7
61229,101,95,6,6
61230,89,67,22,22
61231,80,71,9,9
61232,116,96,20,20
61233,146,139,7,7
61234,64,64,0,0
61235,175,152,23,23
61236,139,128,11,11
61237,79,63,16,16
61238,120,108,12,12
61239,84,81,3,3
61240,132,125,7,7
61241,71,65,6,6
61242,104,86,18,18
61243,60,55,5,5
61244,171,143,28,28
61245,93,81,12,12
61246,132,118,14,14
61247,55,51,4,4
61248,74,50,24,24
61249,126,104,22,22
61250,75,70,5,5
61251,45,55,-10,10
61252,95,81,14,14
61253,154,126,28,28
61254,143,118,25,25
61255,111,99,12,12
61256,97,89,8,8
61257,203,197,6,6
61258,42,37,5,5
61259,49,46,3,3
61260,111,99,12,12
61261,76,60,16,16
61262,79,66,13,13
61263,70,72,-2,2
61264,57,49,8,8
61265,60,37,23,23
61266,119,110,9,9
61267,76,72,4,4
61268,72,62,10,10
61269,124,96,28,28
61270,138,107,31,31
61271,118,106,12,12
61272,119,102,17,17
61273,94,75,19,19
61274,113,122,-9,9
61275,69,76,-7,7
61276,106,89,17,17
61277,41,42,-1,1
61278,88,74,14,14
61279,124,124,0,0
61280,51,48,3,3
61281,70,70,0,0
61282,112,100,12,12
61283,100,89,11,11
61284,143,124,19,19
61285,87,85,2,2
61286,61,57,4,4
61287,64,60,4,4
61288,130,97,33,33
61289,81,73,8,8
61290,73,57,16,16
61291,47,43,4,4
61292,99,103,-4,4
61293,95,83,12,12
61294,105,96,9,9
61295,126,117,9,9
61296,108,91,17,17
61297,67,61,6,6
61298,72,75,-3,3
61299,65,51,14,14
61300,109,98,11,11
61301,52,46,6,6
61302,122,100,22,22
61303,59,54,5,5
61304,117,119,-2,2
61305,79,63,16,16
61306,46,43,3,3
61307,64,68,-4,4
61308,71,75,-4,4
61309,60,57,3,3
61310,70,59,11,11
61311,114,102,12,12
61312,101,93,8,8
61313,138,128,10,10
61314,98,79,19,19
61315,92,87,5,5
61316,196,171,25,25
61317,109,104,5,5
61318,55,52,3,3
61319,166,153,13,13
61320,68,63,5,5
61321,61,58,3,3
61322,79,74,5,5
61323,86,71,15,15
61324,90,76,14,14
61325,128,112,16,16
61326,102,94,8,8
61327,118,100,18,18
61328,86,75,11,11
61329,105,94,11,11
61330,78,70,8,8
61331,96,86,10,10
61332,38,38,0,0
61333,96,86,10,10
61334,123,111,12,12
61335,85,73,12,12
61336,117,98,19,19
61337,78,92,-14,14
61338,131,125,6,6
61339,82,74,8,8
61340,87,82,5,5
61341,81,71,10,10
61342,59,50,9,9
61343,84,75,9,9
61344,89,84,5,5
61345,65,59,6,6
61346,131,122,9,9
61347,55,51,4,4
61348,66,67,-1,1
61349,74,61,13,13
61350,84,61,23,23
61351,110,98,12,12
61352,63,64,-1,1
61353,97,75,22,22
61354,55,57,-2,2
61355,94,86,8,8
61356,148,133,15,15
61357,110,86,24,24
61358,161,144,17,17
61359,139,122,17,17
61360,63,62,1,1
61361,120,106,14,14
61362,79,73,6,6
61363,131,120,11,11
61364,150,119,31,31
61365,80,72,8,8
61366,37,31,6,6
61367,116,106,10,10
61368,82,73,9,9
61369,130,117,13,13
61370,68,65,3,3
61371,86,74,12,12
61372,90,81,9,9
61373,57,51,6,6
61374,149,127,22,22
61375,79,70,9,9
61376,126,114,12,12
61377,120,123,-3,3
61378,197,172,25,25
61379,62,54,8,8
61380,88,77,11,11
61381,144,123,21,21
61382,99,83,16,16
61383,101,105,-4,4
61384,111,92,19,19
61385,61,55,6,6
61386,85,71,14,14
61387,96,84,12,12
61388,125,111,14,14
61389,107,89,18,18
61390,136,115,21,21
61391,148,130,18,18
61392,98,92,6,6
61393,66,57,9,9
61394,95,68,27,27
61395,107,85,22,22
61396,47,47,0,0
61397,78,70,8,8
61398,81,68,13,13
61399,72,69,3,3
61400,84,84,0,0
61401,145,139,6,6
61402,77,68,9,9
61403,90,76,14,14
61404,131,109,22,22
61405,91,76,15,15
61406,38,57,-19,19
61407,94,84,10,10
61408,111,98,13,13
61409,145,130,15,15
61410,84,76,8,8
61411,87,70,17,17
61412,115,97,18,18
61413,95,77,18,18
61414,144,121,23,23
61415,90,77,13,13
61416,101,85,16,16
61417,91,81,10,10
61418,190,177,13,13
61419,80,73,7,7
61420,167,138,29,29
61421,83,66,17,17
61422,66,61,5,5
61423,50,44,6,6
61424,111,102,9,9
61425,83,82,1,1
61426,72,57,15,15
61427,73,61,12,12
61428,79,74,5,5
61429,66,63,3,3
61430,83,71,12,12
61431,262,215,47,47
61432,108,104,4,4
61433,117,100,17,17
61434,98,78,20,20
61435,85,78,7,7
61436,63,58,5,5
61437,190,165,25,25
61438,85,75,10,10
61439,123,104,19,19
61440,144,128,16,16
61441,75,68,7,7
61442,97,84,13,13
61443,85,68,17,17
61444,69,63,6,6
61445,77,70,7,7
61446,61,60,1,1
61447,75,65,10,10
61448,97,108,-11,11
61449,70,63,7,7
61450,85,73,12,12
61451,61,61,0,0
61452,77,67,10,10
61453,58,55,3,3
61454,83,72,11,11
61455,91,86,5,5
61456,53,51,2,2
61457,55,45,10,10
61458,87,77,10,10
61459,80,75,5,5
61460,53,55,-2,2
61461,133,115,18,18
61462,90,87,3,3
61463,60,57,3,3
61464,68,59,9,9
61465,66,49,17,17
61466,112,104,8,8
61467,139,122,17,17
61468,50,49,1,1
61469,120,111,9,9
61470,77,71,6,6
61471,81,66,15,15
61472,87,73,14,14
61473,43,48,-5,5
61474,68,55,13,13
61475,58,47,11,11
61476,120,110,10,10
61477,114,95,19,19
61478,173,149,24,24
61479,62,59,3,3
61480,115,97,18,18
61481,213,180,33,33
61482,108,98,10,10
61483,53,59,-6,6
61484,85,68,17,17
61485,119,107,12,12
61486,74,71,3,3
61487,93,78,15,15
61488,72,62,10,10
61489,104,75,29,29
61490,88,79,9,9
61491,56,59,-3,3
61492,139,121,18,18
61493,110,100,10,10
61494,93,83,10,10
61495,54,38,16,16
61496,83,84,-1,1
61497,73,59,14,14
61498,202,165,37,37
61499,95,84,11,11
61500,51,53,-2,2
61501,141,113,28,28
61502,130,117,13,13
61503,89,85,4,4
61504,67,58,9,9
61505,92,97,-5,5
61506,138,131,7,7
61507,50,46,4,4
61508,85,69,16,16
61509,118,92,26,26
61510,84,73,11,11
61511,95,82,13,13
61512,92,88,4,4
61513,141,138,3,3
61514,94,88,6,6
61515,117,109,8,8
61516,82,61,21,21
61517,73,69,4,4
61518,108,90,18,18
61519,93,95,-2,2
61520,156,147,9,9
61521,84,75,9,9
61522,106,84,22,22
61523,91,86,5,5
61524,88,86,2,2
61525,78,66,12,12
61526,136,120,16,16
61527,59,59,0,0
61528,94,90,4,4
61529,100,91,9,9
61530,144,126,18,18
61531,89,101,-12,12
61532,67,62,5,5
61533,28,29,-1,1
61534,114,102,12,12
61535,123,119,4,4
61536,85,61,24,24
61537,77,69,8,8
61538,89,95,-6,6
61539,90,80,10,10
61540,80,73,7,7
61541,114,110,4,4
61542,46,43,3,3
61543,123,103,20,20
61544,132,118,14,14
61545,106,107,-1,1
61546,93,86,7,7
61547,100,111,-11,11
61548,82,70,12,12
61549,170,165,5,5
61550,103,107,-4,4
61551,60,54,6,6
61552,101,104,-3,3
61553,101,87,14,14
61554,106,89,17,17
61555,53,57,-4,4
61556,45,40,5,5
61557,102,106,-4,4
61558,74,64,10,10
61559,107,105,2,2
61560,95,90,5,5
61561,96,85,11,11
61562,100,86,14,14
61563,40,47,-7,7
61564,85,70,15,15
61565,59,53,6,6
61566,107,87,20,20
61567,157,136,21,21
61568,72,67,5,5
61569,104,85,19,19
61570,53,52,1,1
61571,131,116,15,15
61572,147,127,20,20
61573,80,71,9,9
61574,135,122,13,13
61575,119,97,22,22
61576,128,109,19,19
61577,126,110,16,16
61578,91,75,16,16
61579,102,82,20,20
61580,55,53,2,2
61581,69,62,7,7
61582,57,52,5,5
61583,53,49,4,4
61584,109,85,24,24
61585,106,79,27,27
61586,106,95,11,11
61587,128,108,20,20
61588,84,72,12,12
61589,73,66,7,7
61590,137,100,37,37
61591,96,88,8,8
61592,106,94,12,12
61593,119,109,10,10
61594,113,104,9,9
61595,138,128,10,10
61596,52,46,6,6
61597,115,97,18,18
61598,66,59,7,7
61599,114,106,8,8
61600,46,48,-2,2
61601,108,93,15,15
61602,85,70,15,15
61603,67,59,8,8
61604,66,55,11,11
61605,76,71,5,5
61606,93,79,14,14
61607,145,143,2,2
61608,122,103,19,19
61609,88,74,14,14
61610,59,52,7,7
61611,77,70,7,7
61612,84,79,5,5
61613,71,67,4,4
61614,93,76,17,17
61615,71,60,11,11
61616,40,46,-6,6
61617,165,141,24,24
61618,104,96,8,8
61619,54,48,6,6
61620,46,36,10,10
61621,70,61,9,9
61622,51,51,0,0
61623,86,73,13,13
61624,86,77,9,9
61625,90,78,12,12
61626,160,144,16,16
61627,119,104,15,15
61628,78,76,2,2
61629,112,113,-1,1
61630,89,77,12,12
61631,96,89,7,7
61632,96,83,13,13
61633,96,85,11,11
61634,33,39,-6,6
61635,78,67,11,11
61636,65,50,15,15
61637,69,64,5,5
61638,85,77,8,8
61639,71,58,13,13
61640,119,97,22,22
61641,100,88,12,12
61642,102,92,10,10
61643,96,77,19,19
61644,77,64,13,13
61645,91,87,4,4
61646,175,148,27,27
61647,96,90,6,6
61648,133,114,19,19
61649,107,113,-6,6
61650,98,86,12,12
61651,94,90,4,4
61652,67,64,3,3
61653,116,110,6,6
61654,73,70,3,3
61655,83,69,14,14
61656,75,70,5,5
61657,109,114,-5,5
61658,143,137,6,6
61659,84,79,5,5
61660,79,75,4,4
61661,104,93,11,11
61662,44,39,5,5
61663,53,42,11,11
61664,108,94,14,14
61665,86,83,3,3
61666,119,109,10,10
61667,56,41,15,15
61668,88,82,6,6
61669,118,110,8,8
61670,102,93,9,9
61671,49,40,9,9
61672,99,86,13,13
61673,105,156,-51,51
61674,131,103,28,28
61675,78,61,17,17
61676,99,86,13,13
61677,23,22,1,1
61678,126,115,11,11
61679,92,79,13,13
61680,85,84,1,1
61681,61,57,4,4
61682,137,128,9,9
61683,74,68,6,6
61684,129,113,16,16
61685,156,141,15,15
61686,72,64,8,8
61687,151,125,26,26
61688,72,59,13,13
61689,81,76,5,5
61690,128,106,22,22
61691,136,113,23,23
61692,111,104,7,7
61693,150,135,15,15
61694,79,72,7,7
61695,124,111,13,13
61696,133,116,17,17
61697,106,105,1,1
61698,71,66,5,5
61699,69,57,12,12
61700,105,105,0,0
61701,60,49,11,11
61702,97,86,11,11
61703,129,123,6,6
61704,70,63,7,7
61705,137,132,5,5
61706,110,88,22,22
61707,97,86,11,11
61708,149,157,-8,8
61709,63,57,6,6
61710,71,68,3,3
61711,108,92,16,16
61712,127,112,15,15
61713,92,89,3,3
61714,41,39,2,2
61715,87,74,13,13
61716,95,84,11,11
61717,58,55,3,3
61718,103,102,1,1
61719,106,95,11,11
61720,100,94,6,6
61721,49,53,-4,4
61722,103,116,-13,13
61723,147,145,2,2
61724,110,94,16,16
61725,121,128,-7,7
61726,66,58,8,8
61727,66,59,7,7
61728,75,67,8,8
61729,127,125,2,2
61730,96,85,11,11
61731,179,150,29,29
61732,153,140,13,13
61733,89,72,17,17
61734,111,97,14,14
61735,124,96,28,28
61736,86,63,23,23
61737,98,96,2,2
61738,82,77,5,5
61739,138,108,30,30
61740,98,73,25,25
61741,187,164,23,23
61742,141,120,21,21
61743,72,67,5,5
61744,110,96,14,14
61745,87,81,6,6
61746,60,54,6,6
61747,71,66,5,5
61748,123,118,5,5
61749,57,52,5,5
61750,113,107,6,6
61751,148,135,13,13
61752,73,68,5,5
61753,62,63,-1,1
61754,108,118,-10,10
61755,105,93,12,12
61756,152,109,43,43
61757,51,48,3,3
61758,127,112,15,15
61759,31,69,-38,38
61760,68,59,9,9
61761,163,137,26,26
61762,160,134,26,26
61763,73,70,3,3
61764,43,36,7,7
61765,102,90,12,12
61766,91,96,-5,5
61767,136,106,30,30
61768,92,78,14,14
61769,60,55,5,5
61770,45,43,2,2
61771,111,98,13,13
61772,95,93,2,2
61773,100,87,13,13
61774,139,132,7,7
61775,99,81,18,18
61776,68,63,5,5
61777,55,47,8,8
61778,110,89,21,21
61779,67,67,0,0
61780,103,90,13,13
61781,115,104,11,11
61782,131,133,-2,2
61783,106,102,4,4
61784,154,137,17,17
61785,104,103,1,1
61786,91,79,12,12
61787,139,132,7,7
61788,56,49,7,7
61789,139,122,17,17
61790,72,58,14,14
61791,144,130,14,14
61792,112,102,10,10
61793,68,57,11,11
61794,88,76,12,12
61795,79,84,-5,5
61796,104,95,9,9
61797,54,47,7,7
61798,111,90,21,21
61799,87,77,10,10
61800,185,159,26,26
61801,92,82,10,10
61802,68,66,2,2
61803,91,79,12,12
61804,84,68,16,16
61805,82,71,11,11
61806,126,111,15,15
61807,71,67,4,4
61808,72,60,12,12
61809,137,125,12,12
61810,61,61,0,0
61811,106,96,10,10
61812,59,55,4,4
61813,77,68,9,9
61814,149,119,30,30
61815,63,57,6,6
61816,66,63,3,3
61817,105,93,12,12
61818,85,74,11,11
61819,109,85,24,24
61820,81,76,5,5
61821,60,57,3,3
61822,40,39,1,1
61823,95,79,16,16
61824,110,87,23,23
61825,68,59,9,9
61826,67,60,7,7
61827,76,70,6,6
61828,188,162,26,26
61829,59,53,6,6
61830,131,108,23,23
61831,108,96,12,12
61832,114,106,8,8
61833,108,93,15,15
61834,104,91,13,13
61835,94,85,9,9
61836,47,44,3,3
61837,77,58,19,19
61838,80,75,5,5
61839,96,84,12,12
61840,103,92,11,11
61841,109,98,11,11
61842,66,67,-1,1
61843,98,81,17,17
61844,126,100,26,26
61845,97,99,-2,2
61846,99,86,13,13
61847,107,97,10,10
61848,129,117,12,12
61849,87,81,6,6
61850,69,62,7,7
61851,115,95,20,20
61852,99,91,8,8
61853,99,84,15,15
61854,155,154,1,1
61855,121,106,15,15
61856,123,117,6,6
61857,91,81,10,10
61858,68,69,-1,1
61859,118,96,22,22
61860,98,91,7,7
61861,108,95,13,13
61862,112,100,12,12
61863,80,66,14,14
61864,92,119,-27,27
61865,116,100,16,16
61866,56,56,0,0
61867,127,116,11,11
61868,50,49,1,1
61869,121,104,17,17
61870,157,139,18,18
61871,78,69,9,9
61872,85,69,16,16
61873,142,129,13,13
61874,42,43,-1,1
61875,62,62,0,0
61876,61,61,0,0
61877,75,67,8,8
61878,82,78,4,4
61879,107,93,14,14
61880,130,120,10,10
61881,64,61,3,3
61882,75,62,13,13
61883,109,93,16,16
61884,65,66,-1,1
61885,112,103,9,9
61886,88,82,6,6
61887,140,119,21,21
61888,132,113,19,19
61889,108,102,6,6
61890,92,71,21,21
61891,63,55,8,8
61892,48,45,3,3
61893,144,110,34,34
61894,104,89,15,15
61895,107,93,14,14
61896,52,73,-21,21
61897,73,67,6,6
61898,44,40,4,4
61899,120,103,17,17
61900,87,74,13,13
61901,110,105,5,5
61902,73,68,5,5
61903,79,77,2,2
61904,57,52,5,5
61905,68,62,6,6
61906,81,84,-3,3
61907,63,57,6,6
61908,41,36,5,5
61909,71,55,16,16
61910,106,99,7,7
61911,105,82,23,23
61912,183,138,45,45
61913,111,105,6,6
61914,137,121,16,16
61915,51,53,-2,2
61916,40,38,2,2
61917,70,73,-3,3
61918,120,104,16,16
61919,57,56,1,1
61920,66,59,7,7
61921,140,113,27,27
61922,71,70,1,1
61923,96,84,12,12
61924,108,100,8,8
61925,134,130,4,4
61926,97,88,9,9
61927,44,39,5,5
61928,49,47,2,2
61929,63,54,9,9
61930,97,90,7,7
61931,38,30,8,8
61932,68,60,8,8
61933,114,100,14,14
61934,105,97,8,8
61935,36,33,3,3
61936,69,55,14,14
61937,101,90,11,11
61938,155,132,23,23
61939,53,61,-8,8
61940,151,133,18,18
61941,65,55,10,10
61942,64,62,2,2
61943,181,156,25,25
61944,110,96,14,14
61945,93,87,6,6
61946,183,159,24,24
61947,94,81,13,13
61948,91,80,11,11
61949,105,100,5,5
61950,51,47,4,4
61951,76,69,7,7
61952,60,63,-3,3
61953,72,64,8,8
61954,108,94,14,14
61955,119,106,13,13
61956,98,101,-3,3
61957,119,98,21,21
61958,122,105,17,17
61959,90,81,9,9
61960,55,49,6,6
61961,62,51,11,11
61962,41,29,12,12
61963,86,73,13,13
61964,58,55,3,3
61965,159,149,10,10
61966,84,75,9,9
61967,101,89,12,12
61968,107,82,25,25
61969,150,133,17,17
61970,105,97,8,8
61971,83,77,6,6
61972,78,82,-4,4
61973,51,48,3,3
61974,83,84,-1,1
61975,111,105,6,6
61976,116,111,5,5
61977,124,86,38,38
61978,116,98,18,18
61979,133,118,15,15
61980,143,126,17,17
61981,102,94,8,8
61982,94,86,8,8
61983,66,58,8,8
61984,76,74,2,2
61985,108,91,17,17
61986,69,53,16,16
61987,90,71,19,19
61988,65,65,0,0
61989,157,149,8,8
61990,81,67,14,14
61991,116,112,4,4
61992,94,85,9,9
61993,98,103,-5,5
61994,149,126,23,23
61995,87,79,8,8
61996,124,113,11,11
61997,121,109,12,12
61998,157,133,24,24
61999,100,86,14,14
62000,129,119,10,10
62001,97,86,11,11
62002,57,50,7,7
62003,108,92,16,16
62004,64,52,12,12
62005,195,161,34,34
62006,81,68,13,13
62007,92,80,12,12
62008,139,134,5,5
62009,67,58,9,9
62010,78,78,0,0
62011,56,55,1,1
62012,90,79,11,11
62013,69,63,6,6
62014,109,89,20,20
62015,67,62,5,5
62016,65,62,3,3
62017,67,69,-2,2
62018,128,104,24,24
62019,101,86,15,15
62020,103,91,12,12
62021,66,55,11,11
62022,78,70,8,8
62023,121,103,18,18
62024,99,95,4,4
62025,69,56,13,13
62026,64,61,3,3
62027,66,60,6,6
62028,76,68,8,8
62029,91,80,11,11
62030,49,51,-2,2
62031,222,165,57,57
62032,71,58,13,13
62033,155,140,15,15
62034,80,70,10,10
62035,94,67,27,27
62036,70,57,13,13
62037,106,97,9,9
62038,81,77,4,4
62039,90,71,19,19
62040,73,69,4,4
62041,65,54,11,11
62042,71,69,2,2
62043,140,110,30,30
62044,109,105,4,4
62045,72,61,11,11
62046,95,94,1,1
62047,92,78,14,14
62048,104,102,2,2
62049,74,68,6,6
62050,102,91,11,11
62051,75,72,3,3
62052,100,87,13,13
62053,111,108,3,3
62054,52,43,9,9
62055,79,60,19,19
62056,99,85,14,14
62057,140,133,7,7
62058,181,174,7,7
62059,106,94,12,12
62060,59,47,12,12
62061,129,111,18,18
62062,95,104,-9,9
62063,50,58,-8,8
62064,71,58,13,13
62065,46,52,-6,6
62066,103,95,8,8
62067,82,76,6,6
62068,114,96,18,18
62069,114,99,15,15
62070,92,86,6,6
62071,74,71,3,3
62072,102,94,8,8
62073,104,91,13,13
62074,86,75,11,11
62075,51,57,-6,6
62076,86,73,13,13
62077,78,73,5,5
62078,99,93,6,6
62079,95,82,13,13
62080,82,78,4,4
62081,111,101,10,10
62082,129,105,24,24
62083,90,100,-10,10
62084,139,106,33,33
62085,72,76,-4,4
62086,55,50,5,5
62087,165,147,18,18
62088,115,105,10,10
62089,61,64,-3,3
62090,84,69,15,15
62091,136,124,12,12
62092,83,68,15,15
62093,27,93,-66,66
62094,108,97,11,11
62095,147,122,25,25
62096,120,109,11,11
62097,73,81,-8,8
62098,60,61,-1,1
62099,123,115,8,8
62100,89,85,4,4
62101,73,61,12,12
62102,64,59,5,5
62103,62,57,5,5
62104,100,87,13,13
62105,100,81,19,19
62106,48,53,-5,5
62107,119,101,18,18
62108,53,53,0,0
62109,142,133,9,9
62110,58,52,6,6
62111,100,102,-2,2
62112,77,65,12,12
62113,71,75,-4,4
62114,126,111,15,15
62115,50,48,2,2
62116,205,156,49,49
62117,60,58,2,2
62118,91,78,13,13
62119,70,68,2,2
62120,90,86,4,4
62121,159,137,22,22
62122,75,66,9,9
62123,116,85,31,31
62124,109,104,5,5
62125,143,122,21,21
62126,112,93,19,19
62127,84,75,9,9
62128,170,161,9,9
62129,150,137,13,13
62130,109,92,17,17
62131,161,140,21,21
62132,99,93,6,6
62133,127,104,23,23
62134,62,92,-30,30
62135,133,114,19,19
62136,101,100,1,1
62137,127,110,17,17
62138,89,80,9,9
62139,95,80,15,15
62140,150,129,21,21
62141,49,48,1,1
62142,92,84,8,8
62143,92,82,10,10
62144,38,41,-3,3
62145,145,140,5,5
62146,156,152,4,4
62147,125,113,12,12
62148,51,43,8,8
62149,134,102,32,32
62150,92,94,-2,2
62151,85,84,1,1
62152,60,51,9,9
62153,67,62,5,5
62154,99,97,2,2
62155,159,144,15,15
62156,86,81,5,5
62157,75,45,30,30
62158,42,37,5,5
62159,71,68,3,3
62160,136,123,13,13
62161,67,71,-4,4
62162,112,99,13,13
62163,71,63,8,8
62164,48,54,-6,6
62165,139,128,11,11
62166,114,137,-23,23
62167,48,45,3,3
62168,86,80,6,6
62169,119,102,17,17
62170,94,85,9,9
62171,105,98,7,7
62172,104,84,20,20
62173,85,76,9,9
62174,66,56,10,10
62175,93,80,13,13
62176,88,82,6,6
62177,67,60,7,7
62178,91,90,1,1
62179,110,97,13,13
62180,80,65,15,15
62181,98,93,5,5
62182,126,112,14,14
62183,52,55,-3,3
62184,63,60,3,3
62185,91,86,5,5
62186,103,93,10,10
62187,68,61,7,7
62188,73,66,7,7
62189,95,89,6,6
62190,100,88,12,12
62191,111,90,21,21
62192,100,93,7,7
62193,75,70,5,5
62194,84,85,-1,1
62195,75,65,10,10
62196,139,115,24,24
62197,105,98,7,7
62198,84,84,0,0
62199,137,114,23,23
62200,65,86,-21,21
62201,97,80,17,17
62202,78,73,5,5
62203,122,116,6,6
62204,72,69,3,3
62205,80,90,-10,10
62206,132,108,24,24
62207,113,97,16,16
62208,121,107,14,14
62209,72,69,3,3
62210,95,91,4,4
62211,124,113,11,11
62212,122,109,13,13
62213,152,140,12,12
62214,105,90,15,15
62215,103,100,3,3
62216,111,94,17,17
62217,60,43,17,17
62218,75,83,-8,8
62219,69,64,5,5
62220,85,68,17,17
62221,91,86,5,5
62222,106,86,20,20
62223,76,76,0,0
62224,43,38,5,5
62225,65,58,7,7
62226,180,165,15,15
62227,38,49,-11,11
62228,86,78,8,8
62229,77,67,10,10
62230,110,101,9,9
62231,111,103,8,8
62232,134,115,19,19
62233,123,113,10,10
62234,67,62,5,5
62235,77,71,6,6
62236,95,93,2,2
62237,94,82,12,12
62238,131,116,15,15
62239,88,91,-3,3
62240,130,115,15,15
62241,78,71,7,7
62242,98,89,9,9
62243,66,58,8,8
62244,63,55,8,8
62245,85,74,11,11
62246,82,76,6,6
62247,82,79,3,3
62248,104,92,12,12
62249,120,107,13,13
62250,68,62,6,6
62251,108,98,10,10
62252,101,89,12,12
62253,102,89,13,13
62254,161,153,8,8
62255,48,50,-2,2
62256,82,79,3,3
62257,134,120,14,14
62258,102,87,15,15
62259,47,45,2,2
62260,101,68,33,33
62261,103,87,16,16
62262,158,130,28,28
62263,79,76,3,3
62264,126,112,14,14
62265,72,74,-2,2
62266,103,94,9,9
62267,86,87,-1,1
62268,73,74,-1,1
62269,150,129,21,21
62270,69,56,13,13
62271,89,78,11,11
62272,102,86,16,16
62273,89,80,9,9
62274,92,83,9,9
62275,91,72,19,19
62276,69,65,4,4
62277,31,37,-6,6
62278,62,56,6,6
62279,74,72,2,2
62280,73,60,13,13
62281,92,74,18,18
62282,68,58,10,10
62283,121,104,17,17
62284,160,150,10,10
62285,124,115,9,9
62286,71,63,8,8
62287,98,76,22,22
62288,85,76,9,9
62289,93,81,12,12
62290,87,72,15,15
62291,210,168,42,42
62292,74,68,6,6
62293,84,80,4,4
62294,141,130,11,11
62295,68,64,4,4
62296,118,105,13,13
62297,75,73,2,2
62298,150,128,22,22
62299,162,145,17,17
62300,59,51,8,8
62301,82,73,9,9
62302,118,99,19,19
62303,94,91,3,3
62304,75,79,-4,4
62305,71,66,5,5
62306,131,114,17,17
62307,120,102,18,18
62308,91,84,7,7
62309,112,95,17,17
62310,145,133,12,12
62311,93,75,18,18
62312,93,76,17,17
62313,89,67,22,22
62314,110,94,16,16
62315,78,72,6,6
62316,80,67,13,13
62317,133,124,9,9
62318,50,41,9,9
62319,82,70,12,12
62320,145,114,31,31
62321,126,97,29,29
62322,105,89,16,16
62323,159,148,11,11
62324,118,113,5,5
62325,142,128,14,14
62326,108,92,16,16
62327,110,102,8,8
62328,106,87,19,19
62329,119,107,12,12
62330,90,84,6,6
62331,68,65,3,3
62332,119,101,18,18
62333,162,134,28,28
62334,76,70,6,6
62335,89,72,17,17
62336,57,54,3,3
62337,79,68,11,11
62338,72,74,-2,2
62339,110,89,21,21
62340,82,69,13,13
62341,76,61,15,15
62342,68,66,2,2
62343,79,93,-14,14
62344,64,59,5,5
62345,151,124,27,27
62346,64,61,3,3
62347,110,90,20,20
62348,78,63,15,15
62349,123,119,4,4
62350,118,106,12,12
62351,58,54,4,4
62352,140,124,16,16
62353,128,106,22,22
62354,57,46,11,11
62355,101,96,5,5
62356,106,90,16,16
62357,71,70,1,1
62358,61,54,7,7
62359,187,150,37,37
62360,123,101,22,22
62361,64,58,6,6
62362,59,54,5,5
62363,83,75,8,8
62364,68,65,3,3
62365,83,69,14,14
62366,111,91,20,20
62367,86,84,2,2
62368,87,77,10,10
62369,97,85,12,12
62370,76,69,7,7
62371,91,84,7,7
62372,169,141,28,28
62373,51,40,11,11
62374,57,64,-7,7
62375,168,157,11,11
62376,93,65,28,28
62377,93,80,13,13
62378,98,73,25,25
62379,76,75,1,1
62380,142,125,17,17
62381,60,60,0,0
62382,118,102,16,16
62383,40,53,-13,13
62384,68,58,10,10
62385,75,64,11,11
62386,97,83,14,14
62387,124,112,12,12
62388,68,54,14,14
62389,89,72,17,17
62390,109,100,9,9
62391,53,44,9,9
62392,112,98,14,14
62393,140,135,5,5
62394,113,94,19,19
62395,105,104,1,1
62396,69,63,6,6
62397,98,108,-10,10
62398,150,134,16,16
62399,93,82,11,11
62400,117,113,4,4
62401,44,43,1,1
62402,65,49,16,16
62403,78,64,14,14
62404,149,137,12,12
62405,75,67,8,8
62406,82,75,7,7
62407,93,80,13,13
62408,129,115,14,14
62409,46,44,2,2
62410,56,41,15,15
62411,99,76,23,23
62412,31,41,-10,10
62413,113,99,14,14
62414,167,153,14,14
62415,113,105,8,8
62416,171,158,13,13
62417,71,63,8,8
62418,103,94,9,9
62419,76,71,5,5
62420,64,50,14,14
62421,105,95,10,10
62422,176,158,18,18
62423,127,110,17,17
62424,118,94,24,24
62425,88,85,3,3
62426,133,121,12,12
62427,84,85,-1,1
62428,108,100,8,8
62429,72,60,12,12
62430,128,115,13,13
62431,36,36,0,0
62432,116,96,20,20
62433,105,96,9,9
62434,85,77,8,8
62435,48,43,5,5
62436,142,118,24,24
62437,78,56,22,22
62438,72,71,1,1
62439,255,213,42,42
62440,113,108,5,5
62441,98,80,18,18
62442,143,121,22,22
62443,85,99,-14,14
62444,111,104,7,7
62445,106,94,12,12
62446,111,100,11,11
62447,84,70,14,14
62448,74,69,5,5
62449,87,82,5,5
62450,133,121,12,12
62451,111,106,5,5
62452,78,72,6,6
62453,83,81,2,2
62454,117,92,25,25
62455,97,82,15,15
62456,127,119,8,8
62457,66,63,3,3
62458,124,108,16,16
62459,72,65,7,7
62460,108,86,22,22
62461,124,114,10,10
62462,137,106,31,31
62463,84,74,10,10
62464,175,159,16,16
62465,32,33,-1,1
62466,127,101,26,26
62467,139,127,12,12
62468,84,103,-19,19
62469,138,130,8,8
62470,147,137,10,10
62471,49,45,4,4
62472,87,75,12,12
62473,71,65,6,6
62474,89,68,21,21
62475,122,109,13,13
62476,110,106,4,4
62477,112,100,12,12
62478,161,130,31,31
62479,78,77,1,1
62480,84,76,8,8
62481,96,79,17,17
62482,83,74,9,9
62483,166,134,32,32
62484,69,61,8,8
62485,48,41,7,7
62486,84,59,25,25
62487,113,86,27,27
62488,89,82,7,7
62489,51,49,2,2
62490,101,90,11,11
62491,70,53,17,17
62492,107,89,18,18
62493,99,87,12,12
62494,142,119,23,23
62495,123,102,21,21
62496,81,72,9,9
62497,60,51,9,9
62498,139,118,21,21
62499,93,81,12,12
62500,123,122,1,1
62501,101,72,29,29
62502,128,116,12,12
62503,72,64,8,8
62504,134,110,24,24
62505,89,80,9,9
62506,162,143,19,19
62507,129,101,28,28
62508,97,88,9,9
62509,63,65,-2,2
62510,88,82,6,6
62511,47,39,8,8
62512,163,142,21,21
62513,169,159,10,10
62514,88,76,12,12
62515,116,107,9,9
62516,68,65,3,3
62517,66,63,3,3
62518,75,70,5,5
62519,79,77,2,2
62520,132,123,9,9
62521,64,60,4,4
62522,154,138,16,16
62523,159,127,32,32
62524,97,89,8,8
62525,151,132,19,19
62526,64,57,7,7
62527,86,68,18,18
62528,86,93,-7,7
62529,105,92,13,13
62530,135,124,11,11
62531,78,78,0,0
62532,180,148,32,32
62533,126,107,19,19
62534,115,106,9,9
62535,95,97,-2,2
62536,123,97,26,26
62537,49,45,4,4
62538,94,91,3,3
62539,170,149,21,21
62540,92,79,13,13
62541,101,94,7,7
62542,93,86,7,7
62543,123,125,-2,2
62544,83,67,16,16
62545,122,93,29,29
62546,109,109,0,0
62547,67,51,16,16
62548,59,55,4,4
62549,79,64,15,15
62550,82,75,7,7
62551,69,58,11,11
62552,83,79,4,4
62553,116,97,19,19
62554,202,164,38,38
62555,92,91,1,1
62556,95,82,13,13
62557,104,95,9,9
62558,124,107,17,17
62559,203,166,37,37
62560,95,83,12,12
62561,131,116,15,15
62562,42,37,5,5
62563,106,80,26,26
62564,40,41,-1,1
62565,81,73,8,8
62566,125,104,21,21
62567,82,73,9,9
62568,121,106,15,15
62569,85,86,-1,1
62570,104,84,20,20
62571,82,71,11,11
62572,76,67,9,9
62573,60,56,4,4
62574,91,68,23,23
62575,96,88,8,8
62576,118,102,16,16
62577,101,82,19,19
62578,140,131,9,9
62579,153,139,14,14
62580,115,112,3,3
62581,38,49,-11,11
62582,74,73,1,1
62583,28,50,-22,22
62584,65,61,4,4
62585,113,108,5,5
62586,109,99,10,10
62587,93,85,8,8
62588,87,77,10,10
62589,54,51,3,3
62590,125,112,13,13
62591,141,126,15,15
62592,114,111,3,3
62593,122,111,11,11
62594,138,128,10,10
62595,98,86,12,12
62596,84,72,12,12
62597,118,105,13,13
62598,114,108,6,6
62599,69,64,5,5
62600,47,49,-2,2
62601,72,60,12,12
62602,72,55,17,17
62603,85,75,10,10
62604,48,42,6,6
62605,96,82,14,14
62606,90,80,10,10
62607,99,82,17,17
62608,122,114,8,8
62609,60,55,5,5
62610,80,75,5,5
62611,79,75,4,4
62612,54,50,4,4
62613,90,83,7,7
62614,84,79,5,5
62615,98,90,8,8
62616,106,94,12,12
62617,70,66,4,4
62618,93,77,16,16
62619,81,70,11,11
62620,108,94,14,14
62621,66,60,6,6
62622,92,80,12,12
62623,58,45,13,13
62624,80,68,12,12
62625,72,66,6,6
62626,92,79,13,13
62627,114,110,4,4
62628,149,125,24,24
62629,85,69,16,16
62630,61,45,16,16
62631,104,85,19,19
62632,100,82,18,18
62633,132,118,14,14
62634,132,113,19,19
62635,114,91,23,23
62636,89,83,6,6
62637,52,43,9,9
62638,51,43,8,8
62639,109,108,1,1
62640,112,110,2,2
62641,80,68,12,12
62642,158,158,0,0
62643,103,81,22,22
62644,59,55,4,4
62645,118,101,17,17
62646,114,101,13,13
62647,101,87,14,14
62648,64,57,7,7
62649,75,63,12,12
62650,110,87,23,23
62651,168,167,1,1
62652,109,90,19,19
62653,106,95,11,11
62654,32,72,-40,40
62655,86,77,9,9
62656,185,146,39,39
62657,125,122,3,3
62658,48,44,4,4
62659,128,120,8,8
62660,138,131,7,7
62661,75,61,14,14
62662,84,95,-11,11
62663,115,90,25,25
62664,58,64,-6,6
62665,97,87,10,10
62666,152,127,25,25
62667,94,88,6,6
62668,114,98,16,16
62669,130,128,2,2
62670,61,58,3,3
62671,185,155,30,30
62672,110,100,10,10
62673,58,49,9,9
62674,79,72,7,7
62675,79,69,10,10
62676,93,78,15,15
62677,129,115,14,14
62678,134,115,19,19
62679,98,93,5,5
62680,162,146,16,16
62681,83,73,10,10
62682,107,84,23,23
62683,98,102,-4,4
62684,131,107,24,24
62685,57,46,11,11
62686,153,132,21,21
62687,126,113,13,13
62688,89,81,8,8
62689,68,57,11,11
62690,131,109,22,22
62691,68,69,-1,1
62692,94,77,17,17
62693,135,114,21,21
62694,96,87,9,9
62695,95,94,1,1
62696,90,79,11,11
62697,55,53,2,2
62698,108,102,6,6
62699,36,34,2,2
62700,73,61,12,12
62701,73,73,0,0
62702,102,88,14,14
62703,52,43,9,9
62704,22,59,-37,37
62705,102,80,22,22
62706,136,110,26,26
62707,83,78,5,5
62708,76,67,9,9
62709,135,123,12,12
62710,116,111,5,5
62711,69,62,7,7
62712,42,37,5,5
62713,86,69,17,17
62714,131,111,20,20
62715,119,103,16,16
62716,65,57,8,8
62717,100,96,4,4
62718,65,62,3,3
62719,73,64,9,9
62720,63,56,7,7
62721,115,139,-24,24
62722,164,137,27,27
62723,146,137,9,9
62724,64,56,8,8
62725,101,87,14,14
62726,124,108,16,16
62727,74,79,-5,5
62728,92,75,17,17
62729,90,79,11,11
62730,93,84,9,9
62731,76,74,2,2
62732,133,125,8,8
62733,54,51,3,3
62734,147,107,40,40
62735,107,103,4,4
62736,132,106,26,26
62737,129,106,23,23
62738,95,81,14,14
62739,78,79,-1,1
62740,93,76,17,17
62741,85,85,0,0
62742,138,142,-4,4
62743,106,96,10,10
62744,45,42,3,3
62745,50,48,2,2
62746,55,35,20,20
62747,44,44,0,0
62748,70,58,12,12
62749,125,110,15,15
62750,82,76,6,6
62751,80,71,9,9
62752,120,107,13,13
62753,100,87,13,13
62754,70,59,11,11
62755,65,58,7,7
62756,96,91,5,5
62757,93,83,10,10
62758,106,88,18,18
62759,168,141,27,27
62760,169,147,22,22
62761,95,58,37,37
62762,95,90,5,5
62763,81,77,4,4
62764,65,65,0,0
62765,64,62,2,2
62766,62,62,0,0
62767,119,105,14,14
62768,93,77,16,16
62769,77,65,12,12
62770,141,128,13,13
62771,66,62,4,4
62772,76,80,-4,4
62773,148,130,18,18
62774,57,59,-2,2
62775,78,49,29,29
62776,134,103,31,31
62777,133,114,19,19
62778,66,58,8,8
62779,75,65,10,10
62780,97,83,14,14
62781,131,111,20,20
62782,171,151,20,20
62783,222,185,37,37
62784,102,95,7,7
62785,60,57,3,3
62786,144,135,9,9
62787,43,39,4,4
62788,82,71,11,11
62789,84,75,9,9
62790,92,88,4,4
62791,94,72,22,22
62792,179,164,15,15
62793,119,111,8,8
62794,61,60,1,1
62795,93,90,3,3
62796,53,46,7,7
62797,142,131,11,11
62798,69,60,9,9
62799,90,82,8,8
62800,139,124,15,15
62801,90,99,-9,9
62802,56,49,7,7
62803,113,107,6,6
62804,91,76,15,15
62805,86,77,9,9
62806,111,94,17,17
62807,74,60,14,14
62808,139,120,19,19
62809,96,78,18,18
62810,105,91,14,14
62811,139,127,12,12
62812,61,57,4,4
62813,70,67,3,3
62814,70,68,2,2
62815,61,54,7,7
62816,127,126,1,1
62817,92,91,1,1
62818,120,100,20,20
62819,52,51,1,1
62820,86,77,9,9
62821,62,53,9,9
62822,101,112,-11,11
62823,85,91,-6,6
62824,96,91,5,5
62825,105,94,11,11
62826,122,109,13,13
62827,116,102,14,14
62828,98,73,25,25
62829,154,140,14,14
62830,100,84,16,16
62831,164,144,20,20
62832,162,145,17,17
62833,136,125,11,11
62834,62,60,2,2
62835,178,161,17,17
62836,109,84,25,25
62837,121,98,23,23
62838,108,110,-2,2
62839,84,82,2,2
62840,131,107,24,24
62841,122,101,21,21
62842,64,63,1,1
62843,84,75,9,9
62844,72,67,5,5
62845,185,154,31,31
62846,77,66,11,11
62847,137,143,-6,6
62848,93,91,2,2
62849,86,83,3,3
62850,144,116,28,28
62851,78,71,7,7
62852,61,60,1,1
62853,129,107,22,22
62854,52,57,-5,5
62855,195,174,21,21
62856,87,80,7,7
62857,101,94,7,7
62858,103,97,6,6
62859,169,147,22,22
62860,104,91,13,13
62861,80,70,10,10
62862,40,46,-6,6
62863,90,88,2,2
62864,89,84,5,5
62865,105,94,11,11
62866,86,83,3,3
62867,133,118,15,15
62868,89,80,9,9
62869,64,53,11,11
62870,94,91,3,3
62871,86,84,2,2
62872,128,112,16,16
62873,53,51,2,2
62874,91,72,19,19
62875,74,63,11,11
62876,64,57,7,7
62877,81,63,18,18
62878,66,65,1,1
62879,76,62,14,14
62880,91,81,10,10
62881,76,65,11,11
62882,109,89,20,20
62883,77,64,13,13
62884,76,66,10,10
62885,110,91,19,19
62886,88,75,13,13
62887,120,103,17,17
62888,127,115,12,12
62889,106,99,7,7
62890,201,173,28,28
62891,111,100,11,11
62892,231,186,45,45
62893,59,57,2,2
62894,150,127,23,23
62895,141,124,17,17
62896,62,49,13,13
62897,191,172,19,19
62898,119,111,8,8
62899,72,71,1,1
62900,103,93,10,10
62901,79,74,5,5
62902,106,97,9,9
62903,104,109,-5,5
62904,88,84,4,4
62905,78,72,6,6
62906,81,83,-2,2
62907,98,90,8,8
62908,123,111,12,12
62909,142,118,24,24
62910,74,64,10,10
62911,163,141,22,22
62912,102,83,19,19
62913,60,52,8,8
62914,133,105,28,28
62915,59,56,3,3
62916,47,48,-1,1
62917,86,81,5,5
62918,124,105,19,19
62919,28,31,-3,3
62920,59,56,3,3
62921,124,128,-4,4
62922,105,92,13,13
62923,103,84,19,19
62924,80,74,6,6
62925,82,72,10,10
62926,84,75,9,9
62927,128,117,11,11
62928,101,98,3,3
62929,72,65,7,7
62930,89,71,18,18
62931,119,104,15,15
62932,181,160,21,21
62933,146,130,16,16
62934,58,51,7,7
62935,80,66,14,14
62936,37,35,2,2
62937,45,46,-1,1
62938,95,97,-2,2
62939,108,96,12,12
62940,79,66,13,13
62941,85,68,17,17
62942,53,57,-4,4
62943,211,178,33,33
62944,103,91,12,12
62945,77,66,11,11
62946,75,69,6,6
62947,95,87,8,8
62948,102,85,17,17
62949,77,70,7,7
62950,54,45,9,9
62951,110,97,13,13
62952,121,101,20,20
62953,89,67,22,22
62954,93,88,5,5
62955,44,43,1,1
62956,84,85,-1,1
62957,135,115,20,20
62958,66,58,8,8
62959,104,103,1,1
62960,141,121,20,20
62961,98,85,13,13
62962,90,86,4,4
62963,115,102,13,13
62964,109,101,8,8
62965,69,67,2,2
62966,64,52,12,12
62967,185,159,26,26
62968,114,99,15,15
62969,191,153,38,38
62970,49,41,8,8
62971,83,83,0,0
62972,100,88,12,12
62973,98,81,17,17
62974,69,72,-3,3
62975,103,83,20,20
62976,148,145,3,3
62977,81,65,16,16
62978,151,140,11,11
62979,70,48,22,22
62980,88,75,13,13
62981,93,90,3,3
62982,60,65,-5,5
62983,88,71,17,17
62984,63,60,3,3
62985,92,78,14,14
62986,108,102,6,6
62987,78,69,9,9
62988,156,134,22,22
62989,63,54,9,9
62990,58,52,6,6
62991,38,37,1,1
62992,107,92,15,15
62993,101,86,15,15
62994,65,69,-4,4
62995,120,111,9,9
62996,101,88,13,13
62997,106,82,24,24
62998,72,61,11,11
62999,127,107,20,20
63000,65,63,2,2
63001,126,104,22,22
63002,113,101,12,12
63003,104,103,1,1
63004,152,136,16,16
63005,57,53,4,4
63006,83,71,12,12
63007,101,94,7,7
63008,81,73,8,8
63009,54,58,-4,4
63010,80,69,11,11
63011,83,78,5,5
63012,31,32,-1,1
63013,64,58,6,6
63014,159,152,7,7
63015,133,117,16,16
63016,116,112,4,4
63017,57,48,9,9
63018,99,79,20,20
63019,62,54,8,8
63020,90,78,12,12
63021,117,107,10,10
63022,142,119,23,23
63023,177,154,23,23
63024,59,56,3,3
63025,89,92,-3,3
63026,69,60,9,9
63027,63,64,-1,1
63028,46,59,-13,13
63029,136,133,3,3
63030,105,107,-2,2
63031,127,123,4,4
63032,66,67,-1,1
63033,138,127,11,11
63034,71,62,9,9
63035,97,88,9,9
63036,112,102,10,10
63037,77,71,6,6
63038,57,52,5,5
63039,84,78,6,6
63040,85,76,9,9
63041,111,93,18,18
63042,123,107,16,16
63043,110,105,5,5
63044,114,108,6,6
63045,111,123,-12,12
63046,71,72,-1,1
63047,93,77,16,16
63048,343,286,57,57
63049,72,64,8,8
63050,186,152,34,34
63051,62,54,8,8
63052,79,72,7,7
63053,129,121,8,8
63054,121,123,-2,2
63055,105,91,14,14
63056,157,136,21,21
63057,115,96,19,19
63058,78,66,12,12
63059,179,175,4,4
63060,80,73,7,7
63061,113,109,4,4
63062,87,81,6,6
63063,95,86,9,9
63064,95,91,4,4
63065,104,95,9,9
63066,88,82,6,6
63067,61,61,0,0
63068,63,53,10,10
63069,87,94,-7,7
63070,157,153,4,4
63071,92,108,-16,16
63072,53,48,5,5
63073,128,109,19,19
63074,114,103,11,11
63075,95,78,17,17
63076,102,90,12,12
63077,120,112,8,8
63078,110,108,2,2
63079,207,173,34,34
63080,103,92,11,11
63081,55,45,10,10
63082,98,86,12,12
63083,99,91,8,8
63084,94,89,5,5
63085,82,82,0,0
63086,60,77,-17,17
63087,95,92,3,3
63088,113,93,20,20
63089,113,104,9,9
63090,105,88,17,17
63091,80,55,25,25
63092,104,97,7,7
63093,97,85,12,12
63094,62,56,6,6
63095,62,66,-4,4
63096,85,83,2,2
63097,114,95,19,19
63098,72,57,15,15
63099,82,68,14,14
63100,94,76,18,18
63101,90,87,3,3
63102,110,87,23,23
63103,90,75,15,15
63104,80,72,8,8
63105,109,86,23,23
63106,61,61,0,0
63107,185,167,18,18
63108,117,103,14,14
63109,139,124,15,15
63110,56,53,3,3
63111,74,64,10,10
63112,107,103,4,4
63113,78,80,-2,2
63114,51,45,6,6
63115,87,79,8,8
63116,114,101,13,13
63117,83,75,8,8
63118,137,118,19,19
63119,117,99,18,18
63120,87,85,2,2
63121,69,64,5,5
63122,86,81,5,5
63123,150,140,10,10
63124,162,145,17,17
63125,87,76,11,11
63126,68,62,6,6
63127,68,60,8,8
63128,126,96,30,30
63129,109,89,20,20
63130,106,106,0,0
63131,114,100,14,14
63132,136,131,5,5
63133,128,103,25,25
63134,109,103,6,6
63135,114,107,7,7
63136,102,94,8,8
63137,144,117,27,27
63138,52,47,5,5
63139,73,75,-2,2
63140,116,102,14,14
63141,111,87,24,24
63142,106,100,6,6
63143,125,112,13,13
63144,119,94,25,25
63145,77,73,4,4
63146,78,65,13,13
63147,62,53,9,9
63148,80,78,2,2
63149,101,97,4,4
63150,130,123,7,7
63151,165,140,25,25
63152,88,69,19,19
63153,97,96,1,1
63154,125,103,22,22
63155,55,49,6,6
63156,76,73,3,3
63157,124,119,5,5
63158,82,77,5,5
63159,60,58,2,2
63160,107,95,12,12
63161,109,102,7,7
63162,162,138,24,24
63163,95,99,-4,4
63164,54,46,8,8
63165,125,113,12,12
63166,107,91,16,16
63167,74,58,16,16
63168,155,137,18,18
63169,77,75,2,2
63170,80,69,11,11
63171,122,113,9,9
63172,71,70,1,1
63173,112,97,15,15
63174,61,65,-4,4
63175,88,85,3,3
63176,171,139,32,32
63177,98,79,19,19
63178,59,55,4,4
63179,150,138,12,12
63180,94,85,9,9
63181,112,103,9,9
63182,113,85,28,28
63183,92,84,8,8
63184,121,112,9,9
63185,101,85,16,16
63186,82,72,10,10
63187,125,101,24,24
63188,74,64,10,10
63189,68,61,7,7
63190,104,98,6,6
63191,80,66,14,14
63192,101,83,18,18
63193,96,93,3,3
63194,96,83,13,13
63195,79,76,3,3
63196,75,66,9,9
63197,121,109,12,12
63198,173,151,22,22
63199,123,107,16,16
63200,124,108,16,16
63201,123,106,17,17
63202,129,119,10,10
63203,119,95,24,24
63204,107,102,5,5
63205,117,99,18,18
63206,74,71,3,3
63207,72,66,6,6
63208,92,91,1,1
63209,102,86,16,16
63210,123,123,0,0
63211,119,114,5,5
63212,71,63,8,8
63213,64,65,-1,1
63214,108,93,15,15
63215,140,119,21,21
63216,90,81,9,9
63217,128,105,23,23
63218,99,88,11,11
63219,82,88,-6,6
63220,156,139,17,17
63221,137,124,13,13
63222,78,61,17,17
63223,95,88,7,7
63224,82,87,-5,5
63225,90,84,6,6
63226,64,59,5,5
63227,73,72,1,1
63228,53,55,-2,2
63229,123,112,11,11
63230,62,62,0,0
63231,92,88,4,4
63232,123,106,17,17
63233,125,107,18,18
63234,41,40,1,1
63235,187,158,29,29
63236,91,75,16,16
63237,76,70,6,6
63238,176,151,25,25
63239,93,89,4,4
63240,87,78,9,9
63241,89,83,6,6
63242,88,77,11,11
63243,99,79,20,20
63244,134,107,27,27
63245,95,86,9,9
63246,105,97,8,8
63247,42,46,-4,4
63248,96,81,15,15
63249,50,56,-6,6
63250,63,62,1,1
63251,95,94,1,1
63252,99,85,14,14
63253,109,112,-3,3
63254,133,110,23,23
63255,90,72,18,18
63256,71,63,8,8
63257,58,59,-1,1
63258,173,156,17,17
63259,77,69,8,8
63260,88,56,32,32
63261,72,62,10,10
63262,116,100,16,16
63263,61,56,5,5
63264,94,76,18,18
63265,117,112,5,5
63266,114,103,11,11
63267,147,129,18,18
63268,125,107,18,18
63269,100,95,5,5
63270,101,82,19,19
63271,112,98,14,14
63272,94,76,18,18
63273,119,98,21,21
63274,154,139,15,15
63275,82,77,5,5
63276,58,60,-2,2
63277,131,108,23,23
63278,82,72,10,10
63279,96,85,11,11
63280,80,64,16,16
63281,118,109,9,9
63282,51,57,-6,6
63283,164,150,14,14
63284,77,96,-19,19
63285,144,133,11,11
63286,132,122,10,10
63287,89,78,11,11
63288,78,60,18,18
63289,51,52,-1,1
63290,100,93,7,7
63291,108,97,11,11
63292,143,117,26,26
63293,88,78,10,10
63294,67,58,9,9
63295,121,116,5,5
63296,90,73,17,17
63297,65,60,5,5
63298,79,72,7,7
63299,144,123,21,21
63300,55,46,9,9
63301,78,73,5,5
63302,82,80,2,2
63303,78,70,8,8
63304,160,150,10,10
63305,89,72,17,17
63306,101,97,4,4
63307,114,89,25,25
63308,86,74,12,12
63309,155,139,16,16
63310,105,99,6,6
63311,76,66,10,10
63312,149,129,20,20
63313,99,98,1,1
63314,120,98,22,22
63315,69,62,7,7
63316,102,90,12,12
63317,59,51,8,8
63318,54,51,3,3
63319,107,88,19,19
63320,60,55,5,5
63321,70,55,15,15
63322,219,194,25,25
63323,83,74,9,9
63324,68,58,10,10
63325,89,86,3,3
63326,68,67,1,1
63327,108,101,7,7
63328,94,90,4,4
63329,90,80,10,10
63330,171,150,21,21
63331,35,31,4,4
63332,39,35,4,4
63333,80,106,-26,26
63334,69,60,9,9
63335,109,101,8,8
63336,112,107,5,5
63337,127,118,9,9
63338,87,74,13,13
63339,60,119,-59,59
63340,67,67,0,0
63341,151,129,22,22
63342,115,100,15,15
63343,86,79,7,7
63344,97,76,21,21
63345,128,110,18,18
63346,137,113,24,24
63347,102,87,15,15
63348,76,71,5,5
63349,33,32,1,1
63350,89,86,3,3
63351,68,61,7,7
63352,55,50,5,5
63353,104,98,6,6
63354,98,92,6,6
63355,67,61,6,6
63356,103,83,20,20
63357,87,78,9,9
63358,92,82,10,10
63359,97,75,22,22
63360,144,125,19,19
63361,94,93,1,1
63362,95,78,17,17
63363,131,105,26,26
63364,102,84,18,18
63365,132,121,11,11
63366,83,80,3,3
63367,127,120,7,7
63368,71,59,12,12
63369,86,75,11,11
63370,202,164,38,38
63371,181,156,25,25
63372,129,116,13,13
63373,112,98,14,14
63374,118,103,15,15
63375,46,34,12,12
63376,120,93,27,27
63377,55,59,-4,4
63378,141,120,21,21
63379,92,80,12,12
63380,137,127,10,10
63381,59,53,6,6
63382,192,178,14,14
63383,144,130,14,14
63384,91,85,6,6
63385,111,100,11,11
63386,52,44,8,8
63387,135,120,15,15
63388,43,41,2,2
63389,138,109,29,29
63390,159,129,30,30
63391,88,85,3,3
63392,63,60,3,3
63393,90,84,6,6
63394,101,88,13,13
63395,72,63,9,9
63396,64,51,13,13
63397,81,68,13,13
63398,94,82,12,12
63399,125,103,22,22
63400,64,56,8,8
63401,68,62,6,6
63402,77,77,0,0
63403,125,116,9,9
63404,68,62,6,6
63405,131,116,15,15
63406,72,62,10,10
63407,113,96,17,17
63408,136,125,11,11
63409,136,117,19,19
63410,129,107,22,22
63411,118,103,15,15
63412,79,67,12,12
63413,98,84,14,14
63414,117,106,11,11
63415,98,98,0,0
63416,30,37,-7,7
63417,76,60,16,16
63418,87,73,14,14
63419,110,93,17,17
63420,80,74,6,6
63421,48,56,-8,8
63422,120,104,16,16
63423,98,95,3,3
63424,43,40,3,3
63425,84,71,13,13
63426,62,55,7,7
63427,165,155,10,10
63428,56,52,4,4
63429,85,76,9,9
63430,109,88,21,21
63431,149,130,19,19
63432,55,44,11,11
63433,89,82,7,7
63434,68,68,0,0
63435,68,61,7,7
63436,146,134,12,12
63437,112,99,13,13
63438,104,88,16,16
63439,49,44,5,5
63440,67,57,10,10
63441,70,63,7,7
63442,109,92,17,17
63443,56,47,9,9
63444,148,130,18,18
63445,97,89,8,8
63446,79,70,9,9
63447,116,99,17,17
63448,97,86,11,11
63449,79,66,13,13
63450,74,58,16,16
63451,67,51,16,16
63452,118,100,18,18
63453,72,67,5,5
63454,128,99,29,29
63455,113,106,7,7
63456,103,103,0,0
63457,86,83,3,3
63458,59,57,2,2
63459,114,111,3,3
63460,125,122,3,3
63461,105,91,14,14
63462,70,68,2,2
63463,147,121,26,26
63464,90,72,18,18
63465,81,76,5,5
63466,65,68,-3,3
63467,63,57,6,6
63468,110,98,12,12
63469,108,90,18,18
63470,62,77,-15,15
63471,107,97,10,10
63472,47,43,4,4
63473,76,68,8,8
63474,92,86,6,6
63475,129,114,15,15
63476,87,81,6,6
63477,90,73,17,17
63478,75,70,5,5
63479,69,64,5,5
63480,61,59,2,2
63481,76,68,8,8
63482,49,44,5,5
63483,133,124,9,9
63484,147,139,8,8
63485,115,88,27,27
63486,88,84,4,4
63487,70,60,10,10
63488,77,71,6,6
63489,64,56,8,8
63490,182,147,35,35
63491,103,88,15,15
63492,91,85,6,6
63493,104,91,13,13
63494,67,61,6,6
63495,90,84,6,6
63496,81,73,8,8
63497,140,126,14,14
63498,64,57,7,7
63499,132,122,10,10
63500,64,57,7,7
63501,117,106,11,11
63502,86,84,2,2
63503,216,179,37,37
63504,129,113,16,16
63505,107,95,12,12
63506,114,103,11,11
63507,99,81,18,18
63508,232,187,45,45
63509,81,77,4,4
63510,117,107,10,10
63511,142,128,14,14
63512,33,29,4,4
63513,80,72,8,8
63514,95,75,20,20
63515,84,74,10,10
63516,111,107,4,4
63517,53,53,0,0
63518,47,51,-4,4
63519,80,72,8,8
63520,81,71,10,10
63521,74,65,9,9
63522,49,48,1,1
63523,124,102,22,22
63524,98,86,12,12
63525,155,144,11,11
63526,58,52,6,6
63527,111,94,17,17
63528,99,101,-2,2
63529,124,106,18,18
63530,62,46,16,16
63531,55,39,16,16
63532,72,64,8,8
63533,62,72,-10,10
63534,74,64,10,10
63535,76,57,19,19
63536,102,88,14,14
63537,87,79,8,8
63538,136,119,17,17
63539,89,76,13,13
63540,68,60,8,8
63541,67,63,4,4
63542,97,90,7,7
63543,123,106,17,17
63544,170,143,27,27
63545,120,111,9,9
63546,110,106,4,4
63547,100,92,8,8
63548,37,40,-3,3
63549,84,65,19,19
63550,62,55,7,7
63551,145,125,20,20
63552,106,99,7,7
63553,115,96,19,19
63554,126,115,11,11
63555,141,136,5,5
63556,92,77,15,15
63557,110,96,14,14
63558,59,61,-2,2
63559,90,71,19,19
63560,77,71,6,6
63561,70,63,7,7
63562,77,63,14,14
63563,79,66,13,13
63564,154,135,19,19
63565,137,130,7,7
63566,106,93,13,13
63567,116,102,14,14
63568,119,101,18,18
63569,65,52,13,13
63570,139,122,17,17
63571,145,123,22,22
63572,141,127,14,14
63573,119,101,18,18
63574,70,64,6,6
63575,78,70,8,8
63576,75,59,16,16
63577,100,86,14,14
63578,163,141,22,22
63579,162,147,15,15
63580,153,135,18,18
63581,94,88,6,6
63582,74,65,9,9
63583,88,78,10,10
63584,67,63,4,4
63585,100,100,0,0
63586,117,112,5,5
63587,80,71,9,9
63588,95,73,22,22
63589,77,71,6,6
63590,121,104,17,17
63591,141,123,18,18
63592,83,68,15,15
63593,55,52,3,3
63594,87,69,18,18
63595,76,70,6,6
63596,116,95,21,21
63597,162,179,-17,17
63598,114,104,10,10
63599,79,67,12,12
63600,117,111,6,6
63601,54,50,4,4
63602,87,82,5,5
63603,124,112,12,12
63604,101,84,17,17
63605,53,45,8,8
63606,133,118,15,15
63607,75,82,-7,7
63608,78,79,-1,1
63609,69,74,-5,5
63610,40,40,0,0
63611,84,72,12,12
63612,94,84,10,10
63613,75,66,9,9
63614,95,86,9,9
63615,82,87,-5,5
63616,75,64,11,11
63617,141,104,37,37
63618,98,90,8,8
63619,101,101,0,0
63620,49,47,2,2
63621,45,41,4,4
63622,94,85,9,9
63623,132,101,31,31
63624,122,96,26,26
63625,96,86,10,10
63626,89,72,17,17
63627,114,104,10,10
63628,112,95,17,17
63629,55,58,-3,3
63630,63,55,8,8
63631,133,105,28,28
63632,71,71,0,0
63633,81,64,17,17
63634,104,99,5,5
63635,97,70,27,27
63636,103,99,4,4
63637,110,91,19,19
63638,91,81,10,10
63639,60,56,4,4
63640,58,55,3,3
63641,91,83,8,8
63642,69,67,2,2
63643,75,77,-2,2
63644,175,169,6,6
63645,62,58,4,4
63646,121,114,7,7
63647,64,57,7,7
63648,103,88,15,15
63649,109,56,53,53
63650,111,92,19,19
63651,87,71,16,16
63652,146,125,21,21
63653,68,63,5,5
63654,69,64,5,5
63655,79,69,10,10
63656,111,98,13,13
63657,72,60,12,12
63658,110,93,17,17
63659,106,95,11,11
63660,112,93,19,19
63661,85,66,19,19
63662,153,145,8,8
63663,102,78,24,24
63664,75,71,4,4
63665,123,102,21,21
63666,80,87,-7,7
63667,81,75,6,6
63668,76,69,7,7
63669,107,93,14,14
63670,163,143,20,20
63671,75,75,0,0
63672,83,72,11,11
63673,72,60,12,12
63674,73,67,6,6
63675,47,43,4,4
63676,127,112,15,15
63677,31,35,-4,4
63678,88,77,11,11
63679,131,117,14,14
63680,140,141,-1,1
63681,172,152,20,20
63682,86,74,12,12
63683,137,121,16,16
63684,108,95,13,13
63685,67,61,6,6
63686,157,154,3,3
63687,42,48,-6,6
63688,81,77,4,4
63689,96,81,15,15
63690,189,169,20,20
63691,97,97,0,0
63692,82,80,2,2
63693,105,82,23,23
63694,107,86,21,21
63695,81,73,8,8
63696,44,35,9,9
63697,93,86,7,7
63698,63,58,5,5
63699,46,82,-36,36
63700,128,123,5,5
63701,133,119,14,14
63702,40,34,6,6
63703,119,101,18,18
63704,100,81,19,19
63705,96,86,10,10
63706,84,78,6,6
63707,188,174,14,14
63708,66,61,5,5
63709,145,133,12,12
63710,50,52,-2,2
63711,74,64,10,10
63712,82,74,8,8
63713,92,76,16,16
63714,131,116,15,15
63715,69,61,8,8
63716,97,79,18,18
63717,137,123,14,14
63718,98,89,9,9
63719,67,62,5,5
63720,107,99,8,8
63721,49,40,9,9
63722,76,71,5,5
63723,66,57,9,9
63724,170,143,27,27
63725,101,96,5,5
63726,95,76,19,19
63727,76,62,14,14
63728,82,72,10,10
63729,84,71,13,13
63730,106,95,11,11
63731,64,74,-10,10
63732,91,82,9,9
63733,86,73,13,13
63734,54,49,5,5
63735,82,86,-4,4
63736,89,80,9,9
63737,97,86,11,11
63738,161,139,22,22
63739,48,37,11,11
63740,109,97,12,12
63741,159,140,19,19
63742,106,97,9,9
63743,181,145,36,36
63744,129,123,6,6
63745,101,98,3,3
63746,114,99,15,15
63747,126,105,21,21
63748,168,136,32,32
63749,95,88,7,7
63750,80,74,6,6
63751,96,82,14,14
63752,35,39,-4,4
63753,73,68,5,5
63754,89,76,13,13
63755,107,88,19,19
63756,88,80,8,8
63757,92,88,4,4
63758,91,70,21,21
63759,91,75,16,16
63760,120,124,-4,4
63761,82,72,10,10
63762,80,73,7,7
63763,55,53,2,2
63764,76,61,15,15
63765,72,59,13,13
63766,105,88,17,17
63767,113,97,16,16
63768,67,59,8,8
63769,101,97,4,4
63770,80,71,9,9
63771,80,75,5,5
63772,96,79,17,17
63773,71,65,6,6
63774,148,136,12,12
63775,72,61,11,11
63776,127,122,5,5
63777,75,68,7,7
63778,83,76,7,7
63779,90,84,6,6
63780,86,77,9,9
63781,75,62,13,13
63782,72,60,12,12
63783,70,54,16,16
63784,105,91,14,14
63785,41,36,5,5
63786,68,64,4,4
63787,86,74,12,12
63788,64,49,15,15
63789,86,83,3,3
63790,51,56,-5,5
63791,124,102,22,22
63792,88,83,5,5
63793,93,83,10,10
63794,54,63,-9,9
63795,71,59,12,12
63796,132,123,9,9
63797,101,91,10,10
63798,172,143,29,29
63799,176,158,18,18
63800,173,161,12,12
63801,130,115,15,15
63802,79,66,13,13
63803,102,93,9,9
63804,133,117,16,16
63805,90,64,26,26
63806,102,89,13,13
63807,65,60,5,5
63808,128,111,17,17
63809,159,116,43,43
63810,57,54,3,3
63811,171,150,21,21
63812,66,65,1,1
63813,165,142,23,23
63814,51,43,8,8
63815,111,99,12,12
63816,211,167,44,44
63817,89,74,15,15
63818,74,68,6,6
63819,86,87,-1,1
63820,129,95,34,34
63821,67,55,12,12
63822,112,101,11,11
63823,102,71,31,31
63824,76,66,10,10
63825,67,70,-3,3
63826,96,85,11,11
63827,115,105,10,10
63828,95,90,5,5
63829,129,114,15,15
63830,78,68,10,10
63831,58,58,0,0
63832,93,82,11,11
63833,53,44,9,9
63834,62,58,4,4
63835,89,83,6,6
63836,110,97,13,13
63837,109,109,0,0
63838,34,56,-22,22
63839,94,67,27,27
63840,54,53,1,1
63841,111,102,9,9
63842,128,118,10,10
63843,141,127,14,14
63844,92,75,17,17
63845,102,75,27,27
63846,94,90,4,4
63847,130,111,19,19
63848,93,88,5,5
63849,86,67,19,19
63850,102,90,12,12
63851,137,112,25,25
63852,55,43,12,12
63853,118,103,15,15
63854,121,108,13,13
63855,155,131,24,24
63856,71,70,1,1
63857,140,126,14,14
63858,64,66,-2,2
63859,110,107,3,3
63860,119,111,8,8
63861,55,50,5,5
63862,80,75,5,5
63863,142,117,25,25
63864,44,46,-2,2
63865,111,103,8,8
63866,113,97,16,16
63867,146,120,26,26
63868,169,155,14,14
63869,129,107,22,22
63870,76,74,2,2
63871,67,61,6,6
63872,75,66,9,9
63873,68,62,6,6
63874,74,71,3,3
63875,80,68,12,12
63876,33,33,0,0
63877,91,81,10,10
63878,75,63,12,12
63879,94,83,11,11
63880,142,116,26,26
63881,50,98,-48,48
63882,193,177,16,16
63883,81,77,4,4
63884,111,95,16,16
63885,130,114,16,16
63886,51,46,5,5
63887,73,63,10,10
63888,136,131,5,5
63889,94,84,10,10
63890,111,91,20,20
63891,119,102,17,17
63892,101,90,11,11
63893,79,65,14,14
63894,92,82,10,10
63895,84,64,20,20
63896,48,51,-3,3
63897,105,95,10,10
63898,87,70,17,17
63899,91,89,2,2
63900,78,75,3,3
63901,136,135,1,1
63902,123,112,11,11
63903,130,116,14,14
63904,126,107,19,19
63905,84,83,1,1
63906,122,114,8,8
63907,124,113,11,11
63908,117,101,16,16
63909,49,43,6,6
63910,63,52,11,11
63911,64,59,5,5
63912,57,54,3,3
63913,37,40,-3,3
63914,38,40,-2,2
63915,56,51,5,5
63916,137,119,18,18
63917,109,103,6,6
63918,158,142,16,16
63919,112,109,3,3
63920,96,92,4,4
63921,99,91,8,8
63922,68,64,4,4
63923,94,88,6,6
63924,118,110,8,8
63925,80,75,5,5
63926,78,70,8,8
63927,94,79,15,15
63928,172,158,14,14
63929,39,39,0,0
63930,62,65,-3,3
63931,152,122,30,30
63932,120,104,16,16
63933,90,74,16,16
63934,105,89,16,16
63935,80,69,11,11
63936,58,55,3,3
63937,51,53,-2,2
63938,90,82,8,8
63939,107,93,14,14
63940,71,67,4,4
63941,61,64,-3,3
63942,111,118,-7,7
63943,88,83,5,5
63944,56,54,2,2
63945,93,83,10,10
63946,106,92,14,14
63947,96,83,13,13
63948,81,77,4,4
63949,63,53,10,10
63950,112,106,6,6
63951,120,100,20,20
63952,59,50,9,9
63953,103,81,22,22
63954,50,50,0,0
63955,115,87,28,28
63956,54,55,-1,1
63957,71,62,9,9
63958,59,56,3,3
63959,115,98,17,17
63960,47,47,0,0
63961,100,89,11,11
63962,77,69,8,8
63963,195,163,32,32
63964,118,104,14,14
63965,90,80,10,10
63966,101,91,10,10
63967,141,120,21,21
63968,153,134,19,19
63969,72,74,-2,2
63970,76,73,3,3
63971,141,110,31,31
63972,168,143,25,25
63973,189,152,37,37
63974,52,49,3,3
63975,90,81,9,9
63976,81,74,7,7
63977,54,54,0,0
63978,128,108,20,20
63979,86,83,3,3
63980,65,66,-1,1
63981,53,48,5,5
63982,57,56,1,1
63983,90,59,31,31
63984,73,70,3,3
63985,75,74,1,1
63986,85,73,12,12
63987,143,128,15,15
63988,44,52,-8,8
63989,81,65,16,16
63990,76,72,4,4
63991,126,113,13,13
63992,46,50,-4,4
63993,139,113,26,26
63994,154,132,22,22
63995,161,151,10,10
63996,59,50,9,9
63997,78,71,7,7
63998,85,77,8,8
63999,48,53,-5,5
64000,71,63,8,8
64001,79,71,8,8
64002,65,57,8,8
64003,78,71,7,7
64004,117,108,9,9
64005,51,45,6,6
64006,153,68,85,85
64007,118,109,9,9
64008,66,59,7,7
64009,75,74,1,1
64010,102,98,4,4
64011,85,77,8,8
64012,64,57,7,7
64013,95,91,4,4
64014,160,132,28,28
64015,94,81,13,13
64016,68,73,-5,5
64017,180,164,16,16
64018,52,71,-19,19
64019,106,96,10,10
64020,85,73,12,12
64021,115,118,-3,3
64022,57,47,10,10
64023,104,93,11,11
64024,53,50,3,3
64025,79,63,16,16
64026,68,71,-3,3
64027,86,70,16,16
64028,121,102,19,19
64029,54,50,4,4
64030,74,68,6,6
64031,122,127,-5,5
64032,67,54,13,13
64033,128,119,9,9
64034,56,50,6,6
64035,146,132,14,14
64036,111,109,2,2
64037,86,81,5,5
64038,96,78,18,18
64039,144,139,5,5
64040,73,68,5,5
64041,50,49,1,1
64042,179,164,15,15
64043,83,77,6,6
64044,62,55,7,7
64045,103,95,8,8
64046,101,90,11,11
64047,59,58,1,1
64048,74,60,14,14
64049,72,63,9,9
64050,75,75,0,0
64051,109,101,8,8
64052,102,77,25,25
64053,143,124,19,19
64054,83,87,-4,4
64055,156,145,11,11
64056,124,102,22,22
64057,80,70,10,10
64058,161,132,29,29
64059,54,60,-6,6
64060,75,77,-2,2
64061,155,124,31,31
64062,117,92,25,25
64063,130,119,11,11
64064,225,180,45,45
64065,94,82,12,12
64066,63,50,13,13
64067,72,60,12,12
64068,179,158,21,21
64069,141,129,12,12
64070,82,66,16,16
64071,62,47,15,15
64072,122,114,8,8
64073,79,64,15,15
64074,93,72,21,21
64075,137,146,-9,9
64076,110,101,9,9
64077,137,124,13,13
64078,84,68,16,16
64079,64,54,10,10
64080,64,48,16,16
64081,56,53,3,3
64082,70,63,7,7
64083,76,68,8,8
64084,118,99,19,19
64085,88,73,15,15
64086,81,71,10,10
64087,129,112,17,17
64088,64,65,-1,1
64089,97,82,15,15
64090,123,116,7,7
64091,86,66,20,20
64092,97,84,13,13
64093,115,109,6,6
64094,96,96,0,0
64095,77,68,9,9
64096,168,168,0,0
64097,51,50,1,1
64098,90,74,16,16
64099,56,55,1,1
64100,71,66,5,5
64101,107,100,7,7
64102,94,77,17,17
64103,46,53,-7,7
64104,118,99,19,19
64105,129,108,21,21
64106,106,100,6,6
64107,81,77,4,4
64108,82,67,15,15
64109,56,51,5,5
64110,79,67,12,12
64111,71,67,4,4
64112,148,140,8,8
64113,205,175,30,30
64114,142,115,27,27
64115,85,68,17,17
64116,47,45,2,2
64117,91,79,12,12
64118,108,95,13,13
64119,73,62,11,11
64120,102,96,6,6
64121,129,127,2,2
64122,130,148,-18,18
64123,103,83,20,20
64124,70,81,-11,11
64125,90,75,15,15
64126,118,127,-9,9
64127,85,66,19,19
64128,63,61,2,2
64129,62,53,9,9
64130,93,84,9,9
64131,66,69,-3,3
64132,57,51,6,6
64133,43,47,-4,4
64134,104,89,15,15
64135,131,112,19,19
64136,88,72,16,16
64137,79,71,8,8
64138,83,64,19,19
64139,77,63,14,14
64140,82,78,4,4
64141,109,97,12,12
64142,118,101,17,17
64143,134,125,9,9
64144,124,118,6,6
64145,105,100,5,5
64146,102,88,14,14
64147,109,97,12,12
64148,100,90,10,10
64149,84,80,4,4
64150,88,70,18,18
64151,86,77,9,9
64152,92,77,15,15
64153,125,107,18,18
64154,70,63,7,7
64155,167,129,38,38
64156,151,145,6,6
64157,80,69,11,11
64158,125,95,30,30
64159,140,139,1,1
64160,101,93,8,8
64161,68,55,13,13
64162,48,44,4,4
64163,105,93,12,12
64164,72,60,12,12
64165,73,68,5,5
64166,139,125,14,14
64167,88,82,6,6
64168,65,88,-23,23
64169,100,86,14,14
64170,150,134,16,16
64171,116,105,11,11
64172,64,60,4,4
64173,115,94,21,21
64174,58,54,4,4
64175,132,128,4,4
64176,91,75,16,16
64177,75,58,17,17
64178,98,92,6,6
64179,109,95,14,14
64180,115,93,22,22
64181,86,86,0,0
64182,100,74,26,26
64183,77,67,10,10
64184,156,147,9,9
64185,63,52,11,11
64186,81,73,8,8
64187,95,88,7,7
64188,70,62,8,8
64189,100,91,9,9
64190,92,83,9,9
64191,150,138,12,12
64192,99,97,2,2
64193,133,116,17,17
64194,46,46,0,0
64195,99,80,19,19
64196,128,109,19,19
64197,77,69,8,8
64198,77,71,6,6
64199,62,60,2,2
64200,175,144,31,31
64201,183,166,17,17
64202,80,75,5,5
64203,124,108,16,16
64204,116,102,14,14
64205,140,121,19,19
64206,74,61,13,13
64207,104,109,-5,5
64208,43,47,-4,4
64209,191,162,29,29
64210,245,215,30,30
64211,94,80,14,14
64212,110,91,19,19
64213,86,77,9,9
64214,49,48,1,1
64215,116,107,9,9
64216,58,52,6,6
64217,51,52,-1,1
64218,96,84,12,12
64219,73,68,5,5
64220,100,90,10,10
64221,83,124,-41,41
64222,130,115,15,15
64223,64,62,2,2
64224,77,72,5,5
64225,126,118,8,8
64226,52,48,4,4
64227,84,73,11,11
64228,69,70,-1,1
64229,107,110,-3,3
64230,104,85,19,19
64231,55,47,8,8
64232,87,85,2,2
64233,88,82,6,6
64234,147,140,7,7
64235,122,106,16,16
64236,120,101,19,19
64237,166,146,20,20
64238,80,78,2,2
64239,122,113,9,9
64240,43,35,8,8
64241,121,100,21,21
64242,70,65,5,5
64243,101,92,9,9
64244,57,54,3,3
64245,100,84,16,16
64246,52,53,-1,1
64247,69,61,8,8
64248,52,39,13,13
64249,60,55,5,5
64250,74,64,10,10
64251,92,85,7,7
64252,47,49,-2,2
64253,91,83,8,8
64254,72,67,5,5
64255,45,34,11,11
64256,70,70,0,0
64257,119,108,11,11
64258,113,105,8,8
64259,51,48,3,3
64260,56,52,4,4
64261,95,83,12,12
64262,82,84,-2,2
64263,79,72,7,7
64264,70,63,7,7
64265,78,74,4,4
64266,94,81,13,13
64267,68,60,8,8
64268,87,85,2,2
64269,164,170,-6,6
64270,101,82,19,19
64271,145,133,12,12
64272,50,44,6,6
64273,65,77,-12,12
64274,108,87,21,21
64275,77,63,14,14
64276,153,133,20,20
64277,113,95,18,18
64278,181,143,38,38
64279,52,44,8,8
64280,96,88,8,8
64281,139,120,19,19
64282,91,84,7,7
64283,73,66,7,7
64284,77,70,7,7
64285,71,66,5,5
64286,51,50,1,1
64287,90,80,10,10
64288,68,57,11,11
64289,73,67,6,6
64290,94,93,1,1
64291,69,58,11,11
64292,90,81,9,9
64293,154,143,11,11
64294,163,131,32,32
64295,74,68,6,6
64296,55,53,2,2
64297,73,71,2,2
64298,33,30,3,3
64299,154,131,23,23
64300,70,49,21,21
64301,72,67,5,5
64302,96,93,3,3
64303,117,104,13,13
64304,127,113,14,14
64305,84,80,4,4
64306,99,94,5,5
64307,72,62,10,10
64308,144,121,23,23
64309,74,69,5,5
64310,75,67,8,8
64311,89,77,12,12
64312,122,102,20,20
64313,165,149,16,16
64314,45,42,3,3
64315,82,82,0,0
64316,84,72,12,12
64317,166,151,15,15
64318,140,117,23,23
64319,96,93,3,3
64320,73,66,7,7
64321,200,169,31,31
64322,113,100,13,13
64323,137,119,18,18
64324,87,78,9,9
64325,127,113,14,14
64326,74,57,17,17
64327,89,79,10,10
64328,128,125,3,3
64329,73,68,5,5
64330,53,45,8,8
64331,26,42,-16,16
64332,104,93,11,11
64333,91,75,16,16
64334,157,137,20,20
64335,93,78,15,15
64336,125,119,6,6
64337,66,52,14,14
64338,125,109,16,16
64339,144,112,32,32
64340,106,89,17,17
64341,129,109,20,20
64342,86,85,1,1
64343,188,163,25,25
64344,142,121,21,21
64345,54,50,4,4
64346,185,143,42,42
64347,152,134,18,18
64348,55,50,5,5
64349,74,70,4,4
64350,132,126,6,6
64351,80,69,11,11
64352,77,70,7,7
64353,67,64,3,3
64354,71,58,13,13
64355,129,104,25,25
64356,116,97,19,19
64357,97,82,15,15
64358,39,42,-3,3
64359,44,44,0,0
64360,73,61,12,12
64361,78,67,11,11
64362,68,56,12,12
64363,57,47,10,10
64364,97,60,37,37
64365,77,67,10,10
64366,159,146,13,13
64367,144,118,26,26
64368,58,53,5,5
64369,74,74,0,0
64370,47,45,2,2
64371,86,78,8,8
64372,95,74,21,21
64373,74,64,10,10
64374,84,86,-2,2
64375,175,152,23,23
64376,47,38,9,9
64377,110,94,16,16
64378,181,161,20,20
64379,117,105,12,12
64380,77,60,17,17
64381,88,69,19,19
64382,84,81,3,3
64383,56,46,10,10
64384,49,43,6,6
64385,75,74,1,1
64386,58,53,5,5
64387,110,101,9,9
64388,80,75,5,5
64389,120,117,3,3
64390,79,87,-8,8
64391,107,100,7,7
64392,79,71,8,8
64393,69,58,11,11
64394,36,41,-5,5
64395,106,95,11,11
64396,64,53,11,11
64397,91,87,4,4
64398,70,68,2,2
64399,69,60,9,9
64400,75,75,0,0
64401,54,47,7,7
64402,69,66,3,3
64403,105,99,6,6
64404,67,62,5,5
64405,28,31,-3,3
64406,57,53,4,4
64407,46,34,12,12
64408,52,51,1,1
64409,122,110,12,12
64410,101,87,14,14
64411,129,109,20,20
64412,143,144,-1,1
64413,193,167,26,26
64414,55,50,5,5
64415,92,82,10,10
64416,107,82,25,25
64417,137,110,27,27
64418,100,91,9,9
64419,61,59,2,2
64420,113,89,24,24
64421,112,95,17,17
64422,78,63,15,15
64423,82,79,3,3
64424,58,60,-2,2
64425,65,49,16,16
64426,52,51,1,1
64427,106,95,11,11
64428,47,47,0,0
64429,72,70,2,2
64430,75,68,7,7
64431,135,127,8,8
64432,87,81,6,6
64433,175,155,20,20
64434,99,94,5,5
64435,50,43,7,7
64436,90,74,16,16
64437,83,81,2,2
64438,68,62,6,6
64439,85,77,8,8
64440,73,70,3,3
64441,58,61,-3,3
64442,78,66,12,12
64443,89,83,6,6
64444,49,45,4,4
64445,73,59,14,14
64446,108,72,36,36
64447,60,60,0,0
64448,142,115,27,27
64449,217,185,32,32
64450,57,45,12,12
64451,61,55,6,6
64452,82,64,18,18
64453,73,67,6,6
64454,108,96,12,12
64455,139,135,4,4
64456,80,65,15,15
64457,218,189,29,29
64458,119,109,10,10
64459,105,91,14,14
64460,57,52,5,5
64461,106,103,3,3
64462,74,73,1,1
64463,77,71,6,6
64464,143,126,17,17
64465,103,92,11,11
64466,120,104,16,16
64467,124,99,25,25
64468,112,95,17,17
64469,105,90,15,15
64470,144,130,14,14
64471,97,82,15,15
64472,65,56,9,9
64473,74,66,8,8
64474,55,48,7,7
64475,80,72,8,8
64476,115,104,11,11
64477,145,136,9,9
64478,103,102,1,1
64479,132,110,22,22
64480,46,40,6,6
64481,59,50,9,9
64482,83,68,15,15
64483,150,130,20,20
64484,182,159,23,23
64485,44,45,-1,1
64486,64,68,-4,4
64487,53,47,6,6
64488,78,77,1,1
64489,112,112,0,0
64490,109,94,15,15
64491,95,94,1,1
64492,62,80,-18,18
64493,57,52,5,5
64494,130,118,12,12
64495,101,86,15,15
64496,135,127,8,8
64497,100,106,-6,6
64498,107,106,1,1
64499,97,93,4,4
64500,79,69,10,10
64501,80,76,4,4
64502,94,60,34,34
64503,122,108,14,14
64504,57,54,3,3
64505,58,55,3,3
64506,76,70,6,6
64507,144,122,22,22
64508,51,43,8,8
64509,54,51,3,3
64510,85,79,6,6
64511,61,55,6,6
64512,148,110,38,38
64513,33,37,-4,4
64514,99,85,14,14
64515,117,100,17,17
64516,82,70,12,12
64517,54,73,-19,19
64518,144,123,21,21
64519,141,124,17,17
64520,80,77,3,3
64521,203,171,32,32
64522,93,81,12,12
64523,65,61,4,4
64524,61,52,9,9
64525,139,120,19,19
64526,84,77,7,7
64527,72,72,0,0
64528,68,66,2,2
64529,56,62,-6,6
64530,101,89,12,12
64531,63,66,-3,3
64532,94,85,9,9
64533,120,107,13,13
64534,113,106,7,7
64535,32,32,0,0
64536,94,96,-2,2
64537,116,107,9,9
64538,101,87,14,14
64539,57,52,5,5
64540,144,125,19,19
64541,76,67,9,9
64542,94,82,12,12
64543,80,73,7,7
64544,100,88,12,12
64545,150,125,25,25
64546,85,78,7,7
64547,77,67,10,10
64548,75,64,11,11
64549,170,146,24,24
64550,138,127,11,11
64551,74,60,14,14
64552,83,73,10,10
64553,193,175,18,18
64554,95,78,17,17
64555,132,115,17,17
64556,69,59,10,10
64557,120,121,-1,1
64558,102,91,11,11
64559,87,68,19,19
64560,133,105,28,28
64561,106,94,12,12
64562,90,85,5,5
64563,61,58,3,3
64564,87,77,10,10
64565,130,111,19,19
64566,77,70,7,7
64567,80,86,-6,6
64568,95,68,27,27
64569,64,57,7,7
64570,57,53,4,4
64571,70,64,6,6
64572,111,99,12,12
64573,54,50,4,4
64574,142,155,-13,13
64575,52,48,4,4
64576,47,51,-4,4
64577,133,125,8,8
64578,140,136,4,4
64579,60,59,1,1
64580,186,149,37,37
64581,77,70,7,7
64582,101,84,17,17
64583,59,51,8,8
64584,121,118,3,3
64585,104,94,10,10
64586,155,121,34,34
64587,83,73,10,10
64588,77,68,9,9
64589,123,99,24,24
64590,59,51,8,8
64591,105,82,23,23
64592,75,73,2,2
64593,116,97,19,19
64594,72,63,9,9
64595,149,142,7,7
64596,119,100,19,19
64597,63,63,0,0
64598,87,74,13,13
64599,137,118,19,19
64600,82,68,14,14
64601,125,112,13,13
64602,36,37,-1,1
64603,67,64,3,3
64604,116,107,9,9
64605,155,132,23,23
64606,103,83,20,20
64607,104,89,15,15
64608,143,128,15,15
64609,123,109,14,14
64610,121,101,20,20
64611,87,69,18,18
64612,72,68,4,4
64613,49,56,-7,7
64614,69,71,-2,2
64615,72,79,-7,7
64616,116,82,34,34
64617,138,133,5,5
64618,97,93,4,4
64619,63,55,8,8
64620,109,91,18,18
64621,80,73,7,7
64622,96,81,15,15
64623,98,79,19,19
64624,101,94,7,7
64625,143,126,17,17
64626,90,80,10,10
64627,85,78,7,7
64628,120,113,7,7
64629,65,52,13,13
64630,161,133,28,28
64631,124,97,27,27
64632,103,93,10,10
64633,99,88,11,11
64634,121,116,5,5
64635,122,107,15,15
64636,104,102,2,2
64637,160,160,0,0
64638,109,79,30,30
64639,63,58,5,5
64640,112,106,6,6
64641,88,75,13,13
64642,88,77,11,11
64643,101,104,-3,3
64644,50,44,6,6
64645,170,159,11,11
64646,64,64,0,0
64647,102,100,2,2
64648,93,83,10,10
64649,132,115,17,17
64650,75,72,3,3
64651,84,65,19,19
64652,60,55,5,5
64653,103,106,-3,3
64654,58,48,10,10
64655,153,123,30,30
64656,135,114,21,21
64657,62,66,-4,4
64658,162,134,28,28
64659,74,70,4,4
64660,90,75,15,15
64661,127,115,12,12
64662,97,90,7,7
64663,102,90,12,12
64664,117,102,15,15
64665,38,35,3,3
64666,114,99,15,15
64667,45,33,12,12
64668,100,89,11,11
64669,61,54,7,7
64670,101,85,16,16
64671,120,111,9,9
64672,152,132,20,20
64673,84,79,5,5
64674,100,81,19,19
64675,108,91,17,17
64676,124,125,-1,1
64677,148,143,5,5
64678,46,44,2,2
64679,119,109,10,10
64680,118,98,20,20
64681,52,46,6,6
64682,104,101,3,3
64683,82,86,-4,4
64684,100,81,19,19
64685,118,102,16,16
64686,70,66,4,4
64687,104,81,23,23
64688,141,125,16,16
64689,97,85,12,12
64690,24,42,-18,18
64691,192,159,33,33
64692,71,56,15,15
64693,78,77,1,1
64694,46,44,2,2
64695,79,71,8,8
64696,153,125,28,28
64697,88,91,-3,3
64698,64,63,1,1
64699,81,65,16,16
64700,81,73,8,8
64701,105,89,16,16
64702,88,82,6,6
64703,120,115,5,5
64704,68,58,10,10
64705,84,77,7,7
64706,121,103,18,18
64707,80,64,16,16
64708,138,127,11,11
64709,90,76,14,14
64710,87,81,6,6
64711,92,82,10,10
64712,111,108,3,3
64713,77,66,11,11
64714,74,65,9,9
64715,170,137,33,33
64716,77,74,3,3
64717,117,111,6,6
64718,151,123,28,28
64719,84,81,3,3
64720,108,108,0,0
64721,69,67,2,2
64722,121,115,6,6
64723,94,93,1,1
64724,41,36,5,5
64725,140,122,18,18
64726,76,60,16,16
64727,85,69,16,16
64728,104,99,5,5
64729,48,49,-1,1
64730,128,121,7,7
64731,68,59,9,9
64732,70,59,11,11
64733,93,77,16,16
64734,69,70,-1,1
64735,56,50,6,6
64736,96,88,8,8
64737,50,44,6,6
64738,64,60,4,4
64739,69,67,2,2
64740,89,78,11,11
64741,75,70,5,5
64742,77,69,8,8
64743,68,58,10,10
64744,59,80,-21,21
64745,140,115,25,25
64746,79,65,14,14
64747,46,38,8,8
64748,54,45,9,9
64749,89,84,5,5
64750,99,92,7,7
64751,68,61,7,7
64752,86,86,0,0
64753,106,87,19,19
64754,82,71,11,11
64755,97,119,-22,22
64756,29,38,-9,9
64757,99,88,11,11
64758,119,109,10,10
64759,102,93,9,9
64760,104,95,9,9
64761,148,114,34,34
64762,146,128,18,18
64763,107,88,19,19
64764,49,52,-3,3
64765,45,37,8,8
64766,133,119,14,14
64767,102,94,8,8
64768,110,104,6,6
64769,100,91,9,9
64770,112,97,15,15
64771,59,59,0,0
64772,73,61,12,12
64773,115,116,-1,1
64774,88,78,10,10
64775,77,82,-5,5
64776,133,119,14,14
64777,86,77,9,9
64778,74,59,15,15
64779,125,111,14,14
64780,97,89,8,8
64781,71,59,12,12
64782,42,40,2,2
64783,140,125,15,15
64784,70,62,8,8
64785,76,72,4,4
64786,59,51,8,8
64787,87,85,2,2
64788,134,108,26,26
64789,173,150,23,23
64790,47,44,3,3
64791,112,93,19,19
64792,94,93,1,1
64793,81,70,11,11
64794,152,140,12,12
64795,56,56,0,0
64796,72,65,7,7
64797,82,72,10,10
64798,68,59,9,9
64799,87,80,7,7
64800,116,120,-4,4
64801,49,37,12,12
64802,124,109,15,15
64803,146,138,8,8
64804,151,130,21,21
64805,67,74,-7,7
64806,57,84,-27,27
64807,147,135,12,12
64808,104,96,8,8
64809,124,117,7,7
64810,46,47,-1,1
64811,118,108,10,10
64812,110,102,8,8
64813,82,71,11,11
64814,97,83,14,14
64815,104,85,19,19
64816,46,43,3,3
64817,76,73,3,3
64818,66,58,8,8
64819,51,44,7,7
64820,63,54,9,9
64821,81,69,12,12
64822,110,100,10,10
64823,160,146,14,14
64824,65,60,5,5
64825,43,41,2,2
64826,67,109,-42,42
64827,104,91,13,13
64828,83,78,5,5
64829,57,60,-3,3
64830,139,122,17,17
64831,78,69,9,9
64832,68,50,18,18
64833,91,77,14,14
64834,117,106,11,11
64835,117,101,16,16
64836,110,104,6,6
64837,67,60,7,7
64838,89,82,7,7
64839,96,96,0,0
64840,92,90,2,2
64841,87,75,12,12
64842,92,75,17,17
64843,59,57,2,2
64844,66,56,10,10
64845,160,148,12,12
64846,188,155,33,33
64847,96,89,7,7
64848,75,76,-1,1
64849,140,122,18,18
64850,95,85,10,10
64851,83,74,9,9
64852,103,94,9,9
64853,81,72,9,9
64854,87,78,9,9
64855,90,81,9,9
64856,66,60,6,6
64857,100,86,14,14
64858,75,60,15,15
64859,50,46,4,4
64860,68,64,4,4
64861,82,71,11,11
64862,72,57,15,15
64863,56,54,2,2
64864,113,101,12,12
64865,41,39,2,2
64866,56,55,1,1
64867,92,76,16,16
64868,68,61,7,7
64869,63,57,6,6
64870,111,105,6,6
64871,74,71,3,3
64872,91,82,9,9
64873,84,125,-41,41
64874,107,108,-1,1
64875,95,83,12,12
64876,80,69,11,11
64877,125,116,9,9
64878,57,51,6,6
64879,115,111,4,4
64880,117,102,15,15
64881,71,70,1,1
64882,72,62,10,10
64883,199,169,30,30
64884,100,95,5,5
64885,75,59,16,16
64886,78,66,12,12
64887,82,68,14,14
64888,85,77,8,8
64889,53,51,2,2
64890,89,79,10,10
64891,111,92,19,19
64892,58,54,4,4
64893,74,60,14,14
64894,106,107,-1,1
64895,139,128,11,11
64896,94,84,10,10
64897,66,55,11,11
64898,140,113,27,27
64899,100,92,8,8
64900,60,55,5,5
64901,118,93,25,25
64902,108,87,21,21
64903,131,109,22,22
64904,141,141,0,0
64905,107,95,12,12
64906,65,73,-8,8
64907,104,98,6,6
64908,121,113,8,8
64909,93,91,2,2
64910,85,80,5,5
64911,77,71,6,6
64912,113,92,21,21
64913,44,42,2,2
64914,110,112,-2,2
64915,75,65,10,10
64916,65,64,1,1
64917,59,52,7,7
64918,102,81,21,21
64919,93,99,-6,6
64920,85,78,7,7
64921,57,48,9,9
64922,129,115,14,14
64923,45,47,-2,2
64924,60,69,-9,9
64925,89,86,3,3
64926,93,84,9,9
64927,104,93,11,11
64928,55,51,4,4
64929,83,79,4,4
64930,137,118,19,19
64931,109,88,21,21
64932,69,66,3,3
64933,110,119,-9,9
64934,119,91,28,28
64935,97,83,14,14
64936,81,73,8,8
64937,104,89,15,15
64938,71,72,-1,1
64939,50,49,1,1
64940,136,117,19,19
64941,70,57,13,13
64942,63,64,-1,1
64943,90,82,8,8
64944,102,88,14,14
64945,50,44,6,6
64946,138,113,25,25
64947,103,114,-11,11
64948,127,112,15,15
64949,129,120,9,9
64950,144,126,18,18
64951,52,50,2,2
64952,72,69,3,3
64953,94,89,5,5
64954,77,61,16,16
64955,62,58,4,4
64956,91,84,7,7
64957,58,53,5,5
64958,78,67,11,11
64959,63,55,8,8
64960,111,91,20,20
64961,87,78,9,9
64962,85,73,12,12
64963,224,182,42,42
64964,99,83,16,16
64965,84,71,13,13
64966,101,91,10,10
64967,156,122,34,34
64968,50,45,5,5
64969,82,70,12,12
64970,190,181,9,9
64971,127,119,8,8
64972,61,51,10,10
64973,100,93,7,7
64974,81,77,4,4
64975,141,116,25,25
64976,80,67,13,13
64977,67,60,7,7
64978,90,85,5,5
64979,81,67,14,14
64980,55,48,7,7
64981,85,78,7,7
64982,36,37,-1,1
64983,87,68,19,19
64984,73,75,-2,2
64985,90,80,10,10
64986,69,62,7,7
64987,88,75,13,13
64988,64,61,3,3
64989,56,49,7,7
64990,130,108,22,22
64991,59,50,9,9
64992,140,136,4,4
64993,129,104,25,25
64994,122,108,14,14
64995,69,57,12,12
64996,65,65,0,0
64997,103,94,9,9
64998,36,31,5,5
64999,193,174,19,19
65000,123,108,15,15
65001,77,64,13,13
65002,75,61,14,14
65003,85,84,1,1
65004,124,111,13,13
65005,148,135,13,13
65006,92,86,6,6
65007,70,49,21,21
65008,129,111,18,18
65009,51,42,9,9
65010,98,79,19,19
65011,130,109,21,21
65012,134,118,16,16
65013,89,73,16,16
65014,83,83,0,0
65015,89,84,5,5
65016,101,89,12,12
65017,110,89,21,21
65018,68,60,8,8
65019,68,55,13,13
65020,72,65,7,7
65021,77,70,7,7
65022,147,122,25,25
65023,117,103,14,14
65024,79,87,-8,8
65025,103,96,7,7
65026,65,60,5,5
65027,102,88,14,14
65028,66,61,5,5
65029,101,86,15,15
65030,77,73,4,4
65031,58,57,1,1
65032,75,69,6,6
65033,50,55,-5,5
65034,116,102,14,14
65035,78,69,9,9
65036,111,89,22,22
65037,35,33,2,2
65038,94,83,11,11
65039,136,113,23,23
65040,71,60,11,11
65041,94,97,-3,3
65042,81,70,11,11
65043,54,47,7,7
65044,94,76,18,18
65045,94,88,6,6
65046,143,128,15,15
65047,82,73,9,9
65048,156,129,27,27
65049,81,79,2,2
65050,169,152,17,17
65051,104,90,14,14
65052,107,99,8,8
65053,69,73,-4,4
65054,123,94,29,29
65055,51,47,4,4
65056,88,87,1,1
65057,41,38,3,3
65058,56,55,1,1
65059,138,128,10,10
65060,102,83,19,19
65061,97,82,15,15
65062,124,119,5,5
65063,124,108,16,16
65064,119,119,0,0
65065,55,46,9,9
65066,116,103,13,13
65067,60,57,3,3
65068,134,112,22,22
65069,63,80,-17,17
65070,73,68,5,5
65071,145,125,20,20
65072,111,100,11,11
65073,110,107,3,3
65074,194,161,33,33
65075,92,87,5,5
65076,97,81,16,16
65077,116,108,8,8
65078,61,50,11,11
65079,150,133,17,17
65080,45,42,3,3
65081,99,79,20,20
65082,79,68,11,11
65083,118,111,7,7
65084,74,61,13,13
65085,108,95,13,13
65086,85,71,14,14
65087,89,75,14,14
65088,107,98,9,9
65089,165,158,7,7
65090,84,75,9,9
65091,132,114,18,18
65092,90,75,15,15
65093,144,108,36,36
65094,87,83,4,4
65095,103,81,22,22
65096,98,94,4,4
65097,88,75,13,13
65098,125,110,15,15
65099,112,95,17,17
65100,51,55,-4,4
65101,105,101,4,4
65102,149,114,35,35
65103,109,96,13,13
65104,74,66,8,8
65105,83,73,10,10
65106,85,77,8,8
65107,75,62,13,13
65108,78,75,3,3
65109,67,61,6,6
65110,48,43,5,5
65111,109,79,30,30
65112,92,75,17,17
65113,90,83,7,7
65114,90,79,11,11
65115,98,88,10,10
65116,76,68,8,8
65117,83,77,6,6
65118,148,141,7,7
65119,99,90,9,9
65120,68,62,6,6
65121,79,64,15,15
65122,98,92,6,6
65123,194,167,27,27
65124,90,76,14,14
65125,70,60,10,10
65126,88,79,9,9
65127,66,57,9,9
65128,81,53,28,28
65129,122,110,12,12
65130,96,91,5,5
65131,69,65,4,4
65132,113,90,23,23
65133,61,63,-2,2
65134,101,74,27,27
65135,178,155,23,23
65136,111,98,13,13
65137,81,67,14,14
65138,147,151,-4,4
65139,121,105,16,16
65140,78,68,10,10
65141,86,74,12,12
65142,54,48,6,6
65143,46,42,4,4
65144,62,58,4,4
65145,94,89,5,5
65146,101,93,8,8
65147,60,59,1,1
65148,72,58,14,14
65149,75,73,2,2
65150,148,130,18,18
65151,123,106,17,17
65152,81,83,-2,2
65153,126,115,11,11
65154,163,142,21,21
65155,105,95,10,10
65156,85,74,11,11
65157,102,87,15,15
65158,89,76,13,13
65159,123,117,6,6
65160,62,50,12,12
65161,78,79,-1,1
65162,98,82,16,16
65163,68,61,7,7
65164,99,93,6,6
65165,112,92,20,20
65166,89,77,12,12
65167,89,83,6,6
65168,83,68,15,15
65169,119,106,13,13
65170,92,90,2,2
65171,77,72,5,5
65172,74,65,9,9
65173,115,123,-8,8
65174,107,95,12,12
65175,98,82,16,16
65176,136,116,20,20
65177,42,40,2,2
65178,119,111,8,8
65179,119,107,12,12
65180,109,92,17,17
65181,113,98,15,15
65182,164,146,18,18
65183,86,74,12,12
65184,97,90,7,7
65185,112,104,8,8
65186,124,111,13,13
65187,84,90,-6,6
65188,77,72,5,5
65189,87,82,5,5
65190,52,49,3,3
65191,112,98,14,14
65192,78,72,6,6
65193,93,82,11,11
65194,115,116,-1,1
65195,76,63,13,13
65196,209,175,34,34
65197,41,42,-1,1
65198,115,97,18,18
65199,155,123,32,32
65200,53,47,6,6
65201,72,65,7,7
65202,110,72,38,38
65203,91,85,6,6
65204,99,86,13,13
65205,88,86,2,2
65206,100,90,10,10
65207,73,75,-2,2
65208,70,59,11,11
65209,126,109,17,17
65210,102,92,10,10
65211,97,81,16,16
65212,60,58,2,2
65213,44,37,7,7
65214,62,59,3,3
65215,52,48,4,4
65216,128,112,16,16
65217,168,147,21,21
65218,101,92,9,9
65219,106,97,9,9
65220,191,159,32,32
65221,51,54,-3,3
65222,196,150,46,46
65223,92,88,4,4
65224,47,40,7,7
65225,115,95,20,20
65226,70,58,12,12
65227,84,82,2,2
65228,145,129,16,16
65229,102,97,5,5
65230,31,29,2,2
65231,65,59,6,6
65232,92,81,11,11
65233,77,74,3,3
65234,90,86,4,4
65235,30,38,-8,8
65236,72,72,0,0
65237,109,103,6,6
65238,148,132,16,16
65239,81,77,4,4
65240,75,63,12,12
65241,60,57,3,3
65242,147,129,18,18
65243,95,74,21,21
65244,71,67,4,4
65245,145,141,4,4
65246,91,88,3,3
65247,48,64,-16,16
65248,94,83,11,11
65249,86,85,1,1
65250,70,62,8,8
65251,120,111,9,9
65252,117,104,13,13
65253,118,86,32,32
65254,66,59,7,7
65255,70,62,8,8
65256,51,44,7,7
65257,80,75,5,5
65258,78,73,5,5
65259,136,108,28,28
65260,105,95,10,10
65261,94,77,17,17
65262,119,100,19,19
65263,119,109,10,10
65264,66,59,7,7
65265,133,114,19,19
65266,106,94,12,12
65267,110,93,17,17
65268,109,94,15,15
65269,97,99,-2,2
65270,54,53,1,1
65271,143,124,19,19
65272,103,98,5,5
65273,55,45,10,10
65274,72,62,10,10
65275,300,230,70,70
65276,110,99,11,11
65277,120,107,13,13
65278,114,110,4,4
65279,65,58,7,7
65280,51,47,4,4
65281,107,87,20,20
65282,86,83,3,3
65283,91,85,6,6
65284,102,84,18,18
65285,72,60,12,12
65286,82,74,8,8
65287,134,112,22,22
65288,133,111,22,22
65289,79,74,5,5
65290,146,131,15,15
65291,176,151,25,25
65292,117,103,14,14
65293,82,78,4,4
65294,105,93,12,12
65295,89,78,11,11
65296,72,70,2,2
65297,71,56,15,15
65298,117,109,8,8
65299,140,125,15,15
65300,80,74,6,6
65301,53,48,5,5
65302,185,165,20,20
65303,111,91,20,20
65304,92,87,5,5
65305,91,77,14,14
65306,112,88,24,24
65307,59,51,8,8
65308,106,91,15,15
65309,53,57,-4,4
65310,132,120,12,12
65311,80,77,3,3
65312,163,153,10,10
65313,58,54,4,4
65314,138,114,24,24
65315,173,152,21,21
65316,64,63,1,1
65317,78,64,14,14
65318,101,96,5,5
65319,103,91,12,12
65320,87,73,14,14
65321,105,92,13,13
65322,94,81,13,13
65323,89,82,7,7
65324,63,63,0,0
65325,92,76,16,16
65326,139,125,14,14
65327,78,72,6,6
65328,58,73,-15,15
65329,77,73,4,4
65330,71,99,-28,28
65331,154,145,9,9
65332,93,80,13,13
65333,61,54,7,7
65334,168,146,22,22
65335,139,117,22,22
65336,78,73,5,5
65337,132,114,18,18
65338,56,48,8,8
65339,78,74,4,4
65340,86,78,8,8
65341,68,62,6,6
65342,31,50,-19,19
65343,60,52,8,8
65344,150,132,18,18
65345,117,103,14,14
65346,104,90,14,14
65347,102,90,12,12
65348,77,77,0,0
65349,64,63,1,1
65350,103,96,7,7
65351,113,103,10,10
65352,96,86,10,10
65353,114,85,29,29
65354,126,109,17,17
65355,106,99,7,7
65356,59,53,6,6
65357,81,75,6,6
65358,109,92,17,17
65359,121,117,4,4
65360,70,64,6,6
65361,148,132,16,16
65362,94,82,12,12
65363,127,117,10,10
65364,117,107,10,10
65365,104,92,12,12
65366,46,46,0,0
65367,106,106,0,0
65368,94,77,17,17
65369,124,100,24,24
65370,62,58,4,4
65371,62,66,-4,4
65372,74,75,-1,1
65373,53,48,5,5
65374,40,43,-3,3
65375,70,60,10,10
65376,60,57,3,3
65377,45,38,7,7
65378,111,99,12,12
65379,37,45,-8,8
65380,88,91,-3,3
65381,51,94,-43,43
65382,66,59,7,7
65383,76,69,7,7
65384,91,75,16,16
65385,121,112,9,9
65386,135,116,19,19
65387,87,84,3,3
65388,99,88,11,11
65389,106,94,12,12
65390,83,78,5,5
65391,94,76,18,18
65392,76,67,9,9
65393,69,59,10,10
65394,100,102,-2,2
65395,118,107,11,11
65396,66,73,-7,7
65397,89,80,9,9
65398,104,106,-2,2
65399,110,87,23,23
65400,106,90,16,16
65401,118,104,14,14
65402,83,79,4,4
65403,85,74,11,11
65404,73,77,-4,4
65405,72,57,15,15
65406,61,51,10,10
65407,59,53,6,6
65408,114,109,5,5
65409,68,66,2,2
65410,179,165,14,14
65411,70,59,11,11
65412,91,79,12,12
65413,114,97,17,17
65414,108,95,13,13
65415,79,75,4,4
65416,79,66,13,13
65417,125,115,10,10
65418,117,89,28,28
65419,68,68,0,0
65420,79,69,10,10
65421,103,102,1,1
65422,207,167,40,40
65423,63,59,4,4
65424,117,104,13,13
65425,63,56,7,7
65426,71,65,6,6
65427,74,76,-2,2
65428,55,46,9,9
65429,170,147,23,23
65430,69,58,11,11
65431,51,54,-3,3
65432,55,48,7,7
65433,73,64,9,9
65434,89,95,-6,6
65435,173,139,34,34
65436,119,104,15,15
65437,85,83,2,2
65438,94,85,9,9
65439,104,79,25,25
65440,96,87,9,9
65441,61,59,2,2
65442,86,79,7,7
65443,95,81,14,14
65444,161,143,18,18
65445,80,70,10,10
65446,112,96,16,16
65447,75,71,4,4
65448,141,119,22,22
65449,161,151,10,10
65450,99,90,9,9
65451,94,82,12,12
65452,146,121,25,25
65453,72,64,8,8
65454,105,82,23,23
65455,69,60,9,9
65456,113,97,16,16
65457,132,107,25,25
65458,121,110,11,11
65459,91,80,11,11
65460,70,61,9,9
65461,96,85,11,11
65462,155,135,20,20
65463,130,123,7,7
65464,186,149,37,37
65465,96,88,8,8
65466,146,146,0,0
65467,113,97,16,16
65468,86,81,5,5
65469,104,89,15,15
65470,66,56,10,10
65471,96,79,17,17
65472,88,68,20,20
65473,111,94,17,17
65474,146,122,24,24
65475,86,60,26,26
65476,46,43,3,3
65477,72,66,6,6
65478,170,135,35,35
65479,35,30,5,5
65480,90,80,10,10
65481,143,134,9,9
65482,157,138,19,19
65483,62,62,0,0
65484,65,56,9,9
65485,75,64,11,11
65486,89,79,10,10
65487,82,63,19,19
65488,80,76,4,4
65489,56,44,12,12
65490,76,64,12,12
65491,113,103,10,10
65492,104,103,1,1
65493,99,86,13,13
65494,62,54,8,8
65495,140,130,10,10
65496,76,72,4,4
65497,114,99,15,15
65498,108,102,6,6
65499,81,63,18,18
65500,63,55,8,8
65501,125,111,14,14
65502,70,51,19,19
65503,90,81,9,9
65504,37,37,0,0
65505,92,96,-4,4
65506,96,93,3,3
65507,85,77,8,8
65508,106,101,5,5
65509,86,77,9,9
65510,101,80,21,21
65511,101,90,11,11
65512,100,91,9,9
65513,105,88,17,17
65514,71,68,3,3
65515,58,52,6,6
65516,179,154,25,25
65517,106,96,10,10
65518,89,72,17,17
65519,84,63,21,21
65520,113,97,16,16
65521,129,108,21,21
65522,87,87,0,0
65523,122,113,9,9
65524,109,101,8,8
65525,78,75,3,3
65526,96,80,16,16
65527,176,142,34,34
65528,114,101,13,13
65529,89,69,20,20
65530,115,93,22,22
65531,73,61,12,12
65532,68,61,7,7
65533,148,130,18,18
65534,70,61,9,9
65535,108,92,16,16
65536,60,49,11,11
65537,98,77,21,21
65538,47,45,2,2
65539,84,79,5,5
65540,60,47,13,13
65541,119,114,5,5
65542,66,61,5,5
65543,115,103,12,12
65544,172,142,30,30
65545,105,89,16,16
65546,83,66,17,17
65547,75,63,12,12
65548,48,41,7,7
65549,100,91,9,9
65550,59,58,1,1
65551,67,56,11,11
65552,103,98,5,5
65553,48,41,7,7
65554,108,107,1,1
65555,77,59,18,18
65556,126,109,17,17
65557,82,88,-6,6
65558,38,37,1,1
65559,99,84,15,15
65560,56,51,5,5
65561,131,105,26,26
65562,96,77,19,19
65563,83,76,7,7
65564,120,101,19,19
65565,102,80,22,22
65566,93,88,5,5
65567,127,111,16,16
65568,67,51,16,16
65569,98,86,12,12
65570,77,60,17,17
65571,84,68,16,16
65572,96,83,13,13
65573,118,101,17,17
65574,84,79,5,5
65575,70,74,-4,4
65576,100,92,8,8
65577,118,101,17,17
65578,54,55,-1,1
65579,170,147,23,23
65580,91,89,2,2
65581,86,74,12,12
65582,82,78,4,4
65583,123,111,12,12
65584,94,85,9,9
65585,86,66,20,20
65586,142,137,5,5
65587,132,105,27,27
65588,140,122,18,18
65589,177,142,35,35
65590,54,57,-3,3
65591,51,51,0,0
65592,130,109,21,21
65593,71,65,6,6
65594,61,51,10,10
65595,93,82,11,11
65596,93,86,7,7
65597,83,63,20,20
65598,104,86,18,18
65599,93,86,7,7
65600,88,77,11,11
65601,89,85,4,4
65602,154,146,8,8
65603,53,48,5,5
65604,85,77,8,8
65605,89,87,2,2
65606,107,100,7,7
65607,102,92,10,10
65608,88,88,0,0
65609,35,32,3,3
65610,118,100,18,18
65611,63,55,8,8
65612,56,53,3,3
65613,41,37,4,4
65614,108,102,6,6
65615,137,124,13,13
65616,70,58,12,12
65617,131,126,5,5
65618,83,72,11,11
65619,87,74,13,13
65620,87,85,2,2
65621,134,121,13,13
65622,108,83,25,25
65623,73,71,2,2
65624,110,92,18,18
65625,100,73,27,27
65626,57,68,-11,11
65627,101,87,14,14
65628,124,107,17,17
65629,100,92,8,8
65630,116,108,8,8
65631,124,97,27,27
65632,119,114,5,5
65633,95,98,-3,3
65634,131,106,25,25
65635,46,44,2,2
65636,119,101,18,18
65637,86,73,13,13
65638,148,136,12,12
65639,63,54,9,9
65640,84,69,15,15
65641,88,76,12,12
65642,125,105,20,20
65643,180,148,32,32
65644,92,86,6,6
65645,73,68,5,5
65646,54,55,-1,1
65647,125,118,7,7
65648,158,141,17,17
65649,115,100,15,15
65650,176,161,15,15
65651,71,82,-11,11
65652,109,107,2,2
65653,115,98,17,17
65654,135,114,21,21
65655,75,64,11,11
65656,71,63,8,8
65657,74,74,0,0
65658,123,120,3,3
65659,85,77,8,8
65660,124,115,9,9
65661,51,51,0,0
65662,53,55,-2,2
65663,97,93,4,4
65664,92,83,9,9
65665,122,114,8,8
65666,183,154,29,29
65667,94,91,3,3
65668,151,129,22,22
65669,65,58,7,7
65670,146,132,14,14
65671,68,68,0,0
65672,186,136,50,50
65673,121,99,22,22
65674,77,68,9,9
65675,99,96,3,3
65676,102,94,8,8
65677,80,70,10,10
65678,123,110,13,13
65679,90,86,4,4
65680,96,89,7,7
65681,119,90,29,29
65682,136,121,15,15
65683,84,72,12,12
65684,135,121,14,14
65685,84,94,-10,10
65686,56,51,5,5
65687,81,74,7,7
65688,69,53,16,16
65689,89,67,22,22
65690,105,93,12,12
65691,113,102,11,11
65692,79,66,13,13
65693,167,137,30,30
65694,85,69,16,16
65695,80,73,7,7
65696,72,67,5,5
65697,129,117,12,12
65698,155,128,27,27
65699,53,48,5,5
65700,48,45,3,3
65701,45,36,9,9
65702,55,51,4,4
65703,99,90,9,9
65704,91,83,8,8
65705,75,65,10,10
65706,84,73,11,11
65707,38,43,-5,5
65708,41,38,3,3
65709,86,80,6,6
65710,76,65,11,11
65711,53,50,3,3
65712,63,57,6,6
65713,79,69,10,10
65714,145,125,20,20
65715,97,89,8,8
65716,120,104,16,16
65717,74,67,7,7
65718,96,86,10,10
65719,101,82,19,19
65720,94,90,4,4
65721,92,72,20,20
65722,83,65,18,18
65723,122,98,24,24
65724,57,49,8,8
65725,56,58,-2,2
65726,123,115,8,8
65727,104,92,12,12
65728,147,122,25,25
65729,190,180,10,10
65730,120,106,14,14
65731,173,149,24,24
65732,52,44,8,8
65733,134,115,19,19
65734,110,95,15,15
65735,84,72,12,12
65736,92,84,8,8
65737,112,94,18,18
65738,60,54,6,6
65739,76,71,5,5
65740,159,134,25,25
65741,61,60,1,1
65742,141,118,23,23
65743,107,95,12,12
65744,103,83,20,20
65745,129,116,13,13
65746,61,57,4,4
65747,77,64,13,13
65748,84,78,6,6
65749,78,70,8,8
65750,47,41,6,6
65751,140,121,19,19
65752,56,48,8,8
65753,154,127,27,27
65754,77,78,-1,1
65755,85,65,20,20
65756,104,102,2,2
65757,70,76,-6,6
65758,71,65,6,6
65759,63,54,9,9
65760,84,72,12,12
65761,110,89,21,21
65762,88,79,9,9
65763,74,72,2,2
65764,72,77,-5,5
65765,46,41,5,5
65766,94,85,9,9
65767,93,92,1,1
65768,63,56,7,7
65769,100,90,10,10
65770,71,65,6,6
65771,113,105,8,8
65772,88,73,15,15
65773,83,61,22,22
65774,76,74,2,2
65775,83,68,15,15
65776,153,121,32,32
65777,134,123,11,11
65778,91,82,9,9
65779,56,53,3,3
65780,89,84,5,5
65781,51,48,3,3
65782,121,109,12,12
65783,107,97,10,10
65784,97,134,-37,37
65785,79,70,9,9
65786,115,96,19,19
65787,60,57,3,3
65788,105,90,15,15
65789,65,60,5,5
65790,57,49,8,8
65791,169,146,23,23
65792,92,80,12,12
65793,104,109,-5,5
65794,68,58,10,10
65795,72,63,9,9
65796,92,82,10,10
65797,124,109,15,15
65798,85,76,9,9
65799,123,109,14,14
65800,112,93,19,19
65801,138,139,-1,1
65802,205,177,28,28
65803,88,81,7,7
65804,82,74,8,8
65805,77,73,4,4
65806,68,59,9,9
65807,125,109,16,16
65808,87,77,10,10
65809,112,102,10,10
65810,66,67,-1,1
65811,132,112,20,20
65812,136,111,25,25
65813,232,197,35,35
65814,63,59,4,4
65815,77,75,2,2
65816,121,107,14,14
65817,161,139,22,22
65818,200,151,49,49
65819,65,58,7,7
65820,104,86,18,18
65821,129,101,28,28
65822,129,131,-2,2
65823,123,106,17,17
65824,72,69,3,3
65825,59,49,10,10
65826,94,95,-1,1
65827,102,103,-1,1
65828,74,68,6,6
65829,64,56,8,8
65830,48,46,2,2
65831,80,73,7,7
65832,112,92,20,20
65833,67,110,-43,43
65834,79,80,-1,1
65835,79,72,7,7
65836,51,48,3,3
65837,213,175,38,38
65838,116,107,9,9
65839,82,73,9,9
65840,88,80,8,8
65841,154,151,3,3
65842,93,80,13,13
65843,115,102,13,13
65844,58,50,8,8
65845,89,85,4,4
65846,69,60,9,9
65847,124,106,18,18
65848,87,76,11,11
65849,114,105,9,9
65850,75,70,5,5
65851,46,59,-13,13
65852,54,51,3,3
65853,63,53,10,10
65854,54,46,8,8
65855,70,62,8,8
65856,98,83,15,15
65857,74,66,8,8
65858,76,66,10,10
65859,80,70,10,10
65860,73,119,-46,46
65861,108,94,14,14
65862,100,85,15,15
65863,64,50,14,14
65864,101,94,7,7
65865,75,65,10,10
65866,66,66,0,0
65867,142,125,17,17
65868,47,42,5,5
65869,71,57,14,14
65870,26,32,-6,6
65871,53,50,3,3
65872,133,119,14,14
65873,96,86,10,10
65874,91,86,5,5
65875,83,68,15,15
65876,103,96,7,7
65877,89,73,16,16
65878,90,85,5,5
65879,95,94,1,1
65880,32,29,3,3
65881,72,68,4,4
65882,99,77,22,22
65883,115,102,13,13
65884,86,84,2,2
65885,93,91,2,2
65886,129,108,21,21
65887,92,82,10,10
65888,114,105,9,9
65889,84,74,10,10
65890,93,84,9,9
65891,89,93,-4,4
65892,59,51,8,8
65893,63,57,6,6
65894,59,54,5,5
65895,115,104,11,11
65896,144,111,33,33
65897,76,72,4,4
65898,112,98,14,14
65899,118,120,-2,2
65900,80,77,3,3
65901,106,93,13,13
65902,92,88,4,4
65903,65,60,5,5
65904,130,126,4,4
65905,108,91,17,17
65906,44,49,-5,5
65907,101,91,10,10
65908,72,69,3,3
65909,67,64,3,3
65910,73,69,4,4
65911,184,153,31,31
65912,83,74,9,9
65913,77,70,7,7
65914,113,97,16,16
65915,46,38,8,8
65916,101,100,1,1
65917,92,86,6,6
65918,122,100,22,22
65919,67,56,11,11
65920,134,116,18,18
65921,82,78,4,4
65922,142,130,12,12
65923,101,83,18,18
65924,119,116,3,3
65925,44,43,1,1
65926,105,95,10,10
65927,99,93,6,6
65928,127,110,17,17
65929,76,67,9,9
65930,107,85,22,22
65931,104,106,-2,2
65932,104,89,15,15
65933,100,87,13,13
65934,106,89,17,17
65935,66,52,14,14
65936,154,127,27,27
65937,124,113,11,11
65938,118,108,10,10
65939,79,71,8,8
65940,76,70,6,6
65941,89,75,14,14
65942,67,67,0,0
65943,104,96,8,8
65944,108,87,21,21
65945,76,66,10,10
65946,47,43,4,4
65947,98,94,4,4
65948,137,133,4,4
65949,111,97,14,14
65950,62,48,14,14
65951,37,35,2,2
65952,69,61,8,8
65953,115,113,2,2
65954,98,87,11,11
65955,62,65,-3,3
65956,94,83,11,11
65957,46,49,-3,3
65958,97,81,16,16
65959,108,88,20,20
65960,124,112,12,12
65961,74,77,-3,3
65962,113,103,10,10
65963,96,89,7,7
65964,135,118,17,17
65965,81,77,4,4
65966,101,87,14,14
65967,109,104,5,5
65968,121,109,12,12
65969,62,49,13,13
65970,105,102,3,3
65971,105,84,21,21
65972,96,67,29,29
65973,90,62,28,28
65974,81,67,14,14
65975,137,119,18,18
65976,86,75,11,11
65977,86,79,7,7
65978,105,99,6,6
65979,120,105,15,15
65980,70,56,14,14
65981,90,75,15,15
65982,90,78,12,12
65983,79,72,7,7
65984,62,55,7,7
65985,56,58,-2,2
65986,62,55,7,7
65987,123,102,21,21
65988,108,101,7,7
65989,73,68,5,5
65990,92,74,18,18
65991,97,82,15,15
65992,94,82,12,12
65993,119,113,6,6
65994,125,109,16,16
65995,252,197,55,55
65996,124,114,10,10
65997,76,78,-2,2
65998,120,108,12,12
65999,83,76,7,7
66000,82,76,6,6
66001,93,86,7,7
66002,56,51,5,5
66003,78,81,-3,3
66004,121,145,-24,24
66005,100,81,19,19
66006,91,79,12,12
66007,66,57,9,9
66008,62,53,9,9
66009,72,62,10,10
66010,77,73,4,4
66011,93,80,13,13
66012,176,142,34,34
66013,55,50,5,5
66014,75,72,3,3
66015,60,55,5,5
66016,143,113,30,30
66017,117,112,5,5
66018,36,44,-8,8
66019,45,43,2,2
66020,96,86,10,10
66021,81,80,1,1
66022,106,89,17,17
66023,83,81,2,2
66024,105,88,17,17
66025,80,76,4,4
66026,43,49,-6,6
66027,103,95,8,8
66028,134,113,21,21
66029,53,47,6,6
66030,115,96,19,19
66031,157,126,31,31
66032,67,59,8,8
66033,104,110,-6,6
66034,148,136,12,12
66035,116,98,18,18
66036,100,83,17,17
66037,63,59,4,4
66038,71,70,1,1
66039,71,59,12,12
66040,67,66,1,1
66041,105,105,0,0
66042,102,90,12,12
66043,53,46,7,7
66044,71,63,8,8
66045,115,100,15,15
66046,105,89,16,16
66047,62,73,-11,11
66048,119,106,13,13
66049,151,127,24,24
66050,55,56,-1,1
66051,76,71,5,5
66052,37,37,0,0
66053,126,85,41,41
66054,116,84,32,32
66055,119,108,11,11
66056,86,74,12,12
66057,64,66,-2,2
66058,53,51,2,2
66059,108,89,19,19
66060,118,102,16,16
66061,126,117,9,9
66062,71,57,14,14
66063,99,90,9,9
66064,49,49,0,0
66065,87,80,7,7
66066,75,65,10,10
66067,89,82,7,7
66068,94,80,14,14
66069,100,80,20,20
66070,80,66,14,14
66071,78,67,11,11
66072,65,63,2,2
66073,104,88,16,16
66074,111,108,3,3
66075,182,141,41,41
66076,69,61,8,8
66077,67,58,9,9
66078,99,105,-6,6
66079,82,65,17,17
66080,99,74,25,25
66081,66,58,8,8
66082,162,145,17,17
66083,142,119,23,23
66084,84,81,3,3
66085,70,77,-7,7
66086,106,93,13,13
66087,57,49,8,8
66088,89,76,13,13
66089,119,105,14,14
66090,90,74,16,16
66091,59,57,2,2
66092,80,69,11,11
66093,113,102,11,11
66094,47,45,2,2
66095,72,64,8,8
66096,178,167,11,11
66097,76,77,-1,1
66098,96,91,5,5
66099,83,72,11,11
66100,63,57,6,6
66101,144,129,15,15
66102,42,45,-3,3
66103,52,45,7,7
66104,125,101,24,24
66105,63,58,5,5
66106,69,51,18,18
66107,78,64,14,14
66108,63,73,-10,10
66109,80,77,3,3
66110,101,88,13,13
66111,187,137,50,50
66112,163,133,30,30
66113,109,103,6,6
66114,101,103,-2,2
66115,86,79,7,7
66116,72,76,-4,4
66117,142,158,-16,16
66118,99,78,21,21
66119,64,61,3,3
66120,79,76,3,3
66121,85,64,21,21
66122,107,72,35,35
66123,97,81,16,16
66124,116,104,12,12
66125,67,60,7,7
66126,89,91,-2,2
66127,122,99,23,23
66128,140,125,15,15
66129,62,49,13,13
66130,119,120,-1,1
66131,117,101,16,16
66132,104,104,0,0
66133,47,45,2,2
66134,73,66,7,7
66135,159,123,36,36
66136,101,94,7,7
66137,77,61,16,16
66138,58,53,5,5
66139,78,70,8,8
66140,97,82,15,15
66141,76,66,10,10
66142,88,80,8,8
66143,64,57,7,7
66144,81,81,0,0
66145,69,59,10,10
66146,115,118,-3,3
66147,65,79,-14,14
66148,76,56,20,20
66149,58,54,4,4
66150,33,32,1,1
66151,133,112,21,21
66152,45,62,-17,17
66153,123,112,11,11
66154,100,88,12,12
66155,82,74,8,8
66156,83,77,6,6
66157,117,96,21,21
66158,74,63,11,11
66159,103,92,11,11
66160,72,65,7,7
66161,142,116,26,26
66162,121,99,22,22
66163,82,74,8,8
66164,80,70,10,10
66165,100,92,8,8
66166,164,151,13,13
66167,95,81,14,14
66168,57,52,5,5
66169,81,63,18,18
66170,39,31,8,8
66171,123,109,14,14
66172,127,113,14,14
66173,82,72,10,10
66174,105,91,14,14
66175,72,61,11,11
66176,37,35,2,2
66177,85,78,7,7
66178,152,134,18,18
66179,80,69,11,11
66180,55,50,5,5
66181,76,80,-4,4
66182,21,35,-14,14
66183,220,187,33,33
66184,159,129,30,30
66185,90,85,5,5
66186,148,136,12,12
66187,102,87,15,15
66188,83,70,13,13
66189,80,86,-6,6
66190,100,76,24,24
66191,111,88,23,23
66192,79,77,2,2
66193,82,69,13,13
66194,82,71,11,11
66195,197,175,22,22
66196,188,149,39,39
66197,177,171,6,6
66198,76,68,8,8
66199,157,155,2,2
66200,49,46,3,3
66201,44,35,9,9
66202,66,58,8,8
66203,156,132,24,24
66204,111,109,2,2
66205,69,69,0,0
66206,188,161,27,27
66207,126,98,28,28
66208,73,64,9,9
66209,111,92,19,19
66210,94,77,17,17
66211,57,56,1,1
66212,132,113,19,19
66213,164,146,18,18
66214,55,52,3,3
66215,139,120,19,19
66216,77,68,9,9
66217,43,45,-2,2
66218,96,82,14,14
66219,88,76,12,12
66220,74,64,10,10
66221,81,73,8,8
66222,84,76,8,8
66223,100,87,13,13
66224,108,85,23,23
66225,44,50,-6,6
66226,77,74,3,3
66227,79,74,5,5
66228,111,101,10,10
66229,86,78,8,8
66230,61,52,9,9
66231,85,75,10,10
66232,45,43,2,2
66233,81,65,16,16
66234,159,133,26,26
66235,80,66,14,14
66236,94,75,19,19
66237,89,80,9,9
66238,96,82,14,14
66239,95,73,22,22
66240,127,98,29,29
66241,71,57,14,14
66242,68,56,12,12
66243,80,78,2,2
66244,122,104,18,18
66245,136,121,15,15
66246,95,85,10,10
66247,89,81,8,8
66248,88,83,5,5
66249,44,37,7,7
66250,121,102,19,19
66251,47,45,2,2
66252,72,61,11,11
66253,72,62,10,10
66254,145,149,-4,4
66255,77,71,6,6
66256,129,129,0,0
66257,65,66,-1,1
66258,121,106,15,15
66259,92,78,14,14
66260,100,93,7,7
66261,36,46,-10,10
66262,122,105,17,17
66263,112,88,24,24
66264,76,66,10,10
66265,112,111,1,1
66266,75,72,3,3
66267,81,71,10,10
66268,102,81,21,21
66269,43,45,-2,2
66270,92,85,7,7
66271,118,94,24,24
66272,73,64,9,9
66273,179,161,18,18
66274,63,62,1,1
66275,128,124,4,4
66276,161,151,10,10
66277,178,142,36,36
66278,90,78,12,12
66279,74,64,10,10
66280,74,67,7,7
66281,95,88,7,7
66282,98,89,9,9
66283,94,81,13,13
66284,115,109,6,6
66285,131,124,7,7
66286,99,71,28,28
66287,87,75,12,12
66288,74,70,4,4
66289,56,52,4,4
66290,58,51,7,7
66291,77,74,3,3
66292,122,99,23,23
66293,70,64,6,6
66294,40,40,0,0
66295,106,100,6,6
66296,100,92,8,8
66297,73,67,6,6
66298,72,58,14,14
66299,99,91,8,8
66300,135,125,10,10
66301,184,151,33,33
66302,50,61,-11,11
66303,77,68,9,9
66304,48,42,6,6
66305,76,67,9,9
66306,87,87,0,0
66307,137,116,21,21
66308,110,106,4,4
66309,84,77,7,7
66310,74,72,2,2
66311,83,66,17,17
66312,76,67,9,9
66313,107,120,-13,13
66314,78,63,15,15
66315,87,75,12,12
66316,64,62,2,2
66317,60,52,8,8
66318,94,90,4,4
66319,80,67,13,13
66320,50,43,7,7
66321,54,43,11,11
66322,65,53,12,12
66323,101,101,0,0
66324,89,78,11,11
66325,127,115,12,12
66326,59,59,0,0
66327,90,91,-1,1
66328,77,72,5,5
66329,100,96,4,4
66330,103,91,12,12
66331,33,52,-19,19
66332,61,51,10,10
66333,63,69,-6,6
66334,47,47,0,0
66335,51,45,6,6
66336,141,128,13,13
66337,74,63,11,11
66338,74,65,9,9
66339,85,74,11,11
66340,149,124,25,25
66341,90,80,10,10
66342,79,78,1,1
66343,93,94,-1,1
66344,79,69,10,10
66345,146,129,17,17
66346,81,67,14,14
66347,83,94,-11,11
66348,196,170,26,26
66349,114,94,20,20
66350,102,88,14,14
66351,140,123,17,17
66352,46,39,7,7
66353,189,160,29,29
66354,102,90,12,12
66355,96,81,15,15
66356,73,78,-5,5
66357,131,126,5,5
66358,143,118,25,25
66359,94,96,-2,2
66360,95,85,10,10
66361,131,113,18,18
66362,138,116,22,22
66363,55,53,2,2
66364,40,39,1,1
66365,97,79,18,18
66366,70,71,-1,1
66367,95,82,13,13
66368,86,70,16,16
66369,107,91,16,16
66370,45,46,-1,1
66371,107,98,9,9
66372,77,61,16,16
66373,75,61,14,14
66374,85,74,11,11
66375,81,79,2,2
66376,100,81,19,19
66377,65,65,0,0
66378,57,55,2,2
66379,61,48,13,13
66380,79,66,13,13
66381,104,95,9,9
66382,106,97,9,9
66383,55,51,4,4
66384,100,83,17,17
66385,89,80,9,9
66386,73,62,11,11
66387,77,72,5,5
66388,59,53,6,6
66389,71,67,4,4
66390,52,54,-2,2
66391,58,52,6,6
66392,72,59,13,13
66393,90,77,13,13
66394,57,56,1,1
66395,82,89,-7,7
66396,92,79,13,13
66397,88,70,18,18
66398,49,49,0,0
66399,91,74,17,17
66400,171,148,23,23
66401,75,85,-10,10
66402,82,72,10,10
66403,74,62,12,12
66404,116,105,11,11
66405,95,74,21,21
66406,116,96,20,20
66407,74,94,-20,20
66408,100,89,11,11
66409,81,79,2,2
66410,141,140,1,1
66411,113,96,17,17
66412,100,84,16,16
66413,80,64,16,16
66414,96,79,17,17
66415,83,75,8,8
66416,68,68,0,0
66417,66,57,9,9
66418,73,66,7,7
66419,169,158,11,11
66420,119,94,25,25
66421,82,84,-2,2
66422,85,76,9,9
66423,92,94,-2,2
66424,92,82,10,10
66425,164,138,26,26
66426,131,123,8,8
66427,106,113,-7,7
66428,72,64,8,8
66429,54,51,3,3
66430,75,69,6,6
66431,62,55,7,7
66432,89,72,17,17
66433,63,52,11,11
66434,87,73,14,14
66435,136,114,22,22
66436,79,70,9,9
66437,86,78,8,8
66438,71,66,5,5
66439,68,57,11,11
66440,127,113,14,14
66441,78,75,3,3
66442,43,43,0,0
66443,82,72,10,10
66444,61,58,3,3
66445,91,92,-1,1
66446,78,70,8,8
66447,121,110,11,11
66448,83,75,8,8
66449,169,161,8,8
66450,56,56,0,0
66451,78,51,27,27
66452,73,67,6,6
66453,66,62,4,4
66454,67,55,12,12
66455,69,45,24,24
66456,96,85,11,11
66457,118,99,19,19
66458,67,60,7,7
66459,58,51,7,7
66460,77,58,19,19
66461,164,136,28,28
66462,57,53,4,4
66463,98,86,12,12
66464,97,82,15,15
66465,58,58,0,0
66466,107,99,8,8
66467,70,68,2,2
66468,121,101,20,20
66469,144,118,26,26
66470,157,139,18,18
66471,113,101,12,12
66472,66,57,9,9
66473,47,80,-33,33
66474,106,89,17,17
66475,77,72,5,5
66476,180,160,20,20
66477,55,51,4,4
66478,57,61,-4,4
66479,104,92,12,12
66480,120,107,13,13
66481,124,102,22,22
66482,157,143,14,14
66483,185,164,21,21
66484,63,55,8,8
66485,158,128,30,30
66486,161,147,14,14
66487,61,54,7,7
66488,104,97,7,7
66489,65,61,4,4
66490,174,154,20,20
66491,52,49,3,3
66492,118,100,18,18
66493,89,77,12,12
66494,88,78,10,10
66495,88,82,6,6
66496,62,63,-1,1
66497,67,62,5,5
66498,118,99,19,19
66499,113,109,4,4
66500,99,95,4,4
66501,68,60,8,8
66502,50,43,7,7
66503,123,113,10,10
66504,97,79,18,18
66505,93,98,-5,5
66506,132,106,26,26
66507,70,65,5,5
66508,65,54,11,11
66509,80,88,-8,8
66510,79,70,9,9
66511,96,87,9,9
66512,69,71,-2,2
66513,142,128,14,14
66514,126,115,11,11
66515,88,98,-10,10
66516,57,46,11,11
66517,68,57,11,11
66518,97,97,0,0
66519,128,114,14,14
66520,129,129,0,0
66521,92,81,11,11
66522,146,117,29,29
66523,83,76,7,7
66524,92,75,17,17
66525,207,171,36,36
66526,40,46,-6,6
66527,92,83,9,9
66528,95,99,-4,4
66529,107,91,16,16
66530,51,48,3,3
66531,210,169,41,41
66532,73,66,7,7
66533,103,85,18,18
66534,120,106,14,14
66535,132,103,29,29
66536,112,96,16,16
66537,86,75,11,11
66538,195,176,19,19
66539,69,61,8,8
66540,91,80,11,11
66541,57,60,-3,3
66542,112,97,15,15
66543,72,72,0,0
66544,90,75,15,15
66545,99,87,12,12
66546,46,40,6,6
66547,51,49,2,2
66548,107,97,10,10
66549,156,143,13,13
66550,61,53,8,8
66551,88,74,14,14
66552,107,93,14,14
66553,121,98,23,23
66554,89,72,17,17
66555,99,92,7,7
66556,87,84,3,3
66557,46,46,0,0
66558,152,140,12,12
66559,67,63,4,4
66560,164,153,11,11
66561,68,62,6,6
66562,94,82,12,12
66563,60,61,-1,1
66564,205,169,36,36
66565,92,80,12,12
66566,95,80,15,15
66567,67,51,16,16
66568,55,52,3,3
66569,151,119,32,32
66570,160,138,22,22
66571,29,40,-11,11
66572,108,97,11,11
66573,112,109,3,3
66574,109,145,-36,36
66575,86,73,13,13
66576,75,68,7,7
66577,60,63,-3,3
66578,64,63,1,1
66579,64,79,-15,15
66580,110,104,6,6
66581,81,77,4,4
66582,79,70,9,9
66583,124,102,22,22
66584,94,87,7,7
66585,73,82,-9,9
66586,111,95,16,16
66587,107,94,13,13
66588,71,60,11,11
66589,125,114,11,11
66590,123,98,25,25
66591,63,52,11,11
66592,98,90,8,8
66593,101,85,16,16
66594,129,118,11,11
66595,96,88,8,8
66596,58,47,11,11
66597,162,151,11,11
66598,48,44,4,4
66599,151,126,25,25
66600,67,58,9,9
66601,122,104,18,18
66602,100,90,10,10
66603,135,134,1,1
66604,213,166,47,47
66605,129,129,0,0
66606,61,57,4,4
66607,70,65,5,5
66608,88,82,6,6
66609,75,70,5,5
66610,159,150,9,9
66611,100,92,8,8
66612,75,61,14,14
66613,120,124,-4,4
66614,70,63,7,7
66615,129,105,24,24
66616,124,91,33,33
66617,105,89,16,16
66618,60,48,12,12
66619,76,61,15,15
66620,64,65,-1,1
66621,145,128,17,17
66622,95,100,-5,5
66623,104,102,2,2
66624,148,126,22,22
66625,126,117,9,9
66626,142,121,21,21
66627,67,63,4,4
66628,96,94,2,2
66629,114,100,14,14
66630,47,52,-5,5
66631,125,125,0,0
66632,66,64,2,2
66633,203,202,1,1
66634,58,56,2,2
66635,114,97,17,17
66636,100,104,-4,4
66637,92,90,2,2
66638,114,112,2,2
66639,67,68,-1,1
66640,56,47,9,9
66641,78,66,12,12
66642,62,55,7,7
66643,77,80,-3,3
66644,104,89,15,15
66645,37,45,-8,8
66646,94,83,11,11
66647,108,87,21,21
66648,42,47,-5,5
66649,106,92,14,14
66650,74,62,12,12
66651,116,89,27,27
66652,77,57,20,20
66653,123,117,6,6
66654,89,87,2,2
66655,74,63,11,11
66656,118,103,15,15
66657,73,66,7,7
66658,69,75,-6,6
66659,79,70,9,9
66660,58,60,-2,2
66661,172,129,43,43
66662,118,98,20,20
66663,140,121,19,19
66664,124,112,12,12
66665,111,91,20,20
66666,88,86,2,2
66667,90,106,-16,16
66668,59,44,15,15
66669,139,125,14,14
66670,125,111,14,14
66671,64,58,6,6
66672,147,122,25,25
66673,50,54,-4,4
66674,81,76,5,5
66675,105,90,15,15
66676,63,60,3,3
66677,87,87,0,0
66678,90,79,11,11
66679,47,42,5,5
66680,134,117,17,17
66681,61,55,6,6
66682,73,81,-8,8
66683,73,59,14,14
66684,78,73,5,5
66685,134,115,19,19
66686,51,41,10,10
66687,108,92,16,16
66688,96,84,12,12
66689,54,51,3,3
66690,122,109,13,13
66691,129,113,16,16
66692,86,68,18,18
66693,114,101,13,13
66694,70,64,6,6
66695,79,74,5,5
66696,56,53,3,3
66697,66,58,8,8
66698,89,75,14,14
66699,106,92,14,14
66700,77,69,8,8
66701,82,75,7,7
66702,63,75,-12,12
66703,87,77,10,10
66704,119,115,4,4
66705,146,127,19,19
66706,71,55,16,16
66707,70,71,-1,1
66708,82,75,7,7
66709,72,67,5,5
66710,91,83,8,8
66711,57,65,-8,8
66712,68,59,9,9
66713,92,77,15,15
66714,71,62,9,9
66715,100,84,16,16
66716,106,90,16,16
66717,64,52,12,12
66718,58,57,1,1
66719,74,66,8,8
66720,104,106,-2,2
66721,133,111,22,22
66722,59,56,3,3
66723,77,69,8,8
66724,90,77,13,13
66725,116,84,32,32
66726,94,80,14,14
66727,102,93,9,9
66728,130,117,13,13
66729,115,105,10,10
66730,79,66,13,13
66731,151,131,20,20
66732,88,86,2,2
66733,188,159,29,29
66734,91,83,8,8
66735,81,64,17,17
66736,74,70,4,4
66737,80,67,13,13
66738,125,107,18,18
66739,140,123,17,17
66740,60,53,7,7
66741,45,46,-1,1
66742,65,65,0,0
66743,120,109,11,11
66744,105,95,10,10
66745,136,126,10,10
66746,31,54,-23,23
66747,77,72,5,5
66748,79,78,1,1
66749,96,88,8,8
66750,40,55,-15,15
66751,54,50,4,4
66752,94,77,17,17
66753,83,92,-9,9
66754,54,50,4,4
66755,92,83,9,9
66756,146,120,26,26
66757,172,150,22,22
66758,62,52,10,10
66759,155,142,13,13
66760,111,92,19,19
66761,99,86,13,13
66762,126,105,21,21
66763,55,51,4,4
66764,202,173,29,29
66765,60,56,4,4
66766,97,76,21,21
66767,111,92,19,19
66768,114,104,10,10
66769,81,66,15,15
66770,35,44,-9,9
66771,88,76,12,12
66772,62,58,4,4
66773,84,77,7,7
66774,96,80,16,16
66775,105,95,10,10
66776,67,63,4,4
66777,68,69,-1,1
66778,75,66,9,9
66779,64,62,2,2
66780,165,134,31,31
66781,92,113,-21,21
66782,136,108,28,28
66783,93,85,8,8
66784,58,46,12,12
66785,72,67,5,5
66786,87,80,7,7
66787,53,49,4,4
66788,138,127,11,11
66789,98,91,7,7
66790,81,73,8,8
66791,82,74,8,8
66792,140,133,7,7
66793,92,80,12,12
66794,116,106,10,10
66795,169,148,21,21
66796,76,76,0,0
66797,70,62,8,8
66798,206,168,38,38
66799,118,99,19,19
66800,82,76,6,6
66801,143,125,18,18
66802,113,97,16,16
66803,82,70,12,12
66804,72,63,9,9
66805,53,47,6,6
66806,38,49,-11,11
66807,102,91,11,11
66808,98,93,5,5
66809,60,56,4,4
66810,133,115,18,18
66811,108,94,14,14
66812,103,89,14,14
66813,58,54,4,4
66814,80,72,8,8
66815,72,66,6,6
66816,103,87,16,16
66817,115,113,2,2
66818,66,65,1,1
66819,134,120,14,14
66820,129,110,19,19
66821,82,74,8,8
66822,92,80,12,12
66823,72,64,8,8
66824,156,140,16,16
66825,97,89,8,8
66826,80,74,6,6
66827,110,84,26,26
66828,112,93,19,19
66829,73,65,8,8
66830,93,88,5,5
66831,84,87,-3,3
66832,69,56,13,13
66833,63,67,-4,4
66834,97,87,10,10
66835,51,56,-5,5
66836,117,104,13,13
66837,102,104,-2,2
66838,63,56,7,7
66839,90,102,-12,12
66840,75,63,12,12
66841,31,68,-37,37
66842,118,112,6,6
66843,110,112,-2,2
66844,126,112,14,14
66845,132,125,7,7
66846,94,80,14,14
66847,55,61,-6,6
66848,119,101,18,18
66849,47,44,3,3
66850,152,124,28,28
66851,38,53,-15,15
66852,96,102,-6,6
66853,79,61,18,18
66854,63,56,7,7
66855,120,109,11,11
66856,97,80,17,17
66857,65,55,10,10
66858,108,95,13,13
66859,146,134,12,12
66860,99,94,5,5
66861,50,46,4,4
66862,98,87,11,11
66863,61,53,8,8
66864,67,62,5,5
66865,102,88,14,14
66866,98,84,14,14
66867,127,108,19,19
66868,134,115,19,19
66869,107,91,16,16
66870,62,59,3,3
66871,83,74,9,9
66872,41,33,8,8
66873,65,71,-6,6
66874,73,69,4,4
66875,81,70,11,11
66876,85,74,11,11
66877,85,66,19,19
66878,117,101,16,16
66879,128,121,7,7
66880,89,78,11,11
66881,42,36,6,6
66882,125,129,-4,4
66883,68,59,9,9
66884,72,71,1,1
66885,96,85,11,11
66886,134,119,15,15
66887,122,113,9,9
66888,87,82,5,5
66889,54,48,6,6
66890,79,71,8,8
66891,148,120,28,28
66892,66,63,3,3
66893,142,126,16,16
66894,106,84,22,22
66895,48,42,6,6
66896,57,63,-6,6
66897,126,111,15,15
66898,51,50,1,1
66899,109,107,2,2
66900,106,98,8,8
66901,102,91,11,11
66902,94,82,12,12
66903,112,103,9,9
66904,140,116,24,24
66905,117,107,10,10
66906,112,80,32,32
66907,49,59,-10,10
66908,156,135,21,21
66909,89,73,16,16
66910,74,72,2,2
66911,67,66,1,1
66912,70,71,-1,1
66913,93,91,2,2
66914,93,86,7,7
66915,101,94,7,7
66916,76,81,-5,5
66917,67,60,7,7
66918,106,88,18,18
66919,72,72,0,0
66920,65,57,8,8
66921,87,77,10,10
66922,89,76,13,13
66923,257,260,-3,3
66924,175,155,20,20
66925,69,58,11,11
66926,76,60,16,16
66927,65,54,11,11
66928,153,132,21,21
66929,68,64,4,4
66930,116,96,20,20
66931,114,108,6,6
66932,76,68,8,8
66933,65,55,10,10
66934,104,90,14,14
66935,148,127,21,21
66936,43,38,5,5
66937,90,78,12,12
66938,99,84,15,15
66939,128,122,6,6
66940,110,101,9,9
66941,42,49,-7,7
66942,120,109,11,11
66943,135,102,33,33
66944,134,125,9,9
66945,116,108,8,8
66946,138,113,25,25
66947,125,104,21,21
66948,43,40,3,3
66949,89,69,20,20
66950,126,103,23,23
66951,90,72,18,18
66952,77,68,9,9
66953,91,81,10,10
66954,120,98,22,22
66955,63,54,9,9
66956,88,78,10,10
66957,50,46,4,4
66958,110,98,12,12
66959,71,64,7,7
66960,81,68,13,13
66961,120,104,16,16
66962,94,81,13,13
66963,51,50,1,1
66964,84,79,5,5
66965,96,90,6,6
66966,179,153,26,26
66967,57,49,8,8
66968,114,104,10,10
66969,111,107,4,4
66970,111,91,20,20
66971,101,84,17,17
66972,53,41,12,12
66973,97,90,7,7
66974,98,83,15,15
66975,50,50,0,0
66976,82,78,4,4
66977,108,91,17,17
66978,59,55,4,4
66979,69,59,10,10
66980,68,65,3,3
66981,69,72,-3,3
66982,73,67,6,6
66983,28,33,-5,5
66984,75,68,7,7
66985,68,61,7,7
66986,110,100,10,10
66987,99,91,8,8
66988,72,65,7,7
66989,74,65,9,9
66990,70,65,5,5
66991,109,88,21,21
66992,191,171,20,20
66993,54,46,8,8
66994,119,108,11,11
66995,76,69,7,7
66996,174,155,19,19
66997,87,74,13,13
66998,88,78,10,10
66999,53,50,3,3
67000,75,68,7,7
67001,68,55,13,13
67002,118,111,7,7
67003,114,97,17,17
67004,101,91,10,10
67005,102,93,9,9
67006,82,73,9,9
67007,100,92,8,8
67008,134,117,17,17
67009,140,128,12,12
67010,109,103,6,6
67011,124,110,14,14
67012,157,125,32,32
67013,67,54,13,13
67014,117,106,11,11
67015,64,57,7,7
67016,89,84,5,5
67017,52,36,16,16
67018,126,112,14,14
67019,99,90,9,9
67020,82,70,12,12
67021,96,72,24,24
67022,85,69,16,16
67023,68,70,-2,2
67024,132,114,18,18
67025,148,127,21,21
67026,56,48,8,8
67027,173,160,13,13
67028,115,103,12,12
67029,99,88,11,11
67030,115,111,4,4
67031,71,68,3,3
67032,141,124,17,17
67033,111,98,13,13
67034,53,50,3,3
67035,279,198,81,81
67036,101,77,24,24
67037,93,80,13,13
67038,71,59,12,12
67039,163,146,17,17
67040,52,42,10,10
67041,109,96,13,13
67042,80,81,-1,1
67043,72,97,-25,25
67044,72,61,11,11
67045,87,76,11,11
67046,82,80,2,2
67047,74,67,7,7
67048,156,136,20,20
67049,133,113,20,20
67050,123,104,19,19
67051,63,58,5,5
67052,70,63,7,7
67053,40,36,4,4
67054,76,80,-4,4
67055,201,172,29,29
67056,76,74,2,2
67057,109,102,7,7
67058,116,106,10,10
67059,45,41,4,4
67060,59,51,8,8
67061,104,83,21,21
67062,122,136,-14,14
67063,108,88,20,20
67064,59,61,-2,2
67065,111,109,2,2
67066,47,38,9,9
67067,123,109,14,14
67068,127,108,19,19
67069,98,89,9,9
67070,90,81,9,9
67071,70,65,5,5
67072,102,89,13,13
67073,101,91,10,10
67074,72,82,-10,10
67075,86,94,-8,8
67076,77,70,7,7
67077,175,135,40,40
67078,85,78,7,7
67079,109,97,12,12
67080,143,122,21,21
67081,79,77,2,2
67082,81,74,7,7
67083,110,90,20,20
67084,68,76,-8,8
67085,107,90,17,17
67086,115,102,13,13
67087,120,110,10,10
67088,67,64,3,3
67089,95,80,15,15
67090,116,104,12,12
67091,83,75,8,8
67092,97,81,16,16
67093,85,79,6,6
67094,91,92,-1,1
67095,147,127,20,20
67096,60,60,0,0
67097,104,89,15,15
67098,99,89,10,10
67099,142,118,24,24
67100,65,60,5,5
67101,58,54,4,4
67102,81,81,0,0
67103,85,74,11,11
67104,158,138,20,20
67105,57,48,9,9
67106,32,33,-1,1
67107,161,139,22,22
67108,139,119,20,20
67109,123,111,12,12
67110,141,132,9,9
67111,127,112,15,15
67112,65,59,6,6
67113,177,150,27,27
67114,131,116,15,15
67115,140,122,18,18
67116,51,50,1,1
67117,85,79,6,6
67118,75,66,9,9
67119,103,88,15,15
67120,155,127,28,28
67121,85,69,16,16
67122,72,67,5,5
67123,80,64,16,16
67124,62,58,4,4
67125,58,54,4,4
67126,53,49,4,4
67127,76,75,1,1
67128,117,110,7,7
67129,75,62,13,13
67130,138,119,19,19
67131,82,70,12,12
67132,79,72,7,7
67133,83,82,1,1
67134,79,68,11,11
67135,141,118,23,23
67136,76,62,14,14
67137,165,137,28,28
67138,150,141,9,9
67139,65,58,7,7
67140,37,33,4,4
67141,55,47,8,8
67142,227,193,34,34
67143,82,78,4,4
67144,70,62,8,8
67145,57,53,4,4
67146,73,58,15,15
67147,78,66,12,12
67148,58,57,1,1
67149,87,75,12,12
67150,48,50,-2,2
67151,127,119,8,8
67152,65,52,13,13
67153,111,86,25,25
67154,74,67,7,7
67155,103,86,17,17
67156,91,70,21,21
67157,188,180,8,8
67158,98,99,-1,1
67159,86,73,13,13
67160,68,55,13,13
67161,99,88,11,11
67162,68,61,7,7
67163,87,75,12,12
67164,110,103,7,7
67165,53,53,0,0
67166,75,67,8,8
67167,113,99,14,14
67168,103,110,-7,7
67169,48,50,-2,2
67170,180,153,27,27
67171,67,70,-3,3
67172,69,67,2,2
67173,114,112,2,2
67174,82,67,15,15
67175,152,133,19,19
67176,108,101,7,7
67177,126,113,13,13
67178,126,123,3,3
67179,68,61,7,7
67180,111,94,17,17
67181,127,105,22,22
67182,106,88,18,18
67183,93,91,2,2
67184,134,124,10,10
67185,65,64,1,1
67186,129,105,24,24
67187,84,77,7,7
67188,64,63,1,1
67189,147,127,20,20
67190,123,103,20,20
67191,102,89,13,13
67192,66,53,13,13
67193,56,55,1,1
67194,99,97,2,2
67195,92,80,12,12
67196,96,86,10,10
67197,125,124,1,1
67198,85,72,13,13
67199,100,86,14,14
67200,77,73,4,4
67201,69,61,8,8
67202,95,84,11,11
67203,87,74,13,13
67204,112,100,12,12
67205,124,111,13,13
67206,99,81,18,18
67207,65,57,8,8
67208,119,89,30,30
67209,66,61,5,5
67210,89,77,12,12
67211,139,116,23,23
67212,111,90,21,21
67213,81,84,-3,3
67214,100,86,14,14
67215,82,71,11,11
67216,145,144,1,1
67217,91,83,8,8
67218,187,172,15,15
67219,84,76,8,8
67220,45,45,0,0
67221,116,104,12,12
67222,69,61,8,8
67223,80,77,3,3
67224,44,34,10,10
67225,93,92,1,1
67226,58,48,10,10
67227,74,70,4,4
67228,74,67,7,7
67229,99,101,-2,2
67230,93,91,2,2
67231,67,48,19,19
67232,108,98,10,10
67233,108,103,5,5
67234,116,92,24,24
67235,127,100,27,27
67236,98,83,15,15
67237,115,111,4,4
67238,131,117,14,14
67239,185,157,28,28
67240,120,95,25,25
67241,75,69,6,6
67242,165,123,42,42
67243,44,64,-20,20
67244,82,78,4,4
67245,66,63,3,3
67246,72,67,5,5
67247,137,118,19,19
67248,66,65,1,1
67249,79,85,-6,6
67250,48,43,5,5
67251,76,68,8,8
67252,87,76,11,11
67253,90,73,17,17
67254,67,62,5,5
67255,139,126,13,13
67256,52,47,5,5
67257,97,78,19,19
67258,135,113,22,22
67259,60,44,16,16
67260,65,62,3,3
67261,61,47,14,14
67262,175,152,23,23
67263,146,121,25,25
67264,64,66,-2,2
67265,122,110,12,12
67266,66,63,3,3
67267,62,55,7,7
67268,97,91,6,6
67269,117,111,6,6
67270,72,68,4,4
67271,66,74,-8,8
67272,147,117,30,30
67273,139,116,23,23
67274,143,138,5,5
67275,106,97,9,9
67276,81,84,-3,3
67277,85,64,21,21
67278,112,91,21,21
67279,74,75,-1,1
67280,157,133,24,24
67281,76,64,12,12
67282,69,61,8,8
67283,133,113,20,20
67284,79,80,-1,1
67285,58,58,0,0
67286,111,101,10,10
67287,195,160,35,35
67288,129,102,27,27
67289,58,58,0,0
67290,101,102,-1,1
67291,186,156,30,30
67292,76,64,12,12
67293,72,64,8,8
67294,100,95,5,5
67295,60,52,8,8
67296,59,55,4,4
67297,118,100,18,18
67298,195,158,37,37
67299,92,78,14,14
67300,245,224,21,21
67301,102,101,1,1
67302,84,77,7,7
67303,95,83,12,12
67304,126,107,19,19
67305,101,82,19,19
67306,192,157,35,35
67307,118,107,11,11
67308,72,73,-1,1
67309,66,62,4,4
67310,72,67,5,5
67311,75,63,12,12
67312,47,46,1,1
67313,53,49,4,4
67314,75,74,1,1
67315,77,82,-5,5
67316,133,130,3,3
67317,66,60,6,6
67318,122,116,6,6
67319,151,139,12,12
67320,95,101,-6,6
67321,70,70,0,0
67322,66,59,7,7
67323,101,85,16,16
67324,92,78,14,14
67325,94,79,15,15
67326,80,57,23,23
67327,86,81,5,5
67328,99,80,19,19
67329,167,138,29,29
67330,104,83,21,21
67331,92,76,16,16
67332,82,87,-5,5
67333,93,81,12,12
67334,57,52,5,5
67335,80,63,17,17
67336,154,122,32,32
67337,92,79,13,13
67338,121,99,22,22
67339,90,87,3,3
67340,94,83,11,11
67341,100,89,11,11
67342,55,56,-1,1
67343,179,161,18,18
67344,157,127,30,30
67345,58,61,-3,3
67346,94,98,-4,4
67347,85,71,14,14
67348,55,56,-1,1
67349,72,55,17,17
67350,114,103,11,11
67351,99,89,10,10
67352,75,62,13,13
67353,45,39,6,6
67354,58,51,7,7
67355,110,95,15,15
67356,69,70,-1,1
67357,68,58,10,10
67358,102,83,19,19
67359,77,77,0,0
67360,85,70,15,15
67361,112,106,6,6
67362,40,40,0,0
67363,73,67,6,6
67364,76,72,4,4
67365,65,59,6,6
67366,72,74,-2,2
67367,89,99,-10,10
67368,110,104,6,6
67369,91,79,12,12
67370,59,77,-18,18
67371,90,76,14,14
67372,84,74,10,10
67373,130,113,17,17
67374,63,54,9,9
67375,63,63,0,0
67376,87,75,12,12
67377,106,101,5,5
67378,145,123,22,22
67379,128,119,9,9
67380,81,74,7,7
67381,111,86,25,25
67382,76,77,-1,1
67383,53,55,-2,2
67384,82,68,14,14
67385,100,88,12,12
67386,74,75,-1,1
67387,105,97,8,8
67388,58,49,9,9
67389,102,97,5,5
67390,113,96,17,17
67391,99,93,6,6
67392,113,100,13,13
67393,55,52,3,3
67394,98,80,18,18
67395,108,103,5,5
67396,54,44,10,10
67397,99,88,11,11
67398,78,69,9,9
67399,68,69,-1,1
67400,45,43,2,2
67401,71,69,2,2
67402,216,184,32,32
67403,103,92,11,11
67404,77,69,8,8
67405,64,60,4,4
67406,108,102,6,6
67407,106,79,27,27
67408,124,97,27,27
67409,71,64,7,7
67410,91,74,17,17
67411,80,77,3,3
67412,122,110,12,12
67413,105,97,8,8
67414,80,74,6,6
67415,142,109,33,33
67416,64,82,-18,18
67417,95,71,24,24
67418,112,112,0,0
67419,83,70,13,13
67420,147,121,26,26
67421,47,44,3,3
67422,80,76,4,4
67423,104,102,2,2
67424,71,67,4,4
67425,67,58,9,9
67426,69,66,3,3
67427,82,75,7,7
67428,85,63,22,22
67429,144,128,16,16
67430,81,77,4,4
67431,141,129,12,12
67432,86,74,12,12
67433,176,161,15,15
67434,74,61,13,13
67435,91,80,11,11
67436,102,78,24,24
67437,74,60,14,14
67438,97,84,13,13
67439,60,57,3,3
67440,97,89,8,8
67441,119,105,14,14
67442,97,93,4,4
67443,70,64,6,6
67444,102,85,17,17
67445,61,59,2,2
67446,86,68,18,18
67447,45,42,3,3
67448,51,50,1,1
67449,130,120,10,10
67450,74,71,3,3
67451,78,70,8,8
67452,163,148,15,15
67453,52,55,-3,3
67454,99,90,9,9
67455,84,80,4,4
67456,109,91,18,18
67457,84,75,9,9
67458,88,87,1,1
67459,117,99,18,18
67460,186,161,25,25
67461,55,47,8,8
67462,65,72,-7,7
67463,119,125,-6,6
67464,71,65,6,6
67465,87,73,14,14
67466,51,53,-2,2
67467,46,41,5,5
67468,61,57,4,4
67469,103,82,21,21
67470,84,72,12,12
67471,56,56,0,0
67472,73,69,4,4
67473,84,76,8,8
67474,127,99,28,28
67475,178,162,16,16
67476,71,65,6,6
67477,107,93,14,14
67478,111,92,19,19
67479,69,65,4,4
67480,94,84,10,10
67481,45,45,0,0
67482,94,85,9,9
67483,120,115,5,5
67484,63,61,2,2
67485,78,62,16,16
67486,40,42,-2,2
67487,114,100,14,14
67488,112,95,17,17
67489,152,133,19,19
67490,184,147,37,37
67491,84,75,9,9
67492,122,99,23,23
67493,108,89,19,19
67494,64,58,6,6
67495,114,100,14,14
67496,143,133,10,10
67497,97,80,17,17
67498,99,84,15,15
67499,145,138,7,7
67500,63,56,7,7
67501,111,102,9,9
67502,68,65,3,3
67503,108,106,2,2
67504,94,69,25,25
67505,77,70,7,7
67506,49,53,-4,4
67507,82,74,8,8
67508,66,57,9,9
67509,74,58,16,16
67510,142,137,5,5
67511,82,80,2,2
67512,87,69,18,18
67513,78,72,6,6
67514,58,57,1,1
67515,108,96,12,12
67516,50,68,-18,18
67517,170,151,19,19
67518,74,67,7,7
67519,102,92,10,10
67520,95,84,11,11
67521,90,77,13,13
67522,118,105,13,13
67523,70,58,12,12
67524,111,100,11,11
67525,96,96,0,0
67526,81,71,10,10
67527,110,93,17,17
67528,94,79,15,15
67529,99,94,5,5
67530,107,99,8,8
67531,129,121,8,8
67532,135,112,23,23
67533,123,103,20,20
67534,67,63,4,4
67535,79,71,8,8
67536,91,86,5,5
67537,72,65,7,7
67538,150,144,6,6
67539,117,115,2,2
67540,60,56,4,4
67541,102,95,7,7
67542,32,39,-7,7
67543,65,59,6,6
67544,163,147,16,16
67545,99,94,5,5
67546,76,67,9,9
67547,146,120,26,26
67548,137,120,17,17
67549,131,121,10,10
67550,152,129,23,23
67551,93,96,-3,3
67552,78,67,11,11
67553,83,71,12,12
67554,109,86,23,23
67555,134,129,5,5
67556,56,64,-8,8
67557,82,74,8,8
67558,50,39,11,11
67559,104,91,13,13
67560,78,73,5,5
67561,60,51,9,9
67562,137,115,22,22
67563,64,55,9,9
67564,144,132,12,12
67565,49,45,4,4
67566,104,90,14,14
67567,66,58,8,8
67568,71,59,12,12
67569,128,108,20,20
67570,84,94,-10,10
67571,141,138,3,3
67572,97,80,17,17
67573,52,45,7,7
67574,74,65,9,9
67575,98,101,-3,3
67576,71,62,9,9
67577,56,57,-1,1
67578,71,67,4,4
67579,123,106,17,17
67580,146,113,33,33
67581,77,62,15,15
67582,68,67,1,1
67583,110,87,23,23
67584,85,76,9,9
67585,162,115,47,47
67586,105,79,26,26
67587,68,60,8,8
67588,100,82,18,18
67589,103,92,11,11
67590,121,96,25,25
67591,96,76,20,20
67592,199,156,43,43
67593,83,75,8,8
67594,91,79,12,12
67595,61,55,6,6
67596,103,99,4,4
67597,95,85,10,10
67598,68,64,4,4
67599,94,80,14,14
67600,54,53,1,1
67601,160,122,38,38
67602,123,101,22,22
67603,154,129,25,25
67604,48,49,-1,1
67605,66,63,3,3
67606,81,72,9,9
67607,56,50,6,6
67608,160,127,33,33
67609,121,141,-20,20
67610,103,79,24,24
67611,126,109,17,17
67612,82,69,13,13
67613,63,71,-8,8
67614,88,78,10,10
67615,111,105,6,6
67616,139,122,17,17
67617,103,90,13,13
67618,74,74,0,0
67619,133,107,26,26
67620,49,47,2,2
67621,93,80,13,13
67622,86,77,9,9
67623,77,62,15,15
67624,56,66,-10,10
67625,66,57,9,9
67626,132,115,17,17
67627,149,122,27,27
67628,39,31,8,8
67629,117,103,14,14
67630,98,87,11,11
67631,59,54,5,5
67632,146,131,15,15
67633,106,84,22,22
67634,63,58,5,5
67635,90,84,6,6
67636,73,69,4,4
67637,80,70,10,10
67638,89,80,9,9
67639,88,80,8,8
67640,51,45,6,6
67641,85,76,9,9
67642,106,113,-7,7
67643,136,118,18,18
67644,46,41,5,5
67645,107,102,5,5
67646,154,148,6,6
67647,109,97,12,12
67648,79,68,11,11
67649,94,72,22,22
67650,64,58,6,6
67651,63,50,13,13
67652,62,52,10,10
67653,58,56,2,2
67654,48,46,2,2
67655,67,64,3,3
67656,74,66,8,8
67657,94,83,11,11
67658,75,63,12,12
67659,158,132,26,26
67660,134,113,21,21
67661,189,159,30,30
67662,62,62,0,0
67663,73,64,9,9
67664,89,85,4,4
67665,42,38,4,4
67666,129,107,22,22
67667,65,63,2,2
67668,49,49,0,0
67669,163,137,26,26
67670,93,80,13,13
67671,185,156,29,29
67672,91,81,10,10
67673,43,41,2,2
67674,163,148,15,15
67675,65,60,5,5
67676,49,34,15,15
67677,62,56,6,6
67678,123,119,4,4
67679,78,69,9,9
67680,144,122,22,22
67681,75,89,-14,14
67682,83,73,10,10
67683,122,85,37,37
67684,92,81,11,11
67685,101,91,10,10
67686,75,74,1,1
67687,130,106,24,24
67688,160,138,22,22
67689,58,57,1,1
67690,154,134,20,20
67691,101,81,20,20
67692,54,57,-3,3
67693,177,155,22,22
67694,198,169,29,29
67695,98,100,-2,2
67696,87,88,-1,1
67697,116,97,19,19
67698,63,56,7,7
67699,95,82,13,13
67700,57,49,8,8
67701,64,50,14,14
67702,69,56,13,13
67703,79,69,10,10
67704,89,90,-1,1
67705,53,49,4,4
67706,94,88,6,6
67707,85,84,1,1
67708,85,79,6,6
67709,80,82,-2,2
67710,80,79,1,1
67711,95,82,13,13
67712,95,80,15,15
67713,72,68,4,4
67714,59,54,5,5
67715,122,98,24,24
67716,76,67,9,9
67717,103,87,16,16
67718,80,75,5,5
67719,84,75,9,9
67720,108,96,12,12
67721,94,83,11,11
67722,128,112,16,16
67723,121,110,11,11
67724,156,128,28,28
67725,120,103,17,17
67726,97,86,11,11
67727,87,89,-2,2
67728,116,100,16,16
67729,48,38,10,10
67730,139,121,18,18
67731,93,76,17,17
67732,184,174,10,10
67733,62,56,6,6
67734,116,113,3,3
67735,114,94,20,20
67736,104,87,17,17
67737,94,91,3,3
67738,169,154,15,15
67739,89,81,8,8
67740,91,89,2,2
67741,97,89,8,8
67742,111,98,13,13
67743,69,61,8,8
67744,120,104,16,16
67745,105,112,-7,7
67746,99,90,9,9
67747,37,63,-26,26
67748,105,82,23,23
67749,69,65,4,4
67750,67,57,10,10
67751,31,25,6,6
67752,60,57,3,3
67753,90,87,3,3
67754,74,66,8,8
67755,123,104,19,19
67756,97,91,6,6
67757,55,46,9,9
67758,127,110,17,17
67759,122,109,13,13
67760,103,94,9,9
67761,141,124,17,17
67762,67,59,8,8
67763,113,110,3,3
67764,135,124,11,11
67765,203,174,29,29
67766,88,80,8,8
67767,94,89,5,5
67768,103,92,11,11
67769,86,74,12,12
67770,143,130,13,13
67771,52,46,6,6
67772,75,78,-3,3
67773,114,111,3,3
67774,92,77,15,15
67775,113,95,18,18
67776,123,112,11,11
67777,68,69,-1,1
67778,86,87,-1,1
67779,27,41,-14,14
67780,126,116,10,10
67781,89,75,14,14
67782,113,93,20,20
67783,106,91,15,15
67784,90,76,14,14
67785,82,68,14,14
67786,88,82,6,6
67787,97,85,12,12
67788,141,120,21,21
67789,123,100,23,23
67790,188,176,12,12
67791,108,100,8,8
67792,73,64,9,9
67793,104,96,8,8
67794,87,78,9,9
67795,78,76,2,2
67796,75,64,11,11
67797,153,128,25,25
67798,74,60,14,14
67799,129,105,24,24
67800,117,96,21,21
67801,82,78,4,4
67802,103,91,12,12
67803,93,73,20,20
67804,89,81,8,8
67805,44,43,1,1
67806,76,70,6,6
67807,79,84,-5,5
67808,87,79,8,8
67809,38,33,5,5
67810,120,108,12,12
67811,88,81,7,7
67812,155,126,29,29
67813,120,96,24,24
67814,89,73,16,16
67815,100,86,14,14
67816,66,56,10,10
67817,85,81,4,4
67818,90,67,23,23
67819,126,112,14,14
67820,153,120,33,33
67821,83,72,11,11
67822,113,94,19,19
67823,88,80,8,8
67824,152,146,6,6
67825,104,87,17,17
67826,75,64,11,11
67827,48,49,-1,1
67828,127,110,17,17
67829,79,70,9,9
67830,117,105,12,12
67831,63,59,4,4
67832,113,111,2,2
67833,143,145,-2,2
67834,110,98,12,12
67835,75,77,-2,2
67836,48,49,-1,1
67837,64,80,-16,16
67838,99,89,10,10
67839,91,77,14,14
67840,111,95,16,16
67841,89,77,12,12
67842,141,122,19,19
67843,101,82,19,19
67844,74,64,10,10
67845,124,100,24,24
67846,115,109,6,6
67847,94,93,1,1
67848,110,101,9,9
67849,70,64,6,6
67850,89,85,4,4
67851,53,47,6,6
67852,85,86,-1,1
67853,166,142,24,24
67854,77,66,11,11
67855,76,62,14,14
67856,137,131,6,6
67857,79,74,5,5
67858,144,110,34,34
67859,57,41,16,16
67860,102,93,9,9
67861,77,68,9,9
67862,105,101,4,4
67863,99,83,16,16
67864,40,36,4,4
67865,96,82,14,14
67866,99,91,8,8
67867,69,61,8,8
67868,111,93,18,18
67869,119,110,9,9
67870,152,133,19,19
67871,138,121,17,17
67872,146,149,-3,3
67873,79,91,-12,12
67874,113,96,17,17
67875,65,61,4,4
67876,135,107,28,28
67877,58,35,23,23
67878,68,70,-2,2
67879,103,84,19,19
67880,110,105,5,5
67881,57,51,6,6
67882,191,166,25,25
67883,87,72,15,15
67884,130,108,22,22
67885,94,84,10,10
67886,101,94,7,7
67887,52,42,10,10
67888,134,122,12,12
67889,75,65,10,10
67890,91,89,2,2
67891,109,97,12,12
67892,96,77,19,19
67893,55,50,5,5
67894,114,97,17,17
67895,159,136,23,23
67896,74,65,9,9
67897,89,89,0,0
67898,45,45,0,0
67899,50,63,-13,13
67900,78,68,10,10
67901,136,130,6,6
67902,81,70,11,11
67903,104,83,21,21
67904,42,45,-3,3
67905,45,41,4,4
67906,91,71,20,20
67907,81,75,6,6
67908,73,68,5,5
67909,163,139,24,24
67910,62,53,9,9
67911,62,66,-4,4
67912,117,93,24,24
67913,91,84,7,7
67914,81,82,-1,1
67915,183,146,37,37
67916,115,104,11,11
67917,45,39,6,6
67918,67,61,6,6
67919,73,65,8,8
67920,115,105,10,10
67921,143,122,21,21
67922,122,100,22,22
67923,158,127,31,31
67924,132,118,14,14
67925,56,55,1,1
67926,138,125,13,13
67927,128,104,24,24
67928,170,145,25,25
67929,101,95,6,6
67930,147,130,17,17
67931,116,106,10,10
67932,97,104,-7,7
67933,116,110,6,6
67934,73,65,8,8
67935,58,48,10,10
67936,99,81,18,18
67937,148,138,10,10
67938,56,51,5,5
67939,144,137,7,7
67940,73,63,10,10
67941,124,123,1,1
67942,58,76,-18,18
67943,72,67,5,5
67944,57,51,6,6
67945,77,59,18,18
67946,93,79,14,14
67947,136,115,21,21
67948,56,55,1,1
67949,106,86,20,20
67950,68,57,11,11
67951,107,97,10,10
67952,137,120,17,17
67953,51,47,4,4
67954,161,141,20,20
67955,75,66,9,9
67956,207,167,40,40
67957,134,131,3,3
67958,139,123,16,16
67959,85,75,10,10
67960,64,58,6,6
67961,57,51,6,6
67962,87,75,12,12
67963,143,124,19,19
67964,89,78,11,11
67965,78,61,17,17
67966,73,81,-8,8
67967,188,184,4,4
67968,115,91,24,24
67969,119,87,32,32
67970,74,70,4,4
67971,96,89,7,7
67972,64,58,6,6
67973,117,102,15,15
67974,127,116,11,11
67975,70,66,4,4
67976,97,93,4,4
67977,163,152,11,11
67978,143,116,27,27
67979,69,70,-1,1
67980,98,95,3,3
67981,87,73,14,14
67982,100,90,10,10
67983,111,109,2,2
67984,129,123,6,6
67985,94,74,20,20
67986,124,111,13,13
67987,70,69,1,1
67988,64,57,7,7
67989,131,114,17,17
67990,81,81,0,0
67991,121,102,19,19
67992,139,118,21,21
67993,49,48,1,1
67994,54,53,1,1
67995,109,103,6,6
67996,71,69,2,2
67997,124,99,25,25
67998,110,87,23,23
67999,103,94,9,9
68000,104,101,3,3
68001,95,101,-6,6
68002,85,71,14,14
68003,83,68,15,15
68004,111,106,5,5
68005,68,50,18,18
68006,76,65,11,11
68007,47,42,5,5
68008,143,115,28,28
68009,64,57,7,7
68010,102,93,9,9
68011,77,71,6,6
68012,52,56,-4,4
68013,52,48,4,4
68014,75,73,2,2
68015,83,73,10,10
68016,70,58,12,12
68017,44,41,3,3
68018,41,41,0,0
68019,77,66,11,11
68020,53,48,5,5
68021,132,119,13,13
68022,112,95,17,17
68023,81,65,16,16
68024,85,74,11,11
68025,90,79,11,11
68026,51,50,1,1
68027,55,60,-5,5
68028,45,51,-6,6
68029,52,47,5,5
68030,98,87,11,11
68031,72,65,7,7
68032,239,207,32,32
68033,123,98,25,25
68034,164,139,25,25
68035,75,64,11,11
68036,145,131,14,14
68037,63,54,9,9
68038,63,85,-22,22
68039,100,96,4,4
68040,110,103,7,7
68041,76,81,-5,5
68042,94,90,4,4
68043,109,87,22,22
68044,59,61,-2,2
68045,140,142,-2,2
68046,83,68,15,15
68047,136,114,22,22
68048,50,46,4,4
68049,85,75,10,10
68050,113,94,19,19
68051,49,51,-2,2
68052,98,74,24,24
68053,80,61,19,19
68054,95,89,6,6
68055,129,119,10,10
68056,89,75,14,14
68057,115,96,19,19
68058,73,71,2,2
68059,75,72,3,3
68060,168,141,27,27
68061,52,52,0,0
68062,76,66,10,10
68063,104,92,12,12
68064,124,98,26,26
68065,113,106,7,7
68066,80,69,11,11
68067,79,89,-10,10
68068,89,73,16,16
68069,90,66,24,24
68070,46,48,-2,2
68071,80,70,10,10
68072,108,107,1,1
68073,46,40,6,6
68074,106,90,16,16
68075,139,121,18,18
68076,99,90,9,9
68077,50,42,8,8
68078,65,55,10,10
68079,69,61,8,8
68080,125,112,13,13
68081,97,85,12,12
68082,84,79,5,5
68083,114,109,5,5
68084,39,30,9,9
68085,106,90,16,16
68086,88,82,6,6
68087,80,76,4,4
68088,178,152,26,26
68089,104,102,2,2
68090,76,62,14,14
68091,108,83,25,25
68092,82,85,-3,3
68093,44,37,7,7
68094,67,57,10,10
68095,69,66,3,3
68096,69,61,8,8
68097,112,97,15,15
68098,151,123,28,28
68099,47,44,3,3
68100,70,62,8,8
68101,86,75,11,11
68102,95,86,9,9
68103,68,65,3,3
68104,44,39,5,5
68105,70,66,4,4
68106,132,113,19,19
68107,66,60,6,6
68108,104,89,15,15
68109,155,133,22,22
68110,136,123,13,13
68111,74,69,5,5
68112,109,99,10,10
68113,88,83,5,5
68114,156,149,7,7
68115,153,139,14,14
68116,83,66,17,17
68117,88,74,14,14
68118,167,158,9,9
68119,44,41,3,3
68120,124,102,22,22
68121,71,59,12,12
68122,131,103,28,28
68123,94,79,15,15
68124,64,58,6,6
68125,81,75,6,6
68126,69,62,7,7
68127,52,47,5,5
68128,84,77,7,7
68129,59,52,7,7
68130,117,106,11,11
68131,115,97,18,18
68132,86,80,6,6
68133,111,94,17,17
68134,69,68,1,1
68135,119,101,18,18
68136,73,65,8,8
68137,81,73,8,8
68138,79,81,-2,2
68139,89,88,1,1
68140,51,46,5,5
68141,63,56,7,7
68142,87,79,8,8
68143,116,104,12,12
68144,115,97,18,18
68145,111,102,9,9
68146,38,32,6,6
68147,130,124,6,6
68148,100,82,18,18
68149,60,46,14,14
68150,91,73,18,18
68151,67,57,10,10
68152,73,54,19,19
68153,152,139,13,13
68154,199,172,27,27
68155,156,134,22,22
68156,61,58,3,3
68157,109,88,21,21
68158,69,64,5,5
68159,87,79,8,8
68160,65,61,4,4
68161,83,78,5,5
68162,94,85,9,9
68163,104,82,22,22
68164,72,64,8,8
68165,74,81,-7,7
68166,93,72,21,21
68167,88,74,14,14
68168,88,75,13,13
68169,75,74,1,1
68170,102,94,8,8
68171,72,69,3,3
68172,95,76,19,19
68173,98,89,9,9
68174,86,79,7,7
68175,91,96,-5,5
68176,67,59,8,8
68177,73,69,4,4
68178,129,121,8,8
68179,64,56,8,8
68180,94,84,10,10
68181,123,100,23,23
68182,89,84,5,5
68183,45,45,0,0
68184,95,88,7,7
68185,77,71,6,6
68186,61,60,1,1
68187,151,146,5,5
68188,53,53,0,0
68189,109,93,16,16
68190,84,80,4,4
68191,86,83,3,3
68192,105,91,14,14
68193,107,104,3,3
68194,97,95,2,2
68195,41,41,0,0
68196,69,65,4,4
68197,111,73,38,38
68198,40,37,3,3
68199,140,125,15,15
68200,65,58,7,7
68201,149,122,27,27
68202,46,38,8,8
68203,103,92,11,11
68204,80,71,9,9
68205,41,37,4,4
68206,97,119,-22,22
68207,65,57,8,8
68208,124,138,-14,14
68209,65,60,5,5
68210,85,71,14,14
68211,151,137,14,14
68212,75,65,10,10
68213,92,86,6,6
68214,96,81,15,15
68215,120,100,20,20
68216,71,57,14,14
68217,77,72,5,5
68218,84,84,0,0
68219,100,97,3,3
68220,105,106,-1,1
68221,123,103,20,20
68222,53,47,6,6
68223,178,164,14,14
68224,99,89,10,10
68225,64,62,2,2
68226,78,73,5,5
68227,108,92,16,16
68228,77,70,7,7
68229,157,136,21,21
68230,72,71,1,1
68231,68,64,4,4
68232,87,68,19,19
68233,70,66,4,4
68234,52,51,1,1
68235,85,69,16,16
68236,100,97,3,3
68237,71,59,12,12
68238,109,103,6,6
68239,154,152,2,2
68240,96,69,27,27
68241,78,77,1,1
68242,82,85,-3,3
68243,114,101,13,13
68244,103,97,6,6
68245,118,111,7,7
68246,87,82,5,5
68247,121,117,4,4
68248,94,85,9,9
68249,62,51,11,11
68250,89,77,12,12
68251,105,89,16,16
68252,85,68,17,17
68253,79,78,1,1
68254,86,76,10,10
68255,100,89,11,11
68256,104,88,16,16
68257,83,70,13,13
68258,90,78,12,12
68259,112,117,-5,5
68260,69,61,8,8
68261,121,92,29,29
68262,84,79,5,5
68263,87,74,13,13
68264,92,86,6,6
68265,147,133,14,14
68266,86,78,8,8
68267,89,74,15,15
68268,52,59,-7,7
68269,110,96,14,14
68270,145,127,18,18
68271,87,76,11,11
68272,107,74,33,33
68273,145,108,37,37
68274,55,47,8,8
68275,51,52,-1,1
68276,95,85,10,10
68277,101,90,11,11
68278,72,60,12,12
68279,90,77,13,13
68280,91,72,19,19
68281,94,89,5,5
68282,60,58,2,2
68283,59,50,9,9
68284,96,81,15,15
68285,55,48,7,7
68286,101,77,24,24
68287,95,90,5,5
68288,113,92,21,21
68289,77,67,10,10
68290,114,115,-1,1
68291,101,97,4,4
68292,100,96,4,4
68293,64,60,4,4
68294,100,86,14,14
68295,158,128,30,30
68296,81,75,6,6
68297,62,59,3,3
68298,136,119,17,17
68299,156,136,20,20
68300,160,137,23,23
68301,128,118,10,10
68302,49,41,8,8
68303,135,112,23,23
68304,81,78,3,3
68305,85,76,9,9
68306,74,62,12,12
68307,141,121,20,20
68308,98,87,11,11
68309,140,122,18,18
68310,102,87,15,15
68311,91,89,2,2
68312,68,61,7,7
68313,117,97,20,20
68314,57,50,7,7
68315,70,58,12,12
68316,203,159,44,44
68317,96,102,-6,6
68318,128,116,12,12
68319,81,68,13,13
68320,81,86,-5,5
68321,66,51,15,15
68322,128,112,16,16
68323,150,133,17,17
68324,79,78,1,1
68325,68,69,-1,1
68326,57,51,6,6
68327,63,65,-2,2
68328,110,101,9,9
68329,84,73,11,11
68330,84,65,19,19
68331,59,54,5,5
68332,101,78,23,23
68333,73,68,5,5
68334,82,75,7,7
68335,163,145,18,18
68336,113,101,12,12
68337,95,62,33,33
68338,73,68,5,5
68339,83,73,10,10
68340,114,105,9,9
68341,136,102,34,34
68342,86,76,10,10
68343,81,71,10,10
68344,108,109,-1,1
68345,149,139,10,10
68346,101,91,10,10
68347,78,71,7,7
68348,126,107,19,19
68349,122,122,0,0
68350,112,93,19,19
68351,67,59,8,8
68352,62,53,9,9
68353,112,105,7,7
68354,171,145,26,26
68355,65,52,13,13
68356,97,79,18,18
68357,43,38,5,5
68358,71,59,12,12
68359,71,60,11,11
68360,55,40,15,15
68361,72,74,-2,2
68362,85,74,11,11
68363,190,156,34,34
68364,97,90,7,7
68365,100,88,12,12
68366,75,71,4,4
68367,130,107,23,23
68368,60,55,5,5
68369,105,93,12,12
68370,85,73,12,12
68371,89,83,6,6
68372,93,84,9,9
68373,39,58,-19,19
68374,74,57,17,17
68375,148,140,8,8
68376,136,118,18,18
68377,61,66,-5,5
68378,181,158,23,23
68379,99,84,15,15
68380,165,145,20,20
68381,97,85,12,12
68382,116,94,22,22
68383,105,101,4,4
68384,50,42,8,8
68385,71,74,-3,3
68386,115,100,15,15
68387,61,51,10,10
68388,101,92,9,9
68389,80,71,9,9
68390,100,97,3,3
68391,79,81,-2,2
68392,121,107,14,14
68393,85,85,0,0
68394,87,82,5,5
68395,61,59,2,2
68396,125,119,6,6
68397,85,79,6,6
68398,87,79,8,8
68399,64,59,5,5
68400,66,57,9,9
68401,85,76,9,9
68402,159,133,26,26
68403,132,124,8,8
68404,96,91,5,5
68405,100,99,1,1
68406,76,64,12,12
68407,117,111,6,6
68408,101,102,-1,1
68409,86,76,10,10
68410,117,100,17,17
68411,96,79,17,17
68412,55,56,-1,1
68413,145,122,23,23
68414,68,69,-1,1
68415,71,57,14,14
68416,129,113,16,16
68417,121,107,14,14
68418,92,71,21,21
68419,57,54,3,3
68420,50,48,2,2
68421,56,50,6,6
68422,52,50,2,2
68423,61,53,8,8
68424,164,139,25,25
68425,119,105,14,14
68426,85,70,15,15
68427,83,71,12,12
68428,149,130,19,19
68429,103,82,21,21
68430,61,43,18,18
68431,142,131,11,11
68432,80,74,6,6
68433,49,48,1,1
68434,109,86,23,23
68435,101,88,13,13
68436,77,72,5,5
68437,160,158,2,2
68438,108,104,4,4
68439,137,120,17,17
68440,125,114,11,11
68441,76,75,1,1
68442,145,116,29,29
68443,86,79,7,7
68444,131,114,17,17
68445,99,95,4,4
68446,97,87,10,10
68447,67,54,13,13
68448,107,115,-8,8
68449,87,77,10,10
68450,104,94,10,10
68451,77,68,9,9
68452,49,47,2,2
68453,152,125,27,27
68454,138,123,15,15
68455,183,160,23,23
68456,53,49,4,4
68457,100,87,13,13
68458,71,67,4,4
68459,73,80,-7,7
68460,108,91,17,17
68461,85,81,4,4
68462,72,63,9,9
68463,92,80,12,12
68464,127,109,18,18
68465,61,70,-9,9
68466,86,90,-4,4
68467,56,50,6,6
68468,104,83,21,21
68469,86,77,9,9
68470,142,134,8,8
68471,78,78,0,0
68472,96,74,22,22
68473,75,66,9,9
68474,88,78,10,10
68475,69,60,9,9
68476,62,59,3,3
68477,107,97,10,10
68478,65,55,10,10
68479,129,125,4,4
68480,86,83,3,3
68481,77,61,16,16
68482,115,91,24,24
68483,87,75,12,12
68484,32,26,6,6
68485,80,77,3,3
68486,107,95,12,12
68487,112,115,-3,3
68488,83,74,9,9
68489,89,83,6,6
68490,65,59,6,6
68491,63,60,3,3
68492,56,51,5,5
68493,99,79,20,20
68494,88,82,6,6
68495,130,119,11,11
68496,59,53,6,6
68497,157,121,36,36
68498,94,93,1,1
68499,94,83,11,11
68500,61,55,6,6
68501,98,94,4,4
68502,98,86,12,12
68503,108,90,18,18
68504,122,107,15,15
68505,115,104,11,11
68506,49,49,0,0
68507,79,71,8,8
68508,96,93,3,3
68509,81,82,-1,1
68510,54,50,4,4
68511,70,67,3,3
68512,141,122,19,19
68513,113,172,-59,59
68514,110,104,6,6
68515,75,70,5,5
68516,85,85,0,0
68517,85,69,16,16
68518,105,92,13,13
68519,62,63,-1,1
68520,39,41,-2,2
68521,83,75,8,8
68522,103,89,14,14
68523,69,67,2,2
68524,103,89,14,14
68525,82,68,14,14
68526,98,86,12,12
68527,134,112,22,22
68528,51,52,-1,1
68529,98,86,12,12
68530,58,56,2,2
68531,66,70,-4,4
68532,66,54,12,12
68533,139,114,25,25
68534,182,160,22,22
68535,118,120,-2,2
68536,69,57,12,12
68537,61,61,0,0
68538,101,84,17,17
68539,126,88,38,38
68540,87,76,11,11
68541,53,53,0,0
68542,83,59,24,24
68543,113,105,8,8
68544,109,89,20,20
68545,60,51,9,9
68546,113,102,11,11
68547,84,83,1,1
68548,60,49,11,11
68549,56,41,15,15
68550,52,45,7,7
68551,111,94,17,17
68552,74,70,4,4
68553,57,48,9,9
68554,72,64,8,8
68555,77,73,4,4
68556,93,84,9,9
68557,167,132,35,35
68558,64,56,8,8
68559,97,79,18,18
68560,106,97,9,9
68561,165,136,29,29
68562,86,94,-8,8
68563,146,120,26,26
68564,98,88,10,10
68565,88,78,10,10
68566,89,78,11,11
68567,99,86,13,13
68568,86,77,9,9
68569,95,96,-1,1
68570,70,58,12,12
68571,91,91,0,0
68572,98,85,13,13
68573,92,80,12,12
68574,103,89,14,14
68575,91,77,14,14
68576,58,65,-7,7
68577,61,57,4,4
68578,53,46,7,7
68579,83,74,9,9
68580,56,48,8,8
68581,84,75,9,9
68582,73,72,1,1
68583,73,63,10,10
68584,81,74,7,7
68585,69,63,6,6
68586,71,70,1,1
68587,107,104,3,3
68588,111,99,12,12
68589,107,90,17,17
68590,115,87,28,28
68591,75,70,5,5
68592,129,105,24,24
68593,94,80,14,14
68594,52,52,0,0
68595,146,133,13,13
68596,99,91,8,8
68597,93,98,-5,5
68598,57,54,3,3
68599,102,100,2,2
68600,58,54,4,4
68601,95,123,-28,28
68602,92,79,13,13
68603,99,85,14,14
68604,115,108,7,7
68605,77,66,11,11
68606,176,165,11,11
68607,97,91,6,6
68608,153,126,27,27
68609,74,64,10,10
68610,182,154,28,28
68611,91,88,3,3
68612,67,69,-2,2
68613,85,84,1,1
68614,109,95,14,14
68615,113,95,18,18
68616,111,104,7,7
68617,95,95,0,0
68618,74,63,11,11
68619,110,97,13,13
68620,58,48,10,10
68621,135,116,19,19
68622,108,100,8,8
68623,112,106,6,6
68624,49,46,3,3
68625,114,105,9,9
68626,57,52,5,5
68627,74,61,13,13
68628,99,90,9,9
68629,96,82,14,14
68630,88,73,15,15
68631,79,77,2,2
68632,82,61,21,21
68633,99,85,14,14
68634,116,98,18,18
68635,80,71,9,9
68636,120,105,15,15
68637,70,55,15,15
68638,74,64,10,10
68639,55,51,4,4
68640,97,80,17,17
68641,74,67,7,7
68642,92,90,2,2
68643,71,68,3,3
68644,86,78,8,8
68645,66,55,11,11
68646,74,62,12,12
68647,90,75,15,15
68648,110,97,13,13
68649,94,83,11,11
68650,101,88,13,13
68651,115,101,14,14
68652,91,83,8,8
68653,102,95,7,7
68654,116,111,5,5
68655,130,118,12,12
68656,45,47,-2,2
68657,77,69,8,8
68658,117,116,1,1
68659,109,97,12,12
68660,94,83,11,11
68661,130,114,16,16
68662,37,37,0,0
68663,73,68,5,5
68664,79,63,16,16
68665,80,80,0,0
68666,143,115,28,28
68667,69,65,4,4
68668,143,128,15,15
68669,105,97,8,8
68670,150,125,25,25
68671,94,79,15,15
68672,107,91,16,16
68673,64,55,9,9
68674,154,123,31,31
68675,129,115,14,14
68676,118,100,18,18
68677,86,76,10,10
68678,98,87,11,11
68679,134,131,3,3
68680,96,90,6,6
68681,90,83,7,7
68682,173,158,15,15
68683,83,77,6,6
68684,168,149,19,19
68685,97,86,11,11
68686,88,79,9,9
68687,54,52,2,2
68688,142,113,29,29
68689,152,133,19,19
68690,75,77,-2,2
68691,73,68,5,5
68692,170,160,10,10
68693,82,79,3,3
68694,103,103,0,0
68695,135,115,20,20
68696,98,89,9,9
68697,190,162,28,28
68698,110,86,24,24
68699,56,55,1,1
68700,160,135,25,25
68701,86,89,-3,3
68702,105,94,11,11
68703,42,37,5,5
68704,148,146,2,2
68705,78,65,13,13
68706,108,98,10,10
68707,81,71,10,10
68708,135,119,16,16
68709,84,83,1,1
68710,115,101,14,14
68711,124,104,20,20
68712,67,66,1,1
68713,97,84,13,13
68714,90,79,11,11
68715,158,136,22,22
68716,162,140,22,22
68717,165,147,18,18
68718,76,68,8,8
68719,174,160,14,14
68720,125,106,19,19
68721,155,138,17,17
68722,80,76,4,4
68723,150,143,7,7
68724,54,46,8,8
68725,119,96,23,23
68726,83,67,16,16
68727,56,53,3,3
68728,69,71,-2,2
68729,94,87,7,7
68730,103,97,6,6
68731,120,101,19,19
68732,119,114,5,5
68733,92,82,10,10
68734,102,93,9,9
68735,75,67,8,8
68736,64,57,7,7
68737,175,148,27,27
68738,66,55,11,11
68739,69,55,14,14
68740,66,57,9,9
68741,42,41,1,1
68742,222,189,33,33
68743,161,137,24,24
68744,139,110,29,29
68745,88,77,11,11
68746,81,65,16,16
68747,160,146,14,14
68748,100,96,4,4
68749,64,65,-1,1
68750,26,27,-1,1
68751,126,111,15,15
68752,49,45,4,4
68753,101,92,9,9
68754,78,66,12,12
68755,82,69,13,13
68756,68,61,7,7
68757,90,77,13,13
68758,78,68,10,10
68759,114,105,9,9
68760,160,142,18,18
68761,108,95,13,13
68762,93,86,7,7
68763,52,46,6,6
68764,142,125,17,17
68765,151,149,2,2
68766,118,110,8,8
68767,90,80,10,10
68768,103,83,20,20
68769,126,110,16,16
68770,121,105,16,16
68771,111,103,8,8
68772,87,74,13,13
68773,48,42,6,6
68774,86,69,17,17
68775,60,90,-30,30
68776,162,132,30,30
68777,98,79,19,19
68778,134,114,20,20
68779,147,133,14,14
68780,113,107,6,6
68781,79,69,10,10
68782,76,62,14,14
68783,72,73,-1,1
68784,59,59,0,0
68785,151,129,22,22
68786,114,101,13,13
68787,71,64,7,7
68788,146,132,14,14
68789,83,73,10,10
68790,65,55,10,10
68791,60,48,12,12
68792,113,89,24,24
68793,146,120,26,26
68794,103,95,8,8
68795,123,103,20,20
68796,59,59,0,0
68797,158,127,31,31
68798,114,91,23,23
68799,133,111,22,22
68800,151,131,20,20
68801,41,39,2,2
68802,80,68,12,12
68803,71,58,13,13
68804,88,83,5,5
68805,94,95,-1,1
68806,41,47,-6,6
68807,129,131,-2,2
68808,126,106,20,20
68809,132,106,26,26
68810,38,41,-3,3
68811,81,76,5,5
68812,97,89,8,8
68813,99,89,10,10
68814,159,137,22,22
68815,113,106,7,7
68816,42,47,-5,5
68817,176,153,23,23
68818,96,75,21,21
68819,122,110,12,12
68820,134,127,7,7
68821,63,57,6,6
68822,81,65,16,16
68823,94,89,5,5
68824,122,101,21,21
68825,99,79,20,20
68826,103,96,7,7
68827,77,90,-13,13
68828,90,89,1,1
68829,139,112,27,27
68830,74,57,17,17
68831,83,75,8,8
68832,84,76,8,8
68833,108,92,16,16
68834,80,75,5,5
68835,117,106,11,11
68836,81,69,12,12
68837,73,68,5,5
68838,146,127,19,19
68839,83,74,9,9
68840,71,58,13,13
68841,99,98,1,1
68842,52,41,11,11
68843,97,96,1,1
68844,80,72,8,8
68845,112,100,12,12
68846,57,63,-6,6
68847,105,92,13,13
68848,145,136,9,9
68849,104,84,20,20
68850,94,75,19,19
68851,109,101,8,8
68852,73,67,6,6
68853,54,49,5,5
68854,99,79,20,20
68855,204,173,31,31
68856,42,44,-2,2
68857,40,37,3,3
68858,61,52,9,9
68859,98,92,6,6
68860,88,82,6,6
68861,107,106,1,1
68862,101,93,8,8
68863,156,138,18,18
68864,43,42,1,1
68865,85,74,11,11
68866,130,108,22,22
68867,49,51,-2,2
68868,82,70,12,12
68869,105,97,8,8
68870,141,142,-1,1
68871,124,116,8,8
68872,149,150,-1,1
68873,61,46,15,15
68874,163,145,18,18
68875,94,89,5,5
68876,64,61,3,3
68877,129,130,-1,1
68878,71,68,3,3
68879,95,92,3,3
68880,106,103,3,3
68881,103,73,30,30
68882,81,69,12,12
68883,89,74,15,15
68884,144,126,18,18
68885,64,63,1,1
68886,37,110,-73,73
68887,87,73,14,14
68888,34,29,5,5
68889,94,88,6,6
68890,84,83,1,1
68891,76,63,13,13
68892,79,67,12,12
68893,96,94,2,2
68894,99,86,13,13
68895,102,93,9,9
68896,66,59,7,7
68897,96,78,18,18
68898,75,66,9,9
68899,98,81,17,17
68900,75,63,12,12
68901,106,88,18,18
68902,85,78,7,7
68903,104,108,-4,4
68904,83,82,1,1
68905,92,81,11,11
68906,110,114,-4,4
68907,89,96,-7,7
68908,148,126,22,22
68909,105,93,12,12
68910,90,72,18,18
68911,42,48,-6,6
68912,102,92,10,10
68913,142,123,19,19
68914,122,107,15,15
68915,109,92,17,17
68916,101,96,5,5
68917,89,87,2,2
68918,118,107,11,11
68919,146,124,22,22
68920,100,93,7,7
68921,99,85,14,14
68922,62,50,12,12
68923,84,67,17,17
68924,62,62,0,0
68925,190,156,34,34
68926,105,98,7,7
68927,101,81,20,20
68928,69,68,1,1
68929,105,92,13,13
68930,135,121,14,14
68931,162,152,10,10
68932,96,87,9,9
68933,80,70,10,10
68934,83,79,4,4
68935,133,117,16,16
68936,77,69,8,8
68937,130,114,16,16
68938,143,143,0,0
68939,83,76,7,7
68940,77,67,10,10
68941,148,130,18,18
68942,88,73,15,15
68943,47,41,6,6
68944,66,47,19,19
68945,54,61,-7,7
68946,97,84,13,13
68947,80,76,4,4
68948,51,62,-11,11
68949,122,117,5,5
68950,134,109,25,25
68951,152,139,13,13
68952,96,93,3,3
68953,75,72,3,3
68954,143,131,12,12
68955,164,150,14,14
68956,99,88,11,11
68957,149,139,10,10
68958,126,107,19,19
68959,90,71,19,19
68960,102,95,7,7
68961,18,29,-11,11
68962,103,123,-20,20
68963,130,113,17,17
68964,67,61,6,6
68965,69,56,13,13
68966,84,76,8,8
68967,122,115,7,7
68968,103,85,18,18
68969,65,50,15,15
68970,111,106,5,5
68971,177,161,16,16
68972,64,55,9,9
68973,159,145,14,14
68974,123,114,9,9
68975,67,63,4,4
68976,138,129,9,9
68977,88,89,-1,1
68978,94,96,-2,2
68979,114,96,18,18
68980,81,71,10,10
68981,68,60,8,8
68982,214,185,29,29
68983,145,118,27,27
68984,54,47,7,7
68985,100,77,23,23
68986,146,131,15,15
68987,213,168,45,45
68988,106,103,3,3
68989,57,46,11,11
68990,128,115,13,13
68991,97,87,10,10
68992,90,87,3,3
68993,102,92,10,10
68994,153,128,25,25
68995,84,72,12,12
68996,27,27,0,0
68997,51,43,8,8
68998,73,68,5,5
68999,86,76,10,10
69000,77,63,14,14
69001,154,126,28,28
69002,107,91,16,16
69003,173,156,17,17
69004,80,75,5,5
69005,92,83,9,9
69006,86,74,12,12
69007,70,65,5,5
69008,116,112,4,4
69009,79,70,9,9
69010,101,90,11,11
69011,138,123,15,15
69012,125,100,25,25
69013,65,58,7,7
69014,82,72,10,10
69015,88,82,6,6
69016,40,45,-5,5
69017,104,97,7,7
69018,111,98,13,13
69019,81,72,9,9
69020,67,69,-2,2
69021,91,90,1,1
69022,135,124,11,11
69023,155,150,5,5
69024,89,75,14,14
69025,58,60,-2,2
69026,137,115,22,22
69027,69,63,6,6
69028,84,77,7,7
69029,110,85,25,25
69030,68,82,-14,14
69031,126,101,25,25
69032,185,136,49,49
69033,64,50,14,14
69034,119,105,14,14
69035,133,117,16,16
69036,96,84,12,12
69037,54,50,4,4
69038,90,80,10,10
69039,75,64,11,11
69040,123,117,6,6
69041,91,79,12,12
69042,114,103,11,11
69043,49,69,-20,20
69044,119,101,18,18
69045,78,64,14,14
69046,105,87,18,18
69047,113,102,11,11
69048,75,64,11,11
69049,162,140,22,22
69050,62,59,3,3
69051,93,72,21,21
69052,67,57,10,10
69053,118,105,13,13
69054,76,70,6,6
69055,132,113,19,19
69056,43,44,-1,1
69057,69,66,3,3
69058,99,93,6,6
69059,81,70,11,11
69060,103,90,13,13
69061,87,72,15,15
69062,88,72,16,16
69063,92,81,11,11
69064,102,88,14,14
69065,53,50,3,3
69066,80,72,8,8
69067,86,65,21,21
69068,107,101,6,6
69069,165,156,9,9
69070,43,44,-1,1
69071,84,69,15,15
69072,129,113,16,16
69073,135,119,16,16
69074,32,53,-21,21
69075,49,51,-2,2
69076,91,82,9,9
69077,72,66,6,6
69078,85,74,11,11
69079,75,73,2,2
69080,95,108,-13,13
69081,132,114,18,18
69082,98,93,5,5
69083,34,36,-2,2
69084,114,100,14,14
69085,104,86,18,18
69086,111,91,20,20
69087,59,52,7,7
69088,38,40,-2,2
69089,45,39,6,6
69090,160,156,4,4
69091,87,75,12,12
69092,78,76,2,2
69093,180,135,45,45
69094,112,109,3,3
69095,99,95,4,4
69096,77,74,3,3
69097,64,69,-5,5
69098,93,64,29,29
69099,135,138,-3,3
69100,80,76,4,4
69101,105,82,23,23
69102,93,86,7,7
69103,97,89,8,8
69104,93,94,-1,1
69105,126,100,26,26
69106,100,87,13,13
69107,93,83,10,10
69108,116,108,8,8
69109,89,78,11,11
69110,72,79,-7,7
69111,158,126,32,32
69112,107,83,24,24
69113,57,53,4,4
69114,95,91,4,4
69115,199,164,35,35
69116,98,87,11,11
69117,50,40,10,10
69118,72,62,10,10
69119,86,72,14,14
69120,36,50,-14,14
69121,77,57,20,20
69122,144,134,10,10
69123,101,107,-6,6
69124,141,128,13,13
69125,136,119,17,17
69126,81,73,8,8
69127,96,107,-11,11
69128,92,81,11,11
69129,37,41,-4,4
69130,117,107,10,10
69131,96,79,17,17
69132,120,124,-4,4
69133,58,56,2,2
69134,147,117,30,30
69135,60,55,5,5
69136,85,75,10,10
69137,71,53,18,18
69138,74,66,8,8
69139,98,86,12,12
69140,59,55,4,4
69141,77,70,7,7
69142,77,75,2,2
69143,76,71,5,5
69144,52,47,5,5
69145,116,102,14,14
69146,78,76,2,2
69147,74,66,8,8
69148,124,109,15,15
69149,58,50,8,8
69150,86,76,10,10
69151,132,111,21,21
69152,108,87,21,21
69153,38,35,3,3
69154,138,127,11,11
69155,74,65,9,9
69156,73,66,7,7
69157,95,74,21,21
69158,129,120,9,9
69159,102,88,14,14
69160,112,99,13,13
69161,141,128,13,13
69162,76,65,11,11
69163,142,126,16,16
69164,72,64,8,8
69165,163,146,17,17
69166,122,108,14,14
69167,44,38,6,6
69168,104,92,12,12
69169,72,76,-4,4
69170,60,49,11,11
69171,69,61,8,8
69172,113,96,17,17
69173,89,80,9,9
69174,42,48,-6,6
69175,146,130,16,16
69176,147,121,26,26
69177,132,133,-1,1
69178,107,90,17,17
69179,77,71,6,6
69180,102,90,12,12
69181,153,129,24,24
69182,56,62,-6,6
69183,105,98,7,7
69184,129,117,12,12
69185,99,85,14,14
69186,55,50,5,5
69187,102,102,0,0
69188,102,88,14,14
69189,111,100,11,11
69190,123,116,7,7
69191,62,57,5,5
69192,152,151,1,1
69193,89,84,5,5
69194,94,80,14,14
69195,35,45,-10,10
69196,94,82,12,12
69197,110,106,4,4
69198,175,158,17,17
69199,105,85,20,20
69200,42,40,2,2
69201,152,130,22,22
69202,149,122,27,27
69203,207,168,39,39
69204,152,146,6,6
69205,88,88,0,0
69206,94,84,10,10
69207,76,62,14,14
69208,84,73,11,11
69209,87,79,8,8
69210,59,41,18,18
69211,112,97,15,15
69212,110,94,16,16
69213,136,106,30,30
69214,81,80,1,1
69215,177,151,26,26
69216,120,110,10,10
69217,86,82,4,4
69218,57,55,2,2
69219,100,76,24,24
69220,134,120,14,14
69221,75,61,14,14
69222,88,76,12,12
69223,82,78,4,4
69224,54,53,1,1
69225,74,59,15,15
69226,50,45,5,5
69227,125,100,25,25
69228,85,81,4,4
69229,148,128,20,20
69230,88,82,6,6
69231,58,61,-3,3
69232,124,98,26,26
69233,129,117,12,12
69234,100,88,12,12
69235,76,69,7,7
69236,86,71,15,15
69237,57,60,-3,3
69238,84,73,11,11
69239,103,84,19,19
69240,87,79,8,8
69241,114,106,8,8
69242,58,57,1,1
69243,100,83,17,17
69244,92,76,16,16
69245,78,74,4,4
69246,73,75,-2,2
69247,73,61,12,12
69248,106,97,9,9
69249,135,124,11,11
69250,95,101,-6,6
69251,75,69,6,6
69252,116,114,2,2
69253,58,48,10,10
69254,135,114,21,21
69255,75,68,7,7
69256,51,52,-1,1
69257,69,62,7,7
69258,97,99,-2,2
69259,73,68,5,5
69260,91,88,3,3
69261,156,136,20,20
69262,67,65,2,2
69263,77,66,11,11
69264,133,127,6,6
69265,129,133,-4,4
69266,110,95,15,15
69267,121,124,-3,3
69268,150,133,17,17
69269,89,77,12,12
69270,71,71,0,0
69271,119,94,25,25
69272,70,71,-1,1
69273,121,115,6,6
69274,116,108,8,8
69275,123,114,9,9
69276,95,82,13,13
69277,70,56,14,14
69278,111,80,31,31
69279,113,93,20,20
69280,92,69,23,23
69281,52,51,1,1
69282,114,97,17,17
69283,106,94,12,12
69284,102,106,-4,4
69285,72,74,-2,2
69286,134,106,28,28
69287,101,89,12,12
69288,134,112,22,22
69289,111,105,6,6
69290,99,89,10,10
69291,98,83,15,15
69292,94,86,8,8
69293,44,40,4,4
69294,92,84,8,8
69295,81,69,12,12
69296,74,64,10,10
69297,51,39,12,12
69298,135,122,13,13
69299,34,35,-1,1
69300,151,141,10,10
69301,64,57,7,7
69302,105,98,7,7
69303,117,93,24,24
69304,88,78,10,10
69305,100,90,10,10
69306,88,77,11,11
69307,84,80,4,4
69308,189,170,19,19
69309,45,48,-3,3
69310,64,61,3,3
69311,94,85,9,9
69312,199,170,29,29
69313,80,67,13,13
69314,105,96,9,9
69315,112,93,19,19
69316,59,33,26,26
69317,54,53,1,1
69318,123,106,17,17
69319,59,58,1,1
69320,186,164,22,22
69321,110,97,13,13
69322,117,99,18,18
69323,82,74,8,8
69324,202,163,39,39
69325,129,98,31,31
69326,91,82,9,9
69327,131,104,27,27
69328,117,100,17,17
69329,82,66,16,16
69330,78,73,5,5
69331,129,116,13,13
69332,46,35,11,11
69333,122,116,6,6
69334,124,103,21,21
69335,186,170,16,16
69336,103,93,10,10
69337,112,107,5,5
69338,135,127,8,8
69339,68,65,3,3
69340,110,100,10,10
69341,57,53,4,4
69342,144,122,22,22
69343,115,93,22,22
69344,143,131,12,12
69345,75,73,2,2
69346,69,59,10,10
69347,140,117,23,23
69348,93,90,3,3
69349,74,63,11,11
69350,165,149,16,16
69351,77,73,4,4
69352,57,50,7,7
69353,87,92,-5,5
69354,123,114,9,9
69355,78,74,4,4
69356,120,108,12,12
69357,100,89,11,11
69358,112,100,12,12
69359,87,80,7,7
69360,98,77,21,21
69361,106,88,18,18
69362,91,87,4,4
69363,107,96,11,11
69364,67,57,10,10
69365,125,114,11,11
69366,61,47,14,14
69367,96,87,9,9
69368,73,65,8,8
69369,70,61,9,9
69370,89,74,15,15
69371,114,100,14,14
69372,74,69,5,5
69373,133,110,23,23
69374,107,107,0,0
69375,91,80,11,11
69376,83,69,14,14
69377,76,64,12,12
69378,75,71,4,4
69379,83,69,14,14
69380,62,55,7,7
69381,71,70,1,1
69382,40,38,2,2
69383,131,111,20,20
69384,138,128,10,10
69385,43,39,4,4
69386,76,73,3,3
69387,128,139,-11,11
69388,62,55,7,7
69389,128,110,18,18
69390,79,73,6,6
69391,140,118,22,22
69392,94,93,1,1
69393,96,88,8,8
69394,43,38,5,5
69395,159,136,23,23
69396,62,50,12,12
69397,131,113,18,18
69398,65,60,5,5
69399,63,62,1,1
69400,116,114,2,2
69401,65,70,-5,5
69402,70,56,14,14
69403,56,52,4,4
69404,95,87,8,8
69405,120,101,19,19
69406,93,88,5,5
69407,92,82,10,10
69408,101,82,19,19
69409,106,98,8,8
69410,151,127,24,24
69411,98,86,12,12
69412,63,58,5,5
69413,120,108,12,12
69414,93,83,10,10
69415,89,79,10,10
69416,47,49,-2,2
69417,92,87,5,5
69418,95,79,16,16
69419,90,75,15,15
69420,116,97,19,19
69421,88,75,13,13
69422,107,103,4,4
69423,168,166,2,2
69424,49,43,6,6
69425,111,93,18,18
69426,76,73,3,3
69427,89,77,12,12
69428,72,66,6,6
69429,131,120,11,11
69430,61,65,-4,4
69431,106,90,16,16
69432,65,62,3,3
69433,76,71,5,5
69434,62,80,-18,18
69435,63,59,4,4
69436,77,65,12,12
69437,120,98,22,22
69438,109,98,11,11
69439,93,81,12,12
69440,66,61,5,5
69441,72,60,12,12
69442,94,79,15,15
69443,143,118,25,25
69444,75,67,8,8
69445,99,89,10,10
69446,112,102,10,10
69447,66,58,8,8
69448,72,59,13,13
69449,46,45,1,1
69450,100,92,8,8
69451,89,75,14,14
69452,101,92,9,9
69453,63,53,10,10
69454,108,97,11,11
69455,89,84,5,5
69456,101,81,20,20
69457,94,82,12,12
69458,73,69,4,4
69459,148,109,39,39
69460,142,125,17,17
69461,92,82,10,10
69462,151,126,25,25
69463,119,102,17,17
69464,61,59,2,2
69465,124,114,10,10
69466,46,44,2,2
69467,67,63,4,4
69468,46,57,-11,11
69469,81,71,10,10
69470,104,95,9,9
69471,47,41,6,6
69472,88,77,11,11
69473,115,74,41,41
69474,92,95,-3,3
69475,100,76,24,24
69476,141,123,18,18
69477,107,95,12,12
69478,127,100,27,27
69479,117,112,5,5
69480,72,65,7,7
69481,81,76,5,5
69482,100,117,-17,17
69483,84,93,-9,9
69484,70,58,12,12
69485,152,127,25,25
69486,32,38,-6,6
69487,121,115,6,6
69488,69,61,8,8
69489,63,56,7,7
69490,76,68,8,8
69491,81,79,2,2
69492,106,91,15,15
69493,69,68,1,1
69494,54,52,2,2
69495,92,80,12,12
69496,61,58,3,3
69497,141,119,22,22
69498,78,68,10,10
69499,124,130,-6,6
69500,94,81,13,13
69501,66,62,4,4
69502,156,146,10,10
69503,80,93,-13,13
69504,84,76,8,8
69505,161,146,15,15
69506,106,88,18,18
69507,98,82,16,16
69508,108,93,15,15
69509,109,90,19,19
69510,85,72,13,13
69511,74,71,3,3
69512,74,68,6,6
69513,88,89,-1,1
69514,128,112,16,16
69515,93,81,12,12
69516,140,127,13,13
69517,109,94,15,15
69518,58,48,10,10
69519,73,58,15,15
69520,86,76,10,10
69521,94,80,14,14
69522,332,286,46,46
69523,112,91,21,21
69524,48,41,7,7
69525,73,67,6,6
69526,116,100,16,16
69527,105,85,20,20
69528,65,61,4,4
69529,108,93,15,15
69530,83,82,1,1
69531,81,77,4,4
69532,155,154,1,1
69533,110,86,24,24
69534,120,100,20,20
69535,92,77,15,15
69536,152,130,22,22
69537,131,124,7,7
69538,48,56,-8,8
69539,68,60,8,8
69540,74,63,11,11
69541,86,87,-1,1
69542,148,144,4,4
69543,188,168,20,20
69544,79,83,-4,4
69545,125,104,21,21
69546,95,76,19,19
69547,63,52,11,11
69548,78,65,13,13
69549,116,101,15,15
69550,83,77,6,6
69551,68,62,6,6
69552,104,105,-1,1
69553,107,95,12,12
69554,93,76,17,17
69555,115,103,12,12
69556,105,77,28,28
69557,76,85,-9,9
69558,129,105,24,24
69559,53,45,8,8
69560,78,78,0,0
69561,108,87,21,21
69562,39,41,-2,2
69563,81,65,16,16
69564,122,118,4,4
69565,74,63,11,11
69566,63,57,6,6
69567,115,100,15,15
69568,119,111,8,8
69569,130,114,16,16
69570,103,114,-11,11
69571,107,102,5,5
69572,69,71,-2,2
69573,130,109,21,21
69574,98,102,-4,4
69575,126,104,22,22
69576,119,94,25,25
69577,86,82,4,4
69578,211,187,24,24
69579,82,75,7,7
69580,64,55,9,9
69581,96,67,29,29
69582,63,55,8,8
69583,102,93,9,9
69584,119,111,8,8
69585,82,81,1,1
69586,119,102,17,17
69587,64,58,6,6
69588,48,44,4,4
69589,140,122,18,18
69590,112,99,13,13
69591,93,99,-6,6
69592,88,81,7,7
69593,93,80,13,13
69594,60,53,7,7
69595,66,60,6,6
69596,48,42,6,6
69597,101,85,16,16
69598,54,51,3,3
69599,99,85,14,14
69600,81,70,11,11
69601,155,136,19,19
69602,80,65,15,15
69603,69,61,8,8
69604,65,67,-2,2
69605,81,82,-1,1
69606,100,93,7,7
69607,89,90,-1,1
69608,86,77,9,9
69609,107,101,6,6
69610,61,58,3,3
69611,59,45,14,14
69612,51,50,1,1
69613,147,139,8,8
69614,127,105,22,22
69615,130,125,5,5
69616,53,43,10,10
69617,117,86,31,31
69618,132,116,16,16
69619,119,103,16,16
69620,107,82,25,25
69621,79,84,-5,5
69622,157,142,15,15
69623,125,100,25,25
69624,60,55,5,5
69625,79,61,18,18
69626,80,75,5,5
69627,151,122,29,29
69628,109,89,20,20
69629,64,60,4,4
69630,111,90,21,21
69631,44,49,-5,5
69632,95,75,20,20
69633,137,119,18,18
69634,121,90,31,31
69635,51,52,-1,1
69636,53,49,4,4
69637,93,82,11,11
69638,91,84,7,7
69639,125,104,21,21
69640,59,52,7,7
69641,63,57,6,6
69642,111,89,22,22
69643,117,108,9,9
69644,74,65,9,9
69645,117,111,6,6
69646,65,56,9,9
69647,100,85,15,15
69648,227,199,28,28
69649,145,156,-11,11
69650,82,77,5,5
69651,93,73,20,20
69652,120,117,3,3
69653,122,100,22,22
69654,121,104,17,17
69655,106,85,21,21
69656,95,90,5,5
69657,71,66,5,5
69658,64,65,-1,1
69659,103,95,8,8
69660,66,74,-8,8
69661,60,59,1,1
69662,85,76,9,9
69663,110,100,10,10
69664,109,99,10,10
69665,80,81,-1,1
69666,80,61,19,19
69667,147,135,12,12
69668,107,104,3,3
69669,61,56,5,5
69670,163,148,15,15
69671,60,49,11,11
69672,85,75,10,10
69673,152,147,5,5
69674,90,80,10,10
69675,81,70,11,11
69676,76,66,10,10
69677,95,81,14,14
69678,70,64,6,6
69679,101,86,15,15
69680,65,57,8,8
69681,78,77,1,1
69682,94,88,6,6
69683,69,61,8,8
69684,161,147,14,14
69685,97,94,3,3
69686,66,64,2,2
69687,171,145,26,26
69688,93,72,21,21
69689,98,81,17,17
69690,101,94,7,7
69691,97,85,12,12
69692,74,69,5,5
69693,88,70,18,18
69694,184,165,19,19
69695,74,73,1,1
69696,65,69,-4,4
69697,193,168,25,25
69698,103,87,16,16
69699,57,53,4,4
69700,113,120,-7,7
69701,145,155,-10,10
69702,60,55,5,5
69703,128,127,1,1
69704,89,76,13,13
69705,80,71,9,9
69706,79,65,14,14
69707,114,100,14,14
69708,200,172,28,28
69709,133,119,14,14
69710,114,98,16,16
69711,125,104,21,21
69712,82,73,9,9
69713,90,74,16,16
69714,95,86,9,9
69715,140,131,9,9
69716,96,91,5,5
69717,186,168,18,18
69718,89,89,0,0
69719,57,58,-1,1
69720,76,69,7,7
69721,64,57,7,7
69722,138,118,20,20
69723,97,79,18,18
69724,95,92,3,3
69725,157,146,11,11
69726,76,67,9,9
69727,77,71,6,6
69728,110,99,11,11
69729,191,154,37,37
69730,70,65,5,5
69731,100,102,-2,2
69732,98,93,5,5
69733,64,65,-1,1
69734,106,93,13,13
69735,95,89,6,6
69736,70,64,6,6
69737,132,106,26,26
69738,43,29,14,14
69739,177,145,32,32
69740,59,54,5,5
69741,42,40,2,2
69742,40,33,7,7
69743,82,50,32,32
69744,79,78,1,1
69745,62,65,-3,3
69746,108,93,15,15
69747,103,101,2,2
69748,92,83,9,9
69749,63,59,4,4
69750,65,62,3,3
69751,144,134,10,10
69752,92,81,11,11
69753,129,116,13,13
69754,137,128,9,9
69755,122,117,5,5
69756,48,55,-7,7
69757,85,63,22,22
69758,90,85,5,5
69759,82,65,17,17
69760,112,93,19,19
69761,85,80,5,5
69762,91,75,16,16
69763,78,72,6,6
69764,69,59,10,10
69765,121,99,22,22
69766,68,59,9,9
69767,131,121,10,10
69768,89,78,11,11
69769,93,80,13,13
69770,54,44,10,10
69771,136,127,9,9
69772,35,60,-25,25
69773,178,146,32,32
69774,105,89,16,16
69775,145,136,9,9
69776,75,72,3,3
69777,117,97,20,20
69778,63,53,10,10
69779,132,120,12,12
69780,100,93,7,7
69781,67,60,7,7
69782,47,46,1,1
69783,128,103,25,25
69784,119,113,6,6
69785,119,109,10,10
69786,93,73,20,20
69787,121,109,12,12
69788,79,65,14,14
69789,166,144,22,22
69790,87,75,12,12
69791,85,78,7,7
69792,80,70,10,10
69793,68,63,5,5
69794,131,122,9,9
69795,124,109,15,15
69796,146,137,9,9
69797,71,61,10,10
69798,89,86,3,3
69799,60,61,-1,1
69800,64,57,7,7
69801,63,63,0,0
69802,61,56,5,5
69803,119,97,22,22
69804,83,79,4,4
69805,96,90,6,6
69806,116,121,-5,5
69807,122,108,14,14
69808,102,85,17,17
69809,85,77,8,8
69810,129,121,8,8
69811,109,90,19,19
69812,41,34,7,7
69813,95,91,4,4
69814,131,103,28,28
69815,98,70,28,28
69816,105,86,19,19
69817,35,38,-3,3
69818,65,59,6,6
69819,69,61,8,8
69820,72,60,12,12
69821,101,90,11,11
69822,86,76,10,10
69823,103,94,9,9
69824,110,90,20,20
69825,77,56,21,21
69826,98,67,31,31
69827,107,91,16,16
69828,72,72,0,0
69829,109,100,9,9
69830,68,55,13,13
69831,64,52,12,12
69832,158,141,17,17
69833,112,109,3,3
69834,71,75,-4,4
69835,119,102,17,17
69836,63,56,7,7
69837,66,60,6,6
69838,90,78,12,12
69839,114,108,6,6
69840,81,81,0,0
69841,136,112,24,24
69842,92,81,11,11
69843,46,53,-7,7
69844,48,43,5,5
69845,99,79,20,20
69846,63,56,7,7
69847,113,98,15,15
69848,77,71,6,6
69849,95,89,6,6
69850,95,84,11,11
69851,92,86,6,6
69852,77,69,8,8
69853,108,96,12,12
69854,80,69,11,11
69855,106,90,16,16
69856,193,172,21,21
69857,138,114,24,24
69858,146,134,12,12
69859,146,134,12,12
69860,121,102,19,19
69861,134,110,24,24
69862,92,82,10,10
69863,109,96,13,13
69864,94,90,4,4
69865,96,91,5,5
69866,105,109,-4,4
69867,124,115,9,9
69868,101,86,15,15
69869,63,68,-5,5
69870,91,85,6,6
69871,75,74,1,1
69872,89,88,1,1
69873,134,121,13,13
69874,130,108,22,22
69875,71,73,-2,2
69876,152,140,12,12
69877,79,58,21,21
69878,82,66,16,16
69879,80,72,8,8
69880,51,48,3,3
69881,134,122,12,12
69882,120,96,24,24
69883,88,75,13,13
69884,66,65,1,1
69885,40,42,-2,2
69886,81,69,12,12
69887,125,101,24,24
69888,57,54,3,3
69889,127,108,19,19
69890,70,55,15,15
69891,144,87,57,57
69892,100,99,1,1
69893,190,155,35,35
69894,79,71,8,8
69895,95,61,34,34
69896,86,65,21,21
69897,75,52,23,23
69898,108,95,13,13
69899,74,65,9,9
69900,110,108,2,2
69901,121,102,19,19
69902,75,70,5,5
69903,193,157,36,36
69904,102,87,15,15
69905,83,80,3,3
69906,161,149,12,12
69907,43,49,-6,6
69908,157,167,-10,10
69909,152,146,6,6
69910,166,143,23,23
69911,61,50,11,11
69912,123,108,15,15
69913,77,58,19,19
69914,76,62,14,14
69915,103,99,4,4
69916,73,64,9,9
69917,94,83,11,11
69918,71,69,2,2
69919,69,66,3,3
69920,46,43,3,3
69921,59,50,9,9
69922,109,90,19,19
69923,166,161,5,5
69924,65,58,7,7
69925,97,83,14,14
69926,170,146,24,24
69927,76,70,6,6
69928,79,74,5,5
69929,84,80,4,4
69930,36,30,6,6
69931,149,140,9,9
69932,61,52,9,9
69933,109,99,10,10
69934,160,133,27,27
69935,96,79,17,17
69936,139,130,9,9
69937,59,53,6,6
69938,52,38,14,14
69939,148,122,26,26
69940,90,67,23,23
69941,68,52,16,16
69942,60,58,2,2
69943,110,100,10,10
69944,80,90,-10,10
69945,37,32,5,5
69946,75,76,-1,1
69947,62,67,-5,5
69948,66,61,5,5
69949,99,96,3,3
69950,105,88,17,17
69951,165,140,25,25
69952,164,149,15,15
69953,93,86,7,7
69954,58,69,-11,11
69955,93,80,13,13
69956,37,37,0,0
69957,68,67,1,1
69958,122,112,10,10
69959,36,30,6,6
69960,109,100,9,9
69961,111,95,16,16
69962,39,41,-2,2
69963,139,124,15,15
69964,109,100,9,9
69965,169,157,12,12
69966,138,126,12,12
69967,104,110,-6,6
69968,170,170,0,0
69969,66,58,8,8
69970,154,141,13,13
69971,46,44,2,2
69972,136,112,24,24
69973,81,72,9,9
69974,390,288,102,102
69975,88,73,15,15
69976,66,68,-2,2
69977,69,61,8,8
69978,48,50,-2,2
69979,136,112,24,24
69980,85,74,11,11
69981,73,64,9,9
69982,128,125,3,3
69983,90,87,3,3
69984,105,98,7,7
69985,127,111,16,16
69986,102,96,6,6
69987,111,99,12,12
69988,110,88,22,22
69989,92,77,15,15
69990,66,93,-27,27
69991,103,91,12,12
69992,111,95,16,16
69993,120,111,9,9
69994,96,91,5,5
69995,141,127,14,14
69996,89,92,-3,3
69997,66,59,7,7
69998,95,78,17,17
69999,83,84,-1,1
70000,62,50,12,12
70001,136,129,7,7
70002,99,86,13,13
70003,78,68,10,10
70004,79,80,-1,1
70005,86,73,13,13
70006,70,62,8,8
70007,128,118,10,10
70008,100,67,33,33
70009,116,92,24,24
70010,165,161,4,4
70011,125,108,17,17
70012,63,76,-13,13
70013,93,93,0,0
70014,135,112,23,23
70015,61,53,8,8
70016,55,58,-3,3
70017,95,80,15,15
70018,98,83,15,15
70019,54,48,6,6
70020,85,77,8,8
70021,96,80,16,16
70022,132,107,25,25
70023,81,75,6,6
70024,57,52,5,5
70025,71,59,12,12
70026,92,80,12,12
70027,99,80,19,19
70028,87,74,13,13
70029,116,86,30,30
70030,46,46,0,0
70031,29,27,2,2
70032,163,159,4,4
70033,110,94,16,16
70034,68,58,10,10
70035,62,52,10,10
70036,60,51,9,9
70037,91,89,2,2
70038,35,32,3,3
70039,61,62,-1,1
70040,101,79,22,22
70041,135,119,16,16
70042,169,161,8,8
70043,122,101,21,21
70044,182,158,24,24
70045,86,81,5,5
70046,121,103,18,18
70047,65,55,10,10
70048,84,80,4,4
70049,98,83,15,15
70050,61,60,1,1
70051,71,63,8,8
70052,54,54,0,0
70053,130,106,24,24
70054,47,45,2,2
70055,78,71,7,7
70056,83,65,18,18
70057,119,97,22,22
70058,86,70,16,16
70059,92,85,7,7
70060,76,64,12,12
70061,80,76,4,4
70062,103,84,19,19
70063,113,100,13,13
70064,79,74,5,5
70065,68,63,5,5
70066,115,100,15,15
70067,62,59,3,3
70068,107,106,1,1
70069,115,94,21,21
70070,138,127,11,11
70071,115,108,7,7
70072,117,97,20,20
70073,92,128,-36,36
70074,122,104,18,18
70075,54,50,4,4
70076,76,69,7,7
70077,96,83,13,13
70078,57,52,5,5
70079,108,100,8,8
70080,104,95,9,9
70081,107,91,16,16
70082,66,54,12,12
70083,57,56,1,1
70084,72,61,11,11
70085,63,84,-21,21
70086,119,109,10,10
70087,123,104,19,19
70088,86,78,8,8
70089,121,95,26,26
70090,72,53,19,19
70091,70,63,7,7
70092,84,67,17,17
70093,72,72,0,0
70094,61,51,10,10
70095,128,102,26,26
70096,90,85,5,5
70097,138,138,0,0
70098,80,72,8,8
70099,134,94,40,40
70100,135,123,12,12
70101,108,90,18,18
70102,114,99,15,15
70103,87,79,8,8
70104,29,38,-9,9
70105,84,75,9,9
70106,139,123,16,16
70107,126,104,22,22
70108,61,53,8,8
70109,22,31,-9,9
70110,61,65,-4,4
70111,74,76,-2,2
70112,120,104,16,16
70113,69,56,13,13
70114,61,56,5,5
70115,88,81,7,7
70116,102,92,10,10
70117,107,97,10,10
70118,103,92,11,11
70119,89,81,8,8
70120,134,122,12,12
70121,52,54,-2,2
70122,63,83,-20,20
70123,116,96,20,20
70124,123,114,9,9
70125,101,88,13,13
70126,58,53,5,5
70127,95,86,9,9
70128,66,56,10,10
70129,69,61,8,8
70130,107,89,18,18
70131,118,117,1,1
70132,155,125,30,30
70133,75,65,10,10
70134,103,85,18,18
70135,81,67,14,14
70136,94,83,11,11
70137,64,54,10,10
70138,135,119,16,16
70139,116,125,-9,9
70140,213,171,42,42
70141,87,78,9,9
70142,109,115,-6,6
70143,149,135,14,14
70144,81,85,-4,4
70145,78,67,11,11
70146,62,51,11,11
70147,73,70,3,3
70148,68,57,11,11
70149,103,76,27,27
70150,121,98,23,23
70151,165,137,28,28
70152,105,88,17,17
70153,71,59,12,12
70154,139,134,5,5
70155,75,92,-17,17
70156,146,143,3,3
70157,88,83,5,5
70158,184,166,18,18
70159,122,101,21,21
70160,50,62,-12,12
70161,98,89,9,9
70162,28,67,-39,39
70163,68,56,12,12
70164,34,31,3,3
70165,88,71,17,17
70166,87,84,3,3
70167,91,78,13,13
70168,97,86,11,11
70169,93,64,29,29
70170,46,40,6,6
70171,63,56,7,7
70172,54,54,0,0
70173,68,63,5,5
70174,100,104,-4,4
70175,51,50,1,1
70176,92,88,4,4
70177,111,104,7,7
70178,66,56,10,10
70179,60,67,-7,7
70180,66,57,9,9
70181,130,105,25,25
70182,125,99,26,26
70183,134,123,11,11
70184,139,127,12,12
70185,105,98,7,7
70186,70,61,9,9
70187,106,90,16,16
70188,146,123,23,23
70189,144,131,13,13
70190,108,113,-5,5
70191,77,71,6,6
70192,99,83,16,16
70193,79,72,7,7
70194,65,61,4,4
70195,65,71,-6,6
70196,89,87,2,2
70197,128,105,23,23
70198,95,109,-14,14
70199,131,129,2,2
70200,48,40,8,8
70201,127,105,22,22
70202,102,95,7,7
70203,127,110,17,17
70204,53,49,4,4
70205,148,123,25,25
70206,173,149,24,24
70207,110,94,16,16
70208,61,53,8,8
70209,65,58,7,7
70210,83,73,10,10
70211,125,115,10,10
70212,94,81,13,13
70213,82,67,15,15
70214,95,78,17,17
70215,48,51,-3,3
70216,112,102,10,10
70217,74,62,12,12
70218,114,97,17,17
70219,64,58,6,6
70220,109,90,19,19
70221,163,141,22,22
70222,136,125,11,11
70223,218,182,36,36
70224,114,96,18,18
70225,152,135,17,17
70226,115,107,8,8
70227,70,67,3,3
70228,76,65,11,11
70229,101,91,10,10
70230,122,103,19,19
70231,95,77,18,18
70232,112,130,-18,18
70233,114,100,14,14
70234,93,81,12,12
70235,56,59,-3,3
70236,110,110,0,0
70237,97,87,10,10
70238,86,86,0,0
70239,87,76,11,11
70240,55,55,0,0
70241,183,181,2,2
70242,99,89,10,10
70243,102,91,11,11
70244,113,98,15,15
70245,95,86,9,9
70246,191,158,33,33
70247,82,75,7,7
70248,55,45,10,10
70249,60,56,4,4
70250,81,70,11,11
70251,87,76,11,11
70252,142,134,8,8
70253,97,76,21,21
70254,116,91,25,25
70255,73,64,9,9
70256,87,83,4,4
70257,102,84,18,18
70258,57,53,4,4
70259,56,57,-1,1
70260,193,153,40,40
70261,99,92,7,7
70262,61,57,4,4
70263,90,79,11,11
70264,129,123,6,6
70265,86,76,10,10
70266,68,70,-2,2
70267,106,81,25,25
70268,101,101,0,0
70269,139,121,18,18
70270,97,95,2,2
70271,79,75,4,4
70272,54,55,-1,1
70273,47,47,0,0
70274,119,98,21,21
70275,93,81,12,12
70276,70,63,7,7
70277,109,98,11,11
70278,55,64,-9,9
70279,127,125,2,2
70280,76,69,7,7
70281,35,34,1,1
70282,66,59,7,7
70283,72,63,9,9
70284,91,92,-1,1
70285,128,124,4,4
70286,123,113,10,10
70287,129,115,14,14
70288,106,87,19,19
70289,84,80,4,4
70290,99,73,26,26
70291,59,48,11,11
70292,54,58,-4,4
70293,120,105,15,15
70294,188,154,34,34
70295,83,75,8,8
70296,146,116,30,30
70297,69,63,6,6
70298,58,51,7,7
70299,173,142,31,31
70300,131,107,24,24
70301,150,128,22,22
70302,115,102,13,13
70303,107,86,21,21
70304,131,124,7,7
70305,101,92,9,9
70306,105,83,22,22
70307,104,95,9,9
70308,138,116,22,22
70309,62,55,7,7
70310,88,84,4,4
70311,44,39,5,5
70312,116,106,10,10
70313,84,70,14,14
70314,80,89,-9,9
70315,112,100,12,12
70316,85,75,10,10
70317,82,64,18,18
70318,101,94,7,7
70319,123,97,26,26
70320,137,116,21,21
70321,112,81,31,31
70322,72,66,6,6
70323,100,87,13,13
70324,106,91,15,15
70325,64,47,17,17
70326,115,97,18,18
70327,44,40,4,4
70328,112,98,14,14
70329,113,98,15,15
70330,203,169,34,34
70331,113,88,25,25
70332,154,133,21,21
70333,88,83,5,5
70334,88,90,-2,2
70335,56,51,5,5
70336,116,107,9,9
70337,104,91,13,13
70338,96,83,13,13
70339,99,90,9,9
70340,98,98,0,0
70341,128,126,2,2
70342,79,65,14,14
70343,97,97,0,0
70344,68,63,5,5
70345,93,71,22,22
70346,99,90,9,9
70347,68,65,3,3
70348,83,68,15,15
70349,85,75,10,10
70350,89,86,3,3
70351,95,83,12,12
70352,133,116,17,17
70353,86,76,10,10
70354,94,81,13,13
70355,63,62,1,1
70356,134,121,13,13
70357,79,78,1,1
70358,55,48,7,7
70359,82,76,6,6
70360,60,59,1,1
70361,63,64,-1,1
70362,179,154,25,25
70363,127,112,15,15
70364,65,54,11,11
70365,101,92,9,9
70366,112,98,14,14
70367,66,64,2,2
70368,104,91,13,13
70369,80,86,-6,6
70370,84,65,19,19
70371,57,55,2,2
70372,55,48,7,7
70373,134,115,19,19
70374,125,106,19,19
70375,83,73,10,10
70376,66,59,7,7
70377,59,73,-14,14
70378,117,104,13,13
70379,103,120,-17,17
70380,101,82,19,19
70381,128,116,12,12
70382,92,87,5,5
70383,167,140,27,27
70384,79,72,7,7
70385,121,105,16,16
70386,85,67,18,18
70387,80,59,21,21
70388,26,29,-3,3
70389,52,52,0,0
70390,58,61,-3,3
70391,137,121,16,16
70392,48,49,-1,1
70393,138,117,21,21
70394,81,58,23,23
70395,132,116,16,16
70396,111,96,15,15
70397,115,105,10,10
70398,129,117,12,12
70399,125,112,13,13
70400,138,150,-12,12
70401,51,49,2,2
70402,131,129,2,2
70403,164,157,7,7
70404,107,81,26,26
70405,102,89,13,13
70406,66,58,8,8
70407,59,55,4,4
70408,60,50,10,10
70409,145,126,19,19
70410,143,130,13,13
70411,121,112,9,9
70412,98,92,6,6
70413,107,82,25,25
70414,69,58,11,11
70415,154,140,14,14
70416,93,86,7,7
70417,93,87,6,6
70418,41,33,8,8
70419,103,99,4,4
70420,81,73,8,8
70421,105,88,17,17
70422,60,50,10,10
70423,90,85,5,5
70424,76,65,11,11
70425,98,88,10,10
70426,70,60,10,10
70427,49,51,-2,2
70428,113,97,16,16
70429,45,50,-5,5
70430,109,95,14,14
70431,53,54,-1,1
70432,98,70,28,28
70433,70,58,12,12
70434,91,76,15,15
70435,126,106,20,20
70436,68,47,21,21
70437,54,67,-13,13
70438,99,79,20,20
70439,85,80,5,5
70440,85,68,17,17
70441,93,86,7,7
70442,69,59,10,10
70443,59,51,8,8
70444,47,53,-6,6
70445,83,74,9,9
70446,103,98,5,5
70447,93,78,15,15
70448,125,122,3,3
70449,97,85,12,12
70450,103,100,3,3
70451,79,71,8,8
70452,103,103,0,0
70453,132,112,20,20
70454,165,150,15,15
70455,132,117,15,15
70456,88,80,8,8
70457,92,82,10,10
70458,75,69,6,6
70459,108,91,17,17
70460,98,85,13,13
70461,133,139,-6,6
70462,75,60,15,15
70463,187,170,17,17
70464,123,109,14,14
70465,63,69,-6,6
70466,92,95,-3,3
70467,117,103,14,14
70468,98,80,18,18
70469,247,211,36,36
70470,98,91,7,7
70471,102,79,23,23
70472,66,62,4,4
70473,62,52,10,10
70474,84,76,8,8
70475,52,49,3,3
70476,107,91,16,16
70477,155,132,23,23
70478,118,107,11,11
70479,150,142,8,8
70480,112,93,19,19
70481,106,94,12,12
70482,61,53,8,8
70483,101,93,8,8
70484,80,62,18,18
70485,65,72,-7,7
70486,86,71,15,15
70487,74,61,13,13
70488,163,137,26,26
70489,100,95,5,5
70490,44,40,4,4
70491,86,66,20,20
70492,119,103,16,16
70493,80,68,12,12
70494,57,56,1,1
70495,136,108,28,28
70496,113,105,8,8
70497,75,68,7,7
70498,41,40,1,1
70499,125,130,-5,5
70500,77,65,12,12
70501,97,81,16,16
70502,159,144,15,15
70503,43,39,4,4
70504,47,40,7,7
70505,53,50,3,3
70506,141,118,23,23
70507,79,72,7,7
70508,74,64,10,10
70509,117,105,12,12
70510,39,44,-5,5
70511,74,71,3,3
70512,131,121,10,10
70513,95,86,9,9
70514,152,123,29,29
70515,80,74,6,6
70516,125,98,27,27
70517,114,109,5,5
70518,113,95,18,18
70519,58,61,-3,3
70520,98,83,15,15
70521,135,115,20,20
70522,88,89,-1,1
70523,147,133,14,14
70524,83,71,12,12
70525,145,131,14,14
70526,144,133,11,11
70527,142,119,23,23
70528,65,62,3,3
70529,59,54,5,5
70530,116,104,12,12
70531,51,47,4,4
70532,48,42,6,6
70533,113,109,4,4
70534,87,66,21,21
70535,72,69,3,3
70536,100,89,11,11
70537,66,58,8,8
70538,106,103,3,3
70539,128,106,22,22
70540,71,56,15,15
70541,69,67,2,2
70542,117,120,-3,3
70543,125,114,11,11
70544,105,93,12,12
70545,43,34,9,9
70546,154,144,10,10
70547,77,68,9,9
70548,104,95,9,9
70549,112,97,15,15
70550,84,71,13,13
70551,69,60,9,9
70552,135,113,22,22
70553,130,108,22,22
70554,117,112,5,5
70555,47,49,-2,2
70556,114,106,8,8
70557,100,91,9,9
70558,129,124,5,5
70559,59,53,6,6
70560,159,140,19,19
70561,61,50,11,11
70562,51,47,4,4
70563,92,78,14,14
70564,73,65,8,8
70565,98,74,24,24
70566,117,102,15,15
70567,100,99,1,1
70568,54,66,-12,12
70569,76,61,15,15
70570,132,120,12,12
70571,178,129,49,49
70572,91,83,8,8
70573,127,103,24,24
70574,75,64,11,11
70575,70,63,7,7
70576,124,111,13,13
70577,125,118,7,7
70578,80,72,8,8
70579,59,59,0,0
70580,82,81,1,1
70581,130,117,13,13
70582,82,80,2,2
70583,93,76,17,17
70584,82,77,5,5
70585,160,137,23,23
70586,83,72,11,11
70587,128,105,23,23
70588,123,100,23,23
70589,98,87,11,11
70590,104,88,16,16
70591,109,92,17,17
70592,48,39,9,9
70593,62,57,5,5
70594,63,53,10,10
70595,63,59,4,4
70596,115,96,19,19
70597,94,80,14,14
70598,94,89,5,5
70599,91,81,10,10
70600,141,134,7,7
70601,162,140,22,22
70602,91,86,5,5
70603,88,81,7,7
70604,117,114,3,3
70605,52,48,4,4
70606,57,55,2,2
70607,106,83,23,23
70608,77,76,1,1
70609,58,54,4,4
70610,85,70,15,15
70611,110,96,14,14
70612,74,70,4,4
70613,97,80,17,17
70614,58,55,3,3
70615,92,86,6,6
70616,97,89,8,8
70617,73,65,8,8
70618,89,84,5,5
70619,108,94,14,14
70620,129,113,16,16
70621,83,70,13,13
70622,97,82,15,15
70623,88,79,9,9
70624,88,73,15,15
70625,74,68,6,6
70626,103,96,7,7
70627,93,77,16,16
70628,39,37,2,2
70629,168,145,23,23
70630,102,82,20,20
70631,77,77,0,0
70632,209,195,14,14
70633,88,75,13,13
70634,88,80,8,8
70635,95,92,3,3
70636,113,96,17,17
70637,109,100,9,9
70638,93,87,6,6
70639,167,143,24,24
70640,55,65,-10,10
70641,115,100,15,15
70642,101,92,9,9
70643,52,55,-3,3
70644,155,140,15,15
70645,47,50,-3,3
70646,123,114,9,9
70647,71,62,9,9
70648,109,102,7,7
70649,63,63,0,0
70650,132,137,-5,5
70651,74,69,5,5
70652,89,91,-2,2
70653,131,117,14,14
70654,71,64,7,7
70655,100,77,23,23
70656,76,77,-1,1
70657,67,62,5,5
70658,121,99,22,22
70659,45,56,-11,11
70660,79,59,20,20
70661,145,131,14,14
70662,242,192,50,50
70663,64,56,8,8
70664,146,125,21,21
70665,80,71,9,9
70666,135,128,7,7
70667,94,81,13,13
70668,88,71,17,17
70669,119,108,11,11
70670,129,110,19,19
70671,86,74,12,12
70672,60,49,11,11
70673,148,144,4,4
70674,43,50,-7,7
70675,41,37,4,4
70676,272,226,46,46
70677,116,88,28,28
70678,86,71,15,15
70679,69,67,2,2
70680,51,46,5,5
70681,80,69,11,11
70682,83,73,10,10
70683,108,93,15,15
70684,66,56,10,10
70685,178,163,15,15
70686,138,129,9,9
70687,124,100,24,24
70688,58,51,7,7
70689,93,83,10,10
70690,135,115,20,20
70691,98,77,21,21
70692,91,75,16,16
70693,83,69,14,14
70694,192,168,24,24
70695,119,94,25,25
70696,44,46,-2,2
70697,83,79,4,4
70698,75,72,3,3
70699,216,191,25,25
70700,178,159,19,19
70701,81,74,7,7
70702,56,60,-4,4
70703,85,74,11,11
70704,87,74,13,13
70705,77,66,11,11
70706,73,69,4,4
70707,122,110,12,12
70708,169,141,28,28
70709,155,129,26,26
70710,111,97,14,14
70711,37,41,-4,4
70712,116,110,6,6
70713,107,95,12,12
70714,63,60,3,3
70715,97,80,17,17
70716,108,86,22,22
70717,94,84,10,10
70718,56,55,1,1
70719,49,40,9,9
70720,87,82,5,5
70721,110,99,11,11
70722,89,80,9,9
70723,87,72,15,15
70724,127,115,12,12
70725,82,72,10,10
70726,58,48,10,10
70727,69,67,2,2
70728,66,50,16,16
70729,62,74,-12,12
70730,80,77,3,3
70731,62,55,7,7
70732,46,40,6,6
70733,48,63,-15,15
70734,77,66,11,11
70735,99,106,-7,7
70736,98,89,9,9
70737,87,80,7,7
70738,63,61,2,2
70739,114,107,7,7
70740,121,116,5,5
70741,70,67,3,3
70742,118,95,23,23
70743,116,106,10,10
70744,89,84,5,5
70745,100,91,9,9
70746,249,240,9,9
70747,202,170,32,32
70748,152,135,17,17
70749,140,120,20,20
70750,162,140,22,22
70751,90,77,13,13
70752,132,105,27,27
70753,79,61,18,18
70754,73,64,9,9
70755,115,95,20,20
70756,188,168,20,20
70757,72,66,6,6
70758,112,102,10,10
70759,131,114,17,17
70760,128,113,15,15
70761,125,113,12,12
70762,133,114,19,19
70763,159,138,21,21
70764,96,83,13,13
70765,85,78,7,7
70766,103,89,14,14
70767,74,61,13,13
70768,139,127,12,12
70769,114,101,13,13
70770,35,41,-6,6
70771,56,56,0,0
70772,85,82,3,3
70773,111,88,23,23
70774,107,98,9,9
70775,138,128,10,10
70776,79,66,13,13
70777,89,79,10,10
70778,97,80,17,17
70779,88,73,15,15
70780,77,72,5,5
70781,83,67,16,16
70782,138,126,12,12
70783,109,98,11,11
70784,58,58,0,0
70785,65,61,4,4
70786,97,89,8,8
70787,95,83,12,12
70788,93,80,13,13
70789,80,79,1,1
70790,88,71,17,17
70791,104,99,5,5
70792,72,69,3,3
70793,75,62,13,13
70794,88,79,9,9
70795,104,101,3,3
70796,70,62,8,8
70797,83,79,4,4
70798,108,91,17,17
70799,84,73,11,11
70800,91,87,4,4
70801,115,103,12,12
70802,80,79,1,1
70803,122,116,6,6
70804,116,101,15,15
70805,119,103,16,16
70806,105,86,19,19
70807,80,76,4,4
70808,63,74,-11,11
70809,108,103,5,5
70810,73,63,10,10
70811,116,107,9,9
70812,101,82,19,19
70813,78,71,7,7
70814,137,127,10,10
70815,94,91,3,3
70816,63,58,5,5
70817,122,124,-2,2
70818,145,126,19,19
70819,110,92,18,18
70820,86,73,13,13
70821,160,140,20,20
70822,149,130,19,19
70823,93,81,12,12
70824,77,61,16,16
70825,43,42,1,1
70826,85,82,3,3
70827,85,67,18,18
70828,71,61,10,10
70829,68,64,4,4
70830,85,79,6,6
70831,74,74,0,0
70832,152,147,5,5
70833,161,138,23,23
70834,130,123,7,7
70835,83,69,14,14
70836,102,93,9,9
70837,96,96,0,0
70838,111,102,9,9
70839,41,38,3,3
70840,54,53,1,1
70841,119,104,15,15
70842,89,70,19,19
70843,105,86,19,19
70844,163,145,18,18
70845,102,93,9,9
70846,90,78,12,12
70847,52,63,-11,11
70848,61,55,6,6
70849,84,87,-3,3
70850,87,82,5,5
70851,56,62,-6,6
70852,86,89,-3,3
70853,153,136,17,17
70854,130,110,20,20
70855,171,148,23,23
70856,81,81,0,0
70857,76,66,10,10
70858,82,82,0,0
70859,114,111,3,3
70860,103,96,7,7
70861,98,89,9,9
70862,130,118,12,12
70863,145,114,31,31
70864,66,73,-7,7
70865,136,109,27,27
70866,96,97,-1,1
70867,35,40,-5,5
70868,77,68,9,9
70869,108,87,21,21
70870,91,93,-2,2
70871,68,65,3,3
70872,114,104,10,10
70873,38,37,1,1
70874,123,91,32,32
70875,81,74,7,7
70876,96,83,13,13
70877,89,72,17,17
70878,129,133,-4,4
70879,93,80,13,13
70880,57,51,6,6
70881,81,68,13,13
70882,137,114,23,23
70883,83,68,15,15
70884,97,86,11,11
70885,100,89,11,11
70886,83,75,8,8
70887,94,81,13,13
70888,87,90,-3,3
70889,154,140,14,14
70890,126,105,21,21
70891,74,65,9,9
70892,87,83,4,4
70893,62,63,-1,1
70894,61,53,8,8
70895,94,75,19,19
70896,91,74,17,17
70897,67,60,7,7
70898,87,76,11,11
70899,58,60,-2,2
70900,126,107,19,19
70901,102,87,15,15
70902,97,90,7,7
70903,60,54,6,6
70904,84,76,8,8
70905,168,116,52,52
70906,89,79,10,10
70907,60,53,7,7
70908,99,94,5,5
70909,119,98,21,21
70910,90,79,11,11
70911,150,136,14,14
70912,95,87,8,8
70913,79,69,10,10
70914,45,44,1,1
70915,101,88,13,13
70916,123,105,18,18
70917,145,131,14,14
70918,56,53,3,3
70919,83,76,7,7
70920,48,45,3,3
70921,65,62,3,3
70922,102,98,4,4
70923,75,66,9,9
70924,194,184,10,10
70925,55,55,0,0
70926,61,55,6,6
70927,97,84,13,13
70928,123,115,8,8
70929,47,46,1,1
70930,99,106,-7,7
70931,88,80,8,8
70932,65,57,8,8
70933,71,67,4,4
70934,140,124,16,16
70935,113,96,17,17
70936,70,62,8,8
70937,123,116,7,7
70938,113,90,23,23
70939,170,140,30,30
70940,101,94,7,7
70941,113,93,20,20
70942,102,83,19,19
70943,74,69,5,5
70944,73,67,6,6
70945,90,86,4,4
70946,62,55,7,7
70947,104,111,-7,7
70948,119,106,13,13
70949,71,59,12,12
70950,129,125,4,4
70951,48,43,5,5
70952,149,143,6,6
70953,63,58,5,5
70954,115,103,12,12
70955,110,101,9,9
70956,93,108,-15,15
70957,100,90,10,10
70958,90,82,8,8
70959,46,49,-3,3
70960,126,112,14,14
70961,99,87,12,12
70962,65,55,10,10
70963,77,69,8,8
70964,70,58,12,12
70965,82,83,-1,1
70966,91,83,8,8
70967,142,121,21,21
70968,73,64,9,9
70969,146,129,17,17
70970,106,93,13,13
70971,185,170,15,15
70972,72,62,10,10
70973,119,95,24,24
70974,56,55,1,1
70975,110,96,14,14
70976,94,83,11,11
70977,79,80,-1,1
70978,50,41,9,9
70979,86,74,12,12
70980,73,63,10,10
70981,81,71,10,10
70982,68,62,6,6
70983,69,64,5,5
70984,135,110,25,25
70985,162,121,41,41
70986,107,94,13,13
70987,74,69,5,5
70988,61,59,2,2
70989,101,85,16,16
70990,70,59,11,11
70991,101,108,-7,7
70992,61,58,3,3
70993,103,92,11,11
70994,47,99,-52,52
70995,87,76,11,11
70996,73,69,4,4
70997,100,80,20,20
70998,97,81,16,16
70999,75,69,6,6
71000,77,67,10,10
71001,59,55,4,4
71002,136,126,10,10
71003,44,42,2,2
71004,149,123,26,26
71005,85,81,4,4
71006,132,122,10,10
71007,54,49,5,5
71008,98,81,17,17
71009,102,98,4,4
71010,122,110,12,12
71011,70,59,11,11
71012,121,116,5,5
71013,86,77,9,9
71014,99,88,11,11
71015,71,60,11,11
71016,113,99,14,14
71017,100,89,11,11
71018,61,55,6,6
71019,69,66,3,3
71020,103,103,0,0
71021,122,126,-4,4
71022,90,73,17,17
71023,113,92,21,21
71024,99,97,2,2
71025,100,81,19,19
71026,77,72,5,5
71027,84,72,12,12
71028,101,85,16,16
71029,86,76,10,10
71030,43,45,-2,2
71031,73,71,2,2
71032,128,112,16,16
71033,81,62,19,19
71034,67,51,16,16
71035,137,117,20,20
71036,77,68,9,9
71037,52,51,1,1
71038,103,101,2,2
71039,107,100,7,7
71040,101,85,16,16
71041,80,70,10,10
71042,114,104,10,10
71043,112,104,8,8
71044,118,94,24,24
71045,110,98,12,12
71046,88,74,14,14
71047,63,78,-15,15
71048,125,100,25,25
71049,126,104,22,22
71050,68,68,0,0
71051,59,60,-1,1
71052,69,63,6,6
71053,90,74,16,16
71054,108,101,7,7
71055,80,74,6,6
71056,63,57,6,6
71057,52,48,4,4
71058,72,72,0,0
71059,76,70,6,6
71060,92,80,12,12
71061,133,145,-12,12
71062,65,64,1,1
71063,69,63,6,6
71064,121,103,18,18
71065,92,80,12,12
71066,67,60,7,7
71067,134,115,19,19
71068,81,70,11,11
71069,68,71,-3,3
71070,67,59,8,8
71071,52,48,4,4
71072,107,94,13,13
71073,120,105,15,15
71074,133,123,10,10
71075,150,125,25,25
71076,124,126,-2,2
71077,86,79,7,7
71078,29,32,-3,3
71079,170,141,29,29
71080,88,72,16,16
71081,158,136,22,22
71082,58,52,6,6
71083,129,112,17,17
71084,94,86,8,8
71085,116,105,11,11
71086,159,141,18,18
71087,86,72,14,14
71088,174,160,14,14
71089,104,87,17,17
71090,90,74,16,16
71091,101,87,14,14
71092,107,98,9,9
71093,133,106,27,27
71094,70,61,9,9
71095,100,89,11,11
71096,174,162,12,12
71097,41,42,-1,1
71098,85,77,8,8
71099,76,65,11,11
71100,73,69,4,4
71101,131,116,15,15
71102,83,73,10,10
71103,88,84,4,4
71104,128,117,11,11
71105,86,80,6,6
71106,163,148,15,15
71107,104,94,10,10
71108,50,47,3,3
71109,114,86,28,28
71110,108,98,10,10
71111,72,67,5,5
71112,63,58,5,5
71113,51,45,6,6
71114,94,85,9,9
71115,76,63,13,13
71116,39,33,6,6
71117,100,83,17,17
71118,64,57,7,7
71119,87,76,11,11
71120,112,96,16,16
71121,105,95,10,10
71122,84,77,7,7
71123,135,120,15,15
71124,66,58,8,8
71125,164,150,14,14
71126,53,55,-2,2
71127,131,109,22,22
71128,97,84,13,13
71129,44,48,-4,4
71130,85,77,8,8
71131,58,45,13,13
71132,105,99,6,6
71133,51,47,4,4
71134,67,63,4,4
71135,82,87,-5,5
71136,100,86,14,14
71137,154,126,28,28
71138,89,86,3,3
71139,88,73,15,15
71140,104,82,22,22
71141,82,71,11,11
71142,97,83,14,14
71143,87,91,-4,4
71144,71,55,16,16
71145,87,83,4,4
71146,71,68,3,3
71147,168,148,20,20
71148,124,104,20,20
71149,75,64,11,11
71150,137,102,35,35
71151,131,116,15,15
71152,161,154,7,7
71153,80,72,8,8
71154,109,97,12,12
71155,65,55,10,10
71156,152,141,11,11
71157,120,103,17,17
71158,116,106,10,10
71159,82,89,-7,7
71160,214,181,33,33
71161,75,66,9,9
71162,95,80,15,15
71163,120,100,20,20
71164,126,113,13,13
71165,112,98,14,14
71166,115,116,-1,1
71167,94,81,13,13
71168,84,77,7,7
71169,99,92,7,7
71170,69,60,9,9
71171,62,51,11,11
71172,106,98,8,8
71173,110,92,18,18
71174,78,73,5,5
71175,161,173,-12,12
71176,140,94,46,46
71177,83,88,-5,5
71178,110,93,17,17
71179,50,49,1,1
71180,160,135,25,25
71181,93,76,17,17
71182,161,150,11,11
71183,37,37,0,0
71184,58,52,6,6
71185,109,109,0,0
71186,99,93,6,6
71187,124,131,-7,7
71188,65,56,9,9
71189,113,94,19,19
71190,114,110,4,4
71191,127,106,21,21
71192,99,79,20,20
71193,83,70,13,13
71194,74,69,5,5
71195,112,107,5,5
71196,76,72,4,4
71197,86,75,11,11
71198,59,58,1,1
71199,185,146,39,39
71200,113,85,28,28
71201,90,80,10,10
71202,60,65,-5,5
71203,136,107,29,29
71204,94,82,12,12
71205,100,86,14,14
71206,93,80,13,13
71207,80,72,8,8
71208,138,108,30,30
71209,123,109,14,14
71210,84,78,6,6
71211,96,91,5,5
71212,123,108,15,15
71213,46,74,-28,28
71214,54,52,2,2
71215,135,122,13,13
71216,135,109,26,26
71217,79,72,7,7
71218,127,107,20,20
71219,75,70,5,5
71220,43,47,-4,4
71221,107,78,29,29
71222,86,70,16,16
71223,114,109,5,5
71224,56,49,7,7
71225,80,70,10,10
71226,86,71,15,15
71227,62,52,10,10
71228,78,60,18,18
71229,158,147,11,11
71230,96,102,-6,6
71231,88,79,9,9
71232,62,53,9,9
71233,116,97,19,19
71234,103,98,5,5
71235,108,107,1,1
71236,96,83,13,13
71237,65,56,9,9
71238,64,60,4,4
71239,136,112,24,24
71240,92,87,5,5
71241,66,65,1,1
71242,106,96,10,10
71243,168,142,26,26
71244,91,83,8,8
71245,90,85,5,5
71246,83,71,12,12
71247,198,169,29,29
71248,98,92,6,6
71249,116,90,26,26
71250,77,75,2,2
71251,95,87,8,8
71252,113,101,12,12
71253,102,92,10,10
71254,54,52,2,2
71255,138,130,8,8
71256,76,69,7,7
71257,58,50,8,8
71258,74,64,10,10
71259,93,84,9,9
71260,56,69,-13,13
71261,139,133,6,6
71262,169,153,16,16
71263,131,118,13,13
71264,64,41,23,23
71265,89,85,4,4
71266,111,93,18,18
71267,149,132,17,17
71268,86,73,13,13
71269,67,72,-5,5
71270,54,57,-3,3
71271,47,47,0,0
71272,43,45,-2,2
71273,90,84,6,6
71274,139,113,26,26
71275,62,56,6,6
71276,67,65,2,2
71277,75,71,4,4
71278,87,74,13,13
71279,82,71,11,11
71280,41,43,-2,2
71281,86,77,9,9
71282,151,129,22,22
71283,87,76,11,11
71284,107,96,11,11
71285,67,62,5,5
71286,90,90,0,0
71287,133,115,18,18
71288,42,39,3,3
71289,124,104,20,20
71290,66,62,4,4
71291,74,66,8,8
71292,54,51,3,3
71293,123,106,17,17
71294,137,125,12,12
71295,67,54,13,13
71296,113,106,7,7
71297,103,85,18,18
71298,161,135,26,26
71299,114,97,17,17
71300,112,96,16,16
71301,103,91,12,12
71302,112,102,10,10
71303,123,117,6,6
71304,65,58,7,7
71305,97,82,15,15
71306,68,57,11,11
71307,69,56,13,13
71308,69,57,12,12
71309,143,123,20,20
71310,107,96,11,11
71311,59,66,-7,7
71312,125,108,17,17
71313,57,55,2,2
71314,108,102,6,6
71315,86,77,9,9
71316,98,86,12,12
71317,82,72,10,10
71318,87,109,-22,22
71319,65,59,6,6
71320,96,82,14,14
71321,60,54,6,6
71322,77,69,8,8
71323,81,71,10,10
71324,147,132,15,15
71325,75,60,15,15
71326,75,64,11,11
71327,85,83,2,2
71328,94,84,10,10
71329,158,143,15,15
71330,103,73,30,30
71331,125,103,22,22
71332,119,131,-12,12
71333,109,97,12,12
71334,64,56,8,8
71335,74,69,5,5
71336,33,31,2,2
71337,104,93,11,11
71338,73,65,8,8
71339,148,115,33,33
71340,57,55,2,2
71341,62,53,9,9
71342,143,127,16,16
71343,96,100,-4,4
71344,61,56,5,5
71345,126,114,12,12
71346,66,73,-7,7
71347,97,96,1,1
71348,58,55,3,3
71349,85,78,7,7
71350,207,168,39,39
71351,114,96,18,18
71352,105,92,13,13
71353,92,84,8,8
71354,80,70,10,10
71355,97,83,14,14
71356,93,80,13,13
71357,55,48,7,7
71358,89,74,15,15
71359,116,103,13,13
71360,98,88,10,10
71361,79,64,15,15
71362,127,116,11,11
71363,112,92,20,20
71364,131,102,29,29
71365,92,88,4,4
71366,81,73,8,8
71367,236,201,35,35
71368,110,111,-1,1
71369,66,63,3,3
71370,100,95,5,5
71371,98,90,8,8
71372,118,96,22,22
71373,91,84,7,7
71374,162,135,27,27
71375,77,65,12,12
71376,67,62,5,5
71377,131,116,15,15
71378,103,94,9,9
71379,57,54,3,3
71380,93,75,18,18
71381,72,74,-2,2
71382,67,52,15,15
71383,49,51,-2,2
71384,72,61,11,11
71385,56,50,6,6
71386,154,176,-22,22
71387,72,70,2,2
71388,44,44,0,0
71389,97,86,11,11
71390,173,132,41,41
71391,151,130,21,21
71392,92,80,12,12
71393,41,53,-12,12
71394,101,96,5,5
71395,151,124,27,27
71396,112,91,21,21
71397,82,74,8,8
71398,147,126,21,21
71399,104,82,22,22
71400,156,133,23,23
71401,69,58,11,11
71402,88,82,6,6
71403,49,48,1,1
71404,72,64,8,8
71405,87,77,10,10
71406,83,69,14,14
71407,78,62,16,16
71408,109,99,10,10
71409,118,115,3,3
71410,146,180,-34,34
71411,95,81,14,14
71412,139,120,19,19
71413,112,108,4,4
71414,74,70,4,4
71415,101,96,5,5
71416,69,63,6,6
71417,60,50,10,10
71418,52,48,4,4
71419,70,62,8,8
71420,52,43,9,9
71421,93,87,6,6
71422,75,69,6,6
71423,50,49,1,1
71424,64,64,0,0
71425,167,135,32,32
71426,59,56,3,3
71427,117,107,10,10
71428,97,88,9,9
71429,93,85,8,8
71430,70,68,2,2
71431,91,73,18,18
71432,52,47,5,5
71433,97,95,2,2
71434,66,49,17,17
71435,91,80,11,11
71436,72,97,-25,25
71437,113,95,18,18
71438,91,77,14,14
71439,50,57,-7,7
71440,85,88,-3,3
71441,167,151,16,16
71442,78,72,6,6
71443,149,130,19,19
71444,102,86,16,16
71445,116,101,15,15
71446,69,69,0,0
71447,63,56,7,7
71448,108,103,5,5
71449,81,72,9,9
71450,82,72,10,10
71451,113,103,10,10
71452,83,80,3,3
71453,97,81,16,16
71454,78,87,-9,9
71455,102,93,9,9
71456,109,101,8,8
71457,64,65,-1,1
71458,98,86,12,12
71459,156,126,30,30
71460,126,114,12,12
71461,90,80,10,10
71462,122,107,15,15
71463,67,62,5,5
71464,60,52,8,8
71465,60,60,0,0
71466,73,64,9,9
71467,135,126,9,9
71468,116,102,14,14
71469,92,78,14,14
71470,116,105,11,11
71471,76,61,15,15
71472,137,118,19,19
71473,38,46,-8,8
71474,212,176,36,36
71475,115,102,13,13
71476,170,148,22,22
71477,140,145,-5,5
71478,194,153,41,41
71479,119,101,18,18
71480,46,50,-4,4
71481,67,59,8,8
71482,114,98,16,16
71483,107,114,-7,7
71484,83,92,-9,9
71485,103,84,19,19
71486,75,73,2,2
71487,117,126,-9,9
71488,59,54,5,5
71489,68,81,-13,13
71490,117,107,10,10
71491,142,117,25,25
71492,50,46,4,4
71493,72,65,7,7
71494,114,117,-3,3
71495,161,144,17,17
71496,104,89,15,15
71497,241,200,41,41
71498,72,65,7,7
71499,89,84,5,5
71500,76,68,8,8
71501,97,87,10,10
71502,93,78,15,15
71503,73,59,14,14
71504,67,48,19,19
71505,89,81,8,8
71506,91,82,9,9
71507,112,101,11,11
71508,156,142,14,14
71509,59,53,6,6
71510,71,69,2,2
71511,35,31,4,4
71512,60,54,6,6
71513,151,144,7,7
71514,83,75,8,8
71515,114,106,8,8
71516,66,54,12,12
71517,68,67,1,1
71518,128,113,15,15
71519,168,131,37,37
71520,84,73,11,11
71521,87,76,11,11
71522,94,81,13,13
71523,44,51,-7,7
71524,93,87,6,6
71525,135,114,21,21
71526,80,71,9,9
71527,105,90,15,15
71528,86,83,3,3
71529,115,102,13,13
71530,183,157,26,26
71531,120,103,17,17
71532,25,33,-8,8
71533,53,47,6,6
71534,131,103,28,28
71535,164,141,23,23
71536,74,66,8,8
71537,125,110,15,15
71538,91,90,1,1
71539,106,84,22,22
71540,95,81,14,14
71541,75,62,13,13
71542,114,95,19,19
71543,70,60,10,10
71544,89,72,17,17
71545,37,37,0,0
71546,90,74,16,16
71547,60,46,14,14
71548,106,100,6,6
71549,59,58,1,1
71550,114,111,3,3
71551,69,62,7,7
71552,96,88,8,8
71553,90,87,3,3
71554,132,127,5,5
71555,117,108,9,9
71556,78,73,5,5
71557,63,66,-3,3
71558,96,94,2,2
71559,132,97,35,35
71560,83,69,14,14
71561,114,98,16,16
71562,109,91,18,18
71563,97,80,17,17
71564,81,73,8,8
71565,95,82,13,13
71566,82,76,6,6
71567,127,121,6,6
71568,108,97,11,11
71569,91,92,-1,1
71570,87,75,12,12
71571,92,79,13,13
71572,165,140,25,25
71573,85,75,10,10
71574,50,52,-2,2
71575,62,52,10,10
71576,97,90,7,7
71577,87,80,7,7
71578,66,54,12,12
71579,76,65,11,11
71580,75,68,7,7
71581,172,151,21,21
71582,45,50,-5,5
71583,86,81,5,5
71584,73,77,-4,4
71585,189,154,35,35
71586,65,61,4,4
71587,76,69,7,7
71588,95,86,9,9
71589,95,78,17,17
71590,87,81,6,6
71591,108,98,10,10
71592,91,70,21,21
71593,69,77,-8,8
71594,141,134,7,7
71595,75,70,5,5
71596,82,76,6,6
71597,55,47,8,8
71598,55,61,-6,6
71599,121,107,14,14
71600,55,44,11,11
71601,131,108,23,23
71602,111,92,19,19
71603,52,54,-2,2
71604,141,118,23,23
71605,82,74,8,8
71606,49,47,2,2
71607,67,69,-2,2
71608,65,54,11,11
71609,116,109,7,7
71610,112,103,9,9
71611,117,102,15,15
71612,137,121,16,16
71613,95,91,4,4
71614,59,55,4,4
71615,84,82,2,2
71616,89,70,19,19
71617,137,125,12,12
71618,194,164,30,30
71619,144,116,28,28
71620,106,87,19,19
71621,122,100,22,22
71622,67,64,3,3
71623,104,97,7,7
71624,114,99,15,15
71625,84,80,4,4
71626,49,56,-7,7
71627,232,172,60,60
71628,79,68,11,11
71629,101,92,9,9
71630,105,93,12,12
71631,104,94,10,10
71632,221,170,51,51
71633,124,95,29,29
71634,154,133,21,21
71635,110,96,14,14
71636,75,68,7,7
71637,175,150,25,25
71638,162,152,10,10
71639,169,139,30,30
71640,82,84,-2,2
71641,69,62,7,7
71642,63,56,7,7
71643,101,94,7,7
71644,59,55,4,4
71645,123,115,8,8
71646,105,101,4,4
71647,99,81,18,18
71648,58,59,-1,1
71649,103,87,16,16
71650,77,75,2,2
71651,64,53,11,11
71652,49,47,2,2
71653,96,79,17,17
71654,78,80,-2,2
71655,124,118,6,6
71656,66,76,-10,10
71657,163,140,23,23
71658,140,134,6,6
71659,77,69,8,8
71660,55,56,-1,1
71661,64,56,8,8
71662,73,83,-10,10
71663,86,81,5,5
71664,87,75,12,12
71665,80,77,3,3
71666,74,70,4,4
71667,69,54,15,15
71668,118,107,11,11
71669,74,72,2,2
71670,162,147,15,15
71671,63,61,2,2
71672,88,80,8,8
71673,105,91,14,14
71674,70,56,14,14
71675,86,81,5,5
71676,82,73,9,9
71677,181,168,13,13
71678,60,52,8,8
71679,139,126,13,13
71680,45,32,13,13
71681,84,75,9,9
71682,87,72,15,15
71683,94,78,16,16
71684,94,86,8,8
71685,102,113,-11,11
71686,82,73,9,9
71687,102,81,21,21
71688,51,46,5,5
71689,91,76,15,15
71690,92,83,9,9
71691,119,108,11,11
71692,98,94,4,4
71693,92,77,15,15
71694,144,127,17,17
71695,117,110,7,7
71696,61,53,8,8
71697,55,44,11,11
71698,89,75,14,14
71699,83,74,9,9
71700,122,100,22,22
71701,101,94,7,7
71702,71,68,3,3
71703,183,167,16,16
71704,79,72,7,7
71705,68,73,-5,5
71706,124,107,17,17
71707,96,80,16,16
71708,82,72,10,10
71709,99,99,0,0
71710,145,114,31,31
71711,143,129,14,14
71712,131,123,8,8
71713,83,74,9,9
71714,118,118,0,0
71715,65,62,3,3
71716,52,52,0,0
71717,78,68,10,10
71718,76,66,10,10
71719,142,116,26,26
71720,90,77,13,13
71721,64,53,11,11
71722,70,64,6,6
71723,81,78,3,3
71724,155,134,21,21
71725,94,101,-7,7
71726,64,57,7,7
71727,83,72,11,11
71728,112,97,15,15
71729,112,86,26,26
71730,132,116,16,16
71731,84,68,16,16
71732,63,60,3,3
71733,78,76,2,2
71734,143,122,21,21
71735,71,66,5,5
71736,94,84,10,10
71737,75,67,8,8
71738,54,57,-3,3
71739,81,64,17,17
71740,72,68,4,4
71741,95,81,14,14
71742,136,117,19,19
71743,89,77,12,12
71744,66,64,2,2
71745,95,82,13,13
71746,85,76,9,9
71747,114,105,9,9
71748,70,60,10,10
71749,70,73,-3,3
71750,115,107,8,8
71751,139,126,13,13
71752,104,89,15,15
71753,65,59,6,6
71754,145,124,21,21
71755,108,93,15,15
71756,81,73,8,8
71757,85,65,20,20
71758,59,59,0,0
71759,146,138,8,8
71760,89,93,-4,4
71761,94,87,7,7
71762,82,73,9,9
71763,58,56,2,2
71764,78,73,5,5
71765,92,69,23,23
71766,65,58,7,7
71767,100,85,15,15
71768,126,111,15,15
71769,115,96,19,19
71770,64,53,11,11
71771,67,65,2,2
71772,114,90,24,24
71773,73,67,6,6
71774,86,73,13,13
71775,92,78,14,14
71776,393,351,42,42
71777,121,125,-4,4
71778,77,76,1,1
71779,106,80,26,26
71780,81,72,9,9
71781,99,71,28,28
71782,150,138,12,12
71783,98,88,10,10
71784,107,98,9,9
71785,59,46,13,13
71786,53,44,9,9
71787,99,86,13,13
71788,138,123,15,15
71789,58,57,1,1
71790,85,74,11,11
71791,129,112,17,17
71792,60,51,9,9
71793,67,56,11,11
71794,107,92,15,15
71795,42,44,-2,2
71796,73,68,5,5
71797,81,77,4,4
71798,154,118,36,36
71799,84,73,11,11
71800,67,61,6,6
71801,62,51,11,11
71802,93,78,15,15
71803,119,104,15,15
71804,112,96,16,16
71805,146,129,17,17
71806,45,41,4,4
71807,127,109,18,18
71808,87,77,10,10
71809,122,109,13,13
71810,83,68,15,15
71811,116,103,13,13
71812,95,92,3,3
71813,101,92,9,9
71814,132,116,16,16
71815,116,99,17,17
71816,79,64,15,15
71817,94,79,15,15
71818,131,110,21,21
71819,61,53,8,8
71820,66,59,7,7
71821,78,72,6,6
71822,145,135,10,10
71823,166,148,18,18
71824,88,73,15,15
71825,99,82,17,17
71826,85,79,6,6
71827,62,60,2,2
71828,85,77,8,8
71829,103,93,10,10
71830,123,136,-13,13
71831,43,47,-4,4
71832,89,85,4,4
71833,61,58,3,3
71834,65,57,8,8
71835,81,71,10,10
71836,77,66,11,11
71837,118,104,14,14
71838,53,48,5,5
71839,90,69,21,21
71840,101,107,-6,6
71841,88,78,10,10
71842,136,124,12,12
71843,142,122,20,20
71844,79,64,15,15
71845,124,112,12,12
71846,69,60,9,9
71847,55,49,6,6
71848,84,76,8,8
71849,34,31,3,3
71850,86,70,16,16
71851,67,53,14,14
71852,234,191,43,43
71853,175,153,22,22
71854,50,47,3,3
71855,75,62,13,13
71856,61,54,7,7
71857,103,89,14,14
71858,59,55,4,4
71859,83,86,-3,3
71860,50,48,2,2
71861,89,79,10,10
71862,65,69,-4,4
71863,140,113,27,27
71864,158,144,14,14
71865,113,94,19,19
71866,118,111,7,7
71867,172,140,32,32
71868,119,111,8,8
71869,106,96,10,10
71870,146,134,12,12
71871,72,66,6,6
71872,84,76,8,8
71873,78,74,4,4
71874,58,49,9,9
71875,85,68,17,17
71876,137,117,20,20
71877,86,105,-19,19
71878,78,73,5,5
71879,88,87,1,1
71880,108,89,19,19
71881,104,83,21,21
71882,77,81,-4,4
71883,101,88,13,13
71884,109,97,12,12
71885,84,73,11,11
71886,70,60,10,10
71887,134,123,11,11
71888,51,40,11,11
71889,128,115,13,13
71890,103,101,2,2
71891,76,72,4,4
71892,101,99,2,2
71893,92,85,7,7
71894,72,67,5,5
71895,68,65,3,3
71896,84,75,9,9
71897,88,78,10,10
71898,119,113,6,6
71899,56,45,11,11
71900,31,30,1,1
71901,91,84,7,7
71902,163,145,18,18
71903,124,106,18,18
71904,71,59,12,12
71905,101,85,16,16
71906,112,134,-22,22
71907,103,92,11,11
71908,74,66,8,8
71909,57,53,4,4
71910,137,124,13,13
71911,124,101,23,23
71912,77,79,-2,2
71913,83,72,11,11
71914,66,71,-5,5
71915,110,90,20,20
71916,65,59,6,6
71917,98,88,10,10
71918,87,76,11,11
71919,90,74,16,16
71920,140,125,15,15
71921,116,102,14,14
71922,128,109,19,19
71923,73,64,9,9
71924,155,166,-11,11
71925,96,92,4,4
71926,115,105,10,10
71927,63,59,4,4
71928,57,45,12,12
71929,113,108,5,5
71930,104,83,21,21
71931,53,55,-2,2
71932,62,50,12,12
71933,53,50,3,3
71934,71,66,5,5
71935,76,67,9,9
71936,117,101,16,16
71937,57,58,-1,1
71938,79,63,16,16
71939,69,75,-6,6
71940,78,66,12,12
71941,40,57,-17,17
71942,58,66,-8,8
71943,105,89,16,16
71944,87,92,-5,5
71945,118,95,23,23
71946,101,103,-2,2
71947,32,34,-2,2
71948,75,68,7,7
71949,112,100,12,12
71950,112,90,22,22
71951,124,120,4,4
71952,68,62,6,6
71953,72,60,12,12
71954,52,50,2,2
71955,84,77,7,7
71956,78,67,11,11
71957,106,80,26,26
71958,126,114,12,12
71959,103,92,11,11
71960,110,83,27,27
71961,91,75,16,16
71962,149,126,23,23
71963,55,48,7,7
71964,113,98,15,15
71965,72,61,11,11
71966,79,74,5,5
71967,125,109,16,16
71968,126,103,23,23
71969,156,151,5,5
71970,69,59,10,10
71971,59,50,9,9
71972,92,99,-7,7
71973,65,58,7,7
71974,94,83,11,11
71975,76,78,-2,2
71976,145,127,18,18
71977,141,127,14,14
71978,71,67,4,4
71979,91,79,12,12
71980,56,58,-2,2
71981,107,99,8,8
71982,73,63,10,10
71983,120,125,-5,5
71984,109,64,45,45
71985,125,106,19,19
71986,80,69,11,11
71987,55,52,3,3
71988,92,85,7,7
71989,125,107,18,18
71990,74,66,8,8
71991,65,69,-4,4
71992,85,77,8,8
71993,41,41,0,0
71994,73,76,-3,3
71995,133,90,43,43
71996,48,45,3,3
71997,81,68,13,13
71998,109,107,2,2
71999,98,87,11,11
72000,123,108,15,15
72001,103,98,5,5
72002,79,75,4,4
72003,60,56,4,4
72004,93,85,8,8
72005,162,120,42,42
72006,121,102,19,19
72007,113,113,0,0
72008,64,61,3,3
72009,61,61,0,0
72010,110,95,15,15
72011,106,92,14,14
72012,111,95,16,16
72013,72,72,0,0
72014,50,43,7,7
72015,58,48,10,10
72016,112,108,4,4
72017,86,85,1,1
72018,77,67,10,10
72019,116,104,12,12
72020,77,68,9,9
72021,156,130,26,26
72022,94,87,7,7
72023,152,126,26,26
72024,153,137,16,16
72025,91,81,10,10
72026,114,100,14,14
72027,54,49,5,5
72028,68,59,9,9
72029,108,118,-10,10
72030,144,125,19,19
72031,122,105,17,17
72032,94,88,6,6
72033,100,82,18,18
72034,63,59,4,4
72035,109,95,14,14
72036,92,73,19,19
72037,104,88,16,16
72038,80,64,16,16
72039,83,70,13,13
72040,115,105,10,10
72041,149,134,15,15
72042,111,100,11,11
72043,64,66,-2,2
72044,117,95,22,22
72045,68,60,8,8
72046,98,78,20,20
72047,58,51,7,7
72048,109,89,20,20
72049,84,67,17,17
72050,59,55,4,4
72051,122,98,24,24
72052,67,61,6,6
72053,74,62,12,12
72054,65,61,4,4
72055,95,80,15,15
72056,90,80,10,10
72057,71,63,8,8
72058,46,37,9,9
72059,37,50,-13,13
72060,128,109,19,19
72061,110,96,14,14
72062,98,97,1,1
72063,55,47,8,8
72064,118,99,19,19
72065,28,28,0,0
72066,164,141,23,23
72067,97,90,7,7
72068,149,122,27,27
72069,100,82,18,18
72070,102,98,4,4
72071,99,87,12,12
72072,170,134,36,36
72073,124,116,8,8
72074,109,108,1,1
72075,146,122,24,24
72076,170,161,9,9
72077,85,59,26,26
72078,106,90,16,16
72079,96,86,10,10
72080,105,90,15,15
72081,116,96,20,20
72082,61,55,6,6
72083,114,103,11,11
72084,105,92,13,13
72085,163,154,9,9
72086,50,44,6,6
72087,141,113,28,28
72088,79,75,4,4
72089,129,112,17,17
72090,82,71,11,11
72091,61,58,3,3
72092,69,63,6,6
72093,62,67,-5,5
72094,93,79,14,14
72095,92,87,5,5
72096,91,94,-3,3
72097,45,45,0,0
72098,167,144,23,23
72099,71,61,10,10
72100,43,50,-7,7
72101,122,112,10,10
72102,73,60,13,13
72103,99,88,11,11
72104,82,70,12,12
72105,119,98,21,21
72106,135,110,25,25
72107,46,42,4,4
72108,102,85,17,17
72109,66,61,5,5
72110,159,152,7,7
72111,93,76,17,17
72112,93,77,16,16
72113,71,64,7,7
72114,106,77,29,29
72115,99,85,14,14
72116,145,145,0,0
72117,102,102,0,0
72118,146,130,16,16
72119,129,114,15,15
72120,105,105,0,0
72121,119,100,19,19
72122,49,45,4,4
72123,114,97,17,17
72124,137,125,12,12
72125,84,76,8,8
72126,63,56,7,7
72127,120,100,20,20
72128,63,54,9,9
72129,153,128,25,25
72130,73,70,3,3
72131,110,90,20,20
72132,178,160,18,18
72133,73,85,-12,12
72134,80,66,14,14
72135,98,86,12,12
72136,122,111,11,11
72137,122,109,13,13
72138,95,88,7,7
72139,100,93,7,7
72140,107,97,10,10
72141,86,68,18,18
72142,62,52,10,10
72143,77,70,7,7
72144,49,44,5,5
72145,68,62,6,6
72146,25,30,-5,5
72147,83,70,13,13
72148,54,43,11,11
72149,122,112,10,10
72150,115,103,12,12
72151,92,78,14,14
72152,120,117,3,3
72153,161,138,23,23
72154,100,86,14,14
72155,127,116,11,11
72156,56,53,3,3
72157,120,106,14,14
72158,319,265,54,54
72159,161,138,23,23
72160,120,97,23,23
72161,119,98,21,21
72162,119,91,28,28
72163,155,123,32,32
72164,90,80,10,10
72165,43,41,2,2
72166,67,52,15,15
72167,75,62,13,13
72168,86,74,12,12
72169,107,89,18,18
72170,109,97,12,12
72171,105,99,6,6
72172,120,113,7,7
72173,57,50,7,7
72174,81,79,2,2
72175,114,99,15,15
72176,101,88,13,13
72177,104,84,20,20
72178,105,84,21,21
72179,93,85,8,8
72180,117,103,14,14
72181,93,78,15,15
72182,60,53,7,7
72183,81,58,23,23
72184,96,83,13,13
72185,99,92,7,7
72186,88,71,17,17
72187,113,108,5,5
72188,91,92,-1,1
72189,142,121,21,21
72190,95,86,9,9
72191,79,75,4,4
72192,80,83,-3,3
72193,54,56,-2,2
72194,124,105,19,19
72195,86,82,4,4
72196,154,121,33,33
72197,77,72,5,5
72198,129,101,28,28
72199,196,159,37,37
72200,78,70,8,8
72201,63,60,3,3
72202,176,149,27,27
72203,102,93,9,9
72204,102,95,7,7
72205,92,80,12,12
72206,145,124,21,21
72207,64,59,5,5
72208,100,82,18,18
72209,96,103,-7,7
72210,96,76,20,20
72211,51,49,2,2
72212,61,69,-8,8
72213,129,110,19,19
72214,196,166,30,30
72215,61,54,7,7
72216,86,75,11,11
72217,69,71,-2,2
72218,121,102,19,19
72219,87,86,1,1
72220,105,84,21,21
72221,67,74,-7,7
72222,71,79,-8,8
72223,165,141,24,24
72224,132,113,19,19
72225,171,152,19,19
72226,81,67,14,14
72227,142,126,16,16
72228,75,67,8,8
72229,102,83,19,19
72230,86,82,4,4
72231,136,115,21,21
72232,63,54,9,9
72233,122,117,5,5
72234,89,82,7,7
72235,97,94,3,3
72236,67,58,9,9
72237,105,91,14,14
72238,64,54,10,10
72239,85,84,1,1
72240,99,92,7,7
72241,80,54,26,26
72242,115,97,18,18
72243,65,59,6,6
72244,104,81,23,23
72245,115,100,15,15
72246,147,133,14,14
72247,105,92,13,13
72248,141,125,16,16
72249,163,146,17,17
72250,129,108,21,21
72251,90,82,8,8
72252,73,69,4,4
72253,101,78,23,23
72254,103,94,9,9
72255,53,52,1,1
72256,67,62,5,5
72257,78,69,9,9
72258,75,65,10,10
72259,76,66,10,10
72260,105,93,12,12
72261,103,84,19,19
72262,108,99,9,9
72263,154,126,28,28
72264,84,79,5,5
72265,125,109,16,16
72266,71,60,11,11
72267,84,80,4,4
72268,81,72,9,9
72269,95,86,9,9
72270,249,199,50,50
72271,101,91,10,10
72272,69,63,6,6
72273,109,104,5,5
72274,76,68,8,8
72275,92,83,9,9
72276,56,52,4,4
72277,85,82,3,3
72278,51,47,4,4
72279,117,92,25,25
72280,74,66,8,8
72281,184,156,28,28
72282,82,78,4,4
72283,93,89,4,4
72284,87,69,18,18
72285,56,51,5,5
72286,65,56,9,9
72287,95,78,17,17
72288,112,105,7,7
72289,110,101,9,9
72290,137,124,13,13
72291,73,70,3,3
72292,128,108,20,20
72293,99,78,21,21
72294,133,116,17,17
72295,109,96,13,13
72296,74,76,-2,2
72297,99,79,20,20
72298,23,35,-12,12
72299,87,85,2,2
72300,175,153,22,22
72301,71,66,5,5
72302,64,62,2,2
72303,74,72,2,2
72304,127,111,16,16
72305,136,131,5,5
72306,114,101,13,13
72307,143,128,15,15
72308,115,102,13,13
72309,83,81,2,2
72310,118,104,14,14
72311,64,56,8,8
72312,94,87,7,7
72313,69,54,15,15
72314,142,124,18,18
72315,75,64,11,11
72316,58,51,7,7
72317,19,26,-7,7
72318,83,81,2,2
72319,59,52,7,7
72320,99,90,9,9
72321,69,74,-5,5
72322,95,80,15,15
72323,248,181,67,67
72324,129,112,17,17
72325,45,43,2,2
72326,129,119,10,10
72327,99,83,16,16
72328,98,87,11,11
72329,115,110,5,5
72330,136,125,11,11
72331,111,93,18,18
72332,98,92,6,6
72333,85,81,4,4
72334,141,127,14,14
72335,94,93,1,1
72336,94,85,9,9
72337,112,109,3,3
72338,107,95,12,12
72339,127,116,11,11
72340,113,91,22,22
72341,131,100,31,31
72342,69,68,1,1
72343,51,49,2,2
72344,148,128,20,20
72345,79,64,15,15
72346,108,99,9,9
72347,105,100,5,5
72348,82,90,-8,8
72349,152,149,3,3
72350,77,76,1,1
72351,96,96,0,0
72352,118,118,0,0
72353,176,155,21,21
72354,161,153,8,8
72355,74,62,12,12
72356,89,96,-7,7
72357,126,123,3,3
72358,105,93,12,12
72359,102,93,9,9
72360,74,73,1,1
72361,122,109,13,13
72362,80,74,6,6
72363,75,66,9,9
72364,148,133,15,15
72365,129,112,17,17
72366,68,61,7,7
72367,74,81,-7,7
72368,96,75,21,21
72369,88,76,12,12
72370,53,58,-5,5
72371,79,68,11,11
72372,78,67,11,11
72373,69,67,2,2
72374,134,111,23,23
72375,77,69,8,8
72376,144,116,28,28
72377,102,93,9,9
72378,112,117,-5,5
72379,122,104,18,18
72380,87,76,11,11
72381,111,107,4,4
72382,102,86,16,16
72383,73,69,4,4
72384,86,75,11,11
72385,74,68,6,6
72386,132,110,22,22
72387,128,116,12,12
72388,130,113,17,17
72389,62,58,4,4
72390,44,46,-2,2
72391,78,70,8,8
72392,95,84,11,11
72393,95,74,21,21
72394,116,104,12,12
72395,80,70,10,10
72396,57,53,4,4
72397,84,89,-5,5
72398,122,101,21,21
72399,115,109,6,6
72400,185,149,36,36
72401,144,107,37,37
72402,54,54,0,0
72403,125,112,13,13
72404,107,102,5,5
72405,140,133,7,7
72406,59,53,6,6
72407,64,61,3,3
72408,83,75,8,8
72409,56,48,8,8
72410,79,62,17,17
72411,58,50,8,8
72412,92,86,6,6
72413,138,126,12,12
72414,110,95,15,15
72415,197,165,32,32
72416,102,92,10,10
72417,75,63,12,12
72418,127,107,20,20
72419,95,90,5,5
72420,64,53,11,11
72421,68,69,-1,1
72422,174,154,20,20
72423,61,53,8,8
72424,74,62,12,12
72425,106,96,10,10
72426,60,57,3,3
72427,73,75,-2,2
72428,92,79,13,13
72429,189,153,36,36
72430,99,85,14,14
72431,147,128,19,19
72432,120,106,14,14
72433,75,71,4,4
72434,57,50,7,7
72435,56,48,8,8
72436,73,64,9,9
72437,67,61,6,6
72438,176,148,28,28
72439,131,117,14,14
72440,101,91,10,10
72441,77,62,15,15
72442,90,103,-13,13
72443,106,100,6,6
72444,120,109,11,11
72445,82,69,13,13
72446,117,105,12,12
72447,57,67,-10,10
72448,57,61,-4,4
72449,104,90,14,14
72450,85,73,12,12
72451,112,104,8,8
72452,89,81,8,8
72453,88,94,-6,6
72454,87,68,19,19
72455,103,111,-8,8
72456,151,126,25,25
72457,92,85,7,7
72458,98,81,17,17
72459,63,71,-8,8
72460,88,80,8,8
72461,85,75,10,10
72462,29,29,0,0
72463,88,90,-2,2
72464,105,100,5,5
72465,108,94,14,14
72466,69,54,15,15
72467,100,88,12,12
72468,67,62,5,5
72469,78,59,19,19
72470,97,92,5,5
72471,84,66,18,18
72472,57,61,-4,4
72473,124,104,20,20
72474,117,100,17,17
72475,101,84,17,17
72476,104,97,7,7
72477,97,98,-1,1
72478,69,57,12,12
72479,105,94,11,11
72480,78,78,0,0
72481,75,61,14,14
72482,67,51,16,16
72483,182,156,26,26
72484,49,51,-2,2
72485,89,82,7,7
72486,72,64,8,8
72487,97,89,8,8
72488,72,63,9,9
72489,66,60,6,6
72490,118,116,2,2
72491,49,48,1,1
72492,87,76,11,11
72493,157,124,33,33
72494,63,54,9,9
72495,69,64,5,5
72496,163,154,9,9
72497,221,195,26,26
72498,60,58,2,2
72499,97,90,7,7
72500,64,46,18,18
72501,87,89,-2,2
72502,101,91,10,10
72503,96,89,7,7
72504,111,103,8,8
72505,67,61,6,6
72506,112,102,10,10
72507,92,73,19,19
72508,90,90,0,0
72509,127,122,5,5
72510,62,57,5,5
72511,82,80,2,2
72512,131,104,27,27
72513,66,55,11,11
72514,122,115,7,7
72515,80,83,-3,3
72516,83,81,2,2
72517,71,71,0,0
72518,76,63,13,13
72519,130,123,7,7
72520,72,52,20,20
72521,51,49,2,2
72522,114,107,7,7
72523,62,61,1,1
72524,46,38,8,8
72525,58,57,1,1
72526,84,83,1,1
72527,69,63,6,6
72528,59,101,-42,42
72529,65,61,4,4
72530,175,159,16,16
72531,135,123,12,12
72532,106,94,12,12
72533,72,75,-3,3
72534,124,112,12,12
72535,126,108,18,18
72536,120,109,11,11
72537,92,82,10,10
72538,68,55,13,13
72539,109,95,14,14
72540,74,78,-4,4
72541,61,54,7,7
72542,96,84,12,12
72543,115,116,-1,1
72544,88,82,6,6
72545,112,100,12,12
72546,182,151,31,31
72547,156,135,21,21
72548,156,131,25,25
72549,103,77,26,26
72550,89,79,10,10
72551,114,94,20,20
72552,106,83,23,23
72553,85,68,17,17
72554,107,92,15,15
72555,75,66,9,9
72556,84,78,6,6
72557,120,110,10,10
72558,95,79,16,16
72559,48,39,9,9
72560,65,55,10,10
72561,59,60,-1,1
72562,85,69,16,16
72563,125,111,14,14
72564,89,78,11,11
72565,92,80,12,12
72566,131,124,7,7
72567,83,77,6,6
72568,81,69,12,12
72569,82,66,16,16
72570,66,59,7,7
72571,126,116,10,10
72572,167,138,29,29
72573,103,94,9,9
72574,119,103,16,16
72575,133,117,16,16
72576,138,130,8,8
72577,136,117,19,19
72578,57,51,6,6
72579,111,97,14,14
72580,75,69,6,6
72581,64,58,6,6
72582,111,101,10,10
72583,126,115,11,11
72584,147,124,23,23
72585,188,148,40,40
72586,123,54,69,69
72587,87,88,-1,1
72588,77,69,8,8
72589,82,67,15,15
72590,83,77,6,6
72591,69,71,-2,2
72592,136,130,6,6
72593,53,56,-3,3
72594,81,73,8,8
72595,124,114,10,10
72596,111,92,19,19
72597,120,106,14,14
72598,66,66,0,0
72599,68,61,7,7
72600,147,142,5,5
72601,193,157,36,36
72602,62,56,6,6
72603,113,101,12,12
72604,83,76,7,7
72605,114,108,6,6
72606,138,127,11,11
72607,63,64,-1,1
72608,153,125,28,28
72609,75,70,5,5
72610,104,84,20,20
72611,138,125,13,13
72612,86,67,19,19
72613,85,78,7,7
72614,132,121,11,11
72615,86,77,9,9
72616,60,60,0,0
72617,119,103,16,16
72618,233,189,44,44
72619,125,121,4,4
72620,128,109,19,19
72621,135,125,10,10
72622,92,76,16,16
72623,134,115,19,19
72624,108,96,12,12
72625,154,128,26,26
72626,149,132,17,17
72627,112,96,16,16
72628,117,104,13,13
72629,158,141,17,17
72630,83,72,11,11
72631,92,83,9,9
72632,80,67,13,13
72633,86,79,7,7
72634,23,28,-5,5
72635,90,80,10,10
72636,129,122,7,7
72637,122,108,14,14
72638,49,48,1,1
72639,58,56,2,2
72640,115,93,22,22
72641,92,80,12,12
72642,146,150,-4,4
72643,69,73,-4,4
72644,107,102,5,5
72645,152,130,22,22
72646,106,90,16,16
72647,78,70,8,8
72648,122,102,20,20
72649,97,95,2,2
72650,62,58,4,4
72651,125,109,16,16
72652,172,149,23,23
72653,73,66,7,7
72654,88,79,9,9
72655,69,66,3,3
72656,72,57,15,15
72657,87,77,10,10
72658,53,52,1,1
72659,65,61,4,4
72660,117,100,17,17
72661,105,99,6,6
72662,168,147,21,21
72663,83,84,-1,1
72664,65,62,3,3
72665,108,93,15,15
72666,45,43,2,2
72667,123,102,21,21
72668,62,62,0,0
72669,69,67,2,2
72670,65,58,7,7
72671,88,90,-2,2
72672,70,64,6,6
72673,115,101,14,14
72674,68,60,8,8
72675,109,97,12,12
72676,117,107,10,10
72677,68,64,4,4
72678,93,83,10,10
72679,76,67,9,9
72680,147,122,25,25
72681,124,108,16,16
72682,146,129,17,17
72683,104,103,1,1
72684,85,77,8,8
72685,107,79,28,28
72686,131,109,22,22
72687,71,61,10,10
72688,78,63,15,15
72689,69,64,5,5
72690,124,117,7,7
72691,101,80,21,21
72692,64,52,12,12
72693,69,61,8,8
72694,60,61,-1,1
72695,97,82,15,15
72696,78,70,8,8
72697,106,117,-11,11
72698,102,86,16,16
72699,102,90,12,12
72700,135,125,10,10
72701,84,84,0,0
72702,132,112,20,20
72703,81,75,6,6
72704,55,47,8,8
72705,80,71,9,9
72706,89,88,1,1
72707,218,371,-153,153
72708,68,57,11,11
72709,136,105,31,31
72710,78,70,8,8
72711,66,61,5,5
72712,115,103,12,12
72713,102,83,19,19
72714,64,60,4,4
72715,32,28,4,4
72716,61,53,8,8
72717,98,88,10,10
72718,87,67,20,20
72719,75,58,17,17
72720,131,110,21,21
72721,82,81,1,1
72722,102,84,18,18
72723,68,56,12,12
72724,129,113,16,16
72725,147,128,19,19
72726,54,52,2,2
72727,95,82,13,13
72728,181,157,24,24
72729,102,98,4,4
72730,49,48,1,1
72731,100,82,18,18
72732,72,66,6,6
72733,137,135,2,2
72734,57,49,8,8
72735,85,70,15,15
72736,69,62,7,7
72737,44,34,10,10
72738,102,91,11,11
72739,140,127,13,13
72740,59,57,2,2
72741,59,62,-3,3
72742,67,60,7,7
72743,96,89,7,7
72744,54,36,18,18
72745,81,69,12,12
72746,154,136,18,18
72747,134,128,6,6
72748,100,70,30,30
72749,104,88,16,16
72750,92,90,2,2
72751,63,57,6,6
72752,115,89,26,26
72753,55,51,4,4
72754,163,137,26,26
72755,122,114,8,8
72756,106,91,15,15
72757,90,87,3,3
72758,97,89,8,8
72759,69,62,7,7
72760,86,75,11,11
72761,87,79,8,8
72762,134,108,26,26
72763,83,83,0,0
72764,96,88,8,8
72765,75,62,13,13
72766,91,75,16,16
72767,74,61,13,13
72768,105,94,11,11
72769,109,96,13,13
72770,50,61,-11,11
72771,83,60,23,23
72772,101,85,16,16
72773,98,94,4,4
72774,78,70,8,8
72775,115,91,24,24
72776,151,128,23,23
72777,50,38,12,12
72778,111,102,9,9
72779,75,75,0,0
72780,191,166,25,25
72781,82,73,9,9
72782,133,113,20,20
72783,131,118,13,13
72784,69,64,5,5
72785,112,94,18,18
72786,52,47,5,5
72787,109,110,-1,1
72788,82,79,3,3
72789,106,100,6,6
72790,36,33,3,3
72791,84,74,10,10
72792,103,90,13,13
72793,56,56,0,0
72794,78,71,7,7
72795,69,61,8,8
72796,67,68,-1,1
72797,83,80,3,3
72798,103,95,8,8
72799,84,77,7,7
72800,68,64,4,4
72801,78,73,5,5
72802,118,101,17,17
72803,112,97,15,15
72804,108,99,9,9
72805,113,97,16,16
72806,116,89,27,27
72807,67,58,9,9
72808,110,102,8,8
72809,100,82,18,18
72810,111,91,20,20
72811,82,75,7,7
72812,157,140,17,17
72813,75,68,7,7
72814,102,90,12,12
72815,90,80,10,10
72816,60,56,4,4
72817,88,83,5,5
72818,96,85,11,11
72819,117,124,-7,7
72820,76,75,1,1
72821,166,137,29,29
72822,187,135,52,52
72823,73,58,15,15
72824,91,90,1,1
72825,125,112,13,13
72826,60,53,7,7
72827,91,78,13,13
72828,99,101,-2,2
72829,80,67,13,13
72830,125,111,14,14
72831,111,106,5,5
72832,54,46,8,8
72833,192,158,34,34
72834,159,136,23,23
72835,71,60,11,11
72836,80,73,7,7
72837,58,52,6,6
72838,78,63,15,15
72839,146,122,24,24
72840,73,60,13,13
72841,178,142,36,36
72842,94,84,10,10
72843,131,110,21,21
72844,70,55,15,15
72845,126,114,12,12
72846,84,75,9,9
72847,80,75,5,5
72848,214,174,40,40
72849,111,99,12,12
72850,134,124,10,10
72851,89,79,10,10
72852,124,129,-5,5
72853,112,94,18,18
72854,94,90,4,4
72855,110,96,14,14
72856,143,129,14,14
72857,70,61,9,9
72858,112,102,10,10
72859,88,78,10,10
72860,89,73,16,16
72861,78,68,10,10
72862,121,103,18,18
72863,69,62,7,7
72864,82,71,11,11
72865,137,157,-20,20
72866,116,105,11,11
72867,169,145,24,24
72868,108,88,20,20
72869,62,54,8,8
72870,66,74,-8,8
72871,126,108,18,18
72872,77,60,17,17
72873,170,146,24,24
72874,48,49,-1,1
72875,123,103,20,20
72876,135,118,17,17
72877,128,118,10,10
72878,108,98,10,10
72879,102,84,18,18
72880,89,79,10,10
72881,68,66,2,2
72882,83,69,14,14
72883,174,158,16,16
72884,130,103,27,27
72885,176,150,26,26
72886,87,87,0,0
72887,69,54,15,15
72888,69,67,2,2
72889,100,75,25,25
72890,164,141,23,23
72891,94,92,2,2
72892,82,69,13,13
72893,191,164,27,27
72894,99,93,6,6
72895,78,76,2,2
72896,68,60,8,8
72897,121,95,26,26
72898,128,114,14,14
72899,149,131,18,18
72900,164,140,24,24
72901,74,66,8,8
72902,67,57,10,10
72903,59,57,2,2
72904,100,104,-4,4
72905,62,66,-4,4
72906,100,95,5,5
72907,79,73,6,6
72908,137,145,-8,8
72909,74,70,4,4
72910,94,85,9,9
72911,119,84,35,35
72912,103,86,17,17
72913,95,85,10,10
72914,60,50,10,10
72915,111,97,14,14
72916,34,30,4,4
72917,78,75,3,3
72918,97,86,11,11
72919,111,100,11,11
72920,85,80,5,5
72921,149,128,21,21
72922,90,75,15,15
72923,49,47,2,2
72924,138,121,17,17
72925,69,59,10,10
72926,79,67,12,12
72927,70,62,8,8
72928,82,75,7,7
72929,79,73,6,6
72930,85,84,1,1
72931,89,77,12,12
72932,67,62,5,5
72933,106,103,3,3
72934,70,71,-1,1
72935,74,75,-1,1
72936,55,54,1,1
72937,164,151,13,13
72938,77,69,8,8
72939,57,48,9,9
72940,97,97,0,0
72941,136,131,5,5
72942,83,74,9,9
72943,66,61,5,5
72944,92,87,5,5
72945,92,85,7,7
72946,71,62,9,9
72947,67,72,-5,5
72948,150,128,22,22
72949,69,67,2,2
72950,132,112,20,20
72951,194,165,29,29
72952,137,125,12,12
72953,68,66,2,2
72954,90,87,3,3
72955,113,97,16,16
72956,61,46,15,15
72957,160,138,22,22
72958,149,133,16,16
72959,48,49,-1,1
72960,128,116,12,12
72961,102,89,13,13
72962,95,87,8,8
72963,68,55,13,13
72964,164,139,25,25
72965,92,91,1,1
72966,100,82,18,18
72967,68,69,-1,1
72968,81,74,7,7
72969,87,71,16,16
72970,121,89,32,32
72971,95,88,7,7
72972,99,79,20,20
72973,59,58,1,1
72974,140,115,25,25
72975,109,83,26,26
72976,147,125,22,22
72977,84,77,7,7
72978,111,95,16,16
72979,85,80,5,5
72980,63,64,-1,1
72981,64,57,7,7
72982,75,61,14,14
72983,136,106,30,30
72984,140,129,11,11
72985,45,45,0,0
72986,159,141,18,18
72987,110,94,16,16
72988,54,60,-6,6
72989,129,117,12,12
72990,170,167,3,3
72991,111,101,10,10
72992,72,58,14,14
72993,129,115,14,14
72994,67,60,7,7
72995,159,154,5,5
72996,60,56,4,4
72997,91,83,8,8
72998,126,101,25,25
72999,240,187,53,53
73000,113,100,13,13
73001,85,69,16,16
73002,54,52,2,2
73003,68,56,12,12
73004,89,75,14,14
73005,142,120,22,22
73006,146,122,24,24
73007,87,78,9,9
73008,122,115,7,7
73009,81,47,34,34
73010,77,71,6,6
73011,113,93,20,20
73012,182,168,14,14
73013,111,94,17,17
73014,97,77,20,20
73015,90,76,14,14
73016,149,127,22,22
73017,62,68,-6,6
73018,121,108,13,13
73019,90,78,12,12
73020,64,50,14,14
73021,158,141,17,17
73022,89,77,12,12
73023,93,82,11,11
73024,82,68,14,14
73025,80,71,9,9
73026,231,202,29,29
73027,52,49,3,3
73028,185,159,26,26
73029,125,114,11,11
73030,116,97,19,19
73031,70,64,6,6
73032,92,78,14,14
73033,135,127,8,8
73034,83,80,3,3
73035,78,66,12,12
73036,89,74,15,15
73037,98,84,14,14
73038,74,72,2,2
73039,117,103,14,14
73040,65,185,-120,120
73041,80,72,8,8
73042,82,70,12,12
73043,144,138,6,6
73044,64,61,3,3
73045,144,127,17,17
73046,46,43,3,3
73047,29,31,-2,2
73048,81,74,7,7
73049,115,102,13,13
73050,99,84,15,15
73051,80,71,9,9
73052,111,95,16,16
73053,113,102,11,11
73054,119,93,26,26
73055,49,39,10,10
73056,128,114,14,14
73057,168,144,24,24
73058,52,47,5,5
73059,115,100,15,15
73060,230,178,52,52
73061,113,116,-3,3
73062,66,56,10,10
73063,102,89,13,13
73064,52,45,7,7
73065,94,81,13,13
73066,69,63,6,6
73067,146,140,6,6
73068,130,116,14,14
73069,82,68,14,14
73070,51,47,4,4
73071,114,97,17,17
73072,58,59,-1,1
73073,70,66,4,4
73074,74,65,9,9
73075,75,63,12,12
73076,54,44,10,10
73077,134,123,11,11
73078,46,36,10,10
73079,79,62,17,17
73080,66,70,-4,4
73081,114,106,8,8
73082,76,78,-2,2
73083,149,128,21,21
73084,126,107,19,19
73085,91,88,3,3
73086,56,54,2,2
73087,131,116,15,15
73088,119,120,-1,1
73089,119,103,16,16
73090,124,113,11,11
73091,142,126,16,16
73092,215,176,39,39
73093,59,49,10,10
73094,60,56,4,4
73095,76,76,0,0
73096,54,43,11,11
73097,78,78,0,0
73098,133,130,3,3
73099,56,45,11,11
73100,79,74,5,5
73101,74,61,13,13
73102,55,57,-2,2
73103,62,50,12,12
73104,47,40,7,7
73105,112,106,6,6
73106,112,94,18,18
73107,122,106,16,16
73108,104,94,10,10
73109,81,89,-8,8
73110,76,74,2,2
73111,61,52,9,9
73112,230,166,64,64
73113,87,76,11,11
73114,94,80,14,14
73115,83,73,10,10
73116,154,123,31,31
73117,140,119,21,21
73118,81,75,6,6
73119,78,68,10,10
73120,112,96,16,16
73121,133,109,24,24
73122,72,67,5,5
73123,150,110,40,40
73124,133,118,15,15
73125,74,60,14,14
73126,122,109,13,13
73127,90,81,9,9
73128,69,58,11,11
73129,75,71,4,4
73130,50,44,6,6
73131,135,115,20,20
73132,126,109,17,17
73133,68,75,-7,7
73134,88,80,8,8
73135,78,76,2,2
73136,55,50,5,5
73137,94,90,4,4
73138,57,55,2,2
73139,70,63,7,7
73140,150,128,22,22
73141,67,64,3,3
73142,78,76,2,2
73143,82,76,6,6
73144,123,116,7,7
73145,75,64,11,11
73146,151,137,14,14
73147,79,66,13,13
73148,116,98,18,18
73149,89,73,16,16
73150,143,126,17,17
73151,94,86,8,8
73152,94,89,5,5
73153,81,74,7,7
73154,77,73,4,4
73155,85,75,10,10
73156,104,101,3,3
73157,58,51,7,7
73158,76,72,4,4
73159,72,64,8,8
73160,90,76,14,14
73161,126,124,2,2
73162,81,72,9,9
73163,113,104,9,9
73164,72,73,-1,1
73165,111,103,8,8
73166,94,79,15,15
73167,77,65,12,12
73168,76,60,16,16
73169,91,76,15,15
73170,84,75,9,9
73171,50,50,0,0
73172,111,107,4,4
73173,160,141,19,19
73174,90,73,17,17
73175,165,162,3,3
73176,153,123,30,30
73177,38,38,0,0
73178,76,83,-7,7
73179,73,68,5,5
73180,99,95,4,4
73181,64,55,9,9
73182,148,129,19,19
73183,146,134,12,12
73184,86,79,7,7
73185,70,64,6,6
73186,74,62,12,12
73187,102,87,15,15
73188,76,61,15,15
73189,115,95,20,20
73190,111,96,15,15
73191,67,54,13,13
73192,120,115,5,5
73193,72,63,9,9
73194,93,80,13,13
73195,256,222,34,34
73196,157,140,17,17
73197,70,61,9,9
73198,95,93,2,2
73199,99,89,10,10
73200,94,85,9,9
73201,81,68,13,13
73202,102,88,14,14
73203,107,97,10,10
73204,137,120,17,17
73205,91,82,9,9
73206,90,82,8,8
73207,68,60,8,8
73208,59,55,4,4
73209,86,77,9,9
73210,118,116,2,2
73211,197,176,21,21
73212,55,45,10,10
73213,82,69,13,13
73214,96,90,6,6
73215,88,84,4,4
73216,72,73,-1,1
73217,56,61,-5,5
73218,110,93,17,17
73219,75,67,8,8
73220,107,106,1,1
73221,100,94,6,6
73222,137,113,24,24
73223,76,67,9,9
73224,174,156,18,18
73225,101,94,7,7
73226,85,75,10,10
73227,53,50,3,3
73228,108,89,19,19
73229,82,71,11,11
73230,84,82,2,2
73231,92,85,7,7
73232,125,124,1,1
73233,93,93,0,0
73234,54,51,3,3
73235,113,97,16,16
73236,196,175,21,21
73237,71,59,12,12
73238,75,65,10,10
73239,46,47,-1,1
73240,107,100,7,7
73241,82,78,4,4
73242,88,94,-6,6
73243,57,46,11,11
73244,153,127,26,26
73245,131,125,6,6
73246,111,114,-3,3
73247,136,126,10,10
73248,58,55,3,3
73249,85,78,7,7
73250,98,82,16,16
73251,80,73,7,7
73252,82,81,1,1
73253,74,61,13,13
73254,135,111,24,24
73255,88,77,11,11
73256,27,33,-6,6
73257,60,52,8,8
73258,82,69,13,13
73259,176,164,12,12
73260,163,130,33,33
73261,130,121,9,9
73262,120,99,21,21
73263,143,113,30,30
73264,138,130,8,8
73265,88,74,14,14
73266,125,112,13,13
73267,81,71,10,10
73268,56,47,9,9
73269,70,67,3,3
73270,59,55,4,4
73271,117,115,2,2
73272,35,34,1,1
73273,115,92,23,23
73274,59,53,6,6
73275,88,75,13,13
73276,124,118,6,6
73277,110,90,20,20
73278,118,100,18,18
73279,103,83,20,20
73280,121,109,12,12
73281,78,70,8,8
73282,69,64,5,5
73283,129,112,17,17
73284,75,62,13,13
73285,54,44,10,10
73286,185,150,35,35
73287,105,92,13,13
73288,65,55,10,10
73289,145,120,25,25
73290,134,114,20,20
73291,102,88,14,14
73292,75,67,8,8
73293,106,90,16,16
73294,122,110,12,12
73295,42,46,-4,4
73296,144,136,8,8
73297,104,89,15,15
73298,117,98,19,19
73299,69,61,8,8
73300,63,69,-6,6
73301,184,139,45,45
73302,96,86,10,10
73303,86,72,14,14
73304,98,91,7,7
73305,78,71,7,7
73306,91,78,13,13
73307,53,44,9,9
73308,79,65,14,14
73309,141,122,19,19
73310,82,68,14,14
73311,49,42,7,7
73312,109,88,21,21
73313,61,55,6,6
73314,90,84,6,6
73315,61,48,13,13
73316,94,94,0,0
73317,134,121,13,13
73318,65,64,1,1
73319,136,120,16,16
73320,164,145,19,19
73321,98,94,4,4
73322,83,73,10,10
73323,40,39,1,1
73324,67,76,-9,9
73325,90,81,9,9
73326,62,47,15,15
73327,60,52,8,8
73328,115,91,24,24
73329,135,125,10,10
73330,75,67,8,8
73331,35,52,-17,17
73332,94,96,-2,2
73333,113,95,18,18
73334,133,118,15,15
73335,103,70,33,33
73336,108,88,20,20
73337,65,58,7,7
73338,67,53,14,14
73339,121,105,16,16
73340,89,94,-5,5
73341,69,62,7,7
73342,128,117,11,11
73343,99,80,19,19
73344,100,89,11,11
73345,88,71,17,17
73346,160,140,20,20
73347,94,78,16,16
73348,111,104,7,7
73349,83,68,15,15
73350,51,55,-4,4
73351,126,109,17,17
73352,150,121,29,29
73353,57,48,9,9
73354,63,61,2,2
73355,112,104,8,8
73356,196,169,27,27
73357,71,66,5,5
73358,152,134,18,18
73359,87,78,9,9
73360,59,58,1,1
73361,144,127,17,17
73362,122,103,19,19
73363,61,58,3,3
73364,99,99,0,0
73365,74,61,13,13
73366,68,63,5,5
73367,92,89,3,3
73368,147,136,11,11
73369,114,101,13,13
73370,64,59,5,5
73371,92,74,18,18
73372,85,69,16,16
73373,100,82,18,18
73374,142,119,23,23
73375,34,27,7,7
73376,107,87,20,20
73377,110,92,18,18
73378,154,136,18,18
73379,69,63,6,6
73380,91,90,1,1
73381,124,103,21,21
73382,71,59,12,12
73383,61,49,12,12
73384,110,93,17,17
73385,86,78,8,8
73386,143,120,23,23
73387,65,58,7,7
73388,82,66,16,16
73389,90,87,3,3
73390,156,145,11,11
73391,177,155,22,22
73392,108,96,12,12
73393,100,98,2,2
73394,60,62,-2,2
73395,81,84,-3,3
73396,99,89,10,10
73397,63,74,-11,11
73398,87,88,-1,1
73399,53,47,6,6
73400,47,43,4,4
73401,65,65,0,0
73402,79,64,15,15
73403,65,59,6,6
73404,99,94,5,5
73405,61,57,4,4
73406,101,99,2,2
73407,75,61,14,14
73408,99,99,0,0
73409,84,73,11,11
73410,130,114,16,16
73411,147,123,24,24
73412,103,95,8,8
73413,48,43,5,5
73414,88,78,10,10
73415,115,98,17,17
73416,81,73,8,8
73417,69,70,-1,1
73418,144,134,10,10
73419,103,83,20,20
73420,84,72,12,12
73421,175,165,10,10
73422,133,105,28,28
73423,88,78,10,10
73424,112,103,9,9
73425,98,91,7,7
73426,79,68,11,11
73427,65,56,9,9
73428,75,80,-5,5
73429,101,94,7,7
73430,44,42,2,2
73431,89,76,13,13
73432,107,99,8,8
73433,85,77,8,8
73434,42,42,0,0
73435,86,80,6,6
73436,92,77,15,15
73437,70,69,1,1
73438,79,72,7,7
73439,39,49,-10,10
73440,90,78,12,12
73441,126,106,20,20
73442,116,103,13,13
73443,69,66,3,3
73444,51,48,3,3
73445,107,92,15,15
73446,88,79,9,9
73447,104,86,18,18
73448,81,63,18,18
73449,78,67,11,11
73450,87,74,13,13
73451,63,68,-5,5
73452,92,81,11,11
73453,125,119,6,6
73454,113,98,15,15
73455,50,46,4,4
73456,71,65,6,6
73457,78,72,6,6
73458,65,61,4,4
73459,145,125,20,20
73460,64,51,13,13
73461,83,74,9,9
73462,162,133,29,29
73463,84,73,11,11
73464,149,135,14,14
73465,68,59,9,9
73466,84,77,7,7
73467,74,58,16,16
73468,106,98,8,8
73469,87,80,7,7
73470,102,105,-3,3
73471,142,113,29,29
73472,159,140,19,19
73473,49,44,5,5
73474,133,125,8,8
73475,89,79,10,10
73476,47,46,1,1
73477,111,103,8,8
73478,79,64,15,15
73479,108,106,2,2
73480,58,52,6,6
73481,111,107,4,4
73482,46,48,-2,2
73483,69,60,9,9
73484,144,130,14,14
73485,122,108,14,14
73486,114,99,15,15
73487,60,53,7,7
73488,75,72,3,3
73489,79,71,8,8
73490,97,91,6,6
73491,177,159,18,18
73492,111,92,19,19
73493,35,39,-4,4
73494,133,107,26,26
73495,58,50,8,8
73496,114,90,24,24
73497,80,73,7,7
73498,133,106,27,27
73499,116,105,11,11
73500,88,58,30,30
73501,126,107,19,19
73502,135,111,24,24
73503,85,82,3,3
73504,154,141,13,13
73505,118,100,18,18
73506,92,80,12,12
73507,146,138,8,8
73508,63,54,9,9
73509,77,73,4,4
73510,113,96,17,17
73511,110,114,-4,4
73512,63,61,2,2
73513,78,64,14,14
73514,130,110,20,20
73515,64,53,11,11
73516,81,78,3,3
73517,75,60,15,15
73518,41,46,-5,5
73519,139,123,16,16
73520,60,52,8,8
73521,81,74,7,7
73522,108,93,15,15
73523,102,89,13,13
73524,63,54,9,9
73525,111,97,14,14
73526,42,40,2,2
73527,93,84,9,9
73528,106,103,3,3
73529,92,77,15,15
73530,87,78,9,9
73531,100,92,8,8
73532,73,66,7,7
73533,65,54,11,11
73534,84,85,-1,1
73535,158,144,14,14
73536,73,60,13,13
73537,116,117,-1,1
73538,79,80,-1,1
73539,114,98,16,16
73540,108,97,11,11
73541,89,75,14,14
73542,65,68,-3,3
73543,123,110,13,13
73544,70,69,1,1
73545,58,51,7,7
73546,61,59,2,2
73547,118,121,-3,3
73548,91,89,2,2
73549,82,81,1,1
73550,42,50,-8,8
73551,43,36,7,7
73552,144,119,25,25
73553,60,64,-4,4
73554,29,54,-25,25
73555,111,86,25,25
73556,69,61,8,8
73557,192,160,32,32
73558,88,95,-7,7
73559,64,59,5,5
73560,131,120,11,11
73561,107,102,5,5
73562,95,94,1,1
73563,70,64,6,6
73564,51,45,6,6
73565,195,168,27,27
73566,77,71,6,6
73567,117,111,6,6
73568,87,72,15,15
73569,46,38,8,8
73570,71,63,8,8
73571,65,55,10,10
73572,171,165,6,6
73573,106,95,11,11
73574,82,74,8,8
73575,130,109,21,21
73576,58,58,0,0
73577,105,100,5,5
73578,121,105,16,16
73579,148,144,4,4
73580,87,76,11,11
73581,98,91,7,7
73582,74,72,2,2
73583,138,126,12,12
73584,95,88,7,7
73585,104,90,14,14
73586,64,53,11,11
73587,74,66,8,8
73588,126,96,30,30
73589,93,86,7,7
73590,80,69,11,11
73591,62,58,4,4
73592,56,54,2,2
73593,91,86,5,5
73594,202,172,30,30
73595,97,89,8,8
73596,109,107,2,2
73597,62,43,19,19
73598,156,142,14,14
73599,62,50,12,12
73600,156,147,9,9
73601,60,58,2,2
73602,67,57,10,10
73603,109,102,7,7
73604,129,110,19,19
73605,126,105,21,21
73606,141,124,17,17
73607,117,92,25,25
73608,167,150,17,17
73609,123,119,4,4
73610,127,103,24,24
73611,70,59,11,11
73612,67,60,7,7
73613,93,83,10,10
73614,79,64,15,15
73615,80,76,4,4
73616,81,78,3,3
73617,77,66,11,11
73618,57,64,-7,7
73619,125,125,0,0
73620,137,111,26,26
73621,98,91,7,7
73622,76,64,12,12
73623,99,77,22,22
73624,88,80,8,8
73625,71,61,10,10
73626,85,72,13,13
73627,93,87,6,6
73628,112,92,20,20
73629,63,57,6,6
73630,79,84,-5,5
73631,90,82,8,8
73632,71,62,9,9
73633,67,74,-7,7
73634,147,115,32,32
73635,57,67,-10,10
73636,61,53,8,8
73637,100,84,16,16
73638,79,67,12,12
73639,136,105,31,31
73640,88,82,6,6
73641,67,61,6,6
73642,173,148,25,25
73643,111,92,19,19
73644,96,74,22,22
73645,91,75,16,16
73646,90,76,14,14
73647,93,79,14,14
73648,99,91,8,8
73649,57,48,9,9
73650,71,59,12,12
73651,165,141,24,24
73652,91,95,-4,4
73653,59,49,10,10
73654,103,92,11,11
73655,72,67,5,5
73656,95,83,12,12
73657,86,65,21,21
73658,142,102,40,40
73659,92,81,11,11
73660,86,82,4,4
73661,143,123,20,20
73662,37,39,-2,2
73663,66,61,5,5
73664,121,104,17,17
73665,89,74,15,15
73666,54,58,-4,4
73667,64,54,10,10
73668,48,41,7,7
73669,33,32,1,1
73670,154,135,19,19
73671,55,52,3,3
73672,85,73,12,12
73673,68,61,7,7
73674,88,81,7,7
73675,61,59,2,2
73676,123,105,18,18
73677,98,90,8,8
73678,161,146,15,15
73679,53,52,1,1
73680,68,67,1,1
73681,131,111,20,20
73682,100,98,2,2
73683,64,55,9,9
73684,109,104,5,5
73685,87,76,11,11
73686,78,70,8,8
73687,56,54,2,2
73688,96,81,15,15
73689,104,87,17,17
73690,94,85,9,9
73691,66,63,3,3
73692,106,88,18,18
73693,132,130,2,2
73694,142,108,34,34
73695,112,107,5,5
73696,104,67,37,37
73697,129,121,8,8
73698,107,94,13,13
73699,137,132,5,5
73700,81,77,4,4
73701,57,51,6,6
73702,126,108,18,18
73703,57,61,-4,4
73704,141,116,25,25
73705,94,81,13,13
73706,56,56,0,0
73707,100,82,18,18
73708,65,61,4,4
73709,153,138,15,15
73710,106,98,8,8
73711,65,61,4,4
73712,89,81,8,8
73713,69,55,14,14
73714,172,150,22,22
73715,74,68,6,6
73716,55,54,1,1
73717,95,82,13,13
73718,80,76,4,4
73719,72,65,7,7
73720,69,63,6,6
73721,77,77,0,0
73722,136,117,19,19
73723,60,54,6,6
73724,106,85,21,21
73725,98,83,15,15
73726,113,100,13,13
73727,66,60,6,6
73728,117,99,18,18
73729,75,66,9,9
73730,123,113,10,10
73731,54,45,9,9
73732,157,153,4,4
73733,100,85,15,15
73734,74,72,2,2
73735,61,56,5,5
73736,72,66,6,6
73737,81,71,10,10
73738,138,136,2,2
73739,137,129,8,8
73740,163,130,33,33
73741,65,66,-1,1
73742,130,118,12,12
73743,68,65,3,3
73744,97,81,16,16
73745,167,144,23,23
73746,93,67,26,26
73747,63,61,2,2
73748,91,76,15,15
73749,174,147,27,27
73750,138,110,28,28
73751,75,66,9,9
73752,129,124,5,5
73753,116,95,21,21
73754,47,40,7,7
73755,116,94,22,22
73756,103,89,14,14
73757,112,92,20,20
73758,133,113,20,20
73759,55,55,0,0
73760,75,69,6,6
73761,53,46,7,7
73762,88,89,-1,1
73763,132,115,17,17
73764,35,32,3,3
73765,45,46,-1,1
73766,67,62,5,5
73767,124,100,24,24
73768,148,124,24,24
73769,138,113,25,25
73770,98,84,14,14
73771,81,70,11,11
73772,54,48,6,6
73773,35,45,-10,10
73774,69,58,11,11
73775,66,58,8,8
73776,116,100,16,16
73777,86,76,10,10
73778,95,84,11,11
73779,95,89,6,6
73780,61,54,7,7
73781,79,69,10,10
73782,74,84,-10,10
73783,117,104,13,13
73784,63,58,5,5
73785,138,108,30,30
73786,125,113,12,12
73787,95,83,12,12
73788,66,59,7,7
73789,53,48,5,5
73790,83,72,11,11
73791,60,61,-1,1
73792,52,51,1,1
73793,55,44,11,11
73794,100,96,4,4
73795,91,95,-4,4
73796,87,79,8,8
73797,63,51,12,12
73798,122,86,36,36
73799,75,64,11,11
73800,57,60,-3,3
73801,55,51,4,4
73802,110,91,19,19
73803,88,84,4,4
73804,155,153,2,2
73805,96,89,7,7
73806,81,63,18,18
73807,102,89,13,13
73808,141,114,27,27
73809,105,94,11,11
73810,68,61,7,7
73811,80,69,11,11
73812,94,91,3,3
73813,60,57,3,3
73814,107,84,23,23
73815,112,99,13,13
73816,92,84,8,8
73817,86,66,20,20
73818,131,101,30,30
73819,62,54,8,8
73820,146,134,12,12
73821,67,69,-2,2
73822,77,73,4,4
73823,101,94,7,7
73824,80,66,14,14
73825,97,78,19,19
73826,140,117,23,23
73827,128,125,3,3
73828,108,96,12,12
73829,91,81,10,10
73830,91,82,9,9
73831,87,73,14,14
73832,151,120,31,31
73833,91,85,6,6
73834,161,136,25,25
73835,60,54,6,6
73836,135,113,22,22
73837,73,73,0,0
73838,88,93,-5,5
73839,71,63,8,8
73840,80,75,5,5
73841,50,48,2,2
73842,106,95,11,11
73843,66,59,7,7
73844,90,86,4,4
73845,122,104,18,18
73846,99,86,13,13
73847,73,65,8,8
73848,60,56,4,4
73849,63,97,-34,34
73850,105,108,-3,3
73851,34,30,4,4
73852,74,74,0,0
73853,122,106,16,16
73854,123,101,22,22
73855,66,54,12,12
73856,122,105,17,17
73857,114,94,20,20
73858,165,153,12,12
73859,139,139,0,0
73860,58,43,15,15
73861,70,62,8,8
73862,71,61,10,10
73863,158,167,-9,9
73864,66,56,10,10
73865,166,121,45,45
73866,129,119,10,10
73867,91,79,12,12
73868,109,120,-11,11
73869,118,119,-1,1
73870,90,82,8,8
73871,125,107,18,18
73872,94,79,15,15
73873,107,84,23,23
73874,144,112,32,32
73875,83,71,12,12
73876,71,68,3,3
73877,93,82,11,11
73878,103,92,11,11
73879,78,71,7,7
73880,33,71,-38,38
73881,44,66,-22,22
73882,129,108,21,21
73883,210,180,30,30
73884,98,79,19,19
73885,60,65,-5,5
73886,110,93,17,17
73887,56,56,0,0
73888,149,124,25,25
73889,86,79,7,7
73890,101,90,11,11
73891,80,64,16,16
73892,96,86,10,10
73893,66,61,5,5
73894,73,66,7,7
73895,87,65,22,22
73896,73,60,13,13
73897,96,81,15,15
73898,36,40,-4,4
73899,171,184,-13,13
73900,125,114,11,11
73901,82,76,6,6
73902,79,66,13,13
73903,148,125,23,23
73904,137,119,18,18
73905,82,73,9,9
73906,72,86,-14,14
73907,57,50,7,7
73908,162,146,16,16
73909,148,122,26,26
73910,82,70,12,12
73911,76,63,13,13
73912,72,60,12,12
73913,42,33,9,9
73914,102,97,5,5
73915,61,59,2,2
73916,107,97,10,10
73917,72,54,18,18
73918,117,114,3,3
73919,70,60,10,10
73920,60,53,7,7
73921,110,86,24,24
73922,94,85,9,9
73923,121,117,4,4
73924,102,92,10,10
73925,61,56,5,5
73926,69,60,9,9
73927,51,53,-2,2
73928,113,111,2,2
73929,148,157,-9,9
73930,129,108,21,21
73931,60,53,7,7
73932,82,93,-11,11
73933,149,126,23,23
73934,64,52,12,12
73935,95,88,7,7
73936,105,90,15,15
73937,129,117,12,12
73938,140,126,14,14
73939,143,137,6,6
73940,67,56,11,11
73941,81,71,10,10
73942,131,109,22,22
73943,61,50,11,11
73944,95,81,14,14
73945,121,107,14,14
73946,96,75,21,21
73947,159,127,32,32
73948,51,49,2,2
73949,72,66,6,6
73950,83,74,9,9
73951,114,98,16,16
73952,90,82,8,8
73953,72,60,12,12
73954,88,73,15,15
73955,149,129,20,20
73956,69,57,12,12
73957,67,62,5,5
73958,65,66,-1,1
73959,119,113,6,6
73960,146,119,27,27
73961,75,80,-5,5
73962,175,147,28,28
73963,109,105,4,4
73964,80,71,9,9
73965,99,85,14,14
73966,137,120,17,17
73967,77,85,-8,8
73968,44,66,-22,22
73969,96,84,12,12
73970,55,52,3,3
73971,113,94,19,19
73972,108,95,13,13
73973,55,46,9,9
73974,138,109,29,29
73975,74,64,10,10
73976,69,63,6,6
73977,131,120,11,11
73978,129,148,-19,19
73979,103,91,12,12
73980,50,43,7,7
73981,90,84,6,6
73982,42,37,5,5
73983,140,145,-5,5
73984,76,85,-9,9
73985,113,98,15,15
73986,43,45,-2,2
73987,73,75,-2,2
73988,116,107,9,9
73989,112,110,2,2
73990,126,118,8,8
73991,98,87,11,11
73992,83,81,2,2
73993,51,47,4,4
73994,73,82,-9,9
73995,220,177,43,43
73996,72,73,-1,1
73997,63,57,6,6
73998,107,98,9,9
73999,90,78,12,12
74000,50,55,-5,5
74001,100,86,14,14
74002,126,105,21,21
74003,73,62,11,11
74004,88,85,3,3
74005,65,70,-5,5
74006,73,58,15,15
74007,83,78,5,5
74008,118,112,6,6
74009,77,63,14,14
74010,175,155,20,20
74011,101,89,12,12
74012,72,63,9,9
74013,84,78,6,6
74014,320,335,-15,15
74015,86,91,-5,5
74016,48,48,0,0
74017,82,67,15,15
74018,111,93,18,18
74019,83,80,3,3
74020,105,107,-2,2
74021,87,85,2,2
74022,92,83,9,9
74023,106,92,14,14
74024,179,166,13,13
74025,123,102,21,21
74026,68,65,3,3
74027,52,50,2,2
74028,155,120,35,35
74029,97,100,-3,3
74030,78,74,4,4
74031,52,43,9,9
74032,62,55,7,7
74033,92,83,9,9
74034,113,96,17,17
74035,141,122,19,19
74036,66,62,4,4
74037,97,78,19,19
74038,80,92,-12,12
74039,71,82,-11,11
74040,117,103,14,14
74041,202,178,24,24
74042,89,76,13,13
74043,65,63,2,2
74044,83,80,3,3
74045,151,129,22,22
74046,68,53,15,15
74047,84,78,6,6
74048,114,101,13,13
74049,67,60,7,7
74050,48,39,9,9
74051,108,100,8,8
74052,159,121,38,38
74053,84,72,12,12
74054,153,130,23,23
74055,52,61,-9,9
74056,159,139,20,20
74057,118,109,9,9
74058,83,81,2,2
74059,50,45,5,5
74060,125,108,17,17
74061,41,81,-40,40
74062,62,65,-3,3
74063,85,69,16,16
74064,133,120,13,13
74065,129,108,21,21
74066,97,84,13,13
74067,102,94,8,8
74068,23,32,-9,9
74069,74,70,4,4
74070,41,45,-4,4
74071,108,106,2,2
74072,104,94,10,10
74073,108,86,22,22
74074,97,83,14,14
74075,74,71,3,3
74076,94,84,10,10
74077,78,66,12,12
74078,117,108,9,9
74079,119,110,9,9
74080,60,46,14,14
74081,86,71,15,15
74082,84,80,4,4
74083,72,66,6,6
74084,93,85,8,8
74085,72,64,8,8
74086,156,126,30,30
74087,73,68,5,5
74088,108,88,20,20
74089,126,123,3,3
74090,93,87,6,6
74091,79,66,13,13
74092,181,144,37,37
74093,83,69,14,14
74094,119,108,11,11
74095,71,62,9,9
74096,77,58,19,19
74097,104,105,-1,1
74098,72,70,2,2
74099,68,63,5,5
74100,98,88,10,10
74101,57,69,-12,12
74102,80,96,-16,16
74103,73,55,18,18
74104,191,161,30,30
74105,100,83,17,17
74106,132,107,25,25
74107,40,31,9,9
74108,54,47,7,7
74109,154,139,15,15
74110,139,124,15,15
74111,107,94,13,13
74112,128,109,19,19
74113,133,114,19,19
74114,83,67,16,16
74115,63,74,-11,11
74116,81,68,13,13
74117,163,143,20,20
74118,109,97,12,12
74119,63,54,9,9
74120,90,80,10,10
74121,81,86,-5,5
74122,66,54,12,12
74123,120,113,7,7
74124,89,75,14,14
74125,67,61,6,6
74126,85,77,8,8
74127,78,70,8,8
74128,75,73,2,2
74129,198,167,31,31
74130,92,79,13,13
74131,118,96,22,22
74132,57,54,3,3
74133,155,135,20,20
74134,86,76,10,10
74135,67,55,12,12
74136,178,138,40,40
74137,68,63,5,5
74138,85,75,10,10
74139,79,75,4,4
74140,93,76,17,17
74141,50,49,1,1
74142,58,52,6,6
74143,104,94,10,10
74144,100,85,15,15
74145,201,170,31,31
74146,105,97,8,8
74147,105,98,7,7
74148,90,86,4,4
74149,68,70,-2,2
74150,74,71,3,3
74151,60,51,9,9
74152,59,62,-3,3
74153,97,96,1,1
74154,87,74,13,13
74155,55,55,0,0
74156,111,92,19,19
74157,119,95,24,24
74158,115,107,8,8
74159,59,52,7,7
74160,61,54,7,7
74161,30,49,-19,19
74162,96,83,13,13
74163,131,100,31,31
74164,183,163,20,20
74165,161,154,7,7
74166,146,135,11,11
74167,200,171,29,29
74168,100,93,7,7
74169,114,100,14,14
74170,108,95,13,13
74171,73,61,12,12
74172,75,62,13,13
74173,72,63,9,9
74174,143,137,6,6
74175,101,83,18,18
74176,66,60,6,6
74177,164,137,27,27
74178,85,77,8,8
74179,88,75,13,13
74180,98,92,6,6
74181,54,81,-27,27
74182,95,89,6,6
74183,64,64,0,0
74184,144,129,15,15
74185,105,96,9,9
74186,102,98,4,4
74187,114,86,28,28
74188,54,48,6,6
74189,112,93,19,19
74190,181,147,34,34
74191,110,93,17,17
74192,75,53,22,22
74193,51,52,-1,1
74194,98,85,13,13
74195,85,79,6,6
74196,54,55,-1,1
74197,57,53,4,4
74198,77,80,-3,3
74199,66,75,-9,9
74200,84,71,13,13
74201,102,97,5,5
74202,124,115,9,9
74203,129,112,17,17
74204,195,175,20,20
74205,111,98,13,13
74206,109,105,4,4
74207,68,56,12,12
74208,57,50,7,7
74209,76,81,-5,5
74210,99,88,11,11
74211,78,76,2,2
74212,124,109,15,15
74213,83,70,13,13
74214,82,70,12,12
74215,73,62,11,11
74216,66,62,4,4
74217,102,95,7,7
74218,107,104,3,3
74219,101,88,13,13
74220,119,111,8,8
74221,120,116,4,4
74222,69,64,5,5
74223,80,88,-8,8
74224,113,100,13,13
74225,63,60,3,3
74226,94,78,16,16
74227,146,136,10,10
74228,109,97,12,12
74229,117,96,21,21
74230,66,57,9,9
74231,151,117,34,34
74232,60,48,12,12
74233,146,145,1,1
74234,135,123,12,12
74235,90,72,18,18
74236,48,54,-6,6
74237,71,62,9,9
74238,155,139,16,16
74239,86,70,16,16
74240,111,113,-2,2
74241,96,83,13,13
74242,137,138,-1,1
74243,81,74,7,7
74244,60,57,3,3
74245,83,81,2,2
74246,106,93,13,13
74247,67,65,2,2
74248,52,45,7,7
74249,104,90,14,14
74250,73,73,0,0
74251,87,88,-1,1
74252,148,141,7,7
74253,77,64,13,13
74254,92,82,10,10
74255,201,174,27,27
74256,50,47,3,3
74257,149,134,15,15
74258,150,118,32,32
74259,89,88,1,1
74260,131,114,17,17
74261,73,60,13,13
74262,83,87,-4,4
74263,155,138,17,17
74264,80,53,27,27
74265,128,114,14,14
74266,59,58,1,1
74267,85,85,0,0
74268,87,94,-7,7
74269,85,73,12,12
74270,72,62,10,10
74271,72,64,8,8
74272,56,54,2,2
74273,127,116,11,11
74274,73,65,8,8
74275,94,75,19,19
74276,72,63,9,9
74277,48,39,9,9
74278,130,106,24,24
74279,103,80,23,23
74280,96,73,23,23
74281,140,131,9,9
74282,63,60,3,3
74283,61,52,9,9
74284,78,68,10,10
74285,75,63,12,12
74286,81,75,6,6
74287,79,74,5,5
74288,94,84,10,10
74289,117,103,14,14
74290,59,48,11,11
74291,84,70,14,14
74292,149,124,25,25
74293,109,100,9,9
74294,46,47,-1,1
74295,131,110,21,21
74296,118,100,18,18
74297,83,82,1,1
74298,68,71,-3,3
74299,70,78,-8,8
74300,49,46,3,3
74301,73,67,6,6
74302,132,122,10,10
74303,93,76,17,17
74304,159,144,15,15
74305,107,100,7,7
74306,185,156,29,29
74307,143,126,17,17
74308,60,58,2,2
74309,78,67,11,11
74310,106,98,8,8
74311,98,75,23,23
74312,101,79,22,22
74313,39,52,-13,13
74314,104,94,10,10
74315,51,53,-2,2
74316,88,73,15,15
74317,83,72,11,11
74318,116,120,-4,4
74319,59,57,2,2
74320,88,76,12,12
74321,206,160,46,46
74322,147,115,32,32
74323,40,42,-2,2
74324,45,44,1,1
74325,89,80,9,9
74326,146,126,20,20
74327,76,70,6,6
74328,92,66,26,26
74329,35,41,-6,6
74330,77,82,-5,5
74331,104,99,5,5
74332,97,76,21,21
74333,135,117,18,18
74334,63,57,6,6
74335,54,47,7,7
74336,117,108,9,9
74337,79,69,10,10
74338,64,60,4,4
74339,63,55,8,8
74340,63,56,7,7
74341,80,72,8,8
74342,136,122,14,14
74343,106,79,27,27
74344,76,65,11,11
74345,80,68,12,12
74346,126,112,14,14
74347,96,82,14,14
74348,56,46,10,10
74349,124,114,10,10
74350,137,121,16,16
74351,63,58,5,5
74352,59,57,2,2
74353,102,90,12,12
74354,41,39,2,2
74355,84,77,7,7
74356,99,91,8,8
74357,108,105,3,3
74358,125,116,9,9
74359,115,100,15,15
74360,84,74,10,10
74361,100,95,5,5
74362,128,119,9,9
74363,60,57,3,3
74364,77,75,2,2
74365,63,52,11,11
74366,90,89,1,1
74367,64,64,0,0
74368,61,42,19,19
74369,99,95,4,4
74370,97,93,4,4
74371,65,51,14,14
74372,99,92,7,7
74373,181,154,27,27
74374,83,77,6,6
74375,102,91,11,11
74376,136,128,8,8
74377,56,46,10,10
74378,132,116,16,16
74379,76,69,7,7
74380,101,87,14,14
74381,110,86,24,24
74382,51,45,6,6
74383,60,57,3,3
74384,127,116,11,11
74385,81,99,-18,18
74386,59,53,6,6
74387,82,75,7,7
74388,103,87,16,16
74389,99,88,11,11
74390,50,38,12,12
74391,85,89,-4,4
74392,67,53,14,14
74393,125,108,17,17
74394,93,77,16,16
74395,116,100,16,16
74396,68,69,-1,1
74397,77,69,8,8
74398,95,86,9,9
74399,59,59,0,0
74400,111,91,20,20
74401,79,77,2,2
74402,84,77,7,7
74403,89,83,6,6
74404,164,146,18,18
74405,72,64,8,8
74406,78,72,6,6
74407,149,145,4,4
74408,95,73,22,22
74409,85,71,14,14
74410,96,88,8,8
74411,72,60,12,12
74412,112,92,20,20
74413,77,67,10,10
74414,40,39,1,1
74415,110,99,11,11
74416,59,63,-4,4
74417,107,95,12,12
74418,66,65,1,1
74419,87,74,13,13
74420,72,65,7,7
74421,85,83,2,2
74422,49,43,6,6
74423,72,70,2,2
74424,156,153,3,3
74425,75,55,20,20
74426,83,63,20,20
74427,107,96,11,11
74428,97,80,17,17
74429,108,92,16,16
74430,89,70,19,19
74431,103,105,-2,2
74432,133,119,14,14
74433,56,50,6,6
74434,77,69,8,8
74435,88,79,9,9
74436,106,97,9,9
74437,134,128,6,6
74438,81,77,4,4
74439,126,111,15,15
74440,69,62,7,7
74441,120,148,-28,28
74442,121,106,15,15
74443,62,52,10,10
74444,85,71,14,14
74445,93,77,16,16
74446,111,98,13,13
74447,99,104,-5,5
74448,50,49,1,1
74449,98,96,2,2
74450,83,62,21,21
74451,94,94,0,0
74452,144,131,13,13
74453,49,46,3,3
74454,46,36,10,10
74455,87,83,4,4
74456,80,75,5,5
74457,150,118,32,32
74458,67,64,3,3
74459,39,30,9,9
74460,82,67,15,15
74461,76,70,6,6
74462,56,52,4,4
74463,33,38,-5,5
74464,95,83,12,12
74465,67,51,16,16
74466,87,82,5,5
74467,101,87,14,14
74468,62,59,3,3
74469,62,58,4,4
74470,93,75,18,18
74471,71,51,20,20
74472,79,75,4,4
74473,86,72,14,14
74474,70,64,6,6
74475,117,102,15,15
74476,51,52,-1,1
74477,168,150,18,18
74478,120,97,23,23
74479,99,85,14,14
74480,73,70,3,3
74481,120,110,10,10
74482,136,115,21,21
74483,57,54,3,3
74484,89,76,13,13
74485,89,89,0,0
74486,81,78,3,3
74487,72,54,18,18
74488,104,89,15,15
74489,141,121,20,20
74490,79,68,11,11
74491,167,143,24,24
74492,86,76,10,10
74493,138,112,26,26
74494,66,54,12,12
74495,59,51,8,8
74496,110,112,-2,2
74497,82,68,14,14
74498,92,82,10,10
74499,62,55,7,7
74500,82,68,14,14
74501,62,61,1,1
74502,94,80,14,14
74503,135,141,-6,6
74504,227,220,7,7
74505,85,74,11,11
74506,74,75,-1,1
74507,106,126,-20,20
74508,52,53,-1,1
74509,96,97,-1,1
74510,97,87,10,10
74511,143,132,11,11
74512,84,66,18,18
74513,77,62,15,15
74514,49,50,-1,1
74515,116,100,16,16
74516,67,81,-14,14
74517,74,73,1,1
74518,83,76,7,7
74519,77,67,10,10
74520,113,100,13,13
74521,125,110,15,15
74522,59,54,5,5
74523,62,58,4,4
74524,148,130,18,18
74525,56,57,-1,1
74526,85,86,-1,1
74527,158,129,29,29
74528,79,77,2,2
74529,87,74,13,13
74530,115,129,-14,14
74531,62,55,7,7
74532,78,68,10,10
74533,107,88,19,19
74534,129,115,14,14
74535,109,92,17,17
74536,46,46,0,0
74537,73,63,10,10
74538,47,39,8,8
74539,57,54,3,3
74540,136,126,10,10
74541,74,63,11,11
74542,73,63,10,10
74543,117,103,14,14
74544,64,44,20,20
74545,65,68,-3,3
74546,61,60,1,1
74547,40,45,-5,5
74548,84,73,11,11
74549,96,90,6,6
74550,108,89,19,19
74551,148,133,15,15
74552,111,97,14,14
74553,131,122,9,9
74554,55,55,0,0
74555,132,113,19,19
74556,156,116,40,40
74557,68,59,9,9
74558,109,94,15,15
74559,65,54,11,11
74560,78,62,16,16
74561,136,114,22,22
74562,190,177,13,13
74563,157,142,15,15
74564,110,100,10,10
74565,50,47,3,3
74566,123,122,1,1
74567,127,109,18,18
74568,88,79,9,9
74569,116,102,14,14
74570,85,81,4,4
74571,116,100,16,16
74572,181,156,25,25
74573,87,85,2,2
74574,135,125,10,10
74575,64,66,-2,2
74576,92,81,11,11
74577,59,53,6,6
74578,81,65,16,16
74579,71,57,14,14
74580,130,125,5,5
74581,96,77,19,19
74582,86,73,13,13
74583,107,113,-6,6
74584,118,98,20,20
74585,93,86,7,7
74586,88,85,3,3
74587,54,52,2,2
74588,101,95,6,6
74589,58,54,4,4
74590,109,90,19,19
74591,106,102,4,4
74592,139,125,14,14
74593,50,47,3,3
74594,168,150,18,18
74595,115,111,4,4
74596,70,66,4,4
74597,92,78,14,14
74598,133,117,16,16
74599,74,65,9,9
74600,159,146,13,13
74601,120,108,12,12
74602,84,93,-9,9
74603,103,98,5,5
74604,183,139,44,44
74605,139,116,23,23
74606,86,79,7,7
74607,82,77,5,5
74608,61,63,-2,2
74609,123,87,36,36
74610,87,80,7,7
74611,135,123,12,12
74612,99,81,18,18
74613,74,64,10,10
74614,74,71,3,3
74615,139,127,12,12
74616,85,72,13,13
74617,70,68,2,2
74618,106,93,13,13
74619,123,112,11,11
74620,100,91,9,9
74621,61,55,6,6
74622,92,82,10,10
74623,132,124,8,8
74624,59,55,4,4
74625,226,190,36,36
74626,84,69,15,15
74627,165,156,9,9
74628,83,82,1,1
74629,115,106,9,9
74630,159,132,27,27
74631,93,70,23,23
74632,126,123,3,3
74633,51,45,6,6
74634,118,105,13,13
74635,80,63,17,17
74636,161,133,28,28
74637,91,80,11,11
74638,83,74,9,9
74639,91,83,8,8
74640,234,191,43,43
74641,78,67,11,11
74642,101,87,14,14
74643,72,64,8,8
74644,92,68,24,24
74645,44,50,-6,6
74646,76,69,7,7
74647,106,90,16,16
74648,119,93,26,26
74649,111,87,24,24
74650,111,106,5,5
74651,105,87,18,18
74652,62,58,4,4
74653,113,107,6,6
74654,94,87,7,7
74655,155,131,24,24
74656,59,48,11,11
74657,86,88,-2,2
74658,61,46,15,15
74659,198,169,29,29
74660,83,74,9,9
74661,50,52,-2,2
74662,126,112,14,14
74663,95,79,16,16
74664,95,78,17,17
74665,24,33,-9,9
74666,90,85,5,5
74667,47,39,8,8
74668,64,65,-1,1
74669,107,101,6,6
74670,94,73,21,21
74671,77,69,8,8
74672,111,114,-3,3
74673,107,97,10,10
74674,33,33,0,0
74675,73,61,12,12
74676,63,60,3,3
74677,90,87,3,3
74678,89,157,-68,68
74679,79,64,15,15
74680,128,113,15,15
74681,91,79,12,12
74682,114,99,15,15
74683,103,86,17,17
74684,61,44,17,17
74685,122,119,3,3
74686,114,100,14,14
74687,143,127,16,16
74688,75,65,10,10
74689,66,58,8,8
74690,90,81,9,9
74691,108,78,30,30
74692,74,68,6,6
74693,137,125,12,12
74694,121,98,23,23
74695,85,89,-4,4
74696,47,46,1,1
74697,51,61,-10,10
74698,79,66,13,13
74699,80,70,10,10
74700,111,97,14,14
74701,126,123,3,3
74702,37,38,-1,1
74703,87,77,10,10
74704,102,93,9,9
74705,73,68,5,5
74706,81,83,-2,2
74707,85,65,20,20
74708,127,112,15,15
74709,127,100,27,27
74710,93,97,-4,4
74711,122,112,10,10
74712,175,146,29,29
74713,96,86,10,10
74714,88,76,12,12
74715,162,133,29,29
74716,124,123,1,1
74717,42,36,6,6
74718,90,81,9,9
74719,91,84,7,7
74720,129,115,14,14
74721,53,51,2,2
74722,75,69,6,6
74723,88,73,15,15
74724,70,58,12,12
74725,185,163,22,22
74726,105,87,18,18
74727,128,109,19,19
74728,103,92,11,11
74729,100,95,5,5
74730,71,66,5,5
74731,157,126,31,31
74732,103,99,4,4
74733,118,105,13,13
74734,140,165,-25,25
74735,102,94,8,8
74736,71,58,13,13
74737,143,131,12,12
74738,58,53,5,5
74739,96,92,4,4
74740,112,101,11,11
74741,85,78,7,7
74742,92,90,2,2
74743,81,76,5,5
74744,102,92,10,10
74745,43,47,-4,4
74746,87,75,12,12
74747,118,102,16,16
74748,85,67,18,18
74749,100,93,7,7
74750,83,84,-1,1
74751,83,65,18,18
74752,89,79,10,10
74753,50,46,4,4
74754,134,117,17,17
74755,65,49,16,16
74756,72,64,8,8
74757,75,61,14,14
74758,78,69,9,9
74759,81,81,0,0
74760,105,103,2,2
74761,67,57,10,10
74762,136,63,73,73
74763,86,92,-6,6
74764,139,119,20,20
74765,78,66,12,12
74766,38,29,9,9
74767,78,68,10,10
74768,59,49,10,10
74769,91,78,13,13
74770,152,136,16,16
74771,148,142,6,6
74772,108,97,11,11
74773,77,64,13,13
74774,83,69,14,14
74775,89,76,13,13
74776,104,86,18,18
74777,117,109,8,8
74778,151,134,17,17
74779,45,45,0,0
74780,60,48,12,12
74781,125,115,10,10
74782,41,38,3,3
74783,49,44,5,5
74784,140,124,16,16
74785,90,84,6,6
74786,93,86,7,7
74787,100,77,23,23
74788,125,104,21,21
74789,114,106,8,8
74790,128,115,13,13
74791,60,52,8,8
74792,191,160,31,31
74793,140,129,11,11
74794,82,87,-5,5
74795,76,63,13,13
74796,117,106,11,11
74797,83,78,5,5
74798,82,69,13,13
74799,122,118,4,4
74800,60,58,2,2
74801,117,104,13,13
74802,96,80,16,16
74803,115,104,11,11
74804,134,122,12,12
74805,109,99,10,10
74806,91,73,18,18
74807,72,64,8,8
74808,96,84,12,12
74809,80,75,5,5
74810,71,65,6,6
74811,95,75,20,20
74812,101,91,10,10
74813,67,57,10,10
74814,87,85,2,2
74815,89,83,6,6
74816,62,57,5,5
74817,126,141,-15,15
74818,78,77,1,1
74819,100,95,5,5
74820,96,84,12,12
74821,100,90,10,10
74822,59,57,2,2
74823,93,81,12,12
74824,120,108,12,12
74825,70,66,4,4
74826,46,39,7,7
74827,153,135,18,18
74828,91,82,9,9
74829,94,87,7,7
74830,74,71,3,3
74831,87,68,19,19
74832,76,67,9,9
74833,56,51,5,5
74834,104,113,-9,9
74835,126,112,14,14
74836,115,104,11,11
74837,107,101,6,6
74838,41,48,-7,7
74839,75,64,11,11
74840,76,75,1,1
74841,75,72,3,3
74842,50,46,4,4
74843,118,108,10,10
74844,131,119,12,12
74845,92,123,-31,31
74846,113,97,16,16
74847,126,104,22,22
74848,65,63,2,2
74849,128,114,14,14
74850,89,83,6,6
74851,100,75,25,25
74852,85,73,12,12
74853,166,139,27,27
74854,100,101,-1,1
74855,119,109,10,10
74856,72,64,8,8
74857,78,69,9,9
74858,70,58,12,12
74859,84,74,10,10
74860,56,50,6,6
74861,18,25,-7,7
74862,75,68,7,7
74863,107,106,1,1
74864,86,67,19,19
74865,128,119,9,9
74866,99,92,7,7
74867,69,67,2,2
74868,130,111,19,19
74869,127,116,11,11
74870,188,166,22,22
74871,99,94,5,5
74872,83,73,10,10
74873,105,97,8,8
74874,56,56,0,0
74875,84,76,8,8
74876,43,44,-1,1
74877,104,105,-1,1
74878,93,86,7,7
74879,111,108,3,3
74880,106,104,2,2
74881,77,69,8,8
74882,74,61,13,13
74883,138,126,12,12
74884,47,45,2,2
74885,158,143,15,15
74886,111,101,10,10
74887,84,80,4,4
74888,129,125,4,4
74889,76,76,0,0
74890,84,74,10,10
74891,67,61,6,6
74892,61,50,11,11
74893,107,88,19,19
74894,79,63,16,16
74895,112,109,3,3
74896,53,47,6,6
74897,84,72,12,12
74898,46,42,4,4
74899,115,97,18,18
74900,48,38,10,10
74901,51,46,5,5
74902,73,76,-3,3
74903,81,90,-9,9
74904,53,48,5,5
74905,144,125,19,19
74906,93,78,15,15
74907,63,70,-7,7
74908,47,39,8,8
74909,117,97,20,20
74910,172,114,58,58
74911,57,58,-1,1
74912,143,129,14,14
74913,108,102,6,6
74914,140,119,21,21
74915,70,65,5,5
74916,96,86,10,10
74917,107,98,9,9
74918,116,100,16,16
74919,120,108,12,12
74920,60,47,13,13
74921,77,76,1,1
74922,112,103,9,9
74923,97,98,-1,1
74924,183,170,13,13
74925,95,85,10,10
74926,92,78,14,14
74927,76,81,-5,5
74928,99,92,7,7
74929,85,71,14,14
74930,76,69,7,7
74931,93,78,15,15
74932,50,50,0,0
74933,55,55,0,0
74934,88,79,9,9
74935,97,100,-3,3
74936,83,75,8,8
74937,54,41,13,13
74938,86,74,12,12
74939,77,78,-1,1
74940,282,285,-3,3
74941,136,120,16,16
74942,91,68,23,23
74943,150,149,1,1
74944,66,62,4,4
74945,71,69,2,2
74946,87,77,10,10
74947,87,83,4,4
74948,119,110,9,9
74949,148,128,20,20
74950,117,102,15,15
74951,85,79,6,6
74952,97,87,10,10
74953,49,47,2,2
74954,103,98,5,5
74955,38,38,0,0
74956,86,87,-1,1
74957,49,43,6,6
74958,103,89,14,14
74959,103,114,-11,11
74960,45,35,10,10
74961,103,91,12,12
74962,83,69,14,14
74963,95,78,17,17
74964,60,59,1,1
74965,102,94,8,8
74966,138,137,1,1
74967,83,74,9,9
74968,95,91,4,4
74969,96,84,12,12
74970,150,135,15,15
74971,53,43,10,10
74972,133,106,27,27
74973,45,44,1,1
74974,50,43,7,7
74975,35,76,-41,41
74976,103,83,20,20
74977,58,51,7,7
74978,72,66,6,6
74979,100,96,4,4
74980,95,81,14,14
74981,109,90,19,19
74982,57,57,0,0
74983,68,76,-8,8
74984,89,81,8,8
74985,129,113,16,16
74986,118,104,14,14
74987,114,102,12,12
74988,112,99,13,13
74989,103,88,15,15
74990,95,84,11,11
74991,130,128,2,2
74992,95,76,19,19
74993,129,117,12,12
74994,84,75,9,9
74995,103,98,5,5
74996,146,128,18,18
74997,84,84,0,0
74998,143,121,22,22
74999,84,80,4,4
75000,69,70,-1,1
75001,94,93,1,1
75002,56,67,-11,11
75003,133,127,6,6
75004,49,56,-7,7
75005,58,46,12,12
75006,122,98,24,24
75007,117,103,14,14
75008,87,73,14,14
75009,113,102,11,11
75010,60,56,4,4
75011,65,57,8,8
75012,103,92,11,11
75013,152,128,24,24
75014,121,108,13,13
75015,119,104,15,15
75016,47,49,-2,2
75017,113,95,18,18
75018,101,92,9,9
75019,73,73,0,0
75020,88,88,0,0
75021,156,126,30,30
75022,99,83,16,16
75023,86,78,8,8
75024,101,97,4,4
75025,91,82,9,9
75026,59,54,5,5
75027,72,69,3,3
75028,111,88,23,23
75029,108,94,14,14
75030,78,70,8,8
75031,63,58,5,5
75032,97,89,8,8
75033,76,67,9,9
75034,94,94,0,0
75035,83,73,10,10
75036,72,65,7,7
75037,113,91,22,22
75038,126,110,16,16
75039,86,89,-3,3
75040,67,54,13,13
75041,149,126,23,23
75042,89,76,13,13
75043,115,91,24,24
75044,111,89,22,22
75045,135,130,5,5
75046,54,51,3,3
75047,123,117,6,6
75048,82,79,3,3
75049,26,35,-9,9
75050,66,58,8,8
75051,117,100,17,17
75052,135,136,-1,1
75053,70,57,13,13
75054,59,52,7,7
75055,141,130,11,11
75056,64,55,9,9
75057,126,118,8,8
75058,97,84,13,13
75059,54,46,8,8
75060,99,86,13,13
75061,138,115,23,23
75062,130,125,5,5
75063,111,82,29,29
75064,81,72,9,9
75065,97,81,16,16
75066,146,132,14,14
75067,92,77,15,15
75068,68,46,22,22
75069,70,66,4,4
75070,79,63,16,16
75071,57,57,0,0
75072,70,71,-1,1
75073,52,53,-1,1
75074,82,84,-2,2
75075,72,66,6,6
75076,86,72,14,14
75077,124,99,25,25
75078,71,64,7,7
75079,75,49,26,26
75080,111,94,17,17
75081,85,75,10,10
75082,77,67,10,10
75083,116,105,11,11
75084,121,120,1,1
75085,63,53,10,10
75086,65,52,13,13
75087,92,88,4,4
75088,115,101,14,14
75089,62,51,11,11
75090,90,78,12,12
75091,50,44,6,6
75092,81,75,6,6
75093,33,35,-2,2
75094,141,122,19,19
75095,51,44,7,7
75096,32,44,-12,12
75097,89,93,-4,4
75098,117,101,16,16
75099,97,94,3,3
75100,92,76,16,16
75101,71,64,7,7
75102,76,73,3,3
75103,42,42,0,0
75104,84,84,0,0
75105,87,86,1,1
75106,153,132,21,21
75107,91,84,7,7
75108,59,73,-14,14
75109,69,61,8,8
75110,109,88,21,21
75111,115,99,16,16
75112,169,157,12,12
75113,67,62,5,5
75114,96,87,9,9
75115,94,84,10,10
75116,173,133,40,40
75117,96,83,13,13
75118,127,96,31,31
75119,58,50,8,8
75120,69,61,8,8
75121,68,63,5,5
75122,141,128,13,13
75123,110,120,-10,10
75124,46,82,-36,36
75125,56,107,-51,51
75126,99,95,4,4
75127,117,99,18,18
75128,53,47,6,6
75129,92,85,7,7
75130,100,100,0,0
75131,100,80,20,20
75132,92,92,0,0
75133,67,56,11,11
75134,148,123,25,25
75135,122,106,16,16
75136,162,143,19,19
75137,86,77,9,9
75138,165,136,29,29
75139,106,84,22,22
75140,84,89,-5,5
75141,97,86,11,11
75142,61,57,4,4
75143,187,171,16,16
75144,153,150,3,3
75145,57,52,5,5
75146,101,91,10,10
75147,154,116,38,38
75148,108,96,12,12
75149,55,47,8,8
75150,113,94,19,19
75151,55,43,12,12
75152,101,83,18,18
75153,91,86,5,5
75154,89,79,10,10
75155,96,81,15,15
75156,52,54,-2,2
75157,54,49,5,5
75158,69,61,8,8
75159,95,97,-2,2
75160,88,71,17,17
75161,126,114,12,12
75162,82,81,1,1
75163,76,73,3,3
75164,112,93,19,19
75165,117,101,16,16
75166,113,101,12,12
75167,97,83,14,14
75168,98,89,9,9
75169,83,71,12,12
75170,76,64,12,12
75171,80,67,13,13
75172,111,90,21,21
75173,135,114,21,21
75174,62,59,3,3
75175,140,123,17,17
75176,68,63,5,5
75177,141,133,8,8
75178,53,55,-2,2
75179,140,129,11,11
75180,74,65,9,9
75181,70,66,4,4
75182,78,77,1,1
75183,103,88,15,15
75184,97,85,12,12
75185,75,66,9,9
75186,143,133,10,10
75187,163,144,19,19
75188,71,65,6,6
75189,58,49,9,9
75190,69,62,7,7
75191,72,67,5,5
75192,158,146,12,12
75193,93,92,1,1
75194,80,72,8,8
75195,142,118,24,24
75196,46,52,-6,6
75197,76,65,11,11
75198,129,151,-22,22
75199,82,73,9,9
75200,146,125,21,21
75201,93,84,9,9
75202,113,96,17,17
75203,142,138,4,4
75204,72,61,11,11
75205,74,66,8,8
75206,88,95,-7,7
75207,105,104,1,1
75208,110,108,2,2
75209,83,71,12,12
75210,27,36,-9,9
75211,136,120,16,16
75212,81,72,9,9
75213,98,81,17,17
75214,120,107,13,13
75215,92,67,25,25
75216,145,116,29,29
75217,137,125,12,12
75218,103,99,4,4
75219,121,124,-3,3
75220,54,60,-6,6
75221,112,98,14,14
75222,76,72,4,4
75223,89,75,14,14
75224,160,113,47,47
75225,28,34,-6,6
75226,76,60,16,16
75227,165,150,15,15
75228,100,80,20,20
75229,152,128,24,24
75230,82,68,14,14
75231,94,76,18,18
75232,60,58,2,2
75233,125,112,13,13
75234,69,66,3,3
75235,120,82,38,38
75236,91,81,10,10
75237,96,80,16,16
75238,45,44,1,1
75239,56,52,4,4
75240,76,62,14,14
75241,75,69,6,6
75242,79,70,9,9
75243,124,107,17,17
75244,106,89,17,17
75245,122,106,16,16
75246,51,56,-5,5
75247,69,60,9,9
75248,85,78,7,7
75249,115,137,-22,22
75250,115,93,22,22
75251,115,100,15,15
75252,60,62,-2,2
75253,76,67,9,9
75254,32,32,0,0
75255,79,73,6,6
75256,44,40,4,4
75257,58,53,5,5
75258,130,112,18,18
75259,132,119,13,13
75260,79,73,6,6
75261,92,87,5,5
75262,144,128,16,16
75263,54,52,2,2
75264,133,109,24,24
75265,64,67,-3,3
75266,92,83,9,9
75267,156,141,15,15
75268,58,47,11,11
75269,82,65,17,17
75270,86,75,11,11
75271,173,154,19,19
75272,94,80,14,14
75273,60,54,6,6
75274,108,96,12,12
75275,126,118,8,8
75276,56,52,4,4
75277,98,92,6,6
75278,92,74,18,18
75279,117,98,19,19
75280,52,45,7,7
75281,94,80,14,14
75282,78,67,11,11
75283,76,93,-17,17
75284,67,59,8,8
75285,124,118,6,6
75286,128,117,11,11
75287,73,59,14,14
75288,62,51,11,11
75289,100,97,3,3
75290,130,119,11,11
75291,61,62,-1,1
75292,262,208,54,54
75293,60,50,10,10
75294,102,101,1,1
75295,57,51,6,6
75296,97,94,3,3
75297,84,80,4,4
75298,61,75,-14,14
75299,135,115,20,20
75300,104,78,26,26
75301,79,70,9,9
75302,187,147,40,40
75303,62,53,9,9
75304,94,83,11,11
75305,94,94,0,0
75306,94,75,19,19
75307,126,106,20,20
75308,126,100,26,26
75309,108,93,15,15
75310,60,43,17,17
75311,93,98,-5,5
75312,53,43,10,10
75313,61,54,7,7
75314,79,70,9,9
75315,74,63,11,11
75316,50,42,8,8
75317,75,47,28,28
75318,40,43,-3,3
75319,47,44,3,3
75320,78,72,6,6
75321,51,50,1,1
75322,97,90,7,7
75323,54,42,12,12
75324,100,92,8,8
75325,91,79,12,12
75326,48,43,5,5
75327,46,43,3,3
75328,153,135,18,18
75329,123,112,11,11
75330,52,56,-4,4
75331,92,73,19,19
75332,71,71,0,0
75333,141,118,23,23
75334,46,35,11,11
75335,72,70,2,2
75336,84,72,12,12
75337,82,81,1,1
75338,78,67,11,11
75339,77,61,16,16
75340,93,70,23,23
75341,47,46,1,1
75342,67,59,8,8
75343,67,60,7,7
75344,113,93,20,20
75345,179,158,21,21
75346,95,88,7,7
75347,164,145,19,19
75348,45,46,-1,1
75349,127,109,18,18
75350,118,112,6,6
75351,96,80,16,16
75352,57,46,11,11
75353,151,137,14,14
75354,69,83,-14,14
75355,79,71,8,8
75356,86,77,9,9
75357,186,161,25,25
75358,147,124,23,23
75359,109,101,8,8
75360,97,79,18,18
75361,110,96,14,14
75362,69,61,8,8
75363,65,60,5,5
75364,119,100,19,19
75365,58,54,4,4
75366,77,65,12,12
75367,97,87,10,10
75368,95,83,12,12
75369,123,115,8,8
75370,107,119,-12,12
75371,117,104,13,13
75372,72,77,-5,5
75373,119,102,17,17
75374,103,90,13,13
75375,129,118,11,11
75376,83,67,16,16
75377,248,217,31,31
75378,93,75,18,18
75379,129,120,9,9
75380,68,65,3,3
75381,117,104,13,13
75382,87,80,7,7
75383,118,100,18,18
75384,98,83,15,15
75385,103,99,4,4
75386,69,64,5,5
75387,110,91,19,19
75388,125,105,20,20
75389,113,101,12,12
75390,112,97,15,15
75391,81,66,15,15
75392,86,81,5,5
75393,148,127,21,21
75394,102,85,17,17
75395,31,32,-1,1
75396,64,58,6,6
75397,114,106,8,8
75398,87,80,7,7
75399,127,100,27,27
75400,91,90,1,1
75401,74,60,14,14
75402,175,147,28,28
75403,223,169,54,54
75404,87,67,20,20
75405,67,55,12,12
75406,59,58,1,1
75407,104,82,22,22
75408,64,78,-14,14
75409,149,141,8,8
75410,125,109,16,16
75411,45,40,5,5
75412,93,87,6,6
75413,86,80,6,6
75414,80,66,14,14
75415,73,55,18,18
75416,92,76,16,16
75417,120,123,-3,3
75418,126,107,19,19
75419,73,69,4,4
75420,54,53,1,1
75421,65,59,6,6
75422,100,88,12,12
75423,105,89,16,16
75424,85,73,12,12
75425,100,84,16,16
75426,81,76,5,5
75427,67,59,8,8
75428,174,154,20,20
75429,132,112,20,20
75430,127,92,35,35
75431,96,94,2,2
75432,73,63,10,10
75433,86,75,11,11
75434,73,65,8,8
75435,124,111,13,13
75436,75,70,5,5
75437,49,57,-8,8
75438,99,116,-17,17
75439,55,51,4,4
75440,141,106,35,35
75441,62,64,-2,2
75442,75,60,15,15
75443,99,86,13,13
75444,97,85,12,12
75445,104,95,9,9
75446,96,80,16,16
75447,122,107,15,15
75448,101,82,19,19
75449,109,102,7,7
75450,111,100,11,11
75451,99,84,15,15
75452,77,79,-2,2
75453,118,116,2,2
75454,89,78,11,11
75455,75,73,2,2
75456,59,53,6,6
75457,57,56,1,1
75458,99,82,17,17
75459,88,75,13,13
75460,106,88,18,18
75461,101,94,7,7
75462,131,116,15,15
75463,127,115,12,12
75464,65,55,10,10
75465,101,80,21,21
75466,140,122,18,18
75467,122,107,15,15
75468,80,72,8,8
75469,128,121,7,7
75470,85,77,8,8
75471,111,103,8,8
75472,78,83,-5,5
75473,93,84,9,9
75474,42,37,5,5
75475,66,47,19,19
75476,95,90,5,5
75477,90,69,21,21
75478,100,96,4,4
75479,82,73,9,9
75480,67,68,-1,1
75481,105,88,17,17
75482,110,95,15,15
75483,56,52,4,4
75484,37,30,7,7
75485,65,61,4,4
75486,72,62,10,10
75487,106,96,10,10
75488,99,81,18,18
75489,104,89,15,15
75490,87,78,9,9
75491,76,74,2,2
75492,53,39,14,14
75493,57,58,-1,1
75494,69,56,13,13
75495,83,72,11,11
75496,56,54,2,2
75497,78,72,6,6
75498,95,94,1,1
75499,78,70,8,8
75500,74,65,9,9
75501,82,91,-9,9
75502,95,80,15,15
75503,85,75,10,10
75504,63,64,-1,1
75505,124,113,11,11
75506,67,55,12,12
75507,112,98,14,14
75508,94,84,10,10
75509,69,60,9,9
75510,121,120,1,1
75511,82,78,4,4
75512,111,96,15,15
75513,126,116,10,10
75514,74,63,11,11
75515,81,69,12,12
75516,100,91,9,9
75517,148,126,22,22
75518,88,78,10,10
75519,70,60,10,10
75520,150,120,30,30
75521,88,77,11,11
75522,28,28,0,0
75523,93,80,13,13
75524,96,95,1,1
75525,90,79,11,11
75526,150,145,5,5
75527,75,73,2,2
75528,93,90,3,3
75529,150,131,19,19
75530,123,88,35,35
75531,133,125,8,8
75532,69,79,-10,10
75533,167,130,37,37
75534,46,30,16,16
75535,92,80,12,12
75536,54,47,7,7
75537,154,125,29,29
75538,45,42,3,3
75539,137,122,15,15
75540,115,99,16,16
75541,99,79,20,20
75542,93,80,13,13
75543,83,70,13,13
75544,115,94,21,21
75545,23,47,-24,24
75546,92,83,9,9
75547,85,79,6,6
75548,80,66,14,14
75549,190,179,11,11
75550,95,81,14,14
75551,153,120,33,33
75552,83,80,3,3
75553,51,44,7,7
75554,85,77,8,8
75555,85,80,5,5
75556,59,63,-4,4
75557,172,146,26,26
75558,53,50,3,3
75559,128,103,25,25
75560,72,66,6,6
75561,130,111,19,19
75562,54,50,4,4
75563,145,110,35,35
75564,94,91,3,3
75565,111,97,14,14
75566,35,45,-10,10
75567,74,69,5,5
75568,85,79,6,6
75569,129,114,15,15
75570,49,52,-3,3
75571,56,57,-1,1
75572,99,85,14,14
75573,79,84,-5,5
75574,129,112,17,17
75575,74,65,9,9
75576,78,82,-4,4
75577,70,59,11,11
75578,157,161,-4,4
75579,98,91,7,7
75580,66,62,4,4
75581,75,72,3,3
75582,76,62,14,14
75583,94,92,2,2
75584,100,82,18,18
75585,50,44,6,6
75586,98,89,9,9
75587,96,91,5,5
75588,134,124,10,10
75589,108,88,20,20
75590,212,190,22,22
75591,138,125,13,13
75592,88,75,13,13
75593,12,28,-16,16
75594,66,59,7,7
75595,98,79,19,19
75596,110,95,15,15
75597,75,64,11,11
75598,146,137,9,9
75599,176,164,12,12
75600,91,77,14,14
75601,88,79,9,9
75602,51,46,5,5
75603,190,163,27,27
75604,128,112,16,16
75605,74,67,7,7
75606,83,77,6,6
75607,64,54,10,10
75608,127,118,9,9
75609,130,110,20,20
75610,95,81,14,14
75611,66,130,-64,64
75612,46,34,12,12
75613,79,71,8,8
75614,110,92,18,18
75615,116,106,10,10
75616,68,69,-1,1
75617,70,72,-2,2
75618,59,70,-11,11
75619,107,83,24,24
75620,77,78,-1,1
75621,97,107,-10,10
75622,160,141,19,19
75623,130,126,4,4
75624,60,53,7,7
75625,104,89,15,15
75626,91,82,9,9
75627,89,89,0,0
75628,49,49,0,0
75629,155,139,16,16
75630,94,80,14,14
75631,146,134,12,12
75632,87,84,3,3
75633,127,112,15,15
75634,79,79,0,0
75635,93,84,9,9
75636,121,116,5,5
75637,74,61,13,13
75638,113,103,10,10
75639,163,141,22,22
75640,122,98,24,24
75641,118,111,7,7
75642,56,53,3,3
75643,129,106,23,23
75644,128,112,16,16
75645,159,137,22,22
75646,62,56,6,6
75647,108,99,9,9
75648,72,64,8,8
75649,79,73,6,6
75650,166,147,19,19
75651,62,59,3,3
75652,144,135,9,9
75653,129,112,17,17
75654,72,64,8,8
75655,93,74,19,19
75656,86,85,1,1
75657,126,107,19,19
75658,86,75,11,11
75659,87,77,10,10
75660,183,163,20,20
75661,68,57,11,11
75662,80,68,12,12
75663,63,64,-1,1
75664,61,58,3,3
75665,103,92,11,11
75666,46,40,6,6
75667,107,88,19,19
75668,127,115,12,12
75669,89,77,12,12
75670,104,93,11,11
75671,82,80,2,2
75672,114,107,7,7
75673,82,72,10,10
75674,109,104,5,5
75675,105,92,13,13
75676,67,60,7,7
75677,64,55,9,9
75678,109,94,15,15
75679,50,45,5,5
75680,49,42,7,7
75681,89,82,7,7
75682,163,147,16,16
75683,64,63,1,1
75684,180,157,23,23
75685,73,111,-38,38
75686,155,136,19,19
75687,106,98,8,8
75688,102,86,16,16
75689,142,129,13,13
75690,62,55,7,7
75691,93,88,5,5
75692,125,95,30,30
75693,71,62,9,9
75694,62,60,2,2
75695,129,114,15,15
75696,109,109,0,0
75697,174,155,19,19
75698,103,97,6,6
75699,124,103,21,21
75700,74,73,1,1
75701,96,81,15,15
75702,112,96,16,16
75703,78,71,7,7
75704,59,55,4,4
75705,54,49,5,5
75706,86,73,13,13
75707,99,99,0,0
75708,120,122,-2,2
75709,134,115,19,19
75710,141,119,22,22
75711,99,92,7,7
75712,92,81,11,11
75713,121,110,11,11
75714,74,64,10,10
75715,101,82,19,19
75716,14,76,-62,62
75717,80,69,11,11
75718,88,73,15,15
75719,60,59,1,1
75720,112,103,9,9
75721,153,124,29,29
75722,108,95,13,13
75723,98,89,9,9
75724,78,86,-8,8
75725,115,131,-16,16
75726,71,62,9,9
75727,129,117,12,12
75728,56,55,1,1
75729,68,59,9,9
75730,80,70,10,10
75731,110,110,0,0
75732,86,86,0,0
75733,139,121,18,18
75734,125,109,16,16
75735,73,69,4,4
75736,122,104,18,18
75737,99,89,10,10
75738,78,65,13,13
75739,150,126,24,24
75740,112,87,25,25
75741,95,86,9,9
75742,85,76,9,9
75743,67,64,3,3
75744,91,78,13,13
75745,110,91,19,19
75746,88,61,27,27
75747,115,116,-1,1
75748,78,70,8,8
75749,89,90,-1,1
75750,71,61,10,10
75751,65,56,9,9
75752,67,71,-4,4
75753,144,122,22,22
75754,98,90,8,8
75755,78,67,11,11
75756,130,124,6,6
75757,75,70,5,5
75758,83,71,12,12
75759,72,60,12,12
75760,106,92,14,14
75761,44,39,5,5
75762,108,98,10,10
75763,80,66,14,14
75764,98,93,5,5
75765,97,85,12,12
75766,124,124,0,0
75767,96,82,14,14
75768,71,61,10,10
75769,118,109,9,9
75770,115,97,18,18
75771,88,77,11,11
75772,104,91,13,13
75773,75,62,13,13
75774,115,97,18,18
75775,94,74,20,20
75776,97,88,9,9
75777,71,69,2,2
75778,73,76,-3,3
75779,64,60,4,4
75780,61,61,0,0
75781,46,39,7,7
75782,81,74,7,7
75783,56,54,2,2
75784,99,88,11,11
75785,131,130,1,1
75786,75,76,-1,1
75787,74,60,14,14
75788,111,98,13,13
75789,136,121,15,15
75790,81,71,10,10
75791,50,49,1,1
75792,95,80,15,15
75793,108,110,-2,2
75794,62,97,-35,35
75795,78,71,7,7
75796,92,74,18,18
75797,42,37,5,5
75798,102,99,3,3
75799,104,95,9,9
75800,55,58,-3,3
75801,69,66,3,3
75802,90,83,7,7
75803,63,50,13,13
75804,101,94,7,7
75805,43,41,2,2
75806,69,64,5,5
75807,109,97,12,12
75808,142,135,7,7
75809,140,124,16,16
75810,67,62,5,5
75811,62,57,5,5
75812,114,94,20,20
75813,107,98,9,9
75814,85,87,-2,2
75815,167,150,17,17
75816,163,153,10,10
75817,85,77,8,8
75818,73,71,2,2
75819,109,94,15,15
75820,61,58,3,3
75821,77,70,7,7
75822,207,167,40,40
75823,99,90,9,9
75824,182,154,28,28
75825,99,88,11,11
75826,83,75,8,8
75827,75,70,5,5
75828,139,126,13,13
75829,47,38,9,9
75830,65,71,-6,6
75831,143,101,42,42
75832,73,70,3,3
75833,79,73,6,6
75834,85,68,17,17
75835,88,82,6,6
75836,141,122,19,19
75837,71,81,-10,10
75838,96,85,11,11
75839,153,131,22,22
75840,133,112,21,21
75841,80,75,5,5
75842,171,159,12,12
75843,125,119,6,6
75844,91,75,16,16
75845,61,57,4,4
75846,131,108,23,23
75847,136,107,29,29
75848,58,56,2,2
75849,93,80,13,13
75850,88,78,10,10
75851,68,60,8,8
75852,129,119,10,10
75853,127,103,24,24
75854,98,131,-33,33
75855,87,76,11,11
75856,84,74,10,10
75857,51,67,-16,16
75858,72,62,10,10
75859,144,125,19,19
75860,96,85,11,11
75861,61,50,11,11
75862,86,73,13,13
75863,78,66,12,12
75864,51,53,-2,2
75865,151,134,17,17
75866,109,91,18,18
75867,108,106,2,2
75868,80,70,10,10
75869,67,51,16,16
75870,125,125,0,0
75871,75,63,12,12
75872,176,166,10,10
75873,105,97,8,8
75874,82,78,4,4
75875,146,134,12,12
75876,49,73,-24,24
75877,68,77,-9,9
75878,119,112,7,7
75879,40,35,5,5
75880,118,108,10,10
75881,65,59,6,6
75882,92,87,5,5
75883,69,59,10,10
75884,110,95,15,15
75885,94,82,12,12
75886,152,161,-9,9
75887,118,107,11,11
75888,72,65,7,7
75889,141,120,21,21
75890,43,41,2,2
75891,122,103,19,19
75892,73,64,9,9
75893,92,75,17,17
75894,101,102,-1,1
75895,66,58,8,8
75896,70,64,6,6
75897,43,43,0,0
75898,84,66,18,18
75899,83,86,-3,3
75900,71,58,13,13
75901,97,78,19,19
75902,116,102,14,14
75903,107,108,-1,1
75904,152,135,17,17
75905,130,137,-7,7
75906,49,42,7,7
75907,111,97,14,14
75908,124,102,22,22
75909,75,66,9,9
75910,112,120,-8,8
75911,111,107,4,4
75912,97,87,10,10
75913,47,39,8,8
75914,114,88,26,26
75915,107,101,6,6
75916,93,85,8,8
75917,107,94,13,13
75918,114,103,11,11
75919,124,120,4,4
75920,133,107,26,26
75921,64,54,10,10
75922,80,75,5,5
75923,155,128,27,27
75924,98,97,1,1
75925,82,65,17,17
75926,50,48,2,2
75927,64,55,9,9
75928,97,90,7,7
75929,123,103,20,20
75930,46,46,0,0
75931,78,59,19,19
75932,122,106,16,16
75933,181,148,33,33
75934,64,63,1,1
75935,56,53,3,3
75936,72,74,-2,2
75937,141,120,21,21
75938,126,108,18,18
75939,71,54,17,17
75940,81,60,21,21
75941,137,116,21,21
75942,91,81,10,10
75943,117,98,19,19
75944,160,142,18,18
75945,101,80,21,21
75946,55,60,-5,5
75947,104,96,8,8
75948,72,64,8,8
75949,165,149,16,16
75950,74,63,11,11
75951,72,65,7,7
75952,138,106,32,32
75953,87,75,12,12
75954,66,56,10,10
75955,78,74,4,4
75956,80,66,14,14
75957,111,103,8,8
75958,132,116,16,16
75959,70,61,9,9
75960,96,85,11,11
75961,127,114,13,13
75962,121,108,13,13
75963,57,50,7,7
75964,203,177,26,26
75965,94,80,14,14
75966,81,85,-4,4
75967,52,50,2,2
75968,150,125,25,25
75969,83,103,-20,20
75970,99,74,25,25
75971,64,56,8,8
75972,79,70,9,9
75973,81,76,5,5
75974,47,43,4,4
75975,54,48,6,6
75976,152,131,21,21
75977,44,44,0,0
75978,87,77,10,10
75979,161,138,23,23
75980,83,72,11,11
75981,75,69,6,6
75982,111,109,2,2
75983,60,52,8,8
75984,98,84,14,14
75985,74,73,1,1
75986,81,68,13,13
75987,113,105,8,8
75988,110,93,17,17
75989,84,77,7,7
75990,57,49,8,8
75991,70,59,11,11
75992,175,145,30,30
75993,95,88,7,7
75994,94,84,10,10
75995,107,94,13,13
75996,75,77,-2,2
75997,85,86,-1,1
75998,162,131,31,31
75999,93,84,9,9
76000,73,66,7,7
76001,86,79,7,7
76002,179,157,22,22
76003,202,178,24,24
76004,98,90,8,8
76005,85,80,5,5
76006,37,38,-1,1
76007,121,104,17,17
76008,128,111,17,17
76009,87,86,1,1
76010,141,131,10,10
76011,70,56,14,14
76012,151,138,13,13
76013,116,105,11,11
76014,81,68,13,13
76015,81,66,15,15
76016,89,79,10,10
76017,124,93,31,31
76018,94,87,7,7
76019,56,55,1,1
76020,151,132,19,19
76021,157,136,21,21
76022,70,66,4,4
76023,154,138,16,16
76024,130,116,14,14
76025,121,104,17,17
76026,119,115,4,4
76027,94,86,8,8
76028,62,68,-6,6
76029,99,82,17,17
76030,82,69,13,13
76031,145,135,10,10
76032,107,108,-1,1
76033,107,100,7,7
76034,128,107,21,21
76035,52,48,4,4
76036,103,91,12,12
76037,70,64,6,6
76038,161,144,17,17
76039,74,69,5,5
76040,70,65,5,5
76041,114,93,21,21
76042,150,139,11,11
76043,105,106,-1,1
76044,119,116,3,3
76045,71,68,3,3
76046,102,86,16,16
76047,43,49,-6,6
76048,84,77,7,7
76049,70,66,4,4
76050,82,73,9,9
76051,74,55,19,19
76052,98,83,15,15
76053,55,49,6,6
76054,110,102,8,8
76055,145,138,7,7
76056,80,69,11,11
76057,137,116,21,21
76058,77,77,0,0
76059,80,69,11,11
76060,73,60,13,13
76061,83,71,12,12
76062,100,82,18,18
76063,85,73,12,12
76064,101,93,8,8
76065,79,75,4,4
76066,89,88,1,1
76067,60,55,5,5
76068,112,87,25,25
76069,173,154,19,19
76070,60,49,11,11
76071,41,40,1,1
76072,57,56,1,1
76073,88,81,7,7
76074,101,86,15,15
76075,82,64,18,18
76076,100,88,12,12
76077,85,78,7,7
76078,117,93,24,24
76079,83,78,5,5
76080,162,131,31,31
76081,59,52,7,7
76082,127,108,19,19
76083,170,143,27,27
76084,114,94,20,20
76085,111,97,14,14
76086,44,40,4,4
76087,91,83,8,8
76088,76,76,0,0
76089,64,64,0,0
76090,67,56,11,11
76091,135,116,19,19
76092,75,67,8,8
76093,110,96,14,14
76094,84,73,11,11
76095,77,67,10,10
76096,97,89,8,8
76097,85,83,2,2
76098,61,47,14,14
76099,86,77,9,9
76100,75,64,11,11
76101,83,99,-16,16
76102,168,151,17,17
76103,97,86,11,11
76104,64,61,3,3
76105,126,104,22,22
76106,85,78,7,7
76107,111,106,5,5
76108,87,74,13,13
76109,101,100,1,1
76110,162,105,57,57
76111,143,133,10,10
76112,123,104,19,19
76113,82,69,13,13
76114,101,87,14,14
76115,92,95,-3,3
76116,87,89,-2,2
76117,93,74,19,19
76118,100,99,1,1
76119,92,76,16,16
76120,85,69,16,16
76121,49,45,4,4
76122,79,81,-2,2
76123,58,48,10,10
76124,85,82,3,3
76125,61,55,6,6
76126,140,126,14,14
76127,127,122,5,5
76128,152,137,15,15
76129,67,53,14,14
76130,64,58,6,6
76131,136,122,14,14
76132,74,62,12,12
76133,100,80,20,20
76134,158,129,29,29
76135,80,75,5,5
76136,88,75,13,13
76137,110,107,3,3
76138,74,59,15,15
76139,116,110,6,6
76140,82,68,14,14
76141,117,102,15,15
76142,81,69,12,12
76143,74,65,9,9
76144,104,91,13,13
76145,147,123,24,24
76146,82,70,12,12
76147,50,42,8,8
76148,180,153,27,27
76149,182,174,8,8
76150,63,64,-1,1
76151,190,153,37,37
76152,122,127,-5,5
76153,99,82,17,17
76154,66,62,4,4
76155,53,63,-10,10
76156,63,56,7,7
76157,125,122,3,3
76158,112,92,20,20
76159,85,81,4,4
76160,56,52,4,4
76161,85,75,10,10
76162,70,71,-1,1
76163,83,80,3,3
76164,135,120,15,15
76165,57,46,11,11
76166,84,73,11,11
76167,90,94,-4,4
76168,59,62,-3,3
76169,77,64,13,13
76170,64,53,11,11
76171,99,91,8,8
76172,109,93,16,16
76173,97,89,8,8
76174,92,79,13,13
76175,87,81,6,6
76176,42,41,1,1
76177,74,74,0,0
76178,162,166,-4,4
76179,125,106,19,19
76180,178,165,13,13
76181,98,103,-5,5
76182,89,84,5,5
76183,72,62,10,10
76184,78,67,11,11
76185,53,53,0,0
76186,85,71,14,14
76187,122,108,14,14
76188,101,97,4,4
76189,81,70,11,11
76190,128,80,48,48
76191,98,89,9,9
76192,154,147,7,7
76193,122,116,6,6
76194,63,53,10,10
76195,83,84,-1,1
76196,98,88,10,10
76197,70,64,6,6
76198,89,95,-6,6
76199,111,110,1,1
76200,44,49,-5,5
76201,48,50,-2,2
76202,104,90,14,14
76203,106,94,12,12
76204,148,119,29,29
76205,128,120,8,8
76206,118,104,14,14
76207,105,82,23,23
76208,141,138,3,3
76209,115,94,21,21
76210,161,143,18,18
76211,71,82,-11,11
76212,149,125,24,24
76213,77,64,13,13
76214,117,98,19,19
76215,119,107,12,12
76216,116,96,20,20
76217,88,80,8,8
76218,107,100,7,7
76219,72,72,0,0
76220,137,140,-3,3
76221,122,117,5,5
76222,126,116,10,10
76223,50,47,3,3
76224,119,95,24,24
76225,79,63,16,16
76226,124,118,6,6
76227,128,116,12,12
76228,132,107,25,25
76229,90,79,11,11
76230,95,89,6,6
76231,97,78,19,19
76232,63,57,6,6
76233,109,91,18,18
76234,133,130,3,3
76235,104,94,10,10
76236,35,59,-24,24
76237,72,69,3,3
76238,65,64,1,1
76239,120,103,17,17
76240,135,144,-9,9
76241,130,109,21,21
76242,137,123,14,14
76243,81,71,10,10
76244,83,78,5,5
76245,51,49,2,2
76246,77,70,7,7
76247,116,97,19,19
76248,72,73,-1,1
76249,97,93,4,4
76250,78,67,11,11
76251,63,54,9,9
76252,130,122,8,8
76253,158,139,19,19
76254,75,76,-1,1
76255,76,65,11,11
76256,101,90,11,11
76257,44,44,0,0
76258,74,64,10,10
76259,98,82,16,16
76260,134,121,13,13
76261,104,91,13,13
76262,88,78,10,10
76263,179,149,30,30
76264,46,46,0,0
76265,141,127,14,14
76266,91,73,18,18
76267,72,65,7,7
76268,82,70,12,12
76269,73,60,13,13
76270,139,122,17,17
76271,124,110,14,14
76272,100,88,12,12
76273,98,86,12,12
76274,80,70,10,10
76275,97,102,-5,5
76276,62,59,3,3
76277,136,127,9,9
76278,93,77,16,16
76279,104,93,11,11
76280,158,142,16,16
76281,105,91,14,14
76282,82,62,20,20
76283,150,133,17,17
76284,161,133,28,28
76285,68,58,10,10
76286,97,90,7,7
76287,106,93,13,13
76288,75,63,12,12
76289,95,84,11,11
76290,84,75,9,9
76291,144,114,30,30
76292,115,105,10,10
76293,45,44,1,1
76294,99,85,14,14
76295,91,81,10,10
76296,75,62,13,13
76297,134,105,29,29
76298,69,56,13,13
76299,74,65,9,9
76300,53,46,7,7
76301,74,70,4,4
76302,95,87,8,8
76303,54,48,6,6
76304,96,84,12,12
76305,93,81,12,12
76306,108,96,12,12
76307,104,106,-2,2
76308,80,70,10,10
76309,87,71,16,16
76310,98,93,5,5
76311,60,57,3,3
76312,65,59,6,6
76313,75,74,1,1
76314,80,79,1,1
76315,81,82,-1,1
76316,123,105,18,18
76317,89,87,2,2
76318,142,126,16,16
76319,64,56,8,8
76320,100,96,4,4
76321,45,53,-8,8
76322,118,99,19,19
76323,73,69,4,4
76324,74,68,6,6
76325,102,96,6,6
76326,66,69,-3,3
76327,120,113,7,7
76328,57,49,8,8
76329,149,122,27,27
76330,131,121,10,10
76331,81,65,16,16
76332,61,59,2,2
76333,89,82,7,7
76334,66,51,15,15
76335,64,57,7,7
76336,76,73,3,3
76337,124,107,17,17
76338,48,51,-3,3
76339,68,61,7,7
76340,100,93,7,7
76341,96,85,11,11
76342,50,43,7,7
76343,85,81,4,4
76344,85,77,8,8
76345,61,57,4,4
76346,91,74,17,17
76347,72,61,11,11
76348,129,103,26,26
76349,104,87,17,17
76350,54,59,-5,5
76351,53,47,6,6
76352,105,103,2,2
76353,91,94,-3,3
76354,66,70,-4,4
76355,59,52,7,7
76356,118,104,14,14
76357,109,105,4,4
76358,63,57,6,6
76359,63,51,12,12
76360,68,59,9,9
76361,166,159,7,7
76362,84,68,16,16
76363,66,56,10,10
76364,100,100,0,0
76365,104,88,16,16
76366,65,60,5,5
76367,57,57,0,0
76368,99,88,11,11
76369,96,103,-7,7
76370,71,62,9,9
76371,57,58,-1,1
76372,105,101,4,4
76373,88,75,13,13
76374,54,51,3,3
76375,181,148,33,33
76376,100,88,12,12
76377,103,91,12,12
76378,138,114,24,24
76379,65,64,1,1
76380,71,63,8,8
76381,70,59,11,11
76382,72,60,12,12
76383,66,52,14,14
76384,79,70,9,9
76385,169,156,13,13
76386,129,108,21,21
76387,129,99,30,30
76388,63,55,8,8
76389,92,79,13,13
76390,109,102,7,7
76391,58,52,6,6
76392,108,89,19,19
76393,107,88,19,19
76394,162,145,17,17
76395,57,48,9,9
76396,109,105,4,4
76397,86,79,7,7
76398,91,75,16,16
76399,89,69,20,20
76400,93,87,6,6
76401,70,60,10,10
76402,73,70,3,3
76403,71,62,9,9
76404,59,51,8,8
76405,166,146,20,20
76406,71,54,17,17
76407,71,54,17,17
76408,132,105,27,27
76409,103,100,3,3
76410,114,94,20,20
76411,103,100,3,3
76412,98,87,11,11
76413,92,76,16,16
76414,102,100,2,2
76415,113,106,7,7
76416,130,140,-10,10
76417,56,53,3,3
76418,127,109,18,18
76419,53,61,-8,8
76420,129,115,14,14
76421,93,81,12,12
76422,133,113,20,20
76423,93,79,14,14
76424,92,84,8,8
76425,45,47,-2,2
76426,96,76,20,20
76427,104,112,-8,8
76428,65,56,9,9
76429,114,97,17,17
76430,52,47,5,5
76431,80,77,3,3
76432,135,118,17,17
76433,78,95,-17,17
76434,69,59,10,10
76435,61,45,16,16
76436,75,62,13,13
76437,131,123,8,8
76438,108,106,2,2
76439,96,87,9,9
76440,178,154,24,24
76441,171,161,10,10
76442,81,69,12,12
76443,91,71,20,20
76444,69,68,1,1
76445,146,123,23,23
76446,111,84,27,27
76447,65,58,7,7
76448,86,77,9,9
76449,79,82,-3,3
76450,108,90,18,18
76451,94,83,11,11
76452,107,96,11,11
76453,100,85,15,15
76454,121,99,22,22
76455,144,143,1,1
76456,66,60,6,6
76457,40,44,-4,4
76458,99,91,8,8
76459,32,36,-4,4
76460,69,61,8,8
76461,145,133,12,12
76462,76,71,5,5
76463,85,73,12,12
76464,53,51,2,2
76465,27,31,-4,4
76466,55,61,-6,6
76467,41,36,5,5
76468,57,53,4,4
76469,83,76,7,7
76470,77,67,10,10
76471,85,84,1,1
76472,118,95,23,23
76473,55,52,3,3
76474,62,54,8,8
76475,111,98,13,13
76476,108,94,14,14
76477,89,82,7,7
76478,97,87,10,10
76479,94,89,5,5
76480,61,56,5,5
76481,82,78,4,4
76482,83,82,1,1
76483,140,115,25,25
76484,152,119,33,33
76485,86,71,15,15
76486,33,31,2,2
76487,88,80,8,8
76488,71,60,11,11
76489,97,105,-8,8
76490,81,78,3,3
76491,129,114,15,15
76492,55,53,2,2
76493,122,114,8,8
76494,103,98,5,5
76495,98,85,13,13
76496,89,74,15,15
76497,87,73,14,14
76498,79,76,3,3
76499,98,98,0,0
76500,49,50,-1,1
76501,82,76,6,6
76502,120,109,11,11
76503,108,97,11,11
76504,169,144,25,25
76505,161,143,18,18
76506,134,128,6,6
76507,96,91,5,5
76508,56,50,6,6
76509,101,96,5,5
76510,86,87,-1,1
76511,82,70,12,12
76512,85,83,2,2
76513,79,67,12,12
76514,78,73,5,5
76515,105,82,23,23
76516,142,123,19,19
76517,65,69,-4,4
76518,57,54,3,3
76519,81,73,8,8
76520,139,101,38,38
76521,84,70,14,14
76522,81,72,9,9
76523,154,121,33,33
76524,147,125,22,22
76525,153,133,20,20
76526,73,67,6,6
76527,141,123,18,18
76528,43,41,2,2
76529,101,87,14,14
76530,42,42,0,0
76531,78,71,7,7
76532,97,99,-2,2
76533,65,62,3,3
76534,58,52,6,6
76535,79,80,-1,1
76536,95,85,10,10
76537,105,109,-4,4
76538,37,36,1,1
76539,82,71,11,11
76540,130,113,17,17
76541,99,100,-1,1
76542,125,92,33,33
76543,51,52,-1,1
76544,87,75,12,12
76545,147,141,6,6
76546,61,54,7,7
76547,122,110,12,12
76548,70,66,4,4
76549,81,64,17,17
76550,93,83,10,10
76551,136,125,11,11
76552,61,62,-1,1
76553,75,77,-2,2
76554,118,96,22,22
76555,110,102,8,8
76556,153,148,5,5
76557,57,48,9,9
76558,128,106,22,22
76559,118,98,20,20
76560,81,82,-1,1
76561,82,69,13,13
76562,126,111,15,15
76563,110,95,15,15
76564,91,84,7,7
76565,106,79,27,27
76566,92,78,14,14
76567,74,70,4,4
76568,119,105,14,14
76569,47,44,3,3
76570,81,79,2,2
76571,101,83,18,18
76572,91,78,13,13
76573,68,60,8,8
76574,119,104,15,15
76575,90,77,13,13
76576,104,96,8,8
76577,80,74,6,6
76578,84,73,11,11
76579,132,110,22,22
76580,32,61,-29,29
76581,139,122,17,17
76582,85,72,13,13
76583,83,73,10,10
76584,55,51,4,4
76585,98,96,2,2
76586,177,154,23,23
76587,81,74,7,7
76588,90,88,2,2
76589,133,109,24,24
76590,85,59,26,26
76591,58,45,13,13
76592,133,118,15,15
76593,81,69,12,12
76594,149,125,24,24
76595,107,96,11,11
76596,113,87,26,26
76597,108,87,21,21
76598,93,83,10,10
76599,100,81,19,19
76600,66,61,5,5
76601,109,92,17,17
76602,77,77,0,0
76603,208,162,46,46
76604,79,77,2,2
76605,74,63,11,11
76606,74,63,11,11
76607,131,114,17,17
76608,127,104,23,23
76609,77,64,13,13
76610,100,80,20,20
76611,82,98,-16,16
76612,100,94,6,6
76613,65,65,0,0
76614,97,91,6,6
76615,146,117,29,29
76616,99,79,20,20
76617,117,99,18,18
76618,71,63,8,8
76619,60,47,13,13
76620,75,69,6,6
76621,46,41,5,5
76622,121,96,25,25
76623,55,44,11,11
76624,119,111,8,8
76625,178,160,18,18
76626,131,117,14,14
76627,123,107,16,16
76628,99,88,11,11
76629,164,146,18,18
76630,69,62,7,7
76631,55,50,5,5
76632,148,139,9,9
76633,67,60,7,7
76634,138,127,11,11
76635,115,98,17,17
76636,134,115,19,19
76637,91,87,4,4
76638,94,83,11,11
76639,114,101,13,13
76640,92,81,11,11
76641,98,89,9,9
76642,41,32,9,9
76643,49,49,0,0
76644,59,62,-3,3
76645,90,78,12,12
76646,165,138,27,27
76647,53,50,3,3
76648,67,52,15,15
76649,77,67,10,10
76650,87,75,12,12
76651,65,59,6,6
76652,133,120,13,13
76653,98,85,13,13
76654,103,94,9,9
76655,85,75,10,10
76656,153,132,21,21
76657,85,66,19,19
76658,126,121,5,5
76659,102,101,1,1
76660,115,102,13,13
76661,78,70,8,8
76662,152,147,5,5
76663,72,66,6,6
76664,65,60,5,5
76665,71,63,8,8
76666,134,125,9,9
76667,104,94,10,10
76668,54,54,0,0
76669,133,112,21,21
76670,99,72,27,27
76671,69,62,7,7
76672,169,151,18,18
76673,94,85,9,9
76674,106,102,4,4
76675,86,79,7,7
76676,107,93,14,14
76677,52,53,-1,1
76678,71,67,4,4
76679,87,72,15,15
76680,155,151,4,4
76681,58,52,6,6
76682,144,120,24,24
76683,111,95,16,16
76684,90,81,9,9
76685,74,55,19,19
76686,100,84,16,16
76687,112,100,12,12
76688,117,103,14,14
76689,48,81,-33,33
76690,107,85,22,22
76691,144,128,16,16
76692,86,67,19,19
76693,101,86,15,15
76694,94,87,7,7
76695,129,106,23,23
76696,132,120,12,12
76697,61,57,4,4
76698,103,99,4,4
76699,104,87,17,17
76700,135,107,28,28
76701,76,75,1,1
76702,112,104,8,8
76703,114,81,33,33
76704,69,58,11,11
76705,92,73,19,19
76706,80,73,7,7
76707,139,116,23,23
76708,76,64,12,12
76709,71,61,10,10
76710,100,92,8,8
76711,106,89,17,17
76712,145,127,18,18
76713,76,76,0,0
76714,92,90,2,2
76715,49,41,8,8
76716,110,95,15,15
76717,92,84,8,8
76718,173,132,41,41
76719,98,88,10,10
76720,175,140,35,35
76721,75,79,-4,4
76722,103,81,22,22
76723,111,116,-5,5
76724,215,184,31,31
76725,131,112,19,19
76726,67,66,1,1
76727,127,126,1,1
76728,72,64,8,8
76729,43,59,-16,16
76730,65,56,9,9
76731,69,60,9,9
76732,149,143,6,6
76733,75,62,13,13
76734,81,71,10,10
76735,76,58,18,18
76736,53,57,-4,4
76737,79,79,0,0
76738,152,130,22,22
76739,97,90,7,7
76740,48,46,2,2
76741,107,97,10,10
76742,118,108,10,10
76743,78,65,13,13
76744,98,83,15,15
76745,121,104,17,17
76746,108,92,16,16
76747,59,51,8,8
76748,95,94,1,1
76749,98,88,10,10
76750,71,61,10,10
76751,76,67,9,9
76752,100,99,1,1
76753,70,63,7,7
76754,71,58,13,13
76755,94,60,34,34
76756,86,83,3,3
76757,102,96,6,6
76758,106,93,13,13
76759,74,71,3,3
76760,49,50,-1,1
76761,103,85,18,18
76762,70,67,3,3
76763,168,155,13,13
76764,66,64,2,2
76765,128,122,6,6
76766,110,96,14,14
76767,82,64,18,18
76768,92,72,20,20
76769,187,170,17,17
76770,101,108,-7,7
76771,47,43,4,4
76772,72,64,8,8
76773,77,67,10,10
76774,30,31,-1,1
76775,124,114,10,10
76776,218,174,44,44
76777,110,102,8,8
76778,106,100,6,6
76779,133,109,24,24
76780,88,66,22,22
76781,58,56,2,2
76782,184,153,31,31
76783,152,123,29,29
76784,87,83,4,4
76785,167,139,28,28
76786,93,88,5,5
76787,130,101,29,29
76788,96,78,18,18
76789,119,112,7,7
76790,81,72,9,9
76791,52,47,5,5
76792,66,57,9,9
76793,102,97,5,5
76794,76,64,12,12
76795,117,94,23,23
76796,98,84,14,14
76797,81,75,6,6
76798,99,94,5,5
76799,81,67,14,14
76800,64,63,1,1
76801,139,132,7,7
76802,84,77,7,7
76803,68,59,9,9
76804,42,40,2,2
76805,73,58,15,15
76806,158,109,49,49
76807,101,93,8,8
76808,122,103,19,19
76809,76,75,1,1
76810,129,143,-14,14
76811,99,81,18,18
76812,71,57,14,14
76813,80,73,7,7
76814,141,120,21,21
76815,48,40,8,8
76816,146,126,20,20
76817,83,78,5,5
76818,102,91,11,11
76819,87,79,8,8
76820,83,69,14,14
76821,63,64,-1,1
76822,89,79,10,10
76823,142,121,21,21
76824,90,88,2,2
76825,97,84,13,13
76826,130,115,15,15
76827,88,74,14,14
76828,146,133,13,13
76829,118,97,21,21
76830,124,106,18,18
76831,108,108,0,0
76832,53,52,1,1
76833,78,70,8,8
76834,54,50,4,4
76835,121,101,20,20
76836,105,102,3,3
76837,47,51,-4,4
76838,58,48,10,10
76839,126,101,25,25
76840,165,131,34,34
76841,118,101,17,17
76842,54,51,3,3
76843,98,83,15,15
76844,39,32,7,7
76845,88,84,4,4
76846,85,84,1,1
76847,92,93,-1,1
76848,101,93,8,8
76849,69,70,-1,1
76850,70,60,10,10
76851,57,82,-25,25
76852,89,78,11,11
76853,165,146,19,19
76854,88,78,10,10
76855,142,123,19,19
76856,109,104,5,5
76857,105,94,11,11
76858,94,89,5,5
76859,124,108,16,16
76860,119,102,17,17
76861,41,35,6,6
76862,102,90,12,12
76863,90,67,23,23
76864,126,117,9,9
76865,59,65,-6,6
76866,74,65,9,9
76867,104,100,4,4
76868,101,87,14,14
76869,102,88,14,14
76870,123,118,5,5
76871,90,79,11,11
76872,85,72,13,13
76873,85,84,1,1
76874,57,51,6,6
76875,73,68,5,5
76876,73,72,1,1
76877,106,99,7,7
76878,47,39,8,8
76879,91,86,5,5
76880,93,73,20,20
76881,63,66,-3,3
76882,80,68,12,12
76883,71,63,8,8
76884,92,77,15,15
76885,125,105,20,20
76886,82,82,0,0
76887,97,89,8,8
76888,59,50,9,9
76889,125,122,3,3
76890,115,94,21,21
76891,103,91,12,12
76892,97,86,11,11
76893,89,79,10,10
76894,78,69,9,9
76895,159,133,26,26
76896,117,115,2,2
76897,100,82,18,18
76898,104,95,9,9
76899,97,96,1,1
76900,114,93,21,21
76901,118,115,3,3
76902,99,75,24,24
76903,98,85,13,13
76904,114,101,13,13
76905,99,92,7,7
76906,95,83,12,12
76907,68,66,2,2
76908,119,102,17,17
76909,125,105,20,20
76910,74,67,7,7
76911,97,84,13,13
76912,101,88,13,13
76913,157,142,15,15
76914,141,125,16,16
76915,132,123,9,9
76916,104,93,11,11
76917,85,79,6,6
76918,110,100,10,10
76919,91,95,-4,4
76920,53,44,9,9
76921,81,72,9,9
76922,78,70,8,8
76923,79,82,-3,3
76924,73,58,15,15
76925,81,77,4,4
76926,89,78,11,11
76927,78,68,10,10
76928,122,98,24,24
76929,64,59,5,5
76930,52,49,3,3
76931,87,81,6,6
76932,134,123,11,11
76933,104,90,14,14
76934,116,110,6,6
76935,102,94,8,8
76936,160,111,49,49
76937,83,71,12,12
76938,159,155,4,4
76939,130,124,6,6
76940,92,79,13,13
76941,95,77,18,18
76942,179,171,8,8
76943,132,99,33,33
76944,53,48,5,5
76945,100,84,16,16
76946,105,88,17,17
76947,77,70,7,7
76948,115,104,11,11
76949,126,115,11,11
76950,91,82,9,9
76951,79,70,9,9
76952,40,42,-2,2
76953,128,111,17,17
76954,145,132,13,13
76955,153,129,24,24
76956,81,69,12,12
76957,113,110,3,3
76958,138,112,26,26
76959,100,93,7,7
76960,77,63,14,14
76961,71,65,6,6
76962,110,101,9,9
76963,118,102,16,16
76964,137,128,9,9
76965,94,79,15,15
76966,65,57,8,8
76967,52,61,-9,9
76968,74,66,8,8
76969,68,53,15,15
76970,101,95,6,6
76971,104,91,13,13
76972,138,117,21,21
76973,71,61,10,10
76974,140,113,27,27
76975,83,74,9,9
76976,91,81,10,10
76977,125,105,20,20
76978,77,73,4,4
76979,63,55,8,8
76980,116,100,16,16
76981,102,91,11,11
76982,121,117,4,4
76983,116,101,15,15
76984,181,163,18,18
76985,112,110,2,2
76986,151,145,6,6
76987,127,110,17,17
76988,87,79,8,8
76989,123,110,13,13
76990,74,76,-2,2
76991,161,143,18,18
76992,48,48,0,0
76993,207,178,29,29
76994,124,114,10,10
76995,91,89,2,2
76996,104,93,11,11
76997,118,110,8,8
76998,112,101,11,11
76999,70,61,9,9
77000,76,63,13,13
77001,133,112,21,21
77002,79,67,12,12
77003,56,61,-5,5
77004,111,120,-9,9
77005,48,47,1,1
77006,80,61,19,19
77007,144,128,16,16
77008,39,32,7,7
77009,91,82,9,9
77010,97,88,9,9
77011,93,75,18,18
77012,142,122,20,20
77013,116,102,14,14
77014,86,74,12,12
77015,128,117,11,11
77016,101,96,5,5
77017,53,54,-1,1
77018,153,136,17,17
77019,69,69,0,0
77020,101,81,20,20
77021,146,133,13,13
77022,107,98,9,9
77023,86,78,8,8
77024,44,42,2,2
77025,64,62,2,2
77026,90,68,22,22
77027,69,61,8,8
77028,78,75,3,3
77029,141,125,16,16
77030,54,45,9,9
77031,61,47,14,14
77032,140,116,24,24
77033,158,122,36,36
77034,96,82,14,14
77035,159,142,17,17
77036,155,128,27,27
77037,152,128,24,24
77038,62,50,12,12
77039,84,68,16,16
77040,197,175,22,22
77041,123,110,13,13
77042,80,72,8,8
77043,25,28,-3,3
77044,140,132,8,8
77045,65,65,0,0
77046,67,87,-20,20
77047,62,59,3,3
77048,71,60,11,11
77049,138,127,11,11
77050,73,66,7,7
77051,84,78,6,6
77052,227,180,47,47
77053,97,82,15,15
77054,47,45,2,2
77055,74,71,3,3
77056,75,71,4,4
77057,64,60,4,4
77058,107,96,11,11
77059,60,48,12,12
77060,70,63,7,7
77061,117,92,25,25
77062,110,106,4,4
77063,118,107,11,11
77064,86,76,10,10
77065,61,64,-3,3
77066,72,63,9,9
77067,153,129,24,24
77068,92,85,7,7
77069,117,108,9,9
77070,79,70,9,9
77071,111,90,21,21
77072,48,45,3,3
77073,71,55,16,16
77074,100,91,9,9
77075,90,77,13,13
77076,67,63,4,4
77077,111,99,12,12
77078,68,63,5,5
77079,113,96,17,17
77080,78,86,-8,8
77081,94,81,13,13
77082,86,80,6,6
77083,131,122,9,9
77084,142,116,26,26
77085,83,82,1,1
77086,62,70,-8,8
77087,74,59,15,15
77088,143,127,16,16
77089,163,143,20,20
77090,78,68,10,10
77091,42,35,7,7
77092,69,61,8,8
77093,68,56,12,12
77094,132,113,19,19
77095,59,51,8,8
77096,107,95,12,12
77097,107,99,8,8
77098,49,44,5,5
77099,114,100,14,14
77100,87,73,14,14
77101,103,77,26,26
77102,122,100,22,22
77103,114,102,12,12
77104,172,147,25,25
77105,69,64,5,5
77106,57,54,3,3
77107,108,100,8,8
77108,80,85,-5,5
77109,70,62,8,8
77110,126,116,10,10
77111,102,86,16,16
77112,45,41,4,4
77113,72,62,10,10
77114,174,143,31,31
77115,101,96,5,5
77116,53,47,6,6
77117,71,62,9,9
77118,157,155,2,2
77119,139,119,20,20
77120,116,95,21,21
77121,86,68,18,18
77122,96,81,15,15
77123,107,101,6,6
77124,98,99,-1,1
77125,89,81,8,8
77126,117,114,3,3
77127,108,99,9,9
77128,54,48,6,6
77129,116,106,10,10
77130,111,99,12,12
77131,139,131,8,8
77132,74,64,10,10
77133,117,110,7,7
77134,106,104,2,2
77135,158,134,24,24
77136,97,88,9,9
77137,70,59,11,11
77138,106,97,9,9
77139,82,67,15,15
77140,141,115,26,26
77141,132,116,16,16
77142,114,95,19,19
77143,145,124,21,21
77144,56,55,1,1
77145,109,87,22,22
77146,131,103,28,28
77147,154,105,49,49
77148,73,61,12,12
77149,63,61,2,2
77150,134,137,-3,3
77151,91,72,19,19
77152,127,110,17,17
77153,42,38,4,4
77154,101,98,3,3
77155,52,42,10,10
77156,143,130,13,13
77157,92,77,15,15
77158,84,71,13,13
77159,101,106,-5,5
77160,117,107,10,10
77161,85,78,7,7
77162,52,49,3,3
77163,74,60,14,14
77164,78,59,19,19
77165,64,59,5,5
77166,90,83,7,7
77167,59,64,-5,5
77168,53,53,0,0
77169,94,86,8,8
77170,77,67,10,10
77171,108,80,28,28
77172,138,120,18,18
77173,83,77,6,6
77174,150,126,24,24
77175,108,97,11,11
77176,64,60,4,4
77177,101,102,-1,1
77178,92,78,14,14
77179,150,124,26,26
77180,133,121,12,12
77181,42,46,-4,4
77182,43,40,3,3
77183,63,59,4,4
77184,82,77,5,5
77185,56,43,13,13
77186,101,101,0,0
77187,65,67,-2,2
77188,112,99,13,13
77189,50,46,4,4
77190,130,112,18,18
77191,88,89,-1,1
77192,74,60,14,14
77193,129,123,6,6
77194,57,60,-3,3
77195,110,98,12,12
77196,99,93,6,6
77197,77,60,17,17
77198,117,100,17,17
77199,107,89,18,18
77200,62,55,7,7
77201,75,70,5,5
77202,97,94,3,3
77203,54,51,3,3
77204,80,66,14,14
77205,84,76,8,8
77206,52,47,5,5
77207,106,94,12,12
77208,99,105,-6,6
77209,92,78,14,14
77210,53,49,4,4
77211,135,122,13,13
77212,116,92,24,24
77213,96,92,4,4
77214,116,102,14,14
77215,90,79,11,11
77216,187,144,43,43
77217,55,82,-27,27
77218,48,35,13,13
77219,77,75,2,2
77220,74,67,7,7
77221,97,93,4,4
77222,159,142,17,17
77223,127,114,13,13
77224,83,74,9,9
77225,67,61,6,6
77226,103,89,14,14
77227,68,52,16,16
77228,75,62,13,13
77229,88,79,9,9
77230,82,105,-23,23
77231,128,106,22,22
77232,177,149,28,28
77233,140,120,20,20
77234,108,80,28,28
77235,59,46,13,13
77236,97,88,9,9
77237,105,93,12,12
77238,59,53,6,6
77239,74,64,10,10
77240,63,55,8,8
77241,53,52,1,1
77242,67,60,7,7
77243,88,76,12,12
77244,116,104,12,12
77245,141,128,13,13
77246,123,112,11,11
77247,111,99,12,12
77248,89,75,14,14
77249,112,96,16,16
77250,118,103,15,15
77251,51,49,2,2
77252,165,141,24,24
77253,70,69,1,1
77254,92,77,15,15
77255,156,121,35,35
77256,160,126,34,34
77257,64,57,7,7
77258,137,125,12,12
77259,93,75,18,18
77260,124,116,8,8
77261,77,74,3,3
77262,128,114,14,14
77263,79,59,20,20
77264,61,61,0,0
77265,112,91,21,21
77266,45,43,2,2
77267,67,53,14,14
77268,126,113,13,13
77269,92,81,11,11
77270,74,71,3,3
77271,67,65,2,2
77272,105,88,17,17
77273,167,156,11,11
77274,131,115,16,16
77275,84,113,-29,29
77276,110,111,-1,1
77277,72,67,5,5
77278,71,99,-28,28
77279,115,110,5,5
77280,159,136,23,23
77281,82,82,0,0
77282,100,101,-1,1
77283,70,57,13,13
77284,104,97,7,7
77285,49,42,7,7
77286,104,96,8,8
77287,101,99,2,2
77288,66,62,4,4
77289,87,78,9,9
77290,85,85,0,0
77291,124,123,1,1
77292,121,102,19,19
77293,97,82,15,15
77294,63,55,8,8
77295,93,85,8,8
77296,79,66,13,13
77297,49,43,6,6
77298,95,85,10,10
77299,76,70,6,6
77300,133,121,12,12
77301,66,61,5,5
77302,85,79,6,6
77303,228,227,1,1
77304,124,121,3,3
77305,90,73,17,17
77306,95,82,13,13
77307,54,53,1,1
77308,82,61,21,21
77309,155,131,24,24
77310,173,151,22,22
77311,171,141,30,30
77312,42,49,-7,7
77313,141,127,14,14
77314,92,79,13,13
77315,94,80,14,14
77316,82,76,6,6
77317,132,112,20,20
77318,124,107,17,17
77319,94,79,15,15
77320,60,54,6,6
77321,58,55,3,3
77322,102,98,4,4
77323,112,99,13,13
77324,121,108,13,13
77325,133,129,4,4
77326,54,62,-8,8
77327,105,101,4,4
77328,82,76,6,6
77329,104,88,16,16
77330,91,72,19,19
77331,103,100,3,3
77332,96,93,3,3
77333,147,141,6,6
77334,95,87,8,8
77335,111,107,4,4
77336,106,100,6,6
77337,59,52,7,7
77338,77,64,13,13
77339,97,73,24,24
77340,73,51,22,22
77341,105,89,16,16
77342,122,105,17,17
77343,55,56,-1,1
77344,108,99,9,9
77345,59,52,7,7
77346,124,114,10,10
77347,116,109,7,7
77348,100,85,15,15
77349,76,72,4,4
77350,102,87,15,15
77351,95,89,6,6
77352,138,114,24,24
77353,119,107,12,12
77354,78,72,6,6
77355,108,99,9,9
77356,34,30,4,4
77357,105,95,10,10
77358,120,102,18,18
77359,91,81,10,10
77360,103,102,1,1
77361,75,67,8,8
77362,176,147,29,29
77363,85,71,14,14
77364,75,68,7,7
77365,103,95,8,8
77366,81,75,6,6
77367,105,104,1,1
77368,50,52,-2,2
77369,118,104,14,14
77370,163,146,17,17
77371,137,116,21,21
77372,167,154,13,13
77373,116,105,11,11
77374,52,44,8,8
77375,115,99,16,16
77376,188,169,19,19
77377,187,161,26,26
77378,84,75,9,9
77379,124,108,16,16
77380,95,84,11,11
77381,79,78,1,1
77382,72,56,16,16
77383,68,60,8,8
77384,116,105,11,11
77385,83,85,-2,2
77386,94,81,13,13
77387,63,59,4,4
77388,200,187,13,13
77389,61,55,6,6
77390,148,127,21,21
77391,56,54,2,2
77392,110,97,13,13
77393,94,85,9,9
77394,59,60,-1,1
77395,76,61,15,15
77396,67,66,1,1
77397,102,95,7,7
77398,165,135,30,30
77399,79,73,6,6
77400,74,59,15,15
77401,136,114,22,22
77402,116,94,22,22
77403,95,92,3,3
77404,112,100,12,12
77405,65,61,4,4
77406,43,38,5,5
77407,92,79,13,13
77408,48,42,6,6
77409,75,67,8,8
77410,118,106,12,12
77411,99,76,23,23
77412,101,87,14,14
77413,41,55,-14,14
77414,78,81,-3,3
77415,129,106,23,23
77416,109,104,5,5
77417,81,70,11,11
77418,167,143,24,24
77419,55,68,-13,13
77420,202,168,34,34
77421,118,102,16,16
77422,122,114,8,8
77423,67,59,8,8
77424,67,58,9,9
77425,54,51,3,3
77426,54,53,1,1
77427,89,83,6,6
77428,107,94,13,13
77429,94,84,10,10
77430,72,56,16,16
77431,127,116,11,11
77432,84,86,-2,2
77433,64,61,3,3
77434,96,86,10,10
77435,116,100,16,16
77436,127,112,15,15
77437,128,109,19,19
77438,118,119,-1,1
77439,62,57,5,5
77440,73,60,13,13
77441,36,38,-2,2
77442,165,129,36,36
77443,100,93,7,7
77444,65,59,6,6
77445,75,71,4,4
77446,75,79,-4,4
77447,97,92,5,5
77448,93,93,0,0
77449,57,57,0,0
77450,59,55,4,4
77451,85,71,14,14
77452,99,100,-1,1
77453,87,79,8,8
77454,102,101,1,1
77455,75,68,7,7
77456,92,83,9,9
77457,79,81,-2,2
77458,50,54,-4,4
77459,48,45,3,3
77460,217,172,45,45
77461,132,109,23,23
77462,101,93,8,8
77463,82,72,10,10
77464,116,107,9,9
77465,112,92,20,20
77466,66,73,-7,7
77467,81,78,3,3
77468,56,50,6,6
77469,97,78,19,19
77470,84,67,17,17
77471,37,35,2,2
77472,74,62,12,12
77473,127,114,13,13
77474,54,54,0,0
77475,80,69,11,11
77476,57,45,12,12
77477,106,69,37,37
77478,91,80,11,11
77479,103,93,10,10
77480,114,91,23,23
77481,131,125,6,6
77482,85,74,11,11
77483,85,81,4,4
77484,93,87,6,6
77485,74,70,4,4
77486,88,82,6,6
77487,52,47,5,5
77488,41,40,1,1
77489,82,71,11,11
77490,112,97,15,15
77491,67,60,7,7
77492,69,68,1,1
77493,150,124,26,26
77494,93,85,8,8
77495,63,52,11,11
77496,95,79,16,16
77497,46,45,1,1
77498,72,64,8,8
77499,77,83,-6,6
77500,87,83,4,4
77501,121,115,6,6
77502,149,123,26,26
77503,82,61,21,21
77504,57,49,8,8
77505,127,102,25,25
77506,103,85,18,18
77507,96,83,13,13
77508,82,71,11,11
77509,161,139,22,22
77510,133,115,18,18
77511,73,61,12,12
77512,71,55,16,16
77513,168,154,14,14
77514,137,125,12,12
77515,72,58,14,14
77516,77,79,-2,2
77517,114,104,10,10
77518,115,101,14,14
77519,70,57,13,13
77520,78,73,5,5
77521,118,111,7,7
77522,88,76,12,12
77523,81,67,14,14
77524,118,106,12,12
77525,60,51,9,9
77526,98,91,7,7
77527,99,77,22,22
77528,55,49,6,6
77529,100,88,12,12
77530,75,71,4,4
77531,77,62,15,15
77532,139,127,12,12
77533,99,83,16,16
77534,106,98,8,8
77535,92,89,3,3
77536,87,79,8,8
77537,55,58,-3,3
77538,89,89,0,0
77539,106,103,3,3
77540,161,146,15,15
77541,72,69,3,3
77542,119,97,22,22
77543,90,72,18,18
77544,110,97,13,13
77545,51,49,2,2
77546,63,60,3,3
77547,42,45,-3,3
77548,85,69,16,16
77549,144,126,18,18
77550,69,68,1,1
77551,43,39,4,4
77552,94,89,5,5
77553,178,172,6,6
77554,80,70,10,10
77555,65,58,7,7
77556,62,60,2,2
77557,62,57,5,5
77558,144,132,12,12
77559,102,89,13,13
77560,104,92,12,12
77561,45,47,-2,2
77562,57,49,8,8
77563,132,95,37,37
77564,105,90,15,15
77565,99,88,11,11
77566,60,64,-4,4
77567,72,66,6,6
77568,122,114,8,8
77569,141,124,17,17
77570,94,81,13,13
77571,89,85,4,4
77572,43,46,-3,3
77573,160,138,22,22
77574,84,67,17,17
77575,84,73,11,11
77576,90,88,2,2
77577,68,63,5,5
77578,189,161,28,28
77579,77,78,-1,1
77580,59,60,-1,1
77581,139,129,10,10
77582,98,89,9,9
77583,147,124,23,23
77584,158,124,34,34
77585,97,81,16,16
77586,109,104,5,5
77587,112,98,14,14
77588,74,65,9,9
77589,155,133,22,22
77590,75,66,9,9
77591,129,113,16,16
77592,189,172,17,17
77593,98,93,5,5
77594,68,66,2,2
77595,100,89,11,11
77596,136,111,25,25
77597,144,128,16,16
77598,123,112,11,11
77599,60,52,8,8
77600,131,112,19,19
77601,74,75,-1,1
77602,148,109,39,39
77603,112,93,19,19
77604,60,59,1,1
77605,89,77,12,12
77606,83,81,2,2
77607,100,81,19,19
77608,70,63,7,7
77609,119,116,3,3
77610,52,53,-1,1
77611,72,66,6,6
77612,127,112,15,15
77613,82,75,7,7
77614,65,53,12,12
77615,75,60,15,15
77616,65,55,10,10
77617,80,91,-11,11
77618,95,108,-13,13
77619,74,72,2,2
77620,107,94,13,13
77621,63,59,4,4
77622,117,102,15,15
77623,83,67,16,16
77624,74,62,12,12
77625,56,43,13,13
77626,143,138,5,5
77627,61,62,-1,1
77628,92,87,5,5
77629,147,147,0,0
77630,68,67,1,1
77631,95,82,13,13
77632,80,77,3,3
77633,129,108,21,21
77634,133,141,-8,8
77635,47,43,4,4
77636,65,49,16,16
77637,85,67,18,18
77638,100,87,13,13
77639,113,99,14,14
77640,104,90,14,14
77641,70,59,11,11
77642,16,27,-11,11
77643,102,88,14,14
77644,125,106,19,19
77645,83,76,7,7
77646,114,91,23,23
77647,150,136,14,14
77648,164,140,24,24
77649,97,83,14,14
77650,71,60,11,11
77651,78,71,7,7
77652,128,110,18,18
77653,111,94,17,17
77654,78,67,11,11
77655,83,74,9,9
77656,84,73,11,11
77657,81,72,9,9
77658,103,103,0,0
77659,91,85,6,6
77660,79,71,8,8
77661,84,75,9,9
77662,143,113,30,30
77663,97,88,9,9
77664,85,79,6,6
77665,120,101,19,19
77666,88,90,-2,2
77667,114,85,29,29
77668,116,97,19,19
77669,72,73,-1,1
77670,101,84,17,17
77671,129,117,12,12
77672,119,94,25,25
77673,86,79,7,7
77674,75,75,0,0
77675,76,65,11,11
77676,84,72,12,12
77677,75,68,7,7
77678,124,106,18,18
77679,177,178,-1,1
77680,75,68,7,7
77681,117,109,8,8
77682,99,119,-20,20
77683,50,43,7,7
77684,70,68,2,2
77685,115,101,14,14
77686,60,50,10,10
77687,96,83,13,13
77688,142,127,15,15
77689,87,72,15,15
77690,112,105,7,7
77691,116,92,24,24
77692,56,52,4,4
77693,158,146,12,12
77694,188,164,24,24
77695,181,153,28,28
77696,104,80,24,24
77697,159,144,15,15
77698,122,116,6,6
77699,69,65,4,4
77700,105,88,17,17
77701,84,83,1,1
77702,80,71,9,9
77703,62,53,9,9
77704,75,64,11,11
77705,72,69,3,3
77706,86,73,13,13
77707,99,91,8,8
77708,59,50,9,9
77709,104,90,14,14
77710,78,70,8,8
77711,97,92,5,5
77712,129,109,20,20
77713,64,62,2,2
77714,105,89,16,16
77715,93,78,15,15
77716,92,83,9,9
77717,40,33,7,7
77718,98,94,4,4
77719,132,123,9,9
77720,67,69,-2,2
77721,51,74,-23,23
77722,81,84,-3,3
77723,142,128,14,14
77724,145,123,22,22
77725,72,56,16,16
77726,102,88,14,14
77727,87,74,13,13
77728,111,98,13,13
77729,80,69,11,11
77730,85,75,10,10
77731,144,121,23,23
77732,66,66,0,0
77733,98,82,16,16
77734,91,82,9,9
77735,61,58,3,3
77736,46,47,-1,1
77737,89,88,1,1
77738,105,85,20,20
77739,102,84,18,18
77740,100,95,5,5
77741,58,59,-1,1
77742,116,104,12,12
77743,73,69,4,4
77744,96,87,9,9
77745,89,77,12,12
77746,79,75,4,4
77747,74,64,10,10
77748,100,79,21,21
77749,35,44,-9,9
77750,49,42,7,7
77751,79,70,9,9
77752,102,83,19,19
77753,104,75,29,29
77754,198,161,37,37
77755,136,110,26,26
77756,62,62,0,0
77757,100,90,10,10
77758,89,79,10,10
77759,131,115,16,16
77760,82,72,10,10
77761,157,134,23,23
77762,71,64,7,7
77763,54,47,7,7
77764,115,111,4,4
77765,80,75,5,5
77766,69,61,8,8
77767,80,66,14,14
77768,89,80,9,9
77769,91,81,10,10
77770,171,136,35,35
77771,86,70,16,16
77772,120,110,10,10
77773,72,66,6,6
77774,67,55,12,12
77775,122,129,-7,7
77776,71,63,8,8
77777,119,107,12,12
77778,80,69,11,11
77779,110,91,19,19
77780,47,47,0,0
77781,193,159,34,34
77782,80,67,13,13
77783,52,51,1,1
77784,61,55,6,6
77785,90,103,-13,13
77786,85,75,10,10
77787,74,65,9,9
77788,85,82,3,3
77789,125,135,-10,10
77790,150,132,18,18
77791,89,77,12,12
77792,93,80,13,13
77793,131,123,8,8
77794,66,61,5,5
77795,78,65,13,13
77796,151,137,14,14
77797,91,83,8,8
77798,75,73,2,2
77799,39,36,3,3
77800,54,44,10,10
77801,106,91,15,15
77802,128,121,7,7
77803,49,48,1,1
77804,124,110,14,14
77805,76,66,10,10
77806,89,75,14,14
77807,48,40,8,8
77808,135,144,-9,9
77809,108,99,9,9
77810,113,91,22,22
77811,97,84,13,13
77812,155,144,11,11
77813,154,132,22,22
77814,118,97,21,21
77815,87,69,18,18
77816,56,54,2,2
77817,56,69,-13,13
77818,70,71,-1,1
77819,45,44,1,1
77820,49,66,-17,17
77821,91,71,20,20
77822,76,62,14,14
77823,81,90,-9,9
77824,121,108,13,13
77825,109,98,11,11
77826,72,60,12,12
77827,75,70,5,5
77828,35,39,-4,4
77829,90,86,4,4
77830,132,117,15,15
77831,140,146,-6,6
77832,75,71,4,4
77833,76,65,11,11
77834,111,119,-8,8
77835,92,88,4,4
77836,120,124,-4,4
77837,119,105,14,14
77838,78,76,2,2
77839,86,76,10,10
77840,60,57,3,3
77841,158,133,25,25
77842,94,84,10,10
77843,126,108,18,18
77844,112,91,21,21
77845,112,94,18,18
77846,73,67,6,6
77847,94,86,8,8
77848,133,112,21,21
77849,70,52,18,18
77850,83,67,16,16
77851,117,106,11,11
77852,104,92,12,12
77853,109,95,14,14
77854,173,140,33,33
77855,55,62,-7,7
77856,46,41,5,5
77857,36,32,4,4
77858,76,69,7,7
77859,136,119,17,17
77860,102,89,13,13
77861,110,99,11,11
77862,94,82,12,12
77863,80,71,9,9
77864,149,128,21,21
77865,249,210,39,39
77866,150,142,8,8
77867,49,49,0,0
77868,58,46,12,12
77869,54,46,8,8
77870,83,61,22,22
77871,119,100,19,19
77872,58,54,4,4
77873,123,101,22,22
77874,125,102,23,23
77875,115,107,8,8
77876,74,79,-5,5
77877,71,57,14,14
77878,162,129,33,33
77879,96,86,10,10
77880,63,49,14,14
77881,87,82,5,5
77882,74,53,21,21
77883,70,80,-10,10
77884,114,106,8,8
77885,72,59,13,13
77886,58,59,-1,1
77887,117,100,17,17
77888,77,87,-10,10
77889,57,57,0,0
77890,142,125,17,17
77891,57,58,-1,1
77892,77,68,9,9
77893,100,110,-10,10
77894,92,95,-3,3
77895,53,50,3,3
77896,98,81,17,17
77897,96,84,12,12
77898,67,57,10,10
77899,69,62,7,7
77900,108,99,9,9
77901,97,84,13,13
77902,75,60,15,15
77903,97,90,7,7
77904,127,107,20,20
77905,87,72,15,15
77906,86,75,11,11
77907,84,67,17,17
77908,86,76,10,10
77909,88,78,10,10
77910,97,87,10,10
77911,86,76,10,10
77912,79,75,4,4
77913,183,157,26,26
77914,97,90,7,7
77915,136,123,13,13
77916,78,70,8,8
77917,128,115,13,13
77918,116,100,16,16
77919,167,150,17,17
77920,143,145,-2,2
77921,72,70,2,2
77922,101,87,14,14
77923,89,79,10,10
77924,63,54,9,9
77925,136,117,19,19
77926,129,115,14,14
77927,77,75,2,2
77928,70,72,-2,2
77929,114,97,17,17
77930,100,103,-3,3
77931,133,112,21,21
77932,130,116,14,14
77933,64,51,13,13
77934,105,92,13,13
77935,171,138,33,33
77936,120,102,18,18
77937,95,83,12,12
77938,72,67,5,5
77939,75,64,11,11
77940,110,89,21,21
77941,119,100,19,19
77942,184,161,23,23
77943,132,116,16,16
77944,128,125,3,3
77945,78,79,-1,1
77946,124,114,10,10
77947,123,113,10,10
77948,105,87,18,18
77949,51,52,-1,1
77950,89,91,-2,2
77951,58,56,2,2
77952,112,97,15,15
77953,97,86,11,11
77954,95,89,6,6
77955,79,74,5,5
77956,85,74,11,11
77957,135,108,27,27
77958,127,117,10,10
77959,95,74,21,21
77960,141,133,8,8
77961,76,71,5,5
77962,63,58,5,5
77963,106,91,15,15
77964,95,81,14,14
77965,91,79,12,12
77966,147,132,15,15
77967,124,106,18,18
77968,88,72,16,16
77969,70,63,7,7
77970,80,82,-2,2
77971,41,43,-2,2
77972,59,49,10,10
77973,97,94,3,3
77974,61,56,5,5
77975,148,123,25,25
77976,106,90,16,16
77977,102,103,-1,1
77978,66,53,13,13
77979,75,61,14,14
77980,98,81,17,17
77981,58,46,12,12
77982,59,56,3,3
77983,53,45,8,8
77984,53,71,-18,18
77985,121,98,23,23
77986,101,79,22,22
77987,145,125,20,20
77988,57,53,4,4
77989,74,59,15,15
77990,65,57,8,8
77991,79,78,1,1
77992,117,101,16,16
77993,65,57,8,8
77994,64,61,3,3
77995,81,65,16,16
77996,125,96,29,29
77997,67,59,8,8
77998,69,63,6,6
77999,59,48,11,11
78000,126,107,19,19
78001,106,100,6,6
78002,63,57,6,6
78003,89,87,2,2
78004,120,90,30,30
78005,97,88,9,9
78006,70,58,12,12
78007,116,111,5,5
78008,77,59,18,18
78009,49,42,7,7
78010,71,57,14,14
78011,64,65,-1,1
78012,72,53,19,19
78013,128,101,27,27
78014,98,83,15,15
78015,66,63,3,3
78016,112,103,9,9
78017,51,46,5,5
78018,85,74,11,11
78019,100,81,19,19
78020,92,77,15,15
78021,111,101,10,10
78022,100,107,-7,7
78023,96,84,12,12
78024,166,140,26,26
78025,137,132,5,5
78026,72,63,9,9
78027,115,107,8,8
78028,88,77,11,11
78029,91,86,5,5
78030,103,85,18,18
78031,47,46,1,1
78032,86,82,4,4
78033,136,115,21,21
78034,157,149,8,8
78035,124,111,13,13
78036,137,126,11,11
78037,101,90,11,11
78038,74,55,19,19
78039,85,66,19,19
78040,45,39,6,6
78041,168,143,25,25
78042,115,94,21,21
78043,116,118,-2,2
78044,84,84,0,0
78045,102,94,8,8
78046,59,58,1,1
78047,106,101,5,5
78048,60,60,0,0
78049,123,107,16,16
78050,85,68,17,17
78051,60,58,2,2
78052,82,65,17,17
78053,160,136,24,24
78054,82,73,9,9
78055,83,75,8,8
78056,73,69,4,4
78057,113,103,10,10
78058,95,78,17,17
78059,100,83,17,17
78060,40,43,-3,3
78061,80,70,10,10
78062,110,97,13,13
78063,144,135,9,9
78064,115,94,21,21
78065,64,74,-10,10
78066,119,98,21,21
78067,102,97,5,5
78068,159,129,30,30
78069,104,88,16,16
78070,91,79,12,12
78071,133,122,11,11
78072,98,87,11,11
78073,96,93,3,3
78074,134,118,16,16
78075,160,136,24,24
78076,59,64,-5,5
78077,74,64,10,10
78078,106,86,20,20
78079,64,55,9,9
78080,90,85,5,5
78081,67,60,7,7
78082,100,90,10,10
78083,68,59,9,9
78084,159,145,14,14
78085,87,78,9,9
78086,123,118,5,5
78087,78,69,9,9
78088,95,79,16,16
78089,56,62,-6,6
78090,102,93,9,9
78091,108,85,23,23
78092,73,60,13,13
78093,111,102,9,9
78094,137,118,19,19
78095,84,78,6,6
78096,89,72,17,17
78097,70,69,1,1
78098,78,72,6,6
78099,152,136,16,16
78100,81,74,7,7
78101,49,46,3,3
78102,69,63,6,6
78103,102,80,22,22
78104,62,53,9,9
78105,91,80,11,11
78106,72,42,30,30
78107,47,41,6,6
78108,184,145,39,39
78109,103,84,19,19
78110,69,69,0,0
78111,51,55,-4,4
78112,120,120,0,0
78113,105,77,28,28
78114,46,50,-4,4
78115,75,64,11,11
78116,71,61,10,10
78117,45,48,-3,3
78118,80,79,1,1
78119,79,81,-2,2
78120,78,65,13,13
78121,62,63,-1,1
78122,86,74,12,12
78123,122,114,8,8
78124,101,85,16,16
78125,72,63,9,9
78126,141,129,12,12
78127,69,66,3,3
78128,93,81,12,12
78129,55,47,8,8
78130,121,106,15,15
78131,105,98,7,7
78132,99,77,22,22
78133,195,157,38,38
78134,76,68,8,8
78135,124,107,17,17
78136,100,73,27,27
78137,152,139,13,13
78138,108,96,12,12
78139,49,45,4,4
78140,176,152,24,24
78141,104,172,-68,68
78142,81,59,22,22
78143,97,86,11,11
78144,58,51,7,7
78145,110,95,15,15
78146,55,52,3,3
78147,69,58,11,11
78148,107,122,-15,15
78149,71,65,6,6
78150,88,77,11,11
78151,43,48,-5,5
78152,117,108,9,9
78153,81,56,25,25
78154,75,72,3,3
78155,108,101,7,7
78156,63,58,5,5
78157,74,69,5,5
78158,68,62,6,6
78159,62,55,7,7
78160,52,44,8,8
78161,78,75,3,3
78162,108,104,4,4
78163,188,156,32,32
78164,61,57,4,4
78165,77,67,10,10
78166,97,79,18,18
78167,67,64,3,3
78168,77,94,-17,17
78169,91,84,7,7
78170,69,65,4,4
78171,131,123,8,8
78172,56,46,10,10
78173,49,48,1,1
78174,126,113,13,13
78175,114,102,12,12
78176,90,80,10,10
78177,75,77,-2,2
78178,83,69,14,14
78179,92,90,2,2
78180,83,75,8,8
78181,89,70,19,19
78182,85,77,8,8
78183,70,53,17,17
78184,108,93,15,15
78185,71,65,6,6
78186,68,54,14,14
78187,70,63,7,7
78188,107,101,6,6
78189,58,51,7,7
78190,51,48,3,3
78191,55,58,-3,3
78192,161,149,12,12
78193,46,43,3,3
78194,92,81,11,11
78195,154,136,18,18
78196,83,75,8,8
78197,128,114,14,14
78198,73,63,10,10
78199,87,78,9,9
78200,122,102,20,20
78201,108,81,27,27
78202,76,81,-5,5
78203,59,63,-4,4
78204,83,77,6,6
78205,92,84,8,8
78206,96,85,11,11
78207,105,86,19,19
78208,58,59,-1,1
78209,81,68,13,13
78210,110,89,21,21
78211,44,48,-4,4
78212,81,76,5,5
78213,63,64,-1,1
78214,78,69,9,9
78215,68,65,3,3
78216,120,118,2,2
78217,181,158,23,23
78218,141,120,21,21
78219,178,153,25,25
78220,64,50,14,14
78221,72,65,7,7
78222,45,37,8,8
78223,143,115,28,28
78224,145,119,26,26
78225,111,99,12,12
78226,86,81,5,5
78227,125,119,6,6
78228,79,73,6,6
78229,67,64,3,3
78230,173,149,24,24
78231,81,76,5,5
78232,88,87,1,1
78233,63,60,3,3
78234,66,77,-11,11
78235,96,86,10,10
78236,100,72,28,28
78237,57,48,9,9
78238,125,102,23,23
78239,156,134,22,22
78240,125,107,18,18
78241,133,121,12,12
78242,66,58,8,8
78243,159,150,9,9
78244,44,55,-11,11
78245,67,54,13,13
78246,105,94,11,11
78247,77,70,7,7
78248,64,65,-1,1
78249,62,81,-19,19
78250,69,55,14,14
78251,163,137,26,26
78252,62,57,5,5
78253,50,49,1,1
78254,100,92,8,8
78255,108,93,15,15
78256,70,65,5,5
78257,97,82,15,15
78258,83,68,15,15
78259,137,136,1,1
78260,70,64,6,6
78261,122,89,33,33
78262,79,78,1,1
78263,52,63,-11,11
78264,86,83,3,3
78265,93,76,17,17
78266,93,99,-6,6
78267,62,60,2,2
78268,109,86,23,23
78269,107,99,8,8
78270,83,76,7,7
78271,57,50,7,7
78272,61,56,5,5
78273,43,39,4,4
78274,156,130,26,26
78275,102,88,14,14
78276,56,63,-7,7
78277,199,159,40,40
78278,103,93,10,10
78279,77,69,8,8
78280,147,142,5,5
78281,99,100,-1,1
78282,74,97,-23,23
78283,71,57,14,14
78284,142,130,12,12
78285,72,59,13,13
78286,28,65,-37,37
78287,99,98,1,1
78288,145,140,5,5
78289,51,44,7,7
78290,132,126,6,6
78291,102,91,11,11
78292,69,61,8,8
78293,142,129,13,13
78294,52,42,10,10
78295,87,84,3,3
78296,122,115,7,7
78297,93,95,-2,2
78298,85,80,5,5
78299,101,88,13,13
78300,88,82,6,6
78301,64,59,5,5
78302,131,115,16,16
78303,91,82,9,9
78304,174,140,34,34
78305,50,48,2,2
78306,78,77,1,1
78307,76,74,2,2
78308,118,106,12,12
78309,56,51,5,5
78310,53,49,4,4
78311,98,94,4,4
78312,119,113,6,6
78313,133,119,14,14
78314,66,60,6,6
78315,117,113,4,4
78316,94,82,12,12
78317,79,75,4,4
78318,114,107,7,7
78319,96,74,22,22
78320,81,77,4,4
78321,83,78,5,5
78322,74,69,5,5
78323,89,77,12,12
78324,73,75,-2,2
78325,160,142,18,18
78326,120,103,17,17
78327,52,48,4,4
78328,127,119,8,8
78329,93,81,12,12
78330,108,107,1,1
78331,95,87,8,8
78332,75,69,6,6
78333,124,99,25,25
78334,90,81,9,9
78335,101,94,7,7
78336,44,44,0,0
78337,113,97,16,16
78338,64,67,-3,3
78339,135,116,19,19
78340,147,129,18,18
78341,112,106,6,6
78342,63,62,1,1
78343,91,91,0,0
78344,93,65,28,28
78345,116,101,15,15
78346,124,120,4,4
78347,127,118,9,9
78348,114,110,4,4
78349,137,104,33,33
78350,56,54,2,2
78351,54,50,4,4
78352,78,73,5,5
78353,71,66,5,5
78354,72,68,4,4
78355,67,65,2,2
78356,48,40,8,8
78357,115,123,-8,8
78358,53,48,5,5
78359,95,86,9,9
78360,56,60,-4,4
78361,45,38,7,7
78362,209,180,29,29
78363,85,85,0,0
78364,80,69,11,11
78365,139,132,7,7
78366,64,58,6,6
78367,83,77,6,6
78368,121,104,17,17
78369,102,99,3,3
78370,94,83,11,11
78371,119,104,15,15
78372,59,60,-1,1
78373,61,77,-16,16
78374,74,63,11,11
78375,76,68,8,8
78376,91,84,7,7
78377,132,106,26,26
78378,54,53,1,1
78379,74,70,4,4
78380,96,80,16,16
78381,60,59,1,1
78382,91,88,3,3
78383,102,93,9,9
78384,131,118,13,13
78385,95,81,14,14
78386,35,34,1,1
78387,70,71,-1,1
78388,115,94,21,21
78389,63,60,3,3
78390,70,73,-3,3
78391,73,63,10,10
78392,79,70,9,9
78393,114,108,6,6
78394,75,76,-1,1
78395,103,89,14,14
78396,111,95,16,16
78397,110,106,4,4
78398,55,52,3,3
78399,89,88,1,1
78400,53,56,-3,3
78401,114,93,21,21
78402,104,97,7,7
78403,45,36,9,9
78404,122,105,17,17
78405,72,70,2,2
78406,140,122,18,18
78407,132,107,25,25
78408,127,144,-17,17
78409,133,118,15,15
78410,66,59,7,7
78411,99,86,13,13
78412,112,102,10,10
78413,104,78,26,26
78414,143,126,17,17
78415,107,90,17,17
78416,122,111,11,11
78417,166,155,11,11
78418,169,153,16,16
78419,165,152,13,13
78420,147,116,31,31
78421,63,55,8,8
78422,71,69,2,2
78423,59,54,5,5
78424,127,117,10,10
78425,168,141,27,27
78426,43,41,2,2
78427,103,91,12,12
78428,109,92,17,17
78429,99,95,4,4
78430,71,63,8,8
78431,94,86,8,8
78432,104,91,13,13
78433,96,88,8,8
78434,85,72,13,13
78435,122,94,28,28
78436,85,77,8,8
78437,49,49,0,0
78438,44,60,-16,16
78439,65,54,11,11
78440,78,72,6,6
78441,117,104,13,13
78442,103,88,15,15
78443,106,84,22,22
78444,97,94,3,3
78445,167,163,4,4
78446,50,46,4,4
78447,134,115,19,19
78448,100,100,0,0
78449,81,73,8,8
78450,108,102,6,6
78451,55,51,4,4
78452,82,76,6,6
78453,94,102,-8,8
78454,94,79,15,15
78455,61,56,5,5
78456,141,126,15,15
78457,79,72,7,7
78458,71,71,0,0
78459,48,44,4,4
78460,140,131,9,9
78461,70,65,5,5
78462,63,54,9,9
78463,137,116,21,21
78464,40,36,4,4
78465,103,88,15,15
78466,67,69,-2,2
78467,82,70,12,12
78468,119,111,8,8
78469,131,117,14,14
78470,77,83,-6,6
78471,98,80,18,18
78472,148,148,0,0
78473,91,76,15,15
78474,95,91,4,4
78475,60,55,5,5
78476,72,67,5,5
78477,123,108,15,15
78478,68,59,9,9
78479,124,123,1,1
78480,128,116,12,12
78481,114,109,5,5
78482,90,80,10,10
78483,108,100,8,8
78484,114,95,19,19
78485,33,48,-15,15
78486,95,86,9,9
78487,113,99,14,14
78488,57,51,6,6
78489,71,60,11,11
78490,110,77,33,33
78491,67,62,5,5
78492,59,56,3,3
78493,105,98,7,7
78494,132,110,22,22
78495,93,90,3,3
78496,90,85,5,5
78497,134,114,20,20
78498,32,33,-1,1
78499,108,135,-27,27
78500,81,71,10,10
78501,94,86,8,8
78502,116,109,7,7
78503,131,119,12,12
78504,63,65,-2,2
78505,96,83,13,13
78506,71,57,14,14
78507,71,59,12,12
78508,79,75,4,4
78509,115,101,14,14
78510,48,55,-7,7
78511,85,71,14,14
78512,113,94,19,19
78513,89,79,10,10
78514,131,114,17,17
78515,91,84,7,7
78516,72,62,10,10
78517,169,142,27,27
78518,133,125,8,8
78519,176,131,45,45
78520,118,112,6,6
78521,71,70,1,1
78522,65,61,4,4
78523,144,115,29,29
78524,72,74,-2,2
78525,70,66,4,4
78526,70,62,8,8
78527,117,95,22,22
78528,97,85,12,12
78529,57,52,5,5
78530,61,75,-14,14
78531,80,69,11,11
78532,92,81,11,11
78533,85,80,5,5
78534,125,104,21,21
78535,90,90,0,0
78536,80,70,10,10
78537,71,66,5,5
78538,149,121,28,28
78539,69,60,9,9
78540,104,86,18,18
78541,95,80,15,15
78542,129,98,31,31
78543,144,109,35,35
78544,61,55,6,6
78545,130,107,23,23
78546,144,124,20,20
78547,39,37,2,2
78548,114,100,14,14
78549,48,40,8,8
78550,94,77,17,17
78551,92,77,15,15
78552,101,81,20,20
78553,79,72,7,7
78554,113,94,19,19
78555,69,70,-1,1
78556,41,43,-2,2
78557,69,64,5,5
78558,108,97,11,11
78559,66,59,7,7
78560,93,74,19,19
78561,86,72,14,14
78562,79,73,6,6
78563,80,75,5,5
78564,87,76,11,11
78565,179,151,28,28
78566,67,52,15,15
78567,71,71,0,0
78568,86,70,16,16
78569,92,88,4,4
78570,109,102,7,7
78571,45,49,-4,4
78572,84,79,5,5
78573,158,142,16,16
78574,92,76,16,16
78575,75,62,13,13
78576,84,73,11,11
78577,65,64,1,1
78578,104,87,17,17
78579,44,39,5,5
78580,198,153,45,45
78581,124,105,19,19
78582,134,109,25,25
78583,122,104,18,18
78584,77,68,9,9
78585,103,89,14,14
78586,98,84,14,14
78587,59,46,13,13
78588,87,67,20,20
78589,74,62,12,12
78590,67,66,1,1
78591,85,78,7,7
78592,79,63,16,16
78593,96,90,6,6
78594,121,111,10,10
78595,98,102,-4,4
78596,145,122,23,23
78597,110,95,15,15
78598,144,132,12,12
78599,85,73,12,12
78600,114,110,4,4
78601,95,83,12,12
78602,51,53,-2,2
78603,97,83,14,14
78604,81,62,19,19
78605,81,70,11,11
78606,85,77,8,8
78607,154,142,12,12
78608,125,110,15,15
78609,97,92,5,5
78610,161,134,27,27
78611,144,114,30,30
78612,127,111,16,16
78613,88,77,11,11
78614,180,151,29,29
78615,90,88,2,2
78616,66,61,5,5
78617,95,82,13,13
78618,94,92,2,2
78619,75,70,5,5
78620,65,64,1,1
78621,111,110,1,1
78622,67,57,10,10
78623,86,84,2,2
78624,141,120,21,21
78625,102,89,13,13
78626,142,132,10,10
78627,188,175,13,13
78628,62,52,10,10
78629,104,98,6,6
78630,63,53,10,10
78631,100,86,14,14
78632,148,126,22,22
78633,103,97,6,6
78634,122,115,7,7
78635,69,62,7,7
78636,89,78,11,11
78637,113,86,27,27
78638,135,122,13,13
78639,158,132,26,26
78640,74,57,17,17
78641,54,48,6,6
78642,106,95,11,11
78643,56,76,-20,20
78644,113,97,16,16
78645,95,78,17,17
78646,134,119,15,15
78647,73,68,5,5
78648,51,43,8,8
78649,50,40,10,10
78650,33,30,3,3
78651,130,108,22,22
78652,111,120,-9,9
78653,58,51,7,7
78654,103,90,13,13
78655,136,127,9,9
78656,99,89,10,10
78657,99,83,16,16
78658,116,100,16,16
78659,149,129,20,20
78660,69,61,8,8
78661,81,80,1,1
78662,57,52,5,5
78663,85,72,13,13
78664,78,83,-5,5
78665,94,82,12,12
78666,112,93,19,19
78667,141,108,33,33
78668,133,111,22,22
78669,85,86,-1,1
78670,100,96,4,4
78671,62,53,9,9
78672,121,106,15,15
78673,54,49,5,5
78674,154,139,15,15
78675,142,115,27,27
78676,104,108,-4,4
78677,103,88,15,15
78678,70,57,13,13
78679,118,104,14,14
78680,115,102,13,13
78681,145,132,13,13
78682,106,99,7,7
78683,114,104,10,10
78684,87,73,14,14
78685,155,126,29,29
78686,142,121,21,21
78687,132,115,17,17
78688,94,83,11,11
78689,142,128,14,14
78690,150,135,15,15
78691,53,50,3,3
78692,94,79,15,15
78693,85,88,-3,3
78694,62,59,3,3
78695,53,48,5,5
78696,81,79,2,2
78697,175,155,20,20
78698,55,46,9,9
78699,72,73,-1,1
78700,93,78,15,15
78701,73,74,-1,1
78702,47,50,-3,3
78703,67,61,6,6
78704,117,102,15,15
78705,104,93,11,11
78706,76,66,10,10
78707,99,73,26,26
78708,131,113,18,18
78709,84,81,3,3
78710,105,105,0,0
78711,157,124,33,33
78712,111,107,4,4
78713,91,83,8,8
78714,74,76,-2,2
78715,79,70,9,9
78716,103,85,18,18
78717,119,102,17,17
78718,163,78,85,85
78719,69,61,8,8
78720,112,97,15,15
78721,55,56,-1,1
78722,97,89,8,8
78723,99,81,18,18
78724,58,59,-1,1
78725,125,104,21,21
78726,88,75,13,13
78727,81,67,14,14
78728,158,147,11,11
78729,55,51,4,4
78730,114,108,6,6
78731,95,86,9,9
78732,87,97,-10,10
78733,139,111,28,28
78734,79,67,12,12
78735,75,63,12,12
78736,56,51,5,5
78737,113,127,-14,14
78738,148,126,22,22
78739,160,129,31,31
78740,97,82,15,15
78741,88,80,8,8
78742,89,79,10,10
78743,101,88,13,13
78744,53,49,4,4
78745,97,100,-3,3
78746,67,62,5,5
78747,117,98,19,19
78748,72,59,13,13
78749,40,44,-4,4
78750,48,40,8,8
78751,88,72,16,16
78752,95,73,22,22
78753,132,118,14,14
78754,63,56,7,7
78755,95,83,12,12
78756,84,73,11,11
78757,33,30,3,3
78758,70,63,7,7
78759,154,136,18,18
78760,163,137,26,26
78761,175,147,28,28
78762,92,80,12,12
78763,150,136,14,14
78764,67,64,3,3
78765,127,122,5,5
78766,131,119,12,12
78767,194,162,32,32
78768,113,99,14,14
78769,106,92,14,14
78770,88,74,14,14
78771,75,68,7,7
78772,56,61,-5,5
78773,86,86,0,0
78774,66,53,13,13
78775,171,150,21,21
78776,127,108,19,19
78777,110,96,14,14
78778,93,86,7,7
78779,89,76,13,13
78780,72,71,1,1
78781,98,81,17,17
78782,77,72,5,5
78783,93,84,9,9
78784,112,87,25,25
78785,68,62,6,6
78786,104,102,2,2
78787,78,68,10,10
78788,69,68,1,1
78789,48,44,4,4
78790,65,66,-1,1
78791,109,101,8,8
78792,90,93,-3,3
78793,141,121,20,20
78794,100,93,7,7
78795,133,123,10,10
78796,110,91,19,19
78797,54,49,5,5
78798,71,64,7,7
78799,144,126,18,18
78800,57,53,4,4
78801,88,83,5,5
78802,107,90,17,17
78803,128,113,15,15
78804,93,90,3,3
78805,136,129,7,7
78806,107,84,23,23
78807,151,127,24,24
78808,114,99,15,15
78809,67,57,10,10
78810,94,85,9,9
78811,90,74,16,16
78812,105,87,18,18
78813,132,109,23,23
78814,90,78,12,12
78815,120,114,6,6
78816,91,86,5,5
78817,155,144,11,11
78818,62,58,4,4
78819,109,91,18,18
78820,100,96,4,4
78821,160,129,31,31
78822,96,84,12,12
78823,104,101,3,3
78824,93,85,8,8
78825,72,66,6,6
78826,59,64,-5,5
78827,74,63,11,11
78828,83,66,17,17
78829,92,72,20,20
78830,100,96,4,4
78831,87,74,13,13
78832,122,110,12,12
78833,78,70,8,8
78834,79,67,12,12
78835,138,112,26,26
78836,158,135,23,23
78837,75,67,8,8
78838,100,84,16,16
78839,134,112,22,22
78840,138,145,-7,7
78841,82,80,2,2
78842,52,46,6,6
78843,74,69,5,5
78844,60,53,7,7
78845,49,50,-1,1
78846,45,34,11,11
78847,83,71,12,12
78848,55,54,1,1
78849,74,62,12,12
78850,96,80,16,16
78851,71,66,5,5
78852,73,68,5,5
78853,104,105,-1,1
78854,57,48,9,9
78855,79,69,10,10
78856,109,98,11,11
78857,65,53,12,12
78858,129,132,-3,3
78859,75,63,12,12
78860,209,173,36,36
78861,102,82,20,20
78862,102,96,6,6
78863,142,115,27,27
78864,140,115,25,25
78865,44,42,2,2
78866,102,97,5,5
78867,89,71,18,18
78868,86,72,14,14
78869,85,80,5,5
78870,88,72,16,16
78871,77,76,1,1
78872,123,116,7,7
78873,62,66,-4,4
78874,163,147,16,16
78875,114,105,9,9
78876,55,53,2,2
78877,112,104,8,8
78878,125,112,13,13
78879,123,112,11,11
78880,96,85,11,11
78881,111,95,16,16
78882,136,113,23,23
78883,75,68,7,7
78884,134,122,12,12
78885,77,76,1,1
78886,98,90,8,8
78887,94,80,14,14
78888,77,72,5,5
78889,83,71,12,12
78890,97,76,21,21
78891,82,74,8,8
78892,126,109,17,17
78893,159,139,20,20
78894,100,96,4,4
78895,100,106,-6,6
78896,121,104,17,17
78897,117,93,24,24
78898,81,73,8,8
78899,90,77,13,13
78900,68,59,9,9
78901,110,100,10,10
78902,118,116,2,2
78903,97,82,15,15
78904,81,68,13,13
78905,105,93,12,12
78906,95,80,15,15
78907,66,75,-9,9
78908,109,100,9,9
78909,141,131,10,10
78910,52,42,10,10
78911,80,63,17,17
78912,93,81,12,12
78913,76,68,8,8
78914,111,102,9,9
78915,107,90,17,17
78916,132,115,17,17
78917,100,90,10,10
78918,138,114,24,24
78919,122,105,17,17
78920,105,95,10,10
78921,85,78,7,7
78922,96,71,25,25
78923,60,53,7,7
78924,106,93,13,13
78925,47,50,-3,3
78926,97,86,11,11
78927,36,35,1,1
78928,111,88,23,23
78929,121,118,3,3
78930,85,68,17,17
78931,95,73,22,22
78932,78,72,6,6
78933,113,107,6,6
78934,72,62,10,10
78935,110,108,2,2
78936,38,38,0,0
78937,133,119,14,14
78938,52,64,-12,12
78939,49,45,4,4
78940,57,49,8,8
78941,209,157,52,52
78942,93,89,4,4
78943,62,57,5,5
78944,51,51,0,0
78945,82,96,-14,14
78946,77,68,9,9
78947,165,139,26,26
78948,58,50,8,8
78949,108,93,15,15
78950,43,45,-2,2
78951,83,75,8,8
78952,92,80,12,12
78953,127,107,20,20
78954,47,42,5,5
78955,78,68,10,10
78956,62,53,9,9
78957,136,113,23,23
78958,121,114,7,7
78959,79,74,5,5
78960,83,83,0,0
78961,100,95,5,5
78962,86,89,-3,3
78963,89,85,4,4
78964,74,60,14,14
78965,133,120,13,13
78966,107,96,11,11
78967,89,73,16,16
78968,72,65,7,7
78969,78,73,5,5
78970,52,48,4,4
78971,94,76,18,18
78972,107,95,12,12
78973,61,51,10,10
78974,224,184,40,40
78975,75,58,17,17
78976,53,50,3,3
78977,95,89,6,6
78978,63,54,9,9
78979,133,122,11,11
78980,45,37,8,8
78981,65,59,6,6
78982,93,81,12,12
78983,68,66,2,2
78984,86,78,8,8
78985,116,104,12,12
78986,112,104,8,8
78987,79,63,16,16
78988,83,68,15,15
78989,136,133,3,3
78990,58,54,4,4
78991,98,83,15,15
78992,216,196,20,20
78993,135,120,15,15
78994,87,78,9,9
78995,99,86,13,13
78996,85,74,11,11
78997,57,52,5,5
78998,69,59,10,10
78999,72,66,6,6
79000,42,46,-4,4
79001,50,48,2,2
79002,120,105,15,15
79003,43,44,-1,1
79004,58,49,9,9
79005,64,65,-1,1
79006,47,47,0,0
79007,118,98,20,20
79008,91,100,-9,9
79009,115,104,11,11
79010,132,120,12,12
79011,124,112,12,12
79012,127,129,-2,2
79013,90,74,16,16
79014,142,132,10,10
79015,72,64,8,8
79016,91,85,6,6
79017,93,88,5,5
79018,159,144,15,15
79019,76,72,4,4
79020,89,85,4,4
79021,127,93,34,34
79022,76,69,7,7
79023,101,85,16,16
79024,95,85,10,10
79025,82,73,9,9
79026,109,97,12,12
79027,108,90,18,18
79028,84,78,6,6
79029,184,163,21,21
79030,77,66,11,11
79031,92,72,20,20
79032,57,54,3,3
79033,104,87,17,17
79034,118,108,10,10
79035,111,95,16,16
79036,78,58,20,20
79037,122,112,10,10
79038,72,66,6,6
79039,106,87,19,19
79040,61,49,12,12
79041,106,97,9,9
79042,122,111,11,11
79043,119,106,13,13
79044,141,114,27,27
79045,114,100,14,14
79046,124,104,20,20
79047,86,68,18,18
79048,43,49,-6,6
79049,177,160,17,17
79050,169,180,-11,11
79051,100,94,6,6
79052,70,66,4,4
79053,80,73,7,7
79054,82,73,9,9
79055,97,80,17,17
79056,112,94,18,18
79057,122,105,17,17
79058,62,53,9,9
79059,146,115,31,31
79060,77,76,1,1
79061,95,88,7,7
79062,167,139,28,28
79063,62,81,-19,19
79064,112,126,-14,14
79065,56,51,5,5
79066,126,95,31,31
79067,127,103,24,24
79068,221,187,34,34
79069,180,148,32,32
79070,73,56,17,17
79071,53,50,3,3
79072,82,78,4,4
79073,58,51,7,7
79074,78,69,9,9
79075,130,114,16,16
79076,39,34,5,5
79077,93,100,-7,7
79078,87,71,16,16
79079,82,66,16,16
79080,130,117,13,13
79081,74,68,6,6
79082,93,82,11,11
79083,69,68,1,1
79084,57,48,9,9
79085,79,63,16,16
79086,120,105,15,15
79087,91,72,19,19
79088,99,99,0,0
79089,100,84,16,16
79090,93,83,10,10
79091,78,76,2,2
79092,82,75,7,7
79093,242,164,78,78
79094,154,138,16,16
79095,63,59,4,4
79096,52,48,4,4
79097,106,93,13,13
79098,87,91,-4,4
79099,106,101,5,5
79100,36,28,8,8
79101,108,116,-8,8
79102,153,175,-22,22
79103,44,52,-8,8
79104,119,105,14,14
79105,51,51,0,0
79106,156,130,26,26
79107,114,119,-5,5
79108,123,112,11,11
79109,149,129,20,20
79110,90,76,14,14
79111,67,62,5,5
79112,179,153,26,26
79113,123,109,14,14
79114,88,79,9,9
79115,211,195,16,16
79116,149,126,23,23
79117,58,50,8,8
79118,85,73,12,12
79119,94,81,13,13
79120,125,121,4,4
79121,50,52,-2,2
79122,78,61,17,17
79123,91,81,10,10
79124,166,150,16,16
79125,89,77,12,12
79126,55,57,-2,2
79127,140,123,17,17
79128,122,112,10,10
79129,92,69,23,23
79130,59,55,4,4
79131,112,110,2,2
79132,97,90,7,7
79133,109,104,5,5
79134,121,127,-6,6
79135,75,68,7,7
79136,80,67,13,13
79137,104,91,13,13
79138,130,118,12,12
79139,148,139,9,9
79140,54,48,6,6
79141,121,100,21,21
79142,65,72,-7,7
79143,51,54,-3,3
79144,142,111,31,31
79145,40,33,7,7
79146,58,55,3,3
79147,92,82,10,10
79148,71,66,5,5
79149,96,84,12,12
79150,118,98,20,20
79151,54,54,0,0
79152,91,90,1,1
79153,70,63,7,7
79154,85,72,13,13
79155,47,41,6,6
79156,137,124,13,13
79157,88,82,6,6
79158,73,66,7,7
79159,99,85,14,14
79160,68,59,9,9
79161,174,158,16,16
79162,119,114,5,5
79163,84,76,8,8
79164,103,109,-6,6
79165,174,159,15,15
79166,98,82,16,16
79167,86,63,23,23
79168,101,94,7,7
79169,88,69,19,19
79170,78,58,20,20
79171,94,79,15,15
79172,131,114,17,17
79173,104,86,18,18
79174,89,85,4,4
79175,104,106,-2,2
79176,43,44,-1,1
79177,85,75,10,10
79178,66,56,10,10
79179,108,103,5,5
79180,89,93,-4,4
79181,54,51,3,3
79182,75,70,5,5
79183,85,85,0,0
79184,94,84,10,10
79185,58,58,0,0
79186,191,165,26,26
79187,63,53,10,10
79188,73,58,15,15
79189,92,83,9,9
79190,125,101,24,24
79191,90,75,15,15
79192,128,116,12,12
79193,38,44,-6,6
79194,84,65,19,19
79195,85,70,15,15
79196,147,129,18,18
79197,54,46,8,8
79198,78,70,8,8
79199,117,94,23,23
79200,78,74,4,4
79201,83,68,15,15
79202,125,141,-16,16
79203,108,95,13,13
79204,94,86,8,8
79205,45,41,4,4
79206,120,107,13,13
79207,86,76,10,10
79208,85,75,10,10
79209,50,46,4,4
79210,89,77,12,12
79211,90,75,15,15
79212,75,64,11,11
79213,110,102,8,8
79214,82,72,10,10
79215,140,123,17,17
79216,102,96,6,6
79217,78,72,6,6
79218,90,82,8,8
79219,49,50,-1,1
79220,60,53,7,7
79221,128,130,-2,2
79222,91,86,5,5
79223,94,83,11,11
79224,101,85,16,16
79225,90,81,9,9
79226,115,100,15,15
79227,111,87,24,24
79228,110,109,1,1
79229,64,62,2,2
79230,112,86,26,26
79231,88,80,8,8
79232,108,85,23,23
79233,100,90,10,10
79234,66,59,7,7
79235,142,114,28,28
79236,64,57,7,7
79237,140,121,19,19
79238,124,105,19,19
79239,66,61,5,5
79240,99,85,14,14
79241,78,67,11,11
79242,103,104,-1,1
79243,121,107,14,14
79244,96,81,15,15
79245,30,32,-2,2
79246,69,58,11,11
79247,97,80,17,17
79248,81,67,14,14
79249,72,62,10,10
79250,93,77,16,16
79251,84,84,0,0
79252,84,81,3,3
79253,98,89,9,9
79254,57,66,-9,9
79255,81,74,7,7
79256,88,84,4,4
79257,98,89,9,9
79258,171,154,17,17
79259,76,66,10,10
79260,126,123,3,3
79261,90,81,9,9
79262,91,73,18,18
79263,94,76,18,18
79264,91,77,14,14
79265,122,109,13,13
79266,81,77,4,4
79267,86,93,-7,7
79268,79,72,7,7
79269,76,75,1,1
79270,97,95,2,2
79271,125,129,-4,4
79272,125,117,8,8
79273,62,59,3,3
79274,63,64,-1,1
79275,81,72,9,9
79276,115,88,27,27
79277,162,152,10,10
79278,103,89,14,14
79279,64,60,4,4
79280,153,130,23,23
79281,69,71,-2,2
79282,132,109,23,23
79283,76,60,16,16
79284,63,68,-5,5
79285,65,61,4,4
79286,89,69,20,20
79287,165,130,35,35
79288,84,70,14,14
79289,89,72,17,17
79290,130,114,16,16
79291,73,60,13,13
79292,110,108,2,2
79293,157,128,29,29
79294,82,79,3,3
79295,100,90,10,10
79296,128,111,17,17
79297,122,108,14,14
79298,102,94,8,8
79299,102,86,16,16
79300,86,69,17,17
79301,124,114,10,10
79302,157,134,23,23
79303,104,91,13,13
79304,94,86,8,8
79305,59,53,6,6
79306,103,87,16,16
79307,78,68,10,10
79308,73,69,4,4
79309,76,70,6,6
79310,112,112,0,0
79311,103,99,4,4
79312,159,122,37,37
79313,42,45,-3,3
79314,83,74,9,9
79315,108,97,11,11
79316,129,112,17,17
79317,129,117,12,12
79318,145,124,21,21
79319,70,62,8,8
79320,71,64,7,7
79321,60,59,1,1
79322,100,86,14,14
79323,173,156,17,17
79324,156,131,25,25
79325,101,90,11,11
79326,99,90,9,9
79327,130,116,14,14
79328,68,114,-46,46
79329,138,117,21,21
79330,138,126,12,12
79331,126,116,10,10
79332,74,63,11,11
79333,75,68,7,7
79334,79,73,6,6
79335,67,58,9,9
79336,80,111,-31,31
79337,86,70,16,16
79338,57,51,6,6
79339,111,109,2,2
79340,95,86,9,9
79341,85,72,13,13
79342,88,75,13,13
79343,72,63,9,9
79344,22,101,-79,79
79345,97,77,20,20
79346,130,108,22,22
79347,55,50,5,5
79348,95,81,14,14
79349,86,77,9,9
79350,53,49,4,4
79351,66,59,7,7
79352,122,122,0,0
79353,130,117,13,13
79354,135,117,18,18
79355,47,43,4,4
79356,65,90,-25,25
79357,46,36,10,10
79358,155,124,31,31
79359,60,57,3,3
79360,75,72,3,3
79361,97,81,16,16
79362,142,111,31,31
79363,57,54,3,3
79364,80,66,14,14
79365,44,37,7,7
79366,107,95,12,12
79367,39,50,-11,11
79368,163,146,17,17
79369,152,145,7,7
79370,119,106,13,13
79371,98,73,25,25
79372,67,65,2,2
79373,61,50,11,11
79374,99,86,13,13
79375,62,61,1,1
79376,68,62,6,6
79377,72,69,3,3
79378,83,78,5,5
79379,103,87,16,16
79380,116,116,0,0
79381,122,112,10,10
79382,88,83,5,5
79383,129,107,22,22
79384,86,75,11,11
79385,82,73,9,9
79386,83,79,4,4
79387,71,73,-2,2
79388,77,71,6,6
79389,100,96,4,4
79390,206,179,27,27
79391,152,159,-7,7
79392,58,48,10,10
79393,141,125,16,16
79394,96,79,17,17
79395,149,118,31,31
79396,80,66,14,14
79397,48,41,7,7
79398,75,71,4,4
79399,95,79,16,16
79400,126,117,9,9
79401,74,64,10,10
79402,95,84,11,11
79403,59,58,1,1
79404,164,142,22,22
79405,95,81,14,14
79406,46,43,3,3
79407,88,74,14,14
79408,135,128,7,7
79409,140,116,24,24
79410,103,93,10,10
79411,69,58,11,11
79412,144,112,32,32
79413,147,120,27,27
79414,105,102,3,3
79415,154,116,38,38
79416,77,67,10,10
79417,74,69,5,5
79418,132,114,18,18
79419,56,51,5,5
79420,48,45,3,3
79421,77,69,8,8
79422,20,34,-14,14
79423,94,87,7,7
79424,66,61,5,5
79425,72,63,9,9
79426,130,108,22,22
79427,282,222,60,60
79428,139,110,29,29
79429,99,101,-2,2
79430,67,62,5,5
79431,72,70,2,2
79432,96,98,-2,2
79433,76,71,5,5
79434,119,102,17,17
79435,93,71,22,22
79436,61,59,2,2
79437,79,66,13,13
79438,107,90,17,17
79439,152,146,6,6
79440,85,69,16,16
79441,62,66,-4,4
79442,103,81,22,22
79443,59,56,3,3
79444,109,106,3,3
79445,84,83,1,1
79446,85,70,15,15
79447,77,81,-4,4
79448,182,161,21,21
79449,105,94,11,11
79450,165,153,12,12
79451,101,88,13,13
79452,91,77,14,14
79453,93,82,11,11
79454,105,99,6,6
79455,98,92,6,6
79456,140,128,12,12
79457,150,125,25,25
79458,168,146,22,22
79459,155,134,21,21
79460,75,59,16,16
79461,56,45,11,11
79462,41,44,-3,3
79463,84,74,10,10
79464,46,44,2,2
79465,168,151,17,17
79466,148,126,22,22
79467,92,83,9,9
79468,93,81,12,12
79469,108,90,18,18
79470,52,50,2,2
79471,100,88,12,12
79472,77,76,1,1
79473,95,80,15,15
79474,67,62,5,5
79475,84,64,20,20
79476,107,92,15,15
79477,80,66,14,14
79478,104,94,10,10
79479,86,77,9,9
79480,90,72,18,18
79481,70,69,1,1
79482,125,124,1,1
79483,68,63,5,5
79484,125,111,14,14
79485,133,124,9,9
79486,77,63,14,14
79487,70,68,2,2
79488,182,155,27,27
79489,114,91,23,23
79490,114,102,12,12
79491,183,170,13,13
79492,57,56,1,1
79493,111,102,9,9
79494,49,44,5,5
79495,58,48,10,10
79496,97,98,-1,1
79497,141,135,6,6
79498,133,119,14,14
79499,115,93,22,22
79500,142,120,22,22
79501,53,51,2,2
79502,69,56,13,13
79503,152,119,33,33
79504,52,47,5,5
79505,145,131,14,14
79506,90,79,11,11
79507,125,105,20,20
79508,73,58,15,15
79509,72,64,8,8
79510,69,70,-1,1
79511,146,121,25,25
79512,149,136,13,13
79513,79,70,9,9
79514,105,102,3,3
79515,65,53,12,12
79516,139,116,23,23
79517,123,107,16,16
79518,105,72,33,33
79519,40,37,3,3
79520,65,60,5,5
79521,134,116,18,18
79522,123,108,15,15
79523,127,105,22,22
79524,39,56,-17,17
79525,104,105,-1,1
79526,48,43,5,5
79527,78,76,2,2
79528,102,87,15,15
79529,72,57,15,15
79530,130,120,10,10
79531,107,98,9,9
79532,90,82,8,8
79533,85,74,11,11
79534,103,94,9,9
79535,118,100,18,18
79536,67,69,-2,2
79537,101,81,20,20
79538,108,91,17,17
79539,134,138,-4,4
79540,83,67,16,16
79541,103,85,18,18
79542,43,50,-7,7
79543,154,130,24,24
79544,137,124,13,13
79545,133,109,24,24
79546,165,131,34,34
79547,68,64,4,4
79548,144,129,15,15
79549,112,100,12,12
79550,96,86,10,10
79551,84,71,13,13
79552,131,103,28,28
79553,95,83,12,12
79554,166,137,29,29
79555,56,59,-3,3
79556,112,99,13,13
79557,55,48,7,7
79558,88,79,9,9
79559,81,66,15,15
79560,79,70,9,9
79561,105,97,8,8
79562,52,57,-5,5
79563,131,116,15,15
79564,101,95,6,6
79565,98,74,24,24
79566,60,52,8,8
79567,66,61,5,5
79568,85,69,16,16
79569,81,69,12,12
79570,117,113,4,4
79571,61,55,6,6
79572,74,68,6,6
79573,64,58,6,6
79574,61,54,7,7
79575,106,93,13,13
79576,82,75,7,7
79577,68,78,-10,10
79578,100,92,8,8
79579,111,80,31,31
79580,73,71,2,2
79581,110,97,13,13
79582,110,100,10,10
79583,150,129,21,21
79584,119,110,9,9
79585,140,128,12,12
79586,107,88,19,19
79587,31,37,-6,6
79588,111,97,14,14
79589,93,88,5,5
79590,73,68,5,5
79591,75,73,2,2
79592,106,107,-1,1
79593,46,44,2,2
79594,169,149,20,20
79595,128,113,15,15
79596,189,173,16,16
79597,119,104,15,15
79598,61,48,13,13
79599,109,99,10,10
79600,129,106,23,23
79601,118,110,8,8
79602,91,81,10,10
79603,95,87,8,8
79604,106,81,25,25
79605,188,168,20,20
79606,78,61,17,17
79607,59,60,-1,1
79608,66,56,10,10
79609,62,56,6,6
79610,137,120,17,17
79611,82,77,5,5
79612,115,106,9,9
79613,102,105,-3,3
79614,50,62,-12,12
79615,119,108,11,11
79616,159,150,9,9
79617,146,131,15,15
79618,62,51,11,11
79619,72,58,14,14
79620,82,75,7,7
79621,64,58,6,6
79622,74,72,2,2
79623,104,87,17,17
79624,169,122,47,47
79625,86,82,4,4
79626,178,170,8,8
79627,83,74,9,9
79628,115,100,15,15
79629,124,111,13,13
79630,123,136,-13,13
79631,90,80,10,10
79632,51,45,6,6
79633,99,83,16,16
79634,99,112,-13,13
79635,108,88,20,20
79636,124,99,25,25
79637,144,135,9,9
79638,128,124,4,4
79639,70,62,8,8
79640,74,72,2,2
79641,134,126,8,8
79642,119,114,5,5
79643,41,40,1,1
79644,101,96,5,5
79645,149,128,21,21
79646,121,102,19,19
79647,56,48,8,8
79648,108,92,16,16
79649,72,67,5,5
79650,98,83,15,15
79651,67,58,9,9
79652,69,61,8,8
79653,89,76,13,13
79654,122,124,-2,2
79655,75,66,9,9
79656,80,75,5,5
79657,184,168,16,16
79658,80,71,9,9
79659,136,121,15,15
79660,85,74,11,11
79661,86,73,13,13
79662,99,96,3,3
79663,161,151,10,10
79664,106,100,6,6
79665,86,79,7,7
79666,160,140,20,20
79667,140,133,7,7
79668,157,143,14,14
79669,121,111,10,10
79670,61,59,2,2
79671,108,97,11,11
79672,110,98,12,12
79673,101,83,18,18
79674,85,78,7,7
79675,125,114,11,11
79676,67,59,8,8
79677,64,56,8,8
79678,47,56,-9,9
79679,111,108,3,3
79680,45,46,-1,1
79681,79,58,21,21
79682,102,87,15,15
79683,99,73,26,26
79684,121,108,13,13
79685,75,74,1,1
79686,172,155,17,17
79687,67,66,1,1
79688,111,89,22,22
79689,119,116,3,3
79690,134,114,20,20
79691,139,125,14,14
79692,67,61,6,6
79693,100,106,-6,6
79694,64,59,5,5
79695,105,93,12,12
79696,106,95,11,11
79697,41,41,0,0
79698,122,106,16,16
79699,96,89,7,7
79700,74,65,9,9
79701,97,81,16,16
79702,106,92,14,14
79703,58,47,11,11
79704,61,56,5,5
79705,72,62,10,10
79706,97,86,11,11
79707,104,95,9,9
79708,90,82,8,8
79709,190,162,28,28
79710,113,110,3,3
79711,72,84,-12,12
79712,102,85,17,17
79713,143,111,32,32
79714,71,61,10,10
79715,80,77,3,3
79716,45,42,3,3
79717,57,57,0,0
79718,109,97,12,12
79719,80,69,11,11
79720,54,58,-4,4
79721,75,69,6,6
79722,80,75,5,5
79723,73,66,7,7
79724,216,182,34,34
79725,73,69,4,4
79726,124,111,13,13
79727,160,116,44,44
79728,140,123,17,17
79729,136,118,18,18
79730,68,56,12,12
79731,91,80,11,11
79732,69,56,13,13
79733,93,90,3,3
79734,103,91,12,12
79735,93,83,10,10
79736,53,45,8,8
79737,116,103,13,13
79738,57,65,-8,8
79739,89,77,12,12
79740,58,49,9,9
79741,136,123,13,13
79742,95,87,8,8
79743,59,59,0,0
79744,169,143,26,26
79745,105,96,9,9
79746,119,92,27,27
79747,89,78,11,11
79748,132,110,22,22
79749,81,65,16,16
79750,52,39,13,13
79751,139,105,34,34
79752,60,55,5,5
79753,128,113,15,15
79754,54,46,8,8
79755,123,116,7,7
79756,99,88,11,11
79757,36,41,-5,5
79758,40,34,6,6
79759,114,101,13,13
79760,89,71,18,18
79761,68,63,5,5
79762,96,71,25,25
79763,120,109,11,11
79764,85,78,7,7
79765,67,56,11,11
79766,90,82,8,8
79767,59,53,6,6
79768,86,69,17,17
79769,187,166,21,21
79770,117,99,18,18
79771,50,50,0,0
79772,90,76,14,14
79773,92,80,12,12
79774,57,55,2,2
79775,55,51,4,4
79776,51,52,-1,1
79777,84,75,9,9
79778,110,100,10,10
79779,52,63,-11,11
79780,56,59,-3,3
79781,82,72,10,10
79782,141,127,14,14
79783,104,93,11,11
79784,113,108,5,5
79785,119,97,22,22
79786,124,108,16,16
79787,79,69,10,10
79788,99,82,17,17
79789,133,108,25,25
79790,53,49,4,4
79791,88,78,10,10
79792,58,53,5,5
79793,90,85,5,5
79794,89,87,2,2
79795,91,91,0,0
79796,110,96,14,14
79797,77,68,9,9
79798,71,68,3,3
79799,77,70,7,7
79800,115,109,6,6
79801,62,64,-2,2
79802,167,151,16,16
79803,105,99,6,6
79804,100,86,14,14
79805,100,95,5,5
79806,111,106,5,5
79807,92,76,16,16
79808,162,144,18,18
79809,109,101,8,8
79810,164,144,20,20
79811,63,49,14,14
79812,67,63,4,4
79813,158,152,6,6
79814,82,73,9,9
79815,65,51,14,14
79816,118,99,19,19
79817,87,84,3,3
79818,159,147,12,12
79819,122,102,20,20
79820,102,93,9,9
79821,63,55,8,8
79822,94,84,10,10
79823,100,93,7,7
79824,87,57,30,30
79825,98,80,18,18
79826,79,64,15,15
79827,104,85,19,19
79828,115,100,15,15
79829,118,124,-6,6
79830,82,71,11,11
79831,130,110,20,20
79832,98,91,7,7
79833,141,131,10,10
79834,197,171,26,26
79835,141,133,8,8
79836,91,81,10,10
79837,80,70,10,10
79838,104,85,19,19
79839,171,152,19,19
79840,292,228,64,64
79841,113,106,7,7
79842,111,93,18,18
79843,116,106,10,10
79844,66,59,7,7
79845,146,127,19,19
79846,62,57,5,5
79847,105,90,15,15
79848,66,56,10,10
79849,59,53,6,6
79850,74,74,0,0
79851,91,73,18,18
79852,117,103,14,14
79853,101,95,6,6
79854,167,159,8,8
79855,69,60,9,9
79856,120,109,11,11
79857,119,102,17,17
79858,130,110,20,20
79859,69,59,10,10
79860,97,94,3,3
79861,76,68,8,8
79862,183,162,21,21
79863,65,62,3,3
79864,155,129,26,26
79865,80,71,9,9
79866,107,100,7,7
79867,46,53,-7,7
79868,95,79,16,16
79869,72,63,9,9
79870,74,71,3,3
79871,73,66,7,7
79872,66,50,16,16
79873,76,68,8,8
79874,75,71,4,4
79875,36,53,-17,17
79876,82,74,8,8
79877,150,130,20,20
79878,88,84,4,4
79879,40,39,1,1
79880,82,75,7,7
79881,166,147,19,19
79882,113,102,11,11
79883,120,109,11,11
79884,136,121,15,15
79885,53,54,-1,1
79886,233,186,47,47
79887,78,67,11,11
79888,112,99,13,13
79889,103,102,1,1
79890,100,86,14,14
79891,86,82,4,4
79892,69,65,4,4
79893,109,98,11,11
79894,105,93,12,12
79895,51,72,-21,21
79896,99,96,3,3
79897,138,133,5,5
79898,42,82,-40,40
79899,87,75,12,12
79900,141,125,16,16
79901,75,79,-4,4
79902,96,84,12,12
79903,56,52,4,4
79904,122,106,16,16
79905,65,60,5,5
79906,113,89,24,24
79907,67,53,14,14
79908,83,70,13,13
79909,91,73,18,18
79910,136,126,10,10
79911,85,71,14,14
79912,66,61,5,5
79913,79,59,20,20
79914,73,67,6,6
79915,106,93,13,13
79916,76,64,12,12
79917,149,128,21,21
79918,38,44,-6,6
79919,108,91,17,17
79920,91,85,6,6
79921,105,94,11,11
79922,85,78,7,7
79923,62,64,-2,2
79924,117,122,-5,5
79925,62,62,0,0
79926,115,94,21,21
79927,85,63,22,22
79928,150,137,13,13
79929,132,111,21,21
79930,74,68,6,6
79931,44,56,-12,12
79932,152,139,13,13
79933,142,137,5,5
79934,106,98,8,8
79935,97,88,9,9
79936,97,78,19,19
79937,53,54,-1,1
79938,116,105,11,11
79939,141,126,15,15
79940,109,99,10,10
79941,90,76,14,14
79942,111,103,8,8
79943,186,175,11,11
79944,133,117,16,16
79945,83,70,13,13
79946,69,72,-3,3
79947,73,71,2,2
79948,154,131,23,23
79949,93,94,-1,1
79950,87,78,9,9
79951,126,118,8,8
79952,91,84,7,7
79953,79,71,8,8
79954,82,80,2,2
79955,112,82,30,30
79956,72,59,13,13
79957,179,170,9,9
79958,67,64,3,3
79959,61,68,-7,7
79960,134,110,24,24
79961,129,109,20,20
79962,79,70,9,9
79963,95,86,9,9
79964,147,128,19,19
79965,86,79,7,7
79966,64,59,5,5
79967,73,72,1,1
79968,60,53,7,7
79969,122,116,6,6
79970,91,84,7,7
79971,78,92,-14,14
79972,69,68,1,1
79973,64,74,-10,10
79974,120,105,15,15
79975,101,91,10,10
79976,51,49,2,2
79977,80,75,5,5
79978,100,124,-24,24
79979,104,95,9,9
79980,69,72,-3,3
79981,94,84,10,10
79982,110,109,1,1
79983,157,147,10,10
79984,56,52,4,4
79985,118,109,9,9
79986,29,29,0,0
79987,110,124,-14,14
79988,102,86,16,16
79989,78,68,10,10
79990,116,118,-2,2
79991,129,117,12,12
79992,124,120,4,4
79993,69,73,-4,4
79994,94,88,6,6
79995,105,87,18,18
79996,127,129,-2,2
79997,99,89,10,10
79998,106,86,20,20
79999,45,37,8,8
80000,73,61,12,12
80001,57,42,15,15
80002,71,63,8,8
80003,84,76,8,8
80004,91,84,7,7
80005,93,76,17,17
80006,75,69,6,6
80007,98,80,18,18
80008,76,67,9,9
80009,87,75,12,12
80010,100,95,5,5
80011,101,88,13,13
80012,63,67,-4,4
80013,94,77,17,17
80014,58,58,0,0
80015,77,63,14,14
80016,136,113,23,23
80017,86,82,4,4
80018,109,90,19,19
80019,77,67,10,10
80020,146,126,20,20
80021,128,115,13,13
80022,164,143,21,21
80023,71,65,6,6
80024,147,136,11,11
80025,96,81,15,15
80026,65,55,10,10
80027,95,84,11,11
80028,84,78,6,6
80029,104,91,13,13
80030,75,71,4,4
80031,168,149,19,19
80032,200,168,32,32
80033,153,144,9,9
80034,171,154,17,17
80035,111,112,-1,1
80036,65,66,-1,1
80037,85,87,-2,2
80038,98,74,24,24
80039,111,102,9,9
80040,112,101,11,11
80041,113,96,17,17
80042,148,120,28,28
80043,115,103,12,12
80044,63,62,1,1
80045,95,77,18,18
80046,98,89,9,9
80047,117,108,9,9
80048,144,125,19,19
80049,115,113,2,2
80050,124,107,17,17
80051,115,108,7,7
80052,93,89,4,4
80053,83,80,3,3
80054,83,75,8,8
80055,106,95,11,11
80056,104,93,11,11
80057,149,152,-3,3
80058,94,90,4,4
80059,61,60,1,1
80060,63,64,-1,1
80061,98,89,9,9
80062,70,67,3,3
80063,96,90,6,6
80064,89,75,14,14
80065,120,134,-14,14
80066,85,69,16,16
80067,159,124,35,35
80068,144,135,9,9
80069,63,57,6,6
80070,102,90,12,12
80071,119,101,18,18
80072,106,95,11,11
80073,88,67,21,21
80074,54,50,4,4
80075,58,53,5,5
80076,130,111,19,19
80077,168,143,25,25
80078,73,65,8,8
80079,133,125,8,8
80080,98,91,7,7
80081,86,72,14,14
80082,81,76,5,5
80083,83,74,9,9
80084,59,53,6,6
80085,43,48,-5,5
80086,80,76,4,4
80087,73,72,1,1
80088,86,76,10,10
80089,89,103,-14,14
80090,77,70,7,7
80091,59,50,9,9
80092,64,86,-22,22
80093,82,68,14,14
80094,47,44,3,3
80095,99,75,24,24
80096,104,94,10,10
80097,62,63,-1,1
80098,70,67,3,3
80099,65,60,5,5
80100,79,72,7,7
80101,86,77,9,9
80102,105,90,15,15
80103,91,86,5,5
80104,117,96,21,21
80105,43,44,-1,1
80106,171,150,21,21
80107,115,103,12,12
80108,111,103,8,8
80109,73,66,7,7
80110,118,100,18,18
80111,84,70,14,14
80112,96,89,7,7
80113,115,105,10,10
80114,172,153,19,19
80115,138,120,18,18
80116,130,114,16,16
80117,142,124,18,18
80118,92,84,8,8
80119,71,56,15,15
80120,42,39,3,3
80121,93,78,15,15
80122,116,95,21,21
80123,90,74,16,16
80124,74,69,5,5
80125,56,54,2,2
80126,139,112,27,27
80127,76,77,-1,1
80128,97,94,3,3
80129,88,82,6,6
80130,70,62,8,8
80131,148,131,17,17
80132,70,67,3,3
80133,112,98,14,14
80134,81,63,18,18
80135,52,49,3,3
80136,95,91,4,4
80137,80,75,5,5
80138,46,45,1,1
80139,50,46,4,4
80140,129,116,13,13
80141,90,81,9,9
80142,132,103,29,29
80143,143,124,19,19
80144,130,138,-8,8
80145,147,124,23,23
80146,103,89,14,14
80147,61,53,8,8
80148,88,84,4,4
80149,158,139,19,19
80150,50,49,1,1
80151,115,99,16,16
80152,86,78,8,8
80153,95,82,13,13
80154,135,132,3,3
80155,84,77,7,7
80156,116,123,-7,7
80157,31,36,-5,5
80158,86,80,6,6
80159,87,70,17,17
80160,99,81,18,18
80161,61,56,5,5
80162,66,55,11,11
80163,99,87,12,12
80164,83,56,27,27
80165,63,59,4,4
80166,85,68,17,17
80167,90,85,5,5
80168,114,99,15,15
80169,77,69,8,8
80170,74,71,3,3
80171,85,77,8,8
80172,49,75,-26,26
80173,29,33,-4,4
80174,77,65,12,12
80175,70,62,8,8
80176,72,70,2,2
80177,67,71,-4,4
80178,73,65,8,8
80179,112,86,26,26
80180,153,143,10,10
80181,120,108,12,12
80182,96,85,11,11
80183,104,92,12,12
80184,74,71,3,3
80185,50,45,5,5
80186,74,68,6,6
80187,91,80,11,11
80188,100,90,10,10
80189,45,53,-8,8
80190,96,91,5,5
80191,57,51,6,6
80192,117,99,18,18
80193,116,101,15,15
80194,117,110,7,7
80195,85,81,4,4
80196,90,83,7,7
80197,120,94,26,26
80198,63,64,-1,1
80199,131,136,-5,5
80200,55,50,5,5
80201,159,153,6,6
80202,95,79,16,16
80203,91,82,9,9
80204,52,46,6,6
80205,73,59,14,14
80206,107,93,14,14
80207,73,69,4,4
80208,144,122,22,22
80209,101,94,7,7
80210,84,73,11,11
80211,72,71,1,1
80212,100,102,-2,2
80213,57,53,4,4
80214,89,75,14,14
80215,85,74,11,11
80216,136,126,10,10
80217,104,96,8,8
80218,180,152,28,28
80219,88,76,12,12
80220,81,80,1,1
80221,98,85,13,13
80222,63,50,13,13
80223,81,82,-1,1
80224,132,129,3,3
80225,139,126,13,13
80226,156,131,25,25
80227,94,85,9,9
80228,113,107,6,6
80229,155,164,-9,9
80230,106,88,18,18
80231,71,68,3,3
80232,98,98,0,0
80233,48,125,-77,77
80234,54,49,5,5
80235,86,72,14,14
80236,103,94,9,9
80237,148,125,23,23
80238,73,58,15,15
80239,135,132,3,3
80240,93,83,10,10
80241,137,128,9,9
80242,82,71,11,11
80243,78,64,14,14
80244,95,88,7,7
80245,74,62,12,12
80246,95,85,10,10
80247,64,55,9,9
80248,100,95,5,5
80249,95,90,5,5
80250,28,38,-10,10
80251,38,38,0,0
80252,92,80,12,12
80253,134,124,10,10
80254,68,58,10,10
80255,117,102,15,15
80256,118,101,17,17
80257,79,68,11,11
80258,61,57,4,4
80259,132,112,20,20
80260,98,98,0,0
80261,70,66,4,4
80262,117,99,18,18
80263,61,47,14,14
80264,69,65,4,4
80265,76,60,16,16
80266,56,57,-1,1
80267,108,93,15,15
80268,70,61,9,9
80269,53,46,7,7
80270,94,88,6,6
80271,158,145,13,13
80272,146,134,12,12
80273,94,85,9,9
80274,48,50,-2,2
80275,85,83,2,2
80276,117,93,24,24
80277,119,97,22,22
80278,72,67,5,5
80279,103,90,13,13
80280,85,74,11,11
80281,121,98,23,23
80282,66,66,0,0
80283,177,167,10,10
80284,85,72,13,13
80285,151,146,5,5
80286,57,51,6,6
80287,83,67,16,16
80288,68,60,8,8
80289,118,110,8,8
80290,70,61,9,9
80291,30,45,-15,15
80292,94,88,6,6
80293,68,63,5,5
80294,153,146,7,7
80295,81,68,13,13
80296,106,95,11,11
80297,93,79,14,14
80298,152,143,9,9
80299,117,105,12,12
80300,121,104,17,17
80301,104,98,6,6
80302,130,109,21,21
80303,113,99,14,14
80304,108,91,17,17
80305,110,92,18,18
80306,76,76,0,0
80307,119,104,15,15
80308,79,62,17,17
80309,96,85,11,11
80310,74,77,-3,3
80311,71,57,14,14
80312,79,65,14,14
80313,62,55,7,7
80314,67,61,6,6
80315,149,118,31,31
80316,70,64,6,6
80317,87,77,10,10
80318,302,248,54,54
80319,51,50,1,1
80320,73,64,9,9
80321,47,44,3,3
80322,138,115,23,23
80323,155,136,19,19
80324,67,65,2,2
80325,118,114,4,4
80326,73,67,6,6
80327,67,66,1,1
80328,43,47,-4,4
80329,101,100,1,1
80330,89,79,10,10
80331,67,63,4,4
80332,148,135,13,13
80333,131,116,15,15
80334,73,59,14,14
80335,135,127,8,8
80336,71,69,2,2
80337,71,61,10,10
80338,108,88,20,20
80339,131,113,18,18
80340,115,119,-4,4
80341,56,53,3,3
80342,84,75,9,9
80343,92,86,6,6
80344,38,31,7,7
80345,134,107,27,27
80346,75,66,9,9
80347,124,106,18,18
80348,126,114,12,12
80349,103,104,-1,1
80350,57,42,15,15
80351,82,81,1,1
80352,113,103,10,10
80353,103,99,4,4
80354,119,93,26,26
80355,259,252,7,7
80356,87,74,13,13
80357,180,141,39,39
80358,84,78,6,6
80359,110,108,2,2
80360,116,97,19,19
80361,114,103,11,11
80362,124,122,2,2
80363,92,75,17,17
80364,86,82,4,4
80365,85,78,7,7
80366,65,62,3,3
80367,73,65,8,8
80368,72,64,8,8
80369,108,98,10,10
80370,47,43,4,4
80371,96,89,7,7
80372,66,63,3,3
80373,70,71,-1,1
80374,134,116,18,18
80375,47,46,1,1
80376,50,50,0,0
80377,69,67,2,2
80378,82,74,8,8
80379,103,88,15,15
80380,79,70,9,9
80381,82,75,7,7
80382,77,80,-3,3
80383,77,71,6,6
80384,99,87,12,12
80385,99,92,7,7
80386,156,153,3,3
80387,82,70,12,12
80388,123,106,17,17
80389,75,63,12,12
80390,47,43,4,4
80391,32,34,-2,2
80392,72,69,3,3
80393,92,83,9,9
80394,128,92,36,36
80395,100,94,6,6
80396,78,79,-1,1
80397,141,121,20,20
80398,361,262,99,99
80399,142,119,23,23
80400,28,48,-20,20
80401,53,48,5,5
80402,80,73,7,7
80403,81,75,6,6
80404,181,145,36,36
80405,55,57,-2,2
80406,81,71,10,10
80407,58,54,4,4
80408,28,31,-3,3
80409,76,74,2,2
80410,77,74,3,3
80411,125,110,15,15
80412,89,89,0,0
80413,91,85,6,6
80414,103,96,7,7
80415,97,89,8,8
80416,90,70,20,20
80417,69,62,7,7
80418,140,129,11,11
80419,59,44,15,15
80420,140,123,17,17
80421,119,109,10,10
80422,86,83,3,3
80423,71,65,6,6
80424,179,162,17,17
80425,119,93,26,26
80426,115,98,17,17
80427,61,61,0,0
80428,160,149,11,11
80429,127,115,12,12
80430,186,171,15,15
80431,95,87,8,8
80432,73,71,2,2
80433,86,69,17,17
80434,64,63,1,1
80435,164,145,19,19
80436,80,69,11,11
80437,107,104,3,3
80438,138,117,21,21
80439,95,85,10,10
80440,161,138,23,23
80441,81,69,12,12
80442,118,106,12,12
80443,102,91,11,11
80444,79,69,10,10
80445,83,73,10,10
80446,96,74,22,22
80447,99,91,8,8
80448,101,86,15,15
80449,73,64,9,9
80450,151,128,23,23
80451,86,82,4,4
80452,107,89,18,18
80453,102,83,19,19
80454,87,77,10,10
80455,110,93,17,17
80456,75,79,-4,4
80457,68,80,-12,12
80458,88,83,5,5
80459,84,72,12,12
80460,81,70,11,11
80461,78,70,8,8
80462,73,64,9,9
80463,103,86,17,17
80464,175,152,23,23
80465,122,108,14,14
80466,106,93,13,13
80467,53,44,9,9
80468,120,108,12,12
80469,135,123,12,12
80470,96,85,11,11
80471,69,62,7,7
80472,86,75,11,11
80473,94,93,1,1
80474,46,49,-3,3
80475,93,83,10,10
80476,111,103,8,8
80477,54,48,6,6
80478,63,54,9,9
80479,59,61,-2,2
80480,61,59,2,2
80481,68,60,8,8
80482,140,113,27,27
80483,79,64,15,15
80484,148,137,11,11
80485,114,102,12,12
80486,77,75,2,2
80487,95,72,23,23
80488,53,44,9,9
80489,102,97,5,5
80490,150,141,9,9
80491,142,114,28,28
80492,123,122,1,1
80493,85,71,14,14
80494,86,73,13,13
80495,106,86,20,20
80496,123,107,16,16
80497,99,88,11,11
80498,78,63,15,15
80499,74,65,9,9
80500,83,69,14,14
80501,68,87,-19,19
80502,100,95,5,5
80503,71,55,16,16
80504,85,67,18,18
80505,105,91,14,14
80506,132,118,14,14
80507,109,89,20,20
80508,95,81,14,14
80509,101,86,15,15
80510,49,50,-1,1
80511,37,33,4,4
80512,80,77,3,3
80513,66,52,14,14
80514,70,65,5,5
80515,93,77,16,16
80516,54,54,0,0
80517,99,95,4,4
80518,100,90,10,10
80519,143,128,15,15
80520,67,63,4,4
80521,69,62,7,7
80522,72,81,-9,9
80523,88,83,5,5
80524,116,82,34,34
80525,103,93,10,10
80526,129,121,8,8
80527,112,98,14,14
80528,47,41,6,6
80529,80,68,12,12
80530,87,75,12,12
80531,102,96,6,6
80532,111,99,12,12
80533,113,103,10,10
80534,85,71,14,14
80535,57,55,2,2
80536,110,93,17,17
80537,91,86,5,5
80538,127,110,17,17
80539,71,64,7,7
80540,110,93,17,17
80541,143,130,13,13
80542,90,82,8,8
80543,122,100,22,22
80544,124,105,19,19
80545,53,47,6,6
80546,77,73,4,4
80547,35,33,2,2
80548,63,65,-2,2
80549,115,96,19,19
80550,128,114,14,14
80551,99,89,10,10
80552,90,86,4,4
80553,80,67,13,13
80554,98,85,13,13
80555,95,83,12,12
80556,138,126,12,12
80557,84,71,13,13
80558,129,122,7,7
80559,101,81,20,20
80560,109,86,23,23
80561,142,130,12,12
80562,72,48,24,24
80563,110,97,13,13
80564,52,44,8,8
80565,66,76,-10,10
80566,69,63,6,6
80567,79,63,16,16
80568,69,57,12,12
80569,97,84,13,13
80570,96,82,14,14
80571,105,89,16,16
80572,144,122,22,22
80573,129,108,21,21
80574,75,72,3,3
80575,111,93,18,18
80576,149,127,22,22
80577,110,93,17,17
80578,73,64,9,9
80579,58,58,0,0
80580,47,43,4,4
80581,82,77,5,5
80582,70,61,9,9
80583,124,97,27,27
80584,78,70,8,8
80585,136,115,21,21
80586,147,139,8,8
80587,84,89,-5,5
80588,121,104,17,17
80589,63,50,13,13
80590,94,79,15,15
80591,125,116,9,9
80592,82,83,-1,1
80593,158,129,29,29
80594,67,66,1,1
80595,61,62,-1,1
80596,119,108,11,11
80597,65,62,3,3
80598,86,79,7,7
80599,98,75,23,23
80600,143,132,11,11
80601,105,94,11,11
80602,113,115,-2,2
80603,77,65,12,12
80604,107,103,4,4
80605,58,53,5,5
80606,145,131,14,14
80607,52,56,-4,4
80608,109,91,18,18
80609,71,63,8,8
80610,64,62,2,2
80611,129,109,20,20
80612,83,81,2,2
80613,40,51,-11,11
80614,102,98,4,4
80615,65,52,13,13
80616,100,79,21,21
80617,131,114,17,17
80618,90,77,13,13
80619,92,89,3,3
80620,67,71,-4,4
80621,121,106,15,15
80622,126,104,22,22
80623,93,86,7,7
80624,157,141,16,16
80625,89,80,9,9
80626,53,55,-2,2
80627,96,80,16,16
80628,111,93,18,18
80629,121,103,18,18
80630,67,69,-2,2
80631,59,51,8,8
80632,88,79,9,9
80633,71,74,-3,3
80634,57,50,7,7
80635,118,98,20,20
80636,78,64,14,14
80637,118,102,16,16
80638,85,75,10,10
80639,102,93,9,9
80640,69,64,5,5
80641,179,165,14,14
80642,94,99,-5,5
80643,100,86,14,14
80644,91,75,16,16
80645,139,134,5,5
80646,77,73,4,4
80647,64,57,7,7
80648,64,58,6,6
80649,137,126,11,11
80650,113,97,16,16
80651,93,74,19,19
80652,100,94,6,6
80653,88,79,9,9
80654,87,73,14,14
80655,144,131,13,13
80656,41,44,-3,3
80657,51,51,0,0
80658,78,71,7,7
80659,72,61,11,11
80660,66,58,8,8
80661,58,58,0,0
80662,123,113,10,10
80663,90,73,17,17
80664,56,43,13,13
80665,98,78,20,20
80666,91,76,15,15
80667,126,110,16,16
80668,68,46,22,22
80669,117,98,19,19
80670,46,46,0,0
80671,71,67,4,4
80672,111,96,15,15
80673,89,78,11,11
80674,58,57,1,1
80675,104,94,10,10
80676,110,93,17,17
80677,101,88,13,13
80678,203,195,8,8
80679,90,84,6,6
80680,82,69,13,13
80681,133,106,27,27
80682,67,60,7,7
80683,75,69,6,6
80684,90,73,17,17
80685,91,73,18,18
80686,91,85,6,6
80687,67,59,8,8
80688,122,104,18,18
80689,59,54,5,5
80690,40,45,-5,5
80691,104,88,16,16
80692,118,112,6,6
80693,92,76,16,16
80694,157,146,11,11
80695,65,61,4,4
80696,60,56,4,4
80697,100,87,13,13
80698,31,35,-4,4
80699,94,80,14,14
80700,45,42,3,3
80701,109,90,19,19
80702,85,72,13,13
80703,86,83,3,3
80704,185,156,29,29
80705,97,83,14,14
80706,69,55,14,14
80707,194,174,20,20
80708,63,70,-7,7
80709,141,130,11,11
80710,87,70,17,17
80711,131,117,14,14
80712,152,127,25,25
80713,96,82,14,14
80714,111,100,11,11
80715,92,71,21,21
80716,108,90,18,18
80717,83,72,11,11
80718,52,47,5,5
80719,103,94,9,9
80720,189,168,21,21
80721,80,57,23,23
80722,149,130,19,19
80723,146,124,22,22
80724,66,54,12,12
80725,38,35,3,3
80726,124,120,4,4
80727,55,53,2,2
80728,141,111,30,30
80729,83,101,-18,18
80730,144,137,7,7
80731,127,116,11,11
80732,80,62,18,18
80733,125,108,17,17
80734,115,100,15,15
80735,79,70,9,9
80736,73,65,8,8
80737,92,67,25,25
80738,84,79,5,5
80739,103,95,8,8
80740,104,100,4,4
80741,101,94,7,7
80742,92,83,9,9
80743,169,145,24,24
80744,53,52,1,1
80745,114,94,20,20
80746,138,129,9,9
80747,86,71,15,15
80748,85,77,8,8
80749,147,133,14,14
80750,58,65,-7,7
80751,128,113,15,15
80752,65,63,2,2
80753,89,77,12,12
80754,95,89,6,6
80755,84,71,13,13
80756,115,97,18,18
80757,142,124,18,18
80758,120,104,16,16
80759,102,84,18,18
80760,121,130,-9,9
80761,48,46,2,2
80762,127,94,33,33
80763,76,65,11,11
80764,133,113,20,20
80765,108,93,15,15
80766,67,58,9,9
80767,33,33,0,0
80768,148,121,27,27
80769,115,86,29,29
80770,68,85,-17,17
80771,132,130,2,2
80772,167,145,22,22
80773,145,143,2,2
80774,126,112,14,14
80775,72,57,15,15
80776,108,103,5,5
80777,75,71,4,4
80778,66,64,2,2
80779,72,61,11,11
80780,99,84,15,15
80781,67,59,8,8
80782,113,102,11,11
80783,108,91,17,17
80784,94,78,16,16
80785,57,57,0,0
80786,97,81,16,16
80787,64,58,6,6
80788,127,115,12,12
80789,90,74,16,16
80790,185,167,18,18
80791,110,88,22,22
80792,59,55,4,4
80793,119,94,25,25
80794,88,90,-2,2
80795,196,165,31,31
80796,95,86,9,9
80797,69,70,-1,1
80798,159,150,9,9
80799,66,72,-6,6
80800,100,77,23,23
80801,90,90,0,0
80802,71,64,7,7
80803,63,57,6,6
80804,104,82,22,22
80805,64,62,2,2
80806,67,69,-2,2
80807,71,67,4,4
80808,155,133,22,22
80809,89,73,16,16
80810,128,113,15,15
80811,95,90,5,5
80812,51,44,7,7
80813,118,104,14,14
80814,102,90,12,12
80815,124,111,13,13
80816,68,60,8,8
80817,50,44,6,6
80818,86,80,6,6
80819,89,82,7,7
80820,113,93,20,20
80821,126,105,21,21
80822,64,67,-3,3
80823,120,109,11,11
80824,62,54,8,8
80825,73,79,-6,6
80826,145,131,14,14
80827,63,58,5,5
80828,80,80,0,0
80829,82,76,6,6
80830,41,32,9,9
80831,93,86,7,7
80832,107,92,15,15
80833,60,56,4,4
80834,93,82,11,11
80835,97,87,10,10
80836,90,79,11,11
80837,111,104,7,7
80838,57,52,5,5
80839,75,66,9,9
80840,54,56,-2,2
80841,55,63,-8,8
80842,84,80,4,4
80843,95,86,9,9
80844,101,80,21,21
80845,91,80,11,11
80846,65,56,9,9
80847,59,54,5,5
80848,112,92,20,20
80849,164,147,17,17
80850,61,58,3,3
80851,75,68,7,7
80852,149,130,19,19
80853,152,128,24,24
80854,65,63,2,2
80855,90,75,15,15
80856,96,89,7,7
80857,105,91,14,14
80858,75,70,5,5
80859,61,55,6,6
80860,102,87,15,15
80861,96,81,15,15
80862,96,75,21,21
80863,89,78,11,11
80864,100,83,17,17
80865,96,80,16,16
80866,57,52,5,5
80867,67,65,2,2
80868,148,131,17,17
80869,108,95,13,13
80870,50,48,2,2
80871,151,130,21,21
80872,72,70,2,2
80873,55,51,4,4
80874,166,131,35,35
80875,75,69,6,6
80876,154,124,30,30
80877,71,68,3,3
80878,77,70,7,7
80879,72,56,16,16
80880,79,74,5,5
80881,166,141,25,25
80882,72,64,8,8
80883,91,81,10,10
80884,80,75,5,5
80885,111,77,34,34
80886,81,81,0,0
80887,74,65,9,9
80888,129,111,18,18
80889,120,100,20,20
80890,79,67,12,12
80891,95,75,20,20
80892,82,77,5,5
80893,124,106,18,18
80894,73,63,10,10
80895,328,387,-59,59
80896,95,80,15,15
80897,90,73,17,17
80898,105,95,10,10
80899,131,116,15,15
80900,96,86,10,10
80901,64,45,19,19
80902,129,98,31,31
80903,84,68,16,16
80904,126,108,18,18
80905,132,116,16,16
80906,108,98,10,10
80907,74,67,7,7
80908,122,108,14,14
80909,96,95,1,1
80910,172,168,4,4
80911,150,128,22,22
80912,82,73,9,9
80913,119,110,9,9
80914,42,38,4,4
80915,125,100,25,25
80916,47,35,12,12
80917,78,66,12,12
80918,51,50,1,1
80919,56,59,-3,3
80920,100,97,3,3
80921,105,90,15,15
80922,241,175,66,66
80923,148,124,24,24
80924,49,43,6,6
80925,116,102,14,14
80926,45,37,8,8
80927,89,74,15,15
80928,83,77,6,6
80929,106,96,10,10
80930,84,81,3,3
80931,82,70,12,12
80932,69,64,5,5
80933,87,78,9,9
80934,85,92,-7,7
80935,75,60,15,15
80936,142,130,12,12
80937,84,74,10,10
80938,112,90,22,22
80939,74,68,6,6
80940,82,79,3,3
80941,96,90,6,6
80942,106,94,12,12
80943,41,55,-14,14
80944,70,53,17,17
80945,62,56,6,6
80946,108,99,9,9
80947,115,95,20,20
80948,79,66,13,13
80949,101,90,11,11
80950,73,61,12,12
80951,69,63,6,6
80952,42,38,4,4
80953,130,112,18,18
80954,74,60,14,14
80955,69,61,8,8
80956,112,97,15,15
80957,95,87,8,8
80958,56,56,0,0
80959,98,81,17,17
80960,93,86,7,7
80961,93,80,13,13
80962,99,94,5,5
80963,137,116,21,21
80964,127,118,9,9
80965,82,72,10,10
80966,58,67,-9,9
80967,83,67,16,16
80968,130,110,20,20
80969,99,74,25,25
80970,134,122,12,12
80971,134,114,20,20
80972,73,62,11,11
80973,98,98,0,0
80974,56,49,7,7
80975,106,99,7,7
80976,157,135,22,22
80977,70,60,10,10
80978,105,92,13,13
80979,108,105,3,3
80980,65,59,6,6
80981,82,69,13,13
80982,75,66,9,9
80983,88,81,7,7
80984,79,71,8,8
80985,85,81,4,4
80986,98,80,18,18
80987,70,60,10,10
80988,132,125,7,7
80989,121,94,27,27
80990,120,126,-6,6
80991,131,111,20,20
80992,100,91,9,9
80993,103,90,13,13
80994,89,81,8,8
80995,87,80,7,7
80996,63,60,3,3
80997,101,79,22,22
80998,80,66,14,14
80999,60,51,9,9
81000,53,50,3,3
81001,147,121,26,26
81002,83,78,5,5
81003,91,80,11,11
81004,120,102,18,18
81005,79,71,8,8
81006,66,52,14,14
81007,126,95,31,31
81008,155,131,24,24
81009,73,64,9,9
81010,75,61,14,14
81011,110,99,11,11
81012,87,77,10,10
81013,92,81,11,11
81014,133,126,7,7
81015,100,85,15,15
81016,89,77,12,12
81017,73,67,6,6
81018,56,45,11,11
81019,117,94,23,23
81020,77,51,26,26
81021,58,48,10,10
81022,132,120,12,12
81023,149,117,32,32
81024,60,48,12,12
81025,88,74,14,14
81026,118,96,22,22
81027,71,68,3,3
81028,158,143,15,15
81029,143,119,24,24
81030,63,58,5,5
81031,49,48,1,1
81032,111,97,14,14
81033,121,110,11,11
81034,97,80,17,17
81035,116,105,11,11
81036,58,52,6,6
81037,66,48,18,18
81038,63,55,8,8
81039,54,43,11,11
81040,83,78,5,5
81041,66,64,2,2
81042,48,43,5,5
81043,69,69,0,0
81044,39,51,-12,12
81045,158,118,40,40
81046,48,46,2,2
81047,63,56,7,7
81048,93,85,8,8
81049,87,76,11,11
81050,64,58,6,6
81051,148,108,40,40
81052,58,53,5,5
81053,51,50,1,1
81054,53,56,-3,3
81055,138,124,14,14
81056,75,67,8,8
81057,94,86,8,8
81058,49,54,-5,5
81059,132,128,4,4
81060,98,85,13,13
81061,97,95,2,2
81062,100,81,19,19
81063,107,92,15,15
81064,65,51,14,14
81065,67,61,6,6
81066,54,48,6,6
81067,123,111,12,12
81068,133,109,24,24
81069,105,114,-9,9
81070,91,86,5,5
81071,121,108,13,13
81072,81,81,0,0
81073,59,60,-1,1
81074,154,124,30,30
81075,85,77,8,8
81076,80,85,-5,5
81077,181,166,15,15
81078,112,97,15,15
81079,80,70,10,10
81080,140,114,26,26
81081,92,71,21,21
81082,87,66,21,21
81083,62,62,0,0
81084,136,114,22,22
81085,74,65,9,9
81086,74,64,10,10
81087,45,43,2,2
81088,87,77,10,10
81089,81,69,12,12
81090,37,34,3,3
81091,73,65,8,8
81092,81,74,7,7
81093,119,105,14,14
81094,139,127,12,12
81095,106,99,7,7
81096,105,93,12,12
81097,129,115,14,14
81098,97,90,7,7
81099,94,107,-13,13
81100,89,100,-11,11
81101,84,73,11,11
81102,182,149,33,33
81103,44,44,0,0
81104,98,81,17,17
81105,83,72,11,11
81106,159,139,20,20
81107,61,56,5,5
81108,145,116,29,29
81109,113,123,-10,10
81110,74,66,8,8
81111,44,32,12,12
81112,70,69,1,1
81113,87,96,-9,9
81114,156,131,25,25
81115,78,68,10,10
81116,99,80,19,19
81117,120,101,19,19
81118,100,101,-1,1
81119,90,75,15,15
81120,90,85,5,5
81121,126,116,10,10
81122,59,43,16,16
81123,82,71,11,11
81124,71,70,1,1
81125,87,71,16,16
81126,72,76,-4,4
81127,112,93,19,19
81128,65,55,10,10
81129,68,62,6,6
81130,62,60,2,2
81131,130,115,15,15
81132,60,51,9,9
81133,100,97,3,3
81134,48,47,1,1
81135,97,85,12,12
81136,85,70,15,15
81137,143,110,33,33
81138,112,102,10,10
81139,70,65,5,5
81140,107,108,-1,1
81141,103,89,14,14
81142,79,67,12,12
81143,65,49,16,16
81144,74,61,13,13
81145,62,59,3,3
81146,146,133,13,13
81147,138,126,12,12
81148,109,94,15,15
81149,57,51,6,6
81150,81,78,3,3
81151,100,88,12,12
81152,55,53,2,2
81153,71,68,3,3
81154,137,118,19,19
81155,173,152,21,21
81156,53,58,-5,5
81157,69,59,10,10
81158,115,89,26,26
81159,71,66,5,5
81160,129,109,20,20
81161,142,120,22,22
81162,48,47,1,1
81163,77,69,8,8
81164,81,83,-2,2
81165,103,88,15,15
81166,75,65,10,10
81167,86,71,15,15
81168,105,99,6,6
81169,61,51,10,10
81170,109,93,16,16
81171,98,84,14,14
81172,153,141,12,12
81173,50,52,-2,2
81174,178,153,25,25
81175,85,72,13,13
81176,118,103,15,15
81177,94,79,15,15
81178,116,87,29,29
81179,92,82,10,10
81180,96,85,11,11
81181,44,45,-1,1
81182,96,86,10,10
81183,146,111,35,35
81184,90,64,26,26
81185,86,74,12,12
81186,112,102,10,10
81187,102,98,4,4
81188,47,41,6,6
81189,107,88,19,19
81190,52,62,-10,10
81191,122,110,12,12
81192,84,69,15,15
81193,76,69,7,7
81194,72,67,5,5
81195,181,157,24,24
81196,71,67,4,4
81197,92,86,6,6
81198,152,136,16,16
81199,133,117,16,16
81200,97,89,8,8
81201,135,123,12,12
81202,75,70,5,5
81203,99,90,9,9
81204,92,108,-16,16
81205,113,106,7,7
81206,65,55,10,10
81207,100,92,8,8
81208,124,115,9,9
81209,82,70,12,12
81210,111,105,6,6
81211,101,89,12,12
81212,60,56,4,4
81213,141,116,25,25
81214,69,62,7,7
81215,141,131,10,10
81216,111,89,22,22
81217,169,150,19,19
81218,126,111,15,15
81219,75,79,-4,4
81220,120,100,20,20
81221,141,133,8,8
81222,104,112,-8,8
81223,48,50,-2,2
81224,93,84,9,9
81225,140,121,19,19
81226,97,78,19,19
81227,110,92,18,18
81228,45,38,7,7
81229,92,83,9,9
81230,87,69,18,18
81231,90,73,17,17
81232,68,65,3,3
81233,64,59,5,5
81234,59,48,11,11
81235,135,118,17,17
81236,52,48,4,4
81237,121,115,6,6
81238,78,74,4,4
81239,97,82,15,15
81240,64,77,-13,13
81241,113,103,10,10
81242,83,73,10,10
81243,79,66,13,13
81244,77,75,2,2
81245,56,59,-3,3
81246,156,136,20,20
81247,134,118,16,16
81248,66,59,7,7
81249,113,103,10,10
81250,89,75,14,14
81251,95,92,3,3
81252,98,90,8,8
81253,137,133,4,4
81254,113,95,18,18
81255,173,146,27,27
81256,122,107,15,15
81257,92,81,11,11
81258,142,120,22,22
81259,82,65,17,17
81260,42,40,2,2
81261,116,124,-8,8
81262,89,80,9,9
81263,140,122,18,18
81264,130,95,35,35
81265,80,68,12,12
81266,113,107,6,6
81267,60,56,4,4
81268,143,163,-20,20
81269,86,74,12,12
81270,126,106,20,20
81271,75,64,11,11
81272,120,102,18,18
81273,125,105,20,20
81274,195,166,29,29
81275,71,62,9,9
81276,131,110,21,21
81277,111,104,7,7
81278,89,82,7,7
81279,93,82,11,11
81280,80,74,6,6
81281,80,65,15,15
81282,46,39,7,7
81283,134,115,19,19
81284,83,72,11,11
81285,145,131,14,14
81286,80,71,9,9
81287,82,62,20,20
81288,86,69,17,17
81289,62,62,0,0
81290,46,43,3,3
81291,112,97,15,15
81292,99,86,13,13
81293,145,128,17,17
81294,166,157,9,9
81295,45,46,-1,1
81296,126,98,28,28
81297,89,78,11,11
81298,99,95,4,4
81299,77,73,4,4
81300,119,95,24,24
81301,93,100,-7,7
81302,102,98,4,4
81303,62,57,5,5
81304,57,53,4,4
81305,63,59,4,4
81306,56,51,5,5
81307,137,123,14,14
81308,101,87,14,14
81309,90,74,16,16
81310,136,120,16,16
81311,70,62,8,8
81312,81,74,7,7
81313,66,57,9,9
81314,93,86,7,7
81315,73,60,13,13
81316,90,78,12,12
81317,83,75,8,8
81318,89,63,26,26
81319,103,97,6,6
81320,105,90,15,15
81321,83,93,-10,10
81322,115,106,9,9
81323,99,91,8,8
81324,85,78,7,7
81325,73,71,2,2
81326,80,78,2,2
81327,49,52,-3,3
81328,80,74,6,6
81329,63,58,5,5
81330,33,31,2,2
81331,178,165,13,13
81332,105,116,-11,11
81333,41,50,-9,9
81334,92,86,6,6
81335,98,79,19,19
81336,71,66,5,5
81337,30,28,2,2
81338,62,56,6,6
81339,126,133,-7,7
81340,102,93,9,9
81341,122,112,10,10
81342,79,71,8,8
81343,152,131,21,21
81344,159,134,25,25
81345,161,151,10,10
81346,71,55,16,16
81347,84,78,6,6
81348,118,94,24,24
81349,73,62,11,11
81350,118,105,13,13
81351,102,78,24,24
81352,69,69,0,0
81353,101,78,23,23
81354,127,108,19,19
81355,84,71,13,13
81356,40,32,8,8
81357,70,59,11,11
81358,135,117,18,18
81359,77,70,7,7
81360,78,65,13,13
81361,70,64,6,6
81362,73,70,3,3
81363,85,73,12,12
81364,106,89,17,17
81365,151,131,20,20
81366,153,143,10,10
81367,133,108,25,25
81368,121,102,19,19
81369,110,95,15,15
81370,71,76,-5,5
81371,98,86,12,12
81372,126,120,6,6
81373,86,80,6,6
81374,77,70,7,7
81375,198,175,23,23
81376,133,119,14,14
81377,124,120,4,4
81378,90,75,15,15
81379,60,55,5,5
81380,80,84,-4,4
81381,47,43,4,4
81382,82,66,16,16
81383,119,87,32,32
81384,66,59,7,7
81385,136,110,26,26
81386,141,120,21,21
81387,50,53,-3,3
81388,71,68,3,3
81389,98,86,12,12
81390,121,97,24,24
81391,81,79,2,2
81392,117,105,12,12
81393,112,100,12,12
81394,94,82,12,12
81395,55,62,-7,7
81396,97,98,-1,1
81397,92,88,4,4
81398,137,126,11,11
81399,54,51,3,3
81400,140,127,13,13
81401,138,114,24,24
81402,85,73,12,12
81403,84,80,4,4
81404,104,91,13,13
81405,113,102,11,11
81406,109,106,3,3
81407,76,83,-7,7
81408,79,74,5,5
81409,65,56,9,9
81410,81,69,12,12
81411,131,108,23,23
81412,204,161,43,43
81413,77,65,12,12
81414,161,134,27,27
81415,97,87,10,10
81416,110,87,23,23
81417,76,69,7,7
81418,70,59,11,11
81419,122,113,9,9
81420,52,55,-3,3
81421,121,109,12,12
81422,89,79,10,10
81423,99,77,22,22
81424,62,54,8,8
81425,117,102,15,15
81426,92,89,3,3
81427,169,147,22,22
81428,122,103,19,19
81429,88,80,8,8
81430,94,82,12,12
81431,163,124,39,39
81432,72,62,10,10
81433,87,84,3,3
81434,104,104,0,0
81435,51,49,2,2
81436,57,47,10,10
81437,149,135,14,14
81438,87,78,9,9
81439,109,99,10,10
81440,120,103,17,17
81441,79,64,15,15
81442,129,116,13,13
81443,162,137,25,25
81444,133,120,13,13
81445,82,74,8,8
81446,110,98,12,12
81447,180,143,37,37
81448,104,92,12,12
81449,134,117,17,17
81450,114,98,16,16
81451,130,127,3,3
81452,94,88,6,6
81453,182,153,29,29
81454,93,86,7,7
81455,74,69,5,5
81456,66,63,3,3
81457,164,221,-57,57
81458,125,158,-33,33
81459,74,75,-1,1
81460,148,134,14,14
81461,69,64,5,5
81462,98,84,14,14
81463,71,64,7,7
81464,107,92,15,15
81465,133,108,25,25
81466,72,58,14,14
81467,68,59,9,9
81468,97,81,16,16
81469,185,146,39,39
81470,184,167,17,17
81471,106,102,4,4
81472,143,130,13,13
81473,82,85,-3,3
81474,47,54,-7,7
81475,82,68,14,14
81476,97,75,22,22
81477,58,55,3,3
81478,115,94,21,21
81479,137,107,30,30
81480,112,99,13,13
81481,101,90,11,11
81482,56,48,8,8
81483,80,67,13,13
81484,79,72,7,7
81485,186,155,31,31
81486,79,67,12,12
81487,80,65,15,15
81488,85,69,16,16
81489,123,100,23,23
81490,94,88,6,6
81491,71,75,-4,4
81492,83,74,9,9
81493,45,48,-3,3
81494,120,141,-21,21
81495,165,148,17,17
81496,73,65,8,8
81497,87,78,9,9
81498,80,72,8,8
81499,132,126,6,6
81500,82,68,14,14
81501,77,66,11,11
81502,62,58,4,4
81503,74,69,5,5
81504,87,84,3,3
81505,142,124,18,18
81506,119,99,20,20
81507,62,60,2,2
