,original,predict,differ,abs
0,67,65,2,2
1,58,56,2,2
2,88,77,11,11
3,183,158,25,25
4,81,70,11,11
5,88,79,9,9
6,83,78,5,5
7,183,144,39,39
8,81,71,10,10
9,117,104,13,13
10,64,52,12,12
11,59,60,-1,1
12,74,64,10,10
13,100,96,4,4
14,103,90,13,13
15,66,60,6,6
16,97,83,14,14
17,120,94,26,26
18,79,70,9,9
19,110,106,4,4
20,217,177,40,40
21,156,138,18,18
22,97,77,20,20
23,101,107,-6,6
24,82,67,15,15
25,127,107,20,20
26,112,100,12,12
27,191,150,41,41
28,48,42,6,6
29,106,102,4,4
30,133,116,17,17
31,57,54,3,3
32,108,93,15,15
33,89,71,18,18
34,50,56,-6,6
35,62,43,19,19
36,102,88,14,14
37,55,48,7,7
38,89,92,-3,3
39,96,94,2,2
40,70,63,7,7
41,115,106,9,9
42,82,72,10,10
43,102,89,13,13
44,167,129,38,38
45,82,80,2,2
46,118,114,4,4
47,85,71,14,14
48,93,84,9,9
49,111,86,25,25
50,77,65,12,12
51,136,117,19,19
52,109,87,22,22
53,85,83,2,2
54,133,110,23,23
55,138,114,24,24
56,100,108,-8,8
57,130,115,15,15
58,96,92,4,4
59,58,53,5,5
60,115,101,14,14
61,73,68,5,5
62,135,110,25,25
63,177,153,24,24
64,96,90,6,6
65,77,71,6,6
66,84,78,6,6
67,105,84,21,21
68,193,168,25,25
69,143,129,14,14
70,111,94,17,17
71,104,83,21,21
72,265,229,36,36
73,88,81,7,7
74,78,72,6,6
75,58,54,4,4
76,86,73,13,13
77,59,58,1,1
78,139,122,17,17
79,96,82,14,14
80,90,76,14,14
81,83,73,10,10
82,133,118,15,15
83,141,124,17,17
84,72,62,10,10
85,75,67,8,8
86,43,40,3,3
87,68,63,5,5
88,170,125,45,45
89,92,85,7,7
90,64,78,-14,14
91,101,97,4,4
92,82,65,17,17
93,81,68,13,13
94,75,67,8,8
95,99,86,13,13
96,45,50,-5,5
97,186,168,18,18
98,127,129,-2,2
99,100,93,7,7
100,66,59,7,7
101,129,97,32,32
102,107,102,5,5
103,128,111,17,17
104,90,74,16,16
105,68,61,7,7
106,107,96,11,11
107,90,76,14,14
108,89,81,8,8
109,70,66,4,4
110,174,133,41,41
111,90,73,17,17
112,76,68,8,8
113,67,59,8,8
114,76,79,-3,3
115,168,146,22,22
116,91,77,14,14
117,103,92,11,11
118,91,79,12,12
119,67,65,2,2
120,118,111,7,7
121,51,46,5,5
122,76,70,6,6
123,110,104,6,6
124,99,82,17,17
125,96,88,8,8
126,169,147,22,22
127,89,84,5,5
128,94,88,6,6
129,123,118,5,5
130,186,157,29,29
131,132,116,16,16
132,102,80,22,22
133,78,73,5,5
134,129,105,24,24
135,116,90,26,26
136,136,114,22,22
137,131,119,12,12
138,105,95,10,10
139,69,62,7,7
140,66,56,10,10
141,127,108,19,19
142,127,116,11,11
143,66,70,-4,4
144,112,107,5,5
145,115,95,20,20
146,98,80,18,18
147,69,59,10,10
148,93,73,20,20
149,121,113,8,8
150,92,86,6,6
151,73,63,10,10
152,139,122,17,17
153,80,74,6,6
154,89,84,5,5
155,67,56,11,11
156,66,57,9,9
157,81,77,4,4
158,59,55,4,4
159,128,117,11,11
160,109,101,8,8
161,50,45,5,5
162,74,62,12,12
163,80,74,6,6
164,132,115,17,17
165,51,46,5,5
166,115,101,14,14
167,70,78,-8,8
168,159,127,32,32
169,151,139,12,12
170,94,85,9,9
171,81,82,-1,1
172,77,71,6,6
173,42,38,4,4
174,135,117,18,18
175,106,92,14,14
176,50,46,4,4
177,162,128,34,34
178,130,102,28,28
179,120,94,26,26
180,84,79,5,5
181,76,70,6,6
182,67,61,6,6
183,75,64,11,11
184,39,36,3,3
185,119,93,26,26
186,55,53,2,2
187,90,75,15,15
188,124,112,12,12
189,171,151,20,20
190,70,63,7,7
191,137,123,14,14
192,127,120,7,7
193,143,137,6,6
194,195,145,50,50
195,112,97,15,15
196,43,41,2,2
197,114,101,13,13
198,111,97,14,14
199,80,73,7,7
200,128,98,30,30
201,176,157,19,19
202,64,54,10,10
203,142,122,20,20
204,100,82,18,18
205,63,52,11,11
206,145,120,25,25
207,101,87,14,14
208,78,66,12,12
209,98,84,14,14
210,147,134,13,13
211,50,46,4,4
212,70,61,9,9
213,175,152,23,23
214,87,89,-2,2
215,87,69,18,18
216,108,112,-4,4
217,67,58,9,9
218,95,88,7,7
219,89,86,3,3
220,135,124,11,11
221,79,79,0,0
222,43,43,0,0
223,195,141,54,54
224,83,79,4,4
225,81,78,3,3
226,63,62,1,1
227,119,105,14,14
228,98,87,11,11
229,44,44,0,0
230,47,47,0,0
231,87,60,27,27
232,90,70,20,20
233,62,55,7,7
234,103,88,15,15
235,140,129,11,11
236,114,103,11,11
237,57,62,-5,5
238,81,69,12,12
239,74,89,-15,15
240,61,63,-2,2
241,43,38,5,5
242,55,52,3,3
243,100,80,20,20
244,124,101,23,23
245,107,97,10,10
246,121,112,9,9
247,86,84,2,2
248,146,123,23,23
249,147,134,13,13
250,47,38,9,9
251,124,102,22,22
252,89,81,8,8
253,50,53,-3,3
254,110,104,6,6
255,158,135,23,23
256,86,71,15,15
257,102,94,8,8
258,107,100,7,7
259,64,59,5,5
260,136,117,19,19
261,125,99,26,26
262,115,94,21,21
263,71,62,9,9
264,80,71,9,9
265,82,77,5,5
266,79,73,6,6
267,102,86,16,16
268,49,49,0,0
269,109,103,6,6
270,52,48,4,4
271,72,62,10,10
272,68,65,3,3
273,151,140,11,11
274,112,98,14,14
275,97,101,-4,4
276,82,80,2,2
277,72,69,3,3
278,125,120,5,5
279,128,117,11,11
280,94,86,8,8
281,76,63,13,13
282,71,66,5,5
283,112,102,10,10
284,75,64,11,11
285,77,65,12,12
286,78,64,14,14
287,89,74,15,15
288,88,74,14,14
289,97,85,12,12
290,80,68,12,12
291,67,64,3,3
292,83,77,6,6
293,85,74,11,11
294,76,65,11,11
295,64,57,7,7
296,107,98,9,9
297,141,134,7,7
298,130,113,17,17
299,51,51,0,0
300,66,56,10,10
301,75,66,9,9
302,186,151,35,35
303,86,70,16,16
304,141,128,13,13
305,83,71,12,12
306,85,73,12,12
307,148,123,25,25
308,87,76,11,11
309,77,62,15,15
310,27,29,-2,2
311,88,79,9,9
312,92,76,16,16
313,86,83,3,3
314,135,121,14,14
315,77,65,12,12
316,73,65,8,8
317,133,124,9,9
318,51,46,5,5
319,125,107,18,18
320,98,97,1,1
321,143,122,21,21
322,140,121,19,19
323,87,82,5,5
324,89,66,23,23
325,69,66,3,3
326,96,67,29,29
327,127,107,20,20
328,79,67,12,12
329,137,112,25,25
330,85,77,8,8
331,84,79,5,5
332,52,53,-1,1
333,77,64,13,13
334,78,75,3,3
335,104,86,18,18
336,89,84,5,5
337,89,49,40,40
338,56,47,9,9
339,106,76,30,30
340,71,59,12,12
341,132,108,24,24
342,82,67,15,15
343,100,85,15,15
344,51,53,-2,2
345,66,58,8,8
346,85,69,16,16
347,112,101,11,11
348,34,46,-12,12
349,134,108,26,26
350,93,89,4,4
351,114,119,-5,5
352,137,114,23,23
353,88,80,8,8
354,108,103,5,5
355,106,89,17,17
356,146,158,-12,12
357,54,58,-4,4
358,170,124,46,46
359,86,67,19,19
360,110,84,26,26
361,82,70,12,12
362,101,86,15,15
363,64,60,4,4
364,44,45,-1,1
365,84,72,12,12
366,60,53,7,7
367,101,92,9,9
368,120,97,23,23
369,60,54,6,6
370,130,112,18,18
371,41,42,-1,1
372,116,97,19,19
373,58,52,6,6
374,77,66,11,11
375,96,90,6,6
376,88,84,4,4
377,103,89,14,14
378,35,50,-15,15
379,64,55,9,9
380,86,67,19,19
381,89,80,9,9
382,108,94,14,14
383,116,97,19,19
384,82,74,8,8
385,65,59,6,6
386,64,63,1,1
387,134,116,18,18
388,65,60,5,5
389,77,68,9,9
390,120,107,13,13
391,54,51,3,3
392,90,79,11,11
393,87,81,6,6
394,97,81,16,16
395,17,22,-5,5
396,69,81,-12,12
397,31,35,-4,4
398,90,79,11,11
399,104,95,9,9
400,97,84,13,13
401,52,53,-1,1
402,81,74,7,7
403,88,77,11,11
404,150,133,17,17
405,103,100,3,3
406,47,41,6,6
407,119,105,14,14
408,107,103,4,4
409,88,59,29,29
410,85,76,9,9
411,95,90,5,5
412,89,74,15,15
413,87,81,6,6
414,148,122,26,26
415,98,84,14,14
416,148,134,14,14
417,77,73,4,4
418,70,65,5,5
419,64,57,7,7
420,110,115,-5,5
421,143,136,7,7
422,122,150,-28,28
423,82,73,9,9
424,112,99,13,13
425,128,117,11,11
426,148,133,15,15
427,80,69,11,11
428,56,57,-1,1
429,90,79,11,11
430,110,98,12,12
431,88,88,0,0
432,91,83,8,8
433,99,87,12,12
434,122,103,19,19
435,66,59,7,7
436,106,89,17,17
437,65,54,11,11
438,164,137,27,27
439,68,59,9,9
440,48,59,-11,11
441,88,71,17,17
442,107,96,11,11
443,58,58,0,0
444,91,79,12,12
445,113,95,18,18
446,107,90,17,17
447,101,86,15,15
448,72,73,-1,1
449,134,117,17,17
450,87,78,9,9
451,64,59,5,5
452,72,60,12,12
453,146,136,10,10
454,110,98,12,12
455,104,91,13,13
456,129,120,9,9
457,134,125,9,9
458,123,109,14,14
459,62,54,8,8
460,71,64,7,7
461,58,57,1,1
462,88,75,13,13
463,134,121,13,13
464,81,73,8,8
465,77,82,-5,5
466,118,104,14,14
467,131,114,17,17
468,66,60,6,6
469,61,57,4,4
470,43,35,8,8
471,121,108,13,13
472,101,97,4,4
473,112,91,21,21
474,67,57,10,10
475,88,73,15,15
476,57,45,12,12
477,93,75,18,18
478,77,57,20,20
479,57,52,5,5
480,55,61,-6,6
481,68,61,7,7
482,118,101,17,17
483,63,58,5,5
484,110,104,6,6
485,58,52,6,6
486,119,96,23,23
487,110,125,-15,15
488,146,127,19,19
489,50,40,10,10
490,104,90,14,14
491,136,115,21,21
492,145,134,11,11
493,110,90,20,20
494,124,118,6,6
495,117,100,17,17
496,134,115,19,19
497,98,78,20,20
498,104,115,-11,11
499,78,64,14,14
500,100,83,17,17
501,45,46,-1,1
502,108,102,6,6
503,50,52,-2,2
504,69,66,3,3
505,106,92,14,14
506,66,55,11,11
507,61,58,3,3
508,96,84,12,12
509,96,81,15,15
510,53,50,3,3
511,93,87,6,6
512,80,65,15,15
513,73,66,7,7
514,70,69,1,1
515,100,82,18,18
516,137,119,18,18
517,114,104,10,10
518,70,63,7,7
519,55,58,-3,3
520,108,83,25,25
521,138,125,13,13
522,95,86,9,9
523,142,126,16,16
524,83,73,10,10
525,122,103,19,19
526,97,88,9,9
527,56,49,7,7
528,122,105,17,17
529,73,67,6,6
530,69,54,15,15
531,95,89,6,6
532,68,66,2,2
533,95,79,16,16
534,78,81,-3,3
535,90,79,11,11
536,106,94,12,12
537,42,41,1,1
538,76,70,6,6
539,157,150,7,7
540,119,102,17,17
541,99,91,8,8
542,61,59,2,2
543,102,87,15,15
544,92,85,7,7
545,124,101,23,23
546,82,77,5,5
547,76,72,4,4
548,67,64,3,3
549,148,127,21,21
550,74,69,5,5
551,66,63,3,3
552,108,96,12,12
553,64,57,7,7
554,102,90,12,12
555,63,54,9,9
556,66,53,13,13
557,74,63,11,11
558,74,69,5,5
559,67,62,5,5
560,86,85,1,1
561,81,82,-1,1
562,90,82,8,8
563,47,46,1,1
564,68,68,0,0
565,88,69,19,19
566,83,70,13,13
567,76,66,10,10
568,55,48,7,7
569,100,97,3,3
570,108,108,0,0
571,178,147,31,31
572,80,71,9,9
573,82,76,6,6
574,149,123,26,26
575,69,65,4,4
576,70,68,2,2
577,90,93,-3,3
578,91,80,11,11
579,75,62,13,13
580,88,76,12,12
581,134,111,23,23
582,49,50,-1,1
583,51,46,5,5
584,113,98,15,15
585,88,78,10,10
586,53,47,6,6
587,84,63,21,21
588,105,89,16,16
589,85,73,12,12
590,105,90,15,15
591,75,66,9,9
592,139,121,18,18
593,103,88,15,15
594,87,82,5,5
595,65,70,-5,5
596,74,64,10,10
597,98,94,4,4
598,110,93,17,17
599,112,96,16,16
600,88,75,13,13
601,85,75,10,10
602,55,49,6,6
603,86,74,12,12
604,124,111,13,13
605,114,104,10,10
606,57,50,7,7
607,56,53,3,3
608,78,65,13,13
609,122,122,0,0
610,79,64,15,15
611,81,67,14,14
612,117,99,18,18
613,112,109,3,3
614,95,88,7,7
615,195,159,36,36
616,76,78,-2,2
617,104,87,17,17
618,112,94,18,18
619,103,95,8,8
620,91,86,5,5
621,105,89,16,16
622,127,98,29,29
623,60,58,2,2
624,111,99,12,12
625,106,94,12,12
626,109,96,13,13
627,85,77,8,8
628,67,65,2,2
629,81,76,5,5
630,83,75,8,8
631,56,55,1,1
632,92,79,13,13
633,71,71,0,0
634,95,79,16,16
635,93,86,7,7
636,144,131,13,13
637,53,50,3,3
638,77,78,-1,1
639,71,62,9,9
640,95,89,6,6
641,95,91,4,4
642,61,51,10,10
643,141,116,25,25
644,133,113,20,20
645,94,77,17,17
646,112,103,9,9
647,84,76,8,8
648,92,83,9,9
649,84,75,9,9
650,94,86,8,8
651,72,65,7,7
652,102,106,-4,4
653,61,58,3,3
654,108,101,7,7
655,105,96,9,9
656,85,78,7,7
657,74,70,4,4
658,50,46,4,4
659,101,85,16,16
660,82,68,14,14
661,108,80,28,28
662,148,126,22,22
663,126,108,18,18
664,136,133,3,3
665,75,67,8,8
666,36,33,3,3
667,42,50,-8,8
668,69,58,11,11
669,126,110,16,16
670,109,88,21,21
671,90,78,12,12
672,116,95,21,21
673,151,166,-15,15
674,147,128,19,19
675,52,81,-29,29
676,107,98,9,9
677,90,80,10,10
678,162,135,27,27
679,103,93,10,10
680,150,122,28,28
681,62,74,-12,12
682,111,98,13,13
683,77,75,2,2
684,166,149,17,17
685,151,142,9,9
686,116,105,11,11
687,79,71,8,8
688,94,105,-11,11
689,110,102,8,8
690,152,122,30,30
691,176,144,32,32
692,92,84,8,8
693,156,134,22,22
694,92,86,6,6
695,77,65,12,12
696,32,44,-12,12
697,87,80,7,7
698,108,97,11,11
699,104,81,23,23
700,70,62,8,8
701,66,49,17,17
702,118,101,17,17
703,65,59,6,6
704,111,90,21,21
705,74,62,12,12
706,81,78,3,3
707,88,72,16,16
708,87,74,13,13
709,116,111,5,5
710,47,40,7,7
711,95,87,8,8
712,44,43,1,1
713,91,93,-2,2
714,83,75,8,8
715,137,117,20,20
716,80,73,7,7
717,147,123,24,24
718,119,112,7,7
719,137,101,36,36
720,133,127,6,6
721,89,84,5,5
722,150,127,23,23
723,108,94,14,14
724,96,72,24,24
725,88,75,13,13
726,140,117,23,23
727,128,120,8,8
728,53,48,5,5
729,100,100,0,0
730,58,61,-3,3
731,110,93,17,17
732,125,108,17,17
733,124,100,24,24
734,109,106,3,3
735,122,116,6,6
736,95,85,10,10
737,93,83,10,10
738,85,69,16,16
739,98,76,22,22
740,68,66,2,2
741,48,42,6,6
742,97,90,7,7
743,81,74,7,7
744,88,74,14,14
745,91,99,-8,8
746,64,57,7,7
747,204,166,38,38
748,114,98,16,16
749,185,138,47,47
750,75,67,8,8
751,70,59,11,11
752,145,132,13,13
753,87,75,12,12
754,45,46,-1,1
755,73,64,9,9
756,125,118,7,7
757,60,58,2,2
758,95,84,11,11
759,119,88,31,31
760,76,64,12,12
761,56,53,3,3
762,44,54,-10,10
763,98,90,8,8
764,86,69,17,17
765,161,129,32,32
766,102,109,-7,7
767,103,91,12,12
768,69,65,4,4
769,151,140,11,11
770,92,65,27,27
771,80,79,1,1
772,87,79,8,8
773,108,90,18,18
774,51,49,2,2
775,110,97,13,13
776,64,55,9,9
777,73,63,10,10
778,92,79,13,13
779,93,82,11,11
780,103,91,12,12
781,49,40,9,9
782,71,68,3,3
783,70,60,10,10
784,67,59,8,8
785,100,87,13,13
786,93,89,4,4
787,75,68,7,7
788,97,88,9,9
789,84,77,7,7
790,140,116,24,24
791,151,125,26,26
792,78,73,5,5
793,79,65,14,14
794,108,109,-1,1
795,95,81,14,14
796,98,82,16,16
797,119,111,8,8
798,83,86,-3,3
799,67,61,6,6
800,64,59,5,5
801,102,84,18,18
802,75,67,8,8
803,68,71,-3,3
804,78,69,9,9
805,53,49,4,4
806,126,111,15,15
807,89,83,6,6
808,85,84,1,1
809,64,61,3,3
810,85,73,12,12
811,74,63,11,11
812,66,57,9,9
813,79,64,15,15
814,125,96,29,29
815,119,102,17,17
816,26,42,-16,16
817,66,58,8,8
818,88,71,17,17
819,111,87,24,24
820,86,72,14,14
821,76,76,0,0
822,86,72,14,14
823,145,121,24,24
824,46,42,4,4
825,107,90,17,17
826,99,81,18,18
827,63,60,3,3
828,68,62,6,6
829,100,80,20,20
830,110,105,5,5
831,77,69,8,8
832,66,62,4,4
833,64,55,9,9
834,77,75,2,2
835,144,131,13,13
836,106,92,14,14
837,93,93,0,0
838,73,73,0,0
839,103,95,8,8
840,105,97,8,8
841,75,69,6,6
842,83,69,14,14
843,112,100,12,12
844,156,132,24,24
845,156,130,26,26
846,77,73,4,4
847,76,67,9,9
848,95,83,12,12
849,41,47,-6,6
850,106,104,2,2
851,135,117,18,18
852,92,89,3,3
853,91,87,4,4
854,112,100,12,12
855,84,79,5,5
856,77,63,14,14
857,29,51,-22,22
858,64,58,6,6
859,143,115,28,28
860,59,51,8,8
861,155,134,21,21
862,207,152,55,55
863,129,104,25,25
864,115,97,18,18
865,108,89,19,19
866,162,129,33,33
867,69,66,3,3
868,62,65,-3,3
869,79,84,-5,5
870,57,52,5,5
871,90,79,11,11
872,98,84,14,14
873,108,96,12,12
874,80,88,-8,8
875,114,94,20,20
876,57,50,7,7
877,41,104,-63,63
878,90,76,14,14
879,84,64,20,20
880,87,80,7,7
881,70,70,0,0
882,109,96,13,13
883,76,66,10,10
884,62,50,12,12
885,83,69,14,14
886,124,119,5,5
887,122,113,9,9
888,55,51,4,4
889,108,104,4,4
890,109,102,7,7
891,52,58,-6,6
892,134,104,30,30
893,60,48,12,12
894,71,66,5,5
895,123,105,18,18
896,60,57,3,3
897,140,120,20,20
898,109,85,24,24
899,150,150,0,0
900,74,68,6,6
901,94,75,19,19
902,71,65,6,6
903,139,116,23,23
904,87,88,-1,1
905,72,68,4,4
906,53,45,8,8
907,163,130,33,33
908,111,83,28,28
909,70,55,15,15
910,46,43,3,3
911,138,121,17,17
912,127,110,17,17
913,70,69,1,1
914,107,106,1,1
915,64,55,9,9
916,69,70,-1,1
917,196,168,28,28
918,136,127,9,9
919,52,49,3,3
920,79,75,4,4
921,109,105,4,4
922,78,72,6,6
923,115,105,10,10
924,77,71,6,6
925,110,96,14,14
926,74,62,12,12
927,49,43,6,6
928,55,51,4,4
929,145,120,25,25
930,119,106,13,13
931,96,83,13,13
932,196,170,26,26
933,72,70,2,2
934,90,89,1,1
935,62,93,-31,31
936,118,95,23,23
937,137,127,10,10
938,79,70,9,9
939,152,128,24,24
940,87,87,0,0
941,112,100,12,12
942,62,58,4,4
943,72,68,4,4
944,109,96,13,13
945,83,70,13,13
946,68,58,10,10
947,97,87,10,10
948,59,54,5,5
949,173,137,36,36
950,73,62,11,11
951,85,78,7,7
952,62,58,4,4
953,75,64,11,11
954,90,83,7,7
955,93,86,7,7
956,98,87,11,11
957,116,100,16,16
958,50,41,9,9
959,106,98,8,8
960,114,98,16,16
961,98,80,18,18
962,184,161,23,23
963,69,65,4,4
964,147,127,20,20
965,29,49,-20,20
966,108,105,3,3
967,65,61,4,4
968,96,82,14,14
969,84,80,4,4
970,70,60,10,10
971,162,138,24,24
972,112,103,9,9
973,71,62,9,9
974,139,115,24,24
975,72,70,2,2
976,68,63,5,5
977,76,71,5,5
978,87,82,5,5
979,52,44,8,8
980,115,99,16,16
981,161,136,25,25
982,88,70,18,18
983,107,93,14,14
984,84,68,16,16
985,90,77,13,13
986,55,52,3,3
987,138,116,22,22
988,90,75,15,15
989,114,95,19,19
990,111,114,-3,3
991,44,39,5,5
992,111,107,4,4
993,128,100,28,28
994,98,84,14,14
995,93,76,17,17
996,74,64,10,10
997,130,115,15,15
998,82,83,-1,1
999,178,138,40,40
1000,42,40,2,2
1001,96,81,15,15
1002,39,45,-6,6
1003,75,67,8,8
1004,147,128,19,19
1005,102,94,8,8
1006,212,171,41,41
1007,64,59,5,5
1008,91,79,12,12
1009,39,37,2,2
1010,92,91,1,1
1011,159,131,28,28
1012,119,99,20,20
1013,128,112,16,16
1014,125,109,16,16
1015,63,61,2,2
1016,117,101,16,16
1017,117,108,9,9
1018,35,37,-2,2
1019,108,98,10,10
1020,108,91,17,17
1021,77,67,10,10
1022,88,79,9,9
1023,45,45,0,0
1024,88,86,2,2
1025,110,89,21,21
1026,93,77,16,16
1027,77,73,4,4
1028,144,123,21,21
1029,63,63,0,0
1030,56,47,9,9
1031,143,120,23,23
1032,119,118,1,1
1033,85,71,14,14
1034,94,82,12,12
1035,115,109,6,6
1036,117,107,10,10
1037,71,61,10,10
1038,79,72,7,7
1039,119,80,39,39
1040,78,68,10,10
1041,101,102,-1,1
1042,89,86,3,3
1043,91,87,4,4
1044,112,99,13,13
1045,131,118,13,13
1046,43,40,3,3
1047,162,139,23,23
1048,55,52,3,3
1049,116,106,10,10
1050,49,45,4,4
1051,88,71,17,17
1052,108,95,13,13
1053,72,60,12,12
1054,115,100,15,15
1055,55,50,5,5
1056,146,119,27,27
1057,97,72,25,25
1058,81,72,9,9
1059,146,123,23,23
1060,133,112,21,21
1061,62,59,3,3
1062,148,129,19,19
1063,98,80,18,18
1064,81,63,18,18
1065,73,67,6,6
1066,81,67,14,14
1067,148,126,22,22
1068,141,113,28,28
1069,56,48,8,8
1070,123,106,17,17
1071,83,72,11,11
1072,117,108,9,9
1073,99,89,10,10
1074,99,93,6,6
1075,64,58,6,6
1076,92,77,15,15
1077,40,36,4,4
1078,183,146,37,37
1079,44,53,-9,9
1080,115,101,14,14
1081,49,48,1,1
1082,127,108,19,19
1083,155,125,30,30
1084,81,79,2,2
1085,92,74,18,18
1086,74,56,18,18
1087,108,98,10,10
1088,57,53,4,4
1089,61,58,3,3
1090,125,103,22,22
1091,97,80,17,17
1092,60,86,-26,26
1093,78,68,10,10
1094,71,72,-1,1
1095,84,75,9,9
1096,177,145,32,32
1097,80,68,12,12
1098,130,120,10,10
1099,81,74,7,7
1100,88,78,10,10
1101,56,49,7,7
1102,149,124,25,25
1103,92,72,20,20
1104,90,80,10,10
1105,45,45,0,0
1106,63,64,-1,1
1107,92,83,9,9
1108,124,112,12,12
1109,140,125,15,15
1110,122,121,1,1
1111,47,44,3,3
1112,67,63,4,4
1113,199,162,37,37
1114,110,121,-11,11
1115,78,74,4,4
1116,42,39,3,3
1117,51,47,4,4
1118,183,138,45,45
1119,160,143,17,17
1120,117,104,13,13
1121,70,66,4,4
1122,90,76,14,14
1123,101,99,2,2
1124,73,65,8,8
1125,64,59,5,5
1126,69,62,7,7
1127,98,88,10,10
1128,121,108,13,13
1129,83,73,10,10
1130,170,152,18,18
1131,80,71,9,9
1132,68,62,6,6
1133,130,124,6,6
1134,66,66,0,0
1135,65,74,-9,9
1136,95,85,10,10
1137,99,87,12,12
1138,95,109,-14,14
1139,174,150,24,24
1140,154,122,32,32
1141,121,99,22,22
1142,109,87,22,22
1143,87,94,-7,7
1144,61,48,13,13
1145,96,86,10,10
1146,96,86,10,10
1147,118,104,14,14
1148,97,80,17,17
1149,105,88,17,17
1150,87,75,12,12
1151,104,87,17,17
1152,80,76,4,4
1153,54,52,2,2
1154,92,81,11,11
1155,48,46,2,2
1156,78,75,3,3
1157,136,110,26,26
1158,139,114,25,25
1159,61,97,-36,36
1160,83,76,7,7
1161,103,100,3,3
1162,128,109,19,19
1163,131,113,18,18
1164,76,65,11,11
1165,74,59,15,15
1166,135,121,14,14
1167,73,67,6,6
1168,115,108,7,7
1169,81,77,4,4
1170,140,119,21,21
1171,69,67,2,2
1172,46,47,-1,1
1173,109,94,15,15
1174,197,157,40,40
1175,111,112,-1,1
1176,100,88,12,12
1177,77,64,13,13
1178,66,61,5,5
1179,67,61,6,6
1180,120,121,-1,1
1181,349,316,33,33
1182,78,67,11,11
1183,118,111,7,7
1184,51,56,-5,5
1185,82,77,5,5
1186,49,40,9,9
1187,72,64,8,8
1188,112,134,-22,22
1189,140,111,29,29
1190,69,55,14,14
1191,94,86,8,8
1192,69,63,6,6
1193,96,90,6,6
1194,77,104,-27,27
1195,92,91,1,1
1196,141,128,13,13
1197,94,79,15,15
1198,92,72,20,20
1199,96,103,-7,7
1200,69,57,12,12
1201,35,41,-6,6
1202,78,67,11,11
1203,113,100,13,13
1204,99,81,18,18
1205,108,95,13,13
1206,118,98,20,20
1207,95,82,13,13
1208,106,98,8,8
1209,101,75,26,26
1210,77,80,-3,3
1211,97,84,13,13
1212,86,74,12,12
1213,60,56,4,4
1214,101,99,2,2
1215,105,86,19,19
1216,73,67,6,6
1217,90,77,13,13
1218,121,101,20,20
1219,80,76,4,4
1220,85,82,3,3
1221,158,141,17,17
1222,75,68,7,7
1223,70,69,1,1
1224,66,63,3,3
1225,107,93,14,14
1226,182,160,22,22
1227,134,116,18,18
1228,103,87,16,16
1229,69,65,4,4
1230,95,79,16,16
1231,33,34,-1,1
1232,58,52,6,6
1233,63,63,0,0
1234,115,89,26,26
1235,111,88,23,23
1236,128,106,22,22
1237,141,116,25,25
1238,50,49,1,1
1239,129,100,29,29
1240,49,52,-3,3
1241,91,76,15,15
1242,131,108,23,23
1243,120,94,26,26
1244,91,77,14,14
1245,108,98,10,10
1246,70,68,2,2
1247,51,44,7,7
1248,92,89,3,3
1249,77,67,10,10
1250,149,124,25,25
1251,117,98,19,19
1252,144,126,18,18
1253,82,63,19,19
1254,107,99,8,8
1255,51,46,5,5
1256,55,52,3,3
1257,101,90,11,11
1258,99,84,15,15
1259,114,95,19,19
1260,55,58,-3,3
1261,83,72,11,11
1262,174,150,24,24
1263,136,117,19,19
1264,89,83,6,6
1265,67,69,-2,2
1266,81,73,8,8
1267,122,112,10,10
1268,74,69,5,5
1269,149,145,4,4
1270,62,60,2,2
1271,64,64,0,0
1272,85,80,5,5
1273,163,127,36,36
1274,72,67,5,5
1275,62,53,9,9
1276,50,48,2,2
1277,57,58,-1,1
1278,82,82,0,0
1279,58,52,6,6
1280,51,44,7,7
1281,63,61,2,2
1282,125,106,19,19
1283,78,74,4,4
1284,57,50,7,7
1285,65,58,7,7
1286,111,106,5,5
1287,90,76,14,14
1288,107,94,13,13
1289,81,67,14,14
1290,133,100,33,33
1291,111,108,3,3
1292,64,65,-1,1
1293,56,67,-11,11
1294,51,51,0,0
1295,64,59,5,5
1296,156,132,24,24
1297,96,94,2,2
1298,94,76,18,18
1299,65,83,-18,18
1300,167,139,28,28
1301,44,42,2,2
1302,255,197,58,58
1303,80,68,12,12
1304,142,118,24,24
1305,73,57,16,16
1306,114,96,18,18
1307,81,65,16,16
1308,66,61,5,5
1309,91,81,10,10
1310,106,85,21,21
1311,84,80,4,4
1312,120,109,11,11
1313,115,99,16,16
1314,130,110,20,20
1315,192,175,17,17
1316,150,122,28,28
1317,87,76,11,11
1318,69,64,5,5
1319,170,157,13,13
1320,99,85,14,14
1321,72,70,2,2
1322,106,90,16,16
1323,142,109,33,33
1324,44,42,2,2
1325,87,84,3,3
1326,72,70,2,2
1327,116,96,20,20
1328,66,60,6,6
1329,43,37,6,6
1330,145,121,24,24
1331,92,78,14,14
1332,86,81,5,5
1333,87,85,2,2
1334,71,61,10,10
1335,136,111,25,25
1336,73,70,3,3
1337,81,76,5,5
1338,65,54,11,11
1339,97,78,19,19
1340,61,55,6,6
1341,76,60,16,16
1342,55,49,6,6
1343,100,85,15,15
1344,120,107,13,13
1345,110,108,2,2
1346,103,92,11,11
1347,57,52,5,5
1348,95,75,20,20
1349,82,77,5,5
1350,105,102,3,3
1351,68,65,3,3
1352,177,147,30,30
1353,97,85,12,12
1354,150,117,33,33
1355,38,37,1,1
1356,85,73,12,12
1357,79,73,6,6
1358,78,70,8,8
1359,98,89,9,9
1360,138,117,21,21
1361,92,73,19,19
1362,110,94,16,16
1363,135,129,6,6
1364,96,87,9,9
1365,107,89,18,18
1366,84,79,5,5
1367,82,70,12,12
1368,87,93,-6,6
1369,58,54,4,4
1370,55,46,9,9
1371,69,67,2,2
1372,193,162,31,31
1373,102,97,5,5
1374,105,89,16,16
1375,74,81,-7,7
1376,122,122,0,0
1377,85,71,14,14
1378,103,89,14,14
1379,139,116,23,23
1380,91,76,15,15
1381,84,85,-1,1
1382,155,125,30,30
1383,73,64,9,9
1384,141,114,27,27
1385,70,59,11,11
1386,93,75,18,18
1387,100,81,19,19
1388,96,82,14,14
1389,56,53,3,3
1390,93,106,-13,13
1391,97,107,-10,10
1392,43,39,4,4
1393,58,50,8,8
1394,107,92,15,15
1395,118,103,15,15
1396,64,51,13,13
1397,114,90,24,24
1398,84,70,14,14
1399,68,64,4,4
1400,170,137,33,33
1401,121,106,15,15
1402,180,156,24,24
1403,81,72,9,9
1404,131,111,20,20
1405,166,141,25,25
1406,83,75,8,8
1407,107,86,21,21
1408,95,86,9,9
1409,88,70,18,18
1410,149,124,25,25
1411,160,140,20,20
1412,112,99,13,13
1413,145,129,16,16
1414,38,33,5,5
1415,104,87,17,17
1416,125,115,10,10
1417,86,76,10,10
1418,105,90,15,15
1419,44,44,0,0
1420,116,94,22,22
1421,136,117,19,19
1422,149,125,24,24
1423,135,95,40,40
1424,51,50,1,1
1425,94,95,-1,1
1426,88,88,0,0
1427,128,115,13,13
1428,148,127,21,21
1429,103,98,5,5
1430,59,54,5,5
1431,75,66,9,9
1432,83,73,10,10
1433,73,65,8,8
1434,75,88,-13,13
1435,74,71,3,3
1436,85,76,9,9
1437,74,63,11,11
1438,99,88,11,11
1439,122,110,12,12
1440,130,119,11,11
1441,61,60,1,1
1442,48,44,4,4
1443,111,106,5,5
1444,58,50,8,8
1445,61,67,-6,6
1446,129,116,13,13
1447,55,50,5,5
1448,159,136,23,23
1449,81,71,10,10
1450,44,44,0,0
1451,64,54,10,10
1452,105,86,19,19
1453,131,114,17,17
1454,188,156,32,32
1455,107,91,16,16
1456,74,68,6,6
1457,155,149,6,6
1458,93,79,14,14
1459,125,111,14,14
1460,113,106,7,7
1461,81,71,10,10
1462,73,62,11,11
1463,78,67,11,11
1464,124,98,26,26
1465,68,67,1,1
1466,90,83,7,7
1467,108,86,22,22
1468,73,61,12,12
1469,92,80,12,12
1470,118,106,12,12
1471,70,57,13,13
1472,98,91,7,7
1473,70,59,11,11
1474,72,65,7,7
1475,107,85,22,22
1476,112,97,15,15
1477,118,103,15,15
1478,86,74,12,12
1479,114,84,30,30
1480,121,102,19,19
1481,120,97,23,23
1482,275,199,76,76
1483,98,79,19,19
1484,95,95,0,0
1485,80,65,15,15
1486,126,117,9,9
1487,98,89,9,9
1488,133,128,5,5
1489,61,55,6,6
1490,129,107,22,22
1491,117,103,14,14
1492,54,67,-13,13
1493,54,52,2,2
1494,48,46,2,2
1495,85,73,12,12
1496,56,69,-13,13
1497,77,79,-2,2
1498,140,113,27,27
1499,69,65,4,4
1500,88,78,10,10
1501,107,95,12,12
1502,81,71,10,10
1503,134,108,26,26
1504,80,72,8,8
1505,121,104,17,17
1506,111,95,16,16
1507,72,68,4,4
1508,155,140,15,15
1509,61,55,6,6
1510,70,67,3,3
1511,55,50,5,5
1512,74,67,7,7
1513,151,135,16,16
1514,38,38,0,0
1515,164,169,-5,5
1516,66,68,-2,2
1517,58,51,7,7
1518,66,61,5,5
1519,116,91,25,25
1520,71,78,-7,7
1521,99,89,10,10
1522,108,104,4,4
1523,77,72,5,5
1524,56,53,3,3
1525,126,101,25,25
1526,117,101,16,16
1527,71,58,13,13
1528,80,64,16,16
1529,69,63,6,6
1530,76,60,16,16
1531,137,122,15,15
1532,184,154,30,30
1533,131,107,24,24
1534,149,125,24,24
1535,95,83,12,12
1536,122,107,15,15
1537,54,48,6,6
1538,88,82,6,6
1539,83,75,8,8
1540,69,66,3,3
1541,87,88,-1,1
1542,156,137,19,19
1543,118,108,10,10
1544,55,53,2,2
1545,83,75,8,8
1546,81,84,-3,3
1547,101,100,1,1
1548,73,65,8,8
1549,105,95,10,10
1550,82,77,5,5
1551,65,60,5,5
1552,78,69,9,9
1553,115,98,17,17
1554,133,112,21,21
1555,58,58,0,0
1556,108,100,8,8
1557,128,118,10,10
1558,136,109,27,27
1559,37,41,-4,4
1560,95,91,4,4
1561,121,106,15,15
1562,87,74,13,13
1563,100,105,-5,5
1564,89,74,15,15
1565,126,115,11,11
1566,109,109,0,0
1567,103,87,16,16
1568,150,123,27,27
1569,94,110,-16,16
1570,148,138,10,10
1571,60,55,5,5
1572,70,64,6,6
1573,131,121,10,10
1574,70,60,10,10
1575,95,90,5,5
1576,66,69,-3,3
1577,86,68,18,18
1578,91,78,13,13
1579,75,74,1,1
1580,46,46,0,0
1581,100,92,8,8
1582,98,83,15,15
1583,92,74,18,18
1584,112,91,21,21
1585,167,141,26,26
1586,90,85,5,5
1587,109,90,19,19
1588,93,97,-4,4
1589,61,56,5,5
1590,123,105,18,18
1591,93,84,9,9
1592,74,60,14,14
1593,36,39,-3,3
1594,89,75,14,14
1595,144,136,8,8
1596,80,71,9,9
1597,114,101,13,13
1598,106,100,6,6
1599,57,53,4,4
1600,70,71,-1,1
1601,112,103,9,9
1602,92,76,16,16
1603,106,89,17,17
1604,122,113,9,9
1605,128,109,19,19
1606,109,98,11,11
1607,75,66,9,9
1608,120,101,19,19
1609,60,50,10,10
1610,137,113,24,24
1611,78,71,7,7
1612,93,89,4,4
1613,91,79,12,12
1614,84,74,10,10
1615,137,120,17,17
1616,43,43,0,0
1617,74,54,20,20
1618,77,67,10,10
1619,114,102,12,12
1620,104,80,24,24
1621,101,96,5,5
1622,43,40,3,3
1623,106,93,13,13
1624,90,78,12,12
1625,114,107,7,7
1626,82,64,18,18
1627,62,61,1,1
1628,112,97,15,15
1629,46,49,-3,3
1630,104,86,18,18
1631,106,93,13,13
1632,62,54,8,8
1633,123,110,13,13
1634,95,85,10,10
1635,64,63,1,1
1636,76,74,2,2
1637,104,91,13,13
1638,126,110,16,16
1639,144,122,22,22
1640,119,109,10,10
1641,74,63,11,11
1642,51,52,-1,1
1643,91,84,7,7
1644,86,85,1,1
1645,95,79,16,16
1646,72,67,5,5
1647,162,140,22,22
1648,87,73,14,14
1649,91,84,7,7
1650,122,120,2,2
1651,70,62,8,8
1652,106,102,4,4
1653,89,86,3,3
1654,59,49,10,10
1655,44,41,3,3
1656,74,59,15,15
1657,77,72,5,5
1658,135,113,22,22
1659,107,93,14,14
1660,64,56,8,8
1661,52,63,-11,11
1662,61,57,4,4
1663,74,67,7,7
1664,87,89,-2,2
1665,106,89,17,17
1666,64,57,7,7
1667,70,68,2,2
1668,77,69,8,8
1669,62,55,7,7
1670,67,59,8,8
1671,109,94,15,15
1672,118,105,13,13
1673,74,72,2,2
1674,100,86,14,14
1675,83,87,-4,4
1676,83,66,17,17
1677,121,102,19,19
1678,79,75,4,4
1679,46,42,4,4
1680,92,73,19,19
1681,102,87,15,15
1682,103,86,17,17
1683,64,52,12,12
1684,101,85,16,16
1685,105,89,16,16
1686,55,51,4,4
1687,66,56,10,10
1688,60,56,4,4
1689,62,59,3,3
1690,150,136,14,14
1691,84,81,3,3
1692,98,97,1,1
1693,59,58,1,1
1694,57,54,3,3
1695,88,113,-25,25
1696,146,133,13,13
1697,58,55,3,3
1698,73,60,13,13
1699,192,160,32,32
1700,58,51,7,7
1701,97,80,17,17
1702,84,74,10,10
1703,149,126,23,23
1704,162,127,35,35
1705,53,59,-6,6
1706,48,51,-3,3
1707,103,100,3,3
1708,64,55,9,9
1709,85,71,14,14
1710,64,60,4,4
1711,73,65,8,8
1712,72,59,13,13
1713,136,111,25,25
1714,103,86,17,17
1715,161,135,26,26
1716,89,78,11,11
1717,102,84,18,18
1718,66,104,-38,38
1719,87,75,12,12
1720,101,89,12,12
1721,90,86,4,4
1722,108,101,7,7
1723,59,57,2,2
1724,118,101,17,17
1725,56,49,7,7
1726,195,164,31,31
1727,70,61,9,9
1728,90,82,8,8
1729,108,101,7,7
1730,118,119,-1,1
1731,74,68,6,6
1732,115,98,17,17
1733,31,31,0,0
1734,121,112,9,9
1735,43,40,3,3
1736,78,67,11,11
1737,63,59,4,4
1738,57,48,9,9
1739,53,51,2,2
1740,63,59,4,4
1741,88,77,11,11
1742,80,79,1,1
1743,133,122,11,11
1744,90,72,18,18
1745,130,116,14,14
1746,70,64,6,6
1747,169,134,35,35
1748,45,45,0,0
1749,171,145,26,26
1750,84,73,11,11
1751,95,88,7,7
1752,73,70,3,3
1753,59,55,4,4
1754,82,81,1,1
1755,101,83,18,18
1756,77,76,1,1
1757,57,58,-1,1
1758,97,83,14,14
1759,69,65,4,4
1760,82,67,15,15
1761,60,71,-11,11
1762,70,64,6,6
1763,79,74,5,5
1764,127,111,16,16
1765,92,93,-1,1
1766,119,108,11,11
1767,59,55,4,4
1768,66,63,3,3
1769,44,43,1,1
1770,46,40,6,6
1771,129,102,27,27
1772,93,74,19,19
1773,98,113,-15,15
1774,89,78,11,11
1775,74,63,11,11
1776,96,87,9,9
1777,103,83,20,20
1778,84,79,5,5
1779,75,65,10,10
1780,167,135,32,32
1781,85,78,7,7
1782,108,107,1,1
1783,59,54,5,5
1784,101,91,10,10
1785,76,68,8,8
1786,118,101,17,17
1787,67,61,6,6
1788,53,60,-7,7
1789,108,98,10,10
1790,103,90,13,13
1791,130,126,4,4
1792,83,74,9,9
1793,52,55,-3,3
1794,79,74,5,5
1795,80,77,3,3
1796,88,60,28,28
1797,55,53,2,2
1798,53,49,4,4
1799,116,98,18,18
1800,103,90,13,13
1801,73,71,2,2
1802,72,65,7,7
1803,155,127,28,28
1804,205,183,22,22
1805,55,51,4,4
1806,119,103,16,16
1807,93,78,15,15
1808,81,73,8,8
1809,93,81,12,12
1810,121,110,11,11
1811,62,55,7,7
1812,61,59,2,2
1813,113,102,11,11
1814,79,67,12,12
1815,130,118,12,12
1816,68,68,0,0
1817,81,72,9,9
1818,114,93,21,21
1819,101,76,25,25
1820,63,52,11,11
1821,87,92,-5,5
1822,117,104,13,13
1823,114,103,11,11
1824,109,94,15,15
1825,96,82,14,14
1826,54,52,2,2
1827,132,116,16,16
1828,85,84,1,1
1829,70,59,11,11
1830,60,48,12,12
1831,68,62,6,6
1832,48,43,5,5
1833,75,72,3,3
1834,126,108,18,18
1835,106,89,17,17
1836,60,53,7,7
1837,70,57,13,13
1838,52,45,7,7
1839,86,71,15,15
1840,74,64,10,10
1841,118,101,17,17
1842,43,43,0,0
1843,207,175,32,32
1844,97,80,17,17
1845,78,68,10,10
1846,100,94,6,6
1847,108,86,22,22
1848,73,65,8,8
1849,151,127,24,24
1850,45,45,0,0
1851,81,68,13,13
1852,68,61,7,7
1853,140,133,7,7
1854,121,101,20,20
1855,88,92,-4,4
1856,42,40,2,2
1857,76,73,3,3
1858,89,77,12,12
1859,61,55,6,6
1860,98,82,16,16
1861,78,73,5,5
1862,54,53,1,1
1863,128,132,-4,4
1864,160,138,22,22
1865,65,61,4,4
1866,109,94,15,15
1867,149,141,8,8
1868,112,94,18,18
1869,78,69,9,9
1870,61,52,9,9
1871,82,70,12,12
1872,54,48,6,6
1873,45,48,-3,3
1874,102,87,15,15
1875,92,81,11,11
1876,121,109,12,12
1877,119,105,14,14
1878,84,70,14,14
1879,99,92,7,7
1880,116,108,8,8
1881,119,102,17,17
1882,157,137,20,20
1883,119,97,22,22
1884,92,76,16,16
1885,60,61,-1,1
1886,101,91,10,10
1887,90,84,6,6
1888,132,124,8,8
1889,156,134,22,22
1890,101,89,12,12
1891,88,75,13,13
1892,141,105,36,36
1893,56,53,3,3
1894,85,69,16,16
1895,182,149,33,33
1896,127,102,25,25
1897,76,66,10,10
1898,83,70,13,13
1899,59,51,8,8
1900,33,37,-4,4
1901,38,39,-1,1
1902,90,71,19,19
1903,87,90,-3,3
1904,81,79,2,2
1905,123,112,11,11
1906,111,96,15,15
1907,207,193,14,14
1908,140,123,17,17
1909,90,77,13,13
1910,67,63,4,4
1911,102,120,-18,18
1912,65,59,6,6
1913,81,75,6,6
1914,75,67,8,8
1915,93,87,6,6
1916,87,91,-4,4
1917,183,149,34,34
1918,95,84,11,11
1919,200,172,28,28
1920,95,84,11,11
1921,199,165,34,34
1922,87,85,2,2
1923,56,50,6,6
1924,55,60,-5,5
1925,90,86,4,4
1926,64,63,1,1
1927,57,51,6,6
1928,179,170,9,9
1929,78,69,9,9
1930,54,53,1,1
1931,112,95,17,17
1932,69,77,-8,8
1933,73,71,2,2
1934,64,59,5,5
1935,65,64,1,1
1936,63,58,5,5
1937,159,135,24,24
1938,71,68,3,3
1939,90,75,15,15
1940,116,101,15,15
1941,110,97,13,13
1942,80,76,4,4
1943,116,109,7,7
1944,101,96,5,5
1945,145,121,24,24
1946,144,130,14,14
1947,163,132,31,31
1948,115,112,3,3
1949,115,114,1,1
1950,102,95,7,7
1951,105,81,24,24
1952,61,53,8,8
1953,74,65,9,9
1954,88,75,13,13
1955,86,66,20,20
1956,98,89,9,9
1957,113,99,14,14
1958,82,61,21,21
1959,124,97,27,27
1960,76,65,11,11
1961,137,122,15,15
1962,88,88,0,0
1963,130,110,20,20
1964,75,61,14,14
1965,97,74,23,23
1966,114,109,5,5
1967,92,81,11,11
1968,106,94,12,12
1969,89,83,6,6
1970,72,80,-8,8
1971,92,81,11,11
1972,66,57,9,9
1973,26,26,0,0
1974,106,91,15,15
1975,82,78,4,4
1976,112,101,11,11
1977,94,80,14,14
1978,106,93,13,13
1979,114,96,18,18
1980,85,91,-6,6
1981,144,133,11,11
1982,137,114,23,23
1983,56,57,-1,1
1984,62,46,16,16
1985,65,64,1,1
1986,71,68,3,3
1987,78,78,0,0
1988,66,54,12,12
1989,106,98,8,8
1990,74,90,-16,16
1991,46,110,-64,64
1992,140,118,22,22
1993,129,109,20,20
1994,83,77,6,6
1995,81,75,6,6
1996,49,44,5,5
1997,124,108,16,16
1998,42,39,3,3
1999,89,75,14,14
2000,101,82,19,19
2001,184,177,7,7
2002,113,97,16,16
2003,212,180,32,32
2004,120,101,19,19
2005,95,85,10,10
2006,120,109,11,11
2007,97,86,11,11
2008,72,64,8,8
2009,80,61,19,19
2010,87,87,0,0
2011,100,88,12,12
2012,185,159,26,26
2013,90,82,8,8
2014,77,71,6,6
2015,67,63,4,4
2016,63,60,3,3
2017,74,68,6,6
2018,104,86,18,18
2019,129,114,15,15
2020,73,65,8,8
2021,128,110,18,18
2022,64,58,6,6
2023,88,71,17,17
2024,47,49,-2,2
2025,68,58,10,10
2026,75,62,13,13
2027,75,67,8,8
2028,80,74,6,6
2029,61,58,3,3
2030,74,67,7,7
2031,79,74,5,5
2032,62,62,0,0
2033,121,113,8,8
2034,77,70,7,7
2035,104,91,13,13
2036,116,102,14,14
2037,61,66,-5,5
2038,86,74,12,12
2039,83,80,3,3
2040,119,103,16,16
2041,109,105,4,4
2042,83,86,-3,3
2043,66,64,2,2
2044,112,101,11,11
2045,110,99,11,11
2046,115,114,1,1
2047,97,87,10,10
2048,115,103,12,12
2049,78,73,5,5
2050,58,53,5,5
2051,98,92,6,6
2052,104,90,14,14
2053,109,90,19,19
2054,143,121,22,22
2055,98,86,12,12
2056,56,58,-2,2
2057,61,59,2,2
2058,86,72,14,14
2059,73,67,6,6
2060,101,87,14,14
2061,165,137,28,28
2062,64,53,11,11
2063,62,54,8,8
2064,68,58,10,10
2065,101,92,9,9
2066,72,72,0,0
2067,56,51,5,5
2068,109,86,23,23
2069,63,54,9,9
2070,48,47,1,1
2071,134,121,13,13
2072,91,89,2,2
2073,80,74,6,6
2074,112,96,16,16
2075,49,46,3,3
2076,91,77,14,14
2077,75,73,2,2
2078,86,69,17,17
2079,142,117,25,25
2080,79,66,13,13
2081,122,115,7,7
2082,139,122,17,17
2083,79,65,14,14
2084,184,148,36,36
2085,134,144,-10,10
2086,99,84,15,15
2087,59,59,0,0
2088,77,72,5,5
2089,84,73,11,11
2090,116,107,9,9
2091,41,38,3,3
2092,70,61,9,9
2093,39,39,0,0
2094,82,75,7,7
2095,58,53,5,5
2096,166,137,29,29
2097,71,67,4,4
2098,119,102,17,17
2099,92,89,3,3
2100,116,106,10,10
2101,121,100,21,21
2102,106,93,13,13
2103,82,71,11,11
2104,137,121,16,16
2105,113,105,8,8
2106,84,79,5,5
2107,136,114,22,22
2108,57,54,3,3
2109,142,118,24,24
2110,55,46,9,9
2111,82,73,9,9
2112,208,175,33,33
2113,101,78,23,23
2114,156,143,13,13
2115,175,142,33,33
2116,137,107,30,30
2117,105,109,-4,4
2118,84,79,5,5
2119,78,72,6,6
2120,115,93,22,22
2121,74,65,9,9
2122,67,58,9,9
2123,46,44,2,2
2124,123,105,18,18
2125,68,58,10,10
2126,110,104,6,6
2127,95,83,12,12
2128,77,76,1,1
2129,86,82,4,4
2130,62,52,10,10
2131,91,74,17,17
2132,76,70,6,6
2133,92,71,21,21
2134,98,81,17,17
2135,108,93,15,15
2136,142,127,15,15
2137,111,77,34,34
2138,96,90,6,6
2139,86,76,10,10
2140,138,120,18,18
2141,89,83,6,6
2142,149,119,30,30
2143,82,76,6,6
2144,135,122,13,13
2145,94,81,13,13
2146,79,70,9,9
2147,84,76,8,8
2148,44,75,-31,31
2149,46,54,-8,8
2150,96,84,12,12
2151,114,96,18,18
2152,57,53,4,4
2153,79,68,11,11
2154,78,78,0,0
2155,117,121,-4,4
2156,98,77,21,21
2157,57,48,9,9
2158,99,80,19,19
2159,97,82,15,15
2160,98,80,18,18
2161,70,60,10,10
2162,102,96,6,6
2163,82,77,5,5
2164,81,73,8,8
2165,69,65,4,4
2166,66,54,12,12
2167,97,75,22,22
2168,86,79,7,7
2169,58,51,7,7
2170,83,81,2,2
2171,78,71,7,7
2172,64,53,11,11
2173,127,92,35,35
2174,73,56,17,17
2175,70,71,-1,1
2176,93,85,8,8
2177,116,106,10,10
2178,103,79,24,24
2179,44,44,0,0
2180,84,84,0,0
2181,116,88,28,28
2182,102,95,7,7
2183,56,47,9,9
2184,117,103,14,14
2185,111,100,11,11
2186,82,79,3,3
2187,115,97,18,18
2188,96,96,0,0
2189,137,99,38,38
2190,111,104,7,7
2191,63,62,1,1
2192,65,57,8,8
2193,57,51,6,6
2194,82,65,17,17
2195,64,73,-9,9
2196,100,88,12,12
2197,68,57,11,11
2198,57,57,0,0
2199,76,63,13,13
2200,138,120,18,18
2201,61,63,-2,2
2202,80,78,2,2
2203,98,91,7,7
2204,137,121,16,16
2205,101,84,17,17
2206,122,112,10,10
2207,75,73,2,2
2208,118,104,14,14
2209,87,80,7,7
2210,116,106,10,10
2211,97,87,10,10
2212,147,142,5,5
2213,74,64,10,10
2214,55,53,2,2
2215,110,89,21,21
2216,93,84,9,9
2217,64,64,0,0
2218,105,103,2,2
2219,70,89,-19,19
2220,92,74,18,18
2221,63,58,5,5
2222,93,84,9,9
2223,60,64,-4,4
2224,82,74,8,8
2225,108,94,14,14
2226,118,105,13,13
2227,167,145,22,22
2228,112,100,12,12
2229,85,76,9,9
2230,77,81,-4,4
2231,105,96,9,9
2232,144,126,18,18
2233,159,149,10,10
2234,68,62,6,6
2235,42,38,4,4
2236,111,115,-4,4
2237,67,70,-3,3
2238,135,113,22,22
2239,45,47,-2,2
2240,79,68,11,11
2241,117,107,10,10
2242,94,81,13,13
2243,44,69,-25,25
2244,94,91,3,3
2245,140,118,22,22
2246,98,83,15,15
2247,66,64,2,2
2248,63,62,1,1
2249,65,64,1,1
2250,104,98,6,6
2251,92,86,6,6
2252,86,80,6,6
2253,81,76,5,5
2254,77,77,0,0
2255,78,69,9,9
2256,48,51,-3,3
2257,39,37,2,2
2258,47,38,9,9
2259,94,92,2,2
2260,161,138,23,23
2261,72,55,17,17
2262,35,38,-3,3
2263,89,88,1,1
2264,69,83,-14,14
2265,102,96,6,6
2266,79,87,-8,8
2267,107,86,21,21
2268,111,112,-1,1
2269,95,88,7,7
2270,102,93,9,9
2271,89,86,3,3
2272,65,57,8,8
2273,108,96,12,12
2274,57,63,-6,6
2275,103,88,15,15
2276,151,115,36,36
2277,184,150,34,34
2278,78,69,9,9
2279,185,141,44,44
2280,63,64,-1,1
2281,131,117,14,14
2282,155,129,26,26
2283,87,72,15,15
2284,136,118,18,18
2285,104,95,9,9
2286,54,49,5,5
2287,107,98,9,9
2288,64,55,9,9
2289,68,64,4,4
2290,90,82,8,8
2291,65,67,-2,2
2292,86,84,2,2
2293,78,69,9,9
2294,72,60,12,12
2295,50,54,-4,4
2296,107,96,11,11
2297,101,196,-95,95
2298,104,90,14,14
2299,47,44,3,3
2300,87,74,13,13
2301,102,94,8,8
2302,103,85,18,18
2303,62,50,12,12
2304,57,55,2,2
2305,68,65,3,3
2306,109,98,11,11
2307,80,79,1,1
2308,76,75,1,1
2309,97,88,9,9
2310,83,70,13,13
2311,116,101,15,15
2312,72,61,11,11
2313,49,48,1,1
2314,108,102,6,6
2315,106,82,24,24
2316,135,111,24,24
2317,115,106,9,9
2318,111,92,19,19
2319,95,77,18,18
2320,56,61,-5,5
2321,154,122,32,32
2322,106,97,9,9
2323,71,67,4,4
2324,92,78,14,14
2325,96,76,20,20
2326,75,71,4,4
2327,127,101,26,26
2328,66,63,3,3
2329,78,70,8,8
2330,148,131,17,17
2331,95,80,15,15
2332,145,113,32,32
2333,80,75,5,5
2334,48,44,4,4
2335,73,74,-1,1
2336,128,120,8,8
2337,38,42,-4,4
2338,180,158,22,22
2339,63,59,4,4
2340,60,53,7,7
2341,149,134,15,15
2342,97,91,6,6
2343,57,55,2,2
2344,158,127,31,31
2345,85,80,5,5
2346,83,67,16,16
2347,145,122,23,23
2348,76,67,9,9
2349,107,89,18,18
2350,177,151,26,26
2351,106,83,23,23
2352,73,65,8,8
2353,43,42,1,1
2354,141,110,31,31
2355,100,95,5,5
2356,81,89,-8,8
2357,267,194,73,73
2358,69,64,5,5
2359,114,104,10,10
2360,110,97,13,13
2361,107,98,9,9
2362,95,77,18,18
2363,92,74,18,18
2364,166,129,37,37
2365,83,77,6,6
2366,140,114,26,26
2367,102,86,16,16
2368,82,78,4,4
2369,88,84,4,4
2370,129,102,27,27
2371,171,155,16,16
2372,53,47,6,6
2373,139,109,30,30
2374,131,107,24,24
2375,137,110,27,27
2376,65,60,5,5
2377,83,77,6,6
2378,191,167,24,24
2379,65,52,13,13
2380,197,167,30,30
2381,101,90,11,11
2382,147,131,16,16
2383,159,140,19,19
2384,46,42,4,4
2385,151,129,22,22
2386,104,88,16,16
2387,132,122,10,10
2388,67,59,8,8
2389,80,70,10,10
2390,198,168,30,30
2391,116,119,-3,3
2392,72,96,-24,24
2393,152,126,26,26
2394,63,64,-1,1
2395,61,57,4,4
2396,112,99,13,13
2397,96,77,19,19
2398,90,78,12,12
2399,118,107,11,11
2400,102,95,7,7
2401,65,58,7,7
2402,93,87,6,6
2403,64,56,8,8
2404,88,111,-23,23
2405,116,101,15,15
2406,94,96,-2,2
2407,96,95,1,1
2408,83,89,-6,6
2409,125,113,12,12
2410,71,57,14,14
2411,147,137,10,10
2412,117,108,9,9
2413,125,108,17,17
2414,65,55,10,10
2415,69,68,1,1
2416,72,64,8,8
2417,80,75,5,5
2418,73,61,12,12
2419,62,59,3,3
2420,126,109,17,17
2421,56,51,5,5
2422,90,86,4,4
2423,95,91,4,4
2424,67,64,3,3
2425,37,40,-3,3
2426,128,108,20,20
2427,63,55,8,8
2428,32,30,2,2
2429,63,53,10,10
2430,42,47,-5,5
2431,90,82,8,8
2432,58,55,3,3
2433,159,125,34,34
2434,114,110,4,4
2435,76,70,6,6
2436,71,63,8,8
2437,91,78,13,13
2438,144,119,25,25
2439,71,60,11,11
2440,70,68,2,2
2441,109,101,8,8
2442,86,75,11,11
2443,114,104,10,10
2444,66,50,16,16
2445,92,74,18,18
2446,71,61,10,10
2447,92,76,16,16
2448,137,139,-2,2
2449,73,76,-3,3
2450,73,61,12,12
2451,101,82,19,19
2452,119,102,17,17
2453,97,86,11,11
2454,110,93,17,17
2455,69,60,9,9
2456,81,68,13,13
2457,67,63,4,4
2458,139,118,21,21
2459,88,77,11,11
2460,114,99,15,15
2461,64,54,10,10
2462,86,76,10,10
2463,122,105,17,17
2464,122,102,20,20
2465,94,80,14,14
2466,128,119,9,9
2467,83,71,12,12
2468,92,80,12,12
2469,175,153,22,22
2470,141,127,14,14
2471,72,70,2,2
2472,135,126,9,9
2473,84,71,13,13
2474,123,107,16,16
2475,113,106,7,7
2476,135,117,18,18
2477,83,76,7,7
2478,58,58,0,0
2479,146,131,15,15
2480,123,111,12,12
2481,50,45,5,5
2482,67,69,-2,2
2483,80,76,4,4
2484,136,118,18,18
2485,165,143,22,22
2486,84,69,15,15
2487,107,92,15,15
2488,151,136,15,15
2489,111,100,11,11
2490,51,52,-1,1
2491,78,71,7,7
2492,145,112,33,33
2493,54,54,0,0
2494,86,73,13,13
2495,93,81,12,12
2496,117,94,23,23
2497,52,48,4,4
2498,84,81,3,3
2499,196,177,19,19
2500,70,54,16,16
2501,166,147,19,19
2502,103,81,22,22
2503,67,74,-7,7
2504,54,49,5,5
2505,91,82,9,9
2506,124,109,15,15
2507,80,71,9,9
2508,111,101,10,10
2509,108,86,22,22
2510,134,124,10,10
2511,98,88,10,10
2512,64,78,-14,14
2513,73,66,7,7
2514,94,87,7,7
2515,61,66,-5,5
2516,90,86,4,4
2517,102,88,14,14
2518,150,127,23,23
2519,97,91,6,6
2520,76,68,8,8
2521,58,55,3,3
2522,90,69,21,21
2523,70,64,6,6
2524,65,61,4,4
2525,78,72,6,6
2526,53,53,0,0
2527,83,68,15,15
2528,103,67,36,36
2529,74,64,10,10
2530,173,150,23,23
2531,63,61,2,2
2532,104,91,13,13
2533,96,90,6,6
2534,110,109,1,1
2535,83,72,11,11
2536,89,80,9,9
2537,95,93,2,2
2538,74,72,2,2
2539,55,45,10,10
2540,117,105,12,12
2541,32,29,3,3
2542,64,66,-2,2
2543,103,78,25,25
2544,121,109,12,12
2545,129,106,23,23
2546,90,87,3,3
2547,119,133,-14,14
2548,105,84,21,21
2549,78,65,13,13
2550,159,129,30,30
2551,73,68,5,5
2552,128,112,16,16
2553,149,135,14,14
2554,129,100,29,29
2555,87,83,4,4
2556,69,67,2,2
2557,120,103,17,17
2558,57,52,5,5
2559,107,102,5,5
2560,56,51,5,5
2561,128,75,53,53
2562,153,119,34,34
2563,114,113,1,1
2564,96,90,6,6
2565,111,96,15,15
2566,130,119,11,11
2567,88,81,7,7
2568,75,67,8,8
2569,85,82,3,3
2570,105,95,10,10
2571,48,45,3,3
2572,98,88,10,10
2573,62,63,-1,1
2574,142,122,20,20
2575,91,67,24,24
2576,85,77,8,8
2577,67,55,12,12
2578,116,98,18,18
2579,82,81,1,1
2580,136,122,14,14
2581,145,115,30,30
2582,76,73,3,3
2583,46,45,1,1
2584,112,116,-4,4
2585,119,111,8,8
2586,75,83,-8,8
2587,58,60,-2,2
2588,90,88,2,2
2589,106,105,1,1
2590,117,103,14,14
2591,97,84,13,13
2592,142,134,8,8
2593,156,136,20,20
2594,136,90,46,46
2595,73,71,2,2
2596,98,78,20,20
2597,79,75,4,4
2598,130,119,11,11
2599,114,104,10,10
2600,122,109,13,13
2601,87,71,16,16
2602,136,113,23,23
2603,157,129,28,28
2604,53,50,3,3
2605,106,93,13,13
2606,62,60,2,2
2607,87,81,6,6
2608,75,65,10,10
2609,71,65,6,6
2610,87,77,10,10
2611,81,72,9,9
2612,110,94,16,16
2613,119,106,13,13
2614,103,90,13,13
2615,65,53,12,12
2616,137,110,27,27
2617,66,67,-1,1
2618,78,64,14,14
2619,93,87,6,6
2620,117,100,17,17
2621,95,84,11,11
2622,88,73,15,15
2623,102,81,21,21
2624,49,47,2,2
2625,82,69,13,13
2626,70,67,3,3
2627,78,75,3,3
2628,75,64,11,11
2629,80,82,-2,2
2630,133,114,19,19
2631,82,72,10,10
2632,147,102,45,45
2633,174,147,27,27
2634,65,61,4,4
2635,95,82,13,13
2636,105,85,20,20
2637,72,61,11,11
2638,78,72,6,6
2639,137,121,16,16
2640,153,127,26,26
2641,131,133,-2,2
2642,53,52,1,1
2643,88,74,14,14
2644,74,68,6,6
2645,62,56,6,6
2646,97,96,1,1
2647,121,104,17,17
2648,106,97,9,9
2649,76,96,-20,20
2650,103,93,10,10
2651,87,75,12,12
2652,67,57,10,10
2653,68,83,-15,15
2654,123,99,24,24
2655,68,57,11,11
2656,115,104,11,11
2657,116,93,23,23
2658,95,80,15,15
2659,57,58,-1,1
2660,106,91,15,15
2661,85,75,10,10
2662,106,84,22,22
2663,87,74,13,13
2664,86,77,9,9
2665,84,77,7,7
2666,60,53,7,7
2667,99,94,5,5
2668,84,89,-5,5
2669,60,54,6,6
2670,134,108,26,26
2671,130,119,11,11
2672,78,65,13,13
2673,62,57,5,5
2674,90,69,21,21
2675,105,101,4,4
2676,104,95,9,9
2677,102,92,10,10
2678,125,110,15,15
2679,74,58,16,16
2680,100,89,11,11
2681,103,97,6,6
2682,77,62,15,15
2683,86,75,11,11
2684,97,94,3,3
2685,81,78,3,3
2686,88,85,3,3
2687,52,52,0,0
2688,59,62,-3,3
2689,89,73,16,16
2690,51,58,-7,7
2691,45,46,-1,1
2692,103,104,-1,1
2693,70,67,3,3
2694,148,127,21,21
2695,91,88,3,3
2696,45,41,4,4
2697,146,132,14,14
2698,119,107,12,12
2699,107,101,6,6
2700,170,139,31,31
2701,62,56,6,6
2702,130,100,30,30
2703,40,51,-11,11
2704,91,76,15,15
2705,61,55,6,6
2706,72,60,12,12
2707,113,102,11,11
2708,120,90,30,30
2709,52,48,4,4
2710,43,46,-3,3
2711,63,54,9,9
2712,106,99,7,7
2713,109,98,11,11
2714,136,119,17,17
2715,100,90,10,10
2716,58,55,3,3
2717,64,57,7,7
2718,135,124,11,11
2719,125,114,11,11
2720,91,97,-6,6
2721,81,77,4,4
2722,53,48,5,5
2723,120,106,14,14
2724,96,88,8,8
2725,42,34,8,8
2726,122,110,12,12
2727,67,56,11,11
2728,97,80,17,17
2729,65,59,6,6
2730,86,82,4,4
2731,72,62,10,10
2732,62,54,8,8
2733,72,62,10,10
2734,83,65,18,18
2735,129,117,12,12
2736,109,94,15,15
2737,72,76,-4,4
2738,78,74,4,4
2739,175,162,13,13
2740,125,110,15,15
2741,65,53,12,12
2742,122,108,14,14
2743,79,72,7,7
2744,35,41,-6,6
2745,86,82,4,4
2746,120,100,20,20
2747,96,86,10,10
2748,152,135,17,17
2749,114,106,8,8
2750,94,87,7,7
2751,67,61,6,6
2752,94,87,7,7
2753,145,113,32,32
2754,52,49,3,3
2755,108,98,10,10
2756,86,85,1,1
2757,91,83,8,8
2758,132,115,17,17
2759,160,141,19,19
2760,94,76,18,18
2761,136,111,25,25
2762,46,42,4,4
2763,76,63,13,13
2764,66,64,2,2
2765,72,64,8,8
2766,102,94,8,8
2767,77,72,5,5
2768,56,53,3,3
2769,139,129,10,10
2770,217,177,40,40
2771,105,97,8,8
2772,86,72,14,14
2773,172,144,28,28
2774,131,117,14,14
2775,141,122,19,19
2776,85,81,4,4
2777,68,55,13,13
2778,90,84,6,6
2779,75,69,6,6
2780,82,74,8,8
2781,76,65,11,11
2782,92,80,12,12
2783,76,68,8,8
2784,108,94,14,14
2785,99,86,13,13
2786,65,63,2,2
2787,101,100,1,1
2788,196,164,32,32
2789,80,76,4,4
2790,130,119,11,11
2791,57,70,-13,13
2792,105,86,19,19
2793,83,75,8,8
2794,75,79,-4,4
2795,37,40,-3,3
2796,92,90,2,2
2797,70,61,9,9
2798,35,37,-2,2
2799,120,99,21,21
2800,87,69,18,18
2801,56,46,10,10
2802,84,74,10,10
2803,185,157,28,28
2804,95,77,18,18
2805,76,67,9,9
2806,60,54,6,6
2807,84,75,9,9
2808,67,61,6,6
2809,79,70,9,9
2810,106,93,13,13
2811,121,106,15,15
2812,81,80,1,1
2813,93,83,10,10
2814,150,127,23,23
2815,104,100,4,4
2816,95,84,11,11
2817,120,101,19,19
2818,140,131,9,9
2819,106,105,1,1
2820,92,71,21,21
2821,75,68,7,7
2822,69,71,-2,2
2823,78,67,11,11
2824,57,55,2,2
2825,71,59,12,12
2826,110,95,15,15
2827,90,80,10,10
2828,58,50,8,8
2829,52,50,2,2
2830,108,98,10,10
2831,53,56,-3,3
2832,102,90,12,12
2833,89,84,5,5
2834,158,131,27,27
2835,81,66,15,15
2836,93,91,2,2
2837,127,108,19,19
2838,117,102,15,15
2839,105,88,17,17
2840,133,115,18,18
2841,106,88,18,18
2842,149,125,24,24
2843,117,103,14,14
2844,92,81,11,11
2845,74,64,10,10
2846,156,130,26,26
2847,90,78,12,12
2848,116,107,9,9
2849,118,102,16,16
2850,109,99,10,10
2851,110,96,14,14
2852,84,83,1,1
2853,120,97,23,23
2854,145,130,15,15
2855,64,60,4,4
2856,95,101,-6,6
2857,54,50,4,4
2858,109,94,15,15
2859,81,71,10,10
2860,74,69,5,5
2861,123,115,8,8
2862,88,79,9,9
2863,153,141,12,12
2864,119,115,4,4
2865,100,86,14,14
2866,91,78,13,13
2867,85,66,19,19
2868,72,62,10,10
2869,137,115,22,22
2870,120,130,-10,10
2871,58,55,3,3
2872,106,94,12,12
2873,100,82,18,18
2874,75,68,7,7
2875,71,62,9,9
2876,90,75,15,15
2877,56,54,2,2
2878,109,97,12,12
2879,97,91,6,6
2880,95,81,14,14
2881,84,71,13,13
2882,64,57,7,7
2883,79,67,12,12
2884,66,59,7,7
2885,65,62,3,3
2886,117,105,12,12
2887,143,127,16,16
2888,65,55,10,10
2889,80,71,9,9
2890,111,105,6,6
2891,116,103,13,13
2892,80,117,-37,37
2893,89,80,9,9
2894,181,149,32,32
2895,95,80,15,15
2896,81,72,9,9
2897,172,136,36,36
2898,137,110,27,27
2899,83,75,8,8
2900,98,90,8,8
2901,131,110,21,21
2902,75,67,8,8
2903,160,140,20,20
2904,115,93,22,22
2905,124,117,7,7
2906,121,101,20,20
2907,113,99,14,14
2908,116,99,17,17
2909,62,62,0,0
2910,94,81,13,13
2911,92,80,12,12
2912,144,124,20,20
2913,37,84,-47,47
2914,65,63,2,2
2915,159,157,2,2
2916,76,65,11,11
2917,116,103,13,13
2918,79,67,12,12
2919,89,89,0,0
2920,79,69,10,10
2921,100,96,4,4
2922,92,77,15,15
2923,90,79,11,11
2924,53,50,3,3
2925,97,94,3,3
2926,148,127,21,21
2927,104,98,6,6
2928,57,47,10,10
2929,71,63,8,8
2930,116,117,-1,1
2931,191,168,23,23
2932,122,105,17,17
2933,60,57,3,3
2934,125,142,-17,17
2935,69,69,0,0
2936,98,90,8,8
2937,131,107,24,24
2938,105,99,6,6
2939,103,89,14,14
2940,60,58,2,2
2941,67,62,5,5
2942,118,102,16,16
2943,58,69,-11,11
2944,76,68,8,8
2945,109,90,19,19
2946,72,64,8,8
2947,87,76,11,11
2948,57,56,1,1
2949,85,78,7,7
2950,78,74,4,4
2951,88,71,17,17
2952,75,64,11,11
2953,124,107,17,17
2954,84,79,5,5
2955,112,95,17,17
2956,98,82,16,16
2957,152,131,21,21
2958,54,51,3,3
2959,121,110,11,11
2960,164,137,27,27
2961,58,53,5,5
2962,164,143,21,21
2963,47,50,-3,3
2964,163,150,13,13
2965,104,90,14,14
2966,66,63,3,3
2967,111,100,11,11
2968,60,59,1,1
2969,45,44,1,1
2970,98,83,15,15
2971,129,106,23,23
2972,94,83,11,11
2973,100,92,8,8
2974,88,83,5,5
2975,79,71,8,8
2976,73,69,4,4
2977,125,109,16,16
2978,91,87,4,4
2979,102,94,8,8
2980,137,118,19,19
2981,186,163,23,23
2982,67,65,2,2
2983,59,58,1,1
2984,36,37,-1,1
2985,128,107,21,21
2986,80,67,13,13
2987,102,106,-4,4
2988,137,103,34,34
2989,58,47,11,11
2990,94,84,10,10
2991,90,75,15,15
2992,110,91,19,19
2993,101,99,2,2
2994,78,72,6,6
2995,121,96,25,25
2996,87,73,14,14
2997,81,77,4,4
2998,70,65,5,5
2999,142,122,20,20
3000,93,86,7,7
3001,98,77,21,21
3002,125,111,14,14
3003,65,56,9,9
3004,126,115,11,11
3005,77,66,11,11
3006,79,74,5,5
3007,85,79,6,6
3008,65,55,10,10
3009,74,71,3,3
3010,124,115,9,9
3011,112,93,19,19
3012,99,92,7,7
3013,73,62,11,11
3014,97,87,10,10
3015,73,67,6,6
3016,58,62,-4,4
3017,172,152,20,20
3018,91,80,11,11
3019,67,63,4,4
3020,100,92,8,8
3021,110,99,11,11
3022,58,56,2,2
3023,96,92,4,4
3024,69,71,-2,2
3025,91,82,9,9
3026,64,60,4,4
3027,71,67,4,4
3028,49,60,-11,11
3029,88,86,2,2
3030,147,113,34,34
3031,71,62,9,9
3032,117,100,17,17
3033,89,85,4,4
3034,95,80,15,15
3035,78,73,5,5
3036,82,84,-2,2
3037,72,69,3,3
3038,137,107,30,30
3039,122,117,5,5
3040,115,96,19,19
3041,120,101,19,19
3042,119,111,8,8
3043,84,74,10,10
3044,88,73,15,15
3045,60,57,3,3
3046,115,103,12,12
3047,81,70,11,11
3048,136,131,5,5
3049,85,85,0,0
3050,100,96,4,4
3051,118,111,7,7
3052,109,94,15,15
3053,61,66,-5,5
3054,105,94,11,11
3055,206,169,37,37
3056,112,100,12,12
3057,83,74,9,9
3058,181,165,16,16
3059,151,127,24,24
3060,104,95,9,9
3061,83,89,-6,6
3062,109,92,17,17
3063,62,57,5,5
3064,76,68,8,8
3065,86,84,2,2
3066,127,102,25,25
3067,83,72,11,11
3068,122,98,24,24
3069,103,96,7,7
3070,107,95,12,12
3071,94,81,13,13
3072,103,80,23,23
3073,72,58,14,14
3074,66,63,3,3
3075,70,76,-6,6
3076,54,46,8,8
3077,57,61,-4,4
3078,165,146,19,19
3079,125,107,18,18
3080,125,117,8,8
3081,92,81,11,11
3082,53,41,12,12
3083,106,114,-8,8
3084,95,80,15,15
3085,94,78,16,16
3086,72,66,6,6
3087,78,70,8,8
3088,113,103,10,10
3089,106,84,22,22
3090,101,87,14,14
3091,102,101,1,1
3092,95,80,15,15
3093,69,64,5,5
3094,74,61,13,13
3095,104,83,21,21
3096,78,72,6,6
3097,86,78,8,8
3098,41,40,1,1
3099,86,77,9,9
3100,80,67,13,13
3101,182,151,31,31
3102,83,76,7,7
3103,65,54,11,11
3104,81,67,14,14
3105,159,138,21,21
3106,103,90,13,13
3107,102,85,17,17
3108,60,47,13,13
3109,142,115,27,27
3110,62,56,6,6
3111,129,112,17,17
3112,79,76,3,3
3113,87,79,8,8
3114,127,103,24,24
3115,56,55,1,1
3116,94,95,-1,1
3117,90,78,12,12
3118,62,62,0,0
3119,60,60,0,0
3120,110,117,-7,7
3121,98,93,5,5
3122,58,57,1,1
3123,88,79,9,9
3124,35,33,2,2
3125,138,122,16,16
3126,73,68,5,5
3127,99,75,24,24
3128,87,74,13,13
3129,69,64,5,5
3130,102,82,20,20
3131,89,84,5,5
3132,106,89,17,17
3133,116,101,15,15
3134,69,64,5,5
3135,75,64,11,11
3136,91,76,15,15
3137,67,62,5,5
3138,133,125,8,8
3139,76,73,3,3
3140,103,84,19,19
3141,71,57,14,14
3142,135,118,17,17
3143,99,93,6,6
3144,104,90,14,14
3145,146,114,32,32
3146,57,44,13,13
3147,108,105,3,3
3148,82,67,15,15
3149,106,87,19,19
3150,110,101,9,9
3151,98,90,8,8
3152,62,52,10,10
3153,102,92,10,10
3154,130,118,12,12
3155,108,88,20,20
3156,61,57,4,4
3157,73,76,-3,3
3158,54,50,4,4
3159,63,51,12,12
3160,140,111,29,29
3161,47,108,-61,61
3162,68,68,0,0
3163,134,112,22,22
3164,106,92,14,14
3165,72,65,7,7
3166,107,97,10,10
3167,107,93,14,14
3168,53,48,5,5
3169,112,94,18,18
3170,124,111,13,13
3171,103,88,15,15
3172,76,73,3,3
3173,103,93,10,10
3174,92,84,8,8
3175,40,39,1,1
3176,79,70,9,9
3177,83,80,3,3
3178,77,67,10,10
3179,75,65,10,10
3180,63,53,10,10
3181,134,117,17,17
3182,66,63,3,3
3183,173,153,20,20
3184,100,82,18,18
3185,119,93,26,26
3186,143,129,14,14
3187,61,63,-2,2
3188,59,58,1,1
3189,91,88,3,3
3190,61,54,7,7
3191,127,112,15,15
3192,164,142,22,22
3193,81,71,10,10
3194,136,117,19,19
3195,73,70,3,3
3196,72,67,5,5
3197,82,71,11,11
3198,79,71,8,8
3199,70,67,3,3
3200,95,83,12,12
3201,63,55,8,8
3202,67,66,1,1
3203,127,115,12,12
3204,107,94,13,13
3205,58,54,4,4
3206,91,85,6,6
3207,60,52,8,8
3208,94,94,0,0
3209,90,68,22,22
3210,49,45,4,4
3211,94,102,-8,8
3212,68,56,12,12
3213,86,68,18,18
3214,107,85,22,22
3215,54,50,4,4
3216,88,71,17,17
3217,69,67,2,2
3218,85,71,14,14
3219,99,87,12,12
3220,116,113,3,3
3221,113,98,15,15
3222,42,51,-9,9
3223,36,33,3,3
3224,52,52,0,0
3225,88,70,18,18
3226,62,61,1,1
3227,87,70,17,17
3228,97,99,-2,2
3229,94,88,6,6
3230,113,98,15,15
3231,168,143,25,25
3232,107,90,17,17
3233,130,115,15,15
3234,169,141,28,28
3235,84,78,6,6
3236,151,114,37,37
3237,75,61,14,14
3238,73,64,9,9
3239,64,64,0,0
3240,144,136,8,8
3241,86,78,8,8
3242,91,78,13,13
3243,76,64,12,12
3244,112,104,8,8
3245,46,57,-11,11
3246,51,49,2,2
3247,116,95,21,21
3248,106,107,-1,1
3249,63,63,0,0
3250,115,98,17,17
3251,151,145,6,6
3252,70,56,14,14
3253,153,134,19,19
3254,66,57,9,9
3255,95,90,5,5
3256,71,64,7,7
3257,75,67,8,8
3258,83,72,11,11
3259,75,62,13,13
3260,111,88,23,23
3261,95,84,11,11
3262,133,107,26,26
3263,56,44,12,12
3264,42,44,-2,2
3265,61,58,3,3
3266,72,67,5,5
3267,60,55,5,5
3268,95,79,16,16
3269,115,113,2,2
3270,101,97,4,4
3271,65,61,4,4
3272,100,98,2,2
3273,69,65,4,4
3274,81,70,11,11
3275,82,75,7,7
3276,107,92,15,15
3277,112,107,5,5
3278,99,87,12,12
3279,75,67,8,8
3280,161,136,25,25
3281,76,66,10,10
3282,142,128,14,14
3283,111,92,19,19
3284,78,71,7,7
3285,137,122,15,15
3286,40,38,2,2
3287,65,61,4,4
3288,88,82,6,6
3289,103,81,22,22
3290,143,146,-3,3
3291,37,31,6,6
3292,65,54,11,11
3293,90,75,15,15
3294,97,75,22,22
3295,107,93,14,14
3296,104,99,5,5
3297,151,125,26,26
3298,98,89,9,9
3299,91,87,4,4
3300,90,75,15,15
3301,79,75,4,4
3302,62,51,11,11
3303,83,70,13,13
3304,102,97,5,5
3305,92,88,4,4
3306,48,46,2,2
3307,103,91,12,12
3308,65,53,12,12
3309,84,74,10,10
3310,57,50,7,7
3311,108,101,7,7
3312,80,71,9,9
3313,66,72,-6,6
3314,106,102,4,4
3315,52,48,4,4
3316,107,108,-1,1
3317,107,89,18,18
3318,57,55,2,2
3319,137,119,18,18
3320,69,62,7,7
3321,90,73,17,17
3322,65,62,3,3
3323,49,46,3,3
3324,153,132,21,21
3325,119,103,16,16
3326,75,70,5,5
3327,160,138,22,22
3328,140,125,15,15
3329,146,134,12,12
3330,104,80,24,24
3331,94,87,7,7
3332,60,49,11,11
3333,118,93,25,25
3334,71,65,6,6
3335,66,62,4,4
3336,183,150,33,33
3337,103,83,20,20
3338,119,102,17,17
3339,107,107,0,0
3340,92,78,14,14
3341,89,85,4,4
3342,116,97,19,19
3343,84,69,15,15
3344,118,110,8,8
3345,52,50,2,2
3346,75,72,3,3
3347,163,141,22,22
3348,96,85,11,11
3349,104,100,4,4
3350,135,129,6,6
3351,78,70,8,8
3352,127,106,21,21
3353,96,84,12,12
3354,123,97,26,26
3355,119,98,21,21
3356,83,77,6,6
3357,107,98,9,9
3358,96,75,21,21
3359,105,91,14,14
3360,142,111,31,31
3361,67,65,2,2
3362,67,67,0,0
3363,126,108,18,18
3364,59,55,4,4
3365,59,55,4,4
3366,74,67,7,7
3367,87,76,11,11
3368,69,64,5,5
3369,66,61,5,5
3370,117,95,22,22
3371,186,162,24,24
3372,63,61,2,2
3373,125,113,12,12
3374,87,69,18,18
3375,97,90,7,7
3376,96,81,15,15
3377,49,43,6,6
3378,105,99,6,6
3379,48,43,5,5
3380,111,97,14,14
3381,98,92,6,6
3382,123,99,24,24
3383,74,58,16,16
3384,55,50,5,5
3385,124,108,16,16
3386,151,130,21,21
3387,54,49,5,5
3388,44,43,1,1
3389,78,76,2,2
3390,141,130,11,11
3391,85,85,0,0
3392,40,50,-10,10
3393,77,67,10,10
3394,104,88,16,16
3395,71,58,13,13
3396,94,90,4,4
3397,98,95,3,3
3398,56,52,4,4
3399,64,63,1,1
3400,107,96,11,11
3401,58,54,4,4
3402,40,42,-2,2
3403,107,83,24,24
3404,110,95,15,15
3405,124,101,23,23
3406,100,81,19,19
3407,88,84,4,4
3408,131,98,33,33
3409,93,76,17,17
3410,134,114,20,20
3411,81,81,0,0
3412,81,76,5,5
3413,84,78,6,6
3414,86,78,8,8
3415,152,139,13,13
3416,64,59,5,5
3417,73,72,1,1
3418,118,105,13,13
3419,73,62,11,11
3420,88,71,17,17
3421,112,108,4,4
3422,141,124,17,17
3423,150,139,11,11
3424,105,92,13,13
3425,163,138,25,25
3426,29,34,-5,5
3427,94,84,10,10
3428,67,65,2,2
3429,98,101,-3,3
3430,89,81,8,8
3431,106,92,14,14
3432,100,88,12,12
3433,107,86,21,21
3434,64,61,3,3
3435,45,48,-3,3
3436,77,72,5,5
3437,144,115,29,29
3438,103,92,11,11
3439,67,101,-34,34
3440,38,36,2,2
3441,116,100,16,16
3442,102,92,10,10
3443,119,102,17,17
3444,88,80,8,8
3445,111,95,16,16
3446,48,44,4,4
3447,131,102,29,29
3448,86,76,10,10
3449,76,69,7,7
3450,80,73,7,7
3451,99,84,15,15
3452,132,114,18,18
3453,91,94,-3,3
3454,105,93,12,12
3455,159,146,13,13
3456,117,101,16,16
3457,142,132,10,10
3458,69,58,11,11
3459,79,72,7,7
3460,134,126,8,8
3461,101,81,20,20
3462,94,80,14,14
3463,97,106,-9,9
3464,112,86,26,26
3465,70,61,9,9
3466,139,118,21,21
3467,120,100,20,20
3468,93,88,5,5
3469,70,65,5,5
3470,77,65,12,12
3471,91,81,10,10
3472,57,48,9,9
3473,75,74,1,1
3474,64,56,8,8
3475,88,80,8,8
3476,90,84,6,6
3477,82,77,5,5
3478,54,52,2,2
3479,101,88,13,13
3480,102,97,5,5
3481,92,83,9,9
3482,77,68,9,9
3483,76,71,5,5
3484,109,108,1,1
3485,48,48,0,0
3486,86,75,11,11
3487,91,80,11,11
3488,60,50,10,10
3489,117,105,12,12
3490,121,111,10,10
3491,129,121,8,8
3492,90,87,3,3
3493,106,74,32,32
3494,80,64,16,16
3495,129,100,29,29
3496,65,59,6,6
3497,48,46,2,2
3498,104,89,15,15
3499,72,63,9,9
3500,69,63,6,6
3501,115,98,17,17
3502,147,146,1,1
3503,83,75,8,8
3504,96,86,10,10
3505,83,73,10,10
3506,106,93,13,13
3507,83,77,6,6
3508,94,73,21,21
3509,101,76,25,25
3510,112,100,12,12
3511,56,57,-1,1
3512,106,97,9,9
3513,93,77,16,16
3514,83,80,3,3
3515,60,56,4,4
3516,116,105,11,11
3517,127,100,27,27
3518,65,63,2,2
3519,134,124,10,10
3520,45,50,-5,5
3521,74,71,3,3
3522,107,97,10,10
3523,97,87,10,10
3524,145,128,17,17
3525,101,92,9,9
3526,104,80,24,24
3527,90,83,7,7
3528,98,83,15,15
3529,107,99,8,8
3530,66,61,5,5
3531,76,76,0,0
3532,39,36,3,3
3533,89,79,10,10
3534,47,46,1,1
3535,68,70,-2,2
3536,47,45,2,2
3537,194,152,42,42
3538,107,105,2,2
3539,155,135,20,20
3540,163,140,23,23
3541,93,79,14,14
3542,124,115,9,9
3543,28,16,12,12
3544,101,96,5,5
3545,70,64,6,6
3546,61,60,1,1
3547,92,75,17,17
3548,78,74,4,4
3549,51,49,2,2
3550,99,89,10,10
3551,95,84,11,11
3552,137,109,28,28
3553,90,77,13,13
3554,84,79,5,5
3555,72,70,2,2
3556,83,80,3,3
3557,94,84,10,10
3558,86,73,13,13
3559,86,69,17,17
3560,87,82,5,5
3561,104,101,3,3
3562,58,53,5,5
3563,50,58,-8,8
3564,44,43,1,1
3565,83,74,9,9
3566,97,84,13,13
3567,146,119,27,27
3568,147,116,31,31
3569,107,92,15,15
3570,117,95,22,22
3571,152,140,12,12
3572,130,103,27,27
3573,157,129,28,28
3574,268,221,47,47
3575,90,75,15,15
3576,101,94,7,7
3577,73,65,8,8
3578,120,107,13,13
3579,86,75,11,11
3580,144,114,30,30
3581,97,84,13,13
3582,93,80,13,13
3583,49,45,4,4
3584,97,89,8,8
3585,99,79,20,20
3586,63,56,7,7
3587,135,112,23,23
3588,66,62,4,4
3589,71,64,7,7
3590,74,65,9,9
3591,160,133,27,27
3592,52,53,-1,1
3593,84,69,15,15
3594,127,118,9,9
3595,82,73,9,9
3596,80,75,5,5
3597,108,99,9,9
3598,104,100,4,4
3599,106,88,18,18
3600,154,134,20,20
3601,54,50,4,4
3602,91,90,1,1
3603,115,117,-2,2
3604,98,93,5,5
3605,117,108,9,9
3606,46,44,2,2
3607,93,86,7,7
3608,50,47,3,3
3609,110,135,-25,25
3610,101,89,12,12
3611,121,98,23,23
3612,129,122,7,7
3613,123,100,23,23
3614,55,64,-9,9
3615,97,76,21,21
3616,102,91,11,11
3617,127,120,7,7
3618,66,65,1,1
3619,75,66,9,9
3620,125,120,5,5
3621,75,62,13,13
3622,137,129,8,8
3623,76,67,9,9
3624,80,62,18,18
3625,93,81,12,12
3626,213,190,23,23
3627,73,63,10,10
3628,99,86,13,13
3629,152,133,19,19
3630,110,101,9,9
3631,53,51,2,2
3632,83,73,10,10
3633,94,87,7,7
3634,60,56,4,4
3635,150,129,21,21
3636,146,120,26,26
3637,156,150,6,6
3638,99,87,12,12
3639,66,58,8,8
3640,85,69,16,16
3641,68,76,-8,8
3642,174,150,24,24
3643,112,89,23,23
3644,102,94,8,8
3645,96,85,11,11
3646,123,106,17,17
3647,62,62,0,0
3648,42,41,1,1
3649,84,71,13,13
3650,99,102,-3,3
3651,96,91,5,5
3652,94,78,16,16
3653,88,74,14,14
3654,113,95,18,18
3655,136,127,9,9
3656,51,52,-1,1
3657,82,81,1,1
3658,103,82,21,21
3659,109,94,15,15
3660,39,42,-3,3
3661,66,53,13,13
3662,68,57,11,11
3663,97,80,17,17
3664,85,73,12,12
3665,123,105,18,18
3666,134,125,9,9
3667,171,147,24,24
3668,88,79,9,9
3669,83,68,15,15
3670,52,50,2,2
3671,90,80,10,10
3672,75,67,8,8
3673,80,69,11,11
3674,85,70,15,15
3675,113,114,-1,1
3676,85,64,21,21
3677,124,108,16,16
3678,126,106,20,20
3679,136,109,27,27
3680,111,101,10,10
3681,122,100,22,22
3682,84,76,8,8
3683,53,47,6,6
3684,83,75,8,8
3685,132,116,16,16
3686,133,122,11,11
3687,96,82,14,14
3688,53,49,4,4
3689,87,88,-1,1
3690,63,56,7,7
3691,92,72,20,20
3692,73,72,1,1
3693,142,118,24,24
3694,93,70,23,23
3695,69,61,8,8
3696,59,52,7,7
3697,120,112,8,8
3698,52,47,5,5
3699,50,45,5,5
3700,80,79,1,1
3701,68,63,5,5
3702,73,64,9,9
3703,245,185,60,60
3704,147,134,13,13
3705,75,65,10,10
3706,59,58,1,1
3707,84,72,12,12
3708,92,80,12,12
3709,146,124,22,22
3710,183,162,21,21
3711,64,61,3,3
3712,101,79,22,22
3713,102,91,11,11
3714,117,101,16,16
3715,178,160,18,18
3716,143,108,35,35
3717,68,68,0,0
3718,90,73,17,17
3719,48,41,7,7
3720,74,65,9,9
3721,63,52,11,11
3722,74,67,7,7
3723,83,78,5,5
3724,89,83,6,6
3725,112,94,18,18
3726,89,85,4,4
3727,71,60,11,11
3728,72,67,5,5
3729,66,58,8,8
3730,173,156,17,17
3731,139,127,12,12
3732,94,89,5,5
3733,48,47,1,1
3734,102,93,9,9
3735,69,63,6,6
3736,67,56,11,11
3737,91,82,9,9
3738,109,101,8,8
3739,39,39,0,0
3740,146,124,22,22
3741,103,94,9,9
3742,149,135,14,14
3743,78,62,16,16
3744,78,72,6,6
3745,76,60,16,16
3746,81,76,5,5
3747,155,141,14,14
3748,76,69,7,7
3749,113,97,16,16
3750,87,76,11,11
3751,81,65,16,16
3752,82,77,5,5
3753,107,100,7,7
3754,148,131,17,17
3755,57,59,-2,2
3756,73,64,9,9
3757,112,94,18,18
3758,48,43,5,5
3759,77,78,-1,1
3760,142,116,26,26
3761,142,117,25,25
3762,122,110,12,12
3763,67,57,10,10
3764,132,104,28,28
3765,134,136,-2,2
3766,96,78,18,18
3767,70,62,8,8
3768,84,73,11,11
3769,108,87,21,21
3770,159,136,23,23
3771,114,112,2,2
3772,71,65,6,6
3773,88,86,2,2
3774,95,81,14,14
3775,36,34,2,2
3776,99,93,6,6
3777,54,52,2,2
3778,148,121,27,27
3779,75,62,13,13
3780,64,67,-3,3
3781,170,146,24,24
3782,176,147,29,29
3783,143,115,28,28
3784,108,86,22,22
3785,94,150,-56,56
3786,102,104,-2,2
3787,92,88,4,4
3788,132,122,10,10
3789,84,75,9,9
3790,152,133,19,19
3791,94,73,21,21
3792,103,96,7,7
3793,122,109,13,13
3794,79,74,5,5
3795,81,63,18,18
3796,81,75,6,6
3797,65,53,12,12
3798,90,71,19,19
3799,85,78,7,7
3800,74,68,6,6
3801,110,96,14,14
3802,62,64,-2,2
3803,132,120,12,12
3804,94,82,12,12
3805,77,66,11,11
3806,69,69,0,0
3807,90,78,12,12
3808,58,53,5,5
3809,101,94,7,7
3810,72,68,4,4
3811,49,58,-9,9
3812,120,109,11,11
3813,60,64,-4,4
3814,140,137,3,3
3815,53,48,5,5
3816,66,60,6,6
3817,60,53,7,7
3818,103,96,7,7
3819,92,84,8,8
3820,158,123,35,35
3821,71,84,-13,13
3822,73,67,6,6
3823,66,64,2,2
3824,149,129,20,20
3825,146,125,21,21
3826,68,55,13,13
3827,108,97,11,11
3828,54,53,1,1
3829,70,62,8,8
3830,98,86,12,12
3831,112,99,13,13
3832,64,57,7,7
3833,96,87,9,9
3834,124,121,3,3
3835,73,68,5,5
3836,75,68,7,7
3837,97,84,13,13
3838,100,89,11,11
3839,153,153,0,0
3840,145,131,14,14
3841,98,80,18,18
3842,114,89,25,25
3843,111,86,25,25
3844,68,66,2,2
3845,60,56,4,4
3846,87,91,-4,4
3847,74,57,17,17
3848,54,56,-2,2
3849,77,66,11,11
3850,63,55,8,8
3851,120,101,19,19
3852,107,86,21,21
3853,75,71,4,4
3854,96,89,7,7
3855,50,37,13,13
3856,152,119,33,33
3857,133,114,19,19
3858,140,128,12,12
3859,63,56,7,7
3860,82,80,2,2
3861,101,100,1,1
3862,78,68,10,10
3863,101,83,18,18
3864,74,65,9,9
3865,104,88,16,16
3866,97,87,10,10
3867,55,62,-7,7
3868,166,141,25,25
3869,110,89,21,21
3870,76,86,-10,10
3871,81,74,7,7
3872,128,111,17,17
3873,108,93,15,15
3874,68,60,8,8
3875,86,77,9,9
3876,79,71,8,8
3877,65,60,5,5
3878,148,130,18,18
3879,165,136,29,29
3880,96,91,5,5
3881,61,56,5,5
3882,86,68,18,18
3883,65,59,6,6
3884,124,120,4,4
3885,94,81,13,13
3886,55,50,5,5
3887,71,62,9,9
3888,132,107,25,25
3889,55,51,4,4
3890,97,98,-1,1
3891,96,92,4,4
3892,101,86,15,15
3893,100,77,23,23
3894,78,66,12,12
3895,132,122,10,10
3896,73,67,6,6
3897,93,71,22,22
3898,51,43,8,8
3899,136,122,14,14
3900,80,62,18,18
3901,159,150,9,9
3902,151,129,22,22
3903,64,57,7,7
3904,75,68,7,7
3905,151,118,33,33
3906,72,70,2,2
3907,113,90,23,23
3908,88,81,7,7
3909,93,81,12,12
3910,62,63,-1,1
3911,59,61,-2,2
3912,104,92,12,12
3913,133,111,22,22
3914,66,68,-2,2
3915,90,89,1,1
3916,98,85,13,13
3917,181,128,53,53
3918,68,55,13,13
3919,81,69,12,12
3920,148,129,19,19
3921,92,72,20,20
3922,109,93,16,16
3923,176,155,21,21
3924,236,188,48,48
3925,112,93,19,19
3926,74,69,5,5
3927,82,66,16,16
3928,78,70,8,8
3929,83,74,9,9
3930,89,81,8,8
3931,95,84,11,11
3932,177,152,25,25
3933,53,57,-4,4
3934,94,93,1,1
3935,104,92,12,12
3936,63,57,6,6
3937,94,82,12,12
3938,95,83,12,12
3939,122,104,18,18
3940,135,114,21,21
3941,170,135,35,35
3942,104,105,-1,1
3943,153,133,20,20
3944,70,87,-17,17
3945,124,102,22,22
3946,81,70,11,11
3947,143,123,20,20
3948,86,86,0,0
3949,87,73,14,14
3950,92,86,6,6
3951,111,97,14,14
3952,73,69,4,4
3953,83,66,17,17
3954,117,101,16,16
3955,92,81,11,11
3956,70,70,0,0
3957,107,92,15,15
3958,62,62,0,0
3959,96,83,13,13
3960,93,82,11,11
3961,50,50,0,0
3962,61,53,8,8
3963,118,110,8,8
3964,117,101,16,16
3965,116,98,18,18
3966,183,154,29,29
3967,56,59,-3,3
3968,67,58,9,9
3969,81,67,14,14
3970,117,98,19,19
3971,98,84,14,14
3972,63,55,8,8
3973,62,54,8,8
3974,84,83,1,1
3975,156,138,18,18
3976,105,84,21,21
3977,89,73,16,16
3978,132,121,11,11
3979,106,97,9,9
3980,111,101,10,10
3981,150,140,10,10
3982,95,90,5,5
3983,20,33,-13,13
3984,99,87,12,12
3985,103,93,10,10
3986,73,78,-5,5
3987,83,71,12,12
3988,69,60,9,9
3989,130,114,16,16
3990,106,93,13,13
3991,104,82,22,22
3992,125,119,6,6
3993,121,91,30,30
3994,190,164,26,26
3995,116,106,10,10
3996,87,93,-6,6
3997,71,66,5,5
3998,71,71,0,0
3999,146,136,10,10
4000,97,88,9,9
4001,98,84,14,14
4002,127,114,13,13
4003,74,67,7,7
4004,47,42,5,5
4005,92,79,13,13
4006,82,68,14,14
4007,118,101,17,17
4008,137,105,32,32
4009,101,86,15,15
4010,51,49,2,2
4011,88,85,3,3
4012,177,140,37,37
4013,82,69,13,13
4014,90,84,6,6
4015,99,84,15,15
4016,83,77,6,6
4017,104,90,14,14
4018,83,68,15,15
4019,57,55,2,2
4020,155,137,18,18
4021,107,89,18,18
4022,72,68,4,4
4023,72,63,9,9
4024,102,92,10,10
4025,90,78,12,12
4026,111,92,19,19
4027,123,100,23,23
4028,46,42,4,4
4029,81,72,9,9
4030,95,71,24,24
4031,125,107,18,18
4032,105,87,18,18
4033,74,66,8,8
4034,166,138,28,28
4035,96,87,9,9
4036,70,62,8,8
4037,56,45,11,11
4038,66,55,11,11
4039,85,76,9,9
4040,46,44,2,2
4041,47,59,-12,12
4042,68,65,3,3
4043,130,115,15,15
4044,141,126,15,15
4045,95,85,10,10
4046,111,89,22,22
4047,50,46,4,4
4048,111,104,7,7
4049,100,93,7,7
4050,72,62,10,10
4051,80,74,6,6
4052,120,97,23,23
4053,180,153,27,27
4054,39,41,-2,2
4055,103,101,2,2
4056,95,85,10,10
4057,146,138,8,8
4058,110,97,13,13
4059,48,37,11,11
4060,83,89,-6,6
4061,66,72,-6,6
4062,86,80,6,6
4063,79,69,10,10
4064,113,108,5,5
4065,114,98,16,16
4066,86,69,17,17
4067,165,142,23,23
4068,69,70,-1,1
4069,124,114,10,10
4070,103,98,5,5
4071,76,52,24,24
4072,118,107,11,11
4073,157,135,22,22
4074,107,95,12,12
4075,170,128,42,42
4076,58,54,4,4
4077,59,56,3,3
4078,124,102,22,22
4079,142,112,30,30
4080,105,107,-2,2
4081,116,102,14,14
4082,140,121,19,19
4083,92,77,15,15
4084,130,118,12,12
4085,113,100,13,13
4086,129,127,2,2
4087,73,74,-1,1
4088,100,90,10,10
4089,87,88,-1,1
4090,75,63,12,12
4091,87,81,6,6
4092,113,89,24,24
4093,64,59,5,5
4094,83,71,12,12
4095,75,67,8,8
4096,124,116,8,8
4097,87,75,12,12
4098,63,60,3,3
4099,78,67,11,11
4100,86,78,8,8
4101,104,100,4,4
4102,95,87,8,8
4103,119,114,5,5
4104,99,94,5,5
4105,54,54,0,0
4106,73,63,10,10
4107,71,63,8,8
4108,83,72,11,11
4109,182,138,44,44
4110,74,75,-1,1
4111,133,116,17,17
4112,80,68,12,12
4113,98,94,4,4
4114,98,89,9,9
4115,96,82,14,14
4116,84,64,20,20
4117,199,179,20,20
4118,153,128,25,25
4119,121,120,1,1
4120,104,103,1,1
4121,79,76,3,3
4122,109,85,24,24
4123,74,71,3,3
4124,48,48,0,0
4125,127,111,16,16
4126,77,72,5,5
4127,57,56,1,1
4128,88,75,13,13
4129,76,62,14,14
4130,120,108,12,12
4131,86,83,3,3
4132,62,63,-1,1
4133,60,53,7,7
4134,83,70,13,13
4135,90,79,11,11
4136,69,63,6,6
4137,65,59,6,6
4138,97,86,11,11
4139,107,91,16,16
4140,131,122,9,9
4141,118,99,19,19
4142,107,115,-8,8
4143,72,69,3,3
4144,153,136,17,17
4145,83,72,11,11
4146,55,52,3,3
4147,106,94,12,12
4148,97,94,3,3
4149,176,151,25,25
4150,139,115,24,24
4151,84,85,-1,1
4152,112,93,19,19
4153,58,61,-3,3
4154,119,104,15,15
4155,75,68,7,7
4156,155,142,13,13
4157,71,57,14,14
4158,150,123,27,27
4159,94,87,7,7
4160,54,56,-2,2
4161,70,65,5,5
4162,125,104,21,21
4163,36,29,7,7
4164,78,72,6,6
4165,96,82,14,14
4166,100,86,14,14
4167,106,92,14,14
4168,129,107,22,22
4169,39,36,3,3
4170,44,41,3,3
4171,97,84,13,13
4172,80,78,2,2
4173,52,46,6,6
4174,102,89,13,13
4175,101,83,18,18
4176,90,81,9,9
4177,151,130,21,21
4178,82,70,12,12
4179,117,101,16,16
4180,63,68,-5,5
4181,135,118,17,17
4182,71,61,10,10
4183,96,95,1,1
4184,123,107,16,16
4185,75,65,10,10
4186,60,59,1,1
4187,103,94,9,9
4188,59,53,6,6
4189,116,114,2,2
4190,92,80,12,12
4191,76,60,16,16
4192,53,44,9,9
4193,107,102,5,5
4194,70,65,5,5
4195,101,87,14,14
4196,88,75,13,13
4197,84,76,8,8
4198,26,46,-20,20
4199,107,100,7,7
4200,121,107,14,14
4201,66,63,3,3
4202,75,72,3,3
4203,140,134,6,6
4204,87,74,13,13
4205,57,48,9,9
4206,100,88,12,12
4207,183,146,37,37
4208,131,117,14,14
4209,98,114,-16,16
4210,70,66,4,4
4211,80,69,11,11
4212,112,103,9,9
4213,164,153,11,11
4214,112,91,21,21
4215,49,46,3,3
4216,69,67,2,2
4217,64,66,-2,2
4218,78,75,3,3
4219,116,111,5,5
4220,113,95,18,18
4221,123,113,10,10
4222,101,96,5,5
4223,100,96,4,4
4224,84,71,13,13
4225,114,100,14,14
4226,109,90,19,19
4227,52,45,7,7
4228,115,95,20,20
4229,106,96,10,10
4230,93,80,13,13
4231,69,68,1,1
4232,149,129,20,20
4233,87,76,11,11
4234,103,89,14,14
4235,106,99,7,7
4236,76,85,-9,9
4237,124,119,5,5
4238,115,108,7,7
4239,82,72,10,10
4240,152,143,9,9
4241,138,121,17,17
4242,196,164,32,32
4243,133,102,31,31
4244,146,126,20,20
4245,105,99,6,6
4246,92,89,3,3
4247,71,59,12,12
4248,97,90,7,7
4249,70,66,4,4
4250,107,105,2,2
4251,80,73,7,7
4252,63,72,-9,9
4253,75,64,11,11
4254,75,68,7,7
4255,75,69,6,6
4256,104,83,21,21
4257,152,127,25,25
4258,71,61,10,10
4259,107,91,16,16
4260,161,136,25,25
4261,71,69,2,2
4262,91,74,17,17
4263,98,83,15,15
4264,108,97,11,11
4265,78,64,14,14
4266,116,108,8,8
4267,108,85,23,23
4268,81,73,8,8
4269,65,65,0,0
4270,111,102,9,9
4271,70,63,7,7
4272,55,52,3,3
4273,102,88,14,14
4274,102,91,11,11
4275,56,52,4,4
4276,100,79,21,21
4277,47,40,7,7
4278,145,123,22,22
4279,108,93,15,15
4280,143,127,16,16
4281,123,109,14,14
4282,172,147,25,25
4283,60,61,-1,1
4284,105,90,15,15
4285,46,39,7,7
4286,80,59,21,21
4287,114,107,7,7
4288,189,165,24,24
4289,82,67,15,15
4290,126,113,13,13
4291,157,129,28,28
4292,147,154,-7,7
4293,27,52,-25,25
4294,79,67,12,12
4295,75,65,10,10
4296,65,55,10,10
4297,68,59,9,9
4298,126,109,17,17
4299,133,115,18,18
4300,101,81,20,20
4301,80,69,11,11
4302,103,85,18,18
4303,95,82,13,13
4304,103,92,11,11
4305,113,99,14,14
4306,42,33,9,9
4307,85,78,7,7
4308,82,75,7,7
4309,104,93,11,11
4310,85,67,18,18
4311,107,79,28,28
4312,78,64,14,14
4313,66,59,7,7
4314,108,95,13,13
4315,90,89,1,1
4316,88,81,7,7
4317,59,54,5,5
4318,79,66,13,13
4319,69,64,5,5
4320,135,119,16,16
4321,96,101,-5,5
4322,148,131,17,17
4323,31,33,-2,2
4324,65,73,-8,8
4325,86,75,11,11
4326,47,42,5,5
4327,83,71,12,12
4328,170,160,10,10
4329,63,58,5,5
4330,110,96,14,14
4331,182,150,32,32
4332,141,128,13,13
4333,94,88,6,6
4334,81,73,8,8
4335,87,80,7,7
4336,131,115,16,16
4337,117,93,24,24
4338,64,54,10,10
4339,150,152,-2,2
4340,93,88,5,5
4341,88,78,10,10
4342,90,84,6,6
4343,86,79,7,7
4344,96,98,-2,2
4345,173,144,29,29
4346,104,89,15,15
4347,44,46,-2,2
4348,81,66,15,15
4349,71,57,14,14
4350,77,59,18,18
4351,82,65,17,17
4352,196,163,33,33
4353,126,110,16,16
4354,100,90,10,10
4355,159,135,24,24
4356,61,60,1,1
4357,54,51,3,3
4358,73,62,11,11
4359,73,71,2,2
4360,88,72,16,16
4361,136,119,17,17
4362,94,85,9,9
4363,164,161,3,3
4364,100,91,9,9
4365,126,107,19,19
4366,50,47,3,3
4367,79,74,5,5
4368,94,102,-8,8
4369,110,106,4,4
4370,144,125,19,19
4371,62,53,9,9
4372,92,86,6,6
4373,59,56,3,3
4374,279,211,68,68
4375,149,127,22,22
4376,61,67,-6,6
4377,72,79,-7,7
4378,64,61,3,3
4379,142,125,17,17
4380,56,50,6,6
4381,140,130,10,10
4382,221,179,42,42
4383,111,91,20,20
4384,93,80,13,13
4385,110,101,9,9
4386,83,66,17,17
4387,65,67,-2,2
4388,154,137,17,17
4389,92,80,12,12
4390,144,121,23,23
4391,102,93,9,9
4392,131,112,19,19
4393,98,82,16,16
4394,104,90,14,14
4395,95,86,9,9
4396,108,101,7,7
4397,89,78,11,11
4398,139,130,9,9
4399,116,96,20,20
4400,58,56,2,2
4401,140,127,13,13
4402,89,81,8,8
4403,103,92,11,11
4404,67,75,-8,8
4405,62,54,8,8
4406,162,144,18,18
4407,77,67,10,10
4408,99,92,7,7
4409,92,71,21,21
4410,105,94,11,11
4411,99,85,14,14
4412,82,86,-4,4
4413,139,115,24,24
4414,99,87,12,12
4415,82,76,6,6
4416,95,88,7,7
4417,101,87,14,14
4418,85,80,5,5
4419,102,90,12,12
4420,133,120,13,13
4421,76,68,8,8
4422,126,113,13,13
4423,101,89,12,12
4424,119,95,24,24
4425,152,141,11,11
4426,136,109,27,27
4427,87,77,10,10
4428,116,97,19,19
4429,60,58,2,2
4430,96,85,11,11
4431,76,71,5,5
4432,128,109,19,19
4433,85,78,7,7
4434,84,80,4,4
4435,153,126,27,27
4436,72,58,14,14
4437,73,60,13,13
4438,108,86,22,22
4439,73,66,7,7
4440,94,83,11,11
4441,86,72,14,14
4442,89,73,16,16
4443,56,51,5,5
4444,195,165,30,30
4445,70,63,7,7
4446,64,58,6,6
4447,96,80,16,16
4448,103,97,6,6
4449,131,114,17,17
4450,93,81,12,12
4451,122,111,11,11
4452,54,51,3,3
4453,67,69,-2,2
4454,66,55,11,11
4455,110,101,9,9
4456,108,94,14,14
4457,119,110,9,9
4458,80,62,18,18
4459,60,60,0,0
4460,88,73,15,15
4461,123,97,26,26
4462,59,54,5,5
4463,103,82,21,21
4464,93,83,10,10
4465,90,79,11,11
4466,157,136,21,21
4467,94,82,12,12
4468,79,65,14,14
4469,131,120,11,11
4470,50,50,0,0
4471,111,95,16,16
4472,106,98,8,8
4473,104,92,12,12
4474,94,89,5,5
4475,71,60,11,11
4476,168,134,34,34
4477,102,104,-2,2
4478,58,57,1,1
4479,49,47,2,2
4480,96,81,15,15
4481,74,70,4,4
4482,135,120,15,15
4483,171,145,26,26
4484,70,66,4,4
4485,118,111,7,7
4486,90,71,19,19
4487,101,108,-7,7
4488,97,87,10,10
4489,107,90,17,17
4490,87,74,13,13
4491,43,41,2,2
4492,79,68,11,11
4493,106,88,18,18
4494,39,31,8,8
4495,178,147,31,31
4496,74,72,2,2
4497,36,38,-2,2
4498,68,62,6,6
4499,114,91,23,23
4500,80,74,6,6
4501,109,111,-2,2
4502,128,108,20,20
4503,87,87,0,0
4504,110,93,17,17
4505,100,85,15,15
4506,128,117,11,11
4507,136,120,16,16
4508,129,115,14,14
4509,122,111,11,11
4510,102,90,12,12
4511,109,95,14,14
4512,58,57,1,1
4513,122,105,17,17
4514,90,77,13,13
4515,57,45,12,12
4516,107,93,14,14
4517,168,148,20,20
4518,98,89,9,9
4519,120,100,20,20
4520,74,66,8,8
4521,88,76,12,12
4522,96,77,19,19
4523,64,66,-2,2
4524,55,52,3,3
4525,94,83,11,11
4526,148,124,24,24
4527,92,95,-3,3
4528,95,95,0,0
4529,110,94,16,16
4530,83,67,16,16
4531,139,118,21,21
4532,108,87,21,21
4533,78,70,8,8
4534,78,71,7,7
4535,98,86,12,12
4536,104,89,15,15
4537,68,58,10,10
4538,103,94,9,9
4539,66,51,15,15
4540,100,88,12,12
4541,123,109,14,14
4542,74,79,-5,5
4543,136,113,23,23
4544,47,42,5,5
4545,92,82,10,10
4546,122,102,20,20
4547,125,119,6,6
4548,122,97,25,25
4549,61,54,7,7
4550,82,91,-9,9
4551,112,98,14,14
4552,48,43,5,5
4553,146,135,11,11
4554,67,52,15,15
4555,115,100,15,15
4556,165,152,13,13
4557,87,85,2,2
4558,40,39,1,1
4559,55,47,8,8
4560,127,106,21,21
4561,70,64,6,6
4562,99,93,6,6
4563,45,44,1,1
4564,95,81,14,14
4565,80,74,6,6
4566,47,48,-1,1
4567,99,105,-6,6
4568,118,106,12,12
4569,104,96,8,8
4570,75,68,7,7
4571,90,79,11,11
4572,82,72,10,10
4573,163,134,29,29
4574,93,79,14,14
4575,166,158,8,8
4576,69,65,4,4
4577,122,121,1,1
4578,148,133,15,15
4579,56,50,6,6
4580,66,55,11,11
4581,83,81,2,2
4582,63,55,8,8
4583,108,93,15,15
4584,123,95,28,28
4585,161,153,8,8
4586,83,93,-10,10
4587,49,42,7,7
4588,78,70,8,8
4589,101,93,8,8
4590,38,41,-3,3
4591,98,85,13,13
4592,174,137,37,37
4593,75,78,-3,3
4594,56,52,4,4
4595,138,115,23,23
4596,38,33,5,5
4597,51,46,5,5
4598,69,58,11,11
4599,98,89,9,9
4600,87,78,9,9
4601,88,77,11,11
4602,156,143,13,13
4603,140,122,18,18
4604,92,85,7,7
4605,49,50,-1,1
4606,82,77,5,5
4607,217,220,-3,3
4608,99,90,9,9
4609,110,91,19,19
4610,79,73,6,6
4611,69,58,11,11
4612,87,67,20,20
4613,84,72,12,12
4614,77,62,15,15
4615,78,64,14,14
4616,100,94,6,6
4617,112,97,15,15
4618,130,111,19,19
4619,137,115,22,22
4620,125,104,21,21
4621,86,79,7,7
4622,152,128,24,24
4623,96,91,5,5
4624,111,101,10,10
4625,99,94,5,5
4626,56,49,7,7
4627,211,186,25,25
4628,109,105,4,4
4629,137,119,18,18
4630,74,70,4,4
4631,120,110,10,10
4632,81,76,5,5
4633,71,65,6,6
4634,88,75,13,13
4635,111,94,17,17
4636,197,169,28,28
4637,85,71,14,14
4638,112,101,11,11
4639,44,57,-13,13
4640,86,79,7,7
4641,72,73,-1,1
4642,59,56,3,3
4643,82,82,0,0
4644,69,60,9,9
4645,91,76,15,15
4646,142,127,15,15
4647,84,61,23,23
4648,81,74,7,7
4649,101,89,12,12
4650,190,151,39,39
4651,107,89,18,18
4652,119,110,9,9
4653,77,68,9,9
4654,152,133,19,19
4655,64,51,13,13
4656,77,70,7,7
4657,51,44,7,7
4658,77,70,7,7
4659,84,79,5,5
4660,60,55,5,5
4661,107,92,15,15
4662,87,91,-4,4
4663,116,114,2,2
4664,160,127,33,33
4665,116,103,13,13
4666,84,72,12,12
4667,113,105,8,8
4668,105,94,11,11
4669,55,44,11,11
4670,91,86,5,5
4671,113,93,20,20
4672,62,50,12,12
4673,75,66,9,9
4674,45,41,4,4
4675,177,146,31,31
4676,131,124,7,7
4677,112,99,13,13
4678,127,120,7,7
4679,146,112,34,34
4680,138,123,15,15
4681,93,87,6,6
4682,65,62,3,3
4683,168,155,13,13
4684,112,110,2,2
4685,149,124,25,25
4686,140,131,9,9
4687,94,85,9,9
4688,141,123,18,18
4689,75,71,4,4
4690,134,113,21,21
4691,95,78,17,17
4692,119,92,27,27
4693,95,90,5,5
4694,65,61,4,4
4695,95,90,5,5
4696,97,89,8,8
4697,132,119,13,13
4698,87,77,10,10
4699,124,101,23,23
4700,115,105,10,10
4701,45,41,4,4
4702,110,93,17,17
4703,57,55,2,2
4704,126,93,33,33
4705,50,45,5,5
4706,132,119,13,13
4707,71,62,9,9
4708,88,71,17,17
4709,91,91,0,0
4710,79,69,10,10
4711,47,40,7,7
4712,103,100,3,3
4713,38,37,1,1
4714,68,57,11,11
4715,130,109,21,21
4716,157,138,19,19
4717,99,87,12,12
4718,62,52,10,10
4719,79,70,9,9
4720,74,69,5,5
4721,154,124,30,30
4722,36,49,-13,13
4723,81,72,9,9
4724,69,61,8,8
4725,39,39,0,0
4726,106,93,13,13
4727,141,118,23,23
4728,71,64,7,7
4729,108,95,13,13
4730,142,121,21,21
4731,43,41,2,2
4732,109,105,4,4
4733,72,66,6,6
4734,110,93,17,17
4735,84,84,0,0
4736,88,74,14,14
4737,156,131,25,25
4738,106,100,6,6
4739,160,142,18,18
4740,105,91,14,14
4741,231,194,37,37
4742,111,93,18,18
4743,53,52,1,1
4744,124,118,6,6
4745,105,95,10,10
4746,144,133,11,11
4747,83,81,2,2
4748,81,72,9,9
4749,96,87,9,9
4750,143,122,21,21
4751,118,95,23,23
4752,77,70,7,7
4753,116,106,10,10
4754,116,70,46,46
4755,76,68,8,8
4756,73,68,5,5
4757,92,76,16,16
4758,89,74,15,15
4759,58,50,8,8
4760,70,62,8,8
4761,134,117,17,17
4762,73,73,0,0
4763,139,119,20,20
4764,59,58,1,1
4765,59,55,4,4
4766,72,65,7,7
4767,81,73,8,8
4768,96,83,13,13
4769,190,163,27,27
4770,131,109,22,22
4771,188,169,19,19
4772,141,136,5,5
4773,103,90,13,13
4774,65,70,-5,5
4775,86,75,11,11
4776,64,58,6,6
4777,115,108,7,7
4778,58,61,-3,3
4779,150,128,22,22
4780,70,66,4,4
4781,91,81,10,10
4782,104,91,13,13
4783,78,71,7,7
4784,57,52,5,5
4785,117,98,19,19
4786,82,73,9,9
4787,50,51,-1,1
4788,76,71,5,5
4789,64,58,6,6
4790,140,125,15,15
4791,88,84,4,4
4792,41,37,4,4
4793,56,63,-7,7
4794,161,149,12,12
4795,107,79,28,28
4796,94,85,9,9
4797,71,56,15,15
4798,163,134,29,29
4799,99,82,17,17
4800,30,30,0,0
4801,99,78,21,21
4802,161,125,36,36
4803,82,75,7,7
4804,92,79,13,13
4805,152,119,33,33
4806,131,100,31,31
4807,99,84,15,15
4808,50,46,4,4
4809,80,75,5,5
4810,99,87,12,12
4811,69,61,8,8
4812,67,69,-2,2
4813,143,114,29,29
4814,68,63,5,5
4815,65,64,1,1
4816,94,86,8,8
4817,55,49,6,6
4818,94,82,12,12
4819,45,44,1,1
4820,140,124,16,16
4821,65,55,10,10
4822,62,55,7,7
4823,94,88,6,6
4824,129,111,18,18
4825,123,112,11,11
4826,80,70,10,10
4827,86,70,16,16
4828,112,103,9,9
4829,89,76,13,13
4830,72,63,9,9
4831,65,61,4,4
4832,90,81,9,9
4833,71,71,0,0
4834,107,100,7,7
4835,140,124,16,16
4836,57,56,1,1
4837,104,93,11,11
4838,56,55,1,1
4839,103,91,12,12
4840,104,93,11,11
4841,78,71,7,7
4842,126,109,17,17
4843,101,84,17,17
4844,85,82,3,3
4845,72,58,14,14
4846,57,55,2,2
4847,51,56,-5,5
4848,102,95,7,7
4849,85,77,8,8
4850,71,60,11,11
4851,87,74,13,13
4852,74,67,7,7
4853,104,92,12,12
4854,102,92,10,10
4855,181,148,33,33
4856,130,113,17,17
4857,75,77,-2,2
4858,102,91,11,11
4859,56,59,-3,3
4860,72,67,5,5
4861,90,85,5,5
4862,66,65,1,1
4863,82,69,13,13
4864,139,139,0,0
4865,97,76,21,21
4866,83,76,7,7
4867,71,72,-1,1
4868,81,67,14,14
4869,80,64,16,16
4870,152,136,16,16
4871,54,50,4,4
4872,51,46,5,5
4873,142,112,30,30
4874,134,126,8,8
4875,253,243,10,10
4876,85,90,-5,5
4877,274,210,64,64
4878,180,145,35,35
4879,85,80,5,5
4880,68,68,0,0
4881,126,111,15,15
4882,147,125,22,22
4883,67,61,6,6
4884,58,58,0,0
4885,146,131,15,15
4886,170,153,17,17
4887,80,79,1,1
4888,117,105,12,12
4889,72,66,6,6
4890,52,51,1,1
4891,92,82,10,10
4892,88,76,12,12
4893,106,96,10,10
4894,93,81,12,12
4895,151,132,19,19
4896,90,78,12,12
4897,71,63,8,8
4898,63,58,5,5
4899,171,137,34,34
4900,83,65,18,18
4901,125,105,20,20
4902,123,101,22,22
4903,119,101,18,18
4904,100,86,14,14
4905,97,99,-2,2
4906,82,66,16,16
4907,104,101,3,3
4908,84,70,14,14
4909,133,123,10,10
4910,66,61,5,5
4911,328,248,80,80
4912,66,61,5,5
4913,129,108,21,21
4914,60,55,5,5
4915,107,109,-2,2
4916,88,71,17,17
4917,92,97,-5,5
4918,97,72,25,25
4919,95,87,8,8
4920,176,142,34,34
4921,93,82,11,11
4922,124,115,9,9
4923,80,67,13,13
4924,117,101,16,16
4925,92,77,15,15
4926,137,106,31,31
4927,160,141,19,19
4928,114,101,13,13
4929,78,64,14,14
4930,73,68,5,5
4931,62,54,8,8
4932,85,79,6,6
4933,52,50,2,2
4934,53,51,2,2
4935,98,69,29,29
4936,92,82,10,10
4937,100,89,11,11
4938,114,100,14,14
4939,139,125,14,14
4940,76,70,6,6
4941,119,101,18,18
4942,41,42,-1,1
4943,53,44,9,9
4944,268,248,20,20
4945,66,58,8,8
4946,130,108,22,22
4947,115,101,14,14
4948,157,144,13,13
4949,50,51,-1,1
4950,75,66,9,9
4951,79,66,13,13
4952,85,73,12,12
4953,42,58,-16,16
4954,85,71,14,14
4955,95,85,10,10
4956,72,70,2,2
4957,90,88,2,2
4958,81,70,11,11
4959,109,102,7,7
4960,146,139,7,7
4961,131,109,22,22
4962,138,116,22,22
4963,32,38,-6,6
4964,86,77,9,9
4965,76,72,4,4
4966,73,75,-2,2
4967,132,115,17,17
4968,136,121,15,15
4969,36,38,-2,2
4970,40,41,-1,1
4971,62,54,8,8
4972,99,96,3,3
4973,63,67,-4,4
4974,90,72,18,18
4975,63,69,-6,6
4976,63,61,2,2
4977,73,75,-2,2
4978,73,67,6,6
4979,120,110,10,10
4980,161,135,26,26
4981,74,64,10,10
4982,74,61,13,13
4983,49,48,1,1
4984,157,126,31,31
4985,123,106,17,17
4986,91,76,15,15
4987,115,92,23,23
4988,85,77,8,8
4989,66,61,5,5
4990,102,86,16,16
4991,98,86,12,12
4992,100,85,15,15
4993,105,108,-3,3
4994,84,90,-6,6
4995,95,79,16,16
4996,108,87,21,21
4997,62,54,8,8
4998,116,108,8,8
4999,79,67,12,12
5000,73,59,14,14
5001,50,53,-3,3
5002,97,83,14,14
5003,145,115,30,30
5004,152,125,27,27
5005,134,111,23,23
5006,110,91,19,19
5007,114,99,15,15
5008,72,58,14,14
5009,113,96,17,17
5010,58,59,-1,1
5011,50,44,6,6
5012,29,31,-2,2
5013,71,61,10,10
5014,90,86,4,4
5015,140,119,21,21
5016,123,105,18,18
5017,131,111,20,20
5018,50,44,6,6
5019,82,72,10,10
5020,77,75,2,2
5021,98,79,19,19
5022,83,66,17,17
5023,88,70,18,18
5024,122,98,24,24
5025,87,74,13,13
5026,107,96,11,11
5027,75,71,4,4
5028,89,83,6,6
5029,124,114,10,10
5030,105,91,14,14
5031,62,54,8,8
5032,125,101,24,24
5033,94,83,11,11
5034,91,87,4,4
5035,74,76,-2,2
5036,82,84,-2,2
5037,60,53,7,7
5038,69,63,6,6
5039,132,112,20,20
5040,76,66,10,10
5041,169,151,18,18
5042,101,91,10,10
5043,167,147,20,20
5044,79,72,7,7
5045,78,80,-2,2
5046,61,55,6,6
5047,137,109,28,28
5048,116,93,23,23
5049,77,74,3,3
5050,76,67,9,9
5051,157,149,8,8
5052,90,88,2,2
5053,79,64,15,15
5054,131,105,26,26
5055,118,98,20,20
5056,110,87,23,23
5057,151,121,30,30
5058,159,145,14,14
5059,95,88,7,7
5060,78,68,10,10
5061,107,102,5,5
5062,131,114,17,17
5063,87,82,5,5
5064,42,40,2,2
5065,66,63,3,3
5066,101,92,9,9
5067,140,120,20,20
5068,66,56,10,10
5069,43,40,3,3
5070,100,88,12,12
5071,120,94,26,26
5072,76,58,18,18
5073,121,119,2,2
5074,78,69,9,9
5075,121,106,15,15
5076,51,49,2,2
5077,101,95,6,6
5078,136,122,14,14
5079,107,107,0,0
5080,106,97,9,9
5081,116,99,17,17
5082,89,78,11,11
5083,65,61,4,4
5084,154,128,26,26
5085,130,108,22,22
5086,98,78,20,20
5087,75,79,-4,4
5088,81,73,8,8
5089,82,78,4,4
5090,86,80,6,6
5091,93,86,7,7
5092,73,70,3,3
5093,76,72,4,4
5094,166,146,20,20
5095,98,87,11,11
5096,120,92,28,28
5097,67,63,4,4
5098,81,71,10,10
5099,170,147,23,23
5100,40,45,-5,5
5101,101,88,13,13
5102,80,70,10,10
5103,121,93,28,28
5104,58,49,9,9
5105,115,97,18,18
5106,63,57,6,6
5107,87,79,8,8
5108,148,137,11,11
5109,102,90,12,12
5110,79,69,10,10
5111,118,96,22,22
5112,92,83,9,9
5113,110,99,11,11
5114,131,117,14,14
5115,139,134,5,5
5116,68,66,2,2
5117,122,112,10,10
5118,140,117,23,23
5119,124,105,19,19
5120,103,84,19,19
5121,59,65,-6,6
5122,80,74,6,6
5123,131,112,19,19
5124,104,89,15,15
5125,155,130,25,25
5126,89,81,8,8
5127,68,74,-6,6
5128,79,70,9,9
5129,110,97,13,13
5130,54,51,3,3
5131,121,121,0,0
5132,101,93,8,8
5133,109,104,5,5
5134,100,88,12,12
5135,132,117,15,15
5136,71,66,5,5
5137,89,80,9,9
5138,92,80,12,12
5139,91,81,10,10
5140,117,96,21,21
5141,100,87,13,13
5142,118,97,21,21
5143,160,121,39,39
5144,121,98,23,23
5145,88,86,2,2
5146,152,135,17,17
5147,56,49,7,7
5148,51,64,-13,13
5149,110,85,25,25
5150,79,75,4,4
5151,68,67,1,1
5152,52,49,3,3
5153,129,119,10,10
5154,81,67,14,14
5155,39,37,2,2
5156,55,104,-49,49
5157,53,52,1,1
5158,92,85,7,7
5159,72,67,5,5
5160,103,93,10,10
5161,141,115,26,26
5162,82,79,3,3
5163,69,66,3,3
5164,168,146,22,22
5165,65,62,3,3
5166,76,73,3,3
5167,104,91,13,13
5168,89,81,8,8
5169,101,93,8,8
5170,53,53,0,0
5171,105,91,14,14
5172,90,74,16,16
5173,116,99,17,17
5174,137,117,20,20
5175,126,100,26,26
5176,43,36,7,7
5177,65,64,1,1
5178,76,72,4,4
5179,104,89,15,15
5180,88,72,16,16
5181,75,63,12,12
5182,82,73,9,9
5183,40,50,-10,10
5184,77,68,9,9
5185,66,59,7,7
5186,154,125,29,29
5187,86,73,13,13
5188,112,106,6,6
5189,93,85,8,8
5190,130,133,-3,3
5191,177,149,28,28
5192,148,123,25,25
5193,80,73,7,7
5194,58,49,9,9
5195,115,96,19,19
5196,118,101,17,17
5197,66,58,8,8
5198,161,140,21,21
5199,80,74,6,6
5200,105,89,16,16
5201,56,48,8,8
5202,66,63,3,3
5203,93,81,12,12
5204,105,88,17,17
5205,96,85,11,11
5206,62,56,6,6
5207,68,69,-1,1
5208,83,70,13,13
5209,110,96,14,14
5210,109,98,11,11
5211,147,123,24,24
5212,68,54,14,14
5213,121,100,21,21
5214,128,122,6,6
5215,136,121,15,15
5216,110,90,20,20
5217,84,67,17,17
5218,93,82,11,11
5219,68,64,4,4
5220,88,80,8,8
5221,89,84,5,5
5222,134,123,11,11
5223,128,114,14,14
5224,79,70,9,9
5225,66,61,5,5
5226,58,47,11,11
5227,58,67,-9,9
5228,69,62,7,7
5229,56,51,5,5
5230,85,78,7,7
5231,73,67,6,6
5232,97,82,15,15
5233,100,75,25,25
5234,82,62,20,20
5235,65,58,7,7
5236,90,87,3,3
5237,66,72,-6,6
5238,58,52,6,6
5239,62,92,-30,30
5240,50,47,3,3
5241,84,68,16,16
5242,82,75,7,7
5243,147,138,9,9
5244,91,75,16,16
5245,95,83,12,12
5246,121,104,17,17
5247,56,54,2,2
5248,54,43,11,11
5249,103,90,13,13
5250,86,67,19,19
5251,85,73,12,12
5252,97,73,24,24
5253,92,69,23,23
5254,59,54,5,5
5255,115,102,13,13
5256,116,104,12,12
5257,101,90,11,11
5258,120,89,31,31
5259,164,133,31,31
5260,55,44,11,11
5261,91,83,8,8
5262,75,71,4,4
5263,121,110,11,11
5264,57,53,4,4
5265,38,46,-8,8
5266,92,75,17,17
5267,67,61,6,6
5268,120,106,14,14
5269,83,75,8,8
5270,138,125,13,13
5271,169,140,29,29
5272,59,61,-2,2
5273,47,48,-1,1
5274,46,39,7,7
5275,123,118,5,5
5276,142,123,19,19
5277,80,77,3,3
5278,31,36,-5,5
5279,128,115,13,13
5280,112,90,22,22
5281,98,94,4,4
5282,55,52,3,3
5283,110,88,22,22
5284,91,85,6,6
5285,112,84,28,28
5286,115,102,13,13
5287,73,61,12,12
5288,106,94,12,12
5289,93,80,13,13
5290,166,150,16,16
5291,128,122,6,6
5292,112,98,14,14
5293,89,74,15,15
5294,74,68,6,6
5295,106,111,-5,5
5296,72,65,7,7
5297,78,69,9,9
5298,92,84,8,8
5299,140,117,23,23
5300,103,88,15,15
5301,102,103,-1,1
5302,63,68,-5,5
5303,169,144,25,25
5304,78,69,9,9
5305,132,114,18,18
5306,50,43,7,7
5307,127,104,23,23
5308,138,102,36,36
5309,61,49,12,12
5310,87,79,8,8
5311,109,101,8,8
5312,77,70,7,7
5313,92,94,-2,2
5314,84,71,13,13
5315,140,113,27,27
5316,79,77,2,2
5317,87,71,16,16
5318,76,70,6,6
5319,54,47,7,7
5320,77,76,1,1
5321,28,53,-25,25
5322,85,61,24,24
5323,41,37,4,4
5324,78,75,3,3
5325,117,96,21,21
5326,99,89,10,10
5327,130,114,16,16
5328,58,55,3,3
5329,76,65,11,11
5330,72,68,4,4
5331,72,65,7,7
5332,130,105,25,25
5333,85,82,3,3
5334,74,69,5,5
5335,117,98,19,19
5336,105,100,5,5
5337,114,100,14,14
5338,94,84,10,10
5339,127,110,17,17
5340,100,85,15,15
5341,100,93,7,7
5342,114,97,17,17
5343,137,131,6,6
5344,141,120,21,21
5345,186,155,31,31
5346,49,48,1,1
5347,71,66,5,5
5348,144,128,16,16
5349,108,78,30,30
5350,102,80,22,22
5351,129,112,17,17
5352,123,107,16,16
5353,48,46,2,2
5354,70,59,11,11
5355,81,74,7,7
5356,72,69,3,3
5357,76,69,7,7
5358,114,110,4,4
5359,130,113,17,17
5360,113,107,6,6
5361,57,53,4,4
5362,77,71,6,6
5363,117,104,13,13
5364,79,66,13,13
5365,87,84,3,3
5366,99,90,9,9
5367,211,176,35,35
5368,92,75,17,17
5369,119,99,20,20
5370,54,54,0,0
5371,111,93,18,18
5372,67,60,7,7
5373,185,168,17,17
5374,68,69,-1,1
5375,190,149,41,41
5376,124,108,16,16
5377,80,80,0,0
5378,78,69,9,9
5379,92,94,-2,2
5380,70,62,8,8
5381,51,58,-7,7
5382,89,81,8,8
5383,82,78,4,4
5384,83,72,11,11
5385,204,171,33,33
5386,114,97,17,17
5387,62,56,6,6
5388,100,78,22,22
5389,143,143,0,0
5390,89,77,12,12
5391,123,118,5,5
5392,150,131,19,19
5393,135,98,37,37
5394,114,107,7,7
5395,94,91,3,3
5396,158,134,24,24
5397,58,62,-4,4
5398,94,90,4,4
5399,59,53,6,6
5400,81,84,-3,3
5401,70,63,7,7
5402,79,71,8,8
5403,49,51,-2,2
5404,85,72,13,13
5405,85,73,12,12
5406,55,48,7,7
5407,97,90,7,7
5408,95,85,10,10
5409,129,110,19,19
5410,53,53,0,0
5411,109,101,8,8
5412,92,86,6,6
5413,122,90,32,32
5414,102,93,9,9
5415,98,99,-1,1
5416,68,68,0,0
5417,108,93,15,15
5418,92,78,14,14
5419,95,81,14,14
5420,65,57,8,8
5421,27,29,-2,2
5422,62,55,7,7
5423,109,95,14,14
5424,72,66,6,6
5425,58,52,6,6
5426,121,100,21,21
5427,101,86,15,15
5428,63,61,2,2
5429,38,34,4,4
5430,145,124,21,21
5431,103,95,8,8
5432,215,206,9,9
5433,122,102,20,20
5434,90,86,4,4
5435,67,59,8,8
5436,98,92,6,6
5437,106,103,3,3
5438,119,109,10,10
5439,93,84,9,9
5440,48,54,-6,6
5441,87,77,10,10
5442,108,102,6,6
5443,72,59,13,13
5444,124,109,15,15
5445,114,99,15,15
5446,43,38,5,5
5447,109,95,14,14
5448,99,93,6,6
5449,116,97,19,19
5450,72,79,-7,7
5451,122,117,5,5
5452,98,88,10,10
5453,144,137,7,7
5454,78,66,12,12
5455,70,59,11,11
5456,114,95,19,19
5457,137,120,17,17
5458,113,94,19,19
5459,115,93,22,22
5460,85,76,9,9
5461,63,54,9,9
5462,114,104,10,10
5463,88,78,10,10
5464,125,102,23,23
5465,116,106,10,10
5466,150,108,42,42
5467,78,69,9,9
5468,75,65,10,10
5469,81,78,3,3
5470,116,115,1,1
5471,64,55,9,9
5472,93,84,9,9
5473,96,79,17,17
5474,147,134,13,13
5475,77,66,11,11
5476,139,124,15,15
5477,64,54,10,10
5478,82,71,11,11
5479,70,62,8,8
5480,142,123,19,19
5481,99,84,15,15
5482,64,59,5,5
5483,80,78,2,2
5484,69,57,12,12
5485,64,58,6,6
5486,99,90,9,9
5487,120,95,25,25
5488,80,70,10,10
5489,145,131,14,14
5490,161,139,22,22
5491,86,82,4,4
5492,123,111,12,12
5493,91,80,11,11
5494,147,123,24,24
5495,92,78,14,14
5496,79,74,5,5
5497,144,118,26,26
5498,72,62,10,10
5499,91,91,0,0
5500,162,144,18,18
5501,76,75,1,1
5502,82,76,6,6
5503,63,63,0,0
5504,71,66,5,5
5505,74,66,8,8
5506,152,128,24,24
5507,102,93,9,9
5508,70,59,11,11
5509,46,44,2,2
5510,85,87,-2,2
5511,81,74,7,7
5512,85,78,7,7
5513,108,88,20,20
5514,124,109,15,15
5515,81,76,5,5
5516,97,112,-15,15
5517,137,124,13,13
5518,125,105,20,20
5519,90,87,3,3
5520,83,70,13,13
5521,89,80,9,9
5522,124,102,22,22
5523,101,80,21,21
5524,103,93,10,10
5525,61,55,6,6
5526,85,68,17,17
5527,102,93,9,9
5528,83,86,-3,3
5529,91,85,6,6
5530,131,93,38,38
5531,150,122,28,28
5532,107,95,12,12
5533,115,104,11,11
5534,126,109,17,17
5535,129,113,16,16
5536,95,80,15,15
5537,143,117,26,26
5538,115,107,8,8
5539,85,73,12,12
5540,164,141,23,23
5541,95,84,11,11
5542,137,132,5,5
5543,121,104,17,17
5544,83,74,9,9
5545,115,111,4,4
5546,154,143,11,11
5547,115,102,13,13
5548,88,73,15,15
5549,116,109,7,7
5550,119,91,28,28
5551,30,34,-4,4
5552,100,82,18,18
5553,132,123,9,9
5554,186,156,30,30
5555,82,77,5,5
5556,176,128,48,48
5557,107,92,15,15
5558,89,73,16,16
5559,94,85,9,9
5560,51,42,9,9
5561,138,125,13,13
5562,78,71,7,7
5563,59,55,4,4
5564,58,51,7,7
5565,67,60,7,7
5566,79,66,13,13
5567,54,49,5,5
5568,62,56,6,6
5569,83,73,10,10
5570,75,71,4,4
5571,115,101,14,14
5572,114,103,11,11
5573,126,102,24,24
5574,88,89,-1,1
5575,69,58,11,11
5576,38,48,-10,10
5577,71,62,9,9
5578,66,56,10,10
5579,62,55,7,7
5580,75,61,14,14
5581,59,51,8,8
5582,97,94,3,3
5583,81,82,-1,1
5584,69,70,-1,1
5585,81,67,14,14
5586,101,92,9,9
5587,97,82,15,15
5588,60,64,-4,4
5589,119,102,17,17
5590,113,126,-13,13
5591,130,105,25,25
5592,61,62,-1,1
5593,166,141,25,25
5594,51,49,2,2
5595,140,120,20,20
5596,109,103,6,6
5597,115,107,8,8
5598,112,95,17,17
5599,89,78,11,11
5600,65,60,5,5
5601,97,90,7,7
5602,81,75,6,6
5603,59,54,5,5
5604,52,47,5,5
5605,74,77,-3,3
5606,76,68,8,8
5607,111,72,39,39
5608,112,100,12,12
5609,66,61,5,5
5610,96,80,16,16
5611,61,58,3,3
5612,162,138,24,24
5613,120,101,19,19
5614,68,74,-6,6
5615,61,65,-4,4
5616,110,97,13,13
5617,114,107,7,7
5618,41,39,2,2
5619,63,49,14,14
5620,77,67,10,10
5621,92,76,16,16
5622,80,69,11,11
5623,40,41,-1,1
5624,56,52,4,4
5625,72,65,7,7
5626,123,100,23,23
5627,77,69,8,8
5628,107,95,12,12
5629,112,100,12,12
5630,72,69,3,3
5631,99,94,5,5
5632,118,102,16,16
5633,77,66,11,11
5634,139,121,18,18
5635,84,72,12,12
5636,62,61,1,1
5637,100,89,11,11
5638,80,70,10,10
5639,91,85,6,6
5640,113,97,16,16
5641,45,38,7,7
5642,71,57,14,14
5643,122,95,27,27
5644,53,49,4,4
5645,78,81,-3,3
5646,65,59,6,6
5647,40,46,-6,6
5648,136,116,20,20
5649,120,100,20,20
5650,104,99,5,5
5651,85,74,11,11
5652,89,77,12,12
5653,84,80,4,4
5654,80,81,-1,1
5655,119,112,7,7
5656,105,90,15,15
5657,61,67,-6,6
5658,53,55,-2,2
5659,69,65,4,4
5660,83,72,11,11
5661,122,94,28,28
5662,88,77,11,11
5663,88,73,15,15
5664,104,97,7,7
5665,94,80,14,14
5666,133,115,18,18
5667,53,51,2,2
5668,73,69,4,4
5669,92,82,10,10
5670,92,78,14,14
5671,91,81,10,10
5672,82,75,7,7
5673,87,81,6,6
5674,135,116,19,19
5675,126,116,10,10
5676,94,80,14,14
5677,55,50,5,5
5678,104,86,18,18
5679,127,113,14,14
5680,135,120,15,15
5681,145,117,28,28
5682,99,90,9,9
5683,96,91,5,5
5684,103,81,22,22
5685,32,34,-2,2
5686,74,67,7,7
5687,109,87,22,22
5688,59,56,3,3
5689,101,88,13,13
5690,69,60,9,9
5691,71,76,-5,5
5692,101,84,17,17
5693,129,118,11,11
5694,114,101,13,13
5695,73,67,6,6
5696,179,139,40,40
5697,81,72,9,9
5698,127,106,21,21
5699,129,115,14,14
5700,57,46,11,11
5701,50,49,1,1
5702,80,61,19,19
5703,116,101,15,15
5704,93,76,17,17
5705,164,126,38,38
5706,43,41,2,2
5707,96,97,-1,1
5708,88,70,18,18
5709,66,55,11,11
5710,97,90,7,7
5711,86,79,7,7
5712,83,82,1,1
5713,87,76,11,11
5714,61,59,2,2
5715,81,74,7,7
5716,164,142,22,22
5717,138,118,20,20
5718,115,107,8,8
5719,86,78,8,8
5720,118,126,-8,8
5721,67,60,7,7
5722,87,82,5,5
5723,74,62,12,12
5724,51,43,8,8
5725,67,58,9,9
5726,84,71,13,13
5727,94,82,12,12
5728,69,62,7,7
5729,115,108,7,7
5730,48,44,4,4
5731,77,66,11,11
5732,81,70,11,11
5733,110,105,5,5
5734,74,80,-6,6
5735,54,56,-2,2
5736,84,77,7,7
5737,70,67,3,3
5738,64,60,4,4
5739,80,77,3,3
5740,78,65,13,13
5741,83,82,1,1
5742,81,71,10,10
5743,34,33,1,1
5744,149,144,5,5
5745,50,49,1,1
5746,57,50,7,7
5747,75,67,8,8
5748,139,115,24,24
5749,48,43,5,5
5750,61,58,3,3
5751,96,80,16,16
5752,64,52,12,12
5753,90,86,4,4
5754,81,72,9,9
5755,119,114,5,5
5756,129,112,17,17
5757,111,104,7,7
5758,79,74,5,5
5759,107,91,16,16
5760,77,74,3,3
5761,67,58,9,9
5762,103,84,19,19
5763,60,56,4,4
5764,115,105,10,10
5765,62,52,10,10
5766,71,67,4,4
5767,67,69,-2,2
5768,46,44,2,2
5769,52,46,6,6
5770,55,52,3,3
5771,95,80,15,15
5772,119,93,26,26
5773,156,147,9,9
5774,89,72,17,17
5775,130,100,30,30
5776,149,126,23,23
5777,53,60,-7,7
5778,103,90,13,13
5779,181,143,38,38
5780,88,77,11,11
5781,91,80,11,11
5782,79,66,13,13
5783,64,69,-5,5
5784,85,83,2,2
5785,45,42,3,3
5786,72,64,8,8
5787,118,101,17,17
5788,54,47,7,7
5789,98,90,8,8
5790,79,75,4,4
5791,63,57,6,6
5792,27,32,-5,5
5793,142,123,19,19
5794,67,62,5,5
5795,146,128,18,18
5796,80,76,4,4
5797,68,71,-3,3
5798,92,86,6,6
5799,48,46,2,2
5800,117,89,28,28
5801,98,88,10,10
5802,73,67,6,6
5803,84,73,11,11
5804,95,81,14,14
5805,120,107,13,13
5806,151,146,5,5
5807,50,45,5,5
5808,93,82,11,11
5809,150,131,19,19
5810,65,70,-5,5
5811,76,71,5,5
5812,69,64,5,5
5813,91,79,12,12
5814,81,77,4,4
5815,92,78,14,14
5816,127,128,-1,1
5817,100,86,14,14
5818,98,88,10,10
5819,109,93,16,16
5820,69,65,4,4
5821,94,89,5,5
5822,156,126,30,30
5823,82,83,-1,1
5824,62,68,-6,6
5825,56,50,6,6
5826,44,43,1,1
5827,134,96,38,38
5828,75,64,11,11
5829,88,81,7,7
5830,63,62,1,1
5831,106,96,10,10
5832,121,97,24,24
5833,94,91,3,3
5834,89,88,1,1
5835,45,46,-1,1
5836,76,72,4,4
5837,85,77,8,8
5838,129,122,7,7
5839,113,100,13,13
5840,127,107,20,20
5841,129,134,-5,5
5842,92,80,12,12
5843,60,51,9,9
5844,91,69,22,22
5845,90,77,13,13
5846,143,127,16,16
5847,79,69,10,10
5848,118,145,-27,27
5849,65,58,7,7
5850,88,69,19,19
5851,102,95,7,7
5852,67,59,8,8
5853,104,88,16,16
5854,164,143,21,21
5855,145,125,20,20
5856,51,43,8,8
5857,35,35,0,0
5858,125,109,16,16
5859,78,72,6,6
5860,110,96,14,14
5861,133,119,14,14
5862,92,84,8,8
5863,89,85,4,4
5864,66,60,6,6
5865,96,90,6,6
5866,74,66,8,8
5867,21,24,-3,3
5868,52,48,4,4
5869,49,43,6,6
5870,133,128,5,5
5871,56,52,4,4
5872,48,45,3,3
5873,53,44,9,9
5874,86,79,7,7
5875,81,84,-3,3
5876,139,126,13,13
5877,111,111,0,0
5878,118,110,8,8
5879,61,54,7,7
5880,88,87,1,1
5881,58,52,6,6
5882,91,78,13,13
5883,110,97,13,13
5884,118,81,37,37
5885,109,91,18,18
5886,52,49,3,3
5887,69,65,4,4
5888,144,117,27,27
5889,87,76,11,11
5890,153,120,33,33
5891,49,49,0,0
5892,106,101,5,5
5893,85,74,11,11
5894,95,83,12,12
5895,99,87,12,12
5896,154,136,18,18
5897,64,70,-6,6
5898,74,64,10,10
5899,94,78,16,16
5900,83,62,21,21
5901,66,59,7,7
5902,48,49,-1,1
5903,87,89,-2,2
5904,28,46,-18,18
5905,63,54,9,9
5906,117,101,16,16
5907,169,148,21,21
5908,54,47,7,7
5909,118,105,13,13
5910,77,66,11,11
5911,87,82,5,5
5912,259,210,49,49
5913,116,110,6,6
5914,141,122,19,19
5915,63,64,-1,1
5916,194,159,35,35
5917,58,65,-7,7
5918,117,102,15,15
5919,101,88,13,13
5920,128,113,15,15
5921,99,79,20,20
5922,122,96,26,26
5923,146,125,21,21
5924,117,93,24,24
5925,85,81,4,4
5926,156,136,20,20
5927,85,75,10,10
5928,149,140,9,9
5929,62,61,1,1
5930,133,120,13,13
5931,76,70,6,6
5932,67,60,7,7
5933,125,130,-5,5
5934,73,63,10,10
5935,106,84,22,22
5936,98,86,12,12
5937,113,101,12,12
5938,151,134,17,17
5939,91,77,14,14
5940,115,113,2,2
5941,99,92,7,7
5942,51,48,3,3
5943,102,100,2,2
5944,123,104,19,19
5945,71,60,11,11
5946,116,105,11,11
5947,118,105,13,13
5948,151,144,7,7
5949,93,75,18,18
5950,77,71,6,6
5951,52,43,9,9
5952,88,77,11,11
5953,56,49,7,7
5954,152,151,1,1
5955,129,119,10,10
5956,75,72,3,3
5957,98,86,12,12
5958,149,134,15,15
5959,73,62,11,11
5960,96,98,-2,2
5961,145,128,17,17
5962,88,74,14,14
5963,159,131,28,28
5964,178,147,31,31
5965,81,79,2,2
5966,142,118,24,24
5967,97,81,16,16
5968,145,129,16,16
5969,91,80,11,11
5970,85,63,22,22
5971,87,67,20,20
5972,90,71,19,19
5973,68,63,5,5
5974,94,79,15,15
5975,101,85,16,16
5976,92,73,19,19
5977,71,69,2,2
5978,113,99,14,14
5979,102,90,12,12
5980,114,104,10,10
5981,97,84,13,13
5982,47,49,-2,2
5983,60,52,8,8
5984,135,118,17,17
5985,58,50,8,8
5986,206,162,44,44
5987,68,64,4,4
5988,42,43,-1,1
5989,73,56,17,17
5990,83,69,14,14
5991,72,60,12,12
5992,111,73,38,38
5993,58,46,12,12
5994,130,124,6,6
5995,111,98,13,13
5996,140,133,7,7
5997,95,86,9,9
5998,96,83,13,13
5999,91,79,12,12
6000,79,71,8,8
6001,74,66,8,8
6002,169,137,32,32
6003,117,107,10,10
6004,78,54,24,24
6005,115,108,7,7
6006,44,39,5,5
6007,103,104,-1,1
6008,78,90,-12,12
6009,49,47,2,2
6010,126,117,9,9
6011,93,74,19,19
6012,140,126,14,14
6013,85,80,5,5
6014,116,112,4,4
6015,83,68,15,15
6016,96,93,3,3
6017,143,118,25,25
6018,74,69,5,5
6019,92,85,7,7
6020,63,53,10,10
6021,49,50,-1,1
6022,144,129,15,15
6023,54,48,6,6
6024,116,147,-31,31
6025,66,68,-2,2
6026,56,54,2,2
6027,56,84,-28,28
6028,107,99,8,8
6029,140,118,22,22
6030,92,90,2,2
6031,76,72,4,4
6032,90,86,4,4
6033,138,128,10,10
6034,71,60,11,11
6035,89,91,-2,2
6036,66,53,13,13
6037,60,55,5,5
6038,116,113,3,3
6039,179,159,20,20
6040,90,71,19,19
6041,116,110,6,6
6042,89,79,10,10
6043,95,81,14,14
6044,85,70,15,15
6045,53,46,7,7
6046,166,147,19,19
6047,43,40,3,3
6048,119,112,7,7
6049,105,105,0,0
6050,121,101,20,20
6051,73,65,8,8
6052,67,60,7,7
6053,119,108,11,11
6054,106,96,10,10
6055,72,59,13,13
6056,75,64,11,11
6057,70,69,1,1
6058,143,118,25,25
6059,83,70,13,13
6060,83,71,12,12
6061,46,54,-8,8
6062,47,40,7,7
6063,119,103,16,16
6064,108,89,19,19
6065,43,47,-4,4
6066,64,55,9,9
6067,83,77,6,6
6068,141,120,21,21
6069,107,94,13,13
6070,35,47,-12,12
6071,119,106,13,13
6072,88,72,16,16
6073,77,74,3,3
6074,75,65,10,10
6075,140,123,17,17
6076,66,60,6,6
6077,121,116,5,5
6078,47,52,-5,5
6079,68,65,3,3
6080,112,95,17,17
6081,178,147,31,31
6082,87,83,4,4
6083,164,134,30,30
6084,79,73,6,6
6085,71,63,8,8
6086,111,117,-6,6
6087,78,75,3,3
6088,160,148,12,12
6089,98,87,11,11
6090,115,141,-26,26
6091,95,95,0,0
6092,65,59,6,6
6093,159,143,16,16
6094,85,78,7,7
6095,69,60,9,9
6096,116,105,11,11
6097,55,53,2,2
6098,96,88,8,8
6099,94,77,17,17
6100,72,64,8,8
6101,94,77,17,17
6102,124,120,4,4
6103,62,56,6,6
6104,79,63,16,16
6105,146,122,24,24
6106,42,42,0,0
6107,85,74,11,11
6108,100,77,23,23
6109,131,103,28,28
6110,72,70,2,2
6111,49,45,4,4
6112,116,98,18,18
6113,102,90,12,12
6114,135,119,16,16
6115,138,118,20,20
6116,40,52,-12,12
6117,104,91,13,13
6118,99,87,12,12
6119,50,43,7,7
6120,108,94,14,14
6121,106,94,12,12
6122,93,78,15,15
6123,155,141,14,14
6124,127,107,20,20
6125,78,68,10,10
6126,87,80,7,7
6127,73,68,5,5
6128,92,84,8,8
6129,86,76,10,10
6130,117,104,13,13
6131,65,55,10,10
6132,44,38,6,6
6133,142,122,20,20
6134,83,81,2,2
6135,104,87,17,17
6136,119,95,24,24
6137,112,97,15,15
6138,96,76,20,20
6139,58,58,0,0
6140,44,42,2,2
6141,107,98,9,9
6142,115,102,13,13
6143,87,83,4,4
6144,102,90,12,12
6145,89,78,11,11
6146,119,105,14,14
6147,101,87,14,14
6148,55,52,3,3
6149,92,77,15,15
6150,108,88,20,20
6151,57,53,4,4
6152,119,101,18,18
6153,133,117,16,16
6154,80,75,5,5
6155,66,63,3,3
6156,114,95,19,19
6157,111,104,7,7
6158,140,119,21,21
6159,108,77,31,31
6160,89,87,2,2
6161,88,70,18,18
6162,76,74,2,2
6163,80,73,7,7
6164,98,81,17,17
6165,73,67,6,6
6166,136,117,19,19
6167,50,45,5,5
6168,88,89,-1,1
6169,69,64,5,5
6170,151,130,21,21
6171,66,55,11,11
6172,73,64,9,9
6173,65,55,10,10
6174,72,67,5,5
6175,52,48,4,4
6176,108,83,25,25
6177,86,73,13,13
6178,34,44,-10,10
6179,183,163,20,20
6180,54,45,9,9
6181,122,114,8,8
6182,64,59,5,5
6183,75,68,7,7
6184,105,85,20,20
6185,65,62,3,3
6186,84,83,1,1
6187,101,91,10,10
6188,117,100,17,17
6189,148,132,16,16
6190,66,58,8,8
6191,106,102,4,4
6192,147,116,31,31
6193,108,100,8,8
6194,133,96,37,37
6195,42,41,1,1
6196,67,56,11,11
6197,117,98,19,19
6198,127,119,8,8
6199,84,74,10,10
6200,72,62,10,10
6201,77,67,10,10
6202,83,70,13,13
6203,77,81,-4,4
6204,133,118,15,15
6205,61,62,-1,1
6206,75,73,2,2
6207,81,69,12,12
6208,95,83,12,12
6209,115,101,14,14
6210,106,85,21,21
6211,85,67,18,18
6212,89,78,11,11
6213,103,91,12,12
6214,78,67,11,11
6215,83,71,12,12
6216,128,102,26,26
6217,64,61,3,3
6218,87,75,12,12
6219,108,86,22,22
6220,108,94,14,14
6221,77,67,10,10
6222,65,66,-1,1
6223,56,52,4,4
6224,69,56,13,13
6225,83,74,9,9
6226,93,89,4,4
6227,85,76,9,9
6228,177,159,18,18
6229,52,47,5,5
6230,35,33,2,2
6231,128,105,23,23
6232,98,85,13,13
6233,83,71,12,12
6234,67,56,11,11
6235,102,91,11,11
6236,115,103,12,12
6237,103,88,15,15
6238,99,91,8,8
6239,100,87,13,13
6240,148,115,33,33
6241,67,60,7,7
6242,131,116,15,15
6243,76,67,9,9
6244,91,83,8,8
6245,110,85,25,25
6246,133,119,14,14
6247,77,80,-3,3
6248,151,135,16,16
6249,130,122,8,8
6250,80,76,4,4
6251,86,79,7,7
6252,117,112,5,5
6253,72,63,9,9
6254,104,93,11,11
6255,108,91,17,17
6256,103,93,10,10
6257,57,57,0,0
6258,30,35,-5,5
6259,70,65,5,5
6260,93,96,-3,3
6261,75,64,11,11
6262,46,44,2,2
6263,169,123,46,46
6264,88,77,11,11
6265,71,69,2,2
6266,97,90,7,7
6267,133,110,23,23
6268,77,71,6,6
6269,93,86,7,7
6270,52,57,-5,5
6271,124,122,2,2
6272,60,81,-21,21
6273,53,53,0,0
6274,98,87,11,11
6275,105,80,25,25
6276,92,77,15,15
6277,106,90,16,16
6278,55,52,3,3
6279,94,87,7,7
6280,94,72,22,22
6281,67,63,4,4
6282,109,89,20,20
6283,61,59,2,2
6284,49,50,-1,1
6285,99,84,15,15
6286,109,88,21,21
6287,73,61,12,12
6288,107,93,14,14
6289,82,71,11,11
6290,122,107,15,15
6291,50,45,5,5
6292,102,84,18,18
6293,99,87,12,12
6294,40,37,3,3
6295,61,51,10,10
6296,94,87,7,7
6297,55,52,3,3
6298,66,57,9,9
6299,58,58,0,0
6300,139,135,4,4
6301,104,80,24,24
6302,74,64,10,10
6303,77,63,14,14
6304,77,63,14,14
6305,91,82,9,9
6306,74,65,9,9
6307,63,56,7,7
6308,56,51,5,5
6309,103,102,1,1
6310,83,76,7,7
6311,69,69,0,0
6312,165,136,29,29
6313,109,100,9,9
6314,93,72,21,21
6315,123,110,13,13
6316,142,126,16,16
6317,71,57,14,14
6318,102,91,11,11
6319,81,74,7,7
6320,178,139,39,39
6321,75,63,12,12
6322,68,63,5,5
6323,135,114,21,21
6324,103,94,9,9
6325,108,98,10,10
6326,62,69,-7,7
6327,95,91,4,4
6328,114,97,17,17
6329,120,107,13,13
6330,124,115,9,9
6331,90,82,8,8
6332,29,29,0,0
6333,69,64,5,5
6334,61,64,-3,3
6335,85,72,13,13
6336,83,82,1,1
6337,122,99,23,23
6338,148,127,21,21
6339,108,88,20,20
6340,96,90,6,6
6341,75,69,6,6
6342,101,101,0,0
6343,81,70,11,11
6344,98,91,7,7
6345,95,82,13,13
6346,100,86,14,14
6347,96,90,6,6
6348,161,153,8,8
6349,84,77,7,7
6350,55,48,7,7
6351,59,58,1,1
6352,124,110,14,14
6353,137,122,15,15
6354,118,101,17,17
6355,144,111,33,33
6356,182,157,25,25
6357,126,107,19,19
6358,127,105,22,22
6359,111,96,15,15
6360,92,82,10,10
6361,106,94,12,12
6362,74,70,4,4
6363,68,74,-6,6
6364,108,104,4,4
6365,95,81,14,14
6366,103,94,9,9
6367,81,74,7,7
6368,86,80,6,6
6369,170,140,30,30
6370,50,46,4,4
6371,51,48,3,3
6372,94,76,18,18
6373,146,142,4,4
6374,74,68,6,6
6375,100,81,19,19
6376,128,100,28,28
6377,74,60,14,14
6378,108,97,11,11
6379,77,74,3,3
6380,63,58,5,5
6381,50,40,10,10
6382,109,95,14,14
6383,52,50,2,2
6384,68,72,-4,4
6385,90,86,4,4
6386,80,77,3,3
6387,55,58,-3,3
6388,103,83,20,20
6389,84,79,5,5
6390,90,72,18,18
6391,66,66,0,0
6392,167,142,25,25
6393,82,74,8,8
6394,73,64,9,9
6395,86,83,3,3
6396,71,66,5,5
6397,80,77,3,3
6398,92,84,8,8
6399,117,96,21,21
6400,51,56,-5,5
6401,94,82,12,12
6402,84,74,10,10
6403,135,124,11,11
6404,66,66,0,0
6405,151,133,18,18
6406,92,82,10,10
6407,102,89,13,13
6408,116,94,22,22
6409,50,52,-2,2
6410,88,82,6,6
6411,119,104,15,15
6412,107,98,9,9
6413,93,91,2,2
6414,142,122,20,20
6415,52,46,6,6
6416,115,107,8,8
6417,52,48,4,4
6418,56,49,7,7
6419,152,119,33,33
6420,83,67,16,16
6421,62,57,5,5
6422,64,66,-2,2
6423,119,100,19,19
6424,157,127,30,30
6425,51,53,-2,2
6426,118,106,12,12
6427,58,60,-2,2
6428,94,80,14,14
6429,45,45,0,0
6430,120,98,22,22
6431,88,77,11,11
6432,84,81,3,3
6433,131,117,14,14
6434,98,83,15,15
6435,50,45,5,5
6436,88,72,16,16
6437,101,103,-2,2
6438,78,67,11,11
6439,40,55,-15,15
6440,103,100,3,3
6441,96,79,17,17
6442,83,73,10,10
6443,93,82,11,11
6444,82,65,17,17
6445,103,88,15,15
6446,41,56,-15,15
6447,39,43,-4,4
6448,60,50,10,10
6449,137,115,22,22
6450,46,40,6,6
6451,51,47,4,4
6452,82,77,5,5
6453,131,107,24,24
6454,66,65,1,1
6455,76,64,12,12
6456,204,170,34,34
6457,106,95,11,11
6458,72,62,10,10
6459,145,130,15,15
6460,80,68,12,12
6461,89,83,6,6
6462,148,133,15,15
6463,141,112,29,29
6464,59,57,2,2
6465,51,43,8,8
6466,88,76,12,12
6467,77,65,12,12
6468,103,92,11,11
6469,94,76,18,18
6470,92,73,19,19
6471,82,68,14,14
6472,89,86,3,3
6473,72,64,8,8
6474,135,115,20,20
6475,135,115,20,20
6476,85,74,11,11
6477,63,60,3,3
6478,173,149,24,24
6479,108,96,12,12
6480,141,107,34,34
6481,85,81,4,4
6482,144,125,19,19
6483,66,59,7,7
6484,86,80,6,6
6485,84,67,17,17
6486,107,91,16,16
6487,60,55,5,5
6488,62,63,-1,1
6489,174,157,17,17
6490,68,54,14,14
6491,74,71,3,3
6492,67,60,7,7
6493,72,58,14,14
6494,117,98,19,19
6495,93,104,-11,11
6496,69,69,0,0
6497,75,67,8,8
6498,84,73,11,11
6499,101,94,7,7
6500,78,69,9,9
6501,202,176,26,26
6502,97,97,0,0
6503,79,71,8,8
6504,97,93,4,4
6505,60,62,-2,2
6506,58,52,6,6
6507,113,107,6,6
6508,63,57,6,6
6509,79,70,9,9
6510,94,83,11,11
6511,129,114,15,15
6512,142,126,16,16
6513,96,86,10,10
6514,83,67,16,16
6515,137,116,21,21
6516,99,81,18,18
6517,92,83,9,9
6518,92,92,0,0
6519,69,60,9,9
6520,126,126,0,0
6521,148,142,6,6
6522,90,80,10,10
6523,94,79,15,15
6524,111,99,12,12
6525,86,83,3,3
6526,49,51,-2,2
6527,124,105,19,19
6528,107,98,9,9
6529,129,113,16,16
6530,58,46,12,12
6531,70,62,8,8
6532,70,68,2,2
6533,91,75,16,16
6534,86,66,20,20
6535,102,93,9,9
6536,83,76,7,7
6537,119,108,11,11
6538,76,65,11,11
6539,49,42,7,7
6540,94,72,22,22
6541,124,92,32,32
6542,65,57,8,8
6543,96,97,-1,1
6544,170,153,17,17
6545,68,66,2,2
6546,28,26,2,2
6547,135,123,12,12
6548,151,116,35,35
6549,80,76,4,4
6550,79,84,-5,5
6551,68,71,-3,3
6552,118,95,23,23
6553,73,65,8,8
6554,104,102,2,2
6555,147,118,29,29
6556,91,92,-1,1
6557,147,117,30,30
6558,55,57,-2,2
6559,66,61,5,5
6560,121,100,21,21
6561,70,63,7,7
6562,107,95,12,12
6563,153,136,17,17
6564,124,112,12,12
6565,59,63,-4,4
6566,90,79,11,11
6567,57,58,-1,1
6568,129,103,26,26
6569,98,93,5,5
6570,152,126,26,26
6571,55,56,-1,1
6572,93,60,33,33
6573,61,52,9,9
6574,135,116,19,19
6575,72,59,13,13
6576,105,99,6,6
6577,65,83,-18,18
6578,91,80,11,11
6579,117,99,18,18
6580,85,81,4,4
6581,125,106,19,19
6582,57,56,1,1
6583,151,126,25,25
6584,68,64,4,4
6585,104,101,3,3
6586,53,53,0,0
6587,88,79,9,9
6588,91,76,15,15
6589,184,139,45,45
6590,99,87,12,12
6591,189,153,36,36
6592,186,155,31,31
6593,125,102,23,23
6594,62,66,-4,4
6595,103,93,10,10
6596,183,164,19,19
6597,62,50,12,12
6598,66,60,6,6
6599,73,61,12,12
6600,114,100,14,14
6601,123,112,11,11
6602,108,83,25,25
6603,115,98,17,17
6604,124,104,20,20
6605,66,70,-4,4
6606,104,74,30,30
6607,75,67,8,8
6608,108,100,8,8
6609,81,75,6,6
6610,82,64,18,18
6611,80,66,14,14
6612,30,35,-5,5
6613,90,79,11,11
6614,62,56,6,6
6615,86,72,14,14
6616,56,51,5,5
6617,95,89,6,6
6618,100,92,8,8
6619,102,89,13,13
6620,102,93,9,9
6621,59,50,9,9
6622,152,124,28,28
6623,163,146,17,17
6624,143,123,20,20
6625,162,142,20,20
6626,84,77,7,7
6627,78,74,4,4
6628,92,88,4,4
6629,79,75,4,4
6630,78,64,14,14
6631,120,97,23,23
6632,99,83,16,16
6633,103,78,25,25
6634,76,74,2,2
6635,80,69,11,11
6636,66,57,9,9
6637,128,113,15,15
6638,85,66,19,19
6639,100,93,7,7
6640,46,47,-1,1
6641,125,110,15,15
6642,111,103,8,8
6643,119,104,15,15
6644,59,57,2,2
6645,55,48,7,7
6646,158,137,21,21
6647,106,101,5,5
6648,136,122,14,14
6649,108,90,18,18
6650,124,108,16,16
6651,106,95,11,11
6652,92,73,19,19
6653,118,112,6,6
6654,108,93,15,15
6655,114,96,18,18
6656,51,50,1,1
6657,85,72,13,13
6658,61,78,-17,17
6659,74,68,6,6
6660,67,57,10,10
6661,108,94,14,14
6662,132,115,17,17
6663,78,63,15,15
6664,102,100,2,2
6665,175,133,42,42
6666,140,122,18,18
6667,93,78,15,15
6668,75,74,1,1
6669,98,86,12,12
6670,98,80,18,18
6671,119,97,22,22
6672,121,131,-10,10
6673,94,85,9,9
6674,117,88,29,29
6675,108,100,8,8
6676,87,95,-8,8
6677,100,85,15,15
6678,88,74,14,14
6679,86,60,26,26
6680,65,61,4,4
6681,81,70,11,11
6682,89,79,10,10
6683,114,95,19,19
6684,108,96,12,12
6685,95,77,18,18
6686,100,88,12,12
6687,98,89,9,9
6688,88,76,12,12
6689,95,88,7,7
6690,92,84,8,8
6691,161,139,22,22
6692,57,49,8,8
6693,89,80,9,9
6694,67,49,18,18
6695,101,93,8,8
6696,102,96,6,6
6697,84,74,10,10
6698,64,56,8,8
6699,127,113,14,14
6700,97,88,9,9
6701,101,91,10,10
6702,65,64,1,1
6703,89,74,15,15
6704,70,61,9,9
6705,67,64,3,3
6706,169,145,24,24
6707,59,61,-2,2
6708,163,134,29,29
6709,38,36,2,2
6710,117,99,18,18
6711,53,49,4,4
6712,52,48,4,4
6713,120,107,13,13
6714,80,61,19,19
6715,52,52,0,0
6716,127,130,-3,3
6717,87,84,3,3
6718,54,74,-20,20
6719,66,54,12,12
6720,98,82,16,16
6721,112,104,8,8
6722,56,53,3,3
6723,114,101,13,13
6724,90,78,12,12
6725,87,79,8,8
6726,58,54,4,4
6727,118,102,16,16
6728,96,88,8,8
6729,102,100,2,2
6730,84,81,3,3
6731,111,93,18,18
6732,62,60,2,2
6733,73,62,11,11
6734,69,64,5,5
6735,133,111,22,22
6736,87,74,13,13
6737,64,58,6,6
6738,85,80,5,5
6739,103,86,17,17
6740,86,72,14,14
6741,68,59,9,9
6742,145,130,15,15
6743,74,60,14,14
6744,91,87,4,4
6745,102,85,17,17
6746,128,114,14,14
6747,104,97,7,7
6748,110,106,4,4
6749,56,49,7,7
6750,83,75,8,8
6751,109,103,6,6
6752,77,66,11,11
6753,164,130,34,34
6754,137,119,18,18
6755,134,110,24,24
6756,172,149,23,23
6757,116,103,13,13
6758,80,69,11,11
6759,50,49,1,1
6760,168,137,31,31
6761,68,66,2,2
6762,88,83,5,5
6763,48,44,4,4
6764,60,53,7,7
6765,135,123,12,12
6766,75,62,13,13
6767,187,162,25,25
6768,78,65,13,13
6769,117,88,29,29
6770,109,103,6,6
6771,79,65,14,14
6772,80,74,6,6
6773,72,66,6,6
6774,105,95,10,10
6775,130,124,6,6
6776,108,104,4,4
6777,39,42,-3,3
6778,94,89,5,5
6779,76,75,1,1
6780,84,76,8,8
6781,110,109,1,1
6782,79,70,9,9
6783,129,98,31,31
6784,66,61,5,5
6785,73,66,7,7
6786,90,72,18,18
6787,69,64,5,5
6788,76,60,16,16
6789,96,100,-4,4
6790,113,100,13,13
6791,118,107,11,11
6792,78,67,11,11
6793,92,77,15,15
6794,96,81,15,15
6795,111,108,3,3
6796,143,136,7,7
6797,101,88,13,13
6798,99,92,7,7
6799,110,108,2,2
6800,105,98,7,7
6801,79,72,7,7
6802,80,80,0,0
6803,54,47,7,7
6804,86,72,14,14
6805,66,71,-5,5
6806,96,82,14,14
6807,151,135,16,16
6808,78,90,-12,12
6809,82,81,1,1
6810,93,79,14,14
6811,57,60,-3,3
6812,129,108,21,21
6813,89,80,9,9
6814,83,71,12,12
6815,72,73,-1,1
6816,85,78,7,7
6817,58,53,5,5
6818,69,62,7,7
6819,69,75,-6,6
6820,55,46,9,9
6821,114,90,24,24
6822,145,116,29,29
6823,81,78,3,3
6824,41,45,-4,4
6825,88,94,-6,6
6826,108,100,8,8
6827,104,91,13,13
6828,74,60,14,14
6829,111,98,13,13
6830,74,63,11,11
6831,82,71,11,11
6832,129,112,17,17
6833,75,71,4,4
6834,137,116,21,21
6835,135,119,16,16
6836,93,74,19,19
6837,73,77,-4,4
6838,125,113,12,12
6839,110,109,1,1
6840,147,142,5,5
6841,86,84,2,2
6842,96,82,14,14
6843,104,90,14,14
6844,110,102,8,8
6845,80,69,11,11
6846,66,64,2,2
6847,168,146,22,22
6848,123,124,-1,1
6849,138,125,13,13
6850,66,59,7,7
6851,66,55,11,11
6852,143,118,25,25
6853,88,69,19,19
6854,76,76,0,0
6855,143,135,8,8
6856,108,90,18,18
6857,74,66,8,8
6858,76,66,10,10
6859,59,57,2,2
6860,87,74,13,13
6861,113,98,15,15
6862,57,52,5,5
6863,56,60,-4,4
6864,102,84,18,18
6865,74,66,8,8
6866,89,82,7,7
6867,75,71,4,4
6868,128,117,11,11
6869,106,104,2,2
6870,92,77,15,15
6871,138,126,12,12
6872,75,64,11,11
6873,103,90,13,13
6874,120,99,21,21
6875,136,113,23,23
6876,72,67,5,5
6877,128,118,10,10
6878,128,112,16,16
6879,150,129,21,21
6880,86,73,13,13
6881,85,73,12,12
6882,62,54,8,8
6883,76,68,8,8
6884,123,109,14,14
6885,64,58,6,6
6886,116,104,12,12
6887,62,59,3,3
6888,81,70,11,11
6889,118,99,19,19
6890,117,103,14,14
6891,123,99,24,24
6892,144,115,29,29
6893,109,97,12,12
6894,79,68,11,11
6895,97,92,5,5
6896,87,70,17,17
6897,55,49,6,6
6898,65,60,5,5
6899,103,93,10,10
6900,90,69,21,21
6901,87,71,16,16
6902,43,40,3,3
6903,92,80,12,12
6904,147,134,13,13
6905,106,92,14,14
6906,68,67,1,1
6907,71,59,12,12
6908,97,89,8,8
6909,93,86,7,7
6910,69,75,-6,6
6911,92,89,3,3
6912,77,75,2,2
6913,132,115,17,17
6914,87,81,6,6
6915,118,99,19,19
6916,58,51,7,7
6917,43,38,5,5
6918,80,77,3,3
6919,118,97,21,21
6920,107,108,-1,1
6921,132,117,15,15
6922,86,80,6,6
6923,114,97,17,17
6924,85,72,13,13
6925,66,62,4,4
6926,65,58,7,7
6927,84,79,5,5
6928,122,112,10,10
6929,74,70,4,4
6930,154,144,10,10
6931,93,82,11,11
6932,40,63,-23,23
6933,88,72,16,16
6934,84,80,4,4
6935,67,59,8,8
6936,113,105,8,8
6937,110,99,11,11
6938,217,172,45,45
6939,99,93,6,6
6940,107,101,6,6
6941,120,108,12,12
6942,116,97,19,19
6943,70,72,-2,2
6944,86,73,13,13
6945,89,86,3,3
6946,75,67,8,8
6947,72,65,7,7
6948,75,67,8,8
6949,55,58,-3,3
6950,196,175,21,21
6951,114,96,18,18
6952,142,86,56,56
6953,76,71,5,5
6954,71,57,14,14
6955,80,78,2,2
6956,81,70,11,11
6957,106,85,21,21
6958,126,110,16,16
6959,114,104,10,10
6960,90,80,10,10
6961,134,115,19,19
6962,112,101,11,11
6963,86,77,9,9
6964,109,106,3,3
6965,98,97,1,1
6966,123,110,13,13
6967,48,44,4,4
6968,89,77,12,12
6969,141,128,13,13
6970,122,108,14,14
6971,65,64,1,1
6972,163,138,25,25
6973,106,94,12,12
6974,145,132,13,13
6975,65,57,8,8
6976,111,84,27,27
6977,110,101,9,9
6978,40,37,3,3
6979,77,70,7,7
6980,81,71,10,10
6981,136,116,20,20
6982,124,116,8,8
6983,107,99,8,8
6984,83,73,10,10
6985,137,117,20,20
6986,93,85,8,8
6987,95,83,12,12
6988,82,84,-2,2
6989,91,81,10,10
6990,139,111,28,28
6991,49,45,4,4
6992,36,34,2,2
6993,76,59,17,17
6994,57,54,3,3
6995,128,117,11,11
6996,77,83,-6,6
6997,86,79,7,7
6998,144,126,18,18
6999,72,67,5,5
7000,48,45,3,3
7001,86,71,15,15
7002,96,81,15,15
7003,67,60,7,7
7004,65,55,10,10
7005,132,106,26,26
7006,128,109,19,19
7007,115,99,16,16
7008,109,98,11,11
7009,63,58,5,5
7010,55,56,-1,1
7011,119,93,26,26
7012,70,58,12,12
7013,125,105,20,20
7014,146,121,25,25
7015,84,75,9,9
7016,120,112,8,8
7017,83,79,4,4
7018,68,59,9,9
7019,106,89,17,17
7020,147,112,35,35
7021,81,70,11,11
7022,87,83,4,4
7023,86,73,13,13
7024,67,65,2,2
7025,100,84,16,16
7026,81,77,4,4
7027,70,69,1,1
7028,94,77,17,17
7029,123,102,21,21
7030,121,101,20,20
7031,71,66,5,5
7032,73,63,10,10
7033,79,70,9,9
7034,98,93,5,5
7035,147,105,42,42
7036,86,74,12,12
7037,83,68,15,15
7038,117,99,18,18
7039,93,88,5,5
7040,44,43,1,1
7041,68,65,3,3
7042,74,67,7,7
7043,76,85,-9,9
7044,96,80,16,16
7045,80,61,19,19
7046,73,72,1,1
7047,93,78,15,15
7048,48,48,0,0
7049,85,76,9,9
7050,140,124,16,16
7051,81,74,7,7
7052,57,50,7,7
7053,93,79,14,14
7054,119,108,11,11
7055,129,123,6,6
7056,88,73,15,15
7057,101,89,12,12
7058,91,80,11,11
7059,59,51,8,8
7060,109,105,4,4
7061,89,72,17,17
7062,101,78,23,23
7063,116,96,20,20
7064,86,79,7,7
7065,113,100,13,13
7066,101,84,17,17
7067,110,103,7,7
7068,115,127,-12,12
7069,137,129,8,8
7070,64,65,-1,1
7071,133,111,22,22
7072,80,78,2,2
7073,61,49,12,12
7074,116,107,9,9
7075,154,133,21,21
7076,69,63,6,6
7077,123,112,11,11
7078,63,60,3,3
7079,99,105,-6,6
7080,52,44,8,8
7081,86,72,14,14
7082,79,68,11,11
7083,97,94,3,3
7084,68,64,4,4
7085,79,76,3,3
7086,82,66,16,16
7087,66,56,10,10
7088,28,20,8,8
7089,54,57,-3,3
7090,76,66,10,10
7091,74,76,-2,2
7092,97,89,8,8
7093,82,72,10,10
7094,103,93,10,10
7095,61,51,10,10
7096,69,55,14,14
7097,60,58,2,2
7098,61,78,-17,17
7099,100,94,6,6
7100,100,91,9,9
7101,129,108,21,21
7102,184,150,34,34
7103,119,109,10,10
7104,91,74,17,17
7105,99,95,4,4
7106,100,88,12,12
7107,58,58,0,0
7108,70,64,6,6
7109,76,76,0,0
7110,77,68,9,9
7111,70,60,10,10
7112,116,100,16,16
7113,149,131,18,18
7114,124,113,11,11
7115,139,103,36,36
7116,142,137,5,5
7117,77,73,4,4
7118,96,77,19,19
7119,215,168,47,47
7120,70,65,5,5
7121,118,107,11,11
7122,89,79,10,10
7123,106,88,18,18
7124,117,106,11,11
7125,60,58,2,2
7126,67,64,3,3
7127,149,135,14,14
7128,364,373,-9,9
7129,110,94,16,16
7130,106,87,19,19
7131,161,146,15,15
7132,119,120,-1,1
7133,113,131,-18,18
7134,100,93,7,7
7135,51,51,0,0
7136,121,105,16,16
7137,108,97,11,11
7138,107,96,11,11
7139,62,56,6,6
7140,84,77,7,7
7141,93,72,21,21
7142,143,128,15,15
7143,136,115,21,21
7144,53,54,-1,1
7145,97,91,6,6
7146,139,129,10,10
7147,126,117,9,9
7148,46,48,-2,2
7149,172,155,17,17
7150,101,90,11,11
7151,89,81,8,8
7152,118,99,19,19
7153,71,67,4,4
7154,120,112,8,8
7155,77,70,7,7
7156,145,118,27,27
7157,45,38,7,7
7158,80,68,12,12
7159,58,57,1,1
7160,117,99,18,18
7161,91,80,11,11
7162,192,161,31,31
7163,68,60,8,8
7164,71,56,15,15
7165,82,72,10,10
7166,84,75,9,9
7167,70,69,1,1
7168,47,48,-1,1
7169,95,78,17,17
7170,59,58,1,1
7171,154,127,27,27
7172,131,112,19,19
7173,98,92,6,6
7174,38,41,-3,3
7175,86,83,3,3
7176,55,52,3,3
7177,40,38,2,2
7178,119,107,12,12
7179,247,194,53,53
7180,96,89,7,7
7181,69,67,2,2
7182,87,83,4,4
7183,93,88,5,5
7184,84,73,11,11
7185,127,121,6,6
7186,106,92,14,14
7187,62,56,6,6
7188,84,79,5,5
7189,48,48,0,0
7190,116,112,4,4
7191,83,70,13,13
7192,123,113,10,10
7193,97,78,19,19
7194,119,95,24,24
7195,113,103,10,10
7196,70,66,4,4
7197,123,113,10,10
7198,86,72,14,14
7199,49,49,0,0
7200,113,99,14,14
7201,100,87,13,13
7202,131,117,14,14
7203,93,83,10,10
7204,92,76,16,16
7205,73,64,9,9
7206,61,56,5,5
7207,72,59,13,13
7208,91,79,12,12
7209,86,78,8,8
7210,82,70,12,12
7211,179,159,20,20
7212,121,96,25,25
7213,58,53,5,5
7214,83,67,16,16
7215,100,73,27,27
7216,84,71,13,13
7217,76,64,12,12
7218,83,66,17,17
7219,81,72,9,9
7220,119,106,13,13
7221,160,136,24,24
7222,97,91,6,6
7223,143,143,0,0
7224,49,43,6,6
7225,188,154,34,34
7226,79,73,6,6
7227,62,58,4,4
7228,71,60,11,11
7229,114,111,3,3
7230,167,152,15,15
7231,100,80,20,20
7232,90,73,17,17
7233,106,98,8,8
7234,129,118,11,11
7235,81,70,11,11
7236,52,48,4,4
7237,86,73,13,13
7238,92,96,-4,4
7239,59,57,2,2
7240,98,94,4,4
7241,94,80,14,14
7242,173,150,23,23
7243,82,82,0,0
7244,121,105,16,16
7245,84,69,15,15
7246,44,38,6,6
7247,88,86,2,2
7248,91,76,15,15
7249,97,82,15,15
7250,46,41,5,5
7251,114,97,17,17
7252,108,90,18,18
7253,66,58,8,8
7254,71,64,7,7
7255,76,68,8,8
7256,159,140,19,19
7257,39,43,-4,4
7258,47,48,-1,1
7259,142,111,31,31
7260,124,118,6,6
7261,109,99,10,10
7262,110,101,9,9
7263,59,49,10,10
7264,107,87,20,20
7265,59,52,7,7
7266,93,85,8,8
7267,96,91,5,5
7268,40,47,-7,7
7269,124,109,15,15
7270,90,67,23,23
7271,52,49,3,3
7272,95,78,17,17
7273,81,73,8,8
7274,171,141,30,30
7275,78,60,18,18
7276,97,78,19,19
7277,82,80,2,2
7278,93,79,14,14
7279,106,98,8,8
7280,129,107,22,22
7281,110,108,2,2
7282,28,49,-21,21
7283,152,141,11,11
7284,113,91,22,22
7285,62,54,8,8
7286,51,46,5,5
7287,167,150,17,17
7288,60,49,11,11
7289,176,150,26,26
7290,139,122,17,17
7291,193,170,23,23
7292,78,73,5,5
7293,76,64,12,12
7294,80,70,10,10
7295,86,93,-7,7
7296,102,84,18,18
7297,51,45,6,6
7298,32,31,1,1
7299,133,105,28,28
7300,160,133,27,27
7301,75,64,11,11
7302,84,69,15,15
7303,85,76,9,9
7304,89,82,7,7
7305,69,60,9,9
7306,113,102,11,11
7307,69,60,9,9
7308,76,70,6,6
7309,56,69,-13,13
7310,86,68,18,18
7311,92,89,3,3
7312,54,52,2,2
7313,100,81,19,19
7314,37,45,-8,8
7315,140,126,14,14
7316,57,65,-8,8
7317,83,78,5,5
7318,75,59,16,16
7319,59,54,5,5
7320,99,107,-8,8
7321,108,92,16,16
7322,93,86,7,7
7323,78,73,5,5
7324,166,149,17,17
7325,81,72,9,9
7326,80,70,10,10
7327,166,130,36,36
7328,56,51,5,5
7329,108,96,12,12
7330,88,80,8,8
7331,124,118,6,6
7332,71,66,5,5
7333,111,89,22,22
7334,77,80,-3,3
7335,84,72,12,12
7336,85,76,9,9
7337,103,83,20,20
7338,67,68,-1,1
7339,128,108,20,20
7340,54,45,9,9
7341,98,85,13,13
7342,115,117,-2,2
7343,80,71,9,9
7344,66,57,9,9
7345,84,72,12,12
7346,179,154,25,25
7347,70,65,5,5
7348,93,86,7,7
7349,139,139,0,0
7350,136,113,23,23
7351,173,155,18,18
7352,112,90,22,22
7353,76,76,0,0
7354,112,104,8,8
7355,118,116,2,2
7356,109,91,18,18
7357,101,97,4,4
7358,105,87,18,18
7359,67,64,3,3
7360,131,111,20,20
7361,41,47,-6,6
7362,49,43,6,6
7363,113,102,11,11
7364,137,126,11,11
7365,96,91,5,5
7366,68,61,7,7
7367,110,101,9,9
7368,70,65,5,5
7369,155,145,10,10
7370,58,49,9,9
7371,140,134,6,6
7372,119,111,8,8
7373,67,63,4,4
7374,79,73,6,6
7375,68,62,6,6
7376,62,55,7,7
7377,48,48,0,0
7378,104,95,9,9
7379,67,66,1,1
7380,63,59,4,4
7381,70,61,9,9
7382,83,77,6,6
7383,66,60,6,6
7384,67,70,-3,3
7385,54,49,5,5
7386,144,132,12,12
7387,68,64,4,4
7388,76,71,5,5
7389,62,54,8,8
7390,147,120,27,27
7391,80,91,-11,11
7392,53,49,4,4
7393,73,64,9,9
7394,74,64,10,10
7395,63,61,2,2
7396,111,100,11,11
7397,199,161,38,38
7398,90,78,12,12
7399,65,61,4,4
7400,68,55,13,13
7401,81,73,8,8
7402,95,84,11,11
7403,83,76,7,7
7404,99,78,21,21
7405,64,60,4,4
7406,70,65,5,5
7407,62,50,12,12
7408,60,59,1,1
7409,84,78,6,6
7410,63,55,8,8
7411,91,85,6,6
7412,53,62,-9,9
7413,114,98,16,16
7414,102,88,14,14
7415,80,60,20,20
7416,85,83,2,2
7417,112,105,7,7
7418,86,77,9,9
7419,61,60,1,1
7420,118,99,19,19
7421,108,82,26,26
7422,179,144,35,35
7423,87,80,7,7
7424,185,152,33,33
7425,91,79,12,12
7426,73,68,5,5
7427,63,50,13,13
7428,159,129,30,30
7429,146,131,15,15
7430,75,73,2,2
7431,73,68,5,5
7432,107,86,21,21
7433,93,81,12,12
7434,89,86,3,3
7435,82,86,-4,4
7436,79,67,12,12
7437,50,48,2,2
7438,69,65,4,4
7439,89,83,6,6
7440,145,134,11,11
7441,84,78,6,6
7442,115,109,6,6
7443,103,107,-4,4
7444,90,87,3,3
7445,57,47,10,10
7446,118,92,26,26
7447,99,90,9,9
7448,124,104,20,20
7449,102,102,0,0
7450,97,85,12,12
7451,64,56,8,8
7452,78,64,14,14
7453,121,110,11,11
7454,163,140,23,23
7455,63,53,10,10
7456,53,53,0,0
7457,71,63,8,8
7458,79,70,9,9
7459,102,94,8,8
7460,130,110,20,20
7461,114,100,14,14
7462,118,113,5,5
7463,93,85,8,8
7464,78,68,10,10
7465,87,79,8,8
7466,107,89,18,18
7467,105,90,15,15
7468,135,120,15,15
7469,64,56,8,8
7470,80,66,14,14
7471,79,78,1,1
7472,156,144,12,12
7473,123,115,8,8
7474,81,80,1,1
7475,91,83,8,8
7476,184,150,34,34
7477,62,63,-1,1
7478,76,74,2,2
7479,112,97,15,15
7480,60,61,-1,1
7481,103,87,16,16
7482,83,76,7,7
7483,69,62,7,7
7484,206,176,30,30
7485,78,73,5,5
7486,82,65,17,17
7487,81,75,6,6
7488,39,36,3,3
7489,109,99,10,10
7490,32,50,-18,18
7491,65,66,-1,1
7492,88,77,11,11
7493,94,87,7,7
7494,87,82,5,5
7495,74,64,10,10
7496,88,73,15,15
7497,103,99,4,4
7498,72,56,16,16
7499,83,76,7,7
7500,197,186,11,11
7501,41,39,2,2
7502,76,67,9,9
7503,129,102,27,27
7504,40,55,-15,15
7505,136,125,11,11
7506,62,55,7,7
7507,66,58,8,8
7508,106,107,-1,1
7509,62,55,7,7
7510,109,92,17,17
7511,136,113,23,23
7512,100,84,16,16
7513,160,138,22,22
7514,105,91,14,14
7515,122,102,20,20
7516,98,89,9,9
7517,78,67,11,11
7518,75,70,5,5
7519,67,62,5,5
7520,56,52,4,4
7521,60,51,9,9
7522,38,34,4,4
7523,53,51,2,2
7524,57,62,-5,5
7525,113,98,15,15
7526,83,69,14,14
7527,81,66,15,15
7528,136,125,11,11
7529,78,63,15,15
7530,89,75,14,14
7531,86,77,9,9
7532,68,64,4,4
7533,156,138,18,18
7534,85,73,12,12
7535,126,112,14,14
7536,57,60,-3,3
7537,114,106,8,8
7538,113,92,21,21
7539,75,73,2,2
7540,130,108,22,22
7541,79,57,22,22
7542,112,96,16,16
7543,120,110,10,10
7544,76,70,6,6
7545,86,72,14,14
7546,60,53,7,7
7547,52,53,-1,1
7548,80,65,15,15
7549,136,113,23,23
7550,71,67,4,4
7551,152,138,14,14
7552,59,59,0,0
7553,88,71,17,17
7554,71,61,10,10
7555,71,60,11,11
7556,88,84,4,4
7557,44,44,0,0
7558,95,91,4,4
7559,99,83,16,16
7560,74,74,0,0
7561,148,123,25,25
7562,74,64,10,10
7563,103,82,21,21
7564,70,58,12,12
7565,128,104,24,24
7566,70,61,9,9
7567,69,66,3,3
7568,95,68,27,27
7569,125,112,13,13
7570,87,83,4,4
7571,130,118,12,12
7572,105,107,-2,2
7573,96,81,15,15
7574,90,81,9,9
7575,52,46,6,6
7576,77,81,-4,4
7577,143,124,19,19
7578,97,96,1,1
7579,81,73,8,8
7580,55,46,9,9
7581,122,116,6,6
7582,59,56,3,3
7583,106,94,12,12
7584,146,118,28,28
7585,62,56,6,6
7586,122,107,15,15
7587,166,139,27,27
7588,76,63,13,13
7589,82,78,4,4
7590,114,100,14,14
7591,113,111,2,2
7592,94,83,11,11
7593,113,105,8,8
7594,79,73,6,6
7595,106,95,11,11
7596,123,110,13,13
7597,118,99,19,19
7598,80,68,12,12
7599,94,82,12,12
7600,89,74,15,15
7601,64,51,13,13
7602,113,104,9,9
7603,137,117,20,20
7604,53,94,-41,41
7605,133,119,14,14
7606,65,67,-2,2
7607,78,74,4,4
7608,40,36,4,4
7609,60,58,2,2
7610,52,49,3,3
7611,136,116,20,20
7612,155,139,16,16
7613,94,87,7,7
7614,75,68,7,7
7615,36,38,-2,2
7616,132,111,21,21
7617,117,101,16,16
7618,136,133,3,3
7619,141,112,29,29
7620,65,61,4,4
7621,96,71,25,25
7622,68,65,3,3
7623,144,115,29,29
7624,148,128,20,20
7625,117,106,11,11
7626,60,62,-2,2
7627,98,86,12,12
7628,114,99,15,15
7629,139,110,29,29
7630,109,90,19,19
7631,69,69,0,0
7632,105,89,16,16
7633,116,98,18,18
7634,72,61,11,11
7635,74,70,4,4
7636,102,96,6,6
7637,62,46,16,16
7638,36,31,5,5
7639,94,80,14,14
7640,78,69,9,9
7641,150,124,26,26
7642,81,71,10,10
7643,154,137,17,17
7644,115,108,7,7
7645,44,49,-5,5
7646,88,82,6,6
7647,80,68,12,12
7648,75,65,10,10
7649,58,49,9,9
7650,124,110,14,14
7651,90,78,12,12
7652,117,97,20,20
7653,93,79,14,14
7654,133,117,16,16
7655,71,59,12,12
7656,82,74,8,8
7657,66,62,4,4
7658,69,64,5,5
7659,112,95,17,17
7660,114,95,19,19
7661,81,61,20,20
7662,110,102,8,8
7663,76,64,12,12
7664,97,89,8,8
7665,83,74,9,9
7666,73,68,5,5
7667,109,96,13,13
7668,67,59,8,8
7669,101,98,3,3
7670,74,64,10,10
7671,122,107,15,15
7672,51,52,-1,1
7673,80,83,-3,3
7674,118,104,14,14
7675,87,72,15,15
7676,84,69,15,15
7677,135,111,24,24
7678,51,88,-37,37
7679,121,93,28,28
7680,60,54,6,6
7681,150,132,18,18
7682,41,39,2,2
7683,55,50,5,5
7684,149,116,33,33
7685,136,119,17,17
7686,121,95,26,26
7687,121,105,16,16
7688,50,55,-5,5
7689,61,50,11,11
7690,129,110,19,19
7691,83,85,-2,2
7692,83,84,-1,1
7693,77,65,12,12
7694,110,91,19,19
7695,110,86,24,24
7696,108,106,2,2
7697,95,90,5,5
7698,91,76,15,15
7699,99,82,17,17
7700,105,95,10,10
7701,104,115,-11,11
7702,82,74,8,8
7703,68,60,8,8
7704,77,68,9,9
7705,103,87,16,16
7706,87,78,9,9
7707,55,47,8,8
7708,94,82,12,12
7709,67,60,7,7
7710,75,83,-8,8
7711,137,124,13,13
7712,69,63,6,6
7713,67,60,7,7
7714,77,80,-3,3
7715,68,61,7,7
7716,117,102,15,15
7717,109,102,7,7
7718,164,132,32,32
7719,102,107,-5,5
7720,77,75,2,2
7721,71,77,-6,6
7722,71,66,5,5
7723,146,116,30,30
7724,40,35,5,5
7725,121,103,18,18
7726,86,68,18,18
7727,99,88,11,11
7728,68,66,2,2
7729,89,67,22,22
7730,71,68,3,3
7731,72,64,8,8
7732,49,44,5,5
7733,155,108,47,47
7734,145,132,13,13
7735,102,98,4,4
7736,131,116,15,15
7737,101,74,27,27
7738,61,59,2,2
7739,108,100,8,8
7740,62,61,1,1
7741,93,78,15,15
7742,84,73,11,11
7743,56,84,-28,28
7744,143,121,22,22
7745,145,124,21,21
7746,103,86,17,17
7747,88,79,9,9
7748,96,84,12,12
7749,63,59,4,4
7750,88,79,9,9
7751,50,55,-5,5
7752,106,98,8,8
7753,89,67,22,22
7754,101,97,4,4
7755,134,112,22,22
7756,91,76,15,15
7757,134,130,4,4
7758,79,74,5,5
7759,161,138,23,23
7760,127,114,13,13
7761,88,81,7,7
7762,61,60,1,1
7763,60,63,-3,3
7764,102,83,19,19
7765,140,129,11,11
7766,69,64,5,5
7767,101,102,-1,1
7768,175,154,21,21
7769,129,131,-2,2
7770,115,103,12,12
7771,88,90,-2,2
7772,79,71,8,8
7773,102,94,8,8
7774,43,41,2,2
7775,97,86,11,11
7776,132,126,6,6
7777,58,51,7,7
7778,89,86,3,3
7779,90,86,4,4
7780,98,95,3,3
7781,102,93,9,9
7782,88,80,8,8
7783,106,93,13,13
7784,99,87,12,12
7785,151,129,22,22
7786,111,88,23,23
7787,65,58,7,7
7788,71,64,7,7
7789,79,85,-6,6
7790,65,57,8,8
7791,136,114,22,22
7792,151,140,11,11
7793,108,97,11,11
7794,121,100,21,21
7795,54,55,-1,1
7796,96,92,4,4
7797,98,79,19,19
7798,62,60,2,2
7799,78,73,5,5
7800,97,86,11,11
7801,80,68,12,12
7802,65,62,3,3
7803,74,69,5,5
7804,118,106,12,12
7805,109,91,18,18
7806,99,88,11,11
7807,78,77,1,1
7808,59,63,-4,4
7809,84,83,1,1
7810,108,100,8,8
7811,89,85,4,4
7812,119,96,23,23
7813,182,149,33,33
7814,133,104,29,29
7815,90,87,3,3
7816,144,142,2,2
7817,109,95,14,14
7818,154,127,27,27
7819,54,48,6,6
7820,59,57,2,2
7821,120,106,14,14
7822,113,109,4,4
7823,90,76,14,14
7824,119,98,21,21
7825,72,66,6,6
7826,173,150,23,23
7827,252,218,34,34
7828,123,122,1,1
7829,178,150,28,28
7830,207,152,55,55
7831,86,82,4,4
7832,61,51,10,10
7833,82,80,2,2
7834,77,68,9,9
7835,90,79,11,11
7836,85,92,-7,7
7837,133,131,2,2
7838,67,63,4,4
7839,71,70,1,1
7840,118,115,3,3
7841,168,152,16,16
7842,101,93,8,8
7843,126,104,22,22
7844,127,112,15,15
7845,197,165,32,32
7846,67,60,7,7
7847,59,51,8,8
7848,139,122,17,17
7849,84,76,8,8
7850,75,68,7,7
7851,124,110,14,14
7852,61,57,4,4
7853,78,68,10,10
7854,102,81,21,21
7855,50,41,9,9
7856,72,74,-2,2
7857,98,97,1,1
7858,109,95,14,14
7859,97,80,17,17
7860,79,66,13,13
7861,73,64,9,9
7862,114,97,17,17
7863,118,103,15,15
7864,101,93,8,8
7865,103,95,8,8
7866,49,48,1,1
7867,49,50,-1,1
7868,37,40,-3,3
7869,121,108,13,13
7870,69,63,6,6
7871,126,115,11,11
7872,91,77,14,14
7873,119,101,18,18
7874,105,91,14,14
7875,129,115,14,14
7876,83,70,13,13
7877,99,85,14,14
7878,106,102,4,4
7879,67,56,11,11
7880,132,118,14,14
7881,110,86,24,24
7882,72,62,10,10
7883,126,111,15,15
7884,129,130,-1,1
7885,74,66,8,8
7886,131,114,17,17
7887,97,88,9,9
7888,118,111,7,7
7889,124,109,15,15
7890,66,64,2,2
7891,99,95,4,4
7892,93,80,13,13
7893,169,149,20,20
7894,109,105,4,4
7895,194,160,34,34
7896,131,110,21,21
7897,67,61,6,6
7898,102,90,12,12
7899,126,109,17,17
7900,166,154,12,12
7901,52,55,-3,3
7902,129,128,1,1
7903,175,153,22,22
7904,77,63,14,14
7905,52,45,7,7
7906,73,61,12,12
7907,97,90,7,7
7908,49,48,1,1
7909,112,99,13,13
7910,108,102,6,6
7911,91,74,17,17
7912,84,96,-12,12
7913,35,41,-6,6
7914,182,169,13,13
7915,61,56,5,5
7916,61,46,15,15
7917,79,71,8,8
7918,55,51,4,4
7919,64,59,5,5
7920,142,118,24,24
7921,66,59,7,7
7922,74,73,1,1
7923,150,129,21,21
7924,99,86,13,13
7925,106,102,4,4
7926,72,70,2,2
7927,121,104,17,17
7928,114,102,12,12
7929,75,65,10,10
7930,65,64,1,1
7931,116,106,10,10
7932,99,86,13,13
7933,199,172,27,27
7934,60,52,8,8
7935,67,58,9,9
7936,81,71,10,10
7937,178,122,56,56
7938,70,70,0,0
7939,131,108,23,23
7940,149,125,24,24
7941,70,62,8,8
7942,97,95,2,2
7943,104,82,22,22
7944,73,65,8,8
7945,74,72,2,2
7946,87,88,-1,1
7947,112,100,12,12
7948,126,107,19,19
7949,86,93,-7,7
7950,134,116,18,18
7951,117,87,30,30
7952,61,56,5,5
7953,71,72,-1,1
7954,80,80,0,0
7955,63,58,5,5
7956,70,60,10,10
7957,63,67,-4,4
7958,46,47,-1,1
7959,59,57,2,2
7960,89,81,8,8
7961,134,117,17,17
7962,113,101,12,12
7963,73,77,-4,4
7964,122,102,20,20
7965,59,56,3,3
7966,142,133,9,9
7967,175,154,21,21
7968,61,51,10,10
7969,142,142,0,0
7970,68,52,16,16
7971,51,50,1,1
7972,94,90,4,4
7973,104,87,17,17
7974,85,77,8,8
7975,155,142,13,13
7976,157,152,5,5
7977,115,101,14,14
7978,94,89,5,5
7979,86,83,3,3
7980,115,108,7,7
7981,85,75,10,10
7982,106,93,13,13
7983,64,58,6,6
7984,38,69,-31,31
7985,51,47,4,4
7986,106,95,11,11
7987,101,96,5,5
7988,46,48,-2,2
7989,85,67,18,18
7990,104,93,11,11
7991,95,88,7,7
7992,130,111,19,19
7993,151,129,22,22
7994,57,51,6,6
7995,93,85,8,8
7996,69,59,10,10
7997,39,32,7,7
7998,76,72,4,4
7999,84,66,18,18
8000,41,39,2,2
8001,45,46,-1,1
8002,68,63,5,5
8003,82,73,9,9
8004,68,64,4,4
8005,73,62,11,11
8006,49,59,-10,10
8007,93,79,14,14
8008,75,65,10,10
8009,85,69,16,16
8010,103,94,9,9
8011,129,112,17,17
8012,116,107,9,9
8013,77,68,9,9
8014,83,71,12,12
8015,104,84,20,20
8016,124,103,21,21
8017,89,79,10,10
8018,88,91,-3,3
8019,49,56,-7,7
8020,104,97,7,7
8021,107,96,11,11
8022,125,112,13,13
8023,57,56,1,1
8024,104,88,16,16
8025,51,61,-10,10
8026,86,72,14,14
8027,96,89,7,7
8028,190,170,20,20
8029,84,78,6,6
8030,105,97,8,8
8031,94,80,14,14
8032,74,63,11,11
8033,100,83,17,17
8034,126,108,18,18
8035,73,66,7,7
8036,83,77,6,6
8037,141,119,22,22
8038,124,112,12,12
8039,79,76,3,3
8040,135,117,18,18
8041,81,66,15,15
8042,137,123,14,14
8043,75,70,5,5
8044,54,57,-3,3
8045,102,93,9,9
8046,157,125,32,32
8047,93,82,11,11
8048,155,126,29,29
8049,71,61,10,10
8050,109,98,11,11
8051,60,57,3,3
8052,57,63,-6,6
8053,113,100,13,13
8054,130,120,10,10
8055,71,72,-1,1
8056,92,80,12,12
8057,148,113,35,35
8058,117,95,22,22
8059,68,63,5,5
8060,161,136,25,25
8061,85,74,11,11
8062,65,55,10,10
8063,43,40,3,3
8064,102,91,11,11
8065,69,56,13,13
8066,185,166,19,19
8067,133,117,16,16
8068,104,91,13,13
8069,105,94,11,11
8070,120,99,21,21
8071,85,74,11,11
8072,73,55,18,18
8073,158,150,8,8
8074,76,65,11,11
8075,87,62,25,25
8076,148,116,32,32
8077,85,78,7,7
8078,98,76,22,22
8079,66,65,1,1
8080,100,90,10,10
8081,110,99,11,11
8082,86,80,6,6
8083,119,113,6,6
8084,75,66,9,9
8085,110,111,-1,1
8086,69,67,2,2
8087,127,99,28,28
8088,98,84,14,14
8089,116,112,4,4
8090,65,61,4,4
8091,94,85,9,9
8092,58,52,6,6
8093,68,78,-10,10
8094,118,102,16,16
8095,27,29,-2,2
8096,74,62,12,12
8097,81,75,6,6
8098,98,82,16,16
8099,56,56,0,0
8100,101,90,11,11
8101,128,108,20,20
8102,104,97,7,7
8103,69,59,10,10
8104,130,103,27,27
8105,121,111,10,10
8106,42,80,-38,38
8107,89,86,3,3
8108,71,58,13,13
8109,129,107,22,22
8110,59,60,-1,1
8111,101,96,5,5
8112,102,93,9,9
8113,109,103,6,6
8114,94,79,15,15
8115,108,101,7,7
8116,102,87,15,15
8117,89,82,7,7
8118,121,112,9,9
8119,122,118,4,4
8120,67,65,2,2
8121,51,57,-6,6
8122,89,78,11,11
8123,88,85,3,3
8124,131,104,27,27
8125,103,91,12,12
8126,151,157,-6,6
8127,134,127,7,7
8128,108,98,10,10
8129,92,80,12,12
8130,65,54,11,11
8131,81,71,10,10
8132,68,71,-3,3
8133,91,81,10,10
8134,114,95,19,19
8135,48,54,-6,6
8136,102,96,6,6
8137,149,134,15,15
8138,108,98,10,10
8139,60,55,5,5
8140,103,96,7,7
8141,65,61,4,4
8142,119,110,9,9
8143,104,99,5,5
8144,64,54,10,10
8145,48,46,2,2
8146,55,48,7,7
8147,75,71,4,4
8148,44,53,-9,9
8149,73,71,2,2
8150,54,49,5,5
8151,54,53,1,1
8152,52,50,2,2
8153,95,77,18,18
8154,66,66,0,0
8155,85,88,-3,3
8156,75,58,17,17
8157,95,96,-1,1
8158,95,78,17,17
8159,36,35,1,1
8160,79,73,6,6
8161,123,110,13,13
8162,81,65,16,16
8163,176,140,36,36
8164,60,47,13,13
8165,61,64,-3,3
8166,140,116,24,24
8167,127,109,18,18
8168,96,85,11,11
8169,99,81,18,18
8170,108,90,18,18
8171,58,54,4,4
8172,51,56,-5,5
8173,95,81,14,14
8174,58,65,-7,7
8175,76,65,11,11
8176,116,100,16,16
8177,108,89,19,19
8178,168,140,28,28
8179,27,29,-2,2
8180,145,117,28,28
8181,53,52,1,1
8182,67,60,7,7
8183,92,80,12,12
8184,78,66,12,12
8185,113,104,9,9
8186,141,129,12,12
8187,136,114,22,22
8188,103,97,6,6
8189,86,74,12,12
8190,195,169,26,26
8191,75,65,10,10
8192,63,59,4,4
8193,66,61,5,5
8194,127,116,11,11
8195,122,102,20,20
8196,54,90,-36,36
8197,101,93,8,8
8198,93,70,23,23
8199,64,61,3,3
8200,108,99,9,9
8201,111,96,15,15
8202,77,60,17,17
8203,154,137,17,17
8204,94,76,18,18
8205,84,76,8,8
8206,76,79,-3,3
8207,87,73,14,14
8208,126,104,22,22
8209,82,71,11,11
8210,82,77,5,5
8211,80,70,10,10
8212,126,114,12,12
8213,64,60,4,4
8214,142,111,31,31
8215,143,126,17,17
8216,127,125,2,2
8217,76,71,5,5
8218,57,64,-7,7
8219,109,87,22,22
8220,141,120,21,21
8221,129,109,20,20
8222,114,95,19,19
8223,83,74,9,9
8224,149,131,18,18
8225,47,51,-4,4
8226,88,81,7,7
8227,88,77,11,11
8228,105,96,9,9
8229,93,93,0,0
8230,109,87,22,22
8231,87,75,12,12
8232,43,36,7,7
8233,81,69,12,12
8234,101,73,28,28
8235,80,63,17,17
8236,112,100,12,12
8237,92,88,4,4
8238,102,89,13,13
8239,71,62,9,9
8240,166,142,24,24
8241,98,81,17,17
8242,129,105,24,24
8243,79,77,2,2
8244,109,91,18,18
8245,145,124,21,21
8246,166,141,25,25
8247,76,70,6,6
8248,46,43,3,3
8249,113,96,17,17
8250,75,76,-1,1
8251,86,68,18,18
8252,76,69,7,7
8253,88,83,5,5
8254,67,68,-1,1
8255,100,86,14,14
8256,71,71,0,0
8257,59,57,2,2
8258,181,157,24,24
8259,56,52,4,4
8260,114,87,27,27
8261,92,89,3,3
8262,100,90,10,10
8263,75,82,-7,7
8264,188,157,31,31
8265,51,46,5,5
8266,84,84,0,0
8267,171,165,6,6
8268,66,56,10,10
8269,92,77,15,15
8270,122,110,12,12
8271,40,47,-7,7
8272,87,78,9,9
8273,122,107,15,15
8274,98,81,17,17
8275,96,85,11,11
8276,120,101,19,19
8277,82,76,6,6
8278,88,74,14,14
8279,60,57,3,3
8280,83,73,10,10
8281,81,62,19,19
8282,151,136,15,15
8283,187,162,25,25
8284,98,97,1,1
8285,95,78,17,17
8286,77,69,8,8
8287,144,127,17,17
8288,81,74,7,7
8289,91,85,6,6
8290,149,131,18,18
8291,99,103,-4,4
8292,96,75,21,21
8293,129,119,10,10
8294,63,55,8,8
8295,86,73,13,13
8296,64,64,0,0
8297,74,58,16,16
8298,93,81,12,12
8299,85,72,13,13
8300,248,201,47,47
8301,91,82,9,9
8302,58,54,4,4
8303,93,76,17,17
8304,93,86,7,7
8305,55,52,3,3
8306,102,96,6,6
8307,107,89,18,18
8308,79,72,7,7
8309,84,71,13,13
8310,95,83,12,12
8311,110,96,14,14
8312,80,69,11,11
8313,44,38,6,6
8314,96,85,11,11
8315,59,59,0,0
8316,109,99,10,10
8317,198,173,25,25
8318,81,82,-1,1
8319,119,103,16,16
8320,106,97,9,9
8321,114,90,24,24
8322,51,51,0,0
8323,110,98,12,12
8324,112,104,8,8
8325,99,91,8,8
8326,80,67,13,13
8327,59,62,-3,3
8328,110,104,6,6
8329,125,101,24,24
8330,137,115,22,22
8331,73,67,6,6
8332,190,164,26,26
8333,137,128,9,9
8334,46,43,3,3
8335,124,113,11,11
8336,87,74,13,13
8337,114,93,21,21
8338,83,74,9,9
8339,85,76,9,9
8340,142,142,0,0
8341,108,88,20,20
8342,129,116,13,13
8343,107,87,20,20
8344,109,100,9,9
8345,144,129,15,15
8346,76,68,8,8
8347,38,49,-11,11
8348,157,141,16,16
8349,55,50,5,5
8350,99,92,7,7
8351,153,128,25,25
8352,74,64,10,10
8353,74,69,5,5
8354,78,68,10,10
8355,74,74,0,0
8356,94,81,13,13
8357,112,92,20,20
8358,141,130,11,11
8359,82,67,15,15
8360,160,146,14,14
8361,103,92,11,11
8362,110,95,15,15
8363,42,43,-1,1
8364,69,64,5,5
8365,59,47,12,12
8366,98,86,12,12
8367,75,61,14,14
8368,58,53,5,5
8369,74,61,13,13
8370,108,100,8,8
8371,66,68,-2,2
8372,105,90,15,15
8373,46,55,-9,9
8374,55,49,6,6
8375,71,60,11,11
8376,115,105,10,10
8377,88,71,17,17
8378,47,41,6,6
8379,174,147,27,27
8380,94,78,16,16
8381,74,66,8,8
8382,84,73,11,11
8383,85,70,15,15
8384,65,52,13,13
8385,39,34,5,5
8386,118,99,19,19
8387,101,85,16,16
8388,78,73,5,5
8389,97,99,-2,2
8390,104,90,14,14
8391,98,83,15,15
8392,81,84,-3,3
8393,112,98,14,14
8394,98,86,12,12
8395,96,92,4,4
8396,53,42,11,11
8397,67,71,-4,4
8398,70,67,3,3
8399,114,93,21,21
8400,104,97,7,7
8401,65,63,2,2
8402,80,65,15,15
8403,96,71,25,25
8404,70,60,10,10
8405,105,94,11,11
8406,100,76,24,24
8407,160,134,26,26
8408,91,90,1,1
8409,100,93,7,7
8410,119,90,29,29
8411,65,62,3,3
8412,99,93,6,6
8413,172,126,46,46
8414,83,69,14,14
8415,85,69,16,16
8416,69,59,10,10
8417,59,59,0,0
8418,93,85,8,8
8419,81,73,8,8
8420,75,68,7,7
8421,62,55,7,7
8422,115,95,20,20
8423,107,126,-19,19
8424,105,92,13,13
8425,51,50,1,1
8426,76,73,3,3
8427,88,84,4,4
8428,145,128,17,17
8429,114,105,9,9
8430,38,36,2,2
8431,133,120,13,13
8432,74,65,9,9
8433,119,104,15,15
8434,96,82,14,14
8435,143,116,27,27
8436,60,55,5,5
8437,130,105,25,25
8438,120,97,23,23
8439,122,124,-2,2
8440,113,98,15,15
8441,68,68,0,0
8442,98,82,16,16
8443,143,112,31,31
8444,77,64,13,13
8445,92,85,7,7
8446,61,55,6,6
8447,74,71,3,3
8448,94,71,23,23
8449,102,91,11,11
8450,118,100,18,18
8451,119,105,14,14
8452,193,160,33,33
8453,95,86,9,9
8454,89,81,8,8
8455,129,114,15,15
8456,124,102,22,22
8457,84,71,13,13
8458,76,70,6,6
8459,55,50,5,5
8460,143,122,21,21
8461,134,107,27,27
8462,88,81,7,7
8463,132,121,11,11
8464,114,89,25,25
8465,71,62,9,9
8466,79,64,15,15
8467,101,88,13,13
8468,134,123,11,11
8469,61,37,24,24
8470,81,69,12,12
8471,107,100,7,7
8472,86,72,14,14
8473,83,73,10,10
8474,94,85,9,9
8475,102,94,8,8
8476,110,114,-4,4
8477,137,126,11,11
8478,56,62,-6,6
8479,134,111,23,23
8480,80,78,2,2
8481,46,45,1,1
8482,111,101,10,10
8483,112,95,17,17
8484,121,109,12,12
8485,113,100,13,13
8486,91,88,3,3
8487,47,47,0,0
8488,65,58,7,7
8489,56,60,-4,4
8490,83,79,4,4
8491,85,83,2,2
8492,102,86,16,16
8493,80,76,4,4
8494,110,95,15,15
8495,141,131,10,10
8496,90,79,11,11
8497,73,64,9,9
8498,60,53,7,7
8499,178,132,46,46
8500,124,120,4,4
8501,108,90,18,18
8502,100,89,11,11
8503,78,71,7,7
8504,115,111,4,4
8505,127,119,8,8
8506,47,40,7,7
8507,58,50,8,8
8508,151,125,26,26
8509,104,85,19,19
8510,56,58,-2,2
8511,79,78,1,1
8512,67,61,6,6
8513,109,101,8,8
8514,83,66,17,17
8515,101,70,31,31
8516,78,75,3,3
8517,101,116,-15,15
8518,64,64,0,0
8519,69,61,8,8
8520,81,70,11,11
8521,185,162,23,23
8522,89,72,17,17
8523,137,108,29,29
8524,98,82,16,16
8525,185,155,30,30
8526,62,54,8,8
8527,135,117,18,18
8528,140,119,21,21
8529,166,153,13,13
8530,68,63,5,5
8531,100,96,4,4
8532,122,120,2,2
8533,105,92,13,13
8534,129,114,15,15
8535,117,103,14,14
8536,74,70,4,4
8537,91,78,13,13
8538,96,85,11,11
8539,96,87,9,9
8540,76,76,0,0
8541,106,88,18,18
8542,71,61,10,10
8543,43,40,3,3
8544,88,74,14,14
8545,79,81,-2,2
8546,104,87,17,17
8547,82,74,8,8
8548,112,104,8,8
8549,104,97,7,7
8550,55,52,3,3
8551,90,80,10,10
8552,47,52,-5,5
8553,111,89,22,22
8554,127,112,15,15
8555,67,64,3,3
8556,163,135,28,28
8557,154,140,14,14
8558,63,59,4,4
8559,50,50,0,0
8560,56,60,-4,4
8561,104,100,4,4
8562,80,76,4,4
8563,83,69,14,14
8564,64,59,5,5
8565,55,48,7,7
8566,84,66,18,18
8567,130,115,15,15
8568,85,78,7,7
8569,109,97,12,12
8570,153,125,28,28
8571,104,93,11,11
8572,129,111,18,18
8573,106,89,17,17
8574,173,157,16,16
8575,93,83,10,10
8576,93,78,15,15
8577,99,86,13,13
8578,66,62,4,4
8579,98,85,13,13
8580,110,123,-13,13
8581,50,56,-6,6
8582,104,93,11,11
8583,110,93,17,17
8584,60,65,-5,5
8585,102,87,15,15
8586,87,71,16,16
8587,133,119,14,14
8588,133,119,14,14
8589,122,95,27,27
8590,92,79,13,13
8591,139,123,16,16
8592,52,47,5,5
8593,83,86,-3,3
8594,91,78,13,13
8595,65,59,6,6
8596,113,103,10,10
8597,77,71,6,6
8598,161,131,30,30
8599,92,83,9,9
8600,180,140,40,40
8601,77,65,12,12
8602,109,95,14,14
8603,81,75,6,6
8604,98,93,5,5
8605,54,48,6,6
8606,126,109,17,17
8607,91,85,6,6
8608,77,73,4,4
8609,124,110,14,14
8610,78,73,5,5
8611,189,144,45,45
8612,80,67,13,13
8613,159,125,34,34
8614,73,71,2,2
8615,90,88,2,2
8616,62,59,3,3
8617,90,80,10,10
8618,134,126,8,8
8619,121,92,29,29
8620,87,77,10,10
8621,59,53,6,6
8622,89,90,-1,1
8623,105,96,9,9
8624,97,80,17,17
8625,110,92,18,18
8626,141,112,29,29
8627,85,78,7,7
8628,132,118,14,14
8629,89,78,11,11
8630,75,71,4,4
8631,81,67,14,14
8632,77,60,17,17
8633,104,89,15,15
8634,132,130,2,2
8635,136,116,20,20
8636,82,74,8,8
8637,85,81,4,4
8638,76,69,7,7
8639,109,115,-6,6
8640,51,51,0,0
8641,85,82,3,3
8642,58,54,4,4
8643,161,144,17,17
8644,85,79,6,6
8645,61,50,11,11
8646,82,74,8,8
8647,114,105,9,9
8648,113,97,16,16
8649,82,72,10,10
8650,128,112,16,16
8651,113,103,10,10
8652,61,62,-1,1
8653,85,70,15,15
8654,112,98,14,14
8655,76,72,4,4
8656,89,79,10,10
8657,142,117,25,25
8658,81,71,10,10
8659,143,128,15,15
8660,94,78,16,16
8661,134,102,32,32
8662,59,51,8,8
8663,55,56,-1,1
8664,75,72,3,3
8665,87,83,4,4
8666,69,52,17,17
8667,104,91,13,13
8668,57,46,11,11
8669,68,58,10,10
8670,169,144,25,25
8671,114,106,8,8
8672,92,80,12,12
8673,97,78,19,19
8674,121,107,14,14
8675,89,65,24,24
8676,116,107,9,9
8677,93,90,3,3
8678,116,95,21,21
8679,125,114,11,11
8680,82,99,-17,17
8681,50,44,6,6
8682,46,49,-3,3
8683,45,44,1,1
8684,120,108,12,12
8685,93,80,13,13
8686,102,93,9,9
8687,126,111,15,15
8688,108,114,-6,6
8689,110,98,12,12
8690,101,88,13,13
8691,73,67,6,6
8692,58,52,6,6
8693,113,96,17,17
8694,136,128,8,8
8695,64,59,5,5
8696,125,146,-21,21
8697,88,70,18,18
8698,92,79,13,13
8699,106,92,14,14
8700,90,95,-5,5
8701,85,72,13,13
8702,80,70,10,10
8703,110,95,15,15
8704,80,72,8,8
8705,117,99,18,18
8706,47,52,-5,5
8707,112,95,17,17
8708,84,76,8,8
8709,116,100,16,16
8710,61,59,2,2
8711,82,70,12,12
8712,164,128,36,36
8713,125,110,15,15
8714,80,71,9,9
8715,66,61,5,5
8716,61,60,1,1
8717,82,92,-10,10
8718,81,75,6,6
8719,143,116,27,27
8720,145,115,30,30
8721,75,63,12,12
8722,60,74,-14,14
8723,86,81,5,5
8724,99,93,6,6
8725,112,100,12,12
8726,98,83,15,15
8727,96,84,12,12
8728,64,62,2,2
8729,62,56,6,6
8730,123,118,5,5
8731,83,78,5,5
8732,101,91,10,10
8733,27,25,2,2
8734,167,144,23,23
8735,149,136,13,13
8736,94,81,13,13
8737,155,135,20,20
8738,39,35,4,4
8739,62,57,5,5
8740,81,66,15,15
8741,58,52,6,6
8742,74,72,2,2
8743,139,128,11,11
8744,74,67,7,7
8745,84,80,4,4
8746,155,112,43,43
8747,114,103,11,11
8748,152,191,-39,39
8749,104,84,20,20
8750,92,91,1,1
8751,55,55,0,0
8752,91,79,12,12
8753,90,72,18,18
8754,86,75,11,11
8755,76,76,0,0
8756,86,81,5,5
8757,49,42,7,7
8758,105,96,9,9
8759,67,61,6,6
8760,96,114,-18,18
8761,105,96,9,9
8762,98,76,22,22
8763,114,101,13,13
8764,114,106,8,8
8765,103,104,-1,1
8766,128,110,18,18
8767,110,91,19,19
8768,89,69,20,20
8769,67,57,10,10
8770,136,106,30,30
8771,154,136,18,18
8772,62,68,-6,6
8773,109,97,12,12
8774,91,83,8,8
8775,63,56,7,7
8776,172,149,23,23
8777,93,75,18,18
8778,81,70,11,11
8779,87,83,4,4
8780,49,55,-6,6
8781,157,145,12,12
8782,87,75,12,12
8783,61,76,-15,15
8784,60,53,7,7
8785,129,113,16,16
8786,75,68,7,7
8787,86,83,3,3
8788,37,33,4,4
8789,110,99,11,11
8790,124,106,18,18
8791,65,61,4,4
8792,148,138,10,10
8793,73,76,-3,3
8794,105,102,3,3
8795,70,70,0,0
8796,63,65,-2,2
8797,71,61,10,10
8798,71,67,4,4
8799,68,64,4,4
8800,96,78,18,18
8801,87,74,13,13
8802,88,81,7,7
8803,69,60,9,9
8804,83,75,8,8
8805,72,73,-1,1
8806,98,92,6,6
8807,126,110,16,16
8808,45,49,-4,4
8809,52,45,7,7
8810,103,97,6,6
8811,77,64,13,13
8812,83,70,13,13
8813,73,56,17,17
8814,108,94,14,14
8815,73,69,4,4
8816,80,72,8,8
8817,57,53,4,4
8818,63,57,6,6
8819,24,28,-4,4
8820,89,68,21,21
8821,61,57,4,4
8822,97,89,8,8
8823,85,77,8,8
8824,143,130,13,13
8825,129,108,21,21
8826,75,73,2,2
8827,71,67,4,4
8828,92,79,13,13
8829,72,61,11,11
8830,91,72,19,19
8831,83,66,17,17
8832,75,74,1,1
8833,66,61,5,5
8834,43,43,0,0
8835,127,109,18,18
8836,125,119,6,6
8837,44,42,2,2
8838,51,53,-2,2
8839,54,50,4,4
8840,203,202,1,1
8841,127,108,19,19
8842,102,88,14,14
8843,81,69,12,12
8844,69,57,12,12
8845,121,108,13,13
8846,85,71,14,14
8847,125,103,22,22
8848,138,114,24,24
8849,191,149,42,42
8850,92,89,3,3
8851,94,80,14,14
8852,128,115,13,13
8853,35,43,-8,8
8854,104,94,10,10
8855,86,72,14,14
8856,132,110,22,22
8857,89,77,12,12
8858,48,45,3,3
8859,75,59,16,16
8860,80,61,19,19
8861,100,85,15,15
8862,115,100,15,15
8863,135,118,17,17
8864,88,82,6,6
8865,108,92,16,16
8866,141,132,9,9
8867,81,71,10,10
8868,147,133,14,14
8869,94,79,15,15
8870,86,76,10,10
8871,125,110,15,15
8872,62,58,4,4
8873,82,75,7,7
8874,123,104,19,19
8875,80,69,11,11
8876,108,90,18,18
8877,91,72,19,19
8878,124,109,15,15
8879,93,96,-3,3
8880,141,141,0,0
8881,97,58,39,39
8882,177,149,28,28
8883,80,74,6,6
8884,133,138,-5,5
8885,98,95,3,3
8886,104,85,19,19
8887,64,59,5,5
8888,170,146,24,24
8889,91,85,6,6
8890,98,87,11,11
8891,125,105,20,20
8892,65,62,3,3
8893,86,80,6,6
8894,75,60,15,15
8895,72,67,5,5
8896,53,63,-10,10
8897,93,74,19,19
8898,69,62,7,7
8899,95,77,18,18
8900,76,70,6,6
8901,73,65,8,8
8902,56,49,7,7
8903,92,82,10,10
8904,43,46,-3,3
8905,60,52,8,8
8906,74,73,1,1
8907,85,81,4,4
8908,91,82,9,9
8909,92,77,15,15
8910,91,79,12,12
8911,60,61,-1,1
8912,142,135,7,7
8913,127,121,6,6
8914,87,77,10,10
8915,130,126,4,4
8916,104,90,14,14
8917,62,54,8,8
8918,125,115,10,10
8919,96,161,-65,65
8920,170,133,37,37
8921,103,108,-5,5
8922,185,156,29,29
8923,80,69,11,11
8924,56,57,-1,1
8925,105,107,-2,2
8926,63,59,4,4
8927,88,81,7,7
8928,79,72,7,7
8929,60,66,-6,6
8930,84,77,7,7
8931,123,116,7,7
8932,107,93,14,14
8933,94,87,7,7
8934,70,66,4,4
8935,141,114,27,27
8936,56,43,13,13
8937,166,149,17,17
8938,120,94,26,26
8939,137,110,27,27
8940,88,84,4,4
8941,127,92,35,35
8942,157,136,21,21
8943,130,122,8,8
8944,106,100,6,6
8945,131,119,12,12
8946,54,50,4,4
8947,132,114,18,18
8948,80,69,11,11
8949,81,78,3,3
8950,128,101,27,27
8951,36,35,1,1
8952,106,100,6,6
8953,85,78,7,7
8954,64,59,5,5
8955,81,73,8,8
8956,120,102,18,18
8957,130,108,22,22
8958,99,81,18,18
8959,70,60,10,10
8960,78,65,13,13
8961,112,105,7,7
8962,82,72,10,10
8963,184,146,38,38
8964,129,125,4,4
8965,111,93,18,18
8966,99,99,0,0
8967,51,53,-2,2
8968,102,86,16,16
8969,66,63,3,3
8970,74,68,6,6
8971,129,118,11,11
8972,54,54,0,0
8973,117,123,-6,6
8974,120,104,16,16
8975,73,71,2,2
8976,177,154,23,23
8977,157,136,21,21
8978,77,71,6,6
8979,55,53,2,2
8980,132,111,21,21
8981,180,150,30,30
8982,72,63,9,9
8983,88,86,2,2
8984,71,67,4,4
8985,85,72,13,13
8986,51,43,8,8
8987,61,57,4,4
8988,76,64,12,12
8989,90,81,9,9
8990,64,64,0,0
8991,67,77,-10,10
8992,95,83,12,12
8993,46,42,4,4
8994,92,76,16,16
8995,121,124,-3,3
8996,93,84,9,9
8997,92,87,5,5
8998,52,48,4,4
8999,112,110,2,2
9000,66,94,-28,28
9001,76,67,9,9
9002,157,135,22,22
9003,75,66,9,9
9004,68,63,5,5
9005,64,61,3,3
9006,135,109,26,26
9007,107,94,13,13
9008,79,82,-3,3
9009,82,72,10,10
9010,101,83,18,18
9011,142,147,-5,5
9012,108,95,13,13
9013,93,90,3,3
9014,111,105,6,6
9015,111,96,15,15
9016,101,81,20,20
9017,67,57,10,10
9018,58,52,6,6
9019,117,100,17,17
9020,100,87,13,13
9021,96,81,15,15
9022,106,95,11,11
9023,82,74,8,8
9024,57,55,2,2
9025,95,78,17,17
9026,92,79,13,13
9027,78,71,7,7
9028,85,72,13,13
9029,46,40,6,6
9030,60,61,-1,1
9031,68,66,2,2
9032,90,79,11,11
9033,106,96,10,10
9034,72,63,9,9
9035,91,79,12,12
9036,142,125,17,17
9037,63,52,11,11
9038,55,49,6,6
9039,112,97,15,15
9040,165,149,16,16
9041,80,69,11,11
9042,58,50,8,8
9043,96,92,4,4
9044,69,61,8,8
9045,85,88,-3,3
9046,74,70,4,4
9047,148,124,24,24
9048,61,53,8,8
9049,114,105,9,9
9050,117,103,14,14
9051,87,77,10,10
9052,148,130,18,18
9053,129,108,21,21
9054,100,82,18,18
9055,79,70,9,9
9056,84,74,10,10
9057,75,66,9,9
9058,101,89,12,12
9059,74,67,7,7
9060,98,77,21,21
9061,97,87,10,10
9062,58,50,8,8
9063,104,90,14,14
9064,122,105,17,17
9065,33,36,-3,3
9066,62,49,13,13
9067,59,58,1,1
9068,66,65,1,1
9069,112,96,16,16
9070,109,90,19,19
9071,67,64,3,3
9072,157,160,-3,3
9073,147,131,16,16
9074,114,100,14,14
9075,45,36,9,9
9076,71,67,4,4
9077,135,115,20,20
9078,64,49,15,15
9079,101,97,4,4
9080,93,87,6,6
9081,92,76,16,16
9082,128,112,16,16
9083,90,75,15,15
9084,113,89,24,24
9085,62,58,4,4
9086,66,55,11,11
9087,69,65,4,4
9088,90,78,12,12
9089,69,59,10,10
9090,87,80,7,7
9091,70,73,-3,3
9092,88,79,9,9
9093,60,60,0,0
9094,172,142,30,30
9095,94,83,11,11
9096,53,54,-1,1
9097,81,69,12,12
9098,103,90,13,13
9099,146,126,20,20
9100,93,81,12,12
9101,106,100,6,6
9102,115,93,22,22
9103,171,143,28,28
9104,80,73,7,7
9105,89,71,18,18
9106,75,72,3,3
9107,197,166,31,31
9108,52,54,-2,2
9109,56,54,2,2
9110,76,67,9,9
9111,136,123,13,13
9112,127,115,12,12
9113,102,94,8,8
9114,100,92,8,8
9115,154,131,23,23
9116,127,123,4,4
9117,115,98,17,17
9118,69,64,5,5
9119,113,90,23,23
9120,116,106,10,10
9121,92,85,7,7
9122,95,89,6,6
9123,81,65,16,16
9124,81,75,6,6
9125,148,132,16,16
9126,94,81,13,13
9127,117,104,13,13
9128,47,47,0,0
9129,100,82,18,18
9130,133,115,18,18
9131,79,87,-8,8
9132,147,125,22,22
9133,62,59,3,3
9134,77,71,6,6
9135,154,128,26,26
9136,112,107,5,5
9137,65,57,8,8
9138,42,41,1,1
9139,114,103,11,11
9140,114,98,16,16
9141,77,61,16,16
9142,68,67,1,1
9143,84,78,6,6
9144,120,111,9,9
9145,132,117,15,15
9146,113,112,1,1
9147,86,74,12,12
9148,78,71,7,7
9149,73,82,-9,9
9150,68,55,13,13
9151,93,87,6,6
9152,113,111,2,2
9153,58,54,4,4
9154,63,58,5,5
9155,54,46,8,8
9156,123,97,26,26
9157,43,38,5,5
9158,82,69,13,13
9159,144,125,19,19
9160,73,78,-5,5
9161,49,48,1,1
9162,103,86,17,17
9163,179,167,12,12
9164,106,93,13,13
9165,93,91,2,2
9166,135,129,6,6
9167,120,108,12,12
9168,130,112,18,18
9169,79,81,-2,2
9170,82,72,10,10
9171,55,49,6,6
9172,74,60,14,14
9173,153,137,16,16
9174,93,83,10,10
9175,107,94,13,13
9176,136,134,2,2
9177,88,82,6,6
9178,56,59,-3,3
9179,171,140,31,31
9180,115,101,14,14
9181,53,55,-2,2
9182,124,114,10,10
9183,117,97,20,20
9184,76,69,7,7
9185,168,142,26,26
9186,78,67,11,11
9187,42,38,4,4
9188,74,67,7,7
9189,156,122,34,34
9190,81,67,14,14
9191,88,72,16,16
9192,169,142,27,27
9193,74,64,10,10
9194,108,96,12,12
9195,98,82,16,16
9196,175,169,6,6
9197,39,40,-1,1
9198,47,48,-1,1
9199,100,75,25,25
9200,105,84,21,21
9201,103,92,11,11
9202,114,100,14,14
9203,65,62,3,3
9204,70,60,10,10
9205,79,74,5,5
9206,96,89,7,7
9207,123,117,6,6
9208,94,84,10,10
9209,124,115,9,9
9210,102,86,16,16
9211,108,94,14,14
9212,78,75,3,3
9213,111,100,11,11
9214,84,83,1,1
9215,58,45,13,13
9216,124,106,18,18
9217,92,76,16,16
9218,75,72,3,3
9219,64,46,18,18
9220,89,73,16,16
9221,88,84,4,4
9222,58,60,-2,2
9223,116,103,13,13
9224,57,56,1,1
9225,98,86,12,12
9226,138,129,9,9
9227,87,83,4,4
9228,58,50,8,8
9229,141,117,24,24
9230,72,64,8,8
9231,63,64,-1,1
9232,173,148,25,25
9233,113,99,14,14
9234,114,95,19,19
9235,95,78,17,17
9236,80,75,5,5
9237,75,67,8,8
9238,113,102,11,11
9239,86,84,2,2
9240,54,52,2,2
9241,99,84,15,15
9242,149,126,23,23
9243,73,56,17,17
9244,86,70,16,16
9245,108,94,14,14
9246,74,65,9,9
9247,59,53,6,6
9248,106,98,8,8
9249,158,124,34,34
9250,45,59,-14,14
9251,77,68,9,9
9252,116,116,0,0
9253,52,49,3,3
9254,93,92,1,1
9255,129,109,20,20
9256,63,56,7,7
9257,41,38,3,3
9258,62,53,9,9
9259,168,146,22,22
9260,117,105,12,12
9261,142,121,21,21
9262,112,94,18,18
9263,101,88,13,13
9264,86,75,11,11
9265,77,72,5,5
9266,141,120,21,21
9267,80,81,-1,1
9268,107,106,1,1
9269,90,80,10,10
9270,65,64,1,1
9271,57,49,8,8
9272,89,73,16,16
9273,63,55,8,8
9274,121,102,19,19
9275,108,93,15,15
9276,83,77,6,6
9277,116,102,14,14
9278,66,64,2,2
9279,128,116,12,12
9280,98,86,12,12
9281,76,70,6,6
9282,130,109,21,21
9283,55,48,7,7
9284,64,61,3,3
9285,107,107,0,0
9286,117,95,22,22
9287,124,108,16,16
9288,88,75,13,13
9289,44,40,4,4
9290,89,78,11,11
9291,82,77,5,5
9292,78,68,10,10
9293,63,60,3,3
9294,60,50,10,10
9295,55,53,2,2
9296,80,75,5,5
9297,56,53,3,3
9298,68,65,3,3
9299,177,160,17,17
9300,69,62,7,7
9301,63,60,3,3
9302,116,99,17,17
9303,96,90,6,6
9304,142,106,36,36
9305,85,72,13,13
9306,56,59,-3,3
9307,91,78,13,13
9308,72,66,6,6
9309,69,71,-2,2
9310,114,93,21,21
9311,131,120,11,11
9312,70,67,3,3
9313,138,121,17,17
9314,103,90,13,13
9315,69,66,3,3
9316,97,86,11,11
9317,98,104,-6,6
9318,117,97,20,20
9319,95,92,3,3
9320,130,111,19,19
9321,174,139,35,35
9322,114,108,6,6
9323,87,86,1,1
9324,92,84,8,8
9325,57,55,2,2
9326,93,77,16,16
9327,90,79,11,11
9328,87,83,4,4
9329,87,80,7,7
9330,115,104,11,11
9331,103,95,8,8
9332,66,59,7,7
9333,95,81,14,14
9334,98,86,12,12
9335,82,71,11,11
9336,63,51,12,12
9337,39,39,0,0
9338,60,56,4,4
9339,112,96,16,16
9340,159,136,23,23
9341,41,43,-2,2
9342,96,86,10,10
9343,117,98,19,19
9344,69,70,-1,1
9345,82,75,7,7
9346,125,103,22,22
9347,82,70,12,12
9348,65,64,1,1
9349,92,73,19,19
9350,91,84,7,7
9351,91,78,13,13
9352,95,82,13,13
9353,28,34,-6,6
9354,64,55,9,9
9355,73,63,10,10
9356,122,97,25,25
9357,76,71,5,5
9358,82,70,12,12
9359,134,114,20,20
9360,118,98,20,20
9361,72,68,4,4
9362,96,111,-15,15
9363,176,143,33,33
9364,156,135,21,21
9365,64,71,-7,7
9366,99,97,2,2
9367,94,81,13,13
9368,84,69,15,15
9369,88,80,8,8
9370,144,131,13,13
9371,123,103,20,20
9372,99,94,5,5
9373,63,74,-11,11
9374,64,59,5,5
9375,141,118,23,23
9376,71,78,-7,7
9377,166,139,27,27
9378,118,102,16,16
9379,120,98,22,22
9380,145,121,24,24
9381,87,78,9,9
9382,90,81,9,9
9383,80,78,2,2
9384,125,112,13,13
9385,59,47,12,12
9386,171,145,26,26
9387,72,61,11,11
9388,121,95,26,26
9389,47,41,6,6
9390,73,76,-3,3
9391,124,96,28,28
9392,87,83,4,4
9393,95,84,11,11
9394,77,68,9,9
9395,167,146,21,21
9396,53,47,6,6
9397,89,75,14,14
9398,83,69,14,14
9399,77,77,0,0
9400,127,113,14,14
9401,94,90,4,4
9402,95,75,20,20
9403,93,84,9,9
9404,74,66,8,8
9405,112,104,8,8
9406,117,97,20,20
9407,69,62,7,7
9408,88,85,3,3
9409,71,68,3,3
9410,57,43,14,14
9411,89,74,15,15
9412,98,100,-2,2
9413,123,110,13,13
9414,88,76,12,12
9415,136,109,27,27
9416,85,68,17,17
9417,93,82,11,11
9418,150,139,11,11
9419,50,48,2,2
9420,77,73,4,4
9421,87,83,4,4
9422,123,107,16,16
9423,71,68,3,3
9424,142,127,15,15
9425,78,73,5,5
9426,111,92,19,19
9427,54,65,-11,11
9428,66,61,5,5
9429,110,94,16,16
9430,96,83,13,13
9431,56,51,5,5
9432,17,22,-5,5
9433,84,72,12,12
9434,108,97,11,11
9435,103,80,23,23
9436,102,92,10,10
9437,81,78,3,3
9438,125,112,13,13
9439,120,118,2,2
9440,89,76,13,13
9441,73,60,13,13
9442,110,93,17,17
9443,86,77,9,9
9444,94,84,10,10
9445,76,65,11,11
9446,72,63,9,9
9447,41,41,0,0
9448,129,113,16,16
9449,80,70,10,10
9450,92,76,16,16
9451,208,165,43,43
9452,170,149,21,21
9453,88,81,7,7
9454,43,43,0,0
9455,65,56,9,9
9456,52,48,4,4
9457,44,40,4,4
9458,96,90,6,6
9459,165,144,21,21
9460,92,75,17,17
9461,104,79,25,25
9462,131,114,17,17
9463,73,68,5,5
9464,131,107,24,24
9465,51,62,-11,11
9466,63,62,1,1
9467,107,102,5,5
9468,109,113,-4,4
9469,131,103,28,28
9470,96,82,14,14
9471,90,69,21,21
9472,60,61,-1,1
9473,106,96,10,10
9474,101,77,24,24
9475,67,63,4,4
9476,117,104,13,13
9477,76,72,4,4
9478,78,64,14,14
9479,94,79,15,15
9480,95,84,11,11
9481,78,61,17,17
9482,133,118,15,15
9483,41,52,-11,11
9484,105,90,15,15
9485,102,85,17,17
9486,88,84,4,4
9487,106,96,10,10
9488,89,78,11,11
9489,98,106,-8,8
9490,128,109,19,19
9491,102,94,8,8
9492,132,123,9,9
9493,101,85,16,16
9494,144,127,17,17
9495,61,59,2,2
9496,61,56,5,5
9497,114,108,6,6
9498,125,111,14,14
9499,70,62,8,8
9500,83,76,7,7
9501,147,129,18,18
9502,97,90,7,7
9503,82,74,8,8
9504,87,72,15,15
9505,94,80,14,14
9506,54,54,0,0
9507,71,70,1,1
9508,105,86,19,19
9509,87,80,7,7
9510,95,95,0,0
9511,71,67,4,4
9512,76,74,2,2
9513,123,108,15,15
9514,127,110,17,17
9515,84,82,2,2
9516,48,49,-1,1
9517,108,84,24,24
9518,157,119,38,38
9519,54,50,4,4
9520,100,81,19,19
9521,118,99,19,19
9522,57,53,4,4
9523,137,119,18,18
9524,80,75,5,5
9525,48,45,3,3
9526,49,39,10,10
9527,94,84,10,10
9528,101,86,15,15
9529,64,62,2,2
9530,114,112,2,2
9531,82,70,12,12
9532,62,60,2,2
9533,57,59,-2,2
9534,88,84,4,4
9535,92,88,4,4
9536,66,74,-8,8
9537,76,73,3,3
9538,59,52,7,7
9539,89,77,12,12
9540,63,58,5,5
9541,51,44,7,7
9542,123,109,14,14
9543,88,82,6,6
9544,59,59,0,0
9545,66,59,7,7
9546,135,107,28,28
9547,54,53,1,1
9548,24,27,-3,3
9549,91,72,19,19
9550,166,145,21,21
9551,45,41,4,4
9552,95,80,15,15
9553,99,90,9,9
9554,70,69,1,1
9555,81,65,16,16
9556,97,79,18,18
9557,75,79,-4,4
9558,55,57,-2,2
9559,86,83,3,3
9560,172,145,27,27
9561,65,70,-5,5
9562,174,146,28,28
9563,78,71,7,7
9564,81,79,2,2
9565,68,56,12,12
9566,74,60,14,14
9567,46,44,2,2
9568,119,114,5,5
9569,48,47,1,1
9570,112,103,9,9
9571,135,135,0,0
9572,91,71,20,20
9573,103,85,18,18
9574,95,104,-9,9
9575,91,69,22,22
9576,201,158,43,43
9577,89,78,11,11
9578,71,62,9,9
9579,198,165,33,33
9580,93,75,18,18
9581,82,72,10,10
9582,132,111,21,21
9583,79,81,-2,2
9584,60,56,4,4
9585,72,73,-1,1
9586,107,100,7,7
9587,112,101,11,11
9588,99,93,6,6
9589,104,101,3,3
9590,68,62,6,6
9591,57,53,4,4
9592,47,46,1,1
9593,96,81,15,15
9594,95,94,1,1
9595,43,40,3,3
9596,116,95,21,21
9597,65,64,1,1
9598,106,83,23,23
9599,117,114,3,3
9600,96,83,13,13
9601,67,57,10,10
9602,100,79,21,21
9603,108,96,12,12
9604,103,90,13,13
9605,58,54,4,4
9606,88,77,11,11
9607,133,113,20,20
9608,161,141,20,20
9609,95,79,16,16
9610,99,79,20,20
9611,69,60,9,9
9612,112,99,13,13
9613,127,108,19,19
9614,66,60,6,6
9615,116,108,8,8
9616,105,101,4,4
9617,100,83,17,17
9618,93,83,10,10
9619,79,77,2,2
9620,121,101,20,20
9621,86,84,2,2
9622,88,72,16,16
9623,177,139,38,38
9624,67,57,10,10
9625,73,65,8,8
9626,105,88,17,17
9627,115,102,13,13
9628,141,123,18,18
9629,75,68,7,7
9630,58,55,3,3
9631,86,76,10,10
9632,137,118,19,19
9633,113,104,9,9
9634,92,79,13,13
9635,83,80,3,3
9636,103,103,0,0
9637,145,116,29,29
9638,84,74,10,10
9639,123,116,7,7
9640,104,90,14,14
9641,61,55,6,6
9642,79,81,-2,2
9643,90,101,-11,11
9644,115,106,9,9
9645,138,130,8,8
9646,80,71,9,9
9647,92,88,4,4
9648,126,111,15,15
9649,62,45,17,17
9650,81,77,4,4
9651,88,75,13,13
9652,90,83,7,7
9653,70,63,7,7
9654,113,102,11,11
9655,81,75,6,6
9656,70,70,0,0
9657,87,75,12,12
9658,62,64,-2,2
9659,54,51,3,3
9660,85,77,8,8
9661,76,65,11,11
9662,44,42,2,2
9663,106,88,18,18
9664,116,102,14,14
9665,114,108,6,6
9666,156,137,19,19
9667,127,105,22,22
9668,61,57,4,4
9669,57,48,9,9
9670,128,114,14,14
9671,90,73,17,17
9672,113,98,15,15
9673,81,68,13,13
9674,48,53,-5,5
9675,47,46,1,1
9676,139,115,24,24
9677,154,135,19,19
9678,104,99,5,5
9679,97,85,12,12
9680,123,110,13,13
9681,68,53,15,15
9682,94,86,8,8
9683,77,78,-1,1
9684,45,41,4,4
9685,78,70,8,8
9686,75,71,4,4
9687,79,67,12,12
9688,175,166,9,9
9689,117,101,16,16
9690,108,92,16,16
9691,106,98,8,8
9692,82,65,17,17
9693,112,92,20,20
9694,74,69,5,5
9695,117,106,11,11
9696,94,88,6,6
9697,226,188,38,38
9698,120,97,23,23
9699,40,40,0,0
9700,40,93,-53,53
9701,119,108,11,11
9702,51,49,2,2
9703,61,54,7,7
9704,119,104,15,15
9705,97,77,20,20
9706,70,68,2,2
9707,101,82,19,19
9708,160,138,22,22
9709,88,73,15,15
9710,41,46,-5,5
9711,86,75,11,11
9712,76,73,3,3
9713,66,66,0,0
9714,110,99,11,11
9715,120,104,16,16
9716,97,88,9,9
9717,89,87,2,2
9718,117,102,15,15
9719,59,61,-2,2
9720,145,125,20,20
9721,84,68,16,16
9722,78,76,2,2
9723,65,58,7,7
9724,62,58,4,4
9725,114,102,12,12
9726,76,72,4,4
9727,51,52,-1,1
9728,131,128,3,3
9729,162,155,7,7
9730,90,88,2,2
9731,95,92,3,3
9732,49,54,-5,5
9733,81,76,5,5
9734,103,90,13,13
9735,136,126,10,10
9736,116,101,15,15
9737,74,66,8,8
9738,54,57,-3,3
9739,110,101,9,9
9740,113,89,24,24
9741,142,107,35,35
9742,130,95,35,35
9743,156,132,24,24
9744,186,169,17,17
9745,70,63,7,7
9746,115,94,21,21
9747,149,118,31,31
9748,135,111,24,24
9749,72,61,11,11
9750,143,127,16,16
9751,190,156,34,34
9752,117,114,3,3
9753,124,99,25,25
9754,78,77,1,1
9755,90,84,6,6
9756,49,42,7,7
9757,52,52,0,0
9758,48,49,-1,1
9759,69,61,8,8
9760,69,66,3,3
9761,40,45,-5,5
9762,89,84,5,5
9763,85,76,9,9
9764,104,100,4,4
9765,130,110,20,20
9766,110,81,29,29
9767,136,113,23,23
9768,91,72,19,19
9769,83,79,4,4
9770,50,46,4,4
9771,104,95,9,9
9772,83,71,12,12
9773,114,102,12,12
9774,119,118,1,1
9775,88,74,14,14
9776,68,80,-12,12
9777,84,91,-7,7
9778,93,68,25,25
9779,56,49,7,7
9780,66,62,4,4
9781,60,54,6,6
9782,58,54,4,4
9783,142,126,16,16
9784,197,160,37,37
9785,53,50,3,3
9786,86,99,-13,13
9787,85,76,9,9
9788,153,123,30,30
9789,58,55,3,3
9790,78,70,8,8
9791,159,135,24,24
9792,129,113,16,16
9793,115,102,13,13
9794,64,55,9,9
9795,142,125,17,17
9796,83,71,12,12
9797,171,157,14,14
9798,137,119,18,18
9799,107,98,9,9
9800,101,79,22,22
9801,75,59,16,16
9802,103,86,17,17
9803,80,72,8,8
9804,51,50,1,1
9805,92,75,17,17
9806,88,77,11,11
9807,96,89,7,7
9808,140,113,27,27
9809,107,96,11,11
9810,59,55,4,4
9811,128,102,26,26
9812,80,69,11,11
9813,40,39,1,1
9814,139,123,16,16
9815,79,65,14,14
9816,89,77,12,12
9817,127,113,14,14
9818,132,109,23,23
9819,104,98,6,6
9820,100,85,15,15
9821,76,69,7,7
9822,182,134,48,48
9823,43,39,4,4
9824,56,51,5,5
9825,140,118,22,22
9826,98,90,8,8
9827,66,69,-3,3
9828,52,38,14,14
9829,100,87,13,13
9830,131,105,26,26
9831,47,41,6,6
9832,57,51,6,6
9833,58,56,2,2
9834,100,85,15,15
9835,143,133,10,10
9836,81,67,14,14
9837,130,101,29,29
9838,63,64,-1,1
9839,84,90,-6,6
9840,86,77,9,9
9841,118,103,15,15
9842,109,90,19,19
9843,176,162,14,14
9844,68,63,5,5
9845,102,92,10,10
9846,65,58,7,7
9847,88,82,6,6
9848,127,106,21,21
9849,56,50,6,6
9850,104,91,13,13
9851,105,82,23,23
9852,84,74,10,10
9853,27,58,-31,31
9854,95,87,8,8
9855,77,69,8,8
9856,192,173,19,19
9857,78,64,14,14
9858,122,111,11,11
9859,80,75,5,5
9860,94,73,21,21
9861,126,109,17,17
9862,44,44,0,0
9863,73,69,4,4
9864,104,75,29,29
9865,71,60,11,11
9866,65,67,-2,2
9867,96,72,24,24
9868,116,91,25,25
9869,103,96,7,7
9870,129,115,14,14
9871,143,126,17,17
9872,100,105,-5,5
9873,133,109,24,24
9874,64,58,6,6
9875,121,107,14,14
9876,61,56,5,5
9877,55,54,1,1
9878,49,43,6,6
9879,86,74,12,12
9880,85,72,13,13
9881,61,54,7,7
9882,128,122,6,6
9883,91,69,22,22
9884,99,73,26,26
9885,92,80,12,12
9886,179,156,23,23
9887,114,91,23,23
9888,66,55,11,11
9889,78,76,2,2
9890,69,63,6,6
9891,121,104,17,17
9892,85,65,20,20
9893,110,112,-2,2
9894,92,86,6,6
9895,117,99,18,18
9896,174,150,24,24
9897,135,120,15,15
9898,64,54,10,10
9899,75,66,9,9
9900,97,97,0,0
9901,120,111,9,9
9902,102,87,15,15
9903,91,79,12,12
9904,70,68,2,2
9905,64,65,-1,1
9906,49,45,4,4
9907,94,93,1,1
9908,71,70,1,1
9909,136,146,-10,10
9910,68,63,5,5
9911,122,109,13,13
9912,73,63,10,10
9913,114,103,11,11
9914,98,86,12,12
9915,104,90,14,14
9916,103,86,17,17
9917,108,91,17,17
9918,127,110,17,17
9919,130,120,10,10
9920,95,85,10,10
9921,89,73,16,16
9922,73,67,6,6
9923,157,126,31,31
9924,103,86,17,17
9925,105,91,14,14
9926,112,92,20,20
9927,109,92,17,17
9928,79,68,11,11
9929,92,100,-8,8
9930,72,60,12,12
9931,48,49,-1,1
9932,98,80,18,18
9933,111,100,11,11
9934,119,100,19,19
9935,139,110,29,29
9936,55,61,-6,6
9937,107,100,7,7
9938,135,131,4,4
9939,102,86,16,16
9940,88,83,5,5
9941,105,105,0,0
9942,136,108,28,28
9943,82,76,6,6
9944,67,61,6,6
9945,123,108,15,15
9946,120,109,11,11
9947,94,92,2,2
9948,51,45,6,6
9949,95,77,18,18
9950,92,82,10,10
9951,154,120,34,34
9952,76,73,3,3
9953,59,50,9,9
9954,153,127,26,26
9955,66,68,-2,2
9956,96,90,6,6
9957,131,114,17,17
9958,81,70,11,11
9959,80,74,6,6
9960,59,56,3,3
9961,72,69,3,3
9962,148,125,23,23
9963,123,121,2,2
9964,72,65,7,7
9965,59,56,3,3
9966,145,129,16,16
9967,95,87,8,8
9968,125,112,13,13
9969,79,70,9,9
9970,79,72,7,7
9971,68,65,3,3
9972,135,125,10,10
9973,96,86,10,10
9974,64,58,6,6
9975,62,49,13,13
9976,102,89,13,13
9977,141,122,19,19
9978,82,67,15,15
9979,84,67,17,17
9980,85,78,7,7
9981,77,69,8,8
9982,107,89,18,18
9983,94,83,11,11
9984,84,66,18,18
9985,90,77,13,13
9986,127,111,16,16
9987,94,83,11,11
9988,142,147,-5,5
9989,88,84,4,4
9990,104,87,17,17
9991,66,63,3,3
9992,48,44,4,4
9993,76,65,11,11
9994,105,96,9,9
9995,62,51,11,11
9996,82,74,8,8
9997,123,112,11,11
9998,88,84,4,4
9999,68,57,11,11
10000,171,139,32,32
10001,134,113,21,21
10002,81,68,13,13
10003,66,63,3,3
10004,49,47,2,2
10005,92,84,8,8
10006,121,106,15,15
10007,133,113,20,20
10008,147,124,23,23
10009,81,73,8,8
10010,69,66,3,3
10011,83,75,8,8
10012,88,78,10,10
10013,59,48,11,11
10014,91,86,5,5
10015,153,141,12,12
10016,114,98,16,16
10017,77,76,1,1
10018,85,67,18,18
10019,80,68,12,12
10020,74,66,8,8
10021,169,142,27,27
10022,108,97,11,11
10023,121,112,9,9
10024,83,79,4,4
10025,56,48,8,8
10026,74,68,6,6
10027,53,54,-1,1
10028,80,78,2,2
10029,79,73,6,6
10030,117,102,15,15
10031,174,146,28,28
10032,77,65,12,12
10033,114,90,24,24
10034,79,70,9,9
10035,158,133,25,25
10036,80,70,10,10
10037,90,105,-15,15
10038,111,96,15,15
10039,155,126,29,29
10040,55,54,1,1
10041,74,66,8,8
10042,62,60,2,2
10043,138,121,17,17
10044,143,136,7,7
10045,113,105,8,8
10046,100,94,6,6
10047,115,87,28,28
10048,49,44,5,5
10049,139,131,8,8
10050,114,107,7,7
10051,125,114,11,11
10052,61,56,5,5
10053,136,118,18,18
10054,77,67,10,10
10055,211,170,41,41
10056,66,54,12,12
10057,111,95,16,16
10058,122,113,9,9
10059,139,120,19,19
10060,121,99,22,22
10061,108,104,4,4
10062,85,82,3,3
10063,110,97,13,13
10064,62,65,-3,3
10065,107,90,17,17
10066,49,43,6,6
10067,82,73,9,9
10068,92,82,10,10
10069,59,56,3,3
10070,56,49,7,7
10071,105,88,17,17
10072,61,61,0,0
10073,95,92,3,3
10074,56,55,1,1
10075,148,133,15,15
10076,123,115,8,8
10077,111,106,5,5
10078,75,65,10,10
10079,139,135,4,4
10080,68,65,3,3
10081,90,75,15,15
10082,150,141,9,9
10083,133,104,29,29
10084,49,50,-1,1
10085,62,56,6,6
10086,111,92,19,19
10087,117,103,14,14
10088,151,134,17,17
10089,100,87,13,13
10090,42,46,-4,4
10091,78,67,11,11
10092,48,48,0,0
10093,118,96,22,22
10094,70,58,12,12
10095,117,115,2,2
10096,61,69,-8,8
10097,94,91,3,3
10098,78,71,7,7
10099,170,144,26,26
10100,68,60,8,8
10101,78,64,14,14
10102,47,44,3,3
10103,130,99,31,31
10104,80,68,12,12
10105,70,68,2,2
10106,49,52,-3,3
10107,117,100,17,17
10108,86,79,7,7
10109,82,68,14,14
10110,54,48,6,6
10111,160,139,21,21
10112,78,82,-4,4
10113,82,73,9,9
10114,59,51,8,8
10115,115,99,16,16
10116,86,80,6,6
10117,119,96,23,23
10118,116,105,11,11
10119,90,86,4,4
10120,75,70,5,5
10121,81,73,8,8
10122,87,80,7,7
10123,108,94,14,14
10124,50,49,1,1
10125,53,50,3,3
10126,130,126,4,4
10127,125,103,22,22
10128,118,102,16,16
10129,112,99,13,13
10130,62,67,-5,5
10131,105,92,13,13
10132,90,88,2,2
10133,143,130,13,13
10134,58,52,6,6
10135,64,61,3,3
10136,108,89,19,19
10137,98,75,23,23
10138,136,120,16,16
10139,101,104,-3,3
10140,85,81,4,4
10141,92,86,6,6
10142,144,117,27,27
10143,80,74,6,6
10144,110,86,24,24
10145,66,56,10,10
10146,73,63,10,10
10147,59,52,7,7
10148,88,81,7,7
10149,74,75,-1,1
10150,61,58,3,3
10151,125,104,21,21
10152,55,49,6,6
10153,115,101,14,14
10154,58,59,-1,1
10155,76,72,4,4
10156,137,128,9,9
10157,81,69,12,12
10158,116,104,12,12
10159,81,71,10,10
10160,94,79,15,15
10161,78,82,-4,4
10162,80,67,13,13
10163,99,86,13,13
10164,118,103,15,15
10165,137,115,22,22
10166,98,93,5,5
10167,71,61,10,10
10168,83,75,8,8
10169,132,130,2,2
10170,69,63,6,6
10171,119,109,10,10
10172,101,101,0,0
10173,92,84,8,8
10174,74,64,10,10
10175,95,85,10,10
10176,67,63,4,4
10177,50,51,-1,1
10178,106,90,16,16
10179,102,85,17,17
10180,359,239,120,120
10181,58,54,4,4
10182,94,81,13,13
10183,90,72,18,18
10184,88,73,15,15
10185,105,84,21,21
10186,75,68,7,7
10187,89,79,10,10
10188,86,74,12,12
10189,133,115,18,18
10190,35,37,-2,2
10191,88,72,16,16
10192,177,145,32,32
10193,100,86,14,14
10194,65,56,9,9
10195,104,90,14,14
10196,67,55,12,12
10197,86,75,11,11
10198,123,102,21,21
10199,108,90,18,18
10200,84,73,11,11
10201,54,56,-2,2
10202,95,84,11,11
10203,86,73,13,13
10204,70,74,-4,4
10205,84,69,15,15
10206,107,93,14,14
10207,45,44,1,1
10208,85,78,7,7
10209,79,71,8,8
10210,125,112,13,13
10211,92,79,13,13
10212,74,69,5,5
10213,139,128,11,11
10214,84,71,13,13
10215,103,104,-1,1
10216,60,65,-5,5
10217,78,74,4,4
10218,69,46,23,23
10219,131,119,12,12
10220,102,86,16,16
10221,69,64,5,5
10222,58,56,2,2
10223,43,42,1,1
10224,29,31,-2,2
10225,86,79,7,7
10226,114,102,12,12
10227,38,43,-5,5
10228,113,109,4,4
10229,74,76,-2,2
10230,67,62,5,5
10231,221,190,31,31
10232,103,93,10,10
10233,224,189,35,35
10234,82,88,-6,6
10235,104,89,15,15
10236,115,94,21,21
10237,70,77,-7,7
10238,92,80,12,12
10239,118,103,15,15
10240,159,126,33,33
10241,124,101,23,23
10242,165,124,41,41
10243,118,110,8,8
10244,79,65,14,14
10245,113,96,17,17
10246,61,57,4,4
10247,112,99,13,13
10248,68,61,7,7
10249,71,69,2,2
10250,127,107,20,20
10251,82,72,10,10
10252,63,56,7,7
10253,189,177,12,12
10254,73,69,4,4
10255,76,63,13,13
10256,99,95,4,4
10257,131,117,14,14
10258,88,79,9,9
10259,61,59,2,2
10260,135,118,17,17
10261,52,51,1,1
10262,114,101,13,13
10263,82,74,8,8
10264,106,94,12,12
10265,102,104,-2,2
10266,105,104,1,1
10267,77,73,4,4
10268,66,56,10,10
10269,129,107,22,22
10270,73,67,6,6
10271,77,69,8,8
10272,70,61,9,9
10273,40,37,3,3
10274,55,59,-4,4
10275,130,121,9,9
10276,168,140,28,28
10277,76,58,18,18
10278,136,117,19,19
10279,104,99,5,5
10280,52,53,-1,1
10281,151,129,22,22
10282,74,68,6,6
10283,60,60,0,0
10284,90,75,15,15
10285,81,69,12,12
10286,118,107,11,11
10287,96,85,11,11
10288,96,82,14,14
10289,151,137,14,14
10290,125,107,18,18
10291,73,63,10,10
10292,107,93,14,14
10293,113,104,9,9
10294,118,112,6,6
10295,71,71,0,0
10296,68,63,5,5
10297,65,61,4,4
10298,48,50,-2,2
10299,73,68,5,5
10300,86,96,-10,10
10301,45,43,2,2
10302,87,76,11,11
10303,113,98,15,15
10304,137,119,18,18
10305,114,104,10,10
10306,61,56,5,5
10307,106,84,22,22
10308,128,113,15,15
10309,111,102,9,9
10310,100,86,14,14
10311,100,83,17,17
10312,133,126,7,7
10313,96,85,11,11
10314,133,120,13,13
10315,130,117,13,13
10316,78,74,4,4
10317,130,102,28,28
10318,110,108,2,2
10319,75,74,1,1
10320,144,129,15,15
10321,81,77,4,4
10322,63,63,0,0
10323,122,111,11,11
10324,119,114,5,5
10325,99,86,13,13
10326,111,98,13,13
10327,143,111,32,32
10328,104,105,-1,1
10329,93,79,14,14
10330,72,71,1,1
10331,79,74,5,5
10332,128,118,10,10
10333,99,86,13,13
10334,76,75,1,1
10335,100,91,9,9
10336,70,63,7,7
10337,148,136,12,12
10338,68,59,9,9
10339,100,100,0,0
10340,74,77,-3,3
10341,86,69,17,17
10342,93,76,17,17
10343,138,108,30,30
10344,149,143,6,6
10345,65,55,10,10
10346,89,83,6,6
10347,117,79,38,38
10348,98,78,20,20
10349,127,113,14,14
10350,106,88,18,18
10351,68,57,11,11
10352,160,126,34,34
10353,83,81,2,2
10354,129,103,26,26
10355,117,92,25,25
10356,74,75,-1,1
10357,101,88,13,13
10358,113,100,13,13
10359,121,103,18,18
10360,122,115,7,7
10361,117,102,15,15
10362,131,122,9,9
10363,68,57,11,11
10364,86,84,2,2
10365,97,80,17,17
10366,125,108,17,17
10367,65,63,2,2
10368,49,42,7,7
10369,81,73,8,8
10370,103,94,9,9
10371,110,93,17,17
10372,86,81,5,5
10373,103,89,14,14
10374,103,95,8,8
10375,59,53,6,6
10376,119,97,22,22
10377,40,35,5,5
10378,102,93,9,9
10379,120,99,21,21
10380,103,95,8,8
10381,101,89,12,12
10382,106,93,13,13
10383,110,99,11,11
10384,82,68,14,14
10385,88,72,16,16
10386,174,157,17,17
10387,99,80,19,19
10388,66,60,6,6
10389,105,100,5,5
10390,59,54,5,5
10391,128,101,27,27
10392,53,57,-4,4
10393,123,115,8,8
10394,88,78,10,10
10395,80,71,9,9
10396,72,76,-4,4
10397,73,70,3,3
10398,60,55,5,5
10399,88,78,10,10
10400,82,72,10,10
10401,156,131,25,25
10402,163,130,33,33
10403,73,63,10,10
10404,105,83,22,22
10405,137,110,27,27
10406,74,69,5,5
10407,85,70,15,15
10408,71,69,2,2
10409,56,57,-1,1
10410,95,81,14,14
10411,48,43,5,5
10412,113,103,10,10
10413,96,85,11,11
10414,111,99,12,12
10415,80,103,-23,23
10416,44,41,3,3
10417,73,62,11,11
10418,132,100,32,32
10419,100,78,22,22
10420,126,107,19,19
10421,77,76,1,1
10422,81,82,-1,1
10423,68,57,11,11
10424,73,81,-8,8
10425,100,91,9,9
10426,98,77,21,21
10427,60,53,7,7
10428,110,98,12,12
10429,102,89,13,13
10430,75,66,9,9
10431,138,125,13,13
10432,81,67,14,14
10433,108,104,4,4
10434,148,121,27,27
10435,59,50,9,9
10436,88,83,5,5
10437,104,76,28,28
10438,72,59,13,13
10439,82,76,6,6
10440,93,84,9,9
10441,93,77,16,16
10442,160,141,19,19
10443,129,115,14,14
10444,113,105,8,8
10445,116,90,26,26
10446,119,104,15,15
10447,86,75,11,11
10448,44,40,4,4
10449,76,63,13,13
10450,61,57,4,4
10451,80,80,0,0
10452,99,80,19,19
10453,87,90,-3,3
10454,117,104,13,13
10455,50,63,-13,13
10456,150,124,26,26
10457,123,103,20,20
10458,100,70,30,30
10459,147,127,20,20
10460,185,166,19,19
10461,59,52,7,7
10462,81,68,13,13
10463,61,67,-6,6
10464,126,110,16,16
10465,82,75,7,7
10466,100,87,13,13
10467,81,69,12,12
10468,39,37,2,2
10469,77,65,12,12
10470,51,46,5,5
10471,98,96,2,2
10472,133,130,3,3
10473,80,71,9,9
10474,151,119,32,32
10475,88,70,18,18
10476,55,47,8,8
10477,72,69,3,3
10478,75,76,-1,1
10479,77,63,14,14
10480,81,64,17,17
10481,144,125,19,19
10482,121,92,29,29
10483,57,52,5,5
10484,69,66,3,3
10485,99,89,10,10
10486,64,65,-1,1
10487,130,100,30,30
10488,106,98,8,8
10489,72,66,6,6
10490,67,66,1,1
10491,68,60,8,8
10492,79,75,4,4
10493,81,74,7,7
10494,69,64,5,5
10495,67,61,6,6
10496,73,65,8,8
10497,39,42,-3,3
10498,112,111,1,1
10499,71,67,4,4
10500,132,110,22,22
10501,133,123,10,10
10502,95,83,12,12
10503,112,93,19,19
10504,112,88,24,24
10505,99,104,-5,5
10506,71,70,1,1
10507,127,125,2,2
10508,89,86,3,3
10509,87,74,13,13
10510,124,104,20,20
10511,66,63,3,3
10512,92,87,5,5
10513,80,67,13,13
10514,94,84,10,10
10515,146,136,10,10
10516,139,123,16,16
10517,136,118,18,18
10518,63,56,7,7
10519,54,50,4,4
10520,171,142,29,29
10521,91,77,14,14
10522,170,137,33,33
10523,147,128,19,19
10524,70,62,8,8
10525,140,130,10,10
10526,117,106,11,11
10527,72,63,9,9
10528,132,114,18,18
10529,63,58,5,5
10530,102,96,6,6
10531,81,76,5,5
10532,90,78,12,12
10533,87,79,8,8
10534,127,110,17,17
10535,56,53,3,3
10536,44,40,4,4
10537,122,106,16,16
10538,111,96,15,15
10539,66,62,4,4
10540,110,105,5,5
10541,101,92,9,9
10542,119,111,8,8
10543,75,75,0,0
10544,65,57,8,8
10545,55,52,3,3
10546,76,75,1,1
10547,70,66,4,4
10548,157,165,-8,8
10549,27,27,0,0
10550,83,71,12,12
10551,125,108,17,17
10552,95,91,4,4
10553,86,69,17,17
10554,116,106,10,10
10555,66,59,7,7
10556,144,145,-1,1
10557,96,92,4,4
10558,94,85,9,9
10559,37,38,-1,1
10560,195,162,33,33
10561,108,96,12,12
10562,130,115,15,15
10563,78,72,6,6
10564,57,55,2,2
10565,72,59,13,13
10566,57,62,-5,5
10567,90,91,-1,1
10568,67,54,13,13
10569,157,142,15,15
10570,57,57,0,0
10571,94,84,10,10
10572,69,67,2,2
10573,86,76,10,10
10574,58,54,4,4
10575,105,93,12,12
10576,74,66,8,8
10577,116,101,15,15
10578,78,66,12,12
10579,115,98,17,17
10580,64,58,6,6
10581,127,105,22,22
10582,77,69,8,8
10583,99,81,18,18
10584,68,65,3,3
10585,101,101,0,0
10586,88,75,13,13
10587,121,110,11,11
10588,100,90,10,10
10589,87,64,23,23
10590,80,66,14,14
10591,43,43,0,0
10592,103,98,5,5
10593,149,122,27,27
10594,67,66,1,1
10595,110,101,9,9
10596,127,104,23,23
10597,55,52,3,3
10598,133,114,19,19
10599,82,75,7,7
10600,45,37,8,8
10601,59,54,5,5
10602,120,105,15,15
10603,103,99,4,4
10604,145,131,14,14
10605,119,112,7,7
10606,75,73,2,2
10607,74,63,11,11
10608,109,101,8,8
10609,148,130,18,18
10610,80,72,8,8
10611,68,60,8,8
10612,116,106,10,10
10613,114,96,18,18
10614,100,90,10,10
10615,72,65,7,7
10616,119,119,0,0
10617,96,78,18,18
10618,58,57,1,1
10619,132,125,7,7
10620,169,151,18,18
10621,70,62,8,8
10622,90,75,15,15
10623,93,81,12,12
10624,107,114,-7,7
10625,124,104,20,20
10626,43,41,2,2
10627,102,88,14,14
10628,107,96,11,11
10629,61,60,1,1
10630,62,56,6,6
10631,72,62,10,10
10632,129,108,21,21
10633,74,65,9,9
10634,81,68,13,13
10635,107,88,19,19
10636,79,68,11,11
10637,43,36,7,7
10638,72,67,5,5
10639,102,79,23,23
10640,93,77,16,16
10641,90,80,10,10
10642,66,54,12,12
10643,125,108,17,17
10644,73,64,9,9
10645,78,64,14,14
10646,49,46,3,3
10647,81,66,15,15
10648,74,71,3,3
10649,78,67,11,11
10650,82,73,9,9
10651,92,101,-9,9
10652,110,74,36,36
10653,96,83,13,13
10654,83,78,5,5
10655,143,127,16,16
10656,88,70,18,18
10657,111,98,13,13
10658,54,47,7,7
10659,66,64,2,2
10660,68,73,-5,5
10661,57,57,0,0
10662,169,132,37,37
10663,63,65,-2,2
10664,131,128,3,3
10665,102,91,11,11
10666,47,44,3,3
10667,58,57,1,1
10668,127,109,18,18
10669,100,82,18,18
10670,109,102,7,7
10671,109,94,15,15
10672,92,79,13,13
10673,93,77,16,16
10674,64,59,5,5
10675,95,88,7,7
10676,97,81,16,16
10677,87,82,5,5
10678,65,63,2,2
10679,84,75,9,9
10680,140,109,31,31
10681,88,75,13,13
10682,56,48,8,8
10683,131,115,16,16
10684,107,92,15,15
10685,93,77,16,16
10686,125,107,18,18
10687,204,168,36,36
10688,128,107,21,21
10689,80,68,12,12
10690,161,161,0,0
10691,114,101,13,13
10692,96,70,26,26
10693,79,73,6,6
10694,60,54,6,6
10695,176,149,27,27
10696,41,38,3,3
10697,50,49,1,1
10698,45,40,5,5
10699,168,125,43,43
10700,65,59,6,6
10701,57,43,14,14
10702,98,88,10,10
10703,77,68,9,9
10704,84,73,11,11
10705,76,72,4,4
10706,75,76,-1,1
10707,93,82,11,11
10708,71,94,-23,23
10709,87,73,14,14
10710,65,61,4,4
10711,130,108,22,22
10712,74,58,16,16
10713,34,38,-4,4
10714,129,99,30,30
10715,114,108,6,6
10716,70,61,9,9
10717,50,54,-4,4
10718,93,76,17,17
10719,55,48,7,7
10720,94,72,22,22
10721,46,35,11,11
10722,50,44,6,6
10723,104,85,19,19
10724,118,104,14,14
10725,102,89,13,13
10726,84,74,10,10
10727,165,157,8,8
10728,97,87,10,10
10729,92,84,8,8
10730,89,67,22,22
10731,76,69,7,7
10732,75,83,-8,8
10733,142,127,15,15
10734,96,87,9,9
10735,145,133,12,12
10736,87,80,7,7
10737,64,55,9,9
10738,48,52,-4,4
10739,94,82,12,12
10740,69,58,11,11
10741,66,55,11,11
10742,131,107,24,24
10743,98,84,14,14
10744,94,88,6,6
10745,65,59,6,6
10746,89,82,7,7
10747,128,109,19,19
10748,144,123,21,21
10749,53,55,-2,2
10750,108,101,7,7
10751,29,35,-6,6
10752,58,52,6,6
10753,94,93,1,1
10754,74,63,11,11
10755,133,118,15,15
10756,75,66,9,9
10757,87,71,16,16
10758,133,115,18,18
10759,74,59,15,15
10760,80,70,10,10
10761,52,47,5,5
10762,116,102,14,14
10763,158,137,21,21
10764,224,184,40,40
10765,97,88,9,9
10766,128,108,20,20
10767,102,89,13,13
10768,114,95,19,19
10769,41,40,1,1
10770,86,78,8,8
10771,42,43,-1,1
10772,111,95,16,16
10773,142,131,11,11
10774,68,65,3,3
10775,65,61,4,4
10776,116,106,10,10
10777,91,75,16,16
10778,157,140,17,17
10779,140,123,17,17
10780,126,105,21,21
10781,77,65,12,12
10782,86,78,8,8
10783,102,93,9,9
10784,95,82,13,13
10785,64,57,7,7
10786,103,98,5,5
10787,55,56,-1,1
10788,77,73,4,4
10789,160,134,26,26
10790,58,55,3,3
10791,191,168,23,23
10792,121,113,8,8
10793,77,61,16,16
10794,161,137,24,24
10795,65,58,7,7
10796,80,83,-3,3
10797,77,72,5,5
10798,67,69,-2,2
10799,51,47,4,4
10800,76,68,8,8
10801,155,125,30,30
10802,96,77,19,19
10803,65,58,7,7
10804,98,86,12,12
10805,101,89,12,12
10806,49,42,7,7
10807,112,101,11,11
10808,81,60,21,21
10809,49,45,4,4
10810,65,56,9,9
10811,90,77,13,13
10812,126,103,23,23
10813,48,43,5,5
10814,120,110,10,10
10815,55,50,5,5
10816,75,79,-4,4
10817,83,88,-5,5
10818,135,111,24,24
10819,131,116,15,15
10820,117,112,5,5
10821,88,71,17,17
10822,92,83,9,9
10823,90,89,1,1
10824,98,92,6,6
10825,101,85,16,16
10826,138,125,13,13
10827,84,79,5,5
10828,104,95,9,9
10829,98,105,-7,7
10830,87,80,7,7
10831,102,95,7,7
10832,81,74,7,7
10833,75,70,5,5
10834,145,122,23,23
10835,114,100,14,14
10836,63,58,5,5
10837,51,49,2,2
10838,109,98,11,11
10839,69,61,8,8
10840,87,86,1,1
10841,72,61,11,11
10842,114,103,11,11
10843,96,75,21,21
10844,140,132,8,8
10845,171,146,25,25
10846,97,88,9,9
10847,77,69,8,8
10848,125,93,32,32
10849,75,66,9,9
10850,98,93,5,5
10851,118,105,13,13
10852,120,102,18,18
10853,69,63,6,6
10854,57,48,9,9
10855,129,106,23,23
10856,127,114,13,13
10857,81,75,6,6
10858,102,92,10,10
10859,154,128,26,26
10860,116,99,17,17
10861,47,43,4,4
10862,124,109,15,15
10863,124,105,19,19
10864,138,112,26,26
10865,82,75,7,7
10866,120,101,19,19
10867,114,97,17,17
10868,90,80,10,10
10869,88,74,14,14
10870,53,48,5,5
10871,84,71,13,13
10872,80,72,8,8
10873,147,126,21,21
10874,79,77,2,2
10875,115,97,18,18
10876,80,70,10,10
10877,117,101,16,16
10878,123,107,16,16
10879,54,54,0,0
10880,93,81,12,12
10881,145,127,18,18
10882,128,121,7,7
10883,73,66,7,7
10884,51,44,7,7
10885,65,59,6,6
10886,102,101,1,1
10887,95,94,1,1
10888,58,53,5,5
10889,49,54,-5,5
10890,113,101,12,12
10891,121,111,10,10
10892,148,130,18,18
10893,139,128,11,11
10894,96,99,-3,3
10895,143,122,21,21
10896,92,88,4,4
10897,78,68,10,10
10898,11,11,0,0
10899,66,63,3,3
10900,79,68,11,11
10901,70,63,7,7
10902,67,65,2,2
10903,77,69,8,8
10904,144,129,15,15
10905,84,77,7,7
10906,50,43,7,7
10907,79,65,14,14
10908,90,89,1,1
10909,62,52,10,10
10910,134,131,3,3
10911,110,88,22,22
10912,78,95,-17,17
10913,142,115,27,27
10914,79,75,4,4
10915,143,124,19,19
10916,80,77,3,3
10917,37,35,2,2
10918,70,59,11,11
10919,96,90,6,6
10920,135,127,8,8
10921,76,66,10,10
10922,181,154,27,27
10923,105,99,6,6
10924,49,45,4,4
10925,65,64,1,1
10926,139,118,21,21
10927,38,37,1,1
10928,83,73,10,10
10929,56,53,3,3
10930,120,94,26,26
10931,109,101,8,8
10932,160,136,24,24
10933,117,115,2,2
10934,92,89,3,3
10935,99,88,11,11
10936,114,103,11,11
10937,70,57,13,13
10938,93,89,4,4
10939,112,93,19,19
10940,118,101,17,17
10941,72,59,13,13
10942,51,52,-1,1
10943,119,94,25,25
10944,85,73,12,12
10945,101,105,-4,4
10946,78,74,4,4
10947,75,66,9,9
10948,69,72,-3,3
10949,120,102,18,18
10950,72,62,10,10
10951,64,69,-5,5
10952,80,70,10,10
10953,80,76,4,4
10954,75,64,11,11
10955,76,65,11,11
10956,157,129,28,28
10957,80,87,-7,7
10958,117,103,14,14
10959,103,83,20,20
10960,129,99,30,30
10961,139,121,18,18
10962,98,83,15,15
10963,87,72,15,15
10964,165,132,33,33
10965,73,69,4,4
10966,137,120,17,17
10967,150,138,12,12
10968,74,73,1,1
10969,157,133,24,24
10970,82,88,-6,6
10971,74,61,13,13
10972,37,45,-8,8
10973,95,84,11,11
10974,104,87,17,17
10975,124,115,9,9
10976,37,39,-2,2
10977,80,93,-13,13
10978,80,81,-1,1
10979,88,75,13,13
10980,147,111,36,36
10981,65,65,0,0
10982,101,90,11,11
10983,93,81,12,12
10984,71,63,8,8
10985,64,51,13,13
10986,71,68,3,3
10987,60,61,-1,1
10988,64,67,-3,3
10989,55,49,6,6
10990,48,66,-18,18
10991,141,116,25,25
10992,95,84,11,11
10993,58,56,2,2
10994,95,82,13,13
10995,71,67,4,4
10996,89,77,12,12
10997,125,109,16,16
10998,170,158,12,12
10999,153,139,14,14
11000,84,71,13,13
11001,137,122,15,15
11002,81,67,14,14
11003,77,81,-4,4
11004,75,72,3,3
11005,110,99,11,11
11006,53,48,5,5
11007,92,78,14,14
11008,105,105,0,0
11009,55,53,2,2
11010,85,90,-5,5
11011,141,112,29,29
11012,126,117,9,9
11013,82,73,9,9
11014,124,106,18,18
11015,76,83,-7,7
11016,126,97,29,29
11017,56,53,3,3
11018,65,58,7,7
11019,91,88,3,3
11020,65,63,2,2
11021,84,78,6,6
11022,95,85,10,10
11023,109,87,22,22
11024,74,60,14,14
11025,60,50,10,10
11026,65,54,11,11
11027,77,70,7,7
11028,79,70,9,9
11029,65,55,10,10
11030,110,98,12,12
11031,116,112,4,4
11032,67,62,5,5
11033,83,75,8,8
11034,120,101,19,19
11035,157,117,40,40
11036,123,108,15,15
11037,80,70,10,10
11038,99,97,2,2
11039,88,72,16,16
11040,67,72,-5,5
11041,134,118,16,16
11042,76,65,11,11
11043,96,93,3,3
11044,83,79,4,4
11045,57,53,4,4
11046,93,80,13,13
11047,60,55,5,5
11048,85,75,10,10
11049,62,65,-3,3
11050,110,101,9,9
11051,108,99,9,9
11052,66,58,8,8
11053,67,71,-4,4
11054,71,57,14,14
11055,79,68,11,11
11056,145,135,10,10
11057,62,65,-3,3
11058,60,61,-1,1
11059,126,115,11,11
11060,120,110,10,10
11061,67,62,5,5
11062,96,86,10,10
11063,54,47,7,7
11064,66,55,11,11
11065,101,89,12,12
11066,83,69,14,14
11067,120,98,22,22
11068,186,164,22,22
11069,72,65,7,7
11070,91,78,13,13
11071,158,131,27,27
11072,67,63,4,4
11073,118,90,28,28
11074,63,54,9,9
11075,105,90,15,15
11076,124,100,24,24
11077,108,79,29,29
11078,121,101,20,20
11079,39,35,4,4
11080,90,83,7,7
11081,218,206,12,12
11082,71,72,-1,1
11083,81,78,3,3
11084,61,50,11,11
11085,86,71,15,15
11086,59,51,8,8
11087,168,154,14,14
11088,86,87,-1,1
11089,104,99,5,5
11090,89,82,7,7
11091,80,70,10,10
11092,81,70,11,11
11093,87,72,15,15
11094,119,98,21,21
11095,136,119,17,17
11096,113,93,20,20
11097,68,70,-2,2
11098,86,68,18,18
11099,103,90,13,13
11100,72,72,0,0
11101,142,132,10,10
11102,172,169,3,3
11103,166,147,19,19
11104,96,97,-1,1
11105,106,104,2,2
11106,125,106,19,19
11107,125,107,18,18
11108,75,91,-16,16
11109,94,78,16,16
11110,103,94,9,9
11111,58,50,8,8
11112,81,66,15,15
11113,133,107,26,26
11114,122,107,15,15
11115,99,94,5,5
11116,67,60,7,7
11117,126,107,19,19
11118,91,77,14,14
11119,73,67,6,6
11120,89,83,6,6
11121,124,126,-2,2
11122,68,52,16,16
11123,126,109,17,17
11124,76,71,5,5
11125,167,133,34,34
11126,36,34,2,2
11127,137,119,18,18
11128,93,80,13,13
11129,115,102,13,13
11130,125,106,19,19
11131,79,69,10,10
11132,59,54,5,5
11133,90,82,8,8
11134,73,65,8,8
11135,74,64,10,10
11136,111,93,18,18
11137,129,111,18,18
11138,80,72,8,8
11139,97,82,15,15
11140,83,71,12,12
11141,129,111,18,18
11142,120,104,16,16
11143,93,75,18,18
11144,95,96,-1,1
11145,101,86,15,15
11146,93,81,12,12
11147,112,112,0,0
11148,103,93,10,10
11149,60,58,2,2
11150,95,97,-2,2
11151,62,53,9,9
11152,69,65,4,4
11153,83,88,-5,5
11154,53,44,9,9
11155,98,80,18,18
11156,101,101,0,0
11157,73,76,-3,3
11158,94,93,1,1
11159,55,49,6,6
11160,93,98,-5,5
11161,70,63,7,7
11162,102,97,5,5
11163,75,62,13,13
11164,77,60,17,17
11165,96,83,13,13
11166,93,93,0,0
11167,78,77,1,1
11168,155,132,23,23
11169,94,86,8,8
11170,66,61,5,5
11171,71,74,-3,3
11172,96,83,13,13
11173,143,129,14,14
11174,60,52,8,8
11175,79,75,4,4
11176,93,87,6,6
11177,126,109,17,17
11178,128,107,21,21
11179,103,84,19,19
11180,95,82,13,13
11181,86,89,-3,3
11182,95,80,15,15
11183,68,60,8,8
11184,102,96,6,6
11185,74,66,8,8
11186,94,108,-14,14
11187,83,56,27,27
11188,107,94,13,13
11189,65,54,11,11
11190,66,61,5,5
11191,113,102,11,11
11192,164,130,34,34
11193,60,57,3,3
11194,139,139,0,0
11195,96,95,1,1
11196,87,68,19,19
11197,113,99,14,14
11198,180,157,23,23
11199,106,90,16,16
11200,73,67,6,6
11201,121,112,9,9
11202,125,109,16,16
11203,62,58,4,4
11204,56,48,8,8
11205,81,71,10,10
11206,103,86,17,17
11207,107,90,17,17
11208,70,58,12,12
11209,107,90,17,17
11210,167,189,-22,22
11211,72,54,18,18
11212,123,102,21,21
11213,178,169,9,9
11214,142,134,8,8
11215,138,113,25,25
11216,148,132,16,16
11217,141,125,16,16
11218,119,115,4,4
11219,67,61,6,6
11220,126,126,0,0
11221,35,61,-26,26
11222,86,80,6,6
11223,82,84,-2,2
11224,135,146,-11,11
11225,111,92,19,19
11226,145,128,17,17
11227,99,75,24,24
11228,69,68,1,1
11229,81,85,-4,4
11230,58,52,6,6
11231,58,62,-4,4
11232,141,109,32,32
11233,75,65,10,10
11234,108,104,4,4
11235,128,122,6,6
11236,87,90,-3,3
11237,90,87,3,3
11238,133,119,14,14
11239,73,63,10,10
11240,63,56,7,7
11241,73,67,6,6
11242,136,129,7,7
11243,105,89,16,16
11244,60,57,3,3
11245,102,86,16,16
11246,100,88,12,12
11247,57,54,3,3
11248,71,64,7,7
11249,76,67,9,9
11250,58,53,5,5
11251,204,173,31,31
11252,96,84,12,12
11253,113,94,19,19
11254,114,85,29,29
11255,138,119,19,19
11256,79,78,1,1
11257,142,117,25,25
11258,109,92,17,17
11259,141,124,17,17
11260,73,63,10,10
11261,89,74,15,15
11262,85,80,5,5
11263,159,133,26,26
11264,107,94,13,13
11265,68,67,1,1
11266,79,76,3,3
11267,109,99,10,10
11268,78,64,14,14
11269,61,60,1,1
11270,102,93,9,9
11271,140,126,14,14
11272,156,136,20,20
11273,155,135,20,20
11274,118,96,22,22
11275,85,72,13,13
11276,162,136,26,26
11277,105,97,8,8
11278,100,90,10,10
11279,102,82,20,20
11280,130,108,22,22
11281,55,53,2,2
11282,69,69,0,0
11283,89,74,15,15
11284,39,43,-4,4
11285,139,118,21,21
11286,94,81,13,13
11287,79,64,15,15
11288,171,146,25,25
11289,139,119,20,20
11290,85,80,5,5
11291,86,77,9,9
11292,114,95,19,19
11293,134,112,22,22
11294,51,45,6,6
11295,47,45,2,2
11296,56,56,0,0
11297,72,66,6,6
11298,96,92,4,4
11299,143,128,15,15
11300,115,88,27,27
11301,99,98,1,1
11302,91,90,1,1
11303,85,78,7,7
11304,151,119,32,32
11305,42,48,-6,6
11306,125,105,20,20
11307,41,62,-21,21
11308,137,105,32,32
11309,100,84,16,16
11310,143,111,32,32
11311,174,153,21,21
11312,81,70,11,11
11313,106,92,14,14
11314,150,122,28,28
11315,66,63,3,3
11316,119,104,15,15
11317,133,106,27,27
11318,58,55,3,3
11319,90,83,7,7
11320,111,99,12,12
11321,157,127,30,30
11322,106,94,12,12
11323,121,105,16,16
11324,61,59,2,2
11325,111,98,13,13
11326,88,81,7,7
11327,81,75,6,6
11328,93,81,12,12
11329,77,70,7,7
11330,163,126,37,37
11331,104,93,11,11
11332,76,63,13,13
11333,52,47,5,5
11334,87,85,2,2
11335,104,90,14,14
11336,62,52,10,10
11337,112,105,7,7
11338,76,74,2,2
11339,129,114,15,15
11340,106,104,2,2
11341,63,58,5,5
11342,87,80,7,7
11343,106,99,7,7
11344,86,67,19,19
11345,88,70,18,18
11346,89,81,8,8
11347,71,67,4,4
11348,116,93,23,23
11349,55,52,3,3
11350,83,83,0,0
11351,64,59,5,5
11352,71,63,8,8
11353,128,107,21,21
11354,57,53,4,4
11355,127,115,12,12
11356,47,39,8,8
11357,94,79,15,15
11358,60,51,9,9
11359,60,62,-2,2
11360,55,56,-1,1
11361,97,91,6,6
11362,82,75,7,7
11363,109,95,14,14
11364,111,93,18,18
11365,61,55,6,6
11366,70,67,3,3
11367,79,69,10,10
11368,107,95,12,12
11369,89,76,13,13
11370,60,51,9,9
11371,147,132,15,15
11372,83,74,9,9
11373,104,92,12,12
11374,134,125,9,9
11375,88,78,10,10
11376,35,35,0,0
11377,117,116,1,1
11378,78,69,9,9
11379,149,124,25,25
11380,85,76,9,9
11381,97,88,9,9
11382,115,108,7,7
11383,109,85,24,24
11384,81,71,10,10
11385,81,80,1,1
11386,93,88,5,5
11387,123,117,6,6
11388,95,84,11,11
11389,102,84,18,18
11390,57,49,8,8
11391,179,164,15,15
11392,126,115,11,11
11393,62,57,5,5
11394,65,68,-3,3
11395,109,92,17,17
11396,74,67,7,7
11397,113,99,14,14
11398,121,105,16,16
11399,114,98,16,16
11400,63,57,6,6
11401,103,94,9,9
11402,80,66,14,14
11403,45,68,-23,23
11404,93,84,9,9
11405,121,101,20,20
11406,166,151,15,15
11407,63,66,-3,3
11408,66,55,11,11
11409,55,68,-13,13
11410,116,107,9,9
11411,96,83,13,13
11412,76,66,10,10
11413,54,57,-3,3
11414,108,95,13,13
11415,51,47,4,4
11416,109,97,12,12
11417,75,66,9,9
11418,86,82,4,4
11419,82,82,0,0
11420,36,38,-2,2
11421,64,65,-1,1
11422,119,97,22,22
11423,53,54,-1,1
11424,73,66,7,7
11425,58,49,9,9
11426,41,40,1,1
11427,58,58,0,0
11428,118,106,12,12
11429,134,113,21,21
11430,75,67,8,8
11431,50,49,1,1
11432,98,90,8,8
11433,33,32,1,1
11434,109,92,17,17
11435,79,75,4,4
11436,60,52,8,8
11437,100,94,6,6
11438,85,66,19,19
11439,75,71,4,4
11440,82,70,12,12
11441,57,52,5,5
11442,164,150,14,14
11443,157,135,22,22
11444,76,62,14,14
11445,72,70,2,2
11446,57,74,-17,17
11447,96,103,-7,7
11448,90,75,15,15
11449,100,89,11,11
11450,129,112,17,17
11451,91,77,14,14
11452,98,86,12,12
11453,102,88,14,14
11454,198,181,17,17
11455,78,67,11,11
11456,60,55,5,5
11457,173,152,21,21
11458,98,87,11,11
11459,72,64,8,8
11460,90,109,-19,19
11461,170,147,23,23
11462,163,135,28,28
11463,77,71,6,6
11464,66,62,4,4
11465,67,52,15,15
11466,66,67,-1,1
11467,99,77,22,22
11468,86,76,10,10
11469,85,79,6,6
11470,71,63,8,8
11471,136,113,23,23
11472,86,72,14,14
11473,60,57,3,3
11474,119,106,13,13
11475,132,120,12,12
11476,114,105,9,9
11477,66,60,6,6
11478,147,125,22,22
11479,90,80,10,10
11480,112,97,15,15
11481,68,56,12,12
11482,119,100,19,19
11483,121,104,17,17
11484,70,86,-16,16
11485,124,103,21,21
11486,47,47,0,0
11487,70,71,-1,1
11488,80,68,12,12
11489,44,41,3,3
11490,75,75,0,0
11491,65,61,4,4
11492,80,64,16,16
11493,95,86,9,9
11494,124,106,18,18
11495,50,53,-3,3
11496,133,112,21,21
11497,77,68,9,9
11498,105,96,9,9
11499,70,63,7,7
11500,86,80,6,6
11501,97,77,20,20
11502,80,68,12,12
11503,98,96,2,2
11504,106,99,7,7
11505,74,62,12,12
11506,66,62,4,4
11507,118,108,10,10
11508,110,89,21,21
11509,156,133,23,23
11510,67,58,9,9
11511,170,131,39,39
11512,117,94,23,23
11513,101,89,12,12
11514,130,112,18,18
11515,93,95,-2,2
11516,105,90,15,15
11517,41,56,-15,15
11518,84,63,21,21
11519,59,53,6,6
11520,141,121,20,20
11521,47,55,-8,8
11522,114,83,31,31
11523,137,117,20,20
11524,126,122,4,4
11525,62,56,6,6
11526,111,99,12,12
11527,74,66,8,8
11528,81,71,10,10
11529,160,139,21,21
11530,102,92,10,10
11531,91,76,15,15
11532,83,76,7,7
11533,72,56,16,16
11534,68,66,2,2
11535,126,102,24,24
11536,77,73,4,4
11537,160,125,35,35
11538,106,97,9,9
11539,81,75,6,6
11540,170,125,45,45
11541,131,112,19,19
11542,50,57,-7,7
11543,115,98,17,17
11544,70,69,1,1
11545,109,105,4,4
11546,72,59,13,13
11547,74,69,5,5
11548,67,61,6,6
11549,81,68,13,13
11550,83,75,8,8
11551,105,91,14,14
11552,95,91,4,4
11553,133,110,23,23
11554,115,111,4,4
11555,98,83,15,15
11556,55,36,19,19
11557,109,99,10,10
11558,50,54,-4,4
11559,145,124,21,21
11560,89,71,18,18
11561,85,76,9,9
11562,85,75,10,10
11563,65,76,-11,11
11564,86,79,7,7
11565,105,83,22,22
11566,53,48,5,5
11567,60,56,4,4
11568,121,102,19,19
11569,52,58,-6,6
11570,53,51,2,2
11571,164,145,19,19
11572,92,88,4,4
11573,100,91,9,9
11574,111,96,15,15
11575,67,58,9,9
11576,169,143,26,26
11577,86,73,13,13
11578,51,42,9,9
11579,96,83,13,13
11580,97,73,24,24
11581,82,65,17,17
11582,75,69,6,6
11583,103,89,14,14
11584,91,75,16,16
11585,108,97,11,11
11586,85,81,4,4
11587,137,121,16,16
11588,88,82,6,6
11589,167,140,27,27
11590,65,63,2,2
11591,92,76,16,16
11592,98,80,18,18
11593,68,63,5,5
11594,65,55,10,10
11595,60,53,7,7
11596,71,61,10,10
11597,50,45,5,5
11598,79,73,6,6
11599,102,88,14,14
11600,85,70,15,15
11601,69,60,9,9
11602,105,95,10,10
11603,114,95,19,19
11604,77,71,6,6
11605,70,55,15,15
11606,80,72,8,8
11607,137,127,10,10
11608,105,90,15,15
11609,83,82,1,1
11610,95,85,10,10
11611,70,70,0,0
11612,183,158,25,25
11613,50,49,1,1
11614,164,142,22,22
11615,125,104,21,21
11616,90,80,10,10
11617,108,95,13,13
11618,150,132,18,18
11619,90,73,17,17
11620,73,66,7,7
11621,86,85,1,1
11622,91,90,1,1
11623,108,98,10,10
11624,120,99,21,21
11625,127,94,33,33
11626,65,56,9,9
11627,121,84,37,37
11628,80,67,13,13
11629,89,65,24,24
11630,81,68,13,13
11631,96,70,26,26
11632,119,104,15,15
11633,118,108,10,10
11634,128,116,12,12
11635,56,64,-8,8
11636,56,59,-3,3
11637,86,74,12,12
11638,79,69,10,10
11639,116,93,23,23
11640,69,65,4,4
11641,111,82,29,29
11642,81,86,-5,5
11643,56,53,3,3
11644,119,109,10,10
11645,82,65,17,17
11646,81,67,14,14
11647,136,108,28,28
11648,127,117,10,10
11649,108,104,4,4
11650,129,113,16,16
11651,74,85,-11,11
11652,63,70,-7,7
11653,168,138,30,30
11654,100,93,7,7
11655,66,61,5,5
11656,70,72,-2,2
11657,101,88,13,13
11658,112,91,21,21
11659,102,81,21,21
11660,124,107,17,17
11661,82,74,8,8
11662,94,87,7,7
11663,70,72,-2,2
11664,72,69,3,3
11665,67,59,8,8
11666,117,115,2,2
11667,47,41,6,6
11668,110,86,24,24
11669,93,81,12,12
11670,64,56,8,8
11671,134,121,13,13
11672,66,56,10,10
11673,69,57,12,12
11674,99,93,6,6
11675,137,116,21,21
11676,58,57,1,1
11677,85,70,15,15
11678,94,81,13,13
11679,104,92,12,12
11680,108,96,12,12
11681,89,76,13,13
11682,176,147,29,29
11683,88,80,8,8
11684,46,44,2,2
11685,94,86,8,8
11686,162,141,21,21
11687,92,81,11,11
11688,96,84,12,12
11689,124,111,13,13
11690,74,74,0,0
11691,68,67,1,1
11692,67,66,1,1
11693,90,86,4,4
11694,87,71,16,16
11695,86,70,16,16
11696,68,64,4,4
11697,90,78,12,12
11698,77,74,3,3
11699,126,96,30,30
11700,126,106,20,20
11701,94,88,6,6
11702,172,152,20,20
11703,63,80,-17,17
11704,101,85,16,16
11705,148,130,18,18
11706,87,85,2,2
11707,127,103,24,24
11708,121,93,28,28
11709,142,128,14,14
11710,73,67,6,6
11711,71,65,6,6
11712,103,116,-13,13
11713,39,36,3,3
11714,99,95,4,4
11715,69,61,8,8
11716,182,150,32,32
11717,138,144,-6,6
11718,142,126,16,16
11719,114,109,5,5
11720,54,50,4,4
11721,93,80,13,13
11722,110,92,18,18
11723,38,39,-1,1
11724,133,122,11,11
11725,143,130,13,13
11726,125,114,11,11
11727,69,61,8,8
11728,120,107,13,13
11729,121,114,7,7
11730,71,61,10,10
11731,97,84,13,13
11732,104,88,16,16
11733,97,85,12,12
11734,47,44,3,3
11735,184,157,27,27
11736,110,108,2,2
11737,67,60,7,7
11738,106,94,12,12
11739,66,71,-5,5
11740,118,97,21,21
11741,81,73,8,8
11742,83,75,8,8
11743,64,67,-3,3
11744,70,55,15,15
11745,50,47,3,3
11746,93,76,17,17
11747,157,125,32,32
11748,51,46,5,5
11749,77,68,9,9
11750,87,74,13,13
11751,119,98,21,21
11752,115,97,18,18
11753,85,67,18,18
11754,63,70,-7,7
11755,91,85,6,6
11756,67,58,9,9
11757,64,64,0,0
11758,127,122,5,5
11759,67,61,6,6
11760,71,66,5,5
11761,96,79,17,17
11762,111,99,12,12
11763,62,55,7,7
11764,77,64,13,13
11765,174,158,16,16
11766,138,112,26,26
11767,65,60,5,5
11768,116,96,20,20
11769,47,46,1,1
11770,119,104,15,15
11771,94,75,19,19
11772,122,107,15,15
11773,92,88,4,4
11774,148,114,34,34
11775,67,62,5,5
11776,101,92,9,9
11777,86,77,9,9
11778,53,44,9,9
11779,77,72,5,5
11780,126,104,22,22
11781,74,61,13,13
11782,91,84,7,7
11783,81,76,5,5
11784,43,42,1,1
11785,114,99,15,15
11786,79,72,7,7
11787,96,83,13,13
11788,106,86,20,20
11789,79,77,2,2
11790,120,121,-1,1
11791,107,95,12,12
11792,98,86,12,12
11793,47,41,6,6
11794,76,70,6,6
11795,85,73,12,12
11796,67,68,-1,1
11797,79,68,11,11
11798,90,92,-2,2
11799,84,70,14,14
11800,152,125,27,27
11801,152,127,25,25
11802,87,76,11,11
11803,65,59,6,6
11804,83,72,11,11
11805,205,171,34,34
11806,151,133,18,18
11807,114,88,26,26
11808,83,75,8,8
11809,66,65,1,1
11810,66,63,3,3
11811,105,91,14,14
11812,176,148,28,28
11813,166,144,22,22
11814,185,153,32,32
11815,108,97,11,11
11816,95,84,11,11
11817,67,74,-7,7
11818,87,78,9,9
11819,82,76,6,6
11820,121,102,19,19
11821,71,70,1,1
11822,62,61,1,1
11823,113,78,35,35
11824,104,90,14,14
11825,68,63,5,5
11826,93,88,5,5
11827,74,63,11,11
11828,60,57,3,3
11829,80,79,1,1
11830,70,66,4,4
11831,75,71,4,4
11832,76,63,13,13
11833,75,65,10,10
11834,80,64,16,16
11835,45,48,-3,3
11836,93,97,-4,4
11837,99,101,-2,2
11838,77,69,8,8
11839,89,75,14,14
11840,143,136,7,7
11841,83,81,2,2
11842,102,91,11,11
11843,122,108,14,14
11844,118,97,21,21
11845,132,100,32,32
11846,102,100,2,2
11847,75,64,11,11
11848,105,96,9,9
11849,124,107,17,17
11850,75,64,11,11
11851,47,48,-1,1
11852,130,119,11,11
11853,147,126,21,21
11854,134,113,21,21
11855,71,64,7,7
11856,72,64,8,8
11857,42,43,-1,1
11858,97,83,14,14
11859,99,95,4,4
11860,147,137,10,10
11861,127,113,14,14
11862,65,56,9,9
11863,73,80,-7,7
11864,54,55,-1,1
11865,87,78,9,9
11866,125,119,6,6
11867,120,111,9,9
11868,75,66,9,9
11869,101,94,7,7
11870,139,121,18,18
11871,93,79,14,14
11872,85,79,6,6
11873,162,137,25,25
11874,158,138,20,20
11875,234,181,53,53
11876,76,69,7,7
11877,68,57,11,11
11878,60,52,8,8
11879,115,97,18,18
11880,92,81,11,11
11881,99,73,26,26
11882,95,82,13,13
11883,69,73,-4,4
11884,53,53,0,0
11885,100,87,13,13
11886,157,136,21,21
11887,103,87,16,16
11888,117,105,12,12
11889,100,87,13,13
11890,95,77,18,18
11891,146,118,28,28
11892,97,82,15,15
11893,49,45,4,4
11894,83,77,6,6
11895,89,72,17,17
11896,97,91,6,6
11897,98,90,8,8
11898,99,87,12,12
11899,52,54,-2,2
11900,92,83,9,9
11901,128,120,8,8
11902,60,52,8,8
11903,47,44,3,3
11904,106,88,18,18
11905,78,65,13,13
11906,143,132,11,11
11907,90,78,12,12
11908,125,107,18,18
11909,80,79,1,1
11910,114,98,16,16
11911,161,135,26,26
11912,120,104,16,16
11913,41,57,-16,16
11914,38,38,0,0
11915,105,102,3,3
11916,48,40,8,8
11917,58,53,5,5
11918,112,95,17,17
11919,59,55,4,4
11920,76,70,6,6
11921,118,103,15,15
11922,77,65,12,12
11923,51,49,2,2
11924,76,61,15,15
11925,56,51,5,5
11926,40,42,-2,2
11927,69,63,6,6
11928,77,68,9,9
11929,91,80,11,11
11930,149,131,18,18
11931,110,95,15,15
11932,115,108,7,7
11933,117,102,15,15
11934,93,81,12,12
11935,31,28,3,3
11936,111,110,1,1
11937,79,76,3,3
11938,72,66,6,6
11939,44,44,0,0
11940,89,80,9,9
11941,51,48,3,3
11942,186,167,19,19
11943,144,118,26,26
11944,98,82,16,16
11945,68,61,7,7
11946,82,75,7,7
11947,110,95,15,15
11948,101,71,30,30
11949,73,67,6,6
11950,106,96,10,10
11951,50,45,5,5
11952,128,116,12,12
11953,82,74,8,8
11954,39,52,-13,13
11955,57,54,3,3
11956,100,90,10,10
11957,132,115,17,17
11958,58,55,3,3
11959,65,55,10,10
11960,46,45,1,1
11961,90,77,13,13
11962,132,115,17,17
11963,84,78,6,6
11964,95,83,12,12
11965,152,137,15,15
11966,67,61,6,6
11967,96,95,1,1
11968,78,69,9,9
11969,99,78,21,21
11970,71,71,0,0
11971,116,99,17,17
11972,122,113,9,9
11973,81,72,9,9
11974,42,43,-1,1
11975,121,108,13,13
11976,144,128,16,16
11977,190,173,17,17
11978,132,116,16,16
11979,112,90,22,22
11980,106,77,29,29
11981,104,85,19,19
11982,79,68,11,11
11983,81,74,7,7
11984,92,97,-5,5
11985,55,54,1,1
11986,85,70,15,15
11987,72,65,7,7
11988,48,44,4,4
11989,92,92,0,0
11990,44,43,1,1
11991,112,97,15,15
11992,118,102,16,16
11993,74,71,3,3
11994,102,81,21,21
11995,93,91,2,2
11996,113,94,19,19
11997,89,83,6,6
11998,133,119,14,14
11999,45,44,1,1
12000,53,49,4,4
12001,139,126,13,13
12002,61,55,6,6
12003,85,89,-4,4
12004,67,61,6,6
12005,81,70,11,11
12006,33,34,-1,1
12007,74,69,5,5
12008,81,71,10,10
12009,81,76,5,5
12010,114,98,16,16
12011,158,151,7,7
12012,59,59,0,0
12013,60,57,3,3
12014,111,96,15,15
12015,102,89,13,13
12016,89,70,19,19
12017,80,68,12,12
12018,73,69,4,4
12019,53,47,6,6
12020,124,109,15,15
12021,108,95,13,13
12022,101,80,21,21
12023,93,87,6,6
12024,69,68,1,1
12025,111,103,8,8
12026,74,68,6,6
12027,80,68,12,12
12028,101,81,20,20
12029,127,130,-3,3
12030,78,67,11,11
12031,143,134,9,9
12032,114,114,0,0
12033,49,66,-17,17
12034,115,108,7,7
12035,103,83,20,20
12036,84,79,5,5
12037,88,79,9,9
12038,92,79,13,13
12039,108,101,7,7
12040,90,77,13,13
12041,65,63,2,2
12042,60,54,6,6
12043,72,63,9,9
12044,129,125,4,4
12045,76,69,7,7
12046,109,103,6,6
12047,88,88,0,0
12048,60,55,5,5
12049,47,37,10,10
12050,100,84,16,16
12051,117,110,7,7
12052,125,101,24,24
12053,113,94,19,19
12054,54,50,4,4
12055,111,99,12,12
12056,156,127,29,29
12057,110,98,12,12
12058,82,84,-2,2
12059,114,95,19,19
12060,68,67,1,1
12061,66,68,-2,2
12062,90,83,7,7
12063,63,58,5,5
12064,100,89,11,11
12065,66,62,4,4
12066,141,123,18,18
12067,79,69,10,10
12068,104,82,22,22
12069,140,116,24,24
12070,72,67,5,5
12071,39,38,1,1
12072,118,99,19,19
12073,97,77,20,20
12074,95,94,1,1
12075,86,78,8,8
12076,90,77,13,13
12077,86,89,-3,3
12078,95,82,13,13
12079,118,97,21,21
12080,94,80,14,14
12081,130,119,11,11
12082,58,51,7,7
12083,121,113,8,8
12084,125,114,11,11
12085,150,137,13,13
12086,102,90,12,12
12087,122,99,23,23
12088,109,93,16,16
12089,74,70,4,4
12090,93,75,18,18
12091,53,52,1,1
12092,117,109,8,8
12093,93,82,11,11
12094,191,178,13,13
12095,142,112,30,30
12096,123,100,23,23
12097,83,78,5,5
12098,127,111,16,16
12099,83,77,6,6
12100,85,73,12,12
12101,83,75,8,8
12102,94,77,17,17
12103,164,141,23,23
12104,72,56,16,16
12105,76,54,22,22
12106,122,97,25,25
12107,59,37,22,22
12108,87,77,10,10
12109,88,57,31,31
12110,61,53,8,8
12111,154,130,24,24
12112,159,133,26,26
12113,163,135,28,28
12114,104,89,15,15
12115,121,113,8,8
12116,116,96,20,20
12117,98,89,9,9
12118,84,78,6,6
12119,42,43,-1,1
12120,78,69,9,9
12121,99,105,-6,6
12122,77,81,-4,4
12123,189,154,35,35
12124,66,70,-4,4
12125,144,132,12,12
12126,196,165,31,31
12127,107,92,15,15
12128,68,65,3,3
12129,88,75,13,13
12130,36,37,-1,1
12131,107,93,14,14
12132,123,103,20,20
12133,62,55,7,7
12134,207,175,32,32
12135,89,77,12,12
12136,74,68,6,6
12137,87,77,10,10
12138,135,119,16,16
12139,72,61,11,11
12140,183,126,57,57
12141,118,113,5,5
12142,110,79,31,31
12143,111,98,13,13
12144,122,99,23,23
12145,90,84,6,6
12146,121,108,13,13
12147,58,54,4,4
12148,126,107,19,19
12149,105,88,17,17
12150,109,97,12,12
12151,71,66,5,5
12152,148,130,18,18
12153,95,87,8,8
12154,103,93,10,10
12155,90,79,11,11
12156,77,70,7,7
12157,126,104,22,22
12158,141,122,19,19
12159,134,111,23,23
12160,49,42,7,7
12161,99,90,9,9
12162,130,110,20,20
12163,74,63,11,11
12164,64,58,6,6
12165,196,161,35,35
12166,106,99,7,7
12167,100,92,8,8
12168,88,77,11,11
12169,116,101,15,15
12170,107,97,10,10
12171,128,114,14,14
12172,93,78,15,15
12173,150,119,31,31
12174,92,72,20,20
12175,96,78,18,18
12176,115,99,16,16
12177,111,93,18,18
12178,87,82,5,5
12179,69,64,5,5
12180,139,134,5,5
12181,104,93,11,11
12182,115,106,9,9
12183,114,96,18,18
12184,58,52,6,6
12185,77,68,9,9
12186,79,76,3,3
12187,114,103,11,11
12188,111,104,7,7
12189,102,88,14,14
12190,161,140,21,21
12191,197,171,26,26
12192,72,62,10,10
12193,142,125,17,17
12194,49,47,2,2
12195,63,60,3,3
12196,135,121,14,14
12197,192,157,35,35
12198,47,46,1,1
12199,110,98,12,12
12200,71,63,8,8
12201,108,103,5,5
12202,137,126,11,11
12203,128,108,20,20
12204,137,121,16,16
12205,148,131,17,17
12206,82,74,8,8
12207,70,72,-2,2
12208,60,49,11,11
12209,115,98,17,17
12210,76,67,9,9
12211,86,74,12,12
12212,97,86,11,11
12213,122,108,14,14
12214,104,85,19,19
12215,149,140,9,9
12216,73,64,9,9
12217,88,77,11,11
12218,93,78,15,15
12219,94,81,13,13
12220,110,95,15,15
12221,56,61,-5,5
12222,66,63,3,3
12223,73,69,4,4
12224,96,87,9,9
12225,121,101,20,20
12226,122,114,8,8
12227,94,88,6,6
12228,88,89,-1,1
12229,130,121,9,9
12230,63,59,4,4
12231,141,114,27,27
12232,54,55,-1,1
12233,73,67,6,6
12234,71,63,8,8
12235,95,79,16,16
12236,121,98,23,23
12237,73,66,7,7
12238,125,113,12,12
12239,67,68,-1,1
12240,121,104,17,17
12241,109,97,12,12
12242,64,60,4,4
12243,96,81,15,15
12244,119,120,-1,1
12245,93,86,7,7
12246,75,66,9,9
12247,95,86,9,9
12248,66,64,2,2
12249,99,87,12,12
12250,47,46,1,1
12251,84,89,-5,5
12252,165,177,-12,12
12253,97,82,15,15
12254,73,68,5,5
12255,37,40,-3,3
12256,104,85,19,19
12257,71,65,6,6
12258,65,61,4,4
12259,66,54,12,12
12260,63,55,8,8
12261,96,88,8,8
12262,130,115,15,15
12263,141,122,19,19
12264,86,92,-6,6
12265,108,101,7,7
12266,128,104,24,24
12267,118,100,18,18
12268,83,71,12,12
12269,68,62,6,6
12270,84,75,9,9
12271,105,88,17,17
12272,61,67,-6,6
12273,73,69,4,4
12274,65,59,6,6
12275,131,101,30,30
12276,118,98,20,20
12277,93,85,8,8
12278,76,65,11,11
12279,75,65,10,10
12280,65,63,2,2
12281,70,59,11,11
12282,140,129,11,11
12283,95,80,15,15
12284,145,114,31,31
12285,82,64,18,18
12286,185,150,35,35
12287,71,63,8,8
12288,100,97,3,3
12289,99,82,17,17
12290,64,60,4,4
12291,65,58,7,7
12292,51,46,5,5
12293,79,80,-1,1
12294,50,49,1,1
12295,128,124,4,4
12296,109,92,17,17
12297,106,82,24,24
12298,50,48,2,2
12299,126,108,18,18
12300,105,92,13,13
12301,39,44,-5,5
12302,70,62,8,8
12303,134,93,41,41
12304,46,47,-1,1
12305,81,75,6,6
12306,115,100,15,15
12307,56,56,0,0
12308,90,77,13,13
12309,107,91,16,16
12310,38,37,1,1
12311,112,94,18,18
12312,86,78,8,8
12313,102,90,12,12
12314,81,78,3,3
12315,133,111,22,22
12316,65,57,8,8
12317,67,70,-3,3
12318,63,60,3,3
12319,105,88,17,17
12320,81,73,8,8
12321,97,93,4,4
12322,96,91,5,5
12323,113,115,-2,2
12324,91,83,8,8
12325,67,72,-5,5
12326,85,73,12,12
12327,102,91,11,11
12328,76,67,9,9
12329,190,176,14,14
12330,63,59,4,4
12331,87,67,20,20
12332,140,120,20,20
12333,113,89,24,24
12334,102,90,12,12
12335,62,51,11,11
12336,57,50,7,7
12337,48,49,-1,1
12338,62,52,10,10
12339,94,101,-7,7
12340,95,93,2,2
12341,183,159,24,24
12342,80,72,8,8
12343,164,142,22,22
12344,66,58,8,8
12345,67,72,-5,5
12346,103,93,10,10
12347,69,72,-3,3
12348,118,107,11,11
12349,78,68,10,10
12350,66,58,8,8
12351,94,82,12,12
12352,92,81,11,11
12353,142,121,21,21
12354,55,60,-5,5
12355,101,93,8,8
12356,79,65,14,14
12357,122,116,6,6
12358,123,96,27,27
12359,38,33,5,5
12360,65,69,-4,4
12361,138,110,28,28
12362,76,68,8,8
12363,114,104,10,10
12364,79,75,4,4
12365,114,95,19,19
12366,68,61,7,7
12367,78,69,9,9
12368,93,90,3,3
12369,103,94,9,9
12370,163,125,38,38
12371,101,96,5,5
12372,126,111,15,15
12373,67,56,11,11
12374,78,68,10,10
12375,116,101,15,15
12376,128,116,12,12
12377,91,77,14,14
12378,142,118,24,24
12379,65,59,6,6
12380,145,144,1,1
12381,61,51,10,10
12382,136,109,27,27
12383,84,70,14,14
12384,98,83,15,15
12385,87,79,8,8
12386,107,98,9,9
12387,115,114,1,1
12388,106,87,19,19
12389,93,86,7,7
12390,80,64,16,16
12391,130,109,21,21
12392,115,96,19,19
12393,97,100,-3,3
12394,92,83,9,9
12395,88,77,11,11
12396,66,58,8,8
12397,66,58,8,8
12398,87,80,7,7
12399,106,91,15,15
12400,70,70,0,0
12401,180,150,30,30
12402,87,88,-1,1
12403,89,72,17,17
12404,92,87,5,5
12405,125,101,24,24
12406,88,90,-2,2
12407,109,94,15,15
12408,35,35,0,0
12409,67,65,2,2
12410,117,104,13,13
12411,190,159,31,31
12412,114,101,13,13
12413,137,119,18,18
12414,138,137,1,1
12415,129,121,8,8
12416,106,81,25,25
12417,63,61,2,2
12418,58,56,2,2
12419,57,55,2,2
12420,86,82,4,4
12421,104,90,14,14
12422,97,86,11,11
12423,101,92,9,9
12424,137,115,22,22
12425,64,49,15,15
12426,176,174,2,2
12427,93,78,15,15
12428,120,104,16,16
12429,108,95,13,13
12430,70,65,5,5
12431,97,82,15,15
12432,83,80,3,3
12433,83,69,14,14
12434,150,145,5,5
12435,64,62,2,2
12436,89,75,14,14
12437,96,84,12,12
12438,114,99,15,15
12439,119,104,15,15
12440,61,50,11,11
12441,96,85,11,11
12442,105,95,10,10
12443,61,53,8,8
12444,141,124,17,17
12445,86,73,13,13
12446,87,75,12,12
12447,90,72,18,18
12448,105,95,10,10
12449,91,75,16,16
12450,111,103,8,8
12451,76,68,8,8
12452,87,79,8,8
12453,91,82,9,9
12454,107,103,4,4
12455,110,97,13,13
12456,124,117,7,7
12457,128,109,19,19
12458,109,96,13,13
12459,71,62,9,9
12460,87,72,15,15
12461,148,129,19,19
12462,107,90,17,17
12463,134,121,13,13
12464,23,29,-6,6
12465,119,121,-2,2
12466,91,74,17,17
12467,25,33,-8,8
12468,61,66,-5,5
12469,101,86,15,15
12470,72,62,10,10
12471,95,90,5,5
12472,47,40,7,7
12473,97,85,12,12
12474,81,73,8,8
12475,59,51,8,8
12476,77,65,12,12
12477,138,111,27,27
12478,120,109,11,11
12479,136,127,9,9
12480,79,73,6,6
12481,63,57,6,6
12482,102,90,12,12
12483,158,132,26,26
12484,73,69,4,4
12485,53,45,8,8
12486,83,78,5,5
12487,155,122,33,33
12488,139,116,23,23
12489,93,75,18,18
12490,128,119,9,9
12491,98,96,2,2
12492,96,78,18,18
12493,153,134,19,19
12494,104,94,10,10
12495,115,90,25,25
12496,72,65,7,7
12497,90,78,12,12
12498,127,121,6,6
12499,112,113,-1,1
12500,64,63,1,1
12501,73,62,11,11
12502,72,68,4,4
12503,73,74,-1,1
12504,56,52,4,4
12505,106,91,15,15
12506,144,119,25,25
12507,47,63,-16,16
12508,147,128,19,19
12509,95,85,10,10
12510,76,75,1,1
12511,128,116,12,12
12512,81,65,16,16
12513,79,73,6,6
12514,86,73,13,13
12515,44,45,-1,1
12516,87,81,6,6
12517,102,93,9,9
12518,116,104,12,12
12519,105,93,12,12
12520,113,110,3,3
12521,152,127,25,25
12522,175,151,24,24
12523,70,64,6,6
12524,173,148,25,25
12525,87,70,17,17
12526,102,85,17,17
12527,88,81,7,7
12528,76,67,9,9
12529,110,91,19,19
12530,99,91,8,8
12531,71,64,7,7
12532,75,66,9,9
12533,105,94,11,11
12534,153,139,14,14
12535,100,101,-1,1
12536,90,75,15,15
12537,83,88,-5,5
12538,82,75,7,7
12539,49,47,2,2
12540,69,62,7,7
12541,113,101,12,12
12542,63,57,6,6
12543,58,55,3,3
12544,65,57,8,8
12545,145,128,17,17
12546,50,45,5,5
12547,83,80,3,3
12548,100,87,13,13
12549,76,67,9,9
12550,72,65,7,7
12551,71,79,-8,8
12552,106,91,15,15
12553,127,122,5,5
12554,96,81,15,15
12555,67,62,5,5
12556,140,123,17,17
12557,56,51,5,5
12558,108,94,14,14
12559,94,78,16,16
12560,59,53,6,6
12561,84,78,6,6
12562,96,88,8,8
12563,92,90,2,2
12564,186,164,22,22
12565,62,56,6,6
12566,164,136,28,28
12567,49,45,4,4
12568,62,55,7,7
12569,50,52,-2,2
12570,128,114,14,14
12571,57,57,0,0
12572,69,64,5,5
12573,48,51,-3,3
12574,132,111,21,21
12575,140,129,11,11
12576,107,93,14,14
12577,80,73,7,7
12578,78,69,9,9
12579,140,116,24,24
12580,78,72,6,6
12581,123,102,21,21
12582,87,83,4,4
12583,91,96,-5,5
12584,119,116,3,3
12585,107,93,14,14
12586,52,50,2,2
12587,61,63,-2,2
12588,102,85,17,17
12589,79,66,13,13
12590,81,72,9,9
12591,72,62,10,10
12592,74,75,-1,1
12593,73,59,14,14
12594,114,80,34,34
12595,127,110,17,17
12596,92,73,19,19
12597,118,110,8,8
12598,115,152,-37,37
12599,73,64,9,9
12600,93,84,9,9
12601,70,60,10,10
12602,73,64,9,9
12603,107,106,1,1
12604,96,91,5,5
12605,101,77,24,24
12606,76,78,-2,2
12607,85,68,17,17
12608,111,98,13,13
12609,42,44,-2,2
12610,69,59,10,10
12611,97,77,20,20
12612,90,77,13,13
12613,96,81,15,15
12614,114,118,-4,4
12615,121,103,18,18
12616,68,65,3,3
12617,45,42,3,3
12618,73,68,5,5
12619,109,93,16,16
12620,175,155,20,20
12621,90,73,17,17
12622,70,62,8,8
12623,85,77,8,8
12624,62,60,2,2
12625,89,87,2,2
12626,132,116,16,16
12627,155,128,27,27
12628,99,90,9,9
12629,60,51,9,9
12630,110,95,15,15
12631,87,76,11,11
12632,98,95,3,3
12633,80,82,-2,2
12634,127,111,16,16
12635,172,147,25,25
12636,181,155,26,26
12637,130,108,22,22
12638,76,67,9,9
12639,86,74,12,12
12640,105,90,15,15
12641,105,102,3,3
12642,56,58,-2,2
12643,65,63,2,2
12644,42,39,3,3
12645,120,100,20,20
12646,65,56,9,9
12647,76,72,4,4
12648,134,113,21,21
12649,28,61,-33,33
12650,96,83,13,13
12651,92,85,7,7
12652,53,47,6,6
12653,66,56,10,10
12654,79,68,11,11
12655,101,102,-1,1
12656,78,87,-9,9
12657,88,84,4,4
12658,136,116,20,20
12659,142,123,19,19
12660,73,60,13,13
12661,97,80,17,17
12662,80,67,13,13
12663,51,49,2,2
12664,69,70,-1,1
12665,52,47,5,5
12666,57,50,7,7
12667,100,100,0,0
12668,147,130,17,17
12669,129,117,12,12
12670,92,90,2,2
12671,107,84,23,23
12672,99,96,3,3
12673,89,83,6,6
12674,58,53,5,5
12675,103,81,22,22
12676,33,36,-3,3
12677,103,82,21,21
12678,88,79,9,9
12679,81,76,5,5
12680,53,50,3,3
12681,70,71,-1,1
12682,32,38,-6,6
12683,88,78,10,10
12684,99,103,-4,4
12685,110,96,14,14
12686,78,71,7,7
12687,99,88,11,11
12688,46,45,1,1
12689,136,107,29,29
12690,75,63,12,12
12691,117,91,26,26
12692,93,73,20,20
12693,132,119,13,13
12694,70,65,5,5
12695,69,65,4,4
12696,49,33,16,16
12697,71,59,12,12
12698,118,104,14,14
12699,97,87,10,10
12700,76,79,-3,3
12701,195,145,50,50
12702,128,113,15,15
12703,66,53,13,13
12704,120,106,14,14
12705,73,68,5,5
12706,62,62,0,0
12707,104,81,23,23
12708,94,88,6,6
12709,94,77,17,17
12710,110,88,22,22
12711,96,81,15,15
12712,107,93,14,14
12713,77,76,1,1
12714,91,89,2,2
12715,63,53,10,10
12716,128,100,28,28
12717,77,67,10,10
12718,67,66,1,1
12719,124,103,21,21
12720,94,81,13,13
12721,64,58,6,6
12722,74,69,5,5
12723,88,80,8,8
12724,70,65,5,5
12725,78,69,9,9
12726,66,69,-3,3
12727,104,94,10,10
12728,134,126,8,8
12729,92,78,14,14
12730,74,63,11,11
12731,93,79,14,14
12732,98,84,14,14
12733,100,83,17,17
12734,87,81,6,6
12735,101,86,15,15
12736,49,46,3,3
12737,121,103,18,18
12738,84,87,-3,3
12739,158,140,18,18
12740,115,93,22,22
12741,125,102,23,23
12742,53,43,10,10
12743,80,77,3,3
12744,68,57,11,11
12745,103,88,15,15
12746,107,97,10,10
12747,77,80,-3,3
12748,100,95,5,5
12749,120,116,4,4
12750,91,80,11,11
12751,77,57,20,20
12752,132,111,21,21
12753,131,112,19,19
12754,43,55,-12,12
12755,45,41,4,4
12756,124,104,20,20
12757,86,71,15,15
12758,107,89,18,18
12759,82,78,4,4
12760,204,169,35,35
12761,107,91,16,16
12762,120,110,10,10
12763,140,121,19,19
12764,153,126,27,27
12765,83,74,9,9
12766,47,40,7,7
12767,91,73,18,18
12768,68,50,18,18
12769,56,50,6,6
12770,77,75,2,2
12771,37,41,-4,4
12772,117,98,19,19
12773,85,74,11,11
12774,101,85,16,16
12775,67,67,0,0
12776,118,116,2,2
12777,56,57,-1,1
12778,68,61,7,7
12779,65,62,3,3
12780,105,91,14,14
12781,102,98,4,4
12782,116,96,20,20
12783,69,62,7,7
12784,79,68,11,11
12785,105,92,13,13
12786,101,70,31,31
12787,106,85,21,21
12788,89,74,15,15
12789,77,71,6,6
12790,116,104,12,12
12791,111,94,17,17
12792,91,69,22,22
12793,74,62,12,12
12794,96,86,10,10
12795,119,112,7,7
12796,124,103,21,21
12797,83,69,14,14
12798,59,58,1,1
12799,87,71,16,16
12800,55,52,3,3
12801,121,108,13,13
12802,94,81,13,13
12803,90,78,12,12
12804,181,155,26,26
12805,93,75,18,18
12806,72,67,5,5
12807,92,82,10,10
12808,153,128,25,25
12809,55,51,4,4
12810,61,59,2,2
12811,99,86,13,13
12812,82,76,6,6
12813,102,84,18,18
12814,148,129,19,19
12815,112,98,14,14
12816,172,152,20,20
12817,133,119,14,14
12818,97,87,10,10
12819,70,68,2,2
12820,70,69,1,1
12821,98,77,21,21
12822,96,95,1,1
12823,69,61,8,8
12824,90,76,14,14
12825,138,116,22,22
12826,132,113,19,19
12827,153,140,13,13
12828,86,69,17,17
12829,108,89,19,19
12830,80,80,0,0
12831,154,122,32,32
12832,116,109,7,7
12833,103,89,14,14
12834,104,99,5,5
12835,116,100,16,16
12836,107,84,23,23
12837,96,78,18,18
12838,90,84,6,6
12839,50,52,-2,2
12840,104,92,12,12
12841,72,59,13,13
12842,106,88,18,18
12843,87,78,9,9
12844,124,111,13,13
12845,27,30,-3,3
12846,133,115,18,18
12847,122,98,24,24
12848,124,126,-2,2
12849,89,85,4,4
12850,97,111,-14,14
12851,84,81,3,3
12852,140,127,13,13
12853,136,116,20,20
12854,20,29,-9,9
12855,93,85,8,8
12856,85,77,8,8
12857,74,69,5,5
12858,103,81,22,22
12859,75,69,6,6
12860,46,43,3,3
12861,84,92,-8,8
12862,75,67,8,8
12863,53,47,6,6
12864,52,69,-17,17
12865,87,81,6,6
12866,109,87,22,22
12867,105,85,20,20
12868,67,59,8,8
12869,154,123,31,31
12870,84,79,5,5
12871,128,108,20,20
12872,113,110,3,3
12873,87,70,17,17
12874,101,95,6,6
12875,96,91,5,5
12876,39,40,-1,1
12877,133,119,14,14
12878,191,173,18,18
12879,60,57,3,3
12880,125,108,17,17
12881,75,72,3,3
12882,40,43,-3,3
12883,103,85,18,18
12884,79,69,10,10
12885,185,163,22,22
12886,124,103,21,21
12887,109,103,6,6
12888,89,88,1,1
12889,67,60,7,7
12890,47,39,8,8
12891,76,62,14,14
12892,122,113,9,9
12893,106,86,20,20
12894,142,113,29,29
12895,96,69,27,27
12896,52,48,4,4
12897,96,86,10,10
12898,117,110,7,7
12899,69,67,2,2
12900,89,73,16,16
12901,72,64,8,8
12902,180,155,25,25
12903,94,79,15,15
12904,53,52,1,1
12905,93,90,3,3
12906,161,128,33,33
12907,137,120,17,17
12908,129,116,13,13
12909,89,73,16,16
12910,102,87,15,15
12911,159,141,18,18
12912,67,60,7,7
12913,67,69,-2,2
12914,97,87,10,10
12915,71,62,9,9
12916,153,136,17,17
12917,100,88,12,12
12918,92,88,4,4
12919,79,77,2,2
12920,79,73,6,6
12921,73,64,9,9
12922,133,118,15,15
12923,51,46,5,5
12924,139,117,22,22
12925,115,110,5,5
12926,89,78,11,11
12927,124,112,12,12
12928,90,79,11,11
12929,128,115,13,13
12930,131,111,20,20
12931,71,62,9,9
12932,113,96,17,17
12933,127,120,7,7
12934,61,59,2,2
12935,113,100,13,13
12936,112,79,33,33
12937,75,67,8,8
12938,125,98,27,27
12939,73,66,7,7
12940,100,102,-2,2
12941,187,158,29,29
12942,101,86,15,15
12943,103,84,19,19
12944,99,96,3,3
12945,65,60,5,5
12946,116,100,16,16
12947,97,100,-3,3
12948,83,78,5,5
12949,90,89,1,1
12950,101,89,12,12
12951,97,91,6,6
12952,107,93,14,14
12953,119,117,2,2
12954,78,64,14,14
12955,79,72,7,7
12956,74,70,4,4
12957,150,128,22,22
12958,83,84,-1,1
12959,131,128,3,3
12960,68,64,4,4
12961,222,169,53,53
12962,88,76,12,12
12963,109,90,19,19
12964,149,137,12,12
12965,82,79,3,3
12966,33,29,4,4
12967,97,95,2,2
12968,88,80,8,8
12969,127,117,10,10
12970,70,63,7,7
12971,86,75,11,11
12972,63,56,7,7
12973,101,87,14,14
12974,85,77,8,8
12975,97,75,22,22
12976,68,63,5,5
12977,79,83,-4,4
12978,182,158,24,24
12979,68,65,3,3
12980,68,62,6,6
12981,81,68,13,13
12982,118,99,19,19
12983,93,84,9,9
12984,117,89,28,28
12985,144,126,18,18
12986,134,109,25,25
12987,69,63,6,6
12988,133,115,18,18
12989,88,81,7,7
12990,63,51,12,12
12991,116,107,9,9
12992,113,109,4,4
12993,103,84,19,19
12994,127,106,21,21
12995,116,105,11,11
12996,114,99,15,15
12997,123,103,20,20
12998,72,59,13,13
12999,107,89,18,18
13000,121,96,25,25
13001,100,78,22,22
13002,87,78,9,9
13003,102,85,17,17
13004,155,143,12,12
13005,72,70,2,2
13006,84,75,9,9
13007,86,83,3,3
13008,115,108,7,7
13009,100,87,13,13
13010,81,65,16,16
13011,51,48,3,3
13012,54,48,6,6
13013,86,75,11,11
13014,92,80,12,12
13015,60,58,2,2
13016,112,99,13,13
13017,92,78,14,14
13018,87,78,9,9
13019,95,87,8,8
13020,80,69,11,11
13021,139,123,16,16
13022,103,83,20,20
13023,120,117,3,3
13024,75,75,0,0
13025,51,41,10,10
13026,76,67,9,9
13027,67,63,4,4
13028,165,143,22,22
13029,84,79,5,5
13030,83,80,3,3
13031,61,53,8,8
13032,159,136,23,23
13033,64,70,-6,6
13034,140,125,15,15
13035,65,69,-4,4
13036,68,65,3,3
13037,67,55,12,12
13038,87,82,5,5
13039,109,98,11,11
13040,116,105,11,11
13041,94,98,-4,4
13042,135,111,24,24
13043,77,67,10,10
13044,55,49,6,6
13045,61,54,7,7
13046,73,68,5,5
13047,139,110,29,29
13048,106,102,4,4
13049,78,76,2,2
13050,74,58,16,16
13051,99,84,15,15
13052,88,82,6,6
13053,93,73,20,20
13054,69,58,11,11
13055,235,191,44,44
13056,83,77,6,6
13057,101,81,20,20
13058,66,64,2,2
13059,58,50,8,8
13060,119,108,11,11
13061,129,114,15,15
13062,82,74,8,8
13063,168,147,21,21
13064,72,69,3,3
13065,125,103,22,22
13066,82,68,14,14
13067,97,81,16,16
13068,56,57,-1,1
13069,123,122,1,1
13070,79,64,15,15
13071,84,73,11,11
13072,112,98,14,14
13073,80,76,4,4
13074,106,95,11,11
13075,60,57,3,3
13076,72,67,5,5
13077,96,93,3,3
13078,60,41,19,19
13079,117,87,30,30
13080,66,65,1,1
13081,78,71,7,7
13082,55,53,2,2
13083,164,129,35,35
13084,184,156,28,28
13085,78,73,5,5
13086,61,61,0,0
13087,109,114,-5,5
13088,101,90,11,11
13089,79,69,10,10
13090,51,49,2,2
13091,64,53,11,11
13092,62,58,4,4
13093,144,125,19,19
13094,57,53,4,4
13095,50,46,4,4
13096,81,70,11,11
13097,99,89,10,10
13098,97,89,8,8
13099,129,102,27,27
13100,104,88,16,16
13101,93,89,4,4
13102,84,70,14,14
13103,90,81,9,9
13104,112,105,7,7
13105,69,63,6,6
13106,69,66,3,3
13107,107,79,28,28
13108,145,114,31,31
13109,84,67,17,17
13110,51,48,3,3
13111,100,83,17,17
13112,82,79,3,3
13113,71,74,-3,3
13114,104,86,18,18
13115,67,69,-2,2
13116,89,83,6,6
13117,61,68,-7,7
13118,74,71,3,3
13119,101,96,5,5
13120,67,67,0,0
13121,72,71,1,1
13122,70,62,8,8
13123,158,145,13,13
13124,94,83,11,11
13125,84,71,13,13
13126,120,108,12,12
13127,152,138,14,14
13128,137,117,20,20
13129,82,80,2,2
13130,116,101,15,15
13131,112,97,15,15
13132,99,80,19,19
13133,150,138,12,12
13134,66,53,13,13
13135,81,63,18,18
13136,50,46,4,4
13137,133,121,12,12
13138,65,62,3,3
13139,65,58,7,7
13140,80,71,9,9
13141,53,41,12,12
13142,108,88,20,20
13143,80,58,22,22
13144,126,119,7,7
13145,73,70,3,3
13146,58,50,8,8
13147,80,67,13,13
13148,62,56,6,6
13149,64,59,5,5
13150,55,49,6,6
13151,81,73,8,8
13152,97,88,9,9
13153,78,64,14,14
13154,101,82,19,19
13155,72,72,0,0
13156,112,97,15,15
13157,84,78,6,6
13158,68,64,4,4
13159,102,95,7,7
13160,117,115,2,2
13161,88,74,14,14
13162,127,102,25,25
13163,64,51,13,13
13164,87,80,7,7
13165,80,72,8,8
13166,101,80,21,21
13167,122,106,16,16
13168,67,57,10,10
13169,131,113,18,18
13170,97,80,17,17
13171,135,108,27,27
13172,88,77,11,11
13173,115,114,1,1
13174,134,108,26,26
13175,116,105,11,11
13176,79,72,7,7
13177,45,41,4,4
13178,100,89,11,11
13179,85,93,-8,8
13180,63,60,3,3
13181,89,79,10,10
13182,76,69,7,7
13183,138,114,24,24
13184,123,110,13,13
13185,74,71,3,3
13186,43,48,-5,5
13187,66,67,-1,1
13188,86,96,-10,10
13189,115,116,-1,1
13190,30,42,-12,12
13191,66,63,3,3
13192,208,156,52,52
13193,90,79,11,11
13194,71,59,12,12
13195,94,75,19,19
13196,171,148,23,23
13197,55,49,6,6
13198,43,39,4,4
13199,67,64,3,3
13200,143,112,31,31
13201,98,87,11,11
13202,100,87,13,13
13203,108,93,15,15
13204,91,71,20,20
13205,131,120,11,11
13206,79,63,16,16
13207,153,141,12,12
13208,37,37,0,0
13209,46,38,8,8
13210,241,205,36,36
13211,89,77,12,12
13212,72,62,10,10
13213,100,84,16,16
13214,83,73,10,10
13215,98,89,9,9
13216,128,110,18,18
13217,162,108,54,54
13218,81,69,12,12
13219,98,86,12,12
13220,70,71,-1,1
13221,182,149,33,33
13222,71,64,7,7
13223,173,156,17,17
13224,54,51,3,3
13225,66,61,5,5
13226,85,70,15,15
13227,93,83,10,10
13228,71,100,-29,29
13229,163,143,20,20
13230,86,73,13,13
13231,74,65,9,9
13232,148,135,13,13
13233,112,99,13,13
13234,90,70,20,20
13235,64,54,10,10
13236,78,86,-8,8
13237,115,107,8,8
13238,105,87,18,18
13239,90,80,10,10
13240,117,98,19,19
13241,103,82,21,21
13242,139,143,-4,4
13243,107,101,6,6
13244,118,117,1,1
13245,94,75,19,19
13246,56,49,7,7
13247,97,84,13,13
13248,77,64,13,13
13249,117,85,32,32
13250,125,113,12,12
13251,67,65,2,2
13252,73,64,9,9
13253,152,127,25,25
13254,73,62,11,11
13255,121,106,15,15
13256,166,148,18,18
13257,90,79,11,11
13258,96,92,4,4
13259,149,139,10,10
13260,61,59,2,2
13261,144,122,22,22
13262,121,110,11,11
13263,131,108,23,23
13264,58,46,12,12
13265,51,49,2,2
13266,54,58,-4,4
13267,72,67,5,5
13268,99,93,6,6
13269,124,98,26,26
13270,105,93,12,12
13271,100,85,15,15
13272,153,138,15,15
13273,76,73,3,3
13274,120,99,21,21
13275,94,83,11,11
13276,85,71,14,14
13277,84,79,5,5
13278,53,61,-8,8
13279,106,98,8,8
13280,108,101,7,7
13281,140,116,24,24
13282,113,100,13,13
13283,57,62,-5,5
13284,108,97,11,11
13285,123,102,21,21
13286,108,90,18,18
13287,83,72,11,11
13288,99,74,25,25
13289,78,69,9,9
13290,96,88,8,8
13291,58,51,7,7
13292,82,72,10,10
13293,148,130,18,18
13294,86,84,2,2
13295,81,64,17,17
13296,119,106,13,13
13297,97,92,5,5
13298,118,105,13,13
13299,92,78,14,14
13300,102,99,3,3
13301,72,65,7,7
13302,64,56,8,8
13303,86,78,8,8
13304,57,61,-4,4
13305,102,90,12,12
13306,67,54,13,13
13307,88,81,7,7
13308,139,110,29,29
13309,61,59,2,2
13310,77,68,9,9
13311,158,142,16,16
13312,130,107,23,23
13313,132,122,10,10
13314,187,162,25,25
13315,79,67,12,12
13316,96,92,4,4
13317,76,69,7,7
13318,71,65,6,6
13319,78,73,5,5
13320,209,181,28,28
13321,75,67,8,8
13322,146,120,26,26
13323,100,86,14,14
13324,80,77,3,3
13325,70,64,6,6
13326,65,60,5,5
13327,95,91,4,4
13328,80,70,10,10
13329,69,62,7,7
13330,132,124,8,8
13331,77,64,13,13
13332,98,83,15,15
13333,94,85,9,9
13334,86,76,10,10
13335,90,75,15,15
13336,75,63,12,12
13337,130,97,33,33
13338,87,84,3,3
13339,141,114,27,27
13340,161,133,28,28
13341,68,70,-2,2
13342,97,82,15,15
13343,125,103,22,22
13344,36,40,-4,4
13345,115,100,15,15
13346,68,53,15,15
13347,106,88,18,18
13348,96,101,-5,5
13349,82,73,9,9
13350,73,59,14,14
13351,89,69,20,20
13352,75,63,12,12
13353,85,84,1,1
13354,134,129,5,5
13355,90,74,16,16
13356,83,77,6,6
13357,129,96,33,33
13358,140,127,13,13
13359,60,55,5,5
13360,82,69,13,13
13361,153,137,16,16
13362,80,80,0,0
13363,119,108,11,11
13364,108,90,18,18
13365,54,51,3,3
13366,99,93,6,6
13367,130,145,-15,15
13368,100,88,12,12
13369,59,50,9,9
13370,84,81,3,3
13371,117,106,11,11
13372,60,56,4,4
13373,55,50,5,5
13374,96,87,9,9
13375,73,75,-2,2
13376,64,66,-2,2
13377,75,65,10,10
13378,55,49,6,6
13379,90,77,13,13
13380,142,133,9,9
13381,139,122,17,17
13382,118,99,19,19
13383,120,102,18,18
13384,112,102,10,10
13385,43,42,1,1
13386,106,96,10,10
13387,187,161,26,26
13388,117,108,9,9
13389,111,98,13,13
13390,188,166,22,22
13391,156,123,33,33
13392,136,126,10,10
13393,88,81,7,7
13394,29,32,-3,3
13395,107,85,22,22
13396,113,84,29,29
13397,93,83,10,10
13398,81,74,7,7
13399,22,28,-6,6
13400,69,63,6,6
13401,168,144,24,24
13402,147,122,25,25
13403,105,102,3,3
13404,145,121,24,24
13405,58,57,1,1
13406,60,60,0,0
13407,150,140,10,10
13408,70,60,10,10
13409,69,64,5,5
13410,140,125,15,15
13411,88,73,15,15
13412,120,107,13,13
13413,63,57,6,6
13414,81,78,3,3
13415,66,55,11,11
13416,91,76,15,15
13417,131,124,7,7
13418,126,96,30,30
13419,138,127,11,11
13420,103,94,9,9
13421,103,91,12,12
13422,50,56,-6,6
13423,64,63,1,1
13424,75,71,4,4
13425,67,59,8,8
13426,97,83,14,14
13427,109,99,10,10
13428,137,117,20,20
13429,71,62,9,9
13430,98,79,19,19
13431,82,87,-5,5
13432,65,62,3,3
13433,117,93,24,24
13434,148,138,10,10
13435,190,140,50,50
13436,84,72,12,12
13437,110,93,17,17
13438,138,120,18,18
13439,74,66,8,8
13440,130,104,26,26
13441,79,69,10,10
13442,92,98,-6,6
13443,137,126,11,11
13444,104,83,21,21
13445,160,119,41,41
13446,90,79,11,11
13447,101,90,11,11
13448,123,113,10,10
13449,73,65,8,8
13450,66,61,5,5
13451,124,111,13,13
13452,173,147,26,26
13453,142,117,25,25
13454,32,35,-3,3
13455,104,90,14,14
13456,65,75,-10,10
13457,60,54,6,6
13458,71,70,1,1
13459,56,49,7,7
13460,122,109,13,13
13461,135,134,1,1
13462,162,146,16,16
13463,96,100,-4,4
13464,126,118,8,8
13465,74,69,5,5
13466,102,95,7,7
13467,80,70,10,10
13468,88,72,16,16
13469,92,72,20,20
13470,107,102,5,5
13471,87,77,10,10
13472,58,53,5,5
13473,80,64,16,16
13474,79,62,17,17
13475,114,110,4,4
13476,78,78,0,0
13477,75,71,4,4
13478,168,154,14,14
13479,114,100,14,14
13480,59,62,-3,3
13481,152,142,10,10
13482,66,59,7,7
13483,98,81,17,17
13484,70,64,6,6
13485,101,79,22,22
13486,130,116,14,14
13487,114,95,19,19
13488,63,61,2,2
13489,181,152,29,29
13490,86,75,11,11
13491,107,107,0,0
13492,59,53,6,6
13493,74,65,9,9
13494,134,121,13,13
13495,199,151,48,48
13496,58,58,0,0
13497,99,89,10,10
13498,103,97,6,6
13499,183,147,36,36
13500,96,86,10,10
13501,99,92,7,7
13502,113,92,21,21
13503,88,69,19,19
13504,88,82,6,6
13505,128,111,17,17
13506,82,82,0,0
13507,80,69,11,11
13508,53,52,1,1
13509,47,45,2,2
13510,102,80,22,22
13511,97,85,12,12
13512,68,62,6,6
13513,125,103,22,22
13514,110,106,4,4
13515,77,66,11,11
13516,127,106,21,21
13517,87,78,9,9
13518,107,82,25,25
13519,105,100,5,5
13520,153,114,39,39
13521,61,60,1,1
13522,33,69,-36,36
13523,146,125,21,21
13524,100,96,4,4
13525,170,139,31,31
13526,134,111,23,23
13527,78,87,-9,9
13528,73,58,15,15
13529,60,52,8,8
13530,64,57,7,7
13531,99,84,15,15
13532,80,81,-1,1
13533,65,58,7,7
13534,67,55,12,12
13535,141,117,24,24
13536,60,59,1,1
13537,138,130,8,8
13538,154,137,17,17
13539,58,53,5,5
13540,114,112,2,2
13541,132,110,22,22
13542,98,89,9,9
13543,80,78,2,2
13544,105,97,8,8
13545,84,80,4,4
13546,78,71,7,7
13547,154,130,24,24
13548,67,64,3,3
13549,95,96,-1,1
13550,125,105,20,20
13551,128,108,20,20
13552,42,39,3,3
13553,204,172,32,32
13554,98,86,12,12
13555,112,100,12,12
13556,132,110,22,22
13557,139,116,23,23
13558,93,79,14,14
13559,146,126,20,20
13560,56,52,4,4
13561,65,57,8,8
13562,124,103,21,21
13563,103,93,10,10
13564,86,71,15,15
13565,60,61,-1,1
13566,98,89,9,9
13567,80,108,-28,28
13568,89,91,-2,2
13569,148,117,31,31
13570,40,41,-1,1
13571,80,79,1,1
13572,70,71,-1,1
13573,82,65,17,17
13574,133,130,3,3
13575,75,72,3,3
13576,75,64,11,11
13577,120,91,29,29
13578,50,49,1,1
13579,111,112,-1,1
13580,86,76,10,10
13581,115,107,8,8
13582,63,51,12,12
13583,93,85,8,8
13584,104,85,19,19
13585,153,138,15,15
13586,51,50,1,1
13587,128,104,24,24
13588,92,79,13,13
13589,51,50,1,1
13590,84,75,9,9
13591,104,91,13,13
13592,101,83,18,18
13593,83,81,2,2
13594,69,68,1,1
13595,96,81,15,15
13596,83,74,9,9
13597,54,64,-10,10
13598,83,63,20,20
13599,54,48,6,6
13600,61,53,8,8
13601,116,95,21,21
13602,113,91,22,22
13603,76,64,12,12
13604,87,75,12,12
13605,59,52,7,7
13606,141,124,17,17
13607,97,90,7,7
13608,89,74,15,15
13609,131,119,12,12
13610,71,60,11,11
13611,60,50,10,10
13612,39,41,-2,2
13613,68,67,1,1
13614,61,55,6,6
13615,107,92,15,15
13616,95,83,12,12
13617,94,100,-6,6
13618,82,77,5,5
13619,110,101,9,9
13620,113,104,9,9
13621,107,89,18,18
13622,161,129,32,32
13623,180,143,37,37
13624,101,92,9,9
13625,88,76,12,12
13626,87,78,9,9
13627,115,104,11,11
13628,121,103,18,18
13629,139,123,16,16
13630,123,109,14,14
13631,63,55,8,8
13632,122,102,20,20
13633,68,64,4,4
13634,110,91,19,19
13635,57,71,-14,14
13636,82,68,14,14
13637,95,85,10,10
13638,134,119,15,15
13639,98,78,20,20
13640,128,106,22,22
13641,95,85,10,10
13642,104,113,-9,9
13643,175,146,29,29
13644,109,87,22,22
13645,164,134,30,30
13646,118,98,20,20
13647,70,65,5,5
13648,54,58,-4,4
13649,145,130,15,15
13650,68,60,8,8
13651,82,70,12,12
13652,61,54,7,7
13653,92,83,9,9
13654,89,78,11,11
13655,96,83,13,13
13656,122,105,17,17
13657,79,71,8,8
13658,75,68,7,7
13659,108,96,12,12
13660,43,41,2,2
13661,67,63,4,4
13662,75,70,5,5
13663,67,59,8,8
13664,88,83,5,5
13665,55,51,4,4
13666,96,96,0,0
13667,60,55,5,5
13668,125,104,21,21
13669,56,59,-3,3
13670,111,97,14,14
13671,105,107,-2,2
13672,77,88,-11,11
13673,89,83,6,6
13674,79,73,6,6
13675,107,100,7,7
13676,124,105,19,19
13677,119,105,14,14
13678,57,69,-12,12
13679,127,110,17,17
13680,64,65,-1,1
13681,96,89,7,7
13682,89,71,18,18
13683,71,67,4,4
13684,76,68,8,8
13685,110,100,10,10
13686,120,118,2,2
13687,98,82,16,16
13688,84,81,3,3
13689,233,196,37,37
13690,75,62,13,13
13691,107,80,27,27
13692,76,69,7,7
13693,84,77,7,7
13694,86,76,10,10
13695,103,85,18,18
13696,106,86,20,20
13697,150,117,33,33
13698,73,66,7,7
13699,130,128,2,2
13700,132,107,25,25
13701,139,120,19,19
13702,115,101,14,14
13703,155,135,20,20
13704,75,73,2,2
13705,70,64,6,6
13706,127,105,22,22
13707,65,56,9,9
13708,100,96,4,4
13709,170,146,24,24
13710,135,121,14,14
13711,75,69,6,6
13712,164,155,9,9
13713,125,98,27,27
13714,104,101,3,3
13715,53,47,6,6
13716,146,130,16,16
13717,102,78,24,24
13718,70,68,2,2
13719,54,52,2,2
13720,108,95,13,13
13721,97,89,8,8
13722,104,90,14,14
13723,140,126,14,14
13724,94,94,0,0
13725,62,68,-6,6
13726,105,85,20,20
13727,48,44,4,4
13728,63,61,2,2
13729,64,50,14,14
13730,51,46,5,5
13731,63,54,9,9
13732,121,105,16,16
13733,120,103,17,17
13734,86,78,8,8
13735,91,83,8,8
13736,55,56,-1,1
13737,98,89,9,9
13738,69,56,13,13
13739,45,39,6,6
13740,126,124,2,2
13741,169,148,21,21
13742,95,77,18,18
13743,106,99,7,7
13744,91,77,14,14
13745,126,104,22,22
13746,67,63,4,4
13747,55,52,3,3
13748,74,70,4,4
13749,87,67,20,20
13750,87,77,10,10
13751,83,65,18,18
13752,114,114,0,0
13753,125,115,10,10
13754,120,104,16,16
13755,86,72,14,14
13756,66,64,2,2
13757,106,91,15,15
13758,62,51,11,11
13759,87,97,-10,10
13760,68,56,12,12
13761,77,70,7,7
13762,106,91,15,15
13763,101,87,14,14
13764,93,77,16,16
13765,63,74,-11,11
13766,53,53,0,0
13767,116,106,10,10
13768,116,104,12,12
13769,92,105,-13,13
13770,80,76,4,4
13771,93,84,9,9
13772,129,110,19,19
13773,97,86,11,11
13774,51,53,-2,2
13775,98,81,17,17
13776,80,98,-18,18
13777,74,65,9,9
13778,157,130,27,27
13779,163,149,14,14
13780,62,60,2,2
13781,107,97,10,10
13782,107,83,24,24
13783,107,93,14,14
13784,83,73,10,10
13785,117,92,25,25
13786,94,88,6,6
13787,65,59,6,6
13788,61,60,1,1
13789,79,75,4,4
13790,137,123,14,14
13791,141,118,23,23
13792,95,88,7,7
13793,101,91,10,10
13794,95,87,8,8
13795,142,113,29,29
13796,107,85,22,22
13797,80,69,11,11
13798,91,83,8,8
13799,71,62,9,9
13800,81,73,8,8
13801,96,82,14,14
13802,151,128,23,23
13803,75,76,-1,1
13804,69,65,4,4
13805,70,63,7,7
13806,66,62,4,4
13807,100,92,8,8
13808,107,91,16,16
13809,116,101,15,15
13810,59,57,2,2
13811,90,82,8,8
13812,60,49,11,11
13813,55,48,7,7
13814,66,62,4,4
13815,90,83,7,7
13816,80,77,3,3
13817,151,69,82,82
13818,91,77,14,14
13819,59,55,4,4
13820,73,67,6,6
13821,51,52,-1,1
13822,95,86,9,9
13823,92,81,11,11
13824,61,56,5,5
13825,80,71,9,9
13826,107,110,-3,3
13827,79,71,8,8
13828,167,137,30,30
13829,58,56,2,2
13830,104,92,12,12
13831,106,104,2,2
13832,61,50,11,11
13833,111,106,5,5
13834,97,101,-4,4
13835,101,89,12,12
13836,67,63,4,4
13837,56,54,2,2
13838,57,52,5,5
13839,82,60,22,22
13840,95,83,12,12
13841,69,67,2,2
13842,58,55,3,3
13843,105,91,14,14
13844,163,127,36,36
13845,61,60,1,1
13846,90,65,25,25
13847,220,184,36,36
13848,96,73,23,23
13849,44,42,2,2
13850,59,54,5,5
13851,60,57,3,3
13852,64,61,3,3
13853,94,83,11,11
13854,151,127,24,24
13855,75,66,9,9
13856,75,67,8,8
13857,79,66,13,13
13858,70,69,1,1
13859,107,98,9,9
13860,145,123,22,22
13861,70,63,7,7
13862,75,61,14,14
13863,141,123,18,18
13864,66,62,4,4
13865,79,64,15,15
13866,111,91,20,20
13867,112,92,20,20
13868,125,121,4,4
13869,121,116,5,5
13870,108,91,17,17
13871,74,72,2,2
13872,106,98,8,8
13873,118,108,10,10
13874,162,130,32,32
13875,142,98,44,44
13876,65,61,4,4
13877,59,52,7,7
13878,91,75,16,16
13879,75,65,10,10
13880,125,108,17,17
13881,146,125,21,21
13882,84,69,15,15
13883,95,84,11,11
13884,88,73,15,15
13885,95,81,14,14
13886,54,54,0,0
13887,68,53,15,15
13888,250,227,23,23
13889,64,57,7,7
13890,89,75,14,14
13891,63,57,6,6
13892,47,57,-10,10
13893,113,102,11,11
13894,118,99,19,19
13895,77,67,10,10
13896,175,143,32,32
13897,87,77,10,10
13898,85,77,8,8
13899,107,86,21,21
13900,77,58,19,19
13901,112,107,5,5
13902,67,63,4,4
13903,124,120,4,4
13904,69,61,8,8
13905,170,150,20,20
13906,91,73,18,18
13907,69,64,5,5
13908,69,56,13,13
13909,102,92,10,10
13910,87,89,-2,2
13911,61,57,4,4
13912,140,107,33,33
13913,56,55,1,1
13914,50,45,5,5
13915,71,60,11,11
13916,46,47,-1,1
13917,102,93,9,9
13918,72,62,10,10
13919,102,96,6,6
13920,98,86,12,12
13921,114,107,7,7
13922,83,77,6,6
13923,75,70,5,5
13924,92,75,17,17
13925,107,98,9,9
13926,166,138,28,28
13927,72,68,4,4
13928,43,50,-7,7
13929,98,77,21,21
13930,141,121,20,20
13931,112,87,25,25
13932,149,127,22,22
13933,17,31,-14,14
13934,63,65,-2,2
13935,127,109,18,18
13936,128,115,13,13
13937,64,60,4,4
13938,59,55,4,4
13939,45,50,-5,5
13940,104,90,14,14
13941,82,72,10,10
13942,52,42,10,10
13943,96,78,18,18
13944,108,94,14,14
13945,122,110,12,12
13946,105,93,12,12
13947,72,67,5,5
13948,75,63,12,12
13949,111,99,12,12
13950,86,73,13,13
13951,121,108,13,13
13952,86,73,13,13
13953,66,58,8,8
13954,93,82,11,11
13955,128,123,5,5
13956,142,120,22,22
13957,87,65,22,22
13958,84,74,10,10
13959,103,93,10,10
13960,113,93,20,20
13961,136,123,13,13
13962,74,64,10,10
13963,108,110,-2,2
13964,89,84,5,5
13965,84,74,10,10
13966,98,86,12,12
13967,51,52,-1,1
13968,53,44,9,9
13969,88,81,7,7
13970,96,79,17,17
13971,105,101,4,4
13972,95,80,15,15
13973,119,91,28,28
13974,79,66,13,13
13975,110,83,27,27
13976,68,58,10,10
13977,98,88,10,10
13978,162,151,11,11
13979,124,112,12,12
13980,54,46,8,8
13981,89,87,2,2
13982,55,48,7,7
13983,147,114,33,33
13984,118,98,20,20
13985,28,29,-1,1
13986,115,102,13,13
13987,87,79,8,8
13988,129,110,19,19
13989,100,85,15,15
13990,119,107,12,12
13991,95,85,10,10
13992,130,114,16,16
13993,57,46,11,11
13994,103,82,21,21
13995,100,86,14,14
13996,95,83,12,12
13997,61,55,6,6
13998,59,57,2,2
13999,126,101,25,25
14000,162,151,11,11
14001,98,91,7,7
14002,134,102,32,32
14003,118,103,15,15
14004,57,53,4,4
14005,84,79,5,5
14006,84,71,13,13
14007,120,118,2,2
14008,163,145,18,18
14009,64,60,4,4
14010,83,67,16,16
14011,69,73,-4,4
14012,135,92,43,43
14013,86,71,15,15
14014,60,47,13,13
14015,77,70,7,7
14016,92,83,9,9
14017,85,72,13,13
14018,161,139,22,22
14019,126,104,22,22
14020,63,58,5,5
14021,93,90,3,3
14022,73,62,11,11
14023,107,96,11,11
14024,74,68,6,6
14025,73,59,14,14
14026,108,83,25,25
14027,182,157,25,25
14028,134,110,24,24
14029,67,63,4,4
14030,91,77,14,14
14031,131,141,-10,10
14032,146,124,22,22
14033,80,69,11,11
14034,139,119,20,20
14035,188,166,22,22
14036,150,125,25,25
14037,74,66,8,8
14038,115,106,9,9
14039,87,72,15,15
14040,83,61,22,22
14041,71,62,9,9
14042,95,85,10,10
14043,110,92,18,18
14044,91,80,11,11
14045,108,95,13,13
14046,51,46,5,5
14047,71,67,4,4
14048,50,49,1,1
14049,66,63,3,3
14050,56,59,-3,3
14051,108,98,10,10
14052,114,98,16,16
14053,86,66,20,20
14054,88,77,11,11
14055,66,54,12,12
14056,111,101,10,10
14057,53,52,1,1
14058,94,83,11,11
14059,74,67,7,7
14060,129,122,7,7
14061,75,71,4,4
14062,198,160,38,38
14063,76,63,13,13
14064,94,84,10,10
14065,70,60,10,10
14066,172,136,36,36
14067,61,54,7,7
14068,80,70,10,10
14069,102,84,18,18
14070,114,104,10,10
14071,70,66,4,4
14072,75,74,1,1
14073,112,96,16,16
14074,44,43,1,1
14075,145,153,-8,8
14076,68,83,-15,15
14077,148,130,18,18
14078,56,52,4,4
14079,81,73,8,8
14080,73,67,6,6
14081,122,113,9,9
14082,75,71,4,4
14083,121,115,6,6
14084,139,128,11,11
14085,63,57,6,6
14086,125,113,12,12
14087,85,73,12,12
14088,112,108,4,4
14089,114,98,16,16
14090,134,114,20,20
14091,98,97,1,1
14092,75,74,1,1
14093,135,107,28,28
14094,96,88,8,8
14095,102,90,12,12
14096,150,138,12,12
14097,186,151,35,35
14098,63,53,10,10
14099,116,98,18,18
14100,83,64,19,19
14101,110,85,25,25
14102,104,88,16,16
14103,71,62,9,9
14104,111,107,4,4
14105,106,100,6,6
14106,147,135,12,12
14107,67,63,4,4
14108,212,180,32,32
14109,83,75,8,8
14110,174,134,40,40
14111,113,115,-2,2
14112,68,71,-3,3
14113,159,147,12,12
14114,52,55,-3,3
14115,123,111,12,12
14116,112,101,11,11
14117,69,69,0,0
14118,61,59,2,2
14119,63,58,5,5
14120,70,65,5,5
14121,65,65,0,0
14122,145,134,11,11
14123,121,111,10,10
14124,60,50,10,10
14125,187,152,35,35
14126,24,27,-3,3
14127,136,120,16,16
14128,65,67,-2,2
14129,67,60,7,7
14130,189,168,21,21
14131,83,92,-9,9
14132,76,70,6,6
14133,91,80,11,11
14134,74,78,-4,4
14135,55,57,-2,2
14136,107,91,16,16
14137,160,135,25,25
14138,149,125,24,24
14139,96,81,15,15
14140,88,78,10,10
14141,118,104,14,14
14142,91,80,11,11
14143,92,84,8,8
14144,74,67,7,7
14145,118,110,8,8
14146,81,87,-6,6
14147,95,82,13,13
14148,68,65,3,3
14149,132,108,24,24
14150,49,41,8,8
14151,115,105,10,10
14152,148,131,17,17
14153,109,113,-4,4
14154,104,86,18,18
14155,159,145,14,14
14156,83,66,17,17
14157,47,42,5,5
14158,92,81,11,11
14159,101,94,7,7
14160,57,51,6,6
14161,40,42,-2,2
14162,153,128,25,25
14163,163,124,39,39
14164,66,60,6,6
14165,90,77,13,13
14166,55,46,9,9
14167,52,55,-3,3
14168,96,86,10,10
14169,115,104,11,11
14170,47,44,3,3
14171,77,81,-4,4
14172,76,71,5,5
14173,115,106,9,9
14174,93,87,6,6
14175,120,83,37,37
14176,83,80,3,3
14177,119,103,16,16
14178,40,45,-5,5
14179,47,47,0,0
14180,55,49,6,6
14181,96,84,12,12
14182,88,82,6,6
14183,74,77,-3,3
14184,80,76,4,4
14185,68,59,9,9
14186,144,123,21,21
14187,101,87,14,14
14188,116,103,13,13
14189,63,56,7,7
14190,51,46,5,5
14191,123,109,14,14
14192,145,126,19,19
14193,107,88,19,19
14194,109,98,11,11
14195,115,104,11,11
14196,59,52,7,7
14197,63,64,-1,1
14198,190,166,24,24
14199,69,60,9,9
14200,77,67,10,10
14201,78,77,1,1
14202,85,85,0,0
14203,112,84,28,28
14204,82,75,7,7
14205,150,133,17,17
14206,72,69,3,3
14207,105,97,8,8
14208,80,71,9,9
14209,39,39,0,0
14210,102,98,4,4
14211,68,65,3,3
14212,95,82,13,13
14213,24,30,-6,6
14214,50,47,3,3
14215,66,52,14,14
14216,69,66,3,3
14217,120,102,18,18
14218,140,110,30,30
14219,69,66,3,3
14220,187,138,49,49
14221,107,92,15,15
14222,67,59,8,8
14223,126,115,11,11
14224,112,110,2,2
14225,93,93,0,0
14226,89,84,5,5
14227,93,91,2,2
14228,48,43,5,5
14229,153,133,20,20
14230,67,59,8,8
14231,48,47,1,1
14232,58,60,-2,2
14233,179,149,30,30
14234,91,81,10,10
14235,123,112,11,11
14236,70,68,2,2
14237,32,36,-4,4
14238,96,75,21,21
14239,53,48,5,5
14240,99,91,8,8
14241,133,107,26,26
14242,77,76,1,1
14243,47,50,-3,3
14244,55,50,5,5
14245,85,70,15,15
14246,135,117,18,18
14247,103,85,18,18
14248,62,65,-3,3
14249,73,66,7,7
14250,117,118,-1,1
14251,112,98,14,14
14252,34,32,2,2
14253,46,45,1,1
14254,68,58,10,10
14255,42,36,6,6
14256,88,92,-4,4
14257,88,79,9,9
14258,78,72,6,6
14259,74,72,2,2
14260,145,123,22,22
14261,144,126,18,18
14262,146,134,12,12
14263,50,48,2,2
14264,134,105,29,29
14265,81,68,13,13
14266,81,67,14,14
14267,64,59,5,5
14268,134,118,16,16
14269,177,154,23,23
14270,115,95,20,20
14271,105,97,8,8
14272,142,122,20,20
14273,104,92,12,12
14274,74,71,3,3
14275,177,144,33,33
14276,47,42,5,5
14277,127,119,8,8
14278,186,154,32,32
14279,81,84,-3,3
14280,78,68,10,10
14281,155,126,29,29
14282,170,122,48,48
14283,97,82,15,15
14284,94,80,14,14
14285,77,72,5,5
14286,83,71,12,12
14287,109,98,11,11
14288,92,85,7,7
14289,93,83,10,10
14290,63,77,-14,14
14291,85,75,10,10
14292,92,89,3,3
14293,68,52,16,16
14294,111,105,6,6
14295,181,153,28,28
14296,57,50,7,7
14297,93,91,2,2
14298,68,70,-2,2
14299,95,89,6,6
14300,123,98,25,25
14301,58,56,2,2
14302,159,129,30,30
14303,97,76,21,21
14304,82,73,9,9
14305,70,59,11,11
14306,87,68,19,19
14307,63,59,4,4
14308,138,121,17,17
14309,124,111,13,13
14310,90,77,13,13
14311,72,61,11,11
14312,82,81,1,1
14313,102,105,-3,3
14314,149,116,33,33
14315,127,107,20,20
14316,127,93,34,34
14317,80,70,10,10
14318,79,61,18,18
14319,126,116,10,10
14320,160,140,20,20
14321,88,79,9,9
14322,57,43,14,14
14323,117,105,12,12
14324,88,72,16,16
14325,117,107,10,10
14326,108,95,13,13
14327,122,120,2,2
14328,126,105,21,21
14329,137,120,17,17
14330,119,92,27,27
14331,94,85,9,9
14332,89,64,25,25
14333,65,56,9,9
14334,80,71,9,9
14335,73,67,6,6
14336,137,108,29,29
14337,112,97,15,15
14338,93,84,9,9
14339,121,91,30,30
14340,94,86,8,8
14341,74,69,5,5
14342,126,109,17,17
14343,102,82,20,20
14344,61,53,8,8
14345,107,99,8,8
14346,187,156,31,31
14347,129,110,19,19
14348,96,89,7,7
14349,85,67,18,18
14350,89,83,6,6
14351,65,52,13,13
14352,67,67,0,0
14353,95,79,16,16
14354,90,73,17,17
14355,70,75,-5,5
14356,51,53,-2,2
14357,67,67,0,0
14358,105,84,21,21
14359,72,79,-7,7
14360,73,59,14,14
14361,90,82,8,8
14362,60,50,10,10
14363,125,108,17,17
14364,128,107,21,21
14365,114,98,16,16
14366,80,58,22,22
14367,130,104,26,26
14368,170,166,4,4
14369,163,140,23,23
14370,121,97,24,24
14371,65,63,2,2
14372,110,97,13,13
14373,86,77,9,9
14374,136,121,15,15
14375,95,86,9,9
14376,82,70,12,12
14377,117,99,18,18
14378,122,111,11,11
14379,61,52,9,9
14380,49,45,4,4
14381,188,149,39,39
14382,61,60,1,1
14383,164,144,20,20
14384,64,63,1,1
14385,100,84,16,16
14386,75,66,9,9
14387,90,77,13,13
14388,83,67,16,16
14389,74,72,2,2
14390,88,78,10,10
14391,110,89,21,21
14392,104,90,14,14
14393,61,60,1,1
14394,80,78,2,2
14395,121,99,22,22
14396,72,67,5,5
14397,80,71,9,9
14398,38,35,3,3
14399,136,107,29,29
14400,85,80,5,5
14401,86,76,10,10
14402,129,112,17,17
14403,58,53,5,5
14404,73,71,2,2
14405,135,124,11,11
14406,106,105,1,1
14407,53,49,4,4
14408,54,54,0,0
14409,62,69,-7,7
14410,91,85,6,6
14411,61,54,7,7
14412,56,57,-1,1
14413,53,49,4,4
14414,67,60,7,7
14415,81,77,4,4
14416,77,75,2,2
14417,92,81,11,11
14418,181,151,30,30
14419,68,65,3,3
14420,73,67,6,6
14421,102,85,17,17
14422,85,77,8,8
14423,78,71,7,7
14424,85,71,14,14
14425,86,84,2,2
14426,61,56,5,5
14427,60,56,4,4
14428,70,74,-4,4
14429,63,61,2,2
14430,141,132,9,9
14431,82,68,14,14
14432,125,103,22,22
14433,25,27,-2,2
14434,124,103,21,21
14435,42,42,0,0
14436,123,116,7,7
14437,50,53,-3,3
14438,94,90,4,4
14439,175,148,27,27
14440,119,109,10,10
14441,97,88,9,9
14442,112,98,14,14
14443,105,93,12,12
14444,85,74,11,11
14445,117,111,6,6
14446,140,120,20,20
14447,117,96,21,21
14448,45,42,3,3
14449,73,68,5,5
14450,71,74,-3,3
14451,41,38,3,3
14452,134,113,21,21
14453,102,91,11,11
14454,69,64,5,5
14455,98,91,7,7
14456,113,93,20,20
14457,90,83,7,7
14458,67,59,8,8
14459,83,78,5,5
14460,64,58,6,6
14461,192,148,44,44
14462,93,71,22,22
14463,111,100,11,11
14464,122,114,8,8
14465,89,89,0,0
14466,77,87,-10,10
14467,66,61,5,5
14468,57,54,3,3
14469,84,78,6,6
14470,90,84,6,6
14471,103,91,12,12
14472,144,128,16,16
14473,120,98,22,22
14474,105,90,15,15
14475,121,107,14,14
14476,51,86,-35,35
14477,91,74,17,17
14478,73,70,3,3
14479,60,54,6,6
14480,50,44,6,6
14481,94,92,2,2
14482,107,87,20,20
14483,62,50,12,12
14484,77,68,9,9
14485,109,92,17,17
14486,113,97,16,16
14487,95,88,7,7
14488,153,140,13,13
14489,146,117,29,29
14490,75,69,6,6
14491,97,89,8,8
14492,96,86,10,10
14493,112,116,-4,4
14494,93,93,0,0
14495,88,80,8,8
14496,143,116,27,27
14497,131,116,15,15
14498,92,84,8,8
14499,77,65,12,12
14500,94,82,12,12
14501,60,62,-2,2
14502,70,62,8,8
14503,73,67,6,6
14504,115,99,16,16
14505,111,103,8,8
14506,41,38,3,3
14507,49,43,6,6
14508,141,122,19,19
14509,85,71,14,14
14510,89,77,12,12
14511,84,65,19,19
14512,102,89,13,13
14513,100,93,7,7
14514,72,65,7,7
14515,99,83,16,16
14516,68,58,10,10
14517,63,52,11,11
14518,156,148,8,8
14519,113,97,16,16
14520,109,91,18,18
14521,141,121,20,20
14522,173,151,22,22
14523,95,91,4,4
14524,89,86,3,3
14525,103,90,13,13
14526,71,65,6,6
14527,81,71,10,10
14528,93,84,9,9
14529,138,137,1,1
14530,94,72,22,22
14531,168,140,28,28
14532,56,54,2,2
14533,70,58,12,12
14534,143,109,34,34
14535,115,103,12,12
14536,78,66,12,12
14537,71,61,10,10
14538,61,54,7,7
14539,174,149,25,25
14540,136,122,14,14
14541,137,129,8,8
14542,64,53,11,11
14543,98,85,13,13
14544,61,58,3,3
14545,79,69,10,10
14546,58,52,6,6
14547,88,79,9,9
14548,83,73,10,10
14549,58,58,0,0
14550,113,93,20,20
14551,65,54,11,11
14552,98,87,11,11
14553,98,81,17,17
14554,119,95,24,24
14555,81,75,6,6
14556,107,98,9,9
14557,69,60,9,9
14558,102,95,7,7
14559,64,60,4,4
14560,92,89,3,3
14561,91,72,19,19
14562,76,61,15,15
14563,120,104,16,16
14564,131,111,20,20
14565,73,58,15,15
14566,113,85,28,28
14567,46,50,-4,4
14568,31,27,4,4
14569,86,95,-9,9
14570,124,118,6,6
14571,69,60,9,9
14572,103,89,14,14
14573,78,76,2,2
14574,85,70,15,15
14575,43,39,4,4
14576,102,92,10,10
14577,64,64,0,0
14578,112,107,5,5
14579,104,91,13,13
14580,116,104,12,12
14581,72,66,6,6
14582,86,86,0,0
14583,45,44,1,1
14584,90,85,5,5
14585,204,167,37,37
14586,38,39,-1,1
14587,95,70,25,25
14588,102,100,2,2
14589,193,168,25,25
14590,130,107,23,23
14591,47,43,4,4
14592,132,121,11,11
14593,176,136,40,40
14594,67,62,5,5
14595,100,94,6,6
14596,73,60,13,13
14597,44,45,-1,1
14598,65,63,2,2
14599,34,37,-3,3
14600,56,55,1,1
14601,87,80,7,7
14602,87,95,-8,8
14603,44,46,-2,2
14604,115,95,20,20
14605,82,71,11,11
14606,134,124,10,10
14607,161,135,26,26
14608,61,50,11,11
14609,150,131,19,19
14610,106,91,15,15
14611,68,58,10,10
14612,106,86,20,20
14613,96,84,12,12
14614,142,133,9,9
14615,74,60,14,14
14616,47,46,1,1
14617,130,120,10,10
14618,121,110,11,11
14619,104,92,12,12
14620,79,71,8,8
14621,85,69,16,16
14622,92,80,12,12
14623,52,87,-35,35
14624,144,144,0,0
14625,92,76,16,16
14626,58,49,9,9
14627,116,112,4,4
14628,71,70,1,1
14629,65,54,11,11
14630,86,68,18,18
14631,51,52,-1,1
14632,51,50,1,1
14633,169,146,23,23
14634,117,112,5,5
14635,94,84,10,10
14636,77,65,12,12
14637,61,55,6,6
14638,64,56,8,8
14639,38,44,-6,6
14640,54,46,8,8
14641,70,65,5,5
14642,77,73,4,4
14643,127,105,22,22
14644,58,53,5,5
14645,84,75,9,9
14646,89,82,7,7
14647,52,46,6,6
14648,73,66,7,7
14649,64,66,-2,2
14650,53,55,-2,2
14651,112,93,19,19
14652,92,84,8,8
14653,90,72,18,18
14654,72,64,8,8
14655,99,95,4,4
14656,84,69,15,15
14657,90,82,8,8
14658,135,122,13,13
14659,91,77,14,14
14660,81,80,1,1
14661,119,100,19,19
14662,70,65,5,5
14663,62,56,6,6
14664,80,73,7,7
14665,69,59,10,10
14666,107,106,1,1
14667,145,123,22,22
14668,137,116,21,21
14669,94,87,7,7
14670,158,126,32,32
14671,174,165,9,9
14672,100,94,6,6
14673,141,120,21,21
14674,131,115,16,16
14675,168,146,22,22
14676,98,86,12,12
14677,116,111,5,5
14678,101,87,14,14
14679,89,98,-9,9
14680,119,104,15,15
14681,139,124,15,15
14682,25,18,7,7
14683,106,95,11,11
14684,161,146,15,15
14685,123,106,17,17
14686,87,75,12,12
14687,58,54,4,4
14688,62,59,3,3
14689,89,77,12,12
14690,81,68,13,13
14691,70,56,14,14
14692,78,69,9,9
14693,163,143,20,20
14694,46,64,-18,18
14695,57,52,5,5
14696,108,93,15,15
14697,148,107,41,41
14698,74,69,5,5
14699,54,53,1,1
14700,64,65,-1,1
14701,162,127,35,35
14702,124,102,22,22
14703,75,70,5,5
14704,76,67,9,9
14705,81,80,1,1
14706,56,55,1,1
14707,90,76,14,14
14708,70,69,1,1
14709,66,73,-7,7
14710,75,69,6,6
14711,95,100,-5,5
14712,123,111,12,12
14713,125,108,17,17
14714,44,42,2,2
14715,141,123,18,18
14716,53,51,2,2
14717,97,87,10,10
14718,100,91,9,9
14719,78,86,-8,8
14720,199,166,33,33
14721,124,105,19,19
14722,56,62,-6,6
14723,62,51,11,11
14724,109,92,17,17
14725,149,120,29,29
14726,101,93,8,8
14727,129,109,20,20
14728,138,108,30,30
14729,118,110,8,8
14730,151,130,21,21
14731,58,49,9,9
14732,148,133,15,15
14733,89,82,7,7
14734,93,86,7,7
14735,111,93,18,18
14736,131,115,16,16
14737,106,97,9,9
14738,123,108,15,15
14739,119,126,-7,7
14740,106,98,8,8
14741,121,103,18,18
14742,74,58,16,16
14743,94,88,6,6
14744,83,67,16,16
14745,159,133,26,26
14746,126,105,21,21
14747,71,64,7,7
14748,52,45,7,7
14749,139,128,11,11
14750,98,85,13,13
14751,94,86,8,8
14752,58,50,8,8
14753,126,116,10,10
14754,65,58,7,7
14755,98,77,21,21
14756,170,147,23,23
14757,71,70,1,1
14758,63,64,-1,1
14759,74,70,4,4
14760,119,103,16,16
14761,73,76,-3,3
14762,88,77,11,11
14763,96,88,8,8
14764,125,115,10,10
14765,119,106,13,13
14766,88,76,12,12
14767,98,82,16,16
14768,103,105,-2,2
14769,95,81,14,14
14770,80,73,7,7
14771,88,78,10,10
14772,50,45,5,5
14773,81,67,14,14
14774,72,59,13,13
14775,56,40,16,16
14776,54,49,5,5
14777,70,72,-2,2
14778,92,75,17,17
14779,79,71,8,8
14780,64,60,4,4
14781,121,105,16,16
14782,55,49,6,6
14783,110,96,14,14
14784,142,123,19,19
14785,160,137,23,23
14786,61,54,7,7
14787,59,54,5,5
14788,102,98,4,4
14789,95,80,15,15
14790,62,60,2,2
14791,142,123,19,19
14792,91,72,19,19
14793,114,96,18,18
14794,54,48,6,6
14795,93,90,3,3
14796,96,83,13,13
14797,75,65,10,10
14798,95,81,14,14
14799,59,56,3,3
14800,87,67,20,20
14801,121,97,24,24
14802,85,80,5,5
14803,74,67,7,7
14804,94,86,8,8
14805,117,107,10,10
14806,136,121,15,15
14807,51,44,7,7
14808,143,122,21,21
14809,110,97,13,13
14810,112,95,17,17
14811,59,49,10,10
14812,69,55,14,14
14813,92,80,12,12
14814,92,87,5,5
14815,125,104,21,21
14816,93,76,17,17
14817,94,78,16,16
14818,183,150,33,33
14819,158,145,13,13
14820,126,112,14,14
14821,201,163,38,38
14822,96,77,19,19
14823,69,76,-7,7
14824,112,113,-1,1
14825,60,59,1,1
14826,81,67,14,14
14827,229,175,54,54
14828,81,69,12,12
14829,49,50,-1,1
14830,98,81,17,17
14831,104,89,15,15
14832,117,97,20,20
14833,91,84,7,7
14834,96,77,19,19
14835,82,71,11,11
14836,193,153,40,40
14837,75,71,4,4
14838,101,89,12,12
14839,128,102,26,26
14840,103,90,13,13
14841,84,72,12,12
14842,162,135,27,27
14843,117,103,14,14
14844,104,110,-6,6
14845,85,75,10,10
14846,90,80,10,10
14847,67,62,5,5
14848,91,72,19,19
14849,152,132,20,20
14850,60,52,8,8
14851,107,92,15,15
14852,114,117,-3,3
14853,95,85,10,10
14854,85,78,7,7
14855,72,99,-27,27
14856,66,74,-8,8
14857,81,76,5,5
14858,112,94,18,18
14859,39,38,1,1
14860,125,123,2,2
14861,67,60,7,7
14862,103,85,18,18
14863,44,52,-8,8
14864,52,46,6,6
14865,58,54,4,4
14866,105,98,7,7
14867,55,58,-3,3
14868,107,112,-5,5
14869,102,99,3,3
14870,61,69,-8,8
14871,129,114,15,15
14872,72,63,9,9
14873,144,127,17,17
14874,67,64,3,3
14875,131,112,19,19
14876,59,54,5,5
14877,142,121,21,21
14878,80,73,7,7
14879,95,81,14,14
14880,62,61,1,1
14881,99,90,9,9
14882,69,70,-1,1
14883,36,38,-2,2
14884,53,50,3,3
14885,174,139,35,35
14886,120,107,13,13
14887,60,61,-1,1
14888,44,38,6,6
14889,104,98,6,6
14890,70,57,13,13
14891,80,67,13,13
14892,72,61,11,11
14893,114,114,0,0
14894,110,97,13,13
14895,69,58,11,11
14896,108,93,15,15
14897,136,120,16,16
14898,62,58,4,4
14899,170,154,16,16
14900,109,90,19,19
14901,85,76,9,9
14902,93,75,18,18
14903,117,103,14,14
14904,102,75,27,27
14905,123,104,19,19
14906,91,97,-6,6
14907,65,60,5,5
14908,52,49,3,3
14909,139,111,28,28
14910,88,82,6,6
14911,67,74,-7,7
14912,143,126,17,17
14913,153,138,15,15
14914,65,59,6,6
14915,84,76,8,8
14916,101,99,2,2
14917,90,104,-14,14
14918,75,65,10,10
14919,95,83,12,12
14920,197,158,39,39
14921,60,53,7,7
14922,152,136,16,16
14923,69,60,9,9
14924,79,73,6,6
14925,63,63,0,0
14926,114,101,13,13
14927,94,79,15,15
14928,107,91,16,16
14929,94,83,11,11
14930,68,61,7,7
14931,95,84,11,11
14932,123,104,19,19
14933,81,71,10,10
14934,141,113,28,28
14935,78,70,8,8
14936,100,96,4,4
14937,120,105,15,15
14938,36,37,-1,1
14939,81,78,3,3
14940,118,90,28,28
14941,122,112,10,10
14942,80,66,14,14
14943,130,110,20,20
14944,44,39,5,5
14945,170,152,18,18
14946,74,79,-5,5
14947,66,65,1,1
14948,192,161,31,31
14949,84,77,7,7
14950,116,121,-5,5
14951,81,71,10,10
14952,43,39,4,4
14953,69,63,6,6
14954,63,54,9,9
14955,94,81,13,13
14956,84,72,12,12
14957,56,48,8,8
14958,106,101,5,5
14959,152,115,37,37
14960,92,79,13,13
14961,68,60,8,8
14962,87,81,6,6
14963,88,88,0,0
14964,78,71,7,7
14965,64,66,-2,2
14966,147,128,19,19
14967,57,49,8,8
14968,81,77,4,4
14969,59,56,3,3
14970,70,63,7,7
14971,87,84,3,3
14972,90,72,18,18
14973,87,68,19,19
14974,49,45,4,4
14975,160,125,35,35
14976,131,104,27,27
14977,83,75,8,8
14978,44,42,2,2
14979,44,45,-1,1
14980,52,50,2,2
14981,102,97,5,5
14982,69,64,5,5
14983,99,86,13,13
14984,81,80,1,1
14985,91,88,3,3
14986,87,75,12,12
14987,57,49,8,8
14988,82,79,3,3
14989,56,52,4,4
14990,76,65,11,11
14991,79,72,7,7
14992,78,66,12,12
14993,121,98,23,23
14994,119,91,28,28
14995,68,67,1,1
14996,146,129,17,17
14997,106,82,24,24
14998,132,108,24,24
14999,47,44,3,3
15000,70,62,8,8
15001,114,87,27,27
15002,71,60,11,11
15003,85,87,-2,2
15004,132,110,22,22
15005,33,30,3,3
15006,16,27,-11,11
15007,68,63,5,5
15008,62,58,4,4
15009,84,80,4,4
15010,50,48,2,2
15011,91,83,8,8
15012,116,101,15,15
15013,97,82,15,15
15014,126,115,11,11
15015,102,96,6,6
15016,111,89,22,22
15017,113,96,17,17
15018,149,122,27,27
15019,87,69,18,18
15020,120,98,22,22
15021,124,110,14,14
15022,145,116,29,29
15023,78,69,9,9
15024,158,142,16,16
15025,47,49,-2,2
15026,228,187,41,41
15027,86,83,3,3
15028,97,84,13,13
15029,105,89,16,16
15030,59,58,1,1
15031,134,101,33,33
15032,122,111,11,11
15033,116,118,-2,2
15034,72,70,2,2
15035,95,96,-1,1
15036,48,43,5,5
15037,71,63,8,8
15038,164,150,14,14
15039,80,72,8,8
15040,96,78,18,18
15041,133,112,21,21
15042,121,116,5,5
15043,122,110,12,12
15044,99,83,16,16
15045,96,78,18,18
15046,41,43,-2,2
15047,157,120,37,37
15048,104,75,29,29
15049,65,64,1,1
15050,103,98,5,5
15051,118,101,17,17
15052,99,87,12,12
15053,126,103,23,23
15054,106,92,14,14
15055,55,42,13,13
15056,75,66,9,9
15057,69,65,4,4
15058,107,98,9,9
15059,122,107,15,15
15060,63,61,2,2
15061,107,94,13,13
15062,96,102,-6,6
15063,62,64,-2,2
15064,72,63,9,9
15065,152,126,26,26
15066,65,62,3,3
15067,78,68,10,10
15068,115,101,14,14
15069,113,93,20,20
15070,113,86,27,27
15071,105,90,15,15
15072,116,105,11,11
15073,158,136,22,22
15074,57,55,2,2
15075,141,128,13,13
15076,82,71,11,11
15077,106,96,10,10
15078,96,78,18,18
15079,104,90,14,14
15080,98,81,17,17
15081,83,85,-2,2
15082,138,117,21,21
15083,148,127,21,21
15084,71,65,6,6
15085,90,88,2,2
15086,134,110,24,24
15087,129,123,6,6
15088,127,115,12,12
15089,77,68,9,9
15090,69,68,1,1
15091,102,90,12,12
15092,69,65,4,4
15093,65,58,7,7
15094,102,101,1,1
15095,56,63,-7,7
15096,123,102,21,21
15097,73,62,11,11
15098,61,62,-1,1
15099,102,105,-3,3
15100,98,88,10,10
15101,80,66,14,14
15102,85,79,6,6
15103,61,57,4,4
15104,127,115,12,12
15105,68,60,8,8
15106,127,119,8,8
15107,71,64,7,7
15108,71,53,18,18
15109,149,126,23,23
15110,91,75,16,16
15111,98,94,4,4
15112,51,48,3,3
15113,90,76,14,14
15114,105,104,1,1
15115,84,74,10,10
15116,98,82,16,16
15117,188,176,12,12
15118,57,51,6,6
15119,135,100,35,35
15120,107,90,17,17
15121,166,143,23,23
15122,102,86,16,16
15123,162,141,21,21
15124,74,63,11,11
15125,81,74,7,7
15126,58,53,5,5
15127,93,69,24,24
15128,67,57,10,10
15129,136,129,7,7
15130,122,110,12,12
15131,114,108,6,6
15132,66,55,11,11
15133,121,99,22,22
15134,82,79,3,3
15135,110,95,15,15
15136,63,62,1,1
15137,108,92,16,16
15138,77,67,10,10
15139,86,71,15,15
15140,74,62,12,12
15141,101,97,4,4
15142,114,109,5,5
15143,105,90,15,15
15144,106,95,11,11
15145,83,71,12,12
15146,169,147,22,22
15147,71,64,7,7
15148,87,82,5,5
15149,67,62,5,5
15150,86,98,-12,12
15151,244,206,38,38
15152,96,71,25,25
15153,136,121,15,15
15154,64,59,5,5
15155,131,128,3,3
15156,142,132,10,10
15157,63,65,-2,2
15158,56,55,1,1
15159,65,56,9,9
15160,116,94,22,22
15161,57,49,8,8
15162,109,105,4,4
15163,114,113,1,1
15164,68,57,11,11
15165,114,98,16,16
15166,64,74,-10,10
15167,112,107,5,5
15168,47,47,0,0
15169,66,56,10,10
15170,81,77,4,4
15171,127,117,10,10
15172,109,96,13,13
15173,72,61,11,11
15174,94,86,8,8
15175,46,47,-1,1
15176,113,79,34,34
15177,70,64,6,6
15178,80,77,3,3
15179,64,59,5,5
15180,113,94,19,19
15181,56,57,-1,1
15182,112,93,19,19
15183,50,55,-5,5
15184,101,86,15,15
15185,173,152,21,21
15186,57,46,11,11
15187,104,89,15,15
15188,90,76,14,14
15189,76,67,9,9
15190,94,83,11,11
15191,105,110,-5,5
15192,121,106,15,15
15193,126,121,5,5
15194,127,99,28,28
15195,116,105,11,11
15196,88,74,14,14
15197,62,64,-2,2
15198,190,167,23,23
15199,91,95,-4,4
15200,68,65,3,3
15201,102,86,16,16
15202,150,109,41,41
15203,85,80,5,5
15204,45,42,3,3
15205,106,100,6,6
15206,64,56,8,8
15207,152,139,13,13
15208,124,114,10,10
15209,77,72,5,5
15210,80,77,3,3
15211,68,53,15,15
15212,131,116,15,15
15213,141,118,23,23
15214,138,110,28,28
15215,139,136,3,3
15216,54,54,0,0
15217,81,73,8,8
15218,131,114,17,17
15219,105,93,12,12
15220,88,70,18,18
15221,97,89,8,8
15222,132,112,20,20
15223,80,76,4,4
15224,83,75,8,8
15225,56,56,0,0
15226,68,69,-1,1
15227,88,75,13,13
15228,101,94,7,7
15229,123,105,18,18
15230,123,116,7,7
15231,56,65,-9,9
15232,139,125,14,14
15233,102,96,6,6
15234,53,47,6,6
15235,145,129,16,16
15236,94,86,8,8
15237,126,111,15,15
15238,92,74,18,18
15239,82,72,10,10
15240,74,73,1,1
15241,165,121,44,44
15242,99,94,5,5
15243,139,131,8,8
15244,84,67,17,17
15245,85,74,11,11
15246,63,59,4,4
15247,174,135,39,39
15248,127,97,30,30
15249,93,92,1,1
15250,106,93,13,13
15251,108,123,-15,15
15252,93,83,10,10
15253,98,72,26,26
15254,91,79,12,12
15255,68,57,11,11
15256,98,85,13,13
15257,264,205,59,59
15258,105,83,22,22
15259,71,68,3,3
15260,57,48,9,9
15261,99,87,12,12
15262,87,73,14,14
15263,109,97,12,12
15264,132,118,14,14
15265,66,66,0,0
15266,99,90,9,9
15267,70,60,10,10
15268,111,99,12,12
15269,124,110,14,14
15270,53,54,-1,1
15271,113,92,21,21
15272,69,54,15,15
15273,69,69,0,0
15274,80,71,9,9
15275,87,78,9,9
15276,117,96,21,21
15277,105,85,20,20
15278,64,52,12,12
15279,41,44,-3,3
15280,60,52,8,8
15281,93,82,11,11
15282,74,59,15,15
15283,100,84,16,16
15284,75,64,11,11
15285,117,94,23,23
15286,129,118,11,11
15287,145,128,17,17
15288,102,95,7,7
15289,147,132,15,15
15290,55,53,2,2
15291,91,75,16,16
15292,46,49,-3,3
15293,211,157,54,54
15294,125,117,8,8
15295,76,67,9,9
15296,84,74,10,10
15297,104,92,12,12
15298,62,61,1,1
15299,77,73,4,4
15300,100,82,18,18
15301,83,78,5,5
15302,90,81,9,9
15303,181,151,30,30
15304,132,129,3,3
15305,88,75,13,13
15306,85,77,8,8
15307,69,65,4,4
15308,59,52,7,7
15309,42,27,15,15
15310,138,117,21,21
15311,75,63,12,12
15312,116,107,9,9
15313,76,80,-4,4
15314,85,76,9,9
15315,60,56,4,4
15316,101,89,12,12
15317,117,110,7,7
15318,73,70,3,3
15319,65,68,-3,3
15320,136,123,13,13
15321,40,40,0,0
15322,61,55,6,6
15323,138,123,15,15
15324,55,53,2,2
15325,87,71,16,16
15326,60,50,10,10
15327,42,36,6,6
15328,184,172,12,12
15329,136,127,9,9
15330,46,51,-5,5
15331,157,107,50,50
15332,99,92,7,7
15333,64,52,12,12
15334,95,85,10,10
15335,138,123,15,15
15336,63,60,3,3
15337,72,58,14,14
15338,52,52,0,0
15339,90,72,18,18
15340,78,77,1,1
15341,97,90,7,7
15342,118,101,17,17
15343,89,82,7,7
15344,55,53,2,2
15345,109,95,14,14
15346,64,64,0,0
15347,103,85,18,18
15348,96,86,10,10
15349,101,86,15,15
15350,130,114,16,16
15351,67,70,-3,3
15352,65,58,7,7
15353,80,71,9,9
15354,90,78,12,12
15355,86,72,14,14
15356,62,54,8,8
15357,162,141,21,21
15358,107,102,5,5
15359,42,38,4,4
15360,104,93,11,11
15361,125,110,15,15
15362,93,86,7,7
15363,163,163,0,0
15364,42,49,-7,7
15365,127,109,18,18
15366,94,91,3,3
15367,88,79,9,9
15368,147,128,19,19
15369,155,135,20,20
15370,107,87,20,20
15371,65,58,7,7
15372,94,99,-5,5
15373,77,74,3,3
15374,128,118,10,10
15375,70,65,5,5
15376,51,51,0,0
15377,101,96,5,5
15378,108,85,23,23
15379,169,141,28,28
15380,56,54,2,2
15381,114,94,20,20
15382,129,127,2,2
15383,98,86,12,12
15384,62,57,5,5
15385,52,46,6,6
15386,125,104,21,21
15387,123,103,20,20
15388,107,96,11,11
15389,100,90,10,10
15390,153,151,2,2
15391,81,78,3,3
15392,82,76,6,6
15393,97,88,9,9
15394,28,30,-2,2
15395,123,113,10,10
15396,66,69,-3,3
15397,91,82,9,9
15398,95,83,12,12
15399,66,65,1,1
15400,105,97,8,8
15401,64,57,7,7
15402,106,91,15,15
15403,136,111,25,25
15404,87,79,8,8
15405,71,60,11,11
15406,116,106,10,10
15407,88,84,4,4
15408,53,50,3,3
15409,126,103,23,23
15410,144,116,28,28
15411,74,69,5,5
15412,63,59,4,4
15413,72,65,7,7
15414,73,55,18,18
15415,76,70,6,6
15416,88,75,13,13
15417,78,71,7,7
15418,103,90,13,13
15419,76,60,16,16
15420,41,74,-33,33
15421,231,183,48,48
15422,134,120,14,14
15423,126,97,29,29
15424,138,118,20,20
15425,103,99,4,4
15426,90,84,6,6
15427,73,63,10,10
15428,63,66,-3,3
15429,81,78,3,3
15430,120,93,27,27
15431,92,86,6,6
15432,100,90,10,10
15433,51,52,-1,1
15434,116,105,11,11
15435,97,85,12,12
15436,87,66,21,21
15437,138,113,25,25
15438,52,54,-2,2
15439,36,39,-3,3
15440,167,153,14,14
15441,80,81,-1,1
15442,117,104,13,13
15443,91,73,18,18
15444,163,139,24,24
15445,112,113,-1,1
15446,75,70,5,5
15447,119,101,18,18
15448,61,60,1,1
15449,71,60,11,11
15450,117,106,11,11
15451,115,117,-2,2
15452,99,93,6,6
15453,125,110,15,15
15454,100,88,12,12
15455,153,122,31,31
15456,146,133,13,13
15457,157,131,26,26
15458,104,94,10,10
15459,130,110,20,20
15460,137,128,9,9
15461,105,102,3,3
15462,101,82,19,19
15463,110,103,7,7
15464,97,81,16,16
15465,87,72,15,15
15466,107,96,11,11
15467,87,79,8,8
15468,90,69,21,21
15469,90,77,13,13
15470,118,107,11,11
15471,57,58,-1,1
15472,108,102,6,6
15473,51,52,-1,1
15474,56,74,-18,18
15475,53,60,-7,7
15476,55,55,0,0
15477,68,68,0,0
15478,61,59,2,2
15479,142,128,14,14
15480,83,72,11,11
15481,56,55,1,1
15482,60,63,-3,3
15483,59,57,2,2
15484,119,105,14,14
15485,60,61,-1,1
15486,60,57,3,3
15487,106,91,15,15
15488,78,70,8,8
15489,83,70,13,13
15490,63,60,3,3
15491,147,123,24,24
15492,182,151,31,31
15493,129,111,18,18
15494,97,89,8,8
15495,115,99,16,16
15496,105,99,6,6
15497,102,98,4,4
15498,127,118,9,9
15499,157,135,22,22
15500,84,73,11,11
15501,152,125,27,27
15502,74,69,5,5
15503,79,70,9,9
15504,123,115,8,8
15505,135,125,10,10
15506,82,72,10,10
15507,111,101,10,10
15508,62,77,-15,15
15509,59,59,0,0
15510,77,79,-2,2
15511,63,61,2,2
15512,81,74,7,7
15513,56,51,5,5
15514,69,66,3,3
15515,65,63,2,2
15516,82,71,11,11
15517,91,79,12,12
15518,190,146,44,44
15519,185,156,29,29
15520,131,110,21,21
15521,65,57,8,8
15522,158,134,24,24
15523,144,138,6,6
15524,73,72,1,1
15525,80,84,-4,4
15526,152,128,24,24
15527,62,61,1,1
15528,64,61,3,3
15529,65,62,3,3
15530,146,124,22,22
15531,124,108,16,16
15532,108,91,17,17
15533,131,110,21,21
15534,107,100,7,7
15535,104,93,11,11
15536,78,65,13,13
15537,115,108,7,7
15538,159,135,24,24
15539,103,98,5,5
15540,101,94,7,7
15541,63,53,10,10
15542,160,142,18,18
15543,61,58,3,3
15544,60,52,8,8
15545,130,122,8,8
15546,96,84,12,12
15547,84,76,8,8
15548,93,77,16,16
15549,110,99,11,11
15550,66,57,9,9
15551,77,65,12,12
15552,103,92,11,11
15553,78,71,7,7
15554,147,127,20,20
15555,87,81,6,6
15556,84,68,16,16
15557,83,70,13,13
15558,69,58,11,11
15559,180,159,21,21
15560,140,124,16,16
15561,57,55,2,2
15562,120,104,16,16
15563,62,57,5,5
15564,79,69,10,10
15565,127,116,11,11
15566,64,62,2,2
15567,81,65,16,16
15568,100,84,16,16
15569,118,107,11,11
15570,85,69,16,16
15571,77,77,0,0
15572,104,86,18,18
15573,72,62,10,10
15574,101,88,13,13
15575,95,91,4,4
15576,98,84,14,14
15577,62,53,9,9
15578,98,82,16,16
15579,113,114,-1,1
15580,62,56,6,6
15581,52,53,-1,1
15582,112,92,20,20
15583,80,74,6,6
15584,106,105,1,1
15585,63,58,5,5
15586,49,55,-6,6
15587,72,66,6,6
15588,117,94,23,23
15589,116,99,17,17
15590,94,80,14,14
15591,95,87,8,8
15592,83,83,0,0
15593,119,107,12,12
15594,106,97,9,9
15595,92,75,17,17
15596,70,70,0,0
15597,133,116,17,17
15598,64,55,9,9
15599,169,143,26,26
15600,93,78,15,15
15601,102,93,9,9
15602,87,73,14,14
15603,71,65,6,6
15604,62,59,3,3
15605,59,48,11,11
15606,85,74,11,11
15607,72,66,6,6
15608,50,46,4,4
15609,92,81,11,11
15610,127,110,17,17
15611,57,49,8,8
15612,107,92,15,15
15613,65,55,10,10
15614,82,76,6,6
15615,81,78,3,3
15616,98,88,10,10
15617,82,69,13,13
15618,110,118,-8,8
15619,166,142,24,24
15620,107,94,13,13
15621,50,48,2,2
15622,148,122,26,26
15623,70,66,4,4
15624,100,81,19,19
15625,108,94,14,14
15626,113,102,11,11
15627,53,55,-2,2
15628,126,113,13,13
15629,72,65,7,7
15630,197,161,36,36
15631,47,41,6,6
15632,89,75,14,14
15633,143,117,26,26
15634,119,107,12,12
15635,76,72,4,4
15636,73,71,2,2
15637,68,65,3,3
15638,111,96,15,15
15639,121,96,25,25
15640,92,89,3,3
15641,113,96,17,17
15642,98,87,11,11
15643,152,144,8,8
15644,80,73,7,7
15645,82,72,10,10
15646,128,107,21,21
15647,49,50,-1,1
15648,128,116,12,12
15649,63,57,6,6
15650,52,49,3,3
15651,89,77,12,12
15652,68,56,12,12
15653,109,95,14,14
15654,83,74,9,9
15655,97,88,9,9
15656,73,67,6,6
15657,75,64,11,11
15658,127,108,19,19
15659,52,71,-19,19
15660,69,52,17,17
15661,152,133,19,19
15662,87,75,12,12
15663,130,102,28,28
15664,72,73,-1,1
15665,114,106,8,8
15666,75,69,6,6
15667,136,112,24,24
15668,77,66,11,11
15669,88,75,13,13
15670,64,63,1,1
15671,90,70,20,20
15672,174,154,20,20
15673,57,60,-3,3
15674,56,57,-1,1
15675,78,68,10,10
15676,81,69,12,12
15677,67,54,13,13
15678,123,103,20,20
15679,146,130,16,16
15680,123,114,9,9
15681,98,92,6,6
15682,61,58,3,3
15683,109,100,9,9
15684,76,74,2,2
15685,121,107,14,14
15686,81,72,9,9
15687,38,47,-9,9
15688,70,68,2,2
15689,83,70,13,13
15690,100,90,10,10
15691,79,79,0,0
15692,98,93,5,5
15693,79,65,14,14
15694,196,162,34,34
15695,137,122,15,15
15696,67,63,4,4
15697,87,78,9,9
15698,79,72,7,7
15699,84,78,6,6
15700,104,107,-3,3
15701,105,101,4,4
15702,113,94,19,19
15703,54,48,6,6
15704,77,66,11,11
15705,124,108,16,16
15706,103,87,16,16
15707,175,141,34,34
15708,67,55,12,12
15709,86,76,10,10
15710,65,62,3,3
15711,74,64,10,10
15712,85,57,28,28
15713,77,68,9,9
15714,94,81,13,13
15715,163,129,34,34
15716,107,93,14,14
15717,126,112,14,14
15718,97,83,14,14
15719,80,71,9,9
15720,150,138,12,12
15721,67,66,1,1
15722,120,96,24,24
15723,86,85,1,1
15724,80,69,11,11
15725,79,68,11,11
15726,98,85,13,13
15727,100,92,8,8
15728,105,96,9,9
15729,140,140,0,0
15730,110,92,18,18
15731,101,83,18,18
15732,50,47,3,3
15733,132,114,18,18
15734,160,142,18,18
15735,119,95,24,24
15736,94,81,13,13
15737,83,72,11,11
15738,92,79,13,13
15739,76,60,16,16
15740,103,90,13,13
15741,93,86,7,7
15742,67,60,7,7
15743,104,104,0,0
15744,123,110,13,13
15745,90,73,17,17
15746,75,71,4,4
15747,120,104,16,16
15748,66,54,12,12
15749,106,97,9,9
15750,120,105,15,15
15751,98,75,23,23
15752,105,97,8,8
15753,97,87,10,10
15754,101,85,16,16
15755,80,72,8,8
15756,87,76,11,11
15757,68,59,9,9
15758,160,133,27,27
15759,77,71,6,6
15760,65,62,3,3
15761,90,83,7,7
15762,34,30,4,4
15763,90,87,3,3
15764,83,67,16,16
15765,47,41,6,6
15766,47,60,-13,13
15767,106,102,4,4
15768,63,60,3,3
15769,96,87,9,9
15770,108,105,3,3
15771,85,75,10,10
15772,157,126,31,31
15773,90,68,22,22
15774,116,106,10,10
15775,132,118,14,14
15776,123,106,17,17
15777,118,105,13,13
15778,45,50,-5,5
15779,60,55,5,5
15780,179,142,37,37
15781,111,99,12,12
15782,118,110,8,8
15783,87,86,1,1
15784,51,54,-3,3
15785,37,41,-4,4
15786,91,79,12,12
15787,69,64,5,5
15788,130,106,24,24
15789,102,97,5,5
15790,93,90,3,3
15791,129,113,16,16
15792,54,47,7,7
15793,70,62,8,8
15794,125,100,25,25
15795,59,55,4,4
15796,46,36,10,10
15797,64,61,3,3
15798,113,89,24,24
15799,110,84,26,26
15800,46,46,0,0
15801,134,127,7,7
15802,71,75,-4,4
15803,143,129,14,14
15804,63,60,3,3
15805,120,107,13,13
15806,86,70,16,16
15807,74,72,2,2
15808,118,111,7,7
15809,61,60,1,1
15810,65,57,8,8
15811,136,110,26,26
15812,85,79,6,6
15813,105,80,25,25
15814,146,126,20,20
15815,98,94,4,4
15816,30,42,-12,12
15817,76,69,7,7
15818,148,128,20,20
15819,126,104,22,22
15820,121,103,18,18
15821,173,119,54,54
15822,68,72,-4,4
15823,100,91,9,9
15824,109,100,9,9
15825,73,70,3,3
15826,97,87,10,10
15827,92,77,15,15
15828,97,83,14,14
15829,88,89,-1,1
15830,159,130,29,29
15831,104,91,13,13
15832,65,60,5,5
15833,84,71,13,13
15834,82,73,9,9
15835,100,100,0,0
15836,105,92,13,13
15837,70,71,-1,1
15838,77,63,14,14
15839,111,99,12,12
15840,96,77,19,19
15841,98,94,4,4
15842,89,81,8,8
15843,62,60,2,2
15844,144,115,29,29
15845,134,115,19,19
15846,96,85,11,11
15847,64,67,-3,3
15848,74,67,7,7
15849,113,93,20,20
15850,125,115,10,10
15851,122,103,19,19
15852,66,66,0,0
15853,46,45,1,1
15854,115,103,12,12
15855,59,55,4,4
15856,76,67,9,9
15857,97,84,13,13
15858,125,113,12,12
15859,138,96,42,42
15860,24,25,-1,1
15861,34,33,1,1
15862,77,68,9,9
15863,112,110,2,2
15864,123,109,14,14
15865,88,79,9,9
15866,130,111,19,19
15867,108,97,11,11
15868,52,44,8,8
15869,112,105,7,7
15870,41,37,4,4
15871,68,68,0,0
15872,111,98,13,13
15873,97,93,4,4
15874,73,66,7,7
15875,75,66,9,9
15876,79,84,-5,5
15877,62,60,2,2
15878,75,82,-7,7
15879,128,110,18,18
15880,113,106,7,7
15881,49,41,8,8
15882,65,53,12,12
15883,64,59,5,5
15884,97,97,0,0
15885,117,96,21,21
15886,62,56,6,6
15887,75,84,-9,9
15888,80,75,5,5
15889,63,63,0,0
15890,50,53,-3,3
15891,112,100,12,12
15892,129,114,15,15
15893,78,66,12,12
15894,102,91,11,11
15895,101,82,19,19
15896,67,64,3,3
15897,49,46,3,3
15898,184,151,33,33
15899,81,71,10,10
15900,70,62,8,8
15901,95,77,18,18
15902,111,92,19,19
15903,141,118,23,23
15904,105,101,4,4
15905,54,43,11,11
15906,78,68,10,10
15907,155,129,26,26
15908,134,114,20,20
15909,88,72,16,16
15910,66,67,-1,1
15911,64,64,0,0
15912,60,63,-3,3
15913,94,81,13,13
15914,103,83,20,20
15915,146,128,18,18
15916,74,74,0,0
15917,73,62,11,11
15918,62,57,5,5
15919,103,93,10,10
15920,126,108,18,18
15921,96,76,20,20
15922,160,133,27,27
15923,118,103,15,15
15924,128,107,21,21
15925,191,165,26,26
15926,123,104,19,19
15927,107,97,10,10
15928,55,49,6,6
15929,47,39,8,8
15930,55,47,8,8
15931,58,55,3,3
15932,107,96,11,11
15933,76,65,11,11
15934,96,76,20,20
15935,57,52,5,5
15936,110,106,4,4
15937,79,66,13,13
15938,65,62,3,3
15939,123,102,21,21
15940,61,46,15,15
15941,65,65,0,0
15942,113,95,18,18
15943,49,41,8,8
15944,82,82,0,0
15945,98,91,7,7
15946,75,70,5,5
15947,112,107,5,5
15948,113,92,21,21
15949,94,84,10,10
15950,58,43,15,15
15951,64,59,5,5
15952,105,101,4,4
15953,101,91,10,10
15954,68,64,4,4
15955,101,84,17,17
15956,52,45,7,7
15957,70,59,11,11
15958,97,117,-20,20
15959,117,97,20,20
15960,68,62,6,6
15961,127,101,26,26
15962,69,67,2,2
15963,90,88,2,2
15964,40,38,2,2
15965,114,95,19,19
15966,98,88,10,10
15967,66,61,5,5
15968,67,72,-5,5
15969,190,168,22,22
15970,104,90,14,14
15971,74,73,1,1
15972,69,52,17,17
15973,86,82,4,4
15974,102,84,18,18
15975,122,103,19,19
15976,142,119,23,23
15977,103,82,21,21
15978,164,137,27,27
15979,110,113,-3,3
15980,64,60,4,4
15981,74,64,10,10
15982,61,51,10,10
15983,63,60,3,3
15984,100,80,20,20
15985,107,96,11,11
15986,102,88,14,14
15987,31,37,-6,6
15988,147,123,24,24
15989,60,56,4,4
15990,86,73,13,13
15991,114,113,1,1
15992,103,105,-2,2
15993,75,69,6,6
15994,95,92,3,3
15995,87,71,16,16
15996,99,79,20,20
15997,114,104,10,10
15998,76,74,2,2
15999,120,112,8,8
16000,90,75,15,15
16001,64,54,10,10
16002,113,100,13,13
16003,66,57,9,9
16004,123,99,24,24
16005,132,107,25,25
16006,124,97,27,27
16007,56,52,4,4
16008,125,121,4,4
16009,101,90,11,11
16010,89,79,10,10
16011,57,60,-3,3
16012,98,82,16,16
16013,101,91,10,10
16014,82,78,4,4
16015,128,121,7,7
16016,56,54,2,2
16017,162,147,15,15
16018,84,81,3,3
16019,79,67,12,12
16020,53,49,4,4
16021,55,52,3,3
16022,62,54,8,8
16023,73,67,6,6
16024,42,40,2,2
16025,127,124,3,3
16026,52,50,2,2
16027,121,113,8,8
16028,75,75,0,0
16029,89,75,14,14
16030,64,58,6,6
16031,36,32,4,4
16032,89,73,16,16
16033,72,60,12,12
16034,148,130,18,18
16035,106,91,15,15
16036,158,148,10,10
16037,131,110,21,21
16038,130,119,11,11
16039,77,64,13,13
16040,136,116,20,20
16041,102,93,9,9
16042,86,78,8,8
16043,89,74,15,15
16044,101,83,18,18
16045,99,87,12,12
16046,100,82,18,18
16047,69,66,3,3
16048,92,72,20,20
16049,69,63,6,6
16050,128,110,18,18
16051,151,128,23,23
16052,39,34,5,5
16053,44,45,-1,1
16054,74,77,-3,3
16055,82,68,14,14
16056,140,119,21,21
16057,120,96,24,24
16058,79,60,19,19
16059,89,81,8,8
16060,158,170,-12,12
16061,105,113,-8,8
16062,113,101,12,12
16063,58,50,8,8
16064,95,82,13,13
16065,82,78,4,4
16066,140,119,21,21
16067,66,67,-1,1
16068,94,85,9,9
16069,116,108,8,8
16070,70,71,-1,1
16071,90,80,10,10
16072,73,74,-1,1
16073,62,91,-29,29
16074,55,52,3,3
16075,87,83,4,4
16076,97,90,7,7
16077,75,67,8,8
16078,113,99,14,14
16079,148,118,30,30
16080,144,150,-6,6
16081,64,53,11,11
16082,117,94,23,23
16083,89,77,12,12
16084,106,91,15,15
16085,130,102,28,28
16086,91,90,1,1
16087,52,46,6,6
16088,54,56,-2,2
16089,117,92,25,25
16090,127,123,4,4
16091,104,82,22,22
16092,122,103,19,19
16093,67,56,11,11
16094,73,69,4,4
16095,84,74,10,10
16096,63,57,6,6
16097,199,173,26,26
16098,138,136,2,2
16099,85,72,13,13
16100,112,103,9,9
16101,100,93,7,7
16102,184,171,13,13
16103,90,79,11,11
16104,55,50,5,5
16105,142,119,23,23
16106,124,110,14,14
16107,83,86,-3,3
16108,79,79,0,0
16109,52,64,-12,12
16110,92,83,9,9
16111,71,64,7,7
16112,47,41,6,6
16113,83,72,11,11
16114,68,61,7,7
16115,65,64,1,1
16116,99,85,14,14
16117,114,107,7,7
16118,98,92,6,6
16119,84,94,-10,10
16120,181,144,37,37
16121,51,45,6,6
16122,95,72,23,23
16123,77,68,9,9
16124,70,69,1,1
16125,103,88,15,15
16126,106,89,17,17
16127,70,68,2,2
16128,92,82,10,10
16129,104,101,3,3
16130,49,53,-4,4
16131,62,65,-3,3
16132,52,48,4,4
16133,88,75,13,13
16134,84,68,16,16
16135,80,75,5,5
16136,55,52,3,3
16137,84,70,14,14
16138,158,126,32,32
16139,76,63,13,13
16140,58,57,1,1
16141,94,75,19,19
16142,44,40,4,4
16143,96,83,13,13
16144,134,115,19,19
16145,124,109,15,15
16146,137,125,12,12
16147,139,117,22,22
16148,40,37,3,3
16149,64,58,6,6
16150,100,90,10,10
16151,90,82,8,8
16152,88,80,8,8
16153,80,72,8,8
16154,67,59,8,8
16155,96,82,14,14
16156,74,60,14,14
16157,80,60,20,20
16158,54,54,0,0
16159,133,119,14,14
16160,71,61,10,10
16161,151,127,24,24
16162,150,134,16,16
16163,107,99,8,8
16164,104,95,9,9
16165,96,84,12,12
16166,164,143,21,21
16167,61,66,-5,5
16168,95,85,10,10
16169,120,105,15,15
16170,107,101,6,6
16171,116,98,18,18
16172,89,77,12,12
16173,42,38,4,4
16174,74,65,9,9
16175,100,95,5,5
16176,66,55,11,11
16177,105,97,8,8
16178,108,86,22,22
16179,144,128,16,16
16180,118,112,6,6
16181,82,68,14,14
16182,164,131,33,33
16183,125,116,9,9
16184,68,62,6,6
16185,102,91,11,11
16186,109,106,3,3
16187,111,88,23,23
16188,115,92,23,23
16189,58,48,10,10
16190,109,90,19,19
16191,90,83,7,7
16192,99,85,14,14
16193,124,122,2,2
16194,147,106,41,41
16195,67,59,8,8
16196,89,81,8,8
16197,77,63,14,14
16198,106,114,-8,8
16199,78,71,7,7
16200,58,64,-6,6
16201,119,101,18,18
16202,74,72,2,2
16203,80,74,6,6
16204,143,123,20,20
16205,160,132,28,28
16206,117,99,18,18
16207,79,65,14,14
16208,103,94,9,9
16209,88,66,22,22
16210,74,70,4,4
16211,96,89,7,7
16212,94,104,-10,10
16213,66,56,10,10
16214,43,46,-3,3
16215,137,118,19,19
16216,89,76,13,13
16217,95,89,6,6
16218,172,160,12,12
16219,37,38,-1,1
16220,75,70,5,5
16221,112,101,11,11
16222,98,90,8,8
16223,137,121,16,16
16224,122,101,21,21
16225,55,45,10,10
16226,65,57,8,8
16227,105,95,10,10
16228,67,63,4,4
16229,115,97,18,18
16230,35,46,-11,11
16231,95,84,11,11
16232,62,52,10,10
16233,60,54,6,6
16234,142,115,27,27
16235,74,77,-3,3
16236,100,86,14,14
16237,179,85,94,94
16238,173,141,32,32
16239,161,143,18,18
16240,76,69,7,7
16241,79,80,-1,1
16242,116,95,21,21
16243,58,57,1,1
16244,83,75,8,8
16245,48,49,-1,1
16246,74,64,10,10
16247,57,58,-1,1
16248,84,72,12,12
16249,114,95,19,19
16250,72,57,15,15
16251,96,91,5,5
16252,113,126,-13,13
16253,105,89,16,16
16254,149,122,27,27
16255,62,58,4,4
16256,72,59,13,13
16257,77,68,9,9
16258,152,132,20,20
16259,94,80,14,14
16260,115,99,16,16
16261,56,46,10,10
16262,65,60,5,5
16263,111,94,17,17
16264,73,70,3,3
16265,75,64,11,11
16266,90,88,2,2
16267,121,115,6,6
16268,111,95,16,16
16269,179,152,27,27
16270,136,124,12,12
16271,111,100,11,11
16272,35,58,-23,23
16273,90,80,10,10
16274,58,50,8,8
16275,172,143,29,29
16276,77,69,8,8
16277,81,66,15,15
16278,31,34,-3,3
16279,87,84,3,3
16280,63,69,-6,6
16281,114,94,20,20
16282,96,86,10,10
16283,83,72,11,11
16284,117,110,7,7
16285,121,94,27,27
16286,89,80,9,9
16287,106,95,11,11
16288,108,93,15,15
16289,121,105,16,16
16290,160,134,26,26
16291,110,98,12,12
16292,87,68,19,19
16293,107,94,13,13
16294,117,108,9,9
16295,74,68,6,6
16296,96,86,10,10
16297,133,115,18,18
16298,81,82,-1,1
16299,81,73,8,8
16300,76,70,6,6
16301,57,59,-2,2
16302,131,122,9,9
16303,91,72,19,19
16304,39,41,-2,2
16305,119,98,21,21
16306,138,116,22,22
16307,105,100,5,5
16308,77,67,10,10
16309,132,120,12,12
16310,58,58,0,0
16311,42,38,4,4
16312,67,62,5,5
16313,54,46,8,8
16314,74,65,9,9
16315,95,86,9,9
16316,73,59,14,14
16317,75,77,-2,2
16318,58,55,3,3
16319,112,94,18,18
16320,114,94,20,20
16321,118,110,8,8
16322,63,59,4,4
16323,59,63,-4,4
16324,56,53,3,3
16325,66,58,8,8
16326,64,60,4,4
16327,100,81,19,19
16328,97,89,8,8
16329,155,132,23,23
16330,93,74,19,19
16331,123,110,13,13
16332,89,73,16,16
16333,76,72,4,4
16334,178,166,12,12
16335,67,56,11,11
16336,112,93,19,19
16337,105,91,14,14
16338,95,80,15,15
16339,81,75,6,6
16340,67,70,-3,3
16341,79,69,10,10
16342,117,107,10,10
16343,72,71,1,1
16344,103,92,11,11
16345,109,94,15,15
16346,59,56,3,3
16347,101,88,13,13
16348,112,101,11,11
16349,158,131,27,27
16350,119,109,10,10
16351,92,78,14,14
16352,38,37,1,1
16353,66,66,0,0
16354,69,76,-7,7
16355,51,51,0,0
16356,200,148,52,52
16357,93,77,16,16
16358,97,87,10,10
16359,171,125,46,46
16360,65,65,0,0
16361,102,88,14,14
16362,72,64,8,8
16363,55,53,2,2
16364,118,88,30,30
16365,86,74,12,12
16366,135,111,24,24
16367,78,65,13,13
16368,115,106,9,9
16369,140,131,9,9
16370,61,59,2,2
16371,48,49,-1,1
16372,78,70,8,8
16373,195,172,23,23
16374,48,51,-3,3
16375,71,58,13,13
16376,126,109,17,17
16377,207,172,35,35
16378,111,89,22,22
16379,75,75,0,0
16380,106,92,14,14
16381,84,70,14,14
16382,140,124,16,16
16383,77,87,-10,10
16384,88,78,10,10
16385,63,53,10,10
16386,146,123,23,23
16387,43,41,2,2
16388,87,78,9,9
16389,63,53,10,10
16390,92,91,1,1
16391,64,62,2,2
16392,107,86,21,21
16393,114,97,17,17
16394,76,60,16,16
16395,108,107,1,1
16396,61,52,9,9
16397,157,139,18,18
16398,161,134,27,27
16399,81,71,10,10
16400,42,40,2,2
16401,120,85,35,35
16402,118,92,26,26
16403,99,87,12,12
16404,78,68,10,10
16405,39,35,4,4
16406,62,57,5,5
16407,93,75,18,18
16408,51,51,0,0
16409,63,76,-13,13
16410,131,129,2,2
16411,117,92,25,25
16412,96,79,17,17
16413,158,136,22,22
16414,88,80,8,8
16415,77,75,2,2
16416,84,74,10,10
16417,123,106,17,17
16418,84,70,14,14
16419,122,111,11,11
16420,88,80,8,8
16421,73,58,15,15
16422,198,168,30,30
16423,87,69,18,18
16424,76,76,0,0
16425,85,78,7,7
16426,86,82,4,4
16427,161,149,12,12
16428,132,99,33,33
16429,65,50,15,15
16430,65,53,12,12
16431,155,129,26,26
16432,94,89,5,5
16433,91,77,14,14
16434,94,93,1,1
16435,132,114,18,18
16436,74,69,5,5
16437,134,118,16,16
16438,186,166,20,20
16439,117,98,19,19
16440,128,116,12,12
16441,49,45,4,4
16442,52,50,2,2
16443,54,45,9,9
16444,49,51,-2,2
16445,61,61,0,0
16446,87,77,10,10
16447,121,116,5,5
16448,110,97,13,13
16449,29,28,1,1
16450,75,65,10,10
16451,119,112,7,7
16452,100,85,15,15
16453,73,83,-10,10
16454,71,68,3,3
16455,61,69,-8,8
16456,91,96,-5,5
16457,68,73,-5,5
16458,79,70,9,9
16459,141,135,6,6
16460,89,80,9,9
16461,132,116,16,16
16462,110,97,13,13
16463,70,66,4,4
16464,49,45,4,4
16465,99,91,8,8
16466,60,49,11,11
16467,94,85,9,9
16468,89,78,11,11
16469,149,130,19,19
16470,78,65,13,13
16471,133,130,3,3
16472,134,129,5,5
16473,65,63,2,2
16474,117,93,24,24
16475,96,83,13,13
16476,130,103,27,27
16477,138,121,17,17
16478,85,79,6,6
16479,128,114,14,14
16480,84,74,10,10
16481,127,103,24,24
16482,67,64,3,3
16483,149,140,9,9
16484,77,65,12,12
16485,91,82,9,9
16486,137,116,21,21
16487,142,123,19,19
16488,68,64,4,4
16489,129,115,14,14
16490,120,102,18,18
16491,38,39,-1,1
16492,109,96,13,13
16493,101,83,18,18
16494,66,87,-21,21
16495,61,57,4,4
16496,107,95,12,12
16497,112,89,23,23
16498,114,114,0,0
16499,96,88,8,8
16500,136,121,15,15
16501,60,57,3,3
16502,108,88,20,20
16503,109,103,6,6
16504,98,85,13,13
16505,53,60,-7,7
16506,68,54,14,14
16507,114,99,15,15
16508,181,164,17,17
16509,121,103,18,18
16510,67,60,7,7
16511,78,61,17,17
16512,74,64,10,10
16513,47,42,5,5
16514,113,113,0,0
16515,41,37,4,4
16516,57,53,4,4
16517,68,55,13,13
16518,88,84,4,4
16519,76,82,-6,6
16520,96,87,9,9
16521,45,46,-1,1
16522,119,103,16,16
16523,104,102,2,2
16524,111,97,14,14
16525,62,51,11,11
16526,94,85,9,9
16527,86,73,13,13
16528,78,77,1,1
16529,132,116,16,16
16530,105,93,12,12
16531,141,113,28,28
16532,59,55,4,4
16533,205,156,49,49
16534,91,80,11,11
16535,87,95,-8,8
16536,87,76,11,11
16537,102,77,25,25
16538,94,78,16,16
16539,77,69,8,8
16540,61,55,6,6
16541,152,119,33,33
16542,85,77,8,8
16543,120,104,16,16
16544,83,80,3,3
16545,135,119,16,16
16546,52,48,4,4
16547,79,67,12,12
16548,50,49,1,1
16549,152,128,24,24
16550,80,66,14,14
16551,83,79,4,4
16552,163,145,18,18
16553,75,75,0,0
16554,72,68,4,4
16555,93,80,13,13
16556,118,100,18,18
16557,84,77,7,7
16558,72,63,9,9
16559,75,70,5,5
16560,79,72,7,7
16561,84,79,5,5
16562,88,81,7,7
16563,99,86,13,13
16564,59,54,5,5
16565,112,98,14,14
16566,128,101,27,27
16567,115,103,12,12
16568,101,103,-2,2
16569,60,55,5,5
16570,80,78,2,2
16571,134,123,11,11
16572,72,66,6,6
16573,160,132,28,28
16574,123,108,15,15
16575,111,95,16,16
16576,61,60,1,1
16577,68,62,6,6
16578,131,126,5,5
16579,135,110,25,25
16580,217,205,12,12
16581,56,44,12,12
16582,86,81,5,5
16583,104,93,11,11
16584,87,85,2,2
16585,76,69,7,7
16586,137,115,22,22
16587,86,78,8,8
16588,53,49,4,4
16589,82,76,6,6
16590,52,42,10,10
16591,85,74,11,11
16592,110,94,16,16
16593,58,50,8,8
16594,103,95,8,8
16595,40,37,3,3
16596,70,60,10,10
16597,50,43,7,7
16598,69,64,5,5
16599,108,103,5,5
16600,82,65,17,17
16601,138,114,24,24
16602,103,93,10,10
16603,119,100,19,19
16604,111,91,20,20
16605,154,131,23,23
16606,131,113,18,18
16607,67,62,5,5
16608,76,65,11,11
16609,104,94,10,10
16610,134,108,26,26
16611,41,47,-6,6
16612,54,45,9,9
16613,116,100,16,16
16614,58,53,5,5
16615,74,75,-1,1
16616,101,92,9,9
16617,62,52,10,10
16618,141,125,16,16
16619,93,77,16,16
16620,98,86,12,12
16621,88,90,-2,2
16622,33,34,-1,1
16623,115,113,2,2
16624,86,74,12,12
16625,156,130,26,26
16626,66,58,8,8
16627,93,77,16,16
16628,61,54,7,7
16629,128,109,19,19
16630,161,127,34,34
16631,51,48,3,3
16632,59,52,7,7
16633,97,86,11,11
16634,157,130,27,27
16635,91,90,1,1
16636,67,55,12,12
16637,90,84,6,6
16638,82,71,11,11
16639,104,89,15,15
16640,96,86,10,10
16641,122,114,8,8
16642,86,72,14,14
16643,126,113,13,13
16644,87,75,12,12
16645,77,73,4,4
16646,117,98,19,19
16647,144,119,25,25
16648,86,67,19,19
16649,61,51,10,10
16650,79,89,-10,10
16651,96,79,17,17
16652,89,84,5,5
16653,89,86,3,3
16654,110,95,15,15
16655,87,70,17,17
16656,39,41,-2,2
16657,98,85,13,13
16658,151,128,23,23
16659,89,80,9,9
16660,67,60,7,7
16661,71,60,11,11
16662,119,95,24,24
16663,86,77,9,9
16664,147,124,23,23
16665,51,43,8,8
16666,83,83,0,0
16667,83,73,10,10
16668,54,50,4,4
16669,138,112,26,26
16670,64,60,4,4
16671,80,72,8,8
16672,58,55,3,3
16673,92,80,12,12
16674,56,66,-10,10
16675,114,111,3,3
16676,58,54,4,4
16677,51,51,0,0
16678,111,96,15,15
16679,66,68,-2,2
16680,64,58,6,6
16681,99,98,1,1
16682,73,63,10,10
16683,110,88,22,22
16684,99,97,2,2
16685,92,78,14,14
16686,57,51,6,6
16687,138,119,19,19
16688,156,142,14,14
16689,113,97,16,16
16690,37,39,-2,2
16691,119,102,17,17
16692,109,100,9,9
16693,137,119,18,18
16694,187,133,54,54
16695,77,75,2,2
16696,78,64,14,14
16697,89,83,6,6
16698,144,131,13,13
16699,111,100,11,11
16700,46,48,-2,2
16701,119,105,14,14
16702,89,69,20,20
16703,85,68,17,17
16704,155,124,31,31
16705,164,153,11,11
16706,176,152,24,24
16707,61,58,3,3
16708,143,134,9,9
16709,66,49,17,17
16710,138,114,24,24
16711,107,94,13,13
16712,80,69,11,11
16713,95,80,15,15
16714,94,94,0,0
16715,90,78,12,12
16716,65,61,4,4
16717,75,70,5,5
16718,54,52,2,2
16719,84,75,9,9
16720,129,105,24,24
16721,142,113,29,29
16722,96,92,4,4
16723,112,100,12,12
16724,93,71,22,22
16725,57,52,5,5
16726,36,45,-9,9
16727,46,47,-1,1
16728,94,89,5,5
16729,57,55,2,2
16730,106,103,3,3
16731,130,118,12,12
16732,62,57,5,5
16733,89,82,7,7
16734,137,118,19,19
16735,107,100,7,7
16736,58,50,8,8
16737,73,63,10,10
16738,86,77,9,9
16739,103,87,16,16
16740,121,107,14,14
16741,66,56,10,10
16742,87,83,4,4
16743,59,48,11,11
16744,109,98,11,11
16745,79,79,0,0
16746,68,62,6,6
16747,66,61,5,5
16748,72,66,6,6
16749,100,87,13,13
16750,102,90,12,12
16751,55,52,3,3
16752,98,88,10,10
16753,107,94,13,13
16754,77,61,16,16
16755,76,74,2,2
16756,65,60,5,5
16757,134,106,28,28
16758,39,44,-5,5
16759,123,115,8,8
16760,64,59,5,5
16761,105,90,15,15
16762,66,60,6,6
16763,203,174,29,29
16764,144,110,34,34
16765,75,71,4,4
16766,106,91,15,15
16767,104,90,14,14
16768,73,72,1,1
16769,83,64,19,19
16770,81,85,-4,4
16771,83,76,7,7
16772,100,96,4,4
16773,103,87,16,16
16774,76,66,10,10
16775,66,60,6,6
16776,72,65,7,7
16777,87,89,-2,2
16778,81,84,-3,3
16779,109,96,13,13
16780,103,84,19,19
16781,112,110,2,2
16782,170,143,27,27
16783,89,78,11,11
16784,73,72,1,1
16785,59,52,7,7
16786,135,117,18,18
16787,61,59,2,2
16788,78,73,5,5
16789,125,103,22,22
16790,64,66,-2,2
16791,54,52,2,2
16792,119,102,17,17
16793,92,87,5,5
16794,117,104,13,13
16795,88,72,16,16
16796,99,86,13,13
16797,48,47,1,1
16798,123,112,11,11
16799,113,104,9,9
16800,98,88,10,10
16801,66,56,10,10
16802,82,69,13,13
16803,38,39,-1,1
16804,86,78,8,8
16805,135,130,5,5
16806,140,121,19,19
16807,73,64,9,9
16808,95,86,9,9
16809,40,40,0,0
16810,67,79,-12,12
16811,160,139,21,21
16812,121,100,21,21
16813,104,77,27,27
16814,98,85,13,13
16815,125,105,20,20
16816,119,94,25,25
16817,109,101,8,8
16818,73,65,8,8
16819,212,172,40,40
16820,81,69,12,12
16821,104,92,12,12
16822,44,42,2,2
16823,82,61,21,21
16824,181,141,40,40
16825,50,45,5,5
16826,90,91,-1,1
16827,87,75,12,12
16828,76,80,-4,4
16829,211,183,28,28
16830,104,89,15,15
16831,114,99,15,15
16832,143,130,13,13
16833,142,125,17,17
16834,153,149,4,4
16835,60,51,9,9
16836,60,56,4,4
16837,111,84,27,27
16838,143,136,7,7
16839,76,71,5,5
16840,73,63,10,10
16841,76,61,15,15
16842,75,67,8,8
16843,58,56,2,2
16844,57,48,9,9
16845,112,98,14,14
16846,151,125,26,26
16847,51,44,7,7
16848,64,60,4,4
16849,80,72,8,8
16850,89,77,12,12
16851,155,133,22,22
16852,97,84,13,13
16853,82,78,4,4
16854,122,103,19,19
16855,110,102,8,8
16856,91,76,15,15
16857,27,53,-26,26
16858,55,48,7,7
16859,107,91,16,16
16860,61,60,1,1
16861,67,66,1,1
16862,111,105,6,6
16863,95,80,15,15
16864,129,115,14,14
16865,165,158,7,7
16866,139,119,20,20
16867,97,117,-20,20
16868,88,78,10,10
16869,64,65,-1,1
16870,83,70,13,13
16871,118,103,15,15
16872,81,70,11,11
16873,78,68,10,10
16874,164,148,16,16
16875,60,64,-4,4
16876,23,26,-3,3
16877,60,53,7,7
16878,58,58,0,0
16879,102,94,8,8
16880,100,88,12,12
16881,103,93,10,10
16882,98,78,20,20
16883,136,124,12,12
16884,110,98,12,12
16885,95,84,11,11
16886,113,101,12,12
16887,143,138,5,5
16888,141,124,17,17
16889,117,99,18,18
16890,63,64,-1,1
16891,83,66,17,17
16892,52,51,1,1
16893,95,96,-1,1
16894,85,81,4,4
16895,75,73,2,2
16896,137,118,19,19
16897,81,71,10,10
16898,55,52,3,3
16899,128,99,29,29
16900,135,109,26,26
16901,107,91,16,16
16902,68,65,3,3
16903,95,85,10,10
16904,131,111,20,20
16905,106,94,12,12
16906,84,89,-5,5
16907,120,109,11,11
16908,69,62,7,7
16909,93,90,3,3
16910,100,88,12,12
16911,152,131,21,21
16912,139,131,8,8
16913,109,98,11,11
16914,122,107,15,15
16915,70,63,7,7
16916,89,74,15,15
16917,81,63,18,18
16918,59,52,7,7
16919,74,68,6,6
16920,121,95,26,26
16921,88,73,15,15
16922,72,83,-11,11
16923,107,96,11,11
16924,47,51,-4,4
16925,105,89,16,16
16926,61,62,-1,1
16927,116,100,16,16
16928,110,94,16,16
16929,63,56,7,7
16930,121,102,19,19
16931,52,46,6,6
16932,92,77,15,15
16933,102,103,-1,1
16934,86,78,8,8
16935,171,171,0,0
16936,97,93,4,4
16937,105,83,22,22
16938,127,111,16,16
16939,84,81,3,3
16940,99,80,19,19
16941,65,54,11,11
16942,86,67,19,19
16943,107,86,21,21
16944,84,74,10,10
16945,136,112,24,24
16946,82,67,15,15
16947,52,53,-1,1
16948,103,104,-1,1
16949,102,92,10,10
16950,126,106,20,20
16951,185,156,29,29
16952,143,123,20,20
16953,48,58,-10,10
16954,142,107,35,35
16955,58,56,2,2
16956,164,146,18,18
16957,95,85,10,10
16958,191,170,21,21
16959,115,106,9,9
16960,58,54,4,4
16961,121,103,18,18
16962,101,86,15,15
16963,79,75,4,4
16964,84,77,7,7
16965,69,61,8,8
16966,153,136,17,17
16967,67,67,0,0
16968,69,72,-3,3
16969,71,67,4,4
16970,94,86,8,8
16971,110,98,12,12
16972,105,95,10,10
16973,88,84,4,4
16974,93,85,8,8
16975,70,60,10,10
16976,65,63,2,2
16977,62,60,2,2
16978,120,104,16,16
16979,55,46,9,9
16980,73,69,4,4
16981,102,88,14,14
16982,71,64,7,7
16983,111,115,-4,4
16984,156,138,18,18
16985,89,85,4,4
16986,67,60,7,7
16987,71,66,5,5
16988,71,66,5,5
16989,108,91,17,17
16990,72,64,8,8
16991,80,68,12,12
16992,104,81,23,23
16993,111,104,7,7
16994,58,49,9,9
16995,68,59,9,9
16996,92,79,13,13
16997,161,138,23,23
16998,107,86,21,21
16999,66,69,-3,3
17000,76,73,3,3
17001,105,92,13,13
17002,140,116,24,24
17003,77,66,11,11
17004,70,67,3,3
17005,133,113,20,20
17006,50,50,0,0
17007,66,61,5,5
17008,60,64,-4,4
17009,72,68,4,4
17010,123,105,18,18
17011,88,78,10,10
17012,110,94,16,16
17013,94,80,14,14
17014,88,76,12,12
17015,82,68,14,14
17016,107,110,-3,3
17017,69,58,11,11
17018,85,79,6,6
17019,81,74,7,7
17020,57,54,3,3
17021,124,101,23,23
17022,126,115,11,11
17023,59,45,14,14
17024,78,71,7,7
17025,112,105,7,7
17026,87,88,-1,1
17027,101,86,15,15
17028,101,89,12,12
17029,150,133,17,17
17030,135,111,24,24
17031,146,129,17,17
17032,61,57,4,4
17033,103,90,13,13
17034,134,114,20,20
17035,68,63,5,5
17036,84,68,16,16
17037,59,56,3,3
17038,115,100,15,15
17039,98,73,25,25
17040,118,120,-2,2
17041,97,88,9,9
17042,94,93,1,1
17043,143,120,23,23
17044,119,104,15,15
17045,82,81,1,1
17046,86,83,3,3
17047,79,74,5,5
17048,178,164,14,14
17049,151,123,28,28
17050,133,116,17,17
17051,71,70,1,1
17052,56,47,9,9
17053,61,54,7,7
17054,69,67,2,2
17055,95,87,8,8
17056,98,84,14,14
17057,88,81,7,7
17058,86,80,6,6
17059,79,73,6,6
17060,77,65,12,12
17061,88,92,-4,4
17062,110,93,17,17
17063,138,127,11,11
17064,98,96,2,2
17065,99,83,16,16
17066,73,66,7,7
17067,143,124,19,19
17068,44,39,5,5
17069,136,112,24,24
17070,150,126,24,24
17071,125,110,15,15
17072,134,114,20,20
17073,93,90,3,3
17074,107,92,15,15
17075,38,40,-2,2
17076,133,133,0,0
17077,151,134,17,17
17078,104,99,5,5
17079,83,70,13,13
17080,124,96,28,28
17081,161,144,17,17
17082,72,62,10,10
17083,77,74,3,3
17084,111,98,13,13
17085,107,95,12,12
17086,107,99,8,8
17087,98,93,5,5
17088,168,146,22,22
17089,100,83,17,17
17090,70,65,5,5
17091,68,60,8,8
17092,74,59,15,15
17093,129,117,12,12
17094,121,105,16,16
17095,69,59,10,10
17096,121,109,12,12
17097,103,93,10,10
17098,187,166,21,21
17099,61,54,7,7
17100,81,66,15,15
17101,117,114,3,3
17102,46,50,-4,4
17103,77,68,9,9
17104,85,78,7,7
17105,47,46,1,1
17106,81,70,11,11
17107,99,79,20,20
17108,152,142,10,10
17109,58,60,-2,2
17110,45,47,-2,2
17111,87,76,11,11
17112,100,73,27,27
17113,41,37,4,4
17114,184,143,41,41
17115,72,66,6,6
17116,38,38,0,0
17117,79,89,-10,10
17118,98,79,19,19
17119,71,66,5,5
17120,62,58,4,4
17121,90,73,17,17
17122,97,74,23,23
17123,52,47,5,5
17124,74,61,13,13
17125,154,131,23,23
17126,99,85,14,14
17127,44,37,7,7
17128,85,71,14,14
17129,128,116,12,12
17130,128,102,26,26
17131,78,81,-3,3
17132,62,58,4,4
17133,112,111,1,1
17134,63,61,2,2
17135,88,78,10,10
17136,51,46,5,5
17137,129,112,17,17
17138,65,58,7,7
17139,56,49,7,7
17140,102,87,15,15
17141,87,74,13,13
17142,129,113,16,16
17143,61,59,2,2
17144,79,70,9,9
17145,57,60,-3,3
17146,171,141,30,30
17147,90,82,8,8
17148,96,82,14,14
17149,91,80,11,11
17150,47,48,-1,1
17151,87,88,-1,1
17152,86,91,-5,5
17153,133,121,12,12
17154,133,117,16,16
17155,89,85,4,4
17156,64,51,13,13
17157,54,50,4,4
17158,99,102,-3,3
17159,91,80,11,11
17160,76,73,3,3
17161,75,67,8,8
17162,72,61,11,11
17163,107,102,5,5
17164,39,35,4,4
17165,99,84,15,15
17166,121,102,19,19
17167,89,76,13,13
17168,132,118,14,14
17169,108,104,4,4
17170,84,66,18,18
17171,104,91,13,13
17172,68,62,6,6
17173,55,51,4,4
17174,74,61,13,13
17175,85,80,5,5
17176,63,56,7,7
17177,77,69,8,8
17178,103,93,10,10
17179,66,61,5,5
17180,77,63,14,14
17181,112,93,19,19
17182,127,124,3,3
17183,100,92,8,8
17184,59,59,0,0
17185,111,92,19,19
17186,29,29,0,0
17187,77,68,9,9
17188,98,90,8,8
17189,108,98,10,10
17190,196,172,24,24
17191,79,69,10,10
17192,150,135,15,15
17193,99,83,16,16
17194,73,63,10,10
17195,75,67,8,8
17196,62,61,1,1
17197,77,72,5,5
17198,100,79,21,21
17199,139,125,14,14
17200,80,71,9,9
17201,151,113,38,38
17202,125,112,13,13
17203,70,69,1,1
17204,141,119,22,22
17205,76,74,2,2
17206,74,74,0,0
17207,108,89,19,19
17208,146,115,31,31
17209,65,55,10,10
17210,92,92,0,0
17211,98,85,13,13
17212,112,107,5,5
17213,155,123,32,32
17214,109,96,13,13
17215,127,110,17,17
17216,40,46,-6,6
17217,106,106,0,0
17218,106,105,1,1
17219,68,59,9,9
17220,73,67,6,6
17221,69,64,5,5
17222,93,84,9,9
17223,95,85,10,10
17224,99,84,15,15
17225,108,93,15,15
17226,77,65,12,12
17227,76,68,8,8
17228,102,94,8,8
17229,117,99,18,18
17230,88,76,12,12
17231,82,73,9,9
17232,99,86,13,13
17233,147,119,28,28
17234,66,59,7,7
17235,79,63,16,16
17236,62,66,-4,4
17237,175,149,26,26
17238,101,88,13,13
17239,64,60,4,4
17240,74,64,10,10
17241,72,79,-7,7
17242,64,61,3,3
17243,73,64,9,9
17244,48,52,-4,4
17245,186,156,30,30
17246,100,110,-10,10
17247,120,103,17,17
17248,53,58,-5,5
17249,120,98,22,22
17250,98,93,5,5
17251,34,36,-2,2
17252,97,83,14,14
17253,118,99,19,19
17254,128,101,27,27
17255,90,76,14,14
17256,63,60,3,3
17257,160,127,33,33
17258,177,133,44,44
17259,185,160,25,25
17260,104,92,12,12
17261,68,59,9,9
17262,119,110,9,9
17263,110,91,19,19
17264,67,55,12,12
17265,56,53,3,3
17266,160,133,27,27
17267,103,107,-4,4
17268,68,58,10,10
17269,112,102,10,10
17270,75,66,9,9
17271,101,94,7,7
17272,89,97,-8,8
17273,57,61,-4,4
17274,65,59,6,6
17275,95,91,4,4
17276,93,85,8,8
17277,100,87,13,13
17278,127,116,11,11
17279,105,85,20,20
17280,58,45,13,13
17281,70,66,4,4
17282,146,129,17,17
17283,90,78,12,12
17284,75,65,10,10
17285,92,83,9,9
17286,122,107,15,15
17287,77,71,6,6
17288,50,47,3,3
17289,69,66,3,3
17290,36,37,-1,1
17291,97,80,17,17
17292,81,77,4,4
17293,127,120,7,7
17294,142,125,17,17
17295,98,91,7,7
17296,91,71,20,20
17297,84,75,9,9
17298,94,82,12,12
17299,71,74,-3,3
17300,87,70,17,17
17301,109,94,15,15
17302,58,49,9,9
17303,63,61,2,2
17304,65,59,6,6
17305,45,40,5,5
17306,87,65,22,22
17307,64,60,4,4
17308,82,74,8,8
17309,156,142,14,14
17310,138,105,33,33
17311,76,72,4,4
17312,134,111,23,23
17313,115,100,15,15
17314,92,84,8,8
17315,126,114,12,12
17316,103,95,8,8
17317,56,54,2,2
17318,125,123,2,2
17319,108,84,24,24
17320,69,64,5,5
17321,151,128,23,23
17322,88,86,2,2
17323,101,89,12,12
17324,165,148,17,17
17325,151,121,30,30
17326,82,71,11,11
17327,65,58,7,7
17328,93,84,9,9
17329,102,90,12,12
17330,71,65,6,6
17331,66,64,2,2
17332,101,93,8,8
17333,109,90,19,19
17334,67,55,12,12
17335,150,130,20,20
17336,71,52,19,19
17337,93,89,4,4
17338,106,99,7,7
17339,127,109,18,18
17340,167,147,20,20
17341,67,62,5,5
17342,137,121,16,16
17343,90,78,12,12
17344,48,48,0,0
17345,79,67,12,12
17346,72,70,2,2
17347,139,120,19,19
17348,81,74,7,7
17349,124,110,14,14
17350,114,95,19,19
17351,75,70,5,5
17352,73,66,7,7
17353,90,73,17,17
17354,156,138,18,18
17355,107,99,8,8
17356,88,77,11,11
17357,135,131,4,4
17358,120,96,24,24
17359,55,62,-7,7
17360,58,55,3,3
17361,104,100,4,4
17362,53,45,8,8
17363,65,55,10,10
17364,71,65,6,6
17365,36,40,-4,4
17366,135,112,23,23
17367,159,142,17,17
17368,118,93,25,25
17369,93,90,3,3
17370,91,82,9,9
17371,66,65,1,1
17372,68,55,13,13
17373,81,70,11,11
17374,138,129,9,9
17375,68,62,6,6
17376,128,118,10,10
17377,97,98,-1,1
17378,83,78,5,5
17379,194,162,32,32
17380,63,56,7,7
17381,68,57,11,11
17382,68,63,5,5
17383,89,84,5,5
17384,103,84,19,19
17385,113,112,1,1
17386,95,83,12,12
17387,93,74,19,19
17388,68,59,9,9
17389,57,47,10,10
17390,58,57,1,1
17391,174,141,33,33
17392,71,64,7,7
17393,106,94,12,12
17394,63,55,8,8
17395,63,51,12,12
17396,126,105,21,21
17397,104,89,15,15
17398,83,75,8,8
17399,80,74,6,6
17400,175,152,23,23
17401,77,86,-9,9
17402,146,125,21,21
17403,78,67,11,11
17404,114,93,21,21
17405,86,90,-4,4
17406,149,134,15,15
17407,170,149,21,21
17408,121,102,19,19
17409,61,55,6,6
17410,64,53,11,11
17411,67,57,10,10
17412,99,96,3,3
17413,185,154,31,31
17414,56,60,-4,4
17415,99,86,13,13
17416,75,75,0,0
17417,85,69,16,16
17418,92,78,14,14
17419,91,77,14,14
17420,80,64,16,16
17421,56,60,-4,4
17422,80,69,11,11
17423,135,115,20,20
17424,98,107,-9,9
17425,150,139,11,11
17426,53,55,-2,2
17427,106,93,13,13
17428,74,67,7,7
17429,196,163,33,33
17430,88,74,14,14
17431,47,49,-2,2
17432,101,97,4,4
17433,110,93,17,17
17434,116,105,11,11
17435,96,90,6,6
17436,65,56,9,9
17437,55,45,10,10
17438,140,125,15,15
17439,94,77,17,17
17440,89,72,17,17
17441,101,84,17,17
17442,80,65,15,15
17443,112,93,19,19
17444,106,103,3,3
17445,103,98,5,5
17446,60,57,3,3
17447,95,90,5,5
17448,87,81,6,6
17449,45,41,4,4
17450,92,84,8,8
17451,108,92,16,16
17452,98,85,13,13
17453,62,58,4,4
17454,107,96,11,11
17455,74,62,12,12
17456,137,110,27,27
17457,75,67,8,8
17458,66,58,8,8
17459,100,82,18,18
17460,129,125,4,4
17461,79,69,10,10
17462,111,92,19,19
17463,88,84,4,4
17464,63,58,5,5
17465,95,89,6,6
17466,74,66,8,8
17467,108,94,14,14
17468,115,96,19,19
17469,96,84,12,12
17470,146,121,25,25
17471,178,151,27,27
17472,171,146,25,25
17473,171,136,35,35
17474,151,140,11,11
17475,90,83,7,7
17476,94,74,20,20
17477,89,69,20,20
17478,71,64,7,7
17479,223,186,37,37
17480,66,61,5,5
17481,116,102,14,14
17482,69,59,10,10
17483,153,129,24,24
17484,48,50,-2,2
17485,83,76,7,7
17486,177,149,28,28
17487,70,75,-5,5
17488,80,76,4,4
17489,77,72,5,5
17490,69,59,10,10
17491,81,67,14,14
17492,115,104,11,11
17493,96,92,4,4
17494,94,76,18,18
17495,46,46,0,0
17496,88,92,-4,4
17497,90,71,19,19
17498,89,85,4,4
17499,65,56,9,9
17500,78,67,11,11
17501,76,69,7,7
17502,116,94,22,22
17503,127,107,20,20
17504,146,130,16,16
17505,89,85,4,4
17506,42,53,-11,11
17507,73,57,16,16
17508,61,56,5,5
17509,79,66,13,13
17510,105,91,14,14
17511,64,58,6,6
17512,115,106,9,9
17513,66,65,1,1
17514,75,65,10,10
17515,82,73,9,9
17516,46,52,-6,6
17517,106,98,8,8
17518,74,72,2,2
17519,58,63,-5,5
17520,89,82,7,7
17521,76,62,14,14
17522,90,73,17,17
17523,108,95,13,13
17524,89,89,0,0
17525,75,64,11,11
17526,98,83,15,15
17527,87,73,14,14
17528,65,62,3,3
17529,121,97,24,24
17530,63,60,3,3
17531,139,132,7,7
17532,80,72,8,8
17533,75,66,9,9
17534,64,62,2,2
17535,48,41,7,7
17536,115,101,14,14
17537,82,73,9,9
17538,120,105,15,15
17539,141,128,13,13
17540,67,63,4,4
17541,48,56,-8,8
17542,117,99,18,18
17543,173,149,24,24
17544,74,71,3,3
17545,53,49,4,4
17546,33,34,-1,1
17547,79,74,5,5
17548,76,64,12,12
17549,119,96,23,23
17550,139,123,16,16
17551,77,66,11,11
17552,115,108,7,7
17553,67,66,1,1
17554,105,85,20,20
17555,127,114,13,13
17556,84,73,11,11
17557,106,99,7,7
17558,79,78,1,1
17559,96,91,5,5
17560,82,70,12,12
17561,146,124,22,22
17562,98,91,7,7
17563,116,111,5,5
17564,42,40,2,2
17565,82,76,6,6
17566,71,63,8,8
17567,103,83,20,20
17568,60,58,2,2
17569,86,76,10,10
17570,137,113,24,24
17571,105,88,17,17
17572,68,67,1,1
17573,94,88,6,6
17574,190,161,29,29
17575,61,54,7,7
17576,112,96,16,16
17577,72,57,15,15
17578,137,112,25,25
17579,85,76,9,9
17580,190,165,25,25
17581,145,138,7,7
17582,100,93,7,7
17583,143,119,24,24
17584,81,73,8,8
17585,58,57,1,1
17586,79,80,-1,1
17587,119,104,15,15
17588,63,59,4,4
17589,106,91,15,15
17590,111,94,17,17
17591,90,83,7,7
17592,134,124,10,10
17593,129,101,28,28
17594,67,61,6,6
17595,128,117,11,11
17596,43,41,2,2
17597,58,53,5,5
17598,123,115,8,8
17599,63,56,7,7
17600,61,60,1,1
17601,74,56,18,18
17602,117,92,25,25
17603,132,96,36,36
17604,73,53,20,20
17605,127,115,12,12
17606,170,152,18,18
17607,101,94,7,7
17608,118,95,23,23
17609,73,62,11,11
17610,82,74,8,8
17611,100,88,12,12
17612,62,57,5,5
17613,80,65,15,15
17614,50,47,3,3
17615,68,62,6,6
17616,163,140,23,23
17617,49,44,5,5
17618,75,68,7,7
17619,133,110,23,23
17620,115,104,11,11
17621,102,96,6,6
17622,74,68,6,6
17623,161,134,27,27
17624,130,120,10,10
17625,122,103,19,19
17626,109,93,16,16
17627,120,116,4,4
17628,72,48,24,24
17629,90,85,5,5
17630,80,83,-3,3
17631,103,101,2,2
17632,134,115,19,19
17633,93,83,10,10
17634,82,71,11,11
17635,184,149,35,35
17636,84,74,10,10
17637,62,54,8,8
17638,65,59,6,6
17639,68,65,3,3
17640,118,105,13,13
17641,81,75,6,6
17642,116,106,10,10
17643,116,103,13,13
17644,85,71,14,14
17645,55,54,1,1
17646,91,82,9,9
17647,79,73,6,6
17648,24,40,-16,16
17649,155,131,24,24
17650,97,79,18,18
17651,69,68,1,1
17652,105,93,12,12
17653,158,142,16,16
17654,129,116,13,13
17655,115,96,19,19
17656,92,91,1,1
17657,82,76,6,6
17658,100,91,9,9
17659,66,52,14,14
17660,46,45,1,1
17661,141,133,8,8
17662,128,110,18,18
17663,101,74,27,27
17664,103,85,18,18
17665,75,66,9,9
17666,125,108,17,17
17667,50,43,7,7
17668,67,59,8,8
17669,91,84,7,7
17670,95,84,11,11
17671,133,112,21,21
17672,124,107,17,17
17673,59,49,10,10
17674,138,117,21,21
17675,132,114,18,18
17676,109,96,13,13
17677,72,68,4,4
17678,84,77,7,7
17679,107,96,11,11
17680,73,73,0,0
17681,76,69,7,7
17682,122,98,24,24
17683,107,100,7,7
17684,38,37,1,1
17685,127,105,22,22
17686,82,68,14,14
17687,189,153,36,36
17688,115,99,16,16
17689,100,86,14,14
17690,70,59,11,11
17691,81,65,16,16
17692,150,145,5,5
17693,94,78,16,16
17694,88,75,13,13
17695,81,74,7,7
17696,148,130,18,18
17697,75,78,-3,3
17698,90,77,13,13
17699,124,109,15,15
17700,46,42,4,4
17701,103,98,5,5
17702,101,84,17,17
17703,93,84,9,9
17704,105,96,9,9
17705,91,83,8,8
17706,138,122,16,16
17707,85,78,7,7
17708,102,86,16,16
17709,72,73,-1,1
17710,81,70,11,11
17711,118,104,14,14
17712,114,109,5,5
17713,118,100,18,18
17714,79,72,7,7
17715,149,128,21,21
17716,74,70,4,4
17717,46,45,1,1
17718,76,63,13,13
17719,80,71,9,9
17720,124,123,1,1
17721,126,120,6,6
17722,57,48,9,9
17723,91,92,-1,1
17724,206,163,43,43
17725,122,98,24,24
17726,89,84,5,5
17727,108,97,11,11
17728,170,141,29,29
17729,89,79,10,10
17730,90,76,14,14
17731,85,78,7,7
17732,80,63,17,17
17733,105,81,24,24
17734,84,65,19,19
17735,97,86,11,11
17736,60,57,3,3
17737,39,41,-2,2
17738,103,87,16,16
17739,122,111,11,11
17740,105,95,10,10
17741,72,69,3,3
17742,72,70,2,2
17743,126,107,19,19
17744,113,95,18,18
17745,88,75,13,13
17746,121,109,12,12
17747,88,81,7,7
17748,72,62,10,10
17749,65,66,-1,1
17750,74,71,3,3
17751,112,106,6,6
17752,53,48,5,5
17753,138,117,21,21
17754,108,99,9,9
17755,65,58,7,7
17756,72,68,4,4
17757,122,104,18,18
17758,48,50,-2,2
17759,93,77,16,16
17760,124,107,17,17
17761,92,81,11,11
17762,66,62,4,4
17763,69,61,8,8
17764,144,138,6,6
17765,103,96,7,7
17766,96,84,12,12
17767,107,93,14,14
17768,129,111,18,18
17769,60,55,5,5
17770,72,64,8,8
17771,53,47,6,6
17772,117,90,27,27
17773,109,100,9,9
17774,73,64,9,9
17775,121,103,18,18
17776,193,168,25,25
17777,69,68,1,1
17778,80,63,17,17
17779,135,106,29,29
17780,47,42,5,5
17781,75,64,11,11
17782,135,131,4,4
17783,97,84,13,13
17784,76,71,5,5
17785,108,95,13,13
17786,110,100,10,10
17787,87,83,4,4
17788,59,54,5,5
17789,163,139,24,24
17790,80,74,6,6
17791,169,140,29,29
17792,91,83,8,8
17793,122,105,17,17
17794,97,84,13,13
17795,63,62,1,1
17796,139,128,11,11
17797,76,63,13,13
17798,80,71,9,9
17799,79,66,13,13
17800,112,101,11,11
17801,94,84,10,10
17802,103,97,6,6
17803,53,55,-2,2
17804,70,66,4,4
17805,156,140,16,16
17806,29,48,-19,19
17807,128,121,7,7
17808,125,113,12,12
17809,126,92,34,34
17810,50,73,-23,23
17811,152,136,16,16
17812,195,147,48,48
17813,76,74,2,2
17814,87,76,11,11
17815,80,66,14,14
17816,66,57,9,9
17817,72,65,7,7
17818,104,101,3,3
17819,67,59,8,8
17820,109,97,12,12
17821,146,126,20,20
17822,59,62,-3,3
17823,78,66,12,12
17824,73,64,9,9
17825,139,122,17,17
17826,103,86,17,17
17827,112,106,6,6
17828,99,80,19,19
17829,68,67,1,1
17830,53,54,-1,1
17831,152,114,38,38
17832,55,47,8,8
17833,96,90,6,6
17834,78,70,8,8
17835,69,82,-13,13
17836,54,48,6,6
17837,118,101,17,17
17838,120,97,23,23
17839,45,52,-7,7
17840,94,80,14,14
17841,141,125,16,16
17842,81,78,3,3
17843,85,86,-1,1
17844,100,94,6,6
17845,104,94,10,10
17846,189,149,40,40
17847,79,66,13,13
17848,98,88,10,10
17849,53,47,6,6
17850,139,115,24,24
17851,96,101,-5,5
17852,75,67,8,8
17853,74,69,5,5
17854,142,129,13,13
17855,135,136,-1,1
17856,40,36,4,4
17857,176,146,30,30
17858,55,52,3,3
17859,70,70,0,0
17860,71,66,5,5
17861,55,58,-3,3
17862,168,149,19,19
17863,146,120,26,26
17864,111,103,8,8
17865,117,88,29,29
17866,64,59,5,5
17867,106,88,18,18
17868,110,88,22,22
17869,79,70,9,9
17870,95,78,17,17
17871,121,105,16,16
17872,129,117,12,12
17873,98,77,21,21
17874,60,52,8,8
17875,53,51,2,2
17876,121,100,21,21
17877,112,116,-4,4
17878,54,51,3,3
17879,76,68,8,8
17880,126,123,3,3
17881,131,109,22,22
17882,45,44,1,1
17883,135,120,15,15
17884,95,78,17,17
17885,80,65,15,15
17886,96,86,10,10
17887,143,120,23,23
17888,59,55,4,4
17889,140,126,14,14
17890,73,66,7,7
17891,109,101,8,8
17892,116,114,2,2
17893,42,42,0,0
17894,44,37,7,7
17895,151,131,20,20
17896,109,103,6,6
17897,106,82,24,24
17898,131,96,35,35
17899,139,119,20,20
17900,77,65,12,12
17901,127,107,20,20
17902,79,77,2,2
17903,140,124,16,16
17904,63,54,9,9
17905,121,111,10,10
17906,65,56,9,9
17907,146,131,15,15
17908,110,91,19,19
17909,101,95,6,6
17910,35,37,-2,2
17911,105,91,14,14
17912,154,144,10,10
17913,72,62,10,10
17914,98,92,6,6
17915,126,121,5,5
17916,142,120,22,22
17917,98,103,-5,5
17918,82,78,4,4
17919,86,86,0,0
17920,79,66,13,13
17921,111,89,22,22
17922,74,64,10,10
17923,58,52,6,6
17924,48,42,6,6
17925,74,65,9,9
17926,123,108,15,15
17927,40,40,0,0
17928,80,57,23,23
17929,63,54,9,9
17930,115,92,23,23
17931,107,97,10,10
17932,80,67,13,13
17933,85,76,9,9
17934,166,144,22,22
17935,71,70,1,1
17936,56,57,-1,1
17937,48,48,0,0
17938,96,80,16,16
17939,54,50,4,4
17940,124,110,14,14
17941,92,85,7,7
17942,51,49,2,2
17943,62,61,1,1
17944,89,74,15,15
17945,141,118,23,23
17946,87,64,23,23
17947,75,76,-1,1
17948,81,70,11,11
17949,65,74,-9,9
17950,90,72,18,18
17951,85,71,14,14
17952,71,68,3,3
17953,61,61,0,0
17954,104,90,14,14
17955,98,93,5,5
17956,68,61,7,7
17957,77,62,15,15
17958,90,78,12,12
17959,71,76,-5,5
17960,59,64,-5,5
17961,109,89,20,20
17962,105,96,9,9
17963,175,147,28,28
17964,83,81,2,2
17965,139,115,24,24
17966,68,62,6,6
17967,88,83,5,5
17968,75,64,11,11
17969,104,99,5,5
17970,126,103,23,23
17971,91,84,7,7
17972,94,88,6,6
17973,89,78,11,11
17974,41,43,-2,2
17975,91,99,-8,8
17976,81,76,5,5
17977,72,63,9,9
17978,146,117,29,29
17979,80,73,7,7
17980,141,104,37,37
17981,104,86,18,18
17982,111,91,20,20
17983,115,104,11,11
17984,67,59,8,8
17985,132,114,18,18
17986,118,105,13,13
17987,79,66,13,13
17988,67,70,-3,3
17989,158,121,37,37
17990,90,73,17,17
17991,78,72,6,6
17992,52,48,4,4
17993,67,62,5,5
17994,57,62,-5,5
17995,93,85,8,8
17996,73,64,9,9
17997,100,94,6,6
17998,150,122,28,28
17999,68,60,8,8
18000,74,68,6,6
18001,100,91,9,9
18002,92,90,2,2
18003,101,96,5,5
18004,96,78,18,18
18005,161,135,26,26
18006,71,67,4,4
18007,97,86,11,11
18008,62,55,7,7
18009,70,64,6,6
18010,106,90,16,16
18011,67,65,2,2
18012,56,58,-2,2
18013,75,63,12,12
18014,47,42,5,5
18015,78,67,11,11
18016,62,52,10,10
18017,68,60,8,8
18018,106,90,16,16
18019,125,100,25,25
18020,84,84,0,0
18021,107,92,15,15
18022,63,55,8,8
18023,76,77,-1,1
18024,98,80,18,18
18025,139,105,34,34
18026,94,85,9,9
18027,142,123,19,19
18028,121,106,15,15
18029,79,71,8,8
18030,123,111,12,12
18031,82,74,8,8
18032,174,152,22,22
18033,116,112,4,4
18034,51,49,2,2
18035,157,129,28,28
18036,57,53,4,4
18037,71,58,13,13
18038,30,32,-2,2
18039,102,91,11,11
18040,140,114,26,26
18041,156,142,14,14
18042,44,40,4,4
18043,157,134,23,23
18044,91,83,8,8
18045,111,107,4,4
18046,107,97,10,10
18047,83,79,4,4
18048,83,71,12,12
18049,103,88,15,15
18050,84,68,16,16
18051,79,68,11,11
18052,119,97,22,22
18053,66,63,3,3
18054,34,42,-8,8
18055,134,115,19,19
18056,108,94,14,14
18057,60,61,-1,1
18058,33,34,-1,1
18059,105,99,6,6
18060,71,68,3,3
18061,92,87,5,5
18062,62,58,4,4
18063,54,52,2,2
18064,85,78,7,7
18065,154,124,30,30
18066,109,93,16,16
18067,120,120,0,0
18068,55,48,7,7
18069,102,99,3,3
18070,58,50,8,8
18071,34,36,-2,2
18072,91,81,10,10
18073,110,95,15,15
18074,117,96,21,21
18075,102,113,-11,11
18076,95,81,14,14
18077,38,40,-2,2
18078,88,78,10,10
18079,107,86,21,21
18080,113,100,13,13
18081,58,53,5,5
18082,56,56,0,0
18083,68,64,4,4
18084,59,52,7,7
18085,169,156,13,13
18086,70,59,11,11
18087,117,99,18,18
18088,84,73,11,11
18089,150,140,10,10
18090,123,117,6,6
18091,72,66,6,6
18092,108,100,8,8
18093,87,76,11,11
18094,123,131,-8,8
18095,79,72,7,7
18096,112,113,-1,1
18097,77,66,11,11
18098,123,106,17,17
18099,109,106,3,3
18100,82,65,17,17
18101,57,57,0,0
18102,120,100,20,20
18103,117,112,5,5
18104,53,46,7,7
18105,72,70,2,2
18106,90,74,16,16
18107,92,97,-5,5
18108,88,74,14,14
18109,55,63,-8,8
18110,62,50,12,12
18111,108,100,8,8
18112,85,67,18,18
18113,66,73,-7,7
18114,165,152,13,13
18115,124,122,2,2
18116,75,74,1,1
18117,54,48,6,6
18118,141,124,17,17
18119,67,60,7,7
18120,94,87,7,7
18121,102,96,6,6
18122,119,110,9,9
18123,53,52,1,1
18124,122,120,2,2
18125,60,56,4,4
18126,88,80,8,8
18127,101,92,9,9
18128,64,59,5,5
18129,48,60,-12,12
18130,75,63,12,12
18131,53,63,-10,10
18132,123,97,26,26
18133,90,76,14,14
18134,137,127,10,10
18135,95,88,7,7
18136,88,95,-7,7
18137,106,102,4,4
18138,155,133,22,22
18139,75,57,18,18
18140,62,57,5,5
18141,91,74,17,17
18142,58,49,9,9
18143,51,54,-3,3
18144,120,109,11,11
18145,94,88,6,6
18146,112,96,16,16
18147,84,89,-5,5
18148,67,64,3,3
18149,83,75,8,8
18150,162,138,24,24
18151,122,107,15,15
18152,36,38,-2,2
18153,127,112,15,15
18154,75,81,-6,6
18155,119,94,25,25
18156,147,131,16,16
18157,105,93,12,12
18158,55,51,4,4
18159,90,77,13,13
18160,57,51,6,6
18161,100,90,10,10
18162,63,51,12,12
18163,58,56,2,2
18164,140,130,10,10
18165,107,93,14,14
18166,71,70,1,1
18167,145,132,13,13
18168,64,64,0,0
18169,94,74,20,20
18170,71,61,10,10
18171,68,64,4,4
18172,109,88,21,21
18173,67,62,5,5
18174,81,73,8,8
18175,101,83,18,18
18176,135,113,22,22
18177,60,49,11,11
18178,154,128,26,26
18179,131,108,23,23
18180,97,80,17,17
18181,65,59,6,6
18182,132,113,19,19
18183,95,87,8,8
18184,97,81,16,16
18185,122,100,22,22
18186,80,75,5,5
18187,89,74,15,15
18188,97,74,23,23
18189,106,95,11,11
18190,101,92,9,9
18191,116,112,4,4
18192,70,79,-9,9
18193,44,44,0,0
18194,149,127,22,22
18195,95,86,9,9
18196,79,70,9,9
18197,114,101,13,13
18198,77,63,14,14
18199,121,101,20,20
18200,80,74,6,6
18201,117,97,20,20
18202,150,126,24,24
18203,85,72,13,13
18204,72,73,-1,1
18205,112,96,16,16
18206,91,78,13,13
18207,61,51,10,10
18208,126,107,19,19
18209,78,69,9,9
18210,129,112,17,17
18211,71,65,6,6
18212,72,68,4,4
18213,166,144,22,22
18214,134,115,19,19
18215,36,28,8,8
18216,63,61,2,2
18217,73,63,10,10
18218,88,80,8,8
18219,88,85,3,3
18220,113,109,4,4
18221,138,118,20,20
18222,88,63,25,25
18223,127,114,13,13
18224,216,187,29,29
18225,108,97,11,11
18226,137,122,15,15
18227,66,72,-6,6
18228,68,67,1,1
18229,100,85,15,15
18230,50,47,3,3
18231,130,117,13,13
18232,100,92,8,8
18233,201,155,46,46
18234,53,49,4,4
18235,65,60,5,5
18236,60,53,7,7
18237,177,154,23,23
18238,88,71,17,17
18239,64,60,4,4
18240,141,130,11,11
18241,87,82,5,5
18242,144,123,21,21
18243,118,94,24,24
18244,84,78,6,6
18245,80,76,4,4
18246,131,121,10,10
18247,61,57,4,4
18248,93,81,12,12
18249,78,79,-1,1
18250,58,49,9,9
18251,99,79,20,20
18252,107,90,17,17
18253,119,105,14,14
18254,104,101,3,3
18255,87,83,4,4
18256,88,75,13,13
18257,131,118,13,13
18258,126,110,16,16
18259,125,101,24,24
18260,99,96,3,3
18261,127,112,15,15
18262,34,46,-12,12
18263,77,62,15,15
18264,88,79,9,9
18265,106,109,-3,3
18266,104,89,15,15
18267,78,77,1,1
18268,78,70,8,8
18269,211,170,41,41
18270,68,50,18,18
18271,110,98,12,12
18272,86,77,9,9
18273,102,92,10,10
18274,82,69,13,13
18275,57,50,7,7
18276,106,95,11,11
18277,52,52,0,0
18278,60,52,8,8
18279,78,71,7,7
18280,66,53,13,13
18281,134,116,18,18
18282,61,56,5,5
18283,88,76,12,12
18284,95,87,8,8
18285,79,72,7,7
18286,109,99,10,10
18287,74,70,4,4
18288,82,67,15,15
18289,77,69,8,8
18290,89,76,13,13
18291,115,97,18,18
18292,64,59,5,5
18293,143,122,21,21
18294,189,160,29,29
18295,27,29,-2,2
18296,82,81,1,1
18297,127,123,4,4
18298,121,100,21,21
18299,103,93,10,10
18300,55,49,6,6
18301,163,147,16,16
18302,93,85,8,8
18303,95,84,11,11
18304,123,112,11,11
18305,59,55,4,4
18306,112,92,20,20
18307,76,69,7,7
18308,77,79,-2,2
18309,62,58,4,4
18310,71,65,6,6
18311,60,53,7,7
18312,141,130,11,11
18313,91,84,7,7
18314,96,82,14,14
18315,58,54,4,4
18316,93,82,11,11
18317,165,149,16,16
18318,199,174,25,25
18319,98,87,11,11
18320,152,138,14,14
18321,81,65,16,16
18322,93,77,16,16
18323,122,103,19,19
18324,83,75,8,8
18325,82,77,5,5
18326,61,58,3,3
18327,87,81,6,6
18328,44,49,-5,5
18329,90,90,0,0
18330,50,48,2,2
18331,122,108,14,14
18332,82,73,9,9
18333,101,94,7,7
18334,93,86,7,7
18335,132,108,24,24
18336,111,106,5,5
18337,96,72,24,24
18338,47,43,4,4
18339,113,102,11,11
18340,182,163,19,19
18341,107,113,-6,6
18342,99,97,2,2
18343,72,66,6,6
18344,84,80,4,4
18345,55,51,4,4
18346,154,141,13,13
18347,39,39,0,0
18348,107,93,14,14
18349,89,85,4,4
18350,114,102,12,12
18351,99,92,7,7
18352,76,71,5,5
18353,61,58,3,3
18354,112,88,24,24
18355,79,70,9,9
18356,81,72,9,9
18357,80,77,3,3
18358,49,56,-7,7
18359,48,38,10,10
18360,113,99,14,14
18361,91,88,3,3
18362,76,68,8,8
18363,144,133,11,11
18364,67,60,7,7
18365,81,64,17,17
18366,111,96,15,15
18367,78,69,9,9
18368,53,51,2,2
18369,77,70,7,7
18370,71,77,-6,6
18371,76,63,13,13
18372,65,58,7,7
18373,90,82,8,8
18374,165,141,24,24
18375,188,167,21,21
18376,58,144,-86,86
18377,81,73,8,8
18378,65,61,4,4
18379,91,83,8,8
18380,116,106,10,10
18381,145,121,24,24
18382,111,100,11,11
18383,146,124,22,22
18384,119,100,19,19
18385,91,84,7,7
18386,116,105,11,11
18387,48,45,3,3
18388,107,105,2,2
18389,63,58,5,5
18390,120,99,21,21
18391,86,74,12,12
18392,93,82,11,11
18393,89,83,6,6
18394,95,87,8,8
18395,90,75,15,15
18396,104,91,13,13
18397,144,128,16,16
18398,119,97,22,22
18399,82,74,8,8
18400,61,67,-6,6
18401,93,91,2,2
18402,142,118,24,24
18403,73,65,8,8
18404,133,106,27,27
18405,128,122,6,6
18406,104,91,13,13
18407,90,80,10,10
18408,88,84,4,4
18409,65,68,-3,3
18410,102,87,15,15
18411,176,144,32,32
18412,90,86,4,4
18413,241,198,43,43
18414,115,89,26,26
18415,69,61,8,8
18416,94,76,18,18
18417,123,105,18,18
18418,96,98,-2,2
18419,90,85,5,5
18420,59,56,3,3
18421,76,67,9,9
18422,72,65,7,7
18423,70,65,5,5
18424,67,57,10,10
18425,83,76,7,7
18426,205,168,37,37
18427,62,60,2,2
18428,214,189,25,25
18429,79,64,15,15
18430,142,119,23,23
18431,88,75,13,13
18432,107,101,6,6
18433,120,101,19,19
18434,108,96,12,12
18435,102,86,16,16
18436,64,61,3,3
18437,86,83,3,3
18438,70,65,5,5
18439,130,99,31,31
18440,97,79,18,18
18441,85,79,6,6
18442,67,56,11,11
18443,142,109,33,33
18444,48,49,-1,1
18445,88,73,15,15
18446,123,114,9,9
18447,69,67,2,2
18448,92,81,11,11
18449,69,63,6,6
18450,45,41,4,4
18451,64,57,7,7
18452,84,68,16,16
18453,131,115,16,16
18454,78,72,6,6
18455,32,36,-4,4
18456,85,72,13,13
18457,100,84,16,16
18458,99,75,24,24
18459,125,106,19,19
18460,91,73,18,18
18461,196,168,28,28
18462,94,107,-13,13
18463,54,48,6,6
18464,134,114,20,20
18465,168,137,31,31
18466,64,55,9,9
18467,73,69,4,4
18468,96,79,17,17
18469,82,66,16,16
18470,48,48,0,0
18471,65,63,2,2
18472,121,112,9,9
18473,102,94,8,8
18474,69,58,11,11
18475,92,81,11,11
18476,79,70,9,9
18477,107,100,7,7
18478,76,81,-5,5
18479,73,69,4,4
18480,75,63,12,12
18481,150,139,11,11
18482,149,127,22,22
18483,144,123,21,21
18484,113,98,15,15
18485,62,62,0,0
18486,108,98,10,10
18487,103,96,7,7
18488,58,80,-22,22
18489,42,50,-8,8
18490,115,88,27,27
18491,58,80,-22,22
18492,115,92,23,23
18493,109,92,17,17
18494,51,39,12,12
18495,70,62,8,8
18496,68,76,-8,8
18497,143,127,16,16
18498,83,65,18,18
18499,116,99,17,17
18500,45,43,2,2
18501,90,78,12,12
18502,67,60,7,7
18503,100,92,8,8
18504,113,105,8,8
18505,30,41,-11,11
18506,98,89,9,9
18507,67,63,4,4
18508,53,52,1,1
18509,105,94,11,11
18510,123,114,9,9
18511,57,51,6,6
18512,125,103,22,22
18513,98,85,13,13
18514,111,100,11,11
18515,122,105,17,17
18516,117,107,10,10
18517,74,67,7,7
18518,84,73,11,11
18519,143,127,16,16
18520,121,102,19,19
18521,121,105,16,16
18522,99,87,12,12
18523,103,85,18,18
18524,104,80,24,24
18525,63,54,9,9
18526,222,172,50,50
18527,113,91,22,22
18528,88,81,7,7
18529,122,92,30,30
18530,109,108,1,1
18531,72,62,10,10
18532,64,56,8,8
18533,144,121,23,23
18534,82,73,9,9
18535,82,78,4,4
18536,162,140,22,22
18537,112,108,4,4
18538,62,57,5,5
18539,78,84,-6,6
18540,48,41,7,7
18541,90,79,11,11
18542,130,106,24,24
18543,70,64,6,6
18544,141,134,7,7
18545,138,122,16,16
18546,126,89,37,37
18547,71,63,8,8
18548,89,85,4,4
18549,138,122,16,16
18550,70,58,12,12
18551,123,105,18,18
18552,72,66,6,6
18553,107,100,7,7
18554,58,49,9,9
18555,90,76,14,14
18556,136,126,10,10
18557,163,143,20,20
18558,108,91,17,17
18559,83,62,21,21
18560,117,104,13,13
18561,142,123,19,19
18562,69,62,7,7
18563,100,80,20,20
18564,211,173,38,38
18565,148,136,12,12
18566,82,71,11,11
18567,86,79,7,7
18568,201,174,27,27
18569,113,109,4,4
18570,126,114,12,12
18571,64,54,10,10
18572,98,84,14,14
18573,51,46,5,5
18574,93,94,-1,1
18575,60,54,6,6
18576,82,70,12,12
18577,95,100,-5,5
18578,94,75,19,19
18579,81,72,9,9
18580,111,99,12,12
18581,63,63,0,0
18582,55,50,5,5
18583,142,125,17,17
18584,139,115,24,24
18585,118,100,18,18
18586,209,158,51,51
18587,73,65,8,8
18588,103,97,6,6
18589,118,110,8,8
18590,124,108,16,16
18591,79,83,-4,4
18592,124,107,17,17
18593,129,113,16,16
18594,91,76,15,15
18595,83,81,2,2
18596,120,96,24,24
18597,91,75,16,16
18598,101,85,16,16
18599,117,99,18,18
18600,154,129,25,25
18601,83,74,9,9
18602,113,105,8,8
18603,83,77,6,6
18604,106,100,6,6
18605,47,44,3,3
18606,63,58,5,5
18607,99,86,13,13
18608,47,59,-12,12
18609,111,94,17,17
18610,111,94,17,17
18611,152,130,22,22
18612,91,92,-1,1
18613,111,99,12,12
18614,103,106,-3,3
18615,80,77,3,3
18616,133,114,19,19
18617,83,71,12,12
18618,67,56,11,11
18619,124,117,7,7
18620,93,92,1,1
18621,80,70,10,10
18622,64,64,0,0
18623,74,76,-2,2
18624,92,83,9,9
18625,122,101,21,21
18626,92,95,-3,3
18627,111,102,9,9
18628,148,119,29,29
18629,102,85,17,17
18630,101,89,12,12
18631,89,79,10,10
18632,94,92,2,2
18633,78,68,10,10
18634,88,71,17,17
18635,87,87,0,0
18636,59,47,12,12
18637,75,70,5,5
18638,101,94,7,7
18639,96,92,4,4
18640,64,59,5,5
18641,106,92,14,14
18642,90,82,8,8
18643,95,91,4,4
18644,107,98,9,9
18645,95,87,8,8
18646,78,77,1,1
18647,124,139,-15,15
18648,142,129,13,13
18649,73,62,11,11
18650,111,100,11,11
18651,92,68,24,24
18652,205,164,41,41
18653,93,80,13,13
18654,87,88,-1,1
18655,43,41,2,2
18656,51,49,2,2
18657,102,92,10,10
18658,85,87,-2,2
18659,152,132,20,20
18660,69,63,6,6
18661,47,45,2,2
18662,52,52,0,0
18663,94,90,4,4
18664,149,130,19,19
18665,81,62,19,19
18666,96,77,19,19
18667,88,77,11,11
18668,81,69,12,12
18669,129,111,18,18
18670,107,118,-11,11
18671,93,74,19,19
18672,90,80,10,10
18673,72,69,3,3
18674,82,73,9,9
18675,73,67,6,6
18676,102,92,10,10
18677,52,51,1,1
18678,79,79,0,0
18679,131,111,20,20
18680,56,49,7,7
18681,58,48,10,10
18682,66,56,10,10
18683,58,56,2,2
18684,76,72,4,4
18685,83,70,13,13
18686,84,73,11,11
18687,100,93,7,7
18688,114,93,21,21
18689,112,103,9,9
18690,104,87,17,17
18691,110,101,9,9
18692,160,150,10,10
18693,98,87,11,11
18694,122,111,11,11
18695,39,37,2,2
18696,120,110,10,10
18697,84,75,9,9
18698,64,73,-9,9
18699,87,84,3,3
18700,102,90,12,12
18701,87,79,8,8
18702,76,63,13,13
18703,132,117,15,15
18704,65,54,11,11
18705,136,110,26,26
18706,87,67,20,20
18707,93,79,14,14
18708,130,109,21,21
18709,96,84,12,12
18710,93,81,12,12
18711,67,67,0,0
18712,116,102,14,14
18713,81,80,1,1
18714,107,100,7,7
18715,70,54,16,16
18716,113,96,17,17
18717,78,74,4,4
18718,93,78,15,15
18719,62,62,0,0
18720,43,40,3,3
18721,81,69,12,12
18722,85,75,10,10
18723,128,107,21,21
18724,110,102,8,8
18725,37,33,4,4
18726,66,65,1,1
18727,56,49,7,7
18728,95,84,11,11
18729,95,86,9,9
18730,92,82,10,10
18731,99,95,4,4
18732,75,72,3,3
18733,186,148,38,38
18734,30,29,1,1
18735,63,58,5,5
18736,60,49,11,11
18737,38,39,-1,1
18738,70,70,0,0
18739,85,76,9,9
18740,71,50,21,21
18741,122,115,7,7
18742,45,37,8,8
18743,94,80,14,14
18744,133,114,19,19
18745,89,72,17,17
18746,85,69,16,16
18747,80,72,8,8
18748,141,117,24,24
18749,108,97,11,11
18750,39,47,-8,8
18751,85,91,-6,6
18752,99,91,8,8
18753,81,68,13,13
18754,123,111,12,12
18755,98,86,12,12
18756,81,74,7,7
18757,110,101,9,9
18758,64,62,2,2
18759,75,75,0,0
18760,59,49,10,10
18761,66,64,2,2
18762,81,59,22,22
18763,92,82,10,10
18764,115,99,16,16
18765,129,120,9,9
18766,99,86,13,13
18767,72,68,4,4
18768,91,84,7,7
18769,69,65,4,4
18770,80,64,16,16
18771,89,84,5,5
18772,92,89,3,3
18773,95,83,12,12
18774,166,135,31,31
18775,61,53,8,8
18776,59,46,13,13
18777,42,50,-8,8
18778,53,53,0,0
18779,101,87,14,14
18780,90,75,15,15
18781,116,97,19,19
18782,83,67,16,16
18783,89,80,9,9
18784,121,107,14,14
18785,74,53,21,21
18786,113,91,22,22
18787,85,77,8,8
18788,137,122,15,15
18789,72,73,-1,1
18790,78,62,16,16
18791,113,109,4,4
18792,144,107,37,37
18793,54,50,4,4
18794,74,63,11,11
18795,72,64,8,8
18796,73,66,7,7
18797,163,133,30,30
18798,96,88,8,8
18799,90,80,10,10
18800,64,58,6,6
18801,61,57,4,4
18802,79,69,10,10
18803,118,111,7,7
18804,70,61,9,9
18805,108,96,12,12
18806,83,96,-13,13
18807,55,49,6,6
18808,139,124,15,15
18809,49,46,3,3
18810,159,135,24,24
18811,30,33,-3,3
18812,111,104,7,7
18813,112,98,14,14
18814,149,139,10,10
18815,104,88,16,16
18816,166,128,38,38
18817,76,64,12,12
18818,128,123,5,5
18819,54,54,0,0
18820,99,90,9,9
18821,53,47,6,6
18822,98,84,14,14
18823,94,88,6,6
18824,144,135,9,9
18825,47,43,4,4
18826,124,117,7,7
18827,137,136,1,1
18828,55,44,11,11
18829,79,61,18,18
18830,103,94,9,9
18831,67,64,3,3
18832,45,40,5,5
18833,129,106,23,23
18834,33,46,-13,13
18835,108,97,11,11
18836,68,61,7,7
18837,165,138,27,27
18838,108,86,22,22
18839,142,113,29,29
18840,108,100,8,8
18841,56,56,0,0
18842,73,69,4,4
18843,121,108,13,13
18844,139,129,10,10
18845,124,106,18,18
18846,59,53,6,6
18847,98,104,-6,6
18848,42,37,5,5
18849,94,90,4,4
18850,120,99,21,21
18851,64,62,2,2
18852,52,53,-1,1
18853,193,167,26,26
18854,99,86,13,13
18855,73,71,2,2
18856,166,124,42,42
18857,116,103,13,13
18858,69,78,-9,9
18859,67,61,6,6
18860,81,65,16,16
18861,112,93,19,19
18862,120,94,26,26
18863,67,54,13,13
18864,105,80,25,25
18865,146,121,25,25
18866,110,90,20,20
18867,90,78,12,12
18868,94,75,19,19
18869,106,108,-2,2
18870,95,84,11,11
18871,112,101,11,11
18872,104,83,21,21
18873,60,60,0,0
18874,93,70,23,23
18875,171,154,17,17
18876,57,47,10,10
18877,106,91,15,15
18878,83,80,3,3
18879,65,51,14,14
18880,111,101,10,10
18881,117,109,8,8
18882,71,67,4,4
18883,46,52,-6,6
18884,87,92,-5,5
18885,80,69,11,11
18886,58,53,5,5
18887,47,39,8,8
18888,196,159,37,37
18889,100,94,6,6
18890,122,115,7,7
18891,126,115,11,11
18892,61,57,4,4
18893,68,66,2,2
18894,90,88,2,2
18895,96,90,6,6
18896,154,143,11,11
18897,153,137,16,16
18898,83,73,10,10
18899,130,114,16,16
18900,110,92,18,18
18901,122,108,14,14
18902,85,71,14,14
18903,55,51,4,4
18904,85,74,11,11
18905,122,109,13,13
18906,71,62,9,9
18907,149,129,20,20
18908,101,89,12,12
18909,81,81,0,0
18910,95,86,9,9
18911,120,105,15,15
18912,137,129,8,8
18913,132,130,2,2
18914,83,66,17,17
18915,121,102,19,19
18916,121,105,16,16
18917,125,126,-1,1
18918,81,75,6,6
18919,137,124,13,13
18920,89,79,10,10
18921,113,97,16,16
18922,23,33,-10,10
18923,123,93,30,30
18924,172,154,18,18
18925,64,58,6,6
18926,122,118,4,4
18927,67,61,6,6
18928,86,76,10,10
18929,42,45,-3,3
18930,126,109,17,17
18931,148,119,29,29
18932,81,66,15,15
18933,78,72,6,6
18934,74,65,9,9
18935,52,50,2,2
18936,67,61,6,6
18937,69,63,6,6
18938,76,75,1,1
18939,56,51,5,5
18940,103,103,0,0
18941,86,86,0,0
18942,67,63,4,4
18943,74,72,2,2
18944,61,52,9,9
18945,42,49,-7,7
18946,106,92,14,14
18947,59,53,6,6
18948,65,56,9,9
18949,148,139,9,9
18950,161,138,23,23
18951,140,119,21,21
18952,140,119,21,21
18953,70,68,2,2
18954,157,130,27,27
18955,70,70,0,0
18956,110,104,6,6
18957,132,139,-7,7
18958,40,53,-13,13
18959,115,97,18,18
18960,165,145,20,20
18961,46,53,-7,7
18962,108,106,2,2
18963,145,128,17,17
18964,153,128,25,25
18965,64,58,6,6
18966,104,94,10,10
18967,104,80,24,24
18968,103,82,21,21
18969,99,98,1,1
18970,58,54,4,4
18971,78,67,11,11
18972,116,105,11,11
18973,95,99,-4,4
18974,77,66,11,11
18975,100,89,11,11
18976,147,125,22,22
18977,73,66,7,7
18978,90,83,7,7
18979,91,83,8,8
18980,136,117,19,19
18981,156,125,31,31
18982,71,64,7,7
18983,65,58,7,7
18984,82,72,10,10
18985,116,101,15,15
18986,134,116,18,18
18987,70,66,4,4
18988,98,87,11,11
18989,194,164,30,30
18990,58,56,2,2
18991,111,135,-24,24
18992,55,52,3,3
18993,105,94,11,11
18994,85,78,7,7
18995,105,86,19,19
18996,83,81,2,2
18997,96,78,18,18
18998,83,71,12,12
18999,153,135,18,18
19000,81,74,7,7
19001,60,58,2,2
19002,137,125,12,12
19003,140,119,21,21
19004,88,84,4,4
19005,124,112,12,12
19006,101,84,17,17
19007,84,70,14,14
19008,99,85,14,14
19009,59,46,13,13
19010,83,84,-1,1
19011,113,111,2,2
19012,83,80,3,3
19013,65,60,5,5
19014,52,52,0,0
19015,120,112,8,8
19016,102,81,21,21
19017,50,68,-18,18
19018,134,122,12,12
19019,90,79,11,11
19020,79,67,12,12
19021,78,73,5,5
19022,122,103,19,19
19023,69,65,4,4
19024,72,63,9,9
19025,71,66,5,5
19026,112,88,24,24
19027,111,90,21,21
19028,96,90,6,6
19029,96,85,11,11
19030,67,62,5,5
19031,102,93,9,9
19032,71,68,3,3
19033,147,131,16,16
19034,123,115,8,8
19035,89,67,22,22
19036,72,71,1,1
19037,81,77,4,4
19038,61,55,6,6
19039,79,71,8,8
19040,112,92,20,20
19041,167,152,15,15
19042,74,69,5,5
19043,122,101,21,21
19044,78,78,0,0
19045,64,60,4,4
19046,72,69,3,3
19047,90,74,16,16
19048,86,71,15,15
19049,122,105,17,17
19050,70,55,15,15
19051,80,71,9,9
19052,55,52,3,3
19053,86,69,17,17
19054,117,102,15,15
19055,95,84,11,11
19056,88,78,10,10
19057,123,98,25,25
19058,102,86,16,16
19059,73,60,13,13
19060,33,33,0,0
19061,133,108,25,25
19062,65,63,2,2
19063,75,57,18,18
19064,39,35,4,4
19065,119,98,21,21
19066,88,80,8,8
19067,110,88,22,22
19068,59,57,2,2
19069,94,92,2,2
19070,90,77,13,13
19071,64,57,7,7
19072,111,98,13,13
19073,95,86,9,9
19074,77,69,8,8
19075,60,53,7,7
19076,151,133,18,18
19077,90,74,16,16
19078,65,63,2,2
19079,100,101,-1,1
19080,59,56,3,3
19081,89,79,10,10
19082,91,91,0,0
19083,152,130,22,22
19084,58,53,5,5
19085,98,96,2,2
19086,111,97,14,14
19087,94,79,15,15
19088,98,92,6,6
19089,99,81,18,18
19090,132,114,18,18
19091,99,105,-6,6
19092,163,156,7,7
19093,105,85,20,20
19094,109,103,6,6
19095,49,45,4,4
19096,97,101,-4,4
19097,153,126,27,27
19098,73,91,-18,18
19099,71,67,4,4
19100,89,74,15,15
19101,110,86,24,24
19102,73,68,5,5
19103,151,119,32,32
19104,146,126,20,20
19105,74,64,10,10
19106,76,63,13,13
19107,57,109,-52,52
19108,96,76,20,20
19109,143,115,28,28
19110,98,74,24,24
19111,74,69,5,5
19112,78,66,12,12
19113,139,140,-1,1
19114,81,76,5,5
19115,74,73,1,1
19116,81,72,9,9
19117,149,149,0,0
19118,59,61,-2,2
19119,92,88,4,4
19120,88,75,13,13
19121,94,85,9,9
19122,106,95,11,11
19123,143,112,31,31
19124,61,60,1,1
19125,84,72,12,12
19126,107,100,7,7
19127,129,120,9,9
19128,80,71,9,9
19129,89,79,10,10
19130,159,137,22,22
19131,44,44,0,0
19132,116,107,9,9
19133,79,72,7,7
19134,82,68,14,14
19135,77,70,7,7
19136,124,104,20,20
19137,97,91,6,6
19138,62,62,0,0
19139,65,61,4,4
19140,78,63,15,15
19141,105,93,12,12
19142,107,103,4,4
19143,60,57,3,3
19144,63,53,10,10
19145,71,64,7,7
19146,122,113,9,9
19147,76,67,9,9
19148,137,126,11,11
19149,89,81,8,8
19150,87,84,3,3
19151,147,133,14,14
19152,121,121,0,0
19153,91,74,17,17
19154,62,54,8,8
19155,77,77,0,0
19156,95,83,12,12
19157,71,65,6,6
19158,129,125,4,4
19159,114,103,11,11
19160,196,165,31,31
19161,113,103,10,10
19162,122,99,23,23
19163,120,98,22,22
19164,104,106,-2,2
19165,99,87,12,12
19166,80,72,8,8
19167,69,67,2,2
19168,100,95,5,5
19169,63,59,4,4
19170,145,121,24,24
19171,55,45,10,10
19172,91,78,13,13
19173,148,124,24,24
19174,75,62,13,13
19175,106,94,12,12
19176,179,148,31,31
19177,86,86,0,0
19178,72,65,7,7
19179,127,119,8,8
19180,68,57,11,11
19181,69,76,-7,7
19182,136,124,12,12
19183,91,80,11,11
19184,102,96,6,6
19185,128,106,22,22
19186,94,82,12,12
19187,105,93,12,12
19188,146,124,22,22
19189,72,59,13,13
19190,105,93,12,12
19191,137,116,21,21
19192,169,146,23,23
19193,130,136,-6,6
19194,126,114,12,12
19195,125,104,21,21
19196,102,92,10,10
19197,74,65,9,9
19198,74,77,-3,3
19199,97,87,10,10
19200,113,99,14,14
19201,54,50,4,4
19202,127,99,28,28
19203,73,71,2,2
19204,145,136,9,9
19205,117,101,16,16
19206,123,109,14,14
19207,188,146,42,42
19208,75,74,1,1
19209,76,77,-1,1
19210,45,45,0,0
19211,86,76,10,10
19212,74,68,6,6
19213,103,102,1,1
19214,140,112,28,28
19215,95,86,9,9
19216,102,95,7,7
19217,34,36,-2,2
19218,101,87,14,14
19219,62,65,-3,3
19220,81,80,1,1
19221,84,77,7,7
19222,114,114,0,0
19223,90,74,16,16
19224,66,84,-18,18
19225,98,88,10,10
19226,68,66,2,2
19227,115,97,18,18
19228,101,67,34,34
19229,137,112,25,25
19230,125,112,13,13
19231,84,77,7,7
19232,43,51,-8,8
19233,99,84,15,15
19234,126,116,10,10
19235,97,88,9,9
19236,105,88,17,17
19237,74,72,2,2
19238,108,96,12,12
19239,70,59,11,11
19240,49,47,2,2
19241,133,116,17,17
19242,105,89,16,16
19243,147,134,13,13
19244,98,88,10,10
19245,124,106,18,18
19246,73,67,6,6
19247,78,65,13,13
19248,106,99,7,7
19249,63,54,9,9
19250,87,82,5,5
19251,80,68,12,12
19252,101,89,12,12
19253,80,71,9,9
19254,107,86,21,21
19255,65,64,1,1
19256,62,52,10,10
19257,124,115,9,9
19258,37,36,1,1
19259,109,96,13,13
19260,48,52,-4,4
19261,152,125,27,27
19262,163,144,19,19
19263,126,111,15,15
19264,62,78,-16,16
19265,128,122,6,6
19266,104,91,13,13
19267,110,113,-3,3
19268,79,75,4,4
19269,79,73,6,6
19270,145,125,20,20
19271,74,72,2,2
19272,59,57,2,2
19273,107,97,10,10
19274,88,84,4,4
19275,47,55,-8,8
19276,111,103,8,8
19277,108,92,16,16
19278,133,109,24,24
19279,155,142,13,13
19280,85,76,9,9
19281,135,112,23,23
19282,104,89,15,15
19283,149,139,10,10
19284,78,71,7,7
19285,76,68,8,8
19286,96,89,7,7
19287,130,107,23,23
19288,90,78,12,12
19289,55,73,-18,18
19290,123,118,5,5
19291,65,58,7,7
19292,69,49,20,20
19293,50,49,1,1
19294,51,57,-6,6
19295,81,65,16,16
19296,108,98,10,10
19297,81,73,8,8
19298,42,39,3,3
19299,141,107,34,34
19300,66,66,0,0
19301,103,90,13,13
19302,147,123,24,24
19303,105,82,23,23
19304,136,104,32,32
19305,58,56,2,2
19306,108,83,25,25
19307,63,55,8,8
19308,116,107,9,9
19309,147,126,21,21
19310,73,62,11,11
19311,92,82,10,10
19312,63,56,7,7
19313,98,88,10,10
19314,153,135,18,18
19315,98,86,12,12
19316,68,67,1,1
19317,70,52,18,18
19318,69,117,-48,48
19319,68,60,8,8
19320,66,60,6,6
19321,83,73,10,10
19322,113,95,18,18
19323,123,99,24,24
19324,39,38,1,1
19325,127,103,24,24
19326,119,109,10,10
19327,80,68,12,12
19328,202,195,7,7
19329,71,71,0,0
19330,49,48,1,1
19331,73,76,-3,3
19332,90,88,2,2
19333,86,76,10,10
19334,71,75,-4,4
19335,62,61,1,1
19336,89,75,14,14
19337,205,164,41,41
19338,157,122,35,35
19339,95,97,-2,2
19340,54,56,-2,2
19341,86,79,7,7
19342,105,96,9,9
19343,51,53,-2,2
19344,56,56,0,0
19345,142,135,7,7
19346,151,124,27,27
19347,72,64,8,8
19348,71,74,-3,3
19349,73,64,9,9
19350,58,52,6,6
19351,175,181,-6,6
19352,132,113,19,19
19353,102,94,8,8
19354,115,105,10,10
19355,92,91,1,1
19356,77,68,9,9
19357,113,100,13,13
19358,103,96,7,7
19359,147,143,4,4
19360,93,98,-5,5
19361,105,98,7,7
19362,95,79,16,16
19363,158,135,23,23
19364,117,106,11,11
19365,113,102,11,11
19366,84,68,16,16
19367,64,64,0,0
19368,98,87,11,11
19369,91,89,2,2
19370,106,84,22,22
19371,57,58,-1,1
19372,130,116,14,14
19373,67,67,0,0
19374,60,58,2,2
19375,80,67,13,13
19376,109,99,10,10
19377,56,72,-16,16
19378,61,62,-1,1
19379,162,141,21,21
19380,105,92,13,13
19381,118,101,17,17
19382,88,75,13,13
19383,61,48,13,13
19384,101,88,13,13
19385,130,121,9,9
19386,116,97,19,19
19387,66,65,1,1
19388,67,60,7,7
19389,68,68,0,0
19390,54,48,6,6
19391,76,67,9,9
19392,91,82,9,9
19393,48,43,5,5
19394,108,96,12,12
19395,50,48,2,2
19396,121,119,2,2
19397,55,49,6,6
19398,99,83,16,16
19399,109,100,9,9
19400,129,108,21,21
19401,59,50,9,9
19402,193,167,26,26
19403,115,100,15,15
19404,168,149,19,19
19405,109,99,10,10
19406,79,79,0,0
19407,69,61,8,8
19408,124,112,12,12
19409,86,86,0,0
19410,108,93,15,15
19411,57,53,4,4
19412,69,54,15,15
19413,73,69,4,4
19414,93,91,2,2
19415,108,92,16,16
19416,47,43,4,4
19417,96,84,12,12
19418,136,130,6,6
19419,62,46,16,16
19420,35,42,-7,7
19421,168,158,10,10
19422,72,58,14,14
19423,53,48,5,5
19424,181,158,23,23
19425,106,91,15,15
19426,110,108,2,2
19427,71,68,3,3
19428,81,78,3,3
19429,66,61,5,5
19430,96,94,2,2
19431,94,79,15,15
19432,101,81,20,20
19433,56,51,5,5
19434,161,132,29,29
19435,120,101,19,19
19436,90,82,8,8
19437,74,67,7,7
19438,119,102,17,17
19439,120,106,14,14
19440,116,123,-7,7
19441,72,64,8,8
19442,100,81,19,19
19443,72,64,8,8
19444,152,136,16,16
19445,65,66,-1,1
19446,84,72,12,12
19447,100,90,10,10
19448,116,93,23,23
19449,88,82,6,6
19450,94,93,1,1
19451,76,68,8,8
19452,70,69,1,1
19453,72,79,-7,7
19454,114,100,14,14
19455,95,87,8,8
19456,88,74,14,14
19457,103,105,-2,2
19458,82,74,8,8
19459,66,68,-2,2
19460,126,104,22,22
19461,215,205,10,10
19462,127,112,15,15
19463,71,63,8,8
19464,106,85,21,21
19465,125,113,12,12
19466,98,82,16,16
19467,80,86,-6,6
19468,76,71,5,5
19469,126,111,15,15
19470,45,44,1,1
19471,98,87,11,11
19472,75,67,8,8
19473,76,63,13,13
19474,103,95,8,8
19475,149,131,18,18
19476,110,101,9,9
19477,71,65,6,6
19478,121,117,4,4
19479,86,77,9,9
19480,44,40,4,4
19481,126,113,13,13
19482,145,117,28,28
19483,94,95,-1,1
19484,49,51,-2,2
19485,99,87,12,12
19486,75,76,-1,1
19487,77,85,-8,8
19488,65,64,1,1
19489,117,101,16,16
19490,87,75,12,12
19491,87,90,-3,3
19492,138,126,12,12
19493,66,58,8,8
19494,100,78,22,22
19495,107,88,19,19
19496,82,97,-15,15
19497,76,75,1,1
19498,67,66,1,1
19499,40,42,-2,2
19500,88,85,3,3
19501,184,152,32,32
19502,92,74,18,18
19503,134,124,10,10
19504,105,93,12,12
19505,112,103,9,9
19506,70,63,7,7
19507,70,66,4,4
19508,57,57,0,0
19509,120,108,12,12
19510,98,94,4,4
19511,115,98,17,17
19512,84,86,-2,2
19513,97,84,13,13
19514,85,77,8,8
19515,67,64,3,3
19516,93,76,17,17
19517,123,107,16,16
19518,52,92,-40,40
19519,113,97,16,16
19520,63,58,5,5
19521,97,83,14,14
19522,103,89,14,14
19523,91,87,4,4
19524,74,69,5,5
19525,110,106,4,4
19526,162,140,22,22
19527,98,88,10,10
19528,103,89,14,14
19529,96,96,0,0
19530,35,39,-4,4
19531,85,82,3,3
19532,69,64,5,5
19533,80,64,16,16
19534,60,54,6,6
19535,87,91,-4,4
19536,77,69,8,8
19537,139,119,20,20
19538,51,49,2,2
19539,122,99,23,23
19540,125,104,21,21
19541,63,51,12,12
19542,125,104,21,21
19543,85,85,0,0
19544,112,99,13,13
19545,58,56,2,2
19546,104,93,11,11
19547,120,102,18,18
19548,43,43,0,0
19549,90,93,-3,3
19550,29,31,-2,2
19551,92,76,16,16
19552,99,75,24,24
19553,55,52,3,3
19554,66,53,13,13
19555,78,67,11,11
19556,67,55,12,12
19557,91,71,20,20
19558,143,116,27,27
19559,86,83,3,3
19560,57,63,-6,6
19561,96,79,17,17
19562,101,100,1,1
19563,58,50,8,8
19564,113,95,18,18
19565,44,37,7,7
19566,140,110,30,30
19567,150,135,15,15
19568,117,111,6,6
19569,86,80,6,6
19570,99,82,17,17
19571,114,94,20,20
19572,81,70,11,11
19573,64,52,12,12
19574,132,125,7,7
19575,82,75,7,7
19576,141,122,19,19
19577,68,75,-7,7
19578,137,115,22,22
19579,75,64,11,11
19580,71,64,7,7
19581,59,45,14,14
19582,45,37,8,8
19583,70,60,10,10
19584,107,95,12,12
19585,59,54,5,5
19586,41,40,1,1
19587,65,63,2,2
19588,50,45,5,5
19589,88,81,7,7
19590,114,102,12,12
19591,64,51,13,13
19592,154,137,17,17
19593,64,62,2,2
19594,46,59,-13,13
19595,120,105,15,15
19596,80,72,8,8
19597,52,47,5,5
19598,88,96,-8,8
19599,65,81,-16,16
19600,49,50,-1,1
19601,82,86,-4,4
19602,108,104,4,4
19603,59,59,0,0
19604,68,62,6,6
19605,99,80,19,19
19606,100,89,11,11
19607,100,82,18,18
19608,156,136,20,20
19609,91,86,5,5
19610,152,130,22,22
19611,125,103,22,22
19612,60,55,5,5
19613,43,46,-3,3
19614,48,44,4,4
19615,94,90,4,4
19616,70,60,10,10
19617,52,48,4,4
19618,70,62,8,8
19619,154,128,26,26
19620,133,120,13,13
19621,72,63,9,9
19622,79,78,1,1
19623,111,105,6,6
19624,72,64,8,8
19625,147,137,10,10
19626,94,80,14,14
19627,41,39,2,2
19628,79,78,1,1
19629,61,55,6,6
19630,68,66,2,2
19631,70,61,9,9
19632,80,77,3,3
19633,58,59,-1,1
19634,45,43,2,2
19635,187,152,35,35
19636,84,74,10,10
19637,76,68,8,8
19638,154,132,22,22
19639,139,117,22,22
19640,173,150,23,23
19641,75,61,14,14
19642,148,129,19,19
19643,174,152,22,22
19644,100,98,2,2
19645,29,29,0,0
19646,102,83,19,19
19647,67,64,3,3
19648,51,46,5,5
19649,133,100,33,33
19650,36,33,3,3
19651,66,57,9,9
19652,65,52,13,13
19653,73,68,5,5
19654,151,127,24,24
19655,87,72,15,15
19656,138,130,8,8
19657,65,57,8,8
19658,97,84,13,13
19659,84,77,7,7
19660,171,148,23,23
19661,110,96,14,14
19662,120,101,19,19
19663,99,83,16,16
19664,135,132,3,3
19665,90,79,11,11
19666,70,61,9,9
19667,99,93,6,6
19668,58,54,4,4
19669,109,119,-10,10
19670,77,70,7,7
19671,74,64,10,10
19672,134,122,12,12
19673,130,104,26,26
19674,65,58,7,7
19675,109,93,16,16
19676,75,73,2,2
19677,125,114,11,11
19678,99,87,12,12
19679,147,131,16,16
19680,160,135,25,25
19681,49,43,6,6
19682,62,61,1,1
19683,332,283,49,49
19684,127,111,16,16
19685,34,34,0,0
19686,145,124,21,21
19687,108,92,16,16
19688,66,64,2,2
19689,65,63,2,2
19690,157,131,26,26
19691,89,73,16,16
19692,97,95,2,2
19693,116,101,15,15
19694,102,92,10,10
19695,118,111,7,7
19696,161,143,18,18
19697,97,81,16,16
19698,40,37,3,3
19699,63,58,5,5
19700,70,72,-2,2
19701,83,71,12,12
19702,100,91,9,9
19703,76,66,10,10
19704,105,94,11,11
19705,72,75,-3,3
19706,69,75,-6,6
19707,136,127,9,9
19708,126,98,28,28
19709,130,122,8,8
19710,116,104,12,12
19711,87,76,11,11
19712,100,91,9,9
19713,100,86,14,14
19714,55,52,3,3
19715,92,84,8,8
19716,101,87,14,14
19717,149,137,12,12
19718,98,79,19,19
19719,89,80,9,9
19720,40,46,-6,6
19721,91,78,13,13
19722,103,95,8,8
19723,88,74,14,14
19724,76,80,-4,4
19725,43,47,-4,4
19726,60,55,5,5
19727,165,136,29,29
19728,148,140,8,8
19729,114,99,15,15
19730,97,77,20,20
19731,141,127,14,14
19732,82,84,-2,2
19733,89,78,11,11
19734,141,129,12,12
19735,31,36,-5,5
19736,87,88,-1,1
19737,83,77,6,6
19738,64,61,3,3
19739,68,67,1,1
19740,75,63,12,12
19741,102,92,10,10
19742,54,51,3,3
19743,108,101,7,7
19744,104,82,22,22
19745,132,119,13,13
19746,77,68,9,9
19747,130,114,16,16
19748,46,40,6,6
19749,83,39,44,44
19750,79,77,2,2
19751,180,147,33,33
19752,118,114,4,4
19753,105,101,4,4
19754,93,85,8,8
19755,81,67,14,14
19756,61,61,0,0
19757,142,127,15,15
19758,93,86,7,7
19759,100,91,9,9
19760,146,122,24,24
19761,64,61,3,3
19762,116,101,15,15
19763,55,48,7,7
19764,55,56,-1,1
19765,86,89,-3,3
19766,90,78,12,12
19767,146,130,16,16
19768,55,48,7,7
19769,76,70,6,6
19770,48,51,-3,3
19771,84,66,18,18
19772,62,54,8,8
19773,93,79,14,14
19774,104,91,13,13
19775,108,96,12,12
19776,83,81,2,2
19777,57,49,8,8
19778,76,67,9,9
19779,100,116,-16,16
19780,96,88,8,8
19781,124,86,38,38
19782,55,62,-7,7
19783,61,57,4,4
19784,104,90,14,14
19785,70,66,4,4
19786,94,77,17,17
19787,64,62,2,2
19788,113,104,9,9
19789,92,86,6,6
19790,136,127,9,9
19791,115,93,22,22
19792,103,102,1,1
19793,84,78,6,6
19794,60,57,3,3
19795,83,102,-19,19
19796,127,114,13,13
19797,137,114,23,23
19798,64,51,13,13
19799,180,152,28,28
19800,144,118,26,26
19801,82,69,13,13
19802,89,73,16,16
19803,122,117,5,5
19804,85,78,7,7
19805,127,107,20,20
19806,86,72,14,14
19807,81,78,3,3
19808,102,86,16,16
19809,104,72,32,32
19810,47,44,3,3
19811,163,131,32,32
19812,102,88,14,14
19813,152,123,29,29
19814,139,116,23,23
19815,88,70,18,18
19816,57,47,10,10
19817,79,66,13,13
19818,60,45,15,15
19819,104,86,18,18
19820,92,80,12,12
19821,74,65,9,9
19822,94,81,13,13
19823,102,99,3,3
19824,109,93,16,16
19825,86,75,11,11
19826,85,69,16,16
19827,86,72,14,14
19828,158,128,30,30
19829,78,69,9,9
19830,72,63,9,9
19831,127,112,15,15
19832,81,75,6,6
19833,99,90,9,9
19834,64,61,3,3
19835,137,128,9,9
19836,99,93,6,6
19837,74,72,2,2
19838,80,79,1,1
19839,99,100,-1,1
19840,95,89,6,6
19841,48,45,3,3
19842,77,70,7,7
19843,88,87,1,1
19844,99,86,13,13
19845,87,71,16,16
19846,75,71,4,4
19847,103,96,7,7
19848,190,163,27,27
19849,88,56,32,32
19850,85,79,6,6
19851,59,48,11,11
19852,63,70,-7,7
19853,85,77,8,8
19854,67,77,-10,10
19855,76,73,3,3
19856,115,103,12,12
19857,62,56,6,6
19858,61,60,1,1
19859,147,129,18,18
19860,153,131,22,22
19861,68,55,13,13
19862,106,102,4,4
19863,79,71,8,8
19864,165,138,27,27
19865,63,55,8,8
19866,106,98,8,8
19867,74,70,4,4
19868,135,117,18,18
19869,76,72,4,4
19870,113,109,4,4
19871,77,71,6,6
19872,67,62,5,5
19873,93,99,-6,6
19874,170,148,22,22
19875,77,74,3,3
19876,88,73,15,15
19877,103,88,15,15
19878,85,77,8,8
19879,82,67,15,15
19880,70,69,1,1
19881,94,96,-2,2
19882,44,47,-3,3
19883,103,84,19,19
19884,99,89,10,10
19885,67,58,9,9
19886,56,56,0,0
19887,94,85,9,9
19888,77,70,7,7
19889,68,63,5,5
19890,125,102,23,23
19891,110,98,12,12
19892,102,80,22,22
19893,57,45,12,12
19894,68,78,-10,10
19895,75,68,7,7
19896,101,86,15,15
19897,57,50,7,7
19898,93,98,-5,5
19899,52,40,12,12
19900,57,56,1,1
19901,123,100,23,23
19902,111,108,3,3
19903,62,60,2,2
19904,89,91,-2,2
19905,114,95,19,19
19906,45,48,-3,3
19907,79,68,11,11
19908,134,111,23,23
19909,101,87,14,14
19910,92,81,11,11
19911,74,64,10,10
19912,95,83,12,12
19913,49,50,-1,1
19914,86,73,13,13
19915,50,61,-11,11
19916,55,49,6,6
19917,49,42,7,7
19918,87,82,5,5
19919,59,60,-1,1
19920,108,100,8,8
19921,88,77,11,11
19922,118,115,3,3
19923,108,93,15,15
19924,38,63,-25,25
19925,94,79,15,15
19926,35,34,1,1
19927,114,104,10,10
19928,124,104,20,20
19929,108,104,4,4
19930,129,126,3,3
19931,69,64,5,5
19932,108,103,5,5
19933,66,64,2,2
19934,62,55,7,7
19935,107,101,6,6
19936,65,59,6,6
19937,169,136,33,33
19938,115,97,18,18
19939,116,105,11,11
19940,87,80,7,7
19941,62,57,5,5
19942,128,109,19,19
19943,126,119,7,7
19944,139,126,13,13
19945,217,173,44,44
19946,147,138,9,9
19947,117,98,19,19
19948,181,162,19,19
19949,101,114,-13,13
19950,66,65,1,1
19951,77,66,11,11
19952,110,101,9,9
19953,186,163,23,23
19954,60,55,5,5
19955,68,63,5,5
19956,125,114,11,11
19957,52,46,6,6
19958,75,66,9,9
19959,109,101,8,8
19960,44,50,-6,6
19961,123,118,5,5
19962,123,105,18,18
19963,69,60,9,9
19964,51,48,3,3
19965,148,121,27,27
19966,104,83,21,21
19967,64,58,6,6
19968,82,80,2,2
19969,82,69,13,13
19970,135,125,10,10
19971,54,53,1,1
19972,88,68,20,20
19973,88,73,15,15
19974,102,91,11,11
19975,45,45,0,0
19976,85,75,10,10
19977,117,94,23,23
19978,124,105,19,19
19979,60,57,3,3
19980,40,53,-13,13
19981,133,118,15,15
19982,101,91,10,10
19983,80,69,11,11
19984,90,101,-11,11
19985,85,77,8,8
19986,68,63,5,5
19987,150,136,14,14
19988,86,72,14,14
19989,105,99,6,6
19990,45,43,2,2
19991,149,142,7,7
19992,74,69,5,5
19993,40,42,-2,2
19994,75,73,2,2
19995,47,46,1,1
19996,70,67,3,3
19997,56,50,6,6
19998,46,45,1,1
19999,98,92,6,6
20000,107,92,15,15
20001,121,99,22,22
20002,192,171,21,21
20003,50,48,2,2
20004,62,69,-7,7
20005,93,83,10,10
20006,96,79,17,17
20007,72,64,8,8
20008,134,124,10,10
20009,98,88,10,10
20010,159,126,33,33
20011,115,99,16,16
20012,54,49,5,5
20013,60,56,4,4
20014,80,70,10,10
20015,103,92,11,11
20016,89,72,17,17
20017,118,107,11,11
20018,109,95,14,14
20019,65,65,0,0
20020,62,63,-1,1
20021,100,89,11,11
20022,127,121,6,6
20023,54,52,2,2
20024,113,94,19,19
20025,122,104,18,18
20026,140,114,26,26
20027,71,58,13,13
20028,86,84,2,2
20029,94,89,5,5
20030,124,106,18,18
20031,59,57,2,2
20032,115,99,16,16
20033,61,53,8,8
20034,65,53,12,12
20035,79,74,5,5
20036,122,101,21,21
20037,97,92,5,5
20038,64,62,2,2
20039,107,91,16,16
20040,109,98,11,11
20041,70,62,8,8
20042,63,54,9,9
20043,104,92,12,12
20044,88,69,19,19
20045,91,83,8,8
20046,136,124,12,12
20047,67,61,6,6
20048,65,57,8,8
20049,97,88,9,9
20050,114,106,8,8
20051,122,121,1,1
20052,76,63,13,13
20053,96,90,6,6
20054,90,72,18,18
20055,68,60,8,8
20056,78,72,6,6
20057,158,129,29,29
20058,77,73,4,4
20059,65,58,7,7
20060,126,107,19,19
20061,102,84,18,18
20062,96,79,17,17
20063,120,113,7,7
20064,44,44,0,0
20065,68,65,3,3
20066,170,153,17,17
20067,40,37,3,3
20068,43,47,-4,4
20069,95,77,18,18
20070,114,96,18,18
20071,60,57,3,3
20072,35,39,-4,4
20073,70,62,8,8
20074,126,112,14,14
20075,68,61,7,7
20076,137,129,8,8
20077,154,116,38,38
20078,139,125,14,14
20079,103,89,14,14
20080,82,66,16,16
20081,94,93,1,1
20082,136,114,22,22
20083,81,66,15,15
20084,51,42,9,9
20085,126,111,15,15
20086,89,111,-22,22
20087,88,84,4,4
20088,77,60,17,17
20089,83,76,7,7
20090,77,63,14,14
20091,84,74,10,10
20092,82,64,18,18
20093,65,60,5,5
20094,113,92,21,21
20095,78,78,0,0
20096,54,51,3,3
20097,94,92,2,2
20098,59,60,-1,1
20099,117,111,6,6
20100,78,60,18,18
20101,48,36,12,12
20102,54,57,-3,3
20103,99,94,5,5
20104,71,62,9,9
20105,136,116,20,20
20106,45,46,-1,1
20107,84,78,6,6
20108,82,76,6,6
20109,45,46,-1,1
20110,125,92,33,33
20111,50,48,2,2
20112,71,67,4,4
20113,89,74,15,15
20114,61,61,0,0
20115,105,89,16,16
20116,143,128,15,15
20117,185,153,32,32
20118,48,42,6,6
20119,98,89,9,9
20120,38,40,-2,2
20121,92,78,14,14
20122,139,123,16,16
20123,99,81,18,18
20124,106,96,10,10
20125,60,67,-7,7
20126,96,70,26,26
20127,138,131,7,7
20128,83,74,9,9
20129,152,110,42,42
20130,115,106,9,9
20131,84,81,3,3
20132,133,113,20,20
20133,128,112,16,16
20134,78,70,8,8
20135,93,85,8,8
20136,105,93,12,12
20137,90,83,7,7
20138,205,160,45,45
20139,80,72,8,8
20140,80,72,8,8
20141,118,91,27,27
20142,60,64,-4,4
20143,101,89,12,12
20144,95,84,11,11
20145,130,128,2,2
20146,113,99,14,14
20147,79,78,1,1
20148,88,78,10,10
20149,109,94,15,15
20150,98,84,14,14
20151,70,61,9,9
20152,92,78,14,14
20153,157,147,10,10
20154,44,47,-3,3
20155,95,79,16,16
20156,87,73,14,14
20157,109,84,25,25
20158,111,101,10,10
20159,86,73,13,13
20160,149,135,14,14
20161,111,95,16,16
20162,45,42,3,3
20163,150,134,16,16
20164,89,73,16,16
20165,67,69,-2,2
20166,87,80,7,7
20167,150,124,26,26
20168,124,96,28,28
20169,96,83,13,13
20170,125,113,12,12
20171,116,116,0,0
20172,80,71,9,9
20173,156,120,36,36
20174,159,146,13,13
20175,108,94,14,14
20176,90,79,11,11
20177,117,96,21,21
20178,139,117,22,22
20179,87,78,9,9
20180,79,65,14,14
20181,103,92,11,11
20182,157,130,27,27
20183,159,153,6,6
20184,46,71,-25,25
20185,84,77,7,7
20186,62,62,0,0
20187,99,92,7,7
20188,62,57,5,5
20189,87,92,-5,5
20190,186,165,21,21
20191,104,87,17,17
20192,83,72,11,11
20193,82,72,10,10
20194,82,75,7,7
20195,116,106,10,10
20196,48,43,5,5
20197,72,71,1,1
20198,81,72,9,9
20199,89,86,3,3
20200,66,61,5,5
20201,99,89,10,10
20202,97,83,14,14
20203,83,73,10,10
20204,57,48,9,9
20205,95,86,9,9
20206,81,72,9,9
20207,77,76,1,1
20208,65,57,8,8
20209,109,97,12,12
20210,58,53,5,5
20211,38,40,-2,2
20212,109,98,11,11
20213,128,111,17,17
20214,68,57,11,11
20215,134,119,15,15
20216,80,75,5,5
20217,197,168,29,29
20218,105,96,9,9
20219,78,69,9,9
20220,99,103,-4,4
20221,88,78,10,10
20222,105,92,13,13
20223,63,67,-4,4
20224,76,92,-16,16
20225,80,74,6,6
20226,68,67,1,1
20227,97,86,11,11
20228,107,89,18,18
20229,96,71,25,25
20230,120,114,6,6
20231,110,91,19,19
20232,67,63,4,4
20233,154,127,27,27
20234,133,106,27,27
20235,98,81,17,17
20236,93,82,11,11
20237,93,83,10,10
20238,95,88,7,7
20239,96,82,14,14
20240,66,60,6,6
20241,54,49,5,5
20242,89,78,11,11
20243,165,137,28,28
20244,189,166,23,23
20245,62,64,-2,2
20246,49,46,3,3
20247,59,53,6,6
20248,82,70,12,12
20249,75,69,6,6
20250,121,103,18,18
20251,116,90,26,26
20252,185,167,18,18
20253,139,124,15,15
20254,73,70,3,3
20255,147,133,14,14
20256,109,106,3,3
20257,119,105,14,14
20258,83,69,14,14
20259,122,113,9,9
20260,84,83,1,1
20261,130,111,19,19
20262,137,129,8,8
20263,96,90,6,6
20264,81,71,10,10
20265,123,104,19,19
20266,83,64,19,19
20267,104,88,16,16
20268,121,95,26,26
20269,130,110,20,20
20270,104,88,16,16
20271,107,87,20,20
20272,121,100,21,21
20273,76,70,6,6
20274,59,55,4,4
20275,127,117,10,10
20276,179,167,12,12
20277,70,67,3,3
20278,83,76,7,7
20279,83,79,4,4
20280,52,62,-10,10
20281,58,59,-1,1
20282,116,108,8,8
20283,57,58,-1,1
20284,107,93,14,14
20285,164,148,16,16
20286,110,94,16,16
20287,101,90,11,11
20288,159,137,22,22
20289,103,102,1,1
20290,133,127,6,6
20291,59,70,-11,11
20292,93,95,-2,2
20293,129,108,21,21
20294,49,58,-9,9
20295,98,86,12,12
20296,100,86,14,14
20297,131,118,13,13
20298,140,129,11,11
20299,87,79,8,8
20300,138,122,16,16
20301,145,131,14,14
20302,124,105,19,19
20303,111,99,12,12
20304,128,107,21,21
20305,83,65,18,18
20306,90,89,1,1
20307,96,86,10,10
20308,160,139,21,21
20309,75,70,5,5
20310,83,82,1,1
20311,115,99,16,16
20312,78,76,2,2
20313,91,82,9,9
20314,60,51,9,9
20315,92,81,11,11
20316,107,87,20,20
20317,94,92,2,2
20318,75,96,-21,21
20319,60,55,5,5
20320,58,60,-2,2
20321,103,95,8,8
20322,68,61,7,7
20323,141,117,24,24
20324,89,87,2,2
20325,172,141,31,31
20326,147,132,15,15
20327,94,75,19,19
20328,128,113,15,15
20329,76,69,7,7
20330,97,81,16,16
20331,110,99,11,11
20332,89,79,10,10
20333,72,60,12,12
20334,104,100,4,4
20335,82,92,-10,10
20336,87,76,11,11
20337,96,84,12,12
20338,94,95,-1,1
20339,158,149,9,9
20340,102,93,9,9
20341,62,61,1,1
20342,53,54,-1,1
20343,98,86,12,12
20344,96,83,13,13
20345,79,76,3,3
20346,131,107,24,24
20347,44,47,-3,3
20348,102,82,20,20
20349,69,65,4,4
20350,106,101,5,5
20351,128,121,7,7
20352,49,51,-2,2
20353,123,104,19,19
20354,191,151,40,40
20355,116,95,21,21
20356,127,109,18,18
20357,42,39,3,3
20358,124,90,34,34
20359,92,91,1,1
20360,143,116,27,27
20361,68,62,6,6
20362,111,95,16,16
20363,120,119,1,1
20364,93,80,13,13
20365,46,49,-3,3
20366,116,103,13,13
20367,84,76,8,8
20368,39,40,-1,1
20369,70,56,14,14
20370,59,68,-9,9
20371,107,114,-7,7
20372,59,51,8,8
20373,115,100,15,15
20374,92,93,-1,1
20375,105,104,1,1
20376,110,92,18,18
20377,60,53,7,7
20378,119,96,23,23
20379,106,102,4,4
20380,90,80,10,10
20381,63,60,3,3
20382,103,89,14,14
20383,105,101,4,4
20384,98,91,7,7
20385,48,48,0,0
20386,110,120,-10,10
20387,119,94,25,25
20388,86,81,5,5
20389,82,88,-6,6
20390,65,58,7,7
20391,89,79,10,10
20392,118,112,6,6
20393,146,123,23,23
20394,65,63,2,2
20395,125,113,12,12
20396,87,79,8,8
20397,89,85,4,4
20398,75,66,9,9
20399,87,75,12,12
20400,130,120,10,10
20401,51,46,5,5
20402,129,120,9,9
20403,81,70,11,11
20404,80,66,14,14
20405,66,64,2,2
20406,47,46,1,1
20407,103,95,8,8
20408,77,81,-4,4
20409,60,62,-2,2
20410,133,117,16,16
20411,66,60,6,6
20412,161,136,25,25
20413,101,97,4,4
20414,80,78,2,2
20415,124,117,7,7
20416,140,122,18,18
20417,120,100,20,20
20418,141,120,21,21
20419,90,82,8,8
20420,54,55,-1,1
20421,63,54,9,9
20422,115,106,9,9
20423,59,63,-4,4
20424,68,65,3,3
20425,51,49,2,2
20426,56,54,2,2
20427,69,73,-4,4
20428,71,66,5,5
20429,103,96,7,7
20430,94,88,6,6
20431,157,151,6,6
20432,122,102,20,20
20433,111,101,10,10
20434,120,119,1,1
20435,103,84,19,19
20436,62,60,2,2
20437,130,117,13,13
20438,81,72,9,9
20439,166,132,34,34
20440,79,76,3,3
20441,90,85,5,5
20442,91,85,6,6
20443,44,42,2,2
20444,87,85,2,2
20445,117,103,14,14
20446,101,97,4,4
20447,106,102,4,4
20448,102,85,17,17
20449,74,65,9,9
20450,175,146,29,29
20451,71,73,-2,2
20452,122,106,16,16
20453,165,144,21,21
20454,134,115,19,19
20455,192,154,38,38
20456,80,64,16,16
20457,65,56,9,9
20458,105,98,7,7
20459,121,103,18,18
20460,84,77,7,7
20461,106,97,9,9
20462,91,77,14,14
20463,174,156,18,18
20464,64,54,10,10
20465,58,57,1,1
20466,76,61,15,15
20467,70,68,2,2
20468,143,126,17,17
20469,92,79,13,13
20470,94,86,8,8
20471,95,80,15,15
20472,119,101,18,18
20473,101,82,19,19
20474,110,96,14,14
20475,144,138,6,6
20476,129,128,1,1
20477,79,69,10,10
20478,99,93,6,6
20479,85,73,12,12
20480,142,118,24,24
20481,77,77,0,0
20482,62,58,4,4
20483,122,112,10,10
20484,106,98,8,8
20485,52,44,8,8
20486,79,77,2,2
20487,95,75,20,20
20488,77,74,3,3
20489,89,80,9,9
20490,70,66,4,4
20491,97,85,12,12
20492,100,99,1,1
20493,79,64,15,15
20494,138,125,13,13
20495,123,100,23,23
20496,152,117,35,35
20497,135,118,17,17
20498,83,76,7,7
20499,118,95,23,23
20500,91,78,13,13
20501,83,76,7,7
20502,77,71,6,6
20503,69,61,8,8
20504,68,63,5,5
20505,139,121,18,18
20506,171,149,22,22
20507,80,72,8,8
20508,83,71,12,12
20509,108,94,14,14
20510,92,85,7,7
20511,59,53,6,6
20512,74,64,10,10
20513,62,54,8,8
20514,138,120,18,18
20515,55,49,6,6
20516,85,71,14,14
20517,77,68,9,9
20518,39,37,2,2
20519,65,60,5,5
20520,109,104,5,5
20521,91,83,8,8
20522,74,64,10,10
20523,74,70,4,4
20524,154,133,21,21
20525,153,130,23,23
20526,40,35,5,5
20527,110,99,11,11
20528,63,56,7,7
20529,114,98,16,16
20530,114,112,2,2
20531,62,65,-3,3
20532,81,64,17,17
20533,49,49,0,0
20534,63,54,9,9
20535,93,80,13,13
20536,76,64,12,12
20537,146,130,16,16
20538,87,71,16,16
20539,162,138,24,24
20540,91,87,4,4
20541,107,113,-6,6
20542,82,79,3,3
20543,97,83,14,14
20544,42,37,5,5
20545,81,72,9,9
20546,115,100,15,15
20547,120,102,18,18
20548,62,58,4,4
20549,131,126,5,5
20550,82,75,7,7
20551,59,56,3,3
20552,127,121,6,6
20553,100,80,20,20
20554,92,79,13,13
20555,55,55,0,0
20556,111,97,14,14
20557,92,82,10,10
20558,111,103,8,8
20559,189,147,42,42
20560,93,73,20,20
20561,61,53,8,8
20562,50,42,8,8
20563,62,58,4,4
20564,46,47,-1,1
20565,145,134,11,11
20566,82,77,5,5
20567,83,73,10,10
20568,78,69,9,9
20569,69,59,10,10
20570,117,95,22,22
20571,142,122,20,20
20572,111,100,11,11
20573,72,62,10,10
20574,95,81,14,14
20575,141,113,28,28
20576,179,152,27,27
20577,85,80,5,5
20578,286,226,60,60
20579,87,70,17,17
20580,93,81,12,12
20581,87,75,12,12
20582,49,49,0,0
20583,87,79,8,8
20584,143,105,38,38
20585,98,98,0,0
20586,70,65,5,5
20587,112,102,10,10
20588,53,51,2,2
20589,55,52,3,3
20590,88,76,12,12
20591,113,103,10,10
20592,86,77,9,9
20593,59,45,14,14
20594,62,56,6,6
20595,71,72,-1,1
20596,102,111,-9,9
20597,69,66,3,3
20598,117,105,12,12
20599,79,72,7,7
20600,131,120,11,11
20601,45,43,2,2
20602,81,73,8,8
20603,62,65,-3,3
20604,82,78,4,4
20605,86,79,7,7
20606,52,45,7,7
20607,79,74,5,5
20608,108,89,19,19
20609,62,61,1,1
20610,94,85,9,9
20611,74,76,-2,2
20612,136,114,22,22
20613,151,126,25,25
20614,145,139,6,6
20615,99,87,12,12
20616,169,160,9,9
20617,69,66,3,3
20618,54,51,3,3
20619,93,74,19,19
20620,106,94,12,12
20621,77,69,8,8
20622,100,99,1,1
20623,96,94,2,2
20624,56,50,6,6
20625,99,82,17,17
20626,115,105,10,10
20627,90,80,10,10
20628,56,60,-4,4
20629,83,67,16,16
20630,117,98,19,19
20631,75,71,4,4
20632,88,77,11,11
20633,80,71,9,9
20634,150,116,34,34
20635,126,100,26,26
20636,92,82,10,10
20637,117,102,15,15
20638,75,70,5,5
20639,92,73,19,19
20640,72,68,4,4
20641,45,47,-2,2
20642,55,63,-8,8
20643,123,119,4,4
20644,127,105,22,22
20645,128,118,10,10
20646,161,140,21,21
20647,130,111,19,19
20648,87,72,15,15
20649,223,164,59,59
20650,79,75,4,4
20651,155,128,27,27
20652,77,72,5,5
20653,82,66,16,16
20654,101,96,5,5
20655,89,85,4,4
20656,106,97,9,9
20657,68,52,16,16
20658,98,88,10,10
20659,102,97,5,5
20660,88,71,17,17
20661,102,88,14,14
20662,173,142,31,31
20663,52,58,-6,6
20664,114,100,14,14
20665,85,67,18,18
20666,86,76,10,10
20667,77,65,12,12
20668,81,73,8,8
20669,89,75,14,14
20670,149,130,19,19
20671,68,68,0,0
20672,77,67,10,10
20673,83,75,8,8
20674,71,64,7,7
20675,71,65,6,6
20676,91,87,4,4
20677,56,64,-8,8
20678,80,74,6,6
20679,129,106,23,23
20680,95,84,11,11
20681,114,93,21,21
20682,149,123,26,26
20683,74,65,9,9
20684,84,66,18,18
20685,72,62,10,10
20686,119,104,15,15
20687,82,67,15,15
20688,94,106,-12,12
20689,89,90,-1,1
20690,45,43,2,2
20691,77,60,17,17
20692,169,154,15,15
20693,100,78,22,22
20694,114,97,17,17
20695,95,82,13,13
20696,97,102,-5,5
20697,224,191,33,33
20698,96,88,8,8
20699,66,63,3,3
20700,97,86,11,11
20701,113,98,15,15
20702,107,102,5,5
20703,59,63,-4,4
20704,148,141,7,7
20705,66,48,18,18
20706,151,140,11,11
20707,87,73,14,14
20708,119,99,20,20
20709,63,54,9,9
20710,122,102,20,20
20711,75,66,9,9
20712,142,122,20,20
20713,33,35,-2,2
20714,86,79,7,7
20715,33,34,-1,1
20716,144,109,35,35
20717,124,107,17,17
20718,77,70,7,7
20719,144,128,16,16
20720,88,85,3,3
20721,87,84,3,3
20722,45,41,4,4
20723,104,81,23,23
20724,70,65,5,5
20725,87,75,12,12
20726,139,124,15,15
20727,136,124,12,12
20728,85,68,17,17
20729,106,99,7,7
20730,134,115,19,19
20731,98,85,13,13
20732,77,72,5,5
20733,131,119,12,12
20734,125,131,-6,6
20735,76,68,8,8
20736,110,90,20,20
20737,123,102,21,21
20738,56,45,11,11
20739,62,59,3,3
20740,59,53,6,6
20741,96,94,2,2
20742,107,89,18,18
20743,126,121,5,5
20744,114,105,9,9
20745,85,82,3,3
20746,63,53,10,10
20747,59,68,-9,9
20748,80,66,14,14
20749,93,79,14,14
20750,82,81,1,1
20751,73,62,11,11
20752,133,115,18,18
20753,145,116,29,29
20754,78,70,8,8
20755,89,79,10,10
20756,81,72,9,9
20757,100,89,11,11
20758,129,124,5,5
20759,80,75,5,5
20760,122,105,17,17
20761,26,39,-13,13
20762,151,131,20,20
20763,118,113,5,5
20764,146,121,25,25
20765,75,67,8,8
20766,80,95,-15,15
20767,52,58,-6,6
20768,128,101,27,27
20769,76,82,-6,6
20770,73,67,6,6
20771,55,52,3,3
20772,94,86,8,8
20773,115,97,18,18
20774,70,64,6,6
20775,125,101,24,24
20776,50,45,5,5
20777,90,83,7,7
20778,110,96,14,14
20779,120,111,9,9
20780,62,60,2,2
20781,78,81,-3,3
20782,132,118,14,14
20783,46,42,4,4
20784,140,136,4,4
20785,97,84,13,13
20786,53,48,5,5
20787,93,85,8,8
20788,145,121,24,24
20789,84,79,5,5
20790,121,112,9,9
20791,124,113,11,11
20792,65,57,8,8
20793,129,124,5,5
20794,111,97,14,14
20795,81,63,18,18
20796,87,65,22,22
20797,64,63,1,1
20798,92,77,15,15
20799,74,66,8,8
20800,78,68,10,10
20801,72,69,3,3
20802,101,92,9,9
20803,35,39,-4,4
20804,171,143,28,28
20805,54,47,7,7
20806,155,152,3,3
20807,151,136,15,15
20808,45,42,3,3
20809,87,77,10,10
20810,115,97,18,18
20811,75,62,13,13
20812,89,82,7,7
20813,134,114,20,20
20814,65,61,4,4
20815,51,48,3,3
20816,33,35,-2,2
20817,85,89,-4,4
20818,114,102,12,12
20819,120,109,11,11
20820,83,75,8,8
20821,106,100,6,6
20822,41,43,-2,2
20823,101,106,-5,5
20824,134,112,22,22
20825,132,118,14,14
20826,53,44,9,9
20827,89,74,15,15
20828,120,113,7,7
20829,106,103,3,3
20830,165,136,29,29
20831,59,62,-3,3
20832,77,68,9,9
20833,105,88,17,17
20834,113,104,9,9
20835,85,77,8,8
20836,57,51,6,6
20837,101,100,1,1
20838,109,97,12,12
20839,129,118,11,11
20840,75,80,-5,5
20841,143,125,18,18
20842,48,47,1,1
20843,115,110,5,5
20844,57,98,-41,41
20845,76,66,10,10
20846,79,69,10,10
20847,107,93,14,14
20848,61,62,-1,1
20849,134,122,12,12
20850,93,82,11,11
20851,141,128,13,13
20852,81,67,14,14
20853,65,64,1,1
20854,148,127,21,21
20855,70,70,0,0
20856,78,81,-3,3
20857,46,42,4,4
20858,108,100,8,8
20859,94,86,8,8
20860,165,147,18,18
20861,83,85,-2,2
20862,131,117,14,14
20863,91,76,15,15
20864,86,106,-20,20
20865,99,91,8,8
20866,111,87,24,24
20867,93,82,11,11
20868,82,64,18,18
20869,60,65,-5,5
20870,89,78,11,11
20871,153,137,16,16
20872,102,91,11,11
20873,92,88,4,4
20874,102,88,14,14
20875,118,114,4,4
20876,75,64,11,11
20877,176,151,25,25
20878,129,113,16,16
20879,69,74,-5,5
20880,83,72,11,11
20881,124,107,17,17
20882,68,57,11,11
20883,102,90,12,12
20884,63,56,7,7
20885,96,100,-4,4
20886,120,116,4,4
20887,75,73,2,2
20888,111,102,9,9
20889,181,148,33,33
20890,82,75,7,7
20891,132,113,19,19
20892,48,66,-18,18
20893,75,69,6,6
20894,64,58,6,6
20895,41,40,1,1
20896,64,71,-7,7
20897,97,88,9,9
20898,77,75,2,2
20899,91,77,14,14
20900,51,48,3,3
20901,68,64,4,4
20902,121,116,5,5
20903,86,75,11,11
20904,59,59,0,0
20905,107,98,9,9
20906,84,82,2,2
20907,55,50,5,5
20908,76,85,-9,9
20909,93,77,16,16
20910,40,38,2,2
20911,118,92,26,26
20912,156,142,14,14
20913,126,109,17,17
20914,74,65,9,9
20915,96,89,7,7
20916,121,111,10,10
20917,76,62,14,14
20918,122,121,1,1
20919,89,75,14,14
20920,59,52,7,7
20921,84,64,20,20
20922,83,71,12,12
20923,73,63,10,10
20924,63,54,9,9
20925,64,64,0,0
20926,125,101,24,24
20927,101,81,20,20
20928,122,120,2,2
20929,63,58,5,5
20930,107,98,9,9
20931,68,61,7,7
20932,74,66,8,8
20933,102,95,7,7
20934,119,112,7,7
20935,106,87,19,19
20936,66,58,8,8
20937,87,79,8,8
20938,85,76,9,9
20939,66,55,11,11
20940,145,128,17,17
20941,180,144,36,36
20942,75,69,6,6
20943,63,66,-3,3
20944,144,130,14,14
20945,66,62,4,4
20946,49,41,8,8
20947,98,90,8,8
20948,77,60,17,17
20949,105,93,12,12
20950,81,90,-9,9
20951,92,74,18,18
20952,104,100,4,4
20953,151,134,17,17
20954,51,50,1,1
20955,124,120,4,4
20956,84,74,10,10
20957,58,54,4,4
20958,108,91,17,17
20959,41,39,2,2
20960,151,131,20,20
20961,113,91,22,22
20962,138,119,19,19
20963,70,70,0,0
20964,106,98,8,8
20965,95,91,4,4
20966,121,112,9,9
20967,66,58,8,8
20968,98,86,12,12
20969,70,65,5,5
20970,142,125,17,17
20971,139,127,12,12
20972,62,57,5,5
20973,138,132,6,6
20974,70,63,7,7
20975,138,101,37,37
20976,105,88,17,17
20977,61,55,6,6
20978,113,107,6,6
20979,173,136,37,37
20980,94,82,12,12
20981,90,75,15,15
20982,112,99,13,13
20983,43,38,5,5
20984,140,130,10,10
20985,197,185,12,12
20986,116,96,20,20
20987,229,186,43,43
20988,119,104,15,15
20989,80,61,19,19
20990,115,106,9,9
20991,61,62,-1,1
20992,41,44,-3,3
20993,101,84,17,17
20994,185,164,21,21
20995,46,42,4,4
20996,221,188,33,33
20997,113,97,16,16
20998,60,56,4,4
20999,116,87,29,29
21000,125,112,13,13
21001,99,89,10,10
21002,97,103,-6,6
21003,171,138,33,33
21004,79,74,5,5
21005,73,66,7,7
21006,80,80,0,0
21007,148,125,23,23
21008,111,112,-1,1
21009,110,104,6,6
21010,84,82,2,2
21011,60,62,-2,2
21012,94,78,16,16
21013,57,53,4,4
21014,118,106,12,12
21015,115,104,11,11
21016,118,117,1,1
21017,133,112,21,21
21018,67,63,4,4
21019,148,131,17,17
21020,34,81,-47,47
21021,59,53,6,6
21022,71,63,8,8
21023,59,51,8,8
21024,58,64,-6,6
21025,61,50,11,11
21026,105,89,16,16
21027,144,127,17,17
21028,135,118,17,17
21029,120,105,15,15
21030,180,159,21,21
21031,177,140,37,37
21032,115,120,-5,5
21033,138,118,20,20
21034,113,89,24,24
21035,97,86,11,11
21036,88,73,15,15
21037,108,110,-2,2
21038,106,91,15,15
21039,81,70,11,11
21040,105,93,12,12
21041,30,33,-3,3
21042,97,90,7,7
21043,39,31,8,8
21044,57,49,8,8
21045,92,101,-9,9
21046,85,70,15,15
21047,94,77,17,17
21048,165,138,27,27
21049,119,111,8,8
21050,120,103,17,17
21051,139,116,23,23
21052,42,40,2,2
21053,78,71,7,7
21054,78,74,4,4
21055,73,61,12,12
21056,84,75,9,9
21057,159,136,23,23
21058,84,76,8,8
21059,133,115,18,18
21060,87,82,5,5
21061,147,121,26,26
21062,83,71,12,12
21063,51,50,1,1
21064,107,94,13,13
21065,62,55,7,7
21066,94,78,16,16
21067,62,57,5,5
21068,79,71,8,8
21069,177,138,39,39
21070,104,76,28,28
21071,85,85,0,0
21072,100,86,14,14
21073,69,63,6,6
21074,119,111,8,8
21075,90,70,20,20
21076,82,69,13,13
21077,54,45,9,9
21078,115,91,24,24
21079,74,61,13,13
21080,113,98,15,15
21081,56,51,5,5
21082,68,69,-1,1
21083,195,165,30,30
21084,150,120,30,30
21085,62,65,-3,3
21086,71,65,6,6
21087,81,70,11,11
21088,131,118,13,13
21089,90,75,15,15
21090,86,84,2,2
21091,168,157,11,11
21092,101,87,14,14
21093,109,95,14,14
21094,71,96,-25,25
21095,67,59,8,8
21096,115,99,16,16
21097,95,86,9,9
21098,84,71,13,13
21099,74,76,-2,2
21100,69,58,11,11
21101,63,64,-1,1
21102,127,109,18,18
21103,82,80,2,2
21104,78,69,9,9
21105,78,72,6,6
21106,147,126,21,21
21107,96,83,13,13
21108,72,74,-2,2
21109,65,58,7,7
21110,107,99,8,8
21111,119,98,21,21
21112,101,85,16,16
21113,162,133,29,29
21114,119,103,16,16
21115,93,87,6,6
21116,102,93,9,9
21117,145,126,19,19
21118,94,81,13,13
21119,83,76,7,7
21120,166,140,26,26
21121,63,61,2,2
21122,90,79,11,11
21123,53,50,3,3
21124,103,96,7,7
21125,117,99,18,18
21126,99,88,11,11
21127,44,36,8,8
21128,149,127,22,22
21129,104,91,13,13
21130,225,195,30,30
21131,101,90,11,11
21132,101,88,13,13
21133,76,63,13,13
21134,80,69,11,11
21135,70,58,12,12
21136,130,95,35,35
21137,148,123,25,25
21138,70,72,-2,2
21139,137,133,4,4
21140,59,50,9,9
21141,71,68,3,3
21142,134,116,18,18
21143,116,96,20,20
21144,104,92,12,12
21145,63,64,-1,1
21146,61,55,6,6
21147,89,100,-11,11
21148,61,54,7,7
21149,97,87,10,10
21150,102,89,13,13
21151,63,56,7,7
21152,165,141,24,24
21153,88,87,1,1
21154,112,89,23,23
21155,90,79,11,11
21156,179,157,22,22
21157,89,84,5,5
21158,19,25,-6,6
21159,123,105,18,18
21160,111,122,-11,11
21161,89,76,13,13
21162,86,86,0,0
21163,92,85,7,7
21164,93,80,13,13
21165,91,80,11,11
21166,70,64,6,6
21167,105,94,11,11
21168,85,72,13,13
21169,78,65,13,13
21170,112,102,10,10
21171,96,88,8,8
21172,54,53,1,1
21173,121,98,23,23
21174,131,114,17,17
21175,66,62,4,4
21176,61,60,1,1
21177,80,71,9,9
21178,89,76,13,13
21179,74,57,17,17
21180,65,69,-4,4
21181,101,96,5,5
21182,97,79,18,18
21183,108,99,9,9
21184,96,91,5,5
21185,132,114,18,18
21186,62,53,9,9
21187,82,65,17,17
21188,154,126,28,28
21189,82,77,5,5
21190,50,47,3,3
21191,68,58,10,10
21192,124,120,4,4
21193,74,64,10,10
21194,149,135,14,14
21195,59,57,2,2
21196,56,51,5,5
21197,58,53,5,5
21198,151,141,10,10
21199,113,98,15,15
21200,74,90,-16,16
21201,71,61,10,10
21202,86,74,12,12
21203,65,56,9,9
21204,69,67,2,2
21205,161,140,21,21
21206,89,82,7,7
21207,36,33,3,3
21208,55,47,8,8
21209,97,85,12,12
21210,89,72,17,17
21211,64,56,8,8
21212,98,92,6,6
21213,89,75,14,14
21214,44,38,6,6
21215,162,141,21,21
21216,126,119,7,7
21217,82,75,7,7
21218,77,78,-1,1
21219,81,75,6,6
21220,137,122,15,15
21221,69,62,7,7
21222,86,75,11,11
21223,67,64,3,3
21224,101,87,14,14
21225,74,70,4,4
21226,71,64,7,7
21227,66,60,6,6
21228,104,98,6,6
21229,111,115,-4,4
21230,86,82,4,4
21231,96,87,9,9
21232,79,69,10,10
21233,183,169,14,14
21234,89,76,13,13
21235,133,113,20,20
21236,80,71,9,9
21237,72,65,7,7
21238,109,88,21,21
21239,107,92,15,15
21240,84,71,13,13
21241,67,56,11,11
21242,102,90,12,12
21243,66,165,-99,99
21244,132,122,10,10
21245,103,94,9,9
21246,91,83,8,8
21247,111,102,9,9
21248,110,95,15,15
21249,156,142,14,14
21250,44,39,5,5
21251,48,43,5,5
21252,79,79,0,0
21253,58,47,11,11
21254,134,111,23,23
21255,105,95,10,10
21256,79,67,12,12
21257,124,146,-22,22
21258,109,87,22,22
21259,79,66,13,13
21260,66,64,2,2
21261,93,79,14,14
21262,93,84,9,9
21263,85,87,-2,2
21264,92,80,12,12
21265,103,95,8,8
21266,104,90,14,14
21267,108,98,10,10
21268,82,71,11,11
21269,92,87,5,5
21270,41,39,2,2
21271,47,45,2,2
21272,79,71,8,8
21273,101,100,1,1
21274,66,65,1,1
21275,83,72,11,11
21276,89,71,18,18
21277,55,52,3,3
21278,137,120,17,17
21279,92,77,15,15
21280,131,117,14,14
21281,99,85,14,14
21282,100,97,3,3
21283,82,68,14,14
21284,57,54,3,3
21285,74,70,4,4
21286,79,72,7,7
21287,83,72,11,11
21288,118,102,16,16
21289,133,142,-9,9
21290,129,114,15,15
21291,70,78,-8,8
21292,145,125,20,20
21293,149,105,44,44
21294,113,107,6,6
21295,56,56,0,0
21296,44,39,5,5
21297,89,90,-1,1
21298,90,84,6,6
21299,74,59,15,15
21300,117,100,17,17
21301,65,53,12,12
21302,48,47,1,1
21303,92,80,12,12
21304,72,64,8,8
21305,83,71,12,12
21306,63,60,3,3
21307,135,118,17,17
21308,147,138,9,9
21309,142,138,4,4
21310,122,100,22,22
21311,77,67,10,10
21312,106,93,13,13
21313,65,64,1,1
21314,70,61,9,9
21315,124,104,20,20
21316,100,88,12,12
21317,56,50,6,6
21318,72,60,12,12
21319,83,72,11,11
21320,66,59,7,7
21321,45,43,2,2
21322,162,146,16,16
21323,85,77,8,8
21324,115,104,11,11
21325,122,109,13,13
21326,72,62,10,10
21327,68,64,4,4
21328,65,61,4,4
21329,84,72,12,12
21330,161,130,31,31
21331,149,125,24,24
21332,109,95,14,14
21333,57,55,2,2
21334,85,71,14,14
21335,100,87,13,13
21336,171,129,42,42
21337,73,68,5,5
21338,78,72,6,6
21339,67,71,-4,4
21340,122,120,2,2
21341,84,69,15,15
21342,171,140,31,31
21343,87,80,7,7
21344,140,111,29,29
21345,86,86,0,0
21346,85,83,2,2
21347,50,43,7,7
21348,78,72,6,6
21349,67,53,14,14
21350,81,67,14,14
21351,75,69,6,6
21352,91,82,9,9
21353,119,107,12,12
21354,138,123,15,15
21355,58,51,7,7
21356,137,117,20,20
21357,88,85,3,3
21358,122,106,16,16
21359,106,89,17,17
21360,101,92,9,9
21361,88,81,7,7
21362,83,68,15,15
21363,80,70,10,10
21364,111,100,11,11
21365,183,160,23,23
21366,73,64,9,9
21367,97,81,16,16
21368,55,55,0,0
21369,116,111,5,5
21370,78,69,9,9
21371,99,89,10,10
21372,141,117,24,24
21373,56,52,4,4
21374,65,59,6,6
21375,72,63,9,9
21376,99,65,34,34
21377,96,78,18,18
21378,69,67,2,2
21379,94,95,-1,1
21380,98,80,18,18
21381,55,55,0,0
21382,107,96,11,11
21383,68,62,6,6
21384,84,79,5,5
21385,65,58,7,7
21386,177,142,35,35
21387,62,54,8,8
21388,182,146,36,36
21389,72,45,27,27
21390,151,130,21,21
21391,80,67,13,13
21392,122,112,10,10
21393,136,111,25,25
21394,141,124,17,17
21395,88,74,14,14
21396,88,72,16,16
21397,127,114,13,13
21398,92,87,5,5
21399,74,61,13,13
21400,111,97,14,14
21401,204,179,25,25
21402,111,91,20,20
21403,59,50,9,9
21404,129,104,25,25
21405,107,91,16,16
21406,104,87,17,17
21407,76,70,6,6
21408,113,106,7,7
21409,110,100,10,10
21410,69,58,11,11
21411,67,63,4,4
21412,85,73,12,12
21413,94,84,10,10
21414,93,79,14,14
21415,90,81,9,9
21416,61,45,16,16
21417,56,48,8,8
21418,114,96,18,18
21419,71,58,13,13
21420,86,83,3,3
21421,114,106,8,8
21422,50,44,6,6
21423,155,136,19,19
21424,108,106,2,2
21425,104,79,25,25
21426,89,76,13,13
21427,75,64,11,11
21428,149,135,14,14
21429,94,79,15,15
21430,63,69,-6,6
21431,127,122,5,5
21432,103,94,9,9
21433,90,73,17,17
21434,64,63,1,1
21435,144,120,24,24
21436,119,99,20,20
21437,45,46,-1,1
21438,78,67,11,11
21439,45,51,-6,6
21440,113,104,9,9
21441,89,83,6,6
21442,122,111,11,11
21443,93,83,10,10
21444,54,50,4,4
21445,89,71,18,18
21446,85,71,14,14
21447,101,91,10,10
21448,132,130,2,2
21449,47,41,6,6
21450,83,72,11,11
21451,89,71,18,18
21452,77,62,15,15
21453,150,125,25,25
21454,130,104,26,26
21455,85,76,9,9
21456,114,98,16,16
21457,155,139,16,16
21458,63,55,8,8
21459,94,86,8,8
21460,42,37,5,5
21461,138,126,12,12
21462,78,75,3,3
21463,79,71,8,8
21464,95,83,12,12
21465,80,61,19,19
21466,80,83,-3,3
21467,39,41,-2,2
21468,143,118,25,25
21469,88,75,13,13
21470,47,45,2,2
21471,70,63,7,7
21472,174,147,27,27
21473,148,130,18,18
21474,185,150,35,35
21475,122,118,4,4
21476,138,122,16,16
21477,99,85,14,14
21478,50,48,2,2
21479,104,83,21,21
21480,69,63,6,6
21481,127,110,17,17
21482,59,60,-1,1
21483,89,79,10,10
21484,81,75,6,6
21485,64,64,0,0
21486,124,112,12,12
21487,75,74,1,1
21488,102,87,15,15
21489,156,132,24,24
21490,81,73,8,8
21491,90,75,15,15
21492,58,64,-6,6
21493,153,124,29,29
21494,100,86,14,14
21495,133,109,24,24
21496,133,114,19,19
21497,68,65,3,3
21498,104,93,11,11
21499,74,65,9,9
21500,138,117,21,21
21501,83,78,5,5
21502,125,127,-2,2
21503,98,88,10,10
21504,92,78,14,14
21505,39,37,2,2
21506,93,85,8,8
21507,47,53,-6,6
21508,72,71,1,1
21509,138,117,21,21
21510,81,74,7,7
21511,102,92,10,10
21512,146,127,19,19
21513,80,69,11,11
21514,76,62,14,14
21515,130,128,2,2
21516,138,114,24,24
21517,69,69,0,0
21518,134,111,23,23
21519,73,68,5,5
21520,55,56,-1,1
21521,68,65,3,3
21522,78,83,-5,5
21523,85,76,9,9
21524,118,105,13,13
21525,80,70,10,10
21526,153,143,10,10
21527,81,67,14,14
21528,85,75,10,10
21529,117,104,13,13
21530,126,116,10,10
21531,34,34,0,0
21532,72,59,13,13
21533,138,119,19,19
21534,82,76,6,6
21535,113,105,8,8
21536,63,63,0,0
21537,80,62,18,18
21538,67,59,8,8
21539,117,119,-2,2
21540,120,100,20,20
21541,75,65,10,10
21542,117,99,18,18
21543,103,96,7,7
21544,149,141,8,8
21545,169,152,17,17
21546,85,86,-1,1
21547,91,76,15,15
21548,121,111,10,10
21549,95,100,-5,5
21550,123,115,8,8
21551,36,41,-5,5
21552,71,63,8,8
21553,106,92,14,14
21554,101,81,20,20
21555,60,69,-9,9
21556,68,58,10,10
21557,76,67,9,9
21558,91,76,15,15
21559,84,75,9,9
21560,97,90,7,7
21561,75,72,3,3
21562,44,40,4,4
21563,78,57,21,21
21564,55,51,4,4
21565,106,106,0,0
21566,125,109,16,16
21567,185,151,34,34
21568,148,154,-6,6
21569,156,129,27,27
21570,128,111,17,17
21571,96,84,12,12
21572,99,81,18,18
21573,63,63,0,0
21574,78,76,2,2
21575,162,121,41,41
21576,75,65,10,10
21577,103,90,13,13
21578,110,93,17,17
21579,116,101,15,15
21580,51,49,2,2
21581,126,112,14,14
21582,37,42,-5,5
21583,109,95,14,14
21584,115,108,7,7
21585,70,60,10,10
21586,94,93,1,1
21587,113,101,12,12
21588,91,80,11,11
21589,71,67,4,4
21590,55,53,2,2
21591,63,64,-1,1
21592,59,54,5,5
21593,81,71,10,10
21594,135,124,11,11
21595,95,80,15,15
21596,67,68,-1,1
21597,80,72,8,8
21598,73,76,-3,3
21599,98,82,16,16
21600,104,85,19,19
21601,63,51,12,12
21602,60,52,8,8
21603,117,101,16,16
21604,60,55,5,5
21605,127,113,14,14
21606,121,93,28,28
21607,118,103,15,15
21608,80,70,10,10
21609,77,70,7,7
21610,104,85,19,19
21611,182,181,1,1
21612,90,84,6,6
21613,49,42,7,7
21614,86,75,11,11
21615,88,77,11,11
21616,114,95,19,19
21617,56,50,6,6
21618,66,55,11,11
21619,68,76,-8,8
21620,88,78,10,10
21621,45,63,-18,18
21622,231,195,36,36
21623,136,114,22,22
21624,69,60,9,9
21625,123,118,5,5
21626,60,51,9,9
21627,72,65,7,7
21628,84,79,5,5
21629,123,111,12,12
21630,58,61,-3,3
21631,58,52,6,6
21632,71,63,8,8
21633,97,81,16,16
21634,61,56,5,5
21635,57,57,0,0
21636,172,148,24,24
21637,62,60,2,2
21638,112,108,4,4
21639,126,110,16,16
21640,85,72,13,13
21641,105,102,3,3
21642,100,88,12,12
21643,117,118,-1,1
21644,76,76,0,0
21645,85,75,10,10
21646,187,146,41,41
21647,145,126,19,19
21648,64,66,-2,2
21649,107,92,15,15
21650,140,121,19,19
21651,46,48,-2,2
21652,63,55,8,8
21653,93,82,11,11
21654,111,101,10,10
21655,60,51,9,9
21656,120,102,18,18
21657,67,64,3,3
21658,157,137,20,20
21659,133,120,13,13
21660,112,108,4,4
21661,119,120,-1,1
21662,86,76,10,10
21663,128,116,12,12
21664,109,94,15,15
21665,133,115,18,18
21666,62,52,10,10
21667,167,144,23,23
21668,122,102,20,20
21669,42,37,5,5
21670,66,58,8,8
21671,110,98,12,12
21672,84,85,-1,1
21673,115,103,12,12
21674,174,149,25,25
21675,85,75,10,10
21676,100,87,13,13
21677,56,54,2,2
21678,72,61,11,11
21679,87,80,7,7
21680,70,80,-10,10
21681,76,65,11,11
21682,89,78,11,11
21683,69,61,8,8
21684,175,145,30,30
21685,191,156,35,35
21686,66,56,10,10
21687,145,127,18,18
21688,127,104,23,23
21689,54,46,8,8
21690,70,59,11,11
21691,67,58,9,9
21692,77,66,11,11
21693,119,115,4,4
21694,38,43,-5,5
21695,77,69,8,8
21696,49,43,6,6
21697,63,73,-10,10
21698,40,36,4,4
21699,69,68,1,1
21700,35,39,-4,4
21701,93,77,16,16
21702,61,68,-7,7
21703,50,42,8,8
21704,113,103,10,10
21705,123,99,24,24
21706,75,67,8,8
21707,94,80,14,14
21708,71,69,2,2
21709,114,104,10,10
21710,68,58,10,10
21711,129,125,4,4
21712,61,51,10,10
21713,92,76,16,16
21714,76,60,16,16
21715,106,86,20,20
21716,123,106,17,17
21717,89,82,7,7
21718,88,83,5,5
21719,48,49,-1,1
21720,87,81,6,6
21721,53,56,-3,3
21722,120,103,17,17
21723,105,98,7,7
21724,117,99,18,18
21725,128,110,18,18
21726,173,143,30,30
21727,85,76,9,9
21728,97,79,18,18
21729,101,87,14,14
21730,67,64,3,3
21731,71,65,6,6
21732,89,73,16,16
21733,85,85,0,0
21734,83,73,10,10
21735,78,65,13,13
21736,76,69,7,7
21737,115,102,13,13
21738,68,59,9,9
21739,75,63,12,12
21740,106,82,24,24
21741,76,66,10,10
21742,123,105,18,18
21743,82,75,7,7
21744,82,77,5,5
21745,162,141,21,21
21746,64,62,2,2
21747,66,51,15,15
21748,48,40,8,8
21749,86,80,6,6
21750,59,59,0,0
21751,118,104,14,14
21752,75,67,8,8
21753,138,114,24,24
21754,50,44,6,6
21755,96,75,21,21
21756,68,62,6,6
21757,83,76,7,7
21758,93,98,-5,5
21759,78,77,1,1
21760,45,40,5,5
21761,85,75,10,10
21762,123,102,21,21
21763,42,42,0,0
21764,84,73,11,11
21765,123,107,16,16
21766,45,48,-3,3
21767,88,80,8,8
21768,85,74,11,11
21769,79,61,18,18
21770,75,66,9,9
21771,125,113,12,12
21772,33,41,-8,8
21773,84,78,6,6
21774,117,111,6,6
21775,79,70,9,9
21776,190,167,23,23
21777,112,103,9,9
21778,86,80,6,6
21779,115,98,17,17
21780,74,64,10,10
21781,85,77,8,8
21782,28,30,-2,2
21783,45,43,2,2
21784,115,101,14,14
21785,92,77,15,15
21786,78,65,13,13
21787,129,115,14,14
21788,119,95,24,24
21789,78,69,9,9
21790,78,60,18,18
21791,211,171,40,40
21792,95,92,3,3
21793,101,89,12,12
21794,163,137,26,26
21795,168,142,26,26
21796,109,96,13,13
21797,98,94,4,4
21798,61,55,6,6
21799,131,122,9,9
21800,74,66,8,8
21801,66,67,-1,1
21802,130,111,19,19
21803,71,63,8,8
21804,135,123,12,12
21805,88,73,15,15
21806,150,150,0,0
21807,152,125,27,27
21808,117,88,29,29
21809,133,118,15,15
21810,77,68,9,9
21811,75,63,12,12
21812,63,55,8,8
21813,73,62,11,11
21814,72,65,7,7
21815,62,69,-7,7
21816,98,92,6,6
21817,103,87,16,16
21818,167,165,2,2
21819,73,72,1,1
21820,68,57,11,11
21821,104,91,13,13
21822,96,89,7,7
21823,165,145,20,20
21824,128,115,13,13
21825,147,126,21,21
21826,139,123,16,16
21827,156,127,29,29
21828,86,80,6,6
21829,78,70,8,8
21830,78,67,11,11
21831,89,75,14,14
21832,115,95,20,20
21833,122,107,15,15
21834,47,54,-7,7
21835,60,64,-4,4
21836,87,90,-3,3
21837,77,70,7,7
21838,115,93,22,22
21839,105,83,22,22
21840,120,106,14,14
21841,95,86,9,9
21842,103,87,16,16
21843,57,49,8,8
21844,132,111,21,21
21845,118,97,21,21
21846,134,106,28,28
21847,85,84,1,1
21848,130,124,6,6
21849,107,102,5,5
21850,112,95,17,17
21851,63,58,5,5
21852,176,149,27,27
21853,83,71,12,12
21854,88,88,0,0
21855,141,111,30,30
21856,121,104,17,17
21857,119,99,20,20
21858,51,54,-3,3
21859,60,56,4,4
21860,103,79,24,24
21861,122,105,17,17
21862,79,69,10,10
21863,103,85,18,18
21864,86,70,16,16
21865,58,58,0,0
21866,103,94,9,9
21867,89,76,13,13
21868,94,77,17,17
21869,115,106,9,9
21870,151,150,1,1
21871,97,85,12,12
21872,88,74,14,14
21873,78,71,7,7
21874,79,68,11,11
21875,51,45,6,6
21876,77,81,-4,4
21877,98,79,19,19
21878,160,125,35,35
21879,114,103,11,11
21880,95,89,6,6
21881,77,74,3,3
21882,75,68,7,7
21883,142,121,21,21
21884,72,66,6,6
21885,150,122,28,28
21886,67,65,2,2
21887,104,93,11,11
21888,95,90,5,5
21889,116,100,16,16
21890,43,66,-23,23
21891,98,89,9,9
21892,85,69,16,16
21893,93,78,15,15
21894,106,93,13,13
21895,99,87,12,12
21896,179,150,29,29
21897,61,69,-8,8
21898,77,70,7,7
21899,64,56,8,8
21900,90,83,7,7
21901,106,104,2,2
21902,67,59,8,8
21903,102,91,11,11
21904,94,53,41,41
21905,92,78,14,14
21906,81,72,9,9
21907,84,71,13,13
21908,131,122,9,9
21909,96,88,8,8
21910,89,76,13,13
21911,107,93,14,14
21912,73,70,3,3
21913,81,68,13,13
21914,69,68,1,1
21915,73,65,8,8
21916,150,135,15,15
21917,115,93,22,22
21918,90,76,14,14
21919,63,64,-1,1
21920,138,115,23,23
21921,125,114,11,11
21922,111,96,15,15
21923,124,98,26,26
21924,37,38,-1,1
21925,114,102,12,12
21926,67,59,8,8
21927,116,106,10,10
21928,134,130,4,4
21929,58,54,4,4
21930,75,64,11,11
21931,119,104,15,15
21932,94,78,16,16
21933,72,63,9,9
21934,144,128,16,16
21935,86,74,12,12
21936,112,100,12,12
21937,57,52,5,5
21938,121,117,4,4
21939,118,102,16,16
21940,79,70,9,9
21941,53,46,7,7
21942,61,49,12,12
21943,90,85,5,5
21944,114,105,9,9
21945,101,94,7,7
21946,180,158,22,22
21947,136,138,-2,2
21948,100,90,10,10
21949,107,97,10,10
21950,95,89,6,6
21951,75,69,6,6
21952,86,81,5,5
21953,71,70,1,1
21954,126,116,10,10
21955,125,109,16,16
21956,162,139,23,23
21957,71,67,4,4
21958,60,50,10,10
21959,118,111,7,7
21960,104,73,31,31
21961,117,103,14,14
21962,144,122,22,22
21963,78,73,5,5
21964,95,84,11,11
21965,157,137,20,20
21966,70,64,6,6
21967,68,65,3,3
21968,125,107,18,18
21969,111,86,25,25
21970,112,94,18,18
21971,118,94,24,24
21972,71,57,14,14
21973,126,101,25,25
21974,96,82,14,14
21975,59,63,-4,4
21976,82,83,-1,1
21977,101,98,3,3
21978,80,75,5,5
21979,61,54,7,7
21980,89,85,4,4
21981,107,82,25,25
21982,55,54,1,1
21983,99,84,15,15
21984,131,123,8,8
21985,80,67,13,13
21986,110,83,27,27
21987,94,84,10,10
21988,32,31,1,1
21989,105,92,13,13
21990,103,97,6,6
21991,152,139,13,13
21992,136,110,26,26
21993,78,67,11,11
21994,68,59,9,9
21995,68,71,-3,3
21996,36,35,1,1
21997,111,103,8,8
21998,64,53,11,11
21999,70,63,7,7
22000,89,78,11,11
22001,103,89,14,14
22002,79,70,9,9
22003,175,157,18,18
22004,103,94,9,9
22005,84,73,11,11
22006,79,67,12,12
22007,93,88,5,5
22008,124,107,17,17
22009,106,94,12,12
22010,144,118,26,26
22011,100,88,12,12
22012,70,66,4,4
22013,122,114,8,8
22014,101,90,11,11
22015,125,108,17,17
22016,94,79,15,15
22017,134,129,5,5
22018,69,64,5,5
22019,119,98,21,21
22020,106,90,16,16
22021,122,111,11,11
22022,54,49,5,5
22023,89,76,13,13
22024,76,81,-5,5
22025,86,78,8,8
22026,144,116,28,28
22027,93,74,19,19
22028,105,99,6,6
22029,101,92,9,9
22030,81,82,-1,1
22031,85,74,11,11
22032,157,123,34,34
22033,112,106,6,6
22034,76,71,5,5
22035,85,85,0,0
22036,141,110,31,31
22037,87,83,4,4
22038,71,70,1,1
22039,104,98,6,6
22040,73,69,4,4
22041,143,122,21,21
22042,92,89,3,3
22043,80,76,4,4
22044,98,91,7,7
22045,80,67,13,13
22046,54,52,2,2
22047,134,127,7,7
22048,70,61,9,9
22049,114,103,11,11
22050,80,63,17,17
22051,90,74,16,16
22052,82,81,1,1
22053,103,89,14,14
22054,82,72,10,10
22055,92,78,14,14
22056,82,71,11,11
22057,66,61,5,5
22058,124,143,-19,19
22059,61,62,-1,1
22060,63,63,0,0
22061,91,84,7,7
22062,72,63,9,9
22063,54,59,-5,5
22064,87,75,12,12
22065,104,103,1,1
22066,61,57,4,4
22067,125,100,25,25
22068,129,119,10,10
22069,33,41,-8,8
22070,97,89,8,8
22071,73,78,-5,5
22072,154,127,27,27
22073,74,64,10,10
22074,125,115,10,10
22075,54,51,3,3
22076,68,66,2,2
22077,91,77,14,14
22078,68,60,8,8
22079,92,95,-3,3
22080,117,93,24,24
22081,98,97,1,1
22082,124,101,23,23
22083,71,69,2,2
22084,66,59,7,7
22085,37,37,0,0
22086,108,92,16,16
22087,59,51,8,8
22088,84,75,9,9
22089,162,134,28,28
22090,108,100,8,8
22091,120,102,18,18
22092,102,99,3,3
22093,68,74,-6,6
22094,146,112,34,34
22095,116,107,9,9
22096,66,61,5,5
22097,67,63,4,4
22098,46,49,-3,3
22099,92,75,17,17
22100,150,122,28,28
22101,58,51,7,7
22102,103,97,6,6
22103,112,88,24,24
22104,90,90,0,0
22105,98,88,10,10
22106,54,54,0,0
22107,76,71,5,5
22108,77,74,3,3
22109,111,93,18,18
22110,118,109,9,9
22111,125,111,14,14
22112,94,90,4,4
22113,73,68,5,5
22114,173,152,21,21
22115,155,140,15,15
22116,120,116,4,4
22117,86,70,16,16
22118,115,99,16,16
22119,149,124,25,25
22120,68,77,-9,9
22121,130,102,28,28
22122,65,62,3,3
22123,63,45,18,18
22124,39,39,0,0
22125,82,70,12,12
22126,74,59,15,15
22127,57,61,-4,4
22128,105,98,7,7
22129,106,95,11,11
22130,126,132,-6,6
22131,113,96,17,17
22132,109,98,11,11
22133,95,89,6,6
22134,86,69,17,17
22135,99,87,12,12
22136,65,68,-3,3
22137,70,64,6,6
22138,66,56,10,10
22139,45,43,2,2
22140,77,68,9,9
22141,50,52,-2,2
22142,105,92,13,13
22143,101,98,3,3
22144,62,62,0,0
22145,82,81,1,1
22146,69,56,13,13
22147,122,126,-4,4
22148,147,128,19,19
22149,220,192,28,28
22150,69,63,6,6
22151,93,80,13,13
22152,111,99,12,12
22153,152,137,15,15
22154,124,112,12,12
22155,43,40,3,3
22156,112,88,24,24
22157,83,73,10,10
22158,140,124,16,16
22159,110,98,12,12
22160,71,70,1,1
22161,96,101,-5,5
22162,148,133,15,15
22163,53,38,15,15
22164,120,99,21,21
22165,188,166,22,22
22166,29,33,-4,4
22167,117,102,15,15
22168,104,92,12,12
22169,81,69,12,12
22170,124,114,10,10
22171,103,103,0,0
22172,139,123,16,16
22173,79,61,18,18
22174,133,114,19,19
22175,112,105,7,7
22176,99,96,3,3
22177,101,84,17,17
22178,75,63,12,12
22179,110,97,13,13
22180,121,107,14,14
22181,110,98,12,12
22182,68,77,-9,9
22183,99,86,13,13
22184,67,66,1,1
22185,72,71,1,1
22186,151,119,32,32
22187,87,84,3,3
22188,83,75,8,8
22189,58,63,-5,5
22190,56,51,5,5
22191,72,62,10,10
22192,91,79,12,12
22193,61,52,9,9
22194,95,72,23,23
22195,101,87,14,14
22196,98,84,14,14
22197,128,120,8,8
22198,183,155,28,28
22199,68,61,7,7
22200,97,84,13,13
22201,74,65,9,9
22202,127,116,11,11
22203,91,79,12,12
22204,95,83,12,12
22205,83,72,11,11
22206,130,116,14,14
22207,143,71,72,72
22208,68,68,0,0
22209,72,63,9,9
22210,81,72,9,9
22211,63,59,4,4
22212,92,78,14,14
22213,70,73,-3,3
22214,114,107,7,7
22215,119,92,27,27
22216,130,118,12,12
22217,94,87,7,7
22218,104,96,8,8
22219,99,96,3,3
22220,55,59,-4,4
22221,111,102,9,9
22222,101,83,18,18
22223,86,76,10,10
22224,89,80,9,9
22225,91,98,-7,7
22226,140,124,16,16
22227,74,68,6,6
22228,82,74,8,8
22229,103,76,27,27
22230,104,83,21,21
22231,75,75,0,0
22232,92,90,2,2
22233,53,50,3,3
22234,74,74,0,0
22235,38,35,3,3
22236,141,124,17,17
22237,91,81,10,10
22238,97,82,15,15
22239,115,101,14,14
22240,141,128,13,13
22241,72,72,0,0
22242,87,82,5,5
22243,114,103,11,11
22244,96,79,17,17
22245,68,69,-1,1
22246,123,116,7,7
22247,91,79,12,12
22248,91,77,14,14
22249,116,110,6,6
22250,49,63,-14,14
22251,57,50,7,7
22252,124,114,10,10
22253,88,88,0,0
22254,129,114,15,15
22255,55,48,7,7
22256,188,156,32,32
22257,64,59,5,5
22258,71,64,7,7
22259,45,45,0,0
22260,93,94,-1,1
22261,68,59,9,9
22262,161,155,6,6
22263,69,70,-1,1
22264,113,106,7,7
22265,74,77,-3,3
22266,58,57,1,1
22267,149,139,10,10
22268,49,47,2,2
22269,96,84,12,12
22270,122,105,17,17
22271,92,74,18,18
22272,124,113,11,11
22273,93,83,10,10
22274,149,138,11,11
22275,179,154,25,25
22276,147,133,14,14
22277,121,111,10,10
22278,62,56,6,6
22279,50,46,4,4
22280,54,49,5,5
22281,104,87,17,17
22282,73,64,9,9
22283,101,89,12,12
22284,71,69,2,2
22285,90,78,12,12
22286,71,63,8,8
22287,72,67,5,5
22288,61,76,-15,15
22289,65,56,9,9
22290,81,70,11,11
22291,37,43,-6,6
22292,65,62,3,3
22293,128,110,18,18
22294,55,72,-17,17
22295,55,59,-4,4
22296,131,103,28,28
22297,67,56,11,11
22298,138,124,14,14
22299,66,58,8,8
22300,62,57,5,5
22301,187,161,26,26
22302,127,107,20,20
22303,105,99,6,6
22304,78,69,9,9
22305,94,82,12,12
22306,94,82,12,12
22307,108,97,11,11
22308,135,116,19,19
22309,78,67,11,11
22310,87,82,5,5
22311,59,56,3,3
22312,134,131,3,3
22313,89,75,14,14
22314,79,73,6,6
22315,27,38,-11,11
22316,74,60,14,14
22317,56,56,0,0
22318,121,113,8,8
22319,88,82,6,6
22320,145,135,10,10
22321,99,89,10,10
22322,127,104,23,23
22323,85,74,11,11
22324,91,68,23,23
22325,184,170,14,14
22326,76,66,10,10
22327,86,76,10,10
22328,88,73,15,15
22329,156,134,22,22
22330,106,98,8,8
22331,102,82,20,20
22332,106,91,15,15
22333,87,76,11,11
22334,60,59,1,1
22335,82,71,11,11
22336,112,94,18,18
22337,118,110,8,8
22338,75,60,15,15
22339,94,86,8,8
22340,57,58,-1,1
22341,96,83,13,13
22342,67,61,6,6
22343,78,82,-4,4
22344,114,94,20,20
22345,70,61,9,9
22346,60,57,3,3
22347,91,80,11,11
22348,86,70,16,16
22349,84,76,8,8
22350,75,66,9,9
22351,133,128,5,5
22352,193,156,37,37
22353,68,64,4,4
22354,139,123,16,16
22355,57,65,-8,8
22356,110,100,10,10
22357,83,83,0,0
22358,159,119,40,40
22359,110,97,13,13
22360,150,121,29,29
22361,95,93,2,2
22362,139,114,25,25
22363,72,62,10,10
22364,147,120,27,27
22365,89,74,15,15
22366,136,122,14,14
22367,47,39,8,8
22368,158,143,15,15
22369,111,106,5,5
22370,99,81,18,18
22371,112,98,14,14
22372,82,78,4,4
22373,38,34,4,4
22374,82,70,12,12
22375,80,72,8,8
22376,119,97,22,22
22377,68,66,2,2
22378,117,104,13,13
22379,76,68,8,8
22380,94,85,9,9
22381,68,63,5,5
22382,49,38,11,11
22383,59,53,6,6
22384,135,126,9,9
22385,111,102,9,9
22386,102,85,17,17
22387,118,109,9,9
22388,90,77,13,13
22389,62,60,2,2
22390,104,91,13,13
22391,120,101,19,19
22392,105,96,9,9
22393,131,116,15,15
22394,103,100,3,3
22395,117,103,14,14
22396,92,82,10,10
22397,70,65,5,5
22398,108,99,9,9
22399,71,64,7,7
22400,58,58,0,0
22401,91,69,22,22
22402,98,80,18,18
22403,40,43,-3,3
22404,92,73,19,19
22405,100,94,6,6
22406,138,130,8,8
22407,132,109,23,23
22408,101,93,8,8
22409,71,71,0,0
22410,86,74,12,12
22411,107,94,13,13
22412,85,76,9,9
22413,68,65,3,3
22414,80,68,12,12
22415,125,109,16,16
22416,99,81,18,18
22417,122,105,17,17
22418,190,157,33,33
22419,109,83,26,26
22420,83,67,16,16
22421,121,128,-7,7
22422,79,82,-3,3
22423,142,141,1,1
22424,63,57,6,6
22425,66,59,7,7
22426,114,88,26,26
22427,80,70,10,10
22428,72,62,10,10
22429,190,163,27,27
22430,91,80,11,11
22431,152,126,26,26
22432,74,56,18,18
22433,88,82,6,6
22434,181,168,13,13
22435,118,107,11,11
22436,131,113,18,18
22437,64,96,-32,32
22438,86,78,8,8
22439,74,75,-1,1
22440,79,70,9,9
22441,99,89,10,10
22442,169,148,21,21
22443,68,55,13,13
22444,79,65,14,14
22445,181,148,33,33
22446,119,98,21,21
22447,120,100,20,20
22448,67,65,2,2
22449,67,68,-1,1
22450,76,65,11,11
22451,87,74,13,13
22452,91,90,1,1
22453,161,134,27,27
22454,58,50,8,8
22455,57,51,6,6
22456,95,78,17,17
22457,63,61,2,2
22458,64,56,8,8
22459,55,53,2,2
22460,136,130,6,6
22461,107,93,14,14
22462,83,81,2,2
22463,52,55,-3,3
22464,127,126,1,1
22465,90,84,6,6
22466,141,120,21,21
22467,87,83,4,4
22468,99,87,12,12
22469,67,63,4,4
22470,79,70,9,9
22471,102,93,9,9
22472,168,153,15,15
22473,154,138,16,16
22474,118,105,13,13
22475,68,72,-4,4
22476,109,95,14,14
22477,41,40,1,1
22478,65,63,2,2
22479,108,91,17,17
22480,26,37,-11,11
22481,99,98,1,1
22482,137,124,13,13
22483,180,158,22,22
22484,223,161,62,62
22485,103,93,10,10
22486,91,82,9,9
22487,120,103,17,17
22488,73,62,11,11
22489,69,69,0,0
22490,76,81,-5,5
22491,73,56,17,17
22492,41,38,3,3
22493,143,132,11,11
22494,121,121,0,0
22495,97,96,1,1
22496,86,84,2,2
22497,80,76,4,4
22498,105,101,4,4
22499,111,83,28,28
22500,133,128,5,5
22501,120,108,12,12
22502,156,148,8,8
22503,100,94,6,6
22504,41,40,1,1
22505,94,92,2,2
22506,59,50,9,9
22507,71,63,8,8
22508,68,62,6,6
22509,102,84,18,18
22510,134,118,16,16
22511,60,49,11,11
22512,169,129,40,40
22513,80,73,7,7
22514,126,133,-7,7
22515,146,121,25,25
22516,128,121,7,7
22517,67,59,8,8
22518,92,89,3,3
22519,72,68,4,4
22520,79,71,8,8
22521,102,87,15,15
22522,62,58,4,4
22523,59,55,4,4
22524,116,93,23,23
22525,96,82,14,14
22526,86,75,11,11
22527,68,68,0,0
22528,90,84,6,6
22529,90,74,16,16
22530,141,119,22,22
22531,109,98,11,11
22532,51,60,-9,9
22533,107,90,17,17
22534,130,113,17,17
22535,103,92,11,11
22536,49,53,-4,4
22537,106,88,18,18
22538,87,77,10,10
22539,68,61,7,7
22540,88,81,7,7
22541,79,76,3,3
22542,104,84,20,20
22543,94,83,11,11
22544,123,101,22,22
22545,98,79,19,19
22546,123,105,18,18
22547,104,95,9,9
22548,60,59,1,1
22549,70,69,1,1
22550,89,76,13,13
22551,122,102,20,20
22552,55,50,5,5
22553,141,122,19,19
22554,80,72,8,8
22555,97,87,10,10
22556,126,102,24,24
22557,73,70,3,3
22558,63,65,-2,2
22559,151,121,30,30
22560,109,94,15,15
22561,161,143,18,18
22562,80,71,9,9
22563,126,100,26,26
22564,89,74,15,15
22565,95,80,15,15
22566,163,132,31,31
22567,121,99,22,22
22568,80,74,6,6
22569,79,63,16,16
22570,94,79,15,15
22571,143,122,21,21
22572,95,82,13,13
22573,108,97,11,11
22574,94,87,7,7
22575,102,86,16,16
22576,84,80,4,4
22577,80,70,10,10
22578,135,115,20,20
22579,98,74,24,24
22580,113,104,9,9
22581,85,89,-4,4
22582,97,83,14,14
22583,67,62,5,5
22584,135,117,18,18
22585,31,30,1,1
22586,154,140,14,14
22587,136,120,16,16
22588,35,28,7,7
22589,145,123,22,22
22590,76,64,12,12
22591,89,85,4,4
22592,84,83,1,1
22593,82,88,-6,6
22594,76,65,11,11
22595,88,83,5,5
22596,85,69,16,16
22597,109,108,1,1
22598,165,142,23,23
22599,88,87,1,1
22600,54,51,3,3
22601,93,74,19,19
22602,66,63,3,3
22603,75,70,5,5
22604,55,50,5,5
22605,72,67,5,5
22606,113,99,14,14
22607,127,112,15,15
22608,53,47,6,6
22609,94,87,7,7
22610,90,82,8,8
22611,65,67,-2,2
22612,60,59,1,1
22613,59,41,18,18
22614,107,93,14,14
22615,93,94,-1,1
22616,128,107,21,21
22617,55,53,2,2
22618,93,84,9,9
22619,79,67,12,12
22620,148,120,28,28
22621,129,113,16,16
22622,51,55,-4,4
22623,92,83,9,9
22624,93,98,-5,5
22625,114,105,9,9
22626,72,67,5,5
22627,92,88,4,4
22628,81,68,13,13
22629,69,70,-1,1
22630,93,79,14,14
22631,189,162,27,27
22632,71,65,6,6
22633,87,75,12,12
22634,48,73,-25,25
22635,94,80,14,14
22636,116,118,-2,2
22637,62,63,-1,1
22638,240,198,42,42
22639,104,90,14,14
22640,80,78,2,2
22641,66,51,15,15
22642,100,83,17,17
22643,133,118,15,15
22644,103,88,15,15
22645,137,129,8,8
22646,165,138,27,27
22647,125,109,16,16
22648,86,73,13,13
22649,95,80,15,15
22650,103,101,2,2
22651,140,110,30,30
22652,95,88,7,7
22653,68,63,5,5
22654,52,48,4,4
22655,77,66,11,11
22656,121,103,18,18
22657,107,99,8,8
22658,98,86,12,12
22659,100,85,15,15
22660,81,73,8,8
22661,46,39,7,7
22662,162,144,18,18
22663,136,114,22,22
22664,85,80,5,5
22665,83,68,15,15
22666,135,112,23,23
22667,39,37,2,2
22668,61,56,5,5
22669,73,54,19,19
22670,87,67,20,20
22671,76,71,5,5
22672,84,92,-8,8
22673,94,75,19,19
22674,163,151,12,12
22675,80,77,3,3
22676,86,94,-8,8
22677,152,126,26,26
22678,100,99,1,1
22679,75,65,10,10
22680,92,78,14,14
22681,84,73,11,11
22682,144,126,18,18
22683,69,61,8,8
22684,109,103,6,6
22685,109,86,23,23
22686,88,66,22,22
22687,67,62,5,5
22688,115,98,17,17
22689,125,118,7,7
22690,95,90,5,5
22691,87,75,12,12
22692,98,89,9,9
22693,83,86,-3,3
22694,101,88,13,13
22695,51,42,9,9
22696,108,95,13,13
22697,136,126,10,10
22698,208,192,16,16
22699,121,106,15,15
22700,84,70,14,14
22701,86,71,15,15
22702,148,137,11,11
22703,110,107,3,3
22704,117,102,15,15
22705,96,88,8,8
22706,69,62,7,7
22707,137,118,19,19
22708,66,56,10,10
22709,89,67,22,22
22710,44,46,-2,2
22711,136,116,20,20
22712,128,103,25,25
22713,73,69,4,4
22714,155,143,12,12
22715,89,67,22,22
22716,87,67,20,20
22717,147,126,21,21
22718,64,57,7,7
22719,37,35,2,2
22720,122,106,16,16
22721,44,42,2,2
22722,126,112,14,14
22723,60,63,-3,3
22724,148,130,18,18
22725,134,119,15,15
22726,87,70,17,17
22727,135,128,7,7
22728,90,76,14,14
22729,60,53,7,7
22730,86,67,19,19
22731,150,137,13,13
22732,59,66,-7,7
22733,111,89,22,22
22734,54,48,6,6
22735,158,131,27,27
22736,135,108,27,27
22737,32,31,1,1
22738,63,58,5,5
22739,117,91,26,26
22740,83,77,6,6
22741,54,52,2,2
22742,151,131,20,20
22743,64,60,4,4
22744,44,42,2,2
22745,138,119,19,19
22746,48,52,-4,4
22747,123,102,21,21
22748,97,90,7,7
22749,59,56,3,3
22750,96,87,9,9
22751,19,27,-8,8
22752,112,100,12,12
22753,131,131,0,0
22754,153,136,17,17
22755,100,91,9,9
22756,183,160,23,23
22757,121,103,18,18
22758,129,112,17,17
22759,93,93,0,0
22760,89,84,5,5
22761,92,80,12,12
22762,81,94,-13,13
22763,133,115,18,18
22764,77,74,3,3
22765,63,57,6,6
22766,66,55,11,11
22767,74,75,-1,1
22768,150,141,9,9
22769,76,75,1,1
22770,68,54,14,14
22771,73,62,11,11
22772,93,81,12,12
22773,90,72,18,18
22774,81,86,-5,5
22775,59,47,12,12
22776,160,127,33,33
22777,47,40,7,7
22778,109,119,-10,10
22779,133,115,18,18
22780,114,106,8,8
22781,89,71,18,18
22782,86,72,14,14
22783,95,78,17,17
22784,149,141,8,8
22785,86,73,13,13
22786,112,99,13,13
22787,61,94,-33,33
22788,32,36,-4,4
22789,141,125,16,16
22790,106,90,16,16
22791,62,63,-1,1
22792,98,88,10,10
22793,169,124,45,45
22794,75,80,-5,5
22795,113,97,16,16
22796,69,63,6,6
22797,54,53,1,1
22798,72,71,1,1
22799,140,132,8,8
22800,86,82,4,4
22801,106,93,13,13
22802,81,72,9,9
22803,109,89,20,20
22804,120,96,24,24
22805,103,86,17,17
22806,201,162,39,39
22807,115,118,-3,3
22808,94,74,20,20
22809,110,110,0,0
22810,90,81,9,9
22811,117,98,19,19
22812,80,69,11,11
22813,136,117,19,19
22814,95,89,6,6
22815,121,96,25,25
22816,38,37,1,1
22817,100,80,20,20
22818,83,78,5,5
22819,102,90,12,12
22820,100,88,12,12
22821,67,63,4,4
22822,88,109,-21,21
22823,68,60,8,8
22824,145,127,18,18
22825,86,75,11,11
22826,107,90,17,17
22827,85,86,-1,1
22828,102,94,8,8
22829,132,120,12,12
22830,61,56,5,5
22831,70,58,12,12
22832,91,80,11,11
22833,139,126,13,13
22834,51,47,4,4
22835,39,37,2,2
22836,100,78,22,22
22837,93,84,9,9
22838,89,87,2,2
22839,92,89,3,3
22840,35,36,-1,1
22841,93,77,16,16
22842,64,60,4,4
22843,62,50,12,12
22844,102,75,27,27
22845,101,88,13,13
22846,93,82,11,11
22847,63,57,6,6
22848,88,78,10,10
22849,80,75,5,5
22850,134,96,38,38
22851,77,68,9,9
22852,73,67,6,6
22853,57,54,3,3
22854,118,78,40,40
22855,134,122,12,12
22856,127,113,14,14
22857,88,76,12,12
22858,91,79,12,12
22859,110,99,11,11
22860,46,41,5,5
22861,105,92,13,13
22862,103,100,3,3
22863,108,89,19,19
22864,93,89,4,4
22865,75,72,3,3
22866,131,118,13,13
22867,130,118,12,12
22868,89,77,12,12
22869,49,91,-42,42
22870,120,110,10,10
22871,151,146,5,5
22872,92,80,12,12
22873,77,73,4,4
22874,126,120,6,6
22875,100,91,9,9
22876,54,52,2,2
22877,110,93,17,17
22878,133,120,13,13
22879,119,112,7,7
22880,126,104,22,22
22881,42,38,4,4
22882,63,59,4,4
22883,170,152,18,18
22884,68,71,-3,3
22885,114,99,15,15
22886,115,91,24,24
22887,64,63,1,1
22888,90,81,9,9
22889,126,100,26,26
22890,72,76,-4,4
22891,116,122,-6,6
22892,151,141,10,10
22893,98,72,26,26
22894,135,114,21,21
22895,132,109,23,23
22896,166,139,27,27
22897,109,94,15,15
22898,73,61,12,12
22899,43,40,3,3
22900,60,54,6,6
22901,95,90,5,5
22902,185,155,30,30
22903,116,103,13,13
22904,120,107,13,13
22905,117,100,17,17
22906,80,78,2,2
22907,54,53,1,1
22908,94,85,9,9
22909,104,97,7,7
22910,167,157,10,10
22911,183,164,19,19
22912,125,115,10,10
22913,67,60,7,7
22914,127,103,24,24
22915,108,96,12,12
22916,110,97,13,13
22917,72,63,9,9
22918,76,69,7,7
22919,60,53,7,7
22920,127,102,25,25
22921,60,53,7,7
22922,117,100,17,17
22923,62,55,7,7
22924,98,79,19,19
22925,64,58,6,6
22926,90,77,13,13
22927,155,138,17,17
22928,69,61,8,8
22929,91,76,15,15
22930,91,74,17,17
22931,97,79,18,18
22932,116,96,20,20
22933,100,91,9,9
22934,81,71,10,10
22935,77,68,9,9
22936,46,39,7,7
22937,86,87,-1,1
22938,98,81,17,17
22939,128,93,35,35
22940,53,48,5,5
22941,86,76,10,10
22942,106,97,9,9
22943,118,103,15,15
22944,132,120,12,12
22945,179,163,16,16
22946,72,61,11,11
22947,57,50,7,7
22948,159,139,20,20
22949,56,56,0,0
22950,90,88,2,2
22951,84,76,8,8
22952,120,112,8,8
22953,99,79,20,20
22954,121,100,21,21
22955,96,87,9,9
22956,46,50,-4,4
22957,84,82,2,2
22958,79,70,9,9
22959,165,141,24,24
22960,72,64,8,8
22961,75,69,6,6
22962,116,106,10,10
22963,117,112,5,5
22964,95,78,17,17
22965,138,132,6,6
22966,64,60,4,4
22967,70,66,4,4
22968,51,47,4,4
22969,74,76,-2,2
22970,105,94,11,11
22971,137,121,16,16
22972,93,81,12,12
22973,72,70,2,2
22974,83,69,14,14
22975,113,95,18,18
22976,97,84,13,13
22977,76,70,6,6
22978,65,56,9,9
22979,159,139,20,20
22980,72,64,8,8
22981,127,107,20,20
22982,94,82,12,12
22983,83,72,11,11
22984,84,78,6,6
22985,60,56,4,4
22986,100,94,6,6
22987,108,98,10,10
22988,118,102,16,16
22989,76,67,9,9
22990,87,70,17,17
22991,50,47,3,3
22992,38,37,1,1
22993,146,117,29,29
22994,114,102,12,12
22995,52,49,3,3
22996,84,78,6,6
22997,122,112,10,10
22998,102,86,16,16
22999,181,153,28,28
23000,98,84,14,14
23001,39,42,-3,3
23002,84,64,20,20
23003,145,103,42,42
23004,124,115,9,9
23005,110,109,1,1
23006,57,53,4,4
23007,88,74,14,14
23008,64,59,5,5
23009,195,166,29,29
23010,131,124,7,7
23011,124,110,14,14
23012,79,88,-9,9
23013,66,60,6,6
23014,100,97,3,3
23015,82,69,13,13
23016,81,76,5,5
23017,85,71,14,14
23018,192,174,18,18
23019,112,100,12,12
23020,166,142,24,24
23021,101,89,12,12
23022,82,65,17,17
23023,89,70,19,19
23024,94,76,18,18
23025,79,79,0,0
23026,108,102,6,6
23027,117,99,18,18
23028,123,105,18,18
23029,81,69,12,12
23030,87,72,15,15
23031,66,62,4,4
23032,35,35,0,0
23033,102,84,18,18
23034,145,120,25,25
23035,62,55,7,7
23036,121,103,18,18
23037,69,63,6,6
23038,142,119,23,23
23039,74,59,15,15
23040,92,76,16,16
23041,63,52,11,11
23042,71,67,4,4
23043,148,121,27,27
23044,72,70,2,2
23045,75,66,9,9
23046,118,108,10,10
23047,103,97,6,6
23048,136,108,28,28
23049,126,121,5,5
23050,93,90,3,3
23051,101,93,8,8
23052,133,111,22,22
23053,83,79,4,4
23054,91,84,7,7
23055,52,45,7,7
23056,100,90,10,10
23057,88,76,12,12
23058,80,77,3,3
23059,83,82,1,1
23060,90,77,13,13
23061,69,87,-18,18
23062,85,71,14,14
23063,107,88,19,19
23064,103,85,18,18
23065,60,54,6,6
23066,152,139,13,13
23067,40,38,2,2
23068,87,71,16,16
23069,78,64,14,14
23070,145,132,13,13
23071,47,46,1,1
23072,139,113,26,26
23073,94,81,13,13
23074,138,140,-2,2
23075,115,89,26,26
23076,94,85,9,9
23077,106,93,13,13
23078,85,70,15,15
23079,82,71,11,11
23080,61,54,7,7
23081,160,138,22,22
23082,157,145,12,12
23083,87,80,7,7
23084,135,110,25,25
23085,120,102,18,18
23086,104,89,15,15
23087,165,132,33,33
23088,88,77,11,11
23089,67,66,1,1
23090,87,73,14,14
23091,66,63,3,3
23092,74,65,9,9
23093,76,68,8,8
23094,62,59,3,3
23095,79,72,7,7
23096,91,82,9,9
23097,70,58,12,12
23098,148,124,24,24
23099,135,112,23,23
23100,74,72,2,2
23101,78,68,10,10
23102,93,82,11,11
23103,124,107,17,17
23104,129,119,10,10
23105,98,82,16,16
23106,72,62,10,10
23107,53,53,0,0
23108,138,121,17,17
23109,184,140,44,44
23110,85,77,8,8
23111,82,70,12,12
23112,105,100,5,5
23113,99,86,13,13
23114,65,61,4,4
23115,73,60,13,13
23116,66,56,10,10
23117,102,94,8,8
23118,85,70,15,15
23119,188,172,16,16
23120,81,190,-109,109
23121,124,108,16,16
23122,59,55,4,4
23123,108,96,12,12
23124,92,86,6,6
23125,100,87,13,13
23126,105,94,11,11
23127,93,85,8,8
23128,155,137,18,18
23129,71,62,9,9
23130,65,51,14,14
23131,94,80,14,14
23132,122,117,5,5
23133,70,63,7,7
23134,65,59,6,6
23135,160,140,20,20
23136,115,104,11,11
23137,134,123,11,11
23138,101,94,7,7
23139,105,92,13,13
23140,93,85,8,8
23141,94,76,18,18
23142,82,68,14,14
23143,90,79,11,11
23144,78,63,15,15
23145,145,128,17,17
23146,120,106,14,14
23147,94,83,11,11
23148,95,75,20,20
23149,115,117,-2,2
23150,49,43,6,6
23151,134,123,11,11
23152,88,76,12,12
23153,82,76,6,6
23154,67,53,14,14
23155,71,57,14,14
23156,56,60,-4,4
23157,88,74,14,14
23158,34,34,0,0
23159,62,68,-6,6
23160,82,76,6,6
23161,111,105,6,6
23162,48,44,4,4
23163,102,95,7,7
23164,143,121,22,22
23165,47,43,4,4
23166,76,67,9,9
23167,119,109,10,10
23168,64,56,8,8
23169,72,60,12,12
23170,141,123,18,18
23171,64,52,12,12
23172,127,104,23,23
23173,72,66,6,6
23174,111,96,15,15
23175,104,77,27,27
23176,77,72,5,5
23177,133,125,8,8
23178,113,97,16,16
23179,110,98,12,12
23180,89,77,12,12
23181,125,111,14,14
23182,127,100,27,27
23183,68,57,11,11
23184,99,95,4,4
23185,86,81,5,5
23186,111,99,12,12
23187,118,96,22,22
23188,74,69,5,5
23189,132,107,25,25
23190,99,85,14,14
23191,139,126,13,13
23192,107,97,10,10
23193,70,70,0,0
23194,77,63,14,14
23195,101,96,5,5
23196,103,91,12,12
23197,86,78,8,8
23198,104,83,21,21
23199,100,95,5,5
23200,150,125,25,25
23201,69,61,8,8
23202,129,113,16,16
23203,162,149,13,13
23204,111,108,3,3
23205,133,115,18,18
23206,87,76,11,11
23207,74,73,1,1
23208,95,92,3,3
23209,110,108,2,2
23210,124,112,12,12
23211,155,132,23,23
23212,74,58,16,16
23213,80,68,12,12
23214,90,76,14,14
23215,100,88,12,12
23216,112,87,25,25
23217,81,61,20,20
23218,73,71,2,2
23219,122,106,16,16
23220,130,113,17,17
23221,129,110,19,19
23222,123,105,18,18
23223,84,77,7,7
23224,63,59,4,4
23225,144,119,25,25
23226,91,143,-52,52
23227,66,67,-1,1
23228,95,82,13,13
23229,129,111,18,18
23230,75,67,8,8
23231,152,167,-15,15
23232,119,88,31,31
23233,107,95,12,12
23234,184,154,30,30
23235,84,79,5,5
23236,123,106,17,17
23237,167,130,37,37
23238,59,48,11,11
23239,68,65,3,3
23240,119,87,32,32
23241,77,60,17,17
23242,70,70,0,0
23243,79,65,14,14
23244,114,105,9,9
23245,75,64,11,11
23246,64,50,14,14
23247,127,105,22,22
23248,52,52,0,0
23249,67,55,12,12
23250,73,69,4,4
23251,85,71,14,14
23252,63,60,3,3
23253,88,70,18,18
23254,89,94,-5,5
23255,133,104,29,29
23256,82,74,8,8
23257,115,95,20,20
23258,97,89,8,8
23259,81,82,-1,1
23260,102,84,18,18
23261,68,54,14,14
23262,64,56,8,8
23263,70,62,8,8
23264,73,68,5,5
23265,59,59,0,0
23266,136,120,16,16
23267,103,98,5,5
23268,137,107,30,30
23269,73,67,6,6
23270,83,74,9,9
23271,95,77,18,18
23272,138,114,24,24
23273,86,71,15,15
23274,66,76,-10,10
23275,134,150,-16,16
23276,116,101,15,15
23277,70,64,6,6
23278,118,102,16,16
23279,131,113,18,18
23280,40,56,-16,16
23281,82,73,9,9
23282,78,66,12,12
23283,97,78,19,19
23284,89,86,3,3
23285,133,114,19,19
23286,76,64,12,12
23287,152,121,31,31
23288,92,79,13,13
23289,62,58,4,4
23290,179,140,39,39
23291,127,104,23,23
23292,115,100,15,15
23293,54,60,-6,6
23294,136,107,29,29
23295,76,74,2,2
23296,62,62,0,0
23297,78,69,9,9
23298,182,145,37,37
23299,67,60,7,7
23300,110,88,22,22
23301,92,75,17,17
23302,150,124,26,26
23303,122,113,9,9
23304,62,63,-1,1
23305,109,90,19,19
23306,123,104,19,19
23307,107,99,8,8
23308,50,54,-4,4
23309,62,59,3,3
23310,115,102,13,13
23311,41,42,-1,1
23312,106,94,12,12
23313,58,50,8,8
23314,67,58,9,9
23315,64,53,11,11
23316,71,80,-9,9
23317,83,79,4,4
23318,157,155,2,2
23319,90,81,9,9
23320,100,99,1,1
23321,92,85,7,7
23322,87,93,-6,6
23323,76,80,-4,4
23324,101,95,6,6
23325,56,44,12,12
23326,65,62,3,3
23327,70,64,6,6
23328,57,53,4,4
23329,112,127,-15,15
23330,50,60,-10,10
23331,47,49,-2,2
23332,140,139,1,1
23333,51,47,4,4
23334,61,64,-3,3
23335,78,70,8,8
23336,70,60,10,10
23337,98,81,17,17
23338,152,126,26,26
23339,99,91,8,8
23340,93,89,4,4
23341,90,78,12,12
23342,51,49,2,2
23343,94,78,16,16
23344,82,77,5,5
23345,137,125,12,12
23346,85,81,4,4
23347,131,125,6,6
23348,110,91,19,19
23349,70,60,10,10
23350,99,93,6,6
23351,146,121,25,25
23352,37,38,-1,1
23353,94,79,15,15
23354,124,108,16,16
23355,91,97,-6,6
23356,85,78,7,7
23357,58,56,2,2
23358,78,76,2,2
23359,62,60,2,2
23360,51,49,2,2
23361,85,83,2,2
23362,64,60,4,4
23363,108,106,2,2
23364,89,83,6,6
23365,120,107,13,13
23366,131,105,26,26
23367,50,48,2,2
23368,109,97,12,12
23369,82,69,13,13
23370,115,97,18,18
23371,121,103,18,18
23372,193,167,26,26
23373,66,58,8,8
23374,125,107,18,18
23375,64,60,4,4
23376,105,87,18,18
23377,47,46,1,1
23378,57,61,-4,4
23379,105,88,17,17
23380,124,112,12,12
23381,90,88,2,2
23382,126,104,22,22
23383,89,87,2,2
23384,122,103,19,19
23385,116,103,13,13
23386,80,63,17,17
23387,92,79,13,13
23388,62,76,-14,14
23389,144,129,15,15
23390,45,49,-4,4
23391,139,123,16,16
23392,117,99,18,18
23393,99,90,9,9
23394,98,87,11,11
23395,87,80,7,7
23396,171,130,41,41
23397,127,98,29,29
23398,114,98,16,16
23399,100,95,5,5
23400,71,73,-2,2
23401,143,116,27,27
23402,84,75,9,9
23403,89,73,16,16
23404,85,80,5,5
23405,69,61,8,8
23406,145,137,8,8
23407,115,104,11,11
23408,116,106,10,10
23409,114,104,10,10
23410,58,48,10,10
23411,79,67,12,12
23412,73,66,7,7
23413,114,107,7,7
23414,140,128,12,12
23415,92,89,3,3
23416,111,101,10,10
23417,131,124,7,7
23418,76,70,6,6
23419,94,85,9,9
23420,91,89,2,2
23421,76,65,11,11
23422,115,98,17,17
23423,65,56,9,9
23424,113,106,7,7
23425,85,82,3,3
23426,214,207,7,7
23427,211,181,30,30
23428,41,40,1,1
23429,78,68,10,10
23430,161,139,22,22
23431,79,68,11,11
23432,51,51,0,0
23433,103,95,8,8
23434,73,68,5,5
23435,55,55,0,0
23436,136,107,29,29
23437,131,121,10,10
23438,77,71,6,6
23439,80,69,11,11
23440,110,101,9,9
23441,54,50,4,4
23442,111,103,8,8
23443,84,78,6,6
23444,70,59,11,11
23445,70,60,10,10
23446,106,90,16,16
23447,97,88,9,9
23448,100,85,15,15
23449,135,125,10,10
23450,86,74,12,12
23451,42,35,7,7
23452,132,125,7,7
23453,73,66,7,7
23454,125,111,14,14
23455,83,78,5,5
23456,125,113,12,12
23457,120,106,14,14
23458,110,94,16,16
23459,197,164,33,33
23460,111,96,15,15
23461,86,83,3,3
23462,76,62,14,14
23463,150,127,23,23
23464,115,103,12,12
23465,89,86,3,3
23466,176,146,30,30
23467,64,64,0,0
23468,120,104,16,16
23469,121,103,18,18
23470,64,69,-5,5
23471,49,58,-9,9
23472,70,58,12,12
23473,112,97,15,15
23474,89,84,5,5
23475,107,93,14,14
23476,155,138,17,17
23477,73,68,5,5
23478,129,121,8,8
23479,161,136,25,25
23480,89,79,10,10
23481,113,101,12,12
23482,99,82,17,17
23483,127,114,13,13
23484,115,105,10,10
23485,78,69,9,9
23486,155,150,5,5
23487,54,46,8,8
23488,89,79,10,10
23489,115,97,18,18
23490,82,73,9,9
23491,165,143,22,22
23492,90,77,13,13
23493,87,78,9,9
23494,115,98,17,17
23495,70,62,8,8
23496,85,69,16,16
23497,101,89,12,12
23498,118,119,-1,1
23499,135,104,31,31
23500,74,67,7,7
23501,108,107,1,1
23502,134,116,18,18
23503,109,95,14,14
23504,77,69,8,8
23505,71,58,13,13
23506,78,64,14,14
23507,125,98,27,27
23508,90,78,12,12
23509,47,40,7,7
23510,89,80,9,9
23511,102,86,16,16
23512,94,85,9,9
23513,137,125,12,12
23514,110,91,19,19
23515,100,88,12,12
23516,125,105,20,20
23517,57,82,-25,25
23518,120,106,14,14
23519,149,127,22,22
23520,69,67,2,2
23521,91,88,3,3
23522,69,62,7,7
23523,143,122,21,21
23524,112,93,19,19
23525,108,88,20,20
23526,83,83,0,0
23527,102,96,6,6
23528,55,49,6,6
23529,101,86,15,15
23530,39,39,0,0
23531,173,156,17,17
23532,98,84,14,14
23533,136,116,20,20
23534,62,56,6,6
23535,188,143,45,45
23536,98,88,10,10
23537,132,113,19,19
23538,89,91,-2,2
23539,106,98,8,8
23540,101,99,2,2
23541,150,123,27,27
23542,194,159,35,35
23543,108,101,7,7
23544,78,79,-1,1
23545,70,62,8,8
23546,93,90,3,3
23547,65,66,-1,1
23548,113,92,21,21
23549,129,112,17,17
23550,94,88,6,6
23551,108,94,14,14
23552,90,84,6,6
23553,68,62,6,6
23554,98,91,7,7
23555,96,99,-3,3
23556,85,86,-1,1
23557,137,126,11,11
23558,112,101,11,11
23559,168,142,26,26
23560,87,84,3,3
23561,134,115,19,19
23562,75,71,4,4
23563,135,114,21,21
23564,81,71,10,10
23565,96,94,2,2
23566,91,87,4,4
23567,104,81,23,23
23568,105,89,16,16
23569,56,49,7,7
23570,111,95,16,16
23571,56,59,-3,3
23572,62,55,7,7
23573,103,91,12,12
23574,144,133,11,11
23575,101,88,13,13
23576,79,67,12,12
23577,102,85,17,17
23578,121,108,13,13
23579,140,121,19,19
23580,135,121,14,14
23581,80,69,11,11
23582,51,53,-2,2
23583,152,130,22,22
23584,94,86,8,8
23585,52,41,11,11
23586,78,73,5,5
23587,82,74,8,8
23588,75,64,11,11
23589,117,103,14,14
23590,136,118,18,18
23591,92,82,10,10
23592,55,44,11,11
23593,126,104,22,22
23594,55,53,2,2
23595,43,39,4,4
23596,83,81,2,2
23597,116,113,3,3
23598,113,101,12,12
23599,60,55,5,5
23600,100,93,7,7
23601,100,97,3,3
23602,113,99,14,14
23603,123,126,-3,3
23604,69,64,5,5
23605,113,117,-4,4
23606,71,68,3,3
23607,132,111,21,21
23608,151,132,19,19
23609,57,53,4,4
23610,105,94,11,11
23611,188,152,36,36
23612,79,66,13,13
23613,151,134,17,17
23614,137,126,11,11
23615,42,43,-1,1
23616,144,126,18,18
23617,41,45,-4,4
23618,82,73,9,9
23619,91,75,16,16
23620,65,62,3,3
23621,65,60,5,5
23622,103,95,8,8
23623,116,101,15,15
23624,149,134,15,15
23625,202,167,35,35
23626,61,55,6,6
23627,78,69,9,9
23628,154,125,29,29
23629,87,81,6,6
23630,93,78,15,15
23631,134,120,14,14
23632,116,108,8,8
23633,124,117,7,7
23634,148,130,18,18
23635,140,127,13,13
23636,69,58,11,11
23637,107,97,10,10
23638,99,85,14,14
23639,137,115,22,22
23640,165,128,37,37
23641,102,85,17,17
23642,116,98,18,18
23643,95,72,23,23
23644,86,94,-8,8
23645,88,88,0,0
23646,108,96,12,12
23647,153,139,14,14
23648,69,60,9,9
23649,76,66,10,10
23650,103,91,12,12
23651,79,81,-2,2
23652,129,103,26,26
23653,87,79,8,8
23654,67,61,6,6
23655,81,72,9,9
23656,118,103,15,15
23657,69,59,10,10
23658,63,62,1,1
23659,77,70,7,7
23660,113,98,15,15
23661,143,127,16,16
23662,57,54,3,3
23663,86,78,8,8
23664,36,50,-14,14
23665,128,101,27,27
23666,111,96,15,15
23667,68,65,3,3
23668,60,61,-1,1
23669,90,80,10,10
23670,99,87,12,12
23671,80,67,13,13
23672,79,79,0,0
23673,84,78,6,6
23674,77,61,16,16
23675,132,117,15,15
23676,94,62,32,32
23677,95,87,8,8
23678,67,62,5,5
23679,134,111,23,23
23680,148,133,15,15
23681,92,78,14,14
23682,85,68,17,17
23683,69,70,-1,1
23684,107,104,3,3
23685,113,118,-5,5
23686,49,46,3,3
23687,31,33,-2,2
23688,72,70,2,2
23689,135,122,13,13
23690,126,105,21,21
23691,67,59,8,8
23692,70,70,0,0
23693,64,59,5,5
23694,70,77,-7,7
23695,88,71,17,17
23696,66,65,1,1
23697,80,80,0,0
23698,82,86,-4,4
23699,85,79,6,6
23700,128,114,14,14
23701,116,102,14,14
23702,74,60,14,14
23703,107,94,13,13
23704,74,66,8,8
23705,133,107,26,26
23706,91,78,13,13
23707,100,92,8,8
23708,90,73,17,17
23709,41,44,-3,3
23710,117,102,15,15
23711,91,85,6,6
23712,108,109,-1,1
23713,61,56,5,5
23714,201,169,32,32
23715,112,98,14,14
23716,62,54,8,8
23717,70,64,6,6
23718,79,69,10,10
23719,85,69,16,16
23720,138,115,23,23
23721,132,117,15,15
23722,46,49,-3,3
23723,172,153,19,19
23724,120,99,21,21
23725,120,103,17,17
23726,96,90,6,6
23727,108,92,16,16
23728,125,118,7,7
23729,72,71,1,1
23730,110,89,21,21
23731,51,54,-3,3
23732,127,113,14,14
23733,109,102,7,7
23734,70,61,9,9
23735,91,80,11,11
23736,53,57,-4,4
23737,195,173,22,22
23738,63,58,5,5
23739,97,90,7,7
23740,109,91,18,18
23741,116,106,10,10
23742,52,54,-2,2
23743,66,69,-3,3
23744,70,59,11,11
23745,143,130,13,13
23746,61,92,-31,31
23747,105,84,21,21
23748,58,50,8,8
23749,141,128,13,13
23750,64,54,10,10
23751,126,111,15,15
23752,154,135,19,19
23753,103,84,19,19
23754,54,51,3,3
23755,100,92,8,8
23756,99,90,9,9
23757,84,81,3,3
23758,67,63,4,4
23759,51,55,-4,4
23760,118,108,10,10
23761,139,114,25,25
23762,83,75,8,8
23763,127,115,12,12
23764,98,84,14,14
23765,86,74,12,12
23766,53,49,4,4
23767,111,105,6,6
23768,82,75,7,7
23769,101,83,18,18
23770,79,73,6,6
23771,82,81,1,1
23772,101,81,20,20
23773,172,141,31,31
23774,49,52,-3,3
23775,144,122,22,22
23776,79,69,10,10
23777,71,69,2,2
23778,109,102,7,7
23779,97,83,14,14
23780,134,114,20,20
23781,139,142,-3,3
23782,103,90,13,13
23783,104,88,16,16
23784,45,49,-4,4
23785,124,121,3,3
23786,77,74,3,3
23787,92,86,6,6
23788,54,48,6,6
23789,96,86,10,10
23790,77,64,13,13
23791,99,82,17,17
23792,46,42,4,4
23793,128,117,11,11
23794,114,110,4,4
23795,183,157,26,26
23796,74,67,7,7
23797,152,126,26,26
23798,95,77,18,18
23799,84,65,19,19
23800,103,91,12,12
23801,118,101,17,17
23802,82,89,-7,7
23803,161,153,8,8
23804,93,76,17,17
23805,91,74,17,17
23806,106,91,15,15
23807,91,77,14,14
23808,52,50,2,2
23809,89,78,11,11
23810,80,73,7,7
23811,112,107,5,5
23812,69,58,11,11
23813,68,60,8,8
23814,219,186,33,33
23815,89,84,5,5
23816,127,111,16,16
23817,84,86,-2,2
23818,85,73,12,12
23819,28,41,-13,13
23820,141,119,22,22
23821,92,86,6,6
23822,130,109,21,21
23823,59,57,2,2
23824,143,117,26,26
23825,145,121,24,24
23826,73,65,8,8
23827,177,156,21,21
23828,169,138,31,31
23829,54,47,7,7
23830,128,104,24,24
23831,52,51,1,1
23832,129,117,12,12
23833,99,91,8,8
23834,119,92,27,27
23835,75,71,4,4
23836,119,99,20,20
23837,103,88,15,15
23838,130,115,15,15
23839,119,101,18,18
23840,100,85,15,15
23841,159,150,9,9
23842,75,62,13,13
23843,86,78,8,8
23844,123,110,13,13
23845,74,70,4,4
23846,50,55,-5,5
23847,57,44,13,13
23848,50,49,1,1
23849,71,67,4,4
23850,96,83,13,13
23851,76,65,11,11
23852,130,110,20,20
23853,62,66,-4,4
23854,92,79,13,13
23855,98,94,4,4
23856,67,54,13,13
23857,231,198,33,33
23858,68,53,15,15
23859,59,50,9,9
23860,82,63,19,19
23861,67,61,6,6
23862,88,72,16,16
23863,138,109,29,29
23864,81,62,19,19
23865,117,103,14,14
23866,67,64,3,3
23867,57,57,0,0
23868,53,49,4,4
23869,87,77,10,10
23870,123,114,9,9
23871,128,112,16,16
23872,80,75,5,5
23873,95,82,13,13
23874,105,96,9,9
23875,92,84,8,8
23876,97,81,16,16
23877,96,92,4,4
23878,114,93,21,21
23879,57,55,2,2
23880,174,144,30,30
23881,98,85,13,13
23882,96,78,18,18
23883,34,48,-14,14
23884,53,49,4,4
23885,70,63,7,7
23886,100,95,5,5
23887,112,104,8,8
23888,86,81,5,5
23889,106,90,16,16
23890,75,70,5,5
23891,97,99,-2,2
23892,93,87,6,6
23893,105,77,28,28
23894,108,94,14,14
23895,137,128,9,9
23896,99,94,5,5
23897,71,64,7,7
23898,157,141,16,16
23899,111,100,11,11
23900,102,83,19,19
23901,144,123,21,21
23902,86,74,12,12
23903,63,68,-5,5
23904,97,78,19,19
23905,30,30,0,0
23906,77,71,6,6
23907,111,93,18,18
23908,77,66,11,11
23909,41,38,3,3
23910,82,78,4,4
23911,144,124,20,20
23912,117,103,14,14
23913,94,78,16,16
23914,58,51,7,7
23915,101,88,13,13
23916,105,86,19,19
23917,99,96,3,3
23918,88,74,14,14
23919,69,69,0,0
23920,67,55,12,12
23921,51,55,-4,4
23922,120,104,16,16
23923,60,57,3,3
23924,90,78,12,12
23925,81,71,10,10
23926,163,153,10,10
23927,142,120,22,22
23928,65,61,4,4
23929,156,138,18,18
23930,52,45,7,7
23931,74,60,14,14
23932,115,101,14,14
23933,126,119,7,7
23934,48,42,6,6
23935,129,120,9,9
23936,160,135,25,25
23937,110,107,3,3
23938,121,114,7,7
23939,97,83,14,14
23940,110,122,-12,12
23941,135,118,17,17
23942,153,136,17,17
23943,103,113,-10,10
23944,103,89,14,14
23945,119,99,20,20
23946,76,76,0,0
23947,195,182,13,13
23948,57,53,4,4
23949,59,63,-4,4
23950,146,134,12,12
23951,91,71,20,20
23952,101,86,15,15
23953,240,185,55,55
23954,88,82,6,6
23955,83,66,17,17
23956,77,69,8,8
23957,82,85,-3,3
23958,82,84,-2,2
23959,119,98,21,21
23960,106,89,17,17
23961,101,99,2,2
23962,78,73,5,5
23963,82,69,13,13
23964,82,74,8,8
23965,126,101,25,25
23966,87,86,1,1
23967,96,85,11,11
23968,68,61,7,7
23969,100,84,16,16
23970,71,69,2,2
23971,91,90,1,1
23972,118,103,15,15
23973,93,85,8,8
23974,87,79,8,8
23975,75,72,3,3
23976,64,55,9,9
23977,94,82,12,12
23978,45,45,0,0
23979,97,76,21,21
23980,115,99,16,16
23981,84,70,14,14
23982,139,115,24,24
23983,155,146,9,9
23984,65,61,4,4
23985,72,68,4,4
23986,65,62,3,3
23987,45,40,5,5
23988,92,87,5,5
23989,148,129,19,19
23990,163,129,34,34
23991,80,66,14,14
23992,131,106,25,25
23993,74,73,1,1
23994,62,59,3,3
23995,65,55,10,10
23996,110,86,24,24
23997,119,84,35,35
23998,110,95,15,15
23999,89,84,5,5
24000,104,102,2,2
24001,110,106,4,4
24002,83,68,15,15
24003,134,118,16,16
24004,110,101,9,9
24005,74,73,1,1
24006,152,137,15,15
24007,103,91,12,12
24008,47,45,2,2
24009,104,89,15,15
24010,59,58,1,1
24011,76,58,18,18
24012,82,75,7,7
24013,100,93,7,7
24014,127,113,14,14
24015,70,60,10,10
24016,71,70,1,1
24017,83,82,1,1
24018,80,72,8,8
24019,102,94,8,8
24020,70,72,-2,2
24021,89,77,12,12
24022,75,67,8,8
24023,104,90,14,14
24024,84,65,19,19
24025,56,53,3,3
24026,55,56,-1,1
24027,141,139,2,2
24028,82,75,7,7
24029,182,151,31,31
24030,154,140,14,14
24031,86,78,8,8
24032,78,70,8,8
24033,91,80,11,11
24034,115,105,10,10
24035,112,106,6,6
24036,98,104,-6,6
24037,83,69,14,14
24038,58,55,3,3
24039,72,64,8,8
24040,46,51,-5,5
24041,54,50,4,4
24042,99,89,10,10
24043,100,113,-13,13
24044,114,104,10,10
24045,56,46,10,10
24046,49,50,-1,1
24047,63,52,11,11
24048,63,56,7,7
24049,72,64,8,8
24050,97,85,12,12
24051,59,56,3,3
24052,123,115,8,8
24053,109,103,6,6
24054,108,94,14,14
24055,95,92,3,3
24056,94,79,15,15
24057,59,57,2,2
24058,80,76,4,4
24059,140,124,16,16
24060,102,93,9,9
24061,65,63,2,2
24062,117,100,17,17
24063,63,51,12,12
24064,77,76,1,1
24065,137,89,48,48
24066,114,104,10,10
24067,78,63,15,15
24068,45,42,3,3
24069,84,80,4,4
24070,96,98,-2,2
24071,62,60,2,2
24072,67,67,0,0
24073,178,141,37,37
24074,78,78,0,0
24075,112,99,13,13
24076,99,74,25,25
24077,94,88,6,6
24078,86,65,21,21
24079,116,99,17,17
24080,64,55,9,9
24081,51,45,6,6
24082,176,133,43,43
24083,120,97,23,23
24084,121,94,27,27
24085,84,74,10,10
24086,108,95,13,13
24087,97,86,11,11
24088,91,82,9,9
24089,117,106,11,11
24090,102,82,20,20
24091,53,46,7,7
24092,82,71,11,11
24093,63,58,5,5
24094,50,81,-31,31
24095,121,100,21,21
24096,33,42,-9,9
24097,75,66,9,9
24098,98,90,8,8
24099,95,80,15,15
24100,94,82,12,12
24101,43,41,2,2
24102,88,90,-2,2
24103,72,66,6,6
24104,118,100,18,18
24105,76,73,3,3
24106,58,52,6,6
24107,104,78,26,26
24108,115,100,15,15
24109,63,53,10,10
24110,105,98,7,7
24111,59,51,8,8
24112,58,51,7,7
24113,146,123,23,23
24114,82,78,4,4
24115,114,109,5,5
24116,95,81,14,14
24117,46,45,1,1
24118,122,103,19,19
24119,78,71,7,7
24120,97,83,14,14
24121,111,99,12,12
24122,161,131,30,30
24123,157,145,12,12
24124,90,87,3,3
24125,69,59,10,10
24126,78,68,10,10
24127,111,95,16,16
24128,56,48,8,8
24129,83,63,20,20
24130,186,157,29,29
24131,76,73,3,3
24132,76,72,4,4
24133,136,122,14,14
24134,87,76,11,11
24135,87,72,15,15
24136,72,55,17,17
24137,64,66,-2,2
24138,162,145,17,17
24139,59,56,3,3
24140,77,65,12,12
24141,58,53,5,5
24142,65,55,10,10
24143,103,83,20,20
24144,74,69,5,5
24145,83,65,18,18
24146,62,54,8,8
24147,115,94,21,21
24148,88,84,4,4
24149,79,76,3,3
24150,102,90,12,12
24151,76,65,11,11
24152,72,67,5,5
24153,127,118,9,9
24154,57,54,3,3
24155,123,114,9,9
24156,108,94,14,14
24157,179,144,35,35
24158,56,71,-15,15
24159,129,123,6,6
24160,76,72,4,4
24161,160,122,38,38
24162,108,89,19,19
24163,65,60,5,5
24164,80,68,12,12
24165,68,72,-4,4
24166,125,137,-12,12
24167,55,52,3,3
24168,101,96,5,5
24169,102,86,16,16
24170,151,138,13,13
24171,98,112,-14,14
24172,72,74,-2,2
24173,124,109,15,15
24174,113,94,19,19
24175,84,66,18,18
24176,51,52,-1,1
24177,73,65,8,8
24178,58,45,13,13
24179,103,93,10,10
24180,89,68,21,21
24181,103,98,5,5
24182,122,109,13,13
24183,62,59,3,3
24184,152,125,27,27
24185,49,47,2,2
24186,76,70,6,6
24187,107,90,17,17
24188,63,70,-7,7
24189,132,116,16,16
24190,167,100,67,67
24191,105,88,17,17
24192,160,143,17,17
24193,86,76,10,10
24194,105,88,17,17
24195,88,79,9,9
24196,102,87,15,15
24197,102,103,-1,1
24198,101,104,-3,3
24199,48,49,-1,1
24200,131,120,11,11
24201,45,37,8,8
24202,100,89,11,11
24203,77,67,10,10
24204,131,124,7,7
24205,106,95,11,11
24206,115,100,15,15
24207,140,116,24,24
24208,111,105,6,6
24209,100,94,6,6
24210,55,54,1,1
24211,80,67,13,13
24212,98,91,7,7
24213,61,50,11,11
24214,106,89,17,17
24215,91,84,7,7
24216,96,83,13,13
24217,88,75,13,13
24218,79,74,5,5
24219,108,107,1,1
24220,108,102,6,6
24221,137,109,28,28
24222,110,98,12,12
24223,67,61,6,6
24224,81,69,12,12
24225,74,67,7,7
24226,95,93,2,2
24227,36,32,4,4
24228,96,86,10,10
24229,80,77,3,3
24230,86,71,15,15
24231,145,139,6,6
24232,163,145,18,18
24233,57,49,8,8
24234,91,88,3,3
24235,100,95,5,5
24236,55,47,8,8
24237,118,101,17,17
24238,183,163,20,20
24239,79,74,5,5
24240,82,62,20,20
24241,107,95,12,12
24242,47,45,2,2
24243,103,98,5,5
24244,78,68,10,10
24245,114,106,8,8
24246,127,109,18,18
24247,65,62,3,3
24248,149,144,5,5
24249,72,62,10,10
24250,75,68,7,7
24251,99,88,11,11
24252,91,80,11,11
24253,50,55,-5,5
24254,116,101,15,15
24255,150,122,28,28
24256,136,127,9,9
24257,145,92,53,53
24258,64,63,1,1
24259,81,72,9,9
24260,76,63,13,13
24261,91,71,20,20
24262,64,53,11,11
24263,52,54,-2,2
24264,85,78,7,7
24265,93,86,7,7
24266,80,80,0,0
24267,84,80,4,4
24268,71,62,9,9
24269,73,63,10,10
24270,54,54,0,0
24271,87,70,17,17
24272,88,87,1,1
24273,50,51,-1,1
24274,122,102,20,20
24275,98,88,10,10
24276,82,67,15,15
24277,173,145,28,28
24278,78,67,11,11
24279,106,90,16,16
24280,103,101,2,2
24281,78,66,12,12
24282,57,54,3,3
24283,125,121,4,4
24284,103,99,4,4
24285,100,89,11,11
24286,78,71,7,7
24287,122,100,22,22
24288,122,119,3,3
24289,135,114,21,21
24290,110,84,26,26
24291,174,143,31,31
24292,54,50,4,4
24293,43,39,4,4
24294,82,70,12,12
24295,91,74,17,17
24296,104,85,19,19
24297,148,124,24,24
24298,30,31,-1,1
24299,115,96,19,19
24300,122,104,18,18
24301,126,106,20,20
24302,68,66,2,2
24303,119,92,27,27
24304,124,119,5,5
24305,81,62,19,19
24306,74,62,12,12
24307,75,67,8,8
24308,57,57,0,0
24309,92,68,24,24
24310,79,65,14,14
24311,118,111,7,7
24312,62,59,3,3
24313,86,69,17,17
24314,57,45,12,12
24315,93,95,-2,2
24316,111,90,21,21
24317,77,69,8,8
24318,66,65,1,1
24319,142,96,46,46
24320,117,93,24,24
24321,48,45,3,3
24322,195,160,35,35
24323,100,91,9,9
24324,103,79,24,24
24325,59,63,-4,4
24326,76,67,9,9
24327,108,97,11,11
24328,127,115,12,12
24329,91,72,19,19
24330,67,65,2,2
24331,157,133,24,24
24332,120,118,2,2
24333,79,72,7,7
24334,95,86,9,9
24335,103,94,9,9
24336,126,111,15,15
24337,73,89,-16,16
24338,53,57,-4,4
24339,126,114,12,12
24340,78,66,12,12
24341,128,115,13,13
24342,51,51,0,0
24343,76,66,10,10
24344,130,118,12,12
24345,87,80,7,7
24346,76,72,4,4
24347,71,61,10,10
24348,115,102,13,13
24349,119,105,14,14
24350,75,67,8,8
24351,75,78,-3,3
24352,93,79,14,14
24353,128,122,6,6
24354,127,144,-17,17
24355,94,86,8,8
24356,133,110,23,23
24357,53,42,11,11
24358,146,121,25,25
24359,117,116,1,1
24360,74,66,8,8
24361,126,111,15,15
24362,41,45,-4,4
24363,143,128,15,15
24364,90,80,10,10
24365,73,70,3,3
24366,156,135,21,21
24367,72,63,9,9
24368,59,51,8,8
24369,27,38,-11,11
24370,93,86,7,7
24371,87,82,5,5
24372,44,47,-3,3
24373,182,164,18,18
24374,90,81,9,9
24375,170,138,32,32
24376,128,116,12,12
24377,102,84,18,18
24378,99,88,11,11
24379,106,90,16,16
24380,86,72,14,14
24381,127,102,25,25
24382,99,78,21,21
24383,101,93,8,8
24384,155,134,21,21
24385,184,147,37,37
24386,98,86,12,12
24387,95,87,8,8
24388,108,121,-13,13
24389,103,97,6,6
24390,147,130,17,17
24391,100,84,16,16
24392,76,87,-11,11
24393,308,213,95,95
24394,71,57,14,14
24395,80,75,5,5
24396,88,73,15,15
24397,92,93,-1,1
24398,105,99,6,6
24399,63,64,-1,1
24400,89,76,13,13
24401,77,79,-2,2
24402,94,84,10,10
24403,72,77,-5,5
24404,65,56,9,9
24405,132,111,21,21
24406,90,78,12,12
24407,83,74,9,9
24408,35,65,-30,30
24409,163,140,23,23
24410,73,63,10,10
24411,117,106,11,11
24412,87,74,13,13
24413,70,68,2,2
24414,189,158,31,31
24415,81,70,11,11
24416,59,62,-3,3
24417,110,106,4,4
24418,103,99,4,4
24419,89,83,6,6
24420,90,72,18,18
24421,475,377,98,98
24422,66,54,12,12
24423,97,90,7,7
24424,89,73,16,16
24425,106,93,13,13
24426,81,71,10,10
24427,143,127,16,16
24428,113,99,14,14
24429,83,78,5,5
24430,276,182,94,94
24431,88,75,13,13
24432,91,87,4,4
24433,179,144,35,35
24434,175,119,56,56
24435,86,77,9,9
24436,60,55,5,5
24437,86,78,8,8
24438,104,88,16,16
24439,144,126,18,18
24440,93,82,11,11
24441,98,88,10,10
24442,59,60,-1,1
24443,112,130,-18,18
24444,98,98,0,0
24445,60,55,5,5
24446,72,61,11,11
24447,42,44,-2,2
24448,57,51,6,6
24449,138,115,23,23
24450,99,85,14,14
24451,134,122,12,12
24452,96,71,25,25
24453,101,90,11,11
24454,88,91,-3,3
24455,79,75,4,4
24456,61,51,10,10
24457,77,59,18,18
24458,119,105,14,14
24459,124,106,18,18
24460,77,73,4,4
24461,81,73,8,8
24462,70,63,7,7
24463,120,119,1,1
24464,90,87,3,3
24465,88,83,5,5
24466,49,44,5,5
24467,70,61,9,9
24468,90,79,11,11
24469,70,60,10,10
24470,119,97,22,22
24471,99,89,10,10
24472,79,75,4,4
24473,112,97,15,15
24474,63,60,3,3
24475,40,43,-3,3
24476,145,124,21,21
24477,82,70,12,12
24478,87,77,10,10
24479,75,62,13,13
24480,71,63,8,8
24481,84,70,14,14
24482,85,70,15,15
24483,101,85,16,16
24484,111,86,25,25
24485,90,82,8,8
24486,63,57,6,6
24487,174,160,14,14
24488,106,91,15,15
24489,64,63,1,1
24490,33,34,-1,1
24491,100,100,0,0
24492,185,146,39,39
24493,68,62,6,6
24494,29,30,-1,1
24495,45,44,1,1
24496,58,55,3,3
24497,120,99,21,21
24498,124,100,24,24
24499,70,59,11,11
24500,104,98,6,6
24501,101,85,16,16
24502,92,83,9,9
24503,81,67,14,14
24504,59,53,6,6
24505,84,74,10,10
24506,67,64,3,3
24507,105,87,18,18
24508,81,73,8,8
24509,56,53,3,3
24510,115,106,9,9
24511,117,100,17,17
24512,95,80,15,15
24513,134,111,23,23
24514,89,83,6,6
24515,136,121,15,15
24516,100,90,10,10
24517,95,95,0,0
24518,73,68,5,5
24519,58,61,-3,3
24520,157,131,26,26
24521,77,68,9,9
24522,54,37,17,17
24523,90,91,-1,1
24524,85,81,4,4
24525,71,64,7,7
24526,73,65,8,8
24527,87,77,10,10
24528,57,55,2,2
24529,64,58,6,6
24530,72,64,8,8
24531,184,143,41,41
24532,152,108,44,44
24533,88,80,8,8
24534,90,77,13,13
24535,96,93,3,3
24536,117,95,22,22
24537,65,56,9,9
24538,101,83,18,18
24539,130,119,11,11
24540,189,151,38,38
24541,80,75,5,5
24542,72,66,6,6
24543,99,92,7,7
24544,131,113,18,18
24545,120,116,4,4
24546,64,61,3,3
24547,59,44,15,15
24548,69,64,5,5
24549,44,47,-3,3
24550,85,85,0,0
24551,51,62,-11,11
24552,70,67,3,3
24553,61,62,-1,1
24554,110,111,-1,1
24555,69,67,2,2
24556,56,51,5,5
24557,125,127,-2,2
24558,91,74,17,17
24559,53,58,-5,5
24560,91,84,7,7
24561,42,41,1,1
24562,85,77,8,8
24563,33,33,0,0
24564,94,75,19,19
24565,143,125,18,18
24566,72,58,14,14
24567,85,75,10,10
24568,132,123,9,9
24569,103,88,15,15
24570,131,100,31,31
24571,72,64,8,8
24572,109,99,10,10
24573,104,93,11,11
24574,128,116,12,12
24575,147,127,20,20
24576,90,78,12,12
24577,44,45,-1,1
24578,84,75,9,9
24579,129,120,9,9
24580,76,81,-5,5
24581,82,83,-1,1
24582,155,118,37,37
24583,141,115,26,26
24584,110,110,0,0
24585,117,109,8,8
24586,112,102,10,10
24587,109,102,7,7
24588,63,47,16,16
24589,68,62,6,6
24590,140,117,23,23
24591,42,45,-3,3
24592,97,98,-1,1
24593,73,63,10,10
24594,49,41,8,8
24595,163,125,38,38
24596,116,103,13,13
24597,98,101,-3,3
24598,97,87,10,10
24599,76,69,7,7
24600,84,74,10,10
24601,52,42,10,10
24602,134,115,19,19
24603,62,51,11,11
24604,123,112,11,11
24605,55,49,6,6
24606,80,74,6,6
24607,77,68,9,9
24608,121,117,4,4
24609,45,46,-1,1
24610,66,60,6,6
24611,59,46,13,13
24612,45,48,-3,3
24613,63,57,6,6
24614,65,69,-4,4
24615,95,83,12,12
24616,84,72,12,12
24617,110,112,-2,2
24618,83,76,7,7
24619,133,104,29,29
24620,111,96,15,15
24621,69,63,6,6
24622,43,38,5,5
24623,97,92,5,5
24624,78,82,-4,4
24625,75,67,8,8
24626,130,106,24,24
24627,73,67,6,6
24628,156,147,9,9
24629,110,85,25,25
24630,132,118,14,14
24631,108,101,7,7
24632,97,88,9,9
24633,139,120,19,19
24634,88,76,12,12
24635,136,112,24,24
24636,115,95,20,20
24637,141,119,22,22
24638,125,109,16,16
24639,114,99,15,15
24640,127,110,17,17
24641,87,80,7,7
24642,126,112,14,14
24643,83,83,0,0
24644,68,57,11,11
24645,100,87,13,13
24646,67,63,4,4
24647,79,63,16,16
24648,123,107,16,16
24649,49,44,5,5
24650,73,84,-11,11
24651,105,88,17,17
24652,86,75,11,11
24653,78,80,-2,2
24654,97,80,17,17
24655,95,91,4,4
24656,46,47,-1,1
24657,105,102,3,3
24658,157,131,26,26
24659,97,99,-2,2
24660,130,110,20,20
24661,114,115,-1,1
24662,56,53,3,3
24663,37,38,-1,1
24664,133,117,16,16
24665,80,88,-8,8
24666,56,50,6,6
24667,64,57,7,7
24668,78,72,6,6
24669,96,81,15,15
24670,90,77,13,13
24671,126,104,22,22
24672,85,77,8,8
24673,60,50,10,10
24674,92,78,14,14
24675,105,94,11,11
24676,92,83,9,9
24677,85,74,11,11
24678,187,149,38,38
24679,108,108,0,0
24680,64,53,11,11
24681,99,84,15,15
24682,92,84,8,8
24683,111,98,13,13
24684,83,66,17,17
24685,92,77,15,15
24686,68,55,13,13
24687,158,124,34,34
24688,54,47,7,7
24689,86,69,17,17
24690,94,83,11,11
24691,102,90,12,12
24692,55,49,6,6
24693,52,56,-4,4
24694,69,69,0,0
24695,97,84,13,13
24696,59,59,0,0
24697,86,75,11,11
24698,104,96,8,8
24699,119,113,6,6
24700,124,97,27,27
24701,99,88,11,11
24702,94,81,13,13
24703,129,121,8,8
24704,134,106,28,28
24705,58,60,-2,2
24706,131,108,23,23
24707,100,82,18,18
24708,97,79,18,18
24709,75,61,14,14
24710,133,117,16,16
24711,87,70,17,17
24712,76,68,8,8
24713,55,51,4,4
24714,167,150,17,17
24715,108,102,6,6
24716,64,58,6,6
24717,56,60,-4,4
24718,49,59,-10,10
24719,55,46,9,9
24720,80,89,-9,9
24721,55,51,4,4
24722,169,144,25,25
24723,156,135,21,21
24724,102,85,17,17
24725,94,81,13,13
24726,92,81,11,11
24727,116,117,-1,1
24728,120,110,10,10
24729,107,95,12,12
24730,113,102,11,11
24731,75,69,6,6
24732,67,56,11,11
24733,98,78,20,20
24734,193,158,35,35
24735,165,145,20,20
24736,92,72,20,20
24737,53,46,7,7
24738,82,84,-2,2
24739,113,108,5,5
24740,89,86,3,3
24741,93,76,17,17
24742,94,83,11,11
24743,87,74,13,13
24744,145,118,27,27
24745,142,120,22,22
24746,115,98,17,17
24747,82,78,4,4
24748,87,82,5,5
24749,74,61,13,13
24750,61,59,2,2
24751,125,104,21,21
24752,74,66,8,8
24753,129,112,17,17
24754,88,73,15,15
24755,93,85,8,8
24756,83,74,9,9
24757,123,102,21,21
24758,103,91,12,12
24759,136,124,12,12
24760,88,76,12,12
24761,94,81,13,13
24762,71,68,3,3
24763,80,77,3,3
24764,73,66,7,7
24765,90,71,19,19
24766,81,73,8,8
24767,85,83,2,2
24768,48,50,-2,2
24769,122,118,4,4
24770,120,104,16,16
24771,100,94,6,6
24772,123,103,20,20
24773,154,125,29,29
24774,49,52,-3,3
24775,110,85,25,25
24776,90,83,7,7
24777,103,87,16,16
24778,69,69,0,0
24779,113,96,17,17
24780,102,92,10,10
24781,80,96,-16,16
24782,45,43,2,2
24783,154,133,21,21
24784,116,96,20,20
24785,125,105,20,20
24786,182,144,38,38
24787,68,57,11,11
24788,82,62,20,20
24789,78,71,7,7
24790,60,65,-5,5
24791,119,99,20,20
24792,76,69,7,7
24793,102,91,11,11
24794,94,100,-6,6
24795,76,73,3,3
24796,52,46,6,6
24797,82,65,17,17
24798,117,107,10,10
24799,110,94,16,16
24800,165,135,30,30
24801,79,62,17,17
24802,132,111,21,21
24803,118,101,17,17
24804,95,80,15,15
24805,74,69,5,5
24806,52,63,-11,11
24807,104,98,6,6
24808,103,115,-12,12
24809,119,103,16,16
24810,99,89,10,10
24811,141,118,23,23
24812,62,53,9,9
24813,95,86,9,9
24814,115,101,14,14
24815,97,98,-1,1
24816,46,50,-4,4
24817,122,115,7,7
24818,121,110,11,11
24819,102,96,6,6
24820,148,126,22,22
24821,71,61,10,10
24822,114,90,24,24
24823,126,109,17,17
24824,84,73,11,11
24825,83,73,10,10
24826,101,77,24,24
24827,98,86,12,12
24828,121,101,20,20
24829,84,84,0,0
24830,56,59,-3,3
24831,90,68,22,22
24832,85,72,13,13
24833,87,75,12,12
24834,113,104,9,9
24835,140,125,15,15
24836,116,104,12,12
24837,120,116,4,4
24838,82,69,13,13
24839,150,125,25,25
24840,89,76,13,13
24841,72,64,8,8
24842,106,95,11,11
24843,66,65,1,1
24844,67,62,5,5
24845,78,67,11,11
24846,118,101,17,17
24847,83,87,-4,4
24848,133,125,8,8
24849,127,113,14,14
24850,178,149,29,29
24851,70,61,9,9
24852,50,47,3,3
24853,121,102,19,19
24854,127,111,16,16
24855,62,50,12,12
24856,74,67,7,7
24857,79,71,8,8
24858,95,82,13,13
24859,103,97,6,6
24860,113,92,21,21
24861,58,64,-6,6
24862,162,111,51,51
24863,43,42,1,1
24864,73,62,11,11
24865,60,56,4,4
24866,134,114,20,20
24867,66,62,4,4
24868,42,53,-11,11
24869,89,75,14,14
24870,82,64,18,18
24871,133,116,17,17
24872,28,29,-1,1
24873,120,96,24,24
24874,60,51,9,9
24875,59,60,-1,1
24876,54,48,6,6
24877,81,77,4,4
24878,102,89,13,13
24879,47,47,0,0
24880,90,68,22,22
24881,123,99,24,24
24882,83,72,11,11
24883,92,95,-3,3
24884,105,92,13,13
24885,108,84,24,24
24886,114,110,4,4
24887,57,55,2,2
24888,67,60,7,7
24889,85,83,2,2
24890,68,63,5,5
24891,55,49,6,6
24892,93,79,14,14
24893,61,59,2,2
24894,61,54,7,7
24895,87,76,11,11
24896,85,74,11,11
24897,88,81,7,7
24898,57,51,6,6
24899,65,60,5,5
24900,58,55,3,3
24901,118,103,15,15
24902,94,87,7,7
24903,164,145,19,19
24904,74,69,5,5
24905,106,138,-32,32
24906,97,101,-4,4
24907,117,101,16,16
24908,123,114,9,9
24909,72,72,0,0
24910,73,63,10,10
24911,105,132,-27,27
24912,53,52,1,1
24913,63,59,4,4
24914,85,72,13,13
24915,136,129,7,7
24916,113,93,20,20
24917,92,93,-1,1
24918,97,89,8,8
24919,95,95,0,0
24920,106,91,15,15
24921,167,143,24,24
24922,121,118,3,3
24923,42,38,4,4
24924,80,78,2,2
24925,48,53,-5,5
24926,116,101,15,15
24927,117,101,16,16
24928,67,59,8,8
24929,69,62,7,7
24930,114,93,21,21
24931,134,112,22,22
24932,91,77,14,14
24933,88,74,14,14
24934,130,115,15,15
24935,187,165,22,22
24936,99,92,7,7
24937,95,95,0,0
24938,151,133,18,18
24939,97,86,11,11
24940,66,58,8,8
24941,39,36,3,3
24942,114,104,10,10
24943,124,104,20,20
24944,109,97,12,12
24945,92,97,-5,5
24946,50,47,3,3
24947,139,116,23,23
24948,116,106,10,10
24949,79,68,11,11
24950,69,75,-6,6
24951,95,90,5,5
24952,112,104,8,8
24953,57,59,-2,2
24954,57,55,2,2
24955,112,109,3,3
24956,77,72,5,5
24957,79,75,4,4
24958,115,100,15,15
24959,52,53,-1,1
24960,121,94,27,27
24961,93,84,9,9
24962,51,42,9,9
24963,71,64,7,7
24964,126,115,11,11
24965,149,126,23,23
24966,91,98,-7,7
24967,142,128,14,14
24968,55,59,-4,4
24969,110,98,12,12
24970,197,179,18,18
24971,85,73,12,12
24972,115,100,15,15
24973,111,92,19,19
24974,136,112,24,24
24975,57,54,3,3
24976,100,78,22,22
24977,121,98,23,23
24978,105,89,16,16
24979,145,136,9,9
24980,93,82,11,11
24981,104,95,9,9
24982,104,87,17,17
24983,89,74,15,15
24984,82,72,10,10
24985,137,110,27,27
24986,112,90,22,22
24987,99,81,18,18
24988,94,85,9,9
24989,140,116,24,24
24990,75,72,3,3
24991,114,105,9,9
24992,71,64,7,7
24993,155,120,35,35
24994,71,65,6,6
24995,61,55,6,6
24996,84,84,0,0
24997,75,64,11,11
24998,128,125,3,3
24999,247,222,25,25
25000,101,95,6,6
25001,113,91,22,22
25002,116,103,13,13
25003,112,99,13,13
25004,83,77,6,6
25005,52,50,2,2
25006,73,54,19,19
25007,43,49,-6,6
25008,96,88,8,8
25009,49,53,-4,4
25010,57,58,-1,1
25011,104,113,-9,9
25012,86,79,7,7
25013,66,62,4,4
25014,69,72,-3,3
25015,92,87,5,5
25016,120,108,12,12
25017,124,112,12,12
25018,109,93,16,16
25019,90,91,-1,1
25020,88,79,9,9
25021,60,54,6,6
25022,100,94,6,6
25023,171,185,-14,14
25024,55,54,1,1
25025,143,125,18,18
25026,104,90,14,14
25027,120,109,11,11
25028,132,113,19,19
25029,142,129,13,13
25030,68,61,7,7
25031,74,64,10,10
25032,107,92,15,15
25033,82,69,13,13
25034,48,44,4,4
25035,83,71,12,12
25036,66,59,7,7
25037,90,80,10,10
25038,114,106,8,8
25039,123,96,27,27
25040,140,115,25,25
25041,71,59,12,12
25042,112,95,17,17
25043,175,161,14,14
25044,148,119,29,29
25045,87,73,14,14
25046,156,138,18,18
25047,44,40,4,4
25048,105,93,12,12
25049,120,112,8,8
25050,65,59,6,6
25051,120,110,10,10
25052,69,60,9,9
25053,91,89,2,2
25054,135,108,27,27
25055,133,120,13,13
25056,81,76,5,5
25057,74,61,13,13
25058,144,131,13,13
25059,146,131,15,15
25060,95,74,21,21
25061,223,169,54,54
25062,126,97,29,29
25063,49,44,5,5
25064,102,91,11,11
25065,116,100,16,16
25066,60,54,6,6
25067,154,133,21,21
25068,134,101,33,33
25069,100,90,10,10
25070,76,61,15,15
25071,74,65,9,9
25072,77,61,16,16
25073,88,80,8,8
25074,76,75,1,1
25075,81,71,10,10
25076,165,141,24,24
25077,108,95,13,13
25078,53,19,34,34
25079,59,57,2,2
25080,85,93,-8,8
25081,98,85,13,13
25082,58,53,5,5
25083,105,94,11,11
25084,148,130,18,18
25085,159,128,31,31
25086,163,148,15,15
25087,102,87,15,15
25088,71,79,-8,8
25089,156,129,27,27
25090,97,82,15,15
25091,97,81,16,16
25092,72,65,7,7
25093,83,98,-15,15
25094,81,60,21,21
25095,103,88,15,15
25096,95,87,8,8
25097,82,85,-3,3
25098,121,106,15,15
25099,78,73,5,5
25100,98,82,16,16
25101,145,131,14,14
25102,122,106,16,16
25103,123,105,18,18
25104,76,66,10,10
25105,195,159,36,36
25106,48,38,10,10
25107,59,63,-4,4
25108,73,66,7,7
25109,73,68,5,5
25110,63,52,11,11
25111,178,140,38,38
25112,69,61,8,8
25113,96,85,11,11
25114,67,61,6,6
25115,46,41,5,5
25116,88,82,6,6
25117,47,50,-3,3
25118,45,43,2,2
25119,47,40,7,7
25120,123,107,16,16
25121,124,109,15,15
25122,167,140,27,27
25123,136,111,25,25
25124,72,69,3,3
25125,109,97,12,12
25126,74,68,6,6
25127,80,68,12,12
25128,126,111,15,15
25129,119,101,18,18
25130,60,57,3,3
25131,98,90,8,8
25132,128,104,24,24
25133,96,81,15,15
25134,109,95,14,14
25135,135,115,20,20
25136,86,70,16,16
25137,125,110,15,15
25138,71,69,2,2
25139,137,120,17,17
25140,86,81,5,5
25141,150,141,9,9
25142,83,81,2,2
25143,57,51,6,6
25144,87,79,8,8
25145,58,60,-2,2
25146,74,74,0,0
25147,168,130,38,38
25148,145,119,26,26
25149,65,59,6,6
25150,76,69,7,7
25151,114,102,12,12
25152,151,137,14,14
25153,146,147,-1,1
25154,65,60,5,5
25155,77,81,-4,4
25156,165,135,30,30
25157,89,97,-8,8
25158,107,91,16,16
25159,96,102,-6,6
25160,115,104,11,11
25161,74,61,13,13
25162,160,140,20,20
25163,82,75,7,7
25164,80,68,12,12
25165,94,89,5,5
25166,97,87,10,10
25167,48,59,-11,11
25168,79,63,16,16
25169,16,29,-13,13
25170,100,90,10,10
25171,51,59,-8,8
25172,86,75,11,11
25173,108,98,10,10
25174,46,38,8,8
25175,55,50,5,5
25176,112,112,0,0
25177,84,73,11,11
25178,100,89,11,11
25179,150,124,26,26
25180,138,120,18,18
25181,92,80,12,12
25182,66,62,4,4
25183,103,90,13,13
25184,96,85,11,11
25185,148,137,11,11
25186,81,73,8,8
25187,45,61,-16,16
25188,126,111,15,15
25189,168,146,22,22
25190,76,70,6,6
25191,134,128,6,6
25192,83,76,7,7
25193,118,102,16,16
25194,117,97,20,20
25195,100,96,4,4
25196,96,89,7,7
25197,122,105,17,17
25198,76,74,2,2
25199,96,96,0,0
25200,103,87,16,16
25201,70,64,6,6
25202,209,166,43,43
25203,75,68,7,7
25204,54,62,-8,8
25205,111,100,11,11
25206,70,60,10,10
25207,100,92,8,8
25208,108,88,20,20
25209,56,56,0,0
25210,172,163,9,9
25211,67,61,6,6
25212,118,96,22,22
25213,47,48,-1,1
25214,69,62,7,7
25215,85,81,4,4
25216,63,51,12,12
25217,267,209,58,58
25218,101,88,13,13
25219,126,106,20,20
25220,99,91,8,8
25221,124,118,6,6
25222,145,117,28,28
25223,83,71,12,12
25224,96,78,18,18
25225,149,141,8,8
25226,65,60,5,5
25227,83,69,14,14
25228,51,46,5,5
25229,73,76,-3,3
25230,164,135,29,29
25231,76,73,3,3
25232,86,75,11,11
25233,128,105,23,23
25234,126,98,28,28
25235,75,67,8,8
25236,85,76,9,9
25237,59,50,9,9
25238,80,65,15,15
25239,115,97,18,18
25240,96,82,14,14
25241,57,55,2,2
25242,78,66,12,12
25243,92,75,17,17
25244,114,101,13,13
25245,97,78,19,19
25246,67,62,5,5
25247,68,81,-13,13
25248,88,77,11,11
25249,58,54,4,4
25250,86,84,2,2
25251,81,71,10,10
25252,80,74,6,6
25253,107,101,6,6
25254,65,60,5,5
25255,77,66,11,11
25256,30,35,-5,5
25257,81,74,7,7
25258,91,91,0,0
25259,62,63,-1,1
25260,78,80,-2,2
25261,103,89,14,14
25262,113,97,16,16
25263,121,105,16,16
25264,75,66,9,9
25265,113,101,12,12
25266,52,52,0,0
25267,93,91,2,2
25268,51,55,-4,4
25269,128,104,24,24
25270,86,68,18,18
25271,107,96,11,11
25272,105,94,11,11
25273,195,167,28,28
25274,64,54,10,10
25275,56,63,-7,7
25276,38,70,-32,32
25277,111,118,-7,7
25278,72,65,7,7
25279,103,92,11,11
25280,93,80,13,13
25281,90,88,2,2
25282,64,64,0,0
25283,142,118,24,24
25284,96,87,9,9
25285,85,77,8,8
25286,99,89,10,10
25287,52,48,4,4
25288,117,123,-6,6
25289,76,69,7,7
25290,80,66,14,14
25291,99,80,19,19
25292,103,86,17,17
25293,60,60,0,0
25294,96,88,8,8
25295,112,101,11,11
25296,77,63,14,14
25297,126,101,25,25
25298,125,113,12,12
25299,132,122,10,10
25300,79,75,4,4
25301,106,96,10,10
25302,35,40,-5,5
25303,85,69,16,16
25304,63,54,9,9
25305,65,64,1,1
25306,23,48,-25,25
25307,73,66,7,7
25308,103,96,7,7
25309,79,70,9,9
25310,81,76,5,5
25311,54,45,9,9
25312,77,70,7,7
25313,90,78,12,12
25314,92,83,9,9
25315,54,53,1,1
25316,101,93,8,8
25317,102,82,20,20
25318,77,72,5,5
25319,113,115,-2,2
25320,166,139,27,27
25321,74,70,4,4
25322,116,104,12,12
25323,127,120,7,7
25324,89,77,12,12
25325,101,89,12,12
25326,103,97,6,6
25327,127,111,16,16
25328,83,70,13,13
25329,123,115,8,8
25330,118,108,10,10
25331,160,142,18,18
25332,79,72,7,7
25333,76,63,13,13
25334,51,44,7,7
25335,110,103,7,7
25336,112,117,-5,5
25337,73,63,10,10
25338,90,75,15,15
25339,87,79,8,8
25340,97,87,10,10
25341,51,46,5,5
25342,175,152,23,23
25343,51,52,-1,1
25344,96,85,11,11
25345,96,73,23,23
25346,87,81,6,6
25347,98,84,14,14
25348,195,160,35,35
25349,74,63,11,11
25350,111,92,19,19
25351,62,55,7,7
25352,62,63,-1,1
25353,50,49,1,1
25354,77,68,9,9
25355,68,52,16,16
25356,72,70,2,2
25357,82,66,16,16
25358,69,63,6,6
25359,133,118,15,15
25360,57,54,3,3
25361,87,90,-3,3
25362,86,72,14,14
25363,53,75,-22,22
25364,111,123,-12,12
25365,85,83,2,2
25366,68,63,5,5
25367,82,80,2,2
25368,125,102,23,23
25369,127,105,22,22
25370,46,76,-30,30
25371,125,117,8,8
25372,133,111,22,22
25373,84,81,3,3
25374,70,62,8,8
25375,130,104,26,26
25376,86,78,8,8
25377,161,139,22,22
25378,100,112,-12,12
25379,107,97,10,10
25380,89,83,6,6
25381,62,46,16,16
25382,75,68,7,7
25383,82,75,7,7
25384,104,97,7,7
25385,83,86,-3,3
25386,109,91,18,18
25387,57,45,12,12
25388,125,112,13,13
25389,87,69,18,18
25390,201,152,49,49
25391,75,68,7,7
25392,80,72,8,8
25393,143,142,1,1
25394,120,106,14,14
25395,146,131,15,15
25396,70,59,11,11
25397,93,84,9,9
25398,110,101,9,9
25399,43,44,-1,1
25400,97,82,15,15
25401,70,57,13,13
25402,85,73,12,12
25403,91,89,2,2
25404,85,80,5,5
25405,120,103,17,17
25406,70,64,6,6
25407,61,62,-1,1
25408,67,61,6,6
25409,156,134,22,22
25410,45,38,7,7
25411,121,117,4,4
25412,93,95,-2,2
25413,111,108,3,3
25414,72,70,2,2
25415,44,42,2,2
25416,140,132,8,8
25417,52,50,2,2
25418,70,64,6,6
25419,117,106,11,11
25420,60,50,10,10
25421,73,78,-5,5
25422,107,89,18,18
25423,90,85,5,5
25424,59,62,-3,3
25425,102,93,9,9
25426,73,67,6,6
25427,86,80,6,6
25428,58,54,4,4
25429,66,60,6,6
25430,62,88,-26,26
25431,130,111,19,19
25432,121,95,26,26
25433,114,96,18,18
25434,128,116,12,12
25435,106,97,9,9
25436,94,78,16,16
25437,139,123,16,16
25438,57,51,6,6
25439,62,68,-6,6
25440,59,58,1,1
25441,134,109,25,25
25442,88,76,12,12
25443,67,64,3,3
25444,91,84,7,7
25445,79,66,13,13
25446,99,91,8,8
25447,135,132,3,3
25448,118,108,10,10
25449,97,85,12,12
25450,96,77,19,19
25451,81,72,9,9
25452,93,87,6,6
25453,108,98,10,10
25454,69,60,9,9
25455,106,99,7,7
25456,80,76,4,4
25457,108,96,12,12
25458,95,79,16,16
25459,41,36,5,5
25460,97,85,12,12
25461,161,121,40,40
25462,96,84,12,12
25463,86,84,2,2
25464,123,102,21,21
25465,84,67,17,17
25466,81,77,4,4
25467,99,88,11,11
25468,108,88,20,20
25469,57,58,-1,1
25470,82,77,5,5
25471,117,128,-11,11
25472,78,78,0,0
25473,206,180,26,26
25474,70,64,6,6
25475,66,63,3,3
25476,132,108,24,24
25477,73,64,9,9
25478,53,54,-1,1
25479,47,48,-1,1
25480,73,73,0,0
25481,72,67,5,5
25482,96,81,15,15
25483,182,160,22,22
25484,80,67,13,13
25485,98,84,14,14
25486,103,96,7,7
25487,182,163,19,19
25488,136,130,6,6
25489,101,89,12,12
25490,81,68,13,13
25491,161,133,28,28
25492,83,80,3,3
25493,57,62,-5,5
25494,119,97,22,22
25495,103,87,16,16
25496,143,117,26,26
25497,61,90,-29,29
25498,117,99,18,18
25499,113,100,13,13
25500,94,87,7,7
25501,70,63,7,7
25502,116,109,7,7
25503,102,81,21,21
25504,154,137,17,17
25505,91,74,17,17
25506,105,100,5,5
25507,114,111,3,3
25508,160,147,13,13
25509,94,82,12,12
25510,151,120,31,31
25511,170,144,26,26
25512,76,64,12,12
25513,74,64,10,10
25514,101,92,9,9
25515,62,53,9,9
25516,84,75,9,9
25517,109,100,9,9
25518,106,91,15,15
25519,119,98,21,21
25520,89,83,6,6
25521,53,47,6,6
25522,37,34,3,3
25523,97,85,12,12
25524,91,77,14,14
25525,94,77,17,17
25526,111,86,25,25
25527,203,178,25,25
25528,71,62,9,9
25529,63,59,4,4
25530,55,54,1,1
25531,87,72,15,15
25532,125,125,0,0
25533,101,94,7,7
25534,98,78,20,20
25535,116,109,7,7
25536,79,73,6,6
25537,206,176,30,30
25538,102,100,2,2
25539,153,131,22,22
25540,86,82,4,4
25541,60,54,6,6
25542,95,97,-2,2
25543,156,131,25,25
25544,90,76,14,14
25545,131,110,21,21
25546,107,90,17,17
25547,56,53,3,3
25548,96,86,10,10
25549,67,67,0,0
25550,66,58,8,8
25551,116,106,10,10
25552,97,92,5,5
25553,132,116,16,16
25554,87,82,5,5
25555,94,87,7,7
25556,50,47,3,3
25557,104,84,20,20
25558,179,163,16,16
25559,121,93,28,28
25560,54,54,0,0
25561,86,69,17,17
25562,29,27,2,2
25563,109,96,13,13
25564,81,77,4,4
25565,75,75,0,0
25566,179,146,33,33
25567,59,47,12,12
25568,122,102,20,20
25569,209,169,40,40
25570,53,51,2,2
25571,79,63,16,16
25572,97,84,13,13
25573,99,93,6,6
25574,50,45,5,5
25575,81,78,3,3
25576,77,65,12,12
25577,179,151,28,28
25578,100,97,3,3
25579,57,59,-2,2
25580,88,81,7,7
25581,47,45,2,2
25582,92,82,10,10
25583,94,76,18,18
25584,49,62,-13,13
25585,155,120,35,35
25586,93,89,4,4
25587,160,131,29,29
25588,34,32,2,2
25589,109,94,15,15
25590,112,98,14,14
25591,65,57,8,8
25592,76,62,14,14
25593,82,82,0,0
25594,97,72,25,25
25595,72,67,5,5
25596,95,90,5,5
25597,59,57,2,2
25598,52,47,5,5
25599,81,64,17,17
25600,87,73,14,14
25601,129,111,18,18
25602,57,67,-10,10
25603,54,52,2,2
25604,122,95,27,27
25605,90,81,9,9
25606,136,114,22,22
25607,55,48,7,7
25608,69,69,0,0
25609,118,103,15,15
25610,103,93,10,10
25611,70,63,7,7
25612,43,44,-1,1
25613,66,62,4,4
25614,140,126,14,14
25615,89,85,4,4
25616,147,110,37,37
25617,112,101,11,11
25618,78,61,17,17
25619,40,40,0,0
25620,55,53,2,2
25621,77,68,9,9
25622,80,86,-6,6
25623,71,67,4,4
25624,82,75,7,7
25625,82,78,4,4
25626,93,92,1,1
25627,68,61,7,7
25628,96,78,18,18
25629,116,100,16,16
25630,53,55,-2,2
25631,87,72,15,15
25632,116,102,14,14
25633,102,86,16,16
25634,89,75,14,14
25635,121,103,18,18
25636,92,79,13,13
25637,29,46,-17,17
25638,98,79,19,19
25639,70,55,15,15
25640,127,105,22,22
25641,208,172,36,36
25642,85,71,14,14
25643,84,81,3,3
25644,92,86,6,6
25645,118,119,-1,1
25646,66,65,1,1
25647,79,71,8,8
25648,167,136,31,31
25649,174,153,21,21
25650,92,81,11,11
25651,90,87,3,3
25652,103,87,16,16
25653,85,74,11,11
25654,43,41,2,2
25655,144,128,16,16
25656,66,58,8,8
25657,33,45,-12,12
25658,50,50,0,0
25659,68,59,9,9
25660,152,145,7,7
25661,102,85,17,17
25662,45,41,4,4
25663,67,59,8,8
25664,59,56,3,3
25665,92,90,2,2
25666,138,123,15,15
25667,152,133,19,19
25668,79,66,13,13
25669,122,113,9,9
25670,122,107,15,15
25671,59,60,-1,1
25672,164,132,32,32
25673,93,132,-39,39
25674,86,84,2,2
25675,133,112,21,21
25676,95,96,-1,1
25677,86,83,3,3
25678,76,66,10,10
25679,152,131,21,21
25680,99,80,19,19
25681,62,54,8,8
25682,92,87,5,5
25683,105,87,18,18
25684,95,78,17,17
25685,103,76,27,27
25686,64,61,3,3
25687,113,112,1,1
25688,139,129,10,10
25689,116,98,18,18
25690,109,110,-1,1
25691,110,99,11,11
25692,102,91,11,11
25693,108,103,5,5
25694,83,65,18,18
25695,151,133,18,18
25696,84,82,2,2
25697,109,91,18,18
25698,136,116,20,20
25699,109,93,16,16
25700,136,103,33,33
25701,109,94,15,15
25702,68,65,3,3
25703,76,65,11,11
25704,81,73,8,8
25705,102,88,14,14
25706,139,120,19,19
25707,86,79,7,7
25708,105,88,17,17
25709,58,59,-1,1
25710,35,42,-7,7
25711,49,52,-3,3
25712,82,71,11,11
25713,70,67,3,3
25714,79,72,7,7
25715,66,56,10,10
25716,122,106,16,16
25717,77,61,16,16
25718,120,104,16,16
25719,155,123,32,32
25720,123,111,12,12
25721,74,73,1,1
25722,88,77,11,11
25723,143,126,17,17
25724,88,68,20,20
25725,57,54,3,3
25726,130,115,15,15
25727,81,80,1,1
25728,83,79,4,4
25729,173,135,38,38
25730,66,63,3,3
25731,91,82,9,9
25732,70,59,11,11
25733,73,57,16,16
25734,72,68,4,4
25735,73,65,8,8
25736,109,107,2,2
25737,106,55,51,51
25738,72,62,10,10
25739,80,77,3,3
25740,188,156,32,32
25741,112,99,13,13
25742,116,102,14,14
25743,115,93,22,22
25744,97,87,10,10
25745,171,151,20,20
25746,96,90,6,6
25747,97,82,15,15
25748,60,58,2,2
25749,119,94,25,25
25750,144,122,22,22
25751,64,58,6,6
25752,55,53,2,2
25753,92,82,10,10
25754,92,77,15,15
25755,133,124,9,9
25756,62,58,4,4
25757,143,127,16,16
25758,92,87,5,5
25759,95,103,-8,8
25760,43,40,3,3
25761,110,96,14,14
25762,94,74,20,20
25763,68,62,6,6
25764,81,73,8,8
25765,150,120,30,30
25766,129,113,16,16
25767,133,110,23,23
25768,105,92,13,13
25769,66,74,-8,8
25770,91,84,7,7
25771,90,69,21,21
25772,117,87,30,30
25773,140,121,19,19
25774,165,147,18,18
25775,95,86,9,9
25776,85,71,14,14
25777,158,135,23,23
25778,138,128,10,10
25779,96,88,8,8
25780,122,108,14,14
25781,65,56,9,9
25782,63,58,5,5
25783,111,99,12,12
25784,80,86,-6,6
25785,79,72,7,7
25786,100,81,19,19
25787,81,76,5,5
25788,92,80,12,12
25789,75,83,-8,8
25790,82,76,6,6
25791,79,79,0,0
25792,57,59,-2,2
25793,148,108,40,40
25794,79,71,8,8
25795,122,108,14,14
25796,82,75,7,7
25797,61,56,5,5
25798,38,41,-3,3
25799,94,93,1,1
25800,101,77,24,24
25801,89,76,13,13
25802,68,58,10,10
25803,47,48,-1,1
25804,90,77,13,13
25805,60,55,5,5
25806,114,97,17,17
25807,80,78,2,2
25808,127,101,26,26
25809,102,98,4,4
25810,69,59,10,10
25811,53,59,-6,6
25812,59,58,1,1
25813,95,89,6,6
25814,64,54,10,10
25815,144,137,7,7
25816,71,55,16,16
25817,100,94,6,6
25818,116,105,11,11
25819,104,89,15,15
25820,177,164,13,13
25821,108,95,13,13
25822,132,111,21,21
25823,118,96,22,22
25824,135,132,3,3
25825,115,101,14,14
25826,73,67,6,6
25827,133,110,23,23
25828,95,83,12,12
25829,80,72,8,8
25830,48,63,-15,15
25831,158,137,21,21
25832,73,69,4,4
25833,94,80,14,14
25834,74,88,-14,14
25835,154,141,13,13
25836,127,116,11,11
25837,73,65,8,8
25838,89,77,12,12
25839,61,59,2,2
25840,87,73,14,14
25841,65,73,-8,8
25842,81,77,4,4
25843,99,87,12,12
25844,83,80,3,3
25845,90,85,5,5
25846,82,73,9,9
25847,115,93,22,22
25848,137,128,9,9
25849,78,69,9,9
25850,94,75,19,19
25851,101,89,12,12
25852,96,84,12,12
25853,77,67,10,10
25854,112,94,18,18
25855,138,123,15,15
25856,98,85,13,13
25857,91,85,6,6
25858,143,121,22,22
25859,153,135,18,18
25860,40,40,0,0
25861,69,59,10,10
25862,67,61,6,6
25863,43,46,-3,3
25864,104,96,8,8
25865,117,99,18,18
25866,84,69,15,15
25867,84,82,2,2
25868,74,62,12,12
25869,75,63,12,12
25870,147,138,9,9
25871,94,88,6,6
25872,92,79,13,13
25873,71,67,4,4
25874,84,73,11,11
25875,78,89,-11,11
25876,83,72,11,11
25877,84,82,2,2
25878,42,49,-7,7
25879,149,134,15,15
25880,95,90,5,5
25881,132,108,24,24
25882,83,83,0,0
25883,131,119,12,12
25884,62,62,0,0
25885,87,79,8,8
25886,91,77,14,14
25887,155,152,3,3
25888,73,72,1,1
25889,98,91,7,7
25890,72,62,10,10
25891,75,74,1,1
25892,147,128,19,19
25893,54,56,-2,2
25894,128,110,18,18
25895,98,88,10,10
25896,111,99,12,12
25897,81,75,6,6
25898,87,70,17,17
25899,28,57,-29,29
25900,123,109,14,14
25901,82,69,13,13
25902,82,66,16,16
25903,113,96,17,17
25904,121,120,1,1
25905,124,110,14,14
25906,85,72,13,13
25907,82,75,7,7
25908,107,98,9,9
25909,113,101,12,12
25910,74,74,0,0
25911,97,81,16,16
25912,56,56,0,0
25913,89,78,11,11
25914,132,113,19,19
25915,134,115,19,19
25916,93,86,7,7
25917,128,125,3,3
25918,121,112,9,9
25919,132,125,7,7
25920,114,102,12,12
25921,93,80,13,13
25922,132,119,13,13
25923,139,110,29,29
25924,59,56,3,3
25925,185,149,36,36
25926,47,48,-1,1
25927,68,61,7,7
25928,122,117,5,5
25929,130,123,7,7
25930,98,89,9,9
25931,42,40,2,2
25932,125,112,13,13
25933,56,53,3,3
25934,129,115,14,14
25935,60,74,-14,14
25936,51,49,2,2
25937,78,72,6,6
25938,62,62,0,0
25939,80,84,-4,4
25940,39,42,-3,3
25941,120,109,11,11
25942,100,83,17,17
25943,112,112,0,0
25944,85,73,12,12
25945,118,101,17,17
25946,124,120,4,4
25947,56,51,5,5
25948,97,89,8,8
25949,83,81,2,2
25950,91,84,7,7
25951,68,62,6,6
25952,108,102,6,6
25953,87,81,6,6
25954,57,54,3,3
25955,70,58,12,12
25956,87,79,8,8
25957,111,95,16,16
25958,79,75,4,4
25959,117,93,24,24
25960,95,90,5,5
25961,139,119,20,20
25962,52,44,8,8
25963,47,92,-45,45
25964,104,93,11,11
25965,89,74,15,15
25966,86,83,3,3
25967,90,77,13,13
25968,113,99,14,14
25969,89,81,8,8
25970,94,88,6,6
25971,134,120,14,14
25972,63,54,9,9
25973,102,88,14,14
25974,146,122,24,24
25975,140,125,15,15
25976,73,68,5,5
25977,127,110,17,17
25978,47,50,-3,3
25979,90,96,-6,6
25980,77,70,7,7
25981,136,112,24,24
25982,121,110,11,11
25983,82,68,14,14
25984,114,110,4,4
25985,114,97,17,17
25986,80,69,11,11
25987,82,68,14,14
25988,79,70,9,9
25989,107,101,6,6
25990,113,88,25,25
25991,114,99,15,15
25992,52,53,-1,1
25993,67,62,5,5
25994,74,70,4,4
25995,113,102,11,11
25996,77,66,11,11
25997,125,118,7,7
25998,60,52,8,8
25999,78,68,10,10
26000,94,86,8,8
26001,102,87,15,15
26002,115,97,18,18
26003,114,99,15,15
26004,115,108,7,7
26005,109,95,14,14
26006,107,101,6,6
26007,80,70,10,10
26008,111,94,17,17
26009,36,50,-14,14
26010,78,69,9,9
26011,87,74,13,13
26012,74,66,8,8
26013,70,69,1,1
26014,64,58,6,6
26015,51,46,5,5
26016,97,90,7,7
26017,106,92,14,14
26018,150,133,17,17
26019,105,89,16,16
26020,80,75,5,5
26021,81,74,7,7
26022,78,73,5,5
26023,103,97,6,6
26024,68,63,5,5
26025,69,62,7,7
26026,100,106,-6,6
26027,100,75,25,25
26028,171,148,23,23
26029,102,87,15,15
26030,98,79,19,19
26031,81,78,3,3
26032,86,70,16,16
26033,47,48,-1,1
26034,83,78,5,5
26035,139,123,16,16
26036,71,67,4,4
26037,142,125,17,17
26038,65,55,10,10
26039,68,60,8,8
26040,63,58,5,5
26041,105,84,21,21
26042,53,54,-1,1
26043,126,111,15,15
26044,137,124,13,13
26045,64,55,9,9
26046,126,124,2,2
26047,117,99,18,18
26048,65,79,-14,14
26049,133,122,11,11
26050,64,54,10,10
26051,96,80,16,16
26052,92,83,9,9
26053,99,93,6,6
26054,148,135,13,13
26055,54,50,4,4
26056,99,72,27,27
26057,89,88,1,1
26058,63,54,9,9
26059,90,79,11,11
26060,71,71,0,0
26061,82,65,17,17
26062,89,76,13,13
26063,58,53,5,5
26064,88,83,5,5
26065,91,83,8,8
26066,29,31,-2,2
26067,63,59,4,4
26068,73,65,8,8
26069,68,55,13,13
26070,76,74,2,2
26071,73,60,13,13
26072,152,125,27,27
26073,113,89,24,24
26074,57,48,9,9
26075,81,71,10,10
26076,102,99,3,3
26077,87,101,-14,14
26078,106,96,10,10
26079,83,79,4,4
26080,164,139,25,25
26081,122,93,29,29
26082,68,69,-1,1
26083,79,67,12,12
26084,57,51,6,6
26085,116,108,8,8
26086,57,53,4,4
26087,105,85,20,20
26088,95,79,16,16
26089,164,146,18,18
26090,159,149,10,10
26091,92,73,19,19
26092,100,99,1,1
26093,64,53,11,11
26094,121,142,-21,21
26095,157,133,24,24
26096,116,103,13,13
26097,46,46,0,0
26098,106,89,17,17
26099,67,66,1,1
26100,83,78,5,5
26101,66,56,10,10
26102,105,96,9,9
26103,166,152,14,14
26104,109,83,26,26
26105,75,66,9,9
26106,86,75,11,11
26107,91,74,17,17
26108,76,65,11,11
26109,149,141,8,8
26110,102,85,17,17
26111,76,70,6,6
26112,64,55,9,9
26113,108,93,15,15
26114,99,86,13,13
26115,104,93,11,11
26116,136,125,11,11
26117,72,78,-6,6
26118,92,72,20,20
26119,70,62,8,8
26120,69,61,8,8
26121,154,132,22,22
26122,129,110,19,19
26123,102,89,13,13
26124,107,94,13,13
26125,107,98,9,9
26126,75,59,16,16
26127,108,92,16,16
26128,96,80,16,16
26129,80,76,4,4
26130,73,68,5,5
26131,129,113,16,16
26132,57,53,4,4
26133,92,82,10,10
26134,70,72,-2,2
26135,61,60,1,1
26136,52,59,-7,7
26137,145,123,22,22
26138,74,70,4,4
26139,75,63,12,12
26140,134,120,14,14
26141,105,97,8,8
26142,108,86,22,22
26143,98,89,9,9
26144,96,78,18,18
26145,135,120,15,15
26146,103,93,10,10
26147,84,75,9,9
26148,132,111,21,21
26149,114,89,25,25
26150,87,73,14,14
26151,55,54,1,1
26152,65,51,14,14
26153,48,48,0,0
26154,64,58,6,6
26155,113,87,26,26
26156,137,114,23,23
26157,124,111,13,13
26158,47,46,1,1
26159,103,86,17,17
26160,136,119,17,17
26161,80,70,10,10
26162,65,75,-10,10
26163,117,96,21,21
26164,113,108,5,5
26165,71,58,13,13
26166,132,127,5,5
26167,102,78,24,24
26168,191,163,28,28
26169,127,105,22,22
26170,102,93,9,9
26171,104,86,18,18
26172,113,99,14,14
26173,74,80,-6,6
26174,143,128,15,15
26175,73,60,13,13
26176,143,125,18,18
26177,120,99,21,21
26178,95,84,11,11
26179,84,78,6,6
26180,146,128,18,18
26181,70,62,8,8
26182,125,96,29,29
26183,79,70,9,9
26184,77,75,2,2
26185,69,59,10,10
26186,100,87,13,13
26187,190,155,35,35
26188,90,83,7,7
26189,67,74,-7,7
26190,179,155,24,24
26191,68,69,-1,1
26192,79,82,-3,3
26193,149,121,28,28
26194,87,59,28,28
26195,58,75,-17,17
26196,176,164,12,12
26197,67,60,7,7
26198,76,69,7,7
26199,127,110,17,17
26200,73,60,13,13
26201,68,62,6,6
26202,70,61,9,9
26203,101,84,17,17
26204,122,117,5,5
26205,95,82,13,13
26206,90,81,9,9
26207,85,82,3,3
26208,138,120,18,18
26209,115,106,9,9
26210,122,104,18,18
26211,59,51,8,8
26212,51,48,3,3
26213,106,90,16,16
26214,110,101,9,9
26215,111,102,9,9
26216,62,73,-11,11
26217,93,72,21,21
26218,46,44,2,2
26219,107,100,7,7
26220,144,115,29,29
26221,92,73,19,19
26222,92,82,10,10
26223,95,95,0,0
26224,154,134,20,20
26225,54,48,6,6
26226,102,93,9,9
26227,61,61,0,0
26228,109,103,6,6
26229,155,117,38,38
26230,83,65,18,18
26231,79,69,10,10
26232,102,90,12,12
26233,133,109,24,24
26234,134,125,9,9
26235,81,70,11,11
26236,151,132,19,19
26237,46,44,2,2
26238,97,84,13,13
26239,62,55,7,7
26240,114,102,12,12
26241,83,79,4,4
26242,114,99,15,15
26243,87,85,2,2
26244,110,86,24,24
26245,232,209,23,23
26246,35,38,-3,3
26247,96,80,16,16
26248,87,84,3,3
26249,52,50,2,2
26250,89,75,14,14
26251,84,68,16,16
26252,84,76,8,8
26253,151,133,18,18
26254,51,48,3,3
26255,112,92,20,20
26256,189,162,27,27
26257,68,59,9,9
26258,77,66,11,11
26259,62,60,2,2
26260,112,102,10,10
26261,95,83,12,12
26262,81,75,6,6
26263,108,86,22,22
26264,96,84,12,12
26265,58,51,7,7
26266,84,72,12,12
26267,116,94,22,22
26268,97,91,6,6
26269,92,81,11,11
26270,101,101,0,0
26271,56,48,8,8
26272,74,71,3,3
26273,115,97,18,18
26274,74,70,4,4
26275,58,50,8,8
26276,129,118,11,11
26277,91,83,8,8
26278,59,49,10,10
26279,52,45,7,7
26280,73,68,5,5
26281,69,53,16,16
26282,119,89,30,30
26283,126,106,20,20
26284,114,86,28,28
26285,100,97,3,3
26286,86,79,7,7
26287,116,117,-1,1
26288,72,62,10,10
26289,61,58,3,3
26290,83,65,18,18
26291,94,85,9,9
26292,90,85,5,5
26293,93,89,4,4
26294,31,27,4,4
26295,163,141,22,22
26296,99,84,15,15
26297,46,47,-1,1
26298,55,48,7,7
26299,75,70,5,5
26300,72,67,5,5
26301,107,86,21,21
26302,89,86,3,3
26303,66,48,18,18
26304,67,66,1,1
26305,145,128,17,17
26306,151,131,20,20
26307,153,118,35,35
26308,56,45,11,11
26309,97,91,6,6
26310,162,139,23,23
26311,90,80,10,10
26312,106,88,18,18
26313,27,31,-4,4
26314,93,75,18,18
26315,105,92,13,13
26316,123,122,1,1
26317,61,60,1,1
26318,64,53,11,11
26319,109,99,10,10
26320,153,136,17,17
26321,81,69,12,12
26322,167,137,30,30
26323,100,84,16,16
26324,40,47,-7,7
26325,84,83,1,1
26326,126,110,16,16
26327,69,64,5,5
26328,54,40,14,14
26329,41,40,1,1
26330,86,82,4,4
26331,71,58,13,13
26332,97,85,12,12
26333,131,118,13,13
26334,42,41,1,1
26335,102,89,13,13
26336,83,77,6,6
26337,187,158,29,29
26338,180,159,21,21
26339,73,65,8,8
26340,108,119,-11,11
26341,57,55,2,2
26342,121,108,13,13
26343,88,82,6,6
26344,105,92,13,13
26345,80,80,0,0
26346,86,85,1,1
26347,124,106,18,18
26348,117,100,17,17
26349,112,98,14,14
26350,66,57,9,9
26351,94,92,2,2
26352,107,99,8,8
26353,45,44,1,1
26354,121,104,17,17
26355,82,72,10,10
26356,69,63,6,6
26357,160,131,29,29
26358,119,98,21,21
26359,58,53,5,5
26360,100,87,13,13
26361,72,64,8,8
26362,67,60,7,7
26363,66,61,5,5
26364,119,103,16,16
26365,138,133,5,5
26366,65,54,11,11
26367,105,99,6,6
26368,36,44,-8,8
26369,69,64,5,5
26370,78,67,11,11
26371,131,107,24,24
26372,109,106,3,3
26373,75,63,12,12
26374,63,50,13,13
26375,53,57,-4,4
26376,105,96,9,9
26377,64,62,2,2
26378,70,68,2,2
26379,26,33,-7,7
26380,181,154,27,27
26381,66,61,5,5
26382,130,126,4,4
26383,122,109,13,13
26384,94,79,15,15
26385,124,112,12,12
26386,70,67,3,3
26387,114,105,9,9
26388,93,77,16,16
26389,106,101,5,5
26390,96,85,11,11
26391,90,87,3,3
26392,118,109,9,9
26393,63,79,-16,16
26394,79,75,4,4
26395,43,48,-5,5
26396,112,105,7,7
26397,45,45,0,0
26398,114,111,3,3
26399,107,89,18,18
26400,83,71,12,12
26401,40,41,-1,1
26402,98,90,8,8
26403,115,102,13,13
26404,92,90,2,2
26405,131,123,8,8
26406,106,80,26,26
26407,99,84,15,15
26408,67,61,6,6
26409,171,146,25,25
26410,128,103,25,25
26411,88,75,13,13
26412,56,54,2,2
26413,113,98,15,15
26414,62,46,16,16
26415,81,65,16,16
26416,83,78,5,5
26417,113,93,20,20
26418,100,94,6,6
26419,91,79,12,12
26420,79,78,1,1
26421,156,133,23,23
26422,113,103,10,10
26423,67,72,-5,5
26424,129,110,19,19
26425,89,82,7,7
26426,66,59,7,7
26427,102,97,5,5
26428,131,116,15,15
26429,111,95,16,16
26430,47,40,7,7
26431,37,41,-4,4
26432,92,85,7,7
26433,91,81,10,10
26434,101,87,14,14
26435,43,50,-7,7
26436,78,65,13,13
26437,102,93,9,9
26438,92,81,11,11
26439,96,95,1,1
26440,109,97,12,12
26441,98,91,7,7
26442,131,107,24,24
26443,104,101,3,3
26444,96,113,-17,17
26445,98,86,12,12
26446,66,60,6,6
26447,75,67,8,8
26448,70,62,8,8
26449,49,48,1,1
26450,110,88,22,22
26451,128,103,25,25
26452,50,45,5,5
26453,85,78,7,7
26454,59,50,9,9
26455,41,47,-6,6
26456,71,64,7,7
26457,117,99,18,18
26458,91,81,10,10
26459,64,57,7,7
26460,118,109,9,9
26461,43,43,0,0
26462,134,120,14,14
26463,101,84,17,17
26464,109,85,24,24
26465,114,105,9,9
26466,118,112,6,6
26467,70,70,0,0
26468,102,89,13,13
26469,157,143,14,14
26470,308,250,58,58
26471,104,105,-1,1
26472,106,84,22,22
26473,74,66,8,8
26474,148,126,22,22
26475,106,93,13,13
26476,74,68,6,6
26477,118,103,15,15
26478,114,104,10,10
26479,60,54,6,6
26480,135,108,27,27
26481,60,52,8,8
26482,62,55,7,7
26483,120,113,7,7
26484,150,146,4,4
26485,112,91,21,21
26486,87,78,9,9
26487,100,91,9,9
26488,52,53,-1,1
26489,82,74,8,8
26490,136,131,5,5
26491,65,62,3,3
26492,104,86,18,18
26493,134,115,19,19
26494,104,80,24,24
26495,119,108,11,11
26496,119,104,15,15
26497,60,63,-3,3
26498,155,137,18,18
26499,129,119,10,10
26500,46,46,0,0
26501,58,55,3,3
26502,73,58,15,15
26503,114,92,22,22
26504,85,83,2,2
26505,77,67,10,10
26506,89,75,14,14
26507,186,154,32,32
26508,74,65,9,9
26509,80,62,18,18
26510,108,99,9,9
26511,112,78,34,34
26512,38,37,1,1
26513,61,50,11,11
26514,109,92,17,17
26515,46,36,10,10
26516,139,114,25,25
26517,85,79,6,6
26518,97,80,17,17
26519,60,64,-4,4
26520,36,40,-4,4
26521,89,90,-1,1
26522,147,128,19,19
26523,94,77,17,17
26524,88,72,16,16
26525,120,101,19,19
26526,75,76,-1,1
26527,95,85,10,10
26528,90,74,16,16
26529,46,48,-2,2
26530,49,47,2,2
26531,145,125,20,20
26532,93,74,19,19
26533,48,40,8,8
26534,93,83,10,10
26535,76,61,15,15
26536,51,46,5,5
26537,102,86,16,16
26538,86,76,10,10
26539,88,73,15,15
26540,97,91,6,6
26541,139,117,22,22
26542,163,139,24,24
26543,91,92,-1,1
26544,139,114,25,25
26545,56,60,-4,4
26546,56,62,-6,6
26547,84,72,12,12
26548,85,78,7,7
26549,55,54,1,1
26550,82,70,12,12
26551,90,77,13,13
26552,102,83,19,19
26553,46,45,1,1
26554,151,134,17,17
26555,90,75,15,15
26556,78,99,-21,21
26557,70,57,13,13
26558,126,105,21,21
26559,114,105,9,9
26560,135,108,27,27
26561,209,171,38,38
26562,163,138,25,25
26563,62,56,6,6
26564,79,84,-5,5
26565,90,78,12,12
26566,126,106,20,20
26567,161,132,29,29
26568,119,100,19,19
26569,65,70,-5,5
26570,75,96,-21,21
26571,94,78,16,16
26572,57,49,8,8
26573,60,55,5,5
26574,62,55,7,7
26575,61,58,3,3
26576,174,147,27,27
26577,65,59,6,6
26578,122,110,12,12
26579,103,109,-6,6
26580,66,60,6,6
26581,110,91,19,19
26582,59,55,4,4
26583,120,100,20,20
26584,101,90,11,11
26585,94,81,13,13
26586,125,108,17,17
26587,76,66,10,10
26588,66,66,0,0
26589,85,82,3,3
26590,101,93,8,8
26591,79,70,9,9
26592,179,153,26,26
26593,73,72,1,1
26594,97,92,5,5
26595,40,53,-13,13
26596,75,63,12,12
26597,157,138,19,19
26598,77,70,7,7
26599,108,103,5,5
26600,129,109,20,20
26601,100,86,14,14
26602,76,82,-6,6
26603,40,40,0,0
26604,72,67,5,5
26605,81,69,12,12
26606,122,101,21,21
26607,77,63,14,14
26608,162,142,20,20
26609,52,47,5,5
26610,86,71,15,15
26611,61,50,11,11
26612,139,117,22,22
26613,122,105,17,17
26614,129,120,9,9
26615,64,59,5,5
26616,53,50,3,3
26617,163,136,27,27
26618,76,79,-3,3
26619,47,45,2,2
26620,57,53,4,4
26621,142,120,22,22
26622,89,69,20,20
26623,100,93,7,7
26624,126,120,6,6
26625,149,124,25,25
26626,102,83,19,19
26627,51,52,-1,1
26628,131,103,28,28
26629,113,100,13,13
26630,128,108,20,20
26631,84,67,17,17
26632,88,76,12,12
26633,96,83,13,13
26634,131,103,28,28
26635,142,121,21,21
26636,139,120,19,19
26637,62,60,2,2
26638,162,151,11,11
26639,100,89,11,11
26640,94,82,12,12
26641,118,100,18,18
26642,140,115,25,25
26643,105,92,13,13
26644,54,52,2,2
26645,80,72,8,8
26646,54,50,4,4
26647,82,78,4,4
26648,78,71,7,7
26649,81,73,8,8
26650,55,49,6,6
26651,142,130,12,12
26652,152,127,25,25
26653,121,107,14,14
26654,109,95,14,14
26655,80,79,1,1
26656,73,66,7,7
26657,154,108,46,46
26658,122,112,10,10
26659,85,73,12,12
26660,65,61,4,4
26661,127,105,22,22
26662,44,39,5,5
26663,90,86,4,4
26664,115,103,12,12
26665,124,108,16,16
26666,148,135,13,13
26667,49,43,6,6
26668,77,69,8,8
26669,173,150,23,23
26670,68,66,2,2
26671,149,137,12,12
26672,73,66,7,7
26673,54,48,6,6
26674,90,73,17,17
26675,73,64,9,9
26676,74,70,4,4
26677,49,43,6,6
26678,79,66,13,13
26679,117,107,10,10
26680,57,58,-1,1
26681,123,102,21,21
26682,94,83,11,11
26683,124,96,28,28
26684,74,68,6,6
26685,63,56,7,7
26686,116,96,20,20
26687,93,77,16,16
26688,115,109,6,6
26689,64,58,6,6
26690,117,111,6,6
26691,74,69,5,5
26692,49,44,5,5
26693,72,60,12,12
26694,86,79,7,7
26695,52,48,4,4
26696,87,77,10,10
26697,152,135,17,17
26698,61,61,0,0
26699,67,63,4,4
26700,64,65,-1,1
26701,100,90,10,10
26702,135,105,30,30
26703,120,109,11,11
26704,124,100,24,24
26705,105,99,6,6
26706,144,132,12,12
26707,100,91,9,9
26708,80,72,8,8
26709,73,77,-4,4
26710,82,76,6,6
26711,76,64,12,12
26712,115,104,11,11
26713,106,98,8,8
26714,125,113,12,12
26715,86,73,13,13
26716,94,82,12,12
26717,80,77,3,3
26718,145,118,27,27
26719,122,103,19,19
26720,122,108,14,14
26721,115,101,14,14
26722,66,61,5,5
26723,85,70,15,15
26724,95,92,3,3
26725,110,88,22,22
26726,49,56,-7,7
26727,80,83,-3,3
26728,101,86,15,15
26729,77,68,9,9
26730,89,89,0,0
26731,130,106,24,24
26732,106,105,1,1
26733,56,48,8,8
26734,68,57,11,11
26735,152,128,24,24
26736,113,103,10,10
26737,98,87,11,11
26738,125,107,18,18
26739,71,64,7,7
26740,123,105,18,18
26741,97,73,24,24
26742,77,70,7,7
26743,56,55,1,1
26744,127,109,18,18
26745,49,53,-4,4
26746,115,98,17,17
26747,61,57,4,4
26748,97,83,14,14
26749,101,93,8,8
26750,77,74,3,3
26751,117,115,2,2
26752,90,89,1,1
26753,120,101,19,19
26754,80,72,8,8
26755,71,60,11,11
26756,54,52,2,2
26757,80,75,5,5
26758,110,99,11,11
26759,71,79,-8,8
26760,82,77,5,5
26761,68,69,-1,1
26762,78,78,0,0
26763,69,60,9,9
26764,87,83,4,4
26765,94,79,15,15
26766,137,118,19,19
26767,57,55,2,2
26768,56,50,6,6
26769,57,60,-3,3
26770,62,54,8,8
26771,63,63,0,0
26772,165,142,23,23
26773,115,98,17,17
26774,133,117,16,16
26775,94,74,20,20
26776,107,99,8,8
26777,106,90,16,16
26778,112,105,7,7
26779,93,82,11,11
26780,55,56,-1,1
26781,85,77,8,8
26782,41,37,4,4
26783,120,98,22,22
26784,99,87,12,12
26785,83,66,17,17
26786,84,77,7,7
26787,110,94,16,16
26788,124,120,4,4
26789,122,102,20,20
26790,38,40,-2,2
26791,120,102,18,18
26792,97,88,9,9
26793,61,57,4,4
26794,113,105,8,8
26795,74,62,12,12
26796,79,68,11,11
26797,125,98,27,27
26798,81,71,10,10
26799,125,106,19,19
26800,123,111,12,12
26801,90,85,5,5
26802,48,50,-2,2
26803,55,53,2,2
26804,62,62,0,0
26805,64,68,-4,4
26806,91,84,7,7
26807,145,132,13,13
26808,86,73,13,13
26809,66,64,2,2
26810,116,112,4,4
26811,76,67,9,9
26812,88,85,3,3
26813,103,99,4,4
26814,97,92,5,5
26815,138,115,23,23
26816,75,69,6,6
26817,92,75,17,17
26818,149,133,16,16
26819,60,55,5,5
26820,108,99,9,9
26821,30,35,-5,5
26822,89,75,14,14
26823,49,49,0,0
26824,97,81,16,16
26825,128,104,24,24
26826,96,85,11,11
26827,96,83,13,13
26828,63,50,13,13
26829,76,67,9,9
26830,106,101,5,5
26831,79,77,2,2
26832,127,105,22,22
26833,45,46,-1,1
26834,105,101,4,4
26835,90,78,12,12
26836,43,41,2,2
26837,235,152,83,83
26838,50,52,-2,2
26839,111,91,20,20
26840,69,61,8,8
26841,52,127,-75,75
26842,105,92,13,13
26843,49,44,5,5
26844,66,63,3,3
26845,64,60,4,4
26846,75,62,13,13
26847,70,66,4,4
26848,96,81,15,15
26849,86,81,5,5
26850,109,95,14,14
26851,357,211,146,146
26852,74,65,9,9
26853,96,91,5,5
26854,101,94,7,7
26855,86,80,6,6
26856,97,77,20,20
26857,47,41,6,6
26858,76,78,-2,2
26859,139,117,22,22
26860,127,111,16,16
26861,119,98,21,21
26862,133,112,21,21
26863,190,172,18,18
26864,119,100,19,19
26865,96,85,11,11
26866,31,28,3,3
26867,94,97,-3,3
26868,112,111,1,1
26869,104,90,14,14
26870,162,133,29,29
26871,128,109,19,19
26872,142,130,12,12
26873,107,73,34,34
26874,120,96,24,24
26875,57,53,4,4
26876,157,135,22,22
26877,94,84,10,10
26878,109,106,3,3
26879,58,60,-2,2
26880,108,84,24,24
26881,88,74,14,14
26882,123,116,7,7
26883,85,77,8,8
26884,136,125,11,11
26885,72,65,7,7
26886,77,66,11,11
26887,59,51,8,8
26888,154,129,25,25
26889,63,70,-7,7
26890,40,38,2,2
26891,142,134,8,8
26892,160,134,26,26
26893,68,56,12,12
26894,91,71,20,20
26895,77,74,3,3
26896,135,119,16,16
26897,134,177,-43,43
26898,172,155,17,17
26899,131,141,-10,10
26900,86,81,5,5
26901,67,65,2,2
26902,55,51,4,4
26903,148,128,20,20
26904,66,63,3,3
26905,120,95,25,25
26906,83,72,11,11
26907,101,85,16,16
26908,83,66,17,17
26909,106,116,-10,10
26910,99,89,10,10
26911,67,63,4,4
26912,130,115,15,15
26913,79,71,8,8
26914,43,47,-4,4
26915,146,121,25,25
26916,57,54,3,3
26917,100,97,3,3
26918,139,112,27,27
26919,114,90,24,24
26920,61,56,5,5
26921,77,82,-5,5
26922,102,100,2,2
26923,104,88,16,16
26924,145,131,14,14
26925,81,78,3,3
26926,87,84,3,3
26927,135,128,7,7
26928,117,104,13,13
26929,82,67,15,15
26930,118,107,11,11
26931,106,102,4,4
26932,123,109,14,14
26933,109,100,9,9
26934,66,59,7,7
26935,86,76,10,10
26936,104,96,8,8
26937,61,67,-6,6
26938,59,75,-16,16
26939,68,63,5,5
26940,68,65,3,3
26941,63,60,3,3
26942,85,72,13,13
26943,135,123,12,12
26944,117,110,7,7
26945,134,111,23,23
26946,104,94,10,10
26947,73,67,6,6
26948,79,71,8,8
26949,137,121,16,16
26950,106,84,22,22
26951,80,59,21,21
26952,175,146,29,29
26953,96,89,7,7
26954,137,113,24,24
26955,119,103,16,16
26956,118,104,14,14
26957,135,118,17,17
26958,127,93,34,34
26959,103,95,8,8
26960,87,79,8,8
26961,90,63,27,27
26962,50,49,1,1
26963,68,63,5,5
26964,75,67,8,8
26965,150,137,13,13
26966,107,88,19,19
26967,122,107,15,15
26968,48,42,6,6
26969,141,129,12,12
26970,96,84,12,12
26971,93,84,9,9
26972,85,73,12,12
26973,55,50,5,5
26974,51,48,3,3
26975,99,87,12,12
26976,52,55,-3,3
26977,79,63,16,16
26978,110,98,12,12
26979,121,103,18,18
26980,37,35,2,2
26981,92,83,9,9
26982,66,50,16,16
26983,148,111,37,37
26984,83,71,12,12
26985,175,149,26,26
26986,88,70,18,18
26987,110,95,15,15
26988,79,75,4,4
26989,64,51,13,13
26990,124,101,23,23
26991,129,109,20,20
26992,91,80,11,11
26993,59,50,9,9
26994,49,58,-9,9
26995,132,114,18,18
26996,76,98,-22,22
26997,110,92,18,18
26998,61,53,8,8
26999,90,81,9,9
27000,126,113,13,13
27001,98,87,11,11
27002,59,51,8,8
27003,93,88,5,5
27004,76,61,15,15
27005,75,60,15,15
27006,85,79,6,6
27007,149,123,26,26
27008,89,76,13,13
27009,112,99,13,13
27010,88,73,15,15
27011,65,56,9,9
27012,86,78,8,8
27013,64,49,15,15
27014,81,83,-2,2
27015,86,80,6,6
27016,70,59,11,11
27017,150,116,34,34
27018,102,84,18,18
27019,92,74,18,18
27020,47,50,-3,3
27021,92,87,5,5
27022,108,94,14,14
27023,85,78,7,7
27024,127,112,15,15
27025,114,99,15,15
27026,89,72,17,17
27027,98,91,7,7
27028,47,41,6,6
27029,95,93,2,2
27030,174,159,15,15
27031,74,65,9,9
27032,214,188,26,26
27033,35,40,-5,5
27034,202,183,19,19
27035,83,70,13,13
27036,125,104,21,21
27037,109,85,24,24
27038,54,53,1,1
27039,56,52,4,4
27040,71,67,4,4
27041,81,71,10,10
27042,78,70,8,8
27043,61,53,8,8
27044,77,66,11,11
27045,114,98,16,16
27046,59,56,3,3
27047,116,112,4,4
27048,49,54,-5,5
27049,66,72,-6,6
27050,91,71,20,20
27051,98,89,9,9
27052,73,66,7,7
27053,78,69,9,9
27054,105,99,6,6
27055,112,95,17,17
27056,84,78,6,6
27057,78,62,16,16
27058,112,106,6,6
27059,178,137,41,41
27060,134,122,12,12
27061,93,79,14,14
27062,99,89,10,10
27063,67,61,6,6
27064,76,70,6,6
27065,80,67,13,13
27066,74,64,10,10
27067,83,75,8,8
27068,99,101,-2,2
27069,70,54,16,16
27070,64,62,2,2
27071,128,110,18,18
27072,93,75,18,18
27073,65,56,9,9
27074,40,39,1,1
27075,133,112,21,21
27076,97,89,8,8
27077,89,85,4,4
27078,73,65,8,8
27079,102,82,20,20
27080,62,57,5,5
27081,91,83,8,8
27082,147,126,21,21
27083,70,60,10,10
27084,71,64,7,7
27085,86,77,9,9
27086,62,56,6,6
27087,104,80,24,24
27088,72,61,11,11
27089,52,48,4,4
27090,38,42,-4,4
27091,67,64,3,3
27092,196,166,30,30
27093,47,41,6,6
27094,51,50,1,1
27095,88,76,12,12
27096,96,85,11,11
27097,42,41,1,1
27098,101,93,8,8
27099,105,88,17,17
27100,70,61,9,9
27101,87,90,-3,3
27102,120,109,11,11
27103,71,62,9,9
27104,118,99,19,19
27105,71,74,-3,3
27106,101,97,4,4
27107,80,66,14,14
27108,107,88,19,19
27109,87,71,16,16
27110,60,61,-1,1
27111,56,47,9,9
27112,79,72,7,7
27113,148,127,21,21
27114,75,67,8,8
27115,53,50,3,3
27116,88,76,12,12
27117,104,114,-10,10
27118,77,62,15,15
27119,53,49,4,4
27120,114,102,12,12
27121,74,62,12,12
27122,73,74,-1,1
27123,127,108,19,19
27124,81,68,13,13
27125,127,114,13,13
27126,139,113,26,26
27127,78,69,9,9
27128,79,68,11,11
27129,115,97,18,18
27130,125,101,24,24
27131,141,125,16,16
27132,127,100,27,27
27133,105,95,10,10
27134,57,56,1,1
27135,99,92,7,7
27136,91,78,13,13
27137,98,80,18,18
27138,114,114,0,0
27139,74,65,9,9
27140,143,113,30,30
27141,68,64,4,4
27142,159,133,26,26
27143,69,60,9,9
27144,72,59,13,13
27145,48,46,2,2
27146,110,99,11,11
27147,86,75,11,11
27148,72,67,5,5
27149,80,67,13,13
27150,70,68,2,2
27151,37,39,-2,2
27152,79,69,10,10
27153,53,43,10,10
27154,82,72,10,10
27155,55,54,1,1
27156,72,71,1,1
27157,104,93,11,11
27158,81,74,7,7
27159,131,124,7,7
27160,110,105,5,5
27161,70,67,3,3
27162,96,92,4,4
27163,56,58,-2,2
27164,76,74,2,2
27165,87,80,7,7
27166,100,83,17,17
27167,51,50,1,1
27168,67,59,8,8
27169,50,48,2,2
27170,72,77,-5,5
27171,69,61,8,8
27172,96,90,6,6
27173,90,75,15,15
27174,84,77,7,7
27175,136,125,11,11
27176,83,72,11,11
27177,93,86,7,7
27178,130,130,0,0
27179,111,101,10,10
27180,107,109,-2,2
27181,112,107,5,5
27182,27,30,-3,3
27183,156,127,29,29
27184,102,84,18,18
27185,122,110,12,12
27186,114,94,20,20
27187,39,38,1,1
27188,137,117,20,20
27189,86,75,11,11
27190,83,68,15,15
27191,148,126,22,22
27192,108,98,10,10
27193,102,86,16,16
27194,95,86,9,9
27195,52,55,-3,3
27196,78,72,6,6
27197,99,89,10,10
27198,124,114,10,10
27199,94,92,2,2
27200,120,110,10,10
27201,102,94,8,8
27202,128,116,12,12
27203,64,51,13,13
27204,78,68,10,10
27205,65,67,-2,2
27206,128,119,9,9
27207,88,72,16,16
27208,63,63,0,0
27209,86,83,3,3
27210,102,93,9,9
27211,120,92,28,28
27212,95,91,4,4
27213,83,71,12,12
27214,96,96,0,0
27215,75,69,6,6
27216,50,46,4,4
27217,69,60,9,9
27218,118,95,23,23
27219,103,98,5,5
27220,88,84,4,4
27221,83,75,8,8
27222,113,94,19,19
27223,89,74,15,15
27224,92,81,11,11
27225,96,89,7,7
27226,97,108,-11,11
27227,57,48,9,9
27228,70,64,6,6
27229,79,78,1,1
27230,81,73,8,8
27231,106,92,14,14
27232,178,150,28,28
27233,141,125,16,16
27234,97,85,12,12
27235,152,138,14,14
27236,82,71,11,11
27237,62,52,10,10
27238,69,67,2,2
27239,145,126,19,19
27240,80,70,10,10
27241,124,108,16,16
27242,128,110,18,18
27243,147,121,26,26
27244,181,165,16,16
27245,92,85,7,7
27246,48,45,3,3
27247,144,126,18,18
27248,54,56,-2,2
27249,116,97,19,19
27250,106,94,12,12
27251,72,63,9,9
27252,139,116,23,23
27253,153,138,15,15
27254,105,86,19,19
27255,152,129,23,23
27256,137,109,28,28
27257,123,113,10,10
27258,49,50,-1,1
27259,80,66,14,14
27260,63,47,16,16
27261,35,56,-21,21
27262,53,51,2,2
27263,80,76,4,4
27264,56,45,11,11
27265,143,134,9,9
27266,160,136,24,24
27267,98,87,11,11
27268,98,81,17,17
27269,83,79,4,4
27270,117,115,2,2
27271,143,127,16,16
27272,91,87,4,4
27273,60,61,-1,1
27274,106,88,18,18
27275,33,39,-6,6
27276,65,57,8,8
27277,79,67,12,12
27278,47,42,5,5
27279,78,70,8,8
27280,108,99,9,9
27281,59,57,2,2
27282,75,73,2,2
27283,130,117,13,13
27284,75,76,-1,1
27285,89,81,8,8
27286,85,70,15,15
27287,127,111,16,16
27288,71,72,-1,1
27289,103,90,13,13
27290,40,38,2,2
27291,57,62,-5,5
27292,142,123,19,19
27293,61,66,-5,5
27294,77,64,13,13
27295,95,90,5,5
27296,90,67,23,23
27297,101,93,8,8
27298,64,54,10,10
27299,154,118,36,36
27300,90,78,12,12
27301,103,92,11,11
27302,134,117,17,17
27303,96,73,23,23
27304,48,43,5,5
27305,88,73,15,15
27306,126,110,16,16
27307,80,65,15,15
27308,66,59,7,7
27309,43,40,3,3
27310,71,60,11,11
27311,102,88,14,14
27312,78,67,11,11
27313,99,87,12,12
27314,110,96,14,14
27315,105,95,10,10
27316,103,100,3,3
27317,103,92,11,11
27318,62,79,-17,17
27319,92,85,7,7
27320,68,66,2,2
27321,94,85,9,9
27322,97,88,9,9
27323,50,55,-5,5
27324,46,54,-8,8
27325,76,64,12,12
27326,127,96,31,31
27327,55,51,4,4
27328,62,55,7,7
27329,114,102,12,12
27330,70,60,10,10
27331,110,96,14,14
27332,115,102,13,13
27333,102,83,19,19
27334,105,101,4,4
27335,99,84,15,15
27336,122,109,13,13
27337,69,65,4,4
27338,69,55,14,14
27339,79,70,9,9
27340,67,64,3,3
27341,76,66,10,10
27342,54,49,5,5
27343,96,82,14,14
27344,90,81,9,9
27345,73,61,12,12
27346,76,69,7,7
27347,48,49,-1,1
27348,104,98,6,6
27349,64,59,5,5
27350,76,67,9,9
27351,106,94,12,12
27352,58,54,4,4
27353,118,108,10,10
27354,78,73,5,5
27355,119,107,12,12
27356,64,60,4,4
27357,144,107,37,37
27358,112,91,21,21
27359,60,54,6,6
27360,58,74,-16,16
27361,148,147,1,1
27362,70,61,9,9
27363,193,157,36,36
27364,90,85,5,5
27365,50,47,3,3
27366,94,80,14,14
27367,114,93,21,21
27368,57,53,4,4
27369,72,77,-5,5
27370,97,73,24,24
27371,121,104,17,17
27372,96,84,12,12
27373,78,75,3,3
27374,124,118,6,6
27375,156,138,18,18
27376,103,86,17,17
27377,117,106,11,11
27378,75,56,19,19
27379,101,94,7,7
27380,45,40,5,5
27381,60,55,5,5
27382,124,113,11,11
27383,129,113,16,16
27384,90,83,7,7
27385,79,75,4,4
27386,64,58,6,6
27387,87,86,1,1
27388,138,121,17,17
27389,106,98,8,8
27390,96,88,8,8
27391,124,108,16,16
27392,78,68,10,10
27393,99,83,16,16
27394,208,154,54,54
27395,111,96,15,15
27396,107,90,17,17
27397,92,76,16,16
27398,87,72,15,15
27399,108,104,4,4
27400,70,55,15,15
27401,115,104,11,11
27402,86,80,6,6
27403,86,73,13,13
27404,165,148,17,17
27405,59,88,-29,29
27406,111,106,5,5
27407,196,156,40,40
27408,99,88,11,11
27409,121,88,33,33
27410,57,49,8,8
27411,78,67,11,11
27412,98,91,7,7
27413,90,70,20,20
27414,89,81,8,8
27415,97,83,14,14
27416,77,67,10,10
27417,78,67,11,11
27418,95,98,-3,3
27419,98,84,14,14
27420,126,105,21,21
27421,107,99,8,8
27422,83,73,10,10
27423,129,118,11,11
27424,93,87,6,6
27425,210,159,51,51
27426,112,100,12,12
27427,51,48,3,3
27428,93,75,18,18
27429,61,64,-3,3
27430,76,74,2,2
27431,107,95,12,12
27432,115,87,28,28
27433,106,95,11,11
27434,77,71,6,6
27435,102,94,8,8
27436,54,54,0,0
27437,81,64,17,17
27438,64,67,-3,3
27439,134,119,15,15
27440,124,100,24,24
27441,49,51,-2,2
27442,90,91,-1,1
27443,72,58,14,14
27444,76,71,5,5
27445,114,96,18,18
27446,59,62,-3,3
27447,97,101,-4,4
27448,96,81,15,15
27449,177,130,47,47
27450,111,99,12,12
27451,105,100,5,5
27452,78,79,-1,1
27453,85,84,1,1
27454,71,63,8,8
27455,114,104,10,10
27456,78,73,5,5
27457,164,143,21,21
27458,75,70,5,5
27459,128,110,18,18
27460,105,106,-1,1
27461,75,64,11,11
27462,87,81,6,6
27463,104,89,15,15
27464,130,110,20,20
27465,101,95,6,6
27466,81,73,8,8
27467,75,65,10,10
27468,115,100,15,15
27469,80,64,16,16
27470,54,59,-5,5
27471,93,88,5,5
27472,142,112,30,30
27473,41,42,-1,1
27474,78,72,6,6
27475,62,57,5,5
27476,68,68,0,0
27477,45,49,-4,4
27478,99,86,13,13
27479,92,77,15,15
27480,88,70,18,18
27481,134,124,10,10
27482,112,92,20,20
27483,97,94,3,3
27484,131,123,8,8
27485,71,61,10,10
27486,39,39,0,0
27487,68,64,4,4
27488,47,46,1,1
27489,60,53,7,7
27490,151,127,24,24
27491,81,61,20,20
27492,104,86,18,18
27493,99,95,4,4
27494,103,89,14,14
27495,84,74,10,10
27496,92,83,9,9
27497,108,97,11,11
27498,124,108,16,16
27499,68,67,1,1
27500,107,97,10,10
27501,97,74,23,23
27502,108,93,15,15
27503,54,57,-3,3
27504,75,67,8,8
27505,43,43,0,0
27506,105,95,10,10
27507,103,99,4,4
27508,85,82,3,3
27509,121,108,13,13
27510,85,77,8,8
27511,102,84,18,18
27512,113,108,5,5
27513,70,66,4,4
27514,120,102,18,18
27515,106,87,19,19
27516,72,67,5,5
27517,89,80,9,9
27518,90,75,15,15
27519,52,45,7,7
27520,78,70,8,8
27521,88,83,5,5
27522,290,220,70,70
27523,98,86,12,12
27524,94,86,8,8
27525,130,107,23,23
27526,50,57,-7,7
27527,102,87,15,15
27528,72,65,7,7
27529,79,66,13,13
27530,101,92,9,9
27531,88,71,17,17
27532,75,68,7,7
27533,109,108,1,1
27534,68,60,8,8
27535,117,102,15,15
27536,112,99,13,13
27537,149,127,22,22
27538,94,90,4,4
27539,73,64,9,9
27540,86,73,13,13
27541,68,64,4,4
27542,94,82,12,12
27543,96,87,9,9
27544,86,101,-15,15
27545,84,77,7,7
27546,98,81,17,17
27547,149,128,21,21
27548,92,82,10,10
27549,72,60,12,12
27550,108,97,11,11
27551,85,87,-2,2
27552,92,82,10,10
27553,72,68,4,4
27554,73,70,3,3
27555,91,83,8,8
27556,167,155,12,12
27557,78,78,0,0
27558,50,55,-5,5
27559,96,74,22,22
27560,105,97,8,8
27561,102,93,9,9
27562,106,89,17,17
27563,138,114,24,24
27564,123,111,12,12
27565,76,65,11,11
27566,95,83,12,12
27567,87,78,9,9
27568,154,140,14,14
27569,75,66,9,9
27570,137,112,25,25
27571,98,75,23,23
27572,96,86,10,10
27573,68,64,4,4
27574,66,66,0,0
27575,96,88,8,8
27576,99,90,9,9
27577,53,57,-4,4
27578,36,56,-20,20
27579,79,76,3,3
27580,108,96,12,12
27581,20,29,-9,9
27582,95,85,10,10
27583,78,73,5,5
27584,114,101,13,13
27585,89,90,-1,1
27586,118,123,-5,5
27587,163,133,30,30
27588,64,56,8,8
27589,50,39,11,11
27590,65,59,6,6
27591,91,79,12,12
27592,126,114,12,12
27593,96,84,12,12
27594,115,98,17,17
27595,114,101,13,13
27596,139,105,34,34
27597,45,52,-7,7
27598,155,142,13,13
27599,77,63,14,14
27600,105,82,23,23
27601,156,117,39,39
27602,90,80,10,10
27603,105,86,19,19
27604,36,40,-4,4
27605,134,125,9,9
27606,111,109,2,2
27607,61,49,12,12
27608,97,88,9,9
27609,76,68,8,8
27610,81,76,5,5
27611,71,63,8,8
27612,99,83,16,16
27613,98,90,8,8
27614,89,75,14,14
27615,153,130,23,23
27616,110,103,7,7
27617,61,55,6,6
27618,72,68,4,4
27619,107,95,12,12
27620,107,95,12,12
27621,116,99,17,17
27622,116,99,17,17
27623,71,63,8,8
27624,95,84,11,11
27625,99,89,10,10
27626,59,50,9,9
27627,107,114,-7,7
27628,130,113,17,17
27629,95,70,25,25
27630,165,133,32,32
27631,171,140,31,31
27632,93,92,1,1
27633,79,77,2,2
27634,175,147,28,28
27635,121,108,13,13
27636,155,138,17,17
27637,174,153,21,21
27638,81,64,17,17
27639,57,49,8,8
27640,180,138,42,42
27641,116,99,17,17
27642,162,142,20,20
27643,77,69,8,8
27644,78,68,10,10
27645,111,97,14,14
27646,87,73,14,14
27647,37,40,-3,3
27648,176,151,25,25
27649,69,69,0,0
27650,72,68,4,4
27651,91,83,8,8
27652,102,93,9,9
27653,81,73,8,8
27654,142,124,18,18
27655,189,149,40,40
27656,200,164,36,36
27657,61,59,2,2
27658,89,80,9,9
27659,94,87,7,7
27660,88,78,10,10
27661,85,70,15,15
27662,88,76,12,12
27663,52,51,1,1
27664,61,74,-13,13
27665,79,67,12,12
27666,141,121,20,20
27667,83,73,10,10
27668,112,130,-18,18
27669,123,106,17,17
27670,54,45,9,9
27671,66,58,8,8
27672,117,104,13,13
27673,73,66,7,7
27674,70,76,-6,6
27675,66,56,10,10
27676,105,109,-4,4
27677,77,69,8,8
27678,100,86,14,14
27679,167,130,37,37
27680,73,65,8,8
27681,130,112,18,18
27682,87,66,21,21
27683,85,71,14,14
27684,69,63,6,6
27685,73,67,6,6
27686,77,71,6,6
27687,138,122,16,16
27688,80,78,2,2
27689,55,50,5,5
27690,117,95,22,22
27691,110,95,15,15
27692,60,53,7,7
27693,96,79,17,17
27694,85,71,14,14
27695,106,103,3,3
27696,94,84,10,10
27697,69,69,0,0
27698,125,116,9,9
27699,179,146,33,33
27700,86,75,11,11
27701,129,114,15,15
27702,82,76,6,6
27703,91,71,20,20
27704,150,131,19,19
27705,57,55,2,2
27706,70,61,9,9
27707,134,115,19,19
27708,71,67,4,4
27709,74,72,2,2
27710,83,74,9,9
27711,82,91,-9,9
27712,70,64,6,6
27713,82,81,1,1
27714,52,51,1,1
27715,93,76,17,17
27716,54,52,2,2
27717,136,123,13,13
27718,72,65,7,7
27719,86,98,-12,12
27720,108,104,4,4
27721,93,77,16,16
27722,57,67,-10,10
27723,78,69,9,9
27724,130,110,20,20
27725,83,76,7,7
27726,116,92,24,24
27727,103,84,19,19
27728,79,72,7,7
27729,43,43,0,0
27730,100,92,8,8
27731,77,67,10,10
27732,127,109,18,18
27733,83,70,13,13
27734,134,136,-2,2
27735,108,85,23,23
27736,122,103,19,19
27737,86,79,7,7
27738,71,63,8,8
27739,111,97,14,14
27740,132,108,24,24
27741,200,172,28,28
27742,77,67,10,10
27743,131,102,29,29
27744,75,71,4,4
27745,66,59,7,7
27746,83,72,11,11
27747,155,130,25,25
27748,104,80,24,24
27749,85,71,14,14
27750,149,122,27,27
27751,198,218,-20,20
27752,68,71,-3,3
27753,143,98,45,45
27754,118,97,21,21
27755,75,66,9,9
27756,150,156,-6,6
27757,52,48,4,4
27758,153,135,18,18
27759,88,88,0,0
27760,101,103,-2,2
27761,74,63,11,11
27762,102,96,6,6
27763,140,121,19,19
27764,71,58,13,13
27765,110,85,25,25
27766,110,101,9,9
27767,63,58,5,5
27768,66,60,6,6
27769,49,49,0,0
27770,54,48,6,6
27771,86,78,8,8
27772,58,52,6,6
27773,54,51,3,3
27774,60,59,1,1
27775,77,70,7,7
27776,70,69,1,1
27777,91,81,10,10
27778,112,101,11,11
27779,89,76,13,13
27780,80,69,11,11
27781,95,84,11,11
27782,98,82,16,16
27783,91,81,10,10
27784,117,104,13,13
27785,76,73,3,3
27786,126,137,-11,11
27787,131,110,21,21
27788,65,62,3,3
27789,90,74,16,16
27790,77,68,9,9
27791,114,102,12,12
27792,88,76,12,12
27793,90,78,12,12
27794,84,82,2,2
27795,135,108,27,27
27796,95,80,15,15
27797,94,94,0,0
27798,106,93,13,13
27799,75,66,9,9
27800,115,100,15,15
27801,143,129,14,14
27802,60,53,7,7
27803,68,57,11,11
27804,73,63,10,10
27805,168,132,36,36
27806,99,93,6,6
27807,108,94,14,14
27808,77,77,0,0
27809,60,48,12,12
27810,79,67,12,12
27811,103,106,-3,3
27812,120,110,10,10
27813,137,134,3,3
27814,80,81,-1,1
27815,78,71,7,7
27816,49,49,0,0
27817,97,96,1,1
27818,104,95,9,9
27819,172,145,27,27
27820,154,136,18,18
27821,93,89,4,4
27822,103,84,19,19
27823,51,50,1,1
27824,72,64,8,8
27825,81,73,8,8
27826,69,58,11,11
27827,111,93,18,18
27828,106,94,12,12
27829,143,118,25,25
27830,46,40,6,6
27831,118,109,9,9
27832,136,107,29,29
27833,103,86,17,17
27834,115,105,10,10
27835,100,87,13,13
27836,130,109,21,21
27837,146,123,23,23
27838,106,93,13,13
27839,160,140,20,20
27840,151,106,45,45
27841,111,97,14,14
27842,132,106,26,26
27843,70,55,15,15
27844,95,85,10,10
27845,113,99,14,14
27846,100,110,-10,10
27847,84,69,15,15
27848,144,112,32,32
27849,75,70,5,5
27850,127,115,12,12
27851,35,37,-2,2
27852,48,54,-6,6
27853,52,49,3,3
27854,110,100,10,10
27855,109,95,14,14
27856,72,65,7,7
27857,99,87,12,12
27858,58,48,10,10
27859,81,64,17,17
27860,96,76,20,20
27861,71,64,7,7
27862,122,91,31,31
27863,151,128,23,23
27864,92,80,12,12
27865,69,62,7,7
27866,111,95,16,16
27867,106,89,17,17
27868,122,107,15,15
27869,100,74,26,26
27870,62,58,4,4
27871,77,66,11,11
27872,111,99,12,12
27873,68,68,0,0
27874,97,82,15,15
27875,118,80,38,38
27876,118,105,13,13
27877,97,93,4,4
27878,78,72,6,6
27879,146,130,16,16
27880,99,89,10,10
27881,76,65,11,11
27882,64,54,10,10
27883,48,44,4,4
27884,89,77,12,12
27885,59,54,5,5
27886,74,68,6,6
27887,72,68,4,4
27888,83,72,11,11
27889,83,65,18,18
27890,97,90,7,7
27891,100,83,17,17
27892,181,164,17,17
27893,37,36,1,1
27894,64,58,6,6
27895,84,66,18,18
27896,68,57,11,11
27897,54,47,7,7
27898,85,74,11,11
27899,75,68,7,7
27900,98,84,14,14
27901,147,125,22,22
27902,138,120,18,18
27903,61,54,7,7
27904,83,81,2,2
27905,158,128,30,30
27906,119,100,19,19
27907,88,73,15,15
27908,119,104,15,15
27909,118,95,23,23
27910,68,60,8,8
27911,49,48,1,1
27912,112,92,20,20
27913,113,96,17,17
27914,83,79,4,4
27915,81,78,3,3
27916,31,34,-3,3
27917,87,71,16,16
27918,144,126,18,18
27919,133,126,7,7
27920,137,122,15,15
27921,95,86,9,9
27922,80,73,7,7
27923,109,94,15,15
27924,90,85,5,5
27925,70,62,8,8
27926,66,64,2,2
27927,81,64,17,17
27928,156,137,19,19
27929,70,69,1,1
27930,95,93,2,2
27931,109,88,21,21
27932,61,96,-35,35
27933,40,34,6,6
27934,138,130,8,8
27935,96,80,16,16
27936,53,59,-6,6
27937,85,84,1,1
27938,137,115,22,22
27939,113,99,14,14
27940,127,113,14,14
27941,77,66,11,11
27942,66,63,3,3
27943,36,34,2,2
27944,83,79,4,4
27945,120,95,25,25
27946,55,55,0,0
27947,61,59,2,2
27948,68,58,10,10
27949,93,86,7,7
27950,173,153,20,20
27951,58,58,0,0
27952,75,69,6,6
27953,83,66,17,17
27954,141,135,6,6
27955,67,60,7,7
27956,35,41,-6,6
27957,63,59,4,4
27958,52,50,2,2
27959,183,153,30,30
27960,52,46,6,6
27961,72,63,9,9
27962,77,72,5,5
27963,61,52,9,9
27964,124,101,23,23
27965,78,73,5,5
27966,123,110,13,13
27967,122,110,12,12
27968,88,83,5,5
27969,74,70,4,4
27970,66,62,4,4
27971,69,70,-1,1
27972,92,82,10,10
27973,79,68,11,11
27974,45,60,-15,15
27975,115,102,13,13
27976,143,125,18,18
27977,99,93,6,6
27978,129,122,7,7
27979,103,92,11,11
27980,90,90,0,0
27981,88,77,11,11
27982,123,113,10,10
27983,175,134,41,41
27984,95,82,13,13
27985,105,95,10,10
27986,65,64,1,1
27987,66,55,11,11
27988,137,113,24,24
27989,84,77,7,7
27990,110,92,18,18
27991,118,97,21,21
27992,114,103,11,11
27993,97,98,-1,1
27994,90,74,16,16
27995,124,113,11,11
27996,158,141,17,17
27997,67,81,-14,14
27998,96,83,13,13
27999,97,85,12,12
28000,108,95,13,13
28001,106,92,14,14
28002,56,48,8,8
28003,69,63,6,6
28004,41,45,-4,4
28005,67,58,9,9
28006,172,151,21,21
28007,53,48,5,5
28008,94,76,18,18
28009,121,105,16,16
28010,97,74,23,23
28011,91,82,9,9
28012,117,88,29,29
28013,125,131,-6,6
28014,59,53,6,6
28015,114,92,22,22
28016,87,73,14,14
28017,106,95,11,11
28018,77,71,6,6
28019,135,108,27,27
28020,145,115,30,30
28021,72,65,7,7
28022,53,54,-1,1
28023,149,125,24,24
28024,101,93,8,8
28025,76,52,24,24
28026,87,84,3,3
28027,73,61,12,12
28028,107,95,12,12
28029,67,56,11,11
28030,67,65,2,2
28031,80,74,6,6
28032,91,81,10,10
28033,91,77,14,14
28034,104,107,-3,3
28035,66,51,15,15
28036,90,79,11,11
28037,71,74,-3,3
28038,118,93,25,25
28039,87,84,3,3
28040,68,61,7,7
28041,114,107,7,7
28042,117,107,10,10
28043,130,110,20,20
28044,134,129,5,5
28045,125,111,14,14
28046,74,63,11,11
28047,88,75,13,13
28048,56,64,-8,8
28049,116,101,15,15
28050,145,128,17,17
28051,75,60,15,15
28052,71,76,-5,5
28053,50,47,3,3
28054,97,88,9,9
28055,55,44,11,11
28056,52,44,8,8
28057,154,114,40,40
28058,132,112,20,20
28059,180,143,37,37
28060,68,65,3,3
28061,86,78,8,8
28062,147,133,14,14
28063,68,75,-7,7
28064,80,69,11,11
28065,98,80,18,18
28066,109,106,3,3
28067,88,82,6,6
28068,78,75,3,3
28069,86,68,18,18
28070,42,40,2,2
28071,74,76,-2,2
28072,137,120,17,17
28073,110,96,14,14
28074,76,78,-2,2
28075,64,60,4,4
28076,150,121,29,29
28077,116,93,23,23
28078,74,67,7,7
28079,69,59,10,10
28080,55,46,9,9
28081,114,111,3,3
28082,178,164,14,14
28083,78,68,10,10
28084,71,61,10,10
28085,80,76,4,4
28086,119,118,1,1
28087,59,56,3,3
28088,75,61,14,14
28089,77,80,-3,3
28090,64,65,-1,1
28091,118,98,20,20
28092,141,124,17,17
28093,144,133,11,11
28094,118,104,14,14
28095,90,68,22,22
28096,96,88,8,8
28097,107,93,14,14
28098,141,134,7,7
28099,71,55,16,16
28100,94,77,17,17
28101,196,159,37,37
28102,93,92,1,1
28103,122,94,28,28
28104,78,73,5,5
28105,83,91,-8,8
28106,84,69,15,15
28107,65,53,12,12
28108,165,151,14,14
28109,116,115,1,1
28110,91,67,24,24
28111,69,59,10,10
28112,87,71,16,16
28113,94,91,3,3
28114,113,100,13,13
28115,169,152,17,17
28116,112,92,20,20
28117,85,80,5,5
28118,113,95,18,18
28119,145,117,28,28
28120,53,53,0,0
28121,97,86,11,11
28122,102,98,4,4
28123,107,107,0,0
28124,88,74,14,14
28125,76,64,12,12
28126,46,45,1,1
28127,83,76,7,7
28128,99,84,15,15
28129,118,105,13,13
28130,85,70,15,15
28131,112,103,9,9
28132,120,99,21,21
28133,246,186,60,60
28134,124,102,22,22
28135,64,61,3,3
28136,118,95,23,23
28137,118,99,19,19
28138,78,72,6,6
28139,74,72,2,2
28140,86,75,11,11
28141,90,71,19,19
28142,132,126,6,6
28143,125,108,17,17
28144,70,62,8,8
28145,69,60,9,9
28146,119,102,17,17
28147,144,119,25,25
28148,172,145,27,27
28149,83,72,11,11
28150,99,83,16,16
28151,104,92,12,12
28152,127,113,14,14
28153,78,64,14,14
28154,110,87,23,23
28155,53,47,6,6
28156,79,78,1,1
28157,47,38,9,9
28158,123,113,10,10
28159,132,118,14,14
28160,104,94,10,10
28161,127,112,15,15
28162,105,82,23,23
28163,65,63,2,2
28164,100,91,9,9
28165,192,152,40,40
28166,61,81,-20,20
28167,106,102,4,4
28168,38,63,-25,25
28169,186,146,40,40
28170,166,137,29,29
28171,122,103,19,19
28172,141,124,17,17
28173,122,117,5,5
28174,39,55,-16,16
28175,117,109,8,8
28176,128,112,16,16
28177,148,128,20,20
28178,118,103,15,15
28179,96,85,11,11
28180,72,69,3,3
28181,76,60,16,16
28182,63,53,10,10
28183,84,84,0,0
28184,102,91,11,11
28185,75,66,9,9
28186,92,82,10,10
28187,69,60,9,9
28188,94,74,20,20
28189,70,59,11,11
28190,112,91,21,21
28191,87,70,17,17
28192,68,64,4,4
28193,123,125,-2,2
28194,81,60,21,21
28195,116,115,1,1
28196,82,77,5,5
28197,149,118,31,31
28198,60,66,-6,6
28199,59,60,-1,1
28200,110,88,22,22
28201,89,115,-26,26
28202,114,101,13,13
28203,128,111,17,17
28204,57,57,0,0
28205,77,74,3,3
28206,85,76,9,9
28207,194,175,19,19
28208,72,77,-5,5
28209,75,73,2,2
28210,57,73,-16,16
28211,165,137,28,28
28212,99,86,13,13
28213,84,73,11,11
28214,89,84,5,5
28215,64,61,3,3
28216,115,111,4,4
28217,81,78,3,3
28218,96,94,2,2
28219,134,119,15,15
28220,74,63,11,11
28221,121,124,-3,3
28222,81,84,-3,3
28223,58,51,7,7
28224,77,63,14,14
28225,97,86,11,11
28226,66,55,11,11
28227,104,94,10,10
28228,112,104,8,8
28229,59,52,7,7
28230,151,126,25,25
28231,111,91,20,20
28232,133,118,15,15
28233,76,69,7,7
28234,93,87,6,6
28235,76,66,10,10
28236,85,72,13,13
28237,151,137,14,14
28238,76,70,6,6
28239,79,68,11,11
28240,172,165,7,7
28241,148,121,27,27
28242,89,80,9,9
28243,87,70,17,17
28244,128,113,15,15
28245,71,54,17,17
28246,72,60,12,12
28247,77,71,6,6
28248,100,85,15,15
28249,107,99,8,8
28250,86,76,10,10
28251,81,66,15,15
28252,93,81,12,12
28253,56,48,8,8
28254,138,119,19,19
28255,77,72,5,5
28256,175,153,22,22
28257,72,65,7,7
28258,93,82,11,11
28259,92,77,15,15
28260,104,105,-1,1
28261,132,107,25,25
28262,81,77,4,4
28263,71,69,2,2
28264,140,129,11,11
28265,102,87,15,15
28266,53,49,4,4
28267,87,82,5,5
28268,147,128,19,19
28269,93,92,1,1
28270,65,61,4,4
28271,154,129,25,25
28272,222,183,39,39
28273,107,90,17,17
28274,81,68,13,13
28275,59,56,3,3
28276,63,57,6,6
28277,100,90,10,10
28278,89,72,17,17
28279,70,59,11,11
28280,90,83,7,7
28281,135,124,11,11
28282,112,96,16,16
28283,102,88,14,14
28284,126,117,9,9
28285,87,81,6,6
28286,98,86,12,12
28287,128,105,23,23
28288,54,50,4,4
28289,88,80,8,8
28290,79,69,10,10
28291,177,149,28,28
28292,110,97,13,13
28293,68,67,1,1
28294,126,114,12,12
28295,115,102,13,13
28296,105,99,6,6
28297,86,76,10,10
28298,66,88,-22,22
28299,65,52,13,13
28300,78,77,1,1
28301,87,77,10,10
28302,108,97,11,11
28303,46,51,-5,5
28304,106,95,11,11
28305,127,109,18,18
28306,137,124,13,13
28307,84,68,16,16
28308,73,70,3,3
28309,70,62,8,8
28310,76,66,10,10
28311,84,73,11,11
28312,125,91,34,34
28313,73,69,4,4
28314,176,157,19,19
28315,97,80,17,17
28316,128,111,17,17
28317,74,68,6,6
28318,145,124,21,21
28319,93,87,6,6
28320,70,66,4,4
28321,67,71,-4,4
28322,84,75,9,9
28323,59,53,6,6
28324,92,82,10,10
28325,112,94,18,18
28326,51,47,4,4
28327,56,50,6,6
28328,92,81,11,11
28329,49,51,-2,2
28330,98,91,7,7
28331,71,68,3,3
28332,72,65,7,7
28333,68,68,0,0
28334,87,81,6,6
28335,121,104,17,17
28336,94,84,10,10
28337,76,74,2,2
28338,112,94,18,18
28339,69,56,13,13
28340,113,100,13,13
28341,129,120,9,9
28342,105,99,6,6
28343,99,96,3,3
28344,58,56,2,2
28345,130,108,22,22
28346,85,73,12,12
28347,73,59,14,14
28348,56,45,11,11
28349,97,95,2,2
28350,104,97,7,7
28351,73,68,5,5
28352,111,92,19,19
28353,73,60,13,13
28354,98,80,18,18
28355,102,96,6,6
28356,80,67,13,13
28357,47,42,5,5
28358,102,99,3,3
28359,76,68,8,8
28360,69,71,-2,2
28361,85,78,7,7
28362,111,107,4,4
28363,34,33,1,1
28364,137,124,13,13
28365,79,70,9,9
28366,72,71,1,1
28367,62,61,1,1
28368,91,81,10,10
28369,82,75,7,7
28370,120,120,0,0
28371,92,87,5,5
28372,110,103,7,7
28373,122,107,15,15
28374,119,103,16,16
28375,183,159,24,24
28376,61,60,1,1
28377,97,78,19,19
28378,117,106,11,11
28379,71,66,5,5
28380,100,81,19,19
28381,119,101,18,18
28382,94,72,22,22
28383,94,86,8,8
28384,97,75,22,22
28385,62,51,11,11
28386,74,68,6,6
28387,104,95,9,9
28388,143,132,11,11
28389,74,68,6,6
28390,126,109,17,17
28391,64,63,1,1
28392,97,81,16,16
28393,82,72,10,10
28394,56,58,-2,2
28395,98,92,6,6
28396,139,120,19,19
28397,102,94,8,8
28398,100,91,9,9
28399,115,90,25,25
28400,138,109,29,29
28401,39,39,0,0
28402,132,121,11,11
28403,127,116,11,11
28404,98,81,17,17
28405,83,64,19,19
28406,106,99,7,7
28407,161,135,26,26
28408,77,59,18,18
28409,76,78,-2,2
28410,96,79,17,17
28411,107,97,10,10
28412,85,193,-108,108
28413,79,74,5,5
28414,102,88,14,14
28415,57,49,8,8
28416,79,72,7,7
28417,76,78,-2,2
28418,82,77,5,5
28419,56,49,7,7
28420,84,71,13,13
28421,110,91,19,19
28422,183,149,34,34
28423,118,111,7,7
28424,100,83,17,17
28425,109,88,21,21
28426,101,85,16,16
28427,57,57,0,0
28428,89,97,-8,8
28429,148,122,26,26
28430,202,179,23,23
28431,137,130,7,7
28432,91,79,12,12
28433,112,101,11,11
28434,68,64,4,4
28435,83,72,11,11
28436,72,62,10,10
28437,79,68,11,11
28438,116,105,11,11
28439,54,50,4,4
28440,87,80,7,7
28441,82,73,9,9
28442,104,90,14,14
28443,126,110,16,16
28444,106,99,7,7
28445,116,98,18,18
28446,91,85,6,6
28447,77,67,10,10
28448,123,128,-5,5
28449,145,124,21,21
28450,88,73,15,15
28451,95,98,-3,3
28452,79,76,3,3
28453,91,87,4,4
28454,133,111,22,22
28455,165,162,3,3
28456,61,52,9,9
28457,63,61,2,2
28458,120,105,15,15
28459,54,46,8,8
28460,145,129,16,16
28461,130,116,14,14
28462,68,62,6,6
28463,55,51,4,4
28464,90,77,13,13
28465,102,82,20,20
28466,52,47,5,5
28467,102,93,9,9
28468,162,144,18,18
28469,85,83,2,2
28470,81,73,8,8
28471,57,48,9,9
28472,82,67,15,15
28473,135,87,48,48
28474,43,42,1,1
28475,82,68,14,14
28476,66,63,3,3
28477,102,91,11,11
28478,70,63,7,7
28479,151,132,19,19
28480,127,115,12,12
28481,77,54,23,23
28482,137,110,27,27
28483,83,66,17,17
28484,183,153,30,30
28485,43,37,6,6
28486,129,116,13,13
28487,58,49,9,9
28488,73,66,7,7
28489,67,55,12,12
28490,57,55,2,2
28491,133,129,4,4
28492,76,71,5,5
28493,87,78,9,9
28494,76,71,5,5
28495,99,79,20,20
28496,95,85,10,10
28497,56,54,2,2
28498,146,123,23,23
28499,123,98,25,25
28500,93,103,-10,10
28501,71,66,5,5
28502,97,82,15,15
28503,122,99,23,23
28504,97,87,10,10
28505,86,73,13,13
28506,87,80,7,7
28507,134,110,24,24
28508,99,94,5,5
28509,135,121,14,14
28510,85,73,12,12
28511,132,118,14,14
28512,54,49,5,5
28513,77,76,1,1
28514,63,63,0,0
28515,138,125,13,13
28516,58,54,4,4
28517,141,118,23,23
28518,161,142,19,19
28519,105,104,1,1
28520,107,103,4,4
28521,153,145,8,8
28522,90,82,8,8
28523,147,133,14,14
28524,92,87,5,5
28525,34,28,6,6
28526,90,85,5,5
28527,50,50,0,0
28528,83,71,12,12
28529,127,123,4,4
28530,59,49,10,10
28531,57,54,3,3
28532,115,106,9,9
28533,91,87,4,4
28534,143,119,24,24
28535,119,100,19,19
28536,97,88,9,9
28537,155,135,20,20
28538,128,110,18,18
28539,67,62,5,5
28540,60,57,3,3
28541,103,87,16,16
28542,128,108,20,20
28543,100,85,15,15
28544,71,65,6,6
28545,85,76,9,9
28546,74,66,8,8
28547,172,128,44,44
28548,73,64,9,9
28549,51,52,-1,1
28550,76,71,5,5
28551,110,98,12,12
28552,125,100,25,25
28553,49,51,-2,2
28554,145,120,25,25
28555,81,68,13,13
28556,79,89,-10,10
28557,108,96,12,12
28558,95,81,14,14
28559,66,54,12,12
28560,78,69,9,9
28561,41,43,-2,2
28562,89,71,18,18
28563,60,57,3,3
28564,88,73,15,15
28565,54,56,-2,2
28566,112,94,18,18
28567,135,110,25,25
28568,123,107,16,16
28569,76,83,-7,7
28570,82,71,11,11
28571,38,37,1,1
28572,51,49,2,2
28573,33,41,-8,8
28574,100,87,13,13
28575,64,65,-1,1
28576,98,90,8,8
28577,104,86,18,18
28578,108,99,9,9
28579,112,99,13,13
28580,54,51,3,3
28581,75,68,7,7
28582,89,86,3,3
28583,137,114,23,23
28584,66,53,13,13
28585,81,74,7,7
28586,91,86,5,5
28587,84,75,9,9
28588,52,46,6,6
28589,64,65,-1,1
28590,176,155,21,21
28591,59,56,3,3
28592,70,60,10,10
28593,69,57,12,12
28594,83,94,-11,11
28595,71,68,3,3
28596,61,58,3,3
28597,65,57,8,8
28598,94,102,-8,8
28599,53,46,7,7
28600,66,52,14,14
28601,93,83,10,10
28602,66,59,7,7
28603,75,64,11,11
28604,96,90,6,6
28605,66,59,7,7
28606,158,114,44,44
28607,80,61,19,19
28608,67,58,9,9
28609,67,62,5,5
28610,79,71,8,8
28611,57,54,3,3
28612,66,62,4,4
28613,44,41,3,3
28614,59,51,8,8
28615,150,125,25,25
28616,128,110,18,18
28617,74,67,7,7
28618,38,47,-9,9
28619,51,45,6,6
28620,123,111,12,12
28621,61,50,11,11
28622,77,58,19,19
28623,61,58,3,3
28624,94,81,13,13
28625,104,99,5,5
28626,62,64,-2,2
28627,115,96,19,19
28628,122,95,27,27
28629,96,88,8,8
28630,84,75,9,9
28631,119,103,16,16
28632,99,84,15,15
28633,85,75,10,10
28634,118,99,19,19
28635,144,118,26,26
28636,54,50,4,4
28637,152,125,27,27
28638,47,48,-1,1
28639,67,58,9,9
28640,81,72,9,9
28641,125,108,17,17
28642,104,88,16,16
28643,63,64,-1,1
28644,71,57,14,14
28645,56,57,-1,1
28646,144,127,17,17
28647,125,121,4,4
28648,64,50,14,14
28649,108,84,24,24
28650,87,70,17,17
28651,66,66,0,0
28652,83,78,5,5
28653,102,87,15,15
28654,120,107,13,13
28655,114,102,12,12
28656,114,100,14,14
28657,148,131,17,17
28658,100,88,12,12
28659,76,65,11,11
28660,53,55,-2,2
28661,104,96,8,8
28662,101,95,6,6
28663,93,85,8,8
28664,50,45,5,5
28665,47,45,2,2
28666,137,120,17,17
28667,109,91,18,18
28668,83,86,-3,3
28669,32,32,0,0
28670,69,57,12,12
28671,92,80,12,12
28672,78,74,4,4
28673,96,100,-4,4
28674,92,78,14,14
28675,53,48,5,5
28676,144,127,17,17
28677,107,89,18,18
28678,112,97,15,15
28679,72,56,16,16
28680,108,89,19,19
28681,84,70,14,14
28682,54,51,3,3
28683,82,104,-22,22
28684,98,80,18,18
28685,73,70,3,3
28686,50,50,0,0
28687,89,80,9,9
28688,66,57,9,9
28689,140,129,11,11
28690,97,85,12,12
28691,77,75,2,2
28692,106,73,33,33
28693,73,67,6,6
28694,122,106,16,16
28695,80,71,9,9
28696,60,53,7,7
28697,90,74,16,16
28698,83,76,7,7
28699,86,78,8,8
28700,33,31,2,2
28701,134,117,17,17
28702,117,106,11,11
28703,60,52,8,8
28704,116,100,16,16
28705,110,106,4,4
28706,129,116,13,13
28707,88,77,11,11
28708,76,66,10,10
28709,171,149,22,22
28710,98,77,21,21
28711,100,85,15,15
28712,66,53,13,13
28713,140,117,23,23
28714,101,77,24,24
28715,61,52,9,9
28716,89,77,12,12
28717,93,84,9,9
28718,101,83,18,18
28719,63,65,-2,2
28720,85,79,6,6
28721,94,88,6,6
28722,114,120,-6,6
28723,104,99,5,5
28724,78,68,10,10
28725,108,111,-3,3
28726,57,52,5,5
28727,38,45,-7,7
28728,69,67,2,2
28729,106,96,10,10
28730,77,68,9,9
28731,235,211,24,24
28732,98,91,7,7
28733,111,97,14,14
28734,70,78,-8,8
28735,102,87,15,15
28736,92,85,7,7
28737,67,65,2,2
28738,83,80,3,3
28739,71,63,8,8
28740,92,66,26,26
28741,59,56,3,3
28742,90,80,10,10
28743,71,62,9,9
28744,52,52,0,0
28745,109,84,25,25
28746,105,102,3,3
28747,79,68,11,11
28748,81,66,15,15
28749,84,79,5,5
28750,80,63,17,17
28751,56,60,-4,4
28752,84,72,12,12
28753,44,44,0,0
28754,85,75,10,10
28755,62,60,2,2
28756,83,66,17,17
28757,59,65,-6,6
28758,92,78,14,14
28759,99,94,5,5
28760,131,130,1,1
28761,58,54,4,4
28762,164,134,30,30
28763,132,106,26,26
28764,73,62,11,11
28765,82,73,9,9
28766,57,56,1,1
28767,97,97,0,0
28768,26,34,-8,8
28769,107,89,18,18
28770,88,72,16,16
28771,84,78,6,6
28772,82,77,5,5
28773,141,131,10,10
28774,78,66,12,12
28775,146,130,16,16
28776,84,69,15,15
28777,93,77,16,16
28778,74,66,8,8
28779,139,118,21,21
28780,125,113,12,12
28781,65,60,5,5
28782,101,96,5,5
28783,114,115,-1,1
28784,54,53,1,1
28785,99,83,16,16
28786,83,74,9,9
28787,128,110,18,18
28788,90,84,6,6
28789,77,68,9,9
28790,68,52,16,16
28791,78,84,-6,6
28792,76,68,8,8
28793,85,73,12,12
28794,106,97,9,9
28795,207,159,48,48
28796,105,93,12,12
28797,110,102,8,8
28798,86,72,14,14
28799,166,121,45,45
28800,118,106,12,12
28801,99,85,14,14
28802,80,80,0,0
28803,27,40,-13,13
28804,125,101,24,24
28805,92,82,10,10
28806,85,71,14,14
28807,91,84,7,7
28808,61,54,7,7
28809,86,73,13,13
28810,50,47,3,3
28811,101,91,10,10
28812,79,62,17,17
28813,82,87,-5,5
28814,63,50,13,13
28815,100,84,16,16
28816,103,76,27,27
28817,150,128,22,22
28818,86,68,18,18
28819,72,72,0,0
28820,54,50,4,4
28821,136,123,13,13
28822,60,51,9,9
28823,118,101,17,17
28824,64,52,12,12
28825,78,66,12,12
28826,76,62,14,14
28827,145,125,20,20
28828,62,63,-1,1
28829,98,91,7,7
28830,100,90,10,10
28831,142,122,20,20
28832,77,78,-1,1
28833,81,80,1,1
28834,79,71,8,8
28835,78,68,10,10
28836,84,80,4,4
28837,63,55,8,8
28838,94,81,13,13
28839,89,76,13,13
28840,78,69,9,9
28841,132,125,7,7
28842,151,127,24,24
28843,156,136,20,20
28844,41,51,-10,10
28845,106,95,11,11
28846,99,88,11,11
28847,42,44,-2,2
28848,79,66,13,13
28849,60,67,-7,7
28850,136,128,8,8
28851,130,116,14,14
28852,136,128,8,8
28853,81,65,16,16
28854,112,99,13,13
28855,60,57,3,3
28856,93,70,23,23
28857,103,97,6,6
28858,180,153,27,27
28859,93,83,10,10
28860,172,148,24,24
28861,95,98,-3,3
28862,79,80,-1,1
28863,55,53,2,2
28864,105,95,10,10
28865,118,101,17,17
28866,111,99,12,12
28867,66,64,2,2
28868,146,115,31,31
28869,81,101,-20,20
28870,75,62,13,13
28871,79,75,4,4
28872,64,56,8,8
28873,97,92,5,5
28874,103,91,12,12
28875,68,63,5,5
28876,74,70,4,4
28877,80,64,16,16
28878,90,70,20,20
28879,59,50,9,9
28880,109,101,8,8
28881,90,76,14,14
28882,71,70,1,1
28883,108,96,12,12
28884,83,69,14,14
28885,130,112,18,18
28886,85,80,5,5
28887,49,54,-5,5
28888,73,64,9,9
28889,104,94,10,10
28890,131,117,14,14
28891,69,63,6,6
28892,102,88,14,14
28893,74,65,9,9
28894,58,51,7,7
28895,167,139,28,28
28896,144,128,16,16
28897,108,99,9,9
28898,70,62,8,8
28899,84,76,8,8
28900,50,45,5,5
28901,68,64,4,4
28902,128,121,7,7
28903,106,99,7,7
28904,63,58,5,5
28905,61,82,-21,21
28906,82,71,11,11
28907,100,95,5,5
28908,92,81,11,11
28909,75,72,3,3
28910,132,116,16,16
28911,85,84,1,1
28912,183,154,29,29
28913,115,98,17,17
28914,125,115,10,10
28915,99,86,13,13
28916,102,90,12,12
28917,125,117,8,8
28918,75,67,8,8
28919,173,150,23,23
28920,66,64,2,2
28921,90,73,17,17
28922,88,79,9,9
28923,124,112,12,12
28924,70,60,10,10
28925,93,78,15,15
28926,64,52,12,12
28927,60,49,11,11
28928,134,121,13,13
28929,104,86,18,18
28930,44,44,0,0
28931,109,86,23,23
28932,68,58,10,10
28933,81,74,7,7
28934,103,93,10,10
28935,99,92,7,7
28936,80,71,9,9
28937,104,96,8,8
28938,67,65,2,2
28939,126,109,17,17
28940,53,49,4,4
28941,135,116,19,19
28942,95,75,20,20
28943,95,89,6,6
28944,63,61,2,2
28945,140,111,29,29
28946,71,72,-1,1
28947,79,67,12,12
28948,47,67,-20,20
28949,87,88,-1,1
28950,57,54,3,3
28951,81,71,10,10
28952,53,48,5,5
28953,88,87,1,1
28954,109,101,8,8
28955,85,79,6,6
28956,114,100,14,14
28957,81,75,6,6
28958,85,85,0,0
28959,95,85,10,10
28960,61,64,-3,3
28961,65,57,8,8
28962,47,51,-4,4
28963,57,49,8,8
28964,66,67,-1,1
28965,86,81,5,5
28966,76,66,10,10
28967,143,118,25,25
28968,79,84,-5,5
28969,87,70,17,17
28970,99,88,11,11
28971,103,104,-1,1
28972,83,69,14,14
28973,116,102,14,14
28974,128,113,15,15
28975,159,139,20,20
28976,113,92,21,21
28977,124,108,16,16
28978,81,78,3,3
28979,66,50,16,16
28980,82,60,22,22
28981,58,59,-1,1
28982,101,99,2,2
28983,67,68,-1,1
28984,97,76,21,21
28985,78,73,5,5
28986,104,96,8,8
28987,117,106,11,11
28988,82,83,-1,1
28989,125,114,11,11
28990,152,135,17,17
28991,92,87,5,5
28992,128,108,20,20
28993,68,62,6,6
28994,101,86,15,15
28995,96,89,7,7
28996,98,86,12,12
28997,134,113,21,21
28998,106,100,6,6
28999,54,48,6,6
29000,88,86,2,2
29001,66,55,11,11
29002,99,89,10,10
29003,82,77,5,5
29004,118,110,8,8
29005,66,56,10,10
29006,96,81,15,15
29007,139,123,16,16
29008,25,28,-3,3
29009,123,102,21,21
29010,130,111,19,19
29011,92,78,14,14
29012,80,68,12,12
29013,67,55,12,12
29014,71,60,11,11
29015,92,84,8,8
29016,113,92,21,21
29017,67,70,-3,3
29018,58,57,1,1
29019,39,77,-38,38
29020,78,74,4,4
29021,113,90,23,23
29022,50,46,4,4
29023,66,59,7,7
29024,88,79,9,9
29025,88,89,-1,1
29026,131,108,23,23
29027,64,71,-7,7
29028,91,80,11,11
29029,101,79,22,22
29030,110,95,15,15
29031,56,57,-1,1
29032,77,68,9,9
29033,129,114,15,15
29034,91,92,-1,1
29035,97,91,6,6
29036,98,88,10,10
29037,75,68,7,7
29038,109,82,27,27
29039,64,64,0,0
29040,71,66,5,5
29041,54,51,3,3
29042,59,55,4,4
29043,145,130,15,15
29044,86,70,16,16
29045,56,47,9,9
29046,79,77,2,2
29047,114,104,10,10
29048,65,65,0,0
29049,104,85,19,19
29050,61,62,-1,1
29051,155,139,16,16
29052,106,91,15,15
29053,48,59,-11,11
29054,173,131,42,42
29055,31,41,-10,10
29056,87,80,7,7
29057,147,128,19,19
29058,79,71,8,8
29059,92,93,-1,1
29060,100,80,20,20
29061,118,116,2,2
29062,83,73,10,10
29063,72,65,7,7
29064,101,86,15,15
29065,83,78,5,5
29066,94,84,10,10
29067,103,97,6,6
29068,73,64,9,9
29069,179,157,22,22
29070,115,95,20,20
29071,85,73,12,12
29072,101,89,12,12
29073,130,117,13,13
29074,155,146,9,9
29075,65,58,7,7
29076,116,110,6,6
29077,71,67,4,4
29078,78,75,3,3
29079,129,116,13,13
29080,78,64,14,14
29081,141,117,24,24
29082,139,112,27,27
29083,90,78,12,12
29084,174,149,25,25
29085,92,79,13,13
29086,76,68,8,8
29087,40,42,-2,2
29088,36,33,3,3
29089,78,65,13,13
29090,89,81,8,8
29091,63,62,1,1
29092,79,67,12,12
29093,127,104,23,23
29094,61,60,1,1
29095,118,65,53,53
29096,112,91,21,21
29097,131,114,17,17
29098,78,69,9,9
29099,95,83,12,12
29100,75,66,9,9
29101,170,145,25,25
29102,97,89,8,8
29103,62,58,4,4
29104,130,111,19,19
29105,116,118,-2,2
29106,72,70,2,2
29107,89,76,13,13
29108,95,90,5,5
29109,82,72,10,10
29110,54,54,0,0
29111,102,91,11,11
29112,106,90,16,16
29113,138,119,19,19
29114,90,83,7,7
29115,53,57,-4,4
29116,111,87,24,24
29117,91,79,12,12
29118,84,80,4,4
29119,116,95,21,21
29120,119,102,17,17
29121,82,74,8,8
29122,102,85,17,17
29123,64,57,7,7
29124,40,47,-7,7
29125,104,96,8,8
29126,73,66,7,7
29127,92,79,13,13
29128,127,100,27,27
29129,155,134,21,21
29130,82,75,7,7
29131,86,77,9,9
29132,61,49,12,12
29133,136,113,23,23
29134,123,118,5,5
29135,40,47,-7,7
29136,103,85,18,18
29137,145,131,14,14
29138,92,87,5,5
29139,60,71,-11,11
29140,71,63,8,8
29141,63,58,5,5
29142,51,48,3,3
29143,92,81,11,11
29144,48,48,0,0
29145,66,47,19,19
29146,165,136,29,29
29147,114,97,17,17
29148,48,44,4,4
29149,121,101,20,20
29150,134,115,19,19
29151,68,59,9,9
29152,34,41,-7,7
29153,68,58,10,10
29154,72,66,6,6
29155,63,55,8,8
29156,59,60,-1,1
29157,94,85,9,9
29158,59,51,8,8
29159,77,79,-2,2
29160,119,100,19,19
29161,134,121,13,13
29162,120,106,14,14
29163,90,76,14,14
29164,79,69,10,10
29165,70,59,11,11
29166,103,89,14,14
29167,111,87,24,24
29168,62,58,4,4
29169,139,110,29,29
29170,138,126,12,12
29171,213,188,25,25
29172,73,66,7,7
29173,116,104,12,12
29174,135,121,14,14
29175,77,63,14,14
29176,89,72,17,17
29177,40,36,4,4
29178,82,66,16,16
29179,101,96,5,5
29180,81,85,-4,4
29181,159,138,21,21
29182,89,84,5,5
29183,74,73,1,1
29184,106,93,13,13
29185,53,56,-3,3
29186,98,106,-8,8
29187,96,82,14,14
29188,116,110,6,6
29189,68,63,5,5
29190,74,67,7,7
29191,167,152,15,15
29192,90,88,2,2
29193,106,91,15,15
29194,62,51,11,11
29195,46,46,0,0
29196,68,69,-1,1
29197,73,64,9,9
29198,78,70,8,8
29199,58,52,6,6
29200,129,110,19,19
29201,79,81,-2,2
29202,92,79,13,13
29203,34,43,-9,9
29204,81,48,33,33
29205,73,59,14,14
29206,171,152,19,19
29207,90,88,2,2
29208,70,71,-1,1
29209,199,180,19,19
29210,68,57,11,11
29211,161,143,18,18
29212,46,40,6,6
29213,61,56,5,5
29214,112,96,16,16
29215,133,108,25,25
29216,91,74,17,17
29217,80,80,0,0
29218,160,119,41,41
29219,90,78,12,12
29220,103,83,20,20
29221,87,70,17,17
29222,148,124,24,24
29223,183,116,67,67
29224,87,76,11,11
29225,161,139,22,22
29226,80,68,12,12
29227,128,118,10,10
29228,123,108,15,15
29229,159,134,25,25
29230,48,40,8,8
29231,77,72,5,5
29232,87,76,11,11
29233,53,46,7,7
29234,118,101,17,17
29235,89,61,28,28
29236,76,68,8,8
29237,145,118,27,27
29238,125,101,24,24
29239,97,96,1,1
29240,49,49,0,0
29241,62,69,-7,7
29242,81,74,7,7
29243,136,124,12,12
29244,100,91,9,9
29245,187,178,9,9
29246,105,100,5,5
29247,176,149,27,27
29248,113,100,13,13
29249,115,109,6,6
29250,86,81,5,5
29251,120,98,22,22
29252,74,72,2,2
29253,86,85,1,1
29254,99,98,1,1
29255,70,60,10,10
29256,109,102,7,7
29257,110,92,18,18
29258,102,92,10,10
29259,156,133,23,23
29260,107,96,11,11
29261,53,52,1,1
29262,121,102,19,19
29263,97,89,8,8
29264,103,103,0,0
29265,66,55,11,11
29266,108,114,-6,6
29267,59,57,2,2
29268,64,62,2,2
29269,70,65,5,5
29270,86,74,12,12
29271,118,99,19,19
29272,61,60,1,1
29273,120,99,21,21
29274,112,94,18,18
29275,176,137,39,39
29276,61,56,5,5
29277,89,90,-1,1
29278,115,91,24,24
29279,112,90,22,22
29280,110,95,15,15
29281,92,80,12,12
29282,124,103,21,21
29283,60,53,7,7
29284,70,60,10,10
29285,98,80,18,18
29286,77,68,9,9
29287,60,52,8,8
29288,149,131,18,18
29289,135,119,16,16
29290,71,64,7,7
29291,47,49,-2,2
29292,141,115,26,26
29293,76,76,0,0
29294,85,71,14,14
29295,66,61,5,5
29296,86,77,9,9
29297,144,125,19,19
29298,74,72,2,2
29299,181,152,29,29
29300,79,74,5,5
29301,106,89,17,17
29302,138,115,23,23
29303,91,69,22,22
29304,76,67,9,9
29305,140,117,23,23
29306,77,70,7,7
29307,54,56,-2,2
29308,71,68,3,3
29309,110,86,24,24
29310,90,76,14,14
29311,116,109,7,7
29312,83,72,11,11
29313,59,58,1,1
29314,92,82,10,10
29315,144,121,23,23
29316,67,52,15,15
29317,105,91,14,14
29318,62,54,8,8
29319,136,114,22,22
29320,111,101,10,10
29321,64,63,1,1
29322,73,55,18,18
29323,86,83,3,3
29324,84,74,10,10
29325,74,68,6,6
29326,135,116,19,19
29327,119,102,17,17
29328,83,80,3,3
29329,102,90,12,12
29330,84,82,2,2
29331,66,106,-40,40
29332,47,43,4,4
29333,97,82,15,15
29334,106,94,12,12
29335,75,67,8,8
29336,108,107,1,1
29337,154,132,22,22
29338,91,78,13,13
29339,75,71,4,4
29340,155,127,28,28
29341,75,78,-3,3
29342,211,171,40,40
29343,69,59,10,10
29344,52,49,3,3
29345,84,60,24,24
29346,89,80,9,9
29347,79,69,10,10
29348,78,74,4,4
29349,90,77,13,13
29350,305,232,73,73
29351,83,77,6,6
29352,193,170,23,23
29353,124,115,9,9
29354,46,41,5,5
29355,85,71,14,14
29356,84,79,5,5
29357,98,87,11,11
29358,72,66,6,6
29359,60,55,5,5
29360,102,88,14,14
29361,92,77,15,15
29362,102,92,10,10
29363,74,77,-3,3
29364,114,94,20,20
29365,86,83,3,3
29366,114,106,8,8
29367,151,144,7,7
29368,91,81,10,10
29369,78,65,13,13
29370,153,131,22,22
29371,80,84,-4,4
29372,108,99,9,9
29373,88,70,18,18
29374,153,127,26,26
29375,71,72,-1,1
29376,95,90,5,5
29377,127,105,22,22
29378,139,129,10,10
29379,46,45,1,1
29380,124,109,15,15
29381,93,84,9,9
29382,114,94,20,20
29383,93,76,17,17
29384,67,58,9,9
29385,110,98,12,12
29386,63,57,6,6
29387,70,58,12,12
29388,87,75,12,12
29389,122,107,15,15
29390,107,101,6,6
29391,153,130,23,23
29392,94,86,8,8
29393,101,91,10,10
29394,78,74,4,4
29395,82,83,-1,1
29396,88,76,12,12
29397,94,78,16,16
29398,37,45,-8,8
29399,67,59,8,8
29400,85,74,11,11
29401,105,83,22,22
29402,40,49,-9,9
29403,194,160,34,34
29404,123,112,11,11
29405,87,70,17,17
29406,102,88,14,14
29407,145,121,24,24
29408,68,60,8,8
29409,159,124,35,35
29410,82,74,8,8
29411,83,67,16,16
29412,82,70,12,12
29413,69,57,12,12
29414,103,94,9,9
29415,105,94,11,11
29416,100,101,-1,1
29417,55,47,8,8
29418,80,71,9,9
29419,73,71,2,2
29420,51,40,11,11
29421,124,109,15,15
29422,52,49,3,3
29423,115,122,-7,7
29424,116,97,19,19
29425,101,93,8,8
29426,63,45,18,18
29427,52,52,0,0
29428,84,69,15,15
29429,142,129,13,13
29430,71,66,5,5
29431,82,84,-2,2
29432,85,84,1,1
29433,74,65,9,9
29434,61,47,14,14
29435,107,100,7,7
29436,98,87,11,11
29437,80,73,7,7
29438,69,69,0,0
29439,64,60,4,4
29440,137,117,20,20
29441,77,68,9,9
29442,94,96,-2,2
29443,86,75,11,11
29444,60,57,3,3
29445,54,59,-5,5
29446,62,58,4,4
29447,86,79,7,7
29448,60,53,7,7
29449,64,58,6,6
29450,91,84,7,7
29451,71,60,11,11
29452,78,76,2,2
29453,104,90,14,14
29454,103,95,8,8
29455,167,158,9,9
29456,129,100,29,29
29457,125,131,-6,6
29458,108,102,6,6
29459,77,72,5,5
29460,121,110,11,11
29461,77,66,11,11
29462,61,61,0,0
29463,67,58,9,9
29464,96,82,14,14
29465,113,111,2,2
29466,70,64,6,6
29467,79,66,13,13
29468,91,85,6,6
29469,86,85,1,1
29470,74,65,9,9
29471,78,75,3,3
29472,117,94,23,23
29473,82,62,20,20
29474,79,72,7,7
29475,138,135,3,3
29476,92,77,15,15
29477,69,59,10,10
29478,81,79,2,2
29479,73,67,6,6
29480,100,93,7,7
29481,51,42,9,9
29482,60,55,5,5
29483,109,92,17,17
29484,131,117,14,14
29485,71,67,4,4
29486,77,76,1,1
29487,97,96,1,1
29488,69,62,7,7
29489,124,105,19,19
29490,69,62,7,7
29491,131,110,21,21
29492,87,81,6,6
29493,178,159,19,19
29494,111,100,11,11
29495,122,97,25,25
29496,155,131,24,24
29497,136,102,34,34
29498,113,113,0,0
29499,64,62,2,2
29500,111,98,13,13
29501,94,84,10,10
29502,58,56,2,2
29503,89,73,16,16
29504,82,71,11,11
29505,87,84,3,3
29506,50,52,-2,2
29507,79,67,12,12
29508,140,113,27,27
29509,134,183,-49,49
29510,119,99,20,20
29511,140,129,11,11
29512,119,107,12,12
29513,52,49,3,3
29514,124,121,3,3
29515,131,99,32,32
29516,45,45,0,0
29517,70,61,9,9
29518,99,89,10,10
29519,82,70,12,12
29520,73,62,11,11
29521,120,116,4,4
29522,107,100,7,7
29523,88,79,9,9
29524,82,72,10,10
29525,59,51,8,8
29526,90,90,0,0
29527,56,57,-1,1
29528,113,100,13,13
29529,78,62,16,16
29530,61,63,-2,2
29531,89,79,10,10
29532,44,46,-2,2
29533,62,52,10,10
29534,111,101,10,10
29535,75,68,7,7
29536,74,65,9,9
29537,79,65,14,14
29538,89,81,8,8
29539,94,85,9,9
29540,116,98,18,18
29541,120,100,20,20
29542,180,154,26,26
29543,48,40,8,8
29544,85,76,9,9
29545,112,94,18,18
29546,114,85,29,29
29547,78,70,8,8
29548,111,111,0,0
29549,71,66,5,5
29550,64,60,4,4
29551,47,42,5,5
29552,85,81,4,4
29553,90,87,3,3
29554,137,111,26,26
29555,138,125,13,13
29556,64,55,9,9
29557,78,68,10,10
29558,42,35,7,7
29559,98,85,13,13
29560,59,46,13,13
29561,76,76,0,0
29562,106,89,17,17
29563,33,33,0,0
29564,121,111,10,10
29565,108,89,19,19
29566,76,70,6,6
29567,64,54,10,10
29568,73,57,16,16
29569,112,98,14,14
29570,105,89,16,16
29571,59,59,0,0
29572,205,160,45,45
29573,78,76,2,2
29574,79,78,1,1
29575,123,111,12,12
29576,83,75,8,8
29577,115,106,9,9
29578,75,67,8,8
29579,86,80,6,6
29580,111,112,-1,1
29581,82,97,-15,15
29582,157,140,17,17
29583,58,52,6,6
29584,101,88,13,13
29585,99,87,12,12
29586,96,87,9,9
29587,133,126,7,7
29588,93,84,9,9
29589,79,67,12,12
29590,87,64,23,23
29591,101,98,3,3
29592,73,65,8,8
29593,76,67,9,9
29594,110,87,23,23
29595,100,88,12,12
29596,87,78,9,9
29597,126,118,8,8
29598,81,66,15,15
29599,70,72,-2,2
29600,139,127,12,12
29601,74,66,8,8
29602,147,112,35,35
29603,92,75,17,17
29604,133,102,31,31
29605,87,76,11,11
29606,96,89,7,7
29607,70,88,-18,18
29608,75,74,1,1
29609,121,102,19,19
29610,88,78,10,10
29611,96,91,5,5
29612,196,132,64,64
29613,90,82,8,8
29614,110,96,14,14
29615,59,50,9,9
29616,131,113,18,18
29617,56,51,5,5
29618,98,92,6,6
29619,94,79,15,15
29620,73,71,2,2
29621,52,45,7,7
29622,97,79,18,18
29623,119,104,15,15
29624,94,74,20,20
29625,144,126,18,18
29626,128,112,16,16
29627,81,67,14,14
29628,101,84,17,17
29629,138,118,20,20
29630,68,59,9,9
29631,124,92,32,32
29632,61,67,-6,6
29633,118,94,24,24
29634,69,64,5,5
29635,84,77,7,7
29636,175,144,31,31
29637,54,50,4,4
29638,72,74,-2,2
29639,82,65,17,17
29640,102,84,18,18
29641,107,95,12,12
29642,110,97,13,13
29643,128,113,15,15
29644,132,121,11,11
29645,80,68,12,12
29646,60,59,1,1
29647,54,50,4,4
29648,89,84,5,5
29649,90,85,5,5
29650,62,68,-6,6
29651,64,74,-10,10
29652,74,60,14,14
29653,123,183,-60,60
29654,77,68,9,9
29655,79,68,11,11
29656,88,80,8,8
29657,77,75,2,2
29658,96,90,6,6
29659,80,71,9,9
29660,104,92,12,12
29661,46,46,0,0
29662,70,71,-1,1
29663,93,90,3,3
29664,103,87,16,16
29665,117,96,21,21
29666,80,74,6,6
29667,93,83,10,10
29668,88,83,5,5
29669,101,83,18,18
29670,69,64,5,5
29671,97,83,14,14
29672,56,50,6,6
29673,101,87,14,14
29674,122,105,17,17
29675,95,90,5,5
29676,113,99,14,14
29677,150,127,23,23
29678,164,149,15,15
29679,87,77,10,10
29680,128,108,20,20
29681,66,63,3,3
29682,68,54,14,14
29683,120,102,18,18
29684,151,134,17,17
29685,72,58,14,14
29686,89,87,2,2
29687,231,196,35,35
29688,49,58,-9,9
29689,68,59,9,9
29690,81,71,10,10
29691,96,86,10,10
29692,123,101,22,22
29693,88,76,12,12
29694,188,163,25,25
29695,78,63,15,15
29696,78,71,7,7
29697,105,98,7,7
29698,102,88,14,14
29699,74,74,0,0
29700,74,69,5,5
29701,63,61,2,2
29702,106,94,12,12
29703,90,76,14,14
29704,100,86,14,14
29705,106,92,14,14
29706,74,69,5,5
29707,75,71,4,4
29708,119,115,4,4
29709,115,103,12,12
29710,125,101,24,24
29711,106,93,13,13
29712,113,104,9,9
29713,81,69,12,12
29714,84,72,12,12
29715,79,80,-1,1
29716,129,110,19,19
29717,55,48,7,7
29718,99,91,8,8
29719,88,85,3,3
29720,129,101,28,28
29721,92,83,9,9
29722,113,105,8,8
29723,67,60,7,7
29724,96,97,-1,1
29725,64,63,1,1
29726,132,128,4,4
29727,172,140,32,32
29728,104,98,6,6
29729,83,68,15,15
29730,70,75,-5,5
29731,104,93,11,11
29732,78,63,15,15
29733,66,73,-7,7
29734,81,73,8,8
29735,63,60,3,3
29736,74,71,3,3
29737,109,83,26,26
29738,70,62,8,8
29739,91,71,20,20
29740,95,85,10,10
29741,76,73,3,3
29742,68,59,9,9
29743,92,80,12,12
29744,65,59,6,6
29745,36,38,-2,2
29746,105,96,9,9
29747,110,97,13,13
29748,121,103,18,18
29749,49,43,6,6
29750,98,75,23,23
29751,117,99,18,18
29752,52,93,-41,41
29753,84,76,8,8
29754,148,128,20,20
29755,63,56,7,7
29756,63,64,-1,1
29757,92,85,7,7
29758,85,72,13,13
29759,93,80,13,13
29760,88,66,22,22
29761,80,72,8,8
29762,83,75,8,8
29763,61,60,1,1
29764,76,69,7,7
29765,81,79,2,2
29766,75,61,14,14
29767,61,48,13,13
29768,110,95,15,15
29769,91,76,15,15
29770,63,51,12,12
29771,126,117,9,9
29772,102,83,19,19
29773,102,88,14,14
29774,107,92,15,15
29775,49,46,3,3
29776,71,70,1,1
29777,70,78,-8,8
29778,94,87,7,7
29779,201,170,31,31
29780,80,76,4,4
29781,62,54,8,8
29782,97,86,11,11
29783,77,69,8,8
29784,74,78,-4,4
29785,55,54,1,1
29786,88,76,12,12
29787,27,39,-12,12
29788,64,55,9,9
29789,95,98,-3,3
29790,74,69,5,5
29791,99,93,6,6
29792,68,61,7,7
29793,65,57,8,8
29794,97,92,5,5
29795,73,66,7,7
29796,88,90,-2,2
29797,121,114,7,7
29798,102,86,16,16
29799,101,96,5,5
29800,78,76,2,2
29801,156,131,25,25
29802,76,73,3,3
29803,66,56,10,10
29804,91,92,-1,1
29805,82,68,14,14
29806,150,133,17,17
29807,46,44,2,2
29808,164,147,17,17
29809,134,119,15,15
29810,124,109,15,15
29811,75,68,7,7
29812,64,65,-1,1
29813,207,175,32,32
29814,125,116,9,9
29815,143,116,27,27
29816,79,65,14,14
29817,62,57,5,5
29818,149,137,12,12
29819,136,118,18,18
29820,48,45,3,3
29821,117,97,20,20
29822,50,49,1,1
29823,88,76,12,12
29824,62,58,4,4
29825,37,38,-1,1
29826,142,115,27,27
29827,59,53,6,6
29828,123,108,15,15
29829,78,68,10,10
29830,117,100,17,17
29831,84,80,4,4
29832,191,158,33,33
29833,176,142,34,34
29834,68,49,19,19
29835,58,49,9,9
29836,74,66,8,8
29837,166,144,22,22
29838,178,150,28,28
29839,102,93,9,9
29840,106,90,16,16
29841,121,112,9,9
29842,157,137,20,20
29843,60,52,8,8
29844,116,101,15,15
29845,133,119,14,14
29846,50,46,4,4
29847,90,82,8,8
29848,138,114,24,24
29849,216,189,27,27
29850,114,101,13,13
29851,107,99,8,8
29852,68,54,14,14
29853,52,54,-2,2
29854,139,118,21,21
29855,98,79,19,19
29856,143,121,22,22
29857,97,79,18,18
29858,80,75,5,5
29859,60,50,10,10
29860,104,93,11,11
29861,102,98,4,4
29862,155,136,19,19
29863,157,132,25,25
29864,122,94,28,28
29865,89,79,10,10
29866,68,62,6,6
29867,68,61,7,7
29868,102,95,7,7
29869,107,102,5,5
29870,62,55,7,7
29871,145,135,10,10
29872,92,81,11,11
29873,113,96,17,17
29874,72,59,13,13
29875,67,60,7,7
29876,86,77,9,9
29877,78,71,7,7
29878,94,87,7,7
29879,103,79,24,24
29880,145,137,8,8
29881,74,72,2,2
29882,128,121,7,7
29883,146,108,38,38
29884,54,52,2,2
29885,162,137,25,25
29886,150,134,16,16
29887,57,58,-1,1
29888,118,109,9,9
29889,37,39,-2,2
29890,121,100,21,21
29891,130,107,23,23
29892,62,59,3,3
29893,66,62,4,4
29894,119,89,30,30
29895,120,100,20,20
29896,100,95,5,5
29897,121,115,6,6
29898,85,85,0,0
29899,99,85,14,14
29900,63,61,2,2
29901,98,79,19,19
29902,62,54,8,8
29903,78,69,9,9
29904,61,54,7,7
29905,110,91,19,19
29906,90,82,8,8
29907,125,89,36,36
29908,59,48,11,11
29909,83,70,13,13
29910,103,103,0,0
29911,66,59,7,7
29912,131,119,12,12
29913,72,69,3,3
29914,56,53,3,3
29915,110,100,10,10
29916,72,66,6,6
29917,120,110,10,10
29918,82,77,5,5
29919,79,75,4,4
29920,169,147,22,22
29921,140,133,7,7
29922,139,124,15,15
29923,53,53,0,0
29924,93,92,1,1
29925,95,78,17,17
29926,91,80,11,11
29927,96,82,14,14
29928,115,102,13,13
29929,80,65,15,15
29930,61,54,7,7
29931,125,118,7,7
29932,79,67,12,12
29933,113,96,17,17
29934,113,107,6,6
29935,79,72,7,7
29936,143,118,25,25
29937,69,76,-7,7
29938,71,87,-16,16
29939,67,62,5,5
29940,53,46,7,7
29941,132,125,7,7
29942,129,110,19,19
29943,85,74,11,11
29944,107,98,9,9
29945,143,125,18,18
29946,57,46,11,11
29947,99,86,13,13
29948,54,55,-1,1
29949,102,98,4,4
29950,64,57,7,7
29951,86,89,-3,3
29952,88,76,12,12
29953,170,137,33,33
29954,71,67,4,4
29955,127,112,15,15
29956,61,55,6,6
29957,63,60,3,3
29958,46,45,1,1
29959,78,64,14,14
29960,85,83,2,2
29961,86,67,19,19
29962,91,76,15,15
29963,75,64,11,11
29964,75,67,8,8
29965,73,88,-15,15
29966,74,63,11,11
29967,69,67,2,2
29968,77,63,14,14
29969,119,107,12,12
29970,77,80,-3,3
29971,143,127,16,16
29972,132,122,10,10
29973,89,83,6,6
29974,60,52,8,8
29975,131,123,8,8
29976,83,66,17,17
29977,80,67,13,13
29978,92,76,16,16
29979,187,166,21,21
29980,128,114,14,14
29981,151,128,23,23
29982,44,40,4,4
29983,83,79,4,4
29984,78,65,13,13
29985,81,73,8,8
29986,73,63,10,10
29987,138,124,14,14
29988,45,41,4,4
29989,58,54,4,4
29990,105,94,11,11
29991,103,91,12,12
29992,91,80,11,11
29993,48,46,2,2
29994,74,72,2,2
29995,104,82,22,22
29996,69,64,5,5
29997,62,60,2,2
29998,140,141,-1,1
29999,129,137,-8,8
30000,98,84,14,14
30001,99,86,13,13
30002,71,61,10,10
30003,149,143,6,6
30004,101,95,6,6
30005,114,111,3,3
30006,181,155,26,26
30007,112,107,5,5
30008,112,99,13,13
30009,95,85,10,10
30010,133,119,14,14
30011,168,139,29,29
30012,24,40,-16,16
30013,119,102,17,17
30014,102,90,12,12
30015,84,73,11,11
30016,134,117,17,17
30017,69,59,10,10
30018,66,55,11,11
30019,74,60,14,14
30020,113,98,15,15
30021,64,64,0,0
30022,79,69,10,10
30023,103,78,25,25
30024,107,96,11,11
30025,66,65,1,1
30026,88,78,10,10
30027,158,147,11,11
30028,123,100,23,23
30029,73,70,3,3
30030,105,92,13,13
30031,65,60,5,5
30032,119,110,9,9
30033,68,59,9,9
30034,64,58,6,6
30035,74,66,8,8
30036,23,24,-1,1
30037,97,86,11,11
30038,124,105,19,19
30039,72,66,6,6
30040,132,116,16,16
30041,42,48,-6,6
30042,121,101,20,20
30043,89,75,14,14
30044,113,93,20,20
30045,114,98,16,16
30046,57,50,7,7
30047,63,57,6,6
30048,121,108,13,13
30049,144,124,20,20
30050,118,105,13,13
30051,64,57,7,7
30052,121,104,17,17
30053,135,116,19,19
30054,80,76,4,4
30055,110,95,15,15
30056,100,88,12,12
30057,94,89,5,5
30058,83,72,11,11
30059,87,85,2,2
30060,67,61,6,6
30061,95,93,2,2
30062,88,73,15,15
30063,93,84,9,9
30064,91,69,22,22
30065,133,115,18,18
30066,77,87,-10,10
30067,106,100,6,6
30068,53,52,1,1
30069,89,82,7,7
30070,154,116,38,38
30071,98,93,5,5
30072,54,50,4,4
30073,79,74,5,5
30074,115,101,14,14
30075,135,121,14,14
30076,81,72,9,9
30077,56,57,-1,1
30078,54,58,-4,4
30079,73,58,15,15
30080,80,75,5,5
30081,114,98,16,16
30082,170,159,11,11
30083,124,107,17,17
30084,63,56,7,7
30085,93,97,-4,4
30086,77,66,11,11
30087,178,153,25,25
30088,67,59,8,8
30089,72,55,17,17
30090,60,55,5,5
30091,64,58,6,6
30092,85,74,11,11
30093,158,137,21,21
30094,124,102,22,22
30095,70,103,-33,33
30096,61,61,0,0
30097,110,108,2,2
30098,94,92,2,2
30099,161,130,31,31
30100,98,89,9,9
30101,165,137,28,28
30102,82,77,5,5
30103,102,95,7,7
30104,105,92,13,13
30105,85,83,2,2
30106,106,99,7,7
30107,91,73,18,18
30108,86,81,5,5
30109,44,42,2,2
30110,96,90,6,6
30111,114,97,17,17
30112,83,76,7,7
30113,24,22,2,2
30114,75,73,2,2
30115,140,131,9,9
30116,46,42,4,4
30117,80,71,9,9
30118,82,90,-8,8
30119,125,109,16,16
30120,56,53,3,3
30121,76,68,8,8
30122,44,41,3,3
30123,102,81,21,21
30124,146,127,19,19
30125,46,44,2,2
30126,80,74,6,6
30127,117,112,5,5
30128,85,67,18,18
30129,60,50,10,10
30130,81,81,0,0
30131,42,36,6,6
30132,79,79,0,0
30133,98,82,16,16
30134,110,94,16,16
30135,74,63,11,11
30136,54,47,7,7
30137,113,107,6,6
30138,78,79,-1,1
30139,52,44,8,8
30140,449,382,67,67
30141,121,108,13,13
30142,68,58,10,10
30143,35,33,2,2
30144,36,36,0,0
30145,81,79,2,2
30146,155,134,21,21
30147,207,165,42,42
30148,105,98,7,7
30149,66,65,1,1
30150,105,82,23,23
30151,63,52,11,11
30152,97,83,14,14
30153,114,93,21,21
30154,69,61,8,8
30155,181,161,20,20
30156,58,55,3,3
30157,56,55,1,1
30158,41,41,0,0
30159,61,59,2,2
30160,108,104,4,4
30161,113,94,19,19
30162,46,37,9,9
30163,85,71,14,14
30164,109,101,8,8
30165,144,131,13,13
30166,45,69,-24,24
30167,56,48,8,8
30168,71,58,13,13
30169,83,67,16,16
30170,72,68,4,4
30171,92,74,18,18
30172,97,102,-5,5
30173,52,51,1,1
30174,135,124,11,11
30175,69,65,4,4
30176,88,82,6,6
30177,79,66,13,13
30178,74,65,9,9
30179,74,67,7,7
30180,102,96,6,6
30181,154,127,27,27
30182,225,195,30,30
30183,98,95,3,3
30184,77,71,6,6
30185,164,132,32,32
30186,144,102,42,42
30187,75,64,11,11
30188,142,136,6,6
30189,115,104,11,11
30190,81,72,9,9
30191,103,97,6,6
30192,94,90,4,4
30193,76,79,-3,3
30194,50,48,2,2
30195,108,108,0,0
30196,146,123,23,23
30197,90,81,9,9
30198,129,114,15,15
30199,74,79,-5,5
30200,105,90,15,15
30201,91,81,10,10
30202,121,115,6,6
30203,109,85,24,24
30204,85,91,-6,6
30205,111,106,5,5
30206,136,119,17,17
30207,74,66,8,8
30208,89,86,3,3
30209,102,90,12,12
30210,63,49,14,14
30211,113,103,10,10
30212,92,71,21,21
30213,87,81,6,6
30214,98,86,12,12
30215,111,99,12,12
30216,116,97,19,19
30217,133,122,11,11
30218,160,133,27,27
30219,86,76,10,10
30220,132,117,15,15
30221,110,96,14,14
30222,53,48,5,5
30223,95,85,10,10
30224,88,77,11,11
30225,56,50,6,6
30226,75,69,6,6
30227,76,68,8,8
30228,47,43,4,4
30229,96,81,15,15
30230,39,55,-16,16
30231,159,129,30,30
30232,61,57,4,4
30233,53,45,8,8
30234,84,77,7,7
30235,85,72,13,13
30236,82,78,4,4
30237,88,83,5,5
30238,87,71,16,16
30239,111,99,12,12
30240,161,139,22,22
30241,131,119,12,12
30242,89,72,17,17
30243,156,138,18,18
30244,61,53,8,8
30245,94,90,4,4
30246,102,79,23,23
30247,167,155,12,12
30248,182,155,27,27
30249,59,48,11,11
30250,162,132,30,30
30251,132,115,17,17
30252,66,53,13,13
30253,88,78,10,10
30254,106,80,26,26
30255,59,55,4,4
30256,86,81,5,5
30257,45,45,0,0
30258,42,46,-4,4
30259,54,47,7,7
30260,79,73,6,6
30261,139,126,13,13
30262,98,93,5,5
30263,113,101,12,12
30264,87,77,10,10
30265,55,54,1,1
30266,47,45,2,2
30267,93,89,4,4
30268,55,54,1,1
30269,113,128,-15,15
30270,87,72,15,15
30271,138,128,10,10
30272,106,85,21,21
30273,76,70,6,6
30274,89,78,11,11
30275,90,76,14,14
30276,119,103,16,16
30277,106,95,11,11
30278,89,77,12,12
30279,80,75,5,5
30280,77,71,6,6
30281,138,113,25,25
30282,99,84,15,15
30283,70,69,1,1
30284,107,95,12,12
30285,64,59,5,5
30286,123,107,16,16
30287,75,72,3,3
30288,46,48,-2,2
30289,94,85,9,9
30290,68,60,8,8
30291,116,113,3,3
30292,68,68,0,0
30293,42,36,6,6
30294,74,56,18,18
30295,102,94,8,8
30296,111,95,16,16
30297,102,99,3,3
30298,155,156,-1,1
30299,97,91,6,6
30300,75,66,9,9
30301,158,151,7,7
30302,66,50,16,16
30303,72,63,9,9
30304,197,149,48,48
30305,133,104,29,29
30306,103,99,4,4
30307,119,104,15,15
30308,88,82,6,6
30309,56,57,-1,1
30310,59,60,-1,1
30311,73,78,-5,5
30312,100,85,15,15
30313,83,68,15,15
30314,104,91,13,13
30315,91,87,4,4
30316,86,79,7,7
30317,62,53,9,9
30318,90,90,0,0
30319,79,72,7,7
30320,127,113,14,14
30321,108,106,2,2
30322,38,58,-20,20
30323,63,65,-2,2
30324,55,52,3,3
30325,111,84,27,27
30326,53,52,1,1
30327,77,67,10,10
30328,143,131,12,12
30329,136,117,19,19
30330,47,49,-2,2
30331,85,71,14,14
30332,96,83,13,13
30333,87,74,13,13
30334,87,76,11,11
30335,144,119,25,25
30336,105,87,18,18
30337,96,95,1,1
30338,78,71,7,7
30339,140,139,1,1
30340,69,60,9,9
30341,41,45,-4,4
30342,73,72,1,1
30343,75,68,7,7
30344,54,55,-1,1
30345,71,67,4,4
30346,92,88,4,4
30347,78,68,10,10
30348,106,92,14,14
30349,77,73,4,4
30350,74,67,7,7
30351,59,51,8,8
30352,94,96,-2,2
30353,86,73,13,13
30354,102,100,2,2
30355,87,83,4,4
30356,121,109,12,12
30357,75,63,12,12
30358,108,94,14,14
30359,174,141,33,33
30360,119,103,16,16
30361,84,80,4,4
30362,98,86,12,12
30363,84,81,3,3
30364,89,73,16,16
30365,87,69,18,18
30366,43,47,-4,4
30367,95,91,4,4
30368,62,59,3,3
30369,97,93,4,4
30370,110,96,14,14
30371,102,97,5,5
30372,95,88,7,7
30373,84,79,5,5
30374,88,80,8,8
30375,101,91,10,10
30376,154,140,14,14
30377,159,134,25,25
30378,103,87,16,16
30379,75,67,8,8
30380,119,97,22,22
30381,27,28,-1,1
30382,77,73,4,4
30383,169,134,35,35
30384,151,139,12,12
30385,72,56,16,16
30386,145,113,32,32
30387,62,60,2,2
30388,52,60,-8,8
30389,69,70,-1,1
30390,74,66,8,8
30391,102,71,31,31
30392,91,87,4,4
30393,93,79,14,14
30394,81,72,9,9
30395,137,117,20,20
30396,157,141,16,16
30397,48,43,5,5
30398,122,111,11,11
30399,64,58,6,6
30400,175,151,24,24
30401,74,57,17,17
30402,47,43,4,4
30403,103,89,14,14
30404,88,84,4,4
30405,64,68,-4,4
30406,94,83,11,11
30407,111,97,14,14
30408,209,166,43,43
30409,80,70,10,10
30410,108,100,8,8
30411,103,89,14,14
30412,93,105,-12,12
30413,86,80,6,6
30414,105,92,13,13
30415,110,96,14,14
30416,82,76,6,6
30417,69,56,13,13
30418,43,37,6,6
30419,74,72,2,2
30420,131,104,27,27
30421,137,126,11,11
30422,110,111,-1,1
30423,61,59,2,2
30424,90,79,11,11
30425,78,67,11,11
30426,82,77,5,5
30427,82,76,6,6
30428,66,57,9,9
30429,136,125,11,11
30430,112,94,18,18
30431,71,64,7,7
30432,114,103,11,11
30433,105,138,-33,33
30434,93,72,21,21
30435,122,112,10,10
30436,167,152,15,15
30437,67,55,12,12
30438,62,70,-8,8
30439,116,100,16,16
30440,120,97,23,23
30441,126,111,15,15
30442,110,95,15,15
30443,85,78,7,7
30444,124,113,11,11
30445,129,120,9,9
30446,99,104,-5,5
30447,172,146,26,26
30448,76,71,5,5
30449,64,54,10,10
30450,138,112,26,26
30451,59,54,5,5
30452,123,109,14,14
30453,140,100,40,40
30454,67,61,6,6
30455,211,176,35,35
30456,155,128,27,27
30457,84,85,-1,1
30458,125,113,12,12
30459,72,66,6,6
30460,121,115,6,6
30461,121,113,8,8
30462,141,131,10,10
30463,67,59,8,8
30464,73,88,-15,15
30465,107,98,9,9
30466,72,58,14,14
30467,65,61,4,4
30468,82,71,11,11
30469,87,69,18,18
30470,87,75,12,12
30471,52,50,2,2
30472,84,70,14,14
30473,81,69,12,12
30474,75,73,2,2
30475,126,114,12,12
30476,45,43,2,2
30477,48,48,0,0
30478,77,71,6,6
30479,150,118,32,32
30480,100,89,11,11
30481,128,125,3,3
30482,86,77,9,9
30483,72,56,16,16
30484,108,94,14,14
30485,61,38,23,23
30486,121,111,10,10
30487,132,117,15,15
30488,112,104,8,8
30489,148,130,18,18
30490,89,92,-3,3
30491,47,50,-3,3
30492,75,69,6,6
30493,113,113,0,0
30494,82,79,3,3
30495,82,74,8,8
30496,155,127,28,28
30497,114,96,18,18
30498,85,82,3,3
30499,97,90,7,7
30500,117,96,21,21
30501,57,54,3,3
30502,121,108,13,13
30503,50,47,3,3
30504,32,33,-1,1
30505,126,114,12,12
30506,85,79,6,6
30507,45,50,-5,5
30508,105,90,15,15
30509,84,79,5,5
30510,99,83,16,16
30511,129,87,42,42
30512,115,100,15,15
30513,127,115,12,12
30514,42,58,-16,16
30515,86,83,3,3
30516,106,94,12,12
30517,108,94,14,14
30518,143,127,16,16
30519,98,94,4,4
30520,131,96,35,35
30521,117,104,13,13
30522,82,66,16,16
30523,79,71,8,8
30524,58,51,7,7
30525,96,82,14,14
30526,105,85,20,20
30527,103,90,13,13
30528,72,78,-6,6
30529,108,105,3,3
30530,155,135,20,20
30531,164,137,27,27
30532,60,52,8,8
30533,130,111,19,19
30534,123,106,17,17
30535,104,97,7,7
30536,79,67,12,12
30537,136,121,15,15
30538,130,116,14,14
30539,135,109,26,26
30540,77,67,10,10
30541,136,114,22,22
30542,107,80,27,27
30543,127,105,22,22
30544,116,107,9,9
30545,132,117,15,15
30546,88,71,17,17
30547,74,64,10,10
30548,71,72,-1,1
30549,53,48,5,5
30550,57,50,7,7
30551,189,163,26,26
30552,49,42,7,7
30553,124,116,8,8
30554,127,109,18,18
30555,45,55,-10,10
30556,110,105,5,5
30557,104,98,6,6
30558,82,74,8,8
30559,133,115,18,18
30560,229,188,41,41
30561,64,62,2,2
30562,107,86,21,21
30563,109,98,11,11
30564,174,146,28,28
30565,176,154,22,22
30566,101,82,19,19
30567,113,97,16,16
30568,139,117,22,22
30569,56,51,5,5
30570,75,66,9,9
30571,89,79,10,10
30572,34,35,-1,1
30573,130,116,14,14
30574,81,68,13,13
30575,103,103,0,0
30576,99,92,7,7
30577,136,126,10,10
30578,37,37,0,0
30579,82,70,12,12
30580,125,112,13,13
30581,121,106,15,15
30582,94,80,14,14
30583,67,59,8,8
30584,110,111,-1,1
30585,82,72,10,10
30586,106,105,1,1
30587,154,128,26,26
30588,97,88,9,9
30589,65,59,6,6
30590,81,77,4,4
30591,53,47,6,6
30592,123,102,21,21
30593,123,103,20,20
30594,60,46,14,14
30595,59,57,2,2
30596,71,88,-17,17
30597,154,133,21,21
30598,89,77,12,12
30599,89,74,15,15
30600,95,79,16,16
30601,78,70,8,8
30602,79,72,7,7
30603,132,120,12,12
30604,124,113,11,11
30605,125,110,15,15
30606,73,66,7,7
30607,109,100,9,9
30608,84,75,9,9
30609,114,108,6,6
30610,98,90,8,8
30611,229,192,37,37
30612,118,109,9,9
30613,105,95,10,10
30614,56,55,1,1
30615,86,74,12,12
30616,72,67,5,5
30617,144,151,-7,7
30618,151,127,24,24
30619,91,80,11,11
30620,134,122,12,12
30621,142,123,19,19
30622,119,109,10,10
30623,115,100,15,15
30624,122,113,9,9
30625,121,100,21,21
30626,145,141,4,4
30627,151,130,21,21
30628,99,72,27,27
30629,90,80,10,10
30630,115,126,-11,11
30631,65,73,-8,8
30632,90,80,10,10
30633,78,71,7,7
30634,65,64,1,1
30635,77,70,7,7
30636,64,58,6,6
30637,204,176,28,28
30638,134,125,9,9
30639,144,121,23,23
30640,127,118,9,9
30641,88,73,15,15
30642,61,59,2,2
30643,118,109,9,9
30644,91,81,10,10
30645,143,114,29,29
30646,166,134,32,32
30647,77,66,11,11
30648,97,82,15,15
30649,97,91,6,6
30650,98,77,21,21
30651,71,62,9,9
30652,77,66,11,11
30653,145,126,19,19
30654,127,110,17,17
30655,144,126,18,18
30656,128,108,20,20
30657,148,128,20,20
30658,67,57,10,10
30659,147,135,12,12
30660,85,83,2,2
30661,98,89,9,9
30662,72,65,7,7
30663,74,69,5,5
30664,111,102,9,9
30665,80,68,12,12
30666,73,63,10,10
30667,79,73,6,6
30668,90,69,21,21
30669,104,86,18,18
30670,70,64,6,6
30671,99,90,9,9
30672,64,60,4,4
30673,68,63,5,5
30674,96,85,11,11
30675,44,42,2,2
30676,84,76,8,8
30677,81,69,12,12
30678,152,133,19,19
30679,69,64,5,5
30680,86,91,-5,5
30681,89,84,5,5
30682,151,131,20,20
30683,80,80,0,0
30684,97,95,2,2
30685,55,48,7,7
30686,126,107,19,19
30687,110,106,4,4
30688,112,111,1,1
30689,156,128,28,28
30690,52,50,2,2
30691,88,81,7,7
30692,98,95,3,3
30693,131,111,20,20
30694,114,98,16,16
30695,154,140,14,14
30696,52,48,4,4
30697,134,121,13,13
30698,60,53,7,7
30699,68,63,5,5
30700,119,107,12,12
30701,61,60,1,1
30702,94,94,0,0
30703,98,92,6,6
30704,103,102,1,1
30705,120,111,9,9
30706,97,86,11,11
30707,126,106,20,20
30708,103,90,13,13
30709,97,89,8,8
30710,89,77,12,12
30711,69,60,9,9
30712,58,52,6,6
30713,109,93,16,16
30714,91,72,19,19
30715,76,67,9,9
30716,206,172,34,34
30717,109,87,22,22
30718,167,147,20,20
30719,124,105,19,19
30720,68,60,8,8
30721,162,124,38,38
30722,92,80,12,12
30723,160,148,12,12
30724,107,94,13,13
30725,104,80,24,24
30726,72,59,13,13
30727,59,56,3,3
30728,102,84,18,18
30729,110,108,2,2
30730,71,63,8,8
30731,96,80,16,16
30732,117,101,16,16
30733,67,63,4,4
30734,64,64,0,0
30735,111,97,14,14
30736,54,44,10,10
30737,70,65,5,5
30738,89,77,12,12
30739,125,119,6,6
30740,81,80,1,1
30741,132,112,20,20
30742,122,111,11,11
30743,83,79,4,4
30744,49,54,-5,5
30745,134,107,27,27
30746,86,78,8,8
30747,87,75,12,12
30748,113,101,12,12
30749,147,134,13,13
30750,57,58,-1,1
30751,81,71,10,10
30752,84,83,1,1
30753,130,111,19,19
30754,103,88,15,15
30755,57,52,5,5
30756,58,53,5,5
30757,147,115,32,32
30758,136,121,15,15
30759,78,73,5,5
30760,92,83,9,9
30761,69,67,2,2
30762,151,124,27,27
30763,155,141,14,14
30764,80,77,3,3
30765,71,60,11,11
30766,113,112,1,1
30767,129,104,25,25
30768,113,102,11,11
30769,82,78,4,4
30770,69,54,15,15
30771,95,83,12,12
30772,86,78,8,8
30773,86,71,15,15
30774,73,63,10,10
30775,84,78,6,6
30776,99,86,13,13
30777,159,128,31,31
30778,94,87,7,7
30779,93,84,9,9
30780,52,49,3,3
30781,92,83,9,9
30782,77,78,-1,1
30783,83,76,7,7
30784,145,134,11,11
30785,89,75,14,14
30786,98,83,15,15
30787,128,120,8,8
30788,70,73,-3,3
30789,85,75,10,10
30790,94,85,9,9
30791,63,61,2,2
30792,120,96,24,24
30793,93,92,1,1
30794,113,98,15,15
30795,164,148,16,16
30796,121,105,16,16
30797,61,50,11,11
30798,100,101,-1,1
30799,67,54,13,13
30800,107,97,10,10
30801,56,46,10,10
30802,79,72,7,7
30803,116,132,-16,16
30804,139,120,19,19
30805,112,109,3,3
30806,92,82,10,10
30807,108,94,14,14
30808,124,115,9,9
30809,158,146,12,12
30810,106,83,23,23
30811,132,114,18,18
30812,100,87,13,13
30813,64,88,-24,24
30814,128,108,20,20
30815,53,46,7,7
30816,54,47,7,7
30817,81,73,8,8
30818,67,59,8,8
30819,97,102,-5,5
30820,129,110,19,19
30821,122,94,28,28
30822,139,123,16,16
30823,44,40,4,4
30824,131,115,16,16
30825,67,65,2,2
30826,115,102,13,13
30827,53,47,6,6
30828,84,71,13,13
30829,124,110,14,14
30830,74,60,14,14
30831,104,99,5,5
30832,70,68,2,2
30833,112,100,12,12
30834,90,69,21,21
30835,83,89,-6,6
30836,71,65,6,6
30837,81,70,11,11
30838,124,129,-5,5
30839,161,147,14,14
30840,52,49,3,3
30841,78,76,2,2
30842,57,45,12,12
30843,113,101,12,12
30844,105,87,18,18
30845,119,99,20,20
30846,48,49,-1,1
30847,123,114,9,9
30848,96,84,12,12
30849,124,102,22,22
30850,129,117,12,12
30851,125,116,9,9
30852,104,96,8,8
30853,117,105,12,12
30854,151,134,17,17
30855,125,109,16,16
30856,87,86,1,1
30857,71,64,7,7
30858,58,51,7,7
30859,127,116,11,11
30860,143,114,29,29
30861,78,69,9,9
30862,114,112,2,2
30863,49,44,5,5
30864,86,80,6,6
30865,81,81,0,0
30866,85,76,9,9
30867,158,120,38,38
30868,57,47,10,10
30869,109,98,11,11
30870,95,82,13,13
30871,45,42,3,3
30872,76,78,-2,2
30873,83,71,12,12
30874,100,102,-2,2
30875,65,70,-5,5
30876,76,72,4,4
30877,47,51,-4,4
30878,70,63,7,7
30879,157,141,16,16
30880,204,161,43,43
30881,88,76,12,12
30882,93,78,15,15
30883,53,56,-3,3
30884,97,89,8,8
30885,84,74,10,10
30886,66,64,2,2
30887,73,68,5,5
30888,64,63,1,1
30889,102,83,19,19
30890,56,52,4,4
30891,73,68,5,5
30892,78,74,4,4
30893,64,66,-2,2
30894,89,82,7,7
30895,108,99,9,9
30896,79,66,13,13
30897,99,90,9,9
30898,104,93,11,11
30899,174,143,31,31
30900,76,72,4,4
30901,67,67,0,0
30902,103,89,14,14
30903,72,62,10,10
30904,65,69,-4,4
30905,79,73,6,6
30906,39,62,-23,23
30907,42,39,3,3
30908,43,43,0,0
30909,130,115,15,15
30910,56,49,7,7
30911,67,65,2,2
30912,61,56,5,5
30913,79,60,19,19
30914,122,93,29,29
30915,121,105,16,16
30916,87,70,17,17
30917,95,90,5,5
30918,76,66,10,10
30919,98,77,21,21
30920,149,135,14,14
30921,37,38,-1,1
30922,91,71,20,20
30923,99,88,11,11
30924,64,63,1,1
30925,113,98,15,15
30926,82,75,7,7
30927,71,65,6,6
30928,103,98,5,5
30929,58,55,3,3
30930,112,97,15,15
30931,61,55,6,6
30932,60,60,0,0
30933,118,110,8,8
30934,48,46,2,2
30935,86,68,18,18
30936,61,62,-1,1
30937,123,101,22,22
30938,151,130,21,21
30939,50,46,4,4
30940,123,117,6,6
30941,186,162,24,24
30942,59,58,1,1
30943,141,125,16,16
30944,130,135,-5,5
30945,83,67,16,16
30946,63,58,5,5
30947,168,135,33,33
30948,88,78,10,10
30949,49,51,-2,2
30950,47,48,-1,1
30951,81,76,5,5
30952,176,136,40,40
30953,58,54,4,4
30954,48,37,11,11
30955,117,105,12,12
30956,115,95,20,20
30957,120,101,19,19
30958,90,80,10,10
30959,46,48,-2,2
30960,113,112,1,1
30961,64,62,2,2
30962,126,106,20,20
30963,153,126,27,27
30964,114,96,18,18
30965,182,161,21,21
30966,114,104,10,10
30967,91,82,9,9
30968,116,95,21,21
30969,135,113,22,22
30970,70,63,7,7
30971,80,66,14,14
30972,50,58,-8,8
30973,90,82,8,8
30974,50,50,0,0
30975,144,116,28,28
30976,77,67,10,10
30977,81,74,7,7
30978,41,38,3,3
30979,80,73,7,7
30980,97,83,14,14
30981,65,61,4,4
30982,70,64,6,6
30983,176,163,13,13
30984,143,127,16,16
30985,79,71,8,8
30986,122,104,18,18
30987,135,120,15,15
30988,85,82,3,3
30989,50,52,-2,2
30990,88,75,13,13
30991,120,99,21,21
30992,134,119,15,15
30993,74,70,4,4
30994,86,81,5,5
30995,95,84,11,11
30996,56,55,1,1
30997,92,80,12,12
30998,86,77,9,9
30999,70,79,-9,9
31000,81,69,12,12
31001,113,103,10,10
31002,99,84,15,15
31003,77,73,4,4
31004,31,23,8,8
31005,99,85,14,14
31006,85,75,10,10
31007,80,79,1,1
31008,92,82,10,10
31009,56,53,3,3
31010,139,138,1,1
31011,51,42,9,9
31012,36,38,-2,2
31013,126,105,21,21
31014,76,69,7,7
31015,96,99,-3,3
31016,87,81,6,6
31017,117,102,15,15
31018,102,95,7,7
31019,89,83,6,6
31020,107,78,29,29
31021,79,70,9,9
31022,89,79,10,10
31023,67,55,12,12
31024,114,99,15,15
31025,69,65,4,4
31026,115,87,28,28
31027,168,152,16,16
31028,84,82,2,2
31029,79,51,28,28
31030,133,125,8,8
31031,123,98,25,25
31032,102,102,0,0
31033,123,103,20,20
31034,97,78,19,19
31035,89,79,10,10
31036,92,88,4,4
31037,171,139,32,32
31038,72,60,12,12
31039,92,90,2,2
31040,54,56,-2,2
31041,113,104,9,9
31042,110,88,22,22
31043,64,56,8,8
31044,64,57,7,7
31045,69,57,12,12
31046,81,72,9,9
31047,101,92,9,9
31048,92,84,8,8
31049,85,84,1,1
31050,58,52,6,6
31051,124,105,19,19
31052,81,69,12,12
31053,108,89,19,19
31054,93,79,14,14
31055,70,55,15,15
31056,119,86,33,33
31057,65,58,7,7
31058,90,73,17,17
31059,53,47,6,6
31060,73,70,3,3
31061,52,50,2,2
31062,97,89,8,8
31063,118,91,27,27
31064,95,83,12,12
31065,89,78,11,11
31066,66,59,7,7
31067,75,71,4,4
31068,107,91,16,16
31069,63,56,7,7
31070,148,121,27,27
31071,110,97,13,13
31072,96,94,2,2
31073,123,113,10,10
31074,123,103,20,20
31075,106,84,22,22
31076,101,84,17,17
31077,105,95,10,10
31078,94,92,2,2
31079,53,61,-8,8
31080,53,57,-4,4
31081,116,104,12,12
31082,122,113,9,9
31083,96,90,6,6
31084,117,100,17,17
31085,105,90,15,15
31086,74,68,6,6
31087,43,46,-3,3
31088,110,101,9,9
31089,71,64,7,7
31090,72,61,11,11
31091,109,97,12,12
31092,142,127,15,15
31093,69,56,13,13
31094,127,122,5,5
31095,113,110,3,3
31096,61,56,5,5
31097,108,93,15,15
31098,83,68,15,15
31099,58,57,1,1
31100,107,96,11,11
31101,108,111,-3,3
31102,97,83,14,14
31103,101,82,19,19
31104,101,96,5,5
31105,123,101,22,22
31106,68,64,4,4
31107,89,75,14,14
31108,47,43,4,4
31109,128,104,24,24
31110,117,103,14,14
31111,94,78,16,16
31112,111,93,18,18
31113,51,48,3,3
31114,65,67,-2,2
31115,79,88,-9,9
31116,140,126,14,14
31117,152,121,31,31
31118,108,98,10,10
31119,115,96,19,19
31120,78,80,-2,2
31121,100,91,9,9
31122,69,69,0,0
31123,127,112,15,15
31124,64,53,11,11
31125,148,130,18,18
31126,105,88,17,17
31127,123,106,17,17
31128,56,53,3,3
31129,60,64,-4,4
31130,100,84,16,16
31131,77,88,-11,11
31132,89,100,-11,11
31133,63,63,0,0
31134,70,63,7,7
31135,74,63,11,11
31136,74,74,0,0
31137,149,117,32,32
31138,60,57,3,3
31139,115,147,-32,32
31140,65,61,4,4
31141,95,80,15,15
31142,126,127,-1,1
31143,84,83,1,1
31144,114,91,23,23
31145,130,110,20,20
31146,117,98,19,19
31147,135,125,10,10
31148,110,102,8,8
31149,74,62,12,12
31150,91,79,12,12
31151,102,87,15,15
31152,76,73,3,3
31153,81,84,-3,3
31154,117,100,17,17
31155,58,54,4,4
31156,52,62,-10,10
31157,44,56,-12,12
31158,126,118,8,8
31159,102,92,10,10
31160,68,56,12,12
31161,96,102,-6,6
31162,116,93,23,23
31163,96,81,15,15
31164,44,45,-1,1
31165,49,42,7,7
31166,109,98,11,11
31167,40,44,-4,4
31168,84,102,-18,18
31169,57,51,6,6
31170,85,83,2,2
31171,44,42,2,2
31172,77,67,10,10
31173,70,73,-3,3
31174,63,62,1,1
31175,75,64,11,11
31176,88,80,8,8
31177,98,84,14,14
31178,66,73,-7,7
31179,78,65,13,13
31180,95,93,2,2
31181,99,111,-12,12
31182,20,81,-61,61
31183,88,82,6,6
31184,165,141,24,24
31185,127,110,17,17
31186,55,52,3,3
31187,145,127,18,18
31188,72,66,6,6
31189,84,69,15,15
31190,62,58,4,4
31191,107,88,19,19
31192,113,85,28,28
31193,64,60,4,4
31194,132,104,28,28
31195,80,69,11,11
31196,64,62,2,2
31197,58,60,-2,2
31198,53,59,-6,6
31199,101,89,12,12
31200,97,81,16,16
31201,93,84,9,9
31202,87,68,19,19
31203,78,66,12,12
31204,70,56,14,14
31205,119,73,46,46
31206,66,61,5,5
31207,82,81,1,1
31208,117,91,26,26
31209,106,91,15,15
31210,79,69,10,10
31211,129,143,-14,14
31212,95,77,18,18
31213,66,66,0,0
31214,63,56,7,7
31215,128,118,10,10
31216,86,70,16,16
31217,87,86,1,1
31218,115,106,9,9
31219,126,113,13,13
31220,66,94,-28,28
31221,138,124,14,14
31222,118,94,24,24
31223,105,94,11,11
31224,59,60,-1,1
31225,51,52,-1,1
31226,45,54,-9,9
31227,79,72,7,7
31228,103,81,22,22
31229,86,100,-14,14
31230,63,55,8,8
31231,104,92,12,12
31232,144,126,18,18
31233,160,134,26,26
31234,55,52,3,3
31235,83,74,9,9
31236,104,93,11,11
31237,61,57,4,4
31238,92,89,3,3
31239,72,68,4,4
31240,103,88,15,15
31241,192,150,42,42
31242,89,76,13,13
31243,76,66,10,10
31244,70,69,1,1
31245,81,66,15,15
31246,96,85,11,11
31247,120,102,18,18
31248,88,79,9,9
31249,81,66,15,15
31250,91,81,10,10
31251,104,85,19,19
31252,71,64,7,7
31253,51,44,7,7
31254,138,116,22,22
31255,88,67,21,21
31256,64,67,-3,3
31257,108,100,8,8
31258,120,104,16,16
31259,78,90,-12,12
31260,158,127,31,31
31261,185,150,35,35
31262,168,155,13,13
31263,96,91,5,5
31264,100,72,28,28
31265,48,93,-45,45
31266,80,71,9,9
31267,49,47,2,2
31268,108,97,11,11
31269,71,66,5,5
31270,111,99,12,12
31271,75,64,11,11
31272,117,104,13,13
31273,156,131,25,25
31274,111,92,19,19
31275,108,99,9,9
31276,54,53,1,1
31277,83,81,2,2
31278,91,75,16,16
31279,53,54,-1,1
31280,46,42,4,4
31281,39,43,-4,4
31282,97,95,2,2
31283,97,99,-2,2
31284,93,77,16,16
31285,173,146,27,27
31286,76,66,10,10
31287,146,124,22,22
31288,128,121,7,7
31289,81,64,17,17
31290,90,82,8,8
31291,109,101,8,8
31292,123,98,25,25
31293,100,89,11,11
31294,77,73,4,4
31295,77,70,7,7
31296,109,110,-1,1
31297,85,72,13,13
31298,94,83,11,11
31299,57,49,8,8
31300,51,48,3,3
31301,50,51,-1,1
31302,80,68,12,12
31303,73,62,11,11
31304,68,67,1,1
31305,153,125,28,28
31306,120,116,4,4
31307,99,89,10,10
31308,97,84,13,13
31309,82,71,11,11
31310,85,86,-1,1
31311,84,71,13,13
31312,93,92,1,1
31313,55,53,2,2
31314,53,50,3,3
31315,148,125,23,23
31316,115,108,7,7
31317,116,103,13,13
31318,109,87,22,22
31319,72,69,3,3
31320,85,78,7,7
31321,78,61,17,17
31322,133,112,21,21
31323,89,77,12,12
31324,53,57,-4,4
31325,145,141,4,4
31326,75,63,12,12
31327,60,56,4,4
31328,71,62,9,9
31329,62,58,4,4
31330,165,138,27,27
31331,51,59,-8,8
31332,146,138,8,8
31333,64,57,7,7
31334,75,74,1,1
31335,79,65,14,14
31336,85,78,7,7
31337,100,90,10,10
31338,119,100,19,19
31339,106,103,3,3
31340,79,70,9,9
31341,163,138,25,25
31342,121,114,7,7
31343,66,64,2,2
31344,114,101,13,13
31345,77,73,4,4
31346,57,54,3,3
31347,87,82,5,5
31348,86,74,12,12
31349,71,70,1,1
31350,124,107,17,17
31351,65,55,10,10
31352,111,95,16,16
31353,62,63,-1,1
31354,94,76,18,18
31355,76,69,7,7
31356,122,121,1,1
31357,136,134,2,2
31358,76,66,10,10
31359,82,86,-4,4
31360,62,54,8,8
31361,65,55,10,10
31362,63,63,0,0
31363,50,45,5,5
31364,56,61,-5,5
31365,80,77,3,3
31366,95,77,18,18
31367,94,87,7,7
31368,90,71,19,19
31369,116,90,26,26
31370,113,93,20,20
31371,70,61,9,9
31372,31,32,-1,1
31373,70,68,2,2
31374,72,59,13,13
31375,92,75,17,17
31376,82,69,13,13
31377,58,59,-1,1
31378,104,104,0,0
31379,75,68,7,7
31380,90,84,6,6
31381,130,113,17,17
31382,126,113,13,13
31383,89,76,13,13
31384,108,95,13,13
31385,51,51,0,0
31386,132,118,14,14
31387,91,83,8,8
31388,109,103,6,6
31389,103,108,-5,5
31390,87,72,15,15
31391,123,111,12,12
31392,109,91,18,18
31393,77,81,-4,4
31394,96,88,8,8
31395,82,74,8,8
31396,111,100,11,11
31397,72,63,9,9
31398,117,97,20,20
31399,117,103,14,14
31400,137,118,19,19
31401,107,84,23,23
31402,91,83,8,8
31403,110,97,13,13
31404,76,73,3,3
31405,83,67,16,16
31406,142,128,14,14
31407,97,85,12,12
31408,54,47,7,7
31409,71,66,5,5
31410,91,89,2,2
31411,100,92,8,8
31412,47,45,2,2
31413,114,92,22,22
31414,65,50,15,15
31415,33,34,-1,1
31416,88,76,12,12
31417,102,94,8,8
31418,72,79,-7,7
31419,95,86,9,9
31420,100,88,12,12
31421,200,175,25,25
31422,147,119,28,28
31423,98,95,3,3
31424,111,98,13,13
31425,105,95,10,10
31426,89,81,8,8
31427,108,96,12,12
31428,35,59,-24,24
31429,54,56,-2,2
31430,124,108,16,16
31431,90,71,19,19
31432,130,115,15,15
31433,138,115,23,23
31434,143,117,26,26
31435,74,68,6,6
31436,47,50,-3,3
31437,64,60,4,4
31438,174,158,16,16
31439,96,81,15,15
31440,132,120,12,12
31441,66,64,2,2
31442,105,94,11,11
31443,128,116,12,12
31444,99,89,10,10
31445,70,63,7,7
31446,62,52,10,10
31447,78,67,11,11
31448,93,88,5,5
31449,89,68,21,21
31450,104,101,3,3
31451,74,65,9,9
31452,102,75,27,27
31453,58,52,6,6
31454,89,79,10,10
31455,84,66,18,18
31456,128,105,23,23
31457,91,86,5,5
31458,80,62,18,18
31459,84,85,-1,1
31460,100,93,7,7
31461,115,100,15,15
31462,92,86,6,6
31463,155,140,15,15
31464,175,138,37,37
31465,79,68,11,11
31466,70,58,12,12
31467,64,65,-1,1
31468,111,102,9,9
31469,83,73,10,10
31470,92,83,9,9
31471,153,132,21,21
31472,138,123,15,15
31473,90,95,-5,5
31474,104,100,4,4
31475,52,45,7,7
31476,72,67,5,5
31477,76,71,5,5
31478,69,61,8,8
31479,145,122,23,23
31480,67,59,8,8
31481,79,65,14,14
31482,103,86,17,17
31483,145,134,11,11
31484,86,78,8,8
31485,112,96,16,16
31486,130,114,16,16
31487,173,146,27,27
31488,75,67,8,8
31489,195,150,45,45
31490,93,82,11,11
31491,102,89,13,13
31492,64,54,10,10
31493,68,59,9,9
31494,58,57,1,1
31495,93,71,22,22
31496,119,92,27,27
31497,54,46,8,8
31498,72,80,-8,8
31499,82,76,6,6
31500,130,113,17,17
31501,75,70,5,5
31502,73,71,2,2
31503,72,69,3,3
31504,243,243,0,0
31505,62,71,-9,9
31506,79,59,20,20
31507,129,120,9,9
31508,119,101,18,18
31509,121,110,11,11
31510,135,119,16,16
31511,64,50,14,14
31512,84,74,10,10
31513,68,65,3,3
31514,89,75,14,14
31515,59,48,11,11
31516,67,67,0,0
31517,108,100,8,8
31518,55,53,2,2
31519,161,127,34,34
31520,75,69,6,6
31521,113,94,19,19
31522,102,87,15,15
31523,116,98,18,18
31524,134,117,17,17
31525,161,121,40,40
31526,122,92,30,30
31527,103,89,14,14
31528,75,67,8,8
31529,162,128,34,34
31530,76,74,2,2
31531,57,53,4,4
31532,74,68,6,6
31533,78,62,16,16
31534,68,59,9,9
31535,101,85,16,16
31536,66,62,4,4
31537,61,59,2,2
31538,120,101,19,19
31539,62,54,8,8
31540,149,118,31,31
31541,85,82,3,3
31542,126,104,22,22
31543,192,168,24,24
31544,94,81,13,13
31545,69,64,5,5
31546,99,78,21,21
31547,114,95,19,19
31548,75,69,6,6
31549,113,110,3,3
31550,165,141,24,24
31551,133,114,19,19
31552,86,84,2,2
31553,72,59,13,13
31554,97,86,11,11
31555,113,144,-31,31
31556,110,100,10,10
31557,119,112,7,7
31558,60,55,5,5
31559,72,76,-4,4
31560,110,97,13,13
31561,151,123,28,28
31562,70,60,10,10
31563,89,81,8,8
31564,112,95,17,17
31565,70,64,6,6
31566,64,58,6,6
31567,155,140,15,15
31568,103,90,13,13
31569,115,99,16,16
31570,57,50,7,7
31571,92,90,2,2
31572,96,80,16,16
31573,61,57,4,4
31574,144,116,28,28
31575,75,70,5,5
31576,138,118,20,20
31577,103,96,7,7
31578,118,95,23,23
31579,80,77,3,3
31580,107,91,16,16
31581,84,73,11,11
31582,87,73,14,14
31583,56,46,10,10
31584,129,120,9,9
31585,94,81,13,13
31586,72,71,1,1
31587,193,152,41,41
31588,141,112,29,29
31589,98,88,10,10
31590,116,113,3,3
31591,154,133,21,21
31592,116,110,6,6
31593,75,74,1,1
31594,107,89,18,18
31595,83,69,14,14
31596,103,99,4,4
31597,99,87,12,12
31598,109,101,8,8
31599,95,83,12,12
31600,85,70,15,15
31601,81,71,10,10
31602,112,91,21,21
31603,82,71,11,11
31604,56,51,5,5
31605,64,61,3,3
31606,105,108,-3,3
31607,118,106,12,12
31608,82,77,5,5
31609,96,86,10,10
31610,69,58,11,11
31611,128,115,13,13
31612,88,83,5,5
31613,90,79,11,11
31614,141,121,20,20
31615,75,76,-1,1
31616,108,98,10,10
31617,153,131,22,22
31618,101,89,12,12
31619,76,72,4,4
31620,86,84,2,2
31621,49,42,7,7
31622,130,115,15,15
31623,95,83,12,12
31624,33,41,-8,8
31625,156,144,12,12
31626,49,43,6,6
31627,89,74,15,15
31628,86,67,19,19
31629,80,69,11,11
31630,97,84,13,13
31631,59,58,1,1
31632,153,131,22,22
31633,51,47,4,4
31634,88,67,21,21
31635,145,142,3,3
31636,165,160,5,5
31637,74,72,2,2
31638,80,80,0,0
31639,101,85,16,16
31640,46,43,3,3
31641,62,56,6,6
31642,107,86,21,21
31643,66,61,5,5
31644,153,133,20,20
31645,75,66,9,9
31646,49,46,3,3
31647,120,112,8,8
31648,131,114,17,17
31649,106,99,7,7
31650,147,126,21,21
31651,81,75,6,6
31652,94,86,8,8
31653,57,56,1,1
31654,61,64,-3,3
31655,47,43,4,4
31656,53,47,6,6
31657,117,98,19,19
31658,98,70,28,28
31659,48,43,5,5
31660,190,170,20,20
31661,68,63,5,5
31662,106,90,16,16
31663,57,57,0,0
31664,131,121,10,10
31665,132,113,19,19
31666,74,68,6,6
31667,125,114,11,11
31668,86,79,7,7
31669,49,44,5,5
31670,95,72,23,23
31671,67,57,10,10
31672,82,79,3,3
31673,93,90,3,3
31674,52,53,-1,1
31675,55,51,4,4
31676,111,97,14,14
31677,73,64,9,9
31678,72,72,0,0
31679,160,141,19,19
31680,97,91,6,6
31681,95,79,16,16
31682,117,85,32,32
31683,67,53,14,14
31684,55,53,2,2
31685,103,87,16,16
31686,108,101,7,7
31687,82,67,15,15
31688,155,128,27,27
31689,87,80,7,7
31690,88,76,12,12
31691,84,88,-4,4
31692,66,68,-2,2
31693,59,54,5,5
31694,80,70,10,10
31695,120,113,7,7
31696,92,84,8,8
31697,36,32,4,4
31698,89,72,17,17
31699,113,94,19,19
31700,86,82,4,4
31701,117,125,-8,8
31702,78,66,12,12
31703,72,71,1,1
31704,76,61,15,15
31705,76,68,8,8
31706,87,79,8,8
31707,76,89,-13,13
31708,79,57,22,22
31709,51,41,10,10
31710,121,119,2,2
31711,100,82,18,18
31712,83,74,9,9
31713,84,67,17,17
31714,100,95,5,5
31715,125,105,20,20
31716,73,59,14,14
31717,59,54,5,5
31718,79,73,6,6
31719,76,75,1,1
31720,108,101,7,7
31721,64,66,-2,2
31722,101,87,14,14
31723,140,112,28,28
31724,89,81,8,8
31725,72,61,11,11
31726,82,79,3,3
31727,68,64,4,4
31728,41,46,-5,5
31729,77,70,7,7
31730,150,126,24,24
31731,121,104,17,17
31732,96,104,-8,8
31733,50,46,4,4
31734,45,45,0,0
31735,118,113,5,5
31736,108,95,13,13
31737,74,64,10,10
31738,148,123,25,25
31739,109,95,14,14
31740,53,50,3,3
31741,69,59,10,10
31742,75,68,7,7
31743,75,79,-4,4
31744,93,81,12,12
31745,36,35,1,1
31746,62,62,0,0
31747,139,123,16,16
31748,67,62,5,5
31749,199,176,23,23
31750,61,52,9,9
31751,66,60,6,6
31752,58,53,5,5
31753,58,55,3,3
31754,98,93,5,5
31755,65,55,10,10
31756,96,87,9,9
31757,105,96,9,9
31758,44,43,1,1
31759,116,102,14,14
31760,87,74,13,13
31761,94,86,8,8
31762,130,122,8,8
31763,103,92,11,11
31764,85,74,11,11
31765,94,93,1,1
31766,78,67,11,11
31767,120,105,15,15
31768,48,46,2,2
31769,107,88,19,19
31770,87,82,5,5
31771,115,105,10,10
31772,122,109,13,13
31773,137,111,26,26
31774,19,22,-3,3
31775,90,84,6,6
31776,45,38,7,7
31777,53,53,0,0
31778,132,107,25,25
31779,54,46,8,8
31780,123,119,4,4
31781,88,94,-6,6
31782,90,76,14,14
31783,112,99,13,13
31784,67,54,13,13
31785,50,50,0,0
31786,65,58,7,7
31787,44,43,1,1
31788,86,85,1,1
31789,65,61,4,4
31790,80,87,-7,7
31791,128,106,22,22
31792,166,123,43,43
31793,105,85,20,20
31794,77,68,9,9
31795,113,105,8,8
31796,82,74,8,8
31797,94,89,5,5
31798,123,106,17,17
31799,118,105,13,13
31800,159,134,25,25
31801,100,76,24,24
31802,95,82,13,13
31803,128,115,13,13
31804,67,70,-3,3
31805,131,104,27,27
31806,78,70,8,8
31807,58,53,5,5
31808,126,106,20,20
31809,136,127,9,9
31810,75,64,11,11
31811,100,87,13,13
31812,52,46,6,6
31813,94,79,15,15
31814,64,62,2,2
31815,65,62,3,3
31816,85,76,9,9
31817,100,89,11,11
31818,134,118,16,16
31819,88,81,7,7
31820,87,79,8,8
31821,112,101,11,11
31822,222,186,36,36
31823,103,87,16,16
31824,131,135,-4,4
31825,143,126,17,17
31826,89,82,7,7
31827,144,116,28,28
31828,90,77,13,13
31829,117,101,16,16
31830,41,39,2,2
31831,161,141,20,20
31832,87,83,4,4
31833,67,61,6,6
31834,89,86,3,3
31835,58,47,11,11
31836,54,47,7,7
31837,66,56,10,10
31838,62,60,2,2
31839,46,42,4,4
31840,116,105,11,11
31841,146,132,14,14
31842,153,142,11,11
31843,110,86,24,24
31844,83,66,17,17
31845,138,113,25,25
31846,117,100,17,17
31847,86,73,13,13
31848,170,145,25,25
31849,96,92,4,4
31850,57,47,10,10
31851,102,82,20,20
31852,96,86,10,10
31853,88,75,13,13
31854,117,107,10,10
31855,83,87,-4,4
31856,94,94,0,0
31857,68,70,-2,2
31858,81,67,14,14
31859,165,147,18,18
31860,93,76,17,17
31861,169,149,20,20
31862,79,73,6,6
31863,91,78,13,13
31864,96,83,13,13
31865,107,83,24,24
31866,98,84,14,14
31867,81,69,12,12
31868,125,114,11,11
31869,111,96,15,15
31870,50,50,0,0
31871,102,93,9,9
31872,94,77,17,17
31873,57,51,6,6
31874,110,95,15,15
31875,89,75,14,14
31876,69,59,10,10
31877,116,107,9,9
31878,135,108,27,27
31879,76,64,12,12
31880,98,78,20,20
31881,72,60,12,12
31882,68,67,1,1
31883,77,67,10,10
31884,125,125,0,0
31885,115,95,20,20
31886,136,112,24,24
31887,80,71,9,9
31888,82,75,7,7
31889,76,71,5,5
31890,82,71,11,11
31891,138,114,24,24
31892,108,91,17,17
31893,153,132,21,21
31894,76,67,9,9
31895,100,81,19,19
31896,97,90,7,7
31897,119,103,16,16
31898,35,39,-4,4
31899,39,37,2,2
31900,102,87,15,15
31901,93,96,-3,3
31902,122,106,16,16
31903,88,75,13,13
31904,84,76,8,8
31905,207,172,35,35
31906,67,61,6,6
31907,111,102,9,9
31908,75,67,8,8
31909,112,94,18,18
31910,59,57,2,2
31911,66,59,7,7
31912,161,143,18,18
31913,80,78,2,2
31914,64,61,3,3
31915,123,76,47,47
31916,123,103,20,20
31917,144,129,15,15
31918,61,59,2,2
31919,85,65,20,20
31920,100,84,16,16
31921,100,87,13,13
31922,65,51,14,14
31923,75,62,13,13
31924,104,84,20,20
31925,112,112,0,0
31926,93,81,12,12
31927,69,59,10,10
31928,58,53,5,5
31929,120,92,28,28
31930,131,107,24,24
31931,101,83,18,18
31932,156,140,16,16
31933,83,69,14,14
31934,62,57,5,5
31935,94,86,8,8
31936,87,81,6,6
31937,182,152,30,30
31938,132,115,17,17
31939,100,94,6,6
31940,74,67,7,7
31941,57,56,1,1
31942,95,86,9,9
31943,64,50,14,14
31944,99,86,13,13
31945,102,99,3,3
31946,144,121,23,23
31947,152,128,24,24
31948,66,56,10,10
31949,57,55,2,2
31950,73,72,1,1
31951,85,73,12,12
31952,111,92,19,19
31953,78,72,6,6
31954,87,75,12,12
31955,58,58,0,0
31956,125,109,16,16
31957,98,85,13,13
31958,127,111,16,16
31959,125,103,22,22
31960,107,98,9,9
31961,57,57,0,0
31962,161,136,25,25
31963,109,92,17,17
31964,110,90,20,20
31965,64,57,7,7
31966,304,284,20,20
31967,75,67,8,8
31968,161,148,13,13
31969,85,86,-1,1
31970,124,96,28,28
31971,53,48,5,5
31972,98,91,7,7
31973,124,109,15,15
31974,67,57,10,10
31975,59,59,0,0
31976,115,94,21,21
31977,91,75,16,16
31978,108,98,10,10
31979,82,76,6,6
31980,104,84,20,20
31981,65,67,-2,2
31982,107,95,12,12
31983,140,129,11,11
31984,83,75,8,8
31985,128,129,-1,1
31986,65,54,11,11
31987,70,66,4,4
31988,160,147,13,13
31989,94,83,11,11
31990,74,62,12,12
31991,99,91,8,8
31992,105,90,15,15
31993,65,64,1,1
31994,46,43,3,3
31995,72,66,6,6
31996,53,45,8,8
31997,110,97,13,13
31998,100,82,18,18
31999,65,64,1,1
32000,102,87,15,15
32001,128,111,17,17
32002,90,76,14,14
32003,139,137,2,2
32004,145,116,29,29
32005,89,75,14,14
32006,68,69,-1,1
32007,64,57,7,7
32008,79,76,3,3
32009,86,69,17,17
32010,60,60,0,0
32011,101,82,19,19
32012,36,40,-4,4
32013,103,90,13,13
32014,52,43,9,9
32015,152,134,18,18
32016,80,80,0,0
32017,142,116,26,26
32018,129,103,26,26
32019,140,105,35,35
32020,49,50,-1,1
32021,147,135,12,12
32022,100,80,20,20
32023,59,62,-3,3
32024,106,98,8,8
32025,88,79,9,9
32026,86,79,7,7
32027,106,84,22,22
32028,110,98,12,12
32029,43,36,7,7
32030,114,109,5,5
32031,77,65,12,12
32032,103,92,11,11
32033,125,112,13,13
32034,65,58,7,7
32035,105,91,14,14
32036,98,102,-4,4
32037,132,129,3,3
32038,119,104,15,15
32039,80,73,7,7
32040,107,95,12,12
32041,94,76,18,18
32042,59,59,0,0
32043,109,101,8,8
32044,144,134,10,10
32045,45,44,1,1
32046,66,44,22,22
32047,122,114,8,8
32048,88,79,9,9
32049,53,44,9,9
32050,58,60,-2,2
32051,68,62,6,6
32052,104,87,17,17
32053,129,120,9,9
32054,55,51,4,4
32055,80,64,16,16
32056,100,94,6,6
32057,64,67,-3,3
32058,150,132,18,18
32059,80,69,11,11
32060,96,79,17,17
32061,83,72,11,11
32062,39,38,1,1
32063,112,89,23,23
32064,146,125,21,21
32065,91,87,4,4
32066,77,77,0,0
32067,121,110,11,11
32068,113,100,13,13
32069,132,125,7,7
32070,102,90,12,12
32071,71,60,11,11
32072,81,70,11,11
32073,60,64,-4,4
32074,112,89,23,23
32075,95,79,16,16
32076,116,100,16,16
32077,85,78,7,7
32078,116,114,2,2
32079,107,97,10,10
32080,156,125,31,31
32081,84,78,6,6
32082,77,67,10,10
32083,111,93,18,18
32084,61,75,-14,14
32085,124,116,8,8
32086,106,86,20,20
32087,116,102,14,14
32088,64,69,-5,5
32089,108,94,14,14
32090,76,66,10,10
32091,72,68,4,4
32092,75,67,8,8
32093,66,58,8,8
32094,128,125,3,3
32095,189,148,41,41
32096,120,108,12,12
32097,64,57,7,7
32098,141,128,13,13
32099,96,85,11,11
32100,170,148,22,22
32101,83,74,9,9
32102,101,93,8,8
32103,81,80,1,1
32104,43,41,2,2
32105,150,129,21,21
32106,70,56,14,14
32107,89,73,16,16
32108,115,96,19,19
32109,103,91,12,12
32110,54,50,4,4
32111,63,56,7,7
32112,127,123,4,4
32113,96,72,24,24
32114,79,85,-6,6
32115,83,78,5,5
32116,108,91,17,17
32117,116,97,19,19
32118,121,105,16,16
32119,127,106,21,21
32120,109,102,7,7
32121,96,86,10,10
32122,82,72,10,10
32123,103,117,-14,14
32124,142,130,12,12
32125,161,133,28,28
32126,126,113,13,13
32127,78,66,12,12
32128,157,141,16,16
32129,63,61,2,2
32130,64,59,5,5
32131,90,78,12,12
32132,95,89,6,6
32133,146,128,18,18
32134,56,52,4,4
32135,48,40,8,8
32136,68,62,6,6
32137,94,87,7,7
32138,87,75,12,12
32139,122,100,22,22
32140,126,100,26,26
32141,55,59,-4,4
32142,61,59,2,2
32143,89,88,1,1
32144,62,64,-2,2
32145,71,63,8,8
32146,87,79,8,8
32147,39,35,4,4
32148,123,106,17,17
32149,79,75,4,4
32150,109,94,15,15
32151,101,95,6,6
32152,107,92,15,15
32153,114,100,14,14
32154,81,81,0,0
32155,167,145,22,22
32156,71,66,5,5
32157,65,63,2,2
32158,76,66,10,10
32159,94,83,11,11
32160,162,135,27,27
32161,86,90,-4,4
32162,162,144,18,18
32163,50,44,6,6
32164,109,92,17,17
32165,70,60,10,10
32166,69,62,7,7
32167,36,31,5,5
32168,117,96,21,21
32169,104,82,22,22
32170,107,99,8,8
32171,66,61,5,5
32172,98,88,10,10
32173,113,105,8,8
32174,57,55,2,2
32175,117,103,14,14
32176,79,81,-2,2
32177,88,79,9,9
32178,101,89,12,12
32179,98,88,10,10
32180,164,163,1,1
32181,108,95,13,13
32182,79,70,9,9
32183,77,76,1,1
32184,81,72,9,9
32185,111,96,15,15
32186,108,96,12,12
32187,104,90,14,14
32188,51,41,10,10
32189,79,72,7,7
32190,141,120,21,21
32191,105,91,14,14
32192,79,76,3,3
32193,121,101,20,20
32194,85,83,2,2
32195,60,55,5,5
32196,76,65,11,11
32197,66,57,9,9
32198,140,116,24,24
32199,115,88,27,27
32200,135,110,25,25
32201,137,134,3,3
32202,108,106,2,2
32203,56,55,1,1
32204,145,124,21,21
32205,107,88,19,19
32206,75,64,11,11
32207,73,69,4,4
32208,58,55,3,3
32209,73,64,9,9
32210,100,86,14,14
32211,154,130,24,24
32212,89,77,12,12
32213,86,71,15,15
32214,218,171,47,47
32215,96,85,11,11
32216,72,66,6,6
32217,136,134,2,2
32218,197,170,27,27
32219,75,71,4,4
32220,138,119,19,19
32221,112,104,8,8
32222,97,93,4,4
32223,50,50,0,0
32224,144,121,23,23
32225,62,57,5,5
32226,91,87,4,4
32227,108,100,8,8
32228,111,100,11,11
32229,154,132,22,22
32230,84,77,7,7
32231,181,161,20,20
32232,80,72,8,8
32233,134,116,18,18
32234,78,78,0,0
32235,243,200,43,43
32236,59,49,10,10
32237,83,64,19,19
32238,76,58,18,18
32239,88,76,12,12
32240,62,56,6,6
32241,81,73,8,8
32242,127,115,12,12
32243,119,103,16,16
32244,70,67,3,3
32245,114,93,21,21
32246,91,78,13,13
32247,120,95,25,25
32248,61,52,9,9
32249,73,65,8,8
32250,77,75,2,2
32251,175,160,15,15
32252,86,75,11,11
32253,125,107,18,18
32254,109,90,19,19
32255,90,88,2,2
32256,71,67,4,4
32257,64,57,7,7
32258,91,73,18,18
32259,116,99,17,17
32260,63,53,10,10
32261,79,71,8,8
32262,56,47,9,9
32263,144,123,21,21
32264,130,103,27,27
32265,73,65,8,8
32266,64,50,14,14
32267,146,116,30,30
32268,30,42,-12,12
32269,107,99,8,8
32270,80,77,3,3
32271,94,99,-5,5
32272,57,52,5,5
32273,85,78,7,7
32274,157,132,25,25
32275,131,119,12,12
32276,170,134,36,36
32277,115,112,3,3
32278,124,98,26,26
32279,83,73,10,10
32280,139,121,18,18
32281,104,95,9,9
32282,54,49,5,5
32283,117,100,17,17
32284,84,86,-2,2
32285,97,81,16,16
32286,50,40,10,10
32287,57,61,-4,4
32288,84,76,8,8
32289,70,65,5,5
32290,75,72,3,3
32291,33,49,-16,16
32292,110,113,-3,3
32293,60,56,4,4
32294,66,63,3,3
32295,121,100,21,21
32296,97,86,11,11
32297,128,106,22,22
32298,82,70,12,12
32299,110,94,16,16
32300,135,123,12,12
32301,96,87,9,9
32302,79,65,14,14
32303,82,67,15,15
32304,112,91,21,21
32305,119,109,10,10
32306,113,81,32,32
32307,129,115,14,14
32308,30,31,-1,1
32309,143,131,12,12
32310,48,47,1,1
32311,70,65,5,5
32312,66,86,-20,20
32313,117,110,7,7
32314,49,46,3,3
32315,73,68,5,5
32316,104,101,3,3
32317,78,81,-3,3
32318,94,87,7,7
32319,39,36,3,3
32320,163,136,27,27
32321,131,118,13,13
32322,78,75,3,3
32323,107,102,5,5
32324,40,40,0,0
32325,83,73,10,10
32326,88,90,-2,2
32327,104,92,12,12
32328,116,95,21,21
32329,144,117,27,27
32330,93,86,7,7
32331,89,80,9,9
32332,110,97,13,13
32333,62,78,-16,16
32334,100,89,11,11
32335,79,72,7,7
32336,80,69,11,11
32337,120,109,11,11
32338,84,90,-6,6
32339,88,83,5,5
32340,132,123,9,9
32341,93,77,16,16
32342,79,75,4,4
32343,27,33,-6,6
32344,97,88,9,9
32345,167,141,26,26
32346,146,137,9,9
32347,45,38,7,7
32348,53,48,5,5
32349,57,53,4,4
32350,40,40,0,0
32351,77,74,3,3
32352,120,103,17,17
32353,87,89,-2,2
32354,189,153,36,36
32355,84,79,5,5
32356,68,60,8,8
32357,85,80,5,5
32358,75,72,3,3
32359,58,54,4,4
32360,67,61,6,6
32361,58,53,5,5
32362,38,37,1,1
32363,63,61,2,2
32364,82,82,0,0
32365,111,114,-3,3
32366,168,140,28,28
32367,67,60,7,7
32368,92,83,9,9
32369,43,36,7,7
32370,126,104,22,22
32371,94,85,9,9
32372,108,105,3,3
32373,80,79,1,1
32374,159,131,28,28
32375,101,76,25,25
32376,71,60,11,11
32377,77,74,3,3
32378,53,51,2,2
32379,96,90,6,6
32380,144,114,30,30
32381,96,88,8,8
32382,120,109,11,11
32383,91,80,11,11
32384,57,60,-3,3
32385,95,91,4,4
32386,114,106,8,8
32387,115,113,2,2
32388,63,49,14,14
32389,103,83,20,20
32390,213,182,31,31
32391,82,82,0,0
32392,113,94,19,19
32393,75,68,7,7
32394,122,113,9,9
32395,82,61,21,21
32396,112,92,20,20
32397,114,100,14,14
32398,62,48,14,14
32399,145,118,27,27
32400,153,143,10,10
32401,102,67,35,35
32402,65,63,2,2
32403,79,58,21,21
32404,85,79,6,6
32405,69,57,12,12
32406,69,66,3,3
32407,106,86,20,20
32408,73,61,12,12
32409,95,78,17,17
32410,68,67,1,1
32411,72,67,5,5
32412,71,69,2,2
32413,135,117,18,18
32414,115,100,15,15
32415,75,69,6,6
32416,57,54,3,3
32417,33,32,1,1
32418,73,67,6,6
32419,147,130,17,17
32420,100,90,10,10
32421,81,73,8,8
32422,130,116,14,14
32423,63,56,7,7
32424,75,72,3,3
32425,97,93,4,4
32426,80,77,3,3
32427,67,61,6,6
32428,135,122,13,13
32429,48,43,5,5
32430,113,110,3,3
32431,62,55,7,7
32432,66,56,10,10
32433,62,49,13,13
32434,140,137,3,3
32435,82,77,5,5
32436,86,77,9,9
32437,123,119,4,4
32438,134,116,18,18
32439,63,59,4,4
32440,142,122,20,20
32441,63,59,4,4
32442,94,78,16,16
32443,72,67,5,5
32444,146,124,22,22
32445,90,62,28,28
32446,57,52,5,5
32447,51,55,-4,4
32448,64,60,4,4
32449,80,77,3,3
32450,105,95,10,10
32451,109,96,13,13
32452,99,97,2,2
32453,209,173,36,36
32454,82,65,17,17
32455,49,48,1,1
32456,72,62,10,10
32457,62,55,7,7
32458,50,50,0,0
32459,153,138,15,15
32460,140,116,24,24
32461,95,79,16,16
32462,81,69,12,12
32463,114,93,21,21
32464,130,115,15,15
32465,31,34,-3,3
32466,86,80,6,6
32467,100,97,3,3
32468,58,54,4,4
32469,58,51,7,7
32470,95,76,19,19
32471,121,112,9,9
32472,83,75,8,8
32473,152,125,27,27
32474,138,129,9,9
32475,128,117,11,11
32476,92,91,1,1
32477,64,60,4,4
32478,72,70,2,2
32479,110,101,9,9
32480,57,50,7,7
32481,99,86,13,13
32482,98,83,15,15
32483,73,78,-5,5
32484,53,52,1,1
32485,55,53,2,2
32486,61,54,7,7
32487,239,174,65,65
32488,86,78,8,8
32489,133,105,28,28
32490,80,73,7,7
32491,76,63,13,13
32492,79,63,16,16
32493,140,114,26,26
32494,97,91,6,6
32495,74,56,18,18
32496,142,120,22,22
32497,82,73,9,9
32498,62,55,7,7
32499,101,97,4,4
32500,69,75,-6,6
32501,171,152,19,19
32502,69,67,2,2
32503,72,64,8,8
32504,93,83,10,10
32505,78,76,2,2
32506,68,60,8,8
32507,54,51,3,3
32508,110,100,10,10
32509,69,72,-3,3
32510,92,80,12,12
32511,65,57,8,8
32512,28,24,4,4
32513,65,61,4,4
32514,69,57,12,12
32515,119,96,23,23
32516,78,66,12,12
32517,75,67,8,8
32518,70,61,9,9
32519,57,61,-4,4
32520,88,81,7,7
32521,80,65,15,15
32522,113,103,10,10
32523,63,59,4,4
32524,91,78,13,13
32525,141,112,29,29
32526,88,81,7,7
32527,46,47,-1,1
32528,109,95,14,14
32529,98,91,7,7
32530,177,150,27,27
32531,142,126,16,16
32532,56,53,3,3
32533,166,129,37,37
32534,70,61,9,9
32535,64,59,5,5
32536,70,65,5,5
32537,66,68,-2,2
32538,104,87,17,17
32539,131,108,23,23
32540,82,75,7,7
32541,65,57,8,8
32542,95,86,9,9
32543,79,65,14,14
32544,86,75,11,11
32545,84,74,10,10
32546,103,81,22,22
32547,77,68,9,9
32548,125,107,18,18
32549,122,109,13,13
32550,64,54,10,10
32551,95,94,1,1
32552,79,74,5,5
32553,67,59,8,8
32554,160,138,22,22
32555,103,92,11,11
32556,114,99,15,15
32557,74,71,3,3
32558,123,106,17,17
32559,50,51,-1,1
32560,53,50,3,3
32561,195,177,18,18
32562,71,65,6,6
32563,171,134,37,37
32564,90,86,4,4
32565,75,67,8,8
32566,84,79,5,5
32567,86,94,-8,8
32568,101,93,8,8
32569,131,105,26,26
32570,159,129,30,30
32571,52,54,-2,2
32572,119,103,16,16
32573,85,75,10,10
32574,97,86,11,11
32575,73,69,4,4
32576,54,53,1,1
32577,73,60,13,13
32578,127,107,20,20
32579,164,145,19,19
32580,104,82,22,22
32581,57,50,7,7
32582,40,44,-4,4
32583,103,94,9,9
32584,149,123,26,26
32585,105,89,16,16
32586,184,151,33,33
32587,74,64,10,10
32588,145,118,27,27
32589,74,73,1,1
32590,83,85,-2,2
32591,82,69,13,13
32592,85,86,-1,1
32593,133,125,8,8
32594,68,58,10,10
32595,56,68,-12,12
32596,183,156,27,27
32597,66,58,8,8
32598,115,113,2,2
32599,86,75,11,11
32600,64,57,7,7
32601,41,40,1,1
32602,97,104,-7,7
32603,76,67,9,9
32604,64,60,4,4
32605,67,61,6,6
32606,92,77,15,15
32607,86,77,9,9
32608,86,77,9,9
32609,114,100,14,14
32610,134,107,27,27
32611,80,64,16,16
32612,151,149,2,2
32613,99,88,11,11
32614,144,128,16,16
32615,118,97,21,21
32616,74,67,7,7
32617,85,72,13,13
32618,51,53,-2,2
32619,57,53,4,4
32620,152,128,24,24
32621,80,73,7,7
32622,83,66,17,17
32623,69,58,11,11
32624,126,126,0,0
32625,178,149,29,29
32626,101,99,2,2
32627,110,100,10,10
32628,53,51,2,2
32629,89,88,1,1
32630,97,90,7,7
32631,81,69,12,12
32632,87,75,12,12
32633,52,46,6,6
32634,98,85,13,13
32635,109,93,16,16
32636,103,91,12,12
32637,90,67,23,23
32638,73,64,9,9
32639,157,137,20,20
32640,106,89,17,17
32641,144,125,19,19
32642,105,98,7,7
32643,191,158,33,33
32644,79,68,11,11
32645,113,92,21,21
32646,66,57,9,9
32647,62,72,-10,10
32648,71,71,0,0
32649,93,84,9,9
32650,90,71,19,19
32651,81,70,11,11
32652,97,94,3,3
32653,43,52,-9,9
32654,150,123,27,27
32655,78,67,11,11
32656,122,100,22,22
32657,76,67,9,9
32658,50,52,-2,2
32659,78,83,-5,5
32660,68,70,-2,2
32661,92,76,16,16
32662,65,65,0,0
32663,112,94,18,18
32664,69,64,5,5
32665,86,76,10,10
32666,73,64,9,9
32667,99,88,11,11
32668,99,83,16,16
32669,70,67,3,3
32670,88,75,13,13
32671,66,57,9,9
32672,123,101,22,22
32673,72,55,17,17
32674,120,120,0,0
32675,51,52,-1,1
32676,68,56,12,12
32677,103,97,6,6
32678,76,66,10,10
32679,77,78,-1,1
32680,143,139,4,4
32681,128,115,13,13
32682,87,70,17,17
32683,47,41,6,6
32684,119,104,15,15
32685,119,102,17,17
32686,52,50,2,2
32687,123,90,33,33
32688,78,71,7,7
32689,135,125,10,10
32690,65,59,6,6
32691,50,48,2,2
32692,59,71,-12,12
32693,95,75,20,20
32694,74,77,-3,3
32695,127,101,26,26
32696,135,104,31,31
32697,80,71,9,9
32698,81,79,2,2
32699,102,90,12,12
32700,131,120,11,11
32701,96,79,17,17
32702,100,94,6,6
32703,104,92,12,12
32704,112,106,6,6
32705,103,83,20,20
32706,96,86,10,10
32707,86,73,13,13
32708,130,122,8,8
32709,47,43,4,4
32710,118,100,18,18
32711,81,70,11,11
32712,117,86,31,31
32713,77,70,7,7
32714,129,111,18,18
32715,111,80,31,31
32716,131,112,19,19
32717,67,64,3,3
32718,66,58,8,8
32719,111,106,5,5
32720,71,74,-3,3
32721,58,51,7,7
32722,61,69,-8,8
32723,65,58,7,7
32724,91,87,4,4
32725,126,111,15,15
32726,79,58,21,21
32727,98,82,16,16
32728,83,95,-12,12
32729,46,43,3,3
32730,71,65,6,6
32731,56,61,-5,5
32732,74,63,11,11
32733,86,73,13,13
32734,125,106,19,19
32735,71,56,15,15
32736,62,58,4,4
32737,96,58,38,38
32738,145,114,31,31
32739,73,62,11,11
32740,67,63,4,4
32741,87,78,9,9
32742,79,63,16,16
32743,93,85,8,8
32744,72,65,7,7
32745,68,61,7,7
32746,72,64,8,8
32747,132,110,22,22
32748,75,63,12,12
32749,86,81,5,5
32750,101,86,15,15
32751,193,174,19,19
32752,124,107,17,17
32753,96,76,20,20
32754,102,93,9,9
32755,48,42,6,6
32756,95,77,18,18
32757,172,151,21,21
32758,174,153,21,21
32759,171,135,36,36
32760,64,56,8,8
32761,90,83,7,7
32762,77,71,6,6
32763,79,70,9,9
32764,82,73,9,9
32765,128,112,16,16
32766,96,86,10,10
32767,88,79,9,9
32768,78,69,9,9
32769,115,108,7,7
32770,75,74,1,1
32771,132,115,17,17
32772,161,135,26,26
32773,117,98,19,19
32774,61,51,10,10
32775,84,67,17,17
32776,102,96,6,6
32777,108,96,12,12
32778,108,108,0,0
32779,156,132,24,24
32780,107,94,13,13
32781,74,62,12,12
32782,185,179,6,6
32783,61,66,-5,5
32784,106,92,14,14
32785,73,69,4,4
32786,83,65,18,18
32787,53,50,3,3
32788,216,178,38,38
32789,90,78,12,12
32790,94,95,-1,1
32791,113,106,7,7
32792,48,45,3,3
32793,125,128,-3,3
32794,58,52,6,6
32795,112,98,14,14
32796,91,76,15,15
32797,90,90,0,0
32798,104,87,17,17
32799,59,56,3,3
32800,74,67,7,7
32801,99,99,0,0
32802,76,74,2,2
32803,101,89,12,12
32804,143,126,17,17
32805,66,60,6,6
32806,108,85,23,23
32807,126,109,17,17
32808,102,84,18,18
32809,106,99,7,7
32810,84,70,14,14
32811,133,117,16,16
32812,68,62,6,6
32813,133,119,14,14
32814,91,82,9,9
32815,148,130,18,18
32816,131,118,13,13
32817,105,89,16,16
32818,111,110,1,1
32819,50,47,3,3
32820,118,97,21,21
32821,56,56,0,0
32822,76,69,7,7
32823,141,121,20,20
32824,162,138,24,24
32825,144,133,11,11
32826,131,126,5,5
32827,57,47,10,10
32828,105,101,4,4
32829,74,64,10,10
32830,118,129,-11,11
32831,157,136,21,21
32832,105,92,13,13
32833,90,79,11,11
32834,96,91,5,5
32835,161,144,17,17
32836,83,71,12,12
32837,145,123,22,22
32838,55,50,5,5
32839,113,113,0,0
32840,72,68,4,4
32841,199,175,24,24
32842,57,62,-5,5
32843,86,80,6,6
32844,124,104,20,20
32845,59,65,-6,6
32846,65,48,17,17
32847,82,72,10,10
32848,127,111,16,16
32849,82,78,4,4
32850,101,84,17,17
32851,105,90,15,15
32852,94,85,9,9
32853,125,105,20,20
32854,96,79,17,17
32855,48,46,2,2
32856,68,67,1,1
32857,98,89,9,9
32858,152,127,25,25
32859,139,103,36,36
32860,80,78,2,2
32861,113,97,16,16
32862,102,104,-2,2
32863,94,81,13,13
32864,56,55,1,1
32865,112,100,12,12
32866,71,62,9,9
32867,163,145,18,18
32868,95,88,7,7
32869,165,146,19,19
32870,100,91,9,9
32871,104,88,16,16
32872,68,69,-1,1
32873,152,129,23,23
32874,62,63,-1,1
32875,56,52,4,4
32876,87,77,10,10
32877,48,48,0,0
32878,85,72,13,13
32879,82,89,-7,7
32880,70,79,-9,9
32881,80,72,8,8
32882,100,94,6,6
32883,158,135,23,23
32884,143,121,22,22
32885,76,67,9,9
32886,64,60,4,4
32887,121,105,16,16
32888,72,69,3,3
32889,53,47,6,6
32890,202,170,32,32
32891,54,50,4,4
32892,58,51,7,7
32893,125,111,14,14
32894,74,58,16,16
32895,58,90,-32,32
32896,144,129,15,15
32897,124,111,13,13
32898,84,75,9,9
32899,27,56,-29,29
32900,84,70,14,14
32901,176,144,32,32
32902,44,45,-1,1
32903,66,61,5,5
32904,73,76,-3,3
32905,71,78,-7,7
32906,42,64,-22,22
32907,61,73,-12,12
32908,71,60,11,11
32909,90,90,0,0
32910,74,62,12,12
32911,109,86,23,23
32912,124,106,18,18
32913,94,83,11,11
32914,158,152,6,6
32915,97,76,21,21
32916,73,63,10,10
32917,90,89,1,1
32918,64,54,10,10
32919,144,133,11,11
32920,104,97,7,7
32921,186,152,34,34
32922,102,86,16,16
32923,85,75,10,10
32924,96,91,5,5
32925,122,107,15,15
32926,97,83,14,14
32927,96,84,12,12
32928,50,42,8,8
32929,110,116,-6,6
32930,89,78,11,11
32931,98,85,13,13
32932,123,118,5,5
32933,53,50,3,3
32934,114,99,15,15
32935,152,139,13,13
32936,146,138,8,8
32937,134,114,20,20
32938,105,100,5,5
32939,38,64,-26,26
32940,99,84,15,15
32941,107,94,13,13
32942,92,74,18,18
32943,120,108,12,12
32944,129,116,13,13
32945,95,81,14,14
32946,90,80,10,10
32947,103,93,10,10
32948,114,97,17,17
32949,59,56,3,3
32950,36,36,0,0
32951,99,87,12,12
32952,76,68,8,8
32953,149,112,37,37
32954,106,82,24,24
32955,61,64,-3,3
32956,47,56,-9,9
32957,158,149,9,9
32958,54,48,6,6
32959,50,50,0,0
32960,98,84,14,14
32961,94,79,15,15
32962,67,61,6,6
32963,49,46,3,3
32964,146,128,18,18
32965,135,109,26,26
32966,87,68,19,19
32967,98,91,7,7
32968,59,53,6,6
32969,86,73,13,13
32970,62,59,3,3
32971,113,96,17,17
32972,93,84,9,9
32973,75,74,1,1
32974,83,72,11,11
32975,138,120,18,18
32976,67,62,5,5
32977,84,68,16,16
32978,117,107,10,10
32979,64,60,4,4
32980,80,70,10,10
32981,85,77,8,8
32982,67,63,4,4
32983,96,87,9,9
32984,72,65,7,7
32985,63,68,-5,5
32986,151,120,31,31
32987,49,46,3,3
32988,103,72,31,31
32989,32,32,0,0
32990,70,58,12,12
32991,135,123,12,12
32992,55,52,3,3
32993,99,91,8,8
32994,114,104,10,10
32995,82,69,13,13
32996,119,110,9,9
32997,104,94,10,10
32998,123,106,17,17
32999,113,105,8,8
33000,153,139,14,14
33001,89,82,7,7
33002,48,66,-18,18
33003,113,92,21,21
33004,83,75,8,8
33005,129,110,19,19
33006,67,67,0,0
33007,96,83,13,13
33008,92,82,10,10
33009,103,86,17,17
33010,121,98,23,23
33011,48,49,-1,1
33012,98,80,18,18
33013,112,100,12,12
33014,107,98,9,9
33015,92,73,19,19
33016,72,69,3,3
33017,86,75,11,11
33018,86,77,9,9
33019,120,100,20,20
33020,65,63,2,2
33021,86,74,12,12
33022,138,116,22,22
33023,74,74,0,0
33024,60,55,5,5
33025,125,102,23,23
33026,61,60,1,1
33027,99,87,12,12
33028,150,127,23,23
33029,69,61,8,8
33030,41,35,6,6
33031,108,90,18,18
33032,163,147,16,16
33033,121,102,19,19
33034,72,67,5,5
33035,109,92,17,17
33036,133,123,10,10
33037,74,68,6,6
33038,119,107,12,12
33039,77,70,7,7
33040,97,99,-2,2
33041,76,70,6,6
33042,102,88,14,14
33043,88,72,16,16
33044,139,120,19,19
33045,93,81,12,12
33046,171,147,24,24
33047,115,119,-4,4
33048,73,65,8,8
33049,102,87,15,15
33050,97,88,9,9
33051,107,100,7,7
33052,180,161,19,19
33053,78,71,7,7
33054,279,238,41,41
33055,86,83,3,3
33056,80,70,10,10
33057,131,126,5,5
33058,49,47,2,2
33059,100,86,14,14
33060,53,58,-5,5
33061,116,99,17,17
33062,61,55,6,6
33063,73,59,14,14
33064,70,58,12,12
33065,56,52,4,4
33066,69,62,7,7
33067,76,65,11,11
33068,57,55,2,2
33069,36,34,2,2
33070,75,76,-1,1
33071,62,54,8,8
33072,78,68,10,10
33073,112,98,14,14
33074,85,72,13,13
33075,164,132,32,32
33076,52,55,-3,3
33077,102,90,12,12
33078,34,34,0,0
33079,52,51,1,1
33080,63,69,-6,6
33081,60,52,8,8
33082,145,126,19,19
33083,74,71,3,3
33084,106,100,6,6
33085,53,49,4,4
33086,114,107,7,7
33087,135,126,9,9
33088,119,103,16,16
33089,84,88,-4,4
33090,62,57,5,5
33091,150,133,17,17
33092,178,177,1,1
33093,125,112,13,13
33094,125,113,12,12
33095,56,53,3,3
33096,83,76,7,7
33097,79,84,-5,5
33098,66,61,5,5
33099,62,57,5,5
33100,77,72,5,5
33101,113,103,10,10
33102,119,111,8,8
33103,100,81,19,19
33104,121,110,11,11
33105,102,86,16,16
33106,106,107,-1,1
33107,67,59,8,8
33108,104,86,18,18
33109,133,122,11,11
33110,138,115,23,23
33111,62,64,-2,2
33112,110,106,4,4
33113,140,120,20,20
33114,80,66,14,14
33115,103,95,8,8
33116,114,98,16,16
33117,55,50,5,5
33118,91,79,12,12
33119,38,41,-3,3
33120,89,68,21,21
33121,129,112,17,17
33122,30,58,-28,28
33123,103,89,14,14
33124,100,95,5,5
33125,87,82,5,5
33126,99,86,13,13
33127,87,75,12,12
33128,91,86,5,5
33129,105,90,15,15
33130,104,90,14,14
33131,46,43,3,3
33132,86,69,17,17
33133,59,65,-6,6
33134,135,125,10,10
33135,47,44,3,3
33136,108,83,25,25
33137,108,90,18,18
33138,120,113,7,7
33139,50,66,-16,16
33140,102,109,-7,7
33141,129,125,4,4
33142,82,109,-27,27
33143,141,115,26,26
33144,87,73,14,14
33145,108,93,15,15
33146,113,114,-1,1
33147,166,144,22,22
33148,82,70,12,12
33149,34,56,-22,22
33150,57,54,3,3
33151,128,123,5,5
33152,86,82,4,4
33153,70,61,9,9
33154,106,94,12,12
33155,111,99,12,12
33156,89,90,-1,1
33157,28,27,1,1
33158,102,92,10,10
33159,159,125,34,34
33160,170,143,27,27
33161,98,90,8,8
33162,77,72,5,5
33163,118,109,9,9
33164,96,83,13,13
33165,51,54,-3,3
33166,63,52,11,11
33167,70,63,7,7
33168,99,98,1,1
33169,58,52,6,6
33170,60,55,5,5
33171,78,73,5,5
33172,45,54,-9,9
33173,89,91,-2,2
33174,69,65,4,4
33175,84,81,3,3
33176,73,64,9,9
33177,178,149,29,29
33178,63,63,0,0
33179,108,94,14,14
33180,105,100,5,5
33181,43,40,3,3
33182,82,72,10,10
33183,76,71,5,5
33184,143,115,28,28
33185,91,79,12,12
33186,63,60,3,3
33187,136,117,19,19
33188,83,68,15,15
33189,128,106,22,22
33190,63,61,2,2
33191,72,70,2,2
33192,96,88,8,8
33193,66,56,10,10
33194,89,93,-4,4
33195,74,62,12,12
33196,69,62,7,7
33197,86,76,10,10
33198,105,90,15,15
33199,92,86,6,6
33200,49,52,-3,3
33201,151,123,28,28
33202,87,88,-1,1
33203,86,76,10,10
33204,55,48,7,7
33205,113,113,0,0
33206,96,85,11,11
33207,84,74,10,10
33208,102,90,12,12
33209,85,80,5,5
33210,141,127,14,14
33211,90,69,21,21
33212,57,52,5,5
33213,80,79,1,1
33214,111,95,16,16
33215,82,109,-27,27
33216,85,77,8,8
33217,85,70,15,15
33218,67,60,7,7
33219,86,73,13,13
33220,102,82,20,20
33221,71,64,7,7
33222,130,136,-6,6
33223,76,71,5,5
33224,70,66,4,4
33225,86,82,4,4
33226,55,45,10,10
33227,97,88,9,9
33228,98,103,-5,5
33229,70,55,15,15
33230,102,86,16,16
33231,79,65,14,14
33232,104,89,15,15
33233,70,57,13,13
33234,94,80,14,14
33235,103,94,9,9
33236,102,99,3,3
33237,102,87,15,15
33238,67,59,8,8
33239,165,144,21,21
33240,73,84,-11,11
33241,149,127,22,22
33242,92,81,11,11
33243,57,59,-2,2
33244,76,58,18,18
33245,129,109,20,20
33246,66,63,3,3
33247,132,112,20,20
33248,108,91,17,17
33249,162,139,23,23
33250,104,89,15,15
33251,98,95,3,3
33252,81,67,14,14
33253,106,101,5,5
33254,134,125,9,9
33255,118,108,10,10
33256,156,126,30,30
33257,73,64,9,9
33258,106,96,10,10
33259,64,54,10,10
33260,66,55,11,11
33261,126,100,26,26
33262,103,93,10,10
33263,57,52,5,5
33264,158,146,12,12
33265,103,91,12,12
33266,103,93,10,10
33267,172,145,27,27
33268,137,124,13,13
33269,95,80,15,15
33270,127,108,19,19
33271,87,75,12,12
33272,136,106,30,30
33273,51,48,3,3
33274,95,82,13,13
33275,100,91,9,9
33276,140,121,19,19
33277,102,98,4,4
33278,69,62,7,7
33279,148,129,19,19
33280,121,122,-1,1
33281,133,122,11,11
33282,106,99,7,7
33283,95,80,15,15
33284,71,76,-5,5
33285,148,135,13,13
33286,188,160,28,28
33287,111,98,13,13
33288,88,81,7,7
33289,71,76,-5,5
33290,83,76,7,7
33291,44,42,2,2
33292,69,59,10,10
33293,44,41,3,3
33294,111,95,16,16
33295,105,101,4,4
33296,76,70,6,6
33297,95,86,9,9
33298,181,159,22,22
33299,128,106,22,22
33300,81,73,8,8
33301,175,140,35,35
33302,57,50,7,7
33303,70,60,10,10
33304,77,62,15,15
33305,61,56,5,5
33306,108,100,8,8
33307,69,65,4,4
33308,61,56,5,5
33309,116,100,16,16
33310,50,49,1,1
33311,95,78,17,17
33312,62,62,0,0
33313,161,136,25,25
33314,101,92,9,9
33315,84,71,13,13
33316,87,83,4,4
33317,71,63,8,8
33318,56,53,3,3
33319,77,69,8,8
33320,100,113,-13,13
33321,74,70,4,4
33322,59,59,0,0
33323,117,104,13,13
33324,102,91,11,11
33325,97,86,11,11
33326,77,67,10,10
33327,128,122,6,6
33328,89,77,12,12
33329,67,62,5,5
33330,69,64,5,5
33331,104,96,8,8
33332,55,53,2,2
33333,62,56,6,6
33334,101,87,14,14
33335,78,78,0,0
33336,86,67,19,19
33337,81,70,11,11
33338,104,85,19,19
33339,57,49,8,8
33340,101,84,17,17
33341,84,71,13,13
33342,73,72,1,1
33343,106,97,9,9
33344,102,96,6,6
33345,71,70,1,1
33346,144,130,14,14
33347,131,104,27,27
33348,82,64,18,18
33349,83,68,15,15
33350,169,148,21,21
33351,70,59,11,11
33352,158,134,24,24
33353,162,123,39,39
33354,104,87,17,17
33355,52,43,9,9
33356,59,52,7,7
33357,70,64,6,6
33358,112,108,4,4
33359,106,88,18,18
33360,130,111,19,19
33361,111,90,21,21
33362,117,96,21,21
33363,118,116,2,2
33364,74,71,3,3
33365,52,50,2,2
33366,97,97,0,0
33367,72,66,6,6
33368,84,71,13,13
33369,50,47,3,3
33370,101,90,11,11
33371,52,50,2,2
33372,85,79,6,6
33373,90,79,11,11
33374,66,65,1,1
33375,132,108,24,24
33376,91,83,8,8
33377,46,45,1,1
33378,36,38,-2,2
33379,94,87,7,7
33380,65,59,6,6
33381,85,74,11,11
33382,78,68,10,10
33383,140,132,8,8
33384,79,72,7,7
33385,108,97,11,11
33386,84,74,10,10
33387,89,78,11,11
33388,119,103,16,16
33389,52,44,8,8
33390,130,106,24,24
33391,57,47,10,10
33392,128,110,18,18
33393,106,88,18,18
33394,65,51,14,14
33395,75,72,3,3
33396,153,143,10,10
33397,42,40,2,2
33398,70,61,9,9
33399,157,139,18,18
33400,153,132,21,21
33401,93,77,16,16
33402,85,73,12,12
33403,70,74,-4,4
33404,84,80,4,4
33405,61,55,6,6
33406,80,74,6,6
33407,60,52,8,8
33408,60,55,5,5
33409,122,108,14,14
33410,87,78,9,9
33411,207,149,58,58
33412,102,94,8,8
33413,52,54,-2,2
33414,75,68,7,7
33415,62,57,5,5
33416,82,81,1,1
33417,144,111,33,33
33418,130,121,9,9
33419,90,71,19,19
33420,71,67,4,4
33421,77,65,12,12
33422,72,63,9,9
33423,46,42,4,4
33424,55,60,-5,5
33425,64,88,-24,24
33426,73,62,11,11
33427,76,73,3,3
33428,100,91,9,9
33429,108,87,21,21
33430,130,109,21,21
33431,136,117,19,19
33432,89,77,12,12
33433,79,78,1,1
33434,110,91,19,19
33435,125,117,8,8
33436,79,80,-1,1
33437,32,30,2,2
33438,97,111,-14,14
33439,135,118,17,17
33440,93,85,8,8
33441,111,99,12,12
33442,87,89,-2,2
33443,131,106,25,25
33444,72,59,13,13
33445,72,74,-2,2
33446,192,146,46,46
33447,129,107,22,22
33448,102,88,14,14
33449,86,70,16,16
33450,134,111,23,23
33451,157,139,18,18
33452,75,68,7,7
33453,93,83,10,10
33454,96,85,11,11
33455,105,94,11,11
33456,110,97,13,13
33457,137,115,22,22
33458,194,173,21,21
33459,82,72,10,10
33460,102,102,0,0
33461,92,84,8,8
33462,119,90,29,29
33463,113,97,16,16
33464,85,78,7,7
33465,66,62,4,4
33466,145,128,17,17
33467,112,101,11,11
33468,133,120,13,13
33469,113,93,20,20
33470,175,133,42,42
33471,113,107,6,6
33472,59,53,6,6
33473,97,92,5,5
33474,74,67,7,7
33475,53,47,6,6
33476,108,97,11,11
33477,133,111,22,22
33478,46,41,5,5
33479,135,110,25,25
33480,111,94,17,17
33481,117,97,20,20
33482,69,62,7,7
33483,175,143,32,32
33484,83,71,12,12
33485,80,75,5,5
33486,95,94,1,1
33487,80,72,8,8
33488,71,65,6,6
33489,61,54,7,7
33490,83,75,8,8
33491,168,141,27,27
33492,78,67,11,11
33493,79,77,2,2
33494,112,107,5,5
33495,73,66,7,7
33496,71,77,-6,6
33497,86,78,8,8
33498,105,103,2,2
33499,103,87,16,16
33500,81,72,9,9
33501,70,64,6,6
33502,107,88,19,19
33503,150,136,14,14
33504,70,54,16,16
33505,80,74,6,6
33506,48,53,-5,5
33507,100,98,2,2
33508,52,56,-4,4
33509,97,86,11,11
33510,172,151,21,21
33511,28,32,-4,4
33512,42,70,-28,28
33513,120,108,12,12
33514,60,59,1,1
33515,118,97,21,21
33516,175,147,28,28
33517,69,63,6,6
33518,50,46,4,4
33519,90,81,9,9
33520,109,98,11,11
33521,63,64,-1,1
33522,63,58,5,5
33523,54,50,4,4
33524,115,108,7,7
33525,61,56,5,5
33526,91,85,6,6
33527,76,82,-6,6
33528,72,70,2,2
33529,64,60,4,4
33530,47,42,5,5
33531,67,55,12,12
33532,111,95,16,16
33533,102,120,-18,18
33534,68,57,11,11
33535,101,77,24,24
33536,154,121,33,33
33537,71,66,5,5
33538,77,67,10,10
33539,74,65,9,9
33540,95,88,7,7
33541,98,89,9,9
33542,87,75,12,12
33543,134,122,12,12
33544,118,104,14,14
33545,146,125,21,21
33546,82,84,-2,2
33547,85,65,20,20
33548,68,79,-11,11
33549,62,58,4,4
33550,79,61,18,18
33551,33,29,4,4
33552,130,108,22,22
33553,88,70,18,18
33554,132,119,13,13
33555,69,68,1,1
33556,98,80,18,18
33557,113,93,20,20
33558,84,77,7,7
33559,78,68,10,10
33560,121,103,18,18
33561,69,62,7,7
33562,70,76,-6,6
33563,89,84,5,5
33564,97,86,11,11
33565,89,79,10,10
33566,128,111,17,17
33567,149,128,21,21
33568,115,97,18,18
33569,68,65,3,3
33570,44,35,9,9
33571,36,37,-1,1
33572,64,73,-9,9
33573,75,60,15,15
33574,85,76,9,9
33575,90,79,11,11
33576,98,104,-6,6
33577,110,90,20,20
33578,91,87,4,4
33579,179,145,34,34
33580,97,76,21,21
33581,65,61,4,4
33582,111,107,4,4
33583,191,150,41,41
33584,181,142,39,39
33585,58,57,1,1
33586,90,68,22,22
33587,101,82,19,19
33588,164,127,37,37
33589,117,94,23,23
33590,84,82,2,2
33591,112,95,17,17
33592,117,95,22,22
33593,80,73,7,7
33594,150,126,24,24
33595,94,86,8,8
33596,115,107,8,8
33597,157,129,28,28
33598,69,65,4,4
33599,61,53,8,8
33600,97,88,9,9
33601,74,70,4,4
33602,90,83,7,7
33603,59,51,8,8
33604,121,98,23,23
33605,102,83,19,19
33606,107,102,5,5
33607,102,98,4,4
33608,256,236,20,20
33609,75,70,5,5
33610,80,71,9,9
33611,67,62,5,5
33612,122,107,15,15
33613,65,54,11,11
33614,74,73,1,1
33615,86,77,9,9
33616,206,180,26,26
33617,139,129,10,10
33618,76,69,7,7
33619,186,158,28,28
33620,111,101,10,10
33621,80,66,14,14
33622,148,131,17,17
33623,76,73,3,3
33624,123,129,-6,6
33625,79,87,-8,8
33626,118,99,19,19
33627,51,49,2,2
33628,88,94,-6,6
33629,157,138,19,19
33630,84,79,5,5
33631,129,107,22,22
33632,131,105,26,26
33633,74,82,-8,8
33634,93,85,8,8
33635,88,81,7,7
33636,74,73,1,1
33637,102,88,14,14
33638,143,124,19,19
33639,67,58,9,9
33640,197,167,30,30
33641,98,78,20,20
33642,117,96,21,21
33643,120,109,11,11
33644,118,112,6,6
33645,63,48,15,15
33646,139,126,13,13
33647,144,133,11,11
33648,96,84,12,12
33649,110,82,28,28
33650,121,109,12,12
33651,68,71,-3,3
33652,84,95,-11,11
33653,118,103,15,15
33654,96,88,8,8
33655,78,73,5,5
33656,27,25,2,2
33657,157,133,24,24
33658,137,117,20,20
33659,107,96,11,11
33660,95,86,9,9
33661,45,51,-6,6
33662,69,92,-23,23
33663,196,158,38,38
33664,108,85,23,23
33665,88,74,14,14
33666,199,163,36,36
33667,111,104,7,7
33668,179,144,35,35
33669,157,139,18,18
33670,82,62,20,20
33671,77,65,12,12
33672,56,48,8,8
33673,63,61,2,2
33674,196,164,32,32
33675,89,85,4,4
33676,126,110,16,16
33677,39,35,4,4
33678,80,79,1,1
33679,97,85,12,12
33680,85,73,12,12
33681,58,51,7,7
33682,132,117,15,15
33683,54,61,-7,7
33684,99,86,13,13
33685,91,85,6,6
33686,75,63,12,12
33687,57,60,-3,3
33688,66,66,0,0
33689,105,102,3,3
33690,51,45,6,6
33691,134,112,22,22
33692,27,27,0,0
33693,71,57,14,14
33694,65,56,9,9
33695,112,82,30,30
33696,100,96,4,4
33697,56,52,4,4
33698,74,68,6,6
33699,137,118,19,19
33700,96,89,7,7
33701,113,111,2,2
33702,56,50,6,6
33703,91,85,6,6
33704,179,157,22,22
33705,54,46,8,8
33706,90,83,7,7
33707,92,81,11,11
33708,87,76,11,11
33709,122,104,18,18
33710,150,124,26,26
33711,90,77,13,13
33712,98,86,12,12
33713,59,54,5,5
33714,122,110,12,12
33715,150,137,13,13
33716,74,66,8,8
33717,65,62,3,3
33718,53,54,-1,1
33719,93,83,10,10
33720,108,92,16,16
33721,70,71,-1,1
33722,135,116,19,19
33723,87,85,2,2
33724,65,68,-3,3
33725,55,43,12,12
33726,40,38,2,2
33727,88,75,13,13
33728,168,138,30,30
33729,37,34,3,3
33730,80,63,17,17
33731,92,74,18,18
33732,157,126,31,31
33733,121,110,11,11
33734,119,112,7,7
33735,131,97,34,34
33736,112,90,22,22
33737,71,75,-4,4
33738,73,66,7,7
33739,99,84,15,15
33740,81,65,16,16
33741,70,63,7,7
33742,91,78,13,13
33743,63,56,7,7
33744,65,57,8,8
33745,92,91,1,1
33746,83,70,13,13
33747,62,59,3,3
33748,137,120,17,17
33749,194,157,37,37
33750,104,87,17,17
33751,136,119,17,17
33752,149,132,17,17
33753,109,98,11,11
33754,70,61,9,9
33755,121,103,18,18
33756,73,67,6,6
33757,97,81,16,16
33758,105,89,16,16
33759,131,116,15,15
33760,118,101,17,17
33761,97,84,13,13
33762,49,45,4,4
33763,110,98,12,12
33764,87,83,4,4
33765,107,95,12,12
33766,72,62,10,10
33767,173,151,22,22
33768,117,107,10,10
33769,91,87,4,4
33770,93,70,23,23
33771,34,27,7,7
33772,75,62,13,13
33773,110,103,7,7
33774,76,76,0,0
33775,122,145,-23,23
33776,94,88,6,6
33777,60,56,4,4
33778,96,88,8,8
33779,92,86,6,6
33780,155,128,27,27
33781,116,96,20,20
33782,113,101,12,12
33783,70,56,14,14
33784,127,118,9,9
33785,104,100,4,4
33786,103,95,8,8
33787,66,53,13,13
33788,58,54,4,4
33789,47,54,-7,7
33790,124,113,11,11
33791,47,40,7,7
33792,134,109,25,25
33793,126,104,22,22
33794,133,122,11,11
33795,101,92,9,9
33796,48,44,4,4
33797,69,69,0,0
33798,62,53,9,9
33799,112,91,21,21
33800,124,118,6,6
33801,68,60,8,8
33802,70,60,10,10
33803,98,89,9,9
33804,61,67,-6,6
33805,98,94,4,4
33806,128,103,25,25
33807,112,97,15,15
33808,62,59,3,3
33809,106,87,19,19
33810,90,73,17,17
33811,57,52,5,5
33812,127,114,13,13
33813,83,71,12,12
33814,123,109,14,14
33815,99,82,17,17
33816,114,105,9,9
33817,124,117,7,7
33818,63,57,6,6
33819,169,144,25,25
33820,86,77,9,9
33821,97,88,9,9
33822,95,81,14,14
33823,97,85,12,12
33824,120,99,21,21
33825,100,86,14,14
33826,127,122,5,5
33827,65,61,4,4
33828,74,68,6,6
33829,146,127,19,19
33830,93,85,8,8
33831,76,63,13,13
33832,127,110,17,17
33833,61,55,6,6
33834,81,76,5,5
33835,132,96,36,36
33836,69,54,15,15
33837,56,61,-5,5
33838,103,89,14,14
33839,110,104,6,6
33840,102,90,12,12
33841,74,62,12,12
33842,111,101,10,10
33843,74,66,8,8
33844,58,53,5,5
33845,96,94,2,2
33846,67,62,5,5
33847,57,52,5,5
33848,104,87,17,17
33849,60,61,-1,1
33850,50,51,-1,1
33851,120,107,13,13
33852,73,65,8,8
33853,45,40,5,5
33854,95,88,7,7
33855,125,118,7,7
33856,106,94,12,12
33857,80,66,14,14
33858,138,121,17,17
33859,105,96,9,9
33860,100,89,11,11
33861,89,75,14,14
33862,161,124,37,37
33863,115,108,7,7
33864,109,92,17,17
33865,120,102,18,18
33866,64,57,7,7
33867,85,77,8,8
33868,139,123,16,16
33869,56,56,0,0
33870,100,91,9,9
33871,61,54,7,7
33872,87,83,4,4
33873,78,64,14,14
33874,135,113,22,22
33875,149,133,16,16
33876,123,108,15,15
33877,114,86,28,28
33878,106,102,4,4
33879,121,97,24,24
33880,103,104,-1,1
33881,133,121,12,12
33882,83,71,12,12
33883,90,74,16,16
33884,43,38,5,5
33885,195,163,32,32
33886,82,68,14,14
33887,121,109,12,12
33888,77,70,7,7
33889,80,76,4,4
33890,56,53,3,3
33891,70,58,12,12
33892,57,52,5,5
33893,98,90,8,8
33894,85,77,8,8
33895,102,91,11,11
33896,114,92,22,22
33897,153,130,23,23
33898,61,52,9,9
33899,99,87,12,12
33900,77,65,12,12
33901,89,66,23,23
33902,79,67,12,12
33903,108,104,4,4
33904,102,76,26,26
33905,54,55,-1,1
33906,101,86,15,15
33907,131,115,16,16
33908,56,56,0,0
33909,110,94,16,16
33910,78,65,13,13
33911,153,126,27,27
33912,73,68,5,5
33913,105,88,17,17
33914,57,64,-7,7
33915,95,96,-1,1
33916,56,57,-1,1
33917,107,88,19,19
33918,62,72,-10,10
33919,157,136,21,21
33920,94,79,15,15
33921,84,64,20,20
33922,131,115,16,16
33923,75,67,8,8
33924,122,108,14,14
33925,114,111,3,3
33926,61,52,9,9
33927,137,127,10,10
33928,72,63,9,9
33929,115,89,26,26
33930,49,74,-25,25
33931,98,82,16,16
33932,114,104,10,10
33933,79,71,8,8
33934,75,62,13,13
33935,111,83,28,28
33936,84,76,8,8
33937,61,56,5,5
33938,70,68,2,2
33939,103,97,6,6
33940,119,97,22,22
33941,62,58,4,4
33942,94,74,20,20
33943,161,135,26,26
33944,253,200,53,53
33945,112,106,6,6
33946,63,66,-3,3
33947,90,77,13,13
33948,124,108,16,16
33949,85,66,19,19
33950,167,147,20,20
33951,115,88,27,27
33952,113,91,22,22
33953,95,86,9,9
33954,93,82,11,11
33955,138,110,28,28
33956,74,67,7,7
33957,52,50,2,2
33958,104,91,13,13
33959,143,127,16,16
33960,74,74,0,0
33961,69,62,7,7
33962,133,117,16,16
33963,82,73,9,9
33964,98,82,16,16
33965,77,68,9,9
33966,142,127,15,15
33967,84,78,6,6
33968,95,91,4,4
33969,83,71,12,12
33970,114,91,23,23
33971,53,68,-15,15
33972,91,76,15,15
33973,122,115,7,7
33974,89,100,-11,11
33975,81,76,5,5
33976,110,103,7,7
33977,96,82,14,14
33978,119,102,17,17
33979,80,75,5,5
33980,108,89,19,19
33981,71,61,10,10
33982,80,69,11,11
33983,157,145,12,12
33984,85,62,23,23
33985,47,50,-3,3
33986,68,55,13,13
33987,86,66,20,20
33988,71,64,7,7
33989,64,55,9,9
33990,65,59,6,6
33991,155,146,9,9
33992,108,105,3,3
33993,188,155,33,33
33994,109,94,15,15
33995,64,61,3,3
33996,120,124,-4,4
33997,72,67,5,5
33998,55,53,2,2
33999,69,59,10,10
34000,186,155,31,31
34001,96,100,-4,4
34002,77,72,5,5
34003,83,75,8,8
34004,79,67,12,12
34005,55,59,-4,4
34006,155,133,22,22
34007,91,82,9,9
34008,48,50,-2,2
34009,122,109,13,13
34010,75,79,-4,4
34011,109,101,8,8
34012,110,96,14,14
34013,79,68,11,11
34014,69,62,7,7
34015,78,75,3,3
34016,129,117,12,12
34017,131,115,16,16
34018,45,43,2,2
34019,96,81,15,15
34020,105,110,-5,5
34021,128,116,12,12
34022,139,124,15,15
34023,116,95,21,21
34024,81,72,9,9
34025,77,71,6,6
34026,100,88,12,12
34027,68,58,10,10
34028,70,68,2,2
34029,222,212,10,10
34030,22,29,-7,7
34031,121,105,16,16
34032,67,63,4,4
34033,87,70,17,17
34034,58,52,6,6
34035,69,71,-2,2
34036,71,72,-1,1
34037,54,60,-6,6
34038,60,50,10,10
34039,87,77,10,10
34040,101,87,14,14
34041,61,54,7,7
34042,141,114,27,27
34043,121,115,6,6
34044,102,85,17,17
34045,78,72,6,6
34046,96,99,-3,3
34047,56,48,8,8
34048,101,79,22,22
34049,64,61,3,3
34050,55,56,-1,1
34051,89,70,19,19
34052,84,68,16,16
34053,90,78,12,12
34054,166,136,30,30
34055,85,102,-17,17
34056,94,83,11,11
34057,130,125,5,5
34058,146,135,11,11
34059,77,85,-8,8
34060,97,80,17,17
34061,102,88,14,14
34062,150,137,13,13
34063,104,93,11,11
34064,90,80,10,10
34065,70,62,8,8
34066,45,42,3,3
34067,76,62,14,14
34068,90,97,-7,7
34069,63,51,12,12
34070,123,109,14,14
34071,91,70,21,21
34072,102,80,22,22
34073,120,100,20,20
34074,48,62,-14,14
34075,42,43,-1,1
34076,85,78,7,7
34077,67,57,10,10
34078,73,56,17,17
34079,67,60,7,7
34080,87,79,8,8
34081,172,139,33,33
34082,128,122,6,6
34083,116,106,10,10
34084,102,85,17,17
34085,134,122,12,12
34086,94,92,2,2
34087,55,50,5,5
34088,175,159,16,16
34089,71,64,7,7
34090,53,54,-1,1
34091,92,90,2,2
34092,111,95,16,16
34093,120,110,10,10
34094,107,106,1,1
34095,48,41,7,7
34096,85,70,15,15
34097,122,129,-7,7
34098,90,87,3,3
34099,70,59,11,11
34100,63,58,5,5
34101,110,93,17,17
34102,56,54,2,2
34103,96,92,4,4
34104,79,72,7,7
34105,56,50,6,6
34106,115,94,21,21
34107,60,61,-1,1
34108,59,55,4,4
34109,74,65,9,9
34110,110,105,5,5
34111,99,100,-1,1
34112,106,94,12,12
34113,62,49,13,13
34114,93,84,9,9
34115,59,53,6,6
34116,88,72,16,16
34117,75,80,-5,5
34118,78,64,14,14
34119,67,63,4,4
34120,118,100,18,18
34121,66,57,9,9
34122,69,62,7,7
34123,110,91,19,19
34124,102,93,9,9
34125,127,114,13,13
34126,99,91,8,8
34127,127,118,9,9
34128,97,75,22,22
34129,52,44,8,8
34130,56,54,2,2
34131,64,54,10,10
34132,111,93,18,18
34133,114,100,14,14
34134,162,131,31,31
34135,56,62,-6,6
34136,35,35,0,0
34137,83,76,7,7
34138,151,136,15,15
34139,77,68,9,9
34140,65,64,1,1
34141,67,61,6,6
34142,81,70,11,11
34143,56,51,5,5
34144,67,60,7,7
34145,59,50,9,9
34146,142,111,31,31
34147,79,72,7,7
34148,104,93,11,11
34149,68,63,5,5
34150,67,66,1,1
34151,56,50,6,6
34152,66,59,7,7
34153,31,25,6,6
34154,121,102,19,19
34155,115,99,16,16
34156,68,59,9,9
34157,103,94,9,9
34158,71,64,7,7
34159,115,109,6,6
34160,122,101,21,21
34161,99,83,16,16
34162,112,99,13,13
34163,215,198,17,17
34164,68,66,2,2
34165,84,73,11,11
34166,82,73,9,9
34167,82,74,8,8
34168,95,81,14,14
34169,80,72,8,8
34170,121,100,21,21
34171,103,83,20,20
34172,74,71,3,3
34173,59,53,6,6
34174,106,89,17,17
34175,62,53,9,9
34176,49,44,5,5
34177,62,58,4,4
34178,151,132,19,19
34179,178,139,39,39
34180,96,87,9,9
34181,91,82,9,9
34182,74,66,8,8
34183,78,75,3,3
34184,95,104,-9,9
34185,109,96,13,13
34186,59,55,4,4
34187,64,50,14,14
34188,122,97,25,25
34189,106,97,9,9
34190,137,120,17,17
34191,79,68,11,11
34192,45,46,-1,1
34193,96,81,15,15
34194,53,47,6,6
34195,121,101,20,20
34196,138,126,12,12
34197,107,89,18,18
34198,90,79,11,11
34199,83,75,8,8
34200,65,58,7,7
34201,68,68,0,0
34202,50,45,5,5
34203,44,61,-17,17
34204,78,74,4,4
34205,74,68,6,6
34206,67,61,6,6
34207,116,95,21,21
34208,50,42,8,8
34209,100,84,16,16
34210,52,48,4,4
34211,70,59,11,11
34212,92,84,8,8
34213,130,112,18,18
34214,139,127,12,12
34215,96,79,17,17
34216,98,81,17,17
34217,49,44,5,5
34218,90,74,16,16
34219,103,101,2,2
34220,39,43,-4,4
34221,172,137,35,35
34222,104,86,18,18
34223,63,57,6,6
34224,78,67,11,11
34225,65,60,5,5
34226,58,52,6,6
34227,140,128,12,12
34228,95,94,1,1
34229,77,64,13,13
34230,122,101,21,21
34231,63,48,15,15
34232,26,23,3,3
34233,78,70,8,8
34234,60,58,2,2
34235,80,71,9,9
34236,96,88,8,8
34237,62,58,4,4
34238,77,72,5,5
34239,101,85,16,16
34240,103,94,9,9
34241,87,84,3,3
34242,132,120,12,12
34243,223,174,49,49
34244,117,99,18,18
34245,151,129,22,22
34246,87,86,1,1
34247,103,90,13,13
34248,59,59,0,0
34249,150,115,35,35
34250,100,82,18,18
34251,92,73,19,19
34252,65,68,-3,3
34253,72,64,8,8
34254,48,43,5,5
34255,114,97,17,17
34256,63,51,12,12
34257,139,123,16,16
34258,86,76,10,10
34259,96,76,20,20
34260,80,70,10,10
34261,126,103,23,23
34262,112,96,16,16
34263,99,100,-1,1
34264,83,67,16,16
34265,62,53,9,9
34266,53,60,-7,7
34267,40,40,0,0
34268,103,89,14,14
34269,87,84,3,3
34270,66,61,5,5
34271,116,94,22,22
34272,107,87,20,20
34273,121,108,13,13
34274,114,90,24,24
34275,111,98,13,13
34276,105,94,11,11
34277,103,94,9,9
34278,106,83,23,23
34279,126,109,17,17
34280,104,88,16,16
34281,77,66,11,11
34282,114,105,9,9
34283,77,68,9,9
34284,83,75,8,8
34285,78,77,1,1
34286,81,75,6,6
34287,64,60,4,4
34288,134,116,18,18
34289,78,70,8,8
34290,137,118,19,19
34291,80,71,9,9
34292,145,117,28,28
34293,103,95,8,8
34294,101,87,14,14
34295,87,71,16,16
34296,83,75,8,8
34297,98,79,19,19
34298,133,119,14,14
34299,114,108,6,6
34300,119,95,24,24
34301,94,83,11,11
34302,85,80,5,5
34303,162,146,16,16
34304,85,63,22,22
34305,62,54,8,8
34306,83,70,13,13
34307,99,85,14,14
34308,79,74,5,5
34309,95,88,7,7
34310,140,125,15,15
34311,165,140,25,25
34312,104,89,15,15
34313,110,112,-2,2
34314,138,160,-22,22
34315,117,116,1,1
34316,120,102,18,18
34317,67,69,-2,2
34318,82,70,12,12
34319,110,92,18,18
34320,110,91,19,19
34321,63,63,0,0
34322,54,50,4,4
34323,128,118,10,10
34324,90,74,16,16
34325,99,91,8,8
34326,121,129,-8,8
34327,47,51,-4,4
34328,88,73,15,15
34329,96,76,20,20
34330,83,93,-10,10
34331,91,71,20,20
34332,100,92,8,8
34333,68,65,3,3
34334,44,41,3,3
34335,94,82,12,12
34336,48,47,1,1
34337,63,55,8,8
34338,114,99,15,15
34339,88,71,17,17
34340,105,89,16,16
34341,67,62,5,5
34342,61,47,14,14
34343,120,105,15,15
34344,111,90,21,21
34345,102,83,19,19
34346,111,95,16,16
34347,48,42,6,6
34348,102,97,5,5
34349,101,90,11,11
34350,88,81,7,7
34351,58,57,1,1
34352,64,58,6,6
34353,65,62,3,3
34354,156,133,23,23
34355,84,74,10,10
34356,169,134,35,35
34357,130,105,25,25
34358,51,55,-4,4
34359,60,52,8,8
34360,109,86,23,23
34361,107,98,9,9
34362,133,130,3,3
34363,73,65,8,8
34364,117,103,14,14
34365,105,91,14,14
34366,118,121,-3,3
34367,107,95,12,12
34368,89,75,14,14
34369,130,111,19,19
34370,107,103,4,4
34371,86,79,7,7
34372,87,80,7,7
34373,166,139,27,27
34374,91,83,8,8
34375,83,68,15,15
34376,90,90,0,0
34377,60,62,-2,2
34378,73,68,5,5
34379,133,109,24,24
34380,131,115,16,16
34381,128,137,-9,9
34382,93,80,13,13
34383,48,46,2,2
34384,126,95,31,31
34385,62,64,-2,2
34386,50,52,-2,2
34387,70,63,7,7
34388,111,100,11,11
34389,89,72,17,17
34390,94,87,7,7
34391,38,39,-1,1
34392,76,78,-2,2
34393,92,83,9,9
34394,66,58,8,8
34395,84,74,10,10
34396,72,65,7,7
34397,79,68,11,11
34398,78,70,8,8
34399,61,55,6,6
34400,68,61,7,7
34401,114,94,20,20
34402,84,75,9,9
34403,51,56,-5,5
34404,96,80,16,16
34405,74,61,13,13
34406,64,66,-2,2
34407,79,68,11,11
34408,89,73,16,16
34409,150,135,15,15
34410,137,107,30,30
34411,62,57,5,5
34412,120,99,21,21
34413,75,51,24,24
34414,63,59,4,4
34415,144,135,9,9
34416,83,68,15,15
34417,71,92,-21,21
34418,125,112,13,13
34419,71,63,8,8
34420,90,85,5,5
34421,57,50,7,7
34422,68,65,3,3
34423,117,96,21,21
34424,142,124,18,18
34425,95,78,17,17
34426,91,86,5,5
34427,86,81,5,5
34428,119,113,6,6
34429,71,68,3,3
34430,97,79,18,18
34431,92,85,7,7
34432,86,82,4,4
34433,48,52,-4,4
34434,50,40,10,10
34435,105,127,-22,22
34436,105,97,8,8
34437,127,100,27,27
34438,108,96,12,12
34439,71,62,9,9
34440,73,68,5,5
34441,68,69,-1,1
34442,147,120,27,27
34443,142,129,13,13
34444,39,40,-1,1
34445,91,70,21,21
34446,79,74,5,5
34447,84,70,14,14
34448,123,116,7,7
34449,63,62,1,1
34450,196,167,29,29
34451,161,145,16,16
34452,152,115,37,37
34453,144,120,24,24
34454,96,87,9,9
34455,125,113,12,12
34456,82,68,14,14
34457,128,105,23,23
34458,160,147,13,13
34459,43,42,1,1
34460,68,63,5,5
34461,108,76,32,32
34462,74,65,9,9
34463,52,49,3,3
34464,107,107,0,0
34465,64,60,4,4
34466,89,77,12,12
34467,85,67,18,18
34468,73,70,3,3
34469,177,163,14,14
34470,111,96,15,15
34471,67,69,-2,2
34472,76,64,12,12
34473,152,122,30,30
34474,90,82,8,8
34475,79,69,10,10
34476,99,92,7,7
34477,78,64,14,14
34478,131,114,17,17
34479,100,84,16,16
34480,74,71,3,3
34481,99,88,11,11
34482,135,120,15,15
34483,104,98,6,6
34484,67,58,9,9
34485,102,80,22,22
34486,48,47,1,1
34487,243,208,35,35
34488,97,85,12,12
34489,112,98,14,14
34490,118,111,7,7
34491,77,72,5,5
34492,73,56,17,17
34493,99,91,8,8
34494,60,72,-12,12
34495,155,137,18,18
34496,125,111,14,14
34497,202,156,46,46
34498,82,81,1,1
34499,100,82,18,18
34500,78,67,11,11
34501,59,60,-1,1
34502,48,52,-4,4
34503,121,111,10,10
34504,128,112,16,16
34505,96,92,4,4
34506,133,109,24,24
34507,107,94,13,13
34508,106,89,17,17
34509,111,114,-3,3
34510,48,60,-12,12
34511,79,77,2,2
34512,121,99,22,22
34513,147,128,19,19
34514,113,102,11,11
34515,58,52,6,6
34516,93,75,18,18
34517,109,97,12,12
34518,85,80,5,5
34519,69,69,0,0
34520,70,62,8,8
34521,81,80,1,1
34522,47,42,5,5
34523,121,102,19,19
34524,151,121,30,30
34525,80,74,6,6
34526,60,53,7,7
34527,133,115,18,18
34528,65,63,2,2
34529,162,146,16,16
34530,73,60,13,13
34531,108,91,17,17
34532,87,74,13,13
34533,101,96,5,5
34534,90,83,7,7
34535,130,132,-2,2
34536,133,112,21,21
34537,139,123,16,16
34538,95,90,5,5
34539,96,87,9,9
34540,66,63,3,3
34541,69,64,5,5
34542,69,63,6,6
34543,86,74,12,12
34544,95,86,9,9
34545,91,77,14,14
34546,189,149,40,40
34547,109,97,12,12
34548,63,56,7,7
34549,156,140,16,16
34550,64,57,7,7
34551,117,100,17,17
34552,55,48,7,7
34553,115,108,7,7
34554,103,86,17,17
34555,155,131,24,24
34556,78,72,6,6
34557,159,146,13,13
34558,73,59,14,14
34559,188,160,28,28
34560,150,135,15,15
34561,103,85,18,18
34562,80,74,6,6
34563,92,84,8,8
34564,121,110,11,11
34565,113,103,10,10
34566,106,92,14,14
34567,72,59,13,13
34568,120,107,13,13
34569,49,49,0,0
34570,124,116,8,8
34571,82,74,8,8
34572,145,145,0,0
34573,61,52,9,9
34574,108,94,14,14
34575,53,50,3,3
34576,117,99,18,18
34577,88,80,8,8
34578,122,86,36,36
34579,56,52,4,4
34580,161,133,28,28
34581,115,99,16,16
34582,100,89,11,11
34583,149,136,13,13
34584,126,107,19,19
34585,74,71,3,3
34586,124,106,18,18
34587,101,88,13,13
34588,83,85,-2,2
34589,105,89,16,16
34590,143,123,20,20
34591,153,132,21,21
34592,54,51,3,3
34593,52,49,3,3
34594,87,77,10,10
34595,63,57,6,6
34596,84,80,4,4
34597,96,86,10,10
34598,59,58,1,1
34599,141,118,23,23
34600,121,99,22,22
34601,21,14,7,7
34602,93,78,15,15
34603,126,116,10,10
34604,91,81,10,10
34605,126,110,16,16
34606,79,68,11,11
34607,133,123,10,10
34608,72,67,5,5
34609,117,90,27,27
34610,51,54,-3,3
34611,92,81,11,11
34612,78,73,5,5
34613,70,66,4,4
34614,77,69,8,8
34615,94,76,18,18
34616,75,69,6,6
34617,93,87,6,6
34618,75,60,15,15
34619,149,131,18,18
34620,99,90,9,9
34621,94,94,0,0
34622,98,81,17,17
34623,68,62,6,6
34624,101,129,-28,28
34625,115,96,19,19
34626,87,74,13,13
34627,100,100,0,0
34628,80,80,0,0
34629,133,111,22,22
34630,54,51,3,3
34631,164,144,20,20
34632,98,87,11,11
34633,75,68,7,7
34634,77,62,15,15
34635,126,110,16,16
34636,124,106,18,18
34637,89,80,9,9
34638,77,71,6,6
34639,162,130,32,32
34640,129,102,27,27
34641,126,112,14,14
34642,90,75,15,15
34643,145,127,18,18
34644,59,61,-2,2
34645,79,66,13,13
34646,100,81,19,19
34647,136,118,18,18
34648,53,55,-2,2
34649,109,93,16,16
34650,79,71,8,8
34651,111,97,14,14
34652,172,126,46,46
34653,142,128,14,14
34654,81,71,10,10
34655,100,88,12,12
34656,71,64,7,7
34657,37,40,-3,3
34658,91,77,14,14
34659,85,74,11,11
34660,96,86,10,10
34661,96,85,11,11
34662,72,61,11,11
34663,58,52,6,6
34664,128,122,6,6
34665,90,71,19,19
34666,79,69,10,10
34667,57,49,8,8
34668,164,126,38,38
34669,147,105,42,42
34670,42,45,-3,3
34671,92,92,0,0
34672,73,68,5,5
34673,80,72,8,8
34674,82,70,12,12
34675,82,75,7,7
34676,124,108,16,16
34677,87,84,3,3
34678,93,84,9,9
34679,151,121,30,30
34680,88,77,11,11
34681,99,83,16,16
34682,104,93,11,11
34683,80,73,7,7
34684,91,73,18,18
34685,116,119,-3,3
34686,136,112,24,24
34687,76,100,-24,24
34688,125,119,6,6
34689,99,81,18,18
34690,112,109,3,3
34691,103,104,-1,1
34692,152,131,21,21
34693,122,106,16,16
34694,74,64,10,10
34695,106,96,10,10
34696,76,65,11,11
34697,59,57,2,2
34698,100,108,-8,8
34699,58,55,3,3
34700,69,65,4,4
34701,120,116,4,4
34702,74,65,9,9
34703,55,52,3,3
34704,89,78,11,11
34705,79,70,9,9
34706,137,126,11,11
34707,81,73,8,8
34708,64,68,-4,4
34709,170,149,21,21
34710,69,62,7,7
34711,72,61,11,11
34712,73,62,11,11
34713,66,65,1,1
34714,114,100,14,14
34715,96,94,2,2
34716,67,63,4,4
34717,83,73,10,10
34718,72,61,11,11
34719,150,133,17,17
34720,56,46,10,10
34721,66,62,4,4
34722,53,56,-3,3
34723,169,138,31,31
34724,66,61,5,5
34725,105,100,5,5
34726,101,89,12,12
34727,78,73,5,5
34728,130,114,16,16
34729,140,120,20,20
34730,91,95,-4,4
34731,89,68,21,21
34732,73,65,8,8
34733,111,99,12,12
34734,111,103,8,8
34735,154,128,26,26
34736,56,50,6,6
34737,136,114,22,22
34738,101,82,19,19
34739,120,110,10,10
34740,62,49,13,13
34741,105,93,12,12
34742,76,68,8,8
34743,161,145,16,16
34744,88,83,5,5
34745,51,50,1,1
34746,108,98,10,10
34747,101,89,12,12
34748,74,67,7,7
34749,189,150,39,39
34750,46,41,5,5
34751,58,56,2,2
34752,100,79,21,21
34753,171,132,39,39
34754,45,42,3,3
34755,87,62,25,25
34756,57,51,6,6
34757,137,109,28,28
34758,72,65,7,7
34759,115,100,15,15
34760,98,85,13,13
34761,58,56,2,2
34762,87,95,-8,8
34763,79,69,10,10
34764,79,68,11,11
34765,67,58,9,9
34766,32,34,-2,2
34767,76,69,7,7
34768,80,63,17,17
34769,106,83,23,23
34770,54,56,-2,2
34771,75,72,3,3
34772,149,128,21,21
34773,110,89,21,21
34774,106,97,9,9
34775,130,117,13,13
34776,49,46,3,3
34777,119,111,8,8
34778,75,71,4,4
34779,89,79,10,10
34780,63,53,10,10
34781,64,49,15,15
34782,116,102,14,14
34783,79,62,17,17
34784,92,85,7,7
34785,70,66,4,4
34786,120,104,16,16
34787,165,141,24,24
34788,187,172,15,15
34789,82,70,12,12
34790,53,60,-7,7
34791,88,74,14,14
34792,75,64,11,11
34793,66,53,13,13
34794,80,70,10,10
34795,113,92,21,21
34796,48,40,8,8
34797,52,44,8,8
34798,169,144,25,25
34799,100,97,3,3
34800,71,71,0,0
34801,103,103,0,0
34802,127,111,16,16
34803,132,119,13,13
34804,136,122,14,14
34805,67,53,14,14
34806,127,115,12,12
34807,142,131,11,11
34808,114,107,7,7
34809,71,69,2,2
34810,77,69,8,8
34811,86,86,0,0
34812,166,133,33,33
34813,116,99,17,17
34814,42,37,5,5
34815,91,75,16,16
34816,81,69,12,12
34817,109,93,16,16
34818,164,147,17,17
34819,119,108,11,11
34820,79,66,13,13
34821,122,106,16,16
34822,67,61,6,6
34823,96,82,14,14
34824,81,70,11,11
34825,110,71,39,39
34826,142,124,18,18
34827,30,30,0,0
34828,102,90,12,12
34829,128,104,24,24
34830,127,120,7,7
34831,55,80,-25,25
34832,125,138,-13,13
34833,85,79,6,6
34834,82,75,7,7
34835,99,94,5,5
34836,142,129,13,13
34837,99,100,-1,1
34838,96,93,3,3
34839,87,91,-4,4
34840,76,65,11,11
34841,95,91,4,4
34842,61,58,3,3
34843,58,59,-1,1
34844,88,80,8,8
34845,87,88,-1,1
34846,89,75,14,14
34847,100,84,16,16
34848,87,79,8,8
34849,86,75,11,11
34850,43,49,-6,6
34851,33,33,0,0
34852,97,85,12,12
34853,130,111,19,19
34854,149,123,26,26
34855,139,112,27,27
34856,71,67,4,4
34857,53,58,-5,5
34858,69,57,12,12
34859,114,91,23,23
34860,60,62,-2,2
34861,53,53,0,0
34862,80,69,11,11
34863,75,57,18,18
34864,101,106,-5,5
34865,147,129,18,18
34866,100,81,19,19
34867,112,109,3,3
34868,61,55,6,6
34869,68,61,7,7
34870,41,53,-12,12
34871,72,67,5,5
34872,69,69,0,0
34873,135,111,24,24
34874,112,100,12,12
34875,63,54,9,9
34876,83,71,12,12
34877,74,71,3,3
34878,85,82,3,3
34879,91,74,17,17
34880,150,132,18,18
34881,96,83,13,13
34882,61,73,-12,12
34883,51,60,-9,9
34884,61,57,4,4
34885,143,144,-1,1
34886,64,60,4,4
34887,59,51,8,8
34888,67,72,-5,5
34889,65,73,-8,8
34890,142,119,23,23
34891,66,62,4,4
34892,73,72,1,1
34893,107,96,11,11
34894,112,88,24,24
34895,104,94,10,10
34896,46,44,2,2
34897,83,67,16,16
34898,89,77,12,12
34899,73,58,15,15
34900,59,56,3,3
34901,59,51,8,8
34902,112,98,14,14
34903,75,68,7,7
34904,68,65,3,3
34905,80,79,1,1
34906,70,70,0,0
34907,77,72,5,5
34908,49,45,4,4
34909,91,78,13,13
34910,65,57,8,8
34911,77,66,11,11
34912,130,108,22,22
34913,77,68,9,9
34914,175,160,15,15
34915,103,102,1,1
34916,79,68,11,11
34917,74,63,11,11
34918,98,95,3,3
34919,111,99,12,12
34920,105,105,0,0
34921,106,97,9,9
34922,43,40,3,3
34923,91,88,3,3
34924,88,79,9,9
34925,121,103,18,18
34926,111,94,17,17
34927,65,61,4,4
34928,63,54,9,9
34929,91,88,3,3
34930,70,67,3,3
34931,117,97,20,20
34932,56,57,-1,1
34933,153,138,15,15
34934,135,119,16,16
34935,66,58,8,8
34936,97,91,6,6
34937,94,90,4,4
34938,79,70,9,9
34939,89,73,16,16
34940,117,100,17,17
34941,50,46,4,4
34942,172,158,14,14
34943,71,70,1,1
34944,94,81,13,13
34945,146,134,12,12
34946,57,52,5,5
34947,91,84,7,7
34948,44,43,1,1
34949,124,110,14,14
34950,117,93,24,24
34951,93,77,16,16
34952,100,94,6,6
34953,167,140,27,27
34954,97,86,11,11
34955,117,100,17,17
34956,142,121,21,21
34957,62,57,5,5
34958,99,91,8,8
34959,83,75,8,8
34960,61,60,1,1
34961,80,77,3,3
34962,85,70,15,15
34963,102,93,9,9
34964,127,120,7,7
34965,123,115,8,8
34966,117,103,14,14
34967,102,103,-1,1
34968,100,86,14,14
34969,105,90,15,15
34970,116,92,24,24
34971,104,100,4,4
34972,70,63,7,7
34973,71,68,3,3
34974,59,62,-3,3
34975,86,74,12,12
34976,121,92,29,29
34977,104,86,18,18
34978,93,79,14,14
34979,78,71,7,7
34980,124,105,19,19
34981,83,78,5,5
34982,126,112,14,14
34983,91,81,10,10
34984,89,91,-2,2
34985,79,65,14,14
34986,110,101,9,9
34987,80,71,9,9
34988,116,104,12,12
34989,133,107,26,26
34990,91,90,1,1
34991,94,77,17,17
34992,160,132,28,28
34993,107,104,3,3
34994,61,60,1,1
34995,74,58,16,16
34996,80,72,8,8
34997,50,50,0,0
34998,98,89,9,9
34999,47,45,2,2
35000,63,74,-11,11
35001,92,86,6,6
35002,97,84,13,13
35003,101,95,6,6
35004,48,50,-2,2
35005,114,102,12,12
35006,106,93,13,13
35007,98,84,14,14
35008,133,118,15,15
35009,98,77,21,21
35010,41,40,1,1
35011,85,77,8,8
35012,102,94,8,8
35013,97,78,19,19
35014,49,47,2,2
35015,50,50,0,0
35016,86,80,6,6
35017,96,95,1,1
35018,110,91,19,19
35019,95,87,8,8
35020,89,70,19,19
35021,92,80,12,12
35022,109,94,15,15
35023,75,66,9,9
35024,61,50,11,11
35025,82,82,0,0
35026,88,83,5,5
35027,139,123,16,16
35028,67,72,-5,5
35029,106,96,10,10
35030,108,96,12,12
35031,80,77,3,3
35032,78,76,2,2
35033,87,79,8,8
35034,57,52,5,5
35035,63,56,7,7
35036,105,82,23,23
35037,129,100,29,29
35038,65,57,8,8
35039,93,84,9,9
35040,50,43,7,7
35041,30,37,-7,7
35042,81,69,12,12
35043,55,60,-5,5
35044,76,66,10,10
35045,135,110,25,25
35046,55,52,3,3
35047,140,128,12,12
35048,92,75,17,17
35049,124,114,10,10
35050,100,91,9,9
35051,40,38,2,2
35052,50,42,8,8
35053,85,78,7,7
35054,87,86,1,1
35055,136,114,22,22
35056,65,63,2,2
35057,97,66,31,31
35058,80,67,13,13
35059,99,88,11,11
35060,69,64,5,5
35061,97,91,6,6
35062,65,57,8,8
35063,67,61,6,6
35064,108,95,13,13
35065,105,98,7,7
35066,98,80,18,18
35067,73,64,9,9
35068,87,76,11,11
35069,80,63,17,17
35070,115,108,7,7
35071,129,103,26,26
35072,62,58,4,4
35073,141,118,23,23
35074,165,141,24,24
35075,167,148,19,19
35076,128,102,26,26
35077,163,130,33,33
35078,49,55,-6,6
35079,73,74,-1,1
35080,117,143,-26,26
35081,182,149,33,33
35082,91,74,17,17
35083,73,70,3,3
35084,130,119,11,11
35085,92,81,11,11
35086,164,130,34,34
35087,100,101,-1,1
35088,106,99,7,7
35089,155,144,11,11
35090,84,76,8,8
35091,115,109,6,6
35092,74,69,5,5
35093,62,52,10,10
35094,76,69,7,7
35095,82,81,1,1
35096,116,97,19,19
35097,84,73,11,11
35098,61,61,0,0
35099,155,127,28,28
35100,87,131,-44,44
35101,118,109,9,9
35102,126,118,8,8
35103,123,113,10,10
35104,72,69,3,3
35105,106,94,12,12
35106,119,101,18,18
35107,79,71,8,8
35108,70,76,-6,6
35109,129,104,25,25
35110,93,73,20,20
35111,98,78,20,20
35112,164,151,13,13
35113,110,102,8,8
35114,108,95,13,13
35115,79,69,10,10
35116,140,128,12,12
35117,81,78,3,3
35118,84,80,4,4
35119,64,53,11,11
35120,101,91,10,10
35121,65,61,4,4
35122,71,72,-1,1
35123,66,64,2,2
35124,81,72,9,9
35125,82,85,-3,3
35126,101,95,6,6
35127,95,87,8,8
35128,95,89,6,6
35129,177,155,22,22
35130,148,141,7,7
35131,83,79,4,4
35132,79,68,11,11
35133,87,73,14,14
35134,120,107,13,13
35135,140,146,-6,6
35136,117,106,11,11
35137,88,79,9,9
35138,79,62,17,17
35139,89,82,7,7
35140,83,68,15,15
35141,79,83,-4,4
35142,118,105,13,13
35143,79,75,4,4
35144,95,78,17,17
35145,62,56,6,6
35146,67,64,3,3
35147,63,61,2,2
35148,99,77,22,22
35149,164,145,19,19
35150,71,55,16,16
35151,49,45,4,4
35152,88,79,9,9
35153,93,83,10,10
35154,90,76,14,14
35155,96,74,22,22
35156,91,81,10,10
35157,41,37,4,4
35158,94,84,10,10
35159,58,49,9,9
35160,87,80,7,7
35161,100,85,15,15
35162,117,105,12,12
35163,106,90,16,16
35164,65,66,-1,1
35165,126,116,10,10
35166,92,84,8,8
35167,78,77,1,1
35168,98,84,14,14
35169,102,106,-4,4
35170,115,92,23,23
35171,93,78,15,15
35172,48,52,-4,4
35173,64,60,4,4
35174,168,157,11,11
35175,95,77,18,18
35176,125,110,15,15
35177,128,124,4,4
35178,137,105,32,32
35179,62,49,13,13
35180,76,67,9,9
35181,66,58,8,8
35182,50,49,1,1
35183,98,84,14,14
35184,101,97,4,4
35185,77,69,8,8
35186,97,89,8,8
35187,116,98,18,18
35188,118,99,19,19
35189,157,143,14,14
35190,48,47,1,1
35191,86,79,7,7
35192,79,85,-6,6
35193,93,78,15,15
35194,58,54,4,4
35195,65,59,6,6
35196,203,165,38,38
35197,59,53,6,6
35198,103,87,16,16
35199,35,33,2,2
35200,95,91,4,4
35201,89,83,6,6
35202,122,101,21,21
35203,97,85,12,12
35204,84,73,11,11
35205,146,114,32,32
35206,129,104,25,25
35207,76,75,1,1
35208,79,70,9,9
35209,92,83,9,9
35210,82,64,18,18
35211,111,92,19,19
35212,88,74,14,14
35213,155,132,23,23
35214,75,61,14,14
35215,109,94,15,15
35216,64,54,10,10
35217,76,64,12,12
35218,114,104,10,10
35219,84,70,14,14
35220,90,77,13,13
35221,49,46,3,3
35222,103,95,8,8
35223,140,121,19,19
35224,64,59,5,5
35225,171,157,14,14
35226,89,78,11,11
35227,57,56,1,1
35228,99,69,30,30
35229,62,57,5,5
35230,191,160,31,31
35231,108,89,19,19
35232,116,102,14,14
35233,157,132,25,25
35234,98,99,-1,1
35235,167,155,12,12
35236,89,74,15,15
35237,65,62,3,3
35238,103,96,7,7
35239,107,95,12,12
35240,66,55,11,11
35241,137,120,17,17
35242,68,58,10,10
35243,64,55,9,9
35244,137,118,19,19
35245,101,91,10,10
35246,120,102,18,18
35247,99,90,9,9
35248,58,58,0,0
35249,93,85,8,8
35250,48,59,-11,11
35251,96,104,-8,8
35252,68,61,7,7
35253,95,88,7,7
35254,117,97,20,20
35255,61,61,0,0
35256,122,111,11,11
35257,77,78,-1,1
35258,69,67,2,2
35259,105,87,18,18
35260,126,112,14,14
35261,67,56,11,11
35262,122,108,14,14
35263,96,81,15,15
35264,188,152,36,36
35265,72,53,19,19
35266,122,105,17,17
35267,53,52,1,1
35268,49,53,-4,4
35269,131,107,24,24
35270,118,94,24,24
35271,68,55,13,13
35272,84,80,4,4
35273,80,75,5,5
35274,95,94,1,1
35275,54,48,6,6
35276,80,74,6,6
35277,55,53,2,2
35278,50,42,8,8
35279,141,125,16,16
35280,118,101,17,17
35281,64,60,4,4
35282,132,109,23,23
35283,81,69,12,12
35284,49,42,7,7
35285,86,76,10,10
35286,107,95,12,12
35287,123,108,15,15
35288,109,89,20,20
35289,121,105,16,16
35290,89,85,4,4
35291,57,56,1,1
35292,123,105,18,18
35293,102,96,6,6
35294,143,117,26,26
35295,57,52,5,5
35296,84,71,13,13
35297,73,62,11,11
35298,124,111,13,13
35299,86,69,17,17
35300,128,111,17,17
35301,146,118,28,28
35302,92,78,14,14
35303,68,70,-2,2
35304,88,80,8,8
35305,147,132,15,15
35306,134,122,12,12
35307,91,83,8,8
35308,137,119,18,18
35309,130,119,11,11
35310,103,89,14,14
35311,78,79,-1,1
35312,85,71,14,14
35313,57,51,6,6
35314,159,130,29,29
35315,80,77,3,3
35316,113,111,2,2
35317,152,125,27,27
35318,163,135,28,28
35319,137,106,31,31
35320,116,102,14,14
35321,144,122,22,22
35322,61,61,0,0
35323,158,134,24,24
35324,120,133,-13,13
35325,64,62,2,2
35326,106,90,16,16
35327,60,61,-1,1
35328,87,83,4,4
35329,72,54,18,18
35330,92,81,11,11
35331,164,135,29,29
35332,121,117,4,4
35333,63,60,3,3
35334,108,98,10,10
35335,70,58,12,12
35336,66,66,0,0
35337,81,117,-36,36
35338,84,73,11,11
35339,69,64,5,5
35340,161,144,17,17
35341,73,64,9,9
35342,62,52,10,10
35343,66,61,5,5
35344,80,75,5,5
35345,110,113,-3,3
35346,145,126,19,19
35347,32,53,-21,21
35348,62,61,1,1
35349,191,167,24,24
35350,84,75,9,9
35351,96,79,17,17
35352,87,70,17,17
35353,54,52,2,2
35354,85,75,10,10
35355,118,103,15,15
35356,52,46,6,6
35357,102,76,26,26
35358,66,60,6,6
35359,151,138,13,13
35360,129,126,3,3
35361,61,51,10,10
35362,102,98,4,4
35363,88,82,6,6
35364,61,63,-2,2
35365,77,77,0,0
35366,79,71,8,8
35367,110,93,17,17
35368,96,82,14,14
35369,74,64,10,10
35370,120,108,12,12
35371,134,113,21,21
35372,66,59,7,7
35373,61,53,8,8
35374,130,109,21,21
35375,60,58,2,2
35376,66,60,6,6
35377,115,101,14,14
35378,99,87,12,12
35379,55,48,7,7
35380,104,85,19,19
35381,104,93,11,11
35382,97,92,5,5
35383,48,45,3,3
35384,51,51,0,0
35385,51,40,11,11
35386,80,72,8,8
35387,57,50,7,7
35388,77,54,23,23
35389,128,108,20,20
35390,141,127,14,14
35391,77,68,9,9
35392,132,114,18,18
35393,110,96,14,14
35394,43,33,10,10
35395,110,104,6,6
35396,85,67,18,18
35397,92,88,4,4
35398,49,44,5,5
35399,69,61,8,8
35400,64,56,8,8
35401,82,68,14,14
35402,59,61,-2,2
35403,69,60,9,9
35404,66,61,5,5
35405,92,80,12,12
35406,101,78,23,23
35407,62,62,0,0
35408,126,102,24,24
35409,119,107,12,12
35410,117,94,23,23
35411,162,139,23,23
35412,100,88,12,12
35413,107,105,2,2
35414,49,52,-3,3
35415,75,69,6,6
35416,85,73,12,12
35417,87,67,20,20
35418,58,49,9,9
35419,86,97,-11,11
35420,54,49,5,5
35421,149,133,16,16
35422,99,81,18,18
35423,118,105,13,13
35424,88,81,7,7
35425,128,131,-3,3
35426,121,109,12,12
35427,62,56,6,6
35428,32,32,0,0
35429,152,127,25,25
35430,58,49,9,9
35431,77,74,3,3
35432,127,99,28,28
35433,109,94,15,15
35434,116,103,13,13
35435,83,76,7,7
35436,70,73,-3,3
35437,101,83,18,18
35438,70,62,8,8
35439,117,98,19,19
35440,93,88,5,5
35441,72,69,3,3
35442,131,121,10,10
35443,64,61,3,3
35444,160,138,22,22
35445,86,68,18,18
35446,84,79,5,5
35447,56,51,5,5
35448,94,78,16,16
35449,149,121,28,28
35450,128,105,23,23
35451,97,96,1,1
35452,178,152,26,26
35453,102,88,14,14
35454,53,50,3,3
35455,124,102,22,22
35456,79,75,4,4
35457,136,136,0,0
35458,71,70,1,1
35459,54,45,9,9
35460,97,80,17,17
35461,72,69,3,3
35462,169,133,36,36
35463,80,69,11,11
35464,53,54,-1,1
35465,64,53,11,11
35466,52,48,4,4
35467,38,44,-6,6
35468,78,68,10,10
35469,160,72,88,88
35470,113,95,18,18
35471,90,85,5,5
35472,63,56,7,7
35473,79,75,4,4
35474,56,54,2,2
35475,241,215,26,26
35476,68,62,6,6
35477,145,133,12,12
35478,69,59,10,10
35479,107,90,17,17
35480,79,74,5,5
35481,123,111,12,12
35482,97,80,17,17
35483,77,68,9,9
35484,66,125,-59,59
35485,83,74,9,9
35486,82,77,5,5
35487,78,71,7,7
35488,89,75,14,14
35489,76,59,17,17
35490,61,58,3,3
35491,116,99,17,17
35492,128,121,7,7
35493,130,119,11,11
35494,46,42,4,4
35495,105,93,12,12
35496,150,113,37,37
35497,156,142,14,14
35498,69,62,7,7
35499,89,77,12,12
35500,77,65,12,12
35501,123,112,11,11
35502,97,83,14,14
35503,87,73,14,14
35504,80,71,9,9
35505,79,72,7,7
35506,58,56,2,2
35507,53,47,6,6
35508,105,99,6,6
35509,74,73,1,1
35510,101,94,7,7
35511,56,51,5,5
35512,115,98,17,17
35513,141,137,4,4
35514,116,98,18,18
35515,47,43,4,4
35516,43,42,1,1
35517,80,76,4,4
35518,91,85,6,6
35519,75,77,-2,2
35520,114,94,20,20
35521,79,74,5,5
35522,106,88,18,18
35523,69,53,16,16
35524,87,67,20,20
35525,118,110,8,8
35526,84,76,8,8
35527,90,86,4,4
35528,97,81,16,16
35529,57,52,5,5
35530,132,119,13,13
35531,90,97,-7,7
35532,108,102,6,6
35533,132,111,21,21
35534,76,75,1,1
35535,38,33,5,5
35536,52,47,5,5
35537,68,57,11,11
35538,141,128,13,13
35539,90,83,7,7
35540,72,60,12,12
35541,74,62,12,12
35542,89,77,12,12
35543,72,63,9,9
35544,78,55,23,23
35545,67,59,8,8
35546,94,81,13,13
35547,65,59,6,6
35548,75,65,10,10
35549,76,76,0,0
35550,78,63,15,15
35551,70,67,3,3
35552,124,101,23,23
35553,123,105,18,18
35554,185,154,31,31
35555,126,98,28,28
35556,104,92,12,12
35557,79,70,9,9
35558,74,55,19,19
35559,82,73,9,9
35560,47,46,1,1
35561,40,36,4,4
35562,102,91,11,11
35563,68,67,1,1
35564,95,90,5,5
35565,111,94,17,17
35566,74,67,7,7
35567,63,62,1,1
35568,118,105,13,13
35569,181,150,31,31
35570,63,59,4,4
35571,73,64,9,9
35572,76,71,5,5
35573,80,69,11,11
35574,99,91,8,8
35575,83,79,4,4
35576,48,42,6,6
35577,140,113,27,27
35578,101,96,5,5
35579,76,81,-5,5
35580,84,86,-2,2
35581,95,75,20,20
35582,60,55,5,5
35583,78,69,9,9
35584,125,112,13,13
35585,90,81,9,9
35586,99,88,11,11
35587,58,49,9,9
35588,128,117,11,11
35589,67,61,6,6
35590,96,99,-3,3
35591,96,81,15,15
35592,141,122,19,19
35593,77,74,3,3
35594,114,89,25,25
35595,86,75,11,11
35596,175,150,25,25
35597,129,113,16,16
35598,50,51,-1,1
35599,70,58,12,12
35600,224,183,41,41
35601,146,125,21,21
35602,81,69,12,12
35603,97,81,16,16
35604,118,112,6,6
35605,77,61,16,16
35606,73,64,9,9
35607,85,75,10,10
35608,102,89,13,13
35609,130,113,17,17
35610,133,123,10,10
35611,129,109,20,20
35612,80,71,9,9
35613,93,85,8,8
35614,91,76,15,15
35615,41,84,-43,43
35616,82,78,4,4
35617,67,63,4,4
35618,85,74,11,11
35619,75,71,4,4
35620,118,109,9,9
35621,118,90,28,28
35622,79,69,10,10
35623,63,58,5,5
35624,170,154,16,16
35625,73,67,6,6
35626,114,81,33,33
35627,154,144,10,10
35628,54,58,-4,4
35629,115,98,17,17
35630,49,108,-59,59
35631,99,92,7,7
35632,80,69,11,11
35633,152,138,14,14
35634,71,64,7,7
35635,118,128,-10,10
35636,106,88,18,18
35637,106,104,2,2
35638,173,138,35,35
35639,89,84,5,5
35640,65,61,4,4
35641,93,80,13,13
35642,109,97,12,12
35643,126,116,10,10
35644,143,145,-2,2
35645,127,116,11,11
35646,114,93,21,21
35647,84,81,3,3
35648,68,69,-1,1
35649,60,58,2,2
35650,111,100,11,11
35651,127,123,4,4
35652,83,70,13,13
35653,98,87,11,11
35654,83,64,19,19
35655,77,69,8,8
35656,51,47,4,4
35657,88,82,6,6
35658,48,55,-7,7
35659,147,129,18,18
35660,66,71,-5,5
35661,100,84,16,16
35662,76,71,5,5
35663,59,53,6,6
35664,116,99,17,17
35665,61,57,4,4
35666,155,133,22,22
35667,99,92,7,7
35668,112,97,15,15
35669,70,51,19,19
35670,79,75,4,4
35671,96,89,7,7
35672,90,86,4,4
35673,104,88,16,16
35674,99,87,12,12
35675,81,77,4,4
35676,134,133,1,1
35677,126,113,13,13
35678,160,110,50,50
35679,75,65,10,10
35680,104,97,7,7
35681,150,121,29,29
35682,120,107,13,13
35683,90,82,8,8
35684,120,100,20,20
35685,142,124,18,18
35686,75,62,13,13
35687,102,79,23,23
35688,162,136,26,26
35689,74,65,9,9
35690,75,66,9,9
35691,99,90,9,9
35692,130,114,16,16
35693,53,45,8,8
35694,127,116,11,11
35695,103,83,20,20
35696,94,80,14,14
35697,76,78,-2,2
35698,83,77,6,6
35699,195,158,37,37
35700,58,64,-6,6
35701,51,56,-5,5
35702,153,132,21,21
35703,190,160,30,30
35704,87,77,10,10
35705,96,86,10,10
35706,100,81,19,19
35707,74,66,8,8
35708,67,61,6,6
35709,124,110,14,14
35710,74,63,11,11
35711,111,89,22,22
35712,93,102,-9,9
35713,107,86,21,21
35714,70,54,16,16
35715,154,134,20,20
35716,125,101,24,24
35717,107,85,22,22
35718,69,75,-6,6
35719,101,94,7,7
35720,95,77,18,18
35721,96,79,17,17
35722,85,74,11,11
35723,70,85,-15,15
35724,68,58,10,10
35725,61,55,6,6
35726,155,140,15,15
35727,58,58,0,0
35728,72,65,7,7
35729,47,46,1,1
35730,98,90,8,8
35731,145,120,25,25
35732,52,52,0,0
35733,120,94,26,26
35734,78,66,12,12
35735,56,51,5,5
35736,89,84,5,5
35737,82,75,7,7
35738,104,95,9,9
35739,128,126,2,2
35740,159,130,29,29
35741,79,77,2,2
35742,109,95,14,14
35743,120,109,11,11
35744,79,87,-8,8
35745,73,56,17,17
35746,64,52,12,12
35747,97,80,17,17
35748,135,101,34,34
35749,81,80,1,1
35750,91,79,12,12
35751,58,48,10,10
35752,78,68,10,10
35753,77,66,11,11
35754,47,38,9,9
35755,167,141,26,26
35756,65,75,-10,10
35757,152,133,19,19
35758,159,139,20,20
35759,89,96,-7,7
35760,205,174,31,31
35761,108,91,17,17
35762,101,85,16,16
35763,129,115,14,14
35764,123,109,14,14
35765,90,78,12,12
35766,138,117,21,21
35767,105,85,20,20
35768,93,76,17,17
35769,129,106,23,23
35770,110,86,24,24
35771,86,89,-3,3
35772,72,70,2,2
35773,122,105,17,17
35774,37,37,0,0
35775,173,156,17,17
35776,97,77,20,20
35777,45,40,5,5
35778,97,76,21,21
35779,85,82,3,3
35780,83,78,5,5
35781,105,88,17,17
35782,138,120,18,18
35783,98,79,19,19
35784,128,107,21,21
35785,94,74,20,20
35786,131,102,29,29
35787,67,65,2,2
35788,176,154,22,22
35789,116,100,16,16
35790,116,114,2,2
35791,80,51,29,29
35792,84,71,13,13
35793,69,65,4,4
35794,165,147,18,18
35795,55,60,-5,5
35796,123,113,10,10
35797,117,110,7,7
35798,81,63,18,18
35799,86,75,11,11
35800,185,162,23,23
35801,104,94,10,10
35802,89,81,8,8
35803,85,71,14,14
35804,156,127,29,29
35805,72,62,10,10
35806,95,70,25,25
35807,86,68,18,18
35808,72,60,12,12
35809,168,133,35,35
35810,42,40,2,2
35811,93,85,8,8
35812,103,81,22,22
35813,83,76,7,7
35814,137,118,19,19
35815,117,113,4,4
35816,77,74,3,3
35817,79,81,-2,2
35818,121,104,17,17
35819,110,108,2,2
35820,101,86,15,15
35821,88,88,0,0
35822,91,79,12,12
35823,166,138,28,28
35824,63,55,8,8
35825,92,83,9,9
35826,138,112,26,26
35827,110,100,10,10
35828,151,134,17,17
35829,121,117,4,4
35830,73,65,8,8
35831,77,65,12,12
35832,197,174,23,23
35833,94,69,25,25
35834,67,63,4,4
35835,147,112,35,35
35836,92,103,-11,11
35837,138,124,14,14
35838,71,75,-4,4
35839,93,80,13,13
35840,115,98,17,17
35841,90,76,14,14
35842,137,114,23,23
35843,136,127,9,9
35844,63,57,6,6
35845,68,63,5,5
35846,105,93,12,12
35847,61,54,7,7
35848,75,67,8,8
35849,120,109,11,11
35850,145,132,13,13
35851,106,92,14,14
35852,171,141,30,30
35853,87,82,5,5
35854,112,89,23,23
35855,75,69,6,6
35856,84,78,6,6
35857,55,46,9,9
35858,57,53,4,4
35859,71,62,9,9
35860,150,127,23,23
35861,42,41,1,1
35862,95,84,11,11
35863,100,93,7,7
35864,77,62,15,15
35865,134,130,4,4
35866,100,73,27,27
35867,117,111,6,6
35868,74,96,-22,22
35869,106,89,17,17
35870,121,103,18,18
35871,115,96,19,19
35872,137,118,19,19
35873,80,70,10,10
35874,81,77,4,4
35875,50,52,-2,2
35876,60,61,-1,1
35877,143,114,29,29
35878,80,83,-3,3
35879,72,62,10,10
35880,74,64,10,10
35881,125,111,14,14
35882,111,91,20,20
35883,99,88,11,11
35884,72,64,8,8
35885,84,70,14,14
35886,52,46,6,6
35887,54,48,6,6
35888,63,57,6,6
35889,101,85,16,16
35890,65,50,15,15
35891,74,72,2,2
35892,141,127,14,14
35893,84,76,8,8
35894,156,122,34,34
35895,105,87,18,18
35896,130,109,21,21
35897,74,67,7,7
35898,97,97,0,0
35899,111,103,8,8
35900,65,61,4,4
35901,124,107,17,17
35902,80,71,9,9
35903,93,79,14,14
35904,122,106,16,16
35905,84,81,3,3
35906,92,86,6,6
35907,52,65,-13,13
35908,86,83,3,3
35909,69,68,1,1
35910,114,97,17,17
35911,68,60,8,8
35912,123,114,9,9
35913,104,108,-4,4
35914,119,98,21,21
35915,123,96,27,27
35916,99,83,16,16
35917,117,118,-1,1
35918,94,90,4,4
35919,126,112,14,14
35920,148,121,27,27
35921,112,92,20,20
35922,168,154,14,14
35923,81,70,11,11
35924,100,86,14,14
35925,78,71,7,7
35926,109,98,11,11
35927,120,101,19,19
35928,119,111,8,8
35929,83,95,-12,12
35930,138,121,17,17
35931,63,61,2,2
35932,63,50,13,13
35933,88,72,16,16
35934,50,46,4,4
35935,171,146,25,25
35936,111,87,24,24
35937,154,138,16,16
35938,131,103,28,28
35939,110,93,17,17
35940,74,69,5,5
35941,116,110,6,6
35942,112,101,11,11
35943,89,80,9,9
35944,109,103,6,6
35945,68,62,6,6
35946,77,70,7,7
35947,69,61,8,8
35948,54,57,-3,3
35949,74,65,9,9
35950,140,125,15,15
35951,92,73,19,19
35952,47,47,0,0
35953,49,52,-3,3
35954,72,66,6,6
35955,79,75,4,4
35956,45,48,-3,3
35957,53,52,1,1
35958,114,104,10,10
35959,64,62,2,2
35960,63,53,10,10
35961,113,91,22,22
35962,103,86,17,17
35963,109,94,15,15
35964,94,82,12,12
35965,65,56,9,9
35966,94,81,13,13
35967,142,128,14,14
35968,38,37,1,1
35969,91,91,0,0
35970,86,74,12,12
35971,150,129,21,21
35972,66,60,6,6
35973,68,58,10,10
35974,62,53,9,9
35975,53,45,8,8
35976,53,48,5,5
35977,117,101,16,16
35978,89,83,6,6
35979,96,75,21,21
35980,109,99,10,10
35981,100,86,14,14
35982,132,110,22,22
35983,125,112,13,13
35984,47,39,8,8
35985,76,82,-6,6
35986,80,73,7,7
35987,108,119,-11,11
35988,72,66,6,6
35989,79,69,10,10
35990,103,91,12,12
35991,93,81,12,12
35992,90,75,15,15
35993,76,68,8,8
35994,88,77,11,11
35995,70,63,7,7
35996,162,124,38,38
35997,86,71,15,15
35998,62,57,5,5
35999,78,70,8,8
36000,51,44,7,7
36001,131,98,33,33
36002,81,70,11,11
36003,100,92,8,8
36004,107,96,11,11
36005,71,66,5,5
36006,99,84,15,15
36007,128,106,22,22
36008,102,93,9,9
36009,111,107,4,4
36010,114,105,9,9
36011,145,123,22,22
36012,123,98,25,25
36013,64,60,4,4
36014,138,120,18,18
36015,120,113,7,7
36016,96,84,12,12
36017,143,127,16,16
36018,79,70,9,9
36019,139,131,8,8
36020,124,103,21,21
36021,76,74,2,2
36022,67,62,5,5
36023,65,69,-4,4
36024,62,58,4,4
36025,184,162,22,22
36026,102,91,11,11
36027,60,56,4,4
36028,79,79,0,0
36029,63,55,8,8
36030,70,51,19,19
36031,91,89,2,2
36032,68,65,3,3
36033,86,81,5,5
36034,97,97,0,0
36035,78,77,1,1
36036,110,88,22,22
36037,94,75,19,19
36038,68,74,-6,6
36039,150,128,22,22
36040,81,69,12,12
36041,58,55,3,3
36042,48,44,4,4
36043,76,66,10,10
36044,102,85,17,17
36045,74,68,6,6
36046,60,56,4,4
36047,75,75,0,0
36048,92,78,14,14
36049,62,57,5,5
36050,91,85,6,6
36051,93,80,13,13
36052,146,133,13,13
36053,94,79,15,15
36054,88,80,8,8
36055,124,112,12,12
36056,92,84,8,8
36057,87,101,-14,14
36058,113,110,3,3
36059,99,84,15,15
36060,90,79,11,11
36061,95,78,17,17
36062,61,56,5,5
36063,139,116,23,23
36064,106,107,-1,1
36065,42,41,1,1
36066,95,91,4,4
36067,121,115,6,6
36068,130,125,5,5
36069,121,112,9,9
36070,74,66,8,8
36071,84,75,9,9
36072,70,63,7,7
36073,73,68,5,5
36074,116,97,19,19
36075,120,105,15,15
36076,151,129,22,22
36077,80,72,8,8
36078,90,83,7,7
36079,68,64,4,4
36080,102,89,13,13
36081,180,156,24,24
36082,44,68,-24,24
36083,170,147,23,23
36084,99,76,23,23
36085,130,111,19,19
36086,78,93,-15,15
36087,107,92,15,15
36088,93,89,4,4
36089,146,130,16,16
36090,97,82,15,15
36091,107,90,17,17
36092,116,99,17,17
36093,81,83,-2,2
36094,84,70,14,14
36095,88,89,-1,1
36096,77,57,20,20
36097,65,60,5,5
36098,158,131,27,27
36099,76,75,1,1
36100,56,47,9,9
36101,119,109,10,10
36102,82,70,12,12
36103,52,54,-2,2
36104,44,47,-3,3
36105,122,98,24,24
36106,92,85,7,7
36107,87,76,11,11
36108,152,137,15,15
36109,97,87,10,10
36110,127,105,22,22
36111,61,58,3,3
36112,58,57,1,1
36113,94,85,9,9
36114,123,108,15,15
36115,141,112,29,29
36116,61,60,1,1
36117,151,151,0,0
36118,117,104,13,13
36119,88,79,9,9
36120,71,60,11,11
36121,131,119,12,12
36122,98,82,16,16
36123,54,53,1,1
36124,133,110,23,23
36125,68,56,12,12
36126,49,51,-2,2
36127,106,92,14,14
36128,144,121,23,23
36129,105,95,10,10
36130,59,48,11,11
36131,65,61,4,4
36132,136,113,23,23
36133,58,49,9,9
36134,49,45,4,4
36135,47,44,3,3
36136,87,77,10,10
36137,81,80,1,1
36138,110,88,22,22
36139,119,105,14,14
36140,114,99,15,15
36141,77,63,14,14
36142,114,100,14,14
36143,112,100,12,12
36144,86,99,-13,13
36145,91,82,9,9
36146,136,111,25,25
36147,52,46,6,6
36148,85,80,5,5
36149,97,84,13,13
36150,151,128,23,23
36151,118,97,21,21
36152,156,123,33,33
36153,61,47,14,14
36154,107,94,13,13
36155,173,155,18,18
36156,86,81,5,5
36157,74,70,4,4
36158,90,74,16,16
36159,61,56,5,5
36160,112,105,7,7
36161,114,95,19,19
36162,86,81,5,5
36163,115,104,11,11
36164,128,115,13,13
36165,62,60,2,2
36166,81,76,5,5
36167,102,91,11,11
36168,104,94,10,10
36169,70,71,-1,1
36170,85,74,11,11
36171,59,55,4,4
36172,112,92,20,20
36173,141,131,10,10
36174,103,96,7,7
36175,89,78,11,11
36176,83,70,13,13
36177,54,49,5,5
36178,70,66,4,4
36179,75,70,5,5
36180,124,107,17,17
36181,64,57,7,7
36182,137,114,23,23
36183,112,111,1,1
36184,60,61,-1,1
36185,103,96,7,7
36186,76,64,12,12
36187,100,77,23,23
36188,68,65,3,3
36189,72,72,0,0
36190,52,49,3,3
36191,91,80,11,11
36192,57,50,7,7
36193,71,54,17,17
36194,99,91,8,8
36195,117,117,0,0
36196,179,153,26,26
36197,109,95,14,14
36198,33,41,-8,8
36199,101,91,10,10
36200,105,86,19,19
36201,88,78,10,10
36202,152,145,7,7
36203,88,71,17,17
36204,140,117,23,23
36205,123,95,28,28
36206,129,111,18,18
36207,57,52,5,5
36208,53,47,6,6
36209,65,62,3,3
36210,72,64,8,8
36211,127,127,0,0
36212,62,61,1,1
36213,47,46,1,1
36214,101,88,13,13
36215,58,43,15,15
36216,90,83,7,7
36217,71,62,9,9
36218,148,120,28,28
36219,131,110,21,21
36220,173,156,17,17
36221,140,115,25,25
36222,88,79,9,9
36223,105,101,4,4
36224,129,107,22,22
36225,105,87,18,18
36226,113,111,2,2
36227,83,82,1,1
36228,58,51,7,7
36229,59,53,6,6
36230,110,79,31,31
36231,106,98,8,8
36232,95,86,9,9
36233,101,78,23,23
36234,56,51,5,5
36235,134,123,11,11
36236,118,101,17,17
36237,114,93,21,21
36238,70,66,4,4
36239,68,66,2,2
36240,66,62,4,4
36241,92,76,16,16
36242,113,101,12,12
36243,108,91,17,17
36244,91,86,5,5
36245,146,133,13,13
36246,114,100,14,14
36247,103,95,8,8
36248,108,128,-20,20
36249,60,54,6,6
36250,62,56,6,6
36251,102,90,12,12
36252,110,103,7,7
36253,194,151,43,43
36254,53,51,2,2
36255,102,89,13,13
36256,175,141,34,34
36257,66,56,10,10
36258,108,94,14,14
36259,112,95,17,17
36260,154,128,26,26
36261,121,111,10,10
36262,66,56,10,10
36263,84,73,11,11
36264,72,63,9,9
36265,97,80,17,17
36266,125,108,17,17
36267,53,45,8,8
36268,56,54,2,2
36269,139,128,11,11
36270,76,75,1,1
36271,98,83,15,15
36272,64,60,4,4
36273,102,88,14,14
36274,63,64,-1,1
36275,125,111,14,14
36276,133,102,31,31
36277,61,54,7,7
36278,57,52,5,5
36279,87,73,14,14
36280,65,61,4,4
36281,45,44,1,1
36282,105,101,4,4
36283,123,98,25,25
36284,96,78,18,18
36285,146,135,11,11
36286,65,62,3,3
36287,93,78,15,15
36288,67,59,8,8
36289,112,81,31,31
36290,128,108,20,20
36291,78,71,7,7
36292,73,65,8,8
36293,89,77,12,12
36294,62,54,8,8
36295,127,120,7,7
36296,126,104,22,22
36297,80,69,11,11
36298,84,81,3,3
36299,85,92,-7,7
36300,65,61,4,4
36301,63,59,4,4
36302,42,43,-1,1
36303,84,73,11,11
36304,73,64,9,9
36305,50,43,7,7
36306,107,114,-7,7
36307,108,93,15,15
36308,65,61,4,4
36309,150,113,37,37
36310,101,89,12,12
36311,51,42,9,9
36312,74,63,11,11
36313,79,69,10,10
36314,117,94,23,23
36315,71,74,-3,3
36316,70,69,1,1
36317,75,65,10,10
36318,38,44,-6,6
36319,104,97,7,7
36320,97,82,15,15
36321,117,101,16,16
36322,78,65,13,13
36323,58,62,-4,4
36324,133,119,14,14
36325,51,47,4,4
36326,117,108,9,9
36327,82,67,15,15
36328,155,133,22,22
36329,102,98,4,4
36330,137,122,15,15
36331,85,72,13,13
36332,132,119,13,13
36333,35,34,1,1
36334,72,64,8,8
36335,119,110,9,9
36336,90,75,15,15
36337,69,63,6,6
36338,76,73,3,3
36339,85,79,6,6
36340,114,93,21,21
36341,84,97,-13,13
36342,78,71,7,7
36343,55,54,1,1
36344,102,93,9,9
36345,163,129,34,34
36346,69,64,5,5
36347,126,111,15,15
36348,43,35,8,8
36349,61,50,11,11
36350,54,50,4,4
36351,109,95,14,14
36352,102,104,-2,2
36353,80,73,7,7
36354,206,167,39,39
36355,51,46,5,5
36356,89,64,25,25
36357,72,70,2,2
36358,127,113,14,14
36359,76,72,4,4
36360,107,93,14,14
36361,71,60,11,11
36362,66,56,10,10
36363,76,64,12,12
36364,184,152,32,32
36365,129,115,14,14
36366,55,52,3,3
36367,110,102,8,8
36368,75,71,4,4
36369,61,59,2,2
36370,136,115,21,21
36371,103,84,19,19
36372,115,108,7,7
36373,55,53,2,2
36374,113,95,18,18
36375,89,71,18,18
36376,121,98,23,23
36377,80,83,-3,3
36378,141,120,21,21
36379,150,147,3,3
36380,90,75,15,15
36381,73,68,5,5
36382,137,138,-1,1
36383,107,87,20,20
36384,86,75,11,11
36385,112,102,10,10
36386,46,49,-3,3
36387,72,68,4,4
36388,99,92,7,7
36389,63,56,7,7
36390,126,95,31,31
36391,64,54,10,10
36392,90,90,0,0
36393,59,59,0,0
36394,66,52,14,14
36395,114,87,27,27
36396,102,84,18,18
36397,77,68,9,9
36398,90,68,22,22
36399,68,59,9,9
36400,78,64,14,14
36401,71,63,8,8
36402,49,47,2,2
36403,83,74,9,9
36404,112,109,3,3
36405,102,97,5,5
36406,134,103,31,31
36407,57,52,5,5
36408,71,66,5,5
36409,163,145,18,18
36410,130,108,22,22
36411,123,120,3,3
36412,117,106,11,11
36413,78,67,11,11
36414,39,40,-1,1
36415,49,45,4,4
36416,57,52,5,5
36417,51,53,-2,2
36418,123,98,25,25
36419,92,84,8,8
36420,93,87,6,6
36421,77,69,8,8
36422,197,141,56,56
36423,112,102,10,10
36424,63,62,1,1
36425,83,78,5,5
36426,68,76,-8,8
36427,105,89,16,16
36428,62,62,0,0
36429,71,60,11,11
36430,91,80,11,11
36431,85,71,14,14
36432,197,176,21,21
36433,124,103,21,21
36434,119,103,16,16
36435,130,123,7,7
36436,81,68,13,13
36437,92,81,11,11
36438,71,64,7,7
36439,67,58,9,9
36440,99,82,17,17
36441,94,87,7,7
36442,114,108,6,6
36443,167,140,27,27
36444,120,97,23,23
36445,125,96,29,29
36446,70,57,13,13
36447,114,95,19,19
36448,95,83,12,12
36449,46,47,-1,1
36450,101,94,7,7
36451,61,51,10,10
36452,90,88,2,2
36453,67,128,-61,61
36454,157,130,27,27
36455,79,69,10,10
36456,105,94,11,11
36457,112,89,23,23
36458,89,82,7,7
36459,105,93,12,12
36460,124,105,19,19
36461,65,57,8,8
36462,73,64,9,9
36463,66,61,5,5
36464,61,60,1,1
36465,125,122,3,3
36466,122,117,5,5
36467,76,65,11,11
36468,90,85,5,5
36469,176,137,39,39
36470,62,59,3,3
36471,139,123,16,16
36472,43,40,3,3
36473,67,64,3,3
36474,50,48,2,2
36475,66,58,8,8
36476,59,57,2,2
36477,81,67,14,14
36478,83,67,16,16
36479,92,80,12,12
36480,76,74,2,2
36481,62,54,8,8
36482,64,70,-6,6
36483,92,90,2,2
36484,123,107,16,16
36485,84,66,18,18
36486,88,81,7,7
36487,58,56,2,2
36488,87,76,11,11
36489,73,66,7,7
36490,44,49,-5,5
36491,123,108,15,15
36492,76,63,13,13
36493,82,79,3,3
36494,84,73,11,11
36495,69,64,5,5
36496,80,73,7,7
36497,104,93,11,11
36498,81,71,10,10
36499,79,76,3,3
36500,90,94,-4,4
36501,105,89,16,16
36502,140,122,18,18
36503,85,78,7,7
36504,96,82,14,14
36505,102,89,13,13
36506,81,68,13,13
36507,117,97,20,20
36508,68,60,8,8
36509,79,73,6,6
36510,143,120,23,23
36511,66,54,12,12
36512,52,47,5,5
36513,109,87,22,22
36514,40,45,-5,5
36515,140,114,26,26
36516,115,100,15,15
36517,74,77,-3,3
36518,61,58,3,3
36519,66,61,5,5
36520,92,71,21,21
36521,48,64,-16,16
36522,116,101,15,15
36523,141,119,22,22
36524,113,95,18,18
36525,89,73,16,16
36526,139,113,26,26
36527,134,122,12,12
36528,152,130,22,22
36529,88,79,9,9
36530,93,83,10,10
36531,161,136,25,25
36532,90,83,7,7
36533,68,58,10,10
36534,148,122,26,26
36535,82,73,9,9
36536,96,82,14,14
36537,171,153,18,18
36538,96,95,1,1
36539,66,58,8,8
36540,113,95,18,18
36541,78,72,6,6
36542,82,72,10,10
36543,61,54,7,7
36544,82,71,11,11
36545,99,98,1,1
36546,225,169,56,56
36547,81,70,11,11
36548,62,54,8,8
36549,66,61,5,5
36550,44,51,-7,7
36551,74,77,-3,3
36552,83,71,12,12
36553,109,97,12,12
36554,51,53,-2,2
36555,121,106,15,15
36556,83,66,17,17
36557,81,81,0,0
36558,53,51,2,2
36559,73,73,0,0
36560,109,89,20,20
36561,151,136,15,15
36562,115,102,13,13
36563,122,101,21,21
36564,116,104,12,12
36565,107,92,15,15
36566,109,89,20,20
36567,72,64,8,8
36568,43,39,4,4
36569,78,66,12,12
36570,127,104,23,23
36571,50,48,2,2
36572,96,82,14,14
36573,53,50,3,3
36574,37,37,0,0
36575,94,77,17,17
36576,56,57,-1,1
36577,27,31,-4,4
36578,38,44,-6,6
36579,109,100,9,9
36580,109,97,12,12
36581,70,68,2,2
36582,60,57,3,3
36583,82,83,-1,1
36584,67,60,7,7
36585,67,62,5,5
36586,78,65,13,13
36587,62,65,-3,3
36588,49,51,-2,2
36589,109,90,19,19
36590,88,80,8,8
36591,81,84,-3,3
36592,82,80,2,2
36593,90,78,12,12
36594,79,73,6,6
36595,97,80,17,17
36596,75,72,3,3
36597,104,85,19,19
36598,84,78,6,6
36599,146,128,18,18
36600,62,55,7,7
36601,104,100,4,4
36602,106,99,7,7
36603,92,83,9,9
36604,92,79,13,13
36605,92,85,7,7
36606,71,66,5,5
36607,91,84,7,7
36608,87,75,12,12
36609,79,85,-6,6
36610,86,89,-3,3
36611,128,103,25,25
36612,186,162,24,24
36613,138,116,22,22
36614,89,72,17,17
36615,168,141,27,27
36616,46,44,2,2
36617,93,82,11,11
36618,72,66,6,6
36619,110,93,17,17
36620,99,79,20,20
36621,51,44,7,7
36622,93,84,9,9
36623,99,88,11,11
36624,126,111,15,15
36625,64,61,3,3
36626,209,174,35,35
36627,102,90,12,12
36628,98,91,7,7
36629,79,63,16,16
36630,85,81,4,4
36631,64,59,5,5
36632,83,70,13,13
36633,121,90,31,31
36634,111,95,16,16
36635,72,64,8,8
36636,97,83,14,14
36637,96,78,18,18
36638,64,60,4,4
36639,128,114,14,14
36640,34,29,5,5
36641,124,92,32,32
36642,84,68,16,16
36643,132,114,18,18
36644,55,49,6,6
36645,118,103,15,15
36646,47,44,3,3
36647,74,63,11,11
36648,75,64,11,11
36649,93,84,9,9
36650,171,131,40,40
36651,81,74,7,7
36652,62,60,2,2
36653,81,70,11,11
36654,83,68,15,15
36655,65,57,8,8
36656,61,57,4,4
36657,83,78,5,5
36658,102,91,11,11
36659,78,68,10,10
36660,85,73,12,12
36661,122,104,18,18
36662,60,53,7,7
36663,151,140,11,11
36664,72,67,5,5
36665,93,83,10,10
36666,99,86,13,13
36667,95,89,6,6
36668,105,92,13,13
36669,83,63,20,20
36670,128,121,7,7
36671,76,94,-18,18
36672,114,93,21,21
36673,125,116,9,9
36674,88,76,12,12
36675,117,112,5,5
36676,54,47,7,7
36677,102,91,11,11
36678,60,49,11,11
36679,47,60,-13,13
36680,76,65,11,11
36681,53,48,5,5
36682,83,79,4,4
36683,148,140,8,8
36684,101,86,15,15
36685,126,108,18,18
36686,124,175,-51,51
36687,114,103,11,11
36688,74,71,3,3
36689,83,84,-1,1
36690,109,92,17,17
36691,89,87,2,2
36692,76,70,6,6
36693,53,53,0,0
36694,78,70,8,8
36695,60,56,4,4
36696,136,117,19,19
36697,42,51,-9,9
36698,126,106,20,20
36699,99,95,4,4
36700,96,88,8,8
36701,45,42,3,3
36702,77,64,13,13
36703,167,133,34,34
36704,102,117,-15,15
36705,92,85,7,7
36706,61,55,6,6
36707,138,115,23,23
36708,117,115,2,2
36709,127,107,20,20
36710,92,69,23,23
36711,83,76,7,7
36712,69,62,7,7
36713,189,157,32,32
36714,89,68,21,21
36715,154,134,20,20
36716,78,73,5,5
36717,92,81,11,11
36718,151,141,10,10
36719,138,130,8,8
36720,73,63,10,10
36721,152,136,16,16
36722,122,106,16,16
36723,71,58,13,13
36724,118,105,13,13
36725,93,74,19,19
36726,104,90,14,14
36727,85,71,14,14
36728,91,77,14,14
36729,50,44,6,6
36730,102,80,22,22
36731,120,107,13,13
36732,111,93,18,18
36733,71,67,4,4
36734,57,47,10,10
36735,161,113,48,48
36736,53,46,7,7
36737,122,123,-1,1
36738,125,112,13,13
36739,83,71,12,12
36740,74,72,2,2
36741,78,68,10,10
36742,51,46,5,5
36743,167,126,41,41
36744,78,71,7,7
36745,207,171,36,36
36746,120,106,14,14
36747,142,131,11,11
36748,71,73,-2,2
36749,144,111,33,33
36750,55,47,8,8
36751,75,59,16,16
36752,113,107,6,6
36753,100,98,2,2
36754,56,50,6,6
36755,137,112,25,25
36756,92,83,9,9
36757,142,120,22,22
36758,114,100,14,14
36759,47,46,1,1
36760,61,51,10,10
36761,130,107,23,23
36762,68,65,3,3
36763,72,75,-3,3
36764,39,37,2,2
36765,116,110,6,6
36766,135,114,21,21
36767,121,103,18,18
36768,126,106,20,20
36769,115,115,0,0
36770,92,79,13,13
36771,137,112,25,25
36772,67,60,7,7
36773,58,47,11,11
36774,74,69,5,5
36775,66,48,18,18
36776,70,58,12,12
36777,89,95,-6,6
36778,85,84,1,1
36779,77,68,9,9
36780,54,46,8,8
36781,103,95,8,8
36782,45,46,-1,1
36783,35,45,-10,10
36784,84,99,-15,15
36785,61,65,-4,4
36786,114,96,18,18
36787,47,46,1,1
36788,86,75,11,11
36789,92,86,6,6
36790,61,50,11,11
36791,96,84,12,12
36792,48,44,4,4
36793,115,114,1,1
36794,209,169,40,40
36795,89,80,9,9
36796,63,49,14,14
36797,68,62,6,6
36798,88,84,4,4
36799,63,67,-4,4
36800,121,117,4,4
36801,146,144,2,2
36802,64,55,9,9
36803,75,68,7,7
36804,118,113,5,5
36805,121,113,8,8
36806,87,73,14,14
36807,80,71,9,9
36808,80,75,5,5
36809,107,87,20,20
36810,137,119,18,18
36811,96,77,19,19
36812,74,66,8,8
36813,90,73,17,17
36814,70,58,12,12
36815,45,43,2,2
36816,63,51,12,12
36817,122,104,18,18
36818,80,70,10,10
36819,91,84,7,7
36820,241,194,47,47
36821,49,43,6,6
36822,115,111,4,4
36823,136,96,40,40
36824,87,67,20,20
36825,90,95,-5,5
36826,86,73,13,13
36827,126,108,18,18
36828,63,70,-7,7
36829,68,60,8,8
36830,83,66,17,17
36831,101,88,13,13
36832,82,99,-17,17
36833,105,101,4,4
36834,141,131,10,10
36835,67,63,4,4
36836,29,33,-4,4
36837,96,89,7,7
36838,69,59,10,10
36839,62,59,3,3
36840,68,65,3,3
36841,96,77,19,19
36842,122,113,9,9
36843,109,104,5,5
36844,83,71,12,12
36845,127,105,22,22
36846,115,116,-1,1
36847,95,83,12,12
36848,64,55,9,9
36849,80,73,7,7
36850,285,253,32,32
36851,88,77,11,11
36852,154,109,45,45
36853,163,137,26,26
36854,68,99,-31,31
36855,72,72,0,0
36856,184,165,19,19
36857,87,73,14,14
36858,58,53,5,5
36859,110,104,6,6
36860,62,63,-1,1
36861,53,44,9,9
36862,158,143,15,15
36863,87,92,-5,5
36864,70,70,0,0
36865,72,65,7,7
36866,141,110,31,31
36867,94,81,13,13
36868,48,52,-4,4
36869,56,49,7,7
36870,169,142,27,27
36871,81,93,-12,12
36872,71,63,8,8
36873,97,77,20,20
36874,73,68,5,5
36875,90,84,6,6
36876,122,104,18,18
36877,68,52,16,16
36878,128,104,24,24
36879,68,62,6,6
36880,128,115,13,13
36881,80,73,7,7
36882,76,62,14,14
36883,131,126,5,5
36884,96,87,9,9
36885,118,114,4,4
36886,112,92,20,20
36887,174,149,25,25
36888,44,36,8,8
36889,92,86,6,6
36890,66,61,5,5
36891,90,84,6,6
36892,144,126,18,18
36893,110,92,18,18
36894,164,130,34,34
36895,85,70,15,15
36896,87,89,-2,2
36897,126,130,-4,4
36898,70,62,8,8
36899,111,97,14,14
36900,56,50,6,6
36901,50,49,1,1
36902,93,85,8,8
36903,66,62,4,4
36904,77,67,10,10
36905,59,53,6,6
36906,95,89,6,6
36907,79,68,11,11
36908,84,74,10,10
36909,81,71,10,10
36910,118,95,23,23
36911,62,54,8,8
36912,113,105,8,8
36913,89,70,19,19
36914,109,88,21,21
36915,157,134,23,23
36916,144,145,-1,1
36917,113,92,21,21
36918,136,111,25,25
36919,55,44,11,11
36920,100,113,-13,13
36921,127,102,25,25
36922,137,122,15,15
36923,77,65,12,12
36924,75,66,9,9
36925,96,89,7,7
36926,183,155,28,28
36927,100,85,15,15
36928,66,54,12,12
36929,87,79,8,8
36930,76,69,7,7
36931,79,88,-9,9
36932,84,75,9,9
36933,101,86,15,15
36934,110,102,8,8
36935,97,87,10,10
36936,55,51,4,4
36937,94,74,20,20
36938,65,61,4,4
36939,78,67,11,11
36940,69,61,8,8
36941,171,147,24,24
36942,78,69,9,9
36943,58,54,4,4
36944,79,71,8,8
36945,90,73,17,17
36946,43,39,4,4
36947,80,86,-6,6
36948,121,115,6,6
36949,186,152,34,34
36950,87,78,9,9
36951,25,22,3,3
36952,77,75,2,2
36953,111,100,11,11
36954,60,52,8,8
36955,70,66,4,4
36956,145,118,27,27
36957,83,75,8,8
36958,87,68,19,19
36959,79,68,11,11
36960,110,97,13,13
36961,70,59,11,11
36962,157,135,22,22
36963,95,85,10,10
36964,62,61,1,1
36965,83,74,9,9
36966,64,55,9,9
36967,240,205,35,35
36968,77,71,6,6
36969,171,138,33,33
36970,111,99,12,12
36971,98,80,18,18
36972,60,55,5,5
36973,94,84,10,10
36974,117,97,20,20
36975,113,104,9,9
36976,149,144,5,5
36977,84,75,9,9
36978,50,49,1,1
36979,109,107,2,2
36980,77,80,-3,3
36981,125,109,16,16
36982,74,76,-2,2
36983,80,72,8,8
36984,70,65,5,5
36985,79,71,8,8
36986,125,98,27,27
36987,102,76,26,26
36988,72,63,9,9
36989,99,93,6,6
36990,73,74,-1,1
36991,104,83,21,21
36992,99,85,14,14
36993,97,80,17,17
36994,135,120,15,15
36995,80,77,3,3
36996,146,130,16,16
36997,59,59,0,0
36998,95,87,8,8
36999,159,125,34,34
37000,73,60,13,13
37001,94,83,11,11
37002,159,122,37,37
37003,178,140,38,38
37004,58,50,8,8
37005,88,74,14,14
37006,88,85,3,3
37007,81,79,2,2
37008,79,64,15,15
37009,54,50,4,4
37010,88,75,13,13
37011,75,63,12,12
37012,101,80,21,21
37013,89,73,16,16
37014,51,51,0,0
37015,121,107,14,14
37016,110,105,5,5
37017,99,79,20,20
37018,63,60,3,3
37019,113,102,11,11
37020,137,126,11,11
37021,114,110,4,4
37022,87,76,11,11
37023,176,134,42,42
37024,136,120,16,16
37025,104,90,14,14
37026,131,122,9,9
37027,100,102,-2,2
37028,110,102,8,8
37029,54,47,7,7
37030,99,91,8,8
37031,55,54,1,1
37032,141,114,27,27
37033,142,123,19,19
37034,125,98,27,27
37035,114,111,3,3
37036,121,110,11,11
37037,138,115,23,23
37038,66,67,-1,1
37039,108,93,15,15
37040,137,118,19,19
37041,57,51,6,6
37042,97,90,7,7
37043,114,93,21,21
37044,124,132,-8,8
37045,66,63,3,3
37046,51,47,4,4
37047,162,131,31,31
37048,161,139,22,22
37049,116,99,17,17
37050,111,101,10,10
37051,143,128,15,15
37052,41,44,-3,3
37053,97,77,20,20
37054,49,48,1,1
37055,156,132,24,24
37056,48,44,4,4
37057,82,69,13,13
37058,58,51,7,7
37059,81,68,13,13
37060,81,71,10,10
37061,68,59,9,9
37062,120,111,9,9
37063,28,34,-6,6
37064,84,86,-2,2
37065,96,89,7,7
37066,79,70,9,9
37067,446,373,73,73
37068,132,120,12,12
37069,131,112,19,19
37070,60,63,-3,3
37071,78,65,13,13
37072,113,101,12,12
37073,67,59,8,8
37074,83,73,10,10
37075,77,62,15,15
37076,82,72,10,10
37077,60,56,4,4
37078,112,97,15,15
37079,124,107,17,17
37080,150,121,29,29
37081,87,77,10,10
37082,129,108,21,21
37083,151,130,21,21
37084,36,38,-2,2
37085,100,92,8,8
37086,57,90,-33,33
37087,108,104,4,4
37088,78,75,3,3
37089,72,57,15,15
37090,69,74,-5,5
37091,108,99,9,9
37092,87,74,13,13
37093,51,57,-6,6
37094,48,45,3,3
37095,98,99,-1,1
37096,31,45,-14,14
37097,140,106,34,34
37098,74,59,15,15
37099,95,91,4,4
37100,87,72,15,15
37101,120,108,12,12
37102,83,67,16,16
37103,81,86,-5,5
37104,75,68,7,7
37105,87,79,8,8
37106,145,128,17,17
37107,98,82,16,16
37108,52,41,11,11
37109,83,73,10,10
37110,55,65,-10,10
37111,110,105,5,5
37112,125,120,5,5
37113,87,69,18,18
37114,101,91,10,10
37115,81,64,17,17
37116,143,123,20,20
37117,218,181,37,37
37118,79,66,13,13
37119,97,80,17,17
37120,58,53,5,5
37121,116,110,6,6
37122,76,62,14,14
37123,94,83,11,11
37124,79,80,-1,1
37125,60,53,7,7
37126,103,100,3,3
37127,51,45,6,6
37128,113,95,18,18
37129,83,90,-7,7
37130,121,109,12,12
37131,87,67,20,20
37132,152,132,20,20
37133,97,83,14,14
37134,169,149,20,20
37135,73,77,-4,4
37136,141,133,8,8
37137,88,68,20,20
37138,75,151,-76,76
37139,78,69,9,9
37140,114,96,18,18
37141,95,73,22,22
37142,100,97,3,3
37143,94,86,8,8
37144,62,59,3,3
37145,75,91,-16,16
37146,91,83,8,8
37147,155,122,33,33
37148,82,68,14,14
37149,120,106,14,14
37150,154,127,27,27
37151,45,41,4,4
37152,69,63,6,6
37153,70,67,3,3
37154,129,116,13,13
37155,83,70,13,13
37156,102,84,18,18
37157,34,35,-1,1
37158,84,71,13,13
37159,93,78,15,15
37160,173,140,33,33
37161,81,77,4,4
37162,112,111,1,1
37163,141,123,18,18
37164,117,100,17,17
37165,87,84,3,3
37166,89,94,-5,5
37167,138,130,8,8
37168,77,74,3,3
37169,71,66,5,5
37170,108,101,7,7
37171,84,71,13,13
37172,90,91,-1,1
37173,156,133,23,23
37174,90,84,6,6
37175,91,82,9,9
37176,64,56,8,8
37177,66,62,4,4
37178,59,47,12,12
37179,124,103,21,21
37180,49,43,6,6
37181,108,100,8,8
37182,83,73,10,10
37183,115,91,24,24
37184,59,57,2,2
37185,51,59,-8,8
37186,90,77,13,13
37187,77,81,-4,4
37188,59,47,12,12
37189,100,89,11,11
37190,138,117,21,21
37191,237,198,39,39
37192,71,65,6,6
37193,51,46,5,5
37194,160,149,11,11
37195,162,124,38,38
37196,121,107,14,14
37197,122,104,18,18
37198,64,55,9,9
37199,78,63,15,15
37200,107,120,-13,13
37201,102,96,6,6
37202,74,72,2,2
37203,90,90,0,0
37204,65,52,13,13
37205,85,80,5,5
37206,88,80,8,8
37207,95,86,9,9
37208,92,83,9,9
37209,148,116,32,32
37210,89,79,10,10
37211,63,58,5,5
37212,98,78,20,20
37213,74,66,8,8
37214,69,61,8,8
37215,58,55,3,3
37216,148,121,27,27
37217,75,70,5,5
37218,128,114,14,14
37219,63,68,-5,5
37220,113,90,23,23
37221,88,84,4,4
37222,68,53,15,15
37223,98,84,14,14
37224,79,73,6,6
37225,69,65,4,4
37226,284,229,55,55
37227,76,67,9,9
37228,98,90,8,8
37229,73,68,5,5
37230,135,121,14,14
37231,71,60,11,11
37232,85,71,14,14
37233,58,57,1,1
37234,110,100,10,10
37235,63,57,6,6
37236,91,83,8,8
37237,72,68,4,4
37238,111,124,-13,13
37239,75,63,12,12
37240,127,113,14,14
37241,157,128,29,29
37242,136,121,15,15
37243,66,57,9,9
37244,53,49,4,4
37245,76,71,5,5
37246,76,63,13,13
37247,123,119,4,4
37248,90,79,11,11
37249,62,57,5,5
37250,93,101,-8,8
37251,150,123,27,27
37252,114,102,12,12
37253,99,74,25,25
37254,85,72,13,13
37255,68,56,12,12
37256,54,47,7,7
37257,64,59,5,5
37258,126,117,9,9
37259,52,50,2,2
37260,119,102,17,17
37261,112,99,13,13
37262,257,210,47,47
37263,75,69,6,6
37264,58,50,8,8
37265,87,76,11,11
37266,50,44,6,6
37267,79,75,4,4
37268,142,119,23,23
37269,122,113,9,9
37270,69,65,4,4
37271,82,68,14,14
37272,83,78,5,5
37273,87,74,13,13
37274,132,116,16,16
37275,110,110,0,0
37276,98,76,22,22
37277,93,81,12,12
37278,112,108,4,4
37279,101,82,19,19
37280,97,89,8,8
37281,111,106,5,5
37282,53,50,3,3
37283,78,84,-6,6
37284,104,89,15,15
37285,86,72,14,14
37286,109,95,14,14
37287,136,114,22,22
37288,113,116,-3,3
37289,53,52,1,1
37290,85,69,16,16
37291,142,118,24,24
37292,141,121,20,20
37293,87,78,9,9
37294,79,70,9,9
37295,171,142,29,29
37296,104,98,6,6
37297,91,110,-19,19
37298,70,61,9,9
37299,93,88,5,5
37300,115,104,11,11
37301,49,44,5,5
37302,115,91,24,24
37303,85,72,13,13
37304,96,89,7,7
37305,112,98,14,14
37306,133,121,12,12
37307,114,99,15,15
37308,78,89,-11,11
37309,158,134,24,24
37310,73,61,12,12
37311,44,43,1,1
37312,160,143,17,17
37313,114,107,7,7
37314,163,106,57,57
37315,113,94,19,19
37316,92,88,4,4
37317,35,32,3,3
37318,135,117,18,18
37319,113,100,13,13
37320,105,86,19,19
37321,79,65,14,14
37322,130,108,22,22
37323,129,115,14,14
37324,81,74,7,7
37325,71,69,2,2
37326,233,183,50,50
37327,79,77,2,2
37328,88,77,11,11
37329,121,114,7,7
37330,132,109,23,23
37331,179,150,29,29
37332,199,163,36,36
37333,133,114,19,19
37334,127,109,18,18
37335,71,67,4,4
37336,59,55,4,4
37337,92,82,10,10
37338,98,85,13,13
37339,93,73,20,20
37340,103,69,34,34
37341,114,113,1,1
37342,80,74,6,6
37343,84,76,8,8
37344,95,78,17,17
37345,141,122,19,19
37346,184,155,29,29
37347,138,104,34,34
37348,59,55,4,4
37349,172,148,24,24
37350,146,123,23,23
37351,72,68,4,4
37352,139,128,11,11
37353,108,96,12,12
37354,91,90,1,1
37355,38,33,5,5
37356,44,46,-2,2
37357,86,74,12,12
37358,68,66,2,2
37359,68,56,12,12
37360,100,92,8,8
37361,135,111,24,24
37362,30,36,-6,6
37363,149,127,22,22
37364,93,83,10,10
37365,132,122,10,10
37366,61,56,5,5
37367,104,96,8,8
37368,119,104,15,15
37369,61,59,2,2
37370,79,72,7,7
37371,48,49,-1,1
37372,80,59,21,21
37373,145,150,-5,5
37374,65,65,0,0
37375,68,59,9,9
37376,68,61,7,7
37377,78,72,6,6
37378,65,59,6,6
37379,98,83,15,15
37380,102,97,5,5
37381,115,89,26,26
37382,71,61,10,10
37383,63,61,2,2
37384,64,66,-2,2
37385,97,86,11,11
37386,102,80,22,22
37387,101,92,9,9
37388,34,33,1,1
37389,70,64,6,6
37390,53,54,-1,1
37391,92,81,11,11
37392,83,77,6,6
37393,101,97,4,4
37394,76,65,11,11
37395,76,72,4,4
37396,111,94,17,17
37397,49,55,-6,6
37398,55,58,-3,3
37399,115,97,18,18
37400,126,112,14,14
37401,121,97,24,24
37402,145,121,24,24
37403,60,66,-6,6
37404,73,58,15,15
37405,63,59,4,4
37406,71,64,7,7
37407,81,73,8,8
37408,98,87,11,11
37409,138,125,13,13
37410,69,68,1,1
37411,172,166,6,6
37412,57,61,-4,4
37413,119,101,18,18
37414,65,62,3,3
37415,54,49,5,5
37416,86,83,3,3
37417,116,105,11,11
37418,145,120,25,25
37419,102,95,7,7
37420,108,94,14,14
37421,63,56,7,7
37422,125,106,19,19
37423,90,80,10,10
37424,139,128,11,11
37425,94,82,12,12
37426,86,78,8,8
37427,44,51,-7,7
37428,89,85,4,4
37429,82,73,9,9
37430,114,92,22,22
37431,60,53,7,7
37432,103,90,13,13
37433,58,49,9,9
37434,108,104,4,4
37435,140,132,8,8
37436,160,142,18,18
37437,54,49,5,5
37438,106,89,17,17
37439,140,127,13,13
37440,101,90,11,11
37441,120,106,14,14
37442,118,104,14,14
37443,116,102,14,14
37444,108,97,11,11
37445,205,184,21,21
37446,192,163,29,29
37447,97,88,9,9
37448,59,53,6,6
37449,60,57,3,3
37450,51,45,6,6
37451,48,42,6,6
37452,118,102,16,16
37453,209,174,35,35
37454,64,59,5,5
37455,76,73,3,3
37456,130,111,19,19
37457,83,79,4,4
37458,69,69,0,0
37459,66,53,13,13
37460,81,80,1,1
37461,116,120,-4,4
37462,91,86,5,5
37463,178,159,19,19
37464,148,147,1,1
37465,160,144,16,16
37466,116,118,-2,2
37467,87,81,6,6
37468,93,86,7,7
37469,71,66,5,5
37470,121,105,16,16
37471,85,63,22,22
37472,75,71,4,4
37473,101,88,13,13
37474,72,65,7,7
37475,60,53,7,7
37476,102,85,17,17
37477,111,94,17,17
37478,81,80,1,1
37479,75,79,-4,4
37480,107,101,6,6
37481,75,70,5,5
37482,67,68,-1,1
37483,126,118,8,8
37484,106,98,8,8
37485,126,113,13,13
37486,104,97,7,7
37487,65,65,0,0
37488,92,83,9,9
37489,78,65,13,13
37490,127,108,19,19
37491,88,79,9,9
37492,35,48,-13,13
37493,87,78,9,9
37494,53,56,-3,3
37495,108,97,11,11
37496,89,79,10,10
37497,79,68,11,11
37498,79,75,4,4
37499,138,109,29,29
37500,92,76,16,16
37501,84,74,10,10
37502,65,58,7,7
37503,74,68,6,6
37504,147,128,19,19
37505,96,86,10,10
37506,124,109,15,15
37507,84,79,5,5
37508,118,104,14,14
37509,80,69,11,11
37510,89,86,3,3
37511,154,142,12,12
37512,96,99,-3,3
37513,73,73,0,0
37514,218,171,47,47
37515,108,96,12,12
37516,156,137,19,19
37517,56,56,0,0
37518,105,87,18,18
37519,103,114,-11,11
37520,98,92,6,6
37521,161,142,19,19
37522,150,120,30,30
37523,50,47,3,3
37524,99,86,13,13
37525,62,58,4,4
37526,102,90,12,12
37527,86,73,13,13
37528,81,69,12,12
37529,51,51,0,0
37530,100,83,17,17
37531,74,64,10,10
37532,65,52,13,13
37533,95,85,10,10
37534,99,88,11,11
37535,84,81,3,3
37536,114,91,23,23
37537,99,80,19,19
37538,58,47,11,11
37539,49,41,8,8
37540,119,98,21,21
37541,83,75,8,8
37542,96,91,5,5
37543,70,64,6,6
37544,108,95,13,13
37545,128,104,24,24
37546,75,64,11,11
37547,72,63,9,9
37548,88,68,20,20
37549,71,63,8,8
37550,103,86,17,17
37551,109,91,18,18
37552,77,72,5,5
37553,74,64,10,10
37554,105,89,16,16
37555,56,46,10,10
37556,95,81,14,14
37557,152,126,26,26
37558,62,55,7,7
37559,128,110,18,18
37560,108,87,21,21
37561,58,57,1,1
37562,144,115,29,29
37563,109,89,20,20
37564,66,56,10,10
37565,114,102,12,12
37566,150,121,29,29
37567,98,82,16,16
37568,151,128,23,23
37569,73,62,11,11
37570,84,72,12,12
37571,126,111,15,15
37572,50,50,0,0
37573,101,103,-2,2
37574,56,54,2,2
37575,95,85,10,10
37576,65,57,8,8
37577,141,111,30,30
37578,94,80,14,14
37579,67,64,3,3
37580,55,52,3,3
37581,65,58,7,7
37582,52,59,-7,7
37583,95,79,16,16
37584,158,136,22,22
37585,106,32,74,74
37586,101,88,13,13
37587,96,82,14,14
37588,132,122,10,10
37589,91,78,13,13
37590,80,71,9,9
37591,209,174,35,35
37592,71,72,-1,1
37593,94,91,3,3
37594,93,80,13,13
37595,103,95,8,8
37596,69,68,1,1
37597,190,171,19,19
37598,92,82,10,10
37599,105,87,18,18
37600,69,66,3,3
37601,54,59,-5,5
37602,59,52,7,7
37603,82,76,6,6
37604,84,76,8,8
37605,30,48,-18,18
37606,150,125,25,25
37607,65,56,9,9
37608,88,73,15,15
37609,80,69,11,11
37610,174,148,26,26
37611,134,138,-4,4
37612,82,70,12,12
37613,77,62,15,15
37614,65,63,2,2
37615,49,46,3,3
37616,95,87,8,8
37617,67,63,4,4
37618,69,57,12,12
37619,125,118,7,7
37620,124,118,6,6
37621,81,73,8,8
37622,93,85,8,8
37623,148,110,38,38
37624,158,129,29,29
37625,107,95,12,12
37626,138,114,24,24
37627,106,95,11,11
37628,102,97,5,5
37629,151,136,15,15
37630,103,96,7,7
37631,77,65,12,12
37632,139,121,18,18
37633,122,109,13,13
37634,86,69,17,17
37635,85,74,11,11
37636,76,63,13,13
37637,115,94,21,21
37638,137,111,26,26
37639,113,105,8,8
37640,155,124,31,31
37641,66,69,-3,3
37642,75,63,12,12
37643,120,108,12,12
37644,116,92,24,24
37645,152,134,18,18
37646,56,54,2,2
37647,205,166,39,39
37648,96,89,7,7
37649,101,82,19,19
37650,100,89,11,11
37651,94,79,15,15
37652,130,111,19,19
37653,61,69,-8,8
37654,123,105,18,18
37655,111,105,6,6
37656,136,127,9,9
37657,166,137,29,29
37658,85,83,2,2
37659,99,88,11,11
37660,58,54,4,4
37661,98,81,17,17
37662,88,68,20,20
37663,164,129,35,35
37664,67,60,7,7
37665,112,85,27,27
37666,105,90,15,15
37667,151,125,26,26
37668,80,64,16,16
37669,121,115,6,6
37670,179,134,45,45
37671,151,130,21,21
37672,116,105,11,11
37673,93,81,12,12
37674,96,83,13,13
37675,112,117,-5,5
37676,45,41,4,4
37677,100,85,15,15
37678,71,73,-2,2
37679,72,61,11,11
37680,124,105,19,19
37681,54,45,9,9
37682,135,115,20,20
37683,125,106,19,19
37684,125,91,34,34
37685,104,103,1,1
37686,76,66,10,10
37687,106,121,-15,15
37688,76,66,10,10
37689,87,79,8,8
37690,146,126,20,20
37691,91,74,17,17
37692,72,76,-4,4
37693,149,132,17,17
37694,82,72,10,10
37695,157,135,22,22
37696,138,113,25,25
37697,122,109,13,13
37698,105,94,11,11
37699,88,75,13,13
37700,157,154,3,3
37701,108,86,22,22
37702,94,79,15,15
37703,102,96,6,6
37704,51,57,-6,6
37705,84,78,6,6
37706,67,72,-5,5
37707,128,106,22,22
37708,130,116,14,14
37709,165,139,26,26
37710,100,102,-2,2
37711,121,118,3,3
37712,74,71,3,3
37713,58,51,7,7
37714,88,90,-2,2
37715,105,100,5,5
37716,116,102,14,14
37717,103,85,18,18
37718,101,92,9,9
37719,108,105,3,3
37720,75,78,-3,3
37721,106,98,8,8
37722,69,64,5,5
37723,87,80,7,7
37724,68,69,-1,1
37725,51,48,3,3
37726,61,56,5,5
37727,110,97,13,13
37728,104,90,14,14
37729,70,61,9,9
37730,47,47,0,0
37731,69,74,-5,5
37732,48,52,-4,4
37733,92,80,12,12
37734,116,103,13,13
37735,94,86,8,8
37736,79,71,8,8
37737,116,120,-4,4
37738,133,125,8,8
37739,70,67,3,3
37740,153,132,21,21
37741,41,77,-36,36
37742,73,67,6,6
37743,109,100,9,9
37744,145,115,30,30
37745,106,97,9,9
37746,89,73,16,16
37747,69,71,-2,2
37748,73,65,8,8
37749,61,58,3,3
37750,127,109,18,18
37751,104,95,9,9
37752,103,92,11,11
37753,107,89,18,18
37754,116,105,11,11
37755,66,66,0,0
37756,130,110,20,20
37757,102,84,18,18
37758,102,93,9,9
37759,72,71,1,1
37760,98,82,16,16
37761,55,50,5,5
37762,90,87,3,3
37763,116,101,15,15
37764,64,64,0,0
37765,113,94,19,19
37766,75,72,3,3
37767,75,82,-7,7
37768,119,106,13,13
37769,81,67,14,14
37770,74,64,10,10
37771,156,135,21,21
37772,93,83,10,10
37773,84,75,9,9
37774,118,127,-9,9
37775,70,62,8,8
37776,197,172,25,25
37777,57,52,5,5
37778,41,48,-7,7
37779,110,107,3,3
37780,94,81,13,13
37781,121,96,25,25
37782,77,71,6,6
37783,104,75,29,29
37784,98,83,15,15
37785,101,86,15,15
37786,65,66,-1,1
37787,140,117,23,23
37788,113,95,18,18
37789,103,80,23,23
37790,84,68,16,16
37791,75,62,13,13
37792,136,110,26,26
37793,123,109,14,14
37794,117,110,7,7
37795,107,90,17,17
37796,64,56,8,8
37797,61,59,2,2
37798,216,163,53,53
37799,94,88,6,6
37800,96,85,11,11
37801,83,92,-9,9
37802,42,43,-1,1
37803,93,92,1,1
37804,61,60,1,1
37805,101,73,28,28
37806,118,102,16,16
37807,100,95,5,5
37808,107,112,-5,5
37809,98,91,7,7
37810,64,54,10,10
37811,215,188,27,27
37812,127,109,18,18
37813,91,77,14,14
37814,113,115,-2,2
37815,82,74,8,8
37816,120,111,9,9
37817,72,64,8,8
37818,77,83,-6,6
37819,79,78,1,1
37820,67,64,3,3
37821,89,81,8,8
37822,54,52,2,2
37823,97,92,5,5
37824,82,70,12,12
37825,91,92,-1,1
37826,83,69,14,14
37827,54,59,-5,5
37828,116,106,10,10
37829,80,78,2,2
37830,75,66,9,9
37831,187,167,20,20
37832,78,79,-1,1
37833,95,88,7,7
37834,87,77,10,10
37835,74,68,6,6
37836,67,58,9,9
37837,66,54,12,12
37838,78,66,12,12
37839,107,92,15,15
37840,59,48,11,11
37841,92,87,5,5
37842,41,48,-7,7
37843,130,109,21,21
37844,100,95,5,5
37845,88,73,15,15
37846,67,55,12,12
37847,100,83,17,17
37848,99,96,3,3
37849,69,63,6,6
37850,115,108,7,7
37851,116,99,17,17
37852,49,43,6,6
37853,91,84,7,7
37854,67,70,-3,3
37855,105,93,12,12
37856,137,123,14,14
37857,72,74,-2,2
37858,61,56,5,5
37859,86,74,12,12
37860,91,87,4,4
37861,85,74,11,11
37862,83,66,17,17
37863,68,54,14,14
37864,103,85,18,18
37865,106,86,20,20
37866,139,105,34,34
37867,115,107,8,8
37868,48,45,3,3
37869,159,144,15,15
37870,61,53,8,8
37871,113,107,6,6
37872,101,90,11,11
37873,77,66,11,11
37874,134,121,13,13
37875,67,56,11,11
37876,106,92,14,14
37877,57,51,6,6
37878,95,90,5,5
37879,93,90,3,3
37880,95,74,21,21
37881,179,153,26,26
37882,153,152,1,1
37883,62,61,1,1
37884,69,61,8,8
37885,165,148,17,17
37886,180,170,10,10
37887,87,75,12,12
37888,110,100,10,10
37889,116,109,7,7
37890,159,148,11,11
37891,99,92,7,7
37892,114,101,13,13
37893,102,83,19,19
37894,154,137,17,17
37895,91,82,9,9
37896,124,99,25,25
37897,91,80,11,11
37898,41,40,1,1
37899,45,41,4,4
37900,71,78,-7,7
37901,76,69,7,7
37902,99,99,0,0
37903,111,93,18,18
37904,97,80,17,17
37905,124,102,22,22
37906,96,92,4,4
37907,79,66,13,13
37908,122,118,4,4
37909,115,90,25,25
37910,89,77,12,12
37911,73,64,9,9
37912,111,104,7,7
37913,89,85,4,4
37914,138,120,18,18
37915,100,99,1,1
37916,78,72,6,6
37917,83,78,5,5
37918,86,82,4,4
37919,135,127,8,8
37920,114,102,12,12
37921,56,53,3,3
37922,149,142,7,7
37923,81,72,9,9
37924,79,70,9,9
37925,103,94,9,9
37926,56,63,-7,7
37927,150,125,25,25
37928,78,70,8,8
37929,78,71,7,7
37930,41,41,0,0
37931,121,97,24,24
37932,123,109,14,14
37933,76,78,-2,2
37934,103,89,14,14
37935,35,51,-16,16
37936,124,108,16,16
37937,55,55,0,0
37938,88,77,11,11
37939,90,78,12,12
37940,120,86,34,34
37941,71,65,6,6
37942,79,73,6,6
37943,62,60,2,2
37944,86,77,9,9
37945,64,61,3,3
37946,131,127,4,4
37947,146,124,22,22
37948,86,71,15,15
37949,98,85,13,13
37950,183,143,40,40
37951,91,83,8,8
37952,77,66,11,11
37953,142,126,16,16
37954,79,69,10,10
37955,41,38,3,3
37956,105,97,8,8
37957,197,170,27,27
37958,115,103,12,12
37959,71,67,4,4
37960,140,129,11,11
37961,130,113,17,17
37962,83,74,9,9
37963,108,111,-3,3
37964,67,59,8,8
37965,70,73,-3,3
37966,93,85,8,8
37967,64,62,2,2
37968,98,105,-7,7
37969,115,104,11,11
37970,62,56,6,6
37971,88,80,8,8
37972,61,57,4,4
37973,198,160,38,38
37974,101,98,3,3
37975,66,59,7,7
37976,31,28,3,3
37977,94,81,13,13
37978,93,91,2,2
37979,117,141,-24,24
37980,99,90,9,9
37981,36,35,1,1
37982,76,70,6,6
37983,67,67,0,0
37984,78,77,1,1
37985,50,50,0,0
37986,55,44,11,11
37987,92,85,7,7
37988,94,77,17,17
37989,137,123,14,14
37990,102,90,12,12
37991,113,94,19,19
37992,89,72,17,17
37993,124,119,5,5
37994,82,73,9,9
37995,60,59,1,1
37996,125,100,25,25
37997,78,76,2,2
37998,143,121,22,22
37999,142,126,16,16
38000,106,87,19,19
38001,124,101,23,23
38002,52,50,2,2
38003,97,103,-6,6
38004,80,71,9,9
38005,107,105,2,2
38006,141,123,18,18
38007,57,51,6,6
38008,89,70,19,19
38009,104,100,4,4
38010,154,129,25,25
38011,76,79,-3,3
38012,95,72,23,23
38013,179,147,32,32
38014,64,69,-5,5
38015,119,99,20,20
38016,108,108,0,0
38017,114,99,15,15
38018,92,82,10,10
38019,109,96,13,13
38020,139,129,10,10
38021,130,116,14,14
38022,112,95,17,17
38023,123,102,21,21
38024,125,107,18,18
38025,66,54,12,12
38026,77,78,-1,1
38027,87,76,11,11
38028,97,93,4,4
38029,56,49,7,7
38030,146,124,22,22
38031,71,62,9,9
38032,176,150,26,26
38033,96,79,17,17
38034,105,92,13,13
38035,127,112,15,15
38036,82,76,6,6
38037,137,133,4,4
38038,120,103,17,17
38039,82,71,11,11
38040,73,61,12,12
38041,78,65,13,13
38042,83,74,9,9
38043,83,72,11,11
38044,74,71,3,3
38045,81,72,9,9
38046,178,145,33,33
38047,96,97,-1,1
38048,48,47,1,1
38049,74,73,1,1
38050,143,120,23,23
38051,94,78,16,16
38052,142,128,14,14
38053,144,133,11,11
38054,114,105,9,9
38055,91,86,5,5
38056,127,115,12,12
38057,65,67,-2,2
38058,152,130,22,22
38059,106,94,12,12
38060,140,120,20,20
38061,96,90,6,6
38062,72,95,-23,23
38063,71,47,24,24
38064,116,98,18,18
38065,156,132,24,24
38066,57,50,7,7
38067,24,23,1,1
38068,122,105,17,17
38069,118,99,19,19
38070,96,88,8,8
38071,86,74,12,12
38072,163,139,24,24
38073,60,58,2,2
38074,80,67,13,13
38075,78,67,11,11
38076,82,69,13,13
38077,113,95,18,18
38078,104,100,4,4
38079,154,155,-1,1
38080,34,41,-7,7
38081,111,104,7,7
38082,103,89,14,14
38083,88,76,12,12
38084,112,104,8,8
38085,115,98,17,17
38086,60,49,11,11
38087,150,128,22,22
38088,116,101,15,15
38089,80,70,10,10
38090,112,91,21,21
38091,116,104,12,12
38092,83,78,5,5
38093,161,133,28,28
38094,65,62,3,3
38095,74,69,5,5
38096,72,56,16,16
38097,185,144,41,41
38098,89,67,22,22
38099,90,79,11,11
38100,175,145,30,30
38101,96,80,16,16
38102,96,81,15,15
38103,111,101,10,10
38104,46,42,4,4
38105,105,105,0,0
38106,69,66,3,3
38107,117,101,16,16
38108,91,81,10,10
38109,70,69,1,1
38110,150,121,29,29
38111,122,111,11,11
38112,98,94,4,4
38113,100,81,19,19
38114,160,126,34,34
38115,139,119,20,20
38116,170,141,29,29
38117,79,75,4,4
38118,132,110,22,22
38119,121,108,13,13
38120,118,110,8,8
38121,102,81,21,21
38122,98,86,12,12
38123,115,110,5,5
38124,159,142,17,17
38125,92,83,9,9
38126,41,51,-10,10
38127,84,76,8,8
38128,132,130,2,2
38129,109,83,26,26
38130,78,78,0,0
38131,114,92,22,22
38132,121,101,20,20
38133,93,78,15,15
38134,115,104,11,11
38135,44,40,4,4
38136,74,62,12,12
38137,49,44,5,5
38138,165,142,23,23
38139,83,72,11,11
38140,158,132,26,26
38141,101,81,20,20
38142,118,102,16,16
38143,94,83,11,11
38144,117,120,-3,3
38145,109,96,13,13
38146,73,79,-6,6
38147,76,71,5,5
38148,138,122,16,16
38149,113,95,18,18
38150,96,86,10,10
38151,73,69,4,4
38152,112,94,18,18
38153,63,60,3,3
38154,104,87,17,17
38155,82,79,3,3
38156,54,52,2,2
38157,84,72,12,12
38158,133,124,9,9
38159,101,91,10,10
38160,108,104,4,4
38161,83,71,12,12
38162,78,74,4,4
38163,82,68,14,14
38164,76,68,8,8
38165,90,76,14,14
38166,105,95,10,10
38167,61,51,10,10
38168,102,104,-2,2
38169,104,109,-5,5
38170,72,65,7,7
38171,74,58,16,16
38172,92,87,5,5
38173,85,74,11,11
38174,99,87,12,12
38175,111,109,2,2
38176,67,66,1,1
38177,76,65,11,11
38178,113,90,23,23
38179,107,90,17,17
38180,117,101,16,16
38181,116,109,7,7
38182,97,87,10,10
38183,125,112,13,13
38184,112,105,7,7
38185,71,73,-2,2
38186,115,102,13,13
38187,59,73,-14,14
38188,97,85,12,12
38189,124,104,20,20
38190,45,43,2,2
38191,87,78,9,9
38192,103,112,-9,9
38193,64,57,7,7
38194,100,85,15,15
38195,97,77,20,20
38196,121,106,15,15
38197,111,107,4,4
38198,74,65,9,9
38199,118,129,-11,11
38200,91,78,13,13
38201,89,81,8,8
38202,105,78,27,27
38203,79,75,4,4
38204,68,64,4,4
38205,125,116,9,9
38206,87,75,12,12
38207,123,102,21,21
38208,93,83,10,10
38209,100,86,14,14
38210,64,53,11,11
38211,108,93,15,15
38212,68,51,17,17
38213,86,79,7,7
38214,107,88,19,19
38215,73,69,4,4
38216,128,122,6,6
38217,119,102,17,17
38218,54,43,11,11
38219,72,64,8,8
38220,73,71,2,2
38221,159,135,24,24
38222,83,75,8,8
38223,97,85,12,12
38224,131,116,15,15
38225,69,65,4,4
38226,86,67,19,19
38227,119,110,9,9
38228,100,82,18,18
38229,102,97,5,5
38230,67,58,9,9
38231,53,56,-3,3
38232,85,83,2,2
38233,168,142,26,26
38234,61,51,10,10
38235,77,67,10,10
38236,85,81,4,4
38237,69,61,8,8
38238,124,109,15,15
38239,89,73,16,16
38240,148,134,14,14
38241,143,118,25,25
38242,57,69,-12,12
38243,144,124,20,20
38244,66,62,4,4
38245,83,88,-5,5
38246,120,108,12,12
38247,131,117,14,14
38248,51,50,1,1
38249,77,55,22,22
38250,62,60,2,2
38251,125,117,8,8
38252,87,77,10,10
38253,89,79,10,10
38254,162,139,23,23
38255,109,101,8,8
38256,126,118,8,8
38257,87,84,3,3
38258,87,90,-3,3
38259,116,100,16,16
38260,51,50,1,1
38261,65,55,10,10
38262,95,79,16,16
38263,86,69,17,17
38264,98,90,8,8
38265,74,64,10,10
38266,87,86,1,1
38267,113,97,16,16
38268,70,77,-7,7
38269,119,97,22,22
38270,180,153,27,27
38271,94,76,18,18
38272,67,66,1,1
38273,85,77,8,8
38274,147,137,10,10
38275,79,61,18,18
38276,76,70,6,6
38277,60,47,13,13
38278,55,52,3,3
38279,95,88,7,7
38280,127,103,24,24
38281,100,89,11,11
38282,85,76,9,9
38283,127,111,16,16
38284,101,79,22,22
38285,70,62,8,8
38286,102,89,13,13
38287,73,65,8,8
38288,107,97,10,10
38289,129,120,9,9
38290,114,98,16,16
38291,45,47,-2,2
38292,52,46,6,6
38293,69,64,5,5
38294,71,64,7,7
38295,65,61,4,4
38296,211,162,49,49
38297,113,116,-3,3
38298,97,85,12,12
38299,60,60,0,0
38300,184,138,46,46
38301,106,92,14,14
38302,121,107,14,14
38303,112,107,5,5
38304,137,122,15,15
38305,104,93,11,11
38306,124,108,16,16
38307,72,58,14,14
38308,116,98,18,18
38309,76,66,10,10
38310,99,93,6,6
38311,75,68,7,7
38312,81,74,7,7
38313,69,62,7,7
38314,72,71,1,1
38315,87,66,21,21
38316,93,80,13,13
38317,136,117,19,19
38318,101,83,18,18
38319,89,77,12,12
38320,112,100,12,12
38321,65,62,3,3
38322,118,99,19,19
38323,92,76,16,16
38324,80,80,0,0
38325,98,85,13,13
38326,70,60,10,10
38327,127,107,20,20
38328,149,118,31,31
38329,70,60,10,10
38330,139,129,10,10
38331,82,71,11,11
38332,91,83,8,8
38333,39,50,-11,11
38334,82,85,-3,3
38335,105,92,13,13
38336,147,130,17,17
38337,104,99,5,5
38338,117,93,24,24
38339,91,94,-3,3
38340,90,86,4,4
38341,104,85,19,19
38342,47,49,-2,2
38343,56,53,3,3
38344,110,102,8,8
38345,43,48,-5,5
38346,120,102,18,18
38347,70,65,5,5
38348,75,70,5,5
38349,77,70,7,7
38350,72,63,9,9
38351,105,92,13,13
38352,218,177,41,41
38353,56,55,1,1
38354,100,95,5,5
38355,123,123,0,0
38356,130,110,20,20
38357,63,54,9,9
38358,89,81,8,8
38359,60,60,0,0
38360,65,71,-6,6
38361,118,104,14,14
38362,86,81,5,5
38363,166,153,13,13
38364,106,96,10,10
38365,58,57,1,1
38366,141,112,29,29
38367,96,86,10,10
38368,106,88,18,18
38369,110,102,8,8
38370,64,57,7,7
38371,83,72,11,11
38372,92,95,-3,3
38373,70,62,8,8
38374,122,112,10,10
38375,86,78,8,8
38376,105,84,21,21
38377,99,94,5,5
38378,57,47,10,10
38379,79,69,10,10
38380,59,50,9,9
38381,70,65,5,5
38382,104,89,15,15
38383,86,79,7,7
38384,112,108,4,4
38385,102,93,9,9
38386,63,61,2,2
38387,118,101,17,17
38388,63,53,10,10
38389,104,110,-6,6
38390,86,81,5,5
38391,167,140,27,27
38392,164,139,25,25
38393,85,76,9,9
38394,111,102,9,9
38395,121,100,21,21
38396,94,82,12,12
38397,77,78,-1,1
38398,35,34,1,1
38399,95,82,13,13
38400,133,123,10,10
38401,85,78,7,7
38402,67,54,13,13
38403,114,104,10,10
38404,157,132,25,25
38405,157,132,25,25
38406,94,93,1,1
38407,54,57,-3,3
38408,64,55,9,9
38409,109,94,15,15
38410,71,66,5,5
38411,73,69,4,4
38412,76,74,2,2
38413,130,105,25,25
38414,79,68,11,11
38415,142,136,6,6
38416,89,77,12,12
38417,105,98,7,7
38418,78,80,-2,2
38419,64,56,8,8
38420,63,62,1,1
38421,89,82,7,7
38422,171,155,16,16
38423,111,87,24,24
38424,86,70,16,16
38425,102,89,13,13
38426,61,53,8,8
38427,85,76,9,9
38428,134,109,25,25
38429,81,74,7,7
38430,142,127,15,15
38431,80,67,13,13
38432,83,73,10,10
38433,121,101,20,20
38434,67,49,18,18
38435,100,102,-2,2
38436,129,114,15,15
38437,102,98,4,4
38438,126,111,15,15
38439,98,87,11,11
38440,63,51,12,12
38441,72,68,4,4
38442,88,85,3,3
38443,64,61,3,3
38444,107,103,4,4
38445,89,72,17,17
38446,93,83,10,10
38447,146,126,20,20
38448,101,96,5,5
38449,87,76,11,11
38450,97,86,11,11
38451,78,57,21,21
38452,130,102,28,28
38453,85,65,20,20
38454,77,64,13,13
38455,44,43,1,1
38456,96,80,16,16
38457,89,70,19,19
38458,117,104,13,13
38459,41,38,3,3
38460,113,103,10,10
38461,103,77,26,26
38462,161,132,29,29
38463,196,171,25,25
38464,64,51,13,13
38465,82,67,15,15
38466,66,83,-17,17
38467,80,67,13,13
38468,54,54,0,0
38469,104,97,7,7
38470,55,47,8,8
38471,57,49,8,8
38472,49,50,-1,1
38473,70,64,6,6
38474,74,72,2,2
38475,33,31,2,2
38476,83,80,3,3
38477,89,78,11,11
38478,102,86,16,16
38479,156,146,10,10
38480,36,41,-5,5
38481,62,52,10,10
38482,102,85,17,17
38483,87,84,3,3
38484,50,44,6,6
38485,89,87,2,2
38486,100,86,14,14
38487,98,77,21,21
38488,56,52,4,4
38489,75,64,11,11
38490,98,75,23,23
38491,117,95,22,22
38492,235,185,50,50
38493,54,50,4,4
38494,68,56,12,12
38495,116,110,6,6
38496,32,31,1,1
38497,55,45,10,10
38498,82,73,9,9
38499,119,106,13,13
38500,183,166,17,17
38501,112,74,38,38
38502,57,57,0,0
38503,120,105,15,15
38504,77,74,3,3
38505,68,68,0,0
38506,126,108,18,18
38507,68,56,12,12
38508,103,85,18,18
38509,110,105,5,5
38510,122,96,26,26
38511,100,103,-3,3
38512,74,66,8,8
38513,185,143,42,42
38514,118,116,2,2
38515,41,43,-2,2
38516,91,83,8,8
38517,83,67,16,16
38518,79,75,4,4
38519,82,66,16,16
38520,84,79,5,5
38521,70,53,17,17
38522,97,93,4,4
38523,99,89,10,10
38524,108,94,14,14
38525,85,74,11,11
38526,132,114,18,18
38527,99,87,12,12
38528,62,50,12,12
38529,80,68,12,12
38530,96,79,17,17
38531,98,78,20,20
38532,109,99,10,10
38533,124,116,8,8
38534,101,100,1,1
38535,118,108,10,10
38536,57,51,6,6
38537,79,73,6,6
38538,86,79,7,7
38539,77,67,10,10
38540,132,110,22,22
38541,74,58,16,16
38542,108,94,14,14
38543,137,112,25,25
38544,102,91,11,11
38545,150,129,21,21
38546,51,46,5,5
38547,77,64,13,13
38548,59,49,10,10
38549,42,38,4,4
38550,141,125,16,16
38551,132,109,23,23
38552,67,57,10,10
38553,108,93,15,15
38554,144,136,8,8
38555,69,63,6,6
38556,85,73,12,12
38557,64,57,7,7
38558,65,60,5,5
38559,221,194,27,27
38560,70,62,8,8
38561,56,47,9,9
38562,62,57,5,5
38563,88,93,-5,5
38564,108,101,7,7
38565,178,147,31,31
38566,74,64,10,10
38567,85,86,-1,1
38568,61,62,-1,1
38569,111,75,36,36
38570,103,99,4,4
38571,110,98,12,12
38572,74,63,11,11
38573,172,151,21,21
38574,87,88,-1,1
38575,141,134,7,7
38576,86,71,15,15
38577,89,93,-4,4
38578,106,80,26,26
38579,103,89,14,14
38580,115,88,27,27
38581,61,50,11,11
38582,102,94,8,8
38583,64,59,5,5
38584,121,103,18,18
38585,61,60,1,1
38586,75,64,11,11
38587,43,36,7,7
38588,84,72,12,12
38589,118,101,17,17
38590,50,42,8,8
38591,81,62,19,19
38592,160,138,22,22
38593,121,100,21,21
38594,77,77,0,0
38595,124,108,16,16
38596,140,118,22,22
38597,56,55,1,1
38598,92,75,17,17
38599,99,86,13,13
38600,169,147,22,22
38601,102,100,2,2
38602,149,131,18,18
38603,161,152,9,9
38604,73,70,3,3
38605,81,75,6,6
38606,76,67,9,9
38607,131,110,21,21
38608,155,143,12,12
38609,87,78,9,9
38610,62,54,8,8
38611,87,68,19,19
38612,78,77,1,1
38613,74,68,6,6
38614,49,62,-13,13
38615,92,78,14,14
38616,133,117,16,16
38617,149,129,20,20
38618,120,109,11,11
38619,89,72,17,17
38620,102,87,15,15
38621,62,48,14,14
38622,57,43,14,14
38623,43,55,-12,12
38624,72,66,6,6
38625,58,53,5,5
38626,66,57,9,9
38627,73,70,3,3
38628,112,85,27,27
38629,158,130,28,28
38630,70,71,-1,1
38631,136,117,19,19
38632,85,71,14,14
38633,37,41,-4,4
38634,87,81,6,6
38635,130,123,7,7
38636,88,79,9,9
38637,57,55,2,2
38638,117,104,13,13
38639,105,87,18,18
38640,75,67,8,8
38641,153,140,13,13
38642,90,91,-1,1
38643,130,106,24,24
38644,86,78,8,8
38645,124,118,6,6
38646,83,75,8,8
38647,145,114,31,31
38648,77,71,6,6
38649,64,59,5,5
38650,129,115,14,14
38651,109,105,4,4
38652,94,78,16,16
38653,84,70,14,14
38654,64,57,7,7
38655,90,80,10,10
38656,171,146,25,25
38657,93,88,5,5
38658,121,112,9,9
38659,72,70,2,2
38660,72,74,-2,2
38661,85,75,10,10
38662,86,69,17,17
38663,93,88,5,5
38664,94,70,24,24
38665,118,109,9,9
38666,72,55,17,17
38667,64,59,5,5
38668,127,101,26,26
38669,64,57,7,7
38670,75,68,7,7
38671,57,56,1,1
38672,61,54,7,7
38673,74,77,-3,3
38674,53,56,-3,3
38675,80,74,6,6
38676,83,74,9,9
38677,124,106,18,18
38678,81,81,0,0
38679,84,83,1,1
38680,128,105,23,23
38681,93,83,10,10
38682,79,73,6,6
38683,81,88,-7,7
38684,81,73,8,8
38685,104,96,8,8
38686,82,72,10,10
38687,84,62,22,22
38688,71,66,5,5
38689,62,54,8,8
38690,66,64,2,2
38691,63,60,3,3
38692,77,68,9,9
38693,56,52,4,4
38694,155,134,21,21
38695,143,120,23,23
38696,75,66,9,9
38697,92,88,4,4
38698,108,92,16,16
38699,105,94,11,11
38700,63,53,10,10
38701,117,105,12,12
38702,123,98,25,25
38703,69,65,4,4
38704,119,118,1,1
38705,92,95,-3,3
38706,94,78,16,16
38707,80,73,7,7
38708,101,88,13,13
38709,150,129,21,21
38710,92,76,16,16
38711,97,83,14,14
38712,100,89,11,11
38713,74,77,-3,3
38714,157,140,17,17
38715,65,62,3,3
38716,97,82,15,15
38717,79,70,9,9
38718,86,74,12,12
38719,91,77,14,14
38720,51,46,5,5
38721,110,99,11,11
38722,106,96,10,10
38723,50,48,2,2
38724,76,64,12,12
38725,126,109,17,17
38726,73,65,8,8
38727,80,77,3,3
38728,90,74,16,16
38729,94,70,24,24
38730,99,87,12,12
38731,140,117,23,23
38732,92,79,13,13
38733,96,86,10,10
38734,107,92,15,15
38735,120,97,23,23
38736,141,123,18,18
38737,58,55,3,3
38738,99,87,12,12
38739,75,65,10,10
38740,118,95,23,23
38741,93,83,10,10
38742,104,81,23,23
38743,81,74,7,7
38744,107,93,14,14
38745,91,96,-5,5
38746,87,79,8,8
38747,53,53,0,0
38748,147,127,20,20
38749,108,92,16,16
38750,76,65,11,11
38751,59,53,6,6
38752,85,84,1,1
38753,82,75,7,7
38754,57,54,3,3
38755,37,42,-5,5
38756,129,117,12,12
38757,57,48,9,9
38758,67,60,7,7
38759,76,63,13,13
38760,85,74,11,11
38761,130,109,21,21
38762,106,94,12,12
38763,104,104,0,0
38764,88,83,5,5
38765,65,58,7,7
38766,75,68,7,7
38767,145,121,24,24
38768,149,129,20,20
38769,44,45,-1,1
38770,69,58,11,11
38771,93,88,5,5
38772,78,67,11,11
38773,63,61,2,2
38774,78,75,3,3
38775,85,72,13,13
38776,55,48,7,7
38777,73,79,-6,6
38778,107,96,11,11
38779,131,111,20,20
38780,87,77,10,10
38781,40,45,-5,5
38782,139,109,30,30
38783,85,79,6,6
38784,163,152,11,11
38785,64,63,1,1
38786,193,165,28,28
38787,86,86,0,0
38788,98,88,10,10
38789,51,53,-2,2
38790,128,110,18,18
38791,141,114,27,27
38792,84,73,11,11
38793,142,126,16,16
38794,59,57,2,2
38795,108,91,17,17
38796,39,39,0,0
38797,156,136,20,20
38798,107,103,4,4
38799,99,97,2,2
38800,166,143,23,23
38801,85,74,11,11
38802,84,76,8,8
38803,98,86,12,12
38804,76,64,12,12
38805,138,113,25,25
38806,93,79,14,14
38807,182,142,40,40
38808,149,117,32,32
38809,132,106,26,26
38810,127,107,20,20
38811,70,63,7,7
38812,57,50,7,7
38813,176,166,10,10
38814,68,62,6,6
38815,46,45,1,1
38816,66,56,10,10
38817,113,107,6,6
38818,135,122,13,13
38819,48,45,3,3
38820,135,117,18,18
38821,70,66,4,4
38822,91,85,6,6
38823,125,106,19,19
38824,109,86,23,23
38825,53,50,3,3
38826,91,80,11,11
38827,70,62,8,8
38828,65,64,1,1
38829,125,103,22,22
38830,72,65,7,7
38831,103,92,11,11
38832,103,70,33,33
38833,101,72,29,29
38834,117,112,5,5
38835,63,56,7,7
38836,164,147,17,17
38837,57,60,-3,3
38838,120,110,10,10
38839,133,115,18,18
38840,83,78,5,5
38841,64,60,4,4
38842,102,88,14,14
38843,70,62,8,8
38844,124,116,8,8
38845,106,85,21,21
38846,156,133,23,23
38847,67,62,5,5
38848,147,132,15,15
38849,113,104,9,9
38850,121,110,11,11
38851,97,85,12,12
38852,59,62,-3,3
38853,50,55,-5,5
38854,118,94,24,24
38855,56,50,6,6
38856,87,70,17,17
38857,89,87,2,2
38858,65,63,2,2
38859,62,58,4,4
38860,138,125,13,13
38861,149,134,15,15
38862,69,60,9,9
38863,76,76,0,0
38864,65,65,0,0
38865,70,61,9,9
38866,133,127,6,6
38867,77,70,7,7
38868,93,87,6,6
38869,105,118,-13,13
38870,67,63,4,4
38871,84,73,11,11
38872,83,84,-1,1
38873,46,38,8,8
38874,102,88,14,14
38875,80,65,15,15
38876,106,95,11,11
38877,91,86,5,5
38878,70,53,17,17
38879,213,176,37,37
38880,84,78,6,6
38881,124,94,30,30
38882,113,97,16,16
38883,89,83,6,6
38884,112,97,15,15
38885,78,66,12,12
38886,60,53,7,7
38887,119,98,21,21
38888,58,54,4,4
38889,109,89,20,20
38890,113,122,-9,9
38891,101,80,21,21
38892,61,50,11,11
38893,76,75,1,1
38894,84,71,13,13
38895,86,83,3,3
38896,108,90,18,18
38897,102,81,21,21
38898,151,132,19,19
38899,66,60,6,6
38900,71,60,11,11
38901,66,64,2,2
38902,131,119,12,12
38903,49,44,5,5
38904,99,92,7,7
38905,69,70,-1,1
38906,72,56,16,16
38907,179,144,35,35
38908,152,130,22,22
38909,70,62,8,8
38910,63,62,1,1
38911,104,97,7,7
38912,22,38,-16,16
38913,105,90,15,15
38914,174,154,20,20
38915,123,110,13,13
38916,34,35,-1,1
38917,76,70,6,6
38918,114,98,16,16
38919,84,90,-6,6
38920,114,87,27,27
38921,236,185,51,51
38922,86,82,4,4
38923,91,70,21,21
38924,109,98,11,11
38925,99,80,19,19
38926,79,64,15,15
38927,51,50,1,1
38928,201,169,32,32
38929,60,54,6,6
38930,89,83,6,6
38931,84,75,9,9
38932,40,42,-2,2
38933,68,60,8,8
38934,58,52,6,6
38935,73,65,8,8
38936,121,112,9,9
38937,55,45,10,10
38938,91,83,8,8
38939,57,54,3,3
38940,68,54,14,14
38941,93,71,22,22
38942,59,55,4,4
38943,76,65,11,11
38944,99,92,7,7
38945,85,95,-10,10
38946,113,92,21,21
38947,107,84,23,23
38948,184,154,30,30
38949,80,70,10,10
38950,99,89,10,10
38951,180,146,34,34
38952,94,94,0,0
38953,37,36,1,1
38954,59,62,-3,3
38955,65,57,8,8
38956,93,85,8,8
38957,88,84,4,4
38958,92,85,7,7
38959,128,106,22,22
38960,111,103,8,8
38961,128,150,-22,22
38962,48,45,3,3
38963,116,113,3,3
38964,54,46,8,8
38965,57,61,-4,4
38966,61,59,2,2
38967,79,71,8,8
38968,61,54,7,7
38969,122,108,14,14
38970,89,77,12,12
38971,121,102,19,19
38972,119,104,15,15
38973,108,107,1,1
38974,100,93,7,7
38975,58,53,5,5
38976,106,85,21,21
38977,88,84,4,4
38978,103,83,20,20
38979,31,34,-3,3
38980,34,47,-13,13
38981,87,78,9,9
38982,111,99,12,12
38983,101,91,10,10
38984,41,40,1,1
38985,60,57,3,3
38986,115,102,13,13
38987,136,123,13,13
38988,74,62,12,12
38989,84,68,16,16
38990,110,96,14,14
38991,73,70,3,3
38992,126,113,13,13
38993,77,66,11,11
38994,129,113,16,16
38995,123,117,6,6
38996,99,81,18,18
38997,88,57,31,31
38998,61,64,-3,3
38999,74,67,7,7
39000,107,91,16,16
39001,122,102,20,20
39002,60,57,3,3
39003,188,164,24,24
39004,84,68,16,16
39005,146,131,15,15
39006,154,138,16,16
39007,114,107,7,7
39008,117,99,18,18
39009,163,148,15,15
39010,74,66,8,8
39011,113,96,17,17
39012,68,64,4,4
39013,137,121,16,16
39014,86,80,6,6
39015,136,122,14,14
39016,77,62,15,15
39017,156,133,23,23
39018,146,124,22,22
39019,62,54,8,8
39020,66,67,-1,1
39021,121,109,12,12
39022,161,130,31,31
39023,102,100,2,2
39024,67,55,12,12
39025,129,114,15,15
39026,120,115,5,5
39027,174,155,19,19
39028,179,153,26,26
39029,92,77,15,15
39030,112,102,10,10
39031,110,90,20,20
39032,97,87,10,10
39033,68,58,10,10
39034,117,109,8,8
39035,155,126,29,29
39036,60,56,4,4
39037,167,135,32,32
39038,115,100,15,15
39039,134,122,12,12
39040,48,48,0,0
39041,89,72,17,17
39042,42,50,-8,8
39043,31,37,-6,6
39044,105,89,16,16
39045,138,115,23,23
39046,97,76,21,21
39047,83,74,9,9
39048,54,52,2,2
39049,65,57,8,8
39050,94,91,3,3
39051,86,78,8,8
39052,88,85,3,3
39053,63,54,9,9
39054,144,128,16,16
39055,62,57,5,5
39056,63,69,-6,6
39057,98,85,13,13
39058,60,51,9,9
39059,49,47,2,2
39060,96,79,17,17
39061,71,68,3,3
39062,120,101,19,19
39063,150,119,31,31
39064,80,69,11,11
39065,58,56,2,2
39066,64,63,1,1
39067,140,124,16,16
39068,124,113,11,11
39069,97,81,16,16
39070,161,125,36,36
39071,50,56,-6,6
39072,101,95,6,6
39073,44,48,-4,4
39074,99,92,7,7
39075,171,139,32,32
39076,43,44,-1,1
39077,93,94,-1,1
39078,139,124,15,15
39079,120,102,18,18
39080,98,94,4,4
39081,101,92,9,9
39082,80,67,13,13
39083,63,52,11,11
39084,149,134,15,15
39085,132,111,21,21
39086,71,66,5,5
39087,92,89,3,3
39088,61,66,-5,5
39089,110,98,12,12
39090,67,62,5,5
39091,38,59,-21,21
39092,89,96,-7,7
39093,86,79,7,7
39094,157,150,7,7
39095,63,64,-1,1
39096,56,54,2,2
39097,96,92,4,4
39098,58,57,1,1
39099,164,145,19,19
39100,107,95,12,12
39101,131,108,23,23
39102,119,103,16,16
39103,103,93,10,10
39104,58,54,4,4
39105,158,127,31,31
39106,148,117,31,31
39107,107,100,7,7
39108,108,86,22,22
39109,85,66,19,19
39110,76,73,3,3
39111,72,59,13,13
39112,133,114,19,19
39113,71,66,5,5
39114,90,70,20,20
39115,105,93,12,12
39116,107,97,10,10
39117,84,72,12,12
39118,67,65,2,2
39119,154,133,21,21
39120,63,67,-4,4
39121,182,146,36,36
39122,130,108,22,22
39123,126,116,10,10
39124,135,115,20,20
39125,86,76,10,10
39126,90,85,5,5
39127,69,60,9,9
39128,99,93,6,6
39129,81,78,3,3
39130,92,81,11,11
39131,83,71,12,12
39132,76,65,11,11
39133,79,62,17,17
39134,59,58,1,1
39135,100,89,11,11
39136,60,57,3,3
39137,76,71,5,5
39138,110,86,24,24
39139,112,98,14,14
39140,93,88,5,5
39141,101,92,9,9
39142,107,99,8,8
39143,180,153,27,27
39144,109,97,12,12
39145,85,68,17,17
39146,123,105,18,18
39147,90,84,6,6
39148,118,105,13,13
39149,108,90,18,18
39150,95,82,13,13
39151,119,99,20,20
39152,115,89,26,26
39153,145,122,23,23
39154,46,52,-6,6
39155,59,56,3,3
39156,127,121,6,6
39157,114,100,14,14
39158,101,90,11,11
39159,134,119,15,15
39160,99,88,11,11
39161,143,123,20,20
39162,136,116,20,20
39163,152,132,20,20
39164,103,92,11,11
39165,79,67,12,12
39166,83,71,12,12
39167,125,101,24,24
39168,74,82,-8,8
39169,44,43,1,1
39170,100,93,7,7
39171,111,101,10,10
39172,65,56,9,9
39173,102,91,11,11
39174,109,94,15,15
39175,80,63,17,17
39176,117,104,13,13
39177,121,104,17,17
39178,154,129,25,25
39179,55,54,1,1
39180,90,84,6,6
39181,137,104,33,33
39182,53,47,6,6
39183,137,123,14,14
39184,64,58,6,6
39185,133,108,25,25
39186,38,32,6,6
39187,105,79,26,26
39188,45,43,2,2
39189,133,108,25,25
39190,121,107,14,14
39191,138,116,22,22
39192,84,65,19,19
39193,79,71,8,8
39194,48,47,1,1
39195,51,54,-3,3
39196,90,82,8,8
39197,79,67,12,12
39198,73,65,8,8
39199,82,66,16,16
39200,90,84,6,6
39201,98,70,28,28
39202,56,55,1,1
39203,100,86,14,14
39204,55,57,-2,2
39205,116,114,2,2
39206,61,52,9,9
39207,77,65,12,12
39208,131,115,16,16
39209,115,101,14,14
39210,94,77,17,17
39211,80,68,12,12
39212,57,53,4,4
39213,112,96,16,16
39214,98,83,15,15
39215,136,127,9,9
39216,125,101,24,24
39217,90,88,2,2
39218,81,75,6,6
39219,123,107,16,16
39220,114,109,5,5
39221,35,49,-14,14
39222,55,49,6,6
39223,110,93,17,17
39224,52,48,4,4
39225,191,154,37,37
39226,48,51,-3,3
39227,70,56,14,14
39228,116,104,12,12
39229,114,105,9,9
39230,71,66,5,5
39231,130,103,27,27
39232,92,81,11,11
39233,111,103,8,8
39234,150,135,15,15
39235,112,117,-5,5
39236,85,76,9,9
39237,75,67,8,8
39238,64,59,5,5
39239,65,60,5,5
39240,164,142,22,22
39241,63,44,19,19
39242,105,94,11,11
39243,96,85,11,11
39244,102,80,22,22
39245,84,65,19,19
39246,72,72,0,0
39247,118,110,8,8
39248,110,96,14,14
39249,81,76,5,5
39250,109,101,8,8
39251,76,61,15,15
39252,64,53,11,11
39253,133,106,27,27
39254,143,115,28,28
39255,72,66,6,6
39256,74,72,2,2
39257,41,40,1,1
39258,65,60,5,5
39259,73,61,12,12
39260,63,63,0,0
39261,175,144,31,31
39262,85,88,-3,3
39263,82,72,10,10
39264,48,45,3,3
39265,97,82,15,15
39266,86,82,4,4
39267,66,61,5,5
39268,80,67,13,13
39269,84,79,5,5
39270,90,79,11,11
39271,76,75,1,1
39272,90,81,9,9
39273,128,119,9,9
39274,76,78,-2,2
39275,84,72,12,12
39276,116,105,11,11
39277,72,71,1,1
39278,88,74,14,14
39279,58,53,5,5
39280,80,70,10,10
39281,122,103,19,19
39282,84,82,2,2
39283,62,57,5,5
39284,78,65,13,13
39285,113,101,12,12
39286,152,131,21,21
39287,68,62,6,6
39288,72,60,12,12
39289,104,96,8,8
39290,100,89,11,11
39291,92,75,17,17
39292,95,76,19,19
39293,66,55,11,11
39294,78,74,4,4
39295,117,95,22,22
39296,109,81,28,28
39297,157,128,29,29
39298,100,78,22,22
39299,101,84,17,17
39300,68,55,13,13
39301,137,108,29,29
39302,144,134,10,10
39303,152,136,16,16
39304,121,100,21,21
39305,83,75,8,8
39306,86,85,1,1
39307,72,58,14,14
39308,82,85,-3,3
39309,115,97,18,18
39310,44,40,4,4
39311,130,123,7,7
39312,84,75,9,9
39313,104,88,16,16
39314,70,57,13,13
39315,152,118,34,34
39316,66,62,4,4
39317,137,103,34,34
39318,86,75,11,11
39319,130,105,25,25
39320,105,90,15,15
39321,79,71,8,8
39322,79,69,10,10
39323,68,59,9,9
39324,86,72,14,14
39325,90,88,2,2
39326,174,142,32,32
39327,41,38,3,3
39328,109,88,21,21
39329,98,80,18,18
39330,79,74,5,5
39331,107,101,6,6
39332,138,126,12,12
39333,49,38,11,11
39334,68,68,0,0
39335,465,270,195,195
39336,102,82,20,20
39337,108,99,9,9
39338,98,91,7,7
39339,70,57,13,13
39340,90,82,8,8
39341,103,91,12,12
39342,84,64,20,20
39343,128,122,6,6
39344,205,167,38,38
39345,149,124,25,25
39346,51,50,1,1
39347,64,60,4,4
39348,155,128,27,27
39349,61,60,1,1
39350,91,78,13,13
39351,69,67,2,2
39352,51,57,-6,6
39353,59,51,8,8
39354,110,89,21,21
39355,145,114,31,31
39356,86,88,-2,2
39357,192,168,24,24
39358,80,63,17,17
39359,62,55,7,7
39360,116,107,9,9
39361,94,93,1,1
39362,60,52,8,8
39363,128,131,-3,3
39364,129,111,18,18
39365,111,100,11,11
39366,137,121,16,16
39367,164,135,29,29
39368,119,104,15,15
39369,90,79,11,11
39370,114,108,6,6
39371,26,25,1,1
39372,107,96,11,11
39373,68,61,7,7
39374,118,107,11,11
39375,124,105,19,19
39376,170,145,25,25
39377,61,59,2,2
39378,136,123,13,13
39379,196,141,55,55
39380,87,70,17,17
39381,95,95,0,0
39382,108,98,10,10
39383,151,131,20,20
39384,67,64,3,3
39385,149,131,18,18
39386,113,97,16,16
39387,50,55,-5,5
39388,79,76,3,3
39389,103,91,12,12
39390,80,66,14,14
39391,172,153,19,19
39392,105,101,4,4
39393,82,74,8,8
39394,47,44,3,3
39395,54,46,8,8
39396,80,68,12,12
39397,64,54,10,10
39398,150,126,24,24
39399,134,116,18,18
39400,61,62,-1,1
39401,108,92,16,16
39402,116,106,10,10
39403,101,106,-5,5
39404,81,72,9,9
39405,90,85,5,5
39406,71,66,5,5
39407,119,105,14,14
39408,133,120,13,13
39409,125,122,3,3
39410,70,59,11,11
39411,182,153,29,29
39412,114,106,8,8
39413,136,133,3,3
39414,76,70,6,6
39415,114,93,21,21
39416,46,45,1,1
39417,97,100,-3,3
39418,70,67,3,3
39419,63,51,12,12
39420,100,82,18,18
39421,114,97,17,17
39422,52,48,4,4
39423,130,119,11,11
39424,108,88,20,20
39425,133,106,27,27
39426,26,32,-6,6
39427,75,69,6,6
39428,112,107,5,5
39429,73,60,13,13
39430,44,47,-3,3
39431,75,67,8,8
39432,93,81,12,12
39433,60,65,-5,5
39434,83,73,10,10
39435,140,117,23,23
39436,100,91,9,9
39437,107,89,18,18
39438,95,72,23,23
39439,111,88,23,23
39440,112,95,17,17
39441,67,65,2,2
39442,52,49,3,3
39443,113,91,22,22
39444,77,67,10,10
39445,135,121,14,14
39446,61,56,5,5
39447,58,61,-3,3
39448,60,53,7,7
39449,100,87,13,13
39450,49,52,-3,3
39451,71,61,10,10
39452,104,96,8,8
39453,49,49,0,0
39454,141,124,17,17
39455,113,101,12,12
39456,74,62,12,12
39457,135,122,13,13
39458,61,59,2,2
39459,115,101,14,14
39460,89,87,2,2
39461,76,67,9,9
39462,111,106,5,5
39463,61,62,-1,1
39464,54,46,8,8
39465,95,92,3,3
39466,125,112,13,13
39467,168,149,19,19
39468,71,62,9,9
39469,80,69,11,11
39470,224,203,21,21
39471,87,80,7,7
39472,65,61,4,4
39473,130,123,7,7
39474,111,103,8,8
39475,76,62,14,14
39476,111,98,13,13
39477,88,85,3,3
39478,97,84,13,13
39479,118,106,12,12
39480,93,72,21,21
39481,131,107,24,24
39482,82,73,9,9
39483,153,129,24,24
39484,76,69,7,7
39485,105,101,4,4
39486,38,35,3,3
39487,56,58,-2,2
39488,75,67,8,8
39489,40,34,6,6
39490,139,127,12,12
39491,78,81,-3,3
39492,72,65,7,7
39493,123,117,6,6
39494,71,61,10,10
39495,144,124,20,20
39496,51,52,-1,1
39497,63,54,9,9
39498,51,50,1,1
39499,98,85,13,13
39500,83,71,12,12
39501,75,78,-3,3
39502,108,96,12,12
39503,100,88,12,12
39504,61,51,10,10
39505,76,68,8,8
39506,156,195,-39,39
39507,69,60,9,9
39508,219,194,25,25
39509,112,101,11,11
39510,86,79,7,7
39511,53,46,7,7
39512,108,95,13,13
39513,82,71,11,11
39514,89,71,18,18
39515,125,107,18,18
39516,96,104,-8,8
39517,113,99,14,14
39518,61,61,0,0
39519,39,38,1,1
39520,65,69,-4,4
39521,101,90,11,11
39522,188,151,37,37
39523,73,66,7,7
39524,51,57,-6,6
39525,126,112,14,14
39526,95,108,-13,13
39527,85,93,-8,8
39528,112,99,13,13
39529,117,107,10,10
39530,109,85,24,24
39531,47,50,-3,3
39532,63,66,-3,3
39533,92,84,8,8
39534,78,71,7,7
39535,100,84,16,16
39536,137,112,25,25
39537,163,141,22,22
39538,74,71,3,3
39539,64,66,-2,2
39540,87,65,22,22
39541,87,80,7,7
39542,120,113,7,7
39543,129,110,19,19
39544,137,122,15,15
39545,65,59,6,6
39546,67,59,8,8
39547,83,72,11,11
39548,91,76,15,15
39549,88,73,15,15
39550,47,43,4,4
39551,119,105,14,14
39552,76,70,6,6
39553,96,83,13,13
39554,69,69,0,0
39555,91,82,9,9
39556,95,86,9,9
39557,89,89,0,0
39558,89,74,15,15
39559,106,96,10,10
39560,86,59,27,27
39561,119,97,22,22
39562,76,74,2,2
39563,95,77,18,18
39564,93,80,13,13
39565,93,71,22,22
39566,87,77,10,10
39567,142,131,11,11
39568,81,74,7,7
39569,54,44,10,10
39570,131,111,20,20
39571,53,51,2,2
39572,132,122,10,10
39573,83,76,7,7
39574,77,61,16,16
39575,86,83,3,3
39576,135,114,21,21
39577,114,98,16,16
39578,75,78,-3,3
39579,62,65,-3,3
39580,96,83,13,13
39581,88,73,15,15
39582,58,53,5,5
39583,55,53,2,2
39584,70,62,8,8
39585,162,133,29,29
39586,98,78,20,20
39587,73,61,12,12
39588,52,51,1,1
39589,86,76,10,10
39590,133,109,24,24
39591,102,92,10,10
39592,137,121,16,16
39593,58,50,8,8
39594,94,68,26,26
39595,158,132,26,26
39596,88,79,9,9
39597,81,78,3,3
39598,88,68,20,20
39599,170,159,11,11
39600,132,114,18,18
39601,160,142,18,18
39602,69,62,7,7
39603,78,68,10,10
39604,47,59,-12,12
39605,122,109,13,13
39606,46,41,5,5
39607,81,76,5,5
39608,173,157,16,16
39609,36,97,-61,61
39610,84,69,15,15
39611,118,96,22,22
39612,113,90,23,23
39613,162,141,21,21
39614,98,95,3,3
39615,96,83,13,13
39616,71,64,7,7
39617,68,60,8,8
39618,85,73,12,12
39619,34,56,-22,22
39620,69,69,0,0
39621,69,66,3,3
39622,128,109,19,19
39623,99,92,7,7
39624,121,110,11,11
39625,179,151,28,28
39626,92,86,6,6
39627,171,154,17,17
39628,94,84,10,10
39629,112,103,9,9
39630,79,66,13,13
39631,57,58,-1,1
39632,72,72,0,0
39633,161,124,37,37
39634,132,116,16,16
39635,126,105,21,21
39636,78,73,5,5
39637,72,63,9,9
39638,88,83,5,5
39639,93,80,13,13
39640,56,51,5,5
39641,179,150,29,29
39642,99,82,17,17
39643,143,117,26,26
39644,25,31,-6,6
39645,85,72,13,13
39646,50,45,5,5
39647,110,95,15,15
39648,133,113,20,20
39649,103,85,18,18
39650,149,132,17,17
39651,146,133,13,13
39652,65,62,3,3
39653,117,120,-3,3
39654,53,48,5,5
39655,155,127,28,28
39656,127,116,11,11
39657,87,79,8,8
39658,167,139,28,28
39659,74,61,13,13
39660,65,62,3,3
39661,50,47,3,3
39662,109,95,14,14
39663,65,60,5,5
39664,98,83,15,15
39665,128,112,16,16
39666,132,118,14,14
39667,174,157,17,17
39668,81,71,10,10
39669,69,66,3,3
39670,77,64,13,13
39671,69,60,9,9
39672,68,63,5,5
39673,132,123,9,9
39674,152,147,5,5
39675,87,78,9,9
39676,30,34,-4,4
39677,98,77,21,21
39678,99,82,17,17
39679,116,105,11,11
39680,100,89,11,11
39681,137,117,20,20
39682,63,58,5,5
39683,82,80,2,2
39684,99,101,-2,2
39685,58,53,5,5
39686,68,60,8,8
39687,121,103,18,18
39688,91,70,21,21
39689,61,72,-11,11
39690,46,44,2,2
39691,107,105,2,2
39692,80,68,12,12
39693,78,72,6,6
39694,83,69,14,14
39695,139,122,17,17
39696,113,107,6,6
39697,109,102,7,7
39698,168,146,22,22
39699,148,124,24,24
39700,90,74,16,16
39701,49,48,1,1
39702,91,90,1,1
39703,48,44,4,4
39704,99,92,7,7
39705,125,116,9,9
39706,77,86,-9,9
39707,89,79,10,10
39708,85,68,17,17
39709,85,73,12,12
39710,60,58,2,2
39711,100,87,13,13
39712,61,58,3,3
39713,87,78,9,9
39714,79,73,6,6
39715,48,42,6,6
39716,90,90,0,0
39717,85,73,12,12
39718,77,65,12,12
39719,56,54,2,2
39720,55,51,4,4
39721,148,131,17,17
39722,108,90,18,18
39723,69,57,12,12
39724,151,128,23,23
39725,98,77,21,21
39726,87,80,7,7
39727,76,67,9,9
39728,84,73,11,11
39729,39,39,0,0
39730,105,91,14,14
39731,68,83,-15,15
39732,58,62,-4,4
39733,81,69,12,12
39734,108,100,8,8
39735,98,90,8,8
39736,148,115,33,33
39737,71,66,5,5
39738,108,91,17,17
39739,68,66,2,2
39740,82,74,8,8
39741,159,127,32,32
39742,109,86,23,23
39743,113,96,17,17
39744,106,93,13,13
39745,124,102,22,22
39746,74,66,8,8
39747,23,18,5,5
39748,94,77,17,17
39749,69,62,7,7
39750,63,61,2,2
39751,49,50,-1,1
39752,83,70,13,13
39753,65,59,6,6
39754,122,84,38,38
39755,110,97,13,13
39756,145,129,16,16
39757,128,102,26,26
39758,61,52,9,9
39759,135,115,20,20
39760,62,47,15,15
39761,143,108,35,35
39762,59,55,4,4
39763,133,117,16,16
39764,84,83,1,1
39765,127,112,15,15
39766,75,64,11,11
39767,128,111,17,17
39768,85,81,4,4
39769,127,102,25,25
39770,66,67,-1,1
39771,45,39,6,6
39772,89,78,11,11
39773,82,68,14,14
39774,98,81,17,17
39775,51,53,-2,2
39776,112,102,10,10
39777,70,63,7,7
39778,75,52,23,23
39779,97,85,12,12
39780,59,65,-6,6
39781,51,42,9,9
39782,53,49,4,4
39783,56,61,-5,5
39784,67,56,11,11
39785,66,63,3,3
39786,89,76,13,13
39787,94,74,20,20
39788,77,75,2,2
39789,41,41,0,0
39790,85,73,12,12
39791,72,62,10,10
39792,108,98,10,10
39793,105,94,11,11
39794,67,61,6,6
39795,97,83,14,14
39796,76,67,9,9
39797,133,131,2,2
39798,93,83,10,10
39799,40,41,-1,1
39800,66,56,10,10
39801,43,42,1,1
39802,145,124,21,21
39803,135,104,31,31
39804,64,61,3,3
39805,76,82,-6,6
39806,55,51,4,4
39807,78,62,16,16
39808,103,89,14,14
39809,141,130,11,11
39810,152,134,18,18
39811,110,108,2,2
39812,122,102,20,20
39813,78,72,6,6
39814,82,73,9,9
39815,104,83,21,21
39816,112,96,16,16
39817,69,60,9,9
39818,48,46,2,2
39819,60,59,1,1
39820,54,46,8,8
39821,128,108,20,20
39822,61,51,10,10
39823,108,104,4,4
39824,86,77,9,9
39825,74,72,2,2
39826,168,141,27,27
39827,76,66,10,10
39828,80,70,10,10
39829,96,78,18,18
39830,74,65,9,9
39831,59,51,8,8
39832,143,127,16,16
39833,68,55,13,13
39834,76,70,6,6
39835,97,89,8,8
39836,66,61,5,5
39837,94,83,11,11
39838,159,135,24,24
39839,76,62,14,14
39840,121,111,10,10
39841,123,113,10,10
39842,80,71,9,9
39843,77,71,6,6
39844,52,52,0,0
39845,115,108,7,7
39846,180,141,39,39
39847,70,63,7,7
39848,79,77,2,2
39849,112,92,20,20
39850,89,82,7,7
39851,83,74,9,9
39852,108,103,5,5
39853,67,63,4,4
39854,86,74,12,12
39855,82,78,4,4
39856,156,140,16,16
39857,141,117,24,24
39858,154,130,24,24
39859,63,58,5,5
39860,52,48,4,4
39861,122,99,23,23
39862,69,69,0,0
39863,93,81,12,12
39864,106,101,5,5
39865,76,73,3,3
39866,97,78,19,19
39867,96,83,13,13
39868,116,104,12,12
39869,98,89,9,9
39870,89,76,13,13
39871,137,124,13,13
39872,88,66,22,22
39873,115,101,14,14
39874,135,119,16,16
39875,99,92,7,7
39876,68,66,2,2
39877,98,88,10,10
39878,119,101,18,18
39879,77,65,12,12
39880,74,72,2,2
39881,115,102,13,13
39882,67,61,6,6
39883,79,75,4,4
39884,107,101,6,6
39885,83,73,10,10
39886,74,72,2,2
39887,160,141,19,19
39888,56,53,3,3
39889,74,67,7,7
39890,95,87,8,8
39891,141,134,7,7
39892,98,86,12,12
39893,84,77,7,7
39894,118,102,16,16
39895,58,48,10,10
39896,54,55,-1,1
39897,74,67,7,7
39898,69,65,4,4
39899,123,97,26,26
39900,59,54,5,5
39901,50,51,-1,1
39902,56,48,8,8
39903,55,53,2,2
39904,145,120,25,25
39905,89,75,14,14
39906,74,58,16,16
39907,67,62,5,5
39908,100,93,7,7
39909,99,88,11,11
39910,64,62,2,2
39911,49,54,-5,5
39912,144,130,14,14
39913,65,59,6,6
39914,57,52,5,5
39915,74,68,6,6
39916,82,76,6,6
39917,80,66,14,14
39918,167,165,2,2
39919,55,43,12,12
39920,98,91,7,7
39921,69,63,6,6
39922,60,56,4,4
39923,149,129,20,20
39924,170,147,23,23
39925,56,53,3,3
39926,120,103,17,17
39927,114,102,12,12
39928,123,111,12,12
39929,67,66,1,1
39930,145,127,18,18
39931,72,63,9,9
39932,85,73,12,12
39933,117,104,13,13
39934,87,95,-8,8
39935,66,65,1,1
39936,116,111,5,5
39937,53,59,-6,6
39938,109,91,18,18
39939,26,29,-3,3
39940,51,48,3,3
39941,65,54,11,11
39942,89,72,17,17
39943,110,85,25,25
39944,70,64,6,6
39945,46,44,2,2
39946,119,104,15,15
39947,127,108,19,19
39948,95,82,13,13
39949,68,62,6,6
39950,73,63,10,10
39951,112,94,18,18
39952,152,142,10,10
39953,83,74,9,9
39954,115,101,14,14
39955,131,96,35,35
39956,49,42,7,7
39957,118,89,29,29
39958,94,76,18,18
39959,120,109,11,11
39960,64,72,-8,8
39961,145,125,20,20
39962,63,60,3,3
39963,62,56,6,6
39964,55,49,6,6
39965,113,109,4,4
39966,62,59,3,3
39967,80,67,13,13
39968,100,85,15,15
39969,72,69,3,3
39970,75,65,10,10
39971,104,91,13,13
39972,56,46,10,10
39973,116,113,3,3
39974,87,82,5,5
39975,109,95,14,14
39976,107,102,5,5
39977,63,61,2,2
39978,127,119,8,8
39979,124,98,26,26
39980,67,60,7,7
39981,229,169,60,60
39982,144,112,32,32
39983,110,100,10,10
39984,70,60,10,10
39985,102,88,14,14
39986,153,121,32,32
39987,82,74,8,8
39988,50,46,4,4
39989,54,54,0,0
39990,97,82,15,15
39991,75,72,3,3
39992,83,70,13,13
39993,88,77,11,11
39994,129,107,22,22
39995,91,71,20,20
39996,115,93,22,22
39997,96,86,10,10
39998,177,155,22,22
39999,109,100,9,9
40000,91,81,10,10
40001,102,87,15,15
40002,75,62,13,13
40003,67,63,4,4
40004,85,76,9,9
40005,133,112,21,21
40006,122,107,15,15
40007,99,86,13,13
40008,72,67,5,5
40009,80,74,6,6
40010,61,56,5,5
40011,118,98,20,20
40012,112,100,12,12
40013,69,68,1,1
40014,156,134,22,22
40015,140,121,19,19
40016,55,48,7,7
40017,85,81,4,4
40018,104,87,17,17
40019,113,95,18,18
40020,61,62,-1,1
40021,110,105,5,5
40022,142,114,28,28
40023,93,80,13,13
40024,49,48,1,1
40025,139,126,13,13
40026,42,41,1,1
40027,80,63,17,17
40028,138,119,19,19
40029,148,129,19,19
40030,28,40,-12,12
40031,54,54,0,0
40032,85,69,16,16
40033,84,73,11,11
40034,161,131,30,30
40035,80,70,10,10
40036,108,110,-2,2
40037,91,84,7,7
40038,92,76,16,16
40039,92,91,1,1
40040,91,79,12,12
40041,146,120,26,26
40042,59,62,-3,3
40043,109,89,20,20
40044,67,62,5,5
40045,89,82,7,7
40046,156,128,28,28
40047,106,89,17,17
40048,71,65,6,6
40049,161,138,23,23
40050,97,84,13,13
40051,95,82,13,13
40052,128,116,12,12
40053,79,83,-4,4
40054,127,123,4,4
40055,88,83,5,5
40056,63,58,5,5
40057,47,42,5,5
40058,67,68,-1,1
40059,44,38,6,6
40060,70,59,11,11
40061,59,47,12,12
40062,115,102,13,13
40063,123,116,7,7
40064,49,43,6,6
40065,81,71,10,10
40066,55,52,3,3
40067,105,87,18,18
40068,120,107,13,13
40069,95,88,7,7
40070,73,69,4,4
40071,76,68,8,8
40072,95,82,13,13
40073,35,35,0,0
40074,85,72,13,13
40075,65,70,-5,5
40076,125,114,11,11
40077,62,55,7,7
40078,95,86,9,9
40079,139,120,19,19
40080,77,72,5,5
40081,65,58,7,7
40082,53,51,2,2
40083,83,66,17,17
40084,62,47,15,15
40085,74,65,9,9
40086,32,34,-2,2
40087,67,60,7,7
40088,134,110,24,24
40089,78,75,3,3
40090,88,74,14,14
40091,81,76,5,5
40092,60,59,1,1
40093,117,94,23,23
40094,61,59,2,2
40095,147,129,18,18
40096,217,174,43,43
40097,84,73,11,11
40098,67,59,8,8
40099,158,156,2,2
40100,51,53,-2,2
40101,91,82,9,9
40102,72,60,12,12
40103,121,111,10,10
40104,76,65,11,11
40105,117,98,19,19
40106,63,58,5,5
40107,82,79,3,3
40108,87,86,1,1
40109,77,67,10,10
40110,67,63,4,4
40111,129,93,36,36
40112,56,52,4,4
40113,60,60,0,0
40114,130,105,25,25
40115,106,103,3,3
40116,73,61,12,12
40117,89,79,10,10
40118,85,85,0,0
40119,71,60,11,11
40120,206,185,21,21
40121,142,132,10,10
40122,106,97,9,9
40123,98,86,12,12
40124,60,65,-5,5
40125,113,104,9,9
40126,57,55,2,2
40127,73,57,16,16
40128,186,142,44,44
40129,87,85,2,2
40130,122,105,17,17
40131,80,76,4,4
40132,130,107,23,23
40133,106,91,15,15
40134,175,173,2,2
40135,135,106,29,29
40136,115,100,15,15
40137,80,71,9,9
40138,125,101,24,24
40139,85,84,1,1
40140,85,72,13,13
40141,143,122,21,21
40142,92,79,13,13
40143,74,55,19,19
40144,66,68,-2,2
40145,68,60,8,8
40146,103,83,20,20
40147,82,73,9,9
40148,57,54,3,3
40149,102,100,2,2
40150,117,104,13,13
40151,79,74,5,5
40152,179,140,39,39
40153,111,108,3,3
40154,59,56,3,3
40155,90,78,12,12
40156,82,97,-15,15
40157,120,104,16,16
40158,89,80,9,9
40159,76,66,10,10
40160,74,61,13,13
40161,54,50,4,4
40162,51,52,-1,1
40163,71,67,4,4
40164,116,91,25,25
40165,84,69,15,15
40166,107,91,16,16
40167,83,72,11,11
40168,170,141,29,29
40169,118,107,11,11
40170,115,98,17,17
40171,78,78,0,0
40172,155,131,24,24
40173,143,131,12,12
40174,80,79,1,1
40175,64,66,-2,2
40176,97,79,18,18
40177,92,82,10,10
40178,63,62,1,1
40179,196,154,42,42
40180,70,71,-1,1
40181,95,84,11,11
40182,73,68,5,5
40183,64,65,-1,1
40184,86,88,-2,2
40185,93,88,5,5
40186,81,69,12,12
40187,132,95,37,37
40188,89,64,25,25
40189,80,64,16,16
40190,61,55,6,6
40191,148,135,13,13
40192,104,90,14,14
40193,105,96,9,9
40194,94,78,16,16
40195,72,67,5,5
40196,71,65,6,6
40197,115,101,14,14
40198,100,87,13,13
40199,64,58,6,6
40200,88,79,9,9
40201,175,160,15,15
40202,153,142,11,11
40203,58,50,8,8
40204,143,131,12,12
40205,49,44,5,5
40206,62,54,8,8
40207,72,63,9,9
40208,112,101,11,11
40209,90,75,15,15
40210,88,76,12,12
40211,92,77,15,15
40212,25,33,-8,8
40213,97,86,11,11
40214,133,108,25,25
40215,86,78,8,8
40216,81,70,11,11
40217,164,136,28,28
40218,64,54,10,10
40219,79,69,10,10
40220,108,96,12,12
40221,62,63,-1,1
40222,84,75,9,9
40223,187,164,23,23
40224,70,72,-2,2
40225,119,98,21,21
40226,86,86,0,0
40227,118,101,17,17
40228,79,74,5,5
40229,77,68,9,9
40230,85,82,3,3
40231,107,85,22,22
40232,76,70,6,6
40233,54,43,11,11
40234,66,62,4,4
40235,64,66,-2,2
40236,56,49,7,7
40237,147,140,7,7
40238,92,72,20,20
40239,119,101,18,18
40240,61,65,-4,4
40241,112,95,17,17
40242,116,108,8,8
40243,68,69,-1,1
40244,153,133,20,20
40245,114,112,2,2
40246,115,101,14,14
40247,91,81,10,10
40248,68,63,5,5
40249,111,96,15,15
40250,79,62,17,17
40251,57,58,-1,1
40252,114,102,12,12
40253,66,64,2,2
40254,96,72,24,24
40255,83,85,-2,2
40256,93,73,20,20
40257,83,67,16,16
40258,80,67,13,13
40259,82,74,8,8
40260,114,101,13,13
40261,49,54,-5,5
40262,67,66,1,1
40263,79,69,10,10
40264,77,67,10,10
40265,64,60,4,4
40266,177,150,27,27
40267,71,67,4,4
40268,99,81,18,18
40269,90,78,12,12
40270,107,94,13,13
40271,103,84,19,19
40272,144,124,20,20
40273,81,69,12,12
40274,69,63,6,6
40275,63,73,-10,10
40276,105,96,9,9
40277,100,81,19,19
40278,118,109,9,9
40279,89,71,18,18
40280,90,79,11,11
40281,88,83,5,5
40282,69,58,11,11
40283,59,49,10,10
40284,84,73,11,11
40285,143,129,14,14
40286,112,110,2,2
40287,143,137,6,6
40288,78,75,3,3
40289,38,38,0,0
40290,107,85,22,22
40291,57,55,2,2
40292,62,90,-28,28
40293,79,74,5,5
40294,72,69,3,3
40295,85,72,13,13
40296,83,76,7,7
40297,69,62,7,7
40298,62,52,10,10
40299,80,74,6,6
40300,55,60,-5,5
40301,77,63,14,14
40302,77,83,-6,6
40303,81,78,3,3
40304,88,75,13,13
40305,75,76,-1,1
40306,103,95,8,8
40307,63,55,8,8
40308,115,90,25,25
40309,149,136,13,13
40310,48,45,3,3
40311,67,55,12,12
40312,167,132,35,35
40313,116,102,14,14
40314,40,45,-5,5
40315,93,85,8,8
40316,98,82,16,16
40317,105,85,20,20
40318,150,123,27,27
40319,174,133,41,41
40320,156,126,30,30
40321,61,88,-27,27
40322,124,117,7,7
40323,61,55,6,6
40324,58,54,4,4
40325,147,134,13,13
40326,80,80,0,0
40327,115,92,23,23
40328,139,124,15,15
40329,73,65,8,8
40330,208,179,29,29
40331,92,88,4,4
40332,63,50,13,13
40333,126,105,21,21
40334,31,31,0,0
40335,55,60,-5,5
40336,154,134,20,20
40337,110,97,13,13
40338,62,56,6,6
40339,124,109,15,15
40340,81,67,14,14
40341,78,65,13,13
40342,122,122,0,0
40343,110,108,2,2
40344,100,78,22,22
40345,112,100,12,12
40346,58,50,8,8
40347,92,79,13,13
40348,143,125,18,18
40349,76,67,9,9
40350,62,62,0,0
40351,72,68,4,4
40352,96,87,9,9
40353,98,87,11,11
40354,209,164,45,45
40355,81,71,10,10
40356,65,63,2,2
40357,111,90,21,21
40358,158,142,16,16
40359,106,99,7,7
40360,124,102,22,22
40361,90,74,16,16
40362,95,85,10,10
40363,86,81,5,5
40364,89,75,14,14
40365,59,63,-4,4
40366,132,108,24,24
40367,91,66,25,25
40368,90,76,14,14
40369,85,75,10,10
40370,77,80,-3,3
40371,68,56,12,12
40372,77,77,0,0
40373,125,118,7,7
40374,53,46,7,7
40375,100,96,4,4
40376,128,117,11,11
40377,78,64,14,14
40378,73,78,-5,5
40379,79,71,8,8
40380,89,83,6,6
40381,101,91,10,10
40382,93,97,-4,4
40383,93,85,8,8
40384,62,57,5,5
40385,113,100,13,13
40386,117,101,16,16
40387,133,112,21,21
40388,107,103,4,4
40389,64,78,-14,14
40390,48,48,0,0
40391,103,91,12,12
40392,91,87,4,4
40393,121,115,6,6
40394,109,98,11,11
40395,92,81,11,11
40396,118,96,22,22
40397,82,77,5,5
40398,76,61,15,15
40399,98,80,18,18
40400,118,95,23,23
40401,124,117,7,7
40402,120,92,28,28
40403,85,81,4,4
40404,112,98,14,14
40405,88,79,9,9
40406,65,54,11,11
40407,48,42,6,6
40408,66,67,-1,1
40409,106,74,32,32
40410,174,128,46,46
40411,161,138,23,23
40412,42,65,-23,23
40413,65,64,1,1
40414,47,51,-4,4
40415,100,98,2,2
40416,91,80,11,11
40417,59,54,5,5
40418,77,77,0,0
40419,83,70,13,13
40420,91,77,14,14
40421,91,78,13,13
40422,163,143,20,20
40423,89,75,14,14
40424,144,134,10,10
40425,107,103,4,4
40426,75,62,13,13
40427,210,190,20,20
40428,168,145,23,23
40429,116,100,16,16
40430,67,70,-3,3
40431,66,61,5,5
40432,23,31,-8,8
40433,99,85,14,14
40434,66,61,5,5
40435,56,51,5,5
40436,92,78,14,14
40437,132,111,21,21
40438,67,63,4,4
40439,42,34,8,8
40440,123,112,11,11
40441,44,42,2,2
40442,117,103,14,14
40443,109,95,14,14
40444,106,93,13,13
40445,92,82,10,10
40446,88,72,16,16
40447,74,69,5,5
40448,114,115,-1,1
40449,146,115,31,31
40450,105,91,14,14
40451,91,85,6,6
40452,124,108,16,16
40453,178,151,27,27
40454,98,86,12,12
40455,145,137,8,8
40456,76,69,7,7
40457,100,89,11,11
40458,128,99,29,29
40459,152,131,21,21
40460,40,40,0,0
40461,65,64,1,1
40462,107,99,8,8
40463,90,77,13,13
40464,100,95,5,5
40465,71,77,-6,6
40466,55,54,1,1
40467,80,74,6,6
40468,131,97,34,34
40469,28,34,-6,6
40470,93,85,8,8
40471,149,142,7,7
40472,88,78,10,10
40473,50,51,-1,1
40474,82,82,0,0
40475,125,105,20,20
40476,131,103,28,28
40477,93,92,1,1
40478,83,72,11,11
40479,149,138,11,11
40480,74,71,3,3
40481,124,112,12,12
40482,174,138,36,36
40483,83,100,-17,17
40484,119,109,10,10
40485,85,71,14,14
40486,70,57,13,13
40487,197,172,25,25
40488,131,113,18,18
40489,130,106,24,24
40490,73,71,2,2
40491,97,83,14,14
40492,85,86,-1,1
40493,198,153,45,45
40494,100,84,16,16
40495,81,76,5,5
40496,71,67,4,4
40497,97,87,10,10
40498,77,79,-2,2
40499,88,79,9,9
40500,90,73,17,17
40501,74,66,8,8
40502,70,66,4,4
40503,63,54,9,9
40504,149,125,24,24
40505,97,77,20,20
40506,65,63,2,2
40507,81,71,10,10
40508,100,90,10,10
40509,79,81,-2,2
40510,106,95,11,11
40511,79,75,4,4
40512,137,122,15,15
40513,82,79,3,3
40514,68,53,15,15
40515,100,82,18,18
40516,40,42,-2,2
40517,57,50,7,7
40518,73,68,5,5
40519,85,79,6,6
40520,135,114,21,21
40521,126,112,14,14
40522,158,139,19,19
40523,110,96,14,14
40524,125,118,7,7
40525,115,98,17,17
40526,112,104,8,8
40527,71,68,3,3
40528,121,124,-3,3
40529,97,95,2,2
40530,104,92,12,12
40531,97,86,11,11
40532,54,52,2,2
40533,76,70,6,6
40534,132,99,33,33
40535,98,93,5,5
40536,107,93,14,14
40537,119,101,18,18
40538,125,106,19,19
40539,96,89,7,7
40540,49,48,1,1
40541,89,68,21,21
40542,101,84,17,17
40543,86,85,1,1
40544,43,41,2,2
40545,40,35,5,5
40546,109,97,12,12
40547,49,51,-2,2
40548,99,90,9,9
40549,120,92,28,28
40550,70,73,-3,3
40551,177,145,32,32
40552,59,63,-4,4
40553,90,82,8,8
40554,99,87,12,12
40555,99,90,9,9
40556,113,89,24,24
40557,87,76,11,11
40558,120,105,15,15
40559,122,99,23,23
40560,156,140,16,16
40561,90,73,17,17
40562,109,96,13,13
40563,59,62,-3,3
40564,110,100,10,10
40565,64,59,5,5
40566,76,67,9,9
40567,93,78,15,15
40568,81,77,4,4
40569,155,132,23,23
40570,77,82,-5,5
40571,52,49,3,3
40572,48,48,0,0
40573,94,89,5,5
40574,72,69,3,3
40575,78,84,-6,6
40576,108,93,15,15
40577,74,74,0,0
40578,67,59,8,8
40579,88,74,14,14
40580,127,114,13,13
40581,88,91,-3,3
40582,53,60,-7,7
40583,101,92,9,9
40584,105,90,15,15
40585,120,107,13,13
40586,63,64,-1,1
40587,50,48,2,2
40588,67,61,6,6
40589,121,109,12,12
40590,76,68,8,8
40591,95,68,27,27
40592,97,88,9,9
40593,63,63,0,0
40594,135,118,17,17
40595,61,51,10,10
40596,79,70,9,9
40597,133,115,18,18
40598,97,92,5,5
40599,78,60,18,18
40600,96,82,14,14
40601,47,42,5,5
40602,139,111,28,28
40603,99,84,15,15
40604,113,91,22,22
40605,94,80,14,14
40606,100,95,5,5
40607,71,72,-1,1
40608,102,97,5,5
40609,113,98,15,15
40610,85,76,9,9
40611,75,57,18,18
40612,62,51,11,11
40613,111,80,31,31
40614,80,68,12,12
40615,117,104,13,13
40616,107,94,13,13
40617,75,70,5,5
40618,82,76,6,6
40619,73,67,6,6
40620,110,96,14,14
40621,115,99,16,16
40622,151,129,22,22
40623,60,58,2,2
40624,51,50,1,1
40625,76,63,13,13
40626,115,95,20,20
40627,79,71,8,8
40628,85,76,9,9
40629,84,77,7,7
40630,136,110,26,26
40631,76,70,6,6
40632,30,38,-8,8
40633,141,122,19,19
40634,83,70,13,13
40635,81,78,3,3
40636,79,76,3,3
40637,113,100,13,13
40638,88,71,17,17
40639,145,150,-5,5
40640,156,135,21,21
40641,80,80,0,0
40642,103,88,15,15
40643,116,100,16,16
40644,76,64,12,12
40645,123,110,13,13
40646,93,82,11,11
40647,103,98,5,5
40648,67,59,8,8
40649,102,98,4,4
40650,92,72,20,20
40651,86,76,10,10
40652,56,54,2,2
40653,80,75,5,5
40654,137,123,14,14
40655,48,52,-4,4
40656,87,68,19,19
40657,112,108,4,4
40658,74,62,12,12
40659,87,78,9,9
40660,101,97,4,4
40661,58,57,1,1
40662,116,99,17,17
40663,97,82,15,15
40664,65,57,8,8
40665,98,79,19,19
40666,98,80,18,18
40667,156,133,23,23
40668,88,78,10,10
40669,85,82,3,3
40670,64,54,10,10
40671,72,67,5,5
40672,107,103,4,4
40673,87,90,-3,3
40674,115,101,14,14
40675,102,80,22,22
40676,120,99,21,21
40677,87,84,3,3
40678,81,74,7,7
40679,53,50,3,3
40680,71,77,-6,6
40681,78,70,8,8
40682,104,85,19,19
40683,113,108,5,5
40684,51,42,9,9
40685,65,65,0,0
40686,109,116,-7,7
40687,78,74,4,4
40688,105,83,22,22
40689,93,88,5,5
40690,103,90,13,13
40691,113,91,22,22
40692,77,78,-1,1
40693,135,116,19,19
40694,82,62,20,20
40695,84,73,11,11
40696,56,58,-2,2
40697,54,48,6,6
40698,146,119,27,27
40699,149,127,22,22
40700,91,74,17,17
40701,61,53,8,8
40702,117,114,3,3
40703,46,42,4,4
40704,159,138,21,21
40705,94,75,19,19
40706,153,123,30,30
40707,108,94,14,14
40708,85,70,15,15
40709,69,66,3,3
40710,295,150,145,145
40711,74,67,7,7
40712,103,93,10,10
40713,80,69,11,11
40714,68,63,5,5
40715,120,113,7,7
40716,86,77,9,9
40717,118,103,15,15
40718,74,69,5,5
40719,99,76,23,23
40720,76,65,11,11
40721,134,110,24,24
40722,97,101,-4,4
40723,66,65,1,1
40724,92,91,1,1
40725,50,47,3,3
40726,83,79,4,4
40727,98,89,9,9
40728,72,62,10,10
40729,71,67,4,4
40730,71,70,1,1
40731,78,74,4,4
40732,81,75,6,6
40733,126,113,13,13
40734,71,62,9,9
40735,70,63,7,7
40736,141,123,18,18
40737,75,63,12,12
40738,85,70,15,15
40739,89,82,7,7
40740,82,76,6,6
40741,174,142,32,32
40742,77,67,10,10
40743,113,109,4,4
40744,165,147,18,18
40745,55,48,7,7
40746,94,74,20,20
40747,81,77,4,4
40748,103,89,14,14
40749,87,74,13,13
40750,68,75,-7,7
40751,205,187,18,18
40752,85,78,7,7
40753,66,58,8,8
40754,68,59,9,9
40755,87,78,9,9
40756,101,83,18,18
40757,115,100,15,15
40758,69,58,11,11
40759,144,122,22,22
40760,97,87,10,10
40761,107,98,9,9
40762,88,90,-2,2
40763,138,119,19,19
40764,90,71,19,19
40765,129,125,4,4
40766,66,60,6,6
40767,75,67,8,8
40768,118,101,17,17
40769,99,85,14,14
40770,77,64,13,13
40771,89,76,13,13
40772,95,86,9,9
40773,56,50,6,6
40774,115,101,14,14
40775,59,55,4,4
40776,117,105,12,12
40777,110,101,9,9
40778,120,90,30,30
40779,98,75,23,23
40780,121,109,12,12
40781,100,76,24,24
40782,85,73,12,12
40783,106,94,12,12
40784,165,138,27,27
40785,65,65,0,0
40786,58,52,6,6
40787,165,143,22,22
40788,56,54,2,2
40789,62,61,1,1
40790,85,69,16,16
40791,93,89,4,4
40792,57,57,0,0
40793,97,87,10,10
40794,96,88,8,8
40795,45,44,1,1
40796,114,100,14,14
40797,77,64,13,13
40798,77,76,1,1
40799,89,74,15,15
40800,70,60,10,10
40801,84,80,4,4
40802,89,92,-3,3
40803,104,96,8,8
40804,88,77,11,11
40805,68,62,6,6
40806,67,63,4,4
40807,51,45,6,6
40808,144,135,9,9
40809,135,119,16,16
40810,89,81,8,8
40811,122,106,16,16
40812,110,94,16,16
40813,81,74,7,7
40814,147,137,10,10
40815,60,55,5,5
40816,137,131,6,6
40817,110,98,12,12
40818,125,109,16,16
40819,89,84,5,5
40820,129,129,0,0
40821,70,56,14,14
40822,149,136,13,13
40823,72,74,-2,2
40824,96,89,7,7
40825,76,70,6,6
40826,154,135,19,19
40827,220,176,44,44
40828,106,96,10,10
40829,95,90,5,5
40830,158,144,14,14
40831,140,125,15,15
40832,86,77,9,9
40833,96,75,21,21
40834,100,85,15,15
40835,70,75,-5,5
40836,64,58,6,6
40837,147,127,20,20
40838,75,68,7,7
40839,80,69,11,11
40840,161,131,30,30
40841,83,91,-8,8
40842,89,71,18,18
40843,169,143,26,26
40844,85,78,7,7
40845,151,138,13,13
40846,85,70,15,15
40847,61,61,0,0
40848,62,57,5,5
40849,118,100,18,18
40850,97,84,13,13
40851,118,100,18,18
40852,104,81,23,23
40853,44,40,4,4
40854,101,87,14,14
40855,69,64,5,5
40856,52,48,4,4
40857,115,104,11,11
40858,56,50,6,6
40859,110,107,3,3
40860,96,107,-11,11
40861,88,77,11,11
40862,94,85,9,9
40863,60,53,7,7
40864,108,96,12,12
40865,114,93,21,21
40866,87,79,8,8
40867,102,93,9,9
40868,75,62,13,13
40869,56,48,8,8
40870,123,114,9,9
40871,29,41,-12,12
40872,70,72,-2,2
40873,87,74,13,13
40874,48,55,-7,7
40875,108,92,16,16
40876,164,146,18,18
40877,125,100,25,25
40878,66,59,7,7
40879,190,162,28,28
40880,91,79,12,12
40881,116,87,29,29
40882,96,85,11,11
40883,86,74,12,12
40884,157,148,9,9
40885,149,124,25,25
40886,54,51,3,3
40887,81,72,9,9
40888,97,91,6,6
40889,128,110,18,18
40890,96,89,7,7
40891,121,111,10,10
40892,131,113,18,18
40893,133,109,24,24
40894,130,113,17,17
40895,97,82,15,15
40896,68,67,1,1
40897,118,96,22,22
40898,91,79,12,12
40899,90,91,-1,1
40900,65,59,6,6
40901,143,115,28,28
40902,80,61,19,19
40903,96,71,25,25
40904,104,87,17,17
40905,112,102,10,10
40906,86,77,9,9
40907,91,83,8,8
40908,205,159,46,46
40909,73,76,-3,3
40910,101,84,17,17
40911,73,67,6,6
40912,90,76,14,14
40913,191,172,19,19
40914,90,81,9,9
40915,149,132,17,17
40916,73,75,-2,2
40917,152,137,15,15
40918,115,98,17,17
40919,88,83,5,5
40920,86,74,12,12
40921,103,90,13,13
40922,37,37,0,0
40923,83,67,16,16
40924,76,61,15,15
40925,56,49,7,7
40926,130,110,20,20
40927,67,57,10,10
40928,78,66,12,12
40929,105,91,14,14
40930,101,88,13,13
40931,88,75,13,13
40932,83,76,7,7
40933,108,97,11,11
40934,67,59,8,8
40935,107,93,14,14
40936,43,32,11,11
40937,71,70,1,1
40938,99,78,21,21
40939,120,114,6,6
40940,132,106,26,26
40941,30,31,-1,1
40942,88,78,10,10
40943,82,87,-5,5
40944,59,60,-1,1
40945,68,61,7,7
40946,120,95,25,25
40947,60,54,6,6
40948,103,89,14,14
40949,110,95,15,15
40950,114,98,16,16
40951,90,78,12,12
40952,192,161,31,31
40953,100,90,10,10
40954,119,107,12,12
40955,91,74,17,17
40956,98,86,12,12
40957,51,46,5,5
40958,94,80,14,14
40959,98,92,6,6
40960,71,61,10,10
40961,106,108,-2,2
40962,78,73,5,5
40963,66,63,3,3
40964,79,74,5,5
40965,85,78,7,7
40966,147,133,14,14
40967,68,61,7,7
40968,66,59,7,7
40969,81,70,11,11
40970,133,117,16,16
40971,120,103,17,17
40972,71,67,4,4
40973,169,152,17,17
40974,159,136,23,23
40975,57,59,-2,2
40976,73,68,5,5
40977,44,39,5,5
40978,85,80,5,5
40979,49,55,-6,6
40980,54,47,7,7
40981,89,75,14,14
40982,62,62,0,0
40983,88,74,14,14
40984,93,89,4,4
40985,66,59,7,7
40986,69,63,6,6
40987,138,136,2,2
40988,88,80,8,8
40989,102,93,9,9
40990,45,41,4,4
40991,48,45,3,3
40992,106,101,5,5
40993,158,128,30,30
40994,125,107,18,18
40995,64,72,-8,8
40996,153,138,15,15
40997,66,59,7,7
40998,87,80,7,7
40999,90,78,12,12
41000,105,94,11,11
41001,51,44,7,7
41002,148,121,27,27
41003,123,118,5,5
41004,59,52,7,7
41005,88,69,19,19
41006,91,83,8,8
41007,77,71,6,6
41008,98,86,12,12
41009,84,78,6,6
41010,97,81,16,16
41011,129,104,25,25
41012,158,141,17,17
41013,99,91,8,8
41014,153,139,14,14
41015,140,110,30,30
41016,97,80,17,17
41017,116,105,11,11
41018,108,90,18,18
41019,117,105,12,12
41020,112,96,16,16
41021,70,64,6,6
41022,117,111,6,6
41023,186,158,28,28
41024,88,79,9,9
41025,40,40,0,0
41026,69,65,4,4
41027,138,109,29,29
41028,68,65,3,3
41029,194,153,41,41
41030,141,122,19,19
41031,66,69,-3,3
41032,87,85,2,2
41033,112,100,12,12
41034,120,95,25,25
41035,117,97,20,20
41036,116,104,12,12
41037,113,110,3,3
41038,109,111,-2,2
41039,116,100,16,16
41040,107,91,16,16
41041,156,127,29,29
41042,54,51,3,3
41043,96,83,13,13
41044,116,99,17,17
41045,105,89,16,16
41046,53,45,8,8
41047,146,126,20,20
41048,111,109,2,2
41049,55,47,8,8
41050,130,111,19,19
41051,89,75,14,14
41052,99,99,0,0
41053,101,82,19,19
41054,107,98,9,9
41055,56,52,4,4
41056,72,65,7,7
41057,141,124,17,17
41058,49,49,0,0
41059,50,40,10,10
41060,106,85,21,21
41061,71,63,8,8
41062,82,87,-5,5
41063,112,93,19,19
41064,114,104,10,10
41065,91,82,9,9
41066,79,71,8,8
41067,87,80,7,7
41068,72,62,10,10
41069,140,127,13,13
41070,79,78,1,1
41071,103,84,19,19
41072,105,94,11,11
41073,80,71,9,9
41074,63,58,5,5
41075,89,76,13,13
41076,58,57,1,1
41077,71,58,13,13
41078,91,84,7,7
41079,64,53,11,11
41080,134,117,17,17
41081,144,127,17,17
41082,46,60,-14,14
41083,79,80,-1,1
41084,137,110,27,27
41085,71,63,8,8
41086,88,75,13,13
41087,99,80,19,19
41088,77,71,6,6
41089,71,66,5,5
41090,66,60,6,6
41091,57,56,1,1
41092,107,95,12,12
41093,157,140,17,17
41094,59,60,-1,1
41095,107,105,2,2
41096,150,125,25,25
41097,97,90,7,7
41098,56,52,4,4
41099,122,106,16,16
41100,118,97,21,21
41101,98,73,25,25
41102,87,84,3,3
41103,84,64,20,20
41104,67,58,9,9
41105,97,89,8,8
41106,110,99,11,11
41107,75,69,6,6
41108,49,49,0,0
41109,121,117,4,4
41110,124,108,16,16
41111,86,76,10,10
41112,91,82,9,9
41113,74,62,12,12
41114,87,70,17,17
41115,61,59,2,2
41116,76,74,2,2
41117,169,155,14,14
41118,79,70,9,9
41119,85,84,1,1
41120,129,108,21,21
41121,68,62,6,6
41122,88,98,-10,10
41123,136,110,26,26
41124,81,74,7,7
41125,143,138,5,5
41126,66,58,8,8
41127,90,87,3,3
41128,69,62,7,7
41129,129,115,14,14
41130,77,76,1,1
41131,128,117,11,11
41132,110,101,9,9
41133,125,113,12,12
41134,82,70,12,12
41135,147,123,24,24
41136,77,70,7,7
41137,81,64,17,17
41138,91,79,12,12
41139,106,84,22,22
41140,65,64,1,1
41141,59,51,8,8
41142,107,101,6,6
41143,75,76,-1,1
41144,86,88,-2,2
41145,92,79,13,13
41146,87,78,9,9
41147,115,114,1,1
41148,70,66,4,4
41149,78,61,17,17
41150,77,67,10,10
41151,142,136,6,6
41152,161,142,19,19
41153,145,119,26,26
41154,102,90,12,12
41155,68,62,6,6
41156,81,76,5,5
41157,92,76,16,16
41158,91,83,8,8
41159,87,76,11,11
41160,168,147,21,21
41161,58,52,6,6
41162,119,93,26,26
41163,55,46,9,9
41164,69,64,5,5
41165,69,64,5,5
41166,99,91,8,8
41167,72,65,7,7
41168,82,77,5,5
41169,134,115,19,19
41170,88,72,16,16
41171,61,59,2,2
41172,77,71,6,6
41173,106,94,12,12
41174,89,80,9,9
41175,90,78,12,12
41176,102,97,5,5
41177,77,67,10,10
41178,63,57,6,6
41179,76,69,7,7
41180,67,56,11,11
41181,64,66,-2,2
41182,66,63,3,3
41183,126,111,15,15
41184,91,90,1,1
41185,148,114,34,34
41186,111,94,17,17
41187,58,58,0,0
41188,93,78,15,15
41189,80,65,15,15
41190,173,148,25,25
41191,80,69,11,11
41192,117,99,18,18
41193,69,53,16,16
41194,115,104,11,11
41195,122,100,22,22
41196,76,69,7,7
41197,89,65,24,24
41198,92,99,-7,7
41199,101,87,14,14
41200,156,131,25,25
41201,88,78,10,10
41202,61,56,5,5
41203,80,67,13,13
41204,128,111,17,17
41205,101,83,18,18
41206,114,99,15,15
41207,142,110,32,32
41208,53,47,6,6
41209,138,119,19,19
41210,49,46,3,3
41211,146,118,28,28
41212,91,76,15,15
41213,136,129,7,7
41214,60,62,-2,2
41215,147,125,22,22
41216,86,76,10,10
41217,71,62,9,9
41218,127,137,-10,10
41219,62,60,2,2
41220,109,92,17,17
41221,69,64,5,5
41222,186,165,21,21
41223,44,44,0,0
41224,39,35,4,4
41225,89,81,8,8
41226,113,104,9,9
41227,65,58,7,7
41228,63,62,1,1
41229,61,60,1,1
41230,132,110,22,22
41231,70,67,3,3
41232,179,155,24,24
41233,103,98,5,5
41234,118,97,21,21
41235,71,64,7,7
41236,156,127,29,29
41237,95,82,13,13
41238,108,101,7,7
41239,92,82,10,10
41240,125,104,21,21
41241,103,82,21,21
41242,87,68,19,19
41243,57,60,-3,3
41244,95,85,10,10
41245,207,188,19,19
41246,72,68,4,4
41247,158,137,21,21
41248,78,71,7,7
41249,59,55,4,4
41250,77,61,16,16
41251,78,66,12,12
41252,120,98,22,22
41253,137,119,18,18
41254,71,58,13,13
41255,117,100,17,17
41256,97,86,11,11
41257,108,96,12,12
41258,64,62,2,2
41259,125,103,22,22
41260,57,47,10,10
41261,47,47,0,0
41262,110,88,22,22
41263,173,163,10,10
41264,70,58,12,12
41265,112,97,15,15
41266,69,63,6,6
41267,95,81,14,14
41268,50,45,5,5
41269,60,54,6,6
41270,108,99,9,9
41271,88,78,10,10
41272,141,146,-5,5
41273,65,61,4,4
41274,111,111,0,0
41275,110,88,22,22
41276,156,118,38,38
41277,70,79,-9,9
41278,77,72,5,5
41279,111,94,17,17
41280,77,68,9,9
41281,132,133,-1,1
41282,94,76,18,18
41283,87,83,4,4
41284,71,69,2,2
41285,69,68,1,1
41286,57,53,4,4
41287,63,61,2,2
41288,170,151,19,19
41289,99,85,14,14
41290,91,80,11,11
41291,75,70,5,5
41292,155,135,20,20
41293,169,143,26,26
41294,121,100,21,21
41295,56,53,3,3
41296,73,67,6,6
41297,142,72,70,70
41298,76,75,1,1
41299,117,107,10,10
41300,113,107,6,6
41301,63,50,13,13
41302,146,119,27,27
41303,71,59,12,12
41304,68,60,8,8
41305,96,87,9,9
41306,64,62,2,2
41307,79,62,17,17
41308,77,69,8,8
41309,54,52,2,2
41310,81,75,6,6
41311,106,98,8,8
41312,130,106,24,24
41313,63,52,11,11
41314,74,68,6,6
41315,87,80,7,7
41316,97,84,13,13
41317,136,131,5,5
41318,78,67,11,11
41319,114,94,20,20
41320,172,174,-2,2
41321,69,77,-8,8
41322,55,57,-2,2
41323,68,60,8,8
41324,84,72,12,12
41325,64,56,8,8
41326,44,44,0,0
41327,98,83,15,15
41328,118,112,6,6
41329,115,96,19,19
41330,151,131,20,20
41331,66,59,7,7
41332,150,119,31,31
41333,94,80,14,14
41334,83,80,3,3
41335,138,115,23,23
41336,96,87,9,9
41337,117,102,15,15
41338,32,30,2,2
41339,167,145,22,22
41340,162,127,35,35
41341,120,114,6,6
41342,84,75,9,9
41343,64,56,8,8
41344,147,128,19,19
41345,74,69,5,5
41346,42,50,-8,8
41347,65,68,-3,3
41348,87,77,10,10
41349,101,98,3,3
41350,64,57,7,7
41351,54,57,-3,3
41352,99,92,7,7
41353,60,58,2,2
41354,62,56,6,6
41355,134,110,24,24
41356,79,73,6,6
41357,74,66,8,8
41358,103,101,2,2
41359,160,147,13,13
41360,103,89,14,14
41361,96,86,10,10
41362,66,54,12,12
41363,72,60,12,12
41364,69,65,4,4
41365,115,99,16,16
41366,74,61,13,13
41367,47,47,0,0
41368,116,92,24,24
41369,75,75,0,0
41370,74,77,-3,3
41371,138,117,21,21
41372,83,77,6,6
41373,78,72,6,6
41374,144,121,23,23
41375,94,80,14,14
41376,91,79,12,12
41377,97,91,6,6
41378,79,70,9,9
41379,87,79,8,8
41380,50,50,0,0
41381,61,54,7,7
41382,66,69,-3,3
41383,83,73,10,10
41384,69,58,11,11
41385,117,93,24,24
41386,123,105,18,18
41387,152,114,38,38
41388,53,48,5,5
41389,41,60,-19,19
41390,120,98,22,22
41391,50,50,0,0
41392,103,93,10,10
41393,59,66,-7,7
41394,146,115,31,31
41395,74,58,16,16
41396,119,98,21,21
41397,100,90,10,10
41398,109,89,20,20
41399,140,116,24,24
41400,104,91,13,13
41401,118,112,6,6
41402,129,105,24,24
41403,62,57,5,5
41404,80,72,8,8
41405,67,62,5,5
41406,45,44,1,1
41407,111,102,9,9
41408,110,100,10,10
41409,68,64,4,4
41410,84,87,-3,3
41411,132,105,27,27
41412,67,61,6,6
41413,66,63,3,3
41414,53,61,-8,8
41415,88,81,7,7
41416,115,106,9,9
41417,142,132,10,10
41418,134,123,11,11
41419,108,97,11,11
41420,63,60,3,3
41421,68,56,12,12
41422,96,77,19,19
41423,73,70,3,3
41424,88,82,6,6
41425,107,87,20,20
41426,114,117,-3,3
41427,132,118,14,14
41428,64,63,1,1
41429,73,62,11,11
41430,109,89,20,20
41431,65,60,5,5
41432,138,100,38,38
41433,103,84,19,19
41434,132,111,21,21
41435,67,61,6,6
41436,70,64,6,6
41437,114,113,1,1
41438,54,53,1,1
41439,87,72,15,15
41440,57,54,3,3
41441,163,150,13,13
41442,83,77,6,6
41443,48,46,2,2
41444,62,64,-2,2
41445,110,91,19,19
41446,64,55,9,9
41447,154,133,21,21
41448,119,103,16,16
41449,81,77,4,4
41450,76,68,8,8
41451,125,94,31,31
41452,82,71,11,11
41453,140,122,18,18
41454,58,49,9,9
41455,90,74,16,16
41456,94,78,16,16
41457,70,65,5,5
41458,126,108,18,18
41459,42,42,0,0
41460,96,79,17,17
41461,144,115,29,29
41462,84,68,16,16
41463,91,75,16,16
41464,89,75,14,14
41465,68,64,4,4
41466,74,66,8,8
41467,73,64,9,9
41468,95,78,17,17
41469,141,114,27,27
41470,144,119,25,25
41471,115,106,9,9
41472,126,100,26,26
41473,81,68,13,13
41474,70,60,10,10
41475,101,93,8,8
41476,36,32,4,4
41477,103,90,13,13
41478,50,49,1,1
41479,108,87,21,21
41480,168,157,11,11
41481,89,87,2,2
41482,128,109,19,19
41483,87,68,19,19
41484,72,53,19,19
41485,166,145,21,21
41486,75,65,10,10
41487,116,106,10,10
41488,66,61,5,5
41489,89,85,4,4
41490,72,71,1,1
41491,103,104,-1,1
41492,82,76,6,6
41493,108,98,10,10
41494,115,91,24,24
41495,154,153,1,1
41496,96,88,8,8
41497,70,63,7,7
41498,105,90,15,15
41499,103,95,8,8
41500,80,73,7,7
41501,167,125,42,42
41502,131,120,11,11
41503,87,78,9,9
41504,83,74,9,9
41505,221,184,37,37
41506,67,61,6,6
41507,114,100,14,14
41508,88,69,19,19
41509,80,67,13,13
41510,183,158,25,25
41511,67,65,2,2
41512,172,146,26,26
41513,56,47,9,9
41514,60,50,10,10
41515,60,53,7,7
41516,77,72,5,5
41517,85,69,16,16
41518,64,59,5,5
41519,88,83,5,5
41520,143,113,30,30
41521,148,134,14,14
41522,73,66,7,7
41523,97,90,7,7
41524,85,84,1,1
41525,62,51,11,11
41526,82,71,11,11
41527,63,51,12,12
41528,55,48,7,7
41529,133,112,21,21
41530,96,89,7,7
41531,98,87,11,11
41532,67,60,7,7
41533,104,101,3,3
41534,118,153,-35,35
41535,83,84,-1,1
41536,110,101,9,9
41537,138,119,19,19
41538,79,66,13,13
41539,75,61,14,14
41540,67,62,5,5
41541,59,54,5,5
41542,63,51,12,12
41543,125,107,18,18
41544,156,143,13,13
41545,88,71,17,17
41546,106,93,13,13
41547,88,77,11,11
41548,126,114,12,12
41549,71,70,1,1
41550,109,97,12,12
41551,61,87,-26,26
41552,100,94,6,6
41553,157,118,39,39
41554,168,148,20,20
41555,110,97,13,13
41556,92,87,5,5
41557,118,117,1,1
41558,159,146,13,13
41559,67,61,6,6
41560,78,80,-2,2
41561,93,83,10,10
41562,76,66,10,10
41563,156,132,24,24
41564,63,64,-1,1
41565,87,77,10,10
41566,79,68,11,11
41567,56,52,4,4
41568,65,58,7,7
41569,99,90,9,9
41570,90,67,23,23
41571,108,103,5,5
41572,59,52,7,7
41573,48,64,-16,16
41574,73,64,9,9
41575,111,89,22,22
41576,69,62,7,7
41577,149,115,34,34
41578,87,70,17,17
41579,87,72,15,15
41580,85,73,12,12
41581,112,89,23,23
41582,78,79,-1,1
41583,74,72,2,2
41584,85,78,7,7
41585,77,74,3,3
41586,113,93,20,20
41587,106,94,12,12
41588,61,64,-3,3
41589,82,81,1,1
41590,115,105,10,10
41591,51,50,1,1
41592,109,84,25,25
41593,61,55,6,6
41594,60,58,2,2
41595,129,110,19,19
41596,152,118,34,34
41597,90,78,12,12
41598,204,173,31,31
41599,95,77,18,18
41600,81,76,5,5
41601,75,67,8,8
41602,95,79,16,16
41603,108,98,10,10
41604,140,116,24,24
41605,47,40,7,7
41606,92,71,21,21
41607,127,117,10,10
41608,64,65,-1,1
41609,86,68,18,18
41610,83,69,14,14
41611,86,83,3,3
41612,110,97,13,13
41613,128,120,8,8
41614,152,132,20,20
41615,106,98,8,8
41616,71,67,4,4
41617,70,69,1,1
41618,71,63,8,8
41619,80,77,3,3
41620,10,13,-3,3
41621,95,77,18,18
41622,88,75,13,13
41623,55,40,15,15
41624,96,72,24,24
41625,114,90,24,24
41626,113,97,16,16
41627,115,95,20,20
41628,50,48,2,2
41629,130,115,15,15
41630,130,112,18,18
41631,85,75,10,10
41632,72,65,7,7
41633,177,150,27,27
41634,90,88,2,2
41635,131,126,5,5
41636,68,64,4,4
41637,46,47,-1,1
41638,96,89,7,7
41639,161,133,28,28
41640,60,53,7,7
41641,73,69,4,4
41642,50,48,2,2
41643,60,47,13,13
41644,122,106,16,16
41645,136,117,19,19
41646,90,74,16,16
41647,131,112,19,19
41648,95,81,14,14
41649,66,62,4,4
41650,105,102,3,3
41651,82,72,10,10
41652,107,93,14,14
41653,61,53,8,8
41654,136,111,25,25
41655,128,123,5,5
41656,66,65,1,1
41657,125,112,13,13
41658,69,60,9,9
41659,68,70,-2,2
41660,84,75,9,9
41661,47,48,-1,1
41662,77,69,8,8
41663,113,94,19,19
41664,155,142,13,13
41665,88,82,6,6
41666,76,67,9,9
41667,104,130,-26,26
41668,43,42,1,1
41669,69,67,2,2
41670,94,92,2,2
41671,121,104,17,17
41672,178,151,27,27
41673,69,59,10,10
41674,113,106,7,7
41675,118,103,15,15
41676,86,75,11,11
41677,71,64,7,7
41678,112,97,15,15
41679,114,95,19,19
41680,68,59,9,9
41681,75,66,9,9
41682,103,87,16,16
41683,71,65,6,6
41684,57,50,7,7
41685,88,77,11,11
41686,165,140,25,25
41687,79,69,10,10
41688,133,120,13,13
41689,125,102,23,23
41690,91,97,-6,6
41691,117,106,11,11
41692,108,91,17,17
41693,101,90,11,11
41694,61,57,4,4
41695,170,143,27,27
41696,152,131,21,21
41697,86,75,11,11
41698,89,77,12,12
41699,137,115,22,22
41700,107,94,13,13
41701,145,122,23,23
41702,152,144,8,8
41703,89,69,20,20
41704,81,68,13,13
41705,102,96,6,6
41706,85,82,3,3
41707,70,65,5,5
41708,85,74,11,11
41709,105,92,13,13
41710,79,65,14,14
41711,55,58,-3,3
41712,94,78,16,16
41713,49,51,-2,2
41714,42,40,2,2
41715,302,254,48,48
41716,116,98,18,18
41717,68,61,7,7
41718,81,75,6,6
41719,98,99,-1,1
41720,120,101,19,19
41721,135,122,13,13
41722,85,80,5,5
41723,76,70,6,6
41724,125,110,15,15
41725,26,26,0,0
41726,111,84,27,27
41727,152,124,28,28
41728,85,73,12,12
41729,99,91,8,8
41730,98,98,0,0
41731,99,87,12,12
41732,81,69,12,12
41733,98,97,1,1
41734,101,79,22,22
41735,64,61,3,3
41736,185,164,21,21
41737,97,86,11,11
41738,93,91,2,2
41739,65,61,4,4
41740,89,80,9,9
41741,53,51,2,2
41742,96,84,12,12
41743,133,115,18,18
41744,149,118,31,31
41745,155,132,23,23
41746,86,72,14,14
41747,64,55,9,9
41748,133,112,21,21
41749,119,117,2,2
41750,70,67,3,3
41751,57,52,5,5
41752,56,56,0,0
41753,55,49,6,6
41754,57,55,2,2
41755,106,98,8,8
41756,85,83,2,2
41757,80,73,7,7
41758,71,76,-5,5
41759,79,83,-4,4
41760,72,70,2,2
41761,67,55,12,12
41762,200,169,31,31
41763,55,54,1,1
41764,103,92,11,11
41765,80,69,11,11
41766,113,102,11,11
41767,34,59,-25,25
41768,77,73,4,4
41769,145,128,17,17
41770,143,133,10,10
41771,100,86,14,14
41772,53,48,5,5
41773,61,80,-19,19
41774,109,104,5,5
41775,86,66,20,20
41776,72,68,4,4
41777,86,82,4,4
41778,115,114,1,1
41779,74,72,2,2
41780,85,75,10,10
41781,97,84,13,13
41782,111,96,15,15
41783,63,70,-7,7
41784,104,95,9,9
41785,101,90,11,11
41786,110,93,17,17
41787,72,71,1,1
41788,128,113,15,15
41789,74,77,-3,3
41790,108,87,21,21
41791,110,98,12,12
41792,68,59,9,9
41793,41,38,3,3
41794,153,144,9,9
41795,115,104,11,11
41796,58,57,1,1
41797,45,58,-13,13
41798,92,78,14,14
41799,57,54,3,3
41800,125,103,22,22
41801,82,79,3,3
41802,61,58,3,3
41803,148,126,22,22
41804,72,62,10,10
41805,108,98,10,10
41806,97,95,2,2
41807,134,111,23,23
41808,50,43,7,7
41809,66,60,6,6
41810,61,51,10,10
41811,91,77,14,14
41812,133,115,18,18
41813,131,101,30,30
41814,67,68,-1,1
41815,112,99,13,13
41816,100,99,1,1
41817,193,163,30,30
41818,90,74,16,16
41819,77,67,10,10
41820,80,72,8,8
41821,117,102,15,15
41822,87,80,7,7
41823,64,61,3,3
41824,61,56,5,5
41825,120,112,8,8
41826,119,107,12,12
41827,137,113,24,24
41828,54,49,5,5
41829,162,132,30,30
41830,152,145,7,7
41831,69,56,13,13
41832,80,70,10,10
41833,92,82,10,10
41834,96,79,17,17
41835,107,98,9,9
41836,71,66,5,5
41837,83,79,4,4
41838,89,83,6,6
41839,121,105,16,16
41840,81,72,9,9
41841,112,104,8,8
41842,147,119,28,28
41843,62,58,4,4
41844,129,113,16,16
41845,74,72,2,2
41846,168,132,36,36
41847,47,43,4,4
41848,128,120,8,8
41849,49,49,0,0
41850,56,53,3,3
41851,89,73,16,16
41852,67,59,8,8
41853,68,70,-2,2
41854,114,103,11,11
41855,137,135,2,2
41856,122,105,17,17
41857,74,68,6,6
41858,67,58,9,9
41859,129,113,16,16
41860,139,128,11,11
41861,62,60,2,2
41862,100,87,13,13
41863,88,76,12,12
41864,64,57,7,7
41865,92,76,16,16
41866,119,122,-3,3
41867,81,74,7,7
41868,59,50,9,9
41869,106,91,15,15
41870,94,79,15,15
41871,112,91,21,21
41872,80,73,7,7
41873,101,99,2,2
41874,135,112,23,23
41875,135,115,20,20
41876,104,86,18,18
41877,85,75,10,10
41878,176,153,23,23
41879,79,69,10,10
41880,69,58,11,11
41881,41,36,5,5
41882,47,40,7,7
41883,67,62,5,5
41884,69,68,1,1
41885,51,48,3,3
41886,73,76,-3,3
41887,108,93,15,15
41888,47,38,9,9
41889,120,115,5,5
41890,117,100,17,17
41891,91,89,2,2
41892,110,103,7,7
41893,82,69,13,13
41894,97,86,11,11
41895,92,82,10,10
41896,72,64,8,8
41897,74,59,15,15
41898,80,86,-6,6
41899,49,43,6,6
41900,133,114,19,19
41901,85,77,8,8
41902,116,100,16,16
41903,72,57,15,15
41904,125,109,16,16
41905,91,81,10,10
41906,103,89,14,14
41907,110,97,13,13
41908,102,95,7,7
41909,111,92,19,19
41910,50,58,-8,8
41911,50,44,6,6
41912,106,92,14,14
41913,79,71,8,8
41914,138,112,26,26
41915,110,105,5,5
41916,59,55,4,4
41917,72,65,7,7
41918,190,155,35,35
41919,93,77,16,16
41920,47,41,6,6
41921,46,51,-5,5
41922,135,115,20,20
41923,56,63,-7,7
41924,67,61,6,6
41925,101,91,10,10
41926,78,68,10,10
41927,61,64,-3,3
41928,43,49,-6,6
41929,142,130,12,12
41930,88,83,5,5
41931,119,107,12,12
41932,146,117,29,29
41933,93,86,7,7
41934,109,99,10,10
41935,105,93,12,12
41936,98,91,7,7
41937,75,64,11,11
41938,78,71,7,7
41939,101,101,0,0
41940,88,94,-6,6
41941,133,123,10,10
41942,66,61,5,5
41943,101,88,13,13
41944,94,85,9,9
41945,86,75,11,11
41946,95,79,16,16
41947,96,92,4,4
41948,83,72,11,11
41949,119,87,32,32
41950,116,105,11,11
41951,92,77,15,15
41952,89,86,3,3
41953,215,200,15,15
41954,96,86,10,10
41955,138,116,22,22
41956,73,65,8,8
41957,72,69,3,3
41958,83,83,0,0
41959,119,102,17,17
41960,83,72,11,11
41961,140,118,22,22
41962,164,135,29,29
41963,105,87,18,18
41964,109,80,29,29
41965,100,83,17,17
41966,95,88,7,7
41967,85,70,15,15
41968,83,74,9,9
41969,148,128,20,20
41970,95,86,9,9
41971,110,112,-2,2
41972,104,105,-1,1
41973,125,125,0,0
41974,110,110,0,0
41975,109,95,14,14
41976,87,73,14,14
41977,166,144,22,22
41978,68,73,-5,5
41979,104,81,23,23
41980,127,92,35,35
41981,60,58,2,2
41982,106,86,20,20
41983,58,55,3,3
41984,59,51,8,8
41985,98,86,12,12
41986,150,138,12,12
41987,107,103,4,4
41988,75,74,1,1
41989,95,87,8,8
41990,82,75,7,7
41991,101,77,24,24
41992,63,63,0,0
41993,81,60,21,21
41994,60,55,5,5
41995,121,104,17,17
41996,110,90,20,20
41997,73,71,2,2
41998,62,62,0,0
41999,66,63,3,3
42000,87,81,6,6
42001,130,126,4,4
42002,84,80,4,4
42003,142,127,15,15
42004,61,56,5,5
42005,109,95,14,14
42006,147,123,24,24
42007,37,51,-14,14
42008,246,180,66,66
42009,61,60,1,1
42010,111,97,14,14
42011,92,83,9,9
42012,133,130,3,3
42013,161,134,27,27
42014,128,122,6,6
42015,73,59,14,14
42016,115,100,15,15
42017,159,139,20,20
42018,75,65,10,10
42019,85,88,-3,3
42020,79,73,6,6
42021,103,87,16,16
42022,109,95,14,14
42023,89,80,9,9
42024,158,143,15,15
42025,86,80,6,6
42026,114,91,23,23
42027,145,123,22,22
42028,83,70,13,13
42029,142,128,14,14
42030,48,49,-1,1
42031,69,64,5,5
42032,90,95,-5,5
42033,152,125,27,27
42034,72,69,3,3
42035,93,85,8,8
42036,59,54,5,5
42037,142,122,20,20
42038,95,76,19,19
42039,152,123,29,29
42040,87,77,10,10
42041,79,59,20,20
42042,80,73,7,7
42043,89,83,6,6
42044,74,63,11,11
42045,78,65,13,13
42046,100,89,11,11
42047,92,86,6,6
42048,135,122,13,13
42049,112,101,11,11
42050,109,101,8,8
42051,86,69,17,17
42052,80,68,12,12
42053,92,94,-2,2
42054,93,84,9,9
42055,111,103,8,8
42056,64,57,7,7
42057,96,71,25,25
42058,79,82,-3,3
42059,148,147,1,1
42060,74,74,0,0
42061,91,74,17,17
42062,85,74,11,11
42063,104,88,16,16
42064,132,123,9,9
42065,75,74,1,1
42066,175,159,16,16
42067,77,62,15,15
42068,92,84,8,8
42069,150,129,21,21
42070,35,39,-4,4
42071,79,65,14,14
42072,57,56,1,1
42073,70,52,18,18
42074,117,119,-2,2
42075,84,72,12,12
42076,51,67,-16,16
42077,88,86,2,2
42078,83,72,11,11
42079,89,70,19,19
42080,79,71,8,8
42081,76,72,4,4
42082,50,51,-1,1
42083,102,86,16,16
42084,111,115,-4,4
42085,82,78,4,4
42086,114,113,1,1
42087,99,77,22,22
42088,111,96,15,15
42089,99,92,7,7
42090,68,59,9,9
42091,159,128,31,31
42092,78,71,7,7
42093,43,46,-3,3
42094,64,58,6,6
42095,77,74,3,3
42096,38,41,-3,3
42097,39,36,3,3
42098,87,87,0,0
42099,89,73,16,16
42100,101,91,10,10
42101,115,101,14,14
42102,101,86,15,15
42103,52,52,0,0
42104,68,64,4,4
42105,57,55,2,2
42106,97,81,16,16
42107,80,77,3,3
42108,95,86,9,9
42109,155,132,23,23
42110,74,68,6,6
42111,104,87,17,17
42112,63,63,0,0
42113,28,28,0,0
42114,96,81,15,15
42115,104,96,8,8
42116,118,103,15,15
42117,81,66,15,15
42118,58,55,3,3
42119,85,84,1,1
42120,59,61,-2,2
42121,91,93,-2,2
42122,120,101,19,19
42123,58,39,19,19
42124,89,71,18,18
42125,101,96,5,5
42126,89,78,11,11
42127,68,55,13,13
42128,122,101,21,21
42129,71,70,1,1
42130,71,64,7,7
42131,75,86,-11,11
42132,130,121,9,9
42133,103,82,21,21
42134,114,99,15,15
42135,145,125,20,20
42136,108,92,16,16
42137,102,94,8,8
42138,107,93,14,14
42139,97,86,11,11
42140,94,77,17,17
42141,70,65,5,5
42142,91,83,8,8
42143,92,87,5,5
42144,60,60,0,0
42145,83,76,7,7
42146,92,76,16,16
42147,106,98,8,8
42148,47,52,-5,5
42149,72,64,8,8
42150,137,118,19,19
42151,69,66,3,3
42152,69,55,14,14
42153,123,108,15,15
42154,77,72,5,5
42155,74,59,15,15
42156,144,133,11,11
42157,132,115,17,17
42158,109,92,17,17
42159,93,86,7,7
42160,56,50,6,6
42161,125,107,18,18
42162,54,58,-4,4
42163,127,106,21,21
42164,96,87,9,9
42165,106,82,24,24
42166,98,88,10,10
42167,97,87,10,10
42168,65,57,8,8
42169,91,74,17,17
42170,90,81,9,9
42171,135,110,25,25
42172,109,107,2,2
42173,101,88,13,13
42174,80,72,8,8
42175,105,98,7,7
42176,64,57,7,7
42177,155,139,16,16
42178,119,110,9,9
42179,76,60,16,16
42180,122,104,18,18
42181,59,57,2,2
42182,63,55,8,8
42183,92,86,6,6
42184,101,90,11,11
42185,100,87,13,13
42186,88,86,2,2
42187,98,86,12,12
42188,153,123,30,30
42189,92,78,14,14
42190,76,61,15,15
42191,110,96,14,14
42192,86,80,6,6
42193,130,116,14,14
42194,126,116,10,10
42195,78,63,15,15
42196,77,68,9,9
42197,104,96,8,8
42198,126,123,3,3
42199,79,68,11,11
42200,117,114,3,3
42201,45,42,3,3
42202,100,93,7,7
42203,83,63,20,20
42204,134,121,13,13
42205,83,72,11,11
42206,90,89,1,1
42207,86,81,5,5
42208,89,78,11,11
42209,60,58,2,2
42210,78,70,8,8
42211,120,109,11,11
42212,72,68,4,4
42213,104,93,11,11
42214,188,158,30,30
42215,93,80,13,13
42216,159,132,27,27
42217,80,70,10,10
42218,96,90,6,6
42219,114,105,9,9
42220,113,103,10,10
42221,62,63,-1,1
42222,140,122,18,18
42223,157,132,25,25
42224,61,62,-1,1
42225,95,95,0,0
42226,130,114,16,16
42227,134,127,7,7
42228,84,78,6,6
42229,83,72,11,11
42230,96,87,9,9
42231,85,71,14,14
42232,117,112,5,5
42233,49,47,2,2
42234,55,50,5,5
42235,116,88,28,28
42236,65,60,5,5
42237,86,75,11,11
42238,58,66,-8,8
42239,55,55,0,0
42240,109,94,15,15
42241,109,87,22,22
42242,115,99,16,16
42243,131,99,32,32
42244,79,74,5,5
42245,74,71,3,3
42246,114,101,13,13
42247,125,103,22,22
42248,90,74,16,16
42249,81,72,9,9
42250,109,92,17,17
42251,90,74,16,16
42252,58,45,13,13
42253,67,62,5,5
42254,88,71,17,17
42255,71,77,-6,6
42256,118,116,2,2
42257,109,98,11,11
42258,75,86,-11,11
42259,38,37,1,1
42260,173,148,25,25
42261,153,141,12,12
42262,66,54,12,12
42263,58,55,3,3
42264,44,42,2,2
42265,86,72,14,14
42266,100,87,13,13
42267,86,80,6,6
42268,106,94,12,12
42269,80,70,10,10
42270,84,73,11,11
42271,76,66,10,10
42272,96,81,15,15
42273,90,82,8,8
42274,116,113,3,3
42275,196,153,43,43
42276,103,89,14,14
42277,95,90,5,5
42278,68,59,9,9
42279,96,74,22,22
42280,109,94,15,15
42281,86,79,7,7
42282,174,155,19,19
42283,78,75,3,3
42284,47,48,-1,1
42285,96,84,12,12
42286,92,81,11,11
42287,79,63,16,16
42288,85,74,11,11
42289,113,106,7,7
42290,96,87,9,9
42291,80,68,12,12
42292,43,37,6,6
42293,93,92,1,1
42294,63,62,1,1
42295,96,79,17,17
42296,103,91,12,12
42297,53,55,-2,2
42298,99,85,14,14
42299,79,74,5,5
42300,70,63,7,7
42301,106,87,19,19
42302,104,128,-24,24
42303,141,126,15,15
42304,99,78,21,21
42305,96,81,15,15
42306,55,46,9,9
42307,99,88,11,11
42308,116,106,10,10
42309,64,82,-18,18
42310,152,122,30,30
42311,63,59,4,4
42312,78,66,12,12
42313,123,122,1,1
42314,126,113,13,13
42315,79,66,13,13
42316,92,67,25,25
42317,94,90,4,4
42318,200,169,31,31
42319,157,143,14,14
42320,80,70,10,10
42321,57,53,4,4
42322,141,124,17,17
42323,60,60,0,0
42324,85,72,13,13
42325,54,45,9,9
42326,159,147,12,12
42327,150,123,27,27
42328,87,73,14,14
42329,47,56,-9,9
42330,96,87,9,9
42331,82,73,9,9
42332,74,61,13,13
42333,120,109,11,11
42334,109,79,30,30
42335,86,81,5,5
42336,129,111,18,18
42337,196,167,29,29
42338,178,148,30,30
42339,105,89,16,16
42340,61,58,3,3
42341,67,64,3,3
42342,109,97,12,12
42343,111,114,-3,3
42344,52,56,-4,4
42345,89,72,17,17
42346,71,73,-2,2
42347,111,98,13,13
42348,40,33,7,7
42349,79,77,2,2
42350,99,84,15,15
42351,96,86,10,10
42352,63,52,11,11
42353,103,112,-9,9
42354,97,99,-2,2
42355,90,82,8,8
42356,119,95,24,24
42357,176,146,30,30
42358,97,89,8,8
42359,131,125,6,6
42360,86,69,17,17
42361,77,65,12,12
42362,84,74,10,10
42363,70,62,8,8
42364,109,98,11,11
42365,121,105,16,16
42366,125,123,2,2
42367,150,113,37,37
42368,103,89,14,14
42369,151,117,34,34
42370,58,54,4,4
42371,64,56,8,8
42372,122,110,12,12
42373,104,86,18,18
42374,92,75,17,17
42375,100,89,11,11
42376,142,116,26,26
42377,93,77,16,16
42378,120,102,18,18
42379,75,70,5,5
42380,106,91,15,15
42381,60,61,-1,1
42382,83,74,9,9
42383,98,88,10,10
42384,56,45,11,11
42385,37,35,2,2
42386,97,77,20,20
42387,152,133,19,19
42388,97,81,16,16
42389,76,65,11,11
42390,80,80,0,0
42391,56,50,6,6
42392,108,86,22,22
42393,128,93,35,35
42394,117,101,16,16
42395,103,90,13,13
42396,31,28,3,3
42397,84,71,13,13
42398,92,83,9,9
42399,115,113,2,2
42400,128,119,9,9
42401,128,108,20,20
42402,75,73,2,2
42403,72,66,6,6
42404,95,82,13,13
42405,56,54,2,2
42406,83,77,6,6
42407,97,91,6,6
42408,109,87,22,22
42409,126,107,19,19
42410,135,126,9,9
42411,75,70,5,5
42412,73,63,10,10
42413,89,78,11,11
42414,94,85,9,9
42415,81,70,11,11
42416,78,71,7,7
42417,79,66,13,13
42418,78,71,7,7
42419,105,99,6,6
42420,112,98,14,14
42421,75,61,14,14
42422,98,86,12,12
42423,94,83,11,11
42424,56,58,-2,2
42425,92,75,17,17
42426,68,62,6,6
42427,104,93,11,11
42428,144,112,32,32
42429,50,52,-2,2
42430,51,48,3,3
42431,61,63,-2,2
42432,83,80,3,3
42433,28,34,-6,6
42434,99,92,7,7
42435,83,79,4,4
42436,162,135,27,27
42437,104,90,14,14
42438,88,83,5,5
42439,95,80,15,15
42440,116,97,19,19
42441,144,120,24,24
42442,69,50,19,19
42443,102,99,3,3
42444,116,104,12,12
42445,61,58,3,3
42446,108,99,9,9
42447,55,51,4,4
42448,142,123,19,19
42449,156,136,20,20
42450,129,106,23,23
42451,180,152,28,28
42452,111,104,7,7
42453,179,157,22,22
42454,89,86,3,3
42455,114,98,16,16
42456,96,82,14,14
42457,117,108,9,9
42458,64,59,5,5
42459,57,51,6,6
42460,54,54,0,0
42461,95,79,16,16
42462,89,60,29,29
42463,109,88,21,21
42464,76,71,5,5
42465,67,60,7,7
42466,65,60,5,5
42467,76,76,0,0
42468,92,81,11,11
42469,92,80,12,12
42470,74,64,10,10
42471,92,74,18,18
42472,80,66,14,14
42473,89,81,8,8
42474,43,43,0,0
42475,69,65,4,4
42476,88,80,8,8
42477,84,82,2,2
42478,115,104,11,11
42479,56,46,10,10
42480,95,91,4,4
42481,80,83,-3,3
42482,80,71,9,9
42483,98,85,13,13
42484,49,47,2,2
42485,91,74,17,17
42486,64,61,3,3
42487,53,54,-1,1
42488,85,69,16,16
42489,98,85,13,13
42490,100,82,18,18
42491,69,65,4,4
42492,48,48,0,0
42493,105,86,19,19
42494,163,131,32,32
42495,150,134,16,16
42496,85,77,8,8
42497,128,116,12,12
42498,99,95,4,4
42499,103,86,17,17
42500,128,105,23,23
42501,107,100,7,7
42502,55,59,-4,4
42503,84,82,2,2
42504,90,87,3,3
42505,90,86,4,4
42506,72,63,9,9
42507,91,84,7,7
42508,87,86,1,1
42509,84,57,27,27
42510,42,41,1,1
42511,65,61,4,4
42512,131,117,14,14
42513,48,51,-3,3
42514,109,89,20,20
42515,85,83,2,2
42516,66,54,12,12
42517,83,79,4,4
42518,46,41,5,5
42519,141,120,21,21
42520,59,59,0,0
42521,87,76,11,11
42522,84,82,2,2
42523,86,83,3,3
42524,127,109,18,18
42525,111,108,3,3
42526,102,95,7,7
42527,65,62,3,3
42528,70,64,6,6
42529,61,62,-1,1
42530,104,92,12,12
42531,111,99,12,12
42532,202,167,35,35
42533,100,82,18,18
42534,136,121,15,15
42535,35,39,-4,4
42536,40,38,2,2
42537,115,100,15,15
42538,116,99,17,17
42539,72,58,14,14
42540,108,97,11,11
42541,106,107,-1,1
42542,62,58,4,4
42543,127,107,20,20
42544,94,79,15,15
42545,89,73,16,16
42546,70,64,6,6
42547,72,70,2,2
42548,98,77,21,21
42549,96,81,15,15
42550,108,101,7,7
42551,142,111,31,31
42552,77,68,9,9
42553,67,61,6,6
42554,81,77,4,4
42555,54,48,6,6
42556,124,110,14,14
42557,110,103,7,7
42558,101,91,10,10
42559,86,80,6,6
42560,117,102,15,15
42561,111,95,16,16
42562,136,115,21,21
42563,78,65,13,13
42564,62,69,-7,7
42565,231,185,46,46
42566,180,166,14,14
42567,91,80,11,11
42568,134,122,12,12
42569,80,71,9,9
42570,100,91,9,9
42571,123,107,16,16
42572,109,97,12,12
42573,70,63,7,7
42574,57,52,5,5
42575,148,132,16,16
42576,76,64,12,12
42577,70,66,4,4
42578,82,75,7,7
42579,102,99,3,3
42580,198,170,28,28
42581,56,47,9,9
42582,94,85,9,9
42583,97,89,8,8
42584,103,84,19,19
42585,81,69,12,12
42586,102,89,13,13
42587,85,77,8,8
42588,165,134,31,31
42589,50,51,-1,1
42590,124,111,13,13
42591,101,89,12,12
42592,79,67,12,12
42593,138,130,8,8
42594,191,138,53,53
42595,162,145,17,17
42596,126,107,19,19
42597,103,94,9,9
42598,49,47,2,2
42599,113,106,7,7
42600,100,89,11,11
42601,118,105,13,13
42602,117,112,5,5
42603,84,76,8,8
42604,110,91,19,19
42605,128,103,25,25
42606,105,92,13,13
42607,59,46,13,13
42608,91,82,9,9
42609,68,56,12,12
42610,72,73,-1,1
42611,135,120,15,15
42612,79,89,-10,10
42613,107,97,10,10
42614,30,35,-5,5
42615,70,66,4,4
42616,105,93,12,12
42617,92,81,11,11
42618,177,155,22,22
42619,84,79,5,5
42620,67,68,-1,1
42621,150,114,36,36
42622,65,75,-10,10
42623,69,65,4,4
42624,94,83,11,11
42625,87,67,20,20
42626,73,75,-2,2
42627,70,68,2,2
42628,93,76,17,17
42629,110,95,15,15
42630,87,68,19,19
42631,109,98,11,11
42632,71,69,2,2
42633,103,95,8,8
42634,152,131,21,21
42635,70,67,3,3
42636,125,97,28,28
42637,91,86,5,5
42638,172,151,21,21
42639,60,60,0,0
42640,99,113,-14,14
42641,61,53,8,8
42642,91,81,10,10
42643,94,77,17,17
42644,135,114,21,21
42645,43,49,-6,6
42646,83,80,3,3
42647,93,83,10,10
42648,116,102,14,14
42649,131,97,34,34
42650,140,133,7,7
42651,101,97,4,4
42652,160,136,24,24
42653,157,121,36,36
42654,147,159,-12,12
42655,151,136,15,15
42656,162,145,17,17
42657,52,87,-35,35
42658,77,63,14,14
42659,86,74,12,12
42660,86,81,5,5
42661,91,75,16,16
42662,118,99,19,19
42663,103,86,17,17
42664,103,93,10,10
42665,74,66,8,8
42666,119,101,18,18
42667,89,77,12,12
42668,107,91,16,16
42669,109,129,-20,20
42670,85,82,3,3
42671,70,63,7,7
42672,86,75,11,11
42673,105,94,11,11
42674,98,89,9,9
42675,75,68,7,7
42676,50,53,-3,3
42677,67,61,6,6
42678,76,66,10,10
42679,80,68,12,12
42680,124,115,9,9
42681,60,62,-2,2
42682,73,64,9,9
42683,52,46,6,6
42684,102,91,11,11
42685,29,18,11,11
42686,66,65,1,1
42687,80,64,16,16
42688,76,67,9,9
42689,107,95,12,12
42690,68,54,14,14
42691,129,107,22,22
42692,51,44,7,7
42693,131,120,11,11
42694,73,68,5,5
42695,157,134,23,23
42696,96,92,4,4
42697,19,45,-26,26
42698,109,90,19,19
42699,67,62,5,5
42700,132,118,14,14
42701,156,115,41,41
42702,85,84,1,1
42703,90,79,11,11
42704,85,72,13,13
42705,44,49,-5,5
42706,150,125,25,25
42707,65,61,4,4
42708,91,95,-4,4
42709,63,70,-7,7
42710,80,75,5,5
42711,163,150,13,13
42712,110,91,19,19
42713,100,86,14,14
42714,89,72,17,17
42715,51,48,3,3
42716,97,93,4,4
42717,82,75,7,7
42718,85,75,10,10
42719,73,70,3,3
42720,80,67,13,13
42721,50,54,-4,4
42722,81,69,12,12
42723,68,60,8,8
42724,76,70,6,6
42725,75,62,13,13
42726,82,82,0,0
42727,78,70,8,8
42728,53,63,-10,10
42729,55,52,3,3
42730,41,37,4,4
42731,95,86,9,9
42732,55,49,6,6
42733,99,107,-8,8
42734,64,65,-1,1
42735,93,95,-2,2
42736,61,51,10,10
42737,95,84,11,11
42738,116,107,9,9
42739,83,66,17,17
42740,82,66,16,16
42741,137,103,34,34
42742,69,67,2,2
42743,69,57,12,12
42744,60,49,11,11
42745,81,80,1,1
42746,128,116,12,12
42747,78,66,12,12
42748,79,76,3,3
42749,74,72,2,2
42750,69,64,5,5
42751,140,120,20,20
42752,108,105,3,3
42753,61,51,10,10
42754,142,128,14,14
42755,42,36,6,6
42756,68,56,12,12
42757,74,67,7,7
42758,94,86,8,8
42759,164,141,23,23
42760,77,67,10,10
42761,94,76,18,18
42762,192,175,17,17
42763,121,110,11,11
42764,61,54,7,7
42765,120,112,8,8
42766,103,91,12,12
42767,89,74,15,15
42768,100,82,18,18
42769,97,79,18,18
42770,64,62,2,2
42771,165,147,18,18
42772,74,64,10,10
42773,65,61,4,4
42774,39,43,-4,4
42775,183,153,30,30
42776,82,76,6,6
42777,111,98,13,13
42778,150,123,27,27
42779,89,71,18,18
42780,116,102,14,14
42781,106,94,12,12
42782,129,118,11,11
42783,59,57,2,2
42784,161,122,39,39
42785,108,112,-4,4
42786,63,67,-4,4
42787,114,98,16,16
42788,80,77,3,3
42789,81,76,5,5
42790,72,63,9,9
42791,99,83,16,16
42792,98,74,24,24
42793,111,89,22,22
42794,120,105,15,15
42795,119,106,13,13
42796,69,66,3,3
42797,137,116,21,21
42798,130,115,15,15
42799,106,82,24,24
42800,58,55,3,3
42801,144,126,18,18
42802,117,109,8,8
42803,146,138,8,8
42804,137,118,19,19
42805,116,109,7,7
42806,86,70,16,16
42807,89,76,13,13
42808,107,95,12,12
42809,108,100,8,8
42810,109,89,20,20
42811,53,53,0,0
42812,79,63,16,16
42813,59,56,3,3
42814,84,73,11,11
42815,156,126,30,30
42816,121,107,14,14
42817,66,61,5,5
42818,74,65,9,9
42819,47,93,-46,46
42820,106,92,14,14
42821,98,78,20,20
42822,68,56,12,12
42823,58,60,-2,2
42824,86,80,6,6
42825,87,82,5,5
42826,85,83,2,2
42827,143,124,19,19
42828,168,132,36,36
42829,63,64,-1,1
42830,72,104,-32,32
42831,170,165,5,5
42832,139,132,7,7
42833,104,100,4,4
42834,66,53,13,13
42835,78,70,8,8
42836,66,55,11,11
42837,78,67,11,11
42838,178,142,36,36
42839,176,150,26,26
42840,77,65,12,12
42841,51,45,6,6
42842,112,81,31,31
42843,110,115,-5,5
42844,140,131,9,9
42845,120,97,23,23
42846,88,79,9,9
42847,85,84,1,1
42848,166,135,31,31
42849,71,67,4,4
42850,112,109,3,3
42851,73,60,13,13
42852,80,72,8,8
42853,113,113,0,0
42854,62,57,5,5
42855,94,59,35,35
42856,145,130,15,15
42857,131,125,6,6
42858,103,92,11,11
42859,98,93,5,5
42860,84,72,12,12
42861,133,113,20,20
42862,144,122,22,22
42863,141,117,24,24
42864,119,96,23,23
42865,87,76,11,11
42866,79,74,5,5
42867,63,63,0,0
42868,89,87,2,2
42869,38,37,1,1
42870,99,95,4,4
42871,114,94,20,20
42872,129,101,28,28
42873,155,135,20,20
42874,87,66,21,21
42875,70,62,8,8
42876,112,93,19,19
42877,137,119,18,18
42878,92,77,15,15
42879,145,126,19,19
42880,154,119,35,35
42881,130,113,17,17
42882,45,38,7,7
42883,63,54,9,9
42884,58,48,10,10
42885,96,91,5,5
42886,102,90,12,12
42887,118,116,2,2
42888,119,104,15,15
42889,75,67,8,8
42890,115,102,13,13
42891,94,85,9,9
42892,108,95,13,13
42893,101,86,15,15
42894,136,121,15,15
42895,110,101,9,9
42896,127,112,15,15
42897,94,72,22,22
42898,124,99,25,25
42899,68,63,5,5
42900,128,106,22,22
42901,138,123,15,15
42902,83,76,7,7
42903,125,95,30,30
42904,63,60,3,3
42905,133,98,35,35
42906,77,67,10,10
42907,94,82,12,12
42908,116,94,22,22
42909,93,84,9,9
42910,84,79,5,5
42911,125,109,16,16
42912,123,115,8,8
42913,92,78,14,14
42914,155,136,19,19
42915,86,175,-89,89
42916,75,68,7,7
42917,74,69,5,5
42918,78,72,6,6
42919,96,76,20,20
42920,113,107,6,6
42921,139,145,-6,6
42922,95,80,15,15
42923,83,74,9,9
42924,128,116,12,12
42925,102,90,12,12
42926,124,123,1,1
42927,71,65,6,6
42928,63,58,5,5
42929,71,63,8,8
42930,131,122,9,9
42931,115,121,-6,6
42932,91,78,13,13
42933,92,88,4,4
42934,59,46,13,13
42935,138,122,16,16
42936,71,62,9,9
42937,53,47,6,6
42938,103,95,8,8
42939,85,70,15,15
42940,92,83,9,9
42941,109,109,0,0
42942,74,74,0,0
42943,100,89,11,11
42944,111,97,14,14
42945,112,99,13,13
42946,112,93,19,19
42947,31,34,-3,3
42948,57,64,-7,7
42949,194,165,29,29
42950,75,68,7,7
42951,119,107,12,12
42952,106,93,13,13
42953,89,69,20,20
42954,75,64,11,11
42955,77,71,6,6
42956,68,65,3,3
42957,48,43,5,5
42958,53,46,7,7
42959,91,81,10,10
42960,90,94,-4,4
42961,57,60,-3,3
42962,81,72,9,9
42963,113,99,14,14
42964,89,76,13,13
42965,74,63,11,11
42966,89,76,13,13
42967,73,71,2,2
42968,54,46,8,8
42969,77,71,6,6
42970,108,85,23,23
42971,59,60,-1,1
42972,218,182,36,36
42973,118,117,1,1
42974,86,82,4,4
42975,153,132,21,21
42976,123,107,16,16
42977,117,105,12,12
42978,51,40,11,11
42979,77,68,9,9
42980,59,50,9,9
42981,69,67,2,2
42982,67,67,0,0
42983,83,68,15,15
42984,137,112,25,25
42985,96,77,19,19
42986,68,62,6,6
42987,91,90,1,1
42988,81,78,3,3
42989,79,59,20,20
42990,50,41,9,9
42991,78,70,8,8
42992,32,32,0,0
42993,64,56,8,8
42994,80,79,1,1
42995,99,92,7,7
42996,131,126,5,5
42997,48,44,4,4
42998,77,63,14,14
42999,128,113,15,15
43000,120,107,13,13
43001,55,52,3,3
43002,79,62,17,17
43003,85,74,11,11
43004,148,125,23,23
43005,136,120,16,16
43006,111,110,1,1
43007,105,117,-12,12
43008,93,82,11,11
43009,79,68,11,11
43010,87,77,10,10
43011,69,67,2,2
43012,109,93,16,16
43013,156,133,23,23
43014,106,98,8,8
43015,105,95,10,10
43016,42,37,5,5
43017,84,70,14,14
43018,15,20,-5,5
43019,89,86,3,3
43020,179,153,26,26
43021,65,60,5,5
43022,108,101,7,7
43023,40,43,-3,3
43024,89,73,16,16
43025,138,115,23,23
43026,134,127,7,7
43027,102,87,15,15
43028,103,91,12,12
43029,143,114,29,29
43030,65,64,1,1
43031,74,64,10,10
43032,116,96,20,20
43033,79,72,7,7
43034,74,68,6,6
43035,91,61,30,30
43036,99,86,13,13
43037,64,53,11,11
43038,120,102,18,18
43039,103,82,21,21
43040,90,77,13,13
43041,51,43,8,8
43042,96,79,17,17
43043,77,66,11,11
43044,142,130,12,12
43045,77,58,19,19
43046,90,79,11,11
43047,141,123,18,18
43048,85,80,5,5
43049,98,82,16,16
43050,146,128,18,18
43051,120,102,18,18
43052,107,102,5,5
43053,97,91,6,6
43054,125,116,9,9
43055,81,77,4,4
43056,99,94,5,5
43057,90,84,6,6
43058,53,43,10,10
43059,88,70,18,18
43060,70,58,12,12
43061,57,65,-8,8
43062,77,64,13,13
43063,51,57,-6,6
43064,110,99,11,11
43065,72,66,6,6
43066,101,91,10,10
43067,177,143,34,34
43068,153,124,29,29
43069,157,140,17,17
43070,67,62,5,5
43071,63,56,7,7
43072,208,172,36,36
43073,84,72,12,12
43074,69,65,4,4
43075,110,86,24,24
43076,85,62,23,23
43077,37,35,2,2
43078,142,107,35,35
43079,82,81,1,1
43080,81,79,2,2
43081,94,83,11,11
43082,143,130,13,13
43083,118,98,20,20
43084,86,86,0,0
43085,76,72,4,4
43086,73,58,15,15
43087,131,102,29,29
43088,53,57,-4,4
43089,66,60,6,6
43090,101,93,8,8
43091,115,102,13,13
43092,136,116,20,20
43093,61,78,-17,17
43094,86,80,6,6
43095,71,72,-1,1
43096,81,72,9,9
43097,69,71,-2,2
43098,36,39,-3,3
43099,157,135,22,22
43100,57,53,4,4
43101,73,61,12,12
43102,185,149,36,36
43103,62,50,12,12
43104,123,111,12,12
43105,65,58,7,7
43106,73,63,10,10
43107,98,85,13,13
43108,101,85,16,16
43109,104,90,14,14
43110,83,77,6,6
43111,58,56,2,2
43112,85,76,9,9
43113,55,52,3,3
43114,80,66,14,14
43115,66,59,7,7
43116,83,67,16,16
43117,107,102,5,5
43118,104,87,17,17
43119,44,45,-1,1
43120,63,63,0,0
43121,85,70,15,15
43122,133,112,21,21
43123,59,53,6,6
43124,130,95,35,35
43125,74,67,7,7
43126,62,52,10,10
43127,109,90,19,19
43128,71,66,5,5
43129,55,81,-26,26
43130,142,122,20,20
43131,117,111,6,6
43132,110,91,19,19
43133,35,43,-8,8
43134,85,79,6,6
43135,63,53,10,10
43136,79,80,-1,1
43137,101,84,17,17
43138,73,69,4,4
43139,150,142,8,8
43140,164,128,36,36
43141,121,105,16,16
43142,56,53,3,3
43143,82,77,5,5
43144,115,116,-1,1
43145,103,85,18,18
43146,80,68,12,12
43147,90,88,2,2
43148,103,89,14,14
43149,122,113,9,9
43150,113,104,9,9
43151,62,64,-2,2
43152,120,108,12,12
43153,94,86,8,8
43154,93,82,11,11
43155,52,47,5,5
43156,89,74,15,15
43157,72,54,18,18
43158,65,52,13,13
43159,92,78,14,14
43160,59,54,5,5
43161,86,97,-11,11
43162,119,97,22,22
43163,64,61,3,3
43164,142,103,39,39
43165,80,73,7,7
43166,68,61,7,7
43167,85,78,7,7
43168,69,60,9,9
43169,157,142,15,15
43170,120,94,26,26
43171,135,117,18,18
43172,72,61,11,11
43173,99,77,22,22
43174,88,83,5,5
43175,101,88,13,13
43176,72,67,5,5
43177,166,154,12,12
43178,49,46,3,3
43179,89,75,14,14
43180,113,93,20,20
43181,113,94,19,19
43182,85,79,6,6
43183,67,66,1,1
43184,89,82,7,7
43185,63,59,4,4
43186,52,81,-29,29
43187,127,108,19,19
43188,106,92,14,14
43189,120,92,28,28
43190,97,100,-3,3
43191,57,55,2,2
43192,68,66,2,2
43193,105,94,11,11
43194,106,99,7,7
43195,133,118,15,15
43196,63,64,-1,1
43197,58,54,4,4
43198,106,100,6,6
43199,103,86,17,17
43200,71,64,7,7
43201,103,93,10,10
43202,42,36,6,6
43203,91,77,14,14
43204,103,98,5,5
43205,90,80,10,10
43206,103,94,9,9
43207,111,94,17,17
43208,132,106,26,26
43209,115,101,14,14
43210,121,112,9,9
43211,122,100,22,22
43212,132,112,20,20
43213,32,40,-8,8
43214,110,92,18,18
43215,87,79,8,8
43216,135,116,19,19
43217,102,88,14,14
43218,82,76,6,6
43219,131,108,23,23
43220,102,94,8,8
43221,52,46,6,6
43222,100,97,3,3
43223,100,86,14,14
43224,90,85,5,5
43225,85,81,4,4
43226,61,57,4,4
43227,154,149,5,5
43228,137,113,24,24
43229,107,88,19,19
43230,98,86,12,12
43231,92,78,14,14
43232,191,154,37,37
43233,113,109,4,4
43234,104,97,7,7
43235,62,53,9,9
43236,80,71,9,9
43237,50,45,5,5
43238,100,74,26,26
43239,126,115,11,11
43240,113,95,18,18
43241,69,62,7,7
43242,62,54,8,8
43243,52,63,-11,11
43244,118,104,14,14
43245,59,57,2,2
43246,40,41,-1,1
43247,93,84,9,9
43248,105,99,6,6
43249,127,105,22,22
43250,84,84,0,0
43251,93,94,-1,1
43252,121,116,5,5
43253,94,87,7,7
43254,64,59,5,5
43255,109,93,16,16
43256,123,120,3,3
43257,130,112,18,18
43258,138,120,18,18
43259,67,61,6,6
43260,99,88,11,11
43261,84,70,14,14
43262,112,112,0,0
43263,103,92,11,11
43264,60,51,9,9
43265,90,99,-9,9
43266,131,120,11,11
43267,47,43,4,4
43268,90,77,13,13
43269,81,73,8,8
43270,84,73,11,11
43271,81,73,8,8
43272,105,98,7,7
43273,67,62,5,5
43274,86,77,9,9
43275,140,129,11,11
43276,78,65,13,13
43277,96,82,14,14
43278,102,94,8,8
43279,43,41,2,2
43280,71,74,-3,3
43281,91,88,3,3
43282,84,74,10,10
43283,125,109,16,16
43284,50,51,-1,1
43285,90,83,7,7
43286,68,58,10,10
43287,129,113,16,16
43288,133,124,9,9
43289,72,81,-9,9
43290,150,132,18,18
43291,179,147,32,32
43292,96,84,12,12
43293,72,62,10,10
43294,178,137,41,41
43295,89,78,11,11
43296,129,105,24,24
43297,84,72,12,12
43298,87,72,15,15
43299,82,67,15,15
43300,82,82,0,0
43301,91,79,12,12
43302,112,104,8,8
43303,88,83,5,5
43304,100,97,3,3
43305,164,139,25,25
43306,89,84,5,5
43307,72,71,1,1
43308,111,105,6,6
43309,123,116,7,7
43310,163,129,34,34
43311,65,60,5,5
43312,130,125,5,5
43313,145,128,17,17
43314,92,82,10,10
43315,50,54,-4,4
43316,73,81,-8,8
43317,57,56,1,1
43318,89,68,21,21
43319,82,73,9,9
43320,67,60,7,7
43321,91,90,1,1
43322,112,100,12,12
43323,73,65,8,8
43324,64,55,9,9
43325,119,120,-1,1
43326,61,49,12,12
43327,26,30,-4,4
43328,67,62,5,5
43329,178,149,29,29
43330,97,72,25,25
43331,132,101,31,31
43332,121,113,8,8
43333,143,109,34,34
43334,92,87,5,5
43335,78,73,5,5
43336,99,94,5,5
43337,68,59,9,9
43338,61,54,7,7
43339,139,128,11,11
43340,162,144,18,18
43341,86,75,11,11
43342,106,90,16,16
43343,48,41,7,7
43344,125,105,20,20
43345,123,108,15,15
43346,117,103,14,14
43347,229,180,49,49
43348,83,77,6,6
43349,72,102,-30,30
43350,130,115,15,15
43351,49,46,3,3
43352,124,110,14,14
43353,123,113,10,10
43354,127,120,7,7
43355,78,70,8,8
43356,87,100,-13,13
43357,129,105,24,24
43358,97,81,16,16
43359,129,129,0,0
43360,69,61,8,8
43361,84,75,9,9
43362,122,99,23,23
43363,158,128,30,30
43364,77,74,3,3
43365,86,88,-2,2
43366,100,94,6,6
43367,93,87,6,6
43368,117,101,16,16
43369,139,117,22,22
43370,100,84,16,16
43371,162,137,25,25
43372,68,64,4,4
43373,68,64,4,4
43374,85,68,17,17
43375,105,86,19,19
43376,174,141,33,33
43377,85,77,8,8
43378,108,91,17,17
43379,67,62,5,5
43380,115,103,12,12
43381,63,58,5,5
43382,107,94,13,13
43383,99,94,5,5
43384,52,49,3,3
43385,87,75,12,12
43386,125,86,39,39
43387,64,52,12,12
43388,101,94,7,7
43389,118,106,12,12
43390,129,115,14,14
43391,100,90,10,10
43392,71,58,13,13
43393,70,69,1,1
43394,70,66,4,4
43395,101,74,27,27
43396,71,66,5,5
43397,70,62,8,8
43398,115,101,14,14
43399,56,50,6,6
43400,106,95,11,11
43401,125,111,14,14
43402,104,91,13,13
43403,84,73,11,11
43404,64,59,5,5
43405,82,74,8,8
43406,99,95,4,4
43407,167,147,20,20
43408,107,96,11,11
43409,91,77,14,14
43410,83,78,5,5
43411,89,69,20,20
43412,92,79,13,13
43413,114,96,18,18
43414,126,94,32,32
43415,133,114,19,19
43416,51,51,0,0
43417,87,72,15,15
43418,67,58,9,9
43419,67,59,8,8
43420,142,117,25,25
43421,139,116,23,23
43422,125,101,24,24
43423,81,67,14,14
43424,210,172,38,38
43425,113,97,16,16
43426,57,63,-6,6
43427,94,86,8,8
43428,121,87,34,34
43429,107,95,12,12
43430,38,44,-6,6
43431,81,75,6,6
43432,126,102,24,24
43433,248,222,26,26
43434,92,82,10,10
43435,153,131,22,22
43436,127,114,13,13
43437,45,45,0,0
43438,81,98,-17,17
43439,164,142,22,22
43440,140,134,6,6
43441,114,99,15,15
43442,115,104,11,11
43443,87,73,14,14
43444,57,53,4,4
43445,51,42,9,9
43446,95,96,-1,1
43447,33,31,2,2
43448,128,111,17,17
43449,101,87,14,14
43450,75,68,7,7
43451,138,121,17,17
43452,136,113,23,23
43453,63,77,-14,14
43454,80,57,23,23
43455,90,92,-2,2
43456,47,42,5,5
43457,96,85,11,11
43458,62,53,9,9
43459,98,83,15,15
43460,140,123,17,17
43461,84,66,18,18
43462,143,133,10,10
43463,84,78,6,6
43464,151,140,11,11
43465,87,69,18,18
43466,107,101,6,6
43467,118,99,19,19
43468,60,59,1,1
43469,82,76,6,6
43470,167,143,24,24
43471,110,89,21,21
43472,98,87,11,11
43473,83,76,7,7
43474,76,67,9,9
43475,93,91,2,2
43476,102,91,11,11
43477,76,60,16,16
43478,76,73,3,3
43479,115,102,13,13
43480,77,70,7,7
43481,98,85,13,13
43482,149,126,23,23
43483,78,67,11,11
43484,119,108,11,11
43485,121,104,17,17
43486,46,68,-22,22
43487,67,68,-1,1
43488,129,106,23,23
43489,114,105,9,9
43490,73,68,5,5
43491,118,106,12,12
43492,90,82,8,8
43493,165,149,16,16
43494,147,133,14,14
43495,52,41,11,11
43496,111,107,4,4
43497,160,127,33,33
43498,88,84,4,4
43499,105,96,9,9
43500,105,83,22,22
43501,90,83,7,7
43502,120,111,9,9
43503,89,68,21,21
43504,79,72,7,7
43505,82,81,1,1
43506,122,113,9,9
43507,96,84,12,12
43508,48,46,2,2
43509,70,59,11,11
43510,65,67,-2,2
43511,78,71,7,7
43512,133,118,15,15
43513,48,45,3,3
43514,90,80,10,10
43515,54,52,2,2
43516,104,84,20,20
43517,91,71,20,20
43518,112,99,13,13
43519,63,62,1,1
43520,113,100,13,13
43521,99,76,23,23
43522,100,88,12,12
43523,69,61,8,8
43524,122,106,16,16
43525,84,75,9,9
43526,119,95,24,24
43527,103,86,17,17
43528,91,96,-5,5
43529,55,53,2,2
43530,64,62,2,2
43531,87,74,13,13
43532,220,183,37,37
43533,85,74,11,11
43534,63,62,1,1
43535,64,58,6,6
43536,109,109,0,0
43537,80,69,11,11
43538,91,79,12,12
43539,146,133,13,13
43540,125,111,14,14
43541,130,122,8,8
43542,127,128,-1,1
43543,113,92,21,21
43544,125,111,14,14
43545,84,75,9,9
43546,111,98,13,13
43547,138,114,24,24
43548,47,44,3,3
43549,75,74,1,1
43550,98,98,0,0
43551,163,139,24,24
43552,140,114,26,26
43553,50,41,9,9
43554,77,69,8,8
43555,64,54,10,10
43556,76,66,10,10
43557,108,95,13,13
43558,53,44,9,9
43559,65,66,-1,1
43560,197,169,28,28
43561,182,154,28,28
43562,71,60,11,11
43563,134,105,29,29
43564,126,103,23,23
43565,54,53,1,1
43566,132,121,11,11
43567,86,72,14,14
43568,106,98,8,8
43569,53,51,2,2
43570,87,79,8,8
43571,80,73,7,7
43572,150,139,11,11
43573,49,43,6,6
43574,137,97,40,40
43575,51,48,3,3
43576,90,73,17,17
43577,125,111,14,14
43578,110,102,8,8
43579,112,105,7,7
43580,51,49,2,2
43581,105,85,20,20
43582,110,103,7,7
43583,93,87,6,6
43584,169,143,26,26
43585,97,70,27,27
43586,97,73,24,24
43587,89,83,6,6
43588,75,67,8,8
43589,119,106,13,13
43590,93,87,6,6
43591,53,52,1,1
43592,121,93,28,28
43593,61,68,-7,7
43594,98,95,3,3
43595,92,84,8,8
43596,63,54,9,9
43597,101,80,21,21
43598,180,152,28,28
43599,70,60,10,10
43600,66,62,4,4
43601,121,114,7,7
43602,100,88,12,12
43603,151,131,20,20
43604,44,58,-14,14
43605,93,83,10,10
43606,79,65,14,14
43607,133,108,25,25
43608,51,47,4,4
43609,111,101,10,10
43610,83,75,8,8
43611,93,89,4,4
43612,78,61,17,17
43613,75,66,9,9
43614,133,120,13,13
43615,128,104,24,24
43616,98,95,3,3
43617,137,107,30,30
43618,79,76,3,3
43619,90,77,13,13
43620,62,59,3,3
43621,170,153,17,17
43622,123,110,13,13
43623,57,58,-1,1
43624,87,88,-1,1
43625,35,44,-9,9
43626,76,76,0,0
43627,95,75,20,20
43628,63,63,0,0
43629,74,64,10,10
43630,125,116,9,9
43631,115,103,12,12
43632,63,58,5,5
43633,141,123,18,18
43634,78,70,8,8
43635,71,65,6,6
43636,90,79,11,11
43637,235,204,31,31
43638,118,98,20,20
43639,65,63,2,2
43640,98,82,16,16
43641,97,94,3,3
43642,48,50,-2,2
43643,110,101,9,9
43644,96,85,11,11
43645,119,102,17,17
43646,141,122,19,19
43647,80,73,7,7
43648,88,101,-13,13
43649,93,83,10,10
43650,141,125,16,16
43651,59,70,-11,11
43652,98,88,10,10
43653,66,69,-3,3
43654,91,82,9,9
43655,90,77,13,13
43656,111,99,12,12
43657,96,84,12,12
43658,103,87,16,16
43659,59,52,7,7
43660,68,64,4,4
43661,73,64,9,9
43662,60,60,0,0
43663,75,83,-8,8
43664,65,62,3,3
43665,91,83,8,8
43666,53,53,0,0
43667,97,89,8,8
43668,66,55,11,11
43669,94,87,7,7
43670,97,86,11,11
43671,81,71,10,10
43672,134,116,18,18
43673,96,92,4,4
43674,115,105,10,10
43675,51,65,-14,14
43676,75,70,5,5
43677,157,132,25,25
43678,86,78,8,8
43679,147,136,11,11
43680,85,74,11,11
43681,88,84,4,4
43682,46,42,4,4
43683,119,110,9,9
43684,109,92,17,17
43685,142,130,12,12
43686,95,87,8,8
43687,93,91,2,2
43688,79,70,9,9
43689,142,126,16,16
43690,83,78,5,5
43691,93,82,11,11
43692,149,101,48,48
43693,114,93,21,21
43694,99,79,20,20
43695,125,116,9,9
43696,116,90,26,26
43697,131,124,7,7
43698,103,86,17,17
43699,79,65,14,14
43700,171,152,19,19
43701,69,68,1,1
43702,78,79,-1,1
43703,67,72,-5,5
43704,82,72,10,10
43705,110,105,5,5
43706,171,142,29,29
43707,46,41,5,5
43708,60,53,7,7
43709,179,147,32,32
43710,68,66,2,2
43711,66,58,8,8
43712,67,61,6,6
43713,87,94,-7,7
43714,61,58,3,3
43715,61,59,2,2
43716,122,114,8,8
43717,96,85,11,11
43718,106,83,23,23
43719,54,48,6,6
43720,76,70,6,6
43721,111,104,7,7
43722,44,43,1,1
43723,163,145,18,18
43724,71,58,13,13
43725,74,66,8,8
43726,97,89,8,8
43727,134,116,18,18
43728,82,67,15,15
43729,79,87,-8,8
43730,138,110,28,28
43731,82,87,-5,5
43732,152,135,17,17
43733,111,104,7,7
43734,123,103,20,20
43735,77,62,15,15
43736,146,122,24,24
43737,82,72,10,10
43738,69,65,4,4
43739,91,90,1,1
43740,166,139,27,27
43741,53,49,4,4
43742,71,62,9,9
43743,84,73,11,11
43744,68,65,3,3
43745,94,93,1,1
43746,101,115,-14,14
43747,106,92,14,14
43748,93,77,16,16
43749,69,64,5,5
43750,136,111,25,25
43751,90,78,12,12
43752,87,67,20,20
43753,64,54,10,10
43754,62,91,-29,29
43755,77,76,1,1
43756,47,58,-11,11
43757,122,110,12,12
43758,67,64,3,3
43759,87,87,0,0
43760,84,67,17,17
43761,68,65,3,3
43762,60,58,2,2
43763,75,68,7,7
43764,90,76,14,14
43765,69,75,-6,6
43766,77,66,11,11
43767,82,69,13,13
43768,127,113,14,14
43769,58,54,4,4
43770,151,130,21,21
43771,125,120,5,5
43772,114,99,15,15
43773,106,100,6,6
43774,85,78,7,7
43775,92,82,10,10
43776,70,60,10,10
43777,124,112,12,12
43778,97,93,4,4
43779,71,69,2,2
43780,146,132,14,14
43781,93,84,9,9
43782,91,76,15,15
43783,63,57,6,6
43784,60,54,6,6
43785,84,90,-6,6
43786,192,173,19,19
43787,93,76,17,17
43788,133,112,21,21
43789,95,83,12,12
43790,65,54,11,11
43791,81,81,0,0
43792,107,100,7,7
43793,131,109,22,22
43794,130,125,5,5
43795,68,57,11,11
43796,77,72,5,5
43797,112,107,5,5
43798,67,66,1,1
43799,91,80,11,11
43800,90,77,13,13
43801,125,113,12,12
43802,69,59,10,10
43803,106,95,11,11
43804,110,91,19,19
43805,65,59,6,6
43806,87,78,9,9
43807,60,49,11,11
43808,91,77,14,14
43809,153,125,28,28
43810,95,85,10,10
43811,150,128,22,22
43812,61,62,-1,1
43813,169,160,9,9
43814,76,68,8,8
43815,93,84,9,9
43816,75,63,12,12
43817,76,75,1,1
43818,85,93,-8,8
43819,63,62,1,1
43820,86,80,6,6
43821,111,94,17,17
43822,81,70,11,11
43823,225,158,67,67
43824,49,47,2,2
43825,90,83,7,7
43826,67,61,6,6
43827,109,101,8,8
43828,103,84,19,19
43829,73,62,11,11
43830,137,123,14,14
43831,93,89,4,4
43832,68,60,8,8
43833,82,89,-7,7
43834,66,66,0,0
43835,110,85,25,25
43836,170,155,15,15
43837,104,91,13,13
43838,73,69,4,4
43839,137,118,19,19
43840,55,46,9,9
43841,52,53,-1,1
43842,95,78,17,17
43843,48,43,5,5
43844,67,70,-3,3
43845,64,59,5,5
43846,71,64,7,7
43847,77,67,10,10
43848,66,54,12,12
43849,78,68,10,10
43850,71,67,4,4
43851,117,107,10,10
43852,83,67,16,16
43853,43,43,0,0
43854,100,83,17,17
43855,50,52,-2,2
43856,140,129,11,11
43857,86,91,-5,5
43858,63,56,7,7
43859,91,81,10,10
43860,113,97,16,16
43861,63,57,6,6
43862,61,54,7,7
43863,78,78,0,0
43864,34,43,-9,9
43865,90,93,-3,3
43866,47,39,8,8
43867,64,64,0,0
43868,58,59,-1,1
43869,116,107,9,9
43870,117,102,15,15
43871,84,82,2,2
43872,105,97,8,8
43873,86,78,8,8
43874,68,50,18,18
43875,131,125,6,6
43876,77,71,6,6
43877,76,63,13,13
43878,117,96,21,21
43879,97,83,14,14
43880,123,108,15,15
43881,98,89,9,9
43882,71,63,8,8
43883,127,109,18,18
43884,56,50,6,6
43885,122,101,21,21
43886,49,51,-2,2
43887,60,58,2,2
43888,115,99,16,16
43889,78,74,4,4
43890,46,46,0,0
43891,119,103,16,16
43892,129,131,-2,2
43893,66,57,9,9
43894,142,127,15,15
43895,79,69,10,10
43896,71,69,2,2
43897,144,126,18,18
43898,106,97,9,9
43899,77,71,6,6
43900,74,72,2,2
43901,69,62,7,7
43902,88,75,13,13
43903,59,51,8,8
43904,123,110,13,13
43905,54,51,3,3
43906,43,45,-2,2
43907,155,121,34,34
43908,68,62,6,6
43909,131,119,12,12
43910,146,125,21,21
43911,102,76,26,26
43912,80,74,6,6
43913,57,58,-1,1
43914,81,71,10,10
43915,104,106,-2,2
43916,39,35,4,4
43917,78,71,7,7
43918,112,102,10,10
43919,44,76,-32,32
43920,79,69,10,10
43921,132,115,17,17
43922,117,107,10,10
43923,80,76,4,4
43924,88,71,17,17
43925,61,54,7,7
43926,57,43,14,14
43927,123,111,12,12
43928,60,59,1,1
43929,113,95,18,18
43930,64,62,2,2
43931,101,84,17,17
43932,143,128,15,15
43933,71,69,2,2
43934,80,64,16,16
43935,70,61,9,9
43936,45,42,3,3
43937,44,44,0,0
43938,92,77,15,15
43939,67,65,2,2
43940,63,48,15,15
43941,139,119,20,20
43942,127,106,21,21
43943,69,60,9,9
43944,136,117,19,19
43945,109,104,5,5
43946,120,106,14,14
43947,63,57,6,6
43948,50,48,2,2
43949,97,82,15,15
43950,103,83,20,20
43951,89,75,14,14
43952,85,70,15,15
43953,173,149,24,24
43954,128,112,16,16
43955,171,155,16,16
43956,49,44,5,5
43957,99,77,22,22
43958,129,124,5,5
43959,85,81,4,4
43960,102,86,16,16
43961,124,112,12,12
43962,122,100,22,22
43963,137,120,17,17
43964,89,85,4,4
43965,51,44,7,7
43966,81,89,-8,8
43967,88,71,17,17
43968,76,72,4,4
43969,111,106,5,5
43970,86,78,8,8
43971,131,114,17,17
43972,23,23,0,0
43973,109,96,13,13
43974,84,75,9,9
43975,101,92,9,9
43976,139,124,15,15
43977,58,61,-3,3
43978,71,66,5,5
43979,95,74,21,21
43980,70,61,9,9
43981,65,64,1,1
43982,95,81,14,14
43983,109,93,16,16
43984,57,53,4,4
43985,103,92,11,11
43986,184,148,36,36
43987,80,69,11,11
43988,103,93,10,10
43989,94,110,-16,16
43990,62,55,7,7
43991,110,81,29,29
43992,109,101,8,8
43993,47,46,1,1
43994,107,100,7,7
43995,184,146,38,38
43996,122,120,2,2
43997,155,141,14,14
43998,66,65,1,1
43999,63,56,7,7
44000,104,108,-4,4
44001,100,82,18,18
44002,82,89,-7,7
44003,162,144,18,18
44004,122,114,8,8
44005,78,117,-39,39
44006,71,58,13,13
44007,131,102,29,29
44008,113,90,23,23
44009,84,81,3,3
44010,65,56,9,9
44011,81,76,5,5
44012,93,73,20,20
44013,67,62,5,5
44014,148,117,31,31
44015,72,70,2,2
44016,106,87,19,19
44017,79,79,0,0
44018,113,102,11,11
44019,66,58,8,8
44020,68,54,14,14
44021,63,55,8,8
44022,81,89,-8,8
44023,117,103,14,14
44024,70,95,-25,25
44025,78,69,9,9
44026,165,155,10,10
44027,40,37,3,3
44028,85,82,3,3
44029,73,100,-27,27
44030,104,89,15,15
44031,129,105,24,24
44032,116,97,19,19
44033,115,99,16,16
44034,82,71,11,11
44035,84,78,6,6
44036,82,79,3,3
44037,29,57,-28,28
44038,64,65,-1,1
44039,66,50,16,16
44040,114,101,13,13
44041,146,120,26,26
44042,65,56,9,9
44043,42,39,3,3
44044,157,144,13,13
44045,89,78,11,11
44046,116,120,-4,4
44047,54,50,4,4
44048,77,68,9,9
44049,79,75,4,4
44050,137,121,16,16
44051,67,57,10,10
44052,105,102,3,3
44053,149,104,45,45
44054,57,56,1,1
44055,104,102,2,2
44056,89,88,1,1
44057,82,79,3,3
44058,106,110,-4,4
44059,191,165,26,26
44060,87,75,12,12
44061,58,52,6,6
44062,114,102,12,12
44063,114,107,7,7
44064,118,101,17,17
44065,159,135,24,24
44066,58,49,9,9
44067,95,86,9,9
44068,74,68,6,6
44069,135,109,26,26
44070,134,123,11,11
44071,87,72,15,15
44072,130,107,23,23
44073,119,104,15,15
44074,142,122,20,20
44075,152,134,18,18
44076,105,92,13,13
44077,63,58,5,5
44078,92,82,10,10
44079,75,63,12,12
44080,96,84,12,12
44081,75,60,15,15
44082,56,49,7,7
44083,72,61,11,11
44084,89,94,-5,5
44085,58,55,3,3
44086,76,68,8,8
44087,90,95,-5,5
44088,73,73,0,0
44089,78,71,7,7
44090,110,107,3,3
44091,174,136,38,38
44092,104,81,23,23
44093,94,87,7,7
44094,165,133,32,32
44095,107,89,18,18
44096,78,70,8,8
44097,90,77,13,13
44098,124,106,18,18
44099,129,107,22,22
44100,66,58,8,8
44101,73,70,3,3
44102,139,128,11,11
44103,72,70,2,2
44104,140,121,19,19
44105,93,88,5,5
44106,135,117,18,18
44107,56,51,5,5
44108,76,63,13,13
44109,102,94,8,8
44110,102,95,7,7
44111,130,110,20,20
44112,152,137,15,15
44113,76,66,10,10
44114,178,159,19,19
44115,85,68,17,17
44116,78,64,14,14
44117,97,103,-6,6
44118,113,108,5,5
44119,81,76,5,5
44120,65,67,-2,2
44121,42,42,0,0
44122,72,75,-3,3
44123,115,102,13,13
44124,80,77,3,3
44125,39,35,4,4
44126,85,72,13,13
44127,101,86,15,15
44128,158,139,19,19
44129,91,85,6,6
44130,68,63,5,5
44131,112,107,5,5
44132,161,143,18,18
44133,147,139,8,8
44134,63,59,4,4
44135,60,65,-5,5
44136,84,75,9,9
44137,112,99,13,13
44138,129,107,22,22
44139,136,122,14,14
44140,130,113,17,17
44141,74,68,6,6
44142,111,102,9,9
44143,118,108,10,10
44144,60,52,8,8
44145,59,62,-3,3
44146,90,82,8,8
44147,72,69,3,3
44148,118,106,12,12
44149,63,56,7,7
44150,91,79,12,12
44151,106,99,7,7
44152,89,80,9,9
44153,111,99,12,12
44154,131,117,14,14
44155,85,84,1,1
44156,97,89,8,8
44157,41,42,-1,1
44158,104,95,9,9
44159,137,127,10,10
44160,110,93,17,17
44161,50,66,-16,16
44162,143,114,29,29
44163,110,97,13,13
44164,79,75,4,4
44165,79,73,6,6
44166,71,68,3,3
44167,116,106,10,10
44168,89,76,13,13
44169,85,79,6,6
44170,62,61,1,1
44171,105,84,21,21
44172,110,104,6,6
44173,68,71,-3,3
44174,125,118,7,7
44175,120,104,16,16
44176,118,103,15,15
44177,63,55,8,8
44178,42,41,1,1
44179,49,46,3,3
44180,96,83,13,13
44181,107,96,11,11
44182,108,103,5,5
44183,94,84,10,10
44184,89,78,11,11
44185,117,104,13,13
44186,120,112,8,8
44187,71,63,8,8
44188,71,67,4,4
44189,58,56,2,2
44190,90,91,-1,1
44191,118,97,21,21
44192,43,61,-18,18
44193,78,69,9,9
44194,159,135,24,24
44195,99,98,1,1
44196,92,87,5,5
44197,148,122,26,26
44198,97,77,20,20
44199,84,81,3,3
44200,45,39,6,6
44201,63,60,3,3
44202,117,97,20,20
44203,122,106,16,16
44204,115,96,19,19
44205,110,95,15,15
44206,114,96,18,18
44207,71,65,6,6
44208,132,127,5,5
44209,73,63,10,10
44210,137,118,19,19
44211,79,68,11,11
44212,79,63,16,16
44213,106,93,13,13
44214,99,81,18,18
44215,77,92,-15,15
44216,127,119,8,8
44217,96,79,17,17
44218,66,57,9,9
44219,63,58,5,5
44220,95,88,7,7
44221,97,83,14,14
44222,42,37,5,5
44223,60,43,17,17
44224,59,59,0,0
44225,66,58,8,8
44226,140,95,45,45
44227,64,61,3,3
44228,72,65,7,7
44229,85,73,12,12
44230,119,89,30,30
44231,99,83,16,16
44232,133,112,21,21
44233,75,71,4,4
44234,66,60,6,6
44235,102,86,16,16
44236,63,63,0,0
44237,133,113,20,20
44238,144,126,18,18
44239,141,113,28,28
44240,97,92,5,5
44241,90,87,3,3
44242,124,115,9,9
44243,123,114,9,9
44244,191,153,38,38
44245,62,52,10,10
44246,58,56,2,2
44247,98,82,16,16
44248,113,100,13,13
44249,107,89,18,18
44250,106,95,11,11
44251,95,82,13,13
44252,144,123,21,21
44253,50,42,8,8
44254,195,156,39,39
44255,122,92,30,30
44256,97,73,24,24
44257,71,56,15,15
44258,153,131,22,22
44259,67,63,4,4
44260,51,49,2,2
44261,65,64,1,1
44262,78,69,9,9
44263,87,75,12,12
44264,72,69,3,3
44265,81,69,12,12
44266,149,128,21,21
44267,119,94,25,25
44268,102,82,20,20
44269,93,81,12,12
44270,116,106,10,10
44271,125,110,15,15
44272,138,118,20,20
44273,75,74,1,1
44274,100,90,10,10
44275,107,86,21,21
44276,91,104,-13,13
44277,135,118,17,17
44278,47,49,-2,2
44279,95,77,18,18
44280,88,88,0,0
44281,71,61,10,10
44282,110,112,-2,2
44283,108,98,10,10
44284,49,52,-3,3
44285,48,45,3,3
44286,93,83,10,10
44287,94,85,9,9
44288,140,123,17,17
44289,68,58,10,10
44290,79,78,1,1
44291,147,132,15,15
44292,107,87,20,20
44293,77,67,10,10
44294,87,79,8,8
44295,183,163,20,20
44296,123,103,20,20
44297,143,123,20,20
44298,94,83,11,11
44299,96,79,17,17
44300,85,81,4,4
44301,112,102,10,10
44302,82,74,8,8
44303,103,91,12,12
44304,98,90,8,8
44305,104,98,6,6
44306,81,67,14,14
44307,57,53,4,4
44308,113,113,0,0
44309,80,71,9,9
44310,117,105,12,12
44311,68,57,11,11
44312,76,68,8,8
44313,69,69,0,0
44314,86,83,3,3
44315,107,87,20,20
44316,63,53,10,10
44317,127,114,13,13
44318,87,76,11,11
44319,82,73,9,9
44320,92,79,13,13
44321,78,72,6,6
44322,117,101,16,16
44323,93,95,-2,2
44324,116,105,11,11
44325,51,52,-1,1
44326,80,66,14,14
44327,126,119,7,7
44328,48,54,-6,6
44329,183,163,20,20
44330,61,58,3,3
44331,128,118,10,10
44332,95,77,18,18
44333,107,85,22,22
44334,87,83,4,4
44335,136,124,12,12
44336,49,45,4,4
44337,77,64,13,13
44338,114,100,14,14
44339,139,114,25,25
44340,90,82,8,8
44341,164,149,15,15
44342,124,121,3,3
44343,115,105,10,10
44344,111,94,17,17
44345,144,130,14,14
44346,72,69,3,3
44347,121,105,16,16
44348,131,108,23,23
44349,99,97,2,2
44350,55,55,0,0
44351,125,104,21,21
44352,43,42,1,1
44353,75,62,13,13
44354,71,61,10,10
44355,62,59,3,3
44356,86,73,13,13
44357,78,70,8,8
44358,101,89,12,12
44359,81,74,7,7
44360,144,118,26,26
44361,121,99,22,22
44362,84,73,11,11
44363,91,77,14,14
44364,108,112,-4,4
44365,84,74,10,10
44366,96,80,16,16
44367,130,118,12,12
44368,53,47,6,6
44369,111,109,2,2
44370,65,50,15,15
44371,138,115,23,23
44372,39,36,3,3
44373,54,54,0,0
44374,48,41,7,7
44375,62,54,8,8
44376,110,100,10,10
44377,88,83,5,5
44378,92,76,16,16
44379,124,105,19,19
44380,86,78,8,8
44381,89,89,0,0
44382,96,93,3,3
44383,50,49,1,1
44384,92,75,17,17
44385,70,64,6,6
44386,101,92,9,9
44387,143,120,23,23
44388,128,126,2,2
44389,83,76,7,7
44390,59,55,4,4
44391,131,110,21,21
44392,79,67,12,12
44393,66,57,9,9
44394,110,91,19,19
44395,99,86,13,13
44396,100,93,7,7
44397,92,83,9,9
44398,115,95,20,20
44399,87,70,17,17
44400,105,87,18,18
44401,77,68,9,9
44402,93,86,7,7
44403,124,108,16,16
44404,71,69,2,2
44405,68,63,5,5
44406,107,103,4,4
44407,130,117,13,13
44408,32,37,-5,5
44409,96,97,-1,1
44410,82,68,14,14
44411,73,63,10,10
44412,57,72,-15,15
44413,60,57,3,3
44414,61,56,5,5
44415,127,103,24,24
44416,67,56,11,11
44417,148,121,27,27
44418,111,97,14,14
44419,119,100,19,19
44420,86,71,15,15
44421,88,77,11,11
44422,68,59,9,9
44423,65,63,2,2
44424,64,63,1,1
44425,158,120,38,38
44426,144,112,32,32
44427,91,83,8,8
44428,63,57,6,6
44429,88,82,6,6
44430,122,97,25,25
44431,51,49,2,2
44432,124,119,5,5
44433,118,93,25,25
44434,49,41,8,8
44435,94,75,19,19
44436,69,59,10,10
44437,168,140,28,28
44438,79,74,5,5
44439,70,67,3,3
44440,199,177,22,22
44441,43,46,-3,3
44442,85,80,5,5
44443,51,47,4,4
44444,135,114,21,21
44445,57,68,-11,11
44446,191,176,15,15
44447,94,91,3,3
44448,109,102,7,7
44449,76,67,9,9
44450,175,155,20,20
44451,126,117,9,9
44452,143,121,22,22
44453,101,89,12,12
44454,50,67,-17,17
44455,84,79,5,5
44456,94,82,12,12
44457,110,97,13,13
44458,170,131,39,39
44459,149,126,23,23
44460,94,87,7,7
44461,102,93,9,9
44462,118,119,-1,1
44463,112,104,8,8
44464,108,97,11,11
44465,58,56,2,2
44466,39,98,-59,59
44467,112,97,15,15
44468,107,106,1,1
44469,61,54,7,7
44470,99,86,13,13
44471,62,66,-4,4
44472,119,98,21,21
44473,105,87,18,18
44474,93,75,18,18
44475,109,96,13,13
44476,132,112,20,20
44477,83,94,-11,11
44478,46,43,3,3
44479,170,141,29,29
44480,217,167,50,50
44481,119,107,12,12
44482,140,140,0,0
44483,106,91,15,15
44484,100,88,12,12
44485,61,54,7,7
44486,111,116,-5,5
44487,117,92,25,25
44488,68,70,-2,2
44489,94,85,9,9
44490,74,65,9,9
44491,109,105,4,4
44492,98,104,-6,6
44493,103,86,17,17
44494,78,79,-1,1
44495,80,72,8,8
44496,83,73,10,10
44497,76,74,2,2
44498,110,98,12,12
44499,152,130,22,22
44500,81,64,17,17
44501,133,119,14,14
44502,66,58,8,8
44503,102,87,15,15
44504,102,91,11,11
44505,53,48,5,5
44506,139,124,15,15
44507,133,113,20,20
44508,57,53,4,4
44509,61,54,7,7
44510,116,94,22,22
44511,97,85,12,12
44512,187,151,36,36
44513,62,54,8,8
44514,102,91,11,11
44515,62,62,0,0
44516,48,39,9,9
44517,108,102,6,6
44518,68,59,9,9
44519,112,100,12,12
44520,154,131,23,23
44521,76,69,7,7
44522,110,106,4,4
44523,89,83,6,6
44524,128,111,17,17
44525,61,62,-1,1
44526,60,62,-2,2
44527,143,130,13,13
44528,107,100,7,7
44529,76,61,15,15
44530,79,74,5,5
44531,65,56,9,9
44532,104,97,7,7
44533,145,128,17,17
44534,86,68,18,18
44535,83,74,9,9
44536,88,89,-1,1
44537,178,150,28,28
44538,116,109,7,7
44539,105,111,-6,6
44540,72,70,2,2
44541,77,69,8,8
44542,56,56,0,0
44543,109,87,22,22
44544,45,42,3,3
44545,106,89,17,17
44546,42,40,2,2
44547,118,109,9,9
44548,102,84,18,18
44549,47,65,-18,18
44550,70,65,5,5
44551,103,92,11,11
44552,123,116,7,7
44553,170,110,60,60
44554,124,118,6,6
44555,98,93,5,5
44556,57,61,-4,4
44557,122,116,6,6
44558,59,53,6,6
44559,107,94,13,13
44560,73,62,11,11
44561,65,60,5,5
44562,53,46,7,7
44563,152,130,22,22
44564,81,64,17,17
44565,87,74,13,13
44566,77,66,11,11
44567,129,121,8,8
44568,165,145,20,20
44569,111,102,9,9
44570,108,103,5,5
44571,67,63,4,4
44572,78,69,9,9
44573,105,88,17,17
44574,72,63,9,9
44575,75,77,-2,2
44576,85,70,15,15
44577,57,52,5,5
44578,115,113,2,2
44579,74,65,9,9
44580,170,149,21,21
44581,90,86,4,4
44582,85,79,6,6
44583,65,63,2,2
44584,45,40,5,5
44585,160,129,31,31
44586,160,134,26,26
44587,99,93,6,6
44588,62,67,-5,5
44589,121,110,11,11
44590,129,111,18,18
44591,98,91,7,7
44592,104,90,14,14
44593,69,62,7,7
44594,75,63,12,12
44595,95,83,12,12
44596,118,106,12,12
44597,94,122,-28,28
44598,100,94,6,6
44599,129,106,23,23
44600,118,104,14,14
44601,57,141,-84,84
44602,68,61,7,7
44603,123,110,13,13
44604,93,77,16,16
44605,53,55,-2,2
44606,92,81,11,11
44607,78,71,7,7
44608,175,134,41,41
44609,115,117,-2,2
44610,70,68,2,2
44611,161,127,34,34
44612,61,58,3,3
44613,64,57,7,7
44614,86,79,7,7
44615,84,74,10,10
44616,152,129,23,23
44617,116,102,14,14
44618,53,52,1,1
44619,57,54,3,3
44620,68,68,0,0
44621,178,154,24,24
44622,93,80,13,13
44623,120,101,19,19
44624,136,126,10,10
44625,39,39,0,0
44626,102,87,15,15
44627,167,151,16,16
44628,65,57,8,8
44629,50,55,-5,5
44630,80,68,12,12
44631,126,105,21,21
44632,67,60,7,7
44633,59,61,-2,2
44634,116,103,13,13
44635,95,85,10,10
44636,57,53,4,4
44637,75,74,1,1
44638,99,89,10,10
44639,94,82,12,12
44640,65,56,9,9
44641,90,80,10,10
44642,126,105,21,21
44643,86,86,0,0
44644,103,91,12,12
44645,92,93,-1,1
44646,120,107,13,13
44647,86,73,13,13
44648,19,14,5,5
44649,138,118,20,20
44650,86,77,9,9
44651,126,109,17,17
44652,103,94,9,9
44653,89,77,12,12
44654,71,65,6,6
44655,63,56,7,7
44656,76,68,8,8
44657,154,134,20,20
44658,64,59,5,5
44659,73,65,8,8
44660,61,57,4,4
44661,57,60,-3,3
44662,142,132,10,10
44663,193,165,28,28
44664,58,67,-9,9
44665,89,89,0,0
44666,88,80,8,8
44667,121,106,15,15
44668,110,95,15,15
44669,116,99,17,17
44670,100,85,15,15
44671,62,54,8,8
44672,100,96,4,4
44673,146,114,32,32
44674,33,33,0,0
44675,105,97,8,8
44676,93,83,10,10
44677,48,52,-4,4
44678,74,69,5,5
44679,55,50,5,5
44680,77,65,12,12
44681,83,68,15,15
44682,162,139,23,23
44683,59,54,5,5
44684,196,170,26,26
44685,95,79,16,16
44686,64,54,10,10
44687,107,99,8,8
44688,163,137,26,26
44689,78,66,12,12
44690,66,67,-1,1
44691,62,65,-3,3
44692,109,89,20,20
44693,77,71,6,6
44694,125,105,20,20
44695,103,89,14,14
44696,81,70,11,11
44697,50,47,3,3
44698,116,118,-2,2
44699,70,73,-3,3
44700,68,55,13,13
44701,96,80,16,16
44702,155,123,32,32
44703,128,121,7,7
44704,75,71,4,4
44705,116,101,15,15
44706,88,80,8,8
44707,100,81,19,19
44708,73,67,6,6
44709,140,129,11,11
44710,106,94,12,12
44711,87,82,5,5
44712,78,79,-1,1
44713,92,80,12,12
44714,109,92,17,17
44715,69,67,2,2
44716,174,152,22,22
44717,60,54,6,6
44718,61,52,9,9
44719,59,57,2,2
44720,124,108,16,16
44721,85,73,12,12
44722,136,100,36,36
44723,118,110,8,8
44724,81,74,7,7
44725,80,73,7,7
44726,69,58,11,11
44727,60,59,1,1
44728,63,59,4,4
44729,46,39,7,7
44730,61,55,6,6
44731,65,66,-1,1
44732,104,97,7,7
44733,144,122,22,22
44734,73,83,-10,10
44735,77,68,9,9
44736,96,85,11,11
44737,71,73,-2,2
44738,74,69,5,5
44739,60,56,4,4
44740,80,73,7,7
44741,74,71,3,3
44742,168,136,32,32
44743,145,122,23,23
44744,86,82,4,4
44745,137,122,15,15
44746,121,105,16,16
44747,91,71,20,20
44748,68,64,4,4
44749,78,63,15,15
44750,84,79,5,5
44751,150,127,23,23
44752,103,83,20,20
44753,79,69,10,10
44754,63,61,2,2
44755,70,63,7,7
44756,229,194,35,35
44757,130,128,2,2
44758,81,76,5,5
44759,112,92,20,20
44760,134,106,28,28
44761,82,73,9,9
44762,152,191,-39,39
44763,90,87,3,3
44764,105,104,1,1
44765,138,123,15,15
44766,95,86,9,9
44767,86,72,14,14
44768,91,73,18,18
44769,58,66,-8,8
44770,130,108,22,22
44771,154,130,24,24
44772,69,66,3,3
44773,158,120,38,38
44774,136,119,17,17
44775,56,55,1,1
44776,86,74,12,12
44777,49,47,2,2
44778,138,120,18,18
44779,100,89,11,11
44780,146,126,20,20
44781,56,51,5,5
44782,79,73,6,6
44783,53,45,8,8
44784,59,51,8,8
44785,64,54,10,10
44786,108,90,18,18
44787,66,57,9,9
44788,117,107,10,10
44789,60,52,8,8
44790,51,47,4,4
44791,104,89,15,15
44792,92,100,-8,8
44793,87,69,18,18
44794,84,98,-14,14
44795,155,137,18,18
44796,100,93,7,7
44797,43,41,2,2
44798,72,56,16,16
44799,124,117,7,7
44800,116,123,-7,7
44801,159,128,31,31
44802,91,94,-3,3
44803,71,60,11,11
44804,158,136,22,22
44805,71,66,5,5
44806,102,86,16,16
44807,117,101,16,16
44808,94,86,8,8
44809,79,79,0,0
44810,51,50,1,1
44811,63,54,9,9
44812,55,53,2,2
44813,152,116,36,36
44814,78,56,22,22
44815,54,48,6,6
44816,80,70,10,10
44817,59,52,7,7
44818,84,77,7,7
44819,110,94,16,16
44820,124,99,25,25
44821,92,73,19,19
44822,126,115,11,11
44823,130,110,20,20
44824,89,79,10,10
44825,109,95,14,14
44826,87,87,0,0
44827,75,60,15,15
44828,225,196,29,29
44829,182,161,21,21
44830,82,75,7,7
44831,54,56,-2,2
44832,187,154,33,33
44833,128,121,7,7
44834,87,70,17,17
44835,92,73,19,19
44836,58,61,-3,3
44837,63,54,9,9
44838,100,82,18,18
44839,102,100,2,2
44840,46,47,-1,1
44841,89,88,1,1
44842,61,52,9,9
44843,134,122,12,12
44844,69,63,6,6
44845,118,103,15,15
44846,153,131,22,22
44847,115,98,17,17
44848,88,75,13,13
44849,91,81,10,10
44850,51,47,4,4
44851,68,72,-4,4
44852,155,131,24,24
44853,52,47,5,5
44854,71,65,6,6
44855,100,85,15,15
44856,81,69,12,12
44857,168,142,26,26
44858,80,68,12,12
44859,83,72,11,11
44860,90,88,2,2
44861,99,86,13,13
44862,45,40,5,5
44863,110,98,12,12
44864,118,92,26,26
44865,98,85,13,13
44866,162,134,28,28
44867,54,48,6,6
44868,80,74,6,6
44869,91,74,17,17
44870,81,66,15,15
44871,89,78,11,11
44872,58,52,6,6
44873,194,180,14,14
44874,78,74,4,4
44875,63,54,9,9
44876,61,55,6,6
44877,98,85,13,13
44878,95,83,12,12
44879,97,81,16,16
44880,96,98,-2,2
44881,89,76,13,13
44882,154,130,24,24
44883,51,47,4,4
44884,117,92,25,25
44885,42,48,-6,6
44886,92,79,13,13
44887,91,84,7,7
44888,162,152,10,10
44889,75,67,8,8
44890,104,95,9,9
44891,117,107,10,10
44892,74,75,-1,1
44893,52,48,4,4
44894,77,65,12,12
44895,83,71,12,12
44896,71,67,4,4
44897,57,49,8,8
44898,62,54,8,8
44899,114,99,15,15
44900,58,57,1,1
44901,120,110,10,10
44902,74,68,6,6
44903,95,73,22,22
44904,63,62,1,1
44905,84,83,1,1
44906,57,58,-1,1
44907,70,66,4,4
44908,71,71,0,0
44909,71,55,16,16
44910,140,112,28,28
44911,116,109,7,7
44912,62,61,1,1
44913,96,95,1,1
44914,73,67,6,6
44915,79,69,10,10
44916,97,76,21,21
44917,80,64,16,16
44918,76,69,7,7
44919,67,61,6,6
44920,176,151,25,25
44921,71,76,-5,5
44922,89,77,12,12
44923,75,65,10,10
44924,142,119,23,23
44925,96,86,10,10
44926,70,67,3,3
44927,134,117,17,17
44928,123,110,13,13
44929,71,71,0,0
44930,45,49,-4,4
44931,102,91,11,11
44932,130,119,11,11
44933,134,120,14,14
44934,71,69,2,2
44935,111,112,-1,1
44936,134,108,26,26
44937,131,102,29,29
44938,136,144,-8,8
44939,116,101,15,15
44940,156,133,23,23
44941,139,112,27,27
44942,102,90,12,12
44943,69,67,2,2
44944,81,68,13,13
44945,109,103,6,6
44946,94,83,11,11
44947,77,65,12,12
44948,173,159,14,14
44949,70,66,4,4
44950,77,74,3,3
44951,95,81,14,14
44952,96,83,13,13
44953,90,82,8,8
44954,47,58,-11,11
44955,116,111,5,5
44956,84,65,19,19
44957,62,60,2,2
44958,128,125,3,3
44959,83,73,10,10
44960,90,85,5,5
44961,86,78,8,8
44962,113,98,15,15
44963,153,123,30,30
44964,90,79,11,11
44965,96,87,9,9
44966,76,74,2,2
44967,73,67,6,6
44968,98,87,11,11
44969,23,39,-16,16
44970,57,54,3,3
44971,65,73,-8,8
44972,107,97,10,10
44973,140,124,16,16
44974,112,90,22,22
44975,149,144,5,5
44976,100,72,28,28
44977,100,88,12,12
44978,64,52,12,12
44979,89,75,14,14
44980,154,131,23,23
44981,53,52,1,1
44982,45,40,5,5
44983,61,58,3,3
44984,108,96,12,12
44985,88,70,18,18
44986,109,103,6,6
44987,143,110,33,33
44988,91,92,-1,1
44989,102,91,11,11
44990,61,65,-4,4
44991,85,78,7,7
44992,121,94,27,27
44993,65,56,9,9
44994,56,48,8,8
44995,103,90,13,13
44996,111,87,24,24
44997,102,87,15,15
44998,99,78,21,21
44999,97,105,-8,8
45000,79,69,10,10
45001,139,120,19,19
45002,107,84,23,23
45003,166,154,12,12
45004,51,51,0,0
45005,75,59,16,16
45006,113,96,17,17
45007,69,69,0,0
45008,129,114,15,15
45009,197,171,26,26
45010,104,94,10,10
45011,99,93,6,6
45012,86,68,18,18
45013,95,77,18,18
45014,138,116,22,22
45015,78,68,10,10
45016,47,76,-29,29
45017,56,52,4,4
45018,62,59,3,3
45019,64,61,3,3
45020,105,78,27,27
45021,104,89,15,15
45022,140,120,20,20
45023,84,83,1,1
45024,126,121,5,5
45025,82,72,10,10
45026,75,67,8,8
45027,92,84,8,8
45028,77,69,8,8
45029,100,88,12,12
45030,140,129,11,11
45031,67,52,15,15
45032,117,111,6,6
45033,54,52,2,2
45034,81,74,7,7
45035,130,117,13,13
45036,100,84,16,16
45037,86,74,12,12
45038,57,57,0,0
45039,115,97,18,18
45040,147,132,15,15
45041,86,76,10,10
45042,39,40,-1,1
45043,79,70,9,9
45044,89,84,5,5
45045,70,59,11,11
45046,73,71,2,2
45047,113,95,18,18
45048,99,94,5,5
45049,78,69,9,9
45050,132,119,13,13
45051,79,79,0,0
45052,143,124,19,19
45053,57,55,2,2
45054,49,44,5,5
45055,85,74,11,11
45056,49,70,-21,21
45057,96,79,17,17
45058,87,78,9,9
45059,151,110,41,41
45060,147,128,19,19
45061,94,87,7,7
45062,91,80,11,11
45063,56,50,6,6
45064,123,120,3,3
45065,188,153,35,35
45066,55,43,12,12
45067,117,97,20,20
45068,106,93,13,13
45069,109,107,2,2
45070,61,52,9,9
45071,46,50,-4,4
45072,62,52,10,10
45073,102,88,14,14
45074,62,54,8,8
45075,85,76,9,9
45076,89,77,12,12
45077,96,86,10,10
45078,132,116,16,16
45079,94,83,11,11
45080,118,97,21,21
45081,73,64,9,9
45082,69,64,5,5
45083,57,56,1,1
45084,86,80,6,6
45085,130,105,25,25
45086,144,123,21,21
45087,67,60,7,7
45088,64,89,-25,25
45089,85,70,15,15
45090,104,101,3,3
45091,109,91,18,18
45092,110,97,13,13
45093,129,107,22,22
45094,97,83,14,14
45095,85,76,9,9
45096,104,88,16,16
45097,77,75,2,2
45098,81,78,3,3
45099,97,84,13,13
45100,130,127,3,3
45101,67,61,6,6
45102,55,50,5,5
45103,92,75,17,17
45104,83,78,5,5
45105,135,128,7,7
45106,69,56,13,13
45107,109,99,10,10
45108,98,80,18,18
45109,95,80,15,15
45110,121,112,9,9
45111,80,64,16,16
45112,79,71,8,8
45113,123,113,10,10
45114,117,101,16,16
45115,59,57,2,2
45116,89,81,8,8
45117,82,74,8,8
45118,117,96,21,21
45119,69,66,3,3
45120,123,99,24,24
45121,57,60,-3,3
45122,87,70,17,17
45123,105,95,10,10
45124,108,96,12,12
45125,76,66,10,10
45126,74,92,-18,18
45127,84,65,19,19
45128,96,89,7,7
45129,78,70,8,8
45130,76,74,2,2
45131,88,85,3,3
45132,89,81,8,8
45133,90,84,6,6
45134,60,53,7,7
45135,53,52,1,1
45136,67,62,5,5
45137,89,78,11,11
45138,149,116,33,33
45139,95,86,9,9
45140,109,103,6,6
45141,169,157,12,12
45142,78,65,13,13
45143,122,108,14,14
45144,48,59,-11,11
45145,108,107,1,1
45146,90,81,9,9
45147,147,124,23,23
45148,69,63,6,6
45149,112,91,21,21
45150,158,136,22,22
45151,123,120,3,3
45152,42,43,-1,1
45153,135,113,22,22
45154,148,124,24,24
45155,109,98,11,11
45156,73,61,12,12
45157,88,77,11,11
45158,90,74,16,16
45159,55,52,3,3
45160,83,79,4,4
45161,54,43,11,11
45162,85,79,6,6
45163,75,62,13,13
45164,121,110,11,11
45165,65,56,9,9
45166,77,64,13,13
45167,102,87,15,15
45168,104,100,4,4
45169,67,56,11,11
45170,134,108,26,26
45171,107,87,20,20
45172,87,81,6,6
45173,168,145,23,23
45174,145,131,14,14
45175,127,118,9,9
45176,168,140,28,28
45177,113,94,19,19
45178,64,64,0,0
45179,64,59,5,5
45180,83,77,6,6
45181,83,73,10,10
45182,125,105,20,20
45183,61,53,8,8
45184,40,39,1,1
45185,57,48,9,9
45186,153,129,24,24
45187,101,94,7,7
45188,83,76,7,7
45189,89,89,0,0
45190,111,99,12,12
45191,77,68,9,9
45192,127,107,20,20
45193,128,114,14,14
45194,146,120,26,26
45195,49,50,-1,1
45196,49,55,-6,6
45197,57,59,-2,2
45198,89,77,12,12
45199,88,93,-5,5
45200,153,142,11,11
45201,71,66,5,5
45202,135,123,12,12
45203,109,89,20,20
45204,73,63,10,10
45205,185,149,36,36
45206,69,62,7,7
45207,109,99,10,10
45208,74,71,3,3
45209,181,138,43,43
45210,96,89,7,7
45211,93,96,-3,3
45212,60,51,9,9
45213,104,95,9,9
45214,67,52,15,15
45215,89,87,2,2
45216,128,105,23,23
45217,100,87,13,13
45218,96,84,12,12
45219,90,74,16,16
45220,68,60,8,8
45221,126,105,21,21
45222,54,54,0,0
45223,106,99,7,7
45224,63,57,6,6
45225,113,85,28,28
45226,45,48,-3,3
45227,98,82,16,16
45228,156,129,27,27
45229,52,52,0,0
45230,134,110,24,24
45231,74,67,7,7
45232,102,91,11,11
45233,100,88,12,12
45234,62,60,2,2
45235,82,68,14,14
45236,105,83,22,22
45237,69,66,3,3
45238,124,125,-1,1
45239,118,102,16,16
45240,82,75,7,7
45241,63,62,1,1
45242,70,61,9,9
45243,68,62,6,6
45244,121,100,21,21
45245,73,65,8,8
45246,51,48,3,3
45247,81,67,14,14
45248,146,122,24,24
45249,88,78,10,10
45250,101,89,12,12
45251,126,119,7,7
45252,119,107,12,12
45253,113,108,5,5
45254,172,137,35,35
45255,81,68,13,13
45256,90,81,9,9
45257,110,96,14,14
45258,134,124,10,10
45259,37,45,-8,8
45260,62,57,5,5
45261,65,58,7,7
45262,52,46,6,6
45263,76,72,4,4
45264,116,102,14,14
45265,98,113,-15,15
45266,61,56,5,5
45267,84,78,6,6
45268,153,129,24,24
45269,72,60,12,12
45270,77,68,9,9
45271,86,79,7,7
45272,99,94,5,5
45273,124,107,17,17
45274,66,71,-5,5
45275,76,66,10,10
45276,67,48,19,19
45277,133,108,25,25
45278,91,82,9,9
45279,71,71,0,0
45280,207,161,46,46
45281,65,60,5,5
45282,97,90,7,7
45283,131,121,10,10
45284,120,99,21,21
45285,59,54,5,5
45286,124,111,13,13
45287,74,64,10,10
45288,101,88,13,13
45289,85,75,10,10
45290,85,77,8,8
45291,137,114,23,23
45292,76,65,11,11
45293,136,125,11,11
45294,139,120,19,19
45295,49,50,-1,1
45296,136,119,17,17
45297,75,59,16,16
45298,109,97,12,12
45299,53,49,4,4
45300,110,98,12,12
45301,59,58,1,1
45302,119,105,14,14
45303,86,73,13,13
45304,139,118,21,21
45305,132,110,22,22
45306,191,164,27,27
45307,87,70,17,17
45308,90,80,10,10
45309,122,109,13,13
45310,73,60,13,13
45311,122,98,24,24
45312,93,87,6,6
45313,46,49,-3,3
45314,84,81,3,3
45315,103,83,20,20
45316,39,36,3,3
45317,96,93,3,3
45318,72,63,9,9
45319,146,122,24,24
45320,80,82,-2,2
45321,68,64,4,4
45322,49,46,3,3
45323,110,95,15,15
45324,117,106,11,11
45325,121,98,23,23
45326,55,58,-3,3
45327,149,141,8,8
45328,78,67,11,11
45329,60,61,-1,1
45330,161,140,21,21
45331,95,92,3,3
45332,75,57,18,18
45333,92,86,6,6
45334,112,111,1,1
45335,67,65,2,2
45336,91,77,14,14
45337,109,93,16,16
45338,177,148,29,29
45339,105,100,5,5
45340,82,69,13,13
45341,89,68,21,21
45342,109,94,15,15
45343,67,69,-2,2
45344,117,110,7,7
45345,96,87,9,9
45346,49,51,-2,2
45347,110,92,18,18
45348,57,49,8,8
45349,118,84,34,34
45350,120,103,17,17
45351,77,72,5,5
45352,107,86,21,21
45353,60,62,-2,2
45354,70,56,14,14
45355,115,103,12,12
45356,70,67,3,3
45357,70,58,12,12
45358,96,101,-5,5
45359,72,74,-2,2
45360,72,62,10,10
45361,67,63,4,4
45362,170,141,29,29
45363,57,52,5,5
45364,67,58,9,9
45365,85,79,6,6
45366,95,97,-2,2
45367,119,127,-8,8
45368,84,69,15,15
45369,65,78,-13,13
45370,225,202,23,23
45371,97,87,10,10
45372,81,73,8,8
45373,104,93,11,11
45374,23,24,-1,1
45375,75,68,7,7
45376,115,101,14,14
45377,111,90,21,21
45378,60,52,8,8
45379,72,64,8,8
45380,100,92,8,8
45381,85,71,14,14
45382,60,55,5,5
45383,55,57,-2,2
45384,120,113,7,7
45385,121,115,6,6
45386,79,67,12,12
45387,89,79,10,10
45388,127,104,23,23
45389,86,76,10,10
45390,58,50,8,8
45391,99,80,19,19
45392,126,118,8,8
45393,53,49,4,4
45394,55,53,2,2
45395,107,100,7,7
45396,67,57,10,10
45397,83,83,0,0
45398,81,75,6,6
45399,92,79,13,13
45400,109,91,18,18
45401,148,136,12,12
45402,115,111,4,4
45403,124,106,18,18
45404,103,92,11,11
45405,122,114,8,8
45406,104,95,9,9
45407,58,42,16,16
45408,68,62,6,6
45409,83,82,1,1
45410,51,59,-8,8
45411,84,76,8,8
45412,129,121,8,8
45413,64,62,2,2
45414,150,125,25,25
45415,48,45,3,3
45416,67,54,13,13
45417,72,64,8,8
45418,101,86,15,15
45419,68,57,11,11
45420,135,110,25,25
45421,98,89,9,9
45422,73,66,7,7
45423,93,92,1,1
45424,161,145,16,16
45425,58,55,3,3
45426,125,114,11,11
45427,91,84,7,7
45428,82,71,11,11
45429,82,79,3,3
45430,89,94,-5,5
45431,45,38,7,7
45432,56,74,-18,18
45433,152,158,-6,6
45434,110,91,19,19
45435,81,69,12,12
45436,43,44,-1,1
45437,154,144,10,10
45438,82,67,15,15
45439,104,102,2,2
45440,78,77,1,1
45441,130,107,23,23
45442,66,68,-2,2
45443,86,81,5,5
45444,98,94,4,4
45445,106,96,10,10
45446,78,74,4,4
45447,89,73,16,16
45448,84,77,7,7
45449,111,90,21,21
45450,73,66,7,7
45451,115,123,-8,8
45452,174,148,26,26
45453,87,69,18,18
45454,102,91,11,11
45455,77,62,15,15
45456,37,33,4,4
45457,131,115,16,16
45458,104,91,13,13
45459,109,129,-20,20
45460,89,76,13,13
45461,108,95,13,13
45462,158,133,25,25
45463,69,62,7,7
45464,89,72,17,17
45465,42,38,4,4
45466,97,72,25,25
45467,70,66,4,4
45468,116,100,16,16
45469,138,133,5,5
45470,110,99,11,11
45471,105,88,17,17
45472,51,54,-3,3
45473,94,91,3,3
45474,75,64,11,11
45475,129,120,9,9
45476,88,74,14,14
45477,100,81,19,19
45478,79,69,10,10
45479,176,156,20,20
45480,86,72,14,14
45481,88,87,1,1
45482,105,104,1,1
45483,140,119,21,21
45484,72,63,9,9
45485,111,86,25,25
45486,105,87,18,18
45487,191,162,29,29
45488,120,107,13,13
45489,99,93,6,6
45490,45,48,-3,3
45491,94,81,13,13
45492,80,79,1,1
45493,85,75,10,10
45494,74,62,12,12
45495,78,71,7,7
45496,131,109,22,22
45497,95,86,9,9
45498,59,55,4,4
45499,72,58,14,14
45500,108,103,5,5
45501,71,66,5,5
45502,74,62,12,12
45503,134,123,11,11
45504,101,92,9,9
45505,68,58,10,10
45506,127,115,12,12
45507,195,153,42,42
45508,73,67,6,6
45509,77,71,6,6
45510,79,65,14,14
45511,59,48,11,11
45512,115,90,25,25
45513,79,70,9,9
45514,91,82,9,9
45515,82,71,11,11
45516,72,63,9,9
45517,63,65,-2,2
45518,89,81,8,8
45519,69,67,2,2
45520,62,83,-21,21
45521,45,48,-3,3
45522,87,82,5,5
45523,75,74,1,1
45524,105,94,11,11
45525,93,91,2,2
45526,104,93,11,11
45527,86,81,5,5
45528,159,141,18,18
45529,93,75,18,18
45530,112,101,11,11
45531,120,101,19,19
45532,62,50,12,12
45533,108,95,13,13
45534,124,113,11,11
45535,167,136,31,31
45536,163,146,17,17
45537,113,98,15,15
45538,98,79,19,19
45539,64,64,0,0
45540,120,103,17,17
45541,52,45,7,7
45542,42,40,2,2
45543,131,127,4,4
45544,95,73,22,22
45545,85,78,7,7
45546,71,60,11,11
45547,116,98,18,18
45548,91,70,21,21
45549,94,83,11,11
45550,52,52,0,0
45551,84,91,-7,7
45552,61,51,10,10
45553,101,93,8,8
45554,97,87,10,10
45555,96,92,4,4
45556,141,133,8,8
45557,124,104,20,20
45558,72,64,8,8
45559,79,120,-41,41
45560,155,142,13,13
45561,112,109,3,3
45562,63,55,8,8
45563,73,69,4,4
45564,67,65,2,2
45565,61,55,6,6
45566,114,97,17,17
45567,33,30,3,3
45568,64,60,4,4
45569,79,68,11,11
45570,149,143,6,6
45571,97,84,13,13
45572,84,72,12,12
45573,134,125,9,9
45574,85,84,1,1
45575,123,101,22,22
45576,97,83,14,14
45577,69,62,7,7
45578,116,95,21,21
45579,92,75,17,17
45580,125,113,12,12
45581,103,84,19,19
45582,99,80,19,19
45583,154,145,9,9
45584,102,91,11,11
45585,53,51,2,2
45586,104,96,8,8
45587,218,168,50,50
45588,57,52,5,5
45589,154,143,11,11
45590,141,131,10,10
45591,113,111,2,2
45592,69,64,5,5
45593,87,90,-3,3
45594,126,113,13,13
45595,99,95,4,4
45596,85,81,4,4
45597,78,76,2,2
45598,85,66,19,19
45599,77,65,12,12
45600,97,82,15,15
45601,67,68,-1,1
45602,114,99,15,15
45603,130,122,8,8
45604,127,108,19,19
45605,66,57,9,9
45606,74,70,4,4
45607,117,103,14,14
45608,57,50,7,7
45609,169,146,23,23
45610,79,72,7,7
45611,122,122,0,0
45612,117,107,10,10
45613,82,75,7,7
45614,119,104,15,15
45615,105,92,13,13
45616,121,100,21,21
45617,107,96,11,11
45618,63,58,5,5
45619,76,70,6,6
45620,141,112,29,29
45621,76,67,9,9
45622,189,146,43,43
45623,78,68,10,10
45624,105,109,-4,4
45625,69,63,6,6
45626,95,92,3,3
45627,55,55,0,0
45628,85,68,17,17
45629,62,60,2,2
45630,72,64,8,8
45631,91,80,11,11
45632,78,80,-2,2
45633,69,58,11,11
45634,58,52,6,6
45635,104,87,17,17
45636,90,83,7,7
45637,45,53,-8,8
45638,109,86,23,23
45639,174,159,15,15
45640,102,103,-1,1
45641,72,70,2,2
45642,93,83,10,10
45643,88,104,-16,16
45644,147,121,26,26
45645,116,102,14,14
45646,71,84,-13,13
45647,59,55,4,4
45648,110,96,14,14
45649,112,98,14,14
45650,67,52,15,15
45651,63,61,2,2
45652,99,75,24,24
45653,71,63,8,8
45654,61,61,0,0
45655,145,160,-15,15
45656,59,57,2,2
45657,91,88,3,3
45658,97,89,8,8
45659,67,62,5,5
45660,75,63,12,12
45661,107,81,26,26
45662,47,57,-10,10
45663,111,103,8,8
45664,122,100,22,22
45665,145,126,19,19
45666,133,105,28,28
45667,90,77,13,13
45668,153,134,19,19
45669,83,66,17,17
45670,44,50,-6,6
45671,64,58,6,6
45672,74,70,4,4
45673,98,89,9,9
45674,117,68,49,49
45675,83,78,5,5
45676,52,50,2,2
45677,74,63,11,11
45678,128,110,18,18
45679,75,68,7,7
45680,71,63,8,8
45681,72,63,9,9
45682,80,72,8,8
45683,98,85,13,13
45684,138,123,15,15
45685,161,136,25,25
45686,152,134,18,18
45687,117,102,15,15
45688,96,91,5,5
45689,76,68,8,8
45690,150,136,14,14
45691,71,68,3,3
45692,127,120,7,7
45693,93,87,6,6
45694,116,104,12,12
45695,128,109,19,19
45696,47,43,4,4
45697,53,50,3,3
45698,173,153,20,20
45699,84,89,-5,5
45700,74,64,10,10
45701,40,41,-1,1
45702,125,95,30,30
45703,100,98,2,2
45704,62,58,4,4
45705,120,98,22,22
45706,163,126,37,37
45707,111,99,12,12
45708,62,64,-2,2
45709,104,98,6,6
45710,96,81,15,15
45711,71,61,10,10
45712,94,89,5,5
45713,109,98,11,11
45714,46,45,1,1
45715,94,82,12,12
45716,52,46,6,6
45717,88,75,13,13
45718,68,68,0,0
45719,193,183,10,10
45720,137,113,24,24
45721,109,97,12,12
45722,97,94,3,3
45723,114,95,19,19
45724,90,80,10,10
45725,57,57,0,0
45726,119,100,19,19
45727,157,135,22,22
45728,86,70,16,16
45729,108,96,12,12
45730,82,76,6,6
45731,111,94,17,17
45732,110,99,11,11
45733,108,79,29,29
45734,92,75,17,17
45735,38,33,5,5
45736,92,83,9,9
45737,92,80,12,12
45738,68,56,12,12
45739,74,73,1,1
45740,83,77,6,6
45741,106,79,27,27
45742,86,78,8,8
45743,78,63,15,15
45744,155,147,8,8
45745,116,104,12,12
45746,129,89,40,40
45747,99,86,13,13
45748,114,95,19,19
45749,103,85,18,18
45750,82,65,17,17
45751,50,44,6,6
45752,86,74,12,12
45753,82,71,11,11
45754,82,82,0,0
45755,50,51,-1,1
45756,88,68,20,20
45757,86,72,14,14
45758,103,89,14,14
45759,60,53,7,7
45760,68,60,8,8
45761,86,62,24,24
45762,85,72,13,13
45763,80,67,13,13
45764,58,60,-2,2
45765,63,70,-7,7
45766,117,103,14,14
45767,97,99,-2,2
45768,59,54,5,5
45769,66,62,4,4
45770,121,107,14,14
45771,77,66,11,11
45772,47,43,4,4
45773,61,61,0,0
45774,128,110,18,18
45775,225,192,33,33
45776,145,120,25,25
45777,125,117,8,8
45778,40,39,1,1
45779,94,76,18,18
45780,103,88,15,15
45781,137,118,19,19
45782,151,128,23,23
45783,98,89,9,9
45784,115,101,14,14
45785,77,66,11,11
45786,75,88,-13,13
45787,75,69,6,6
45788,117,101,16,16
45789,133,121,12,12
45790,89,88,1,1
45791,92,83,9,9
45792,66,59,7,7
45793,26,30,-4,4
45794,135,113,22,22
45795,82,78,4,4
45796,44,44,0,0
45797,79,53,26,26
45798,135,128,7,7
45799,122,118,4,4
45800,177,155,22,22
45801,93,76,17,17
45802,54,46,8,8
45803,104,105,-1,1
45804,69,58,11,11
45805,64,62,2,2
45806,113,110,3,3
45807,69,59,10,10
45808,127,120,7,7
45809,115,102,13,13
45810,75,66,9,9
45811,81,69,12,12
45812,35,37,-2,2
45813,120,107,13,13
45814,86,77,9,9
45815,111,93,18,18
45816,149,125,24,24
45817,86,74,12,12
45818,122,105,17,17
45819,80,76,4,4
45820,91,75,16,16
45821,106,94,12,12
45822,30,44,-14,14
45823,84,74,10,10
45824,159,117,42,42
45825,76,73,3,3
45826,73,65,8,8
45827,78,70,8,8
45828,271,221,50,50
45829,138,129,9,9
45830,72,69,3,3
45831,77,63,14,14
45832,94,84,10,10
45833,101,90,11,11
45834,72,64,8,8
45835,101,97,4,4
45836,120,108,12,12
45837,159,142,17,17
45838,78,72,6,6
45839,78,73,5,5
45840,106,93,13,13
45841,87,85,2,2
45842,62,57,5,5
45843,106,98,8,8
45844,127,123,4,4
45845,101,91,10,10
45846,56,51,5,5
45847,41,48,-7,7
45848,83,75,8,8
45849,128,117,11,11
45850,86,71,15,15
45851,82,78,4,4
45852,104,90,14,14
45853,116,121,-5,5
45854,115,100,15,15
45855,81,69,12,12
45856,82,86,-4,4
45857,88,73,15,15
45858,115,102,13,13
45859,170,150,20,20
45860,110,100,10,10
45861,228,185,43,43
45862,161,131,30,30
45863,72,67,5,5
45864,171,140,31,31
45865,117,96,21,21
45866,116,102,14,14
45867,60,49,11,11
45868,113,106,7,7
45869,121,103,18,18
45870,41,50,-9,9
45871,98,81,17,17
45872,83,71,12,12
45873,56,51,5,5
45874,107,89,18,18
45875,90,74,16,16
45876,91,84,7,7
45877,68,64,4,4
45878,131,112,19,19
45879,95,78,17,17
45880,93,79,14,14
45881,99,87,12,12
45882,195,150,45,45
45883,124,103,21,21
45884,124,105,19,19
45885,44,55,-11,11
45886,63,57,6,6
45887,175,144,31,31
45888,127,102,25,25
45889,113,105,8,8
45890,118,88,30,30
45891,99,97,2,2
45892,89,78,11,11
45893,64,57,7,7
45894,73,67,6,6
45895,104,87,17,17
45896,50,50,0,0
45897,94,72,22,22
45898,115,106,9,9
45899,91,83,8,8
45900,80,65,15,15
45901,81,76,5,5
45902,80,75,5,5
45903,100,85,15,15
45904,123,109,14,14
45905,89,73,16,16
45906,71,62,9,9
45907,162,129,33,33
45908,152,121,31,31
45909,69,59,10,10
45910,81,80,1,1
45911,71,66,5,5
45912,90,77,13,13
45913,104,90,14,14
45914,106,88,18,18
45915,66,61,5,5
45916,66,56,10,10
45917,79,80,-1,1
45918,45,42,3,3
45919,89,76,13,13
45920,105,79,26,26
45921,59,50,9,9
45922,103,86,17,17
45923,116,105,11,11
45924,93,82,11,11
45925,116,118,-2,2
45926,133,112,21,21
45927,86,74,12,12
45928,86,69,17,17
45929,65,58,7,7
45930,139,113,26,26
45931,117,111,6,6
45932,67,58,9,9
45933,119,91,28,28
45934,81,89,-8,8
45935,127,111,16,16
45936,142,119,23,23
45937,87,77,10,10
45938,70,60,10,10
45939,79,72,7,7
45940,119,106,13,13
45941,73,61,12,12
45942,72,57,15,15
45943,87,82,5,5
45944,108,93,15,15
45945,120,105,15,15
45946,82,70,12,12
45947,97,89,8,8
45948,73,70,3,3
45949,69,61,8,8
45950,96,86,10,10
45951,44,39,5,5
45952,104,87,17,17
45953,68,66,2,2
45954,108,77,31,31
45955,81,75,6,6
45956,124,108,16,16
45957,91,74,17,17
45958,116,118,-2,2
45959,41,38,3,3
45960,93,84,9,9
45961,100,92,8,8
45962,70,71,-1,1
45963,82,74,8,8
45964,124,100,24,24
45965,168,138,30,30
45966,81,72,9,9
45967,124,114,10,10
45968,74,63,11,11
45969,191,162,29,29
45970,99,95,4,4
45971,72,64,8,8
45972,92,88,4,4
45973,122,112,10,10
45974,104,91,13,13
45975,93,79,14,14
45976,50,48,2,2
45977,79,74,5,5
45978,86,77,9,9
45979,147,144,3,3
45980,129,128,1,1
45981,135,133,2,2
45982,124,98,26,26
45983,91,82,9,9
45984,80,79,1,1
45985,150,142,8,8
45986,113,97,16,16
45987,74,59,15,15
45988,165,138,27,27
45989,105,82,23,23
45990,49,47,2,2
45991,96,92,4,4
45992,115,100,15,15
45993,132,112,20,20
45994,111,92,19,19
45995,44,56,-12,12
45996,98,79,19,19
45997,52,43,9,9
45998,78,74,4,4
45999,71,61,10,10
46000,30,28,2,2
46001,116,105,11,11
46002,128,133,-5,5
46003,75,76,-1,1
46004,47,46,1,1
46005,89,82,7,7
46006,88,70,18,18
46007,102,91,11,11
46008,48,46,2,2
46009,59,51,8,8
46010,131,112,19,19
46011,71,64,7,7
46012,81,76,5,5
46013,110,96,14,14
46014,154,135,19,19
46015,120,107,13,13
46016,155,125,30,30
46017,109,95,14,14
46018,71,71,0,0
46019,81,72,9,9
46020,58,54,4,4
46021,69,72,-3,3
46022,134,115,19,19
46023,99,85,14,14
46024,71,64,7,7
46025,99,88,11,11
46026,76,69,7,7
46027,98,76,22,22
46028,68,62,6,6
46029,105,85,20,20
46030,109,91,18,18
46031,143,123,20,20
46032,112,96,16,16
46033,82,91,-9,9
46034,59,53,6,6
46035,170,143,27,27
46036,84,82,2,2
46037,84,84,0,0
46038,97,90,7,7
46039,241,196,45,45
46040,216,175,41,41
46041,121,109,12,12
46042,72,57,15,15
46043,61,55,6,6
46044,76,66,10,10
46045,140,127,13,13
46046,101,86,15,15
46047,92,75,17,17
46048,65,55,10,10
46049,62,60,2,2
46050,62,60,2,2
46051,172,134,38,38
46052,82,70,12,12
46053,118,105,13,13
46054,99,85,14,14
46055,121,106,15,15
46056,108,96,12,12
46057,96,71,25,25
46058,145,125,20,20
46059,111,122,-11,11
46060,46,43,3,3
46061,74,59,15,15
46062,96,84,12,12
46063,60,52,8,8
46064,110,125,-15,15
46065,78,73,5,5
46066,114,90,24,24
46067,154,152,2,2
46068,165,136,29,29
46069,42,38,4,4
46070,91,78,13,13
46071,100,91,9,9
46072,110,82,28,28
46073,67,65,2,2
46074,68,67,1,1
46075,137,104,33,33
46076,87,80,7,7
46077,93,76,17,17
46078,86,78,8,8
46079,200,184,16,16
46080,119,102,17,17
46081,176,151,25,25
46082,75,67,8,8
46083,125,109,16,16
46084,74,72,2,2
46085,102,86,16,16
46086,53,47,6,6
46087,107,93,14,14
46088,95,80,15,15
46089,120,111,9,9
46090,88,78,10,10
46091,66,66,0,0
46092,94,79,15,15
46093,137,126,11,11
46094,67,67,0,0
46095,83,72,11,11
46096,56,51,5,5
46097,139,112,27,27
46098,100,82,18,18
46099,78,79,-1,1
46100,103,87,16,16
46101,59,60,-1,1
46102,47,49,-2,2
46103,65,54,11,11
46104,112,93,19,19
46105,132,104,28,28
46106,82,79,3,3
46107,118,104,14,14
46108,109,87,22,22
46109,91,79,12,12
46110,67,62,5,5
46111,83,78,5,5
46112,79,71,8,8
46113,26,25,1,1
46114,44,51,-7,7
46115,71,70,1,1
46116,86,73,13,13
46117,77,67,10,10
46118,53,44,9,9
46119,98,80,18,18
46120,144,116,28,28
46121,89,71,18,18
46122,67,62,5,5
46123,147,121,26,26
46124,127,116,11,11
46125,85,72,13,13
46126,66,57,9,9
46127,89,71,18,18
46128,89,81,8,8
46129,75,67,8,8
46130,72,61,11,11
46131,101,92,9,9
46132,126,89,37,37
46133,62,55,7,7
46134,83,73,10,10
46135,151,127,24,24
46136,102,96,6,6
46137,215,184,31,31
46138,149,125,24,24
46139,133,116,17,17
46140,90,74,16,16
46141,100,75,25,25
46142,57,48,9,9
46143,61,50,11,11
46144,41,35,6,6
46145,137,114,23,23
46146,164,138,26,26
46147,242,211,31,31
46148,99,89,10,10
46149,51,47,4,4
46150,68,60,8,8
46151,78,66,12,12
46152,120,105,15,15
46153,87,75,12,12
46154,105,87,18,18
46155,112,95,17,17
46156,87,81,6,6
46157,88,80,8,8
46158,71,60,11,11
46159,125,106,19,19
46160,73,68,5,5
46161,108,96,12,12
46162,76,69,7,7
46163,45,40,5,5
46164,100,91,9,9
46165,76,70,6,6
46166,158,137,21,21
46167,92,83,9,9
46168,77,72,5,5
46169,44,40,4,4
46170,115,108,7,7
46171,85,81,4,4
46172,109,96,13,13
46173,89,80,9,9
46174,39,44,-5,5
46175,66,61,5,5
46176,62,62,0,0
46177,89,84,5,5
46178,130,114,16,16
46179,92,82,10,10
46180,138,110,28,28
46181,118,98,20,20
46182,219,218,1,1
46183,104,95,9,9
46184,94,88,6,6
46185,100,78,22,22
46186,54,45,9,9
46187,153,119,34,34
46188,84,75,9,9
46189,91,87,4,4
46190,46,43,3,3
46191,53,57,-4,4
46192,77,66,11,11
46193,80,64,16,16
46194,138,115,23,23
46195,80,68,12,12
46196,138,109,29,29
46197,141,119,22,22
46198,91,78,13,13
46199,176,147,29,29
46200,117,107,10,10
46201,69,66,3,3
46202,108,106,2,2
46203,101,85,16,16
46204,135,117,18,18
46205,115,103,12,12
46206,102,93,9,9
46207,56,56,0,0
46208,96,89,7,7
46209,69,62,7,7
46210,106,102,4,4
46211,151,139,12,12
46212,110,94,16,16
46213,112,103,9,9
46214,134,112,22,22
46215,65,58,7,7
46216,66,60,6,6
46217,97,90,7,7
46218,109,99,10,10
46219,141,120,21,21
46220,78,84,-6,6
46221,94,99,-5,5
46222,64,65,-1,1
46223,47,54,-7,7
46224,79,68,11,11
46225,104,97,7,7
46226,39,32,7,7
46227,62,63,-1,1
46228,123,110,13,13
46229,144,120,24,24
46230,108,100,8,8
46231,183,143,40,40
46232,85,74,11,11
46233,49,48,1,1
46234,40,41,-1,1
46235,27,39,-12,12
46236,107,94,13,13
46237,135,130,5,5
46238,129,103,26,26
46239,77,67,10,10
46240,61,61,0,0
46241,58,62,-4,4
46242,144,125,19,19
46243,53,49,4,4
46244,95,91,4,4
46245,82,66,16,16
46246,73,66,7,7
46247,174,159,15,15
46248,101,87,14,14
46249,100,115,-15,15
46250,81,67,14,14
46251,94,80,14,14
46252,76,70,6,6
46253,70,65,5,5
46254,100,94,6,6
46255,79,65,14,14
46256,83,72,11,11
46257,90,85,5,5
46258,136,115,21,21
46259,61,55,6,6
46260,106,98,8,8
46261,90,81,9,9
46262,32,34,-2,2
46263,100,95,5,5
46264,74,62,12,12
46265,62,58,4,4
46266,101,84,17,17
46267,104,88,16,16
46268,94,74,20,20
46269,95,87,8,8
46270,134,118,16,16
46271,134,121,13,13
46272,77,66,11,11
46273,80,87,-7,7
46274,90,79,11,11
46275,128,107,21,21
46276,108,96,12,12
46277,64,64,0,0
46278,44,48,-4,4
46279,115,100,15,15
46280,49,50,-1,1
46281,64,66,-2,2
46282,64,58,6,6
46283,128,115,13,13
46284,69,66,3,3
46285,73,62,11,11
46286,38,38,0,0
46287,71,65,6,6
46288,94,87,7,7
46289,89,82,7,7
46290,63,59,4,4
46291,116,96,20,20
46292,83,76,7,7
46293,38,40,-2,2
46294,57,56,1,1
46295,84,75,9,9
46296,552,400,152,152
46297,75,65,10,10
46298,70,66,4,4
46299,90,94,-4,4
46300,181,178,3,3
46301,109,98,11,11
46302,99,100,-1,1
46303,99,86,13,13
46304,73,67,6,6
46305,71,66,5,5
46306,125,115,10,10
46307,142,129,13,13
46308,125,109,16,16
46309,99,87,12,12
46310,127,106,21,21
46311,134,106,28,28
46312,87,72,15,15
46313,99,97,2,2
46314,116,109,7,7
46315,57,54,3,3
46316,160,134,26,26
46317,104,86,18,18
46318,106,97,9,9
46319,82,76,6,6
46320,149,123,26,26
46321,122,111,11,11
46322,46,46,0,0
46323,44,52,-8,8
46324,47,53,-6,6
46325,46,60,-14,14
46326,103,96,7,7
46327,118,107,11,11
46328,62,58,4,4
46329,61,60,1,1
46330,90,81,9,9
46331,87,71,16,16
46332,163,131,32,32
46333,108,99,9,9
46334,68,64,4,4
46335,128,114,14,14
46336,132,138,-6,6
46337,48,51,-3,3
46338,66,56,10,10
46339,62,61,1,1
46340,77,76,1,1
46341,47,55,-8,8
46342,124,104,20,20
46343,95,92,3,3
46344,65,56,9,9
46345,70,67,3,3
46346,133,117,16,16
46347,98,90,8,8
46348,138,128,10,10
46349,93,86,7,7
46350,136,115,21,21
46351,119,102,17,17
46352,102,100,2,2
46353,106,111,-5,5
46354,75,69,6,6
46355,58,51,7,7
46356,130,103,27,27
46357,85,78,7,7
46358,102,105,-3,3
46359,66,60,6,6
46360,83,88,-5,5
46361,85,78,7,7
46362,122,106,16,16
46363,107,104,3,3
46364,68,67,1,1
46365,58,55,3,3
46366,87,73,14,14
46367,67,64,3,3
46368,74,71,3,3
46369,68,59,9,9
46370,104,85,19,19
46371,158,140,18,18
46372,131,111,20,20
46373,103,92,11,11
46374,109,99,10,10
46375,64,57,7,7
46376,123,100,23,23
46377,111,92,19,19
46378,38,38,0,0
46379,59,47,12,12
46380,46,54,-8,8
46381,101,95,6,6
46382,149,125,24,24
46383,116,101,15,15
46384,62,70,-8,8
46385,78,72,6,6
46386,92,77,15,15
46387,109,91,18,18
46388,94,87,7,7
46389,107,100,7,7
46390,75,71,4,4
46391,64,61,3,3
46392,30,35,-5,5
46393,127,114,13,13
46394,67,60,7,7
46395,109,99,10,10
46396,187,155,32,32
46397,90,80,10,10
46398,123,106,17,17
46399,72,60,12,12
46400,124,112,12,12
46401,110,98,12,12
46402,108,100,8,8
46403,65,63,2,2
46404,116,109,7,7
46405,77,81,-4,4
46406,40,41,-1,1
46407,108,96,12,12
46408,159,137,22,22
46409,60,56,4,4
46410,116,97,19,19
46411,124,128,-4,4
46412,94,89,5,5
46413,90,72,18,18
46414,30,32,-2,2
46415,89,79,10,10
46416,89,74,15,15
46417,111,108,3,3
46418,84,76,8,8
46419,49,49,0,0
46420,75,58,17,17
46421,136,106,30,30
46422,41,65,-24,24
46423,72,64,8,8
46424,173,148,25,25
46425,70,67,3,3
46426,90,83,7,7
46427,153,139,14,14
46428,138,128,10,10
46429,147,130,17,17
46430,116,116,0,0
46431,148,125,23,23
46432,117,106,11,11
46433,103,89,14,14
46434,123,110,13,13
46435,151,121,30,30
46436,126,112,14,14
46437,105,102,3,3
46438,111,103,8,8
46439,71,58,13,13
46440,99,101,-2,2
46441,59,60,-1,1
46442,104,87,17,17
46443,60,51,9,9
46444,88,82,6,6
46445,63,54,9,9
46446,186,156,30,30
46447,97,79,18,18
46448,128,107,21,21
46449,162,134,28,28
46450,74,64,10,10
46451,92,75,17,17
46452,153,131,22,22
46453,97,86,11,11
46454,116,101,15,15
46455,161,122,39,39
46456,73,67,6,6
46457,107,99,8,8
46458,112,113,-1,1
46459,89,76,13,13
46460,92,79,13,13
46461,83,74,9,9
46462,108,106,2,2
46463,108,100,8,8
46464,49,42,7,7
46465,64,57,7,7
46466,109,105,4,4
46467,52,47,5,5
46468,139,128,11,11
46469,90,81,9,9
46470,90,80,10,10
46471,70,66,4,4
46472,97,90,7,7
46473,56,55,1,1
46474,64,68,-4,4
46475,67,58,9,9
46476,48,46,2,2
46477,69,60,9,9
46478,93,84,9,9
46479,144,126,18,18
46480,145,137,8,8
46481,142,127,15,15
46482,150,135,15,15
46483,58,49,9,9
46484,120,95,25,25
46485,102,90,12,12
46486,142,131,11,11
46487,100,92,8,8
46488,125,111,14,14
46489,84,89,-5,5
46490,123,111,12,12
46491,145,137,8,8
46492,86,81,5,5
46493,73,65,8,8
46494,97,84,13,13
46495,57,51,6,6
46496,122,107,15,15
46497,71,56,15,15
46498,99,87,12,12
46499,83,66,17,17
46500,165,141,24,24
46501,193,155,38,38
46502,104,87,17,17
46503,110,114,-4,4
46504,65,53,12,12
46505,72,68,4,4
46506,76,69,7,7
46507,173,150,23,23
46508,76,82,-6,6
46509,95,82,13,13
46510,96,83,13,13
46511,82,70,12,12
46512,91,90,1,1
46513,88,76,12,12
46514,104,96,8,8
46515,114,108,6,6
46516,109,93,16,16
46517,74,67,7,7
46518,137,114,23,23
46519,93,82,11,11
46520,88,79,9,9
46521,55,59,-4,4
46522,72,67,5,5
46523,71,83,-12,12
46524,110,86,24,24
46525,114,107,7,7
46526,128,119,9,9
46527,65,65,0,0
46528,114,106,8,8
46529,97,82,15,15
46530,117,132,-15,15
46531,72,68,4,4
46532,92,78,14,14
46533,64,55,9,9
46534,125,118,7,7
46535,99,90,9,9
46536,56,57,-1,1
46537,54,48,6,6
46538,122,109,13,13
46539,178,160,18,18
46540,179,153,26,26
46541,80,68,12,12
46542,109,93,16,16
46543,83,76,7,7
46544,103,85,18,18
46545,61,60,1,1
46546,125,104,21,21
46547,96,79,17,17
46548,96,103,-7,7
46549,97,86,11,11
46550,108,82,26,26
46551,89,81,8,8
46552,55,50,5,5
46553,87,118,-31,31
46554,49,47,2,2
46555,94,86,8,8
46556,93,105,-12,12
46557,75,67,8,8
46558,65,59,6,6
46559,52,46,6,6
46560,83,70,13,13
46561,123,95,28,28
46562,92,79,13,13
46563,74,72,2,2
46564,109,87,22,22
46565,52,53,-1,1
46566,76,62,14,14
46567,116,100,16,16
46568,83,67,16,16
46569,82,71,11,11
46570,144,122,22,22
46571,35,37,-2,2
46572,155,135,20,20
46573,136,119,17,17
46574,123,106,17,17
46575,81,69,12,12
46576,66,63,3,3
46577,131,111,20,20
46578,133,103,30,30
46579,71,61,10,10
46580,82,74,8,8
46581,82,73,9,9
46582,42,37,5,5
46583,137,135,2,2
46584,140,148,-8,8
46585,58,58,0,0
46586,117,94,23,23
46587,69,71,-2,2
46588,85,78,7,7
46589,52,39,13,13
46590,87,88,-1,1
46591,135,130,5,5
46592,64,59,5,5
46593,129,100,29,29
46594,190,166,24,24
46595,68,67,1,1
46596,82,67,15,15
46597,75,68,7,7
46598,149,119,30,30
46599,84,71,13,13
46600,54,48,6,6
46601,98,86,12,12
46602,99,76,23,23
46603,125,113,12,12
46604,86,79,7,7
46605,95,81,14,14
46606,75,69,6,6
46607,80,67,13,13
46608,118,108,10,10
46609,91,75,16,16
46610,106,90,16,16
46611,85,84,1,1
46612,153,133,20,20
46613,103,94,9,9
46614,159,141,18,18
46615,69,60,9,9
46616,166,121,45,45
46617,109,95,14,14
46618,133,111,22,22
46619,191,155,36,36
46620,113,86,27,27
46621,124,102,22,22
46622,139,120,19,19
46623,88,80,8,8
46624,43,61,-18,18
46625,71,67,4,4
46626,116,101,15,15
46627,115,97,18,18
46628,118,107,11,11
46629,62,55,7,7
46630,106,97,9,9
46631,116,115,1,1
46632,137,115,22,22
46633,201,157,44,44
46634,53,52,1,1
46635,73,68,5,5
46636,46,47,-1,1
46637,90,78,12,12
46638,126,114,12,12
46639,113,103,10,10
46640,80,67,13,13
46641,102,84,18,18
46642,161,135,26,26
46643,103,96,7,7
46644,119,118,1,1
46645,54,58,-4,4
46646,159,132,27,27
46647,87,71,16,16
46648,59,48,11,11
46649,59,58,1,1
46650,90,78,12,12
46651,59,59,0,0
46652,104,89,15,15
46653,131,119,12,12
46654,60,54,6,6
46655,68,57,11,11
46656,86,75,11,11
46657,88,75,13,13
46658,146,131,15,15
46659,62,54,8,8
46660,152,134,18,18
46661,104,92,12,12
46662,67,59,8,8
46663,102,94,8,8
46664,96,88,8,8
46665,99,98,1,1
46666,99,93,6,6
46667,76,69,7,7
46668,97,88,9,9
46669,83,79,4,4
46670,112,108,4,4
46671,63,58,5,5
46672,136,126,10,10
46673,74,67,7,7
46674,172,136,36,36
46675,136,109,27,27
46676,120,113,7,7
46677,116,106,10,10
46678,126,105,21,21
46679,114,97,17,17
46680,72,67,5,5
46681,104,93,11,11
46682,147,138,9,9
46683,103,92,11,11
46684,81,64,17,17
46685,80,73,7,7
46686,101,90,11,11
46687,125,99,26,26
46688,92,63,29,29
46689,84,73,11,11
46690,80,98,-18,18
46691,150,130,20,20
46692,61,57,4,4
46693,112,98,14,14
46694,112,93,19,19
46695,67,54,13,13
46696,137,120,17,17
46697,58,55,3,3
46698,105,92,13,13
46699,88,83,5,5
46700,76,66,10,10
46701,88,74,14,14
46702,108,101,7,7
46703,97,84,13,13
46704,141,126,15,15
46705,64,69,-5,5
46706,51,52,-1,1
46707,101,82,19,19
46708,158,140,18,18
46709,97,87,10,10
46710,79,75,4,4
46711,69,61,8,8
46712,97,95,2,2
46713,90,81,9,9
46714,85,81,4,4
46715,90,77,13,13
46716,120,104,16,16
46717,61,56,5,5
46718,145,130,15,15
46719,77,70,7,7
46720,49,50,-1,1
46721,81,75,6,6
46722,70,65,5,5
46723,107,88,19,19
46724,87,76,11,11
46725,66,60,6,6
46726,108,96,12,12
46727,86,74,12,12
46728,68,63,5,5
46729,84,65,19,19
46730,72,66,6,6
46731,67,65,2,2
46732,73,65,8,8
46733,81,74,7,7
46734,65,51,14,14
46735,130,101,29,29
46736,47,41,6,6
46737,117,108,9,9
46738,141,115,26,26
46739,204,159,45,45
46740,85,75,10,10
46741,116,111,5,5
46742,118,100,18,18
46743,110,101,9,9
46744,100,86,14,14
46745,93,81,12,12
46746,53,47,6,6
46747,86,69,17,17
46748,70,62,8,8
46749,80,72,8,8
46750,146,133,13,13
46751,72,65,7,7
46752,154,136,18,18
46753,206,183,23,23
46754,72,71,1,1
46755,141,123,18,18
46756,83,94,-11,11
46757,141,132,9,9
46758,97,95,2,2
46759,137,117,20,20
46760,124,112,12,12
46761,84,75,9,9
46762,102,107,-5,5
46763,22,49,-27,27
46764,97,90,7,7
46765,59,52,7,7
46766,124,116,8,8
46767,198,172,26,26
46768,93,73,20,20
46769,96,84,12,12
46770,99,82,17,17
46771,191,141,50,50
46772,88,73,15,15
46773,88,75,13,13
46774,114,100,14,14
46775,85,85,0,0
46776,85,64,21,21
46777,63,59,4,4
46778,129,101,28,28
46779,142,124,18,18
46780,66,67,-1,1
46781,64,54,10,10
46782,72,58,14,14
46783,143,131,12,12
46784,73,60,13,13
46785,92,82,10,10
46786,80,80,0,0
46787,123,106,17,17
46788,67,64,3,3
46789,87,92,-5,5
46790,81,59,22,22
46791,77,91,-14,14
46792,70,58,12,12
46793,120,108,12,12
46794,119,108,11,11
46795,116,108,8,8
46796,193,170,23,23
46797,90,82,8,8
46798,113,117,-4,4
46799,109,91,18,18
46800,85,79,6,6
46801,63,58,5,5
46802,56,52,4,4
46803,131,121,10,10
46804,108,97,11,11
46805,58,53,5,5
46806,57,58,-1,1
46807,98,107,-9,9
46808,86,91,-5,5
46809,60,53,7,7
46810,54,55,-1,1
46811,160,133,27,27
46812,91,91,0,0
46813,179,132,47,47
46814,68,76,-8,8
46815,143,127,16,16
46816,86,67,19,19
46817,115,107,8,8
46818,139,111,28,28
46819,95,86,9,9
46820,66,70,-4,4
46821,66,59,7,7
46822,143,127,16,16
46823,87,76,11,11
46824,85,82,3,3
46825,77,73,4,4
46826,77,64,13,13
46827,91,73,18,18
46828,80,73,7,7
46829,23,28,-5,5
46830,92,81,11,11
46831,109,90,19,19
46832,115,95,20,20
46833,93,85,8,8
46834,67,65,2,2
46835,150,132,18,18
46836,78,62,16,16
46837,159,144,15,15
46838,124,99,25,25
46839,93,94,-1,1
46840,133,124,9,9
46841,79,76,3,3
46842,62,58,4,4
46843,73,64,9,9
46844,66,59,7,7
46845,69,60,9,9
46846,146,144,2,2
46847,73,60,13,13
46848,91,92,-1,1
46849,67,59,8,8
46850,80,88,-8,8
46851,96,82,14,14
46852,75,64,11,11
46853,72,73,-1,1
46854,87,75,12,12
46855,93,75,18,18
46856,115,98,17,17
46857,142,122,20,20
46858,168,129,39,39
46859,149,124,25,25
46860,91,80,11,11
46861,69,67,2,2
46862,112,98,14,14
46863,83,71,12,12
46864,63,49,14,14
46865,84,77,7,7
46866,113,94,19,19
46867,98,85,13,13
46868,174,158,16,16
46869,103,85,18,18
46870,32,70,-38,38
46871,126,115,11,11
46872,132,120,12,12
46873,49,45,4,4
46874,107,95,12,12
46875,121,120,1,1
46876,132,110,22,22
46877,75,66,9,9
46878,71,68,3,3
46879,69,72,-3,3
46880,158,137,21,21
46881,73,64,9,9
46882,146,118,28,28
46883,49,49,0,0
46884,124,111,13,13
46885,71,61,10,10
46886,43,38,5,5
46887,94,90,4,4
46888,120,117,3,3
46889,107,95,12,12
46890,83,68,15,15
46891,111,97,14,14
46892,79,73,6,6
46893,93,86,7,7
46894,130,117,13,13
46895,119,100,19,19
46896,80,67,13,13
46897,80,65,15,15
46898,76,66,10,10
46899,101,93,8,8
46900,131,114,17,17
46901,91,86,5,5
46902,81,80,1,1
46903,102,93,9,9
46904,108,81,27,27
46905,79,67,12,12
46906,121,102,19,19
46907,135,124,11,11
46908,68,72,-4,4
46909,104,101,3,3
46910,44,39,5,5
46911,103,98,5,5
46912,136,127,9,9
46913,107,83,24,24
46914,78,82,-4,4
46915,75,68,7,7
46916,37,35,2,2
46917,24,26,-2,2
46918,166,146,20,20
46919,134,113,21,21
46920,116,103,13,13
46921,85,77,8,8
46922,130,116,14,14
46923,150,124,26,26
46924,103,88,15,15
46925,92,80,12,12
46926,127,118,9,9
46927,72,68,4,4
46928,95,90,5,5
46929,56,51,5,5
46930,170,136,34,34
46931,106,88,18,18
46932,78,71,7,7
46933,135,125,10,10
46934,113,96,17,17
46935,191,163,28,28
46936,61,61,0,0
46937,95,76,19,19
46938,119,106,13,13
46939,114,93,21,21
46940,88,77,11,11
46941,71,62,9,9
46942,76,67,9,9
46943,50,52,-2,2
46944,69,63,6,6
46945,51,67,-16,16
46946,74,72,2,2
46947,79,68,11,11
46948,74,75,-1,1
46949,113,107,6,6
46950,99,99,0,0
46951,86,78,8,8
46952,91,79,12,12
46953,83,87,-4,4
46954,106,89,17,17
46955,66,58,8,8
46956,74,63,11,11
46957,78,67,11,11
46958,101,91,10,10
46959,78,79,-1,1
46960,91,91,0,0
46961,94,89,5,5
46962,86,77,9,9
46963,64,60,4,4
46964,98,72,26,26
46965,100,98,2,2
46966,148,121,27,27
46967,96,93,3,3
46968,135,106,29,29
46969,123,122,1,1
46970,65,59,6,6
46971,86,72,14,14
46972,86,75,11,11
46973,93,81,12,12
46974,106,94,12,12
46975,122,105,17,17
46976,75,76,-1,1
46977,86,76,10,10
46978,51,49,2,2
46979,56,53,3,3
46980,125,119,6,6
46981,92,77,15,15
46982,108,105,3,3
46983,151,129,22,22
46984,83,75,8,8
46985,66,65,1,1
46986,138,112,26,26
46987,120,111,9,9
46988,79,65,14,14
46989,86,83,3,3
46990,163,148,15,15
46991,112,102,10,10
46992,98,80,18,18
46993,40,63,-23,23
46994,85,79,6,6
46995,73,71,2,2
46996,84,83,1,1
46997,127,117,10,10
46998,113,93,20,20
46999,116,99,17,17
47000,91,83,8,8
47001,91,68,23,23
47002,50,48,2,2
47003,78,73,5,5
47004,90,82,8,8
47005,125,109,16,16
47006,84,79,5,5
47007,79,68,11,11
47008,69,62,7,7
47009,115,91,24,24
47010,227,216,11,11
47011,107,99,8,8
47012,136,146,-10,10
47013,88,77,11,11
47014,117,105,12,12
47015,81,79,2,2
47016,150,131,19,19
47017,101,108,-7,7
47018,169,145,24,24
47019,75,71,4,4
47020,146,133,13,13
47021,96,82,14,14
47022,66,61,5,5
47023,73,65,8,8
47024,85,86,-1,1
47025,104,82,22,22
47026,53,52,1,1
47027,148,141,7,7
47028,119,98,21,21
47029,45,39,6,6
47030,72,64,8,8
47031,126,113,13,13
47032,64,57,7,7
47033,119,110,9,9
47034,89,85,4,4
47035,139,123,16,16
47036,111,106,5,5
47037,100,91,9,9
47038,82,75,7,7
47039,138,122,16,16
47040,47,42,5,5
47041,167,135,32,32
47042,63,56,7,7
47043,118,103,15,15
47044,201,181,20,20
47045,82,79,3,3
47046,91,86,5,5
47047,81,74,7,7
47048,91,78,13,13
47049,119,96,23,23
47050,88,72,16,16
47051,76,69,7,7
47052,86,78,8,8
47053,47,45,2,2
47054,134,116,18,18
47055,96,87,9,9
47056,82,70,12,12
47057,82,70,12,12
47058,89,81,8,8
47059,99,94,5,5
47060,93,87,6,6
47061,87,79,8,8
47062,62,64,-2,2
47063,58,49,9,9
47064,82,74,8,8
47065,142,129,13,13
47066,101,87,14,14
47067,127,107,20,20
47068,46,42,4,4
47069,116,99,17,17
47070,54,57,-3,3
47071,71,63,8,8
47072,121,127,-6,6
47073,80,73,7,7
47074,86,77,9,9
47075,119,102,17,17
47076,71,69,2,2
47077,171,146,25,25
47078,126,102,24,24
47079,57,51,6,6
47080,99,89,10,10
47081,55,56,-1,1
47082,77,71,6,6
47083,110,97,13,13
47084,77,93,-16,16
47085,111,97,14,14
47086,164,148,16,16
47087,104,87,17,17
47088,85,76,9,9
47089,75,66,9,9
47090,119,100,19,19
47091,82,74,8,8
47092,122,100,22,22
47093,111,98,13,13
47094,102,86,16,16
47095,54,48,6,6
47096,96,86,10,10
47097,65,61,4,4
47098,135,123,12,12
47099,79,66,13,13
47100,92,72,20,20
47101,56,53,3,3
47102,109,86,23,23
47103,124,111,13,13
47104,65,64,1,1
47105,84,76,8,8
47106,107,93,14,14
47107,114,95,19,19
47108,92,74,18,18
47109,129,112,17,17
47110,159,136,23,23
47111,80,75,5,5
47112,106,94,12,12
47113,76,69,7,7
47114,81,79,2,2
47115,115,103,12,12
47116,89,87,2,2
47117,66,64,2,2
47118,49,49,0,0
47119,74,64,10,10
47120,77,62,15,15
47121,98,85,13,13
47122,181,149,32,32
47123,65,60,5,5
47124,125,108,17,17
47125,120,113,7,7
47126,92,74,18,18
47127,125,108,17,17
47128,97,87,10,10
47129,113,89,24,24
47130,69,64,5,5
47131,41,40,1,1
47132,112,100,12,12
47133,93,75,18,18
47134,77,65,12,12
47135,114,114,0,0
47136,90,81,9,9
47137,119,112,7,7
47138,85,85,0,0
47139,99,97,2,2
47140,113,81,32,32
47141,112,106,6,6
47142,43,43,0,0
47143,73,63,10,10
47144,149,133,16,16
47145,72,67,5,5
47146,62,61,1,1
47147,74,65,9,9
47148,197,165,32,32
47149,93,94,-1,1
47150,103,69,34,34
47151,96,83,13,13
47152,191,151,40,40
47153,116,100,16,16
47154,75,64,11,11
47155,99,96,3,3
47156,94,74,20,20
47157,124,116,8,8
47158,83,73,10,10
47159,131,113,18,18
47160,108,85,23,23
47161,108,107,1,1
47162,77,69,8,8
47163,77,59,18,18
47164,126,109,17,17
47165,59,66,-7,7
47166,101,100,1,1
47167,121,106,15,15
47168,116,109,7,7
47169,124,103,21,21
47170,69,56,13,13
47171,160,135,25,25
47172,67,66,1,1
47173,111,106,5,5
47174,80,91,-11,11
47175,44,42,2,2
47176,89,75,14,14
47177,92,80,12,12
47178,105,101,4,4
47179,113,93,20,20
47180,83,75,8,8
47181,54,47,7,7
47182,47,47,0,0
47183,105,87,18,18
47184,65,55,10,10
47185,118,100,18,18
47186,115,93,22,22
47187,92,88,4,4
47188,69,54,15,15
47189,42,43,-1,1
47190,64,54,10,10
47191,119,112,7,7
47192,142,117,25,25
47193,117,98,19,19
47194,67,64,3,3
47195,157,132,25,25
47196,57,55,2,2
47197,122,97,25,25
47198,84,70,14,14
47199,112,104,8,8
47200,96,89,7,7
47201,75,60,15,15
47202,86,76,10,10
47203,168,136,32,32
47204,128,102,26,26
47205,111,107,4,4
47206,95,87,8,8
47207,74,76,-2,2
47208,101,79,22,22
47209,69,59,10,10
47210,160,143,17,17
47211,139,115,24,24
47212,24,54,-30,30
47213,89,76,13,13
47214,102,95,7,7
47215,49,45,4,4
47216,94,97,-3,3
47217,76,65,11,11
47218,170,135,35,35
47219,158,139,19,19
47220,31,71,-40,40
47221,66,63,3,3
47222,106,81,25,25
47223,60,63,-3,3
47224,77,71,6,6
47225,68,61,7,7
47226,129,117,12,12
47227,60,54,6,6
47228,106,96,10,10
47229,64,54,10,10
47230,67,62,5,5
47231,85,77,8,8
47232,79,65,14,14
47233,175,147,28,28
47234,20,52,-32,32
47235,169,136,33,33
47236,90,83,7,7
47237,74,67,7,7
47238,68,73,-5,5
47239,52,52,0,0
47240,81,78,3,3
47241,106,100,6,6
47242,113,107,6,6
47243,64,60,4,4
47244,98,90,8,8
47245,120,109,11,11
47246,85,73,12,12
47247,70,59,11,11
47248,121,104,17,17
47249,132,111,21,21
47250,50,43,7,7
47251,68,70,-2,2
47252,55,51,4,4
47253,122,100,22,22
47254,107,87,20,20
47255,69,65,4,4
47256,115,99,16,16
47257,118,104,14,14
47258,184,188,-4,4
47259,78,80,-2,2
47260,47,46,1,1
47261,65,58,7,7
47262,109,87,22,22
47263,89,72,17,17
47264,141,128,13,13
47265,68,81,-13,13
47266,167,136,31,31
47267,68,67,1,1
47268,86,85,1,1
47269,93,82,11,11
47270,91,81,10,10
47271,65,64,1,1
47272,132,119,13,13
47273,91,84,7,7
47274,71,59,12,12
47275,71,60,11,11
47276,120,105,15,15
47277,118,101,17,17
47278,117,103,14,14
47279,157,141,16,16
47280,73,69,4,4
47281,108,99,9,9
47282,82,65,17,17
47283,122,106,16,16
47284,143,131,12,12
47285,172,144,28,28
47286,76,56,20,20
47287,130,122,8,8
47288,61,54,7,7
47289,65,64,1,1
47290,128,106,22,22
47291,98,86,12,12
47292,161,151,10,10
47293,56,50,6,6
47294,97,121,-24,24
47295,176,177,-1,1
47296,125,110,15,15
47297,115,99,16,16
47298,81,76,5,5
47299,103,91,12,12
47300,53,49,4,4
47301,173,150,23,23
47302,132,111,21,21
47303,129,108,21,21
47304,120,106,14,14
47305,123,103,20,20
47306,203,148,55,55
47307,59,45,14,14
47308,67,62,5,5
47309,132,108,24,24
47310,182,149,33,33
47311,143,128,15,15
47312,97,78,19,19
47313,91,78,13,13
47314,96,95,1,1
47315,91,80,11,11
47316,87,73,14,14
47317,143,135,8,8
47318,65,54,11,11
47319,78,61,17,17
47320,78,69,9,9
47321,140,126,14,14
47322,93,86,7,7
47323,52,47,5,5
47324,95,92,3,3
47325,96,79,17,17
47326,72,66,6,6
47327,113,102,11,11
47328,97,83,14,14
47329,77,70,7,7
47330,71,67,4,4
47331,58,53,5,5
47332,72,64,8,8
47333,210,165,45,45
47334,97,81,16,16
47335,141,130,11,11
47336,130,119,11,11
47337,105,96,9,9
47338,66,67,-1,1
47339,78,78,0,0
47340,96,89,7,7
47341,120,106,14,14
47342,57,56,1,1
47343,162,141,21,21
47344,134,123,11,11
47345,161,133,28,28
47346,171,152,19,19
47347,91,88,3,3
47348,46,43,3,3
47349,128,108,20,20
47350,113,91,22,22
47351,96,81,15,15
47352,55,48,7,7
47353,101,95,6,6
47354,146,127,19,19
47355,83,108,-25,25
47356,41,41,0,0
47357,117,104,13,13
47358,118,112,6,6
47359,89,83,6,6
47360,88,79,9,9
47361,37,32,5,5
47362,68,65,3,3
47363,53,43,10,10
47364,106,91,15,15
47365,125,106,19,19
47366,79,71,8,8
47367,100,86,14,14
47368,99,93,6,6
47369,99,91,8,8
47370,130,108,22,22
47371,75,76,-1,1
47372,101,85,16,16
47373,90,80,10,10
47374,154,127,27,27
47375,116,99,17,17
47376,60,62,-2,2
47377,144,131,13,13
47378,75,68,7,7
47379,110,95,15,15
47380,124,114,10,10
47381,79,81,-2,2
47382,38,37,1,1
47383,90,80,10,10
47384,84,66,18,18
47385,76,73,3,3
47386,88,83,5,5
47387,124,115,9,9
47388,76,73,3,3
47389,84,70,14,14
47390,75,68,7,7
47391,78,67,11,11
47392,48,47,1,1
47393,70,70,0,0
47394,125,106,19,19
47395,129,119,10,10
47396,75,65,10,10
47397,91,93,-2,2
47398,108,96,12,12
47399,100,84,16,16
47400,56,61,-5,5
47401,140,118,22,22
47402,62,55,7,7
47403,224,166,58,58
47404,109,104,5,5
47405,159,142,17,17
47406,90,84,6,6
47407,125,103,22,22
47408,96,89,7,7
47409,74,79,-5,5
47410,109,103,6,6
47411,84,75,9,9
47412,50,44,6,6
47413,146,125,21,21
47414,116,95,21,21
47415,93,78,15,15
47416,92,77,15,15
47417,72,59,13,13
47418,159,126,33,33
47419,79,67,12,12
47420,117,98,19,19
47421,92,75,17,17
47422,102,90,12,12
47423,61,58,3,3
47424,55,46,9,9
47425,91,70,21,21
47426,94,78,16,16
47427,64,60,4,4
47428,121,105,16,16
47429,50,47,3,3
47430,91,78,13,13
47431,87,78,9,9
47432,100,86,14,14
47433,60,52,8,8
47434,139,125,14,14
47435,77,66,11,11
47436,54,51,3,3
47437,117,87,30,30
47438,105,105,0,0
47439,105,91,14,14
47440,78,70,8,8
47441,108,89,19,19
47442,111,109,2,2
47443,112,104,8,8
47444,69,61,8,8
47445,100,96,4,4
47446,96,83,13,13
47447,31,42,-11,11
47448,75,65,10,10
47449,68,65,3,3
47450,53,52,1,1
47451,63,59,4,4
47452,85,71,14,14
47453,126,114,12,12
47454,107,95,12,12
47455,130,114,16,16
47456,65,57,8,8
47457,73,64,9,9
47458,107,102,5,5
47459,121,109,12,12
47460,99,90,9,9
47461,92,87,5,5
47462,170,153,17,17
47463,85,62,23,23
47464,142,122,20,20
47465,86,77,9,9
47466,63,58,5,5
47467,121,102,19,19
47468,84,83,1,1
47469,66,57,9,9
47470,60,54,6,6
47471,68,57,11,11
47472,113,110,3,3
47473,101,89,12,12
47474,48,49,-1,1
47475,154,138,16,16
47476,160,138,22,22
47477,102,84,18,18
47478,94,83,11,11
47479,84,71,13,13
47480,107,101,6,6
47481,66,64,2,2
47482,87,82,5,5
47483,84,67,17,17
47484,86,81,5,5
47485,101,60,41,41
47486,83,70,13,13
47487,70,57,13,13
47488,104,82,22,22
47489,78,66,12,12
47490,69,61,8,8
47491,172,145,27,27
47492,66,67,-1,1
47493,96,81,15,15
47494,73,67,6,6
47495,122,117,5,5
47496,66,67,-1,1
47497,78,73,5,5
47498,70,115,-45,45
47499,62,61,1,1
47500,64,57,7,7
47501,189,157,32,32
47502,101,92,9,9
47503,83,74,9,9
47504,88,71,17,17
47505,108,93,15,15
47506,109,95,14,14
47507,50,43,7,7
47508,100,86,14,14
47509,98,83,15,15
47510,74,62,12,12
47511,151,121,30,30
47512,67,64,3,3
47513,145,121,24,24
47514,99,85,14,14
47515,79,71,8,8
47516,66,66,0,0
47517,87,73,14,14
47518,104,83,21,21
47519,75,65,10,10
47520,81,64,17,17
47521,79,77,2,2
47522,82,71,11,11
47523,202,161,41,41
47524,64,55,9,9
47525,142,125,17,17
47526,77,71,6,6
47527,95,100,-5,5
47528,127,116,11,11
47529,89,84,5,5
47530,136,131,5,5
47531,63,62,1,1
47532,123,107,16,16
47533,113,97,16,16
47534,98,88,10,10
47535,136,109,27,27
47536,124,106,18,18
47537,124,105,19,19
47538,162,134,28,28
47539,81,83,-2,2
47540,93,83,10,10
47541,83,79,4,4
47542,127,101,26,26
47543,60,50,10,10
47544,83,76,7,7
47545,60,54,6,6
47546,103,101,2,2
47547,93,72,21,21
47548,78,70,8,8
47549,97,82,15,15
47550,73,63,10,10
47551,128,109,19,19
47552,92,87,5,5
47553,37,35,2,2
47554,154,136,18,18
47555,60,61,-1,1
47556,94,81,13,13
47557,103,89,14,14
47558,72,66,6,6
47559,65,68,-3,3
47560,85,80,5,5
47561,111,96,15,15
47562,88,83,5,5
47563,110,91,19,19
47564,102,89,13,13
47565,59,52,7,7
47566,89,72,17,17
47567,113,90,23,23
47568,65,66,-1,1
47569,148,130,18,18
47570,83,75,8,8
47571,81,70,11,11
47572,88,76,12,12
47573,67,64,3,3
47574,44,45,-1,1
47575,98,93,5,5
47576,89,79,10,10
47577,85,77,8,8
47578,165,136,29,29
47579,58,58,0,0
47580,118,101,17,17
47581,138,107,31,31
47582,85,72,13,13
47583,77,71,6,6
47584,58,53,5,5
47585,78,65,13,13
47586,94,97,-3,3
47587,51,52,-1,1
47588,109,104,5,5
47589,72,69,3,3
47590,71,62,9,9
47591,83,80,3,3
47592,97,84,13,13
47593,81,76,5,5
47594,192,185,7,7
47595,152,129,23,23
47596,101,89,12,12
47597,65,53,12,12
47598,77,71,6,6
47599,130,107,23,23
47600,124,89,35,35
47601,89,84,5,5
47602,105,101,4,4
47603,85,74,11,11
47604,147,133,14,14
47605,108,109,-1,1
47606,86,77,9,9
47607,66,61,5,5
47608,62,54,8,8
47609,74,62,12,12
47610,144,111,33,33
47611,77,67,10,10
47612,53,43,10,10
47613,81,67,14,14
47614,121,106,15,15
47615,71,61,10,10
47616,75,56,19,19
47617,105,86,19,19
47618,98,92,6,6
47619,133,124,9,9
47620,115,107,8,8
47621,56,52,4,4
47622,139,119,20,20
47623,108,98,10,10
47624,207,165,42,42
47625,43,50,-7,7
47626,135,114,21,21
47627,122,110,12,12
47628,61,60,1,1
47629,97,79,18,18
47630,77,67,10,10
47631,123,94,29,29
47632,59,56,3,3
47633,113,106,7,7
47634,125,110,15,15
47635,88,80,8,8
47636,72,61,11,11
47637,137,125,12,12
47638,113,94,19,19
47639,112,94,18,18
47640,60,59,1,1
47641,106,97,9,9
47642,143,127,16,16
47643,91,80,11,11
47644,95,80,15,15
47645,155,124,31,31
47646,106,98,8,8
47647,103,105,-2,2
47648,142,116,26,26
47649,76,65,11,11
47650,115,108,7,7
47651,96,108,-12,12
47652,103,86,17,17
47653,106,99,7,7
47654,67,60,7,7
47655,100,88,12,12
47656,103,85,18,18
47657,72,65,7,7
47658,142,123,19,19
47659,32,46,-14,14
47660,137,124,13,13
47661,57,58,-1,1
47662,69,65,4,4
47663,47,45,2,2
47664,82,69,13,13
47665,113,93,20,20
47666,81,79,2,2
47667,96,85,11,11
47668,67,58,9,9
47669,138,115,23,23
47670,73,63,10,10
47671,62,72,-10,10
47672,45,47,-2,2
47673,106,92,14,14
47674,65,58,7,7
47675,79,72,7,7
47676,109,102,7,7
47677,147,126,21,21
47678,67,58,9,9
47679,94,80,14,14
47680,73,66,7,7
47681,57,59,-2,2
47682,124,102,22,22
47683,68,65,3,3
47684,89,77,12,12
47685,105,85,20,20
47686,64,68,-4,4
47687,78,76,2,2
47688,108,91,17,17
47689,171,152,19,19
47690,92,74,18,18
47691,63,60,3,3
47692,66,62,4,4
47693,85,80,5,5
47694,134,118,16,16
47695,73,65,8,8
47696,85,74,11,11
47697,81,72,9,9
47698,119,104,15,15
47699,64,53,11,11
47700,73,64,9,9
47701,120,96,24,24
47702,122,107,15,15
47703,97,92,5,5
47704,69,65,4,4
47705,88,76,12,12
47706,86,78,8,8
47707,87,79,8,8
47708,152,129,23,23
47709,65,58,7,7
47710,37,43,-6,6
47711,125,101,24,24
47712,117,115,2,2
47713,72,65,7,7
47714,120,123,-3,3
47715,67,60,7,7
47716,147,129,18,18
47717,142,121,21,21
47718,111,92,19,19
47719,104,93,11,11
47720,90,74,16,16
47721,76,68,8,8
47722,82,66,16,16
47723,122,87,35,35
47724,176,148,28,28
47725,97,71,26,26
47726,84,76,8,8
47727,94,80,14,14
47728,175,161,14,14
47729,90,83,7,7
47730,62,56,6,6
47731,116,95,21,21
47732,137,120,17,17
47733,141,121,20,20
47734,96,100,-4,4
47735,99,87,12,12
47736,66,57,9,9
47737,183,160,23,23
47738,64,55,9,9
47739,137,131,6,6
47740,51,48,3,3
47741,35,30,5,5
47742,137,111,26,26
47743,151,137,14,14
47744,115,101,14,14
47745,94,81,13,13
47746,42,34,8,8
47747,57,57,0,0
47748,102,98,4,4
47749,59,54,5,5
47750,73,76,-3,3
47751,80,70,10,10
47752,102,98,4,4
47753,111,97,14,14
47754,150,133,17,17
47755,149,124,25,25
47756,129,106,23,23
47757,35,48,-13,13
47758,50,50,0,0
47759,85,68,17,17
47760,90,79,11,11
47761,129,105,24,24
47762,111,103,8,8
47763,80,78,2,2
47764,165,152,13,13
47765,69,62,7,7
47766,132,106,26,26
47767,145,124,21,21
47768,51,46,5,5
47769,152,126,26,26
47770,64,57,7,7
47771,168,140,28,28
47772,100,94,6,6
47773,72,58,14,14
47774,86,81,5,5
47775,67,66,1,1
47776,71,67,4,4
47777,156,138,18,18
47778,92,76,16,16
47779,93,85,8,8
47780,95,92,3,3
47781,113,97,16,16
47782,105,90,15,15
47783,77,75,2,2
47784,96,93,3,3
47785,103,94,9,9
47786,76,81,-5,5
47787,77,66,11,11
47788,103,83,20,20
47789,80,70,10,10
47790,72,70,2,2
47791,98,88,10,10
47792,94,73,21,21
47793,145,134,11,11
47794,57,47,10,10
47795,95,80,15,15
47796,97,67,30,30
47797,160,129,31,31
47798,161,140,21,21
47799,71,62,9,9
47800,95,80,15,15
47801,100,88,12,12
47802,57,44,13,13
47803,96,85,11,11
47804,70,62,8,8
47805,51,71,-20,20
47806,70,63,7,7
47807,27,33,-6,6
47808,93,78,15,15
47809,110,97,13,13
47810,128,110,18,18
47811,146,137,9,9
47812,81,64,17,17
47813,100,84,16,16
47814,77,63,14,14
47815,57,54,3,3
47816,110,94,16,16
47817,90,83,7,7
47818,105,101,4,4
47819,91,73,18,18
47820,158,139,19,19
47821,79,67,12,12
47822,52,45,7,7
47823,86,71,15,15
47824,100,88,12,12
47825,65,58,7,7
47826,116,97,19,19
47827,75,62,13,13
47828,95,81,14,14
47829,71,68,3,3
47830,87,82,5,5
47831,79,62,17,17
47832,77,68,9,9
47833,55,52,3,3
47834,94,81,13,13
47835,99,88,11,11
47836,98,88,10,10
47837,95,98,-3,3
47838,123,111,12,12
47839,76,80,-4,4
47840,157,147,10,10
47841,75,70,5,5
47842,114,102,12,12
47843,47,38,9,9
47844,110,98,12,12
47845,122,104,18,18
47846,89,88,1,1
47847,65,62,3,3
47848,63,61,2,2
47849,140,118,22,22
47850,101,93,8,8
47851,132,114,18,18
47852,175,162,13,13
47853,79,67,12,12
47854,97,82,15,15
47855,108,85,23,23
47856,76,62,14,14
47857,80,67,13,13
47858,114,93,21,21
47859,160,150,10,10
47860,101,84,17,17
47861,143,118,25,25
47862,40,38,2,2
47863,151,129,22,22
47864,111,112,-1,1
47865,105,107,-2,2
47866,93,80,13,13
47867,121,109,12,12
47868,162,140,22,22
47869,91,92,-1,1
47870,86,78,8,8
47871,133,125,8,8
47872,69,65,4,4
47873,110,97,13,13
47874,76,64,12,12
47875,70,67,3,3
47876,129,100,29,29
47877,105,86,19,19
47878,118,104,14,14
47879,51,50,1,1
47880,155,132,23,23
47881,80,72,8,8
47882,91,94,-3,3
47883,87,73,14,14
47884,61,65,-4,4
47885,65,59,6,6
47886,85,78,7,7
47887,89,76,13,13
47888,62,54,8,8
47889,85,78,7,7
47890,65,67,-2,2
47891,127,108,19,19
47892,94,86,8,8
47893,106,95,11,11
47894,72,62,10,10
47895,115,101,14,14
47896,100,80,20,20
47897,56,50,6,6
47898,78,79,-1,1
47899,100,91,9,9
47900,94,81,13,13
47901,104,88,16,16
47902,76,77,-1,1
47903,100,87,13,13
47904,114,95,19,19
47905,94,77,17,17
47906,92,81,11,11
47907,51,47,4,4
47908,129,116,13,13
47909,30,33,-3,3
47910,91,91,0,0
47911,72,67,5,5
47912,99,88,11,11
47913,59,53,6,6
47914,103,88,15,15
47915,140,106,34,34
47916,71,67,4,4
47917,77,69,8,8
47918,108,99,9,9
47919,87,69,18,18
47920,150,135,15,15
47921,108,103,5,5
47922,78,66,12,12
47923,143,124,19,19
47924,109,104,5,5
47925,81,74,7,7
47926,82,79,3,3
47927,46,43,3,3
47928,142,118,24,24
47929,54,49,5,5
47930,89,85,4,4
47931,53,48,5,5
47932,73,62,11,11
47933,74,65,9,9
47934,43,36,7,7
47935,89,79,10,10
47936,71,68,3,3
47937,62,67,-5,5
47938,59,58,1,1
47939,114,96,18,18
47940,56,50,6,6
47941,94,86,8,8
47942,102,98,4,4
47943,112,96,16,16
47944,75,68,7,7
47945,77,80,-3,3
47946,124,111,13,13
47947,128,106,22,22
47948,70,68,2,2
47949,84,117,-33,33
47950,151,124,27,27
47951,113,96,17,17
47952,85,72,13,13
47953,82,93,-11,11
47954,163,146,17,17
47955,124,122,2,2
47956,80,67,13,13
47957,122,132,-10,10
47958,88,70,18,18
47959,66,56,10,10
47960,83,76,7,7
47961,118,101,17,17
47962,57,50,7,7
47963,66,66,0,0
47964,108,94,14,14
47965,93,90,3,3
47966,51,47,4,4
47967,171,146,25,25
47968,114,91,23,23
47969,45,45,0,0
47970,86,72,14,14
47971,62,64,-2,2
47972,67,62,5,5
47973,76,71,5,5
47974,108,102,6,6
47975,100,106,-6,6
47976,139,122,17,17
47977,115,103,12,12
47978,144,104,40,40
47979,90,71,19,19
47980,91,72,19,19
47981,75,71,4,4
47982,135,117,18,18
47983,67,68,-1,1
47984,117,92,25,25
47985,127,103,24,24
47986,59,52,7,7
47987,48,48,0,0
47988,69,63,6,6
47989,93,73,20,20
47990,123,112,11,11
47991,131,126,5,5
47992,105,92,13,13
47993,121,113,8,8
47994,111,103,8,8
47995,43,38,5,5
47996,131,112,19,19
47997,133,110,23,23
47998,74,67,7,7
47999,154,123,31,31
48000,36,37,-1,1
48001,83,82,1,1
48002,114,105,9,9
48003,115,97,18,18
48004,117,101,16,16
48005,129,114,15,15
48006,119,104,15,15
48007,65,59,6,6
48008,88,82,6,6
48009,80,65,15,15
48010,43,36,7,7
48011,68,65,3,3
48012,157,133,24,24
48013,104,93,11,11
48014,56,47,9,9
48015,52,52,0,0
48016,115,96,19,19
48017,64,54,10,10
48018,139,123,16,16
48019,58,53,5,5
48020,105,97,8,8
48021,196,171,25,25
48022,117,96,21,21
48023,108,83,25,25
48024,109,111,-2,2
48025,53,47,6,6
48026,97,78,19,19
48027,89,83,6,6
48028,136,115,21,21
48029,156,147,9,9
48030,107,87,20,20
48031,48,41,7,7
48032,108,103,5,5
48033,151,124,27,27
48034,71,77,-6,6
48035,99,80,19,19
48036,119,90,29,29
48037,131,115,16,16
48038,72,67,5,5
48039,112,98,14,14
48040,142,137,5,5
48041,130,115,15,15
48042,103,96,7,7
48043,136,121,15,15
48044,61,56,5,5
48045,93,80,13,13
48046,124,111,13,13
48047,44,47,-3,3
48048,166,156,10,10
48049,134,122,12,12
48050,85,73,12,12
48051,56,58,-2,2
48052,58,61,-3,3
48053,95,84,11,11
48054,113,97,16,16
48055,80,77,3,3
48056,105,87,18,18
48057,56,46,10,10
48058,79,76,3,3
48059,77,75,2,2
48060,90,78,12,12
48061,68,71,-3,3
48062,65,64,1,1
48063,95,86,9,9
48064,51,50,1,1
48065,99,83,16,16
48066,81,65,16,16
48067,116,90,26,26
48068,72,65,7,7
48069,55,56,-1,1
48070,144,125,19,19
48071,74,71,3,3
48072,135,125,10,10
48073,60,59,1,1
48074,76,75,1,1
48075,144,109,35,35
48076,141,109,32,32
48077,80,58,22,22
48078,74,72,2,2
48079,83,74,9,9
48080,76,63,13,13
48081,100,87,13,13
48082,97,82,15,15
48083,141,108,33,33
48084,109,95,14,14
48085,87,97,-10,10
48086,104,90,14,14
48087,69,61,8,8
48088,60,63,-3,3
48089,71,66,5,5
48090,64,59,5,5
48091,69,67,2,2
48092,92,82,10,10
48093,93,79,14,14
48094,88,74,14,14
48095,11,10,1,1
48096,132,109,23,23
48097,62,64,-2,2
48098,73,80,-7,7
48099,110,89,21,21
48100,84,78,6,6
48101,63,48,15,15
48102,110,100,10,10
48103,61,52,9,9
48104,81,81,0,0
48105,107,103,4,4
48106,161,132,29,29
48107,66,55,11,11
48108,59,62,-3,3
48109,115,111,4,4
48110,113,100,13,13
48111,125,112,13,13
48112,104,93,11,11
48113,90,80,10,10
48114,84,74,10,10
48115,101,90,11,11
48116,151,125,26,26
48117,127,109,18,18
48118,102,87,15,15
48119,85,80,5,5
48120,64,63,1,1
48121,114,103,11,11
48122,104,87,17,17
48123,99,93,6,6
48124,60,56,4,4
48125,102,98,4,4
48126,125,110,15,15
48127,109,107,2,2
48128,106,91,15,15
48129,91,82,9,9
48130,54,62,-8,8
48131,86,91,-5,5
48132,108,105,3,3
48133,61,58,3,3
48134,63,72,-9,9
48135,112,99,13,13
48136,35,33,2,2
48137,86,73,13,13
48138,79,75,4,4
48139,112,98,14,14
48140,180,158,22,22
48141,94,76,18,18
48142,125,108,17,17
48143,82,69,13,13
48144,94,90,4,4
48145,83,68,15,15
48146,93,88,5,5
48147,89,81,8,8
48148,63,58,5,5
48149,120,109,11,11
48150,91,70,21,21
48151,102,111,-9,9
48152,70,66,4,4
48153,66,57,9,9
48154,73,64,9,9
48155,122,98,24,24
48156,50,50,0,0
48157,65,64,1,1
48158,146,125,21,21
48159,72,68,4,4
48160,109,88,21,21
48161,67,66,1,1
48162,138,119,19,19
48163,78,69,9,9
48164,143,127,16,16
48165,82,73,9,9
48166,147,140,7,7
48167,115,102,13,13
48168,107,100,7,7
48169,60,58,2,2
48170,95,79,16,16
48171,95,86,9,9
48172,39,43,-4,4
48173,75,75,0,0
48174,61,56,5,5
48175,194,182,12,12
48176,67,67,0,0
48177,104,87,17,17
48178,79,74,5,5
48179,57,67,-10,10
48180,45,43,2,2
48181,66,65,1,1
48182,70,63,7,7
48183,61,67,-6,6
48184,93,79,14,14
48185,104,92,12,12
48186,122,123,-1,1
48187,64,58,6,6
48188,68,65,3,3
48189,132,117,15,15
48190,55,50,5,5
48191,117,105,12,12
48192,89,74,15,15
48193,83,80,3,3
48194,94,97,-3,3
48195,59,48,11,11
48196,149,127,22,22
48197,77,74,3,3
48198,92,87,5,5
48199,84,67,17,17
48200,71,63,8,8
48201,75,65,10,10
48202,123,104,19,19
48203,108,101,7,7
48204,90,83,7,7
48205,99,74,25,25
48206,38,36,2,2
48207,59,58,1,1
48208,104,91,13,13
48209,114,113,1,1
48210,83,77,6,6
48211,182,144,38,38
48212,89,80,9,9
48213,77,60,17,17
48214,146,118,28,28
48215,74,67,7,7
48216,73,62,11,11
48217,71,63,8,8
48218,70,58,12,12
48219,139,128,11,11
48220,75,51,24,24
48221,110,115,-5,5
48222,106,98,8,8
48223,150,133,17,17
48224,132,114,18,18
48225,108,87,21,21
48226,56,54,2,2
48227,133,119,14,14
48228,123,98,25,25
48229,58,48,10,10
48230,73,68,5,5
48231,118,99,19,19
48232,83,74,9,9
48233,66,59,7,7
48234,83,74,9,9
48235,89,80,9,9
48236,87,85,2,2
48237,95,84,11,11
48238,57,55,2,2
48239,124,113,11,11
48240,136,121,15,15
48241,102,91,11,11
48242,123,112,11,11
48243,53,47,6,6
48244,59,59,0,0
48245,150,122,28,28
48246,140,117,23,23
48247,88,78,10,10
48248,140,121,19,19
48249,86,79,7,7
48250,106,92,14,14
48251,127,125,2,2
48252,88,69,19,19
48253,99,94,5,5
48254,83,72,11,11
48255,81,72,9,9
48256,151,121,30,30
48257,144,132,12,12
48258,55,50,5,5
48259,66,58,8,8
48260,103,90,13,13
48261,100,85,15,15
48262,76,65,11,11
48263,115,101,14,14
48264,135,111,24,24
48265,128,104,24,24
48266,163,135,28,28
48267,81,66,15,15
48268,88,78,10,10
48269,86,99,-13,13
48270,147,124,23,23
48271,179,151,28,28
48272,98,84,14,14
48273,91,78,13,13
48274,145,126,19,19
48275,53,51,2,2
48276,122,112,10,10
48277,79,68,11,11
48278,118,116,2,2
48279,100,78,22,22
48280,76,63,13,13
48281,148,131,17,17
48282,55,42,13,13
48283,80,72,8,8
48284,129,122,7,7
48285,52,55,-3,3
48286,108,97,11,11
48287,71,64,7,7
48288,49,42,7,7
48289,111,92,19,19
48290,97,80,17,17
48291,106,86,20,20
48292,31,34,-3,3
48293,62,55,7,7
48294,140,140,0,0
48295,102,85,17,17
48296,68,54,14,14
48297,66,59,7,7
48298,98,91,7,7
48299,29,28,1,1
48300,162,140,22,22
48301,68,63,5,5
48302,39,39,0,0
48303,61,56,5,5
48304,126,117,9,9
48305,82,61,21,21
48306,95,77,18,18
48307,86,82,4,4
48308,91,81,10,10
48309,68,73,-5,5
48310,70,66,4,4
48311,56,44,12,12
48312,113,101,12,12
48313,83,68,15,15
48314,185,152,33,33
48315,133,117,16,16
48316,98,86,12,12
48317,47,47,0,0
48318,86,72,14,14
48319,115,94,21,21
48320,121,104,17,17
48321,130,120,10,10
48322,116,101,15,15
48323,55,46,9,9
48324,88,78,10,10
48325,158,144,14,14
48326,208,182,26,26
48327,104,88,16,16
48328,109,98,11,11
48329,94,91,3,3
48330,49,49,0,0
48331,66,65,1,1
48332,135,138,-3,3
48333,112,90,22,22
48334,75,66,9,9
48335,99,87,12,12
48336,98,90,8,8
48337,77,77,0,0
48338,108,88,20,20
48339,81,72,9,9
48340,99,98,1,1
48341,113,84,29,29
48342,68,64,4,4
48343,111,106,5,5
48344,57,57,0,0
48345,141,115,26,26
48346,96,84,12,12
48347,57,57,0,0
48348,86,77,9,9
48349,64,73,-9,9
48350,58,48,10,10
48351,68,64,4,4
48352,79,69,10,10
48353,128,114,14,14
48354,133,114,19,19
48355,129,123,6,6
48356,98,82,16,16
48357,126,102,24,24
48358,68,63,5,5
48359,98,83,15,15
48360,76,57,19,19
48361,151,123,28,28
48362,143,130,13,13
48363,81,76,5,5
48364,154,127,27,27
48365,99,91,8,8
48366,58,55,3,3
48367,40,38,2,2
48368,101,90,11,11
48369,88,73,15,15
48370,102,84,18,18
48371,82,69,13,13
48372,80,70,10,10
48373,77,68,9,9
48374,91,79,12,12
48375,133,117,16,16
48376,160,132,28,28
48377,137,121,16,16
48378,110,92,18,18
48379,78,64,14,14
48380,83,75,8,8
48381,68,71,-3,3
48382,85,80,5,5
48383,90,79,11,11
48384,51,49,2,2
48385,95,83,12,12
48386,133,112,21,21
48387,63,60,3,3
48388,64,56,8,8
48389,64,53,11,11
48390,128,118,10,10
48391,94,88,6,6
48392,87,75,12,12
48393,49,49,0,0
48394,66,56,10,10
48395,53,50,3,3
48396,99,90,9,9
48397,55,57,-2,2
48398,166,143,23,23
48399,179,151,28,28
48400,100,83,17,17
48401,97,85,12,12
48402,139,115,24,24
48403,59,53,6,6
48404,175,148,27,27
48405,123,117,6,6
48406,72,67,5,5
48407,77,78,-1,1
48408,86,70,16,16
48409,52,51,1,1
48410,122,121,1,1
48411,83,72,11,11
48412,109,107,2,2
48413,123,103,20,20
48414,72,67,5,5
48415,86,76,10,10
48416,97,99,-2,2
48417,98,83,15,15
48418,98,79,19,19
48419,72,63,9,9
48420,160,129,31,31
48421,61,53,8,8
48422,91,83,8,8
48423,65,55,10,10
48424,145,123,22,22
48425,60,54,6,6
48426,125,108,17,17
48427,57,54,3,3
48428,117,100,17,17
48429,104,91,13,13
48430,141,122,19,19
48431,65,60,5,5
48432,78,64,14,14
48433,74,66,8,8
48434,82,74,8,8
48435,83,76,7,7
48436,79,72,7,7
48437,79,73,6,6
48438,73,65,8,8
48439,154,121,33,33
48440,89,77,12,12
48441,83,81,2,2
48442,79,69,10,10
48443,167,137,30,30
48444,103,107,-4,4
48445,89,79,10,10
48446,199,165,34,34
48447,63,64,-1,1
48448,67,57,10,10
48449,152,144,8,8
48450,98,92,6,6
48451,78,69,9,9
48452,78,68,10,10
48453,119,113,6,6
48454,93,87,6,6
48455,121,111,10,10
48456,105,80,25,25
48457,184,129,55,55
48458,60,54,6,6
48459,167,133,34,34
48460,51,51,0,0
48461,114,108,6,6
48462,59,51,8,8
48463,98,91,7,7
48464,62,59,3,3
48465,74,56,18,18
48466,87,73,14,14
48467,84,71,13,13
48468,63,56,7,7
48469,103,83,20,20
48470,133,108,25,25
48471,125,98,27,27
48472,137,124,13,13
48473,82,66,16,16
48474,145,129,16,16
48475,111,102,9,9
48476,117,102,15,15
48477,61,54,7,7
48478,107,101,6,6
48479,127,111,16,16
48480,50,44,6,6
48481,75,64,11,11
48482,173,149,24,24
48483,162,132,30,30
48484,72,73,-1,1
48485,104,90,14,14
48486,84,73,11,11
48487,84,68,16,16
48488,99,89,10,10
48489,109,96,13,13
48490,125,114,11,11
48491,100,88,12,12
48492,108,101,7,7
48493,118,109,9,9
48494,70,68,2,2
48495,67,52,15,15
48496,39,37,2,2
48497,87,79,8,8
48498,71,73,-2,2
48499,65,59,6,6
48500,185,151,34,34
48501,89,76,13,13
48502,94,81,13,13
48503,68,63,5,5
48504,66,56,10,10
48505,126,108,18,18
48506,99,90,9,9
48507,100,88,12,12
48508,85,71,14,14
48509,38,41,-3,3
48510,170,146,24,24
48511,109,87,22,22
48512,90,75,15,15
48513,58,53,5,5
48514,52,51,1,1
48515,162,158,4,4
48516,60,57,3,3
48517,99,86,13,13
48518,80,68,12,12
48519,82,87,-5,5
48520,112,97,15,15
48521,81,66,15,15
48522,112,115,-3,3
48523,160,133,27,27
48524,44,44,0,0
48525,60,57,3,3
48526,87,69,18,18
48527,66,54,12,12
48528,54,48,6,6
48529,158,125,33,33
48530,125,112,13,13
48531,61,57,4,4
48532,179,148,31,31
48533,174,130,44,44
48534,86,92,-6,6
48535,86,86,0,0
48536,79,88,-9,9
48537,60,55,5,5
48538,78,67,11,11
48539,128,117,11,11
48540,111,95,16,16
48541,98,88,10,10
48542,142,108,34,34
48543,65,58,7,7
48544,142,109,33,33
48545,176,158,18,18
48546,88,72,16,16
48547,165,143,22,22
48548,85,82,3,3
48549,85,72,13,13
48550,88,81,7,7
48551,97,95,2,2
48552,125,110,15,15
48553,99,85,14,14
48554,83,69,14,14
48555,97,80,17,17
48556,96,85,11,11
48557,62,61,1,1
48558,99,100,-1,1
48559,57,55,2,2
48560,77,73,4,4
48561,77,73,4,4
48562,104,114,-10,10
48563,114,95,19,19
48564,94,80,14,14
48565,67,76,-9,9
48566,112,95,17,17
48567,128,109,19,19
48568,93,85,8,8
48569,115,109,6,6
48570,63,55,8,8
48571,67,67,0,0
48572,136,124,12,12
48573,96,97,-1,1
48574,97,95,2,2
48575,97,94,3,3
48576,100,86,14,14
48577,60,56,4,4
48578,155,158,-3,3
48579,80,83,-3,3
48580,92,95,-3,3
48581,130,112,18,18
48582,139,113,26,26
48583,121,109,12,12
48584,58,57,1,1
48585,73,70,3,3
48586,98,86,12,12
48587,95,90,5,5
48588,126,104,22,22
48589,112,96,16,16
48590,82,78,4,4
48591,105,90,15,15
48592,68,72,-4,4
48593,67,71,-4,4
48594,121,111,10,10
48595,164,129,35,35
48596,107,100,7,7
48597,110,95,15,15
48598,125,114,11,11
48599,71,63,8,8
48600,77,74,3,3
48601,97,85,12,12
48602,114,108,6,6
48603,140,128,12,12
48604,57,58,-1,1
48605,99,86,13,13
48606,99,84,15,15
48607,52,40,12,12
48608,83,68,15,15
48609,173,215,-42,42
48610,94,90,4,4
48611,47,48,-1,1
48612,58,61,-3,3
48613,61,66,-5,5
48614,82,87,-5,5
48615,53,60,-7,7
48616,53,50,3,3
48617,77,69,8,8
48618,88,87,1,1
48619,74,69,5,5
48620,74,60,14,14
48621,150,128,22,22
48622,135,125,10,10
48623,176,160,16,16
48624,53,53,0,0
48625,140,122,18,18
48626,106,102,4,4
48627,189,149,40,40
48628,104,102,2,2
48629,71,76,-5,5
48630,66,55,11,11
48631,82,80,2,2
48632,111,113,-2,2
48633,114,91,23,23
48634,140,125,15,15
48635,95,90,5,5
48636,152,131,21,21
48637,101,99,2,2
48638,67,56,11,11
48639,47,50,-3,3
48640,73,71,2,2
48641,84,91,-7,7
48642,92,73,19,19
48643,157,141,16,16
48644,128,118,10,10
48645,96,97,-1,1
48646,91,80,11,11
48647,92,78,14,14
48648,132,115,17,17
48649,170,146,24,24
48650,103,78,25,25
48651,46,48,-2,2
48652,123,99,24,24
48653,91,71,20,20
48654,111,100,11,11
48655,144,131,13,13
48656,73,69,4,4
48657,116,97,19,19
48658,137,123,14,14
48659,131,108,23,23
48660,37,38,-1,1
48661,84,79,5,5
48662,91,78,13,13
48663,175,155,20,20
48664,137,122,15,15
48665,91,76,15,15
48666,41,43,-2,2
48667,88,70,18,18
48668,86,72,14,14
48669,67,62,5,5
48670,181,148,33,33
48671,108,93,15,15
48672,51,41,10,10
48673,145,123,22,22
48674,87,77,10,10
48675,42,38,4,4
48676,92,79,13,13
48677,196,159,37,37
48678,43,43,0,0
48679,108,100,8,8
48680,131,107,24,24
48681,105,100,5,5
48682,77,72,5,5
48683,80,70,10,10
48684,144,120,24,24
48685,120,121,-1,1
48686,70,64,6,6
48687,62,57,5,5
48688,40,36,4,4
48689,80,67,13,13
48690,93,76,17,17
48691,41,45,-4,4
48692,90,86,4,4
48693,82,70,12,12
48694,85,79,6,6
48695,103,87,16,16
48696,119,102,17,17
48697,65,60,5,5
48698,85,72,13,13
48699,114,96,18,18
48700,95,80,15,15
48701,39,34,5,5
48702,89,78,11,11
48703,116,104,12,12
48704,133,125,8,8
48705,76,68,8,8
48706,146,119,27,27
48707,55,53,2,2
48708,170,150,20,20
48709,76,64,12,12
48710,89,81,8,8
48711,76,87,-11,11
48712,107,89,18,18
48713,69,58,11,11
48714,94,92,2,2
48715,106,95,11,11
48716,91,71,20,20
48717,158,145,13,13
48718,110,100,10,10
48719,69,65,4,4
48720,90,75,15,15
48721,99,84,15,15
48722,74,64,10,10
48723,94,89,5,5
48724,70,63,7,7
48725,81,83,-2,2
48726,136,131,5,5
48727,89,81,8,8
48728,113,105,8,8
48729,110,92,18,18
48730,137,124,13,13
48731,100,88,12,12
48732,114,96,18,18
48733,122,96,26,26
48734,27,28,-1,1
48735,105,99,6,6
48736,65,66,-1,1
48737,120,119,1,1
48738,68,63,5,5
48739,158,136,22,22
48740,76,71,5,5
48741,123,108,15,15
48742,71,61,10,10
48743,86,77,9,9
48744,68,69,-1,1
48745,118,104,14,14
48746,36,38,-2,2
48747,26,21,5,5
48748,55,51,4,4
48749,87,76,11,11
48750,117,99,18,18
48751,36,37,-1,1
48752,112,94,18,18
48753,73,59,14,14
48754,93,81,12,12
48755,122,101,21,21
48756,117,104,13,13
48757,116,116,0,0
48758,95,82,13,13
48759,51,47,4,4
48760,81,71,10,10
48761,88,68,20,20
48762,62,58,4,4
48763,84,58,26,26
48764,69,66,3,3
48765,62,60,2,2
48766,101,95,6,6
48767,112,101,11,11
48768,182,147,35,35
48769,51,53,-2,2
48770,89,77,12,12
48771,123,112,11,11
48772,91,78,13,13
48773,67,66,1,1
48774,150,122,28,28
48775,61,59,2,2
48776,107,93,14,14
48777,53,51,2,2
48778,79,74,5,5
48779,143,139,4,4
48780,115,108,7,7
48781,66,63,3,3
48782,104,91,13,13
48783,154,145,9,9
48784,96,80,16,16
48785,165,146,19,19
48786,124,113,11,11
48787,108,93,15,15
48788,106,101,5,5
48789,124,114,10,10
48790,91,87,4,4
48791,98,104,-6,6
48792,74,71,3,3
48793,146,135,11,11
48794,136,124,12,12
48795,96,99,-3,3
48796,117,106,11,11
48797,113,97,16,16
48798,118,100,18,18
48799,151,128,23,23
48800,157,140,17,17
48801,98,76,22,22
48802,136,122,14,14
48803,119,121,-2,2
48804,66,59,7,7
48805,144,121,23,23
48806,118,107,11,11
48807,186,165,21,21
48808,91,82,9,9
48809,99,88,11,11
48810,78,74,4,4
48811,81,77,4,4
48812,77,73,4,4
48813,51,48,3,3
48814,81,76,5,5
48815,110,98,12,12
48816,83,73,10,10
48817,75,78,-3,3
48818,73,67,6,6
48819,113,101,12,12
48820,84,69,15,15
48821,94,83,11,11
48822,77,82,-5,5
48823,101,86,15,15
48824,100,81,19,19
48825,68,59,9,9
48826,65,62,3,3
48827,159,142,17,17
48828,66,69,-3,3
48829,149,115,34,34
48830,81,86,-5,5
48831,56,52,4,4
48832,149,149,0,0
48833,56,51,5,5
48834,110,98,12,12
48835,61,57,4,4
48836,57,48,9,9
48837,107,98,9,9
48838,58,55,3,3
48839,106,99,7,7
48840,145,116,29,29
48841,70,64,6,6
48842,115,106,9,9
48843,106,77,29,29
48844,144,122,22,22
48845,129,104,25,25
48846,127,119,8,8
48847,223,173,50,50
48848,147,135,12,12
48849,95,80,15,15
48850,34,34,0,0
48851,66,56,10,10
48852,88,80,8,8
48853,91,75,16,16
48854,90,74,16,16
48855,131,119,12,12
48856,61,59,2,2
48857,66,56,10,10
48858,125,117,8,8
48859,69,60,9,9
48860,73,72,1,1
48861,87,78,9,9
48862,89,76,13,13
48863,69,67,2,2
48864,114,100,14,14
48865,64,60,4,4
48866,146,126,20,20
48867,93,88,5,5
48868,54,52,2,2
48869,171,160,11,11
48870,63,57,6,6
48871,70,67,3,3
48872,61,59,2,2
48873,75,65,10,10
48874,158,129,29,29
48875,65,69,-4,4
48876,93,86,7,7
48877,97,79,18,18
48878,126,92,34,34
48879,122,107,15,15
48880,128,124,4,4
48881,109,97,12,12
48882,90,76,14,14
48883,167,146,21,21
48884,79,62,17,17
48885,56,54,2,2
48886,117,101,16,16
48887,80,70,10,10
48888,48,48,0,0
48889,72,68,4,4
48890,69,63,6,6
48891,105,91,14,14
48892,103,89,14,14
48893,94,84,10,10
48894,91,76,15,15
48895,117,103,14,14
48896,168,154,14,14
48897,60,55,5,5
48898,93,91,2,2
48899,110,94,16,16
48900,61,54,7,7
48901,133,117,16,16
48902,124,97,27,27
48903,131,115,16,16
48904,81,73,8,8
48905,78,67,11,11
48906,117,98,19,19
48907,116,103,13,13
48908,75,70,5,5
48909,50,50,0,0
48910,76,63,13,13
48911,120,104,16,16
48912,96,84,12,12
48913,99,111,-12,12
48914,163,140,23,23
48915,136,115,21,21
48916,150,125,25,25
48917,87,87,0,0
48918,116,105,11,11
48919,127,112,15,15
48920,73,62,11,11
48921,110,103,7,7
48922,65,59,6,6
48923,74,67,7,7
48924,98,85,13,13
48925,74,64,10,10
48926,105,94,11,11
48927,92,84,8,8
48928,80,74,6,6
48929,111,99,12,12
48930,93,82,11,11
48931,69,61,8,8
48932,76,70,6,6
48933,59,52,7,7
48934,127,112,15,15
48935,45,47,-2,2
48936,100,72,28,28
48937,111,102,9,9
48938,165,188,-23,23
48939,161,156,5,5
48940,108,102,6,6
48941,85,63,22,22
48942,131,124,7,7
48943,28,32,-4,4
48944,92,76,16,16
48945,55,51,4,4
48946,134,111,23,23
48947,112,94,18,18
48948,123,100,23,23
48949,137,122,15,15
48950,72,74,-2,2
48951,116,96,20,20
48952,136,117,19,19
48953,122,107,15,15
48954,120,108,12,12
48955,85,69,16,16
48956,98,95,3,3
48957,108,113,-5,5
48958,95,88,7,7
48959,71,61,10,10
48960,160,131,29,29
48961,112,105,7,7
48962,98,92,6,6
48963,72,62,10,10
48964,102,93,9,9
48965,95,78,17,17
48966,130,112,18,18
48967,96,86,10,10
48968,123,107,16,16
48969,100,96,4,4
48970,172,152,20,20
48971,55,50,5,5
48972,60,63,-3,3
48973,101,95,6,6
48974,90,93,-3,3
48975,76,78,-2,2
48976,80,69,11,11
48977,100,100,0,0
48978,61,57,4,4
48979,75,68,7,7
48980,81,89,-8,8
48981,121,106,15,15
48982,81,74,7,7
48983,139,128,11,11
48984,86,67,19,19
48985,94,82,12,12
48986,121,108,13,13
48987,83,68,15,15
48988,127,117,10,10
48989,49,56,-7,7
48990,83,81,2,2
48991,76,64,12,12
48992,113,97,16,16
48993,73,63,10,10
48994,85,75,10,10
48995,97,85,12,12
48996,82,69,13,13
48997,103,92,11,11
48998,68,61,7,7
48999,65,61,4,4
49000,46,49,-3,3
49001,108,91,17,17
49002,96,95,1,1
49003,133,116,17,17
49004,97,87,10,10
49005,62,52,10,10
49006,95,88,7,7
49007,132,108,24,24
49008,164,138,26,26
49009,62,53,9,9
49010,81,74,7,7
49011,91,83,8,8
49012,73,65,8,8
49013,73,64,9,9
49014,105,101,4,4
49015,75,69,6,6
49016,73,57,16,16
49017,94,92,2,2
49018,112,109,3,3
49019,107,86,21,21
49020,79,69,10,10
49021,128,119,9,9
49022,100,84,16,16
49023,68,63,5,5
49024,84,65,19,19
49025,115,124,-9,9
49026,68,63,5,5
49027,50,47,3,3
49028,80,76,4,4
49029,71,67,4,4
49030,115,101,14,14
49031,103,104,-1,1
49032,112,98,14,14
49033,95,81,14,14
49034,132,121,11,11
49035,108,102,6,6
49036,89,88,1,1
49037,96,79,17,17
49038,110,97,13,13
49039,103,149,-46,46
49040,113,86,27,27
49041,72,70,2,2
49042,85,81,4,4
49043,106,97,9,9
49044,101,91,10,10
49045,117,118,-1,1
49046,67,68,-1,1
49047,82,73,9,9
49048,61,56,5,5
49049,64,56,8,8
49050,86,79,7,7
49051,89,78,11,11
49052,49,46,3,3
49053,136,109,27,27
49054,137,128,9,9
49055,79,62,17,17
49056,127,104,23,23
49057,130,112,18,18
49058,119,121,-2,2
49059,83,67,16,16
49060,98,90,8,8
49061,124,107,17,17
49062,72,76,-4,4
49063,114,108,6,6
49064,144,122,22,22
49065,117,95,22,22
49066,68,60,8,8
49067,41,41,0,0
49068,88,82,6,6
49069,156,132,24,24
49070,85,73,12,12
49071,99,87,12,12
49072,71,76,-5,5
49073,152,127,25,25
49074,86,72,14,14
49075,95,78,17,17
49076,100,87,13,13
49077,99,87,12,12
49078,137,100,37,37
49079,78,63,15,15
49080,142,120,22,22
49081,80,81,-1,1
49082,70,62,8,8
49083,112,96,16,16
49084,116,108,8,8
49085,76,73,3,3
49086,128,110,18,18
49087,101,87,14,14
49088,111,98,13,13
49089,71,63,8,8
49090,129,113,16,16
49091,170,145,25,25
49092,136,105,31,31
49093,105,87,18,18
49094,117,98,19,19
49095,102,88,14,14
49096,77,72,5,5
49097,103,97,6,6
49098,53,49,4,4
49099,94,90,4,4
49100,73,59,14,14
49101,65,58,7,7
49102,107,114,-7,7
49103,78,79,-1,1
49104,83,72,11,11
49105,117,106,11,11
49106,33,29,4,4
49107,97,90,7,7
49108,119,108,11,11
49109,74,63,11,11
49110,96,83,13,13
49111,113,105,8,8
49112,68,71,-3,3
49113,78,68,10,10
49114,123,95,28,28
49115,121,116,5,5
49116,74,65,9,9
49117,100,83,17,17
49118,71,65,6,6
49119,46,46,0,0
49120,90,84,6,6
49121,63,68,-5,5
49122,94,91,3,3
49123,83,77,6,6
49124,86,80,6,6
49125,116,109,7,7
49126,107,90,17,17
49127,111,109,2,2
49128,211,177,34,34
49129,71,60,11,11
49130,57,60,-3,3
49131,135,115,20,20
49132,111,98,13,13
49133,97,82,15,15
49134,139,121,18,18
49135,96,88,8,8
49136,91,80,11,11
49137,131,119,12,12
49138,134,118,16,16
49139,81,72,9,9
49140,123,104,19,19
49141,122,115,7,7
49142,149,132,17,17
49143,122,100,22,22
49144,114,96,18,18
49145,112,91,21,21
49146,110,93,17,17
49147,111,105,6,6
49148,50,48,2,2
49149,52,46,6,6
49150,119,116,3,3
49151,67,60,7,7
49152,135,120,15,15
49153,81,66,15,15
49154,122,98,24,24
49155,130,116,14,14
49156,60,56,4,4
49157,108,107,1,1
49158,97,89,8,8
49159,50,50,0,0
49160,77,64,13,13
49161,106,88,18,18
49162,100,95,5,5
49163,70,69,1,1
49164,99,91,8,8
49165,108,99,9,9
49166,138,116,22,22
49167,132,121,11,11
49168,73,71,2,2
49169,73,72,1,1
49170,111,93,18,18
49171,101,91,10,10
49172,123,110,13,13
49173,80,111,-31,31
49174,56,44,12,12
49175,101,82,19,19
49176,119,106,13,13
49177,125,129,-4,4
49178,107,95,12,12
49179,141,126,15,15
49180,110,115,-5,5
49181,91,73,18,18
49182,67,59,8,8
49183,91,83,8,8
49184,62,58,4,4
49185,66,56,10,10
49186,51,61,-10,10
49187,26,25,1,1
49188,112,101,11,11
49189,85,69,16,16
49190,173,145,28,28
49191,65,54,11,11
49192,71,67,4,4
49193,48,42,6,6
49194,113,105,8,8
49195,111,100,11,11
49196,76,71,5,5
49197,72,66,6,6
49198,104,89,15,15
49199,113,99,14,14
49200,80,69,11,11
49201,129,121,8,8
49202,80,68,12,12
49203,99,91,8,8
49204,98,93,5,5
49205,186,163,23,23
49206,84,78,6,6
49207,46,45,1,1
49208,81,85,-4,4
49209,62,53,9,9
49210,85,74,11,11
49211,63,55,8,8
49212,114,110,4,4
49213,91,80,11,11
49214,100,102,-2,2
49215,53,45,8,8
49216,127,101,26,26
49217,93,77,16,16
49218,59,57,2,2
49219,52,43,9,9
49220,100,88,12,12
49221,73,70,3,3
49222,110,102,8,8
49223,88,68,20,20
49224,87,77,10,10
49225,53,48,5,5
49226,96,85,11,11
49227,70,74,-4,4
49228,80,80,0,0
49229,80,72,8,8
49230,78,66,12,12
49231,45,38,7,7
49232,97,85,12,12
49233,172,145,27,27
49234,92,84,8,8
49235,72,66,6,6
49236,125,120,5,5
49237,72,64,8,8
49238,156,137,19,19
49239,61,57,4,4
49240,118,111,7,7
49241,89,102,-13,13
49242,126,97,29,29
49243,121,98,23,23
49244,63,65,-2,2
49245,96,79,17,17
49246,123,104,19,19
49247,80,79,1,1
49248,120,109,11,11
49249,75,71,4,4
49250,128,113,15,15
49251,166,143,23,23
49252,129,112,17,17
49253,74,72,2,2
49254,70,69,1,1
49255,75,66,9,9
49256,115,88,27,27
49257,109,94,15,15
49258,86,77,9,9
49259,90,82,8,8
49260,95,81,14,14
49261,102,101,1,1
49262,178,148,30,30
49263,140,116,24,24
49264,148,130,18,18
49265,75,70,5,5
49266,94,76,18,18
49267,83,80,3,3
49268,184,156,28,28
49269,98,82,16,16
49270,36,31,5,5
49271,68,62,6,6
49272,88,77,11,11
49273,71,62,9,9
49274,80,67,13,13
49275,81,73,8,8
49276,98,97,1,1
49277,99,80,19,19
49278,41,44,-3,3
49279,51,48,3,3
49280,161,137,24,24
49281,76,66,10,10
49282,103,89,14,14
49283,86,70,16,16
49284,111,95,16,16
49285,132,111,21,21
49286,91,75,16,16
49287,114,94,20,20
49288,106,88,18,18
49289,140,124,16,16
49290,54,46,8,8
49291,231,185,46,46
49292,74,67,7,7
49293,59,54,5,5
49294,149,122,27,27
49295,98,78,20,20
49296,96,84,12,12
49297,98,92,6,6
49298,29,32,-3,3
49299,80,70,10,10
49300,115,97,18,18
49301,75,60,15,15
49302,93,84,9,9
49303,86,76,10,10
49304,67,53,14,14
49305,56,49,7,7
49306,120,108,12,12
49307,188,154,34,34
49308,31,36,-5,5
49309,51,54,-3,3
49310,55,53,2,2
49311,81,76,5,5
49312,75,70,5,5
49313,63,61,2,2
49314,85,73,12,12
49315,32,28,4,4
49316,83,79,4,4
49317,86,83,3,3
49318,122,94,28,28
49319,46,47,-1,1
49320,122,101,21,21
49321,101,91,10,10
49322,55,59,-4,4
49323,80,74,6,6
49324,106,96,10,10
49325,79,81,-2,2
49326,143,134,9,9
49327,124,113,11,11
49328,128,116,12,12
49329,88,86,2,2
49330,98,92,6,6
49331,207,167,40,40
49332,133,111,22,22
49333,46,42,4,4
49334,115,111,4,4
49335,75,53,22,22
49336,93,80,13,13
49337,99,93,6,6
49338,107,99,8,8
49339,99,85,14,14
49340,78,69,9,9
49341,104,84,20,20
49342,112,105,7,7
49343,75,70,5,5
49344,84,77,7,7
49345,87,84,3,3
49346,83,69,14,14
49347,151,128,23,23
49348,23,38,-15,15
49349,168,146,22,22
49350,62,59,3,3
49351,65,59,6,6
49352,68,64,4,4
49353,110,103,7,7
49354,159,132,27,27
49355,44,43,1,1
49356,144,126,18,18
49357,71,63,8,8
49358,71,60,11,11
49359,131,102,29,29
49360,148,95,53,53
49361,116,106,10,10
49362,117,93,24,24
49363,116,123,-7,7
49364,95,80,15,15
49365,59,64,-5,5
49366,41,37,4,4
49367,80,79,1,1
49368,66,64,2,2
49369,98,80,18,18
49370,186,161,25,25
49371,109,91,18,18
49372,97,114,-17,17
49373,74,62,12,12
49374,113,102,11,11
49375,61,52,9,9
49376,108,98,10,10
49377,123,103,20,20
49378,78,72,6,6
49379,57,56,1,1
49380,42,45,-3,3
49381,118,115,3,3
49382,59,51,8,8
49383,96,95,1,1
49384,69,63,6,6
49385,94,75,19,19
49386,84,83,1,1
49387,182,169,13,13
49388,44,43,1,1
49389,74,75,-1,1
49390,84,65,19,19
49391,173,143,30,30
49392,73,71,2,2
49393,67,62,5,5
49394,84,79,5,5
49395,106,95,11,11
49396,80,75,5,5
49397,79,83,-4,4
49398,61,52,9,9
49399,73,71,2,2
49400,50,44,6,6
49401,94,84,10,10
49402,86,82,4,4
49403,71,60,11,11
49404,60,64,-4,4
49405,126,112,14,14
49406,60,54,6,6
49407,65,53,12,12
49408,83,72,11,11
49409,47,40,7,7
49410,234,177,57,57
49411,101,77,24,24
49412,111,97,14,14
49413,65,53,12,12
49414,50,51,-1,1
49415,63,62,1,1
49416,121,116,5,5
49417,63,44,19,19
49418,105,86,19,19
49419,51,56,-5,5
49420,85,70,15,15
49421,154,123,31,31
49422,130,108,22,22
49423,95,83,12,12
49424,55,49,6,6
49425,95,87,8,8
49426,154,133,21,21
49427,109,95,14,14
49428,57,59,-2,2
49429,109,94,15,15
49430,125,91,34,34
49431,85,71,14,14
49432,76,64,12,12
49433,66,72,-6,6
49434,89,73,16,16
49435,64,57,7,7
49436,46,50,-4,4
49437,79,72,7,7
49438,114,103,11,11
49439,73,62,11,11
49440,130,118,12,12
49441,78,64,14,14
49442,62,63,-1,1
49443,49,44,5,5
49444,65,63,2,2
49445,66,57,9,9
49446,72,70,2,2
49447,81,72,9,9
49448,131,119,12,12
49449,113,102,11,11
49450,103,90,13,13
49451,60,52,8,8
49452,61,53,8,8
49453,62,56,6,6
49454,79,68,11,11
49455,111,118,-7,7
49456,108,94,14,14
49457,124,93,31,31
49458,93,100,-7,7
49459,121,112,9,9
49460,49,43,6,6
49461,72,69,3,3
49462,86,64,22,22
49463,64,60,4,4
49464,95,73,22,22
49465,108,102,6,6
49466,148,128,20,20
49467,71,59,12,12
49468,85,90,-5,5
49469,72,68,4,4
49470,107,95,12,12
49471,121,98,23,23
49472,119,92,27,27
49473,81,92,-11,11
49474,94,86,8,8
49475,147,107,40,40
49476,101,93,8,8
49477,106,100,6,6
49478,59,56,3,3
49479,70,62,8,8
49480,52,45,7,7
49481,89,72,17,17
49482,128,114,14,14
49483,111,105,6,6
49484,146,129,17,17
49485,49,45,4,4
49486,110,94,16,16
49487,119,103,16,16
49488,96,90,6,6
49489,119,105,14,14
49490,140,120,20,20
49491,124,109,15,15
49492,90,74,16,16
49493,68,65,3,3
49494,92,90,2,2
49495,163,136,27,27
49496,77,66,11,11
49497,103,89,14,14
49498,126,97,29,29
49499,70,67,3,3
49500,127,108,19,19
49501,76,71,5,5
49502,138,122,16,16
49503,88,85,3,3
49504,58,72,-14,14
49505,68,59,9,9
49506,146,134,12,12
49507,139,127,12,12
49508,71,69,2,2
49509,143,119,24,24
49510,123,98,25,25
49511,55,53,2,2
49512,93,85,8,8
49513,74,74,0,0
49514,122,106,16,16
49515,79,73,6,6
49516,75,67,8,8
49517,72,73,-1,1
49518,122,109,13,13
49519,82,71,11,11
49520,66,60,6,6
49521,67,61,6,6
49522,62,58,4,4
49523,108,89,19,19
49524,82,76,6,6
49525,93,87,6,6
49526,57,54,3,3
49527,73,68,5,5
49528,116,91,25,25
49529,97,78,19,19
49530,107,97,10,10
49531,69,62,7,7
49532,118,103,15,15
49533,112,100,12,12
49534,75,72,3,3
49535,128,120,8,8
49536,96,87,9,9
49537,81,74,7,7
49538,149,124,25,25
49539,65,63,2,2
49540,28,28,0,0
49541,92,83,9,9
49542,82,67,15,15
49543,65,70,-5,5
49544,130,113,17,17
49545,85,76,9,9
49546,105,96,9,9
49547,119,106,13,13
49548,124,99,25,25
49549,89,78,11,11
49550,52,46,6,6
49551,95,79,16,16
49552,111,112,-1,1
49553,110,88,22,22
49554,104,93,11,11
49555,107,103,4,4
49556,79,69,10,10
49557,98,80,18,18
49558,113,104,9,9
49559,59,54,5,5
49560,86,71,15,15
49561,40,41,-1,1
49562,59,50,9,9
49563,108,96,12,12
49564,49,52,-3,3
49565,86,66,20,20
49566,84,70,14,14
49567,93,82,11,11
49568,74,65,9,9
49569,73,66,7,7
49570,89,84,5,5
49571,83,79,4,4
49572,94,90,4,4
49573,103,86,17,17
49574,117,114,3,3
49575,162,138,24,24
49576,72,74,-2,2
49577,107,102,5,5
49578,122,105,17,17
49579,108,100,8,8
49580,96,71,25,25
49581,98,85,13,13
49582,111,103,8,8
49583,51,46,5,5
49584,70,71,-1,1
49585,64,59,5,5
49586,47,36,11,11
49587,45,41,4,4
49588,69,81,-12,12
49589,91,82,9,9
49590,77,60,17,17
49591,83,71,12,12
49592,73,62,11,11
49593,70,63,7,7
49594,228,169,59,59
49595,50,46,4,4
49596,69,63,6,6
49597,88,76,12,12
49598,76,69,7,7
49599,80,66,14,14
49600,73,65,8,8
49601,86,78,8,8
49602,103,113,-10,10
49603,135,117,18,18
49604,75,73,2,2
49605,78,72,6,6
49606,114,91,23,23
49607,112,108,4,4
49608,66,63,3,3
49609,94,78,16,16
49610,86,69,17,17
49611,86,72,14,14
49612,115,112,3,3
49613,81,68,13,13
49614,96,95,1,1
49615,100,81,19,19
49616,137,120,17,17
49617,71,63,8,8
49618,77,67,10,10
49619,102,88,14,14
49620,83,78,5,5
49621,87,78,9,9
49622,123,94,29,29
49623,65,65,0,0
49624,59,58,1,1
49625,98,86,12,12
49626,127,120,7,7
49627,141,114,27,27
49628,55,49,6,6
49629,63,60,3,3
49630,102,88,14,14
49631,63,63,0,0
49632,108,89,19,19
49633,105,93,12,12
49634,57,44,13,13
49635,64,48,16,16
49636,83,72,11,11
49637,97,86,11,11
49638,97,90,7,7
49639,84,83,1,1
49640,117,103,14,14
49641,99,82,17,17
49642,106,96,10,10
49643,101,88,13,13
49644,91,75,16,16
49645,131,110,21,21
49646,162,143,19,19
49647,81,71,10,10
49648,56,56,0,0
49649,120,93,27,27
49650,103,83,20,20
49651,43,38,5,5
49652,59,55,4,4
49653,90,75,15,15
49654,116,98,18,18
49655,55,45,10,10
49656,97,79,18,18
49657,99,84,15,15
49658,52,51,1,1
49659,32,32,0,0
49660,91,90,1,1
49661,92,79,13,13
49662,52,49,3,3
49663,159,129,30,30
49664,144,117,27,27
49665,115,103,12,12
49666,44,44,0,0
49667,114,106,8,8
49668,183,152,31,31
49669,94,81,13,13
49670,82,86,-4,4
49671,85,63,22,22
49672,71,60,11,11
49673,151,130,21,21
49674,98,86,12,12
49675,116,106,10,10
49676,108,90,18,18
49677,85,76,9,9
49678,96,101,-5,5
49679,94,94,0,0
49680,59,56,3,3
49681,81,74,7,7
49682,125,112,13,13
49683,64,63,1,1
49684,106,87,19,19
49685,89,80,9,9
49686,91,74,17,17
49687,72,57,15,15
49688,69,67,2,2
49689,94,71,23,23
49690,133,112,21,21
49691,115,105,10,10
49692,92,78,14,14
49693,171,135,36,36
49694,108,95,13,13
49695,102,86,16,16
49696,133,127,6,6
49697,89,72,17,17
49698,93,78,15,15
49699,39,46,-7,7
49700,119,100,19,19
49701,116,102,14,14
49702,71,54,17,17
49703,121,113,8,8
49704,109,95,14,14
49705,121,96,25,25
49706,87,82,5,5
49707,73,76,-3,3
49708,103,83,20,20
49709,50,49,1,1
49710,53,51,2,2
49711,94,86,8,8
49712,143,135,8,8
49713,68,57,11,11
49714,148,121,27,27
49715,54,46,8,8
49716,121,101,20,20
49717,116,115,1,1
49718,91,91,0,0
49719,74,63,11,11
49720,68,61,7,7
49721,129,118,11,11
49722,69,58,11,11
49723,43,45,-2,2
49724,125,103,22,22
49725,101,98,3,3
49726,188,151,37,37
49727,135,111,24,24
49728,57,55,2,2
49729,96,87,9,9
49730,68,57,11,11
49731,154,125,29,29
49732,101,92,9,9
49733,48,49,-1,1
49734,62,65,-3,3
49735,182,153,29,29
49736,83,73,10,10
49737,52,48,4,4
49738,97,73,24,24
49739,108,89,19,19
49740,90,85,5,5
49741,88,76,12,12
49742,109,99,10,10
49743,84,86,-2,2
49744,93,92,1,1
49745,87,74,13,13
49746,75,66,9,9
49747,77,71,6,6
49748,159,129,30,30
49749,56,52,4,4
49750,135,104,31,31
49751,42,43,-1,1
49752,42,37,5,5
49753,82,84,-2,2
49754,106,100,6,6
49755,98,96,2,2
49756,59,57,2,2
49757,158,124,34,34
49758,109,103,6,6
49759,93,81,12,12
49760,174,149,25,25
49761,91,82,9,9
49762,138,106,32,32
49763,104,90,14,14
49764,92,85,7,7
49765,67,64,3,3
49766,87,83,4,4
49767,135,113,22,22
49768,102,83,19,19
49769,164,137,27,27
49770,67,66,1,1
49771,106,81,25,25
49772,88,87,1,1
49773,109,97,12,12
49774,97,77,20,20
49775,49,47,2,2
49776,124,107,17,17
49777,64,55,9,9
49778,160,131,29,29
49779,108,97,11,11
49780,71,62,9,9
49781,108,90,18,18
49782,87,78,9,9
49783,181,149,32,32
49784,100,84,16,16
49785,52,45,7,7
49786,128,113,15,15
49787,84,72,12,12
49788,123,101,22,22
49789,131,118,13,13
49790,113,109,4,4
49791,127,114,13,13
49792,85,80,5,5
49793,71,65,6,6
49794,108,99,9,9
49795,74,64,10,10
49796,160,135,25,25
49797,72,70,2,2
49798,75,67,8,8
49799,122,113,9,9
49800,85,76,9,9
49801,74,73,1,1
49802,44,67,-23,23
49803,110,112,-2,2
49804,64,62,2,2
49805,40,45,-5,5
49806,124,103,21,21
49807,88,79,9,9
49808,123,108,15,15
49809,122,112,10,10
49810,122,112,10,10
49811,104,89,15,15
49812,100,94,6,6
49813,83,67,16,16
49814,50,51,-1,1
49815,93,82,11,11
49816,91,76,15,15
49817,78,71,7,7
49818,121,104,17,17
49819,90,79,11,11
49820,53,52,1,1
49821,112,95,17,17
49822,82,73,9,9
49823,167,142,25,25
49824,97,83,14,14
49825,63,56,7,7
49826,112,101,11,11
49827,102,76,26,26
49828,78,70,8,8
49829,124,110,14,14
49830,60,53,7,7
49831,59,49,10,10
49832,55,56,-1,1
49833,154,133,21,21
49834,86,77,9,9
49835,102,85,17,17
49836,70,67,3,3
49837,47,45,2,2
49838,79,58,21,21
49839,62,55,7,7
49840,114,120,-6,6
49841,117,96,21,21
49842,60,54,6,6
49843,86,68,18,18
49844,152,135,17,17
49845,168,151,17,17
49846,124,117,7,7
49847,60,53,7,7
49848,125,102,23,23
49849,62,61,1,1
49850,88,83,5,5
49851,66,57,9,9
49852,175,144,31,31
49853,88,79,9,9
49854,45,48,-3,3
49855,74,64,10,10
49856,135,117,18,18
49857,106,92,14,14
49858,130,102,28,28
49859,79,76,3,3
49860,81,71,10,10
49861,65,65,0,0
49862,107,84,23,23
49863,97,81,16,16
49864,76,76,0,0
49865,116,94,22,22
49866,59,54,5,5
49867,54,56,-2,2
49868,98,86,12,12
49869,128,131,-3,3
49870,106,94,12,12
49871,78,71,7,7
49872,131,118,13,13
49873,69,58,11,11
49874,153,142,11,11
49875,71,66,5,5
49876,67,62,5,5
49877,107,92,15,15
49878,75,88,-13,13
49879,87,80,7,7
49880,94,75,19,19
49881,90,88,2,2
49882,74,72,2,2
49883,135,117,18,18
49884,134,117,17,17
49885,151,125,26,26
49886,92,89,3,3
49887,92,85,7,7
49888,80,76,4,4
49889,91,85,6,6
49890,89,82,7,7
49891,86,72,14,14
49892,76,69,7,7
49893,107,95,12,12
49894,140,105,35,35
49895,85,92,-7,7
49896,85,74,11,11
49897,69,57,12,12
49898,96,83,13,13
49899,62,52,10,10
49900,79,66,13,13
49901,138,105,33,33
49902,115,94,21,21
49903,106,88,18,18
49904,93,81,12,12
49905,122,106,16,16
49906,106,87,19,19
49907,90,79,11,11
49908,88,68,20,20
49909,72,64,8,8
49910,84,84,0,0
49911,138,123,15,15
49912,92,87,5,5
49913,95,86,9,9
49914,86,72,14,14
49915,73,60,13,13
49916,70,72,-2,2
49917,61,56,5,5
49918,161,135,26,26
49919,89,76,13,13
49920,130,113,17,17
49921,99,65,34,34
49922,79,70,9,9
49923,47,47,0,0
49924,75,77,-2,2
49925,69,62,7,7
49926,78,72,6,6
49927,45,42,3,3
49928,67,69,-2,2
49929,99,91,8,8
49930,92,92,0,0
49931,116,102,14,14
49932,132,107,25,25
49933,88,84,4,4
49934,94,87,7,7
49935,112,110,2,2
49936,40,46,-6,6
49937,58,54,4,4
49938,88,70,18,18
49939,85,75,10,10
49940,86,48,38,38
49941,145,128,17,17
49942,105,89,16,16
49943,99,83,16,16
49944,62,57,5,5
49945,95,86,9,9
49946,90,72,18,18
49947,57,43,14,14
49948,104,88,16,16
49949,70,62,8,8
49950,103,82,21,21
49951,102,83,19,19
49952,56,52,4,4
49953,67,61,6,6
49954,65,61,4,4
49955,65,65,0,0
49956,100,119,-19,19
49957,77,78,-1,1
49958,140,111,29,29
49959,86,68,18,18
49960,123,108,15,15
49961,33,67,-34,34
49962,102,88,14,14
49963,116,100,16,16
49964,63,60,3,3
49965,79,74,5,5
49966,160,133,27,27
49967,60,54,6,6
49968,65,55,10,10
49969,84,74,10,10
49970,67,61,6,6
49971,90,81,9,9
49972,70,72,-2,2
49973,68,63,5,5
49974,104,106,-2,2
49975,87,79,8,8
49976,124,97,27,27
49977,128,113,15,15
49978,166,149,17,17
49979,72,68,4,4
49980,54,49,5,5
49981,111,91,20,20
49982,93,77,16,16
49983,107,90,17,17
49984,137,120,17,17
49985,89,75,14,14
49986,68,54,14,14
49987,52,48,4,4
49988,75,74,1,1
49989,79,68,11,11
49990,48,50,-2,2
49991,75,64,11,11
49992,85,74,11,11
49993,78,72,6,6
49994,101,87,14,14
49995,173,137,36,36
49996,90,74,16,16
49997,55,48,7,7
49998,98,93,5,5
49999,131,102,29,29
50000,149,122,27,27
50001,90,79,11,11
50002,51,46,5,5
50003,68,63,5,5
50004,111,90,21,21
50005,77,74,3,3
50006,150,129,21,21
50007,123,106,17,17
50008,42,44,-2,2
50009,111,97,14,14
50010,73,68,5,5
50011,77,70,7,7
50012,74,76,-2,2
50013,145,121,24,24
50014,77,62,15,15
50015,102,93,9,9
50016,79,70,9,9
50017,65,58,7,7
50018,64,58,6,6
50019,54,42,12,12
50020,127,106,21,21
50021,126,123,3,3
50022,83,74,9,9
50023,108,88,20,20
50024,103,91,12,12
50025,132,121,11,11
50026,141,115,26,26
50027,132,118,14,14
50028,71,65,6,6
50029,111,97,14,14
50030,133,111,22,22
50031,102,91,11,11
50032,57,52,5,5
50033,92,94,-2,2
50034,120,98,22,22
50035,85,71,14,14
50036,86,82,4,4
50037,79,65,14,14
50038,69,69,0,0
50039,63,46,17,17
50040,118,110,8,8
50041,132,110,22,22
50042,72,66,6,6
50043,98,98,0,0
50044,110,99,11,11
50045,105,99,6,6
50046,67,61,6,6
50047,92,84,8,8
50048,118,119,-1,1
50049,134,106,28,28
50050,70,62,8,8
50051,129,107,22,22
50052,67,58,9,9
50053,36,39,-3,3
50054,137,130,7,7
50055,40,47,-7,7
50056,89,80,9,9
50057,89,78,11,11
50058,83,74,9,9
50059,70,78,-8,8
50060,125,111,14,14
50061,113,97,16,16
50062,64,56,8,8
50063,101,84,17,17
50064,92,80,12,12
50065,118,103,15,15
50066,70,64,6,6
50067,87,105,-18,18
50068,112,97,15,15
50069,195,172,23,23
50070,122,110,12,12
50071,59,54,5,5
50072,155,130,25,25
50073,131,111,20,20
50074,143,108,35,35
50075,117,94,23,23
50076,120,105,15,15
50077,113,95,18,18
50078,102,88,14,14
50079,131,107,24,24
50080,105,87,18,18
50081,87,81,6,6
50082,66,60,6,6
50083,122,123,-1,1
50084,116,91,25,25
50085,104,91,13,13
50086,51,49,2,2
50087,90,82,8,8
50088,87,77,10,10
50089,93,92,1,1
50090,61,60,1,1
50091,106,97,9,9
50092,47,49,-2,2
50093,80,69,11,11
50094,74,64,10,10
50095,50,47,3,3
50096,167,143,24,24
50097,56,49,7,7
50098,110,110,0,0
50099,160,124,36,36
50100,105,98,7,7
50101,63,55,8,8
50102,97,88,9,9
50103,98,85,13,13
50104,108,96,12,12
50105,105,92,13,13
50106,119,97,22,22
50107,144,119,25,25
50108,65,55,10,10
50109,112,95,17,17
50110,113,93,20,20
50111,98,94,4,4
50112,83,69,14,14
50113,170,144,26,26
50114,88,83,5,5
50115,109,90,19,19
50116,92,79,13,13
50117,121,110,11,11
50118,58,45,13,13
50119,96,112,-16,16
50120,108,93,15,15
50121,150,133,17,17
50122,78,69,9,9
50123,43,39,4,4
50124,49,51,-2,2
50125,173,140,33,33
50126,100,86,14,14
50127,104,90,14,14
50128,76,79,-3,3
50129,108,95,13,13
50130,148,125,23,23
50131,74,68,6,6
50132,72,59,13,13
50133,78,63,15,15
50134,108,98,10,10
50135,92,85,7,7
50136,94,90,4,4
50137,104,93,11,11
50138,102,97,5,5
50139,70,62,8,8
50140,88,74,14,14
50141,104,96,8,8
50142,115,87,28,28
50143,87,70,17,17
50144,110,98,12,12
50145,70,66,4,4
50146,78,72,6,6
50147,80,75,5,5
50148,56,50,6,6
50149,125,110,15,15
50150,79,68,11,11
50151,90,73,17,17
50152,134,120,14,14
50153,123,110,13,13
50154,116,91,25,25
50155,79,72,7,7
50156,100,104,-4,4
50157,55,53,2,2
50158,86,74,12,12
50159,125,114,11,11
50160,68,62,6,6
50161,73,70,3,3
50162,103,85,18,18
50163,172,154,18,18
50164,18,20,-2,2
50165,80,74,6,6
50166,64,57,7,7
50167,90,80,10,10
50168,100,93,7,7
50169,52,55,-3,3
50170,199,159,40,40
50171,90,84,6,6
50172,80,88,-8,8
50173,138,128,10,10
50174,64,62,2,2
50175,101,86,15,15
50176,116,115,1,1
50177,134,105,29,29
50178,113,95,18,18
50179,84,73,11,11
50180,55,62,-7,7
50181,194,165,29,29
50182,81,78,3,3
50183,100,85,15,15
50184,97,89,8,8
50185,64,58,6,6
50186,55,52,3,3
50187,68,66,2,2
50188,103,92,11,11
50189,102,80,22,22
50190,68,58,10,10
50191,95,81,14,14
50192,74,67,7,7
50193,77,53,24,24
50194,97,93,4,4
50195,77,61,16,16
50196,124,107,17,17
50197,62,60,2,2
50198,78,73,5,5
50199,149,127,22,22
50200,53,56,-3,3
50201,80,73,7,7
50202,82,81,1,1
50203,69,64,5,5
50204,80,80,0,0
50205,45,42,3,3
50206,66,61,5,5
50207,46,50,-4,4
50208,82,78,4,4
50209,45,41,4,4
50210,105,90,15,15
50211,109,87,22,22
50212,89,81,8,8
50213,69,62,7,7
50214,132,97,35,35
50215,106,95,11,11
50216,132,115,17,17
50217,141,124,17,17
50218,282,231,51,51
50219,151,148,3,3
50220,93,80,13,13
50221,129,119,10,10
50222,82,82,0,0
50223,72,68,4,4
50224,86,76,10,10
50225,42,36,6,6
50226,85,69,16,16
50227,105,86,19,19
50228,110,95,15,15
50229,50,50,0,0
50230,88,88,0,0
50231,98,78,20,20
50232,85,71,14,14
50233,122,114,8,8
50234,122,130,-8,8
50235,124,108,16,16
50236,77,72,5,5
50237,117,104,13,13
50238,98,100,-2,2
50239,90,76,14,14
50240,129,108,21,21
50241,88,87,1,1
50242,73,67,6,6
50243,77,71,6,6
50244,139,132,7,7
50245,96,79,17,17
50246,102,85,17,17
50247,87,80,7,7
50248,70,62,8,8
50249,159,140,19,19
50250,60,56,4,4
50251,69,59,10,10
50252,113,101,12,12
50253,156,132,24,24
50254,118,96,22,22
50255,53,47,6,6
50256,104,98,6,6
50257,83,69,14,14
50258,67,53,14,14
50259,95,95,0,0
50260,103,90,13,13
50261,132,130,2,2
50262,115,95,20,20
50263,89,82,7,7
50264,107,89,18,18
50265,99,93,6,6
50266,97,87,10,10
50267,54,53,1,1
50268,101,91,10,10
50269,97,78,19,19
50270,81,78,3,3
50271,150,143,7,7
50272,76,92,-16,16
50273,87,85,2,2
50274,101,108,-7,7
50275,51,48,3,3
50276,99,87,12,12
50277,76,67,9,9
50278,170,142,28,28
50279,129,99,30,30
50280,73,69,4,4
50281,172,159,13,13
50282,142,124,18,18
50283,104,93,11,11
50284,125,108,17,17
50285,51,48,3,3
50286,127,115,12,12
50287,150,124,26,26
50288,71,69,2,2
50289,129,123,6,6
50290,92,89,3,3
50291,83,73,10,10
50292,82,77,5,5
50293,143,135,8,8
50294,105,92,13,13
50295,60,55,5,5
50296,79,75,4,4
50297,26,29,-3,3
50298,131,104,27,27
50299,90,75,15,15
50300,72,65,7,7
50301,62,60,2,2
50302,76,66,10,10
50303,138,124,14,14
50304,81,79,2,2
50305,108,89,19,19
50306,88,86,2,2
50307,115,106,9,9
50308,123,106,17,17
50309,89,85,4,4
50310,123,110,13,13
50311,104,87,17,17
50312,67,58,9,9
50313,82,80,2,2
50314,68,55,13,13
50315,72,62,10,10
50316,92,80,12,12
50317,60,55,5,5
50318,76,82,-6,6
50319,91,84,7,7
50320,95,77,18,18
50321,101,94,7,7
50322,96,88,8,8
50323,122,103,19,19
50324,139,122,17,17
50325,141,104,37,37
50326,89,74,15,15
50327,103,103,0,0
50328,51,54,-3,3
50329,75,76,-1,1
50330,107,105,2,2
50331,64,60,4,4
50332,54,48,6,6
50333,90,74,16,16
50334,75,71,4,4
50335,136,116,20,20
50336,99,97,2,2
50337,128,125,3,3
50338,125,95,30,30
50339,131,107,24,24
50340,61,46,15,15
50341,60,52,8,8
50342,70,73,-3,3
50343,136,126,10,10
50344,91,74,17,17
50345,74,64,10,10
50346,63,60,3,3
50347,113,91,22,22
50348,78,58,20,20
50349,208,168,40,40
50350,153,133,20,20
50351,154,137,17,17
50352,92,82,10,10
50353,61,56,5,5
50354,88,85,3,3
50355,53,60,-7,7
50356,60,52,8,8
50357,101,87,14,14
50358,108,96,12,12
50359,70,60,10,10
50360,73,63,10,10
50361,86,80,6,6
50362,63,55,8,8
50363,105,97,8,8
50364,72,58,14,14
50365,145,120,25,25
50366,71,64,7,7
50367,148,119,29,29
50368,68,66,2,2
50369,158,130,28,28
50370,176,151,25,25
50371,98,71,27,27
50372,151,128,23,23
50373,72,82,-10,10
50374,48,47,1,1
50375,77,66,11,11
50376,65,56,9,9
50377,107,97,10,10
50378,93,77,16,16
50379,103,99,4,4
50380,95,84,11,11
50381,45,46,-1,1
50382,148,128,20,20
50383,130,115,15,15
50384,123,107,16,16
50385,91,84,7,7
50386,127,136,-9,9
50387,66,68,-2,2
50388,71,63,8,8
50389,133,114,19,19
50390,111,106,5,5
50391,92,91,1,1
50392,72,62,10,10
50393,70,62,8,8
50394,158,136,22,22
50395,56,49,7,7
50396,63,60,3,3
50397,73,65,8,8
50398,170,140,30,30
50399,118,108,10,10
50400,83,81,2,2
50401,59,58,1,1
50402,95,73,22,22
50403,79,57,22,22
50404,79,67,12,12
50405,103,107,-4,4
50406,127,111,16,16
50407,93,87,6,6
50408,82,71,11,11
50409,48,45,3,3
50410,90,82,8,8
50411,76,61,15,15
50412,91,85,6,6
50413,43,44,-1,1
50414,66,62,4,4
50415,55,53,2,2
50416,93,84,9,9
50417,102,87,15,15
50418,56,52,4,4
50419,91,80,11,11
50420,126,116,10,10
50421,78,78,0,0
50422,81,69,12,12
50423,103,95,8,8
50424,114,97,17,17
50425,103,92,11,11
50426,137,125,12,12
50427,111,97,14,14
50428,71,65,6,6
50429,99,77,22,22
50430,118,102,16,16
50431,145,122,23,23
50432,83,71,12,12
50433,59,47,12,12
50434,79,73,6,6
50435,60,53,7,7
50436,59,52,7,7
50437,109,102,7,7
50438,74,71,3,3
50439,125,121,4,4
50440,112,94,18,18
50441,74,66,8,8
50442,149,130,19,19
50443,79,77,2,2
50444,76,66,10,10
50445,124,105,19,19
50446,62,59,3,3
50447,59,65,-6,6
50448,190,159,31,31
50449,62,71,-9,9
50450,105,104,1,1
50451,97,74,23,23
50452,128,111,17,17
50453,113,102,11,11
50454,98,81,17,17
50455,37,39,-2,2
50456,136,121,15,15
50457,79,84,-5,5
50458,47,49,-2,2
50459,98,77,21,21
50460,101,93,8,8
50461,87,76,11,11
50462,49,52,-3,3
50463,88,66,22,22
50464,92,79,13,13
50465,128,112,16,16
50466,111,96,15,15
50467,106,92,14,14
50468,57,56,1,1
50469,95,92,3,3
50470,60,51,9,9
50471,131,107,24,24
50472,88,72,16,16
50473,83,78,5,5
50474,109,97,12,12
50475,114,105,9,9
50476,84,79,5,5
50477,85,77,8,8
50478,86,79,7,7
50479,76,70,6,6
50480,112,90,22,22
50481,106,101,5,5
50482,56,52,4,4
50483,120,111,9,9
50484,53,55,-2,2
50485,32,45,-13,13
50486,184,165,19,19
50487,82,67,15,15
50488,66,58,8,8
50489,67,69,-2,2
50490,123,111,12,12
50491,123,108,15,15
50492,146,116,30,30
50493,74,66,8,8
50494,113,94,19,19
50495,102,95,7,7
50496,143,120,23,23
50497,88,77,11,11
50498,136,117,19,19
50499,149,138,11,11
50500,165,146,19,19
50501,59,55,4,4
50502,87,75,12,12
50503,85,71,14,14
50504,54,55,-1,1
50505,48,42,6,6
50506,73,61,12,12
50507,74,63,11,11
50508,125,119,6,6
50509,71,58,13,13
50510,36,35,1,1
50511,127,99,28,28
50512,71,61,10,10
50513,92,81,11,11
50514,55,50,5,5
50515,62,53,9,9
50516,76,62,14,14
50517,64,57,7,7
50518,129,114,15,15
50519,147,126,21,21
50520,69,62,7,7
50521,76,63,13,13
50522,86,79,7,7
50523,66,53,13,13
50524,76,65,11,11
50525,74,71,3,3
50526,54,51,3,3
50527,109,101,8,8
50528,141,120,21,21
50529,55,54,1,1
50530,121,95,26,26
50531,79,74,5,5
50532,80,68,12,12
50533,156,139,17,17
50534,44,39,5,5
50535,114,92,22,22
50536,105,92,13,13
50537,73,67,6,6
50538,84,74,10,10
50539,176,150,26,26
50540,62,53,9,9
50541,121,104,17,17
50542,114,107,7,7
50543,87,84,3,3
50544,77,76,1,1
50545,64,57,7,7
50546,165,139,26,26
50547,139,134,5,5
50548,121,106,15,15
50549,97,83,14,14
50550,193,150,43,43
50551,125,118,7,7
50552,76,84,-8,8
50553,54,44,10,10
50554,134,127,7,7
50555,72,66,6,6
50556,96,84,12,12
50557,37,34,3,3
50558,125,104,21,21
50559,87,72,15,15
50560,33,31,2,2
50561,71,66,5,5
50562,53,49,4,4
50563,59,56,3,3
50564,110,91,19,19
50565,82,76,6,6
50566,110,96,14,14
50567,64,54,10,10
50568,65,58,7,7
50569,134,112,22,22
50570,58,56,2,2
50571,90,87,3,3
50572,79,76,3,3
50573,66,76,-10,10
50574,88,89,-1,1
50575,89,107,-18,18
50576,124,111,13,13
50577,111,96,15,15
50578,144,119,25,25
50579,131,119,12,12
50580,133,117,16,16
50581,104,93,11,11
50582,63,60,3,3
50583,72,61,11,11
50584,76,65,11,11
50585,59,50,9,9
50586,110,91,19,19
50587,69,58,11,11
50588,112,99,13,13
50589,41,48,-7,7
50590,135,117,18,18
50591,101,110,-9,9
50592,86,75,11,11
50593,116,115,1,1
50594,88,78,10,10
50595,74,77,-3,3
50596,41,44,-3,3
50597,91,90,1,1
50598,164,138,26,26
50599,58,49,9,9
50600,203,175,28,28
50601,84,79,5,5
50602,91,65,26,26
50603,98,92,6,6
50604,123,114,9,9
50605,63,51,12,12
50606,88,71,17,17
50607,92,90,2,2
50608,117,103,14,14
50609,72,58,14,14
50610,69,62,7,7
50611,77,68,9,9
50612,77,67,10,10
50613,73,59,14,14
50614,94,84,10,10
50615,118,101,17,17
50616,98,86,12,12
50617,82,74,8,8
50618,137,116,21,21
50619,84,83,1,1
50620,113,98,15,15
50621,145,121,24,24
50622,67,60,7,7
50623,101,94,7,7
50624,37,54,-17,17
50625,49,50,-1,1
50626,63,58,5,5
50627,76,66,10,10
50628,216,169,47,47
50629,138,129,9,9
50630,96,88,8,8
50631,76,77,-1,1
50632,66,59,7,7
50633,55,45,10,10
50634,92,82,10,10
50635,83,76,7,7
50636,107,110,-3,3
50637,124,104,20,20
50638,78,68,10,10
50639,149,135,14,14
50640,154,133,21,21
50641,67,59,8,8
50642,82,74,8,8
50643,99,90,9,9
50644,107,100,7,7
50645,156,136,20,20
50646,174,177,-3,3
50647,103,90,13,13
50648,116,103,13,13
50649,44,33,11,11
50650,108,97,11,11
50651,94,92,2,2
50652,63,60,3,3
50653,95,83,12,12
50654,57,55,2,2
50655,72,63,9,9
50656,72,61,11,11
50657,101,93,8,8
50658,94,108,-14,14
50659,86,66,20,20
50660,157,132,25,25
50661,56,51,5,5
50662,77,71,6,6
50663,76,78,-2,2
50664,164,146,18,18
50665,68,69,-1,1
50666,65,66,-1,1
50667,124,111,13,13
50668,62,57,5,5
50669,138,117,21,21
50670,146,126,20,20
50671,135,137,-2,2
50672,124,101,23,23
50673,105,90,15,15
50674,71,60,11,11
50675,84,75,9,9
50676,84,66,18,18
50677,70,62,8,8
50678,112,93,19,19
50679,127,114,13,13
50680,51,115,-64,64
50681,104,92,12,12
50682,96,93,3,3
50683,97,76,21,21
50684,72,65,7,7
50685,117,102,15,15
50686,115,116,-1,1
50687,76,72,4,4
50688,98,90,8,8
50689,70,67,3,3
50690,97,93,4,4
50691,131,129,2,2
50692,50,46,4,4
50693,68,62,6,6
50694,64,56,8,8
50695,103,95,8,8
50696,48,42,6,6
50697,106,92,14,14
50698,80,73,7,7
50699,131,120,11,11
50700,59,57,2,2
50701,196,168,28,28
50702,143,136,7,7
50703,74,63,11,11
50704,69,67,2,2
50705,70,66,4,4
50706,114,94,20,20
50707,70,60,10,10
50708,42,44,-2,2
50709,112,112,0,0
50710,79,65,14,14
50711,159,141,18,18
50712,121,95,26,26
50713,69,66,3,3
50714,93,75,18,18
50715,90,81,9,9
50716,91,87,4,4
50717,65,60,5,5
50718,136,127,9,9
50719,65,61,4,4
50720,51,53,-2,2
50721,131,110,21,21
50722,81,76,5,5
50723,60,110,-50,50
50724,99,84,15,15
50725,37,66,-29,29
50726,131,104,27,27
50727,164,128,36,36
50728,63,61,2,2
50729,208,167,41,41
50730,40,45,-5,5
50731,94,92,2,2
50732,114,102,12,12
50733,72,70,2,2
50734,83,69,14,14
50735,65,62,3,3
50736,124,115,9,9
50737,45,44,1,1
50738,78,68,10,10
50739,139,118,21,21
50740,63,60,3,3
50741,88,85,3,3
50742,81,72,9,9
50743,79,60,19,19
50744,106,93,13,13
50745,129,110,19,19
50746,107,101,6,6
50747,67,67,0,0
50748,119,106,13,13
50749,96,90,6,6
50750,96,76,20,20
50751,64,63,1,1
50752,110,100,10,10
50753,122,112,10,10
50754,159,141,18,18
50755,84,79,5,5
50756,78,68,10,10
50757,186,166,20,20
50758,77,68,9,9
50759,95,79,16,16
50760,78,69,9,9
50761,84,95,-11,11
50762,115,99,16,16
50763,104,94,10,10
50764,84,68,16,16
50765,94,79,15,15
50766,103,86,17,17
50767,120,106,14,14
50768,80,77,3,3
50769,63,51,12,12
50770,113,109,4,4
50771,82,79,3,3
50772,111,99,12,12
50773,103,96,7,7
50774,122,108,14,14
50775,81,73,8,8
50776,141,128,13,13
50777,122,110,12,12
50778,136,118,18,18
50779,67,63,4,4
50780,91,94,-3,3
50781,86,79,7,7
50782,97,81,16,16
50783,42,57,-15,15
50784,63,60,3,3
50785,118,104,14,14
50786,81,82,-1,1
50787,62,51,11,11
50788,55,51,4,4
50789,89,83,6,6
50790,71,64,7,7
50791,57,55,2,2
50792,83,76,7,7
50793,153,128,25,25
50794,106,88,18,18
50795,122,98,24,24
50796,76,67,9,9
50797,90,84,6,6
50798,70,74,-4,4
50799,33,32,1,1
50800,83,70,13,13
50801,50,51,-1,1
50802,118,101,17,17
50803,115,98,17,17
50804,45,42,3,3
50805,58,52,6,6
50806,38,40,-2,2
50807,97,93,4,4
50808,39,45,-6,6
50809,28,30,-2,2
50810,117,105,12,12
50811,115,96,19,19
50812,121,105,16,16
50813,105,100,5,5
50814,88,76,12,12
50815,64,66,-2,2
50816,85,78,7,7
50817,103,79,24,24
50818,76,66,10,10
50819,60,59,1,1
50820,73,67,6,6
50821,70,58,12,12
50822,54,51,3,3
50823,83,83,0,0
50824,77,68,9,9
50825,58,49,9,9
50826,105,85,20,20
50827,145,127,18,18
50828,119,90,29,29
50829,100,88,12,12
50830,84,78,6,6
50831,88,72,16,16
50832,90,76,14,14
50833,65,66,-1,1
50834,131,115,16,16
50835,76,82,-6,6
50836,166,153,13,13
50837,52,46,6,6
50838,156,142,14,14
50839,139,135,4,4
50840,80,68,12,12
50841,73,71,2,2
50842,94,83,11,11
50843,83,75,8,8
50844,108,88,20,20
50845,71,66,5,5
50846,98,97,1,1
50847,94,84,10,10
50848,99,86,13,13
50849,29,24,5,5
50850,85,69,16,16
50851,92,83,9,9
50852,96,87,9,9
50853,107,91,16,16
50854,31,45,-14,14
50855,80,63,17,17
50856,86,75,11,11
50857,147,124,23,23
50858,113,105,8,8
50859,58,53,5,5
50860,69,67,2,2
50861,81,76,5,5
50862,105,95,10,10
50863,146,116,30,30
50864,126,109,17,17
50865,72,65,7,7
50866,110,93,17,17
50867,140,127,13,13
50868,93,78,15,15
50869,88,80,8,8
50870,84,90,-6,6
50871,57,52,5,5
50872,78,66,12,12
50873,76,65,11,11
50874,143,115,28,28
50875,108,127,-19,19
50876,45,52,-7,7
50877,87,83,4,4
50878,77,69,8,8
50879,96,104,-8,8
50880,84,73,11,11
50881,60,57,3,3
50882,74,73,1,1
50883,83,72,11,11
50884,69,59,10,10
50885,58,46,12,12
50886,73,64,9,9
50887,81,77,4,4
50888,106,93,13,13
50889,140,134,6,6
50890,75,70,5,5
50891,102,92,10,10
50892,137,108,29,29
50893,63,83,-20,20
50894,80,69,11,11
50895,65,60,5,5
50896,151,128,23,23
50897,138,127,11,11
50898,104,85,19,19
50899,142,121,21,21
50900,77,77,0,0
50901,102,96,6,6
50902,83,75,8,8
50903,74,73,1,1
50904,113,100,13,13
50905,115,99,16,16
50906,86,85,1,1
50907,66,54,12,12
50908,123,104,19,19
50909,173,148,25,25
50910,138,130,8,8
50911,121,108,13,13
50912,187,165,22,22
50913,103,84,19,19
50914,93,134,-41,41
50915,134,116,18,18
50916,84,69,15,15
50917,140,119,21,21
50918,139,114,25,25
50919,112,107,5,5
50920,81,72,9,9
50921,48,41,7,7
50922,111,96,15,15
50923,133,112,21,21
50924,158,135,23,23
50925,47,48,-1,1
50926,115,110,5,5
50927,59,60,-1,1
50928,136,118,18,18
50929,86,80,6,6
50930,89,87,2,2
50931,104,96,8,8
50932,88,80,8,8
50933,68,63,5,5
50934,105,87,18,18
50935,122,103,19,19
50936,93,77,16,16
50937,172,148,24,24
50938,77,76,1,1
50939,141,120,21,21
50940,106,99,7,7
50941,102,98,4,4
50942,136,114,22,22
50943,83,69,14,14
50944,60,57,3,3
50945,90,91,-1,1
50946,69,64,5,5
50947,96,85,11,11
50948,101,91,10,10
50949,90,70,20,20
50950,95,92,3,3
50951,80,82,-2,2
50952,91,84,7,7
50953,125,112,13,13
50954,85,72,13,13
50955,129,116,13,13
50956,117,108,9,9
50957,77,68,9,9
50958,82,80,2,2
50959,135,117,18,18
50960,120,104,16,16
50961,89,70,19,19
50962,161,143,18,18
50963,70,65,5,5
50964,60,60,0,0
50965,172,147,25,25
50966,136,116,20,20
50967,86,69,17,17
50968,106,100,6,6
50969,107,100,7,7
50970,98,90,8,8
50971,120,131,-11,11
50972,158,139,19,19
50973,61,53,8,8
50974,101,87,14,14
50975,94,87,7,7
50976,60,60,0,0
50977,68,62,6,6
50978,99,78,21,21
50979,56,48,8,8
50980,110,90,20,20
50981,102,92,10,10
50982,83,78,5,5
50983,92,84,8,8
50984,77,64,13,13
50985,125,125,0,0
50986,79,64,15,15
50987,67,57,10,10
50988,113,99,14,14
50989,122,112,10,10
50990,131,115,16,16
50991,104,88,16,16
50992,89,94,-5,5
50993,92,83,9,9
50994,217,149,68,68
50995,45,35,10,10
50996,69,70,-1,1
50997,112,105,7,7
50998,146,109,37,37
50999,95,87,8,8
51000,91,84,7,7
51001,70,66,4,4
51002,75,75,0,0
51003,95,86,9,9
51004,112,90,22,22
51005,58,54,4,4
51006,54,45,9,9
51007,94,89,5,5
51008,108,90,18,18
51009,89,83,6,6
51010,90,80,10,10
51011,129,113,16,16
51012,105,88,17,17
51013,94,84,10,10
51014,132,135,-3,3
51015,95,84,11,11
51016,68,53,15,15
51017,97,80,17,17
51018,128,108,20,20
51019,116,108,8,8
51020,93,83,10,10
51021,89,72,17,17
51022,176,163,13,13
51023,172,158,14,14
51024,54,48,6,6
51025,60,59,1,1
51026,39,44,-5,5
51027,96,76,20,20
51028,60,69,-9,9
51029,52,48,4,4
51030,105,92,13,13
51031,137,122,15,15
51032,151,124,27,27
51033,108,108,0,0
51034,100,88,12,12
51035,68,62,6,6
51036,99,91,8,8
51037,100,90,10,10
51038,112,94,18,18
51039,78,62,16,16
51040,110,99,11,11
51041,70,57,13,13
51042,122,105,17,17
51043,72,71,1,1
51044,191,157,34,34
51045,106,97,9,9
51046,102,90,12,12
51047,130,106,24,24
51048,83,74,9,9
51049,70,65,5,5
51050,93,90,3,3
51051,98,82,16,16
51052,72,64,8,8
51053,121,100,21,21
51054,157,134,23,23
51055,72,69,3,3
51056,88,77,11,11
51057,109,98,11,11
51058,129,107,22,22
51059,185,154,31,31
51060,82,81,1,1
51061,45,38,7,7
51062,47,45,2,2
51063,75,73,2,2
51064,107,86,21,21
51065,73,69,4,4
51066,90,80,10,10
51067,69,69,0,0
51068,100,99,1,1
51069,87,70,17,17
51070,56,49,7,7
51071,83,69,14,14
51072,140,127,13,13
51073,64,51,13,13
51074,97,86,11,11
51075,86,76,10,10
51076,129,104,25,25
51077,119,100,19,19
51078,85,76,9,9
51079,109,92,17,17
51080,92,82,10,10
51081,152,120,32,32
51082,74,71,3,3
51083,147,177,-30,30
51084,117,103,14,14
51085,85,85,0,0
51086,115,113,2,2
51087,96,82,14,14
51088,109,99,10,10
51089,70,64,6,6
51090,107,91,16,16
51091,71,74,-3,3
51092,80,72,8,8
51093,117,100,17,17
51094,149,136,13,13
51095,74,65,9,9
51096,100,85,15,15
51097,131,121,10,10
51098,100,90,10,10
51099,72,64,8,8
51100,92,95,-3,3
51101,68,60,8,8
51102,71,69,2,2
51103,60,51,9,9
51104,74,68,6,6
51105,114,99,15,15
51106,44,42,2,2
51107,104,103,1,1
51108,143,126,17,17
51109,159,134,25,25
51110,76,69,7,7
51111,93,84,9,9
51112,91,81,10,10
51113,91,85,6,6
51114,188,154,34,34
51115,85,76,9,9
51116,58,46,12,12
51117,115,99,16,16
51118,51,50,1,1
51119,49,44,5,5
51120,108,101,7,7
51121,92,85,7,7
51122,102,95,7,7
51123,113,99,14,14
51124,100,88,12,12
51125,80,66,14,14
51126,109,106,3,3
51127,72,66,6,6
51128,91,85,6,6
51129,93,82,11,11
51130,44,41,3,3
51131,104,98,6,6
51132,50,56,-6,6
51133,76,69,7,7
51134,53,45,8,8
51135,119,102,17,17
51136,105,85,20,20
51137,110,112,-2,2
51138,148,135,13,13
51139,105,85,20,20
51140,139,116,23,23
51141,97,77,20,20
51142,113,88,25,25
51143,85,76,9,9
51144,113,95,18,18
51145,60,53,7,7
51146,66,53,13,13
51147,115,100,15,15
51148,30,55,-25,25
51149,76,64,12,12
51150,73,71,2,2
51151,72,72,0,0
51152,141,120,21,21
51153,58,61,-3,3
51154,101,91,10,10
51155,80,66,14,14
51156,76,68,8,8
51157,118,109,9,9
51158,97,89,8,8
51159,96,98,-2,2
51160,40,38,2,2
51161,157,132,25,25
51162,125,106,19,19
51163,99,83,16,16
51164,66,60,6,6
51165,117,102,15,15
51166,94,90,4,4
51167,54,54,0,0
51168,62,55,7,7
51169,74,65,9,9
51170,166,140,26,26
51171,142,130,12,12
51172,81,82,-1,1
51173,110,107,3,3
51174,114,95,19,19
51175,96,85,11,11
51176,54,51,3,3
51177,97,88,9,9
51178,86,89,-3,3
51179,67,67,0,0
51180,65,59,6,6
51181,89,86,3,3
51182,86,81,5,5
51183,71,67,4,4
51184,146,130,16,16
51185,81,63,18,18
51186,108,95,13,13
51187,116,102,14,14
51188,90,87,3,3
51189,108,89,19,19
51190,127,108,19,19
51191,60,53,7,7
51192,66,54,12,12
51193,180,158,22,22
51194,52,46,6,6
51195,93,84,9,9
51196,127,114,13,13
51197,96,79,17,17
51198,110,84,26,26
51199,102,98,4,4
51200,110,99,11,11
51201,72,60,12,12
51202,161,139,22,22
51203,89,72,17,17
51204,78,68,10,10
51205,77,75,2,2
51206,80,69,11,11
51207,78,71,7,7
51208,135,106,29,29
51209,88,72,16,16
51210,102,77,25,25
51211,73,66,7,7
51212,101,89,12,12
51213,84,73,11,11
51214,87,75,12,12
51215,79,75,4,4
51216,84,78,6,6
51217,140,124,16,16
51218,106,102,4,4
51219,75,60,15,15
51220,94,82,12,12
51221,79,76,3,3
51222,93,82,11,11
51223,155,138,17,17
51224,97,91,6,6
51225,109,112,-3,3
51226,115,94,21,21
51227,126,109,17,17
51228,90,81,9,9
51229,72,67,5,5
51230,63,54,9,9
51231,105,92,13,13
51232,68,63,5,5
51233,143,122,21,21
51234,116,106,10,10
51235,121,112,9,9
51236,130,99,31,31
51237,75,65,10,10
51238,70,68,2,2
51239,109,87,22,22
51240,98,85,13,13
51241,106,82,24,24
51242,76,70,6,6
51243,60,49,11,11
51244,68,65,3,3
51245,165,133,32,32
51246,90,94,-4,4
51247,178,146,32,32
51248,79,75,4,4
51249,72,57,15,15
51250,87,76,11,11
51251,82,71,11,11
51252,57,53,4,4
51253,110,100,10,10
51254,111,99,12,12
51255,70,71,-1,1
51256,112,106,6,6
51257,52,47,5,5
51258,94,79,15,15
51259,97,88,9,9
51260,66,61,5,5
51261,67,64,3,3
51262,66,63,3,3
51263,107,96,11,11
51264,156,173,-17,17
51265,40,80,-40,40
51266,60,58,2,2
51267,109,118,-9,9
51268,62,56,6,6
51269,126,102,24,24
51270,96,91,5,5
51271,106,86,20,20
51272,109,87,22,22
51273,77,69,8,8
51274,70,60,10,10
51275,75,86,-11,11
51276,194,163,31,31
51277,24,28,-4,4
51278,94,86,8,8
51279,102,83,19,19
51280,126,108,18,18
51281,150,118,32,32
51282,126,113,13,13
51283,82,83,-1,1
51284,92,93,-1,1
51285,87,75,12,12
51286,122,116,6,6
51287,129,120,9,9
51288,93,81,12,12
51289,62,63,-1,1
51290,148,134,14,14
51291,73,67,6,6
51292,114,93,21,21
51293,82,71,11,11
51294,99,93,6,6
51295,181,149,32,32
51296,158,129,29,29
51297,100,91,9,9
51298,143,125,18,18
51299,118,108,10,10
51300,85,74,11,11
51301,127,119,8,8
51302,83,83,0,0
51303,95,83,12,12
51304,63,52,11,11
51305,76,64,12,12
51306,111,107,4,4
51307,69,67,2,2
51308,100,81,19,19
51309,47,44,3,3
51310,83,80,3,3
51311,85,78,7,7
51312,74,65,9,9
51313,53,62,-9,9
51314,75,71,4,4
51315,71,76,-5,5
51316,108,93,15,15
51317,71,65,6,6
51318,121,108,13,13
51319,100,97,3,3
51320,113,104,9,9
51321,86,70,16,16
51322,86,68,18,18
51323,115,100,15,15
51324,38,36,2,2
51325,140,120,20,20
51326,119,113,6,6
51327,104,92,12,12
51328,135,109,26,26
51329,147,120,27,27
51330,116,98,18,18
51331,137,121,16,16
51332,86,78,8,8
51333,96,86,10,10
51334,76,65,11,11
51335,64,55,9,9
51336,57,50,7,7
51337,90,94,-4,4
51338,56,66,-10,10
51339,84,82,2,2
51340,109,90,19,19
51341,124,110,14,14
51342,138,112,26,26
51343,73,64,9,9
51344,98,85,13,13
51345,93,74,19,19
51346,51,39,12,12
51347,54,47,7,7
51348,62,56,6,6
51349,126,113,13,13
51350,85,72,13,13
51351,86,68,18,18
51352,67,56,11,11
51353,80,75,5,5
51354,55,52,3,3
51355,115,99,16,16
51356,71,63,8,8
51357,86,74,12,12
51358,120,105,15,15
51359,94,78,16,16
51360,71,65,6,6
51361,106,105,1,1
51362,101,87,14,14
51363,41,43,-2,2
51364,77,62,15,15
51365,130,107,23,23
51366,154,133,21,21
51367,102,82,20,20
51368,56,51,5,5
51369,108,94,14,14
51370,74,70,4,4
51371,33,93,-60,60
51372,109,97,12,12
51373,113,96,17,17
51374,115,101,14,14
51375,73,67,6,6
51376,60,61,-1,1
51377,115,97,18,18
51378,85,82,3,3
51379,121,98,23,23
51380,128,111,17,17
51381,76,79,-3,3
51382,158,139,19,19
51383,109,97,12,12
51384,47,46,1,1
51385,76,62,14,14
51386,75,59,16,16
51387,92,75,17,17
51388,92,83,9,9
51389,110,88,22,22
51390,101,87,14,14
51391,95,80,15,15
51392,107,94,13,13
51393,96,85,11,11
51394,127,115,12,12
51395,104,94,10,10
51396,84,70,14,14
51397,44,39,5,5
51398,112,110,2,2
51399,94,94,0,0
51400,65,58,7,7
51401,67,65,2,2
51402,106,92,14,14
51403,85,69,16,16
51404,75,78,-3,3
51405,72,63,9,9
51406,99,72,27,27
51407,63,60,3,3
51408,157,138,19,19
51409,70,62,8,8
51410,79,68,11,11
51411,99,83,16,16
51412,100,92,8,8
51413,152,126,26,26
51414,111,110,1,1
51415,73,69,4,4
51416,117,102,15,15
51417,74,66,8,8
51418,84,83,1,1
51419,117,101,16,16
51420,70,66,4,4
51421,72,69,3,3
51422,62,57,5,5
51423,90,85,5,5
51424,123,100,23,23
51425,81,74,7,7
51426,62,57,5,5
51427,74,65,9,9
51428,189,152,37,37
51429,97,91,6,6
51430,131,116,15,15
51431,66,66,0,0
51432,131,111,20,20
51433,101,81,20,20
51434,205,181,24,24
51435,92,87,5,5
51436,74,76,-2,2
51437,108,90,18,18
51438,78,64,14,14
51439,69,67,2,2
51440,92,71,21,21
51441,76,69,7,7
51442,83,71,12,12
51443,104,90,14,14
51444,85,72,13,13
51445,74,63,11,11
51446,134,126,8,8
51447,119,101,18,18
51448,92,78,14,14
51449,88,77,11,11
51450,126,117,9,9
51451,100,88,12,12
51452,45,48,-3,3
51453,131,106,25,25
51454,55,52,3,3
51455,180,154,26,26
51456,133,101,32,32
51457,94,63,31,31
51458,62,73,-11,11
51459,119,101,18,18
51460,183,155,28,28
51461,88,74,14,14
51462,115,81,34,34
51463,100,80,20,20
51464,64,65,-1,1
51465,83,94,-11,11
51466,138,124,14,14
51467,62,63,-1,1
51468,193,153,40,40
51469,90,73,17,17
51470,77,79,-2,2
51471,111,97,14,14
51472,99,77,22,22
51473,118,110,8,8
51474,131,110,21,21
51475,71,57,14,14
51476,78,72,6,6
51477,94,77,17,17
51478,92,84,8,8
51479,97,88,9,9
51480,89,77,12,12
51481,131,108,23,23
51482,119,89,30,30
51483,59,57,2,2
51484,80,72,8,8
51485,116,95,21,21
51486,93,79,14,14
51487,72,68,4,4
51488,185,145,40,40
51489,85,79,6,6
51490,108,106,2,2
51491,84,76,8,8
51492,100,94,6,6
51493,109,79,30,30
51494,43,40,3,3
51495,77,69,8,8
51496,87,72,15,15
51497,121,102,19,19
51498,109,100,9,9
51499,83,80,3,3
51500,108,86,22,22
51501,166,130,36,36
51502,68,59,9,9
51503,112,116,-4,4
51504,103,94,9,9
51505,106,98,8,8
51506,33,35,-2,2
51507,56,46,10,10
51508,72,64,8,8
51509,136,120,16,16
51510,79,71,8,8
51511,143,112,31,31
51512,103,88,15,15
51513,75,71,4,4
51514,73,65,8,8
51515,68,63,5,5
51516,68,72,-4,4
51517,102,78,24,24
51518,83,73,10,10
51519,70,71,-1,1
51520,88,76,12,12
51521,124,109,15,15
51522,111,102,9,9
51523,103,96,7,7
51524,104,92,12,12
51525,122,106,16,16
51526,119,105,14,14
51527,71,93,-22,22
51528,196,174,22,22
51529,70,62,8,8
51530,70,77,-7,7
51531,88,77,11,11
51532,122,105,17,17
51533,102,86,16,16
51534,119,100,19,19
51535,138,118,20,20
51536,165,136,29,29
51537,94,92,2,2
51538,52,48,4,4
51539,86,72,14,14
51540,63,63,0,0
51541,92,76,16,16
51542,65,54,11,11
51543,47,41,6,6
51544,62,55,7,7
51545,79,81,-2,2
51546,166,121,45,45
51547,96,80,16,16
51548,120,119,1,1
51549,117,103,14,14
51550,99,83,16,16
51551,124,117,7,7
51552,138,113,25,25
51553,60,58,2,2
51554,90,79,11,11
51555,76,70,6,6
51556,113,119,-6,6
51557,129,115,14,14
51558,80,71,9,9
51559,99,84,15,15
51560,87,78,9,9
51561,74,67,7,7
51562,70,63,7,7
51563,50,50,0,0
51564,83,73,10,10
51565,150,126,24,24
51566,104,89,15,15
51567,107,95,12,12
51568,101,84,17,17
51569,153,135,18,18
51570,81,73,8,8
51571,58,63,-5,5
51572,104,89,15,15
51573,64,57,7,7
51574,58,48,10,10
51575,137,125,12,12
51576,132,102,30,30
51577,110,96,14,14
51578,120,109,11,11
51579,92,85,7,7
51580,83,102,-19,19
51581,41,44,-3,3
51582,194,186,8,8
51583,79,65,14,14
51584,65,61,4,4
51585,126,121,5,5
51586,125,122,3,3
51587,148,127,21,21
51588,63,56,7,7
51589,82,77,5,5
51590,127,110,17,17
51591,141,117,24,24
51592,98,94,4,4
51593,140,127,13,13
51594,92,78,14,14
51595,78,76,2,2
51596,72,66,6,6
51597,133,106,27,27
51598,82,79,3,3
51599,53,55,-2,2
51600,68,59,9,9
51601,135,120,15,15
51602,76,83,-7,7
51603,84,67,17,17
51604,109,94,15,15
51605,115,107,8,8
51606,32,29,3,3
51607,202,162,40,40
51608,64,56,8,8
51609,69,60,9,9
51610,61,55,6,6
51611,81,67,14,14
51612,81,80,1,1
51613,103,90,13,13
51614,73,63,10,10
51615,103,104,-1,1
51616,153,140,13,13
51617,78,70,8,8
51618,100,85,15,15
51619,136,132,4,4
51620,58,53,5,5
51621,75,75,0,0
51622,130,104,26,26
51623,127,104,23,23
51624,51,51,0,0
51625,87,67,20,20
51626,99,90,9,9
51627,121,102,19,19
51628,83,76,7,7
51629,65,58,7,7
51630,86,77,9,9
51631,129,115,14,14
51632,77,78,-1,1
51633,63,63,0,0
51634,70,63,7,7
51635,75,70,5,5
51636,75,71,4,4
51637,132,118,14,14
51638,157,139,18,18
51639,130,119,11,11
51640,80,76,4,4
51641,97,91,6,6
51642,68,59,9,9
51643,98,89,9,9
51644,81,76,5,5
51645,51,47,4,4
51646,84,75,9,9
51647,79,70,9,9
51648,151,130,21,21
51649,82,71,11,11
51650,127,112,15,15
51651,63,63,0,0
51652,97,85,12,12
51653,121,104,17,17
51654,157,133,24,24
51655,101,87,14,14
51656,160,146,14,14
51657,92,82,10,10
51658,107,104,3,3
51659,108,84,24,24
51660,119,93,26,26
51661,61,61,0,0
51662,112,95,17,17
51663,71,60,11,11
51664,99,89,10,10
51665,68,68,0,0
51666,116,110,6,6
51667,64,66,-2,2
51668,124,114,10,10
51669,139,119,20,20
51670,80,70,10,10
51671,157,132,25,25
51672,101,87,14,14
51673,114,97,17,17
51674,126,115,11,11
51675,148,129,19,19
51676,77,72,5,5
51677,187,160,27,27
51678,139,125,14,14
51679,164,138,26,26
51680,98,90,8,8
51681,86,81,5,5
51682,61,55,6,6
51683,143,135,8,8
51684,57,50,7,7
51685,52,46,6,6
51686,92,93,-1,1
51687,108,93,15,15
51688,156,121,35,35
51689,159,131,28,28
51690,157,129,28,28
51691,102,87,15,15
51692,138,114,24,24
51693,78,72,6,6
51694,83,66,17,17
51695,108,84,24,24
51696,60,51,9,9
51697,142,108,34,34
51698,55,52,3,3
51699,65,52,13,13
51700,125,110,15,15
51701,90,82,8,8
51702,74,67,7,7
51703,156,134,22,22
51704,76,69,7,7
51705,94,89,5,5
51706,84,73,11,11
51707,84,69,15,15
51708,68,69,-1,1
51709,144,126,18,18
51710,74,63,11,11
51711,104,96,8,8
51712,98,65,33,33
51713,92,81,11,11
51714,106,94,12,12
51715,94,84,10,10
51716,91,85,6,6
51717,61,37,24,24
51718,77,66,11,11
51719,71,66,5,5
51720,98,85,13,13
51721,73,72,1,1
51722,103,96,7,7
51723,124,104,20,20
51724,135,111,24,24
51725,118,113,5,5
51726,96,93,3,3
51727,54,53,1,1
51728,112,90,22,22
51729,72,66,6,6
51730,70,67,3,3
51731,85,73,12,12
51732,51,42,9,9
51733,106,104,2,2
51734,113,94,19,19
51735,76,63,13,13
51736,63,63,0,0
51737,140,112,28,28
51738,103,86,17,17
51739,163,146,17,17
51740,126,111,15,15
51741,92,98,-6,6
51742,40,38,2,2
51743,33,37,-4,4
51744,99,88,11,11
51745,113,92,21,21
51746,59,51,8,8
51747,88,94,-6,6
51748,58,54,4,4
51749,98,87,11,11
51750,135,107,28,28
51751,92,82,10,10
51752,101,91,10,10
51753,116,100,16,16
51754,171,151,20,20
51755,98,77,21,21
51756,99,85,14,14
51757,77,66,11,11
51758,99,85,14,14
51759,61,53,8,8
51760,124,92,32,32
51761,36,34,2,2
51762,124,100,24,24
51763,89,77,12,12
51764,144,134,10,10
51765,113,97,16,16
51766,157,133,24,24
51767,95,84,11,11
51768,101,96,5,5
51769,76,72,4,4
51770,65,65,0,0
51771,222,163,59,59
51772,123,105,18,18
51773,71,81,-10,10
51774,102,83,19,19
51775,96,86,10,10
51776,105,90,15,15
51777,81,76,5,5
51778,122,124,-2,2
51779,64,62,2,2
51780,43,51,-8,8
51781,114,93,21,21
51782,62,58,4,4
51783,104,101,3,3
51784,175,165,10,10
51785,98,96,2,2
51786,87,72,15,15
51787,144,128,16,16
51788,76,78,-2,2
51789,125,111,14,14
51790,70,62,8,8
51791,86,87,-1,1
51792,140,107,33,33
51793,44,47,-3,3
51794,101,86,15,15
51795,68,63,5,5
51796,155,139,16,16
51797,125,112,13,13
51798,49,48,1,1
51799,140,129,11,11
51800,105,88,17,17
51801,192,175,17,17
51802,89,72,17,17
51803,140,120,20,20
51804,140,121,19,19
51805,112,105,7,7
51806,136,106,30,30
51807,76,75,1,1
51808,64,65,-1,1
51809,64,68,-4,4
51810,83,76,7,7
51811,72,60,12,12
51812,145,125,20,20
51813,113,91,22,22
51814,114,93,21,21
51815,154,127,27,27
51816,67,59,8,8
51817,197,156,41,41
51818,61,54,7,7
51819,99,88,11,11
51820,91,82,9,9
51821,181,139,42,42
51822,45,41,4,4
51823,55,54,1,1
51824,183,179,4,4
51825,106,98,8,8
51826,57,58,-1,1
51827,133,112,21,21
51828,36,36,0,0
51829,98,92,6,6
51830,54,45,9,9
51831,140,126,14,14
51832,114,102,12,12
51833,99,87,12,12
51834,69,62,7,7
51835,144,122,22,22
51836,112,108,4,4
51837,101,86,15,15
51838,88,71,17,17
51839,88,77,11,11
51840,94,79,15,15
51841,67,57,10,10
51842,46,46,0,0
51843,72,60,12,12
51844,80,67,13,13
51845,75,65,10,10
51846,94,78,16,16
51847,117,108,9,9
51848,67,60,7,7
51849,71,67,4,4
51850,67,72,-5,5
51851,68,58,10,10
51852,91,79,12,12
51853,71,67,4,4
51854,114,106,8,8
51855,93,89,4,4
51856,73,71,2,2
51857,164,136,28,28
51858,132,106,26,26
51859,66,52,14,14
51860,153,119,34,34
51861,108,105,3,3
51862,110,94,16,16
51863,156,124,32,32
51864,162,136,26,26
51865,150,132,18,18
51866,125,107,18,18
51867,61,55,6,6
51868,95,82,13,13
51869,152,120,32,32
51870,125,117,8,8
51871,119,94,25,25
51872,166,163,3,3
51873,120,92,28,28
51874,58,52,6,6
51875,45,40,5,5
51876,117,113,4,4
51877,65,55,10,10
51878,105,102,3,3
51879,70,63,7,7
51880,78,66,12,12
51881,91,76,15,15
51882,78,64,14,14
51883,116,117,-1,1
51884,132,104,28,28
51885,143,121,22,22
51886,117,112,5,5
51887,147,138,9,9
51888,63,61,2,2
51889,80,81,-1,1
51890,98,88,10,10
51891,51,53,-2,2
51892,51,45,6,6
51893,73,64,9,9
51894,95,76,19,19
51895,100,87,13,13
51896,74,74,0,0
51897,110,90,20,20
51898,78,71,7,7
51899,54,55,-1,1
51900,115,101,14,14
51901,139,118,21,21
51902,73,70,3,3
51903,67,60,7,7
51904,76,71,5,5
51905,108,95,13,13
51906,104,92,12,12
51907,130,114,16,16
51908,116,105,11,11
51909,57,54,3,3
51910,102,95,7,7
51911,108,90,18,18
51912,95,77,18,18
51913,40,39,1,1
51914,76,75,1,1
51915,71,61,10,10
51916,137,122,15,15
51917,118,99,19,19
51918,129,111,18,18
51919,67,62,5,5
51920,72,65,7,7
51921,111,107,4,4
51922,95,85,10,10
51923,130,127,3,3
51924,116,107,9,9
51925,68,62,6,6
51926,103,91,12,12
51927,95,87,8,8
51928,117,105,12,12
51929,62,48,14,14
51930,75,73,2,2
51931,56,60,-4,4
51932,120,96,24,24
51933,113,99,14,14
51934,85,73,12,12
51935,71,83,-12,12
51936,130,118,12,12
51937,87,84,3,3
51938,156,133,23,23
51939,89,80,9,9
51940,61,53,8,8
51941,115,101,14,14
51942,144,118,26,26
51943,73,72,1,1
51944,94,86,8,8
51945,102,90,12,12
51946,125,114,11,11
51947,71,58,13,13
51948,140,121,19,19
51949,143,122,21,21
51950,77,75,2,2
51951,86,69,17,17
51952,70,59,11,11
51953,101,81,20,20
51954,82,71,11,11
51955,93,77,16,16
51956,55,53,2,2
51957,138,130,8,8
51958,88,79,9,9
51959,81,78,3,3
51960,176,143,33,33
51961,90,85,5,5
51962,52,52,0,0
51963,97,83,14,14
51964,45,48,-3,3
51965,114,107,7,7
51966,155,133,22,22
51967,151,154,-3,3
51968,60,58,2,2
51969,82,67,15,15
51970,96,86,10,10
51971,126,102,24,24
51972,90,80,10,10
51973,83,64,19,19
51974,72,69,3,3
51975,139,119,20,20
51976,137,119,18,18
51977,119,105,14,14
51978,115,88,27,27
51979,76,65,11,11
51980,80,87,-7,7
51981,101,85,16,16
51982,92,80,12,12
51983,65,59,6,6
51984,89,82,7,7
51985,72,64,8,8
51986,45,39,6,6
51987,69,62,7,7
51988,81,72,9,9
51989,95,84,11,11
51990,76,69,7,7
51991,49,41,8,8
51992,97,90,7,7
51993,90,74,16,16
51994,130,114,16,16
51995,74,71,3,3
51996,46,49,-3,3
51997,74,73,1,1
51998,108,92,16,16
51999,115,109,6,6
52000,37,40,-3,3
52001,79,68,11,11
52002,75,70,5,5
52003,174,138,36,36
52004,107,93,14,14
52005,53,45,8,8
52006,83,74,9,9
52007,60,54,6,6
52008,98,92,6,6
52009,57,50,7,7
52010,54,49,5,5
52011,83,71,12,12
52012,182,181,1,1
52013,107,103,4,4
52014,89,89,0,0
52015,105,92,13,13
52016,109,100,9,9
52017,141,113,28,28
52018,121,109,12,12
52019,91,94,-3,3
52020,117,100,17,17
52021,58,50,8,8
52022,80,65,15,15
52023,88,77,11,11
52024,80,73,7,7
52025,146,129,17,17
52026,105,92,13,13
52027,128,126,2,2
52028,79,69,10,10
52029,123,113,10,10
52030,85,75,10,10
52031,77,67,10,10
52032,70,60,10,10
52033,100,91,9,9
52034,71,63,8,8
52035,123,105,18,18
52036,85,79,6,6
52037,113,100,13,13
52038,98,82,16,16
52039,67,68,-1,1
52040,130,120,10,10
52041,176,142,34,34
52042,117,101,16,16
52043,130,110,20,20
52044,114,97,17,17
52045,108,99,9,9
52046,111,105,6,6
52047,91,77,14,14
52048,153,125,28,28
52049,83,86,-3,3
52050,91,83,8,8
52051,103,94,9,9
52052,123,108,15,15
52053,57,57,0,0
52054,115,101,14,14
52055,86,82,4,4
52056,147,124,23,23
52057,116,119,-3,3
52058,87,77,10,10
52059,81,74,7,7
52060,58,48,10,10
52061,97,76,21,21
52062,138,130,8,8
52063,74,64,10,10
52064,60,62,-2,2
52065,94,86,8,8
52066,150,134,16,16
52067,143,127,16,16
52068,72,65,7,7
52069,80,76,4,4
52070,94,87,7,7
52071,85,72,13,13
52072,108,93,15,15
52073,106,85,21,21
52074,86,79,7,7
52075,160,134,26,26
52076,84,74,10,10
52077,78,66,12,12
52078,89,85,4,4
52079,76,76,0,0
52080,57,44,13,13
52081,93,82,11,11
52082,92,86,6,6
52083,79,87,-8,8
52084,105,93,12,12
52085,146,127,19,19
52086,79,75,4,4
52087,96,90,6,6
52088,97,87,10,10
52089,74,66,8,8
52090,79,76,3,3
52091,90,79,11,11
52092,133,119,14,14
52093,81,74,7,7
52094,140,119,21,21
52095,20,14,6,6
52096,42,86,-44,44
52097,178,140,38,38
52098,57,59,-2,2
52099,91,86,5,5
52100,125,124,1,1
52101,77,67,10,10
52102,73,68,5,5
52103,96,92,4,4
52104,63,54,9,9
52105,75,67,8,8
52106,117,101,16,16
52107,135,121,14,14
52108,105,99,6,6
52109,141,122,19,19
52110,123,99,24,24
52111,71,72,-1,1
52112,108,84,24,24
52113,104,98,6,6
52114,108,102,6,6
52115,93,84,9,9
52116,102,88,14,14
52117,99,78,21,21
52118,95,89,6,6
52119,53,48,5,5
52120,117,92,25,25
52121,79,78,1,1
52122,55,60,-5,5
52123,163,145,18,18
52124,53,47,6,6
52125,80,71,9,9
52126,124,106,18,18
52127,75,62,13,13
52128,133,118,15,15
52129,83,74,9,9
52130,54,56,-2,2
52131,52,48,4,4
52132,67,62,5,5
52133,75,64,11,11
52134,106,89,17,17
52135,140,121,19,19
52136,124,115,9,9
52137,65,63,2,2
52138,94,89,5,5
52139,108,99,9,9
52140,132,103,29,29
52141,123,108,15,15
52142,73,75,-2,2
52143,246,188,58,58
52144,91,74,17,17
52145,48,51,-3,3
52146,109,87,22,22
52147,120,97,23,23
52148,71,59,12,12
52149,44,41,3,3
52150,83,72,11,11
52151,77,65,12,12
52152,108,91,17,17
52153,76,65,11,11
52154,116,93,23,23
52155,98,99,-1,1
52156,114,93,21,21
52157,142,115,27,27
52158,92,93,-1,1
52159,82,69,13,13
52160,86,74,12,12
52161,65,60,5,5
52162,91,79,12,12
52163,158,140,18,18
52164,79,69,10,10
52165,89,73,16,16
52166,54,45,9,9
52167,144,112,32,32
52168,167,155,12,12
52169,94,93,1,1
52170,75,66,9,9
52171,110,109,1,1
52172,113,96,17,17
52173,63,57,6,6
52174,138,119,19,19
52175,101,85,16,16
52176,99,99,0,0
52177,98,90,8,8
52178,138,140,-2,2
52179,116,105,11,11
52180,53,58,-5,5
52181,97,85,12,12
52182,79,60,19,19
52183,94,95,-1,1
52184,72,71,1,1
52185,104,98,6,6
52186,113,91,22,22
52187,105,101,4,4
52188,84,74,10,10
52189,66,62,4,4
52190,75,68,7,7
52191,106,92,14,14
52192,100,85,15,15
52193,75,73,2,2
52194,45,37,8,8
52195,126,118,8,8
52196,102,87,15,15
52197,108,98,10,10
52198,99,84,15,15
52199,146,129,17,17
52200,107,98,9,9
52201,105,101,4,4
52202,58,49,9,9
52203,114,108,6,6
52204,151,120,31,31
52205,72,66,6,6
52206,79,66,13,13
52207,131,108,23,23
52208,91,81,10,10
52209,52,49,3,3
52210,81,64,17,17
52211,85,66,19,19
52212,96,81,15,15
52213,42,44,-2,2
52214,73,59,14,14
52215,100,83,17,17
52216,104,87,17,17
52217,85,82,3,3
52218,67,67,0,0
52219,71,66,5,5
52220,100,83,17,17
52221,134,100,34,34
52222,104,98,6,6
52223,90,72,18,18
52224,96,112,-16,16
52225,61,78,-17,17
52226,65,63,2,2
52227,139,122,17,17
52228,46,42,4,4
52229,70,64,6,6
52230,142,119,23,23
52231,90,77,13,13
52232,112,91,21,21
52233,113,93,20,20
52234,59,60,-1,1
52235,111,96,15,15
52236,84,71,13,13
52237,74,62,12,12
52238,78,63,15,15
52239,145,135,10,10
52240,100,107,-7,7
52241,103,88,15,15
52242,55,50,5,5
52243,93,85,8,8
52244,78,68,10,10
52245,80,71,9,9
52246,104,85,19,19
52247,66,61,5,5
52248,68,56,12,12
52249,60,51,9,9
52250,103,105,-2,2
52251,69,62,7,7
52252,92,80,12,12
52253,48,50,-2,2
52254,54,56,-2,2
52255,54,49,5,5
52256,58,55,3,3
52257,160,130,30,30
52258,83,69,14,14
52259,90,75,15,15
52260,71,110,-39,39
52261,168,157,11,11
52262,137,123,14,14
52263,139,124,15,15
52264,74,64,10,10
52265,75,71,4,4
52266,65,55,10,10
52267,93,73,20,20
52268,94,83,11,11
52269,65,68,-3,3
52270,110,100,10,10
52271,29,35,-6,6
52272,91,79,12,12
52273,78,69,9,9
52274,77,69,8,8
52275,93,85,8,8
52276,158,134,24,24
52277,206,176,30,30
52278,98,88,10,10
52279,131,114,17,17
52280,115,98,17,17
52281,129,99,30,30
52282,97,82,15,15
52283,97,82,15,15
52284,78,82,-4,4
52285,81,72,9,9
52286,107,93,14,14
52287,80,73,7,7
52288,67,64,3,3
52289,66,67,-1,1
52290,56,50,6,6
52291,72,65,7,7
52292,50,50,0,0
52293,70,89,-19,19
52294,128,108,20,20
52295,138,124,14,14
52296,38,38,0,0
52297,113,98,15,15
52298,168,147,21,21
52299,115,94,21,21
52300,88,78,10,10
52301,80,70,10,10
52302,124,117,7,7
52303,190,162,28,28
52304,92,87,5,5
52305,83,75,8,8
52306,78,72,6,6
52307,64,53,11,11
52308,121,108,13,13
52309,74,67,7,7
52310,59,55,4,4
52311,200,140,60,60
52312,157,132,25,25
52313,86,77,9,9
52314,126,110,16,16
52315,75,68,7,7
52316,95,97,-2,2
52317,118,94,24,24
52318,174,147,27,27
52319,148,126,22,22
52320,70,68,2,2
52321,99,87,12,12
52322,73,67,6,6
52323,178,138,40,40
52324,127,110,17,17
52325,137,123,14,14
52326,35,37,-2,2
52327,58,53,5,5
52328,104,96,8,8
52329,85,75,10,10
52330,91,80,11,11
52331,40,36,4,4
52332,83,75,8,8
52333,100,95,5,5
52334,73,70,3,3
52335,51,51,0,0
52336,263,177,86,86
52337,87,81,6,6
52338,85,72,13,13
52339,85,77,8,8
52340,89,76,13,13
52341,176,154,22,22
52342,103,92,11,11
52343,128,120,8,8
52344,166,150,16,16
52345,92,95,-3,3
52346,100,90,10,10
52347,98,78,20,20
52348,57,52,5,5
52349,127,105,22,22
52350,86,80,6,6
52351,144,128,16,16
52352,60,57,3,3
52353,113,97,16,16
52354,113,98,15,15
52355,103,90,13,13
52356,90,77,13,13
52357,56,46,10,10
52358,47,44,3,3
52359,105,96,9,9
52360,61,56,5,5
52361,128,124,4,4
52362,55,69,-14,14
52363,67,58,9,9
52364,65,60,5,5
52365,116,97,19,19
52366,76,70,6,6
52367,41,40,1,1
52368,83,68,15,15
52369,82,80,2,2
52370,50,50,0,0
52371,81,82,-1,1
52372,57,46,11,11
52373,83,71,12,12
52374,87,87,0,0
52375,56,44,12,12
52376,68,61,7,7
52377,71,62,9,9
52378,77,69,8,8
52379,67,60,7,7
52380,120,97,23,23
52381,74,69,5,5
52382,121,110,11,11
52383,73,68,5,5
52384,53,50,3,3
52385,68,65,3,3
52386,95,82,13,13
52387,103,96,7,7
52388,46,45,1,1
52389,73,60,13,13
52390,148,128,20,20
52391,145,116,29,29
52392,105,85,20,20
52393,71,65,6,6
52394,43,44,-1,1
52395,106,95,11,11
52396,114,103,11,11
52397,80,67,13,13
52398,64,72,-8,8
52399,125,102,23,23
52400,84,84,0,0
52401,86,80,6,6
52402,101,88,13,13
52403,95,82,13,13
52404,90,85,5,5
52405,93,79,14,14
52406,62,57,5,5
52407,146,122,24,24
52408,87,78,9,9
52409,85,69,16,16
52410,134,110,24,24
52411,82,68,14,14
52412,46,41,5,5
52413,73,59,14,14
52414,23,31,-8,8
52415,167,138,29,29
52416,116,87,29,29
52417,112,103,9,9
52418,227,192,35,35
52419,108,100,8,8
52420,93,84,9,9
52421,76,69,7,7
52422,75,69,6,6
52423,74,74,0,0
52424,85,69,16,16
52425,68,61,7,7
52426,93,77,16,16
52427,143,124,19,19
52428,132,112,20,20
52429,68,62,6,6
52430,49,51,-2,2
52431,116,95,21,21
52432,87,74,13,13
52433,114,92,22,22
52434,133,114,19,19
52435,81,70,11,11
52436,105,85,20,20
52437,88,79,9,9
52438,158,127,31,31
52439,82,66,16,16
52440,91,83,8,8
52441,158,140,18,18
52442,77,72,5,5
52443,61,74,-13,13
52444,57,56,1,1
52445,76,71,5,5
52446,80,73,7,7
52447,90,87,3,3
52448,75,58,17,17
52449,105,89,16,16
52450,99,88,11,11
52451,134,121,13,13
52452,70,67,3,3
52453,139,131,8,8
52454,67,61,6,6
52455,186,149,37,37
52456,101,89,12,12
52457,142,123,19,19
52458,66,57,9,9
52459,88,73,15,15
52460,79,76,3,3
52461,80,73,7,7
52462,103,99,4,4
52463,133,129,4,4
52464,21,52,-31,31
52465,98,76,22,22
52466,67,57,10,10
52467,117,124,-7,7
52468,71,64,7,7
52469,45,43,2,2
52470,90,74,16,16
52471,122,96,26,26
52472,133,115,18,18
52473,70,61,9,9
52474,99,92,7,7
52475,161,135,26,26
52476,123,105,18,18
52477,116,97,19,19
52478,148,115,33,33
52479,55,43,12,12
52480,107,98,9,9
52481,69,59,10,10
52482,103,105,-2,2
52483,50,48,2,2
52484,76,69,7,7
52485,98,88,10,10
52486,63,60,3,3
52487,69,62,7,7
52488,115,101,14,14
52489,64,57,7,7
52490,80,71,9,9
52491,93,77,16,16
52492,93,82,11,11
52493,107,89,18,18
52494,91,81,10,10
52495,73,76,-3,3
52496,163,133,30,30
52497,82,69,13,13
52498,133,112,21,21
52499,70,70,0,0
52500,74,67,7,7
52501,72,65,7,7
52502,51,40,11,11
52503,192,151,41,41
52504,59,66,-7,7
52505,69,59,10,10
52506,47,43,4,4
52507,146,142,4,4
52508,149,122,27,27
52509,96,100,-4,4
52510,73,60,13,13
52511,143,120,23,23
52512,101,95,6,6
52513,96,88,8,8
52514,108,103,5,5
52515,77,70,7,7
52516,45,47,-2,2
52517,89,86,3,3
52518,160,134,26,26
52519,97,92,5,5
52520,82,75,7,7
52521,80,66,14,14
52522,70,62,8,8
52523,123,101,22,22
52524,109,94,15,15
52525,162,143,19,19
52526,129,114,15,15
52527,80,68,12,12
52528,49,49,0,0
52529,129,101,28,28
52530,79,67,12,12
52531,89,86,3,3
52532,92,85,7,7
52533,87,71,16,16
52534,104,85,19,19
52535,106,80,26,26
52536,169,150,19,19
52537,96,95,1,1
52538,66,62,4,4
52539,140,122,18,18
52540,128,107,21,21
52541,82,70,12,12
52542,128,105,23,23
52543,109,102,7,7
52544,59,57,2,2
52545,61,58,3,3
52546,109,82,27,27
52547,72,71,1,1
52548,57,56,1,1
52549,94,89,5,5
52550,86,78,8,8
52551,57,54,3,3
52552,142,121,21,21
52553,79,78,1,1
52554,150,130,20,20
52555,122,122,0,0
52556,106,99,7,7
52557,41,41,0,0
52558,218,181,37,37
52559,106,89,17,17
52560,80,66,14,14
52561,87,79,8,8
52562,121,117,4,4
52563,68,61,7,7
52564,79,74,5,5
52565,63,55,8,8
52566,57,60,-3,3
52567,132,124,8,8
52568,86,79,7,7
52569,92,80,12,12
52570,187,158,29,29
52571,97,83,14,14
52572,135,118,17,17
52573,126,100,26,26
52574,79,71,8,8
52575,69,71,-2,2
52576,142,127,15,15
52577,97,81,16,16
52578,104,100,4,4
52579,112,104,8,8
52580,168,152,16,16
52581,145,115,30,30
52582,137,116,21,21
52583,142,117,25,25
52584,81,67,14,14
52585,97,85,12,12
52586,90,70,20,20
52587,121,125,-4,4
52588,71,68,3,3
52589,61,54,7,7
52590,95,102,-7,7
52591,95,105,-10,10
52592,53,55,-2,2
52593,126,115,11,11
52594,72,72,0,0
52595,86,69,17,17
52596,141,129,12,12
52597,96,93,3,3
52598,98,93,5,5
52599,123,109,14,14
52600,46,49,-3,3
52601,95,76,19,19
52602,127,107,20,20
52603,153,118,35,35
52604,115,95,20,20
52605,104,85,19,19
52606,53,50,3,3
52607,95,80,15,15
52608,88,78,10,10
52609,133,104,29,29
52610,88,78,10,10
52611,25,39,-14,14
52612,142,110,32,32
52613,98,93,5,5
52614,93,81,12,12
52615,99,81,18,18
52616,152,129,23,23
52617,124,111,13,13
52618,112,107,5,5
52619,134,109,25,25
52620,104,99,5,5
52621,86,73,13,13
52622,117,105,12,12
52623,77,70,7,7
52624,88,80,8,8
52625,72,61,11,11
52626,87,96,-9,9
52627,80,70,10,10
52628,103,92,11,11
52629,136,123,13,13
52630,105,102,3,3
52631,96,85,11,11
52632,90,74,16,16
52633,53,45,8,8
52634,77,69,8,8
52635,60,53,7,7
52636,115,109,6,6
52637,93,80,13,13
52638,91,72,19,19
52639,162,142,20,20
52640,115,90,25,25
52641,148,140,8,8
52642,68,61,7,7
52643,79,77,2,2
52644,53,47,6,6
52645,60,55,5,5
52646,63,65,-2,2
52647,102,90,12,12
52648,111,94,17,17
52649,116,103,13,13
52650,50,46,4,4
52651,113,93,20,20
52652,46,50,-4,4
52653,62,54,8,8
52654,112,98,14,14
52655,58,55,3,3
52656,85,81,4,4
52657,111,92,19,19
52658,105,95,10,10
52659,113,109,4,4
52660,174,145,29,29
52661,125,106,19,19
52662,109,96,13,13
52663,67,64,3,3
52664,76,62,14,14
52665,193,214,-21,21
52666,128,113,15,15
52667,88,74,14,14
52668,70,68,2,2
52669,63,58,5,5
52670,148,127,21,21
52671,89,87,2,2
52672,152,135,17,17
52673,62,60,2,2
52674,141,109,32,32
52675,48,46,2,2
52676,185,156,29,29
52677,89,77,12,12
52678,87,75,12,12
52679,50,49,1,1
52680,79,64,15,15
52681,124,121,3,3
52682,109,94,15,15
52683,54,52,2,2
52684,90,78,12,12
52685,85,77,8,8
52686,35,87,-52,52
52687,86,76,10,10
52688,47,49,-2,2
52689,103,85,18,18
52690,105,97,8,8
52691,47,54,-7,7
52692,44,43,1,1
52693,137,116,21,21
52694,69,67,2,2
52695,47,43,4,4
52696,63,56,7,7
52697,118,107,11,11
52698,83,78,5,5
52699,80,84,-4,4
52700,119,87,32,32
52701,107,103,4,4
52702,100,101,-1,1
52703,96,91,5,5
52704,90,88,2,2
52705,136,117,19,19
52706,142,134,8,8
52707,82,75,7,7
52708,64,49,15,15
52709,89,81,8,8
52710,49,49,0,0
52711,138,114,24,24
52712,74,57,17,17
52713,55,62,-7,7
52714,147,116,31,31
52715,87,82,5,5
52716,67,71,-4,4
52717,90,74,16,16
52718,72,79,-7,7
52719,110,95,15,15
52720,166,151,15,15
52721,128,95,33,33
52722,70,68,2,2
52723,95,88,7,7
52724,58,49,9,9
52725,95,85,10,10
52726,78,74,4,4
52727,99,93,6,6
52728,79,67,12,12
52729,96,77,19,19
52730,87,75,12,12
52731,57,57,0,0
52732,67,61,6,6
52733,84,82,2,2
52734,73,67,6,6
52735,77,69,8,8
52736,65,59,6,6
52737,34,40,-6,6
52738,103,90,13,13
52739,117,110,7,7
52740,73,59,14,14
52741,121,102,19,19
52742,67,64,3,3
52743,118,90,28,28
52744,145,129,16,16
52745,83,74,9,9
52746,105,89,16,16
52747,81,63,18,18
52748,92,84,8,8
52749,44,41,3,3
52750,104,93,11,11
52751,45,42,3,3
52752,96,82,14,14
52753,115,106,9,9
52754,91,88,3,3
52755,64,68,-4,4
52756,63,55,8,8
52757,83,77,6,6
52758,126,115,11,11
52759,57,58,-1,1
52760,209,171,38,38
52761,153,123,30,30
52762,57,54,3,3
52763,70,60,10,10
52764,118,111,7,7
52765,110,102,8,8
52766,63,51,12,12
52767,117,99,18,18
52768,151,116,35,35
52769,135,132,3,3
52770,75,65,10,10
52771,121,102,19,19
52772,142,133,9,9
52773,107,93,14,14
52774,87,78,9,9
52775,83,77,6,6
52776,54,42,12,12
52777,120,106,14,14
52778,75,70,5,5
52779,116,104,12,12
52780,80,72,8,8
52781,132,125,7,7
52782,61,60,1,1
52783,70,68,2,2
52784,57,46,11,11
52785,137,120,17,17
52786,112,88,24,24
52787,77,69,8,8
52788,78,71,7,7
52789,94,88,6,6
52790,85,79,6,6
52791,61,55,6,6
52792,80,69,11,11
52793,116,95,21,21
52794,64,74,-10,10
52795,69,65,4,4
52796,124,96,28,28
52797,78,58,20,20
52798,109,102,7,7
52799,90,76,14,14
52800,148,129,19,19
52801,64,61,3,3
52802,59,56,3,3
52803,42,38,4,4
52804,132,115,17,17
52805,132,115,17,17
52806,68,55,13,13
52807,173,161,12,12
52808,73,63,10,10
52809,88,79,9,9
52810,95,81,14,14
52811,56,49,7,7
52812,83,67,16,16
52813,131,124,7,7
52814,65,65,0,0
52815,77,68,9,9
52816,110,105,5,5
52817,80,100,-20,20
52818,76,61,15,15
52819,73,67,6,6
52820,66,62,4,4
52821,149,120,29,29
52822,55,53,2,2
52823,60,50,10,10
52824,151,133,18,18
52825,112,108,4,4
52826,67,58,9,9
52827,67,74,-7,7
52828,77,75,2,2
52829,114,106,8,8
52830,123,120,3,3
52831,83,72,11,11
52832,42,50,-8,8
52833,104,100,4,4
52834,90,81,9,9
52835,107,104,3,3
52836,153,126,27,27
52837,68,60,8,8
52838,41,42,-1,1
52839,82,73,9,9
52840,55,51,4,4
52841,114,93,21,21
52842,92,80,12,12
52843,90,84,6,6
52844,70,63,7,7
52845,75,71,4,4
52846,112,84,28,28
52847,76,72,4,4
52848,107,73,34,34
52849,96,86,10,10
52850,107,94,13,13
52851,46,43,3,3
52852,103,101,2,2
52853,122,107,15,15
52854,117,102,15,15
52855,69,74,-5,5
52856,100,93,7,7
52857,70,55,15,15
52858,96,94,2,2
52859,89,76,13,13
52860,112,105,7,7
52861,93,98,-5,5
52862,104,90,14,14
52863,79,70,9,9
52864,150,125,25,25
52865,145,130,15,15
52866,135,124,11,11
52867,61,57,4,4
52868,75,70,5,5
52869,63,53,10,10
52870,77,72,5,5
52871,115,109,6,6
52872,94,79,15,15
52873,60,54,6,6
52874,99,88,11,11
52875,162,148,14,14
52876,89,84,5,5
52877,84,75,9,9
52878,90,88,2,2
52879,132,112,20,20
52880,106,90,16,16
52881,50,40,10,10
52882,66,55,11,11
52883,153,129,24,24
52884,55,48,7,7
52885,92,79,13,13
52886,113,103,10,10
52887,54,49,5,5
52888,132,112,20,20
52889,116,92,24,24
52890,88,198,-110,110
52891,127,111,16,16
52892,80,76,4,4
52893,125,101,24,24
52894,108,89,19,19
52895,104,94,10,10
52896,62,62,0,0
52897,76,71,5,5
52898,77,74,3,3
52899,120,105,15,15
52900,71,67,4,4
52901,54,60,-6,6
52902,115,109,6,6
52903,138,129,9,9
52904,95,80,15,15
52905,31,34,-3,3
52906,46,38,8,8
52907,147,116,31,31
52908,129,122,7,7
52909,82,64,18,18
52910,81,77,4,4
52911,62,56,6,6
52912,140,120,20,20
52913,101,89,12,12
52914,120,96,24,24
52915,48,42,6,6
52916,132,113,19,19
52917,164,133,31,31
52918,48,53,-5,5
52919,81,83,-2,2
52920,74,70,4,4
52921,79,81,-2,2
52922,97,86,11,11
52923,81,79,2,2
52924,47,48,-1,1
52925,97,92,5,5
52926,59,60,-1,1
52927,68,57,11,11
52928,67,60,7,7
52929,66,60,6,6
52930,143,116,27,27
52931,88,79,9,9
52932,96,87,9,9
52933,169,126,43,43
52934,106,85,21,21
52935,106,94,12,12
52936,78,71,7,7
52937,107,100,7,7
52938,132,127,5,5
52939,88,70,18,18
52940,68,71,-3,3
52941,104,89,15,15
52942,79,70,9,9
52943,96,81,15,15
52944,159,138,21,21
52945,133,122,11,11
52946,81,75,6,6
52947,67,67,0,0
52948,86,79,7,7
52949,75,67,8,8
52950,106,98,8,8
52951,55,55,0,0
52952,167,134,33,33
52953,33,33,0,0
52954,114,111,3,3
52955,153,119,34,34
52956,76,68,8,8
52957,74,72,2,2
52958,152,137,15,15
52959,176,127,49,49
52960,86,73,13,13
52961,191,149,42,42
52962,116,102,14,14
52963,87,76,11,11
52964,133,116,17,17
52965,131,123,8,8
52966,96,84,12,12
52967,113,106,7,7
52968,52,48,4,4
52969,68,67,1,1
52970,110,97,13,13
52971,58,52,6,6
52972,104,109,-5,5
52973,93,82,11,11
52974,118,108,10,10
52975,92,85,7,7
52976,77,72,5,5
52977,43,39,4,4
52978,19,30,-11,11
52979,156,123,33,33
52980,145,128,17,17
52981,85,80,5,5
52982,85,66,19,19
52983,121,101,20,20
52984,76,67,9,9
52985,137,127,10,10
52986,76,68,8,8
52987,91,78,13,13
52988,93,77,16,16
52989,133,125,8,8
52990,128,108,20,20
52991,106,96,10,10
52992,77,71,6,6
52993,104,88,16,16
52994,82,70,12,12
52995,77,70,7,7
52996,91,92,-1,1
52997,73,86,-13,13
52998,144,120,24,24
52999,103,88,15,15
53000,97,104,-7,7
53001,238,195,43,43
53002,87,74,13,13
53003,135,113,22,22
53004,63,59,4,4
53005,95,80,15,15
53006,42,39,3,3
53007,69,67,2,2
53008,98,81,17,17
53009,147,131,16,16
53010,108,102,6,6
53011,52,47,5,5
53012,69,60,9,9
53013,92,69,23,23
53014,129,120,9,9
53015,83,77,6,6
53016,108,101,7,7
53017,126,118,8,8
53018,84,73,11,11
53019,86,66,20,20
53020,82,91,-9,9
53021,88,80,8,8
53022,101,78,23,23
53023,130,108,22,22
53024,83,76,7,7
53025,118,113,5,5
53026,106,93,13,13
53027,108,101,7,7
53028,85,61,24,24
53029,133,111,22,22
53030,77,66,11,11
53031,110,90,20,20
53032,71,71,0,0
53033,72,71,1,1
53034,44,39,5,5
53035,69,57,12,12
53036,106,91,15,15
53037,103,90,13,13
53038,82,68,14,14
53039,119,120,-1,1
53040,94,88,6,6
53041,67,61,6,6
53042,81,69,12,12
53043,102,90,12,12
53044,68,58,10,10
53045,154,124,30,30
53046,80,67,13,13
53047,120,102,18,18
53048,59,54,5,5
53049,149,134,15,15
53050,66,65,1,1
53051,80,61,19,19
53052,61,57,4,4
53053,40,44,-4,4
53054,80,77,3,3
53055,54,49,5,5
53056,90,95,-5,5
53057,107,92,15,15
53058,62,57,5,5
53059,157,145,12,12
53060,113,97,16,16
53061,107,105,2,2
53062,87,67,20,20
53063,90,80,10,10
53064,155,132,23,23
53065,37,43,-6,6
53066,66,63,3,3
53067,92,87,5,5
53068,74,65,9,9
53069,38,34,4,4
53070,83,68,15,15
53071,90,90,0,0
53072,262,278,-16,16
53073,83,74,9,9
53074,65,56,9,9
53075,84,70,14,14
53076,50,48,2,2
53077,95,93,2,2
53078,80,76,4,4
53079,135,113,22,22
53080,75,64,11,11
53081,79,74,5,5
53082,179,154,25,25
53083,119,106,13,13
53084,89,69,20,20
53085,58,60,-2,2
53086,98,94,4,4
53087,58,54,4,4
53088,62,55,7,7
53089,65,58,7,7
53090,90,79,11,11
53091,134,112,22,22
53092,61,58,3,3
53093,142,125,17,17
53094,71,68,3,3
53095,147,110,37,37
53096,122,109,13,13
53097,151,125,26,26
53098,105,94,11,11
53099,56,53,3,3
53100,124,115,9,9
53101,140,130,10,10
53102,107,92,15,15
53103,103,97,6,6
53104,98,81,17,17
53105,63,50,13,13
53106,51,52,-1,1
53107,81,71,10,10
53108,65,64,1,1
53109,150,129,21,21
53110,134,117,17,17
53111,46,41,5,5
53112,120,97,23,23
53113,80,75,5,5
53114,93,82,11,11
53115,176,140,36,36
53116,115,109,6,6
53117,128,115,13,13
53118,143,119,24,24
53119,55,50,5,5
53120,85,67,18,18
53121,102,83,19,19
53122,54,49,5,5
53123,151,112,39,39
53124,83,67,16,16
53125,47,43,4,4
53126,80,69,11,11
53127,126,106,20,20
53128,105,99,6,6
53129,103,99,4,4
53130,70,69,1,1
53131,64,58,6,6
53132,116,103,13,13
53133,124,121,3,3
53134,89,77,12,12
53135,73,69,4,4
53136,131,122,9,9
53137,120,99,21,21
53138,102,88,14,14
53139,88,74,14,14
53140,82,73,9,9
53141,88,78,10,10
53142,135,104,31,31
53143,119,103,16,16
53144,67,66,1,1
53145,55,47,8,8
53146,170,148,22,22
53147,125,122,3,3
53148,132,104,28,28
53149,146,130,16,16
53150,83,71,12,12
53151,85,71,14,14
53152,101,91,10,10
53153,84,77,7,7
53154,135,117,18,18
53155,54,48,6,6
53156,74,56,18,18
53157,72,65,7,7
53158,112,84,28,28
53159,137,124,13,13
53160,82,63,19,19
53161,121,97,24,24
53162,83,75,8,8
53163,112,107,5,5
53164,66,54,12,12
53165,90,77,13,13
53166,111,105,6,6
53167,70,68,2,2
53168,98,93,5,5
53169,101,87,14,14
53170,108,89,19,19
53171,77,69,8,8
53172,94,88,6,6
53173,77,72,5,5
53174,52,58,-6,6
53175,114,104,10,10
53176,79,70,9,9
53177,43,47,-4,4
53178,110,88,22,22
53179,51,44,7,7
53180,81,72,9,9
53181,122,103,19,19
53182,128,117,11,11
53183,92,96,-4,4
53184,111,97,14,14
53185,106,86,20,20
53186,56,53,3,3
53187,137,111,26,26
53188,75,62,13,13
53189,71,62,9,9
53190,67,61,6,6
53191,89,77,12,12
53192,96,86,10,10
53193,106,97,9,9
53194,71,62,9,9
53195,128,105,23,23
53196,63,62,1,1
53197,82,68,14,14
53198,67,61,6,6
53199,80,71,9,9
53200,124,106,18,18
53201,117,100,17,17
53202,115,113,2,2
53203,107,101,6,6
53204,65,59,6,6
53205,119,109,10,10
53206,88,88,0,0
53207,53,53,0,0
53208,156,130,26,26
53209,71,63,8,8
53210,89,80,9,9
53211,88,70,18,18
53212,113,99,14,14
53213,43,42,1,1
53214,106,96,10,10
53215,85,74,11,11
53216,108,115,-7,7
53217,70,54,16,16
53218,163,142,21,21
53219,102,91,11,11
53220,74,66,8,8
53221,60,56,4,4
53222,107,93,14,14
53223,59,70,-11,11
53224,90,67,23,23
53225,134,114,20,20
53226,159,136,23,23
53227,99,80,19,19
53228,75,69,6,6
53229,62,52,10,10
53230,93,82,11,11
53231,101,89,12,12
53232,61,59,2,2
53233,88,68,20,20
53234,99,92,7,7
53235,45,44,1,1
53236,65,63,2,2
53237,120,98,22,22
53238,85,76,9,9
53239,76,71,5,5
53240,111,94,17,17
53241,75,68,7,7
53242,96,90,6,6
53243,134,108,26,26
53244,62,51,11,11
53245,69,57,12,12
53246,95,85,10,10
53247,93,78,15,15
53248,73,67,6,6
53249,89,70,19,19
53250,59,47,12,12
53251,73,60,13,13
53252,115,104,11,11
53253,86,75,11,11
53254,141,141,0,0
53255,109,116,-7,7
53256,112,91,21,21
53257,74,69,5,5
53258,57,53,4,4
53259,61,58,3,3
53260,104,93,11,11
53261,111,86,25,25
53262,80,71,9,9
53263,107,90,17,17
53264,43,42,1,1
53265,71,70,1,1
53266,54,50,4,4
53267,74,74,0,0
53268,77,67,10,10
53269,86,86,0,0
53270,65,61,4,4
53271,103,82,21,21
53272,67,65,2,2
53273,77,61,16,16
53274,53,55,-2,2
53275,128,100,28,28
53276,75,70,5,5
53277,111,119,-8,8
53278,94,83,11,11
53279,93,81,12,12
53280,131,104,27,27
53281,61,81,-20,20
53282,69,57,12,12
53283,70,52,18,18
53284,50,49,1,1
53285,69,58,11,11
53286,101,84,17,17
53287,86,70,16,16
53288,98,86,12,12
53289,140,93,47,47
53290,88,79,9,9
53291,51,47,4,4
53292,72,67,5,5
53293,109,102,7,7
53294,67,70,-3,3
53295,114,96,18,18
53296,98,83,15,15
53297,98,97,1,1
53298,107,103,4,4
53299,133,127,6,6
53300,161,145,16,16
53301,161,134,27,27
53302,125,109,16,16
53303,90,82,8,8
53304,112,102,10,10
53305,61,58,3,3
53306,186,164,22,22
53307,102,100,2,2
53308,273,241,32,32
53309,125,114,11,11
53310,124,116,8,8
53311,115,98,17,17
53312,86,76,10,10
53313,67,61,6,6
53314,90,83,7,7
53315,146,126,20,20
53316,64,59,5,5
53317,78,68,10,10
53318,73,63,10,10
53319,132,112,20,20
53320,78,70,8,8
53321,108,104,4,4
53322,72,62,10,10
53323,112,109,3,3
53324,110,96,14,14
53325,157,132,25,25
53326,87,74,13,13
53327,63,53,10,10
53328,47,44,3,3
53329,55,53,2,2
53330,57,50,7,7
53331,77,73,4,4
53332,73,62,11,11
53333,52,48,4,4
53334,60,69,-9,9
53335,171,163,8,8
53336,153,130,23,23
53337,128,114,14,14
53338,101,89,12,12
53339,58,53,5,5
53340,67,59,8,8
53341,58,54,4,4
53342,69,61,8,8
53343,198,156,42,42
53344,85,69,16,16
53345,96,75,21,21
53346,68,84,-16,16
53347,80,68,12,12
53348,56,57,-1,1
53349,67,61,6,6
53350,57,52,5,5
53351,39,34,5,5
53352,81,78,3,3
53353,117,103,14,14
53354,104,96,8,8
53355,105,99,6,6
53356,83,72,11,11
53357,135,119,16,16
53358,76,60,16,16
53359,122,102,20,20
53360,78,72,6,6
53361,37,36,1,1
53362,134,109,25,25
53363,71,60,11,11
53364,119,103,16,16
53365,23,26,-3,3
53366,145,126,19,19
53367,99,90,9,9
53368,70,70,0,0
53369,41,53,-12,12
53370,82,81,1,1
53371,102,85,17,17
53372,64,57,7,7
53373,60,54,6,6
53374,157,135,22,22
53375,144,115,29,29
53376,107,97,10,10
53377,108,106,2,2
53378,79,69,10,10
53379,77,78,-1,1
53380,102,86,16,16
53381,62,58,4,4
53382,87,81,6,6
53383,156,129,27,27
53384,59,53,6,6
53385,54,51,3,3
53386,114,106,8,8
53387,87,91,-4,4
53388,132,117,15,15
53389,135,120,15,15
53390,126,100,26,26
53391,105,98,7,7
53392,95,92,3,3
53393,101,89,12,12
53394,51,53,-2,2
53395,63,64,-1,1
53396,149,131,18,18
53397,72,56,16,16
53398,147,124,23,23
53399,67,58,9,9
53400,106,101,5,5
53401,98,93,5,5
53402,100,84,16,16
53403,93,95,-2,2
53404,69,65,4,4
53405,116,120,-4,4
53406,88,74,14,14
53407,114,122,-8,8
53408,53,50,3,3
53409,55,49,6,6
53410,86,83,3,3
53411,110,90,20,20
53412,82,71,11,11
53413,87,72,15,15
53414,60,51,9,9
53415,59,54,5,5
53416,72,58,14,14
53417,99,78,21,21
53418,111,88,23,23
53419,105,97,8,8
53420,110,94,16,16
53421,56,51,5,5
53422,126,121,5,5
53423,75,70,5,5
53424,56,50,6,6
53425,119,124,-5,5
53426,98,86,12,12
53427,171,152,19,19
53428,169,128,41,41
53429,126,115,11,11
53430,194,157,37,37
53431,112,94,18,18
53432,73,65,8,8
53433,106,97,9,9
53434,101,78,23,23
53435,119,101,18,18
53436,96,76,20,20
53437,58,52,6,6
53438,89,84,5,5
53439,78,73,5,5
53440,85,80,5,5
53441,87,79,8,8
53442,70,69,1,1
53443,50,52,-2,2
53444,51,49,2,2
53445,91,77,14,14
53446,79,73,6,6
53447,98,87,11,11
53448,117,115,2,2
53449,94,92,2,2
53450,141,120,21,21
53451,133,122,11,11
53452,48,47,1,1
53453,121,108,13,13
53454,90,83,7,7
53455,50,55,-5,5
53456,69,69,0,0
53457,90,94,-4,4
53458,83,74,9,9
53459,89,93,-4,4
53460,84,73,11,11
53461,72,62,10,10
53462,65,62,3,3
53463,93,81,12,12
53464,70,62,8,8
53465,68,63,5,5
53466,128,126,2,2
53467,102,78,24,24
53468,111,103,8,8
53469,54,49,5,5
53470,94,93,1,1
53471,102,85,17,17
53472,104,89,15,15
53473,90,82,8,8
53474,96,90,6,6
53475,119,124,-5,5
53476,80,73,7,7
53477,77,68,9,9
53478,228,202,26,26
53479,134,103,31,31
53480,140,138,2,2
53481,47,43,4,4
53482,113,99,14,14
53483,58,53,5,5
53484,34,34,0,0
53485,46,40,6,6
53486,68,56,12,12
53487,68,61,7,7
53488,43,43,0,0
53489,74,71,3,3
53490,88,83,5,5
53491,130,126,4,4
53492,112,82,30,30
53493,91,78,13,13
53494,70,63,7,7
53495,137,117,20,20
53496,67,54,13,13
53497,90,72,18,18
53498,137,111,26,26
53499,83,82,1,1
53500,105,102,3,3
53501,78,73,5,5
53502,93,69,24,24
53503,88,71,17,17
53504,65,54,11,11
53505,105,86,19,19
53506,131,125,6,6
53507,52,46,6,6
53508,48,47,1,1
53509,127,119,8,8
53510,70,74,-4,4
53511,62,52,10,10
53512,119,108,11,11
53513,75,68,7,7
53514,90,73,17,17
53515,60,61,-1,1
53516,133,114,19,19
53517,86,71,15,15
53518,77,75,2,2
53519,81,73,8,8
53520,98,89,9,9
53521,101,93,8,8
53522,70,64,6,6
53523,86,69,17,17
53524,111,104,7,7
53525,99,83,16,16
53526,62,57,5,5
53527,111,102,9,9
53528,57,53,4,4
53529,93,83,10,10
53530,77,72,5,5
53531,122,107,15,15
53532,96,91,5,5
53533,52,49,3,3
53534,66,51,15,15
53535,102,90,12,12
53536,79,84,-5,5
53537,83,84,-1,1
53538,90,80,10,10
53539,117,97,20,20
53540,87,78,9,9
53541,127,105,22,22
53542,50,51,-1,1
53543,62,59,3,3
53544,63,67,-4,4
53545,80,67,13,13
53546,111,119,-8,8
53547,53,35,18,18
53548,105,93,12,12
53549,97,80,17,17
53550,48,42,6,6
53551,66,62,4,4
53552,113,103,10,10
53553,142,122,20,20
53554,42,37,5,5
53555,55,47,8,8
53556,111,88,23,23
53557,89,77,12,12
53558,76,80,-4,4
53559,126,105,21,21
53560,103,93,10,10
53561,53,51,2,2
53562,90,80,10,10
53563,66,53,13,13
53564,60,60,0,0
53565,49,51,-2,2
53566,230,186,44,44
53567,64,54,10,10
53568,104,93,11,11
53569,82,75,7,7
53570,157,139,18,18
53571,53,47,6,6
53572,93,87,6,6
53573,76,64,12,12
53574,61,60,1,1
53575,100,82,18,18
53576,52,52,0,0
53577,69,60,9,9
53578,117,104,13,13
53579,124,106,18,18
53580,100,94,6,6
53581,149,113,36,36
53582,99,90,9,9
53583,120,95,25,25
53584,79,75,4,4
53585,177,154,23,23
53586,62,57,5,5
53587,99,83,16,16
53588,157,133,24,24
53589,117,107,10,10
53590,98,84,14,14
53591,68,59,9,9
53592,85,73,12,12
53593,91,90,1,1
53594,106,87,19,19
53595,129,112,17,17
53596,134,109,25,25
53597,85,75,10,10
53598,122,113,9,9
53599,89,79,10,10
53600,46,46,0,0
53601,91,84,7,7
53602,136,122,14,14
53603,52,45,7,7
53604,98,94,4,4
53605,98,79,19,19
53606,129,112,17,17
53607,49,44,5,5
53608,75,64,11,11
53609,70,66,4,4
53610,102,84,18,18
53611,114,100,14,14
53612,31,36,-5,5
53613,120,104,16,16
53614,108,96,12,12
53615,84,80,4,4
53616,61,58,3,3
53617,150,134,16,16
53618,52,73,-21,21
53619,44,43,1,1
53620,71,69,2,2
53621,62,60,2,2
53622,74,68,6,6
53623,100,88,12,12
53624,83,80,3,3
53625,82,77,5,5
53626,149,118,31,31
53627,113,108,5,5
53628,99,80,19,19
53629,94,84,10,10
53630,77,74,3,3
53631,116,116,0,0
53632,154,138,16,16
53633,84,76,8,8
53634,116,93,23,23
53635,169,146,23,23
53636,126,110,16,16
53637,31,34,-3,3
53638,84,74,10,10
53639,81,68,13,13
53640,109,93,16,16
53641,96,87,9,9
53642,78,66,12,12
53643,100,89,11,11
53644,101,88,13,13
53645,63,63,0,0
53646,118,104,14,14
53647,119,101,18,18
53648,70,58,12,12
53649,82,66,16,16
53650,57,50,7,7
53651,89,83,6,6
53652,124,103,21,21
53653,67,64,3,3
53654,87,72,15,15
53655,115,96,19,19
53656,76,63,13,13
53657,63,58,5,5
53658,105,90,15,15
53659,77,67,10,10
53660,124,114,10,10
53661,84,68,16,16
53662,52,43,9,9
53663,55,49,6,6
53664,120,101,19,19
53665,206,161,45,45
53666,67,66,1,1
53667,93,85,8,8
53668,67,62,5,5
53669,71,59,12,12
53670,87,67,20,20
53671,72,61,11,11
53672,108,94,14,14
53673,116,100,16,16
53674,62,52,10,10
53675,61,62,-1,1
53676,57,55,2,2
53677,100,85,15,15
53678,78,64,14,14
53679,93,85,8,8
53680,102,93,9,9
53681,187,166,21,21
53682,88,71,17,17
53683,100,91,9,9
53684,169,149,20,20
53685,160,152,8,8
53686,142,123,19,19
53687,146,131,15,15
53688,81,76,5,5
53689,41,39,2,2
53690,111,88,23,23
53691,124,104,20,20
53692,114,107,7,7
53693,133,126,7,7
53694,88,70,18,18
53695,90,75,15,15
53696,76,67,9,9
53697,83,80,3,3
53698,130,112,18,18
53699,48,54,-6,6
53700,85,89,-4,4
53701,77,67,10,10
53702,130,118,12,12
53703,118,93,25,25
53704,106,93,13,13
53705,67,65,2,2
53706,111,102,9,9
53707,94,78,16,16
53708,69,60,9,9
53709,76,80,-4,4
53710,96,79,17,17
53711,84,69,15,15
53712,144,113,31,31
53713,66,69,-3,3
53714,86,75,11,11
53715,56,57,-1,1
53716,103,101,2,2
53717,154,131,23,23
53718,80,67,13,13
53719,89,77,12,12
53720,63,63,0,0
53721,90,83,7,7
53722,102,83,19,19
53723,132,117,15,15
53724,103,94,9,9
53725,138,118,20,20
53726,107,91,16,16
53727,84,77,7,7
53728,158,131,27,27
53729,143,127,16,16
53730,83,76,7,7
53731,101,85,16,16
53732,42,46,-4,4
53733,156,132,24,24
53734,96,91,5,5
53735,124,117,7,7
53736,91,81,10,10
53737,139,119,20,20
53738,80,68,12,12
53739,95,82,13,13
53740,95,80,15,15
53741,83,77,6,6
53742,88,82,6,6
53743,120,109,11,11
53744,79,72,7,7
53745,114,96,18,18
53746,54,51,3,3
53747,72,69,3,3
53748,122,101,21,21
53749,125,114,11,11
53750,100,88,12,12
53751,90,90,0,0
53752,92,81,11,11
53753,85,73,12,12
53754,115,101,14,14
53755,76,63,13,13
53756,94,95,-1,1
53757,128,106,22,22
53758,49,76,-27,27
53759,134,110,24,24
53760,114,101,13,13
53761,75,66,9,9
53762,71,59,12,12
53763,131,116,15,15
53764,110,95,15,15
53765,113,94,19,19
53766,79,80,-1,1
53767,90,74,16,16
53768,112,88,24,24
53769,92,82,10,10
53770,141,119,22,22
53771,46,44,2,2
53772,103,90,13,13
53773,124,113,11,11
53774,98,84,14,14
53775,106,83,23,23
53776,95,77,18,18
53777,50,48,2,2
53778,98,81,17,17
53779,127,112,15,15
53780,147,130,17,17
53781,136,115,21,21
53782,68,60,8,8
53783,133,113,20,20
53784,112,100,12,12
53785,73,62,11,11
53786,104,96,8,8
53787,118,101,17,17
53788,84,83,1,1
53789,66,60,6,6
53790,74,65,9,9
53791,71,56,15,15
53792,122,105,17,17
53793,88,78,10,10
53794,90,85,5,5
53795,44,44,0,0
53796,68,71,-3,3
53797,72,70,2,2
53798,141,122,19,19
53799,84,97,-13,13
53800,120,102,18,18
53801,46,39,7,7
53802,59,51,8,8
53803,136,117,19,19
53804,47,42,5,5
53805,57,56,1,1
53806,64,69,-5,5
53807,114,88,26,26
53808,75,62,13,13
53809,72,67,5,5
53810,58,48,10,10
53811,70,65,5,5
53812,146,123,23,23
53813,83,89,-6,6
53814,116,119,-3,3
53815,143,127,16,16
53816,118,97,21,21
53817,200,161,39,39
53818,116,92,24,24
53819,124,105,19,19
53820,142,130,12,12
53821,184,143,41,41
53822,137,122,15,15
53823,76,64,12,12
53824,96,81,15,15
53825,52,46,6,6
53826,91,73,18,18
53827,55,49,6,6
53828,95,76,19,19
53829,59,57,2,2
53830,145,131,14,14
53831,84,66,18,18
53832,112,102,10,10
53833,63,67,-4,4
53834,60,57,3,3
53835,134,118,16,16
53836,88,74,14,14
53837,72,66,6,6
53838,107,103,4,4
53839,74,62,12,12
53840,94,76,18,18
53841,84,70,14,14
53842,55,63,-8,8
53843,30,28,2,2
53844,31,39,-8,8
53845,77,74,3,3
53846,74,66,8,8
53847,99,76,23,23
53848,148,129,19,19
53849,70,69,1,1
53850,86,70,16,16
53851,124,126,-2,2
53852,144,127,17,17
53853,77,64,13,13
53854,117,97,20,20
53855,78,66,12,12
53856,53,58,-5,5
53857,105,89,16,16
53858,79,60,19,19
53859,127,107,20,20
53860,94,76,18,18
53861,159,145,14,14
53862,90,80,10,10
53863,71,68,3,3
53864,156,130,26,26
53865,140,124,16,16
53866,57,42,15,15
53867,91,81,10,10
53868,61,55,6,6
53869,91,85,6,6
53870,54,52,2,2
53871,78,65,13,13
53872,133,105,28,28
53873,121,99,22,22
53874,151,133,18,18
53875,119,104,15,15
53876,76,96,-20,20
53877,98,82,16,16
53878,97,85,12,12
53879,41,39,2,2
53880,149,148,1,1
53881,119,106,13,13
53882,80,72,8,8
53883,67,57,10,10
53884,70,66,4,4
53885,120,100,20,20
53886,125,111,14,14
53887,76,69,7,7
53888,77,73,4,4
53889,89,82,7,7
53890,63,53,10,10
53891,163,140,23,23
53892,51,42,9,9
53893,68,58,10,10
53894,131,120,11,11
53895,109,98,11,11
53896,61,50,11,11
53897,118,117,1,1
53898,103,92,11,11
53899,137,104,33,33
53900,93,79,14,14
53901,116,89,27,27
53902,61,58,3,3
53903,80,74,6,6
53904,88,79,9,9
53905,121,115,6,6
53906,63,59,4,4
53907,150,133,17,17
53908,130,114,16,16
53909,112,96,16,16
53910,48,48,0,0
53911,159,140,19,19
53912,75,63,12,12
53913,66,64,2,2
53914,75,67,8,8
53915,70,61,9,9
53916,80,66,14,14
53917,95,85,10,10
53918,57,46,11,11
53919,79,64,15,15
53920,69,58,11,11
53921,60,55,5,5
53922,115,96,19,19
53923,121,87,34,34
53924,71,57,14,14
53925,88,73,15,15
53926,97,86,11,11
53927,56,56,0,0
53928,107,87,20,20
53929,35,34,1,1
53930,112,100,12,12
53931,74,70,4,4
53932,80,72,8,8
53933,89,91,-2,2
53934,81,79,2,2
53935,142,127,15,15
53936,109,101,8,8
53937,118,93,25,25
53938,93,80,13,13
53939,127,113,14,14
53940,84,76,8,8
53941,135,122,13,13
53942,128,114,14,14
53943,88,69,19,19
53944,77,75,2,2
53945,73,71,2,2
53946,92,76,16,16
53947,163,148,15,15
53948,117,98,19,19
53949,186,159,27,27
53950,118,112,6,6
53951,79,60,19,19
53952,81,75,6,6
53953,114,117,-3,3
53954,83,73,10,10
53955,89,70,19,19
53956,139,126,13,13
53957,85,76,9,9
53958,52,50,2,2
53959,112,92,20,20
53960,79,72,7,7
53961,90,75,15,15
53962,102,92,10,10
53963,86,75,11,11
53964,83,70,13,13
53965,149,124,25,25
53966,50,48,2,2
53967,73,63,10,10
53968,66,59,7,7
53969,106,96,10,10
53970,78,65,13,13
53971,85,77,8,8
53972,97,95,2,2
53973,50,43,7,7
53974,126,122,4,4
53975,83,80,3,3
53976,98,82,16,16
53977,75,65,10,10
53978,93,82,11,11
53979,143,116,27,27
53980,142,113,29,29
53981,55,54,1,1
53982,68,58,10,10
53983,61,53,8,8
53984,68,60,8,8
53985,119,90,29,29
53986,85,70,15,15
53987,56,45,11,11
53988,105,101,4,4
53989,74,66,8,8
53990,61,54,7,7
53991,125,114,11,11
53992,49,45,4,4
53993,117,113,4,4
53994,109,101,8,8
53995,108,110,-2,2
53996,153,145,8,8
53997,59,48,11,11
53998,173,145,28,28
53999,90,79,11,11
54000,102,87,15,15
54001,53,51,2,2
54002,91,88,3,3
54003,162,115,47,47
54004,129,112,17,17
54005,110,98,12,12
54006,80,64,16,16
54007,94,77,17,17
54008,107,93,14,14
54009,57,56,1,1
54010,109,99,10,10
54011,73,66,7,7
54012,229,190,39,39
54013,170,152,18,18
54014,70,57,13,13
54015,104,97,7,7
54016,83,71,12,12
54017,101,85,16,16
54018,86,81,5,5
54019,108,98,10,10
54020,96,86,10,10
54021,80,76,4,4
54022,68,63,5,5
54023,91,76,15,15
54024,112,104,8,8
54025,122,103,19,19
54026,132,112,20,20
54027,96,87,9,9
54028,81,78,3,3
54029,80,84,-4,4
54030,101,85,16,16
54031,117,103,14,14
54032,100,88,12,12
54033,83,87,-4,4
54034,93,83,10,10
54035,103,93,10,10
54036,48,50,-2,2
54037,110,94,16,16
54038,128,107,21,21
54039,37,34,3,3
54040,110,109,1,1
54041,94,84,10,10
54042,127,125,2,2
54043,70,60,10,10
54044,112,96,16,16
54045,189,170,19,19
54046,95,92,3,3
54047,123,113,10,10
54048,152,133,19,19
54049,85,74,11,11
54050,60,57,3,3
54051,74,62,12,12
54052,89,81,8,8
54053,97,86,11,11
54054,159,132,27,27
54055,90,82,8,8
54056,76,69,7,7
54057,83,84,-1,1
54058,71,71,0,0
54059,105,83,22,22
54060,102,93,9,9
54061,161,133,28,28
54062,123,99,24,24
54063,85,76,9,9
54064,41,39,2,2
54065,165,139,26,26
54066,60,85,-25,25
54067,123,112,11,11
54068,59,49,10,10
54069,51,44,7,7
54070,160,144,16,16
54071,134,133,1,1
54072,87,83,4,4
54073,91,81,10,10
54074,52,50,2,2
54075,111,94,17,17
54076,139,131,8,8
54077,65,62,3,3
54078,96,84,12,12
54079,92,77,15,15
54080,77,77,0,0
54081,106,103,3,3
54082,194,167,27,27
54083,127,110,17,17
54084,121,91,30,30
54085,140,135,5,5
54086,129,115,14,14
54087,59,57,2,2
54088,82,79,3,3
54089,59,56,3,3
54090,98,83,15,15
54091,214,166,48,48
54092,107,95,12,12
54093,122,112,10,10
54094,75,64,11,11
54095,52,45,7,7
54096,129,108,21,21
54097,59,52,7,7
54098,64,56,8,8
54099,144,118,26,26
54100,99,87,12,12
54101,156,130,26,26
54102,173,150,23,23
54103,82,73,9,9
54104,145,115,30,30
54105,105,85,20,20
54106,102,99,3,3
54107,69,61,8,8
54108,51,47,4,4
54109,44,43,1,1
54110,30,29,1,1
54111,118,96,22,22
54112,85,70,15,15
54113,70,64,6,6
54114,61,65,-4,4
54115,69,59,10,10
54116,81,71,10,10
54117,68,55,13,13
54118,149,129,20,20
54119,47,57,-10,10
54120,53,53,0,0
54121,143,126,17,17
54122,91,89,2,2
54123,93,85,8,8
54124,45,41,4,4
54125,122,108,14,14
54126,112,95,17,17
54127,165,131,34,34
54128,57,56,1,1
54129,101,91,10,10
54130,54,51,3,3
54131,55,49,6,6
54132,74,63,11,11
54133,95,82,13,13
54134,58,80,-22,22
54135,114,112,2,2
54136,73,80,-7,7
54137,81,69,12,12
54138,63,54,9,9
54139,139,134,5,5
54140,96,83,13,13
54141,111,98,13,13
54142,157,130,27,27
54143,167,150,17,17
54144,166,129,37,37
54145,115,107,8,8
54146,80,68,12,12
54147,166,128,38,38
54148,89,78,11,11
54149,69,58,11,11
54150,34,39,-5,5
54151,92,81,11,11
54152,81,79,2,2
54153,131,120,11,11
54154,65,61,4,4
54155,107,96,11,11
54156,61,59,2,2
54157,77,75,2,2
54158,92,86,6,6
54159,175,159,16,16
54160,154,140,14,14
54161,101,93,8,8
54162,96,81,15,15
54163,82,72,10,10
54164,72,62,10,10
54165,60,57,3,3
54166,137,113,24,24
54167,44,44,0,0
54168,77,63,14,14
54169,111,98,13,13
54170,41,46,-5,5
54171,119,97,22,22
54172,83,76,7,7
54173,108,90,18,18
54174,128,103,25,25
54175,76,80,-4,4
54176,41,44,-3,3
54177,79,70,9,9
54178,175,150,25,25
54179,115,93,22,22
54180,87,84,3,3
54181,136,109,27,27
54182,76,66,10,10
54183,107,104,3,3
54184,86,84,2,2
54185,118,97,21,21
54186,98,83,15,15
54187,73,63,10,10
54188,176,146,30,30
54189,110,89,21,21
54190,73,62,11,11
54191,73,66,7,7
54192,109,105,4,4
54193,96,91,5,5
54194,128,107,21,21
54195,65,56,9,9
54196,81,77,4,4
54197,76,67,9,9
54198,81,80,1,1
54199,55,45,10,10
54200,93,84,9,9
54201,138,126,12,12
54202,127,108,19,19
54203,110,81,29,29
54204,97,82,15,15
54205,106,102,4,4
54206,70,66,4,4
54207,84,90,-6,6
54208,103,89,14,14
54209,109,88,21,21
54210,82,70,12,12
54211,82,74,8,8
54212,75,66,9,9
54213,96,83,13,13
54214,74,66,8,8
54215,50,47,3,3
54216,80,67,13,13
54217,129,124,5,5
54218,127,117,10,10
54219,101,101,0,0
54220,94,82,12,12
54221,80,74,6,6
54222,51,45,6,6
54223,98,87,11,11
54224,93,85,8,8
54225,138,124,14,14
54226,127,105,22,22
54227,115,99,16,16
54228,57,53,4,4
54229,62,57,5,5
54230,125,115,10,10
54231,74,74,0,0
54232,104,84,20,20
54233,112,103,9,9
54234,101,85,16,16
54235,81,63,18,18
54236,58,56,2,2
54237,98,77,21,21
54238,60,51,9,9
54239,60,58,2,2
54240,119,98,21,21
54241,92,81,11,11
54242,79,75,4,4
54243,72,64,8,8
54244,59,56,3,3
54245,53,49,4,4
54246,133,113,20,20
54247,81,81,0,0
54248,167,139,28,28
54249,110,95,15,15
54250,62,57,5,5
54251,77,67,10,10
54252,81,79,2,2
54253,108,82,26,26
54254,107,88,19,19
54255,56,50,6,6
54256,74,62,12,12
54257,55,63,-8,8
54258,41,37,4,4
54259,95,79,16,16
54260,80,73,7,7
54261,107,94,13,13
54262,89,81,8,8
54263,69,62,7,7
54264,89,75,14,14
54265,125,102,23,23
54266,139,131,8,8
54267,63,61,2,2
54268,79,74,5,5
54269,111,104,7,7
54270,80,74,6,6
54271,89,87,2,2
54272,65,55,10,10
54273,139,119,20,20
54274,105,91,14,14
54275,59,52,7,7
54276,108,88,20,20
54277,71,65,6,6
54278,57,59,-2,2
54279,65,57,8,8
54280,66,56,10,10
54281,171,153,18,18
54282,69,80,-11,11
54283,137,110,27,27
54284,62,58,4,4
54285,92,80,12,12
54286,87,70,17,17
54287,131,114,17,17
54288,160,150,10,10
54289,78,72,6,6
54290,82,81,1,1
54291,152,155,-3,3
54292,34,32,2,2
54293,80,81,-1,1
54294,201,175,26,26
54295,89,79,10,10
54296,88,82,6,6
54297,137,118,19,19
54298,58,53,5,5
54299,87,90,-3,3
54300,106,97,9,9
54301,67,60,7,7
54302,57,48,9,9
54303,83,69,14,14
54304,105,84,21,21
54305,187,145,42,42
54306,92,81,11,11
54307,43,39,4,4
54308,130,119,11,11
54309,103,87,16,16
54310,79,71,8,8
54311,176,153,23,23
54312,120,98,22,22
54313,75,65,10,10
54314,75,63,12,12
54315,77,63,14,14
54316,87,74,13,13
54317,49,51,-2,2
54318,164,128,36,36
54319,142,117,25,25
54320,136,118,18,18
54321,51,49,2,2
54322,79,72,7,7
54323,173,151,22,22
54324,118,106,12,12
54325,75,66,9,9
54326,87,82,5,5
54327,66,58,8,8
54328,67,62,5,5
54329,124,107,17,17
54330,62,58,4,4
54331,88,84,4,4
54332,87,75,12,12
54333,125,116,9,9
54334,107,77,30,30
54335,65,54,11,11
54336,50,48,2,2
54337,80,65,15,15
54338,166,144,22,22
54339,142,120,22,22
54340,171,147,24,24
54341,57,52,5,5
54342,87,79,8,8
54343,106,85,21,21
54344,95,90,5,5
54345,108,87,21,21
54346,105,85,20,20
54347,112,97,15,15
54348,101,80,21,21
54349,89,79,10,10
54350,49,50,-1,1
54351,84,72,12,12
54352,101,93,8,8
54353,66,57,9,9
54354,83,70,13,13
54355,58,51,7,7
54356,85,79,6,6
54357,91,100,-9,9
54358,53,61,-8,8
54359,94,84,10,10
54360,97,74,23,23
54361,76,67,9,9
54362,45,51,-6,6
54363,49,44,5,5
54364,150,132,18,18
54365,104,89,15,15
54366,111,104,7,7
54367,68,55,13,13
54368,93,89,4,4
54369,100,91,9,9
54370,107,96,11,11
54371,121,109,12,12
54372,60,60,0,0
54373,134,122,12,12
54374,127,111,16,16
54375,76,70,6,6
54376,122,98,24,24
54377,71,57,14,14
54378,73,71,2,2
54379,74,63,11,11
54380,133,118,15,15
54381,78,64,14,14
54382,60,67,-7,7
54383,112,115,-3,3
54384,87,82,5,5
54385,105,87,18,18
54386,62,58,4,4
54387,76,65,11,11
54388,124,104,20,20
54389,108,102,6,6
54390,63,54,9,9
54391,192,162,30,30
54392,63,70,-7,7
54393,94,85,9,9
54394,76,85,-9,9
54395,153,133,20,20
54396,145,123,22,22
54397,118,112,6,6
54398,144,132,12,12
54399,80,77,3,3
54400,81,69,12,12
54401,167,133,34,34
54402,112,79,33,33
54403,87,84,3,3
54404,114,81,33,33
54405,96,88,8,8
54406,72,65,7,7
54407,148,135,13,13
54408,105,97,8,8
54409,138,131,7,7
54410,80,71,9,9
54411,79,76,3,3
54412,92,77,15,15
54413,104,96,8,8
54414,60,65,-5,5
54415,179,148,31,31
54416,86,74,12,12
54417,32,45,-13,13
54418,134,97,37,37
54419,71,64,7,7
54420,93,83,10,10
54421,112,99,13,13
54422,117,104,13,13
54423,112,99,13,13
54424,83,75,8,8
54425,111,102,9,9
54426,143,126,17,17
54427,84,76,8,8
54428,58,56,2,2
54429,78,70,8,8
54430,116,94,22,22
54431,120,99,21,21
54432,102,82,20,20
54433,155,80,75,75
54434,106,94,12,12
54435,79,64,15,15
54436,111,104,7,7
54437,72,63,9,9
54438,59,53,6,6
54439,139,131,8,8
54440,119,100,19,19
54441,100,85,15,15
54442,59,63,-4,4
54443,67,66,1,1
54444,149,140,9,9
54445,74,64,10,10
54446,96,89,7,7
54447,196,178,18,18
54448,144,128,16,16
54449,101,86,15,15
54450,80,85,-5,5
54451,76,76,0,0
54452,96,88,8,8
54453,112,94,18,18
54454,73,83,-10,10
54455,126,115,11,11
54456,92,79,13,13
54457,125,118,7,7
54458,64,61,3,3
54459,146,129,17,17
54460,77,85,-8,8
54461,148,130,18,18
54462,126,112,14,14
54463,95,88,7,7
54464,58,48,10,10
54465,146,121,25,25
54466,148,119,29,29
54467,104,94,10,10
54468,129,106,23,23
54469,60,48,12,12
54470,83,73,10,10
54471,67,50,17,17
54472,132,109,23,23
54473,82,80,2,2
54474,34,46,-12,12
54475,76,70,6,6
54476,116,110,6,6
54477,119,111,8,8
54478,96,89,7,7
54479,138,117,21,21
54480,80,71,9,9
54481,109,101,8,8
54482,103,88,15,15
54483,57,56,1,1
54484,41,36,5,5
54485,121,107,14,14
54486,87,70,17,17
54487,125,109,16,16
54488,82,81,1,1
54489,36,36,0,0
54490,63,55,8,8
54491,112,98,14,14
54492,90,74,16,16
54493,110,108,2,2
54494,184,152,32,32
54495,97,90,7,7
54496,64,63,1,1
54497,115,93,22,22
54498,85,73,12,12
54499,60,57,3,3
54500,68,67,1,1
54501,118,104,14,14
54502,56,62,-6,6
54503,49,58,-9,9
54504,92,86,6,6
54505,62,54,8,8
54506,131,118,13,13
54507,125,110,15,15
54508,146,131,15,15
54509,78,70,8,8
54510,69,61,8,8
54511,76,63,13,13
54512,66,60,6,6
54513,71,65,6,6
54514,97,89,8,8
54515,264,208,56,56
54516,38,41,-3,3
54517,134,126,8,8
54518,70,61,9,9
54519,67,61,6,6
54520,128,112,16,16
54521,138,96,42,42
54522,101,107,-6,6
54523,76,66,10,10
54524,42,43,-1,1
54525,138,111,27,27
54526,126,106,20,20
54527,80,68,12,12
54528,61,54,7,7
54529,105,82,23,23
54530,113,101,12,12
54531,96,87,9,9
54532,97,88,9,9
54533,74,76,-2,2
54534,129,118,11,11
54535,83,68,15,15
54536,87,73,14,14
54537,72,60,12,12
54538,120,101,19,19
54539,95,103,-8,8
54540,62,60,2,2
54541,54,52,2,2
54542,80,76,4,4
54543,109,88,21,21
54544,90,73,17,17
54545,30,29,1,1
54546,103,90,13,13
54547,91,91,0,0
54548,92,74,18,18
54549,79,77,2,2
54550,120,105,15,15
54551,131,113,18,18
54552,91,83,8,8
54553,64,56,8,8
54554,106,95,11,11
54555,81,73,8,8
54556,86,73,13,13
54557,190,172,18,18
54558,80,68,12,12
54559,108,103,5,5
54560,136,128,8,8
54561,84,73,11,11
54562,122,110,12,12
54563,80,66,14,14
54564,80,66,14,14
54565,143,124,19,19
54566,31,31,0,0
54567,96,83,13,13
54568,74,58,16,16
54569,130,112,18,18
54570,99,84,15,15
54571,90,87,3,3
54572,89,73,16,16
54573,122,97,25,25
54574,116,105,11,11
54575,111,104,7,7
54576,129,106,23,23
54577,97,89,8,8
54578,122,95,27,27
54579,94,105,-11,11
54580,78,73,5,5
54581,101,88,13,13
54582,77,74,3,3
54583,99,98,1,1
54584,91,97,-6,6
54585,74,65,9,9
54586,120,104,16,16
54587,109,87,22,22
54588,54,54,0,0
54589,105,87,18,18
54590,140,133,7,7
54591,175,149,26,26
54592,103,81,22,22
54593,80,74,6,6
54594,71,69,2,2
54595,101,86,15,15
54596,91,82,9,9
54597,75,76,-1,1
54598,51,48,3,3
54599,59,54,5,5
54600,108,92,16,16
54601,198,161,37,37
54602,48,40,8,8
54603,117,105,12,12
54604,44,40,4,4
54605,105,95,10,10
54606,78,73,5,5
54607,92,91,1,1
54608,89,77,12,12
54609,68,59,9,9
54610,50,52,-2,2
54611,83,67,16,16
54612,71,62,9,9
54613,96,104,-8,8
54614,146,123,23,23
54615,134,97,37,37
54616,73,87,-14,14
54617,84,96,-12,12
54618,86,81,5,5
54619,152,128,24,24
54620,59,54,5,5
54621,183,158,25,25
54622,50,50,0,0
54623,83,74,9,9
54624,103,85,18,18
54625,63,56,7,7
54626,58,53,5,5
54627,79,65,14,14
54628,65,78,-13,13
54629,50,51,-1,1
54630,89,73,16,16
54631,132,108,24,24
54632,91,89,2,2
54633,79,73,6,6
54634,89,72,17,17
54635,117,110,7,7
54636,89,71,18,18
54637,109,103,6,6
54638,124,108,16,16
54639,97,85,12,12
54640,131,118,13,13
54641,86,76,10,10
54642,77,68,9,9
54643,96,89,7,7
54644,94,83,11,11
54645,74,65,9,9
54646,129,111,18,18
54647,104,90,14,14
54648,113,108,5,5
54649,99,89,10,10
54650,63,47,16,16
54651,95,85,10,10
54652,68,70,-2,2
54653,194,144,50,50
54654,99,97,2,2
54655,123,121,2,2
54656,119,102,17,17
54657,108,87,21,21
54658,66,72,-6,6
54659,60,55,5,5
54660,58,58,0,0
54661,183,154,29,29
54662,190,169,21,21
54663,165,132,33,33
54664,80,79,1,1
54665,166,144,22,22
54666,123,113,10,10
54667,131,118,13,13
54668,62,61,1,1
54669,83,65,18,18
54670,125,100,25,25
54671,103,98,5,5
54672,101,95,6,6
54673,95,81,14,14
54674,59,57,2,2
54675,107,89,18,18
54676,79,61,18,18
54677,87,68,19,19
54678,84,77,7,7
54679,67,59,8,8
54680,75,64,11,11
54681,85,72,13,13
54682,89,71,18,18
54683,105,105,0,0
54684,71,65,6,6
54685,150,121,29,29
54686,59,55,4,4
54687,86,75,11,11
54688,85,76,9,9
54689,110,101,9,9
54690,76,64,12,12
54691,100,90,10,10
54692,109,88,21,21
54693,110,98,12,12
54694,97,97,0,0
54695,109,100,9,9
54696,188,158,30,30
54697,52,49,3,3
54698,56,54,2,2
54699,87,78,9,9
54700,72,65,7,7
54701,171,146,25,25
54702,109,93,16,16
54703,86,79,7,7
54704,140,122,18,18
54705,113,98,15,15
54706,89,78,11,11
54707,102,87,15,15
54708,82,68,14,14
54709,87,74,13,13
54710,85,75,10,10
54711,150,128,22,22
54712,151,119,32,32
54713,65,67,-2,2
54714,150,130,20,20
54715,102,91,11,11
54716,88,76,12,12
54717,108,98,10,10
54718,38,43,-5,5
54719,123,109,14,14
54720,92,70,22,22
54721,120,101,19,19
54722,108,89,19,19
54723,72,58,14,14
54724,62,51,11,11
54725,105,95,10,10
54726,71,74,-3,3
54727,99,80,19,19
54728,88,77,11,11
54729,79,80,-1,1
54730,86,76,10,10
54731,116,91,25,25
54732,74,72,2,2
54733,93,88,5,5
54734,198,171,27,27
54735,96,83,13,13
54736,78,68,10,10
54737,57,49,8,8
54738,45,45,0,0
54739,140,123,17,17
54740,76,65,11,11
54741,88,81,7,7
54742,127,115,12,12
54743,50,53,-3,3
54744,101,98,3,3
54745,71,70,1,1
54746,141,117,24,24
54747,110,106,4,4
54748,144,120,24,24
54749,114,111,3,3
54750,66,57,9,9
54751,90,86,4,4
54752,83,69,14,14
54753,143,115,28,28
54754,81,67,14,14
54755,41,34,7,7
54756,165,145,20,20
54757,92,88,4,4
54758,43,61,-18,18
54759,84,65,19,19
54760,58,62,-4,4
54761,74,61,13,13
54762,102,74,28,28
54763,62,64,-2,2
54764,115,97,18,18
54765,93,90,3,3
54766,155,127,28,28
54767,173,161,12,12
54768,145,125,20,20
54769,75,67,8,8
54770,116,94,22,22
54771,114,107,7,7
54772,115,107,8,8
54773,123,105,18,18
54774,86,89,-3,3
54775,95,81,14,14
54776,59,54,5,5
54777,123,111,12,12
54778,111,105,6,6
54779,109,112,-3,3
54780,92,80,12,12
54781,118,119,-1,1
54782,42,39,3,3
54783,65,61,4,4
54784,74,64,10,10
54785,144,134,10,10
54786,139,118,21,21
54787,71,67,4,4
54788,66,58,8,8
54789,81,75,6,6
54790,103,96,7,7
54791,65,56,9,9
54792,137,134,3,3
54793,86,79,7,7
54794,64,45,19,19
54795,96,86,10,10
54796,76,75,1,1
54797,56,50,6,6
54798,59,56,3,3
54799,70,63,7,7
54800,79,68,11,11
54801,92,77,15,15
54802,64,65,-1,1
54803,141,130,11,11
54804,111,100,11,11
54805,123,100,23,23
54806,55,54,1,1
54807,58,51,7,7
54808,105,79,26,26
54809,124,100,24,24
54810,76,65,11,11
54811,72,77,-5,5
54812,68,68,0,0
54813,39,40,-1,1
54814,83,68,15,15
54815,90,76,14,14
54816,84,66,18,18
54817,131,104,27,27
54818,100,82,18,18
54819,68,62,6,6
54820,199,162,37,37
54821,111,97,14,14
54822,63,55,8,8
54823,112,98,14,14
54824,58,56,2,2
54825,167,147,20,20
54826,167,141,26,26
54827,204,167,37,37
54828,88,80,8,8
54829,112,106,6,6
54830,109,99,10,10
54831,74,56,18,18
54832,118,107,11,11
54833,114,102,12,12
54834,52,48,4,4
54835,79,69,10,10
54836,63,55,8,8
54837,34,38,-4,4
54838,75,67,8,8
54839,66,59,7,7
54840,165,154,11,11
54841,140,97,43,43
54842,68,63,5,5
54843,119,100,19,19
54844,109,96,13,13
54845,79,69,10,10
54846,96,74,22,22
54847,96,82,14,14
54848,58,51,7,7
54849,99,88,11,11
54850,68,66,2,2
54851,61,54,7,7
54852,89,84,5,5
54853,135,111,24,24
54854,60,56,4,4
54855,92,82,10,10
54856,84,67,17,17
54857,84,79,5,5
54858,94,82,12,12
54859,101,100,1,1
54860,119,103,16,16
54861,139,135,4,4
54862,84,76,8,8
54863,204,147,57,57
54864,97,86,11,11
54865,79,78,1,1
54866,101,93,8,8
54867,86,75,11,11
54868,84,68,16,16
54869,67,60,7,7
54870,98,88,10,10
54871,79,69,10,10
54872,90,70,20,20
54873,62,57,5,5
54874,65,62,3,3
54875,62,62,0,0
54876,41,37,4,4
54877,140,112,28,28
54878,167,142,25,25
54879,129,117,12,12
54880,170,169,1,1
54881,76,69,7,7
54882,88,77,11,11
54883,57,50,7,7
54884,55,51,4,4
54885,81,67,14,14
54886,142,120,22,22
54887,118,97,21,21
54888,66,55,11,11
54889,61,62,-1,1
54890,97,90,7,7
54891,88,78,10,10
54892,101,91,10,10
54893,64,59,5,5
54894,116,102,14,14
54895,90,73,17,17
54896,87,86,1,1
54897,98,80,18,18
54898,111,99,12,12
54899,67,57,10,10
54900,51,51,0,0
54901,123,114,9,9
54902,59,57,2,2
54903,67,59,8,8
54904,48,46,2,2
54905,52,56,-4,4
54906,180,166,14,14
54907,61,58,3,3
54908,162,137,25,25
54909,76,70,6,6
54910,57,51,6,6
54911,90,78,12,12
54912,55,57,-2,2
54913,103,101,2,2
54914,72,71,1,1
54915,70,55,15,15
54916,154,127,27,27
54917,113,103,10,10
54918,108,95,13,13
54919,50,59,-9,9
54920,45,55,-10,10
54921,71,56,15,15
54922,132,114,18,18
54923,164,140,24,24
54924,100,91,9,9
54925,46,38,8,8
54926,85,70,15,15
54927,88,74,14,14
54928,107,100,7,7
54929,84,72,12,12
54930,48,44,4,4
54931,98,89,9,9
54932,154,134,20,20
54933,115,102,13,13
54934,69,64,5,5
54935,47,47,0,0
54936,79,63,16,16
54937,74,63,11,11
54938,77,71,6,6
54939,52,50,2,2
54940,146,125,21,21
54941,74,73,1,1
54942,122,105,17,17
54943,83,95,-12,12
54944,134,99,35,35
54945,113,113,0,0
54946,113,98,15,15
54947,100,103,-3,3
54948,77,68,9,9
54949,91,77,14,14
54950,112,129,-17,17
54951,109,91,18,18
54952,97,83,14,14
54953,156,136,20,20
54954,128,108,20,20
54955,88,79,9,9
54956,68,61,7,7
54957,69,62,7,7
54958,137,122,15,15
54959,68,70,-2,2
54960,65,59,6,6
54961,93,79,14,14
54962,58,52,6,6
54963,55,56,-1,1
54964,121,107,14,14
54965,133,121,12,12
54966,50,47,3,3
54967,228,188,40,40
54968,101,83,18,18
54969,51,46,5,5
54970,89,77,12,12
54971,63,66,-3,3
54972,70,70,0,0
54973,41,36,5,5
54974,114,98,16,16
54975,65,60,5,5
54976,83,76,7,7
54977,61,54,7,7
54978,68,64,4,4
54979,107,97,10,10
54980,70,131,-61,61
54981,122,95,27,27
54982,44,42,2,2
54983,138,125,13,13
54984,178,158,20,20
54985,94,79,15,15
54986,107,85,22,22
54987,63,56,7,7
54988,84,83,1,1
54989,124,103,21,21
54990,68,75,-7,7
54991,78,74,4,4
54992,177,152,25,25
54993,49,54,-5,5
54994,60,50,10,10
54995,63,66,-3,3
54996,39,53,-14,14
54997,88,79,9,9
54998,150,132,18,18
54999,105,92,13,13
55000,88,75,13,13
55001,58,44,14,14
55002,47,44,3,3
55003,135,110,25,25
55004,101,84,17,17
55005,61,56,5,5
55006,114,89,25,25
55007,75,63,12,12
55008,88,73,15,15
55009,69,59,10,10
55010,95,79,16,16
55011,120,121,-1,1
55012,148,144,4,4
55013,80,71,9,9
55014,54,49,5,5
55015,85,76,9,9
55016,123,83,40,40
55017,101,92,9,9
55018,108,102,6,6
55019,62,58,4,4
55020,68,73,-5,5
55021,55,52,3,3
55022,103,94,9,9
55023,115,98,17,17
55024,94,79,15,15
55025,77,68,9,9
55026,146,119,27,27
55027,62,59,3,3
55028,57,53,4,4
55029,204,170,34,34
55030,52,56,-4,4
55031,111,116,-5,5
55032,67,58,9,9
55033,116,100,16,16
55034,168,151,17,17
55035,47,46,1,1
55036,75,63,12,12
55037,92,86,6,6
55038,139,129,10,10
55039,130,123,7,7
55040,118,98,20,20
55041,72,68,4,4
55042,90,84,6,6
55043,104,72,32,32
55044,99,94,5,5
55045,98,87,11,11
55046,84,75,9,9
55047,106,81,25,25
55048,69,60,9,9
55049,72,69,3,3
55050,86,77,9,9
55051,122,99,23,23
55052,103,80,23,23
55053,113,105,8,8
55054,70,56,14,14
55055,73,81,-8,8
55056,79,67,12,12
55057,102,84,18,18
55058,79,73,6,6
55059,67,60,7,7
55060,61,54,7,7
55061,78,76,2,2
55062,83,70,13,13
55063,91,74,17,17
55064,49,52,-3,3
55065,64,57,7,7
55066,76,69,7,7
55067,155,136,19,19
55068,90,81,9,9
55069,78,101,-23,23
55070,67,67,0,0
55071,112,99,13,13
55072,90,80,10,10
55073,98,89,9,9
55074,93,83,10,10
55075,103,95,8,8
55076,64,61,3,3
55077,94,88,6,6
55078,58,54,4,4
55079,76,74,2,2
55080,153,131,22,22
55081,96,75,21,21
55082,151,133,18,18
55083,60,63,-3,3
55084,87,71,16,16
55085,30,38,-8,8
55086,83,68,15,15
55087,107,102,5,5
55088,114,96,18,18
55089,74,65,9,9
55090,99,102,-3,3
55091,120,105,15,15
55092,89,77,12,12
55093,215,185,30,30
55094,53,46,7,7
55095,74,69,5,5
55096,112,94,18,18
55097,76,69,7,7
55098,69,61,8,8
55099,146,122,24,24
55100,92,77,15,15
55101,72,65,7,7
55102,184,159,25,25
55103,50,44,6,6
55104,82,69,13,13
55105,90,74,16,16
55106,152,123,29,29
55107,41,43,-2,2
55108,149,128,21,21
55109,83,72,11,11
55110,45,51,-6,6
55111,225,186,39,39
55112,169,144,25,25
55113,44,45,-1,1
55114,118,111,7,7
55115,108,92,16,16
55116,125,109,16,16
55117,124,110,14,14
55118,65,75,-10,10
55119,164,135,29,29
55120,138,124,14,14
55121,87,76,11,11
55122,51,51,0,0
55123,98,94,4,4
55124,64,60,4,4
55125,63,61,2,2
55126,101,91,10,10
55127,90,74,16,16
55128,104,85,19,19
55129,140,120,20,20
55130,121,100,21,21
55131,107,96,11,11
55132,85,79,6,6
55133,116,105,11,11
55134,55,57,-2,2
55135,74,73,1,1
55136,178,127,51,51
55137,134,115,19,19
55138,62,59,3,3
55139,113,100,13,13
55140,75,64,11,11
55141,84,73,11,11
55142,88,69,19,19
55143,68,72,-4,4
55144,46,45,1,1
55145,150,148,2,2
55146,99,78,21,21
55147,108,91,17,17
55148,118,78,40,40
55149,48,51,-3,3
55150,104,81,23,23
55151,73,56,17,17
55152,109,92,17,17
55153,62,59,3,3
55154,91,71,20,20
55155,119,108,11,11
55156,157,138,19,19
55157,117,100,17,17
55158,60,57,3,3
55159,90,79,11,11
55160,102,90,12,12
55161,100,84,16,16
55162,99,87,12,12
55163,108,85,23,23
55164,90,76,14,14
55165,120,104,16,16
55166,97,84,13,13
55167,78,72,6,6
55168,105,94,11,11
55169,160,135,25,25
55170,143,122,21,21
55171,112,105,7,7
55172,152,135,17,17
55173,153,126,27,27
55174,65,56,9,9
55175,66,63,3,3
55176,63,59,4,4
55177,55,71,-16,16
55178,75,67,8,8
55179,91,73,18,18
55180,81,70,11,11
55181,138,113,25,25
55182,120,100,20,20
55183,86,75,11,11
55184,75,66,9,9
55185,15,14,1,1
55186,71,65,6,6
55187,158,133,25,25
55188,102,79,23,23
55189,58,53,5,5
55190,54,41,13,13
55191,77,72,5,5
55192,82,69,13,13
55193,69,61,8,8
55194,92,89,3,3
55195,132,120,12,12
55196,109,98,11,11
55197,192,161,31,31
55198,62,53,9,9
55199,41,40,1,1
55200,120,106,14,14
55201,82,72,10,10
55202,116,98,18,18
55203,44,49,-5,5
55204,87,74,13,13
55205,63,65,-2,2
55206,75,72,3,3
55207,106,86,20,20
55208,198,168,30,30
55209,87,71,16,16
55210,45,40,5,5
55211,95,83,12,12
55212,128,110,18,18
55213,72,63,9,9
55214,80,76,4,4
55215,144,138,6,6
55216,83,70,13,13
55217,138,121,17,17
55218,107,86,21,21
55219,42,43,-1,1
55220,105,95,10,10
55221,129,108,21,21
55222,78,69,9,9
55223,157,125,32,32
55224,135,116,19,19
55225,38,33,5,5
55226,174,146,28,28
55227,83,74,9,9
55228,79,65,14,14
55229,172,150,22,22
55230,76,58,18,18
55231,106,78,28,28
55232,102,94,8,8
55233,60,61,-1,1
55234,160,132,28,28
55235,58,52,6,6
55236,66,62,4,4
55237,93,79,14,14
55238,97,80,17,17
55239,99,96,3,3
55240,232,205,27,27
55241,111,95,16,16
55242,57,54,3,3
55243,92,92,0,0
55244,70,58,12,12
55245,58,62,-4,4
55246,58,50,8,8
55247,80,75,5,5
55248,119,94,25,25
55249,111,92,19,19
55250,73,67,6,6
55251,72,61,11,11
55252,98,82,16,16
55253,114,108,6,6
55254,115,98,17,17
55255,180,40,140,140
55256,137,133,4,4
55257,106,81,25,25
55258,116,102,14,14
55259,161,137,24,24
55260,53,51,2,2
55261,160,132,28,28
55262,105,98,7,7
55263,85,76,9,9
55264,137,124,13,13
55265,78,72,6,6
55266,152,138,14,14
55267,107,91,16,16
55268,61,56,5,5
55269,113,91,22,22
55270,145,129,16,16
55271,125,106,19,19
55272,63,58,5,5
55273,83,77,6,6
55274,139,111,28,28
55275,79,66,13,13
55276,136,120,16,16
55277,77,68,9,9
55278,101,81,20,20
55279,54,51,3,3
55280,103,92,11,11
55281,84,71,13,13
55282,62,57,5,5
55283,149,137,12,12
55284,52,47,5,5
55285,143,127,16,16
55286,185,158,27,27
55287,121,99,22,22
55288,93,95,-2,2
55289,89,78,11,11
55290,71,62,9,9
55291,96,79,17,17
55292,92,73,19,19
55293,132,113,19,19
55294,110,104,6,6
55295,81,74,7,7
55296,138,116,22,22
55297,121,114,7,7
55298,136,112,24,24
55299,108,104,4,4
55300,102,90,12,12
55301,107,102,5,5
55302,123,106,17,17
55303,78,67,11,11
55304,123,115,8,8
55305,191,155,36,36
55306,83,69,14,14
55307,66,61,5,5
55308,147,123,24,24
55309,75,64,11,11
55310,142,132,10,10
55311,54,51,3,3
55312,79,75,4,4
55313,65,49,16,16
55314,69,63,6,6
55315,92,81,11,11
55316,116,90,26,26
55317,138,100,38,38
55318,60,56,4,4
55319,113,99,14,14
55320,107,95,12,12
55321,71,72,-1,1
55322,87,72,15,15
55323,66,62,4,4
55324,115,105,10,10
55325,88,82,6,6
55326,59,57,2,2
55327,109,93,16,16
55328,101,92,9,9
55329,99,80,19,19
55330,84,75,9,9
55331,79,63,16,16
55332,144,112,32,32
55333,74,72,2,2
55334,67,63,4,4
55335,79,75,4,4
55336,69,62,7,7
55337,64,63,1,1
55338,74,60,14,14
55339,122,130,-8,8
55340,88,84,4,4
55341,85,88,-3,3
55342,135,131,4,4
55343,150,121,29,29
55344,120,106,14,14
55345,85,74,11,11
55346,87,82,5,5
55347,69,66,3,3
55348,136,110,26,26
55349,139,105,34,34
55350,81,73,8,8
55351,88,81,7,7
55352,117,103,14,14
55353,127,124,3,3
55354,83,75,8,8
55355,53,51,2,2
55356,41,35,6,6
55357,97,87,10,10
55358,169,149,20,20
55359,112,92,20,20
55360,38,39,-1,1
55361,84,75,9,9
55362,67,61,6,6
55363,92,78,14,14
55364,110,95,15,15
55365,88,88,0,0
55366,78,67,11,11
55367,84,80,4,4
55368,69,63,6,6
55369,99,86,13,13
55370,101,98,3,3
55371,86,77,9,9
55372,102,94,8,8
55373,60,55,5,5
55374,54,52,2,2
55375,111,105,6,6
55376,138,114,24,24
55377,82,66,16,16
55378,96,99,-3,3
55379,62,59,3,3
55380,161,141,20,20
55381,73,69,4,4
55382,92,80,12,12
55383,115,104,11,11
55384,150,126,24,24
55385,78,69,9,9
55386,93,82,11,11
55387,80,69,11,11
55388,88,85,3,3
55389,89,79,10,10
55390,107,93,14,14
55391,76,63,13,13
55392,115,109,6,6
55393,96,87,9,9
55394,119,103,16,16
55395,56,54,2,2
55396,100,99,1,1
55397,101,82,19,19
55398,89,74,15,15
55399,75,72,3,3
55400,106,91,15,15
55401,68,63,5,5
55402,69,56,13,13
55403,83,68,15,15
55404,85,82,3,3
55405,130,115,15,15
55406,64,56,8,8
55407,44,48,-4,4
55408,83,68,15,15
55409,54,84,-30,30
55410,130,106,24,24
55411,91,83,8,8
55412,59,70,-11,11
55413,109,86,23,23
55414,145,132,13,13
55415,65,51,14,14
55416,50,43,7,7
55417,147,124,23,23
55418,90,86,4,4
55419,143,132,11,11
55420,97,85,12,12
55421,111,96,15,15
55422,63,53,10,10
55423,70,75,-5,5
55424,109,84,25,25
55425,108,107,1,1
55426,149,130,19,19
55427,98,86,12,12
55428,137,119,18,18
55429,45,43,2,2
55430,95,83,12,12
55431,59,65,-6,6
55432,71,61,10,10
55433,117,107,10,10
55434,73,68,5,5
55435,80,70,10,10
55436,168,128,40,40
55437,149,140,9,9
55438,53,48,5,5
55439,65,63,2,2
55440,160,132,28,28
55441,83,73,10,10
55442,88,80,8,8
55443,98,76,22,22
55444,51,50,1,1
55445,54,54,0,0
55446,70,68,2,2
55447,80,73,7,7
55448,169,130,39,39
55449,109,95,14,14
55450,57,55,2,2
55451,119,107,12,12
55452,238,198,40,40
55453,132,117,15,15
55454,78,76,2,2
55455,88,74,14,14
55456,85,78,7,7
55457,27,44,-17,17
55458,62,61,1,1
55459,131,113,18,18
55460,138,115,23,23
55461,43,83,-40,40
55462,58,62,-4,4
55463,76,72,4,4
55464,72,74,-2,2
55465,121,85,36,36
55466,107,93,14,14
55467,81,73,8,8
55468,49,60,-11,11
55469,113,96,17,17
55470,71,60,11,11
55471,44,41,3,3
55472,81,70,11,11
55473,73,59,14,14
55474,85,80,5,5
55475,100,85,15,15
55476,126,106,20,20
55477,96,83,13,13
55478,67,61,6,6
55479,114,111,3,3
55480,97,70,27,27
55481,185,146,39,39
55482,55,51,4,4
55483,177,159,18,18
55484,85,76,9,9
55485,117,104,13,13
55486,157,131,26,26
55487,129,109,20,20
55488,94,91,3,3
55489,87,82,5,5
55490,139,111,28,28
55491,121,108,13,13
55492,65,53,12,12
55493,58,58,0,0
55494,98,85,13,13
55495,37,36,1,1
55496,63,61,2,2
55497,193,169,24,24
55498,101,96,5,5
55499,69,75,-6,6
55500,133,115,18,18
55501,121,95,26,26
55502,91,84,7,7
55503,85,77,8,8
55504,67,68,-1,1
55505,117,103,14,14
55506,61,52,9,9
55507,61,55,6,6
55508,97,97,0,0
55509,81,75,6,6
55510,89,84,5,5
55511,58,57,1,1
55512,80,65,15,15
55513,96,75,21,21
55514,87,81,6,6
55515,69,65,4,4
55516,116,112,4,4
55517,138,131,7,7
55518,65,61,4,4
55519,90,77,13,13
55520,87,76,11,11
55521,102,88,14,14
55522,79,79,0,0
55523,146,133,13,13
55524,130,110,20,20
55525,127,98,29,29
55526,96,79,17,17
55527,80,69,11,11
55528,132,122,10,10
55529,115,94,21,21
55530,81,83,-2,2
55531,86,78,8,8
55532,105,89,16,16
55533,130,115,15,15
55534,84,74,10,10
55535,52,87,-35,35
55536,72,59,13,13
55537,82,72,10,10
55538,115,101,14,14
55539,100,87,13,13
55540,102,91,11,11
55541,107,97,10,10
55542,116,103,13,13
55543,61,51,10,10
55544,95,87,8,8
55545,78,64,14,14
55546,78,77,1,1
55547,79,62,17,17
55548,82,76,6,6
55549,71,68,3,3
55550,128,107,21,21
55551,89,85,4,4
55552,115,121,-6,6
55553,83,66,17,17
55554,80,66,14,14
55555,79,85,-6,6
55556,69,74,-5,5
55557,123,105,18,18
55558,67,64,3,3
55559,135,116,19,19
55560,134,141,-7,7
55561,133,115,18,18
55562,52,49,3,3
55563,175,151,24,24
55564,95,75,20,20
55565,122,108,14,14
55566,74,62,12,12
55567,73,69,4,4
55568,53,50,3,3
55569,69,65,4,4
55570,103,100,3,3
55571,45,42,3,3
55572,107,93,14,14
55573,49,52,-3,3
55574,132,107,25,25
55575,89,78,11,11
55576,62,57,5,5
55577,109,97,12,12
55578,81,73,8,8
55579,72,70,2,2
55580,52,47,5,5
55581,74,70,4,4
55582,36,37,-1,1
55583,68,63,5,5
55584,73,68,5,5
55585,89,80,9,9
55586,63,56,7,7
55587,69,65,4,4
55588,103,104,-1,1
55589,53,52,1,1
55590,103,95,8,8
55591,108,89,19,19
55592,109,141,-32,32
55593,187,168,19,19
55594,69,63,6,6
55595,124,104,20,20
55596,117,104,13,13
55597,94,83,11,11
55598,44,40,4,4
55599,120,102,18,18
55600,140,125,15,15
55601,131,111,20,20
55602,100,96,4,4
55603,147,133,14,14
55604,55,46,9,9
55605,126,118,8,8
55606,84,82,2,2
55607,81,75,6,6
55608,110,81,29,29
55609,68,65,3,3
55610,90,84,6,6
55611,79,71,8,8
55612,108,99,9,9
55613,69,65,4,4
55614,67,52,15,15
55615,151,141,10,10
55616,121,101,20,20
55617,67,67,0,0
55618,100,82,18,18
55619,105,95,10,10
55620,105,103,2,2
55621,92,88,4,4
55622,107,100,7,7
55623,163,142,21,21
55624,110,97,13,13
55625,115,98,17,17
55626,93,75,18,18
55627,143,122,21,21
55628,105,75,30,30
55629,102,84,18,18
55630,54,47,7,7
55631,117,106,11,11
55632,94,78,16,16
55633,121,95,26,26
55634,51,44,7,7
55635,93,88,5,5
55636,136,122,14,14
55637,75,61,14,14
55638,83,64,19,19
55639,90,76,14,14
55640,110,100,10,10
55641,69,59,10,10
55642,110,97,13,13
55643,78,74,4,4
55644,85,71,14,14
55645,89,80,9,9
55646,86,90,-4,4
55647,106,99,7,7
55648,102,91,11,11
55649,52,50,2,2
55650,207,187,20,20
55651,93,79,14,14
55652,113,105,8,8
55653,97,88,9,9
55654,80,82,-2,2
55655,118,117,1,1
55656,90,81,9,9
55657,88,89,-1,1
55658,96,89,7,7
55659,103,98,5,5
55660,65,61,4,4
55661,48,44,4,4
55662,85,67,18,18
55663,104,89,15,15
55664,54,47,7,7
55665,89,69,20,20
55666,132,119,13,13
55667,83,76,7,7
55668,80,73,7,7
55669,76,69,7,7
55670,67,54,13,13
55671,89,78,11,11
55672,149,131,18,18
55673,106,103,3,3
55674,149,132,17,17
55675,52,51,1,1
55676,58,58,0,0
55677,70,68,2,2
55678,78,67,11,11
55679,212,175,37,37
55680,105,88,17,17
55681,101,79,22,22
55682,107,88,19,19
55683,145,127,18,18
55684,77,69,8,8
55685,108,84,24,24
55686,97,84,13,13
55687,90,73,17,17
55688,104,92,12,12
55689,99,86,13,13
55690,94,78,16,16
55691,105,101,4,4
55692,69,66,3,3
55693,81,79,2,2
55694,88,78,10,10
55695,112,107,5,5
55696,93,85,8,8
55697,130,115,15,15
55698,145,113,32,32
55699,130,111,19,19
55700,62,67,-5,5
55701,99,89,10,10
55702,67,57,10,10
55703,129,108,21,21
55704,72,67,5,5
55705,96,81,15,15
55706,76,70,6,6
55707,102,89,13,13
55708,81,71,10,10
55709,157,138,19,19
55710,100,93,7,7
55711,122,104,18,18
55712,65,59,6,6
55713,82,67,15,15
55714,95,80,15,15
55715,133,125,8,8
55716,108,99,9,9
55717,81,73,8,8
55718,91,82,9,9
55719,134,115,19,19
55720,146,126,20,20
55721,93,87,6,6
55722,53,49,4,4
55723,108,90,18,18
55724,93,79,14,14
55725,99,82,17,17
55726,158,133,25,25
55727,66,67,-1,1
55728,66,59,7,7
55729,83,78,5,5
55730,103,88,15,15
55731,54,49,5,5
55732,144,125,19,19
55733,88,89,-1,1
55734,105,84,21,21
55735,115,98,17,17
55736,125,107,18,18
55737,67,67,0,0
55738,193,155,38,38
55739,127,93,34,34
55740,29,38,-9,9
55741,86,78,8,8
55742,121,114,7,7
55743,94,76,18,18
55744,125,104,21,21
55745,174,154,20,20
55746,163,140,23,23
55747,128,101,27,27
55748,155,130,25,25
55749,123,117,6,6
55750,100,87,13,13
55751,80,78,2,2
55752,121,104,17,17
55753,31,31,0,0
55754,96,78,18,18
55755,80,69,11,11
55756,83,71,12,12
55757,82,72,10,10
55758,97,90,7,7
55759,72,66,6,6
55760,69,66,3,3
55761,86,77,9,9
55762,73,77,-4,4
55763,100,93,7,7
55764,66,61,5,5
55765,83,65,18,18
55766,92,89,3,3
55767,68,58,10,10
55768,118,110,8,8
55769,97,105,-8,8
55770,62,59,3,3
55771,78,66,12,12
55772,48,47,1,1
55773,98,84,14,14
55774,71,65,6,6
55775,62,60,2,2
55776,45,51,-6,6
55777,122,109,13,13
55778,91,78,13,13
55779,71,124,-53,53
55780,68,57,11,11
55781,118,111,7,7
55782,79,74,5,5
55783,120,114,6,6
55784,134,131,3,3
55785,72,68,4,4
55786,92,79,13,13
55787,49,64,-15,15
55788,100,91,9,9
55789,90,85,5,5
55790,71,66,5,5
55791,83,76,7,7
55792,71,67,4,4
55793,90,86,4,4
55794,168,153,15,15
55795,68,73,-5,5
55796,50,51,-1,1
55797,59,51,8,8
55798,52,54,-2,2
55799,104,91,13,13
55800,95,90,5,5
55801,57,58,-1,1
55802,211,180,31,31
55803,58,52,6,6
55804,125,109,16,16
55805,99,89,10,10
55806,88,88,0,0
55807,182,153,29,29
55808,99,90,9,9
55809,66,53,13,13
55810,169,143,26,26
55811,105,91,14,14
55812,92,84,8,8
55813,110,98,12,12
55814,111,92,19,19
55815,95,81,14,14
55816,74,64,10,10
55817,135,108,27,27
55818,51,85,-34,34
55819,78,68,10,10
55820,118,98,20,20
55821,118,106,12,12
55822,104,94,10,10
55823,37,42,-5,5
55824,96,84,12,12
55825,93,79,14,14
55826,60,78,-18,18
55827,102,88,14,14
55828,112,105,7,7
55829,73,72,1,1
55830,142,119,23,23
55831,67,59,8,8
55832,69,59,10,10
55833,103,167,-64,64
55834,42,58,-16,16
55835,99,76,23,23
55836,181,149,32,32
55837,94,80,14,14
55838,83,75,8,8
55839,98,76,22,22
55840,151,124,27,27
55841,149,117,32,32
55842,92,88,4,4
55843,129,125,4,4
55844,79,68,11,11
55845,119,111,8,8
55846,159,135,24,24
55847,63,63,0,0
55848,74,67,7,7
55849,141,128,13,13
55850,133,112,21,21
55851,106,92,14,14
55852,180,152,28,28
55853,152,119,33,33
55854,85,72,13,13
55855,118,98,20,20
55856,127,111,16,16
55857,143,135,8,8
55858,80,79,1,1
55859,123,109,14,14
55860,131,113,18,18
55861,53,42,11,11
55862,83,68,15,15
55863,97,80,17,17
55864,120,107,13,13
55865,71,62,9,9
55866,127,102,25,25
55867,68,63,5,5
55868,79,72,7,7
55869,104,102,2,2
55870,139,133,6,6
55871,143,138,5,5
55872,102,100,2,2
55873,75,65,10,10
55874,105,97,8,8
55875,71,57,14,14
55876,52,46,6,6
55877,73,66,7,7
55878,95,77,18,18
55879,84,69,15,15
55880,77,68,9,9
55881,63,65,-2,2
55882,80,82,-2,2
55883,111,94,17,17
55884,146,119,27,27
55885,136,134,2,2
55886,58,49,9,9
55887,77,66,11,11
55888,74,89,-15,15
55889,157,138,19,19
55890,113,99,14,14
55891,88,75,13,13
55892,98,89,9,9
55893,70,66,4,4
55894,70,70,0,0
55895,95,84,11,11
55896,113,89,24,24
55897,65,59,6,6
55898,82,65,17,17
55899,89,82,7,7
55900,90,74,16,16
55901,75,82,-7,7
55902,73,58,15,15
55903,45,47,-2,2
55904,75,77,-2,2
55905,89,75,14,14
55906,127,103,24,24
55907,189,168,21,21
55908,132,113,19,19
55909,95,82,13,13
55910,113,94,19,19
55911,81,75,6,6
55912,121,113,8,8
55913,73,68,5,5
55914,107,92,15,15
55915,72,62,10,10
55916,110,104,6,6
55917,69,63,6,6
55918,149,126,23,23
55919,63,58,5,5
55920,115,101,14,14
55921,105,91,14,14
55922,88,80,8,8
55923,65,62,3,3
55924,87,80,7,7
55925,94,91,3,3
55926,125,111,14,14
55927,93,76,17,17
55928,112,96,16,16
55929,103,81,22,22
55930,117,104,13,13
55931,95,84,11,11
55932,76,66,10,10
55933,94,94,0,0
55934,50,44,6,6
55935,115,107,8,8
55936,105,85,20,20
55937,108,89,19,19
55938,141,127,14,14
55939,102,88,14,14
55940,58,61,-3,3
55941,108,94,14,14
55942,89,73,16,16
55943,71,68,3,3
55944,59,52,7,7
55945,89,75,14,14
55946,57,52,5,5
55947,106,89,17,17
55948,161,130,31,31
55949,92,77,15,15
55950,66,61,5,5
55951,82,73,9,9
55952,84,68,16,16
55953,115,93,22,22
55954,110,97,13,13
55955,135,118,17,17
55956,93,82,11,11
55957,134,137,-3,3
55958,105,86,19,19
55959,79,68,11,11
55960,25,22,3,3
55961,124,117,7,7
55962,29,32,-3,3
55963,96,76,20,20
55964,125,111,14,14
55965,52,50,2,2
55966,101,91,10,10
55967,70,61,9,9
55968,98,81,17,17
55969,77,64,13,13
55970,167,140,27,27
55971,82,73,9,9
55972,91,76,15,15
55973,70,61,9,9
55974,74,66,8,8
55975,121,109,12,12
55976,46,54,-8,8
55977,76,71,5,5
55978,111,104,7,7
55979,58,50,8,8
55980,65,57,8,8
55981,53,48,5,5
55982,109,106,3,3
55983,80,74,6,6
55984,88,78,10,10
55985,110,96,14,14
55986,98,80,18,18
55987,97,95,2,2
55988,128,106,22,22
55989,144,122,22,22
55990,82,74,8,8
55991,131,112,19,19
55992,100,86,14,14
55993,95,86,9,9
55994,108,93,15,15
55995,82,75,7,7
55996,73,59,14,14
55997,94,88,6,6
55998,99,96,3,3
55999,88,74,14,14
56000,157,142,15,15
56001,75,68,7,7
56002,95,88,7,7
56003,82,71,11,11
56004,160,155,5,5
56005,146,125,21,21
56006,166,159,7,7
56007,76,68,8,8
56008,139,124,15,15
56009,110,97,13,13
56010,118,109,9,9
56011,122,102,20,20
56012,50,53,-3,3
56013,59,54,5,5
56014,112,99,13,13
56015,108,109,-1,1
56016,42,40,2,2
56017,112,104,8,8
56018,126,104,22,22
56019,88,84,4,4
56020,121,96,25,25
56021,83,70,13,13
56022,95,91,4,4
56023,98,81,17,17
56024,104,95,9,9
56025,66,60,6,6
56026,129,116,13,13
56027,85,68,17,17
56028,101,93,8,8
56029,68,64,4,4
56030,86,78,8,8
56031,79,66,13,13
56032,91,82,9,9
56033,113,109,4,4
56034,149,127,22,22
56035,76,69,7,7
56036,107,97,10,10
56037,110,100,10,10
56038,75,70,5,5
56039,100,92,8,8
56040,110,104,6,6
56041,115,101,14,14
56042,128,114,14,14
56043,177,148,29,29
56044,105,90,15,15
56045,79,129,-50,50
56046,126,113,13,13
56047,135,134,1,1
56048,66,57,9,9
56049,148,127,21,21
56050,128,111,17,17
56051,106,88,18,18
56052,99,74,25,25
56053,73,56,17,17
56054,64,61,3,3
56055,98,110,-12,12
56056,111,99,12,12
56057,124,115,9,9
56058,117,101,16,16
56059,94,83,11,11
56060,86,71,15,15
56061,80,65,15,15
56062,105,99,6,6
56063,77,73,4,4
56064,101,89,12,12
56065,118,100,18,18
56066,130,101,29,29
56067,97,88,9,9
56068,77,70,7,7
56069,76,71,5,5
56070,122,116,6,6
56071,116,122,-6,6
56072,67,69,-2,2
56073,109,91,18,18
56074,62,59,3,3
56075,95,74,21,21
56076,130,112,18,18
56077,49,57,-8,8
56078,64,55,9,9
56079,84,76,8,8
56080,147,114,33,33
56081,121,97,24,24
56082,158,142,16,16
56083,105,85,20,20
56084,99,92,7,7
56085,108,101,7,7
56086,159,142,17,17
56087,87,76,11,11
56088,128,124,4,4
56089,58,61,-3,3
56090,110,98,12,12
56091,187,161,26,26
56092,87,80,7,7
56093,143,132,11,11
56094,84,67,17,17
56095,132,123,9,9
56096,74,64,10,10
56097,109,97,12,12
56098,86,93,-7,7
56099,111,94,17,17
56100,49,44,5,5
56101,73,65,8,8
56102,125,123,2,2
56103,75,65,10,10
56104,78,68,10,10
56105,99,87,12,12
56106,103,102,1,1
56107,106,89,17,17
56108,57,51,6,6
56109,139,119,20,20
56110,90,74,16,16
56111,67,58,9,9
56112,60,58,2,2
56113,46,39,7,7
56114,56,53,3,3
56115,135,115,20,20
56116,52,46,6,6
56117,102,87,15,15
56118,79,70,9,9
56119,75,69,6,6
56120,118,107,11,11
56121,107,103,4,4
56122,24,21,3,3
56123,102,87,15,15
56124,78,72,6,6
56125,94,74,20,20
56126,109,83,26,26
56127,139,124,15,15
56128,105,99,6,6
56129,155,132,23,23
56130,53,45,8,8
56131,82,81,1,1
56132,159,149,10,10
56133,105,90,15,15
56134,102,91,11,11
56135,78,70,8,8
56136,67,58,9,9
56137,149,133,16,16
56138,84,77,7,7
56139,87,84,3,3
56140,132,127,5,5
56141,83,72,11,11
56142,75,64,11,11
56143,99,87,12,12
56144,77,77,0,0
56145,97,82,15,15
56146,132,99,33,33
56147,105,102,3,3
56148,105,80,25,25
56149,59,50,9,9
56150,69,60,9,9
56151,120,102,18,18
56152,59,56,3,3
56153,105,83,22,22
56154,81,71,10,10
56155,156,139,17,17
56156,62,62,0,0
56157,63,59,4,4
56158,156,128,28,28
56159,48,127,-79,79
56160,81,73,8,8
56161,78,72,6,6
56162,72,62,10,10
56163,110,98,12,12
56164,76,73,3,3
56165,82,72,10,10
56166,76,69,7,7
56167,106,94,12,12
56168,109,106,3,3
56169,96,82,14,14
56170,129,118,11,11
56171,71,62,9,9
56172,124,123,1,1
56173,107,93,14,14
56174,97,84,13,13
56175,113,91,22,22
56176,152,129,23,23
56177,91,97,-6,6
56178,78,70,8,8
56179,158,134,24,24
56180,117,107,10,10
56181,97,87,10,10
56182,83,70,13,13
56183,132,112,20,20
56184,79,70,9,9
56185,101,98,3,3
56186,135,115,20,20
56187,96,67,29,29
56188,82,65,17,17
56189,70,69,1,1
56190,110,95,15,15
56191,141,116,25,25
56192,61,55,6,6
56193,97,82,15,15
56194,119,91,28,28
56195,67,63,4,4
56196,92,94,-2,2
56197,84,64,20,20
56198,65,61,4,4
56199,84,79,5,5
56200,124,103,21,21
56201,135,121,14,14
56202,146,121,25,25
56203,109,104,5,5
56204,145,134,11,11
56205,89,73,16,16
56206,136,119,17,17
56207,85,73,12,12
56208,55,54,1,1
56209,92,90,2,2
56210,61,57,4,4
56211,132,110,22,22
56212,65,64,1,1
56213,112,104,8,8
56214,107,88,19,19
56215,48,42,6,6
56216,55,54,1,1
56217,109,96,13,13
56218,136,116,20,20
56219,94,85,9,9
56220,45,44,1,1
56221,139,115,24,24
56222,72,71,1,1
56223,156,125,31,31
56224,58,55,3,3
56225,96,75,21,21
56226,83,72,11,11
56227,94,80,14,14
56228,29,31,-2,2
56229,124,109,15,15
56230,71,69,2,2
56231,146,122,24,24
56232,97,79,18,18
56233,104,95,9,9
56234,32,35,-3,3
56235,140,120,20,20
56236,57,48,9,9
56237,112,100,12,12
56238,70,67,3,3
56239,92,75,17,17
56240,57,55,2,2
56241,107,101,6,6
56242,76,69,7,7
56243,81,71,10,10
56244,115,109,6,6
56245,22,62,-40,40
56246,96,89,7,7
56247,84,84,0,0
56248,103,91,12,12
56249,126,99,27,27
56250,76,68,8,8
56251,159,131,28,28
56252,74,58,16,16
56253,87,70,17,17
56254,46,50,-4,4
56255,33,37,-4,4
56256,76,57,19,19
56257,98,88,10,10
56258,73,61,12,12
56259,105,87,18,18
56260,51,54,-3,3
56261,94,73,21,21
56262,54,53,1,1
56263,86,82,4,4
56264,60,57,3,3
56265,144,124,20,20
56266,74,56,18,18
56267,90,78,12,12
56268,100,94,6,6
56269,107,105,2,2
56270,129,101,28,28
56271,133,110,23,23
56272,70,64,6,6
56273,101,82,19,19
56274,60,60,0,0
56275,200,163,37,37
56276,64,55,9,9
56277,143,123,20,20
56278,90,77,13,13
56279,72,60,12,12
56280,85,81,4,4
56281,136,123,13,13
56282,94,92,2,2
56283,135,107,28,28
56284,102,87,15,15
56285,71,72,-1,1
56286,74,68,6,6
56287,122,117,5,5
56288,86,76,10,10
56289,40,39,1,1
56290,109,106,3,3
56291,113,111,2,2
56292,110,96,14,14
56293,68,59,9,9
56294,130,118,12,12
56295,89,83,6,6
56296,106,97,9,9
56297,98,87,11,11
56298,71,52,19,19
56299,128,114,14,14
56300,158,126,32,32
56301,82,71,11,11
56302,42,40,2,2
56303,67,59,8,8
56304,107,102,5,5
56305,77,68,9,9
56306,113,106,7,7
56307,73,63,10,10
56308,189,165,24,24
56309,101,91,10,10
56310,117,115,2,2
56311,113,104,9,9
56312,81,68,13,13
56313,113,97,16,16
56314,108,92,16,16
56315,133,129,4,4
56316,117,105,12,12
56317,119,105,14,14
56318,72,60,12,12
56319,72,75,-3,3
56320,105,98,7,7
56321,70,62,8,8
56322,66,56,10,10
56323,152,126,26,26
56324,89,74,15,15
56325,20,6,14,14
56326,72,67,5,5
56327,89,74,15,15
56328,83,81,2,2
56329,121,120,1,1
56330,119,100,19,19
56331,101,89,12,12
56332,84,76,8,8
56333,78,75,3,3
56334,166,141,25,25
56335,117,104,13,13
56336,141,127,14,14
56337,123,107,16,16
56338,162,144,18,18
56339,50,49,1,1
56340,60,51,9,9
56341,86,81,5,5
56342,70,63,7,7
56343,129,117,12,12
56344,65,61,4,4
56345,75,72,3,3
56346,91,65,26,26
56347,55,53,2,2
56348,82,76,6,6
56349,102,93,9,9
56350,74,65,9,9
56351,84,73,11,11
56352,128,109,19,19
56353,91,81,10,10
56354,120,107,13,13
56355,85,78,7,7
56356,108,105,3,3
56357,72,64,8,8
56358,90,73,17,17
56359,85,80,5,5
56360,112,99,13,13
56361,148,137,11,11
56362,105,98,7,7
56363,44,44,0,0
56364,42,48,-6,6
56365,103,85,18,18
56366,93,72,21,21
56367,63,56,7,7
56368,169,163,6,6
56369,65,59,6,6
56370,74,66,8,8
56371,99,89,10,10
56372,129,116,13,13
56373,93,80,13,13
56374,139,121,18,18
56375,64,100,-36,36
56376,93,80,13,13
56377,53,60,-7,7
56378,110,95,15,15
56379,97,85,12,12
56380,170,145,25,25
56381,56,60,-4,4
56382,172,157,15,15
56383,71,61,10,10
56384,161,133,28,28
56385,130,124,6,6
56386,101,90,11,11
56387,107,95,12,12
56388,101,91,10,10
56389,64,64,0,0
56390,75,65,10,10
56391,128,118,10,10
56392,80,70,10,10
56393,129,115,14,14
56394,54,54,0,0
56395,71,69,2,2
56396,55,45,10,10
56397,91,86,5,5
56398,119,97,22,22
56399,94,84,10,10
56400,158,135,23,23
56401,60,60,0,0
56402,158,144,14,14
56403,56,47,9,9
56404,121,110,11,11
56405,79,63,16,16
56406,120,102,18,18
56407,64,65,-1,1
56408,62,72,-10,10
56409,80,69,11,11
56410,135,115,20,20
56411,102,109,-7,7
56412,115,95,20,20
56413,142,133,9,9
56414,115,116,-1,1
56415,119,113,6,6
56416,138,121,17,17
56417,97,79,18,18
56418,80,68,12,12
56419,97,89,8,8
56420,111,100,11,11
56421,91,82,9,9
56422,95,91,4,4
56423,91,85,6,6
56424,101,80,21,21
56425,130,115,15,15
56426,89,80,9,9
56427,86,84,2,2
56428,178,147,31,31
56429,168,146,22,22
56430,63,50,13,13
56431,69,57,12,12
56432,186,151,35,35
56433,143,122,21,21
56434,76,58,18,18
56435,87,82,5,5
56436,46,47,-1,1
56437,81,73,8,8
56438,43,42,1,1
56439,125,109,16,16
56440,190,163,27,27
56441,112,90,22,22
56442,161,141,20,20
56443,119,99,20,20
56444,98,89,9,9
56445,122,104,18,18
56446,94,82,12,12
56447,68,66,2,2
56448,103,79,24,24
56449,126,99,27,27
56450,75,64,11,11
56451,123,101,22,22
56452,81,70,11,11
56453,144,137,7,7
56454,53,43,10,10
56455,164,138,26,26
56456,60,59,1,1
56457,117,106,11,11
56458,121,110,11,11
56459,90,86,4,4
56460,86,74,12,12
56461,63,60,3,3
56462,147,124,23,23
56463,103,90,13,13
56464,68,63,5,5
56465,91,75,16,16
56466,81,64,17,17
56467,71,63,8,8
56468,63,58,5,5
56469,123,112,11,11
56470,105,92,13,13
56471,81,75,6,6
56472,112,109,3,3
56473,78,70,8,8
56474,85,75,10,10
56475,118,108,10,10
56476,65,54,11,11
56477,127,121,6,6
56478,83,73,10,10
56479,91,79,12,12
56480,62,58,4,4
56481,75,71,4,4
56482,88,85,3,3
56483,163,144,19,19
56484,48,55,-7,7
56485,93,95,-2,2
56486,85,77,8,8
56487,142,128,14,14
56488,93,90,3,3
56489,73,64,9,9
56490,65,60,5,5
56491,83,71,12,12
56492,77,68,9,9
56493,113,99,14,14
56494,121,105,16,16
56495,71,66,5,5
56496,64,57,7,7
56497,70,70,0,0
56498,155,132,23,23
56499,59,51,8,8
56500,80,68,12,12
56501,80,75,5,5
56502,59,54,5,5
56503,83,68,15,15
56504,68,56,12,12
56505,77,78,-1,1
56506,121,97,24,24
56507,63,64,-1,1
56508,82,73,9,9
56509,145,128,17,17
56510,63,62,1,1
56511,124,115,9,9
56512,83,83,0,0
56513,175,156,19,19
56514,185,168,17,17
56515,65,57,8,8
56516,61,54,7,7
56517,76,67,9,9
56518,75,72,3,3
56519,74,82,-8,8
56520,136,108,28,28
56521,47,44,3,3
56522,66,51,15,15
56523,131,111,20,20
56524,123,98,25,25
56525,118,104,14,14
56526,58,50,8,8
56527,89,76,13,13
56528,156,132,24,24
56529,55,56,-1,1
56530,115,94,21,21
56531,111,100,11,11
56532,116,117,-1,1
56533,62,63,-1,1
56534,108,90,18,18
56535,120,116,4,4
56536,112,103,9,9
56537,56,58,-2,2
56538,142,130,12,12
56539,91,72,19,19
56540,86,76,10,10
56541,121,108,13,13
56542,80,67,13,13
56543,103,90,13,13
56544,76,72,4,4
56545,100,113,-13,13
56546,94,82,12,12
56547,117,114,3,3
56548,84,71,13,13
56549,87,81,6,6
56550,127,106,21,21
56551,90,93,-3,3
56552,96,78,18,18
56553,56,51,5,5
56554,74,66,8,8
56555,98,85,13,13
56556,107,101,6,6
56557,125,97,28,28
56558,66,56,10,10
56559,91,88,3,3
56560,154,147,7,7
56561,151,122,29,29
56562,77,69,8,8
56563,60,56,4,4
56564,72,70,2,2
56565,132,105,27,27
56566,74,64,10,10
56567,63,57,6,6
56568,129,116,13,13
56569,169,150,19,19
56570,88,89,-1,1
56571,129,113,16,16
56572,140,117,23,23
56573,80,80,0,0
56574,94,87,7,7
56575,49,50,-1,1
56576,145,130,15,15
56577,97,90,7,7
56578,94,86,8,8
56579,83,74,9,9
56580,135,120,15,15
56581,103,90,13,13
56582,40,43,-3,3
56583,119,124,-5,5
56584,60,57,3,3
56585,44,42,2,2
56586,104,97,7,7
56587,49,43,6,6
56588,70,75,-5,5
56589,59,55,4,4
56590,114,112,2,2
56591,65,54,11,11
56592,60,55,5,5
56593,121,117,4,4
56594,115,98,17,17
56595,75,65,10,10
56596,74,66,8,8
56597,103,89,14,14
56598,59,52,7,7
56599,125,118,7,7
56600,94,82,12,12
56601,73,61,12,12
56602,54,49,5,5
56603,58,50,8,8
56604,174,156,18,18
56605,46,41,5,5
56606,79,72,7,7
56607,108,89,19,19
56608,50,55,-5,5
56609,120,97,23,23
56610,159,136,23,23
56611,171,155,16,16
56612,81,77,4,4
56613,85,78,7,7
56614,118,123,-5,5
56615,73,67,6,6
56616,114,97,17,17
56617,77,63,14,14
56618,150,120,30,30
56619,72,71,1,1
56620,64,75,-11,11
56621,85,86,-1,1
56622,112,105,7,7
56623,57,51,6,6
56624,101,87,14,14
56625,83,76,7,7
56626,74,64,10,10
56627,142,120,22,22
56628,111,88,23,23
56629,135,107,28,28
56630,64,59,5,5
56631,75,62,13,13
56632,188,168,20,20
56633,63,74,-11,11
56634,124,104,20,20
56635,42,47,-5,5
56636,136,110,26,26
56637,50,49,1,1
56638,87,84,3,3
56639,140,118,22,22
56640,94,85,9,9
56641,94,84,10,10
56642,61,67,-6,6
56643,86,75,11,11
56644,126,101,25,25
56645,63,57,6,6
56646,82,71,11,11
56647,140,135,5,5
56648,134,108,26,26
56649,79,71,8,8
56650,126,123,3,3
56651,101,97,4,4
56652,103,91,12,12
56653,70,60,10,10
56654,85,66,19,19
56655,84,79,5,5
56656,58,58,0,0
56657,139,114,25,25
56658,67,71,-4,4
56659,101,93,8,8
56660,83,77,6,6
56661,66,57,9,9
56662,59,52,7,7
56663,77,72,5,5
56664,53,55,-2,2
56665,130,111,19,19
56666,59,60,-1,1
56667,94,75,19,19
56668,120,104,16,16
56669,108,91,17,17
56670,95,79,16,16
56671,67,59,8,8
56672,103,93,10,10
56673,68,58,10,10
56674,82,69,13,13
56675,111,103,8,8
56676,78,68,10,10
56677,59,57,2,2
56678,72,71,1,1
56679,101,86,15,15
56680,77,75,2,2
56681,65,57,8,8
56682,64,65,-1,1
56683,57,59,-2,2
56684,95,89,6,6
56685,68,64,4,4
56686,137,112,25,25
56687,65,59,6,6
56688,82,71,11,11
56689,73,69,4,4
56690,96,97,-1,1
56691,110,92,18,18
56692,139,120,19,19
56693,87,67,20,20
56694,113,92,21,21
56695,40,34,6,6
56696,81,75,6,6
56697,51,52,-1,1
56698,173,144,29,29
56699,72,78,-6,6
56700,107,94,13,13
56701,112,104,8,8
56702,125,105,20,20
56703,56,51,5,5
56704,141,116,25,25
56705,150,126,24,24
56706,136,125,11,11
56707,127,107,20,20
56708,132,124,8,8
56709,96,80,16,16
56710,35,45,-10,10
56711,86,75,11,11
56712,108,93,15,15
56713,149,126,23,23
56714,103,92,11,11
56715,144,139,5,5
56716,135,114,21,21
56717,112,94,18,18
56718,86,87,-1,1
56719,54,47,7,7
56720,78,68,10,10
56721,72,66,6,6
56722,87,82,5,5
56723,79,89,-10,10
56724,109,112,-3,3
56725,120,97,23,23
56726,173,143,30,30
56727,57,57,0,0
56728,40,36,4,4
56729,82,77,5,5
56730,70,67,3,3
56731,86,80,6,6
56732,98,90,8,8
56733,134,129,5,5
56734,45,38,7,7
56735,129,108,21,21
56736,68,67,1,1
56737,91,75,16,16
56738,113,96,17,17
56739,52,54,-2,2
56740,94,80,14,14
56741,94,92,2,2
56742,113,101,12,12
56743,128,104,24,24
56744,99,97,2,2
56745,105,88,17,17
56746,86,94,-8,8
56747,148,129,19,19
56748,138,110,28,28
56749,99,75,24,24
56750,94,84,10,10
56751,73,67,6,6
56752,153,123,30,30
56753,95,87,8,8
56754,118,114,4,4
56755,129,113,16,16
56756,50,58,-8,8
56757,123,105,18,18
56758,142,123,19,19
56759,123,109,14,14
56760,148,131,17,17
56761,107,95,12,12
56762,98,94,4,4
56763,112,101,11,11
56764,137,117,20,20
56765,106,96,10,10
56766,97,80,17,17
56767,96,88,8,8
56768,245,177,68,68
56769,115,95,20,20
56770,81,70,11,11
56771,130,100,30,30
56772,86,69,17,17
56773,128,109,19,19
56774,73,64,9,9
56775,110,93,17,17
56776,130,110,20,20
56777,97,87,10,10
56778,80,75,5,5
56779,91,79,12,12
56780,88,72,16,16
56781,105,94,11,11
56782,75,57,18,18
56783,93,93,0,0
56784,115,100,15,15
56785,133,114,19,19
56786,142,111,31,31
56787,62,67,-5,5
56788,78,73,5,5
56789,91,75,16,16
56790,102,87,15,15
56791,109,98,11,11
56792,102,87,15,15
56793,90,76,14,14
56794,135,106,29,29
56795,31,45,-14,14
56796,143,125,18,18
56797,123,106,17,17
56798,102,87,15,15
56799,59,51,8,8
56800,83,80,3,3
56801,99,87,12,12
56802,50,59,-9,9
56803,168,136,32,32
56804,80,75,5,5
56805,104,105,-1,1
56806,117,103,14,14
56807,113,107,6,6
56808,73,82,-9,9
56809,72,69,3,3
56810,144,120,24,24
56811,131,120,11,11
56812,107,111,-4,4
56813,85,79,6,6
56814,58,59,-1,1
56815,67,58,9,9
56816,62,56,6,6
56817,63,51,12,12
56818,148,136,12,12
56819,139,115,24,24
56820,82,81,1,1
56821,133,118,15,15
56822,70,66,4,4
56823,99,93,6,6
56824,115,102,13,13
56825,121,109,12,12
56826,107,101,6,6
56827,113,91,22,22
56828,61,59,2,2
56829,80,67,13,13
56830,78,67,11,11
56831,68,58,10,10
56832,122,116,6,6
56833,109,94,15,15
56834,71,60,11,11
56835,60,59,1,1
56836,125,109,16,16
56837,68,58,10,10
56838,114,101,13,13
56839,93,73,20,20
56840,75,69,6,6
56841,99,91,8,8
56842,133,117,16,16
56843,78,74,4,4
56844,45,40,5,5
56845,87,69,18,18
56846,72,73,-1,1
56847,129,112,17,17
56848,93,81,12,12
56849,95,89,6,6
56850,119,110,9,9
56851,96,75,21,21
56852,45,41,4,4
56853,151,128,23,23
56854,75,63,12,12
56855,84,76,8,8
56856,75,64,11,11
56857,97,125,-28,28
56858,79,73,6,6
56859,132,113,19,19
56860,108,94,14,14
56861,115,98,17,17
56862,89,87,2,2
56863,84,78,6,6
56864,132,118,14,14
56865,94,79,15,15
56866,182,164,18,18
56867,170,142,28,28
56868,93,83,10,10
56869,70,69,1,1
56870,38,37,1,1
56871,102,99,3,3
56872,139,117,22,22
56873,97,94,3,3
56874,87,77,10,10
56875,86,71,15,15
56876,76,78,-2,2
56877,91,88,3,3
56878,81,67,14,14
56879,86,70,16,16
56880,90,78,12,12
56881,73,69,4,4
56882,122,109,13,13
56883,81,70,11,11
56884,182,152,30,30
56885,73,68,5,5
56886,108,94,14,14
56887,70,59,11,11
56888,170,142,28,28
56889,98,83,15,15
56890,83,78,5,5
56891,89,85,4,4
56892,79,74,5,5
56893,77,74,3,3
56894,82,79,3,3
56895,79,72,7,7
56896,165,136,29,29
56897,57,59,-2,2
56898,94,95,-1,1
56899,101,80,21,21
56900,170,161,9,9
56901,68,66,2,2
56902,121,104,17,17
56903,137,114,23,23
56904,72,61,11,11
56905,109,97,12,12
56906,81,68,13,13
56907,71,67,4,4
56908,135,122,13,13
56909,105,92,13,13
56910,101,85,16,16
56911,71,71,0,0
56912,93,86,7,7
56913,75,65,10,10
56914,68,123,-55,55
56915,107,92,15,15
56916,76,65,11,11
56917,127,107,20,20
56918,117,111,6,6
56919,123,97,26,26
56920,158,144,14,14
56921,96,86,10,10
56922,44,41,3,3
56923,100,89,11,11
56924,69,63,6,6
56925,77,75,2,2
56926,66,65,1,1
56927,71,58,13,13
56928,117,101,16,16
56929,103,98,5,5
56930,99,88,11,11
56931,131,119,12,12
56932,50,42,8,8
56933,39,36,3,3
56934,74,65,9,9
56935,51,47,4,4
56936,91,86,5,5
56937,104,101,3,3
56938,76,68,8,8
56939,126,119,7,7
56940,79,73,6,6
56941,88,84,4,4
56942,103,93,10,10
56943,156,130,26,26
56944,153,136,17,17
56945,82,73,9,9
56946,69,68,1,1
56947,85,81,4,4
56948,90,91,-1,1
56949,118,98,20,20
56950,113,102,11,11
56951,63,64,-1,1
56952,39,42,-3,3
56953,125,112,13,13
56954,111,118,-7,7
56955,85,74,11,11
56956,69,67,2,2
56957,164,142,22,22
56958,115,104,11,11
56959,100,107,-7,7
56960,97,89,8,8
56961,76,79,-3,3
56962,109,108,1,1
56963,122,105,17,17
56964,75,70,5,5
56965,94,87,7,7
56966,73,64,9,9
56967,138,117,21,21
56968,109,84,25,25
56969,84,80,4,4
56970,65,56,9,9
56971,97,85,12,12
56972,150,130,20,20
56973,158,141,17,17
56974,74,66,8,8
56975,64,64,0,0
56976,102,89,13,13
56977,83,84,-1,1
56978,181,146,35,35
56979,149,123,26,26
56980,67,58,9,9
56981,108,102,6,6
56982,126,113,13,13
56983,129,113,16,16
56984,123,105,18,18
56985,88,73,15,15
56986,79,79,0,0
56987,122,96,26,26
56988,88,72,16,16
56989,129,120,9,9
56990,82,70,12,12
56991,72,67,5,5
56992,116,96,20,20
56993,93,87,6,6
56994,82,70,12,12
56995,153,137,16,16
56996,169,139,30,30
56997,79,83,-4,4
56998,92,82,10,10
56999,123,105,18,18
57000,75,83,-8,8
57001,162,153,9,9
57002,79,72,7,7
57003,90,77,13,13
57004,74,76,-2,2
57005,130,114,16,16
57006,128,107,21,21
57007,75,76,-1,1
57008,86,75,11,11
57009,111,100,11,11
57010,100,87,13,13
57011,57,56,1,1
57012,126,111,15,15
57013,61,57,4,4
57014,79,72,7,7
57015,80,62,18,18
57016,49,50,-1,1
57017,83,75,8,8
57018,65,61,4,4
57019,76,71,5,5
57020,99,88,11,11
57021,152,125,27,27
57022,74,69,5,5
57023,90,85,5,5
57024,116,111,5,5
57025,150,136,14,14
57026,98,97,1,1
57027,136,115,21,21
57028,109,97,12,12
57029,131,132,-1,1
57030,44,44,0,0
57031,52,49,3,3
57032,73,66,7,7
57033,160,115,45,45
57034,104,93,11,11
57035,71,61,10,10
57036,52,52,0,0
57037,69,57,12,12
57038,120,100,20,20
57039,51,40,11,11
57040,65,65,0,0
57041,93,79,14,14
57042,62,69,-7,7
57043,108,95,13,13
57044,86,82,4,4
57045,65,64,1,1
57046,151,137,14,14
57047,82,77,5,5
57048,54,47,7,7
57049,57,53,4,4
57050,87,78,9,9
57051,75,72,3,3
57052,76,71,5,5
57053,144,131,13,13
57054,82,76,6,6
57055,70,63,7,7
57056,65,61,4,4
57057,130,119,11,11
57058,179,167,12,12
57059,143,133,10,10
57060,128,109,19,19
57061,59,53,6,6
57062,141,116,25,25
57063,91,77,14,14
57064,117,99,18,18
57065,103,90,13,13
57066,102,95,7,7
57067,150,112,38,38
57068,91,75,16,16
57069,82,78,4,4
57070,72,57,15,15
57071,146,121,25,25
57072,51,49,2,2
57073,119,110,9,9
57074,94,87,7,7
57075,113,93,20,20
57076,115,100,15,15
57077,50,48,2,2
57078,72,78,-6,6
57079,127,109,18,18
57080,67,81,-14,14
57081,76,69,7,7
57082,96,93,3,3
57083,137,133,4,4
57084,189,163,26,26
57085,83,74,9,9
57086,90,83,7,7
57087,85,72,13,13
57088,99,90,9,9
57089,88,79,9,9
57090,163,141,22,22
57091,78,73,5,5
57092,63,55,8,8
57093,87,81,6,6
57094,81,75,6,6
57095,117,117,0,0
57096,86,70,16,16
57097,97,86,11,11
57098,120,105,15,15
57099,61,49,12,12
57100,109,101,8,8
57101,82,73,9,9
57102,98,80,18,18
57103,100,83,17,17
57104,114,97,17,17
57105,61,58,3,3
57106,88,81,7,7
57107,75,70,5,5
57108,96,89,7,7
57109,125,117,8,8
57110,216,180,36,36
57111,91,81,10,10
57112,149,153,-4,4
57113,104,84,20,20
57114,69,65,4,4
57115,65,60,5,5
57116,116,91,25,25
57117,66,60,6,6
57118,53,50,3,3
57119,61,64,-3,3
57120,106,98,8,8
57121,118,99,19,19
57122,145,128,17,17
57123,90,76,14,14
57124,76,66,10,10
57125,48,44,4,4
57126,38,37,1,1
57127,65,61,4,4
57128,98,81,17,17
57129,48,53,-5,5
57130,93,85,8,8
57131,117,110,7,7
57132,66,63,3,3
57133,110,86,24,24
57134,121,106,15,15
57135,95,81,14,14
57136,81,72,9,9
57137,48,53,-5,5
57138,80,76,4,4
57139,136,133,3,3
57140,55,47,8,8
57141,110,93,17,17
57142,104,105,-1,1
57143,89,76,13,13
57144,90,89,1,1
57145,111,100,11,11
57146,85,85,0,0
57147,113,102,11,11
57148,100,90,10,10
57149,147,121,26,26
57150,86,84,2,2
57151,76,72,4,4
57152,164,129,35,35
57153,130,109,21,21
57154,99,82,17,17
57155,40,39,1,1
57156,175,162,13,13
57157,148,135,13,13
57158,106,98,8,8
57159,152,140,12,12
57160,91,87,4,4
57161,98,85,13,13
57162,51,56,-5,5
57163,88,81,7,7
57164,89,79,10,10
57165,63,53,10,10
57166,84,76,8,8
57167,75,62,13,13
57168,117,99,18,18
57169,111,103,8,8
57170,134,134,0,0
57171,81,79,2,2
57172,101,96,5,5
57173,61,53,8,8
57174,116,104,12,12
57175,77,74,3,3
57176,121,105,16,16
57177,101,86,15,15
57178,22,29,-7,7
57179,89,79,10,10
57180,134,119,15,15
57181,132,123,9,9
57182,48,45,3,3
57183,102,90,12,12
57184,90,74,16,16
57185,89,80,9,9
57186,109,102,7,7
57187,164,135,29,29
57188,93,87,6,6
57189,93,88,5,5
57190,63,66,-3,3
57191,99,90,9,9
57192,72,64,8,8
57193,85,78,7,7
57194,76,72,4,4
57195,85,73,12,12
57196,125,84,41,41
57197,63,56,7,7
57198,47,49,-2,2
57199,123,112,11,11
57200,88,89,-1,1
57201,75,65,10,10
57202,78,69,9,9
57203,73,56,17,17
57204,113,117,-4,4
57205,88,74,14,14
57206,91,70,21,21
57207,99,86,13,13
57208,92,90,2,2
57209,102,97,5,5
57210,84,80,4,4
57211,153,131,22,22
57212,117,111,6,6
57213,61,53,8,8
57214,81,68,13,13
57215,148,130,18,18
57216,88,69,19,19
57217,109,96,13,13
57218,124,107,17,17
57219,44,50,-6,6
57220,75,69,6,6
57221,107,100,7,7
57222,74,70,4,4
57223,75,61,14,14
57224,97,78,19,19
57225,95,78,17,17
57226,72,62,10,10
57227,71,62,9,9
57228,100,90,10,10
57229,110,88,22,22
57230,67,56,11,11
57231,59,51,8,8
57232,162,137,25,25
57233,97,88,9,9
57234,66,65,1,1
57235,87,76,11,11
57236,142,127,15,15
57237,77,73,4,4
57238,61,51,10,10
57239,61,106,-45,45
57240,131,109,22,22
57241,84,76,8,8
57242,77,74,3,3
57243,60,55,5,5
57244,77,72,5,5
57245,47,45,2,2
57246,71,69,2,2
57247,118,110,8,8
57248,105,104,1,1
57249,137,120,17,17
57250,48,56,-8,8
57251,81,75,6,6
57252,105,87,18,18
57253,107,94,13,13
57254,149,130,19,19
57255,88,73,15,15
57256,104,86,18,18
57257,130,103,27,27
57258,118,109,9,9
57259,50,62,-12,12
57260,113,93,20,20
57261,48,45,3,3
57262,105,96,9,9
57263,63,62,1,1
57264,63,60,3,3
57265,65,65,0,0
57266,105,96,9,9
57267,38,38,0,0
57268,57,48,9,9
57269,94,82,12,12
57270,87,71,16,16
57271,68,63,5,5
57272,66,67,-1,1
57273,87,82,5,5
57274,121,104,17,17
57275,104,89,15,15
57276,124,116,8,8
57277,158,130,28,28
57278,30,34,-4,4
57279,101,108,-7,7
57280,86,66,20,20
57281,93,79,14,14
57282,123,123,0,0
57283,102,80,22,22
57284,142,143,-1,1
57285,61,69,-8,8
57286,75,73,2,2
57287,125,119,6,6
57288,95,83,12,12
57289,171,145,26,26
57290,96,113,-17,17
57291,123,112,11,11
57292,106,103,3,3
57293,62,57,5,5
57294,87,76,11,11
57295,57,53,4,4
57296,56,45,11,11
57297,124,108,16,16
57298,81,72,9,9
57299,109,86,23,23
57300,165,154,11,11
57301,171,150,21,21
57302,104,91,13,13
57303,59,60,-1,1
57304,40,40,0,0
57305,74,84,-10,10
57306,127,111,16,16
57307,73,75,-2,2
57308,130,110,20,20
57309,47,57,-10,10
57310,59,56,3,3
57311,156,127,29,29
57312,101,84,17,17
57313,89,69,20,20
57314,95,85,10,10
57315,60,64,-4,4
57316,91,82,9,9
57317,74,67,7,7
57318,160,137,23,23
57319,114,99,15,15
57320,148,128,20,20
57321,80,68,12,12
57322,24,25,-1,1
57323,52,50,2,2
57324,259,212,47,47
57325,44,40,4,4
57326,149,129,20,20
57327,57,55,2,2
57328,126,119,7,7
57329,142,118,24,24
57330,111,103,8,8
57331,167,143,24,24
57332,76,67,9,9
57333,69,56,13,13
57334,110,105,5,5
57335,92,94,-2,2
57336,99,78,21,21
57337,95,87,8,8
57338,114,95,19,19
57339,91,87,4,4
57340,104,90,14,14
57341,84,76,8,8
57342,164,133,31,31
57343,44,48,-4,4
57344,75,62,13,13
57345,95,85,10,10
57346,27,32,-5,5
57347,81,75,6,6
57348,72,66,6,6
57349,100,83,17,17
57350,131,104,27,27
57351,61,62,-1,1
57352,89,78,11,11
57353,65,63,2,2
57354,53,57,-4,4
57355,103,101,2,2
57356,129,115,14,14
57357,114,93,21,21
57358,102,92,10,10
57359,87,86,1,1
57360,77,63,14,14
57361,72,65,7,7
57362,71,67,4,4
57363,67,54,13,13
57364,116,105,11,11
57365,102,87,15,15
57366,83,69,14,14
57367,55,48,7,7
57368,71,74,-3,3
57369,84,68,16,16
57370,98,87,11,11
57371,101,82,19,19
57372,82,67,15,15
57373,117,106,11,11
57374,126,116,10,10
57375,66,65,1,1
57376,81,79,2,2
57377,189,172,17,17
57378,90,73,17,17
57379,86,74,12,12
57380,107,90,17,17
57381,117,124,-7,7
57382,54,50,4,4
57383,81,77,4,4
57384,85,72,13,13
57385,88,84,4,4
57386,57,57,0,0
57387,103,93,10,10
57388,103,88,15,15
57389,95,80,15,15
57390,107,94,13,13
57391,91,81,10,10
57392,111,115,-4,4
57393,200,167,33,33
57394,83,79,4,4
57395,86,75,11,11
57396,80,77,3,3
57397,109,103,6,6
57398,69,60,9,9
57399,78,67,11,11
57400,70,72,-2,2
57401,77,68,9,9
57402,69,57,12,12
57403,96,77,19,19
57404,121,126,-5,5
57405,90,87,3,3
57406,152,130,22,22
57407,91,76,15,15
57408,89,79,10,10
57409,104,89,15,15
57410,88,66,22,22
57411,113,99,14,14
57412,81,83,-2,2
57413,92,78,14,14
57414,112,90,22,22
57415,113,106,7,7
57416,119,97,22,22
57417,68,63,5,5
57418,183,145,38,38
57419,154,126,28,28
57420,115,105,10,10
57421,173,172,1,1
57422,108,91,17,17
57423,124,119,5,5
57424,71,59,12,12
57425,84,70,14,14
57426,80,74,6,6
57427,90,90,0,0
57428,74,62,12,12
57429,89,70,19,19
57430,81,81,0,0
57431,100,81,19,19
57432,136,121,15,15
57433,55,51,4,4
57434,105,94,11,11
57435,77,67,10,10
57436,192,167,25,25
57437,99,81,18,18
57438,90,79,11,11
57439,134,113,21,21
57440,113,100,13,13
57441,90,75,15,15
57442,150,121,29,29
57443,52,49,3,3
57444,102,88,14,14
57445,55,47,8,8
57446,110,98,12,12
57447,57,51,6,6
57448,57,54,3,3
57449,97,85,12,12
57450,117,111,6,6
57451,83,80,3,3
57452,121,101,20,20
57453,58,56,2,2
57454,101,90,11,11
57455,63,59,4,4
57456,105,95,10,10
57457,94,78,16,16
57458,138,121,17,17
57459,62,55,7,7
57460,113,104,9,9
57461,50,50,0,0
57462,90,84,6,6
57463,135,124,11,11
57464,68,55,13,13
57465,94,83,11,11
57466,63,56,7,7
57467,179,147,32,32
57468,78,68,10,10
57469,197,159,38,38
57470,124,111,13,13
57471,115,115,0,0
57472,105,91,14,14
57473,135,122,13,13
57474,59,55,4,4
57475,75,78,-3,3
57476,131,112,19,19
57477,125,115,10,10
57478,82,80,2,2
57479,193,167,26,26
57480,23,14,9,9
57481,67,60,7,7
57482,204,172,32,32
57483,78,73,5,5
57484,95,91,4,4
57485,143,129,14,14
57486,69,63,6,6
57487,78,65,13,13
57488,185,161,24,24
57489,60,58,2,2
57490,93,74,19,19
57491,49,45,4,4
57492,151,121,30,30
57493,93,79,14,14
57494,109,89,20,20
57495,58,51,7,7
57496,132,104,28,28
57497,85,69,16,16
57498,118,88,30,30
57499,69,63,6,6
57500,76,69,7,7
57501,68,69,-1,1
57502,68,61,7,7
57503,103,102,1,1
57504,116,102,14,14
57505,189,149,40,40
57506,64,63,1,1
57507,54,47,7,7
57508,99,90,9,9
57509,140,116,24,24
57510,52,45,7,7
57511,144,127,17,17
57512,96,84,12,12
57513,60,74,-14,14
57514,131,119,12,12
57515,101,99,2,2
57516,21,41,-20,20
57517,77,69,8,8
57518,94,86,8,8
57519,64,55,9,9
57520,77,65,12,12
57521,89,80,9,9
57522,68,62,6,6
57523,100,65,35,35
57524,94,84,10,10
57525,99,86,13,13
57526,104,97,7,7
57527,76,68,8,8
57528,41,42,-1,1
57529,89,72,17,17
57530,159,123,36,36
57531,145,116,29,29
57532,89,73,16,16
57533,117,109,8,8
57534,56,57,-1,1
57535,112,96,16,16
57536,59,49,10,10
57537,54,50,4,4
57538,83,68,15,15
57539,70,66,4,4
57540,64,59,5,5
57541,134,117,17,17
57542,107,104,3,3
57543,81,73,8,8
57544,117,111,6,6
57545,123,114,9,9
57546,114,92,22,22
57547,173,143,30,30
57548,79,65,14,14
57549,117,96,21,21
57550,32,35,-3,3
57551,87,74,13,13
57552,189,168,21,21
57553,70,69,1,1
57554,155,122,33,33
57555,81,75,6,6
57556,168,145,23,23
57557,114,101,13,13
57558,153,144,9,9
57559,124,104,20,20
57560,51,42,9,9
57561,105,99,6,6
57562,101,104,-3,3
57563,86,80,6,6
57564,129,112,17,17
57565,122,103,19,19
57566,149,126,23,23
57567,85,73,12,12
57568,73,63,10,10
57569,66,63,3,3
57570,180,143,37,37
57571,33,36,-3,3
57572,70,67,3,3
57573,101,102,-1,1
57574,89,87,2,2
57575,120,107,13,13
57576,121,102,19,19
57577,91,83,8,8
57578,90,80,10,10
57579,121,107,14,14
57580,154,141,13,13
57581,110,95,15,15
57582,65,55,10,10
57583,107,110,-3,3
57584,141,122,19,19
57585,61,60,1,1
57586,119,109,10,10
57587,135,124,11,11
57588,185,149,36,36
57589,46,46,0,0
57590,89,80,9,9
57591,134,117,17,17
57592,102,88,14,14
57593,138,123,15,15
57594,104,87,17,17
57595,176,149,27,27
57596,112,98,14,14
57597,135,124,11,11
57598,119,105,14,14
57599,82,66,16,16
57600,99,93,6,6
57601,119,101,18,18
57602,98,98,0,0
57603,96,89,7,7
57604,90,88,2,2
57605,81,64,17,17
57606,65,61,4,4
57607,120,102,18,18
57608,90,78,12,12
57609,80,76,4,4
57610,81,79,2,2
57611,78,90,-12,12
57612,82,68,14,14
57613,155,122,33,33
57614,77,65,12,12
57615,116,107,9,9
57616,78,71,7,7
57617,69,59,10,10
57618,64,61,3,3
57619,88,78,10,10
57620,56,52,4,4
57621,62,61,1,1
57622,49,52,-3,3
57623,120,95,25,25
57624,154,135,19,19
57625,86,77,9,9
57626,61,61,0,0
57627,66,58,8,8
57628,145,113,32,32
57629,83,80,3,3
57630,136,116,20,20
57631,88,87,1,1
57632,71,76,-5,5
57633,93,78,15,15
57634,97,82,15,15
57635,94,77,17,17
57636,97,90,7,7
57637,57,60,-3,3
57638,142,124,18,18
57639,119,104,15,15
57640,87,83,4,4
57641,131,124,7,7
57642,119,112,7,7
57643,76,65,11,11
57644,55,47,8,8
57645,106,91,15,15
57646,70,67,3,3
57647,103,92,11,11
57648,96,77,19,19
57649,150,132,18,18
57650,128,117,11,11
57651,38,39,-1,1
57652,65,70,-5,5
57653,79,67,12,12
57654,96,78,18,18
57655,88,75,13,13
57656,185,181,4,4
57657,81,69,12,12
57658,151,123,28,28
57659,94,83,11,11
57660,72,68,4,4
57661,110,96,14,14
57662,109,93,16,16
57663,80,68,12,12
57664,68,65,3,3
57665,111,88,23,23
57666,67,64,3,3
57667,95,81,14,14
57668,114,105,9,9
57669,51,48,3,3
57670,111,98,13,13
57671,118,93,25,25
57672,157,123,34,34
57673,82,77,5,5
57674,119,86,33,33
57675,73,65,8,8
57676,88,71,17,17
57677,46,42,4,4
57678,61,56,5,5
57679,81,75,6,6
57680,117,104,13,13
57681,87,75,12,12
57682,71,56,15,15
57683,70,61,9,9
57684,98,96,2,2
57685,89,82,7,7
57686,100,84,16,16
57687,124,103,21,21
57688,166,139,27,27
57689,90,77,13,13
57690,43,42,1,1
57691,175,142,33,33
57692,104,96,8,8
57693,180,156,24,24
57694,57,51,6,6
57695,36,43,-7,7
57696,144,136,8,8
57697,136,115,21,21
57698,56,53,3,3
57699,93,86,7,7
57700,91,82,9,9
57701,98,87,11,11
57702,82,60,22,22
57703,101,102,-1,1
57704,113,101,12,12
57705,53,54,-1,1
57706,55,52,3,3
57707,120,100,20,20
57708,105,89,16,16
57709,71,67,4,4
57710,78,68,10,10
57711,165,148,17,17
57712,82,77,5,5
57713,126,107,19,19
57714,114,97,17,17
57715,143,120,23,23
57716,118,102,16,16
57717,94,87,7,7
57718,41,39,2,2
57719,67,60,7,7
57720,83,71,12,12
57721,119,93,26,26
57722,62,59,3,3
57723,55,47,8,8
57724,95,87,8,8
57725,91,86,5,5
57726,68,63,5,5
57727,144,132,12,12
57728,64,59,5,5
57729,43,53,-10,10
57730,81,77,4,4
57731,94,74,20,20
57732,77,69,8,8
57733,167,153,14,14
57734,51,54,-3,3
57735,117,95,22,22
57736,93,84,9,9
57737,71,64,7,7
57738,64,62,2,2
57739,168,143,25,25
57740,98,88,10,10
57741,38,37,1,1
57742,124,104,20,20
57743,104,100,4,4
57744,45,41,4,4
57745,36,40,-4,4
57746,82,73,9,9
57747,120,98,22,22
57748,108,105,3,3
57749,43,43,0,0
57750,85,71,14,14
57751,146,121,25,25
57752,82,88,-6,6
57753,115,95,20,20
57754,98,79,19,19
57755,87,71,16,16
57756,124,115,9,9
57757,86,75,11,11
57758,92,98,-6,6
57759,109,82,27,27
57760,125,106,19,19
57761,140,131,9,9
57762,84,91,-7,7
57763,66,61,5,5
57764,131,108,23,23
57765,81,65,16,16
57766,88,74,14,14
57767,143,137,6,6
57768,74,71,3,3
57769,118,114,4,4
57770,56,56,0,0
57771,61,55,6,6
57772,112,106,6,6
57773,119,98,21,21
57774,102,85,17,17
57775,101,111,-10,10
57776,71,62,9,9
57777,118,105,13,13
57778,119,119,0,0
57779,83,78,5,5
57780,133,110,23,23
57781,57,53,4,4
57782,87,76,11,11
57783,6,8,-2,2
57784,76,80,-4,4
57785,124,107,17,17
57786,28,29,-1,1
57787,65,56,9,9
57788,86,70,16,16
57789,111,104,7,7
57790,59,58,1,1
57791,94,85,9,9
57792,97,102,-5,5
57793,115,105,10,10
57794,75,70,5,5
57795,144,122,22,22
57796,86,86,0,0
57797,74,66,8,8
57798,102,95,7,7
57799,79,67,12,12
57800,99,87,12,12
57801,140,139,1,1
57802,101,90,11,11
57803,156,128,28,28
57804,92,79,13,13
57805,70,64,6,6
57806,59,66,-7,7
57807,116,99,17,17
57808,138,122,16,16
57809,136,128,8,8
57810,61,55,6,6
57811,53,50,3,3
57812,79,65,14,14
57813,90,76,14,14
57814,127,108,19,19
57815,177,134,43,43
57816,110,107,3,3
57817,129,109,20,20
57818,106,111,-5,5
57819,74,69,5,5
57820,154,142,12,12
57821,129,117,12,12
57822,73,64,9,9
57823,77,76,1,1
57824,84,80,4,4
57825,103,88,15,15
57826,90,108,-18,18
57827,109,97,12,12
57828,68,57,11,11
57829,72,61,11,11
57830,105,105,0,0
57831,65,61,4,4
57832,95,81,14,14
57833,133,121,12,12
57834,103,86,17,17
57835,107,101,6,6
57836,79,67,12,12
57837,116,98,18,18
57838,91,74,17,17
57839,72,77,-5,5
57840,66,75,-9,9
57841,147,121,26,26
57842,90,90,0,0
57843,192,192,0,0
57844,98,102,-4,4
57845,105,90,15,15
57846,44,44,0,0
57847,102,81,21,21
57848,82,81,1,1
57849,107,94,13,13
57850,102,90,12,12
57851,135,111,24,24
57852,157,129,28,28
57853,61,49,12,12
57854,155,131,24,24
57855,121,117,4,4
57856,77,67,10,10
57857,142,125,17,17
57858,95,79,16,16
57859,104,88,16,16
57860,77,70,7,7
57861,135,118,17,17
57862,101,90,11,11
57863,65,55,10,10
57864,108,95,13,13
57865,46,46,0,0
57866,196,170,26,26
57867,83,75,8,8
57868,92,75,17,17
57869,66,53,13,13
57870,87,74,13,13
57871,76,66,10,10
57872,24,36,-12,12
57873,94,93,1,1
57874,85,65,20,20
57875,147,174,-27,27
57876,104,104,0,0
57877,97,85,12,12
57878,159,128,31,31
57879,103,89,14,14
57880,114,104,10,10
57881,133,122,11,11
57882,66,59,7,7
57883,101,94,7,7
57884,71,62,9,9
57885,85,76,9,9
57886,87,65,22,22
57887,116,85,31,31
57888,88,71,17,17
57889,64,56,8,8
57890,48,47,1,1
57891,55,52,3,3
57892,61,80,-19,19
57893,86,84,2,2
57894,56,50,6,6
57895,58,47,11,11
57896,77,71,6,6
57897,70,68,2,2
57898,78,75,3,3
57899,136,115,21,21
57900,69,63,6,6
57901,68,56,12,12
57902,102,88,14,14
57903,67,59,8,8
57904,82,69,13,13
57905,54,46,8,8
57906,70,68,2,2
57907,83,70,13,13
57908,129,107,22,22
57909,43,40,3,3
57910,46,51,-5,5
57911,119,109,10,10
57912,50,46,4,4
57913,76,67,9,9
57914,168,144,24,24
57915,83,71,12,12
57916,116,95,21,21
57917,121,119,2,2
57918,96,94,2,2
57919,126,118,8,8
57920,86,80,6,6
57921,85,70,15,15
57922,93,72,21,21
57923,52,50,2,2
57924,129,111,18,18
57925,87,76,11,11
57926,38,40,-2,2
57927,61,68,-7,7
57928,77,69,8,8
57929,73,63,10,10
57930,143,135,8,8
57931,59,57,2,2
57932,57,55,2,2
57933,64,59,5,5
57934,140,123,17,17
57935,109,103,6,6
57936,91,79,12,12
57937,64,60,4,4
57938,105,81,24,24
57939,121,98,23,23
57940,65,54,11,11
57941,80,75,5,5
57942,75,68,7,7
57943,90,73,17,17
57944,93,90,3,3
57945,60,57,3,3
57946,75,67,8,8
57947,97,89,8,8
57948,130,112,18,18
57949,111,92,19,19
57950,82,67,15,15
57951,102,88,14,14
57952,72,64,8,8
57953,180,164,16,16
57954,71,75,-4,4
57955,92,81,11,11
57956,109,95,14,14
57957,113,97,16,16
57958,117,107,10,10
57959,105,95,10,10
57960,85,73,12,12
57961,75,61,14,14
57962,77,68,9,9
57963,79,71,8,8
57964,106,90,16,16
57965,52,57,-5,5
57966,107,73,34,34
57967,89,83,6,6
57968,150,129,21,21
57969,84,74,10,10
57970,78,73,5,5
57971,124,104,20,20
57972,58,55,3,3
57973,110,101,9,9
57974,108,98,10,10
57975,95,96,-1,1
57976,139,113,26,26
57977,92,81,11,11
57978,63,62,1,1
57979,81,76,5,5
57980,103,80,23,23
57981,75,65,10,10
57982,75,75,0,0
57983,125,110,15,15
57984,98,95,3,3
57985,101,89,12,12
57986,73,75,-2,2
57987,95,83,12,12
57988,120,102,18,18
57989,90,94,-4,4
57990,178,142,36,36
57991,111,103,8,8
57992,90,81,9,9
57993,91,68,23,23
57994,92,71,21,21
57995,77,67,10,10
57996,87,74,13,13
57997,121,104,17,17
57998,99,78,21,21
57999,119,114,5,5
58000,85,84,1,1
58001,102,92,10,10
58002,102,87,15,15
58003,68,55,13,13
58004,159,126,33,33
58005,91,69,22,22
58006,85,80,5,5
58007,77,75,2,2
58008,136,126,10,10
58009,182,154,28,28
58010,101,90,11,11
58011,63,52,11,11
58012,89,91,-2,2
58013,78,69,9,9
58014,104,89,15,15
58015,113,99,14,14
58016,88,80,8,8
58017,87,77,10,10
58018,182,146,36,36
58019,97,84,13,13
58020,123,109,14,14
58021,93,110,-17,17
58022,77,58,19,19
58023,87,75,12,12
58024,71,65,6,6
58025,60,53,7,7
58026,95,91,4,4
58027,92,74,18,18
58028,78,67,11,11
58029,84,80,4,4
58030,153,128,25,25
58031,140,131,9,9
58032,99,75,24,24
58033,57,51,6,6
58034,83,79,4,4
58035,79,68,11,11
58036,87,79,8,8
58037,85,93,-8,8
58038,80,70,10,10
58039,69,66,3,3
58040,68,63,5,5
58041,94,89,5,5
58042,79,77,2,2
58043,115,101,14,14
58044,59,55,4,4
58045,183,168,15,15
58046,64,59,5,5
58047,109,92,17,17
58048,54,45,9,9
58049,62,55,7,7
58050,69,73,-4,4
58051,62,54,8,8
58052,71,62,9,9
58053,140,121,19,19
58054,73,63,10,10
58055,124,112,12,12
58056,86,82,4,4
58057,142,134,8,8
58058,170,151,19,19
58059,69,60,9,9
58060,124,112,12,12
58061,123,115,8,8
58062,104,78,26,26
58063,65,66,-1,1
58064,110,97,13,13
58065,80,66,14,14
58066,66,61,5,5
58067,96,80,16,16
58068,116,109,7,7
58069,74,65,9,9
58070,59,53,6,6
58071,64,52,12,12
58072,115,106,9,9
58073,89,74,15,15
58074,136,109,27,27
58075,51,46,5,5
58076,73,64,9,9
58077,68,71,-3,3
58078,116,101,15,15
58079,135,124,11,11
58080,29,33,-4,4
58081,96,75,21,21
58082,38,50,-12,12
58083,170,152,18,18
58084,125,109,16,16
58085,160,131,29,29
58086,108,104,4,4
58087,144,125,19,19
58088,70,57,13,13
58089,100,85,15,15
58090,62,56,6,6
58091,129,115,14,14
58092,99,80,19,19
58093,93,91,2,2
58094,108,86,22,22
58095,59,51,8,8
58096,43,46,-3,3
58097,119,98,21,21
58098,71,58,13,13
58099,147,147,0,0
58100,60,54,6,6
58101,79,79,0,0
58102,64,62,2,2
58103,73,66,7,7
58104,105,96,9,9
58105,80,68,12,12
58106,79,73,6,6
58107,90,78,12,12
58108,89,70,19,19
58109,73,63,10,10
58110,113,105,8,8
58111,78,76,2,2
58112,63,72,-9,9
58113,142,119,23,23
58114,145,140,5,5
58115,95,87,8,8
58116,101,89,12,12
58117,126,101,25,25
58118,154,127,27,27
58119,184,140,44,44
58120,116,107,9,9
58121,84,77,7,7
58122,129,117,12,12
58123,74,64,10,10
58124,97,81,16,16
58125,88,96,-8,8
58126,102,96,6,6
58127,69,64,5,5
58128,73,71,2,2
58129,77,61,16,16
58130,98,87,11,11
58131,78,73,5,5
58132,108,82,26,26
58133,78,69,9,9
58134,86,83,3,3
58135,70,60,10,10
58136,70,66,4,4
58137,78,67,11,11
58138,81,69,12,12
58139,55,57,-2,2
58140,37,37,0,0
58141,80,72,8,8
58142,68,61,7,7
58143,130,118,12,12
58144,100,86,14,14
58145,71,69,2,2
58146,97,84,13,13
58147,147,130,17,17
58148,93,85,8,8
58149,165,150,15,15
58150,70,66,4,4
58151,59,60,-1,1
58152,46,43,3,3
58153,132,103,29,29
58154,90,69,21,21
58155,208,181,27,27
58156,124,114,10,10
58157,92,89,3,3
58158,75,67,8,8
58159,103,89,14,14
58160,47,46,1,1
58161,72,56,16,16
58162,65,59,6,6
58163,107,100,7,7
58164,131,117,14,14
58165,67,68,-1,1
58166,119,103,16,16
58167,63,58,5,5
58168,153,125,28,28
58169,72,68,4,4
58170,131,130,1,1
58171,92,77,15,15
58172,70,61,9,9
58173,93,89,4,4
58174,48,58,-10,10
58175,75,63,12,12
58176,185,164,21,21
58177,90,73,17,17
58178,53,48,5,5
58179,130,118,12,12
58180,139,127,12,12
58181,92,87,5,5
58182,77,95,-18,18
58183,130,105,25,25
58184,88,73,15,15
58185,68,68,0,0
58186,144,112,32,32
58187,73,67,6,6
58188,136,124,12,12
58189,115,98,17,17
58190,79,75,4,4
58191,97,85,12,12
58192,70,60,10,10
58193,76,71,5,5
58194,110,96,14,14
58195,103,102,1,1
58196,106,94,12,12
58197,82,73,9,9
58198,82,78,4,4
58199,64,58,6,6
58200,108,97,11,11
58201,162,138,24,24
58202,64,62,2,2
58203,42,42,0,0
58204,128,113,15,15
58205,93,76,17,17
58206,83,71,12,12
58207,75,61,14,14
58208,113,97,16,16
58209,131,115,16,16
58210,70,58,12,12
58211,82,76,6,6
58212,53,50,3,3
58213,92,85,7,7
58214,123,102,21,21
58215,132,110,22,22
58216,71,64,7,7
58217,83,76,7,7
58218,52,48,4,4
58219,102,89,13,13
58220,51,51,0,0
58221,90,73,17,17
58222,121,116,5,5
58223,125,112,13,13
58224,66,59,7,7
58225,99,97,2,2
58226,71,75,-4,4
58227,103,91,12,12
58228,87,80,7,7
58229,130,118,12,12
58230,74,66,8,8
58231,171,144,27,27
58232,146,113,33,33
58233,81,72,9,9
58234,72,58,14,14
58235,81,85,-4,4
58236,58,54,4,4
58237,111,94,17,17
58238,148,130,18,18
58239,76,65,11,11
58240,78,63,15,15
58241,91,86,5,5
58242,91,84,7,7
58243,70,66,4,4
58244,155,124,31,31
58245,89,87,2,2
58246,55,44,11,11
58247,97,74,23,23
58248,71,61,10,10
58249,134,126,8,8
58250,85,67,18,18
58251,76,65,11,11
58252,98,98,0,0
58253,51,51,0,0
58254,111,96,15,15
58255,59,56,3,3
58256,112,96,16,16
58257,43,39,4,4
58258,122,101,21,21
58259,62,66,-4,4
58260,57,50,7,7
58261,94,89,5,5
58262,92,80,12,12
58263,113,108,5,5
58264,125,106,19,19
58265,98,91,7,7
58266,58,53,5,5
58267,110,93,17,17
58268,69,64,5,5
58269,57,59,-2,2
58270,54,45,9,9
58271,69,61,8,8
58272,84,82,2,2
58273,81,81,0,0
58274,72,68,4,4
58275,120,99,21,21
58276,59,57,2,2
58277,121,100,21,21
58278,54,55,-1,1
58279,62,55,7,7
58280,83,66,17,17
58281,85,69,16,16
58282,102,95,7,7
58283,109,86,23,23
58284,128,125,3,3
58285,128,104,24,24
58286,155,109,46,46
58287,75,70,5,5
58288,44,36,8,8
58289,106,95,11,11
58290,122,99,23,23
58291,99,85,14,14
58292,76,67,9,9
58293,93,79,14,14
58294,59,55,4,4
58295,115,95,20,20
58296,147,126,21,21
58297,104,95,9,9
58298,56,55,1,1
58299,119,103,16,16
58300,92,83,9,9
58301,55,52,3,3
58302,70,57,13,13
58303,79,74,5,5
58304,106,91,15,15
58305,141,111,30,30
58306,142,127,15,15
58307,100,92,8,8
58308,71,62,9,9
58309,37,36,1,1
58310,58,52,6,6
58311,107,101,6,6
58312,104,90,14,14
58313,125,111,14,14
58314,95,109,-14,14
58315,164,140,24,24
58316,45,51,-6,6
58317,86,72,14,14
58318,101,87,14,14
58319,117,101,16,16
58320,85,87,-2,2
58321,60,55,5,5
58322,141,135,6,6
58323,101,93,8,8
58324,113,90,23,23
58325,108,98,10,10
58326,86,73,13,13
58327,121,101,20,20
58328,165,161,4,4
58329,58,52,6,6
58330,165,146,19,19
58331,99,88,11,11
58332,77,74,3,3
58333,120,105,15,15
58334,132,109,23,23
58335,138,111,27,27
58336,104,114,-10,10
58337,59,51,8,8
58338,68,58,10,10
58339,76,69,7,7
58340,81,78,3,3
58341,126,110,16,16
58342,125,87,38,38
58343,39,32,7,7
58344,103,70,33,33
58345,64,63,1,1
58346,120,100,20,20
58347,53,51,2,2
58348,81,65,16,16
58349,128,107,21,21
58350,75,68,7,7
58351,67,53,14,14
58352,158,127,31,31
58353,77,82,-5,5
58354,140,125,15,15
58355,75,74,1,1
58356,114,103,11,11
58357,82,71,11,11
58358,96,88,8,8
58359,142,116,26,26
58360,84,86,-2,2
58361,84,60,24,24
58362,69,58,11,11
58363,63,59,4,4
58364,83,78,5,5
58365,136,121,15,15
58366,107,93,14,14
58367,95,87,8,8
58368,157,127,30,30
58369,89,81,8,8
58370,85,74,11,11
58371,102,92,10,10
58372,103,97,6,6
58373,88,75,13,13
58374,100,87,13,13
58375,69,61,8,8
58376,84,66,18,18
58377,32,33,-1,1
58378,52,49,3,3
58379,156,129,27,27
58380,71,58,13,13
58381,114,101,13,13
58382,83,75,8,8
58383,81,72,9,9
58384,164,133,31,31
58385,109,93,16,16
58386,89,86,3,3
58387,125,97,28,28
58388,82,68,14,14
58389,73,67,6,6
58390,117,127,-10,10
58391,69,64,5,5
58392,98,83,15,15
58393,114,89,25,25
58394,86,76,10,10
58395,112,91,21,21
58396,96,91,5,5
58397,113,97,16,16
58398,86,85,1,1
58399,130,111,19,19
58400,80,71,9,9
58401,134,122,12,12
58402,158,141,17,17
58403,59,51,8,8
58404,55,54,1,1
58405,87,82,5,5
58406,42,42,0,0
58407,76,66,10,10
58408,62,54,8,8
58409,119,102,17,17
58410,103,93,10,10
58411,172,153,19,19
58412,134,122,12,12
58413,68,59,9,9
58414,62,53,9,9
58415,57,58,-1,1
58416,147,123,24,24
58417,93,81,12,12
58418,116,101,15,15
58419,161,142,19,19
58420,79,83,-4,4
58421,148,133,15,15
58422,118,103,15,15
58423,46,49,-3,3
58424,130,119,11,11
58425,163,137,26,26
58426,56,53,3,3
58427,74,63,11,11
58428,66,66,0,0
58429,84,65,19,19
58430,76,74,2,2
58431,88,74,14,14
58432,69,62,7,7
58433,60,56,4,4
58434,75,66,9,9
58435,164,137,27,27
58436,71,72,-1,1
58437,125,93,32,32
58438,86,79,7,7
58439,62,52,10,10
58440,82,72,10,10
58441,55,52,3,3
58442,58,66,-8,8
58443,52,55,-3,3
58444,107,91,16,16
58445,82,81,1,1
58446,118,105,13,13
58447,104,90,14,14
58448,65,57,8,8
58449,148,143,5,5
58450,104,97,7,7
58451,189,162,27,27
58452,126,116,10,10
58453,92,74,18,18
58454,122,108,14,14
58455,75,68,7,7
58456,99,88,11,11
58457,99,90,9,9
58458,154,137,17,17
58459,89,87,2,2
58460,145,131,14,14
58461,81,63,18,18
58462,146,142,4,4
58463,171,158,13,13
58464,52,49,3,3
58465,81,66,15,15
58466,102,89,13,13
58467,137,135,2,2
58468,43,39,4,4
58469,93,88,5,5
58470,62,56,6,6
58471,110,92,18,18
58472,78,65,13,13
58473,112,107,5,5
58474,64,62,2,2
58475,52,48,4,4
58476,51,61,-10,10
58477,71,70,1,1
58478,62,58,4,4
58479,54,44,10,10
58480,81,60,21,21
58481,156,121,35,35
58482,76,70,6,6
58483,74,60,14,14
58484,63,63,0,0
58485,59,48,11,11
58486,45,39,6,6
58487,127,97,30,30
58488,110,90,20,20
58489,68,60,8,8
58490,89,80,9,9
58491,64,57,7,7
58492,116,110,6,6
58493,68,65,3,3
58494,211,191,20,20
58495,93,79,14,14
58496,79,69,10,10
58497,84,75,9,9
58498,73,63,10,10
58499,82,68,14,14
58500,80,84,-4,4
58501,75,69,6,6
58502,83,75,8,8
58503,123,107,16,16
58504,52,45,7,7
58505,133,110,23,23
58506,90,78,12,12
58507,70,60,10,10
58508,74,72,2,2
58509,84,77,7,7
58510,90,84,6,6
58511,92,85,7,7
58512,55,55,0,0
58513,62,61,1,1
58514,120,107,13,13
58515,84,76,8,8
58516,83,66,17,17
58517,95,104,-9,9
58518,79,66,13,13
58519,89,84,5,5
58520,149,129,20,20
58521,81,102,-21,21
58522,91,86,5,5
58523,87,67,20,20
58524,76,68,8,8
58525,45,44,1,1
58526,226,203,23,23
58527,125,109,16,16
58528,148,145,3,3
58529,60,56,4,4
58530,134,121,13,13
58531,165,141,24,24
58532,129,108,21,21
58533,65,55,10,10
58534,89,77,12,12
58535,95,86,9,9
58536,83,74,9,9
58537,79,65,14,14
58538,111,94,17,17
58539,83,70,13,13
58540,121,107,14,14
58541,97,87,10,10
58542,114,104,10,10
58543,55,47,8,8
58544,118,102,16,16
58545,95,89,6,6
58546,80,71,9,9
58547,112,101,11,11
58548,127,107,20,20
58549,140,117,23,23
58550,100,151,-51,51
58551,50,47,3,3
58552,130,114,16,16
58553,77,69,8,8
58554,86,86,0,0
58555,117,91,26,26
58556,163,140,23,23
58557,78,69,9,9
58558,118,103,15,15
58559,110,104,6,6
58560,93,76,17,17
58561,76,82,-6,6
58562,71,58,13,13
58563,85,78,7,7
58564,39,39,0,0
58565,77,73,4,4
58566,57,49,8,8
58567,68,62,6,6
58568,74,65,9,9
58569,80,68,12,12
58570,86,80,6,6
58571,55,49,6,6
58572,129,100,29,29
58573,181,166,15,15
58574,71,65,6,6
58575,106,116,-10,10
58576,43,41,2,2
58577,157,138,19,19
58578,68,61,7,7
58579,134,114,20,20
58580,137,130,7,7
58581,71,65,6,6
58582,48,42,6,6
58583,45,46,-1,1
58584,75,69,6,6
58585,67,72,-5,5
58586,108,89,19,19
58587,81,71,10,10
58588,94,86,8,8
58589,229,206,23,23
58590,58,55,3,3
58591,75,70,5,5
58592,97,102,-5,5
58593,142,127,15,15
58594,196,144,52,52
58595,78,70,8,8
58596,101,100,1,1
58597,100,86,14,14
58598,82,66,16,16
58599,100,91,9,9
58600,81,76,5,5
58601,81,79,2,2
58602,106,112,-6,6
58603,74,59,15,15
58604,77,79,-2,2
58605,124,107,17,17
58606,35,35,0,0
58607,76,73,3,3
58608,106,94,12,12
58609,83,79,4,4
58610,82,73,9,9
58611,77,70,7,7
58612,113,100,13,13
58613,86,73,13,13
58614,115,101,14,14
58615,98,85,13,13
58616,69,69,0,0
58617,90,86,4,4
58618,99,83,16,16
58619,59,62,-3,3
58620,109,91,18,18
58621,72,68,4,4
58622,130,111,19,19
58623,118,107,11,11
58624,113,99,14,14
58625,98,89,9,9
58626,102,84,18,18
58627,142,113,29,29
58628,95,94,1,1
58629,89,82,7,7
58630,45,53,-8,8
58631,35,34,1,1
58632,54,52,2,2
58633,102,78,24,24
58634,27,26,1,1
58635,66,58,8,8
58636,35,41,-6,6
58637,115,96,19,19
58638,148,131,17,17
58639,98,81,17,17
58640,115,104,11,11
58641,79,79,0,0
58642,84,76,8,8
58643,147,130,17,17
58644,79,66,13,13
58645,62,55,7,7
58646,95,77,18,18
58647,71,64,7,7
58648,66,61,5,5
58649,84,76,8,8
58650,142,121,21,21
58651,142,114,28,28
58652,91,81,10,10
58653,102,90,12,12
58654,105,122,-17,17
58655,66,56,10,10
58656,83,79,4,4
58657,63,57,6,6
58658,66,64,2,2
58659,109,111,-2,2
58660,71,65,6,6
58661,92,83,9,9
58662,139,132,7,7
58663,117,106,11,11
58664,120,108,12,12
58665,94,98,-4,4
58666,99,88,11,11
58667,58,50,8,8
58668,129,115,14,14
58669,66,67,-1,1
58670,126,94,32,32
58671,111,106,5,5
58672,54,48,6,6
58673,153,114,39,39
58674,82,73,9,9
58675,56,54,2,2
58676,59,57,2,2
58677,146,120,26,26
58678,64,57,7,7
58679,56,50,6,6
58680,60,55,5,5
58681,21,45,-24,24
58682,132,120,12,12
58683,85,77,8,8
58684,113,97,16,16
58685,81,71,10,10
58686,110,100,10,10
58687,98,84,14,14
58688,86,81,5,5
58689,102,88,14,14
58690,129,130,-1,1
58691,89,74,15,15
58692,121,109,12,12
58693,104,91,13,13
58694,63,62,1,1
58695,138,123,15,15
58696,119,122,-3,3
58697,92,79,13,13
58698,113,96,17,17
58699,97,87,10,10
58700,162,140,22,22
58701,41,41,0,0
58702,112,102,10,10
58703,124,109,15,15
58704,76,67,9,9
58705,116,107,9,9
58706,86,72,14,14
58707,69,56,13,13
58708,99,96,3,3
58709,65,62,3,3
58710,70,71,-1,1
58711,111,86,25,25
58712,79,66,13,13
58713,92,85,7,7
58714,92,73,19,19
58715,126,113,13,13
58716,109,93,16,16
58717,65,65,0,0
58718,79,67,12,12
58719,160,141,19,19
58720,75,72,3,3
58721,95,80,15,15
58722,97,83,14,14
58723,102,93,9,9
58724,75,64,11,11
58725,119,111,8,8
58726,31,31,0,0
58727,137,113,24,24
58728,99,98,1,1
58729,135,117,18,18
58730,143,131,12,12
58731,128,112,16,16
58732,135,120,15,15
58733,56,47,9,9
58734,79,65,14,14
58735,157,123,34,34
58736,103,107,-4,4
58737,147,129,18,18
58738,78,70,8,8
58739,124,109,15,15
58740,57,58,-1,1
58741,63,71,-8,8
58742,79,62,17,17
58743,87,82,5,5
58744,105,87,18,18
58745,119,101,18,18
58746,41,40,1,1
58747,62,62,0,0
58748,148,137,11,11
58749,113,98,15,15
58750,236,199,37,37
58751,49,47,2,2
58752,78,75,3,3
58753,105,96,9,9
58754,136,116,20,20
58755,93,85,8,8
58756,55,53,2,2
58757,87,80,7,7
58758,67,65,2,2
58759,113,93,20,20
58760,52,49,3,3
58761,102,115,-13,13
58762,149,115,34,34
58763,65,66,-1,1
58764,106,91,15,15
58765,88,75,13,13
58766,175,145,30,30
58767,116,110,6,6
58768,128,115,13,13
58769,86,78,8,8
58770,154,122,32,32
58771,93,82,11,11
58772,65,85,-20,20
58773,119,107,12,12
58774,81,68,13,13
58775,93,94,-1,1
58776,77,73,4,4
58777,144,107,37,37
58778,105,97,8,8
58779,111,82,29,29
58780,143,116,27,27
58781,96,82,14,14
58782,86,86,0,0
58783,78,66,12,12
58784,136,117,19,19
58785,82,71,11,11
58786,91,79,12,12
58787,83,79,4,4
58788,106,97,9,9
58789,94,88,6,6
58790,99,92,7,7
58791,78,66,12,12
58792,154,131,23,23
58793,77,58,19,19
58794,184,157,27,27
58795,192,162,30,30
58796,77,68,9,9
58797,105,97,8,8
58798,62,60,2,2
58799,103,89,14,14
58800,59,55,4,4
58801,77,63,14,14
58802,155,143,12,12
58803,90,76,14,14
58804,98,110,-12,12
58805,93,83,10,10
58806,132,120,12,12
58807,115,103,12,12
58808,67,58,9,9
58809,198,179,19,19
58810,90,77,13,13
58811,114,99,15,15
58812,108,98,10,10
58813,77,73,4,4
58814,114,112,2,2
58815,126,124,2,2
58816,86,74,12,12
58817,67,63,4,4
58818,108,96,12,12
58819,92,82,10,10
58820,123,109,14,14
58821,96,90,6,6
58822,64,56,8,8
58823,166,145,21,21
58824,218,180,38,38
58825,89,83,6,6
58826,76,71,5,5
58827,69,63,6,6
58828,122,111,11,11
58829,115,104,11,11
58830,87,81,6,6
58831,119,104,15,15
58832,95,81,14,14
58833,82,74,8,8
58834,57,55,2,2
58835,100,96,4,4
58836,86,71,15,15
58837,101,82,19,19
58838,65,50,15,15
58839,106,92,14,14
58840,75,64,11,11
58841,142,119,23,23
58842,81,67,14,14
58843,77,73,4,4
58844,59,49,10,10
58845,130,104,26,26
58846,100,82,18,18
58847,92,87,5,5
58848,55,51,4,4
58849,101,115,-14,14
58850,66,59,7,7
58851,108,86,22,22
58852,83,75,8,8
58853,69,60,9,9
58854,140,117,23,23
58855,87,72,15,15
58856,96,87,9,9
58857,167,131,36,36
58858,72,63,9,9
58859,88,81,7,7
58860,124,105,19,19
58861,91,84,7,7
58862,51,46,5,5
58863,87,64,23,23
58864,92,85,7,7
58865,58,53,5,5
58866,45,41,4,4
58867,95,78,17,17
58868,134,110,24,24
58869,91,81,10,10
58870,121,103,18,18
58871,51,42,9,9
58872,58,51,7,7
58873,48,47,1,1
58874,75,71,4,4
58875,46,48,-2,2
58876,56,53,3,3
58877,87,75,12,12
58878,47,58,-11,11
58879,88,83,5,5
58880,112,95,17,17
58881,56,55,1,1
58882,104,93,11,11
58883,61,53,8,8
58884,96,85,11,11
58885,113,93,20,20
58886,66,56,10,10
58887,153,139,14,14
58888,115,110,5,5
58889,100,91,9,9
58890,73,62,11,11
58891,89,64,25,25
58892,101,100,1,1
58893,82,82,0,0
58894,89,88,1,1
58895,94,90,4,4
58896,93,78,15,15
58897,113,101,12,12
58898,129,112,17,17
58899,68,57,11,11
58900,68,56,12,12
58901,94,81,13,13
58902,157,133,24,24
58903,99,86,13,13
58904,54,56,-2,2
58905,123,103,20,20
58906,94,71,23,23
58907,183,164,19,19
58908,74,63,11,11
58909,59,53,6,6
58910,173,142,31,31
58911,122,105,17,17
58912,75,63,12,12
58913,77,73,4,4
58914,63,57,6,6
58915,90,85,5,5
58916,56,57,-1,1
58917,82,73,9,9
58918,86,94,-8,8
58919,149,131,18,18
58920,108,91,17,17
58921,73,65,8,8
58922,67,63,4,4
58923,93,84,9,9
58924,55,49,6,6
58925,108,104,4,4
58926,118,106,12,12
58927,30,29,1,1
58928,70,47,23,23
58929,94,85,9,9
58930,84,69,15,15
58931,77,65,12,12
58932,64,55,9,9
58933,103,92,11,11
58934,93,104,-11,11
58935,91,75,16,16
58936,65,61,4,4
58937,108,92,16,16
58938,117,95,22,22
58939,45,42,3,3
58940,113,105,8,8
58941,70,60,10,10
58942,75,85,-10,10
58943,79,69,10,10
58944,59,51,8,8
58945,59,53,6,6
58946,42,47,-5,5
58947,96,76,20,20
58948,109,93,16,16
58949,95,93,2,2
58950,126,112,14,14
58951,89,84,5,5
58952,99,91,8,8
58953,145,131,14,14
58954,108,90,18,18
58955,84,73,11,11
58956,82,79,3,3
58957,171,146,25,25
58958,103,84,19,19
58959,118,99,19,19
58960,180,147,33,33
58961,61,56,5,5
58962,163,132,31,31
58963,135,134,1,1
58964,152,126,26,26
58965,109,84,25,25
58966,61,61,0,0
58967,108,100,8,8
58968,181,167,14,14
58969,104,100,4,4
58970,105,89,16,16
58971,68,64,4,4
58972,116,127,-11,11
58973,144,121,23,23
58974,85,71,14,14
58975,141,132,9,9
58976,152,141,11,11
58977,114,105,9,9
58978,143,123,20,20
58979,155,137,18,18
58980,191,157,34,34
58981,102,86,16,16
58982,77,66,11,11
58983,97,92,5,5
58984,85,84,1,1
58985,82,66,16,16
58986,83,67,16,16
58987,64,57,7,7
58988,135,120,15,15
58989,86,69,17,17
58990,59,50,9,9
58991,71,55,16,16
58992,65,47,18,18
58993,134,114,20,20
58994,85,78,7,7
58995,159,137,22,22
58996,145,134,11,11
58997,66,63,3,3
58998,71,67,4,4
58999,154,121,33,33
59000,159,149,10,10
59001,50,47,3,3
59002,95,93,2,2
59003,81,70,11,11
59004,128,102,26,26
59005,79,70,9,9
59006,93,89,4,4
59007,156,140,16,16
59008,107,93,14,14
59009,48,45,3,3
59010,49,46,3,3
59011,52,103,-51,51
59012,43,44,-1,1
59013,166,143,23,23
59014,59,54,5,5
59015,97,80,17,17
59016,143,138,5,5
59017,107,103,4,4
59018,122,107,15,15
59019,77,65,12,12
59020,77,70,7,7
59021,52,47,5,5
59022,70,60,10,10
59023,93,83,10,10
59024,93,96,-3,3
59025,110,102,8,8
59026,53,50,3,3
59027,67,59,8,8
59028,185,160,25,25
59029,90,69,21,21
59030,107,93,14,14
59031,148,140,8,8
59032,119,109,10,10
59033,95,94,1,1
59034,112,87,25,25
59035,171,163,8,8
59036,110,79,31,31
59037,76,73,3,3
59038,99,84,15,15
59039,94,90,4,4
59040,107,102,5,5
59041,73,66,7,7
59042,133,105,28,28
59043,70,71,-1,1
59044,80,59,21,21
59045,149,126,23,23
59046,78,50,28,28
59047,95,83,12,12
59048,79,76,3,3
59049,42,47,-5,5
59050,73,64,9,9
59051,346,251,95,95
59052,70,47,23,23
59053,75,69,6,6
59054,144,132,12,12
59055,63,56,7,7
59056,80,71,9,9
59057,124,101,23,23
59058,69,61,8,8
59059,99,86,13,13
59060,140,104,36,36
59061,117,102,15,15
59062,58,55,3,3
59063,84,76,8,8
59064,47,45,2,2
59065,86,72,14,14
59066,52,51,1,1
59067,77,72,5,5
59068,69,63,6,6
59069,107,90,17,17
59070,118,93,25,25
59071,81,83,-2,2
59072,109,92,17,17
59073,97,94,3,3
59074,85,74,11,11
59075,81,65,16,16
59076,65,52,13,13
59077,101,103,-2,2
59078,90,86,4,4
59079,68,69,-1,1
59080,59,48,11,11
59081,97,86,11,11
59082,104,91,13,13
59083,52,46,6,6
59084,58,54,4,4
59085,64,62,2,2
59086,92,80,12,12
59087,179,145,34,34
59088,112,92,20,20
59089,100,99,1,1
59090,60,52,8,8
59091,102,91,11,11
59092,111,96,15,15
59093,100,83,17,17
59094,80,67,13,13
59095,89,75,14,14
59096,124,118,6,6
59097,70,63,7,7
59098,85,83,2,2
59099,79,75,4,4
59100,74,65,9,9
59101,66,58,8,8
59102,75,71,4,4
59103,83,74,9,9
59104,65,62,3,3
59105,119,106,13,13
59106,102,87,15,15
59107,81,75,6,6
59108,77,69,8,8
59109,81,71,10,10
59110,94,87,7,7
59111,103,94,9,9
59112,104,91,13,13
59113,118,94,24,24
59114,90,75,15,15
59115,71,66,5,5
59116,114,96,18,18
59117,120,88,32,32
59118,85,72,13,13
59119,79,74,5,5
59120,49,44,5,5
59121,74,64,10,10
59122,99,88,11,11
59123,106,105,1,1
59124,89,81,8,8
59125,21,37,-16,16
59126,114,103,11,11
59127,90,87,3,3
59128,129,111,18,18
59129,64,55,9,9
59130,44,42,2,2
59131,150,121,29,29
59132,136,119,17,17
59133,119,111,8,8
59134,68,68,0,0
59135,87,82,5,5
59136,66,65,1,1
59137,103,92,11,11
59138,117,105,12,12
59139,111,85,26,26
59140,112,80,32,32
59141,101,83,18,18
59142,143,129,14,14
59143,81,73,8,8
59144,180,140,40,40
59145,61,56,5,5
59146,131,115,16,16
59147,70,64,6,6
59148,107,97,10,10
59149,135,113,22,22
59150,92,78,14,14
59151,81,70,11,11
59152,108,94,14,14
59153,90,77,13,13
59154,86,67,19,19
59155,127,105,22,22
59156,47,47,0,0
59157,130,116,14,14
59158,84,82,2,2
59159,79,70,9,9
59160,91,81,10,10
59161,120,95,25,25
59162,80,70,10,10
59163,59,56,3,3
59164,81,83,-2,2
59165,143,130,13,13
59166,117,91,26,26
59167,143,125,18,18
59168,154,118,36,36
59169,57,55,2,2
59170,69,60,9,9
59171,44,43,1,1
59172,84,81,3,3
59173,96,81,15,15
59174,80,67,13,13
59175,61,68,-7,7
59176,64,67,-3,3
59177,67,61,6,6
59178,108,93,15,15
59179,87,79,8,8
59180,87,73,14,14
59181,112,87,25,25
59182,147,128,19,19
59183,143,124,19,19
59184,124,108,16,16
59185,160,135,25,25
59186,109,97,12,12
59187,71,60,11,11
59188,138,120,18,18
59189,76,67,9,9
59190,96,80,16,16
59191,94,81,13,13
59192,44,41,3,3
59193,83,78,5,5
59194,49,48,1,1
59195,75,74,1,1
59196,104,100,4,4
59197,75,66,9,9
59198,93,82,11,11
59199,96,92,4,4
59200,81,78,3,3
59201,80,69,11,11
59202,97,73,24,24
59203,65,63,2,2
59204,46,47,-1,1
59205,79,72,7,7
59206,88,80,8,8
59207,62,66,-4,4
59208,84,67,17,17
59209,70,65,5,5
59210,129,122,7,7
59211,104,69,35,35
59212,116,107,9,9
59213,126,107,19,19
59214,95,90,5,5
59215,66,59,7,7
59216,81,70,11,11
59217,133,103,30,30
59218,95,88,7,7
59219,151,124,27,27
59220,88,80,8,8
59221,110,99,11,11
59222,69,54,15,15
59223,106,85,21,21
59224,64,62,2,2
59225,126,102,24,24
59226,41,45,-4,4
59227,97,85,12,12
59228,46,68,-22,22
59229,52,59,-7,7
59230,66,52,14,14
59231,81,71,10,10
59232,81,75,6,6
59233,85,73,12,12
59234,35,36,-1,1
59235,118,99,19,19
59236,94,85,9,9
59237,92,73,19,19
59238,55,52,3,3
59239,99,84,15,15
59240,68,62,6,6
59241,56,52,4,4
59242,97,92,5,5
59243,110,103,7,7
59244,152,128,24,24
59245,40,43,-3,3
59246,52,55,-3,3
59247,169,156,13,13
59248,160,133,27,27
59249,78,66,12,12
59250,77,80,-3,3
59251,40,42,-2,2
59252,93,104,-11,11
59253,115,96,19,19
59254,108,100,8,8
59255,69,64,5,5
59256,126,138,-12,12
59257,133,130,3,3
59258,116,102,14,14
59259,76,80,-4,4
59260,42,43,-1,1
59261,74,73,1,1
59262,145,124,21,21
59263,72,61,11,11
59264,103,100,3,3
59265,67,62,5,5
59266,139,110,29,29
59267,93,80,13,13
59268,112,96,16,16
59269,176,153,23,23
59270,70,63,7,7
59271,158,122,36,36
59272,71,62,9,9
59273,47,39,8,8
59274,93,75,18,18
59275,57,60,-3,3
59276,75,62,13,13
59277,62,66,-4,4
59278,104,112,-8,8
59279,143,127,16,16
59280,83,70,13,13
59281,75,63,12,12
59282,92,81,11,11
59283,60,72,-12,12
59284,117,103,14,14
59285,64,59,5,5
59286,61,55,6,6
59287,87,68,19,19
59288,175,162,13,13
59289,58,56,2,2
59290,77,59,18,18
59291,96,70,26,26
59292,120,111,9,9
59293,176,148,28,28
59294,132,115,17,17
59295,67,60,7,7
59296,73,66,7,7
59297,120,127,-7,7
59298,71,65,6,6
59299,63,54,9,9
59300,74,60,14,14
59301,35,48,-13,13
59302,129,104,25,25
59303,132,123,9,9
59304,75,70,5,5
59305,122,105,17,17
59306,89,76,13,13
59307,90,71,19,19
59308,71,67,4,4
59309,92,74,18,18
59310,184,151,33,33
59311,59,77,-18,18
59312,90,82,8,8
59313,100,96,4,4
59314,83,73,10,10
59315,83,77,6,6
59316,78,72,6,6
59317,106,93,13,13
59318,107,101,6,6
59319,45,45,0,0
59320,82,77,5,5
59321,85,83,2,2
59322,109,81,28,28
59323,70,64,6,6
59324,70,66,4,4
59325,109,100,9,9
59326,62,54,8,8
59327,63,62,1,1
59328,67,65,2,2
59329,38,35,3,3
59330,45,39,6,6
59331,111,91,20,20
59332,99,99,0,0
59333,52,52,0,0
59334,93,83,10,10
59335,103,106,-3,3
59336,86,76,10,10
59337,69,61,8,8
59338,52,69,-17,17
59339,215,161,54,54
59340,90,78,12,12
59341,54,50,4,4
59342,110,95,15,15
59343,97,78,19,19
59344,150,99,51,51
59345,142,118,24,24
59346,57,64,-7,7
59347,116,98,18,18
59348,177,145,32,32
59349,109,96,13,13
59350,78,70,8,8
59351,79,71,8,8
59352,51,50,1,1
59353,80,74,6,6
59354,99,97,2,2
59355,49,43,6,6
59356,153,138,15,15
59357,174,153,21,21
59358,100,89,11,11
59359,147,120,27,27
59360,75,84,-9,9
59361,138,112,26,26
59362,78,66,12,12
59363,77,73,4,4
59364,93,75,18,18
59365,148,125,23,23
59366,176,143,33,33
59367,74,64,10,10
59368,178,168,10,10
59369,107,103,4,4
59370,103,87,16,16
59371,125,108,17,17
59372,119,99,20,20
59373,98,90,8,8
59374,69,56,13,13
59375,72,61,11,11
59376,81,85,-4,4
59377,54,53,1,1
59378,110,102,8,8
59379,84,75,9,9
59380,148,132,16,16
59381,61,50,11,11
59382,94,91,3,3
59383,79,82,-3,3
59384,77,68,9,9
59385,83,74,9,9
59386,102,81,21,21
59387,99,87,12,12
59388,104,87,17,17
59389,128,123,5,5
59390,73,69,4,4
59391,85,75,10,10
59392,123,120,3,3
59393,87,82,5,5
59394,135,108,27,27
59395,71,60,11,11
59396,81,87,-6,6
59397,64,54,10,10
59398,71,62,9,9
59399,105,92,13,13
59400,59,49,10,10
59401,140,117,23,23
59402,161,137,24,24
59403,100,81,19,19
59404,89,79,10,10
59405,64,58,6,6
59406,154,136,18,18
59407,167,121,46,46
59408,178,147,31,31
59409,88,70,18,18
59410,79,90,-11,11
59411,72,71,1,1
59412,85,74,11,11
59413,92,82,10,10
59414,71,72,-1,1
59415,60,58,2,2
59416,66,55,11,11
59417,95,76,19,19
59418,82,71,11,11
59419,82,78,4,4
59420,91,72,19,19
59421,121,99,22,22
59422,78,69,9,9
59423,148,127,21,21
59424,95,85,10,10
59425,138,128,10,10
59426,61,59,2,2
59427,66,61,5,5
59428,83,73,10,10
59429,61,62,-1,1
59430,60,51,9,9
59431,56,49,7,7
59432,127,111,16,16
59433,62,52,10,10
59434,133,121,12,12
59435,79,64,15,15
59436,123,92,31,31
59437,53,49,4,4
59438,79,69,10,10
59439,126,102,24,24
59440,117,119,-2,2
59441,136,119,17,17
59442,81,95,-14,14
59443,105,113,-8,8
59444,118,111,7,7
59445,66,59,7,7
59446,59,49,10,10
59447,129,117,12,12
59448,93,91,2,2
59449,87,79,8,8
59450,45,44,1,1
59451,64,54,10,10
59452,121,114,7,7
59453,168,135,33,33
59454,81,66,15,15
59455,99,84,15,15
59456,117,92,25,25
59457,95,75,20,20
59458,66,65,1,1
59459,122,101,21,21
59460,112,109,3,3
59461,71,71,0,0
59462,172,158,14,14
59463,108,88,20,20
59464,85,74,11,11
59465,130,112,18,18
59466,64,57,7,7
59467,74,72,2,2
59468,63,57,6,6
59469,145,124,21,21
59470,95,86,9,9
59471,138,131,7,7
59472,105,92,13,13
59473,51,50,1,1
59474,109,107,2,2
59475,91,98,-7,7
59476,70,59,11,11
59477,129,114,15,15
59478,106,81,25,25
59479,82,66,16,16
59480,54,49,5,5
59481,151,145,6,6
59482,120,102,18,18
59483,151,132,19,19
59484,96,93,3,3
59485,62,60,2,2
59486,165,140,25,25
59487,138,115,23,23
59488,128,117,11,11
59489,80,63,17,17
59490,94,85,9,9
59491,86,79,7,7
59492,130,115,15,15
59493,154,127,27,27
59494,81,70,11,11
59495,152,128,24,24
59496,52,61,-9,9
59497,65,58,7,7
59498,109,83,26,26
59499,72,63,9,9
59500,103,88,15,15
59501,112,86,26,26
59502,65,66,-1,1
59503,77,75,2,2
59504,189,174,15,15
59505,178,151,27,27
59506,48,43,5,5
59507,145,127,18,18
59508,47,57,-10,10
59509,146,126,20,20
59510,118,107,11,11
59511,78,72,6,6
59512,93,89,4,4
59513,72,64,8,8
59514,86,79,7,7
59515,118,100,18,18
59516,87,77,10,10
59517,42,42,0,0
59518,87,86,1,1
59519,87,81,6,6
59520,159,138,21,21
59521,96,88,8,8
59522,50,48,2,2
59523,76,84,-8,8
59524,111,105,6,6
59525,140,120,20,20
59526,133,111,22,22
59527,89,89,0,0
59528,94,90,4,4
59529,60,50,10,10
59530,67,63,4,4
59531,166,131,35,35
59532,74,70,4,4
59533,88,80,8,8
59534,113,99,14,14
59535,114,100,14,14
59536,98,80,18,18
59537,52,55,-3,3
59538,109,95,14,14
59539,51,49,2,2
59540,92,79,13,13
59541,79,72,7,7
59542,65,61,4,4
59543,80,74,6,6
59544,130,108,22,22
59545,90,86,4,4
59546,108,86,22,22
59547,84,82,2,2
59548,160,142,18,18
59549,53,50,3,3
59550,62,62,0,0
59551,65,68,-3,3
59552,65,61,4,4
59553,61,51,10,10
59554,35,35,0,0
59555,113,97,16,16
59556,69,65,4,4
59557,56,50,6,6
59558,103,103,0,0
59559,76,65,11,11
59560,106,104,2,2
59561,157,138,19,19
59562,150,130,20,20
59563,79,70,9,9
59564,94,85,9,9
59565,59,58,1,1
59566,135,140,-5,5
59567,91,84,7,7
59568,129,111,18,18
59569,80,75,5,5
59570,58,50,8,8
59571,96,72,24,24
59572,160,146,14,14
59573,80,67,13,13
59574,55,51,4,4
59575,101,88,13,13
59576,85,69,16,16
59577,68,64,4,4
59578,95,98,-3,3
59579,110,97,13,13
59580,75,65,10,10
59581,73,69,4,4
59582,90,80,10,10
59583,78,73,5,5
59584,148,126,22,22
59585,94,84,10,10
59586,64,60,4,4
59587,186,151,35,35
59588,40,42,-2,2
59589,74,68,6,6
59590,140,118,22,22
59591,103,88,15,15
59592,179,133,46,46
59593,209,155,54,54
59594,114,108,6,6
59595,44,51,-7,7
59596,84,70,14,14
59597,55,52,3,3
59598,150,128,22,22
59599,64,53,11,11
59600,61,60,1,1
59601,89,80,9,9
59602,129,105,24,24
59603,61,56,5,5
59604,125,96,29,29
59605,129,112,17,17
59606,94,86,8,8
59607,86,69,17,17
59608,124,112,12,12
59609,45,47,-2,2
59610,131,107,24,24
59611,89,76,13,13
59612,140,131,9,9
59613,85,80,5,5
59614,178,153,25,25
59615,120,104,16,16
59616,135,113,22,22
59617,72,61,11,11
59618,45,42,3,3
59619,63,55,8,8
59620,62,64,-2,2
59621,87,78,9,9
59622,165,153,12,12
59623,107,116,-9,9
59624,69,71,-2,2
59625,94,83,11,11
59626,58,54,4,4
59627,105,93,12,12
59628,115,104,11,11
59629,92,78,14,14
59630,80,69,11,11
59631,154,141,13,13
59632,61,46,15,15
59633,115,103,12,12
59634,52,46,6,6
59635,69,61,8,8
59636,58,56,2,2
59637,92,88,4,4
59638,56,54,2,2
59639,94,96,-2,2
59640,70,67,3,3
59641,126,92,34,34
59642,77,72,5,5
59643,77,65,12,12
59644,160,142,18,18
59645,69,62,7,7
59646,73,65,8,8
59647,72,67,5,5
59648,72,62,10,10
59649,124,109,15,15
59650,78,66,12,12
59651,81,70,11,11
59652,156,136,20,20
59653,67,56,11,11
59654,118,104,14,14
59655,79,64,15,15
59656,81,67,14,14
59657,87,70,17,17
59658,57,64,-7,7
59659,70,168,-98,98
59660,147,97,50,50
59661,141,118,23,23
59662,42,53,-11,11
59663,89,85,4,4
59664,94,84,10,10
59665,103,93,10,10
59666,100,92,8,8
59667,56,52,4,4
59668,85,71,14,14
59669,77,66,11,11
59670,89,79,10,10
59671,125,127,-2,2
59672,41,42,-1,1
59673,135,109,26,26
59674,70,72,-2,2
59675,51,44,7,7
59676,86,83,3,3
59677,100,89,11,11
59678,103,96,7,7
59679,62,57,5,5
59680,153,122,31,31
59681,173,151,22,22
59682,137,132,5,5
59683,107,83,24,24
59684,161,132,29,29
59685,139,126,13,13
59686,62,50,12,12
59687,71,58,13,13
59688,104,112,-8,8
59689,115,100,15,15
59690,144,127,17,17
59691,76,70,6,6
59692,168,146,22,22
59693,76,64,12,12
59694,78,74,4,4
59695,94,108,-14,14
59696,92,76,16,16
59697,96,79,17,17
59698,131,107,24,24
59699,93,87,6,6
59700,93,74,19,19
59701,60,58,2,2
59702,78,62,16,16
59703,72,72,0,0
59704,141,99,42,42
59705,116,98,18,18
59706,83,81,2,2
59707,78,74,4,4
59708,79,70,9,9
59709,113,103,10,10
59710,46,46,0,0
59711,93,88,5,5
59712,99,82,17,17
59713,103,101,2,2
59714,98,80,18,18
59715,113,95,18,18
59716,121,124,-3,3
59717,58,55,3,3
59718,92,81,11,11
59719,89,85,4,4
59720,99,91,8,8
59721,89,81,8,8
59722,79,74,5,5
59723,138,118,20,20
59724,79,68,11,11
59725,73,68,5,5
59726,88,75,13,13
59727,73,75,-2,2
59728,95,88,7,7
59729,104,97,7,7
59730,77,65,12,12
59731,54,53,1,1
59732,128,114,14,14
59733,88,83,5,5
59734,89,77,12,12
59735,100,94,6,6
59736,132,118,14,14
59737,73,71,2,2
59738,69,64,5,5
59739,88,71,17,17
59740,127,112,15,15
59741,135,120,15,15
59742,71,61,10,10
59743,133,115,18,18
59744,98,88,10,10
59745,96,73,23,23
59746,121,103,18,18
59747,110,89,21,21
59748,63,60,3,3
59749,149,126,23,23
59750,75,78,-3,3
59751,61,65,-4,4
59752,203,161,42,42
59753,106,97,9,9
59754,90,79,11,11
59755,111,86,25,25
59756,98,80,18,18
59757,70,78,-8,8
59758,77,63,14,14
59759,65,62,3,3
59760,110,96,14,14
59761,82,83,-1,1
59762,135,118,17,17
59763,133,117,16,16
59764,93,81,12,12
59765,96,94,2,2
59766,83,76,7,7
59767,83,75,8,8
59768,114,93,21,21
59769,169,159,10,10
59770,83,68,15,15
59771,87,78,9,9
59772,80,84,-4,4
59773,64,62,2,2
59774,185,156,29,29
59775,110,89,21,21
59776,109,89,20,20
59777,52,47,5,5
59778,103,90,13,13
59779,34,40,-6,6
59780,69,105,-36,36
59781,154,129,25,25
59782,149,129,20,20
59783,81,70,11,11
59784,81,73,8,8
59785,68,62,6,6
59786,93,75,18,18
59787,57,50,7,7
59788,129,116,13,13
59789,98,88,10,10
59790,117,113,4,4
59791,76,75,1,1
59792,36,28,8,8
59793,130,112,18,18
59794,81,73,8,8
59795,72,73,-1,1
59796,76,70,6,6
59797,63,60,3,3
59798,97,85,12,12
59799,61,58,3,3
59800,85,76,9,9
59801,110,122,-12,12
59802,85,72,13,13
59803,77,79,-2,2
59804,127,107,20,20
59805,49,45,4,4
59806,85,73,12,12
59807,83,83,0,0
59808,132,126,6,6
59809,136,122,14,14
59810,73,62,11,11
59811,71,67,4,4
59812,79,68,11,11
59813,88,84,4,4
59814,70,113,-43,43
59815,75,62,13,13
59816,46,40,6,6
59817,101,85,16,16
59818,128,127,1,1
59819,92,76,16,16
59820,149,113,36,36
59821,122,76,46,46
59822,79,88,-9,9
59823,48,63,-15,15
59824,101,90,11,11
59825,94,81,13,13
59826,125,112,13,13
59827,91,90,1,1
59828,78,71,7,7
59829,121,106,15,15
59830,166,131,35,35
59831,96,85,11,11
59832,124,127,-3,3
59833,159,134,25,25
59834,66,63,3,3
59835,82,70,12,12
59836,75,66,9,9
59837,59,49,10,10
59838,85,75,10,10
59839,99,78,21,21
59840,148,125,23,23
59841,109,89,20,20
59842,81,71,10,10
59843,99,81,18,18
59844,47,45,2,2
59845,78,70,8,8
59846,85,73,12,12
59847,76,75,1,1
59848,54,44,10,10
59849,106,99,7,7
59850,83,71,12,12
59851,66,60,6,6
59852,47,52,-5,5
59853,60,61,-1,1
59854,109,99,10,10
59855,122,109,13,13
59856,92,80,12,12
59857,102,82,20,20
59858,130,125,5,5
59859,104,89,15,15
59860,106,83,23,23
59861,74,68,6,6
59862,149,134,15,15
59863,46,53,-7,7
59864,55,49,6,6
59865,81,71,10,10
59866,86,81,5,5
59867,159,135,24,24
59868,49,47,2,2
59869,76,73,3,3
59870,109,97,12,12
59871,88,66,22,22
59872,66,63,3,3
59873,95,86,9,9
59874,123,104,19,19
59875,49,49,0,0
59876,60,51,9,9
59877,140,123,17,17
59878,72,59,13,13
59879,103,96,7,7
59880,88,87,1,1
59881,94,83,11,11
59882,97,83,14,14
59883,112,98,14,14
59884,37,45,-8,8
59885,70,65,5,5
59886,217,183,34,34
59887,159,126,33,33
59888,86,76,10,10
59889,116,103,13,13
59890,76,64,12,12
59891,159,133,26,26
59892,102,88,14,14
59893,72,67,5,5
59894,102,94,8,8
59895,94,74,20,20
59896,56,48,8,8
59897,136,127,9,9
59898,78,67,11,11
59899,75,71,4,4
59900,138,119,19,19
59901,79,67,12,12
59902,89,83,6,6
59903,63,64,-1,1
59904,59,50,9,9
59905,127,115,12,12
59906,100,80,20,20
59907,60,56,4,4
59908,100,88,12,12
59909,108,88,20,20
59910,152,128,24,24
59911,118,106,12,12
59912,81,74,7,7
59913,49,44,5,5
59914,90,77,13,13
59915,97,84,13,13
59916,90,78,12,12
59917,138,119,19,19
59918,116,116,0,0
59919,86,77,9,9
59920,106,84,22,22
59921,155,129,26,26
59922,100,85,15,15
59923,66,61,5,5
59924,84,71,13,13
59925,103,93,10,10
59926,56,54,2,2
59927,100,85,15,15
59928,93,80,13,13
59929,135,124,11,11
59930,32,34,-2,2
59931,93,94,-1,1
59932,107,114,-7,7
59933,62,60,2,2
59934,59,55,4,4
59935,91,80,11,11
59936,75,71,4,4
59937,73,64,9,9
59938,96,89,7,7
59939,115,103,12,12
59940,63,62,1,1
59941,85,80,5,5
59942,72,74,-2,2
59943,158,151,7,7
59944,91,74,17,17
59945,69,69,0,0
59946,89,103,-14,14
59947,74,67,7,7
59948,104,228,-124,124
59949,49,51,-2,2
59950,99,84,15,15
59951,127,110,17,17
59952,73,70,3,3
59953,49,50,-1,1
59954,87,78,9,9
59955,157,132,25,25
59956,80,79,1,1
59957,144,111,33,33
59958,83,83,0,0
59959,131,120,11,11
59960,95,89,6,6
59961,141,123,18,18
59962,89,92,-3,3
59963,59,50,9,9
59964,86,74,12,12
59965,118,106,12,12
59966,78,75,3,3
59967,148,127,21,21
59968,59,49,10,10
59969,104,98,6,6
59970,85,73,12,12
59971,103,96,7,7
59972,236,183,53,53
59973,66,71,-5,5
59974,50,60,-10,10
59975,77,64,13,13
59976,114,88,26,26
59977,85,73,12,12
59978,88,78,10,10
59979,74,64,10,10
59980,71,65,6,6
59981,155,133,22,22
59982,62,62,0,0
59983,100,81,19,19
59984,82,79,3,3
59985,113,99,14,14
59986,104,90,14,14
59987,104,88,16,16
59988,105,113,-8,8
59989,153,131,22,22
59990,76,65,11,11
59991,85,67,18,18
59992,119,115,4,4
59993,106,86,20,20
59994,73,73,0,0
59995,137,110,27,27
59996,79,66,13,13
59997,186,166,20,20
59998,63,60,3,3
59999,93,80,13,13
60000,126,125,1,1
60001,70,61,9,9
60002,128,105,23,23
60003,61,57,4,4
60004,83,68,15,15
60005,108,88,20,20
60006,87,85,2,2
60007,97,90,7,7
60008,62,59,3,3
60009,129,116,13,13
60010,124,105,19,19
60011,63,61,2,2
60012,138,116,22,22
60013,53,48,5,5
60014,76,62,14,14
60015,138,130,8,8
60016,123,116,7,7
60017,57,49,8,8
60018,83,70,13,13
60019,96,92,4,4
60020,119,114,5,5
60021,72,62,10,10
60022,78,61,17,17
60023,106,83,23,23
60024,83,67,16,16
60025,71,58,13,13
60026,205,161,44,44
60027,59,57,2,2
60028,57,49,8,8
60029,90,79,11,11
60030,34,56,-22,22
60031,215,160,55,55
60032,85,79,6,6
60033,158,140,18,18
60034,136,115,21,21
60035,55,44,11,11
60036,119,103,16,16
60037,109,128,-19,19
60038,57,52,5,5
60039,92,76,16,16
60040,99,82,17,17
60041,95,83,12,12
60042,74,61,13,13
60043,84,72,12,12
60044,107,91,16,16
60045,78,67,11,11
60046,64,60,4,4
60047,66,66,0,0
60048,88,76,12,12
60049,135,107,28,28
60050,139,117,22,22
60051,126,131,-5,5
60052,82,71,11,11
60053,70,57,13,13
60054,81,79,2,2
60055,60,56,4,4
60056,56,49,7,7
60057,131,111,20,20
60058,59,56,3,3
60059,83,66,17,17
60060,145,126,19,19
60061,86,77,9,9
60062,102,91,11,11
60063,77,69,8,8
60064,136,109,27,27
60065,68,59,9,9
60066,81,68,13,13
60067,82,69,13,13
60068,85,73,12,12
60069,121,106,15,15
60070,69,62,7,7
60071,56,54,2,2
60072,170,144,26,26
60073,123,113,10,10
60074,71,62,9,9
60075,77,70,7,7
60076,140,120,20,20
60077,141,121,20,20
60078,98,86,12,12
60079,93,75,18,18
60080,69,72,-3,3
60081,104,92,12,12
60082,53,56,-3,3
60083,75,71,4,4
60084,120,106,14,14
60085,86,87,-1,1
60086,98,85,13,13
60087,84,75,9,9
60088,88,71,17,17
60089,113,100,13,13
60090,74,67,7,7
60091,91,77,14,14
60092,149,121,28,28
60093,82,72,10,10
60094,84,71,13,13
60095,195,168,27,27
60096,117,112,5,5
60097,120,112,8,8
60098,180,151,29,29
60099,80,79,1,1
60100,122,108,14,14
60101,135,116,19,19
60102,159,144,15,15
60103,107,97,10,10
60104,76,73,3,3
60105,85,76,9,9
60106,87,72,15,15
60107,88,73,15,15
60108,41,40,1,1
60109,78,66,12,12
60110,61,54,7,7
60111,87,76,11,11
60112,129,107,22,22
60113,84,74,10,10
60114,142,114,28,28
60115,126,117,9,9
60116,89,77,12,12
60117,74,60,14,14
60118,51,43,8,8
60119,141,115,26,26
60120,83,69,14,14
60121,120,142,-22,22
60122,144,126,18,18
60123,67,66,1,1
60124,82,76,6,6
60125,67,65,2,2
60126,85,74,11,11
60127,62,45,17,17
60128,106,94,12,12
60129,59,54,5,5
60130,73,62,11,11
60131,145,126,19,19
60132,65,57,8,8
60133,72,62,10,10
60134,118,98,20,20
60135,105,105,0,0
60136,71,63,8,8
60137,96,87,9,9
60138,111,94,17,17
60139,73,81,-8,8
60140,88,73,15,15
60141,210,184,26,26
60142,104,87,17,17
60143,76,62,14,14
60144,43,44,-1,1
60145,110,89,21,21
60146,93,74,19,19
60147,114,98,16,16
60148,190,167,23,23
60149,87,76,11,11
60150,85,67,18,18
60151,95,87,8,8
60152,97,105,-8,8
60153,58,53,5,5
60154,126,121,5,5
60155,145,117,28,28
60156,61,60,1,1
60157,113,88,25,25
60158,42,42,0,0
60159,108,90,18,18
60160,93,74,19,19
60161,157,139,18,18
60162,75,67,8,8
60163,59,58,1,1
60164,101,80,21,21
60165,83,70,13,13
60166,95,81,14,14
60167,100,89,11,11
60168,69,61,8,8
60169,108,100,8,8
60170,79,64,15,15
60171,105,91,14,14
60172,98,102,-4,4
60173,123,117,6,6
60174,103,92,11,11
60175,158,135,23,23
60176,98,86,12,12
60177,128,112,16,16
60178,54,47,7,7
60179,54,60,-6,6
60180,86,77,9,9
60181,119,107,12,12
60182,67,58,9,9
60183,114,101,13,13
60184,104,88,16,16
60185,81,75,6,6
60186,84,72,12,12
60187,86,74,12,12
60188,93,83,10,10
60189,75,63,12,12
60190,69,63,6,6
60191,96,79,17,17
60192,117,107,10,10
60193,164,136,28,28
60194,121,106,15,15
60195,93,79,14,14
60196,91,77,14,14
60197,144,126,18,18
60198,101,92,9,9
60199,135,108,27,27
60200,102,92,10,10
60201,83,76,7,7
60202,88,73,15,15
60203,101,95,6,6
60204,102,92,10,10
60205,102,100,2,2
60206,105,89,16,16
60207,99,95,4,4
60208,151,127,24,24
60209,67,66,1,1
60210,164,125,39,39
60211,85,76,9,9
60212,89,84,5,5
60213,59,53,6,6
60214,94,75,19,19
60215,123,105,18,18
60216,79,88,-9,9
60217,74,64,10,10
60218,176,152,24,24
60219,59,62,-3,3
60220,100,94,6,6
60221,123,112,11,11
60222,104,95,9,9
60223,145,136,9,9
60224,97,89,8,8
60225,175,148,27,27
60226,63,56,7,7
60227,124,122,2,2
60228,68,55,13,13
60229,139,118,21,21
60230,78,65,13,13
60231,79,61,18,18
60232,48,51,-3,3
60233,141,123,18,18
60234,136,111,25,25
60235,123,117,6,6
60236,85,77,8,8
60237,128,108,20,20
60238,97,79,18,18
60239,63,57,6,6
60240,141,132,9,9
60241,87,75,12,12
60242,93,91,2,2
60243,54,46,8,8
60244,133,106,27,27
60245,50,50,0,0
60246,71,63,8,8
60247,75,68,7,7
60248,165,149,16,16
60249,64,57,7,7
60250,95,76,19,19
60251,65,52,13,13
60252,106,91,15,15
60253,91,70,21,21
60254,70,69,1,1
60255,124,110,14,14
60256,48,49,-1,1
60257,74,66,8,8
60258,64,53,11,11
60259,104,90,14,14
60260,82,74,8,8
60261,82,75,7,7
60262,147,135,12,12
60263,123,93,30,30
60264,81,77,4,4
60265,146,134,12,12
60266,88,77,11,11
60267,78,69,9,9
60268,118,112,6,6
60269,160,139,21,21
60270,176,150,26,26
60271,133,107,26,26
60272,122,105,17,17
60273,74,71,3,3
60274,75,71,4,4
60275,116,105,11,11
60276,116,101,15,15
60277,126,109,17,17
60278,53,50,3,3
60279,58,72,-14,14
60280,169,149,20,20
60281,100,101,-1,1
60282,56,54,2,2
60283,63,62,1,1
60284,58,51,7,7
60285,56,60,-4,4
60286,131,124,7,7
60287,74,59,15,15
60288,143,121,22,22
60289,127,121,6,6
60290,98,88,10,10
60291,60,50,10,10
60292,65,70,-5,5
60293,76,61,15,15
60294,72,65,7,7
60295,83,72,11,11
60296,41,42,-1,1
60297,91,73,18,18
60298,125,115,10,10
60299,119,115,4,4
60300,92,74,18,18
60301,100,100,0,0
60302,125,107,18,18
60303,95,86,9,9
60304,108,92,16,16
60305,118,104,14,14
60306,124,122,2,2
60307,31,33,-2,2
60308,175,158,17,17
60309,122,110,12,12
60310,117,113,4,4
60311,30,44,-14,14
60312,184,153,31,31
60313,93,78,15,15
60314,98,87,11,11
60315,82,72,10,10
60316,91,78,13,13
60317,67,67,0,0
60318,103,68,35,35
60319,127,119,8,8
60320,64,57,7,7
60321,70,72,-2,2
60322,68,63,5,5
60323,87,89,-2,2
60324,103,90,13,13
60325,91,80,11,11
60326,77,65,12,12
60327,70,55,15,15
60328,90,84,6,6
60329,64,59,5,5
60330,53,50,3,3
60331,87,70,17,17
60332,112,90,22,22
60333,91,78,13,13
60334,132,120,12,12
60335,116,105,11,11
60336,99,94,5,5
60337,80,67,13,13
60338,125,115,10,10
60339,83,69,14,14
60340,123,116,7,7
60341,126,108,18,18
60342,114,105,9,9
60343,139,119,20,20
60344,135,128,7,7
60345,61,52,9,9
60346,70,68,2,2
60347,112,95,17,17
60348,79,69,10,10
60349,58,59,-1,1
60350,131,126,5,5
60351,154,133,21,21
60352,85,76,9,9
60353,116,94,22,22
60354,71,68,3,3
60355,62,66,-4,4
60356,72,69,3,3
60357,137,125,12,12
60358,152,138,14,14
60359,85,73,12,12
60360,63,58,5,5
60361,67,52,15,15
60362,108,103,5,5
60363,120,116,4,4
60364,103,90,13,13
60365,96,93,3,3
60366,108,100,8,8
60367,49,94,-45,45
60368,83,81,2,2
60369,91,75,16,16
60370,112,94,18,18
60371,148,125,23,23
60372,110,107,3,3
60373,90,80,10,10
60374,71,56,15,15
60375,95,95,0,0
60376,78,62,16,16
60377,102,96,6,6
60378,99,83,16,16
60379,71,65,6,6
60380,103,92,11,11
60381,75,69,6,6
60382,128,115,13,13
60383,37,38,-1,1
60384,82,69,13,13
60385,82,81,1,1
60386,105,97,8,8
60387,96,84,12,12
60388,57,46,11,11
60389,135,124,11,11
60390,87,77,10,10
60391,75,70,5,5
60392,75,75,0,0
60393,127,106,21,21
60394,105,95,10,10
60395,61,52,9,9
60396,66,85,-19,19
60397,140,122,18,18
60398,129,118,11,11
60399,150,120,30,30
60400,109,95,14,14
60401,115,112,3,3
60402,118,105,13,13
60403,58,52,6,6
60404,79,63,16,16
60405,28,27,1,1
60406,173,139,34,34
60407,89,84,5,5
60408,95,76,19,19
60409,71,70,1,1
60410,87,80,7,7
60411,77,64,13,13
60412,106,94,12,12
60413,88,79,9,9
60414,74,70,4,4
60415,66,71,-5,5
60416,64,71,-7,7
60417,115,108,7,7
60418,59,53,6,6
60419,142,115,27,27
60420,73,59,14,14
60421,138,117,21,21
60422,110,97,13,13
60423,81,80,1,1
60424,143,141,2,2
60425,137,110,27,27
60426,177,149,28,28
60427,100,92,8,8
60428,112,105,7,7
60429,136,127,9,9
60430,48,44,4,4
60431,112,119,-7,7
60432,115,103,12,12
60433,134,118,16,16
60434,97,95,2,2
60435,86,73,13,13
60436,115,96,19,19
60437,80,67,13,13
60438,157,134,23,23
60439,59,52,7,7
60440,118,106,12,12
60441,64,66,-2,2
60442,123,105,18,18
60443,70,68,2,2
60444,60,59,1,1
60445,76,71,5,5
60446,161,140,21,21
60447,129,125,4,4
60448,66,58,8,8
60449,104,87,17,17
60450,86,73,13,13
60451,53,48,5,5
60452,76,66,10,10
60453,202,163,39,39
60454,81,68,13,13
60455,136,122,14,14
60456,80,64,16,16
60457,54,52,2,2
60458,71,59,12,12
60459,37,39,-2,2
60460,92,77,15,15
60461,81,82,-1,1
60462,94,107,-13,13
60463,116,100,16,16
60464,89,83,6,6
60465,123,102,21,21
60466,95,82,13,13
60467,114,99,15,15
60468,134,124,10,10
60469,153,132,21,21
60470,82,71,11,11
60471,104,87,17,17
60472,101,94,7,7
60473,73,57,16,16
60474,121,112,9,9
60475,147,119,28,28
60476,70,68,2,2
60477,126,109,17,17
60478,284,222,62,62
60479,124,114,10,10
60480,107,94,13,13
60481,78,69,9,9
60482,116,103,13,13
60483,139,117,22,22
60484,127,111,16,16
60485,61,60,1,1
60486,56,53,3,3
60487,105,90,15,15
60488,68,66,2,2
60489,101,84,17,17
60490,64,53,11,11
60491,70,65,5,5
60492,129,114,15,15
60493,86,73,13,13
60494,71,61,10,10
60495,57,131,-74,74
60496,63,71,-8,8
60497,100,81,19,19
60498,138,129,9,9
60499,143,122,21,21
60500,123,108,15,15
60501,114,107,7,7
60502,69,62,7,7
60503,71,65,6,6
60504,65,49,16,16
60505,94,94,0,0
60506,73,70,3,3
60507,77,71,6,6
60508,68,64,4,4
60509,126,125,1,1
60510,133,113,20,20
60511,111,110,1,1
60512,80,72,8,8
60513,74,72,2,2
60514,91,79,12,12
60515,111,110,1,1
60516,100,89,11,11
60517,191,151,40,40
60518,124,99,25,25
60519,55,51,4,4
60520,113,93,20,20
60521,34,34,0,0
60522,108,89,19,19
60523,74,62,12,12
60524,163,129,34,34
60525,135,106,29,29
60526,86,91,-5,5
60527,122,105,17,17
60528,135,116,19,19
60529,68,77,-9,9
60530,75,65,10,10
60531,127,123,4,4
60532,65,61,4,4
60533,83,77,6,6
60534,103,84,19,19
60535,79,70,9,9
60536,77,67,10,10
60537,116,108,8,8
60538,123,105,18,18
60539,70,59,11,11
60540,66,63,3,3
60541,102,98,4,4
60542,108,115,-7,7
60543,64,50,14,14
60544,116,114,2,2
60545,154,141,13,13
60546,78,71,7,7
60547,97,90,7,7
60548,64,62,2,2
60549,109,97,12,12
60550,109,89,20,20
60551,110,106,4,4
60552,124,107,17,17
60553,50,46,4,4
60554,75,63,12,12
60555,112,106,6,6
60556,72,71,1,1
60557,113,99,14,14
60558,70,72,-2,2
60559,112,77,35,35
60560,71,62,9,9
60561,117,106,11,11
60562,88,75,13,13
60563,88,70,18,18
60564,96,76,20,20
60565,114,106,8,8
60566,46,51,-5,5
60567,82,77,5,5
60568,77,67,10,10
60569,68,73,-5,5
60570,79,79,0,0
60571,78,70,8,8
60572,48,45,3,3
60573,55,53,2,2
60574,110,100,10,10
60575,106,91,15,15
60576,88,71,17,17
60577,90,89,1,1
60578,84,80,4,4
60579,78,77,1,1
60580,108,104,4,4
60581,52,56,-4,4
60582,162,127,35,35
60583,46,44,2,2
60584,100,95,5,5
60585,95,82,13,13
60586,138,124,14,14
60587,53,50,3,3
60588,100,84,16,16
60589,93,81,12,12
60590,90,98,-8,8
60591,103,95,8,8
60592,92,75,17,17
60593,52,43,9,9
60594,104,95,9,9
60595,49,47,2,2
60596,82,70,12,12
60597,104,87,17,17
60598,167,147,20,20
60599,58,58,0,0
60600,79,72,7,7
60601,75,60,15,15
60602,70,67,3,3
60603,78,72,6,6
60604,70,64,6,6
60605,130,119,11,11
60606,90,85,5,5
60607,68,63,5,5
60608,97,92,5,5
60609,83,74,9,9
60610,51,52,-1,1
60611,70,67,3,3
60612,35,54,-19,19
60613,24,43,-19,19
60614,113,86,27,27
60615,133,113,20,20
60616,90,83,7,7
60617,84,73,11,11
60618,86,76,10,10
60619,63,56,7,7
60620,51,47,4,4
60621,153,129,24,24
60622,113,99,14,14
60623,47,45,2,2
60624,111,93,18,18
60625,67,57,10,10
60626,51,48,3,3
60627,57,59,-2,2
60628,67,53,14,14
60629,149,128,21,21
60630,71,63,8,8
60631,100,98,2,2
60632,94,87,7,7
60633,61,53,8,8
60634,100,81,19,19
60635,147,128,19,19
60636,92,82,10,10
60637,79,74,5,5
60638,95,87,8,8
60639,155,142,13,13
60640,88,72,16,16
60641,149,151,-2,2
60642,128,115,13,13
60643,73,54,19,19
60644,124,107,17,17
60645,78,72,6,6
60646,73,65,8,8
60647,104,89,15,15
60648,124,99,25,25
60649,65,61,4,4
60650,98,89,9,9
60651,100,87,13,13
60652,79,65,14,14
60653,216,170,46,46
60654,77,69,8,8
60655,64,68,-4,4
60656,43,42,1,1
60657,124,101,23,23
60658,87,77,10,10
60659,98,85,13,13
60660,91,78,13,13
60661,81,69,12,12
60662,109,107,2,2
60663,61,68,-7,7
60664,86,79,7,7
60665,126,108,18,18
60666,85,71,14,14
60667,94,102,-8,8
60668,68,61,7,7
60669,77,66,11,11
60670,72,65,7,7
60671,107,98,9,9
60672,83,74,9,9
60673,116,106,10,10
60674,59,52,7,7
60675,53,46,7,7
60676,137,122,15,15
60677,128,105,23,23
60678,97,86,11,11
60679,97,90,7,7
60680,75,65,10,10
60681,107,86,21,21
60682,96,82,14,14
60683,139,118,21,21
60684,62,56,6,6
60685,90,77,13,13
60686,104,98,6,6
60687,124,106,18,18
60688,107,98,9,9
60689,124,119,5,5
60690,105,88,17,17
60691,134,124,10,10
60692,122,104,18,18
60693,70,68,2,2
60694,152,137,15,15
60695,95,81,14,14
60696,67,78,-11,11
60697,109,91,18,18
60698,170,187,-17,17
60699,80,71,9,9
60700,88,74,14,14
60701,131,92,39,39
60702,84,70,14,14
60703,97,91,6,6
60704,149,115,34,34
60705,79,76,3,3
60706,93,94,-1,1
60707,81,74,7,7
60708,125,114,11,11
60709,82,71,11,11
60710,79,70,9,9
60711,65,50,15,15
60712,95,86,9,9
60713,111,107,4,4
60714,113,96,17,17
60715,119,109,10,10
60716,68,65,3,3
60717,135,102,33,33
60718,102,82,20,20
60719,96,99,-3,3
60720,107,98,9,9
60721,86,73,13,13
60722,158,121,37,37
60723,141,119,22,22
60724,129,120,9,9
60725,49,41,8,8
60726,149,130,19,19
60727,114,102,12,12
60728,40,37,3,3
60729,55,53,2,2
60730,85,71,14,14
60731,65,55,10,10
60732,97,94,3,3
60733,148,127,21,21
60734,141,117,24,24
60735,69,58,11,11
60736,80,72,8,8
60737,158,128,30,30
60738,75,71,4,4
60739,88,79,9,9
60740,110,93,17,17
60741,82,76,6,6
60742,58,60,-2,2
60743,76,66,10,10
60744,48,47,1,1
60745,106,83,23,23
60746,108,97,11,11
60747,191,157,34,34
60748,100,90,10,10
60749,58,53,5,5
60750,117,106,11,11
60751,233,173,60,60
60752,78,74,4,4
60753,83,69,14,14
60754,66,60,6,6
60755,55,49,6,6
60756,77,71,6,6
60757,102,88,14,14
60758,62,54,8,8
60759,71,62,9,9
60760,139,124,15,15
60761,132,122,10,10
60762,94,88,6,6
60763,107,101,6,6
60764,60,64,-4,4
60765,94,98,-4,4
60766,72,54,18,18
60767,86,75,11,11
60768,75,72,3,3
60769,87,77,10,10
60770,148,120,28,28
60771,120,99,21,21
60772,68,63,5,5
60773,81,67,14,14
60774,222,190,32,32
60775,68,59,9,9
60776,103,100,3,3
60777,133,103,30,30
60778,135,103,32,32
60779,97,84,13,13
60780,56,51,5,5
60781,73,64,9,9
60782,110,102,8,8
60783,116,104,12,12
60784,46,39,7,7
60785,119,102,17,17
60786,42,35,7,7
60787,71,74,-3,3
60788,80,61,19,19
60789,87,80,7,7
60790,73,67,6,6
60791,99,85,14,14
60792,36,38,-2,2
60793,70,61,9,9
60794,55,49,6,6
60795,104,91,13,13
60796,135,123,12,12
60797,103,86,17,17
60798,83,77,6,6
60799,87,68,19,19
60800,78,65,13,13
60801,68,69,-1,1
60802,70,69,1,1
60803,112,91,21,21
60804,99,89,10,10
60805,103,93,10,10
60806,87,76,11,11
60807,105,92,13,13
60808,94,85,9,9
60809,185,151,34,34
60810,167,147,20,20
60811,67,66,1,1
60812,98,72,26,26
60813,109,101,8,8
60814,139,124,15,15
60815,88,76,12,12
60816,117,100,17,17
60817,101,101,0,0
60818,124,120,4,4
60819,182,138,44,44
60820,198,153,45,45
60821,115,101,14,14
60822,92,84,8,8
60823,77,65,12,12
60824,104,93,11,11
60825,75,64,11,11
60826,93,74,19,19
60827,173,156,17,17
60828,121,112,9,9
60829,141,107,34,34
60830,66,73,-7,7
60831,72,61,11,11
60832,104,99,5,5
60833,103,89,14,14
60834,81,70,11,11
60835,122,89,33,33
60836,131,107,24,24
60837,58,54,4,4
60838,106,97,9,9
60839,119,98,21,21
60840,57,49,8,8
60841,77,67,10,10
60842,67,55,12,12
60843,85,74,11,11
60844,62,61,1,1
60845,140,123,17,17
60846,72,70,2,2
60847,125,113,12,12
60848,166,140,26,26
60849,133,111,22,22
60850,101,72,29,29
60851,156,134,22,22
60852,68,63,5,5
60853,70,63,7,7
60854,127,110,17,17
60855,89,74,15,15
60856,111,89,22,22
60857,154,120,34,34
60858,91,78,13,13
60859,59,55,4,4
60860,105,93,12,12
60861,108,112,-4,4
60862,87,87,0,0
60863,143,121,22,22
60864,88,77,11,11
60865,83,77,6,6
60866,105,87,18,18
60867,96,90,6,6
60868,95,80,15,15
60869,104,100,4,4
60870,97,102,-5,5
60871,111,103,8,8
60872,93,78,15,15
60873,54,47,7,7
60874,90,84,6,6
60875,52,47,5,5
60876,85,78,7,7
60877,114,101,13,13
60878,152,142,10,10
60879,79,66,13,13
60880,118,111,7,7
60881,85,68,17,17
60882,94,78,16,16
60883,49,48,1,1
60884,56,52,4,4
60885,156,129,27,27
60886,55,45,10,10
60887,116,101,15,15
60888,84,76,8,8
60889,105,92,13,13
60890,122,104,18,18
60891,80,77,3,3
60892,89,69,20,20
60893,117,98,19,19
60894,50,44,6,6
60895,65,63,2,2
60896,115,107,8,8
60897,78,68,10,10
60898,112,104,8,8
60899,84,70,14,14
60900,144,132,12,12
60901,95,80,15,15
60902,125,114,11,11
60903,115,116,-1,1
60904,76,67,9,9
60905,119,104,15,15
60906,133,136,-3,3
60907,90,74,16,16
60908,112,97,15,15
60909,76,64,12,12
60910,147,127,20,20
60911,55,52,3,3
60912,131,107,24,24
60913,116,96,20,20
60914,84,73,11,11
60915,72,65,7,7
60916,73,67,6,6
60917,43,44,-1,1
60918,73,65,8,8
60919,82,81,1,1
60920,56,55,1,1
60921,99,81,18,18
60922,105,100,5,5
60923,79,81,-2,2
60924,138,112,26,26
60925,111,105,6,6
60926,36,38,-2,2
60927,138,118,20,20
60928,89,84,5,5
60929,93,73,20,20
60930,132,121,11,11
60931,108,90,18,18
60932,66,60,6,6
60933,71,63,8,8
60934,65,57,8,8
60935,200,169,31,31
60936,72,95,-23,23
60937,232,203,29,29
60938,75,67,8,8
60939,186,147,39,39
60940,125,106,19,19
60941,95,93,2,2
60942,203,144,59,59
60943,176,141,35,35
60944,129,115,14,14
60945,76,67,9,9
60946,143,127,16,16
60947,49,46,3,3
60948,92,80,12,12
60949,92,81,11,11
60950,75,76,-1,1
60951,105,85,20,20
60952,155,120,35,35
60953,95,90,5,5
60954,86,84,2,2
60955,132,110,22,22
60956,46,45,1,1
60957,69,66,3,3
60958,58,63,-5,5
60959,140,118,22,22
60960,70,59,11,11
60961,89,81,8,8
60962,84,62,22,22
60963,124,108,16,16
60964,71,65,6,6
60965,127,112,15,15
60966,69,61,8,8
60967,111,92,19,19
60968,125,114,11,11
60969,85,81,4,4
60970,76,69,7,7
60971,85,80,5,5
60972,55,50,5,5
60973,92,82,10,10
60974,182,148,34,34
60975,89,76,13,13
60976,102,87,15,15
60977,113,103,10,10
60978,131,122,9,9
60979,133,125,8,8
60980,98,84,14,14
60981,154,121,33,33
60982,99,86,13,13
60983,114,100,14,14
60984,110,94,16,16
60985,125,97,28,28
60986,52,59,-7,7
60987,42,36,6,6
60988,80,66,14,14
60989,83,73,10,10
60990,143,123,20,20
60991,56,53,3,3
60992,131,113,18,18
60993,112,114,-2,2
60994,110,98,12,12
60995,104,87,17,17
60996,71,64,7,7
60997,36,35,1,1
60998,57,55,2,2
60999,72,72,0,0
61000,119,93,26,26
61001,194,161,33,33
61002,107,89,18,18
61003,123,110,13,13
61004,87,74,13,13
61005,157,135,22,22
61006,75,67,8,8
61007,94,84,10,10
61008,85,77,8,8
61009,85,81,4,4
61010,44,43,1,1
61011,78,73,5,5
61012,97,72,25,25
61013,34,46,-12,12
61014,38,35,3,3
61015,93,79,14,14
61016,113,97,16,16
61017,130,110,20,20
61018,46,40,6,6
61019,94,89,5,5
61020,144,119,25,25
61021,60,54,6,6
61022,110,99,11,11
61023,78,71,7,7
61024,172,151,21,21
61025,117,117,0,0
61026,60,65,-5,5
61027,114,90,24,24
61028,136,131,5,5
61029,130,123,7,7
61030,140,119,21,21
61031,58,57,1,1
61032,87,74,13,13
61033,154,129,25,25
61034,84,74,10,10
61035,78,65,13,13
61036,224,242,-18,18
61037,77,65,12,12
61038,114,100,14,14
61039,64,60,4,4
61040,145,125,20,20
61041,62,54,8,8
61042,123,111,12,12
61043,126,113,13,13
61044,59,63,-4,4
61045,59,61,-2,2
61046,65,70,-5,5
61047,81,77,4,4
61048,104,83,21,21
61049,94,86,8,8
61050,131,117,14,14
61051,60,51,9,9
61052,111,91,20,20
61053,159,129,30,30
61054,145,129,16,16
61055,67,57,10,10
61056,114,97,17,17
61057,82,71,11,11
61058,93,85,8,8
61059,53,54,-1,1
61060,83,81,2,2
61061,101,93,8,8
61062,112,114,-2,2
61063,71,55,16,16
61064,86,71,15,15
61065,49,89,-40,40
61066,59,51,8,8
61067,125,104,21,21
61068,157,141,16,16
61069,90,84,6,6
61070,160,147,13,13
61071,128,98,30,30
61072,78,73,5,5
61073,153,136,17,17
61074,87,94,-7,7
61075,133,116,17,17
61076,96,88,8,8
61077,88,88,0,0
61078,69,70,-1,1
61079,150,143,7,7
61080,134,111,23,23
61081,122,108,14,14
61082,91,79,12,12
61083,156,129,27,27
61084,76,68,8,8
61085,44,42,2,2
61086,117,109,8,8
61087,110,98,12,12
61088,101,76,25,25
61089,81,69,12,12
61090,52,46,6,6
61091,164,144,20,20
61092,40,39,1,1
61093,80,76,4,4
61094,129,108,21,21
61095,131,109,22,22
61096,87,80,7,7
61097,79,67,12,12
61098,110,95,15,15
61099,120,101,19,19
61100,100,106,-6,6
61101,113,100,13,13
61102,97,106,-9,9
61103,75,64,11,11
61104,85,84,1,1
61105,49,44,5,5
61106,103,104,-1,1
61107,177,151,26,26
61108,94,85,9,9
61109,130,112,18,18
61110,72,67,5,5
61111,158,137,21,21
61112,47,45,2,2
61113,74,75,-1,1
61114,101,96,5,5
61115,51,53,-2,2
61116,83,74,9,9
61117,142,127,15,15
61118,58,57,1,1
61119,83,76,7,7
61120,45,40,5,5
61121,138,119,19,19
61122,152,129,23,23
61123,101,94,7,7
61124,77,62,15,15
61125,52,69,-17,17
61126,89,73,16,16
61127,149,124,25,25
61128,78,62,16,16
61129,146,128,18,18
61130,122,113,9,9
61131,88,71,17,17
61132,131,119,12,12
61133,67,61,6,6
61134,107,85,22,22
61135,139,131,8,8
61136,164,137,27,27
61137,134,115,19,19
61138,71,63,8,8
61139,87,71,16,16
61140,68,63,5,5
61141,56,95,-39,39
61142,118,109,9,9
61143,101,92,9,9
61144,75,70,5,5
61145,127,126,1,1
61146,85,78,7,7
61147,57,61,-4,4
61148,37,42,-5,5
61149,116,103,13,13
61150,108,93,15,15
61151,137,120,17,17
61152,58,53,5,5
61153,67,77,-10,10
61154,106,96,10,10
61155,132,106,26,26
61156,102,84,18,18
61157,115,107,8,8
61158,85,75,10,10
61159,107,98,9,9
61160,49,48,1,1
61161,139,138,1,1
61162,126,118,8,8
61163,135,127,8,8
61164,69,57,12,12
61165,88,73,15,15
61166,117,102,15,15
61167,77,64,13,13
61168,51,51,0,0
61169,92,95,-3,3
61170,80,78,2,2
61171,82,73,9,9
61172,157,138,19,19
61173,83,74,9,9
61174,136,111,25,25
61175,147,123,24,24
61176,49,46,3,3
61177,86,75,11,11
61178,125,104,21,21
61179,73,61,12,12
61180,99,100,-1,1
61181,102,95,7,7
61182,101,91,10,10
61183,109,89,20,20
61184,126,111,15,15
61185,142,112,30,30
61186,62,55,7,7
61187,113,100,13,13
61188,149,115,34,34
61189,61,56,5,5
61190,66,65,1,1
61191,122,105,17,17
61192,89,81,8,8
61193,76,70,6,6
61194,74,76,-2,2
61195,61,59,2,2
61196,44,46,-2,2
61197,107,110,-3,3
61198,104,87,17,17
61199,109,99,10,10
61200,140,115,25,25
61201,43,45,-2,2
61202,40,39,1,1
61203,223,173,50,50
61204,95,82,13,13
61205,47,46,1,1
61206,71,58,13,13
61207,121,95,26,26
61208,119,110,9,9
61209,135,121,14,14
61210,78,64,14,14
61211,96,78,18,18
61212,71,66,5,5
61213,71,72,-1,1
61214,108,115,-7,7
61215,64,55,9,9
61216,169,164,5,5
61217,80,71,9,9
61218,78,70,8,8
61219,100,85,15,15
61220,90,78,12,12
61221,108,91,17,17
61222,84,78,6,6
61223,150,129,21,21
61224,91,97,-6,6
61225,55,58,-3,3
61226,83,73,10,10
61227,119,141,-22,22
61228,86,77,9,9
61229,101,95,6,6
61230,89,76,13,13
61231,80,77,3,3
61232,116,97,19,19
61233,146,135,11,11
61234,64,66,-2,2
61235,175,150,25,25
61236,139,124,15,15
61237,79,66,13,13
61238,120,104,16,16
61239,84,82,2,2
61240,132,121,11,11
61241,71,65,6,6
61242,104,84,20,20
61243,60,56,4,4
61244,171,136,35,35
61245,93,83,10,10
61246,132,116,16,16
61247,55,50,5,5
61248,74,53,21,21
61249,126,100,26,26
61250,75,69,6,6
61251,45,51,-6,6
61252,95,83,12,12
61253,154,125,29,29
61254,143,118,25,25
61255,111,100,11,11
61256,97,91,6,6
61257,203,198,5,5
61258,42,36,6,6
61259,49,44,5,5
61260,111,99,12,12
61261,76,59,17,17
61262,79,67,12,12
61263,70,70,0,0
61264,57,51,6,6
61265,60,47,13,13
61266,119,110,9,9
61267,76,71,5,5
61268,72,61,11,11
61269,124,98,26,26
61270,138,104,34,34
61271,118,106,12,12
61272,119,101,18,18
61273,94,72,22,22
61274,113,120,-7,7
61275,69,76,-7,7
61276,106,89,17,17
61277,41,44,-3,3
61278,88,74,14,14
61279,124,122,2,2
61280,51,50,1,1
61281,70,70,0,0
61282,112,100,12,12
61283,100,87,13,13
61284,143,122,21,21
61285,87,86,1,1
61286,61,57,4,4
61287,64,62,2,2
61288,130,115,15,15
61289,81,71,10,10
61290,73,58,15,15
61291,47,42,5,5
61292,99,103,-4,4
61293,95,82,13,13
61294,105,96,9,9
61295,126,115,11,11
61296,108,90,18,18
61297,67,63,4,4
61298,72,71,1,1
61299,65,55,10,10
61300,109,96,13,13
61301,52,49,3,3
61302,122,103,19,19
61303,59,55,4,4
61304,117,117,0,0
61305,79,65,14,14
61306,46,42,4,4
61307,64,65,-1,1
61308,71,74,-3,3
61309,60,54,6,6
61310,70,62,8,8
61311,114,100,14,14
61312,101,93,8,8
61313,138,125,13,13
61314,98,80,18,18
61315,92,87,5,5
61316,196,167,29,29
61317,109,101,8,8
61318,55,47,8,8
61319,166,148,18,18
61320,68,64,4,4
61321,61,56,5,5
61322,79,72,7,7
61323,86,72,14,14
61324,90,76,14,14
61325,128,110,18,18
61326,102,94,8,8
61327,118,99,19,19
61328,86,75,11,11
61329,105,94,11,11
61330,78,69,9,9
61331,96,86,10,10
61332,38,40,-2,2
61333,96,87,9,9
61334,123,110,13,13
61335,85,71,14,14
61336,117,96,21,21
61337,78,98,-20,20
61338,131,120,11,11
61339,82,74,8,8
61340,87,81,6,6
61341,81,73,8,8
61342,59,50,9,9
61343,84,75,9,9
61344,89,85,4,4
61345,65,58,7,7
61346,131,120,11,11
61347,55,52,3,3
61348,66,49,17,17
61349,74,65,9,9
61350,84,62,22,22
61351,110,94,16,16
61352,63,67,-4,4
61353,97,75,22,22
61354,55,59,-4,4
61355,94,86,8,8
61356,148,131,17,17
61357,110,87,23,23
61358,161,140,21,21
61359,139,118,21,21
61360,63,63,0,0
61361,120,105,15,15
61362,79,74,5,5
61363,131,120,11,11
61364,150,121,29,29
61365,80,72,8,8
61366,37,34,3,3
61367,116,105,11,11
61368,82,71,11,11
61369,130,114,16,16
61370,68,67,1,1
61371,86,73,13,13
61372,90,73,17,17
61373,57,50,7,7
61374,149,125,24,24
61375,79,74,5,5
61376,126,112,14,14
61377,120,119,1,1
61378,197,164,33,33
61379,62,54,8,8
61380,88,77,11,11
61381,144,121,23,23
61382,99,79,20,20
61383,101,106,-5,5
61384,111,92,19,19
61385,61,56,5,5
61386,85,72,13,13
61387,96,84,12,12
61388,125,112,13,13
61389,107,89,18,18
61390,136,111,25,25
61391,148,129,19,19
61392,98,92,6,6
61393,66,56,10,10
61394,95,69,26,26
61395,107,84,23,23
61396,47,50,-3,3
61397,78,70,8,8
61398,81,69,12,12
61399,72,66,6,6
61400,84,85,-1,1
61401,145,136,9,9
61402,77,68,9,9
61403,90,74,16,16
61404,131,108,23,23
61405,91,75,16,16
61406,38,57,-19,19
61407,94,82,12,12
61408,111,99,12,12
61409,145,128,17,17
61410,84,75,9,9
61411,87,68,19,19
61412,115,96,19,19
61413,95,78,17,17
61414,144,120,24,24
61415,90,76,14,14
61416,101,86,15,15
61417,91,82,9,9
61418,190,168,22,22
61419,80,74,6,6
61420,167,137,30,30
61421,83,67,16,16
61422,66,59,7,7
61423,50,47,3,3
61424,111,100,11,11
61425,83,83,0,0
61426,72,61,11,11
61427,73,62,11,11
61428,79,75,4,4
61429,66,64,2,2
61430,83,72,11,11
61431,262,223,39,39
61432,108,105,3,3
61433,117,102,15,15
61434,98,75,23,23
61435,85,79,6,6
61436,63,56,7,7
61437,190,163,27,27
61438,85,75,10,10
61439,123,104,19,19
61440,144,126,18,18
61441,75,67,8,8
61442,97,83,14,14
61443,85,67,18,18
61444,69,60,9,9
61445,77,71,6,6
61446,61,58,3,3
61447,75,66,9,9
61448,97,107,-10,10
61449,70,63,7,7
61450,85,75,10,10
61451,61,59,2,2
61452,77,65,12,12
61453,58,57,1,1
61454,83,69,14,14
61455,91,84,7,7
61456,53,53,0,0
61457,55,46,9,9
61458,87,79,8,8
61459,80,76,4,4
61460,53,55,-2,2
61461,133,112,21,21
61462,90,86,4,4
61463,60,59,1,1
61464,68,61,7,7
61465,66,51,15,15
61466,112,103,9,9
61467,139,123,16,16
61468,50,46,4,4
61469,120,109,11,11
61470,77,70,7,7
61471,81,63,18,18
61472,87,73,14,14
61473,43,41,2,2
61474,68,56,12,12
61475,58,49,9,9
61476,120,110,10,10
61477,114,94,20,20
61478,173,143,30,30
61479,62,59,3,3
61480,115,96,19,19
61481,213,174,39,39
61482,108,96,12,12
61483,53,59,-6,6
61484,85,69,16,16
61485,119,106,13,13
61486,74,71,3,3
61487,93,79,14,14
61488,72,62,10,10
61489,104,79,25,25
61490,88,80,8,8
61491,56,58,-2,2
61492,139,120,19,19
61493,110,101,9,9
61494,93,74,19,19
61495,54,42,12,12
61496,83,80,3,3
61497,73,61,12,12
61498,202,161,41,41
61499,95,85,10,10
61500,51,54,-3,3
61501,141,112,29,29
61502,130,113,17,17
61503,89,86,3,3
61504,67,61,6,6
61505,92,79,13,13
61506,138,133,5,5
61507,50,45,5,5
61508,85,69,16,16
61509,118,91,27,27
61510,84,73,11,11
61511,95,80,15,15
61512,92,87,5,5
61513,141,136,5,5
61514,94,88,6,6
61515,117,109,8,8
61516,82,61,21,21
61517,73,70,3,3
61518,108,88,20,20
61519,93,94,-1,1
61520,156,142,14,14
61521,84,76,8,8
61522,106,84,22,22
61523,91,86,5,5
61524,88,79,9,9
61525,78,64,14,14
61526,136,119,17,17
61527,59,60,-1,1
61528,94,92,2,2
61529,100,90,10,10
61530,144,123,21,21
61531,89,99,-10,10
61532,67,63,4,4
61533,28,31,-3,3
61534,114,101,13,13
61535,123,119,4,4
61536,85,66,19,19
61537,77,68,9,9
61538,89,96,-7,7
61539,90,78,12,12
61540,80,75,5,5
61541,114,106,8,8
61542,46,41,5,5
61543,123,104,19,19
61544,132,115,17,17
61545,106,106,0,0
61546,93,86,7,7
61547,100,110,-10,10
61548,82,68,14,14
61549,170,158,12,12
61550,103,107,-4,4
61551,60,54,6,6
61552,101,103,-2,2
61553,101,87,14,14
61554,106,89,17,17
61555,53,57,-4,4
61556,45,41,4,4
61557,102,106,-4,4
61558,74,62,12,12
61559,107,104,3,3
61560,95,86,9,9
61561,96,80,16,16
61562,100,86,14,14
61563,40,47,-7,7
61564,85,71,14,14
61565,59,54,5,5
61566,107,90,17,17
61567,157,134,23,23
61568,72,66,6,6
61569,104,84,20,20
61570,53,56,-3,3
61571,131,115,16,16
61572,147,123,24,24
61573,80,69,11,11
61574,135,120,15,15
61575,119,98,21,21
61576,128,110,18,18
61577,126,108,18,18
61578,91,73,18,18
61579,102,81,21,21
61580,55,56,-1,1
61581,69,63,6,6
61582,57,57,0,0
61583,53,52,1,1
61584,109,85,24,24
61585,106,80,26,26
61586,106,97,9,9
61587,128,106,22,22
61588,84,72,12,12
61589,73,65,8,8
61590,137,101,36,36
61591,96,86,10,10
61592,106,93,13,13
61593,119,107,12,12
61594,113,103,10,10
61595,138,120,18,18
61596,52,49,3,3
61597,115,99,16,16
61598,66,61,5,5
61599,114,105,9,9
61600,46,51,-5,5
61601,108,94,14,14
61602,85,69,16,16
61603,67,57,10,10
61604,66,55,11,11
61605,76,73,3,3
61606,93,79,14,14
61607,145,140,5,5
61608,122,103,19,19
61609,88,74,14,14
61610,59,55,4,4
61611,77,68,9,9
61612,84,77,7,7
61613,71,68,3,3
61614,93,77,16,16
61615,71,62,9,9
61616,40,44,-4,4
61617,165,139,26,26
61618,104,94,10,10
61619,54,46,8,8
61620,46,39,7,7
61621,70,61,9,9
61622,51,49,2,2
61623,86,73,13,13
61624,86,73,13,13
61625,90,77,13,13
61626,160,144,16,16
61627,119,104,15,15
61628,78,75,3,3
61629,112,111,1,1
61630,89,77,12,12
61631,96,90,6,6
61632,96,87,9,9
61633,96,88,8,8
61634,33,34,-1,1
61635,78,68,10,10
61636,65,52,13,13
61637,69,65,4,4
61638,85,78,7,7
61639,71,57,14,14
61640,119,97,22,22
61641,100,86,14,14
61642,102,91,11,11
61643,96,77,19,19
61644,77,65,12,12
61645,91,85,6,6
61646,175,146,29,29
61647,96,88,8,8
61648,133,113,20,20
61649,107,112,-5,5
61650,98,82,16,16
61651,94,88,6,6
61652,67,62,5,5
61653,116,110,6,6
61654,73,71,2,2
61655,83,65,18,18
61656,75,69,6,6
61657,109,109,0,0
61658,143,133,10,10
61659,84,77,7,7
61660,79,74,5,5
61661,104,92,12,12
61662,44,39,5,5
61663,53,42,11,11
61664,108,95,13,13
61665,86,82,4,4
61666,119,108,11,11
61667,56,35,21,21
61668,88,82,6,6
61669,118,108,10,10
61670,102,92,10,10
61671,49,43,6,6
61672,99,86,13,13
61673,105,162,-57,57
61674,131,102,29,29
61675,78,64,14,14
61676,99,85,14,14
61677,23,23,0,0
61678,126,111,15,15
61679,92,80,12,12
61680,85,83,2,2
61681,61,57,4,4
61682,137,127,10,10
61683,74,68,6,6
61684,129,111,18,18
61685,156,141,15,15
61686,72,61,11,11
61687,151,123,28,28
61688,72,60,12,12
61689,81,78,3,3
61690,128,107,21,21
61691,136,111,25,25
61692,111,103,8,8
61693,150,135,15,15
61694,79,73,6,6
61695,124,109,15,15
61696,133,113,20,20
61697,106,104,2,2
61698,71,66,5,5
61699,69,59,10,10
61700,105,104,1,1
61701,60,52,8,8
61702,97,85,12,12
61703,129,123,6,6
61704,70,63,7,7
61705,137,130,7,7
61706,110,88,22,22
61707,97,84,13,13
61708,149,151,-2,2
61709,63,58,5,5
61710,71,66,5,5
61711,108,90,18,18
61712,127,112,15,15
61713,92,88,4,4
61714,41,39,2,2
61715,87,75,12,12
61716,95,83,12,12
61717,58,57,1,1
61718,103,101,2,2
61719,106,95,11,11
61720,100,94,6,6
61721,49,50,-1,1
61722,103,102,1,1
61723,147,140,7,7
61724,110,96,14,14
61725,121,128,-7,7
61726,66,58,8,8
61727,66,60,6,6
61728,75,66,9,9
61729,127,122,5,5
61730,96,83,13,13
61731,179,146,33,33
61732,153,137,16,16
61733,89,71,18,18
61734,111,101,10,10
61735,124,96,28,28
61736,86,66,20,20
61737,98,96,2,2
61738,82,73,9,9
61739,138,108,30,30
61740,98,77,21,21
61741,187,160,27,27
61742,141,119,22,22
61743,72,69,3,3
61744,110,94,16,16
61745,87,83,4,4
61746,60,54,6,6
61747,71,65,6,6
61748,123,116,7,7
61749,57,55,2,2
61750,113,107,6,6
61751,148,132,16,16
61752,73,66,7,7
61753,62,62,0,0
61754,108,113,-5,5
61755,105,91,14,14
61756,152,110,42,42
61757,51,48,3,3
61758,127,111,16,16
61759,31,38,-7,7
61760,68,60,8,8
61761,163,134,29,29
61762,160,133,27,27
61763,73,69,4,4
61764,43,40,3,3
61765,102,90,12,12
61766,91,96,-5,5
61767,136,106,30,30
61768,92,77,15,15
61769,60,56,4,4
61770,45,46,-1,1
61771,111,92,19,19
61772,95,91,4,4
61773,100,88,12,12
61774,139,129,10,10
61775,99,81,18,18
61776,68,64,4,4
61777,55,49,6,6
61778,110,87,23,23
61779,67,67,0,0
61780,103,90,13,13
61781,115,102,13,13
61782,131,129,2,2
61783,106,101,5,5
61784,154,136,18,18
61785,104,103,1,1
61786,91,77,14,14
61787,139,129,10,10
61788,56,53,3,3
61789,139,120,19,19
61790,72,58,14,14
61791,144,126,18,18
61792,112,99,13,13
61793,68,59,9,9
61794,88,78,10,10
61795,79,81,-2,2
61796,104,98,6,6
61797,54,47,7,7
61798,111,91,20,20
61799,87,78,9,9
61800,185,157,28,28
61801,92,79,13,13
61802,68,67,1,1
61803,91,78,13,13
61804,84,69,15,15
61805,82,72,10,10
61806,126,110,16,16
61807,71,65,6,6
61808,72,59,13,13
61809,137,124,13,13
61810,61,62,-1,1
61811,106,96,10,10
61812,59,49,10,10
61813,77,65,12,12
61814,149,116,33,33
61815,63,59,4,4
61816,66,63,3,3
61817,105,91,14,14
61818,85,74,11,11
61819,109,86,23,23
61820,81,76,5,5
61821,60,56,4,4
61822,40,41,-1,1
61823,95,79,16,16
61824,110,89,21,21
61825,68,58,10,10
61826,67,61,6,6
61827,76,68,8,8
61828,188,162,26,26
61829,59,53,6,6
61830,131,107,24,24
61831,108,95,13,13
61832,114,106,8,8
61833,108,95,13,13
61834,104,88,16,16
61835,94,85,9,9
61836,47,43,4,4
61837,77,61,16,16
61838,80,75,5,5
61839,96,85,11,11
61840,103,93,10,10
61841,109,99,10,10
61842,66,67,-1,1
61843,98,81,17,17
61844,126,99,27,27
61845,97,101,-4,4
61846,99,86,13,13
61847,107,95,12,12
61848,129,117,12,12
61849,87,81,6,6
61850,69,61,8,8
61851,115,95,20,20
61852,99,91,8,8
61853,99,84,15,15
61854,155,150,5,5
61855,121,103,18,18
61856,123,116,7,7
61857,91,80,11,11
61858,68,70,-2,2
61859,118,96,22,22
61860,98,91,7,7
61861,108,94,14,14
61862,112,99,13,13
61863,80,66,14,14
61864,92,121,-29,29
61865,116,98,18,18
61866,56,55,1,1
61867,127,114,13,13
61868,50,50,0,0
61869,121,98,23,23
61870,157,136,21,21
61871,78,67,11,11
61872,85,69,16,16
61873,142,126,16,16
61874,42,42,0,0
61875,62,59,3,3
61876,61,59,2,2
61877,75,69,6,6
61878,82,75,7,7
61879,107,92,15,15
61880,130,119,11,11
61881,64,63,1,1
61882,75,64,11,11
61883,109,93,16,16
61884,65,66,-1,1
61885,112,102,10,10
61886,88,83,5,5
61887,140,118,22,22
61888,132,113,19,19
61889,108,100,8,8
61890,92,69,23,23
61891,63,55,8,8
61892,48,46,2,2
61893,144,108,36,36
61894,104,91,13,13
61895,107,90,17,17
61896,52,60,-8,8
61897,73,67,6,6
61898,44,42,2,2
61899,120,102,18,18
61900,87,75,12,12
61901,110,106,4,4
61902,73,66,7,7
61903,79,78,1,1
61904,57,55,2,2
61905,68,64,4,4
61906,81,87,-6,6
61907,63,55,8,8
61908,41,36,5,5
61909,71,57,14,14
61910,106,99,7,7
61911,105,83,22,22
61912,183,135,48,48
61913,111,105,6,6
61914,137,118,19,19
61915,51,52,-1,1
61916,40,37,3,3
61917,70,71,-1,1
61918,120,104,16,16
61919,57,57,0,0
61920,66,56,10,10
61921,140,111,29,29
61922,71,69,2,2
61923,96,82,14,14
61924,108,98,10,10
61925,134,133,1,1
61926,97,88,9,9
61927,44,40,4,4
61928,49,45,4,4
61929,63,54,9,9
61930,97,91,6,6
61931,38,35,3,3
61932,68,59,9,9
61933,114,94,20,20
61934,105,98,7,7
61935,36,35,1,1
61936,69,56,13,13
61937,101,90,11,11
61938,155,129,26,26
61939,53,61,-8,8
61940,151,128,23,23
61941,65,56,9,9
61942,64,59,5,5
61943,181,148,33,33
61944,110,102,8,8
61945,93,85,8,8
61946,183,155,28,28
61947,94,81,13,13
61948,91,80,11,11
61949,105,101,4,4
61950,51,48,3,3
61951,76,66,10,10
61952,60,64,-4,4
61953,72,62,10,10
61954,108,94,14,14
61955,119,105,14,14
61956,98,100,-2,2
61957,119,97,22,22
61958,122,106,16,16
61959,90,81,9,9
61960,55,51,4,4
61961,62,52,10,10
61962,41,48,-7,7
61963,86,74,12,12
61964,58,56,2,2
61965,159,145,14,14
61966,84,77,7,7
61967,101,89,12,12
61968,107,87,20,20
61969,150,131,19,19
61970,105,98,7,7
61971,83,75,8,8
61972,78,79,-1,1
61973,51,47,4,4
61974,83,82,1,1
61975,111,102,9,9
61976,116,113,3,3
61977,124,90,34,34
61978,116,100,16,16
61979,133,115,18,18
61980,143,123,20,20
61981,102,93,9,9
61982,94,86,8,8
61983,66,59,7,7
61984,76,74,2,2
61985,108,90,18,18
61986,69,56,13,13
61987,90,70,20,20
61988,65,65,0,0
61989,157,143,14,14
61990,81,67,14,14
61991,116,109,7,7
61992,94,84,10,10
61993,98,101,-3,3
61994,149,127,22,22
61995,87,79,8,8
61996,124,113,11,11
61997,121,108,13,13
61998,157,130,27,27
61999,100,85,15,15
62000,129,118,11,11
62001,97,85,12,12
62002,57,51,6,6
62003,108,93,15,15
62004,64,53,11,11
62005,195,157,38,38
62006,81,69,12,12
62007,92,80,12,12
62008,139,132,7,7
62009,67,59,8,8
62010,78,78,0,0
62011,56,54,2,2
62012,90,78,12,12
62013,69,65,4,4
62014,109,90,19,19
62015,67,61,6,6
62016,65,63,2,2
62017,67,69,-2,2
62018,128,103,25,25
62019,101,86,15,15
62020,103,92,11,11
62021,66,57,9,9
62022,78,72,6,6
62023,121,104,17,17
62024,99,95,4,4
62025,69,55,14,14
62026,64,59,5,5
62027,66,59,7,7
62028,76,69,7,7
62029,91,82,9,9
62030,49,51,-2,2
62031,222,168,54,54
62032,71,57,14,14
62033,155,138,17,17
62034,80,72,8,8
62035,94,69,25,25
62036,70,59,11,11
62037,106,95,11,11
62038,81,76,5,5
62039,90,72,18,18
62040,73,66,7,7
62041,65,55,10,10
62042,71,68,3,3
62043,140,110,30,30
62044,109,103,6,6
62045,72,63,9,9
62046,95,95,0,0
62047,92,76,16,16
62048,104,101,3,3
62049,74,66,8,8
62050,102,92,10,10
62051,75,72,3,3
62052,100,85,15,15
62053,111,105,6,6
62054,52,45,7,7
62055,79,65,14,14
62056,99,85,14,14
62057,140,130,10,10
62058,181,167,14,14
62059,106,92,14,14
62060,59,47,12,12
62061,129,110,19,19
62062,95,102,-7,7
62063,50,49,1,1
62064,71,61,10,10
62065,46,52,-6,6
62066,103,97,6,6
62067,82,75,7,7
62068,114,96,18,18
62069,114,101,13,13
62070,92,84,8,8
62071,74,70,4,4
62072,102,93,9,9
62073,104,91,13,13
62074,86,73,13,13
62075,51,63,-12,12
62076,86,73,13,13
62077,78,72,6,6
62078,99,94,5,5
62079,95,77,18,18
62080,82,75,7,7
62081,111,101,10,10
62082,129,102,27,27
62083,90,100,-10,10
62084,139,118,21,21
62085,72,72,0,0
62086,55,53,2,2
62087,165,139,26,26
62088,115,105,10,10
62089,61,64,-3,3
62090,84,70,14,14
62091,136,122,14,14
62092,83,69,14,14
62093,27,50,-23,23
62094,108,98,10,10
62095,147,120,27,27
62096,120,109,11,11
62097,73,86,-13,13
62098,60,61,-1,1
62099,123,113,10,10
62100,89,81,8,8
62101,73,58,15,15
62102,64,60,4,4
62103,62,57,5,5
62104,100,85,15,15
62105,100,80,20,20
62106,48,56,-8,8
62107,119,100,19,19
62108,53,51,2,2
62109,142,132,10,10
62110,58,54,4,4
62111,100,103,-3,3
62112,77,68,9,9
62113,71,77,-6,6
62114,126,113,13,13
62115,50,47,3,3
62116,205,155,50,50
62117,60,58,2,2
62118,91,82,9,9
62119,70,68,2,2
62120,90,85,5,5
62121,159,137,22,22
62122,75,69,6,6
62123,116,84,32,32
62124,109,103,6,6
62125,143,121,22,22
62126,112,94,18,18
62127,84,77,7,7
62128,170,158,12,12
62129,150,136,14,14
62130,109,92,17,17
62131,161,136,25,25
62132,99,93,6,6
62133,127,97,30,30
62134,62,43,19,19
62135,133,115,18,18
62136,101,98,3,3
62137,127,108,19,19
62138,89,78,11,11
62139,95,80,15,15
62140,150,127,23,23
62141,49,45,4,4
62142,92,82,10,10
62143,92,81,11,11
62144,38,42,-4,4
62145,145,139,6,6
62146,156,147,9,9
62147,125,110,15,15
62148,51,45,6,6
62149,134,101,33,33
62150,92,92,0,0
62151,85,84,1,1
62152,60,55,5,5
62153,67,64,3,3
62154,99,99,0,0
62155,159,147,12,12
62156,86,82,4,4
62157,75,52,23,23
62158,42,39,3,3
62159,71,67,4,4
62160,136,124,12,12
62161,67,69,-2,2
62162,112,99,13,13
62163,71,65,6,6
62164,48,52,-4,4
62165,139,126,13,13
62166,114,134,-20,20
62167,48,42,6,6
62168,86,78,8,8
62169,119,101,18,18
62170,94,83,11,11
62171,105,96,9,9
62172,104,84,20,20
62173,85,78,7,7
62174,66,55,11,11
62175,93,79,14,14
62176,88,84,4,4
62177,67,61,6,6
62178,91,89,2,2
62179,110,98,12,12
62180,80,67,13,13
62181,98,94,4,4
62182,126,113,13,13
62183,52,55,-3,3
62184,63,62,1,1
62185,91,86,5,5
62186,103,93,10,10
62187,68,61,7,7
62188,73,72,1,1
62189,95,88,7,7
62190,100,88,12,12
62191,111,89,22,22
62192,100,93,7,7
62193,75,69,6,6
62194,84,82,2,2
62195,75,71,4,4
62196,139,113,26,26
62197,105,97,8,8
62198,84,85,-1,1
62199,137,112,25,25
62200,65,87,-22,22
62201,97,80,17,17
62202,78,73,5,5
62203,122,113,9,9
62204,72,69,3,3
62205,80,86,-6,6
62206,132,108,24,24
62207,113,97,16,16
62208,121,107,14,14
62209,72,67,5,5
62210,95,91,4,4
62211,124,109,15,15
62212,122,108,14,14
62213,152,137,15,15
62214,105,90,15,15
62215,103,99,4,4
62216,111,93,18,18
62217,60,46,14,14
62218,75,83,-8,8
62219,69,64,5,5
62220,85,69,16,16
62221,91,90,1,1
62222,106,88,18,18
62223,76,76,0,0
62224,43,41,2,2
62225,65,57,8,8
62226,180,163,17,17
62227,38,51,-13,13
62228,86,77,9,9
62229,77,69,8,8
62230,110,101,9,9
62231,111,101,10,10
62232,134,113,21,21
62233,123,114,9,9
62234,67,61,6,6
62235,77,74,3,3
62236,95,92,3,3
62237,94,82,12,12
62238,131,116,15,15
62239,88,91,-3,3
62240,130,113,17,17
62241,78,69,9,9
62242,98,88,10,10
62243,66,58,8,8
62244,63,59,4,4
62245,85,72,13,13
62246,82,75,7,7
62247,82,80,2,2
62248,104,90,14,14
62249,120,107,13,13
62250,68,63,5,5
62251,108,99,9,9
62252,101,86,15,15
62253,102,87,15,15
62254,161,149,12,12
62255,48,47,1,1
62256,82,80,2,2
62257,134,118,16,16
62258,102,87,15,15
62259,47,45,2,2
62260,101,69,32,32
62261,103,88,15,15
62262,158,130,28,28
62263,79,75,4,4
62264,126,110,16,16
62265,72,71,1,1
62266,103,94,9,9
62267,86,86,0,0
62268,73,74,-1,1
62269,150,129,21,21
62270,69,60,9,9
62271,89,76,13,13
62272,102,86,16,16
62273,89,80,9,9
62274,92,87,5,5
62275,91,76,15,15
62276,69,62,7,7
62277,31,39,-8,8
62278,62,52,10,10
62279,74,70,4,4
62280,73,59,14,14
62281,92,72,20,20
62282,68,62,6,6
62283,121,102,19,19
62284,160,144,16,16
62285,124,111,13,13
62286,71,62,9,9
62287,98,77,21,21
62288,85,75,10,10
62289,93,78,15,15
62290,87,72,15,15
62291,210,161,49,49
62292,74,68,6,6
62293,84,79,5,5
62294,141,127,14,14
62295,68,63,5,5
62296,118,104,14,14
62297,75,71,4,4
62298,150,131,19,19
62299,162,142,20,20
62300,59,54,5,5
62301,82,74,8,8
62302,118,102,16,16
62303,94,90,4,4
62304,75,84,-9,9
62305,71,64,7,7
62306,131,111,20,20
62307,120,101,19,19
62308,91,84,7,7
62309,112,94,18,18
62310,145,130,15,15
62311,93,75,18,18
62312,93,80,13,13
62313,89,69,20,20
62314,110,94,16,16
62315,78,69,9,9
62316,80,68,12,12
62317,133,121,12,12
62318,50,42,8,8
62319,82,73,9,9
62320,145,116,29,29
62321,126,96,30,30
62322,105,90,15,15
62323,159,145,14,14
62324,118,111,7,7
62325,142,125,17,17
62326,108,90,18,18
62327,110,100,10,10
62328,106,86,20,20
62329,119,107,12,12
62330,90,83,7,7
62331,68,64,4,4
62332,119,102,17,17
62333,162,137,25,25
62334,76,71,5,5
62335,89,71,18,18
62336,57,56,1,1
62337,79,70,9,9
62338,72,70,2,2
62339,110,86,24,24
62340,82,70,12,12
62341,76,63,13,13
62342,68,67,1,1
62343,79,92,-13,13
62344,64,60,4,4
62345,151,124,27,27
62346,64,59,5,5
62347,110,93,17,17
62348,78,65,13,13
62349,123,113,10,10
62350,118,105,13,13
62351,58,57,1,1
62352,140,121,19,19
62353,128,105,23,23
62354,57,47,10,10
62355,101,94,7,7
62356,106,89,17,17
62357,71,69,2,2
62358,61,52,9,9
62359,187,147,40,40
62360,123,100,23,23
62361,64,55,9,9
62362,59,56,3,3
62363,83,74,9,9
62364,68,66,2,2
62365,83,69,14,14
62366,111,94,17,17
62367,86,84,2,2
62368,87,79,8,8
62369,97,85,12,12
62370,76,69,7,7
62371,91,84,7,7
62372,169,138,31,31
62373,51,44,7,7
62374,57,64,-7,7
62375,168,153,15,15
62376,93,64,29,29
62377,93,81,12,12
62378,98,74,24,24
62379,76,77,-1,1
62380,142,122,20,20
62381,60,57,3,3
62382,118,101,17,17
62383,40,53,-13,13
62384,68,56,12,12
62385,75,62,13,13
62386,97,86,11,11
62387,124,114,10,10
62388,68,55,13,13
62389,89,73,16,16
62390,109,98,11,11
62391,53,48,5,5
62392,112,98,14,14
62393,140,133,7,7
62394,113,94,19,19
62395,105,104,1,1
62396,69,59,10,10
62397,98,108,-10,10
62398,150,131,19,19
62399,93,81,12,12
62400,117,112,5,5
62401,44,39,5,5
62402,65,52,13,13
62403,78,64,14,14
62404,149,135,14,14
62405,75,64,11,11
62406,82,73,9,9
62407,93,77,16,16
62408,129,116,13,13
62409,46,47,-1,1
62410,56,43,13,13
62411,99,76,23,23
62412,31,40,-9,9
62413,113,100,13,13
62414,167,153,14,14
62415,113,105,8,8
62416,171,154,17,17
62417,71,64,7,7
62418,103,94,9,9
62419,76,72,4,4
62420,64,52,12,12
62421,105,99,6,6
62422,176,153,23,23
62423,127,108,19,19
62424,118,95,23,23
62425,88,86,2,2
62426,133,118,15,15
62427,84,84,0,0
62428,108,100,8,8
62429,72,64,8,8
62430,128,112,16,16
62431,36,38,-2,2
62432,116,96,20,20
62433,105,97,8,8
62434,85,79,6,6
62435,48,45,3,3
62436,142,116,26,26
62437,78,59,19,19
62438,72,69,3,3
62439,255,215,40,40
62440,113,107,6,6
62441,98,80,18,18
62442,143,119,24,24
62443,85,96,-11,11
62444,111,102,9,9
62445,106,93,13,13
62446,111,101,10,10
62447,84,71,13,13
62448,74,69,5,5
62449,87,81,6,6
62450,133,118,15,15
62451,111,106,5,5
62452,78,71,7,7
62453,83,78,5,5
62454,117,94,23,23
62455,97,83,14,14
62456,127,118,9,9
62457,66,59,7,7
62458,124,106,18,18
62459,72,65,7,7
62460,108,85,23,23
62461,124,114,10,10
62462,137,108,29,29
62463,84,76,8,8
62464,175,157,18,18
62465,32,27,5,5
62466,127,101,26,26
62467,139,125,14,14
62468,84,99,-15,15
62469,138,130,8,8
62470,147,136,11,11
62471,49,49,0,0
62472,87,76,11,11
62473,71,66,5,5
62474,89,70,19,19
62475,122,111,11,11
62476,110,105,5,5
62477,112,101,11,11
62478,161,130,31,31
62479,78,76,2,2
62480,84,77,7,7
62481,96,78,18,18
62482,83,73,10,10
62483,166,134,32,32
62484,69,57,12,12
62485,48,41,7,7
62486,84,61,23,23
62487,113,87,26,26
62488,89,81,8,8
62489,51,49,2,2
62490,101,92,9,9
62491,70,58,12,12
62492,107,88,19,19
62493,99,85,14,14
62494,142,119,23,23
62495,123,101,22,22
62496,81,70,11,11
62497,60,51,9,9
62498,139,116,23,23
62499,93,81,12,12
62500,123,120,3,3
62501,101,70,31,31
62502,128,115,13,13
62503,72,65,7,7
62504,134,108,26,26
62505,89,79,10,10
62506,162,138,24,24
62507,129,101,28,28
62508,97,86,11,11
62509,63,67,-4,4
62510,88,80,8,8
62511,47,43,4,4
62512,163,138,25,25
62513,169,156,13,13
62514,88,74,14,14
62515,116,105,11,11
62516,68,64,4,4
62517,66,62,4,4
62518,75,69,6,6
62519,79,76,3,3
62520,132,120,12,12
62521,64,62,2,2
62522,154,133,21,21
62523,159,118,41,41
62524,97,90,7,7
62525,151,129,22,22
62526,64,56,8,8
62527,86,69,17,17
62528,86,95,-9,9
62529,105,92,13,13
62530,135,123,12,12
62531,78,77,1,1
62532,180,145,35,35
62533,126,105,21,21
62534,115,104,11,11
62535,95,96,-1,1
62536,123,98,25,25
62537,49,43,6,6
62538,94,91,3,3
62539,170,149,21,21
62540,92,79,13,13
62541,101,92,9,9
62542,93,85,8,8
62543,123,124,-1,1
62544,83,68,15,15
62545,122,95,27,27
62546,109,110,-1,1
62547,67,53,14,14
62548,59,56,3,3
62549,79,63,16,16
62550,82,77,5,5
62551,69,60,9,9
62552,83,80,3,3
62553,116,98,18,18
62554,202,160,42,42
62555,92,91,1,1
62556,95,82,13,13
62557,104,96,8,8
62558,124,106,18,18
62559,203,169,34,34
62560,95,83,12,12
62561,131,115,16,16
62562,42,39,3,3
62563,106,79,27,27
62564,40,41,-1,1
62565,81,73,8,8
62566,125,104,21,21
62567,82,74,8,8
62568,121,102,19,19
62569,85,86,-1,1
62570,104,84,20,20
62571,82,72,10,10
62572,76,66,10,10
62573,60,57,3,3
62574,91,66,25,25
62575,96,77,19,19
62576,118,102,16,16
62577,101,84,17,17
62578,140,127,13,13
62579,153,136,17,17
62580,115,111,4,4
62581,38,51,-13,13
62582,74,70,4,4
62583,28,52,-24,24
62584,65,62,3,3
62585,113,108,5,5
62586,109,100,9,9
62587,93,82,11,11
62588,87,75,12,12
62589,54,51,3,3
62590,125,108,17,17
62591,141,126,15,15
62592,114,109,5,5
62593,122,107,15,15
62594,138,126,12,12
62595,98,84,14,14
62596,84,74,10,10
62597,118,106,12,12
62598,114,103,11,11
62599,69,66,3,3
62600,47,51,-4,4
62601,72,55,17,17
62602,72,57,15,15
62603,85,77,8,8
62604,48,43,5,5
62605,96,82,14,14
62606,90,79,11,11
62607,99,81,18,18
62608,122,116,6,6
62609,60,56,4,4
62610,80,78,2,2
62611,79,75,4,4
62612,54,48,6,6
62613,90,83,7,7
62614,84,80,4,4
62615,98,89,9,9
62616,106,93,13,13
62617,70,66,4,4
62618,93,76,17,17
62619,81,70,11,11
62620,108,92,16,16
62621,66,61,5,5
62622,92,79,13,13
62623,58,49,9,9
62624,80,69,11,11
62625,72,67,5,5
62626,92,78,14,14
62627,114,108,6,6
62628,149,123,26,26
62629,85,72,13,13
62630,61,49,12,12
62631,104,86,18,18
62632,100,82,18,18
62633,132,115,17,17
62634,132,111,21,21
62635,114,92,22,22
62636,89,82,7,7
62637,52,46,6,6
62638,51,43,8,8
62639,109,105,4,4
62640,112,109,3,3
62641,80,67,13,13
62642,158,158,0,0
62643,103,84,19,19
62644,59,54,5,5
62645,118,100,18,18
62646,114,100,14,14
62647,101,86,15,15
62648,64,58,6,6
62649,75,65,10,10
62650,110,87,23,23
62651,168,162,6,6
62652,109,89,20,20
62653,106,96,10,10
62654,32,70,-38,38
62655,86,82,4,4
62656,185,136,49,49
62657,125,120,5,5
62658,48,45,3,3
62659,128,118,10,10
62660,138,129,9,9
62661,75,60,15,15
62662,84,94,-10,10
62663,115,91,24,24
62664,58,61,-3,3
62665,97,85,12,12
62666,152,124,28,28
62667,94,88,6,6
62668,114,100,14,14
62669,130,126,4,4
62670,61,55,6,6
62671,185,150,35,35
62672,110,100,10,10
62673,58,51,7,7
62674,79,76,3,3
62675,79,69,10,10
62676,93,79,14,14
62677,129,115,14,14
62678,134,116,18,18
62679,98,92,6,6
62680,162,143,19,19
62681,83,75,8,8
62682,107,84,23,23
62683,98,96,2,2
62684,131,107,24,24
62685,57,49,8,8
62686,153,123,30,30
62687,126,111,15,15
62688,89,80,9,9
62689,68,60,8,8
62690,131,108,23,23
62691,68,69,-1,1
62692,94,77,17,17
62693,135,113,22,22
62694,96,87,9,9
62695,95,93,2,2
62696,90,78,12,12
62697,55,52,3,3
62698,108,102,6,6
62699,36,36,0,0
62700,73,63,10,10
62701,73,74,-1,1
62702,102,88,14,14
62703,52,45,7,7
62704,22,40,-18,18
62705,102,82,20,20
62706,136,109,27,27
62707,83,76,7,7
62708,76,68,8,8
62709,135,120,15,15
62710,116,109,7,7
62711,69,64,5,5
62712,42,41,1,1
62713,86,67,19,19
62714,131,119,12,12
62715,119,103,16,16
62716,65,59,6,6
62717,100,96,4,4
62718,65,61,4,4
62719,73,66,7,7
62720,63,57,6,6
62721,115,136,-21,21
62722,164,135,29,29
62723,146,133,13,13
62724,64,60,4,4
62725,101,87,14,14
62726,124,107,17,17
62727,74,71,3,3
62728,92,72,20,20
62729,90,80,10,10
62730,93,83,10,10
62731,76,71,5,5
62732,133,123,10,10
62733,54,52,2,2
62734,147,109,38,38
62735,107,101,6,6
62736,132,104,28,28
62737,129,105,24,24
62738,95,81,14,14
62739,78,79,-1,1
62740,93,77,16,16
62741,85,84,1,1
62742,138,140,-2,2
62743,106,96,10,10
62744,45,43,2,2
62745,50,50,0,0
62746,55,41,14,14
62747,44,49,-5,5
62748,70,65,5,5
62749,125,109,16,16
62750,82,73,9,9
62751,80,71,9,9
62752,120,106,14,14
62753,100,87,13,13
62754,70,60,10,10
62755,65,58,7,7
62756,96,90,6,6
62757,93,84,9,9
62758,106,89,17,17
62759,168,138,30,30
62760,169,144,25,25
62761,95,76,19,19
62762,95,87,8,8
62763,81,69,12,12
62764,65,64,1,1
62765,64,71,-7,7
62766,62,67,-5,5
62767,119,105,14,14
62768,93,77,16,16
62769,77,65,12,12
62770,141,126,15,15
62771,66,61,5,5
62772,76,79,-3,3
62773,148,129,19,19
62774,57,60,-3,3
62775,78,54,24,24
62776,134,103,31,31
62777,133,114,19,19
62778,66,60,6,6
62779,75,64,11,11
62780,97,83,14,14
62781,131,109,22,22
62782,171,147,24,24
62783,222,168,54,54
62784,102,93,9,9
62785,60,57,3,3
62786,144,133,11,11
62787,43,41,2,2
62788,82,71,11,11
62789,84,74,10,10
62790,92,88,4,4
62791,94,66,28,28
62792,179,161,18,18
62793,119,109,10,10
62794,61,61,0,0
62795,93,89,4,4
62796,53,47,6,6
62797,142,126,16,16
62798,69,60,9,9
62799,90,83,7,7
62800,139,124,15,15
62801,90,99,-9,9
62802,56,51,5,5
62803,113,106,7,7
62804,91,81,10,10
62805,86,77,9,9
62806,111,96,15,15
62807,74,61,13,13
62808,139,118,21,21
62809,96,78,18,18
62810,105,89,16,16
62811,139,124,15,15
62812,61,59,2,2
62813,70,66,4,4
62814,70,69,1,1
62815,61,53,8,8
62816,127,122,5,5
62817,92,89,3,3
62818,120,100,20,20
62819,52,43,9,9
62820,86,77,9,9
62821,62,53,9,9
62822,101,110,-9,9
62823,85,91,-6,6
62824,96,92,4,4
62825,105,95,10,10
62826,122,108,14,14
62827,116,102,14,14
62828,98,73,25,25
62829,154,137,17,17
62830,100,84,16,16
62831,164,140,24,24
62832,162,140,22,22
62833,136,126,10,10
62834,62,61,1,1
62835,178,153,25,25
62836,109,82,27,27
62837,121,97,24,24
62838,108,110,-2,2
62839,84,76,8,8
62840,131,106,25,25
62841,122,98,24,24
62842,64,66,-2,2
62843,84,76,8,8
62844,72,67,5,5
62845,185,150,35,35
62846,77,67,10,10
62847,137,141,-4,4
62848,93,91,2,2
62849,86,86,0,0
62850,144,116,28,28
62851,78,77,1,1
62852,61,60,1,1
62853,129,106,23,23
62854,52,58,-6,6
62855,195,167,28,28
62856,87,81,6,6
62857,101,94,7,7
62858,103,100,3,3
62859,169,148,21,21
62860,104,90,14,14
62861,80,70,10,10
62862,40,51,-11,11
62863,90,85,5,5
62864,89,86,3,3
62865,105,93,12,12
62866,86,84,2,2
62867,133,115,18,18
62868,89,78,11,11
62869,64,55,9,9
62870,94,92,2,2
62871,86,85,1,1
62872,128,111,17,17
62873,53,51,2,2
62874,91,72,19,19
62875,74,64,10,10
62876,64,59,5,5
62877,81,65,16,16
62878,66,63,3,3
62879,76,62,14,14
62880,91,80,11,11
62881,76,66,10,10
62882,109,89,20,20
62883,77,66,11,11
62884,76,67,9,9
62885,110,90,20,20
62886,88,77,11,11
62887,120,103,17,17
62888,127,115,12,12
62889,106,100,6,6
62890,201,171,30,30
62891,111,100,11,11
62892,231,190,41,41
62893,59,58,1,1
62894,150,126,24,24
62895,141,120,21,21
62896,62,51,11,11
62897,191,170,21,21
62898,119,108,11,11
62899,72,69,3,3
62900,103,93,10,10
62901,79,77,2,2
62902,106,96,10,10
62903,104,108,-4,4
62904,88,84,4,4
62905,78,80,-2,2
62906,81,82,-1,1
62907,98,90,8,8
62908,123,109,14,14
62909,142,131,11,11
62910,74,65,9,9
62911,163,138,25,25
62912,102,82,20,20
62913,60,54,6,6
62914,133,106,27,27
62915,59,54,5,5
62916,47,48,-1,1
62917,86,80,6,6
62918,124,104,20,20
62919,28,29,-1,1
62920,59,55,4,4
62921,124,121,3,3
62922,105,92,13,13
62923,103,87,16,16
62924,80,72,8,8
62925,82,69,13,13
62926,84,73,11,11
62927,128,115,13,13
62928,101,94,7,7
62929,72,65,7,7
62930,89,71,18,18
62931,119,106,13,13
62932,181,157,24,24
62933,146,128,18,18
62934,58,54,4,4
62935,80,67,13,13
62936,37,36,1,1
62937,45,49,-4,4
62938,95,95,0,0
62939,108,94,14,14
62940,79,65,14,14
62941,85,66,19,19
62942,53,56,-3,3
62943,211,174,37,37
62944,103,92,11,11
62945,77,66,11,11
62946,75,65,10,10
62947,95,84,11,11
62948,102,84,18,18
62949,77,69,8,8
62950,54,50,4,4
62951,110,93,17,17
62952,121,104,17,17
62953,89,68,21,21
62954,93,88,5,5
62955,44,43,1,1
62956,84,85,-1,1
62957,135,113,22,22
62958,66,54,12,12
62959,104,102,2,2
62960,141,116,25,25
62961,98,81,17,17
62962,90,86,4,4
62963,115,100,15,15
62964,109,101,8,8
62965,69,67,2,2
62966,64,53,11,11
62967,185,152,33,33
62968,114,97,17,17
62969,191,154,37,37
62970,49,43,6,6
62971,83,81,2,2
62972,100,89,11,11
62973,98,80,18,18
62974,69,70,-1,1
62975,103,82,21,21
62976,148,141,7,7
62977,81,66,15,15
62978,151,136,15,15
62979,70,54,16,16
62980,88,74,14,14
62981,93,88,5,5
62982,60,70,-10,10
62983,88,73,15,15
62984,63,61,2,2
62985,92,77,15,15
62986,108,101,7,7
62987,78,82,-4,4
62988,156,129,27,27
62989,63,57,6,6
62990,58,53,5,5
62991,38,34,4,4
62992,107,91,16,16
62993,101,87,14,14
62994,65,60,5,5
62995,120,111,9,9
62996,101,82,19,19
62997,106,85,21,21
62998,72,63,9,9
62999,127,106,21,21
63000,65,60,5,5
63001,126,102,24,24
63002,113,100,13,13
63003,104,100,4,4
63004,152,130,22,22
63005,57,53,4,4
63006,83,69,14,14
63007,101,93,8,8
63008,81,72,9,9
63009,54,60,-6,6
63010,80,70,10,10
63011,83,79,4,4
63012,31,33,-2,2
63013,64,60,4,4
63014,159,146,13,13
63015,133,115,18,18
63016,116,111,5,5
63017,57,47,10,10
63018,99,82,17,17
63019,62,51,11,11
63020,90,77,13,13
63021,117,104,13,13
63022,142,117,25,25
63023,177,147,30,30
63024,59,54,5,5
63025,89,90,-1,1
63026,69,60,9,9
63027,63,64,-1,1
63028,46,65,-19,19
63029,136,131,5,5
63030,105,106,-1,1
63031,127,122,5,5
63032,66,65,1,1
63033,138,124,14,14
63034,71,64,7,7
63035,97,87,10,10
63036,112,103,9,9
63037,77,73,4,4
63038,57,54,3,3
63039,84,79,5,5
63040,85,72,13,13
63041,111,92,19,19
63042,123,105,18,18
63043,110,105,5,5
63044,114,106,8,8
63045,111,125,-14,14
63046,71,71,0,0
63047,93,76,17,17
63048,343,279,64,64
63049,72,66,6,6
63050,186,148,38,38
63051,62,55,7,7
63052,79,72,7,7
63053,129,119,10,10
63054,121,124,-3,3
63055,105,90,15,15
63056,157,133,24,24
63057,115,96,19,19
63058,78,67,11,11
63059,179,168,11,11
63060,80,71,9,9
63061,113,108,5,5
63062,87,81,6,6
63063,95,86,9,9
63064,95,89,6,6
63065,104,92,12,12
63066,88,79,9,9
63067,61,59,2,2
63068,63,52,11,11
63069,87,94,-7,7
63070,157,149,8,8
63071,92,107,-15,15
63072,53,49,4,4
63073,128,107,21,21
63074,114,97,17,17
63075,95,84,11,11
63076,102,90,12,12
63077,120,111,9,9
63078,110,106,4,4
63079,207,175,32,32
63080,103,90,13,13
63081,55,50,5,5
63082,98,85,13,13
63083,99,89,10,10
63084,94,88,6,6
63085,82,81,1,1
63086,60,75,-15,15
63087,95,90,5,5
63088,113,93,20,20
63089,113,102,11,11
63090,105,88,17,17
63091,80,60,20,20
63092,104,98,6,6
63093,97,86,11,11
63094,62,57,5,5
63095,62,66,-4,4
63096,85,81,4,4
63097,114,104,10,10
63098,72,59,13,13
63099,82,69,13,13
63100,94,77,17,17
63101,90,84,6,6
63102,110,88,22,22
63103,90,76,14,14
63104,80,74,6,6
63105,109,88,21,21
63106,61,60,1,1
63107,185,160,25,25
63108,117,106,11,11
63109,139,122,17,17
63110,56,54,2,2
63111,74,62,12,12
63112,107,102,5,5
63113,78,78,0,0
63114,51,47,4,4
63115,87,78,9,9
63116,114,101,13,13
63117,83,74,9,9
63118,137,117,20,20
63119,117,100,17,17
63120,87,85,2,2
63121,69,65,4,4
63122,86,81,5,5
63123,150,136,14,14
63124,162,141,21,21
63125,87,78,9,9
63126,68,60,8,8
63127,68,61,7,7
63128,126,101,25,25
63129,109,90,19,19
63130,106,102,4,4
63131,114,98,16,16
63132,136,128,8,8
63133,128,102,26,26
63134,109,101,8,8
63135,114,105,9,9
63136,102,94,8,8
63137,144,117,27,27
63138,52,46,6,6
63139,73,75,-2,2
63140,116,101,15,15
63141,111,87,24,24
63142,106,99,7,7
63143,125,110,15,15
63144,119,92,27,27
63145,77,72,5,5
63146,78,67,11,11
63147,62,55,7,7
63148,80,79,1,1
63149,101,94,7,7
63150,130,119,11,11
63151,165,134,31,31
63152,88,68,20,20
63153,97,100,-3,3
63154,125,103,22,22
63155,55,53,2,2
63156,76,73,3,3
63157,124,116,8,8
63158,82,77,5,5
63159,60,60,0,0
63160,107,93,14,14
63161,109,99,10,10
63162,162,138,24,24
63163,95,102,-7,7
63164,54,47,7,7
63165,125,111,14,14
63166,107,88,19,19
63167,74,60,14,14
63168,155,135,20,20
63169,77,74,3,3
63170,80,67,13,13
63171,122,113,9,9
63172,71,71,0,0
63173,112,94,18,18
63174,61,59,2,2
63175,88,84,4,4
63176,171,137,34,34
63177,98,82,16,16
63178,59,57,2,2
63179,150,136,14,14
63180,94,84,10,10
63181,112,101,11,11
63182,113,82,31,31
63183,92,82,10,10
63184,121,111,10,10
63185,101,85,16,16
63186,82,72,10,10
63187,125,101,24,24
63188,74,66,8,8
63189,68,62,6,6
63190,104,98,6,6
63191,80,70,10,10
63192,101,83,18,18
63193,96,93,3,3
63194,96,84,12,12
63195,79,77,2,2
63196,75,67,8,8
63197,121,107,14,14
63198,173,148,25,25
63199,123,105,18,18
63200,124,107,17,17
63201,123,105,18,18
63202,129,118,11,11
63203,119,94,25,25
63204,107,100,7,7
63205,117,99,18,18
63206,74,70,4,4
63207,72,67,5,5
63208,92,90,2,2
63209,102,85,17,17
63210,123,120,3,3
63211,119,114,5,5
63212,71,63,8,8
63213,64,65,-1,1
63214,108,94,14,14
63215,140,116,24,24
63216,90,83,7,7
63217,128,106,22,22
63218,99,91,8,8
63219,82,87,-5,5
63220,156,136,20,20
63221,137,121,16,16
63222,78,62,16,16
63223,95,86,9,9
63224,82,85,-3,3
63225,90,84,6,6
63226,64,60,4,4
63227,73,69,4,4
63228,53,57,-4,4
63229,123,111,12,12
63230,62,59,3,3
63231,92,88,4,4
63232,123,106,17,17
63233,125,104,21,21
63234,41,41,0,0
63235,187,159,28,28
63236,91,78,13,13
63237,76,69,7,7
63238,176,148,28,28
63239,93,88,5,5
63240,87,80,7,7
63241,89,83,6,6
63242,88,72,16,16
63243,99,83,16,16
63244,134,107,27,27
63245,95,84,11,11
63246,105,95,10,10
63247,42,47,-5,5
63248,96,81,15,15
63249,50,56,-6,6
63250,63,58,5,5
63251,95,94,1,1
63252,99,86,13,13
63253,109,113,-4,4
63254,133,108,25,25
63255,90,72,18,18
63256,71,65,6,6
63257,58,64,-6,6
63258,173,149,24,24
63259,77,66,11,11
63260,88,57,31,31
63261,72,64,8,8
63262,116,100,16,16
63263,61,58,3,3
63264,94,75,19,19
63265,117,111,6,6
63266,114,101,13,13
63267,147,127,20,20
63268,125,107,18,18
63269,100,93,7,7
63270,101,81,20,20
63271,112,101,11,11
63272,94,75,19,19
63273,119,97,22,22
63274,154,136,18,18
63275,82,74,8,8
63276,58,57,1,1
63277,131,111,20,20
63278,82,83,-1,1
63279,96,84,12,12
63280,80,64,16,16
63281,118,108,10,10
63282,51,56,-5,5
63283,164,143,21,21
63284,77,95,-18,18
63285,144,131,13,13
63286,132,122,10,10
63287,89,79,10,10
63288,78,61,17,17
63289,51,54,-3,3
63290,100,95,5,5
63291,108,96,12,12
63292,143,116,27,27
63293,88,75,13,13
63294,67,58,9,9
63295,121,115,6,6
63296,90,75,15,15
63297,65,61,4,4
63298,79,71,8,8
63299,144,121,23,23
63300,55,49,6,6
63301,78,71,7,7
63302,82,81,1,1
63303,78,68,10,10
63304,160,146,14,14
63305,89,73,16,16
63306,101,97,4,4
63307,114,90,24,24
63308,86,71,15,15
63309,155,138,17,17
63310,105,98,7,7
63311,76,64,12,12
63312,149,127,22,22
63313,99,97,2,2
63314,120,98,22,22
63315,69,63,6,6
63316,102,90,12,12
63317,59,51,8,8
63318,54,55,-1,1
63319,107,87,20,20
63320,60,57,3,3
63321,70,57,13,13
63322,219,195,24,24
63323,83,73,10,10
63324,68,61,7,7
63325,89,83,6,6
63326,68,68,0,0
63327,108,101,7,7
63328,94,89,5,5
63329,90,82,8,8
63330,171,145,26,26
63331,35,35,0,0
63332,39,33,6,6
63333,80,104,-24,24
63334,69,61,8,8
63335,109,99,10,10
63336,112,107,5,5
63337,127,116,11,11
63338,87,78,9,9
63339,60,115,-55,55
63340,67,66,1,1
63341,151,127,24,24
63342,115,98,17,17
63343,86,80,6,6
63344,97,77,20,20
63345,128,108,20,20
63346,137,112,25,25
63347,102,92,10,10
63348,76,71,5,5
63349,33,30,3,3
63350,89,79,10,10
63351,68,59,9,9
63352,55,50,5,5
63353,104,96,8,8
63354,98,92,6,6
63355,67,60,7,7
63356,103,90,13,13
63357,87,79,8,8
63358,92,81,11,11
63359,97,76,21,21
63360,144,125,19,19
63361,94,96,-2,2
63362,95,78,17,17
63363,131,104,27,27
63364,102,84,18,18
63365,132,118,14,14
63366,83,76,7,7
63367,127,117,10,10
63368,71,62,9,9
63369,86,76,10,10
63370,202,164,38,38
63371,181,154,27,27
63372,129,117,12,12
63373,112,97,15,15
63374,118,104,14,14
63375,46,38,8,8
63376,120,94,26,26
63377,55,59,-4,4
63378,141,122,19,19
63379,92,79,13,13
63380,137,124,13,13
63381,59,54,5,5
63382,192,179,13,13
63383,144,131,13,13
63384,91,84,7,7
63385,111,99,12,12
63386,52,47,5,5
63387,135,117,18,18
63388,43,47,-4,4
63389,138,109,29,29
63390,159,129,30,30
63391,88,84,4,4
63392,63,59,4,4
63393,90,83,7,7
63394,101,85,16,16
63395,72,65,7,7
63396,64,54,10,10
63397,81,68,13,13
63398,94,83,11,11
63399,125,114,11,11
63400,64,57,7,7
63401,68,60,8,8
63402,77,75,2,2
63403,125,114,11,11
63404,68,61,7,7
63405,131,115,16,16
63406,72,64,8,8
63407,113,95,18,18
63408,136,125,11,11
63409,136,115,21,21
63410,129,105,24,24
63411,118,101,17,17
63412,79,67,12,12
63413,98,84,14,14
63414,117,105,12,12
63415,98,96,2,2
63416,30,33,-3,3
63417,76,66,10,10
63418,87,73,14,14
63419,110,93,17,17
63420,80,73,7,7
63421,48,56,-8,8
63422,120,105,15,15
63423,98,92,6,6
63424,43,42,1,1
63425,84,73,11,11
63426,62,58,4,4
63427,165,151,14,14
63428,56,54,2,2
63429,85,77,8,8
63430,109,89,20,20
63431,149,125,24,24
63432,55,46,9,9
63433,89,83,6,6
63434,68,68,0,0
63435,68,61,7,7
63436,146,130,16,16
63437,112,99,13,13
63438,104,88,16,16
63439,49,50,-1,1
63440,67,57,10,10
63441,70,57,13,13
63442,109,91,18,18
63443,56,51,5,5
63444,148,128,20,20
63445,97,88,9,9
63446,79,71,8,8
63447,116,97,19,19
63448,97,86,11,11
63449,79,70,9,9
63450,74,61,13,13
63451,67,53,14,14
63452,118,101,17,17
63453,72,69,3,3
63454,128,99,29,29
63455,113,105,8,8
63456,103,99,4,4
63457,86,83,3,3
63458,59,59,0,0
63459,114,110,4,4
63460,125,119,6,6
63461,105,91,14,14
63462,70,61,9,9
63463,147,122,25,25
63464,90,73,17,17
63465,81,80,1,1
63466,65,67,-2,2
63467,63,56,7,7
63468,110,97,13,13
63469,108,88,20,20
63470,62,72,-10,10
63471,107,95,12,12
63472,47,44,3,3
63473,76,70,6,6
63474,92,84,8,8
63475,129,113,16,16
63476,87,80,7,7
63477,90,72,18,18
63478,75,68,7,7
63479,69,65,4,4
63480,61,59,2,2
63481,76,67,9,9
63482,49,46,3,3
63483,133,117,16,16
63484,147,137,10,10
63485,115,94,21,21
63486,88,86,2,2
63487,70,62,8,8
63488,77,69,8,8
63489,64,56,8,8
63490,182,146,36,36
63491,103,87,16,16
63492,91,85,6,6
63493,104,90,14,14
63494,67,51,16,16
63495,90,83,7,7
63496,81,76,5,5
63497,140,124,16,16
63498,64,62,2,2
63499,132,119,13,13
63500,64,57,7,7
63501,117,104,13,13
63502,86,85,1,1
63503,216,178,38,38
63504,129,111,18,18
63505,107,95,12,12
63506,114,99,15,15
63507,99,82,17,17
63508,232,184,48,48
63509,81,75,6,6
63510,117,106,11,11
63511,142,127,15,15
63512,33,31,2,2
63513,80,74,6,6
63514,95,81,14,14
63515,84,71,13,13
63516,111,106,5,5
63517,53,52,1,1
63518,47,52,-5,5
63519,80,73,7,7
63520,81,71,10,10
63521,74,63,11,11
63522,49,50,-1,1
63523,124,99,25,25
63524,98,86,12,12
63525,155,140,15,15
63526,58,55,3,3
63527,111,94,17,17
63528,99,100,-1,1
63529,124,105,19,19
63530,62,55,7,7
63531,55,55,0,0
63532,72,64,8,8
63533,62,58,4,4
63534,74,63,11,11
63535,76,59,17,17
63536,102,87,15,15
63537,87,75,12,12
63538,136,116,20,20
63539,89,73,16,16
63540,68,62,6,6
63541,67,62,5,5
63542,97,91,6,6
63543,123,105,18,18
63544,170,141,29,29
63545,120,109,11,11
63546,110,105,5,5
63547,100,90,10,10
63548,37,39,-2,2
63549,84,66,18,18
63550,62,56,6,6
63551,145,124,21,21
63552,106,96,10,10
63553,115,98,17,17
63554,126,114,12,12
63555,141,136,5,5
63556,92,78,14,14
63557,110,96,14,14
63558,59,62,-3,3
63559,90,72,18,18
63560,77,69,8,8
63561,70,65,5,5
63562,77,63,14,14
63563,79,65,14,14
63564,154,132,22,22
63565,137,126,11,11
63566,106,92,14,14
63567,116,100,16,16
63568,119,98,21,21
63569,65,53,12,12
63570,139,119,20,20
63571,145,118,27,27
63572,141,124,17,17
63573,119,99,20,20
63574,70,66,4,4
63575,78,70,8,8
63576,75,57,18,18
63577,100,86,14,14
63578,163,137,26,26
63579,162,144,18,18
63580,153,131,22,22
63581,94,87,7,7
63582,74,65,9,9
63583,88,80,8,8
63584,67,62,5,5
63585,100,98,2,2
63586,117,110,7,7
63587,80,69,11,11
63588,95,74,21,21
63589,77,70,7,7
63590,121,104,17,17
63591,141,121,20,20
63592,83,66,17,17
63593,55,52,3,3
63594,87,71,16,16
63595,76,72,4,4
63596,116,94,22,22
63597,162,173,-11,11
63598,114,102,12,12
63599,79,69,10,10
63600,117,109,8,8
63601,54,50,4,4
63602,87,81,6,6
63603,124,111,13,13
63604,101,87,14,14
63605,53,49,4,4
63606,133,116,17,17
63607,75,81,-6,6
63608,78,80,-2,2
63609,69,73,-4,4
63610,40,38,2,2
63611,84,73,11,11
63612,94,85,9,9
63613,75,63,12,12
63614,95,86,9,9
63615,82,85,-3,3
63616,75,65,10,10
63617,141,104,37,37
63618,98,90,8,8
63619,101,100,1,1
63620,49,44,5,5
63621,45,39,6,6
63622,94,86,8,8
63623,132,100,32,32
63624,122,96,26,26
63625,96,86,10,10
63626,89,74,15,15
63627,114,105,9,9
63628,112,94,18,18
63629,55,58,-3,3
63630,63,57,6,6
63631,133,104,29,29
63632,71,71,0,0
63633,81,64,17,17
63634,104,98,6,6
63635,97,76,21,21
63636,103,97,6,6
63637,110,89,21,21
63638,91,82,9,9
63639,60,54,6,6
63640,58,57,1,1
63641,91,80,11,11
63642,69,67,2,2
63643,75,76,-1,1
63644,175,160,15,15
63645,62,58,4,4
63646,121,110,11,11
63647,64,58,6,6
63648,103,87,16,16
63649,109,69,40,40
63650,111,92,19,19
63651,87,72,15,15
63652,146,124,22,22
63653,68,63,5,5
63654,69,64,5,5
63655,79,73,6,6
63656,111,107,4,4
63657,72,62,10,10
63658,110,94,16,16
63659,106,94,12,12
63660,112,91,21,21
63661,85,67,18,18
63662,153,142,11,11
63663,102,76,26,26
63664,75,70,5,5
63665,123,102,21,21
63666,80,85,-5,5
63667,81,74,7,7
63668,76,68,8,8
63669,107,113,-6,6
63670,163,142,21,21
63671,75,75,0,0
63672,83,72,11,11
63673,72,61,11,11
63674,73,68,5,5
63675,47,47,0,0
63676,127,110,17,17
63677,31,30,1,1
63678,88,75,13,13
63679,131,115,16,16
63680,140,140,0,0
63681,172,152,20,20
63682,86,72,14,14
63683,137,119,18,18
63684,108,95,13,13
63685,67,62,5,5
63686,157,153,4,4
63687,42,47,-5,5
63688,81,73,8,8
63689,96,78,18,18
63690,189,163,26,26
63691,97,98,-1,1
63692,82,77,5,5
63693,105,83,22,22
63694,107,87,20,20
63695,81,75,6,6
63696,44,39,5,5
63697,93,86,7,7
63698,63,57,6,6
63699,46,84,-38,38
63700,128,120,8,8
63701,133,121,12,12
63702,40,39,1,1
63703,119,101,18,18
63704,100,82,18,18
63705,96,84,12,12
63706,84,77,7,7
63707,188,169,19,19
63708,66,62,4,4
63709,145,131,14,14
63710,50,53,-3,3
63711,74,66,8,8
63712,82,74,8,8
63713,92,77,15,15
63714,131,117,14,14
63715,69,62,7,7
63716,97,80,17,17
63717,137,121,16,16
63718,98,90,8,8
63719,67,62,5,5
63720,107,102,5,5
63721,49,43,6,6
63722,76,68,8,8
63723,66,59,7,7
63724,170,140,30,30
63725,101,95,6,6
63726,95,72,23,23
63727,76,64,12,12
63728,82,72,10,10
63729,84,73,11,11
63730,106,101,5,5
63731,64,68,-4,4
63732,91,81,10,10
63733,86,75,11,11
63734,54,48,6,6
63735,82,87,-5,5
63736,89,81,8,8
63737,97,86,11,11
63738,161,135,26,26
63739,48,39,9,9
63740,109,96,13,13
63741,159,136,23,23
63742,106,97,9,9
63743,181,142,39,39
63744,129,123,6,6
63745,101,96,5,5
63746,114,98,16,16
63747,126,104,22,22
63748,168,134,34,34
63749,95,89,6,6
63750,80,74,6,6
63751,96,83,13,13
63752,35,42,-7,7
63753,73,67,6,6
63754,89,77,12,12
63755,107,88,19,19
63756,88,82,6,6
63757,92,87,5,5
63758,91,70,21,21
63759,91,73,18,18
63760,120,121,-1,1
63761,82,72,10,10
63762,80,75,5,5
63763,55,51,4,4
63764,76,60,16,16
63765,72,63,9,9
63766,105,88,17,17
63767,113,97,16,16
63768,67,59,8,8
63769,101,95,6,6
63770,80,78,2,2
63771,80,76,4,4
63772,96,79,17,17
63773,71,67,4,4
63774,148,134,14,14
63775,72,62,10,10
63776,127,119,8,8
63777,75,68,7,7
63778,83,77,6,6
63779,90,82,8,8
63780,86,79,7,7
63781,75,73,2,2
63782,72,65,7,7
63783,70,55,15,15
63784,105,93,12,12
63785,41,42,-1,1
63786,68,64,4,4
63787,86,72,14,14
63788,64,52,12,12
63789,86,82,4,4
63790,51,54,-3,3
63791,124,102,22,22
63792,88,83,5,5
63793,93,84,9,9
63794,54,61,-7,7
63795,71,58,13,13
63796,132,121,11,11
63797,101,86,15,15
63798,172,140,32,32
63799,176,154,22,22
63800,173,159,14,14
63801,130,113,17,17
63802,79,67,12,12
63803,102,93,9,9
63804,133,116,17,17
63805,90,64,26,26
63806,102,88,14,14
63807,65,59,6,6
63808,128,109,19,19
63809,159,114,45,45
63810,57,53,4,4
63811,171,147,24,24
63812,66,65,1,1
63813,165,143,22,22
63814,51,43,8,8
63815,111,99,12,12
63816,211,162,49,49
63817,89,73,16,16
63818,74,69,5,5
63819,86,87,-1,1
63820,129,96,33,33
63821,67,57,10,10
63822,112,100,12,12
63823,102,77,25,25
63824,76,65,11,11
63825,67,71,-4,4
63826,96,85,11,11
63827,115,107,8,8
63828,95,90,5,5
63829,129,113,16,16
63830,78,66,12,12
63831,58,56,2,2
63832,93,81,12,12
63833,53,46,7,7
63834,62,57,5,5
63835,89,80,9,9
63836,110,97,13,13
63837,109,107,2,2
63838,34,56,-22,22
63839,94,73,21,21
63840,54,53,1,1
63841,111,101,10,10
63842,128,118,10,10
63843,141,123,18,18
63844,92,75,17,17
63845,102,75,27,27
63846,94,89,5,5
63847,130,110,20,20
63848,93,87,6,6
63849,86,65,21,21
63850,102,91,11,11
63851,137,109,28,28
63852,55,42,13,13
63853,118,103,15,15
63854,121,103,18,18
63855,155,131,24,24
63856,71,70,1,1
63857,140,125,15,15
63858,64,67,-3,3
63859,110,107,3,3
63860,119,110,9,9
63861,55,53,2,2
63862,80,76,4,4
63863,142,116,26,26
63864,44,49,-5,5
63865,111,103,8,8
63866,113,97,16,16
63867,146,119,27,27
63868,169,152,17,17
63869,129,107,22,22
63870,76,74,2,2
63871,67,57,10,10
63872,75,66,9,9
63873,68,61,7,7
63874,74,72,2,2
63875,80,69,11,11
63876,33,33,0,0
63877,91,79,12,12
63878,75,64,11,11
63879,94,80,14,14
63880,142,113,29,29
63881,50,99,-49,49
63882,193,176,17,17
63883,81,77,4,4
63884,111,93,18,18
63885,130,113,17,17
63886,51,47,4,4
63887,73,64,9,9
63888,136,128,8,8
63889,94,84,10,10
63890,111,88,23,23
63891,119,104,15,15
63892,101,91,10,10
63893,79,66,13,13
63894,92,82,10,10
63895,84,70,14,14
63896,48,50,-2,2
63897,105,95,10,10
63898,87,69,18,18
63899,91,87,4,4
63900,78,74,4,4
63901,136,136,0,0
63902,123,111,12,12
63903,130,115,15,15
63904,126,105,21,21
63905,84,84,0,0
63906,122,113,9,9
63907,124,110,14,14
63908,117,100,17,17
63909,49,43,6,6
63910,63,54,9,9
63911,64,59,5,5
63912,57,54,3,3
63913,37,40,-3,3
63914,38,41,-3,3
63915,56,50,6,6
63916,137,116,21,21
63917,109,101,8,8
63918,158,137,21,21
63919,112,109,3,3
63920,96,92,4,4
63921,99,92,7,7
63922,68,63,5,5
63923,94,88,6,6
63924,118,106,12,12
63925,80,75,5,5
63926,78,76,2,2
63927,94,80,14,14
63928,172,152,20,20
63929,39,39,0,0
63930,62,64,-2,2
63931,152,120,32,32
63932,120,102,18,18
63933,90,74,16,16
63934,105,87,18,18
63935,80,68,12,12
63936,58,55,3,3
63937,51,51,0,0
63938,90,79,11,11
63939,107,91,16,16
63940,71,66,5,5
63941,61,60,1,1
63942,111,119,-8,8
63943,88,83,5,5
63944,56,55,1,1
63945,93,81,12,12
63946,106,91,15,15
63947,96,84,12,12
63948,81,78,3,3
63949,63,52,11,11
63950,112,105,7,7
63951,120,98,22,22
63952,59,49,10,10
63953,103,82,21,21
63954,50,50,0,0
63955,115,86,29,29
63956,54,56,-2,2
63957,71,63,8,8
63958,59,52,7,7
63959,115,97,18,18
63960,47,50,-3,3
63961,100,87,13,13
63962,77,69,8,8
63963,195,156,39,39
63964,118,103,15,15
63965,90,81,9,9
63966,101,90,11,11
63967,141,118,23,23
63968,153,131,22,22
63969,72,71,1,1
63970,76,73,3,3
63971,141,110,31,31
63972,168,138,30,30
63973,189,146,43,43
63974,52,49,3,3
63975,90,80,10,10
63976,81,75,6,6
63977,54,53,1,1
63978,128,107,21,21
63979,86,82,4,4
63980,65,64,1,1
63981,53,48,5,5
63982,57,53,4,4
63983,90,60,30,30
63984,73,71,2,2
63985,75,76,-1,1
63986,85,73,12,12
63987,143,126,17,17
63988,44,51,-7,7
63989,81,66,15,15
63990,76,72,4,4
63991,126,110,16,16
63992,46,48,-2,2
63993,139,112,27,27
63994,154,134,20,20
63995,161,147,14,14
63996,59,49,10,10
63997,78,73,5,5
63998,85,76,9,9
63999,48,53,-5,5
64000,71,63,8,8
64001,79,73,6,6
64002,65,57,8,8
64003,78,70,8,8
64004,117,106,11,11
64005,51,45,6,6
64006,153,79,74,74
64007,118,108,10,10
64008,66,57,9,9
64009,75,71,4,4
64010,102,98,4,4
64011,85,76,9,9
64012,64,57,7,7
64013,95,89,6,6
64014,160,133,27,27
64015,94,80,14,14
64016,68,71,-3,3
64017,180,160,20,20
64018,52,69,-17,17
64019,106,96,10,10
64020,85,75,10,10
64021,115,118,-3,3
64022,57,47,10,10
64023,104,92,12,12
64024,53,50,3,3
64025,79,64,15,15
64026,68,70,-2,2
64027,86,69,17,17
64028,121,101,20,20
64029,54,49,5,5
64030,74,65,9,9
64031,122,125,-3,3
64032,67,63,4,4
64033,128,117,11,11
64034,56,53,3,3
64035,146,130,16,16
64036,111,105,6,6
64037,86,81,5,5
64038,96,78,18,18
64039,144,138,6,6
64040,73,67,6,6
64041,50,48,2,2
64042,179,160,19,19
64043,83,76,7,7
64044,62,56,6,6
64045,103,92,11,11
64046,101,90,11,11
64047,59,58,1,1
64048,74,59,15,15
64049,72,65,7,7
64050,75,76,-1,1
64051,109,100,9,9
64052,102,81,21,21
64053,143,121,22,22
64054,83,86,-3,3
64055,156,143,13,13
64056,124,104,20,20
64057,80,71,9,9
64058,161,130,31,31
64059,54,55,-1,1
64060,75,80,-5,5
64061,155,121,34,34
64062,117,93,24,24
64063,130,117,13,13
64064,225,174,51,51
64065,94,81,13,13
64066,63,54,9,9
64067,72,62,10,10
64068,179,155,24,24
64069,141,124,17,17
64070,82,66,16,16
64071,62,48,14,14
64072,122,114,8,8
64073,79,66,13,13
64074,93,73,20,20
64075,137,144,-7,7
64076,110,102,8,8
64077,137,121,16,16
64078,84,65,19,19
64079,64,57,7,7
64080,64,51,13,13
64081,56,55,1,1
64082,70,63,7,7
64083,76,69,7,7
64084,118,99,19,19
64085,88,73,15,15
64086,81,69,12,12
64087,129,111,18,18
64088,64,63,1,1
64089,97,81,16,16
64090,123,113,10,10
64091,86,67,19,19
64092,97,83,14,14
64093,115,106,9,9
64094,96,95,1,1
64095,77,70,7,7
64096,168,165,3,3
64097,51,50,1,1
64098,90,74,16,16
64099,56,58,-2,2
64100,71,69,2,2
64101,107,99,8,8
64102,94,76,18,18
64103,46,52,-6,6
64104,118,98,20,20
64105,129,107,22,22
64106,106,98,8,8
64107,81,76,5,5
64108,82,68,14,14
64109,56,50,6,6
64110,79,66,13,13
64111,71,64,7,7
64112,148,139,9,9
64113,205,169,36,36
64114,142,114,28,28
64115,85,70,15,15
64116,47,47,0,0
64117,91,78,13,13
64118,108,94,14,14
64119,73,62,11,11
64120,102,94,8,8
64121,129,124,5,5
64122,130,142,-12,12
64123,103,84,19,19
64124,70,82,-12,12
64125,90,76,14,14
64126,118,121,-3,3
64127,85,66,19,19
64128,63,63,0,0
64129,62,53,9,9
64130,93,81,12,12
64131,66,75,-9,9
64132,57,52,5,5
64133,43,45,-2,2
64134,104,87,17,17
64135,131,112,19,19
64136,88,73,15,15
64137,79,73,6,6
64138,83,64,19,19
64139,77,64,13,13
64140,82,76,6,6
64141,109,94,15,15
64142,118,101,17,17
64143,134,121,13,13
64144,124,116,8,8
64145,105,100,5,5
64146,102,86,16,16
64147,109,95,14,14
64148,100,90,10,10
64149,84,79,5,5
64150,88,75,13,13
64151,86,75,11,11
64152,92,75,17,17
64153,125,105,20,20
64154,70,59,11,11
64155,167,126,41,41
64156,151,140,11,11
64157,80,65,15,15
64158,125,97,28,28
64159,140,135,5,5
64160,101,90,11,11
64161,68,57,11,11
64162,48,55,-7,7
64163,105,91,14,14
64164,72,61,11,11
64165,73,66,7,7
64166,139,124,15,15
64167,88,81,7,7
64168,65,87,-22,22
64169,100,88,12,12
64170,150,135,15,15
64171,116,103,13,13
64172,64,57,7,7
64173,115,93,22,22
64174,58,56,2,2
64175,132,126,6,6
64176,91,74,17,17
64177,75,59,16,16
64178,98,92,6,6
64179,109,96,13,13
64180,115,93,22,22
64181,86,86,0,0
64182,100,78,22,22
64183,77,68,9,9
64184,156,144,12,12
64185,63,54,9,9
64186,81,74,7,7
64187,95,82,13,13
64188,70,62,8,8
64189,100,90,10,10
64190,92,82,10,10
64191,150,137,13,13
64192,99,95,4,4
64193,133,113,20,20
64194,46,46,0,0
64195,99,79,20,20
64196,128,108,20,20
64197,77,71,6,6
64198,77,69,8,8
64199,62,62,0,0
64200,175,133,42,42
64201,183,163,20,20
64202,80,74,6,6
64203,124,112,12,12
64204,116,101,15,15
64205,140,130,10,10
64206,74,61,13,13
64207,104,108,-4,4
64208,43,47,-4,4
64209,191,161,30,30
64210,245,216,29,29
64211,94,79,15,15
64212,110,91,19,19
64213,86,77,9,9
64214,49,52,-3,3
64215,116,105,11,11
64216,58,53,5,5
64217,51,48,3,3
64218,96,85,11,11
64219,73,70,3,3
64220,100,91,9,9
64221,83,122,-39,39
64222,130,114,16,16
64223,64,62,2,2
64224,77,71,6,6
64225,126,116,10,10
64226,52,46,6,6
64227,84,72,12,12
64228,69,72,-3,3
64229,107,112,-5,5
64230,104,82,22,22
64231,55,49,6,6
64232,87,84,3,3
64233,88,82,6,6
64234,147,141,6,6
64235,122,101,21,21
64236,120,99,21,21
64237,166,143,23,23
64238,80,79,1,1
64239,122,110,12,12
64240,43,37,6,6
64241,121,99,22,22
64242,70,66,4,4
64243,101,89,12,12
64244,57,56,1,1
64245,100,85,15,15
64246,52,52,0,0
64247,69,65,4,4
64248,52,42,10,10
64249,60,56,4,4
64250,74,63,11,11
64251,92,85,7,7
64252,47,48,-1,1
64253,91,83,8,8
64254,72,69,3,3
64255,45,39,6,6
64256,70,69,1,1
64257,119,106,13,13
64258,113,103,10,10
64259,51,48,3,3
64260,56,54,2,2
64261,95,82,13,13
64262,82,83,-1,1
64263,79,71,8,8
64264,70,65,5,5
64265,78,71,7,7
64266,94,84,10,10
64267,68,60,8,8
64268,87,84,3,3
64269,164,165,-1,1
64270,101,84,17,17
64271,145,129,16,16
64272,50,45,5,5
64273,65,73,-8,8
64274,108,88,20,20
64275,77,65,12,12
64276,153,126,27,27
64277,113,96,17,17
64278,181,139,42,42
64279,52,48,4,4
64280,96,88,8,8
64281,139,117,22,22
64282,91,82,9,9
64283,73,68,5,5
64284,77,70,7,7
64285,71,64,7,7
64286,51,48,3,3
64287,90,79,11,11
64288,68,58,10,10
64289,73,67,6,6
64290,94,92,2,2
64291,69,60,9,9
64292,90,81,9,9
64293,154,141,13,13
64294,163,128,35,35
64295,74,69,5,5
64296,55,53,2,2
64297,73,69,4,4
64298,33,28,5,5
64299,154,131,23,23
64300,70,47,23,23
64301,72,66,6,6
64302,96,91,5,5
64303,117,103,14,14
64304,127,112,15,15
64305,84,80,4,4
64306,99,95,4,4
64307,72,65,7,7
64308,144,119,25,25
64309,74,69,5,5
64310,75,66,9,9
64311,89,76,13,13
64312,122,103,19,19
64313,165,143,22,22
64314,45,42,3,3
64315,82,80,2,2
64316,84,71,13,13
64317,166,147,19,19
64318,140,115,25,25
64319,96,94,2,2
64320,73,64,9,9
64321,200,168,32,32
64322,113,99,14,14
64323,137,118,19,19
64324,87,79,8,8
64325,127,112,15,15
64326,74,57,17,17
64327,89,75,14,14
64328,128,122,6,6
64329,73,67,6,6
64330,53,47,6,6
64331,26,39,-13,13
64332,104,95,9,9
64333,91,75,16,16
64334,157,135,22,22
64335,93,78,15,15
64336,125,118,7,7
64337,66,54,12,12
64338,125,107,18,18
64339,144,109,35,35
64340,106,89,17,17
64341,129,107,22,22
64342,86,85,1,1
64343,188,158,30,30
64344,142,119,23,23
64345,54,48,6,6
64346,185,140,45,45
64347,152,133,19,19
64348,55,47,8,8
64349,74,70,4,4
64350,132,124,8,8
64351,80,66,14,14
64352,77,67,10,10
64353,67,66,1,1
64354,71,61,10,10
64355,129,109,20,20
64356,116,96,20,20
64357,97,83,14,14
64358,39,38,1,1
64359,44,47,-3,3
64360,73,68,5,5
64361,78,67,11,11
64362,68,58,10,10
64363,57,48,9,9
64364,97,70,27,27
64365,77,69,8,8
64366,159,141,18,18
64367,144,116,28,28
64368,58,55,3,3
64369,74,73,1,1
64370,47,45,2,2
64371,86,76,10,10
64372,95,73,22,22
64373,74,64,10,10
64374,84,86,-2,2
64375,175,152,23,23
64376,47,42,5,5
64377,110,92,18,18
64378,181,154,27,27
64379,117,105,12,12
64380,77,61,16,16
64381,88,71,17,17
64382,84,82,2,2
64383,56,47,9,9
64384,49,44,5,5
64385,75,73,2,2
64386,58,49,9,9
64387,110,100,10,10
64388,80,73,7,7
64389,120,115,5,5
64390,79,87,-8,8
64391,107,101,6,6
64392,79,71,8,8
64393,69,59,10,10
64394,36,43,-7,7
64395,106,94,12,12
64396,64,55,9,9
64397,91,85,6,6
64398,70,67,3,3
64399,69,61,8,8
64400,75,70,5,5
64401,54,50,4,4
64402,69,68,1,1
64403,105,100,5,5
64404,67,64,3,3
64405,28,34,-6,6
64406,57,52,5,5
64407,46,35,11,11
64408,52,50,2,2
64409,122,109,13,13
64410,101,86,15,15
64411,129,107,22,22
64412,143,139,4,4
64413,193,161,32,32
64414,55,53,2,2
64415,92,82,10,10
64416,107,79,28,28
64417,137,108,29,29
64418,100,90,10,10
64419,61,63,-2,2
64420,113,88,25,25
64421,112,98,14,14
64422,78,63,15,15
64423,82,80,2,2
64424,58,60,-2,2
64425,65,49,16,16
64426,52,54,-2,2
64427,106,94,12,12
64428,47,47,0,0
64429,72,69,3,3
64430,75,70,5,5
64431,135,127,8,8
64432,87,80,7,7
64433,175,149,26,26
64434,99,93,6,6
64435,50,46,4,4
64436,90,76,14,14
64437,83,81,2,2
64438,68,62,6,6
64439,85,76,9,9
64440,73,69,4,4
64441,58,60,-2,2
64442,78,68,10,10
64443,89,86,3,3
64444,49,46,3,3
64445,73,58,15,15
64446,108,78,30,30
64447,60,59,1,1
64448,142,117,25,25
64449,217,176,41,41
64450,57,47,10,10
64451,61,53,8,8
64452,82,66,16,16
64453,73,67,6,6
64454,108,96,12,12
64455,139,132,7,7
64456,80,67,13,13
64457,218,189,29,29
64458,119,106,13,13
64459,105,92,13,13
64460,57,54,3,3
64461,106,103,3,3
64462,74,72,2,2
64463,77,73,4,4
64464,143,124,19,19
64465,103,91,12,12
64466,120,104,16,16
64467,124,99,25,25
64468,112,95,17,17
64469,105,88,17,17
64470,144,128,16,16
64471,97,80,17,17
64472,65,57,8,8
64473,74,65,9,9
64474,55,52,3,3
64475,80,73,7,7
64476,115,102,13,13
64477,145,134,11,11
64478,103,100,3,3
64479,132,109,23,23
64480,46,37,9,9
64481,59,52,7,7
64482,83,71,12,12
64483,150,135,15,15
64484,182,157,25,25
64485,44,48,-4,4
64486,64,67,-3,3
64487,53,48,5,5
64488,78,77,1,1
64489,112,109,3,3
64490,109,97,12,12
64491,95,93,2,2
64492,62,79,-17,17
64493,57,56,1,1
64494,130,116,14,14
64495,101,86,15,15
64496,135,125,10,10
64497,100,105,-5,5
64498,107,105,2,2
64499,97,93,4,4
64500,79,67,12,12
64501,80,76,4,4
64502,94,65,29,29
64503,122,106,16,16
64504,57,53,4,4
64505,58,57,1,1
64506,76,68,8,8
64507,144,118,26,26
64508,51,43,8,8
64509,54,52,2,2
64510,85,77,8,8
64511,61,57,4,4
64512,148,112,36,36
64513,33,38,-5,5
64514,99,84,15,15
64515,117,99,18,18
64516,82,70,12,12
64517,54,71,-17,17
64518,144,122,22,22
64519,141,120,21,21
64520,80,78,2,2
64521,203,166,37,37
64522,93,82,11,11
64523,65,58,7,7
64524,61,50,11,11
64525,139,119,20,20
64526,84,76,8,8
64527,72,71,1,1
64528,68,65,3,3
64529,56,62,-6,6
64530,101,89,12,12
64531,63,66,-3,3
64532,94,86,8,8
64533,120,106,14,14
64534,113,104,9,9
64535,32,35,-3,3
64536,94,95,-1,1
64537,116,105,11,11
64538,101,86,15,15
64539,57,55,2,2
64540,144,124,20,20
64541,76,69,7,7
64542,94,82,12,12
64543,80,74,6,6
64544,100,87,13,13
64545,150,122,28,28
64546,85,79,6,6
64547,77,66,11,11
64548,75,66,9,9
64549,170,143,27,27
64550,138,130,8,8
64551,74,63,11,11
64552,83,72,11,11
64553,193,170,23,23
64554,95,76,19,19
64555,132,116,16,16
64556,69,61,8,8
64557,120,120,0,0
64558,102,88,14,14
64559,87,72,15,15
64560,133,102,31,31
64561,106,93,13,13
64562,90,85,5,5
64563,61,57,4,4
64564,87,78,9,9
64565,130,112,18,18
64566,77,72,5,5
64567,80,90,-10,10
64568,95,70,25,25
64569,64,58,6,6
64570,57,58,-1,1
64571,70,63,7,7
64572,111,97,14,14
64573,54,52,2,2
64574,142,149,-7,7
64575,52,52,0,0
64576,47,49,-2,2
64577,133,124,9,9
64578,140,133,7,7
64579,60,58,2,2
64580,186,143,43,43
64581,77,70,7,7
64582,101,84,17,17
64583,59,52,7,7
64584,121,114,7,7
64585,104,99,5,5
64586,155,120,35,35
64587,83,71,12,12
64588,77,68,9,9
64589,123,97,26,26
64590,59,52,7,7
64591,105,82,23,23
64592,75,74,1,1
64593,116,95,21,21
64594,72,65,7,7
64595,149,140,9,9
64596,119,101,18,18
64597,63,64,-1,1
64598,87,73,14,14
64599,137,118,19,19
64600,82,66,16,16
64601,125,108,17,17
64602,36,43,-7,7
64603,67,63,4,4
64604,116,106,10,10
64605,155,130,25,25
64606,103,80,23,23
64607,104,87,17,17
64608,143,125,18,18
64609,123,109,14,14
64610,121,102,19,19
64611,87,69,18,18
64612,72,68,4,4
64613,49,62,-13,13
64614,69,71,-2,2
64615,72,79,-7,7
64616,116,86,30,30
64617,138,130,8,8
64618,97,88,9,9
64619,63,55,8,8
64620,109,91,18,18
64621,80,73,7,7
64622,96,83,13,13
64623,98,77,21,21
64624,101,94,7,7
64625,143,132,11,11
64626,90,78,12,12
64627,85,73,12,12
64628,120,112,8,8
64629,65,54,11,11
64630,161,131,30,30
64631,124,97,27,27
64632,103,93,10,10
64633,99,87,12,12
64634,121,115,6,6
64635,122,106,16,16
64636,104,99,5,5
64637,160,154,6,6
64638,109,79,30,30
64639,63,59,4,4
64640,112,100,12,12
64641,88,75,13,13
64642,88,76,12,12
64643,101,104,-3,3
64644,50,45,5,5
64645,170,159,11,11
64646,64,65,-1,1
64647,102,100,2,2
64648,93,81,12,12
64649,132,114,18,18
64650,75,75,0,0
64651,84,67,17,17
64652,60,57,3,3
64653,103,103,0,0
64654,58,54,4,4
64655,153,125,28,28
64656,135,111,24,24
64657,62,72,-10,10
64658,162,134,28,28
64659,74,68,6,6
64660,90,73,17,17
64661,127,112,15,15
64662,97,92,5,5
64663,102,89,13,13
64664,117,101,16,16
64665,38,40,-2,2
64666,114,97,17,17
64667,45,36,9,9
64668,100,89,11,11
64669,61,53,8,8
64670,101,83,18,18
64671,120,108,12,12
64672,152,127,25,25
64673,84,79,5,5
64674,100,81,19,19
64675,108,89,19,19
64676,124,123,1,1
64677,148,140,8,8
64678,46,45,1,1
64679,119,107,12,12
64680,118,98,20,20
64681,52,52,0,0
64682,104,100,4,4
64683,82,90,-8,8
64684,100,80,20,20
64685,118,98,20,20
64686,70,66,4,4
64687,104,78,26,26
64688,141,121,20,20
64689,97,86,11,11
64690,24,30,-6,6
64691,192,153,39,39
64692,71,59,12,12
64693,78,77,1,1
64694,46,47,-1,1
64695,79,73,6,6
64696,153,122,31,31
64697,88,89,-1,1
64698,64,65,-1,1
64699,81,66,15,15
64700,81,73,8,8
64701,105,90,15,15
64702,88,83,5,5
64703,120,113,7,7
64704,68,60,8,8
64705,84,75,9,9
64706,121,104,17,17
64707,80,67,13,13
64708,138,126,12,12
64709,90,74,16,16
64710,87,82,5,5
64711,92,83,9,9
64712,111,106,5,5
64713,77,66,11,11
64714,74,67,7,7
64715,170,128,42,42
64716,77,72,5,5
64717,117,110,7,7
64718,151,119,32,32
64719,84,79,5,5
64720,108,105,3,3
64721,69,67,2,2
64722,121,113,8,8
64723,94,92,2,2
64724,41,39,2,2
64725,140,120,20,20
64726,76,62,14,14
64727,85,67,18,18
64728,104,100,4,4
64729,48,48,0,0
64730,128,121,7,7
64731,68,61,7,7
64732,70,61,9,9
64733,93,74,19,19
64734,69,71,-2,2
64735,56,47,9,9
64736,96,87,9,9
64737,50,47,3,3
64738,64,62,2,2
64739,69,67,2,2
64740,89,77,12,12
64741,75,72,3,3
64742,77,70,7,7
64743,68,57,11,11
64744,59,79,-20,20
64745,140,111,29,29
64746,79,65,14,14
64747,46,42,4,4
64748,54,45,9,9
64749,89,84,5,5
64750,99,91,8,8
64751,68,61,7,7
64752,86,84,2,2
64753,106,85,21,21
64754,82,71,11,11
64755,97,116,-19,19
64756,29,38,-9,9
64757,99,82,17,17
64758,119,110,9,9
64759,102,92,10,10
64760,104,95,9,9
64761,148,112,36,36
64762,146,124,22,22
64763,107,90,17,17
64764,49,45,4,4
64765,45,41,4,4
64766,133,117,16,16
64767,102,92,10,10
64768,110,104,6,6
64769,100,88,12,12
64770,112,95,17,17
64771,59,61,-2,2
64772,73,59,14,14
64773,115,114,1,1
64774,88,77,11,11
64775,77,78,-1,1
64776,133,117,16,16
64777,86,78,8,8
64778,74,59,15,15
64779,125,111,14,14
64780,97,90,7,7
64781,71,59,12,12
64782,42,42,0,0
64783,140,124,16,16
64784,70,63,7,7
64785,76,75,1,1
64786,59,52,7,7
64787,87,83,4,4
64788,134,111,23,23
64789,173,144,29,29
64790,47,44,3,3
64791,112,91,21,21
64792,94,91,3,3
64793,81,69,12,12
64794,152,135,17,17
64795,56,54,2,2
64796,72,66,6,6
64797,82,72,10,10
64798,68,62,6,6
64799,87,80,7,7
64800,116,119,-3,3
64801,49,40,9,9
64802,124,109,15,15
64803,146,134,12,12
64804,151,127,24,24
64805,67,79,-12,12
64806,57,82,-25,25
64807,147,132,15,15
64808,104,95,9,9
64809,124,115,9,9
64810,46,48,-2,2
64811,118,108,10,10
64812,110,99,11,11
64813,82,71,11,11
64814,97,80,17,17
64815,104,85,19,19
64816,46,43,3,3
64817,76,74,2,2
64818,66,62,4,4
64819,51,46,5,5
64820,63,52,11,11
64821,81,70,11,11
64822,110,98,12,12
64823,160,143,17,17
64824,65,58,7,7
64825,43,43,0,0
64826,67,106,-39,39
64827,104,89,15,15
64828,83,80,3,3
64829,57,63,-6,6
64830,139,121,18,18
64831,78,71,7,7
64832,68,55,13,13
64833,91,78,13,13
64834,117,105,12,12
64835,117,99,18,18
64836,110,103,7,7
64837,67,60,7,7
64838,89,82,7,7
64839,96,93,3,3
64840,92,91,1,1
64841,87,75,12,12
64842,92,73,19,19
64843,59,58,1,1
64844,66,59,7,7
64845,160,144,16,16
64846,188,153,35,35
64847,96,87,9,9
64848,75,73,2,2
64849,140,119,21,21
64850,95,82,13,13
64851,83,75,8,8
64852,103,93,10,10
64853,81,75,6,6
64854,87,78,9,9
64855,90,82,8,8
64856,66,61,5,5
64857,100,84,16,16
64858,75,67,8,8
64859,50,44,6,6
64860,68,62,6,6
64861,82,70,12,12
64862,72,60,12,12
64863,56,54,2,2
64864,113,101,12,12
64865,41,44,-3,3
64866,56,53,3,3
64867,92,78,14,14
64868,68,62,6,6
64869,63,58,5,5
64870,111,104,7,7
64871,74,68,6,6
64872,91,81,10,10
64873,84,121,-37,37
64874,107,106,1,1
64875,95,82,13,13
64876,80,68,12,12
64877,125,117,8,8
64878,57,49,8,8
64879,115,110,5,5
64880,117,101,16,16
64881,71,68,3,3
64882,72,63,9,9
64883,199,165,34,34
64884,100,96,4,4
64885,75,61,14,14
64886,78,67,11,11
64887,82,69,13,13
64888,85,77,8,8
64889,53,53,0,0
64890,89,78,11,11
64891,111,92,19,19
64892,58,52,6,6
64893,74,61,13,13
64894,106,106,0,0
64895,139,123,16,16
64896,94,81,13,13
64897,66,58,8,8
64898,140,111,29,29
64899,100,89,11,11
64900,60,55,5,5
64901,118,95,23,23
64902,108,84,24,24
64903,131,108,23,23
64904,141,138,3,3
64905,107,94,13,13
64906,65,70,-5,5
64907,104,96,8,8
64908,121,112,9,9
64909,93,90,3,3
64910,85,82,3,3
64911,77,68,9,9
64912,113,94,19,19
64913,44,42,2,2
64914,110,111,-1,1
64915,75,62,13,13
64916,65,66,-1,1
64917,59,52,7,7
64918,102,80,22,22
64919,93,99,-6,6
64920,85,77,8,8
64921,57,50,7,7
64922,129,112,17,17
64923,45,49,-4,4
64924,60,70,-10,10
64925,89,86,3,3
64926,93,85,8,8
64927,104,93,11,11
64928,55,50,5,5
64929,83,79,4,4
64930,137,116,21,21
64931,109,87,22,22
64932,69,62,7,7
64933,110,114,-4,4
64934,119,92,27,27
64935,97,80,17,17
64936,81,72,9,9
64937,104,91,13,13
64938,71,71,0,0
64939,50,52,-2,2
64940,136,115,21,21
64941,70,58,12,12
64942,63,63,0,0
64943,90,84,6,6
64944,102,88,14,14
64945,50,47,3,3
64946,138,112,26,26
64947,103,116,-13,13
64948,127,111,16,16
64949,129,118,11,11
64950,144,126,18,18
64951,52,52,0,0
64952,72,67,5,5
64953,94,88,6,6
64954,77,63,14,14
64955,62,59,3,3
64956,91,84,7,7
64957,58,51,7,7
64958,78,69,9,9
64959,63,57,6,6
64960,111,92,19,19
64961,87,79,8,8
64962,85,73,12,12
64963,224,177,47,47
64964,99,84,15,15
64965,84,70,14,14
64966,101,89,12,12
64967,156,124,32,32
64968,50,45,5,5
64969,82,72,10,10
64970,190,172,18,18
64971,127,119,8,8
64972,61,57,4,4
64973,100,93,7,7
64974,81,76,5,5
64975,141,113,28,28
64976,80,68,12,12
64977,67,60,7,7
64978,90,83,7,7
64979,81,67,14,14
64980,55,46,9,9
64981,85,78,7,7
64982,36,39,-3,3
64983,87,68,19,19
64984,73,75,-2,2
64985,90,77,13,13
64986,69,58,11,11
64987,88,75,13,13
64988,64,60,4,4
64989,56,51,5,5
64990,130,106,24,24
64991,59,51,8,8
64992,140,132,8,8
64993,129,106,23,23
64994,122,106,16,16
64995,69,60,9,9
64996,65,67,-2,2
64997,103,91,12,12
64998,36,32,4,4
64999,193,174,19,19
65000,123,107,16,16
65001,77,69,8,8
65002,75,64,11,11
65003,85,85,0,0
65004,124,111,13,13
65005,148,135,13,13
65006,92,87,5,5
65007,70,58,12,12
65008,129,111,18,18
65009,51,45,6,6
65010,98,79,19,19
65011,130,109,21,21
65012,134,117,17,17
65013,89,75,14,14
65014,83,82,1,1
65015,89,80,9,9
65016,101,88,13,13
65017,110,87,23,23
65018,68,61,7,7
65019,68,57,11,11
65020,72,66,6,6
65021,77,70,7,7
65022,147,122,25,25
65023,117,103,14,14
65024,79,88,-9,9
65025,103,96,7,7
65026,65,64,1,1
65027,102,89,13,13
65028,66,62,4,4
65029,101,83,18,18
65030,77,71,6,6
65031,58,58,0,0
65032,75,70,5,5
65033,50,57,-7,7
65034,116,101,15,15
65035,78,68,10,10
65036,111,90,21,21
65037,35,37,-2,2
65038,94,81,13,13
65039,136,113,23,23
65040,71,62,9,9
65041,94,95,-1,1
65042,81,69,12,12
65043,54,47,7,7
65044,94,77,17,17
65045,94,87,7,7
65046,143,125,18,18
65047,82,74,8,8
65048,156,130,26,26
65049,81,78,3,3
65050,169,150,19,19
65051,104,92,12,12
65052,107,98,9,9
65053,69,72,-3,3
65054,123,93,30,30
65055,51,48,3,3
65056,88,86,2,2
65057,41,40,1,1
65058,56,57,-1,1
65059,138,125,13,13
65060,102,86,16,16
65061,97,86,11,11
65062,124,117,7,7
65063,124,104,20,20
65064,119,120,-1,1
65065,55,47,8,8
65066,116,102,14,14
65067,60,52,8,8
65068,134,110,24,24
65069,63,81,-18,18
65070,73,65,8,8
65071,145,128,17,17
65072,111,105,6,6
65073,110,106,4,4
65074,194,161,33,33
65075,92,87,5,5
65076,97,79,18,18
65077,116,105,11,11
65078,61,51,10,10
65079,150,132,18,18
65080,45,42,3,3
65081,99,80,19,19
65082,79,69,10,10
65083,118,108,10,10
65084,74,60,14,14
65085,108,95,13,13
65086,85,70,15,15
65087,89,72,17,17
65088,107,98,9,9
65089,165,152,13,13
65090,84,72,12,12
65091,132,112,20,20
65092,90,76,14,14
65093,144,109,35,35
65094,87,83,4,4
65095,103,80,23,23
65096,98,93,5,5
65097,88,77,11,11
65098,125,109,16,16
65099,112,91,21,21
65100,51,54,-3,3
65101,105,98,7,7
65102,149,115,34,34
65103,109,95,14,14
65104,74,66,8,8
65105,83,74,9,9
65106,85,78,7,7
65107,75,61,14,14
65108,78,76,2,2
65109,67,62,5,5
65110,48,46,2,2
65111,109,76,33,33
65112,92,77,15,15
65113,90,84,6,6
65114,90,78,12,12
65115,98,85,13,13
65116,76,65,11,11
65117,83,77,6,6
65118,148,135,13,13
65119,99,88,11,11
65120,68,60,8,8
65121,79,66,13,13
65122,98,91,7,7
65123,194,172,22,22
65124,90,75,15,15
65125,70,60,10,10
65126,88,80,8,8
65127,66,59,7,7
65128,81,61,20,20
65129,122,110,12,12
65130,96,88,8,8
65131,69,64,5,5
65132,113,89,24,24
65133,61,62,-1,1
65134,101,75,26,26
65135,178,153,25,25
65136,111,96,15,15
65137,81,69,12,12
65138,147,146,1,1
65139,121,103,18,18
65140,78,63,15,15
65141,86,75,11,11
65142,54,49,5,5
65143,46,43,3,3
65144,62,61,1,1
65145,94,86,8,8
65146,101,90,11,11
65147,60,59,1,1
65148,72,60,12,12
65149,75,76,-1,1
65150,148,127,21,21
65151,123,102,21,21
65152,81,82,-1,1
65153,126,113,13,13
65154,163,138,25,25
65155,105,94,11,11
65156,85,74,11,11
65157,102,87,15,15
65158,89,78,11,11
65159,123,114,9,9
65160,62,52,10,10
65161,78,77,1,1
65162,98,83,15,15
65163,68,61,7,7
65164,99,92,7,7
65165,112,93,19,19
65166,89,75,14,14
65167,89,85,4,4
65168,83,68,15,15
65169,119,106,13,13
65170,92,90,2,2
65171,77,72,5,5
65172,74,63,11,11
65173,115,120,-5,5
65174,107,93,14,14
65175,98,79,19,19
65176,136,115,21,21
65177,42,44,-2,2
65178,119,109,10,10
65179,119,108,11,11
65180,109,93,16,16
65181,113,101,12,12
65182,164,143,21,21
65183,86,74,12,12
65184,97,89,8,8
65185,112,104,8,8
65186,124,109,15,15
65187,84,86,-2,2
65188,77,71,6,6
65189,87,80,7,7
65190,52,48,4,4
65191,112,97,15,15
65192,78,68,10,10
65193,93,83,10,10
65194,115,114,1,1
65195,76,65,11,11
65196,209,172,37,37
65197,41,48,-7,7
65198,115,97,18,18
65199,155,124,31,31
65200,53,47,6,6
65201,72,65,7,7
65202,110,77,33,33
65203,91,86,5,5
65204,99,87,12,12
65205,88,87,1,1
65206,100,90,10,10
65207,73,75,-2,2
65208,70,60,10,10
65209,126,112,14,14
65210,102,90,12,12
65211,97,81,16,16
65212,60,60,0,0
65213,44,42,2,2
65214,62,64,-2,2
65215,52,51,1,1
65216,128,111,17,17
65217,168,145,23,23
65218,101,92,9,9
65219,106,98,8,8
65220,191,150,41,41
65221,51,56,-5,5
65222,196,152,44,44
65223,92,88,4,4
65224,47,40,7,7
65225,115,95,20,20
65226,70,59,11,11
65227,84,82,2,2
65228,145,126,19,19
65229,102,93,9,9
65230,31,29,2,2
65231,65,57,8,8
65232,92,81,11,11
65233,77,72,5,5
65234,90,83,7,7
65235,30,30,0,0
65236,72,73,-1,1
65237,109,100,9,9
65238,148,132,16,16
65239,81,71,10,10
65240,75,64,11,11
65241,60,55,5,5
65242,147,128,19,19
65243,95,72,23,23
65244,71,68,3,3
65245,145,136,9,9
65246,91,87,4,4
65247,48,63,-15,15
65248,94,83,11,11
65249,86,84,2,2
65250,70,61,9,9
65251,120,111,9,9
65252,117,105,12,12
65253,118,85,33,33
65254,66,60,6,6
65255,70,60,10,10
65256,51,45,6,6
65257,80,75,5,5
65258,78,74,4,4
65259,136,108,28,28
65260,105,97,8,8
65261,94,75,19,19
65262,119,100,19,19
65263,119,108,11,11
65264,66,55,11,11
65265,133,113,20,20
65266,106,93,13,13
65267,110,89,21,21
65268,109,93,16,16
65269,97,99,-2,2
65270,54,53,1,1
65271,143,121,22,22
65272,103,97,6,6
65273,55,51,4,4
65274,72,63,9,9
65275,300,225,75,75
65276,110,95,15,15
65277,120,108,12,12
65278,114,109,5,5
65279,65,62,3,3
65280,51,48,3,3
65281,107,87,20,20
65282,86,81,5,5
65283,91,83,8,8
65284,102,83,19,19
65285,72,56,16,16
65286,82,72,10,10
65287,134,113,21,21
65288,133,112,21,21
65289,79,73,6,6
65290,146,131,15,15
65291,176,144,32,32
65292,117,102,15,15
65293,82,77,5,5
65294,105,92,13,13
65295,89,82,7,7
65296,72,69,3,3
65297,71,55,16,16
65298,117,106,11,11
65299,140,123,17,17
65300,80,74,6,6
65301,53,50,3,3
65302,185,162,23,23
65303,111,90,21,21
65304,92,87,5,5
65305,91,79,12,12
65306,112,87,25,25
65307,59,53,6,6
65308,106,89,17,17
65309,53,54,-1,1
65310,132,118,14,14
65311,80,76,4,4
65312,163,147,16,16
65313,58,59,-1,1
65314,138,110,28,28
65315,173,149,24,24
65316,64,63,1,1
65317,78,64,14,14
65318,101,96,5,5
65319,103,90,13,13
65320,87,74,13,13
65321,105,91,14,14
65322,94,80,14,14
65323,89,83,6,6
65324,63,64,-1,1
65325,92,77,15,15
65326,139,129,10,10
65327,78,73,5,5
65328,58,71,-13,13
65329,77,73,4,4
65330,71,92,-21,21
65331,154,141,13,13
65332,93,79,14,14
65333,61,54,7,7
65334,168,142,26,26
65335,139,116,23,23
65336,78,71,7,7
65337,132,114,18,18
65338,56,50,6,6
65339,78,74,4,4
65340,86,79,7,7
65341,68,62,6,6
65342,31,53,-22,22
65343,60,53,7,7
65344,150,129,21,21
65345,117,102,15,15
65346,104,89,15,15
65347,102,90,12,12
65348,77,76,1,1
65349,64,63,1,1
65350,103,94,9,9
65351,113,99,14,14
65352,96,87,9,9
65353,114,85,29,29
65354,126,108,18,18
65355,106,98,8,8
65356,59,55,4,4
65357,81,76,5,5
65358,109,91,18,18
65359,121,116,5,5
65360,70,62,8,8
65361,148,132,16,16
65362,94,78,16,16
65363,127,107,20,20
65364,117,108,9,9
65365,104,90,14,14
65366,46,48,-2,2
65367,106,108,-2,2
65368,94,77,17,17
65369,124,102,22,22
65370,62,60,2,2
65371,62,68,-6,6
65372,74,74,0,0
65373,53,51,2,2
65374,40,40,0,0
65375,70,62,8,8
65376,60,56,4,4
65377,45,39,6,6
65378,111,99,12,12
65379,37,43,-6,6
65380,88,90,-2,2
65381,51,94,-43,43
65382,66,61,5,5
65383,76,65,11,11
65384,91,77,14,14
65385,121,111,10,10
65386,135,117,18,18
65387,87,84,3,3
65388,99,88,11,11
65389,106,94,12,12
65390,83,78,5,5
65391,94,78,16,16
65392,76,68,8,8
65393,69,60,9,9
65394,100,101,-1,1
65395,118,105,13,13
65396,66,73,-7,7
65397,89,82,7,7
65398,104,105,-1,1
65399,110,85,25,25
65400,106,90,16,16
65401,118,104,14,14
65402,83,81,2,2
65403,85,73,12,12
65404,73,75,-2,2
65405,72,59,13,13
65406,61,54,7,7
65407,59,54,5,5
65408,114,106,8,8
65409,68,66,2,2
65410,179,156,23,23
65411,70,63,7,7
65412,91,78,13,13
65413,114,96,18,18
65414,108,95,13,13
65415,79,70,9,9
65416,79,67,12,12
65417,125,115,10,10
65418,117,89,28,28
65419,68,69,-1,1
65420,79,70,9,9
65421,103,100,3,3
65422,207,168,39,39
65423,63,62,1,1
65424,117,103,14,14
65425,63,55,8,8
65426,71,65,6,6
65427,74,73,1,1
65428,55,48,7,7
65429,170,143,27,27
65430,69,61,8,8
65431,51,54,-3,3
65432,55,51,4,4
65433,73,65,8,8
65434,89,97,-8,8
65435,173,140,33,33
65436,119,105,14,14
65437,85,80,5,5
65438,94,86,8,8
65439,104,86,18,18
65440,96,87,9,9
65441,61,58,3,3
65442,86,80,6,6
65443,95,83,12,12
65444,161,139,22,22
65445,80,71,9,9
65446,112,95,17,17
65447,75,72,3,3
65448,141,117,24,24
65449,161,145,16,16
65450,99,90,9,9
65451,94,81,13,13
65452,146,119,27,27
65453,72,65,7,7
65454,105,83,22,22
65455,69,62,7,7
65456,113,95,18,18
65457,132,101,31,31
65458,121,109,12,12
65459,91,86,5,5
65460,70,59,11,11
65461,96,84,12,12
65462,155,134,21,21
65463,130,123,7,7
65464,186,148,38,38
65465,96,88,8,8
65466,146,142,4,4
65467,113,96,17,17
65468,86,82,4,4
65469,104,89,15,15
65470,66,58,8,8
65471,96,80,16,16
65472,88,69,19,19
65473,111,92,19,19
65474,146,121,25,25
65475,86,68,18,18
65476,46,44,2,2
65477,72,65,7,7
65478,170,138,32,32
65479,35,33,2,2
65480,90,81,9,9
65481,143,130,13,13
65482,157,134,23,23
65483,62,61,1,1
65484,65,57,8,8
65485,75,64,11,11
65486,89,80,9,9
65487,82,65,17,17
65488,80,75,5,5
65489,56,48,8,8
65490,76,64,12,12
65491,113,103,10,10
65492,104,102,2,2
65493,99,85,14,14
65494,62,56,6,6
65495,140,127,13,13
65496,76,72,4,4
65497,114,99,15,15
65498,108,102,6,6
65499,81,65,16,16
65500,63,56,7,7
65501,125,109,16,16
65502,70,53,17,17
65503,90,82,8,8
65504,37,39,-2,2
65505,92,92,0,0
65506,96,91,5,5
65507,85,75,10,10
65508,106,97,9,9
65509,86,73,13,13
65510,101,80,21,21
65511,101,91,10,10
65512,100,93,7,7
65513,105,89,16,16
65514,71,69,2,2
65515,58,49,9,9
65516,179,149,30,30
65517,106,94,12,12
65518,89,75,14,14
65519,84,69,15,15
65520,113,94,19,19
65521,129,108,21,21
65522,87,85,2,2
65523,122,112,10,10
65524,109,98,11,11
65525,78,75,3,3
65526,96,86,10,10
65527,176,135,41,41
65528,114,99,15,15
65529,89,70,19,19
65530,115,92,23,23
65531,73,60,13,13
65532,68,64,4,4
65533,148,129,19,19
65534,70,64,6,6
65535,108,91,17,17
65536,60,51,9,9
65537,98,77,21,21
65538,47,44,3,3
65539,84,80,4,4
65540,60,49,11,11
65541,119,112,7,7
65542,66,63,3,3
65543,115,102,13,13
65544,172,138,34,34
65545,105,88,17,17
65546,83,69,14,14
65547,75,63,12,12
65548,48,43,5,5
65549,100,90,10,10
65550,59,59,0,0
65551,67,56,11,11
65552,103,98,5,5
65553,48,43,5,5
65554,108,107,1,1
65555,77,58,19,19
65556,126,108,18,18
65557,82,93,-11,11
65558,38,43,-5,5
65559,99,84,15,15
65560,56,52,4,4
65561,131,101,30,30
65562,96,77,19,19
65563,83,77,6,6
65564,120,100,20,20
65565,102,84,18,18
65566,93,86,7,7
65567,127,111,16,16
65568,67,52,15,15
65569,98,84,14,14
65570,77,62,15,15
65571,84,67,17,17
65572,96,81,15,15
65573,118,102,16,16
65574,84,76,8,8
65575,70,74,-4,4
65576,100,91,9,9
65577,118,101,17,17
65578,54,50,4,4
65579,170,143,27,27
65580,91,88,3,3
65581,86,73,13,13
65582,82,78,4,4
65583,123,110,13,13
65584,94,83,11,11
65585,86,65,21,21
65586,142,132,10,10
65587,132,105,27,27
65588,140,119,21,21
65589,177,138,39,39
65590,54,56,-2,2
65591,51,51,0,0
65592,130,109,21,21
65593,71,65,6,6
65594,61,53,8,8
65595,93,79,14,14
65596,93,89,4,4
65597,83,72,11,11
65598,104,84,20,20
65599,93,85,8,8
65600,88,76,12,12
65601,89,83,6,6
65602,154,144,10,10
65603,53,48,5,5
65604,85,75,10,10
65605,89,87,2,2
65606,107,97,10,10
65607,102,91,11,11
65608,88,86,2,2
65609,35,34,1,1
65610,118,100,18,18
65611,63,55,8,8
65612,56,55,1,1
65613,41,35,6,6
65614,108,99,9,9
65615,137,122,15,15
65616,70,57,13,13
65617,131,127,4,4
65618,83,68,15,15
65619,87,75,12,12
65620,87,84,3,3
65621,134,117,17,17
65622,108,81,27,27
65623,73,77,-4,4
65624,110,93,17,17
65625,100,71,29,29
65626,57,61,-4,4
65627,101,86,15,15
65628,124,105,19,19
65629,100,91,9,9
65630,116,107,9,9
65631,124,97,27,27
65632,119,111,8,8
65633,95,97,-2,2
65634,131,107,24,24
65635,46,45,1,1
65636,119,98,21,21
65637,86,73,13,13
65638,148,131,17,17
65639,63,54,9,9
65640,84,69,15,15
65641,88,73,15,15
65642,125,104,21,21
65643,180,143,37,37
65644,92,86,6,6
65645,73,69,4,4
65646,54,53,1,1
65647,125,116,9,9
65648,158,139,19,19
65649,115,100,15,15
65650,176,155,21,21
65651,71,79,-8,8
65652,109,106,3,3
65653,115,98,17,17
65654,135,114,21,21
65655,75,66,9,9
65656,71,67,4,4
65657,74,75,-1,1
65658,123,119,4,4
65659,85,78,7,7
65660,124,106,18,18
65661,51,48,3,3
65662,53,53,0,0
65663,97,93,4,4
65664,92,82,10,10
65665,122,111,11,11
65666,183,151,32,32
65667,94,92,2,2
65668,151,126,25,25
65669,65,58,7,7
65670,146,130,16,16
65671,68,69,-1,1
65672,186,119,67,67
65673,121,97,24,24
65674,77,67,10,10
65675,99,96,3,3
65676,102,95,7,7
65677,80,71,9,9
65678,123,108,15,15
65679,90,86,4,4
65680,96,90,6,6
65681,119,90,29,29
65682,136,118,18,18
65683,84,71,13,13
65684,135,121,14,14
65685,84,94,-10,10
65686,56,50,6,6
65687,81,73,8,8
65688,69,55,14,14
65689,89,64,25,25
65690,105,93,12,12
65691,113,102,11,11
65692,79,67,12,12
65693,167,133,34,34
65694,85,69,16,16
65695,80,73,7,7
65696,72,66,6,6
65697,129,115,14,14
65698,155,124,31,31
65699,53,50,3,3
65700,48,44,4,4
65701,45,38,7,7
65702,55,52,3,3
65703,99,91,8,8
65704,91,83,8,8
65705,75,62,13,13
65706,84,73,11,11
65707,38,42,-4,4
65708,41,40,1,1
65709,86,78,8,8
65710,76,65,11,11
65711,53,52,1,1
65712,63,58,5,5
65713,79,67,12,12
65714,145,124,21,21
65715,97,89,8,8
65716,120,106,14,14
65717,74,67,7,7
65718,96,87,9,9
65719,101,83,18,18
65720,94,93,1,1
65721,92,74,18,18
65722,83,64,19,19
65723,122,96,26,26
65724,57,51,6,6
65725,56,57,-1,1
65726,123,112,11,11
65727,104,93,11,11
65728,147,125,22,22
65729,190,175,15,15
65730,120,104,16,16
65731,173,144,29,29
65732,52,46,6,6
65733,134,113,21,21
65734,110,94,16,16
65735,84,72,12,12
65736,92,84,8,8
65737,112,92,20,20
65738,60,55,5,5
65739,76,70,6,6
65740,159,132,27,27
65741,61,61,0,0
65742,141,117,24,24
65743,107,94,13,13
65744,103,83,20,20
65745,129,119,10,10
65746,61,53,8,8
65747,77,65,12,12
65748,84,78,6,6
65749,78,70,8,8
65750,47,43,4,4
65751,140,118,22,22
65752,56,48,8,8
65753,154,125,29,29
65754,77,77,0,0
65755,85,64,21,21
65756,104,102,2,2
65757,70,78,-8,8
65758,71,66,5,5
65759,63,55,8,8
65760,84,73,11,11
65761,110,89,21,21
65762,88,88,0,0
65763,74,69,5,5
65764,72,77,-5,5
65765,46,42,4,4
65766,94,83,11,11
65767,93,92,1,1
65768,63,56,7,7
65769,100,90,10,10
65770,71,64,7,7
65771,113,104,9,9
65772,88,74,14,14
65773,83,60,23,23
65774,76,74,2,2
65775,83,67,16,16
65776,153,119,34,34
65777,134,124,10,10
65778,91,82,9,9
65779,56,51,5,5
65780,89,81,8,8
65781,51,50,1,1
65782,121,100,21,21
65783,107,96,11,11
65784,97,132,-35,35
65785,79,70,9,9
65786,115,96,19,19
65787,60,57,3,3
65788,105,91,14,14
65789,65,62,3,3
65790,57,53,4,4
65791,169,141,28,28
65792,92,81,11,11
65793,104,107,-3,3
65794,68,60,8,8
65795,72,62,10,10
65796,92,83,9,9
65797,124,111,13,13
65798,85,79,6,6
65799,123,109,14,14
65800,112,93,19,19
65801,138,133,5,5
65802,205,174,31,31
65803,88,80,8,8
65804,82,74,8,8
65805,77,72,5,5
65806,68,58,10,10
65807,125,108,17,17
65808,87,76,11,11
65809,112,102,10,10
65810,66,67,-1,1
65811,132,109,23,23
65812,136,110,26,26
65813,232,195,37,37
65814,63,59,4,4
65815,77,74,3,3
65816,121,105,16,16
65817,161,137,24,24
65818,200,145,55,55
65819,65,57,8,8
65820,104,83,21,21
65821,129,101,28,28
65822,129,128,1,1
65823,123,104,19,19
65824,72,68,4,4
65825,59,52,7,7
65826,94,94,0,0
65827,102,101,1,1
65828,74,67,7,7
65829,64,57,7,7
65830,48,46,2,2
65831,80,72,8,8
65832,112,90,22,22
65833,67,113,-46,46
65834,79,77,2,2
65835,79,72,7,7
65836,51,49,2,2
65837,213,177,36,36
65838,116,106,10,10
65839,82,73,9,9
65840,88,81,7,7
65841,154,146,8,8
65842,93,80,13,13
65843,115,102,13,13
65844,58,49,9,9
65845,89,85,4,4
65846,69,61,8,8
65847,124,103,21,21
65848,87,76,11,11
65849,114,103,11,11
65850,75,69,6,6
65851,46,59,-13,13
65852,54,51,3,3
65853,63,53,10,10
65854,54,48,6,6
65855,70,62,8,8
65856,98,82,16,16
65857,74,68,6,6
65858,76,67,9,9
65859,80,67,13,13
65860,73,119,-46,46
65861,108,94,14,14
65862,100,90,10,10
65863,64,50,14,14
65864,101,93,8,8
65865,75,66,9,9
65866,66,66,0,0
65867,142,122,20,20
65868,47,43,4,4
65869,71,55,16,16
65870,26,28,-2,2
65871,53,51,2,2
65872,133,118,15,15
65873,96,86,10,10
65874,91,90,1,1
65875,83,69,14,14
65876,103,97,6,6
65877,89,72,17,17
65878,90,84,6,6
65879,95,94,1,1
65880,32,32,0,0
65881,72,69,3,3
65882,99,75,24,24
65883,115,103,12,12
65884,86,82,4,4
65885,93,94,-1,1
65886,129,107,22,22
65887,92,82,10,10
65888,114,104,10,10
65889,84,76,8,8
65890,93,82,11,11
65891,89,94,-5,5
65892,59,54,5,5
65893,63,57,6,6
65894,59,55,4,4
65895,115,103,12,12
65896,144,109,35,35
65897,76,73,3,3
65898,112,97,15,15
65899,118,117,1,1
65900,80,75,5,5
65901,106,93,13,13
65902,92,87,5,5
65903,65,61,4,4
65904,130,123,7,7
65905,108,90,18,18
65906,44,49,-5,5
65907,101,95,6,6
65908,72,70,2,2
65909,67,63,4,4
65910,73,68,5,5
65911,184,154,30,30
65912,83,71,12,12
65913,77,69,8,8
65914,113,98,15,15
65915,46,40,6,6
65916,101,97,4,4
65917,92,85,7,7
65918,122,102,20,20
65919,67,58,9,9
65920,134,112,22,22
65921,82,76,6,6
65922,142,130,12,12
65923,101,83,18,18
65924,119,112,7,7
65925,44,40,4,4
65926,105,96,9,9
65927,99,92,7,7
65928,127,110,17,17
65929,76,67,9,9
65930,107,85,22,22
65931,104,104,0,0
65932,104,87,17,17
65933,100,88,12,12
65934,106,89,17,17
65935,66,55,11,11
65936,154,125,29,29
65937,124,113,11,11
65938,118,106,12,12
65939,79,70,9,9
65940,76,68,8,8
65941,89,76,13,13
65942,67,68,-1,1
65943,104,96,8,8
65944,108,84,24,24
65945,76,67,9,9
65946,47,45,2,2
65947,98,94,4,4
65948,137,130,7,7
65949,111,94,17,17
65950,62,52,10,10
65951,37,35,2,2
65952,69,62,7,7
65953,115,110,5,5
65954,98,89,9,9
65955,62,57,5,5
65956,94,82,12,12
65957,46,52,-6,6
65958,97,79,18,18
65959,108,89,19,19
65960,124,108,16,16
65961,74,77,-3,3
65962,113,100,13,13
65963,96,90,6,6
65964,135,117,18,18
65965,81,75,6,6
65966,101,89,12,12
65967,109,103,6,6
65968,121,107,14,14
65969,62,51,11,11
65970,105,101,4,4
65971,105,82,23,23
65972,96,70,26,26
65973,90,65,25,25
65974,81,67,14,14
65975,137,117,20,20
65976,86,72,14,14
65977,86,81,5,5
65978,105,99,6,6
65979,120,102,18,18
65980,70,58,12,12
65981,90,75,15,15
65982,90,78,12,12
65983,79,71,8,8
65984,62,57,5,5
65985,56,56,0,0
65986,62,56,6,6
65987,123,100,23,23
65988,108,100,8,8
65989,73,68,5,5
65990,92,75,17,17
65991,97,83,14,14
65992,94,80,14,14
65993,119,108,11,11
65994,125,109,16,16
65995,252,201,51,51
65996,124,112,12,12
65997,76,76,0,0
65998,120,108,12,12
65999,83,75,8,8
66000,82,73,9,9
66001,93,87,6,6
66002,56,54,2,2
66003,78,81,-3,3
66004,121,136,-15,15
66005,100,80,20,20
66006,91,72,19,19
66007,66,57,9,9
66008,62,55,7,7
66009,72,64,8,8
66010,77,71,6,6
66011,93,80,13,13
66012,176,143,33,33
66013,55,50,5,5
66014,75,71,4,4
66015,60,54,6,6
66016,143,115,28,28
66017,117,109,8,8
66018,36,44,-8,8
66019,45,41,4,4
66020,96,85,11,11
66021,81,79,2,2
66022,106,90,16,16
66023,83,80,3,3
66024,105,87,18,18
66025,80,77,3,3
66026,43,38,5,5
66027,103,95,8,8
66028,134,112,22,22
66029,53,49,4,4
66030,115,95,20,20
66031,157,124,33,33
66032,67,64,3,3
66033,104,105,-1,1
66034,148,135,13,13
66035,116,98,18,18
66036,100,83,17,17
66037,63,60,3,3
66038,71,69,2,2
66039,71,58,13,13
66040,67,66,1,1
66041,105,100,5,5
66042,102,90,12,12
66043,53,49,4,4
66044,71,66,5,5
66045,115,110,5,5
66046,105,90,15,15
66047,62,71,-9,9
66048,119,105,14,14
66049,151,126,25,25
66050,55,57,-2,2
66051,76,72,4,4
66052,37,35,2,2
66053,126,90,36,36
66054,116,85,31,31
66055,119,105,14,14
66056,86,73,13,13
66057,64,64,0,0
66058,53,52,1,1
66059,108,90,18,18
66060,118,101,17,17
66061,126,114,12,12
66062,71,63,8,8
66063,99,90,9,9
66064,49,49,0,0
66065,87,78,9,9
66066,75,64,11,11
66067,89,82,7,7
66068,94,78,16,16
66069,100,81,19,19
66070,80,65,15,15
66071,78,69,9,9
66072,65,63,2,2
66073,104,88,16,16
66074,111,106,5,5
66075,182,139,43,43
66076,69,63,6,6
66077,67,58,9,9
66078,99,105,-6,6
66079,82,70,12,12
66080,99,74,25,25
66081,66,60,6,6
66082,162,141,21,21
66083,142,119,23,23
66084,84,77,7,7
66085,70,76,-6,6
66086,106,92,14,14
66087,57,53,4,4
66088,89,73,16,16
66089,119,101,18,18
66090,90,74,16,16
66091,59,59,0,0
66092,80,68,12,12
66093,113,97,16,16
66094,47,46,1,1
66095,72,65,7,7
66096,178,165,13,13
66097,76,77,-1,1
66098,96,90,6,6
66099,83,74,9,9
66100,63,59,4,4
66101,144,127,17,17
66102,42,48,-6,6
66103,52,43,9,9
66104,125,102,23,23
66105,63,60,3,3
66106,69,54,15,15
66107,78,64,14,14
66108,63,73,-10,10
66109,80,77,3,3
66110,101,89,12,12
66111,187,138,49,49
66112,163,134,29,29
66113,109,103,6,6
66114,101,104,-3,3
66115,86,79,7,7
66116,72,76,-4,4
66117,142,152,-10,10
66118,99,78,21,21
66119,64,59,5,5
66120,79,72,7,7
66121,85,66,19,19
66122,107,80,27,27
66123,97,86,11,11
66124,116,101,15,15
66125,67,63,4,4
66126,89,92,-3,3
66127,122,99,23,23
66128,140,124,16,16
66129,62,53,9,9
66130,119,118,1,1
66131,117,99,18,18
66132,104,104,0,0
66133,47,48,-1,1
66134,73,67,6,6
66135,159,122,37,37
66136,101,93,8,8
66137,77,58,19,19
66138,58,50,8,8
66139,78,72,6,6
66140,97,82,15,15
66141,76,67,9,9
66142,88,80,8,8
66143,64,57,7,7
66144,81,82,-1,1
66145,69,60,9,9
66146,115,117,-2,2
66147,65,75,-10,10
66148,76,60,16,16
66149,58,56,2,2
66150,33,31,2,2
66151,133,112,21,21
66152,45,60,-15,15
66153,123,109,14,14
66154,100,87,13,13
66155,82,75,7,7
66156,83,77,6,6
66157,117,95,22,22
66158,74,62,12,12
66159,103,90,13,13
66160,72,66,6,6
66161,142,115,27,27
66162,121,99,22,22
66163,82,71,11,11
66164,80,70,10,10
66165,100,92,8,8
66166,164,144,20,20
66167,95,81,14,14
66168,57,54,3,3
66169,81,67,14,14
66170,39,35,4,4
66171,123,108,15,15
66172,127,111,16,16
66173,82,72,10,10
66174,105,91,14,14
66175,72,62,10,10
66176,37,37,0,0
66177,85,79,6,6
66178,152,129,23,23
66179,80,68,12,12
66180,55,53,2,2
66181,76,80,-4,4
66182,21,36,-15,15
66183,220,184,36,36
66184,159,125,34,34
66185,90,83,7,7
66186,148,134,14,14
66187,102,86,16,16
66188,83,70,13,13
66189,80,85,-5,5
66190,100,79,21,21
66191,111,88,23,23
66192,79,73,6,6
66193,82,71,11,11
66194,82,72,10,10
66195,197,172,25,25
66196,188,151,37,37
66197,177,163,14,14
66198,76,68,8,8
66199,157,151,6,6
66200,49,50,-1,1
66201,44,38,6,6
66202,66,63,3,3
66203,156,129,27,27
66204,111,107,4,4
66205,69,70,-1,1
66206,188,160,28,28
66207,126,99,27,27
66208,73,63,10,10
66209,111,91,20,20
66210,94,77,17,17
66211,57,59,-2,2
66212,132,112,20,20
66213,164,145,19,19
66214,55,53,2,2
66215,139,119,20,20
66216,77,65,12,12
66217,43,44,-1,1
66218,96,79,17,17
66219,88,76,12,12
66220,74,65,9,9
66221,81,73,8,8
66222,84,77,7,7
66223,100,88,12,12
66224,108,85,23,23
66225,44,52,-8,8
66226,77,74,3,3
66227,79,74,5,5
66228,111,100,11,11
66229,86,75,11,11
66230,61,54,7,7
66231,85,72,13,13
66232,45,47,-2,2
66233,81,66,15,15
66234,159,130,29,29
66235,80,67,13,13
66236,94,77,17,17
66237,89,80,9,9
66238,96,83,13,13
66239,95,74,21,21
66240,127,100,27,27
66241,71,58,13,13
66242,68,58,10,10
66243,80,78,2,2
66244,122,105,17,17
66245,136,120,16,16
66246,95,83,12,12
66247,89,78,11,11
66248,88,80,8,8
66249,44,39,5,5
66250,121,102,19,19
66251,47,44,3,3
66252,72,62,10,10
66253,72,64,8,8
66254,145,142,3,3
66255,77,70,7,7
66256,129,127,2,2
66257,65,65,0,0
66258,121,103,18,18
66259,92,78,14,14
66260,100,95,5,5
66261,36,39,-3,3
66262,122,106,16,16
66263,112,87,25,25
66264,76,65,11,11
66265,112,110,2,2
66266,75,72,3,3
66267,81,73,8,8
66268,102,80,22,22
66269,43,49,-6,6
66270,92,84,8,8
66271,118,93,25,25
66272,73,63,10,10
66273,179,167,12,12
66274,63,62,1,1
66275,128,122,6,6
66276,161,143,18,18
66277,178,138,40,40
66278,90,76,14,14
66279,74,67,7,7
66280,74,69,5,5
66281,95,87,8,8
66282,98,90,8,8
66283,94,80,14,14
66284,115,109,6,6
66285,131,120,11,11
66286,99,69,30,30
66287,87,77,10,10
66288,74,69,5,5
66289,56,52,4,4
66290,58,53,5,5
66291,77,75,2,2
66292,122,98,24,24
66293,70,65,5,5
66294,40,45,-5,5
66295,106,98,8,8
66296,100,91,9,9
66297,73,69,4,4
66298,72,59,13,13
66299,99,91,8,8
66300,135,123,12,12
66301,184,147,37,37
66302,50,61,-11,11
66303,77,68,9,9
66304,48,46,2,2
66305,76,64,12,12
66306,87,86,1,1
66307,137,116,21,21
66308,110,104,6,6
66309,84,78,6,6
66310,74,71,3,3
66311,83,65,18,18
66312,76,67,9,9
66313,107,118,-11,11
66314,78,64,14,14
66315,87,74,13,13
66316,64,62,2,2
66317,60,56,4,4
66318,94,89,5,5
66319,80,66,14,14
66320,50,44,6,6
66321,54,47,7,7
66322,65,53,12,12
66323,101,101,0,0
66324,89,77,12,12
66325,127,113,14,14
66326,59,61,-2,2
66327,90,89,1,1
66328,77,72,5,5
66329,100,94,6,6
66330,103,92,11,11
66331,33,50,-17,17
66332,61,54,7,7
66333,63,68,-5,5
66334,47,46,1,1
66335,51,44,7,7
66336,141,127,14,14
66337,74,63,11,11
66338,74,66,8,8
66339,85,75,10,10
66340,149,121,28,28
66341,90,84,6,6
66342,79,76,3,3
66343,93,93,0,0
66344,79,69,10,10
66345,146,130,16,16
66346,81,69,12,12
66347,83,96,-13,13
66348,196,171,25,25
66349,114,93,21,21
66350,102,88,14,14
66351,140,122,18,18
66352,46,40,6,6
66353,189,156,33,33
66354,102,91,11,11
66355,96,81,15,15
66356,73,77,-4,4
66357,131,125,6,6
66358,143,116,27,27
66359,94,93,1,1
66360,95,87,8,8
66361,131,111,20,20
66362,138,115,23,23
66363,55,55,0,0
66364,40,38,2,2
66365,97,81,16,16
66366,70,68,2,2
66367,95,82,13,13
66368,86,70,16,16
66369,107,91,16,16
66370,45,47,-2,2
66371,107,95,12,12
66372,77,64,13,13
66373,75,64,11,11
66374,85,74,11,11
66375,81,77,4,4
66376,100,84,16,16
66377,65,66,-1,1
66378,57,55,2,2
66379,61,46,15,15
66380,79,72,7,7
66381,104,92,12,12
66382,106,96,10,10
66383,55,49,6,6
66384,100,84,16,16
66385,89,82,7,7
66386,73,63,10,10
66387,77,74,3,3
66388,59,53,6,6
66389,71,64,7,7
66390,52,58,-6,6
66391,58,50,8,8
66392,72,59,13,13
66393,90,74,16,16
66394,57,54,3,3
66395,82,89,-7,7
66396,92,79,13,13
66397,88,69,19,19
66398,49,48,1,1
66399,91,74,17,17
66400,171,141,30,30
66401,75,81,-6,6
66402,82,70,12,12
66403,74,61,13,13
66404,116,103,13,13
66405,95,74,21,21
66406,116,94,22,22
66407,74,91,-17,17
66408,100,88,12,12
66409,81,79,2,2
66410,141,137,4,4
66411,113,95,18,18
66412,100,82,18,18
66413,80,64,16,16
66414,96,80,16,16
66415,83,76,7,7
66416,68,69,-1,1
66417,66,58,8,8
66418,73,66,7,7
66419,169,151,18,18
66420,119,93,26,26
66421,82,85,-3,3
66422,85,74,11,11
66423,92,93,-1,1
66424,92,82,10,10
66425,164,138,26,26
66426,131,119,12,12
66427,106,114,-8,8
66428,72,63,9,9
66429,54,53,1,1
66430,75,69,6,6
66431,62,54,8,8
66432,89,77,12,12
66433,63,53,10,10
66434,87,72,15,15
66435,136,112,24,24
66436,79,68,11,11
66437,86,79,7,7
66438,71,65,6,6
66439,68,57,11,11
66440,127,111,16,16
66441,78,74,4,4
66442,43,40,3,3
66443,82,71,11,11
66444,61,58,3,3
66445,91,90,1,1
66446,78,69,9,9
66447,121,108,13,13
66448,83,75,8,8
66449,169,156,13,13
66450,56,53,3,3
66451,78,56,22,22
66452,73,66,7,7
66453,66,62,4,4
66454,67,55,12,12
66455,69,48,21,21
66456,96,83,13,13
66457,118,97,21,21
66458,67,62,5,5
66459,58,58,0,0
66460,77,58,19,19
66461,164,133,31,31
66462,57,55,2,2
66463,98,88,10,10
66464,97,82,15,15
66465,58,56,2,2
66466,107,97,10,10
66467,70,69,1,1
66468,121,101,20,20
66469,144,115,29,29
66470,157,139,18,18
66471,113,102,11,11
66472,66,57,9,9
66473,47,62,-15,15
66474,106,88,18,18
66475,77,72,5,5
66476,180,160,20,20
66477,55,49,6,6
66478,57,63,-6,6
66479,104,93,11,11
66480,120,104,16,16
66481,124,102,22,22
66482,157,144,13,13
66483,185,165,20,20
66484,63,56,7,7
66485,158,125,33,33
66486,161,149,12,12
66487,61,57,4,4
66488,104,95,9,9
66489,65,60,5,5
66490,174,147,27,27
66491,52,49,3,3
66492,118,97,21,21
66493,89,78,11,11
66494,88,76,12,12
66495,88,81,7,7
66496,62,62,0,0
66497,67,61,6,6
66498,118,100,18,18
66499,113,108,5,5
66500,99,94,5,5
66501,68,63,5,5
66502,50,42,8,8
66503,123,111,12,12
66504,97,84,13,13
66505,93,95,-2,2
66506,132,111,21,21
66507,70,66,4,4
66508,65,55,10,10
66509,80,86,-6,6
66510,79,68,11,11
66511,96,87,9,9
66512,69,70,-1,1
66513,142,124,18,18
66514,126,111,15,15
66515,88,98,-10,10
66516,57,49,8,8
66517,68,58,10,10
66518,97,96,1,1
66519,128,115,13,13
66520,129,125,4,4
66521,92,80,12,12
66522,146,112,34,34
66523,83,75,8,8
66524,92,77,15,15
66525,207,164,43,43
66526,40,45,-5,5
66527,92,88,4,4
66528,95,96,-1,1
66529,107,90,17,17
66530,51,48,3,3
66531,210,170,40,40
66532,73,65,8,8
66533,103,86,17,17
66534,120,106,14,14
66535,132,102,30,30
66536,112,96,16,16
66537,86,76,10,10
66538,195,169,26,26
66539,69,63,6,6
66540,91,77,14,14
66541,57,67,-10,10
66542,112,97,15,15
66543,72,74,-2,2
66544,90,75,15,15
66545,99,87,12,12
66546,46,37,9,9
66547,51,49,2,2
66548,107,94,13,13
66549,156,141,15,15
66550,61,56,5,5
66551,88,74,14,14
66552,107,92,15,15
66553,121,98,23,23
66554,89,73,16,16
66555,99,91,8,8
66556,87,82,5,5
66557,46,48,-2,2
66558,152,138,14,14
66559,67,62,5,5
66560,164,148,16,16
66561,68,64,4,4
66562,94,83,11,11
66563,60,60,0,0
66564,205,158,47,47
66565,92,79,13,13
66566,95,80,15,15
66567,67,53,14,14
66568,55,53,2,2
66569,151,127,24,24
66570,160,137,23,23
66571,29,33,-4,4
66572,108,93,15,15
66573,112,108,4,4
66574,109,143,-34,34
66575,86,72,14,14
66576,75,70,5,5
66577,60,58,2,2
66578,64,64,0,0
66579,64,75,-11,11
66580,110,103,7,7
66581,81,76,5,5
66582,79,71,8,8
66583,124,101,23,23
66584,94,88,6,6
66585,73,81,-8,8
66586,111,95,16,16
66587,107,93,14,14
66588,71,61,10,10
66589,125,112,13,13
66590,123,98,25,25
66591,63,54,9,9
66592,98,90,8,8
66593,101,82,19,19
66594,129,116,13,13
66595,96,86,10,10
66596,58,52,6,6
66597,162,145,17,17
66598,48,45,3,3
66599,151,128,23,23
66600,67,61,6,6
66601,122,105,17,17
66602,100,90,10,10
66603,135,131,4,4
66604,213,161,52,52
66605,129,126,3,3
66606,61,60,1,1
66607,70,67,3,3
66608,88,82,6,6
66609,75,67,8,8
66610,159,145,14,14
66611,100,93,7,7
66612,75,62,13,13
66613,120,123,-3,3
66614,70,66,4,4
66615,129,104,25,25
66616,124,86,38,38
66617,105,90,15,15
66618,60,50,10,10
66619,76,60,16,16
66620,64,64,0,0
66621,145,131,14,14
66622,95,100,-5,5
66623,104,100,4,4
66624,148,123,25,25
66625,126,115,11,11
66626,142,120,22,22
66627,67,62,5,5
66628,96,92,4,4
66629,114,99,15,15
66630,47,51,-4,4
66631,125,118,7,7
66632,66,63,3,3
66633,203,202,1,1
66634,58,57,1,1
66635,114,96,18,18
66636,100,108,-8,8
66637,92,89,3,3
66638,114,110,4,4
66639,67,64,3,3
66640,56,48,8,8
66641,78,67,11,11
66642,62,57,5,5
66643,77,78,-1,1
66644,104,87,17,17
66645,37,39,-2,2
66646,94,83,11,11
66647,108,86,22,22
66648,42,37,5,5
66649,106,95,11,11
66650,74,65,9,9
66651,116,91,25,25
66652,77,58,19,19
66653,123,116,7,7
66654,89,86,3,3
66655,74,64,10,10
66656,118,103,15,15
66657,73,67,6,6
66658,69,75,-6,6
66659,79,70,9,9
66660,58,59,-1,1
66661,172,129,43,43
66662,118,97,21,21
66663,140,118,22,22
66664,124,111,13,13
66665,111,91,20,20
66666,88,89,-1,1
66667,90,105,-15,15
66668,59,48,11,11
66669,139,128,11,11
66670,125,111,14,14
66671,64,59,5,5
66672,147,120,27,27
66673,50,53,-3,3
66674,81,74,7,7
66675,105,92,13,13
66676,63,61,2,2
66677,87,82,5,5
66678,90,77,13,13
66679,47,43,4,4
66680,134,114,20,20
66681,61,55,6,6
66682,73,80,-7,7
66683,73,60,13,13
66684,78,73,5,5
66685,134,111,23,23
66686,51,43,8,8
66687,108,96,12,12
66688,96,83,13,13
66689,54,58,-4,4
66690,122,107,15,15
66691,129,115,14,14
66692,86,67,19,19
66693,114,101,13,13
66694,70,65,5,5
66695,79,74,5,5
66696,56,51,5,5
66697,66,59,7,7
66698,89,74,15,15
66699,106,91,15,15
66700,77,71,6,6
66701,82,72,10,10
66702,63,73,-10,10
66703,87,77,10,10
66704,119,114,5,5
66705,146,123,23,23
66706,71,58,13,13
66707,70,70,0,0
66708,82,75,7,7
66709,72,67,5,5
66710,91,83,8,8
66711,57,63,-6,6
66712,68,60,8,8
66713,92,77,15,15
66714,71,63,8,8
66715,100,84,16,16
66716,106,87,19,19
66717,64,51,13,13
66718,58,59,-1,1
66719,74,65,9,9
66720,104,104,0,0
66721,133,114,19,19
66722,59,51,8,8
66723,77,69,8,8
66724,90,78,12,12
66725,116,84,32,32
66726,94,80,14,14
66727,102,94,8,8
66728,130,115,15,15
66729,115,103,12,12
66730,79,66,13,13
66731,151,127,24,24
66732,88,87,1,1
66733,188,153,35,35
66734,91,83,8,8
66735,81,67,14,14
66736,74,68,6,6
66737,80,71,9,9
66738,125,106,19,19
66739,140,120,20,20
66740,60,57,3,3
66741,45,47,-2,2
66742,65,64,1,1
66743,120,108,12,12
66744,105,97,8,8
66745,136,124,12,12
66746,31,55,-24,24
66747,77,72,5,5
66748,79,79,0,0
66749,96,87,9,9
66750,40,53,-13,13
66751,54,51,3,3
66752,94,76,18,18
66753,83,94,-11,11
66754,54,52,2,2
66755,92,83,9,9
66756,146,117,29,29
66757,172,146,26,26
66758,62,55,7,7
66759,155,136,19,19
66760,111,95,16,16
66761,99,85,14,14
66762,126,103,23,23
66763,55,51,4,4
66764,202,175,27,27
66765,60,56,4,4
66766,97,81,16,16
66767,111,95,16,16
66768,114,102,12,12
66769,81,68,13,13
66770,35,45,-10,10
66771,88,78,10,10
66772,62,59,3,3
66773,84,78,6,6
66774,96,78,18,18
66775,105,95,10,10
66776,67,64,3,3
66777,68,68,0,0
66778,75,67,8,8
66779,64,62,2,2
66780,165,129,36,36
66781,92,113,-21,21
66782,136,107,29,29
66783,93,85,8,8
66784,58,46,12,12
66785,72,67,5,5
66786,87,77,10,10
66787,53,54,-1,1
66788,138,120,18,18
66789,98,92,6,6
66790,81,73,8,8
66791,82,76,6,6
66792,140,130,10,10
66793,92,81,11,11
66794,116,105,11,11
66795,169,144,25,25
66796,76,74,2,2
66797,70,62,8,8
66798,206,166,40,40
66799,118,100,18,18
66800,82,78,4,4
66801,143,124,19,19
66802,113,94,19,19
66803,82,72,10,10
66804,72,65,7,7
66805,53,47,6,6
66806,38,49,-11,11
66807,102,88,14,14
66808,98,92,6,6
66809,60,60,0,0
66810,133,112,21,21
66811,108,91,17,17
66812,103,87,16,16
66813,58,55,3,3
66814,80,71,9,9
66815,72,65,7,7
66816,103,86,17,17
66817,115,111,4,4
66818,66,67,-1,1
66819,134,117,17,17
66820,129,110,19,19
66821,82,75,7,7
66822,92,80,12,12
66823,72,61,11,11
66824,156,136,20,20
66825,97,88,9,9
66826,80,73,7,7
66827,110,87,23,23
66828,112,90,22,22
66829,73,63,10,10
66830,93,88,5,5
66831,84,86,-2,2
66832,69,58,11,11
66833,63,68,-5,5
66834,97,87,10,10
66835,51,57,-6,6
66836,117,104,13,13
66837,102,103,-1,1
66838,63,57,6,6
66839,90,101,-11,11
66840,75,65,10,10
66841,31,69,-38,38
66842,118,109,9,9
66843,110,110,0,0
66844,126,111,15,15
66845,132,123,9,9
66846,94,78,16,16
66847,55,61,-6,6
66848,119,98,21,21
66849,47,46,1,1
66850,152,123,29,29
66851,38,47,-9,9
66852,96,100,-4,4
66853,79,60,19,19
66854,63,54,9,9
66855,120,108,12,12
66856,97,78,19,19
66857,65,54,11,11
66858,108,95,13,13
66859,146,129,17,17
66860,99,93,6,6
66861,50,46,4,4
66862,98,87,11,11
66863,61,53,8,8
66864,67,65,2,2
66865,102,88,14,14
66866,98,82,16,16
66867,127,111,16,16
66868,134,114,20,20
66869,107,91,16,16
66870,62,59,3,3
66871,83,73,10,10
66872,41,35,6,6
66873,65,68,-3,3
66874,73,70,3,3
66875,81,70,11,11
66876,85,71,14,14
66877,85,68,17,17
66878,117,100,17,17
66879,128,119,9,9
66880,89,78,11,11
66881,42,37,5,5
66882,125,126,-1,1
66883,68,62,6,6
66884,72,71,1,1
66885,96,85,11,11
66886,134,119,15,15
66887,122,111,11,11
66888,87,81,6,6
66889,54,52,2,2
66890,79,71,8,8
66891,148,120,28,28
66892,66,63,3,3
66893,142,118,24,24
66894,106,85,21,21
66895,48,45,3,3
66896,57,64,-7,7
66897,126,109,17,17
66898,51,50,1,1
66899,109,108,1,1
66900,106,97,9,9
66901,102,92,10,10
66902,94,83,11,11
66903,112,99,13,13
66904,140,115,25,25
66905,117,104,13,13
66906,112,85,27,27
66907,49,60,-11,11
66908,156,133,23,23
66909,89,75,14,14
66910,74,71,3,3
66911,67,64,3,3
66912,70,71,-1,1
66913,93,89,4,4
66914,93,85,8,8
66915,101,93,8,8
66916,76,78,-2,2
66917,67,61,6,6
66918,106,91,15,15
66919,72,70,2,2
66920,65,58,7,7
66921,87,78,9,9
66922,89,75,14,14
66923,257,255,2,2
66924,175,154,21,21
66925,69,57,12,12
66926,76,62,14,14
66927,65,54,11,11
66928,153,130,23,23
66929,68,64,4,4
66930,116,96,20,20
66931,114,110,4,4
66932,76,72,4,4
66933,65,56,9,9
66934,104,89,15,15
66935,148,125,23,23
66936,43,39,4,4
66937,90,79,11,11
66938,99,90,9,9
66939,128,120,8,8
66940,110,100,10,10
66941,42,54,-12,12
66942,120,107,13,13
66943,135,99,36,36
66944,134,124,10,10
66945,116,108,8,8
66946,138,111,27,27
66947,125,106,19,19
66948,43,42,1,1
66949,89,70,19,19
66950,126,98,28,28
66951,90,74,16,16
66952,77,71,6,6
66953,91,81,10,10
66954,120,98,22,22
66955,63,55,8,8
66956,88,76,12,12
66957,50,48,2,2
66958,110,99,11,11
66959,71,61,10,10
66960,81,70,11,11
66961,120,104,16,16
66962,94,82,12,12
66963,51,53,-2,2
66964,84,78,6,6
66965,96,85,11,11
66966,179,148,31,31
66967,57,50,7,7
66968,114,103,11,11
66969,111,105,6,6
66970,111,91,20,20
66971,101,84,17,17
66972,53,44,9,9
66973,97,87,10,10
66974,98,81,17,17
66975,50,48,2,2
66976,82,73,9,9
66977,108,88,20,20
66978,59,56,3,3
66979,69,64,5,5
66980,68,61,7,7
66981,69,69,0,0
66982,73,69,4,4
66983,28,29,-1,1
66984,75,68,7,7
66985,68,59,9,9
66986,110,100,10,10
66987,99,93,6,6
66988,72,66,6,6
66989,74,67,7,7
66990,70,67,3,3
66991,109,88,21,21
66992,191,166,25,25
66993,54,48,6,6
66994,119,108,11,11
66995,76,70,6,6
66996,174,150,24,24
66997,87,76,11,11
66998,88,78,10,10
66999,53,51,2,2
67000,75,69,6,6
67001,68,57,11,11
67002,118,110,8,8
67003,114,95,19,19
67004,101,91,10,10
67005,102,91,11,11
67006,82,77,5,5
67007,100,93,7,7
67008,134,117,17,17
67009,140,128,12,12
67010,109,103,6,6
67011,124,109,15,15
67012,157,121,36,36
67013,67,54,13,13
67014,117,104,13,13
67015,64,57,7,7
67016,89,85,4,4
67017,52,40,12,12
67018,126,111,15,15
67019,99,89,10,10
67020,82,72,10,10
67021,96,72,24,24
67022,85,71,14,14
67023,68,72,-4,4
67024,132,112,20,20
67025,148,126,22,22
67026,56,51,5,5
67027,173,155,18,18
67028,115,108,7,7
67029,99,88,11,11
67030,115,113,2,2
67031,71,67,4,4
67032,141,122,19,19
67033,111,96,15,15
67034,53,49,4,4
67035,279,195,84,84
67036,101,77,24,24
67037,93,82,11,11
67038,71,61,10,10
67039,163,142,21,21
67040,52,45,7,7
67041,109,97,12,12
67042,80,80,0,0
67043,72,96,-24,24
67044,72,61,11,11
67045,87,74,13,13
67046,82,75,7,7
67047,74,70,4,4
67048,156,132,24,24
67049,133,112,21,21
67050,123,107,16,16
67051,63,58,5,5
67052,70,66,4,4
67053,40,38,2,2
67054,76,76,0,0
67055,201,178,23,23
67056,76,74,2,2
67057,109,106,3,3
67058,116,106,10,10
67059,45,41,4,4
67060,59,53,6,6
67061,104,83,21,21
67062,122,135,-13,13
67063,108,86,22,22
67064,59,59,0,0
67065,111,108,3,3
67066,47,40,7,7
67067,123,108,15,15
67068,127,106,21,21
67069,98,86,12,12
67070,90,81,9,9
67071,70,66,4,4
67072,102,87,15,15
67073,101,90,11,11
67074,72,81,-9,9
67075,86,93,-7,7
67076,77,71,6,6
67077,175,137,38,38
67078,85,77,8,8
67079,109,95,14,14
67080,143,121,22,22
67081,79,76,3,3
67082,81,73,8,8
67083,110,90,20,20
67084,68,70,-2,2
67085,107,92,15,15
67086,115,102,13,13
67087,120,109,11,11
67088,67,64,3,3
67089,95,76,19,19
67090,116,102,14,14
67091,83,76,7,7
67092,97,80,17,17
67093,85,80,5,5
67094,91,90,1,1
67095,147,123,24,24
67096,60,60,0,0
67097,104,88,16,16
67098,99,88,11,11
67099,142,118,24,24
67100,65,59,6,6
67101,58,53,5,5
67102,81,80,1,1
67103,85,74,11,11
67104,158,136,22,22
67105,57,50,7,7
67106,32,34,-2,2
67107,161,137,24,24
67108,139,119,20,20
67109,123,107,16,16
67110,141,128,13,13
67111,127,114,13,13
67112,65,60,5,5
67113,177,148,29,29
67114,131,114,17,17
67115,140,120,20,20
67116,51,49,2,2
67117,85,78,7,7
67118,75,66,9,9
67119,103,89,14,14
67120,155,122,33,33
67121,85,72,13,13
67122,72,64,8,8
67123,80,63,17,17
67124,62,59,3,3
67125,58,54,4,4
67126,53,50,3,3
67127,76,78,-2,2
67128,117,107,10,10
67129,75,64,11,11
67130,138,117,21,21
67131,82,68,14,14
67132,79,72,7,7
67133,83,83,0,0
67134,79,67,12,12
67135,141,118,23,23
67136,76,64,12,12
67137,165,139,26,26
67138,150,136,14,14
67139,65,57,8,8
67140,37,36,1,1
67141,55,50,5,5
67142,227,192,35,35
67143,82,77,5,5
67144,70,63,7,7
67145,57,53,4,4
67146,73,58,15,15
67147,78,66,12,12
67148,58,54,4,4
67149,87,76,11,11
67150,48,50,-2,2
67151,127,116,11,11
67152,65,53,12,12
67153,111,84,27,27
67154,74,66,8,8
67155,103,86,17,17
67156,91,71,20,20
67157,188,181,7,7
67158,98,100,-2,2
67159,86,76,10,10
67160,68,57,11,11
67161,99,88,11,11
67162,68,62,6,6
67163,87,74,13,13
67164,110,101,9,9
67165,53,54,-1,1
67166,75,66,9,9
67167,113,101,12,12
67168,103,108,-5,5
67169,48,52,-4,4
67170,180,148,32,32
67171,67,68,-1,1
67172,69,67,2,2
67173,114,110,4,4
67174,82,69,13,13
67175,152,131,21,21
67176,108,99,9,9
67177,126,111,15,15
67178,126,122,4,4
67179,68,66,2,2
67180,111,94,17,17
67181,127,102,25,25
67182,106,89,17,17
67183,93,91,2,2
67184,134,121,13,13
67185,65,63,2,2
67186,129,103,26,26
67187,84,77,7,7
67188,64,60,4,4
67189,147,125,22,22
67190,123,105,18,18
67191,102,89,13,13
67192,66,53,13,13
67193,56,55,1,1
67194,99,96,3,3
67195,92,78,14,14
67196,96,84,12,12
67197,125,121,4,4
67198,85,72,13,13
67199,100,85,15,15
67200,77,73,4,4
67201,69,62,7,7
67202,95,85,10,10
67203,87,74,13,13
67204,112,98,14,14
67205,124,110,14,14
67206,99,83,16,16
67207,65,54,11,11
67208,119,91,28,28
67209,66,63,3,3
67210,89,75,14,14
67211,139,113,26,26
67212,111,90,21,21
67213,81,83,-2,2
67214,100,86,14,14
67215,82,69,13,13
67216,145,140,5,5
67217,91,84,7,7
67218,187,170,17,17
67219,84,76,8,8
67220,45,45,0,0
67221,116,104,12,12
67222,69,63,6,6
67223,80,76,4,4
67224,44,35,9,9
67225,93,90,3,3
67226,58,50,8,8
67227,74,71,3,3
67228,74,67,7,7
67229,99,100,-1,1
67230,93,88,5,5
67231,67,59,8,8
67232,108,100,8,8
67233,108,102,6,6
67234,116,91,25,25
67235,127,99,28,28
67236,98,84,14,14
67237,115,109,6,6
67238,131,117,14,14
67239,185,156,29,29
67240,120,94,26,26
67241,75,69,6,6
67242,165,121,44,44
67243,44,65,-21,21
67244,82,75,7,7
67245,66,68,-2,2
67246,72,67,5,5
67247,137,116,21,21
67248,66,66,0,0
67249,79,85,-6,6
67250,48,48,0,0
67251,76,68,8,8
67252,87,74,13,13
67253,90,74,16,16
67254,67,64,3,3
67255,139,123,16,16
67256,52,51,1,1
67257,97,80,17,17
67258,135,114,21,21
67259,60,46,14,14
67260,65,61,4,4
67261,61,48,13,13
67262,175,148,27,27
67263,146,120,26,26
67264,64,68,-4,4
67265,122,108,14,14
67266,66,63,3,3
67267,62,54,8,8
67268,97,90,7,7
67269,117,109,8,8
67270,72,67,5,5
67271,66,74,-8,8
67272,147,125,22,22
67273,139,115,24,24
67274,143,134,9,9
67275,106,95,11,11
67276,81,83,-2,2
67277,85,64,21,21
67278,112,93,19,19
67279,74,75,-1,1
67280,157,132,25,25
67281,76,66,10,10
67282,69,61,8,8
67283,133,113,20,20
67284,79,78,1,1
67285,58,55,3,3
67286,111,102,9,9
67287,195,160,35,35
67288,129,100,29,29
67289,58,68,-10,10
67290,101,100,1,1
67291,186,159,27,27
67292,76,63,13,13
67293,72,64,8,8
67294,100,95,5,5
67295,60,54,6,6
67296,59,56,3,3
67297,118,102,16,16
67298,195,157,38,38
67299,92,78,14,14
67300,245,223,22,22
67301,102,99,3,3
67302,84,77,7,7
67303,95,84,11,11
67304,126,107,19,19
67305,101,83,18,18
67306,192,154,38,38
67307,118,104,14,14
67308,72,72,0,0
67309,66,64,2,2
67310,72,65,7,7
67311,75,66,9,9
67312,47,46,1,1
67313,53,50,3,3
67314,75,74,1,1
67315,77,81,-4,4
67316,133,123,10,10
67317,66,60,6,6
67318,122,114,8,8
67319,151,135,16,16
67320,95,101,-6,6
67321,70,70,0,0
67322,66,59,7,7
67323,101,88,13,13
67324,92,78,14,14
67325,94,77,17,17
67326,80,62,18,18
67327,86,82,4,4
67328,99,80,19,19
67329,167,135,32,32
67330,104,86,18,18
67331,92,75,17,17
67332,82,84,-2,2
67333,93,81,12,12
67334,57,51,6,6
67335,80,70,10,10
67336,154,119,35,35
67337,92,77,15,15
67338,121,98,23,23
67339,90,87,3,3
67340,94,85,9,9
67341,100,89,11,11
67342,55,55,0,0
67343,179,159,20,20
67344,157,130,27,27
67345,58,61,-3,3
67346,94,96,-2,2
67347,85,71,14,14
67348,55,57,-2,2
67349,72,56,16,16
67350,114,99,15,15
67351,99,89,10,10
67352,75,63,12,12
67353,45,38,7,7
67354,58,51,7,7
67355,110,96,14,14
67356,69,67,2,2
67357,68,60,8,8
67358,102,85,17,17
67359,77,74,3,3
67360,85,73,12,12
67361,112,103,9,9
67362,40,37,3,3
67363,73,69,4,4
67364,76,73,3,3
67365,65,60,5,5
67366,72,78,-6,6
67367,89,100,-11,11
67368,110,104,6,6
67369,91,80,11,11
67370,59,77,-18,18
67371,90,74,16,16
67372,84,76,8,8
67373,130,111,19,19
67374,63,54,9,9
67375,63,60,3,3
67376,87,75,12,12
67377,106,102,4,4
67378,145,122,23,23
67379,128,117,11,11
67380,81,74,7,7
67381,111,87,24,24
67382,76,73,3,3
67383,53,58,-5,5
67384,82,70,12,12
67385,100,88,12,12
67386,74,78,-4,4
67387,105,97,8,8
67388,58,53,5,5
67389,102,95,7,7
67390,113,95,18,18
67391,99,93,6,6
67392,113,100,13,13
67393,55,53,2,2
67394,98,80,18,18
67395,108,102,6,6
67396,54,47,7,7
67397,99,86,13,13
67398,78,71,7,7
67399,68,54,14,14
67400,45,43,2,2
67401,71,69,2,2
67402,216,158,58,58
67403,103,90,13,13
67404,77,67,10,10
67405,64,61,3,3
67406,108,99,9,9
67407,106,78,28,28
67408,124,98,26,26
67409,71,65,6,6
67410,91,73,18,18
67411,80,76,4,4
67412,122,108,14,14
67413,105,95,10,10
67414,80,73,7,7
67415,142,110,32,32
67416,64,81,-17,17
67417,95,71,24,24
67418,112,111,1,1
67419,83,69,14,14
67420,147,128,19,19
67421,47,45,2,2
67422,80,75,5,5
67423,104,100,4,4
67424,71,68,3,3
67425,67,58,9,9
67426,69,66,3,3
67427,82,73,9,9
67428,85,70,15,15
67429,144,126,18,18
67430,81,78,3,3
67431,141,127,14,14
67432,86,71,15,15
67433,176,155,21,21
67434,74,61,13,13
67435,91,80,11,11
67436,102,76,26,26
67437,74,62,12,12
67438,97,83,14,14
67439,60,57,3,3
67440,97,88,9,9
67441,119,103,16,16
67442,97,91,6,6
67443,70,64,6,6
67444,102,83,19,19
67445,61,60,1,1
67446,86,68,18,18
67447,45,43,2,2
67448,51,48,3,3
67449,130,119,11,11
67450,74,71,3,3
67451,78,72,6,6
67452,163,144,19,19
67453,52,57,-5,5
67454,99,91,8,8
67455,84,79,5,5
67456,109,91,18,18
67457,84,76,8,8
67458,88,87,1,1
67459,117,100,17,17
67460,186,155,31,31
67461,55,48,7,7
67462,65,71,-6,6
67463,119,126,-7,7
67464,71,66,5,5
67465,87,71,16,16
67466,51,52,-1,1
67467,46,44,2,2
67468,61,57,4,4
67469,103,81,22,22
67470,84,72,12,12
67471,56,54,2,2
67472,73,68,5,5
67473,84,72,12,12
67474,127,100,27,27
67475,178,159,19,19
67476,71,66,5,5
67477,107,92,15,15
67478,111,92,19,19
67479,69,64,5,5
67480,94,86,8,8
67481,45,46,-1,1
67482,94,89,5,5
67483,120,111,9,9
67484,63,60,3,3
67485,78,62,16,16
67486,40,41,-1,1
67487,114,102,12,12
67488,112,95,17,17
67489,152,127,25,25
67490,184,143,41,41
67491,84,73,11,11
67492,122,100,22,22
67493,108,88,20,20
67494,64,60,4,4
67495,114,100,14,14
67496,143,128,15,15
67497,97,78,19,19
67498,99,85,14,14
67499,145,137,8,8
67500,63,59,4,4
67501,111,102,9,9
67502,68,66,2,2
67503,108,106,2,2
67504,94,74,20,20
67505,77,69,8,8
67506,49,51,-2,2
67507,82,73,9,9
67508,66,60,6,6
67509,74,61,13,13
67510,142,133,9,9
67511,82,78,4,4
67512,87,71,16,16
67513,78,72,6,6
67514,58,56,2,2
67515,108,93,15,15
67516,50,70,-20,20
67517,170,144,26,26
67518,74,69,5,5
67519,102,92,10,10
67520,95,83,12,12
67521,90,76,14,14
67522,118,103,15,15
67523,70,60,10,10
67524,111,98,13,13
67525,96,94,2,2
67526,81,71,10,10
67527,110,93,17,17
67528,94,78,16,16
67529,99,94,5,5
67530,107,97,10,10
67531,129,122,7,7
67532,135,110,25,25
67533,123,102,21,21
67534,67,63,4,4
67535,79,72,7,7
67536,91,87,4,4
67537,72,64,8,8
67538,150,141,9,9
67539,117,113,4,4
67540,60,59,1,1
67541,102,96,6,6
67542,32,40,-8,8
67543,65,59,6,6
67544,163,141,22,22
67545,99,88,11,11
67546,76,66,10,10
67547,146,120,26,26
67548,137,117,20,20
67549,131,117,14,14
67550,152,127,25,25
67551,93,96,-3,3
67552,78,68,10,10
67553,83,72,11,11
67554,109,85,24,24
67555,134,127,7,7
67556,56,66,-10,10
67557,82,72,10,10
67558,50,38,12,12
67559,104,93,11,11
67560,78,72,6,6
67561,60,56,4,4
67562,137,114,23,23
67563,64,55,9,9
67564,144,129,15,15
67565,49,45,4,4
67566,104,90,14,14
67567,66,60,6,6
67568,71,62,9,9
67569,128,108,20,20
67570,84,96,-12,12
67571,141,133,8,8
67572,97,81,16,16
67573,52,46,6,6
67574,74,66,8,8
67575,98,101,-3,3
67576,71,64,7,7
67577,56,53,3,3
67578,71,69,2,2
67579,123,105,18,18
67580,146,112,34,34
67581,77,69,8,8
67582,68,66,2,2
67583,110,83,27,27
67584,85,75,10,10
67585,162,122,40,40
67586,105,84,21,21
67587,68,60,8,8
67588,100,80,20,20
67589,103,89,14,14
67590,121,99,22,22
67591,96,77,19,19
67592,199,156,43,43
67593,83,74,9,9
67594,91,80,11,11
67595,61,58,3,3
67596,103,98,5,5
67597,95,86,9,9
67598,68,62,6,6
67599,94,81,13,13
67600,54,50,4,4
67601,160,123,37,37
67602,123,100,23,23
67603,154,129,25,25
67604,48,49,-1,1
67605,66,64,2,2
67606,81,73,8,8
67607,56,53,3,3
67608,160,126,34,34
67609,121,136,-15,15
67610,103,79,24,24
67611,126,108,18,18
67612,82,69,13,13
67613,63,67,-4,4
67614,88,78,10,10
67615,111,106,5,5
67616,139,121,18,18
67617,103,89,14,14
67618,74,70,4,4
67619,133,110,23,23
67620,49,50,-1,1
67621,93,80,13,13
67622,86,77,9,9
67623,77,62,15,15
67624,56,64,-8,8
67625,66,56,10,10
67626,132,113,19,19
67627,149,120,29,29
67628,39,35,4,4
67629,117,102,15,15
67630,98,87,11,11
67631,59,54,5,5
67632,146,129,17,17
67633,106,84,22,22
67634,63,61,2,2
67635,90,82,8,8
67636,73,70,3,3
67637,80,68,12,12
67638,89,78,11,11
67639,88,77,11,11
67640,51,46,5,5
67641,85,75,10,10
67642,106,112,-6,6
67643,136,115,21,21
67644,46,42,4,4
67645,107,101,6,6
67646,154,143,11,11
67647,109,95,14,14
67648,79,69,10,10
67649,94,74,20,20
67650,64,59,5,5
67651,63,54,9,9
67652,62,55,7,7
67653,58,58,0,0
67654,48,48,0,0
67655,67,63,4,4
67656,74,64,10,10
67657,94,80,14,14
67658,75,65,10,10
67659,158,129,29,29
67660,134,111,23,23
67661,189,156,33,33
67662,62,63,-1,1
67663,73,64,9,9
67664,89,85,4,4
67665,42,45,-3,3
67666,129,105,24,24
67667,65,66,-1,1
67668,49,45,4,4
67669,163,135,28,28
67670,93,80,13,13
67671,185,151,34,34
67672,91,80,11,11
67673,43,42,1,1
67674,163,146,17,17
67675,65,61,4,4
67676,49,33,16,16
67677,62,56,6,6
67678,123,118,5,5
67679,78,72,6,6
67680,144,119,25,25
67681,75,89,-14,14
67682,83,72,11,11
67683,122,88,34,34
67684,92,82,10,10
67685,101,90,11,11
67686,75,76,-1,1
67687,130,104,26,26
67688,160,139,21,21
67689,58,55,3,3
67690,154,132,22,22
67691,101,85,16,16
67692,54,57,-3,3
67693,177,154,23,23
67694,198,162,36,36
67695,98,96,2,2
67696,87,89,-2,2
67697,116,99,17,17
67698,63,54,9,9
67699,95,80,15,15
67700,57,48,9,9
67701,64,53,11,11
67702,69,54,15,15
67703,79,70,9,9
67704,89,91,-2,2
67705,53,48,5,5
67706,94,87,7,7
67707,85,84,1,1
67708,85,76,9,9
67709,80,81,-1,1
67710,80,80,0,0
67711,95,80,15,15
67712,95,81,14,14
67713,72,68,4,4
67714,59,53,6,6
67715,122,95,27,27
67716,76,66,10,10
67717,103,81,22,22
67718,80,73,7,7
67719,84,75,9,9
67720,108,96,12,12
67721,94,84,10,10
67722,128,112,16,16
67723,121,109,12,12
67724,156,123,33,33
67725,120,102,18,18
67726,97,88,9,9
67727,87,90,-3,3
67728,116,99,17,17
67729,48,40,8,8
67730,139,119,20,20
67731,93,77,16,16
67732,184,172,12,12
67733,62,54,8,8
67734,116,111,5,5
67735,114,95,19,19
67736,104,87,17,17
67737,94,95,-1,1
67738,169,146,23,23
67739,89,83,6,6
67740,91,88,3,3
67741,97,90,7,7
67742,111,99,12,12
67743,69,63,6,6
67744,120,105,15,15
67745,105,111,-6,6
67746,99,90,9,9
67747,37,59,-22,22
67748,105,82,23,23
67749,69,66,3,3
67750,67,60,7,7
67751,31,28,3,3
67752,60,58,2,2
67753,90,84,6,6
67754,74,66,8,8
67755,123,102,21,21
67756,97,89,8,8
67757,55,47,8,8
67758,127,108,19,19
67759,122,108,14,14
67760,103,96,7,7
67761,141,124,17,17
67762,67,60,7,7
67763,113,107,6,6
67764,135,122,13,13
67765,203,167,36,36
67766,88,80,8,8
67767,94,90,4,4
67768,103,92,11,11
67769,86,75,11,11
67770,143,130,13,13
67771,52,46,6,6
67772,75,74,1,1
67773,114,108,6,6
67774,92,76,16,16
67775,113,97,16,16
67776,123,111,12,12
67777,68,68,0,0
67778,86,86,0,0
67779,27,32,-5,5
67780,126,114,12,12
67781,89,76,13,13
67782,113,92,21,21
67783,106,90,16,16
67784,90,76,14,14
67785,82,67,15,15
67786,88,83,5,5
67787,97,83,14,14
67788,141,118,23,23
67789,123,99,24,24
67790,188,177,11,11
67791,108,97,11,11
67792,73,66,7,7
67793,104,95,9,9
67794,87,80,7,7
67795,78,73,5,5
67796,75,66,9,9
67797,153,127,26,26
67798,74,62,12,12
67799,129,104,25,25
67800,117,98,19,19
67801,82,78,4,4
67802,103,90,13,13
67803,93,72,21,21
67804,89,80,9,9
67805,44,46,-2,2
67806,76,68,8,8
67807,79,82,-3,3
67808,87,80,7,7
67809,38,36,2,2
67810,120,106,14,14
67811,88,81,7,7
67812,155,125,30,30
67813,120,96,24,24
67814,89,74,15,15
67815,100,85,15,15
67816,66,58,8,8
67817,85,83,2,2
67818,90,68,22,22
67819,126,108,18,18
67820,153,118,35,35
67821,83,72,11,11
67822,113,95,18,18
67823,88,82,6,6
67824,152,141,11,11
67825,104,86,18,18
67826,75,66,9,9
67827,48,43,5,5
67828,127,107,20,20
67829,79,67,12,12
67830,117,102,15,15
67831,63,61,2,2
67832,113,107,6,6
67833,143,143,0,0
67834,110,97,13,13
67835,75,76,-1,1
67836,48,47,1,1
67837,64,83,-19,19
67838,99,89,10,10
67839,91,77,14,14
67840,111,93,18,18
67841,89,78,11,11
67842,141,123,18,18
67843,101,83,18,18
67844,74,65,9,9
67845,124,98,26,26
67846,115,109,6,6
67847,94,93,1,1
67848,110,101,9,9
67849,70,66,4,4
67850,89,86,3,3
67851,53,49,4,4
67852,85,85,0,0
67853,166,138,28,28
67854,77,64,13,13
67855,76,63,13,13
67856,137,131,6,6
67857,79,77,2,2
67858,144,107,37,37
67859,57,45,12,12
67860,102,91,11,11
67861,77,70,7,7
67862,105,99,6,6
67863,99,83,16,16
67864,40,39,1,1
67865,96,82,14,14
67866,99,91,8,8
67867,69,59,10,10
67868,111,92,19,19
67869,119,113,6,6
67870,152,129,23,23
67871,138,119,19,19
67872,146,142,4,4
67873,79,88,-9,9
67874,113,96,17,17
67875,65,64,1,1
67876,135,107,28,28
67877,58,37,21,21
67878,68,68,0,0
67879,103,85,18,18
67880,110,103,7,7
67881,57,53,4,4
67882,191,158,33,33
67883,87,71,16,16
67884,130,112,18,18
67885,94,84,10,10
67886,101,94,7,7
67887,52,42,10,10
67888,134,120,14,14
67889,75,66,9,9
67890,91,86,5,5
67891,109,97,12,12
67892,96,82,14,14
67893,55,50,5,5
67894,114,96,18,18
67895,159,131,28,28
67896,74,66,8,8
67897,89,84,5,5
67898,45,47,-2,2
67899,50,64,-14,14
67900,78,66,12,12
67901,136,127,9,9
67902,81,71,10,10
67903,104,84,20,20
67904,42,40,2,2
67905,45,40,5,5
67906,91,72,19,19
67907,81,72,9,9
67908,73,68,5,5
67909,163,136,27,27
67910,62,54,8,8
67911,62,71,-9,9
67912,117,93,24,24
67913,91,85,6,6
67914,81,83,-2,2
67915,183,144,39,39
67916,115,104,11,11
67917,45,39,6,6
67918,67,62,5,5
67919,73,64,9,9
67920,115,104,11,11
67921,143,119,24,24
67922,122,101,21,21
67923,158,124,34,34
67924,132,116,16,16
67925,56,53,3,3
67926,138,125,13,13
67927,128,104,24,24
67928,170,141,29,29
67929,101,89,12,12
67930,147,128,19,19
67931,116,106,10,10
67932,97,104,-7,7
67933,116,108,8,8
67934,73,65,8,8
67935,58,47,11,11
67936,99,81,18,18
67937,148,135,13,13
67938,56,50,6,6
67939,144,133,11,11
67940,73,63,10,10
67941,124,121,3,3
67942,58,76,-18,18
67943,72,67,5,5
67944,57,48,9,9
67945,77,61,16,16
67946,93,81,12,12
67947,136,116,20,20
67948,56,52,4,4
67949,106,87,19,19
67950,68,57,11,11
67951,107,92,15,15
67952,137,118,19,19
67953,51,49,2,2
67954,161,142,19,19
67955,75,65,10,10
67956,207,165,42,42
67957,134,127,7,7
67958,139,122,17,17
67959,85,76,9,9
67960,64,60,4,4
67961,57,53,4,4
67962,87,77,10,10
67963,143,123,20,20
67964,89,79,10,10
67965,78,67,11,11
67966,73,81,-8,8
67967,188,176,12,12
67968,115,89,26,26
67969,119,85,34,34
67970,74,70,4,4
67971,96,89,7,7
67972,64,60,4,4
67973,117,102,15,15
67974,127,115,12,12
67975,70,67,3,3
67976,97,93,4,4
67977,163,146,17,17
67978,143,118,25,25
67979,69,68,1,1
67980,98,95,3,3
67981,87,75,12,12
67982,100,90,10,10
67983,111,109,2,2
67984,129,121,8,8
67985,94,73,21,21
67986,124,110,14,14
67987,70,68,2,2
67988,64,58,6,6
67989,131,111,20,20
67990,81,80,1,1
67991,121,101,20,20
67992,139,117,22,22
67993,49,48,1,1
67994,54,53,1,1
67995,109,100,9,9
67996,71,69,2,2
67997,124,101,23,23
67998,110,88,22,22
67999,103,96,7,7
68000,104,102,2,2
68001,95,105,-10,10
68002,85,66,19,19
68003,83,68,15,15
68004,111,106,5,5
68005,68,50,18,18
68006,76,65,11,11
68007,47,42,5,5
68008,143,114,29,29
68009,64,58,6,6
68010,102,92,10,10
68011,77,72,5,5
68012,52,55,-3,3
68013,52,51,1,1
68014,75,72,3,3
68015,83,73,10,10
68016,70,60,10,10
68017,44,44,0,0
68018,41,41,0,0
68019,77,66,11,11
68020,53,46,7,7
68021,132,120,12,12
68022,112,93,19,19
68023,81,69,12,12
68024,85,75,10,10
68025,90,77,13,13
68026,51,47,4,4
68027,55,57,-2,2
68028,45,59,-14,14
68029,52,48,4,4
68030,98,87,11,11
68031,72,63,9,9
68032,239,199,40,40
68033,123,99,24,24
68034,164,135,29,29
68035,75,67,8,8
68036,145,128,17,17
68037,63,59,4,4
68038,63,89,-26,26
68039,100,94,6,6
68040,110,104,6,6
68041,76,79,-3,3
68042,94,90,4,4
68043,109,88,21,21
68044,59,62,-3,3
68045,140,137,3,3
68046,83,70,13,13
68047,136,113,23,23
68048,50,48,2,2
68049,85,71,14,14
68050,113,94,19,19
68051,49,51,-2,2
68052,98,75,23,23
68053,80,60,20,20
68054,95,86,9,9
68055,129,119,10,10
68056,89,74,15,15
68057,115,97,18,18
68058,73,69,4,4
68059,75,73,2,2
68060,168,138,30,30
68061,52,52,0,0
68062,76,65,11,11
68063,104,91,13,13
68064,124,98,26,26
68065,113,105,8,8
68066,80,68,12,12
68067,79,91,-12,12
68068,89,79,10,10
68069,90,73,17,17
68070,46,48,-2,2
68071,80,67,13,13
68072,108,110,-2,2
68073,46,41,5,5
68074,106,89,17,17
68075,139,119,20,20
68076,99,90,9,9
68077,50,46,4,4
68078,65,56,9,9
68079,69,63,6,6
68080,125,107,18,18
68081,97,86,11,11
68082,84,78,6,6
68083,114,105,9,9
68084,39,33,6,6
68085,106,91,15,15
68086,88,81,7,7
68087,80,76,4,4
68088,178,146,32,32
68089,104,101,3,3
68090,76,64,12,12
68091,108,85,23,23
68092,82,82,0,0
68093,44,45,-1,1
68094,67,57,10,10
68095,69,67,2,2
68096,69,57,12,12
68097,112,95,17,17
68098,151,122,29,29
68099,47,45,2,2
68100,70,61,9,9
68101,86,74,12,12
68102,95,84,11,11
68103,68,65,3,3
68104,44,38,6,6
68105,70,66,4,4
68106,132,113,19,19
68107,66,62,4,4
68108,104,89,15,15
68109,155,131,24,24
68110,136,119,17,17
68111,74,66,8,8
68112,109,97,12,12
68113,88,84,4,4
68114,156,146,10,10
68115,153,135,18,18
68116,83,66,17,17
68117,88,73,15,15
68118,167,156,11,11
68119,44,41,3,3
68120,124,100,24,24
68121,71,61,10,10
68122,131,105,26,26
68123,94,79,15,15
68124,64,59,5,5
68125,81,71,10,10
68126,69,62,7,7
68127,52,47,5,5
68128,84,76,8,8
68129,59,55,4,4
68130,117,105,12,12
68131,115,95,20,20
68132,86,78,8,8
68133,111,94,17,17
68134,69,67,2,2
68135,119,100,19,19
68136,73,64,9,9
68137,81,70,11,11
68138,79,84,-5,5
68139,89,89,0,0
68140,51,47,4,4
68141,63,58,5,5
68142,87,81,6,6
68143,116,101,15,15
68144,115,95,20,20
68145,111,103,8,8
68146,38,36,2,2
68147,130,122,8,8
68148,100,81,19,19
68149,60,48,12,12
68150,91,74,17,17
68151,67,61,6,6
68152,73,56,17,17
68153,152,136,16,16
68154,199,167,32,32
68155,156,133,23,23
68156,61,60,1,1
68157,109,87,22,22
68158,69,65,4,4
68159,87,79,8,8
68160,65,61,4,4
68161,83,75,8,8
68162,94,84,10,10
68163,104,79,25,25
68164,72,69,3,3
68165,74,79,-5,5
68166,93,73,20,20
68167,88,74,14,14
68168,88,71,17,17
68169,75,75,0,0
68170,102,93,9,9
68171,72,66,6,6
68172,95,73,22,22
68173,98,86,12,12
68174,86,77,9,9
68175,91,95,-4,4
68176,67,59,8,8
68177,73,69,4,4
68178,129,119,10,10
68179,64,56,8,8
68180,94,85,9,9
68181,123,102,21,21
68182,89,78,11,11
68183,45,45,0,0
68184,95,85,10,10
68185,77,68,9,9
68186,61,61,0,0
68187,151,141,10,10
68188,53,50,3,3
68189,109,92,17,17
68190,84,79,5,5
68191,86,82,4,4
68192,105,91,14,14
68193,107,104,3,3
68194,97,94,3,3
68195,41,38,3,3
68196,69,64,5,5
68197,111,74,37,37
68198,40,40,0,0
68199,140,124,16,16
68200,65,62,3,3
68201,149,117,32,32
68202,46,39,7,7
68203,103,90,13,13
68204,80,73,7,7
68205,41,37,4,4
68206,97,116,-19,19
68207,65,59,6,6
68208,124,134,-10,10
68209,65,60,5,5
68210,85,72,13,13
68211,151,133,18,18
68212,75,67,8,8
68213,92,86,6,6
68214,96,82,14,14
68215,120,112,8,8
68216,71,61,10,10
68217,77,72,5,5
68218,84,83,1,1
68219,100,96,4,4
68220,105,105,0,0
68221,123,103,20,20
68222,53,50,3,3
68223,178,157,21,21
68224,99,89,10,10
68225,64,61,3,3
68226,78,75,3,3
68227,108,92,16,16
68228,77,69,8,8
68229,157,132,25,25
68230,72,70,2,2
68231,68,64,4,4
68232,87,69,18,18
68233,70,68,2,2
68234,52,52,0,0
68235,85,70,15,15
68236,100,94,6,6
68237,71,61,10,10
68238,109,102,7,7
68239,154,150,4,4
68240,96,68,28,28
68241,78,79,-1,1
68242,82,84,-2,2
68243,114,99,15,15
68244,103,97,6,6
68245,118,109,9,9
68246,87,82,5,5
68247,121,115,6,6
68248,94,85,9,9
68249,62,54,8,8
68250,89,77,12,12
68251,105,89,16,16
68252,85,71,14,14
68253,79,78,1,1
68254,86,76,10,10
68255,100,88,12,12
68256,104,88,16,16
68257,83,71,12,12
68258,90,75,15,15
68259,112,115,-3,3
68260,69,65,4,4
68261,121,91,30,30
68262,84,80,4,4
68263,87,74,13,13
68264,92,84,8,8
68265,147,130,17,17
68266,86,79,7,7
68267,89,74,15,15
68268,52,59,-7,7
68269,110,96,14,14
68270,145,124,21,21
68271,87,77,10,10
68272,107,75,32,32
68273,145,108,37,37
68274,55,51,4,4
68275,51,55,-4,4
68276,95,84,11,11
68277,101,87,14,14
68278,72,60,12,12
68279,90,76,14,14
68280,91,70,21,21
68281,94,89,5,5
68282,60,60,0,0
68283,59,52,7,7
68284,96,80,16,16
68285,55,49,6,6
68286,101,78,23,23
68287,95,88,7,7
68288,113,95,18,18
68289,77,64,13,13
68290,114,114,0,0
68291,101,97,4,4
68292,100,96,4,4
68293,64,61,3,3
68294,100,83,17,17
68295,158,127,31,31
68296,81,74,7,7
68297,62,58,4,4
68298,136,116,20,20
68299,156,133,23,23
68300,160,132,28,28
68301,128,116,12,12
68302,49,41,8,8
68303,135,112,23,23
68304,81,77,4,4
68305,85,76,9,9
68306,74,63,11,11
68307,141,118,23,23
68308,98,86,12,12
68309,140,120,20,20
68310,102,84,18,18
68311,91,89,2,2
68312,68,60,8,8
68313,117,97,20,20
68314,57,48,9,9
68315,70,65,5,5
68316,203,151,52,52
68317,96,100,-4,4
68318,128,114,14,14
68319,81,68,13,13
68320,81,84,-3,3
68321,66,54,12,12
68322,128,110,18,18
68323,150,130,20,20
68324,79,77,2,2
68325,68,66,2,2
68326,57,53,4,4
68327,63,65,-2,2
68328,110,100,10,10
68329,84,73,11,11
68330,84,64,20,20
68331,59,54,5,5
68332,101,80,21,21
68333,73,69,4,4
68334,82,77,5,5
68335,163,141,22,22
68336,113,100,13,13
68337,95,65,30,30
68338,73,68,5,5
68339,83,72,11,11
68340,114,104,10,10
68341,136,104,32,32
68342,86,78,8,8
68343,81,70,11,11
68344,108,104,4,4
68345,149,137,12,12
68346,101,89,12,12
68347,78,72,6,6
68348,126,105,21,21
68349,122,116,6,6
68350,112,92,20,20
68351,67,58,9,9
68352,62,55,7,7
68353,112,106,6,6
68354,171,142,29,29
68355,65,55,10,10
68356,97,79,18,18
68357,43,40,3,3
68358,71,55,16,16
68359,71,62,9,9
68360,55,44,11,11
68361,72,75,-3,3
68362,85,73,12,12
68363,190,155,35,35
68364,97,88,9,9
68365,100,89,11,11
68366,75,69,6,6
68367,130,103,27,27
68368,60,55,5,5
68369,105,91,14,14
68370,85,73,12,12
68371,89,83,6,6
68372,93,84,9,9
68373,39,54,-15,15
68374,74,58,16,16
68375,148,138,10,10
68376,136,113,23,23
68377,61,65,-4,4
68378,181,153,28,28
68379,99,82,17,17
68380,165,142,23,23
68381,97,83,14,14
68382,116,95,21,21
68383,105,99,6,6
68384,50,41,9,9
68385,71,73,-2,2
68386,115,98,17,17
68387,61,50,11,11
68388,101,94,7,7
68389,80,71,9,9
68390,100,94,6,6
68391,79,82,-3,3
68392,121,104,17,17
68393,85,84,1,1
68394,87,80,7,7
68395,61,59,2,2
68396,125,119,6,6
68397,85,80,5,5
68398,87,78,9,9
68399,64,62,2,2
68400,66,60,6,6
68401,85,78,7,7
68402,159,131,28,28
68403,132,122,10,10
68404,96,89,7,7
68405,100,97,3,3
68406,76,65,11,11
68407,117,108,9,9
68408,101,101,0,0
68409,86,76,10,10
68410,117,99,18,18
68411,96,81,15,15
68412,55,55,0,0
68413,145,121,24,24
68414,68,67,1,1
68415,71,60,11,11
68416,129,110,19,19
68417,121,107,14,14
68418,92,71,21,21
68419,57,54,3,3
68420,50,44,6,6
68421,56,54,2,2
68422,52,49,3,3
68423,61,53,8,8
68424,164,138,26,26
68425,119,105,14,14
68426,85,71,14,14
68427,83,70,13,13
68428,149,128,21,21
68429,103,83,20,20
68430,61,41,20,20
68431,142,127,15,15
68432,80,76,4,4
68433,49,49,0,0
68434,109,84,25,25
68435,101,88,13,13
68436,77,70,7,7
68437,160,153,7,7
68438,108,103,5,5
68439,137,119,18,18
68440,125,111,14,14
68441,76,68,8,8
68442,145,118,27,27
68443,86,87,-1,1
68444,131,113,18,18
68445,99,95,4,4
68446,97,88,9,9
68447,67,55,12,12
68448,107,115,-8,8
68449,87,76,11,11
68450,104,92,12,12
68451,77,67,10,10
68452,49,48,1,1
68453,152,126,26,26
68454,138,120,18,18
68455,183,153,30,30
68456,53,51,2,2
68457,100,87,13,13
68458,71,65,6,6
68459,73,79,-6,6
68460,108,91,17,17
68461,85,81,4,4
68462,72,66,6,6
68463,92,80,12,12
68464,127,109,18,18
68465,61,75,-14,14
68466,86,90,-4,4
68467,56,49,7,7
68468,104,84,20,20
68469,86,78,8,8
68470,142,130,12,12
68471,78,78,0,0
68472,96,75,21,21
68473,75,69,6,6
68474,88,77,11,11
68475,69,62,7,7
68476,62,58,4,4
68477,107,96,11,11
68478,65,58,7,7
68479,129,125,4,4
68480,86,82,4,4
68481,77,63,14,14
68482,115,89,26,26
68483,87,74,13,13
68484,32,22,10,10
68485,80,82,-2,2
68486,107,92,15,15
68487,112,114,-2,2
68488,83,74,9,9
68489,89,83,6,6
68490,65,60,5,5
68491,63,59,4,4
68492,56,53,3,3
68493,99,78,21,21
68494,88,81,7,7
68495,130,117,13,13
68496,59,55,4,4
68497,157,118,39,39
68498,94,95,-1,1
68499,94,82,12,12
68500,61,58,3,3
68501,98,91,7,7
68502,98,84,14,14
68503,108,87,21,21
68504,122,106,16,16
68505,115,101,14,14
68506,49,48,1,1
68507,79,71,8,8
68508,96,92,4,4
68509,81,81,0,0
68510,54,50,4,4
68511,70,69,1,1
68512,141,118,23,23
68513,113,181,-68,68
68514,110,111,-1,1
68515,75,70,5,5
68516,85,84,1,1
68517,85,70,15,15
68518,105,93,12,12
68519,62,62,0,0
68520,39,41,-2,2
68521,83,76,7,7
68522,103,87,16,16
68523,69,65,4,4
68524,103,90,13,13
68525,82,68,14,14
68526,98,85,13,13
68527,134,111,23,23
68528,51,57,-6,6
68529,98,85,13,13
68530,58,55,3,3
68531,66,67,-1,1
68532,66,57,9,9
68533,139,112,27,27
68534,182,155,27,27
68535,118,121,-3,3
68536,69,57,12,12
68537,61,62,-1,1
68538,101,83,18,18
68539,126,89,37,37
68540,87,76,11,11
68541,53,50,3,3
68542,83,72,11,11
68543,113,105,8,8
68544,109,90,19,19
68545,60,55,5,5
68546,113,101,12,12
68547,84,83,1,1
68548,60,51,9,9
68549,56,54,2,2
68550,52,45,7,7
68551,111,93,18,18
68552,74,72,2,2
68553,57,51,6,6
68554,72,66,6,6
68555,77,71,6,6
68556,93,81,12,12
68557,167,133,34,34
68558,64,56,8,8
68559,97,80,17,17
68560,106,96,10,10
68561,165,133,32,32
68562,86,95,-9,9
68563,146,119,27,27
68564,98,87,11,11
68565,88,78,10,10
68566,89,79,10,10
68567,99,87,12,12
68568,86,78,8,8
68569,95,99,-4,4
68570,70,57,13,13
68571,91,90,1,1
68572,98,84,14,14
68573,92,79,13,13
68574,103,88,15,15
68575,91,73,18,18
68576,58,65,-7,7
68577,61,59,2,2
68578,53,49,4,4
68579,83,73,10,10
68580,56,52,4,4
68581,84,76,8,8
68582,73,70,3,3
68583,73,65,8,8
68584,81,73,8,8
68585,69,64,5,5
68586,71,67,4,4
68587,107,103,4,4
68588,111,99,12,12
68589,107,90,17,17
68590,115,88,27,27
68591,75,68,7,7
68592,129,105,24,24
68593,94,81,13,13
68594,52,48,4,4
68595,146,129,17,17
68596,99,92,7,7
68597,93,98,-5,5
68598,57,55,2,2
68599,102,106,-4,4
68600,58,57,1,1
68601,95,120,-25,25
68602,92,81,11,11
68603,99,85,14,14
68604,115,106,9,9
68605,77,68,9,9
68606,176,159,17,17
68607,97,91,6,6
68608,153,121,32,32
68609,74,64,10,10
68610,182,148,34,34
68611,91,92,-1,1
68612,67,70,-3,3
68613,85,84,1,1
68614,109,94,15,15
68615,113,94,19,19
68616,111,102,9,9
68617,95,96,-1,1
68618,74,65,9,9
68619,110,96,14,14
68620,58,49,9,9
68621,135,115,20,20
68622,108,100,8,8
68623,112,104,8,8
68624,49,48,1,1
68625,114,105,9,9
68626,57,54,3,3
68627,74,64,10,10
68628,99,89,10,10
68629,96,81,15,15
68630,88,75,13,13
68631,79,77,2,2
68632,82,64,18,18
68633,99,86,13,13
68634,116,99,17,17
68635,80,71,9,9
68636,120,104,16,16
68637,70,57,13,13
68638,74,64,10,10
68639,55,59,-4,4
68640,97,80,17,17
68641,74,67,7,7
68642,92,88,4,4
68643,71,66,5,5
68644,86,75,11,11
68645,66,56,10,10
68646,74,63,11,11
68647,90,79,11,11
68648,110,96,14,14
68649,94,84,10,10
68650,101,88,13,13
68651,115,103,12,12
68652,91,84,7,7
68653,102,93,9,9
68654,116,110,6,6
68655,130,116,14,14
68656,45,45,0,0
68657,77,70,7,7
68658,117,114,3,3
68659,109,97,12,12
68660,94,81,13,13
68661,130,109,21,21
68662,37,39,-2,2
68663,73,68,5,5
68664,79,63,16,16
68665,80,79,1,1
68666,143,113,30,30
68667,69,64,5,5
68668,143,126,17,17
68669,105,95,10,10
68670,150,126,24,24
68671,94,78,16,16
68672,107,91,16,16
68673,64,56,8,8
68674,154,120,34,34
68675,129,114,15,15
68676,118,101,17,17
68677,86,76,10,10
68678,98,87,11,11
68679,134,128,6,6
68680,96,89,7,7
68681,90,80,10,10
68682,173,156,17,17
68683,83,76,7,7
68684,168,148,20,20
68685,97,87,10,10
68686,88,78,10,10
68687,54,47,7,7
68688,142,109,33,33
68689,152,127,25,25
68690,75,75,0,0
68691,73,64,9,9
68692,170,160,10,10
68693,82,74,8,8
68694,103,102,1,1
68695,135,112,23,23
68696,98,88,10,10
68697,190,158,32,32
68698,110,84,26,26
68699,56,55,1,1
68700,160,133,27,27
68701,86,90,-4,4
68702,105,93,12,12
68703,42,40,2,2
68704,148,144,4,4
68705,78,66,12,12
68706,108,97,11,11
68707,81,72,9,9
68708,135,118,17,17
68709,84,83,1,1
68710,115,94,21,21
68711,124,104,20,20
68712,67,68,-1,1
68713,97,84,13,13
68714,90,78,12,12
68715,158,133,25,25
68716,162,138,24,24
68717,165,145,20,20
68718,76,69,7,7
68719,174,155,19,19
68720,125,106,19,19
68721,155,137,18,18
68722,80,78,2,2
68723,150,138,12,12
68724,54,47,7,7
68725,119,95,24,24
68726,83,67,16,16
68727,56,55,1,1
68728,69,71,-2,2
68729,94,87,7,7
68730,103,99,4,4
68731,120,100,20,20
68732,119,113,6,6
68733,92,82,10,10
68734,102,91,11,11
68735,75,68,7,7
68736,64,57,7,7
68737,175,144,31,31
68738,66,58,8,8
68739,69,54,15,15
68740,66,57,9,9
68741,42,41,1,1
68742,222,185,37,37
68743,161,138,23,23
68744,139,109,30,30
68745,88,79,9,9
68746,81,67,14,14
68747,160,146,14,14
68748,100,94,6,6
68749,64,64,0,0
68750,26,30,-4,4
68751,126,109,17,17
68752,49,45,4,4
68753,101,89,12,12
68754,78,65,13,13
68755,82,72,10,10
68756,68,62,6,6
68757,90,81,9,9
68758,78,68,10,10
68759,114,106,8,8
68760,160,137,23,23
68761,108,95,13,13
68762,93,84,9,9
68763,52,46,6,6
68764,142,123,19,19
68765,151,144,7,7
68766,118,108,10,10
68767,90,80,10,10
68768,103,84,19,19
68769,126,107,19,19
68770,121,108,13,13
68771,111,103,8,8
68772,87,76,11,11
68773,48,44,4,4
68774,86,67,19,19
68775,60,92,-32,32
68776,162,127,35,35
68777,98,80,18,18
68778,134,112,22,22
68779,147,129,18,18
68780,113,106,7,7
68781,79,68,11,11
68782,76,64,12,12
68783,72,74,-2,2
68784,59,61,-2,2
68785,151,126,25,25
68786,114,98,16,16
68787,71,67,4,4
68788,146,127,19,19
68789,83,72,11,11
68790,65,55,10,10
68791,60,51,9,9
68792,113,89,24,24
68793,146,117,29,29
68794,103,94,9,9
68795,123,102,21,21
68796,59,58,1,1
68797,158,125,33,33
68798,114,90,24,24
68799,133,108,25,25
68800,151,128,23,23
68801,41,39,2,2
68802,80,69,11,11
68803,71,60,11,11
68804,88,81,7,7
68805,94,93,1,1
68806,41,48,-7,7
68807,129,128,1,1
68808,126,111,15,15
68809,132,102,30,30
68810,38,43,-5,5
68811,81,75,6,6
68812,97,88,9,9
68813,99,86,13,13
68814,159,139,20,20
68815,113,105,8,8
68816,42,47,-5,5
68817,176,147,29,29
68818,96,76,20,20
68819,122,109,13,13
68820,134,125,9,9
68821,63,58,5,5
68822,81,69,12,12
68823,94,89,5,5
68824,122,102,20,20
68825,99,77,22,22
68826,103,97,6,6
68827,77,93,-16,16
68828,90,89,1,1
68829,139,111,28,28
68830,74,62,12,12
68831,83,76,7,7
68832,84,74,10,10
68833,108,90,18,18
68834,80,77,3,3
68835,117,105,12,12
68836,81,67,14,14
68837,73,66,7,7
68838,146,124,22,22
68839,83,74,9,9
68840,71,62,9,9
68841,99,98,1,1
68842,52,49,3,3
68843,97,94,3,3
68844,80,69,11,11
68845,112,99,13,13
68846,57,62,-5,5
68847,105,94,11,11
68848,145,134,11,11
68849,104,84,20,20
68850,94,77,17,17
68851,109,100,9,9
68852,73,65,8,8
68853,54,51,3,3
68854,99,83,16,16
68855,204,171,33,33
68856,42,43,-1,1
68857,40,37,3,3
68858,61,51,10,10
68859,98,90,8,8
68860,88,83,5,5
68861,107,106,1,1
68862,101,91,10,10
68863,156,134,22,22
68864,43,44,-1,1
68865,85,73,12,12
68866,130,107,23,23
68867,49,52,-3,3
68868,82,70,12,12
68869,105,95,10,10
68870,141,135,6,6
68871,124,115,9,9
68872,149,147,2,2
68873,61,50,11,11
68874,163,142,21,21
68875,94,89,5,5
68876,64,62,2,2
68877,129,127,2,2
68878,71,68,3,3
68879,95,92,3,3
68880,106,102,4,4
68881,103,78,25,25
68882,81,68,13,13
68883,89,72,17,17
68884,144,120,24,24
68885,64,62,2,2
68886,37,112,-75,75
68887,87,70,17,17
68888,34,33,1,1
68889,94,86,8,8
68890,84,79,5,5
68891,76,65,11,11
68892,79,67,12,12
68893,96,94,2,2
68894,99,85,14,14
68895,102,91,11,11
68896,66,60,6,6
68897,96,77,19,19
68898,75,66,9,9
68899,98,81,17,17
68900,75,65,10,10
68901,106,89,17,17
68902,85,75,10,10
68903,104,106,-2,2
68904,83,79,4,4
68905,92,83,9,9
68906,110,112,-2,2
68907,89,95,-6,6
68908,148,123,25,25
68909,105,92,13,13
68910,90,73,17,17
68911,42,48,-6,6
68912,102,92,10,10
68913,142,122,20,20
68914,122,104,18,18
68915,109,88,21,21
68916,101,95,6,6
68917,89,87,2,2
68918,118,106,12,12
68919,146,122,24,24
68920,100,93,7,7
68921,99,85,14,14
68922,62,52,10,10
68923,84,69,15,15
68924,62,62,0,0
68925,190,155,35,35
68926,105,97,8,8
68927,101,82,19,19
68928,69,68,1,1
68929,105,91,14,14
68930,135,120,15,15
68931,162,150,12,12
68932,96,86,10,10
68933,80,67,13,13
68934,83,76,7,7
68935,133,116,17,17
68936,77,66,11,11
68937,130,111,19,19
68938,143,143,0,0
68939,83,76,7,7
68940,77,71,6,6
68941,148,125,23,23
68942,88,73,15,15
68943,47,41,6,6
68944,66,50,16,16
68945,54,59,-5,5
68946,97,83,14,14
68947,80,77,3,3
68948,51,61,-10,10
68949,122,115,7,7
68950,134,107,27,27
68951,152,135,17,17
68952,96,91,5,5
68953,75,73,2,2
68954,143,128,15,15
68955,164,145,19,19
68956,99,90,9,9
68957,149,139,10,10
68958,126,107,19,19
68959,90,72,18,18
68960,102,93,9,9
68961,18,23,-5,5
68962,103,118,-15,15
68963,130,110,20,20
68964,67,64,3,3
68965,69,57,12,12
68966,84,74,10,10
68967,122,112,10,10
68968,103,86,17,17
68969,65,53,12,12
68970,111,105,6,6
68971,177,160,17,17
68972,64,56,8,8
68973,159,143,16,16
68974,123,112,11,11
68975,67,63,4,4
68976,138,128,10,10
68977,88,86,2,2
68978,94,96,-2,2
68979,114,94,20,20
68980,81,69,12,12
68981,68,59,9,9
68982,214,180,34,34
68983,145,117,28,28
68984,54,51,3,3
68985,100,80,20,20
68986,146,129,17,17
68987,213,169,44,44
68988,106,104,2,2
68989,57,45,12,12
68990,128,112,16,16
68991,97,86,11,11
68992,90,90,0,0
68993,102,89,13,13
68994,153,124,29,29
68995,84,71,13,13
68996,27,26,1,1
68997,51,43,8,8
68998,73,69,4,4
68999,86,75,11,11
69000,77,65,12,12
69001,154,126,28,28
69002,107,91,16,16
69003,173,151,22,22
69004,80,75,5,5
69005,92,82,10,10
69006,86,75,11,11
69007,70,66,4,4
69008,116,109,7,7
69009,79,71,8,8
69010,101,90,11,11
69011,138,121,17,17
69012,125,99,26,26
69013,65,59,6,6
69014,82,74,8,8
69015,88,82,6,6
69016,40,45,-5,5
69017,104,96,8,8
69018,111,99,12,12
69019,81,71,10,10
69020,67,70,-3,3
69021,91,89,2,2
69022,135,121,14,14
69023,155,149,6,6
69024,89,73,16,16
69025,58,62,-4,4
69026,137,116,21,21
69027,69,63,6,6
69028,84,75,9,9
69029,110,83,27,27
69030,68,84,-16,16
69031,126,102,24,24
69032,185,133,52,52
69033,64,52,12,12
69034,119,102,17,17
69035,133,116,17,17
69036,96,82,14,14
69037,54,50,4,4
69038,90,81,9,9
69039,75,65,10,10
69040,123,115,8,8
69041,91,82,9,9
69042,114,101,13,13
69043,49,68,-19,19
69044,119,99,20,20
69045,78,66,12,12
69046,105,89,16,16
69047,113,102,11,11
69048,75,63,12,12
69049,162,142,20,20
69050,62,56,6,6
69051,93,73,20,20
69052,67,56,11,11
69053,118,102,16,16
69054,76,67,9,9
69055,132,112,20,20
69056,43,41,2,2
69057,69,67,2,2
69058,99,91,8,8
69059,81,69,12,12
69060,103,91,12,12
69061,87,72,15,15
69062,88,73,15,15
69063,92,77,15,15
69064,102,84,18,18
69065,53,48,5,5
69066,80,70,10,10
69067,86,72,14,14
69068,107,99,8,8
69069,165,153,12,12
69070,43,42,1,1
69071,84,70,14,14
69072,129,112,17,17
69073,135,119,16,16
69074,32,57,-25,25
69075,49,52,-3,3
69076,91,82,9,9
69077,72,64,8,8
69078,85,74,11,11
69079,75,73,2,2
69080,95,106,-11,11
69081,132,112,20,20
69082,98,95,3,3
69083,34,30,4,4
69084,114,100,14,14
69085,104,87,17,17
69086,111,91,20,20
69087,59,51,8,8
69088,38,43,-5,5
69089,45,40,5,5
69090,160,154,6,6
69091,87,75,12,12
69092,78,75,3,3
69093,180,134,46,46
69094,112,108,4,4
69095,99,93,6,6
69096,77,72,5,5
69097,64,72,-8,8
69098,93,72,21,21
69099,135,137,-2,2
69100,80,72,8,8
69101,105,81,24,24
69102,93,85,8,8
69103,97,90,7,7
69104,93,92,1,1
69105,126,98,28,28
69106,100,86,14,14
69107,93,84,9,9
69108,116,106,10,10
69109,89,79,10,10
69110,72,79,-7,7
69111,158,125,33,33
69112,107,82,25,25
69113,57,55,2,2
69114,95,91,4,4
69115,199,167,32,32
69116,98,87,11,11
69117,50,46,4,4
69118,72,62,10,10
69119,86,71,15,15
69120,36,41,-5,5
69121,77,59,18,18
69122,144,132,12,12
69123,101,106,-5,5
69124,141,126,15,15
69125,136,113,23,23
69126,81,70,11,11
69127,96,105,-9,9
69128,92,81,11,11
69129,37,41,-4,4
69130,117,107,10,10
69131,96,81,15,15
69132,120,126,-6,6
69133,58,55,3,3
69134,147,117,30,30
69135,60,57,3,3
69136,85,72,13,13
69137,71,56,15,15
69138,74,64,10,10
69139,98,87,11,11
69140,59,50,9,9
69141,77,71,6,6
69142,77,73,4,4
69143,76,71,5,5
69144,52,50,2,2
69145,116,105,11,11
69146,78,76,2,2
69147,74,67,7,7
69148,124,110,14,14
69149,58,50,8,8
69150,86,75,11,11
69151,132,111,21,21
69152,108,88,20,20
69153,38,37,1,1
69154,138,125,13,13
69155,74,65,9,9
69156,73,68,5,5
69157,95,73,22,22
69158,129,127,2,2
69159,102,83,19,19
69160,112,96,16,16
69161,141,126,15,15
69162,76,67,9,9
69163,142,124,18,18
69164,72,64,8,8
69165,163,142,21,21
69166,122,107,15,15
69167,44,38,6,6
69168,104,91,13,13
69169,72,75,-3,3
69170,60,53,7,7
69171,69,61,8,8
69172,113,96,17,17
69173,89,79,10,10
69174,42,41,1,1
69175,146,127,19,19
69176,147,117,30,30
69177,132,132,0,0
69178,107,92,15,15
69179,77,73,4,4
69180,102,91,11,11
69181,153,126,27,27
69182,56,65,-9,9
69183,105,99,6,6
69184,129,116,13,13
69185,99,82,17,17
69186,55,51,4,4
69187,102,100,2,2
69188,102,86,16,16
69189,111,99,12,12
69190,123,114,9,9
69191,62,59,3,3
69192,152,149,3,3
69193,89,73,16,16
69194,94,79,15,15
69195,35,48,-13,13
69196,94,81,13,13
69197,110,105,5,5
69198,175,157,18,18
69199,105,87,18,18
69200,42,43,-1,1
69201,152,128,24,24
69202,149,121,28,28
69203,207,167,40,40
69204,152,142,10,10
69205,88,87,1,1
69206,94,83,11,11
69207,76,61,15,15
69208,84,74,10,10
69209,87,77,10,10
69210,59,46,13,13
69211,112,96,16,16
69212,110,92,18,18
69213,136,104,32,32
69214,81,81,0,0
69215,177,146,31,31
69216,120,108,12,12
69217,86,77,9,9
69218,57,55,2,2
69219,100,74,26,26
69220,134,118,16,16
69221,75,63,12,12
69222,88,74,14,14
69223,82,79,3,3
69224,54,54,0,0
69225,74,61,13,13
69226,50,47,3,3
69227,125,103,22,22
69228,85,78,7,7
69229,148,129,19,19
69230,88,82,6,6
69231,58,66,-8,8
69232,124,94,30,30
69233,129,116,13,13
69234,100,86,14,14
69235,76,67,9,9
69236,86,71,15,15
69237,57,60,-3,3
69238,84,75,9,9
69239,103,86,17,17
69240,87,79,8,8
69241,114,105,9,9
69242,58,56,2,2
69243,100,84,16,16
69244,92,84,8,8
69245,78,74,4,4
69246,73,77,-4,4
69247,73,63,10,10
69248,106,95,11,11
69249,135,122,13,13
69250,95,100,-5,5
69251,75,71,4,4
69252,116,112,4,4
69253,58,49,9,9
69254,135,112,23,23
69255,75,69,6,6
69256,51,51,0,0
69257,69,62,7,7
69258,97,99,-2,2
69259,73,68,5,5
69260,91,86,5,5
69261,156,135,21,21
69262,67,64,3,3
69263,77,65,12,12
69264,133,123,10,10
69265,129,133,-4,4
69266,110,95,15,15
69267,121,122,-1,1
69268,150,130,20,20
69269,89,78,11,11
69270,71,74,-3,3
69271,119,96,23,23
69272,70,70,0,0
69273,121,111,10,10
69274,116,108,8,8
69275,123,113,10,10
69276,95,80,15,15
69277,70,58,12,12
69278,111,80,31,31
69279,113,95,18,18
69280,92,71,21,21
69281,52,51,1,1
69282,114,99,15,15
69283,106,93,13,13
69284,102,105,-3,3
69285,72,75,-3,3
69286,134,104,30,30
69287,101,89,12,12
69288,134,111,23,23
69289,111,103,8,8
69290,99,87,12,12
69291,98,83,15,15
69292,94,86,8,8
69293,44,41,3,3
69294,92,85,7,7
69295,81,69,12,12
69296,74,67,7,7
69297,51,42,9,9
69298,135,119,16,16
69299,34,36,-2,2
69300,151,138,13,13
69301,64,58,6,6
69302,105,98,7,7
69303,117,92,25,25
69304,88,79,9,9
69305,100,90,10,10
69306,88,75,13,13
69307,84,78,6,6
69308,189,166,23,23
69309,45,43,2,2
69310,64,62,2,2
69311,94,84,10,10
69312,199,165,34,34
69313,80,67,13,13
69314,105,96,9,9
69315,112,95,17,17
69316,59,36,23,23
69317,54,54,0,0
69318,123,104,19,19
69319,59,57,2,2
69320,186,158,28,28
69321,110,97,13,13
69322,117,98,19,19
69323,82,74,8,8
69324,202,157,45,45
69325,129,101,28,28
69326,91,84,7,7
69327,131,103,28,28
69328,117,95,22,22
69329,82,66,16,16
69330,78,76,2,2
69331,129,112,17,17
69332,46,36,10,10
69333,122,114,8,8
69334,124,102,22,22
69335,186,171,15,15
69336,103,91,12,12
69337,112,110,2,2
69338,135,126,9,9
69339,68,65,3,3
69340,110,101,9,9
69341,57,51,6,6
69342,144,124,20,20
69343,115,93,22,22
69344,143,127,16,16
69345,75,75,0,0
69346,69,58,11,11
69347,140,115,25,25
69348,93,90,3,3
69349,74,64,10,10
69350,165,146,19,19
69351,77,73,4,4
69352,57,53,4,4
69353,87,93,-6,6
69354,123,110,13,13
69355,78,75,3,3
69356,120,110,10,10
69357,100,89,11,11
69358,112,100,12,12
69359,87,82,5,5
69360,98,75,23,23
69361,106,91,15,15
69362,91,88,3,3
69363,107,96,11,11
69364,67,58,9,9
69365,125,113,12,12
69366,61,48,13,13
69367,96,87,9,9
69368,73,66,7,7
69369,70,62,8,8
69370,89,74,15,15
69371,114,99,15,15
69372,74,71,3,3
69373,133,105,28,28
69374,107,104,3,3
69375,91,80,11,11
69376,83,69,14,14
69377,76,65,11,11
69378,75,73,2,2
69379,83,70,13,13
69380,62,56,6,6
69381,71,71,0,0
69382,40,39,1,1
69383,131,109,22,22
69384,138,128,10,10
69385,43,44,-1,1
69386,76,76,0,0
69387,128,136,-8,8
69388,62,56,6,6
69389,128,108,20,20
69390,79,74,5,5
69391,140,117,23,23
69392,94,93,1,1
69393,96,87,9,9
69394,43,36,7,7
69395,159,135,24,24
69396,62,50,12,12
69397,131,111,20,20
69398,65,60,5,5
69399,63,61,2,2
69400,116,113,3,3
69401,65,69,-4,4
69402,70,62,8,8
69403,56,54,2,2
69404,95,85,10,10
69405,120,101,19,19
69406,93,89,4,4
69407,92,81,11,11
69408,101,81,20,20
69409,106,97,9,9
69410,151,126,25,25
69411,98,83,15,15
69412,63,57,6,6
69413,120,108,12,12
69414,93,82,11,11
69415,89,78,11,11
69416,47,44,3,3
69417,92,85,7,7
69418,95,76,19,19
69419,90,73,17,17
69420,116,98,18,18
69421,88,79,9,9
69422,107,103,4,4
69423,168,161,7,7
69424,49,44,5,5
69425,111,93,18,18
69426,76,73,3,3
69427,89,76,13,13
69428,72,67,5,5
69429,131,118,13,13
69430,61,67,-6,6
69431,106,90,16,16
69432,65,62,3,3
69433,76,69,7,7
69434,62,83,-21,21
69435,63,56,7,7
69436,77,66,11,11
69437,120,100,20,20
69438,109,98,11,11
69439,93,81,12,12
69440,66,60,6,6
69441,72,58,14,14
69442,94,78,16,16
69443,143,116,27,27
69444,75,67,8,8
69445,99,88,11,11
69446,112,103,9,9
69447,66,61,5,5
69448,72,61,11,11
69449,46,49,-3,3
69450,100,89,11,11
69451,89,73,16,16
69452,101,89,12,12
69453,63,54,9,9
69454,108,96,12,12
69455,89,84,5,5
69456,101,88,13,13
69457,94,80,14,14
69458,73,66,7,7
69459,148,113,35,35
69460,142,123,19,19
69461,92,82,10,10
69462,151,130,21,21
69463,119,103,16,16
69464,61,59,2,2
69465,124,112,12,12
69466,46,47,-1,1
69467,67,68,-1,1
69468,46,56,-10,10
69469,81,69,12,12
69470,104,94,10,10
69471,47,44,3,3
69472,88,78,10,10
69473,115,73,42,42
69474,92,96,-4,4
69475,100,77,23,23
69476,141,122,19,19
69477,107,96,11,11
69478,127,102,25,25
69479,117,111,6,6
69480,72,64,8,8
69481,81,76,5,5
69482,100,116,-16,16
69483,84,92,-8,8
69484,70,59,11,11
69485,152,127,25,25
69486,32,35,-3,3
69487,121,111,10,10
69488,69,62,7,7
69489,63,59,4,4
69490,76,66,10,10
69491,81,76,5,5
69492,106,91,15,15
69493,69,69,0,0
69494,54,53,1,1
69495,92,79,13,13
69496,61,59,2,2
69497,141,118,23,23
69498,78,67,11,11
69499,124,128,-4,4
69500,94,82,12,12
69501,66,62,4,4
69502,156,145,11,11
69503,80,91,-11,11
69504,84,78,6,6
69505,161,142,19,19
69506,106,88,18,18
69507,98,86,12,12
69508,108,92,16,16
69509,109,91,18,18
69510,85,74,11,11
69511,74,73,1,1
69512,74,66,8,8
69513,88,88,0,0
69514,128,108,20,20
69515,93,80,13,13
69516,140,123,17,17
69517,109,94,15,15
69518,58,49,9,9
69519,73,58,15,15
69520,86,77,9,9
69521,94,80,14,14
69522,332,282,50,50
69523,112,91,21,21
69524,48,43,5,5
69525,73,69,4,4
69526,116,100,16,16
69527,105,82,23,23
69528,65,60,5,5
69529,108,93,15,15
69530,83,83,0,0
69531,81,79,2,2
69532,155,145,10,10
69533,110,85,25,25
69534,120,99,21,21
69535,92,75,17,17
69536,152,123,29,29
69537,131,123,8,8
69538,48,56,-8,8
69539,68,62,6,6
69540,74,65,9,9
69541,86,87,-1,1
69542,148,141,7,7
69543,188,162,26,26
69544,79,78,1,1
69545,125,106,19,19
69546,95,75,20,20
69547,63,54,9,9
69548,78,64,14,14
69549,116,105,11,11
69550,83,75,8,8
69551,68,62,6,6
69552,104,106,-2,2
69553,107,93,14,14
69554,93,77,16,16
69555,115,102,13,13
69556,105,80,25,25
69557,76,83,-7,7
69558,129,107,22,22
69559,53,44,9,9
69560,78,78,0,0
69561,108,92,16,16
69562,39,42,-3,3
69563,81,67,14,14
69564,122,116,6,6
69565,74,62,12,12
69566,63,59,4,4
69567,115,103,12,12
69568,119,110,9,9
69569,130,113,17,17
69570,103,114,-11,11
69571,107,100,7,7
69572,69,71,-2,2
69573,130,109,21,21
69574,98,104,-6,6
69575,126,103,23,23
69576,119,95,24,24
69577,86,81,5,5
69578,211,179,32,32
69579,82,74,8,8
69580,64,54,10,10
69581,96,67,29,29
69582,63,58,5,5
69583,102,92,10,10
69584,119,113,6,6
69585,82,80,2,2
69586,119,102,17,17
69587,64,56,8,8
69588,48,43,5,5
69589,140,121,19,19
69590,112,93,19,19
69591,93,96,-3,3
69592,88,81,7,7
69593,93,82,11,11
69594,60,52,8,8
69595,66,60,6,6
69596,48,44,4,4
69597,101,84,17,17
69598,54,49,5,5
69599,99,82,17,17
69600,81,71,10,10
69601,155,132,23,23
69602,80,67,13,13
69603,69,64,5,5
69604,65,67,-2,2
69605,81,79,2,2
69606,100,93,7,7
69607,89,87,2,2
69608,86,79,7,7
69609,107,99,8,8
69610,61,58,3,3
69611,59,49,10,10
69612,51,51,0,0
69613,147,136,11,11
69614,127,108,19,19
69615,130,123,7,7
69616,53,42,11,11
69617,117,86,31,31
69618,132,114,18,18
69619,119,102,17,17
69620,107,82,25,25
69621,79,83,-4,4
69622,157,139,18,18
69623,125,99,26,26
69624,60,58,2,2
69625,79,61,18,18
69626,80,76,4,4
69627,151,120,31,31
69628,109,90,19,19
69629,64,58,6,6
69630,111,89,22,22
69631,44,51,-7,7
69632,95,75,20,20
69633,137,116,21,21
69634,121,91,30,30
69635,51,53,-2,2
69636,53,57,-4,4
69637,93,82,11,11
69638,91,84,7,7
69639,125,103,22,22
69640,59,56,3,3
69641,63,56,7,7
69642,111,88,23,23
69643,117,109,8,8
69644,74,65,9,9
69645,117,109,8,8
69646,65,55,10,10
69647,100,82,18,18
69648,227,195,32,32
69649,145,152,-7,7
69650,82,76,6,6
69651,93,70,23,23
69652,120,119,1,1
69653,122,100,22,22
69654,121,105,16,16
69655,106,83,23,23
69656,95,90,5,5
69657,71,63,8,8
69658,64,68,-4,4
69659,103,92,11,11
69660,66,72,-6,6
69661,60,59,1,1
69662,85,74,11,11
69663,110,100,10,10
69664,109,99,10,10
69665,80,81,-1,1
69666,80,65,15,15
69667,147,132,15,15
69668,107,101,6,6
69669,61,55,6,6
69670,163,146,17,17
69671,60,53,7,7
69672,85,74,11,11
69673,152,146,6,6
69674,90,80,10,10
69675,81,70,11,11
69676,76,64,12,12
69677,95,81,14,14
69678,70,65,5,5
69679,101,85,16,16
69680,65,56,9,9
69681,78,78,0,0
69682,94,87,7,7
69683,69,62,7,7
69684,161,147,14,14
69685,97,92,5,5
69686,66,64,2,2
69687,171,142,29,29
69688,93,73,20,20
69689,98,82,16,16
69690,101,94,7,7
69691,97,86,11,11
69692,74,70,4,4
69693,88,69,19,19
69694,184,163,21,21
69695,74,71,3,3
69696,65,67,-2,2
69697,193,164,29,29
69698,103,87,16,16
69699,57,55,2,2
69700,113,118,-5,5
69701,145,151,-6,6
69702,60,55,5,5
69703,128,123,5,5
69704,89,79,10,10
69705,80,71,9,9
69706,79,66,13,13
69707,114,97,17,17
69708,200,167,33,33
69709,133,117,16,16
69710,114,96,18,18
69711,125,107,18,18
69712,82,71,11,11
69713,90,73,17,17
69714,95,83,12,12
69715,140,130,10,10
69716,96,92,4,4
69717,186,160,26,26
69718,89,89,0,0
69719,57,54,3,3
69720,76,71,5,5
69721,64,56,8,8
69722,138,118,20,20
69723,97,80,17,17
69724,95,93,2,2
69725,157,143,14,14
69726,76,65,11,11
69727,77,73,4,4
69728,110,97,13,13
69729,191,158,33,33
69730,70,63,7,7
69731,100,101,-1,1
69732,98,92,6,6
69733,64,63,1,1
69734,106,90,16,16
69735,95,87,8,8
69736,70,69,1,1
69737,132,105,27,27
69738,43,34,9,9
69739,177,145,32,32
69740,59,52,7,7
69741,42,41,1,1
69742,40,35,5,5
69743,82,39,43,43
69744,79,75,4,4
69745,62,66,-4,4
69746,108,91,17,17
69747,103,101,2,2
69748,92,82,10,10
69749,63,60,3,3
69750,65,62,3,3
69751,144,133,11,11
69752,92,80,12,12
69753,129,114,15,15
69754,137,124,13,13
69755,122,115,7,7
69756,48,57,-9,9
69757,85,61,24,24
69758,90,85,5,5
69759,82,65,17,17
69760,112,94,18,18
69761,85,78,7,7
69762,91,77,14,14
69763,78,71,7,7
69764,69,61,8,8
69765,121,99,22,22
69766,68,63,5,5
69767,131,117,14,14
69768,89,79,10,10
69769,93,81,12,12
69770,54,45,9,9
69771,136,123,13,13
69772,35,62,-27,27
69773,178,142,36,36
69774,105,89,16,16
69775,145,132,13,13
69776,75,72,3,3
69777,117,95,22,22
69778,63,55,8,8
69779,132,118,14,14
69780,100,91,9,9
69781,67,62,5,5
69782,47,47,0,0
69783,128,103,25,25
69784,119,112,7,7
69785,119,108,11,11
69786,93,72,21,21
69787,121,108,13,13
69788,79,66,13,13
69789,166,141,25,25
69790,87,71,16,16
69791,85,79,6,6
69792,80,75,5,5
69793,68,62,6,6
69794,131,121,10,10
69795,124,108,16,16
69796,146,136,10,10
69797,71,59,12,12
69798,89,88,1,1
69799,60,58,2,2
69800,64,58,6,6
69801,63,65,-2,2
69802,61,57,4,4
69803,119,93,26,26
69804,83,79,4,4
69805,96,89,7,7
69806,116,121,-5,5
69807,122,106,16,16
69808,102,83,19,19
69809,85,79,6,6
69810,129,119,10,10
69811,109,90,19,19
69812,41,37,4,4
69813,95,90,5,5
69814,131,99,32,32
69815,98,67,31,31
69816,105,87,18,18
69817,35,42,-7,7
69818,65,58,7,7
69819,69,60,9,9
69820,72,61,11,11
69821,101,92,9,9
69822,86,77,9,9
69823,103,94,9,9
69824,110,89,21,21
69825,77,62,15,15
69826,98,66,32,32
69827,107,90,17,17
69828,72,71,1,1
69829,109,99,10,10
69830,68,56,12,12
69831,64,53,11,11
69832,158,139,19,19
69833,112,107,5,5
69834,71,74,-3,3
69835,119,104,15,15
69836,63,57,6,6
69837,66,61,5,5
69838,90,77,13,13
69839,114,107,7,7
69840,81,77,4,4
69841,136,112,24,24
69842,92,80,12,12
69843,46,56,-10,10
69844,48,46,2,2
69845,99,80,19,19
69846,63,58,5,5
69847,113,98,15,15
69848,77,71,6,6
69849,95,96,-1,1
69850,95,85,10,10
69851,92,84,8,8
69852,77,67,10,10
69853,108,94,14,14
69854,80,70,10,10
69855,106,91,15,15
69856,193,168,25,25
69857,138,113,25,25
69858,146,130,16,16
69859,146,131,15,15
69860,121,100,21,21
69861,134,110,24,24
69862,92,83,9,9
69863,109,95,14,14
69864,94,89,5,5
69865,96,92,4,4
69866,105,108,-3,3
69867,124,114,10,10
69868,101,86,15,15
69869,63,63,0,0
69870,91,84,7,7
69871,75,74,1,1
69872,89,89,0,0
69873,134,120,14,14
69874,130,111,19,19
69875,71,72,-1,1
69876,152,136,16,16
69877,79,59,20,20
69878,82,64,18,18
69879,80,80,0,0
69880,51,50,1,1
69881,134,119,15,15
69882,120,94,26,26
69883,88,76,12,12
69884,66,65,1,1
69885,40,42,-2,2
69886,81,67,14,14
69887,125,104,21,21
69888,57,52,5,5
69889,127,109,18,18
69890,70,57,13,13
69891,144,91,53,53
69892,100,98,2,2
69893,190,153,37,37
69894,79,70,9,9
69895,95,66,29,29
69896,86,66,20,20
69897,75,55,20,20
69898,108,93,15,15
69899,74,65,9,9
69900,110,108,2,2
69901,121,101,20,20
69902,75,69,6,6
69903,193,152,41,41
69904,102,86,16,16
69905,83,79,4,4
69906,161,141,20,20
69907,43,49,-6,6
69908,157,159,-2,2
69909,152,143,9,9
69910,166,139,27,27
69911,61,51,10,10
69912,123,107,16,16
69913,77,60,17,17
69914,76,62,14,14
69915,103,98,5,5
69916,73,62,11,11
69917,94,86,8,8
69918,71,68,3,3
69919,69,74,-5,5
69920,46,39,7,7
69921,59,52,7,7
69922,109,90,19,19
69923,166,154,12,12
69924,65,59,6,6
69925,97,82,15,15
69926,170,144,26,26
69927,76,74,2,2
69928,79,72,7,7
69929,84,79,5,5
69930,36,26,10,10
69931,149,134,15,15
69932,61,52,9,9
69933,109,98,11,11
69934,160,129,31,31
69935,96,80,16,16
69936,139,127,12,12
69937,59,54,5,5
69938,52,40,12,12
69939,148,122,26,26
69940,90,65,25,25
69941,68,54,14,14
69942,60,59,1,1
69943,110,99,11,11
69944,80,87,-7,7
69945,37,35,2,2
69946,75,77,-2,2
69947,62,63,-1,1
69948,66,61,5,5
69949,99,97,2,2
69950,105,89,16,16
69951,165,138,27,27
69952,164,143,21,21
69953,93,86,7,7
69954,58,68,-10,10
69955,93,81,12,12
69956,37,37,0,0
69957,68,65,3,3
69958,122,112,10,10
69959,36,34,2,2
69960,109,97,12,12
69961,111,94,17,17
69962,39,37,2,2
69963,139,122,17,17
69964,109,99,10,10
69965,169,147,22,22
69966,138,123,15,15
69967,104,110,-6,6
69968,170,163,7,7
69969,66,60,6,6
69970,154,137,17,17
69971,46,47,-1,1
69972,136,111,25,25
69973,81,70,11,11
69974,390,306,84,84
69975,88,75,13,13
69976,66,70,-4,4
69977,69,62,7,7
69978,48,51,-3,3
69979,136,112,24,24
69980,85,76,9,9
69981,73,63,10,10
69982,128,125,3,3
69983,90,88,2,2
69984,105,95,10,10
69985,127,109,18,18
69986,102,94,8,8
69987,111,97,14,14
69988,110,88,22,22
69989,92,79,13,13
69990,66,94,-28,28
69991,103,90,13,13
69992,111,93,18,18
69993,120,108,12,12
69994,96,89,7,7
69995,141,123,18,18
69996,89,92,-3,3
69997,66,60,6,6
69998,95,77,18,18
69999,83,82,1,1
70000,62,54,8,8
70001,136,126,10,10
70002,99,84,15,15
70003,78,65,13,13
70004,79,76,3,3
70005,86,72,14,14
70006,70,62,8,8
70007,128,116,12,12
70008,100,76,24,24
70009,116,92,24,24
70010,165,161,4,4
70011,125,112,13,13
70012,63,63,0,0
70013,93,92,1,1
70014,135,110,25,25
70015,61,55,6,6
70016,55,61,-6,6
70017,95,79,16,16
70018,98,88,10,10
70019,54,50,4,4
70020,85,80,5,5
70021,96,79,17,17
70022,132,117,15,15
70023,81,75,6,6
70024,57,53,4,4
70025,71,59,12,12
70026,92,81,11,11
70027,99,78,21,21
70028,87,75,12,12
70029,116,88,28,28
70030,46,46,0,0
70031,29,25,4,4
70032,163,155,8,8
70033,110,92,18,18
70034,68,61,7,7
70035,62,54,8,8
70036,60,49,11,11
70037,91,88,3,3
70038,35,34,1,1
70039,61,62,-1,1
70040,101,80,21,21
70041,135,117,18,18
70042,169,154,15,15
70043,122,101,21,21
70044,182,158,24,24
70045,86,81,5,5
70046,121,106,15,15
70047,65,56,9,9
70048,84,77,7,7
70049,98,81,17,17
70050,61,59,2,2
70051,71,68,3,3
70052,54,53,1,1
70053,130,107,23,23
70054,47,46,1,1
70055,78,66,12,12
70056,83,66,17,17
70057,119,96,23,23
70058,86,70,16,16
70059,92,86,6,6
70060,76,69,7,7
70061,80,76,4,4
70062,103,86,17,17
70063,113,99,14,14
70064,79,76,3,3
70065,68,63,5,5
70066,115,100,15,15
70067,62,61,1,1
70068,107,106,1,1
70069,115,96,19,19
70070,138,126,12,12
70071,115,110,5,5
70072,117,94,23,23
70073,92,130,-38,38
70074,122,102,20,20
70075,54,51,3,3
70076,76,69,7,7
70077,96,81,15,15
70078,57,53,4,4
70079,108,98,10,10
70080,104,98,6,6
70081,107,94,13,13
70082,66,56,10,10
70083,57,58,-1,1
70084,72,63,9,9
70085,63,85,-22,22
70086,119,108,11,11
70087,123,104,19,19
70088,86,76,10,10
70089,121,93,28,28
70090,72,57,15,15
70091,70,64,6,6
70092,84,66,18,18
70093,72,70,2,2
70094,61,51,10,10
70095,128,102,26,26
70096,90,84,6,6
70097,138,136,2,2
70098,80,72,8,8
70099,134,93,41,41
70100,135,123,12,12
70101,108,94,14,14
70102,114,97,17,17
70103,87,77,10,10
70104,29,42,-13,13
70105,84,73,11,11
70106,139,125,14,14
70107,126,103,23,23
70108,61,51,10,10
70109,22,19,3,3
70110,61,63,-2,2
70111,74,75,-1,1
70112,120,103,17,17
70113,69,60,9,9
70114,61,61,0,0
70115,88,83,5,5
70116,102,92,10,10
70117,107,97,10,10
70118,103,90,13,13
70119,89,82,7,7
70120,134,121,13,13
70121,52,51,1,1
70122,63,84,-21,21
70123,116,98,18,18
70124,123,118,5,5
70125,101,85,16,16
70126,58,56,2,2
70127,95,86,9,9
70128,66,58,8,8
70129,69,62,7,7
70130,107,89,18,18
70131,118,115,3,3
70132,155,125,30,30
70133,75,67,8,8
70134,103,85,18,18
70135,81,67,14,14
70136,94,84,10,10
70137,64,57,7,7
70138,135,117,18,18
70139,116,124,-8,8
70140,213,169,44,44
70141,87,79,8,8
70142,109,114,-5,5
70143,149,131,18,18
70144,81,85,-4,4
70145,78,69,9,9
70146,62,54,8,8
70147,73,68,5,5
70148,68,56,12,12
70149,103,70,33,33
70150,121,96,25,25
70151,165,134,31,31
70152,105,89,16,16
70153,71,58,13,13
70154,139,132,7,7
70155,75,89,-14,14
70156,146,140,6,6
70157,88,84,4,4
70158,184,166,18,18
70159,122,99,23,23
70160,50,62,-12,12
70161,98,88,10,10
70162,28,62,-34,34
70163,68,54,14,14
70164,34,33,1,1
70165,88,70,18,18
70166,87,81,6,6
70167,91,78,13,13
70168,97,84,13,13
70169,93,66,27,27
70170,46,42,4,4
70171,63,55,8,8
70172,54,54,0,0
70173,68,64,4,4
70174,100,103,-3,3
70175,51,46,5,5
70176,92,85,7,7
70177,111,100,11,11
70178,66,55,11,11
70179,60,65,-5,5
70180,66,59,7,7
70181,130,105,25,25
70182,125,100,25,25
70183,134,124,10,10
70184,139,126,13,13
70185,105,95,10,10
70186,70,64,6,6
70187,106,89,17,17
70188,146,118,28,28
70189,144,131,13,13
70190,108,112,-4,4
70191,77,71,6,6
70192,99,84,15,15
70193,79,69,10,10
70194,65,60,5,5
70195,65,70,-5,5
70196,89,89,0,0
70197,128,104,24,24
70198,95,107,-12,12
70199,131,128,3,3
70200,48,42,6,6
70201,127,104,23,23
70202,102,95,7,7
70203,127,111,16,16
70204,53,51,2,2
70205,148,120,28,28
70206,173,145,28,28
70207,110,92,18,18
70208,61,57,4,4
70209,65,59,6,6
70210,83,72,11,11
70211,125,114,11,11
70212,94,82,12,12
70213,82,69,13,13
70214,95,77,18,18
70215,48,48,0,0
70216,112,101,11,11
70217,74,67,7,7
70218,114,96,18,18
70219,64,59,5,5
70220,109,90,19,19
70221,163,136,27,27
70222,136,123,13,13
70223,218,175,43,43
70224,114,95,19,19
70225,152,132,20,20
70226,115,106,9,9
70227,70,67,3,3
70228,76,67,9,9
70229,101,91,10,10
70230,122,100,22,22
70231,95,77,18,18
70232,112,128,-16,16
70233,114,101,13,13
70234,93,81,12,12
70235,56,63,-7,7
70236,110,114,-4,4
70237,97,87,10,10
70238,86,85,1,1
70239,87,76,11,11
70240,55,62,-7,7
70241,183,176,7,7
70242,99,89,10,10
70243,102,91,11,11
70244,113,99,14,14
70245,95,84,11,11
70246,191,154,37,37
70247,82,77,5,5
70248,55,47,8,8
70249,60,58,2,2
70250,81,68,13,13
70251,87,78,9,9
70252,142,130,12,12
70253,97,74,23,23
70254,116,91,25,25
70255,73,64,9,9
70256,87,83,4,4
70257,102,84,18,18
70258,57,55,2,2
70259,56,57,-1,1
70260,193,146,47,47
70261,99,90,9,9
70262,61,59,2,2
70263,90,78,12,12
70264,129,121,8,8
70265,86,77,9,9
70266,68,69,-1,1
70267,106,85,21,21
70268,101,100,1,1
70269,139,119,20,20
70270,97,94,3,3
70271,79,78,1,1
70272,54,57,-3,3
70273,47,49,-2,2
70274,119,97,22,22
70275,93,79,14,14
70276,70,63,7,7
70277,109,98,11,11
70278,55,62,-7,7
70279,127,119,8,8
70280,76,69,7,7
70281,35,37,-2,2
70282,66,59,7,7
70283,72,64,8,8
70284,91,91,0,0
70285,128,122,6,6
70286,123,112,11,11
70287,129,115,14,14
70288,106,88,18,18
70289,84,80,4,4
70290,99,78,21,21
70291,59,50,9,9
70292,54,56,-2,2
70293,120,104,16,16
70294,188,154,34,34
70295,83,71,12,12
70296,146,120,26,26
70297,69,61,8,8
70298,58,54,4,4
70299,173,139,34,34
70300,131,107,24,24
70301,150,126,24,24
70302,115,99,16,16
70303,107,89,18,18
70304,131,121,10,10
70305,101,89,12,12
70306,105,83,22,22
70307,104,92,12,12
70308,138,115,23,23
70309,62,56,6,6
70310,88,83,5,5
70311,44,41,3,3
70312,116,106,10,10
70313,84,72,12,12
70314,80,89,-9,9
70315,112,102,10,10
70316,85,74,11,11
70317,82,66,16,16
70318,101,93,8,8
70319,123,113,10,10
70320,137,116,21,21
70321,112,88,24,24
70322,72,67,5,5
70323,100,85,15,15
70324,106,88,18,18
70325,64,48,16,16
70326,115,95,20,20
70327,44,42,2,2
70328,112,98,14,14
70329,113,95,18,18
70330,203,165,38,38
70331,113,91,22,22
70332,154,136,18,18
70333,88,83,5,5
70334,88,90,-2,2
70335,56,52,4,4
70336,116,102,14,14
70337,104,91,13,13
70338,96,82,14,14
70339,99,88,11,11
70340,98,94,4,4
70341,128,123,5,5
70342,79,73,6,6
70343,97,92,5,5
70344,68,67,1,1
70345,93,73,20,20
70346,99,88,11,11
70347,68,65,3,3
70348,83,68,15,15
70349,85,77,8,8
70350,89,86,3,3
70351,95,81,14,14
70352,133,118,15,15
70353,86,77,9,9
70354,94,82,12,12
70355,63,64,-1,1
70356,134,117,17,17
70357,79,74,5,5
70358,55,47,8,8
70359,82,77,5,5
70360,60,58,2,2
70361,63,65,-2,2
70362,179,147,32,32
70363,127,112,15,15
70364,65,54,11,11
70365,101,92,9,9
70366,112,96,16,16
70367,66,62,4,4
70368,104,92,12,12
70369,80,86,-6,6
70370,84,69,15,15
70371,57,53,4,4
70372,55,49,6,6
70373,134,118,16,16
70374,125,105,20,20
70375,83,72,11,11
70376,66,59,7,7
70377,59,74,-15,15
70378,117,106,11,11
70379,103,113,-10,10
70380,101,81,20,20
70381,128,114,14,14
70382,92,87,5,5
70383,167,140,27,27
70384,79,69,10,10
70385,121,105,16,16
70386,85,67,18,18
70387,80,57,23,23
70388,26,21,5,5
70389,52,49,3,3
70390,58,61,-3,3
70391,137,120,17,17
70392,48,45,3,3
70393,138,116,22,22
70394,81,60,21,21
70395,132,115,17,17
70396,111,97,14,14
70397,115,105,10,10
70398,129,113,16,16
70399,125,111,14,14
70400,138,144,-6,6
70401,51,52,-1,1
70402,131,126,5,5
70403,164,151,13,13
70404,107,81,26,26
70405,102,89,13,13
70406,66,61,5,5
70407,59,55,4,4
70408,60,52,8,8
70409,145,125,20,20
70410,143,126,17,17
70411,121,110,11,11
70412,98,94,4,4
70413,107,82,25,25
70414,69,60,9,9
70415,154,140,14,14
70416,93,85,8,8
70417,93,86,7,7
70418,41,35,6,6
70419,103,95,8,8
70420,81,70,11,11
70421,105,86,19,19
70422,60,50,10,10
70423,90,83,7,7
70424,76,67,9,9
70425,98,86,12,12
70426,70,62,8,8
70427,49,51,-2,2
70428,113,97,16,16
70429,45,54,-9,9
70430,109,92,17,17
70431,53,52,1,1
70432,98,72,26,26
70433,70,60,10,10
70434,91,78,13,13
70435,126,106,20,20
70436,68,50,18,18
70437,54,67,-13,13
70438,99,80,19,19
70439,85,79,6,6
70440,85,70,15,15
70441,93,85,8,8
70442,69,60,9,9
70443,59,52,7,7
70444,47,52,-5,5
70445,83,73,10,10
70446,103,98,5,5
70447,93,76,17,17
70448,125,119,6,6
70449,97,84,13,13
70450,103,98,5,5
70451,79,69,10,10
70452,103,103,0,0
70453,132,111,21,21
70454,165,151,14,14
70455,132,114,18,18
70456,88,77,11,11
70457,92,76,16,16
70458,75,66,9,9
70459,108,90,18,18
70460,98,84,14,14
70461,133,135,-2,2
70462,75,62,13,13
70463,187,169,18,18
70464,123,107,16,16
70465,63,72,-9,9
70466,92,94,-2,2
70467,117,102,15,15
70468,98,78,20,20
70469,247,213,34,34
70470,98,90,8,8
70471,102,80,22,22
70472,66,67,-1,1
70473,62,52,10,10
70474,84,76,8,8
70475,52,47,5,5
70476,107,92,15,15
70477,155,128,27,27
70478,118,106,12,12
70479,150,137,13,13
70480,112,94,18,18
70481,106,97,9,9
70482,61,56,5,5
70483,101,91,10,10
70484,80,62,18,18
70485,65,72,-7,7
70486,86,72,14,14
70487,74,62,12,12
70488,163,133,30,30
70489,100,95,5,5
70490,44,42,2,2
70491,86,65,21,21
70492,119,102,17,17
70493,80,67,13,13
70494,57,59,-2,2
70495,136,115,21,21
70496,113,105,8,8
70497,75,67,8,8
70498,41,47,-6,6
70499,125,126,-1,1
70500,77,68,9,9
70501,97,80,17,17
70502,159,145,14,14
70503,43,43,0,0
70504,47,42,5,5
70505,53,50,3,3
70506,141,116,25,25
70507,79,74,5,5
70508,74,66,8,8
70509,117,103,14,14
70510,39,42,-3,3
70511,74,69,5,5
70512,131,121,10,10
70513,95,84,11,11
70514,152,122,30,30
70515,80,74,6,6
70516,125,97,28,28
70517,114,106,8,8
70518,113,96,17,17
70519,58,60,-2,2
70520,98,81,17,17
70521,135,115,20,20
70522,88,88,0,0
70523,147,131,16,16
70524,83,73,10,10
70525,145,128,17,17
70526,144,129,15,15
70527,142,118,24,24
70528,65,61,4,4
70529,59,57,2,2
70530,116,101,15,15
70531,51,49,2,2
70532,48,46,2,2
70533,113,107,6,6
70534,87,60,27,27
70535,72,71,1,1
70536,100,88,12,12
70537,66,62,4,4
70538,106,101,5,5
70539,128,105,23,23
70540,71,60,11,11
70541,69,68,1,1
70542,117,117,0,0
70543,125,113,12,12
70544,105,89,16,16
70545,43,39,4,4
70546,154,142,12,12
70547,77,71,6,6
70548,104,93,11,11
70549,112,97,15,15
70550,84,74,10,10
70551,69,62,7,7
70552,135,112,23,23
70553,130,105,25,25
70554,117,112,5,5
70555,47,50,-3,3
70556,114,105,9,9
70557,100,92,8,8
70558,129,122,7,7
70559,59,54,5,5
70560,159,138,21,21
70561,61,53,8,8
70562,51,50,1,1
70563,92,79,13,13
70564,73,67,6,6
70565,98,72,26,26
70566,117,101,16,16
70567,100,98,2,2
70568,54,64,-10,10
70569,76,64,12,12
70570,132,118,14,14
70571,178,122,56,56
70572,91,84,7,7
70573,127,102,25,25
70574,75,63,12,12
70575,70,64,6,6
70576,124,109,15,15
70577,125,116,9,9
70578,80,74,6,6
70579,59,55,4,4
70580,82,80,2,2
70581,130,118,12,12
70582,82,79,3,3
70583,93,75,18,18
70584,82,78,4,4
70585,160,134,26,26
70586,83,70,13,13
70587,128,104,24,24
70588,123,99,24,24
70589,98,85,13,13
70590,104,83,21,21
70591,109,91,18,18
70592,48,41,7,7
70593,62,54,8,8
70594,63,54,9,9
70595,63,59,4,4
70596,115,96,19,19
70597,94,79,15,15
70598,94,87,7,7
70599,91,80,11,11
70600,141,134,7,7
70601,162,140,22,22
70602,91,84,7,7
70603,88,83,5,5
70604,117,115,2,2
70605,52,49,3,3
70606,57,54,3,3
70607,106,81,25,25
70608,77,75,2,2
70609,58,56,2,2
70610,85,71,14,14
70611,110,94,16,16
70612,74,70,4,4
70613,97,80,17,17
70614,58,56,2,2
70615,92,85,7,7
70616,97,85,12,12
70617,73,64,9,9
70618,89,83,6,6
70619,108,91,17,17
70620,129,111,18,18
70621,83,72,11,11
70622,97,82,15,15
70623,88,78,10,10
70624,88,74,14,14
70625,74,71,3,3
70626,103,95,8,8
70627,93,76,17,17
70628,39,39,0,0
70629,168,142,26,26
70630,102,81,21,21
70631,77,74,3,3
70632,209,192,17,17
70633,88,75,13,13
70634,88,82,6,6
70635,95,90,5,5
70636,113,94,19,19
70637,109,99,10,10
70638,93,86,7,7
70639,167,140,27,27
70640,55,66,-11,11
70641,115,100,15,15
70642,101,93,8,8
70643,52,55,-3,3
70644,155,137,18,18
70645,47,50,-3,3
70646,123,114,9,9
70647,71,61,10,10
70648,109,101,8,8
70649,63,62,1,1
70650,132,133,-1,1
70651,74,70,4,4
70652,89,89,0,0
70653,131,115,16,16
70654,71,65,6,6
70655,100,79,21,21
70656,76,78,-2,2
70657,67,62,5,5
70658,121,100,21,21
70659,45,53,-8,8
70660,79,61,18,18
70661,145,128,17,17
70662,242,192,50,50
70663,64,61,3,3
70664,146,122,24,24
70665,80,70,10,10
70666,135,123,12,12
70667,94,80,14,14
70668,88,71,17,17
70669,119,110,9,9
70670,129,109,20,20
70671,86,75,11,11
70672,60,51,9,9
70673,148,140,8,8
70674,43,50,-7,7
70675,41,38,3,3
70676,272,220,52,52
70677,116,87,29,29
70678,86,72,14,14
70679,69,65,4,4
70680,51,47,4,4
70681,80,72,8,8
70682,83,72,11,11
70683,108,92,16,16
70684,66,58,8,8
70685,178,165,13,13
70686,138,125,13,13
70687,124,98,26,26
70688,58,52,6,6
70689,93,83,10,10
70690,135,114,21,21
70691,98,72,26,26
70692,91,75,16,16
70693,83,69,14,14
70694,192,163,29,29
70695,119,93,26,26
70696,44,48,-4,4
70697,83,77,6,6
70698,75,71,4,4
70699,216,187,29,29
70700,178,154,24,24
70701,81,73,8,8
70702,56,59,-3,3
70703,85,75,10,10
70704,87,75,12,12
70705,77,69,8,8
70706,73,67,6,6
70707,122,109,13,13
70708,169,137,32,32
70709,155,129,26,26
70710,111,99,12,12
70711,37,38,-1,1
70712,116,107,9,9
70713,107,96,11,11
70714,63,62,1,1
70715,97,81,16,16
70716,108,83,25,25
70717,94,84,10,10
70718,56,52,4,4
70719,49,42,7,7
70720,87,83,4,4
70721,110,99,11,11
70722,89,86,3,3
70723,87,72,15,15
70724,127,114,13,13
70725,82,75,7,7
70726,58,50,8,8
70727,69,66,3,3
70728,66,52,14,14
70729,62,71,-9,9
70730,80,73,7,7
70731,62,57,5,5
70732,46,43,3,3
70733,48,61,-13,13
70734,77,64,13,13
70735,99,103,-4,4
70736,98,88,10,10
70737,87,77,10,10
70738,63,61,2,2
70739,114,106,8,8
70740,121,115,6,6
70741,70,66,4,4
70742,118,97,21,21
70743,116,105,11,11
70744,89,85,4,4
70745,100,88,12,12
70746,249,235,14,14
70747,202,167,35,35
70748,152,132,20,20
70749,140,120,20,20
70750,162,136,26,26
70751,90,78,12,12
70752,132,108,24,24
70753,79,63,16,16
70754,73,63,10,10
70755,115,94,21,21
70756,188,159,29,29
70757,72,64,8,8
70758,112,102,10,10
70759,131,111,20,20
70760,128,117,11,11
70761,125,111,14,14
70762,133,113,20,20
70763,159,135,24,24
70764,96,85,11,11
70765,85,77,8,8
70766,103,90,13,13
70767,74,64,10,10
70768,139,124,15,15
70769,114,99,15,15
70770,35,35,0,0
70771,56,53,3,3
70772,85,81,4,4
70773,111,88,23,23
70774,107,98,9,9
70775,138,126,12,12
70776,79,66,13,13
70777,89,80,9,9
70778,97,80,17,17
70779,88,73,15,15
70780,77,70,7,7
70781,83,68,15,15
70782,138,124,14,14
70783,109,97,12,12
70784,58,59,-1,1
70785,65,63,2,2
70786,97,94,3,3
70787,95,88,7,7
70788,93,80,13,13
70789,80,77,3,3
70790,88,71,17,17
70791,104,97,7,7
70792,72,68,4,4
70793,75,63,12,12
70794,88,79,9,9
70795,104,101,3,3
70796,70,64,6,6
70797,83,79,4,4
70798,108,88,20,20
70799,84,69,15,15
70800,91,88,3,3
70801,115,104,11,11
70802,80,76,4,4
70803,122,113,9,9
70804,116,105,11,11
70805,119,102,17,17
70806,105,99,6,6
70807,80,76,4,4
70808,63,73,-10,10
70809,108,103,5,5
70810,73,65,8,8
70811,116,104,12,12
70812,101,80,21,21
70813,78,70,8,8
70814,137,126,11,11
70815,94,88,6,6
70816,63,52,11,11
70817,122,121,1,1
70818,145,124,21,21
70819,110,91,19,19
70820,86,74,12,12
70821,160,139,21,21
70822,149,126,23,23
70823,93,78,15,15
70824,77,63,14,14
70825,43,45,-2,2
70826,85,81,4,4
70827,85,69,16,16
70828,71,62,9,9
70829,68,66,2,2
70830,85,78,7,7
70831,74,74,0,0
70832,152,147,5,5
70833,161,133,28,28
70834,130,120,10,10
70835,83,70,13,13
70836,102,93,9,9
70837,96,95,1,1
70838,111,102,9,9
70839,41,39,2,2
70840,54,53,1,1
70841,119,103,16,16
70842,89,69,20,20
70843,105,85,20,20
70844,163,141,22,22
70845,102,90,12,12
70846,90,79,11,11
70847,52,58,-6,6
70848,61,56,5,5
70849,84,87,-3,3
70850,87,83,4,4
70851,56,63,-7,7
70852,86,88,-2,2
70853,153,132,21,21
70854,130,111,19,19
70855,171,144,27,27
70856,81,72,9,9
70857,76,66,10,10
70858,82,81,1,1
70859,114,109,5,5
70860,103,96,7,7
70861,98,87,11,11
70862,130,116,14,14
70863,145,114,31,31
70864,66,70,-4,4
70865,136,104,32,32
70866,96,96,0,0
70867,35,39,-4,4
70868,77,69,8,8
70869,108,92,16,16
70870,91,94,-3,3
70871,68,65,3,3
70872,114,104,10,10
70873,38,38,0,0
70874,123,91,32,32
70875,81,73,8,8
70876,96,81,15,15
70877,89,79,10,10
70878,129,131,-2,2
70879,93,81,12,12
70880,57,53,4,4
70881,81,68,13,13
70882,137,113,24,24
70883,83,69,14,14
70884,97,86,11,11
70885,100,89,11,11
70886,83,77,6,6
70887,94,77,17,17
70888,87,89,-2,2
70889,154,133,21,21
70890,126,98,28,28
70891,74,67,7,7
70892,87,81,6,6
70893,62,65,-3,3
70894,61,55,6,6
70895,94,73,21,21
70896,91,76,15,15
70897,67,61,6,6
70898,87,74,13,13
70899,58,60,-2,2
70900,126,107,19,19
70901,102,86,16,16
70902,97,90,7,7
70903,60,55,5,5
70904,84,77,7,7
70905,168,124,44,44
70906,89,81,8,8
70907,60,53,7,7
70908,99,90,9,9
70909,119,100,19,19
70910,90,79,11,11
70911,150,134,16,16
70912,95,85,10,10
70913,79,70,9,9
70914,45,41,4,4
70915,101,85,16,16
70916,123,106,17,17
70917,145,131,14,14
70918,56,54,2,2
70919,83,75,8,8
70920,48,46,2,2
70921,65,58,7,7
70922,102,97,5,5
70923,75,66,9,9
70924,194,187,7,7
70925,55,55,0,0
70926,61,55,6,6
70927,97,83,14,14
70928,123,113,10,10
70929,47,46,1,1
70930,99,102,-3,3
70931,88,78,10,10
70932,65,57,8,8
70933,71,64,7,7
70934,140,121,19,19
70935,113,98,15,15
70936,70,65,5,5
70937,123,111,12,12
70938,113,88,25,25
70939,170,138,32,32
70940,101,95,6,6
70941,113,95,18,18
70942,102,84,18,18
70943,74,70,4,4
70944,73,73,0,0
70945,90,87,3,3
70946,62,52,10,10
70947,104,110,-6,6
70948,119,105,14,14
70949,71,58,13,13
70950,129,124,5,5
70951,48,47,1,1
70952,149,140,9,9
70953,63,57,6,6
70954,115,102,13,13
70955,110,101,9,9
70956,93,106,-13,13
70957,100,91,9,9
70958,90,82,8,8
70959,46,48,-2,2
70960,126,109,17,17
70961,99,88,11,11
70962,65,57,8,8
70963,77,67,10,10
70964,70,57,13,13
70965,82,81,1,1
70966,91,81,10,10
70967,142,120,22,22
70968,73,63,10,10
70969,146,123,23,23
70970,106,94,12,12
70971,185,166,19,19
70972,72,65,7,7
70973,119,96,23,23
70974,56,56,0,0
70975,110,94,16,16
70976,94,82,12,12
70977,79,79,0,0
70978,50,44,6,6
70979,86,75,11,11
70980,73,65,8,8
70981,81,72,9,9
70982,68,66,2,2
70983,69,65,4,4
70984,135,109,26,26
70985,162,131,31,31
70986,107,90,17,17
70987,74,68,6,6
70988,61,59,2,2
70989,101,82,19,19
70990,70,60,10,10
70991,101,109,-8,8
70992,61,58,3,3
70993,103,91,12,12
70994,47,96,-49,49
70995,87,76,11,11
70996,73,67,6,6
70997,100,79,21,21
70998,97,79,18,18
70999,75,70,5,5
71000,77,68,9,9
71001,59,54,5,5
71002,136,123,13,13
71003,44,40,4,4
71004,149,125,24,24
71005,85,80,5,5
71006,132,119,13,13
71007,54,51,3,3
71008,98,82,16,16
71009,102,98,4,4
71010,122,108,14,14
71011,70,62,8,8
71012,121,111,10,10
71013,86,78,8,8
71014,99,88,11,11
71015,71,61,10,10
71016,113,96,17,17
71017,100,89,11,11
71018,61,54,7,7
71019,69,66,3,3
71020,103,101,2,2
71021,122,124,-2,2
71022,90,73,17,17
71023,113,91,22,22
71024,99,96,3,3
71025,100,79,21,21
71026,77,73,4,4
71027,84,71,13,13
71028,101,83,18,18
71029,86,76,10,10
71030,43,42,1,1
71031,73,69,4,4
71032,128,111,17,17
71033,81,63,18,18
71034,67,53,14,14
71035,137,117,20,20
71036,77,68,9,9
71037,52,53,-1,1
71038,103,99,4,4
71039,107,92,15,15
71040,101,84,17,17
71041,80,72,8,8
71042,114,102,12,12
71043,112,105,7,7
71044,118,93,25,25
71045,110,98,12,12
71046,88,72,16,16
71047,63,81,-18,18
71048,125,103,22,22
71049,126,102,24,24
71050,68,75,-7,7
71051,59,57,2,2
71052,69,66,3,3
71053,90,71,19,19
71054,108,102,6,6
71055,80,74,6,6
71056,63,58,5,5
71057,52,47,5,5
71058,72,70,2,2
71059,76,71,5,5
71060,92,78,14,14
71061,133,141,-8,8
71062,65,62,3,3
71063,69,62,7,7
71064,121,98,23,23
71065,92,78,14,14
71066,67,62,5,5
71067,134,115,19,19
71068,81,67,14,14
71069,68,71,-3,3
71070,67,61,6,6
71071,52,51,1,1
71072,107,96,11,11
71073,120,102,18,18
71074,133,120,13,13
71075,150,123,27,27
71076,124,125,-1,1
71077,86,78,8,8
71078,29,29,0,0
71079,170,138,32,32
71080,88,79,9,9
71081,158,133,25,25
71082,58,55,3,3
71083,129,111,18,18
71084,94,84,10,10
71085,116,104,12,12
71086,159,138,21,21
71087,86,72,14,14
71088,174,158,16,16
71089,104,86,18,18
71090,90,72,18,18
71091,101,87,14,14
71092,107,96,11,11
71093,133,104,29,29
71094,70,61,9,9
71095,100,87,13,13
71096,174,155,19,19
71097,41,42,-1,1
71098,85,75,10,10
71099,76,68,8,8
71100,73,68,5,5
71101,131,116,15,15
71102,83,73,10,10
71103,88,85,3,3
71104,128,113,15,15
71105,86,79,7,7
71106,163,144,19,19
71107,104,92,12,12
71108,50,48,2,2
71109,114,84,30,30
71110,108,98,10,10
71111,72,67,5,5
71112,63,59,4,4
71113,51,46,5,5
71114,94,83,11,11
71115,76,63,13,13
71116,39,36,3,3
71117,100,89,11,11
71118,64,58,6,6
71119,87,76,11,11
71120,112,95,17,17
71121,105,96,9,9
71122,84,78,6,6
71123,135,117,18,18
71124,66,57,9,9
71125,164,145,19,19
71126,53,54,-1,1
71127,131,106,25,25
71128,97,85,12,12
71129,44,48,-4,4
71130,85,77,8,8
71131,58,48,10,10
71132,105,99,6,6
71133,51,47,4,4
71134,67,62,5,5
71135,82,80,2,2
71136,100,84,16,16
71137,154,124,30,30
71138,89,84,5,5
71139,88,73,15,15
71140,104,79,25,25
71141,82,65,17,17
71142,97,84,13,13
71143,87,93,-6,6
71144,71,57,14,14
71145,87,82,5,5
71146,71,65,6,6
71147,168,144,24,24
71148,124,102,22,22
71149,75,62,13,13
71150,137,98,39,39
71151,131,113,18,18
71152,161,149,12,12
71153,80,70,10,10
71154,109,96,13,13
71155,65,58,7,7
71156,152,137,15,15
71157,120,102,18,18
71158,116,105,11,11
71159,82,88,-6,6
71160,214,179,35,35
71161,75,65,10,10
71162,95,75,20,20
71163,120,99,21,21
71164,126,112,14,14
71165,112,97,15,15
71166,115,112,3,3
71167,94,80,14,14
71168,84,79,5,5
71169,99,90,9,9
71170,69,57,12,12
71171,62,55,7,7
71172,106,96,10,10
71173,110,91,19,19
71174,78,70,8,8
71175,161,172,-11,11
71176,140,93,47,47
71177,83,91,-8,8
71178,110,91,19,19
71179,50,49,1,1
71180,160,131,29,29
71181,93,77,16,16
71182,161,144,17,17
71183,37,38,-1,1
71184,58,47,11,11
71185,109,108,1,1
71186,99,92,7,7
71187,124,129,-5,5
71188,65,58,7,7
71189,113,95,18,18
71190,114,112,2,2
71191,127,109,18,18
71192,99,81,18,18
71193,83,71,12,12
71194,74,70,4,4
71195,112,105,7,7
71196,76,68,8,8
71197,86,74,12,12
71198,59,60,-1,1
71199,185,143,42,42
71200,113,84,29,29
71201,90,80,10,10
71202,60,59,1,1
71203,136,105,31,31
71204,94,84,10,10
71205,100,83,17,17
71206,93,80,13,13
71207,80,73,7,7
71208,138,111,27,27
71209,123,107,16,16
71210,84,77,7,7
71211,96,91,5,5
71212,123,107,16,16
71213,46,74,-28,28
71214,54,50,4,4
71215,135,120,15,15
71216,135,109,26,26
71217,79,73,6,6
71218,127,105,22,22
71219,75,71,4,4
71220,43,55,-12,12
71221,107,79,28,28
71222,86,70,16,16
71223,114,106,8,8
71224,56,47,9,9
71225,80,71,9,9
71226,86,73,13,13
71227,62,53,9,9
71228,78,62,16,16
71229,158,142,16,16
71230,96,101,-5,5
71231,88,78,10,10
71232,62,53,9,9
71233,116,96,20,20
71234,103,98,5,5
71235,108,107,1,1
71236,96,84,12,12
71237,65,59,6,6
71238,64,63,1,1
71239,136,112,24,24
71240,92,86,6,6
71241,66,53,13,13
71242,106,97,9,9
71243,168,138,30,30
71244,91,80,11,11
71245,90,86,4,4
71246,83,72,11,11
71247,198,170,28,28
71248,98,89,9,9
71249,116,89,27,27
71250,77,73,4,4
71251,95,81,14,14
71252,113,99,14,14
71253,102,88,14,14
71254,54,48,6,6
71255,138,128,10,10
71256,76,68,8,8
71257,58,51,7,7
71258,74,66,8,8
71259,93,84,9,9
71260,56,67,-11,11
71261,139,128,11,11
71262,169,151,18,18
71263,131,116,15,15
71264,64,45,19,19
71265,89,84,5,5
71266,111,96,15,15
71267,149,130,19,19
71268,86,73,13,13
71269,67,83,-16,16
71270,54,50,4,4
71271,47,49,-2,2
71272,43,45,-2,2
71273,90,82,8,8
71274,139,114,25,25
71275,62,58,4,4
71276,67,66,1,1
71277,75,70,5,5
71278,87,75,12,12
71279,82,72,10,10
71280,41,42,-1,1
71281,86,78,8,8
71282,151,124,27,27
71283,87,74,13,13
71284,107,97,10,10
71285,67,60,7,7
71286,90,91,-1,1
71287,133,115,18,18
71288,42,39,3,3
71289,124,104,20,20
71290,66,60,6,6
71291,74,68,6,6
71292,54,48,6,6
71293,123,106,17,17
71294,137,123,14,14
71295,67,57,10,10
71296,113,105,8,8
71297,103,84,19,19
71298,161,133,28,28
71299,114,95,19,19
71300,112,103,9,9
71301,103,91,12,12
71302,112,102,10,10
71303,123,116,7,7
71304,65,61,4,4
71305,97,81,16,16
71306,68,55,13,13
71307,69,63,6,6
71308,69,57,12,12
71309,143,122,21,21
71310,107,94,13,13
71311,59,68,-9,9
71312,125,106,19,19
71313,57,56,1,1
71314,108,100,8,8
71315,86,78,8,8
71316,98,84,14,14
71317,82,72,10,10
71318,87,107,-20,20
71319,65,60,5,5
71320,96,81,15,15
71321,60,49,11,11
71322,77,70,7,7
71323,81,72,9,9
71324,147,128,19,19
71325,75,61,14,14
71326,75,64,11,11
71327,85,85,0,0
71328,94,82,12,12
71329,158,140,18,18
71330,103,74,29,29
71331,125,103,22,22
71332,119,128,-9,9
71333,109,97,12,12
71334,64,55,9,9
71335,74,69,5,5
71336,33,33,0,0
71337,104,90,14,14
71338,73,74,-1,1
71339,148,113,35,35
71340,57,58,-1,1
71341,62,52,10,10
71342,143,123,20,20
71343,96,97,-1,1
71344,61,58,3,3
71345,126,112,14,14
71346,66,74,-8,8
71347,97,92,5,5
71348,58,55,3,3
71349,85,78,7,7
71350,207,163,44,44
71351,114,98,16,16
71352,105,91,14,14
71353,92,82,10,10
71354,80,71,9,9
71355,97,86,11,11
71356,93,81,12,12
71357,55,49,6,6
71358,89,75,14,14
71359,116,100,16,16
71360,98,88,10,10
71361,79,65,14,14
71362,127,115,12,12
71363,112,94,18,18
71364,131,103,28,28
71365,92,84,8,8
71366,81,72,9,9
71367,236,196,40,40
71368,110,111,-1,1
71369,66,65,1,1
71370,100,95,5,5
71371,98,90,8,8
71372,118,94,24,24
71373,91,86,5,5
71374,162,131,31,31
71375,77,66,11,11
71376,67,62,5,5
71377,131,115,16,16
71378,103,93,10,10
71379,57,54,3,3
71380,93,74,19,19
71381,72,72,0,0
71382,67,55,12,12
71383,49,55,-6,6
71384,72,63,9,9
71385,56,48,8,8
71386,154,159,-5,5
71387,72,70,2,2
71388,44,48,-4,4
71389,97,86,11,11
71390,173,128,45,45
71391,151,129,22,22
71392,92,77,15,15
71393,41,55,-14,14
71394,101,96,5,5
71395,151,119,32,32
71396,112,91,21,21
71397,82,73,9,9
71398,147,124,23,23
71399,104,80,24,24
71400,156,130,26,26
71401,69,60,9,9
71402,88,81,7,7
71403,49,51,-2,2
71404,72,66,6,6
71405,87,75,12,12
71406,83,71,12,12
71407,78,61,17,17
71408,109,98,11,11
71409,118,114,4,4
71410,146,175,-29,29
71411,95,81,14,14
71412,139,118,21,21
71413,112,106,6,6
71414,74,71,3,3
71415,101,95,6,6
71416,69,62,7,7
71417,60,52,8,8
71418,52,48,4,4
71419,70,62,8,8
71420,52,46,6,6
71421,93,87,6,6
71422,75,67,8,8
71423,50,53,-3,3
71424,64,61,3,3
71425,167,131,36,36
71426,59,56,3,3
71427,117,106,11,11
71428,97,87,10,10
71429,93,88,5,5
71430,70,67,3,3
71431,91,74,17,17
71432,52,49,3,3
71433,97,90,7,7
71434,66,50,16,16
71435,91,79,12,12
71436,72,100,-28,28
71437,113,94,19,19
71438,91,77,14,14
71439,50,56,-6,6
71440,85,95,-10,10
71441,167,146,21,21
71442,78,69,9,9
71443,149,127,22,22
71444,102,86,16,16
71445,116,102,14,14
71446,69,70,-1,1
71447,63,57,6,6
71448,108,103,5,5
71449,81,70,11,11
71450,82,72,10,10
71451,113,102,11,11
71452,83,77,6,6
71453,97,80,17,17
71454,78,84,-6,6
71455,102,92,10,10
71456,109,102,7,7
71457,64,66,-2,2
71458,98,87,11,11
71459,156,124,32,32
71460,126,113,13,13
71461,90,81,9,9
71462,122,107,15,15
71463,67,65,2,2
71464,60,54,6,6
71465,60,58,2,2
71466,73,64,9,9
71467,135,124,11,11
71468,116,100,16,16
71469,92,79,13,13
71470,116,103,13,13
71471,76,70,6,6
71472,137,117,20,20
71473,38,46,-8,8
71474,212,180,32,32
71475,115,101,14,14
71476,170,142,28,28
71477,140,141,-1,1
71478,194,149,45,45
71479,119,105,14,14
71480,46,46,0,0
71481,67,59,8,8
71482,114,98,16,16
71483,107,113,-6,6
71484,83,87,-4,4
71485,103,86,17,17
71486,75,73,2,2
71487,117,130,-13,13
71488,59,51,8,8
71489,68,81,-13,13
71490,117,109,8,8
71491,142,117,25,25
71492,50,44,6,6
71493,72,65,7,7
71494,114,114,0,0
71495,161,143,18,18
71496,104,90,14,14
71497,241,202,39,39
71498,72,64,8,8
71499,89,83,6,6
71500,76,69,7,7
71501,97,88,9,9
71502,93,77,16,16
71503,73,59,14,14
71504,67,49,18,18
71505,89,80,9,9
71506,91,82,9,9
71507,112,101,11,11
71508,156,140,16,16
71509,59,54,5,5
71510,71,69,2,2
71511,35,34,1,1
71512,60,54,6,6
71513,151,140,11,11
71514,83,75,8,8
71515,114,105,9,9
71516,66,55,11,11
71517,68,66,2,2
71518,128,113,15,15
71519,168,127,41,41
71520,84,74,10,10
71521,87,78,9,9
71522,94,82,12,12
71523,44,47,-3,3
71524,93,87,6,6
71525,135,112,23,23
71526,80,70,10,10
71527,105,87,18,18
71528,86,80,6,6
71529,115,104,11,11
71530,183,150,33,33
71531,120,102,18,18
71532,25,31,-6,6
71533,53,50,3,3
71534,131,103,28,28
71535,164,138,26,26
71536,74,68,6,6
71537,125,108,17,17
71538,91,88,3,3
71539,106,84,22,22
71540,95,81,14,14
71541,75,63,12,12
71542,114,94,20,20
71543,70,61,9,9
71544,89,73,16,16
71545,37,31,6,6
71546,90,76,14,14
71547,60,52,8,8
71548,106,98,8,8
71549,59,60,-1,1
71550,114,109,5,5
71551,69,61,8,8
71552,96,88,8,8
71553,90,71,19,19
71554,132,125,7,7
71555,117,107,10,10
71556,78,70,8,8
71557,63,63,0,0
71558,96,93,3,3
71559,132,97,35,35
71560,83,70,13,13
71561,114,99,15,15
71562,109,92,17,17
71563,97,79,18,18
71564,81,74,7,7
71565,95,84,11,11
71566,82,76,6,6
71567,127,119,8,8
71568,108,97,11,11
71569,91,92,-1,1
71570,87,76,11,11
71571,92,80,12,12
71572,165,143,22,22
71573,85,73,12,12
71574,50,52,-2,2
71575,62,53,9,9
71576,97,91,6,6
71577,87,82,5,5
71578,66,56,10,10
71579,76,67,9,9
71580,75,71,4,4
71581,172,146,26,26
71582,45,44,1,1
71583,86,80,6,6
71584,73,74,-1,1
71585,189,150,39,39
71586,65,60,5,5
71587,76,69,7,7
71588,95,85,10,10
71589,95,77,18,18
71590,87,79,8,8
71591,108,96,12,12
71592,91,73,18,18
71593,69,69,0,0
71594,141,133,8,8
71595,75,68,7,7
71596,82,77,5,5
71597,55,49,6,6
71598,55,60,-5,5
71599,121,106,15,15
71600,55,47,8,8
71601,131,106,25,25
71602,111,92,19,19
71603,52,55,-3,3
71604,141,117,24,24
71605,82,75,7,7
71606,49,48,1,1
71607,67,70,-3,3
71608,65,58,7,7
71609,116,108,8,8
71610,112,102,10,10
71611,117,101,16,16
71612,137,122,15,15
71613,95,91,4,4
71614,59,56,3,3
71615,84,83,1,1
71616,89,70,19,19
71617,137,121,16,16
71618,194,148,46,46
71619,144,116,28,28
71620,106,87,19,19
71621,122,98,24,24
71622,67,66,1,1
71623,104,97,7,7
71624,114,98,16,16
71625,84,83,1,1
71626,49,59,-10,10
71627,232,178,54,54
71628,79,65,14,14
71629,101,94,7,7
71630,105,93,12,12
71631,104,94,10,10
71632,221,171,50,50
71633,124,96,28,28
71634,154,130,24,24
71635,110,94,16,16
71636,75,70,5,5
71637,175,149,26,26
71638,162,148,14,14
71639,169,135,34,34
71640,82,82,0,0
71641,69,61,8,8
71642,63,58,5,5
71643,101,94,7,7
71644,59,54,5,5
71645,123,111,12,12
71646,105,99,6,6
71647,99,81,18,18
71648,58,59,-1,1
71649,103,88,15,15
71650,77,76,1,1
71651,64,54,10,10
71652,49,45,4,4
71653,96,85,11,11
71654,78,71,7,7
71655,124,117,7,7
71656,66,79,-13,13
71657,163,138,25,25
71658,140,136,4,4
71659,77,72,5,5
71660,55,57,-2,2
71661,64,54,10,10
71662,73,71,2,2
71663,86,79,7,7
71664,87,77,10,10
71665,80,75,5,5
71666,74,72,2,2
71667,69,56,13,13
71668,118,105,13,13
71669,74,72,2,2
71670,162,142,20,20
71671,63,61,2,2
71672,88,77,11,11
71673,105,93,12,12
71674,70,53,17,17
71675,86,81,5,5
71676,82,72,10,10
71677,181,163,18,18
71678,60,55,5,5
71679,139,124,15,15
71680,45,35,10,10
71681,84,75,9,9
71682,87,74,13,13
71683,94,76,18,18
71684,94,82,12,12
71685,102,111,-9,9
71686,82,73,9,9
71687,102,79,23,23
71688,51,46,5,5
71689,91,81,10,10
71690,92,83,9,9
71691,119,107,12,12
71692,98,91,7,7
71693,92,77,15,15
71694,144,125,19,19
71695,117,108,9,9
71696,61,53,8,8
71697,55,45,10,10
71698,89,72,17,17
71699,83,75,8,8
71700,122,97,25,25
71701,101,93,8,8
71702,71,66,5,5
71703,183,163,20,20
71704,79,74,5,5
71705,68,71,-3,3
71706,124,110,14,14
71707,96,80,16,16
71708,82,69,13,13
71709,99,97,2,2
71710,145,112,33,33
71711,143,126,17,17
71712,131,120,11,11
71713,83,72,11,11
71714,118,120,-2,2
71715,65,62,3,3
71716,52,52,0,0
71717,78,68,10,10
71718,76,68,8,8
71719,142,118,24,24
71720,90,76,14,14
71721,64,60,4,4
71722,70,61,9,9
71723,81,79,2,2
71724,155,132,23,23
71725,94,100,-6,6
71726,64,57,7,7
71727,83,71,12,12
71728,112,97,15,15
71729,112,85,27,27
71730,132,115,17,17
71731,84,69,15,15
71732,63,61,2,2
71733,78,74,4,4
71734,143,121,22,22
71735,71,65,6,6
71736,94,83,11,11
71737,75,66,9,9
71738,54,58,-4,4
71739,81,65,16,16
71740,72,70,2,2
71741,95,81,14,14
71742,136,116,20,20
71743,89,75,14,14
71744,66,63,3,3
71745,95,81,14,14
71746,85,74,11,11
71747,114,103,11,11
71748,70,59,11,11
71749,70,72,-2,2
71750,115,104,11,11
71751,139,126,13,13
71752,104,88,16,16
71753,65,57,8,8
71754,145,121,24,24
71755,108,93,15,15
71756,81,72,9,9
71757,85,65,20,20
71758,59,60,-1,1
71759,146,136,10,10
71760,89,91,-2,2
71761,94,84,10,10
71762,82,72,10,10
71763,58,57,1,1
71764,78,71,7,7
71765,92,73,19,19
71766,65,58,7,7
71767,100,86,14,14
71768,126,109,17,17
71769,115,95,20,20
71770,64,53,11,11
71771,67,66,1,1
71772,114,93,21,21
71773,73,66,7,7
71774,86,74,12,12
71775,92,74,18,18
71776,393,345,48,48
71777,121,123,-2,2
71778,77,76,1,1
71779,106,83,23,23
71780,81,73,8,8
71781,99,77,22,22
71782,150,137,13,13
71783,98,88,10,10
71784,107,97,10,10
71785,59,49,10,10
71786,53,44,9,9
71787,99,84,15,15
71788,138,121,17,17
71789,58,58,0,0
71790,85,72,13,13
71791,129,111,18,18
71792,60,50,10,10
71793,67,58,9,9
71794,107,91,16,16
71795,42,47,-5,5
71796,73,66,7,7
71797,81,78,3,3
71798,154,116,38,38
71799,84,74,10,10
71800,67,63,4,4
71801,62,52,10,10
71802,93,79,14,14
71803,119,102,17,17
71804,112,95,17,17
71805,146,126,20,20
71806,45,40,5,5
71807,127,108,19,19
71808,87,75,12,12
71809,122,107,15,15
71810,83,68,15,15
71811,116,101,15,15
71812,95,90,5,5
71813,101,92,9,9
71814,132,116,16,16
71815,116,98,18,18
71816,79,64,15,15
71817,94,81,13,13
71818,131,108,23,23
71819,61,52,9,9
71820,66,60,6,6
71821,78,73,5,5
71822,145,134,11,11
71823,166,149,17,17
71824,88,73,15,15
71825,99,82,17,17
71826,85,79,6,6
71827,62,58,4,4
71828,85,79,6,6
71829,103,94,9,9
71830,123,131,-8,8
71831,43,45,-2,2
71832,89,84,5,5
71833,61,59,2,2
71834,65,60,5,5
71835,81,71,10,10
71836,77,65,12,12
71837,118,105,13,13
71838,53,46,7,7
71839,90,72,18,18
71840,101,105,-4,4
71841,88,76,12,12
71842,136,122,14,14
71843,142,122,20,20
71844,79,64,15,15
71845,124,111,13,13
71846,69,62,7,7
71847,55,51,4,4
71848,84,76,8,8
71849,34,33,1,1
71850,86,71,15,15
71851,67,54,13,13
71852,234,192,42,42
71853,175,152,23,23
71854,50,45,5,5
71855,75,62,13,13
71856,61,56,5,5
71857,103,89,14,14
71858,59,51,8,8
71859,83,85,-2,2
71860,50,44,6,6
71861,89,79,10,10
71862,65,66,-1,1
71863,140,112,28,28
71864,158,141,17,17
71865,113,103,10,10
71866,118,110,8,8
71867,172,137,35,35
71868,119,110,9,9
71869,106,95,11,11
71870,146,131,15,15
71871,72,65,7,7
71872,84,75,9,9
71873,78,73,5,5
71874,58,50,8,8
71875,85,68,17,17
71876,137,115,22,22
71877,86,106,-20,20
71878,78,69,9,9
71879,88,82,6,6
71880,108,90,18,18
71881,104,82,22,22
71882,77,80,-3,3
71883,101,92,9,9
71884,109,95,14,14
71885,84,68,16,16
71886,70,59,11,11
71887,134,125,9,9
71888,51,42,9,9
71889,128,115,13,13
71890,103,101,2,2
71891,76,71,5,5
71892,101,99,2,2
71893,92,84,8,8
71894,72,68,4,4
71895,68,66,2,2
71896,84,77,7,7
71897,88,79,9,9
71898,119,113,6,6
71899,56,46,10,10
71900,31,34,-3,3
71901,91,83,8,8
71902,163,140,23,23
71903,124,105,19,19
71904,71,58,13,13
71905,101,85,16,16
71906,112,126,-14,14
71907,103,91,12,12
71908,74,65,9,9
71909,57,54,3,3
71910,137,122,15,15
71911,124,101,23,23
71912,77,81,-4,4
71913,83,72,11,11
71914,66,70,-4,4
71915,110,89,21,21
71916,65,61,4,4
71917,98,91,7,7
71918,87,74,13,13
71919,90,74,16,16
71920,140,123,17,17
71921,116,101,15,15
71922,128,106,22,22
71923,73,62,11,11
71924,155,158,-3,3
71925,96,92,4,4
71926,115,104,11,11
71927,63,57,6,6
71928,57,47,10,10
71929,113,108,5,5
71930,104,84,20,20
71931,53,52,1,1
71932,62,55,7,7
71933,53,51,2,2
71934,71,62,9,9
71935,76,68,8,8
71936,117,99,18,18
71937,57,56,1,1
71938,79,64,15,15
71939,69,73,-4,4
71940,78,67,11,11
71941,40,56,-16,16
71942,58,65,-7,7
71943,105,89,16,16
71944,87,90,-3,3
71945,118,93,25,25
71946,101,101,0,0
71947,32,31,1,1
71948,75,69,6,6
71949,112,99,13,13
71950,112,90,22,22
71951,124,119,5,5
71952,68,62,6,6
71953,72,61,11,11
71954,52,49,3,3
71955,84,73,11,11
71956,78,66,12,12
71957,106,79,27,27
71958,126,115,11,11
71959,103,93,10,10
71960,110,88,22,22
71961,91,73,18,18
71962,149,124,25,25
71963,55,50,5,5
71964,113,97,16,16
71965,72,62,10,10
71966,79,74,5,5
71967,125,109,16,16
71968,126,107,19,19
71969,156,143,13,13
71970,69,62,7,7
71971,59,46,13,13
71972,92,98,-6,6
71973,65,59,6,6
71974,94,84,10,10
71975,76,78,-2,2
71976,145,125,20,20
71977,141,124,17,17
71978,71,66,5,5
71979,91,80,11,11
71980,56,55,1,1
71981,107,100,7,7
71982,73,61,12,12
71983,120,122,-2,2
71984,109,68,41,41
71985,125,106,19,19
71986,80,70,10,10
71987,55,50,5,5
71988,92,84,8,8
71989,125,107,18,18
71990,74,67,7,7
71991,65,66,-1,1
71992,85,78,7,7
71993,41,42,-1,1
71994,73,74,-1,1
71995,133,94,39,39
71996,48,45,3,3
71997,81,71,10,10
71998,109,107,2,2
71999,98,85,13,13
72000,123,111,12,12
72001,103,97,6,6
72002,79,71,8,8
72003,60,59,1,1
72004,93,84,9,9
72005,162,118,44,44
72006,121,100,21,21
72007,113,109,4,4
72008,64,62,2,2
72009,61,57,4,4
72010,110,95,15,15
72011,106,91,15,15
72012,111,94,17,17
72013,72,72,0,0
72014,50,42,8,8
72015,58,46,12,12
72016,112,106,6,6
72017,86,86,0,0
72018,77,67,10,10
72019,116,102,14,14
72020,77,69,8,8
72021,156,128,28,28
72022,94,87,7,7
72023,152,127,25,25
72024,153,134,19,19
72025,91,81,10,10
72026,114,99,15,15
72027,54,52,2,2
72028,68,58,10,10
72029,108,114,-6,6
72030,144,123,21,21
72031,122,103,19,19
72032,94,87,7,7
72033,100,83,17,17
72034,63,61,2,2
72035,109,92,17,17
72036,92,73,19,19
72037,104,87,17,17
72038,80,63,17,17
72039,83,70,13,13
72040,115,106,9,9
72041,149,137,12,12
72042,111,100,11,11
72043,64,64,0,0
72044,117,94,23,23
72045,68,62,6,6
72046,98,80,18,18
72047,58,53,5,5
72048,109,91,18,18
72049,84,68,16,16
72050,59,59,0,0
72051,122,98,24,24
72052,67,62,5,5
72053,74,60,14,14
72054,65,62,3,3
72055,95,80,15,15
72056,90,81,9,9
72057,71,63,8,8
72058,46,39,7,7
72059,37,54,-17,17
72060,128,109,19,19
72061,110,97,13,13
72062,98,96,2,2
72063,55,48,7,7
72064,118,97,21,21
72065,28,30,-2,2
72066,164,140,24,24
72067,97,89,8,8
72068,149,119,30,30
72069,100,82,18,18
72070,102,100,2,2
72071,99,85,14,14
72072,170,133,37,37
72073,124,115,9,9
72074,109,112,-3,3
72075,146,122,24,24
72076,170,155,15,15
72077,85,59,26,26
72078,106,90,16,16
72079,96,87,9,9
72080,105,90,15,15
72081,116,94,22,22
72082,61,58,3,3
72083,114,101,13,13
72084,105,92,13,13
72085,163,154,9,9
72086,50,47,3,3
72087,141,110,31,31
72088,79,78,1,1
72089,129,111,18,18
72090,82,71,11,11
72091,61,56,5,5
72092,69,64,5,5
72093,62,67,-5,5
72094,93,80,13,13
72095,92,86,6,6
72096,91,95,-4,4
72097,45,42,3,3
72098,167,141,26,26
72099,71,62,9,9
72100,43,44,-1,1
72101,122,111,11,11
72102,73,59,14,14
72103,99,85,14,14
72104,82,71,11,11
72105,119,97,22,22
72106,135,108,27,27
72107,46,42,4,4
72108,102,85,17,17
72109,66,57,9,9
72110,159,143,16,16
72111,93,80,13,13
72112,93,75,18,18
72113,71,63,8,8
72114,106,77,29,29
72115,99,81,18,18
72116,145,142,3,3
72117,102,101,1,1
72118,146,127,19,19
72119,129,112,17,17
72120,105,103,2,2
72121,119,98,21,21
72122,49,47,2,2
72123,114,96,18,18
72124,137,124,13,13
72125,84,75,9,9
72126,63,55,8,8
72127,120,100,20,20
72128,63,52,11,11
72129,153,127,26,26
72130,73,71,2,2
72131,110,90,20,20
72132,178,152,26,26
72133,73,88,-15,15
72134,80,65,15,15
72135,98,86,12,12
72136,122,110,12,12
72137,122,107,15,15
72138,95,87,8,8
72139,100,94,6,6
72140,107,97,10,10
72141,86,68,18,18
72142,62,52,10,10
72143,77,70,7,7
72144,49,48,1,1
72145,68,64,4,4
72146,25,28,-3,3
72147,83,71,12,12
72148,54,41,13,13
72149,122,111,11,11
72150,115,107,8,8
72151,92,76,16,16
72152,120,119,1,1
72153,161,136,25,25
72154,100,85,15,15
72155,127,119,8,8
72156,56,55,1,1
72157,120,106,14,14
72158,319,263,56,56
72159,161,134,27,27
72160,120,96,24,24
72161,119,96,23,23
72162,119,92,27,27
72163,155,122,33,33
72164,90,83,7,7
72165,43,45,-2,2
72166,67,54,13,13
72167,75,61,14,14
72168,86,75,11,11
72169,107,89,18,18
72170,109,97,12,12
72171,105,99,6,6
72172,120,111,9,9
72173,57,52,5,5
72174,81,74,7,7
72175,114,97,17,17
72176,101,88,13,13
72177,104,84,20,20
72178,105,84,21,21
72179,93,86,7,7
72180,117,102,15,15
72181,93,79,14,14
72182,60,56,4,4
72183,81,60,21,21
72184,96,84,12,12
72185,99,90,9,9
72186,88,72,16,16
72187,113,105,8,8
72188,91,89,2,2
72189,142,120,22,22
72190,95,84,11,11
72191,79,74,5,5
72192,80,84,-4,4
72193,54,48,6,6
72194,124,104,20,20
72195,86,82,4,4
72196,154,119,35,35
72197,77,72,5,5
72198,129,102,27,27
72199,196,153,43,43
72200,78,71,7,7
72201,63,61,2,2
72202,176,145,31,31
72203,102,92,10,10
72204,102,97,5,5
72205,92,80,12,12
72206,145,122,23,23
72207,64,58,6,6
72208,100,82,18,18
72209,96,102,-6,6
72210,96,76,20,20
72211,51,46,5,5
72212,61,66,-5,5
72213,129,112,17,17
72214,196,162,34,34
72215,61,56,5,5
72216,86,74,12,12
72217,69,70,-1,1
72218,121,102,19,19
72219,87,85,2,2
72220,105,85,20,20
72221,67,74,-7,7
72222,71,78,-7,7
72223,165,135,30,30
72224,132,111,21,21
72225,171,147,24,24
72226,81,68,13,13
72227,142,124,18,18
72228,75,69,6,6
72229,102,85,17,17
72230,86,81,5,5
72231,136,113,23,23
72232,63,55,8,8
72233,122,114,8,8
72234,89,82,7,7
72235,97,94,3,3
72236,67,62,5,5
72237,105,90,15,15
72238,64,56,8,8
72239,85,85,0,0
72240,99,93,6,6
72241,80,61,19,19
72242,115,98,17,17
72243,65,60,5,5
72244,104,81,23,23
72245,115,98,17,17
72246,147,129,18,18
72247,105,92,13,13
72248,141,120,21,21
72249,163,142,21,21
72250,129,107,22,22
72251,90,81,9,9
72252,73,69,4,4
72253,101,83,18,18
72254,103,93,10,10
72255,53,53,0,0
72256,67,64,3,3
72257,78,71,7,7
72258,75,64,11,11
72259,76,67,9,9
72260,105,94,11,11
72261,103,84,19,19
72262,108,102,6,6
72263,154,124,30,30
72264,84,79,5,5
72265,125,108,17,17
72266,71,62,9,9
72267,84,81,3,3
72268,81,73,8,8
72269,95,84,11,11
72270,249,195,54,54
72271,101,92,9,9
72272,69,65,4,4
72273,109,103,6,6
72274,76,68,8,8
72275,92,85,7,7
72276,56,56,0,0
72277,85,83,2,2
72278,51,51,0,0
72279,117,93,24,24
72280,74,68,6,6
72281,184,149,35,35
72282,82,78,4,4
72283,93,90,3,3
72284,87,70,17,17
72285,56,49,7,7
72286,65,56,9,9
72287,95,78,17,17
72288,112,105,7,7
72289,110,100,10,10
72290,137,121,16,16
72291,73,68,5,5
72292,128,108,20,20
72293,99,77,22,22
72294,133,115,18,18
72295,109,95,14,14
72296,74,77,-3,3
72297,99,80,19,19
72298,23,26,-3,3
72299,87,87,0,0
72300,175,147,28,28
72301,71,69,2,2
72302,64,63,1,1
72303,74,74,0,0
72304,127,113,14,14
72305,136,128,8,8
72306,114,100,14,14
72307,143,125,18,18
72308,115,102,13,13
72309,83,81,2,2
72310,118,104,14,14
72311,64,58,6,6
72312,94,85,9,9
72313,69,55,14,14
72314,142,121,21,21
72315,75,65,10,10
72316,58,52,6,6
72317,19,27,-8,8
72318,83,78,5,5
72319,59,55,4,4
72320,99,89,10,10
72321,69,66,3,3
72322,95,78,17,17
72323,248,184,64,64
72324,129,113,16,16
72325,45,46,-1,1
72326,129,116,13,13
72327,99,83,16,16
72328,98,85,13,13
72329,115,107,8,8
72330,136,122,14,14
72331,111,94,17,17
72332,98,91,7,7
72333,85,82,3,3
72334,141,123,18,18
72335,94,92,2,2
72336,94,85,9,9
72337,112,110,2,2
72338,107,98,9,9
72339,127,113,14,14
72340,113,91,22,22
72341,131,102,29,29
72342,69,67,2,2
72343,51,49,2,2
72344,148,125,23,23
72345,79,63,16,16
72346,108,99,9,9
72347,105,101,4,4
72348,82,91,-9,9
72349,152,144,8,8
72350,77,74,3,3
72351,96,95,1,1
72352,118,118,0,0
72353,176,154,22,22
72354,161,150,11,11
72355,74,65,9,9
72356,89,83,6,6
72357,126,120,6,6
72358,105,94,11,11
72359,102,92,10,10
72360,74,72,2,2
72361,122,106,16,16
72362,80,72,8,8
72363,75,66,9,9
72364,148,131,17,17
72365,129,112,17,17
72366,68,61,7,7
72367,74,79,-5,5
72368,96,76,20,20
72369,88,74,14,14
72370,53,61,-8,8
72371,79,69,10,10
72372,78,67,11,11
72373,69,66,3,3
72374,134,108,26,26
72375,77,66,11,11
72376,144,115,29,29
72377,102,93,9,9
72378,112,112,0,0
72379,122,103,19,19
72380,87,75,12,12
72381,111,104,7,7
72382,102,92,10,10
72383,73,67,6,6
72384,86,77,9,9
72385,74,65,9,9
72386,132,106,26,26
72387,128,114,14,14
72388,130,113,17,17
72389,62,56,6,6
72390,44,44,0,0
72391,78,71,7,7
72392,95,83,12,12
72393,95,74,21,21
72394,116,104,12,12
72395,80,71,9,9
72396,57,55,2,2
72397,84,88,-4,4
72398,122,100,22,22
72399,115,106,9,9
72400,185,146,39,39
72401,144,108,36,36
72402,54,52,2,2
72403,125,111,14,14
72404,107,100,7,7
72405,140,133,7,7
72406,59,55,4,4
72407,64,59,5,5
72408,83,75,8,8
72409,56,50,6,6
72410,79,63,16,16
72411,58,52,6,6
72412,92,86,6,6
72413,138,123,15,15
72414,110,93,17,17
72415,197,157,40,40
72416,102,90,12,12
72417,75,65,10,10
72418,127,107,20,20
72419,95,89,6,6
72420,64,53,11,11
72421,68,66,2,2
72422,174,151,23,23
72423,61,56,5,5
72424,74,61,13,13
72425,106,97,9,9
72426,60,57,3,3
72427,73,74,-1,1
72428,92,80,12,12
72429,189,145,44,44
72430,99,83,16,16
72431,147,126,21,21
72432,120,103,17,17
72433,75,70,5,5
72434,57,52,5,5
72435,56,49,7,7
72436,73,64,9,9
72437,67,59,8,8
72438,176,144,32,32
72439,131,115,16,16
72440,101,89,12,12
72441,77,66,11,11
72442,90,101,-11,11
72443,106,100,6,6
72444,120,106,14,14
72445,82,69,13,13
72446,117,104,13,13
72447,57,67,-10,10
72448,57,62,-5,5
72449,104,91,13,13
72450,85,72,13,13
72451,112,104,8,8
72452,89,82,7,7
72453,88,92,-4,4
72454,87,70,17,17
72455,103,109,-6,6
72456,151,125,26,26
72457,92,86,6,6
72458,98,80,18,18
72459,63,66,-3,3
72460,88,81,7,7
72461,85,73,12,12
72462,29,31,-2,2
72463,88,88,0,0
72464,105,101,4,4
72465,108,94,14,14
72466,69,59,10,10
72467,100,89,11,11
72468,67,65,2,2
72469,78,61,17,17
72470,97,89,8,8
72471,84,65,19,19
72472,57,60,-3,3
72473,124,103,21,21
72474,117,101,16,16
72475,101,84,17,17
72476,104,96,8,8
72477,97,96,1,1
72478,69,60,9,9
72479,105,94,11,11
72480,78,75,3,3
72481,75,63,12,12
72482,67,55,12,12
72483,182,149,33,33
72484,49,50,-1,1
72485,89,81,8,8
72486,72,66,6,6
72487,97,89,8,8
72488,72,63,9,9
72489,66,57,9,9
72490,118,113,5,5
72491,49,50,-1,1
72492,87,73,14,14
72493,157,121,36,36
72494,63,56,7,7
72495,69,67,2,2
72496,163,152,11,11
72497,221,197,24,24
72498,60,60,0,0
72499,97,89,8,8
72500,64,48,16,16
72501,87,89,-2,2
72502,101,92,9,9
72503,96,86,10,10
72504,111,105,6,6
72505,67,63,4,4
72506,112,102,10,10
72507,92,74,18,18
72508,90,90,0,0
72509,127,120,7,7
72510,62,59,3,3
72511,82,78,4,4
72512,131,103,28,28
72513,66,55,11,11
72514,122,113,9,9
72515,80,81,-1,1
72516,83,80,3,3
72517,71,71,0,0
72518,76,63,13,13
72519,130,123,7,7
72520,72,56,16,16
72521,51,46,5,5
72522,114,107,7,7
72523,62,62,0,0
72524,46,39,7,7
72525,58,60,-2,2
72526,84,83,1,1
72527,69,62,7,7
72528,59,102,-43,43
72529,65,61,4,4
72530,175,154,21,21
72531,135,118,17,17
72532,106,94,12,12
72533,72,72,0,0
72534,124,108,16,16
72535,126,108,18,18
72536,120,108,12,12
72537,92,81,11,11
72538,68,58,10,10
72539,109,93,16,16
72540,74,77,-3,3
72541,61,59,2,2
72542,96,84,12,12
72543,115,112,3,3
72544,88,82,6,6
72545,112,98,14,14
72546,182,147,35,35
72547,156,133,23,23
72548,156,134,22,22
72549,103,80,23,23
72550,89,77,12,12
72551,114,93,21,21
72552,106,83,23,23
72553,85,69,16,16
72554,107,88,19,19
72555,75,64,11,11
72556,84,78,6,6
72557,120,106,14,14
72558,95,77,18,18
72559,48,43,5,5
72560,65,55,10,10
72561,59,62,-3,3
72562,85,72,13,13
72563,125,109,16,16
72564,89,76,13,13
72565,92,78,14,14
72566,131,121,10,10
72567,83,74,9,9
72568,81,67,14,14
72569,82,68,14,14
72570,66,59,7,7
72571,126,115,11,11
72572,167,138,29,29
72573,103,94,9,9
72574,119,99,20,20
72575,133,117,16,16
72576,138,127,11,11
72577,136,116,20,20
72578,57,52,5,5
72579,111,96,15,15
72580,75,69,6,6
72581,64,58,6,6
72582,111,102,9,9
72583,126,113,13,13
72584,147,125,22,22
72585,188,146,42,42
72586,123,60,63,63
72587,87,86,1,1
72588,77,69,8,8
72589,82,71,11,11
72590,83,75,8,8
72591,69,71,-2,2
72592,136,126,10,10
72593,53,53,0,0
72594,81,72,9,9
72595,124,113,11,11
72596,111,95,16,16
72597,120,106,14,14
72598,66,66,0,0
72599,68,61,7,7
72600,147,136,11,11
72601,193,156,37,37
72602,62,55,7,7
72603,113,103,10,10
72604,83,74,9,9
72605,114,110,4,4
72606,138,125,13,13
72607,63,63,0,0
72608,153,123,30,30
72609,75,72,3,3
72610,104,95,9,9
72611,138,125,13,13
72612,86,69,17,17
72613,85,78,7,7
72614,132,119,13,13
72615,86,74,12,12
72616,60,59,1,1
72617,119,104,15,15
72618,233,189,44,44
72619,125,119,6,6
72620,128,109,19,19
72621,135,122,13,13
72622,92,77,15,15
72623,134,116,18,18
72624,108,94,14,14
72625,154,125,29,29
72626,149,132,17,17
72627,112,94,18,18
72628,117,103,14,14
72629,158,137,21,21
72630,83,72,11,11
72631,92,84,8,8
72632,80,66,14,14
72633,86,80,6,6
72634,23,24,-1,1
72635,90,80,10,10
72636,129,118,11,11
72637,122,108,14,14
72638,49,51,-2,2
72639,58,56,2,2
72640,115,95,20,20
72641,92,79,13,13
72642,146,147,-1,1
72643,69,78,-9,9
72644,107,105,2,2
72645,152,129,23,23
72646,106,87,19,19
72647,78,71,7,7
72648,122,99,23,23
72649,97,95,2,2
72650,62,59,3,3
72651,125,111,14,14
72652,172,147,25,25
72653,73,68,5,5
72654,88,77,11,11
72655,69,66,3,3
72656,72,59,13,13
72657,87,78,9,9
72658,53,49,4,4
72659,65,61,4,4
72660,117,103,14,14
72661,105,97,8,8
72662,168,143,25,25
72663,83,82,1,1
72664,65,63,2,2
72665,108,93,15,15
72666,45,45,0,0
72667,123,101,22,22
72668,62,61,1,1
72669,69,64,5,5
72670,65,61,4,4
72671,88,90,-2,2
72672,70,65,5,5
72673,115,100,15,15
72674,68,58,10,10
72675,109,96,13,13
72676,117,108,9,9
72677,68,64,4,4
72678,93,82,11,11
72679,76,64,12,12
72680,147,120,27,27
72681,124,107,17,17
72682,146,127,19,19
72683,104,103,1,1
72684,85,77,8,8
72685,107,84,23,23
72686,131,106,25,25
72687,71,62,9,9
72688,78,65,13,13
72689,69,66,3,3
72690,124,115,9,9
72691,101,84,17,17
72692,64,54,10,10
72693,69,62,7,7
72694,60,61,-1,1
72695,97,83,14,14
72696,78,68,10,10
72697,106,116,-10,10
72698,102,87,15,15
72699,102,89,13,13
72700,135,120,15,15
72701,84,84,0,0
72702,132,111,21,21
72703,81,67,14,14
72704,55,47,8,8
72705,80,68,12,12
72706,89,92,-3,3
72707,218,309,-91,91
72708,68,58,10,10
72709,136,103,33,33
72710,78,67,11,11
72711,66,61,5,5
72712,115,103,12,12
72713,102,84,18,18
72714,64,61,3,3
72715,32,31,1,1
72716,61,52,9,9
72717,98,88,10,10
72718,87,70,17,17
72719,75,56,19,19
72720,131,109,22,22
72721,82,83,-1,1
72722,102,84,18,18
72723,68,58,10,10
72724,129,111,18,18
72725,147,128,19,19
72726,54,50,4,4
72727,95,85,10,10
72728,181,154,27,27
72729,102,97,5,5
72730,49,48,1,1
72731,100,82,18,18
72732,72,68,4,4
72733,137,132,5,5
72734,57,50,7,7
72735,85,70,15,15
72736,69,62,7,7
72737,44,35,9,9
72738,102,91,11,11
72739,140,125,15,15
72740,59,56,3,3
72741,59,60,-1,1
72742,67,57,10,10
72743,96,88,8,8
72744,54,41,13,13
72745,81,71,10,10
72746,154,133,21,21
72747,134,126,8,8
72748,100,73,27,27
72749,104,86,18,18
72750,92,90,2,2
72751,63,57,6,6
72752,115,88,27,27
72753,55,53,2,2
72754,163,137,26,26
72755,122,112,10,10
72756,106,91,15,15
72757,90,85,5,5
72758,97,84,13,13
72759,69,65,4,4
72760,86,76,10,10
72761,87,77,10,10
72762,134,107,27,27
72763,83,78,5,5
72764,96,87,9,9
72765,75,65,10,10
72766,91,75,16,16
72767,74,63,11,11
72768,105,94,11,11
72769,109,94,15,15
72770,50,61,-11,11
72771,83,64,19,19
72772,101,87,14,14
72773,98,93,5,5
72774,78,71,7,7
72775,115,93,22,22
72776,151,126,25,25
72777,50,38,12,12
72778,111,101,10,10
72779,75,75,0,0
72780,191,162,29,29
72781,82,70,12,12
72782,133,112,21,21
72783,131,116,15,15
72784,69,61,8,8
72785,112,94,18,18
72786,52,52,0,0
72787,109,109,0,0
72788,82,77,5,5
72789,106,101,5,5
72790,36,33,3,3
72791,84,75,9,9
72792,103,89,14,14
72793,56,54,2,2
72794,78,71,7,7
72795,69,62,7,7
72796,67,62,5,5
72797,83,79,4,4
72798,103,95,8,8
72799,84,76,8,8
72800,68,65,3,3
72801,78,71,7,7
72802,118,99,19,19
72803,112,98,14,14
72804,108,97,11,11
72805,113,98,15,15
72806,116,90,26,26
72807,67,60,7,7
72808,110,100,10,10
72809,100,84,16,16
72810,111,90,21,21
72811,82,77,5,5
72812,157,137,20,20
72813,75,69,6,6
72814,102,88,14,14
72815,90,81,9,9
72816,60,58,2,2
72817,88,81,7,7
72818,96,86,10,10
72819,117,122,-5,5
72820,76,75,1,1
72821,166,133,33,33
72822,187,139,48,48
72823,73,58,15,15
72824,91,87,4,4
72825,125,112,13,13
72826,60,58,2,2
72827,91,80,11,11
72828,99,103,-4,4
72829,80,64,16,16
72830,125,110,15,15
72831,111,106,5,5
72832,54,51,3,3
72833,192,159,33,33
72834,159,133,26,26
72835,71,62,9,9
72836,80,73,7,7
72837,58,54,4,4
72838,78,64,14,14
72839,146,120,26,26
72840,73,60,13,13
72841,178,141,37,37
72842,94,84,10,10
72843,131,109,22,22
72844,70,54,16,16
72845,126,115,11,11
72846,84,73,11,11
72847,80,74,6,6
72848,214,170,44,44
72849,111,99,12,12
72850,134,125,9,9
72851,89,81,8,8
72852,124,125,-1,1
72853,112,93,19,19
72854,94,92,2,2
72855,110,94,16,16
72856,143,126,17,17
72857,70,64,6,6
72858,112,102,10,10
72859,88,75,13,13
72860,89,71,18,18
72861,78,67,11,11
72862,121,101,20,20
72863,69,62,7,7
72864,82,72,10,10
72865,137,150,-13,13
72866,116,104,12,12
72867,169,143,26,26
72868,108,87,21,21
72869,62,54,8,8
72870,66,74,-8,8
72871,126,108,18,18
72872,77,63,14,14
72873,170,143,27,27
72874,48,47,1,1
72875,123,103,20,20
72876,135,116,19,19
72877,128,115,13,13
72878,108,97,11,11
72879,102,83,19,19
72880,89,80,9,9
72881,68,65,3,3
72882,83,68,15,15
72883,174,151,23,23
72884,130,102,28,28
72885,176,146,30,30
72886,87,87,0,0
72887,69,57,12,12
72888,69,66,3,3
72889,100,79,21,21
72890,164,142,22,22
72891,94,91,3,3
72892,82,70,12,12
72893,191,168,23,23
72894,99,92,7,7
72895,78,73,5,5
72896,68,62,6,6
72897,121,94,27,27
72898,128,109,19,19
72899,149,129,20,20
72900,164,137,27,27
72901,74,67,7,7
72902,67,55,12,12
72903,59,58,1,1
72904,100,105,-5,5
72905,62,65,-3,3
72906,100,92,8,8
72907,79,72,7,7
72908,137,140,-3,3
72909,74,66,8,8
72910,94,84,10,10
72911,119,89,30,30
72912,103,85,18,18
72913,95,85,10,10
72914,60,50,10,10
72915,111,95,16,16
72916,34,34,0,0
72917,78,77,1,1
72918,97,85,12,12
72919,111,100,11,11
72920,85,82,3,3
72921,149,125,24,24
72922,90,74,16,16
72923,49,46,3,3
72924,138,118,20,20
72925,69,60,9,9
72926,79,65,14,14
72927,70,60,10,10
72928,82,74,8,8
72929,79,71,8,8
72930,85,85,0,0
72931,89,76,13,13
72932,67,62,5,5
72933,106,103,3,3
72934,70,71,-1,1
72935,74,73,1,1
72936,55,56,-1,1
72937,164,146,18,18
72938,77,66,11,11
72939,57,50,7,7
72940,97,97,0,0
72941,136,129,7,7
72942,83,73,10,10
72943,66,60,6,6
72944,92,86,6,6
72945,92,83,9,9
72946,71,60,11,11
72947,67,68,-1,1
72948,150,124,26,26
72949,69,66,3,3
72950,132,111,21,21
72951,194,163,31,31
72952,137,119,18,18
72953,68,64,4,4
72954,90,88,2,2
72955,113,98,15,15
72956,61,50,11,11
72957,160,134,26,26
72958,149,131,18,18
72959,48,51,-3,3
72960,128,114,14,14
72961,102,90,12,12
72962,95,86,9,9
72963,68,55,13,13
72964,164,139,25,25
72965,92,91,1,1
72966,100,82,18,18
72967,68,68,0,0
72968,81,73,8,8
72969,87,72,15,15
72970,121,95,26,26
72971,95,88,7,7
72972,99,74,25,25
72973,59,59,0,0
72974,140,115,25,25
72975,109,81,28,28
72976,147,121,26,26
72977,84,76,8,8
72978,111,95,16,16
72979,85,80,5,5
72980,63,63,0,0
72981,64,56,8,8
72982,75,64,11,11
72983,136,104,32,32
72984,140,127,13,13
72985,45,46,-1,1
72986,159,143,16,16
72987,110,90,20,20
72988,54,60,-6,6
72989,129,116,13,13
72990,170,159,11,11
72991,111,99,12,12
72992,72,61,11,11
72993,129,116,13,13
72994,67,61,6,6
72995,159,151,8,8
72996,60,59,1,1
72997,91,81,10,10
72998,126,102,24,24
72999,240,185,55,55
73000,113,101,12,12
73001,85,70,15,15
73002,54,56,-2,2
73003,68,59,9,9
73004,89,76,13,13
73005,142,117,25,25
73006,146,121,25,25
73007,87,77,10,10
73008,122,112,10,10
73009,81,51,30,30
73010,77,70,7,7
73011,113,94,19,19
73012,182,166,16,16
73013,111,94,17,17
73014,97,77,20,20
73015,90,77,13,13
73016,149,127,22,22
73017,62,69,-7,7
73018,121,107,14,14
73019,90,78,12,12
73020,64,51,13,13
73021,158,137,21,21
73022,89,77,12,12
73023,93,80,13,13
73024,82,69,13,13
73025,80,77,3,3
73026,231,202,29,29
73027,52,50,2,2
73028,185,151,34,34
73029,125,115,10,10
73030,116,97,19,19
73031,70,65,5,5
73032,92,78,14,14
73033,135,125,10,10
73034,83,80,3,3
73035,78,69,9,9
73036,89,76,13,13
73037,98,83,15,15
73038,74,71,3,3
73039,117,104,13,13
73040,65,185,-120,120
73041,80,72,8,8
73042,82,69,13,13
73043,144,134,10,10
73044,64,59,5,5
73045,144,122,22,22
73046,46,42,4,4
73047,29,33,-4,4
73048,81,72,9,9
73049,115,101,14,14
73050,99,84,15,15
73051,80,69,11,11
73052,111,96,15,15
73053,113,100,13,13
73054,119,91,28,28
73055,49,37,12,12
73056,128,112,16,16
73057,168,140,28,28
73058,52,47,5,5
73059,115,102,13,13
73060,230,182,48,48
73061,113,116,-3,3
73062,66,56,10,10
73063,102,90,12,12
73064,52,48,4,4
73065,94,83,11,11
73066,69,62,7,7
73067,146,138,8,8
73068,130,113,17,17
73069,82,66,16,16
73070,51,47,4,4
73071,114,95,19,19
73072,58,61,-3,3
73073,70,68,2,2
73074,74,65,9,9
73075,75,61,14,14
73076,54,45,9,9
73077,134,123,11,11
73078,46,40,6,6
73079,79,64,15,15
73080,66,66,0,0
73081,114,105,9,9
73082,76,76,0,0
73083,149,128,21,21
73084,126,106,20,20
73085,91,87,4,4
73086,56,53,3,3
73087,131,114,17,17
73088,119,118,1,1
73089,119,107,12,12
73090,124,111,13,13
73091,142,125,17,17
73092,215,170,45,45
73093,59,53,6,6
73094,60,53,7,7
73095,76,73,3,3
73096,54,45,9,9
73097,78,76,2,2
73098,133,128,5,5
73099,56,48,8,8
73100,79,72,7,7
73101,74,60,14,14
73102,55,59,-4,4
73103,62,51,11,11
73104,47,41,6,6
73105,112,106,6,6
73106,112,94,18,18
73107,122,104,18,18
73108,104,93,11,11
73109,81,90,-9,9
73110,76,76,0,0
73111,61,52,9,9
73112,230,165,65,65
73113,87,75,12,12
73114,94,79,15,15
73115,83,71,12,12
73116,154,119,35,35
73117,140,116,24,24
73118,81,76,5,5
73119,78,68,10,10
73120,112,96,16,16
73121,133,109,24,24
73122,72,68,4,4
73123,150,110,40,40
73124,133,116,17,17
73125,74,60,14,14
73126,122,108,14,14
73127,90,80,10,10
73128,69,60,9,9
73129,75,72,3,3
73130,50,43,7,7
73131,135,115,20,20
73132,126,108,18,18
73133,68,79,-11,11
73134,88,79,9,9
73135,78,76,2,2
73136,55,54,1,1
73137,94,90,4,4
73138,57,58,-1,1
73139,70,65,5,5
73140,150,130,20,20
73141,67,65,2,2
73142,78,74,4,4
73143,82,74,8,8
73144,123,114,9,9
73145,75,61,14,14
73146,151,137,14,14
73147,79,68,11,11
73148,116,97,19,19
73149,89,75,14,14
73150,143,125,18,18
73151,94,86,8,8
73152,94,89,5,5
73153,81,75,6,6
73154,77,72,5,5
73155,85,75,10,10
73156,104,100,4,4
73157,58,54,4,4
73158,76,72,4,4
73159,72,66,6,6
73160,90,75,15,15
73161,126,121,5,5
73162,81,72,9,9
73163,113,101,12,12
73164,72,70,2,2
73165,111,104,7,7
73166,94,80,14,14
73167,77,66,11,11
73168,76,62,14,14
73169,91,76,15,15
73170,84,76,8,8
73171,50,54,-4,4
73172,111,105,6,6
73173,160,137,23,23
73174,90,73,17,17
73175,165,156,9,9
73176,153,122,31,31
73177,38,39,-1,1
73178,76,82,-6,6
73179,73,65,8,8
73180,99,94,5,5
73181,64,59,5,5
73182,148,124,24,24
73183,146,130,16,16
73184,86,77,9,9
73185,70,65,5,5
73186,74,63,11,11
73187,102,87,15,15
73188,76,62,14,14
73189,115,98,17,17
73190,111,95,16,16
73191,67,66,1,1
73192,120,114,6,6
73193,72,66,6,6
73194,93,81,12,12
73195,256,218,38,38
73196,157,138,19,19
73197,70,63,7,7
73198,95,94,1,1
73199,99,89,10,10
73200,94,82,12,12
73201,81,67,14,14
73202,102,85,17,17
73203,107,97,10,10
73204,137,115,22,22
73205,91,81,10,10
73206,90,85,5,5
73207,68,62,6,6
73208,59,54,5,5
73209,86,78,8,8
73210,118,117,1,1
73211,197,168,29,29
73212,55,55,0,0
73213,82,68,14,14
73214,96,89,7,7
73215,88,85,3,3
73216,72,77,-5,5
73217,56,54,2,2
73218,110,94,16,16
73219,75,64,11,11
73220,107,105,2,2
73221,100,94,6,6
73222,137,112,25,25
73223,76,69,7,7
73224,174,152,22,22
73225,101,94,7,7
73226,85,78,7,7
73227,53,53,0,0
73228,108,86,22,22
73229,82,72,10,10
73230,84,81,3,3
73231,92,84,8,8
73232,125,123,2,2
73233,93,92,1,1
73234,54,54,0,0
73235,113,94,19,19
73236,196,171,25,25
73237,71,61,10,10
73238,75,66,9,9
73239,46,45,1,1
73240,107,100,7,7
73241,82,77,5,5
73242,88,92,-4,4
73243,57,47,10,10
73244,153,135,18,18
73245,131,122,9,9
73246,111,112,-1,1
73247,136,122,14,14
73248,58,56,2,2
73249,85,78,7,7
73250,98,81,17,17
73251,80,74,6,6
73252,82,81,1,1
73253,74,63,11,11
73254,135,111,24,24
73255,88,79,9,9
73256,27,36,-9,9
73257,60,56,4,4
73258,82,70,12,12
73259,176,158,18,18
73260,163,130,33,33
73261,130,121,9,9
73262,120,100,20,20
73263,143,110,33,33
73264,138,126,12,12
73265,88,72,16,16
73266,125,110,15,15
73267,81,70,11,11
73268,56,50,6,6
73269,70,64,6,6
73270,59,57,2,2
73271,117,116,1,1
73272,35,34,1,1
73273,115,93,22,22
73274,59,56,3,3
73275,88,73,15,15
73276,124,116,8,8
73277,110,88,22,22
73278,118,100,18,18
73279,103,83,20,20
73280,121,109,12,12
73281,78,69,9,9
73282,69,64,5,5
73283,129,111,18,18
73284,75,63,12,12
73285,54,48,6,6
73286,185,150,35,35
73287,105,91,14,14
73288,65,55,10,10
73289,145,118,27,27
73290,134,112,22,22
73291,102,86,16,16
73292,75,66,9,9
73293,106,87,19,19
73294,122,110,12,12
73295,42,43,-1,1
73296,144,134,10,10
73297,104,88,16,16
73298,117,97,20,20
73299,69,63,6,6
73300,63,68,-5,5
73301,184,135,49,49
73302,96,85,11,11
73303,86,69,17,17
73304,98,89,9,9
73305,78,69,9,9
73306,91,77,14,14
73307,53,47,6,6
73308,79,67,12,12
73309,141,119,22,22
73310,82,70,12,12
73311,49,45,4,4
73312,109,89,20,20
73313,61,56,5,5
73314,90,83,7,7
73315,61,51,10,10
73316,94,94,0,0
73317,134,121,13,13
73318,65,62,3,3
73319,136,123,13,13
73320,164,142,22,22
73321,98,94,4,4
73322,83,74,9,9
73323,40,38,2,2
73324,67,71,-4,4
73325,90,79,11,11
73326,62,52,10,10
73327,60,51,9,9
73328,115,92,23,23
73329,135,122,13,13
73330,75,66,9,9
73331,35,55,-20,20
73332,94,95,-1,1
73333,113,94,19,19
73334,133,114,19,19
73335,103,66,37,37
73336,108,87,21,21
73337,65,59,6,6
73338,67,52,15,15
73339,121,104,17,17
73340,89,92,-3,3
73341,69,64,5,5
73342,128,115,13,13
73343,99,81,18,18
73344,100,88,12,12
73345,88,67,21,21
73346,160,132,28,28
73347,94,79,15,15
73348,111,101,10,10
73349,83,67,16,16
73350,51,55,-4,4
73351,126,108,18,18
73352,150,121,29,29
73353,57,50,7,7
73354,63,61,2,2
73355,112,102,10,10
73356,196,166,30,30
73357,71,65,6,6
73358,152,132,20,20
73359,87,80,7,7
73360,59,55,4,4
73361,144,125,19,19
73362,122,101,21,21
73363,61,59,2,2
73364,99,98,1,1
73365,74,60,14,14
73366,68,62,6,6
73367,92,88,4,4
73368,147,135,12,12
73369,114,99,15,15
73370,64,58,6,6
73371,92,71,21,21
73372,85,68,17,17
73373,100,83,17,17
73374,142,117,25,25
73375,34,23,11,11
73376,107,86,21,21
73377,110,92,18,18
73378,154,135,19,19
73379,69,63,6,6
73380,91,91,0,0
73381,124,103,21,21
73382,71,57,14,14
73383,61,48,13,13
73384,110,95,15,15
73385,86,83,3,3
73386,143,118,25,25
73387,65,60,5,5
73388,82,66,16,16
73389,90,87,3,3
73390,156,143,13,13
73391,177,154,23,23
73392,108,93,15,15
73393,100,100,0,0
73394,60,60,0,0
73395,81,83,-2,2
73396,99,91,8,8
73397,63,77,-14,14
73398,87,89,-2,2
73399,53,45,8,8
73400,47,45,2,2
73401,65,67,-2,2
73402,79,66,13,13
73403,65,61,4,4
73404,99,92,7,7
73405,61,55,6,6
73406,101,97,4,4
73407,75,62,13,13
73408,99,93,6,6
73409,84,73,11,11
73410,130,111,19,19
73411,147,121,26,26
73412,103,93,10,10
73413,48,42,6,6
73414,88,78,10,10
73415,115,97,18,18
73416,81,73,8,8
73417,69,70,-1,1
73418,144,130,14,14
73419,103,86,17,17
73420,84,72,12,12
73421,175,161,14,14
73422,133,108,25,25
73423,88,80,8,8
73424,112,100,12,12
73425,98,90,8,8
73426,79,67,12,12
73427,65,58,7,7
73428,75,76,-1,1
73429,101,94,7,7
73430,44,43,1,1
73431,89,77,12,12
73432,107,97,10,10
73433,85,75,10,10
73434,42,43,-1,1
73435,86,81,5,5
73436,92,78,14,14
73437,70,68,2,2
73438,79,71,8,8
73439,39,49,-10,10
73440,90,79,11,11
73441,126,103,23,23
73442,116,102,14,14
73443,69,67,2,2
73444,51,51,0,0
73445,107,90,17,17
73446,88,79,9,9
73447,104,84,20,20
73448,81,65,16,16
73449,78,69,9,9
73450,87,79,8,8
73451,63,68,-5,5
73452,92,83,9,9
73453,125,116,9,9
73454,113,98,15,15
73455,50,44,6,6
73456,71,62,9,9
73457,78,71,7,7
73458,65,60,5,5
73459,145,122,23,23
73460,64,54,10,10
73461,83,72,11,11
73462,162,131,31,31
73463,84,75,9,9
73464,149,132,17,17
73465,68,62,6,6
73466,84,78,6,6
73467,74,61,13,13
73468,106,95,11,11
73469,87,81,6,6
73470,102,106,-4,4
73471,142,114,28,28
73472,159,137,22,22
73473,49,45,4,4
73474,133,121,12,12
73475,89,77,12,12
73476,47,45,2,2
73477,111,101,10,10
73478,79,66,13,13
73479,108,106,2,2
73480,58,53,5,5
73481,111,106,5,5
73482,46,46,0,0
73483,69,59,10,10
73484,144,129,15,15
73485,122,107,15,15
73486,114,98,16,16
73487,60,54,6,6
73488,75,70,5,5
73489,79,71,8,8
73490,97,89,8,8
73491,177,160,17,17
73492,111,93,18,18
73493,35,36,-1,1
73494,133,107,26,26
73495,58,50,8,8
73496,114,90,24,24
73497,80,74,6,6
73498,133,104,29,29
73499,116,105,11,11
73500,88,62,26,26
73501,126,108,18,18
73502,135,110,25,25
73503,85,80,5,5
73504,154,138,16,16
73505,118,101,17,17
73506,92,80,12,12
73507,146,135,11,11
73508,63,58,5,5
73509,77,70,7,7
73510,113,98,15,15
73511,110,108,2,2
73512,63,61,2,2
73513,78,63,15,15
73514,130,112,18,18
73515,64,54,10,10
73516,81,76,5,5
73517,75,60,15,15
73518,41,45,-4,4
73519,139,119,20,20
73520,60,55,5,5
73521,81,75,6,6
73522,108,93,15,15
73523,102,89,13,13
73524,63,56,7,7
73525,111,93,18,18
73526,42,40,2,2
73527,93,85,8,8
73528,106,101,5,5
73529,92,77,15,15
73530,87,77,10,10
73531,100,92,8,8
73532,73,67,6,6
73533,65,56,9,9
73534,84,82,2,2
73535,158,141,17,17
73536,73,64,9,9
73537,116,114,2,2
73538,79,80,-1,1
73539,114,96,18,18
73540,108,96,12,12
73541,89,76,13,13
73542,65,68,-3,3
73543,123,106,17,17
73544,70,66,4,4
73545,58,54,4,4
73546,61,60,1,1
73547,118,118,0,0
73548,91,88,3,3
73549,82,80,2,2
73550,42,48,-6,6
73551,43,40,3,3
73552,144,118,26,26
73553,60,64,-4,4
73554,29,45,-16,16
73555,111,87,24,24
73556,69,62,7,7
73557,192,156,36,36
73558,88,93,-5,5
73559,64,58,6,6
73560,131,119,12,12
73561,107,101,6,6
73562,95,94,1,1
73563,70,66,4,4
73564,51,44,7,7
73565,195,161,34,34
73566,77,70,7,7
73567,117,109,8,8
73568,87,71,16,16
73569,46,40,6,6
73570,71,63,8,8
73571,65,58,7,7
73572,171,162,9,9
73573,106,94,12,12
73574,82,74,8,8
73575,130,105,25,25
73576,58,60,-2,2
73577,105,98,7,7
73578,121,109,12,12
73579,148,138,10,10
73580,87,77,10,10
73581,98,91,7,7
73582,74,75,-1,1
73583,138,124,14,14
73584,95,89,6,6
73585,104,92,12,12
73586,64,54,10,10
73587,74,68,6,6
73588,126,95,31,31
73589,93,89,4,4
73590,80,70,10,10
73591,62,59,3,3
73592,56,55,1,1
73593,91,84,7,7
73594,202,165,37,37
73595,97,89,8,8
73596,109,106,3,3
73597,62,45,17,17
73598,156,137,19,19
73599,62,53,9,9
73600,156,140,16,16
73601,60,57,3,3
73602,67,57,10,10
73603,109,102,7,7
73604,129,109,20,20
73605,126,104,22,22
73606,141,121,20,20
73607,117,92,25,25
73608,167,145,22,22
73609,123,118,5,5
73610,127,103,24,24
73611,70,59,11,11
73612,67,61,6,6
73613,93,83,10,10
73614,79,68,11,11
73615,80,73,7,7
73616,81,77,4,4
73617,77,65,12,12
73618,57,50,7,7
73619,125,120,5,5
73620,137,109,28,28
73621,98,91,7,7
73622,76,65,11,11
73623,99,81,18,18
73624,88,80,8,8
73625,71,63,8,8
73626,85,72,13,13
73627,93,84,9,9
73628,112,92,20,20
73629,63,60,3,3
73630,79,82,-3,3
73631,90,81,9,9
73632,71,61,10,10
73633,67,76,-9,9
73634,147,114,33,33
73635,57,68,-11,11
73636,61,55,6,6
73637,100,85,15,15
73638,79,66,13,13
73639,136,104,32,32
73640,88,82,6,6
73641,67,61,6,6
73642,173,152,21,21
73643,111,90,21,21
73644,96,73,23,23
73645,91,73,18,18
73646,90,73,17,17
73647,93,80,13,13
73648,99,90,9,9
73649,57,49,8,8
73650,71,60,11,11
73651,165,138,27,27
73652,91,94,-3,3
73653,59,52,7,7
73654,103,91,12,12
73655,72,66,6,6
73656,95,80,15,15
73657,86,66,20,20
73658,142,107,35,35
73659,92,81,11,11
73660,86,79,7,7
73661,143,121,22,22
73662,37,38,-1,1
73663,66,58,8,8
73664,121,103,18,18
73665,89,77,12,12
73666,54,61,-7,7
73667,64,57,7,7
73668,48,41,7,7
73669,33,34,-1,1
73670,154,132,22,22
73671,55,52,3,3
73672,85,71,14,14
73673,68,62,6,6
73674,88,80,8,8
73675,61,56,5,5
73676,123,103,20,20
73677,98,90,8,8
73678,161,138,23,23
73679,53,53,0,0
73680,68,64,4,4
73681,131,113,18,18
73682,100,86,14,14
73683,64,56,8,8
73684,109,106,3,3
73685,87,77,10,10
73686,78,71,7,7
73687,56,55,1,1
73688,96,81,15,15
73689,104,89,15,15
73690,94,84,10,10
73691,66,58,8,8
73692,106,89,17,17
73693,132,129,3,3
73694,142,109,33,33
73695,112,106,6,6
73696,104,70,34,34
73697,129,122,7,7
73698,107,91,16,16
73699,137,129,8,8
73700,81,77,4,4
73701,57,51,6,6
73702,126,107,19,19
73703,57,62,-5,5
73704,141,112,29,29
73705,94,81,13,13
73706,56,59,-3,3
73707,100,82,18,18
73708,65,63,2,2
73709,153,135,18,18
73710,106,102,4,4
73711,65,58,7,7
73712,89,82,7,7
73713,69,54,15,15
73714,172,145,27,27
73715,74,67,7,7
73716,55,56,-1,1
73717,95,83,12,12
73718,80,75,5,5
73719,72,67,5,5
73720,69,62,7,7
73721,77,75,2,2
73722,136,116,20,20
73723,60,52,8,8
73724,106,89,17,17
73725,98,82,16,16
73726,113,99,14,14
73727,66,59,7,7
73728,117,100,17,17
73729,75,67,8,8
73730,123,107,16,16
73731,54,44,10,10
73732,157,150,7,7
73733,100,85,15,15
73734,74,69,5,5
73735,61,58,3,3
73736,72,66,6,6
73737,81,69,12,12
73738,138,132,6,6
73739,137,128,9,9
73740,163,130,33,33
73741,65,68,-3,3
73742,130,116,14,14
73743,68,65,3,3
73744,97,81,16,16
73745,167,143,24,24
73746,93,70,23,23
73747,63,61,2,2
73748,91,77,14,14
73749,174,145,29,29
73750,138,110,28,28
73751,75,67,8,8
73752,129,124,5,5
73753,116,95,21,21
73754,47,39,8,8
73755,116,94,22,22
73756,103,87,16,16
73757,112,92,20,20
73758,133,112,21,21
73759,55,61,-6,6
73760,75,69,6,6
73761,53,49,4,4
73762,88,88,0,0
73763,132,114,18,18
73764,35,33,2,2
73765,45,46,-1,1
73766,67,62,5,5
73767,124,99,25,25
73768,148,122,26,26
73769,138,111,27,27
73770,98,83,15,15
73771,81,72,9,9
73772,54,50,4,4
73773,35,37,-2,2
73774,69,59,10,10
73775,66,59,7,7
73776,116,98,18,18
73777,86,73,13,13
73778,95,86,9,9
73779,95,89,6,6
73780,61,55,6,6
73781,79,69,10,10
73782,74,84,-10,10
73783,117,101,16,16
73784,63,56,7,7
73785,138,107,31,31
73786,125,112,13,13
73787,95,85,10,10
73788,66,61,5,5
73789,53,49,4,4
73790,83,73,10,10
73791,60,60,0,0
73792,52,50,2,2
73793,55,47,8,8
73794,100,95,5,5
73795,91,96,-5,5
73796,87,76,11,11
73797,63,48,15,15
73798,122,86,36,36
73799,75,63,12,12
73800,57,61,-4,4
73801,55,52,3,3
73802,110,91,19,19
73803,88,81,7,7
73804,155,147,8,8
73805,96,87,9,9
73806,81,69,12,12
73807,102,88,14,14
73808,141,112,29,29
73809,105,93,12,12
73810,68,60,8,8
73811,80,67,13,13
73812,94,92,2,2
73813,60,55,5,5
73814,107,83,24,24
73815,112,99,13,13
73816,92,84,8,8
73817,86,66,20,20
73818,131,105,26,26
73819,62,52,10,10
73820,146,131,15,15
73821,67,71,-4,4
73822,77,72,5,5
73823,101,94,7,7
73824,80,67,13,13
73825,97,74,23,23
73826,140,116,24,24
73827,128,123,5,5
73828,108,99,9,9
73829,91,78,13,13
73830,91,83,8,8
73831,87,74,13,13
73832,151,119,32,32
73833,91,85,6,6
73834,161,133,28,28
73835,60,58,2,2
73836,135,112,23,23
73837,73,79,-6,6
73838,88,88,0,0
73839,71,63,8,8
73840,80,73,7,7
73841,50,46,4,4
73842,106,91,15,15
73843,66,59,7,7
73844,90,86,4,4
73845,122,116,6,6
73846,99,85,14,14
73847,73,67,6,6
73848,60,53,7,7
73849,63,66,-3,3
73850,105,108,-3,3
73851,34,34,0,0
73852,74,74,0,0
73853,122,105,17,17
73854,123,99,24,24
73855,66,56,10,10
73856,122,104,18,18
73857,114,95,19,19
73858,165,147,18,18
73859,139,138,1,1
73860,58,43,15,15
73861,70,64,6,6
73862,71,59,12,12
73863,158,162,-4,4
73864,66,58,8,8
73865,166,119,47,47
73866,129,118,11,11
73867,91,79,12,12
73868,109,116,-7,7
73869,118,118,0,0
73870,90,82,8,8
73871,125,106,19,19
73872,94,79,15,15
73873,107,88,19,19
73874,144,111,33,33
73875,83,72,11,11
73876,71,68,3,3
73877,93,82,11,11
73878,103,92,11,11
73879,78,70,8,8
73880,33,68,-35,35
73881,44,69,-25,25
73882,129,108,21,21
73883,210,176,34,34
73884,98,79,19,19
73885,60,68,-8,8
73886,110,92,18,18
73887,56,54,2,2
73888,149,121,28,28
73889,86,74,12,12
73890,101,89,12,12
73891,80,67,13,13
73892,96,86,10,10
73893,66,61,5,5
73894,73,69,4,4
73895,87,65,22,22
73896,73,61,12,12
73897,96,81,15,15
73898,36,40,-4,4
73899,171,179,-8,8
73900,125,111,14,14
73901,82,74,8,8
73902,79,66,13,13
73903,148,122,26,26
73904,137,118,19,19
73905,82,75,7,7
73906,72,86,-14,14
73907,57,52,5,5
73908,162,145,17,17
73909,148,120,28,28
73910,82,70,12,12
73911,76,70,6,6
73912,72,59,13,13
73913,42,36,6,6
73914,102,96,6,6
73915,61,61,0,0
73916,107,97,10,10
73917,72,60,12,12
73918,117,113,4,4
73919,70,62,8,8
73920,60,52,8,8
73921,110,83,27,27
73922,94,84,10,10
73923,121,113,8,8
73924,102,91,11,11
73925,61,58,3,3
73926,69,62,7,7
73927,51,56,-5,5
73928,113,109,4,4
73929,148,151,-3,3
73930,129,103,26,26
73931,60,53,7,7
73932,82,91,-9,9
73933,149,125,24,24
73934,64,55,9,9
73935,95,88,7,7
73936,105,89,16,16
73937,129,115,14,14
73938,140,123,17,17
73939,143,133,10,10
73940,67,57,10,10
73941,81,72,9,9
73942,131,107,24,24
73943,61,50,11,11
73944,95,83,12,12
73945,121,106,15,15
73946,96,75,21,21
73947,159,123,36,36
73948,51,48,3,3
73949,72,65,7,7
73950,83,74,9,9
73951,114,97,17,17
73952,90,83,7,7
73953,72,62,10,10
73954,88,73,15,15
73955,149,126,23,23
73956,69,60,9,9
73957,67,61,6,6
73958,65,64,1,1
73959,119,112,7,7
73960,146,119,27,27
73961,75,77,-2,2
73962,175,142,33,33
73963,109,104,5,5
73964,80,70,10,10
73965,99,83,16,16
73966,137,122,15,15
73967,77,83,-6,6
73968,44,63,-19,19
73969,96,84,12,12
73970,55,50,5,5
73971,113,95,18,18
73972,108,96,12,12
73973,55,49,6,6
73974,138,107,31,31
73975,74,65,9,9
73976,69,64,5,5
73977,131,113,18,18
73978,129,143,-14,14
73979,103,92,11,11
73980,50,46,4,4
73981,90,84,6,6
73982,42,37,5,5
73983,140,141,-1,1
73984,76,82,-6,6
73985,113,97,16,16
73986,43,47,-4,4
73987,73,77,-4,4
73988,116,105,11,11
73989,112,109,3,3
73990,126,115,11,11
73991,98,91,7,7
73992,83,77,6,6
73993,51,52,-1,1
73994,73,82,-9,9
73995,220,173,47,47
73996,72,72,0,0
73997,63,56,7,7
73998,107,98,9,9
73999,90,74,16,16
74000,50,53,-3,3
74001,100,86,14,14
74002,126,105,21,21
74003,73,65,8,8
74004,88,83,5,5
74005,65,70,-5,5
74006,73,58,15,15
74007,83,74,9,9
74008,118,111,7,7
74009,77,65,12,12
74010,175,151,24,24
74011,101,87,14,14
74012,72,62,10,10
74013,84,77,7,7
74014,320,334,-14,14
74015,86,90,-4,4
74016,48,46,2,2
74017,82,66,16,16
74018,111,90,21,21
74019,83,77,6,6
74020,105,102,3,3
74021,87,84,3,3
74022,92,82,10,10
74023,106,91,15,15
74024,179,157,22,22
74025,123,101,22,22
74026,68,67,1,1
74027,52,43,9,9
74028,155,119,36,36
74029,97,100,-3,3
74030,78,72,6,6
74031,52,44,8,8
74032,62,55,7,7
74033,92,82,10,10
74034,113,96,17,17
74035,141,122,19,19
74036,66,64,2,2
74037,97,78,19,19
74038,80,91,-11,11
74039,71,81,-10,10
74040,117,102,15,15
74041,202,172,30,30
74042,89,74,15,15
74043,65,63,2,2
74044,83,81,2,2
74045,151,128,23,23
74046,68,56,12,12
74047,84,80,4,4
74048,114,97,17,17
74049,67,59,8,8
74050,48,40,8,8
74051,108,98,10,10
74052,159,126,33,33
74053,84,73,11,11
74054,153,127,26,26
74055,52,62,-10,10
74056,159,137,22,22
74057,118,108,10,10
74058,83,79,4,4
74059,50,47,3,3
74060,125,106,19,19
74061,41,79,-38,38
74062,62,64,-2,2
74063,85,70,15,15
74064,133,119,14,14
74065,129,107,22,22
74066,97,88,9,9
74067,102,95,7,7
74068,23,31,-8,8
74069,74,70,4,4
74070,41,46,-5,5
74071,108,104,4,4
74072,104,93,11,11
74073,108,84,24,24
74074,97,83,14,14
74075,74,69,5,5
74076,94,84,10,10
74077,78,67,11,11
74078,117,107,10,10
74079,119,108,11,11
74080,60,48,12,12
74081,86,73,13,13
74082,84,76,8,8
74083,72,66,6,6
74084,93,87,6,6
74085,72,65,7,7
74086,156,124,32,32
74087,73,68,5,5
74088,108,99,9,9
74089,126,122,4,4
74090,93,83,10,10
74091,79,63,16,16
74092,181,137,44,44
74093,83,68,15,15
74094,119,105,14,14
74095,71,63,8,8
74096,77,65,12,12
74097,104,109,-5,5
74098,72,69,3,3
74099,68,63,5,5
74100,98,87,11,11
74101,57,69,-12,12
74102,80,93,-13,13
74103,73,64,9,9
74104,191,156,35,35
74105,100,83,17,17
74106,132,106,26,26
74107,40,35,5,5
74108,54,50,4,4
74109,154,133,21,21
74110,139,121,18,18
74111,107,93,14,14
74112,128,106,22,22
74113,133,111,22,22
74114,83,66,17,17
74115,63,77,-14,14
74116,81,70,11,11
74117,163,140,23,23
74118,109,97,12,12
74119,63,56,7,7
74120,90,80,10,10
74121,81,84,-3,3
74122,66,56,10,10
74123,120,110,10,10
74124,89,75,14,14
74125,67,64,3,3
74126,85,82,3,3
74127,78,70,8,8
74128,75,71,4,4
74129,198,168,30,30
74130,92,81,11,11
74131,118,98,20,20
74132,57,55,2,2
74133,155,133,22,22
74134,86,75,11,11
74135,67,58,9,9
74136,178,132,46,46
74137,68,64,4,4
74138,85,74,11,11
74139,79,75,4,4
74140,93,75,18,18
74141,50,51,-1,1
74142,58,53,5,5
74143,104,93,11,11
74144,100,86,14,14
74145,201,171,30,30
74146,105,96,9,9
74147,105,97,8,8
74148,90,83,7,7
74149,68,67,1,1
74150,74,70,4,4
74151,60,52,8,8
74152,59,63,-4,4
74153,97,94,3,3
74154,87,74,13,13
74155,55,57,-2,2
74156,111,93,18,18
74157,119,94,25,25
74158,115,104,11,11
74159,59,49,10,10
74160,61,55,6,6
74161,30,47,-17,17
74162,96,82,14,14
74163,131,102,29,29
74164,183,158,25,25
74165,161,149,12,12
74166,146,132,14,14
74167,200,167,33,33
74168,100,91,9,9
74169,114,99,15,15
74170,108,95,13,13
74171,73,64,9,9
74172,75,62,13,13
74173,72,65,7,7
74174,143,135,8,8
74175,101,83,18,18
74176,66,62,4,4
74177,164,133,31,31
74178,85,74,11,11
74179,88,75,13,13
74180,98,90,8,8
74181,54,89,-35,35
74182,95,86,9,9
74183,64,62,2,2
74184,144,125,19,19
74185,105,93,12,12
74186,102,98,4,4
74187,114,86,28,28
74188,54,51,3,3
74189,112,94,18,18
74190,181,148,33,33
74191,110,92,18,18
74192,75,60,15,15
74193,51,55,-4,4
74194,98,84,14,14
74195,85,77,8,8
74196,54,56,-2,2
74197,57,56,1,1
74198,77,78,-1,1
74199,66,70,-4,4
74200,84,68,16,16
74201,102,96,6,6
74202,124,113,11,11
74203,129,110,19,19
74204,195,172,23,23
74205,111,99,12,12
74206,109,106,3,3
74207,68,59,9,9
74208,57,51,6,6
74209,76,77,-1,1
74210,99,86,13,13
74211,78,76,2,2
74212,124,111,13,13
74213,83,69,14,14
74214,82,69,13,13
74215,73,63,10,10
74216,66,63,3,3
74217,102,92,10,10
74218,107,103,4,4
74219,101,87,14,14
74220,119,110,9,9
74221,120,120,0,0
74222,69,65,4,4
74223,80,87,-7,7
74224,113,100,13,13
74225,63,62,1,1
74226,94,77,17,17
74227,146,131,15,15
74228,109,95,14,14
74229,117,97,20,20
74230,66,61,5,5
74231,151,117,34,34
74232,60,48,12,12
74233,146,143,3,3
74234,135,119,16,16
74235,90,73,17,17
74236,48,49,-1,1
74237,71,63,8,8
74238,155,138,17,17
74239,86,68,18,18
74240,111,110,1,1
74241,96,84,12,12
74242,137,134,3,3
74243,81,77,4,4
74244,60,58,2,2
74245,83,84,-1,1
74246,106,94,12,12
74247,67,64,3,3
74248,52,48,4,4
74249,104,89,15,15
74250,73,73,0,0
74251,87,80,7,7
74252,148,136,12,12
74253,77,65,12,12
74254,92,81,11,11
74255,201,171,30,30
74256,50,47,3,3
74257,149,132,17,17
74258,150,118,32,32
74259,89,88,1,1
74260,131,111,20,20
74261,73,62,11,11
74262,83,78,5,5
74263,155,136,19,19
74264,80,55,25,25
74265,128,113,15,15
74266,59,51,8,8
74267,85,84,1,1
74268,87,93,-6,6
74269,85,74,11,11
74270,72,61,11,11
74271,72,71,1,1
74272,56,53,3,3
74273,127,113,14,14
74274,73,62,11,11
74275,94,72,22,22
74276,72,62,10,10
74277,48,40,8,8
74278,130,105,25,25
74279,103,81,22,22
74280,96,74,22,22
74281,140,131,9,9
74282,63,61,2,2
74283,61,54,7,7
74284,78,68,10,10
74285,75,63,12,12
74286,81,74,7,7
74287,79,75,4,4
74288,94,85,9,9
74289,117,104,13,13
74290,59,51,8,8
74291,84,72,12,12
74292,149,124,25,25
74293,109,99,10,10
74294,46,49,-3,3
74295,131,105,26,26
74296,118,99,19,19
74297,83,82,1,1
74298,68,76,-8,8
74299,70,75,-5,5
74300,49,46,3,3
74301,73,64,9,9
74302,132,120,12,12
74303,93,76,17,17
74304,159,146,13,13
74305,107,99,8,8
74306,185,151,34,34
74307,143,126,17,17
74308,60,61,-1,1
74309,78,65,13,13
74310,106,98,8,8
74311,98,80,18,18
74312,101,77,24,24
74313,39,51,-12,12
74314,104,96,8,8
74315,51,57,-6,6
74316,88,73,15,15
74317,83,72,11,11
74318,116,117,-1,1
74319,59,52,7,7
74320,88,75,13,13
74321,206,154,52,52
74322,147,114,33,33
74323,40,44,-4,4
74324,45,44,1,1
74325,89,80,9,9
74326,146,124,22,22
74327,76,71,5,5
74328,92,66,26,26
74329,35,39,-4,4
74330,77,82,-5,5
74331,104,97,7,7
74332,97,80,17,17
74333,135,116,19,19
74334,63,56,7,7
74335,54,50,4,4
74336,117,107,10,10
74337,79,68,11,11
74338,64,62,2,2
74339,63,57,6,6
74340,63,58,5,5
74341,80,72,8,8
74342,136,120,16,16
74343,106,85,21,21
74344,76,65,11,11
74345,80,70,10,10
74346,126,109,17,17
74347,96,81,15,15
74348,56,47,9,9
74349,124,113,11,11
74350,137,119,18,18
74351,63,63,0,0
74352,59,57,2,2
74353,102,89,13,13
74354,41,36,5,5
74355,84,78,6,6
74356,99,91,8,8
74357,108,102,6,6
74358,125,114,11,11
74359,115,100,15,15
74360,84,74,10,10
74361,100,95,5,5
74362,128,117,11,11
74363,60,56,4,4
74364,77,72,5,5
74365,63,53,10,10
74366,90,90,0,0
74367,64,67,-3,3
74368,61,45,16,16
74369,99,93,6,6
74370,97,91,6,6
74371,65,51,14,14
74372,99,91,8,8
74373,181,149,32,32
74374,83,77,6,6
74375,102,90,12,12
74376,136,127,9,9
74377,56,48,8,8
74378,132,115,17,17
74379,76,69,7,7
74380,101,86,15,15
74381,110,84,26,26
74382,51,43,8,8
74383,60,60,0,0
74384,127,114,13,13
74385,81,96,-15,15
74386,59,53,6,6
74387,82,73,9,9
74388,103,88,15,15
74389,99,85,14,14
74390,50,40,10,10
74391,85,90,-5,5
74392,67,54,13,13
74393,125,108,17,17
74394,93,79,14,14
74395,116,101,15,15
74396,68,69,-1,1
74397,77,68,9,9
74398,95,85,10,10
74399,59,62,-3,3
74400,111,90,21,21
74401,79,74,5,5
74402,84,79,5,5
74403,89,86,3,3
74404,164,142,22,22
74405,72,64,8,8
74406,78,73,5,5
74407,149,141,8,8
74408,95,70,25,25
74409,85,64,21,21
74410,96,87,9,9
74411,72,60,12,12
74412,112,90,22,22
74413,77,67,10,10
74414,40,40,0,0
74415,110,100,10,10
74416,59,63,-4,4
74417,107,94,13,13
74418,66,66,0,0
74419,87,74,13,13
74420,72,66,6,6
74421,85,83,2,2
74422,49,44,5,5
74423,72,69,3,3
74424,156,159,-3,3
74425,75,54,21,21
74426,83,67,16,16
74427,107,95,12,12
74428,97,80,17,17
74429,108,92,16,16
74430,89,72,17,17
74431,103,103,0,0
74432,133,116,17,17
74433,56,47,9,9
74434,77,70,7,7
74435,88,86,2,2
74436,106,101,5,5
74437,134,125,9,9
74438,81,78,3,3
74439,126,110,16,16
74440,69,65,4,4
74441,120,145,-25,25
74442,121,107,14,14
74443,62,53,9,9
74444,85,73,12,12
74445,93,79,14,14
74446,111,97,14,14
74447,99,105,-6,6
74448,50,49,1,1
74449,98,96,2,2
74450,83,66,17,17
74451,94,94,0,0
74452,144,128,16,16
74453,49,47,2,2
74454,46,38,8,8
74455,87,82,5,5
74456,80,76,4,4
74457,150,114,36,36
74458,67,66,1,1
74459,39,35,4,4
74460,82,68,14,14
74461,76,69,7,7
74462,56,51,5,5
74463,33,39,-6,6
74464,95,82,13,13
74465,67,53,14,14
74466,87,81,6,6
74467,101,86,15,15
74468,62,57,5,5
74469,62,63,-1,1
74470,93,76,17,17
74471,71,54,17,17
74472,79,72,7,7
74473,86,72,14,14
74474,70,66,4,4
74475,117,101,16,16
74476,51,58,-7,7
74477,168,144,24,24
74478,120,97,23,23
74479,99,82,17,17
74480,73,71,2,2
74481,120,109,11,11
74482,136,115,21,21
74483,57,61,-4,4
74484,89,75,14,14
74485,89,86,3,3
74486,81,77,4,4
74487,72,55,17,17
74488,104,91,13,13
74489,141,119,22,22
74490,79,70,9,9
74491,167,141,26,26
74492,86,76,10,10
74493,138,111,27,27
74494,66,60,6,6
74495,59,53,6,6
74496,110,111,-1,1
74497,82,68,14,14
74498,92,83,9,9
74499,62,54,8,8
74500,82,65,17,17
74501,62,61,1,1
74502,94,79,15,15
74503,135,136,-1,1
74504,227,217,10,10
74505,85,75,10,10
74506,74,74,0,0
74507,106,124,-18,18
74508,52,51,1,1
74509,96,103,-7,7
74510,97,87,10,10
74511,143,131,12,12
74512,84,62,22,22
74513,77,62,15,15
74514,49,46,3,3
74515,116,98,18,18
74516,67,83,-16,16
74517,74,72,2,2
74518,83,73,10,10
74519,77,67,10,10
74520,113,100,13,13
74521,125,104,21,21
74522,59,53,6,6
74523,62,60,2,2
74524,148,130,18,18
74525,56,59,-3,3
74526,85,88,-3,3
74527,158,126,32,32
74528,79,77,2,2
74529,87,73,14,14
74530,115,128,-13,13
74531,62,54,8,8
74532,78,67,11,11
74533,107,87,20,20
74534,129,113,16,16
74535,109,91,18,18
74536,46,46,0,0
74537,73,62,11,11
74538,47,41,6,6
74539,57,51,6,6
74540,136,126,10,10
74541,74,62,12,12
74542,73,63,10,10
74543,117,102,15,15
74544,64,52,12,12
74545,65,67,-2,2
74546,61,55,6,6
74547,40,44,-4,4
74548,84,71,13,13
74549,96,89,7,7
74550,108,88,20,20
74551,148,130,18,18
74552,111,100,11,11
74553,131,122,9,9
74554,55,55,0,0
74555,132,110,22,22
74556,156,115,41,41
74557,68,59,9,9
74558,109,98,11,11
74559,65,55,10,10
74560,78,63,15,15
74561,136,114,22,22
74562,190,174,16,16
74563,157,138,19,19
74564,110,99,11,11
74565,50,51,-1,1
74566,123,119,4,4
74567,127,110,17,17
74568,88,81,7,7
74569,116,101,15,15
74570,85,81,4,4
74571,116,97,19,19
74572,181,156,25,25
74573,87,80,7,7
74574,135,123,12,12
74575,64,68,-4,4
74576,92,81,11,11
74577,59,56,3,3
74578,81,63,18,18
74579,71,62,9,9
74580,130,125,5,5
74581,96,77,19,19
74582,86,72,14,14
74583,107,111,-4,4
74584,118,99,19,19
74585,93,86,7,7
74586,88,84,4,4
74587,54,56,-2,2
74588,101,93,8,8
74589,58,56,2,2
74590,109,91,18,18
74591,106,101,5,5
74592,139,123,16,16
74593,50,47,3,3
74594,168,148,20,20
74595,115,112,3,3
74596,70,67,3,3
74597,92,79,13,13
74598,133,113,20,20
74599,74,67,7,7
74600,159,146,13,13
74601,120,110,10,10
74602,84,92,-8,8
74603,103,97,6,6
74604,183,137,46,46
74605,139,117,22,22
74606,86,68,18,18
74607,82,75,7,7
74608,61,62,-1,1
74609,123,89,34,34
74610,87,78,9,9
74611,135,119,16,16
74612,99,82,17,17
74613,74,65,9,9
74614,74,71,3,3
74615,139,127,12,12
74616,85,74,11,11
74617,70,67,3,3
74618,106,93,13,13
74619,123,109,14,14
74620,100,89,11,11
74621,61,56,5,5
74622,92,81,11,11
74623,132,121,11,11
74624,59,57,2,2
74625,226,188,38,38
74626,84,68,16,16
74627,165,153,12,12
74628,83,81,2,2
74629,115,102,13,13
74630,159,131,28,28
74631,93,75,18,18
74632,126,120,6,6
74633,51,46,5,5
74634,118,102,16,16
74635,80,62,18,18
74636,161,134,27,27
74637,91,80,11,11
74638,83,74,9,9
74639,91,80,11,11
74640,234,196,38,38
74641,78,66,12,12
74642,101,86,15,15
74643,72,64,8,8
74644,92,67,25,25
74645,44,50,-6,6
74646,76,70,6,6
74647,106,91,15,15
74648,119,96,23,23
74649,111,85,26,26
74650,111,106,5,5
74651,105,88,17,17
74652,62,61,1,1
74653,113,106,7,7
74654,94,89,5,5
74655,155,131,24,24
74656,59,51,8,8
74657,86,88,-2,2
74658,61,50,11,11
74659,198,163,35,35
74660,83,74,9,9
74661,50,55,-5,5
74662,126,109,17,17
74663,95,80,15,15
74664,95,77,18,18
74665,24,30,-6,6
74666,90,85,5,5
74667,47,43,4,4
74668,64,65,-1,1
74669,107,100,7,7
74670,94,75,19,19
74671,77,69,8,8
74672,111,113,-2,2
74673,107,97,10,10
74674,33,35,-2,2
74675,73,61,12,12
74676,63,59,4,4
74677,90,84,6,6
74678,89,118,-29,29
74679,79,64,15,15
74680,128,114,14,14
74681,91,80,11,11
74682,114,98,16,16
74683,103,85,18,18
74684,61,45,16,16
74685,122,117,5,5
74686,114,100,14,14
74687,143,124,19,19
74688,75,68,7,7
74689,66,58,8,8
74690,90,82,8,8
74691,108,86,22,22
74692,74,69,5,5
74693,137,121,16,16
74694,121,98,23,23
74695,85,92,-7,7
74696,47,47,0,0
74697,51,55,-4,4
74698,79,66,13,13
74699,80,68,12,12
74700,111,97,14,14
74701,126,119,7,7
74702,37,38,-1,1
74703,87,75,12,12
74704,102,91,11,11
74705,73,67,6,6
74706,81,82,-1,1
74707,85,64,21,21
74708,127,109,18,18
74709,127,102,25,25
74710,93,94,-1,1
74711,122,111,11,11
74712,175,139,36,36
74713,96,85,11,11
74714,88,73,15,15
74715,162,127,35,35
74716,124,121,3,3
74717,42,37,5,5
74718,90,80,10,10
74719,91,82,9,9
74720,129,114,15,15
74721,53,51,2,2
74722,75,69,6,6
74723,88,79,9,9
74724,70,59,11,11
74725,185,160,25,25
74726,105,91,14,14
74727,128,108,20,20
74728,103,89,14,14
74729,100,95,5,5
74730,71,64,7,7
74731,157,125,32,32
74732,103,98,5,5
74733,118,107,11,11
74734,140,157,-17,17
74735,102,93,9,9
74736,71,61,10,10
74737,143,133,10,10
74738,58,57,1,1
74739,96,91,5,5
74740,112,99,13,13
74741,85,76,9,9
74742,92,92,0,0
74743,81,77,4,4
74744,102,91,11,11
74745,43,51,-8,8
74746,87,73,14,14
74747,118,102,16,16
74748,85,67,18,18
74749,100,93,7,7
74750,83,82,1,1
74751,83,63,20,20
74752,89,78,11,11
74753,50,48,2,2
74754,134,117,17,17
74755,65,52,13,13
74756,72,68,4,4
74757,75,63,12,12
74758,78,67,11,11
74759,81,78,3,3
74760,105,102,3,3
74761,67,58,9,9
74762,136,65,71,71
74763,86,89,-3,3
74764,139,120,19,19
74765,78,68,10,10
74766,38,31,7,7
74767,78,67,11,11
74768,59,50,9,9
74769,91,77,14,14
74770,152,132,20,20
74771,148,139,9,9
74772,108,95,13,13
74773,77,65,12,12
74774,83,68,15,15
74775,89,74,15,15
74776,104,86,18,18
74777,117,109,8,8
74778,151,130,21,21
74779,45,46,-1,1
74780,60,48,12,12
74781,125,114,11,11
74782,41,39,2,2
74783,49,46,3,3
74784,140,121,19,19
74785,90,85,5,5
74786,93,86,7,7
74787,100,78,22,22
74788,125,106,19,19
74789,114,104,10,10
74790,128,115,13,13
74791,60,54,6,6
74792,191,163,28,28
74793,140,127,13,13
74794,82,92,-10,10
74795,76,64,12,12
74796,117,104,13,13
74797,83,79,4,4
74798,82,70,12,12
74799,122,117,5,5
74800,60,56,4,4
74801,117,103,14,14
74802,96,79,17,17
74803,115,103,12,12
74804,134,119,15,15
74805,109,98,11,11
74806,91,73,18,18
74807,72,66,6,6
74808,96,83,13,13
74809,80,74,6,6
74810,71,67,4,4
74811,95,75,20,20
74812,101,91,10,10
74813,67,59,8,8
74814,87,85,2,2
74815,89,81,8,8
74816,62,57,5,5
74817,126,135,-9,9
74818,78,77,1,1
74819,100,94,6,6
74820,96,83,13,13
74821,100,89,11,11
74822,59,56,3,3
74823,93,80,13,13
74824,120,107,13,13
74825,70,66,4,4
74826,46,43,3,3
74827,153,132,21,21
74828,91,82,9,9
74829,94,86,8,8
74830,74,79,-5,5
74831,87,67,20,20
74832,76,69,7,7
74833,56,53,3,3
74834,104,111,-7,7
74835,126,111,15,15
74836,115,102,13,13
74837,107,103,4,4
74838,41,48,-7,7
74839,75,63,12,12
74840,76,74,2,2
74841,75,71,4,4
74842,50,48,2,2
74843,118,107,11,11
74844,131,116,15,15
74845,92,120,-28,28
74846,113,98,15,15
74847,126,103,23,23
74848,65,65,0,0
74849,128,112,16,16
74850,89,81,8,8
74851,100,78,22,22
74852,85,72,13,13
74853,166,136,30,30
74854,100,101,-1,1
74855,119,108,11,11
74856,72,61,11,11
74857,78,70,8,8
74858,70,57,13,13
74859,84,75,9,9
74860,56,49,7,7
74861,18,28,-10,10
74862,75,69,6,6
74863,107,103,4,4
74864,86,70,16,16
74865,128,117,11,11
74866,99,93,6,6
74867,69,67,2,2
74868,130,110,20,20
74869,127,114,13,13
74870,188,159,29,29
74871,99,91,8,8
74872,83,73,10,10
74873,105,89,16,16
74874,56,55,1,1
74875,84,73,11,11
74876,43,46,-3,3
74877,104,103,1,1
74878,93,86,7,7
74879,111,106,5,5
74880,106,108,-2,2
74881,77,67,10,10
74882,74,63,11,11
74883,138,124,14,14
74884,47,43,4,4
74885,158,140,18,18
74886,111,101,10,10
74887,84,79,5,5
74888,129,121,8,8
74889,76,72,4,4
74890,84,74,10,10
74891,67,59,8,8
74892,61,50,11,11
74893,107,89,18,18
74894,79,62,17,17
74895,112,109,3,3
74896,53,50,3,3
74897,84,73,11,11
74898,46,43,3,3
74899,115,96,19,19
74900,48,39,9,9
74901,51,46,5,5
74902,73,76,-3,3
74903,81,91,-10,10
74904,53,50,3,3
74905,144,126,18,18
74906,93,78,15,15
74907,63,66,-3,3
74908,47,42,5,5
74909,117,93,24,24
74910,172,122,50,50
74911,57,58,-1,1
74912,143,125,18,18
74913,108,102,6,6
74914,140,117,23,23
74915,70,64,6,6
74916,96,86,10,10
74917,107,99,8,8
74918,116,98,18,18
74919,120,107,13,13
74920,60,47,13,13
74921,77,76,1,1
74922,112,102,10,10
74923,97,95,2,2
74924,183,170,13,13
74925,95,83,12,12
74926,92,80,12,12
74927,76,79,-3,3
74928,99,91,8,8
74929,85,69,16,16
74930,76,72,4,4
74931,93,81,12,12
74932,50,50,0,0
74933,55,52,3,3
74934,88,79,9,9
74935,97,96,1,1
74936,83,74,9,9
74937,54,45,9,9
74938,86,74,12,12
74939,77,75,2,2
74940,282,306,-24,24
74941,136,117,19,19
74942,91,72,19,19
74943,150,144,6,6
74944,66,63,3,3
74945,71,70,1,1
74946,87,74,13,13
74947,87,83,4,4
74948,119,109,10,10
74949,148,124,24,24
74950,117,101,16,16
74951,85,78,7,7
74952,97,85,12,12
74953,49,48,1,1
74954,103,97,6,6
74955,38,35,3,3
74956,86,87,-1,1
74957,49,42,7,7
74958,103,87,16,16
74959,103,112,-9,9
74960,45,44,1,1
74961,103,91,12,12
74962,83,72,11,11
74963,95,79,16,16
74964,60,59,1,1
74965,102,95,7,7
74966,138,133,5,5
74967,83,73,10,10
74968,95,88,7,7
74969,96,85,11,11
74970,150,136,14,14
74971,53,44,9,9
74972,133,104,29,29
74973,45,45,0,0
74974,50,43,7,7
74975,35,75,-40,40
74976,103,83,20,20
74977,58,52,6,6
74978,72,68,4,4
74979,100,95,5,5
74980,95,82,13,13
74981,109,90,19,19
74982,57,60,-3,3
74983,68,75,-7,7
74984,89,78,11,11
74985,129,112,17,17
74986,118,104,14,14
74987,114,99,15,15
74988,112,97,15,15
74989,103,88,15,15
74990,95,84,11,11
74991,130,125,5,5
74992,95,74,21,21
74993,129,115,14,14
74994,84,73,11,11
74995,103,99,4,4
74996,146,129,17,17
74997,84,82,2,2
74998,143,120,23,23
74999,84,79,5,5
75000,69,69,0,0
75001,94,91,3,3
75002,56,66,-10,10
75003,133,122,11,11
75004,49,54,-5,5
75005,58,48,10,10
75006,122,97,25,25
75007,117,104,13,13
75008,87,76,11,11
75009,113,101,12,12
75010,60,55,5,5
75011,65,56,9,9
75012,103,89,14,14
75013,152,125,27,27
75014,121,106,15,15
75015,119,103,16,16
75016,47,47,0,0
75017,113,95,18,18
75018,101,91,10,10
75019,73,73,0,0
75020,88,87,1,1
75021,156,128,28,28
75022,99,83,16,16
75023,86,78,8,8
75024,101,94,7,7
75025,91,80,11,11
75026,59,54,5,5
75027,72,68,4,4
75028,111,87,24,24
75029,108,98,10,10
75030,78,72,6,6
75031,63,62,1,1
75032,97,90,7,7
75033,76,68,8,8
75034,94,94,0,0
75035,83,73,10,10
75036,72,65,7,7
75037,113,90,23,23
75038,126,109,17,17
75039,86,87,-1,1
75040,67,53,14,14
75041,149,124,25,25
75042,89,74,15,15
75043,115,93,22,22
75044,111,89,22,22
75045,135,126,9,9
75046,54,53,1,1
75047,123,115,8,8
75048,82,79,3,3
75049,26,36,-10,10
75050,66,59,7,7
75051,117,95,22,22
75052,135,131,4,4
75053,70,60,10,10
75054,59,53,6,6
75055,141,124,17,17
75056,64,55,9,9
75057,126,115,11,11
75058,97,84,13,13
75059,54,47,7,7
75060,99,86,13,13
75061,138,113,25,25
75062,130,122,8,8
75063,111,81,30,30
75064,81,73,8,8
75065,97,83,14,14
75066,146,129,17,17
75067,92,76,16,16
75068,68,50,18,18
75069,70,66,4,4
75070,79,64,15,15
75071,57,58,-1,1
75072,70,55,15,15
75073,52,52,0,0
75074,82,83,-1,1
75075,72,67,5,5
75076,86,71,15,15
75077,124,101,23,23
75078,71,63,8,8
75079,75,54,21,21
75080,111,89,22,22
75081,85,68,17,17
75082,77,68,9,9
75083,116,105,11,11
75084,121,117,4,4
75085,63,53,10,10
75086,65,53,12,12
75087,92,86,6,6
75088,115,100,15,15
75089,62,54,8,8
75090,90,77,13,13
75091,50,46,4,4
75092,81,74,7,7
75093,33,35,-2,2
75094,141,120,21,21
75095,51,45,6,6
75096,32,36,-4,4
75097,89,93,-4,4
75098,117,103,14,14
75099,97,94,3,3
75100,92,73,19,19
75101,71,63,8,8
75102,76,69,7,7
75103,42,45,-3,3
75104,84,84,0,0
75105,87,85,2,2
75106,153,130,23,23
75107,91,83,8,8
75108,59,72,-13,13
75109,69,64,5,5
75110,109,89,20,20
75111,115,96,19,19
75112,169,153,16,16
75113,67,63,4,4
75114,96,86,10,10
75115,94,81,13,13
75116,173,130,43,43
75117,96,83,13,13
75118,127,97,30,30
75119,58,51,7,7
75120,69,59,10,10
75121,68,63,5,5
75122,141,126,15,15
75123,110,120,-10,10
75124,46,83,-37,37
75125,56,105,-49,49
75126,99,97,2,2
75127,117,102,15,15
75128,53,49,4,4
75129,92,82,10,10
75130,100,101,-1,1
75131,100,80,20,20
75132,92,90,2,2
75133,67,57,10,10
75134,148,120,28,28
75135,122,110,12,12
75136,162,139,23,23
75137,86,79,7,7
75138,165,132,33,33
75139,106,86,20,20
75140,84,90,-6,6
75141,97,85,12,12
75142,61,54,7,7
75143,187,170,17,17
75144,153,146,7,7
75145,57,55,2,2
75146,101,91,10,10
75147,154,115,39,39
75148,108,95,13,13
75149,55,46,9,9
75150,113,90,23,23
75151,55,48,7,7
75152,101,81,20,20
75153,91,85,6,6
75154,89,79,10,10
75155,96,80,16,16
75156,52,56,-4,4
75157,54,50,4,4
75158,69,62,7,7
75159,95,97,-2,2
75160,88,73,15,15
75161,126,112,14,14
75162,82,81,1,1
75163,76,74,2,2
75164,112,94,18,18
75165,117,99,18,18
75166,113,100,13,13
75167,97,81,16,16
75168,98,88,10,10
75169,83,72,11,11
75170,76,65,11,11
75171,80,68,12,12
75172,111,101,10,10
75173,135,113,22,22
75174,62,60,2,2
75175,140,125,15,15
75176,68,62,6,6
75177,141,131,10,10
75178,53,56,-3,3
75179,140,127,13,13
75180,74,63,11,11
75181,70,64,6,6
75182,78,78,0,0
75183,103,88,15,15
75184,97,85,12,12
75185,75,67,8,8
75186,143,130,13,13
75187,163,141,22,22
75188,71,63,8,8
75189,58,50,8,8
75190,69,62,7,7
75191,72,64,8,8
75192,158,142,16,16
75193,93,93,0,0
75194,80,72,8,8
75195,142,118,24,24
75196,46,55,-9,9
75197,76,62,14,14
75198,129,149,-20,20
75199,82,71,11,11
75200,146,122,24,24
75201,93,81,12,12
75202,113,94,19,19
75203,142,135,7,7
75204,72,62,10,10
75205,74,66,8,8
75206,88,95,-7,7
75207,105,103,2,2
75208,110,106,4,4
75209,83,71,12,12
75210,27,44,-17,17
75211,136,119,17,17
75212,81,71,10,10
75213,98,82,16,16
75214,120,106,14,14
75215,92,71,21,21
75216,145,121,24,24
75217,137,120,17,17
75218,103,97,6,6
75219,121,121,0,0
75220,54,61,-7,7
75221,112,98,14,14
75222,76,70,6,6
75223,89,76,13,13
75224,160,119,41,41
75225,28,36,-8,8
75226,76,62,14,14
75227,165,146,19,19
75228,100,82,18,18
75229,152,126,26,26
75230,82,78,4,4
75231,94,78,16,16
75232,60,56,4,4
75233,125,111,14,14
75234,69,64,5,5
75235,120,88,32,32
75236,91,79,12,12
75237,96,80,16,16
75238,45,43,2,2
75239,56,54,2,2
75240,76,65,11,11
75241,75,70,5,5
75242,79,72,7,7
75243,124,106,18,18
75244,106,88,18,18
75245,122,106,16,16
75246,51,51,0,0
75247,69,62,7,7
75248,85,79,6,6
75249,115,135,-20,20
75250,115,96,19,19
75251,115,99,16,16
75252,60,61,-1,1
75253,76,68,8,8
75254,32,35,-3,3
75255,79,72,7,7
75256,44,41,3,3
75257,58,54,4,4
75258,130,114,16,16
75259,132,113,19,19
75260,79,71,8,8
75261,92,85,7,7
75262,144,128,16,16
75263,54,54,0,0
75264,133,107,26,26
75265,64,66,-2,2
75266,92,81,11,11
75267,156,137,19,19
75268,58,50,8,8
75269,82,64,18,18
75270,86,76,10,10
75271,173,148,25,25
75272,94,80,14,14
75273,60,59,1,1
75274,108,93,15,15
75275,126,111,15,15
75276,56,50,6,6
75277,98,90,8,8
75278,92,72,20,20
75279,117,97,20,20
75280,52,41,11,11
75281,94,78,16,16
75282,78,66,12,12
75283,76,92,-16,16
75284,67,58,9,9
75285,124,114,10,10
75286,128,115,13,13
75287,73,60,13,13
75288,62,53,9,9
75289,100,95,5,5
75290,130,118,12,12
75291,61,55,6,6
75292,262,208,54,54
75293,60,51,9,9
75294,102,101,1,1
75295,57,50,7,7
75296,97,94,3,3
75297,84,80,4,4
75298,61,76,-15,15
75299,135,113,22,22
75300,104,77,27,27
75301,79,70,9,9
75302,187,145,42,42
75303,62,52,10,10
75304,94,81,13,13
75305,94,94,0,0
75306,94,77,17,17
75307,126,105,21,21
75308,126,101,25,25
75309,108,91,17,17
75310,60,45,15,15
75311,93,96,-3,3
75312,53,47,6,6
75313,61,56,5,5
75314,79,70,9,9
75315,74,65,9,9
75316,50,43,7,7
75317,75,50,25,25
75318,40,45,-5,5
75319,47,43,4,4
75320,78,73,5,5
75321,51,49,2,2
75322,97,88,9,9
75323,54,45,9,9
75324,100,93,7,7
75325,91,78,13,13
75326,48,48,0,0
75327,46,45,1,1
75328,153,132,21,21
75329,123,111,12,12
75330,52,54,-2,2
75331,92,75,17,17
75332,71,71,0,0
75333,141,116,25,25
75334,46,37,9,9
75335,72,68,4,4
75336,84,72,12,12
75337,82,80,2,2
75338,78,67,11,11
75339,77,62,15,15
75340,93,70,23,23
75341,47,46,1,1
75342,67,60,7,7
75343,67,60,7,7
75344,113,93,20,20
75345,179,153,26,26
75346,95,87,8,8
75347,164,144,20,20
75348,45,45,0,0
75349,127,106,21,21
75350,118,114,4,4
75351,96,80,16,16
75352,57,49,8,8
75353,151,133,18,18
75354,69,69,0,0
75355,79,72,7,7
75356,86,75,11,11
75357,186,160,26,26
75358,147,122,25,25
75359,109,101,8,8
75360,97,78,19,19
75361,110,95,15,15
75362,69,61,8,8
75363,65,62,3,3
75364,119,100,19,19
75365,58,58,0,0
75366,77,65,12,12
75367,97,88,9,9
75368,95,83,12,12
75369,123,113,10,10
75370,107,116,-9,9
75371,117,103,14,14
75372,72,76,-4,4
75373,119,101,18,18
75374,103,91,12,12
75375,129,116,13,13
75376,83,69,14,14
75377,248,214,34,34
75378,93,74,19,19
75379,129,118,11,11
75380,68,67,1,1
75381,117,104,13,13
75382,87,79,8,8
75383,118,102,16,16
75384,98,82,16,16
75385,103,98,5,5
75386,69,63,6,6
75387,110,92,18,18
75388,125,108,17,17
75389,113,100,13,13
75390,112,97,15,15
75391,81,67,14,14
75392,86,80,6,6
75393,148,124,24,24
75394,102,86,16,16
75395,31,30,1,1
75396,64,60,4,4
75397,114,105,9,9
75398,87,80,7,7
75399,127,109,18,18
75400,91,89,2,2
75401,74,62,12,12
75402,175,142,33,33
75403,223,167,56,56
75404,87,67,20,20
75405,67,58,9,9
75406,59,50,9,9
75407,104,82,22,22
75408,64,78,-14,14
75409,149,140,9,9
75410,125,107,18,18
75411,45,43,2,2
75412,93,88,5,5
75413,86,78,8,8
75414,80,67,13,13
75415,73,56,17,17
75416,92,76,16,16
75417,120,125,-5,5
75418,126,105,21,21
75419,73,66,7,7
75420,54,54,0,0
75421,65,60,5,5
75422,100,87,13,13
75423,105,90,15,15
75424,85,71,14,14
75425,100,83,17,17
75426,81,77,4,4
75427,67,60,7,7
75428,174,149,25,25
75429,132,111,21,21
75430,127,92,35,35
75431,96,93,3,3
75432,73,61,12,12
75433,86,74,12,12
75434,73,65,8,8
75435,124,110,14,14
75436,75,66,9,9
75437,49,56,-7,7
75438,99,114,-15,15
75439,55,50,5,5
75440,141,105,36,36
75441,62,61,1,1
75442,75,69,6,6
75443,99,87,12,12
75444,97,83,14,14
75445,104,92,12,12
75446,96,79,17,17
75447,122,109,13,13
75448,101,77,24,24
75449,109,101,8,8
75450,111,99,12,12
75451,99,82,17,17
75452,77,77,0,0
75453,118,114,4,4
75454,89,72,17,17
75455,75,74,1,1
75456,59,55,4,4
75457,57,55,2,2
75458,99,83,16,16
75459,88,69,19,19
75460,106,89,17,17
75461,101,95,6,6
75462,131,112,19,19
75463,127,114,13,13
75464,65,54,11,11
75465,101,81,20,20
75466,140,119,21,21
75467,122,108,14,14
75468,80,70,10,10
75469,128,120,8,8
75470,85,77,8,8
75471,111,103,8,8
75472,78,80,-2,2
75473,93,80,13,13
75474,42,40,2,2
75475,66,49,17,17
75476,95,90,5,5
75477,90,67,23,23
75478,100,95,5,5
75479,82,72,10,10
75480,67,68,-1,1
75481,105,88,17,17
75482,110,93,17,17
75483,56,53,3,3
75484,37,31,6,6
75485,65,63,2,2
75486,72,62,10,10
75487,106,97,9,9
75488,99,85,14,14
75489,104,90,14,14
75490,87,80,7,7
75491,76,75,1,1
75492,53,43,10,10
75493,57,55,2,2
75494,69,57,12,12
75495,83,71,12,12
75496,56,54,2,2
75497,78,70,8,8
75498,95,96,-1,1
75499,78,68,10,10
75500,74,64,10,10
75501,82,96,-14,14
75502,95,82,13,13
75503,85,73,12,12
75504,63,62,1,1
75505,124,110,14,14
75506,67,56,11,11
75507,112,101,11,11
75508,94,82,12,12
75509,69,61,8,8
75510,121,117,4,4
75511,82,76,6,6
75512,111,96,15,15
75513,126,113,13,13
75514,74,62,12,12
75515,81,69,12,12
75516,100,91,9,9
75517,148,123,25,25
75518,88,78,10,10
75519,70,62,8,8
75520,150,118,32,32
75521,88,76,12,12
75522,28,30,-2,2
75523,93,80,13,13
75524,96,94,2,2
75525,90,79,11,11
75526,150,142,8,8
75527,75,72,3,3
75528,93,92,1,1
75529,150,130,20,20
75530,123,89,34,34
75531,133,123,10,10
75532,69,78,-9,9
75533,167,127,40,40
75534,46,33,13,13
75535,92,84,8,8
75536,54,51,3,3
75537,154,124,30,30
75538,45,41,4,4
75539,137,120,17,17
75540,115,97,18,18
75541,99,80,19,19
75542,93,77,16,16
75543,83,69,14,14
75544,115,94,21,21
75545,23,49,-26,26
75546,92,84,8,8
75547,85,79,6,6
75548,80,66,14,14
75549,190,173,17,17
75550,95,80,15,15
75551,153,119,34,34
75552,83,80,3,3
75553,51,48,3,3
75554,85,74,11,11
75555,85,80,5,5
75556,59,61,-2,2
75557,172,144,28,28
75558,53,50,3,3
75559,128,102,26,26
75560,72,66,6,6
75561,130,110,20,20
75562,54,53,1,1
75563,145,107,38,38
75564,94,91,3,3
75565,111,98,13,13
75566,35,45,-10,10
75567,74,70,4,4
75568,85,80,5,5
75569,129,111,18,18
75570,49,51,-2,2
75571,56,59,-3,3
75572,99,86,13,13
75573,79,85,-6,6
75574,129,111,18,18
75575,74,67,7,7
75576,78,77,1,1
75577,70,66,4,4
75578,157,155,2,2
75579,98,89,9,9
75580,66,63,3,3
75581,75,69,6,6
75582,76,65,11,11
75583,94,90,4,4
75584,100,81,19,19
75585,50,45,5,5
75586,98,89,9,9
75587,96,90,6,6
75588,134,122,12,12
75589,108,88,20,20
75590,212,184,28,28
75591,138,122,16,16
75592,88,75,13,13
75593,12,12,0,0
75594,66,59,7,7
75595,98,78,20,20
75596,110,94,16,16
75597,75,63,12,12
75598,146,137,9,9
75599,176,166,10,10
75600,91,75,16,16
75601,88,76,12,12
75602,51,47,4,4
75603,190,156,34,34
75604,128,115,13,13
75605,74,66,8,8
75606,83,78,5,5
75607,64,53,11,11
75608,127,115,12,12
75609,130,109,21,21
75610,95,76,19,19
75611,66,132,-66,66
75612,46,34,12,12
75613,79,73,6,6
75614,110,95,15,15
75615,116,103,13,13
75616,68,65,3,3
75617,70,77,-7,7
75618,59,65,-6,6
75619,107,83,24,24
75620,77,77,0,0
75621,97,105,-8,8
75622,160,137,23,23
75623,130,128,2,2
75624,60,53,7,7
75625,104,90,14,14
75626,91,81,10,10
75627,89,89,0,0
75628,49,49,0,0
75629,155,138,17,17
75630,94,81,13,13
75631,146,130,16,16
75632,87,85,2,2
75633,127,110,17,17
75634,79,76,3,3
75635,93,84,9,9
75636,121,114,7,7
75637,74,62,12,12
75638,113,102,11,11
75639,163,134,29,29
75640,122,100,22,22
75641,118,109,9,9
75642,56,54,2,2
75643,129,107,22,22
75644,128,111,17,17
75645,159,134,25,25
75646,62,61,1,1
75647,108,98,10,10
75648,72,63,9,9
75649,79,73,6,6
75650,166,144,22,22
75651,62,65,-3,3
75652,144,132,12,12
75653,129,109,20,20
75654,72,65,7,7
75655,93,75,18,18
75656,86,85,1,1
75657,126,106,20,20
75658,86,75,11,11
75659,87,77,10,10
75660,183,158,25,25
75661,68,62,6,6
75662,80,68,12,12
75663,63,65,-2,2
75664,61,58,3,3
75665,103,93,10,10
75666,46,44,2,2
75667,107,88,19,19
75668,127,113,14,14
75669,89,75,14,14
75670,104,92,12,12
75671,82,79,3,3
75672,114,105,9,9
75673,82,72,10,10
75674,109,102,7,7
75675,105,93,12,12
75676,67,64,3,3
75677,64,55,9,9
75678,109,94,15,15
75679,50,47,3,3
75680,49,44,5,5
75681,89,82,7,7
75682,163,142,21,21
75683,64,62,2,2
75684,180,147,33,33
75685,73,109,-36,36
75686,155,131,24,24
75687,106,97,9,9
75688,102,86,16,16
75689,142,125,17,17
75690,62,57,5,5
75691,93,85,8,8
75692,125,96,29,29
75693,71,65,6,6
75694,62,64,-2,2
75695,129,113,16,16
75696,109,108,1,1
75697,174,150,24,24
75698,103,95,8,8
75699,124,103,21,21
75700,74,71,3,3
75701,96,82,14,14
75702,112,97,15,15
75703,78,72,6,6
75704,59,55,4,4
75705,54,52,2,2
75706,86,72,14,14
75707,99,100,-1,1
75708,120,121,-1,1
75709,134,112,22,22
75710,141,117,24,24
75711,99,92,7,7
75712,92,82,10,10
75713,121,110,11,11
75714,74,64,10,10
75715,101,80,21,21
75716,14,80,-66,66
75717,80,69,11,11
75718,88,72,16,16
75719,60,60,0,0
75720,112,101,11,11
75721,153,120,33,33
75722,108,93,15,15
75723,98,90,8,8
75724,78,87,-9,9
75725,115,127,-12,12
75726,71,62,9,9
75727,129,117,12,12
75728,56,55,1,1
75729,68,60,8,8
75730,80,71,9,9
75731,110,109,1,1
75732,86,84,2,2
75733,139,122,17,17
75734,125,107,18,18
75735,73,66,7,7
75736,122,103,19,19
75737,99,90,9,9
75738,78,65,13,13
75739,150,123,27,27
75740,112,84,28,28
75741,95,88,7,7
75742,85,73,12,12
75743,67,63,4,4
75744,91,75,16,16
75745,110,92,18,18
75746,88,66,22,22
75747,115,115,0,0
75748,78,71,7,7
75749,89,89,0,0
75750,71,63,8,8
75751,65,54,11,11
75752,67,70,-3,3
75753,144,120,24,24
75754,98,91,7,7
75755,78,67,11,11
75756,130,121,9,9
75757,75,68,7,7
75758,83,70,13,13
75759,72,61,11,11
75760,106,91,15,15
75761,44,40,4,4
75762,108,96,12,12
75763,80,64,16,16
75764,98,92,6,6
75765,97,85,12,12
75766,124,123,1,1
75767,96,78,18,18
75768,71,63,8,8
75769,118,108,10,10
75770,115,98,17,17
75771,88,78,10,10
75772,104,92,12,12
75773,75,60,15,15
75774,115,96,19,19
75775,94,74,20,20
75776,97,89,8,8
75777,71,64,7,7
75778,73,77,-4,4
75779,64,62,2,2
75780,61,58,3,3
75781,46,42,4,4
75782,81,71,10,10
75783,56,54,2,2
75784,99,89,10,10
75785,131,128,3,3
75786,75,84,-9,9
75787,74,62,12,12
75788,111,98,13,13
75789,136,120,16,16
75790,81,69,12,12
75791,50,49,1,1
75792,95,83,12,12
75793,108,108,0,0
75794,62,94,-32,32
75795,78,70,8,8
75796,92,73,19,19
75797,42,40,2,2
75798,102,97,5,5
75799,104,96,8,8
75800,55,59,-4,4
75801,69,67,2,2
75802,90,81,9,9
75803,63,59,4,4
75804,101,93,8,8
75805,43,42,1,1
75806,69,66,3,3
75807,109,97,12,12
75808,142,131,11,11
75809,140,120,20,20
75810,67,63,4,4
75811,62,57,5,5
75812,114,92,22,22
75813,107,94,13,13
75814,85,89,-4,4
75815,167,146,21,21
75816,163,151,12,12
75817,85,78,7,7
75818,73,70,3,3
75819,109,92,17,17
75820,61,59,2,2
75821,77,70,7,7
75822,207,162,45,45
75823,99,89,10,10
75824,182,153,29,29
75825,99,88,11,11
75826,83,76,7,7
75827,75,71,4,4
75828,139,124,15,15
75829,47,40,7,7
75830,65,70,-5,5
75831,143,109,34,34
75832,73,70,3,3
75833,79,73,6,6
75834,85,69,16,16
75835,88,82,6,6
75836,141,120,21,21
75837,71,85,-14,14
75838,96,82,14,14
75839,153,131,22,22
75840,133,109,24,24
75841,80,76,4,4
75842,171,157,14,14
75843,125,118,7,7
75844,91,74,17,17
75845,61,57,4,4
75846,131,107,24,24
75847,136,106,30,30
75848,58,52,6,6
75849,93,80,13,13
75850,88,78,10,10
75851,68,63,5,5
75852,129,115,14,14
75853,127,102,25,25
75854,98,128,-30,30
75855,87,78,9,9
75856,84,75,9,9
75857,51,74,-23,23
75858,72,63,9,9
75859,144,125,19,19
75860,96,86,10,10
75861,61,52,9,9
75862,86,72,14,14
75863,78,66,12,12
75864,51,53,-2,2
75865,151,130,21,21
75866,109,92,17,17
75867,108,103,5,5
75868,80,67,13,13
75869,67,53,14,14
75870,125,123,2,2
75871,75,64,11,11
75872,176,157,19,19
75873,105,97,8,8
75874,82,79,3,3
75875,146,128,18,18
75876,49,72,-23,23
75877,68,75,-7,7
75878,119,110,9,9
75879,40,36,4,4
75880,118,105,13,13
75881,65,59,6,6
75882,92,88,4,4
75883,69,58,11,11
75884,110,95,15,15
75885,94,81,13,13
75886,152,159,-7,7
75887,118,105,13,13
75888,72,65,7,7
75889,141,118,23,23
75890,43,42,1,1
75891,122,102,20,20
75892,73,64,9,9
75893,92,82,10,10
75894,101,101,0,0
75895,66,58,8,8
75896,70,60,10,10
75897,43,42,1,1
75898,84,66,18,18
75899,83,87,-4,4
75900,71,60,11,11
75901,97,78,19,19
75902,116,101,15,15
75903,107,103,4,4
75904,152,130,22,22
75905,130,134,-4,4
75906,49,42,7,7
75907,111,95,16,16
75908,124,98,26,26
75909,75,66,9,9
75910,112,117,-5,5
75911,111,105,6,6
75912,97,85,12,12
75913,47,39,8,8
75914,114,89,25,25
75915,107,101,6,6
75916,93,84,9,9
75917,107,93,14,14
75918,114,102,12,12
75919,124,118,6,6
75920,133,108,25,25
75921,64,57,7,7
75922,80,74,6,6
75923,155,126,29,29
75924,98,99,-1,1
75925,82,62,20,20
75926,50,48,2,2
75927,64,55,9,9
75928,97,91,6,6
75929,123,102,21,21
75930,46,46,0,0
75931,78,63,15,15
75932,122,110,12,12
75933,181,147,34,34
75934,64,61,3,3
75935,56,52,4,4
75936,72,72,0,0
75937,141,119,22,22
75938,126,106,20,20
75939,71,55,16,16
75940,81,63,18,18
75941,137,113,24,24
75942,91,80,11,11
75943,117,98,19,19
75944,160,139,21,21
75945,101,80,21,21
75946,55,59,-4,4
75947,104,95,9,9
75948,72,66,6,6
75949,165,142,23,23
75950,74,62,12,12
75951,72,66,6,6
75952,138,104,34,34
75953,87,80,7,7
75954,66,58,8,8
75955,78,72,6,6
75956,80,66,14,14
75957,111,107,4,4
75958,132,116,16,16
75959,70,64,6,6
75960,96,84,12,12
75961,127,112,15,15
75962,121,110,11,11
75963,57,48,9,9
75964,203,177,26,26
75965,94,82,12,12
75966,81,86,-5,5
75967,52,47,5,5
75968,150,123,27,27
75969,83,101,-18,18
75970,99,75,24,24
75971,64,56,8,8
75972,79,71,8,8
75973,81,73,8,8
75974,47,47,0,0
75975,54,51,3,3
75976,152,128,24,24
75977,44,44,0,0
75978,87,78,9,9
75979,161,137,24,24
75980,83,74,9,9
75981,75,69,6,6
75982,111,107,4,4
75983,60,52,8,8
75984,98,82,16,16
75985,74,71,3,3
75986,81,66,15,15
75987,113,101,12,12
75988,110,91,19,19
75989,84,77,7,7
75990,57,51,6,6
75991,70,61,9,9
75992,175,141,34,34
75993,95,86,9,9
75994,94,84,10,10
75995,107,93,14,14
75996,75,70,5,5
75997,85,84,1,1
75998,162,129,33,33
75999,93,84,9,9
76000,73,67,6,6
76001,86,78,8,8
76002,179,152,27,27
76003,202,173,29,29
76004,98,90,8,8
76005,85,78,7,7
76006,37,40,-3,3
76007,121,102,19,19
76008,128,107,21,21
76009,87,86,1,1
76010,141,129,12,12
76011,70,57,13,13
76012,151,142,9,9
76013,116,103,13,13
76014,81,68,13,13
76015,81,66,15,15
76016,89,81,8,8
76017,124,94,30,30
76018,94,84,10,10
76019,56,58,-2,2
76020,151,132,19,19
76021,157,134,23,23
76022,70,65,5,5
76023,154,135,19,19
76024,130,115,15,15
76025,121,104,17,17
76026,119,112,7,7
76027,94,87,7,7
76028,62,65,-3,3
76029,99,82,17,17
76030,82,67,15,15
76031,145,131,14,14
76032,107,107,0,0
76033,107,98,9,9
76034,128,106,22,22
76035,52,48,4,4
76036,103,90,13,13
76037,70,64,6,6
76038,161,145,16,16
76039,74,68,6,6
76040,70,59,11,11
76041,114,91,23,23
76042,150,135,15,15
76043,105,103,2,2
76044,119,116,3,3
76045,71,69,2,2
76046,102,84,18,18
76047,43,50,-7,7
76048,84,77,7,7
76049,70,67,3,3
76050,82,74,8,8
76051,74,56,18,18
76052,98,86,12,12
76053,55,50,5,5
76054,110,100,10,10
76055,145,137,8,8
76056,80,70,10,10
76057,137,121,16,16
76058,77,78,-1,1
76059,80,64,16,16
76060,73,61,12,12
76061,83,69,14,14
76062,100,82,18,18
76063,85,73,12,12
76064,101,92,9,9
76065,79,73,6,6
76066,89,87,2,2
76067,60,57,3,3
76068,112,85,27,27
76069,173,150,23,23
76070,60,52,8,8
76071,41,37,4,4
76072,57,57,0,0
76073,88,81,7,7
76074,101,85,16,16
76075,82,63,19,19
76076,100,88,12,12
76077,85,78,7,7
76078,117,92,25,25
76079,83,77,6,6
76080,162,136,26,26
76081,59,53,6,6
76082,127,107,20,20
76083,170,138,32,32
76084,114,97,17,17
76085,111,98,13,13
76086,44,41,3,3
76087,91,86,5,5
76088,76,73,3,3
76089,64,64,0,0
76090,67,59,8,8
76091,135,116,19,19
76092,75,68,7,7
76093,110,94,16,16
76094,84,71,13,13
76095,77,65,12,12
76096,97,88,9,9
76097,85,81,4,4
76098,61,52,9,9
76099,86,77,9,9
76100,75,65,10,10
76101,83,100,-17,17
76102,168,146,22,22
76103,97,87,10,10
76104,64,61,3,3
76105,126,106,20,20
76106,85,80,5,5
76107,111,103,8,8
76108,87,76,11,11
76109,101,100,1,1
76110,162,107,55,55
76111,143,131,12,12
76112,123,104,19,19
76113,82,69,13,13
76114,101,87,14,14
76115,92,93,-1,1
76116,87,89,-2,2
76117,93,73,20,20
76118,100,97,3,3
76119,92,77,15,15
76120,85,67,18,18
76121,49,45,4,4
76122,79,81,-2,2
76123,58,51,7,7
76124,85,80,5,5
76125,61,55,6,6
76126,140,123,17,17
76127,127,118,9,9
76128,152,133,19,19
76129,67,57,10,10
76130,64,57,7,7
76131,136,122,14,14
76132,74,63,11,11
76133,100,81,19,19
76134,158,126,32,32
76135,80,77,3,3
76136,88,77,11,11
76137,110,105,5,5
76138,74,60,14,14
76139,116,107,9,9
76140,82,68,14,14
76141,117,99,18,18
76142,81,71,10,10
76143,74,67,7,7
76144,104,93,11,11
76145,147,120,27,27
76146,82,69,13,13
76147,50,45,5,5
76148,180,150,30,30
76149,182,166,16,16
76150,63,67,-4,4
76151,190,148,42,42
76152,122,123,-1,1
76153,99,83,16,16
76154,66,63,3,3
76155,53,62,-9,9
76156,63,59,4,4
76157,125,122,3,3
76158,112,93,19,19
76159,85,77,8,8
76160,56,53,3,3
76161,85,75,10,10
76162,70,70,0,0
76163,83,79,4,4
76164,135,119,16,16
76165,57,49,8,8
76166,84,74,10,10
76167,90,93,-3,3
76168,59,58,1,1
76169,77,66,11,11
76170,64,55,9,9
76171,99,90,9,9
76172,109,93,16,16
76173,97,89,8,8
76174,92,77,15,15
76175,87,82,5,5
76176,42,38,4,4
76177,74,73,1,1
76178,162,160,2,2
76179,125,99,26,26
76180,178,163,15,15
76181,98,96,2,2
76182,89,85,4,4
76183,72,59,13,13
76184,78,67,11,11
76185,53,53,0,0
76186,85,68,17,17
76187,122,106,16,16
76188,101,95,6,6
76189,81,70,11,11
76190,128,84,44,44
76191,98,90,8,8
76192,154,147,7,7
76193,122,114,8,8
76194,63,54,9,9
76195,83,82,1,1
76196,98,89,9,9
76197,70,64,6,6
76198,89,92,-3,3
76199,111,109,2,2
76200,44,50,-6,6
76201,48,51,-3,3
76202,104,91,13,13
76203,106,94,12,12
76204,148,117,31,31
76205,128,118,10,10
76206,118,104,14,14
76207,105,83,22,22
76208,141,133,8,8
76209,115,93,22,22
76210,161,142,19,19
76211,71,83,-12,12
76212,149,127,22,22
76213,77,68,9,9
76214,117,99,18,18
76215,119,105,14,14
76216,116,95,21,21
76217,88,76,12,12
76218,107,96,11,11
76219,72,74,-2,2
76220,137,139,-2,2
76221,122,113,9,9
76222,126,114,12,12
76223,50,52,-2,2
76224,119,93,26,26
76225,79,64,15,15
76226,124,116,8,8
76227,128,115,13,13
76228,132,107,25,25
76229,90,77,13,13
76230,95,87,8,8
76231,97,79,18,18
76232,63,60,3,3
76233,109,93,16,16
76234,133,129,4,4
76235,104,93,11,11
76236,35,67,-32,32
76237,72,67,5,5
76238,65,64,1,1
76239,120,98,22,22
76240,135,139,-4,4
76241,130,108,22,22
76242,137,123,14,14
76243,81,70,11,11
76244,83,77,6,6
76245,51,51,0,0
76246,77,73,4,4
76247,116,97,19,19
76248,72,70,2,2
76249,97,90,7,7
76250,78,64,14,14
76251,63,55,8,8
76252,130,121,9,9
76253,158,136,22,22
76254,75,73,2,2
76255,76,66,10,10
76256,101,90,11,11
76257,44,46,-2,2
76258,74,65,9,9
76259,98,81,17,17
76260,134,124,10,10
76261,104,90,14,14
76262,88,78,10,10
76263,179,147,32,32
76264,46,47,-1,1
76265,141,126,15,15
76266,91,72,19,19
76267,72,66,6,6
76268,82,72,10,10
76269,73,66,7,7
76270,139,118,21,21
76271,124,107,17,17
76272,100,82,18,18
76273,98,85,13,13
76274,80,71,9,9
76275,97,103,-6,6
76276,62,60,2,2
76277,136,120,16,16
76278,93,78,15,15
76279,104,93,11,11
76280,158,137,21,21
76281,105,89,16,16
76282,82,62,20,20
76283,150,133,17,17
76284,161,134,27,27
76285,68,59,9,9
76286,97,90,7,7
76287,106,91,15,15
76288,75,63,12,12
76289,95,84,11,11
76290,84,75,9,9
76291,144,115,29,29
76292,115,103,12,12
76293,45,47,-2,2
76294,99,85,14,14
76295,91,79,12,12
76296,75,61,14,14
76297,134,108,26,26
76298,69,59,10,10
76299,74,66,8,8
76300,53,50,3,3
76301,74,69,5,5
76302,95,85,10,10
76303,54,53,1,1
76304,96,83,13,13
76305,93,82,11,11
76306,108,96,12,12
76307,104,105,-1,1
76308,80,70,10,10
76309,87,70,17,17
76310,98,94,4,4
76311,60,58,2,2
76312,65,61,4,4
76313,75,74,1,1
76314,80,79,1,1
76315,81,81,0,0
76316,123,103,20,20
76317,89,86,3,3
76318,142,124,18,18
76319,64,55,9,9
76320,100,92,8,8
76321,45,48,-3,3
76322,118,97,21,21
76323,73,68,5,5
76324,74,68,6,6
76325,102,96,6,6
76326,66,69,-3,3
76327,120,112,8,8
76328,57,50,7,7
76329,149,120,29,29
76330,131,120,11,11
76331,81,67,14,14
76332,61,55,6,6
76333,89,80,9,9
76334,66,56,10,10
76335,64,59,5,5
76336,76,72,4,4
76337,124,105,19,19
76338,48,52,-4,4
76339,68,61,7,7
76340,100,92,8,8
76341,96,86,10,10
76342,50,41,9,9
76343,85,79,6,6
76344,85,77,8,8
76345,61,58,3,3
76346,91,71,20,20
76347,72,63,9,9
76348,129,104,25,25
76349,104,89,15,15
76350,54,57,-3,3
76351,53,49,4,4
76352,105,102,3,3
76353,91,94,-3,3
76354,66,66,0,0
76355,59,53,6,6
76356,118,104,14,14
76357,109,104,5,5
76358,63,59,4,4
76359,63,50,13,13
76360,68,61,7,7
76361,166,158,8,8
76362,84,71,13,13
76363,66,56,10,10
76364,100,99,1,1
76365,104,87,17,17
76366,65,59,6,6
76367,57,53,4,4
76368,99,86,13,13
76369,96,101,-5,5
76370,71,61,10,10
76371,57,56,1,1
76372,105,100,5,5
76373,88,74,14,14
76374,54,50,4,4
76375,181,147,34,34
76376,100,89,11,11
76377,103,90,13,13
76378,138,114,24,24
76379,65,64,1,1
76380,71,65,6,6
76381,70,62,8,8
76382,72,63,9,9
76383,66,55,11,11
76384,79,69,10,10
76385,169,150,19,19
76386,129,108,21,21
76387,129,97,32,32
76388,63,55,8,8
76389,92,80,12,12
76390,109,98,11,11
76391,58,54,4,4
76392,108,88,20,20
76393,107,87,20,20
76394,162,140,22,22
76395,57,52,5,5
76396,109,104,5,5
76397,86,76,10,10
76398,91,75,16,16
76399,89,71,18,18
76400,93,87,6,6
76401,70,63,7,7
76402,73,66,7,7
76403,71,61,10,10
76404,59,50,9,9
76405,166,148,18,18
76406,71,57,14,14
76407,71,56,15,15
76408,132,105,27,27
76409,103,99,4,4
76410,114,94,20,20
76411,103,100,3,3
76412,98,86,12,12
76413,92,75,17,17
76414,102,99,3,3
76415,113,106,7,7
76416,130,137,-7,7
76417,56,57,-1,1
76418,127,108,19,19
76419,53,59,-6,6
76420,129,113,16,16
76421,93,82,11,11
76422,133,110,23,23
76423,93,80,13,13
76424,92,82,10,10
76425,45,47,-2,2
76426,96,78,18,18
76427,104,111,-7,7
76428,65,57,8,8
76429,114,95,19,19
76430,52,46,6,6
76431,80,73,7,7
76432,135,118,17,17
76433,78,93,-15,15
76434,69,61,8,8
76435,61,51,10,10
76436,75,63,12,12
76437,131,120,11,11
76438,108,106,2,2
76439,96,85,11,11
76440,178,149,29,29
76441,171,156,15,15
76442,81,68,13,13
76443,91,75,16,16
76444,69,67,2,2
76445,146,121,25,25
76446,111,88,23,23
76447,65,58,7,7
76448,86,74,12,12
76449,79,83,-4,4
76450,108,88,20,20
76451,94,85,9,9
76452,107,95,12,12
76453,100,84,16,16
76454,121,101,20,20
76455,144,137,7,7
76456,66,61,5,5
76457,40,40,0,0
76458,99,91,8,8
76459,32,38,-6,6
76460,69,62,7,7
76461,145,128,17,17
76462,76,73,3,3
76463,85,74,11,11
76464,53,50,3,3
76465,27,27,0,0
76466,55,60,-5,5
76467,41,36,5,5
76468,57,55,2,2
76469,83,61,22,22
76470,77,65,12,12
76471,85,84,1,1
76472,118,94,24,24
76473,55,52,3,3
76474,62,56,6,6
76475,111,98,13,13
76476,108,94,14,14
76477,89,83,6,6
76478,97,81,16,16
76479,94,89,5,5
76480,61,57,4,4
76481,82,80,2,2
76482,83,79,4,4
76483,140,119,21,21
76484,152,118,34,34
76485,86,69,17,17
76486,33,34,-1,1
76487,88,77,11,11
76488,71,61,10,10
76489,97,102,-5,5
76490,81,78,3,3
76491,129,111,18,18
76492,55,52,3,3
76493,122,112,10,10
76494,103,100,3,3
76495,98,83,15,15
76496,89,74,15,15
76497,87,73,14,14
76498,79,76,3,3
76499,98,98,0,0
76500,49,49,0,0
76501,82,73,9,9
76502,120,108,12,12
76503,108,96,12,12
76504,169,140,29,29
76505,161,140,21,21
76506,134,124,10,10
76507,96,89,7,7
76508,56,49,7,7
76509,101,96,5,5
76510,86,84,2,2
76511,82,77,5,5
76512,85,80,5,5
76513,79,68,11,11
76514,78,74,4,4
76515,105,85,20,20
76516,142,123,19,19
76517,65,66,-1,1
76518,57,57,0,0
76519,81,72,9,9
76520,139,102,37,37
76521,84,71,13,13
76522,81,73,8,8
76523,154,120,34,34
76524,147,121,26,26
76525,153,129,24,24
76526,73,69,4,4
76527,141,124,17,17
76528,43,44,-1,1
76529,101,87,14,14
76530,42,46,-4,4
76531,78,71,7,7
76532,97,100,-3,3
76533,65,62,3,3
76534,58,55,3,3
76535,79,79,0,0
76536,95,85,10,10
76537,105,107,-2,2
76538,37,40,-3,3
76539,82,81,1,1
76540,130,112,18,18
76541,99,97,2,2
76542,125,92,33,33
76543,51,54,-3,3
76544,87,76,11,11
76545,147,137,10,10
76546,61,53,8,8
76547,122,111,11,11
76548,70,69,1,1
76549,81,65,16,16
76550,93,81,12,12
76551,136,121,15,15
76552,61,58,3,3
76553,75,74,1,1
76554,118,94,24,24
76555,110,101,9,9
76556,153,144,9,9
76557,57,51,6,6
76558,128,105,23,23
76559,118,97,21,21
76560,81,80,1,1
76561,82,70,12,12
76562,126,111,15,15
76563,110,93,17,17
76564,91,85,6,6
76565,106,79,27,27
76566,92,76,16,16
76567,74,72,2,2
76568,119,104,15,15
76569,47,44,3,3
76570,81,79,2,2
76571,101,84,17,17
76572,91,80,11,11
76573,68,62,6,6
76574,119,103,16,16
76575,90,79,11,11
76576,104,96,8,8
76577,80,75,5,5
76578,84,80,4,4
76579,132,109,23,23
76580,32,59,-27,27
76581,139,119,20,20
76582,85,71,14,14
76583,83,72,11,11
76584,55,51,4,4
76585,98,98,0,0
76586,177,156,21,21
76587,81,76,5,5
76588,90,87,3,3
76589,133,109,24,24
76590,85,60,25,25
76591,58,49,9,9
76592,133,116,17,17
76593,81,70,11,11
76594,149,125,24,24
76595,107,94,13,13
76596,113,85,28,28
76597,108,88,20,20
76598,93,80,13,13
76599,100,80,20,20
76600,66,62,4,4
76601,109,92,17,17
76602,77,79,-2,2
76603,208,161,47,47
76604,79,77,2,2
76605,74,61,13,13
76606,74,64,10,10
76607,131,111,20,20
76608,127,104,23,23
76609,77,67,10,10
76610,100,71,29,29
76611,82,102,-20,20
76612,100,93,7,7
76613,65,63,2,2
76614,97,92,5,5
76615,146,119,27,27
76616,99,77,22,22
76617,117,95,22,22
76618,71,66,5,5
76619,60,49,11,11
76620,75,68,7,7
76621,46,40,6,6
76622,121,96,25,25
76623,55,49,6,6
76624,119,112,7,7
76625,178,154,24,24
76626,131,115,16,16
76627,123,108,15,15
76628,99,88,11,11
76629,164,141,23,23
76630,69,64,5,5
76631,55,50,5,5
76632,148,135,13,13
76633,67,57,10,10
76634,138,123,15,15
76635,115,96,19,19
76636,134,114,20,20
76637,91,89,2,2
76638,94,82,12,12
76639,114,99,15,15
76640,92,81,11,11
76641,98,94,4,4
76642,41,35,6,6
76643,49,49,0,0
76644,59,61,-2,2
76645,90,77,13,13
76646,165,137,28,28
76647,53,50,3,3
76648,67,61,6,6
76649,77,65,12,12
76650,87,74,13,13
76651,65,57,8,8
76652,133,116,17,17
76653,98,84,14,14
76654,103,92,11,11
76655,85,74,11,11
76656,153,129,24,24
76657,85,68,17,17
76658,126,117,9,9
76659,102,101,1,1
76660,115,101,14,14
76661,78,80,-2,2
76662,152,139,13,13
76663,72,65,7,7
76664,65,57,8,8
76665,71,63,8,8
76666,134,123,11,11
76667,104,93,11,11
76668,54,55,-1,1
76669,133,110,23,23
76670,99,76,23,23
76671,69,62,7,7
76672,169,150,19,19
76673,94,86,8,8
76674,106,101,5,5
76675,86,80,6,6
76676,107,92,15,15
76677,52,52,0,0
76678,71,68,3,3
76679,87,73,14,14
76680,155,145,10,10
76681,58,55,3,3
76682,144,119,25,25
76683,111,94,17,17
76684,90,80,10,10
76685,74,55,19,19
76686,100,82,18,18
76687,112,98,14,14
76688,117,104,13,13
76689,48,80,-32,32
76690,107,84,23,23
76691,144,127,17,17
76692,86,69,17,17
76693,101,85,16,16
76694,94,84,10,10
76695,129,104,25,25
76696,132,120,12,12
76697,61,56,5,5
76698,103,98,5,5
76699,104,87,17,17
76700,135,103,32,32
76701,76,70,6,6
76702,112,105,7,7
76703,114,86,28,28
76704,69,56,13,13
76705,92,72,20,20
76706,80,73,7,7
76707,139,115,24,24
76708,76,66,10,10
76709,71,59,12,12
76710,100,90,10,10
76711,106,88,18,18
76712,145,125,20,20
76713,76,76,0,0
76714,92,90,2,2
76715,49,42,7,7
76716,110,95,15,15
76717,92,85,7,7
76718,173,132,41,41
76719,98,88,10,10
76720,175,138,37,37
76721,75,76,-1,1
76722,103,79,24,24
76723,111,114,-3,3
76724,215,188,27,27
76725,131,111,20,20
76726,67,66,1,1
76727,127,122,5,5
76728,72,66,6,6
76729,43,61,-18,18
76730,65,59,6,6
76731,69,61,8,8
76732,149,141,8,8
76733,75,61,14,14
76734,81,72,9,9
76735,76,57,19,19
76736,53,58,-5,5
76737,79,78,1,1
76738,152,128,24,24
76739,97,89,8,8
76740,48,46,2,2
76741,107,98,9,9
76742,118,106,12,12
76743,78,66,12,12
76744,98,83,15,15
76745,121,102,19,19
76746,108,90,18,18
76747,59,52,7,7
76748,95,89,6,6
76749,98,89,9,9
76750,71,63,8,8
76751,76,67,9,9
76752,100,98,2,2
76753,70,62,8,8
76754,71,57,14,14
76755,94,67,27,27
76756,86,78,8,8
76757,102,98,4,4
76758,106,92,14,14
76759,74,73,1,1
76760,49,51,-2,2
76761,103,86,17,17
76762,70,66,4,4
76763,168,151,17,17
76764,66,64,2,2
76765,128,120,8,8
76766,110,97,13,13
76767,82,66,16,16
76768,92,74,18,18
76769,187,162,25,25
76770,101,106,-5,5
76771,47,43,4,4
76772,72,65,7,7
76773,77,69,8,8
76774,30,32,-2,2
76775,124,112,12,12
76776,218,170,48,48
76777,110,101,9,9
76778,106,98,8,8
76779,133,108,25,25
76780,88,67,21,21
76781,58,54,4,4
76782,184,149,35,35
76783,152,118,34,34
76784,87,83,4,4
76785,167,138,29,29
76786,93,88,5,5
76787,130,99,31,31
76788,96,77,19,19
76789,119,109,10,10
76790,81,71,10,10
76791,52,46,6,6
76792,66,55,11,11
76793,102,98,4,4
76794,76,65,11,11
76795,117,92,25,25
76796,98,84,14,14
76797,81,73,8,8
76798,99,94,5,5
76799,81,66,15,15
76800,64,64,0,0
76801,139,128,11,11
76802,84,77,7,7
76803,68,60,8,8
76804,42,38,4,4
76805,73,59,14,14
76806,158,111,47,47
76807,101,92,9,9
76808,122,103,19,19
76809,76,78,-2,2
76810,129,136,-7,7
76811,99,80,19,19
76812,71,58,13,13
76813,80,71,9,9
76814,141,117,24,24
76815,48,43,5,5
76816,146,124,22,22
76817,83,77,6,6
76818,102,91,11,11
76819,87,78,9,9
76820,83,68,15,15
76821,63,63,0,0
76822,89,79,10,10
76823,142,118,24,24
76824,90,87,3,3
76825,97,82,15,15
76826,130,112,18,18
76827,88,75,13,13
76828,146,134,12,12
76829,118,96,22,22
76830,124,105,19,19
76831,108,107,1,1
76832,53,53,0,0
76833,78,70,8,8
76834,54,50,4,4
76835,121,100,21,21
76836,105,104,1,1
76837,47,53,-6,6
76838,58,50,8,8
76839,126,102,24,24
76840,165,134,31,31
76841,118,103,15,15
76842,54,52,2,2
76843,98,85,13,13
76844,39,34,5,5
76845,88,85,3,3
76846,85,78,7,7
76847,92,90,2,2
76848,101,90,11,11
76849,69,69,0,0
76850,70,60,10,10
76851,57,83,-26,26
76852,89,79,10,10
76853,165,142,23,23
76854,88,80,8,8
76855,142,121,21,21
76856,109,103,6,6
76857,105,94,11,11
76858,94,87,7,7
76859,124,107,17,17
76860,119,102,17,17
76861,41,40,1,1
76862,102,90,12,12
76863,90,65,25,25
76864,126,114,12,12
76865,59,65,-6,6
76866,74,66,8,8
76867,104,99,5,5
76868,101,89,12,12
76869,102,89,13,13
76870,123,113,10,10
76871,90,79,11,11
76872,85,71,14,14
76873,85,84,1,1
76874,57,51,6,6
76875,73,68,5,5
76876,73,69,4,4
76877,106,102,4,4
76878,47,41,6,6
76879,91,86,5,5
76880,93,74,19,19
76881,63,62,1,1
76882,80,69,11,11
76883,71,64,7,7
76884,92,78,14,14
76885,125,108,17,17
76886,82,83,-1,1
76887,97,91,6,6
76888,59,48,11,11
76889,125,121,4,4
76890,115,94,21,21
76891,103,89,14,14
76892,97,86,11,11
76893,89,78,11,11
76894,78,70,8,8
76895,159,131,28,28
76896,117,112,5,5
76897,100,83,17,17
76898,104,93,11,11
76899,97,95,2,2
76900,114,93,21,21
76901,118,114,4,4
76902,99,74,25,25
76903,98,81,17,17
76904,114,104,10,10
76905,99,88,11,11
76906,95,84,11,11
76907,68,66,2,2
76908,119,102,17,17
76909,125,105,20,20
76910,74,68,6,6
76911,97,81,16,16
76912,101,88,13,13
76913,157,139,18,18
76914,141,121,20,20
76915,132,120,12,12
76916,104,93,11,11
76917,85,79,6,6
76918,110,99,11,11
76919,91,92,-1,1
76920,53,46,7,7
76921,81,73,8,8
76922,78,72,6,6
76923,79,81,-2,2
76924,73,62,11,11
76925,81,75,6,6
76926,89,76,13,13
76927,78,68,10,10
76928,122,97,25,25
76929,64,62,2,2
76930,52,46,6,6
76931,87,83,4,4
76932,134,121,13,13
76933,104,87,17,17
76934,116,109,7,7
76935,102,96,6,6
76936,160,132,28,28
76937,83,69,14,14
76938,159,150,9,9
76939,130,125,5,5
76940,92,79,13,13
76941,95,82,13,13
76942,179,168,11,11
76943,132,100,32,32
76944,53,48,5,5
76945,100,89,11,11
76946,105,85,20,20
76947,77,70,7,7
76948,115,102,13,13
76949,126,114,12,12
76950,91,82,9,9
76951,79,72,7,7
76952,40,43,-3,3
76953,128,111,17,17
76954,145,129,16,16
76955,153,125,28,28
76956,81,69,12,12
76957,113,109,4,4
76958,138,110,28,28
76959,100,93,7,7
76960,77,63,14,14
76961,71,65,6,6
76962,110,98,12,12
76963,118,103,15,15
76964,137,125,12,12
76965,94,84,10,10
76966,65,59,6,6
76967,52,61,-9,9
76968,74,68,6,6
76969,68,57,11,11
76970,101,93,8,8
76971,104,91,13,13
76972,138,117,21,21
76973,71,62,9,9
76974,140,113,27,27
76975,83,73,10,10
76976,91,81,10,10
76977,125,104,21,21
76978,77,74,3,3
76979,63,55,8,8
76980,116,100,16,16
76981,102,90,12,12
76982,121,115,6,6
76983,116,100,16,16
76984,181,158,23,23
76985,112,108,4,4
76986,151,142,9,9
76987,127,109,18,18
76988,87,77,10,10
76989,123,108,15,15
76990,74,76,-2,2
76991,161,140,21,21
76992,48,45,3,3
76993,207,176,31,31
76994,124,114,10,10
76995,91,90,1,1
76996,104,93,11,11
76997,118,109,9,9
76998,112,99,13,13
76999,70,63,7,7
77000,76,63,13,13
77001,133,110,23,23
77002,79,64,15,15
77003,56,59,-3,3
77004,111,119,-8,8
77005,48,49,-1,1
77006,80,61,19,19
77007,144,125,19,19
77008,39,34,5,5
77009,91,83,8,8
77010,97,85,12,12
77011,93,76,17,17
77012,142,122,20,20
77013,116,102,14,14
77014,86,82,4,4
77015,128,119,9,9
77016,101,97,4,4
77017,53,53,0,0
77018,153,132,21,21
77019,69,70,-1,1
77020,101,83,18,18
77021,146,133,13,13
77022,107,95,12,12
77023,86,77,9,9
77024,44,46,-2,2
77025,64,63,1,1
77026,90,64,26,26
77027,69,64,5,5
77028,78,79,-1,1
77029,141,123,18,18
77030,54,43,11,11
77031,61,50,11,11
77032,140,113,27,27
77033,158,126,32,32
77034,96,81,15,15
77035,159,139,20,20
77036,155,122,33,33
77037,152,127,25,25
77038,62,50,12,12
77039,84,68,16,16
77040,197,167,30,30
77041,123,109,14,14
77042,80,74,6,6
77043,25,20,5,5
77044,140,129,11,11
77045,65,65,0,0
77046,67,88,-21,21
77047,62,61,1,1
77048,71,61,10,10
77049,138,124,14,14
77050,73,65,8,8
77051,84,78,6,6
77052,227,178,49,49
77053,97,81,16,16
77054,47,44,3,3
77055,74,69,5,5
77056,75,70,5,5
77057,64,60,4,4
77058,107,96,11,11
77059,60,52,8,8
77060,70,64,6,6
77061,117,89,28,28
77062,110,105,5,5
77063,118,107,11,11
77064,86,76,10,10
77065,61,62,-1,1
77066,72,64,8,8
77067,153,127,26,26
77068,92,86,6,6
77069,117,106,11,11
77070,79,70,9,9
77071,111,90,21,21
77072,48,45,3,3
77073,71,57,14,14
77074,100,90,10,10
77075,90,75,15,15
77076,67,62,5,5
77077,111,97,14,14
77078,68,60,8,8
77079,113,94,19,19
77080,78,85,-7,7
77081,94,83,11,11
77082,86,80,6,6
77083,131,119,12,12
77084,142,115,27,27
77085,83,79,4,4
77086,62,70,-8,8
77087,74,58,16,16
77088,143,124,19,19
77089,163,145,18,18
77090,78,67,11,11
77091,42,38,4,4
77092,69,63,6,6
77093,68,61,7,7
77094,132,112,20,20
77095,59,51,8,8
77096,107,95,12,12
77097,107,98,9,9
77098,49,44,5,5
77099,114,100,14,14
77100,87,74,13,13
77101,103,75,28,28
77102,122,101,21,21
77103,114,103,11,11
77104,172,143,29,29
77105,69,64,5,5
77106,57,58,-1,1
77107,108,97,11,11
77108,80,87,-7,7
77109,70,68,2,2
77110,126,113,13,13
77111,102,85,17,17
77112,45,45,0,0
77113,72,60,12,12
77114,174,139,35,35
77115,101,95,6,6
77116,53,47,6,6
77117,71,62,9,9
77118,157,150,7,7
77119,139,117,22,22
77120,116,94,22,22
77121,86,69,17,17
77122,96,80,16,16
77123,107,100,7,7
77124,98,96,2,2
77125,89,83,6,6
77126,117,113,4,4
77127,108,95,13,13
77128,54,50,4,4
77129,116,105,11,11
77130,111,99,12,12
77131,139,129,10,10
77132,74,66,8,8
77133,117,109,8,8
77134,106,101,5,5
77135,158,125,33,33
77136,97,87,10,10
77137,70,59,11,11
77138,106,97,9,9
77139,82,68,14,14
77140,141,112,29,29
77141,132,114,18,18
77142,114,93,21,21
77143,145,123,22,22
77144,56,55,1,1
77145,109,86,23,23
77146,131,105,26,26
77147,154,102,52,52
77148,73,62,11,11
77149,63,62,1,1
77150,134,131,3,3
77151,91,73,18,18
77152,127,107,20,20
77153,42,41,1,1
77154,101,95,6,6
77155,52,45,7,7
77156,143,129,14,14
77157,92,78,14,14
77158,84,73,11,11
77159,101,100,1,1
77160,117,104,13,13
77161,85,74,11,11
77162,52,51,1,1
77163,74,59,15,15
77164,78,59,19,19
77165,64,56,8,8
77166,90,82,8,8
77167,59,60,-1,1
77168,53,56,-3,3
77169,94,87,7,7
77170,77,69,8,8
77171,108,85,23,23
77172,138,118,20,20
77173,83,77,6,6
77174,150,121,29,29
77175,108,93,15,15
77176,64,58,6,6
77177,101,101,0,0
77178,92,76,16,16
77179,150,125,25,25
77180,133,118,15,15
77181,42,46,-4,4
77182,43,42,1,1
77183,63,56,7,7
77184,82,77,5,5
77185,56,46,10,10
77186,101,101,0,0
77187,65,71,-6,6
77188,112,97,15,15
77189,50,47,3,3
77190,130,110,20,20
77191,88,87,1,1
77192,74,62,12,12
77193,129,121,8,8
77194,57,60,-3,3
77195,110,97,13,13
77196,99,93,6,6
77197,77,64,13,13
77198,117,103,14,14
77199,107,90,17,17
77200,62,53,9,9
77201,75,69,6,6
77202,97,93,4,4
77203,54,53,1,1
77204,80,68,12,12
77205,84,73,11,11
77206,52,46,6,6
77207,106,94,12,12
77208,99,103,-4,4
77209,92,77,15,15
77210,53,51,2,2
77211,135,121,14,14
77212,116,89,27,27
77213,96,91,5,5
77214,116,101,15,15
77215,90,78,12,12
77216,187,141,46,46
77217,55,83,-28,28
77218,48,42,6,6
77219,77,74,3,3
77220,74,68,6,6
77221,97,95,2,2
77222,159,138,21,21
77223,127,111,16,16
77224,83,74,9,9
77225,67,61,6,6
77226,103,83,20,20
77227,68,53,15,15
77228,75,64,11,11
77229,88,79,9,9
77230,82,106,-24,24
77231,128,106,22,22
77232,177,146,31,31
77233,140,120,20,20
77234,108,81,27,27
77235,59,50,9,9
77236,97,88,9,9
77237,105,94,11,11
77238,59,53,6,6
77239,74,66,8,8
77240,63,55,8,8
77241,53,47,6,6
77242,67,61,6,6
77243,88,77,11,11
77244,116,103,13,13
77245,141,129,12,12
77246,123,112,11,11
77247,111,98,13,13
77248,89,80,9,9
77249,112,103,9,9
77250,118,105,13,13
77251,51,49,2,2
77252,165,143,22,22
77253,70,67,3,3
77254,92,75,17,17
77255,156,120,36,36
77256,160,126,34,34
77257,64,57,7,7
77258,137,123,14,14
77259,93,79,14,14
77260,124,114,10,10
77261,77,71,6,6
77262,128,114,14,14
77263,79,61,18,18
77264,61,64,-3,3
77265,112,93,19,19
77266,45,41,4,4
77267,67,56,11,11
77268,126,112,14,14
77269,92,79,13,13
77270,74,70,4,4
77271,67,67,0,0
77272,105,90,15,15
77273,167,152,15,15
77274,131,113,18,18
77275,84,116,-32,32
77276,110,108,2,2
77277,72,68,4,4
77278,71,103,-32,32
77279,115,107,8,8
77280,159,137,22,22
77281,82,84,-2,2
77282,100,100,0,0
77283,70,57,13,13
77284,104,97,7,7
77285,49,41,8,8
77286,104,94,10,10
77287,101,97,4,4
77288,66,63,3,3
77289,87,78,9,9
77290,85,84,1,1
77291,124,121,3,3
77292,121,100,21,21
77293,97,82,15,15
77294,63,56,7,7
77295,93,84,9,9
77296,79,65,14,14
77297,49,43,6,6
77298,95,85,10,10
77299,76,70,6,6
77300,133,117,16,16
77301,66,62,4,4
77302,85,78,7,7
77303,228,234,-6,6
77304,124,119,5,5
77305,90,72,18,18
77306,95,83,12,12
77307,54,53,1,1
77308,82,74,8,8
77309,155,128,27,27
77310,173,147,26,26
77311,171,139,32,32
77312,42,51,-9,9
77313,141,124,17,17
77314,92,76,16,16
77315,94,81,13,13
77316,82,77,5,5
77317,132,112,20,20
77318,124,105,19,19
77319,94,80,14,14
77320,60,56,4,4
77321,58,58,0,0
77322,102,98,4,4
77323,112,98,14,14
77324,121,105,16,16
77325,133,125,8,8
77326,54,62,-8,8
77327,105,100,5,5
77328,82,76,6,6
77329,104,86,18,18
77330,91,76,15,15
77331,103,99,4,4
77332,96,94,2,2
77333,147,143,4,4
77334,95,86,9,9
77335,111,107,4,4
77336,106,98,8,8
77337,59,53,6,6
77338,77,64,13,13
77339,97,75,22,22
77340,73,55,18,18
77341,105,89,16,16
77342,122,103,19,19
77343,55,56,-1,1
77344,108,98,10,10
77345,59,50,9,9
77346,124,113,11,11
77347,116,111,5,5
77348,100,85,15,15
77349,76,72,4,4
77350,102,85,17,17
77351,95,92,3,3
77352,138,115,23,23
77353,119,106,13,13
77354,78,72,6,6
77355,108,99,9,9
77356,34,34,0,0
77357,105,95,10,10
77358,120,103,17,17
77359,91,82,9,9
77360,103,103,0,0
77361,75,67,8,8
77362,176,141,35,35
77363,85,71,14,14
77364,75,67,8,8
77365,103,94,9,9
77366,81,74,7,7
77367,105,102,3,3
77368,50,52,-2,2
77369,118,104,14,14
77370,163,142,21,21
77371,137,115,22,22
77372,167,151,16,16
77373,116,104,12,12
77374,52,49,3,3
77375,115,97,18,18
77376,188,174,14,14
77377,187,154,33,33
77378,84,73,11,11
77379,124,107,17,17
77380,95,85,10,10
77381,79,77,2,2
77382,72,59,13,13
77383,68,60,8,8
77384,116,103,13,13
77385,83,94,-11,11
77386,94,80,14,14
77387,63,56,7,7
77388,200,184,16,16
77389,61,57,4,4
77390,148,125,23,23
77391,56,52,4,4
77392,110,99,11,11
77393,94,86,8,8
77394,59,63,-4,4
77395,76,64,12,12
77396,67,67,0,0
77397,102,95,7,7
77398,165,133,32,32
77399,79,72,7,7
77400,74,61,13,13
77401,136,114,22,22
77402,116,96,20,20
77403,95,91,4,4
77404,112,100,12,12
77405,65,64,1,1
77406,43,41,2,2
77407,92,80,12,12
77408,48,47,1,1
77409,75,68,7,7
77410,118,106,12,12
77411,99,86,13,13
77412,101,86,15,15
77413,41,56,-15,15
77414,78,76,2,2
77415,129,105,24,24
77416,109,103,6,6
77417,81,71,10,10
77418,167,142,25,25
77419,55,68,-13,13
77420,202,164,38,38
77421,118,101,17,17
77422,122,112,10,10
77423,67,60,7,7
77424,67,59,8,8
77425,54,50,4,4
77426,54,53,1,1
77427,89,85,4,4
77428,107,93,14,14
77429,94,84,10,10
77430,72,59,13,13
77431,127,118,9,9
77432,84,86,-2,2
77433,64,59,5,5
77434,96,86,10,10
77435,116,100,16,16
77436,127,113,14,14
77437,128,107,21,21
77438,118,118,0,0
77439,62,58,4,4
77440,73,58,15,15
77441,36,36,0,0
77442,165,127,38,38
77443,100,97,3,3
77444,65,61,4,4
77445,75,71,4,4
77446,75,79,-4,4
77447,97,92,5,5
77448,93,94,-1,1
77449,57,54,3,3
77450,59,53,6,6
77451,85,73,12,12
77452,99,99,0,0
77453,87,80,7,7
77454,102,102,0,0
77455,75,70,5,5
77456,92,83,9,9
77457,79,79,0,0
77458,50,52,-2,2
77459,48,48,0,0
77460,217,167,50,50
77461,132,110,22,22
77462,101,90,11,11
77463,82,73,9,9
77464,116,106,10,10
77465,112,90,22,22
77466,66,70,-4,4
77467,81,79,2,2
77468,56,51,5,5
77469,97,79,18,18
77470,84,69,15,15
77471,37,37,0,0
77472,74,64,10,10
77473,127,111,16,16
77474,54,52,2,2
77475,80,68,12,12
77476,57,49,8,8
77477,106,73,33,33
77478,91,80,11,11
77479,103,92,11,11
77480,114,90,24,24
77481,131,120,11,11
77482,85,73,12,12
77483,85,79,6,6
77484,93,86,7,7
77485,74,58,16,16
77486,88,82,6,6
77487,52,46,6,6
77488,41,34,7,7
77489,82,73,9,9
77490,112,99,13,13
77491,67,58,9,9
77492,69,71,-2,2
77493,150,121,29,29
77494,93,86,7,7
77495,63,54,9,9
77496,95,78,17,17
77497,46,44,2,2
77498,72,64,8,8
77499,77,73,4,4
77500,87,83,4,4
77501,121,112,9,9
77502,149,124,25,25
77503,82,64,18,18
77504,57,48,9,9
77505,127,101,26,26
77506,103,85,18,18
77507,96,85,11,11
77508,82,69,13,13
77509,161,138,23,23
77510,133,116,17,17
77511,73,63,10,10
77512,71,55,16,16
77513,168,150,18,18
77514,137,122,15,15
77515,72,60,12,12
77516,77,72,5,5
77517,114,102,12,12
77518,115,100,15,15
77519,70,58,12,12
77520,78,73,5,5
77521,118,110,8,8
77522,88,76,12,12
77523,81,69,12,12
77524,118,107,11,11
77525,60,51,9,9
77526,98,89,9,9
77527,99,77,22,22
77528,55,51,4,4
77529,100,87,13,13
77530,75,70,5,5
77531,77,63,14,14
77532,139,126,13,13
77533,99,82,17,17
77534,106,97,9,9
77535,92,88,4,4
77536,87,78,9,9
77537,55,55,0,0
77538,89,87,2,2
77539,106,102,4,4
77540,161,148,13,13
77541,72,66,6,6
77542,119,95,24,24
77543,90,74,16,16
77544,110,96,14,14
77545,51,50,1,1
77546,63,60,3,3
77547,42,41,1,1
77548,85,71,14,14
77549,144,124,20,20
77550,69,68,1,1
77551,43,42,1,1
77552,94,90,4,4
77553,178,167,11,11
77554,80,71,9,9
77555,65,60,5,5
77556,62,58,4,4
77557,62,55,7,7
77558,144,134,10,10
77559,102,89,13,13
77560,104,92,12,12
77561,45,48,-3,3
77562,57,52,5,5
77563,132,95,37,37
77564,105,90,15,15
77565,99,89,10,10
77566,60,62,-2,2
77567,72,66,6,6
77568,122,114,8,8
77569,141,124,17,17
77570,94,80,14,14
77571,89,86,3,3
77572,43,47,-4,4
77573,160,135,25,25
77574,84,66,18,18
77575,84,73,11,11
77576,90,87,3,3
77577,68,61,7,7
77578,189,161,28,28
77579,77,77,0,0
77580,59,58,1,1
77581,139,127,12,12
77582,98,88,10,10
77583,147,122,25,25
77584,158,121,37,37
77585,97,81,16,16
77586,109,100,9,9
77587,112,97,15,15
77588,74,65,9,9
77589,155,130,25,25
77590,75,66,9,9
77591,129,110,19,19
77592,189,166,23,23
77593,98,91,7,7
77594,68,63,5,5
77595,100,90,10,10
77596,136,108,28,28
77597,144,125,19,19
77598,123,112,11,11
77599,60,52,8,8
77600,131,111,20,20
77601,74,72,2,2
77602,148,106,42,42
77603,112,93,19,19
77604,60,59,1,1
77605,89,76,13,13
77606,83,81,2,2
77607,100,82,18,18
77608,70,65,5,5
77609,119,114,5,5
77610,52,55,-3,3
77611,72,66,6,6
77612,127,112,15,15
77613,82,75,7,7
77614,65,55,10,10
77615,75,62,13,13
77616,65,58,7,7
77617,80,88,-8,8
77618,95,107,-12,12
77619,74,72,2,2
77620,107,94,13,13
77621,63,60,3,3
77622,117,102,15,15
77623,83,64,19,19
77624,74,63,11,11
77625,56,46,10,10
77626,143,135,8,8
77627,61,63,-2,2
77628,92,87,5,5
77629,147,143,4,4
77630,68,70,-2,2
77631,95,82,13,13
77632,80,77,3,3
77633,129,107,22,22
77634,133,134,-1,1
77635,47,41,6,6
77636,65,52,13,13
77637,85,72,13,13
77638,100,85,15,15
77639,113,96,17,17
77640,104,88,16,16
77641,70,60,10,10
77642,16,16,0,0
77643,102,88,14,14
77644,125,99,26,26
77645,83,77,6,6
77646,114,90,24,24
77647,150,134,16,16
77648,164,138,26,26
77649,97,87,10,10
77650,71,62,9,9
77651,78,69,9,9
77652,128,109,19,19
77653,111,93,18,18
77654,78,66,12,12
77655,83,73,10,10
77656,84,70,14,14
77657,81,73,8,8
77658,103,101,2,2
77659,91,85,6,6
77660,79,69,10,10
77661,84,76,8,8
77662,143,109,34,34
77663,97,83,14,14
77664,85,76,9,9
77665,120,99,21,21
77666,88,89,-1,1
77667,114,91,23,23
77668,116,98,18,18
77669,72,73,-1,1
77670,101,84,17,17
77671,129,113,16,16
77672,119,97,22,22
77673,86,79,7,7
77674,75,73,2,2
77675,76,64,12,12
77676,84,69,15,15
77677,75,69,6,6
77678,124,109,15,15
77679,177,171,6,6
77680,75,66,9,9
77681,117,107,10,10
77682,99,120,-21,21
77683,50,44,6,6
77684,70,72,-2,2
77685,115,99,16,16
77686,60,54,6,6
77687,96,82,14,14
77688,142,127,15,15
77689,87,72,15,15
77690,112,102,10,10
77691,116,94,22,22
77692,56,51,5,5
77693,158,142,16,16
77694,188,161,27,27
77695,181,150,31,31
77696,104,80,24,24
77697,159,141,18,18
77698,122,116,6,6
77699,69,66,3,3
77700,105,88,17,17
77701,84,82,2,2
77702,80,70,10,10
77703,62,52,10,10
77704,75,65,10,10
77705,72,71,1,1
77706,86,73,13,13
77707,99,97,2,2
77708,59,54,5,5
77709,104,88,16,16
77710,78,70,8,8
77711,97,92,5,5
77712,129,109,20,20
77713,64,65,-1,1
77714,105,89,16,16
77715,93,77,16,16
77716,92,83,9,9
77717,40,35,5,5
77718,98,95,3,3
77719,132,121,11,11
77720,67,67,0,0
77721,51,73,-22,22
77722,81,84,-3,3
77723,142,127,15,15
77724,145,123,22,22
77725,72,59,13,13
77726,102,87,15,15
77727,87,74,13,13
77728,111,96,15,15
77729,80,69,11,11
77730,85,76,9,9
77731,144,118,26,26
77732,66,65,1,1
77733,98,82,16,16
77734,91,83,8,8
77735,61,59,2,2
77736,46,48,-2,2
77737,89,87,2,2
77738,105,86,19,19
77739,102,84,18,18
77740,100,91,9,9
77741,58,57,1,1
77742,116,106,10,10
77743,73,69,4,4
77744,96,85,11,11
77745,89,76,13,13
77746,79,74,5,5
77747,74,67,7,7
77748,100,80,20,20
77749,35,44,-9,9
77750,49,45,4,4
77751,79,69,10,10
77752,102,84,18,18
77753,104,75,29,29
77754,198,155,43,43
77755,136,112,24,24
77756,62,63,-1,1
77757,100,90,10,10
77758,89,78,11,11
77759,131,114,17,17
77760,82,72,10,10
77761,157,131,26,26
77762,71,63,8,8
77763,54,49,5,5
77764,115,106,9,9
77765,80,72,8,8
77766,69,61,8,8
77767,80,63,17,17
77768,89,80,9,9
77769,91,80,11,11
77770,171,132,39,39
77771,86,73,13,13
77772,120,109,11,11
77773,72,66,6,6
77774,67,58,9,9
77775,122,128,-6,6
77776,71,65,6,6
77777,119,105,14,14
77778,80,71,9,9
77779,110,91,19,19
77780,47,45,2,2
77781,193,155,38,38
77782,80,69,11,11
77783,52,50,2,2
77784,61,57,4,4
77785,90,82,8,8
77786,85,75,10,10
77787,74,65,9,9
77788,85,78,7,7
77789,125,132,-7,7
77790,150,128,22,22
77791,89,78,11,11
77792,93,81,12,12
77793,131,121,10,10
77794,66,63,3,3
77795,78,67,11,11
77796,151,135,16,16
77797,91,84,7,7
77798,75,72,3,3
77799,39,36,3,3
77800,54,46,8,8
77801,106,90,16,16
77802,128,119,9,9
77803,49,51,-2,2
77804,124,109,15,15
77805,76,68,8,8
77806,89,76,13,13
77807,48,38,10,10
77808,135,137,-2,2
77809,108,99,9,9
77810,113,91,22,22
77811,97,84,13,13
77812,155,139,16,16
77813,154,128,26,26
77814,118,96,22,22
77815,87,71,16,16
77816,56,55,1,1
77817,56,66,-10,10
77818,70,71,-1,1
77819,45,46,-1,1
77820,49,64,-15,15
77821,91,73,18,18
77822,76,64,12,12
77823,81,90,-9,9
77824,121,109,12,12
77825,109,96,13,13
77826,72,69,3,3
77827,75,69,6,6
77828,35,42,-7,7
77829,90,85,5,5
77830,132,116,16,16
77831,140,139,1,1
77832,75,72,3,3
77833,76,66,10,10
77834,111,118,-7,7
77835,92,89,3,3
77836,120,121,-1,1
77837,119,103,16,16
77838,78,76,2,2
77839,86,75,11,11
77840,60,60,0,0
77841,158,132,26,26
77842,94,76,18,18
77843,126,109,17,17
77844,112,89,23,23
77845,112,94,18,18
77846,73,68,5,5
77847,94,86,8,8
77848,133,113,20,20
77849,70,57,13,13
77850,83,68,15,15
77851,117,108,9,9
77852,104,92,12,12
77853,109,96,13,13
77854,173,134,39,39
77855,55,61,-6,6
77856,46,45,1,1
77857,36,36,0,0
77858,76,69,7,7
77859,136,116,20,20
77860,102,89,13,13
77861,110,97,13,13
77862,94,80,14,14
77863,80,71,9,9
77864,149,126,23,23
77865,249,210,39,39
77866,150,138,12,12
77867,49,51,-2,2
77868,58,50,8,8
77869,54,47,7,7
77870,83,64,19,19
77871,119,97,22,22
77872,58,55,3,3
77873,123,101,22,22
77874,125,104,21,21
77875,115,107,8,8
77876,74,75,-1,1
77877,71,59,12,12
77878,162,128,34,34
77879,96,87,9,9
77880,63,56,7,7
77881,87,82,5,5
77882,74,56,18,18
77883,70,79,-9,9
77884,114,105,9,9
77885,72,61,11,11
77886,58,60,-2,2
77887,117,98,19,19
77888,77,88,-11,11
77889,57,58,-1,1
77890,142,123,19,19
77891,57,60,-3,3
77892,77,67,10,10
77893,100,109,-9,9
77894,92,99,-7,7
77895,53,53,0,0
77896,98,82,16,16
77897,96,86,10,10
77898,67,59,8,8
77899,69,62,7,7
77900,108,97,11,11
77901,97,81,16,16
77902,75,63,12,12
77903,97,89,8,8
77904,127,106,21,21
77905,87,73,14,14
77906,86,75,11,11
77907,84,67,17,17
77908,86,77,9,9
77909,88,77,11,11
77910,97,85,12,12
77911,86,74,12,12
77912,79,77,2,2
77913,183,160,23,23
77914,97,88,9,9
77915,136,120,16,16
77916,78,69,9,9
77917,128,114,14,14
77918,116,99,17,17
77919,167,145,22,22
77920,143,135,8,8
77921,72,68,4,4
77922,101,88,13,13
77923,89,79,10,10
77924,63,54,9,9
77925,136,115,21,21
77926,129,113,16,16
77927,77,71,6,6
77928,70,71,-1,1
77929,114,97,17,17
77930,100,100,0,0
77931,133,113,20,20
77932,130,116,14,14
77933,64,55,9,9
77934,105,90,15,15
77935,171,140,31,31
77936,120,102,18,18
77937,95,85,10,10
77938,72,68,4,4
77939,75,62,13,13
77940,110,89,21,21
77941,119,101,18,18
77942,184,155,29,29
77943,132,114,18,18
77944,128,122,6,6
77945,78,84,-6,6
77946,124,111,13,13
77947,123,114,9,9
77948,105,84,21,21
77949,51,54,-3,3
77950,89,90,-1,1
77951,58,55,3,3
77952,112,95,17,17
77953,97,84,13,13
77954,95,87,8,8
77955,79,72,7,7
77956,85,75,10,10
77957,135,108,27,27
77958,127,120,7,7
77959,95,74,21,21
77960,141,132,9,9
77961,76,71,5,5
77962,63,57,6,6
77963,106,93,13,13
77964,95,79,16,16
77965,91,80,11,11
77966,147,129,18,18
77967,124,103,21,21
77968,88,70,18,18
77969,70,65,5,5
77970,80,83,-3,3
77971,41,40,1,1
77972,59,53,6,6
77973,97,93,4,4
77974,61,57,4,4
77975,148,120,28,28
77976,106,89,17,17
77977,102,102,0,0
77978,66,57,9,9
77979,75,63,12,12
77980,98,82,16,16
77981,58,47,11,11
77982,59,55,4,4
77983,53,47,6,6
77984,53,67,-14,14
77985,121,97,24,24
77986,101,79,22,22
77987,145,122,23,23
77988,57,53,4,4
77989,74,62,12,12
77990,65,59,6,6
77991,79,77,2,2
77992,117,106,11,11
77993,65,57,8,8
77994,64,61,3,3
77995,81,64,17,17
77996,125,97,28,28
77997,67,60,7,7
77998,69,62,7,7
77999,59,46,13,13
78000,126,107,19,19
78001,106,97,9,9
78002,63,58,5,5
78003,89,86,3,3
78004,120,91,29,29
78005,97,90,7,7
78006,70,62,8,8
78007,116,109,7,7
78008,77,60,17,17
78009,49,46,3,3
78010,71,60,11,11
78011,64,67,-3,3
78012,72,56,16,16
78013,128,99,29,29
78014,98,82,16,16
78015,66,63,3,3
78016,112,104,8,8
78017,51,47,4,4
78018,85,73,12,12
78019,100,82,18,18
78020,92,78,14,14
78021,111,100,11,11
78022,100,104,-4,4
78023,96,85,11,11
78024,166,138,28,28
78025,137,129,8,8
78026,72,63,9,9
78027,115,106,9,9
78028,88,75,13,13
78029,91,82,9,9
78030,103,94,9,9
78031,47,50,-3,3
78032,86,86,0,0
78033,136,113,23,23
78034,157,141,16,16
78035,124,109,15,15
78036,137,124,13,13
78037,101,92,9,9
78038,74,64,10,10
78039,85,68,17,17
78040,45,39,6,6
78041,168,142,26,26
78042,115,96,19,19
78043,116,117,-1,1
78044,84,80,4,4
78045,102,91,11,11
78046,59,64,-5,5
78047,106,101,5,5
78048,60,61,-1,1
78049,123,104,19,19
78050,85,67,18,18
78051,60,60,0,0
78052,82,63,19,19
78053,160,133,27,27
78054,82,74,8,8
78055,83,76,7,7
78056,73,69,4,4
78057,113,105,8,8
78058,95,76,19,19
78059,100,84,16,16
78060,40,42,-2,2
78061,80,72,8,8
78062,110,96,14,14
78063,144,131,13,13
78064,115,93,22,22
78065,64,68,-4,4
78066,119,99,20,20
78067,102,94,8,8
78068,159,126,33,33
78069,104,89,15,15
78070,91,79,12,12
78071,133,119,14,14
78072,98,87,11,11
78073,96,91,5,5
78074,134,116,18,18
78075,160,136,24,24
78076,59,63,-4,4
78077,74,71,3,3
78078,106,85,21,21
78079,64,56,8,8
78080,90,87,3,3
78081,67,61,6,6
78082,100,91,9,9
78083,68,61,7,7
78084,159,139,20,20
78085,87,78,9,9
78086,123,117,6,6
78087,78,71,7,7
78088,95,80,15,15
78089,56,63,-7,7
78090,102,92,10,10
78091,108,85,23,23
78092,73,62,11,11
78093,111,101,10,10
78094,137,118,19,19
78095,84,79,5,5
78096,89,72,17,17
78097,70,74,-4,4
78098,78,72,6,6
78099,152,135,17,17
78100,81,73,8,8
78101,49,47,2,2
78102,69,64,5,5
78103,102,79,23,23
78104,62,58,4,4
78105,91,79,12,12
78106,72,46,26,26
78107,47,41,6,6
78108,184,145,39,39
78109,103,84,19,19
78110,69,66,3,3
78111,51,54,-3,3
78112,120,120,0,0
78113,105,78,27,27
78114,46,50,-4,4
78115,75,67,8,8
78116,71,63,8,8
78117,45,47,-2,2
78118,80,78,2,2
78119,79,78,1,1
78120,78,68,10,10
78121,62,64,-2,2
78122,86,74,12,12
78123,122,112,10,10
78124,101,85,16,16
78125,72,64,8,8
78126,141,126,15,15
78127,69,65,4,4
78128,93,80,13,13
78129,55,46,9,9
78130,121,105,16,16
78131,105,97,8,8
78132,99,77,22,22
78133,195,156,39,39
78134,76,67,9,9
78135,124,105,19,19
78136,100,75,25,25
78137,152,134,18,18
78138,108,94,14,14
78139,49,45,4,4
78140,176,146,30,30
78141,104,177,-73,73
78142,81,58,23,23
78143,97,83,14,14
78144,58,53,5,5
78145,110,94,16,16
78146,55,56,-1,1
78147,69,61,8,8
78148,107,121,-14,14
78149,71,62,9,9
78150,88,80,8,8
78151,43,47,-4,4
78152,117,105,12,12
78153,81,60,21,21
78154,75,71,4,4
78155,108,97,11,11
78156,63,58,5,5
78157,74,70,4,4
78158,68,61,7,7
78159,62,56,6,6
78160,52,46,6,6
78161,78,75,3,3
78162,108,105,3,3
78163,188,152,36,36
78164,61,57,4,4
78165,77,68,9,9
78166,97,78,19,19
78167,67,52,15,15
78168,77,93,-16,16
78169,91,84,7,7
78170,69,62,7,7
78171,131,121,10,10
78172,56,50,6,6
78173,49,49,0,0
78174,126,112,14,14
78175,114,100,14,14
78176,90,81,9,9
78177,75,74,1,1
78178,83,67,16,16
78179,92,90,2,2
78180,83,76,7,7
78181,89,69,20,20
78182,85,74,11,11
78183,70,58,12,12
78184,108,92,16,16
78185,71,67,4,4
78186,68,57,11,11
78187,70,65,5,5
78188,107,99,8,8
78189,58,54,4,4
78190,51,46,5,5
78191,55,56,-1,1
78192,161,147,14,14
78193,46,47,-1,1
78194,92,81,11,11
78195,154,135,19,19
78196,83,76,7,7
78197,128,113,15,15
78198,73,68,5,5
78199,87,77,10,10
78200,122,104,18,18
78201,108,81,27,27
78202,76,81,-5,5
78203,59,62,-3,3
78204,83,77,6,6
78205,92,85,7,7
78206,96,87,9,9
78207,105,84,21,21
78208,58,58,0,0
78209,81,68,13,13
78210,110,89,21,21
78211,44,47,-3,3
78212,81,70,11,11
78213,63,63,0,0
78214,78,69,9,9
78215,68,66,2,2
78216,120,113,7,7
78217,181,152,29,29
78218,141,121,20,20
78219,178,147,31,31
78220,64,53,11,11
78221,72,67,5,5
78222,45,38,7,7
78223,143,114,29,29
78224,145,118,27,27
78225,111,103,8,8
78226,86,78,8,8
78227,125,118,7,7
78228,79,71,8,8
78229,67,66,1,1
78230,173,143,30,30
78231,81,76,5,5
78232,88,86,2,2
78233,63,59,4,4
78234,66,79,-13,13
78235,96,82,14,14
78236,100,68,32,32
78237,57,50,7,7
78238,125,102,23,23
78239,156,131,25,25
78240,125,106,19,19
78241,133,118,15,15
78242,66,60,6,6
78243,159,148,11,11
78244,44,51,-7,7
78245,67,55,12,12
78246,105,93,12,12
78247,77,70,7,7
78248,64,63,1,1
78249,62,78,-16,16
78250,69,58,11,11
78251,163,137,26,26
78252,62,58,4,4
78253,50,46,4,4
78254,100,91,9,9
78255,108,91,17,17
78256,70,62,8,8
78257,97,82,15,15
78258,83,67,16,16
78259,137,132,5,5
78260,70,63,7,7
78261,122,90,32,32
78262,79,77,2,2
78263,52,65,-13,13
78264,86,84,2,2
78265,93,76,17,17
78266,93,97,-4,4
78267,62,57,5,5
78268,109,86,23,23
78269,107,97,10,10
78270,83,74,9,9
78271,57,54,3,3
78272,61,59,2,2
78273,43,43,0,0
78274,156,125,31,31
78275,102,86,16,16
78276,56,60,-4,4
78277,199,165,34,34
78278,103,95,8,8
78279,77,70,7,7
78280,147,142,5,5
78281,99,100,-1,1
78282,74,96,-22,22
78283,71,61,10,10
78284,142,127,15,15
78285,72,61,11,11
78286,28,37,-9,9
78287,99,100,-1,1
78288,145,136,9,9
78289,51,45,6,6
78290,132,124,8,8
78291,102,91,11,11
78292,69,63,6,6
78293,142,126,16,16
78294,52,43,9,9
78295,87,83,4,4
78296,122,114,8,8
78297,93,92,1,1
78298,85,81,4,4
78299,101,86,15,15
78300,88,82,6,6
78301,64,55,9,9
78302,131,114,17,17
78303,91,81,10,10
78304,174,140,34,34
78305,50,46,4,4
78306,78,75,3,3
78307,76,73,3,3
78308,118,103,15,15
78309,56,54,2,2
78310,53,48,5,5
78311,98,92,6,6
78312,119,112,7,7
78313,133,116,17,17
78314,66,58,8,8
78315,117,111,6,6
78316,94,82,12,12
78317,79,75,4,4
78318,114,105,9,9
78319,96,74,22,22
78320,81,76,5,5
78321,83,76,7,7
78322,74,68,6,6
78323,89,75,14,14
78324,73,74,-1,1
78325,160,141,19,19
78326,120,101,19,19
78327,52,45,7,7
78328,127,116,11,11
78329,93,79,14,14
78330,108,107,1,1
78331,95,86,9,9
78332,75,68,7,7
78333,124,99,25,25
78334,90,81,9,9
78335,101,95,6,6
78336,44,44,0,0
78337,113,97,16,16
78338,64,67,-3,3
78339,135,119,16,16
78340,147,125,22,22
78341,112,105,7,7
78342,63,60,3,3
78343,91,92,-1,1
78344,93,67,26,26
78345,116,100,16,16
78346,124,116,8,8
78347,127,119,8,8
78348,114,109,5,5
78349,137,103,34,34
78350,56,55,1,1
78351,54,51,3,3
78352,78,75,3,3
78353,71,64,7,7
78354,72,66,6,6
78355,67,66,1,1
78356,48,42,6,6
78357,115,122,-7,7
78358,53,49,4,4
78359,95,84,11,11
78360,56,60,-4,4
78361,45,38,7,7
78362,209,173,36,36
78363,85,86,-1,1
78364,80,69,11,11
78365,139,130,9,9
78366,64,57,7,7
78367,83,78,5,5
78368,121,103,18,18
78369,102,100,2,2
78370,94,81,13,13
78371,119,104,15,15
78372,59,57,2,2
78373,61,78,-17,17
78374,74,63,11,11
78375,76,67,9,9
78376,91,84,7,7
78377,132,106,26,26
78378,54,53,1,1
78379,74,68,6,6
78380,96,79,17,17
78381,60,61,-1,1
78382,91,87,4,4
78383,102,93,9,9
78384,131,117,14,14
78385,95,81,14,14
78386,35,32,3,3
78387,70,70,0,0
78388,115,93,22,22
78389,63,58,5,5
78390,70,70,0,0
78391,73,62,11,11
78392,79,72,7,7
78393,114,105,9,9
78394,75,76,-1,1
78395,103,92,11,11
78396,111,95,16,16
78397,110,105,5,5
78398,55,50,5,5
78399,89,86,3,3
78400,53,58,-5,5
78401,114,96,18,18
78402,104,96,8,8
78403,45,40,5,5
78404,122,103,19,19
78405,72,68,4,4
78406,140,119,21,21
78407,132,109,23,23
78408,127,140,-13,13
78409,133,116,17,17
78410,66,58,8,8
78411,99,88,11,11
78412,112,101,11,11
78413,104,78,26,26
78414,143,125,18,18
78415,107,90,17,17
78416,122,107,15,15
78417,166,148,18,18
78418,169,147,22,22
78419,165,152,13,13
78420,147,115,32,32
78421,63,55,8,8
78422,71,70,1,1
78423,59,50,9,9
78424,127,116,11,11
78425,168,138,30,30
78426,43,42,1,1
78427,103,82,21,21
78428,109,92,17,17
78429,99,94,5,5
78430,71,65,6,6
78431,94,86,8,8
78432,104,91,13,13
78433,96,88,8,8
78434,85,70,15,15
78435,122,93,29,29
78436,85,77,8,8
78437,49,51,-2,2
78438,44,57,-13,13
78439,65,55,10,10
78440,78,72,6,6
78441,117,104,13,13
78442,103,87,16,16
78443,106,84,22,22
78444,97,93,4,4
78445,167,163,4,4
78446,50,48,2,2
78447,134,113,21,21
78448,100,101,-1,1
78449,81,73,8,8
78450,108,102,6,6
78451,55,51,4,4
78452,82,76,6,6
78453,94,101,-7,7
78454,94,80,14,14
78455,61,57,4,4
78456,141,125,16,16
78457,79,72,7,7
78458,71,73,-2,2
78459,48,48,0,0
78460,140,128,12,12
78461,70,67,3,3
78462,63,56,7,7
78463,137,114,23,23
78464,40,36,4,4
78465,103,89,14,14
78466,67,66,1,1
78467,82,69,13,13
78468,119,111,8,8
78469,131,115,16,16
78470,77,83,-6,6
78471,98,84,14,14
78472,148,142,6,6
78473,91,78,13,13
78474,95,89,6,6
78475,60,52,8,8
78476,72,65,7,7
78477,123,107,16,16
78478,68,61,7,7
78479,124,115,9,9
78480,128,114,14,14
78481,114,106,8,8
78482,90,79,11,11
78483,108,98,10,10
78484,114,95,19,19
78485,33,50,-17,17
78486,95,86,9,9
78487,113,98,15,15
78488,57,52,5,5
78489,71,61,10,10
78490,110,83,27,27
78491,67,64,3,3
78492,59,57,2,2
78493,105,96,9,9
78494,132,109,23,23
78495,93,92,1,1
78496,90,85,5,5
78497,134,113,21,21
78498,32,35,-3,3
78499,108,130,-22,22
78500,81,67,14,14
78501,94,85,9,9
78502,116,110,6,6
78503,131,115,16,16
78504,63,65,-2,2
78505,96,85,11,11
78506,71,56,15,15
78507,71,58,13,13
78508,79,75,4,4
78509,115,101,14,14
78510,48,60,-12,12
78511,85,72,13,13
78512,113,95,18,18
78513,89,80,9,9
78514,131,117,14,14
78515,91,83,8,8
78516,72,61,11,11
78517,169,139,30,30
78518,133,121,12,12
78519,176,150,26,26
78520,118,111,7,7
78521,71,71,0,0
78522,65,63,2,2
78523,144,112,32,32
78524,72,76,-4,4
78525,70,67,3,3
78526,70,64,6,6
78527,117,95,22,22
78528,97,86,11,11
78529,57,52,5,5
78530,61,74,-13,13
78531,80,70,10,10
78532,92,78,14,14
78533,85,79,6,6
78534,125,101,24,24
78535,90,90,0,0
78536,80,68,12,12
78537,71,68,3,3
78538,149,120,29,29
78539,69,59,10,10
78540,104,87,17,17
78541,95,81,14,14
78542,129,98,31,31
78543,144,111,33,33
78544,61,57,4,4
78545,130,105,25,25
78546,144,119,25,25
78547,39,39,0,0
78548,114,102,12,12
78549,48,43,5,5
78550,94,78,16,16
78551,92,77,15,15
78552,101,80,21,21
78553,79,78,1,1
78554,113,92,21,21
78555,69,68,1,1
78556,41,44,-3,3
78557,69,66,3,3
78558,108,95,13,13
78559,66,59,7,7
78560,93,75,18,18
78561,86,72,14,14
78562,79,69,10,10
78563,80,77,3,3
78564,87,76,11,11
78565,179,147,32,32
78566,67,56,11,11
78567,71,70,1,1
78568,86,68,18,18
78569,92,87,5,5
78570,109,100,9,9
78571,45,48,-3,3
78572,84,76,8,8
78573,158,138,20,20
78574,92,78,14,14
78575,75,64,11,11
78576,84,75,9,9
78577,65,65,0,0
78578,104,85,19,19
78579,44,40,4,4
78580,198,147,51,51
78581,124,106,18,18
78582,134,108,26,26
78583,122,102,20,20
78584,77,67,10,10
78585,103,89,14,14
78586,98,83,15,15
78587,59,48,11,11
78588,87,62,25,25
78589,74,60,14,14
78590,67,64,3,3
78591,85,76,9,9
78592,79,64,15,15
78593,96,89,7,7
78594,121,110,11,11
78595,98,100,-2,2
78596,145,117,28,28
78597,110,95,15,15
78598,144,132,12,12
78599,85,74,11,11
78600,114,110,4,4
78601,95,82,13,13
78602,51,53,-2,2
78603,97,83,14,14
78604,81,63,18,18
78605,81,71,10,10
78606,85,76,9,9
78607,154,138,16,16
78608,125,110,15,15
78609,97,92,5,5
78610,161,134,27,27
78611,144,113,31,31
78612,127,109,18,18
78613,88,76,12,12
78614,180,149,31,31
78615,90,86,4,4
78616,66,68,-2,2
78617,95,83,12,12
78618,94,91,3,3
78619,75,70,5,5
78620,65,65,0,0
78621,111,111,0,0
78622,67,57,10,10
78623,86,84,2,2
78624,141,117,24,24
78625,102,89,13,13
78626,142,131,11,11
78627,188,166,22,22
78628,62,50,12,12
78629,104,98,6,6
78630,63,55,8,8
78631,100,84,16,16
78632,148,125,23,23
78633,103,97,6,6
78634,122,116,6,6
78635,69,63,6,6
78636,89,77,12,12
78637,113,85,28,28
78638,135,120,15,15
78639,158,131,27,27
78640,74,59,15,15
78641,54,50,4,4
78642,106,94,12,12
78643,56,75,-19,19
78644,113,97,16,16
78645,95,75,20,20
78646,134,118,16,16
78647,73,67,6,6
78648,51,46,5,5
78649,50,41,9,9
78650,33,32,1,1
78651,130,108,22,22
78652,111,115,-4,4
78653,58,53,5,5
78654,103,89,14,14
78655,136,126,10,10
78656,99,88,11,11
78657,99,84,15,15
78658,116,98,18,18
78659,149,126,23,23
78660,69,64,5,5
78661,81,81,0,0
78662,57,52,5,5
78663,85,71,14,14
78664,78,84,-6,6
78665,94,82,12,12
78666,112,93,19,19
78667,141,107,34,34
78668,133,108,25,25
78669,85,85,0,0
78670,100,96,4,4
78671,62,54,8,8
78672,121,105,16,16
78673,54,53,1,1
78674,154,135,19,19
78675,142,114,28,28
78676,104,104,0,0
78677,103,89,14,14
78678,70,59,11,11
78679,118,104,14,14
78680,115,101,14,14
78681,145,127,18,18
78682,106,99,7,7
78683,114,102,12,12
78684,87,76,11,11
78685,155,123,32,32
78686,142,119,23,23
78687,132,113,19,19
78688,94,82,12,12
78689,142,124,18,18
78690,150,129,21,21
78691,53,52,1,1
78692,94,81,13,13
78693,85,88,-3,3
78694,62,61,1,1
78695,53,46,7,7
78696,81,79,2,2
78697,175,152,23,23
78698,55,49,6,6
78699,72,74,-2,2
78700,93,80,13,13
78701,73,73,0,0
78702,47,49,-2,2
78703,67,63,4,4
78704,117,100,17,17
78705,104,92,12,12
78706,76,67,9,9
78707,99,75,24,24
78708,131,111,20,20
78709,84,82,2,2
78710,105,105,0,0
78711,157,122,35,35
78712,111,107,4,4
78713,91,83,8,8
78714,74,72,2,2
78715,79,70,9,9
78716,103,83,20,20
78717,119,101,18,18
78718,163,120,43,43
78719,69,64,5,5
78720,112,96,16,16
78721,55,58,-3,3
78722,97,92,5,5
78723,99,80,19,19
78724,58,62,-4,4
78725,125,98,27,27
78726,88,71,17,17
78727,81,70,11,11
78728,158,144,14,14
78729,55,60,-5,5
78730,114,107,7,7
78731,95,85,10,10
78732,87,95,-8,8
78733,139,112,27,27
78734,79,67,12,12
78735,75,59,16,16
78736,56,54,2,2
78737,113,119,-6,6
78738,148,124,24,24
78739,160,128,32,32
78740,97,87,10,10
78741,88,79,9,9
78742,89,77,12,12
78743,101,89,12,12
78744,53,52,1,1
78745,97,100,-3,3
78746,67,63,4,4
78747,117,98,19,19
78748,72,59,13,13
78749,40,40,0,0
78750,48,43,5,5
78751,88,73,15,15
78752,95,74,21,21
78753,132,115,17,17
78754,63,56,7,7
78755,95,84,11,11
78756,84,75,9,9
78757,33,35,-2,2
78758,70,63,7,7
78759,154,134,20,20
78760,163,136,27,27
78761,175,145,30,30
78762,92,78,14,14
78763,150,133,17,17
78764,67,61,6,6
78765,127,118,9,9
78766,131,116,15,15
78767,194,159,35,35
78768,113,98,15,15
78769,106,92,14,14
78770,88,73,15,15
78771,75,65,10,10
78772,56,64,-8,8
78773,86,87,-1,1
78774,66,57,9,9
78775,171,146,25,25
78776,127,109,18,18
78777,110,98,12,12
78778,93,84,9,9
78779,89,80,9,9
78780,72,72,0,0
78781,98,80,18,18
78782,77,69,8,8
78783,93,83,10,10
78784,112,88,24,24
78785,68,61,7,7
78786,104,101,3,3
78787,78,68,10,10
78788,69,70,-1,1
78789,48,42,6,6
78790,65,64,1,1
78791,109,101,8,8
78792,90,94,-4,4
78793,141,120,21,21
78794,100,94,6,6
78795,133,122,11,11
78796,110,91,19,19
78797,54,49,5,5
78798,71,64,7,7
78799,144,124,20,20
78800,57,59,-2,2
78801,88,80,8,8
78802,107,89,18,18
78803,128,111,17,17
78804,93,87,6,6
78805,136,126,10,10
78806,107,83,24,24
78807,151,127,24,24
78808,114,99,15,15
78809,67,60,7,7
78810,94,84,10,10
78811,90,75,15,15
78812,105,84,21,21
78813,132,108,24,24
78814,90,78,12,12
78815,120,114,6,6
78816,91,93,-2,2
78817,155,135,20,20
78818,62,57,5,5
78819,109,92,17,17
78820,100,96,4,4
78821,160,128,32,32
78822,96,85,11,11
78823,104,99,5,5
78824,93,82,11,11
78825,72,66,6,6
78826,59,66,-7,7
78827,74,64,10,10
78828,83,66,17,17
78829,92,73,19,19
78830,100,95,5,5
78831,87,74,13,13
78832,122,110,12,12
78833,78,68,10,10
78834,79,64,15,15
78835,138,111,27,27
78836,158,130,28,28
78837,75,66,9,9
78838,100,84,16,16
78839,134,111,23,23
78840,138,140,-2,2
78841,82,80,2,2
78842,52,45,7,7
78843,74,70,4,4
78844,60,53,7,7
78845,49,46,3,3
78846,45,42,3,3
78847,83,72,11,11
78848,55,55,0,0
78849,74,63,11,11
78850,96,80,16,16
78851,71,67,4,4
78852,73,66,7,7
78853,104,103,1,1
78854,57,49,8,8
78855,79,73,6,6
78856,109,98,11,11
78857,65,54,11,11
78858,129,128,1,1
78859,75,65,10,10
78860,209,172,37,37
78861,102,84,18,18
78862,102,97,5,5
78863,142,113,29,29
78864,140,109,31,31
78865,44,41,3,3
78866,102,96,6,6
78867,89,70,19,19
78868,86,73,13,13
78869,85,76,9,9
78870,88,73,15,15
78871,77,73,4,4
78872,123,115,8,8
78873,62,68,-6,6
78874,163,142,21,21
78875,114,104,10,10
78876,55,55,0,0
78877,112,102,10,10
78878,125,110,15,15
78879,123,108,15,15
78880,96,84,12,12
78881,111,94,17,17
78882,136,112,24,24
78883,75,67,8,8
78884,134,121,13,13
78885,77,76,1,1
78886,98,90,8,8
78887,94,78,16,16
78888,77,71,6,6
78889,83,71,12,12
78890,97,78,19,19
78891,82,72,10,10
78892,126,109,17,17
78893,159,141,18,18
78894,100,99,1,1
78895,100,103,-3,3
78896,121,106,15,15
78897,117,89,28,28
78898,81,75,6,6
78899,90,80,10,10
78900,68,59,9,9
78901,110,99,11,11
78902,118,118,0,0
78903,97,84,13,13
78904,81,67,14,14
78905,105,93,12,12
78906,95,78,17,17
78907,66,76,-10,10
78908,109,99,10,10
78909,141,127,14,14
78910,52,47,5,5
78911,80,66,14,14
78912,93,78,15,15
78913,76,67,9,9
78914,111,101,10,10
78915,107,90,17,17
78916,132,111,21,21
78917,100,91,9,9
78918,138,113,25,25
78919,122,103,19,19
78920,105,95,10,10
78921,85,74,11,11
78922,96,80,16,16
78923,60,51,9,9
78924,106,92,14,14
78925,47,55,-8,8
78926,97,84,13,13
78927,36,36,0,0
78928,111,88,23,23
78929,121,116,5,5
78930,85,67,18,18
78931,95,76,19,19
78932,78,71,7,7
78933,113,107,6,6
78934,72,63,9,9
78935,110,106,4,4
78936,38,40,-2,2
78937,133,117,16,16
78938,52,69,-17,17
78939,49,47,2,2
78940,57,50,7,7
78941,209,149,60,60
78942,93,88,5,5
78943,62,58,4,4
78944,51,50,1,1
78945,82,93,-11,11
78946,77,67,10,10
78947,165,135,30,30
78948,58,51,7,7
78949,108,92,16,16
78950,43,45,-2,2
78951,83,75,8,8
78952,92,79,13,13
78953,127,107,20,20
78954,47,44,3,3
78955,78,68,10,10
78956,62,57,5,5
78957,136,111,25,25
78958,121,112,9,9
78959,79,74,5,5
78960,83,82,1,1
78961,100,92,8,8
78962,86,88,-2,2
78963,89,83,6,6
78964,74,58,16,16
78965,133,118,15,15
78966,107,93,14,14
78967,89,74,15,15
78968,72,62,10,10
78969,78,77,1,1
78970,52,48,4,4
78971,94,87,7,7
78972,107,94,13,13
78973,61,51,10,10
78974,224,179,45,45
78975,75,61,14,14
78976,53,51,2,2
78977,95,87,8,8
78978,63,55,8,8
78979,133,118,15,15
78980,45,40,5,5
78981,65,56,9,9
78982,93,79,14,14
78983,68,66,2,2
78984,86,78,8,8
78985,116,102,14,14
78986,112,103,9,9
78987,79,64,15,15
78988,83,69,14,14
78989,136,131,5,5
78990,58,55,3,3
78991,98,83,15,15
78992,216,198,18,18
78993,135,117,18,18
78994,87,76,11,11
78995,99,85,14,14
78996,85,74,11,11
78997,57,50,7,7
78998,69,58,11,11
78999,72,65,7,7
79000,42,44,-2,2
79001,50,46,4,4
79002,120,106,14,14
79003,43,41,2,2
79004,58,51,7,7
79005,64,66,-2,2
79006,47,46,1,1
79007,118,98,20,20
79008,91,103,-12,12
79009,115,104,11,11
79010,132,119,13,13
79011,124,110,14,14
79012,127,127,0,0
79013,90,75,15,15
79014,142,128,14,14
79015,72,66,6,6
79016,91,86,5,5
79017,93,86,7,7
79018,159,143,16,16
79019,76,72,4,4
79020,89,87,2,2
79021,127,95,32,32
79022,76,67,9,9
79023,101,81,20,20
79024,95,84,11,11
79025,82,73,9,9
79026,109,98,11,11
79027,108,91,17,17
79028,84,76,8,8
79029,184,160,24,24
79030,77,66,11,11
79031,92,72,20,20
79032,57,56,1,1
79033,104,88,16,16
79034,118,108,10,10
79035,111,93,18,18
79036,78,59,19,19
79037,122,102,20,20
79038,72,63,9,9
79039,106,85,21,21
79040,61,53,8,8
79041,106,96,10,10
79042,122,110,12,12
79043,119,105,14,14
79044,141,111,30,30
79045,114,100,14,14
79046,124,104,20,20
79047,86,70,16,16
79048,43,49,-6,6
79049,177,155,22,22
79050,169,170,-1,1
79051,100,94,6,6
79052,70,66,4,4
79053,80,73,7,7
79054,82,75,7,7
79055,97,81,16,16
79056,112,93,19,19
79057,122,101,21,21
79058,62,56,6,6
79059,146,113,33,33
79060,77,77,0,0
79061,95,87,8,8
79062,167,133,34,34
79063,62,81,-19,19
79064,112,125,-13,13
79065,56,54,2,2
79066,126,97,29,29
79067,127,102,25,25
79068,221,186,35,35
79069,180,152,28,28
79070,73,58,15,15
79071,53,52,1,1
79072,82,81,1,1
79073,58,52,6,6
79074,78,67,11,11
79075,130,112,18,18
79076,39,34,5,5
79077,93,105,-12,12
79078,87,73,14,14
79079,82,68,14,14
79080,130,117,13,13
79081,74,67,7,7
79082,93,80,13,13
79083,69,69,0,0
79084,57,52,5,5
79085,79,66,13,13
79086,120,104,16,16
79087,91,73,18,18
79088,99,98,1,1
79089,100,84,16,16
79090,93,82,11,11
79091,78,74,4,4
79092,82,77,5,5
79093,242,187,55,55
79094,154,135,19,19
79095,63,58,5,5
79096,52,48,4,4
79097,106,92,14,14
79098,87,93,-6,6
79099,106,99,7,7
79100,36,33,3,3
79101,108,115,-7,7
79102,153,169,-16,16
79103,44,53,-9,9
79104,119,105,14,14
79105,51,50,1,1
79106,156,125,31,31
79107,114,115,-1,1
79108,123,109,14,14
79109,149,129,20,20
79110,90,74,16,16
79111,67,62,5,5
79112,179,154,25,25
79113,123,108,15,15
79114,88,80,8,8
79115,211,162,49,49
79116,149,124,25,25
79117,58,51,7,7
79118,85,73,12,12
79119,94,82,12,12
79120,125,119,6,6
79121,50,51,-1,1
79122,78,64,14,14
79123,91,77,14,14
79124,166,148,18,18
79125,89,73,16,16
79126,55,58,-3,3
79127,140,121,19,19
79128,122,111,11,11
79129,92,69,23,23
79130,59,55,4,4
79131,112,109,3,3
79132,97,89,8,8
79133,109,101,8,8
79134,121,127,-6,6
79135,75,69,6,6
79136,80,67,13,13
79137,104,92,12,12
79138,130,118,12,12
79139,148,136,12,12
79140,54,46,8,8
79141,121,100,21,21
79142,65,73,-8,8
79143,51,54,-3,3
79144,142,110,32,32
79145,40,36,4,4
79146,58,56,2,2
79147,92,80,12,12
79148,71,65,6,6
79149,96,83,13,13
79150,118,98,20,20
79151,54,54,0,0
79152,91,87,4,4
79153,70,61,9,9
79154,85,73,12,12
79155,47,48,-1,1
79156,137,123,14,14
79157,88,90,-2,2
79158,73,67,6,6
79159,99,86,13,13
79160,68,62,6,6
79161,174,160,14,14
79162,119,113,6,6
79163,84,75,9,9
79164,103,107,-4,4
79165,174,152,22,22
79166,98,85,13,13
79167,86,69,17,17
79168,101,92,9,9
79169,88,70,18,18
79170,78,60,18,18
79171,94,81,13,13
79172,131,113,18,18
79173,104,85,19,19
79174,89,86,3,3
79175,104,107,-3,3
79176,43,44,-1,1
79177,85,75,10,10
79178,66,61,5,5
79179,108,106,2,2
79180,89,92,-3,3
79181,54,53,1,1
79182,75,67,8,8
79183,85,84,1,1
79184,94,84,10,10
79185,58,57,1,1
79186,191,164,27,27
79187,63,53,10,10
79188,73,59,14,14
79189,92,84,8,8
79190,125,100,25,25
79191,90,83,7,7
79192,128,116,12,12
79193,38,42,-4,4
79194,84,69,15,15
79195,85,73,12,12
79196,147,126,21,21
79197,54,47,7,7
79198,78,70,8,8
79199,117,94,23,23
79200,78,75,3,3
79201,83,70,13,13
79202,125,137,-12,12
79203,108,95,13,13
79204,94,85,9,9
79205,45,42,3,3
79206,120,106,14,14
79207,86,75,11,11
79208,85,76,9,9
79209,50,46,4,4
79210,89,76,13,13
79211,90,74,16,16
79212,75,66,9,9
79213,110,101,9,9
79214,82,71,11,11
79215,140,123,17,17
79216,102,94,8,8
79217,78,73,5,5
79218,90,82,8,8
79219,49,47,2,2
79220,60,53,7,7
79221,128,129,-1,1
79222,91,84,7,7
79223,94,82,12,12
79224,101,84,17,17
79225,90,77,13,13
79226,115,98,17,17
79227,111,86,25,25
79228,110,108,2,2
79229,64,62,2,2
79230,112,87,25,25
79231,88,84,4,4
79232,108,88,20,20
79233,100,91,9,9
79234,66,60,6,6
79235,142,112,30,30
79236,64,58,6,6
79237,140,121,19,19
79238,124,106,18,18
79239,66,60,6,6
79240,99,83,16,16
79241,78,65,13,13
79242,103,101,2,2
79243,121,106,15,15
79244,96,80,16,16
79245,30,34,-4,4
79246,69,58,11,11
79247,97,80,17,17
79248,81,67,14,14
79249,72,62,10,10
79250,93,75,18,18
79251,84,82,2,2
79252,84,82,2,2
79253,98,88,10,10
79254,57,64,-7,7
79255,81,75,6,6
79256,88,84,4,4
79257,98,86,12,12
79258,171,147,24,24
79259,76,68,8,8
79260,126,120,6,6
79261,90,80,10,10
79262,91,73,18,18
79263,94,75,19,19
79264,91,74,17,17
79265,122,108,14,14
79266,81,78,3,3
79267,86,93,-7,7
79268,79,70,9,9
79269,76,77,-1,1
79270,97,94,3,3
79271,125,129,-4,4
79272,125,115,10,10
79273,62,58,4,4
79274,63,61,2,2
79275,81,74,7,7
79276,115,88,27,27
79277,162,147,15,15
79278,103,87,16,16
79279,64,58,6,6
79280,153,126,27,27
79281,69,71,-2,2
79282,132,109,23,23
79283,76,63,13,13
79284,63,68,-5,5
79285,65,60,5,5
79286,89,80,9,9
79287,165,125,40,40
79288,84,71,13,13
79289,89,73,16,16
79290,130,112,18,18
79291,73,60,13,13
79292,110,108,2,2
79293,157,125,32,32
79294,82,78,4,4
79295,100,89,11,11
79296,128,110,18,18
79297,122,106,16,16
79298,102,92,10,10
79299,102,84,18,18
79300,86,69,17,17
79301,124,114,10,10
79302,157,132,25,25
79303,104,90,14,14
79304,94,86,8,8
79305,59,53,6,6
79306,103,86,17,17
79307,78,66,12,12
79308,73,68,5,5
79309,76,69,7,7
79310,112,112,0,0
79311,103,103,0,0
79312,159,118,41,41
79313,42,44,-2,2
79314,83,70,13,13
79315,108,96,12,12
79316,129,110,19,19
79317,129,115,14,14
79318,145,120,25,25
79319,70,64,6,6
79320,71,62,9,9
79321,60,58,2,2
79322,100,85,15,15
79323,173,150,23,23
79324,156,129,27,27
79325,101,87,14,14
79326,99,91,8,8
79327,130,114,16,16
79328,68,111,-43,43
79329,138,115,23,23
79330,138,125,13,13
79331,126,114,12,12
79332,74,63,11,11
79333,75,65,10,10
79334,79,67,12,12
79335,67,62,5,5
79336,80,108,-28,28
79337,86,68,18,18
79338,57,53,4,4
79339,111,108,3,3
79340,95,85,10,10
79341,85,71,14,14
79342,88,73,15,15
79343,72,60,12,12
79344,22,52,-30,30
79345,97,75,22,22
79346,130,107,23,23
79347,55,50,5,5
79348,95,79,16,16
79349,86,76,10,10
79350,53,50,3,3
79351,66,59,7,7
79352,122,119,3,3
79353,130,117,13,13
79354,135,117,18,18
79355,47,44,3,3
79356,65,90,-25,25
79357,46,38,8,8
79358,155,127,28,28
79359,60,57,3,3
79360,75,70,5,5
79361,97,81,16,16
79362,142,109,33,33
79363,57,57,0,0
79364,80,69,11,11
79365,44,40,4,4
79366,107,95,12,12
79367,39,51,-12,12
79368,163,147,16,16
79369,152,148,4,4
79370,119,105,14,14
79371,98,75,23,23
79372,67,68,-1,1
79373,61,52,9,9
79374,99,90,9,9
79375,62,56,6,6
79376,68,60,8,8
79377,72,68,4,4
79378,83,78,5,5
79379,103,85,18,18
79380,116,115,1,1
79381,122,111,11,11
79382,88,83,5,5
79383,129,108,21,21
79384,86,73,13,13
79385,82,74,8,8
79386,83,78,5,5
79387,71,73,-2,2
79388,77,70,7,7
79389,100,95,5,5
79390,206,175,31,31
79391,152,154,-2,2
79392,58,52,6,6
79393,141,123,18,18
79394,96,77,19,19
79395,149,119,30,30
79396,80,66,14,14
79397,48,42,6,6
79398,75,69,6,6
79399,95,81,14,14
79400,126,116,10,10
79401,74,65,9,9
79402,95,82,13,13
79403,59,59,0,0
79404,164,144,20,20
79405,95,82,13,13
79406,46,46,0,0
79407,88,77,11,11
79408,135,128,7,7
79409,140,115,25,25
79410,103,92,11,11
79411,69,60,9,9
79412,144,114,30,30
79413,147,122,25,25
79414,105,101,4,4
79415,154,112,42,42
79416,77,67,10,10
79417,74,69,5,5
79418,132,113,19,19
79419,56,54,2,2
79420,48,45,3,3
79421,77,68,9,9
79422,20,27,-7,7
79423,94,88,6,6
79424,66,63,3,3
79425,72,62,10,10
79426,130,108,22,22
79427,282,229,53,53
79428,139,108,31,31
79429,99,100,-1,1
79430,67,62,5,5
79431,72,67,5,5
79432,96,96,0,0
79433,76,69,7,7
79434,119,100,19,19
79435,93,72,21,21
79436,61,59,2,2
79437,79,65,14,14
79438,107,91,16,16
79439,152,142,10,10
79440,85,69,16,16
79441,62,53,9,9
79442,103,80,23,23
79443,59,53,6,6
79444,109,105,4,4
79445,84,83,1,1
79446,85,77,8,8
79447,77,82,-5,5
79448,182,157,25,25
79449,105,96,9,9
79450,165,147,18,18
79451,101,88,13,13
79452,91,77,14,14
79453,93,81,12,12
79454,105,98,7,7
79455,98,91,7,7
79456,140,126,14,14
79457,150,123,27,27
79458,168,142,26,26
79459,155,131,24,24
79460,75,60,15,15
79461,56,48,8,8
79462,41,48,-7,7
79463,84,73,11,11
79464,46,46,0,0
79465,168,148,20,20
79466,148,125,23,23
79467,92,84,8,8
79468,93,80,13,13
79469,108,89,19,19
79470,52,50,2,2
79471,100,86,14,14
79472,77,76,1,1
79473,95,80,15,15
79474,67,61,6,6
79475,84,65,19,19
79476,107,93,14,14
79477,80,66,14,14
79478,104,92,12,12
79479,86,77,9,9
79480,90,72,18,18
79481,70,70,0,0
79482,125,122,3,3
79483,68,61,7,7
79484,125,110,15,15
79485,133,121,12,12
79486,77,65,12,12
79487,70,65,5,5
79488,182,152,30,30
79489,114,90,24,24
79490,114,102,12,12
79491,183,163,20,20
79492,57,57,0,0
79493,111,101,10,10
79494,49,49,0,0
79495,58,52,6,6
79496,97,97,0,0
79497,141,131,10,10
79498,133,118,15,15
79499,115,94,21,21
79500,142,119,23,23
79501,53,50,3,3
79502,69,58,11,11
79503,152,119,33,33
79504,52,46,6,6
79505,145,127,18,18
79506,90,78,12,12
79507,125,104,21,21
79508,73,57,16,16
79509,72,65,7,7
79510,69,71,-2,2
79511,146,123,23,23
79512,149,133,16,16
79513,79,71,8,8
79514,105,101,4,4
79515,65,56,9,9
79516,139,114,25,25
79517,123,106,17,17
79518,105,74,31,31
79519,40,42,-2,2
79520,65,61,4,4
79521,134,116,18,18
79522,123,106,17,17
79523,127,104,23,23
79524,39,61,-22,22
79525,104,102,2,2
79526,48,46,2,2
79527,78,76,2,2
79528,102,89,13,13
79529,72,54,18,18
79530,130,119,11,11
79531,107,96,11,11
79532,90,81,9,9
79533,85,74,11,11
79534,103,93,10,10
79535,118,102,16,16
79536,67,67,0,0
79537,101,78,23,23
79538,108,96,12,12
79539,134,134,0,0
79540,83,67,16,16
79541,103,95,8,8
79542,43,51,-8,8
79543,154,127,27,27
79544,137,122,15,15
79545,133,110,23,23
79546,165,126,39,39
79547,68,65,3,3
79548,144,127,17,17
79549,112,103,9,9
79550,96,85,11,11
79551,84,68,16,16
79552,131,103,28,28
79553,95,81,14,14
79554,166,137,29,29
79555,56,56,0,0
79556,112,100,12,12
79557,55,49,6,6
79558,88,78,10,10
79559,81,65,16,16
79560,79,69,10,10
79561,105,96,9,9
79562,52,48,4,4
79563,131,114,17,17
79564,101,93,8,8
79565,98,65,33,33
79566,60,52,8,8
79567,66,62,4,4
79568,85,68,17,17
79569,81,68,13,13
79570,117,112,5,5
79571,61,53,8,8
79572,74,69,5,5
79573,64,62,2,2
79574,61,56,5,5
79575,106,93,13,13
79576,82,72,10,10
79577,68,78,-10,10
79578,100,91,9,9
79579,111,82,29,29
79580,73,70,3,3
79581,110,97,13,13
79582,110,102,8,8
79583,150,128,22,22
79584,119,111,8,8
79585,140,125,15,15
79586,107,89,18,18
79587,31,38,-7,7
79588,111,96,15,15
79589,93,85,8,8
79590,73,67,6,6
79591,75,73,2,2
79592,106,108,-2,2
79593,46,46,0,0
79594,169,145,24,24
79595,128,109,19,19
79596,189,167,22,22
79597,119,105,14,14
79598,61,49,12,12
79599,109,98,11,11
79600,129,105,24,24
79601,118,109,9,9
79602,91,82,9,9
79603,95,86,9,9
79604,106,83,23,23
79605,188,161,27,27
79606,78,67,11,11
79607,59,64,-5,5
79608,66,57,9,9
79609,62,58,4,4
79610,137,118,19,19
79611,82,74,8,8
79612,115,103,12,12
79613,102,97,5,5
79614,50,64,-14,14
79615,119,106,13,13
79616,159,146,13,13
79617,146,129,17,17
79618,62,53,9,9
79619,72,60,12,12
79620,82,72,10,10
79621,64,58,6,6
79622,74,68,6,6
79623,104,86,18,18
79624,169,117,52,52
79625,86,80,6,6
79626,178,165,13,13
79627,83,71,12,12
79628,115,102,13,13
79629,124,110,14,14
79630,123,134,-11,11
79631,90,82,8,8
79632,51,47,4,4
79633,99,85,14,14
79634,99,109,-10,10
79635,108,85,23,23
79636,124,99,25,25
79637,144,131,13,13
79638,128,121,7,7
79639,70,63,7,7
79640,74,74,0,0
79641,134,125,9,9
79642,119,113,6,6
79643,41,41,0,0
79644,101,96,5,5
79645,149,126,23,23
79646,121,100,21,21
79647,56,49,7,7
79648,108,93,15,15
79649,72,66,6,6
79650,98,82,16,16
79651,67,58,9,9
79652,69,64,5,5
79653,89,78,11,11
79654,122,118,4,4
79655,75,68,7,7
79656,80,75,5,5
79657,184,165,19,19
79658,80,70,10,10
79659,136,121,15,15
79660,85,75,10,10
79661,86,73,13,13
79662,99,94,5,5
79663,161,147,14,14
79664,106,101,5,5
79665,86,77,9,9
79666,160,136,24,24
79667,140,131,9,9
79668,157,142,15,15
79669,121,108,13,13
79670,61,59,2,2
79671,108,96,12,12
79672,110,97,13,13
79673,101,83,18,18
79674,85,76,9,9
79675,125,111,14,14
79676,67,60,7,7
79677,64,56,8,8
79678,47,54,-7,7
79679,111,108,3,3
79680,45,45,0,0
79681,79,58,21,21
79682,102,87,15,15
79683,99,73,26,26
79684,121,107,14,14
79685,75,75,0,0
79686,172,151,21,21
79687,67,63,4,4
79688,111,89,22,22
79689,119,116,3,3
79690,134,113,21,21
79691,139,120,19,19
79692,67,64,3,3
79693,100,106,-6,6
79694,64,61,3,3
79695,105,93,12,12
79696,106,94,12,12
79697,41,40,1,1
79698,122,104,18,18
79699,96,90,6,6
79700,74,68,6,6
79701,97,82,15,15
79702,106,90,16,16
79703,58,50,8,8
79704,61,54,7,7
79705,72,60,12,12
79706,97,85,12,12
79707,104,95,9,9
79708,90,81,9,9
79709,190,160,30,30
79710,113,112,1,1
79711,72,85,-13,13
79712,102,86,16,16
79713,143,104,39,39
79714,71,64,7,7
79715,80,78,2,2
79716,45,43,2,2
79717,57,55,2,2
79718,109,95,14,14
79719,80,71,9,9
79720,54,53,1,1
79721,75,72,3,3
79722,80,77,3,3
79723,73,67,6,6
79724,216,179,37,37
79725,73,70,3,3
79726,124,108,16,16
79727,160,117,43,43
79728,140,119,21,21
79729,136,115,21,21
79730,68,57,11,11
79731,91,79,12,12
79732,69,56,13,13
79733,93,92,1,1
79734,103,89,14,14
79735,93,83,10,10
79736,53,50,3,3
79737,116,101,15,15
79738,57,61,-4,4
79739,89,76,13,13
79740,58,51,7,7
79741,136,122,14,14
79742,95,85,10,10
79743,59,58,1,1
79744,169,138,31,31
79745,105,95,10,10
79746,119,96,23,23
79747,89,78,11,11
79748,132,109,23,23
79749,81,65,16,16
79750,52,40,12,12
79751,139,106,33,33
79752,60,57,3,3
79753,128,111,17,17
79754,54,47,7,7
79755,123,113,10,10
79756,99,88,11,11
79757,36,38,-2,2
79758,40,38,2,2
79759,114,102,12,12
79760,89,73,16,16
79761,68,64,4,4
79762,96,74,22,22
79763,120,104,16,16
79764,85,76,9,9
79765,67,58,9,9
79766,90,81,9,9
79767,59,53,6,6
79768,86,68,18,18
79769,187,160,27,27
79770,117,100,17,17
79771,50,54,-4,4
79772,90,76,14,14
79773,92,75,17,17
79774,57,56,1,1
79775,55,51,4,4
79776,51,53,-2,2
79777,84,77,7,7
79778,110,101,9,9
79779,52,60,-8,8
79780,56,61,-5,5
79781,82,73,9,9
79782,141,126,15,15
79783,104,90,14,14
79784,113,104,9,9
79785,119,98,21,21
79786,124,107,17,17
79787,79,68,11,11
79788,99,84,15,15
79789,133,106,27,27
79790,53,51,2,2
79791,88,77,11,11
79792,58,52,6,6
79793,90,83,7,7
79794,89,86,3,3
79795,91,90,1,1
79796,110,95,15,15
79797,77,69,8,8
79798,71,65,6,6
79799,77,72,5,5
79800,115,106,9,9
79801,62,64,-2,2
79802,167,148,19,19
79803,105,99,6,6
79804,100,86,14,14
79805,100,96,4,4
79806,111,105,6,6
79807,92,79,13,13
79808,162,143,19,19
79809,109,100,9,9
79810,164,141,23,23
79811,63,51,12,12
79812,67,65,2,2
79813,158,147,11,11
79814,82,74,8,8
79815,65,53,12,12
79816,118,98,20,20
79817,87,85,2,2
79818,159,145,14,14
79819,122,100,22,22
79820,102,91,11,11
79821,63,56,7,7
79822,94,84,10,10
79823,100,92,8,8
79824,87,65,22,22
79825,98,82,16,16
79826,79,64,15,15
79827,104,86,18,18
79828,115,97,18,18
79829,118,122,-4,4
79830,82,73,9,9
79831,130,109,21,21
79832,98,90,8,8
79833,141,131,10,10
79834,197,164,33,33
79835,141,130,11,11
79836,91,82,9,9
79837,80,68,12,12
79838,104,82,22,22
79839,171,148,23,23
79840,292,226,66,66
79841,113,105,8,8
79842,111,94,17,17
79843,116,105,11,11
79844,66,58,8,8
79845,146,127,19,19
79846,62,57,5,5
79847,105,92,13,13
79848,66,59,7,7
79849,59,54,5,5
79850,74,70,4,4
79851,91,73,18,18
79852,117,102,15,15
79853,101,94,7,7
79854,167,154,13,13
79855,69,62,7,7
79856,120,109,11,11
79857,119,101,18,18
79858,130,111,19,19
79859,69,58,11,11
79860,97,92,5,5
79861,76,70,6,6
79862,183,155,28,28
79863,65,64,1,1
79864,155,128,27,27
79865,80,68,12,12
79866,107,99,8,8
79867,46,55,-9,9
79868,95,79,16,16
79869,72,61,11,11
79870,74,72,2,2
79871,73,66,7,7
79872,66,52,14,14
79873,76,72,4,4
79874,75,69,6,6
79875,36,53,-17,17
79876,82,74,8,8
79877,150,127,23,23
79878,88,84,4,4
79879,40,39,1,1
79880,82,76,6,6
79881,166,143,23,23
79882,113,101,12,12
79883,120,109,11,11
79884,136,119,17,17
79885,53,53,0,0
79886,233,203,30,30
79887,78,67,11,11
79888,112,97,15,15
79889,103,101,2,2
79890,100,83,17,17
79891,86,82,4,4
79892,69,65,4,4
79893,109,97,12,12
79894,105,91,14,14
79895,51,76,-25,25
79896,99,99,0,0
79897,138,130,8,8
79898,42,82,-40,40
79899,87,74,13,13
79900,141,122,19,19
79901,75,75,0,0
79902,96,82,14,14
79903,56,51,5,5
79904,122,104,18,18
79905,65,60,5,5
79906,113,91,22,22
79907,67,56,11,11
79908,83,73,10,10
79909,91,70,21,21
79910,136,124,12,12
79911,85,70,15,15
79912,66,63,3,3
79913,79,59,20,20
79914,73,63,10,10
79915,106,94,12,12
79916,76,66,10,10
79917,149,125,24,24
79918,38,45,-7,7
79919,108,90,18,18
79920,91,85,6,6
79921,105,94,11,11
79922,85,79,6,6
79923,62,65,-3,3
79924,117,123,-6,6
79925,62,61,1,1
79926,115,96,19,19
79927,85,65,20,20
79928,150,134,16,16
79929,132,120,12,12
79930,74,70,4,4
79931,44,57,-13,13
79932,152,139,13,13
79933,142,132,10,10
79934,106,98,8,8
79935,97,89,8,8
79936,97,78,19,19
79937,53,55,-2,2
79938,116,105,11,11
79939,141,125,16,16
79940,109,100,9,9
79941,90,76,14,14
79942,111,102,9,9
79943,186,169,17,17
79944,133,116,17,17
79945,83,68,15,15
79946,69,71,-2,2
79947,73,68,5,5
79948,154,128,26,26
79949,93,93,0,0
79950,87,76,11,11
79951,126,117,9,9
79952,91,83,8,8
79953,79,70,9,9
79954,82,77,5,5
79955,112,82,30,30
79956,72,59,13,13
79957,179,161,18,18
79958,67,66,1,1
79959,61,70,-9,9
79960,134,114,20,20
79961,129,107,22,22
79962,79,68,11,11
79963,95,86,9,9
79964,147,125,22,22
79965,86,82,4,4
79966,64,60,4,4
79967,73,71,2,2
79968,60,55,5,5
79969,122,113,9,9
79970,91,86,5,5
79971,78,74,4,4
79972,69,69,0,0
79973,64,73,-9,9
79974,120,104,16,16
79975,101,90,11,11
79976,51,48,3,3
79977,80,76,4,4
79978,100,124,-24,24
79979,104,96,8,8
79980,69,69,0,0
79981,94,85,9,9
79982,110,109,1,1
79983,157,141,16,16
79984,56,54,2,2
79985,118,108,10,10
79986,29,22,7,7
79987,110,124,-14,14
79988,102,87,15,15
79989,78,70,8,8
79990,116,116,0,0
79991,129,115,14,14
79992,124,119,5,5
79993,69,76,-7,7
79994,94,86,8,8
79995,105,87,18,18
79996,127,126,1,1
79997,99,88,11,11
79998,106,86,20,20
79999,45,39,6,6
80000,73,63,10,10
80001,57,47,10,10
80002,71,62,9,9
80003,84,76,8,8
80004,91,83,8,8
80005,93,81,12,12
80006,75,70,5,5
80007,98,81,17,17
80008,76,66,10,10
80009,87,75,12,12
80010,100,95,5,5
80011,101,85,16,16
80012,63,68,-5,5
80013,94,76,18,18
80014,58,57,1,1
80015,77,62,15,15
80016,136,111,25,25
80017,86,81,5,5
80018,109,92,17,17
80019,77,67,10,10
80020,146,124,22,22
80021,128,113,15,15
80022,164,140,24,24
80023,71,65,6,6
80024,147,135,12,12
80025,96,82,14,14
80026,65,57,8,8
80027,95,84,11,11
80028,84,75,9,9
80029,104,90,14,14
80030,75,70,5,5
80031,168,148,20,20
80032,200,164,36,36
80033,153,141,12,12
80034,171,156,15,15
80035,111,108,3,3
80036,65,66,-1,1
80037,85,86,-1,1
80038,98,76,22,22
80039,111,101,10,10
80040,112,100,12,12
80041,113,97,16,16
80042,148,119,29,29
80043,115,101,14,14
80044,63,64,-1,1
80045,95,78,17,17
80046,98,91,7,7
80047,117,107,10,10
80048,144,122,22,22
80049,115,112,3,3
80050,124,106,18,18
80051,115,107,8,8
80052,93,89,4,4
80053,83,77,6,6
80054,83,74,9,9
80055,106,94,12,12
80056,104,92,12,12
80057,149,150,-1,1
80058,94,89,5,5
80059,61,59,2,2
80060,63,67,-4,4
80061,98,89,9,9
80062,70,68,2,2
80063,96,91,5,5
80064,89,76,13,13
80065,120,128,-8,8
80066,85,69,16,16
80067,159,121,38,38
80068,144,129,15,15
80069,63,58,5,5
80070,102,89,13,13
80071,119,96,23,23
80072,106,97,9,9
80073,88,67,21,21
80074,54,50,4,4
80075,58,55,3,3
80076,130,110,20,20
80077,168,139,29,29
80078,73,65,8,8
80079,133,123,10,10
80080,98,90,8,8
80081,86,72,14,14
80082,81,75,6,6
80083,83,74,9,9
80084,59,57,2,2
80085,43,44,-1,1
80086,80,73,7,7
80087,73,69,4,4
80088,86,76,10,10
80089,89,102,-13,13
80090,77,70,7,7
80091,59,47,12,12
80092,64,86,-22,22
80093,82,68,14,14
80094,47,43,4,4
80095,99,75,24,24
80096,104,94,10,10
80097,62,60,2,2
80098,70,68,2,2
80099,65,62,3,3
80100,79,69,10,10
80101,86,77,9,9
80102,105,91,14,14
80103,91,86,5,5
80104,117,95,22,22
80105,43,43,0,0
80106,171,146,25,25
80107,115,101,14,14
80108,111,103,8,8
80109,73,66,7,7
80110,118,102,16,16
80111,84,70,14,14
80112,96,91,5,5
80113,115,104,11,11
80114,172,148,24,24
80115,138,118,20,20
80116,130,109,21,21
80117,142,124,18,18
80118,92,84,8,8
80119,71,57,14,14
80120,42,42,0,0
80121,93,79,14,14
80122,116,95,21,21
80123,90,70,20,20
80124,74,70,4,4
80125,56,56,0,0
80126,139,111,28,28
80127,76,75,1,1
80128,97,92,5,5
80129,88,83,5,5
80130,70,63,7,7
80131,148,126,22,22
80132,70,61,9,9
80133,112,101,11,11
80134,81,62,19,19
80135,52,49,3,3
80136,95,89,6,6
80137,80,74,6,6
80138,46,46,0,0
80139,50,47,3,3
80140,129,113,16,16
80141,90,81,9,9
80142,132,101,31,31
80143,143,127,16,16
80144,130,136,-6,6
80145,147,124,23,23
80146,103,87,16,16
80147,61,51,10,10
80148,88,84,4,4
80149,158,135,23,23
80150,50,49,1,1
80151,115,101,14,14
80152,86,80,6,6
80153,95,83,12,12
80154,135,129,6,6
80155,84,78,6,6
80156,116,119,-3,3
80157,31,36,-5,5
80158,86,78,8,8
80159,87,71,16,16
80160,99,79,20,20
80161,61,61,0,0
80162,66,56,10,10
80163,99,87,12,12
80164,83,62,21,21
80165,63,56,7,7
80166,85,69,16,16
80167,90,82,8,8
80168,114,99,15,15
80169,77,69,8,8
80170,74,71,3,3
80171,85,76,9,9
80172,49,75,-26,26
80173,29,32,-3,3
80174,77,64,13,13
80175,70,64,6,6
80176,72,70,2,2
80177,67,74,-7,7
80178,73,65,8,8
80179,112,88,24,24
80180,153,140,13,13
80181,120,108,12,12
80182,96,87,9,9
80183,104,91,13,13
80184,74,68,6,6
80185,50,44,6,6
80186,74,65,9,9
80187,91,77,14,14
80188,100,89,11,11
80189,45,51,-6,6
80190,96,89,7,7
80191,57,52,5,5
80192,117,99,18,18
80193,116,103,13,13
80194,117,107,10,10
80195,85,81,4,4
80196,90,84,6,6
80197,120,93,27,27
80198,63,64,-1,1
80199,131,133,-2,2
80200,55,52,3,3
80201,159,149,10,10
80202,95,76,19,19
80203,91,80,11,11
80204,52,47,5,5
80205,73,61,12,12
80206,107,93,14,14
80207,73,70,3,3
80208,144,122,22,22
80209,101,97,4,4
80210,84,71,13,13
80211,72,69,3,3
80212,100,102,-2,2
80213,57,52,5,5
80214,89,73,16,16
80215,85,74,11,11
80216,136,124,12,12
80217,104,98,6,6
80218,180,153,27,27
80219,88,76,12,12
80220,81,80,1,1
80221,98,87,11,11
80222,63,53,10,10
80223,81,83,-2,2
80224,132,126,6,6
80225,139,124,15,15
80226,156,129,27,27
80227,94,85,9,9
80228,113,105,8,8
80229,155,158,-3,3
80230,106,86,20,20
80231,71,64,7,7
80232,98,93,5,5
80233,48,125,-77,77
80234,54,49,5,5
80235,86,73,13,13
80236,103,93,10,10
80237,148,123,25,25
80238,73,60,13,13
80239,135,128,7,7
80240,93,82,11,11
80241,137,124,13,13
80242,82,73,9,9
80243,78,66,12,12
80244,95,88,7,7
80245,74,64,10,10
80246,95,85,10,10
80247,64,59,5,5
80248,100,95,5,5
80249,95,89,6,6
80250,28,39,-11,11
80251,38,38,0,0
80252,92,80,12,12
80253,134,122,12,12
80254,68,63,5,5
80255,117,99,18,18
80256,118,99,19,19
80257,79,65,14,14
80258,61,57,4,4
80259,132,109,23,23
80260,98,97,1,1
80261,70,68,2,2
80262,117,99,18,18
80263,61,51,10,10
80264,69,64,5,5
80265,76,61,15,15
80266,56,56,0,0
80267,108,94,14,14
80268,70,62,8,8
80269,53,48,5,5
80270,94,84,10,10
80271,158,140,18,18
80272,146,129,17,17
80273,94,87,7,7
80274,48,47,1,1
80275,85,78,7,7
80276,117,93,24,24
80277,119,96,23,23
80278,72,69,3,3
80279,103,91,12,12
80280,85,74,11,11
80281,121,98,23,23
80282,66,67,-1,1
80283,177,171,6,6
80284,85,73,12,12
80285,151,141,10,10
80286,57,51,6,6
80287,83,64,19,19
80288,68,59,9,9
80289,118,108,10,10
80290,70,62,8,8
80291,30,41,-11,11
80292,94,90,4,4
80293,68,65,3,3
80294,153,142,11,11
80295,81,68,13,13
80296,106,93,13,13
80297,93,77,16,16
80298,152,138,14,14
80299,117,106,11,11
80300,121,105,16,16
80301,104,97,7,7
80302,130,106,24,24
80303,113,98,15,15
80304,108,89,19,19
80305,110,91,19,19
80306,76,77,-1,1
80307,119,103,16,16
80308,79,64,15,15
80309,96,86,10,10
80310,74,82,-8,8
80311,71,61,10,10
80312,79,64,15,15
80313,62,57,5,5
80314,67,62,5,5
80315,149,117,32,32
80316,70,65,5,5
80317,87,75,12,12
80318,302,243,59,59
80319,51,50,1,1
80320,73,63,10,10
80321,47,44,3,3
80322,138,112,26,26
80323,155,133,22,22
80324,67,65,2,2
80325,118,110,8,8
80326,73,68,5,5
80327,67,64,3,3
80328,43,50,-7,7
80329,101,97,4,4
80330,89,73,16,16
80331,67,63,4,4
80332,148,132,16,16
80333,131,114,17,17
80334,73,60,13,13
80335,135,129,6,6
80336,71,68,3,3
80337,71,63,8,8
80338,108,85,23,23
80339,131,111,20,20
80340,115,117,-2,2
80341,56,53,3,3
80342,84,72,12,12
80343,92,87,5,5
80344,38,34,4,4
80345,134,107,27,27
80346,75,68,7,7
80347,124,101,23,23
80348,126,113,13,13
80349,103,104,-1,1
80350,57,48,9,9
80351,82,82,0,0
80352,113,102,11,11
80353,103,100,3,3
80354,119,94,25,25
80355,259,250,9,9
80356,87,76,11,11
80357,180,138,42,42
80358,84,82,2,2
80359,110,106,4,4
80360,116,97,19,19
80361,114,102,12,12
80362,124,121,3,3
80363,92,74,18,18
80364,86,82,4,4
80365,85,78,7,7
80366,65,58,7,7
80367,73,65,8,8
80368,72,67,5,5
80369,108,97,11,11
80370,47,44,3,3
80371,96,89,7,7
80372,66,64,2,2
80373,70,69,1,1
80374,134,115,19,19
80375,47,46,1,1
80376,50,51,-1,1
80377,69,68,1,1
80378,82,72,10,10
80379,103,89,14,14
80380,79,69,10,10
80381,82,75,7,7
80382,77,78,-1,1
80383,77,73,4,4
80384,99,87,12,12
80385,99,90,9,9
80386,156,149,7,7
80387,82,67,15,15
80388,123,103,20,20
80389,75,61,14,14
80390,47,47,0,0
80391,32,33,-1,1
80392,72,68,4,4
80393,92,83,9,9
80394,128,95,33,33
80395,100,93,7,7
80396,78,77,1,1
80397,141,120,21,21
80398,361,269,92,92
80399,142,120,22,22
80400,28,51,-23,23
80401,53,48,5,5
80402,80,74,6,6
80403,81,75,6,6
80404,181,142,39,39
80405,55,56,-1,1
80406,81,71,10,10
80407,58,56,2,2
80408,28,22,6,6
80409,76,74,2,2
80410,77,75,2,2
80411,125,110,15,15
80412,89,89,0,0
80413,91,82,9,9
80414,103,95,8,8
80415,97,88,9,9
80416,90,71,19,19
80417,69,62,7,7
80418,140,127,13,13
80419,59,51,8,8
80420,140,121,19,19
80421,119,111,8,8
80422,86,84,2,2
80423,71,65,6,6
80424,179,156,23,23
80425,119,90,29,29
80426,115,96,19,19
80427,61,60,1,1
80428,160,145,15,15
80429,127,115,12,12
80430,186,168,18,18
80431,95,90,5,5
80432,73,69,4,4
80433,86,71,15,15
80434,64,63,1,1
80435,164,142,22,22
80436,80,71,9,9
80437,107,111,-4,4
80438,138,117,21,21
80439,95,84,11,11
80440,161,135,26,26
80441,81,69,12,12
80442,118,103,15,15
80443,102,90,12,12
80444,79,71,8,8
80445,83,74,9,9
80446,96,74,22,22
80447,99,90,9,9
80448,101,87,14,14
80449,73,64,9,9
80450,151,131,20,20
80451,86,83,3,3
80452,107,90,17,17
80453,102,84,18,18
80454,87,77,10,10
80455,110,93,17,17
80456,75,76,-1,1
80457,68,81,-13,13
80458,88,83,5,5
80459,84,71,13,13
80460,81,70,11,11
80461,78,71,7,7
80462,73,65,8,8
80463,103,85,18,18
80464,175,147,28,28
80465,122,107,15,15
80466,106,91,15,15
80467,53,45,8,8
80468,120,106,14,14
80469,135,123,12,12
80470,96,83,13,13
80471,69,63,6,6
80472,86,77,9,9
80473,94,90,4,4
80474,46,45,1,1
80475,93,82,11,11
80476,111,103,8,8
80477,54,51,3,3
80478,63,55,8,8
80479,59,58,1,1
80480,61,57,4,4
80481,68,69,-1,1
80482,140,111,29,29
80483,79,65,14,14
80484,148,137,11,11
80485,114,101,13,13
80486,77,73,4,4
80487,95,74,21,21
80488,53,47,6,6
80489,102,95,7,7
80490,150,135,15,15
80491,142,112,30,30
80492,123,114,9,9
80493,85,71,14,14
80494,86,71,15,15
80495,106,88,18,18
80496,123,105,18,18
80497,99,86,13,13
80498,78,63,15,15
80499,74,66,8,8
80500,83,69,14,14
80501,68,89,-21,21
80502,100,95,5,5
80503,71,57,14,14
80504,85,64,21,21
80505,105,91,14,14
80506,132,116,16,16
80507,109,88,21,21
80508,95,82,13,13
80509,101,87,14,14
80510,49,50,-1,1
80511,37,36,1,1
80512,80,77,3,3
80513,66,49,17,17
80514,70,63,7,7
80515,93,75,18,18
80516,54,53,1,1
80517,99,95,4,4
80518,100,86,14,14
80519,143,126,17,17
80520,67,56,11,11
80521,69,61,8,8
80522,72,82,-10,10
80523,88,83,5,5
80524,116,82,34,34
80525,103,92,11,11
80526,129,116,13,13
80527,112,99,13,13
80528,47,43,4,4
80529,80,69,11,11
80530,87,73,14,14
80531,102,94,8,8
80532,111,100,11,11
80533,113,104,9,9
80534,85,70,15,15
80535,57,56,1,1
80536,110,93,17,17
80537,91,80,11,11
80538,127,109,18,18
80539,71,60,11,11
80540,110,91,19,19
80541,143,127,16,16
80542,90,83,7,7
80543,122,100,22,22
80544,124,103,21,21
80545,53,49,4,4
80546,77,74,3,3
80547,35,35,0,0
80548,63,67,-4,4
80549,115,96,19,19
80550,128,112,16,16
80551,99,89,10,10
80552,90,87,3,3
80553,80,67,13,13
80554,98,86,12,12
80555,95,82,13,13
80556,138,124,14,14
80557,84,72,12,12
80558,129,121,8,8
80559,101,81,20,20
80560,109,84,25,25
80561,142,129,13,13
80562,72,52,20,20
80563,110,97,13,13
80564,52,45,7,7
80565,66,74,-8,8
80566,69,63,6,6
80567,79,66,13,13
80568,69,64,5,5
80569,97,84,13,13
80570,96,82,14,14
80571,105,90,15,15
80572,144,122,22,22
80573,129,107,22,22
80574,75,72,3,3
80575,111,92,19,19
80576,149,128,21,21
80577,110,100,10,10
80578,73,65,8,8
80579,58,56,2,2
80580,47,43,4,4
80581,82,78,4,4
80582,70,63,7,7
80583,124,96,28,28
80584,78,70,8,8
80585,136,114,22,22
80586,147,135,12,12
80587,84,90,-6,6
80588,121,104,17,17
80589,63,54,9,9
80590,94,81,13,13
80591,125,116,9,9
80592,82,80,2,2
80593,158,128,30,30
80594,67,64,3,3
80595,61,63,-2,2
80596,119,106,13,13
80597,65,62,3,3
80598,86,80,6,6
80599,98,73,25,25
80600,143,128,15,15
80601,105,94,11,11
80602,113,115,-2,2
80603,77,65,12,12
80604,107,103,4,4
80605,58,54,4,4
80606,145,130,15,15
80607,52,60,-8,8
80608,109,90,19,19
80609,71,62,9,9
80610,64,62,2,2
80611,129,107,22,22
80612,83,79,4,4
80613,40,52,-12,12
80614,102,98,4,4
80615,65,55,10,10
80616,100,77,23,23
80617,131,113,18,18
80618,90,78,12,12
80619,92,87,5,5
80620,67,70,-3,3
80621,121,104,17,17
80622,126,103,23,23
80623,93,84,9,9
80624,157,138,19,19
80625,89,78,11,11
80626,53,54,-1,1
80627,96,80,16,16
80628,111,92,19,19
80629,121,103,18,18
80630,67,71,-4,4
80631,59,53,6,6
80632,88,79,9,9
80633,71,73,-2,2
80634,57,51,6,6
80635,118,98,20,20
80636,78,65,13,13
80637,118,101,17,17
80638,85,76,9,9
80639,102,93,9,9
80640,69,64,5,5
80641,179,164,15,15
80642,94,97,-3,3
80643,100,89,11,11
80644,91,75,16,16
80645,139,130,9,9
80646,77,72,5,5
80647,64,59,5,5
80648,64,58,6,6
80649,137,123,14,14
80650,113,99,14,14
80651,93,74,19,19
80652,100,93,7,7
80653,88,78,10,10
80654,87,75,12,12
80655,144,125,19,19
80656,41,47,-6,6
80657,51,51,0,0
80658,78,65,13,13
80659,72,62,10,10
80660,66,59,7,7
80661,58,60,-2,2
80662,123,113,10,10
80663,90,75,15,15
80664,56,47,9,9
80665,98,77,21,21
80666,91,80,11,11
80667,126,106,20,20
80668,68,49,19,19
80669,117,97,20,20
80670,46,44,2,2
80671,71,67,4,4
80672,111,96,15,15
80673,89,76,13,13
80674,58,58,0,0
80675,104,92,12,12
80676,110,93,17,17
80677,101,89,12,12
80678,203,200,3,3
80679,90,83,7,7
80680,82,71,11,11
80681,133,107,26,26
80682,67,60,7,7
80683,75,67,8,8
80684,90,73,17,17
80685,91,74,17,17
80686,91,84,7,7
80687,67,64,3,3
80688,122,108,14,14
80689,59,56,3,3
80690,40,43,-3,3
80691,104,87,17,17
80692,118,108,10,10
80693,92,73,19,19
80694,157,149,8,8
80695,65,61,4,4
80696,60,58,2,2
80697,100,84,16,16
80698,31,33,-2,2
80699,94,79,15,15
80700,45,45,0,0
80701,109,90,19,19
80702,85,68,17,17
80703,86,83,3,3
80704,185,155,30,30
80705,97,83,14,14
80706,69,55,14,14
80707,194,169,25,25
80708,63,69,-6,6
80709,141,127,14,14
80710,87,66,21,21
80711,131,114,17,17
80712,152,125,27,27
80713,96,83,13,13
80714,111,98,13,13
80715,92,72,20,20
80716,108,91,17,17
80717,83,72,11,11
80718,52,50,2,2
80719,103,93,10,10
80720,189,162,27,27
80721,80,61,19,19
80722,149,126,23,23
80723,146,122,24,24
80724,66,56,10,10
80725,38,38,0,0
80726,124,118,6,6
80727,55,54,1,1
80728,141,110,31,31
80729,83,106,-23,23
80730,144,136,8,8
80731,127,116,11,11
80732,80,64,16,16
80733,125,107,18,18
80734,115,100,15,15
80735,79,70,9,9
80736,73,66,7,7
80737,92,68,24,24
80738,84,76,8,8
80739,103,93,10,10
80740,104,100,4,4
80741,101,94,7,7
80742,92,87,5,5
80743,169,141,28,28
80744,53,50,3,3
80745,114,92,22,22
80746,138,124,14,14
80747,86,73,13,13
80748,85,76,9,9
80749,147,131,16,16
80750,58,56,2,2
80751,128,113,15,15
80752,65,64,1,1
80753,89,76,13,13
80754,95,89,6,6
80755,84,74,10,10
80756,115,95,20,20
80757,142,121,21,21
80758,120,103,17,17
80759,102,94,8,8
80760,121,128,-7,7
80761,48,49,-1,1
80762,127,95,32,32
80763,76,63,13,13
80764,133,114,19,19
80765,108,92,16,16
80766,67,58,9,9
80767,33,37,-4,4
80768,148,120,28,28
80769,115,88,27,27
80770,68,88,-20,20
80771,132,129,3,3
80772,167,141,26,26
80773,145,138,7,7
80774,126,112,14,14
80775,72,60,12,12
80776,108,102,6,6
80777,75,70,5,5
80778,66,65,1,1
80779,72,63,9,9
80780,99,83,16,16
80781,67,58,9,9
80782,113,101,12,12
80783,108,89,19,19
80784,94,80,14,14
80785,57,56,1,1
80786,97,77,20,20
80787,64,61,3,3
80788,127,114,13,13
80789,90,74,16,16
80790,185,163,22,22
80791,110,88,22,22
80792,59,57,2,2
80793,119,96,23,23
80794,88,89,-1,1
80795,196,160,36,36
80796,95,87,8,8
80797,69,69,0,0
80798,159,148,11,11
80799,66,76,-10,10
80800,100,78,22,22
80801,90,86,4,4
80802,71,61,10,10
80803,63,57,6,6
80804,104,84,20,20
80805,64,64,0,0
80806,67,68,-1,1
80807,71,66,5,5
80808,155,129,26,26
80809,89,72,17,17
80810,128,113,15,15
80811,95,90,5,5
80812,51,46,5,5
80813,118,102,16,16
80814,102,89,13,13
80815,124,110,14,14
80816,68,63,5,5
80817,50,48,2,2
80818,86,80,6,6
80819,89,83,6,6
80820,113,91,22,22
80821,126,104,22,22
80822,64,69,-5,5
80823,120,109,11,11
80824,62,57,5,5
80825,73,78,-5,5
80826,145,128,17,17
80827,63,58,5,5
80828,80,79,1,1
80829,82,74,8,8
80830,41,36,5,5
80831,93,85,8,8
80832,107,93,14,14
80833,60,55,5,5
80834,93,79,14,14
80835,97,87,10,10
80836,90,81,9,9
80837,111,106,5,5
80838,57,52,5,5
80839,75,65,10,10
80840,54,55,-1,1
80841,55,63,-8,8
80842,84,76,8,8
80843,95,85,10,10
80844,101,80,21,21
80845,91,81,10,10
80846,65,57,8,8
80847,59,55,4,4
80848,112,97,15,15
80849,164,145,19,19
80850,61,60,1,1
80851,75,69,6,6
80852,149,127,22,22
80853,152,125,27,27
80854,65,62,3,3
80855,90,76,14,14
80856,96,91,5,5
80857,105,91,14,14
80858,75,70,5,5
80859,61,55,6,6
80860,102,88,14,14
80861,96,80,16,16
80862,96,75,21,21
80863,89,76,13,13
80864,100,87,13,13
80865,96,78,18,18
80866,57,54,3,3
80867,67,66,1,1
80868,148,129,19,19
80869,108,95,13,13
80870,50,47,3,3
80871,151,128,23,23
80872,72,70,2,2
80873,55,53,2,2
80874,166,129,37,37
80875,75,70,5,5
80876,154,125,29,29
80877,71,68,3,3
80878,77,69,8,8
80879,72,59,13,13
80880,79,72,7,7
80881,166,138,28,28
80882,72,67,5,5
80883,91,79,12,12
80884,80,75,5,5
80885,111,77,34,34
80886,81,79,2,2
80887,74,71,3,3
80888,129,109,20,20
80889,120,99,21,21
80890,79,69,10,10
80891,95,73,22,22
80892,82,76,6,6
80893,124,103,21,21
80894,73,64,9,9
80895,328,377,-49,49
80896,95,79,16,16
80897,90,75,15,15
80898,105,95,10,10
80899,131,116,15,15
80900,96,83,13,13
80901,64,48,16,16
80902,129,98,31,31
80903,84,67,17,17
80904,126,107,19,19
80905,132,114,18,18
80906,108,96,12,12
80907,74,65,9,9
80908,122,106,16,16
80909,96,96,0,0
80910,172,161,11,11
80911,150,128,22,22
80912,82,74,8,8
80913,119,110,9,9
80914,42,41,1,1
80915,125,99,26,26
80916,47,38,9,9
80917,78,64,14,14
80918,51,50,1,1
80919,56,58,-2,2
80920,100,96,4,4
80921,105,90,15,15
80922,241,177,64,64
80923,148,125,23,23
80924,49,45,4,4
80925,116,102,14,14
80926,45,35,10,10
80927,89,74,15,15
80928,83,76,7,7
80929,106,96,10,10
80930,84,86,-2,2
80931,82,71,11,11
80932,69,64,5,5
80933,87,78,9,9
80934,85,92,-7,7
80935,75,62,13,13
80936,142,128,14,14
80937,84,76,8,8
80938,112,88,24,24
80939,74,69,5,5
80940,82,78,4,4
80941,96,88,8,8
80942,106,92,14,14
80943,41,46,-5,5
80944,70,57,13,13
80945,62,58,4,4
80946,108,98,10,10
80947,115,93,22,22
80948,79,67,12,12
80949,101,90,11,11
80950,73,63,10,10
80951,69,62,7,7
80952,42,39,3,3
80953,130,113,17,17
80954,74,60,14,14
80955,69,63,6,6
80956,112,94,18,18
80957,95,88,7,7
80958,56,53,3,3
80959,98,86,12,12
80960,93,87,6,6
80961,93,79,14,14
80962,99,92,7,7
80963,137,115,22,22
80964,127,116,11,11
80965,82,71,11,11
80966,58,64,-6,6
80967,83,66,17,17
80968,130,108,22,22
80969,99,73,26,26
80970,134,120,14,14
80971,134,113,21,21
80972,73,62,11,11
80973,98,97,1,1
80974,56,51,5,5
80975,106,97,9,9
80976,157,131,26,26
80977,70,64,6,6
80978,105,92,13,13
80979,108,104,4,4
80980,65,60,5,5
80981,82,69,13,13
80982,75,68,7,7
80983,88,82,6,6
80984,79,72,7,7
80985,85,80,5,5
80986,98,83,15,15
80987,70,61,9,9
80988,132,123,9,9
80989,121,97,24,24
80990,120,121,-1,1
80991,131,109,22,22
80992,100,93,7,7
80993,103,90,13,13
80994,89,75,14,14
80995,87,79,8,8
80996,63,61,2,2
80997,101,92,9,9
80998,80,68,12,12
80999,60,53,7,7
81000,53,50,3,3
81001,147,119,28,28
81002,83,76,7,7
81003,91,82,9,9
81004,120,101,19,19
81005,79,69,10,10
81006,66,53,13,13
81007,126,93,33,33
81008,155,126,29,29
81009,73,67,6,6
81010,75,62,13,13
81011,110,99,11,11
81012,87,77,10,10
81013,92,79,13,13
81014,133,122,11,11
81015,100,84,16,16
81016,89,79,10,10
81017,73,70,3,3
81018,56,48,8,8
81019,117,96,21,21
81020,77,51,26,26
81021,58,50,8,8
81022,132,120,12,12
81023,149,115,34,34
81024,60,52,8,8
81025,88,74,14,14
81026,118,96,22,22
81027,71,68,3,3
81028,158,140,18,18
81029,143,117,26,26
81030,63,63,0,0
81031,49,52,-3,3
81032,111,95,16,16
81033,121,109,12,12
81034,97,79,18,18
81035,116,101,15,15
81036,58,51,7,7
81037,66,51,15,15
81038,63,53,10,10
81039,54,43,11,11
81040,83,77,6,6
81041,66,63,3,3
81042,48,46,2,2
81043,69,66,3,3
81044,39,61,-22,22
81045,158,116,42,42
81046,48,47,1,1
81047,63,55,8,8
81048,93,89,4,4
81049,87,82,5,5
81050,64,50,14,14
81051,148,108,40,40
81052,58,53,5,5
81053,51,51,0,0
81054,53,54,-1,1
81055,138,123,15,15
81056,75,68,7,7
81057,94,85,9,9
81058,49,52,-3,3
81059,132,126,6,6
81060,98,83,15,15
81061,97,94,3,3
81062,100,82,18,18
81063,107,90,17,17
81064,65,54,11,11
81065,67,59,8,8
81066,54,49,5,5
81067,123,110,13,13
81068,133,109,24,24
81069,105,116,-11,11
81070,91,84,7,7
81071,121,108,13,13
81072,81,80,1,1
81073,59,61,-2,2
81074,154,122,32,32
81075,85,75,10,10
81076,80,84,-4,4
81077,181,159,22,22
81078,112,96,16,16
81079,80,70,10,10
81080,140,113,27,27
81081,92,70,22,22
81082,87,68,19,19
81083,62,66,-4,4
81084,136,114,22,22
81085,74,66,8,8
81086,74,63,11,11
81087,45,40,5,5
81088,87,77,10,10
81089,81,70,11,11
81090,37,36,1,1
81091,73,64,9,9
81092,81,73,8,8
81093,119,104,15,15
81094,139,125,14,14
81095,106,98,8,8
81096,105,93,12,12
81097,129,114,15,15
81098,97,89,8,8
81099,94,106,-12,12
81100,89,100,-11,11
81101,84,72,12,12
81102,182,144,38,38
81103,44,44,0,0
81104,98,82,16,16
81105,83,71,12,12
81106,159,136,23,23
81107,61,56,5,5
81108,145,112,33,33
81109,113,121,-8,8
81110,74,68,6,6
81111,44,38,6,6
81112,70,71,-1,1
81113,87,96,-9,9
81114,156,129,27,27
81115,78,69,9,9
81116,99,82,17,17
81117,120,100,20,20
81118,100,102,-2,2
81119,90,75,15,15
81120,90,84,6,6
81121,126,114,12,12
81122,59,45,14,14
81123,82,72,10,10
81124,71,76,-5,5
81125,87,72,15,15
81126,72,71,1,1
81127,112,93,19,19
81128,65,57,8,8
81129,68,64,4,4
81130,62,57,5,5
81131,130,115,15,15
81132,60,52,8,8
81133,100,95,5,5
81134,48,47,1,1
81135,97,86,11,11
81136,85,70,15,15
81137,143,108,35,35
81138,112,100,12,12
81139,70,66,4,4
81140,107,108,-1,1
81141,103,89,14,14
81142,79,65,14,14
81143,65,53,12,12
81144,74,62,12,12
81145,62,60,2,2
81146,146,127,19,19
81147,138,121,17,17
81148,109,96,13,13
81149,57,52,5,5
81150,81,74,7,7
81151,100,88,12,12
81152,55,55,0,0
81153,71,67,4,4
81154,137,112,25,25
81155,173,150,23,23
81156,53,52,1,1
81157,69,62,7,7
81158,115,89,26,26
81159,71,68,3,3
81160,129,110,19,19
81161,142,118,24,24
81162,48,45,3,3
81163,77,68,9,9
81164,81,81,0,0
81165,103,89,14,14
81166,75,66,9,9
81167,86,73,13,13
81168,105,97,8,8
81169,61,52,9,9
81170,109,91,18,18
81171,98,84,14,14
81172,153,138,15,15
81173,50,53,-3,3
81174,178,147,31,31
81175,85,72,13,13
81176,118,105,13,13
81177,94,76,18,18
81178,116,88,28,28
81179,92,80,12,12
81180,96,85,11,11
81181,44,43,1,1
81182,96,83,13,13
81183,146,112,34,34
81184,90,69,21,21
81185,86,75,11,11
81186,112,103,9,9
81187,102,101,1,1
81188,47,42,5,5
81189,107,87,20,20
81190,52,58,-6,6
81191,122,109,13,13
81192,84,68,16,16
81193,76,68,8,8
81194,72,66,6,6
81195,181,156,25,25
81196,71,66,5,5
81197,92,85,7,7
81198,152,132,20,20
81199,133,118,15,15
81200,97,87,10,10
81201,135,122,13,13
81202,75,71,4,4
81203,99,90,9,9
81204,92,105,-13,13
81205,113,107,6,6
81206,65,56,9,9
81207,100,93,7,7
81208,124,115,9,9
81209,82,74,8,8
81210,111,104,7,7
81211,101,87,14,14
81212,60,58,2,2
81213,141,115,26,26
81214,69,63,6,6
81215,141,129,12,12
81216,111,88,23,23
81217,169,148,21,21
81218,126,110,16,16
81219,75,70,5,5
81220,120,99,21,21
81221,141,132,9,9
81222,104,108,-4,4
81223,48,48,0,0
81224,93,83,10,10
81225,140,120,20,20
81226,97,75,22,22
81227,110,92,18,18
81228,45,40,5,5
81229,92,83,9,9
81230,87,68,19,19
81231,90,73,17,17
81232,68,66,2,2
81233,64,63,1,1
81234,59,48,11,11
81235,135,117,18,18
81236,52,51,1,1
81237,121,117,4,4
81238,78,74,4,4
81239,97,89,8,8
81240,64,79,-15,15
81241,113,103,10,10
81242,83,71,12,12
81243,79,67,12,12
81244,77,74,3,3
81245,56,57,-1,1
81246,156,136,20,20
81247,134,115,19,19
81248,66,58,8,8
81249,113,103,10,10
81250,89,76,13,13
81251,95,91,4,4
81252,98,89,9,9
81253,137,130,7,7
81254,113,94,19,19
81255,173,143,30,30
81256,122,106,16,16
81257,92,78,14,14
81258,142,119,23,23
81259,82,75,7,7
81260,42,41,1,1
81261,116,125,-9,9
81262,89,79,10,10
81263,140,122,18,18
81264,130,97,33,33
81265,80,69,11,11
81266,113,105,8,8
81267,60,56,4,4
81268,143,154,-11,11
81269,86,71,15,15
81270,126,106,20,20
81271,75,63,12,12
81272,120,102,18,18
81273,125,104,21,21
81274,195,164,31,31
81275,71,63,8,8
81276,131,116,15,15
81277,111,99,12,12
81278,89,86,3,3
81279,93,81,12,12
81280,80,72,8,8
81281,80,66,14,14
81282,46,40,6,6
81283,134,114,20,20
81284,83,71,12,12
81285,145,129,16,16
81286,80,71,9,9
81287,82,65,17,17
81288,86,70,16,16
81289,62,62,0,0
81290,46,45,1,1
81291,112,97,15,15
81292,99,87,12,12
81293,145,123,22,22
81294,166,152,14,14
81295,45,45,0,0
81296,126,97,29,29
81297,89,76,13,13
81298,99,94,5,5
81299,77,69,8,8
81300,119,94,25,25
81301,93,100,-7,7
81302,102,98,4,4
81303,62,56,6,6
81304,57,52,5,5
81305,63,59,4,4
81306,56,51,5,5
81307,137,120,17,17
81308,101,88,13,13
81309,90,74,16,16
81310,136,117,19,19
81311,70,61,9,9
81312,81,73,8,8
81313,66,56,10,10
81314,93,83,10,10
81315,73,60,13,13
81316,90,78,12,12
81317,83,74,9,9
81318,89,71,18,18
81319,103,97,6,6
81320,105,88,17,17
81321,83,92,-9,9
81322,115,105,10,10
81323,99,96,3,3
81324,85,78,7,7
81325,73,69,4,4
81326,80,77,3,3
81327,49,52,-3,3
81328,80,71,9,9
81329,63,59,4,4
81330,33,34,-1,1
81331,178,165,13,13
81332,105,116,-11,11
81333,41,51,-10,10
81334,92,87,5,5
81335,98,82,16,16
81336,71,66,5,5
81337,30,30,0,0
81338,62,58,4,4
81339,126,129,-3,3
81340,102,93,9,9
81341,122,110,12,12
81342,79,72,7,7
81343,152,129,23,23
81344,159,131,28,28
81345,161,147,14,14
81346,71,58,13,13
81347,84,78,6,6
81348,118,94,24,24
81349,73,64,9,9
81350,118,105,13,13
81351,102,77,25,25
81352,69,72,-3,3
81353,101,81,20,20
81354,127,108,19,19
81355,84,68,16,16
81356,40,35,5,5
81357,70,61,9,9
81358,135,114,21,21
81359,77,71,6,6
81360,78,69,9,9
81361,70,63,7,7
81362,73,68,5,5
81363,85,73,12,12
81364,106,89,17,17
81365,151,129,22,22
81366,153,137,16,16
81367,133,105,28,28
81368,121,107,14,14
81369,110,97,13,13
81370,71,73,-2,2
81371,98,86,12,12
81372,126,118,8,8
81373,86,80,6,6
81374,77,70,7,7
81375,198,168,30,30
81376,133,116,17,17
81377,124,121,3,3
81378,90,75,15,15
81379,60,55,5,5
81380,80,82,-2,2
81381,47,44,3,3
81382,82,67,15,15
81383,119,88,31,31
81384,66,61,5,5
81385,136,109,27,27
81386,141,119,22,22
81387,50,55,-5,5
81388,71,70,1,1
81389,98,85,13,13
81390,121,95,26,26
81391,81,81,0,0
81392,117,103,14,14
81393,112,100,12,12
81394,94,83,11,11
81395,55,63,-8,8
81396,97,98,-1,1
81397,92,87,5,5
81398,137,124,13,13
81399,54,50,4,4
81400,140,123,17,17
81401,138,113,25,25
81402,85,74,11,11
81403,84,81,3,3
81404,104,90,14,14
81405,113,100,13,13
81406,109,103,6,6
81407,76,83,-7,7
81408,79,73,6,6
81409,65,55,10,10
81410,81,70,11,11
81411,131,107,24,24
81412,204,164,40,40
81413,77,64,13,13
81414,161,128,33,33
81415,97,90,7,7
81416,110,86,24,24
81417,76,67,9,9
81418,70,61,9,9
81419,122,111,11,11
81420,52,52,0,0
81421,121,108,13,13
81422,89,80,9,9
81423,99,79,20,20
81424,62,57,5,5
81425,117,100,17,17
81426,92,89,3,3
81427,169,149,20,20
81428,122,102,20,20
81429,88,85,3,3
81430,94,80,14,14
81431,163,124,39,39
81432,72,63,9,9
81433,87,85,2,2
81434,104,102,2,2
81435,51,49,2,2
81436,57,49,8,8
81437,149,130,19,19
81438,87,79,8,8
81439,109,100,9,9
81440,120,101,19,19
81441,79,64,15,15
81442,129,113,16,16
81443,162,136,26,26
81444,133,118,15,15
81445,82,72,10,10
81446,110,98,12,12
81447,180,144,36,36
81448,104,92,12,12
81449,134,115,19,19
81450,114,95,19,19
81451,130,126,4,4
81452,94,88,6,6
81453,182,149,33,33
81454,93,86,7,7
81455,74,68,6,6
81456,66,63,3,3
81457,164,241,-77,77
81458,125,153,-28,28
81459,74,72,2,2
81460,148,132,16,16
81461,69,65,4,4
81462,98,84,14,14
81463,71,64,7,7
81464,107,92,15,15
81465,133,110,23,23
81466,72,60,12,12
81467,68,62,6,6
81468,97,82,15,15
81469,185,145,40,40
81470,184,161,23,23
81471,106,102,4,4
81472,143,130,13,13
81473,82,85,-3,3
81474,47,51,-4,4
81475,82,67,15,15
81476,97,75,22,22
81477,58,54,4,4
81478,115,95,20,20
81479,137,106,31,31
81480,112,99,13,13
81481,101,88,13,13
81482,56,50,6,6
81483,80,67,13,13
81484,79,71,8,8
81485,186,149,37,37
81486,79,64,15,15
81487,80,64,16,16
81488,85,69,16,16
81489,123,100,23,23
81490,94,75,19,19
81491,71,75,-4,4
81492,83,76,7,7
81493,45,45,0,0
81494,120,132,-12,12
81495,165,144,21,21
81496,73,66,7,7
81497,87,75,12,12
81498,80,75,5,5
81499,132,124,8,8
81500,82,69,13,13
81501,77,67,10,10
81502,62,60,2,2
81503,74,68,6,6
81504,87,84,3,3
81505,142,122,20,20
81506,119,99,20,20
81507,62,57,5,5
