,original,predict,differ,abs
0,67,73,-6,6
1,58,64,-6,6
2,88,82,6,6
3,183,167,16,16
4,81,77,4,4
5,88,88,0,0
6,83,87,-4,4
7,183,133,50,50
8,81,80,1,1
9,117,115,2,2
10,64,58,6,6
11,59,67,-8,8
12,74,73,1,1
13,100,105,-5,5
14,103,100,3,3
15,66,66,0,0
16,97,92,5,5
17,120,104,16,16
18,79,80,-1,1
19,110,109,1,1
20,217,196,21,21
21,156,144,12,12
22,97,85,12,12
23,101,117,-16,16
24,82,75,7,7
25,127,113,14,14
26,112,107,5,5
27,191,164,27,27
28,48,48,0,0
29,106,112,-6,6
30,133,125,8,8
31,57,59,-2,2
32,108,100,8,8
33,89,78,11,11
34,50,70,-20,20
35,62,51,11,11
36,102,93,9,9
37,55,51,4,4
38,89,100,-11,11
39,96,101,-5,5
40,70,71,-1,1
41,115,116,-1,1
42,82,81,1,1
43,102,98,4,4
44,167,136,31,31
45,82,87,-5,5
46,118,126,-8,8
47,85,78,7,7
48,93,91,2,2
49,111,90,21,21
50,77,69,8,8
51,136,127,9,9
52,109,92,17,17
53,85,90,-5,5
54,133,119,14,14
55,138,123,15,15
56,100,118,-18,18
57,130,121,9,9
58,96,98,-2,2
59,58,60,-2,2
60,115,110,5,5
61,73,74,-1,1
62,135,120,15,15
63,177,167,10,10
64,96,101,-5,5
65,77,78,-1,1
66,84,84,0,0
67,105,91,14,14
68,193,178,15,15
69,143,139,4,4
70,111,100,11,11
71,104,92,12,12
72,265,242,23,23
73,88,90,-2,2
74,78,79,-1,1
75,58,61,-3,3
76,86,82,4,4
77,59,64,-5,5
78,139,133,6,6
79,96,90,6,6
80,90,86,4,4
81,83,79,4,4
82,133,126,7,7
83,141,132,9,9
84,72,65,7,7
85,75,72,3,3
86,43,44,-1,1
87,68,71,-3,3
88,170,133,37,37
89,92,96,-4,4
90,64,87,-23,23
91,101,106,-5,5
92,82,76,6,6
93,81,74,7,7
94,75,76,-1,1
95,99,95,4,4
96,45,56,-11,11
97,186,179,7,7
98,127,138,-11,11
99,100,99,1,1
100,66,66,0,0
101,129,105,24,24
102,107,108,-1,1
103,128,120,8,8
104,90,83,7,7
105,68,66,2,2
106,107,106,1,1
107,90,84,6,6
108,89,88,1,1
109,70,69,1,1
110,174,150,24,24
111,90,75,15,15
112,76,76,0,0
113,67,66,1,1
114,76,84,-8,8
115,168,155,13,13
116,91,87,4,4
117,103,101,2,2
118,91,87,4,4
119,67,73,-6,6
120,118,117,1,1
121,51,55,-4,4
122,76,76,0,0
123,110,114,-4,4
124,99,93,6,6
125,96,93,3,3
126,169,164,5,5
127,89,92,-3,3
128,94,99,-5,5
129,123,125,-2,2
130,186,167,19,19
131,132,125,7,7
132,102,85,17,17
133,78,78,0,0
134,129,112,17,17
135,116,97,19,19
136,136,124,12,12
137,131,127,4,4
138,105,103,2,2
139,69,72,-3,3
140,66,62,4,4
141,127,116,11,11
142,127,120,7,7
143,66,80,-14,14
144,112,116,-4,4
145,115,105,10,10
146,98,88,10,10
147,69,64,5,5
148,93,81,12,12
149,121,123,-2,2
150,92,92,0,0
151,73,70,3,3
152,139,130,9,9
153,80,82,-2,2
154,89,89,0,0
155,67,64,3,3
156,66,65,1,1
157,81,85,-4,4
158,59,64,-5,5
159,128,126,2,2
160,109,109,0,0
161,50,49,1,1
162,74,67,7,7
163,80,81,-1,1
164,132,131,1,1
165,51,51,0,0
166,115,107,8,8
167,70,86,-16,16
168,159,143,16,16
169,151,150,1,1
170,94,95,-1,1
171,81,91,-10,10
172,77,80,-3,3
173,42,45,-3,3
174,135,122,13,13
175,106,97,9,9
176,50,51,-1,1
177,162,136,26,26
178,130,109,21,21
179,120,99,21,21
180,84,86,-2,2
181,76,77,-1,1
182,67,65,2,2
183,75,69,6,6
184,39,43,-4,4
185,119,102,17,17
186,55,63,-8,8
187,90,84,6,6
188,124,121,3,3
189,171,167,4,4
190,70,68,2,2
191,137,131,6,6
192,127,130,-3,3
193,143,142,1,1
194,195,156,39,39
195,112,104,8,8
196,43,48,-5,5
197,114,106,8,8
198,111,101,10,10
199,80,80,0,0
200,128,104,24,24
201,176,169,7,7
202,64,65,-1,1
203,142,133,9,9
204,100,89,11,11
205,63,57,6,6
206,145,130,15,15
207,101,94,7,7
208,78,75,3,3
209,98,89,9,9
210,147,144,3,3
211,50,53,-3,3
212,70,68,2,2
213,175,159,16,16
214,87,98,-11,11
215,87,78,9,9
216,108,118,-10,10
217,67,65,2,2
218,95,99,-4,4
219,89,97,-8,8
220,135,135,0,0
221,79,88,-9,9
222,43,48,-5,5
223,195,156,39,39
224,83,83,0,0
225,81,89,-8,8
226,63,69,-6,6
227,119,113,6,6
228,98,95,3,3
229,44,50,-6,6
230,47,54,-7,7
231,87,71,16,16
232,90,82,8,8
233,62,58,4,4
234,103,93,10,10
235,140,135,5,5
236,114,111,3,3
237,57,68,-11,11
238,81,75,6,6
239,74,95,-21,21
240,61,73,-12,12
241,43,45,-2,2
242,55,63,-8,8
243,100,87,13,13
244,124,107,17,17
245,107,102,5,5
246,121,121,0,0
247,86,92,-6,6
248,146,131,15,15
249,147,145,2,2
250,47,44,3,3
251,124,110,14,14
252,89,92,-3,3
253,50,59,-9,9
254,110,108,2,2
255,158,149,9,9
256,86,81,5,5
257,102,102,0,0
258,107,109,-2,2
259,64,67,-3,3
260,136,123,13,13
261,125,105,20,20
262,115,100,15,15
263,71,70,1,1
264,80,79,1,1
265,82,84,-2,2
266,79,81,-2,2
267,102,93,9,9
268,49,54,-5,5
269,109,109,0,0
270,52,55,-3,3
271,72,70,2,2
272,68,75,-7,7
273,151,149,2,2
274,112,108,4,4
275,97,108,-11,11
276,82,91,-9,9
277,72,75,-3,3
278,125,127,-2,2
279,128,124,4,4
280,94,91,3,3
281,76,68,8,8
282,71,73,-2,2
283,112,107,5,5
284,75,72,3,3
285,77,74,3,3
286,78,68,10,10
287,89,83,6,6
288,88,83,5,5
289,97,95,2,2
290,80,71,9,9
291,67,73,-6,6
292,83,83,0,0
293,85,84,1,1
294,76,70,6,6
295,64,65,-1,1
296,107,108,-1,1
297,141,151,-10,10
298,130,119,11,11
299,51,64,-13,13
300,66,63,3,3
301,75,74,1,1
302,186,160,26,26
303,86,78,8,8
304,141,137,4,4
305,83,77,6,6
306,85,83,2,2
307,148,129,19,19
308,87,84,3,3
309,77,68,9,9
310,27,40,-13,13
311,88,91,-3,3
312,92,86,6,6
313,86,87,-1,1
314,135,129,6,6
315,77,68,9,9
316,73,75,-2,2
317,133,134,-1,1
318,51,52,-1,1
319,125,113,12,12
320,98,108,-10,10
321,143,132,11,11
322,140,134,6,6
323,87,93,-6,6
324,89,74,15,15
325,69,73,-4,4
326,96,74,22,22
327,127,119,8,8
328,79,75,4,4
329,137,119,18,18
330,85,86,-1,1
331,84,85,-1,1
332,52,64,-12,12
333,77,71,6,6
334,78,85,-7,7
335,104,92,12,12
336,89,90,-1,1
337,89,65,24,24
338,56,51,5,5
339,106,84,22,22
340,71,66,5,5
341,132,115,17,17
342,82,72,10,10
343,100,94,6,6
344,51,62,-11,11
345,66,63,3,3
346,85,75,10,10
347,112,111,1,1
348,34,55,-21,21
349,134,116,18,18
350,93,97,-4,4
351,114,130,-16,16
352,137,123,14,14
353,88,87,1,1
354,108,112,-4,4
355,106,95,11,11
356,146,172,-26,26
357,54,69,-15,15
358,170,132,38,38
359,86,74,12,12
360,110,94,16,16
361,82,79,3,3
362,101,93,8,8
363,64,69,-5,5
364,44,51,-7,7
365,84,81,3,3
366,60,60,0,0
367,101,102,-1,1
368,120,106,14,14
369,60,58,2,2
370,130,120,10,10
371,41,47,-6,6
372,116,105,11,11
373,58,58,0,0
374,77,73,4,4
375,96,97,-1,1
376,88,94,-6,6
377,103,97,6,6
378,35,75,-40,40
379,64,62,2,2
380,86,77,9,9
381,89,90,-1,1
382,108,105,3,3
383,116,105,11,11
384,82,83,-1,1
385,65,69,-4,4
386,64,74,-10,10
387,134,126,8,8
388,65,69,-4,4
389,77,77,0,0
390,120,116,4,4
391,54,58,-4,4
392,90,89,1,1
393,87,88,-1,1
394,97,88,9,9
395,17,36,-19,19
396,69,90,-21,21
397,31,42,-11,11
398,90,84,6,6
399,104,104,0,0
400,97,91,6,6
401,52,57,-5,5
402,81,83,-2,2
403,88,86,2,2
404,150,148,2,2
405,103,110,-7,7
406,47,47,0,0
407,119,113,6,6
408,107,110,-3,3
409,88,66,22,22
410,85,87,-2,2
411,95,97,-2,2
412,89,81,8,8
413,87,89,-2,2
414,148,128,20,20
415,98,94,4,4
416,148,147,1,1
417,77,80,-3,3
418,70,73,-3,3
419,64,65,-1,1
420,110,123,-13,13
421,143,142,1,1
422,122,165,-43,43
423,82,84,-2,2
424,112,106,6,6
425,128,127,1,1
426,148,142,6,6
427,80,74,6,6
428,56,71,-15,15
429,90,88,2,2
430,110,107,3,3
431,88,95,-7,7
432,91,86,5,5
433,99,95,4,4
434,122,113,9,9
435,66,66,0,0
436,106,99,7,7
437,65,58,7,7
438,164,147,17,17
439,68,67,1,1
440,48,66,-18,18
441,88,79,9,9
442,107,101,6,6
443,58,65,-7,7
444,91,86,5,5
445,113,103,10,10
446,107,96,11,11
447,101,93,8,8
448,72,86,-14,14
449,134,124,10,10
450,87,85,2,2
451,64,65,-1,1
452,72,69,3,3
453,146,147,-1,1
454,110,109,1,1
455,104,101,3,3
456,129,132,-3,3
457,134,135,-1,1
458,123,120,3,3
459,62,62,0,0
460,71,69,2,2
461,58,65,-7,7
462,88,83,5,5
463,134,128,6,6
464,81,81,0,0
465,77,90,-13,13
466,118,110,8,8
467,131,122,9,9
468,66,68,-2,2
469,61,63,-2,2
470,43,43,0,0
471,121,114,7,7
472,101,109,-8,8
473,112,98,14,14
474,67,62,5,5
475,88,81,7,7
476,57,50,7,7
477,93,82,11,11
478,77,65,12,12
479,57,62,-5,5
480,55,65,-10,10
481,68,69,-1,1
482,118,108,10,10
483,63,68,-5,5
484,110,112,-2,2
485,58,58,0,0
486,119,102,17,17
487,110,134,-24,24
488,146,136,10,10
489,50,48,2,2
490,104,99,5,5
491,136,124,12,12
492,145,144,1,1
493,110,97,13,13
494,124,128,-4,4
495,117,112,5,5
496,134,127,7,7
497,98,85,13,13
498,104,132,-28,28
499,78,77,1,1
500,100,92,8,8
501,45,51,-6,6
502,108,111,-3,3
503,50,56,-6,6
504,69,75,-6,6
505,106,98,8,8
506,66,60,6,6
507,61,66,-5,5
508,96,90,6,6
509,96,87,9,9
510,53,53,0,0
511,93,94,-1,1
512,80,72,8,8
513,73,75,-2,2
514,70,78,-8,8
515,100,88,12,12
516,137,128,9,9
517,114,112,2,2
518,70,68,2,2
519,55,68,-13,13
520,108,94,14,14
521,138,134,4,4
522,95,93,2,2
523,142,132,10,10
524,83,83,0,0
525,122,109,13,13
526,97,94,3,3
527,56,51,5,5
528,122,114,8,8
529,73,74,-1,1
530,69,65,4,4
531,95,98,-3,3
532,68,77,-9,9
533,95,86,9,9
534,78,90,-12,12
535,90,86,4,4
536,106,100,6,6
537,42,49,-7,7
538,76,80,-4,4
539,157,160,-3,3
540,119,111,8,8
541,99,97,2,2
542,61,65,-4,4
543,102,96,6,6
544,92,90,2,2
545,124,108,16,16
546,82,85,-3,3
547,76,79,-3,3
548,67,71,-4,4
549,148,134,14,14
550,74,78,-4,4
551,66,69,-3,3
552,108,106,2,2
553,64,66,-2,2
554,102,99,3,3
555,63,66,-3,3
556,66,60,6,6
557,74,69,5,5
558,74,74,0,0
559,67,67,0,0
560,86,94,-8,8
561,81,91,-10,10
562,90,92,-2,2
563,47,51,-4,4
564,68,77,-9,9
565,88,75,13,13
566,83,75,8,8
567,76,76,0,0
568,55,53,2,2
569,100,108,-8,8
570,108,119,-11,11
571,178,157,21,21
572,80,78,2,2
573,82,85,-3,3
574,149,129,20,20
575,69,72,-3,3
576,70,74,-4,4
577,90,100,-10,10
578,91,89,2,2
579,75,65,10,10
580,88,84,4,4
581,134,120,14,14
582,49,54,-5,5
583,51,56,-5,5
584,113,106,7,7
585,88,88,0,0
586,53,53,0,0
587,84,71,13,13
588,105,100,5,5
589,85,80,5,5
590,105,97,8,8
591,75,71,4,4
592,139,128,11,11
593,103,93,10,10
594,87,92,-5,5
595,65,79,-14,14
596,74,70,4,4
597,98,102,-4,4
598,110,101,9,9
599,112,106,6,6
600,88,81,7,7
601,85,81,4,4
602,55,56,-1,1
603,86,81,5,5
604,124,120,4,4
605,114,108,6,6
606,57,58,-1,1
607,56,61,-5,5
608,78,75,3,3
609,122,131,-9,9
610,79,68,11,11
611,81,73,8,8
612,117,107,10,10
613,112,117,-5,5
614,95,98,-3,3
615,195,169,26,26
616,76,85,-9,9
617,104,91,13,13
618,112,103,9,9
619,103,103,0,0
620,91,96,-5,5
621,105,94,11,11
622,127,101,26,26
623,60,64,-4,4
624,111,107,4,4
625,106,106,0,0
626,109,105,4,4
627,85,86,-1,1
628,67,76,-9,9
629,81,82,-1,1
630,83,84,-1,1
631,56,65,-9,9
632,92,88,4,4
633,71,80,-9,9
634,95,85,10,10
635,93,92,1,1
636,144,143,1,1
637,53,51,2,2
638,77,85,-8,8
639,71,69,2,2
640,95,97,-2,2
641,95,98,-3,3
642,61,56,5,5
643,141,120,21,21
644,133,121,12,12
645,94,86,8,8
646,112,110,2,2
647,84,81,3,3
648,92,90,2,2
649,84,84,0,0
650,94,95,-1,1
651,72,72,0,0
652,102,115,-13,13
653,61,65,-4,4
654,108,111,-3,3
655,105,102,3,3
656,85,87,-2,2
657,74,77,-3,3
658,50,51,-1,1
659,101,92,9,9
660,82,73,9,9
661,108,87,21,21
662,148,138,10,10
663,126,115,11,11
664,136,143,-7,7
665,75,75,0,0
666,36,42,-6,6
667,42,59,-17,17
668,69,65,4,4
669,126,115,11,11
670,109,92,17,17
671,90,85,5,5
672,116,104,12,12
673,151,179,-28,28
674,147,141,6,6
675,52,89,-37,37
676,107,108,-1,1
677,90,88,2,2
678,162,144,18,18
679,103,99,4,4
680,150,130,20,20
681,62,87,-25,25
682,111,106,5,5
683,77,84,-7,7
684,166,164,2,2
685,151,155,-4,4
686,116,115,1,1
687,79,77,2,2
688,94,113,-19,19
689,110,109,1,1
690,152,133,19,19
691,176,152,24,24
692,92,95,-3,3
693,156,143,13,13
694,92,92,0,0
695,77,73,4,4
696,32,49,-17,17
697,87,85,2,2
698,108,106,2,2
699,104,90,14,14
700,70,69,1,1
701,66,50,16,16
702,118,108,10,10
703,65,65,0,0
704,111,97,14,14
705,74,68,6,6
706,81,84,-3,3
707,88,78,10,10
708,87,85,2,2
709,116,117,-1,1
710,47,47,0,0
711,95,95,0,0
712,44,47,-3,3
713,91,98,-7,7
714,83,83,0,0
715,137,131,6,6
716,80,79,1,1
717,147,131,16,16
718,119,122,-3,3
719,137,107,30,30
720,133,134,-1,1
721,89,90,-1,1
722,150,138,12,12
723,108,103,5,5
724,96,78,18,18
725,88,82,6,6
726,140,122,18,18
727,128,128,0,0
728,53,53,0,0
729,100,111,-11,11
730,58,72,-14,14
731,110,100,10,10
732,125,115,10,10
733,124,105,19,19
734,109,116,-7,7
735,122,117,5,5
736,95,91,4,4
737,93,93,0,0
738,85,75,10,10
739,98,79,19,19
740,68,75,-7,7
741,48,49,-1,1
742,97,99,-2,2
743,81,80,1,1
744,88,80,8,8
745,91,107,-16,16
746,64,65,-1,1
747,204,181,23,23
748,114,107,7,7
749,185,148,37,37
750,75,77,-2,2
751,70,63,7,7
752,145,140,5,5
753,87,81,6,6
754,45,53,-8,8
755,73,72,1,1
756,125,125,0,0
757,60,65,-5,5
758,95,95,0,0
759,119,96,23,23
760,76,72,4,4
761,56,60,-4,4
762,44,59,-15,15
763,98,99,-1,1
764,86,75,11,11
765,161,140,21,21
766,102,115,-13,13
767,103,99,4,4
768,69,72,-3,3
769,151,152,-1,1
770,92,74,18,18
771,80,87,-7,7
772,87,85,2,2
773,108,96,12,12
774,51,54,-3,3
775,110,107,3,3
776,64,64,0,0
777,73,71,2,2
778,92,86,6,6
779,93,85,8,8
780,103,99,4,4
781,49,46,3,3
782,71,75,-4,4
783,70,66,4,4
784,67,66,1,1
785,100,94,6,6
786,93,97,-4,4
787,75,75,0,0
788,97,95,2,2
789,84,89,-5,5
790,140,122,18,18
791,151,135,16,16
792,78,83,-5,5
793,79,76,3,3
794,108,115,-7,7
795,95,102,-7,7
796,98,90,8,8
797,119,121,-2,2
798,83,92,-9,9
799,67,72,-5,5
800,64,65,-1,1
801,102,97,5,5
802,75,76,-1,1
803,68,80,-12,12
804,78,79,-1,1
805,53,55,-2,2
806,126,121,5,5
807,89,89,0,0
808,85,94,-9,9
809,64,67,-3,3
810,85,82,3,3
811,74,68,6,6
812,66,65,1,1
813,79,73,6,6
814,125,104,21,21
815,119,109,10,10
816,26,45,-19,19
817,66,66,0,0
818,88,82,6,6
819,111,95,16,16
820,86,81,5,5
821,76,89,-13,13
822,86,82,4,4
823,145,126,19,19
824,46,49,-3,3
825,107,95,12,12
826,99,87,12,12
827,63,70,-7,7
828,68,70,-2,2
829,100,91,9,9
830,110,114,-4,4
831,77,79,-2,2
832,66,72,-6,6
833,64,67,-3,3
834,77,82,-5,5
835,144,139,5,5
836,106,99,7,7
837,93,100,-7,7
838,73,80,-7,7
839,103,102,1,1
840,105,105,0,0
841,75,75,0,0
842,83,79,4,4
843,112,107,5,5
844,156,141,15,15
845,156,142,14,14
846,77,79,-2,2
847,76,71,5,5
848,95,92,3,3
849,41,52,-11,11
850,106,110,-4,4
851,135,126,9,9
852,92,94,-2,2
853,91,97,-6,6
854,112,105,7,7
855,84,88,-4,4
856,77,73,4,4
857,29,62,-33,33
858,64,70,-6,6
859,143,121,22,22
860,59,55,4,4
861,155,144,11,11
862,207,164,43,43
863,129,112,17,17
864,115,105,10,10
865,108,96,12,12
866,162,143,19,19
867,69,73,-4,4
868,62,72,-10,10
869,79,92,-13,13
870,57,57,0,0
871,90,86,4,4
872,98,95,3,3
873,108,102,6,6
874,80,97,-17,17
875,114,105,9,9
876,57,56,1,1
877,41,108,-67,67
878,90,83,7,7
879,84,68,16,16
880,87,84,3,3
881,70,79,-9,9
882,109,103,6,6
883,76,74,2,2
884,62,63,-1,1
885,83,79,4,4
886,124,127,-3,3
887,122,121,1,1
888,55,51,4,4
889,108,113,-5,5
890,109,111,-2,2
891,52,68,-16,16
892,134,115,19,19
893,60,51,9,9
894,71,73,-2,2
895,123,114,9,9
896,60,66,-6,6
897,140,131,9,9
898,109,91,18,18
899,150,168,-18,18
900,74,76,-2,2
901,94,82,12,12
902,71,73,-2,2
903,139,130,9,9
904,87,96,-9,9
905,72,76,-4,4
906,53,51,2,2
907,163,142,21,21
908,111,90,21,21
909,70,62,8,8
910,46,46,0,0
911,138,131,7,7
912,127,116,11,11
913,70,68,2,2
914,107,114,-7,7
915,64,60,4,4
916,69,81,-12,12
917,196,179,17,17
918,136,135,1,1
919,52,60,-8,8
920,79,83,-4,4
921,109,116,-7,7
922,78,78,0,0
923,115,109,6,6
924,77,84,-7,7
925,110,103,7,7
926,74,71,3,3
927,49,50,-1,1
928,55,59,-4,4
929,145,126,19,19
930,119,110,9,9
931,96,95,1,1
932,196,180,16,16
933,72,78,-6,6
934,90,96,-6,6
935,62,102,-40,40
936,118,102,16,16
937,137,134,3,3
938,79,77,2,2
939,152,134,18,18
940,87,96,-9,9
941,112,109,3,3
942,62,67,-5,5
943,72,78,-6,6
944,109,103,6,6
945,83,79,4,4
946,68,65,3,3
947,97,96,1,1
948,59,64,-5,5
949,173,146,27,27
950,73,69,4,4
951,85,87,-2,2
952,62,63,-1,1
953,75,72,3,3
954,90,91,-1,1
955,93,93,0,0
956,98,95,3,3
957,116,109,7,7
958,50,48,2,2
959,106,103,3,3
960,114,104,10,10
961,98,88,10,10
962,184,177,7,7
963,69,72,-3,3
964,147,138,9,9
965,29,61,-32,32
966,108,113,-5,5
967,65,68,-3,3
968,96,92,4,4
969,84,86,-2,2
970,70,66,4,4
971,162,148,14,14
972,112,111,1,1
973,71,69,2,2
974,139,126,13,13
975,72,76,-4,4
976,68,70,-2,2
977,76,76,0,0
978,87,94,-7,7
979,52,50,2,2
980,115,106,9,9
981,161,145,16,16
982,88,78,10,10
983,107,101,6,6
984,84,75,9,9
985,90,87,3,3
986,55,57,-2,2
987,138,126,12,12
988,90,84,6,6
989,114,100,14,14
990,111,120,-9,9
991,44,45,-1,1
992,111,114,-3,3
993,128,107,21,21
994,98,90,8,8
995,93,84,9,9
996,74,70,4,4
997,130,125,5,5
998,82,87,-5,5
999,178,152,26,26
1000,42,47,-5,5
1001,96,91,5,5
1002,39,52,-13,13
1003,75,79,-4,4
1004,147,140,7,7
1005,102,103,-1,1
1006,212,181,31,31
1007,64,64,0,0
1008,91,89,2,2
1009,39,44,-5,5
1010,92,99,-7,7
1011,159,144,15,15
1012,119,108,11,11
1013,128,121,7,7
1014,125,117,8,8
1015,63,67,-4,4
1016,117,107,10,10
1017,117,116,1,1
1018,35,44,-9,9
1019,108,107,1,1
1020,108,98,10,10
1021,77,73,4,4
1022,88,85,3,3
1023,45,52,-7,7
1024,88,97,-9,9
1025,110,97,13,13
1026,93,86,7,7
1027,77,82,-5,5
1028,144,128,16,16
1029,63,68,-5,5
1030,56,52,4,4
1031,143,128,15,15
1032,119,127,-8,8
1033,85,78,7,7
1034,94,89,5,5
1035,115,116,-1,1
1036,117,117,0,0
1037,71,67,4,4
1038,79,77,2,2
1039,119,90,29,29
1040,78,73,5,5
1041,101,107,-6,6
1042,89,94,-5,5
1043,91,92,-1,1
1044,112,105,7,7
1045,131,128,3,3
1046,43,49,-6,6
1047,162,148,14,14
1048,55,56,-1,1
1049,116,114,2,2
1050,49,49,0,0
1051,88,81,7,7
1052,108,104,4,4
1053,72,67,5,5
1054,115,107,8,8
1055,55,57,-2,2
1056,146,130,16,16
1057,97,77,20,20
1058,81,82,-1,1
1059,146,130,16,16
1060,133,124,9,9
1061,62,65,-3,3
1062,148,134,14,14
1063,98,88,10,10
1064,81,73,8,8
1065,73,74,-1,1
1066,81,76,5,5
1067,148,136,12,12
1068,141,125,16,16
1069,56,63,-7,7
1070,123,115,8,8
1071,83,75,8,8
1072,117,116,1,1
1073,99,97,2,2
1074,99,101,-2,2
1075,64,62,2,2
1076,92,85,7,7
1077,40,45,-5,5
1078,183,165,18,18
1079,44,56,-12,12
1080,115,112,3,3
1081,49,63,-14,14
1082,127,117,10,10
1083,155,134,21,21
1084,81,86,-5,5
1085,92,84,8,8
1086,74,64,10,10
1087,108,104,4,4
1088,57,62,-5,5
1089,61,67,-6,6
1090,125,121,4,4
1091,97,86,11,11
1092,60,97,-37,37
1093,78,78,0,0
1094,71,82,-11,11
1095,84,84,0,0
1096,177,156,21,21
1097,80,75,5,5
1098,130,130,0,0
1099,81,85,-4,4
1100,88,90,-2,2
1101,56,53,3,3
1102,149,137,12,12
1103,92,80,12,12
1104,90,89,1,1
1105,45,54,-9,9
1106,63,71,-8,8
1107,92,91,1,1
1108,124,121,3,3
1109,140,136,4,4
1110,122,131,-9,9
1111,47,50,-3,3
1112,67,70,-3,3
1113,199,175,24,24
1114,110,131,-21,21
1115,78,83,-5,5
1116,42,45,-3,3
1117,51,59,-8,8
1118,183,153,30,30
1119,160,155,5,5
1120,117,111,6,6
1121,70,74,-4,4
1122,90,84,6,6
1123,101,104,-3,3
1124,73,71,2,2
1125,64,65,-1,1
1126,69,66,3,3
1127,98,95,3,3
1128,121,117,4,4
1129,83,81,2,2
1130,170,160,10,10
1131,80,79,1,1
1132,68,72,-4,4
1133,130,132,-2,2
1134,66,74,-8,8
1135,65,84,-19,19
1136,95,93,2,2
1137,99,95,4,4
1138,95,111,-16,16
1139,174,163,11,11
1140,154,129,25,25
1141,121,105,16,16
1142,109,95,14,14
1143,87,98,-11,11
1144,61,50,11,11
1145,96,95,1,1
1146,96,90,6,6
1147,118,113,5,5
1148,97,89,8,8
1149,105,98,7,7
1150,87,83,4,4
1151,104,95,9,9
1152,80,87,-7,7
1153,54,57,-3,3
1154,92,86,6,6
1155,48,51,-3,3
1156,78,83,-5,5
1157,136,120,16,16
1158,139,122,17,17
1159,61,104,-43,43
1160,83,83,0,0
1161,103,106,-3,3
1162,128,123,5,5
1163,131,122,9,9
1164,76,81,-5,5
1165,74,65,9,9
1166,135,130,5,5
1167,73,76,-3,3
1168,115,117,-2,2
1169,81,81,0,0
1170,140,128,12,12
1171,69,74,-5,5
1172,46,53,-7,7
1173,109,103,6,6
1174,197,164,33,33
1175,111,117,-6,6
1176,100,99,1,1
1177,77,75,2,2
1178,66,69,-3,3
1179,67,69,-2,2
1180,120,130,-10,10
1181,349,322,27,27
1182,78,76,2,2
1183,118,117,1,1
1184,51,66,-15,15
1185,82,84,-2,2
1186,49,46,3,3
1187,72,70,2,2
1188,112,242,-130,130
1189,140,115,25,25
1190,69,56,13,13
1191,94,92,2,2
1192,69,71,-2,2
1193,96,99,-3,3
1194,77,114,-37,37
1195,92,98,-6,6
1196,141,139,2,2
1197,94,87,7,7
1198,92,80,12,12
1199,96,111,-15,15
1200,69,64,5,5
1201,35,48,-13,13
1202,78,74,4,4
1203,113,110,3,3
1204,99,90,9,9
1205,108,103,5,5
1206,118,103,15,15
1207,95,92,3,3
1208,106,107,-1,1
1209,101,79,22,22
1210,77,88,-11,11
1211,97,89,8,8
1212,86,84,2,2
1213,60,61,-1,1
1214,101,103,-2,2
1215,105,93,12,12
1216,73,76,-3,3
1217,90,86,4,4
1218,121,111,10,10
1219,80,85,-5,5
1220,85,90,-5,5
1221,158,150,8,8
1222,75,76,-1,1
1223,70,76,-6,6
1224,66,69,-3,3
1225,107,101,6,6
1226,182,172,10,10
1227,134,126,8,8
1228,103,96,7,7
1229,69,74,-5,5
1230,95,88,7,7
1231,33,45,-12,12
1232,58,57,1,1
1233,63,69,-6,6
1234,115,94,21,21
1235,111,96,15,15
1236,128,113,15,15
1237,141,126,15,15
1238,50,52,-2,2
1239,129,107,22,22
1240,49,58,-9,9
1241,91,86,5,5
1242,131,116,15,15
1243,120,104,16,16
1244,91,84,7,7
1245,108,108,0,0
1246,70,76,-6,6
1247,51,50,1,1
1248,92,96,-4,4
1249,77,74,3,3
1250,149,133,16,16
1251,117,107,10,10
1252,144,139,5,5
1253,82,71,11,11
1254,107,108,-1,1
1255,51,50,1,1
1256,55,59,-4,4
1257,101,99,2,2
1258,99,94,5,5
1259,114,101,13,13
1260,55,66,-11,11
1261,83,81,2,2
1262,174,158,16,16
1263,136,125,11,11
1264,89,95,-6,6
1265,67,78,-11,11
1266,81,84,-3,3
1267,122,118,4,4
1268,74,80,-6,6
1269,149,156,-7,7
1270,62,67,-5,5
1271,64,72,-8,8
1272,85,91,-6,6
1273,163,135,28,28
1274,72,66,6,6
1275,62,57,5,5
1276,50,57,-7,7
1277,57,68,-11,11
1278,82,89,-7,7
1279,58,59,-1,1
1280,51,50,1,1
1281,63,69,-6,6
1282,125,115,10,10
1283,78,83,-5,5
1284,57,53,4,4
1285,65,65,0,0
1286,111,113,-2,2
1287,90,79,11,11
1288,107,103,4,4
1289,81,75,6,6
1290,133,106,27,27
1291,111,114,-3,3
1292,64,72,-8,8
1293,56,74,-18,18
1294,51,60,-9,9
1295,64,70,-6,6
1296,156,145,11,11
1297,96,103,-7,7
1298,94,89,5,5
1299,65,89,-24,24
1300,167,151,16,16
1301,44,48,-4,4
1302,255,212,43,43
1303,80,75,5,5
1304,142,126,16,16
1305,73,63,10,10
1306,114,100,14,14
1307,81,73,8,8
1308,66,68,-2,2
1309,91,90,1,1
1310,106,93,13,13
1311,84,89,-5,5
1312,120,117,3,3
1313,115,109,6,6
1314,130,121,9,9
1315,192,185,7,7
1316,150,133,17,17
1317,87,90,-3,3
1318,69,72,-3,3
1319,170,168,2,2
1320,99,92,7,7
1321,72,79,-7,7
1322,106,98,8,8
1323,142,119,23,23
1324,44,50,-6,6
1325,87,92,-5,5
1326,72,78,-6,6
1327,116,101,15,15
1328,66,67,-1,1
1329,43,44,-1,1
1330,145,136,9,9
1331,92,88,4,4
1332,86,87,-1,1
1333,87,92,-5,5
1334,71,69,2,2
1335,136,120,16,16
1336,73,79,-6,6
1337,81,87,-6,6
1338,65,64,1,1
1339,97,88,9,9
1340,61,61,0,0
1341,76,65,11,11
1342,55,56,-1,1
1343,100,93,7,7
1344,120,119,1,1
1345,110,116,-6,6
1346,103,97,6,6
1347,57,63,-6,6
1348,95,82,13,13
1349,82,86,-4,4
1350,105,108,-3,3
1351,68,72,-4,4
1352,177,157,20,20
1353,97,90,7,7
1354,150,127,23,23
1355,38,44,-6,6
1356,85,82,3,3
1357,79,79,0,0
1358,78,79,-1,1
1359,98,96,2,2
1360,138,126,12,12
1361,92,80,12,12
1362,110,104,6,6
1363,135,138,-3,3
1364,96,96,0,0
1365,107,94,13,13
1366,84,86,-2,2
1367,82,77,5,5
1368,87,102,-15,15
1369,58,60,-2,2
1370,55,56,-1,1
1371,69,75,-6,6
1372,193,174,19,19
1373,102,107,-5,5
1374,105,96,9,9
1375,74,88,-14,14
1376,122,135,-13,13
1377,85,80,5,5
1378,103,96,7,7
1379,139,123,16,16
1380,91,84,7,7
1381,84,93,-9,9
1382,155,137,18,18
1383,73,70,3,3
1384,141,123,18,18
1385,70,65,5,5
1386,93,84,9,9
1387,100,88,12,12
1388,96,91,5,5
1389,56,61,-5,5
1390,93,112,-19,19
1391,97,114,-17,17
1392,43,48,-5,5
1393,58,55,3,3
1394,107,100,7,7
1395,118,112,6,6
1396,64,52,12,12
1397,114,96,18,18
1398,84,77,7,7
1399,68,72,-4,4
1400,170,142,28,28
1401,121,116,5,5
1402,180,166,14,14
1403,81,79,2,2
1404,131,118,13,13
1405,166,153,13,13
1406,83,82,1,1
1407,107,94,13,13
1408,95,97,-2,2
1409,88,76,12,12
1410,149,135,14,14
1411,160,148,12,12
1412,112,107,5,5
1413,145,137,8,8
1414,38,41,-3,3
1415,104,98,6,6
1416,125,123,2,2
1417,86,83,3,3
1418,105,98,7,7
1419,44,50,-6,6
1420,116,101,15,15
1421,136,121,15,15
1422,149,133,16,16
1423,135,103,32,32
1424,51,62,-11,11
1425,94,99,-5,5
1426,88,96,-8,8
1427,128,128,0,0
1428,148,140,8,8
1429,103,104,-1,1
1430,59,59,0,0
1431,75,77,-2,2
1432,83,80,3,3
1433,73,72,1,1
1434,75,92,-17,17
1435,74,81,-7,7
1436,85,86,-1,1
1437,74,67,7,7
1438,99,94,5,5
1439,122,119,3,3
1440,130,126,4,4
1441,61,67,-6,6
1442,48,50,-2,2
1443,111,111,0,0
1444,58,51,7,7
1445,61,74,-13,13
1446,129,127,2,2
1447,55,55,0,0
1448,159,141,18,18
1449,81,77,4,4
1450,44,50,-6,6
1451,64,57,7,7
1452,105,92,13,13
1453,131,123,8,8
1454,188,171,17,17
1455,107,101,6,6
1456,74,80,-6,6
1457,155,160,-5,5
1458,93,88,5,5
1459,125,118,7,7
1460,113,116,-3,3
1461,81,78,3,3
1462,73,72,1,1
1463,78,71,7,7
1464,124,106,18,18
1465,68,73,-5,5
1466,90,91,-1,1
1467,108,94,14,14
1468,73,70,3,3
1469,92,88,4,4
1470,118,114,4,4
1471,70,65,5,5
1472,98,99,-1,1
1473,70,66,4,4
1474,72,72,0,0
1475,107,93,14,14
1476,112,104,8,8
1477,118,113,5,5
1478,86,83,3,3
1479,114,89,25,25
1480,121,105,16,16
1481,120,102,18,18
1482,275,203,72,72
1483,98,89,9,9
1484,95,104,-9,9
1485,80,72,8,8
1486,126,126,0,0
1487,98,98,0,0
1488,133,137,-4,4
1489,61,64,-3,3
1490,129,118,11,11
1491,117,109,8,8
1492,54,74,-20,20
1493,54,61,-7,7
1494,48,53,-5,5
1495,85,77,8,8
1496,56,78,-22,22
1497,77,88,-11,11
1498,140,122,18,18
1499,69,71,-2,2
1500,88,88,0,0
1501,107,104,3,3
1502,81,78,3,3
1503,134,117,17,17
1504,80,81,-1,1
1505,121,113,8,8
1506,111,103,8,8
1507,72,76,-4,4
1508,155,150,5,5
1509,61,65,-4,4
1510,70,73,-3,3
1511,55,61,-6,6
1512,74,78,-4,4
1513,151,142,9,9
1514,38,46,-8,8
1515,164,181,-17,17
1516,66,75,-9,9
1517,58,56,2,2
1518,66,66,0,0
1519,116,100,16,16
1520,71,86,-15,15
1521,99,100,-1,1
1522,108,112,-4,4
1523,77,78,-1,1
1524,56,57,-1,1
1525,126,106,20,20
1526,117,110,7,7
1527,71,65,6,6
1528,80,77,3,3
1529,69,71,-2,2
1530,76,69,7,7
1531,137,127,10,10
1532,184,165,19,19
1533,131,115,16,16
1534,149,131,18,18
1535,95,92,3,3
1536,122,116,6,6
1537,54,56,-2,2
1538,88,93,-5,5
1539,83,84,-1,1
1540,69,74,-5,5
1541,87,95,-8,8
1542,156,149,7,7
1543,118,118,0,0
1544,55,62,-7,7
1545,83,84,-1,1
1546,81,92,-11,11
1547,101,110,-9,9
1548,73,74,-1,1
1549,105,102,3,3
1550,82,85,-3,3
1551,65,68,-3,3
1552,78,77,1,1
1553,115,107,8,8
1554,133,117,16,16
1555,58,65,-7,7
1556,108,106,2,2
1557,128,127,1,1
1558,136,115,21,21
1559,37,44,-7,7
1560,95,97,-2,2
1561,121,115,6,6
1562,87,81,6,6
1563,100,114,-14,14
1564,89,84,5,5
1565,126,126,0,0
1566,109,119,-10,10
1567,103,95,8,8
1568,150,133,17,17
1569,94,121,-27,27
1570,148,150,-2,2
1571,60,57,3,3
1572,70,72,-2,2
1573,131,130,1,1
1574,70,63,7,7
1575,95,96,-1,1
1576,66,70,-4,4
1577,86,76,10,10
1578,91,83,8,8
1579,75,84,-9,9
1580,46,53,-7,7
1581,100,100,0,0
1582,98,93,5,5
1583,92,82,10,10
1584,112,99,13,13
1585,167,150,17,17
1586,90,94,-4,4
1587,109,100,9,9
1588,93,105,-12,12
1589,61,64,-3,3
1590,123,114,9,9
1591,93,93,0,0
1592,74,66,8,8
1593,36,43,-7,7
1594,89,79,10,10
1595,144,146,-2,2
1596,80,80,0,0
1597,114,107,7,7
1598,106,104,2,2
1599,57,61,-4,4
1600,70,79,-9,9
1601,112,108,4,4
1602,92,84,8,8
1603,106,96,10,10
1604,122,124,-2,2
1605,128,115,13,13
1606,109,105,4,4
1607,75,76,-1,1
1608,120,102,18,18
1609,60,54,6,6
1610,137,120,17,17
1611,78,79,-1,1
1612,93,96,-3,3
1613,91,88,3,3
1614,84,82,2,2
1615,137,130,7,7
1616,43,51,-8,8
1617,74,66,8,8
1618,77,73,4,4
1619,114,110,4,4
1620,104,88,16,16
1621,101,102,-1,1
1622,43,47,-4,4
1623,106,103,3,3
1624,90,87,3,3
1625,114,117,-3,3
1626,82,70,12,12
1627,62,72,-10,10
1628,112,104,8,8
1629,46,52,-6,6
1630,104,88,16,16
1631,106,102,4,4
1632,62,59,3,3
1633,123,116,7,7
1634,95,94,1,1
1635,64,72,-8,8
1636,76,82,-6,6
1637,104,97,7,7
1638,126,120,6,6
1639,144,132,12,12
1640,119,117,2,2
1641,74,69,5,5
1642,51,56,-5,5
1643,91,93,-2,2
1644,86,93,-7,7
1645,95,85,10,10
1646,72,76,-4,4
1647,162,149,13,13
1648,87,81,6,6
1649,91,89,2,2
1650,122,134,-12,12
1651,70,71,-1,1
1652,106,113,-7,7
1653,89,97,-8,8
1654,59,52,7,7
1655,44,48,-4,4
1656,74,66,8,8
1657,77,77,0,0
1658,135,124,11,11
1659,107,99,8,8
1660,64,64,0,0
1661,52,69,-17,17
1662,61,64,-3,3
1663,74,75,-1,1
1664,87,94,-7,7
1665,106,95,11,11
1666,64,64,0,0
1667,70,72,-2,2
1668,77,80,-3,3
1669,62,67,-5,5
1670,67,66,1,1
1671,109,101,8,8
1672,118,116,2,2
1673,74,81,-7,7
1674,100,98,2,2
1675,83,94,-11,11
1676,83,73,10,10
1677,121,110,11,11
1678,79,82,-3,3
1679,46,48,-2,2
1680,92,80,12,12
1681,102,97,5,5
1682,103,91,12,12
1683,64,58,6,6
1684,101,93,8,8
1685,105,98,7,7
1686,55,54,1,1
1687,66,65,1,1
1688,60,62,-2,2
1689,62,65,-3,3
1690,150,146,4,4
1691,84,86,-2,2
1692,98,104,-6,6
1693,59,64,-5,5
1694,57,65,-8,8
1695,88,119,-31,31
1696,146,144,2,2
1697,58,59,-1,1
1698,73,68,5,5
1699,192,171,21,21
1700,58,53,5,5
1701,97,90,7,7
1702,84,82,2,2
1703,149,135,14,14
1704,162,138,24,24
1705,53,66,-13,13
1706,48,55,-7,7
1707,103,108,-5,5
1708,64,68,-4,4
1709,85,81,4,4
1710,64,68,-4,4
1711,73,70,3,3
1712,72,65,7,7
1713,136,117,19,19
1714,103,94,9,9
1715,161,147,14,14
1716,89,85,4,4
1717,102,90,12,12
1718,66,109,-43,43
1719,87,82,5,5
1720,101,98,3,3
1721,90,92,-2,2
1722,108,110,-2,2
1723,59,68,-9,9
1724,118,110,8,8
1725,56,56,0,0
1726,195,177,18,18
1727,70,69,1,1
1728,90,88,2,2
1729,108,109,-1,1
1730,118,129,-11,11
1731,74,76,-2,2
1732,115,106,9,9
1733,31,42,-11,11
1734,121,123,-2,2
1735,43,46,-3,3
1736,78,74,4,4
1737,63,65,-2,2
1738,57,57,0,0
1739,53,59,-6,6
1740,63,66,-3,3
1741,88,84,4,4
1742,80,90,-10,10
1743,133,134,-1,1
1744,90,82,8,8
1745,130,126,4,4
1746,70,71,-1,1
1747,169,139,30,30
1748,45,49,-4,4
1749,171,156,15,15
1750,84,82,2,2
1751,95,99,-4,4
1752,73,76,-3,3
1753,59,65,-6,6
1754,82,87,-5,5
1755,101,93,8,8
1756,77,86,-9,9
1757,57,66,-9,9
1758,97,89,8,8
1759,69,72,-3,3
1760,82,68,14,14
1761,60,79,-19,19
1762,70,71,-1,1
1763,79,82,-3,3
1764,127,117,10,10
1765,92,103,-11,11
1766,119,118,1,1
1767,59,64,-5,5
1768,66,72,-6,6
1769,44,52,-8,8
1770,46,45,1,1
1771,129,111,18,18
1772,93,83,10,10
1773,98,118,-20,20
1774,89,86,3,3
1775,74,72,2,2
1776,96,94,2,2
1777,103,89,14,14
1778,84,88,-4,4
1779,75,73,2,2
1780,167,145,22,22
1781,85,81,4,4
1782,108,114,-6,6
1783,59,62,-3,3
1784,101,99,2,2
1785,76,74,2,2
1786,118,112,6,6
1787,67,67,0,0
1788,53,67,-14,14
1789,108,106,2,2
1790,103,96,7,7
1791,130,138,-8,8
1792,83,81,2,2
1793,52,66,-14,14
1794,79,81,-2,2
1795,80,85,-5,5
1796,88,66,22,22
1797,55,61,-6,6
1798,53,53,0,0
1799,116,104,12,12
1800,103,96,7,7
1801,73,77,-4,4
1802,72,73,-1,1
1803,155,136,19,19
1804,205,197,8,8
1805,55,54,1,1
1806,119,115,4,4
1807,93,86,7,7
1808,81,82,-1,1
1809,93,92,1,1
1810,121,119,2,2
1811,62,61,1,1
1812,61,67,-6,6
1813,113,108,5,5
1814,79,75,4,4
1815,130,127,3,3
1816,68,78,-10,10
1817,81,78,3,3
1818,114,102,12,12
1819,101,85,16,16
1820,63,58,5,5
1821,87,98,-11,11
1822,117,114,3,3
1823,114,112,2,2
1824,109,102,7,7
1825,96,91,5,5
1826,54,57,-3,3
1827,132,122,10,10
1828,85,91,-6,6
1829,70,65,5,5
1830,60,54,6,6
1831,68,68,0,0
1832,48,49,-1,1
1833,75,77,-2,2
1834,126,114,12,12
1835,106,100,6,6
1836,60,61,-1,1
1837,70,64,6,6
1838,52,51,1,1
1839,86,80,6,6
1840,74,71,3,3
1841,118,106,12,12
1842,43,49,-6,6
1843,207,194,13,13
1844,97,86,11,11
1845,78,75,3,3
1846,100,100,0,0
1847,108,94,14,14
1848,73,72,1,1
1849,151,138,13,13
1850,45,51,-6,6
1851,81,74,7,7
1852,68,69,-1,1
1853,140,144,-4,4
1854,121,109,12,12
1855,88,99,-11,11
1856,42,47,-5,5
1857,76,80,-4,4
1858,89,86,3,3
1859,61,64,-3,3
1860,98,88,10,10
1861,78,79,-1,1
1862,54,57,-3,3
1863,128,144,-16,16
1864,160,146,14,14
1865,65,68,-3,3
1866,109,102,7,7
1867,149,154,-5,5
1868,112,106,6,6
1869,78,74,4,4
1870,61,57,4,4
1871,82,75,7,7
1872,54,54,0,0
1873,45,53,-8,8
1874,102,95,7,7
1875,92,89,3,3
1876,121,115,6,6
1877,119,111,8,8
1878,84,78,6,6
1879,99,102,-3,3
1880,116,118,-2,2
1881,119,111,8,8
1882,157,149,8,8
1883,119,103,16,16
1884,92,85,7,7
1885,60,69,-9,9
1886,101,98,3,3
1887,90,90,0,0
1888,132,131,1,1
1889,156,149,7,7
1890,101,99,2,2
1891,88,81,7,7
1892,141,112,29,29
1893,56,61,-5,5
1894,85,75,10,10
1895,182,156,26,26
1896,127,111,16,16
1897,76,72,4,4
1898,83,78,5,5
1899,59,59,0,0
1900,33,45,-12,12
1901,38,45,-7,7
1902,90,78,12,12
1903,87,99,-12,12
1904,81,90,-9,9
1905,123,123,0,0
1906,111,107,4,4
1907,207,203,4,4
1908,140,132,8,8
1909,90,85,5,5
1910,67,73,-6,6
1911,102,126,-24,24
1912,65,66,-1,1
1913,81,81,0,0
1914,75,77,-2,2
1915,93,94,-1,1
1916,87,99,-12,12
1917,183,156,27,27
1918,95,95,0,0
1919,200,186,14,14
1920,95,89,6,6
1921,199,173,26,26
1922,87,71,16,16
1923,56,59,-3,3
1924,55,68,-13,13
1925,90,96,-6,6
1926,64,71,-7,7
1927,57,56,1,1
1928,179,179,0,0
1929,78,76,2,2
1930,54,54,0,0
1931,112,102,10,10
1932,69,86,-17,17
1933,73,78,-5,5
1934,64,68,-4,4
1935,65,69,-4,4
1936,63,65,-2,2
1937,159,140,19,19
1938,71,77,-6,6
1939,90,86,4,4
1940,116,112,4,4
1941,110,103,7,7
1942,80,83,-3,3
1943,116,112,4,4
1944,101,105,-4,4
1945,145,134,11,11
1946,144,140,4,4
1947,163,143,20,20
1948,115,121,-6,6
1949,115,117,-2,2
1950,102,106,-4,4
1951,105,87,18,18
1952,61,59,2,2
1953,74,73,1,1
1954,88,85,3,3
1955,86,78,8,8
1956,98,96,2,2
1957,113,107,6,6
1958,82,70,12,12
1959,124,103,21,21
1960,76,74,2,2
1961,137,131,6,6
1962,88,97,-9,9
1963,130,118,12,12
1964,75,66,9,9
1965,97,84,13,13
1966,114,116,-2,2
1967,92,87,5,5
1968,106,103,3,3
1969,89,89,0,0
1970,72,92,-20,20
1971,92,90,2,2
1972,66,68,-2,2
1973,26,37,-11,11
1974,106,95,11,11
1975,82,85,-3,3
1976,112,106,6,6
1977,94,89,5,5
1978,106,100,6,6
1979,114,106,8,8
1980,85,98,-13,13
1981,144,140,4,4
1982,137,122,15,15
1983,56,65,-9,9
1984,62,51,11,11
1985,65,71,-6,6
1986,71,79,-8,8
1987,78,85,-7,7
1988,66,58,8,8
1989,106,104,2,2
1990,74,97,-23,23
1991,46,118,-72,72
1992,140,128,12,12
1993,129,119,10,10
1994,83,82,1,1
1995,81,82,-1,1
1996,49,50,-1,1
1997,124,115,9,9
1998,42,46,-4,4
1999,89,86,3,3
2000,101,89,12,12
2001,184,193,-9,9
2002,113,106,7,7
2003,212,194,18,18
2004,120,108,12,12
2005,95,91,4,4
2006,120,117,3,3
2007,97,93,4,4
2008,72,74,-2,2
2009,80,67,13,13
2010,87,94,-7,7
2011,100,93,7,7
2012,185,171,14,14
2013,90,92,-2,2
2014,77,79,-2,2
2015,67,68,-1,1
2016,63,68,-5,5
2017,74,73,1,1
2018,104,93,11,11
2019,129,125,4,4
2020,73,72,1,1
2021,128,117,11,11
2022,64,67,-3,3
2023,88,77,11,11
2024,47,59,-12,12
2025,68,64,4,4
2026,75,70,5,5
2027,75,74,1,1
2028,80,82,-2,2
2029,61,66,-5,5
2030,74,73,1,1
2031,79,86,-7,7
2032,62,71,-9,9
2033,121,124,-3,3
2034,77,80,-3,3
2035,104,108,-4,4
2036,116,110,6,6
2037,61,76,-15,15
2038,86,82,4,4
2039,83,90,-7,7
2040,119,117,2,2
2041,109,113,-4,4
2042,83,95,-12,12
2043,66,68,-2,2
2044,112,111,1,1
2045,110,107,3,3
2046,115,122,-7,7
2047,97,92,5,5
2048,115,108,7,7
2049,78,80,-2,2
2050,58,57,1,1
2051,98,100,-2,2
2052,104,99,5,5
2053,109,99,10,10
2054,143,132,11,11
2055,98,94,4,4
2056,56,61,-5,5
2057,61,65,-4,4
2058,86,84,2,2
2059,73,75,-2,2
2060,101,95,6,6
2061,165,141,24,24
2062,64,66,-2,2
2063,62,59,3,3
2064,68,67,1,1
2065,101,103,-2,2
2066,72,83,-11,11
2067,56,56,0,0
2068,109,92,17,17
2069,63,60,3,3
2070,48,54,-6,6
2071,134,133,1,1
2072,91,100,-9,9
2073,80,81,-1,1
2074,112,104,8,8
2075,49,52,-3,3
2076,91,85,6,6
2077,75,81,-6,6
2078,86,75,11,11
2079,142,124,18,18
2080,79,72,7,7
2081,122,127,-5,5
2082,139,134,5,5
2083,79,68,11,11
2084,184,157,27,27
2085,134,158,-24,24
2086,99,92,7,7
2087,59,66,-7,7
2088,77,81,-4,4
2089,84,81,3,3
2090,116,117,-1,1
2091,41,43,-2,2
2092,70,70,0,0
2093,39,44,-5,5
2094,82,85,-3,3
2095,58,62,-4,4
2096,166,150,16,16
2097,71,74,-3,3
2098,119,108,11,11
2099,92,99,-7,7
2100,116,114,2,2
2101,121,110,11,11
2102,106,98,8,8
2103,82,80,2,2
2104,137,128,9,9
2105,113,113,0,0
2106,84,86,-2,2
2107,136,120,16,16
2108,57,57,0,0
2109,142,127,15,15
2110,55,49,6,6
2111,82,83,-1,1
2112,208,185,23,23
2113,101,85,16,16
2114,156,158,-2,2
2115,175,151,24,24
2116,137,114,23,23
2117,105,116,-11,11
2118,84,86,-2,2
2119,78,79,-1,1
2120,115,99,16,16
2121,74,74,0,0
2122,67,65,2,2
2123,46,50,-4,4
2124,123,113,10,10
2125,68,64,4,4
2126,110,113,-3,3
2127,95,93,2,2
2128,77,85,-8,8
2129,86,90,-4,4
2130,62,58,4,4
2131,91,84,7,7
2132,76,78,-2,2
2133,92,78,14,14
2134,98,90,8,8
2135,108,103,5,5
2136,142,130,12,12
2137,111,81,30,30
2138,96,96,0,0
2139,86,83,3,3
2140,138,126,12,12
2141,89,89,0,0
2142,149,133,16,16
2143,82,87,-5,5
2144,135,128,7,7
2145,94,91,3,3
2146,79,80,-1,1
2147,84,87,-3,3
2148,44,80,-36,36
2149,46,62,-16,16
2150,96,96,0,0
2151,114,103,11,11
2152,57,60,-3,3
2153,79,74,5,5
2154,78,92,-14,14
2155,117,131,-14,14
2156,98,89,9,9
2157,57,54,3,3
2158,99,88,11,11
2159,97,91,6,6
2160,98,86,12,12
2161,70,68,2,2
2162,102,103,-1,1
2163,82,87,-5,5
2164,81,79,2,2
2165,69,73,-4,4
2166,66,64,2,2
2167,97,83,14,14
2168,86,87,-1,1
2169,58,58,0,0
2170,83,93,-10,10
2171,78,84,-6,6
2172,64,59,5,5
2173,127,95,32,32
2174,73,65,8,8
2175,70,81,-11,11
2176,93,92,1,1
2177,116,111,5,5
2178,103,87,16,16
2179,44,57,-13,13
2180,84,91,-7,7
2181,116,96,20,20
2182,102,104,-2,2
2183,56,52,4,4
2184,117,109,8,8
2185,111,108,3,3
2186,82,89,-7,7
2187,115,101,14,14
2188,96,102,-6,6
2189,137,107,30,30
2190,111,120,-9,9
2191,63,71,-8,8
2192,65,62,3,3
2193,57,57,0,0
2194,82,75,7,7
2195,64,81,-17,17
2196,100,95,5,5
2197,68,66,2,2
2198,57,66,-9,9
2199,76,72,4,4
2200,138,131,7,7
2201,61,71,-10,10
2202,80,83,-3,3
2203,98,103,-5,5
2204,137,133,4,4
2205,101,94,7,7
2206,122,119,3,3
2207,75,83,-8,8
2208,118,108,10,10
2209,87,90,-3,3
2210,116,109,7,7
2211,97,99,-2,2
2212,147,157,-10,10
2213,74,68,6,6
2214,55,60,-5,5
2215,110,95,15,15
2216,93,92,1,1
2217,64,70,-6,6
2218,105,112,-7,7
2219,70,94,-24,24
2220,92,84,8,8
2221,63,65,-2,2
2222,93,92,1,1
2223,60,78,-18,18
2224,82,82,0,0
2225,108,102,6,6
2226,118,113,5,5
2227,167,159,8,8
2228,112,104,8,8
2229,85,86,-1,1
2230,77,95,-18,18
2231,105,104,1,1
2232,144,135,9,9
2233,159,160,-1,1
2234,68,69,-1,1
2235,42,44,-2,2
2236,111,124,-13,13
2237,67,78,-11,11
2238,135,122,13,13
2239,45,49,-4,4
2240,79,80,-1,1
2241,117,114,3,3
2242,94,89,5,5
2243,44,76,-32,32
2244,94,103,-9,9
2245,140,121,19,19
2246,98,93,5,5
2247,66,72,-6,6
2248,63,66,-3,3
2249,65,72,-7,7
2250,104,103,1,1
2251,92,95,-3,3
2252,86,88,-2,2
2253,81,83,-2,2
2254,77,85,-8,8
2255,78,76,2,2
2256,48,54,-6,6
2257,39,41,-2,2
2258,47,45,2,2
2259,94,100,-6,6
2260,161,147,14,14
2261,72,64,8,8
2262,35,47,-12,12
2263,89,98,-9,9
2264,69,91,-22,22
2265,102,104,-2,2
2266,79,94,-15,15
2267,107,92,15,15
2268,111,121,-10,10
2269,95,97,-2,2
2270,102,99,3,3
2271,89,96,-7,7
2272,65,66,-1,1
2273,108,104,4,4
2274,57,70,-13,13
2275,103,97,6,6
2276,151,123,28,28
2277,184,162,22,22
2278,78,78,0,0
2279,185,155,30,30
2280,63,70,-7,7
2281,131,125,6,6
2282,155,136,19,19
2283,87,81,6,6
2284,136,127,9,9
2285,104,103,1,1
2286,54,56,-2,2
2287,107,102,5,5
2288,64,60,4,4
2289,68,69,-1,1
2290,90,92,-2,2
2291,65,72,-7,7
2292,86,95,-9,9
2293,78,77,1,1
2294,72,65,7,7
2295,50,62,-12,12
2296,107,105,2,2
2297,101,212,-111,111
2298,104,99,5,5
2299,47,49,-2,2
2300,87,81,6,6
2301,102,102,0,0
2302,103,91,12,12
2303,62,53,9,9
2304,57,61,-4,4
2305,68,73,-5,5
2306,109,104,5,5
2307,80,83,-3,3
2308,76,81,-5,5
2309,97,97,0,0
2310,83,76,7,7
2311,116,110,6,6
2312,72,67,5,5
2313,49,55,-6,6
2314,108,108,0,0
2315,106,92,14,14
2316,135,116,19,19
2317,115,116,-1,1
2318,111,101,10,10
2319,95,84,11,11
2320,56,68,-12,12
2321,154,133,21,21
2322,106,103,3,3
2323,71,73,-2,2
2324,92,87,5,5
2325,96,86,10,10
2326,75,75,0,0
2327,127,108,19,19
2328,66,71,-5,5
2329,78,75,3,3
2330,148,140,8,8
2331,95,89,6,6
2332,145,120,25,25
2333,80,86,-6,6
2334,48,51,-3,3
2335,73,82,-9,9
2336,128,133,-5,5
2337,38,50,-12,12
2338,180,168,12,12
2339,63,65,-2,2
2340,60,58,2,2
2341,149,140,9,9
2342,97,99,-2,2
2343,57,62,-5,5
2344,158,136,22,22
2345,85,88,-3,3
2346,83,74,9,9
2347,145,131,14,14
2348,76,76,0,0
2349,107,96,11,11
2350,177,164,13,13
2351,106,90,16,16
2352,73,74,-1,1
2353,43,46,-3,3
2354,141,115,26,26
2355,100,103,-3,3
2356,81,97,-16,16
2357,267,217,50,50
2358,69,68,1,1
2359,114,113,1,1
2360,110,106,4,4
2361,107,107,0,0
2362,95,85,10,10
2363,92,84,8,8
2364,166,140,26,26
2365,83,88,-5,5
2366,140,121,19,19
2367,102,93,9,9
2368,82,86,-4,4
2369,88,92,-4,4
2370,129,109,20,20
2371,171,171,0,0
2372,53,56,-3,3
2373,139,118,21,21
2374,131,112,19,19
2375,137,117,20,20
2376,65,68,-3,3
2377,83,85,-2,2
2378,191,179,12,12
2379,65,55,10,10
2380,197,178,19,19
2381,101,97,4,4
2382,147,138,9,9
2383,159,150,9,9
2384,46,52,-6,6
2385,151,140,11,11
2386,104,96,8,8
2387,132,129,3,3
2388,67,65,2,2
2389,80,79,1,1
2390,198,179,19,19
2391,116,125,-9,9
2392,72,102,-30,30
2393,152,132,20,20
2394,63,73,-10,10
2395,61,65,-4,4
2396,112,109,3,3
2397,96,87,9,9
2398,90,84,6,6
2399,118,116,2,2
2400,102,103,-1,1
2401,65,65,0,0
2402,93,94,-1,1
2403,64,61,3,3
2404,88,122,-34,34
2405,116,108,8,8
2406,94,104,-10,10
2407,96,103,-7,7
2408,83,94,-11,11
2409,125,124,1,1
2410,71,67,4,4
2411,147,152,-5,5
2412,117,117,0,0
2413,125,116,9,9
2414,65,58,7,7
2415,69,74,-5,5
2416,72,72,0,0
2417,80,84,-4,4
2418,73,69,4,4
2419,62,66,-4,4
2420,126,117,9,9
2421,56,57,-1,1
2422,90,97,-7,7
2423,95,97,-2,2
2424,67,71,-4,4
2425,37,47,-10,10
2426,128,118,10,10
2427,63,62,1,1
2428,32,46,-14,14
2429,63,61,2,2
2430,42,55,-13,13
2431,90,89,1,1
2432,58,59,-1,1
2433,159,136,23,23
2434,114,118,-4,4
2435,76,74,2,2
2436,71,70,1,1
2437,91,86,5,5
2438,144,125,19,19
2439,71,66,5,5
2440,70,75,-5,5
2441,109,108,1,1
2442,86,82,4,4
2443,114,111,3,3
2444,66,55,11,11
2445,92,83,9,9
2446,71,71,0,0
2447,92,87,5,5
2448,137,145,-8,8
2449,73,83,-10,10
2450,73,77,-4,4
2451,101,93,8,8
2452,119,109,10,10
2453,97,95,2,2
2454,110,102,8,8
2455,69,65,4,4
2456,81,76,5,5
2457,67,69,-2,2
2458,139,127,12,12
2459,88,85,3,3
2460,114,108,6,6
2461,64,59,5,5
2462,86,82,4,4
2463,122,115,7,7
2464,122,112,10,10
2465,94,87,7,7
2466,128,125,3,3
2467,83,78,5,5
2468,92,87,5,5
2469,175,163,12,12
2470,141,135,6,6
2471,72,80,-8,8
2472,135,136,-1,1
2473,84,77,7,7
2474,123,112,11,11
2475,113,113,0,0
2476,135,126,9,9
2477,83,80,3,3
2478,58,66,-8,8
2479,146,142,4,4
2480,123,121,2,2
2481,50,51,-1,1
2482,67,79,-12,12
2483,80,84,-4,4
2484,136,127,9,9
2485,165,157,8,8
2486,84,80,4,4
2487,107,98,9,9
2488,151,144,7,7
2489,111,108,3,3
2490,51,64,-13,13
2491,78,80,-2,2
2492,145,119,26,26
2493,54,59,-5,5
2494,86,79,7,7
2495,93,92,1,1
2496,117,103,14,14
2497,52,53,-1,1
2498,84,88,-4,4
2499,196,186,10,10
2500,70,66,4,4
2501,166,162,4,4
2502,103,87,16,16
2503,67,79,-12,12
2504,54,59,-5,5
2505,91,92,-1,1
2506,124,117,7,7
2507,80,79,1,1
2508,111,109,2,2
2509,108,93,15,15
2510,134,136,-2,2
2511,98,98,0,0
2512,64,88,-24,24
2513,73,76,-3,3
2514,94,94,0,0
2515,61,74,-13,13
2516,90,92,-2,2
2517,102,96,6,6
2518,150,131,19,19
2519,97,99,-2,2
2520,76,77,-1,1
2521,58,63,-5,5
2522,90,77,13,13
2523,70,69,1,1
2524,65,67,-2,2
2525,78,78,0,0
2526,53,57,-4,4
2527,83,76,7,7
2528,103,72,31,31
2529,74,73,1,1
2530,173,162,11,11
2531,63,65,-2,2
2532,104,99,5,5
2533,96,96,0,0
2534,110,115,-5,5
2535,83,82,1,1
2536,89,87,2,2
2537,95,101,-6,6
2538,74,81,-7,7
2539,55,52,3,3
2540,117,113,4,4
2541,32,37,-5,5
2542,64,74,-10,10
2543,103,85,18,18
2544,121,116,5,5
2545,129,116,13,13
2546,90,93,-3,3
2547,119,138,-19,19
2548,105,91,14,14
2549,78,72,6,6
2550,159,136,23,23
2551,73,76,-3,3
2552,128,122,6,6
2553,149,146,3,3
2554,129,109,20,20
2555,87,91,-4,4
2556,69,72,-3,3
2557,120,111,9,9
2558,57,58,-1,1
2559,107,113,-6,6
2560,56,60,-4,4
2561,128,85,43,43
2562,153,134,19,19
2563,114,121,-7,7
2564,96,96,0,0
2565,111,106,5,5
2566,130,127,3,3
2567,88,90,-2,2
2568,75,75,0,0
2569,85,87,-2,2
2570,105,99,6,6
2571,48,49,-1,1
2572,98,97,1,1
2573,62,70,-8,8
2574,142,131,11,11
2575,91,74,17,17
2576,85,88,-3,3
2577,67,65,2,2
2578,116,107,9,9
2579,82,86,-4,4
2580,136,134,2,2
2581,145,122,23,23
2582,76,80,-4,4
2583,46,50,-4,4
2584,112,124,-12,12
2585,119,121,-2,2
2586,75,87,-12,12
2587,58,65,-7,7
2588,90,97,-7,7
2589,106,109,-3,3
2590,117,113,4,4
2591,97,92,5,5
2592,142,144,-2,2
2593,156,144,12,12
2594,136,97,39,39
2595,73,78,-5,5
2596,98,81,17,17
2597,79,85,-6,6
2598,130,128,2,2
2599,114,114,0,0
2600,122,116,6,6
2601,87,81,6,6
2602,136,122,14,14
2603,157,138,19,19
2604,53,55,-2,2
2605,106,103,3,3
2606,62,66,-4,4
2607,87,89,-2,2
2608,75,74,1,1
2609,71,71,0,0
2610,87,85,2,2
2611,81,77,4,4
2612,110,103,7,7
2613,119,114,5,5
2614,103,94,9,9
2615,65,58,7,7
2616,137,117,20,20
2617,66,77,-11,11
2618,78,73,5,5
2619,93,96,-3,3
2620,117,108,9,9
2621,95,90,5,5
2622,88,81,7,7
2623,102,88,14,14
2624,49,53,-4,4
2625,82,77,5,5
2626,70,77,-7,7
2627,78,81,-3,3
2628,75,70,5,5
2629,80,95,-15,15
2630,133,119,14,14
2631,82,83,-1,1
2632,147,107,40,40
2633,174,159,15,15
2634,65,68,-3,3
2635,95,90,5,5
2636,105,93,12,12
2637,72,68,4,4
2638,78,78,0,0
2639,137,130,7,7
2640,153,138,15,15
2641,131,144,-13,13
2642,53,59,-6,6
2643,88,79,9,9
2644,74,74,0,0
2645,62,66,-4,4
2646,97,101,-4,4
2647,121,115,6,6
2648,106,105,1,1
2649,76,102,-26,26
2650,103,102,1,1
2651,87,81,6,6
2652,67,64,3,3
2653,68,90,-22,22
2654,123,107,16,16
2655,68,66,2,2
2656,115,110,5,5
2657,116,102,14,14
2658,95,92,3,3
2659,57,65,-8,8
2660,106,101,5,5
2661,85,82,3,3
2662,106,92,14,14
2663,87,83,4,4
2664,86,84,2,2
2665,84,87,-3,3
2666,60,58,2,2
2667,99,101,-2,2
2668,84,95,-11,11
2669,60,62,-2,2
2670,134,114,20,20
2671,130,126,4,4
2672,78,74,4,4
2673,62,64,-2,2
2674,90,81,9,9
2675,105,108,-3,3
2676,104,103,1,1
2677,102,95,7,7
2678,125,119,6,6
2679,74,67,7,7
2680,100,95,5,5
2681,103,104,-1,1
2682,77,68,9,9
2683,86,84,2,2
2684,97,101,-4,4
2685,81,84,-3,3
2686,88,95,-7,7
2687,52,56,-4,4
2688,59,68,-9,9
2689,89,80,9,9
2690,51,65,-14,14
2691,45,52,-7,7
2692,103,109,-6,6
2693,70,77,-7,7
2694,148,137,11,11
2695,91,97,-6,6
2696,45,45,0,0
2697,146,143,3,3
2698,119,116,3,3
2699,107,111,-4,4
2700,170,150,20,20
2701,62,60,2,2
2702,130,106,24,24
2703,40,58,-18,18
2704,91,83,8,8
2705,61,63,-2,2
2706,72,70,2,2
2707,113,110,3,3
2708,120,94,26,26
2709,52,53,-1,1
2710,43,52,-9,9
2711,63,61,2,2
2712,106,105,1,1
2713,109,107,2,2
2714,136,131,5,5
2715,100,97,3,3
2716,58,60,-2,2
2717,64,63,1,1
2718,135,134,1,1
2719,125,117,8,8
2720,91,103,-12,12
2721,81,82,-1,1
2722,53,55,-2,2
2723,120,114,6,6
2724,96,95,1,1
2725,42,42,0,0
2726,122,117,5,5
2727,67,65,2,2
2728,97,92,5,5
2729,65,63,2,2
2730,86,86,0,0
2731,72,68,4,4
2732,62,59,3,3
2733,72,66,6,6
2734,83,72,11,11
2735,129,124,5,5
2736,109,103,6,6
2737,72,84,-12,12
2738,78,82,-4,4
2739,175,176,-1,1
2740,125,117,8,8
2741,65,58,7,7
2742,122,113,9,9
2743,79,82,-3,3
2744,35,44,-9,9
2745,86,91,-5,5
2746,120,109,11,11
2747,96,93,3,3
2748,152,145,7,7
2749,114,118,-4,4
2750,94,97,-3,3
2751,67,71,-4,4
2752,94,95,-1,1
2753,145,122,23,23
2754,52,58,-6,6
2755,108,109,-1,1
2756,86,94,-8,8
2757,91,91,0,0
2758,132,123,9,9
2759,160,154,6,6
2760,94,86,8,8
2761,136,119,17,17
2762,46,45,1,1
2763,76,71,5,5
2764,66,70,-4,4
2765,72,73,-1,1
2766,102,100,2,2
2767,77,80,-3,3
2768,56,57,-1,1
2769,139,136,3,3
2770,217,188,29,29
2771,105,105,0,0
2772,86,79,7,7
2773,172,151,21,21
2774,131,125,6,6
2775,141,127,14,14
2776,85,87,-2,2
2777,68,62,6,6
2778,90,93,-3,3
2779,75,76,-1,1
2780,82,81,1,1
2781,76,74,2,2
2782,92,89,3,3
2783,76,76,0,0
2784,108,102,6,6
2785,99,94,5,5
2786,65,71,-6,6
2787,101,105,-4,4
2788,196,176,20,20
2789,80,85,-5,5
2790,130,125,5,5
2791,57,69,-12,12
2792,105,94,11,11
2793,83,85,-2,2
2794,75,87,-12,12
2795,37,43,-6,6
2796,92,101,-9,9
2797,70,72,-2,2
2798,35,46,-11,11
2799,120,109,11,11
2800,87,77,10,10
2801,56,50,6,6
2802,84,82,2,2
2803,185,170,15,15
2804,95,83,12,12
2805,76,75,1,1
2806,60,58,2,2
2807,84,83,1,1
2808,67,68,-1,1
2809,79,76,3,3
2810,106,103,3,3
2811,121,116,5,5
2812,81,88,-7,7
2813,93,87,6,6
2814,150,139,11,11
2815,104,108,-4,4
2816,95,91,4,4
2817,120,109,11,11
2818,140,140,0,0
2819,106,114,-8,8
2820,92,79,13,13
2821,75,73,2,2
2822,69,81,-12,12
2823,78,76,2,2
2824,57,58,-1,1
2825,71,65,6,6
2826,110,99,11,11
2827,90,87,3,3
2828,58,59,-1,1
2829,52,54,-2,2
2830,108,106,2,2
2831,53,64,-11,11
2832,102,98,4,4
2833,89,92,-3,3
2834,158,141,17,17
2835,81,73,8,8
2836,93,102,-9,9
2837,127,117,10,10
2838,117,111,6,6
2839,105,95,10,10
2840,133,122,11,11
2841,106,97,9,9
2842,149,135,14,14
2843,117,110,7,7
2844,92,87,5,5
2845,74,74,0,0
2846,156,139,17,17
2847,90,85,5,5
2848,116,112,4,4
2849,118,113,5,5
2850,109,106,3,3
2851,110,105,5,5
2852,84,90,-6,6
2853,120,105,15,15
2854,145,134,11,11
2855,64,66,-2,2
2856,95,110,-15,15
2857,54,53,1,1
2858,109,100,9,9
2859,81,80,1,1
2860,74,75,-1,1
2861,123,123,0,0
2862,88,86,2,2
2863,153,151,2,2
2864,119,125,-6,6
2865,100,94,6,6
2866,91,86,5,5
2867,85,70,15,15
2868,72,68,4,4
2869,137,121,16,16
2870,120,139,-19,19
2871,58,58,0,0
2872,106,103,3,3
2873,100,91,9,9
2874,75,79,-4,4
2875,71,66,5,5
2876,90,86,4,4
2877,56,57,-1,1
2878,109,104,5,5
2879,97,100,-3,3
2880,95,89,6,6
2881,84,80,4,4
2882,64,64,0,0
2883,79,77,2,2
2884,66,65,1,1
2885,65,72,-7,7
2886,117,116,1,1
2887,143,137,6,6
2888,65,65,0,0
2889,80,81,-1,1
2890,111,115,-4,4
2891,116,113,3,3
2892,80,132,-52,52
2893,89,90,-1,1
2894,181,160,21,21
2895,95,86,9,9
2896,81,81,0,0
2897,172,146,26,26
2898,137,122,15,15
2899,83,82,1,1
2900,98,97,1,1
2901,131,120,11,11
2902,75,77,-2,2
2903,160,148,12,12
2904,115,102,13,13
2905,124,126,-2,2
2906,121,108,13,13
2907,113,104,9,9
2908,116,106,10,10
2909,62,69,-7,7
2910,94,88,6,6
2911,92,86,6,6
2912,144,133,11,11
2913,37,90,-53,53
2914,65,71,-6,6
2915,159,170,-11,11
2916,76,72,4,4
2917,116,111,5,5
2918,79,78,1,1
2919,89,99,-10,10
2920,79,79,0,0
2921,100,105,-5,5
2922,92,88,4,4
2923,90,86,4,4
2924,53,54,-1,1
2925,97,105,-8,8
2926,148,135,13,13
2927,104,107,-3,3
2928,57,51,6,6
2929,71,72,-1,1
2930,116,125,-9,9
2931,191,177,14,14
2932,122,112,10,10
2933,60,60,0,0
2934,125,145,-20,20
2935,69,80,-11,11
2936,98,96,2,2
2937,131,115,16,16
2938,105,106,-1,1
2939,103,96,7,7
2940,60,66,-6,6
2941,67,66,1,1
2942,118,110,8,8
2943,58,83,-25,25
2944,76,74,2,2
2945,109,98,11,11
2946,72,71,1,1
2947,87,83,4,4
2948,57,63,-6,6
2949,85,84,1,1
2950,78,82,-4,4
2951,88,82,6,6
2952,75,72,3,3
2953,124,111,13,13
2954,84,87,-3,3
2955,112,105,7,7
2956,98,86,12,12
2957,152,138,14,14
2958,54,53,1,1
2959,121,120,1,1
2960,164,144,20,20
2961,58,60,-2,2
2962,164,156,8,8
2963,47,56,-9,9
2964,163,166,-3,3
2965,104,94,10,10
2966,66,70,-4,4
2967,111,107,4,4
2968,60,69,-9,9
2969,45,46,-1,1
2970,98,89,9,9
2971,129,115,14,14
2972,94,92,2,2
2973,100,97,3,3
2974,88,90,-2,2
2975,79,76,3,3
2976,73,77,-4,4
2977,125,117,8,8
2978,91,93,-2,2
2979,102,100,2,2
2980,137,127,10,10
2981,186,175,11,11
2982,67,70,-3,3
2983,59,64,-5,5
2984,36,45,-9,9
2985,128,115,13,13
2986,80,75,5,5
2987,102,113,-11,11
2988,137,111,26,26
2989,58,54,4,4
2990,94,90,4,4
2991,90,86,4,4
2992,110,98,12,12
2993,101,107,-6,6
2994,78,79,-1,1
2995,121,104,17,17
2996,87,84,3,3
2997,81,88,-7,7
2998,70,72,-2,2
2999,142,129,13,13
3000,93,92,1,1
3001,98,85,13,13
3002,125,119,6,6
3003,65,66,-1,1
3004,126,122,4,4
3005,77,77,0,0
3006,79,81,-2,2
3007,85,88,-3,3
3008,65,64,1,1
3009,74,76,-2,2
3010,124,124,0,0
3011,112,96,16,16
3012,99,100,-1,1
3013,73,67,6,6
3014,97,96,1,1
3015,73,70,3,3
3016,58,80,-22,22
3017,172,158,14,14
3018,91,87,4,4
3019,67,71,-4,4
3020,100,97,3,3
3021,110,108,2,2
3022,58,65,-7,7
3023,96,97,-1,1
3024,69,80,-11,11
3025,91,90,1,1
3026,64,66,-2,2
3027,71,76,-5,5
3028,49,65,-16,16
3029,88,92,-4,4
3030,147,120,27,27
3031,71,68,3,3
3032,117,108,9,9
3033,89,93,-4,4
3034,95,87,8,8
3035,78,83,-5,5
3036,82,93,-11,11
3037,72,76,-4,4
3038,137,113,24,24
3039,122,123,-1,1
3040,115,104,11,11
3041,120,109,11,11
3042,119,119,0,0
3043,84,81,3,3
3044,88,81,7,7
3045,60,60,0,0
3046,115,109,6,6
3047,81,75,6,6
3048,136,141,-5,5
3049,85,94,-9,9
3050,100,106,-6,6
3051,118,121,-3,3
3052,109,103,6,6
3053,61,77,-16,16
3054,105,100,5,5
3055,206,184,22,22
3056,112,107,5,5
3057,83,81,2,2
3058,181,180,1,1
3059,151,135,16,16
3060,104,101,3,3
3061,83,95,-12,12
3062,109,98,11,11
3063,62,65,-3,3
3064,76,78,-2,2
3065,86,91,-5,5
3066,127,110,17,17
3067,83,79,4,4
3068,122,104,18,18
3069,103,103,0,0
3070,107,103,4,4
3071,94,89,5,5
3072,103,87,16,16
3073,72,71,1,1
3074,66,69,-3,3
3075,70,85,-15,15
3076,54,50,4,4
3077,57,66,-9,9
3078,165,158,7,7
3079,125,114,11,11
3080,125,127,-2,2
3081,92,90,2,2
3082,53,45,8,8
3083,106,119,-13,13
3084,95,89,6,6
3085,94,88,6,6
3086,72,73,-1,1
3087,78,75,3,3
3088,113,106,7,7
3089,106,93,13,13
3090,101,94,7,7
3091,102,109,-7,7
3092,95,86,9,9
3093,69,73,-4,4
3094,74,68,6,6
3095,104,91,13,13
3096,78,82,-4,4
3097,86,89,-3,3
3098,41,48,-7,7
3099,86,86,0,0
3100,80,77,3,3
3101,182,161,21,21
3102,83,84,-1,1
3103,65,65,0,0
3104,81,73,8,8
3105,159,147,12,12
3106,103,98,5,5
3107,102,92,10,10
3108,60,56,4,4
3109,142,121,21,21
3110,62,65,-3,3
3111,129,120,9,9
3112,79,85,-6,6
3113,87,84,3,3
3114,127,111,16,16
3115,56,60,-4,4
3116,94,102,-8,8
3117,90,85,5,5
3118,62,68,-6,6
3119,60,65,-5,5
3120,110,121,-11,11
3121,98,97,1,1
3122,58,62,-4,4
3123,88,87,1,1
3124,35,42,-7,7
3125,138,132,6,6
3126,73,75,-2,2
3127,99,79,20,20
3128,87,80,7,7
3129,69,72,-3,3
3130,102,90,12,12
3131,89,89,0,0
3132,106,93,13,13
3133,116,107,9,9
3134,69,71,-2,2
3135,75,72,3,3
3136,91,84,7,7
3137,67,69,-2,2
3138,133,131,2,2
3139,76,79,-3,3
3140,103,92,11,11
3141,71,64,7,7
3142,135,125,10,10
3143,99,99,0,0
3144,104,98,6,6
3145,146,122,24,24
3146,57,46,11,11
3147,108,112,-4,4
3148,82,78,4,4
3149,106,96,10,10
3150,110,105,5,5
3151,98,96,2,2
3152,62,58,4,4
3153,102,99,3,3
3154,130,128,2,2
3155,108,97,11,11
3156,61,66,-5,5
3157,73,86,-13,13
3158,54,57,-3,3
3159,63,60,3,3
3160,140,117,23,23
3161,47,116,-69,69
3162,68,78,-10,10
3163,134,120,14,14
3164,106,98,8,8
3165,72,73,-1,1
3166,107,107,0,0
3167,107,100,7,7
3168,53,54,-1,1
3169,112,101,11,11
3170,124,115,9,9
3171,103,98,5,5
3172,76,83,-7,7
3173,103,102,1,1
3174,92,94,-2,2
3175,40,45,-5,5
3176,79,77,2,2
3177,83,90,-7,7
3178,77,76,1,1
3179,75,72,3,3
3180,63,56,7,7
3181,134,124,10,10
3182,66,70,-4,4
3183,173,168,5,5
3184,100,88,12,12
3185,119,98,21,21
3186,143,139,4,4
3187,61,71,-10,10
3188,59,64,-5,5
3189,91,93,-2,2
3190,61,54,7,7
3191,127,121,6,6
3192,164,154,10,10
3193,81,76,5,5
3194,136,124,12,12
3195,73,80,-7,7
3196,72,76,-4,4
3197,82,80,2,2
3198,79,79,0,0
3199,70,77,-7,7
3200,95,88,7,7
3201,63,63,0,0
3202,67,76,-9,9
3203,127,125,2,2
3204,107,100,7,7
3205,58,62,-4,4
3206,91,89,2,2
3207,60,54,6,6
3208,94,105,-11,11
3209,90,76,14,14
3210,49,50,-1,1
3211,94,111,-17,17
3212,68,65,3,3
3213,86,73,13,13
3214,107,91,16,16
3215,54,56,-2,2
3216,88,82,6,6
3217,69,76,-7,7
3218,85,79,6,6
3219,99,93,6,6
3220,116,120,-4,4
3221,113,106,7,7
3222,42,60,-18,18
3223,36,43,-7,7
3224,52,61,-9,9
3225,88,80,8,8
3226,62,68,-6,6
3227,87,79,8,8
3228,97,108,-11,11
3229,94,95,-1,1
3230,113,105,8,8
3231,168,151,17,17
3232,107,100,7,7
3233,130,123,7,7
3234,169,144,25,25
3235,84,89,-5,5
3236,151,119,32,32
3237,75,69,6,6
3238,73,72,1,1
3239,64,72,-8,8
3240,144,144,0,0
3241,86,86,0,0
3242,91,85,6,6
3243,76,72,4,4
3244,112,112,0,0
3245,46,67,-21,21
3246,51,64,-13,13
3247,116,105,11,11
3248,106,116,-10,10
3249,63,74,-11,11
3250,115,104,11,11
3251,151,153,-2,2
3252,70,67,3,3
3253,153,147,6,6
3254,66,67,-1,1
3255,95,99,-4,4
3256,71,73,-2,2
3257,75,82,-7,7
3258,83,77,6,6
3259,75,70,5,5
3260,111,96,15,15
3261,95,97,-2,2
3262,133,114,19,19
3263,56,49,7,7
3264,42,49,-7,7
3265,61,68,-7,7
3266,72,73,-1,1
3267,60,59,1,1
3268,95,84,11,11
3269,115,124,-9,9
3270,101,103,-2,2
3271,65,66,-1,1
3272,100,104,-4,4
3273,69,72,-3,3
3274,81,80,1,1
3275,82,82,0,0
3276,107,101,6,6
3277,112,111,1,1
3278,99,92,7,7
3279,75,73,2,2
3280,161,149,12,12
3281,76,72,4,4
3282,142,137,5,5
3283,111,99,12,12
3284,78,78,0,0
3285,137,129,8,8
3286,40,45,-5,5
3287,65,70,-5,5
3288,88,89,-1,1
3289,103,85,18,18
3290,143,157,-14,14
3291,37,41,-4,4
3292,65,56,9,9
3293,90,82,8,8
3294,97,84,13,13
3295,107,103,4,4
3296,104,105,-1,1
3297,151,132,19,19
3298,98,95,3,3
3299,91,95,-4,4
3300,90,77,13,13
3301,79,84,-5,5
3302,62,58,4,4
3303,83,76,7,7
3304,102,105,-3,3
3305,92,97,-5,5
3306,48,55,-7,7
3307,103,98,5,5
3308,65,59,6,6
3309,84,85,-1,1
3310,57,58,-1,1
3311,108,109,-1,1
3312,80,81,-1,1
3313,66,82,-16,16
3314,106,110,-4,4
3315,52,53,-1,1
3316,107,115,-8,8
3317,107,92,15,15
3318,57,59,-2,2
3319,137,129,8,8
3320,69,72,-3,3
3321,90,83,7,7
3322,65,68,-3,3
3323,49,51,-2,2
3324,153,142,11,11
3325,119,110,9,9
3326,75,80,-5,5
3327,160,148,12,12
3328,140,137,3,3
3329,146,144,2,2
3330,104,86,18,18
3331,94,94,0,0
3332,60,53,7,7
3333,118,102,16,16
3334,71,69,2,2
3335,66,69,-3,3
3336,183,158,25,25
3337,103,90,13,13
3338,119,109,10,10
3339,107,115,-8,8
3340,92,83,9,9
3341,89,95,-6,6
3342,116,98,18,18
3343,84,79,5,5
3344,118,119,-1,1
3345,52,61,-9,9
3346,75,81,-6,6
3347,163,147,16,16
3348,96,93,3,3
3349,104,106,-2,2
3350,135,138,-3,3
3351,78,76,2,2
3352,127,117,10,10
3353,96,91,5,5
3354,123,105,18,18
3355,119,104,15,15
3356,83,85,-2,2
3357,107,104,3,3
3358,96,84,12,12
3359,105,99,6,6
3360,142,124,18,18
3361,67,70,-3,3
3362,67,78,-11,11
3363,126,116,10,10
3364,59,65,-6,6
3365,59,59,0,0
3366,74,76,-2,2
3367,87,85,2,2
3368,69,72,-3,3
3369,66,68,-2,2
3370,117,102,15,15
3371,186,170,16,16
3372,63,68,-5,5
3373,125,122,3,3
3374,87,80,7,7
3375,97,99,-2,2
3376,96,87,9,9
3377,49,50,-1,1
3378,105,107,-2,2
3379,48,47,1,1
3380,111,101,10,10
3381,98,98,0,0
3382,123,108,15,15
3383,74,66,8,8
3384,55,59,-4,4
3385,124,119,5,5
3386,151,137,14,14
3387,54,52,2,2
3388,44,50,-6,6
3389,78,82,-4,4
3390,141,140,1,1
3391,85,93,-8,8
3392,40,64,-24,24
3393,77,73,4,4
3394,104,96,8,8
3395,71,66,5,5
3396,94,101,-7,7
3397,98,103,-5,5
3398,56,60,-4,4
3399,64,70,-6,6
3400,107,104,3,3
3401,58,65,-7,7
3402,40,48,-8,8
3403,107,92,15,15
3404,110,100,10,10
3405,124,110,14,14
3406,100,89,11,11
3407,88,96,-8,8
3408,131,106,25,25
3409,93,84,9,9
3410,134,127,7,7
3411,81,90,-9,9
3412,81,85,-4,4
3413,84,87,-3,3
3414,86,86,0,0
3415,152,151,1,1
3416,64,67,-3,3
3417,73,80,-7,7
3418,118,111,7,7
3419,73,66,7,7
3420,88,78,10,10
3421,112,120,-8,8
3422,141,135,6,6
3423,150,148,2,2
3424,105,102,3,3
3425,163,150,13,13
3426,29,43,-14,14
3427,94,92,2,2
3428,67,72,-5,5
3429,98,114,-16,16
3430,89,88,1,1
3431,106,100,6,6
3432,100,98,2,2
3433,107,96,11,11
3434,64,68,-4,4
3435,45,52,-7,7
3436,77,77,0,0
3437,144,127,17,17
3438,103,102,1,1
3439,67,112,-45,45
3440,38,44,-6,6
3441,116,104,12,12
3442,102,97,5,5
3443,119,109,10,10
3444,88,89,-1,1
3445,111,104,7,7
3446,48,49,-1,1
3447,131,106,25,25
3448,86,83,3,3
3449,76,75,1,1
3450,80,82,-2,2
3451,99,90,9,9
3452,132,126,6,6
3453,91,104,-13,13
3454,105,99,6,6
3455,159,159,0,0
3456,117,110,7,7
3457,142,140,2,2
3458,69,62,7,7
3459,79,82,-3,3
3460,134,136,-2,2
3461,101,90,11,11
3462,94,90,4,4
3463,97,113,-16,16
3464,112,93,19,19
3465,70,65,5,5
3466,139,126,13,13
3467,120,108,12,12
3468,93,94,-1,1
3469,70,70,0,0
3470,77,70,7,7
3471,91,90,1,1
3472,57,54,3,3
3473,75,85,-10,10
3474,64,65,-1,1
3475,88,89,-1,1
3476,90,94,-4,4
3477,82,84,-2,2
3478,54,57,-3,3
3479,101,92,9,9
3480,102,106,-4,4
3481,92,91,1,1
3482,77,74,3,3
3483,76,76,0,0
3484,109,120,-11,11
3485,48,53,-5,5
3486,86,83,3,3
3487,91,87,4,4
3488,60,56,4,4
3489,117,113,4,4
3490,121,120,1,1
3491,129,132,-3,3
3492,90,97,-7,7
3493,106,82,24,24
3494,80,69,11,11
3495,129,107,22,22
3496,65,68,-3,3
3497,48,52,-4,4
3498,104,98,6,6
3499,72,70,2,2
3500,69,70,-1,1
3501,115,109,6,6
3502,147,156,-9,9
3503,83,83,0,0
3504,96,92,4,4
3505,83,78,5,5
3506,106,100,6,6
3507,83,86,-3,3
3508,94,79,15,15
3509,101,81,20,20
3510,112,108,4,4
3511,56,60,-4,4
3512,106,104,2,2
3513,93,84,9,9
3514,83,91,-8,8
3515,60,64,-4,4
3516,116,118,-2,2
3517,127,109,18,18
3518,65,68,-3,3
3519,134,133,1,1
3520,45,57,-12,12
3521,74,80,-6,6
3522,107,105,2,2
3523,97,98,-1,1
3524,145,136,9,9
3525,101,99,2,2
3526,104,90,14,14
3527,90,89,1,1
3528,98,94,4,4
3529,107,106,1,1
3530,66,68,-2,2
3531,76,82,-6,6
3532,39,43,-4,4
3533,89,88,1,1
3534,47,52,-5,5
3535,68,78,-10,10
3536,47,49,-2,2
3537,194,161,33,33
3538,107,112,-5,5
3539,155,143,12,12
3540,163,152,11,11
3541,93,87,6,6
3542,124,125,-1,1
3543,28,39,-11,11
3544,101,105,-4,4
3545,70,74,-4,4
3546,61,67,-6,6
3547,92,84,8,8
3548,78,83,-5,5
3549,51,57,-6,6
3550,99,96,3,3
3551,95,94,1,1
3552,137,118,19,19
3553,90,83,7,7
3554,84,87,-3,3
3555,72,80,-8,8
3556,83,89,-6,6
3557,94,94,0,0
3558,86,82,4,4
3559,86,77,9,9
3560,87,89,-2,2
3561,104,109,-5,5
3562,58,64,-6,6
3563,50,63,-13,13
3564,44,48,-4,4
3565,83,82,1,1
3566,97,94,3,3
3567,146,126,20,20
3568,147,128,19,19
3569,107,101,6,6
3570,117,98,19,19
3571,152,151,1,1
3572,130,113,17,17
3573,157,142,15,15
3574,268,223,45,45
3575,90,81,9,9
3576,101,101,0,0
3577,73,74,-1,1
3578,120,116,4,4
3579,86,85,1,1
3580,144,127,17,17
3581,97,92,5,5
3582,93,88,5,5
3583,49,51,-2,2
3584,97,99,-2,2
3585,99,88,11,11
3586,63,63,0,0
3587,135,119,16,16
3588,66,68,-2,2
3589,71,70,1,1
3590,74,72,2,2
3591,160,139,21,21
3592,52,61,-9,9
3593,84,75,9,9
3594,127,126,1,1
3595,82,83,-1,1
3596,80,86,-6,6
3597,108,105,3,3
3598,104,110,-6,6
3599,106,99,7,7
3600,154,139,15,15
3601,54,56,-2,2
3602,91,98,-7,7
3603,115,126,-11,11
3604,98,100,-2,2
3605,117,114,3,3
3606,46,49,-3,3
3607,93,94,-1,1
3608,50,57,-7,7
3609,110,147,-37,37
3610,101,97,4,4
3611,121,116,5,5
3612,129,130,-1,1
3613,123,107,16,16
3614,55,72,-17,17
3615,97,81,16,16
3616,102,99,3,3
3617,127,132,-5,5
3618,66,78,-12,12
3619,75,75,0,0
3620,125,128,-3,3
3621,75,67,8,8
3622,137,142,-5,5
3623,76,76,0,0
3624,80,68,12,12
3625,93,92,1,1
3626,213,204,9,9
3627,73,70,3,3
3628,99,93,6,6
3629,152,142,10,10
3630,110,109,1,1
3631,53,64,-11,11
3632,83,78,5,5
3633,94,97,-3,3
3634,60,62,-2,2
3635,150,138,12,12
3636,146,126,20,20
3637,156,161,-5,5
3638,99,95,4,4
3639,66,64,2,2
3640,85,76,9,9
3641,68,81,-13,13
3642,174,157,17,17
3643,112,97,15,15
3644,102,103,-1,1
3645,96,95,1,1
3646,123,110,13,13
3647,62,71,-9,9
3648,42,48,-6,6
3649,84,78,6,6
3650,99,112,-13,13
3651,96,98,-2,2
3652,94,85,9,9
3653,88,78,10,10
3654,113,105,8,8
3655,136,134,2,2
3656,51,54,-3,3
3657,82,88,-6,6
3658,103,88,15,15
3659,109,100,9,9
3660,39,52,-13,13
3661,66,59,7,7
3662,68,65,3,3
3663,97,88,9,9
3664,85,79,6,6
3665,123,112,11,11
3666,134,128,6,6
3667,171,157,14,14
3668,88,84,4,4
3669,83,74,9,9
3670,52,55,-3,3
3671,90,88,2,2
3672,75,72,3,3
3673,80,78,2,2
3674,85,76,9,9
3675,113,119,-6,6
3676,85,70,15,15
3677,124,114,10,10
3678,126,113,13,13
3679,136,117,19,19
3680,111,110,1,1
3681,122,104,18,18
3682,84,83,1,1
3683,53,56,-3,3
3684,83,85,-2,2
3685,132,127,5,5
3686,133,128,5,5
3687,96,91,5,5
3688,53,53,0,0
3689,87,99,-12,12
3690,63,59,4,4
3691,92,82,10,10
3692,73,80,-7,7
3693,142,131,11,11
3694,93,77,16,16
3695,69,65,4,4
3696,59,57,2,2
3697,120,121,-1,1
3698,52,48,4,4
3699,50,49,1,1
3700,80,87,-7,7
3701,68,70,-2,2
3702,73,72,1,1
3703,245,194,51,51
3704,147,143,4,4
3705,75,75,0,0
3706,59,66,-7,7
3707,84,80,4,4
3708,92,90,2,2
3709,146,131,15,15
3710,183,176,7,7
3711,64,70,-6,6
3712,101,83,18,18
3713,102,99,3,3
3714,117,109,8,8
3715,178,166,12,12
3716,143,121,22,22
3717,68,72,-4,4
3718,90,81,9,9
3719,48,48,0,0
3720,74,72,2,2
3721,63,65,-2,2
3722,74,73,1,1
3723,83,87,-4,4
3724,89,94,-5,5
3725,112,101,11,11
3726,89,95,-6,6
3727,71,71,0,0
3728,72,74,-2,2
3729,66,65,1,1
3730,173,169,4,4
3731,139,135,4,4
3732,94,95,-1,1
3733,48,52,-4,4
3734,102,98,4,4
3735,69,71,-2,2
3736,67,63,4,4
3737,91,88,3,3
3738,109,109,0,0
3739,39,46,-7,7
3740,146,128,18,18
3741,103,103,0,0
3742,149,145,4,4
3743,78,70,8,8
3744,78,80,-2,2
3745,76,66,10,10
3746,81,84,-3,3
3747,155,147,8,8
3748,76,81,-5,5
3749,113,103,10,10
3750,87,82,5,5
3751,81,68,13,13
3752,82,85,-3,3
3753,107,109,-2,2
3754,148,143,5,5
3755,57,68,-11,11
3756,73,70,3,3
3757,112,99,13,13
3758,48,50,-2,2
3759,77,81,-4,4
3760,142,126,16,16
3761,142,121,21,21
3762,122,119,3,3
3763,67,66,1,1
3764,132,111,21,21
3765,134,148,-14,14
3766,96,84,12,12
3767,70,67,3,3
3768,84,83,1,1
3769,108,93,15,15
3770,159,150,9,9
3771,114,119,-5,5
3772,71,73,-2,2
3773,88,93,-5,5
3774,95,90,5,5
3775,36,39,-3,3
3776,99,100,-1,1
3777,54,54,0,0
3778,148,133,15,15
3779,75,70,5,5
3780,64,73,-9,9
3781,170,160,10,10
3782,176,154,22,22
3783,143,126,17,17
3784,108,94,14,14
3785,94,159,-65,65
3786,102,113,-11,11
3787,92,99,-7,7
3788,132,127,5,5
3789,84,83,1,1
3790,152,142,10,10
3791,94,81,13,13
3792,103,104,-1,1
3793,122,115,7,7
3794,79,84,-5,5
3795,81,67,14,14
3796,81,82,-1,1
3797,65,61,4,4
3798,90,76,14,14
3799,85,86,-1,1
3800,74,72,2,2
3801,110,101,9,9
3802,62,70,-8,8
3803,132,129,3,3
3804,94,91,3,3
3805,77,72,5,5
3806,69,78,-9,9
3807,90,84,6,6
3808,58,63,-5,5
3809,101,103,-2,2
3810,72,78,-6,6
3811,49,67,-18,18
3812,120,118,2,2
3813,60,73,-13,13
3814,140,150,-10,10
3815,53,54,-1,1
3816,66,67,-1,1
3817,60,57,3,3
3818,103,103,0,0
3819,92,94,-2,2
3820,158,134,24,24
3821,71,90,-19,19
3822,73,79,-6,6
3823,66,70,-4,4
3824,149,141,8,8
3825,146,138,8,8
3826,68,65,3,3
3827,108,106,2,2
3828,54,61,-7,7
3829,70,67,3,3
3830,98,94,4,4
3831,112,105,7,7
3832,64,66,-2,2
3833,96,95,1,1
3834,124,132,-8,8
3835,73,75,-2,2
3836,75,72,3,3
3837,97,95,2,2
3838,100,99,1,1
3839,153,167,-14,14
3840,145,141,4,4
3841,98,89,9,9
3842,114,96,18,18
3843,111,93,18,18
3844,68,76,-8,8
3845,60,66,-6,6
3846,87,95,-8,8
3847,74,64,10,10
3848,54,63,-9,9
3849,77,75,2,2
3850,63,59,4,4
3851,120,111,9,9
3852,107,93,14,14
3853,75,75,0,0
3854,96,97,-1,1
3855,50,44,6,6
3856,152,125,27,27
3857,133,123,10,10
3858,140,137,3,3
3859,63,66,-3,3
3860,82,88,-6,6
3861,101,107,-6,6
3862,78,75,3,3
3863,101,92,9,9
3864,74,72,2,2
3865,104,97,7,7
3866,97,95,2,2
3867,55,67,-12,12
3868,166,151,15,15
3869,110,100,10,10
3870,76,93,-17,17
3871,81,82,-1,1
3872,128,121,7,7
3873,108,106,2,2
3874,68,67,1,1
3875,86,88,-2,2
3876,79,77,2,2
3877,65,66,-1,1
3878,148,141,7,7
3879,165,144,21,21
3880,96,97,-1,1
3881,61,63,-2,2
3882,86,76,10,10
3883,65,65,0,0
3884,124,129,-5,5
3885,94,88,6,6
3886,55,55,0,0
3887,71,72,-1,1
3888,132,112,20,20
3889,55,56,-1,1
3890,97,103,-6,6
3891,96,99,-3,3
3892,101,95,6,6
3893,100,86,14,14
3894,78,72,6,6
3895,132,132,0,0
3896,73,75,-2,2
3897,93,77,16,16
3898,51,50,1,1
3899,136,128,8,8
3900,80,70,10,10
3901,159,165,-6,6
3902,151,136,15,15
3903,64,63,1,1
3904,75,77,-2,2
3905,151,125,26,26
3906,72,81,-9,9
3907,113,96,17,17
3908,88,90,-2,2
3909,93,88,5,5
3910,62,72,-10,10
3911,59,71,-12,12
3912,104,101,3,3
3913,133,123,10,10
3914,66,76,-10,10
3915,90,95,-5,5
3916,98,93,5,5
3917,181,140,41,41
3918,68,61,7,7
3919,81,75,6,6
3920,148,138,10,10
3921,92,78,14,14
3922,109,102,7,7
3923,176,166,10,10
3924,236,196,40,40
3925,112,104,8,8
3926,74,77,-3,3
3927,82,72,10,10
3928,78,77,1,1
3929,83,82,1,1
3930,89,87,2,2
3931,95,90,5,5
3932,177,161,16,16
3933,53,64,-11,11
3934,94,100,-6,6
3935,104,98,6,6
3936,63,68,-5,5
3937,94,89,5,5
3938,95,89,6,6
3939,122,109,13,13
3940,135,124,11,11
3941,170,145,25,25
3942,104,114,-10,10
3943,153,133,20,20
3944,70,96,-26,26
3945,124,110,14,14
3946,81,76,5,5
3947,143,130,13,13
3948,86,96,-10,10
3949,87,82,5,5
3950,92,95,-3,3
3951,111,103,8,8
3952,73,79,-6,6
3953,83,74,9,9
3954,117,106,11,11
3955,92,87,5,5
3956,70,79,-9,9
3957,107,103,4,4
3958,62,70,-8,8
3959,96,91,5,5
3960,93,88,5,5
3961,50,51,-1,1
3962,61,56,5,5
3963,118,119,-1,1
3964,117,109,8,8
3965,116,105,11,11
3966,183,162,21,21
3967,56,65,-9,9
3968,67,64,3,3
3969,81,74,7,7
3970,117,105,12,12
3971,98,90,8,8
3972,63,57,6,6
3973,62,62,0,0
3974,84,89,-5,5
3975,156,142,14,14
3976,105,95,10,10
3977,89,80,9,9
3978,132,132,0,0
3979,106,102,4,4
3980,111,108,3,3
3981,150,148,2,2
3982,95,101,-6,6
3983,20,42,-22,22
3984,99,95,4,4
3985,103,102,1,1
3986,73,86,-13,13
3987,83,69,14,14
3988,69,70,-1,1
3989,130,122,8,8
3990,106,99,7,7
3991,104,88,16,16
3992,125,127,-2,2
3993,121,98,23,23
3994,190,168,22,22
3995,116,113,3,3
3996,87,102,-15,15
3997,71,72,-1,1
3998,71,81,-10,10
3999,146,149,-3,3
4000,97,95,2,2
4001,98,92,6,6
4002,127,122,5,5
4003,74,74,0,0
4004,47,48,-1,1
4005,92,86,6,6
4006,82,74,8,8
4007,118,110,8,8
4008,137,114,23,23
4009,101,96,5,5
4010,51,55,-4,4
4011,88,92,-4,4
4012,177,150,27,27
4013,82,75,7,7
4014,90,92,-2,2
4015,99,88,11,11
4016,83,86,-3,3
4017,104,95,9,9
4018,83,76,7,7
4019,57,64,-7,7
4020,155,145,10,10
4021,107,96,11,11
4022,72,79,-7,7
4023,72,68,4,4
4024,102,98,4,4
4025,90,89,1,1
4026,111,100,11,11
4027,123,109,14,14
4028,46,49,-3,3
4029,81,83,-2,2
4030,95,80,15,15
4031,125,112,13,13
4032,105,97,8,8
4033,74,74,0,0
4034,166,142,24,24
4035,96,95,1,1
4036,70,68,2,2
4037,56,52,4,4
4038,66,64,2,2
4039,85,81,4,4
4040,46,51,-5,5
4041,47,68,-21,21
4042,68,73,-5,5
4043,130,123,7,7
4044,141,136,5,5
4045,95,94,1,1
4046,111,100,11,11
4047,50,53,-3,3
4048,111,112,-1,1
4049,100,103,-3,3
4050,72,70,2,2
4051,80,83,-3,3
4052,120,102,18,18
4053,180,165,15,15
4054,39,46,-7,7
4055,103,110,-7,7
4056,95,92,3,3
4057,146,147,-1,1
4058,110,102,8,8
4059,48,40,8,8
4060,83,97,-14,14
4061,66,80,-14,14
4062,86,89,-3,3
4063,79,75,4,4
4064,113,112,1,1
4065,114,107,7,7
4066,86,75,11,11
4067,165,150,15,15
4068,69,81,-12,12
4069,124,121,3,3
4070,103,106,-3,3
4071,76,66,10,10
4072,118,117,1,1
4073,157,147,10,10
4074,107,99,8,8
4075,170,137,33,33
4076,58,58,0,0
4077,59,64,-5,5
4078,124,106,18,18
4079,142,120,22,22
4080,105,116,-11,11
4081,116,113,3,3
4082,140,135,5,5
4083,92,88,4,4
4084,130,128,2,2
4085,113,107,6,6
4086,129,136,-7,7
4087,73,85,-12,12
4088,100,100,0,0
4089,87,95,-8,8
4090,75,69,6,6
4091,87,90,-3,3
4092,113,94,19,19
4093,64,66,-2,2
4094,83,81,2,2
4095,75,74,1,1
4096,124,123,1,1
4097,87,84,3,3
4098,63,69,-6,6
4099,78,74,4,4
4100,86,88,-2,2
4101,104,111,-7,7
4102,95,93,2,2
4103,119,121,-2,2
4104,99,105,-6,6
4105,54,60,-6,6
4106,73,73,0,0
4107,71,70,1,1
4108,83,82,1,1
4109,182,151,31,31
4110,74,83,-9,9
4111,133,127,6,6
4112,80,74,6,6
4113,98,102,-4,4
4114,98,98,0,0
4115,96,94,2,2
4116,84,72,12,12
4117,199,190,9,9
4118,153,133,20,20
4119,121,128,-7,7
4120,104,111,-7,7
4121,79,86,-7,7
4122,109,92,17,17
4123,74,79,-5,5
4124,48,54,-6,6
4125,127,120,7,7
4126,77,81,-4,4
4127,57,67,-10,10
4128,88,82,6,6
4129,76,69,7,7
4130,120,115,5,5
4131,86,91,-5,5
4132,62,69,-7,7
4133,60,61,-1,1
4134,83,79,4,4
4135,90,91,-1,1
4136,69,72,-3,3
4137,65,68,-3,3
4138,97,95,2,2
4139,107,99,8,8
4140,131,133,-2,2
4141,118,108,10,10
4142,107,125,-18,18
4143,72,81,-9,9
4144,153,145,8,8
4145,83,78,5,5
4146,55,60,-5,5
4147,106,103,3,3
4148,97,99,-2,2
4149,176,163,13,13
4150,139,122,17,17
4151,84,94,-10,10
4152,112,100,12,12
4153,58,67,-9,9
4154,119,113,6,6
4155,75,77,-2,2
4156,155,152,3,3
4157,71,61,10,10
4158,150,132,18,18
4159,94,92,2,2
4160,54,64,-10,10
4161,70,74,-4,4
4162,125,111,14,14
4163,36,40,-4,4
4164,78,77,1,1
4165,96,90,6,6
4166,100,92,8,8
4167,106,101,5,5
4168,129,113,16,16
4169,39,44,-5,5
4170,44,49,-5,5
4171,97,91,6,6
4172,80,86,-6,6
4173,52,52,0,0
4174,102,95,7,7
4175,101,93,8,8
4176,90,90,0,0
4177,151,140,11,11
4178,82,80,2,2
4179,117,107,10,10
4180,63,77,-14,14
4181,135,129,6,6
4182,71,69,2,2
4183,96,104,-8,8
4184,123,118,5,5
4185,75,75,0,0
4186,60,66,-6,6
4187,103,104,-1,1
4188,59,61,-2,2
4189,116,129,-13,13
4190,92,89,3,3
4191,76,67,9,9
4192,53,48,5,5
4193,107,110,-3,3
4194,70,71,-1,1
4195,101,96,5,5
4196,88,84,4,4
4197,84,84,0,0
4198,26,50,-24,24
4199,107,109,-2,2
4200,121,117,4,4
4201,66,69,-3,3
4202,75,83,-8,8
4203,140,142,-2,2
4204,87,77,10,10
4205,57,51,6,6
4206,100,95,5,5
4207,183,158,25,25
4208,131,125,6,6
4209,98,122,-24,24
4210,70,73,-3,3
4211,80,80,0,0
4212,112,112,0,0
4213,164,164,0,0
4214,112,99,13,13
4215,49,54,-5,5
4216,69,74,-5,5
4217,64,75,-11,11
4218,78,83,-5,5
4219,116,126,-10,10
4220,113,99,14,14
4221,123,119,4,4
4222,101,106,-5,5
4223,100,104,-4,4
4224,84,78,6,6
4225,114,107,7,7
4226,109,97,12,12
4227,52,50,2,2
4228,115,102,13,13
4229,106,102,4,4
4230,93,90,3,3
4231,69,74,-5,5
4232,149,137,12,12
4233,87,84,3,3
4234,103,93,10,10
4235,106,105,1,1
4236,76,89,-13,13
4237,124,129,-5,5
4238,115,117,-2,2
4239,82,77,5,5
4240,152,149,3,3
4241,138,129,9,9
4242,196,178,18,18
4243,133,111,22,22
4244,146,143,3,3
4245,105,107,-2,2
4246,92,99,-7,7
4247,71,68,3,3
4248,97,98,-1,1
4249,70,71,-1,1
4250,107,114,-7,7
4251,80,81,-1,1
4252,63,77,-14,14
4253,75,76,-1,1
4254,75,79,-4,4
4255,75,79,-4,4
4256,104,91,13,13
4257,152,137,15,15
4258,71,67,4,4
4259,107,95,12,12
4260,161,145,16,16
4261,71,76,-5,5
4262,91,83,8,8
4263,98,89,9,9
4264,108,105,3,3
4265,78,76,2,2
4266,116,114,2,2
4267,108,93,15,15
4268,81,78,3,3
4269,65,73,-8,8
4270,111,111,0,0
4271,70,66,4,4
4272,55,62,-7,7
4273,102,95,7,7
4274,102,97,5,5
4275,56,58,-2,2
4276,100,88,12,12
4277,47,46,1,1
4278,145,135,10,10
4279,108,97,11,11
4280,143,130,13,13
4281,123,116,7,7
4282,172,155,17,17
4283,60,68,-8,8
4284,105,97,8,8
4285,46,57,-11,11
4286,80,67,13,13
4287,114,114,0,0
4288,189,170,19,19
4289,82,73,9,9
4290,126,121,5,5
4291,157,140,17,17
4292,147,164,-17,17
4293,27,66,-39,39
4294,79,77,2,2
4295,75,72,3,3
4296,65,61,4,4
4297,68,64,4,4
4298,126,119,7,7
4299,133,128,5,5
4300,101,88,13,13
4301,80,76,4,4
4302,103,93,10,10
4303,95,90,5,5
4304,103,100,3,3
4305,113,105,8,8
4306,42,41,1,1
4307,85,87,-2,2
4308,82,80,2,2
4309,104,102,2,2
4310,85,74,11,11
4311,107,85,22,22
4312,78,72,6,6
4313,66,68,-2,2
4314,108,105,3,3
4315,90,97,-7,7
4316,88,93,-5,5
4317,59,60,-1,1
4318,79,73,6,6
4319,69,72,-3,3
4320,135,129,6,6
4321,96,108,-12,12
4322,148,145,3,3
4323,31,39,-8,8
4324,65,79,-14,14
4325,86,80,6,6
4326,47,46,1,1
4327,83,82,1,1
4328,170,174,-4,4
4329,63,66,-3,3
4330,110,101,9,9
4331,182,157,25,25
4332,141,136,5,5
4333,94,95,-1,1
4334,81,82,-1,1
4335,87,87,0,0
4336,131,126,5,5
4337,117,104,13,13
4338,64,60,4,4
4339,150,165,-15,15
4340,93,97,-4,4
4341,88,86,2,2
4342,90,92,-2,2
4343,86,85,1,1
4344,96,108,-12,12
4345,173,153,20,20
4346,104,96,8,8
4347,44,51,-7,7
4348,81,76,5,5
4349,71,65,6,6
4350,77,69,8,8
4351,82,73,9,9
4352,196,177,19,19
4353,126,120,6,6
4354,100,100,0,0
4355,159,144,15,15
4356,61,70,-9,9
4357,54,56,-2,2
4358,73,68,5,5
4359,73,79,-6,6
4360,88,80,8,8
4361,136,129,7,7
4362,94,91,3,3
4363,164,173,-9,9
4364,100,99,1,1
4365,126,116,10,10
4366,50,54,-4,4
4367,79,83,-4,4
4368,94,109,-15,15
4369,110,115,-5,5
4370,144,135,9,9
4371,62,54,8,8
4372,92,93,-1,1
4373,59,67,-8,8
4374,279,221,58,58
4375,149,135,14,14
4376,61,79,-18,18
4377,72,86,-14,14
4378,64,67,-3,3
4379,142,135,7,7
4380,56,54,2,2
4381,140,140,0,0
4382,221,188,33,33
4383,111,95,16,16
4384,93,85,8,8
4385,110,108,2,2
4386,83,75,8,8
4387,65,73,-8,8
4388,154,147,7,7
4389,92,87,5,5
4390,144,131,13,13
4391,102,98,4,4
4392,131,118,13,13
4393,98,90,8,8
4394,104,95,9,9
4395,95,93,2,2
4396,108,113,-5,5
4397,89,88,1,1
4398,139,143,-4,4
4399,116,104,12,12
4400,58,65,-7,7
4401,140,136,4,4
4402,89,91,-2,2
4403,103,100,3,3
4404,67,91,-24,24
4405,62,62,0,0
4406,162,154,8,8
4407,77,74,3,3
4408,99,99,0,0
4409,92,79,13,13
4410,105,102,3,3
4411,99,92,7,7
4412,82,95,-13,13
4413,139,121,18,18
4414,99,95,4,4
4415,82,84,-2,2
4416,95,96,-1,1
4417,101,96,5,5
4418,85,87,-2,2
4419,102,96,6,6
4420,133,131,2,2
4421,76,73,3,3
4422,126,123,3,3
4423,101,96,5,5
4424,119,99,20,20
4425,152,151,1,1
4426,136,113,23,23
4427,87,86,1,1
4428,116,108,8,8
4429,60,64,-4,4
4430,96,92,4,4
4431,76,79,-3,3
4432,128,120,8,8
4433,85,86,-1,1
4434,84,86,-2,2
4435,153,132,21,21
4436,72,65,7,7
4437,73,70,3,3
4438,108,92,16,16
4439,73,73,0,0
4440,94,87,7,7
4441,86,79,7,7
4442,89,80,9,9
4443,56,58,-2,2
4444,195,177,18,18
4445,70,68,2,2
4446,64,65,-1,1
4447,96,86,10,10
4448,103,107,-4,4
4449,131,117,14,14
4450,93,89,4,4
4451,122,121,1,1
4452,54,54,0,0
4453,67,77,-10,10
4454,66,64,2,2
4455,110,110,0,0
4456,108,104,4,4
4457,119,119,0,0
4458,80,68,12,12
4459,60,67,-7,7
4460,88,83,5,5
4461,123,105,18,18
4462,59,63,-4,4
4463,103,89,14,14
4464,93,90,3,3
4465,90,86,4,4
4466,157,146,11,11
4467,94,89,5,5
4468,79,72,7,7
4469,131,124,7,7
4470,50,54,-4,4
4471,111,102,9,9
4472,106,105,1,1
4473,104,103,1,1
4474,94,97,-3,3
4475,71,65,6,6
4476,168,144,24,24
4477,102,114,-12,12
4478,58,66,-8,8
4479,49,52,-3,3
4480,96,88,8,8
4481,74,81,-7,7
4482,135,131,4,4
4483,171,154,17,17
4484,70,73,-3,3
4485,118,119,-1,1
4486,90,78,12,12
4487,101,114,-13,13
4488,97,93,4,4
4489,107,100,7,7
4490,87,81,6,6
4491,43,48,-5,5
4492,79,75,4,4
4493,106,97,9,9
4494,39,41,-2,2
4495,178,157,21,21
4496,74,83,-9,9
4497,36,46,-10,10
4498,68,69,-1,1
4499,114,115,-1,1
4500,80,82,-2,2
4501,109,116,-7,7
4502,128,115,13,13
4503,87,95,-8,8
4504,110,104,6,6
4505,100,90,10,10
4506,128,127,1,1
4507,136,132,4,4
4508,129,125,4,4
4509,122,118,4,4
4510,102,96,6,6
4511,109,105,4,4
4512,58,63,-5,5
4513,122,114,8,8
4514,90,87,3,3
4515,57,50,7,7
4516,107,102,5,5
4517,168,157,11,11
4518,98,97,1,1
4519,120,106,14,14
4520,74,75,-1,1
4521,88,84,4,4
4522,96,85,11,11
4523,64,73,-9,9
4524,55,62,-7,7
4525,94,91,3,3
4526,148,131,17,17
4527,92,99,-7,7
4528,95,103,-8,8
4529,110,102,8,8
4530,83,75,8,8
4531,139,132,7,7
4532,108,93,15,15
4533,78,77,1,1
4534,78,78,0,0
4535,98,95,3,3
4536,104,95,9,9
4537,68,63,5,5
4538,103,99,4,4
4539,66,56,10,10
4540,100,98,2,2
4541,123,113,10,10
4542,74,92,-18,18
4543,136,121,15,15
4544,47,48,-1,1
4545,92,92,0,0
4546,122,109,13,13
4547,125,125,0,0
4548,122,106,16,16
4549,61,62,-1,1
4550,82,96,-14,14
4551,112,101,11,11
4552,48,49,-1,1
4553,146,147,-1,1
4554,67,61,6,6
4555,115,108,7,7
4556,165,163,2,2
4557,87,92,-5,5
4558,40,43,-3,3
4559,55,51,4,4
4560,127,112,15,15
4561,70,73,-3,3
4562,99,102,-3,3
4563,45,52,-7,7
4564,95,86,9,9
4565,80,81,-1,1
4566,47,52,-5,5
4567,99,113,-14,14
4568,118,115,3,3
4569,104,102,2,2
4570,75,77,-2,2
4571,90,86,4,4
4572,82,84,-2,2
4573,163,141,22,22
4574,93,87,6,6
4575,166,173,-7,7
4576,69,77,-8,8
4577,122,131,-9,9
4578,148,143,5,5
4579,56,59,-3,3
4580,66,62,4,4
4581,83,89,-6,6
4582,63,63,0,0
4583,108,96,12,12
4584,123,99,24,24
4585,161,162,-1,1
4586,83,99,-16,16
4587,49,48,1,1
4588,78,76,2,2
4589,101,100,1,1
4590,38,57,-19,19
4591,98,90,8,8
4592,174,148,26,26
4593,75,93,-18,18
4594,56,57,-1,1
4595,138,125,13,13
4596,38,43,-5,5
4597,51,55,-4,4
4598,69,64,5,5
4599,98,99,-1,1
4600,87,84,3,3
4601,88,85,3,3
4602,156,152,4,4
4603,140,129,11,11
4604,92,93,-1,1
4605,49,57,-8,8
4606,82,84,-2,2
4607,217,236,-19,19
4608,99,100,-1,1
4609,110,99,11,11
4610,79,81,-2,2
4611,69,66,3,3
4612,87,77,10,10
4613,84,80,4,4
4614,77,76,1,1
4615,78,75,3,3
4616,100,102,-2,2
4617,112,104,8,8
4618,130,116,14,14
4619,137,122,15,15
4620,125,114,11,11
4621,86,88,-2,2
4622,152,135,17,17
4623,96,100,-4,4
4624,111,108,3,3
4625,99,104,-5,5
4626,56,58,-2,2
4627,211,203,8,8
4628,109,111,-2,2
4629,137,133,4,4
4630,74,76,-2,2
4631,120,121,-1,1
4632,81,86,-5,5
4633,71,76,-5,5
4634,88,84,4,4
4635,111,101,10,10
4636,197,185,12,12
4637,85,80,5,5
4638,112,110,2,2
4639,44,67,-23,23
4640,86,90,-4,4
4641,72,82,-10,10
4642,59,62,-3,3
4643,82,89,-7,7
4644,69,66,3,3
4645,91,85,6,6
4646,142,136,6,6
4647,84,67,17,17
4648,81,83,-2,2
4649,101,98,3,3
4650,190,162,28,28
4651,107,96,11,11
4652,119,118,1,1
4653,77,77,0,0
4654,152,144,8,8
4655,64,52,12,12
4656,77,78,-1,1
4657,51,47,4,4
4658,77,77,0,0
4659,84,88,-4,4
4660,60,61,-1,1
4661,107,101,6,6
4662,87,99,-12,12
4663,116,125,-9,9
4664,160,134,26,26
4665,116,113,3,3
4666,84,80,4,4
4667,113,112,1,1
4668,105,99,6,6
4669,55,48,7,7
4670,91,90,1,1
4671,113,99,14,14
4672,62,59,3,3
4673,75,74,1,1
4674,45,49,-4,4
4675,177,153,24,24
4676,131,131,0,0
4677,112,107,5,5
4678,127,130,-3,3
4679,146,116,30,30
4680,138,127,11,11
4681,93,93,0,0
4682,65,69,-4,4
4683,168,163,5,5
4684,112,121,-9,9
4685,149,130,19,19
4686,140,141,-1,1
4687,94,90,4,4
4688,141,131,10,10
4689,75,81,-6,6
4690,134,120,14,14
4691,95,86,9,9
4692,119,101,18,18
4693,95,98,-3,3
4694,65,65,0,0
4695,95,100,-5,5
4696,97,95,2,2
4697,132,129,3,3
4698,87,86,1,1
4699,124,112,12,12
4700,115,114,1,1
4701,45,48,-3,3
4702,110,102,8,8
4703,57,58,-1,1
4704,126,101,25,25
4705,50,49,1,1
4706,132,125,7,7
4707,71,67,4,4
4708,88,78,10,10
4709,91,100,-9,9
4710,79,77,2,2
4711,47,46,1,1
4712,103,109,-6,6
4713,38,44,-6,6
4714,68,64,4,4
4715,130,121,9,9
4716,157,150,7,7
4717,99,95,4,4
4718,62,58,4,4
4719,79,77,2,2
4720,74,77,-3,3
4721,154,133,21,21
4722,36,59,-23,23
4723,81,83,-2,2
4724,69,67,2,2
4725,39,45,-6,6
4726,106,104,2,2
4727,141,125,16,16
4728,71,69,2,2
4729,108,98,10,10
4730,142,130,12,12
4731,43,47,-4,4
4732,109,113,-4,4
4733,72,74,-2,2
4734,110,98,12,12
4735,84,93,-9,9
4736,88,82,6,6
4737,156,143,13,13
4738,106,111,-5,5
4739,160,154,6,6
4740,105,101,4,4
4741,231,219,12,12
4742,111,100,11,11
4743,53,58,-5,5
4744,124,126,-2,2
4745,105,104,1,1
4746,144,141,3,3
4747,83,87,-4,4
4748,81,81,0,0
4749,96,94,2,2
4750,143,130,13,13
4751,118,107,11,11
4752,77,78,-1,1
4753,116,114,2,2
4754,116,77,39,39
4755,76,76,0,0
4756,73,74,-1,1
4757,92,80,12,12
4758,89,84,5,5
4759,58,56,2,2
4760,70,71,-1,1
4761,134,125,9,9
4762,73,82,-9,9
4763,139,125,14,14
4764,59,65,-6,6
4765,59,61,-2,2
4766,72,75,-3,3
4767,81,82,-1,1
4768,96,91,5,5
4769,190,166,24,24
4770,131,117,14,14
4771,188,184,4,4
4772,141,148,-7,7
4773,103,100,3,3
4774,65,78,-13,13
4775,86,84,2,2
4776,64,67,-3,3
4777,115,113,2,2
4778,58,64,-6,6
4779,150,135,15,15
4780,70,72,-2,2
4781,91,89,2,2
4782,104,98,6,6
4783,78,80,-2,2
4784,57,53,4,4
4785,117,105,12,12
4786,82,83,-1,1
4787,50,55,-5,5
4788,76,79,-3,3
4789,64,65,-1,1
4790,140,132,8,8
4791,88,93,-5,5
4792,41,45,-4,4
4793,56,73,-17,17
4794,161,164,-3,3
4795,107,96,11,11
4796,94,93,1,1
4797,71,61,10,10
4798,163,141,22,22
4799,99,93,6,6
4800,30,42,-12,12
4801,99,85,14,14
4802,161,131,30,30
4803,82,81,1,1
4804,92,86,6,6
4805,152,128,24,24
4806,131,106,25,25
4807,99,92,7,7
4808,50,49,1,1
4809,80,85,-5,5
4810,99,96,3,3
4811,69,66,3,3
4812,67,76,-9,9
4813,143,118,25,25
4814,68,71,-3,3
4815,65,68,-3,3
4816,94,91,3,3
4817,55,54,1,1
4818,94,91,3,3
4819,45,50,-5,5
4820,140,135,5,5
4821,65,63,2,2
4822,62,65,-3,3
4823,94,96,-2,2
4824,129,119,10,10
4825,123,117,6,6
4826,80,82,-2,2
4827,86,80,6,6
4828,112,114,-2,2
4829,89,83,6,6
4830,72,71,1,1
4831,65,70,-5,5
4832,90,91,-1,1
4833,71,79,-8,8
4834,107,107,0,0
4835,140,133,7,7
4836,57,65,-8,8
4837,104,103,1,1
4838,56,59,-3,3
4839,103,97,6,6
4840,104,99,5,5
4841,78,76,2,2
4842,126,116,10,10
4843,101,93,8,8
4844,85,88,-3,3
4845,72,67,5,5
4846,57,61,-4,4
4847,51,62,-11,11
4848,102,106,-4,4
4849,85,88,-3,3
4850,71,69,2,2
4851,87,79,8,8
4852,74,77,-3,3
4853,104,97,7,7
4854,102,102,0,0
4855,181,161,20,20
4856,130,123,7,7
4857,75,87,-12,12
4858,102,97,5,5
4859,56,66,-10,10
4860,72,73,-1,1
4861,90,93,-3,3
4862,66,74,-8,8
4863,82,79,3,3
4864,139,155,-16,16
4865,97,85,12,12
4866,83,86,-3,3
4867,71,81,-10,10
4868,81,74,7,7
4869,80,72,8,8
4870,152,147,5,5
4871,54,56,-2,2
4872,51,52,-1,1
4873,142,120,22,22
4874,134,138,-4,4
4875,253,243,10,10
4876,85,96,-11,11
4877,274,219,55,55
4878,180,154,26,26
4879,85,85,0,0
4880,68,77,-9,9
4881,126,119,7,7
4882,147,134,13,13
4883,67,65,2,2
4884,58,65,-7,7
4885,146,138,8,8
4886,170,169,1,1
4887,80,85,-5,5
4888,117,114,3,3
4889,72,71,1,1
4890,52,62,-10,10
4891,92,91,1,1
4892,88,84,4,4
4893,106,103,3,3
4894,93,88,5,5
4895,151,144,7,7
4896,90,85,5,5
4897,71,68,3,3
4898,63,69,-6,6
4899,171,147,24,24
4900,83,68,15,15
4901,125,112,13,13
4902,123,108,15,15
4903,119,108,11,11
4904,100,95,5,5
4905,97,106,-9,9
4906,82,75,7,7
4907,104,103,1,1
4908,84,80,4,4
4909,133,133,0,0
4910,66,69,-3,3
4911,328,250,78,78
4912,66,67,-1,1
4913,129,118,11,11
4914,60,56,4,4
4915,107,116,-9,9
4916,88,78,10,10
4917,92,106,-14,14
4918,97,82,15,15
4919,95,94,1,1
4920,176,159,17,17
4921,93,88,5,5
4922,124,121,3,3
4923,80,75,5,5
4924,117,111,6,6
4925,92,86,6,6
4926,137,114,23,23
4927,160,150,10,10
4928,114,109,5,5
4929,78,69,9,9
4930,73,73,0,0
4931,62,62,0,0
4932,85,90,-5,5
4933,52,57,-5,5
4934,53,63,-10,10
4935,98,81,17,17
4936,92,91,1,1
4937,100,99,1,1
4938,114,105,9,9
4939,139,137,2,2
4940,76,79,-3,3
4941,119,110,9,9
4942,41,48,-7,7
4943,53,48,5,5
4944,268,252,16,16
4945,66,65,1,1
4946,130,114,16,16
4947,115,110,5,5
4948,157,154,3,3
4949,50,57,-7,7
4950,75,76,-1,1
4951,79,75,4,4
4952,85,80,5,5
4953,42,69,-27,27
4954,85,79,6,6
4955,95,93,2,2
4956,72,79,-7,7
4957,90,98,-8,8
4958,81,76,5,5
4959,109,105,4,4
4960,146,151,-5,5
4961,131,115,16,16
4962,138,125,13,13
4963,32,45,-13,13
4964,86,86,0,0
4965,76,79,-3,3
4966,73,85,-12,12
4967,132,122,10,10
4968,136,129,7,7
4969,36,44,-8,8
4970,40,48,-8,8
4971,62,60,2,2
4972,99,103,-4,4
4973,63,75,-12,12
4974,90,81,9,9
4975,63,75,-12,12
4976,63,66,-3,3
4977,73,79,-6,6
4978,73,74,-1,1
4979,120,117,3,3
4980,161,144,17,17
4981,74,72,2,2
4982,74,66,8,8
4983,49,53,-4,4
4984,157,135,22,22
4985,123,115,8,8
4986,91,83,8,8
4987,115,101,14,14
4988,85,86,-1,1
4989,66,70,-4,4
4990,102,93,9,9
4991,98,91,7,7
4992,100,94,6,6
4993,105,118,-13,13
4994,84,93,-9,9
4995,95,86,9,9
4996,108,93,15,15
4997,62,56,6,6
4998,116,113,3,3
4999,79,73,6,6
5000,73,66,7,7
5001,50,60,-10,10
5002,97,92,5,5
5003,145,130,15,15
5004,152,135,17,17
5005,134,118,16,16
5006,110,101,9,9
5007,114,108,6,6
5008,72,63,9,9
5009,113,106,7,7
5010,58,70,-12,12
5011,50,47,3,3
5012,29,43,-14,14
5013,71,71,0,0
5014,90,92,-2,2
5015,140,128,12,12
5016,123,113,10,10
5017,131,122,9,9
5018,50,50,0,0
5019,82,83,-1,1
5020,77,78,-1,1
5021,98,89,9,9
5022,83,73,10,10
5023,88,76,12,12
5024,122,104,18,18
5025,87,82,5,5
5026,107,102,5,5
5027,75,82,-7,7
5028,89,89,0,0
5029,124,122,2,2
5030,105,100,5,5
5031,62,57,5,5
5032,125,104,21,21
5033,94,90,4,4
5034,91,92,-1,1
5035,74,86,-12,12
5036,82,89,-7,7
5037,60,58,2,2
5038,69,70,-1,1
5039,132,119,13,13
5040,76,75,1,1
5041,169,160,9,9
5042,101,99,2,2
5043,167,153,14,14
5044,79,79,0,0
5045,78,88,-10,10
5046,61,62,-1,1
5047,137,116,21,21
5048,116,100,16,16
5049,77,82,-5,5
5050,76,79,-3,3
5051,157,157,0,0
5052,90,96,-6,6
5053,79,73,6,6
5054,131,113,18,18
5055,118,104,14,14
5056,110,94,16,16
5057,151,128,23,23
5058,159,154,5,5
5059,95,97,-2,2
5060,78,75,3,3
5061,107,112,-5,5
5062,131,124,7,7
5063,87,91,-4,4
5064,42,45,-3,3
5065,66,66,0,0
5066,101,100,1,1
5067,140,130,10,10
5068,66,65,1,1
5069,43,45,-2,2
5070,100,96,4,4
5071,120,99,21,21
5072,76,66,10,10
5073,121,126,-5,5
5074,78,80,-2,2
5075,121,116,5,5
5076,51,55,-4,4
5077,101,100,1,1
5078,136,132,4,4
5079,107,115,-8,8
5080,106,106,0,0
5081,116,104,12,12
5082,89,87,2,2
5083,65,68,-3,3
5084,154,140,14,14
5085,130,117,13,13
5086,98,86,12,12
5087,75,89,-14,14
5088,81,81,0,0
5089,82,87,-5,5
5090,86,88,-2,2
5091,93,94,-1,1
5092,73,77,-4,4
5093,76,81,-5,5
5094,166,163,3,3
5095,98,94,4,4
5096,120,101,19,19
5097,67,69,-2,2
5098,81,77,4,4
5099,170,162,8,8
5100,40,53,-13,13
5101,101,95,6,6
5102,80,79,1,1
5103,121,100,21,21
5104,58,54,4,4
5105,115,106,9,9
5106,63,62,1,1
5107,87,89,-2,2
5108,148,151,-3,3
5109,102,98,4,4
5110,79,75,4,4
5111,118,105,13,13
5112,92,90,2,2
5113,110,108,2,2
5114,131,127,4,4
5115,139,147,-8,8
5116,68,77,-9,9
5117,122,123,-1,1
5118,140,126,14,14
5119,124,116,8,8
5120,103,88,15,15
5121,59,75,-16,16
5122,80,82,-2,2
5123,131,118,13,13
5124,104,97,7,7
5125,155,137,18,18
5126,89,91,-2,2
5127,68,84,-16,16
5128,79,77,2,2
5129,110,104,6,6
5130,54,59,-5,5
5131,121,129,-8,8
5132,101,102,-1,1
5133,109,111,-2,2
5134,100,94,6,6
5135,132,127,5,5
5136,71,76,-5,5
5137,89,90,-1,1
5138,92,91,1,1
5139,91,88,3,3
5140,117,101,16,16
5141,100,93,7,7
5142,118,108,10,10
5143,160,130,30,30
5144,121,105,16,16
5145,88,93,-5,5
5146,152,142,10,10
5147,56,55,1,1
5148,51,69,-18,18
5149,110,90,20,20
5150,79,83,-4,4
5151,68,82,-14,14
5152,52,53,-1,1
5153,129,127,2,2
5154,81,72,9,9
5155,39,44,-5,5
5156,55,111,-56,56
5157,53,60,-7,7
5158,92,90,2,2
5159,72,72,0,0
5160,103,101,2,2
5161,141,127,14,14
5162,82,83,-1,1
5163,69,73,-4,4
5164,168,155,13,13
5165,65,67,-2,2
5166,76,82,-6,6
5167,104,99,5,5
5168,89,90,-1,1
5169,101,101,0,0
5170,53,60,-7,7
5171,105,101,4,4
5172,90,78,12,12
5173,116,105,11,11
5174,137,129,8,8
5175,126,110,16,16
5176,43,44,-1,1
5177,65,74,-9,9
5178,76,75,1,1
5179,104,97,7,7
5180,88,84,4,4
5181,75,72,3,3
5182,82,82,0,0
5183,40,72,-32,32
5184,77,75,2,2
5185,66,70,-4,4
5186,154,133,21,21
5187,86,82,4,4
5188,112,117,-5,5
5189,93,94,-1,1
5190,130,143,-13,13
5191,177,162,15,15
5192,148,135,13,13
5193,80,83,-3,3
5194,58,53,5,5
5195,115,105,10,10
5196,118,108,10,10
5197,66,65,1,1
5198,161,148,13,13
5199,80,84,-4,4
5200,105,94,11,11
5201,56,57,-1,1
5202,66,66,0,0
5203,93,93,0,0
5204,105,97,8,8
5205,96,94,2,2
5206,62,67,-5,5
5207,68,75,-7,7
5208,83,80,3,3
5209,110,103,7,7
5210,109,107,2,2
5211,147,130,17,17
5212,68,66,2,2
5213,121,107,14,14
5214,128,130,-2,2
5215,136,126,10,10
5216,110,98,12,12
5217,84,75,9,9
5218,93,87,6,6
5219,68,72,-4,4
5220,88,88,0,0
5221,89,94,-5,5
5222,134,130,4,4
5223,128,123,5,5
5224,79,76,3,3
5225,66,68,-2,2
5226,58,51,7,7
5227,58,76,-18,18
5228,69,67,2,2
5229,56,55,1,1
5230,85,85,0,0
5231,73,75,-2,2
5232,97,92,5,5
5233,100,84,16,16
5234,82,71,11,11
5235,65,65,0,0
5236,90,96,-6,6
5237,66,82,-16,16
5238,58,54,4,4
5239,62,97,-35,35
5240,50,53,-3,3
5241,84,80,4,4
5242,82,81,1,1
5243,147,149,-2,2
5244,91,80,11,11
5245,95,87,8,8
5246,121,116,5,5
5247,56,62,-6,6
5248,54,48,6,6
5249,103,96,7,7
5250,86,73,13,13
5251,85,81,4,4
5252,97,79,18,18
5253,92,78,14,14
5254,59,60,-1,1
5255,115,111,4,4
5256,116,106,10,10
5257,101,96,5,5
5258,120,91,29,29
5259,164,138,26,26
5260,55,49,6,6
5261,91,93,-2,2
5262,75,82,-7,7
5263,121,116,5,5
5264,57,57,0,0
5265,38,52,-14,14
5266,92,85,7,7
5267,67,68,-1,1
5268,120,112,8,8
5269,83,82,1,1
5270,138,132,6,6
5271,169,154,15,15
5272,59,68,-9,9
5273,47,51,-4,4
5274,46,44,2,2
5275,123,123,0,0
5276,142,133,9,9
5277,80,84,-4,4
5278,31,43,-12,12
5279,128,124,4,4
5280,112,96,16,16
5281,98,104,-6,6
5282,55,61,-6,6
5283,110,95,15,15
5284,91,94,-3,3
5285,112,89,23,23
5286,115,114,1,1
5287,73,68,5,5
5288,106,103,3,3
5289,93,87,6,6
5290,166,157,9,9
5291,128,131,-3,3
5292,112,104,8,8
5293,89,81,8,8
5294,74,72,2,2
5295,106,114,-8,8
5296,72,75,-3,3
5297,78,78,0,0
5298,92,88,4,4
5299,140,124,16,16
5300,103,94,9,9
5301,102,107,-5,5
5302,63,78,-15,15
5303,169,150,19,19
5304,78,76,2,2
5305,132,121,11,11
5306,50,56,-6,6
5307,127,110,17,17
5308,138,107,31,31
5309,61,55,6,6
5310,87,88,-1,1
5311,109,109,0,0
5312,77,78,-1,1
5313,92,103,-11,11
5314,84,77,7,7
5315,140,123,17,17
5316,79,83,-4,4
5317,87,84,3,3
5318,76,79,-3,3
5319,54,51,3,3
5320,77,91,-14,14
5321,28,57,-29,29
5322,85,66,19,19
5323,41,45,-4,4
5324,78,80,-2,2
5325,117,104,13,13
5326,99,96,3,3
5327,130,124,6,6
5328,58,63,-5,5
5329,76,73,3,3
5330,72,78,-6,6
5331,72,68,4,4
5332,130,116,14,14
5333,85,88,-3,3
5334,74,77,-3,3
5335,117,107,10,10
5336,105,106,-1,1
5337,114,110,4,4
5338,94,101,-7,7
5339,127,120,7,7
5340,100,89,11,11
5341,100,99,1,1
5342,114,102,12,12
5343,137,142,-5,5
5344,141,129,12,12
5345,186,170,16,16
5346,49,52,-3,3
5347,71,75,-4,4
5348,144,136,8,8
5349,108,85,23,23
5350,102,87,15,15
5351,129,117,12,12
5352,123,113,10,10
5353,48,51,-3,3
5354,70,66,4,4
5355,81,82,-1,1
5356,72,78,-6,6
5357,76,75,1,1
5358,114,120,-6,6
5359,130,122,8,8
5360,113,118,-5,5
5361,57,58,-1,1
5362,77,79,-2,2
5363,117,112,5,5
5364,79,71,8,8
5365,87,95,-8,8
5366,99,96,3,3
5367,211,189,22,22
5368,92,82,10,10
5369,119,106,13,13
5370,54,58,-4,4
5371,111,100,11,11
5372,67,68,-1,1
5373,185,179,6,6
5374,68,78,-10,10
5375,190,163,27,27
5376,124,116,8,8
5377,80,86,-6,6
5378,78,73,5,5
5379,92,100,-8,8
5380,70,71,-1,1
5381,51,65,-14,14
5382,89,90,-1,1
5383,82,87,-5,5
5384,83,79,4,4
5385,204,179,25,25
5386,114,104,10,10
5387,62,65,-3,3
5388,100,84,16,16
5389,143,153,-10,10
5390,89,84,5,5
5391,123,127,-4,4
5392,150,139,11,11
5393,135,108,27,27
5394,114,114,0,0
5395,94,97,-3,3
5396,158,148,10,10
5397,58,66,-8,8
5398,94,107,-13,13
5399,59,60,-1,1
5400,81,92,-11,11
5401,70,70,0,0
5402,79,77,2,2
5403,49,58,-9,9
5404,85,77,8,8
5405,85,83,2,2
5406,55,52,3,3
5407,97,100,-3,3
5408,95,94,1,1
5409,129,118,11,11
5410,53,61,-8,8
5411,109,110,-1,1
5412,92,88,4,4
5413,122,94,28,28
5414,102,101,1,1
5415,98,110,-12,12
5416,68,77,-9,9
5417,108,101,7,7
5418,92,83,9,9
5419,95,89,6,6
5420,65,61,4,4
5421,27,38,-11,11
5422,62,66,-4,4
5423,109,105,4,4
5424,72,70,2,2
5425,58,57,1,1
5426,121,103,18,18
5427,101,94,7,7
5428,63,68,-5,5
5429,38,39,-1,1
5430,145,135,10,10
5431,103,100,3,3
5432,215,223,-8,8
5433,122,110,12,12
5434,90,92,-2,2
5435,67,67,0,0
5436,98,100,-2,2
5437,106,112,-6,6
5438,119,119,0,0
5439,93,91,2,2
5440,48,63,-15,15
5441,87,86,1,1
5442,108,110,-2,2
5443,72,66,6,6
5444,124,115,9,9
5445,114,108,6,6
5446,43,47,-4,4
5447,109,104,5,5
5448,99,102,-3,3
5449,116,107,9,9
5450,72,88,-16,16
5451,122,129,-7,7
5452,98,91,7,7
5453,144,145,-1,1
5454,78,71,7,7
5455,70,65,5,5
5456,114,103,11,11
5457,137,129,8,8
5458,113,102,11,11
5459,115,100,15,15
5460,85,85,0,0
5461,63,64,-1,1
5462,114,116,-2,2
5463,88,88,0,0
5464,125,111,14,14
5465,116,109,7,7
5466,150,113,37,37
5467,78,79,-1,1
5468,75,76,-1,1
5469,81,88,-7,7
5470,116,128,-12,12
5471,64,61,3,3
5472,93,92,1,1
5473,96,88,8,8
5474,147,143,4,4
5475,77,76,1,1
5476,139,135,4,4
5477,64,66,-2,2
5478,82,78,4,4
5479,70,70,0,0
5480,142,131,11,11
5481,99,90,9,9
5482,64,65,-1,1
5483,80,85,-5,5
5484,69,62,7,7
5485,64,68,-4,4
5486,99,97,2,2
5487,120,101,19,19
5488,80,77,3,3
5489,145,143,2,2
5490,161,147,14,14
5491,86,90,-4,4
5492,123,119,4,4
5493,91,84,7,7
5494,147,134,13,13
5495,92,87,5,5
5496,79,80,-1,1
5497,144,129,15,15
5498,72,71,1,1
5499,91,98,-7,7
5500,162,153,9,9
5501,76,82,-6,6
5502,82,81,1,1
5503,63,71,-8,8
5504,71,74,-3,3
5505,74,75,-1,1
5506,152,134,18,18
5507,102,103,-1,1
5508,70,66,4,4
5509,46,53,-7,7
5510,85,94,-9,9
5511,81,82,-1,1
5512,85,86,-1,1
5513,108,94,14,14
5514,124,112,12,12
5515,81,83,-2,2
5516,97,118,-21,21
5517,137,134,3,3
5518,125,114,11,11
5519,90,96,-6,6
5520,83,81,2,2
5521,89,87,2,2
5522,124,109,15,15
5523,101,89,12,12
5524,103,98,5,5
5525,61,58,3,3
5526,85,75,10,10
5527,102,101,1,1
5528,83,95,-12,12
5529,91,92,-1,1
5530,131,103,28,28
5531,150,134,16,16
5532,107,103,4,4
5533,115,109,6,6
5534,126,118,8,8
5535,129,122,7,7
5536,95,89,6,6
5537,143,127,16,16
5538,115,110,5,5
5539,85,80,5,5
5540,164,151,13,13
5541,95,92,3,3
5542,137,140,-3,3
5543,121,113,8,8
5544,83,81,2,2
5545,115,118,-3,3
5546,154,153,1,1
5547,115,111,4,4
5548,88,79,9,9
5549,116,113,3,3
5550,119,96,23,23
5551,30,48,-18,18
5552,100,92,8,8
5553,132,131,1,1
5554,186,168,18,18
5555,82,87,-5,5
5556,176,139,37,37
5557,107,99,8,8
5558,89,78,11,11
5559,94,95,-1,1
5560,51,47,4,4
5561,138,136,2,2
5562,78,77,1,1
5563,59,61,-2,2
5564,58,55,3,3
5565,67,65,2,2
5566,79,73,6,6
5567,54,53,1,1
5568,62,61,1,1
5569,83,77,6,6
5570,75,79,-4,4
5571,115,109,6,6
5572,114,111,3,3
5573,126,105,21,21
5574,88,98,-10,10
5575,69,65,4,4
5576,38,52,-14,14
5577,71,70,1,1
5578,66,65,1,1
5579,62,61,1,1
5580,75,66,9,9
5581,59,55,4,4
5582,97,102,-5,5
5583,81,90,-9,9
5584,69,79,-10,10
5585,81,74,7,7
5586,101,101,0,0
5587,97,89,8,8
5588,60,70,-10,10
5589,119,109,10,10
5590,113,130,-17,17
5591,130,108,22,22
5592,61,71,-10,10
5593,166,152,14,14
5594,51,54,-3,3
5595,140,136,4,4
5596,109,111,-2,2
5597,115,116,-1,1
5598,112,100,12,12
5599,89,88,1,1
5600,65,64,1,1
5601,97,99,-2,2
5602,81,93,-12,12
5603,59,58,1,1
5604,52,51,1,1
5605,74,86,-12,12
5606,76,78,-2,2
5607,111,75,36,36
5608,112,106,6,6
5609,66,66,0,0
5610,96,89,7,7
5611,61,65,-4,4
5612,162,151,11,11
5613,120,108,12,12
5614,68,82,-14,14
5615,61,76,-15,15
5616,110,103,7,7
5617,114,116,-2,2
5618,41,44,-3,3
5619,63,54,9,9
5620,77,77,0,0
5621,92,84,8,8
5622,80,77,3,3
5623,40,49,-9,9
5624,56,58,-2,2
5625,72,74,-2,2
5626,123,109,14,14
5627,77,72,5,5
5628,107,105,2,2
5629,112,110,2,2
5630,72,76,-4,4
5631,99,102,-3,3
5632,118,110,8,8
5633,77,70,7,7
5634,139,128,11,11
5635,84,83,1,1
5636,62,67,-5,5
5637,100,96,4,4
5638,80,78,2,2
5639,91,96,-5,5
5640,113,103,10,10
5641,45,45,0,0
5642,71,62,9,9
5643,122,102,20,20
5644,53,54,-1,1
5645,78,89,-11,11
5646,65,80,-15,15
5647,40,51,-11,11
5648,136,122,14,14
5649,120,110,10,10
5650,104,106,-2,2
5651,85,81,4,4
5652,89,87,2,2
5653,84,88,-4,4
5654,80,88,-8,8
5655,119,119,0,0
5656,105,98,7,7
5657,61,69,-8,8
5658,53,64,-11,11
5659,69,74,-5,5
5660,83,77,6,6
5661,122,96,26,26
5662,88,88,0,0
5663,88,80,8,8
5664,104,103,1,1
5665,94,89,5,5
5666,133,122,11,11
5667,53,64,-11,11
5668,73,77,-4,4
5669,92,88,4,4
5670,92,84,8,8
5671,91,87,4,4
5672,82,83,-1,1
5673,87,92,-5,5
5674,135,120,15,15
5675,126,118,8,8
5676,94,89,5,5
5677,55,56,-1,1
5678,104,91,13,13
5679,127,118,9,9
5680,135,127,8,8
5681,145,126,19,19
5682,99,100,-1,1
5683,96,100,-4,4
5684,103,86,17,17
5685,32,41,-9,9
5686,74,78,-4,4
5687,109,91,18,18
5688,59,64,-5,5
5689,101,95,6,6
5690,69,66,3,3
5691,71,85,-14,14
5692,101,92,9,9
5693,129,124,5,5
5694,114,110,4,4
5695,73,70,3,3
5696,179,149,30,30
5697,81,79,2,2
5698,127,114,13,13
5699,129,127,2,2
5700,57,51,6,6
5701,50,52,-2,2
5702,80,67,13,13
5703,116,111,5,5
5704,93,84,9,9
5705,164,138,26,26
5706,43,50,-7,7
5707,96,105,-9,9
5708,88,77,11,11
5709,66,61,5,5
5710,97,95,2,2
5711,86,85,1,1
5712,83,91,-8,8
5713,87,82,5,5
5714,61,66,-5,5
5715,81,83,-2,2
5716,164,152,12,12
5717,138,124,14,14
5718,115,113,2,2
5719,86,86,0,0
5720,118,136,-18,18
5721,67,66,1,1
5722,87,92,-5,5
5723,74,71,3,3
5724,51,59,-8,8
5725,67,66,1,1
5726,84,82,2,2
5727,94,86,8,8
5728,69,70,-1,1
5729,115,117,-2,2
5730,48,52,-4,4
5731,77,71,6,6
5732,81,79,2,2
5733,110,115,-5,5
5734,74,90,-16,16
5735,54,65,-11,11
5736,84,87,-3,3
5737,70,74,-4,4
5738,64,69,-5,5
5739,80,90,-10,10
5740,78,71,7,7
5741,83,92,-9,9
5742,81,79,2,2
5743,34,43,-9,9
5744,149,156,-7,7
5745,50,53,-3,3
5746,57,59,-2,2
5747,75,77,-2,2
5748,139,120,19,19
5749,48,49,-1,1
5750,61,65,-4,4
5751,96,87,9,9
5752,64,60,4,4
5753,90,97,-7,7
5754,81,76,5,5
5755,119,121,-2,2
5756,129,123,6,6
5757,111,112,-1,1
5758,79,81,-2,2
5759,107,100,7,7
5760,77,81,-4,4
5761,67,66,1,1
5762,103,90,13,13
5763,60,64,-4,4
5764,115,115,0,0
5765,62,55,7,7
5766,71,78,-7,7
5767,67,78,-11,11
5768,46,51,-5,5
5769,52,54,-2,2
5770,55,57,-2,2
5771,95,87,8,8
5772,119,101,18,18
5773,156,158,-2,2
5774,89,80,9,9
5775,130,110,20,20
5776,149,135,14,14
5777,53,66,-13,13
5778,103,98,5,5
5779,181,156,25,25
5780,88,87,1,1
5781,91,89,2,2
5782,79,68,11,11
5783,64,78,-14,14
5784,85,88,-3,3
5785,45,48,-3,3
5786,72,70,2,2
5787,118,108,10,10
5788,54,54,0,0
5789,98,98,0,0
5790,79,87,-8,8
5791,63,65,-2,2
5792,27,40,-13,13
5793,142,132,10,10
5794,67,68,-1,1
5795,146,135,11,11
5796,80,86,-6,6
5797,68,81,-13,13
5798,92,92,0,0
5799,48,55,-7,7
5800,117,100,17,17
5801,98,100,-2,2
5802,73,73,0,0
5803,84,83,1,1
5804,95,89,6,6
5805,120,118,2,2
5806,151,155,-4,4
5807,50,49,1,1
5808,93,90,3,3
5809,150,140,10,10
5810,65,81,-16,16
5811,76,78,-2,2
5812,69,71,-2,2
5813,91,89,2,2
5814,81,87,-6,6
5815,92,85,7,7
5816,127,139,-12,12
5817,100,89,11,11
5818,98,95,3,3
5819,109,98,11,11
5820,69,72,-3,3
5821,94,98,-4,4
5822,156,138,18,18
5823,82,91,-9,9
5824,62,71,-9,9
5825,56,54,2,2
5826,44,49,-5,5
5827,134,105,29,29
5828,75,72,3,3
5829,88,91,-3,3
5830,63,68,-5,5
5831,106,105,1,1
5832,121,104,17,17
5833,94,97,-3,3
5834,89,92,-3,3
5835,45,53,-8,8
5836,76,78,-2,2
5837,85,84,1,1
5838,129,132,-3,3
5839,113,107,6,6
5840,127,116,11,11
5841,129,141,-12,12
5842,92,89,3,3
5843,60,59,1,1
5844,91,74,17,17
5845,90,82,8,8
5846,143,136,7,7
5847,79,75,4,4
5848,118,158,-40,40
5849,65,68,-3,3
5850,88,78,10,10
5851,102,104,-2,2
5852,67,67,0,0
5853,104,94,10,10
5854,164,156,8,8
5855,145,133,12,12
5856,51,51,0,0
5857,35,42,-7,7
5858,125,117,8,8
5859,78,80,-2,2
5860,110,102,8,8
5861,133,127,6,6
5862,92,91,1,1
5863,89,93,-4,4
5864,66,67,-1,1
5865,96,96,0,0
5866,74,75,-1,1
5867,21,37,-16,16
5868,52,53,-1,1
5869,49,50,-1,1
5870,133,139,-6,6
5871,56,62,-6,6
5872,48,50,-2,2
5873,53,45,8,8
5874,86,84,2,2
5875,81,90,-9,9
5876,139,135,4,4
5877,111,116,-5,5
5878,118,119,-1,1
5879,61,64,-3,3
5880,88,95,-7,7
5881,58,60,-2,2
5882,91,85,6,6
5883,110,102,8,8
5884,118,93,25,25
5885,109,99,10,10
5886,52,55,-3,3
5887,69,74,-5,5
5888,144,124,20,20
5889,87,83,4,4
5890,153,131,22,22
5891,49,55,-6,6
5892,106,109,-3,3
5893,85,85,0,0
5894,95,93,2,2
5895,99,96,3,3
5896,154,150,4,4
5897,64,80,-16,16
5898,74,73,1,1
5899,94,83,11,11
5900,83,67,16,16
5901,66,68,-2,2
5902,48,57,-9,9
5903,87,96,-9,9
5904,28,50,-22,22
5905,63,59,4,4
5906,117,109,8,8
5907,169,155,14,14
5908,54,56,-2,2
5909,118,112,6,6
5910,77,72,5,5
5911,87,88,-1,1
5912,259,223,36,36
5913,116,118,-2,2
5914,141,129,12,12
5915,63,70,-7,7
5916,194,171,23,23
5917,58,71,-13,13
5918,117,112,5,5
5919,101,94,7,7
5920,128,124,4,4
5921,99,84,15,15
5922,122,107,15,15
5923,146,134,12,12
5924,117,103,14,14
5925,85,88,-3,3
5926,156,147,9,9
5927,85,82,3,3
5928,149,149,0,0
5929,62,68,-6,6
5930,133,132,1,1
5931,76,80,-4,4
5932,67,66,1,1
5933,125,145,-20,20
5934,73,69,4,4
5935,106,90,16,16
5936,98,96,2,2
5937,113,108,5,5
5938,151,145,6,6
5939,91,86,5,5
5940,115,119,-4,4
5941,99,103,-4,4
5942,51,54,-3,3
5943,102,111,-9,9
5944,123,111,12,12
5945,71,66,5,5
5946,116,112,4,4
5947,118,115,3,3
5948,151,156,-5,5
5949,93,82,11,11
5950,77,78,-1,1
5951,52,51,1,1
5952,88,82,6,6
5953,56,51,5,5
5954,152,154,-2,2
5955,129,127,2,2
5956,75,82,-7,7
5957,98,92,6,6
5958,149,143,6,6
5959,73,70,3,3
5960,96,106,-10,10
5961,145,142,3,3
5962,88,80,8,8
5963,159,142,17,17
5964,178,158,20,20
5965,81,87,-6,6
5966,142,129,13,13
5967,97,89,8,8
5968,145,137,8,8
5969,91,90,1,1
5970,85,71,14,14
5971,87,73,14,14
5972,90,77,13,13
5973,68,69,-1,1
5974,94,88,6,6
5975,101,93,8,8
5976,92,81,11,11
5977,71,78,-7,7
5978,113,109,4,4
5979,102,96,6,6
5980,114,115,-1,1
5981,97,92,5,5
5982,47,56,-9,9
5983,60,59,1,1
5984,135,127,8,8
5985,58,55,3,3
5986,206,173,33,33
5987,68,72,-4,4
5988,42,49,-7,7
5989,73,65,8,8
5990,83,79,4,4
5991,72,70,2,2
5992,111,78,33,33
5993,58,53,5,5
5994,130,138,-8,8
5995,111,107,4,4
5996,140,144,-4,4
5997,95,95,0,0
5998,96,93,3,3
5999,91,85,6,6
6000,79,79,0,0
6001,74,74,0,0
6002,169,146,23,23
6003,117,114,3,3
6004,78,65,13,13
6005,115,112,3,3
6006,44,49,-5,5
6007,103,112,-9,9
6008,78,102,-24,24
6009,49,54,-5,5
6010,126,127,-1,1
6011,93,85,8,8
6012,140,134,6,6
6013,85,87,-2,2
6014,116,124,-8,8
6015,83,74,9,9
6016,96,102,-6,6
6017,143,128,15,15
6018,74,79,-5,5
6019,92,96,-4,4
6020,63,58,5,5
6021,49,54,-5,5
6022,144,139,5,5
6023,54,60,-6,6
6024,116,163,-47,47
6025,66,73,-7,7
6026,56,58,-2,2
6027,56,97,-41,41
6028,107,107,0,0
6029,140,129,11,11
6030,92,94,-2,2
6031,76,82,-6,6
6032,90,92,-2,2
6033,138,134,4,4
6034,71,66,5,5
6035,89,100,-11,11
6036,66,59,7,7
6037,60,61,-1,1
6038,116,121,-5,5
6039,179,171,8,8
6040,90,78,12,12
6041,116,117,-1,1
6042,89,88,1,1
6043,95,86,9,9
6044,85,78,7,7
6045,53,51,2,2
6046,166,158,8,8
6047,43,48,-5,5
6048,119,120,-1,1
6049,105,115,-10,10
6050,121,108,13,13
6051,73,72,1,1
6052,67,66,1,1
6053,119,115,4,4
6054,106,106,0,0
6055,72,63,9,9
6056,75,71,4,4
6057,70,74,-4,4
6058,143,126,17,17
6059,83,79,4,4
6060,83,73,10,10
6061,46,59,-13,13
6062,47,46,1,1
6063,119,116,3,3
6064,108,98,10,10
6065,43,64,-21,21
6066,64,64,0,0
6067,83,85,-2,2
6068,141,131,10,10
6069,107,101,6,6
6070,35,55,-20,20
6071,119,115,4,4
6072,88,82,6,6
6073,77,80,-3,3
6074,75,75,0,0
6075,140,127,13,13
6076,66,66,0,0
6077,121,126,-5,5
6078,47,59,-12,12
6079,68,74,-6,6
6080,112,102,10,10
6081,178,159,19,19
6082,87,93,-6,6
6083,164,143,21,21
6084,79,80,-1,1
6085,71,71,0,0
6086,111,124,-13,13
6087,78,83,-5,5
6088,160,163,-3,3
6089,98,94,4,4
6090,115,151,-36,36
6091,95,106,-11,11
6092,65,68,-3,3
6093,159,154,5,5
6094,85,87,-2,2
6095,69,69,0,0
6096,116,113,3,3
6097,55,56,-1,1
6098,96,95,1,1
6099,94,84,10,10
6100,72,69,3,3
6101,94,81,13,13
6102,124,129,-5,5
6103,62,66,-4,4
6104,79,74,5,5
6105,146,127,19,19
6106,42,49,-7,7
6107,85,81,4,4
6108,100,84,16,16
6109,131,108,23,23
6110,72,77,-5,5
6111,49,51,-2,2
6112,116,105,11,11
6113,102,98,4,4
6114,135,128,7,7
6115,138,125,13,13
6116,40,62,-22,22
6117,104,100,4,4
6118,99,96,3,3
6119,50,50,0,0
6120,108,100,8,8
6121,106,101,5,5
6122,93,84,9,9
6123,155,148,7,7
6124,127,117,10,10
6125,78,78,0,0
6126,87,86,1,1
6127,73,74,-1,1
6128,92,89,3,3
6129,86,82,4,4
6130,117,111,6,6
6131,65,64,1,1
6132,44,42,2,2
6133,142,133,9,9
6134,83,89,-6,6
6135,104,94,10,10
6136,119,100,19,19
6137,112,104,8,8
6138,96,83,13,13
6139,58,68,-10,10
6140,44,46,-2,2
6141,107,105,2,2
6142,115,111,4,4
6143,87,89,-2,2
6144,102,96,6,6
6145,89,84,5,5
6146,119,111,8,8
6147,101,95,6,6
6148,55,58,-3,3
6149,92,86,6,6
6150,108,96,12,12
6151,57,56,1,1
6152,119,110,9,9
6153,133,128,5,5
6154,80,83,-3,3
6155,66,67,-1,1
6156,114,104,10,10
6157,111,112,-1,1
6158,140,127,13,13
6159,108,86,22,22
6160,89,97,-8,8
6161,88,80,8,8
6162,76,81,-5,5
6163,80,84,-4,4
6164,98,83,15,15
6165,73,70,3,3
6166,136,126,10,10
6167,50,52,-2,2
6168,88,99,-11,11
6169,69,70,-1,1
6170,151,140,11,11
6171,66,59,7,7
6172,73,69,4,4
6173,65,61,4,4
6174,72,74,-2,2
6175,52,52,0,0
6176,108,91,17,17
6177,86,81,5,5
6178,34,50,-16,16
6179,183,176,7,7
6180,54,53,1,1
6181,122,121,1,1
6182,64,66,-2,2
6183,75,76,-1,1
6184,105,91,14,14
6185,65,71,-6,6
6186,84,91,-7,7
6187,101,98,3,3
6188,117,108,9,9
6189,148,141,7,7
6190,66,64,2,2
6191,106,109,-3,3
6192,147,127,20,20
6193,108,108,0,0
6194,133,100,33,33
6195,42,46,-4,4
6196,67,58,9,9
6197,117,108,9,9
6198,127,131,-4,4
6199,84,81,3,3
6200,72,66,6,6
6201,77,74,3,3
6202,83,79,4,4
6203,77,91,-14,14
6204,133,125,8,8
6205,61,68,-7,7
6206,75,81,-6,6
6207,81,79,2,2
6208,95,89,6,6
6209,115,105,10,10
6210,106,91,15,15
6211,85,76,9,9
6212,89,87,2,2
6213,103,98,5,5
6214,78,73,5,5
6215,83,81,2,2
6216,128,110,18,18
6217,64,69,-5,5
6218,87,81,6,6
6219,108,94,14,14
6220,108,106,2,2
6221,77,74,3,3
6222,65,72,-7,7
6223,56,58,-2,2
6224,69,62,7,7
6225,83,86,-3,3
6226,93,96,-3,3
6227,85,83,2,2
6228,177,170,7,7
6229,52,52,0,0
6230,35,42,-7,7
6231,128,113,15,15
6232,98,91,7,7
6233,83,79,4,4
6234,67,65,2,2
6235,102,99,3,3
6236,115,112,3,3
6237,103,96,7,7
6238,99,96,3,3
6239,100,97,3,3
6240,148,123,25,25
6241,67,65,2,2
6242,131,122,9,9
6243,76,77,-1,1
6244,91,89,2,2
6245,110,100,10,10
6246,133,127,6,6
6247,77,92,-15,15
6248,151,148,3,3
6249,130,131,-1,1
6250,80,86,-6,6
6251,86,88,-2,2
6252,117,124,-7,7
6253,72,71,1,1
6254,104,107,-3,3
6255,108,97,11,11
6256,103,103,0,0
6257,57,62,-5,5
6258,30,39,-9,9
6259,70,70,0,0
6260,93,101,-8,8
6261,75,74,1,1
6262,46,54,-8,8
6263,169,130,39,39
6264,88,83,5,5
6265,71,78,-7,7
6266,97,96,1,1
6267,133,119,14,14
6268,77,80,-3,3
6269,93,93,0,0
6270,52,68,-16,16
6271,124,131,-7,7
6272,60,89,-29,29
6273,53,64,-11,11
6274,98,97,1,1
6275,105,89,16,16
6276,92,86,6,6
6277,106,99,7,7
6278,55,55,0,0
6279,94,93,1,1
6280,94,86,8,8
6281,67,68,-1,1
6282,109,96,13,13
6283,61,68,-7,7
6284,49,59,-10,10
6285,99,92,7,7
6286,109,96,13,13
6287,73,68,5,5
6288,107,101,6,6
6289,82,77,5,5
6290,122,113,9,9
6291,50,48,2,2
6292,102,95,7,7
6293,99,98,1,1
6294,40,41,-1,1
6295,61,57,4,4
6296,94,95,-1,1
6297,55,62,-7,7
6298,66,65,1,1
6299,58,65,-7,7
6300,139,144,-5,5
6301,104,87,17,17
6302,74,72,2,2
6303,77,69,8,8
6304,77,72,5,5
6305,91,89,2,2
6306,74,73,1,1
6307,63,64,-1,1
6308,56,58,-2,2
6309,103,111,-8,8
6310,83,83,0,0
6311,69,77,-8,8
6312,165,144,21,21
6313,109,106,3,3
6314,93,79,14,14
6315,123,120,3,3
6316,142,134,8,8
6317,71,64,7,7
6318,102,99,3,3
6319,81,83,-2,2
6320,178,152,26,26
6321,75,69,6,6
6322,68,73,-5,5
6323,135,120,15,15
6324,103,101,2,2
6325,108,104,4,4
6326,62,79,-17,17
6327,95,96,-1,1
6328,114,103,11,11
6329,120,113,7,7
6330,124,121,3,3
6331,90,91,-1,1
6332,29,42,-13,13
6333,69,75,-6,6
6334,61,73,-12,12
6335,85,79,6,6
6336,83,93,-10,10
6337,122,109,13,13
6338,148,135,13,13
6339,108,97,11,11
6340,96,99,-3,3
6341,75,77,-2,2
6342,101,107,-6,6
6343,81,75,6,6
6344,98,101,-3,3
6345,95,89,6,6
6346,100,93,7,7
6347,96,100,-4,4
6348,161,169,-8,8
6349,84,80,4,4
6350,55,55,0,0
6351,59,65,-6,6
6352,124,123,1,1
6353,137,131,6,6
6354,118,112,6,6
6355,144,118,26,26
6356,182,167,15,15
6357,126,112,14,14
6358,127,108,19,19
6359,111,103,8,8
6360,92,91,1,1
6361,106,100,6,6
6362,74,77,-3,3
6363,68,83,-15,15
6364,108,112,-4,4
6365,95,88,7,7
6366,103,101,2,2
6367,81,81,0,0
6368,86,87,-1,1
6369,170,149,21,21
6370,50,51,-1,1
6371,51,54,-3,3
6372,94,83,11,11
6373,146,150,-4,4
6374,74,79,-5,5
6375,100,93,7,7
6376,128,109,19,19
6377,74,68,6,6
6378,108,100,8,8
6379,77,81,-4,4
6380,63,71,-8,8
6381,50,45,5,5
6382,109,99,10,10
6383,52,56,-4,4
6384,68,75,-7,7
6385,90,95,-5,5
6386,80,87,-7,7
6387,55,67,-12,12
6388,103,90,13,13
6389,84,85,-1,1
6390,90,78,12,12
6391,66,75,-9,9
6392,167,155,12,12
6393,82,81,1,1
6394,73,71,2,2
6395,86,90,-4,4
6396,71,76,-5,5
6397,80,85,-5,5
6398,92,90,2,2
6399,117,106,11,11
6400,51,57,-6,6
6401,94,96,-2,2
6402,84,81,3,3
6403,135,134,1,1
6404,66,75,-9,9
6405,151,141,10,10
6406,92,91,1,1
6407,102,98,4,4
6408,116,100,16,16
6409,50,60,-10,10
6410,88,91,-3,3
6411,119,110,9,9
6412,107,106,1,1
6413,93,98,-5,5
6414,142,130,12,12
6415,52,51,1,1
6416,115,110,5,5
6417,52,55,-3,3
6418,56,54,2,2
6419,152,131,21,21
6420,83,72,11,11
6421,62,63,-1,1
6422,64,74,-10,10
6423,119,106,13,13
6424,157,129,28,28
6425,51,57,-6,6
6426,118,114,4,4
6427,58,69,-11,11
6428,94,88,6,6
6429,45,49,-4,4
6430,120,107,13,13
6431,88,88,0,0
6432,84,86,-2,2
6433,131,129,2,2
6434,98,90,8,8
6435,50,49,1,1
6436,88,81,7,7
6437,101,109,-8,8
6438,78,70,8,8
6439,40,63,-23,23
6440,103,109,-6,6
6441,96,90,6,6
6442,83,81,2,2
6443,93,91,2,2
6444,82,75,7,7
6445,103,96,7,7
6446,41,60,-19,19
6447,39,50,-11,11
6448,60,53,7,7
6449,137,122,15,15
6450,46,45,1,1
6451,51,53,-2,2
6452,82,85,-3,3
6453,131,114,17,17
6454,66,73,-7,7
6455,76,68,8,8
6456,204,181,23,23
6457,106,103,3,3
6458,72,71,1,1
6459,145,137,8,8
6460,80,76,4,4
6461,89,92,-3,3
6462,148,147,1,1
6463,141,122,19,19
6464,59,64,-5,5
6465,51,49,2,2
6466,88,83,5,5
6467,77,79,-2,2
6468,103,107,-4,4
6469,94,86,8,8
6470,92,85,7,7
6471,82,78,4,4
6472,89,94,-5,5
6473,72,76,-4,4
6474,135,124,11,11
6475,135,123,12,12
6476,85,82,3,3
6477,63,66,-3,3
6478,173,160,13,13
6479,108,103,5,5
6480,141,116,25,25
6481,85,89,-4,4
6482,144,136,8,8
6483,66,66,0,0
6484,86,90,-4,4
6485,84,77,7,7
6486,107,96,11,11
6487,60,58,2,2
6488,62,69,-7,7
6489,174,168,6,6
6490,68,59,9,9
6491,74,80,-6,6
6492,67,66,1,1
6493,72,65,7,7
6494,117,104,13,13
6495,93,115,-22,22
6496,69,77,-8,8
6497,75,77,-2,2
6498,84,83,1,1
6499,101,98,3,3
6500,78,77,1,1
6501,202,190,12,12
6502,97,103,-6,6
6503,79,78,1,1
6504,97,102,-5,5
6505,60,71,-11,11
6506,58,57,1,1
6507,113,118,-5,5
6508,63,69,-6,6
6509,79,79,0,0
6510,94,90,4,4
6511,129,123,6,6
6512,142,135,7,7
6513,96,93,3,3
6514,83,76,7,7
6515,137,127,10,10
6516,99,88,11,11
6517,92,91,1,1
6518,92,98,-6,6
6519,69,65,4,4
6520,126,137,-11,11
6521,148,151,-3,3
6522,90,88,2,2
6523,94,87,7,7
6524,111,109,2,2
6525,86,91,-5,5
6526,49,59,-10,10
6527,124,111,13,13
6528,107,107,0,0
6529,129,123,6,6
6530,58,51,7,7
6531,70,71,-1,1
6532,70,76,-6,6
6533,91,84,7,7
6534,86,72,14,14
6535,102,102,0,0
6536,83,84,-1,1
6537,119,117,2,2
6538,76,76,0,0
6539,49,49,0,0
6540,94,80,14,14
6541,124,102,22,22
6542,65,65,0,0
6543,96,108,-12,12
6544,170,159,11,11
6545,68,76,-8,8
6546,28,40,-12,12
6547,135,130,5,5
6548,151,124,27,27
6549,80,83,-3,3
6550,79,93,-14,14
6551,68,83,-15,15
6552,118,102,16,16
6553,73,75,-2,2
6554,104,111,-7,7
6555,147,128,19,19
6556,91,108,-17,17
6557,147,124,23,23
6558,55,65,-10,10
6559,66,70,-4,4
6560,121,106,15,15
6561,70,71,-1,1
6562,107,98,9,9
6563,153,148,5,5
6564,124,117,7,7
6565,59,70,-11,11
6566,90,88,2,2
6567,57,69,-12,12
6568,129,111,18,18
6569,98,99,-1,1
6570,152,137,15,15
6571,55,61,-6,6
6572,93,69,24,24
6573,61,58,3,3
6574,135,126,9,9
6575,72,69,3,3
6576,105,109,-4,4
6577,65,93,-28,28
6578,91,84,7,7
6579,117,108,9,9
6580,85,90,-5,5
6581,125,114,11,11
6582,57,66,-9,9
6583,151,133,18,18
6584,68,72,-4,4
6585,104,111,-7,7
6586,53,63,-10,10
6587,88,87,1,1
6588,91,87,4,4
6589,184,143,41,41
6590,99,97,2,2
6591,189,164,25,25
6592,186,164,22,22
6593,125,111,14,14
6594,62,74,-12,12
6595,103,102,1,1
6596,183,175,8,8
6597,62,54,8,8
6598,66,65,1,1
6599,73,72,1,1
6600,114,105,9,9
6601,123,123,0,0
6602,108,91,17,17
6603,115,107,8,8
6604,124,112,12,12
6605,66,82,-16,16
6606,104,88,16,16
6607,75,80,-5,5
6608,108,108,0,0
6609,81,79,2,2
6610,82,70,12,12
6611,80,72,8,8
6612,30,42,-12,12
6613,90,86,4,4
6614,62,67,-5,5
6615,86,80,6,6
6616,56,55,1,1
6617,95,92,3,3
6618,100,100,0,0
6619,102,97,5,5
6620,102,96,6,6
6621,59,59,0,0
6622,152,130,22,22
6623,163,159,4,4
6624,143,132,11,11
6625,162,154,8,8
6626,84,84,0,0
6627,78,83,-5,5
6628,92,95,-3,3
6629,79,84,-5,5
6630,78,76,2,2
6631,120,107,13,13
6632,99,93,6,6
6633,103,92,11,11
6634,76,79,-3,3
6635,80,77,3,3
6636,66,62,4,4
6637,128,122,6,6
6638,85,76,9,9
6639,100,101,-1,1
6640,46,54,-8,8
6641,125,118,7,7
6642,111,113,-2,2
6643,119,111,8,8
6644,59,64,-5,5
6645,55,53,2,2
6646,158,146,12,12
6647,106,109,-3,3
6648,136,128,8,8
6649,108,101,7,7
6650,124,115,9,9
6651,106,102,4,4
6652,92,80,12,12
6653,118,119,-1,1
6654,108,99,9,9
6655,114,102,12,12
6656,51,61,-10,10
6657,85,80,5,5
6658,61,83,-22,22
6659,74,70,4,4
6660,67,68,-1,1
6661,108,100,8,8
6662,132,125,7,7
6663,78,69,9,9
6664,102,106,-4,4
6665,175,141,34,34
6666,140,133,7,7
6667,93,85,8,8
6668,75,81,-6,6
6669,98,91,7,7
6670,98,86,12,12
6671,119,105,14,14
6672,121,140,-19,19
6673,94,94,0,0
6674,117,98,19,19
6675,108,111,-3,3
6676,87,104,-17,17
6677,100,93,7,7
6678,88,79,9,9
6679,86,68,18,18
6680,65,69,-4,4
6681,81,77,4,4
6682,89,83,6,6
6683,114,104,10,10
6684,108,105,3,3
6685,95,87,8,8
6686,100,95,5,5
6687,98,94,4,4
6688,88,86,2,2
6689,95,93,2,2
6690,92,92,0,0
6691,161,151,10,10
6692,57,59,-2,2
6693,89,86,3,3
6694,67,56,11,11
6695,101,103,-2,2
6696,102,106,-4,4
6697,84,82,2,2
6698,64,63,1,1
6699,127,121,6,6
6700,97,97,0,0
6701,101,101,0,0
6702,65,69,-4,4
6703,89,83,6,6
6704,70,68,2,2
6705,67,76,-9,9
6706,169,156,13,13
6707,59,71,-12,12
6708,163,143,20,20
6709,38,45,-7,7
6710,117,108,9,9
6711,53,56,-3,3
6712,52,51,1,1
6713,120,116,4,4
6714,80,68,12,12
6715,52,58,-6,6
6716,127,141,-14,14
6717,87,93,-6,6
6718,54,95,-41,41
6719,66,59,7,7
6720,98,88,10,10
6721,112,113,-1,1
6722,56,58,-2,2
6723,114,107,7,7
6724,90,85,5,5
6725,87,87,0,0
6726,58,63,-5,5
6727,118,109,9,9
6728,96,99,-3,3
6729,102,107,-5,5
6730,84,84,0,0
6731,111,102,9,9
6732,62,68,-6,6
6733,73,67,6,6
6734,69,72,-3,3
6735,133,124,9,9
6736,87,82,5,5
6737,64,67,-3,3
6738,85,90,-5,5
6739,103,94,9,9
6740,86,78,8,8
6741,68,68,0,0
6742,145,142,3,3
6743,74,67,7,7
6744,91,96,-5,5
6745,102,90,12,12
6746,128,123,5,5
6747,104,103,1,1
6748,110,117,-7,7
6749,56,55,1,1
6750,83,82,1,1
6751,109,108,1,1
6752,77,72,5,5
6753,164,139,25,25
6754,137,127,10,10
6755,134,118,16,16
6756,172,159,13,13
6757,116,112,4,4
6758,80,76,4,4
6759,50,55,-5,5
6760,168,147,21,21
6761,68,73,-5,5
6762,88,92,-4,4
6763,48,47,1,1
6764,60,55,5,5
6765,135,134,1,1
6766,75,67,8,8
6767,187,173,14,14
6768,78,74,4,4
6769,117,97,20,20
6770,109,114,-5,5
6771,79,72,7,7
6772,80,83,-3,3
6773,72,74,-2,2
6774,105,100,5,5
6775,130,134,-4,4
6776,108,108,0,0
6777,39,48,-9,9
6778,94,98,-4,4
6779,76,81,-5,5
6780,84,85,-1,1
6781,110,116,-6,6
6782,79,78,1,1
6783,129,108,21,21
6784,66,66,0,0
6785,73,78,-5,5
6786,90,82,8,8
6787,69,72,-3,3
6788,76,65,11,11
6789,96,103,-7,7
6790,113,103,10,10
6791,118,115,3,3
6792,78,73,5,5
6793,92,84,8,8
6794,96,89,7,7
6795,111,115,-4,4
6796,143,146,-3,3
6797,101,94,7,7
6798,99,100,-1,1
6799,110,116,-6,6
6800,105,104,1,1
6801,79,79,0,0
6802,80,88,-8,8
6803,54,51,3,3
6804,86,80,6,6
6805,66,72,-6,6
6806,96,91,5,5
6807,151,143,8,8
6808,78,95,-17,17
6809,82,90,-8,8
6810,93,90,3,3
6811,57,67,-10,10
6812,129,116,13,13
6813,89,84,5,5
6814,83,80,3,3
6815,72,83,-11,11
6816,85,87,-2,2
6817,58,61,-3,3
6818,69,71,-2,2
6819,69,81,-12,12
6820,55,52,3,3
6821,114,98,16,16
6822,145,126,19,19
6823,81,89,-8,8
6824,41,54,-13,13
6825,88,101,-13,13
6826,108,110,-2,2
6827,104,99,5,5
6828,74,64,10,10
6829,111,107,4,4
6830,74,75,-1,1
6831,82,80,2,2
6832,129,118,11,11
6833,75,79,-4,4
6834,137,122,15,15
6835,135,127,8,8
6836,93,85,8,8
6837,73,83,-10,10
6838,125,120,5,5
6839,110,114,-4,4
6840,147,155,-8,8
6841,86,91,-5,5
6842,96,87,9,9
6843,104,98,6,6
6844,110,112,-2,2
6845,80,78,2,2
6846,66,73,-7,7
6847,168,161,7,7
6848,123,130,-7,7
6849,138,133,5,5
6850,66,65,1,1
6851,66,64,2,2
6852,143,124,19,19
6853,88,77,11,11
6854,76,82,-6,6
6855,143,145,-2,2
6856,108,96,12,12
6857,74,73,1,1
6858,76,74,2,2
6859,59,62,-3,3
6860,87,84,3,3
6861,113,101,12,12
6862,57,62,-5,5
6863,56,67,-11,11
6864,102,91,11,11
6865,74,78,-4,4
6866,89,91,-2,2
6867,75,84,-9,9
6868,128,125,3,3
6869,106,107,-1,1
6870,92,82,10,10
6871,138,138,0,0
6872,75,71,4,4
6873,103,101,2,2
6874,120,106,14,14
6875,136,124,12,12
6876,72,76,-4,4
6877,128,128,0,0
6878,128,120,8,8
6879,150,141,9,9
6880,86,80,6,6
6881,85,81,4,4
6882,62,61,1,1
6883,76,78,-2,2
6884,123,118,5,5
6885,64,67,-3,3
6886,116,113,3,3
6887,62,66,-4,4
6888,81,78,3,3
6889,118,107,11,11
6890,117,113,4,4
6891,123,108,15,15
6892,144,122,22,22
6893,109,107,2,2
6894,79,75,4,4
6895,97,102,-5,5
6896,87,84,3,3
6897,55,52,3,3
6898,65,69,-4,4
6899,103,101,2,2
6900,90,77,13,13
6901,87,81,6,6
6902,43,49,-6,6
6903,92,88,4,4
6904,147,145,2,2
6905,106,101,5,5
6906,68,72,-4,4
6907,71,69,2,2
6908,97,94,3,3
6909,93,90,3,3
6910,69,83,-14,14
6911,92,93,-1,1
6912,77,86,-9,9
6913,132,123,9,9
6914,87,89,-2,2
6915,118,107,11,11
6916,58,57,1,1
6917,43,44,-1,1
6918,80,86,-6,6
6919,118,103,15,15
6920,107,115,-8,8
6921,132,123,9,9
6922,86,87,-1,1
6923,114,104,10,10
6924,85,79,6,6
6925,66,76,-10,10
6926,65,63,2,2
6927,84,86,-2,2
6928,122,115,7,7
6929,74,81,-7,7
6930,154,154,0,0
6931,93,91,2,2
6932,40,70,-30,30
6933,88,78,10,10
6934,84,89,-5,5
6935,67,67,0,0
6936,113,115,-2,2
6937,110,104,6,6
6938,217,183,34,34
6939,99,103,-4,4
6940,107,105,2,2
6941,120,113,7,7
6942,116,105,11,11
6943,70,80,-10,10
6944,86,84,2,2
6945,89,92,-3,3
6946,75,73,2,2
6947,72,71,1,1
6948,75,79,-4,4
6949,55,64,-9,9
6950,196,191,5,5
6951,114,106,8,8
6952,142,96,46,46
6953,76,77,-1,1
6954,71,66,5,5
6955,80,86,-6,6
6956,81,80,1,1
6957,106,92,14,14
6958,126,119,7,7
6959,114,114,0,0
6960,90,88,2,2
6961,134,127,7,7
6962,112,108,4,4
6963,86,82,4,4
6964,109,111,-2,2
6965,98,107,-9,9
6966,123,117,6,6
6967,48,46,2,2
6968,89,84,5,5
6969,141,137,4,4
6970,122,117,5,5
6971,65,78,-13,13
6972,163,148,15,15
6973,106,99,7,7
6974,145,142,3,3
6975,65,61,4,4
6976,111,90,21,21
6977,110,109,1,1
6978,40,44,-4,4
6979,77,76,1,1
6980,81,77,4,4
6981,136,124,12,12
6982,124,126,-2,2
6983,107,107,0,0
6984,83,78,5,5
6985,137,124,13,13
6986,93,95,-2,2
6987,95,93,2,2
6988,82,89,-7,7
6989,91,89,2,2
6990,139,120,19,19
6991,49,49,0,0
6992,36,41,-5,5
6993,76,66,10,10
6994,57,62,-5,5
6995,128,127,1,1
6996,77,90,-13,13
6997,86,90,-4,4
6998,144,138,6,6
6999,72,71,1,1
7000,48,51,-3,3
7001,86,80,6,6
7002,96,88,8,8
7003,67,70,-3,3
7004,65,65,0,0
7005,132,114,18,18
7006,128,118,10,10
7007,115,107,8,8
7008,109,105,4,4
7009,63,66,-3,3
7010,55,65,-10,10
7011,119,100,19,19
7012,70,61,9,9
7013,125,113,12,12
7014,146,133,13,13
7015,84,85,-1,1
7016,120,120,0,0
7017,83,88,-5,5
7018,68,66,2,2
7019,106,96,10,10
7020,147,122,25,25
7021,81,79,2,2
7022,87,92,-5,5
7023,86,80,6,6
7024,67,74,-7,7
7025,100,91,9,9
7026,81,83,-2,2
7027,70,77,-7,7
7028,94,84,10,10
7029,123,111,12,12
7030,121,111,10,10
7031,71,75,-4,4
7032,73,69,4,4
7033,79,77,2,2
7034,98,98,0,0
7035,147,117,30,30
7036,86,82,4,4
7037,83,75,8,8
7038,117,107,10,10
7039,93,94,-1,1
7040,44,49,-5,5
7041,68,72,-4,4
7042,74,77,-3,3
7043,76,92,-16,16
7044,96,88,8,8
7045,80,71,9,9
7046,73,82,-9,9
7047,93,85,8,8
7048,48,56,-8,8
7049,85,82,3,3
7050,140,130,10,10
7051,81,81,0,0
7052,57,55,2,2
7053,93,84,9,9
7054,119,114,5,5
7055,129,134,-5,5
7056,88,83,5,5
7057,101,96,5,5
7058,91,90,1,1
7059,59,57,2,2
7060,109,117,-8,8
7061,89,83,6,6
7062,101,88,13,13
7063,116,105,11,11
7064,86,84,2,2
7065,113,104,9,9
7066,101,90,11,11
7067,110,110,0,0
7068,115,136,-21,21
7069,137,143,-6,6
7070,64,76,-12,12
7071,133,115,18,18
7072,80,86,-6,6
7073,61,59,2,2
7074,116,114,2,2
7075,154,144,10,10
7076,69,66,3,3
7077,123,121,2,2
7078,63,67,-4,4
7079,99,116,-17,17
7080,52,50,2,2
7081,86,81,5,5
7082,79,76,3,3
7083,97,103,-6,6
7084,68,69,-1,1
7085,79,85,-6,6
7086,82,72,10,10
7087,66,62,4,4
7088,28,33,-5,5
7089,54,65,-11,11
7090,76,73,3,3
7091,74,87,-13,13
7092,97,99,-2,2
7093,82,82,0,0
7094,103,101,2,2
7095,61,56,5,5
7096,69,60,9,9
7097,60,65,-5,5
7098,61,90,-29,29
7099,100,104,-4,4
7100,100,98,2,2
7101,129,112,17,17
7102,184,162,22,22
7103,119,117,2,2
7104,91,81,10,10
7105,99,108,-9,9
7106,100,95,5,5
7107,58,66,-8,8
7108,70,71,-1,1
7109,76,86,-10,10
7110,77,78,-1,1
7111,70,66,4,4
7112,116,109,7,7
7113,149,141,8,8
7114,124,122,2,2
7115,139,108,31,31
7116,142,149,-7,7
7117,77,80,-3,3
7118,96,86,10,10
7119,215,180,35,35
7120,70,71,-1,1
7121,118,113,5,5
7122,89,89,0,0
7123,106,95,11,11
7124,117,109,8,8
7125,60,62,-2,2
7126,67,68,-1,1
7127,149,146,3,3
7128,364,357,7,7
7129,110,104,6,6
7130,106,92,14,14
7131,161,157,4,4
7132,119,127,-8,8
7133,113,137,-24,24
7134,100,100,0,0
7135,51,55,-4,4
7136,121,114,7,7
7137,108,105,3,3
7138,107,106,1,1
7139,62,63,-1,1
7140,84,86,-2,2
7141,93,80,13,13
7142,143,136,7,7
7143,136,124,12,12
7144,53,64,-11,11
7145,97,101,-4,4
7146,139,139,0,0
7147,126,130,-4,4
7148,46,55,-9,9
7149,172,170,2,2
7150,101,102,-1,1
7151,89,85,4,4
7152,118,109,9,9
7153,71,71,0,0
7154,120,119,1,1
7155,77,79,-2,2
7156,145,128,17,17
7157,45,45,0,0
7158,80,79,1,1
7159,58,65,-7,7
7160,117,105,12,12
7161,91,91,0,0
7162,192,177,15,15
7163,68,66,2,2
7164,71,65,6,6
7165,82,80,2,2
7166,84,79,5,5
7167,70,75,-5,5
7168,47,56,-9,9
7169,95,85,10,10
7170,59,66,-7,7
7171,154,139,15,15
7172,131,120,11,11
7173,98,99,-1,1
7174,38,48,-10,10
7175,86,93,-7,7
7176,55,56,-1,1
7177,40,47,-7,7
7178,119,111,8,8
7179,247,208,39,39
7180,96,96,0,0
7181,69,74,-5,5
7182,87,95,-8,8
7183,93,94,-1,1
7184,84,81,3,3
7185,127,131,-4,4
7186,106,99,7,7
7187,62,61,1,1
7188,84,90,-6,6
7189,48,53,-5,5
7190,116,120,-4,4
7191,83,82,1,1
7192,123,121,2,2
7193,97,85,12,12
7194,119,103,16,16
7195,113,114,-1,1
7196,70,73,-3,3
7197,123,121,2,2
7198,86,83,3,3
7199,49,54,-5,5
7200,113,107,6,6
7201,100,93,7,7
7202,131,125,6,6
7203,93,91,2,2
7204,92,84,8,8
7205,73,72,1,1
7206,61,61,0,0
7207,72,69,3,3
7208,91,86,5,5
7209,86,84,2,2
7210,82,77,5,5
7211,179,170,9,9
7212,121,106,15,15
7213,58,58,0,0
7214,83,72,11,11
7215,100,81,19,19
7216,84,78,6,6
7217,76,74,2,2
7218,83,74,9,9
7219,81,81,0,0
7220,119,114,5,5
7221,160,147,13,13
7222,97,100,-3,3
7223,143,155,-12,12
7224,49,57,-8,8
7225,188,160,28,28
7226,79,82,-3,3
7227,62,67,-5,5
7228,71,66,5,5
7229,114,124,-10,10
7230,167,165,2,2
7231,100,87,13,13
7232,90,80,10,10
7233,106,108,-2,2
7234,129,127,2,2
7235,81,78,3,3
7236,52,55,-3,3
7237,86,82,4,4
7238,92,104,-12,12
7239,59,65,-6,6
7240,98,100,-2,2
7241,94,89,5,5
7242,173,161,12,12
7243,82,92,-10,10
7244,121,110,11,11
7245,84,72,12,12
7246,44,44,0,0
7247,88,97,-9,9
7248,91,85,6,6
7249,97,88,9,9
7250,46,50,-4,4
7251,114,102,12,12
7252,108,100,8,8
7253,66,65,1,1
7254,71,71,0,0
7255,76,77,-1,1
7256,159,151,8,8
7257,39,59,-20,20
7258,47,54,-7,7
7259,142,116,26,26
7260,124,127,-3,3
7261,109,106,3,3
7262,110,110,0,0
7263,59,55,4,4
7264,107,95,12,12
7265,59,59,0,0
7266,93,93,0,0
7267,96,101,-5,5
7268,40,63,-23,23
7269,124,119,5,5
7270,90,75,15,15
7271,52,56,-4,4
7272,95,87,8,8
7273,81,83,-2,2
7274,171,151,20,20
7275,78,68,10,10
7276,97,81,16,16
7277,82,88,-6,6
7278,93,90,3,3
7279,106,107,-1,1
7280,129,115,14,14
7281,110,117,-7,7
7282,28,56,-28,28
7283,152,150,2,2
7284,113,98,15,15
7285,62,57,5,5
7286,51,55,-4,4
7287,167,162,5,5
7288,60,52,8,8
7289,176,164,12,12
7290,139,133,6,6
7291,193,183,10,10
7292,78,79,-1,1
7293,76,74,2,2
7294,80,74,6,6
7295,86,99,-13,13
7296,102,93,9,9
7297,51,48,3,3
7298,32,43,-11,11
7299,133,112,21,21
7300,160,145,15,15
7301,75,75,0,0
7302,84,76,8,8
7303,85,85,0,0
7304,89,90,-1,1
7305,69,66,3,3
7306,113,109,4,4
7307,69,65,4,4
7308,76,80,-4,4
7309,56,77,-21,21
7310,86,79,7,7
7311,92,96,-4,4
7312,54,57,-3,3
7313,100,91,9,9
7314,37,57,-20,20
7315,140,132,8,8
7316,57,74,-17,17
7317,83,85,-2,2
7318,75,67,8,8
7319,59,61,-2,2
7320,99,117,-18,18
7321,108,100,8,8
7322,93,95,-2,2
7323,78,83,-5,5
7324,166,160,6,6
7325,81,79,2,2
7326,80,77,3,3
7327,166,138,28,28
7328,56,54,2,2
7329,108,107,1,1
7330,88,85,3,3
7331,124,128,-4,4
7332,71,76,-5,5
7333,111,98,13,13
7334,77,88,-11,11
7335,84,76,8,8
7336,85,85,0,0
7337,103,89,14,14
7338,67,78,-11,11
7339,128,118,10,10
7340,54,52,2,2
7341,98,93,5,5
7342,115,127,-12,12
7343,80,75,5,5
7344,66,64,2,2
7345,84,80,4,4
7346,179,166,13,13
7347,70,75,-5,5
7348,93,97,-4,4
7349,139,150,-11,11
7350,136,120,16,16
7351,173,166,7,7
7352,112,98,14,14
7353,76,82,-6,6
7354,112,115,-3,3
7355,118,125,-7,7
7356,109,97,12,12
7357,101,103,-2,2
7358,105,92,13,13
7359,67,65,2,2
7360,131,118,13,13
7361,41,54,-13,13
7362,49,48,1,1
7363,113,109,4,4
7364,137,134,3,3
7365,96,99,-3,3
7366,68,70,-2,2
7367,110,122,-12,12
7368,70,73,-3,3
7369,155,159,-4,4
7370,58,53,5,5
7371,140,148,-8,8
7372,119,121,-2,2
7373,67,72,-5,5
7374,79,79,0,0
7375,68,68,0,0
7376,62,59,3,3
7377,48,54,-6,6
7378,104,104,0,0
7379,67,74,-7,7
7380,63,69,-6,6
7381,70,68,2,2
7382,83,86,-3,3
7383,66,67,-1,1
7384,67,81,-14,14
7385,54,56,-2,2
7386,144,139,5,5
7387,68,70,-2,2
7388,76,76,0,0
7389,62,58,4,4
7390,147,131,16,16
7391,80,96,-16,16
7392,53,60,-7,7
7393,73,69,4,4
7394,74,69,5,5
7395,63,67,-4,4
7396,111,109,2,2
7397,199,174,25,25
7398,90,88,2,2
7399,65,68,-3,3
7400,68,64,4,4
7401,81,80,1,1
7402,95,90,5,5
7403,83,84,-1,1
7404,99,84,15,15
7405,64,70,-6,6
7406,70,74,-4,4
7407,62,56,6,6
7408,60,66,-6,6
7409,84,87,-3,3
7410,63,64,-1,1
7411,91,92,-1,1
7412,53,69,-16,16
7413,114,106,8,8
7414,102,96,6,6
7415,80,67,13,13
7416,85,92,-7,7
7417,112,115,-3,3
7418,86,84,2,2
7419,61,66,-5,5
7420,118,108,10,10
7421,108,87,21,21
7422,179,153,26,26
7423,87,87,0,0
7424,185,162,23,23
7425,91,89,2,2
7426,73,82,-9,9
7427,63,54,9,9
7428,159,140,19,19
7429,146,141,5,5
7430,75,81,-6,6
7431,73,75,-2,2
7432,107,95,12,12
7433,93,86,7,7
7434,89,95,-6,6
7435,82,96,-14,14
7436,79,76,3,3
7437,50,55,-5,5
7438,69,70,-1,1
7439,89,91,-2,2
7440,145,145,0,0
7441,84,87,-3,3
7442,115,118,-3,3
7443,103,117,-14,14
7444,90,96,-6,6
7445,57,52,5,5
7446,118,99,19,19
7447,99,99,0,0
7448,124,110,14,14
7449,102,111,-9,9
7450,97,94,3,3
7451,64,66,-2,2
7452,78,68,10,10
7453,121,118,3,3
7454,163,148,15,15
7455,63,60,3,3
7456,53,63,-10,10
7457,71,72,-1,1
7458,79,81,-2,2
7459,102,103,-1,1
7460,130,122,8,8
7461,114,105,9,9
7462,118,121,-3,3
7463,93,90,3,3
7464,78,70,8,8
7465,87,89,-2,2
7466,107,94,13,13
7467,105,99,6,6
7468,135,121,14,14
7469,64,64,0,0
7470,80,76,4,4
7471,79,84,-5,5
7472,156,152,4,4
7473,123,126,-3,3
7474,81,89,-8,8
7475,91,92,-1,1
7476,184,160,24,24
7477,62,71,-9,9
7478,76,80,-4,4
7479,112,105,7,7
7480,60,68,-8,8
7481,103,96,7,7
7482,83,83,0,0
7483,69,71,-2,2
7484,206,188,18,18
7485,78,78,0,0
7486,82,74,8,8
7487,81,84,-3,3
7488,39,42,-3,3
7489,109,106,3,3
7490,32,58,-26,26
7491,65,70,-5,5
7492,88,84,4,4
7493,94,98,-4,4
7494,87,89,-2,2
7495,74,67,7,7
7496,88,83,5,5
7497,103,107,-4,4
7498,72,65,7,7
7499,83,86,-3,3
7500,197,202,-5,5
7501,41,44,-3,3
7502,76,76,0,0
7503,129,111,18,18
7504,40,66,-26,26
7505,136,134,2,2
7506,62,60,2,2
7507,66,68,-2,2
7508,106,114,-8,8
7509,62,63,-1,1
7510,109,99,10,10
7511,136,122,14,14
7512,100,92,8,8
7513,160,149,11,11
7514,105,99,6,6
7515,122,112,10,10
7516,98,95,3,3
7517,78,70,8,8
7518,75,76,-1,1
7519,67,71,-4,4
7520,56,59,-3,3
7521,60,54,6,6
7522,38,43,-5,5
7523,53,57,-4,4
7524,57,73,-16,16
7525,113,104,9,9
7526,83,78,5,5
7527,81,70,11,11
7528,136,137,-1,1
7529,78,74,4,4
7530,89,84,5,5
7531,86,86,0,0
7532,68,73,-5,5
7533,156,149,7,7
7534,85,79,6,6
7535,126,121,5,5
7536,57,69,-12,12
7537,114,112,2,2
7538,113,101,12,12
7539,75,82,-7,7
7540,130,119,11,11
7541,79,66,13,13
7542,112,105,7,7
7543,120,119,1,1
7544,76,78,-2,2
7545,86,83,3,3
7546,60,58,2,2
7547,52,59,-7,7
7548,80,69,11,11
7549,136,123,13,13
7550,71,77,-6,6
7551,152,150,2,2
7552,59,66,-7,7
7553,88,81,7,7
7554,71,69,2,2
7555,71,65,6,6
7556,88,92,-4,4
7557,44,51,-7,7
7558,95,99,-4,4
7559,99,90,9,9
7560,74,83,-9,9
7561,148,132,16,16
7562,74,71,3,3
7563,103,85,18,18
7564,70,66,4,4
7565,128,112,16,16
7566,70,73,-3,3
7567,69,74,-5,5
7568,95,75,20,20
7569,125,118,7,7
7570,87,91,-4,4
7571,130,125,5,5
7572,105,116,-11,11
7573,96,85,11,11
7574,90,87,3,3
7575,52,52,0,0
7576,77,91,-14,14
7577,143,132,11,11
7578,97,106,-9,9
7579,81,82,-1,1
7580,55,51,4,4
7581,122,130,-8,8
7582,59,64,-5,5
7583,106,100,6,6
7584,146,130,16,16
7585,62,62,0,0
7586,122,113,9,9
7587,166,150,16,16
7588,76,71,5,5
7589,82,83,-1,1
7590,114,108,6,6
7591,113,118,-5,5
7592,94,93,1,1
7593,113,110,3,3
7594,79,80,-1,1
7595,106,101,5,5
7596,123,118,5,5
7597,118,109,9,9
7598,80,74,6,6
7599,94,91,3,3
7600,89,80,9,9
7601,64,56,8,8
7602,113,110,3,3
7603,137,128,9,9
7604,53,102,-49,49
7605,133,127,6,6
7606,65,89,-24,24
7607,78,84,-6,6
7608,40,45,-5,5
7609,60,65,-5,5
7610,52,53,-1,1
7611,136,125,11,11
7612,155,150,5,5
7613,94,98,-4,4
7614,75,80,-5,5
7615,36,43,-7,7
7616,132,118,14,14
7617,117,108,9,9
7618,136,142,-6,6
7619,141,119,22,22
7620,65,68,-3,3
7621,96,82,14,14
7622,68,74,-6,6
7623,144,123,21,21
7624,148,142,6,6
7625,117,115,2,2
7626,60,71,-11,11
7627,98,95,3,3
7628,114,107,7,7
7629,139,116,23,23
7630,109,99,10,10
7631,69,78,-9,9
7632,105,96,9,9
7633,116,105,11,11
7634,72,67,5,5
7635,74,80,-6,6
7636,102,101,1,1
7637,62,52,10,10
7638,36,39,-3,3
7639,94,87,7,7
7640,78,79,-1,1
7641,150,131,19,19
7642,81,76,5,5
7643,154,150,4,4
7644,115,114,1,1
7645,44,54,-10,10
7646,88,89,-1,1
7647,80,77,3,3
7648,75,72,3,3
7649,58,51,7,7
7650,124,117,7,7
7651,90,86,4,4
7652,117,106,11,11
7653,93,85,8,8
7654,133,126,7,7
7655,71,63,8,8
7656,82,83,-1,1
7657,66,70,-4,4
7658,69,70,-1,1
7659,112,102,10,10
7660,114,103,11,11
7661,81,66,15,15
7662,110,111,-1,1
7663,76,73,3,3
7664,97,99,-2,2
7665,83,84,-1,1
7666,73,73,0,0
7667,109,104,5,5
7668,67,67,0,0
7669,101,104,-3,3
7670,74,69,5,5
7671,122,112,10,10
7672,51,61,-10,10
7673,80,87,-7,7
7674,118,110,8,8
7675,87,80,7,7
7676,84,79,5,5
7677,135,119,16,16
7678,51,97,-46,46
7679,121,102,19,19
7680,60,60,0,0
7681,150,142,8,8
7682,41,47,-6,6
7683,55,54,1,1
7684,149,129,20,20
7685,136,130,6,6
7686,121,98,23,23
7687,121,115,6,6
7688,50,64,-14,14
7689,61,59,2,2
7690,129,117,12,12
7691,83,94,-11,11
7692,83,92,-9,9
7693,77,72,5,5
7694,110,97,13,13
7695,110,91,19,19
7696,108,113,-5,5
7697,95,100,-5,5
7698,91,84,7,7
7699,99,91,8,8
7700,105,105,0,0
7701,104,126,-22,22
7702,82,79,3,3
7703,68,69,-1,1
7704,77,75,2,2
7705,103,96,7,7
7706,87,87,0,0
7707,55,53,2,2
7708,94,90,4,4
7709,67,65,2,2
7710,75,87,-12,12
7711,137,134,3,3
7712,69,71,-2,2
7713,67,65,2,2
7714,77,87,-10,10
7715,68,71,-3,3
7716,117,111,6,6
7717,109,109,0,0
7718,164,141,23,23
7719,102,114,-12,12
7720,77,82,-5,5
7721,71,96,-25,25
7722,71,74,-3,3
7723,146,124,22,22
7724,40,41,-1,1
7725,121,110,11,11
7726,86,77,9,9
7727,99,93,6,6
7728,68,75,-7,7
7729,89,72,17,17
7730,71,79,-8,8
7731,72,70,2,2
7732,49,48,1,1
7733,155,119,36,36
7734,145,145,0,0
7735,102,106,-4,4
7736,131,121,10,10
7737,101,82,19,19
7738,61,65,-4,4
7739,108,110,-2,2
7740,62,68,-6,6
7741,93,87,6,6
7742,84,80,4,4
7743,56,94,-38,38
7744,143,131,12,12
7745,145,132,13,13
7746,103,96,7,7
7747,88,89,-1,1
7748,96,94,2,2
7749,63,58,5,5
7750,88,93,-5,5
7751,50,65,-15,15
7752,106,104,2,2
7753,89,75,14,14
7754,101,108,-7,7
7755,134,121,13,13
7756,91,86,5,5
7757,134,139,-5,5
7758,79,81,-2,2
7759,161,146,15,15
7760,127,123,4,4
7761,88,88,0,0
7762,61,67,-6,6
7763,60,74,-14,14
7764,102,89,13,13
7765,140,143,-3,3
7766,69,72,-3,3
7767,101,105,-4,4
7768,175,166,9,9
7769,129,138,-9,9
7770,115,113,2,2
7771,88,98,-10,10
7772,79,81,-2,2
7773,102,102,0,0
7774,43,47,-4,4
7775,97,96,1,1
7776,132,135,-3,3
7777,58,61,-3,3
7778,89,92,-3,3
7779,90,92,-2,2
7780,98,103,-5,5
7781,102,101,1,1
7782,88,86,2,2
7783,106,99,7,7
7784,99,94,5,5
7785,151,141,10,10
7786,111,112,-1,1
7787,65,66,-1,1
7788,71,76,-5,5
7789,79,92,-13,13
7790,65,65,0,0
7791,136,123,13,13
7792,151,150,1,1
7793,108,106,2,2
7794,121,107,14,14
7795,54,66,-12,12
7796,96,101,-5,5
7797,98,88,10,10
7798,62,68,-6,6
7799,78,81,-3,3
7800,97,96,1,1
7801,80,76,4,4
7802,65,67,-2,2
7803,74,74,0,0
7804,118,116,2,2
7805,109,96,13,13
7806,99,97,2,2
7807,78,84,-6,6
7808,59,70,-11,11
7809,84,91,-7,7
7810,108,108,0,0
7811,89,90,-1,1
7812,119,102,17,17
7813,182,160,22,22
7814,133,107,26,26
7815,90,95,-5,5
7816,144,150,-6,6
7817,109,104,5,5
7818,154,133,21,21
7819,54,52,2,2
7820,59,63,-4,4
7821,120,116,4,4
7822,113,118,-5,5
7823,90,83,7,7
7824,119,103,16,16
7825,72,73,-1,1
7826,173,160,13,13
7827,252,215,37,37
7828,123,131,-8,8
7829,178,167,11,11
7830,207,175,32,32
7831,86,89,-3,3
7832,61,59,2,2
7833,82,86,-4,4
7834,77,75,2,2
7835,90,83,7,7
7836,85,104,-19,19
7837,133,140,-7,7
7838,67,68,-1,1
7839,71,79,-8,8
7840,118,121,-3,3
7841,168,164,4,4
7842,101,101,0,0
7843,126,115,11,11
7844,127,119,8,8
7845,197,178,19,19
7846,67,70,-3,3
7847,59,57,2,2
7848,139,128,11,11
7849,84,85,-1,1
7850,75,76,-1,1
7851,124,118,6,6
7852,61,64,-3,3
7853,78,76,2,2
7854,102,89,13,13
7855,50,46,4,4
7856,72,83,-11,11
7857,98,105,-7,7
7858,109,99,10,10
7859,97,86,11,11
7860,79,73,6,6
7861,73,74,-1,1
7862,114,104,10,10
7863,118,111,7,7
7864,101,98,3,3
7865,103,98,5,5
7866,49,51,-2,2
7867,49,55,-6,6
7868,37,47,-10,10
7869,121,116,5,5
7870,69,73,-4,4
7871,126,124,2,2
7872,91,87,4,4
7873,119,111,8,8
7874,105,103,2,2
7875,129,121,8,8
7876,83,79,4,4
7877,99,94,5,5
7878,106,109,-3,3
7879,67,66,1,1
7880,132,130,2,2
7881,110,92,18,18
7882,72,68,4,4
7883,126,120,6,6
7884,129,140,-11,11
7885,74,72,2,2
7886,131,124,7,7
7887,97,96,1,1
7888,118,120,-2,2
7889,124,115,9,9
7890,66,68,-2,2
7891,99,101,-2,2
7892,93,86,7,7
7893,169,162,7,7
7894,109,115,-6,6
7895,194,174,20,20
7896,131,120,11,11
7897,67,67,0,0
7898,102,99,3,3
7899,126,119,7,7
7900,166,165,1,1
7901,52,62,-10,10
7902,129,138,-9,9
7903,175,160,15,15
7904,77,69,8,8
7905,52,50,2,2
7906,73,65,8,8
7907,97,96,1,1
7908,49,52,-3,3
7909,112,108,4,4
7910,108,112,-4,4
7911,91,83,8,8
7912,84,105,-21,21
7913,35,47,-12,12
7914,182,185,-3,3
7915,61,66,-5,5
7916,61,55,6,6
7917,79,76,3,3
7918,55,55,0,0
7919,64,67,-3,3
7920,142,128,14,14
7921,66,66,0,0
7922,74,79,-5,5
7923,150,136,14,14
7924,99,96,3,3
7925,106,108,-2,2
7926,72,80,-8,8
7927,121,111,10,10
7928,114,110,4,4
7929,75,72,3,3
7930,65,73,-8,8
7931,116,116,0,0
7932,99,92,7,7
7933,199,188,11,11
7934,60,60,0,0
7935,67,62,5,5
7936,81,81,0,0
7937,178,134,44,44
7938,70,80,-10,10
7939,131,115,16,16
7940,149,133,16,16
7941,70,68,2,2
7942,97,103,-6,6
7943,104,88,16,16
7944,73,74,-1,1
7945,74,79,-5,5
7946,87,94,-7,7
7947,112,107,5,5
7948,126,113,13,13
7949,86,102,-16,16
7950,134,125,9,9
7951,117,95,22,22
7952,61,63,-2,2
7953,71,79,-8,8
7954,80,92,-12,12
7955,63,59,4,4
7956,70,66,4,4
7957,63,75,-12,12
7958,46,52,-6,6
7959,59,65,-6,6
7960,89,88,1,1
7961,134,126,8,8
7962,113,108,5,5
7963,73,85,-12,12
7964,122,111,11,11
7965,59,65,-6,6
7966,142,145,-3,3
7967,175,166,9,9
7968,61,56,5,5
7969,142,149,-7,7
7970,68,58,10,10
7971,51,58,-7,7
7972,94,94,0,0
7973,104,92,12,12
7974,85,84,1,1
7975,155,150,5,5
7976,157,161,-4,4
7977,115,110,5,5
7978,94,95,-1,1
7979,86,91,-5,5
7980,115,111,4,4
7981,85,83,2,2
7982,106,97,9,9
7983,64,64,0,0
7984,38,79,-41,41
7985,51,52,-1,1
7986,106,105,1,1
7987,101,106,-5,5
7988,46,51,-5,5
7989,85,77,8,8
7990,104,101,3,3
7991,95,97,-2,2
7992,130,120,10,10
7993,151,139,12,12
7994,57,59,-2,2
7995,93,95,-2,2
7996,69,66,3,3
7997,39,41,-2,2
7998,76,82,-6,6
7999,84,77,7,7
8000,41,44,-3,3
8001,45,55,-10,10
8002,68,68,0,0
8003,82,79,3,3
8004,68,71,-3,3
8005,73,67,6,6
8006,49,71,-22,22
8007,93,88,5,5
8008,75,71,4,4
8009,85,76,9,9
8010,103,99,4,4
8011,129,122,7,7
8012,116,114,2,2
8013,77,80,-3,3
8014,83,82,1,1
8015,104,95,9,9
8016,124,108,16,16
8017,89,88,1,1
8018,88,95,-7,7
8019,49,65,-16,16
8020,104,104,0,0
8021,107,100,7,7
8022,125,122,3,3
8023,57,65,-8,8
8024,104,95,9,9
8025,51,69,-18,18
8026,86,79,7,7
8027,96,99,-3,3
8028,190,172,18,18
8029,84,89,-5,5
8030,105,102,3,3
8031,94,93,1,1
8032,74,74,0,0
8033,100,91,9,9
8034,126,114,12,12
8035,73,69,4,4
8036,83,85,-2,2
8037,141,124,17,17
8038,124,122,2,2
8039,79,83,-4,4
8040,135,123,12,12
8041,81,69,12,12
8042,137,134,3,3
8043,75,75,0,0
8044,54,67,-13,13
8045,102,97,5,5
8046,157,134,23,23
8047,93,90,3,3
8048,155,133,22,22
8049,71,68,3,3
8050,109,106,3,3
8051,60,65,-5,5
8052,57,72,-15,15
8053,113,108,5,5
8054,130,128,2,2
8055,71,83,-12,12
8056,92,88,4,4
8057,148,123,25,25
8058,117,102,15,15
8059,68,67,1,1
8060,161,147,14,14
8061,85,82,3,3
8062,65,62,3,3
8063,43,48,-5,5
8064,102,98,4,4
8065,69,65,4,4
8066,185,172,13,13
8067,133,126,7,7
8068,104,103,1,1
8069,105,104,1,1
8070,120,111,9,9
8071,85,79,6,6
8072,73,61,12,12
8073,158,159,-1,1
8074,76,73,3,3
8075,87,70,17,17
8076,148,127,21,21
8077,85,87,-2,2
8078,98,82,16,16
8079,66,73,-7,7
8080,100,98,2,2
8081,110,109,1,1
8082,86,89,-3,3
8083,119,120,-1,1
8084,75,69,6,6
8085,110,127,-17,17
8086,69,75,-6,6
8087,127,107,20,20
8088,98,91,7,7
8089,116,123,-7,7
8090,65,67,-2,2
8091,94,93,1,1
8092,58,55,3,3
8093,68,85,-17,17
8094,118,108,10,10
8095,27,39,-12,12
8096,74,68,6,6
8097,81,84,-3,3
8098,98,87,11,11
8099,56,54,2,2
8100,101,97,4,4
8101,128,117,11,11
8102,104,105,-1,1
8103,69,71,-2,2
8104,130,109,21,21
8105,121,116,5,5
8106,42,79,-37,37
8107,89,94,-5,5
8108,71,65,6,6
8109,129,114,15,15
8110,59,68,-9,9
8111,101,101,0,0
8112,102,102,0,0
8113,109,111,-2,2
8114,94,88,6,6
8115,108,110,-2,2
8116,102,94,8,8
8117,89,90,-1,1
8118,121,122,-1,1
8119,122,130,-8,8
8120,67,70,-3,3
8121,51,64,-13,13
8122,89,85,4,4
8123,88,94,-6,6
8124,131,111,20,20
8125,103,96,7,7
8126,151,166,-15,15
8127,134,139,-5,5
8128,108,105,3,3
8129,92,90,2,2
8130,65,57,8,8
8131,81,82,-1,1
8132,68,78,-10,10
8133,91,90,1,1
8134,114,105,9,9
8135,48,63,-15,15
8136,102,106,-4,4
8137,149,145,4,4
8138,108,105,3,3
8139,60,62,-2,2
8140,103,106,-3,3
8141,65,72,-7,7
8142,119,116,3,3
8143,104,109,-5,5
8144,64,65,-1,1
8145,48,55,-7,7
8146,55,53,2,2
8147,75,78,-3,3
8148,44,59,-15,15
8149,73,79,-6,6
8150,54,53,1,1
8151,54,61,-7,7
8152,52,55,-3,3
8153,95,83,12,12
8154,66,72,-6,6
8155,85,95,-10,10
8156,75,67,8,8
8157,95,104,-9,9
8158,95,87,8,8
8159,36,41,-5,5
8160,79,82,-3,3
8161,123,116,7,7
8162,81,69,12,12
8163,176,153,23,23
8164,60,51,9,9
8165,61,71,-10,10
8166,140,120,20,20
8167,127,117,10,10
8168,96,91,5,5
8169,99,89,10,10
8170,108,95,13,13
8171,58,63,-5,5
8172,51,64,-13,13
8173,95,89,6,6
8174,58,71,-13,13
8175,76,70,6,6
8176,116,106,10,10
8177,108,96,12,12
8178,168,148,20,20
8179,27,40,-13,13
8180,145,125,20,20
8181,53,60,-7,7
8182,67,68,-1,1
8183,92,87,5,5
8184,78,71,7,7
8185,113,111,2,2
8186,141,136,5,5
8187,136,123,13,13
8188,103,107,-4,4
8189,86,88,-2,2
8190,195,189,6,6
8191,75,74,1,1
8192,63,65,-2,2
8193,66,70,-4,4
8194,127,124,3,3
8195,122,110,12,12
8196,54,97,-43,43
8197,101,101,0,0
8198,93,76,17,17
8199,64,70,-6,6
8200,108,109,-1,1
8201,111,104,7,7
8202,77,68,9,9
8203,154,146,8,8
8204,94,84,10,10
8205,84,85,-1,1
8206,76,90,-14,14
8207,87,77,10,10
8208,126,111,15,15
8209,82,79,3,3
8210,82,82,0,0
8211,80,79,1,1
8212,126,128,-2,2
8213,64,66,-2,2
8214,142,124,18,18
8215,143,133,10,10
8216,127,133,-6,6
8217,76,81,-5,5
8218,57,69,-12,12
8219,109,94,15,15
8220,141,135,6,6
8221,129,120,9,9
8222,114,105,9,9
8223,83,81,2,2
8224,149,142,7,7
8225,47,53,-6,6
8226,88,84,4,4
8227,88,85,3,3
8228,105,103,2,2
8229,93,101,-8,8
8230,109,91,18,18
8231,87,84,3,3
8232,43,44,-1,1
8233,81,77,4,4
8234,101,81,20,20
8235,80,67,13,13
8236,112,109,3,3
8237,92,96,-4,4
8238,102,100,2,2
8239,71,67,4,4
8240,166,151,15,15
8241,98,91,7,7
8242,129,115,14,14
8243,79,87,-8,8
8244,109,98,11,11
8245,145,135,10,10
8246,166,151,15,15
8247,76,79,-3,3
8248,46,50,-4,4
8249,113,104,9,9
8250,75,84,-9,9
8251,86,77,9,9
8252,76,80,-4,4
8253,88,94,-6,6
8254,67,79,-12,12
8255,100,95,5,5
8256,71,83,-12,12
8257,59,64,-5,5
8258,181,167,14,14
8259,56,56,0,0
8260,114,92,22,22
8261,92,95,-3,3
8262,100,99,1,1
8263,75,90,-15,15
8264,188,168,20,20
8265,51,51,0,0
8266,84,92,-8,8
8267,171,182,-11,11
8268,66,65,1,1
8269,92,86,6,6
8270,122,120,2,2
8271,40,53,-13,13
8272,87,89,-2,2
8273,122,115,7,7
8274,98,88,10,10
8275,96,92,4,4
8276,120,111,9,9
8277,82,82,0,0
8278,88,85,3,3
8279,60,65,-5,5
8280,83,83,0,0
8281,81,69,12,12
8282,151,147,4,4
8283,187,173,14,14
8284,98,105,-7,7
8285,95,86,9,9
8286,77,77,0,0
8287,144,139,5,5
8288,81,82,-1,1
8289,91,89,2,2
8290,149,148,1,1
8291,99,112,-13,13
8292,96,85,11,11
8293,129,126,3,3
8294,63,60,3,3
8295,86,84,2,2
8296,64,71,-7,7
8297,74,65,9,9
8298,93,87,6,6
8299,85,79,6,6
8300,248,214,34,34
8301,91,92,-1,1
8302,58,61,-3,3
8303,93,82,11,11
8304,93,96,-3,3
8305,55,58,-3,3
8306,102,105,-3,3
8307,107,98,9,9
8308,79,80,-1,1
8309,84,77,7,7
8310,95,92,3,3
8311,110,105,5,5
8312,80,78,2,2
8313,44,55,-11,11
8314,96,91,5,5
8315,59,69,-10,10
8316,109,105,4,4
8317,198,186,12,12
8318,81,92,-11,11
8319,119,112,7,7
8320,106,102,4,4
8321,114,99,15,15
8322,51,56,-5,5
8323,110,104,6,6
8324,112,113,-1,1
8325,99,99,0,0
8326,80,74,6,6
8327,59,66,-7,7
8328,110,115,-5,5
8329,125,110,15,15
8330,137,123,14,14
8331,73,74,-1,1
8332,190,176,14,14
8333,137,137,0,0
8334,46,51,-5,5
8335,124,122,2,2
8336,87,82,5,5
8337,114,104,10,10
8338,83,82,1,1
8339,85,83,2,2
8340,142,152,-10,10
8341,108,96,12,12
8342,129,128,1,1
8343,107,96,11,11
8344,109,107,2,2
8345,144,141,3,3
8346,76,74,2,2
8347,38,58,-20,20
8348,157,152,5,5
8349,55,55,0,0
8350,99,101,-2,2
8351,153,139,14,14
8352,74,70,4,4
8353,74,76,-2,2
8354,78,76,2,2
8355,74,83,-9,9
8356,94,91,3,3
8357,112,98,14,14
8358,141,146,-5,5
8359,82,73,9,9
8360,160,154,6,6
8361,103,99,4,4
8362,110,103,7,7
8363,42,48,-6,6
8364,69,74,-5,5
8365,59,53,6,6
8366,98,93,5,5
8367,75,69,6,6
8368,58,58,0,0
8369,74,67,7,7
8370,108,106,2,2
8371,66,79,-13,13
8372,105,95,10,10
8373,46,64,-18,18
8374,55,55,0,0
8375,71,66,5,5
8376,115,108,7,7
8377,88,79,9,9
8378,47,46,1,1
8379,174,156,18,18
8380,94,87,7,7
8381,74,73,1,1
8382,84,78,6,6
8383,85,76,9,9
8384,65,58,7,7
8385,39,40,-1,1
8386,118,105,13,13
8387,101,91,10,10
8388,78,81,-3,3
8389,97,110,-13,13
8390,104,98,6,6
8391,98,89,9,9
8392,81,91,-10,10
8393,112,106,6,6
8394,98,95,3,3
8395,96,103,-7,7
8396,53,49,4,4
8397,67,80,-13,13
8398,70,73,-3,3
8399,114,99,15,15
8400,104,106,-2,2
8401,65,68,-3,3
8402,80,73,7,7
8403,96,83,13,13
8404,70,65,5,5
8405,105,102,3,3
8406,100,84,16,16
8407,160,141,19,19
8408,91,95,-4,4
8409,100,98,2,2
8410,119,99,20,20
8411,65,66,-1,1
8412,99,100,-1,1
8413,172,137,35,35
8414,83,78,5,5
8415,85,75,10,10
8416,69,66,3,3
8417,59,67,-8,8
8418,93,94,-1,1
8419,81,77,4,4
8420,75,76,-1,1
8421,62,62,0,0
8422,115,104,11,11
8423,107,140,-33,33
8424,105,103,2,2
8425,51,60,-9,9
8426,76,83,-7,7
8427,88,91,-3,3
8428,145,139,6,6
8429,114,113,1,1
8430,38,43,-5,5
8431,133,124,9,9
8432,74,71,3,3
8433,119,110,9,9
8434,96,89,7,7
8435,143,124,19,19
8436,60,60,0,0
8437,130,113,17,17
8438,120,108,12,12
8439,122,137,-15,15
8440,113,105,8,8
8441,68,76,-8,8
8442,98,93,5,5
8443,143,118,25,25
8444,77,74,3,3
8445,92,93,-1,1
8446,61,58,3,3
8447,74,78,-4,4
8448,94,81,13,13
8449,102,97,5,5
8450,118,108,10,10
8451,119,111,8,8
8452,193,175,18,18
8453,95,95,0,0
8454,89,89,0,0
8455,129,118,11,11
8456,124,112,12,12
8457,84,78,6,6
8458,76,77,-1,1
8459,55,56,-1,1
8460,143,134,9,9
8461,134,113,21,21
8462,88,89,-1,1
8463,132,129,3,3
8464,114,97,17,17
8465,71,72,-1,1
8466,79,72,7,7
8467,101,96,5,5
8468,134,133,1,1
8469,61,56,5,5
8470,81,77,4,4
8471,107,108,-1,1
8472,86,79,7,7
8473,83,81,2,2
8474,94,97,-3,3
8475,102,102,0,0
8476,110,120,-10,10
8477,137,134,3,3
8478,56,70,-14,14
8479,134,122,12,12
8480,80,86,-6,6
8481,46,49,-3,3
8482,111,109,2,2
8483,112,106,6,6
8484,121,115,6,6
8485,113,105,8,8
8486,91,96,-5,5
8487,47,53,-6,6
8488,65,66,-1,1
8489,56,71,-15,15
8490,83,85,-2,2
8491,85,89,-4,4
8492,102,94,8,8
8493,80,80,0,0
8494,110,101,9,9
8495,141,139,2,2
8496,90,89,1,1
8497,73,71,2,2
8498,60,57,3,3
8499,178,148,30,30
8500,124,130,-6,6
8501,108,99,9,9
8502,100,97,3,3
8503,78,81,-3,3
8504,115,114,1,1
8505,127,128,-1,1
8506,47,46,1,1
8507,58,64,-6,6
8508,151,133,18,18
8509,104,91,13,13
8510,56,66,-10,10
8511,79,86,-7,7
8512,67,71,-4,4
8513,109,106,3,3
8514,83,74,9,9
8515,101,79,22,22
8516,78,84,-6,6
8517,101,130,-29,29
8518,64,75,-11,11
8519,69,71,-2,2
8520,81,81,0,0
8521,185,172,13,13
8522,89,78,11,11
8523,137,116,21,21
8524,98,93,5,5
8525,185,166,19,19
8526,62,84,-22,22
8527,135,126,9,9
8528,140,127,13,13
8529,166,166,0,0
8530,68,75,-7,7
8531,100,108,-8,8
8532,122,131,-9,9
8533,105,102,3,3
8534,129,123,6,6
8535,117,109,8,8
8536,74,77,-3,3
8537,91,86,5,5
8538,96,94,2,2
8539,96,95,1,1
8540,76,82,-6,6
8541,106,94,12,12
8542,71,65,6,6
8543,43,51,-8,8
8544,88,83,5,5
8545,79,92,-13,13
8546,104,94,10,10
8547,82,84,-2,2
8548,112,115,-3,3
8549,104,105,-1,1
8550,55,55,0,0
8551,90,87,3,3
8552,47,61,-14,14
8553,111,96,15,15
8554,127,120,7,7
8555,67,76,-9,9
8556,163,145,18,18
8557,154,147,7,7
8558,63,68,-5,5
8559,50,58,-8,8
8560,56,65,-9,9
8561,104,107,-3,3
8562,80,87,-7,7
8563,83,76,7,7
8564,64,65,-1,1
8565,55,55,0,0
8566,84,73,11,11
8567,130,118,12,12
8568,85,86,-1,1
8569,109,103,6,6
8570,153,135,18,18
8571,104,104,0,0
8572,129,120,9,9
8573,106,100,6,6
8574,173,166,7,7
8575,93,90,3,3
8576,93,86,7,7
8577,99,96,3,3
8578,66,67,-1,1
8579,98,95,3,3
8580,110,134,-24,24
8581,50,65,-15,15
8582,104,101,3,3
8583,110,100,10,10
8584,60,76,-16,16
8585,102,97,5,5
8586,87,83,4,4
8587,133,129,4,4
8588,133,129,4,4
8589,122,102,20,20
8590,92,88,4,4
8591,139,130,9,9
8592,52,51,1,1
8593,83,92,-9,9
8594,91,84,7,7
8595,65,65,0,0
8596,113,113,0,0
8597,77,80,-3,3
8598,161,141,20,20
8599,92,90,2,2
8600,180,146,34,34
8601,77,76,1,1
8602,109,102,7,7
8603,81,84,-3,3
8604,98,102,-4,4
8605,54,52,2,2
8606,126,121,5,5
8607,91,94,-3,3
8608,77,82,-5,5
8609,124,114,10,10
8610,78,80,-2,2
8611,189,158,31,31
8612,80,79,1,1
8613,159,141,18,18
8614,73,81,-8,8
8615,90,95,-5,5
8616,62,62,0,0
8617,90,85,5,5
8618,134,135,-1,1
8619,121,98,23,23
8620,87,83,4,4
8621,59,62,-3,3
8622,89,97,-8,8
8623,105,104,1,1
8624,97,90,7,7
8625,110,101,9,9
8626,141,118,23,23
8627,85,83,2,2
8628,132,128,4,4
8629,89,85,4,4
8630,75,79,-4,4
8631,81,75,6,6
8632,77,70,7,7
8633,104,94,10,10
8634,132,138,-6,6
8635,136,120,16,16
8636,82,85,-3,3
8637,85,86,-1,1
8638,76,76,0,0
8639,109,126,-17,17
8640,51,62,-11,11
8641,85,90,-5,5
8642,58,60,-2,2
8643,161,159,2,2
8644,85,90,-5,5
8645,61,55,6,6
8646,82,82,0,0
8647,114,114,0,0
8648,113,104,9,9
8649,82,77,5,5
8650,128,116,12,12
8651,113,112,1,1
8652,61,71,-10,10
8653,85,74,11,11
8654,112,100,12,12
8655,76,84,-8,8
8656,89,84,5,5
8657,142,127,15,15
8658,81,78,3,3
8659,143,142,1,1
8660,94,89,5,5
8661,134,105,29,29
8662,59,56,3,3
8663,55,63,-8,8
8664,75,82,-7,7
8665,87,89,-2,2
8666,69,57,12,12
8667,104,98,6,6
8668,57,49,8,8
8669,68,66,2,2
8670,169,156,13,13
8671,114,115,-1,1
8672,92,87,5,5
8673,97,87,10,10
8674,121,117,4,4
8675,89,74,15,15
8676,116,113,3,3
8677,93,98,-5,5
8678,116,103,13,13
8679,125,122,3,3
8680,82,105,-23,23
8681,50,49,1,1
8682,46,57,-11,11
8683,45,51,-6,6
8684,120,116,4,4
8685,93,88,5,5
8686,102,101,1,1
8687,126,118,8,8
8688,108,124,-16,16
8689,110,102,8,8
8690,101,96,5,5
8691,73,73,0,0
8692,58,55,3,3
8693,113,104,9,9
8694,136,137,-1,1
8695,64,66,-2,2
8696,125,154,-29,29
8697,88,81,7,7
8698,92,85,7,7
8699,106,99,7,7
8700,90,100,-10,10
8701,85,86,-1,1
8702,80,73,7,7
8703,110,102,8,8
8704,80,77,3,3
8705,117,106,11,11
8706,47,64,-17,17
8707,112,102,10,10
8708,84,83,1,1
8709,116,106,10,10
8710,61,68,-7,7
8711,82,78,4,4
8712,164,137,27,27
8713,125,118,7,7
8714,80,83,-3,3
8715,66,66,0,0
8716,61,66,-5,5
8717,82,102,-20,20
8718,81,86,-5,5
8719,143,126,17,17
8720,145,125,20,20
8721,75,69,6,6
8722,60,80,-20,20
8723,86,88,-2,2
8724,99,101,-2,2
8725,112,107,5,5
8726,98,94,4,4
8727,96,93,3,3
8728,64,70,-6,6
8729,62,65,-3,3
8730,123,128,-5,5
8731,83,85,-2,2
8732,101,96,5,5
8733,27,38,-11,11
8734,167,157,10,10
8735,149,146,3,3
8736,94,89,5,5
8737,155,142,13,13
8738,39,44,-5,5
8739,62,65,-3,3
8740,81,72,9,9
8741,58,59,-1,1
8742,74,79,-5,5
8743,139,139,0,0
8744,74,78,-4,4
8745,84,86,-2,2
8746,155,117,38,38
8747,114,111,3,3
8748,152,222,-70,70
8749,104,91,13,13
8750,92,101,-9,9
8751,55,64,-9,9
8752,91,87,4,4
8753,90,80,10,10
8754,86,84,2,2
8755,76,99,-23,23
8756,86,90,-4,4
8757,49,46,3,3
8758,105,105,0,0
8759,67,69,-2,2
8760,96,117,-21,21
8761,105,105,0,0
8762,98,90,8,8
8763,114,110,4,4
8764,114,113,1,1
8765,103,115,-12,12
8766,128,122,6,6
8767,110,96,14,14
8768,89,78,11,11
8769,67,64,3,3
8770,136,117,19,19
8771,154,141,13,13
8772,62,77,-15,15
8773,109,103,6,6
8774,91,89,2,2
8775,63,64,-1,1
8776,172,154,18,18
8777,93,82,11,11
8778,81,79,2,2
8779,87,91,-4,4
8780,49,67,-18,18
8781,157,155,2,2
8782,87,83,4,4
8783,61,84,-23,23
8784,60,60,0,0
8785,129,122,7,7
8786,75,70,5,5
8787,86,90,-4,4
8788,37,44,-7,7
8789,110,109,1,1
8790,124,114,10,10
8791,65,68,-3,3
8792,148,146,2,2
8793,73,82,-9,9
8794,105,106,-1,1
8795,70,76,-6,6
8796,63,70,-7,7
8797,71,68,3,3
8798,71,76,-5,5
8799,68,74,-6,6
8800,96,87,9,9
8801,87,80,7,7
8802,88,86,2,2
8803,69,65,4,4
8804,83,85,-2,2
8805,72,82,-10,10
8806,98,101,-3,3
8807,126,114,12,12
8808,45,55,-10,10
8809,52,51,1,1
8810,103,103,0,0
8811,77,71,6,6
8812,83,77,6,6
8813,73,65,8,8
8814,108,104,4,4
8815,73,81,-8,8
8816,80,80,0,0
8817,57,58,-1,1
8818,63,65,-2,2
8819,24,35,-11,11
8820,89,73,16,16
8821,61,66,-5,5
8822,97,95,2,2
8823,85,86,-1,1
8824,143,139,4,4
8825,129,119,10,10
8826,75,81,-6,6
8827,71,77,-6,6
8828,92,87,5,5
8829,72,69,3,3
8830,91,79,12,12
8831,83,70,13,13
8832,75,80,-5,5
8833,66,66,0,0
8834,43,52,-9,9
8835,127,117,10,10
8836,125,126,-1,1
8837,44,46,-2,2
8838,51,59,-8,8
8839,54,54,0,0
8840,203,219,-16,16
8841,127,115,12,12
8842,102,96,6,6
8843,81,80,1,1
8844,69,67,2,2
8845,121,117,4,4
8846,85,78,7,7
8847,125,111,14,14
8848,138,121,17,17
8849,191,158,33,33
8850,92,96,-4,4
8851,94,89,5,5
8852,128,121,7,7
8853,35,49,-14,14
8854,104,98,6,6
8855,86,76,10,10
8856,132,120,12,12
8857,89,84,5,5
8858,48,52,-4,4
8859,75,65,10,10
8860,80,67,13,13
8861,100,94,6,6
8862,115,109,6,6
8863,135,125,10,10
8864,88,93,-5,5
8865,108,99,9,9
8866,141,142,-1,1
8867,81,82,-1,1
8868,147,142,5,5
8869,94,87,7,7
8870,86,83,3,3
8871,125,118,7,7
8872,62,63,-1,1
8873,82,83,-1,1
8874,123,112,11,11
8875,80,77,3,3
8876,108,96,12,12
8877,91,81,10,10
8878,124,115,9,9
8879,93,105,-12,12
8880,141,152,-11,11
8881,97,71,26,26
8882,177,159,18,18
8883,80,83,-3,3
8884,133,149,-16,16
8885,98,104,-6,6
8886,104,92,12,12
8887,64,65,-1,1
8888,170,152,18,18
8889,91,92,-1,1
8890,98,93,5,5
8891,125,112,13,13
8892,65,69,-4,4
8893,86,90,-4,4
8894,75,65,10,10
8895,72,72,0,0
8896,53,69,-16,16
8897,93,81,12,12
8898,69,70,-1,1
8899,95,85,10,10
8900,76,79,-3,3
8901,73,73,0,0
8902,56,53,3,3
8903,92,88,4,4
8904,43,54,-11,11
8905,60,59,1,1
8906,74,81,-7,7
8907,85,90,-5,5
8908,91,91,0,0
8909,92,86,6,6
8910,91,87,4,4
8911,60,69,-9,9
8912,142,143,-1,1
8913,127,131,-4,4
8914,87,88,-1,1
8915,130,143,-13,13
8916,104,96,8,8
8917,62,64,-2,2
8918,125,121,4,4
8919,96,172,-76,76
8920,170,142,28,28
8921,103,119,-16,16
8922,185,163,22,22
8923,80,78,2,2
8924,56,65,-9,9
8925,105,114,-9,9
8926,63,65,-2,2
8927,88,93,-5,5
8928,79,83,-4,4
8929,60,74,-14,14
8930,84,85,-1,1
8931,123,126,-3,3
8932,107,102,5,5
8933,94,95,-1,1
8934,70,71,-1,1
8935,141,117,24,24
8936,56,47,9,9
8937,166,158,8,8
8938,120,100,20,20
8939,137,122,15,15
8940,88,103,-15,15
8941,127,97,30,30
8942,157,146,11,11
8943,130,133,-3,3
8944,106,106,0,0
8945,131,130,1,1
8946,54,56,-2,2
8947,132,123,9,9
8948,80,78,2,2
8949,81,86,-5,5
8950,128,111,17,17
8951,36,46,-10,10
8952,106,108,-2,2
8953,85,85,0,0
8954,64,67,-3,3
8955,81,79,2,2
8956,120,114,6,6
8957,130,118,12,12
8958,99,88,11,11
8959,70,65,5,5
8960,78,70,8,8
8961,112,111,1,1
8962,82,79,3,3
8963,184,154,30,30
8964,129,135,-6,6
8965,111,104,7,7
8966,99,106,-7,7
8967,51,61,-10,10
8968,102,95,7,7
8969,66,68,-2,2
8970,74,76,-2,2
8971,129,126,3,3
8972,54,57,-3,3
8973,117,129,-12,12
8974,120,112,8,8
8975,73,77,-4,4
8976,177,162,15,15
8977,157,147,10,10
8978,77,77,0,0
8979,55,60,-5,5
8980,132,119,13,13
8981,180,159,21,21
8982,72,67,5,5
8983,88,95,-7,7
8984,71,76,-5,5
8985,85,79,6,6
8986,51,48,3,3
8987,61,66,-5,5
8988,76,67,9,9
8989,90,91,-1,1
8990,64,74,-10,10
8991,67,81,-14,14
8992,95,91,4,4
8993,46,48,-2,2
8994,92,83,9,9
8995,121,135,-14,14
8996,93,92,1,1
8997,92,94,-2,2
8998,52,56,-4,4
8999,112,113,-1,1
9000,66,99,-33,33
9001,76,69,7,7
9002,157,146,11,11
9003,75,74,1,1
9004,68,67,1,1
9005,64,67,-3,3
9006,135,119,16,16
9007,107,100,7,7
9008,79,96,-17,17
9009,82,83,-1,1
9010,101,89,12,12
9011,142,159,-17,17
9012,108,104,4,4
9013,93,98,-5,5
9014,111,114,-3,3
9015,111,105,6,6
9016,101,86,15,15
9017,67,68,-1,1
9018,58,55,3,3
9019,117,108,9,9
9020,100,93,7,7
9021,96,89,7,7
9022,106,102,4,4
9023,82,80,2,2
9024,57,63,-6,6
9025,95,87,8,8
9026,92,86,6,6
9027,78,79,-1,1
9028,85,78,7,7
9029,46,43,3,3
9030,60,66,-6,6
9031,68,74,-6,6
9032,90,84,6,6
9033,106,102,4,4
9034,72,69,3,3
9035,91,86,5,5
9036,142,132,10,10
9037,63,57,6,6
9038,55,53,2,2
9039,112,106,6,6
9040,165,161,4,4
9041,80,80,0,0
9042,58,55,3,3
9043,96,102,-6,6
9044,69,71,-2,2
9045,85,94,-9,9
9046,74,74,0,0
9047,148,134,14,14
9048,61,56,5,5
9049,114,112,2,2
9050,117,111,6,6
9051,87,87,0,0
9052,148,138,10,10
9053,129,120,9,9
9054,100,90,10,10
9055,79,77,2,2
9056,84,82,2,2
9057,75,71,4,4
9058,101,97,4,4
9059,74,78,-4,4
9060,98,84,14,14
9061,97,97,0,0
9062,58,53,5,5
9063,104,94,10,10
9064,122,115,7,7
9065,33,43,-10,10
9066,62,56,6,6
9067,59,62,-3,3
9068,66,75,-9,9
9069,112,104,8,8
9070,109,97,12,12
9071,67,67,0,0
9072,157,173,-16,16
9073,147,143,4,4
9074,114,108,6,6
9075,45,42,3,3
9076,71,78,-7,7
9077,135,123,12,12
9078,64,56,8,8
9079,101,104,-3,3
9080,93,94,-1,1
9081,92,85,7,7
9082,128,122,6,6
9083,90,79,11,11
9084,113,100,13,13
9085,62,61,1,1
9086,66,60,6,6
9087,69,72,-3,3
9088,90,86,4,4
9089,69,61,8,8
9090,87,86,1,1
9091,70,82,-12,12
9092,88,86,2,2
9093,60,66,-6,6
9094,172,147,25,25
9095,94,92,2,2
9096,53,60,-7,7
9097,81,77,4,4
9098,103,106,-3,3
9099,146,135,11,11
9100,93,91,2,2
9101,106,108,-2,2
9102,115,103,12,12
9103,171,155,16,16
9104,80,77,3,3
9105,89,79,10,10
9106,75,81,-6,6
9107,197,176,21,21
9108,52,65,-13,13
9109,56,61,-5,5
9110,76,72,4,4
9111,136,134,2,2
9112,127,127,0,0
9113,102,100,2,2
9114,100,96,4,4
9115,154,139,15,15
9116,127,130,-3,3
9117,115,106,9,9
9118,69,76,-7,7
9119,113,98,15,15
9120,116,113,3,3
9121,92,93,-1,1
9122,95,100,-5,5
9123,81,74,7,7
9124,81,83,-2,2
9125,148,142,6,6
9126,94,89,5,5
9127,117,115,2,2
9128,47,49,-2,2
9129,100,89,11,11
9130,133,122,11,11
9131,79,97,-18,18
9132,147,134,13,13
9133,62,66,-4,4
9134,77,82,-5,5
9135,154,140,14,14
9136,112,111,1,1
9137,65,65,0,0
9138,42,48,-6,6
9139,114,116,-2,2
9140,114,108,6,6
9141,77,69,8,8
9142,68,73,-5,5
9143,84,83,1,1
9144,120,122,-2,2
9145,132,125,7,7
9146,113,115,-2,2
9147,86,81,5,5
9148,78,83,-5,5
9149,73,89,-16,16
9150,68,60,8,8
9151,93,95,-2,2
9152,113,122,-9,9
9153,58,64,-6,6
9154,63,60,3,3
9155,54,47,7,7
9156,123,103,20,20
9157,43,45,-2,2
9158,82,79,3,3
9159,144,133,11,11
9160,73,88,-15,15
9161,49,49,0,0
9162,103,94,9,9
9163,179,178,1,1
9164,106,99,7,7
9165,93,93,0,0
9166,135,140,-5,5
9167,120,117,3,3
9168,130,117,13,13
9169,79,88,-9,9
9170,82,78,4,4
9171,55,61,-6,6
9172,74,68,6,6
9173,153,145,8,8
9174,93,92,1,1
9175,107,102,5,5
9176,136,143,-7,7
9177,88,93,-5,5
9178,56,66,-10,10
9179,171,151,20,20
9180,115,110,5,5
9181,53,62,-9,9
9182,124,126,-2,2
9183,117,104,13,13
9184,76,78,-2,2
9185,168,151,17,17
9186,78,75,3,3
9187,42,42,0,0
9188,74,76,-2,2
9189,156,128,28,28
9190,81,94,-13,13
9191,88,75,13,13
9192,169,155,14,14
9193,74,70,4,4
9194,108,104,4,4
9195,98,88,10,10
9196,175,180,-5,5
9197,39,47,-8,8
9198,47,53,-6,6
9199,100,83,17,17
9200,105,91,14,14
9201,103,101,2,2
9202,114,111,3,3
9203,65,68,-3,3
9204,70,72,-2,2
9205,79,87,-8,8
9206,96,98,-2,2
9207,123,124,-1,1
9208,94,90,4,4
9209,124,122,2,2
9210,102,96,6,6
9211,108,98,10,10
9212,78,84,-6,6
9213,111,108,3,3
9214,84,89,-5,5
9215,58,49,9,9
9216,124,116,8,8
9217,92,96,-4,4
9218,75,78,-3,3
9219,64,51,13,13
9220,89,83,6,6
9221,88,94,-6,6
9222,58,66,-8,8
9223,116,111,5,5
9224,57,60,-3,3
9225,98,93,5,5
9226,138,140,-2,2
9227,87,91,-4,4
9228,58,57,1,1
9229,141,124,17,17
9230,72,72,0,0
9231,63,70,-7,7
9232,173,157,16,16
9233,113,104,9,9
9234,114,99,15,15
9235,95,87,8,8
9236,80,87,-7,7
9237,75,75,0,0
9238,113,108,5,5
9239,86,92,-6,6
9240,54,55,-1,1
9241,99,94,5,5
9242,149,134,15,15
9243,73,61,12,12
9244,86,78,8,8
9245,108,104,4,4
9246,74,70,4,4
9247,59,57,2,2
9248,106,108,-2,2
9249,158,133,25,25
9250,45,68,-23,23
9251,77,78,-1,1
9252,116,125,-9,9
9253,52,61,-9,9
9254,93,99,-6,6
9255,129,116,13,13
9256,63,65,-2,2
9257,41,45,-4,4
9258,62,60,2,2
9259,168,155,13,13
9260,117,105,12,12
9261,142,128,14,14
9262,112,100,12,12
9263,101,99,2,2
9264,86,82,4,4
9265,77,82,-5,5
9266,141,128,13,13
9267,80,89,-9,9
9268,107,115,-8,8
9269,90,87,3,3
9270,65,67,-2,2
9271,57,51,6,6
9272,89,81,8,8
9273,63,62,1,1
9274,121,111,10,10
9275,108,102,6,6
9276,83,82,1,1
9277,116,110,6,6
9278,66,72,-6,6
9279,128,124,4,4
9280,98,97,1,1
9281,76,78,-2,2
9282,130,121,9,9
9283,55,54,1,1
9284,64,69,-5,5
9285,107,113,-6,6
9286,117,106,11,11
9287,124,114,10,10
9288,88,84,4,4
9289,44,43,1,1
9290,89,84,5,5
9291,82,83,-1,1
9292,78,74,4,4
9293,63,65,-2,2
9294,60,55,5,5
9295,55,58,-3,3
9296,80,85,-5,5
9297,56,57,-1,1
9298,68,71,-3,3
9299,177,172,5,5
9300,69,67,2,2
9301,63,69,-6,6
9302,116,104,12,12
9303,96,97,-1,1
9304,142,117,25,25
9305,85,80,5,5
9306,56,65,-9,9
9307,91,86,5,5
9308,72,74,-2,2
9309,69,78,-9,9
9310,114,100,14,14
9311,131,129,2,2
9312,70,76,-6,6
9313,138,128,10,10
9314,103,96,7,7
9315,69,74,-5,5
9316,97,94,3,3
9317,98,113,-15,15
9318,117,103,14,14
9319,95,102,-7,7
9320,130,117,13,13
9321,174,150,24,24
9322,114,117,-3,3
9323,87,96,-9,9
9324,92,92,0,0
9325,57,64,-7,7
9326,93,85,8,8
9327,90,86,4,4
9328,87,93,-6,6
9329,87,89,-2,2
9330,115,112,3,3
9331,103,104,-1,1
9332,66,68,-2,2
9333,95,91,4,4
9334,98,93,5,5
9335,82,79,3,3
9336,63,58,5,5
9337,39,44,-5,5
9338,60,67,-7,7
9339,112,103,9,9
9340,159,144,15,15
9341,41,47,-6,6
9342,96,96,0,0
9343,117,110,7,7
9344,69,81,-12,12
9345,82,85,-3,3
9346,125,114,11,11
9347,82,78,4,4
9348,65,72,-7,7
9349,92,82,10,10
9350,91,87,4,4
9351,91,87,4,4
9352,95,88,7,7
9353,28,45,-17,17
9354,64,58,6,6
9355,73,72,1,1
9356,122,106,16,16
9357,76,83,-7,7
9358,82,76,6,6
9359,134,120,14,14
9360,118,104,14,14
9361,72,75,-3,3
9362,96,117,-21,21
9363,176,151,25,25
9364,156,145,11,11
9365,64,82,-18,18
9366,99,106,-7,7
9367,94,88,6,6
9368,84,75,9,9
9369,88,86,2,2
9370,144,142,2,2
9371,123,108,15,15
9372,99,102,-3,3
9373,63,85,-22,22
9374,64,67,-3,3
9375,141,123,18,18
9376,71,85,-14,14
9377,166,149,17,17
9378,118,104,14,14
9379,120,103,17,17
9380,145,130,15,15
9381,87,85,2,2
9382,90,88,2,2
9383,80,85,-5,5
9384,125,122,3,3
9385,59,52,7,7
9386,171,156,15,15
9387,72,69,3,3
9388,121,102,19,19
9389,47,50,-3,3
9390,73,82,-9,9
9391,124,100,24,24
9392,87,90,-3,3
9393,95,95,0,0
9394,77,77,0,0
9395,167,155,12,12
9396,53,65,-12,12
9397,89,82,7,7
9398,83,77,6,6
9399,77,84,-7,7
9400,127,123,4,4
9401,94,95,-1,1
9402,95,80,15,15
9403,93,90,3,3
9404,74,73,1,1
9405,112,114,-2,2
9406,117,105,12,12
9407,69,67,2,2
9408,88,102,-14,14
9409,71,70,1,1
9410,57,51,6,6
9411,89,82,7,7
9412,98,105,-7,7
9413,123,118,5,5
9414,88,87,1,1
9415,136,119,17,17
9416,85,75,10,10
9417,93,88,5,5
9418,150,147,3,3
9419,50,58,-8,8
9420,77,78,-1,1
9421,87,91,-4,4
9422,123,114,9,9
9423,71,73,-2,2
9424,142,136,6,6
9425,78,80,-2,2
9426,111,103,8,8
9427,54,67,-13,13
9428,66,67,-1,1
9429,110,99,11,11
9430,96,88,8,8
9431,56,61,-5,5
9432,17,34,-17,17
9433,84,80,4,4
9434,108,104,4,4
9435,103,85,18,18
9436,102,99,3,3
9437,81,87,-6,6
9438,125,121,4,4
9439,120,128,-8,8
9440,89,85,4,4
9441,73,67,6,6
9442,110,103,7,7
9443,86,84,2,2
9444,94,94,0,0
9445,76,71,5,5
9446,72,69,3,3
9447,41,48,-7,7
9448,129,124,5,5
9449,80,79,1,1
9450,92,84,8,8
9451,208,176,32,32
9452,170,164,6,6
9453,88,86,2,2
9454,43,46,-3,3
9455,65,66,-1,1
9456,52,52,0,0
9457,44,46,-2,2
9458,96,98,-2,2
9459,165,153,12,12
9460,92,83,9,9
9461,104,85,19,19
9462,131,125,6,6
9463,73,76,-3,3
9464,131,115,16,16
9465,51,70,-19,19
9466,63,69,-6,6
9467,107,107,0,0
9468,109,120,-11,11
9469,131,110,21,21
9470,96,92,4,4
9471,90,75,15,15
9472,60,69,-9,9
9473,106,106,0,0
9474,101,86,15,15
9475,67,66,1,1
9476,117,111,6,6
9477,76,80,-4,4
9478,78,74,4,4
9479,94,87,7,7
9480,95,92,3,3
9481,78,68,10,10
9482,133,123,10,10
9483,41,66,-25,25
9484,105,97,8,8
9485,102,92,10,10
9486,88,94,-6,6
9487,106,107,-1,1
9488,89,87,2,2
9489,98,114,-16,16
9490,128,111,17,17
9491,102,100,2,2
9492,132,133,-1,1
9493,101,95,6,6
9494,144,136,8,8
9495,61,65,-4,4
9496,61,65,-4,4
9497,114,118,-4,4
9498,125,118,7,7
9499,70,68,2,2
9500,83,88,-5,5
9501,147,141,6,6
9502,97,96,1,1
9503,82,81,1,1
9504,87,83,4,4
9505,94,87,7,7
9506,54,66,-12,12
9507,71,78,-7,7
9508,105,96,9,9
9509,87,91,-4,4
9510,95,103,-8,8
9511,71,74,-3,3
9512,76,82,-6,6
9513,123,113,10,10
9514,127,110,17,17
9515,84,92,-8,8
9516,48,48,0,0
9517,108,91,17,17
9518,157,131,26,26
9519,54,60,-6,6
9520,100,88,12,12
9521,118,106,12,12
9522,57,59,-2,2
9523,137,126,11,11
9524,80,86,-6,6
9525,48,51,-3,3
9526,49,44,5,5
9527,94,92,2,2
9528,101,89,12,12
9529,64,69,-5,5
9530,114,120,-6,6
9531,82,77,5,5
9532,62,67,-5,5
9533,57,64,-7,7
9534,88,90,-2,2
9535,92,96,-4,4
9536,66,84,-18,18
9537,76,79,-3,3
9538,59,57,2,2
9539,89,84,5,5
9540,63,65,-2,2
9541,51,49,2,2
9542,123,117,6,6
9543,88,92,-4,4
9544,59,65,-6,6
9545,66,66,0,0
9546,135,117,18,18
9547,54,61,-7,7
9548,24,39,-15,15
9549,91,79,12,12
9550,166,154,12,12
9551,45,47,-2,2
9552,95,87,8,8
9553,99,96,3,3
9554,70,77,-7,7
9555,81,72,9,9
9556,97,98,-1,1
9557,75,90,-15,15
9558,55,66,-11,11
9559,86,88,-2,2
9560,172,158,14,14
9561,65,79,-14,14
9562,174,141,33,33
9563,78,76,2,2
9564,81,86,-5,5
9565,68,66,2,2
9566,74,65,9,9
9567,46,51,-5,5
9568,119,124,-5,5
9569,48,51,-3,3
9570,112,111,1,1
9571,135,148,-13,13
9572,91,79,12,12
9573,103,95,8,8
9574,95,113,-18,18
9575,91,74,17,17
9576,201,171,30,30
9577,89,85,4,4
9578,71,64,7,7
9579,198,179,19,19
9580,93,81,12,12
9581,82,79,3,3
9582,132,120,12,12
9583,79,87,-8,8
9584,60,63,-3,3
9585,72,84,-12,12
9586,107,107,0,0
9587,112,106,6,6
9588,99,101,-2,2
9589,104,109,-5,5
9590,68,71,-3,3
9591,57,56,1,1
9592,47,52,-5,5
9593,96,92,4,4
9594,95,102,-7,7
9595,43,47,-4,4
9596,116,104,12,12
9597,65,71,-6,6
9598,106,87,19,19
9599,117,124,-7,7
9600,96,90,6,6
9601,67,68,-1,1
9602,100,85,15,15
9603,108,102,6,6
9604,103,96,7,7
9605,58,62,-4,4
9606,88,84,4,4
9607,133,122,11,11
9608,161,149,12,12
9609,95,88,7,7
9610,99,84,15,15
9611,69,64,5,5
9612,112,101,11,11
9613,127,114,13,13
9614,66,70,-4,4
9615,116,114,2,2
9616,105,123,-18,18
9617,100,92,8,8
9618,93,92,1,1
9619,79,85,-6,6
9620,121,112,9,9
9621,86,91,-5,5
9622,88,77,11,11
9623,177,149,28,28
9624,67,66,1,1
9625,73,74,-1,1
9626,105,96,9,9
9627,115,108,7,7
9628,141,130,11,11
9629,75,75,0,0
9630,58,64,-6,6
9631,86,85,1,1
9632,137,126,11,11
9633,113,113,0,0
9634,92,87,5,5
9635,83,86,-3,3
9636,103,107,-4,4
9637,145,123,22,22
9638,84,81,3,3
9639,123,126,-3,3
9640,104,98,6,6
9641,61,63,-2,2
9642,79,98,-19,19
9643,90,108,-18,18
9644,115,114,1,1
9645,138,138,0,0
9646,80,80,0,0
9647,92,92,0,0
9648,126,117,9,9
9649,62,50,12,12
9650,81,85,-4,4
9651,88,85,3,3
9652,90,91,-1,1
9653,70,71,-1,1
9654,113,101,12,12
9655,81,83,-2,2
9656,70,81,-11,11
9657,87,83,4,4
9658,62,68,-6,6
9659,54,61,-7,7
9660,85,84,1,1
9661,76,76,0,0
9662,44,47,-3,3
9663,106,95,11,11
9664,116,108,8,8
9665,114,125,-11,11
9666,156,148,8,8
9667,127,112,15,15
9668,61,65,-4,4
9669,57,54,3,3
9670,128,123,5,5
9671,90,81,9,9
9672,113,105,8,8
9673,81,75,6,6
9674,48,58,-10,10
9675,47,51,-4,4
9676,139,120,19,19
9677,154,145,9,9
9678,104,109,-5,5
9679,97,92,5,5
9680,123,117,6,6
9681,68,57,11,11
9682,94,94,0,0
9683,77,86,-9,9
9684,45,47,-2,2
9685,78,75,3,3
9686,75,79,-4,4
9687,79,75,4,4
9688,175,162,13,13
9689,117,109,8,8
9690,108,103,5,5
9691,106,106,0,0
9692,82,72,10,10
9693,112,99,13,13
9694,74,75,-1,1
9695,117,115,2,2
9696,94,95,-1,1
9697,226,199,27,27
9698,120,108,12,12
9699,40,44,-4,4
9700,40,99,-59,59
9701,119,116,3,3
9702,51,54,-3,3
9703,61,64,-3,3
9704,119,108,11,11
9705,97,82,15,15
9706,70,77,-7,7
9707,101,87,14,14
9708,160,147,13,13
9709,88,81,7,7
9710,41,56,-15,15
9711,86,79,7,7
9712,76,80,-4,4
9713,66,73,-7,7
9714,110,108,2,2
9715,120,110,10,10
9716,97,96,1,1
9717,89,94,-5,5
9718,117,110,7,7
9719,59,66,-7,7
9720,145,135,10,10
9721,84,77,7,7
9722,78,84,-6,6
9723,65,65,0,0
9724,62,70,-8,8
9725,114,110,4,4
9726,76,77,-1,1
9727,51,57,-6,6
9728,131,138,-7,7
9729,162,167,-5,5
9730,90,96,-6,6
9731,95,93,2,2
9732,49,64,-15,15
9733,81,83,-2,2
9734,103,97,6,6
9735,136,134,2,2
9736,116,109,7,7
9737,74,72,2,2
9738,54,66,-12,12
9739,110,109,1,1
9740,113,100,13,13
9741,142,115,27,27
9742,130,102,28,28
9743,156,146,10,10
9744,186,181,5,5
9745,70,69,1,1
9746,115,102,13,13
9747,149,129,20,20
9748,135,117,18,18
9749,72,68,4,4
9750,143,135,8,8
9751,190,169,21,21
9752,117,125,-8,8
9753,124,103,21,21
9754,78,85,-7,7
9755,90,92,-2,2
9756,49,49,0,0
9757,52,58,-6,6
9758,48,52,-4,4
9759,69,69,0,0
9760,69,74,-5,5
9761,40,51,-11,11
9762,89,91,-2,2
9763,85,82,3,3
9764,104,111,-7,7
9765,130,117,13,13
9766,110,88,22,22
9767,136,121,15,15
9768,91,81,10,10
9769,83,88,-5,5
9770,50,53,-3,3
9771,104,99,5,5
9772,83,76,7,7
9773,114,110,4,4
9774,119,131,-12,12
9775,88,83,5,5
9776,68,90,-22,22
9777,84,100,-16,16
9778,93,76,17,17
9779,56,53,3,3
9780,66,71,-5,5
9781,60,63,-3,3
9782,58,64,-6,6
9783,142,136,6,6
9784,197,173,24,24
9785,53,53,0,0
9786,86,105,-19,19
9787,85,85,0,0
9788,153,130,23,23
9789,58,63,-5,5
9790,78,72,6,6
9791,159,145,14,14
9792,129,125,4,4
9793,115,112,3,3
9794,64,63,1,1
9795,142,134,8,8
9796,83,79,4,4
9797,171,171,0,0
9798,137,136,1,1
9799,107,108,-1,1
9800,101,87,14,14
9801,75,69,6,6
9802,103,98,5,5
9803,80,82,-2,2
9804,51,55,-4,4
9805,92,83,9,9
9806,88,84,4,4
9807,96,98,-2,2
9808,140,120,20,20
9809,107,104,3,3
9810,59,64,-5,5
9811,128,111,17,17
9812,80,80,0,0
9813,40,44,-4,4
9814,139,131,8,8
9815,79,73,6,6
9816,89,83,6,6
9817,127,123,4,4
9818,132,118,14,14
9819,104,107,-3,3
9820,100,90,10,10
9821,76,74,2,2
9822,182,147,35,35
9823,43,45,-2,2
9824,56,58,-2,2
9825,140,132,8,8
9826,98,99,-1,1
9827,66,76,-10,10
9828,52,47,5,5
9829,100,98,2,2
9830,131,112,19,19
9831,47,62,-15,15
9832,57,56,1,1
9833,58,65,-7,7
9834,100,94,6,6
9835,143,142,1,1
9836,81,75,6,6
9837,130,119,11,11
9838,63,75,-12,12
9839,84,97,-13,13
9840,86,84,2,2
9841,118,113,5,5
9842,109,97,12,12
9843,176,174,2,2
9844,68,73,-5,5
9845,102,103,-1,1
9846,65,64,1,1
9847,88,88,0,0
9848,127,109,18,18
9849,56,55,1,1
9850,104,102,2,2
9851,105,93,12,12
9852,84,80,4,4
9853,27,66,-39,39
9854,95,96,-1,1
9855,77,77,0,0
9856,192,187,5,5
9857,78,70,8,8
9858,122,118,4,4
9859,80,85,-5,5
9860,94,81,13,13
9861,126,117,9,9
9862,44,51,-7,7
9863,73,77,-4,4
9864,104,81,23,23
9865,71,65,6,6
9866,65,73,-8,8
9867,96,80,16,16
9868,116,100,16,16
9869,103,101,2,2
9870,129,124,5,5
9871,143,134,9,9
9872,100,115,-15,15
9873,133,117,16,16
9874,64,65,-1,1
9875,121,116,5,5
9876,61,66,-5,5
9877,55,66,-11,11
9878,49,48,1,1
9879,86,81,5,5
9880,85,81,4,4
9881,61,56,5,5
9882,128,127,1,1
9883,91,77,14,14
9884,99,79,20,20
9885,92,87,5,5
9886,179,168,11,11
9887,114,99,15,15
9888,66,65,1,1
9889,78,86,-8,8
9890,69,68,1,1
9891,121,111,10,10
9892,85,71,14,14
9893,110,124,-14,14
9894,92,94,-2,2
9895,117,100,17,17
9896,174,160,14,14
9897,135,129,6,6
9898,64,60,4,4
9899,75,71,4,4
9900,97,103,-6,6
9901,120,122,-2,2
9902,102,95,7,7
9903,91,87,4,4
9904,70,78,-8,8
9905,64,74,-10,10
9906,49,50,-1,1
9907,94,101,-7,7
9908,71,78,-7,7
9909,136,156,-20,20
9910,68,69,-1,1
9911,122,118,4,4
9912,73,74,-1,1
9913,114,110,4,4
9914,98,92,6,6
9915,104,99,5,5
9916,103,90,13,13
9917,108,96,12,12
9918,127,114,13,13
9919,130,132,-2,2
9920,95,95,0,0
9921,89,79,10,10
9922,73,71,2,2
9923,157,136,21,21
9924,103,95,8,8
9925,105,97,8,8
9926,112,99,13,13
9927,109,99,10,10
9928,79,79,0,0
9929,92,108,-16,16
9930,72,68,4,4
9931,48,55,-7,7
9932,98,88,10,10
9933,111,109,2,2
9934,119,109,10,10
9935,139,118,21,21
9936,55,67,-12,12
9937,107,109,-2,2
9938,135,141,-6,6
9939,102,91,11,11
9940,88,88,0,0
9941,105,111,-6,6
9942,136,117,19,19
9943,82,84,-2,2
9944,67,67,0,0
9945,123,118,5,5
9946,120,120,0,0
9947,94,95,-1,1
9948,51,52,-1,1
9949,95,86,9,9
9950,92,89,3,3
9951,154,127,27,27
9952,76,78,-2,2
9953,59,57,2,2
9954,153,133,20,20
9955,66,74,-8,8
9956,96,100,-4,4
9957,131,123,8,8
9958,81,76,5,5
9959,80,81,-1,1
9960,59,63,-4,4
9961,72,77,-5,5
9962,148,138,10,10
9963,123,131,-8,8
9964,72,69,3,3
9965,59,62,-3,3
9966,145,137,8,8
9967,95,93,2,2
9968,125,121,4,4
9969,79,78,1,1
9970,79,83,-4,4
9971,68,71,-3,3
9972,135,133,2,2
9973,96,96,0,0
9974,64,68,-4,4
9975,62,57,5,5
9976,102,96,6,6
9977,141,128,13,13
9978,82,76,6,6
9979,84,76,8,8
9980,85,85,0,0
9981,77,80,-3,3
9982,107,96,11,11
9983,94,94,0,0
9984,84,73,11,11
9985,90,85,5,5
9986,127,120,7,7
9987,94,92,2,2
9988,142,150,-8,8
9989,88,91,-3,3
9990,104,96,8,8
9991,66,70,-4,4
9992,48,49,-1,1
9993,76,77,-1,1
9994,105,99,6,6
9995,62,56,6,6
9996,82,83,-1,1
9997,123,120,3,3
9998,88,89,-1,1
9999,68,66,2,2
10000,171,147,24,24
10001,134,123,11,11
10002,81,76,5,5
10003,66,72,-6,6
10004,49,52,-3,3
10005,92,91,1,1
10006,121,115,6,6
10007,133,120,13,13
10008,147,132,15,15
10009,81,79,2,2
10010,69,74,-5,5
10011,83,84,-1,1
10012,88,88,0,0
10013,59,51,8,8
10014,91,96,-5,5
10015,153,150,3,3
10016,114,105,9,9
10017,77,87,-10,10
10018,85,73,12,12
10019,80,75,5,5
10020,74,73,1,1
10021,169,151,18,18
10022,108,104,4,4
10023,121,120,1,1
10024,83,87,-4,4
10025,56,56,0,0
10026,74,73,1,1
10027,53,65,-12,12
10028,80,86,-6,6
10029,79,81,-2,2
10030,117,111,6,6
10031,174,156,18,18
10032,77,74,3,3
10033,114,95,19,19
10034,79,79,0,0
10035,158,148,10,10
10036,80,78,2,2
10037,90,111,-21,21
10038,111,102,9,9
10039,155,138,17,17
10040,55,56,-1,1
10041,74,76,-2,2
10042,62,66,-4,4
10043,138,132,6,6
10044,143,151,-8,8
10045,113,112,1,1
10046,100,101,-1,1
10047,115,91,24,24
10048,49,49,0,0
10049,139,142,-3,3
10050,114,117,-3,3
10051,125,129,-4,4
10052,61,65,-4,4
10053,136,124,12,12
10054,77,75,2,2
10055,211,181,30,30
10056,66,62,4,4
10057,111,99,12,12
10058,122,122,0,0
10059,139,128,11,11
10060,121,107,14,14
10061,108,114,-6,6
10062,85,89,-4,4
10063,110,106,4,4
10064,62,73,-11,11
10065,107,100,7,7
10066,49,49,0,0
10067,82,87,-5,5
10068,92,91,1,1
10069,59,63,-4,4
10070,56,55,1,1
10071,105,94,11,11
10072,61,67,-6,6
10073,95,101,-6,6
10074,56,63,-7,7
10075,148,143,5,5
10076,123,123,0,0
10077,111,112,-1,1
10078,75,71,4,4
10079,139,146,-7,7
10080,68,71,-3,3
10081,90,82,8,8
10082,150,151,-1,1
10083,133,113,20,20
10084,49,56,-7,7
10085,62,67,-5,5
10086,111,97,14,14
10087,117,111,6,6
10088,151,145,6,6
10089,100,97,3,3
10090,42,51,-9,9
10091,78,78,0,0
10092,48,54,-6,6
10093,118,102,16,16
10094,70,65,5,5
10095,117,125,-8,8
10096,61,79,-18,18
10097,94,99,-5,5
10098,78,79,-1,1
10099,170,153,17,17
10100,68,70,-2,2
10101,78,71,7,7
10102,47,51,-4,4
10103,130,104,26,26
10104,80,77,3,3
10105,70,76,-6,6
10106,49,53,-4,4
10107,117,109,8,8
10108,86,86,0,0
10109,82,75,7,7
10110,54,53,1,1
10111,160,149,11,11
10112,78,88,-10,10
10113,82,79,3,3
10114,59,51,8,8
10115,115,108,7,7
10116,86,87,-1,1
10117,119,103,16,16
10118,116,116,0,0
10119,90,92,-2,2
10120,75,77,-2,2
10121,81,82,-1,1
10122,87,89,-2,2
10123,108,101,7,7
10124,50,55,-5,5
10125,53,58,-5,5
10126,130,134,-4,4
10127,125,110,15,15
10128,118,107,11,11
10129,112,109,3,3
10130,62,68,-6,6
10131,105,102,3,3
10132,90,96,-6,6
10133,143,140,3,3
10134,58,56,2,2
10135,64,70,-6,6
10136,108,98,10,10
10137,98,83,15,15
10138,136,126,10,10
10139,101,113,-12,12
10140,85,90,-5,5
10141,92,97,-5,5
10142,144,124,20,20
10143,80,81,-1,1
10144,110,94,16,16
10145,66,64,2,2
10146,73,69,4,4
10147,59,60,-1,1
10148,88,88,0,0
10149,74,86,-12,12
10150,61,65,-4,4
10151,125,113,12,12
10152,55,56,-1,1
10153,115,109,6,6
10154,58,68,-10,10
10155,76,80,-4,4
10156,137,138,-1,1
10157,81,76,5,5
10158,116,114,2,2
10159,81,80,1,1
10160,94,90,4,4
10161,78,92,-14,14
10162,80,74,6,6
10163,99,93,6,6
10164,118,109,9,9
10165,137,125,12,12
10166,98,101,-3,3
10167,71,66,5,5
10168,83,86,-3,3
10169,132,136,-4,4
10170,69,70,-1,1
10171,119,112,7,7
10172,101,105,-4,4
10173,92,94,-2,2
10174,74,69,5,5
10175,95,92,3,3
10176,67,69,-2,2
10177,50,55,-5,5
10178,106,97,9,9
10179,102,93,9,9
10180,359,269,90,90
10181,58,57,1,1
10182,94,90,4,4
10183,90,78,12,12
10184,88,81,7,7
10185,105,93,12,12
10186,75,77,-2,2
10187,89,88,1,1
10188,86,84,2,2
10189,133,125,8,8
10190,35,44,-9,9
10191,88,81,7,7
10192,177,153,24,24
10193,100,91,9,9
10194,65,64,1,1
10195,104,101,3,3
10196,67,64,3,3
10197,86,86,0,0
10198,123,113,10,10
10199,108,97,11,11
10200,84,81,3,3
10201,54,60,-6,6
10202,95,94,1,1
10203,86,80,6,6
10204,70,81,-11,11
10205,84,76,8,8
10206,107,102,5,5
10207,45,50,-5,5
10208,85,85,0,0
10209,79,79,0,0
10210,125,122,3,3
10211,92,88,4,4
10212,74,77,-3,3
10213,139,138,1,1
10214,84,79,5,5
10215,103,114,-11,11
10216,60,74,-14,14
10217,78,84,-6,6
10218,69,60,9,9
10219,131,124,7,7
10220,102,96,6,6
10221,69,77,-8,8
10222,58,65,-7,7
10223,43,47,-4,4
10224,29,40,-11,11
10225,86,88,-2,2
10226,114,111,3,3
10227,38,48,-10,10
10228,113,119,-6,6
10229,74,84,-10,10
10230,67,67,0,0
10231,221,204,17,17
10232,103,107,-4,4
10233,224,205,19,19
10234,82,96,-14,14
10235,104,93,11,11
10236,115,105,10,10
10237,70,83,-13,13
10238,92,88,4,4
10239,118,109,9,9
10240,159,139,20,20
10241,124,109,15,15
10242,165,133,32,32
10243,118,117,1,1
10244,79,72,7,7
10245,113,103,10,10
10246,61,64,-3,3
10247,112,104,8,8
10248,68,69,-1,1
10249,71,80,-9,9
10250,127,114,13,13
10251,82,80,2,2
10252,63,65,-2,2
10253,189,190,-1,1
10254,73,81,-8,8
10255,76,70,6,6
10256,99,105,-6,6
10257,131,126,5,5
10258,88,88,0,0
10259,61,66,-5,5
10260,135,126,9,9
10261,52,57,-5,5
10262,114,109,5,5
10263,82,79,3,3
10264,106,100,6,6
10265,102,113,-11,11
10266,105,113,-8,8
10267,77,81,-4,4
10268,66,64,2,2
10269,129,113,16,16
10270,73,74,-1,1
10271,77,74,3,3
10272,70,71,-1,1
10273,40,43,-3,3
10274,55,65,-10,10
10275,130,132,-2,2
10276,168,151,17,17
10277,76,67,9,9
10278,136,126,10,10
10279,104,104,0,0
10280,52,58,-6,6
10281,151,139,12,12
10282,74,76,-2,2
10283,60,70,-10,10
10284,90,85,5,5
10285,81,78,3,3
10286,118,117,1,1
10287,96,94,2,2
10288,96,90,6,6
10289,151,145,6,6
10290,125,113,12,12
10291,73,69,4,4
10292,107,98,9,9
10293,113,113,0,0
10294,118,122,-4,4
10295,71,77,-6,6
10296,68,73,-5,5
10297,65,66,-1,1
10298,48,57,-9,9
10299,73,75,-2,2
10300,86,103,-17,17
10301,45,50,-5,5
10302,87,83,4,4
10303,113,108,5,5
10304,137,132,5,5
10305,114,117,-3,3
10306,61,62,-1,1
10307,106,92,14,14
10308,128,121,7,7
10309,111,110,1,1
10310,100,95,5,5
10311,100,90,10,10
10312,133,136,-3,3
10313,96,95,1,1
10314,133,130,3,3
10315,130,120,10,10
10316,78,84,-6,6
10317,130,105,25,25
10318,110,115,-5,5
10319,75,82,-7,7
10320,144,143,1,1
10321,81,82,-1,1
10322,63,70,-7,7
10323,122,117,5,5
10324,119,119,0,0
10325,99,96,3,3
10326,111,105,6,6
10327,143,119,24,24
10328,104,115,-11,11
10329,93,83,10,10
10330,72,79,-7,7
10331,79,84,-5,5
10332,128,126,2,2
10333,99,91,8,8
10334,76,83,-7,7
10335,100,100,0,0
10336,70,69,1,1
10337,148,144,4,4
10338,68,65,3,3
10339,100,105,-5,5
10340,74,88,-14,14
10341,86,78,8,8
10342,93,85,8,8
10343,138,116,22,22
10344,149,158,-9,9
10345,65,65,0,0
10346,89,94,-5,5
10347,117,80,37,37
10348,98,85,13,13
10349,127,121,6,6
10350,106,95,11,11
10351,68,65,3,3
10352,160,133,27,27
10353,83,88,-5,5
10354,129,110,19,19
10355,117,103,14,14
10356,74,81,-7,7
10357,101,95,6,6
10358,113,109,4,4
10359,121,107,14,14
10360,122,124,-2,2
10361,117,111,6,6
10362,131,130,1,1
10363,68,58,10,10
10364,86,89,-3,3
10365,97,85,12,12
10366,125,116,9,9
10367,65,69,-4,4
10368,49,47,2,2
10369,81,81,0,0
10370,103,102,1,1
10371,110,100,10,10
10372,86,88,-2,2
10373,103,98,5,5
10374,103,104,-1,1
10375,59,58,1,1
10376,119,104,15,15
10377,40,41,-1,1
10378,102,100,2,2
10379,120,110,10,10
10380,103,104,-1,1
10381,101,96,5,5
10382,106,101,5,5
10383,110,109,1,1
10384,82,76,6,6
10385,88,80,8,8
10386,174,169,5,5
10387,99,85,14,14
10388,66,66,0,0
10389,105,105,0,0
10390,59,58,1,1
10391,128,109,19,19
10392,53,65,-12,12
10393,123,122,1,1
10394,88,86,2,2
10395,80,77,3,3
10396,72,85,-13,13
10397,73,74,-1,1
10398,60,64,-4,4
10399,88,85,3,3
10400,82,83,-1,1
10401,156,140,16,16
10402,163,137,26,26
10403,73,73,0,0
10404,105,92,13,13
10405,137,120,17,17
10406,74,78,-4,4
10407,85,79,6,6
10408,71,76,-5,5
10409,56,66,-10,10
10410,95,87,8,8
10411,48,49,-1,1
10412,113,112,1,1
10413,96,91,5,5
10414,111,111,0,0
10415,80,109,-29,29
10416,44,49,-5,5
10417,73,68,5,5
10418,132,106,26,26
10419,100,88,12,12
10420,126,115,11,11
10421,77,81,-4,4
10422,81,89,-8,8
10423,68,66,2,2
10424,73,91,-18,18
10425,100,96,4,4
10426,98,87,11,11
10427,60,62,-2,2
10428,110,107,3,3
10429,102,98,4,4
10430,75,71,4,4
10431,138,137,1,1
10432,81,77,4,4
10433,108,113,-5,5
10434,148,131,17,17
10435,59,53,6,6
10436,88,89,-1,1
10437,104,85,19,19
10438,72,67,5,5
10439,82,82,0,0
10440,93,92,1,1
10441,93,89,4,4
10442,160,150,10,10
10443,129,124,5,5
10444,113,112,1,1
10445,116,92,24,24
10446,119,115,4,4
10447,86,81,5,5
10448,44,54,-10,10
10449,76,70,6,6
10450,61,66,-5,5
10451,80,91,-11,11
10452,99,85,14,14
10453,87,99,-12,12
10454,117,109,8,8
10455,50,69,-19,19
10456,150,132,18,18
10457,123,105,18,18
10458,100,74,26,26
10459,147,136,11,11
10460,185,182,3,3
10461,59,55,4,4
10462,81,75,6,6
10463,61,74,-13,13
10464,126,120,6,6
10465,82,84,-2,2
10466,100,94,6,6
10467,81,74,7,7
10468,39,41,-2,2
10469,77,71,6,6
10470,51,50,1,1
10471,98,106,-8,8
10472,133,143,-10,10
10473,80,77,3,3
10474,151,130,21,21
10475,88,79,9,9
10476,55,54,1,1
10477,72,80,-8,8
10478,75,85,-10,10
10479,77,73,4,4
10480,81,72,9,9
10481,144,138,6,6
10482,121,100,21,21
10483,57,55,2,2
10484,69,73,-4,4
10485,99,96,3,3
10486,64,70,-6,6
10487,130,106,24,24
10488,106,103,3,3
10489,72,73,-1,1
10490,67,71,-4,4
10491,68,68,0,0
10492,79,85,-6,6
10493,81,83,-2,2
10494,69,71,-2,2
10495,67,67,0,0
10496,73,75,-2,2
10497,39,48,-9,9
10498,112,119,-7,7
10499,71,76,-5,5
10500,132,118,14,14
10501,133,131,2,2
10502,95,92,3,3
10503,112,100,12,12
10504,112,97,15,15
10505,99,108,-9,9
10506,71,79,-8,8
10507,127,137,-10,10
10508,89,96,-7,7
10509,87,85,2,2
10510,124,110,14,14
10511,66,68,-2,2
10512,92,93,-1,1
10513,80,75,5,5
10514,94,93,1,1
10515,146,148,-2,2
10516,139,132,7,7
10517,136,126,10,10
10518,63,62,1,1
10519,54,55,-1,1
10520,171,153,18,18
10521,91,87,4,4
10522,170,149,21,21
10523,147,140,7,7
10524,70,69,1,1
10525,140,140,0,0
10526,117,116,1,1
10527,72,73,-1,1
10528,132,123,9,9
10529,63,65,-2,2
10530,102,101,1,1
10531,81,81,0,0
10532,90,88,2,2
10533,87,88,-1,1
10534,127,118,9,9
10535,56,55,1,1
10536,44,46,-2,2
10537,122,113,9,9
10538,111,105,6,6
10539,66,69,-3,3
10540,110,114,-4,4
10541,101,100,1,1
10542,119,117,2,2
10543,75,80,-5,5
10544,65,68,-3,3
10545,55,58,-3,3
10546,76,85,-9,9
10547,70,70,0,0
10548,157,184,-27,27
10549,27,38,-11,11
10550,83,77,6,6
10551,125,117,8,8
10552,95,99,-4,4
10553,86,75,11,11
10554,116,112,4,4
10555,66,66,0,0
10556,144,158,-14,14
10557,96,100,-4,4
10558,94,91,3,3
10559,37,44,-7,7
10560,195,170,25,25
10561,108,101,7,7
10562,130,125,5,5
10563,78,82,-4,4
10564,57,62,-5,5
10565,72,68,4,4
10566,57,71,-14,14
10567,90,98,-8,8
10568,67,58,9,9
10569,157,151,6,6
10570,57,65,-8,8
10571,94,93,1,1
10572,69,74,-5,5
10573,86,86,0,0
10574,58,61,-3,3
10575,105,100,5,5
10576,74,73,1,1
10577,116,108,8,8
10578,78,73,5,5
10579,115,106,9,9
10580,64,64,0,0
10581,127,113,14,14
10582,77,77,0,0
10583,99,88,11,11
10584,68,74,-6,6
10585,101,109,-8,8
10586,88,84,4,4
10587,121,112,9,9
10588,100,98,2,2
10589,87,69,18,18
10590,80,74,6,6
10591,43,49,-6,6
10592,103,104,-1,1
10593,149,131,18,18
10594,67,75,-8,8
10595,110,108,2,2
10596,127,111,16,16
10597,55,58,-3,3
10598,133,123,10,10
10599,82,85,-3,3
10600,45,45,0,0
10601,59,64,-5,5
10602,120,113,7,7
10603,103,105,-2,2
10604,145,139,6,6
10605,119,121,-2,2
10606,75,79,-4,4
10607,74,67,7,7
10608,109,110,-1,1
10609,148,136,12,12
10610,80,81,-1,1
10611,68,69,-1,1
10612,116,116,0,0
10613,114,101,13,13
10614,100,101,-1,1
10615,72,72,0,0
10616,119,126,-7,7
10617,96,88,8,8
10618,58,65,-7,7
10619,132,133,-1,1
10620,169,161,8,8
10621,70,70,0,0
10622,90,81,9,9
10623,93,86,7,7
10624,107,123,-16,16
10625,124,111,13,13
10626,43,48,-5,5
10627,102,92,10,10
10628,107,101,6,6
10629,61,67,-6,6
10630,62,67,-5,5
10631,72,67,5,5
10632,129,114,15,15
10633,74,76,-2,2
10634,81,76,5,5
10635,107,94,13,13
10636,79,79,0,0
10637,43,45,-2,2
10638,72,79,-7,7
10639,102,88,14,14
10640,93,81,12,12
10641,90,89,1,1
10642,66,61,5,5
10643,125,113,12,12
10644,73,72,1,1
10645,78,68,10,10
10646,49,51,-2,2
10647,81,72,9,9
10648,74,82,-8,8
10649,78,73,5,5
10650,82,78,4,4
10651,92,105,-13,13
10652,110,95,15,15
10653,96,92,4,4
10654,83,84,-1,1
10655,143,134,9,9
10656,88,77,11,11
10657,111,106,5,5
10658,54,53,1,1
10659,66,72,-6,6
10660,68,81,-13,13
10661,57,64,-7,7
10662,169,138,31,31
10663,63,75,-12,12
10664,131,142,-11,11
10665,102,96,6,6
10666,47,50,-3,3
10667,58,70,-12,12
10668,127,121,6,6
10669,100,91,9,9
10670,109,109,0,0
10671,109,98,11,11
10672,92,86,6,6
10673,93,86,7,7
10674,64,62,2,2
10675,95,99,-4,4
10676,97,90,7,7
10677,87,88,-1,1
10678,65,70,-5,5
10679,84,87,-3,3
10680,140,115,25,25
10681,88,84,4,4
10682,56,53,3,3
10683,131,125,6,6
10684,107,100,7,7
10685,93,85,8,8
10686,125,112,13,13
10687,204,184,20,20
10688,128,114,14,14
10689,80,75,5,5
10690,161,176,-15,15
10691,114,106,8,8
10692,96,79,17,17
10693,79,84,-5,5
10694,60,62,-2,2
10695,176,161,15,15
10696,41,44,-3,3
10697,50,59,-9,9
10698,45,47,-2,2
10699,168,133,35,35
10700,65,68,-3,3
10701,57,47,10,10
10702,98,95,3,3
10703,77,74,3,3
10704,84,79,5,5
10705,76,78,-2,2
10706,75,85,-10,10
10707,93,90,3,3
10708,71,99,-28,28
10709,87,84,3,3
10710,65,70,-5,5
10711,130,114,16,16
10712,74,63,11,11
10713,34,45,-11,11
10714,129,106,23,23
10715,114,117,-3,3
10716,70,68,2,2
10717,50,65,-15,15
10718,93,85,8,8
10719,55,56,-1,1
10720,94,82,12,12
10721,46,43,3,3
10722,50,48,2,2
10723,104,90,14,14
10724,118,111,7,7
10725,102,95,7,7
10726,84,81,3,3
10727,165,168,-3,3
10728,97,98,-1,1
10729,92,91,1,1
10730,89,77,12,12
10731,76,75,1,1
10732,75,91,-16,16
10733,142,132,10,10
10734,96,95,1,1
10735,145,142,3,3
10736,87,88,-1,1
10737,64,65,-1,1
10738,48,64,-16,16
10739,94,88,6,6
10740,69,63,6,6
10741,66,59,7,7
10742,131,116,15,15
10743,98,90,8,8
10744,94,96,-2,2
10745,65,66,-1,1
10746,89,89,0,0
10747,128,115,13,13
10748,144,132,12,12
10749,53,60,-7,7
10750,108,108,0,0
10751,29,43,-14,14
10752,58,60,-2,2
10753,94,103,-9,9
10754,74,71,3,3
10755,133,124,9,9
10756,75,71,4,4
10757,87,78,9,9
10758,133,128,5,5
10759,74,75,-1,1
10760,80,80,0,0
10761,52,52,0,0
10762,116,111,5,5
10763,158,148,10,10
10764,224,193,31,31
10765,97,98,-1,1
10766,128,116,12,12
10767,102,99,3,3
10768,114,104,10,10
10769,41,45,-4,4
10770,86,85,1,1
10771,42,48,-6,6
10772,111,103,8,8
10773,142,139,3,3
10774,68,68,0,0
10775,65,68,-3,3
10776,116,115,1,1
10777,91,80,11,11
10778,157,150,7,7
10779,140,129,11,11
10780,126,113,13,13
10781,77,72,5,5
10782,86,84,2,2
10783,102,99,3,3
10784,95,90,5,5
10785,64,66,-2,2
10786,103,111,-8,8
10787,55,64,-9,9
10788,77,81,-4,4
10789,160,142,18,18
10790,58,62,-4,4
10791,191,181,10,10
10792,121,121,0,0
10793,77,66,11,11
10794,161,143,18,18
10795,65,65,0,0
10796,80,91,-11,11
10797,77,80,-3,3
10798,67,76,-9,9
10799,51,51,0,0
10800,76,78,-2,2
10801,155,134,21,21
10802,96,88,8,8
10803,65,67,-2,2
10804,98,93,5,5
10805,101,96,5,5
10806,49,44,5,5
10807,112,104,8,8
10808,81,67,14,14
10809,49,49,0,0
10810,65,62,3,3
10811,90,84,6,6
10812,126,114,12,12
10813,48,49,-1,1
10814,120,115,5,5
10815,55,57,-2,2
10816,75,85,-10,10
10817,83,99,-16,16
10818,135,120,15,15
10819,131,126,5,5
10820,117,119,-2,2
10821,88,79,9,9
10822,92,91,1,1
10823,90,95,-5,5
10824,98,102,-4,4
10825,101,91,10,10
10826,138,133,5,5
10827,84,84,0,0
10828,104,103,1,1
10829,98,109,-11,11
10830,87,86,1,1
10831,102,106,-4,4
10832,81,81,0,0
10833,75,81,-6,6
10834,145,129,16,16
10835,114,107,7,7
10836,63,64,-1,1
10837,51,56,-5,5
10838,109,105,4,4
10839,69,68,1,1
10840,87,97,-10,10
10841,72,67,5,5
10842,114,111,3,3
10843,96,86,10,10
10844,140,145,-5,5
10845,171,160,11,11
10846,97,92,5,5
10847,77,77,0,0
10848,125,99,26,26
10849,75,76,-1,1
10850,98,105,-7,7
10851,118,111,7,7
10852,120,112,8,8
10853,69,71,-2,2
10854,57,64,-7,7
10855,129,115,14,14
10856,127,117,10,10
10857,81,82,-1,1
10858,102,101,1,1
10859,154,136,18,18
10860,116,105,11,11
10861,47,50,-3,3
10862,124,114,10,10
10863,124,115,9,9
10864,138,121,17,17
10865,82,85,-3,3
10866,120,112,8,8
10867,114,99,15,15
10868,90,87,3,3
10869,88,81,7,7
10870,53,52,1,1
10871,84,76,8,8
10872,80,82,-2,2
10873,147,134,13,13
10874,79,87,-8,8
10875,115,102,13,13
10876,80,77,3,3
10877,117,112,5,5
10878,123,113,10,10
10879,54,64,-10,10
10880,93,90,3,3
10881,145,138,7,7
10882,128,130,-2,2
10883,73,73,0,0
10884,51,50,1,1
10885,65,66,-1,1
10886,102,110,-8,8
10887,95,103,-8,8
10888,58,53,5,5
10889,49,62,-13,13
10890,113,110,3,3
10891,121,122,-1,1
10892,148,138,10,10
10893,139,136,3,3
10894,96,106,-10,10
10895,143,131,12,12
10896,92,94,-2,2
10897,78,76,2,2
10898,11,34,-23,23
10899,66,71,-5,5
10900,79,76,3,3
10901,70,71,-1,1
10902,67,71,-4,4
10903,77,76,1,1
10904,144,140,4,4
10905,84,87,-3,3
10906,50,52,-2,2
10907,79,69,10,10
10908,90,98,-8,8
10909,62,58,4,4
10910,134,138,-4,4
10911,110,94,16,16
10912,78,98,-20,20
10913,142,121,21,21
10914,79,86,-7,7
10915,143,131,12,12
10916,80,85,-5,5
10917,37,41,-4,4
10918,70,68,2,2
10919,96,100,-4,4
10920,135,136,-1,1
10921,76,72,4,4
10922,181,164,17,17
10923,105,106,-1,1
10924,49,52,-3,3
10925,65,71,-6,6
10926,139,130,9,9
10927,38,44,-6,6
10928,83,87,-4,4
10929,56,63,-7,7
10930,120,102,18,18
10931,109,110,-1,1
10932,160,148,12,12
10933,117,125,-8,8
10934,92,95,-3,3
10935,99,96,3,3
10936,114,109,5,5
10937,70,67,3,3
10938,93,98,-5,5
10939,112,100,12,12
10940,118,105,13,13
10941,72,65,7,7
10942,51,59,-8,8
10943,119,101,18,18
10944,85,85,0,0
10945,101,108,-7,7
10946,78,84,-6,6
10947,75,73,2,2
10948,69,82,-13,13
10949,120,108,12,12
10950,72,70,2,2
10951,64,77,-13,13
10952,80,77,3,3
10953,80,84,-4,4
10954,75,69,6,6
10955,76,72,4,4
10956,157,141,16,16
10957,80,97,-17,17
10958,117,112,5,5
10959,103,88,15,15
10960,129,107,22,22
10961,139,131,8,8
10962,98,93,5,5
10963,87,76,11,11
10964,165,144,21,21
10965,73,78,-5,5
10966,137,129,8,8
10967,150,149,1,1
10968,74,82,-8,8
10969,157,143,14,14
10970,82,99,-17,17
10971,74,68,6,6
10972,37,62,-25,25
10973,95,92,3,3
10974,104,92,12,12
10975,124,125,-1,1
10976,37,49,-12,12
10977,80,102,-22,22
10978,80,87,-7,7
10979,88,78,10,10
10980,147,117,30,30
10981,65,69,-4,4
10982,101,99,2,2
10983,93,87,6,6
10984,71,75,-4,4
10985,64,56,8,8
10986,71,77,-6,6
10987,60,69,-9,9
10988,64,81,-17,17
10989,55,53,2,2
10990,48,69,-21,21
10991,141,123,18,18
10992,95,89,6,6
10993,58,64,-6,6
10994,95,90,5,5
10995,71,78,-7,7
10996,89,85,4,4
10997,125,117,8,8
10998,170,170,0,0
10999,153,144,9,9
11000,84,83,1,1
11001,137,131,6,6
11002,81,75,6,6
11003,77,92,-15,15
11004,75,80,-5,5
11005,110,107,3,3
11006,53,52,1,1
11007,92,84,8,8
11008,105,113,-8,8
11009,55,61,-6,6
11010,85,97,-12,12
11011,141,123,18,18
11012,126,129,-3,3
11013,82,81,1,1
11014,124,114,10,10
11015,76,93,-17,17
11016,126,108,18,18
11017,56,59,-3,3
11018,65,64,1,1
11019,91,95,-4,4
11020,65,72,-7,7
11021,84,86,-2,2
11022,95,91,4,4
11023,109,92,17,17
11024,74,67,7,7
11025,60,54,6,6
11026,65,66,-1,1
11027,77,80,-3,3
11028,79,80,-1,1
11029,65,60,5,5
11030,110,105,5,5
11031,116,120,-4,4
11032,67,70,-3,3
11033,83,85,-2,2
11034,120,109,11,11
11035,157,125,32,32
11036,123,118,5,5
11037,80,79,1,1
11038,99,102,-3,3
11039,88,79,9,9
11040,67,83,-16,16
11041,134,128,6,6
11042,76,70,6,6
11043,96,101,-5,5
11044,83,86,-3,3
11045,57,66,-9,9
11046,93,88,5,5
11047,60,62,-2,2
11048,85,80,5,5
11049,62,71,-9,9
11050,110,108,2,2
11051,108,106,2,2
11052,66,65,1,1
11053,67,83,-16,16
11054,71,66,5,5
11055,79,74,5,5
11056,145,144,1,1
11057,62,73,-11,11
11058,60,71,-11,11
11059,126,124,2,2
11060,120,120,0,0
11061,67,72,-5,5
11062,96,95,1,1
11063,54,51,3,3
11064,66,66,0,0
11065,101,95,6,6
11066,83,73,10,10
11067,120,107,13,13
11068,186,177,9,9
11069,72,73,-1,1
11070,91,96,-5,5
11071,158,141,17,17
11072,67,67,0,0
11073,118,97,21,21
11074,63,59,4,4
11075,105,96,9,9
11076,124,119,5,5
11077,108,85,23,23
11078,121,110,11,11
11079,39,44,-5,5
11080,90,88,2,2
11081,218,218,0,0
11082,71,77,-6,6
11083,81,85,-4,4
11084,61,63,-2,2
11085,86,78,8,8
11086,59,57,2,2
11087,168,161,7,7
11088,86,95,-9,9
11089,104,107,-3,3
11090,89,92,-3,3
11091,80,76,4,4
11092,81,76,5,5
11093,87,76,11,11
11094,119,104,15,15
11095,136,123,13,13
11096,113,105,8,8
11097,68,76,-8,8
11098,86,74,12,12
11099,103,97,6,6
11100,72,80,-8,8
11101,142,143,-1,1
11102,172,180,-8,8
11103,166,155,11,11
11104,96,106,-10,10
11105,106,119,-13,13
11106,125,112,13,13
11107,125,114,11,11
11108,75,99,-24,24
11109,94,85,9,9
11110,103,101,2,2
11111,58,53,5,5
11112,81,73,8,8
11113,133,114,19,19
11114,122,119,3,3
11115,99,100,-1,1
11116,67,69,-2,2
11117,126,117,9,9
11118,91,84,7,7
11119,73,74,-1,1
11120,89,91,-2,2
11121,124,136,-12,12
11122,68,62,6,6
11123,126,117,9,9
11124,76,82,-6,6
11125,167,144,23,23
11126,36,41,-5,5
11127,137,130,7,7
11128,93,88,5,5
11129,115,112,3,3
11130,125,112,13,13
11131,79,76,3,3
11132,59,60,-1,1
11133,90,88,2,2
11134,73,75,-2,2
11135,74,73,1,1
11136,111,100,11,11
11137,129,120,9,9
11138,80,79,1,1
11139,97,90,7,7
11140,83,79,4,4
11141,129,123,6,6
11142,120,115,5,5
11143,93,81,12,12
11144,95,103,-8,8
11145,101,97,4,4
11146,93,90,3,3
11147,112,121,-9,9
11148,103,100,3,3
11149,60,67,-7,7
11150,95,103,-8,8
11151,62,65,-3,3
11152,69,71,-2,2
11153,83,96,-13,13
11154,53,50,3,3
11155,98,89,9,9
11156,101,104,-3,3
11157,73,80,-7,7
11158,94,101,-7,7
11159,55,57,-2,2
11160,93,103,-10,10
11161,70,76,-6,6
11162,102,106,-4,4
11163,75,68,7,7
11164,77,66,11,11
11165,96,92,4,4
11166,93,102,-9,9
11167,78,87,-9,9
11168,155,142,13,13
11169,94,95,-1,1
11170,66,66,0,0
11171,71,83,-12,12
11172,96,91,5,5
11173,143,138,5,5
11174,60,64,-4,4
11175,79,86,-7,7
11176,93,88,5,5
11177,126,117,9,9
11178,128,113,15,15
11179,103,92,11,11
11180,95,91,4,4
11181,86,96,-10,10
11182,95,89,6,6
11183,68,70,-2,2
11184,102,106,-4,4
11185,74,73,1,1
11186,94,117,-23,23
11187,83,67,16,16
11188,107,101,6,6
11189,65,65,0,0
11190,66,71,-5,5
11191,113,109,4,4
11192,164,143,21,21
11193,60,63,-3,3
11194,139,149,-10,10
11195,96,101,-5,5
11196,87,76,11,11
11197,113,107,6,6
11198,180,170,10,10
11199,106,99,7,7
11200,73,74,-1,1
11201,121,120,1,1
11202,125,113,12,12
11203,62,66,-4,4
11204,56,51,5,5
11205,81,81,0,0
11206,103,98,5,5
11207,107,97,10,10
11208,70,65,5,5
11209,107,100,7,7
11210,167,208,-41,41
11211,72,56,16,16
11212,123,112,11,11
11213,178,183,-5,5
11214,142,146,-4,4
11215,138,121,17,17
11216,148,133,15,15
11217,141,134,7,7
11218,119,122,-3,3
11219,67,71,-4,4
11220,126,135,-9,9
11221,35,71,-36,36
11222,86,88,-2,2
11223,82,91,-9,9
11224,135,154,-19,19
11225,111,99,12,12
11226,145,140,5,5
11227,99,81,18,18
11228,69,74,-5,5
11229,81,90,-9,9
11230,58,60,-2,2
11231,58,70,-12,12
11232,141,120,21,21
11233,75,83,-8,8
11234,108,111,-3,3
11235,128,130,-2,2
11236,87,97,-10,10
11237,90,97,-7,7
11238,133,129,4,4
11239,73,71,2,2
11240,63,63,0,0
11241,73,77,-4,4
11242,136,136,0,0
11243,105,99,6,6
11244,60,63,-3,3
11245,102,93,9,9
11246,100,96,4,4
11247,57,61,-4,4
11248,71,72,-1,1
11249,76,75,1,1
11250,58,60,-2,2
11251,204,182,22,22
11252,96,94,2,2
11253,113,104,9,9
11254,114,92,22,22
11255,138,126,12,12
11256,79,85,-6,6
11257,142,125,17,17
11258,109,104,5,5
11259,141,136,5,5
11260,73,71,2,2
11261,89,78,11,11
11262,85,89,-4,4
11263,159,142,17,17
11264,107,99,8,8
11265,68,73,-5,5
11266,79,84,-5,5
11267,109,108,1,1
11268,78,69,9,9
11269,61,65,-4,4
11270,102,98,4,4
11271,140,138,2,2
11272,156,146,10,10
11273,155,145,10,10
11274,118,106,12,12
11275,85,82,3,3
11276,162,144,18,18
11277,105,105,0,0
11278,100,94,6,6
11279,102,93,9,9
11280,130,121,9,9
11281,55,63,-8,8
11282,69,77,-8,8
11283,89,81,8,8
11284,39,51,-12,12
11285,139,128,11,11
11286,94,89,5,5
11287,79,73,6,6
11288,171,156,15,15
11289,139,129,10,10
11290,85,85,0,0
11291,86,84,2,2
11292,114,101,13,13
11293,134,118,16,16
11294,51,52,-1,1
11295,47,51,-4,4
11296,56,66,-10,10
11297,72,70,2,2
11298,96,103,-7,7
11299,143,138,5,5
11300,115,98,17,17
11301,99,104,-5,5
11302,91,98,-7,7
11303,85,87,-2,2
11304,151,128,23,23
11305,42,56,-14,14
11306,125,114,11,11
11307,41,73,-32,32
11308,137,113,24,24
11309,100,95,5,5
11310,143,119,24,24
11311,174,162,12,12
11312,81,78,3,3
11313,106,101,5,5
11314,150,132,18,18
11315,66,68,-2,2
11316,119,111,8,8
11317,133,111,22,22
11318,58,60,-2,2
11319,90,92,-2,2
11320,111,109,2,2
11321,157,137,20,20
11322,106,102,4,4
11323,121,115,6,6
11324,61,67,-6,6
11325,111,108,3,3
11326,88,86,2,2
11327,81,84,-3,3
11328,93,87,6,6
11329,77,80,-3,3
11330,163,136,27,27
11331,104,100,4,4
11332,76,72,4,4
11333,52,52,0,0
11334,87,94,-7,7
11335,104,99,5,5
11336,62,60,2,2
11337,112,110,2,2
11338,76,81,-5,5
11339,129,122,7,7
11340,106,113,-7,7
11341,63,67,-4,4
11342,87,87,0,0
11343,106,108,-2,2
11344,86,73,13,13
11345,88,91,-3,3
11346,89,88,1,1
11347,71,79,-8,8
11348,116,101,15,15
11349,55,56,-1,1
11350,83,92,-9,9
11351,64,70,-6,6
11352,71,68,3,3
11353,128,111,17,17
11354,57,63,-6,6
11355,127,124,3,3
11356,47,46,1,1
11357,94,87,7,7
11358,60,54,6,6
11359,60,69,-9,9
11360,55,68,-13,13
11361,97,98,-1,1
11362,82,83,-1,1
11363,109,103,6,6
11364,111,105,6,6
11365,61,60,1,1
11366,70,76,-6,6
11367,79,76,3,3
11368,107,102,5,5
11369,89,84,5,5
11370,60,55,5,5
11371,147,140,7,7
11372,83,80,3,3
11373,104,100,4,4
11374,134,135,-1,1
11375,88,84,4,4
11376,35,42,-7,7
11377,117,125,-8,8
11378,78,75,3,3
11379,149,133,16,16
11380,85,84,1,1
11381,97,93,4,4
11382,115,119,-4,4
11383,109,90,19,19
11384,81,78,3,3
11385,81,89,-8,8
11386,93,96,-3,3
11387,123,130,-7,7
11388,95,95,0,0
11389,102,95,7,7
11390,57,53,4,4
11391,179,185,-6,6
11392,126,127,-1,1
11393,62,60,2,2
11394,65,75,-10,10
11395,109,98,11,11
11396,74,73,1,1
11397,113,109,4,4
11398,121,108,13,13
11399,114,103,11,11
11400,63,67,-4,4
11401,103,101,2,2
11402,80,77,3,3
11403,45,75,-30,30
11404,93,91,2,2
11405,121,107,14,14
11406,166,161,5,5
11407,63,75,-12,12
11408,66,59,7,7
11409,55,77,-22,22
11410,116,111,5,5
11411,96,92,4,4
11412,76,75,1,1
11413,54,65,-11,11
11414,108,107,1,1
11415,51,53,-2,2
11416,109,102,7,7
11417,75,74,1,1
11418,86,89,-3,3
11419,82,91,-9,9
11420,36,44,-8,8
11421,64,69,-5,5
11422,119,103,16,16
11423,53,64,-11,11
11424,73,74,-1,1
11425,58,54,4,4
11426,41,47,-6,6
11427,58,67,-9,9
11428,118,114,4,4
11429,134,119,15,15
11430,75,75,0,0
11431,50,54,-4,4
11432,98,95,3,3
11433,33,42,-9,9
11434,109,97,12,12
11435,79,84,-5,5
11436,60,59,1,1
11437,100,104,-4,4
11438,85,77,8,8
11439,75,80,-5,5
11440,82,72,10,10
11441,57,56,1,1
11442,164,158,6,6
11443,157,146,11,11
11444,76,72,4,4
11445,72,75,-3,3
11446,57,84,-27,27
11447,96,106,-10,10
11448,90,83,7,7
11449,100,92,8,8
11450,129,117,12,12
11451,91,81,10,10
11452,98,93,5,5
11453,102,98,4,4
11454,198,192,6,6
11455,78,72,6,6
11456,60,59,1,1
11457,173,163,10,10
11458,98,97,1,1
11459,72,72,0,0
11460,90,116,-26,26
11461,170,155,15,15
11462,163,143,20,20
11463,77,79,-2,2
11464,66,73,-7,7
11465,67,64,3,3
11466,66,74,-8,8
11467,99,86,13,13
11468,86,86,0,0
11469,85,90,-5,5
11470,71,67,4,4
11471,136,123,13,13
11472,86,82,4,4
11473,60,62,-2,2
11474,119,118,1,1
11475,132,130,2,2
11476,114,113,1,1
11477,66,68,-2,2
11478,147,130,17,17
11479,90,89,1,1
11480,112,102,10,10
11481,68,63,5,5
11482,119,110,9,9
11483,121,112,9,9
11484,70,93,-23,23
11485,124,113,11,11
11486,47,52,-5,5
11487,70,81,-11,11
11488,80,75,5,5
11489,44,47,-3,3
11490,75,78,-3,3
11491,65,70,-5,5
11492,80,72,8,8
11493,95,91,4,4
11494,124,116,8,8
11495,50,56,-6,6
11496,133,115,18,18
11497,77,76,1,1
11498,105,100,5,5
11499,70,68,2,2
11500,86,85,1,1
11501,97,83,14,14
11502,80,76,4,4
11503,98,103,-5,5
11504,106,107,-1,1
11505,74,73,1,1
11506,66,67,-1,1
11507,118,118,0,0
11508,110,94,16,16
11509,156,142,14,14
11510,67,65,2,2
11511,170,136,34,34
11512,117,101,16,16
11513,101,98,3,3
11514,130,118,12,12
11515,93,100,-7,7
11516,105,98,7,7
11517,41,66,-25,25
11518,84,68,16,16
11519,59,61,-2,2
11520,141,131,10,10
11521,47,70,-23,23
11522,114,91,23,23
11523,137,125,12,12
11524,126,131,-5,5
11525,62,64,-2,2
11526,111,107,4,4
11527,74,76,-2,2
11528,81,77,4,4
11529,160,152,8,8
11530,102,96,6,6
11531,91,86,5,5
11532,83,83,0,0
11533,72,64,8,8
11534,68,73,-5,5
11535,126,110,16,16
11536,77,80,-3,3
11537,160,138,22,22
11538,106,103,3,3
11539,81,82,-1,1
11540,170,136,34,34
11541,131,123,8,8
11542,50,67,-17,17
11543,115,106,9,9
11544,70,74,-4,4
11545,109,113,-4,4
11546,72,66,6,6
11547,74,76,-2,2
11548,67,70,-3,3
11549,81,77,4,4
11550,83,83,0,0
11551,105,102,3,3
11552,95,99,-4,4
11553,133,118,15,15
11554,115,120,-5,5
11555,98,92,6,6
11556,55,47,8,8
11557,109,103,6,6
11558,50,59,-9,9
11559,145,129,16,16
11560,89,74,15,15
11561,85,85,0,0
11562,85,82,3,3
11563,65,91,-26,26
11564,86,85,1,1
11565,105,93,12,12
11566,53,53,0,0
11567,60,61,-1,1
11568,121,110,11,11
11569,52,65,-13,13
11570,53,55,-2,2
11571,164,154,10,10
11572,92,95,-3,3
11573,100,99,1,1
11574,111,104,7,7
11575,67,65,2,2
11576,169,151,18,18
11577,86,81,5,5
11578,51,49,2,2
11579,96,92,4,4
11580,97,82,15,15
11581,82,72,10,10
11582,75,79,-4,4
11583,103,94,9,9
11584,91,85,6,6
11585,108,105,3,3
11586,85,89,-4,4
11587,137,130,7,7
11588,88,91,-3,3
11589,167,150,17,17
11590,65,69,-4,4
11591,92,81,11,11
11592,98,87,11,11
11593,68,71,-3,3
11594,65,62,3,3
11595,60,59,1,1
11596,71,65,6,6
11597,50,50,0,0
11598,79,83,-4,4
11599,102,95,7,7
11600,85,79,6,6
11601,69,67,2,2
11602,105,103,2,2
11603,114,106,8,8
11604,77,80,-3,3
11605,70,63,7,7
11606,80,80,0,0
11607,137,138,-1,1
11608,105,100,5,5
11609,83,90,-7,7
11610,95,93,2,2
11611,70,78,-8,8
11612,183,169,14,14
11613,50,54,-4,4
11614,164,155,9,9
11615,125,112,13,13
11616,90,87,3,3
11617,108,101,7,7
11618,150,148,2,2
11619,90,88,2,2
11620,73,71,2,2
11621,86,93,-7,7
11622,91,97,-6,6
11623,108,103,5,5
11624,120,109,11,11
11625,127,105,22,22
11626,65,61,4,4
11627,121,90,31,31
11628,80,75,5,5
11629,89,74,15,15
11630,81,74,7,7
11631,96,74,22,22
11632,119,110,9,9
11633,118,114,4,4
11634,128,126,2,2
11635,56,70,-14,14
11636,56,69,-13,13
11637,86,79,7,7
11638,79,75,4,4
11639,116,104,12,12
11640,69,73,-4,4
11641,111,92,19,19
11642,81,94,-13,13
11643,56,58,-2,2
11644,119,120,-1,1
11645,82,74,8,8
11646,81,77,4,4
11647,136,117,19,19
11648,127,127,0,0
11649,108,111,-3,3
11650,129,124,5,5
11651,74,91,-17,17
11652,63,80,-17,17
11653,168,148,20,20
11654,100,99,1,1
11655,66,68,-2,2
11656,70,81,-11,11
11657,101,94,7,7
11658,112,99,13,13
11659,102,87,15,15
11660,124,117,7,7
11661,82,80,2,2
11662,94,90,4,4
11663,70,82,-12,12
11664,72,78,-6,6
11665,67,66,1,1
11666,117,126,-9,9
11667,47,47,0,0
11668,110,93,17,17
11669,93,90,3,3
11670,64,63,1,1
11671,134,130,4,4
11672,66,66,0,0
11673,69,65,4,4
11674,99,104,-5,5
11675,137,124,13,13
11676,58,63,-5,5
11677,85,78,7,7
11678,94,90,4,4
11679,104,100,4,4
11680,108,104,4,4
11681,89,85,4,4
11682,176,160,16,16
11683,88,90,-2,2
11684,46,52,-6,6
11685,94,95,-1,1
11686,162,152,10,10
11687,92,90,2,2
11688,96,89,7,7
11689,124,121,3,3
11690,74,84,-10,10
11691,68,73,-5,5
11692,67,69,-2,2
11693,90,93,-3,3
11694,87,88,-1,1
11695,86,77,9,9
11696,68,72,-4,4
11697,90,84,6,6
11698,77,81,-4,4
11699,126,102,24,24
11700,126,114,12,12
11701,94,95,-1,1
11702,172,162,10,10
11703,63,88,-25,25
11704,101,95,6,6
11705,148,136,12,12
11706,87,92,-5,5
11707,127,110,17,17
11708,121,99,22,22
11709,142,141,1,1
11710,73,76,-3,3
11711,71,72,-1,1
11712,103,127,-24,24
11713,39,43,-4,4
11714,99,102,-3,3
11715,69,65,4,4
11716,182,161,21,21
11717,138,156,-18,18
11718,142,132,10,10
11719,114,118,-4,4
11720,54,62,-8,8
11721,93,86,7,7
11722,110,102,8,8
11723,38,46,-8,8
11724,133,133,0,0
11725,143,130,13,13
11726,125,122,3,3
11727,69,67,2,2
11728,120,116,4,4
11729,121,126,-5,5
11730,71,65,6,6
11731,97,91,6,6
11732,104,97,7,7
11733,97,89,8,8
11734,47,51,-4,4
11735,184,173,11,11
11736,110,116,-6,6
11737,67,69,-2,2
11738,106,103,3,3
11739,66,77,-11,11
11740,118,105,13,13
11741,81,82,-1,1
11742,83,82,1,1
11743,64,74,-10,10
11744,70,60,10,10
11745,50,51,-1,1
11746,93,82,11,11
11747,157,134,23,23
11748,51,51,0,0
11749,77,73,4,4
11750,87,80,7,7
11751,119,109,10,10
11752,115,105,10,10
11753,85,73,12,12
11754,63,80,-17,17
11755,91,94,-3,3
11756,67,66,1,1
11757,64,72,-8,8
11758,127,133,-6,6
11759,67,70,-3,3
11760,71,72,-1,1
11761,96,86,10,10
11762,111,107,4,4
11763,62,62,0,0
11764,77,72,5,5
11765,174,168,6,6
11766,138,123,15,15
11767,65,65,0,0
11768,116,107,9,9
11769,47,53,-6,6
11770,119,114,5,5
11771,94,82,12,12
11772,122,116,6,6
11773,92,96,-4,4
11774,148,119,29,29
11775,67,74,-7,7
11776,101,98,3,3
11777,86,83,3,3
11778,53,56,-3,3
11779,77,78,-1,1
11780,126,108,18,18
11781,74,67,7,7
11782,91,90,1,1
11783,81,82,-1,1
11784,43,47,-4,4
11785,114,103,11,11
11786,79,84,-5,5
11787,96,88,8,8
11788,106,93,13,13
11789,79,87,-8,8
11790,120,125,-5,5
11791,107,105,2,2
11792,98,94,4,4
11793,47,50,-3,3
11794,76,78,-2,2
11795,85,81,4,4
11796,67,79,-12,12
11797,79,77,2,2
11798,90,99,-9,9
11799,84,77,7,7
11800,152,132,20,20
11801,152,133,19,19
11802,87,83,4,4
11803,65,64,1,1
11804,83,79,4,4
11805,205,190,15,15
11806,151,145,6,6
11807,114,97,17,17
11808,83,82,1,1
11809,66,73,-7,7
11810,66,69,-3,3
11811,105,98,7,7
11812,176,159,17,17
11813,166,161,5,5
11814,185,161,24,24
11815,108,104,4,4
11816,95,91,4,4
11817,67,82,-15,15
11818,87,88,-1,1
11819,82,83,-1,1
11820,121,110,11,11
11821,71,77,-6,6
11822,62,67,-5,5
11823,113,89,24,24
11824,104,98,6,6
11825,68,68,0,0
11826,93,95,-2,2
11827,74,68,6,6
11828,60,63,-3,3
11829,80,87,-7,7
11830,70,74,-4,4
11831,75,75,0,0
11832,76,68,8,8
11833,75,72,3,3
11834,80,72,8,8
11835,45,53,-8,8
11836,93,105,-12,12
11837,99,105,-6,6
11838,77,85,-8,8
11839,89,86,3,3
11840,143,146,-3,3
11841,83,88,-5,5
11842,102,99,3,3
11843,122,118,4,4
11844,118,105,13,13
11845,132,106,26,26
11846,102,107,-5,5
11847,75,69,6,6
11848,105,105,0,0
11849,124,114,10,10
11850,75,71,4,4
11851,47,53,-6,6
11852,130,125,5,5
11853,147,138,9,9
11854,134,121,13,13
11855,71,73,-2,2
11856,72,70,2,2
11857,42,49,-7,7
11858,97,89,8,8
11859,99,105,-6,6
11860,147,144,3,3
11861,127,120,7,7
11862,65,65,0,0
11863,73,87,-14,14
11864,54,61,-7,7
11865,87,88,-1,1
11866,125,125,0,0
11867,120,120,0,0
11868,75,73,2,2
11869,101,103,-2,2
11870,139,133,6,6
11871,93,86,7,7
11872,85,88,-3,3
11873,162,144,18,18
11874,158,151,7,7
11875,234,193,41,41
11876,76,78,-2,2
11877,68,65,3,3
11878,60,57,3,3
11879,115,103,12,12
11880,92,90,2,2
11881,99,81,18,18
11882,95,89,6,6
11883,69,78,-9,9
11884,53,64,-11,11
11885,100,94,6,6
11886,157,145,12,12
11887,103,96,7,7
11888,117,114,3,3
11889,100,92,8,8
11890,95,88,7,7
11891,146,127,19,19
11892,97,90,7,7
11893,49,47,2,2
11894,83,84,-1,1
11895,89,80,9,9
11896,97,100,-3,3
11897,98,95,3,3
11898,99,96,3,3
11899,52,64,-12,12
11900,92,89,3,3
11901,128,133,-5,5
11902,60,56,4,4
11903,47,51,-4,4
11904,106,96,10,10
11905,78,68,10,10
11906,143,142,1,1
11907,90,85,5,5
11908,125,116,9,9
11909,80,88,-8,8
11910,114,106,8,8
11911,161,139,22,22
11912,120,110,10,10
11913,41,65,-24,24
11914,38,47,-9,9
11915,105,110,-5,5
11916,48,48,0,0
11917,58,60,-2,2
11918,112,103,9,9
11919,59,60,-1,1
11920,76,79,-3,3
11921,118,112,6,6
11922,77,71,6,6
11923,51,56,-5,5
11924,76,66,10,10
11925,56,56,0,0
11926,40,50,-10,10
11927,69,69,0,0
11928,77,77,0,0
11929,91,91,0,0
11930,149,141,8,8
11931,110,103,7,7
11932,115,116,-1,1
11933,117,108,9,9
11934,93,86,7,7
11935,31,41,-10,10
11936,111,119,-8,8
11937,79,86,-7,7
11938,72,72,0,0
11939,44,50,-6,6
11940,89,87,2,2
11941,51,53,-2,2
11942,186,181,5,5
11943,144,126,18,18
11944,98,90,8,8
11945,68,68,0,0
11946,82,84,-2,2
11947,110,102,8,8
11948,101,77,24,24
11949,73,74,-1,1
11950,106,106,0,0
11951,50,52,-2,2
11952,128,119,9,9
11953,82,85,-3,3
11954,39,62,-23,23
11955,57,58,-1,1
11956,100,95,5,5
11957,132,128,4,4
11958,58,63,-5,5
11959,65,66,-1,1
11960,46,52,-6,6
11961,90,85,5,5
11962,132,122,10,10
11963,84,87,-3,3
11964,95,89,6,6
11965,152,146,6,6
11966,67,69,-2,2
11967,96,102,-6,6
11968,78,81,-3,3
11969,99,87,12,12
11970,71,78,-7,7
11971,116,105,11,11
11972,122,119,3,3
11973,81,79,2,2
11974,42,48,-6,6
11975,121,115,6,6
11976,144,134,10,10
11977,190,186,4,4
11978,132,119,13,13
11979,112,95,17,17
11980,106,89,17,17
11981,104,93,11,11
11982,79,74,5,5
11983,81,82,-1,1
11984,92,107,-15,15
11985,55,61,-6,6
11986,85,73,12,12
11987,72,69,3,3
11988,48,50,-2,2
11989,92,102,-10,10
11990,44,50,-6,6
11991,112,104,8,8
11992,118,109,9,9
11993,74,79,-5,5
11994,102,91,11,11
11995,93,100,-7,7
11996,113,98,15,15
11997,89,89,0,0
11998,133,126,7,7
11999,45,51,-6,6
12000,53,52,1,1
12001,139,129,10,10
12002,61,65,-4,4
12003,85,99,-14,14
12004,67,65,2,2
12005,81,77,4,4
12006,33,40,-7,7
12007,74,75,-1,1
12008,81,78,3,3
12009,81,84,-3,3
12010,114,106,8,8
12011,158,157,1,1
12012,59,65,-6,6
12013,60,67,-7,7
12014,111,103,8,8
12015,102,98,4,4
12016,89,80,9,9
12017,80,75,5,5
12018,73,79,-6,6
12019,53,51,2,2
12020,124,114,10,10
12021,108,102,6,6
12022,101,86,15,15
12023,93,94,-1,1
12024,69,77,-8,8
12025,111,111,0,0
12026,74,78,-4,4
12027,80,78,2,2
12028,101,91,10,10
12029,127,134,-7,7
12030,78,73,5,5
12031,143,145,-2,2
12032,114,121,-7,7
12033,49,74,-25,25
12034,115,116,-1,1
12035,103,89,14,14
12036,84,88,-4,4
12037,88,90,-2,2
12038,92,87,5,5
12039,108,108,0,0
12040,90,84,6,6
12041,65,67,-2,2
12042,60,59,1,1
12043,72,73,-1,1
12044,129,136,-7,7
12045,76,79,-3,3
12046,109,112,-3,3
12047,88,96,-8,8
12048,60,62,-2,2
12049,47,46,1,1
12050,100,92,8,8
12051,117,120,-3,3
12052,125,109,16,16
12053,113,101,12,12
12054,54,52,2,2
12055,111,118,-7,7
12056,156,137,19,19
12057,110,104,6,6
12058,82,90,-8,8
12059,114,102,12,12
12060,68,74,-6,6
12061,66,77,-11,11
12062,90,91,-1,1
12063,63,65,-2,2
12064,100,98,2,2
12065,66,70,-4,4
12066,141,131,10,10
12067,79,75,4,4
12068,104,87,17,17
12069,140,123,17,17
12070,72,75,-3,3
12071,39,46,-7,7
12072,118,109,9,9
12073,97,84,13,13
12074,95,103,-8,8
12075,86,84,2,2
12076,90,86,4,4
12077,86,94,-8,8
12078,95,92,3,3
12079,118,106,12,12
12080,94,86,8,8
12081,130,128,2,2
12082,58,58,0,0
12083,121,122,-1,1
12084,125,122,3,3
12085,150,142,8,8
12086,102,96,6,6
12087,122,104,18,18
12088,109,102,7,7
12089,74,76,-2,2
12090,93,83,10,10
12091,53,56,-3,3
12092,117,120,-3,3
12093,93,93,0,0
12094,191,190,1,1
12095,142,114,28,28
12096,123,104,19,19
12097,83,85,-2,2
12098,127,118,9,9
12099,83,83,0,0
12100,85,80,5,5
12101,83,86,-3,3
12102,94,85,9,9
12103,164,149,15,15
12104,72,65,7,7
12105,76,65,11,11
12106,122,106,16,16
12107,59,45,14,14
12108,87,85,2,2
12109,88,67,21,21
12110,61,60,1,1
12111,154,139,15,15
12112,159,142,17,17
12113,163,144,19,19
12114,104,94,10,10
12115,121,120,1,1
12116,116,103,13,13
12117,98,97,1,1
12118,84,85,-1,1
12119,42,45,-3,3
12120,78,75,3,3
12121,99,109,-10,10
12122,77,90,-13,13
12123,189,169,20,20
12124,66,79,-13,13
12125,144,142,2,2
12126,196,178,18,18
12127,107,100,7,7
12128,68,72,-4,4
12129,88,80,8,8
12130,36,46,-10,10
12131,107,100,7,7
12132,123,107,16,16
12133,62,63,-1,1
12134,207,189,18,18
12135,89,88,1,1
12136,74,75,-1,1
12137,87,85,2,2
12138,135,128,7,7
12139,72,67,5,5
12140,183,140,43,43
12141,118,123,-5,5
12142,110,85,25,25
12143,111,106,5,5
12144,122,106,16,16
12145,90,92,-2,2
12146,121,114,7,7
12147,58,66,-8,8
12148,126,120,6,6
12149,105,95,10,10
12150,109,105,4,4
12151,71,76,-5,5
12152,148,139,9,9
12153,95,95,0,0
12154,103,102,1,1
12155,90,90,0,0
12156,77,78,-1,1
12157,126,115,11,11
12158,141,132,9,9
12159,134,119,15,15
12160,49,48,1,1
12161,99,98,1,1
12162,130,115,15,15
12163,74,69,5,5
12164,64,65,-1,1
12165,196,170,26,26
12166,106,110,-4,4
12167,100,98,2,2
12168,88,86,2,2
12169,116,108,8,8
12170,107,105,2,2
12171,128,126,2,2
12172,93,81,12,12
12173,150,130,20,20
12174,92,83,9,9
12175,96,84,12,12
12176,115,108,7,7
12177,111,98,13,13
12178,87,87,0,0
12179,69,69,0,0
12180,139,146,-7,7
12181,104,103,1,1
12182,115,114,1,1
12183,114,104,10,10
12184,58,64,-6,6
12185,77,77,0,0
12186,79,84,-5,5
12187,114,111,3,3
12188,111,114,-3,3
12189,102,97,5,5
12190,161,156,5,5
12191,197,183,14,14
12192,72,71,1,1
12193,142,136,6,6
12194,49,64,-15,15
12195,63,66,-3,3
12196,135,130,5,5
12197,192,168,24,24
12198,47,50,-3,3
12199,110,106,4,4
12200,71,74,-3,3
12201,108,106,2,2
12202,137,134,3,3
12203,128,117,11,11
12204,137,131,6,6
12205,148,139,9,9
12206,82,84,-2,2
12207,70,80,-10,10
12208,60,51,9,9
12209,115,104,11,11
12210,76,74,2,2
12211,86,77,9,9
12212,97,95,2,2
12213,122,113,9,9
12214,104,95,9,9
12215,149,151,-2,2
12216,73,73,0,0
12217,88,83,5,5
12218,93,85,8,8
12219,94,90,4,4
12220,110,98,12,12
12221,56,69,-13,13
12222,66,69,-3,3
12223,73,74,-1,1
12224,96,97,-1,1
12225,121,108,13,13
12226,122,121,1,1
12227,94,104,-10,10
12228,88,100,-12,12
12229,130,130,0,0
12230,63,72,-9,9
12231,141,126,15,15
12232,54,61,-7,7
12233,73,73,0,0
12234,71,72,-1,1
12235,95,85,10,10
12236,121,103,18,18
12237,73,74,-1,1
12238,125,122,3,3
12239,67,79,-12,12
12240,121,109,12,12
12241,109,108,1,1
12242,64,67,-3,3
12243,96,90,6,6
12244,119,129,-10,10
12245,93,97,-4,4
12246,75,76,-1,1
12247,95,93,2,2
12248,66,71,-5,5
12249,99,94,5,5
12250,47,46,1,1
12251,84,97,-13,13
12252,165,201,-36,36
12253,97,89,8,8
12254,73,80,-7,7
12255,37,47,-10,10
12256,104,93,11,11
12257,71,71,0,0
12258,65,66,-1,1
12259,66,57,9,9
12260,63,61,2,2
12261,96,99,-3,3
12262,130,119,11,11
12263,141,134,7,7
12264,86,99,-13,13
12265,108,107,1,1
12266,128,112,16,16
12267,118,108,10,10
12268,83,78,5,5
12269,68,69,-1,1
12270,84,81,3,3
12271,105,96,9,9
12272,61,74,-13,13
12273,73,77,-4,4
12274,65,68,-3,3
12275,131,107,24,24
12276,118,107,11,11
12277,93,92,1,1
12278,76,70,6,6
12279,75,73,2,2
12280,65,69,-4,4
12281,70,66,4,4
12282,140,137,3,3
12283,95,92,3,3
12284,145,121,24,24
12285,82,72,10,10
12286,185,160,25,25
12287,71,69,2,2
12288,100,104,-4,4
12289,99,89,10,10
12290,64,66,-2,2
12291,65,68,-3,3
12292,51,53,-2,2
12293,79,89,-10,10
12294,50,55,-5,5
12295,128,133,-5,5
12296,109,97,12,12
12297,106,88,18,18
12298,50,52,-2,2
12299,126,119,7,7
12300,105,100,5,5
12301,39,50,-11,11
12302,70,68,2,2
12303,134,96,38,38
12304,46,52,-6,6
12305,81,82,-1,1
12306,115,109,6,6
12307,56,66,-10,10
12308,90,84,6,6
12309,107,100,7,7
12310,38,45,-7,7
12311,112,105,7,7
12312,86,86,0,0
12313,102,97,5,5
12314,81,87,-6,6
12315,133,123,10,10
12316,65,65,0,0
12317,67,78,-11,11
12318,63,67,-4,4
12319,105,95,10,10
12320,81,81,0,0
12321,97,100,-3,3
12322,96,102,-6,6
12323,113,128,-15,15
12324,91,91,0,0
12325,67,79,-12,12
12326,85,84,1,1
12327,102,102,0,0
12328,76,75,1,1
12329,190,187,3,3
12330,63,70,-7,7
12331,87,74,13,13
12332,140,128,12,12
12333,113,97,16,16
12334,102,99,3,3
12335,62,55,7,7
12336,57,58,-1,1
12337,48,63,-15,15
12338,62,57,5,5
12339,94,105,-11,11
12340,95,101,-6,6
12341,183,166,17,17
12342,80,82,-2,2
12343,164,158,6,6
12344,66,70,-4,4
12345,67,79,-12,12
12346,103,101,2,2
12347,69,78,-9,9
12348,118,114,4,4
12349,78,71,7,7
12350,66,65,1,1
12351,94,92,2,2
12352,92,91,1,1
12353,142,130,12,12
12354,55,66,-11,11
12355,101,101,0,0
12356,79,72,7,7
12357,122,122,0,0
12358,123,106,17,17
12359,38,42,-4,4
12360,65,78,-13,13
12361,138,118,20,20
12362,76,77,-1,1
12363,114,113,1,1
12364,79,87,-8,8
12365,114,103,11,11
12366,68,68,0,0
12367,78,74,4,4
12368,93,95,-2,2
12369,103,102,1,1
12370,163,129,34,34
12371,101,103,-2,2
12372,126,116,10,10
12373,67,64,3,3
12374,78,76,2,2
12375,116,107,9,9
12376,128,125,3,3
12377,91,85,6,6
12378,142,127,15,15
12379,65,67,-2,2
12380,145,152,-7,7
12381,61,55,6,6
12382,136,109,27,27
12383,84,80,4,4
12384,98,88,10,10
12385,87,87,0,0
12386,107,104,3,3
12387,115,126,-11,11
12388,106,95,11,11
12389,93,94,-1,1
12390,80,71,9,9
12391,130,113,17,17
12392,115,100,15,15
12393,97,105,-8,8
12394,92,90,2,2
12395,88,87,1,1
12396,66,64,2,2
12397,66,64,2,2
12398,87,89,-2,2
12399,106,101,5,5
12400,70,78,-8,8
12401,180,162,18,18
12402,87,96,-9,9
12403,89,81,8,8
12404,92,95,-3,3
12405,125,108,17,17
12406,88,99,-11,11
12407,109,102,7,7
12408,35,43,-8,8
12409,67,78,-11,11
12410,117,108,9,9
12411,190,166,24,24
12412,114,110,4,4
12413,137,129,8,8
12414,138,146,-8,8
12415,129,130,-1,1
12416,106,87,19,19
12417,63,67,-4,4
12418,58,65,-7,7
12419,57,67,-10,10
12420,86,89,-3,3
12421,104,96,8,8
12422,97,94,3,3
12423,101,97,4,4
12424,137,119,18,18
12425,64,52,12,12
12426,176,189,-13,13
12427,93,85,8,8
12428,120,110,10,10
12429,108,105,3,3
12430,70,71,-1,1
12431,97,89,8,8
12432,83,89,-6,6
12433,83,77,6,6
12434,150,152,-2,2
12435,64,70,-6,6
12436,89,80,9,9
12437,96,91,5,5
12438,114,107,7,7
12439,119,118,1,1
12440,61,60,1,1
12441,96,93,3,3
12442,105,103,2,2
12443,61,57,4,4
12444,141,129,12,12
12445,86,82,4,4
12446,87,84,3,3
12447,90,79,11,11
12448,105,106,-1,1
12449,91,85,6,6
12450,111,112,-1,1
12451,76,78,-2,2
12452,87,86,1,1
12453,91,92,-1,1
12454,107,110,-3,3
12455,110,107,3,3
12456,124,127,-3,3
12457,128,117,11,11
12458,109,104,5,5
12459,71,67,4,4
12460,87,79,8,8
12461,148,136,12,12
12462,107,97,10,10
12463,134,127,7,7
12464,23,38,-15,15
12465,119,129,-10,10
12466,91,86,5,5
12467,25,44,-19,19
12468,61,75,-14,14
12469,101,95,6,6
12470,72,68,4,4
12471,95,98,-3,3
12472,47,45,2,2
12473,97,92,5,5
12474,81,81,0,0
12475,59,56,3,3
12476,77,73,4,4
12477,138,116,22,22
12478,120,119,1,1
12479,136,132,4,4
12480,79,80,-1,1
12481,63,64,-1,1
12482,102,97,5,5
12483,158,142,16,16
12484,73,78,-5,5
12485,53,48,5,5
12486,83,85,-2,2
12487,155,132,23,23
12488,139,118,21,21
12489,93,82,11,11
12490,128,128,0,0
12491,98,107,-9,9
12492,96,85,11,11
12493,153,137,16,16
12494,104,102,2,2
12495,115,96,19,19
12496,72,73,-1,1
12497,90,85,5,5
12498,127,132,-5,5
12499,112,124,-12,12
12500,64,73,-9,9
12501,73,68,5,5
12502,72,75,-3,3
12503,73,83,-10,10
12504,56,62,-6,6
12505,106,97,9,9
12506,144,129,15,15
12507,47,70,-23,23
12508,147,138,9,9
12509,95,90,5,5
12510,76,83,-7,7
12511,128,124,4,4
12512,81,74,7,7
12513,79,84,-5,5
12514,86,85,1,1
12515,44,53,-9,9
12516,87,89,-2,2
12517,102,103,-1,1
12518,116,115,1,1
12519,105,99,6,6
12520,113,120,-7,7
12521,152,131,21,21
12522,175,165,10,10
12523,70,68,2,2
12524,173,161,12,12
12525,87,82,5,5
12526,102,95,7,7
12527,88,89,-1,1
12528,76,73,3,3
12529,110,98,12,12
12530,99,101,-2,2
12531,71,71,0,0
12532,75,74,1,1
12533,105,100,5,5
12534,153,151,2,2
12535,100,110,-10,10
12536,90,85,5,5
12537,83,97,-14,14
12538,82,88,-6,6
12539,49,55,-6,6
12540,69,71,-2,2
12541,113,111,2,2
12542,63,66,-3,3
12543,58,61,-3,3
12544,65,66,-1,1
12545,145,142,3,3
12546,50,53,-3,3
12547,83,87,-4,4
12548,100,97,3,3
12549,76,73,3,3
12550,72,76,-4,4
12551,71,92,-21,21
12552,106,98,8,8
12553,127,131,-4,4
12554,96,91,5,5
12555,67,71,-4,4
12556,140,131,9,9
12557,56,55,1,1
12558,108,103,5,5
12559,94,85,9,9
12560,59,59,0,0
12561,84,87,-3,3
12562,96,95,1,1
12563,92,102,-10,10
12564,186,177,9,9
12565,62,63,-1,1
12566,164,146,18,18
12567,49,50,-1,1
12568,62,60,2,2
12569,50,61,-11,11
12570,128,119,9,9
12571,57,66,-9,9
12572,69,68,1,1
12573,48,60,-12,12
12574,132,118,14,14
12575,140,139,1,1
12576,107,101,6,6
12577,80,80,0,0
12578,78,78,0,0
12579,140,123,17,17
12580,78,78,0,0
12581,123,107,16,16
12582,87,92,-5,5
12583,91,103,-12,12
12584,119,128,-9,9
12585,107,102,5,5
12586,52,53,-1,1
12587,61,72,-11,11
12588,102,91,11,11
12589,79,73,6,6
12590,81,77,4,4
12591,72,69,3,3
12592,74,80,-6,6
12593,73,65,8,8
12594,114,87,27,27
12595,127,119,8,8
12596,92,81,11,11
12597,118,119,-1,1
12598,115,191,-76,76
12599,73,71,2,2
12600,93,94,-1,1
12601,70,71,-1,1
12602,73,72,1,1
12603,107,114,-7,7
12604,96,97,-1,1
12605,101,84,17,17
12606,76,86,-10,10
12607,85,75,10,10
12608,111,109,2,2
12609,42,52,-10,10
12610,69,69,0,0
12611,97,86,11,11
12612,90,84,6,6
12613,96,92,4,4
12614,114,130,-16,16
12615,121,111,10,10
12616,68,71,-3,3
12617,45,46,-1,1
12618,73,76,-3,3
12619,109,101,8,8
12620,175,166,9,9
12621,90,85,5,5
12622,70,69,1,1
12623,85,85,0,0
12624,62,65,-3,3
12625,89,93,-4,4
12626,132,121,11,11
12627,155,138,17,17
12628,99,99,0,0
12629,60,59,1,1
12630,110,98,12,12
12631,87,81,6,6
12632,98,101,-3,3
12633,80,94,-14,14
12634,127,119,8,8
12635,172,153,19,19
12636,181,165,16,16
12637,130,119,11,11
12638,76,73,3,3
12639,86,78,8,8
12640,105,98,7,7
12641,105,111,-6,6
12642,56,66,-10,10
12643,65,69,-4,4
12644,42,46,-4,4
12645,120,109,11,11
12646,65,65,0,0
12647,76,79,-3,3
12648,134,120,14,14
12649,28,67,-39,39
12650,96,89,7,7
12651,92,90,2,2
12652,53,52,1,1
12653,66,63,3,3
12654,79,74,5,5
12655,101,110,-9,9
12656,78,94,-16,16
12657,88,93,-5,5
12658,136,123,13,13
12659,142,137,5,5
12660,73,65,8,8
12661,97,86,11,11
12662,80,70,10,10
12663,51,54,-3,3
12664,69,80,-11,11
12665,52,51,1,1
12666,57,56,1,1
12667,100,106,-6,6
12668,147,138,9,9
12669,129,124,5,5
12670,92,97,-5,5
12671,107,91,16,16
12672,99,103,-4,4
12673,89,90,-1,1
12674,58,56,2,2
12675,103,88,15,15
12676,33,45,-12,12
12677,103,90,13,13
12678,88,90,-2,2
12679,81,79,2,2
12680,53,57,-4,4
12681,70,76,-6,6
12682,32,44,-12,12
12683,88,82,6,6
12684,99,111,-12,12
12685,110,104,6,6
12686,78,78,0,0
12687,99,98,1,1
12688,46,52,-6,6
12689,136,114,22,22
12690,75,71,4,4
12691,117,98,19,19
12692,93,82,11,11
12693,132,126,6,6
12694,70,73,-3,3
12695,69,73,-4,4
12696,49,41,8,8
12697,71,66,5,5
12698,118,111,7,7
12699,97,93,4,4
12700,76,87,-11,11
12701,195,146,49,49
12702,128,117,11,11
12703,66,56,10,10
12704,120,116,4,4
12705,73,77,-4,4
12706,62,71,-9,9
12707,104,87,17,17
12708,94,97,-3,3
12709,94,86,8,8
12710,110,96,14,14
12711,96,92,4,4
12712,107,98,9,9
12713,77,83,-6,6
12714,91,97,-6,6
12715,63,59,4,4
12716,128,106,22,22
12717,77,76,1,1
12718,67,74,-7,7
12719,124,109,15,15
12720,94,92,2,2
12721,64,64,0,0
12722,74,75,-1,1
12723,88,89,-1,1
12724,70,72,-2,2
12725,78,75,3,3
12726,66,76,-10,10
12727,104,103,1,1
12728,134,140,-6,6
12729,92,88,4,4
12730,74,69,5,5
12731,93,87,6,6
12732,98,90,8,8
12733,100,91,9,9
12734,87,88,-1,1
12735,101,95,6,6
12736,49,50,-1,1
12737,121,108,13,13
12738,84,94,-10,10
12739,158,148,10,10
12740,115,99,16,16
12741,125,111,14,14
12742,53,48,5,5
12743,80,83,-3,3
12744,68,66,2,2
12745,103,96,7,7
12746,107,105,2,2
12747,77,86,-9,9
12748,100,103,-3,3
12749,120,118,2,2
12750,91,89,2,2
12751,77,64,13,13
12752,132,119,13,13
12753,131,119,12,12
12754,43,65,-22,22
12755,45,48,-3,3
12756,124,110,14,14
12757,86,78,8,8
12758,107,98,9,9
12759,82,87,-5,5
12760,204,181,23,23
12761,107,98,9,9
12762,120,121,-1,1
12763,140,130,10,10
12764,153,137,16,16
12765,83,85,-2,2
12766,47,48,-1,1
12767,91,82,9,9
12768,68,53,15,15
12769,56,55,1,1
12770,77,83,-6,6
12771,37,48,-11,11
12772,117,104,13,13
12773,85,80,5,5
12774,101,93,8,8
12775,67,76,-9,9
12776,118,122,-4,4
12777,56,66,-10,10
12778,68,67,1,1
12779,65,80,-15,15
12780,105,98,7,7
12781,102,104,-2,2
12782,116,106,10,10
12783,69,69,0,0
12784,79,74,5,5
12785,105,99,6,6
12786,101,78,23,23
12787,106,89,17,17
12788,89,83,6,6
12789,77,80,-3,3
12790,116,114,2,2
12791,111,99,12,12
12792,91,79,12,12
12793,74,71,3,3
12794,96,94,2,2
12795,119,120,-1,1
12796,124,113,11,11
12797,83,76,7,7
12798,59,68,-9,9
12799,87,82,5,5
12800,55,56,-1,1
12801,121,118,3,3
12802,94,89,5,5
12803,90,88,2,2
12804,181,164,17,17
12805,93,87,6,6
12806,72,72,0,0
12807,92,92,0,0
12808,153,139,14,14
12809,55,58,-3,3
12810,61,66,-5,5
12811,99,92,7,7
12812,82,84,-2,2
12813,102,90,12,12
12814,148,141,7,7
12815,112,110,2,2
12816,172,170,2,2
12817,133,126,7,7
12818,97,94,3,3
12819,70,77,-7,7
12820,70,75,-5,5
12821,98,84,14,14
12822,96,103,-7,7
12823,69,69,0,0
12824,90,83,7,7
12825,138,124,14,14
12826,132,125,7,7
12827,153,152,1,1
12828,86,77,9,9
12829,108,100,8,8
12830,80,86,-6,6
12831,154,134,20,20
12832,116,118,-2,2
12833,103,92,11,11
12834,104,108,-4,4
12835,116,109,7,7
12836,107,90,17,17
12837,96,88,8,8
12838,90,91,-1,1
12839,50,60,-10,10
12840,104,99,5,5
12841,72,66,6,6
12842,106,95,11,11
12843,87,83,4,4
12844,124,120,4,4
12845,27,39,-12,12
12846,133,120,13,13
12847,122,106,16,16
12848,124,134,-10,10
12849,89,93,-4,4
12850,97,121,-24,24
12851,84,86,-2,2
12852,140,140,0,0
12853,136,126,10,10
12854,20,40,-20,20
12855,93,95,-2,2
12856,85,82,3,3
12857,74,75,-1,1
12858,103,88,15,15
12859,75,76,-1,1
12860,46,50,-4,4
12861,84,104,-20,20
12862,75,77,-2,2
12863,53,54,-1,1
12864,52,80,-28,28
12865,87,88,-1,1
12866,109,97,12,12
12867,105,92,13,13
12868,67,70,-3,3
12869,154,129,25,25
12870,84,85,-1,1
12871,128,117,11,11
12872,113,112,1,1
12873,87,78,9,9
12874,101,101,0,0
12875,96,96,0,0
12876,39,47,-8,8
12877,133,126,7,7
12878,191,187,4,4
12879,60,62,-2,2
12880,125,114,11,11
12881,75,78,-3,3
12882,40,51,-11,11
12883,103,90,13,13
12884,79,76,3,3
12885,185,174,11,11
12886,124,112,12,12
12887,109,111,-2,2
12888,89,98,-9,9
12889,67,68,-1,1
12890,47,44,3,3
12891,76,71,5,5
12892,122,122,0,0
12893,106,96,10,10
12894,142,121,21,21
12895,96,80,16,16
12896,52,51,1,1
12897,96,96,0,0
12898,117,122,-5,5
12899,69,74,-5,5
12900,89,84,5,5
12901,72,73,-1,1
12902,180,164,16,16
12903,94,87,7,7
12904,53,58,-5,5
12905,93,98,-5,5
12906,161,140,21,21
12907,137,131,6,6
12908,129,124,5,5
12909,89,88,1,1
12910,102,97,5,5
12911,159,149,10,10
12912,67,70,-3,3
12913,67,73,-6,6
12914,97,93,4,4
12915,71,67,4,4
12916,153,147,6,6
12917,100,94,6,6
12918,92,98,-6,6
12919,79,85,-6,6
12920,79,80,-1,1
12921,73,67,6,6
12922,133,126,7,7
12923,51,52,-1,1
12924,139,125,14,14
12925,115,115,0,0
12926,89,87,2,2
12927,124,121,3,3
12928,90,87,3,3
12929,128,121,7,7
12930,131,116,15,15
12931,71,68,3,3
12932,113,105,8,8
12933,127,129,-2,2
12934,61,68,-7,7
12935,113,110,3,3
12936,112,84,28,28
12937,75,73,2,2
12938,125,107,18,18
12939,73,74,-1,1
12940,100,105,-5,5
12941,187,166,21,21
12942,101,92,9,9
12943,103,91,12,12
12944,99,106,-7,7
12945,65,64,1,1
12946,116,109,7,7
12947,97,107,-10,10
12948,83,87,-4,4
12949,90,100,-10,10
12950,101,96,5,5
12951,97,100,-3,3
12952,107,103,4,4
12953,119,127,-8,8
12954,78,71,7,7
12955,79,79,0,0
12956,74,75,-1,1
12957,150,140,10,10
12958,83,89,-6,6
12959,131,135,-4,4
12960,68,76,-8,8
12961,222,188,34,34
12962,88,82,6,6
12963,109,98,11,11
12964,149,146,3,3
12965,82,91,-9,9
12966,33,39,-6,6
12967,97,103,-6,6
12968,88,87,1,1
12969,127,124,3,3
12970,70,71,-1,1
12971,86,84,2,2
12972,63,63,0,0
12973,101,96,5,5
12974,85,82,3,3
12975,97,85,12,12
12976,68,69,-1,1
12977,79,91,-12,12
12978,182,170,12,12
12979,68,72,-4,4
12980,68,68,0,0
12981,81,77,4,4
12982,118,106,12,12
12983,93,88,5,5
12984,117,96,21,21
12985,144,136,8,8
12986,134,115,19,19
12987,69,68,1,1
12988,133,124,9,9
12989,88,91,-3,3
12990,63,55,8,8
12991,116,115,1,1
12992,113,120,-7,7
12993,103,94,9,9
12994,127,116,11,11
12995,116,114,2,2
12996,114,104,10,10
12997,123,112,11,11
12998,72,71,1,1
12999,107,98,9,9
13000,121,104,17,17
13001,100,87,13,13
13002,87,89,-2,2
13003,102,90,12,12
13004,155,154,1,1
13005,72,76,-4,4
13006,84,86,-2,2
13007,86,91,-5,5
13008,115,116,-1,1
13009,100,97,3,3
13010,81,71,10,10
13011,51,54,-3,3
13012,54,54,0,0
13013,86,83,3,3
13014,92,87,5,5
13015,60,64,-4,4
13016,112,109,3,3
13017,92,87,5,5
13018,87,84,3,3
13019,95,94,1,1
13020,80,74,6,6
13021,139,131,8,8
13022,103,94,9,9
13023,120,128,-8,8
13024,75,83,-8,8
13025,51,43,8,8
13026,76,71,5,5
13027,67,77,-10,10
13028,165,156,9,9
13029,84,90,-6,6
13030,83,91,-8,8
13031,61,58,3,3
13032,159,148,11,11
13033,64,73,-9,9
13034,140,135,5,5
13035,65,79,-14,14
13036,68,73,-5,5
13037,67,59,8,8
13038,87,87,0,0
13039,109,108,1,1
13040,116,113,3,3
13041,94,109,-15,15
13042,135,120,15,15
13043,77,75,2,2
13044,55,53,2,2
13045,61,61,0,0
13046,73,76,-3,3
13047,139,114,25,25
13048,106,110,-4,4
13049,78,84,-6,6
13050,74,65,9,9
13051,99,94,5,5
13052,88,91,-3,3
13053,93,82,11,11
13054,69,67,2,2
13055,235,203,32,32
13056,83,87,-4,4
13057,101,88,13,13
13058,66,75,-9,9
13059,58,58,0,0
13060,119,117,2,2
13061,129,123,6,6
13062,82,79,3,3
13063,168,158,10,10
13064,72,74,-2,2
13065,125,108,17,17
13066,82,77,5,5
13067,97,88,9,9
13068,56,66,-10,10
13069,123,133,-10,10
13070,79,71,8,8
13071,84,79,5,5
13072,112,105,7,7
13073,80,83,-3,3
13074,106,105,1,1
13075,60,64,-4,4
13076,72,75,-3,3
13077,96,100,-4,4
13078,60,46,14,14
13079,117,94,23,23
13080,66,74,-8,8
13081,78,79,-1,1
13082,55,59,-4,4
13083,164,139,25,25
13084,184,168,16,16
13085,78,79,-1,1
13086,61,66,-5,5
13087,109,123,-14,14
13088,101,101,0,0
13089,79,79,0,0
13090,51,52,-1,1
13091,64,62,2,2
13092,62,65,-3,3
13093,144,134,10,10
13094,57,58,-1,1
13095,50,50,0,0
13096,81,74,7,7
13097,99,95,4,4
13098,97,95,2,2
13099,129,112,17,17
13100,104,96,8,8
13101,93,97,-4,4
13102,84,79,5,5
13103,90,91,-1,1
13104,112,114,-2,2
13105,69,68,1,1
13106,69,76,-7,7
13107,107,87,20,20
13108,145,122,23,23
13109,84,74,10,10
13110,51,57,-6,6
13111,100,90,10,10
13112,82,86,-4,4
13113,71,85,-14,14
13114,104,96,8,8
13115,67,76,-9,9
13116,89,90,-1,1
13117,61,69,-8,8
13118,74,81,-7,7
13119,101,102,-1,1
13120,67,76,-9,9
13121,72,77,-5,5
13122,70,67,3,3
13123,158,155,3,3
13124,94,90,4,4
13125,84,78,6,6
13126,120,117,3,3
13127,152,147,5,5
13128,137,125,12,12
13129,82,89,-7,7
13130,116,103,13,13
13131,112,104,8,8
13132,99,90,9,9
13133,150,147,3,3
13134,66,61,5,5
13135,81,71,10,10
13136,50,51,-1,1
13137,133,129,4,4
13138,65,69,-4,4
13139,65,66,-1,1
13140,80,80,0,0
13141,53,47,6,6
13142,108,98,10,10
13143,80,64,16,16
13144,126,128,-2,2
13145,73,79,-6,6
13146,58,53,5,5
13147,80,79,1,1
13148,62,62,0,0
13149,64,66,-2,2
13150,55,55,0,0
13151,81,80,1,1
13152,97,96,1,1
13153,78,71,7,7
13154,101,90,11,11
13155,72,81,-9,9
13156,112,105,7,7
13157,84,83,1,1
13158,68,72,-4,4
13159,102,104,-2,2
13160,117,123,-6,6
13161,88,83,5,5
13162,127,113,14,14
13163,64,66,-2,2
13164,87,87,0,0
13165,80,78,2,2
13166,101,85,16,16
13167,122,111,11,11
13168,67,61,6,6
13169,131,127,4,4
13170,97,100,-3,3
13171,135,112,23,23
13172,88,88,0,0
13173,115,121,-6,6
13174,134,120,14,14
13175,116,111,5,5
13176,79,80,-1,1
13177,45,46,-1,1
13178,100,97,3,3
13179,85,102,-17,17
13180,63,67,-4,4
13181,89,86,3,3
13182,76,78,-2,2
13183,138,122,16,16
13184,123,122,1,1
13185,74,81,-7,7
13186,43,53,-10,10
13187,66,74,-8,8
13188,86,104,-18,18
13189,115,128,-13,13
13190,30,60,-30,30
13191,66,70,-4,4
13192,208,175,33,33
13193,90,82,8,8
13194,71,65,6,6
13195,94,81,13,13
13196,171,158,13,13
13197,55,55,0,0
13198,43,43,0,0
13199,67,70,-3,3
13200,143,116,27,27
13201,98,95,3,3
13202,100,95,5,5
13203,108,100,8,8
13204,91,76,15,15
13205,131,121,10,10
13206,79,67,12,12
13207,153,150,3,3
13208,37,45,-8,8
13209,46,44,2,2
13210,241,211,30,30
13211,89,86,3,3
13212,72,67,5,5
13213,100,92,8,8
13214,83,82,1,1
13215,98,96,2,2
13216,128,116,12,12
13217,162,115,47,47
13218,81,75,6,6
13219,98,92,6,6
13220,70,77,-7,7
13221,182,164,18,18
13222,71,70,1,1
13223,173,169,4,4
13224,54,54,0,0
13225,66,67,-1,1
13226,85,79,6,6
13227,93,92,1,1
13228,71,108,-37,37
13229,163,154,9,9
13230,86,82,4,4
13231,74,68,6,6
13232,148,138,10,10
13233,112,106,6,6
13234,90,80,10,10
13235,64,63,1,1
13236,78,92,-14,14
13237,115,117,-2,2
13238,105,95,10,10
13239,90,88,2,2
13240,117,109,8,8
13241,103,88,15,15
13242,139,148,-9,9
13243,107,110,-3,3
13244,118,129,-11,11
13245,94,83,11,11
13246,56,52,4,4
13247,97,90,7,7
13248,77,70,7,7
13249,117,92,25,25
13250,125,123,2,2
13251,67,70,-3,3
13252,73,70,3,3
13253,152,138,14,14
13254,73,70,3,3
13255,121,112,9,9
13256,166,160,6,6
13257,90,87,3,3
13258,96,102,-6,6
13259,149,150,-1,1
13260,61,67,-6,6
13261,144,129,15,15
13262,121,118,3,3
13263,131,116,15,15
13264,58,52,6,6
13265,51,55,-4,4
13266,54,68,-14,14
13267,72,74,-2,2
13268,99,101,-2,2
13269,124,107,17,17
13270,105,101,4,4
13271,100,93,7,7
13272,153,150,3,3
13273,76,82,-6,6
13274,120,108,12,12
13275,94,92,2,2
13276,85,78,7,7
13277,84,88,-4,4
13278,53,67,-14,14
13279,106,104,2,2
13280,108,108,0,0
13281,140,125,15,15
13282,113,104,9,9
13283,57,70,-13,13
13284,108,102,6,6
13285,123,107,16,16
13286,108,100,8,8
13287,83,77,6,6
13288,99,83,16,16
13289,78,82,-4,4
13290,96,96,0,0
13291,58,56,2,2
13292,82,80,2,2
13293,148,140,8,8
13294,86,93,-7,7
13295,81,70,11,11
13296,119,115,4,4
13297,97,100,-3,3
13298,118,115,3,3
13299,92,85,7,7
13300,102,105,-3,3
13301,72,74,-2,2
13302,64,61,3,3
13303,86,87,-1,1
13304,57,67,-10,10
13305,102,99,3,3
13306,67,63,4,4
13307,88,91,-3,3
13308,139,119,20,20
13309,61,66,-5,5
13310,77,75,2,2
13311,158,155,3,3
13312,130,114,16,16
13313,132,130,2,2
13314,187,176,11,11
13315,79,75,4,4
13316,96,101,-5,5
13317,76,79,-3,3
13318,71,71,0,0
13319,78,78,0,0
13320,209,198,11,11
13321,75,72,3,3
13322,146,126,20,20
13323,100,94,6,6
13324,80,86,-6,6
13325,70,70,0,0
13326,65,69,-4,4
13327,95,99,-4,4
13328,80,80,0,0
13329,69,71,-2,2
13330,132,131,1,1
13331,77,69,8,8
13332,98,92,6,6
13333,94,92,2,2
13334,86,83,3,3
13335,90,78,12,12
13336,75,68,7,7
13337,130,102,28,28
13338,87,94,-7,7
13339,141,121,20,20
13340,161,140,21,21
13341,68,81,-13,13
13342,97,93,4,4
13343,125,111,14,14
13344,36,48,-12,12
13345,115,106,9,9
13346,68,54,14,14
13347,106,98,8,8
13348,96,105,-9,9
13349,82,84,-2,2
13350,73,65,8,8
13351,89,78,11,11
13352,75,70,5,5
13353,85,93,-8,8
13354,134,136,-2,2
13355,90,82,8,8
13356,83,85,-2,2
13357,129,103,26,26
13358,140,131,9,9
13359,60,80,-20,20
13360,82,75,7,7
13361,153,138,15,15
13362,80,92,-12,12
13363,119,115,4,4
13364,108,99,9,9
13365,54,60,-6,6
13366,99,102,-3,3
13367,130,155,-25,25
13368,100,96,4,4
13369,59,56,3,3
13370,84,92,-8,8
13371,117,116,1,1
13372,60,64,-4,4
13373,55,58,-3,3
13374,96,92,4,4
13375,73,82,-9,9
13376,64,79,-15,15
13377,75,77,-2,2
13378,55,52,3,3
13379,90,84,6,6
13380,142,141,1,1
13381,139,132,7,7
13382,118,108,10,10
13383,120,108,12,12
13384,112,111,1,1
13385,43,48,-5,5
13386,106,104,2,2
13387,187,169,18,18
13388,117,119,-2,2
13389,111,109,2,2
13390,188,176,12,12
13391,156,132,24,24
13392,136,136,0,0
13393,88,87,1,1
13394,29,41,-12,12
13395,107,89,18,18
13396,113,92,21,21
13397,93,87,6,6
13398,81,81,0,0
13399,22,39,-17,17
13400,69,68,1,1
13401,168,149,19,19
13402,147,131,16,16
13403,105,108,-3,3
13404,145,126,19,19
13405,58,67,-9,9
13406,60,66,-6,6
13407,150,150,0,0
13408,70,65,5,5
13409,69,75,-6,6
13410,140,134,6,6
13411,88,78,10,10
13412,120,117,3,3
13413,63,66,-3,3
13414,81,85,-4,4
13415,66,64,2,2
13416,91,81,10,10
13417,131,132,-1,1
13418,126,100,26,26
13419,138,135,3,3
13420,103,105,-2,2
13421,103,99,4,4
13422,50,67,-17,17
13423,64,72,-8,8
13424,75,77,-2,2
13425,67,65,2,2
13426,97,91,6,6
13427,109,109,0,0
13428,137,128,9,9
13429,71,69,2,2
13430,98,88,10,10
13431,82,95,-13,13
13432,65,68,-3,3
13433,117,98,19,19
13434,148,150,-2,2
13435,190,171,19,19
13436,84,77,7,7
13437,110,100,10,10
13438,138,128,10,10
13439,74,75,-1,1
13440,130,111,19,19
13441,79,77,2,2
13442,92,103,-11,11
13443,137,139,-2,2
13444,104,88,16,16
13445,160,128,32,32
13446,90,87,3,3
13447,101,97,4,4
13448,123,120,3,3
13449,73,73,0,0
13450,66,67,-1,1
13451,124,117,7,7
13452,173,156,17,17
13453,142,124,18,18
13454,32,43,-11,11
13455,104,100,4,4
13456,65,84,-19,19
13457,60,65,-5,5
13458,71,77,-6,6
13459,56,54,2,2
13460,122,120,2,2
13461,135,142,-7,7
13462,162,151,11,11
13463,96,104,-8,8
13464,126,129,-3,3
13465,74,79,-5,5
13466,102,104,-2,2
13467,80,75,5,5
13468,88,77,11,11
13469,92,80,12,12
13470,107,109,-2,2
13471,87,88,-1,1
13472,58,63,-5,5
13473,80,73,7,7
13474,79,74,5,5
13475,114,120,-6,6
13476,78,86,-8,8
13477,75,82,-7,7
13478,168,166,2,2
13479,114,108,6,6
13480,59,68,-9,9
13481,152,153,-1,1
13482,66,66,0,0
13483,98,92,6,6
13484,70,75,-5,5
13485,101,87,14,14
13486,130,124,6,6
13487,114,106,8,8
13488,63,68,-5,5
13489,181,165,16,16
13490,86,81,5,5
13491,107,117,-10,10
13492,59,63,-4,4
13493,74,73,1,1
13494,134,129,5,5
13495,199,164,35,35
13496,58,68,-10,10
13497,99,96,3,3
13498,103,104,-1,1
13499,183,157,26,26
13500,96,92,4,4
13501,99,103,-4,4
13502,113,103,10,10
13503,88,78,10,10
13504,88,89,-1,1
13505,128,117,11,11
13506,82,90,-8,8
13507,80,75,5,5
13508,53,57,-4,4
13509,47,49,-2,2
13510,102,88,14,14
13511,97,90,7,7
13512,68,66,2,2
13513,125,109,16,16
13514,110,114,-4,4
13515,77,70,7,7
13516,127,116,11,11
13517,87,89,-2,2
13518,107,90,17,17
13519,105,107,-2,2
13520,153,124,29,29
13521,61,66,-5,5
13522,33,79,-46,46
13523,146,132,14,14
13524,100,105,-5,5
13525,170,152,18,18
13526,134,118,16,16
13527,78,93,-15,15
13528,73,66,7,7
13529,60,61,-1,1
13530,64,65,-1,1
13531,99,93,6,6
13532,80,86,-6,6
13533,65,65,0,0
13534,67,61,6,6
13535,141,119,22,22
13536,60,67,-7,7
13537,138,141,-3,3
13538,154,145,9,9
13539,58,60,-2,2
13540,114,118,-4,4
13541,132,118,14,14
13542,98,96,2,2
13543,80,86,-6,6
13544,105,102,3,3
13545,84,91,-7,7
13546,78,79,-1,1
13547,154,146,8,8
13548,67,71,-4,4
13549,95,104,-9,9
13550,125,114,11,11
13551,128,115,13,13
13552,42,49,-7,7
13553,204,184,20,20
13554,98,98,0,0
13555,112,105,7,7
13556,132,125,7,7
13557,139,123,16,16
13558,93,91,2,2
13559,146,132,14,14
13560,56,60,-4,4
13561,65,61,4,4
13562,124,113,11,11
13563,103,105,-2,2
13564,86,77,9,9
13565,60,66,-6,6
13566,98,97,1,1
13567,80,112,-32,32
13568,89,98,-9,9
13569,148,125,23,23
13570,40,48,-8,8
13571,80,84,-4,4
13572,70,79,-9,9
13573,82,69,13,13
13574,133,140,-7,7
13575,75,83,-8,8
13576,75,68,7,7
13577,120,99,21,21
13578,50,56,-6,6
13579,111,121,-10,10
13580,86,85,1,1
13581,115,115,0,0
13582,63,57,6,6
13583,93,93,0,0
13584,104,93,11,11
13585,153,150,3,3
13586,51,55,-4,4
13587,128,114,14,14
13588,92,86,6,6
13589,51,67,-16,16
13590,84,85,-1,1
13591,104,99,5,5
13592,101,91,10,10
13593,83,89,-6,6
13594,69,75,-6,6
13595,96,91,5,5
13596,83,84,-1,1
13597,54,70,-16,16
13598,83,68,15,15
13599,54,50,4,4
13600,61,59,2,2
13601,116,98,18,18
13602,113,101,12,12
13603,76,69,7,7
13604,87,85,2,2
13605,59,56,3,3
13606,141,135,6,6
13607,97,99,-2,2
13608,89,81,8,8
13609,131,127,4,4
13610,71,66,5,5
13611,60,55,5,5
13612,39,48,-9,9
13613,68,80,-12,12
13614,61,64,-3,3
13615,107,103,4,4
13616,95,92,3,3
13617,94,107,-13,13
13618,82,85,-3,3
13619,110,109,1,1
13620,113,112,1,1
13621,107,97,10,10
13622,161,137,24,24
13623,180,152,28,28
13624,101,101,0,0
13625,88,84,4,4
13626,87,88,-1,1
13627,115,114,1,1
13628,121,113,8,8
13629,139,133,6,6
13630,123,115,8,8
13631,63,64,-1,1
13632,122,107,15,15
13633,68,71,-3,3
13634,110,98,12,12
13635,57,82,-25,25
13636,82,75,7,7
13637,95,94,1,1
13638,134,131,3,3
13639,98,84,14,14
13640,128,108,20,20
13641,95,91,4,4
13642,104,121,-17,17
13643,175,160,15,15
13644,109,94,15,15
13645,164,145,19,19
13646,118,113,5,5
13647,70,74,-4,4
13648,54,67,-13,13
13649,145,141,4,4
13650,68,68,0,0
13651,82,84,-2,2
13652,61,62,-1,1
13653,92,92,0,0
13654,89,83,6,6
13655,96,90,6,6
13656,122,111,11,11
13657,79,81,-2,2
13658,75,78,-3,3
13659,108,101,7,7
13660,43,49,-6,6
13661,67,69,-2,2
13662,75,81,-6,6
13663,67,70,-3,3
13664,88,90,-2,2
13665,55,59,-4,4
13666,96,104,-8,8
13667,60,60,0,0
13668,125,114,11,11
13669,56,65,-9,9
13670,111,105,6,6
13671,105,116,-11,11
13672,77,95,-18,18
13673,89,90,-1,1
13674,79,81,-2,2
13675,107,108,-1,1
13676,124,112,12,12
13677,119,116,3,3
13678,57,80,-23,23
13679,127,122,5,5
13680,64,73,-9,9
13681,96,99,-3,3
13682,89,78,11,11
13683,71,78,-7,7
13684,76,75,1,1
13685,110,104,6,6
13686,120,128,-8,8
13687,98,90,8,8
13688,84,87,-3,3
13689,233,209,24,24
13690,75,68,7,7
13691,107,88,19,19
13692,76,77,-1,1
13693,84,84,0,0
13694,86,86,0,0
13695,103,95,8,8
13696,106,92,14,14
13697,150,125,25,25
13698,73,70,3,3
13699,130,138,-8,8
13700,132,117,15,15
13701,139,126,13,13
13702,115,111,4,4
13703,155,146,9,9
13704,75,82,-7,7
13705,70,74,-4,4
13706,127,112,15,15
13707,65,66,-1,1
13708,100,105,-5,5
13709,170,155,15,15
13710,135,131,4,4
13711,75,75,0,0
13712,164,165,-1,1
13713,125,107,18,18
13714,104,107,-3,3
13715,53,54,-1,1
13716,146,138,8,8
13717,102,84,18,18
13718,70,74,-4,4
13719,54,64,-10,10
13720,108,105,3,3
13721,97,96,1,1
13722,104,98,6,6
13723,140,133,7,7
13724,94,108,-14,14
13725,62,77,-15,15
13726,105,95,10,10
13727,48,49,-1,1
13728,63,66,-3,3
13729,64,56,8,8
13730,51,54,-3,3
13731,63,58,5,5
13732,121,114,7,7
13733,120,111,9,9
13734,86,86,0,0
13735,91,89,2,2
13736,55,59,-4,4
13737,98,98,0,0
13738,69,57,12,12
13739,45,41,4,4
13740,126,133,-7,7
13741,169,159,10,10
13742,95,85,10,10
13743,106,105,1,1
13744,91,84,7,7
13745,126,112,14,14
13746,67,70,-3,3
13747,55,57,-2,2
13748,74,81,-7,7
13749,87,74,13,13
13750,87,88,-1,1
13751,83,73,10,10
13752,114,124,-10,10
13753,125,122,3,3
13754,120,113,7,7
13755,86,78,8,8
13756,66,71,-5,5
13757,106,102,4,4
13758,62,55,7,7
13759,87,102,-15,15
13760,68,64,4,4
13761,77,81,-4,4
13762,106,101,5,5
13763,101,96,5,5
13764,93,88,5,5
13765,63,84,-21,21
13766,53,59,-6,6
13767,116,113,3,3
13768,116,113,3,3
13769,92,113,-21,21
13770,80,83,-3,3
13771,93,90,3,3
13772,129,118,11,11
13773,97,97,0,0
13774,51,57,-6,6
13775,98,88,10,10
13776,80,104,-24,24
13777,74,75,-1,1
13778,157,139,18,18
13779,163,159,4,4
13780,62,66,-4,4
13781,107,102,5,5
13782,107,90,17,17
13783,107,102,5,5
13784,83,78,5,5
13785,117,98,19,19
13786,94,98,-4,4
13787,65,66,-1,1
13788,61,69,-8,8
13789,79,86,-7,7
13790,137,137,0,0
13791,141,127,14,14
13792,95,97,-2,2
13793,101,101,0,0
13794,95,93,2,2
13795,142,122,20,20
13796,107,91,16,16
13797,80,76,4,4
13798,91,94,-3,3
13799,71,69,2,2
13800,81,79,2,2
13801,96,91,5,5
13802,151,134,17,17
13803,75,84,-9,9
13804,69,72,-3,3
13805,70,69,1,1
13806,66,69,-3,3
13807,100,99,1,1
13808,107,96,11,11
13809,116,109,7,7
13810,59,65,-6,6
13811,90,89,1,1
13812,60,54,6,6
13813,55,56,-1,1
13814,66,70,-4,4
13815,90,93,-3,3
13816,80,86,-6,6
13817,151,78,73,73
13818,91,83,8,8
13819,59,64,-5,5
13820,73,72,1,1
13821,51,61,-10,10
13822,95,95,0,0
13823,92,89,3,3
13824,61,63,-2,2
13825,80,76,4,4
13826,107,118,-11,11
13827,79,78,1,1
13828,167,144,23,23
13829,58,61,-3,3
13830,104,97,7,7
13831,106,115,-9,9
13832,61,56,5,5
13833,111,114,-3,3
13834,97,105,-8,8
13835,101,95,6,6
13836,67,76,-9,9
13837,56,60,-4,4
13838,57,59,-2,2
13839,82,66,16,16
13840,95,91,4,4
13841,69,74,-5,5
13842,58,58,0,0
13843,105,101,4,4
13844,163,140,23,23
13845,61,66,-5,5
13846,90,77,13,13
13847,220,196,24,24
13848,96,83,13,13
13849,44,51,-7,7
13850,59,67,-8,8
13851,60,64,-4,4
13852,64,69,-5,5
13853,94,94,0,0
13854,151,132,19,19
13855,75,75,0,0
13856,75,75,0,0
13857,79,72,7,7
13858,70,78,-8,8
13859,107,107,0,0
13860,145,137,8,8
13861,70,67,3,3
13862,75,69,6,6
13863,141,131,10,10
13864,66,69,-3,3
13865,79,70,9,9
13866,111,98,13,13
13867,112,98,14,14
13868,125,128,-3,3
13869,121,122,-1,1
13870,108,98,10,10
13871,74,80,-6,6
13872,106,108,-2,2
13873,118,117,1,1
13874,162,145,17,17
13875,142,104,38,38
13876,65,68,-3,3
13877,59,60,-1,1
13878,91,81,10,10
13879,75,69,6,6
13880,125,114,11,11
13881,146,132,14,14
13882,84,80,4,4
13883,95,93,2,2
13884,88,82,6,6
13885,95,89,6,6
13886,54,62,-8,8
13887,68,63,5,5
13888,250,245,5,5
13889,64,65,-1,1
13890,89,82,7,7
13891,63,65,-2,2
13892,47,65,-18,18
13893,113,112,1,1
13894,118,107,11,11
13895,77,76,1,1
13896,175,150,25,25
13897,87,85,2,2
13898,85,86,-1,1
13899,107,93,14,14
13900,77,66,11,11
13901,112,115,-3,3
13902,67,71,-4,4
13903,124,131,-7,7
13904,69,72,-3,3
13905,170,161,9,9
13906,91,80,11,11
13907,69,73,-4,4
13908,69,60,9,9
13909,102,100,2,2
13910,87,98,-11,11
13911,61,68,-7,7
13912,140,113,27,27
13913,56,64,-8,8
13914,50,50,0,0
13915,71,66,5,5
13916,46,53,-7,7
13917,102,101,1,1
13918,72,67,5,5
13919,102,102,0,0
13920,98,94,4,4
13921,114,114,0,0
13922,83,85,-2,2
13923,75,75,0,0
13924,92,84,8,8
13925,107,105,2,2
13926,166,150,16,16
13927,72,77,-5,5
13928,43,54,-11,11
13929,98,83,15,15
13930,141,131,10,10
13931,112,93,19,19
13932,149,135,14,14
13933,17,38,-21,21
13934,63,74,-11,11
13935,127,117,10,10
13936,128,122,6,6
13937,64,69,-5,5
13938,59,63,-4,4
13939,45,57,-12,12
13940,104,98,6,6
13941,82,80,2,2
13942,52,47,5,5
13943,96,86,10,10
13944,108,102,6,6
13945,122,119,3,3
13946,105,102,3,3
13947,72,76,-4,4
13948,75,69,6,6
13949,111,104,7,7
13950,86,80,6,6
13951,121,117,4,4
13952,86,83,3,3
13953,66,65,1,1
13954,93,91,2,2
13955,128,133,-5,5
13956,142,126,16,16
13957,87,75,12,12
13958,84,83,1,1
13959,103,101,2,2
13960,113,101,12,12
13961,136,130,6,6
13962,74,70,4,4
13963,108,118,-10,10
13964,89,95,-6,6
13965,84,82,2,2
13966,98,92,6,6
13967,51,57,-6,6
13968,53,50,3,3
13969,88,84,4,4
13970,96,88,8,8
13971,105,111,-6,6
13972,95,86,9,9
13973,119,101,18,18
13974,79,72,7,7
13975,110,89,21,21
13976,68,65,3,3
13977,98,97,1,1
13978,162,148,14,14
13979,124,119,5,5
13980,54,53,1,1
13981,89,95,-6,6
13982,55,65,-10,10
13983,147,123,24,24
13984,118,103,15,15
13985,28,42,-14,14
13986,115,108,7,7
13987,87,86,1,1
13988,129,118,11,11
13989,100,92,8,8
13990,119,113,6,6
13991,95,93,2,2
13992,130,124,6,6
13993,57,54,3,3
13994,103,87,16,16
13995,100,93,7,7
13996,95,90,5,5
13997,61,59,2,2
13998,59,64,-5,5
13999,126,111,15,15
14000,162,166,-4,4
14001,98,98,0,0
14002,134,106,28,28
14003,118,111,7,7
14004,57,62,-5,5
14005,84,89,-5,5
14006,84,78,6,6
14007,120,125,-5,5
14008,163,155,8,8
14009,64,68,-4,4
14010,83,74,9,9
14011,69,81,-12,12
14012,135,101,34,34
14013,86,79,7,7
14014,60,52,8,8
14015,77,80,-3,3
14016,92,88,4,4
14017,85,81,4,4
14018,161,149,12,12
14019,126,106,20,20
14020,63,64,-1,1
14021,93,99,-6,6
14022,73,70,3,3
14023,107,104,3,3
14024,74,75,-1,1
14025,73,66,7,7
14026,108,90,18,18
14027,182,167,15,15
14028,134,116,18,18
14029,67,67,0,0
14030,91,90,1,1
14031,131,151,-20,20
14032,146,136,10,10
14033,80,77,3,3
14034,139,124,15,15
14035,188,178,10,10
14036,150,131,19,19
14037,74,75,-1,1
14038,115,114,1,1
14039,87,80,7,7
14040,83,68,15,15
14041,71,67,4,4
14042,95,92,3,3
14043,110,102,8,8
14044,91,89,2,2
14045,108,105,3,3
14046,51,55,-4,4
14047,71,74,-3,3
14048,50,53,-3,3
14049,66,71,-5,5
14050,56,68,-12,12
14051,108,105,3,3
14052,114,103,11,11
14053,86,71,15,15
14054,88,86,2,2
14055,66,60,6,6
14056,111,107,4,4
14057,53,55,-2,2
14058,94,88,6,6
14059,74,76,-2,2
14060,129,128,1,1
14061,75,79,-4,4
14062,198,174,24,24
14063,76,71,5,5
14064,94,91,3,3
14065,70,67,3,3
14066,172,144,28,28
14067,61,60,1,1
14068,80,78,2,2
14069,102,94,8,8
14070,114,109,5,5
14071,70,71,-1,1
14072,75,85,-10,10
14073,112,100,12,12
14074,44,50,-6,6
14075,145,160,-15,15
14076,68,88,-20,20
14077,148,137,11,11
14078,56,59,-3,3
14079,81,82,-1,1
14080,73,74,-1,1
14081,122,123,-1,1
14082,75,79,-4,4
14083,121,122,-1,1
14084,139,135,4,4
14085,63,63,0,0
14086,125,122,3,3
14087,85,84,1,1
14088,112,121,-9,9
14089,114,102,12,12
14090,134,121,13,13
14091,98,105,-7,7
14092,75,88,-13,13
14093,135,116,19,19
14094,96,97,-1,1
14095,102,95,7,7
14096,150,146,4,4
14097,186,159,27,27
14098,63,57,6,6
14099,116,102,14,14
14100,83,68,15,15
14101,110,92,18,18
14102,104,99,5,5
14103,71,70,1,1
14104,111,117,-6,6
14105,106,110,-4,4
14106,147,142,5,5
14107,67,67,0,0
14108,212,192,20,20
14109,83,86,-3,3
14110,174,151,23,23
14111,113,122,-9,9
14112,68,79,-11,11
14113,159,159,0,0
14114,52,59,-7,7
14115,123,120,3,3
14116,112,111,1,1
14117,69,78,-9,9
14118,61,61,0,0
14119,63,65,-2,2
14120,70,71,-1,1
14121,65,71,-6,6
14122,145,144,1,1
14123,121,122,-1,1
14124,60,54,6,6
14125,187,163,24,24
14126,24,40,-16,16
14127,136,130,6,6
14128,65,77,-12,12
14129,67,65,2,2
14130,189,174,15,15
14131,83,100,-17,17
14132,76,78,-2,2
14133,91,86,5,5
14134,74,85,-11,11
14135,55,64,-9,9
14136,107,96,11,11
14137,160,144,16,16
14138,149,133,16,16
14139,96,86,10,10
14140,88,84,4,4
14141,118,109,9,9
14142,91,88,3,3
14143,92,93,-1,1
14144,74,74,0,0
14145,118,119,-1,1
14146,81,98,-17,17
14147,95,90,5,5
14148,68,73,-5,5
14149,132,114,18,18
14150,49,49,0,0
14151,115,110,5,5
14152,148,141,7,7
14153,109,119,-10,10
14154,104,93,11,11
14155,159,156,3,3
14156,83,72,11,11
14157,47,48,-1,1
14158,92,84,8,8
14159,101,103,-2,2
14160,57,58,-1,1
14161,40,49,-9,9
14162,153,137,16,16
14163,163,133,30,30
14164,66,67,-1,1
14165,90,84,6,6
14166,55,51,4,4
14167,52,65,-13,13
14168,96,95,1,1
14169,115,111,4,4
14170,47,58,-11,11
14171,77,90,-13,13
14172,76,78,-2,2
14173,115,113,2,2
14174,93,93,0,0
14175,120,89,31,31
14176,83,93,-10,10
14177,119,107,12,12
14178,40,53,-13,13
14179,47,55,-8,8
14180,55,53,2,2
14181,96,91,5,5
14182,88,90,-2,2
14183,74,87,-13,13
14184,80,88,-8,8
14185,68,65,3,3
14186,144,136,8,8
14187,101,94,7,7
14188,116,111,5,5
14189,63,61,2,2
14190,51,50,1,1
14191,123,115,8,8
14192,145,135,10,10
14193,107,96,11,11
14194,109,106,3,3
14195,115,116,-1,1
14196,59,58,1,1
14197,63,71,-8,8
14198,190,181,9,9
14199,69,69,0,0
14200,77,77,0,0
14201,78,85,-7,7
14202,85,92,-7,7
14203,112,90,22,22
14204,82,82,0,0
14205,150,143,7,7
14206,72,76,-4,4
14207,105,105,0,0
14208,80,78,2,2
14209,39,47,-8,8
14210,102,106,-4,4
14211,68,74,-6,6
14212,95,91,4,4
14213,24,39,-15,15
14214,50,51,-1,1
14215,66,58,8,8
14216,69,74,-5,5
14217,120,112,8,8
14218,140,119,21,21
14219,69,74,-5,5
14220,187,144,43,43
14221,107,100,7,7
14222,67,67,0,0
14223,126,125,1,1
14224,112,118,-6,6
14225,93,102,-9,9
14226,89,91,-2,2
14227,93,97,-4,4
14228,48,50,-2,2
14229,153,143,10,10
14230,67,65,2,2
14231,48,52,-4,4
14232,58,66,-8,8
14233,179,160,19,19
14234,91,87,4,4
14235,123,121,2,2
14236,70,70,0,0
14237,32,47,-15,15
14238,96,82,14,14
14239,53,56,-3,3
14240,99,102,-3,3
14241,133,115,18,18
14242,77,86,-9,9
14243,47,64,-17,17
14244,55,54,1,1
14245,85,76,9,9
14246,135,124,11,11
14247,103,95,8,8
14248,62,73,-11,11
14249,73,71,2,2
14250,117,125,-8,8
14251,112,104,8,8
14252,34,41,-7,7
14253,46,52,-6,6
14254,68,65,3,3
14255,42,43,-1,1
14256,88,100,-12,12
14257,88,88,0,0
14258,78,77,1,1
14259,74,82,-8,8
14260,145,130,15,15
14261,144,136,8,8
14262,146,144,2,2
14263,50,54,-4,4
14264,134,114,20,20
14265,81,77,4,4
14266,81,74,7,7
14267,64,68,-4,4
14268,134,126,8,8
14269,177,169,8,8
14270,115,100,15,15
14271,105,103,2,2
14272,142,130,12,12
14273,104,98,6,6
14274,74,81,-7,7
14275,177,155,22,22
14276,47,48,-1,1
14277,127,125,2,2
14278,186,161,25,25
14279,81,90,-9,9
14280,78,76,2,2
14281,155,132,23,23
14282,170,124,46,46
14283,97,92,5,5
14284,94,87,7,7
14285,77,79,-2,2
14286,83,83,0,0
14287,109,108,1,1
14288,92,92,0,0
14289,93,91,2,2
14290,63,85,-22,22
14291,85,84,1,1
14292,92,95,-3,3
14293,68,53,15,15
14294,111,114,-3,3
14295,181,162,19,19
14296,57,51,6,6
14297,93,95,-2,2
14298,68,79,-11,11
14299,95,97,-2,2
14300,123,106,17,17
14301,58,64,-6,6
14302,159,140,19,19
14303,97,83,14,14
14304,82,80,2,2
14305,70,67,3,3
14306,87,77,10,10
14307,63,67,-4,4
14308,138,127,11,11
14309,124,119,5,5
14310,90,85,5,5
14311,72,70,2,2
14312,82,87,-5,5
14313,102,115,-13,13
14314,149,129,20,20
14315,127,118,9,9
14316,127,102,25,25
14317,80,81,-1,1
14318,79,68,11,11
14319,126,128,-2,2
14320,160,146,14,14
14321,88,86,2,2
14322,57,47,10,10
14323,117,112,5,5
14324,88,82,6,6
14325,117,115,2,2
14326,108,104,4,4
14327,122,128,-6,6
14328,126,110,16,16
14329,137,131,6,6
14330,119,101,18,18
14331,94,93,1,1
14332,89,69,20,20
14333,65,61,4,4
14334,80,75,5,5
14335,73,75,-2,2
14336,137,116,21,21
14337,112,109,3,3
14338,93,90,3,3
14339,121,95,26,26
14340,94,92,2,2
14341,74,79,-5,5
14342,126,118,8,8
14343,102,87,15,15
14344,61,59,2,2
14345,107,105,2,2
14346,187,166,21,21
14347,129,118,11,11
14348,96,99,-3,3
14349,85,78,7,7
14350,89,87,2,2
14351,65,55,10,10
14352,67,73,-6,6
14353,95,85,10,10
14354,90,79,11,11
14355,70,81,-11,11
14356,51,57,-6,6
14357,67,75,-8,8
14358,105,90,15,15
14359,72,87,-15,15
14360,73,67,6,6
14361,90,89,1,1
14362,60,54,6,6
14363,125,119,6,6
14364,128,116,12,12
14365,114,108,6,6
14366,80,67,13,13
14367,130,113,17,17
14368,170,182,-12,12
14369,163,150,13,13
14370,121,107,14,14
14371,65,69,-4,4
14372,110,106,4,4
14373,86,85,1,1
14374,136,131,5,5
14375,95,93,2,2
14376,82,80,2,2
14377,117,109,8,8
14378,122,119,3,3
14379,61,60,1,1
14380,49,51,-2,2
14381,188,166,22,22
14382,61,65,-4,4
14383,164,162,2,2
14384,64,68,-4,4
14385,100,93,7,7
14386,75,74,1,1
14387,90,84,6,6
14388,83,76,7,7
14389,74,81,-7,7
14390,88,86,2,2
14391,110,95,15,15
14392,104,98,6,6
14393,61,70,-9,9
14394,80,85,-5,5
14395,121,108,13,13
14396,72,75,-3,3
14397,80,79,1,1
14398,38,44,-6,6
14399,136,113,23,23
14400,85,87,-2,2
14401,86,87,-1,1
14402,129,118,11,11
14403,58,66,-8,8
14404,73,81,-8,8
14405,135,130,5,5
14406,106,114,-8,8
14407,53,52,1,1
14408,54,62,-8,8
14409,62,77,-15,15
14410,91,92,-1,1
14411,61,61,0,0
14412,56,66,-10,10
14413,53,54,-1,1
14414,67,66,1,1
14415,81,85,-4,4
14416,77,86,-9,9
14417,92,89,3,3
14418,181,162,19,19
14419,68,72,-4,4
14420,73,75,-2,2
14421,102,95,7,7
14422,85,88,-3,3
14423,78,76,2,2
14424,85,79,6,6
14425,86,93,-7,7
14426,61,64,-3,3
14427,60,65,-5,5
14428,70,82,-12,12
14429,63,67,-4,4
14430,141,143,-2,2
14431,82,78,4,4
14432,125,111,14,14
14433,25,37,-12,12
14434,124,113,11,11
14435,42,46,-4,4
14436,123,124,-1,1
14437,50,64,-14,14
14438,94,98,-4,4
14439,175,157,18,18
14440,119,118,1,1
14441,97,97,0,0
14442,112,104,8,8
14443,105,98,7,7
14444,85,82,3,3
14445,117,118,-1,1
14446,140,130,10,10
14447,117,101,16,16
14448,45,46,-1,1
14449,73,77,-4,4
14450,71,82,-11,11
14451,41,46,-5,5
14452,134,121,13,13
14453,102,99,3,3
14454,69,72,-3,3
14455,98,101,-3,3
14456,113,102,11,11
14457,90,92,-2,2
14458,67,66,1,1
14459,83,88,-5,5
14460,64,67,-3,3
14461,192,156,36,36
14462,93,80,13,13
14463,111,108,3,3
14464,122,123,-1,1
14465,89,98,-9,9
14466,77,94,-17,17
14467,66,66,0,0
14468,57,57,0,0
14469,84,89,-5,5
14470,90,91,-1,1
14471,103,101,2,2
14472,144,136,8,8
14473,120,105,15,15
14474,105,98,7,7
14475,121,115,6,6
14476,51,95,-44,44
14477,91,79,12,12
14478,73,81,-8,8
14479,60,64,-4,4
14480,50,49,1,1
14481,94,100,-6,6
14482,107,93,14,14
14483,62,61,1,1
14484,77,79,-2,2
14485,109,101,8,8
14486,113,103,10,10
14487,95,96,-1,1
14488,153,152,1,1
14489,146,127,19,19
14490,75,76,-1,1
14491,97,100,-3,3
14492,96,98,-2,2
14493,112,124,-12,12
14494,93,101,-8,8
14495,88,85,3,3
14496,143,124,19,19
14497,131,129,2,2
14498,92,91,1,1
14499,77,72,5,5
14500,94,86,8,8
14501,60,71,-11,11
14502,70,68,2,2
14503,73,72,1,1
14504,115,105,10,10
14505,111,107,4,4
14506,41,44,-3,3
14507,49,51,-2,2
14508,141,135,6,6
14509,85,76,9,9
14510,89,84,5,5
14511,84,74,10,10
14512,102,99,3,3
14513,100,99,1,1
14514,72,72,0,0
14515,99,91,8,8
14516,68,66,2,2
14517,63,58,5,5
14518,156,160,-4,4
14519,113,102,11,11
14520,109,98,11,11
14521,141,127,14,14
14522,173,157,16,16
14523,95,101,-6,6
14524,89,93,-4,4
14525,103,95,8,8
14526,71,75,-4,4
14527,81,75,6,6
14528,93,94,-1,1
14529,138,146,-8,8
14530,94,78,16,16
14531,168,150,18,18
14532,56,61,-5,5
14533,70,65,5,5
14534,143,118,25,25
14535,115,112,3,3
14536,78,73,5,5
14537,71,68,3,3
14538,61,58,3,3
14539,174,163,11,11
14540,136,132,4,4
14541,137,136,1,1
14542,64,62,2,2
14543,98,95,3,3
14544,61,65,-4,4
14545,79,78,1,1
14546,58,62,-4,4
14547,88,89,-1,1
14548,83,82,1,1
14549,58,63,-5,5
14550,113,99,14,14
14551,65,65,0,0
14552,98,95,3,3
14553,98,91,7,7
14554,119,103,16,16
14555,81,85,-4,4
14556,107,105,2,2
14557,69,66,3,3
14558,102,98,4,4
14559,64,68,-4,4
14560,92,97,-5,5
14561,91,81,10,10
14562,76,67,9,9
14563,120,113,7,7
14564,131,124,7,7
14565,73,64,9,9
14566,113,95,18,18
14567,46,65,-19,19
14568,31,37,-6,6
14569,86,87,-1,1
14570,124,128,-4,4
14571,69,66,3,3
14572,103,96,7,7
14573,78,84,-6,6
14574,85,78,7,7
14575,43,43,0,0
14576,102,100,2,2
14577,64,72,-8,8
14578,112,116,-4,4
14579,104,98,6,6
14580,116,113,3,3
14581,72,73,-1,1
14582,86,93,-7,7
14583,45,48,-3,3
14584,90,96,-6,6
14585,204,180,24,24
14586,38,46,-8,8
14587,95,77,18,18
14588,102,105,-3,3
14589,193,179,14,14
14590,130,116,14,14
14591,47,49,-2,2
14592,132,129,3,3
14593,176,141,35,35
14594,67,71,-4,4
14595,100,102,-2,2
14596,73,63,10,10
14597,44,51,-7,7
14598,65,71,-6,6
14599,34,44,-10,10
14600,56,66,-10,10
14601,87,86,1,1
14602,87,106,-19,19
14603,44,53,-9,9
14604,115,104,11,11
14605,82,81,1,1
14606,134,136,-2,2
14607,161,145,16,16
14608,61,57,4,4
14609,150,136,14,14
14610,106,96,10,10
14611,68,68,0,0
14612,106,96,10,10
14613,96,91,5,5
14614,142,146,-4,4
14615,74,66,8,8
14616,47,53,-6,6
14617,130,128,2,2
14618,121,119,2,2
14619,104,103,1,1
14620,79,78,1,1
14621,85,76,9,9
14622,92,87,5,5
14623,52,92,-40,40
14624,144,152,-8,8
14625,92,80,12,12
14626,58,52,6,6
14627,116,121,-5,5
14628,71,76,-5,5
14629,65,59,6,6
14630,86,77,9,9
14631,51,58,-7,7
14632,51,56,-5,5
14633,169,156,13,13
14634,117,119,-2,2
14635,94,92,2,2
14636,77,77,0,0
14637,61,65,-4,4
14638,64,63,1,1
14639,38,49,-11,11
14640,54,52,2,2
14641,70,71,-1,1
14642,77,83,-6,6
14643,127,113,14,14
14644,58,61,-3,3
14645,84,80,4,4
14646,89,91,-2,2
14647,52,50,2,2
14648,73,74,-1,1
14649,64,75,-11,11
14650,53,59,-6,6
14651,112,101,11,11
14652,92,92,0,0
14653,90,81,9,9
14654,72,72,0,0
14655,99,100,-1,1
14656,84,76,8,8
14657,90,93,-3,3
14658,135,132,3,3
14659,91,84,7,7
14660,81,87,-6,6
14661,119,107,12,12
14662,70,72,-2,2
14663,62,65,-3,3
14664,80,82,-2,2
14665,69,64,5,5
14666,107,112,-5,5
14667,145,131,14,14
14668,137,124,13,13
14669,94,93,1,1
14670,158,133,25,25
14671,174,169,5,5
14672,100,101,-1,1
14673,141,128,13,13
14674,131,122,9,9
14675,168,156,12,12
14676,98,92,6,6
14677,116,117,-1,1
14678,101,97,4,4
14679,89,102,-13,13
14680,119,109,10,10
14681,139,132,7,7
14682,25,34,-9,9
14683,106,105,1,1
14684,161,154,7,7
14685,123,116,7,7
14686,87,83,4,4
14687,58,62,-4,4
14688,62,68,-6,6
14689,89,84,5,5
14690,81,80,1,1
14691,70,65,5,5
14692,78,74,4,4
14693,163,149,14,14
14694,46,70,-24,24
14695,57,56,1,1
14696,108,99,9,9
14697,148,124,24,24
14698,74,74,0,0
14699,54,62,-8,8
14700,64,74,-10,10
14701,162,133,29,29
14702,124,107,17,17
14703,75,79,-4,4
14704,76,74,2,2
14705,81,89,-8,8
14706,56,64,-8,8
14707,90,85,5,5
14708,70,77,-7,7
14709,66,80,-14,14
14710,75,77,-2,2
14711,95,110,-15,15
14712,123,120,3,3
14713,125,117,8,8
14714,44,47,-3,3
14715,141,132,9,9
14716,53,56,-3,3
14717,97,94,3,3
14718,100,105,-5,5
14719,78,93,-15,15
14720,199,175,24,24
14721,124,110,14,14
14722,56,70,-14,14
14723,62,56,6,6
14724,109,102,7,7
14725,149,128,21,21
14726,101,100,1,1
14727,129,115,14,14
14728,138,117,21,21
14729,118,115,3,3
14730,151,144,7,7
14731,58,53,5,5
14732,148,144,4,4
14733,89,92,-3,3
14734,93,93,0,0
14735,111,97,14,14
14736,131,126,5,5
14737,106,108,-2,2
14738,123,114,9,9
14739,119,132,-13,13
14740,106,102,4,4
14741,121,110,11,11
14742,74,64,10,10
14743,94,93,1,1
14744,83,76,7,7
14745,159,147,12,12
14746,126,112,14,14
14747,71,71,0,0
14748,52,52,0,0
14749,139,140,-1,1
14750,98,92,6,6
14751,94,92,2,2
14752,58,52,6,6
14753,126,125,1,1
14754,65,65,0,0
14755,98,86,12,12
14756,170,156,14,14
14757,71,78,-7,7
14758,63,72,-9,9
14759,74,75,-1,1
14760,119,108,11,11
14761,73,85,-12,12
14762,88,87,1,1
14763,96,96,0,0
14764,125,123,2,2
14765,119,116,3,3
14766,88,85,3,3
14767,98,91,7,7
14768,103,114,-11,11
14769,95,91,4,4
14770,80,81,-1,1
14771,88,86,2,2
14772,50,55,-5,5
14773,81,75,6,6
14774,72,65,7,7
14775,56,45,11,11
14776,54,58,-4,4
14777,70,78,-8,8
14778,92,85,7,7
14779,79,79,0,0
14780,64,69,-5,5
14781,121,112,9,9
14782,55,56,-1,1
14783,110,105,5,5
14784,142,130,12,12
14785,160,147,13,13
14786,61,59,2,2
14787,59,60,-1,1
14788,102,106,-4,4
14789,95,90,5,5
14790,62,68,-6,6
14791,142,128,14,14
14792,91,77,14,14
14793,114,103,11,11
14794,54,51,3,3
14795,93,100,-7,7
14796,96,92,4,4
14797,75,73,2,2
14798,95,92,3,3
14799,59,61,-2,2
14800,87,73,14,14
14801,121,104,17,17
14802,85,91,-6,6
14803,74,74,0,0
14804,94,95,-1,1
14805,117,116,1,1
14806,136,132,4,4
14807,51,51,0,0
14808,143,131,12,12
14809,110,107,3,3
14810,112,105,7,7
14811,59,59,0,0
14812,69,65,4,4
14813,92,90,2,2
14814,92,93,-1,1
14815,125,113,12,12
14816,93,86,7,7
14817,94,82,12,12
14818,183,158,25,25
14819,158,153,5,5
14820,126,119,7,7
14821,201,179,22,22
14822,96,83,13,13
14823,69,83,-14,14
14824,112,120,-8,8
14825,60,66,-6,6
14826,81,75,6,6
14827,229,214,15,15
14828,81,79,2,2
14829,49,56,-7,7
14830,98,89,9,9
14831,104,98,6,6
14832,117,104,13,13
14833,91,91,0,0
14834,96,83,13,13
14835,82,76,6,6
14836,193,161,32,32
14837,75,79,-4,4
14838,101,96,5,5
14839,128,109,19,19
14840,103,101,2,2
14841,84,80,4,4
14842,162,140,22,22
14843,117,112,5,5
14844,104,123,-19,19
14845,85,83,2,2
14846,90,88,2,2
14847,67,68,-1,1
14848,91,76,15,15
14849,152,140,12,12
14850,60,56,4,4
14851,107,103,4,4
14852,114,129,-15,15
14853,95,95,0,0
14854,85,88,-3,3
14855,72,102,-30,30
14856,66,85,-19,19
14857,81,83,-2,2
14858,112,102,10,10
14859,39,42,-3,3
14860,125,134,-9,9
14861,67,65,2,2
14862,103,92,11,11
14863,44,56,-12,12
14864,52,51,1,1
14865,58,63,-5,5
14866,105,104,1,1
14867,55,68,-13,13
14868,107,122,-15,15
14869,102,111,-9,9
14870,61,78,-17,17
14871,129,122,7,7
14872,72,69,3,3
14873,144,136,8,8
14874,67,70,-3,3
14875,131,118,13,13
14876,59,60,-1,1
14877,142,133,9,9
14878,80,84,-4,4
14879,95,87,8,8
14880,62,66,-4,4
14881,99,99,0,0
14882,69,78,-9,9
14883,36,44,-8,8
14884,53,54,-1,1
14885,174,149,25,25
14886,120,112,8,8
14887,60,70,-10,10
14888,44,44,0,0
14889,104,103,1,1
14890,70,66,4,4
14891,80,75,5,5
14892,72,68,4,4
14893,114,121,-7,7
14894,110,104,6,6
14895,69,65,4,4
14896,108,102,6,6
14897,136,127,9,9
14898,62,65,-3,3
14899,170,164,6,6
14900,109,100,9,9
14901,85,84,1,1
14902,93,85,8,8
14903,117,110,7,7
14904,102,83,19,19
14905,123,112,11,11
14906,91,102,-11,11
14907,65,66,-1,1
14908,52,59,-7,7
14909,139,119,20,20
14910,88,86,2,2
14911,67,80,-13,13
14912,143,137,6,6
14913,153,152,1,1
14914,65,66,-1,1
14915,84,85,-1,1
14916,101,109,-8,8
14917,90,111,-21,21
14918,75,73,2,2
14919,95,90,5,5
14920,197,165,32,32
14921,60,63,-3,3
14922,152,145,7,7
14923,69,66,3,3
14924,79,84,-5,5
14925,63,74,-11,11
14926,114,108,6,6
14927,94,85,9,9
14928,107,97,10,10
14929,94,93,1,1
14930,68,66,2,2
14931,95,90,5,5
14932,123,109,14,14
14933,81,78,3,3
14934,141,123,18,18
14935,78,77,1,1
14936,100,103,-3,3
14937,120,115,5,5
14938,36,54,-18,18
14939,81,87,-6,6
14940,118,95,23,23
14941,122,120,2,2
14942,80,74,6,6
14943,130,114,16,16
14944,44,44,0,0
14945,170,166,4,4
14946,74,94,-20,20
14947,66,72,-6,6
14948,192,169,23,23
14949,84,85,-1,1
14950,116,131,-15,15
14951,81,78,3,3
14952,43,47,-4,4
14953,69,73,-4,4
14954,63,62,1,1
14955,94,88,6,6
14956,84,80,4,4
14957,56,55,1,1
14958,106,112,-6,6
14959,152,121,31,31
14960,92,87,5,5
14961,68,68,0,0
14962,87,89,-2,2
14963,88,97,-9,9
14964,78,79,-1,1
14965,64,73,-9,9
14966,147,133,14,14
14967,57,53,4,4
14968,81,81,0,0
14969,59,64,-5,5
14970,70,71,-1,1
14971,87,93,-6,6
14972,90,78,12,12
14973,87,75,12,12
14974,49,52,-3,3
14975,160,130,30,30
14976,131,111,20,20
14977,83,85,-2,2
14978,44,49,-5,5
14979,44,52,-8,8
14980,52,65,-13,13
14981,102,107,-5,5
14982,69,73,-4,4
14983,99,94,5,5
14984,81,86,-5,5
14985,91,97,-6,6
14986,87,84,3,3
14987,57,54,3,3
14988,82,84,-2,2
14989,56,57,-1,1
14990,76,77,-1,1
14991,79,82,-3,3
14992,78,72,6,6
14993,121,105,16,16
14994,119,98,21,21
14995,68,73,-5,5
14996,146,131,15,15
14997,106,88,18,18
14998,132,114,18,18
14999,47,52,-5,5
15000,70,68,2,2
15001,114,96,18,18
15002,71,67,4,4
15003,85,96,-11,11
15004,132,119,13,13
15005,33,39,-6,6
15006,16,44,-28,28
15007,68,69,-1,1
15008,62,64,-2,2
15009,84,91,-7,7
15010,50,56,-6,6
15011,91,90,1,1
15012,116,108,8,8
15013,97,90,7,7
15014,126,125,1,1
15015,102,104,-2,2
15016,111,93,18,18
15017,113,104,9,9
15018,149,130,19,19
15019,87,73,14,14
15020,120,105,15,15
15021,124,121,3,3
15022,145,125,20,20
15023,78,75,3,3
15024,158,153,5,5
15025,47,55,-8,8
15026,228,207,21,21
15027,86,93,-7,7
15028,97,91,6,6
15029,105,96,9,9
15030,59,65,-6,6
15031,134,107,27,27
15032,122,122,0,0
15033,116,129,-13,13
15034,72,80,-8,8
15035,95,104,-9,9
15036,48,49,-1,1
15037,71,70,1,1
15038,164,158,6,6
15039,80,75,5,5
15040,96,85,11,11
15041,133,115,18,18
15042,121,128,-7,7
15043,122,118,4,4
15044,99,89,10,10
15045,96,84,12,12
15046,41,49,-8,8
15047,157,131,26,26
15048,104,85,19,19
15049,65,73,-8,8
15050,103,108,-5,5
15051,118,112,6,6
15052,99,95,4,4
15053,126,106,20,20
15054,106,99,7,7
15055,55,47,8,8
15056,75,72,3,3
15057,69,73,-4,4
15058,107,103,4,4
15059,122,116,6,6
15060,63,67,-4,4
15061,107,99,8,8
15062,96,110,-14,14
15063,62,73,-11,11
15064,72,70,2,2
15065,152,137,15,15
15066,65,67,-2,2
15067,78,73,5,5
15068,115,112,3,3
15069,113,98,15,15
15070,113,94,19,19
15071,105,98,7,7
15072,116,114,2,2
15073,158,145,13,13
15074,57,65,-8,8
15075,141,137,4,4
15076,82,80,2,2
15077,106,102,4,4
15078,96,85,11,11
15079,104,99,5,5
15080,98,88,10,10
15081,83,93,-10,10
15082,138,123,15,15
15083,148,136,12,12
15084,71,81,-10,10
15085,90,95,-5,5
15086,134,117,17,17
15087,129,130,-1,1
15088,127,122,5,5
15089,77,76,1,1
15090,69,78,-9,9
15091,102,100,2,2
15092,69,73,-4,4
15093,65,64,1,1
15094,102,110,-8,8
15095,56,69,-13,13
15096,123,112,11,11
15097,73,69,4,4
15098,61,73,-12,12
15099,102,114,-12,12
15100,98,95,3,3
15101,80,77,3,3
15102,85,89,-4,4
15103,61,63,-2,2
15104,127,120,7,7
15105,68,66,2,2
15106,127,130,-3,3
15107,71,71,0,0
15108,71,57,14,14
15109,149,136,13,13
15110,91,84,7,7
15111,98,100,-2,2
15112,51,55,-4,4
15113,90,88,2,2
15114,105,111,-6,6
15115,84,83,1,1
15116,98,91,7,7
15117,188,189,-1,1
15118,57,54,3,3
15119,135,107,28,28
15120,107,96,11,11
15121,166,154,12,12
15122,102,94,8,8
15123,162,151,11,11
15124,74,68,6,6
15125,81,82,-1,1
15126,58,57,1,1
15127,93,79,14,14
15128,67,65,2,2
15129,136,138,-2,2
15130,122,120,2,2
15131,114,117,-3,3
15132,66,60,6,6
15133,121,107,14,14
15134,82,85,-3,3
15135,110,98,12,12
15136,63,68,-5,5
15137,108,100,8,8
15138,77,76,1,1
15139,86,81,5,5
15140,74,70,4,4
15141,101,103,-2,2
15142,114,117,-3,3
15143,105,97,8,8
15144,106,103,3,3
15145,83,77,6,6
15146,169,158,11,11
15147,71,70,1,1
15148,87,92,-5,5
15149,67,68,-1,1
15150,86,107,-21,21
15151,244,221,23,23
15152,96,80,16,16
15153,136,126,10,10
15154,64,63,1,1
15155,131,138,-7,7
15156,142,146,-4,4
15157,63,77,-14,14
15158,56,64,-8,8
15159,65,65,0,0
15160,116,105,11,11
15161,57,53,4,4
15162,109,113,-4,4
15163,114,122,-8,8
15164,68,65,3,3
15165,114,109,5,5
15166,64,83,-19,19
15167,112,120,-8,8
15168,47,56,-9,9
15169,66,59,7,7
15170,81,84,-3,3
15171,127,125,2,2
15172,109,108,1,1
15173,72,69,3,3
15174,94,96,-2,2
15175,46,53,-7,7
15176,113,82,31,31
15177,70,74,-4,4
15178,80,83,-3,3
15179,64,67,-3,3
15180,113,103,10,10
15181,56,66,-10,10
15182,112,104,8,8
15183,50,65,-15,15
15184,101,96,5,5
15185,173,161,12,12
15186,57,51,6,6
15187,104,97,7,7
15188,90,88,2,2
15189,76,75,1,1
15190,94,91,3,3
15191,105,118,-13,13
15192,121,115,6,6
15193,126,131,-5,5
15194,127,107,20,20
15195,116,110,6,6
15196,88,83,5,5
15197,62,75,-13,13
15198,190,181,9,9
15199,91,115,-24,24
15200,68,73,-5,5
15201,102,92,10,10
15202,150,115,35,35
15203,85,85,0,0
15204,45,49,-4,4
15205,106,106,0,0
15206,64,61,3,3
15207,152,147,5,5
15208,124,123,1,1
15209,77,81,-4,4
15210,80,86,-6,6
15211,68,64,4,4
15212,131,127,4,4
15213,141,127,14,14
15214,138,116,22,22
15215,139,151,-12,12
15216,54,61,-7,7
15217,81,80,1,1
15218,131,125,6,6
15219,105,102,3,3
15220,88,78,10,10
15221,97,95,2,2
15222,132,121,11,11
15223,80,84,-4,4
15224,83,84,-1,1
15225,56,64,-8,8
15226,68,79,-11,11
15227,88,82,6,6
15228,101,100,1,1
15229,123,112,11,11
15230,123,127,-4,4
15231,56,74,-18,18
15232,139,134,5,5
15233,102,102,0,0
15234,53,55,-2,2
15235,145,134,11,11
15236,94,96,-2,2
15237,126,118,8,8
15238,92,82,10,10
15239,82,77,5,5
15240,74,81,-7,7
15241,165,129,36,36
15242,99,101,-2,2
15243,139,140,-1,1
15244,84,72,12,12
15245,85,81,4,4
15246,63,64,-1,1
15247,174,141,33,33
15248,127,109,18,18
15249,93,99,-6,6
15250,106,102,4,4
15251,108,134,-26,26
15252,93,89,4,4
15253,98,80,18,18
15254,91,88,3,3
15255,68,67,1,1
15256,98,94,4,4
15257,264,220,44,44
15258,105,89,16,16
15259,71,78,-7,7
15260,57,51,6,6
15261,99,92,7,7
15262,87,79,8,8
15263,109,105,4,4
15264,132,130,2,2
15265,66,75,-9,9
15266,99,96,3,3
15267,70,60,10,10
15268,111,103,8,8
15269,124,117,7,7
15270,53,62,-9,9
15271,113,99,14,14
15272,69,60,9,9
15273,69,75,-6,6
15274,80,77,3,3
15275,87,85,2,2
15276,117,104,13,13
15277,105,93,12,12
15278,64,54,10,10
15279,41,48,-7,7
15280,60,60,0,0
15281,93,91,2,2
15282,74,68,6,6
15283,100,93,7,7
15284,75,70,5,5
15285,117,102,15,15
15286,129,128,1,1
15287,145,136,9,9
15288,102,101,1,1
15289,147,141,6,6
15290,55,58,-3,3
15291,91,82,9,9
15292,46,56,-10,10
15293,211,166,45,45
15294,125,129,-4,4
15295,76,76,0,0
15296,84,79,5,5
15297,104,101,3,3
15298,62,67,-5,5
15299,77,81,-4,4
15300,100,92,8,8
15301,83,86,-3,3
15302,90,87,3,3
15303,181,156,25,25
15304,132,142,-10,10
15305,88,83,5,5
15306,85,86,-1,1
15307,69,74,-5,5
15308,59,56,3,3
15309,42,40,2,2
15310,138,127,11,11
15311,75,69,6,6
15312,116,112,4,4
15313,76,89,-13,13
15314,85,83,2,2
15315,60,65,-5,5
15316,101,98,3,3
15317,117,122,-5,5
15318,73,80,-7,7
15319,65,74,-9,9
15320,136,131,5,5
15321,40,45,-5,5
15322,61,60,1,1
15323,138,129,9,9
15324,55,65,-10,10
15325,87,77,10,10
15326,60,58,2,2
15327,42,43,-1,1
15328,184,180,4,4
15329,136,135,1,1
15330,46,74,-28,28
15331,157,114,43,43
15332,99,98,1,1
15333,64,62,2,2
15334,95,91,4,4
15335,138,132,6,6
15336,63,67,-4,4
15337,72,61,11,11
15338,52,57,-5,5
15339,90,80,10,10
15340,78,88,-10,10
15341,97,97,0,0
15342,118,110,8,8
15343,89,91,-2,2
15344,55,59,-4,4
15345,109,101,8,8
15346,64,73,-9,9
15347,103,94,9,9
15348,96,92,4,4
15349,101,94,7,7
15350,130,123,7,7
15351,67,80,-13,13
15352,65,67,-2,2
15353,80,78,2,2
15354,90,83,7,7
15355,86,79,7,7
15356,62,61,1,1
15357,162,150,12,12
15358,107,110,-3,3
15359,42,47,-5,5
15360,104,100,4,4
15361,125,119,6,6
15362,93,95,-2,2
15363,163,173,-10,10
15364,42,54,-12,12
15365,127,118,9,9
15366,94,97,-3,3
15367,88,87,1,1
15368,147,137,10,10
15369,155,143,12,12
15370,107,93,14,14
15371,65,65,0,0
15372,94,105,-11,11
15373,77,77,0,0
15374,128,124,4,4
15375,70,76,-6,6
15376,51,60,-9,9
15377,101,103,-2,2
15378,108,91,17,17
15379,169,152,17,17
15380,56,60,-4,4
15381,114,98,16,16
15382,129,137,-8,8
15383,98,93,5,5
15384,62,68,-6,6
15385,52,51,1,1
15386,125,105,20,20
15387,123,110,13,13
15388,107,102,5,5
15389,100,101,-1,1
15390,153,161,-8,8
15391,81,87,-6,6
15392,82,81,1,1
15393,97,96,1,1
15394,28,42,-14,14
15395,123,123,0,0
15396,66,76,-10,10
15397,91,88,3,3
15398,95,93,2,2
15399,66,73,-7,7
15400,105,107,-2,2
15401,64,66,-2,2
15402,106,98,8,8
15403,136,123,13,13
15404,87,84,3,3
15405,71,67,4,4
15406,116,116,0,0
15407,88,94,-6,6
15408,53,57,-4,4
15409,126,110,16,16
15410,144,126,18,18
15411,74,78,-4,4
15412,63,65,-2,2
15413,72,73,-1,1
15414,73,63,10,10
15415,76,80,-4,4
15416,88,82,6,6
15417,78,79,-1,1
15418,103,97,6,6
15419,76,65,11,11
15420,41,81,-40,40
15421,231,198,33,33
15422,134,131,3,3
15423,126,102,24,24
15424,138,125,13,13
15425,103,107,-4,4
15426,90,92,-2,2
15427,73,72,1,1
15428,63,72,-9,9
15429,81,88,-7,7
15430,120,98,22,22
15431,92,94,-2,2
15432,100,99,1,1
15433,51,58,-7,7
15434,116,116,0,0
15435,97,96,1,1
15436,87,72,15,15
15437,138,124,14,14
15438,52,63,-11,11
15439,36,46,-10,10
15440,167,163,4,4
15441,80,90,-10,10
15442,117,111,6,6
15443,91,80,11,11
15444,163,149,14,14
15445,112,122,-10,10
15446,75,80,-5,5
15447,119,110,9,9
15448,61,65,-4,4
15449,71,70,1,1
15450,117,112,5,5
15451,115,127,-12,12
15452,99,102,-3,3
15453,125,120,5,5
15454,100,98,2,2
15455,153,123,30,30
15456,146,145,1,1
15457,157,142,15,15
15458,104,104,0,0
15459,130,116,14,14
15460,137,135,2,2
15461,105,112,-7,7
15462,101,89,12,12
15463,110,110,0,0
15464,97,87,10,10
15465,87,80,7,7
15466,107,104,3,3
15467,87,87,0,0
15468,90,73,17,17
15469,90,85,5,5
15470,118,116,2,2
15471,57,65,-8,8
15472,108,113,-5,5
15473,51,59,-8,8
15474,56,78,-22,22
15475,53,70,-17,17
15476,55,64,-9,9
15477,68,78,-10,10
15478,61,67,-6,6
15479,142,135,7,7
15480,83,79,4,4
15481,56,64,-8,8
15482,60,70,-10,10
15483,59,68,-9,9
15484,119,114,5,5
15485,60,69,-9,9
15486,60,66,-6,6
15487,106,98,8,8
15488,78,81,-3,3
15489,83,78,5,5
15490,63,67,-4,4
15491,147,131,16,16
15492,182,166,16,16
15493,129,123,6,6
15494,97,101,-4,4
15495,115,108,7,7
15496,105,110,-5,5
15497,102,107,-5,5
15498,127,128,-1,1
15499,157,144,13,13
15500,84,79,5,5
15501,152,135,17,17
15502,74,82,-8,8
15503,79,76,3,3
15504,123,121,2,2
15505,135,134,1,1
15506,82,81,1,1
15507,111,109,2,2
15508,62,87,-25,25
15509,59,65,-6,6
15510,77,88,-11,11
15511,63,68,-5,5
15512,81,83,-2,2
15513,56,53,3,3
15514,69,75,-6,6
15515,65,70,-5,5
15516,82,79,3,3
15517,91,87,4,4
15518,190,156,34,34
15519,185,168,17,17
15520,131,118,13,13
15521,65,64,1,1
15522,158,143,15,15
15523,144,148,-4,4
15524,73,80,-7,7
15525,80,94,-14,14
15526,152,137,15,15
15527,62,67,-5,5
15528,64,71,-7,7
15529,65,70,-5,5
15530,146,130,16,16
15531,124,115,9,9
15532,108,102,6,6
15533,131,117,14,14
15534,107,107,0,0
15535,104,104,0,0
15536,78,76,2,2
15537,115,116,-1,1
15538,159,144,15,15
15539,103,107,-4,4
15540,101,101,0,0
15541,63,60,3,3
15542,160,150,10,10
15543,61,67,-6,6
15544,60,58,2,2
15545,130,129,1,1
15546,96,90,6,6
15547,84,85,-1,1
15548,93,85,8,8
15549,110,110,0,0
15550,66,66,0,0
15551,77,70,7,7
15552,103,100,3,3
15553,78,79,-1,1
15554,147,135,12,12
15555,87,91,-4,4
15556,84,78,6,6
15557,83,74,9,9
15558,69,66,3,3
15559,180,166,14,14
15560,140,130,10,10
15561,57,60,-3,3
15562,120,113,7,7
15563,62,65,-3,3
15564,79,76,3,3
15565,127,125,2,2
15566,64,69,-5,5
15567,81,73,8,8
15568,100,93,7,7
15569,118,115,3,3
15570,85,75,10,10
15571,77,87,-10,10
15572,104,95,9,9
15573,72,69,3,3
15574,101,95,6,6
15575,95,95,0,0
15576,98,92,6,6
15577,62,59,3,3
15578,98,87,11,11
15579,113,122,-9,9
15580,62,62,0,0
15581,52,64,-12,12
15582,112,97,15,15
15583,80,83,-3,3
15584,106,111,-5,5
15585,63,66,-3,3
15586,49,59,-10,10
15587,72,75,-3,3
15588,117,97,20,20
15589,116,108,8,8
15590,94,87,7,7
15591,95,92,3,3
15592,83,91,-8,8
15593,119,115,4,4
15594,106,105,1,1
15595,92,84,8,8
15596,70,79,-9,9
15597,133,124,9,9
15598,64,58,6,6
15599,169,157,12,12
15600,93,87,6,6
15601,102,101,1,1
15602,87,81,6,6
15603,71,76,-5,5
15604,62,68,-6,6
15605,59,52,7,7
15606,85,82,3,3
15607,72,72,0,0
15608,50,50,0,0
15609,92,87,5,5
15610,127,118,9,9
15611,57,55,2,2
15612,107,99,8,8
15613,65,61,4,4
15614,82,86,-4,4
15615,81,86,-5,5
15616,98,94,4,4
15617,82,75,7,7
15618,110,123,-13,13
15619,166,154,12,12
15620,107,101,6,6
15621,50,57,-7,7
15622,148,129,19,19
15623,70,68,2,2
15624,100,90,10,10
15625,108,102,6,6
15626,113,110,3,3
15627,53,61,-8,8
15628,126,120,6,6
15629,72,70,2,2
15630,197,172,25,25
15631,47,48,-1,1
15632,89,83,6,6
15633,143,123,20,20
15634,119,116,3,3
15635,76,83,-7,7
15636,73,79,-6,6
15637,68,74,-6,6
15638,111,101,10,10
15639,121,105,16,16
15640,92,99,-7,7
15641,113,106,7,7
15642,98,96,2,2
15643,152,156,-4,4
15644,80,82,-2,2
15645,82,79,3,3
15646,128,119,9,9
15647,49,55,-6,6
15648,128,127,1,1
15649,63,65,-2,2
15650,52,54,-2,2
15651,89,85,4,4
15652,68,60,8,8
15653,109,105,4,4
15654,83,78,5,5
15655,97,93,4,4
15656,73,75,-2,2
15657,75,69,6,6
15658,127,116,11,11
15659,52,77,-25,25
15660,69,59,10,10
15661,152,140,12,12
15662,87,84,3,3
15663,130,108,22,22
15664,72,81,-9,9
15665,114,114,0,0
15666,75,73,2,2
15667,136,119,17,17
15668,77,75,2,2
15669,88,82,6,6
15670,64,73,-9,9
15671,90,77,13,13
15672,174,166,8,8
15673,57,65,-8,8
15674,56,65,-9,9
15675,78,74,4,4
15676,81,75,6,6
15677,67,57,10,10
15678,123,107,16,16
15679,146,137,9,9
15680,123,123,0,0
15681,98,100,-2,2
15682,61,80,-19,19
15683,109,108,1,1
15684,76,81,-5,5
15685,121,118,3,3
15686,81,79,2,2
15687,38,56,-18,18
15688,70,71,-1,1
15689,83,78,5,5
15690,100,95,5,5
15691,79,88,-9,9
15692,98,103,-5,5
15693,79,74,5,5
15694,196,174,22,22
15695,137,133,4,4
15696,67,70,-3,3
15697,87,86,1,1
15698,79,79,0,0
15699,84,84,0,0
15700,104,113,-9,9
15701,105,111,-6,6
15702,113,101,12,12
15703,54,54,0,0
15704,77,76,1,1
15705,124,119,5,5
15706,103,97,6,6
15707,175,153,22,22
15708,67,60,7,7
15709,86,88,-2,2
15710,65,70,-5,5
15711,74,71,3,3
15712,85,64,21,21
15713,77,77,0,0
15714,94,92,2,2
15715,163,140,23,23
15716,107,102,5,5
15717,126,118,8,8
15718,97,89,8,8
15719,80,77,3,3
15720,150,148,2,2
15721,67,74,-7,7
15722,120,100,20,20
15723,86,96,-10,10
15724,80,75,5,5
15725,79,76,3,3
15726,98,91,7,7
15727,100,100,0,0
15728,105,103,2,2
15729,140,151,-11,11
15730,110,96,14,14
15731,101,90,11,11
15732,50,55,-5,5
15733,132,120,12,12
15734,160,156,4,4
15735,119,106,13,13
15736,94,85,9,9
15737,83,79,4,4
15738,92,90,2,2
15739,76,66,10,10
15740,103,97,6,6
15741,93,94,-1,1
15742,67,73,-6,6
15743,104,112,-8,8
15744,123,119,4,4
15745,90,79,11,11
15746,75,80,-5,5
15747,120,110,10,10
15748,66,65,1,1
15749,106,105,1,1
15750,120,109,11,11
15751,98,81,17,17
15752,105,103,2,2
15753,97,95,2,2
15754,101,91,10,10
15755,80,83,-3,3
15756,87,82,5,5
15757,68,66,2,2
15758,160,142,18,18
15759,77,78,-1,1
15760,65,68,-3,3
15761,90,88,2,2
15762,34,39,-5,5
15763,90,97,-7,7
15764,83,73,10,10
15765,47,47,0,0
15766,47,68,-21,21
15767,106,110,-4,4
15768,63,66,-3,3
15769,96,95,1,1
15770,108,113,-5,5
15771,85,86,-1,1
15772,157,138,19,19
15773,90,70,20,20
15774,116,116,0,0
15775,132,127,5,5
15776,123,112,11,11
15777,118,112,6,6
15778,45,56,-11,11
15779,60,61,-1,1
15780,179,157,22,22
15781,111,106,5,5
15782,118,118,0,0
15783,87,93,-6,6
15784,51,58,-7,7
15785,37,45,-8,8
15786,91,89,2,2
15787,69,70,-1,1
15788,130,112,18,18
15789,102,105,-3,3
15790,93,100,-7,7
15791,129,120,9,9
15792,54,52,2,2
15793,70,69,1,1
15794,125,109,16,16
15795,59,63,-4,4
15796,46,43,3,3
15797,64,72,-8,8
15798,113,99,14,14
15799,110,93,17,17
15800,46,52,-6,6
15801,134,138,-4,4
15802,71,79,-8,8
15803,143,138,5,5
15804,63,65,-2,2
15805,120,115,5,5
15806,86,77,9,9
15807,74,78,-4,4
15808,118,121,-3,3
15809,61,69,-8,8
15810,65,63,2,2
15811,136,122,14,14
15812,85,87,-2,2
15813,105,90,15,15
15814,146,136,10,10
15815,98,102,-4,4
15816,30,48,-18,18
15817,76,76,0,0
15818,148,134,14,14
15819,126,105,21,21
15820,121,112,9,9
15821,173,120,53,53
15822,68,82,-14,14
15823,100,100,0,0
15824,109,111,-2,2
15825,73,78,-5,5
15826,97,94,3,3
15827,92,87,5,5
15828,97,90,7,7
15829,88,96,-8,8
15830,159,140,19,19
15831,104,97,7,7
15832,65,65,0,0
15833,84,78,6,6
15834,82,82,0,0
15835,100,107,-7,7
15836,105,103,2,2
15837,70,79,-9,9
15838,77,70,7,7
15839,111,108,3,3
15840,96,86,10,10
15841,98,106,-8,8
15842,89,86,3,3
15843,62,67,-5,5
15844,144,127,17,17
15845,134,123,11,11
15846,96,97,-1,1
15847,64,78,-14,14
15848,74,74,0,0
15849,113,101,12,12
15850,125,130,-5,5
15851,122,112,10,10
15852,66,74,-8,8
15853,46,53,-7,7
15854,115,113,2,2
15855,59,75,-16,16
15856,76,72,4,4
15857,97,93,4,4
15858,125,120,5,5
15859,138,108,30,30
15860,24,41,-17,17
15861,34,43,-9,9
15862,77,76,1,1
15863,112,120,-8,8
15864,123,118,5,5
15865,88,87,1,1
15866,130,116,14,14
15867,108,104,4,4
15868,52,48,4,4
15869,112,115,-3,3
15870,41,44,-3,3
15871,68,77,-9,9
15872,111,107,4,4
15873,97,102,-5,5
15874,73,74,-1,1
15875,75,71,4,4
15876,79,90,-11,11
15877,62,72,-10,10
15878,75,92,-17,17
15879,128,120,8,8
15880,113,112,1,1
15881,49,45,4,4
15882,65,57,8,8
15883,64,65,-1,1
15884,97,102,-5,5
15885,117,102,15,15
15886,62,62,0,0
15887,75,91,-16,16
15888,80,84,-4,4
15889,63,69,-6,6
15890,50,61,-11,11
15891,112,107,5,5
15892,129,122,7,7
15893,78,76,2,2
15894,102,101,1,1
15895,101,93,8,8
15896,67,69,-2,2
15897,49,52,-3,3
15898,184,161,23,23
15899,81,79,2,2
15900,70,68,2,2
15901,95,84,11,11
15902,111,99,12,12
15903,141,129,12,12
15904,105,116,-11,11
15905,54,47,7,7
15906,78,74,4,4
15907,155,137,18,18
15908,134,122,12,12
15909,88,77,11,11
15910,66,75,-9,9
15911,64,72,-8,8
15912,60,71,-11,11
15913,94,87,7,7
15914,103,90,13,13
15915,146,137,9,9
15916,74,86,-12,12
15917,73,68,5,5
15918,62,66,-4,4
15919,103,98,5,5
15920,126,116,10,10
15921,96,87,9,9
15922,160,141,19,19
15923,118,110,8,8
15924,128,113,15,15
15925,191,174,17,17
15926,123,111,12,12
15927,107,101,6,6
15928,55,53,2,2
15929,47,42,5,5
15930,55,52,3,3
15931,58,58,0,0
15932,107,103,4,4
15933,76,73,3,3
15934,96,82,14,14
15935,57,53,4,4
15936,110,113,-3,3
15937,79,77,2,2
15938,65,72,-7,7
15939,123,110,13,13
15940,61,51,10,10
15941,65,73,-8,8
15942,113,104,9,9
15943,49,48,1,1
15944,82,92,-10,10
15945,98,97,1,1
15946,75,78,-3,3
15947,112,116,-4,4
15948,113,100,13,13
15949,94,93,1,1
15950,58,47,11,11
15951,64,74,-10,10
15952,105,109,-4,4
15953,101,98,3,3
15954,68,69,-1,1
15955,101,91,10,10
15956,52,55,-3,3
15957,70,69,1,1
15958,97,128,-31,31
15959,117,104,13,13
15960,68,68,0,0
15961,127,106,21,21
15962,69,75,-6,6
15963,90,95,-5,5
15964,40,44,-4,4
15965,114,105,9,9
15966,98,96,2,2
15967,66,68,-2,2
15968,67,82,-15,15
15969,190,182,8,8
15970,104,96,8,8
15971,74,81,-7,7
15972,69,53,16,16
15973,86,95,-9,9
15974,102,91,11,11
15975,122,112,10,10
15976,142,125,17,17
15977,103,88,15,15
15978,164,147,17,17
15979,110,123,-13,13
15980,64,67,-3,3
15981,74,70,4,4
15982,61,59,2,2
15983,63,67,-4,4
15984,100,85,15,15
15985,107,102,5,5
15986,102,98,4,4
15987,31,44,-13,13
15988,147,131,16,16
15989,60,64,-4,4
15990,86,81,5,5
15991,114,121,-7,7
15992,103,111,-8,8
15993,75,77,-2,2
15994,95,101,-6,6
15995,87,77,10,10
15996,99,85,14,14
15997,114,110,4,4
15998,76,83,-7,7
15999,120,118,2,2
16000,90,80,10,10
16001,64,57,7,7
16002,113,104,9,9
16003,66,65,1,1
16004,123,103,20,20
16005,132,115,17,17
16006,124,104,20,20
16007,56,58,-2,2
16008,125,128,-3,3
16009,101,98,3,3
16010,89,80,9,9
16011,57,66,-9,9
16012,98,87,11,11
16013,101,98,3,3
16014,82,85,-3,3
16015,128,130,-2,2
16016,56,58,-2,2
16017,162,157,5,5
16018,84,93,-9,9
16019,79,76,3,3
16020,53,55,-2,2
16021,55,61,-6,6
16022,62,65,-3,3
16023,73,78,-5,5
16024,42,48,-6,6
16025,127,137,-10,10
16026,52,56,-4,4
16027,121,121,0,0
16028,75,84,-9,9
16029,89,86,3,3
16030,64,65,-1,1
16031,36,41,-5,5
16032,89,79,10,10
16033,72,67,5,5
16034,148,142,6,6
16035,106,102,4,4
16036,158,159,-1,1
16037,131,120,11,11
16038,130,126,4,4
16039,77,74,3,3
16040,136,124,12,12
16041,102,99,3,3
16042,86,87,-1,1
16043,89,84,5,5
16044,101,89,12,12
16045,99,95,4,4
16046,100,91,9,9
16047,69,73,-4,4
16048,92,82,10,10
16049,69,73,-4,4
16050,128,118,10,10
16051,151,138,13,13
16052,39,42,-3,3
16053,44,51,-7,7
16054,74,87,-13,13
16055,82,76,6,6
16056,140,126,14,14
16057,120,103,17,17
16058,79,67,12,12
16059,89,89,0,0
16060,158,180,-22,22
16061,105,124,-19,19
16062,113,113,0,0
16063,58,52,6,6
16064,95,88,7,7
16065,82,85,-3,3
16066,140,127,13,13
16067,66,69,-3,3
16068,94,91,3,3
16069,116,116,0,0
16070,70,80,-10,10
16071,90,89,1,1
16072,73,81,-8,8
16073,62,99,-37,37
16074,55,59,-4,4
16075,87,89,-2,2
16076,97,98,-1,1
16077,75,73,2,2
16078,113,101,12,12
16079,148,124,24,24
16080,144,162,-18,18
16081,64,57,7,7
16082,117,99,18,18
16083,89,85,4,4
16084,106,99,7,7
16085,130,109,21,21
16086,91,97,-6,6
16087,52,54,-2,2
16088,54,62,-8,8
16089,117,97,20,20
16090,127,130,-3,3
16091,104,89,15,15
16092,122,112,10,10
16093,67,65,2,2
16094,73,77,-4,4
16095,84,82,2,2
16096,63,62,1,1
16097,199,185,14,14
16098,138,147,-9,9
16099,85,80,5,5
16100,112,114,-2,2
16101,100,101,-1,1
16102,184,185,-1,1
16103,90,87,3,3
16104,55,62,-7,7
16105,142,131,11,11
16106,124,120,4,4
16107,83,93,-10,10
16108,79,85,-6,6
16109,52,72,-20,20
16110,92,89,3,3
16111,71,70,1,1
16112,47,46,1,1
16113,83,81,2,2
16114,68,68,0,0
16115,65,71,-6,6
16116,99,90,9,9
16117,114,119,-5,5
16118,98,99,-1,1
16119,84,101,-17,17
16120,181,155,26,26
16121,51,52,-1,1
16122,95,81,14,14
16123,77,79,-2,2
16124,70,74,-4,4
16125,103,99,4,4
16126,106,94,12,12
16127,70,80,-10,10
16128,92,89,3,3
16129,104,117,-13,13
16130,49,56,-7,7
16131,62,72,-10,10
16132,52,51,1,1
16133,88,83,5,5
16134,84,75,9,9
16135,80,82,-2,2
16136,55,59,-4,4
16137,84,77,7,7
16138,158,129,29,29
16139,76,71,5,5
16140,58,65,-7,7
16141,94,84,10,10
16142,44,45,-1,1
16143,96,91,5,5
16144,134,120,14,14
16145,124,116,8,8
16146,137,133,4,4
16147,139,125,14,14
16148,40,43,-3,3
16149,64,68,-4,4
16150,100,98,2,2
16151,90,90,0,0
16152,88,87,1,1
16153,80,79,1,1
16154,67,65,2,2
16155,96,94,2,2
16156,74,65,9,9
16157,80,70,10,10
16158,54,62,-8,8
16159,133,126,7,7
16160,71,68,3,3
16161,151,134,17,17
16162,150,142,8,8
16163,107,105,2,2
16164,104,104,0,0
16165,96,92,4,4
16166,164,159,5,5
16167,61,74,-13,13
16168,95,93,2,2
16169,120,113,7,7
16170,107,105,2,2
16171,116,103,13,13
16172,89,86,3,3
16173,42,45,-3,3
16174,74,75,-1,1
16175,100,106,-6,6
16176,66,62,4,4
16177,105,105,0,0
16178,108,92,16,16
16179,144,140,4,4
16180,118,121,-3,3
16181,82,79,3,3
16182,164,137,27,27
16183,125,124,1,1
16184,68,74,-6,6
16185,102,99,3,3
16186,109,113,-4,4
16187,111,98,13,13
16188,115,102,13,13
16189,58,53,5,5
16190,109,97,12,12
16191,90,91,-1,1
16192,99,91,8,8
16193,124,131,-7,7
16194,147,112,35,35
16195,67,65,2,2
16196,89,90,-1,1
16197,77,69,8,8
16198,106,124,-18,18
16199,78,81,-3,3
16200,58,70,-12,12
16201,119,107,12,12
16202,74,80,-6,6
16203,80,79,1,1
16204,143,131,12,12
16205,160,134,26,26
16206,117,108,9,9
16207,79,72,7,7
16208,103,100,3,3
16209,88,72,16,16
16210,74,78,-4,4
16211,96,97,-1,1
16212,94,118,-24,24
16213,66,66,0,0
16214,43,54,-11,11
16215,137,126,11,11
16216,89,86,3,3
16217,95,99,-4,4
16218,172,174,-2,2
16219,37,44,-7,7
16220,75,76,-1,1
16221,112,107,5,5
16222,98,99,-1,1
16223,137,128,9,9
16224,122,109,13,13
16225,55,51,4,4
16226,65,64,1,1
16227,105,103,2,2
16228,67,69,-2,2
16229,115,104,11,11
16230,35,56,-21,21
16231,95,91,4,4
16232,62,56,6,6
16233,60,61,-1,1
16234,142,126,16,16
16235,74,84,-10,10
16236,100,93,7,7
16237,179,92,87,87
16238,173,151,22,22
16239,161,152,9,9
16240,76,76,0,0
16241,79,88,-9,9
16242,116,107,9,9
16243,58,65,-7,7
16244,83,85,-2,2
16245,48,56,-8,8
16246,74,75,-1,1
16247,57,68,-11,11
16248,84,80,4,4
16249,114,99,15,15
16250,72,63,9,9
16251,96,101,-5,5
16252,113,135,-22,22
16253,105,95,10,10
16254,149,132,17,17
16255,62,65,-3,3
16256,72,62,10,10
16257,77,77,0,0
16258,152,138,14,14
16259,94,84,10,10
16260,115,107,8,8
16261,56,52,4,4
16262,65,67,-2,2
16263,111,100,11,11
16264,73,81,-8,8
16265,75,73,2,2
16266,90,96,-6,6
16267,121,120,1,1
16268,111,101,10,10
16269,179,162,17,17
16270,136,133,3,3
16271,111,110,1,1
16272,35,67,-32,32
16273,90,88,2,2
16274,58,57,1,1
16275,172,152,20,20
16276,77,75,2,2
16277,81,73,8,8
16278,31,42,-11,11
16279,87,90,-3,3
16280,63,77,-14,14
16281,114,103,11,11
16282,96,92,4,4
16283,83,82,1,1
16284,117,118,-1,1
16285,121,100,21,21
16286,89,89,0,0
16287,106,104,2,2
16288,108,97,11,11
16289,121,113,8,8
16290,160,142,18,18
16291,110,105,5,5
16292,87,76,11,11
16293,107,105,2,2
16294,117,117,0,0
16295,74,75,-1,1
16296,96,97,-1,1
16297,133,124,9,9
16298,81,90,-9,9
16299,81,78,3,3
16300,76,77,-1,1
16301,57,64,-7,7
16302,131,133,-2,2
16303,91,82,9,9
16304,39,48,-9,9
16305,119,109,10,10
16306,138,123,15,15
16307,105,106,-1,1
16308,77,73,4,4
16309,132,130,2,2
16310,58,64,-6,6
16311,42,46,-4,4
16312,67,65,2,2
16313,54,52,2,2
16314,74,72,2,2
16315,95,97,-2,2
16316,73,66,7,7
16317,75,90,-15,15
16318,58,62,-4,4
16319,112,102,10,10
16320,114,101,13,13
16321,118,119,-1,1
16322,63,62,1,1
16323,59,70,-11,11
16324,56,52,4,4
16325,66,66,0,0
16326,64,68,-4,4
16327,100,90,10,10
16328,97,95,2,2
16329,155,137,18,18
16330,93,82,11,11
16331,123,118,5,5
16332,89,76,13,13
16333,76,80,-4,4
16334,178,172,6,6
16335,67,62,5,5
16336,112,103,9,9
16337,105,101,4,4
16338,95,90,5,5
16339,81,80,1,1
16340,67,80,-13,13
16341,79,76,3,3
16342,117,117,0,0
16343,72,76,-4,4
16344,103,103,0,0
16345,109,104,5,5
16346,59,63,-4,4
16347,101,95,6,6
16348,112,108,4,4
16349,158,143,15,15
16350,119,116,3,3
16351,92,86,6,6
16352,38,44,-6,6
16353,66,72,-6,6
16354,69,82,-13,13
16355,51,62,-11,11
16356,200,164,36,36
16357,93,86,7,7
16358,97,96,1,1
16359,171,137,34,34
16360,65,74,-9,9
16361,102,93,9,9
16362,72,71,1,1
16363,55,55,0,0
16364,118,97,21,21
16365,86,79,7,7
16366,135,120,15,15
16367,78,71,7,7
16368,115,112,3,3
16369,140,142,-2,2
16370,61,65,-4,4
16371,48,54,-6,6
16372,78,74,4,4
16373,195,185,10,10
16374,48,60,-12,12
16375,71,70,1,1
16376,126,119,7,7
16377,207,180,27,27
16378,111,97,14,14
16379,75,83,-8,8
16380,106,102,4,4
16381,84,80,4,4
16382,140,132,8,8
16383,77,94,-17,17
16384,88,86,2,2
16385,63,67,-4,4
16386,146,133,13,13
16387,43,48,-5,5
16388,87,84,3,3
16389,63,56,7,7
16390,92,100,-8,8
16391,64,72,-8,8
16392,107,95,12,12
16393,114,103,11,11
16394,76,67,9,9
16395,108,114,-6,6
16396,61,57,4,4
16397,157,151,6,6
16398,161,138,23,23
16399,81,80,1,1
16400,42,47,-5,5
16401,120,93,27,27
16402,118,100,18,18
16403,99,94,5,5
16404,78,77,1,1
16405,39,43,-4,4
16406,62,65,-3,3
16407,93,82,11,11
16408,51,57,-6,6
16409,63,83,-20,20
16410,131,137,-6,6
16411,117,98,19,19
16412,96,85,11,11
16413,158,151,7,7
16414,88,88,0,0
16415,77,85,-8,8
16416,84,82,2,2
16417,123,117,6,6
16418,84,78,6,6
16419,122,120,2,2
16420,88,90,-2,2
16421,73,65,8,8
16422,198,178,20,20
16423,87,77,10,10
16424,76,83,-7,7
16425,85,85,0,0
16426,86,93,-7,7
16427,161,166,-5,5
16428,132,103,29,29
16429,65,55,10,10
16430,65,58,7,7
16431,155,141,14,14
16432,94,97,-3,3
16433,91,86,5,5
16434,94,103,-9,9
16435,132,124,8,8
16436,74,74,0,0
16437,134,127,7,7
16438,186,178,8,8
16439,117,109,8,8
16440,128,119,9,9
16441,49,56,-7,7
16442,52,54,-2,2
16443,54,48,6,6
16444,49,57,-8,8
16445,61,65,-4,4
16446,87,86,1,1
16447,121,125,-4,4
16448,110,105,5,5
16449,29,39,-10,10
16450,75,74,1,1
16451,119,122,-3,3
16452,100,90,10,10
16453,73,90,-17,17
16454,71,77,-6,6
16455,61,85,-24,24
16456,91,103,-12,12
16457,68,77,-9,9
16458,79,79,0,0
16459,141,143,-2,2
16460,89,91,-2,2
16461,132,124,8,8
16462,110,104,6,6
16463,70,72,-2,2
16464,49,51,-2,2
16465,99,99,0,0
16466,60,57,3,3
16467,94,94,0,0
16468,89,83,6,6
16469,149,139,10,10
16470,78,73,5,5
16471,133,135,-2,2
16472,134,136,-2,2
16473,65,71,-6,6
16474,117,100,17,17
16475,96,93,3,3
16476,130,109,21,21
16477,138,131,7,7
16478,85,88,-3,3
16479,128,124,4,4
16480,84,78,6,6
16481,127,110,17,17
16482,67,71,-4,4
16483,149,151,-2,2
16484,77,75,2,2
16485,91,92,-1,1
16486,137,125,12,12
16487,142,132,10,10
16488,68,74,-6,6
16489,129,126,3,3
16490,120,105,15,15
16491,38,45,-7,7
16492,109,104,5,5
16493,101,91,10,10
16494,66,95,-29,29
16495,61,68,-7,7
16496,107,101,6,6
16497,112,94,18,18
16498,114,124,-10,10
16499,96,97,-1,1
16500,136,128,8,8
16501,60,65,-5,5
16502,108,96,12,12
16503,109,102,7,7
16504,98,93,5,5
16505,53,68,-15,15
16506,68,58,10,10
16507,114,105,9,9
16508,181,177,4,4
16509,121,107,14,14
16510,67,67,0,0
16511,78,74,4,4
16512,74,75,-1,1
16513,47,46,1,1
16514,113,117,-4,4
16515,41,44,-3,3
16516,57,65,-8,8
16517,68,60,8,8
16518,88,94,-6,6
16519,76,89,-13,13
16520,96,96,0,0
16521,45,53,-8,8
16522,119,111,8,8
16523,104,111,-7,7
16524,111,104,7,7
16525,62,56,6,6
16526,94,91,3,3
16527,86,79,7,7
16528,78,86,-8,8
16529,132,127,5,5
16530,105,102,3,3
16531,141,121,20,20
16532,59,62,-3,3
16533,205,162,43,43
16534,91,88,3,3
16535,87,101,-14,14
16536,87,82,5,5
16537,102,84,18,18
16538,94,83,11,11
16539,77,76,1,1
16540,61,59,2,2
16541,152,131,21,21
16542,85,86,-1,1
16543,120,112,8,8
16544,83,90,-7,7
16545,135,130,5,5
16546,52,52,0,0
16547,79,75,4,4
16548,50,54,-4,4
16549,152,139,13,13
16550,80,73,7,7
16551,83,88,-5,5
16552,163,156,7,7
16553,75,85,-10,10
16554,72,72,0,0
16555,93,86,7,7
16556,118,96,22,22
16557,84,84,0,0
16558,72,68,4,4
16559,75,76,-1,1
16560,79,79,0,0
16561,84,86,-2,2
16562,88,92,-4,4
16563,99,97,2,2
16564,59,61,-2,2
16565,112,105,7,7
16566,128,106,22,22
16567,115,115,0,0
16568,101,111,-10,10
16569,60,59,1,1
16570,80,86,-6,6
16571,134,132,2,2
16572,72,71,1,1
16573,160,143,17,17
16574,123,118,5,5
16575,111,105,6,6
16576,61,68,-7,7
16577,68,73,-5,5
16578,131,135,-4,4
16579,135,118,17,17
16580,217,218,-1,1
16581,56,49,7,7
16582,86,92,-6,6
16583,104,99,5,5
16584,87,95,-8,8
16585,76,78,-2,2
16586,137,123,14,14
16587,86,85,1,1
16588,53,54,-1,1
16589,82,82,0,0
16590,52,48,4,4
16591,85,80,5,5
16592,110,100,10,10
16593,58,55,3,3
16594,103,103,0,0
16595,40,46,-6,6
16596,70,69,1,1
16597,50,48,2,2
16598,69,74,-5,5
16599,108,108,0,0
16600,82,75,7,7
16601,138,126,12,12
16602,103,103,0,0
16603,119,104,15,15
16604,111,95,16,16
16605,154,138,16,16
16606,131,119,12,12
16607,67,66,1,1
16608,76,71,5,5
16609,104,99,5,5
16610,134,116,18,18
16611,41,50,-9,9
16612,54,54,0,0
16613,116,110,6,6
16614,58,58,0,0
16615,74,83,-9,9
16616,101,100,1,1
16617,62,57,5,5
16618,141,138,3,3
16619,93,87,6,6
16620,98,94,4,4
16621,88,98,-10,10
16622,33,39,-6,6
16623,115,118,-3,3
16624,86,86,0,0
16625,156,141,15,15
16626,66,67,-1,1
16627,93,84,9,9
16628,61,60,1,1
16629,128,118,10,10
16630,161,137,24,24
16631,51,53,-2,2
16632,59,61,-2,2
16633,97,92,5,5
16634,157,140,17,17
16635,91,100,-9,9
16636,67,57,10,10
16637,90,95,-5,5
16638,82,80,2,2
16639,104,94,10,10
16640,96,94,2,2
16641,122,125,-3,3
16642,86,80,6,6
16643,126,116,10,10
16644,87,82,5,5
16645,77,82,-5,5
16646,117,107,10,10
16647,144,125,19,19
16648,86,75,11,11
16649,61,57,4,4
16650,79,95,-16,16
16651,96,90,6,6
16652,89,92,-3,3
16653,89,96,-7,7
16654,110,101,9,9
16655,87,76,11,11
16656,39,47,-8,8
16657,98,92,6,6
16658,151,143,8,8
16659,89,84,5,5
16660,67,67,0,0
16661,71,68,3,3
16662,119,104,15,15
16663,86,84,2,2
16664,147,137,10,10
16665,51,50,1,1
16666,83,90,-7,7
16667,83,84,-1,1
16668,54,59,-5,5
16669,138,120,18,18
16670,64,65,-1,1
16671,80,78,2,2
16672,58,68,-10,10
16673,92,86,6,6
16674,56,75,-19,19
16675,114,120,-6,6
16676,58,60,-2,2
16677,51,54,-3,3
16678,111,104,7,7
16679,66,76,-10,10
16680,64,65,-1,1
16681,99,103,-4,4
16682,73,70,3,3
16683,110,94,16,16
16684,99,107,-8,8
16685,92,83,9,9
16686,57,52,5,5
16687,138,131,7,7
16688,156,151,5,5
16689,113,104,9,9
16690,37,45,-8,8
16691,119,109,10,10
16692,109,107,2,2
16693,137,128,9,9
16694,187,142,45,45
16695,77,84,-7,7
16696,78,73,5,5
16697,89,92,-3,3
16698,144,140,4,4
16699,111,105,6,6
16700,46,57,-11,11
16701,119,111,8,8
16702,89,76,13,13
16703,85,84,1,1
16704,155,129,26,26
16705,164,161,3,3
16706,176,160,16,16
16707,61,62,-1,1
16708,143,144,-1,1
16709,66,54,12,12
16710,138,124,14,14
16711,107,103,4,4
16712,80,76,4,4
16713,95,87,8,8
16714,94,102,-8,8
16715,90,86,4,4
16716,65,68,-3,3
16717,75,73,2,2
16718,54,60,-6,6
16719,84,83,1,1
16720,129,114,15,15
16721,142,119,23,23
16722,96,101,-5,5
16723,112,112,0,0
16724,93,80,13,13
16725,57,59,-2,2
16726,36,51,-15,15
16727,46,53,-7,7
16728,94,94,0,0
16729,57,66,-9,9
16730,106,107,-1,1
16731,130,126,4,4
16732,62,63,-1,1
16733,89,90,-1,1
16734,137,126,11,11
16735,107,108,-1,1
16736,58,60,-2,2
16737,73,71,2,2
16738,86,88,-2,2
16739,103,93,10,10
16740,121,118,3,3
16741,66,58,8,8
16742,87,92,-5,5
16743,59,54,5,5
16744,109,109,0,0
16745,79,87,-8,8
16746,68,69,-1,1
16747,66,70,-4,4
16748,72,71,1,1
16749,100,94,6,6
16750,102,96,6,6
16751,55,61,-6,6
16752,98,95,3,3
16753,107,101,6,6
16754,77,66,11,11
16755,76,81,-5,5
16756,65,68,-3,3
16757,134,113,21,21
16758,39,51,-12,12
16759,123,123,0,0
16760,64,66,-2,2
16761,105,98,7,7
16762,66,67,-1,1
16763,203,188,15,15
16764,144,115,29,29
16765,75,78,-3,3
16766,106,100,6,6
16767,104,101,3,3
16768,73,79,-6,6
16769,83,69,14,14
16770,81,95,-14,14
16771,83,86,-3,3
16772,100,101,-1,1
16773,103,95,8,8
16774,76,75,1,1
16775,66,68,-2,2
16776,72,74,-2,2
16777,87,95,-8,8
16778,81,104,-23,23
16779,109,99,10,10
16780,103,92,11,11
16781,112,116,-4,4
16782,170,159,11,11
16783,89,87,2,2
16784,73,76,-3,3
16785,59,55,4,4
16786,135,125,10,10
16787,61,66,-5,5
16788,78,84,-6,6
16789,125,108,17,17
16790,64,72,-8,8
16791,54,61,-7,7
16792,119,112,7,7
16793,92,95,-3,3
16794,117,112,5,5
16795,88,80,8,8
16796,99,94,5,5
16797,48,54,-6,6
16798,123,118,5,5
16799,113,112,1,1
16800,98,95,3,3
16801,66,66,0,0
16802,82,77,5,5
16803,38,61,-23,23
16804,86,84,2,2
16805,135,142,-7,7
16806,140,129,11,11
16807,73,71,2,2
16808,95,96,-1,1
16809,40,48,-8,8
16810,67,85,-18,18
16811,160,148,12,12
16812,121,109,12,12
16813,104,86,18,18
16814,98,95,3,3
16815,125,110,15,15
16816,119,105,14,14
16817,109,111,-2,2
16818,73,75,-2,2
16819,212,174,38,38
16820,81,75,6,6
16821,104,100,4,4
16822,44,49,-5,5
16823,82,68,14,14
16824,181,154,27,27
16825,50,51,-1,1
16826,90,100,-10,10
16827,87,81,6,6
16828,76,88,-12,12
16829,211,195,16,16
16830,104,94,10,10
16831,114,107,7,7
16832,143,141,2,2
16833,142,132,10,10
16834,153,161,-8,8
16835,60,58,2,2
16836,60,65,-5,5
16837,111,91,20,20
16838,143,145,-2,2
16839,76,80,-4,4
16840,73,74,-1,1
16841,76,70,6,6
16842,75,75,0,0
16843,58,64,-6,6
16844,57,57,0,0
16845,112,105,7,7
16846,151,136,15,15
16847,51,46,5,5
16848,64,70,-6,6
16849,80,81,-1,1
16850,89,81,8,8
16851,155,141,14,14
16852,97,91,6,6
16853,82,85,-3,3
16854,122,113,9,9
16855,110,112,-2,2
16856,91,86,5,5
16857,27,65,-38,38
16858,55,58,-3,3
16859,107,102,5,5
16860,61,66,-5,5
16861,67,77,-10,10
16862,111,117,-6,6
16863,95,89,6,6
16864,129,124,5,5
16865,165,174,-9,9
16866,139,128,11,11
16867,97,124,-27,27
16868,88,83,5,5
16869,64,72,-8,8
16870,83,76,7,7
16871,118,110,8,8
16872,81,78,3,3
16873,78,74,4,4
16874,164,159,5,5
16875,60,84,-24,24
16876,23,37,-14,14
16877,60,62,-2,2
16878,58,65,-7,7
16879,102,104,-2,2
16880,100,96,4,4
16881,103,101,2,2
16882,98,86,12,12
16883,136,135,1,1
16884,110,105,5,5
16885,95,94,1,1
16886,113,109,4,4
16887,143,154,-11,11
16888,141,132,9,9
16889,117,105,12,12
16890,63,72,-9,9
16891,83,73,10,10
16892,52,54,-2,2
16893,95,103,-8,8
16894,85,88,-3,3
16895,75,82,-7,7
16896,137,129,8,8
16897,81,80,1,1
16898,55,64,-9,9
16899,128,103,25,25
16900,135,116,19,19
16901,107,99,8,8
16902,68,71,-3,3
16903,95,93,2,2
16904,131,117,14,14
16905,106,99,7,7
16906,84,99,-15,15
16907,120,116,4,4
16908,69,72,-3,3
16909,93,94,-1,1
16910,100,95,5,5
16911,152,137,15,15
16912,139,143,-4,4
16913,109,102,7,7
16914,122,113,9,9
16915,70,72,-2,2
16916,89,81,8,8
16917,81,68,13,13
16918,59,58,1,1
16919,74,82,-8,8
16920,121,102,19,19
16921,88,81,7,7
16922,72,89,-17,17
16923,107,103,4,4
16924,47,55,-8,8
16925,105,96,9,9
16926,61,71,-10,10
16927,116,112,4,4
16928,110,100,10,10
16929,63,61,2,2
16930,121,109,12,12
16931,52,51,1,1
16932,92,84,8,8
16933,102,114,-12,12
16934,86,85,1,1
16935,171,184,-13,13
16936,97,106,-9,9
16937,105,89,16,16
16938,127,125,2,2
16939,84,91,-7,7
16940,99,86,13,13
16941,65,59,6,6
16942,86,75,11,11
16943,107,92,15,15
16944,84,81,3,3
16945,136,122,14,14
16946,82,71,11,11
16947,52,54,-2,2
16948,103,111,-8,8
16949,102,99,3,3
16950,126,114,12,12
16951,185,166,19,19
16952,143,131,12,12
16953,48,63,-15,15
16954,142,114,28,28
16955,58,64,-6,6
16956,164,157,7,7
16957,95,90,5,5
16958,191,187,4,4
16959,115,113,2,2
16960,58,66,-8,8
16961,121,111,10,10
16962,101,94,7,7
16963,79,86,-7,7
16964,84,82,2,2
16965,69,65,4,4
16966,153,150,3,3
16967,67,73,-6,6
16968,69,82,-13,13
16969,71,78,-7,7
16970,94,95,-1,1
16971,110,107,3,3
16972,105,101,4,4
16973,88,93,-5,5
16974,93,95,-2,2
16975,70,67,3,3
16976,65,67,-2,2
16977,62,67,-5,5
16978,120,112,8,8
16979,55,55,0,0
16980,73,77,-4,4
16981,102,97,5,5
16982,71,68,3,3
16983,111,123,-12,12
16984,156,147,9,9
16985,89,95,-6,6
16986,67,66,1,1
16987,71,73,-2,2
16988,71,74,-3,3
16989,108,98,10,10
16990,72,71,1,1
16991,80,75,5,5
16992,104,89,15,15
16993,111,109,2,2
16994,58,56,2,2
16995,68,65,3,3
16996,92,83,9,9
16997,161,144,17,17
16998,107,94,13,13
16999,66,76,-10,10
17000,76,82,-6,6
17001,105,97,8,8
17002,140,126,14,14
17003,77,73,4,4
17004,70,74,-4,4
17005,133,120,13,13
17006,50,58,-8,8
17007,66,67,-1,1
17008,60,73,-13,13
17009,72,75,-3,3
17010,123,108,15,15
17011,88,85,3,3
17012,110,104,6,6
17013,94,87,7,7
17014,88,82,6,6
17015,82,76,6,6
17016,107,121,-14,14
17017,69,65,4,4
17018,85,85,0,0
17019,81,84,-3,3
17020,57,58,-1,1
17021,124,108,16,16
17022,126,121,5,5
17023,59,52,7,7
17024,78,80,-2,2
17025,112,115,-3,3
17026,87,95,-8,8
17027,101,90,11,11
17028,101,93,8,8
17029,150,141,9,9
17030,135,121,14,14
17031,146,140,6,6
17032,61,65,-4,4
17033,103,96,7,7
17034,134,119,15,15
17035,68,71,-3,3
17036,84,77,7,7
17037,59,65,-6,6
17038,115,109,6,6
17039,98,81,17,17
17040,118,124,-6,6
17041,97,98,-1,1
17042,94,102,-8,8
17043,143,128,15,15
17044,119,115,4,4
17045,82,89,-7,7
17046,86,95,-9,9
17047,79,79,0,0
17048,178,180,-2,2
17049,151,131,20,20
17050,133,126,7,7
17051,71,79,-8,8
17052,56,50,6,6
17053,61,58,3,3
17054,69,78,-9,9
17055,95,93,2,2
17056,98,92,6,6
17057,88,90,-2,2
17058,86,85,1,1
17059,79,83,-4,4
17060,77,72,5,5
17061,88,101,-13,13
17062,110,102,8,8
17063,138,140,-2,2
17064,98,100,-2,2
17065,99,89,10,10
17066,73,71,2,2
17067,143,133,10,10
17068,44,45,-1,1
17069,136,119,17,17
17070,150,138,12,12
17071,125,116,9,9
17072,134,123,11,11
17073,93,99,-6,6
17074,107,101,6,6
17075,38,46,-8,8
17076,133,141,-8,8
17077,151,142,9,9
17078,104,106,-2,2
17079,83,77,6,6
17080,124,103,21,21
17081,161,155,6,6
17082,72,68,4,4
17083,77,81,-4,4
17084,111,106,5,5
17085,107,101,6,6
17086,107,108,-1,1
17087,98,102,-4,4
17088,168,158,10,10
17089,100,88,12,12
17090,70,70,0,0
17091,68,68,0,0
17092,74,65,9,9
17093,129,125,4,4
17094,121,117,4,4
17095,69,65,4,4
17096,121,117,4,4
17097,103,101,2,2
17098,187,179,8,8
17099,61,64,-3,3
17100,81,76,5,5
17101,117,121,-4,4
17102,46,67,-21,21
17103,77,71,6,6
17104,85,87,-2,2
17105,47,52,-5,5
17106,81,78,3,3
17107,99,86,13,13
17108,152,151,1,1
17109,58,70,-12,12
17110,45,52,-7,7
17111,87,85,2,2
17112,100,81,19,19
17113,41,43,-2,2
17114,184,152,32,32
17115,72,74,-2,2
17116,38,45,-7,7
17117,79,94,-15,15
17118,98,86,12,12
17119,71,74,-3,3
17120,62,66,-4,4
17121,90,79,11,11
17122,97,83,14,14
17123,52,52,0,0
17124,74,67,7,7
17125,154,142,12,12
17126,99,94,5,5
17127,44,43,1,1
17128,85,82,3,3
17129,128,121,7,7
17130,128,107,21,21
17131,78,90,-12,12
17132,62,64,-2,2
17133,112,119,-7,7
17134,63,66,-3,3
17135,88,87,1,1
17136,51,51,0,0
17137,129,122,7,7
17138,65,65,0,0
17139,56,56,0,0
17140,102,92,10,10
17141,87,82,5,5
17142,129,124,5,5
17143,61,66,-5,5
17144,79,76,3,3
17145,57,66,-9,9
17146,171,152,19,19
17147,90,89,1,1
17148,96,87,9,9
17149,91,88,3,3
17150,47,55,-8,8
17151,87,98,-11,11
17152,86,96,-10,10
17153,133,131,2,2
17154,133,123,10,10
17155,89,90,-1,1
17156,64,56,8,8
17157,54,57,-3,3
17158,99,109,-10,10
17159,91,88,3,3
17160,76,80,-4,4
17161,75,77,-2,2
17162,72,71,1,1
17163,107,107,0,0
17164,39,42,-3,3
17165,99,90,9,9
17166,121,112,9,9
17167,89,85,4,4
17168,132,127,5,5
17169,108,116,-8,8
17170,84,74,10,10
17171,104,100,4,4
17172,68,68,0,0
17173,55,56,-1,1
17174,74,69,5,5
17175,85,87,-2,2
17176,63,59,4,4
17177,77,78,-1,1
17178,103,100,3,3
17179,66,68,-2,2
17180,77,70,7,7
17181,112,104,8,8
17182,127,134,-7,7
17183,100,103,-3,3
17184,59,66,-7,7
17185,111,103,8,8
17186,29,38,-9,9
17187,77,77,0,0
17188,98,96,2,2
17189,108,103,5,5
17190,196,186,10,10
17191,79,76,3,3
17192,150,147,3,3
17193,99,89,10,10
17194,73,69,4,4
17195,75,77,-2,2
17196,62,64,-2,2
17197,77,79,-2,2
17198,100,88,12,12
17199,139,136,3,3
17200,80,75,5,5
17201,151,117,34,34
17202,125,122,3,3
17203,70,78,-8,8
17204,141,131,10,10
17205,76,80,-4,4
17206,74,82,-8,8
17207,108,96,12,12
17208,146,119,27,27
17209,65,63,2,2
17210,92,101,-9,9
17211,98,95,3,3
17212,112,115,-3,3
17213,155,135,20,20
17214,109,103,6,6
17215,127,118,9,9
17216,40,53,-13,13
17217,106,113,-7,7
17218,106,115,-9,9
17219,68,69,-1,1
17220,73,75,-2,2
17221,69,68,1,1
17222,93,95,-2,2
17223,95,90,5,5
17224,99,93,6,6
17225,108,100,8,8
17226,77,76,1,1
17227,76,74,2,2
17228,102,101,1,1
17229,117,104,13,13
17230,88,86,2,2
17231,82,82,0,0
17232,99,95,4,4
17233,147,129,18,18
17234,66,67,-1,1
17235,79,73,6,6
17236,62,68,-6,6
17237,175,160,15,15
17238,101,97,4,4
17239,64,69,-5,5
17240,74,78,-4,4
17241,72,86,-14,14
17242,64,69,-5,5
17243,73,71,2,2
17244,48,56,-8,8
17245,186,171,15,15
17246,100,119,-19,19
17247,120,110,10,10
17248,53,64,-11,11
17249,120,104,16,16
17250,98,99,-1,1
17251,34,42,-8,8
17252,97,93,4,4
17253,118,107,11,11
17254,128,107,21,21
17255,90,86,4,4
17256,63,67,-4,4
17257,160,142,18,18
17258,177,144,33,33
17259,185,173,12,12
17260,104,100,4,4
17261,68,68,0,0
17262,119,117,2,2
17263,110,98,12,12
17264,67,60,7,7
17265,56,57,-1,1
17266,160,144,16,16
17267,103,112,-9,9
17268,68,68,0,0
17269,112,111,1,1
17270,75,71,4,4
17271,101,103,-2,2
17272,89,106,-17,17
17273,57,69,-12,12
17274,65,66,-1,1
17275,95,101,-6,6
17276,93,94,-1,1
17277,100,92,8,8
17278,127,127,0,0
17279,105,93,12,12
17280,58,55,3,3
17281,70,73,-3,3
17282,146,142,4,4
17283,90,87,3,3
17284,75,73,2,2
17285,92,91,1,1
17286,122,116,6,6
17287,77,82,-5,5
17288,50,54,-4,4
17289,69,74,-5,5
17290,36,43,-7,7
17291,97,87,10,10
17292,81,85,-4,4
17293,127,128,-1,1
17294,142,137,5,5
17295,98,99,-1,1
17296,91,80,11,11
17297,84,82,2,2
17298,94,94,0,0
17299,71,78,-7,7
17300,87,79,8,8
17301,109,105,4,4
17302,58,52,6,6
17303,63,70,-7,7
17304,65,66,-1,1
17305,45,46,-1,1
17306,87,75,12,12
17307,64,61,3,3
17308,82,83,-1,1
17309,156,152,4,4
17310,138,112,26,26
17311,76,83,-7,7
17312,134,120,14,14
17313,115,105,10,10
17314,92,95,-3,3
17315,126,124,2,2
17316,103,104,-1,1
17317,56,61,-5,5
17318,125,131,-6,6
17319,108,92,16,16
17320,69,70,-1,1
17321,151,141,10,10
17322,88,91,-3,3
17323,101,99,2,2
17324,165,160,5,5
17325,151,126,25,25
17326,82,80,2,2
17327,65,64,1,1
17328,93,95,-2,2
17329,102,97,5,5
17330,71,77,-6,6
17331,66,70,-4,4
17332,101,97,4,4
17333,109,98,11,11
17334,67,62,5,5
17335,150,138,12,12
17336,71,53,18,18
17337,93,95,-2,2
17338,106,109,-3,3
17339,127,117,10,10
17340,167,159,8,8
17341,67,69,-2,2
17342,137,132,5,5
17343,90,85,5,5
17344,48,52,-4,4
17345,79,74,5,5
17346,72,81,-9,9
17347,139,130,9,9
17348,81,85,-4,4
17349,124,117,7,7
17350,114,102,12,12
17351,75,78,-3,3
17352,73,75,-2,2
17353,90,81,9,9
17354,156,149,7,7
17355,107,103,4,4
17356,88,86,2,2
17357,135,142,-7,7
17358,120,102,18,18
17359,55,68,-13,13
17360,58,64,-6,6
17361,104,107,-3,3
17362,53,49,4,4
17363,65,61,4,4
17364,71,71,0,0
17365,36,45,-9,9
17366,135,120,15,15
17367,159,146,13,13
17368,118,100,18,18
17369,93,107,-14,14
17370,91,89,2,2
17371,66,71,-5,5
17372,68,63,5,5
17373,81,78,3,3
17374,138,139,-1,1
17375,68,70,-2,2
17376,128,125,3,3
17377,97,105,-8,8
17378,83,86,-3,3
17379,194,173,21,21
17380,63,62,1,1
17381,68,65,3,3
17382,68,66,2,2
17383,89,92,-3,3
17384,103,92,11,11
17385,113,122,-9,9
17386,95,93,2,2
17387,93,82,11,11
17388,68,66,2,2
17389,57,52,5,5
17390,58,67,-9,9
17391,174,155,19,19
17392,71,72,-1,1
17393,106,101,5,5
17394,63,65,-2,2
17395,63,52,11,11
17396,126,115,11,11
17397,104,97,7,7
17398,83,80,3,3
17399,80,85,-5,5
17400,175,162,13,13
17401,77,94,-17,17
17402,146,131,15,15
17403,78,74,4,4
17404,114,98,16,16
17405,86,97,-11,11
17406,149,138,11,11
17407,170,161,9,9
17408,121,112,9,9
17409,61,60,1,1
17410,64,55,9,9
17411,67,64,3,3
17412,99,106,-7,7
17413,185,160,25,25
17414,56,69,-13,13
17415,99,96,3,3
17416,75,81,-6,6
17417,85,74,11,11
17418,92,83,9,9
17419,91,82,9,9
17420,80,74,6,6
17421,56,71,-15,15
17422,80,74,6,6
17423,135,122,13,13
17424,98,118,-20,20
17425,150,149,1,1
17426,53,67,-14,14
17427,106,101,5,5
17428,74,77,-3,3
17429,196,172,24,24
17430,88,81,7,7
17431,47,48,-1,1
17432,101,107,-6,6
17433,110,99,11,11
17434,116,115,1,1
17435,96,101,-5,5
17436,65,58,7,7
17437,55,49,6,6
17438,140,135,5,5
17439,94,81,13,13
17440,89,80,9,9
17441,101,92,9,9
17442,80,72,8,8
17443,112,100,12,12
17444,106,111,-5,5
17445,103,108,-5,5
17446,60,61,-1,1
17447,95,95,0,0
17448,87,89,-2,2
17449,45,46,-1,1
17450,92,92,0,0
17451,108,100,8,8
17452,98,91,7,7
17453,62,65,-3,3
17454,107,102,5,5
17455,74,70,4,4
17456,137,117,20,20
17457,75,76,-1,1
17458,66,65,1,1
17459,100,92,8,8
17460,129,141,-12,12
17461,79,81,-2,2
17462,111,98,13,13
17463,88,93,-5,5
17464,63,68,-5,5
17465,95,101,-6,6
17466,74,74,0,0
17467,108,106,2,2
17468,115,105,10,10
17469,96,93,3,3
17470,146,128,18,18
17471,178,161,17,17
17472,171,157,14,14
17473,171,155,16,16
17474,151,144,7,7
17475,90,90,0,0
17476,94,85,9,9
17477,89,78,11,11
17478,71,74,-3,3
17479,223,198,25,25
17480,66,68,-2,2
17481,116,110,6,6
17482,69,68,1,1
17483,153,141,12,12
17484,48,53,-5,5
17485,83,86,-3,3
17486,177,161,16,16
17487,70,90,-20,20
17488,80,84,-4,4
17489,77,80,-3,3
17490,69,66,3,3
17491,81,76,5,5
17492,115,115,0,0
17493,96,101,-5,5
17494,94,84,10,10
17495,46,53,-7,7
17496,88,98,-10,10
17497,90,78,12,12
17498,89,89,0,0
17499,65,57,8,8
17500,78,76,2,2
17501,76,73,3,3
17502,116,103,13,13
17503,127,112,15,15
17504,146,140,6,6
17505,89,91,-2,2
17506,42,66,-24,24
17507,73,64,9,9
17508,61,59,2,2
17509,79,72,7,7
17510,105,100,5,5
17511,64,65,-1,1
17512,115,116,-1,1
17513,66,74,-8,8
17514,75,76,-1,1
17515,82,84,-2,2
17516,46,56,-10,10
17517,106,105,1,1
17518,74,84,-10,10
17519,58,79,-21,21
17520,89,90,-1,1
17521,76,73,3,3
17522,90,79,11,11
17523,108,105,3,3
17524,89,97,-8,8
17525,75,71,4,4
17526,98,91,7,7
17527,87,82,5,5
17528,65,67,-2,2
17529,121,102,19,19
17530,63,67,-4,4
17531,139,142,-3,3
17532,80,80,0,0
17533,75,75,0,0
17534,64,68,-4,4
17535,48,48,0,0
17536,115,109,6,6
17537,82,80,2,2
17538,120,114,6,6
17539,141,137,4,4
17540,67,67,0,0
17541,48,65,-17,17
17542,117,108,9,9
17543,173,163,10,10
17544,74,82,-8,8
17545,53,60,-7,7
17546,33,46,-13,13
17547,79,84,-5,5
17548,76,70,6,6
17549,119,104,15,15
17550,139,128,11,11
17551,77,75,2,2
17552,115,115,0,0
17553,67,75,-8,8
17554,105,93,12,12
17555,127,125,2,2
17556,84,83,1,1
17557,106,108,-2,2
17558,79,88,-9,9
17559,96,100,-4,4
17560,82,76,6,6
17561,146,136,10,10
17562,98,96,2,2
17563,116,120,-4,4
17564,42,46,-4,4
17565,82,83,-1,1
17566,71,72,-1,1
17567,103,92,11,11
17568,60,65,-5,5
17569,86,84,2,2
17570,137,124,13,13
17571,105,97,8,8
17572,68,73,-5,5
17573,94,95,-1,1
17574,190,171,19,19
17575,61,60,1,1
17576,112,109,3,3
17577,72,65,7,7
17578,137,122,15,15
17579,85,85,0,0
17580,190,177,13,13
17581,145,143,2,2
17582,100,101,-1,1
17583,143,128,15,15
17584,81,82,-1,1
17585,58,63,-5,5
17586,79,89,-10,10
17587,119,115,4,4
17588,63,65,-2,2
17589,106,99,7,7
17590,111,101,10,10
17591,90,89,1,1
17592,134,135,-1,1
17593,129,112,17,17
17594,67,70,-3,3
17595,128,127,1,1
17596,43,46,-3,3
17597,58,57,1,1
17598,123,121,2,2
17599,63,61,2,2
17600,61,66,-5,5
17601,74,62,12,12
17602,117,98,19,19
17603,132,105,27,27
17604,73,62,11,11
17605,127,123,4,4
17606,170,163,7,7
17607,101,99,2,2
17608,118,101,17,17
17609,73,70,3,3
17610,82,80,2,2
17611,100,97,3,3
17612,62,68,-6,6
17613,80,72,8,8
17614,50,52,-2,2
17615,68,68,0,0
17616,163,148,15,15
17617,49,50,-1,1
17618,75,76,-1,1
17619,133,124,9,9
17620,115,114,1,1
17621,102,103,-1,1
17622,74,74,0,0
17623,161,142,19,19
17624,130,128,2,2
17625,122,113,9,9
17626,109,98,11,11
17627,120,123,-3,3
17628,72,53,19,19
17629,90,95,-5,5
17630,80,93,-13,13
17631,103,109,-6,6
17632,134,123,11,11
17633,93,88,5,5
17634,82,80,2,2
17635,184,162,22,22
17636,84,83,1,1
17637,62,64,-2,2
17638,65,66,-1,1
17639,68,71,-3,3
17640,118,114,4,4
17641,81,83,-2,2
17642,116,111,5,5
17643,116,113,3,3
17644,85,77,8,8
17645,55,62,-7,7
17646,91,91,0,0
17647,79,79,0,0
17648,24,47,-23,23
17649,155,140,15,15
17650,97,87,10,10
17651,69,77,-8,8
17652,105,100,5,5
17653,158,155,3,3
17654,129,127,2,2
17655,115,102,13,13
17656,92,94,-2,2
17657,82,87,-5,5
17658,100,100,0,0
17659,66,54,12,12
17660,46,54,-8,8
17661,141,141,0,0
17662,128,122,6,6
17663,101,79,22,22
17664,103,92,11,11
17665,75,70,5,5
17666,125,118,7,7
17667,50,49,1,1
17668,67,64,3,3
17669,91,89,2,2
17670,95,92,3,3
17671,133,118,15,15
17672,124,116,8,8
17673,59,55,4,4
17674,138,128,10,10
17675,132,123,9,9
17676,109,104,5,5
17677,72,75,-3,3
17678,84,83,1,1
17679,107,102,5,5
17680,73,81,-8,8
17681,76,78,-2,2
17682,122,106,16,16
17683,107,106,1,1
17684,38,44,-6,6
17685,127,115,12,12
17686,82,73,9,9
17687,189,165,24,24
17688,115,107,8,8
17689,100,96,4,4
17690,70,67,3,3
17691,81,69,12,12
17692,150,158,-8,8
17693,94,86,8,8
17694,88,85,3,3
17695,81,81,0,0
17696,148,144,4,4
17697,75,84,-9,9
17698,90,86,4,4
17699,124,117,7,7
17700,46,47,-1,1
17701,103,107,-4,4
17702,101,92,9,9
17703,93,93,0,0
17704,105,104,1,1
17705,91,92,-1,1
17706,138,134,4,4
17707,85,85,0,0
17708,102,92,10,10
17709,72,81,-9,9
17710,81,79,2,2
17711,118,111,7,7
17712,114,120,-6,6
17713,118,110,8,8
17714,79,81,-2,2
17715,149,131,18,18
17716,74,80,-6,6
17717,46,50,-4,4
17718,76,70,6,6
17719,80,75,5,5
17720,124,133,-9,9
17721,126,128,-2,2
17722,57,53,4,4
17723,91,99,-8,8
17724,206,175,31,31
17725,122,104,18,18
17726,89,94,-5,5
17727,108,106,2,2
17728,170,153,17,17
17729,89,90,-1,1
17730,90,87,3,3
17731,85,84,1,1
17732,80,71,9,9
17733,105,92,13,13
17734,84,69,15,15
17735,97,92,5,5
17736,60,63,-3,3
17737,39,47,-8,8
17738,103,93,10,10
17739,122,118,4,4
17740,105,104,1,1
17741,72,77,-5,5
17742,72,77,-5,5
17743,126,114,12,12
17744,113,104,9,9
17745,88,81,7,7
17746,121,116,5,5
17747,88,92,-4,4
17748,72,68,4,4
17749,65,72,-7,7
17750,74,81,-7,7
17751,112,114,-2,2
17752,53,53,0,0
17753,138,126,12,12
17754,108,107,1,1
17755,65,68,-3,3
17756,72,76,-4,4
17757,122,109,13,13
17758,48,59,-11,11
17759,93,85,8,8
17760,124,115,9,9
17761,92,89,3,3
17762,66,68,-2,2
17763,69,69,0,0
17764,144,149,-5,5
17765,103,103,0,0
17766,96,92,4,4
17767,107,101,6,6
17768,129,121,8,8
17769,60,60,0,0
17770,72,71,1,1
17771,53,52,1,1
17772,117,99,18,18
17773,109,106,3,3
17774,73,74,-1,1
17775,121,112,9,9
17776,193,181,12,12
17777,69,75,-6,6
17778,80,65,15,15
17779,135,116,19,19
17780,47,49,-2,2
17781,75,72,3,3
17782,135,140,-5,5
17783,97,94,3,3
17784,76,79,-3,3
17785,108,101,7,7
17786,110,109,1,1
17787,87,88,-1,1
17788,59,57,2,2
17789,163,152,11,11
17790,80,82,-2,2
17791,169,146,23,23
17792,91,92,-1,1
17793,122,112,10,10
17794,97,91,6,6
17795,63,70,-7,7
17796,139,138,1,1
17797,76,77,-1,1
17798,80,78,2,2
17799,79,77,2,2
17800,112,109,3,3
17801,94,92,2,2
17802,103,107,-4,4
17803,53,62,-9,9
17804,70,73,-3,3
17805,156,151,5,5
17806,29,50,-21,21
17807,128,131,-3,3
17808,125,123,2,2
17809,126,99,27,27
17810,50,78,-28,28
17811,152,143,9,9
17812,195,160,35,35
17813,76,80,-4,4
17814,87,83,4,4
17815,80,74,6,6
17816,66,62,4,4
17817,72,75,-3,3
17818,104,110,-6,6
17819,67,65,2,2
17820,109,104,5,5
17821,146,138,8,8
17822,59,74,-15,15
17823,78,73,5,5
17824,73,70,3,3
17825,139,130,9,9
17826,103,97,6,6
17827,112,112,0,0
17828,99,86,13,13
17829,68,77,-9,9
17830,53,74,-21,21
17831,152,124,28,28
17832,55,57,-2,2
17833,96,99,-3,3
17834,78,80,-2,2
17835,69,91,-22,22
17836,54,51,3,3
17837,118,108,10,10
17838,120,102,18,18
17839,45,60,-15,15
17840,94,90,4,4
17841,141,136,5,5
17842,81,86,-5,5
17843,85,92,-7,7
17844,100,98,2,2
17845,104,106,-2,2
17846,189,159,30,30
17847,79,67,12,12
17848,98,94,4,4
17849,53,53,0,0
17850,139,124,15,15
17851,96,108,-12,12
17852,75,74,1,1
17853,74,77,-3,3
17854,142,138,4,4
17855,135,148,-13,13
17856,40,46,-6,6
17857,176,155,21,21
17858,55,59,-4,4
17859,70,78,-8,8
17860,71,75,-4,4
17861,55,67,-12,12
17862,168,157,11,11
17863,146,125,21,21
17864,111,110,1,1
17865,117,95,22,22
17866,64,66,-2,2
17867,106,97,9,9
17868,110,98,12,12
17869,79,76,3,3
17870,95,83,12,12
17871,121,113,8,8
17872,129,124,5,5
17873,98,83,15,15
17874,60,62,-2,2
17875,53,59,-6,6
17876,121,107,14,14
17877,112,125,-13,13
17878,54,57,-3,3
17879,76,77,-1,1
17880,126,131,-5,5
17881,131,117,14,14
17882,45,49,-4,4
17883,135,130,5,5
17884,95,84,11,11
17885,80,73,7,7
17886,96,88,8,8
17887,143,129,14,14
17888,59,64,-5,5
17889,140,131,9,9
17890,73,73,0,0
17891,109,108,1,1
17892,116,125,-9,9
17893,42,47,-5,5
17894,44,44,0,0
17895,151,142,9,9
17896,109,107,2,2
17897,106,87,19,19
17898,131,103,28,28
17899,139,128,11,11
17900,77,71,6,6
17901,127,115,12,12
17902,79,84,-5,5
17903,140,132,8,8
17904,63,62,1,1
17905,121,119,2,2
17906,65,64,1,1
17907,146,135,11,11
17908,110,99,11,11
17909,101,104,-3,3
17910,35,44,-9,9
17911,105,99,6,6
17912,154,154,0,0
17913,72,67,5,5
17914,98,100,-2,2
17915,126,130,-4,4
17916,142,131,11,11
17917,98,112,-14,14
17918,82,87,-5,5
17919,86,102,-16,16
17920,79,76,3,3
17921,111,96,15,15
17922,74,72,2,2
17923,58,54,4,4
17924,48,50,-2,2
17925,74,72,2,2
17926,123,112,11,11
17927,40,48,-8,8
17928,80,66,14,14
17929,63,62,1,1
17930,115,107,8,8
17931,107,108,-1,1
17932,80,73,7,7
17933,85,81,4,4
17934,166,153,13,13
17935,71,79,-8,8
17936,56,66,-10,10
17937,48,58,-10,10
17938,96,89,7,7
17939,54,54,0,0
17940,124,122,2,2
17941,92,91,1,1
17942,51,57,-6,6
17943,62,68,-6,6
17944,89,83,6,6
17945,141,130,11,11
17946,87,74,13,13
17947,75,84,-9,9
17948,81,77,4,4
17949,65,82,-17,17
17950,90,84,6,6
17951,85,81,4,4
17952,71,75,-4,4
17953,61,67,-6,6
17954,104,98,6,6
17955,98,99,-1,1
17956,68,70,-2,2
17957,77,73,4,4
17958,90,85,5,5
17959,71,86,-15,15
17960,59,73,-14,14
17961,109,93,16,16
17962,105,103,2,2
17963,175,159,16,16
17964,83,89,-6,6
17965,139,127,12,12
17966,68,69,-1,1
17967,88,93,-5,5
17968,75,68,7,7
17969,104,108,-4,4
17970,126,112,14,14
17971,91,94,-3,3
17972,94,98,-4,4
17973,89,85,4,4
17974,41,47,-6,6
17975,91,107,-16,16
17976,81,86,-5,5
17977,72,70,2,2
17978,146,122,24,24
17979,80,82,-2,2
17980,141,113,28,28
17981,104,93,11,11
17982,111,94,17,17
17983,115,114,1,1
17984,67,67,0,0
17985,132,123,9,9
17986,118,114,4,4
17987,79,72,7,7
17988,67,78,-11,11
17989,158,133,25,25
17990,90,82,8,8
17991,78,80,-2,2
17992,52,52,0,0
17993,67,69,-2,2
17994,57,72,-15,15
17995,93,92,1,1
17996,73,72,1,1
17997,100,103,-3,3
17998,150,130,20,20
17999,68,71,-3,3
18000,74,77,-3,3
18001,100,98,2,2
18002,92,94,-2,2
18003,101,103,-2,2
18004,96,90,6,6
18005,161,144,17,17
18006,71,76,-5,5
18007,97,95,2,2
18008,62,63,-1,1
18009,70,72,-2,2
18010,106,100,6,6
18011,67,72,-5,5
18012,56,65,-9,9
18013,75,72,3,3
18014,47,47,0,0
18015,78,75,3,3
18016,62,55,7,7
18017,68,69,-1,1
18018,106,94,12,12
18019,125,107,18,18
18020,84,100,-16,16
18021,107,99,8,8
18022,63,64,-1,1
18023,76,84,-8,8
18024,98,86,12,12
18025,139,116,23,23
18026,94,93,1,1
18027,142,136,6,6
18028,121,113,8,8
18029,79,79,0,0
18030,123,117,6,6
18031,82,82,0,0
18032,174,162,12,12
18033,116,117,-1,1
18034,51,52,-1,1
18035,157,140,17,17
18036,57,60,-3,3
18037,71,67,4,4
18038,30,40,-10,10
18039,102,97,5,5
18040,140,123,17,17
18041,156,151,5,5
18042,44,45,-1,1
18043,157,146,11,11
18044,91,88,3,3
18045,111,121,-10,10
18046,107,104,3,3
18047,83,87,-4,4
18048,83,79,4,4
18049,103,95,8,8
18050,84,74,10,10
18051,79,80,-1,1
18052,119,101,18,18
18053,66,71,-5,5
18054,34,50,-16,16
18055,134,126,8,8
18056,108,101,7,7
18057,60,68,-8,8
18058,33,39,-6,6
18059,105,108,-3,3
18060,71,76,-5,5
18061,92,92,0,0
18062,62,68,-6,6
18063,54,61,-7,7
18064,85,90,-5,5
18065,154,132,22,22
18066,109,101,8,8
18067,120,135,-15,15
18068,55,52,3,3
18069,102,106,-4,4
18070,58,54,4,4
18071,34,47,-13,13
18072,91,88,3,3
18073,110,101,9,9
18074,117,105,12,12
18075,102,122,-20,20
18076,95,90,5,5
18077,38,46,-8,8
18078,88,84,4,4
18079,107,92,15,15
18080,113,110,3,3
18081,58,58,0,0
18082,56,65,-9,9
18083,68,73,-5,5
18084,59,57,2,2
18085,169,164,5,5
18086,70,66,4,4
18087,117,108,9,9
18088,84,81,3,3
18089,150,152,-2,2
18090,123,127,-4,4
18091,72,71,1,1
18092,108,108,0,0
18093,87,84,3,3
18094,123,143,-20,20
18095,79,76,3,3
18096,112,121,-9,9
18097,77,74,3,3
18098,123,111,12,12
18099,109,114,-5,5
18100,82,74,8,8
18101,57,71,-14,14
18102,120,110,10,10
18103,117,121,-4,4
18104,53,53,0,0
18105,72,79,-7,7
18106,90,78,12,12
18107,92,105,-13,13
18108,88,81,7,7
18109,55,72,-17,17
18110,62,53,9,9
18111,108,110,-2,2
18112,85,79,6,6
18113,66,84,-18,18
18114,165,162,3,3
18115,124,128,-4,4
18116,75,82,-7,7
18117,54,55,-1,1
18118,141,133,8,8
18119,67,66,1,1
18120,94,95,-1,1
18121,102,108,-6,6
18122,119,117,2,2
18123,53,57,-4,4
18124,122,131,-9,9
18125,60,63,-3,3
18126,88,93,-5,5
18127,101,102,-1,1
18128,64,68,-4,4
18129,48,66,-18,18
18130,75,71,4,4
18131,53,68,-15,15
18132,123,103,20,20
18133,90,81,9,9
18134,137,135,2,2
18135,95,97,-2,2
18136,88,106,-18,18
18137,106,111,-5,5
18138,155,145,10,10
18139,75,70,5,5
18140,62,65,-3,3
18141,91,85,6,6
18142,58,56,2,2
18143,51,64,-13,13
18144,120,115,5,5
18145,94,96,-2,2
18146,112,101,11,11
18147,84,100,-16,16
18148,67,73,-6,6
18149,83,81,2,2
18150,162,150,12,12
18151,122,116,6,6
18152,36,47,-11,11
18153,127,119,8,8
18154,75,90,-15,15
18155,119,104,15,15
18156,147,136,11,11
18157,105,101,4,4
18158,55,60,-5,5
18159,90,82,8,8
18160,57,55,2,2
18161,100,98,2,2
18162,63,62,1,1
18163,58,65,-7,7
18164,140,146,-6,6
18165,107,100,7,7
18166,71,80,-9,9
18167,145,141,4,4
18168,64,68,-4,4
18169,94,84,10,10
18170,71,67,4,4
18171,68,74,-6,6
18172,109,96,13,13
18173,67,68,-1,1
18174,81,80,1,1
18175,101,90,11,11
18176,135,121,14,14
18177,60,52,8,8
18178,154,141,13,13
18179,131,118,13,13
18180,97,86,11,11
18181,65,65,0,0
18182,132,122,10,10
18183,95,95,0,0
18184,97,87,10,10
18185,122,109,13,13
18186,80,91,-11,11
18187,89,79,10,10
18188,97,82,15,15
18189,106,101,5,5
18190,101,101,0,0
18191,116,124,-8,8
18192,70,85,-15,15
18193,44,48,-4,4
18194,149,137,12,12
18195,95,97,-2,2
18196,79,78,1,1
18197,114,110,4,4
18198,77,67,10,10
18199,121,109,12,12
18200,80,82,-2,2
18201,117,102,15,15
18202,150,133,17,17
18203,85,76,9,9
18204,72,83,-11,11
18205,112,105,7,7
18206,91,84,7,7
18207,61,57,4,4
18208,126,113,13,13
18209,78,75,3,3
18210,129,124,5,5
18211,71,74,-3,3
18212,72,73,-1,1
18213,166,157,9,9
18214,134,126,8,8
18215,36,41,-5,5
18216,63,68,-5,5
18217,73,69,4,4
18218,88,88,0,0
18219,88,92,-4,4
18220,113,115,-2,2
18221,138,125,13,13
18222,88,70,18,18
18223,127,122,5,5
18224,216,201,15,15
18225,108,102,6,6
18226,137,131,6,6
18227,66,77,-11,11
18228,68,79,-11,11
18229,100,93,7,7
18230,50,51,-1,1
18231,130,131,-1,1
18232,100,100,0,0
18233,201,163,38,38
18234,53,56,-3,3
18235,65,67,-2,2
18236,60,59,1,1
18237,177,165,12,12
18238,88,80,8,8
18239,64,67,-3,3
18240,141,141,0,0
18241,87,88,-1,1
18242,144,133,11,11
18243,118,104,14,14
18244,84,87,-3,3
18245,80,86,-6,6
18246,131,131,0,0
18247,61,66,-5,5
18248,93,86,7,7
18249,78,88,-10,10
18250,58,57,1,1
18251,99,87,12,12
18252,107,97,10,10
18253,119,114,5,5
18254,104,110,-6,6
18255,87,93,-6,6
18256,88,83,5,5
18257,131,126,5,5
18258,126,118,8,8
18259,125,113,12,12
18260,99,105,-6,6
18261,127,120,7,7
18262,34,55,-21,21
18263,77,69,8,8
18264,88,89,-1,1
18265,106,114,-8,8
18266,104,94,10,10
18267,78,85,-7,7
18268,78,72,6,6
18269,211,182,29,29
18270,68,51,17,17
18271,110,106,4,4
18272,86,92,-6,6
18273,102,97,5,5
18274,82,76,6,6
18275,57,57,0,0
18276,106,103,3,3
18277,52,56,-4,4
18278,60,60,0,0
18279,78,79,-1,1
18280,66,59,7,7
18281,134,125,9,9
18282,61,64,-3,3
18283,88,83,5,5
18284,95,97,-2,2
18285,79,81,-2,2
18286,109,107,2,2
18287,74,74,0,0
18288,82,74,8,8
18289,77,76,1,1
18290,89,84,5,5
18291,115,104,11,11
18292,64,65,-1,1
18293,143,130,13,13
18294,189,172,17,17
18295,27,39,-12,12
18296,82,90,-8,8
18297,127,134,-7,7
18298,121,104,17,17
18299,103,102,1,1
18300,55,56,-1,1
18301,163,157,6,6
18302,93,94,-1,1
18303,95,92,3,3
18304,123,121,2,2
18305,59,63,-4,4
18306,112,101,11,11
18307,76,76,0,0
18308,77,85,-8,8
18309,62,65,-3,3
18310,71,73,-2,2
18311,60,61,-1,1
18312,141,141,0,0
18313,91,93,-2,2
18314,96,88,8,8
18315,58,60,-2,2
18316,93,89,4,4
18317,165,162,3,3
18318,199,185,14,14
18319,98,96,2,2
18320,152,147,5,5
18321,81,74,7,7
18322,93,85,8,8
18323,122,110,12,12
18324,83,85,-2,2
18325,82,84,-2,2
18326,61,66,-5,5
18327,87,90,-3,3
18328,44,58,-14,14
18329,90,101,-11,11
18330,50,52,-2,2
18331,122,115,7,7
18332,82,82,0,0
18333,101,103,-2,2
18334,93,92,1,1
18335,132,117,15,15
18336,111,111,0,0
18337,96,80,16,16
18338,47,49,-2,2
18339,113,108,5,5
18340,182,175,7,7
18341,107,125,-18,18
18342,99,107,-8,8
18343,72,76,-4,4
18344,84,87,-3,3
18345,55,53,2,2
18346,154,151,3,3
18347,39,45,-6,6
18348,107,102,5,5
18349,89,93,-4,4
18350,114,120,-6,6
18351,99,101,-2,2
18352,76,83,-7,7
18353,61,68,-7,7
18354,112,96,16,16
18355,79,76,3,3
18356,81,80,1,1
18357,80,81,-1,1
18358,49,63,-14,14
18359,48,47,1,1
18360,113,104,9,9
18361,91,103,-12,12
18362,76,77,-1,1
18363,144,142,2,2
18364,67,68,-1,1
18365,81,69,12,12
18366,111,105,6,6
18367,78,79,-1,1
18368,53,63,-10,10
18369,77,81,-4,4
18370,71,87,-16,16
18371,76,73,3,3
18372,65,67,-2,2
18373,90,91,-1,1
18374,165,150,15,15
18375,188,180,8,8
18376,58,156,-98,98
18377,81,78,3,3
18378,65,69,-4,4
18379,91,90,1,1
18380,116,112,4,4
18381,145,130,15,15
18382,111,117,-6,6
18383,146,136,10,10
18384,119,104,15,15
18385,91,91,0,0
18386,116,115,1,1
18387,48,49,-1,1
18388,107,117,-10,10
18389,63,66,-3,3
18390,120,109,11,11
18391,86,82,4,4
18392,93,93,0,0
18393,89,91,-2,2
18394,95,99,-4,4
18395,90,80,10,10
18396,104,98,6,6
18397,144,133,11,11
18398,119,107,12,12
18399,82,83,-1,1
18400,61,73,-12,12
18401,93,100,-7,7
18402,142,129,13,13
18403,73,71,2,2
18404,133,114,19,19
18405,128,132,-4,4
18406,104,100,4,4
18407,90,85,5,5
18408,88,94,-6,6
18409,65,78,-13,13
18410,102,97,5,5
18411,176,151,25,25
18412,90,92,-2,2
18413,241,210,31,31
18414,115,97,18,18
18415,69,69,0,0
18416,94,85,9,9
18417,123,112,11,11
18418,96,106,-10,10
18419,90,93,-3,3
18420,59,63,-4,4
18421,76,74,2,2
18422,72,70,2,2
18423,70,73,-3,3
18424,67,66,1,1
18425,83,84,-1,1
18426,205,179,26,26
18427,62,68,-6,6
18428,214,200,14,14
18429,79,71,8,8
18430,142,129,13,13
18431,88,82,6,6
18432,107,108,-1,1
18433,120,108,12,12
18434,108,104,4,4
18435,102,92,10,10
18436,64,68,-4,4
18437,86,93,-7,7
18438,70,73,-3,3
18439,130,109,21,21
18440,97,85,12,12
18441,85,88,-3,3
18442,67,62,5,5
18443,142,112,30,30
18444,48,57,-9,9
18445,88,80,8,8
18446,123,123,0,0
18447,69,82,-13,13
18448,92,86,6,6
18449,69,74,-5,5
18450,45,49,-4,4
18451,64,64,0,0
18452,84,76,8,8
18453,131,121,10,10
18454,78,83,-5,5
18455,32,40,-8,8
18456,85,75,10,10
18457,100,91,9,9
18458,99,82,17,17
18459,125,113,12,12
18460,91,82,9,9
18461,196,176,20,20
18462,94,116,-22,22
18463,54,51,3,3
18464,134,120,14,14
18465,168,146,22,22
18466,64,62,2,2
18467,73,76,-3,3
18468,96,83,13,13
18469,82,72,10,10
18470,48,50,-2,2
18471,65,68,-3,3
18472,121,117,4,4
18473,102,104,-2,2
18474,69,68,1,1
18475,92,90,2,2
18476,79,79,0,0
18477,107,109,-2,2
18478,76,91,-15,15
18479,73,77,-4,4
18480,75,69,6,6
18481,150,151,-1,1
18482,149,136,13,13
18483,144,127,17,17
18484,113,107,6,6
18485,62,69,-7,7
18486,108,106,2,2
18487,103,106,-3,3
18488,58,88,-30,30
18489,42,54,-12,12
18490,115,96,19,19
18491,58,88,-30,30
18492,115,98,17,17
18493,109,98,11,11
18494,51,45,6,6
18495,70,66,4,4
18496,68,92,-24,24
18497,143,135,8,8
18498,83,71,12,12
18499,116,107,9,9
18500,45,46,-1,1
18501,90,87,3,3
18502,67,65,2,2
18503,100,99,1,1
18504,113,115,-2,2
18505,30,47,-17,17
18506,98,95,3,3
18507,67,71,-4,4
18508,53,61,-8,8
18509,105,103,2,2
18510,123,122,1,1
18511,57,62,-5,5
18512,125,108,17,17
18513,98,92,6,6
18514,111,109,2,2
18515,122,111,11,11
18516,117,116,1,1
18517,74,74,0,0
18518,84,84,0,0
18519,143,138,5,5
18520,121,111,10,10
18521,121,113,8,8
18522,99,93,6,6
18523,103,90,13,13
18524,104,90,14,14
18525,63,57,6,6
18526,222,183,39,39
18527,113,101,12,12
18528,88,88,0,0
18529,122,101,21,21
18530,109,113,-4,4
18531,72,69,3,3
18532,64,63,1,1
18533,144,131,13,13
18534,82,79,3,3
18535,82,86,-4,4
18536,162,149,13,13
18537,112,118,-6,6
18538,62,67,-5,5
18539,78,94,-16,16
18540,48,48,0,0
18541,90,88,2,2
18542,130,113,17,17
18543,70,70,0,0
18544,141,146,-5,5
18545,138,129,9,9
18546,126,100,26,26
18547,71,71,0,0
18548,89,96,-7,7
18549,138,130,8,8
18550,70,64,6,6
18551,123,111,12,12
18552,72,75,-3,3
18553,107,105,2,2
18554,58,55,3,3
18555,90,80,10,10
18556,136,132,4,4
18557,163,152,11,11
18558,108,99,9,9
18559,83,71,12,12
18560,117,112,5,5
18561,142,133,9,9
18562,69,67,2,2
18563,100,90,10,10
18564,211,182,29,29
18565,148,150,-2,2
18566,82,81,1,1
18567,86,89,-3,3
18568,201,187,14,14
18569,113,116,-3,3
18570,126,121,5,5
18571,64,61,3,3
18572,98,93,5,5
18573,51,50,1,1
18574,93,103,-10,10
18575,60,63,-3,3
18576,82,77,5,5
18577,95,106,-11,11
18578,94,83,11,11
18579,81,81,0,0
18580,111,108,3,3
18581,63,72,-9,9
18582,55,61,-6,6
18583,142,136,6,6
18584,139,124,15,15
18585,118,109,9,9
18586,209,169,40,40
18587,73,72,1,1
18588,103,103,0,0
18589,118,119,-1,1
18590,124,116,8,8
18591,79,90,-11,11
18592,124,116,8,8
18593,129,125,4,4
18594,91,84,7,7
18595,83,89,-6,6
18596,120,100,20,20
18597,91,86,5,5
18598,101,95,6,6
18599,117,107,10,10
18600,154,140,14,14
18601,83,84,-1,1
18602,113,110,3,3
18603,83,88,-5,5
18604,106,109,-3,3
18605,47,51,-4,4
18606,63,64,-1,1
18607,99,91,8,8
18608,47,66,-19,19
18609,111,98,13,13
18610,111,104,7,7
18611,152,139,13,13
18612,91,98,-7,7
18613,111,109,2,2
18614,103,114,-11,11
18615,80,84,-4,4
18616,133,125,8,8
18617,83,78,5,5
18618,67,59,8,8
18619,124,125,-1,1
18620,93,97,-4,4
18621,80,81,-1,1
18622,64,73,-9,9
18623,74,88,-14,14
18624,92,89,3,3
18625,122,111,11,11
18626,92,104,-12,12
18627,111,110,1,1
18628,148,124,24,24
18629,102,91,11,11
18630,101,98,3,3
18631,89,88,1,1
18632,94,102,-8,8
18633,78,78,0,0
18634,88,76,12,12
18635,87,92,-5,5
18636,59,52,7,7
18637,75,79,-4,4
18638,101,103,-2,2
18639,96,99,-3,3
18640,64,66,-2,2
18641,106,99,7,7
18642,90,91,-1,1
18643,95,97,-2,2
18644,107,105,2,2
18645,95,96,-1,1
18646,78,85,-7,7
18647,124,153,-29,29
18648,142,142,0,0
18649,73,70,3,3
18650,111,110,1,1
18651,92,78,14,14
18652,205,179,26,26
18653,93,86,7,7
18654,87,96,-9,9
18655,43,43,0,0
18656,51,59,-8,8
18657,102,100,2,2
18658,85,95,-10,10
18659,152,141,11,11
18660,69,69,0,0
18661,47,55,-8,8
18662,52,61,-9,9
18663,94,100,-6,6
18664,149,137,12,12
18665,81,68,13,13
18666,96,84,12,12
18667,88,89,-1,1
18668,81,75,6,6
18669,129,121,8,8
18670,107,126,-19,19
18671,93,83,10,10
18672,90,90,0,0
18673,72,77,-5,5
18674,82,83,-1,1
18675,73,76,-3,3
18676,102,100,2,2
18677,52,56,-4,4
18678,79,86,-7,7
18679,131,118,13,13
18680,56,54,2,2
18681,58,52,6,6
18682,66,65,1,1
18683,58,65,-7,7
18684,76,80,-4,4
18685,83,79,4,4
18686,84,80,4,4
18687,100,101,-1,1
18688,114,102,12,12
18689,112,110,2,2
18690,104,95,9,9
18691,110,109,1,1
18692,160,157,3,3
18693,98,94,4,4
18694,122,118,4,4
18695,39,45,-6,6
18696,120,120,0,0
18697,84,82,2,2
18698,64,93,-29,29
18699,87,92,-5,5
18700,102,99,3,3
18701,87,88,-1,1
18702,76,73,3,3
18703,132,127,5,5
18704,65,61,4,4
18705,136,118,18,18
18706,87,74,13,13
18707,93,89,4,4
18708,130,120,10,10
18709,96,90,6,6
18710,93,88,5,5
18711,67,74,-7,7
18712,116,113,3,3
18713,81,89,-8,8
18714,107,109,-2,2
18715,70,66,4,4
18716,113,105,8,8
18717,78,83,-5,5
18718,93,88,5,5
18719,62,72,-10,10
18720,43,47,-4,4
18721,81,74,7,7
18722,85,82,3,3
18723,128,113,15,15
18724,110,109,1,1
18725,37,42,-5,5
18726,66,74,-8,8
18727,56,55,1,1
18728,95,93,2,2
18729,95,93,2,2
18730,92,89,3,3
18731,99,100,-1,1
18732,75,81,-6,6
18733,186,157,29,29
18734,30,39,-9,9
18735,63,65,-2,2
18736,60,50,10,10
18737,38,46,-8,8
18738,70,79,-9,9
18739,85,82,3,3
18740,71,64,7,7
18741,122,122,0,0
18742,45,46,-1,1
18743,94,87,7,7
18744,133,122,11,11
18745,89,79,10,10
18746,85,79,6,6
18747,80,83,-3,3
18748,141,128,13,13
18749,108,100,8,8
18750,39,51,-12,12
18751,85,99,-14,14
18752,99,95,4,4
18753,81,78,3,3
18754,123,120,3,3
18755,98,92,6,6
18756,81,85,-4,4
18757,110,110,0,0
18758,64,75,-11,11
18759,75,85,-10,10
18760,59,53,6,6
18761,66,74,-8,8
18762,81,67,14,14
18763,92,89,3,3
18764,115,108,7,7
18765,129,125,4,4
18766,99,91,8,8
18767,72,74,-2,2
18768,91,88,3,3
18769,69,75,-6,6
18770,80,74,6,6
18771,89,94,-5,5
18772,92,101,-9,9
18773,95,90,5,5
18774,166,143,23,23
18775,61,56,5,5
18776,59,52,7,7
18777,42,56,-14,14
18778,53,59,-6,6
18779,101,97,4,4
18780,90,80,10,10
18781,116,105,11,11
18782,83,74,9,9
18783,89,86,3,3
18784,121,114,7,7
18785,74,61,13,13
18786,113,96,17,17
18787,85,86,-1,1
18788,137,131,6,6
18789,72,84,-12,12
18790,78,69,9,9
18791,113,118,-5,5
18792,144,115,29,29
18793,54,58,-4,4
18794,74,71,3,3
18795,72,71,1,1
18796,73,74,-1,1
18797,163,137,26,26
18798,96,95,1,1
18799,90,89,1,1
18800,64,66,-2,2
18801,61,58,3,3
18802,79,77,2,2
18803,118,121,-3,3
18804,70,70,0,0
18805,108,105,3,3
18806,83,104,-21,21
18807,55,57,-2,2
18808,139,134,5,5
18809,49,50,-1,1
18810,159,145,14,14
18811,30,43,-13,13
18812,111,111,0,0
18813,112,109,3,3
18814,149,148,1,1
18815,104,96,8,8
18816,166,137,29,29
18817,76,70,6,6
18818,128,131,-3,3
18819,54,62,-8,8
18820,99,102,-3,3
18821,53,52,1,1
18822,98,93,5,5
18823,94,96,-2,2
18824,144,140,4,4
18825,47,51,-4,4
18826,124,128,-4,4
18827,137,145,-8,8
18828,55,51,4,4
18829,79,68,11,11
18830,103,100,3,3
18831,67,72,-5,5
18832,45,45,0,0
18833,129,115,14,14
18834,33,53,-20,20
18835,108,104,4,4
18836,68,65,3,3
18837,165,150,15,15
18838,108,95,13,13
18839,142,116,26,26
18840,108,104,4,4
18841,56,62,-6,6
18842,73,81,-8,8
18843,121,113,8,8
18844,139,139,0,0
18845,124,117,7,7
18846,59,58,1,1
18847,98,114,-16,16
18848,42,45,-3,3
18849,94,100,-6,6
18850,120,107,13,13
18851,64,68,-4,4
18852,52,61,-9,9
18853,193,180,13,13
18854,99,94,5,5
18855,73,77,-4,4
18856,166,130,36,36
18857,116,112,4,4
18858,69,83,-14,14
18859,67,66,1,1
18860,81,76,5,5
18861,112,98,14,14
18862,120,105,15,15
18863,67,57,10,10
18864,105,87,18,18
18865,146,131,15,15
18866,110,98,12,12
18867,90,86,4,4
18868,94,81,13,13
18869,106,120,-14,14
18870,95,92,3,3
18871,112,109,3,3
18872,104,90,14,14
18873,60,66,-6,6
18874,93,78,15,15
18875,171,162,9,9
18876,57,55,2,2
18877,106,98,8,8
18878,83,86,-3,3
18879,65,55,10,10
18880,111,108,3,3
18881,117,115,2,2
18882,71,73,-2,2
18883,46,65,-19,19
18884,87,99,-12,12
18885,80,77,3,3
18886,58,65,-7,7
18887,47,60,-13,13
18888,196,176,20,20
18889,100,101,-1,1
18890,122,122,0,0
18891,126,124,2,2
18892,61,65,-4,4
18893,68,75,-7,7
18894,90,95,-5,5
18895,96,100,-4,4
18896,154,153,1,1
18897,153,147,6,6
18898,83,80,3,3
18899,130,124,6,6
18900,110,100,10,10
18901,122,118,4,4
18902,85,78,7,7
18903,55,55,0,0
18904,85,83,2,2
18905,122,115,7,7
18906,71,68,3,3
18907,149,134,15,15
18908,101,96,5,5
18909,81,91,-10,10
18910,95,90,5,5
18911,120,111,9,9
18912,137,137,0,0
18913,132,140,-8,8
18914,83,77,6,6
18915,121,112,9,9
18916,121,113,8,8
18917,125,138,-13,13
18918,81,81,0,0
18919,137,138,-1,1
18920,89,88,1,1
18921,113,106,7,7
18922,23,39,-16,16
18923,123,106,17,17
18924,172,165,7,7
18925,64,66,-2,2
18926,122,125,-3,3
18927,67,68,-1,1
18928,86,83,3,3
18929,42,53,-11,11
18930,126,119,7,7
18931,148,129,19,19
18932,81,73,8,8
18933,78,82,-4,4
18934,74,72,2,2
18935,52,58,-6,6
18936,67,66,1,1
18937,69,68,1,1
18938,76,81,-5,5
18939,56,58,-2,2
18940,103,110,-7,7
18941,86,94,-8,8
18942,67,76,-9,9
18943,74,77,-3,3
18944,61,60,1,1
18945,42,58,-16,16
18946,106,102,4,4
18947,59,58,1,1
18948,65,64,1,1
18949,148,147,1,1
18950,161,147,14,14
18951,140,128,12,12
18952,140,132,8,8
18953,70,75,-5,5
18954,157,145,12,12
18955,70,78,-8,8
18956,110,116,-6,6
18957,132,144,-12,12
18958,40,58,-18,18
18959,115,103,12,12
18960,165,154,11,11
18961,46,58,-12,12
18962,108,115,-7,7
18963,145,136,9,9
18964,153,137,16,16
18965,64,63,1,1
18966,104,102,2,2
18967,104,91,13,13
18968,103,91,12,12
18969,99,105,-6,6
18970,58,56,2,2
18971,78,74,4,4
18972,116,113,3,3
18973,95,108,-13,13
18974,77,73,4,4
18975,100,91,9,9
18976,147,135,12,12
18977,73,74,-1,1
18978,90,92,-2,2
18979,91,88,3,3
18980,136,127,9,9
18981,156,136,20,20
18982,71,71,0,0
18983,65,65,0,0
18984,82,81,1,1
18985,116,111,5,5
18986,134,119,15,15
18987,70,75,-5,5
18988,98,97,1,1
18989,194,178,16,16
18990,58,65,-7,7
18991,111,151,-40,40
18992,55,56,-1,1
18993,105,103,2,2
18994,85,85,0,0
18995,105,96,9,9
18996,83,88,-5,5
18997,96,86,10,10
18998,83,77,6,6
18999,153,146,7,7
19000,81,79,2,2
19001,60,66,-6,6
19002,137,134,3,3
19003,140,130,10,10
19004,88,91,-3,3
19005,124,121,3,3
19006,101,91,10,10
19007,84,78,6,6
19008,99,96,3,3
19009,59,52,7,7
19010,83,91,-8,8
19011,113,115,-2,2
19012,83,86,-3,3
19013,65,66,-1,1
19014,52,60,-8,8
19015,120,121,-1,1
19016,102,88,14,14
19017,50,74,-24,24
19018,134,128,6,6
19019,90,91,-1,1
19020,79,75,4,4
19021,78,85,-7,7
19022,122,109,13,13
19023,69,71,-2,2
19024,72,72,0,0
19025,71,73,-2,2
19026,112,103,9,9
19027,111,95,16,16
19028,96,98,-2,2
19029,96,89,7,7
19030,67,69,-2,2
19031,102,103,-1,1
19032,71,76,-5,5
19033,147,140,7,7
19034,123,125,-2,2
19035,89,72,17,17
19036,72,79,-7,7
19037,81,84,-3,3
19038,61,64,-3,3
19039,79,76,3,3
19040,112,101,11,11
19041,167,164,3,3
19042,74,76,-2,2
19043,122,107,15,15
19044,78,85,-7,7
19045,64,71,-7,7
19046,72,76,-4,4
19047,90,83,7,7
19048,86,77,9,9
19049,122,111,11,11
19050,70,65,5,5
19051,80,79,1,1
19052,55,54,1,1
19053,86,76,10,10
19054,117,112,5,5
19055,95,91,4,4
19056,88,89,-1,1
19057,123,106,17,17
19058,102,95,7,7
19059,73,67,6,6
19060,33,43,-10,10
19061,133,116,17,17
19062,65,75,-10,10
19063,75,61,14,14
19064,39,43,-4,4
19065,119,107,12,12
19066,88,89,-1,1
19067,110,98,12,12
19068,59,67,-8,8
19069,94,101,-7,7
19070,90,85,5,5
19071,64,65,-1,1
19072,111,109,2,2
19073,95,94,1,1
19074,77,75,2,2
19075,60,60,0,0
19076,151,140,11,11
19077,90,84,6,6
19078,65,71,-6,6
19079,100,111,-11,11
19080,59,65,-6,6
19081,89,85,4,4
19082,91,96,-5,5
19083,152,141,11,11
19084,58,53,5,5
19085,98,105,-7,7
19086,111,102,9,9
19087,94,84,10,10
19088,98,100,-2,2
19089,99,91,8,8
19090,132,121,11,11
19091,99,112,-13,13
19092,163,170,-7,7
19093,105,97,8,8
19094,109,107,2,2
19095,49,52,-3,3
19096,97,110,-13,13
19097,153,140,13,13
19098,73,99,-26,26
19099,71,72,-1,1
19100,89,78,11,11
19101,110,93,17,17
19102,73,73,0,0
19103,151,128,23,23
19104,146,138,8,8
19105,74,74,0,0
19106,76,69,7,7
19107,57,109,-52,52
19108,96,83,13,13
19109,143,122,21,21
19110,98,80,18,18
19111,74,78,-4,4
19112,78,75,3,3
19113,139,149,-10,10
19114,81,82,-1,1
19115,74,80,-6,6
19116,81,78,3,3
19117,149,158,-9,9
19118,59,69,-10,10
19119,92,94,-2,2
19120,88,83,5,5
19121,94,93,1,1
19122,106,103,3,3
19123,143,125,18,18
19124,61,67,-6,6
19125,84,78,6,6
19126,107,106,1,1
19127,129,128,1,1
19128,80,76,4,4
19129,89,88,1,1
19130,159,148,11,11
19131,44,50,-6,6
19132,116,113,3,3
19133,79,79,0,0
19134,82,73,9,9
19135,77,76,1,1
19136,124,108,16,16
19137,97,99,-2,2
19138,62,71,-9,9
19139,65,66,-1,1
19140,78,72,6,6
19141,105,101,4,4
19142,107,114,-7,7
19143,60,63,-3,3
19144,63,63,0,0
19145,71,71,0,0
19146,122,121,1,1
19147,76,77,-1,1
19148,137,138,-1,1
19149,89,88,1,1
19150,87,91,-4,4
19151,147,140,7,7
19152,121,132,-11,11
19153,91,81,10,10
19154,62,64,-2,2
19155,77,86,-9,9
19156,95,94,1,1
19157,71,72,-1,1
19158,129,136,-7,7
19159,114,111,3,3
19160,196,176,20,20
19161,113,108,5,5
19162,122,109,13,13
19163,120,106,14,14
19164,104,113,-9,9
19165,99,95,4,4
19166,80,81,-1,1
19167,69,76,-7,7
19168,100,104,-4,4
19169,63,68,-5,5
19170,145,128,17,17
19171,55,50,5,5
19172,91,86,5,5
19173,148,136,12,12
19174,75,67,8,8
19175,106,102,4,4
19176,179,160,19,19
19177,86,93,-7,7
19178,72,75,-3,3
19179,127,131,-4,4
19180,68,64,4,4
19181,69,85,-16,16
19182,136,136,0,0
19183,91,88,3,3
19184,102,103,-1,1
19185,128,113,15,15
19186,94,94,0,0
19187,105,100,5,5
19188,146,130,16,16
19189,72,66,6,6
19190,105,99,6,6
19191,137,126,11,11
19192,169,157,12,12
19193,130,151,-21,21
19194,126,121,5,5
19195,125,114,11,11
19196,102,101,1,1
19197,74,73,1,1
19198,74,86,-12,12
19199,97,93,4,4
19200,113,105,8,8
19201,54,54,0,0
19202,127,109,18,18
19203,73,78,-5,5
19204,145,144,1,1
19205,117,111,6,6
19206,123,112,11,11
19207,188,157,31,31
19208,75,80,-5,5
19209,76,84,-8,8
19210,45,50,-5,5
19211,86,83,3,3
19212,74,78,-4,4
19213,103,111,-8,8
19214,140,118,22,22
19215,95,96,-1,1
19216,102,100,2,2
19217,34,45,-11,11
19218,101,93,8,8
19219,62,71,-9,9
19220,81,87,-6,6
19221,84,85,-1,1
19222,114,122,-8,8
19223,90,80,10,10
19224,66,89,-23,23
19225,98,96,2,2
19226,68,76,-8,8
19227,115,106,9,9
19228,101,74,27,27
19229,137,119,18,18
19230,125,122,3,3
19231,84,88,-4,4
19232,43,54,-11,11
19233,99,91,8,8
19234,126,123,3,3
19235,97,95,2,2
19236,105,95,10,10
19237,74,80,-6,6
19238,108,102,6,6
19239,70,69,1,1
19240,49,55,-6,6
19241,133,125,8,8
19242,105,98,7,7
19243,147,144,3,3
19244,98,94,4,4
19245,124,113,11,11
19246,73,73,0,0
19247,78,70,8,8
19248,106,106,0,0
19249,63,58,5,5
19250,87,88,-1,1
19251,80,75,5,5
19252,101,94,7,7
19253,80,79,1,1
19254,107,95,12,12
19255,65,72,-7,7
19256,62,60,2,2
19257,124,123,1,1
19258,37,41,-4,4
19259,109,102,7,7
19260,48,54,-6,6
19261,152,133,19,19
19262,163,153,10,10
19263,126,117,9,9
19264,62,92,-30,30
19265,128,132,-4,4
19266,104,101,3,3
19267,110,119,-9,9
19268,79,84,-5,5
19269,79,78,1,1
19270,145,134,11,11
19271,74,80,-6,6
19272,59,66,-7,7
19273,107,106,1,1
19274,88,92,-4,4
19275,47,65,-18,18
19276,111,112,-1,1
19277,108,99,9,9
19278,133,113,20,20
19279,155,152,3,3
19280,85,80,5,5
19281,135,115,20,20
19282,104,93,11,11
19283,149,149,0,0
19284,78,79,-1,1
19285,76,74,2,2
19286,96,97,-1,1
19287,130,112,18,18
19288,90,82,8,8
19289,55,80,-25,25
19290,123,128,-5,5
19291,65,65,0,0
19292,69,66,3,3
19293,50,57,-7,7
19294,51,61,-10,10
19295,81,70,11,11
19296,108,105,3,3
19297,81,84,-3,3
19298,42,47,-5,5
19299,141,116,25,25
19300,66,72,-6,6
19301,103,98,5,5
19302,147,133,14,14
19303,105,87,18,18
19304,136,109,27,27
19305,58,64,-6,6
19306,108,91,17,17
19307,63,59,4,4
19308,116,114,2,2
19309,147,134,13,13
19310,73,72,1,1
19311,92,89,3,3
19312,63,60,3,3
19313,98,99,-1,1
19314,153,143,10,10
19315,98,95,3,3
19316,68,77,-9,9
19317,70,60,10,10
19318,69,125,-56,56
19319,68,66,2,2
19320,66,67,-1,1
19321,83,79,4,4
19322,113,99,14,14
19323,123,106,17,17
19324,39,45,-6,6
19325,127,109,18,18
19326,119,117,2,2
19327,80,77,3,3
19328,202,217,-15,15
19329,71,79,-8,8
19330,49,52,-3,3
19331,73,84,-11,11
19332,90,95,-5,5
19333,86,83,3,3
19334,71,83,-12,12
19335,62,70,-8,8
19336,89,83,6,6
19337,205,177,28,28
19338,157,128,29,29
19339,95,110,-15,15
19340,54,63,-9,9
19341,86,87,-1,1
19342,105,105,0,0
19343,51,64,-13,13
19344,56,76,-20,20
19345,142,145,-3,3
19346,151,130,21,21
19347,72,69,3,3
19348,71,82,-11,11
19349,73,68,5,5
19350,58,60,-2,2
19351,175,194,-19,19
19352,132,123,9,9
19353,102,100,2,2
19354,115,108,7,7
19355,92,104,-12,12
19356,77,77,0,0
19357,113,110,3,3
19358,103,99,4,4
19359,147,153,-6,6
19360,93,108,-15,15
19361,105,107,-2,2
19362,95,89,6,6
19363,158,146,12,12
19364,117,114,3,3
19365,113,118,-5,5
19366,84,75,9,9
19367,64,70,-6,6
19368,98,94,4,4
19369,91,95,-4,4
19370,106,93,13,13
19371,57,66,-9,9
19372,130,121,9,9
19373,67,75,-8,8
19374,60,63,-3,3
19375,80,77,3,3
19376,109,105,4,4
19377,56,84,-28,28
19378,61,70,-9,9
19379,162,149,13,13
19380,105,100,5,5
19381,118,111,7,7
19382,88,82,6,6
19383,61,53,8,8
19384,101,96,5,5
19385,130,127,3,3
19386,116,104,12,12
19387,66,81,-15,15
19388,67,70,-3,3
19389,68,78,-10,10
19390,54,56,-2,2
19391,76,82,-6,6
19392,91,91,0,0
19393,48,48,0,0
19394,108,106,2,2
19395,50,54,-4,4
19396,121,126,-5,5
19397,55,53,2,2
19398,99,91,8,8
19399,109,105,4,4
19400,129,119,10,10
19401,59,54,5,5
19402,193,179,14,14
19403,115,108,7,7
19404,168,161,7,7
19405,109,105,4,4
19406,79,88,-9,9
19407,69,67,2,2
19408,124,121,3,3
19409,86,96,-10,10
19410,108,101,7,7
19411,57,57,0,0
19412,69,55,14,14
19413,73,77,-4,4
19414,93,97,-4,4
19415,108,101,7,7
19416,47,49,-2,2
19417,96,88,8,8
19418,136,136,0,0
19419,62,52,10,10
19420,35,47,-12,12
19421,168,167,1,1
19422,72,61,11,11
19423,53,54,-1,1
19424,181,174,7,7
19425,106,97,9,9
19426,110,117,-7,7
19427,71,70,1,1
19428,81,86,-5,5
19429,66,65,1,1
19430,96,98,-2,2
19431,94,87,7,7
19432,101,91,10,10
19433,56,53,3,3
19434,161,144,17,17
19435,120,106,14,14
19436,90,90,0,0
19437,74,76,-2,2
19438,119,111,8,8
19439,120,111,9,9
19440,116,134,-18,18
19441,72,74,-2,2
19442,100,86,14,14
19443,72,75,-3,3
19444,152,145,7,7
19445,65,74,-9,9
19446,84,80,4,4
19447,100,100,0,0
19448,116,101,15,15
19449,88,85,3,3
19450,94,102,-8,8
19451,76,75,1,1
19452,70,76,-6,6
19453,72,90,-18,18
19454,114,109,5,5
19455,95,95,0,0
19456,88,81,7,7
19457,103,122,-19,19
19458,82,80,2,2
19459,66,74,-8,8
19460,126,111,15,15
19461,215,217,-2,2
19462,127,122,5,5
19463,71,71,0,0
19464,106,90,16,16
19465,125,124,1,1
19466,98,92,6,6
19467,80,93,-13,13
19468,76,80,-4,4
19469,126,120,6,6
19470,45,49,-4,4
19471,98,96,2,2
19472,75,76,-1,1
19473,76,70,6,6
19474,103,104,-1,1
19475,149,141,8,8
19476,110,108,2,2
19477,71,70,1,1
19478,121,131,-10,10
19479,86,83,3,3
19480,44,44,0,0
19481,126,121,5,5
19482,145,122,23,23
19483,94,101,-7,7
19484,49,57,-8,8
19485,99,92,7,7
19486,75,87,-12,12
19487,77,91,-14,14
19488,65,75,-10,10
19489,117,110,7,7
19490,87,82,5,5
19491,87,96,-9,9
19492,138,137,1,1
19493,66,68,-2,2
19494,100,86,14,14
19495,107,96,11,11
19496,82,105,-23,23
19497,76,85,-9,9
19498,67,76,-9,9
19499,40,51,-11,11
19500,88,90,-2,2
19501,184,166,18,18
19502,92,83,9,9
19503,134,130,4,4
19504,105,102,3,3
19505,112,108,4,4
19506,70,72,-2,2
19507,70,73,-3,3
19508,57,62,-5,5
19509,120,113,7,7
19510,98,103,-5,5
19511,115,104,11,11
19512,84,96,-12,12
19513,97,93,4,4
19514,85,85,0,0
19515,67,70,-3,3
19516,93,82,11,11
19517,123,118,5,5
19518,52,114,-62,62
19519,113,104,9,9
19520,63,65,-2,2
19521,97,90,7,7
19522,103,95,8,8
19523,91,95,-4,4
19524,74,79,-5,5
19525,110,117,-7,7
19526,162,145,17,17
19527,98,95,3,3
19528,103,97,6,6
19529,96,107,-11,11
19530,35,43,-8,8
19531,85,90,-5,5
19532,69,73,-4,4
19533,80,70,10,10
19534,60,65,-5,5
19535,87,98,-11,11
19536,77,74,3,3
19537,139,131,8,8
19538,51,57,-6,6
19539,122,108,14,14
19540,125,114,11,11
19541,63,60,3,3
19542,125,115,10,10
19543,85,92,-7,7
19544,112,108,4,4
19545,58,67,-9,9
19546,104,103,1,1
19547,120,112,8,8
19548,43,53,-10,10
19549,90,102,-12,12
19550,29,36,-7,7
19551,92,80,12,12
19552,99,80,19,19
19553,55,56,-1,1
19554,66,65,1,1
19555,78,77,1,1
19556,67,66,1,1
19557,91,80,11,11
19558,143,127,16,16
19559,86,92,-6,6
19560,57,69,-12,12
19561,96,88,8,8
19562,101,111,-10,10
19563,58,52,6,6
19564,113,103,10,10
19565,44,42,2,2
19566,140,117,23,23
19567,150,147,3,3
19568,117,120,-3,3
19569,86,87,-1,1
19570,99,93,6,6
19571,114,101,13,13
19572,81,76,5,5
19573,64,58,6,6
19574,132,128,4,4
19575,82,82,0,0
19576,141,131,10,10
19577,68,82,-14,14
19578,137,122,15,15
19579,75,70,5,5
19580,71,70,1,1
19581,59,62,-3,3
19582,45,41,4,4
19583,70,67,3,3
19584,107,99,8,8
19585,59,62,-3,3
19586,41,46,-5,5
19587,65,72,-7,7
19588,50,52,-2,2
19589,88,88,0,0
19590,114,111,3,3
19591,64,59,5,5
19592,154,149,5,5
19593,64,74,-10,10
19594,46,66,-20,20
19595,120,114,6,6
19596,80,78,2,2
19597,52,51,1,1
19598,88,105,-17,17
19599,65,88,-23,23
19600,49,56,-7,7
19601,82,92,-10,10
19602,108,115,-7,7
19603,59,68,-9,9
19604,68,73,-5,5
19605,99,88,11,11
19606,100,97,3,3
19607,100,90,10,10
19608,156,143,13,13
19609,91,94,-3,3
19610,152,145,7,7
19611,125,111,14,14
19612,60,67,-7,7
19613,43,51,-8,8
19614,48,48,0,0
19615,94,96,-2,2
19616,70,65,5,5
19617,52,50,2,2
19618,70,71,-1,1
19619,154,135,19,19
19620,133,130,3,3
19621,72,75,-3,3
19622,79,86,-7,7
19623,111,114,-3,3
19624,72,73,-1,1
19625,147,148,-1,1
19626,94,87,7,7
19627,41,45,-4,4
19628,79,89,-10,10
19629,61,58,3,3
19630,68,74,-6,6
19631,70,68,2,2
19632,80,83,-3,3
19633,58,66,-8,8
19634,45,51,-6,6
19635,187,163,24,24
19636,84,83,1,1
19637,76,76,0,0
19638,154,145,9,9
19639,139,126,13,13
19640,173,157,16,16
19641,75,68,7,7
19642,148,135,13,13
19643,174,160,14,14
19644,100,108,-8,8
19645,29,40,-11,11
19646,102,91,11,11
19647,67,68,-1,1
19648,51,50,1,1
19649,133,111,22,22
19650,36,42,-6,6
19651,66,58,8,8
19652,65,63,2,2
19653,73,74,-1,1
19654,151,134,17,17
19655,87,80,7,7
19656,138,140,-2,2
19657,65,67,-2,2
19658,97,91,6,6
19659,84,84,0,0
19660,171,158,13,13
19661,110,106,4,4
19662,120,110,10,10
19663,99,92,7,7
19664,135,140,-5,5
19665,90,86,4,4
19666,70,70,0,0
19667,99,100,-1,1
19668,58,61,-3,3
19669,109,130,-21,21
19670,77,80,-3,3
19671,74,73,1,1
19672,134,127,7,7
19673,130,113,17,17
19674,65,67,-2,2
19675,109,101,8,8
19676,75,78,-3,3
19677,125,121,4,4
19678,99,92,7,7
19679,147,141,6,6
19680,160,147,13,13
19681,49,51,-2,2
19682,62,70,-8,8
19683,332,288,44,44
19684,127,120,7,7
19685,34,44,-10,10
19686,145,136,9,9
19687,108,97,11,11
19688,66,70,-4,4
19689,65,66,-1,1
19690,157,140,17,17
19691,89,83,6,6
19692,97,103,-6,6
19693,116,109,7,7
19694,102,97,5,5
19695,118,121,-3,3
19696,161,149,12,12
19697,97,95,2,2
19698,40,43,-3,3
19699,63,65,-2,2
19700,70,79,-9,9
19701,83,78,5,5
19702,100,99,1,1
19703,76,74,2,2
19704,105,99,6,6
19705,72,85,-13,13
19706,69,86,-17,17
19707,136,133,3,3
19708,126,104,22,22
19709,130,130,0,0
19710,116,113,3,3
19711,87,83,4,4
19712,100,100,0,0
19713,100,89,11,11
19714,55,60,-5,5
19715,92,91,1,1
19716,101,92,9,9
19717,149,145,4,4
19718,98,86,12,12
19719,89,86,3,3
19720,40,62,-22,22
19721,91,88,3,3
19722,103,105,-2,2
19723,88,81,7,7
19724,76,88,-12,12
19725,43,56,-13,13
19726,60,68,-8,8
19727,165,148,17,17
19728,148,149,-1,1
19729,114,109,5,5
19730,97,83,14,14
19731,141,137,4,4
19732,82,93,-11,11
19733,89,88,1,1
19734,141,135,6,6
19735,31,45,-14,14
19736,87,97,-10,10
19737,83,85,-2,2
19738,64,67,-3,3
19739,68,73,-5,5
19740,75,70,5,5
19741,102,98,4,4
19742,54,64,-10,10
19743,108,112,-4,4
19744,104,90,14,14
19745,132,130,2,2
19746,77,72,5,5
19747,130,122,8,8
19748,46,45,1,1
19749,83,59,24,24
19750,79,84,-5,5
19751,180,160,20,20
19752,118,123,-5,5
19753,105,113,-8,8
19754,93,95,-2,2
19755,81,79,2,2
19756,61,67,-6,6
19757,142,137,5,5
19758,93,91,2,2
19759,100,98,2,2
19760,146,136,10,10
19761,64,67,-3,3
19762,116,108,8,8
19763,55,63,-8,8
19764,55,67,-12,12
19765,86,95,-9,9
19766,90,88,2,2
19767,146,139,7,7
19768,55,54,1,1
19769,76,79,-3,3
19770,48,63,-15,15
19771,84,68,16,16
19772,62,61,1,1
19773,93,86,7,7
19774,104,100,4,4
19775,108,105,3,3
19776,83,88,-5,5
19777,57,55,2,2
19778,76,79,-3,3
19779,100,123,-23,23
19780,96,95,1,1
19781,124,94,30,30
19782,55,70,-15,15
19783,61,66,-5,5
19784,104,96,8,8
19785,70,74,-4,4
19786,94,85,9,9
19787,64,66,-2,2
19788,113,114,-1,1
19789,92,95,-3,3
19790,136,138,-2,2
19791,115,102,13,13
19792,103,112,-9,9
19793,84,86,-2,2
19794,60,64,-4,4
19795,83,110,-27,27
19796,127,123,4,4
19797,137,124,13,13
19798,64,55,9,9
19799,180,167,13,13
19800,144,125,19,19
19801,82,76,6,6
19802,89,80,9,9
19803,122,127,-5,5
19804,85,83,2,2
19805,127,115,12,12
19806,86,80,6,6
19807,81,87,-6,6
19808,102,94,8,8
19809,104,80,24,24
19810,47,47,0,0
19811,163,142,21,21
19812,102,98,4,4
19813,152,132,20,20
19814,139,127,12,12
19815,88,79,9,9
19816,57,53,4,4
19817,79,72,7,7
19818,60,48,12,12
19819,104,92,12,12
19820,92,86,6,6
19821,74,74,0,0
19822,94,86,8,8
19823,102,104,-2,2
19824,109,98,11,11
19825,86,81,5,5
19826,85,79,6,6
19827,86,79,7,7
19828,158,137,21,21
19829,78,76,2,2
19830,72,70,2,2
19831,127,119,8,8
19832,81,81,0,0
19833,99,100,-1,1
19834,64,69,-5,5
19835,137,135,2,2
19836,99,100,-1,1
19837,74,80,-6,6
19838,80,89,-9,9
19839,99,105,-6,6
19840,95,94,1,1
19841,48,52,-4,4
19842,77,75,2,2
19843,88,94,-6,6
19844,99,92,7,7
19845,87,81,6,6
19846,75,76,-1,1
19847,103,105,-2,2
19848,190,172,18,18
19849,88,65,23,23
19850,85,86,-1,1
19851,59,52,7,7
19852,63,80,-17,17
19853,85,83,2,2
19854,67,85,-18,18
19855,76,83,-7,7
19856,115,108,7,7
19857,62,66,-4,4
19858,61,67,-6,6
19859,147,137,10,10
19860,153,140,13,13
19861,68,58,10,10
19862,106,112,-6,6
19863,79,79,0,0
19864,165,148,17,17
19865,63,61,2,2
19866,106,105,1,1
19867,74,77,-3,3
19868,135,125,10,10
19869,76,80,-4,4
19870,113,118,-5,5
19871,77,79,-2,2
19872,67,71,-4,4
19873,93,108,-15,15
19874,170,161,9,9
19875,77,84,-7,7
19876,88,84,4,4
19877,103,95,8,8
19878,85,87,-2,2
19879,82,74,8,8
19880,70,78,-8,8
19881,94,100,-6,6
19882,44,53,-9,9
19883,103,92,11,11
19884,99,97,2,2
19885,67,66,1,1
19886,56,59,-3,3
19887,94,96,-2,2
19888,77,77,0,0
19889,68,66,2,2
19890,125,111,14,14
19891,110,105,5,5
19892,102,87,15,15
19893,57,50,7,7
19894,68,86,-18,18
19895,75,78,-3,3
19896,101,94,7,7
19897,57,54,3,3
19898,93,105,-12,12
19899,52,50,2,2
19900,57,66,-9,9
19901,123,104,19,19
19902,111,115,-4,4
19903,62,66,-4,4
19904,89,100,-11,11
19905,114,105,9,9
19906,45,55,-10,10
19907,79,74,5,5
19908,134,122,12,12
19909,101,94,7,7
19910,92,85,7,7
19911,74,69,5,5
19912,95,94,1,1
19913,49,58,-9,9
19914,86,82,4,4
19915,50,69,-19,19
19916,55,53,2,2
19917,49,45,4,4
19918,87,88,-1,1
19919,59,67,-8,8
19920,108,107,1,1
19921,88,79,9,9
19922,118,123,-5,5
19923,108,100,8,8
19924,38,69,-31,31
19925,94,85,9,9
19926,35,41,-6,6
19927,114,113,1,1
19928,124,111,13,13
19929,108,110,-2,2
19930,129,135,-6,6
19931,69,70,-1,1
19932,108,112,-4,4
19933,66,72,-6,6
19934,62,64,-2,2
19935,107,106,1,1
19936,65,66,-1,1
19937,169,145,24,24
19938,115,106,9,9
19939,116,111,5,5
19940,87,84,3,3
19941,62,66,-4,4
19942,128,119,9,9
19943,126,127,-1,1
19944,139,135,4,4
19945,217,187,30,30
19946,147,147,0,0
19947,117,104,13,13
19948,181,175,6,6
19949,101,122,-21,21
19950,66,72,-6,6
19951,77,73,4,4
19952,110,106,4,4
19953,186,179,7,7
19954,60,62,-2,2
19955,68,71,-3,3
19956,125,121,4,4
19957,52,53,-1,1
19958,75,74,1,1
19959,109,110,-1,1
19960,44,50,-6,6
19961,123,124,-1,1
19962,123,112,11,11
19963,69,67,2,2
19964,51,57,-6,6
19965,148,130,18,18
19966,104,89,15,15
19967,64,66,-2,2
19968,82,90,-8,8
19969,82,80,2,2
19970,135,135,0,0
19971,54,59,-5,5
19972,88,77,11,11
19973,88,78,10,10
19974,102,99,3,3
19975,45,51,-6,6
19976,85,84,1,1
19977,117,104,13,13
19978,124,111,13,13
19979,60,65,-5,5
19980,40,62,-22,22
19981,133,126,7,7
19982,101,105,-4,4
19983,80,80,0,0
19984,90,106,-16,16
19985,85,85,0,0
19986,68,73,-5,5
19987,150,145,5,5
19988,86,77,9,9
19989,105,103,2,2
19990,45,50,-5,5
19991,149,153,-4,4
19992,74,76,-2,2
19993,40,45,-5,5
19994,75,80,-5,5
19995,47,56,-9,9
19996,70,76,-6,6
19997,56,57,-1,1
19998,46,50,-4,4
19999,98,100,-2,2
20000,107,99,8,8
20001,121,106,15,15
20002,192,184,8,8
20003,50,53,-3,3
20004,62,77,-15,15
20005,93,89,4,4
20006,96,86,10,10
20007,72,71,1,1
20008,134,135,-1,1
20009,98,99,-1,1
20010,159,137,22,22
20011,115,109,6,6
20012,54,57,-3,3
20013,60,64,-4,4
20014,80,75,5,5
20015,103,104,-1,1
20016,89,83,6,6
20017,118,116,2,2
20018,109,102,7,7
20019,65,71,-6,6
20020,62,70,-8,8
20021,100,97,3,3
20022,127,128,-1,1
20023,54,61,-7,7
20024,113,102,11,11
20025,122,114,8,8
20026,140,122,18,18
20027,71,68,3,3
20028,86,91,-5,5
20029,94,95,-1,1
20030,124,113,11,11
20031,59,60,-1,1
20032,115,104,11,11
20033,61,62,-1,1
20034,65,64,1,1
20035,79,86,-7,7
20036,122,108,14,14
20037,97,102,-5,5
20038,64,69,-5,5
20039,107,97,10,10
20040,109,105,4,4
20041,70,68,2,2
20042,63,64,-1,1
20043,104,100,4,4
20044,88,77,11,11
20045,91,89,2,2
20046,136,135,1,1
20047,67,66,1,1
20048,65,65,0,0
20049,97,98,-1,1
20050,114,116,-2,2
20051,122,128,-6,6
20052,76,73,3,3
20053,96,99,-3,3
20054,90,83,7,7
20055,68,68,0,0
20056,78,82,-4,4
20057,158,143,15,15
20058,77,84,-7,7
20059,65,65,0,0
20060,126,115,11,11
20061,102,96,6,6
20062,96,86,10,10
20063,120,122,-2,2
20064,44,55,-11,11
20065,68,73,-5,5
20066,170,167,3,3
20067,40,45,-5,5
20068,43,56,-13,13
20069,95,87,8,8
20070,114,101,13,13
20071,60,63,-3,3
20072,35,48,-13,13
20073,70,67,3,3
20074,126,118,8,8
20075,68,70,-2,2
20076,137,137,0,0
20077,154,125,29,29
20078,139,132,7,7
20079,103,99,4,4
20080,82,73,9,9
20081,94,103,-9,9
20082,136,125,11,11
20083,81,74,7,7
20084,51,46,5,5
20085,126,121,5,5
20086,89,120,-31,31
20087,88,91,-3,3
20088,77,65,12,12
20089,83,87,-4,4
20090,77,70,7,7
20091,84,82,2,2
20092,82,74,8,8
20093,65,68,-3,3
20094,113,97,16,16
20095,78,85,-7,7
20096,54,53,1,1
20097,94,100,-6,6
20098,59,68,-9,9
20099,117,121,-4,4
20100,78,65,13,13
20101,48,44,4,4
20102,54,65,-11,11
20103,99,105,-6,6
20104,71,71,0,0
20105,136,127,9,9
20106,45,47,-2,2
20107,84,87,-3,3
20108,82,84,-2,2
20109,45,55,-10,10
20110,125,103,22,22
20111,50,54,-4,4
20112,71,73,-2,2
20113,89,84,5,5
20114,61,68,-7,7
20115,105,94,11,11
20116,143,137,6,6
20117,185,166,19,19
20118,48,49,-1,1
20119,98,99,-1,1
20120,38,49,-11,11
20121,92,87,5,5
20122,139,131,8,8
20123,99,87,12,12
20124,106,102,4,4
20125,60,78,-18,18
20126,96,78,18,18
20127,138,143,-5,5
20128,83,84,-1,1
20129,152,119,33,33
20130,115,113,2,2
20131,84,90,-6,6
20132,133,124,9,9
20133,128,121,7,7
20134,78,80,-2,2
20135,93,90,3,3
20136,105,103,2,2
20137,90,91,-1,1
20138,205,156,49,49
20139,80,78,2,2
20140,80,76,4,4
20141,118,94,24,24
20142,60,71,-11,11
20143,101,99,2,2
20144,95,93,2,2
20145,130,137,-7,7
20146,113,107,6,6
20147,79,85,-6,6
20148,88,82,6,6
20149,109,104,5,5
20150,98,91,7,7
20151,70,69,1,1
20152,92,87,5,5
20153,157,157,0,0
20154,44,51,-7,7
20155,95,84,11,11
20156,87,80,7,7
20157,109,90,19,19
20158,111,106,5,5
20159,86,77,9,9
20160,149,148,1,1
20161,111,105,6,6
20162,45,46,-1,1
20163,150,140,10,10
20164,89,80,9,9
20165,67,77,-10,10
20166,87,89,-2,2
20167,150,131,19,19
20168,124,101,23,23
20169,96,89,7,7
20170,125,123,2,2
20171,116,126,-10,10
20172,80,84,-4,4
20173,156,129,27,27
20174,159,155,4,4
20175,108,103,5,5
20176,90,89,1,1
20177,117,104,13,13
20178,139,123,16,16
20179,87,85,2,2
20180,79,71,8,8
20181,103,98,5,5
20182,157,136,21,21
20183,159,164,-5,5
20184,46,80,-34,34
20185,84,85,-1,1
20186,62,73,-11,11
20187,99,104,-5,5
20188,62,61,1,1
20189,87,101,-14,14
20190,186,177,9,9
20191,104,96,8,8
20192,83,81,2,2
20193,82,79,3,3
20194,82,84,-2,2
20195,116,113,3,3
20196,48,46,2,2
20197,72,79,-7,7
20198,81,79,2,2
20199,89,96,-7,7
20200,66,67,-1,1
20201,99,100,-1,1
20202,97,92,5,5
20203,83,82,1,1
20204,57,57,0,0
20205,95,92,3,3
20206,81,82,-1,1
20207,77,86,-9,9
20208,65,65,0,0
20209,109,101,8,8
20210,58,58,0,0
20211,38,49,-11,11
20212,109,104,5,5
20213,128,120,8,8
20214,68,64,4,4
20215,134,129,5,5
20216,80,83,-3,3
20217,197,177,20,20
20218,105,104,1,1
20219,78,75,3,3
20220,99,113,-14,14
20221,88,82,6,6
20222,105,100,5,5
20223,63,73,-10,10
20224,76,100,-24,24
20225,80,82,-2,2
20226,68,72,-4,4
20227,97,96,1,1
20228,107,96,11,11
20229,96,78,18,18
20230,120,122,-2,2
20231,110,100,10,10
20232,67,71,-4,4
20233,154,132,22,22
20234,133,114,19,19
20235,98,90,8,8
20236,93,87,6,6
20237,93,93,0,0
20238,95,96,-1,1
20239,96,90,6,6
20240,66,67,-1,1
20241,54,55,-1,1
20242,89,87,2,2
20243,165,149,16,16
20244,189,182,7,7
20245,62,68,-6,6
20246,49,57,-8,8
20247,59,56,3,3
20248,82,78,4,4
20249,75,80,-5,5
20250,121,111,10,10
20251,116,103,13,13
20252,185,174,11,11
20253,139,134,5,5
20254,73,77,-4,4
20255,147,140,7,7
20256,109,115,-6,6
20257,119,112,7,7
20258,83,75,8,8
20259,122,121,1,1
20260,84,90,-6,6
20261,130,120,10,10
20262,137,141,-4,4
20263,96,100,-4,4
20264,81,79,2,2
20265,123,113,10,10
20266,83,74,9,9
20267,104,98,6,6
20268,121,105,16,16
20269,130,115,15,15
20270,104,97,7,7
20271,107,95,12,12
20272,121,112,9,9
20273,76,75,1,1
20274,59,66,-7,7
20275,127,127,0,0
20276,179,182,-3,3
20277,70,76,-6,6
20278,83,83,0,0
20279,83,89,-6,6
20280,52,67,-15,15
20281,58,67,-9,9
20282,116,119,-3,3
20283,57,65,-8,8
20284,107,103,4,4
20285,164,157,7,7
20286,110,101,9,9
20287,101,95,6,6
20288,159,144,15,15
20289,103,112,-9,9
20290,133,133,0,0
20291,59,77,-18,18
20292,93,100,-7,7
20293,129,115,14,14
20294,49,67,-18,18
20295,98,93,5,5
20296,100,96,4,4
20297,131,129,2,2
20298,140,136,4,4
20299,87,84,3,3
20300,138,123,15,15
20301,145,141,4,4
20302,124,112,12,12
20303,111,109,2,2
20304,128,115,13,13
20305,83,72,11,11
20306,90,98,-8,8
20307,96,92,4,4
20308,160,150,10,10
20309,75,77,-2,2
20310,83,91,-8,8
20311,115,107,8,8
20312,78,86,-8,8
20313,91,90,1,1
20314,60,58,2,2
20315,92,87,5,5
20316,107,92,15,15
20317,94,101,-7,7
20318,75,104,-29,29
20319,60,61,-1,1
20320,58,66,-8,8
20321,103,101,2,2
20322,68,65,3,3
20323,141,124,17,17
20324,89,95,-6,6
20325,172,152,20,20
20326,147,141,6,6
20327,94,85,9,9
20328,128,120,8,8
20329,76,76,0,0
20330,97,89,8,8
20331,110,104,6,6
20332,89,86,3,3
20333,72,66,6,6
20334,104,109,-5,5
20335,82,100,-18,18
20336,87,83,4,4
20337,96,91,5,5
20338,94,104,-10,10
20339,158,143,15,15
20340,102,98,4,4
20341,62,66,-4,4
20342,53,63,-10,10
20343,98,93,5,5
20344,96,90,6,6
20345,79,86,-7,7
20346,131,115,16,16
20347,44,52,-8,8
20348,102,88,14,14
20349,69,70,-1,1
20350,106,107,-1,1
20351,128,130,-2,2
20352,49,62,-13,13
20353,123,110,13,13
20354,191,161,30,30
20355,116,100,16,16
20356,127,116,11,11
20357,42,46,-4,4
20358,124,96,28,28
20359,92,98,-6,6
20360,143,126,17,17
20361,68,70,-2,2
20362,111,106,5,5
20363,120,130,-10,10
20364,93,86,7,7
20365,46,56,-10,10
20366,116,114,2,2
20367,84,82,2,2
20368,39,49,-10,10
20369,70,66,4,4
20370,59,69,-10,10
20371,107,124,-17,17
20372,59,59,0,0
20373,115,105,10,10
20374,92,97,-5,5
20375,105,110,-5,5
20376,110,98,12,12
20377,60,57,3,3
20378,119,105,14,14
20379,106,107,-1,1
20380,90,89,1,1
20381,63,67,-4,4
20382,103,96,7,7
20383,105,109,-4,4
20384,98,101,-3,3
20385,48,48,0,0
20386,110,132,-22,22
20387,119,101,18,18
20388,86,92,-6,6
20389,82,98,-16,16
20390,65,67,-2,2
20391,89,91,-2,2
20392,118,118,0,0
20393,146,130,16,16
20394,65,75,-10,10
20395,125,123,2,2
20396,87,89,-2,2
20397,89,96,-7,7
20398,75,75,0,0
20399,87,85,2,2
20400,130,129,1,1
20401,51,53,-2,2
20402,129,132,-3,3
20403,81,79,2,2
20404,80,78,2,2
20405,66,72,-6,6
20406,47,52,-5,5
20407,103,103,0,0
20408,77,97,-20,20
20409,60,70,-10,10
20410,133,127,6,6
20411,66,69,-3,3
20412,161,146,15,15
20413,101,102,-1,1
20414,80,85,-5,5
20415,124,124,0,0
20416,140,133,7,7
20417,120,109,11,11
20418,141,127,14,14
20419,90,92,-2,2
20420,54,64,-10,10
20421,63,62,1,1
20422,115,113,2,2
20423,59,70,-11,11
20424,68,71,-3,3
20425,51,56,-5,5
20426,56,63,-7,7
20427,69,80,-11,11
20428,71,73,-2,2
20429,103,106,-3,3
20430,94,98,-4,4
20431,157,160,-3,3
20432,122,113,9,9
20433,111,107,4,4
20434,120,123,-3,3
20435,103,92,11,11
20436,62,73,-11,11
20437,130,126,4,4
20438,81,81,0,0
20439,166,139,27,27
20440,79,82,-3,3
20441,90,90,0,0
20442,91,95,-4,4
20443,44,50,-6,6
20444,87,90,-3,3
20445,117,111,6,6
20446,101,104,-3,3
20447,106,109,-3,3
20448,102,95,7,7
20449,74,68,6,6
20450,175,155,20,20
20451,71,84,-13,13
20452,122,117,5,5
20453,165,152,13,13
20454,134,122,12,12
20455,192,168,24,24
20456,80,68,12,12
20457,65,66,-1,1
20458,105,107,-2,2
20459,121,108,13,13
20460,84,85,-1,1
20461,106,103,3,3
20462,91,84,7,7
20463,174,169,5,5
20464,64,65,-1,1
20465,58,65,-7,7
20466,76,66,10,10
20467,70,77,-7,7
20468,143,136,7,7
20469,92,87,5,5
20470,94,94,0,0
20471,95,90,5,5
20472,119,109,10,10
20473,101,89,12,12
20474,110,106,4,4
20475,144,150,-6,6
20476,129,139,-10,10
20477,79,78,1,1
20478,99,102,-3,3
20479,85,80,5,5
20480,142,126,16,16
20481,77,84,-7,7
20482,62,65,-3,3
20483,122,122,0,0
20484,106,109,-3,3
20485,52,52,0,0
20486,79,94,-15,15
20487,95,83,12,12
20488,77,84,-7,7
20489,89,87,2,2
20490,70,75,-5,5
20491,97,92,5,5
20492,100,107,-7,7
20493,79,71,8,8
20494,138,132,6,6
20495,123,105,18,18
20496,152,125,27,27
20497,135,127,8,8
20498,83,84,-1,1
20499,118,100,18,18
20500,91,87,4,4
20501,83,82,1,1
20502,77,79,-2,2
20503,69,68,1,1
20504,68,72,-4,4
20505,139,129,10,10
20506,171,160,11,11
20507,80,76,4,4
20508,83,78,5,5
20509,108,101,7,7
20510,92,89,3,3
20511,59,58,1,1
20512,74,71,3,3
20513,62,63,-1,1
20514,138,128,10,10
20515,55,55,0,0
20516,85,79,6,6
20517,77,77,0,0
20518,39,46,-7,7
20519,65,68,-3,3
20520,109,112,-3,3
20521,91,90,1,1
20522,74,74,0,0
20523,74,82,-8,8
20524,154,143,11,11
20525,153,139,14,14
20526,40,42,-2,2
20527,110,107,3,3
20528,63,63,0,0
20529,114,106,8,8
20530,114,120,-6,6
20531,62,77,-15,15
20532,81,71,10,10
20533,49,52,-3,3
20534,63,60,3,3
20535,93,86,7,7
20536,76,68,8,8
20537,146,136,10,10
20538,87,78,9,9
20539,162,151,11,11
20540,91,95,-4,4
20541,107,126,-19,19
20542,82,89,-7,7
20543,97,88,9,9
20544,42,46,-4,4
20545,81,77,4,4
20546,115,111,4,4
20547,120,110,10,10
20548,62,68,-6,6
20549,131,134,-3,3
20550,82,83,-1,1
20551,59,62,-3,3
20552,127,127,0,0
20553,100,85,15,15
20554,92,85,7,7
20555,55,65,-10,10
20556,111,105,6,6
20557,92,87,5,5
20558,111,113,-2,2
20559,189,157,32,32
20560,93,81,12,12
20561,61,58,3,3
20562,50,47,3,3
20563,62,66,-4,4
20564,46,52,-6,6
20565,145,146,-1,1
20566,82,83,-1,1
20567,83,81,2,2
20568,78,74,4,4
20569,69,65,4,4
20570,117,101,16,16
20571,142,130,12,12
20572,111,111,0,0
20573,72,69,3,3
20574,95,89,6,6
20575,141,121,20,20
20576,179,163,16,16
20577,85,90,-5,5
20578,286,226,60,60
20579,87,80,7,7
20580,93,89,4,4
20581,87,82,5,5
20582,49,58,-9,9
20583,87,88,-1,1
20584,143,111,32,32
20585,98,110,-12,12
20586,70,71,-1,1
20587,112,109,3,3
20588,53,55,-2,2
20589,55,63,-8,8
20590,88,81,7,7
20591,113,110,3,3
20592,86,86,0,0
20593,59,58,1,1
20594,62,63,-1,1
20595,71,80,-9,9
20596,102,118,-16,16
20597,69,75,-6,6
20598,117,114,3,3
20599,79,82,-3,3
20600,131,131,0,0
20601,45,50,-5,5
20602,81,84,-3,3
20603,62,71,-9,9
20604,82,86,-4,4
20605,86,91,-5,5
20606,52,51,1,1
20607,79,81,-2,2
20608,108,97,11,11
20609,62,65,-3,3
20610,94,93,1,1
20611,74,82,-8,8
20612,136,119,17,17
20613,151,132,19,19
20614,145,148,-3,3
20615,99,95,4,4
20616,169,169,0,0
20617,69,73,-4,4
20618,54,54,0,0
20619,93,85,8,8
20620,106,104,2,2
20621,77,76,1,1
20622,100,104,-4,4
20623,96,104,-8,8
20624,56,64,-8,8
20625,99,91,8,8
20626,115,113,2,2
20627,90,87,3,3
20628,56,67,-11,11
20629,83,72,11,11
20630,117,109,8,8
20631,75,79,-4,4
20632,88,85,3,3
20633,80,79,1,1
20634,150,123,27,27
20635,126,110,16,16
20636,92,89,3,3
20637,117,112,5,5
20638,75,77,-2,2
20639,92,82,10,10
20640,72,76,-4,4
20641,45,53,-8,8
20642,55,70,-15,15
20643,123,125,-2,2
20644,127,118,9,9
20645,128,128,0,0
20646,161,154,7,7
20647,130,121,9,9
20648,87,80,7,7
20649,223,177,46,46
20650,79,85,-6,6
20651,155,139,16,16
20652,77,76,1,1
20653,82,73,9,9
20654,101,103,-2,2
20655,89,94,-5,5
20656,106,104,2,2
20657,68,55,13,13
20658,98,96,2,2
20659,102,103,-1,1
20660,88,79,9,9
20661,102,97,5,5
20662,173,152,21,21
20663,52,66,-14,14
20664,114,109,5,5
20665,85,73,12,12
20666,86,84,2,2
20667,77,73,4,4
20668,81,80,1,1
20669,89,84,5,5
20670,149,137,12,12
20671,68,79,-11,11
20672,77,71,6,6
20673,83,83,0,0
20674,71,71,0,0
20675,71,73,-2,2
20676,91,92,-1,1
20677,56,70,-14,14
20678,80,82,-2,2
20679,129,116,13,13
20680,95,93,2,2
20681,114,102,12,12
20682,149,128,21,21
20683,74,73,1,1
20684,84,77,7,7
20685,72,68,4,4
20686,119,110,9,9
20687,82,76,6,6
20688,94,113,-19,19
20689,89,98,-9,9
20690,45,50,-5,5
20691,77,70,7,7
20692,169,165,4,4
20693,100,87,13,13
20694,114,107,7,7
20695,95,89,6,6
20696,97,111,-14,14
20697,224,204,20,20
20698,96,96,0,0
20699,66,72,-6,6
20700,97,95,2,2
20701,113,109,4,4
20702,107,107,0,0
20703,59,75,-16,16
20704,148,147,1,1
20705,66,57,9,9
20706,151,151,0,0
20707,87,79,8,8
20708,119,107,12,12
20709,63,56,7,7
20710,122,107,15,15
20711,75,74,1,1
20712,142,135,7,7
20713,33,41,-8,8
20714,86,85,1,1
20715,33,44,-11,11
20716,144,118,26,26
20717,124,116,8,8
20718,77,78,-1,1
20719,144,135,9,9
20720,88,94,-6,6
20721,87,91,-4,4
20722,45,48,-3,3
20723,104,88,16,16
20724,70,73,-3,3
20725,87,83,4,4
20726,139,132,7,7
20727,136,133,3,3
20728,85,77,8,8
20729,106,107,-1,1
20730,134,125,9,9
20731,98,94,4,4
20732,77,82,-5,5
20733,131,129,2,2
20734,125,138,-13,13
20735,76,75,1,1
20736,110,100,10,10
20737,123,111,12,12
20738,56,51,5,5
20739,62,65,-3,3
20740,59,61,-2,2
20741,96,98,-2,2
20742,107,96,11,11
20743,126,130,-4,4
20744,114,115,-1,1
20745,85,89,-4,4
20746,63,59,4,4
20747,59,76,-17,17
20748,80,73,7,7
20749,93,84,9,9
20750,82,87,-5,5
20751,73,66,7,7
20752,133,119,14,14
20753,145,125,20,20
20754,78,79,-1,1
20755,89,86,3,3
20756,81,85,-4,4
20757,100,99,1,1
20758,129,136,-7,7
20759,80,83,-3,3
20760,122,112,10,10
20761,26,44,-18,18
20762,151,137,14,14
20763,118,122,-4,4
20764,146,132,14,14
20765,75,72,3,3
20766,80,102,-22,22
20767,52,66,-14,14
20768,128,110,18,18
20769,76,90,-14,14
20770,73,74,-1,1
20771,55,65,-10,10
20772,94,93,1,1
20773,115,106,9,9
20774,70,73,-3,3
20775,125,108,17,17
20776,50,51,-1,1
20777,90,92,-2,2
20778,110,106,4,4
20779,120,119,1,1
20780,62,63,-1,1
20781,78,89,-11,11
20782,132,126,6,6
20783,46,51,-5,5
20784,140,145,-5,5
20785,97,91,6,6
20786,53,55,-2,2
20787,93,94,-1,1
20788,145,131,14,14
20789,84,86,-2,2
20790,121,122,-1,1
20791,124,119,5,5
20792,65,65,0,0
20793,129,132,-3,3
20794,111,106,5,5
20795,81,68,13,13
20796,87,75,12,12
20797,64,72,-8,8
20798,92,83,9,9
20799,74,76,-2,2
20800,78,75,3,3
20801,72,80,-8,8
20802,101,99,2,2
20803,35,46,-11,11
20804,171,155,16,16
20805,54,49,5,5
20806,155,167,-12,12
20807,151,144,7,7
20808,45,49,-4,4
20809,87,87,0,0
20810,115,105,10,10
20811,75,67,8,8
20812,89,90,-1,1
20813,134,118,16,16
20814,65,67,-2,2
20815,51,52,-1,1
20816,33,45,-12,12
20817,85,95,-10,10
20818,114,118,-4,4
20819,120,112,8,8
20820,83,86,-3,3
20821,106,109,-3,3
20822,41,49,-8,8
20823,101,117,-16,16
20824,134,124,10,10
20825,132,129,3,3
20826,53,55,-2,2
20827,89,82,7,7
20828,120,120,0,0
20829,106,112,-6,6
20830,165,137,28,28
20831,59,74,-15,15
20832,77,80,-3,3
20833,105,97,8,8
20834,113,110,3,3
20835,85,84,1,1
20836,57,58,-1,1
20837,101,107,-6,6
20838,109,104,5,5
20839,129,130,-1,1
20840,75,88,-13,13
20841,143,136,7,7
20842,48,50,-2,2
20843,115,123,-8,8
20844,57,108,-51,51
20845,76,76,0,0
20846,79,76,3,3
20847,107,102,5,5
20848,61,68,-7,7
20849,134,133,1,1
20850,93,91,2,2
20851,141,134,7,7
20852,81,73,8,8
20853,65,75,-10,10
20854,148,135,13,13
20855,70,79,-9,9
20856,78,88,-10,10
20857,46,47,-1,1
20858,108,108,0,0
20859,94,95,-1,1
20860,165,161,4,4
20861,83,93,-10,10
20862,131,125,6,6
20863,91,82,9,9
20864,86,114,-28,28
20865,99,99,0,0
20866,111,93,18,18
20867,93,88,5,5
20868,82,81,1,1
20869,60,75,-15,15
20870,89,86,3,3
20871,153,145,8,8
20872,102,102,0,0
20873,92,98,-6,6
20874,102,97,5,5
20875,118,123,-5,5
20876,75,72,3,3
20877,176,159,17,17
20878,129,117,12,12
20879,69,83,-14,14
20880,83,79,4,4
20881,124,117,7,7
20882,68,66,2,2
20883,102,96,6,6
20884,63,62,1,1
20885,96,108,-12,12
20886,120,124,-4,4
20887,75,79,-4,4
20888,111,108,3,3
20889,181,158,23,23
20890,82,87,-5,5
20891,132,121,11,11
20892,48,69,-21,21
20893,75,78,-3,3
20894,64,65,-1,1
20895,41,49,-8,8
20896,64,79,-15,15
20897,97,98,-1,1
20898,77,82,-5,5
20899,91,85,6,6
20900,51,53,-2,2
20901,68,73,-5,5
20902,121,126,-5,5
20903,86,81,5,5
20904,59,67,-8,8
20905,107,103,4,4
20906,84,88,-4,4
20907,55,56,-1,1
20908,76,91,-15,15
20909,93,83,10,10
20910,40,45,-5,5
20911,118,102,16,16
20912,156,151,5,5
20913,126,119,7,7
20914,74,74,0,0
20915,96,97,-1,1
20916,121,114,7,7
20917,76,67,9,9
20918,122,128,-6,6
20919,89,80,9,9
20920,59,61,-2,2
20921,84,74,10,10
20922,83,78,5,5
20923,73,69,4,4
20924,63,60,3,3
20925,64,72,-8,8
20926,125,112,13,13
20927,101,87,14,14
20928,122,128,-6,6
20929,63,64,-1,1
20930,107,109,-2,2
20931,68,69,-1,1
20932,74,74,0,0
20933,102,103,-1,1
20934,119,118,1,1
20935,106,98,8,8
20936,66,63,3,3
20937,87,89,-2,2
20938,85,85,0,0
20939,66,58,8,8
20940,145,134,11,11
20941,180,151,29,29
20942,75,76,-1,1
20943,63,74,-11,11
20944,144,139,5,5
20945,66,71,-5,5
20946,49,51,-2,2
20947,98,96,2,2
20948,77,69,8,8
20949,105,101,4,4
20950,81,97,-16,16
20951,92,81,11,11
20952,104,105,-1,1
20953,151,145,6,6
20954,51,53,-2,2
20955,124,125,-1,1
20956,84,84,0,0
20957,58,60,-2,2
20958,108,100,8,8
20959,41,47,-6,6
20960,151,136,15,15
20961,113,101,12,12
20962,138,127,11,11
20963,70,78,-8,8
20964,106,109,-3,3
20965,95,98,-3,3
20966,121,117,4,4
20967,66,65,1,1
20968,98,93,5,5
20969,70,72,-2,2
20970,142,129,13,13
20971,139,140,-1,1
20972,62,67,-5,5
20973,138,141,-3,3
20974,70,69,1,1
20975,138,111,27,27
20976,105,96,9,9
20977,61,61,0,0
20978,113,116,-3,3
20979,173,147,26,26
20980,94,92,2,2
20981,90,83,7,7
20982,112,107,5,5
20983,43,46,-3,3
20984,140,138,2,2
20985,197,193,4,4
20986,116,103,13,13
20987,229,197,32,32
20988,119,111,8,8
20989,80,68,12,12
20990,115,114,1,1
20991,61,67,-6,6
20992,41,49,-8,8
20993,101,93,8,8
20994,185,181,4,4
20995,46,47,-1,1
20996,221,201,20,20
20997,113,102,11,11
20998,60,65,-5,5
20999,116,93,23,23
21000,125,115,10,10
21001,99,95,4,4
21002,97,110,-13,13
21003,171,150,21,21
21004,79,82,-3,3
21005,73,72,1,1
21006,80,85,-5,5
21007,148,129,19,19
21008,111,122,-11,11
21009,110,109,1,1
21010,84,89,-5,5
21011,60,68,-8,8
21012,94,87,7,7
21013,57,64,-7,7
21014,118,116,2,2
21015,115,112,3,3
21016,118,125,-7,7
21017,133,122,11,11
21018,67,70,-3,3
21019,148,142,6,6
21020,34,95,-61,61
21021,59,62,-3,3
21022,71,71,0,0
21023,59,56,3,3
21024,58,70,-12,12
21025,61,56,5,5
21026,105,102,3,3
21027,144,135,9,9
21028,135,126,9,9
21029,120,117,3,3
21030,180,167,13,13
21031,177,150,27,27
21032,115,125,-10,10
21033,138,127,11,11
21034,113,93,20,20
21035,97,94,3,3
21036,88,79,9,9
21037,108,114,-6,6
21038,106,101,5,5
21039,81,79,2,2
21040,105,102,3,3
21041,30,39,-9,9
21042,97,95,2,2
21043,39,40,-1,1
21044,57,60,-3,3
21045,92,110,-18,18
21046,85,80,5,5
21047,94,88,6,6
21048,165,142,23,23
21049,119,119,0,0
21050,120,109,11,11
21051,139,127,12,12
21052,42,46,-4,4
21053,78,76,2,2
21054,78,82,-4,4
21055,73,67,6,6
21056,84,85,-1,1
21057,159,145,14,14
21058,84,85,-1,1
21059,133,126,7,7
21060,87,92,-5,5
21061,147,128,19,19
21062,83,81,2,2
21063,51,74,-23,23
21064,107,101,6,6
21065,62,64,-2,2
21066,94,86,8,8
21067,62,64,-2,2
21068,79,77,2,2
21069,177,149,28,28
21070,104,86,18,18
21071,85,93,-8,8
21072,100,95,5,5
21073,69,69,0,0
21074,119,119,0,0
21075,90,77,13,13
21076,82,75,7,7
21077,54,51,3,3
21078,115,95,20,20
21079,74,71,3,3
21080,113,105,8,8
21081,56,60,-4,4
21082,68,76,-8,8
21083,195,178,17,17
21084,150,131,19,19
21085,62,69,-7,7
21086,71,74,-3,3
21087,81,79,2,2
21088,131,124,7,7
21089,90,82,8,8
21090,86,94,-8,8
21091,168,169,-1,1
21092,101,93,8,8
21093,109,103,6,6
21094,71,108,-37,37
21095,67,69,-2,2
21096,115,104,11,11
21097,95,83,12,12
21098,84,82,2,2
21099,74,87,-13,13
21100,69,68,1,1
21101,63,74,-11,11
21102,127,116,11,11
21103,82,86,-4,4
21104,78,80,-2,2
21105,78,80,-2,2
21106,147,138,9,9
21107,96,92,4,4
21108,72,86,-14,14
21109,65,67,-2,2
21110,107,102,5,5
21111,119,105,14,14
21112,101,93,8,8
21113,162,143,19,19
21114,119,113,6,6
21115,93,92,1,1
21116,102,101,1,1
21117,145,134,11,11
21118,94,91,3,3
21119,83,84,-1,1
21120,166,151,15,15
21121,63,65,-2,2
21122,90,85,5,5
21123,53,54,-1,1
21124,103,103,0,0
21125,117,106,11,11
21126,99,98,1,1
21127,44,41,3,3
21128,149,137,12,12
21129,104,94,10,10
21130,225,209,16,16
21131,101,98,3,3
21132,101,93,8,8
21133,76,68,8,8
21134,80,74,6,6
21135,70,65,5,5
21136,130,103,27,27
21137,148,132,16,16
21138,70,80,-10,10
21139,137,141,-4,4
21140,59,58,1,1
21141,71,79,-8,8
21142,134,125,9,9
21143,116,99,17,17
21144,104,103,1,1
21145,63,73,-10,10
21146,61,60,1,1
21147,89,108,-19,19
21148,61,60,1,1
21149,97,96,1,1
21150,102,97,5,5
21151,63,66,-3,3
21152,165,153,12,12
21153,88,96,-8,8
21154,112,96,16,16
21155,90,87,3,3
21156,179,171,8,8
21157,89,94,-5,5
21158,19,36,-17,17
21159,123,114,9,9
21160,111,132,-21,21
21161,89,86,3,3
21162,86,96,-10,10
21163,92,91,1,1
21164,93,87,6,6
21165,91,91,0,0
21166,70,72,-2,2
21167,105,102,3,3
21168,85,81,4,4
21169,78,72,6,6
21170,112,109,3,3
21171,96,94,2,2
21172,54,59,-5,5
21173,121,109,12,12
21174,131,125,6,6
21175,66,71,-5,5
21176,61,69,-8,8
21177,80,81,-1,1
21178,89,84,5,5
21179,74,67,7,7
21180,65,78,-13,13
21181,101,104,-3,3
21182,97,89,8,8
21183,108,107,1,1
21184,96,99,-3,3
21185,132,125,7,7
21186,62,66,-4,4
21187,82,74,8,8
21188,154,136,18,18
21189,82,82,0,0
21190,50,52,-2,2
21191,68,65,3,3
21192,124,122,2,2
21193,74,69,5,5
21194,149,147,2,2
21195,59,59,0,0
21196,56,54,2,2
21197,58,58,0,0
21198,151,152,-1,1
21199,113,105,8,8
21200,74,98,-24,24
21201,71,68,3,3
21202,86,82,4,4
21203,65,63,2,2
21204,69,76,-7,7
21205,161,152,9,9
21206,89,89,0,0
21207,36,42,-6,6
21208,55,52,3,3
21209,97,92,5,5
21210,89,80,9,9
21211,64,65,-1,1
21212,98,96,2,2
21213,89,85,4,4
21214,44,44,0,0
21215,162,150,12,12
21216,126,133,-7,7
21217,82,85,-3,3
21218,77,86,-9,9
21219,81,85,-4,4
21220,137,128,9,9
21221,69,67,2,2
21222,86,84,2,2
21223,67,72,-5,5
21224,101,97,4,4
21225,74,77,-3,3
21226,71,74,-3,3
21227,66,66,0,0
21228,104,103,1,1
21229,111,124,-13,13
21230,86,87,-1,1
21231,96,94,2,2
21232,79,76,3,3
21233,183,186,-3,3
21234,89,85,4,4
21235,133,118,15,15
21236,80,77,3,3
21237,72,69,3,3
21238,109,95,14,14
21239,107,102,5,5
21240,84,77,7,7
21241,67,58,9,9
21242,102,93,9,9
21243,66,181,-115,115
21244,132,133,-1,1
21245,103,102,1,1
21246,91,90,1,1
21247,111,109,2,2
21248,110,103,7,7
21249,156,153,3,3
21250,44,42,2,2
21251,48,47,1,1
21252,79,88,-9,9
21253,58,52,6,6
21254,134,119,15,15
21255,105,102,3,3
21256,79,77,2,2
21257,124,158,-34,34
21258,109,97,12,12
21259,79,78,1,1
21260,66,72,-6,6
21261,93,88,5,5
21262,93,93,0,0
21263,85,94,-9,9
21264,92,86,6,6
21265,103,103,0,0
21266,104,97,7,7
21267,108,105,3,3
21268,82,77,5,5
21269,92,96,-4,4
21270,41,46,-5,5
21271,47,53,-6,6
21272,79,81,-2,2
21273,101,105,-4,4
21274,66,73,-7,7
21275,83,82,1,1
21276,89,74,15,15
21277,55,58,-3,3
21278,137,130,7,7
21279,92,86,6,6
21280,131,127,4,4
21281,99,95,4,4
21282,100,101,-1,1
21283,82,77,5,5
21284,57,63,-6,6
21285,74,80,-6,6
21286,79,80,-1,1
21287,83,84,-1,1
21288,118,108,10,10
21289,133,154,-21,21
21290,129,124,5,5
21291,70,87,-17,17
21292,145,136,9,9
21293,149,113,36,36
21294,113,116,-3,3
21295,56,66,-10,10
21296,44,46,-2,2
21297,89,97,-8,8
21298,90,93,-3,3
21299,74,67,7,7
21300,117,102,15,15
21301,65,58,7,7
21302,48,54,-6,6
21303,92,87,5,5
21304,72,73,-1,1
21305,83,75,8,8
21306,63,65,-2,2
21307,135,126,9,9
21308,147,143,4,4
21309,142,143,-1,1
21310,122,106,16,16
21311,77,74,3,3
21312,106,98,8,8
21313,65,72,-7,7
21314,70,67,3,3
21315,124,111,13,13
21316,100,94,6,6
21317,56,60,-4,4
21318,72,67,5,5
21319,83,79,4,4
21320,66,65,1,1
21321,45,51,-6,6
21322,162,156,6,6
21323,85,88,-3,3
21324,115,110,5,5
21325,122,117,5,5
21326,72,69,3,3
21327,68,71,-3,3
21328,65,68,-3,3
21329,84,79,5,5
21330,161,139,22,22
21331,149,136,13,13
21332,109,103,6,6
21333,57,64,-7,7
21334,85,82,3,3
21335,100,93,7,7
21336,171,134,37,37
21337,73,79,-6,6
21338,78,82,-4,4
21339,67,81,-14,14
21340,122,125,-3,3
21341,84,76,8,8
21342,171,152,19,19
21343,87,85,2,2
21344,140,122,18,18
21345,86,94,-8,8
21346,85,88,-3,3
21347,50,48,2,2
21348,78,78,0,0
21349,67,62,5,5
21350,81,76,5,5
21351,75,77,-2,2
21352,91,91,0,0
21353,119,118,1,1
21354,138,136,2,2
21355,58,58,0,0
21356,137,124,13,13
21357,88,94,-6,6
21358,122,114,8,8
21359,106,95,11,11
21360,101,106,-5,5
21361,88,89,-1,1
21362,83,71,12,12
21363,80,77,3,3
21364,111,109,2,2
21365,183,171,12,12
21366,73,71,2,2
21367,97,89,8,8
21368,55,63,-8,8
21369,116,121,-5,5
21370,78,78,0,0
21371,99,100,-1,1
21372,141,128,13,13
21373,56,58,-2,2
21374,65,66,-1,1
21375,72,72,0,0
21376,99,71,28,28
21377,96,85,11,11
21378,69,73,-4,4
21379,94,101,-7,7
21380,98,88,10,10
21381,55,61,-6,6
21382,107,101,6,6
21383,68,73,-5,5
21384,84,86,-2,2
21385,65,65,0,0
21386,177,153,24,24
21387,62,63,-1,1
21388,182,154,28,28
21389,72,51,21,21
21390,151,141,10,10
21391,80,73,7,7
21392,122,122,0,0
21393,136,118,18,18
21394,141,132,9,9
21395,88,83,5,5
21396,88,79,9,9
21397,127,123,4,4
21398,92,95,-3,3
21399,74,69,5,5
21400,111,105,6,6
21401,204,194,10,10
21402,111,101,10,10
21403,59,56,3,3
21404,129,110,19,19
21405,107,101,6,6
21406,104,95,9,9
21407,76,78,-2,2
21408,113,114,-1,1
21409,110,107,3,3
21410,69,65,4,4
21411,67,71,-4,4
21412,85,80,5,5
21413,94,93,1,1
21414,93,85,8,8
21415,90,89,1,1
21416,61,52,9,9
21417,56,50,6,6
21418,114,101,13,13
21419,71,66,5,5
21420,86,93,-7,7
21421,114,116,-2,2
21422,50,51,-1,1
21423,155,146,9,9
21424,108,116,-8,8
21425,104,84,20,20
21426,89,85,4,4
21427,75,71,4,4
21428,149,142,7,7
21429,94,85,9,9
21430,63,77,-14,14
21431,127,133,-6,6
21432,103,100,3,3
21433,90,83,7,7
21434,64,70,-6,6
21435,144,131,13,13
21436,119,106,13,13
21437,45,57,-12,12
21438,78,78,0,0
21439,45,59,-14,14
21440,113,110,3,3
21441,89,93,-4,4
21442,122,118,4,4
21443,93,90,3,3
21444,54,58,-4,4
21445,89,79,10,10
21446,85,81,4,4
21447,101,97,4,4
21448,132,138,-6,6
21449,47,48,-1,1
21450,83,78,5,5
21451,89,82,7,7
21452,77,76,1,1
21453,150,131,19,19
21454,130,109,21,21
21455,85,85,0,0
21456,114,109,5,5
21457,155,147,8,8
21458,63,58,5,5
21459,94,93,1,1
21460,42,48,-6,6
21461,138,136,2,2
21462,78,87,-9,9
21463,79,78,1,1
21464,95,90,5,5
21465,80,71,9,9
21466,80,92,-12,12
21467,39,45,-6,6
21468,143,128,15,15
21469,88,85,3,3
21470,47,51,-4,4
21471,70,72,-2,2
21472,174,158,16,16
21473,148,139,9,9
21474,185,165,20,20
21475,122,126,-4,4
21476,138,132,6,6
21477,99,93,6,6
21478,50,53,-3,3
21479,104,91,13,13
21480,69,71,-2,2
21481,127,117,10,10
21482,59,68,-9,9
21483,89,87,2,2
21484,81,81,0,0
21485,64,73,-9,9
21486,124,122,2,2
21487,75,84,-9,9
21488,102,94,8,8
21489,156,139,17,17
21490,81,82,-1,1
21491,90,82,8,8
21492,58,75,-17,17
21493,153,133,20,20
21494,100,94,6,6
21495,133,118,15,15
21496,133,121,12,12
21497,68,74,-6,6
21498,104,100,4,4
21499,74,71,3,3
21500,138,121,17,17
21501,83,84,-1,1
21502,125,133,-8,8
21503,98,99,-1,1
21504,92,85,7,7
21505,39,47,-8,8
21506,93,94,-1,1
21507,47,55,-8,8
21508,72,84,-12,12
21509,138,127,11,11
21510,81,84,-3,3
21511,102,99,3,3
21512,146,132,14,14
21513,80,73,7,7
21514,76,72,4,4
21515,130,137,-7,7
21516,138,125,13,13
21517,69,79,-10,10
21518,134,120,14,14
21519,73,75,-2,2
21520,55,61,-6,6
21521,68,75,-7,7
21522,78,89,-11,11
21523,85,83,2,2
21524,118,111,7,7
21525,80,80,0,0
21526,153,152,1,1
21527,81,76,5,5
21528,85,86,-1,1
21529,117,113,4,4
21530,126,124,2,2
21531,34,40,-6,6
21532,72,66,6,6
21533,138,124,14,14
21534,82,86,-4,4
21535,113,111,2,2
21536,63,66,-3,3
21537,80,70,10,10
21538,67,66,1,1
21539,117,126,-9,9
21540,120,108,12,12
21541,75,71,4,4
21542,117,106,11,11
21543,103,105,-2,2
21544,149,151,-2,2
21545,169,162,7,7
21546,85,96,-11,11
21547,91,82,9,9
21548,121,120,1,1
21549,95,110,-15,15
21550,123,124,-1,1
21551,36,46,-10,10
21552,71,70,1,1
21553,106,100,6,6
21554,101,89,12,12
21555,60,75,-15,15
21556,68,65,3,3
21557,76,75,1,1
21558,91,83,8,8
21559,84,80,4,4
21560,97,102,-5,5
21561,75,82,-7,7
21562,44,46,-2,2
21563,78,67,11,11
21564,55,60,-5,5
21565,106,114,-8,8
21566,125,118,7,7
21567,185,163,22,22
21568,148,166,-18,18
21569,156,141,15,15
21570,128,119,9,9
21571,96,88,8,8
21572,99,87,12,12
21573,63,71,-8,8
21574,78,85,-7,7
21575,162,130,32,32
21576,75,72,3,3
21577,103,99,4,4
21578,110,97,13,13
21579,116,110,6,6
21580,51,54,-3,3
21581,126,121,5,5
21582,37,47,-10,10
21583,109,102,7,7
21584,115,115,0,0
21585,70,69,1,1
21586,94,93,1,1
21587,113,107,6,6
21588,91,89,2,2
21589,71,71,0,0
21590,55,55,0,0
21591,63,74,-11,11
21592,59,58,1,1
21593,81,81,0,0
21594,135,132,3,3
21595,95,88,7,7
21596,67,77,-10,10
21597,80,79,1,1
21598,73,82,-9,9
21599,98,90,8,8
21600,104,95,9,9
21601,63,59,4,4
21602,60,56,4,4
21603,117,111,6,6
21604,60,60,0,0
21605,127,121,6,6
21606,121,98,23,23
21607,118,113,5,5
21608,80,79,1,1
21609,77,78,-1,1
21610,104,94,10,10
21611,182,196,-14,14
21612,90,91,-1,1
21613,49,49,0,0
21614,86,83,3,3
21615,88,86,2,2
21616,114,99,15,15
21617,56,56,0,0
21618,66,58,8,8
21619,68,80,-12,12
21620,88,85,3,3
21621,45,69,-24,24
21622,231,207,24,24
21623,136,121,15,15
21624,69,66,3,3
21625,123,125,-2,2
21626,60,57,3,3
21627,72,69,3,3
21628,84,85,-1,1
21629,123,120,3,3
21630,58,67,-9,9
21631,58,59,-1,1
21632,71,66,5,5
21633,97,88,9,9
21634,61,66,-5,5
21635,57,66,-9,9
21636,172,158,14,14
21637,62,67,-5,5
21638,112,105,7,7
21639,126,117,9,9
21640,85,84,1,1
21641,105,110,-5,5
21642,100,96,4,4
21643,117,128,-11,11
21644,76,87,-11,11
21645,85,81,4,4
21646,187,157,30,30
21647,145,134,11,11
21648,64,76,-12,12
21649,107,100,7,7
21650,140,133,7,7
21651,46,51,-5,5
21652,63,62,1,1
21653,93,89,4,4
21654,111,106,5,5
21655,60,62,-2,2
21656,120,111,9,9
21657,67,71,-4,4
21658,157,146,11,11
21659,133,130,3,3
21660,112,113,-1,1
21661,119,129,-10,10
21662,86,83,3,3
21663,128,125,3,3
21664,109,101,8,8
21665,133,125,8,8
21666,62,58,4,4
21667,167,150,17,17
21668,122,110,12,12
21669,42,45,-3,3
21670,66,66,0,0
21671,110,104,6,6
21672,84,94,-10,10
21673,115,106,9,9
21674,174,160,14,14
21675,85,86,-1,1
21676,100,94,6,6
21677,56,67,-11,11
21678,72,68,4,4
21679,87,86,1,1
21680,70,92,-22,22
21681,76,73,3,3
21682,89,86,3,3
21683,69,69,0,0
21684,175,157,18,18
21685,191,168,23,23
21686,66,62,4,4
21687,145,134,11,11
21688,127,111,16,16
21689,54,49,5,5
21690,70,67,3,3
21691,67,67,0,0
21692,77,73,4,4
21693,119,123,-4,4
21694,38,48,-10,10
21695,77,78,-1,1
21696,49,50,-1,1
21697,63,80,-17,17
21698,40,42,-2,2
21699,69,87,-18,18
21700,35,45,-10,10
21701,93,87,6,6
21702,61,74,-13,13
21703,50,50,0,0
21704,113,114,-1,1
21705,123,110,13,13
21706,75,76,-1,1
21707,94,86,8,8
21708,71,77,-6,6
21709,114,118,-4,4
21710,68,65,3,3
21711,129,141,-12,12
21712,61,47,14,14
21713,92,84,8,8
21714,76,66,10,10
21715,106,92,14,14
21716,123,113,10,10
21717,89,90,-1,1
21718,88,93,-5,5
21719,48,54,-6,6
21720,87,87,0,0
21721,53,60,-7,7
21722,120,107,13,13
21723,105,108,-3,3
21724,117,110,7,7
21725,128,116,12,12
21726,173,153,20,20
21727,85,84,1,1
21728,97,87,10,10
21729,101,92,9,9
21730,67,70,-3,3
21731,71,71,0,0
21732,89,80,9,9
21733,85,95,-10,10
21734,83,79,4,4
21735,78,72,6,6
21736,76,75,1,1
21737,115,110,5,5
21738,68,64,4,4
21739,75,74,1,1
21740,106,90,16,16
21741,76,73,3,3
21742,123,108,15,15
21743,82,82,0,0
21744,82,86,-4,4
21745,162,151,11,11
21746,64,69,-5,5
21747,66,54,12,12
21748,48,46,2,2
21749,86,89,-3,3
21750,59,67,-8,8
21751,118,111,7,7
21752,75,72,3,3
21753,138,121,17,17
21754,50,48,2,2
21755,96,83,13,13
21756,68,71,-3,3
21757,83,83,0,0
21758,93,108,-15,15
21759,78,81,-3,3
21760,45,46,-1,1
21761,85,86,-1,1
21762,123,109,14,14
21763,42,49,-7,7
21764,84,79,5,5
21765,123,115,8,8
21766,45,53,-8,8
21767,88,88,0,0
21768,85,82,3,3
21769,79,65,14,14
21770,75,73,2,2
21771,125,122,3,3
21772,33,51,-18,18
21773,84,89,-5,5
21774,117,120,-3,3
21775,79,77,2,2
21776,190,175,15,15
21777,112,109,3,3
21778,86,87,-1,1
21779,115,105,10,10
21780,74,68,6,6
21781,85,85,0,0
21782,28,40,-12,12
21783,45,49,-4,4
21784,115,107,8,8
21785,92,85,7,7
21786,78,74,4,4
21787,129,123,6,6
21788,119,106,13,13
21789,78,78,0,0
21790,78,64,14,14
21791,211,188,23,23
21792,95,102,-7,7
21793,101,100,1,1
21794,163,150,13,13
21795,168,153,15,15
21796,109,101,8,8
21797,98,101,-3,3
21798,61,62,-1,1
21799,131,128,3,3
21800,74,73,1,1
21801,66,78,-12,12
21802,130,118,12,12
21803,71,68,3,3
21804,135,132,3,3
21805,88,82,6,6
21806,150,162,-12,12
21807,152,131,21,21
21808,117,93,24,24
21809,133,130,3,3
21810,77,79,-2,2
21811,75,71,4,4
21812,63,67,-4,4
21813,73,70,3,3
21814,72,71,1,1
21815,62,77,-15,15
21816,98,101,-3,3
21817,103,94,9,9
21818,167,175,-8,8
21819,73,80,-7,7
21820,68,65,3,3
21821,104,98,6,6
21822,96,94,2,2
21823,165,159,6,6
21824,128,123,5,5
21825,147,137,10,10
21826,139,133,6,6
21827,156,136,20,20
21828,86,88,-2,2
21829,78,81,-3,3
21830,78,71,7,7
21831,89,83,6,6
21832,115,103,12,12
21833,122,115,7,7
21834,47,60,-13,13
21835,60,74,-14,14
21836,87,99,-12,12
21837,77,80,-3,3
21838,115,102,13,13
21839,105,88,17,17
21840,120,113,7,7
21841,95,88,7,7
21842,103,95,8,8
21843,57,56,1,1
21844,132,118,14,14
21845,118,115,3,3
21846,134,113,21,21
21847,85,95,-10,10
21848,130,132,-2,2
21849,107,113,-6,6
21850,112,102,10,10
21851,63,65,-2,2
21852,176,163,13,13
21853,83,80,3,3
21854,88,95,-7,7
21855,141,118,23,23
21856,121,110,11,11
21857,119,105,14,14
21858,51,62,-11,11
21859,60,65,-5,5
21860,103,86,17,17
21861,122,113,9,9
21862,79,78,1,1
21863,103,95,8,8
21864,86,84,2,2
21865,58,65,-7,7
21866,103,101,2,2
21867,89,82,7,7
21868,94,85,9,9
21869,115,116,-1,1
21870,151,159,-8,8
21871,97,92,5,5
21872,88,82,6,6
21873,78,79,-1,1
21874,79,81,-2,2
21875,51,50,1,1
21876,77,91,-14,14
21877,98,86,12,12
21878,160,133,27,27
21879,114,114,0,0
21880,95,96,-1,1
21881,77,77,0,0
21882,75,77,-2,2
21883,142,129,13,13
21884,72,73,-1,1
21885,150,130,20,20
21886,67,72,-5,5
21887,104,102,2,2
21888,95,96,-1,1
21889,116,104,12,12
21890,43,76,-33,33
21891,98,99,-1,1
21892,85,76,9,9
21893,93,89,4,4
21894,106,101,5,5
21895,99,98,1,1
21896,179,164,15,15
21897,61,79,-18,18
21898,77,78,-1,1
21899,64,64,0,0
21900,90,91,-1,1
21901,106,110,-4,4
21902,67,66,1,1
21903,102,98,4,4
21904,94,70,24,24
21905,92,90,2,2
21906,81,75,6,6
21907,84,79,5,5
21908,131,134,-3,3
21909,96,94,2,2
21910,89,86,3,3
21911,107,97,10,10
21912,73,79,-6,6
21913,81,76,5,5
21914,69,75,-6,6
21915,73,74,-1,1
21916,150,142,8,8
21917,115,98,17,17
21918,90,84,6,6
21919,63,72,-9,9
21920,138,123,15,15
21921,125,124,1,1
21922,111,105,6,6
21923,124,105,19,19
21924,37,46,-9,9
21925,114,109,5,5
21926,67,68,-1,1
21927,116,118,-2,2
21928,134,141,-7,7
21929,58,62,-4,4
21930,75,69,6,6
21931,119,111,8,8
21932,94,86,8,8
21933,72,69,3,3
21934,144,141,3,3
21935,86,83,3,3
21936,112,108,4,4
21937,57,55,2,2
21938,121,125,-4,4
21939,118,113,5,5
21940,79,78,1,1
21941,53,49,4,4
21942,61,55,6,6
21943,90,96,-6,6
21944,114,112,2,2
21945,101,102,-1,1
21946,180,170,10,10
21947,136,147,-11,11
21948,100,101,-1,1
21949,107,106,1,1
21950,95,98,-3,3
21951,75,74,1,1
21952,86,88,-2,2
21953,71,78,-7,7
21954,126,123,3,3
21955,125,119,6,6
21956,162,148,14,14
21957,71,75,-4,4
21958,60,55,5,5
21959,118,120,-2,2
21960,104,77,27,27
21961,117,112,5,5
21962,144,131,13,13
21963,78,82,-4,4
21964,95,92,3,3
21965,157,153,4,4
21966,70,70,0,0
21967,68,69,-1,1
21968,125,116,9,9
21969,111,92,19,19
21970,112,104,8,8
21971,118,105,13,13
21972,71,66,5,5
21973,126,110,16,16
21974,96,89,7,7
21975,59,73,-14,14
21976,82,92,-10,10
21977,101,102,-1,1
21978,80,83,-3,3
21979,61,63,-2,2
21980,89,93,-4,4
21981,107,88,19,19
21982,55,58,-3,3
21983,99,93,6,6
21984,131,136,-5,5
21985,80,73,7,7
21986,110,91,19,19
21987,94,92,2,2
21988,32,40,-8,8
21989,105,100,5,5
21990,103,105,-2,2
21991,152,149,3,3
21992,136,117,19,19
21993,78,73,5,5
21994,68,66,2,2
21995,68,81,-13,13
21996,36,42,-6,6
21997,111,112,-1,1
21998,64,58,6,6
21999,70,71,-1,1
22000,89,85,4,4
22001,103,98,5,5
22002,79,76,3,3
22003,175,168,7,7
22004,103,106,-3,3
22005,84,78,6,6
22006,79,74,5,5
22007,93,98,-5,5
22008,124,117,7,7
22009,106,102,4,4
22010,144,127,17,17
22011,100,94,6,6
22012,70,72,-2,2
22013,122,127,-5,5
22014,101,99,2,2
22015,125,118,7,7
22016,94,89,5,5
22017,134,140,-6,6
22018,69,74,-5,5
22019,119,106,13,13
22020,106,100,6,6
22021,122,121,1,1
22022,54,54,0,0
22023,89,87,2,2
22024,76,90,-14,14
22025,86,84,2,2
22026,144,124,20,20
22027,93,82,11,11
22028,105,108,-3,3
22029,101,101,0,0
22030,81,93,-12,12
22031,85,87,-2,2
22032,157,133,24,24
22033,112,114,-2,2
22034,76,77,-1,1
22035,85,92,-7,7
22036,141,116,25,25
22037,87,92,-5,5
22038,71,81,-10,10
22039,104,107,-3,3
22040,73,78,-5,5
22041,143,130,13,13
22042,92,97,-5,5
22043,80,80,0,0
22044,98,96,2,2
22045,80,72,8,8
22046,54,55,-1,1
22047,134,127,7,7
22048,70,69,1,1
22049,114,110,4,4
22050,80,69,11,11
22051,90,83,7,7
22052,82,90,-8,8
22053,103,94,9,9
22054,82,82,0,0
22055,92,88,4,4
22056,82,80,2,2
22057,66,70,-4,4
22058,124,162,-38,38
22059,61,68,-7,7
22060,63,73,-10,10
22061,91,94,-3,3
22062,72,70,2,2
22063,54,68,-14,14
22064,87,83,4,4
22065,104,110,-6,6
22066,61,62,-1,1
22067,125,107,18,18
22068,129,125,4,4
22069,33,49,-16,16
22070,97,98,-1,1
22071,73,90,-17,17
22072,154,135,19,19
22073,74,72,2,2
22074,125,121,4,4
22075,54,58,-4,4
22076,68,76,-8,8
22077,91,83,8,8
22078,68,67,1,1
22079,92,106,-14,14
22080,117,98,19,19
22081,98,109,-11,11
22082,124,110,14,14
22083,71,76,-5,5
22084,66,65,1,1
22085,37,44,-7,7
22086,108,102,6,6
22087,59,56,3,3
22088,84,84,0,0
22089,162,149,13,13
22090,108,108,0,0
22091,120,108,12,12
22092,102,109,-7,7
22093,68,83,-15,15
22094,146,123,23,23
22095,116,117,-1,1
22096,66,72,-6,6
22097,67,70,-3,3
22098,46,56,-10,10
22099,92,84,8,8
22100,150,131,19,19
22101,58,50,8,8
22102,103,105,-2,2
22103,112,98,14,14
22104,90,97,-7,7
22105,98,94,4,4
22106,54,59,-5,5
22107,76,79,-3,3
22108,77,86,-9,9
22109,111,99,12,12
22110,118,119,-1,1
22111,125,119,6,6
22112,94,96,-2,2
22113,73,75,-2,2
22114,173,161,12,12
22115,155,151,4,4
22116,120,125,-5,5
22117,86,78,8,8
22118,115,106,9,9
22119,149,133,16,16
22120,68,87,-19,19
22121,130,108,22,22
22122,65,68,-3,3
22123,63,51,12,12
22124,39,47,-8,8
22125,82,76,6,6
22126,74,65,9,9
22127,57,73,-16,16
22128,105,107,-2,2
22129,106,106,0,0
22130,126,143,-17,17
22131,113,109,4,4
22132,109,108,1,1
22133,95,97,-2,2
22134,86,74,12,12
22135,99,93,6,6
22136,65,78,-13,13
22137,70,71,-1,1
22138,66,66,0,0
22139,45,44,1,1
22140,77,76,1,1
22141,50,53,-3,3
22142,105,100,5,5
22143,101,105,-4,4
22144,62,70,-8,8
22145,82,90,-8,8
22146,69,63,6,6
22147,122,136,-14,14
22148,147,137,10,10
22149,220,195,25,25
22150,69,67,2,2
22151,93,89,4,4
22152,111,108,3,3
22153,152,144,8,8
22154,124,125,-1,1
22155,43,45,-2,2
22156,112,96,16,16
22157,83,80,3,3
22158,140,134,6,6
22159,110,109,1,1
22160,71,79,-8,8
22161,96,105,-9,9
22162,148,141,7,7
22163,53,46,7,7
22164,120,108,12,12
22165,188,177,11,11
22166,29,39,-10,10
22167,117,110,7,7
22168,104,102,2,2
22169,81,81,0,0
22170,124,124,0,0
22171,103,110,-7,7
22172,139,132,7,7
22173,79,67,12,12
22174,133,121,12,12
22175,112,114,-2,2
22176,99,101,-2,2
22177,101,92,9,9
22178,75,69,6,6
22179,110,104,6,6
22180,121,115,6,6
22181,110,112,-2,2
22182,68,86,-18,18
22183,99,93,6,6
22184,67,72,-5,5
22185,72,79,-7,7
22186,151,129,22,22
22187,87,92,-5,5
22188,83,84,-1,1
22189,58,68,-10,10
22190,56,54,2,2
22191,72,70,2,2
22192,91,83,8,8
22193,61,58,3,3
22194,95,78,17,17
22195,101,90,11,11
22196,98,93,5,5
22197,128,129,-1,1
22198,183,164,19,19
22199,68,70,-2,2
22200,97,91,6,6
22201,74,75,-1,1
22202,127,122,5,5
22203,91,87,4,4
22204,95,93,2,2
22205,83,80,3,3
22206,130,124,6,6
22207,143,84,59,59
22208,68,71,-3,3
22209,72,67,5,5
22210,81,80,1,1
22211,63,68,-5,5
22212,92,83,9,9
22213,70,80,-10,10
22214,114,116,-2,2
22215,119,104,15,15
22216,130,124,6,6
22217,94,95,-1,1
22218,104,104,0,0
22219,99,103,-4,4
22220,55,67,-12,12
22221,111,112,-1,1
22222,101,88,13,13
22223,86,86,0,0
22224,89,89,0,0
22225,91,104,-13,13
22226,140,136,4,4
22227,74,74,0,0
22228,82,85,-3,3
22229,103,88,15,15
22230,104,88,16,16
22231,75,81,-6,6
22232,92,99,-7,7
22233,53,55,-2,2
22234,74,80,-6,6
22235,38,42,-4,4
22236,141,127,14,14
22237,91,105,-14,14
22238,97,89,8,8
22239,115,106,9,9
22240,141,136,5,5
22241,72,78,-6,6
22242,87,87,0,0
22243,114,109,5,5
22244,96,88,8,8
22245,68,80,-12,12
22246,123,126,-3,3
22247,91,87,4,4
22248,91,83,8,8
22249,116,118,-2,2
22250,49,74,-25,25
22251,57,56,1,1
22252,124,120,4,4
22253,88,99,-11,11
22254,129,123,6,6
22255,55,52,3,3
22256,188,169,19,19
22257,64,70,-6,6
22258,71,70,1,1
22259,45,50,-5,5
22260,93,102,-9,9
22261,68,67,1,1
22262,161,165,-4,4
22263,69,77,-8,8
22264,113,113,0,0
22265,74,86,-12,12
22266,58,65,-7,7
22267,149,150,-1,1
22268,49,52,-3,3
22269,96,92,4,4
22270,122,113,9,9
22271,92,78,14,14
22272,124,124,0,0
22273,93,93,0,0
22274,149,147,2,2
22275,179,163,16,16
22276,147,145,2,2
22277,121,116,5,5
22278,62,63,-1,1
22279,50,49,1,1
22280,54,52,2,2
22281,104,94,10,10
22282,73,72,1,1
22283,101,97,4,4
22284,71,81,-10,10
22285,90,86,4,4
22286,71,67,4,4
22287,72,73,-1,1
22288,61,83,-22,22
22289,65,62,3,3
22290,81,78,3,3
22291,37,50,-13,13
22292,65,69,-4,4
22293,128,119,9,9
22294,55,79,-24,24
22295,55,67,-12,12
22296,131,107,24,24
22297,67,59,8,8
22298,138,130,8,8
22299,66,67,-1,1
22300,62,63,-1,1
22301,187,173,14,14
22302,127,116,11,11
22303,105,108,-3,3
22304,78,75,3,3
22305,94,94,0,0
22306,94,89,5,5
22307,108,103,5,5
22308,135,126,9,9
22309,78,76,2,2
22310,87,90,-3,3
22311,59,60,-1,1
22312,134,144,-10,10
22313,89,81,8,8
22314,79,81,-2,2
22315,27,44,-17,17
22316,74,68,6,6
22317,56,64,-8,8
22318,121,121,0,0
22319,88,88,0,0
22320,145,142,3,3
22321,99,100,-1,1
22322,127,112,15,15
22323,85,84,1,1
22324,91,75,16,16
22325,184,183,1,1
22326,76,75,1,1
22327,86,87,-1,1
22328,88,78,10,10
22329,156,145,11,11
22330,106,104,2,2
22331,102,89,13,13
22332,106,98,8,8
22333,87,85,2,2
22334,60,70,-10,10
22335,82,81,1,1
22336,112,101,11,11
22337,118,117,1,1
22338,75,67,8,8
22339,94,94,0,0
22340,57,65,-8,8
22341,96,92,4,4
22342,67,67,0,0
22343,78,87,-9,9
22344,114,98,16,16
22345,70,70,0,0
22346,60,66,-6,6
22347,91,87,4,4
22348,86,77,9,9
22349,84,83,1,1
22350,75,73,2,2
22351,133,135,-2,2
22352,193,168,25,25
22353,68,71,-3,3
22354,139,132,7,7
22355,57,72,-15,15
22356,110,111,-1,1
22357,83,90,-7,7
22358,159,130,29,29
22359,110,105,5,5
22360,150,129,21,21
22361,95,104,-9,9
22362,139,122,17,17
22363,72,68,4,4
22364,147,126,21,21
22365,89,83,6,6
22366,136,129,7,7
22367,47,45,2,2
22368,158,154,4,4
22369,111,111,0,0
22370,99,88,11,11
22371,112,107,5,5
22372,82,88,-6,6
22373,38,43,-5,5
22374,82,78,4,4
22375,80,81,-1,1
22376,119,102,17,17
22377,68,72,-4,4
22378,117,111,6,6
22379,76,73,3,3
22380,94,95,-1,1
22381,68,70,-2,2
22382,49,44,5,5
22383,59,56,3,3
22384,135,134,1,1
22385,111,107,4,4
22386,102,90,12,12
22387,118,114,4,4
22388,90,88,2,2
22389,62,68,-6,6
22390,104,100,4,4
22391,120,108,12,12
22392,105,104,1,1
22393,131,120,11,11
22394,103,106,-3,3
22395,117,112,5,5
22396,92,91,1,1
22397,70,69,1,1
22398,108,107,1,1
22399,71,72,-1,1
22400,58,65,-7,7
22401,91,76,15,15
22402,98,87,11,11
22403,40,48,-8,8
22404,92,80,12,12
22405,100,104,-4,4
22406,138,140,-2,2
22407,132,118,14,14
22408,101,104,-3,3
22409,71,77,-6,6
22410,86,80,6,6
22411,107,104,3,3
22412,85,82,3,3
22413,68,71,-3,3
22414,80,79,1,1
22415,125,115,10,10
22416,99,90,9,9
22417,122,110,12,12
22418,190,169,21,21
22419,109,88,21,21
22420,83,73,10,10
22421,121,138,-17,17
22422,79,93,-14,14
22423,142,152,-10,10
22424,63,65,-2,2
22425,66,65,1,1
22426,114,97,17,17
22427,80,79,1,1
22428,72,74,-2,2
22429,190,179,11,11
22430,91,85,6,6
22431,152,136,16,16
22432,74,61,13,13
22433,88,91,-3,3
22434,181,179,2,2
22435,118,115,3,3
22436,131,124,7,7
22437,64,106,-42,42
22438,86,85,1,1
22439,74,83,-9,9
22440,79,77,2,2
22441,99,99,0,0
22442,169,165,4,4
22443,68,59,9,9
22444,79,76,3,3
22445,181,153,28,28
22446,119,106,13,13
22447,120,106,14,14
22448,67,74,-7,7
22449,67,75,-8,8
22450,76,70,6,6
22451,87,80,7,7
22452,91,103,-12,12
22453,161,147,14,14
22454,58,59,-1,1
22455,57,65,-8,8
22456,95,93,2,2
22457,63,68,-5,5
22458,64,65,-1,1
22459,55,58,-3,3
22460,136,139,-3,3
22461,107,102,5,5
22462,83,88,-5,5
22463,52,66,-14,14
22464,127,134,-7,7
22465,90,93,-3,3
22466,141,130,11,11
22467,87,91,-4,4
22468,99,95,4,4
22469,67,71,-4,4
22470,79,76,3,3
22471,102,102,0,0
22472,168,165,3,3
22473,154,150,4,4
22474,118,113,5,5
22475,68,80,-12,12
22476,109,104,5,5
22477,41,47,-6,6
22478,65,68,-3,3
22479,108,97,11,11
22480,26,43,-17,17
22481,99,107,-8,8
22482,137,128,9,9
22483,180,167,13,13
22484,223,179,44,44
22485,103,100,3,3
22486,91,93,-2,2
22487,120,109,11,11
22488,73,72,1,1
22489,69,77,-8,8
22490,76,83,-7,7
22491,73,65,8,8
22492,41,44,-3,3
22493,143,142,1,1
22494,121,133,-12,12
22495,97,102,-5,5
22496,86,90,-4,4
22497,80,82,-2,2
22498,105,112,-7,7
22499,111,95,16,16
22500,133,138,-5,5
22501,120,113,7,7
22502,156,161,-5,5
22503,100,102,-2,2
22504,41,46,-5,5
22505,94,100,-6,6
22506,59,61,-2,2
22507,71,67,4,4
22508,68,68,0,0
22509,102,93,9,9
22510,134,123,11,11
22511,60,51,9,9
22512,169,140,29,29
22513,80,82,-2,2
22514,126,144,-18,18
22515,146,126,20,20
22516,128,132,-4,4
22517,67,65,2,2
22518,92,95,-3,3
22519,72,74,-2,2
22520,79,81,-2,2
22521,102,93,9,9
22522,62,67,-5,5
22523,59,61,-2,2
22524,116,104,12,12
22525,96,89,7,7
22526,86,85,1,1
22527,68,79,-11,11
22528,90,91,-1,1
22529,90,77,13,13
22530,141,127,14,14
22531,109,104,5,5
22532,51,68,-17,17
22533,107,101,6,6
22534,130,124,6,6
22535,103,102,1,1
22536,49,58,-9,9
22537,106,95,11,11
22538,87,87,0,0
22539,68,69,-1,1
22540,88,90,-2,2
22541,79,86,-7,7
22542,104,90,14,14
22543,94,90,4,4
22544,123,110,13,13
22545,98,87,11,11
22546,123,114,9,9
22547,104,102,2,2
22548,60,66,-6,6
22549,70,80,-10,10
22550,89,82,7,7
22551,122,109,13,13
22552,55,54,1,1
22553,141,130,11,11
22554,80,79,1,1
22555,97,97,0,0
22556,126,113,13,13
22557,73,75,-2,2
22558,63,78,-15,15
22559,151,134,17,17
22560,109,101,8,8
22561,161,153,8,8
22562,80,81,-1,1
22563,126,107,19,19
22564,89,83,6,6
22565,95,87,8,8
22566,163,142,21,21
22567,121,109,12,12
22568,80,81,-1,1
22569,79,66,13,13
22570,94,87,7,7
22571,143,127,16,16
22572,95,89,6,6
22573,108,103,5,5
22574,94,96,-2,2
22575,102,93,9,9
22576,84,88,-4,4
22577,80,78,2,2
22578,135,123,12,12
22579,98,82,16,16
22580,113,112,1,1
22581,85,117,-32,32
22582,97,88,9,9
22583,67,66,1,1
22584,135,129,6,6
22585,31,38,-7,7
22586,154,153,1,1
22587,136,132,4,4
22588,35,42,-7,7
22589,145,135,10,10
22590,76,72,4,4
22591,89,96,-7,7
22592,84,93,-9,9
22593,82,97,-15,15
22594,76,77,-1,1
22595,88,93,-5,5
22596,85,76,9,9
22597,109,115,-6,6
22598,165,153,12,12
22599,88,94,-6,6
22600,54,57,-3,3
22601,93,85,8,8
22602,66,69,-3,3
22603,75,77,-2,2
22604,55,56,-1,1
22605,72,73,-1,1
22606,113,107,6,6
22607,127,121,6,6
22608,53,50,3,3
22609,94,97,-3,3
22610,90,89,1,1
22611,65,75,-10,10
22612,60,66,-6,6
22613,59,48,11,11
22614,107,104,3,3
22615,93,102,-9,9
22616,128,114,14,14
22617,55,60,-5,5
22618,93,91,2,2
22619,79,74,5,5
22620,148,129,19,19
22621,129,122,7,7
22622,51,65,-14,14
22623,92,96,-4,4
22624,93,105,-12,12
22625,114,115,-1,1
22626,72,74,-2,2
22627,92,96,-4,4
22628,81,79,2,2
22629,69,78,-9,9
22630,93,84,9,9
22631,189,174,15,15
22632,71,70,1,1
22633,87,85,2,2
22634,48,84,-36,36
22635,94,89,5,5
22636,116,128,-12,12
22637,62,69,-7,7
22638,240,211,29,29
22639,104,97,7,7
22640,80,85,-5,5
22641,66,56,10,10
22642,100,95,5,5
22643,133,128,5,5
22644,103,96,7,7
22645,137,137,0,0
22646,165,148,17,17
22647,125,117,8,8
22648,86,80,6,6
22649,95,88,7,7
22650,103,111,-8,8
22651,140,121,19,19
22652,95,96,-1,1
22653,68,73,-5,5
22654,52,52,0,0
22655,77,74,3,3
22656,121,113,8,8
22657,107,107,0,0
22658,98,93,5,5
22659,100,93,7,7
22660,81,82,-1,1
22661,46,46,0,0
22662,162,156,6,6
22663,136,126,10,10
22664,85,89,-4,4
22665,83,76,7,7
22666,135,123,12,12
22667,39,43,-4,4
22668,61,65,-4,4
22669,73,63,10,10
22670,87,73,14,14
22671,76,77,-1,1
22672,84,98,-14,14
22673,94,83,11,11
22674,163,163,0,0
22675,80,85,-5,5
22676,86,102,-16,16
22677,152,133,19,19
22678,100,109,-9,9
22679,75,69,6,6
22680,92,87,5,5
22681,84,80,4,4
22682,144,134,10,10
22683,69,69,0,0
22684,109,110,-1,1
22685,109,97,12,12
22686,88,71,17,17
22687,67,67,0,0
22688,115,106,9,9
22689,125,129,-4,4
22690,95,99,-4,4
22691,87,80,7,7
22692,98,99,-1,1
22693,83,94,-11,11
22694,101,95,6,6
22695,51,45,6,6
22696,108,100,8,8
22697,136,135,1,1
22698,208,209,-1,1
22699,121,113,8,8
22700,84,79,5,5
22701,86,80,6,6
22702,148,146,2,2
22703,110,113,-3,3
22704,117,111,6,6
22705,96,95,1,1
22706,69,71,-2,2
22707,137,128,9,9
22708,66,60,6,6
22709,89,74,15,15
22710,44,52,-8,8
22711,136,125,11,11
22712,128,113,15,15
22713,73,72,1,1
22714,155,149,6,6
22715,89,71,18,18
22716,87,77,10,10
22717,147,130,17,17
22718,64,65,-1,1
22719,37,41,-4,4
22720,122,113,9,9
22721,44,55,-11,11
22722,126,121,5,5
22723,60,71,-11,11
22724,148,142,6,6
22725,134,126,8,8
22726,87,76,11,11
22727,135,133,2,2
22728,90,84,6,6
22729,60,54,6,6
22730,86,73,13,13
22731,150,146,4,4
22732,59,70,-11,11
22733,111,98,13,13
22734,54,51,3,3
22735,158,138,20,20
22736,135,115,20,20
22737,32,44,-12,12
22738,63,66,-3,3
22739,117,100,17,17
22740,83,87,-4,4
22741,54,64,-10,10
22742,151,141,10,10
22743,64,68,-4,4
22744,44,48,-4,4
22745,138,131,7,7
22746,48,57,-9,9
22747,123,108,15,15
22748,97,96,1,1
22749,59,63,-4,4
22750,96,97,-1,1
22751,19,39,-20,20
22752,112,107,5,5
22753,131,139,-8,8
22754,153,150,3,3
22755,100,97,3,3
22756,183,175,8,8
22757,121,110,11,11
22758,129,120,9,9
22759,93,101,-8,8
22760,89,93,-4,4
22761,92,88,4,4
22762,81,101,-20,20
22763,133,122,11,11
22764,77,80,-3,3
22765,63,64,-1,1
22766,66,60,6,6
22767,74,84,-10,10
22768,150,149,1,1
22769,76,85,-9,9
22770,68,66,2,2
22771,73,68,5,5
22772,93,91,2,2
22773,90,74,16,16
22774,81,93,-12,12
22775,59,57,2,2
22776,160,138,22,22
22777,47,46,1,1
22778,109,128,-19,19
22779,133,122,11,11
22780,114,115,-1,1
22781,89,76,13,13
22782,86,80,6,6
22783,95,85,10,10
22784,149,154,-5,5
22785,86,80,6,6
22786,112,111,1,1
22787,61,103,-42,42
22788,32,42,-10,10
22789,141,136,5,5
22790,106,95,11,11
22791,62,69,-7,7
22792,98,95,3,3
22793,169,134,35,35
22794,75,90,-15,15
22795,113,104,9,9
22796,69,69,0,0
22797,54,63,-9,9
22798,72,78,-6,6
22799,140,139,1,1
22800,86,90,-4,4
22801,106,97,9,9
22802,81,77,4,4
22803,109,95,14,14
22804,120,105,15,15
22805,103,92,11,11
22806,201,176,25,25
22807,115,127,-12,12
22808,94,87,7,7
22809,110,121,-11,11
22810,90,90,0,0
22811,117,107,10,10
22812,80,78,2,2
22813,136,124,12,12
22814,95,98,-3,3
22815,121,103,18,18
22816,38,44,-6,6
22817,100,88,12,12
22818,83,86,-3,3
22819,102,99,3,3
22820,100,99,1,1
22821,67,69,-2,2
22822,88,122,-34,34
22823,68,66,2,2
22824,145,134,11,11
22825,86,84,2,2
22826,107,98,9,9
22827,85,98,-13,13
22828,102,104,-2,2
22829,132,130,2,2
22830,61,65,-4,4
22831,70,66,4,4
22832,91,91,0,0
22833,139,133,6,6
22834,51,54,-3,3
22835,39,46,-7,7
22836,100,88,12,12
22837,93,90,3,3
22838,89,93,-4,4
22839,92,97,-5,5
22840,35,41,-6,6
22841,93,83,10,10
22842,64,74,-10,10
22843,62,53,9,9
22844,102,83,19,19
22845,101,97,4,4
22846,93,91,2,2
22847,63,65,-2,2
22848,88,84,4,4
22849,80,84,-4,4
22850,134,104,30,30
22851,77,75,2,2
22852,73,72,1,1
22853,57,61,-4,4
22854,118,86,32,32
22855,134,133,1,1
22856,127,121,6,6
22857,88,87,1,1
22858,91,85,6,6
22859,110,108,2,2
22860,46,48,-2,2
22861,105,100,5,5
22862,103,106,-3,3
22863,108,99,9,9
22864,93,98,-5,5
22865,75,78,-3,3
22866,131,124,7,7
22867,130,127,3,3
22868,89,86,3,3
22869,49,101,-52,52
22870,120,120,0,0
22871,151,158,-7,7
22872,92,89,3,3
22873,77,83,-6,6
22874,126,130,-4,4
22875,100,101,-1,1
22876,54,52,2,2
22877,110,102,8,8
22878,133,126,7,7
22879,119,118,1,1
22880,126,113,13,13
22881,42,45,-3,3
22882,63,68,-5,5
22883,170,163,7,7
22884,68,80,-12,12
22885,114,108,6,6
22886,115,101,14,14
22887,64,73,-9,9
22888,90,89,1,1
22889,126,107,19,19
22890,72,86,-14,14
22891,116,135,-19,19
22892,151,151,0,0
22893,98,80,18,18
22894,135,126,9,9
22895,132,117,15,15
22896,166,145,21,21
22897,109,101,8,8
22898,73,69,4,4
22899,43,47,-4,4
22900,60,60,0,0
22901,95,98,-3,3
22902,185,166,19,19
22903,116,110,6,6
22904,120,113,7,7
22905,117,111,6,6
22906,80,83,-3,3
22907,54,54,0,0
22908,94,97,-3,3
22909,104,105,-1,1
22910,167,167,0,0
22911,183,173,10,10
22912,125,127,-2,2
22913,67,66,1,1
22914,127,113,14,14
22915,108,104,4,4
22916,110,101,9,9
22917,72,72,0,0
22918,76,77,-1,1
22919,60,55,5,5
22920,127,109,18,18
22921,60,58,2,2
22922,117,108,9,9
22923,62,64,-2,2
22924,98,89,9,9
22925,64,66,-2,2
22926,90,86,4,4
22927,155,147,8,8
22928,69,66,3,3
22929,91,83,8,8
22930,91,83,8,8
22931,97,86,11,11
22932,116,103,13,13
22933,100,96,4,4
22934,81,84,-3,3
22935,77,72,5,5
22936,46,43,3,3
22937,86,94,-8,8
22938,98,88,10,10
22939,128,98,30,30
22940,53,53,0,0
22941,86,87,-1,1
22942,106,103,3,3
22943,118,112,6,6
22944,132,129,3,3
22945,179,174,5,5
22946,72,66,6,6
22947,57,57,0,0
22948,159,146,13,13
22949,56,66,-10,10
22950,90,95,-5,5
22951,84,84,0,0
22952,120,117,3,3
22953,99,88,11,11
22954,121,106,15,15
22955,96,97,-1,1
22956,46,58,-12,12
22957,84,87,-3,3
22958,79,78,1,1
22959,165,151,14,14
22960,72,76,-4,4
22961,75,76,-1,1
22962,116,113,3,3
22963,117,117,0,0
22964,95,88,7,7
22965,138,139,-1,1
22966,64,67,-3,3
22967,70,73,-3,3
22968,51,52,-1,1
22969,74,83,-9,9
22970,105,104,1,1
22971,137,128,9,9
22972,93,90,3,3
22973,72,79,-7,7
22974,83,75,8,8
22975,113,103,10,10
22976,97,92,5,5
22977,76,80,-4,4
22978,65,66,-1,1
22979,159,147,12,12
22980,72,72,0,0
22981,127,114,13,13
22982,94,89,5,5
22983,83,80,3,3
22984,84,86,-2,2
22985,60,65,-5,5
22986,100,100,0,0
22987,108,107,1,1
22988,118,110,8,8
22989,76,79,-3,3
22990,87,82,5,5
22991,50,56,-6,6
22992,38,44,-6,6
22993,146,125,21,21
22994,114,108,6,6
22995,52,56,-4,4
22996,84,88,-4,4
22997,122,122,0,0
22998,102,92,10,10
22999,181,164,17,17
23000,98,92,6,6
23001,39,47,-8,8
23002,84,67,17,17
23003,145,108,37,37
23004,124,127,-3,3
23005,110,117,-7,7
23006,57,61,-4,4
23007,88,90,-2,2
23008,64,70,-6,6
23009,195,177,18,18
23010,131,134,-3,3
23011,124,118,6,6
23012,79,96,-17,17
23013,66,67,-1,1
23014,100,105,-5,5
23015,82,78,4,4
23016,81,86,-5,5
23017,85,78,7,7
23018,192,181,11,11
23019,112,106,6,6
23020,166,150,16,16
23021,101,96,5,5
23022,82,73,9,9
23023,89,78,11,11
23024,94,84,10,10
23025,79,88,-9,9
23026,108,113,-5,5
23027,117,107,10,10
23028,123,112,11,11
23029,81,76,5,5
23030,87,77,10,10
23031,66,65,1,1
23032,35,44,-9,9
23033,102,89,13,13
23034,145,131,14,14
23035,62,62,0,0
23036,121,111,10,10
23037,69,66,3,3
23038,142,127,15,15
23039,74,68,6,6
23040,92,86,6,6
23041,63,58,5,5
23042,71,73,-2,2
23043,148,128,20,20
23044,72,81,-9,9
23045,75,73,2,2
23046,118,118,0,0
23047,103,102,1,1
23048,136,117,19,19
23049,126,126,0,0
23050,93,97,-4,4
23051,101,103,-2,2
23052,133,118,15,15
23053,83,85,-2,2
23054,91,94,-3,3
23055,52,47,5,5
23056,100,98,2,2
23057,88,85,3,3
23058,80,87,-7,7
23059,83,90,-7,7
23060,90,85,5,5
23061,69,93,-24,24
23062,85,77,8,8
23063,107,94,13,13
23064,103,92,11,11
23065,60,62,-2,2
23066,152,150,2,2
23067,40,43,-3,3
23068,87,81,6,6
23069,78,72,6,6
23070,145,141,4,4
23071,47,53,-6,6
23072,139,125,14,14
23073,94,87,7,7
23074,138,155,-17,17
23075,115,95,20,20
23076,94,91,3,3
23077,106,99,7,7
23078,85,83,2,2
23079,82,79,3,3
23080,61,59,2,2
23081,160,147,13,13
23082,157,155,2,2
23083,87,88,-1,1
23084,135,119,16,16
23085,120,111,9,9
23086,104,98,6,6
23087,165,138,27,27
23088,88,84,4,4
23089,67,72,-5,5
23090,87,80,7,7
23091,66,68,-2,2
23092,74,72,2,2
23093,76,76,0,0
23094,62,69,-7,7
23095,79,81,-2,2
23096,91,92,-1,1
23097,70,64,6,6
23098,148,135,13,13
23099,135,120,15,15
23100,74,79,-5,5
23101,78,75,3,3
23102,93,90,3,3
23103,124,114,10,10
23104,129,128,1,1
23105,98,88,10,10
23106,72,67,5,5
23107,53,65,-12,12
23108,138,134,4,4
23109,184,153,31,31
23110,85,83,2,2
23111,82,82,0,0
23112,105,110,-5,5
23113,99,94,5,5
23114,65,67,-2,2
23115,73,67,6,6
23116,66,61,5,5
23117,102,101,1,1
23118,85,76,9,9
23119,188,182,6,6
23120,81,200,-119,119
23121,124,114,10,10
23122,59,63,-4,4
23123,108,102,6,6
23124,92,91,1,1
23125,100,95,5,5
23126,105,103,2,2
23127,93,93,0,0
23128,155,144,11,11
23129,71,66,5,5
23130,65,54,11,11
23131,94,88,6,6
23132,122,125,-3,3
23133,70,73,-3,3
23134,65,66,-1,1
23135,160,148,12,12
23136,115,111,4,4
23137,134,129,5,5
23138,101,103,-2,2
23139,105,102,3,3
23140,93,90,3,3
23141,94,83,11,11
23142,82,76,6,6
23143,90,87,3,3
23144,78,67,11,11
23145,145,138,7,7
23146,120,116,4,4
23147,94,90,4,4
23148,95,83,12,12
23149,115,127,-12,12
23150,49,49,0,0
23151,134,127,7,7
23152,88,84,4,4
23153,82,83,-1,1
23154,67,67,0,0
23155,71,63,8,8
23156,56,67,-11,11
23157,88,84,4,4
23158,34,43,-9,9
23159,62,77,-15,15
23160,82,83,-1,1
23161,111,117,-6,6
23162,48,50,-2,2
23163,102,105,-3,3
23164,143,130,13,13
23165,47,51,-4,4
23166,76,75,1,1
23167,119,111,8,8
23168,64,64,0,0
23169,72,66,6,6
23170,141,131,10,10
23171,64,55,9,9
23172,127,110,17,17
23173,72,74,-2,2
23174,111,106,5,5
23175,104,85,19,19
23176,77,85,-8,8
23177,133,133,0,0
23178,113,106,7,7
23179,110,103,7,7
23180,89,85,4,4
23181,125,119,6,6
23182,127,106,21,21
23183,68,69,-1,1
23184,99,107,-8,8
23185,86,88,-2,2
23186,111,108,3,3
23187,118,101,17,17
23188,74,74,0,0
23189,132,117,15,15
23190,99,94,5,5
23191,139,136,3,3
23192,107,104,3,3
23193,70,77,-7,7
23194,77,69,8,8
23195,101,101,0,0
23196,103,101,2,2
23197,86,88,-2,2
23198,104,90,14,14
23199,100,103,-3,3
23200,150,136,14,14
23201,69,68,1,1
23202,129,121,8,8
23203,162,155,7,7
23204,111,119,-8,8
23205,133,125,8,8
23206,87,81,6,6
23207,74,83,-9,9
23208,95,99,-4,4
23209,110,116,-6,6
23210,124,122,2,2
23211,155,143,12,12
23212,74,65,9,9
23213,80,73,7,7
23214,90,81,9,9
23215,100,97,3,3
23216,112,96,16,16
23217,81,66,15,15
23218,73,82,-9,9
23219,122,112,10,10
23220,130,120,10,10
23221,129,121,8,8
23222,123,115,8,8
23223,84,84,0,0
23224,63,67,-4,4
23225,144,130,14,14
23226,91,152,-61,61
23227,66,71,-5,5
23228,95,92,3,3
23229,129,122,7,7
23230,75,72,3,3
23231,152,182,-30,30
23232,119,88,31,31
23233,107,105,2,2
23234,184,165,19,19
23235,84,89,-5,5
23236,123,115,8,8
23237,167,140,27,27
23238,59,53,6,6
23239,68,74,-6,6
23240,119,99,20,20
23241,77,71,6,6
23242,70,77,-7,7
23243,79,71,8,8
23244,114,112,2,2
23245,75,75,0,0
23246,64,55,9,9
23247,127,109,18,18
23248,52,59,-7,7
23249,67,64,3,3
23250,73,78,-5,5
23251,85,79,6,6
23252,63,65,-2,2
23253,88,79,9,9
23254,89,100,-11,11
23255,133,113,20,20
23256,82,84,-2,2
23257,115,99,16,16
23258,97,98,-1,1
23259,81,89,-8,8
23260,102,94,8,8
23261,68,64,4,4
23262,64,64,0,0
23263,70,70,0,0
23264,73,73,0,0
23265,59,67,-8,8
23266,136,130,6,6
23267,103,108,-5,5
23268,137,116,21,21
23269,73,73,0,0
23270,83,83,0,0
23271,95,87,8,8
23272,138,123,15,15
23273,86,78,8,8
23274,66,84,-18,18
23275,134,155,-21,21
23276,116,108,8,8
23277,70,71,-1,1
23278,118,109,9,9
23279,131,122,9,9
23280,40,66,-26,26
23281,82,82,0,0
23282,78,76,2,2
23283,97,87,10,10
23284,89,92,-3,3
23285,133,120,13,13
23286,76,72,4,4
23287,152,132,20,20
23288,92,89,3,3
23289,62,63,-1,1
23290,179,148,31,31
23291,127,109,18,18
23292,115,109,6,6
23293,54,65,-11,11
23294,136,115,21,21
23295,76,81,-5,5
23296,62,73,-11,11
23297,78,76,2,2
23298,182,154,28,28
23299,67,66,1,1
23300,110,97,13,13
23301,92,84,8,8
23302,150,133,17,17
23303,122,122,0,0
23304,62,68,-6,6
23305,109,99,10,10
23306,123,111,12,12
23307,107,104,3,3
23308,50,60,-10,10
23309,62,65,-3,3
23310,115,109,6,6
23311,41,49,-8,8
23312,106,99,7,7
23313,58,65,-7,7
23314,67,65,2,2
23315,64,59,5,5
23316,71,91,-20,20
23317,83,88,-5,5
23318,157,168,-11,11
23319,90,88,2,2
23320,100,107,-7,7
23321,92,92,0,0
23322,87,100,-13,13
23323,76,90,-14,14
23324,101,102,-1,1
23325,56,49,7,7
23326,65,69,-4,4
23327,70,74,-4,4
23328,57,60,-3,3
23329,112,138,-26,26
23330,50,71,-21,21
23331,47,56,-9,9
23332,140,148,-8,8
23333,51,52,-1,1
23334,61,74,-13,13
23335,78,78,0,0
23336,70,65,5,5
23337,98,92,6,6
23338,152,135,17,17
23339,99,99,0,0
23340,93,93,0,0
23341,90,86,4,4
23342,51,57,-6,6
23343,94,87,7,7
23344,82,87,-5,5
23345,137,131,6,6
23346,85,90,-5,5
23347,131,133,-2,2
23348,110,97,13,13
23349,70,67,3,3
23350,99,100,-1,1
23351,146,133,13,13
23352,37,46,-9,9
23353,94,84,10,10
23354,124,117,7,7
23355,91,104,-13,13
23356,85,87,-2,2
23357,58,65,-7,7
23358,78,84,-6,6
23359,62,68,-6,6
23360,51,57,-6,6
23361,85,91,-6,6
23362,64,67,-3,3
23363,108,115,-7,7
23364,89,92,-3,3
23365,120,113,7,7
23366,131,115,16,16
23367,50,52,-2,2
23368,109,100,9,9
23369,82,77,5,5
23370,115,106,9,9
23371,121,109,12,12
23372,193,181,12,12
23373,66,66,0,0
23374,125,114,11,11
23375,64,67,-3,3
23376,105,96,9,9
23377,47,52,-5,5
23378,57,70,-13,13
23379,105,92,13,13
23380,124,119,5,5
23381,90,96,-6,6
23382,126,113,13,13
23383,89,93,-4,4
23384,122,113,9,9
23385,116,108,8,8
23386,80,73,7,7
23387,92,87,5,5
23388,62,83,-21,21
23389,144,140,4,4
23390,45,58,-13,13
23391,139,139,0,0
23392,117,105,12,12
23393,99,101,-2,2
23394,98,98,0,0
23395,87,87,0,0
23396,171,143,28,28
23397,127,104,23,23
23398,114,110,4,4
23399,100,101,-1,1
23400,71,82,-11,11
23401,143,121,22,22
23402,84,79,5,5
23403,89,81,8,8
23404,85,86,-1,1
23405,69,69,0,0
23406,145,147,-2,2
23407,115,113,2,2
23408,116,113,3,3
23409,114,110,4,4
23410,58,52,6,6
23411,79,75,4,4
23412,73,74,-1,1
23413,114,116,-2,2
23414,140,142,-2,2
23415,92,95,-3,3
23416,111,105,6,6
23417,131,131,0,0
23418,76,78,-2,2
23419,94,95,-1,1
23420,91,96,-5,5
23421,76,75,1,1
23422,115,106,9,9
23423,65,67,-2,2
23424,113,111,2,2
23425,85,88,-3,3
23426,214,220,-6,6
23427,211,191,20,20
23428,41,45,-4,4
23429,78,73,5,5
23430,161,148,13,13
23431,79,72,7,7
23432,51,58,-7,7
23433,103,104,-1,1
23434,73,74,-1,1
23435,55,58,-3,3
23436,136,113,23,23
23437,131,126,5,5
23438,77,79,-2,2
23439,80,77,3,3
23440,110,104,6,6
23441,54,57,-3,3
23442,111,112,-1,1
23443,84,86,-2,2
23444,70,65,5,5
23445,70,68,2,2
23446,106,98,8,8
23447,97,93,4,4
23448,100,93,7,7
23449,135,130,5,5
23450,86,84,2,2
23451,42,44,-2,2
23452,132,132,0,0
23453,73,77,-4,4
23454,125,118,7,7
23455,83,84,-1,1
23456,125,124,1,1
23457,120,112,8,8
23458,110,104,6,6
23459,197,171,26,26
23460,111,104,7,7
23461,86,90,-4,4
23462,76,70,6,6
23463,150,135,15,15
23464,115,111,4,4
23465,89,94,-5,5
23466,176,159,17,17
23467,64,68,-4,4
23468,120,112,8,8
23469,121,113,8,8
23470,64,73,-9,9
23471,49,67,-18,18
23472,70,66,4,4
23473,112,106,6,6
23474,89,93,-4,4
23475,107,104,3,3
23476,155,152,3,3
23477,73,76,-3,3
23478,129,131,-2,2
23479,161,146,15,15
23480,89,86,3,3
23481,113,107,6,6
23482,99,92,7,7
23483,127,124,3,3
23484,115,113,2,2
23485,78,75,3,3
23486,155,159,-4,4
23487,54,51,3,3
23488,89,87,2,2
23489,115,107,8,8
23490,82,83,-1,1
23491,165,153,12,12
23492,90,83,7,7
23493,87,88,-1,1
23494,115,103,12,12
23495,70,68,2,2
23496,85,75,10,10
23497,101,99,2,2
23498,118,126,-8,8
23499,135,113,22,22
23500,74,78,-4,4
23501,108,114,-6,6
23502,134,125,9,9
23503,109,103,6,6
23504,77,77,0,0
23505,71,65,6,6
23506,78,72,6,6
23507,125,107,18,18
23508,90,87,3,3
23509,47,45,2,2
23510,89,88,1,1
23511,102,92,10,10
23512,94,94,0,0
23513,137,129,8,8
23514,110,97,13,13
23515,100,94,6,6
23516,125,112,13,13
23517,57,96,-39,39
23518,120,117,3,3
23519,149,135,14,14
23520,69,74,-5,5
23521,91,93,-2,2
23522,69,69,0,0
23523,143,127,16,16
23524,112,103,9,9
23525,108,96,12,12
23526,83,88,-5,5
23527,102,103,-1,1
23528,55,55,0,0
23529,101,96,5,5
23530,39,47,-8,8
23531,173,167,6,6
23532,98,95,3,3
23533,136,123,13,13
23534,62,64,-2,2
23535,188,153,35,35
23536,98,94,4,4
23537,132,119,13,13
23538,89,98,-9,9
23539,106,107,-1,1
23540,101,105,-4,4
23541,150,132,18,18
23542,194,171,23,23
23543,108,109,-1,1
23544,78,91,-13,13
23545,70,72,-2,2
23546,93,99,-6,6
23547,65,75,-10,10
23548,113,101,12,12
23549,129,121,8,8
23550,94,95,-1,1
23551,108,104,4,4
23552,90,92,-2,2
23553,68,71,-3,3
23554,98,98,0,0
23555,96,108,-12,12
23556,85,96,-11,11
23557,137,139,-2,2
23558,112,107,5,5
23559,168,150,18,18
23560,87,92,-5,5
23561,134,118,16,16
23562,75,83,-8,8
23563,135,125,10,10
23564,81,78,3,3
23565,96,102,-6,6
23566,91,94,-3,3
23567,104,88,16,16
23568,105,95,10,10
23569,56,55,1,1
23570,111,102,9,9
23571,56,67,-11,11
23572,62,63,-1,1
23573,103,98,5,5
23574,144,143,1,1
23575,101,98,3,3
23576,79,72,7,7
23577,102,92,10,10
23578,121,118,3,3
23579,140,132,8,8
23580,135,127,8,8
23581,80,76,4,4
23582,51,61,-10,10
23583,152,136,16,16
23584,94,95,-1,1
23585,52,47,5,5
23586,78,80,-2,2
23587,82,85,-3,3
23588,75,72,3,3
23589,117,109,8,8
23590,136,129,7,7
23591,92,90,2,2
23592,55,50,5,5
23593,126,109,17,17
23594,55,59,-4,4
23595,43,45,-2,2
23596,83,84,-1,1
23597,116,121,-5,5
23598,113,108,5,5
23599,60,63,-3,3
23600,100,100,0,0
23601,100,107,-7,7
23602,113,106,7,7
23603,123,137,-14,14
23604,69,72,-3,3
23605,113,126,-13,13
23606,71,74,-3,3
23607,132,118,14,14
23608,151,139,12,12
23609,57,59,-2,2
23610,105,105,0,0
23611,188,159,29,29
23612,79,73,6,6
23613,151,143,8,8
23614,137,136,1,1
23615,42,61,-19,19
23616,144,134,10,10
23617,41,49,-8,8
23618,82,81,1,1
23619,91,83,8,8
23620,65,70,-5,5
23621,65,68,-3,3
23622,103,102,1,1
23623,116,110,6,6
23624,149,144,5,5
23625,202,182,20,20
23626,61,61,0,0
23627,78,78,0,0
23628,154,135,19,19
23629,87,91,-4,4
23630,93,85,8,8
23631,134,131,3,3
23632,116,115,1,1
23633,124,124,0,0
23634,148,139,9,9
23635,140,138,2,2
23636,69,66,3,3
23637,107,103,4,4
23638,99,95,4,4
23639,137,122,15,15
23640,165,136,29,29
23641,102,91,11,11
23642,116,104,12,12
23643,95,81,14,14
23644,86,102,-16,16
23645,88,97,-9,9
23646,108,102,6,6
23647,153,148,5,5
23648,69,66,3,3
23649,76,72,4,4
23650,103,102,1,1
23651,79,90,-11,11
23652,129,111,18,18
23653,87,87,0,0
23654,67,70,-3,3
23655,81,79,2,2
23656,118,110,8,8
23657,69,66,3,3
23658,63,70,-7,7
23659,77,77,0,0
23660,113,106,7,7
23661,143,133,10,10
23662,57,63,-6,6
23663,86,82,4,4
23664,36,63,-27,27
23665,128,106,22,22
23666,111,104,7,7
23667,68,73,-5,5
23668,60,70,-10,10
23669,90,88,2,2
23670,99,91,8,8
23671,80,76,4,4
23672,79,85,-6,6
23673,84,87,-3,3
23674,77,66,11,11
23675,132,124,8,8
23676,94,68,26,26
23677,95,93,2,2
23678,67,67,0,0
23679,134,119,15,15
23680,148,144,4,4
23681,92,87,5,5
23682,85,76,9,9
23683,69,76,-7,7
23684,107,114,-7,7
23685,113,123,-10,10
23686,49,50,-1,1
23687,31,42,-11,11
23688,72,80,-8,8
23689,135,130,5,5
23690,126,115,11,11
23691,67,71,-4,4
23692,70,77,-7,7
23693,64,68,-4,4
23694,70,105,-35,35
23695,88,81,7,7
23696,66,72,-6,6
23697,80,87,-7,7
23698,82,96,-14,14
23699,85,84,1,1
23700,128,123,5,5
23701,116,112,4,4
23702,74,65,9,9
23703,107,105,2,2
23704,74,71,3,3
23705,133,111,22,22
23706,91,85,6,6
23707,100,99,1,1
23708,90,79,11,11
23709,41,48,-7,7
23710,117,107,10,10
23711,91,96,-5,5
23712,108,119,-11,11
23713,61,70,-9,9
23714,201,183,18,18
23715,112,106,6,6
23716,62,58,4,4
23717,70,68,2,2
23718,79,77,2,2
23719,85,78,7,7
23720,138,125,13,13
23721,132,126,6,6
23722,46,53,-7,7
23723,172,163,9,9
23724,120,106,14,14
23725,120,112,8,8
23726,96,96,0,0
23727,108,100,8,8
23728,125,126,-1,1
23729,72,82,-10,10
23730,110,97,13,13
23731,51,62,-11,11
23732,127,121,6,6
23733,109,104,5,5
23734,70,67,3,3
23735,91,85,6,6
23736,53,65,-12,12
23737,195,184,11,11
23738,63,69,-6,6
23739,97,97,0,0
23740,109,101,8,8
23741,116,110,6,6
23742,52,65,-13,13
23743,66,77,-11,11
23744,70,68,2,2
23745,143,140,3,3
23746,61,97,-36,36
23747,105,93,12,12
23748,58,57,1,1
23749,141,138,3,3
23750,64,60,4,4
23751,126,120,6,6
23752,154,148,6,6
23753,103,93,10,10
23754,54,58,-4,4
23755,100,97,3,3
23756,99,100,-1,1
23757,84,88,-4,4
23758,67,72,-5,5
23759,51,66,-15,15
23760,118,116,2,2
23761,139,120,19,19
23762,83,81,2,2
23763,127,126,1,1
23764,98,91,7,7
23765,86,82,4,4
23766,53,53,0,0
23767,111,111,0,0
23768,82,86,-4,4
23769,101,91,10,10
23770,79,79,0,0
23771,82,91,-9,9
23772,101,91,10,10
23773,172,154,18,18
23774,49,63,-14,14
23775,144,130,14,14
23776,79,76,3,3
23777,71,75,-4,4
23778,109,106,3,3
23779,97,91,6,6
23780,134,123,11,11
23781,139,154,-15,15
23782,103,96,7,7
23783,104,97,7,7
23784,45,59,-14,14
23785,124,130,-6,6
23786,77,84,-7,7
23787,92,94,-2,2
23788,54,52,2,2
23789,96,92,4,4
23790,77,68,9,9
23791,99,89,10,10
23792,46,47,-1,1
23793,128,127,1,1
23794,114,120,-6,6
23795,183,167,16,16
23796,74,78,-4,4
23797,152,133,19,19
23798,95,84,11,11
23799,84,74,10,10
23800,103,96,7,7
23801,118,111,7,7
23802,82,98,-16,16
23803,161,164,-3,3
23804,93,82,11,11
23805,91,84,7,7
23806,106,98,8,8
23807,91,82,9,9
23808,52,53,-1,1
23809,89,87,2,2
23810,80,82,-2,2
23811,112,115,-3,3
23812,69,65,4,4
23813,68,66,2,2
23814,219,192,27,27
23815,89,89,0,0
23816,127,116,11,11
23817,84,94,-10,10
23818,85,82,3,3
23819,28,62,-34,34
23820,141,125,16,16
23821,92,92,0,0
23822,130,118,12,12
23823,59,66,-7,7
23824,143,125,18,18
23825,145,132,13,13
23826,73,72,1,1
23827,177,165,12,12
23828,169,147,22,22
23829,54,57,-3,3
23830,128,114,14,14
23831,52,59,-7,7
23832,129,127,2,2
23833,99,98,1,1
23834,119,100,19,19
23835,75,81,-6,6
23836,119,108,11,11
23837,103,96,7,7
23838,130,124,6,6
23839,119,111,8,8
23840,100,96,4,4
23841,159,161,-2,2
23842,75,70,5,5
23843,86,87,-1,1
23844,123,115,8,8
23845,74,81,-7,7
23846,50,64,-14,14
23847,57,47,10,10
23848,50,53,-3,3
23849,71,75,-4,4
23850,96,91,5,5
23851,76,76,0,0
23852,130,119,11,11
23853,62,75,-13,13
23854,92,90,2,2
23855,98,101,-3,3
23856,67,59,8,8
23857,231,206,25,25
23858,68,62,6,6
23859,59,55,4,4
23860,82,73,9,9
23861,67,70,-3,3
23862,88,82,6,6
23863,138,117,21,21
23864,81,70,11,11
23865,117,115,2,2
23866,67,73,-6,6
23867,57,69,-12,12
23868,53,54,-1,1
23869,87,84,3,3
23870,123,123,0,0
23871,128,118,10,10
23872,80,84,-4,4
23873,95,92,3,3
23874,105,106,-1,1
23875,92,94,-2,2
23876,97,91,6,6
23877,96,100,-4,4
23878,114,101,13,13
23879,57,65,-8,8
23880,174,152,22,22
23881,98,92,6,6
23882,96,85,11,11
23883,34,54,-20,20
23884,53,53,0,0
23885,70,68,2,2
23886,100,101,-1,1
23887,112,113,-1,1
23888,86,89,-3,3
23889,106,98,8,8
23890,75,76,-1,1
23891,97,107,-10,10
23892,93,94,-1,1
23893,105,89,16,16
23894,108,105,3,3
23895,137,140,-3,3
23896,99,99,0,0
23897,71,71,0,0
23898,157,157,0,0
23899,111,100,11,11
23900,102,89,13,13
23901,144,132,12,12
23902,86,79,7,7
23903,63,75,-12,12
23904,97,84,13,13
23905,30,40,-10,10
23906,77,81,-4,4
23907,111,97,14,14
23908,77,74,3,3
23909,41,47,-6,6
23910,82,86,-4,4
23911,144,132,12,12
23912,117,111,6,6
23913,94,88,6,6
23914,58,55,3,3
23915,101,93,8,8
23916,105,91,14,14
23917,99,106,-7,7
23918,88,84,4,4
23919,69,75,-6,6
23920,67,61,6,6
23921,51,59,-8,8
23922,120,112,8,8
23923,60,63,-3,3
23924,90,84,6,6
23925,81,79,2,2
23926,163,164,-1,1
23927,142,124,18,18
23928,65,70,-5,5
23929,156,146,10,10
23930,52,50,2,2
23931,74,66,8,8
23932,115,109,6,6
23933,126,129,-3,3
23934,48,46,2,2
23935,129,126,3,3
23936,160,144,16,16
23937,110,111,-1,1
23938,121,125,-4,4
23939,97,90,7,7
23940,110,129,-19,19
23941,135,130,5,5
23942,153,150,3,3
23943,103,121,-18,18
23944,103,94,9,9
23945,119,110,9,9
23946,76,84,-8,8
23947,195,196,-1,1
23948,57,58,-1,1
23949,59,70,-11,11
23950,146,139,7,7
23951,91,79,12,12
23952,101,92,9,9
23953,240,198,42,42
23954,88,90,-2,2
23955,83,73,10,10
23956,77,79,-2,2
23957,82,100,-18,18
23958,82,94,-12,12
23959,119,104,15,15
23960,106,98,8,8
23961,101,107,-6,6
23962,78,83,-5,5
23963,82,78,4,4
23964,82,83,-1,1
23965,126,108,18,18
23966,87,94,-7,7
23967,96,93,3,3
23968,68,68,0,0
23969,100,95,5,5
23970,71,79,-8,8
23971,91,98,-7,7
23972,118,110,8,8
23973,93,95,-2,2
23974,87,87,0,0
23975,75,81,-6,6
23976,64,59,5,5
23977,94,91,3,3
23978,45,50,-5,5
23979,97,85,12,12
23980,115,107,8,8
23981,84,74,10,10
23982,139,124,15,15
23983,155,160,-5,5
23984,65,68,-3,3
23985,72,79,-7,7
23986,65,70,-5,5
23987,45,48,-3,3
23988,92,96,-4,4
23989,148,144,4,4
23990,163,135,28,28
23991,80,74,6,6
23992,131,117,14,14
23993,74,78,-4,4
23994,62,67,-5,5
23995,65,63,2,2
23996,110,95,15,15
23997,119,98,21,21
23998,110,100,10,10
23999,89,91,-2,2
24000,104,108,-4,4
24001,110,115,-5,5
24002,83,76,7,7
24003,134,126,8,8
24004,110,114,-4,4
24005,74,80,-6,6
24006,152,144,8,8
24007,103,98,5,5
24008,47,51,-4,4
24009,104,94,10,10
24010,59,65,-6,6
24011,76,65,11,11
24012,82,84,-2,2
24013,100,101,-1,1
24014,127,123,4,4
24015,70,67,3,3
24016,71,75,-4,4
24017,83,91,-8,8
24018,80,81,-1,1
24019,102,100,2,2
24020,70,82,-12,12
24021,89,85,4,4
24022,75,74,1,1
24023,104,95,9,9
24024,84,71,13,13
24025,56,58,-2,2
24026,55,64,-9,9
24027,141,148,-7,7
24028,82,83,-1,1
24029,182,164,18,18
24030,154,153,1,1
24031,86,85,1,1
24032,78,75,3,3
24033,91,87,4,4
24034,115,114,1,1
24035,112,114,-2,2
24036,98,112,-14,14
24037,83,78,5,5
24038,58,59,-1,1
24039,72,69,3,3
24040,46,63,-17,17
24041,54,54,0,0
24042,99,97,2,2
24043,100,123,-23,23
24044,114,112,2,2
24045,56,50,6,6
24046,49,56,-7,7
24047,63,59,4,4
24048,63,64,-1,1
24049,72,73,-1,1
24050,97,91,6,6
24051,59,62,-3,3
24052,123,120,3,3
24053,109,107,2,2
24054,108,103,5,5
24055,95,99,-4,4
24056,94,88,6,6
24057,59,65,-6,6
24058,80,84,-4,4
24059,140,132,8,8
24060,102,99,3,3
24061,65,69,-4,4
24062,117,106,11,11
24063,63,55,8,8
24064,77,83,-6,6
24065,137,95,42,42
24066,114,113,1,1
24067,78,71,7,7
24068,45,49,-4,4
24069,84,91,-7,7
24070,96,115,-19,19
24071,62,68,-6,6
24072,67,74,-7,7
24073,178,148,30,30
24074,78,85,-7,7
24075,112,106,6,6
24076,99,84,15,15
24077,94,93,1,1
24078,86,76,10,10
24079,116,106,10,10
24080,64,60,4,4
24081,51,46,5,5
24082,176,146,30,30
24083,120,105,15,15
24084,121,102,19,19
24085,84,84,0,0
24086,108,104,4,4
24087,97,93,4,4
24088,91,89,2,2
24089,117,116,1,1
24090,102,93,9,9
24091,53,50,3,3
24092,82,80,2,2
24093,63,67,-4,4
24094,50,89,-39,39
24095,121,106,15,15
24096,33,48,-15,15
24097,75,71,4,4
24098,98,100,-2,2
24099,95,85,10,10
24100,94,91,3,3
24101,43,45,-2,2
24102,88,97,-9,9
24103,72,72,0,0
24104,118,103,15,15
24105,76,79,-3,3
24106,58,57,1,1
24107,104,87,17,17
24108,115,109,6,6
24109,63,54,9,9
24110,105,106,-1,1
24111,59,56,3,3
24112,58,55,3,3
24113,146,131,15,15
24114,82,85,-3,3
24115,114,117,-3,3
24116,95,87,8,8
24117,46,53,-7,7
24118,122,110,12,12
24119,78,80,-2,2
24120,97,88,9,9
24121,111,111,0,0
24122,161,142,19,19
24123,157,154,3,3
24124,90,96,-6,6
24125,69,68,1,1
24126,78,77,1,1
24127,111,102,9,9
24128,56,52,4,4
24129,83,70,13,13
24130,186,169,17,17
24131,76,82,-6,6
24132,76,81,-5,5
24133,136,129,7,7
24134,87,83,4,4
24135,87,81,6,6
24136,72,73,-1,1
24137,64,76,-12,12
24138,162,156,6,6
24139,59,63,-4,4
24140,77,74,3,3
24141,58,58,0,0
24142,65,61,4,4
24143,103,93,10,10
24144,74,75,-1,1
24145,83,72,11,11
24146,62,65,-3,3
24147,115,103,12,12
24148,88,93,-5,5
24149,79,88,-9,9
24150,102,95,7,7
24151,76,69,7,7
24152,72,72,0,0
24153,127,127,0,0
24154,57,62,-5,5
24155,123,118,5,5
24156,108,104,4,4
24157,179,156,23,23
24158,56,80,-24,24
24159,129,130,-1,1
24160,76,85,-9,9
24161,160,132,28,28
24162,108,95,13,13
24163,65,68,-3,3
24164,80,76,4,4
24165,68,81,-13,13
24166,125,151,-26,26
24167,55,55,0,0
24168,101,104,-3,3
24169,102,93,9,9
24170,151,150,1,1
24171,98,121,-23,23
24172,72,84,-12,12
24173,124,114,10,10
24174,113,103,10,10
24175,84,74,10,10
24176,51,59,-8,8
24177,73,72,1,1
24178,58,54,4,4
24179,103,99,4,4
24180,89,74,15,15
24181,103,102,1,1
24182,122,114,8,8
24183,62,66,-4,4
24184,152,134,18,18
24185,49,53,-4,4
24186,76,77,-1,1
24187,107,99,8,8
24188,63,82,-19,19
24189,132,125,7,7
24190,167,110,57,57
24191,105,94,11,11
24192,160,156,4,4
24193,86,84,2,2
24194,105,94,11,11
24195,88,87,1,1
24196,102,96,6,6
24197,102,112,-10,10
24198,101,109,-8,8
24199,48,55,-7,7
24200,131,128,3,3
24201,45,44,1,1
24202,100,100,0,0
24203,77,76,1,1
24204,131,135,-4,4
24205,106,104,2,2
24206,115,109,6,6
24207,140,122,18,18
24208,111,111,0,0
24209,100,99,1,1
24210,55,63,-8,8
24211,80,75,5,5
24212,98,97,1,1
24213,61,55,6,6
24214,106,96,10,10
24215,91,93,-2,2
24216,96,88,8,8
24217,88,82,6,6
24218,79,83,-4,4
24219,108,113,-5,5
24220,108,107,1,1
24221,137,116,21,21
24222,110,108,2,2
24223,67,66,1,1
24224,81,76,5,5
24225,74,77,-3,3
24226,95,104,-9,9
24227,36,38,-2,2
24228,96,92,4,4
24229,80,87,-7,7
24230,86,80,6,6
24231,145,152,-7,7
24232,163,157,6,6
24233,57,55,2,2
24234,91,97,-6,6
24235,100,100,0,0
24236,55,54,1,1
24237,118,108,10,10
24238,183,178,5,5
24239,79,82,-3,3
24240,82,70,12,12
24241,107,102,5,5
24242,47,49,-2,2
24243,103,107,-4,4
24244,78,76,2,2
24245,114,110,4,4
24246,127,113,14,14
24247,65,72,-7,7
24248,149,157,-8,8
24249,72,68,4,4
24250,75,80,-5,5
24251,99,98,1,1
24252,91,88,3,3
24253,50,64,-14,14
24254,116,112,4,4
24255,150,130,20,20
24256,136,134,2,2
24257,145,114,31,31
24258,64,72,-8,8
24259,81,77,4,4
24260,76,70,6,6
24261,91,77,14,14
24262,64,55,9,9
24263,52,66,-14,14
24264,85,88,-3,3
24265,93,91,2,2
24266,80,83,-3,3
24267,84,92,-8,8
24268,71,66,5,5
24269,73,71,2,2
24270,54,64,-10,10
24271,87,77,10,10
24272,88,95,-7,7
24273,50,58,-8,8
24274,122,111,11,11
24275,98,95,3,3
24276,82,73,9,9
24277,173,153,20,20
24278,78,77,1,1
24279,106,101,5,5
24280,103,108,-5,5
24281,78,73,5,5
24282,57,61,-4,4
24283,125,131,-6,6
24284,103,113,-10,10
24285,100,95,5,5
24286,78,81,-3,3
24287,122,107,15,15
24288,122,128,-6,6
24289,135,122,13,13
24290,110,91,19,19
24291,174,153,21,21
24292,54,54,0,0
24293,43,45,-2,2
24294,82,78,4,4
24295,91,81,10,10
24296,104,95,9,9
24297,148,132,16,16
24298,30,39,-9,9
24299,115,104,11,11
24300,122,111,11,11
24301,126,112,14,14
24302,68,73,-5,5
24303,119,98,21,21
24304,124,127,-3,3
24305,81,74,7,7
24306,74,69,5,5
24307,75,72,3,3
24308,57,66,-9,9
24309,92,78,14,14
24310,79,74,5,5
24311,118,116,2,2
24312,62,68,-6,6
24313,86,80,6,6
24314,57,47,10,10
24315,93,102,-9,9
24316,111,97,14,14
24317,77,76,1,1
24318,66,74,-8,8
24319,142,107,35,35
24320,117,98,19,19
24321,48,53,-5,5
24322,195,175,20,20
24323,100,97,3,3
24324,103,90,13,13
24325,59,69,-10,10
24326,76,73,3,3
24327,108,106,2,2
24328,127,122,5,5
24329,91,82,9,9
24330,67,69,-2,2
24331,157,143,14,14
24332,120,126,-6,6
24333,79,79,0,0
24334,95,97,-2,2
24335,103,102,1,1
24336,126,116,10,10
24337,73,94,-21,21
24338,53,66,-13,13
24339,126,121,5,5
24340,78,70,8,8
24341,128,123,5,5
24342,51,55,-4,4
24343,76,75,1,1
24344,130,127,3,3
24345,87,87,0,0
24346,76,81,-5,5
24347,71,66,5,5
24348,115,108,7,7
24349,119,114,5,5
24350,75,74,1,1
24351,75,87,-12,12
24352,93,87,6,6
24353,128,130,-2,2
24354,127,146,-19,19
24355,94,94,0,0
24356,133,114,19,19
24357,53,46,7,7
24358,146,125,21,21
24359,117,125,-8,8
24360,74,75,-1,1
24361,126,118,8,8
24362,41,48,-7,7
24363,143,135,8,8
24364,90,86,4,4
24365,73,78,-5,5
24366,156,145,11,11
24367,72,67,5,5
24368,59,55,4,4
24369,27,66,-39,39
24370,93,97,-4,4
24371,87,91,-4,4
24372,44,48,-4,4
24373,182,179,3,3
24374,90,88,2,2
24375,170,153,17,17
24376,128,125,3,3
24377,102,106,-4,4
24378,99,95,4,4
24379,106,98,8,8
24380,86,79,7,7
24381,127,110,17,17
24382,99,87,12,12
24383,101,103,-2,2
24384,155,151,4,4
24385,184,155,29,29
24386,98,94,4,4
24387,95,95,0,0
24388,108,129,-21,21
24389,103,107,-4,4
24390,147,140,7,7
24391,100,92,8,8
24392,76,96,-20,20
24393,308,225,83,83
24394,71,70,1,1
24395,80,84,-4,4
24396,88,79,9,9
24397,92,99,-7,7
24398,105,108,-3,3
24399,63,70,-7,7
24400,89,88,1,1
24401,77,86,-9,9
24402,94,95,-1,1
24403,72,85,-13,13
24404,65,64,1,1
24405,132,118,14,14
24406,90,84,6,6
24407,83,83,0,0
24408,35,69,-34,34
24409,163,156,7,7
24410,73,71,2,2
24411,117,111,6,6
24412,87,80,7,7
24413,70,75,-5,5
24414,189,170,19,19
24415,81,77,4,4
24416,59,71,-12,12
24417,110,113,-3,3
24418,103,106,-3,3
24419,89,88,1,1
24420,90,79,11,11
24421,475,359,116,116
24422,66,64,2,2
24423,97,97,0,0
24424,89,84,5,5
24425,106,104,2,2
24426,81,78,3,3
24427,143,138,5,5
24428,113,107,6,6
24429,83,83,0,0
24430,276,257,19,19
24431,88,85,3,3
24432,91,91,0,0
24433,179,151,28,28
24434,175,127,48,48
24435,86,88,-2,2
24436,60,65,-5,5
24437,86,84,2,2
24438,104,95,9,9
24439,144,133,11,11
24440,93,93,0,0
24441,98,98,0,0
24442,59,67,-8,8
24443,112,146,-34,34
24444,98,104,-6,6
24445,60,65,-5,5
24446,72,64,8,8
24447,42,50,-8,8
24448,57,54,3,3
24449,138,124,14,14
24450,99,92,7,7
24451,134,129,5,5
24452,96,82,14,14
24453,101,104,-3,3
24454,88,97,-9,9
24455,79,82,-3,3
24456,61,52,9,9
24457,77,66,11,11
24458,119,115,4,4
24459,124,109,15,15
24460,77,79,-2,2
24461,81,78,3,3
24462,70,70,0,0
24463,120,129,-9,9
24464,90,98,-8,8
24465,88,92,-4,4
24466,49,47,2,2
24467,70,67,3,3
24468,90,86,4,4
24469,70,66,4,4
24470,119,103,16,16
24471,99,96,3,3
24472,79,85,-6,6
24473,112,102,10,10
24474,63,66,-3,3
24475,40,51,-11,11
24476,145,136,9,9
24477,82,77,5,5
24478,87,82,5,5
24479,75,70,5,5
24480,71,66,5,5
24481,84,81,3,3
24482,85,80,5,5
24483,101,89,12,12
24484,111,94,17,17
24485,90,89,1,1
24486,63,65,-2,2
24487,174,170,4,4
24488,106,102,4,4
24489,64,72,-8,8
24490,33,43,-10,10
24491,100,111,-11,11
24492,185,158,27,27
24493,68,66,2,2
24494,29,39,-10,10
24495,45,49,-4,4
24496,58,64,-6,6
24497,120,106,14,14
24498,124,111,13,13
24499,70,65,5,5
24500,104,106,-2,2
24501,101,93,8,8
24502,92,93,-1,1
24503,81,78,3,3
24504,59,59,0,0
24505,84,83,1,1
24506,67,73,-6,6
24507,105,96,9,9
24508,81,82,-1,1
24509,56,59,-3,3
24510,115,113,2,2
24511,117,110,7,7
24512,95,87,8,8
24513,134,121,13,13
24514,89,92,-3,3
24515,136,133,3,3
24516,100,100,0,0
24517,95,104,-9,9
24518,73,75,-2,2
24519,58,69,-11,11
24520,157,140,17,17
24521,77,80,-3,3
24522,54,44,10,10
24523,90,99,-9,9
24524,85,92,-7,7
24525,71,68,3,3
24526,73,69,4,4
24527,87,86,1,1
24528,57,59,-2,2
24529,64,67,-3,3
24530,72,73,-1,1
24531,184,157,27,27
24532,152,119,33,33
24533,88,88,0,0
24534,90,87,3,3
24535,96,99,-3,3
24536,117,101,16,16
24537,65,66,-1,1
24538,101,88,13,13
24539,130,130,0,0
24540,189,163,26,26
24541,80,82,-2,2
24542,72,76,-4,4
24543,99,98,1,1
24544,131,118,13,13
24545,120,125,-5,5
24546,64,66,-2,2
24547,59,47,12,12
24548,69,69,0,0
24549,44,55,-11,11
24550,85,93,-8,8
24551,51,69,-18,18
24552,70,73,-3,3
24553,61,68,-7,7
24554,110,121,-11,11
24555,69,76,-7,7
24556,56,58,-2,2
24557,125,135,-10,10
24558,91,79,12,12
24559,53,66,-13,13
24560,91,90,1,1
24561,42,46,-4,4
24562,85,84,1,1
24563,33,41,-8,8
24564,94,83,11,11
24565,143,135,8,8
24566,72,66,6,6
24567,85,83,2,2
24568,132,127,5,5
24569,103,96,7,7
24570,131,107,24,24
24571,72,73,-1,1
24572,109,109,0,0
24573,104,103,1,1
24574,128,121,7,7
24575,147,136,11,11
24576,90,89,1,1
24577,44,52,-8,8
24578,84,86,-2,2
24579,129,127,2,2
24580,76,91,-15,15
24581,82,90,-8,8
24582,155,130,25,25
24583,141,125,16,16
24584,110,116,-6,6
24585,117,117,0,0
24586,112,109,3,3
24587,109,110,-1,1
24588,63,55,8,8
24589,68,72,-4,4
24590,140,129,11,11
24591,42,52,-10,10
24592,97,106,-9,9
24593,73,67,6,6
24594,49,44,5,5
24595,163,130,33,33
24596,116,114,2,2
24597,98,108,-10,10
24598,97,94,3,3
24599,76,77,-1,1
24600,84,79,5,5
24601,52,49,3,3
24602,134,123,11,11
24603,62,57,5,5
24604,123,118,5,5
24605,55,57,-2,2
24606,80,82,-2,2
24607,77,74,3,3
24608,121,126,-5,5
24609,45,52,-7,7
24610,66,71,-5,5
24611,59,64,-5,5
24612,45,56,-11,11
24613,63,65,-2,2
24614,65,79,-14,14
24615,95,88,7,7
24616,84,79,5,5
24617,110,122,-12,12
24618,83,83,0,0
24619,133,113,20,20
24620,111,103,8,8
24621,69,69,0,0
24622,43,45,-2,2
24623,97,99,-2,2
24624,78,92,-14,14
24625,75,74,1,1
24626,130,115,15,15
24627,73,75,-2,2
24628,156,138,18,18
24629,110,94,16,16
24630,132,127,5,5
24631,108,107,1,1
24632,97,97,0,0
24633,139,123,16,16
24634,88,81,7,7
24635,136,121,15,15
24636,115,105,10,10
24637,141,128,13,13
24638,125,116,9,9
24639,114,104,10,10
24640,127,119,8,8
24641,87,91,-4,4
24642,126,121,5,5
24643,83,90,-7,7
24644,68,65,3,3
24645,100,96,4,4
24646,67,68,-1,1
24647,79,69,10,10
24648,123,112,11,11
24649,49,51,-2,2
24650,73,90,-17,17
24651,105,96,9,9
24652,86,83,3,3
24653,78,88,-10,10
24654,97,89,8,8
24655,95,100,-5,5
24656,46,51,-5,5
24657,105,110,-5,5
24658,157,142,15,15
24659,97,111,-14,14
24660,130,113,17,17
24661,114,122,-8,8
24662,56,59,-3,3
24663,37,45,-8,8
24664,133,129,4,4
24665,80,96,-16,16
24666,56,57,-1,1
24667,64,64,0,0
24668,78,77,1,1
24669,96,90,6,6
24670,90,84,6,6
24671,126,112,14,14
24672,85,85,0,0
24673,60,54,6,6
24674,92,90,2,2
24675,105,103,2,2
24676,92,91,1,1
24677,85,84,1,1
24678,187,159,28,28
24679,108,113,-5,5
24680,64,59,5,5
24681,99,91,8,8
24682,92,91,1,1
24683,111,107,4,4
24684,83,76,7,7
24685,92,88,4,4
24686,68,60,8,8
24687,158,131,27,27
24688,54,57,-3,3
24689,86,75,11,11
24690,94,88,6,6
24691,102,95,7,7
24692,55,58,-3,3
24693,52,60,-8,8
24694,69,76,-7,7
24695,97,88,9,9
24696,59,66,-7,7
24697,86,82,4,4
24698,104,101,3,3
24699,119,125,-6,6
24700,124,105,19,19
24701,99,98,1,1
24702,94,86,8,8
24703,129,128,1,1
24704,134,112,22,22
24705,58,68,-10,10
24706,131,114,17,17
24707,100,88,12,12
24708,97,90,7,7
24709,75,68,7,7
24710,133,125,8,8
24711,87,83,4,4
24712,76,75,1,1
24713,55,53,2,2
24714,167,160,7,7
24715,108,109,-1,1
24716,64,67,-3,3
24717,56,66,-10,10
24718,49,70,-21,21
24719,55,52,3,3
24720,80,99,-19,19
24721,55,56,-1,1
24722,169,154,15,15
24723,156,148,8,8
24724,102,91,11,11
24725,94,90,4,4
24726,92,89,3,3
24727,116,125,-9,9
24728,120,120,0,0
24729,107,101,6,6
24730,113,105,8,8
24731,75,76,-1,1
24732,67,60,7,7
24733,98,86,12,12
24734,193,166,27,27
24735,165,155,10,10
24736,92,80,12,12
24737,53,51,2,2
24738,82,93,-11,11
24739,113,117,-4,4
24740,89,96,-7,7
24741,93,85,8,8
24742,94,92,2,2
24743,87,81,6,6
24744,145,119,26,26
24745,142,129,13,13
24746,115,107,8,8
24747,82,86,-4,4
24748,87,93,-6,6
24749,74,71,3,3
24750,61,73,-12,12
24751,125,114,11,11
24752,74,74,0,0
24753,129,119,10,10
24754,88,83,5,5
24755,93,93,0,0
24756,83,81,2,2
24757,123,110,13,13
24758,103,95,8,8
24759,136,132,4,4
24760,88,81,7,7
24761,94,90,4,4
24762,71,77,-6,6
24763,80,83,-3,3
24764,73,71,2,2
24765,90,81,9,9
24766,81,80,1,1
24767,85,87,-2,2
24768,48,57,-9,9
24769,122,128,-6,6
24770,120,116,4,4
24771,100,101,-1,1
24772,123,109,14,14
24773,154,133,21,21
24774,49,55,-6,6
24775,110,95,15,15
24776,90,91,-1,1
24777,103,99,4,4
24778,69,75,-6,6
24779,113,105,8,8
24780,102,97,5,5
24781,80,105,-25,25
24782,45,50,-5,5
24783,154,141,13,13
24784,116,104,12,12
24785,125,114,11,11
24786,182,157,25,25
24787,68,66,2,2
24788,82,70,12,12
24789,78,76,2,2
24790,60,75,-15,15
24791,119,106,13,13
24792,76,75,1,1
24793,102,97,5,5
24794,94,106,-12,12
24795,76,81,-5,5
24796,52,52,0,0
24797,82,68,14,14
24798,117,114,3,3
24799,110,101,9,9
24800,165,149,16,16
24801,79,74,5,5
24802,132,122,10,10
24803,118,108,10,10
24804,95,89,6,6
24805,74,75,-1,1
24806,52,71,-19,19
24807,104,105,-1,1
24808,103,124,-21,21
24809,119,111,8,8
24810,99,98,1,1
24811,141,128,13,13
24812,62,59,3,3
24813,95,95,0,0
24814,115,108,7,7
24815,97,106,-9,9
24816,46,66,-20,20
24817,122,127,-5,5
24818,121,118,3,3
24819,102,104,-2,2
24820,148,135,13,13
24821,71,66,5,5
24822,114,101,13,13
24823,126,116,10,10
24824,84,79,5,5
24825,83,80,3,3
24826,101,85,16,16
24827,98,96,2,2
24828,121,109,12,12
24829,84,93,-9,9
24830,56,68,-12,12
24831,90,77,13,13
24832,85,81,4,4
24833,87,80,7,7
24834,113,115,-2,2
24835,140,135,5,5
24836,116,113,3,3
24837,120,124,-4,4
24838,82,75,7,7
24839,150,128,22,22
24840,89,88,1,1
24841,72,70,2,2
24842,106,106,0,0
24843,66,73,-7,7
24844,67,71,-4,4
24845,78,73,5,5
24846,118,110,8,8
24847,83,93,-10,10
24848,133,133,0,0
24849,127,121,6,6
24850,178,158,20,20
24851,70,69,1,1
24852,50,55,-5,5
24853,121,108,13,13
24854,127,118,9,9
24855,62,54,8,8
24856,74,75,-1,1
24857,79,79,0,0
24858,95,87,8,8
24859,103,101,2,2
24860,113,101,12,12
24861,58,78,-20,20
24862,162,120,42,42
24863,43,46,-3,3
24864,73,68,5,5
24865,60,67,-7,7
24866,134,121,13,13
24867,66,68,-2,2
24868,42,59,-17,17
24869,89,84,5,5
24870,82,68,14,14
24871,133,125,8,8
24872,28,41,-13,13
24873,120,100,20,20
24874,60,58,2,2
24875,59,65,-6,6
24876,54,55,-1,1
24877,81,85,-4,4
24878,102,97,5,5
24879,47,52,-5,5
24880,90,74,16,16
24881,123,107,16,16
24882,83,81,2,2
24883,92,102,-10,10
24884,105,100,5,5
24885,108,92,16,16
24886,114,118,-4,4
24887,57,65,-8,8
24888,67,66,1,1
24889,85,87,-2,2
24890,68,74,-6,6
24891,55,51,4,4
24892,93,88,5,5
24893,61,65,-4,4
24894,61,56,5,5
24895,87,86,1,1
24896,85,80,5,5
24897,88,85,3,3
24898,57,56,1,1
24899,65,67,-2,2
24900,58,65,-7,7
24901,118,110,8,8
24902,94,91,3,3
24903,164,154,10,10
24904,74,76,-2,2
24905,106,146,-40,40
24906,97,109,-12,12
24907,117,111,6,6
24908,123,116,7,7
24909,72,80,-8,8
24910,73,68,5,5
24911,105,140,-35,35
24912,53,58,-5,5
24913,63,67,-4,4
24914,85,81,4,4
24915,136,140,-4,4
24916,113,100,13,13
24917,92,100,-8,8
24918,97,97,0,0
24919,95,104,-9,9
24920,106,101,5,5
24921,167,159,8,8
24922,121,127,-6,6
24923,42,47,-5,5
24924,80,84,-4,4
24925,48,66,-18,18
24926,116,110,6,6
24927,117,111,6,6
24928,67,71,-4,4
24929,69,69,0,0
24930,114,99,15,15
24931,134,120,14,14
24932,91,88,3,3
24933,88,83,5,5
24934,130,126,4,4
24935,187,175,12,12
24936,99,99,0,0
24937,95,102,-7,7
24938,151,143,8,8
24939,97,95,2,2
24940,66,66,0,0
24941,39,45,-6,6
24942,114,113,1,1
24943,124,110,14,14
24944,109,107,2,2
24945,92,106,-14,14
24946,50,53,-3,3
24947,139,126,13,13
24948,116,116,0,0
24949,79,77,2,2
24950,69,84,-15,15
24951,95,94,1,1
24952,112,113,-1,1
24953,57,65,-8,8
24954,57,60,-3,3
24955,112,119,-7,7
24956,77,78,-1,1
24957,79,83,-4,4
24958,115,108,7,7
24959,52,62,-10,10
24960,121,101,20,20
24961,93,93,0,0
24962,51,48,3,3
24963,71,76,-5,5
24964,126,125,1,1
24965,149,133,16,16
24966,91,106,-15,15
24967,142,134,8,8
24968,55,67,-12,12
24969,110,109,1,1
24970,197,192,5,5
24971,85,80,5,5
24972,115,109,6,6
24973,111,98,13,13
24974,136,119,17,17
24975,57,61,-4,4
24976,100,88,12,12
24977,121,104,17,17
24978,105,96,9,9
24979,145,147,-2,2
24980,93,89,4,4
24981,104,103,1,1
24982,104,92,12,12
24983,89,80,9,9
24984,82,79,3,3
24985,137,119,18,18
24986,112,99,13,13
24987,99,93,6,6
24988,94,93,1,1
24989,140,128,12,12
24990,75,82,-7,7
24991,114,110,4,4
24992,71,67,4,4
24993,155,128,27,27
24994,71,71,0,0
24995,61,58,3,3
24996,84,93,-9,9
24997,75,69,6,6
24998,128,133,-5,5
24999,247,233,14,14
25000,101,105,-4,4
25001,113,98,15,15
25002,116,108,8,8
25003,112,104,8,8
25004,83,86,-3,3
25005,52,60,-8,8
25006,73,58,15,15
25007,43,54,-11,11
25008,96,97,-1,1
25009,49,60,-11,11
25010,57,65,-8,8
25011,104,120,-16,16
25012,86,89,-3,3
25013,66,67,-1,1
25014,69,81,-12,12
25015,92,97,-5,5
25016,120,116,4,4
25017,124,121,3,3
25018,109,96,13,13
25019,90,99,-9,9
25020,88,82,6,6
25021,60,60,0,0
25022,100,106,-6,6
25023,171,197,-26,26
25024,55,57,-2,2
25025,143,136,7,7
25026,104,101,3,3
25027,120,114,6,6
25028,132,123,9,9
25029,142,141,1,1
25030,68,69,-1,1
25031,74,72,2,2
25032,107,101,6,6
25033,82,76,6,6
25034,48,52,-4,4
25035,83,79,4,4
25036,66,69,-3,3
25037,90,90,0,0
25038,114,115,-1,1
25039,123,100,23,23
25040,140,123,17,17
25041,71,67,4,4
25042,112,104,8,8
25043,175,176,-1,1
25044,148,128,20,20
25045,87,84,3,3
25046,156,154,2,2
25047,44,48,-4,4
25048,105,101,4,4
25049,120,123,-3,3
25050,65,66,-1,1
25051,120,114,6,6
25052,69,67,2,2
25053,91,98,-7,7
25054,135,117,18,18
25055,133,131,2,2
25056,81,83,-2,2
25057,74,66,8,8
25058,144,140,4,4
25059,146,133,13,13
25060,95,80,15,15
25061,223,184,39,39
25062,126,107,19,19
25063,49,51,-2,2
25064,102,101,1,1
25065,116,106,10,10
25066,60,60,0,0
25067,154,144,10,10
25068,134,104,30,30
25069,100,99,1,1
25070,76,67,9,9
25071,74,72,2,2
25072,77,68,9,9
25073,88,89,-1,1
25074,76,85,-9,9
25075,81,79,2,2
25076,165,154,11,11
25077,108,105,3,3
25078,53,32,21,21
25079,59,63,-4,4
25080,85,102,-17,17
25081,98,91,7,7
25082,58,61,-3,3
25083,105,102,3,3
25084,148,134,14,14
25085,159,133,26,26
25086,163,162,1,1
25087,102,93,9,9
25088,71,99,-28,28
25089,156,141,15,15
25090,97,89,8,8
25091,97,91,6,6
25092,72,71,1,1
25093,83,105,-22,22
25094,81,69,12,12
25095,103,96,7,7
25096,95,93,2,2
25097,82,93,-11,11
25098,121,110,11,11
25099,78,80,-2,2
25100,98,92,6,6
25101,145,142,3,3
25102,122,115,7,7
25103,123,108,15,15
25104,76,70,6,6
25105,195,172,23,23
25106,48,46,2,2
25107,59,71,-12,12
25108,73,75,-2,2
25109,73,75,-2,2
25110,63,56,7,7
25111,178,150,28,28
25112,69,67,2,2
25113,96,96,0,0
25114,67,70,-3,3
25115,46,50,-4,4
25116,88,90,-2,2
25117,47,53,-6,6
25118,45,46,-1,1
25119,47,45,2,2
25120,123,111,12,12
25121,124,117,7,7
25122,167,149,18,18
25123,136,124,12,12
25124,72,79,-7,7
25125,109,101,8,8
25126,74,73,1,1
25127,80,76,4,4
25128,126,121,5,5
25129,119,105,14,14
25130,60,64,-4,4
25131,98,94,4,4
25132,128,111,17,17
25133,96,92,4,4
25134,109,106,3,3
25135,135,127,8,8
25136,86,79,7,7
25137,125,122,3,3
25138,71,77,-6,6
25139,137,131,6,6
25140,86,91,-5,5
25141,150,148,2,2
25142,83,93,-10,10
25143,57,57,0,0
25144,87,84,3,3
25145,58,71,-13,13
25146,74,82,-8,8
25147,168,140,28,28
25148,145,129,16,16
25149,65,66,-1,1
25150,76,78,-2,2
25151,114,108,6,6
25152,151,148,3,3
25153,146,154,-8,8
25154,65,67,-2,2
25155,77,88,-11,11
25156,165,144,21,21
25157,89,107,-18,18
25158,107,100,7,7
25159,96,110,-14,14
25160,115,111,4,4
25161,74,70,4,4
25162,160,152,8,8
25163,82,84,-2,2
25164,80,76,4,4
25165,94,97,-3,3
25166,97,96,1,1
25167,48,66,-18,18
25168,79,69,10,10
25169,16,40,-24,24
25170,100,97,3,3
25171,51,70,-19,19
25172,86,83,3,3
25173,108,111,-3,3
25174,46,46,0,0
25175,55,57,-2,2
25176,112,119,-7,7
25177,84,83,1,1
25178,100,94,6,6
25179,150,134,16,16
25180,138,125,13,13
25181,92,88,4,4
25182,66,68,-2,2
25183,103,99,4,4
25184,96,91,5,5
25185,148,143,5,5
25186,81,82,-1,1
25187,45,70,-25,25
25188,126,121,5,5
25189,168,157,11,11
25190,76,77,-1,1
25191,134,138,-4,4
25192,83,84,-1,1
25193,118,107,11,11
25194,117,103,14,14
25195,100,103,-3,3
25196,96,97,-1,1
25197,122,114,8,8
25198,76,84,-8,8
25199,96,104,-8,8
25200,103,93,10,10
25201,70,73,-3,3
25202,209,179,30,30
25203,75,73,2,2
25204,54,73,-19,19
25205,111,109,2,2
25206,70,66,4,4
25207,100,102,-2,2
25208,108,95,13,13
25209,56,66,-10,10
25210,172,175,-3,3
25211,67,70,-3,3
25212,118,100,18,18
25213,47,51,-4,4
25214,69,68,1,1
25215,85,89,-4,4
25216,63,56,7,7
25217,267,212,55,55
25218,101,94,7,7
25219,126,113,13,13
25220,99,99,0,0
25221,124,126,-2,2
25222,145,128,17,17
25223,83,77,6,6
25224,96,85,11,11
25225,149,158,-9,9
25226,65,67,-2,2
25227,83,76,7,7
25228,51,50,1,1
25229,73,86,-13,13
25230,164,143,21,21
25231,76,82,-6,6
25232,86,84,2,2
25233,128,111,17,17
25234,126,107,19,19
25235,75,71,4,4
25236,85,86,-1,1
25237,59,57,2,2
25238,80,71,9,9
25239,115,107,8,8
25240,96,90,6,6
25241,57,63,-6,6
25242,78,76,2,2
25243,92,83,9,9
25244,114,107,7,7
25245,97,89,8,8
25246,67,68,-1,1
25247,68,94,-26,26
25248,88,87,1,1
25249,58,65,-7,7
25250,86,93,-7,7
25251,81,78,3,3
25252,80,79,1,1
25253,107,109,-2,2
25254,65,67,-2,2
25255,77,75,2,2
25256,30,41,-11,11
25257,81,85,-4,4
25258,91,99,-8,8
25259,62,72,-10,10
25260,78,87,-9,9
25261,103,97,6,6
25262,113,105,8,8
25263,121,109,12,12
25264,75,75,0,0
25265,113,108,5,5
25266,52,60,-8,8
25267,93,98,-5,5
25268,51,64,-13,13
25269,128,110,18,18
25270,86,77,9,9
25271,107,100,7,7
25272,105,101,4,4
25273,195,188,7,7
25274,64,63,1,1
25275,56,70,-14,14
25276,38,80,-42,42
25277,111,127,-16,16
25278,72,74,-2,2
25279,103,103,0,0
25280,93,86,7,7
25281,90,98,-8,8
25282,64,74,-10,10
25283,142,127,15,15
25284,96,109,-13,13
25285,85,86,-1,1
25286,99,95,4,4
25287,52,55,-3,3
25288,117,131,-14,14
25289,76,77,-1,1
25290,80,93,-13,13
25291,99,87,12,12
25292,103,94,9,9
25293,60,66,-6,6
25294,96,97,-1,1
25295,112,107,5,5
25296,77,71,6,6
25297,126,109,17,17
25298,125,122,3,3
25299,132,132,0,0
25300,79,82,-3,3
25301,106,105,1,1
25302,35,45,-10,10
25303,85,81,4,4
25304,63,58,5,5
25305,65,74,-9,9
25306,23,51,-28,28
25307,73,75,-2,2
25308,103,105,-2,2
25309,79,79,0,0
25310,81,82,-1,1
25311,54,51,3,3
25312,77,76,1,1
25313,90,86,4,4
25314,92,91,1,1
25315,54,62,-8,8
25316,101,104,-3,3
25317,102,93,9,9
25318,77,82,-5,5
25319,113,120,-7,7
25320,166,150,16,16
25321,74,78,-4,4
25322,116,113,3,3
25323,127,130,-3,3
25324,89,85,4,4
25325,101,100,1,1
25326,103,102,1,1
25327,127,120,7,7
25328,83,76,7,7
25329,123,121,2,2
25330,118,119,-1,1
25331,160,150,10,10
25332,79,79,0,0
25333,76,70,6,6
25334,51,48,3,3
25335,110,111,-1,1
25336,112,125,-13,13
25337,73,69,4,4
25338,90,84,6,6
25339,87,84,3,3
25340,97,94,3,3
25341,51,54,-3,3
25342,175,162,13,13
25343,51,58,-7,7
25344,96,93,3,3
25345,96,79,17,17
25346,87,92,-5,5
25347,98,90,8,8
25348,195,169,26,26
25349,74,70,4,4
25350,111,99,12,12
25351,62,61,1,1
25352,62,71,-9,9
25353,50,53,-3,3
25354,77,75,2,2
25355,68,56,12,12
25356,72,76,-4,4
25357,82,72,10,10
25358,69,70,-1,1
25359,133,132,1,1
25360,57,59,-2,2
25361,87,100,-13,13
25362,86,80,6,6
25363,53,82,-29,29
25364,111,135,-24,24
25365,85,93,-8,8
25366,68,71,-3,3
25367,82,91,-9,9
25368,125,111,14,14
25369,127,112,15,15
25370,46,83,-37,37
25371,125,125,0,0
25372,133,122,11,11
25373,84,87,-3,3
25374,70,67,3,3
25375,130,112,18,18
25376,86,86,0,0
25377,161,150,11,11
25378,100,118,-18,18
25379,107,104,3,3
25380,89,93,-4,4
25381,62,50,12,12
25382,75,77,-2,2
25383,82,81,1,1
25384,104,105,-1,1
25385,83,90,-7,7
25386,109,95,14,14
25387,57,49,8,8
25388,125,119,6,6
25389,87,77,10,10
25390,201,160,41,41
25391,75,75,0,0
25392,80,80,0,0
25393,143,152,-9,9
25394,120,115,5,5
25395,146,140,6,6
25396,70,67,3,3
25397,93,92,1,1
25398,110,107,3,3
25399,43,49,-6,6
25400,97,89,8,8
25401,70,62,8,8
25402,85,81,4,4
25403,91,99,-8,8
25404,85,90,-5,5
25405,120,111,9,9
25406,70,74,-4,4
25407,61,72,-11,11
25408,67,68,-1,1
25409,156,145,11,11
25410,45,45,0,0
25411,121,123,-2,2
25412,93,103,-10,10
25413,111,116,-5,5
25414,72,78,-6,6
25415,44,50,-6,6
25416,140,142,-2,2
25417,52,56,-4,4
25418,70,73,-3,3
25419,117,113,4,4
25420,60,65,-5,5
25421,73,83,-10,10
25422,107,100,7,7
25423,90,102,-12,12
25424,59,70,-11,11
25425,102,103,-1,1
25426,73,76,-3,3
25427,86,90,-4,4
25428,58,63,-5,5
25429,66,66,0,0
25430,62,94,-32,32
25431,130,121,9,9
25432,121,105,16,16
25433,114,103,11,11
25434,128,124,4,4
25435,106,105,1,1
25436,94,85,9,9
25437,139,132,7,7
25438,57,55,2,2
25439,62,75,-13,13
25440,59,68,-9,9
25441,134,117,17,17
25442,88,83,5,5
25443,67,72,-5,5
25444,91,88,3,3
25445,79,72,7,7
25446,99,95,4,4
25447,135,140,-5,5
25448,118,116,2,2
25449,97,92,5,5
25450,96,86,10,10
25451,81,80,1,1
25452,93,95,-2,2
25453,108,110,-2,2
25454,69,67,2,2
25455,106,105,1,1
25456,80,82,-2,2
25457,108,104,4,4
25458,95,86,9,9
25459,41,45,-4,4
25460,97,89,8,8
25461,161,130,31,31
25462,96,94,2,2
25463,86,94,-8,8
25464,123,109,14,14
25465,84,78,6,6
25466,81,84,-3,3
25467,99,98,1,1
25468,108,97,11,11
25469,57,67,-10,10
25470,82,86,-4,4
25471,117,140,-23,23
25472,78,83,-5,5
25473,206,191,15,15
25474,70,72,-2,2
25475,66,70,-4,4
25476,132,115,17,17
25477,73,70,3,3
25478,53,63,-10,10
25479,47,58,-11,11
25480,73,79,-6,6
25481,72,75,-3,3
25482,96,86,10,10
25483,182,172,10,10
25484,80,74,6,6
25485,98,88,10,10
25486,103,101,2,2
25487,182,171,11,11
25488,136,143,-7,7
25489,101,103,-2,2
25490,81,73,8,8
25491,161,142,19,19
25492,83,88,-5,5
25493,57,67,-10,10
25494,119,107,12,12
25495,103,96,7,7
25496,143,127,16,16
25497,61,96,-35,35
25498,117,106,11,11
25499,113,107,6,6
25500,94,95,-1,1
25501,70,76,-6,6
25502,116,116,0,0
25503,102,90,12,12
25504,154,140,14,14
25505,91,83,8,8
25506,105,112,-7,7
25507,114,118,-4,4
25508,160,155,5,5
25509,94,90,4,4
25510,151,131,20,20
25511,170,156,14,14
25512,76,71,5,5
25513,74,72,2,2
25514,101,99,2,2
25515,62,57,5,5
25516,84,85,-1,1
25517,109,109,0,0
25518,106,101,5,5
25519,119,105,14,14
25520,89,93,-4,4
25521,53,53,0,0
25522,37,41,-4,4
25523,97,92,5,5
25524,91,86,5,5
25525,94,87,7,7
25526,111,95,16,16
25527,203,197,6,6
25528,71,68,3,3
25529,63,65,-2,2
25530,55,60,-5,5
25531,87,80,7,7
25532,125,134,-9,9
25533,101,101,0,0
25534,98,86,12,12
25535,116,120,-4,4
25536,79,81,-2,2
25537,206,192,14,14
25538,102,116,-14,14
25539,153,140,13,13
25540,86,90,-4,4
25541,60,61,-1,1
25542,95,103,-8,8
25543,156,144,12,12
25544,90,81,9,9
25545,131,120,11,11
25546,107,99,8,8
25547,56,62,-6,6
25548,96,96,0,0
25549,67,78,-11,11
25550,66,68,-2,2
25551,116,114,2,2
25552,97,98,-1,1
25553,132,120,12,12
25554,87,91,-4,4
25555,94,96,-2,2
25556,50,53,-3,3
25557,104,92,12,12
25558,179,179,0,0
25559,121,100,21,21
25560,54,63,-9,9
25561,86,76,10,10
25562,29,35,-6,6
25563,109,102,7,7
25564,81,90,-9,9
25565,75,84,-9,9
25566,179,160,19,19
25567,59,56,3,3
25568,122,109,13,13
25569,209,181,28,28
25570,53,55,-2,2
25571,79,68,11,11
25572,97,94,3,3
25573,99,101,-2,2
25574,50,49,1,1
25575,81,86,-5,5
25576,77,75,2,2
25577,179,160,19,19
25578,100,100,0,0
25579,57,66,-9,9
25580,88,89,-1,1
25581,47,54,-7,7
25582,92,91,1,1
25583,94,83,11,11
25584,49,73,-24,24
25585,155,132,23,23
25586,93,94,-1,1
25587,160,140,20,20
25588,34,43,-9,9
25589,109,99,10,10
25590,112,104,8,8
25591,65,64,1,1
25592,76,68,8,8
25593,82,87,-5,5
25594,97,80,17,17
25595,72,76,-4,4
25596,95,100,-5,5
25597,59,69,-10,10
25598,52,54,-2,2
25599,81,71,10,10
25600,87,81,6,6
25601,129,115,14,14
25602,57,83,-26,26
25603,54,59,-5,5
25604,122,102,20,20
25605,90,91,-1,1
25606,136,125,11,11
25607,55,62,-7,7
25608,69,75,-6,6
25609,118,106,12,12
25610,103,101,2,2
25611,70,72,-2,2
25612,43,51,-8,8
25613,66,74,-8,8
25614,140,136,4,4
25615,89,93,-4,4
25616,147,116,31,31
25617,112,106,6,6
25618,78,68,10,10
25619,40,48,-8,8
25620,55,58,-3,3
25621,77,78,-1,1
25622,80,90,-10,10
25623,71,72,-1,1
25624,82,82,0,0
25625,82,83,-1,1
25626,93,100,-7,7
25627,68,65,3,3
25628,96,84,12,12
25629,116,107,9,9
25630,53,73,-20,20
25631,87,78,9,9
25632,116,114,2,2
25633,102,95,7,7
25634,89,84,5,5
25635,121,111,10,10
25636,92,85,7,7
25637,29,51,-22,22
25638,98,85,13,13
25639,70,61,9,9
25640,127,116,11,11
25641,208,190,18,18
25642,85,80,5,5
25643,84,90,-6,6
25644,92,91,1,1
25645,118,129,-11,11
25646,66,70,-4,4
25647,79,81,-2,2
25648,167,146,21,21
25649,174,163,11,11
25650,92,88,4,4
25651,90,97,-7,7
25652,103,95,8,8
25653,85,83,2,2
25654,43,49,-6,6
25655,144,139,5,5
25656,66,65,1,1
25657,33,50,-17,17
25658,50,63,-13,13
25659,68,66,2,2
25660,152,158,-6,6
25661,102,93,9,9
25662,45,46,-1,1
25663,67,68,-1,1
25664,59,64,-5,5
25665,92,98,-6,6
25666,138,131,7,7
25667,152,140,12,12
25668,79,75,4,4
25669,122,118,4,4
25670,122,114,8,8
25671,59,66,-7,7
25672,164,142,22,22
25673,93,139,-46,46
25674,86,92,-6,6
25675,133,121,12,12
25676,95,104,-9,9
25677,86,93,-7,7
25678,76,73,3,3
25679,152,142,10,10
25680,99,86,13,13
25681,62,61,1,1
25682,92,95,-3,3
25683,105,97,8,8
25684,95,87,8,8
25685,103,82,21,21
25686,64,71,-7,7
25687,113,121,-8,8
25688,139,137,2,2
25689,116,105,11,11
25690,109,117,-8,8
25691,110,108,2,2
25692,102,98,4,4
25693,108,113,-5,5
25694,83,72,11,11
25695,151,141,10,10
25696,84,86,-2,2
25697,109,98,11,11
25698,136,126,10,10
25699,109,102,7,7
25700,136,112,24,24
25701,109,103,6,6
25702,68,76,-8,8
25703,76,71,5,5
25704,81,78,3,3
25705,102,97,5,5
25706,139,130,9,9
25707,86,86,0,0
25708,105,98,7,7
25709,58,67,-9,9
25710,35,48,-13,13
25711,49,60,-11,11
25712,82,81,1,1
25713,70,79,-9,9
25714,79,80,-1,1
25715,66,62,4,4
25716,122,117,5,5
25717,77,72,5,5
25718,120,111,9,9
25719,155,133,22,22
25720,123,122,1,1
25721,74,80,-6,6
25722,88,87,1,1
25723,143,136,7,7
25724,88,73,15,15
25725,57,65,-8,8
25726,130,119,11,11
25727,81,86,-5,5
25728,83,88,-5,5
25729,173,144,29,29
25730,66,67,-1,1
25731,91,91,0,0
25732,70,70,0,0
25733,73,59,14,14
25734,72,79,-7,7
25735,73,71,2,2
25736,109,116,-7,7
25737,106,68,38,38
25738,72,69,3,3
25739,80,84,-4,4
25740,188,165,23,23
25741,112,106,6,6
25742,116,108,8,8
25743,115,101,14,14
25744,97,94,3,3
25745,171,165,6,6
25746,96,96,0,0
25747,97,89,8,8
25748,60,63,-3,3
25749,119,102,17,17
25750,144,134,10,10
25751,64,64,0,0
25752,55,65,-10,10
25753,92,87,5,5
25754,92,86,6,6
25755,133,132,1,1
25756,62,64,-2,2
25757,143,135,8,8
25758,92,94,-2,2
25759,95,114,-19,19
25760,43,45,-2,2
25761,110,106,4,4
25762,94,83,11,11
25763,68,68,0,0
25764,81,82,-1,1
25765,150,129,21,21
25766,129,120,9,9
25767,133,117,16,16
25768,105,100,5,5
25769,66,85,-19,19
25770,91,92,-1,1
25771,90,79,11,11
25772,117,94,23,23
25773,140,131,9,9
25774,165,157,8,8
25775,95,95,0,0
25776,85,79,6,6
25777,158,142,16,16
25778,138,140,-2,2
25779,96,96,0,0
25780,122,116,6,6
25781,65,63,2,2
25782,63,65,-2,2
25783,111,102,9,9
25784,80,94,-14,14
25785,79,84,-5,5
25786,100,88,12,12
25787,81,84,-3,3
25788,92,90,2,2
25789,75,91,-16,16
25790,82,86,-4,4
25791,79,86,-7,7
25792,57,68,-11,11
25793,148,117,31,31
25794,79,81,-2,2
25795,122,111,11,11
25796,82,85,-3,3
25797,61,59,2,2
25798,38,48,-10,10
25799,94,99,-5,5
25800,101,86,15,15
25801,89,82,7,7
25802,68,65,3,3
25803,47,60,-13,13
25804,90,86,4,4
25805,60,65,-5,5
25806,114,103,11,11
25807,80,87,-7,7
25808,127,108,19,19
25809,102,109,-7,7
25810,69,66,3,3
25811,53,69,-16,16
25812,59,65,-6,6
25813,95,98,-3,3
25814,64,64,0,0
25815,144,146,-2,2
25816,71,66,5,5
25817,100,104,-4,4
25818,116,116,0,0
25819,104,97,7,7
25820,177,174,3,3
25821,108,102,6,6
25822,132,119,13,13
25823,118,102,16,16
25824,135,144,-9,9
25825,115,108,7,7
25826,73,72,1,1
25827,133,119,14,14
25828,95,93,2,2
25829,80,77,3,3
25830,48,73,-25,25
25831,158,147,11,11
25832,73,75,-2,2
25833,94,88,6,6
25834,74,97,-23,23
25835,154,151,3,3
25836,127,125,2,2
25837,73,68,5,5
25838,89,84,5,5
25839,61,67,-6,6
25840,87,79,8,8
25841,65,80,-15,15
25842,81,87,-6,6
25843,99,96,3,3
25844,83,86,-3,3
25845,90,94,-4,4
25846,82,83,-1,1
25847,115,102,13,13
25848,137,135,2,2
25849,78,75,3,3
25850,94,83,11,11
25851,101,98,3,3
25852,96,93,3,3
25853,77,74,3,3
25854,112,99,13,13
25855,138,135,3,3
25856,98,93,5,5
25857,91,93,-2,2
25858,143,132,11,11
25859,153,146,7,7
25860,40,45,-5,5
25861,69,67,2,2
25862,67,67,0,0
25863,43,53,-10,10
25864,104,102,2,2
25865,117,107,10,10
25866,84,76,8,8
25867,84,87,-3,3
25868,74,67,7,7
25869,75,72,3,3
25870,147,148,-1,1
25871,94,95,-1,1
25872,92,87,5,5
25873,71,76,-5,5
25874,84,82,2,2
25875,78,100,-22,22
25876,83,81,2,2
25877,84,92,-8,8
25878,42,63,-21,21
25879,149,146,3,3
25880,95,99,-4,4
25881,132,117,15,15
25882,83,98,-15,15
25883,131,126,5,5
25884,62,68,-6,6
25885,87,90,-3,3
25886,91,81,10,10
25887,155,164,-9,9
25888,73,80,-7,7
25889,98,98,0,0
25890,72,67,5,5
25891,75,78,-3,3
25892,147,137,10,10
25893,54,63,-9,9
25894,128,118,10,10
25895,98,93,5,5
25896,111,107,4,4
25897,81,84,-3,3
25898,87,79,8,8
25899,28,68,-40,40
25900,123,118,5,5
25901,82,75,7,7
25902,82,73,9,9
25903,113,102,11,11
25904,121,131,-10,10
25905,124,118,6,6
25906,85,83,2,2
25907,82,84,-2,2
25908,107,108,-1,1
25909,113,110,3,3
25910,74,82,-8,8
25911,97,89,8,8
25912,56,66,-10,10
25913,89,88,1,1
25914,132,119,13,13
25915,134,126,8,8
25916,93,97,-4,4
25917,128,130,-2,2
25918,121,120,1,1
25919,132,133,-1,1
25920,114,111,3,3
25921,93,91,2,2
25922,132,124,8,8
25923,139,116,23,23
25924,59,65,-6,6
25925,185,163,22,22
25926,47,58,-11,11
25927,68,73,-5,5
25928,122,127,-5,5
25929,130,133,-3,3
25930,98,99,-1,1
25931,42,46,-4,4
25932,125,122,3,3
25933,56,62,-6,6
25934,129,123,6,6
25935,60,80,-20,20
25936,51,57,-6,6
25937,78,77,1,1
25938,62,68,-6,6
25939,80,95,-15,15
25940,39,48,-9,9
25941,120,118,2,2
25942,100,91,9,9
25943,112,114,-2,2
25944,85,81,4,4
25945,118,108,10,10
25946,124,127,-3,3
25947,56,60,-4,4
25948,97,98,-1,1
25949,83,93,-10,10
25950,91,90,1,1
25951,68,70,-2,2
25952,108,111,-3,3
25953,87,88,-1,1
25954,57,60,-3,3
25955,70,66,4,4
25956,87,88,-1,1
25957,111,100,11,11
25958,79,85,-6,6
25959,117,104,13,13
25960,95,95,0,0
25961,139,126,13,13
25962,52,48,4,4
25963,47,102,-55,55
25964,104,102,2,2
25965,89,81,8,8
25966,86,93,-7,7
25967,90,83,7,7
25968,113,105,8,8
25969,89,90,-1,1
25970,94,95,-1,1
25971,134,127,7,7
25972,63,65,-2,2
25973,102,95,7,7
25974,146,129,17,17
25975,140,137,3,3
25976,73,76,-3,3
25977,127,115,12,12
25978,47,57,-10,10
25979,90,103,-13,13
25980,77,76,1,1
25981,136,123,13,13
25982,121,117,4,4
25983,82,77,5,5
25984,114,119,-5,5
25985,114,104,10,10
25986,80,77,3,3
25987,82,78,4,4
25988,79,76,3,3
25989,107,108,-1,1
25990,113,94,19,19
25991,114,106,8,8
25992,52,63,-11,11
25993,67,69,-2,2
25994,74,79,-5,5
25995,113,108,5,5
25996,77,74,3,3
25997,125,127,-2,2
25998,60,59,1,1
25999,78,81,-3,3
26000,94,92,2,2
26001,102,95,7,7
26002,115,107,8,8
26003,114,106,8,8
26004,115,118,-3,3
26005,109,100,9,9
26006,107,112,-5,5
26007,80,78,2,2
26008,111,101,10,10
26009,36,56,-20,20
26010,78,76,2,2
26011,87,83,4,4
26012,74,73,1,1
26013,70,77,-7,7
26014,64,65,-1,1
26015,51,51,0,0
26016,97,98,-1,1
26017,106,102,4,4
26018,150,141,9,9
26019,105,96,9,9
26020,80,84,-4,4
26021,81,81,0,0
26022,78,81,-3,3
26023,103,104,-1,1
26024,68,71,-3,3
26025,69,72,-3,3
26026,100,113,-13,13
26027,100,84,16,16
26028,171,154,17,17
26029,102,94,8,8
26030,98,85,13,13
26031,81,90,-9,9
26032,86,80,6,6
26033,47,53,-6,6
26034,83,87,-4,4
26035,139,138,1,1
26036,71,78,-7,7
26037,142,135,7,7
26038,65,63,2,2
26039,68,66,2,2
26040,63,68,-5,5
26041,105,90,15,15
26042,53,59,-6,6
26043,126,116,10,10
26044,137,133,4,4
26045,64,62,2,2
26046,126,133,-7,7
26047,117,105,12,12
26048,65,91,-26,26
26049,133,131,2,2
26050,64,57,7,7
26051,96,88,8,8
26052,92,92,0,0
26053,99,103,-4,4
26054,148,144,4,4
26055,54,54,0,0
26056,99,82,17,17
26057,89,93,-4,4
26058,63,65,-2,2
26059,90,89,1,1
26060,71,81,-10,10
26061,82,73,9,9
26062,89,84,5,5
26063,58,65,-7,7
26064,88,92,-4,4
26065,91,90,1,1
26066,29,41,-12,12
26067,63,78,-15,15
26068,73,74,-1,1
26069,68,64,4,4
26070,76,86,-10,10
26071,73,66,7,7
26072,152,137,15,15
26073,113,94,19,19
26074,57,51,6,6
26075,81,76,5,5
26076,102,109,-7,7
26077,87,106,-19,19
26078,106,104,2,2
26079,83,87,-4,4
26080,164,149,15,15
26081,122,102,20,20
26082,68,76,-8,8
26083,79,74,5,5
26084,57,58,-1,1
26085,116,119,-3,3
26086,57,57,0,0
26087,105,89,16,16
26088,95,84,11,11
26089,164,159,5,5
26090,159,157,2,2
26091,92,79,13,13
26092,100,109,-9,9
26093,64,57,7,7
26094,121,154,-33,33
26095,157,140,17,17
26096,116,108,8,8
26097,46,53,-7,7
26098,106,96,10,10
26099,67,74,-7,7
26100,83,85,-2,2
26101,66,64,2,2
26102,105,107,-2,2
26103,166,162,4,4
26104,109,94,15,15
26105,75,75,0,0
26106,86,82,4,4
26107,91,85,6,6
26108,76,75,1,1
26109,149,156,-7,7
26110,102,91,11,11
26111,76,79,-3,3
26112,64,59,5,5
26113,108,101,7,7
26114,99,94,5,5
26115,104,102,2,2
26116,136,136,0,0
26117,72,84,-12,12
26118,92,80,12,12
26119,70,71,-1,1
26120,69,69,0,0
26121,154,141,13,13
26122,129,119,10,10
26123,102,95,7,7
26124,107,100,7,7
26125,107,105,2,2
26126,75,65,10,10
26127,108,103,5,5
26128,96,88,8,8
26129,80,84,-4,4
26130,73,77,-4,4
26131,129,122,7,7
26132,57,57,0,0
26133,92,89,3,3
26134,70,77,-7,7
26135,61,70,-9,9
26136,52,69,-17,17
26137,145,134,11,11
26138,74,79,-5,5
26139,75,70,5,5
26140,134,129,5,5
26141,105,108,-3,3
26142,108,95,13,13
26143,98,98,0,0
26144,96,86,10,10
26145,135,127,8,8
26146,103,101,2,2
26147,84,80,4,4
26148,132,118,14,14
26149,114,93,21,21
26150,87,77,10,10
26151,55,61,-6,6
26152,65,57,8,8
26153,48,55,-7,7
26154,64,65,-1,1
26155,113,96,17,17
26156,137,123,14,14
26157,124,119,5,5
26158,47,50,-3,3
26159,103,95,8,8
26160,136,127,9,9
26161,80,81,-1,1
26162,65,89,-24,24
26163,117,103,14,14
26164,113,112,1,1
26165,71,68,3,3
26166,132,138,-6,6
26167,102,84,18,18
26168,191,176,15,15
26169,127,111,16,16
26170,102,98,4,4
26171,104,96,8,8
26172,113,111,2,2
26173,74,88,-14,14
26174,143,135,8,8
26175,73,65,8,8
26176,143,135,8,8
26177,120,108,12,12
26178,95,94,1,1
26179,84,86,-2,2
26180,146,138,8,8
26181,70,69,1,1
26182,125,104,21,21
26183,79,79,0,0
26184,77,84,-7,7
26185,69,65,4,4
26186,100,97,3,3
26187,190,168,22,22
26188,90,92,-2,2
26189,67,81,-14,14
26190,179,169,10,10
26191,68,77,-9,9
26192,79,90,-11,11
26193,149,128,21,21
26194,87,73,14,14
26195,58,83,-25,25
26196,176,178,-2,2
26197,67,66,1,1
26198,76,78,-2,2
26199,127,120,7,7
26200,73,68,5,5
26201,68,69,-1,1
26202,70,69,1,1
26203,101,90,11,11
26204,122,127,-5,5
26205,95,91,4,4
26206,90,88,2,2
26207,85,91,-6,6
26208,138,128,10,10
26209,115,113,2,2
26210,122,111,11,11
26211,59,60,-1,1
26212,51,55,-4,4
26213,106,98,8,8
26214,110,107,3,3
26215,111,109,2,2
26216,62,82,-20,20
26217,93,81,12,12
26218,46,50,-4,4
26219,107,106,1,1
26220,144,124,20,20
26221,92,79,13,13
26222,92,91,1,1
26223,95,103,-8,8
26224,154,144,10,10
26225,54,52,2,2
26226,102,99,3,3
26227,61,68,-7,7
26228,109,113,-4,4
26229,155,124,31,31
26230,83,72,11,11
26231,79,78,1,1
26232,102,97,5,5
26233,133,112,21,21
26234,134,137,-3,3
26235,81,77,4,4
26236,151,139,12,12
26237,46,51,-5,5
26238,97,90,7,7
26239,62,57,5,5
26240,114,109,5,5
26241,83,85,-2,2
26242,114,103,11,11
26243,87,93,-6,6
26244,110,97,13,13
26245,232,220,12,12
26246,35,46,-11,11
26247,96,94,2,2
26248,87,94,-7,7
26249,52,57,-5,5
26250,89,86,3,3
26251,84,75,9,9
26252,84,83,1,1
26253,151,145,6,6
26254,51,54,-3,3
26255,112,97,15,15
26256,189,174,15,15
26257,68,67,1,1
26258,77,74,3,3
26259,62,66,-4,4
26260,112,110,2,2
26261,95,93,2,2
26262,81,83,-2,2
26263,108,95,13,13
26264,96,91,5,5
26265,58,53,5,5
26266,84,81,3,3
26267,116,101,15,15
26268,97,96,1,1
26269,92,88,4,4
26270,101,104,-3,3
26271,56,54,2,2
26272,74,79,-5,5
26273,115,104,11,11
26274,74,80,-6,6
26275,58,56,2,2
26276,129,126,3,3
26277,91,89,2,2
26278,59,53,6,6
26279,52,54,-2,2
26280,73,73,0,0
26281,69,61,8,8
26282,119,93,26,26
26283,126,114,12,12
26284,114,89,25,25
26285,100,105,-5,5
26286,86,82,4,4
26287,116,128,-12,12
26288,72,68,4,4
26289,61,65,-4,4
26290,83,75,8,8
26291,94,94,0,0
26292,90,93,-3,3
26293,93,93,0,0
26294,31,40,-9,9
26295,163,148,15,15
26296,99,93,6,6
26297,46,52,-6,6
26298,55,56,-1,1
26299,75,81,-6,6
26300,72,77,-5,5
26301,107,94,13,13
26302,89,94,-5,5
26303,66,52,14,14
26304,67,70,-3,3
26305,145,141,4,4
26306,151,139,12,12
26307,153,131,22,22
26308,56,52,4,4
26309,97,97,0,0
26310,162,151,11,11
26311,90,87,3,3
26312,106,93,13,13
26313,27,40,-13,13
26314,93,82,11,11
26315,105,100,5,5
26316,123,130,-7,7
26317,61,70,-9,9
26318,64,59,5,5
26319,109,106,3,3
26320,153,143,10,10
26321,81,76,5,5
26322,167,143,24,24
26323,100,93,7,7
26324,40,52,-12,12
26325,84,90,-6,6
26326,126,122,4,4
26327,69,70,-1,1
26328,54,47,7,7
26329,41,47,-6,6
26330,86,91,-5,5
26331,71,65,6,6
26332,97,94,3,3
26333,131,127,4,4
26334,42,44,-2,2
26335,102,99,3,3
26336,83,84,-1,1
26337,187,168,19,19
26338,180,170,10,10
26339,73,78,-5,5
26340,108,128,-20,20
26341,57,65,-8,8
26342,121,112,9,9
26343,88,90,-2,2
26344,105,100,5,5
26345,80,89,-9,9
26346,86,93,-7,7
26347,124,115,9,9
26348,117,110,7,7
26349,112,103,9,9
26350,66,65,1,1
26351,94,97,-3,3
26352,107,105,2,2
26353,45,51,-6,6
26354,121,115,6,6
26355,82,75,7,7
26356,69,69,0,0
26357,160,140,20,20
26358,119,105,14,14
26359,58,61,-3,3
26360,100,97,3,3
26361,72,70,2,2
26362,67,69,-2,2
26363,66,69,-3,3
26364,119,111,8,8
26365,138,139,-1,1
26366,65,64,1,1
26367,105,109,-4,4
26368,36,50,-14,14
26369,69,72,-3,3
26370,78,74,4,4
26371,131,115,16,16
26372,109,114,-5,5
26373,75,69,6,6
26374,63,61,2,2
26375,53,66,-13,13
26376,105,106,-1,1
26377,64,71,-7,7
26378,70,76,-6,6
26379,26,41,-15,15
26380,181,163,18,18
26381,66,66,0,0
26382,130,137,-7,7
26383,122,117,5,5
26384,94,88,6,6
26385,124,119,5,5
26386,70,74,-4,4
26387,114,115,-1,1
26388,93,87,6,6
26389,106,109,-3,3
26390,96,93,3,3
26391,90,94,-4,4
26392,118,115,3,3
26393,63,86,-23,23
26394,79,87,-8,8
26395,43,52,-9,9
26396,112,111,1,1
26397,45,53,-8,8
26398,114,115,-1,1
26399,107,98,9,9
26400,83,80,3,3
26401,40,49,-9,9
26402,98,99,-1,1
26403,115,110,5,5
26404,92,99,-7,7
26405,131,133,-2,2
26406,106,87,19,19
26407,99,92,7,7
26408,67,69,-2,2
26409,171,158,13,13
26410,128,111,17,17
26411,88,83,5,5
26412,56,59,-3,3
26413,113,102,11,11
26414,62,48,14,14
26415,81,70,11,11
26416,83,84,-1,1
26417,113,98,15,15
26418,100,102,-2,2
26419,91,86,5,5
26420,79,86,-7,7
26421,156,140,16,16
26422,113,111,2,2
26423,67,80,-13,13
26424,129,117,12,12
26425,89,89,0,0
26426,66,67,-1,1
26427,102,106,-4,4
26428,131,127,4,4
26429,111,103,8,8
26430,47,50,-3,3
26431,37,47,-10,10
26432,92,90,2,2
26433,91,88,3,3
26434,101,96,5,5
26435,43,54,-11,11
26436,78,70,8,8
26437,102,101,1,1
26438,92,92,0,0
26439,96,100,-4,4
26440,109,106,3,3
26441,98,103,-5,5
26442,131,116,15,15
26443,104,109,-5,5
26444,96,119,-23,23
26445,98,95,3,3
26446,66,69,-3,3
26447,75,75,0,0
26448,70,70,0,0
26449,49,54,-5,5
26450,110,97,13,13
26451,128,110,18,18
26452,50,49,1,1
26453,85,84,1,1
26454,59,53,6,6
26455,41,58,-17,17
26456,71,69,2,2
26457,117,108,9,9
26458,91,92,-1,1
26459,64,65,-1,1
26460,118,119,-1,1
26461,43,48,-5,5
26462,134,125,9,9
26463,101,95,6,6
26464,109,93,16,16
26465,114,121,-7,7
26466,118,123,-5,5
26467,70,78,-8,8
26468,102,96,6,6
26469,157,154,3,3
26470,308,252,56,56
26471,104,113,-9,9
26472,106,94,12,12
26473,74,69,5,5
26474,148,134,14,14
26475,106,101,5,5
26476,74,72,2,2
26477,118,109,9,9
26478,114,112,2,2
26479,60,59,1,1
26480,135,116,19,19
26481,60,55,5,5
26482,62,67,-5,5
26483,120,119,1,1
26484,150,155,-5,5
26485,112,100,12,12
26486,87,85,2,2
26487,100,96,4,4
26488,52,61,-9,9
26489,82,84,-2,2
26490,136,134,2,2
26491,65,67,-2,2
26492,104,91,13,13
26493,134,121,13,13
26494,104,88,16,16
26495,119,116,3,3
26496,119,110,9,9
26497,60,71,-11,11
26498,155,146,9,9
26499,129,126,3,3
26500,46,51,-5,5
26501,58,57,1,1
26502,73,62,11,11
26503,114,98,16,16
26504,85,95,-10,10
26505,77,73,4,4
26506,89,84,5,5
26507,186,165,21,21
26508,74,74,0,0
26509,80,67,13,13
26510,108,106,2,2
26511,112,88,24,24
26512,38,43,-5,5
26513,61,53,8,8
26514,109,99,10,10
26515,46,44,2,2
26516,139,122,17,17
26517,85,86,-1,1
26518,97,88,9,9
26519,60,71,-11,11
26520,36,45,-9,9
26521,89,95,-6,6
26522,147,136,11,11
26523,94,79,15,15
26524,88,83,5,5
26525,120,108,12,12
26526,75,85,-10,10
26527,95,92,3,3
26528,90,83,7,7
26529,46,56,-10,10
26530,49,51,-2,2
26531,145,134,11,11
26532,93,82,11,11
26533,48,47,1,1
26534,93,92,1,1
26535,76,73,3,3
26536,51,55,-4,4
26537,102,92,10,10
26538,86,86,0,0
26539,88,79,9,9
26540,97,99,-2,2
26541,139,127,12,12
26542,163,150,13,13
26543,91,101,-10,10
26544,139,121,18,18
26545,56,66,-10,10
26546,56,71,-15,15
26547,84,80,4,4
26548,85,86,-1,1
26549,55,62,-7,7
26550,82,79,3,3
26551,90,86,4,4
26552,102,89,13,13
26553,46,54,-8,8
26554,151,144,7,7
26555,90,82,8,8
26556,78,106,-28,28
26557,70,62,8,8
26558,126,109,17,17
26559,114,108,6,6
26560,135,114,21,21
26561,209,185,24,24
26562,163,151,12,12
26563,62,64,-2,2
26564,79,90,-11,11
26565,90,85,5,5
26566,126,116,10,10
26567,161,139,22,22
26568,119,108,11,11
26569,65,78,-13,13
26570,75,109,-34,34
26571,94,83,11,11
26572,57,58,-1,1
26573,60,59,1,1
26574,62,59,3,3
26575,61,65,-4,4
26576,174,161,13,13
26577,65,70,-5,5
26578,122,121,1,1
26579,103,118,-15,15
26580,66,67,-1,1
26581,110,97,13,13
26582,59,66,-7,7
26583,120,104,16,16
26584,101,97,4,4
26585,94,89,5,5
26586,125,118,7,7
26587,76,72,4,4
26588,66,69,-3,3
26589,85,92,-7,7
26590,101,98,3,3
26591,79,79,0,0
26592,179,160,19,19
26593,73,78,-5,5
26594,97,100,-3,3
26595,40,61,-21,21
26596,75,72,3,3
26597,157,148,9,9
26598,77,79,-2,2
26599,108,111,-3,3
26600,129,117,12,12
26601,100,94,6,6
26602,76,93,-17,17
26603,40,45,-5,5
26604,72,75,-3,3
26605,81,76,5,5
26606,122,109,13,13
26607,77,69,8,8
26608,162,152,10,10
26609,52,51,1,1
26610,86,77,9,9
26611,61,53,8,8
26612,139,125,14,14
26613,122,112,10,10
26614,129,126,3,3
26615,64,63,1,1
26616,53,57,-4,4
26617,163,144,19,19
26618,76,86,-10,10
26619,47,52,-5,5
26620,57,63,-6,6
26621,142,128,14,14
26622,89,75,14,14
26623,100,101,-1,1
26624,126,131,-5,5
26625,149,133,16,16
26626,102,93,9,9
26627,51,60,-9,9
26628,131,106,25,25
26629,113,108,5,5
26630,128,116,12,12
26631,84,76,8,8
26632,88,87,1,1
26633,96,89,7,7
26634,131,110,21,21
26635,142,135,7,7
26636,139,127,12,12
26637,62,70,-8,8
26638,162,162,0,0
26639,100,96,4,4
26640,94,89,5,5
26641,118,105,13,13
26642,140,117,23,23
26643,105,99,6,6
26644,54,61,-7,7
26645,80,78,2,2
26646,54,53,1,1
26647,82,88,-6,6
26648,78,79,-1,1
26649,81,79,2,2
26650,55,53,2,2
26651,142,146,-4,4
26652,152,137,15,15
26653,121,110,11,11
26654,109,104,5,5
26655,80,87,-7,7
26656,73,73,0,0
26657,154,115,39,39
26658,122,118,4,4
26659,85,80,5,5
26660,65,70,-5,5
26661,127,115,12,12
26662,44,47,-3,3
26663,90,92,-2,2
26664,115,108,7,7
26665,124,117,7,7
26666,148,147,1,1
26667,49,51,-2,2
26668,77,77,0,0
26669,173,164,9,9
26670,68,73,-5,5
26671,149,143,6,6
26672,73,74,-1,1
26673,54,52,2,2
26674,90,78,12,12
26675,73,75,-2,2
26676,74,77,-3,3
26677,49,47,2,2
26678,79,73,6,6
26679,117,114,3,3
26680,57,65,-8,8
26681,123,109,14,14
26682,94,94,0,0
26683,124,106,18,18
26684,74,73,1,1
26685,63,65,-2,2
26686,116,101,15,15
26687,93,82,11,11
26688,115,115,0,0
26689,64,65,-1,1
26690,117,118,-1,1
26691,74,80,-6,6
26692,49,47,2,2
26693,72,66,6,6
26694,86,88,-2,2
26695,52,56,-4,4
26696,87,83,4,4
26697,152,144,8,8
26698,61,68,-7,7
26699,67,71,-4,4
26700,64,71,-7,7
26701,100,98,2,2
26702,135,113,22,22
26703,120,117,3,3
26704,124,111,13,13
26705,105,106,-1,1
26706,144,143,1,1
26707,100,97,3,3
26708,80,81,-1,1
26709,73,88,-15,15
26710,82,84,-2,2
26711,76,68,8,8
26712,115,109,6,6
26713,106,102,4,4
26714,125,124,1,1
26715,86,80,6,6
26716,94,91,3,3
26717,80,81,-1,1
26718,145,127,18,18
26719,122,110,12,12
26720,122,116,6,6
26721,115,108,7,7
26722,66,67,-1,1
26723,85,77,8,8
26724,95,99,-4,4
26725,110,98,12,12
26726,49,66,-17,17
26727,80,92,-12,12
26728,101,94,7,7
26729,77,78,-1,1
26730,89,95,-6,6
26731,130,115,15,15
26732,106,116,-10,10
26733,56,52,4,4
26734,68,66,2,2
26735,152,136,16,16
26736,113,114,-1,1
26737,98,93,5,5
26738,125,113,12,12
26739,71,69,2,2
26740,123,106,17,17
26741,97,80,17,17
26742,77,79,-2,2
26743,56,63,-7,7
26744,127,117,10,10
26745,49,58,-9,9
26746,115,106,9,9
26747,61,65,-4,4
26748,97,92,5,5
26749,101,98,3,3
26750,77,82,-5,5
26751,117,122,-5,5
26752,90,97,-7,7
26753,120,110,10,10
26754,80,81,-1,1
26755,71,68,3,3
26756,54,55,-1,1
26757,80,82,-2,2
26758,110,104,6,6
26759,71,88,-17,17
26760,82,84,-2,2
26761,68,80,-12,12
26762,78,86,-8,8
26763,69,66,3,3
26764,87,96,-9,9
26765,94,83,11,11
26766,137,126,11,11
26767,57,62,-5,5
26768,56,55,1,1
26769,57,66,-9,9
26770,62,59,3,3
26771,63,71,-8,8
26772,165,152,13,13
26773,115,105,10,10
26774,133,127,6,6
26775,94,82,12,12
26776,107,104,3,3
26777,106,99,7,7
26778,112,114,-2,2
26779,93,92,1,1
26780,55,65,-10,10
26781,85,86,-1,1
26782,41,44,-3,3
26783,120,107,13,13
26784,99,94,5,5
26785,83,71,12,12
26786,84,84,0,0
26787,110,102,8,8
26788,124,142,-18,18
26789,122,112,10,10
26790,38,45,-7,7
26791,120,110,10,10
26792,97,93,4,4
26793,61,66,-5,5
26794,113,114,-1,1
26795,74,66,8,8
26796,79,75,4,4
26797,125,106,19,19
26798,81,80,1,1
26799,125,115,10,10
26800,123,118,5,5
26801,90,93,-3,3
26802,48,57,-9,9
26803,55,60,-5,5
26804,62,74,-12,12
26805,64,73,-9,9
26806,91,94,-3,3
26807,145,142,3,3
26808,86,83,3,3
26809,66,74,-8,8
26810,116,131,-15,15
26811,76,76,0,0
26812,88,96,-8,8
26813,103,104,-1,1
26814,97,101,-4,4
26815,138,123,15,15
26816,75,75,0,0
26817,92,83,9,9
26818,149,142,7,7
26819,60,58,2,2
26820,108,107,1,1
26821,30,44,-14,14
26822,89,83,6,6
26823,49,54,-5,5
26824,97,91,6,6
26825,128,109,19,19
26826,96,91,5,5
26827,96,90,6,6
26828,63,59,4,4
26829,76,73,3,3
26830,106,113,-7,7
26831,79,83,-4,4
26832,127,114,13,13
26833,45,52,-7,7
26834,105,110,-5,5
26835,90,83,7,7
26836,43,50,-7,7
26837,235,159,76,76
26838,50,55,-5,5
26839,111,102,9,9
26840,69,65,4,4
26841,52,135,-83,83
26842,105,103,2,2
26843,49,49,0,0
26844,66,71,-5,5
26845,64,68,-4,4
26846,75,68,7,7
26847,70,72,-2,2
26848,96,89,7,7
26849,86,87,-1,1
26850,109,105,4,4
26851,357,202,155,155
26852,74,74,0,0
26853,96,101,-5,5
26854,101,103,-2,2
26855,86,88,-2,2
26856,97,87,10,10
26857,47,47,0,0
26858,76,86,-10,10
26859,139,125,14,14
26860,127,122,5,5
26861,119,107,12,12
26862,133,122,11,11
26863,190,186,4,4
26864,119,108,11,11
26865,96,91,5,5
26866,31,39,-8,8
26867,94,107,-13,13
26868,112,123,-11,11
26869,104,97,7,7
26870,162,141,21,21
26871,128,116,12,12
26872,142,138,4,4
26873,107,73,34,34
26874,120,101,19,19
26875,57,64,-7,7
26876,157,139,18,18
26877,94,92,2,2
26878,109,114,-5,5
26879,58,68,-10,10
26880,108,92,16,16
26881,88,82,6,6
26882,123,127,-4,4
26883,85,86,-1,1
26884,136,138,-2,2
26885,72,74,-2,2
26886,77,77,0,0
26887,59,55,4,4
26888,154,140,14,14
26889,63,82,-19,19
26890,40,45,-5,5
26891,142,146,-4,4
26892,160,146,14,14
26893,68,61,7,7
26894,91,80,11,11
26895,77,80,-3,3
26896,135,125,10,10
26897,134,196,-62,62
26898,172,162,10,10
26899,131,154,-23,23
26900,86,89,-3,3
26901,67,70,-3,3
26902,55,53,2,2
26903,148,137,11,11
26904,66,72,-6,6
26905,120,101,19,19
26906,83,81,2,2
26907,101,92,9,9
26908,83,74,9,9
26909,106,120,-14,14
26910,99,98,1,1
26911,67,67,0,0
26912,130,123,7,7
26913,79,78,1,1
26914,43,49,-6,6
26915,146,128,18,18
26916,57,64,-7,7
26917,100,107,-7,7
26918,139,116,23,23
26919,114,96,18,18
26920,61,63,-2,2
26921,77,92,-15,15
26922,102,105,-3,3
26923,104,94,10,10
26924,145,146,-1,1
26925,81,87,-6,6
26926,87,90,-3,3
26927,135,138,-3,3
26928,117,112,5,5
26929,82,72,10,10
26930,118,115,3,3
26931,106,111,-5,5
26932,123,117,6,6
26933,109,106,3,3
26934,66,68,-2,2
26935,86,85,1,1
26936,104,104,0,0
26937,61,74,-13,13
26938,59,84,-25,25
26939,68,72,-4,4
26940,68,72,-4,4
26941,63,67,-4,4
26942,85,78,7,7
26943,135,132,3,3
26944,117,118,-1,1
26945,134,122,12,12
26946,104,99,5,5
26947,73,74,-1,1
26948,79,80,-1,1
26949,137,125,12,12
26950,106,92,14,14
26951,80,70,10,10
26952,175,162,13,13
26953,96,100,-4,4
26954,137,121,16,16
26955,119,114,5,5
26956,118,109,9,9
26957,135,127,8,8
26958,127,99,28,28
26959,103,101,2,2
26960,87,88,-1,1
26961,90,70,20,20
26962,50,53,-3,3
26963,68,71,-3,3
26964,75,75,0,0
26965,150,149,1,1
26966,107,92,15,15
26967,122,112,10,10
26968,48,46,2,2
26969,141,138,3,3
26970,96,89,7,7
26971,93,92,1,1
26972,85,83,2,2
26973,55,57,-2,2
26974,51,54,-3,3
26975,99,96,3,3
26976,52,65,-13,13
26977,79,70,9,9
26978,110,106,4,4
26979,121,112,9,9
26980,37,42,-5,5
26981,92,91,1,1
26982,66,56,10,10
26983,148,119,29,29
26984,83,79,4,4
26985,175,162,13,13
26986,88,81,7,7
26987,110,101,9,9
26988,79,83,-4,4
26989,64,57,7,7
26990,124,110,14,14
26991,129,117,12,12
26992,91,87,4,4
26993,59,57,2,2
26994,49,68,-19,19
26995,132,124,8,8
26996,76,107,-31,31
26997,110,97,13,13
26998,61,58,3,3
26999,90,89,1,1
27000,126,120,6,6
27001,98,93,5,5
27002,59,54,5,5
27003,93,95,-2,2
27004,76,65,11,11
27005,75,65,10,10
27006,85,89,-4,4
27007,149,134,15,15
27008,89,84,5,5
27009,112,107,5,5
27010,88,81,7,7
27011,65,62,3,3
27012,86,86,0,0
27013,64,54,10,10
27014,81,91,-10,10
27015,86,85,1,1
27016,70,65,5,5
27017,150,123,27,27
27018,102,93,9,9
27019,92,81,11,11
27020,47,58,-11,11
27021,92,95,-3,3
27022,108,101,7,7
27023,85,86,-1,1
27024,127,121,6,6
27025,114,108,6,6
27026,89,77,12,12
27027,98,99,-1,1
27028,47,45,2,2
27029,95,100,-5,5
27030,174,173,1,1
27031,74,75,-1,1
27032,214,205,9,9
27033,35,44,-9,9
27034,202,196,6,6
27035,83,76,7,7
27036,125,109,16,16
27037,109,95,14,14
27038,54,59,-5,5
27039,56,55,1,1
27040,71,75,-4,4
27041,81,78,3,3
27042,78,78,0,0
27043,61,57,4,4
27044,77,74,3,3
27045,114,103,11,11
27046,59,57,2,2
27047,116,116,0,0
27048,49,63,-14,14
27049,66,82,-16,16
27050,91,77,14,14
27051,98,95,3,3
27052,73,75,-2,2
27053,78,79,-1,1
27054,105,105,0,0
27055,112,103,9,9
27056,84,88,-4,4
27057,78,66,12,12
27058,112,116,-4,4
27059,178,154,24,24
27060,134,132,2,2
27061,93,86,7,7
27062,99,96,3,3
27063,67,68,-1,1
27064,76,78,-2,2
27065,80,75,5,5
27066,74,68,6,6
27067,83,81,2,2
27068,99,106,-7,7
27069,70,63,7,7
27070,64,71,-7,7
27071,128,121,7,7
27072,93,80,13,13
27073,65,63,2,2
27074,40,48,-8,8
27075,133,122,11,11
27076,97,100,-3,3
27077,89,92,-3,3
27078,73,75,-2,2
27079,102,91,11,11
27080,62,59,3,3
27081,91,91,0,0
27082,147,134,13,13
27083,70,68,2,2
27084,71,71,0,0
27085,86,86,0,0
27086,62,59,3,3
27087,104,89,15,15
27088,72,69,3,3
27089,52,52,0,0
27090,38,49,-11,11
27091,67,72,-5,5
27092,196,181,15,15
27093,47,46,1,1
27094,51,59,-8,8
27095,88,83,5,5
27096,96,93,3,3
27097,42,47,-5,5
27098,101,101,0,0
27099,105,99,6,6
27100,70,67,3,3
27101,87,101,-14,14
27102,120,119,1,1
27103,71,68,3,3
27104,118,107,11,11
27105,71,80,-9,9
27106,101,108,-7,7
27107,80,77,3,3
27108,107,93,14,14
27109,87,77,10,10
27110,60,81,-21,21
27111,56,50,6,6
27112,79,78,1,1
27113,148,140,8,8
27114,75,75,0,0
27115,53,57,-4,4
27116,88,85,3,3
27117,104,124,-20,20
27118,77,71,6,6
27119,53,55,-2,2
27120,114,112,2,2
27121,74,70,4,4
27122,73,86,-13,13
27123,127,114,13,13
27124,81,73,8,8
27125,127,124,3,3
27126,139,125,14,14
27127,78,75,3,3
27128,79,76,3,3
27129,115,103,12,12
27130,125,107,18,18
27131,141,134,7,7
27132,127,108,19,19
27133,105,105,0,0
27134,57,57,0,0
27135,99,99,0,0
27136,91,88,3,3
27137,98,86,12,12
27138,114,123,-9,9
27139,74,73,1,1
27140,143,123,20,20
27141,68,73,-5,5
27142,159,143,16,16
27143,69,66,3,3
27144,72,67,5,5
27145,48,52,-4,4
27146,110,108,2,2
27147,86,82,4,4
27148,72,75,-3,3
27149,80,72,8,8
27150,70,72,-2,2
27151,37,46,-9,9
27152,79,77,2,2
27153,53,50,3,3
27154,82,77,5,5
27155,55,65,-10,10
27156,72,80,-8,8
27157,104,100,4,4
27158,81,81,0,0
27159,131,133,-2,2
27160,110,118,-8,8
27161,70,71,-1,1
27162,96,102,-6,6
27163,56,68,-12,12
27164,76,88,-12,12
27165,87,87,0,0
27166,100,90,10,10
27167,51,56,-5,5
27168,67,66,1,1
27169,50,53,-3,3
27170,72,87,-15,15
27171,69,70,-1,1
27172,96,97,-1,1
27173,90,82,8,8
27174,84,85,-1,1
27175,136,134,2,2
27176,83,79,4,4
27177,93,95,-2,2
27178,130,139,-9,9
27179,111,107,4,4
27180,107,112,-5,5
27181,112,114,-2,2
27182,27,39,-12,12
27183,156,136,20,20
27184,102,90,12,12
27185,122,120,2,2
27186,114,104,10,10
27187,39,45,-6,6
27188,137,123,14,14
27189,86,83,3,3
27190,83,77,6,6
27191,148,133,15,15
27192,108,105,3,3
27193,102,93,9,9
27194,95,94,1,1
27195,52,65,-13,13
27196,78,80,-2,2
27197,99,97,2,2
27198,124,122,2,2
27199,94,98,-4,4
27200,120,120,0,0
27201,102,104,-2,2
27202,128,123,5,5
27203,64,60,4,4
27204,78,76,2,2
27205,65,76,-11,11
27206,128,128,0,0
27207,88,82,6,6
27208,63,73,-10,10
27209,86,91,-5,5
27210,102,99,3,3
27211,120,108,12,12
27212,95,102,-7,7
27213,83,81,2,2
27214,96,106,-10,10
27215,75,78,-3,3
27216,50,52,-2,2
27217,69,70,-1,1
27218,118,102,16,16
27219,103,106,-3,3
27220,88,90,-2,2
27221,83,81,2,2
27222,113,102,11,11
27223,89,80,9,9
27224,92,88,4,4
27225,96,96,0,0
27226,97,115,-18,18
27227,57,53,4,4
27228,70,73,-3,3
27229,79,86,-7,7
27230,81,81,0,0
27231,106,102,4,4
27232,178,160,18,18
27233,141,135,6,6
27234,97,94,3,3
27235,152,148,4,4
27236,82,80,2,2
27237,62,57,5,5
27238,69,73,-4,4
27239,145,136,9,9
27240,80,77,3,3
27241,124,118,6,6
27242,128,127,1,1
27243,147,131,16,16
27244,181,179,2,2
27245,92,91,1,1
27246,48,50,-2,2
27247,144,138,6,6
27248,54,61,-7,7
27249,116,108,8,8
27250,106,98,8,8
27251,72,71,1,1
27252,139,124,15,15
27253,153,150,3,3
27254,105,92,13,13
27255,152,138,14,14
27256,137,115,22,22
27257,123,124,-1,1
27258,49,59,-10,10
27259,80,78,2,2
27260,63,52,11,11
27261,35,65,-30,30
27262,53,55,-2,2
27263,80,83,-3,3
27264,56,53,3,3
27265,143,143,0,0
27266,160,144,16,16
27267,98,94,4,4
27268,98,88,10,10
27269,83,86,-3,3
27270,117,125,-8,8
27271,143,135,8,8
27272,91,95,-4,4
27273,60,66,-6,6
27274,106,98,8,8
27275,33,43,-10,10
27276,65,66,-1,1
27277,79,73,6,6
27278,47,49,-2,2
27279,78,75,3,3
27280,108,107,1,1
27281,59,66,-7,7
27282,75,81,-6,6
27283,130,129,1,1
27284,75,86,-11,11
27285,89,88,1,1
27286,85,77,8,8
27287,127,119,8,8
27288,71,81,-10,10
27289,103,98,5,5
27290,40,44,-4,4
27291,57,71,-14,14
27292,142,132,10,10
27293,61,70,-9,9
27294,77,74,3,3
27295,95,97,-2,2
27296,90,70,20,20
27297,101,100,1,1
27298,64,60,4,4
27299,154,124,30,30
27300,90,86,4,4
27301,103,98,5,5
27302,134,124,10,10
27303,96,72,24,24
27304,48,50,-2,2
27305,88,81,7,7
27306,126,116,10,10
27307,80,75,5,5
27308,66,65,1,1
27309,43,43,0,0
27310,71,66,5,5
27311,102,97,5,5
27312,78,74,4,4
27313,99,95,4,4
27314,110,103,7,7
27315,105,100,5,5
27316,103,110,-7,7
27317,103,97,6,6
27318,62,86,-24,24
27319,92,95,-3,3
27320,68,78,-10,10
27321,94,93,1,1
27322,97,96,1,1
27323,50,67,-17,17
27324,46,67,-21,21
27325,76,68,8,8
27326,127,102,25,25
27327,55,59,-4,4
27328,62,60,2,2
27329,114,115,-1,1
27330,70,67,3,3
27331,110,107,3,3
27332,115,110,5,5
27333,102,89,13,13
27334,105,109,-4,4
27335,99,90,9,9
27336,122,120,2,2
27337,69,71,-2,2
27338,69,59,10,10
27339,79,79,0,0
27340,67,73,-6,6
27341,76,68,8,8
27342,54,53,1,1
27343,96,93,3,3
27344,90,87,3,3
27345,73,68,5,5
27346,76,76,0,0
27347,48,52,-4,4
27348,104,107,-3,3
27349,64,67,-3,3
27350,76,77,-1,1
27351,106,102,4,4
27352,58,61,-3,3
27353,118,121,-3,3
27354,78,82,-4,4
27355,119,114,5,5
27356,64,67,-3,3
27357,144,110,34,34
27358,112,97,15,15
27359,60,61,-1,1
27360,58,83,-25,25
27361,148,158,-10,10
27362,70,65,5,5
27363,193,170,23,23
27364,90,93,-3,3
27365,50,50,0,0
27366,94,87,7,7
27367,114,100,14,14
27368,57,65,-8,8
27369,72,84,-12,12
27370,97,81,16,16
27371,121,112,9,9
27372,96,89,7,7
27373,78,83,-5,5
27374,124,126,-2,2
27375,156,146,10,10
27376,103,94,9,9
27377,117,116,1,1
27378,75,64,11,11
27379,101,102,-1,1
27380,45,46,-1,1
27381,60,60,0,0
27382,124,124,0,0
27383,129,120,9,9
27384,90,91,-1,1
27385,79,82,-3,3
27386,64,66,-2,2
27387,87,92,-5,5
27388,138,132,6,6
27389,106,103,3,3
27390,96,94,2,2
27391,124,118,6,6
27392,78,73,5,5
27393,99,90,9,9
27394,208,166,42,42
27395,111,101,10,10
27396,107,98,9,9
27397,92,83,9,9
27398,87,80,7,7
27399,108,114,-6,6
27400,70,65,5,5
27401,115,112,3,3
27402,86,89,-3,3
27403,86,78,8,8
27404,165,158,7,7
27405,59,95,-36,36
27406,111,117,-6,6
27407,196,170,26,26
27408,99,95,4,4
27409,121,92,29,29
27410,57,52,5,5
27411,78,76,2,2
27412,98,96,2,2
27413,90,81,9,9
27414,89,92,-3,3
27415,97,88,9,9
27416,77,75,2,2
27417,78,74,4,4
27418,95,103,-8,8
27419,98,97,1,1
27420,126,113,13,13
27421,107,110,-3,3
27422,83,82,1,1
27423,129,129,0,0
27424,93,90,3,3
27425,210,175,35,35
27426,112,108,4,4
27427,51,52,-1,1
27428,93,83,10,10
27429,61,69,-8,8
27430,76,82,-6,6
27431,107,104,3,3
27432,115,95,20,20
27433,106,104,2,2
27434,77,77,0,0
27435,102,104,-2,2
27436,54,61,-7,7
27437,81,73,8,8
27438,64,76,-12,12
27439,134,127,7,7
27440,124,112,12,12
27441,49,58,-9,9
27442,90,96,-6,6
27443,72,65,7,7
27444,76,80,-4,4
27445,114,102,12,12
27446,59,68,-9,9
27447,97,109,-12,12
27448,96,90,6,6
27449,177,143,34,34
27450,111,104,7,7
27451,105,107,-2,2
27452,78,89,-11,11
27453,85,95,-10,10
27454,71,68,3,3
27455,114,109,5,5
27456,78,81,-3,3
27457,164,162,2,2
27458,75,81,-6,6
27459,128,120,8,8
27460,105,114,-9,9
27461,75,74,1,1
27462,87,86,1,1
27463,104,93,11,11
27464,130,119,11,11
27465,101,101,0,0
27466,81,82,-1,1
27467,75,73,2,2
27468,115,108,7,7
27469,80,72,8,8
27470,54,68,-14,14
27471,93,95,-2,2
27472,142,117,25,25
27473,41,48,-7,7
27474,78,81,-3,3
27475,62,65,-3,3
27476,68,77,-9,9
27477,45,55,-10,10
27478,99,91,8,8
27479,92,84,8,8
27480,88,78,10,10
27481,134,136,-2,2
27482,112,104,8,8
27483,97,99,-2,2
27484,131,132,-1,1
27485,71,67,4,4
27486,39,46,-7,7
27487,68,72,-4,4
27488,47,51,-4,4
27489,60,58,2,2
27490,151,121,30,30
27491,81,74,7,7
27492,104,94,10,10
27493,99,103,-4,4
27494,103,96,7,7
27495,84,84,0,0
27496,92,92,0,0
27497,108,108,0,0
27498,124,115,9,9
27499,68,76,-8,8
27500,107,108,-1,1
27501,97,82,15,15
27502,108,101,7,7
27503,54,61,-7,7
27504,75,75,0,0
27505,43,48,-5,5
27506,105,105,0,0
27507,103,110,-7,7
27508,85,90,-5,5
27509,121,115,6,6
27510,85,84,1,1
27511,102,93,9,9
27512,113,119,-6,6
27513,70,75,-5,5
27514,120,108,12,12
27515,106,96,10,10
27516,72,78,-6,6
27517,89,88,1,1
27518,90,85,5,5
27519,52,53,-1,1
27520,78,78,0,0
27521,88,92,-4,4
27522,290,232,58,58
27523,98,91,7,7
27524,94,98,-4,4
27525,130,113,17,17
27526,50,68,-18,18
27527,102,95,7,7
27528,72,73,-1,1
27529,79,73,6,6
27530,101,103,-2,2
27531,88,78,10,10
27532,75,78,-3,3
27533,109,115,-6,6
27534,68,69,-1,1
27535,117,109,8,8
27536,112,112,0,0
27537,149,135,14,14
27538,94,99,-5,5
27539,73,71,2,2
27540,86,81,5,5
27541,68,76,-8,8
27542,94,87,7,7
27543,96,96,0,0
27544,86,108,-22,22
27545,84,85,-1,1
27546,98,87,11,11
27547,149,133,16,16
27548,92,93,-1,1
27549,72,66,6,6
27550,108,106,2,2
27551,85,94,-9,9
27552,92,90,2,2
27553,72,80,-8,8
27554,73,77,-4,4
27555,91,91,0,0
27556,167,163,4,4
27557,78,86,-8,8
27558,50,63,-13,13
27559,96,78,18,18
27560,105,117,-12,12
27561,102,103,-1,1
27562,106,95,11,11
27563,138,121,17,17
27564,123,119,4,4
27565,76,72,4,4
27566,95,89,6,6
27567,87,84,3,3
27568,154,150,4,4
27569,75,68,7,7
27570,137,120,17,17
27571,98,82,16,16
27572,96,95,1,1
27573,68,69,-1,1
27574,66,77,-11,11
27575,96,97,-1,1
27576,99,94,5,5
27577,53,64,-11,11
27578,36,64,-28,28
27579,79,89,-10,10
27580,108,104,4,4
27581,20,38,-18,18
27582,95,93,2,2
27583,78,78,0,0
27584,114,109,5,5
27585,89,96,-7,7
27586,118,131,-13,13
27587,163,146,17,17
27588,64,62,2,2
27589,50,45,5,5
27590,65,65,0,0
27591,91,86,5,5
27592,126,122,4,4
27593,96,93,3,3
27594,115,108,7,7
27595,114,110,4,4
27596,139,115,24,24
27597,45,59,-14,14
27598,155,151,4,4
27599,77,73,4,4
27600,105,88,17,17
27601,156,127,29,29
27602,90,89,1,1
27603,105,94,11,11
27604,36,45,-9,9
27605,134,138,-4,4
27606,111,118,-7,7
27607,61,54,7,7
27608,97,93,4,4
27609,76,79,-3,3
27610,81,84,-3,3
27611,71,69,2,2
27612,99,91,8,8
27613,98,96,2,2
27614,89,84,5,5
27615,153,142,11,11
27616,110,109,1,1
27617,61,64,-3,3
27618,72,79,-7,7
27619,107,102,5,5
27620,107,106,1,1
27621,116,108,8,8
27622,116,108,8,8
27623,71,70,1,1
27624,95,92,3,3
27625,99,100,-1,1
27626,59,57,2,2
27627,107,122,-15,15
27628,130,118,12,12
27629,95,77,18,18
27630,165,141,24,24
27631,171,148,23,23
27632,93,99,-6,6
27633,79,88,-9,9
27634,175,156,19,19
27635,121,115,6,6
27636,155,147,8,8
27637,174,165,9,9
27638,81,69,12,12
27639,57,54,3,3
27640,180,150,30,30
27641,116,109,7,7
27642,162,149,13,13
27643,77,69,8,8
27644,78,73,5,5
27645,111,102,9,9
27646,87,85,2,2
27647,37,47,-10,10
27648,176,154,22,22
27649,69,75,-6,6
27650,72,77,-5,5
27651,91,89,2,2
27652,102,99,3,3
27653,81,83,-2,2
27654,142,133,9,9
27655,189,160,29,29
27656,200,172,28,28
27657,61,65,-4,4
27658,89,85,4,4
27659,94,97,-3,3
27660,88,83,5,5
27661,85,78,7,7
27662,88,87,1,1
27663,52,54,-2,2
27664,61,81,-20,20
27665,79,79,0,0
27666,141,127,14,14
27667,83,80,3,3
27668,112,140,-28,28
27669,123,117,6,6
27670,54,52,2,2
27671,66,65,1,1
27672,117,110,7,7
27673,73,76,-3,3
27674,70,82,-12,12
27675,66,62,4,4
27676,105,114,-9,9
27677,77,77,0,0
27678,100,96,4,4
27679,167,140,27,27
27680,73,73,0,0
27681,130,120,10,10
27682,87,71,16,16
27683,85,79,6,6
27684,69,71,-2,2
27685,73,75,-2,2
27686,77,77,0,0
27687,138,130,8,8
27688,80,85,-5,5
27689,55,54,1,1
27690,117,102,15,15
27691,110,106,4,4
27692,60,60,0,0
27693,96,85,11,11
27694,85,76,9,9
27695,106,110,-4,4
27696,94,91,3,3
27697,69,76,-7,7
27698,125,125,0,0
27699,179,157,22,22
27700,86,82,4,4
27701,129,122,7,7
27702,82,86,-4,4
27703,91,77,14,14
27704,150,143,7,7
27705,57,61,-4,4
27706,70,66,4,4
27707,134,124,10,10
27708,71,74,-3,3
27709,74,85,-11,11
27710,83,80,3,3
27711,82,97,-15,15
27712,70,71,-1,1
27713,82,86,-4,4
27714,52,58,-6,6
27715,93,87,6,6
27716,54,66,-12,12
27717,136,128,8,8
27718,72,72,0,0
27719,86,109,-23,23
27720,108,110,-2,2
27721,93,87,6,6
27722,57,73,-16,16
27723,78,76,2,2
27724,130,114,16,16
27725,83,87,-4,4
27726,116,110,6,6
27727,103,88,15,15
27728,79,79,0,0
27729,43,48,-5,5
27730,100,98,2,2
27731,77,74,3,3
27732,127,121,6,6
27733,83,77,6,6
27734,134,149,-15,15
27735,108,89,19,19
27736,122,110,12,12
27737,86,86,0,0
27738,71,68,3,3
27739,111,103,8,8
27740,132,115,17,17
27741,200,186,14,14
27742,77,75,2,2
27743,131,112,19,19
27744,75,77,-2,2
27745,66,64,2,2
27746,83,81,2,2
27747,155,138,17,17
27748,104,89,15,15
27749,85,80,5,5
27750,149,128,21,21
27751,198,230,-32,32
27752,68,78,-10,10
27753,143,103,40,40
27754,118,101,17,17
27755,75,78,-3,3
27756,150,167,-17,17
27757,52,51,1,1
27758,153,147,6,6
27759,88,96,-8,8
27760,101,113,-12,12
27761,74,69,5,5
27762,102,100,2,2
27763,140,127,13,13
27764,71,65,6,6
27765,110,99,11,11
27766,110,110,0,0
27767,63,65,-2,2
27768,66,69,-3,3
27769,49,56,-7,7
27770,54,52,2,2
27771,86,84,2,2
27772,58,57,1,1
27773,54,59,-5,5
27774,60,66,-6,6
27775,77,75,2,2
27776,70,76,-6,6
27777,91,89,2,2
27778,112,109,3,3
27779,89,86,3,3
27780,80,76,4,4
27781,95,94,1,1
27782,98,87,11,11
27783,91,88,3,3
27784,117,110,7,7
27785,76,80,-4,4
27786,126,147,-21,21
27787,131,114,17,17
27788,65,70,-5,5
27789,90,82,8,8
27790,77,74,3,3
27791,114,112,2,2
27792,88,82,6,6
27793,90,87,3,3
27794,84,92,-8,8
27795,135,118,17,17
27796,95,88,7,7
27797,94,103,-9,9
27798,106,97,9,9
27799,75,71,4,4
27800,115,110,5,5
27801,143,139,4,4
27802,60,56,4,4
27803,68,64,4,4
27804,73,70,3,3
27805,168,141,27,27
27806,99,98,1,1
27807,108,101,7,7
27808,77,85,-8,8
27809,60,53,7,7
27810,79,71,8,8
27811,103,113,-10,10
27812,120,119,1,1
27813,137,145,-8,8
27814,80,89,-9,9
27815,78,80,-2,2
27816,49,59,-10,10
27817,97,104,-7,7
27818,104,104,0,0
27819,172,155,17,17
27820,154,141,13,13
27821,93,93,0,0
27822,103,93,10,10
27823,51,55,-4,4
27824,72,73,-1,1
27825,81,84,-3,3
27826,69,65,4,4
27827,111,99,12,12
27828,106,105,1,1
27829,143,123,20,20
27830,46,47,-1,1
27831,118,118,0,0
27832,136,114,22,22
27833,103,93,10,10
27834,115,114,1,1
27835,100,91,9,9
27836,130,115,15,15
27837,146,127,19,19
27838,106,101,5,5
27839,160,149,11,11
27840,151,116,35,35
27841,111,104,7,7
27842,132,115,17,17
27843,70,60,10,10
27844,95,94,1,1
27845,113,108,5,5
27846,100,121,-21,21
27847,84,95,-11,11
27848,144,121,23,23
27849,75,79,-4,4
27850,127,123,4,4
27851,35,46,-11,11
27852,48,60,-12,12
27853,52,52,0,0
27854,110,108,2,2
27855,109,105,4,4
27856,72,75,-3,3
27857,99,94,5,5
27858,58,52,6,6
27859,81,71,10,10
27860,96,83,13,13
27861,71,68,3,3
27862,122,97,25,25
27863,151,140,11,11
27864,92,86,6,6
27865,69,69,0,0
27866,111,102,9,9
27867,106,96,10,10
27868,122,117,5,5
27869,100,81,19,19
27870,62,66,-4,4
27871,77,71,6,6
27872,111,108,3,3
27873,68,76,-8,8
27874,97,89,8,8
27875,118,89,29,29
27876,118,112,6,6
27877,97,101,-4,4
27878,78,82,-4,4
27879,146,139,7,7
27880,99,98,1,1
27881,76,71,5,5
27882,64,58,6,6
27883,48,51,-3,3
27884,89,89,0,0
27885,59,63,-4,4
27886,74,78,-4,4
27887,72,73,-1,1
27888,83,79,4,4
27889,83,69,14,14
27890,97,95,2,2
27891,100,91,9,9
27892,181,172,9,9
27893,37,41,-4,4
27894,64,66,-2,2
27895,84,75,9,9
27896,68,65,3,3
27897,54,52,2,2
27898,85,83,2,2
27899,75,77,-2,2
27900,98,91,7,7
27901,147,129,18,18
27902,138,132,6,6
27903,61,64,-3,3
27904,83,89,-6,6
27905,158,136,22,22
27906,119,106,13,13
27907,88,83,5,5
27908,119,113,6,6
27909,118,102,16,16
27910,68,68,0,0
27911,49,56,-7,7
27912,112,97,15,15
27913,113,101,12,12
27914,83,88,-5,5
27915,81,84,-3,3
27916,31,43,-12,12
27917,87,77,10,10
27918,144,135,9,9
27919,133,136,-3,3
27920,137,128,9,9
27921,95,96,-1,1
27922,80,77,3,3
27923,109,104,5,5
27924,90,91,-1,1
27925,70,66,4,4
27926,66,70,-4,4
27927,81,70,11,11
27928,156,146,10,10
27929,70,75,-5,5
27930,95,101,-6,6
27931,109,93,16,16
27932,61,104,-43,43
27933,40,41,-1,1
27934,138,141,-3,3
27935,96,90,6,6
27936,53,66,-13,13
27937,85,88,-3,3
27938,137,120,17,17
27939,113,107,6,6
27940,127,118,9,9
27941,77,72,5,5
27942,66,72,-6,6
27943,36,42,-6,6
27944,83,85,-2,2
27945,120,105,15,15
27946,55,65,-10,10
27947,61,66,-5,5
27948,68,64,4,4
27949,93,93,0,0
27950,173,163,10,10
27951,58,65,-7,7
27952,75,78,-3,3
27953,83,75,8,8
27954,141,149,-8,8
27955,67,65,2,2
27956,35,48,-13,13
27957,63,71,-8,8
27958,52,57,-5,5
27959,183,165,18,18
27960,52,51,1,1
27961,72,69,3,3
27962,77,79,-2,2
27963,61,58,3,3
27964,124,109,15,15
27965,78,82,-4,4
27966,123,118,5,5
27967,122,113,9,9
27968,88,91,-3,3
27969,74,77,-3,3
27970,66,70,-4,4
27971,69,79,-10,10
27972,92,90,2,2
27973,79,77,2,2
27974,45,68,-23,23
27975,115,112,3,3
27976,143,136,7,7
27977,99,101,-2,2
27978,129,131,-2,2
27979,103,102,1,1
27980,90,100,-10,10
27981,88,89,-1,1
27982,123,122,1,1
27983,175,145,30,30
27984,95,87,8,8
27985,105,101,4,4
27986,65,69,-4,4
27987,66,59,7,7
27988,137,122,15,15
27989,84,83,1,1
27990,110,103,7,7
27991,118,104,14,14
27992,114,108,6,6
27993,97,108,-11,11
27994,90,82,8,8
27995,124,123,1,1
27996,158,155,3,3
27997,67,91,-24,24
27998,96,91,5,5
27999,97,95,2,2
28000,108,102,6,6
28001,106,102,4,4
28002,56,53,3,3
28003,69,71,-2,2
28004,41,50,-9,9
28005,67,65,2,2
28006,172,162,10,10
28007,53,56,-3,3
28008,94,83,11,11
28009,121,115,6,6
28010,97,86,11,11
28011,91,97,-6,6
28012,117,105,12,12
28013,125,139,-14,14
28014,59,60,-1,1
28015,114,99,15,15
28016,87,79,8,8
28017,106,106,0,0
28018,77,76,1,1
28019,135,114,21,21
28020,145,121,24,24
28021,72,73,-1,1
28022,53,65,-12,12
28023,149,135,14,14
28024,101,102,-1,1
28025,76,58,18,18
28026,87,95,-8,8
28027,73,70,3,3
28028,107,101,6,6
28029,67,65,2,2
28030,67,74,-7,7
28031,80,80,0,0
28032,91,88,3,3
28033,91,90,1,1
28034,104,111,-7,7
28035,66,56,10,10
28036,90,88,2,2
28037,71,79,-8,8
28038,118,100,18,18
28039,87,94,-7,7
28040,68,69,-1,1
28041,114,115,-1,1
28042,117,115,2,2
28043,130,114,16,16
28044,134,136,-2,2
28045,125,120,5,5
28046,74,70,4,4
28047,88,81,7,7
28048,56,75,-19,19
28049,116,107,9,9
28050,145,136,9,9
28051,75,67,8,8
28052,71,82,-11,11
28053,50,53,-3,3
28054,97,95,2,2
28055,55,50,5,5
28056,52,49,3,3
28057,154,124,30,30
28058,132,119,13,13
28059,180,158,22,22
28060,68,69,-1,1
28061,86,86,0,0
28062,147,144,3,3
28063,68,83,-15,15
28064,80,77,3,3
28065,98,87,11,11
28066,109,112,-3,3
28067,88,89,-1,1
28068,78,86,-8,8
28069,86,74,12,12
28070,42,47,-5,5
28071,74,86,-12,12
28072,137,129,8,8
28073,110,103,7,7
28074,76,88,-12,12
28075,64,67,-3,3
28076,150,131,19,19
28077,116,100,16,16
28078,74,77,-3,3
28079,69,65,4,4
28080,55,50,5,5
28081,114,118,-4,4
28082,178,170,8,8
28083,78,77,1,1
28084,71,70,1,1
28085,80,87,-7,7
28086,119,127,-8,8
28087,59,65,-6,6
28088,75,66,9,9
28089,77,87,-10,10
28090,64,71,-7,7
28091,118,107,11,11
28092,141,135,6,6
28093,144,144,0,0
28094,118,113,5,5
28095,90,77,13,13
28096,96,93,3,3
28097,107,103,4,4
28098,141,145,-4,4
28099,71,61,10,10
28100,94,87,7,7
28101,196,172,24,24
28102,93,102,-9,9
28103,122,102,20,20
28104,78,79,-1,1
28105,83,99,-16,16
28106,84,77,7,7
28107,65,65,0,0
28108,165,158,7,7
28109,116,122,-6,6
28110,91,79,12,12
28111,69,65,4,4
28112,87,76,11,11
28113,94,95,-1,1
28114,113,106,7,7
28115,169,163,6,6
28116,112,97,15,15
28117,85,87,-2,2
28118,113,100,13,13
28119,145,129,16,16
28120,53,59,-6,6
28121,97,93,4,4
28122,102,107,-5,5
28123,107,114,-7,7
28124,88,82,6,6
28125,76,76,0,0
28126,46,51,-5,5
28127,83,87,-4,4
28128,99,91,8,8
28129,118,113,5,5
28130,85,76,9,9
28131,112,113,-1,1
28132,120,103,17,17
28133,246,213,33,33
28134,124,110,14,14
28135,64,71,-7,7
28136,118,106,12,12
28137,118,111,7,7
28138,78,80,-2,2
28139,74,78,-4,4
28140,86,82,4,4
28141,90,75,15,15
28142,132,140,-8,8
28143,125,117,8,8
28144,70,68,2,2
28145,69,66,3,3
28146,119,113,6,6
28147,144,133,11,11
28148,172,156,16,16
28149,83,81,2,2
28150,99,86,13,13
28151,104,100,4,4
28152,127,123,4,4
28153,78,70,8,8
28154,110,96,14,14
28155,53,53,0,0
28156,79,85,-6,6
28157,47,44,3,3
28158,123,113,10,10
28159,132,124,8,8
28160,104,105,-1,1
28161,127,123,4,4
28162,105,88,17,17
28163,65,75,-10,10
28164,100,96,4,4
28165,192,160,32,32
28166,61,86,-25,25
28167,106,112,-6,6
28168,38,70,-32,32
28169,186,155,31,31
28170,166,143,23,23
28171,122,109,13,13
28172,141,134,7,7
28173,122,128,-6,6
28174,39,64,-25,25
28175,117,117,0,0
28176,128,119,9,9
28177,148,138,10,10
28178,118,111,7,7
28179,96,95,1,1
28180,72,75,-3,3
28181,76,68,8,8
28182,63,57,6,6
28183,84,92,-8,8
28184,102,98,4,4
28185,75,71,4,4
28186,92,91,1,1
28187,69,68,1,1
28188,94,83,11,11
28189,70,65,5,5
28190,112,98,14,14
28191,87,77,10,10
28192,68,67,1,1
28193,123,135,-12,12
28194,81,67,14,14
28195,116,124,-8,8
28196,82,88,-6,6
28197,149,128,21,21
28198,60,75,-15,15
28199,59,69,-10,10
28200,110,94,16,16
28201,89,120,-31,31
28202,114,109,5,5
28203,128,117,11,11
28204,57,65,-8,8
28205,77,82,-5,5
28206,85,84,1,1
28207,194,188,6,6
28208,72,89,-17,17
28209,75,78,-3,3
28210,57,84,-27,27
28211,165,149,16,16
28212,99,96,3,3
28213,84,82,2,2
28214,89,89,0,0
28215,64,68,-4,4
28216,115,120,-5,5
28217,81,86,-5,5
28218,96,101,-5,5
28219,134,128,6,6
28220,74,73,1,1
28221,121,132,-11,11
28222,81,93,-12,12
28223,58,57,1,1
28224,77,68,9,9
28225,97,92,5,5
28226,66,65,1,1
28227,104,100,4,4
28228,112,110,2,2
28229,59,58,1,1
28230,151,133,18,18
28231,111,100,11,11
28232,133,127,6,6
28233,76,78,-2,2
28234,93,97,-4,4
28235,76,77,-1,1
28236,85,79,6,6
28237,151,146,5,5
28238,76,78,-2,2
28239,79,76,3,3
28240,172,181,-9,9
28241,148,129,19,19
28242,89,89,0,0
28243,87,78,9,9
28244,128,120,8,8
28245,71,70,1,1
28246,72,66,6,6
28247,77,78,-1,1
28248,100,93,7,7
28249,107,106,1,1
28250,86,84,2,2
28251,81,71,10,10
28252,93,91,2,2
28253,56,53,3,3
28254,138,121,17,17
28255,77,82,-5,5
28256,175,163,12,12
28257,72,73,-1,1
28258,93,92,1,1
28259,92,83,9,9
28260,104,114,-10,10
28261,132,122,10,10
28262,81,80,1,1
28263,71,77,-6,6
28264,140,140,0,0
28265,102,95,7,7
28266,53,58,-5,5
28267,87,88,-1,1
28268,147,138,9,9
28269,93,100,-7,7
28270,65,67,-2,2
28271,154,138,16,16
28272,222,194,28,28
28273,107,96,11,11
28274,81,73,8,8
28275,59,65,-6,6
28276,63,61,2,2
28277,100,97,3,3
28278,89,79,10,10
28279,70,65,5,5
28280,90,89,1,1
28281,135,133,2,2
28282,112,104,8,8
28283,102,99,3,3
28284,126,125,1,1
28285,87,90,-3,3
28286,98,96,2,2
28287,128,110,18,18
28288,54,61,-7,7
28289,88,85,3,3
28290,79,77,2,2
28291,177,158,19,19
28292,110,103,7,7
28293,68,76,-8,8
28294,126,124,2,2
28295,115,110,5,5
28296,105,109,-4,4
28297,86,82,4,4
28298,66,98,-32,32
28299,65,62,3,3
28300,78,85,-7,7
28301,87,87,0,0
28302,108,104,4,4
28303,46,54,-8,8
28304,106,103,3,3
28305,127,113,14,14
28306,137,135,2,2
28307,84,74,10,10
28308,73,77,-4,4
28309,70,67,3,3
28310,76,70,6,6
28311,84,81,3,3
28312,125,100,25,25
28313,73,76,-3,3
28314,176,167,9,9
28315,97,90,7,7
28316,128,119,9,9
28317,74,76,-2,2
28318,145,129,16,16
28319,93,93,0,0
28320,70,71,-1,1
28321,67,82,-15,15
28322,84,82,2,2
28323,59,66,-7,7
28324,92,87,5,5
28325,112,104,8,8
28326,51,51,0,0
28327,56,59,-3,3
28328,92,90,2,2
28329,49,56,-7,7
28330,98,98,0,0
28331,71,75,-4,4
28332,72,75,-3,3
28333,68,75,-7,7
28334,87,89,-2,2
28335,121,110,11,11
28336,94,90,4,4
28337,76,83,-7,7
28338,112,104,8,8
28339,69,62,7,7
28340,113,110,3,3
28341,129,126,3,3
28342,105,108,-3,3
28343,99,104,-5,5
28344,58,65,-7,7
28345,130,114,16,16
28346,85,83,2,2
28347,73,67,6,6
28348,56,50,6,6
28349,97,103,-6,6
28350,104,104,0,0
28351,73,74,-1,1
28352,111,99,12,12
28353,73,66,7,7
28354,98,87,11,11
28355,102,103,-1,1
28356,80,75,5,5
28357,47,49,-2,2
28358,102,109,-7,7
28359,76,75,1,1
28360,69,83,-14,14
28361,85,86,-1,1
28362,111,115,-4,4
28363,34,42,-8,8
28364,137,133,4,4
28365,79,77,2,2
28366,72,83,-11,11
28367,62,66,-4,4
28368,91,88,3,3
28369,82,82,0,0
28370,120,129,-9,9
28371,92,96,-4,4
28372,110,109,1,1
28373,122,111,11,11
28374,119,110,9,9
28375,183,169,14,14
28376,61,69,-8,8
28377,97,88,9,9
28378,117,111,6,6
28379,71,73,-2,2
28380,100,87,13,13
28381,119,105,14,14
28382,94,82,12,12
28383,94,96,-2,2
28384,97,84,13,13
28385,62,53,9,9
28386,74,74,0,0
28387,104,104,0,0
28388,143,138,5,5
28389,74,77,-3,3
28390,126,117,9,9
28391,64,70,-6,6
28392,97,86,11,11
28393,82,78,4,4
28394,56,65,-9,9
28395,98,99,-1,1
28396,139,129,10,10
28397,102,103,-1,1
28398,100,100,0,0
28399,115,93,22,22
28400,138,118,20,20
28401,39,44,-5,5
28402,132,126,6,6
28403,127,127,0,0
28404,98,87,11,11
28405,83,74,9,9
28406,106,108,-2,2
28407,161,143,18,18
28408,77,67,10,10
28409,76,84,-8,8
28410,96,86,10,10
28411,107,106,1,1
28412,85,226,-141,141
28413,79,79,0,0
28414,102,98,4,4
28415,57,54,3,3
28416,79,80,-1,1
28417,76,87,-11,11
28418,82,87,-5,5
28419,56,57,-1,1
28420,84,76,8,8
28421,110,100,10,10
28422,183,159,24,24
28423,118,120,-2,2
28424,100,93,7,7
28425,109,96,13,13
28426,101,91,10,10
28427,57,64,-7,7
28428,89,105,-16,16
28429,148,133,15,15
28430,202,191,11,11
28431,137,139,-2,2
28432,91,85,6,6
28433,112,109,3,3
28434,68,69,-1,1
28435,83,80,3,3
28436,72,68,4,4
28437,79,79,0,0
28438,116,108,8,8
28439,54,59,-5,5
28440,87,86,1,1
28441,82,82,0,0
28442,104,95,9,9
28443,126,117,9,9
28444,106,109,-3,3
28445,116,108,8,8
28446,91,90,1,1
28447,77,77,0,0
28448,123,137,-14,14
28449,145,135,10,10
28450,88,81,7,7
28451,95,106,-11,11
28452,79,84,-5,5
28453,91,95,-4,4
28454,133,122,11,11
28455,165,173,-8,8
28456,61,66,-5,5
28457,63,68,-5,5
28458,120,115,5,5
28459,54,50,4,4
28460,145,139,6,6
28461,130,124,6,6
28462,68,79,-11,11
28463,55,58,-3,3
28464,90,88,2,2
28465,102,92,10,10
28466,52,52,0,0
28467,102,100,2,2
28468,162,158,4,4
28469,85,93,-8,8
28470,81,85,-4,4
28471,57,54,3,3
28472,82,78,4,4
28473,135,97,38,38
28474,43,46,-3,3
28475,82,73,9,9
28476,66,70,-4,4
28477,102,99,3,3
28478,70,72,-2,2
28479,151,138,13,13
28480,127,124,3,3
28481,77,68,9,9
28482,137,123,14,14
28483,83,76,7,7
28484,183,166,17,17
28485,43,43,0,0
28486,129,126,3,3
28487,58,56,2,2
28488,73,77,-4,4
28489,67,59,8,8
28490,57,61,-4,4
28491,133,143,-10,10
28492,76,76,0,0
28493,87,89,-2,2
28494,76,80,-4,4
28495,99,89,10,10
28496,95,93,2,2
28497,56,64,-8,8
28498,146,134,12,12
28499,123,106,17,17
28500,93,112,-19,19
28501,71,70,1,1
28502,97,87,10,10
28503,122,107,15,15
28504,97,96,1,1
28505,86,78,8,8
28506,87,89,-2,2
28507,134,118,16,16
28508,99,102,-3,3
28509,135,123,12,12
28510,85,81,4,4
28511,132,124,8,8
28512,54,59,-5,5
28513,77,83,-6,6
28514,63,70,-7,7
28515,138,136,2,2
28516,58,59,-1,1
28517,141,128,13,13
28518,161,154,7,7
28519,105,109,-4,4
28520,107,111,-4,4
28521,153,158,-5,5
28522,90,89,1,1
28523,147,143,4,4
28524,92,91,1,1
28525,34,40,-6,6
28526,90,95,-5,5
28527,50,56,-6,6
28528,83,76,7,7
28529,127,134,-7,7
28530,59,53,6,6
28531,57,63,-6,6
28532,115,116,-1,1
28533,91,91,0,0
28534,143,129,14,14
28535,119,111,8,8
28536,97,94,3,3
28537,155,144,11,11
28538,128,115,13,13
28539,67,70,-3,3
28540,60,64,-4,4
28541,103,94,9,9
28542,128,115,13,13
28543,100,91,9,9
28544,71,72,-1,1
28545,85,84,1,1
28546,74,72,2,2
28547,172,139,33,33
28548,73,71,2,2
28549,51,53,-2,2
28550,76,78,-2,2
28551,110,105,5,5
28552,125,109,16,16
28553,49,60,-11,11
28554,145,130,15,15
28555,81,78,3,3
28556,79,95,-16,16
28557,108,104,4,4
28558,95,89,6,6
28559,66,57,9,9
28560,78,75,3,3
28561,41,48,-7,7
28562,89,77,12,12
28563,60,62,-2,2
28564,88,81,7,7
28565,54,62,-8,8
28566,112,101,11,11
28567,135,118,17,17
28568,123,114,9,9
28569,76,91,-15,15
28570,82,79,3,3
28571,38,48,-10,10
28572,51,50,1,1
28573,33,50,-17,17
28574,100,94,6,6
28575,64,72,-8,8
28576,98,99,-1,1
28577,104,95,9,9
28578,108,107,1,1
28579,112,105,7,7
28580,54,58,-4,4
28581,75,77,-2,2
28582,89,94,-5,5
28583,137,122,15,15
28584,66,64,2,2
28585,81,81,0,0
28586,91,96,-5,5
28587,84,85,-1,1
28588,52,54,-2,2
28589,64,68,-4,4
28590,176,164,12,12
28591,59,62,-3,3
28592,70,66,4,4
28593,69,66,3,3
28594,83,100,-17,17
28595,71,77,-6,6
28596,61,67,-6,6
28597,65,64,1,1
28598,94,110,-16,16
28599,53,52,1,1
28600,66,62,4,4
28601,93,90,3,3
28602,66,67,-1,1
28603,75,70,5,5
28604,96,100,-4,4
28605,66,68,-2,2
28606,158,125,33,33
28607,80,72,8,8
28608,67,64,3,3
28609,67,70,-3,3
28610,79,79,0,0
28611,57,62,-5,5
28612,66,69,-3,3
28613,44,50,-6,6
28614,59,55,4,4
28615,150,133,17,17
28616,128,118,10,10
28617,74,72,2,2
28618,38,52,-14,14
28619,51,51,0,0
28620,123,121,2,2
28621,61,55,6,6
28622,77,65,12,12
28623,61,66,-5,5
28624,94,89,5,5
28625,104,110,-6,6
28626,62,72,-10,10
28627,115,106,9,9
28628,122,105,17,17
28629,96,95,1,1
28630,84,84,0,0
28631,119,110,9,9
28632,99,94,5,5
28633,85,82,3,3
28634,118,106,12,12
28635,144,124,20,20
28636,54,55,-1,1
28637,152,129,23,23
28638,47,53,-6,6
28639,67,68,-1,1
28640,81,81,0,0
28641,125,118,7,7
28642,104,93,11,11
28643,63,73,-10,10
28644,71,63,8,8
28645,56,65,-9,9
28646,144,137,7,7
28647,125,134,-9,9
28648,64,64,0,0
28649,108,95,13,13
28650,87,78,9,9
28651,66,72,-6,6
28652,83,87,-4,4
28653,102,96,6,6
28654,120,114,6,6
28655,114,110,4,4
28656,114,106,8,8
28657,148,139,9,9
28658,100,97,3,3
28659,76,69,7,7
28660,53,64,-11,11
28661,104,106,-2,2
28662,101,106,-5,5
28663,93,90,3,3
28664,50,55,-5,5
28665,47,50,-3,3
28666,137,130,7,7
28667,109,102,7,7
28668,83,97,-14,14
28669,32,42,-10,10
28670,69,62,7,7
28671,92,87,5,5
28672,78,82,-4,4
28673,96,110,-14,14
28674,92,86,6,6
28675,53,51,2,2
28676,144,139,5,5
28677,107,95,12,12
28678,112,106,6,6
28679,72,66,6,6
28680,108,98,10,10
28681,84,76,8,8
28682,54,57,-3,3
28683,82,111,-29,29
28684,98,87,11,11
28685,73,79,-6,6
28686,50,58,-8,8
28687,89,89,0,0
28688,66,64,2,2
28689,140,135,5,5
28690,97,94,3,3
28691,77,83,-6,6
28692,106,80,26,26
28693,73,73,0,0
28694,122,110,12,12
28695,80,80,0,0
28696,60,64,-4,4
28697,90,79,11,11
28698,83,84,-1,1
28699,86,88,-2,2
28700,33,40,-7,7
28701,134,124,10,10
28702,117,117,0,0
28703,60,63,-3,3
28704,116,107,9,9
28705,110,113,-3,3
28706,129,125,4,4
28707,88,84,4,4
28708,76,75,1,1
28709,171,159,12,12
28710,98,81,17,17
28711,100,95,5,5
28712,66,57,9,9
28713,140,123,17,17
28714,101,85,16,16
28715,61,57,4,4
28716,89,84,5,5
28717,93,92,1,1
28718,101,91,10,10
28719,63,70,-7,7
28720,85,86,-1,1
28721,94,96,-2,2
28722,114,126,-12,12
28723,104,106,-2,2
28724,78,76,2,2
28725,108,117,-9,9
28726,57,53,4,4
28727,38,61,-23,23
28728,69,76,-7,7
28729,106,102,4,4
28730,77,74,3,3
28731,235,222,13,13
28732,98,100,-2,2
28733,111,102,9,9
28734,70,85,-15,15
28735,102,90,12,12
28736,92,95,-3,3
28737,67,73,-6,6
28738,83,88,-5,5
28739,71,70,1,1
28740,92,70,22,22
28741,59,63,-4,4
28742,90,89,1,1
28743,71,66,5,5
28744,52,58,-6,6
28745,109,88,21,21
28746,105,113,-8,8
28747,79,76,3,3
28748,81,74,7,7
28749,84,84,0,0
28750,80,71,9,9
28751,56,66,-10,10
28752,84,83,1,1
28753,44,50,-6,6
28754,85,84,1,1
28755,62,66,-4,4
28756,83,79,4,4
28757,59,77,-18,18
28758,92,87,5,5
28759,99,103,-4,4
28760,131,145,-14,14
28761,58,62,-4,4
28762,164,147,17,17
28763,132,113,19,19
28764,73,69,4,4
28765,82,84,-2,2
28766,57,65,-8,8
28767,97,102,-5,5
28768,26,42,-16,16
28769,107,95,12,12
28770,88,79,9,9
28771,84,82,2,2
28772,82,83,-1,1
28773,141,143,-2,2
28774,78,75,3,3
28775,146,139,7,7
28776,84,77,7,7
28777,93,85,8,8
28778,74,73,1,1
28779,139,126,13,13
28780,125,121,4,4
28781,65,71,-6,6
28782,101,103,-2,2
28783,114,117,-3,3
28784,54,60,-6,6
28785,99,91,8,8
28786,83,90,-7,7
28787,128,119,9,9
28788,90,92,-2,2
28789,77,75,2,2
28790,68,57,11,11
28791,78,89,-11,11
28792,76,76,0,0
28793,85,80,5,5
28794,106,106,0,0
28795,207,169,38,38
28796,105,103,2,2
28797,110,113,-3,3
28798,86,81,5,5
28799,166,126,40,40
28800,118,111,7,7
28801,99,96,3,3
28802,80,86,-6,6
28803,27,49,-22,22
28804,125,105,20,20
28805,92,92,0,0
28806,85,79,6,6
28807,91,91,0,0
28808,61,56,5,5
28809,86,80,6,6
28810,50,51,-1,1
28811,101,101,0,0
28812,79,65,14,14
28813,82,97,-15,15
28814,63,56,7,7
28815,100,94,6,6
28816,103,87,16,16
28817,150,135,15,15
28818,86,76,10,10
28819,72,78,-6,6
28820,54,55,-1,1
28821,136,130,6,6
28822,60,58,2,2
28823,118,106,12,12
28824,64,59,5,5
28825,78,73,5,5
28826,76,70,6,6
28827,145,134,11,11
28828,62,72,-10,10
28829,98,97,1,1
28830,100,100,0,0
28831,142,129,13,13
28832,77,87,-10,10
28833,81,91,-10,10
28834,79,78,1,1
28835,78,74,4,4
28836,84,91,-7,7
28837,63,52,11,11
28838,94,91,3,3
28839,89,84,5,5
28840,78,74,4,4
28841,132,135,-3,3
28842,151,138,13,13
28843,156,144,12,12
28844,41,54,-13,13
28845,106,103,3,3
28846,99,100,-1,1
28847,42,50,-8,8
28848,79,75,4,4
28849,60,73,-13,13
28850,136,138,-2,2
28851,130,126,4,4
28852,136,137,-1,1
28853,81,73,8,8
28854,112,107,5,5
28855,60,62,-2,2
28856,93,78,15,15
28857,103,106,-3,3
28858,180,163,17,17
28859,93,86,7,7
28860,172,159,13,13
28861,95,106,-11,11
28862,79,90,-11,11
28863,55,61,-6,6
28864,105,105,0,0
28865,118,110,8,8
28866,111,104,7,7
28867,66,72,-6,6
28868,146,122,24,24
28869,81,108,-27,27
28870,75,70,5,5
28871,79,82,-3,3
28872,64,62,2,2
28873,97,96,1,1
28874,103,98,5,5
28875,68,71,-3,3
28876,74,78,-4,4
28877,80,77,3,3
28878,90,74,16,16
28879,59,54,5,5
28880,109,108,1,1
28881,90,87,3,3
28882,71,78,-7,7
28883,108,101,7,7
28884,83,73,10,10
28885,130,118,12,12
28886,85,87,-2,2
28887,49,62,-13,13
28888,73,74,-1,1
28889,104,102,2,2
28890,131,124,7,7
28891,69,71,-2,2
28892,102,97,5,5
28893,74,76,-2,2
28894,58,59,-1,1
28895,167,149,18,18
28896,144,130,14,14
28897,108,105,3,3
28898,70,71,-1,1
28899,84,83,1,1
28900,50,50,0,0
28901,68,69,-1,1
28902,128,127,1,1
28903,106,115,-9,9
28904,63,63,0,0
28905,61,93,-32,32
28906,82,77,5,5
28907,100,104,-4,4
28908,92,90,2,2
28909,75,80,-5,5
28910,132,124,8,8
28911,85,90,-5,5
28912,183,167,16,16
28913,115,105,10,10
28914,125,126,-1,1
28915,99,96,3,3
28916,102,99,3,3
28917,125,125,0,0
28918,75,74,1,1
28919,173,161,12,12
28920,66,70,-4,4
28921,90,82,8,8
28922,88,85,3,3
28923,124,122,2,2
28924,70,70,0,0
28925,93,85,8,8
28926,64,57,7,7
28927,60,53,7,7
28928,134,133,1,1
28929,104,94,10,10
28930,44,51,-7,7
28931,109,94,15,15
28932,68,63,5,5
28933,81,82,-1,1
28934,103,102,1,1
28935,99,97,2,2
28936,80,78,2,2
28937,104,103,1,1
28938,67,71,-4,4
28939,126,117,9,9
28940,53,54,-1,1
28941,135,122,13,13
28942,95,83,12,12
28943,95,97,-2,2
28944,63,66,-3,3
28945,140,118,22,22
28946,71,80,-9,9
28947,79,76,3,3
28948,47,76,-29,29
28949,87,94,-7,7
28950,57,58,-1,1
28951,81,79,2,2
28952,53,56,-3,3
28953,88,95,-7,7
28954,109,110,-1,1
28955,85,85,0,0
28956,114,107,7,7
28957,81,79,2,2
28958,85,92,-7,7
28959,95,91,4,4
28960,61,70,-9,9
28961,65,65,0,0
28962,47,64,-17,17
28963,57,54,3,3
28964,66,77,-11,11
28965,86,86,0,0
28966,76,73,3,3
28967,143,126,17,17
28968,79,92,-13,13
28969,87,76,11,11
28970,99,93,6,6
28971,103,110,-7,7
28972,83,75,8,8
28973,116,113,3,3
28974,128,119,9,9
28975,159,151,8,8
28976,113,101,12,12
28977,124,112,12,12
28978,81,89,-8,8
28979,66,54,12,12
28980,82,66,16,16
28981,58,69,-11,11
28982,101,100,1,1
28983,67,80,-13,13
28984,97,86,11,11
28985,78,82,-4,4
28986,104,106,-2,2
28987,117,113,4,4
28988,82,88,-6,6
28989,125,124,1,1
28990,152,151,1,1
28991,92,96,-4,4
28992,128,114,14,14
28993,68,68,0,0
28994,101,92,9,9
28995,96,94,2,2
28996,98,95,3,3
28997,134,118,16,16
28998,106,108,-2,2
28999,54,53,1,1
29000,88,94,-6,6
29001,66,62,4,4
29002,99,95,4,4
29003,82,84,-2,2
29004,118,118,0,0
29005,66,63,3,3
29006,96,90,6,6
29007,139,131,8,8
29008,25,42,-17,17
29009,123,110,13,13
29010,130,120,10,10
29011,92,86,6,6
29012,80,86,-6,6
29013,67,60,7,7
29014,71,68,3,3
29015,92,96,-4,4
29016,113,97,16,16
29017,67,80,-13,13
29018,58,63,-5,5
29019,39,85,-46,46
29020,78,81,-3,3
29021,113,96,17,17
29022,50,53,-3,3
29023,66,58,8,8
29024,88,86,2,2
29025,88,96,-8,8
29026,131,115,16,16
29027,64,81,-17,17
29028,91,87,4,4
29029,101,86,15,15
29030,110,100,10,10
29031,56,66,-10,10
29032,77,74,3,3
29033,129,124,5,5
29034,91,100,-9,9
29035,97,99,-2,2
29036,98,98,0,0
29037,75,75,0,0
29038,109,88,21,21
29039,64,74,-10,10
29040,71,75,-4,4
29041,54,54,0,0
29042,59,65,-6,6
29043,145,135,10,10
29044,86,78,8,8
29045,56,53,3,3
29046,79,84,-5,5
29047,114,115,-1,1
29048,65,71,-6,6
29049,104,90,14,14
29050,61,70,-9,9
29051,155,148,7,7
29052,106,97,9,9
29053,48,65,-17,17
29054,173,138,35,35
29055,31,42,-11,11
29056,87,90,-3,3
29057,147,140,7,7
29058,79,80,-1,1
29059,92,101,-9,9
29060,100,85,15,15
29061,118,122,-4,4
29062,83,82,1,1
29063,72,72,0,0
29064,101,94,7,7
29065,83,86,-3,3
29066,94,94,0,0
29067,103,107,-4,4
29068,73,76,-3,3
29069,179,165,14,14
29070,115,102,13,13
29071,85,80,5,5
29072,101,97,4,4
29073,130,123,7,7
29074,155,158,-3,3
29075,65,67,-2,2
29076,116,116,0,0
29077,71,73,-2,2
29078,78,83,-5,5
29079,129,125,4,4
29080,78,71,7,7
29081,141,129,12,12
29082,139,123,16,16
29083,90,84,6,6
29084,174,157,17,17
29085,92,89,3,3
29086,76,78,-2,2
29087,40,48,-8,8
29088,36,40,-4,4
29089,78,74,4,4
29090,89,89,0,0
29091,63,66,-3,3
29092,79,74,5,5
29093,127,112,15,15
29094,61,67,-6,6
29095,118,74,44,44
29096,112,99,13,13
29097,131,124,7,7
29098,78,77,1,1
29099,95,92,3,3
29100,75,74,1,1
29101,170,157,13,13
29102,97,99,-2,2
29103,62,65,-3,3
29104,130,118,12,12
29105,116,128,-12,12
29106,72,79,-7,7
29107,89,84,5,5
29108,95,96,-1,1
29109,82,78,4,4
29110,54,61,-7,7
29111,102,97,5,5
29112,106,99,7,7
29113,138,126,12,12
29114,90,92,-2,2
29115,53,65,-12,12
29116,111,91,20,20
29117,91,85,6,6
29118,84,84,0,0
29119,116,100,16,16
29120,119,109,10,10
29121,82,82,0,0
29122,102,93,9,9
29123,64,65,-1,1
29124,40,54,-14,14
29125,104,103,1,1
29126,73,74,-1,1
29127,92,88,4,4
29128,127,107,20,20
29129,155,144,11,11
29130,82,82,0,0
29131,86,86,0,0
29132,61,53,8,8
29133,136,122,14,14
29134,123,128,-5,5
29135,40,53,-13,13
29136,103,93,10,10
29137,145,143,2,2
29138,92,94,-2,2
29139,60,83,-23,23
29140,71,68,3,3
29141,63,66,-3,3
29142,51,56,-5,5
29143,92,90,2,2
29144,48,54,-6,6
29145,66,63,3,3
29146,165,146,19,19
29147,114,107,7,7
29148,48,48,0,0
29149,121,108,13,13
29150,134,124,10,10
29151,68,66,2,2
29152,34,48,-14,14
29153,68,65,3,3
29154,72,73,-1,1
29155,63,64,-1,1
29156,59,65,-6,6
29157,94,95,-1,1
29158,59,56,3,3
29159,77,86,-9,9
29160,119,106,13,13
29161,134,131,3,3
29162,120,114,6,6
29163,90,83,7,7
29164,79,76,3,3
29165,70,70,0,0
29166,103,98,5,5
29167,111,93,18,18
29168,62,63,-1,1
29169,139,116,23,23
29170,138,135,3,3
29171,213,210,3,3
29172,73,74,-1,1
29173,116,111,5,5
29174,135,130,5,5
29175,77,71,6,6
29176,89,80,9,9
29177,40,43,-3,3
29178,82,75,7,7
29179,101,107,-6,6
29180,81,92,-11,11
29181,159,148,11,11
29182,89,92,-3,3
29183,74,79,-5,5
29184,106,102,4,4
29185,53,60,-7,7
29186,98,114,-16,16
29187,96,91,5,5
29188,116,115,1,1
29189,68,72,-4,4
29190,74,76,-2,2
29191,167,163,4,4
29192,90,98,-8,8
29193,106,97,9,9
29194,62,56,6,6
29195,46,52,-6,6
29196,68,79,-11,11
29197,73,73,0,0
29198,78,78,0,0
29199,58,62,-4,4
29200,129,122,7,7
29201,79,86,-7,7
29202,92,85,7,7
29203,34,50,-16,16
29204,81,64,17,17
29205,73,66,7,7
29206,171,163,8,8
29207,90,97,-7,7
29208,70,80,-10,10
29209,199,194,5,5
29210,68,64,4,4
29211,161,155,6,6
29212,46,50,-4,4
29213,61,66,-5,5
29214,112,108,4,4
29215,133,122,11,11
29216,91,83,8,8
29217,80,88,-8,8
29218,160,133,27,27
29219,90,85,5,5
29220,103,90,13,13
29221,87,75,12,12
29222,148,132,16,16
29223,183,119,64,64
29224,87,83,4,4
29225,161,143,18,18
29226,80,74,6,6
29227,128,126,2,2
29228,123,116,7,7
29229,159,140,19,19
29230,48,48,0,0
29231,77,82,-5,5
29232,87,84,3,3
29233,53,50,3,3
29234,118,111,7,7
29235,89,70,19,19
29236,76,73,3,3
29237,145,127,18,18
29238,125,105,20,20
29239,97,103,-6,6
29240,49,54,-5,5
29241,62,75,-13,13
29242,81,86,-5,5
29243,136,133,3,3
29244,100,101,-1,1
29245,187,189,-2,2
29246,105,106,-1,1
29247,176,163,13,13
29248,113,109,4,4
29249,115,117,-2,2
29250,86,86,0,0
29251,120,106,14,14
29252,74,81,-7,7
29253,86,94,-8,8
29254,99,107,-8,8
29255,70,66,4,4
29256,109,111,-2,2
29257,110,98,12,12
29258,102,102,0,0
29259,156,144,12,12
29260,107,106,1,1
29261,53,58,-5,5
29262,121,113,8,8
29263,97,104,-7,7
29264,103,110,-7,7
29265,66,65,1,1
29266,108,120,-12,12
29267,59,63,-4,4
29268,64,72,-8,8
29269,70,72,-2,2
29270,86,85,1,1
29271,118,108,10,10
29272,61,66,-5,5
29273,120,107,13,13
29274,112,101,11,11
29275,176,145,31,31
29276,61,65,-4,4
29277,89,98,-9,9
29278,115,100,15,15
29279,112,99,13,13
29280,110,104,6,6
29281,92,90,2,2
29282,124,111,13,13
29283,60,61,-1,1
29284,70,67,3,3
29285,98,89,9,9
29286,77,78,-1,1
29287,60,56,4,4
29288,149,143,6,6
29289,135,128,7,7
29290,71,71,0,0
29291,47,55,-8,8
29292,141,123,18,18
29293,76,82,-6,6
29294,85,81,4,4
29295,66,65,1,1
29296,86,84,2,2
29297,144,131,13,13
29298,74,76,-2,2
29299,181,162,19,19
29300,79,80,-1,1
29301,106,95,11,11
29302,138,122,16,16
29303,91,74,17,17
29304,76,75,1,1
29305,140,124,16,16
29306,77,79,-2,2
29307,54,65,-11,11
29308,71,73,-2,2
29309,110,97,13,13
29310,90,82,8,8
29311,116,119,-3,3
29312,83,79,4,4
29313,59,65,-6,6
29314,92,88,4,4
29315,144,130,14,14
29316,67,55,12,12
29317,105,98,7,7
29318,62,65,-3,3
29319,136,121,15,15
29320,111,112,-1,1
29321,64,70,-6,6
29322,73,61,12,12
29323,86,94,-8,8
29324,84,80,4,4
29325,74,74,0,0
29326,135,129,6,6
29327,119,109,10,10
29328,83,87,-4,4
29329,102,98,4,4
29330,84,89,-5,5
29331,66,113,-47,47
29332,47,49,-2,2
29333,97,88,9,9
29334,106,100,6,6
29335,75,76,-1,1
29336,108,113,-5,5
29337,154,143,11,11
29338,91,84,7,7
29339,75,79,-4,4
29340,155,136,19,19
29341,75,83,-8,8
29342,211,183,28,28
29343,69,65,4,4
29344,52,53,-1,1
29345,84,70,14,14
29346,89,87,2,2
29347,79,77,2,2
29348,78,83,-5,5
29349,90,85,5,5
29350,305,262,43,43
29351,83,88,-5,5
29352,193,180,13,13
29353,124,126,-2,2
29354,46,48,-2,2
29355,85,75,10,10
29356,84,86,-2,2
29357,98,93,5,5
29358,72,75,-3,3
29359,60,67,-7,7
29360,102,97,5,5
29361,92,86,6,6
29362,102,102,0,0
29363,74,85,-11,11
29364,114,103,11,11
29365,86,95,-9,9
29366,114,109,5,5
29367,151,157,-6,6
29368,91,89,2,2
29369,78,70,8,8
29370,153,140,13,13
29371,80,88,-8,8
29372,108,107,1,1
29373,88,75,13,13
29374,153,132,21,21
29375,71,78,-7,7
29376,95,96,-1,1
29377,127,114,13,13
29378,139,137,2,2
29379,46,50,-4,4
29380,124,119,5,5
29381,93,95,-2,2
29382,114,102,12,12
29383,93,84,9,9
29384,67,64,3,3
29385,110,106,4,4
29386,63,66,-3,3
29387,70,63,7,7
29388,87,83,4,4
29389,122,116,6,6
29390,107,107,0,0
29391,153,140,13,13
29392,94,95,-1,1
29393,101,99,2,2
29394,78,80,-2,2
29395,82,92,-10,10
29396,88,83,5,5
29397,94,84,10,10
29398,37,50,-13,13
29399,67,65,2,2
29400,85,75,10,10
29401,105,89,16,16
29402,40,63,-23,23
29403,194,177,17,17
29404,123,118,5,5
29405,87,79,8,8
29406,102,97,5,5
29407,145,131,14,14
29408,68,68,0,0
29409,159,134,25,25
29410,82,86,-4,4
29411,83,69,14,14
29412,82,80,2,2
29413,69,64,5,5
29414,103,99,4,4
29415,105,101,4,4
29416,100,106,-6,6
29417,55,52,3,3
29418,80,81,-1,1
29419,73,80,-7,7
29420,51,64,-13,13
29421,124,117,7,7
29422,52,53,-1,1
29423,115,130,-15,15
29424,116,108,8,8
29425,101,103,-2,2
29426,63,54,9,9
29427,52,57,-5,5
29428,84,75,9,9
29429,142,137,5,5
29430,71,75,-4,4
29431,82,90,-8,8
29432,85,92,-7,7
29433,74,72,2,2
29434,61,52,9,9
29435,107,107,0,0
29436,98,93,5,5
29437,80,82,-2,2
29438,69,75,-6,6
29439,64,65,-1,1
29440,137,122,15,15
29441,77,70,7,7
29442,94,102,-8,8
29443,86,82,4,4
29444,60,64,-4,4
29445,54,68,-14,14
29446,62,64,-2,2
29447,86,91,-5,5
29448,60,61,-1,1
29449,64,65,-1,1
29450,91,93,-2,2
29451,71,67,4,4
29452,78,86,-8,8
29453,104,98,6,6
29454,103,105,-2,2
29455,167,164,3,3
29456,129,108,21,21
29457,125,137,-12,12
29458,108,111,-3,3
29459,77,79,-2,2
29460,121,124,-3,3
29461,77,74,3,3
29462,61,69,-8,8
29463,67,65,2,2
29464,96,88,8,8
29465,113,122,-9,9
29466,70,69,1,1
29467,79,72,7,7
29468,91,92,-1,1
29469,86,90,-4,4
29470,74,77,-3,3
29471,78,84,-6,6
29472,117,99,18,18
29473,82,73,9,9
29474,79,81,-2,2
29475,138,142,-4,4
29476,92,85,7,7
29477,69,66,3,3
29478,81,89,-8,8
29479,73,75,-2,2
29480,100,103,-3,3
29481,51,48,3,3
29482,60,65,-5,5
29483,109,100,9,9
29484,131,125,6,6
29485,71,76,-5,5
29486,77,81,-4,4
29487,97,105,-8,8
29488,69,66,3,3
29489,124,113,11,11
29490,69,65,4,4
29491,131,121,10,10
29492,87,88,-1,1
29493,178,172,6,6
29494,111,108,3,3
29495,122,106,16,16
29496,155,140,15,15
29497,136,108,28,28
29498,113,118,-5,5
29499,64,72,-8,8
29500,111,104,7,7
29501,94,94,0,0
29502,58,64,-6,6
29503,89,83,6,6
29504,82,79,3,3
29505,87,93,-6,6
29506,50,65,-15,15
29507,79,74,5,5
29508,140,122,18,18
29509,134,207,-73,73
29510,119,107,12,12
29511,140,137,3,3
29512,119,113,6,6
29513,52,55,-3,3
29514,124,129,-5,5
29515,131,110,21,21
29516,45,53,-8,8
29517,70,67,3,3
29518,99,98,1,1
29519,82,80,2,2
29520,73,72,1,1
29521,120,123,-3,3
29522,107,109,-2,2
29523,88,87,1,1
29524,82,79,3,3
29525,59,54,5,5
29526,90,95,-5,5
29527,56,65,-9,9
29528,113,108,5,5
29529,78,71,7,7
29530,61,68,-7,7
29531,89,88,1,1
29532,44,52,-8,8
29533,62,61,1,1
29534,111,109,2,2
29535,75,75,0,0
29536,74,74,0,0
29537,79,73,6,6
29538,89,89,0,0
29539,94,91,3,3
29540,116,106,10,10
29541,120,109,11,11
29542,180,165,15,15
29543,48,48,0,0
29544,85,84,1,1
29545,112,103,9,9
29546,114,111,3,3
29547,78,76,2,2
29548,111,121,-10,10
29549,71,70,1,1
29550,64,67,-3,3
29551,47,48,-1,1
29552,85,88,-3,3
29553,90,94,-4,4
29554,137,118,19,19
29555,138,135,3,3
29556,64,54,10,10
29557,78,73,5,5
29558,42,41,1,1
29559,98,95,3,3
29560,59,51,8,8
29561,76,85,-9,9
29562,106,99,7,7
29563,33,37,-4,4
29564,121,120,1,1
29565,108,93,15,15
29566,76,82,-6,6
29567,64,61,3,3
29568,73,64,9,9
29569,112,105,7,7
29570,105,95,10,10
29571,59,70,-11,11
29572,205,171,34,34
29573,78,81,-3,3
29574,79,86,-7,7
29575,123,118,5,5
29576,83,84,-1,1
29577,115,114,1,1
29578,75,75,0,0
29579,86,91,-5,5
29580,111,121,-10,10
29581,82,106,-24,24
29582,157,150,7,7
29583,58,55,3,3
29584,101,95,6,6
29585,99,94,5,5
29586,96,95,1,1
29587,133,138,-5,5
29588,93,91,2,2
29589,79,75,4,4
29590,87,71,16,16
29591,101,104,-3,3
29592,73,72,1,1
29593,76,72,4,4
29594,110,96,14,14
29595,100,96,4,4
29596,87,85,2,2
29597,126,125,1,1
29598,81,73,8,8
29599,70,77,-7,7
29600,139,132,7,7
29601,74,75,-1,1
29602,147,118,29,29
29603,92,84,8,8
29604,133,110,23,23
29605,87,82,5,5
29606,96,97,-1,1
29607,70,96,-26,26
29608,75,80,-5,5
29609,121,114,7,7
29610,88,87,1,1
29611,96,96,0,0
29612,196,139,57,57
29613,90,93,-3,3
29614,110,104,6,6
29615,59,55,4,4
29616,131,124,7,7
29617,56,53,3,3
29618,98,101,-3,3
29619,94,86,8,8
29620,73,81,-8,8
29621,52,52,0,0
29622,97,88,9,9
29623,119,109,10,10
29624,94,81,13,13
29625,144,133,11,11
29626,128,116,12,12
29627,81,74,7,7
29628,101,93,8,8
29629,138,125,13,13
29630,68,67,1,1
29631,124,103,21,21
29632,61,76,-15,15
29633,118,103,15,15
29634,69,73,-4,4
29635,84,83,1,1
29636,175,152,23,23
29637,54,54,0,0
29638,72,81,-9,9
29639,82,74,8,8
29640,102,89,13,13
29641,107,100,7,7
29642,110,105,5,5
29643,128,117,11,11
29644,132,132,0,0
29645,80,80,0,0
29646,60,66,-6,6
29647,54,53,1,1
29648,89,92,-3,3
29649,90,95,-5,5
29650,62,78,-16,16
29651,64,83,-19,19
29652,74,66,8,8
29653,123,198,-75,75
29654,77,75,2,2
29655,79,78,1,1
29656,88,87,1,1
29657,77,85,-8,8
29658,96,99,-3,3
29659,80,80,0,0
29660,104,102,2,2
29661,46,49,-3,3
29662,70,76,-6,6
29663,93,97,-4,4
29664,103,97,6,6
29665,117,101,16,16
29666,80,81,-1,1
29667,93,93,0,0
29668,88,92,-4,4
29669,101,94,7,7
29670,69,70,-1,1
29671,97,93,4,4
29672,56,60,-4,4
29673,101,93,8,8
29674,122,113,9,9
29675,95,95,0,0
29676,113,109,4,4
29677,150,134,16,16
29678,164,161,3,3
29679,87,87,0,0
29680,128,120,8,8
29681,66,69,-3,3
29682,68,59,9,9
29683,120,110,10,10
29684,151,145,6,6
29685,72,65,7,7
29686,89,94,-5,5
29687,231,214,17,17
29688,49,67,-18,18
29689,68,65,3,3
29690,81,76,5,5
29691,96,94,2,2
29692,123,106,17,17
29693,88,86,2,2
29694,188,173,15,15
29695,78,67,11,11
29696,78,77,1,1
29697,105,106,-1,1
29698,102,97,5,5
29699,74,84,-10,10
29700,74,79,-5,5
29701,63,67,-4,4
29702,106,100,6,6
29703,90,80,10,10
29704,100,95,5,5
29705,106,98,8,8
29706,74,74,0,0
29707,75,76,-1,1
29708,119,126,-7,7
29709,115,109,6,6
29710,125,113,12,12
29711,106,99,7,7
29712,113,108,5,5
29713,81,77,4,4
29714,84,77,7,7
29715,79,88,-9,9
29716,129,116,13,13
29717,55,57,-2,2
29718,99,100,-1,1
29719,88,91,-3,3
29720,129,107,22,22
29721,92,91,1,1
29722,113,113,0,0
29723,67,67,0,0
29724,96,104,-8,8
29725,64,71,-7,7
29726,132,140,-8,8
29727,172,154,18,18
29728,104,103,1,1
29729,83,74,9,9
29730,70,84,-14,14
29731,104,98,6,6
29732,78,68,10,10
29733,66,80,-14,14
29734,81,79,2,2
29735,63,68,-5,5
29736,74,81,-7,7
29737,109,89,20,20
29738,70,69,1,1
29739,91,81,10,10
29740,95,92,3,3
29741,76,78,-2,2
29742,68,67,1,1
29743,92,89,3,3
29744,65,68,-3,3
29745,36,43,-7,7
29746,105,104,1,1
29747,110,105,5,5
29748,121,114,7,7
29749,49,48,1,1
29750,98,82,16,16
29751,117,105,12,12
29752,52,96,-44,44
29753,84,86,-2,2
29754,148,140,8,8
29755,63,63,0,0
29756,63,71,-8,8
29757,92,94,-2,2
29758,85,82,3,3
29759,93,86,7,7
29760,88,73,15,15
29761,80,82,-2,2
29762,83,87,-4,4
29763,61,68,-7,7
29764,76,73,3,3
29765,81,87,-6,6
29766,75,66,9,9
29767,61,57,4,4
29768,110,104,6,6
29769,91,84,7,7
29770,63,59,4,4
29771,126,122,4,4
29772,102,89,13,13
29773,102,95,7,7
29774,107,100,7,7
29775,49,52,-3,3
29776,71,78,-7,7
29777,70,85,-15,15
29778,94,94,0,0
29779,201,184,17,17
29780,80,86,-6,6
29781,62,58,4,4
29782,97,95,2,2
29783,77,77,0,0
29784,74,92,-18,18
29785,55,59,-4,4
29786,88,83,5,5
29787,27,47,-20,20
29788,64,63,1,1
29789,95,108,-13,13
29790,74,75,-1,1
29791,99,99,0,0
29792,68,66,2,2
29793,65,66,-1,1
29794,97,98,-1,1
29795,73,79,-6,6
29796,88,105,-17,17
29797,121,123,-2,2
29798,102,95,7,7
29799,101,102,-1,1
29800,78,87,-9,9
29801,156,140,16,16
29802,76,83,-7,7
29803,66,65,1,1
29804,91,100,-9,9
29805,82,74,8,8
29806,150,142,8,8
29807,46,49,-3,3
29808,164,156,8,8
29809,134,126,8,8
29810,124,116,8,8
29811,75,75,0,0
29812,64,70,-6,6
29813,207,187,20,20
29814,125,128,-3,3
29815,143,127,16,16
29816,79,72,7,7
29817,62,65,-3,3
29818,149,147,2,2
29819,136,128,8,8
29820,48,50,-2,2
29821,117,105,12,12
29822,50,54,-4,4
29823,88,83,5,5
29824,62,64,-2,2
29825,37,45,-8,8
29826,142,122,20,20
29827,59,61,-2,2
29828,123,115,8,8
29829,78,77,1,1
29830,117,108,9,9
29831,84,88,-4,4
29832,191,171,20,20
29833,176,153,23,23
29834,68,66,2,2
29835,58,54,4,4
29836,74,75,-1,1
29837,166,154,12,12
29838,178,164,14,14
29839,102,103,-1,1
29840,106,97,9,9
29841,121,122,-1,1
29842,157,150,7,7
29843,60,59,1,1
29844,116,106,10,10
29845,133,127,6,6
29846,50,48,2,2
29847,90,90,0,0
29848,138,125,13,13
29849,216,201,15,15
29850,114,111,3,3
29851,107,105,2,2
29852,68,62,6,6
29853,52,64,-12,12
29854,139,128,11,11
29855,98,86,12,12
29856,143,133,10,10
29857,97,86,11,11
29858,80,85,-5,5
29859,60,56,4,4
29860,104,99,5,5
29861,102,105,-3,3
29862,155,149,6,6
29863,157,140,17,17
29864,122,101,21,21
29865,89,87,2,2
29866,68,66,2,2
29867,68,69,-1,1
29868,102,104,-2,2
29869,107,106,1,1
29870,62,60,2,2
29871,145,146,-1,1
29872,92,89,3,3
29873,113,100,13,13
29874,72,65,7,7
29875,67,68,-1,1
29876,86,82,4,4
29877,78,82,-4,4
29878,94,92,2,2
29879,103,88,15,15
29880,145,145,0,0
29881,74,81,-7,7
29882,128,133,-5,5
29883,146,117,29,29
29884,54,55,-1,1
29885,162,144,18,18
29886,150,148,2,2
29887,57,63,-6,6
29888,118,118,0,0
29889,37,46,-9,9
29890,121,108,13,13
29891,130,116,14,14
29892,62,65,-3,3
29893,66,69,-3,3
29894,119,97,22,22
29895,120,107,13,13
29896,100,104,-4,4
29897,121,125,-4,4
29898,85,96,-11,11
29899,99,91,8,8
29900,63,66,-3,3
29901,98,86,12,12
29902,62,61,1,1
29903,78,75,3,3
29904,61,63,-2,2
29905,110,99,11,11
29906,90,87,3,3
29907,125,99,26,26
29908,59,57,2,2
29909,83,75,8,8
29910,103,113,-10,10
29911,66,69,-3,3
29912,131,126,5,5
29913,72,79,-7,7
29914,56,61,-5,5
29915,110,108,2,2
29916,72,78,-6,6
29917,120,121,-1,1
29918,82,82,0,0
29919,79,80,-1,1
29920,169,155,14,14
29921,140,145,-5,5
29922,139,130,9,9
29923,53,64,-11,11
29924,93,101,-8,8
29925,95,85,10,10
29926,91,84,7,7
29927,96,91,5,5
29928,115,110,5,5
29929,80,73,7,7
29930,61,59,2,2
29931,125,129,-4,4
29932,79,74,5,5
29933,113,103,10,10
29934,113,114,-1,1
29935,79,81,-2,2
29936,143,126,17,17
29937,69,83,-14,14
29938,71,92,-21,21
29939,67,66,1,1
29940,53,52,1,1
29941,132,139,-7,7
29942,129,120,9,9
29943,85,81,4,4
29944,107,106,1,1
29945,143,134,9,9
29946,57,50,7,7
29947,99,93,6,6
29948,54,63,-9,9
29949,102,107,-5,5
29950,64,65,-1,1
29951,86,96,-10,10
29952,88,82,6,6
29953,170,147,23,23
29954,71,77,-6,6
29955,127,117,10,10
29956,61,63,-2,2
29957,63,67,-4,4
29958,46,52,-6,6
29959,78,75,3,3
29960,85,90,-5,5
29961,86,74,12,12
29962,91,84,7,7
29963,75,67,8,8
29964,75,74,1,1
29965,73,95,-22,22
29966,74,73,1,1
29967,69,76,-7,7
29968,77,67,10,10
29969,119,114,5,5
29970,77,88,-11,11
29971,143,136,7,7
29972,132,130,2,2
29973,89,91,-2,2
29974,60,57,3,3
29975,131,129,2,2
29976,83,78,5,5
29977,80,73,7,7
29978,92,84,8,8
29979,187,179,8,8
29980,128,124,4,4
29981,151,137,14,14
29982,44,45,-1,1
29983,83,84,-1,1
29984,78,72,6,6
29985,81,78,3,3
29986,73,76,-3,3
29987,138,137,1,1
29988,45,50,-5,5
29989,58,65,-7,7
29990,105,106,-1,1
29991,103,99,4,4
29992,91,91,0,0
29993,48,52,-4,4
29994,74,81,-7,7
29995,104,90,14,14
29996,69,71,-2,2
29997,62,65,-3,3
29998,140,150,-10,10
29999,129,148,-19,19
30000,98,92,6,6
30001,99,94,5,5
30002,71,66,5,5
30003,149,155,-6,6
30004,101,102,-1,1
30005,114,119,-5,5
30006,181,169,12,12
30007,112,115,-3,3
30008,112,107,5,5
30009,95,90,5,5
30010,133,125,8,8
30011,168,146,22,22
30012,24,44,-20,20
30013,119,107,12,12
30014,102,94,8,8
30015,84,79,5,5
30016,134,123,11,11
30017,69,68,1,1
30018,66,68,-2,2
30019,74,66,8,8
30020,113,108,5,5
30021,64,69,-5,5
30022,79,79,0,0
30023,103,86,17,17
30024,107,102,5,5
30025,66,76,-10,10
30026,88,86,2,2
30027,158,157,1,1
30028,123,108,15,15
30029,73,79,-6,6
30030,105,103,2,2
30031,65,67,-2,2
30032,119,118,1,1
30033,68,66,2,2
30034,64,65,-1,1
30035,74,75,-1,1
30036,23,39,-16,16
30037,97,93,4,4
30038,124,114,10,10
30039,72,73,-1,1
30040,132,125,7,7
30041,42,54,-12,12
30042,121,111,10,10
30043,89,84,5,5
30044,113,103,10,10
30045,114,108,6,6
30046,57,53,4,4
30047,63,64,-1,1
30048,121,119,2,2
30049,144,129,15,15
30050,118,113,5,5
30051,64,65,-1,1
30052,121,110,11,11
30053,135,124,11,11
30054,80,93,-13,13
30055,110,100,10,10
30056,100,98,2,2
30057,94,98,-4,4
30058,83,79,4,4
30059,87,93,-6,6
30060,67,69,-2,2
30061,95,98,-3,3
30062,88,81,7,7
30063,93,95,-2,2
30064,91,77,14,14
30065,133,118,15,15
30066,77,95,-18,18
30067,106,109,-3,3
30068,53,65,-12,12
30069,89,88,1,1
30070,154,126,28,28
30071,98,103,-5,5
30072,54,53,1,1
30073,79,79,0,0
30074,115,109,6,6
30075,135,132,3,3
30076,81,77,4,4
30077,56,69,-13,13
30078,54,65,-11,11
30079,73,67,6,6
30080,80,83,-3,3
30081,114,102,12,12
30082,170,179,-9,9
30083,124,116,8,8
30084,63,60,3,3
30085,93,104,-11,11
30086,77,74,3,3
30087,178,171,7,7
30088,67,66,1,1
30089,72,67,5,5
30090,60,58,2,2
30091,64,67,-3,3
30092,85,80,5,5
30093,158,148,10,10
30094,124,109,15,15
30095,70,110,-40,40
30096,61,67,-6,6
30097,110,117,-7,7
30098,94,102,-8,8
30099,161,144,17,17
30100,98,95,3,3
30101,165,150,15,15
30102,82,86,-4,4
30103,102,107,-5,5
30104,105,100,5,5
30105,85,95,-10,10
30106,106,107,-1,1
30107,91,85,6,6
30108,86,91,-5,5
30109,44,48,-4,4
30110,96,101,-5,5
30111,114,103,11,11
30112,83,85,-2,2
30113,24,34,-10,10
30114,75,78,-3,3
30115,140,139,1,1
30116,46,48,-2,2
30117,80,77,3,3
30118,82,94,-12,12
30119,125,116,9,9
30120,56,59,-3,3
30121,76,73,3,3
30122,44,47,-3,3
30123,102,94,8,8
30124,146,134,12,12
30125,46,48,-2,2
30126,80,84,-4,4
30127,117,122,-5,5
30128,85,75,10,10
30129,60,55,5,5
30130,81,88,-7,7
30131,42,40,2,2
30132,79,89,-10,10
30133,98,88,10,10
30134,110,103,7,7
30135,74,70,4,4
30136,54,57,-3,3
30137,113,115,-2,2
30138,78,89,-11,11
30139,52,49,3,3
30140,449,414,35,35
30141,121,118,3,3
30142,68,66,2,2
30143,35,42,-7,7
30144,36,42,-6,6
30145,81,86,-5,5
30146,155,144,11,11
30147,207,183,24,24
30148,105,105,0,0
30149,66,73,-7,7
30150,105,87,18,18
30151,63,58,5,5
30152,97,91,6,6
30153,114,100,14,14
30154,69,70,-1,1
30155,181,173,8,8
30156,58,66,-8,8
30157,56,62,-6,6
30158,41,46,-5,5
30159,61,65,-4,4
30160,108,115,-7,7
30161,113,105,8,8
30162,46,46,0,0
30163,85,80,5,5
30164,109,106,3,3
30165,144,142,2,2
30166,45,77,-32,32
30167,56,51,5,5
30168,71,65,6,6
30169,83,76,7,7
30170,72,75,-3,3
30171,92,81,11,11
30172,97,109,-12,12
30173,52,57,-5,5
30174,135,132,3,3
30175,69,73,-4,4
30176,88,91,-3,3
30177,79,78,1,1
30178,74,73,1,1
30179,74,77,-3,3
30180,102,106,-4,4
30181,154,133,21,21
30182,225,202,23,23
30183,98,102,-4,4
30184,77,76,1,1
30185,164,139,25,25
30186,144,109,35,35
30187,75,70,5,5
30188,142,143,-1,1
30189,115,112,3,3
30190,81,81,0,0
30191,103,105,-2,2
30192,94,98,-4,4
30193,76,90,-14,14
30194,50,56,-6,6
30195,108,118,-10,10
30196,146,134,12,12
30197,90,89,1,1
30198,129,121,8,8
30199,74,88,-14,14
30200,105,100,5,5
30201,91,88,3,3
30202,121,124,-3,3
30203,109,91,18,18
30204,85,100,-15,15
30205,111,113,-2,2
30206,136,127,9,9
30207,74,74,0,0
30208,89,94,-5,5
30209,102,97,5,5
30210,63,58,5,5
30211,113,114,-1,1
30212,92,80,12,12
30213,87,91,-4,4
30214,98,94,4,4
30215,111,111,0,0
30216,116,105,11,11
30217,133,134,-1,1
30218,160,145,15,15
30219,86,86,0,0
30220,132,126,6,6
30221,110,105,5,5
30222,53,54,-1,1
30223,95,90,5,5
30224,88,86,2,2
30225,56,56,0,0
30226,75,76,-1,1
30227,76,77,-1,1
30228,47,50,-3,3
30229,96,87,9,9
30230,39,61,-22,22
30231,159,134,25,25
30232,61,66,-5,5
30233,53,51,2,2
30234,84,83,1,1
30235,85,81,4,4
30236,82,87,-5,5
30237,88,91,-3,3
30238,87,80,7,7
30239,111,106,5,5
30240,161,146,15,15
30241,131,129,2,2
30242,89,83,6,6
30243,156,145,11,11
30244,61,61,0,0
30245,94,99,-5,5
30246,102,84,18,18
30247,167,164,3,3
30248,182,163,19,19
30249,59,53,6,6
30250,162,140,22,22
30251,132,124,8,8
30252,66,61,5,5
30253,88,84,4,4
30254,106,90,16,16
30255,59,66,-7,7
30256,86,89,-3,3
30257,45,51,-6,6
30258,42,50,-8,8
30259,54,54,0,0
30260,79,82,-3,3
30261,139,136,3,3
30262,98,100,-2,2
30263,113,109,4,4
30264,87,86,1,1
30265,55,61,-6,6
30266,47,50,-3,3
30267,93,99,-6,6
30268,55,55,0,0
30269,113,137,-24,24
30270,87,77,10,10
30271,138,135,3,3
30272,106,93,13,13
30273,76,80,-4,4
30274,89,84,5,5
30275,90,84,6,6
30276,119,112,7,7
30277,106,101,5,5
30278,89,84,5,5
30279,80,83,-3,3
30280,77,81,-4,4
30281,138,122,16,16
30282,99,93,6,6
30283,70,78,-8,8
30284,107,101,6,6
30285,64,65,-1,1
30286,123,116,7,7
30287,75,78,-3,3
30288,46,54,-8,8
30289,94,94,0,0
30290,68,65,3,3
30291,116,121,-5,5
30292,68,77,-9,9
30293,42,39,3,3
30294,74,63,11,11
30295,102,101,1,1
30296,111,102,9,9
30297,102,107,-5,5
30298,155,168,-13,13
30299,97,99,-2,2
30300,75,70,5,5
30301,158,163,-5,5
30302,66,57,9,9
30303,72,67,5,5
30304,197,160,37,37
30305,133,111,22,22
30306,103,105,-2,2
30307,119,112,7,7
30308,88,89,-1,1
30309,56,64,-8,8
30310,59,70,-11,11
30311,73,85,-12,12
30312,100,95,5,5
30313,83,79,4,4
30314,104,100,4,4
30315,91,93,-2,2
30316,86,86,0,0
30317,62,57,5,5
30318,90,98,-8,8
30319,79,72,7,7
30320,127,122,5,5
30321,108,117,-9,9
30322,38,68,-30,30
30323,63,75,-12,12
30324,55,59,-4,4
30325,111,90,21,21
30326,53,54,-1,1
30327,77,74,3,3
30328,143,140,3,3
30329,136,127,9,9
30330,47,57,-10,10
30331,85,81,4,4
30332,96,90,6,6
30333,87,86,1,1
30334,87,83,4,4
30335,144,125,19,19
30336,105,94,11,11
30337,96,101,-5,5
30338,78,81,-3,3
30339,140,148,-8,8
30340,69,68,1,1
30341,41,50,-9,9
30342,73,82,-9,9
30343,75,78,-3,3
30344,54,64,-10,10
30345,71,71,0,0
30346,92,96,-4,4
30347,78,74,4,4
30348,106,102,4,4
30349,77,83,-6,6
30350,74,79,-5,5
30351,59,60,-1,1
30352,94,103,-9,9
30353,86,79,7,7
30354,102,109,-7,7
30355,87,92,-5,5
30356,121,117,4,4
30357,75,68,7,7
30358,108,100,8,8
30359,174,151,23,23
30360,119,111,8,8
30361,84,85,-1,1
30362,98,93,5,5
30363,84,89,-5,5
30364,89,83,6,6
30365,87,78,9,9
30366,43,47,-4,4
30367,95,98,-3,3
30368,62,67,-5,5
30369,97,102,-5,5
30370,110,103,7,7
30371,102,106,-4,4
30372,95,99,-4,4
30373,84,86,-2,2
30374,88,93,-5,5
30375,101,98,3,3
30376,154,149,5,5
30377,159,150,9,9
30378,103,95,8,8
30379,75,75,0,0
30380,119,104,15,15
30381,27,37,-10,10
30382,77,81,-4,4
30383,169,145,24,24
30384,151,146,5,5
30385,72,66,6,6
30386,145,120,25,25
30387,62,67,-5,5
30388,52,69,-17,17
30389,69,78,-9,9
30390,74,73,1,1
30391,102,81,21,21
30392,91,96,-5,5
30393,93,89,4,4
30394,81,78,3,3
30395,137,128,9,9
30396,157,150,7,7
30397,48,48,0,0
30398,122,118,4,4
30399,64,67,-3,3
30400,175,159,16,16
30401,74,62,12,12
30402,47,48,-1,1
30403,103,95,8,8
30404,88,93,-5,5
30405,64,77,-13,13
30406,94,93,1,1
30407,111,102,9,9
30408,209,181,28,28
30409,80,79,1,1
30410,108,107,1,1
30411,103,100,3,3
30412,93,114,-21,21
30413,86,91,-5,5
30414,105,99,6,6
30415,110,104,6,6
30416,82,85,-3,3
30417,69,67,2,2
30418,43,42,1,1
30419,74,80,-6,6
30420,131,109,22,22
30421,137,134,3,3
30422,110,121,-11,11
30423,61,67,-6,6
30424,90,86,4,4
30425,78,70,8,8
30426,82,83,-1,1
30427,82,85,-3,3
30428,66,65,1,1
30429,136,134,2,2
30430,112,99,13,13
30431,71,72,-1,1
30432,114,108,6,6
30433,105,147,-42,42
30434,93,80,13,13
30435,122,120,2,2
30436,167,161,6,6
30437,67,66,1,1
30438,62,78,-16,16
30439,116,109,7,7
30440,120,107,13,13
30441,126,120,6,6
30442,110,103,7,7
30443,85,86,-1,1
30444,124,123,1,1
30445,129,129,0,0
30446,99,113,-14,14
30447,172,158,14,14
30448,76,80,-4,4
30449,64,66,-2,2
30450,138,121,17,17
30451,59,63,-4,4
30452,123,119,4,4
30453,140,107,33,33
30454,67,68,-1,1
30455,211,187,24,24
30456,155,138,17,17
30457,84,95,-11,11
30458,125,125,0,0
30459,72,70,2,2
30460,121,123,-2,2
30461,121,120,1,1
30462,141,139,2,2
30463,67,67,0,0
30464,73,96,-23,23
30465,107,107,0,0
30466,72,67,5,5
30467,65,69,-4,4
30468,82,79,3,3
30469,87,79,8,8
30470,87,78,9,9
30471,52,55,-3,3
30472,84,79,5,5
30473,81,79,2,2
30474,75,79,-4,4
30475,126,126,0,0
30476,45,48,-3,3
30477,48,56,-8,8
30478,77,76,1,1
30479,150,125,25,25
30480,100,94,6,6
30481,128,128,0,0
30482,86,83,3,3
30483,72,66,6,6
30484,108,103,5,5
30485,61,44,17,17
30486,121,118,3,3
30487,132,126,6,6
30488,112,117,-5,5
30489,148,138,10,10
30490,89,99,-10,10
30491,47,59,-12,12
30492,75,75,0,0
30493,113,125,-12,12
30494,82,88,-6,6
30495,82,80,2,2
30496,155,137,18,18
30497,114,107,7,7
30498,85,93,-8,8
30499,97,96,1,1
30500,117,104,13,13
30501,57,51,6,6
30502,121,116,5,5
30503,50,50,0,0
30504,32,43,-11,11
30505,126,115,11,11
30506,85,80,5,5
30507,45,55,-10,10
30508,105,98,7,7
30509,84,88,-4,4
30510,99,88,11,11
30511,129,95,34,34
30512,115,108,7,7
30513,127,124,3,3
30514,42,64,-22,22
30515,86,91,-5,5
30516,106,103,3,3
30517,108,98,10,10
30518,143,135,8,8
30519,98,104,-6,6
30520,131,105,26,26
30521,117,111,6,6
30522,82,74,8,8
30523,79,81,-2,2
30524,58,57,1,1
30525,96,90,6,6
30526,105,92,13,13
30527,103,102,1,1
30528,72,86,-14,14
30529,108,111,-3,3
30530,155,144,11,11
30531,164,146,18,18
30532,60,57,3,3
30533,130,121,9,9
30534,123,117,6,6
30535,104,101,3,3
30536,79,73,6,6
30537,136,128,8,8
30538,130,125,5,5
30539,135,116,19,19
30540,77,74,3,3
30541,136,123,13,13
30542,107,92,15,15
30543,127,112,15,15
30544,116,112,4,4
30545,132,126,6,6
30546,88,80,8,8
30547,74,73,1,1
30548,71,81,-10,10
30549,53,55,-2,2
30550,57,58,-1,1
30551,189,174,15,15
30552,49,47,2,2
30553,124,126,-2,2
30554,127,117,10,10
30555,45,64,-19,19
30556,110,120,-10,10
30557,104,104,0,0
30558,82,84,-2,2
30559,133,126,7,7
30560,229,200,29,29
30561,64,73,-9,9
30562,107,94,13,13
30563,109,107,2,2
30564,174,156,18,18
30565,176,166,10,10
30566,101,90,11,11
30567,113,103,10,10
30568,139,124,15,15
30569,56,56,0,0
30570,75,76,-1,1
30571,89,88,1,1
30572,34,45,-11,11
30573,130,128,2,2
30574,81,76,5,5
30575,103,115,-12,12
30576,99,99,0,0
30577,136,135,1,1
30578,37,44,-7,7
30579,82,77,5,5
30580,125,120,5,5
30581,121,116,5,5
30582,94,87,7,7
30583,67,67,0,0
30584,110,117,-7,7
30585,82,81,1,1
30586,106,111,-5,5
30587,154,141,13,13
30588,97,106,-9,9
30589,65,69,-4,4
30590,81,86,-5,5
30591,53,54,-1,1
30592,123,107,16,16
30593,123,109,14,14
30594,60,50,10,10
30595,59,65,-6,6
30596,71,96,-25,25
30597,154,141,13,13
30598,89,88,1,1
30599,89,81,8,8
30600,95,87,8,8
30601,78,78,0,0
30602,79,80,-1,1
30603,132,131,1,1
30604,124,126,-2,2
30605,125,119,6,6
30606,73,70,3,3
30607,109,110,-1,1
30608,84,81,3,3
30609,114,112,2,2
30610,98,97,1,1
30611,229,205,24,24
30612,118,117,1,1
30613,105,106,-1,1
30614,56,61,-5,5
30615,86,81,5,5
30616,72,74,-2,2
30617,144,163,-19,19
30618,151,139,12,12
30619,91,87,4,4
30620,134,130,4,4
30621,142,132,10,10
30622,119,117,2,2
30623,115,106,9,9
30624,122,121,1,1
30625,121,108,13,13
30626,145,149,-4,4
30627,151,144,7,7
30628,99,83,16,16
30629,90,88,2,2
30630,115,143,-28,28
30631,65,83,-18,18
30632,90,88,2,2
30633,78,78,0,0
30634,65,73,-8,8
30635,77,80,-3,3
30636,64,65,-1,1
30637,204,199,5,5
30638,134,139,-5,5
30639,144,128,16,16
30640,127,125,2,2
30641,88,79,9,9
30642,61,66,-5,5
30643,118,118,0,0
30644,91,87,4,4
30645,143,119,24,24
30646,166,143,23,23
30647,77,73,4,4
30648,97,87,10,10
30649,97,100,-3,3
30650,98,84,14,14
30651,71,70,1,1
30652,77,72,5,5
30653,145,136,9,9
30654,127,119,8,8
30655,144,136,8,8
30656,128,116,12,12
30657,148,139,9,9
30658,67,64,3,3
30659,147,147,0,0
30660,85,92,-7,7
30661,98,95,3,3
30662,72,74,-2,2
30663,74,76,-2,2
30664,111,114,-3,3
30665,80,74,6,6
30666,73,69,4,4
30667,79,79,0,0
30668,90,81,9,9
30669,104,96,8,8
30670,70,70,0,0
30671,99,97,2,2
30672,64,67,-3,3
30673,68,67,1,1
30674,96,91,5,5
30675,44,47,-3,3
30676,84,87,-3,3
30677,81,79,2,2
30678,152,142,10,10
30679,69,75,-6,6
30680,86,94,-8,8
30681,89,95,-6,6
30682,151,142,9,9
30683,80,85,-5,5
30684,97,102,-5,5
30685,55,53,2,2
30686,126,113,13,13
30687,110,113,-3,3
30688,112,118,-6,6
30689,156,135,21,21
30690,52,66,-14,14
30691,88,87,1,1
30692,98,102,-4,4
30693,131,122,9,9
30694,114,106,8,8
30695,154,154,0,0
30696,52,53,-1,1
30697,134,129,5,5
30698,60,61,-1,1
30699,68,71,-3,3
30700,119,114,5,5
30701,61,64,-3,3
30702,94,100,-6,6
30703,98,101,-3,3
30704,103,104,-1,1
30705,120,116,4,4
30706,97,94,3,3
30707,126,112,14,14
30708,103,98,5,5
30709,97,99,-2,2
30710,89,82,7,7
30711,69,66,3,3
30712,58,57,1,1
30713,109,99,10,10
30714,91,79,12,12
30715,76,73,3,3
30716,206,189,17,17
30717,109,95,14,14
30718,167,156,11,11
30719,124,110,14,14
30720,68,67,1,1
30721,162,130,32,32
30722,92,88,4,4
30723,160,159,1,1
30724,107,103,4,4
30725,104,87,17,17
30726,72,68,4,4
30727,59,63,-4,4
30728,102,92,10,10
30729,110,116,-6,6
30730,71,68,3,3
30731,96,88,8,8
30732,117,112,5,5
30733,67,69,-2,2
30734,64,73,-9,9
30735,111,106,5,5
30736,54,47,7,7
30737,70,71,-1,1
30738,89,83,6,6
30739,125,131,-6,6
30740,81,91,-10,10
30741,132,116,16,16
30742,122,120,2,2
30743,83,85,-2,2
30744,49,63,-14,14
30745,134,109,25,25
30746,86,85,1,1
30747,87,80,7,7
30748,113,109,4,4
30749,147,145,2,2
30750,57,65,-8,8
30751,81,76,5,5
30752,84,90,-6,6
30753,130,121,9,9
30754,103,96,7,7
30755,57,59,-2,2
30756,58,61,-3,3
30757,147,121,26,26
30758,136,133,3,3
30759,78,80,-2,2
30760,92,90,2,2
30761,69,72,-3,3
30762,151,136,15,15
30763,155,152,3,3
30764,80,86,-6,6
30765,71,65,6,6
30766,113,165,-52,52
30767,129,109,20,20
30768,113,107,6,6
30769,82,87,-5,5
30770,69,53,16,16
30771,95,91,4,4
30772,86,88,-2,2
30773,86,78,8,8
30774,73,70,3,3
30775,84,88,-4,4
30776,99,92,7,7
30777,159,138,21,21
30778,94,97,-3,3
30779,93,93,0,0
30780,52,54,-2,2
30781,92,92,0,0
30782,77,84,-7,7
30783,83,86,-3,3
30784,145,138,7,7
30785,89,82,7,7
30786,98,91,7,7
30787,128,127,1,1
30788,70,82,-12,12
30789,85,87,-2,2
30790,94,95,-1,1
30791,63,75,-12,12
30792,120,102,18,18
30793,93,100,-7,7
30794,113,106,7,7
30795,164,160,4,4
30796,121,117,4,4
30797,61,56,5,5
30798,100,115,-15,15
30799,67,57,10,10
30800,107,109,-2,2
30801,56,50,6,6
30802,79,79,0,0
30803,116,145,-29,29
30804,139,130,9,9
30805,112,119,-7,7
30806,92,92,0,0
30807,108,100,8,8
30808,124,125,-1,1
30809,158,160,-2,2
30810,106,105,1,1
30811,132,121,11,11
30812,100,91,9,9
30813,64,95,-31,31
30814,128,118,10,10
30815,53,49,4,4
30816,54,52,2,2
30817,81,80,1,1
30818,67,68,-1,1
30819,97,112,-15,15
30820,129,113,16,16
30821,122,103,19,19
30822,139,131,8,8
30823,44,48,-4,4
30824,131,127,4,4
30825,67,72,-5,5
30826,115,101,14,14
30827,53,51,2,2
30828,84,82,2,2
30829,124,117,7,7
30830,74,67,7,7
30831,104,112,-8,8
30832,70,75,-5,5
30833,112,110,2,2
30834,90,74,16,16
30835,83,97,-14,14
30836,71,73,-2,2
30837,81,78,3,3
30838,124,137,-13,13
30839,161,158,3,3
30840,52,60,-8,8
30841,78,82,-4,4
30842,57,52,5,5
30843,113,109,4,4
30844,105,96,9,9
30845,119,102,17,17
30846,48,52,-4,4
30847,123,110,13,13
30848,96,89,7,7
30849,124,109,15,15
30850,129,123,6,6
30851,125,118,7,7
30852,104,104,0,0
30853,117,114,3,3
30854,151,144,7,7
30855,125,119,6,6
30856,87,96,-9,9
30857,71,70,1,1
30858,58,57,1,1
30859,127,129,-2,2
30860,143,124,19,19
30861,78,74,4,4
30862,114,121,-7,7
30863,49,49,0,0
30864,86,88,-2,2
30865,81,87,-6,6
30866,85,82,3,3
30867,158,135,23,23
30868,57,52,5,5
30869,109,107,2,2
30870,95,90,5,5
30871,45,48,-3,3
30872,76,88,-12,12
30873,83,83,0,0
30874,100,111,-11,11
30875,65,80,-15,15
30876,76,81,-5,5
30877,47,54,-7,7
30878,70,74,-4,4
30879,157,152,5,5
30880,204,174,30,30
30881,88,81,7,7
30882,93,87,6,6
30883,53,61,-8,8
30884,97,97,0,0
30885,84,81,3,3
30886,66,76,-10,10
30887,73,76,-3,3
30888,64,66,-2,2
30889,102,91,11,11
30890,56,64,-8,8
30891,73,76,-3,3
30892,78,83,-5,5
30893,64,75,-11,11
30894,89,90,-1,1
30895,108,109,-1,1
30896,79,67,12,12
30897,99,95,4,4
30898,104,103,1,1
30899,174,154,20,20
30900,76,77,-1,1
30901,67,75,-8,8
30902,103,98,5,5
30903,72,71,1,1
30904,65,76,-11,11
30905,79,79,0,0
30906,39,70,-31,31
30907,42,45,-3,3
30908,43,47,-4,4
30909,130,127,3,3
30910,56,56,0,0
30911,67,69,-2,2
30912,61,59,2,2
30913,79,69,10,10
30914,122,96,26,26
30915,121,111,10,10
30916,87,77,10,10
30917,95,100,-5,5
30918,76,74,2,2
30919,98,85,13,13
30920,149,146,3,3
30921,37,45,-8,8
30922,91,76,15,15
30923,99,96,3,3
30924,64,71,-7,7
30925,113,105,8,8
30926,82,83,-1,1
30927,71,72,-1,1
30928,103,108,-5,5
30929,58,67,-9,9
30930,112,105,7,7
30931,61,63,-2,2
30932,60,71,-11,11
30933,118,119,-1,1
30934,48,51,-3,3
30935,86,77,9,9
30936,61,71,-10,10
30937,123,108,15,15
30938,151,140,11,11
30939,50,52,-2,2
30940,123,126,-3,3
30941,186,169,17,17
30942,59,65,-6,6
30943,141,136,5,5
30944,130,148,-18,18
30945,83,78,5,5
30946,63,66,-3,3
30947,168,144,24,24
30948,88,87,1,1
30949,49,56,-7,7
30950,47,55,-8,8
30951,81,85,-4,4
30952,176,149,27,27
30953,58,64,-6,6
30954,48,45,3,3
30955,117,113,4,4
30956,115,99,16,16
30957,120,111,9,9
30958,90,89,1,1
30959,46,53,-7,7
30960,113,120,-7,7
30961,64,66,-2,2
30962,126,112,14,14
30963,153,133,20,20
30964,114,106,8,8
30965,182,177,5,5
30966,114,113,1,1
30967,91,93,-2,2
30968,116,106,10,10
30969,135,123,12,12
30970,70,70,0,0
30971,80,76,4,4
30972,50,68,-18,18
30973,90,91,-1,1
30974,50,56,-6,6
30975,144,123,21,21
30976,77,70,7,7
30977,81,77,4,4
30978,41,43,-2,2
30979,80,82,-2,2
30980,97,88,9,9
30981,65,69,-4,4
30982,70,72,-2,2
30983,176,177,-1,1
30984,143,135,8,8
30985,79,78,1,1
30986,122,113,9,9
30987,135,129,6,6
30988,85,93,-8,8
30989,50,60,-10,10
30990,88,84,4,4
30991,120,107,13,13
30992,134,128,6,6
30993,74,82,-8,8
30994,86,88,-2,2
30995,95,90,5,5
30996,56,62,-6,6
30997,92,86,6,6
30998,86,86,0,0
30999,70,88,-18,18
31000,81,77,4,4
31001,113,112,1,1
31002,99,92,7,7
31003,77,80,-3,3
31004,31,35,-4,4
31005,99,91,8,8
31006,85,81,4,4
31007,80,87,-7,7
31008,92,90,2,2
31009,56,64,-8,8
31010,139,145,-6,6
31011,51,49,2,2
31012,36,52,-16,16
31013,126,112,14,14
31014,76,78,-2,2
31015,96,107,-11,11
31016,87,92,-5,5
31017,117,107,10,10
31018,102,105,-3,3
31019,89,92,-3,3
31020,107,88,19,19
31021,79,79,0,0
31022,89,88,1,1
31023,67,60,7,7
31024,114,108,6,6
31025,69,69,0,0
31026,115,95,20,20
31027,168,165,3,3
31028,84,98,-14,14
31029,79,67,12,12
31030,133,133,0,0
31031,123,105,18,18
31032,102,111,-9,9
31033,123,111,12,12
31034,97,86,11,11
31035,89,87,2,2
31036,92,98,-6,6
31037,171,148,23,23
31038,72,67,5,5
31039,92,97,-5,5
31040,54,63,-9,9
31041,113,114,-1,1
31042,110,96,14,14
31043,64,65,-1,1
31044,64,64,0,0
31045,69,65,4,4
31046,81,78,3,3
31047,101,97,4,4
31048,92,94,-2,2
31049,85,92,-7,7
31050,58,57,1,1
31051,124,111,13,13
31052,81,75,6,6
31053,108,97,11,11
31054,93,88,5,5
31055,70,60,10,10
31056,119,90,29,29
31057,65,68,-3,3
31058,90,81,9,9
31059,53,54,-1,1
31060,73,78,-5,5
31061,52,59,-7,7
31062,97,99,-2,2
31063,118,107,11,11
31064,95,87,8,8
31065,89,84,5,5
31066,66,67,-1,1
31067,75,76,-1,1
31068,107,99,8,8
31069,63,63,0,0
31070,148,129,19,19
31071,110,105,5,5
31072,96,101,-5,5
31073,123,120,3,3
31074,123,106,17,17
31075,106,94,12,12
31076,101,95,6,6
31077,105,102,3,3
31078,94,100,-6,6
31079,53,66,-13,13
31080,53,64,-11,11
31081,116,111,5,5
31082,122,127,-5,5
31083,96,100,-4,4
31084,117,108,9,9
31085,105,99,6,6
31086,74,77,-3,3
31087,43,54,-11,11
31088,110,107,3,3
31089,71,73,-2,2
31090,72,67,5,5
31091,109,106,3,3
31092,142,140,2,2
31093,69,64,5,5
31094,127,132,-5,5
31095,113,119,-6,6
31096,61,65,-4,4
31097,108,102,6,6
31098,83,79,4,4
31099,58,64,-6,6
31100,107,102,5,5
31101,108,120,-12,12
31102,97,89,8,8
31103,101,88,13,13
31104,101,101,0,0
31105,123,108,15,15
31106,68,68,0,0
31107,89,83,6,6
31108,47,48,-1,1
31109,128,111,17,17
31110,117,113,4,4
31111,94,87,7,7
31112,111,100,11,11
31113,51,55,-4,4
31114,65,77,-12,12
31115,79,97,-18,18
31116,140,134,6,6
31117,152,128,24,24
31118,108,107,1,1
31119,115,105,10,10
31120,78,89,-11,11
31121,100,98,2,2
31122,69,73,-4,4
31123,127,122,5,5
31124,64,61,3,3
31125,148,139,9,9
31126,105,98,7,7
31127,123,115,8,8
31128,56,54,2,2
31129,60,73,-13,13
31130,100,89,11,11
31131,77,95,-18,18
31132,89,106,-17,17
31133,63,67,-4,4
31134,70,70,0,0
31135,74,69,5,5
31136,74,83,-9,9
31137,149,128,21,21
31138,60,64,-4,4
31139,115,164,-49,49
31140,65,68,-3,3
31141,95,87,8,8
31142,126,135,-9,9
31143,84,91,-7,7
31144,114,101,13,13
31145,130,119,11,11
31146,117,103,14,14
31147,135,136,-1,1
31148,110,109,1,1
31149,74,70,4,4
31150,91,89,2,2
31151,102,98,4,4
31152,76,82,-6,6
31153,81,104,-23,23
31154,117,110,7,7
31155,58,64,-6,6
31156,52,70,-18,18
31157,44,65,-21,21
31158,126,126,0,0
31159,102,99,3,3
31160,68,65,3,3
31161,96,110,-14,14
31162,116,101,15,15
31163,96,87,9,9
31164,44,54,-10,10
31165,49,46,3,3
31166,109,106,3,3
31167,40,53,-13,13
31168,84,111,-27,27
31169,57,59,-2,2
31170,85,91,-6,6
31171,44,49,-5,5
31172,77,75,2,2
31173,70,78,-8,8
31174,63,70,-7,7
31175,75,74,1,1
31176,88,86,2,2
31177,98,92,6,6
31178,66,81,-15,15
31179,78,71,7,7
31180,95,98,-3,3
31181,99,124,-25,25
31182,20,87,-67,67
31183,88,90,-2,2
31184,165,150,15,15
31185,127,121,6,6
31186,55,60,-5,5
31187,145,138,7,7
31188,72,70,2,2
31189,84,78,6,6
31190,62,65,-3,3
31191,107,96,11,11
31192,113,92,21,21
31193,64,67,-3,3
31194,132,111,21,21
31195,80,76,4,4
31196,64,71,-7,7
31197,58,67,-9,9
31198,53,67,-14,14
31199,101,98,3,3
31200,97,89,8,8
31201,93,94,-1,1
31202,87,76,11,11
31203,78,77,1,1
31204,70,62,8,8
31205,119,82,37,37
31206,66,70,-4,4
31207,82,88,-6,6
31208,117,99,18,18
31209,106,101,5,5
31210,79,77,2,2
31211,129,154,-25,25
31212,95,83,12,12
31213,66,69,-3,3
31214,63,64,-1,1
31215,128,133,-5,5
31216,86,80,6,6
31217,87,89,-2,2
31218,115,120,-5,5
31219,126,119,7,7
31220,66,100,-34,34
31221,138,132,6,6
31222,118,103,15,15
31223,105,104,1,1
31224,59,69,-10,10
31225,51,60,-9,9
31226,45,65,-20,20
31227,79,79,0,0
31228,103,91,12,12
31229,86,115,-29,29
31230,63,61,2,2
31231,104,99,5,5
31232,144,132,12,12
31233,160,139,21,21
31234,55,53,2,2
31235,83,79,4,4
31236,104,100,4,4
31237,61,65,-4,4
31238,92,96,-4,4
31239,72,74,-2,2
31240,103,95,8,8
31241,192,163,29,29
31242,89,84,5,5
31243,76,71,5,5
31244,70,77,-7,7
31245,81,75,6,6
31246,96,95,1,1
31247,120,110,10,10
31248,88,88,0,0
31249,81,71,10,10
31250,91,89,2,2
31251,104,91,13,13
31252,71,68,3,3
31253,51,53,-2,2
31254,138,129,9,9
31255,88,70,18,18
31256,64,73,-9,9
31257,108,110,-2,2
31258,120,114,6,6
31259,78,97,-19,19
31260,158,134,24,24
31261,185,161,24,24
31262,168,169,-1,1
31263,96,102,-6,6
31264,100,80,20,20
31265,48,98,-50,50
31266,80,78,2,2
31267,49,52,-3,3
31268,108,105,3,3
31269,71,72,-1,1
31270,111,106,5,5
31271,75,74,1,1
31272,117,114,3,3
31273,156,136,20,20
31274,111,98,13,13
31275,108,108,0,0
31276,54,62,-8,8
31277,83,91,-8,8
31278,91,80,11,11
31279,53,60,-7,7
31280,46,49,-3,3
31281,39,51,-12,12
31282,97,106,-9,9
31283,97,102,-5,5
31284,93,85,8,8
31285,173,157,16,16
31286,76,74,2,2
31287,146,136,10,10
31288,128,131,-3,3
31289,81,77,4,4
31290,90,87,3,3
31291,109,110,-1,1
31292,123,108,15,15
31293,100,93,7,7
31294,77,83,-6,6
31295,77,75,2,2
31296,109,114,-5,5
31297,85,81,4,4
31298,94,91,3,3
31299,57,52,5,5
31300,51,55,-4,4
31301,50,61,-11,11
31302,80,74,6,6
31303,73,67,6,6
31304,68,74,-6,6
31305,153,135,18,18
31306,120,122,-2,2
31307,99,98,1,1
31308,97,94,3,3
31309,82,80,2,2
31310,85,92,-7,7
31311,84,81,3,3
31312,93,102,-9,9
31313,55,57,-2,2
31314,53,56,-3,3
31315,148,137,11,11
31316,115,117,-2,2
31317,116,111,5,5
31318,109,94,15,15
31319,72,79,-7,7
31320,85,85,0,0
31321,78,65,13,13
31322,133,118,15,15
31323,89,86,3,3
31324,53,65,-12,12
31325,145,150,-5,5
31326,75,72,3,3
31327,60,60,0,0
31328,71,70,1,1
31329,62,66,-4,4
31330,165,149,16,16
31331,51,71,-20,20
31332,146,156,-10,10
31333,64,65,-1,1
31334,75,82,-7,7
31335,79,74,5,5
31336,85,88,-3,3
31337,100,97,3,3
31338,119,108,11,11
31339,106,110,-4,4
31340,79,77,2,2
31341,163,148,15,15
31342,121,122,-1,1
31343,66,73,-7,7
31344,114,107,7,7
31345,77,76,1,1
31346,57,68,-11,11
31347,87,89,-2,2
31348,86,81,5,5
31349,71,76,-5,5
31350,124,117,7,7
31351,65,62,3,3
31352,111,101,10,10
31353,62,68,-6,6
31354,94,84,10,10
31355,76,78,-2,2
31356,122,130,-8,8
31357,136,150,-14,14
31358,76,73,3,3
31359,82,95,-13,13
31360,62,62,0,0
31361,65,62,3,3
31362,63,72,-9,9
31363,50,47,3,3
31364,56,66,-10,10
31365,80,85,-5,5
31366,95,83,12,12
31367,94,93,1,1
31368,90,75,15,15
31369,116,95,21,21
31370,113,100,13,13
31371,70,69,1,1
31372,31,42,-11,11
31373,70,76,-6,6
31374,72,68,4,4
31375,92,84,8,8
31376,82,77,5,5
31377,58,69,-11,11
31378,104,109,-5,5
31379,75,74,1,1
31380,90,90,0,0
31381,130,124,6,6
31382,126,121,5,5
31383,89,85,4,4
31384,108,106,2,2
31385,51,58,-7,7
31386,132,126,6,6
31387,91,94,-3,3
31388,109,111,-2,2
31389,103,116,-13,13
31390,87,81,6,6
31391,123,121,2,2
31392,109,97,12,12
31393,77,88,-11,11
31394,96,97,-1,1
31395,82,83,-1,1
31396,111,110,1,1
31397,72,69,3,3
31398,117,107,10,10
31399,117,113,4,4
31400,137,129,8,8
31401,107,91,16,16
31402,91,94,-3,3
31403,110,104,6,6
31404,76,82,-6,6
31405,83,73,10,10
31406,142,136,6,6
31407,97,94,3,3
31408,54,52,2,2
31409,71,76,-5,5
31410,91,97,-6,6
31411,100,100,0,0
31412,47,50,-3,3
31413,114,104,10,10
31414,65,55,10,10
31415,33,43,-10,10
31416,88,78,10,10
31417,102,101,1,1
31418,72,85,-13,13
31419,95,93,2,2
31420,100,98,2,2
31421,200,187,13,13
31422,147,129,18,18
31423,98,102,-4,4
31424,111,109,2,2
31425,105,104,1,1
31426,89,86,3,3
31427,108,103,5,5
31428,35,62,-27,27
31429,54,65,-11,11
31430,124,117,7,7
31431,90,79,11,11
31432,130,124,6,6
31433,138,128,10,10
31434,143,125,18,18
31435,74,74,0,0
31436,47,61,-14,14
31437,64,65,-1,1
31438,174,170,4,4
31439,96,90,6,6
31440,132,129,3,3
31441,66,71,-5,5
31442,105,102,3,3
31443,128,122,6,6
31444,99,97,2,2
31445,70,69,1,1
31446,62,56,6,6
31447,78,75,3,3
31448,93,93,0,0
31449,89,71,18,18
31450,104,107,-3,3
31451,74,72,2,2
31452,102,86,16,16
31453,58,60,-2,2
31454,89,86,3,3
31455,84,78,6,6
31456,128,110,18,18
31457,91,91,0,0
31458,80,73,7,7
31459,84,90,-6,6
31460,100,98,2,2
31461,115,107,8,8
31462,92,92,0,0
31463,155,158,-3,3
31464,175,147,28,28
31465,79,77,2,2
31466,70,66,4,4
31467,64,75,-11,11
31468,111,109,2,2
31469,83,82,1,1
31470,92,93,-1,1
31471,153,145,8,8
31472,138,128,10,10
31473,90,104,-14,14
31474,104,109,-5,5
31475,52,52,0,0
31476,72,77,-5,5
31477,76,76,0,0
31478,69,69,0,0
31479,145,132,13,13
31480,67,66,1,1
31481,79,77,2,2
31482,103,94,9,9
31483,145,145,0,0
31484,86,85,1,1
31485,112,103,9,9
31486,130,131,-1,1
31487,173,153,20,20
31488,75,79,-4,4
31489,195,161,34,34
31490,93,92,1,1
31491,102,93,9,9
31492,64,62,2,2
31493,68,68,0,0
31494,58,65,-7,7
31495,93,79,14,14
31496,119,97,22,22
31497,54,50,4,4
31498,72,87,-15,15
31499,82,82,0,0
31500,130,120,10,10
31501,75,79,-4,4
31502,73,79,-6,6
31503,72,76,-4,4
31504,243,251,-8,8
31505,62,81,-19,19
31506,79,71,8,8
31507,129,129,0,0
31508,119,104,15,15
31509,121,118,3,3
31510,135,129,6,6
31511,64,60,4,4
31512,84,81,3,3
31513,68,73,-5,5
31514,89,82,7,7
31515,59,54,5,5
31516,67,76,-9,9
31517,108,111,-3,3
31518,55,62,-7,7
31519,161,132,29,29
31520,75,79,-4,4
31521,113,102,11,11
31522,102,97,5,5
31523,116,106,10,10
31524,134,125,9,9
31525,161,130,31,31
31526,122,114,8,8
31527,103,98,5,5
31528,75,74,1,1
31529,162,138,24,24
31530,76,85,-9,9
31531,57,61,-4,4
31532,74,74,0,0
31533,78,70,8,8
31534,68,67,1,1
31535,101,91,10,10
31536,66,67,-1,1
31537,61,69,-8,8
31538,120,109,11,11
31539,62,64,-2,2
31540,149,126,23,23
31541,85,90,-5,5
31542,126,112,14,14
31543,192,182,10,10
31544,94,88,6,6
31545,69,71,-2,2
31546,99,84,15,15
31547,114,104,10,10
31548,75,80,-5,5
31549,113,122,-9,9
31550,165,147,18,18
31551,133,122,11,11
31552,86,94,-8,8
31553,72,65,7,7
31554,97,96,1,1
31555,113,150,-37,37
31556,110,107,3,3
31557,119,121,-2,2
31558,60,63,-3,3
31559,72,85,-13,13
31560,110,103,7,7
31561,151,134,17,17
31562,70,79,-9,9
31563,89,92,-3,3
31564,112,104,8,8
31565,70,74,-4,4
31566,64,65,-1,1
31567,155,152,3,3
31568,103,97,6,6
31569,115,104,11,11
31570,57,53,4,4
31571,92,95,-3,3
31572,96,88,8,8
31573,61,65,-4,4
31574,144,125,19,19
31575,75,77,-2,2
31576,138,125,13,13
31577,103,105,-2,2
31578,118,103,15,15
31579,80,86,-6,6
31580,107,100,7,7
31581,84,81,3,3
31582,87,81,6,6
31583,56,55,1,1
31584,129,139,-10,10
31585,94,90,4,4
31586,72,79,-7,7
31587,193,164,29,29
31588,141,123,18,18
31589,98,94,4,4
31590,116,120,-4,4
31591,154,142,12,12
31592,116,116,0,0
31593,75,82,-7,7
31594,107,96,11,11
31595,83,78,5,5
31596,103,106,-3,3
31597,99,96,3,3
31598,109,108,1,1
31599,95,90,5,5
31600,85,76,9,9
31601,81,78,3,3
31602,112,99,13,13
31603,82,77,5,5
31604,56,54,2,2
31605,64,65,-1,1
31606,105,115,-10,10
31607,118,113,5,5
31608,82,84,-2,2
31609,96,97,-1,1
31610,69,67,2,2
31611,128,126,2,2
31612,88,93,-5,5
31613,90,85,5,5
31614,141,133,8,8
31615,75,82,-7,7
31616,108,103,5,5
31617,153,141,12,12
31618,101,96,5,5
31619,76,80,-4,4
31620,86,93,-7,7
31621,49,49,0,0
31622,130,125,5,5
31623,95,91,4,4
31624,33,48,-15,15
31625,156,152,4,4
31626,49,46,3,3
31627,89,82,7,7
31628,86,74,12,12
31629,80,80,0,0
31630,97,94,3,3
31631,59,66,-7,7
31632,153,141,12,12
31633,51,53,-2,2
31634,88,74,14,14
31635,145,152,-7,7
31636,165,171,-6,6
31637,74,84,-10,10
31638,80,87,-7,7
31639,101,95,6,6
31640,46,48,-2,2
31641,62,63,-1,1
31642,107,94,13,13
31643,66,66,0,0
31644,153,143,10,10
31645,75,73,2,2
31646,49,52,-3,3
31647,120,122,-2,2
31648,131,121,10,10
31649,106,105,1,1
31650,147,136,11,11
31651,81,83,-2,2
31652,94,95,-1,1
31653,57,74,-17,17
31654,61,72,-11,11
31655,47,47,0,0
31656,53,51,2,2
31657,117,107,10,10
31658,98,73,25,25
31659,48,50,-2,2
31660,190,181,9,9
31661,68,73,-5,5
31662,106,98,8,8
31663,57,66,-9,9
31664,131,132,-1,1
31665,132,123,9,9
31666,74,75,-1,1
31667,125,124,1,1
31668,86,86,0,0
31669,49,50,-1,1
31670,95,83,12,12
31671,67,65,2,2
31672,82,87,-5,5
31673,93,101,-8,8
31674,52,63,-11,11
31675,55,54,1,1
31676,111,106,5,5
31677,73,70,3,3
31678,72,83,-11,11
31679,160,148,12,12
31680,97,99,-2,2
31681,95,88,7,7
31682,117,93,24,24
31683,67,62,5,5
31684,55,58,-3,3
31685,103,94,9,9
31686,108,110,-2,2
31687,82,77,5,5
31688,155,138,17,17
31689,87,89,-2,2
31690,88,82,6,6
31691,84,98,-14,14
31692,66,80,-14,14
31693,59,61,-2,2
31694,80,79,1,1
31695,120,120,0,0
31696,92,90,2,2
31697,36,42,-6,6
31698,89,77,12,12
31699,113,106,7,7
31700,86,89,-3,3
31701,117,137,-20,20
31702,78,73,5,5
31703,72,77,-5,5
31704,76,65,11,11
31705,76,75,1,1
31706,87,85,2,2
31707,76,94,-18,18
31708,79,63,16,16
31709,51,47,4,4
31710,121,126,-5,5
31711,100,87,13,13
31712,83,84,-1,1
31713,84,71,13,13
31714,100,104,-4,4
31715,125,115,10,10
31716,73,66,7,7
31717,59,59,0,0
31718,79,78,1,1
31719,76,83,-7,7
31720,108,110,-2,2
31721,64,74,-10,10
31722,101,91,10,10
31723,140,119,21,21
31724,89,91,-2,2
31725,72,69,3,3
31726,82,87,-5,5
31727,68,67,1,1
31728,41,52,-11,11
31729,77,78,-1,1
31730,150,132,18,18
31731,121,111,10,10
31732,96,106,-10,10
31733,50,53,-3,3
31734,45,54,-9,9
31735,118,121,-3,3
31736,108,105,3,3
31737,74,66,8,8
31738,148,138,10,10
31739,109,102,7,7
31740,53,55,-2,2
31741,69,67,2,2
31742,75,77,-2,2
31743,75,87,-12,12
31744,93,90,3,3
31745,36,42,-6,6
31746,62,71,-9,9
31747,139,135,4,4
31748,67,70,-3,3
31749,199,190,9,9
31750,61,59,2,2
31751,66,66,0,0
31752,58,62,-4,4
31753,58,59,-1,1
31754,98,104,-6,6
31755,65,64,1,1
31756,96,94,2,2
31757,105,104,1,1
31758,44,50,-6,6
31759,116,111,5,5
31760,87,81,6,6
31761,94,105,-11,11
31762,130,131,-1,1
31763,103,97,6,6
31764,85,84,1,1
31765,94,100,-6,6
31766,78,73,5,5
31767,120,113,7,7
31768,48,51,-3,3
31769,107,96,11,11
31770,87,86,1,1
31771,115,112,3,3
31772,122,117,5,5
31773,137,118,19,19
31774,19,37,-18,18
31775,90,94,-4,4
31776,45,46,-1,1
31777,53,59,-6,6
31778,132,115,17,17
31779,54,50,4,4
31780,123,127,-4,4
31781,88,98,-10,10
31782,90,80,10,10
31783,112,106,6,6
31784,67,68,-1,1
31785,50,53,-3,3
31786,65,67,-2,2
31787,44,48,-4,4
31788,86,96,-10,10
31789,65,68,-3,3
31790,80,98,-18,18
31791,128,116,12,12
31792,166,134,32,32
31793,105,91,14,14
31794,77,75,2,2
31795,113,111,2,2
31796,82,80,2,2
31797,94,96,-2,2
31798,123,114,9,9
31799,118,115,3,3
31800,159,143,16,16
31801,100,84,16,16
31802,95,87,8,8
31803,128,127,1,1
31804,67,79,-12,12
31805,131,115,16,16
31806,78,76,2,2
31807,58,59,-1,1
31808,126,112,14,14
31809,136,136,0,0
31810,75,72,3,3
31811,100,97,3,3
31812,52,51,1,1
31813,94,87,7,7
31814,64,76,-12,12
31815,65,66,-1,1
31816,85,86,-1,1
31817,100,96,4,4
31818,134,129,5,5
31819,88,89,-1,1
31820,87,85,2,2
31821,112,105,7,7
31822,222,194,28,28
31823,103,92,11,11
31824,131,147,-16,16
31825,143,139,4,4
31826,89,89,0,0
31827,144,125,19,19
31828,90,88,2,2
31829,117,108,9,9
31830,41,45,-4,4
31831,161,150,11,11
31832,87,90,-3,3
31833,67,66,1,1
31834,89,97,-8,8
31835,58,51,7,7
31836,54,56,-2,2
31837,66,62,4,4
31838,62,71,-9,9
31839,46,51,-5,5
31840,116,112,4,4
31841,146,140,6,6
31842,153,153,0,0
31843,110,93,17,17
31844,83,73,10,10
31845,138,123,15,15
31846,117,106,11,11
31847,86,81,5,5
31848,170,156,14,14
31849,96,100,-4,4
31850,57,53,4,4
31851,102,90,12,12
31852,96,94,2,2
31853,88,86,2,2
31854,117,118,-1,1
31855,83,95,-12,12
31856,94,104,-10,10
31857,68,78,-10,10
31858,81,76,5,5
31859,165,161,4,4
31860,93,81,12,12
31861,169,158,11,11
31862,79,83,-4,4
31863,91,85,6,6
31864,96,91,5,5
31865,107,89,18,18
31866,98,92,6,6
31867,81,74,7,7
31868,125,122,3,3
31869,111,104,7,7
31870,50,56,-6,6
31871,102,100,2,2
31872,94,84,10,10
31873,57,54,3,3
31874,110,102,8,8
31875,89,83,6,6
31876,69,68,1,1
31877,116,113,3,3
31878,135,114,21,21
31879,76,72,4,4
31880,98,85,13,13
31881,72,72,0,0
31882,68,75,-7,7
31883,77,75,2,2
31884,125,135,-10,10
31885,115,104,11,11
31886,136,119,17,17
31887,80,76,4,4
31888,82,82,0,0
31889,76,79,-3,3
31890,82,78,4,4
31891,138,127,11,11
31892,108,99,9,9
31893,153,143,10,10
31894,76,77,-1,1
31895,100,89,11,11
31896,97,99,-2,2
31897,119,111,8,8
31898,35,50,-15,15
31899,39,41,-2,2
31900,102,91,11,11
31901,93,107,-14,14
31902,122,114,8,8
31903,88,80,8,8
31904,84,84,0,0
31905,207,187,20,20
31906,67,66,1,1
31907,111,110,1,1
31908,75,74,1,1
31909,112,98,14,14
31910,59,58,1,1
31911,66,66,0,0
31912,161,154,7,7
31913,80,85,-5,5
31914,64,72,-8,8
31915,123,79,44,44
31916,123,111,12,12
31917,144,137,7,7
31918,61,62,-1,1
31919,85,77,8,8
31920,100,92,8,8
31921,100,91,9,9
31922,65,59,6,6
31923,75,70,5,5
31924,104,89,15,15
31925,112,116,-4,4
31926,93,87,6,6
31927,69,66,3,3
31928,58,57,1,1
31929,120,100,20,20
31930,131,115,16,16
31931,101,87,14,14
31932,156,152,4,4
31933,83,78,5,5
31934,62,67,-5,5
31935,94,93,1,1
31936,87,88,-1,1
31937,182,161,21,21
31938,132,122,10,10
31939,100,103,-3,3
31940,74,77,-3,3
31941,57,66,-9,9
31942,95,92,3,3
31943,64,54,10,10
31944,99,100,-1,1
31945,102,109,-7,7
31946,144,118,26,26
31947,152,132,20,20
31948,66,61,5,5
31949,57,61,-4,4
31950,73,82,-9,9
31951,85,82,3,3
31952,111,101,10,10
31953,78,79,-1,1
31954,87,84,3,3
31955,58,65,-7,7
31956,125,117,8,8
31957,98,90,8,8
31958,127,116,11,11
31959,125,113,12,12
31960,107,106,1,1
31961,57,65,-8,8
31962,161,147,14,14
31963,109,102,7,7
31964,110,97,13,13
31965,64,64,0,0
31966,304,313,-9,9
31967,75,74,1,1
31968,161,161,0,0
31969,85,94,-9,9
31970,124,105,19,19
31971,53,53,0,0
31972,98,100,-2,2
31973,124,116,8,8
31974,67,59,8,8
31975,59,67,-8,8
31976,115,102,13,13
31977,91,85,6,6
31978,108,103,5,5
31979,82,85,-3,3
31980,104,92,12,12
31981,65,78,-13,13
31982,107,101,6,6
31983,140,140,0,0
31984,83,83,0,0
31985,128,137,-9,9
31986,65,58,7,7
31987,70,75,-5,5
31988,160,156,4,4
31989,94,91,3,3
31990,74,69,5,5
31991,99,98,1,1
31992,105,96,9,9
31993,65,68,-3,3
31994,46,51,-5,5
31995,72,72,0,0
31996,53,48,5,5
31997,110,106,4,4
31998,100,88,12,12
31999,65,73,-8,8
32000,102,95,7,7
32001,128,122,6,6
32002,90,84,6,6
32003,139,144,-5,5
32004,145,120,25,25
32005,89,83,6,6
32006,68,75,-7,7
32007,64,66,-2,2
32008,79,82,-3,3
32009,86,74,12,12
32010,60,68,-8,8
32011,101,89,12,12
32012,36,49,-13,13
32013,103,96,7,7
32014,52,51,1,1
32015,152,143,9,9
32016,80,87,-7,7
32017,142,124,18,18
32018,129,112,17,17
32019,140,115,25,25
32020,49,53,-4,4
32021,147,144,3,3
32022,100,90,10,10
32023,59,66,-7,7
32024,106,105,1,1
32025,88,90,-2,2
32026,86,85,1,1
32027,106,93,13,13
32028,110,104,6,6
32029,43,42,1,1
32030,114,116,-2,2
32031,77,72,5,5
32032,103,98,5,5
32033,125,120,5,5
32034,65,67,-2,2
32035,105,101,4,4
32036,98,111,-13,13
32037,132,144,-12,12
32038,119,101,18,18
32039,80,83,-3,3
32040,107,105,2,2
32041,94,82,12,12
32042,59,81,-22,22
32043,109,112,-3,3
32044,144,141,3,3
32045,45,51,-6,6
32046,66,45,21,21
32047,122,123,-1,1
32048,88,88,0,0
32049,53,51,2,2
32050,58,68,-10,10
32051,68,67,1,1
32052,104,98,6,6
32053,129,130,-1,1
32054,55,55,0,0
32055,80,68,12,12
32056,100,105,-5,5
32057,64,76,-12,12
32058,150,142,8,8
32059,80,78,2,2
32060,96,88,8,8
32061,83,83,0,0
32062,39,43,-4,4
32063,112,96,16,16
32064,146,133,13,13
32065,91,98,-7,7
32066,77,85,-8,8
32067,121,118,3,3
32068,113,109,4,4
32069,132,132,0,0
32070,102,103,-1,1
32071,71,69,2,2
32072,81,80,1,1
32073,60,73,-13,13
32074,112,95,17,17
32075,95,88,7,7
32076,116,106,10,10
32077,85,84,1,1
32078,116,122,-6,6
32079,107,104,3,3
32080,156,139,17,17
32081,84,88,-4,4
32082,77,77,0,0
32083,111,100,11,11
32084,61,87,-26,26
32085,124,125,-1,1
32086,106,97,9,9
32087,116,110,6,6
32088,64,77,-13,13
32089,108,100,8,8
32090,76,76,0,0
32091,72,74,-2,2
32092,75,72,3,3
32093,66,68,-2,2
32094,128,134,-6,6
32095,189,160,29,29
32096,120,120,0,0
32097,64,66,-2,2
32098,141,137,4,4
32099,96,93,3,3
32100,170,164,6,6
32101,83,80,3,3
32102,101,101,0,0
32103,81,88,-7,7
32104,43,49,-6,6
32105,150,141,9,9
32106,70,67,3,3
32107,89,76,13,13
32108,115,102,13,13
32109,103,99,4,4
32110,54,60,-6,6
32111,63,60,3,3
32112,127,133,-6,6
32113,96,82,14,14
32114,79,90,-11,11
32115,83,86,-3,3
32116,108,96,12,12
32117,116,103,13,13
32118,121,113,8,8
32119,127,110,17,17
32120,109,109,0,0
32121,96,91,5,5
32122,82,81,1,1
32123,103,129,-26,26
32124,142,133,9,9
32125,161,142,19,19
32126,126,126,0,0
32127,78,73,5,5
32128,157,148,9,9
32129,63,68,-5,5
32130,64,61,3,3
32131,90,81,9,9
32132,95,99,-4,4
32133,146,139,7,7
32134,56,53,3,3
32135,48,49,-1,1
32136,68,70,-2,2
32137,94,98,-4,4
32138,87,84,3,3
32139,122,107,15,15
32140,126,110,16,16
32141,55,70,-15,15
32142,61,66,-5,5
32143,89,98,-9,9
32144,62,70,-8,8
32145,71,69,2,2
32146,87,89,-2,2
32147,39,42,-3,3
32148,123,110,13,13
32149,79,83,-4,4
32150,109,102,7,7
32151,101,105,-4,4
32152,107,101,6,6
32153,114,106,8,8
32154,81,91,-10,10
32155,167,154,13,13
32156,71,75,-4,4
32157,65,74,-9,9
32158,76,71,5,5
32159,94,92,2,2
32160,162,147,15,15
32161,86,100,-14,14
32162,162,155,7,7
32163,50,61,-11,11
32164,109,100,9,9
32165,70,66,4,4
32166,69,66,3,3
32167,36,39,-3,3
32168,117,104,13,13
32169,104,87,17,17
32170,107,106,1,1
32171,66,67,-1,1
32172,98,98,0,0
32173,113,116,-3,3
32174,57,64,-7,7
32175,117,108,9,9
32176,79,88,-9,9
32177,88,85,3,3
32178,101,97,4,4
32179,98,96,2,2
32180,164,177,-13,13
32181,108,104,4,4
32182,79,74,5,5
32183,77,86,-9,9
32184,81,78,3,3
32185,111,105,6,6
32186,108,105,3,3
32187,104,96,8,8
32188,51,47,4,4
32189,79,80,-1,1
32190,141,131,10,10
32191,105,98,7,7
32192,79,84,-5,5
32193,121,106,15,15
32194,85,93,-8,8
32195,60,62,-2,2
32196,76,73,3,3
32197,66,63,3,3
32198,140,122,18,18
32199,115,94,21,21
32200,135,116,19,19
32201,137,145,-8,8
32202,108,109,-1,1
32203,56,64,-8,8
32204,145,135,10,10
32205,107,97,10,10
32206,75,70,5,5
32207,73,80,-7,7
32208,58,64,-6,6
32209,73,71,2,2
32210,100,92,8,8
32211,154,140,14,14
32212,89,81,8,8
32213,86,78,8,8
32214,218,183,35,35
32215,96,95,1,1
32216,72,74,-2,2
32217,136,142,-6,6
32218,197,183,14,14
32219,75,81,-6,6
32220,138,130,8,8
32221,112,115,-3,3
32222,97,100,-3,3
32223,50,59,-9,9
32224,144,126,18,18
32225,62,65,-3,3
32226,91,98,-7,7
32227,108,105,3,3
32228,111,108,3,3
32229,154,137,17,17
32230,84,89,-5,5
32231,181,172,9,9
32232,80,81,-1,1
32233,134,127,7,7
32234,78,86,-8,8
32235,243,212,31,31
32236,59,55,4,4
32237,83,69,14,14
32238,76,65,11,11
32239,88,84,4,4
32240,62,65,-3,3
32241,81,79,2,2
32242,127,125,2,2
32243,119,111,8,8
32244,70,74,-4,4
32245,114,97,17,17
32246,91,89,2,2
32247,120,103,17,17
32248,61,56,5,5
32249,73,73,0,0
32250,77,82,-5,5
32251,175,168,7,7
32252,86,83,3,3
32253,125,113,12,12
32254,109,98,11,11
32255,90,94,-4,4
32256,71,75,-4,4
32257,64,60,4,4
32258,91,82,9,9
32259,116,110,6,6
32260,63,61,2,2
32261,79,79,0,0
32262,56,56,0,0
32263,144,131,13,13
32264,130,112,18,18
32265,73,79,-6,6
32266,64,60,4,4
32267,146,124,22,22
32268,30,48,-18,18
32269,107,105,2,2
32270,80,85,-5,5
32271,94,110,-16,16
32272,57,60,-3,3
32273,85,87,-2,2
32274,157,142,15,15
32275,131,127,4,4
32276,170,141,29,29
32277,115,118,-3,3
32278,124,103,21,21
32279,83,81,2,2
32280,139,127,12,12
32281,104,104,0,0
32282,54,55,-1,1
32283,117,109,8,8
32284,84,92,-8,8
32285,97,86,11,11
32286,50,46,4,4
32287,57,66,-9,9
32288,84,84,0,0
32289,70,72,-2,2
32290,75,80,-5,5
32291,33,65,-32,32
32292,110,123,-13,13
32293,60,63,-3,3
32294,66,67,-1,1
32295,121,109,12,12
32296,97,94,3,3
32297,128,118,10,10
32298,82,78,4,4
32299,110,102,8,8
32300,135,130,5,5
32301,96,94,2,2
32302,79,72,7,7
32303,82,76,6,6
32304,112,99,13,13
32305,119,117,2,2
32306,113,88,25,25
32307,129,124,5,5
32308,30,40,-10,10
32309,143,137,6,6
32310,48,52,-4,4
32311,70,74,-4,4
32312,66,95,-29,29
32313,117,120,-3,3
32314,49,48,1,1
32315,73,77,-4,4
32316,104,110,-6,6
32317,78,90,-12,12
32318,94,94,0,0
32319,39,44,-5,5
32320,163,151,12,12
32321,131,127,4,4
32322,78,89,-11,11
32323,107,107,0,0
32324,40,45,-5,5
32325,83,82,1,1
32326,88,99,-11,11
32327,104,97,7,7
32328,116,103,13,13
32329,144,124,20,20
32330,93,94,-1,1
32331,89,87,2,2
32332,110,107,3,3
32333,62,88,-26,26
32334,100,99,1,1
32335,79,83,-4,4
32336,80,80,0,0
32337,120,120,0,0
32338,84,98,-14,14
32339,88,93,-5,5
32340,132,139,-7,7
32341,93,86,7,7
32342,79,83,-4,4
32343,27,40,-13,13
32344,97,94,3,3
32345,167,149,18,18
32346,146,151,-5,5
32347,45,45,0,0
32348,53,51,2,2
32349,57,59,-2,2
32350,40,47,-7,7
32351,77,89,-12,12
32352,120,111,9,9
32353,87,94,-7,7
32354,189,169,20,20
32355,84,86,-2,2
32356,68,70,-2,2
32357,85,89,-4,4
32358,75,77,-2,2
32359,58,57,1,1
32360,67,67,0,0
32361,58,56,2,2
32362,38,46,-8,8
32363,63,69,-6,6
32364,82,90,-8,8
32365,111,121,-10,10
32366,168,151,17,17
32367,67,66,1,1
32368,92,91,1,1
32369,43,42,1,1
32370,126,114,12,12
32371,94,91,3,3
32372,108,116,-8,8
32373,80,87,-7,7
32374,159,141,18,18
32375,101,84,17,17
32376,71,65,6,6
32377,77,83,-6,6
32378,53,57,-4,4
32379,96,98,-2,2
32380,144,122,22,22
32381,96,97,-1,1
32382,120,120,0,0
32383,91,85,6,6
32384,57,65,-8,8
32385,95,96,-1,1
32386,114,113,1,1
32387,115,119,-4,4
32388,63,59,4,4
32389,103,89,14,14
32390,213,193,20,20
32391,82,90,-8,8
32392,113,102,11,11
32393,75,78,-3,3
32394,122,126,-4,4
32395,82,71,11,11
32396,112,100,12,12
32397,114,109,5,5
32398,62,51,11,11
32399,145,126,19,19
32400,153,155,-2,2
32401,102,73,29,29
32402,65,68,-3,3
32403,79,68,11,11
32404,85,87,-2,2
32405,69,64,5,5
32406,69,74,-5,5
32407,106,93,13,13
32408,73,70,3,3
32409,95,85,10,10
32410,68,75,-7,7
32411,72,76,-4,4
32412,71,76,-5,5
32413,135,123,12,12
32414,115,108,7,7
32415,75,78,-3,3
32416,57,58,-1,1
32417,33,40,-7,7
32418,73,72,1,1
32419,147,141,6,6
32420,100,99,1,1
32421,81,81,0,0
32422,130,124,6,6
32423,63,65,-2,2
32424,75,78,-3,3
32425,97,104,-7,7
32426,80,85,-5,5
32427,67,68,-1,1
32428,135,130,5,5
32429,48,48,0,0
32430,113,113,0,0
32431,62,65,-3,3
32432,66,64,2,2
32433,62,53,9,9
32434,140,148,-8,8
32435,82,88,-6,6
32436,86,84,2,2
32437,123,136,-13,13
32438,134,123,11,11
32439,63,67,-4,4
32440,142,130,12,12
32441,63,68,-5,5
32442,94,86,8,8
32443,72,76,-4,4
32444,146,135,11,11
32445,90,73,17,17
32446,57,59,-2,2
32447,51,65,-14,14
32448,64,65,-1,1
32449,80,86,-6,6
32450,105,103,2,2
32451,109,107,2,2
32452,99,108,-9,9
32453,209,185,24,24
32454,82,73,9,9
32455,49,54,-5,5
32456,72,67,5,5
32457,62,63,-1,1
32458,50,55,-5,5
32459,153,147,6,6
32460,140,127,13,13
32461,95,88,7,7
32462,81,76,5,5
32463,114,99,15,15
32464,130,125,5,5
32465,31,44,-13,13
32466,86,90,-4,4
32467,100,104,-4,4
32468,58,57,1,1
32469,58,59,-1,1
32470,95,80,15,15
32471,121,121,0,0
32472,83,84,-1,1
32473,152,139,13,13
32474,138,136,2,2
32475,128,127,1,1
32476,92,101,-9,9
32477,64,71,-7,7
32478,72,80,-8,8
32479,110,109,1,1
32480,57,59,-2,2
32481,99,92,7,7
32482,98,92,6,6
32483,73,84,-11,11
32484,53,54,-1,1
32485,55,70,-15,15
32486,61,63,-2,2
32487,239,214,25,25
32488,86,86,0,0
32489,133,113,20,20
32490,80,82,-2,2
32491,76,69,7,7
32492,79,69,10,10
32493,140,120,20,20
32494,97,99,-2,2
32495,74,67,7,7
32496,142,125,17,17
32497,82,78,4,4
32498,62,64,-2,2
32499,101,107,-6,6
32500,69,84,-15,15
32501,171,158,13,13
32502,69,78,-9,9
32503,72,69,3,3
32504,93,92,1,1
32505,78,83,-5,5
32506,68,68,0,0
32507,54,53,1,1
32508,110,110,0,0
32509,69,83,-14,14
32510,92,85,7,7
32511,65,64,1,1
32512,28,35,-7,7
32513,65,69,-4,4
32514,69,65,4,4
32515,119,101,18,18
32516,78,75,3,3
32517,75,73,2,2
32518,70,69,1,1
32519,57,68,-11,11
32520,88,90,-2,2
32521,80,72,8,8
32522,113,112,1,1
32523,63,67,-4,4
32524,91,87,4,4
32525,141,120,21,21
32526,88,88,0,0
32527,46,52,-6,6
32528,109,104,5,5
32529,98,97,1,1
32530,177,162,15,15
32531,142,136,6,6
32532,56,60,-4,4
32533,166,146,20,20
32534,70,66,4,4
32535,64,66,-2,2
32536,70,73,-3,3
32537,66,75,-9,9
32538,104,91,13,13
32539,131,117,14,14
32540,82,86,-4,4
32541,65,65,0,0
32542,95,93,2,2
32543,79,74,5,5
32544,86,84,2,2
32545,84,81,3,3
32546,103,89,14,14
32547,77,75,2,2
32548,125,114,11,11
32549,122,117,5,5
32550,64,63,1,1
32551,95,105,-10,10
32552,79,83,-4,4
32553,67,65,2,2
32554,160,146,14,14
32555,103,96,7,7
32556,114,105,9,9
32557,74,76,-2,2
32558,123,117,6,6
32559,50,59,-9,9
32560,53,56,-3,3
32561,195,189,6,6
32562,71,73,-2,2
32563,171,147,24,24
32564,90,94,-4,4
32565,75,74,1,1
32566,84,89,-5,5
32567,86,102,-16,16
32568,101,100,1,1
32569,131,111,20,20
32570,159,135,24,24
32571,52,67,-15,15
32572,119,109,10,10
32573,85,80,5,5
32574,97,95,2,2
32575,73,76,-3,3
32576,54,64,-10,10
32577,73,69,4,4
32578,127,115,12,12
32579,164,157,7,7
32580,104,90,14,14
32581,57,56,1,1
32582,40,51,-11,11
32583,103,100,3,3
32584,149,130,19,19
32585,105,96,9,9
32586,184,161,23,23
32587,74,74,0,0
32588,145,128,17,17
32589,74,84,-10,10
32590,83,93,-10,10
32591,82,73,9,9
32592,85,95,-10,10
32593,133,134,-1,1
32594,68,66,2,2
32595,56,83,-27,27
32596,183,168,15,15
32597,66,65,1,1
32598,115,123,-8,8
32599,86,83,3,3
32600,64,71,-7,7
32601,41,44,-3,3
32602,97,112,-15,15
32603,76,77,-1,1
32604,64,68,-4,4
32605,67,66,1,1
32606,92,86,6,6
32607,86,88,-2,2
32608,86,85,1,1
32609,114,111,3,3
32610,134,115,19,19
32611,80,70,10,10
32612,151,162,-11,11
32613,99,92,7,7
32614,144,137,7,7
32615,118,102,16,16
32616,74,74,0,0
32617,85,78,7,7
32618,51,59,-8,8
32619,57,62,-5,5
32620,152,141,11,11
32621,80,80,0,0
32622,83,74,9,9
32623,69,65,4,4
32624,126,136,-10,10
32625,178,159,19,19
32626,101,109,-8,8
32627,110,109,1,1
32628,53,57,-4,4
32629,89,96,-7,7
32630,97,97,0,0
32631,81,76,5,5
32632,87,81,6,6
32633,52,53,-1,1
32634,98,92,6,6
32635,109,103,6,6
32636,103,96,7,7
32637,90,73,17,17
32638,73,72,1,1
32639,157,147,10,10
32640,106,96,10,10
32641,144,132,12,12
32642,105,105,0,0
32643,191,169,22,22
32644,79,73,6,6
32645,113,101,12,12
32646,66,65,1,1
32647,62,82,-20,20
32648,71,79,-8,8
32649,93,94,-1,1
32650,90,79,11,11
32651,81,76,5,5
32652,97,100,-3,3
32653,43,63,-20,20
32654,150,131,19,19
32655,78,73,5,5
32656,122,103,19,19
32657,76,74,2,2
32658,50,57,-7,7
32659,78,94,-16,16
32660,68,79,-11,11
32661,92,81,11,11
32662,65,72,-7,7
32663,112,104,8,8
32664,69,68,1,1
32665,86,86,0,0
32666,73,73,0,0
32667,99,94,5,5
32668,99,92,7,7
32669,70,79,-9,9
32670,88,85,3,3
32671,66,66,0,0
32672,123,109,14,14
32673,72,60,12,12
32674,120,124,-4,4
32675,51,61,-10,10
32676,68,65,3,3
32677,103,106,-3,3
32678,76,74,2,2
32679,77,89,-12,12
32680,143,152,-9,9
32681,128,127,1,1
32682,87,78,9,9
32683,47,47,0,0
32684,119,115,4,4
32685,119,110,9,9
32686,52,55,-3,3
32687,123,100,23,23
32688,78,79,-1,1
32689,135,133,2,2
32690,65,65,0,0
32691,50,53,-3,3
32692,59,77,-18,18
32693,95,82,13,13
32694,74,85,-11,11
32695,127,110,17,17
32696,135,124,11,11
32697,80,81,-1,1
32698,81,84,-3,3
32699,102,94,8,8
32700,131,122,9,9
32701,96,89,7,7
32702,100,102,-2,2
32703,104,100,4,4
32704,112,111,1,1
32705,103,88,15,15
32706,96,94,2,2
32707,86,82,4,4
32708,130,128,2,2
32709,47,52,-5,5
32710,118,108,10,10
32711,81,77,4,4
32712,117,91,26,26
32713,77,81,-4,4
32714,129,119,10,10
32715,111,89,22,22
32716,131,118,13,13
32717,67,71,-4,4
32718,66,74,-8,8
32719,111,116,-5,5
32720,71,81,-10,10
32721,58,56,2,2
32722,61,78,-17,17
32723,65,67,-2,2
32724,91,96,-5,5
32725,126,120,6,6
32726,79,70,9,9
32727,98,92,6,6
32728,83,102,-19,19
32729,46,50,-4,4
32730,71,74,-3,3
32731,56,67,-11,11
32732,74,67,7,7
32733,86,83,3,3
32734,125,115,10,10
32735,71,66,5,5
32736,62,66,-4,4
32737,96,65,31,31
32738,145,124,21,21
32739,73,71,2,2
32740,67,68,-1,1
32741,87,85,2,2
32742,79,71,8,8
32743,93,93,0,0
32744,72,71,1,1
32745,68,65,3,3
32746,72,71,1,1
32747,132,119,13,13
32748,75,70,5,5
32749,86,87,-1,1
32750,101,91,10,10
32751,193,192,1,1
32752,124,115,9,9
32753,96,88,8,8
32754,102,105,-3,3
32755,48,51,-3,3
32756,95,85,10,10
32757,172,166,6,6
32758,174,166,8,8
32759,171,147,24,24
32760,64,59,5,5
32761,90,94,-4,4
32762,77,81,-4,4
32763,79,78,1,1
32764,82,80,2,2
32765,128,120,8,8
32766,96,98,-2,2
32767,88,84,4,4
32768,78,80,-2,2
32769,115,114,1,1
32770,75,84,-9,9
32771,132,122,10,10
32772,161,145,16,16
32773,117,108,9,9
32774,61,55,6,6
32775,84,74,10,10
32776,102,103,-1,1
32777,108,106,2,2
32778,108,117,-9,9
32779,156,146,10,10
32780,107,101,6,6
32781,74,68,6,6
32782,185,192,-7,7
32783,61,76,-15,15
32784,106,99,7,7
32785,73,78,-5,5
32786,83,74,9,9
32787,53,55,-2,2
32788,216,197,19,19
32789,90,87,3,3
32790,94,102,-8,8
32791,113,117,-4,4
32792,48,50,-2,2
32793,125,136,-11,11
32794,58,63,-5,5
32795,112,106,6,6
32796,91,80,11,11
32797,90,101,-11,11
32798,104,97,7,7
32799,59,65,-6,6
32800,74,79,-5,5
32801,99,104,-5,5
32802,76,83,-7,7
32803,101,96,5,5
32804,143,133,10,10
32805,66,67,-1,1
32806,108,87,21,21
32807,126,112,14,14
32808,102,91,11,11
32809,106,110,-4,4
32810,84,79,5,5
32811,133,125,8,8
32812,68,67,1,1
32813,133,128,5,5
32814,91,92,-1,1
32815,148,139,9,9
32816,131,120,11,11
32817,105,95,10,10
32818,111,119,-8,8
32819,50,54,-4,4
32820,118,102,16,16
32821,56,65,-9,9
32822,76,78,-2,2
32823,141,125,16,16
32824,162,149,13,13
32825,144,143,1,1
32826,131,135,-4,4
32827,57,48,9,9
32828,105,118,-13,13
32829,74,72,2,2
32830,118,138,-20,20
32831,157,149,8,8
32832,105,100,5,5
32833,90,86,4,4
32834,96,101,-5,5
32835,161,155,6,6
32836,83,77,6,6
32837,145,129,16,16
32838,55,55,0,0
32839,113,119,-6,6
32840,72,76,-4,4
32841,199,186,13,13
32842,57,68,-11,11
32843,86,90,-4,4
32844,124,110,14,14
32845,59,71,-12,12
32846,65,53,12,12
32847,82,79,3,3
32848,127,120,7,7
32849,82,86,-4,4
32850,101,88,13,13
32851,105,98,7,7
32852,94,94,0,0
32853,125,114,11,11
32854,96,76,20,20
32855,48,51,-3,3
32856,68,74,-6,6
32857,98,98,0,0
32858,152,141,11,11
32859,139,113,26,26
32860,80,87,-7,7
32861,113,107,6,6
32862,102,111,-9,9
32863,94,92,2,2
32864,56,58,-2,2
32865,112,110,2,2
32866,71,69,2,2
32867,163,155,8,8
32868,95,97,-2,2
32869,165,157,8,8
32870,100,100,0,0
32871,104,98,6,6
32872,68,79,-11,11
32873,152,141,11,11
32874,62,69,-7,7
32875,56,61,-5,5
32876,87,85,2,2
32877,48,52,-4,4
32878,85,78,7,7
32879,82,98,-16,16
32880,70,88,-18,18
32881,80,77,3,3
32882,100,104,-4,4
32883,158,143,15,15
32884,143,135,8,8
32885,76,73,3,3
32886,64,67,-3,3
32887,121,114,7,7
32888,72,75,-3,3
32889,53,52,1,1
32890,202,183,19,19
32891,54,55,-1,1
32892,58,55,3,3
32893,125,122,3,3
32894,74,66,8,8
32895,58,97,-39,39
32896,144,139,5,5
32897,124,121,3,3
32898,84,83,1,1
32899,27,63,-36,36
32900,84,77,7,7
32901,176,148,28,28
32902,44,48,-4,4
32903,66,71,-5,5
32904,73,86,-13,13
32905,71,83,-12,12
32906,42,69,-27,27
32907,61,85,-24,24
32908,71,68,3,3
32909,90,97,-7,7
32910,74,69,5,5
32911,109,92,17,17
32912,124,114,10,10
32913,94,94,0,0
32914,158,162,-4,4
32915,97,85,12,12
32916,73,68,5,5
32917,90,96,-6,6
32918,64,64,0,0
32919,144,146,-2,2
32920,104,109,-5,5
32921,186,162,24,24
32922,102,95,7,7
32923,85,82,3,3
32924,96,100,-4,4
32925,122,114,8,8
32926,97,88,9,9
32927,96,91,5,5
32928,50,46,4,4
32929,110,121,-11,11
32930,89,83,6,6
32931,98,95,3,3
32932,123,126,-3,3
32933,53,63,-10,10
32934,114,108,6,6
32935,152,150,2,2
32936,146,149,-3,3
32937,134,120,14,14
32938,105,109,-4,4
32939,38,84,-46,46
32940,99,94,5,5
32941,107,100,7,7
32942,92,83,9,9
32943,120,119,1,1
32944,129,125,4,4
32945,95,89,6,6
32946,90,90,0,0
32947,103,103,0,0
32948,114,105,9,9
32949,59,66,-7,7
32950,36,59,-23,23
32951,99,98,1,1
32952,76,73,3,3
32953,149,118,31,31
32954,106,88,18,18
32955,61,71,-10,10
32956,47,70,-23,23
32957,158,160,-2,2
32958,54,57,-3,3
32959,50,55,-5,5
32960,98,91,7,7
32961,94,86,8,8
32962,67,68,-1,1
32963,49,52,-3,3
32964,146,137,9,9
32965,135,119,16,16
32966,87,77,10,10
32967,98,101,-3,3
32968,59,57,2,2
32969,86,83,3,3
32970,62,67,-5,5
32971,113,105,8,8
32972,93,94,-1,1
32973,75,80,-5,5
32974,83,79,4,4
32975,138,129,9,9
32976,67,71,-4,4
32977,84,75,9,9
32978,117,116,1,1
32979,64,68,-4,4
32980,80,76,4,4
32981,85,87,-2,2
32982,67,67,0,0
32983,96,95,1,1
32984,72,73,-1,1
32985,63,77,-14,14
32986,151,133,18,18
32987,49,52,-3,3
32988,103,82,21,21
32989,32,42,-10,10
32990,70,66,4,4
32991,135,134,1,1
32992,55,59,-4,4
32993,99,97,2,2
32994,114,114,0,0
32995,82,76,6,6
32996,119,118,1,1
32997,104,103,1,1
32998,123,113,10,10
32999,113,113,0,0
33000,153,151,2,2
33001,89,89,0,0
33002,48,69,-21,21
33003,113,104,9,9
33004,83,81,2,2
33005,129,116,13,13
33006,67,72,-5,5
33007,96,92,4,4
33008,92,93,-1,1
33009,103,91,12,12
33010,121,104,17,17
33011,48,56,-8,8
33012,98,88,10,10
33013,112,106,6,6
33014,107,108,-1,1
33015,92,79,13,13
33016,72,75,-3,3
33017,86,84,2,2
33018,86,86,0,0
33019,120,106,14,14
33020,65,69,-4,4
33021,86,85,1,1
33022,138,125,13,13
33023,74,80,-6,6
33024,60,67,-7,7
33025,125,111,14,14
33026,61,69,-8,8
33027,99,95,4,4
33028,150,136,14,14
33029,69,66,3,3
33030,41,41,0,0
33031,108,94,14,14
33032,163,161,2,2
33033,121,109,12,12
33034,72,72,0,0
33035,109,100,9,9
33036,133,133,0,0
33037,74,77,-3,3
33038,119,117,2,2
33039,77,75,2,2
33040,97,104,-7,7
33041,76,76,0,0
33042,102,95,7,7
33043,88,81,7,7
33044,139,129,10,10
33045,93,87,6,6
33046,171,153,18,18
33047,115,131,-16,16
33048,73,72,1,1
33049,102,94,8,8
33050,97,97,0,0
33051,107,110,-3,3
33052,180,172,8,8
33053,78,76,2,2
33054,279,244,35,35
33055,86,88,-2,2
33056,80,80,0,0
33057,131,136,-5,5
33058,49,53,-4,4
33059,100,93,7,7
33060,53,62,-9,9
33061,116,107,9,9
33062,61,61,0,0
33063,73,65,8,8
33064,70,63,7,7
33065,56,53,3,3
33066,69,68,1,1
33067,76,75,1,1
33068,57,62,-5,5
33069,36,42,-6,6
33070,75,85,-10,10
33071,62,58,4,4
33072,78,74,4,4
33073,112,108,4,4
33074,85,82,3,3
33075,164,144,20,20
33076,52,66,-14,14
33077,102,99,3,3
33078,34,42,-8,8
33079,52,57,-5,5
33080,63,78,-15,15
33081,60,61,-1,1
33082,145,138,7,7
33083,74,79,-5,5
33084,106,110,-4,4
33085,53,55,-2,2
33086,114,115,-1,1
33087,135,134,1,1
33088,119,112,7,7
33089,84,96,-12,12
33090,62,65,-3,3
33091,150,143,7,7
33092,178,184,-6,6
33093,125,121,4,4
33094,125,118,7,7
33095,56,60,-4,4
33096,83,84,-1,1
33097,79,92,-13,13
33098,66,66,0,0
33099,62,65,-3,3
33100,77,83,-6,6
33101,113,112,1,1
33102,119,118,1,1
33103,100,86,14,14
33104,121,116,5,5
33105,102,96,6,6
33106,106,114,-8,8
33107,67,65,2,2
33108,104,94,10,10
33109,133,127,6,6
33110,138,127,11,11
33111,62,75,-13,13
33112,110,113,-3,3
33113,140,130,10,10
33114,80,76,4,4
33115,103,103,0,0
33116,114,107,7,7
33117,55,54,1,1
33118,91,88,3,3
33119,38,53,-15,15
33120,89,75,14,14
33121,129,119,10,10
33122,30,63,-33,33
33123,103,94,9,9
33124,100,103,-3,3
33125,87,92,-5,5
33126,99,94,5,5
33127,87,84,3,3
33128,91,93,-2,2
33129,105,97,8,8
33130,104,98,6,6
33131,46,49,-3,3
33132,86,75,11,11
33133,59,78,-19,19
33134,135,137,-2,2
33135,47,50,-3,3
33136,108,89,19,19
33137,108,95,13,13
33138,120,116,4,4
33139,50,76,-26,26
33140,102,116,-14,14
33141,129,135,-6,6
33142,82,116,-34,34
33143,141,120,21,21
33144,87,82,5,5
33145,108,101,7,7
33146,113,121,-8,8
33147,166,156,10,10
33148,82,79,3,3
33149,34,58,-24,24
33150,57,60,-3,3
33151,128,133,-5,5
33152,86,89,-3,3
33153,70,70,0,0
33154,106,103,3,3
33155,111,110,1,1
33156,89,96,-7,7
33157,28,40,-12,12
33158,102,101,1,1
33159,159,134,25,25
33160,170,152,18,18
33161,98,100,-2,2
33162,77,80,-3,3
33163,118,118,0,0
33164,96,91,5,5
33165,51,59,-8,8
33166,63,60,3,3
33167,70,69,1,1
33168,99,105,-6,6
33169,58,54,4,4
33170,60,62,-2,2
33171,78,84,-6,6
33172,45,64,-19,19
33173,89,98,-9,9
33174,69,72,-3,3
33175,84,92,-8,8
33176,73,71,2,2
33177,178,158,20,20
33178,63,69,-6,6
33179,108,101,7,7
33180,105,105,0,0
33181,43,49,-6,6
33182,82,79,3,3
33183,76,82,-6,6
33184,143,122,21,21
33185,91,83,8,8
33186,63,68,-5,5
33187,136,124,12,12
33188,83,75,8,8
33189,128,117,11,11
33190,63,66,-3,3
33191,72,75,-3,3
33192,96,97,-1,1
33193,66,73,-7,7
33194,89,101,-12,12
33195,74,68,6,6
33196,69,68,1,1
33197,86,84,2,2
33198,105,97,8,8
33199,92,94,-2,2
33200,49,60,-11,11
33201,151,130,21,21
33202,87,91,-4,4
33203,86,81,5,5
33204,55,54,1,1
33205,113,122,-9,9
33206,96,94,2,2
33207,84,79,5,5
33208,102,96,6,6
33209,85,87,-2,2
33210,141,134,7,7
33211,90,74,16,16
33212,57,60,-3,3
33213,80,89,-9,9
33214,111,106,5,5
33215,82,120,-38,38
33216,85,85,0,0
33217,85,75,10,10
33218,67,68,-1,1
33219,86,80,6,6
33220,102,93,9,9
33221,71,73,-2,2
33222,130,151,-21,21
33223,76,80,-4,4
33224,70,72,-2,2
33225,86,92,-6,6
33226,55,49,6,6
33227,97,96,1,1
33228,98,112,-14,14
33229,70,65,5,5
33230,102,95,7,7
33231,79,72,7,7
33232,104,97,7,7
33233,70,67,3,3
33234,94,87,7,7
33235,103,104,-1,1
33236,102,106,-4,4
33237,102,98,4,4
33238,67,66,1,1
33239,165,154,11,11
33240,73,95,-22,22
33241,149,130,19,19
33242,92,91,1,1
33243,57,65,-8,8
33244,76,65,11,11
33245,129,118,11,11
33246,66,71,-5,5
33247,132,123,9,9
33248,108,101,7,7
33249,162,159,3,3
33250,104,100,4,4
33251,98,103,-5,5
33252,81,79,2,2
33253,106,107,-1,1
33254,134,134,0,0
33255,118,114,4,4
33256,156,136,20,20
33257,73,73,0,0
33258,106,102,4,4
33259,64,62,2,2
33260,66,65,1,1
33261,126,106,20,20
33262,103,104,-1,1
33263,57,57,0,0
33264,158,156,2,2
33265,103,101,2,2
33266,103,102,1,1
33267,172,160,12,12
33268,137,135,2,2
33269,95,88,7,7
33270,127,115,12,12
33271,87,81,6,6
33272,136,114,22,22
33273,51,52,-1,1
33274,95,88,7,7
33275,100,99,1,1
33276,140,129,11,11
33277,102,103,-1,1
33278,69,68,1,1
33279,148,137,11,11
33280,121,132,-11,11
33281,133,129,4,4
33282,106,109,-3,3
33283,95,92,3,3
33284,71,83,-12,12
33285,148,144,4,4
33286,188,173,15,15
33287,111,108,3,3
33288,88,88,0,0
33289,71,85,-14,14
33290,83,85,-2,2
33291,44,49,-5,5
33292,69,67,2,2
33293,44,50,-6,6
33294,111,104,7,7
33295,105,110,-5,5
33296,76,78,-2,2
33297,95,92,3,3
33298,181,172,9,9
33299,128,115,13,13
33300,81,79,2,2
33301,175,148,27,27
33302,57,56,1,1
33303,70,66,4,4
33304,77,73,4,4
33305,61,62,-1,1
33306,108,107,1,1
33307,69,74,-5,5
33308,61,68,-7,7
33309,116,110,6,6
33310,50,55,-5,5
33311,95,85,10,10
33312,62,68,-6,6
33313,161,147,14,14
33314,101,104,-3,3
33315,84,81,3,3
33316,87,91,-4,4
33317,71,69,2,2
33318,56,63,-7,7
33319,77,80,-3,3
33320,100,119,-19,19
33321,74,74,0,0
33322,59,67,-8,8
33323,117,113,4,4
33324,102,100,2,2
33325,97,91,6,6
33326,77,77,0,0
33327,128,136,-8,8
33328,89,90,-1,1
33329,67,68,-1,1
33330,69,77,-8,8
33331,104,105,-1,1
33332,55,65,-10,10
33333,62,66,-4,4
33334,101,95,6,6
33335,78,77,1,1
33336,86,74,12,12
33337,81,80,1,1
33338,104,93,11,11
33339,57,53,4,4
33340,101,90,11,11
33341,84,80,4,4
33342,73,82,-9,9
33343,106,105,1,1
33344,102,103,-1,1
33345,71,74,-3,3
33346,144,139,5,5
33347,131,112,19,19
33348,82,76,6,6
33349,83,76,7,7
33350,169,158,11,11
33351,70,67,3,3
33352,158,141,17,17
33353,162,131,31,31
33354,104,93,11,11
33355,52,43,9,9
33356,59,60,-1,1
33357,70,71,-1,1
33358,112,117,-5,5
33359,106,95,11,11
33360,130,121,9,9
33361,111,100,11,11
33362,117,105,12,12
33363,118,123,-5,5
33364,74,80,-6,6
33365,52,50,2,2
33366,97,105,-8,8
33367,72,74,-2,2
33368,84,80,4,4
33369,50,53,-3,3
33370,101,99,2,2
33371,52,52,0,0
33372,85,85,0,0
33373,90,87,3,3
33374,66,73,-7,7
33375,132,115,17,17
33376,91,93,-2,2
33377,46,52,-6,6
33378,36,48,-12,12
33379,94,92,2,2
33380,65,66,-1,1
33381,85,84,1,1
33382,78,77,1,1
33383,140,139,1,1
33384,79,83,-4,4
33385,108,106,2,2
33386,84,83,1,1
33387,89,88,1,1
33388,119,104,15,15
33389,52,50,2,2
33390,130,110,20,20
33391,57,51,6,6
33392,128,120,8,8
33393,106,95,11,11
33394,65,63,2,2
33395,75,83,-8,8
33396,153,149,4,4
33397,42,46,-4,4
33398,70,65,5,5
33399,157,148,9,9
33400,153,141,12,12
33401,93,87,6,6
33402,85,80,5,5
33403,70,81,-11,11
33404,84,86,-2,2
33405,61,61,0,0
33406,80,83,-3,3
33407,60,56,4,4
33408,60,63,-3,3
33409,122,115,7,7
33410,87,89,-2,2
33411,207,163,44,44
33412,102,103,-1,1
33413,52,62,-10,10
33414,75,79,-4,4
33415,62,66,-4,4
33416,82,91,-9,9
33417,144,120,24,24
33418,130,130,0,0
33419,90,78,12,12
33420,71,77,-6,6
33421,77,73,4,4
33422,72,69,3,3
33423,46,48,-2,2
33424,55,66,-11,11
33425,64,114,-50,50
33426,73,69,4,4
33427,76,82,-6,6
33428,100,99,1,1
33429,108,93,15,15
33430,130,120,10,10
33431,136,127,9,9
33432,89,86,3,3
33433,79,87,-8,8
33434,110,99,11,11
33435,125,127,-2,2
33436,79,88,-9,9
33437,32,38,-6,6
33438,97,124,-27,27
33439,135,126,9,9
33440,93,93,0,0
33441,111,107,4,4
33442,87,98,-11,11
33443,131,111,20,20
33444,72,69,3,3
33445,72,84,-12,12
33446,192,156,36,36
33447,129,112,17,17
33448,102,96,6,6
33449,86,73,13,13
33450,134,120,14,14
33451,157,152,5,5
33452,75,77,-2,2
33453,93,90,3,3
33454,96,90,6,6
33455,105,100,5,5
33456,110,106,4,4
33457,137,125,12,12
33458,194,182,12,12
33459,82,83,-1,1
33460,102,111,-9,9
33461,92,93,-1,1
33462,119,94,25,25
33463,113,105,8,8
33464,85,86,-1,1
33465,66,69,-3,3
33466,145,135,10,10
33467,112,107,5,5
33468,133,128,5,5
33469,113,99,14,14
33470,175,146,29,29
33471,113,116,-3,3
33472,59,63,-4,4
33473,97,97,0,0
33474,74,75,-1,1
33475,53,55,-2,2
33476,108,107,1,1
33477,133,118,15,15
33478,46,48,-2,2
33479,135,120,15,15
33480,111,102,9,9
33481,117,106,11,11
33482,69,71,-2,2
33483,175,155,20,20
33484,83,76,7,7
33485,80,84,-4,4
33486,95,101,-6,6
33487,80,78,2,2
33488,71,69,2,2
33489,61,60,1,1
33490,83,83,0,0
33491,168,152,16,16
33492,78,74,4,4
33493,79,87,-8,8
33494,112,116,-4,4
33495,73,74,-1,1
33496,71,85,-14,14
33497,86,86,0,0
33498,105,111,-6,6
33499,103,93,10,10
33500,81,81,0,0
33501,70,71,-1,1
33502,107,93,14,14
33503,150,146,4,4
33504,70,60,10,10
33505,80,84,-4,4
33506,48,57,-9,9
33507,100,108,-8,8
33508,52,63,-11,11
33509,97,95,2,2
33510,172,158,14,14
33511,28,42,-14,14
33512,42,74,-32,32
33513,120,111,9,9
33514,60,66,-6,6
33515,118,108,10,10
33516,175,155,20,20
33517,69,71,-2,2
33518,50,56,-6,6
33519,90,89,1,1
33520,109,105,4,4
33521,63,72,-9,9
33522,63,68,-5,5
33523,54,57,-3,3
33524,115,111,4,4
33525,61,65,-4,4
33526,91,90,1,1
33527,76,92,-16,16
33528,72,80,-8,8
33529,64,68,-4,4
33530,47,46,1,1
33531,67,67,0,0
33532,111,104,7,7
33533,102,129,-27,27
33534,68,62,6,6
33535,101,84,17,17
33536,154,131,23,23
33537,71,78,-7,7
33538,77,76,1,1
33539,74,71,3,3
33540,95,96,-1,1
33541,98,97,1,1
33542,87,80,7,7
33543,134,130,4,4
33544,118,112,6,6
33545,146,139,7,7
33546,82,91,-9,9
33547,85,69,16,16
33548,68,89,-21,21
33549,62,63,-1,1
33550,79,68,11,11
33551,33,39,-6,6
33552,130,113,17,17
33553,88,74,14,14
33554,132,127,5,5
33555,69,77,-8,8
33556,98,87,11,11
33557,113,103,10,10
33558,84,84,0,0
33559,78,74,4,4
33560,121,112,9,9
33561,69,70,-1,1
33562,70,85,-15,15
33563,89,92,-3,3
33564,97,96,1,1
33565,89,87,2,2
33566,128,119,9,9
33567,149,139,10,10
33568,115,107,8,8
33569,68,84,-16,16
33570,44,44,0,0
33571,36,46,-10,10
33572,64,83,-19,19
33573,75,67,8,8
33574,85,86,-1,1
33575,90,87,3,3
33576,98,109,-11,11
33577,110,98,12,12
33578,91,95,-4,4
33579,179,158,21,21
33580,97,79,18,18
33581,65,71,-6,6
33582,111,112,-1,1
33583,191,166,25,25
33584,181,154,27,27
33585,58,64,-6,6
33586,90,74,16,16
33587,101,92,9,9
33588,164,139,25,25
33589,117,103,14,14
33590,84,89,-5,5
33591,112,102,10,10
33592,117,103,14,14
33593,80,80,0,0
33594,150,135,15,15
33595,94,97,-3,3
33596,115,115,0,0
33597,157,136,21,21
33598,69,72,-3,3
33599,61,57,4,4
33600,97,95,2,2
33601,74,79,-5,5
33602,90,91,-1,1
33603,59,58,1,1
33604,121,104,17,17
33605,102,91,11,11
33606,107,110,-3,3
33607,102,107,-5,5
33608,256,248,8,8
33609,75,77,-2,2
33610,80,79,1,1
33611,67,71,-4,4
33612,122,112,10,10
33613,65,60,5,5
33614,74,81,-7,7
33615,86,83,3,3
33616,206,193,13,13
33617,139,138,1,1
33618,76,78,-2,2
33619,186,169,17,17
33620,111,111,0,0
33621,80,72,8,8
33622,148,141,7,7
33623,76,82,-6,6
33624,123,138,-15,15
33625,79,92,-13,13
33626,118,106,12,12
33627,51,53,-2,2
33628,88,102,-14,14
33629,157,150,7,7
33630,84,86,-2,2
33631,129,118,11,11
33632,131,116,15,15
33633,74,90,-16,16
33634,93,92,1,1
33635,88,89,-1,1
33636,74,80,-6,6
33637,102,99,3,3
33638,143,133,10,10
33639,67,66,1,1
33640,197,183,14,14
33641,98,85,13,13
33642,117,105,12,12
33643,120,116,4,4
33644,118,121,-3,3
33645,63,54,9,9
33646,139,137,2,2
33647,144,143,1,1
33648,96,89,7,7
33649,110,88,22,22
33650,121,117,4,4
33651,68,82,-14,14
33652,84,106,-22,22
33653,118,110,8,8
33654,96,96,0,0
33655,78,84,-6,6
33656,27,38,-11,11
33657,157,143,14,14
33658,137,121,16,16
33659,107,106,1,1
33660,95,94,1,1
33661,45,55,-10,10
33662,69,113,-44,44
33663,196,172,24,24
33664,108,91,17,17
33665,88,80,8,8
33666,199,179,20,20
33667,111,111,0,0
33668,179,158,21,21
33669,157,147,10,10
33670,82,74,8,8
33671,77,72,5,5
33672,56,54,2,2
33673,63,69,-6,6
33674,196,178,18,18
33675,89,92,-3,3
33676,126,118,8,8
33677,39,44,-5,5
33678,80,88,-8,8
33679,97,93,4,4
33680,85,80,5,5
33681,58,58,0,0
33682,132,124,8,8
33683,54,65,-11,11
33684,99,93,6,6
33685,91,92,-1,1
33686,75,68,7,7
33687,57,71,-14,14
33688,66,71,-5,5
33689,105,108,-3,3
33690,51,50,1,1
33691,134,122,12,12
33692,27,37,-10,10
33693,71,67,4,4
33694,65,65,0,0
33695,112,88,24,24
33696,100,101,-1,1
33697,56,54,2,2
33698,74,70,4,4
33699,137,126,11,11
33700,96,98,-2,2
33701,113,119,-6,6
33702,56,59,-3,3
33703,91,96,-5,5
33704,179,167,12,12
33705,54,54,0,0
33706,90,94,-4,4
33707,92,92,0,0
33708,87,81,6,6
33709,122,107,15,15
33710,150,131,19,19
33711,90,85,5,5
33712,98,91,7,7
33713,59,60,-1,1
33714,122,115,7,7
33715,150,146,4,4
33716,74,74,0,0
33717,65,70,-5,5
33718,53,64,-11,11
33719,93,91,2,2
33720,108,99,9,9
33721,70,79,-9,9
33722,135,124,11,11
33723,87,93,-6,6
33724,65,76,-11,11
33725,55,46,9,9
33726,40,45,-5,5
33727,88,82,6,6
33728,168,147,21,21
33729,37,42,-5,5
33730,80,68,12,12
33731,92,83,9,9
33732,157,137,20,20
33733,121,119,2,2
33734,119,119,0,0
33735,131,105,26,26
33736,112,101,11,11
33737,71,84,-13,13
33738,73,74,-1,1
33739,99,95,4,4
33740,81,73,8,8
33741,70,71,-1,1
33742,91,84,7,7
33743,63,64,-1,1
33744,65,59,6,6
33745,92,100,-8,8
33746,83,78,5,5
33747,62,69,-7,7
33748,137,129,8,8
33749,194,172,22,22
33750,104,97,7,7
33751,136,130,6,6
33752,149,138,11,11
33753,109,104,5,5
33754,70,68,2,2
33755,121,112,9,9
33756,73,76,-3,3
33757,97,88,9,9
33758,105,98,7,7
33759,131,120,11,11
33760,118,106,12,12
33761,97,95,2,2
33762,49,53,-4,4
33763,110,106,4,4
33764,87,89,-2,2
33765,107,106,1,1
33766,72,68,4,4
33767,173,159,14,14
33768,117,117,0,0
33769,91,93,-2,2
33770,93,79,14,14
33771,34,38,-4,4
33772,75,71,4,4
33773,110,113,-3,3
33774,76,85,-9,9
33775,122,150,-28,28
33776,94,97,-3,3
33777,60,63,-3,3
33778,96,99,-3,3
33779,92,92,0,0
33780,155,138,17,17
33781,116,103,13,13
33782,113,107,6,6
33783,70,67,3,3
33784,127,129,-2,2
33785,104,104,0,0
33786,103,105,-2,2
33787,66,59,7,7
33788,58,57,1,1
33789,47,58,-11,11
33790,124,119,5,5
33791,47,44,3,3
33792,134,118,16,16
33793,126,110,16,16
33794,133,129,4,4
33795,101,99,2,2
33796,48,50,-2,2
33797,69,83,-14,14
33798,62,62,0,0
33799,112,96,16,16
33800,124,124,0,0
33801,68,66,2,2
33802,70,65,5,5
33803,98,97,1,1
33804,61,78,-17,17
33805,98,103,-5,5
33806,128,116,12,12
33807,112,103,9,9
33808,62,65,-3,3
33809,106,97,9,9
33810,90,80,10,10
33811,57,62,-5,5
33812,127,120,7,7
33813,83,80,3,3
33814,123,115,8,8
33815,99,91,8,8
33816,114,115,-1,1
33817,124,121,3,3
33818,63,65,-2,2
33819,169,157,12,12
33820,86,82,4,4
33821,97,97,0,0
33822,95,97,-2,2
33823,97,97,0,0
33824,120,106,14,14
33825,100,92,8,8
33826,127,130,-3,3
33827,65,69,-4,4
33828,74,76,-2,2
33829,146,135,11,11
33830,93,93,0,0
33831,76,76,0,0
33832,127,118,9,9
33833,61,60,1,1
33834,81,84,-3,3
33835,132,99,33,33
33836,69,60,9,9
33837,56,71,-15,15
33838,103,96,7,7
33839,110,111,-1,1
33840,102,95,7,7
33841,74,67,7,7
33842,111,111,0,0
33843,74,75,-1,1
33844,58,59,-1,1
33845,96,97,-1,1
33846,67,70,-3,3
33847,57,57,0,0
33848,104,96,8,8
33849,60,69,-9,9
33850,50,60,-10,10
33851,120,113,7,7
33852,73,72,1,1
33853,45,46,-1,1
33854,95,95,0,0
33855,125,128,-3,3
33856,106,102,4,4
33857,80,75,5,5
33858,138,129,9,9
33859,105,107,-2,2
33860,100,100,0,0
33861,89,84,5,5
33862,161,136,25,25
33863,115,117,-2,2
33864,109,96,13,13
33865,120,110,10,10
33866,64,64,0,0
33867,85,85,0,0
33868,139,133,6,6
33869,56,62,-6,6
33870,100,98,2,2
33871,61,64,-3,3
33872,87,90,-3,3
33873,78,74,4,4
33874,135,122,13,13
33875,149,145,4,4
33876,123,111,12,12
33877,114,97,17,17
33878,106,108,-2,2
33879,121,101,20,20
33880,103,115,-12,12
33881,133,127,6,6
33882,83,80,3,3
33883,90,84,6,6
33884,43,46,-3,3
33885,195,172,23,23
33886,82,76,6,6
33887,121,111,10,10
33888,77,76,1,1
33889,80,86,-6,6
33890,56,61,-5,5
33891,70,65,5,5
33892,57,55,2,2
33893,98,97,1,1
33894,85,86,-1,1
33895,102,95,7,7
33896,114,96,18,18
33897,153,135,18,18
33898,61,58,3,3
33899,99,95,4,4
33900,77,74,3,3
33901,89,77,12,12
33902,79,73,6,6
33903,108,112,-4,4
33904,102,82,20,20
33905,54,63,-9,9
33906,101,90,11,11
33907,131,118,13,13
33908,56,62,-6,6
33909,110,101,9,9
33910,78,71,7,7
33911,153,139,14,14
33912,73,74,-1,1
33913,105,95,10,10
33914,57,70,-13,13
33915,95,105,-10,10
33916,56,67,-11,11
33917,107,100,7,7
33918,62,80,-18,18
33919,157,147,10,10
33920,94,84,10,10
33921,84,70,14,14
33922,131,129,2,2
33923,75,74,1,1
33924,122,118,4,4
33925,114,119,-5,5
33926,61,57,4,4
33927,137,139,-2,2
33928,72,67,5,5
33929,115,99,16,16
33930,49,85,-36,36
33931,98,90,8,8
33932,114,116,-2,2
33933,79,78,1,1
33934,75,70,5,5
33935,111,87,24,24
33936,84,81,3,3
33937,61,64,-3,3
33938,70,76,-6,6
33939,103,106,-3,3
33940,119,102,17,17
33941,62,66,-4,4
33942,94,82,12,12
33943,161,145,16,16
33944,253,216,37,37
33945,112,108,4,4
33946,63,72,-9,9
33947,90,83,7,7
33948,124,118,6,6
33949,85,72,13,13
33950,167,161,6,6
33951,115,92,23,23
33952,113,97,16,16
33953,95,92,3,3
33954,93,91,2,2
33955,138,119,19,19
33956,74,73,1,1
33957,52,57,-5,5
33958,104,96,8,8
33959,143,134,9,9
33960,74,83,-9,9
33961,69,68,1,1
33962,133,116,17,17
33963,82,79,3,3
33964,98,92,6,6
33965,77,76,1,1
33966,142,139,3,3
33967,84,87,-3,3
33968,95,99,-4,4
33969,83,79,4,4
33970,114,99,15,15
33971,53,73,-20,20
33972,91,86,5,5
33973,122,125,-3,3
33974,89,111,-22,22
33975,81,84,-3,3
33976,110,109,1,1
33977,96,90,6,6
33978,119,110,9,9
33979,80,81,-1,1
33980,108,98,10,10
33981,71,69,2,2
33982,80,77,3,3
33983,157,153,4,4
33984,85,72,13,13
33985,47,55,-8,8
33986,68,61,7,7
33987,86,72,14,14
33988,71,71,0,0
33989,64,61,3,3
33990,65,67,-2,2
33991,155,155,0,0
33992,108,111,-3,3
33993,188,169,19,19
33994,109,116,-7,7
33995,64,68,-4,4
33996,120,134,-14,14
33997,72,70,2,2
33998,55,60,-5,5
33999,69,66,3,3
34000,186,166,20,20
34001,96,111,-15,15
34002,77,82,-5,5
34003,83,86,-3,3
34004,79,71,8,8
34005,55,65,-10,10
34006,155,141,14,14
34007,91,88,3,3
34008,48,56,-8,8
34009,122,116,6,6
34010,75,91,-16,16
34011,109,108,1,1
34012,110,105,5,5
34013,79,74,5,5
34014,69,67,2,2
34015,78,82,-4,4
34016,129,126,3,3
34017,131,123,8,8
34018,45,49,-4,4
34019,96,90,6,6
34020,105,120,-15,15
34021,128,125,3,3
34022,139,131,8,8
34023,116,102,14,14
34024,81,78,3,3
34025,77,81,-4,4
34026,100,96,4,4
34027,68,66,2,2
34028,70,79,-9,9
34029,222,222,0,0
34030,22,37,-15,15
34031,121,113,8,8
34032,67,68,-1,1
34033,87,75,12,12
34034,58,57,1,1
34035,69,79,-10,10
34036,71,81,-10,10
34037,54,65,-11,11
34038,60,55,5,5
34039,87,86,1,1
34040,101,96,5,5
34041,61,59,2,2
34042,141,124,17,17
34043,121,124,-3,3
34044,102,92,10,10
34045,78,83,-5,5
34046,96,108,-12,12
34047,56,55,1,1
34048,101,88,13,13
34049,64,66,-2,2
34050,55,64,-9,9
34051,89,78,11,11
34052,84,78,6,6
34053,90,85,5,5
34054,166,148,18,18
34055,85,106,-21,21
34056,94,92,2,2
34057,130,132,-2,2
34058,146,149,-3,3
34059,77,91,-14,14
34060,97,90,7,7
34061,102,96,6,6
34062,150,147,3,3
34063,104,101,3,3
34064,90,89,1,1
34065,70,69,1,1
34066,45,47,-2,2
34067,76,68,8,8
34068,90,103,-13,13
34069,63,54,9,9
34070,123,125,-2,2
34071,91,76,15,15
34072,102,92,10,10
34073,120,109,11,11
34074,48,67,-19,19
34075,42,50,-8,8
34076,85,82,3,3
34077,67,64,3,3
34078,73,63,10,10
34079,67,66,1,1
34080,87,86,1,1
34081,172,156,16,16
34082,128,133,-5,5
34083,116,113,3,3
34084,102,94,8,8
34085,134,132,2,2
34086,94,101,-7,7
34087,55,57,-2,2
34088,175,171,4,4
34089,71,73,-2,2
34090,53,58,-5,5
34091,92,99,-7,7
34092,111,104,7,7
34093,120,121,-1,1
34094,107,114,-7,7
34095,48,47,1,1
34096,85,76,9,9
34097,122,138,-16,16
34098,90,94,-4,4
34099,70,69,1,1
34100,63,66,-3,3
34101,110,101,9,9
34102,56,65,-9,9
34103,96,99,-3,3
34104,79,80,-1,1
34105,56,56,0,0
34106,115,99,16,16
34107,60,69,-9,9
34108,59,60,-1,1
34109,74,74,0,0
34110,110,114,-4,4
34111,99,110,-11,11
34112,106,101,5,5
34113,62,57,5,5
34114,93,92,1,1
34115,59,56,3,3
34116,88,80,8,8
34117,75,85,-10,10
34118,78,71,7,7
34119,67,69,-2,2
34120,118,108,10,10
34121,66,65,1,1
34122,69,67,2,2
34123,110,99,11,11
34124,102,98,4,4
34125,127,123,4,4
34126,99,95,4,4
34127,127,129,-2,2
34128,97,82,15,15
34129,52,46,6,6
34130,56,64,-8,8
34131,64,65,-1,1
34132,111,101,10,10
34133,114,108,6,6
34134,162,139,23,23
34135,56,69,-13,13
34136,35,45,-10,10
34137,83,83,0,0
34138,151,149,2,2
34139,77,79,-2,2
34140,65,71,-6,6
34141,67,66,1,1
34142,81,78,3,3
34143,56,56,0,0
34144,67,69,-2,2
34145,59,58,1,1
34146,142,117,25,25
34147,79,80,-1,1
34148,104,99,5,5
34149,68,67,1,1
34150,67,74,-7,7
34151,56,55,1,1
34152,66,65,1,1
34153,31,36,-5,5
34154,121,108,13,13
34155,115,106,9,9
34156,68,62,6,6
34157,103,103,0,0
34158,71,72,-1,1
34159,115,117,-2,2
34160,122,106,16,16
34161,99,95,4,4
34162,112,105,7,7
34163,215,216,-1,1
34164,68,73,-5,5
34165,84,82,2,2
34166,82,80,2,2
34167,82,83,-1,1
34168,95,88,7,7
34169,80,80,0,0
34170,121,106,15,15
34171,103,91,12,12
34172,74,80,-6,6
34173,59,58,1,1
34174,106,94,12,12
34175,62,53,9,9
34176,49,49,0,0
34177,62,65,-3,3
34178,151,142,9,9
34179,178,149,29,29
34180,96,96,0,0
34181,91,94,-3,3
34182,74,75,-1,1
34183,78,85,-7,7
34184,95,115,-20,20
34185,109,105,4,4
34186,59,62,-3,3
34187,64,56,8,8
34188,122,105,17,17
34189,106,104,2,2
34190,137,128,9,9
34191,79,72,7,7
34192,45,50,-5,5
34193,96,89,7,7
34194,53,54,-1,1
34195,121,106,15,15
34196,138,135,3,3
34197,107,97,10,10
34198,90,86,4,4
34199,83,84,-1,1
34200,65,67,-2,2
34201,68,78,-10,10
34202,50,52,-2,2
34203,44,70,-26,26
34204,78,85,-7,7
34205,74,76,-2,2
34206,67,66,1,1
34207,116,100,16,16
34208,50,48,2,2
34209,100,91,9,9
34210,52,54,-2,2
34211,70,66,4,4
34212,92,89,3,3
34213,130,121,9,9
34214,139,138,1,1
34215,96,86,10,10
34216,98,89,9,9
34217,49,48,1,1
34218,90,78,12,12
34219,103,107,-4,4
34220,39,48,-9,9
34221,172,146,26,26
34222,104,91,13,13
34223,63,66,-3,3
34224,78,71,7,7
34225,65,70,-5,5
34226,58,57,1,1
34227,140,138,2,2
34228,95,100,-5,5
34229,77,71,6,6
34230,122,107,15,15
34231,63,53,10,10
34232,26,37,-11,11
34233,78,80,-2,2
34234,60,65,-5,5
34235,80,76,4,4
34236,96,94,2,2
34237,62,65,-3,3
34238,77,82,-5,5
34239,101,91,10,10
34240,103,100,3,3
34241,87,94,-7,7
34242,132,125,7,7
34243,223,187,36,36
34244,117,107,10,10
34245,151,132,19,19
34246,87,95,-8,8
34247,103,96,7,7
34248,59,66,-7,7
34249,150,125,25,25
34250,100,93,7,7
34251,92,78,14,14
34252,65,76,-11,11
34253,72,69,3,3
34254,48,48,0,0
34255,114,103,11,11
34256,63,53,10,10
34257,139,130,9,9
34258,86,84,2,2
34259,96,83,13,13
34260,80,79,1,1
34261,126,107,19,19
34262,112,105,7,7
34263,99,108,-9,9
34264,83,74,9,9
34265,62,59,3,3
34266,53,69,-16,16
34267,40,46,-6,6
34268,103,97,6,6
34269,87,103,-16,16
34270,66,66,0,0
34271,116,104,12,12
34272,107,94,13,13
34273,121,115,6,6
34274,114,95,19,19
34275,111,106,5,5
34276,105,101,4,4
34277,103,104,-1,1
34278,106,91,15,15
34279,126,115,11,11
34280,104,99,5,5
34281,77,74,3,3
34282,114,111,3,3
34283,77,77,0,0
34284,83,83,0,0
34285,78,88,-10,10
34286,81,84,-3,3
34287,64,64,0,0
34288,134,123,11,11
34289,78,78,0,0
34290,137,125,12,12
34291,80,75,5,5
34292,145,127,18,18
34293,103,106,-3,3
34294,101,96,5,5
34295,87,84,3,3
34296,83,86,-3,3
34297,98,89,9,9
34298,133,132,1,1
34299,114,118,-4,4
34300,119,104,15,15
34301,94,91,3,3
34302,85,87,-2,2
34303,162,153,9,9
34304,85,70,15,15
34305,62,60,2,2
34306,83,75,8,8
34307,99,94,5,5
34308,79,81,-2,2
34309,95,95,0,0
34310,140,136,4,4
34311,165,148,17,17
34312,104,96,8,8
34313,110,120,-10,10
34314,138,168,-30,30
34315,117,125,-8,8
34316,120,114,6,6
34317,67,76,-9,9
34318,82,80,2,2
34319,110,97,13,13
34320,110,98,12,12
34321,63,71,-8,8
34322,54,54,0,0
34323,128,130,-2,2
34324,90,79,11,11
34325,99,98,1,1
34326,121,139,-18,18
34327,47,61,-14,14
34328,88,79,9,9
34329,96,87,9,9
34330,83,103,-20,20
34331,91,77,14,14
34332,100,100,0,0
34333,68,72,-4,4
34334,44,45,-1,1
34335,94,89,5,5
34336,48,51,-3,3
34337,63,63,0,0
34338,114,106,8,8
34339,88,79,9,9
34340,105,95,10,10
34341,67,69,-2,2
34342,61,53,8,8
34343,120,116,4,4
34344,111,97,14,14
34345,102,94,8,8
34346,111,102,9,9
34347,48,49,-1,1
34348,102,103,-1,1
34349,101,98,3,3
34350,88,91,-3,3
34351,58,67,-9,9
34352,64,68,-4,4
34353,65,66,-1,1
34354,156,140,16,16
34355,84,82,2,2
34356,169,147,22,22
34357,130,108,22,22
34358,51,65,-14,14
34359,60,60,0,0
34360,109,94,15,15
34361,107,108,-1,1
34362,133,140,-7,7
34363,73,69,4,4
34364,117,109,8,8
34365,105,97,8,8
34366,118,131,-13,13
34367,107,101,6,6
34368,89,92,-3,3
34369,130,115,15,15
34370,107,110,-3,3
34371,86,85,1,1
34372,87,89,-2,2
34373,166,152,14,14
34374,91,88,3,3
34375,83,78,5,5
34376,90,105,-15,15
34377,60,68,-8,8
34378,73,75,-2,2
34379,133,115,18,18
34380,131,123,8,8
34381,128,143,-15,15
34382,93,88,5,5
34383,48,55,-7,7
34384,126,100,26,26
34385,62,70,-8,8
34386,50,61,-11,11
34387,70,68,2,2
34388,111,106,5,5
34389,89,81,8,8
34390,94,98,-4,4
34391,38,45,-7,7
34392,76,89,-13,13
34393,92,90,2,2
34394,66,65,1,1
34395,84,80,4,4
34396,72,73,-1,1
34397,79,76,3,3
34398,78,81,-3,3
34399,61,60,1,1
34400,68,69,-1,1
34401,114,100,14,14
34402,84,83,1,1
34403,51,64,-13,13
34404,96,84,12,12
34405,74,69,5,5
34406,64,71,-7,7
34407,79,74,5,5
34408,89,80,9,9
34409,150,143,7,7
34410,137,117,20,20
34411,62,64,-2,2
34412,120,109,11,11
34413,75,69,6,6
34414,63,68,-5,5
34415,144,144,0,0
34416,83,74,9,9
34417,71,96,-25,25
34418,125,121,4,4
34419,71,72,-1,1
34420,90,90,0,0
34421,57,54,3,3
34422,68,78,-10,10
34423,117,103,14,14
34424,142,134,8,8
34425,95,85,10,10
34426,91,94,-3,3
34427,86,88,-2,2
34428,119,119,0,0
34429,71,83,-12,12
34430,97,89,8,8
34431,92,95,-3,3
34432,86,101,-15,15
34433,48,57,-9,9
34434,50,47,3,3
34435,105,132,-27,27
34436,105,108,-3,3
34437,127,109,18,18
34438,108,104,4,4
34439,71,67,4,4
34440,73,77,-4,4
34441,68,74,-6,6
34442,147,130,17,17
34443,142,142,0,0
34444,39,43,-4,4
34445,91,79,12,12
34446,79,82,-3,3
34447,84,78,6,6
34448,123,123,0,0
34449,63,78,-15,15
34450,196,177,19,19
34451,161,157,4,4
34452,152,122,30,30
34453,144,131,13,13
34454,96,95,1,1
34455,125,125,0,0
34456,82,77,5,5
34457,128,114,14,14
34458,160,156,4,4
34459,43,47,-4,4
34460,68,71,-3,3
34461,108,83,25,25
34462,74,75,-1,1
34463,52,65,-13,13
34464,107,111,-4,4
34465,64,71,-7,7
34466,89,83,6,6
34467,85,75,10,10
34468,73,75,-2,2
34469,177,177,0,0
34470,111,105,6,6
34471,67,78,-11,11
34472,76,68,8,8
34473,152,134,18,18
34474,90,91,-1,1
34475,79,76,3,3
34476,99,100,-1,1
34477,78,75,3,3
34478,131,121,10,10
34479,100,90,10,10
34480,74,78,-4,4
34481,99,97,2,2
34482,135,129,6,6
34483,104,102,2,2
34484,67,65,2,2
34485,102,86,16,16
34486,48,51,-3,3
34487,243,222,21,21
34488,97,91,6,6
34489,112,107,5,5
34490,118,118,0,0
34491,77,82,-5,5
34492,73,62,11,11
34493,99,97,2,2
34494,60,79,-19,19
34495,155,148,7,7
34496,125,120,5,5
34497,202,160,42,42
34498,82,87,-5,5
34499,100,91,9,9
34500,78,73,5,5
34501,59,71,-12,12
34502,48,54,-6,6
34503,121,119,2,2
34504,128,116,12,12
34505,96,103,-7,7
34506,133,119,14,14
34507,107,103,4,4
34508,106,99,7,7
34509,111,121,-10,10
34510,48,70,-22,22
34511,79,90,-11,11
34512,121,104,17,17
34513,147,136,11,11
34514,113,107,6,6
34515,58,59,-1,1
34516,93,86,7,7
34517,109,104,5,5
34518,85,87,-2,2
34519,69,80,-11,11
34520,70,72,-2,2
34521,81,90,-9,9
34522,47,49,-2,2
34523,121,107,14,14
34524,151,131,20,20
34525,80,80,0,0
34526,60,61,-1,1
34527,133,125,8,8
34528,65,68,-3,3
34529,162,152,10,10
34530,73,72,1,1
34531,108,97,11,11
34532,87,84,3,3
34533,101,106,-5,5
34534,90,88,2,2
34535,130,139,-9,9
34536,133,121,12,12
34537,139,133,6,6
34538,95,98,-3,3
34539,96,92,4,4
34540,66,67,-1,1
34541,69,76,-7,7
34542,69,70,-1,1
34543,86,82,4,4
34544,95,91,4,4
34545,91,87,4,4
34546,189,159,30,30
34547,109,107,2,2
34548,63,62,1,1
34549,156,152,4,4
34550,64,68,-4,4
34551,117,107,10,10
34552,55,53,2,2
34553,115,118,-3,3
34554,103,96,7,7
34555,155,143,12,12
34556,78,75,3,3
34557,159,161,-2,2
34558,73,67,6,6
34559,188,173,15,15
34560,150,148,2,2
34561,103,92,11,11
34562,80,80,0,0
34563,92,92,0,0
34564,121,119,2,2
34565,113,113,0,0
34566,106,98,8,8
34567,72,67,5,5
34568,120,114,6,6
34569,49,54,-5,5
34570,124,126,-2,2
34571,82,83,-1,1
34572,145,152,-7,7
34573,61,59,2,2
34574,108,101,7,7
34575,53,57,-4,4
34576,117,107,10,10
34577,88,90,-2,2
34578,122,94,28,28
34579,56,57,-1,1
34580,161,144,17,17
34581,115,110,5,5
34582,100,96,4,4
34583,149,148,1,1
34584,126,116,10,10
34585,74,73,1,1
34586,124,112,12,12
34587,101,96,5,5
34588,83,95,-12,12
34589,105,97,8,8
34590,143,132,11,11
34591,153,143,10,10
34592,54,55,-1,1
34593,52,63,-11,11
34594,87,85,2,2
34595,63,65,-2,2
34596,84,90,-6,6
34597,96,95,1,1
34598,59,68,-9,9
34599,141,129,12,12
34600,121,105,16,16
34601,21,38,-17,17
34602,93,85,8,8
34603,126,124,2,2
34604,91,87,4,4
34605,126,117,9,9
34606,79,75,4,4
34607,133,132,1,1
34608,72,77,-5,5
34609,117,94,23,23
34610,51,64,-13,13
34611,92,90,2,2
34612,78,85,-7,7
34613,70,73,-3,3
34614,77,78,-1,1
34615,94,84,10,10
34616,75,75,0,0
34617,93,91,2,2
34618,75,65,10,10
34619,149,141,8,8
34620,99,96,3,3
34621,94,106,-12,12
34622,98,90,8,8
34623,68,67,1,1
34624,101,146,-45,45
34625,115,103,12,12
34626,87,83,4,4
34627,100,108,-8,8
34628,80,90,-10,10
34629,133,121,12,12
34630,54,56,-2,2
34631,164,150,14,14
34632,98,95,3,3
34633,75,77,-2,2
34634,77,70,7,7
34635,126,118,8,8
34636,124,114,10,10
34637,89,88,1,1
34638,77,79,-2,2
34639,162,143,19,19
34640,129,109,20,20
34641,126,118,8,8
34642,90,80,10,10
34643,145,134,11,11
34644,59,67,-8,8
34645,79,74,5,5
34646,100,85,15,15
34647,136,125,11,11
34648,53,64,-11,11
34649,109,102,7,7
34650,79,79,0,0
34651,111,102,9,9
34652,172,135,37,37
34653,142,142,0,0
34654,81,82,-1,1
34655,100,98,2,2
34656,71,70,1,1
34657,37,45,-8,8
34658,91,85,6,6
34659,85,83,2,2
34660,96,97,-1,1
34661,96,92,4,4
34662,72,68,4,4
34663,58,58,0,0
34664,128,133,-5,5
34665,90,78,12,12
34666,79,78,1,1
34667,57,52,5,5
34668,164,137,27,27
34669,147,116,31,31
34670,42,51,-9,9
34671,92,100,-8,8
34672,73,74,-1,1
34673,80,80,0,0
34674,82,78,4,4
34675,82,81,1,1
34676,124,115,9,9
34677,87,90,-3,3
34678,93,93,0,0
34679,151,128,23,23
34680,88,87,1,1
34681,99,90,9,9
34682,104,98,6,6
34683,80,77,3,3
34684,91,80,11,11
34685,116,129,-13,13
34686,136,123,13,13
34687,76,105,-29,29
34688,125,128,-3,3
34689,99,90,9,9
34690,112,116,-4,4
34691,103,113,-10,10
34692,152,140,12,12
34693,122,111,11,11
34694,74,72,2,2
34695,106,106,0,0
34696,76,73,3,3
34697,59,66,-7,7
34698,100,116,-16,16
34699,58,65,-7,7
34700,69,72,-3,3
34701,120,122,-2,2
34702,74,71,3,3
34703,55,57,-2,2
34704,89,88,1,1
34705,79,76,3,3
34706,137,138,-1,1
34707,81,83,-2,2
34708,64,74,-10,10
34709,170,161,9,9
34710,69,71,-2,2
34711,72,69,3,3
34712,73,77,-4,4
34713,66,70,-4,4
34714,114,110,4,4
34715,96,102,-6,6
34716,67,70,-3,3
34717,83,82,1,1
34718,72,67,5,5
34719,150,145,5,5
34720,56,52,4,4
34721,66,70,-4,4
34722,53,62,-9,9
34723,169,144,25,25
34724,66,69,-3,3
34725,105,107,-2,2
34726,101,99,2,2
34727,78,78,0,0
34728,130,123,7,7
34729,140,126,14,14
34730,91,103,-12,12
34731,89,80,9,9
34732,73,74,-1,1
34733,111,102,9,9
34734,111,110,1,1
34735,154,138,16,16
34736,56,63,-7,7
34737,136,125,11,11
34738,101,87,14,14
34739,120,121,-1,1
34740,62,54,8,8
34741,105,105,0,0
34742,76,78,-2,2
34743,161,157,4,4
34744,88,91,-3,3
34745,51,56,-5,5
34746,108,108,0,0
34747,101,93,8,8
34748,74,77,-3,3
34749,189,160,29,29
34750,46,47,-1,1
34751,58,60,-2,2
34752,100,84,16,16
34753,171,141,30,30
34754,45,48,-3,3
34755,87,71,16,16
34756,57,54,3,3
34757,137,118,19,19
34758,72,71,1,1
34759,115,107,8,8
34760,98,95,3,3
34761,58,65,-7,7
34762,87,108,-21,21
34763,79,77,2,2
34764,79,70,9,9
34765,67,66,1,1
34766,32,42,-10,10
34767,76,77,-1,1
34768,80,71,9,9
34769,106,91,15,15
34770,54,65,-11,11
34771,75,79,-4,4
34772,149,137,12,12
34773,110,95,15,15
34774,106,106,0,0
34775,130,123,7,7
34776,49,53,-4,4
34777,119,122,-3,3
34778,75,77,-2,2
34779,89,90,-1,1
34780,63,57,6,6
34781,64,55,9,9
34782,116,110,6,6
34783,79,71,8,8
34784,92,93,-1,1
34785,70,75,-5,5
34786,120,113,7,7
34787,165,153,12,12
34788,187,182,5,5
34789,82,79,3,3
34790,53,68,-15,15
34791,88,82,6,6
34792,75,70,5,5
34793,66,65,1,1
34794,80,81,-1,1
34795,113,101,12,12
34796,48,46,2,2
34797,52,54,-2,2
34798,169,155,14,14
34799,100,103,-3,3
34800,71,81,-10,10
34801,103,108,-5,5
34802,127,121,6,6
34803,132,137,-5,5
34804,136,126,10,10
34805,67,55,12,12
34806,127,126,1,1
34807,142,139,3,3
34808,114,114,0,0
34809,71,76,-5,5
34810,77,78,-1,1
34811,86,95,-9,9
34812,166,141,25,25
34813,116,108,8,8
34814,42,44,-2,2
34815,91,81,10,10
34816,81,76,5,5
34817,109,102,7,7
34818,164,161,3,3
34819,119,120,-1,1
34820,79,73,6,6
34821,122,114,8,8
34822,67,69,-2,2
34823,96,89,7,7
34824,81,80,1,1
34825,110,81,29,29
34826,142,137,5,5
34827,30,40,-10,10
34828,102,119,-17,17
34829,128,111,17,17
34830,127,132,-5,5
34831,55,87,-32,32
34832,125,150,-25,25
34833,85,84,1,1
34834,82,84,-2,2
34835,99,103,-4,4
34836,142,142,0,0
34837,99,104,-5,5
34838,96,103,-7,7
34839,87,99,-12,12
34840,76,71,5,5
34841,95,102,-7,7
34842,61,65,-4,4
34843,58,67,-9,9
34844,88,91,-3,3
34845,87,93,-6,6
34846,89,85,4,4
34847,100,93,7,7
34848,87,91,-4,4
34849,86,82,4,4
34850,43,52,-9,9
34851,33,42,-9,9
34852,97,96,1,1
34853,130,114,16,16
34854,149,129,20,20
34855,139,121,18,18
34856,71,74,-3,3
34857,53,70,-17,17
34858,69,63,6,6
34859,114,100,14,14
34860,60,68,-8,8
34861,53,56,-3,3
34862,80,74,6,6
34863,75,65,10,10
34864,101,115,-14,14
34865,147,140,7,7
34866,100,87,13,13
34867,112,115,-3,3
34868,61,62,-1,1
34869,68,68,0,0
34870,41,59,-18,18
34871,72,77,-5,5
34872,69,81,-12,12
34873,135,122,13,13
34874,112,108,4,4
34875,63,58,5,5
34876,83,77,6,6
34877,74,78,-4,4
34878,85,89,-4,4
34879,91,82,9,9
34880,150,147,3,3
34881,96,93,3,3
34882,61,85,-24,24
34883,51,69,-18,18
34884,61,66,-5,5
34885,143,154,-11,11
34886,64,68,-4,4
34887,59,56,3,3
34888,67,76,-9,9
34889,65,88,-23,23
34890,142,125,17,17
34891,66,67,-1,1
34892,73,76,-3,3
34893,107,102,5,5
34894,112,95,17,17
34895,104,104,0,0
34896,46,52,-6,6
34897,83,73,10,10
34898,89,84,5,5
34899,73,65,8,8
34900,59,62,-3,3
34901,59,56,3,3
34902,112,103,9,9
34903,75,81,-6,6
34904,68,71,-3,3
34905,80,89,-9,9
34906,70,78,-8,8
34907,77,80,-3,3
34908,49,51,-2,2
34909,91,87,4,4
34910,65,62,3,3
34911,77,75,2,2
34912,130,115,15,15
34913,77,77,0,0
34914,175,170,5,5
34915,103,107,-4,4
34916,79,77,2,2
34917,74,71,3,3
34918,98,102,-4,4
34919,111,110,1,1
34920,105,114,-9,9
34921,106,107,-1,1
34922,43,46,-3,3
34923,91,97,-6,6
34924,88,87,1,1
34925,121,109,12,12
34926,111,102,9,9
34927,65,69,-4,4
34928,63,60,3,3
34929,91,96,-5,5
34930,70,75,-5,5
34931,117,107,10,10
34932,56,65,-9,9
34933,153,150,3,3
34934,135,130,5,5
34935,66,65,1,1
34936,97,98,-1,1
34937,94,96,-2,2
34938,79,80,-1,1
34939,89,85,4,4
34940,117,104,13,13
34941,50,50,0,0
34942,172,173,-1,1
34943,71,80,-9,9
34944,94,89,5,5
34945,146,142,4,4
34946,57,59,-2,2
34947,91,91,0,0
34948,44,49,-5,5
34949,124,116,8,8
34950,117,98,19,19
34951,93,83,10,10
34952,100,103,-3,3
34953,167,152,15,15
34954,97,94,3,3
34955,117,108,9,9
34956,142,128,14,14
34957,62,65,-3,3
34958,99,100,-1,1
34959,83,82,1,1
34960,61,69,-8,8
34961,80,86,-6,6
34962,85,78,7,7
34963,102,101,1,1
34964,127,128,-1,1
34965,123,126,-3,3
34966,117,112,5,5
34967,102,112,-10,10
34968,100,93,7,7
34969,105,96,9,9
34970,116,97,19,19
34971,104,105,-1,1
34972,70,67,3,3
34973,71,76,-5,5
34974,59,71,-12,12
34975,86,79,7,7
34976,121,98,23,23
34977,104,94,10,10
34978,93,85,8,8
34979,78,80,-2,2
34980,124,115,9,9
34981,83,86,-3,3
34982,126,118,8,8
34983,91,90,1,1
34984,89,100,-11,11
34985,79,71,8,8
34986,110,106,4,4
34987,80,80,0,0
34988,116,110,6,6
34989,133,112,21,21
34990,91,103,-12,12
34991,94,86,8,8
34992,160,143,17,17
34993,107,112,-5,5
34994,61,70,-9,9
34995,74,68,6,6
34996,80,81,-1,1
34997,50,56,-6,6
34998,98,98,0,0
34999,47,51,-4,4
35000,63,80,-17,17
35001,92,98,-6,6
35002,97,93,4,4
35003,101,104,-3,3
35004,48,60,-12,12
35005,114,111,3,3
35006,106,102,4,4
35007,98,90,8,8
35008,133,127,6,6
35009,98,82,16,16
35010,41,47,-6,6
35011,85,86,-1,1
35012,102,103,-1,1
35013,97,87,10,10
35014,49,52,-3,3
35015,50,58,-8,8
35016,86,90,-4,4
35017,96,104,-8,8
35018,110,100,10,10
35019,95,92,3,3
35020,89,78,11,11
35021,92,87,5,5
35022,109,102,7,7
35023,75,78,-3,3
35024,61,56,5,5
35025,82,90,-8,8
35026,88,89,-1,1
35027,139,129,10,10
35028,67,81,-14,14
35029,106,105,1,1
35030,108,106,2,2
35031,80,86,-6,6
35032,78,85,-7,7
35033,87,85,2,2
35034,57,57,0,0
35035,63,63,0,0
35036,105,88,17,17
35037,129,108,21,21
35038,65,66,-1,1
35039,93,91,2,2
35040,50,49,1,1
35041,30,44,-14,14
35042,81,75,6,6
35043,55,69,-14,14
35044,76,75,1,1
35045,135,119,16,16
35046,55,58,-3,3
35047,140,136,4,4
35048,92,81,11,11
35049,124,122,2,2
35050,100,97,3,3
35051,40,44,-4,4
35052,50,48,2,2
35053,85,86,-1,1
35054,87,97,-10,10
35055,136,122,14,14
35056,65,67,-2,2
35057,97,74,23,23
35058,80,76,4,4
35059,99,94,5,5
35060,69,72,-3,3
35061,97,99,-2,2
35062,65,62,3,3
35063,67,68,-1,1
35064,108,106,2,2
35065,105,109,-4,4
35066,98,91,7,7
35067,73,73,0,0
35068,87,83,4,4
35069,80,72,8,8
35070,115,114,1,1
35071,129,111,18,18
35072,62,65,-3,3
35073,141,125,16,16
35074,165,148,17,17
35075,167,156,11,11
35076,128,110,18,18
35077,163,140,23,23
35078,49,66,-17,17
35079,73,79,-6,6
35080,117,140,-23,23
35081,182,160,22,22
35082,91,83,8,8
35083,73,78,-5,5
35084,130,128,2,2
35085,92,90,2,2
35086,164,133,31,31
35087,100,109,-9,9
35088,106,109,-3,3
35089,155,153,2,2
35090,84,84,0,0
35091,115,115,0,0
35092,74,75,-1,1
35093,62,58,4,4
35094,76,77,-1,1
35095,82,90,-8,8
35096,116,103,13,13
35097,84,82,2,2
35098,61,65,-4,4
35099,155,136,19,19
35100,87,142,-55,55
35101,118,116,2,2
35102,126,127,-1,1
35103,123,119,4,4
35104,72,81,-9,9
35105,106,99,7,7
35106,119,107,12,12
35107,79,79,0,0
35108,70,83,-13,13
35109,129,109,20,20
35110,93,81,12,12
35111,98,84,14,14
35112,164,161,3,3
35113,110,110,0,0
35114,108,101,7,7
35115,79,78,1,1
35116,140,138,2,2
35117,81,86,-5,5
35118,84,98,-14,14
35119,64,57,7,7
35120,101,99,2,2
35121,65,69,-4,4
35122,71,78,-7,7
35123,66,71,-5,5
35124,81,81,0,0
35125,82,93,-11,11
35126,101,104,-3,3
35127,95,95,0,0
35128,95,95,0,0
35129,177,164,13,13
35130,148,148,0,0
35131,83,87,-4,4
35132,79,80,-1,1
35133,87,83,4,4
35134,120,115,5,5
35135,140,155,-15,15
35136,117,108,9,9
35137,88,84,4,4
35138,79,69,10,10
35139,89,90,-1,1
35140,83,73,10,10
35141,79,92,-13,13
35142,118,115,3,3
35143,79,82,-3,3
35144,95,87,8,8
35145,62,62,0,0
35146,67,70,-3,3
35147,63,65,-2,2
35148,99,84,15,15
35149,164,154,10,10
35150,71,63,8,8
35151,49,52,-3,3
35152,88,87,1,1
35153,93,84,9,9
35154,90,88,2,2
35155,96,79,17,17
35156,91,88,3,3
35157,41,45,-4,4
35158,94,91,3,3
35159,58,53,5,5
35160,87,88,-1,1
35161,100,93,7,7
35162,117,111,6,6
35163,106,101,5,5
35164,65,75,-10,10
35165,126,122,4,4
35166,92,91,1,1
35167,78,87,-9,9
35168,98,92,6,6
35169,102,113,-11,11
35170,115,100,15,15
35171,93,86,7,7
35172,48,57,-9,9
35173,64,69,-5,5
35174,168,171,-3,3
35175,95,80,15,15
35176,125,118,7,7
35177,128,135,-7,7
35178,137,114,23,23
35179,62,54,8,8
35180,76,78,-2,2
35181,66,65,1,1
35182,50,56,-6,6
35183,98,89,9,9
35184,101,101,0,0
35185,77,81,-4,4
35186,97,96,1,1
35187,116,104,12,12
35188,118,107,11,11
35189,157,151,6,6
35190,48,52,-4,4
35191,86,87,-1,1
35192,79,93,-14,14
35193,93,82,11,11
35194,58,57,1,1
35195,65,65,0,0
35196,203,176,27,27
35197,59,60,-1,1
35198,103,98,5,5
35199,35,42,-7,7
35200,95,98,-3,3
35201,89,93,-4,4
35202,122,110,12,12
35203,97,91,6,6
35204,84,80,4,4
35205,146,121,25,25
35206,129,113,16,16
35207,76,82,-6,6
35208,79,76,3,3
35209,92,89,3,3
35210,82,72,10,10
35211,111,102,9,9
35212,88,81,7,7
35213,155,143,12,12
35214,75,67,8,8
35215,109,105,4,4
35216,64,59,5,5
35217,76,73,3,3
35218,114,114,0,0
35219,84,77,7,7
35220,90,87,3,3
35221,49,51,-2,2
35222,103,103,0,0
35223,140,130,10,10
35224,64,65,-1,1
35225,171,166,5,5
35226,89,88,1,1
35227,57,65,-8,8
35228,99,71,28,28
35229,62,65,-3,3
35230,191,176,15,15
35231,108,99,9,9
35232,116,110,6,6
35233,157,143,14,14
35234,98,112,-14,14
35235,167,163,4,4
35236,89,83,6,6
35237,65,68,-3,3
35238,103,102,1,1
35239,107,102,5,5
35240,66,64,2,2
35241,137,126,11,11
35242,68,64,4,4
35243,64,57,7,7
35244,137,124,13,13
35245,101,95,6,6
35246,120,108,12,12
35247,99,99,0,0
35248,58,66,-8,8
35249,93,95,-2,2
35250,48,69,-21,21
35251,96,121,-25,25
35252,68,71,-3,3
35253,95,96,-1,1
35254,117,102,15,15
35255,61,68,-7,7
35256,122,119,3,3
35257,77,89,-12,12
35258,69,77,-8,8
35259,105,93,12,12
35260,126,120,6,6
35261,67,59,8,8
35262,122,118,4,4
35263,96,89,7,7
35264,188,162,26,26
35265,72,66,6,6
35266,122,109,13,13
35267,53,66,-13,13
35268,49,63,-14,14
35269,131,115,16,16
35270,118,98,20,20
35271,68,60,8,8
35272,84,90,-6,6
35273,80,82,-2,2
35274,95,104,-9,9
35275,54,54,0,0
35276,80,83,-3,3
35277,55,60,-5,5
35278,50,50,0,0
35279,141,130,11,11
35280,118,108,10,10
35281,64,67,-3,3
35282,132,114,18,18
35283,81,77,4,4
35284,49,47,2,2
35285,86,81,5,5
35286,107,103,4,4
35287,123,120,3,3
35288,109,97,12,12
35289,121,112,9,9
35290,89,94,-5,5
35291,57,65,-8,8
35292,123,111,12,12
35293,102,107,-5,5
35294,143,125,18,18
35295,57,59,-2,2
35296,84,81,3,3
35297,73,66,7,7
35298,124,120,4,4
35299,86,79,7,7
35300,128,123,5,5
35301,146,125,21,21
35302,92,85,7,7
35303,68,80,-12,12
35304,88,86,2,2
35305,147,140,7,7
35306,134,131,3,3
35307,91,90,1,1
35308,137,126,11,11
35309,130,127,3,3
35310,103,96,7,7
35311,78,85,-7,7
35312,85,79,6,6
35313,57,57,0,0
35314,159,139,20,20
35315,80,82,-2,2
35316,113,121,-8,8
35317,152,136,16,16
35318,163,146,17,17
35319,137,113,24,24
35320,116,109,7,7
35321,144,131,13,13
35322,61,68,-7,7
35323,158,140,18,18
35324,120,143,-23,23
35325,64,66,-2,2
35326,106,101,5,5
35327,60,67,-7,7
35328,87,93,-6,6
35329,72,68,4,4
35330,92,94,-2,2
35331,164,149,15,15
35332,121,121,0,0
35333,63,66,-3,3
35334,108,104,4,4
35335,70,65,5,5
35336,66,75,-9,9
35337,81,124,-43,43
35338,84,82,2,2
35339,69,73,-4,4
35340,161,155,6,6
35341,73,69,4,4
35342,62,61,1,1
35343,66,67,-1,1
35344,80,87,-7,7
35345,110,124,-14,14
35346,145,131,14,14
35347,32,59,-27,27
35348,62,69,-7,7
35349,191,180,11,11
35350,84,84,0,0
35351,96,89,7,7
35352,87,78,9,9
35353,54,56,-2,2
35354,85,83,2,2
35355,118,109,9,9
35356,52,53,-1,1
35357,102,83,19,19
35358,66,70,-4,4
35359,151,147,4,4
35360,129,134,-5,5
35361,61,54,7,7
35362,102,104,-2,2
35363,88,89,-1,1
35364,61,72,-11,11
35365,77,83,-6,6
35366,79,78,1,1
35367,110,101,9,9
35368,96,91,5,5
35369,74,68,6,6
35370,120,117,3,3
35371,134,123,11,11
35372,66,68,-2,2
35373,61,58,3,3
35374,130,119,11,11
35375,60,65,-5,5
35376,66,67,-1,1
35377,115,107,8,8
35378,99,93,6,6
35379,55,53,2,2
35380,104,92,12,12
35381,104,100,4,4
35382,97,99,-2,2
35383,48,51,-3,3
35384,51,53,-2,2
35385,51,45,6,6
35386,80,80,0,0
35387,57,55,2,2
35388,77,57,20,20
35389,128,119,9,9
35390,141,135,6,6
35391,77,75,2,2
35392,132,126,6,6
35393,110,106,4,4
35394,43,41,2,2
35395,110,111,-1,1
35396,85,77,8,8
35397,92,95,-3,3
35398,49,54,-5,5
35399,69,71,-2,2
35400,64,65,-1,1
35401,82,74,8,8
35402,59,68,-9,9
35403,69,65,4,4
35404,66,68,-2,2
35405,92,86,6,6
35406,101,85,16,16
35407,62,71,-9,9
35408,126,110,16,16
35409,119,118,1,1
35410,117,99,18,18
35411,162,150,12,12
35412,100,94,6,6
35413,107,113,-6,6
35414,49,63,-14,14
35415,75,76,-1,1
35416,85,80,5,5
35417,87,72,15,15
35418,58,51,7,7
35419,86,102,-16,16
35420,54,56,-2,2
35421,149,142,7,7
35422,99,94,5,5
35423,118,112,6,6
35424,88,90,-2,2
35425,128,139,-11,11
35426,121,118,3,3
35427,62,65,-3,3
35428,32,42,-10,10
35429,152,134,18,18
35430,58,58,0,0
35431,77,86,-9,9
35432,127,105,22,22
35433,109,99,10,10
35434,116,111,5,5
35435,83,83,0,0
35436,70,81,-11,11
35437,101,92,9,9
35438,70,68,2,2
35439,117,104,13,13
35440,93,98,-5,5
35441,72,78,-6,6
35442,131,129,2,2
35443,64,67,-3,3
35444,160,151,9,9
35445,86,80,6,6
35446,84,90,-6,6
35447,56,57,-1,1
35448,94,87,7,7
35449,149,129,20,20
35450,128,114,14,14
35451,97,102,-5,5
35452,178,162,16,16
35453,102,98,4,4
35454,53,56,-3,3
35455,124,109,15,15
35456,79,86,-7,7
35457,136,149,-13,13
35458,71,80,-9,9
35459,54,49,5,5
35460,97,86,11,11
35461,72,77,-5,5
35462,169,146,23,23
35463,80,76,4,4
35464,53,60,-7,7
35465,64,63,1,1
35466,52,52,0,0
35467,38,52,-14,14
35468,78,77,1,1
35469,160,82,78,78
35470,113,102,11,11
35471,90,93,-3,3
35472,63,60,3,3
35473,79,85,-6,6
35474,56,60,-4,4
35475,241,228,13,13
35476,68,69,-1,1
35477,145,142,3,3
35478,69,65,4,4
35479,107,100,7,7
35480,79,84,-5,5
35481,123,117,6,6
35482,97,87,10,10
35483,77,74,3,3
35484,66,132,-66,66
35485,83,79,4,4
35486,82,82,0,0
35487,78,79,-1,1
35488,89,84,5,5
35489,76,66,10,10
35490,61,66,-5,5
35491,116,108,8,8
35492,128,134,-6,6
35493,130,127,3,3
35494,46,50,-4,4
35495,105,98,7,7
35496,150,122,28,28
35497,156,150,6,6
35498,69,68,1,1
35499,89,85,4,4
35500,77,74,3,3
35501,123,121,2,2
35502,97,87,10,10
35503,87,79,8,8
35504,80,77,3,3
35505,79,82,-3,3
35506,58,65,-7,7
35507,53,56,-3,3
35508,105,105,0,0
35509,74,78,-4,4
35510,101,102,-1,1
35511,56,60,-4,4
35512,115,105,10,10
35513,141,145,-4,4
35514,116,107,9,9
35515,47,46,1,1
35516,43,44,-1,1
35517,80,84,-4,4
35518,91,93,-2,2
35519,75,83,-8,8
35520,114,104,10,10
35521,79,82,-3,3
35522,106,97,9,9
35523,69,61,8,8
35524,87,73,14,14
35525,118,121,-3,3
35526,84,84,0,0
35527,90,95,-5,5
35528,97,85,12,12
35529,57,58,-1,1
35530,132,124,8,8
35531,90,104,-14,14
35532,108,107,1,1
35533,132,114,18,18
35534,76,83,-7,7
35535,38,40,-2,2
35536,52,56,-4,4
35537,68,67,1,1
35538,141,140,1,1
35539,90,90,0,0
35540,72,66,6,6
35541,74,68,6,6
35542,89,83,6,6
35543,72,71,1,1
35544,78,61,17,17
35545,67,66,1,1
35546,94,88,6,6
35547,65,65,0,0
35548,75,71,4,4
35549,76,82,-6,6
35550,78,71,7,7
35551,70,79,-9,9
35552,124,108,16,16
35553,123,111,12,12
35554,185,162,23,23
35555,126,107,19,19
35556,104,102,2,2
35557,79,79,0,0
35558,74,60,14,14
35559,82,81,1,1
35560,47,56,-9,9
35561,40,45,-5,5
35562,102,97,5,5
35563,68,75,-7,7
35564,95,98,-3,3
35565,111,99,12,12
35566,74,75,-1,1
35567,63,73,-10,10
35568,118,112,6,6
35569,181,161,20,20
35570,63,65,-2,2
35571,73,73,0,0
35572,76,77,-1,1
35573,80,77,3,3
35574,99,96,3,3
35575,83,89,-6,6
35576,48,49,-1,1
35577,140,121,19,19
35578,101,106,-5,5
35579,76,88,-12,12
35580,84,92,-8,8
35581,95,83,12,12
35582,60,59,1,1
35583,78,76,2,2
35584,125,122,3,3
35585,90,90,0,0
35586,99,93,6,6
35587,58,55,3,3
35588,128,124,4,4
35589,67,69,-2,2
35590,96,109,-13,13
35591,96,86,10,10
35592,141,131,10,10
35593,77,82,-5,5
35594,114,96,18,18
35595,86,83,3,3
35596,175,161,14,14
35597,129,121,8,8
35598,50,56,-6,6
35599,70,63,7,7
35600,224,196,28,28
35601,146,136,10,10
35602,81,77,4,4
35603,97,86,11,11
35604,118,126,-8,8
35605,77,66,11,11
35606,73,71,2,2
35607,85,84,1,1
35608,102,94,8,8
35609,130,120,10,10
35610,133,132,1,1
35611,129,118,11,11
35612,80,80,0,0
35613,93,96,-3,3
35614,91,84,7,7
35615,41,90,-49,49
35616,82,87,-5,5
35617,67,66,1,1
35618,85,81,4,4
35619,75,78,-3,3
35620,118,115,3,3
35621,118,98,20,20
35622,79,75,4,4
35623,63,59,4,4
35624,170,160,10,10
35625,73,76,-3,3
35626,114,86,28,28
35627,154,157,-3,3
35628,54,71,-17,17
35629,115,105,10,10
35630,49,117,-68,68
35631,99,102,-3,3
35632,80,78,2,2
35633,152,145,7,7
35634,71,71,0,0
35635,118,142,-24,24
35636,106,96,10,10
35637,106,110,-4,4
35638,173,146,27,27
35639,89,91,-2,2
35640,65,65,0,0
35641,93,86,7,7
35642,109,104,5,5
35643,126,121,5,5
35644,143,156,-13,13
35645,127,130,-3,3
35646,114,100,14,14
35647,84,89,-5,5
35648,68,78,-10,10
35649,60,65,-5,5
35650,111,107,4,4
35651,127,134,-7,7
35652,83,73,10,10
35653,98,92,6,6
35654,83,69,14,14
35655,77,78,-1,1
35656,51,54,-3,3
35657,88,87,1,1
35658,48,60,-12,12
35659,147,140,7,7
35660,66,81,-15,15
35661,100,93,7,7
35662,76,78,-2,2
35663,59,62,-3,3
35664,116,106,10,10
35665,61,67,-6,6
35666,155,148,7,7
35667,99,103,-4,4
35668,112,108,4,4
35669,70,56,14,14
35670,79,83,-4,4
35671,96,97,-1,1
35672,90,97,-7,7
35673,104,94,10,10
35674,99,94,5,5
35675,81,87,-6,6
35676,134,143,-9,9
35677,126,122,4,4
35678,160,118,42,42
35679,75,76,-1,1
35680,104,107,-3,3
35681,150,129,21,21
35682,120,116,4,4
35683,90,90,0,0
35684,120,106,14,14
35685,142,131,11,11
35686,75,70,5,5
35687,102,87,15,15
35688,162,149,13,13
35689,74,74,0,0
35690,75,73,2,2
35691,99,96,3,3
35692,130,124,6,6
35693,53,48,5,5
35694,127,125,2,2
35695,103,89,14,14
35696,94,88,6,6
35697,76,85,-9,9
35698,83,87,-4,4
35699,195,167,28,28
35700,58,69,-11,11
35701,51,67,-16,16
35702,153,141,12,12
35703,190,171,19,19
35704,87,87,0,0
35705,96,93,3,3
35706,100,90,10,10
35707,74,74,0,0
35708,67,68,-1,1
35709,124,116,8,8
35710,74,68,6,6
35711,111,94,17,17
35712,93,111,-18,18
35713,107,94,13,13
35714,70,61,9,9
35715,154,138,16,16
35716,125,109,16,16
35717,107,93,14,14
35718,69,83,-14,14
35719,101,103,-2,2
35720,95,83,12,12
35721,96,83,13,13
35722,85,81,4,4
35723,70,93,-23,23
35724,68,66,2,2
35725,61,65,-4,4
35726,155,149,6,6
35727,58,66,-8,8
35728,72,72,0,0
35729,47,51,-4,4
35730,98,99,-1,1
35731,145,129,16,16
35732,52,59,-7,7
35733,120,100,20,20
35734,78,75,3,3
35735,56,59,-3,3
35736,89,91,-2,2
35737,82,84,-2,2
35738,104,104,0,0
35739,128,137,-9,9
35740,159,131,28,28
35741,79,84,-5,5
35742,109,103,6,6
35743,120,114,6,6
35744,79,89,-10,10
35745,73,65,8,8
35746,64,58,6,6
35747,97,89,8,8
35748,135,108,27,27
35749,81,86,-5,5
35750,91,87,4,4
35751,58,51,7,7
35752,78,74,4,4
35753,77,73,4,4
35754,47,46,1,1
35755,167,150,17,17
35756,65,85,-20,20
35757,152,142,10,10
35758,159,147,12,12
35759,89,103,-14,14
35760,205,185,20,20
35761,108,100,8,8
35762,101,91,10,10
35763,129,124,5,5
35764,123,114,9,9
35765,90,87,3,3
35766,138,127,11,11
35767,105,90,15,15
35768,93,85,8,8
35769,129,114,15,15
35770,110,93,17,17
35771,86,98,-12,12
35772,72,73,-1,1
35773,122,111,11,11
35774,37,48,-11,11
35775,173,167,6,6
35776,97,86,11,11
35777,45,48,-3,3
35778,97,84,13,13
35779,85,89,-4,4
35780,83,86,-3,3
35781,105,95,10,10
35782,138,128,10,10
35783,98,85,13,13
35784,128,115,13,13
35785,94,80,14,14
35786,131,111,20,20
35787,67,68,-1,1
35788,176,164,12,12
35789,116,112,4,4
35790,116,116,0,0
35791,80,61,19,19
35792,84,79,5,5
35793,69,73,-4,4
35794,165,159,6,6
35795,55,66,-11,11
35796,123,120,3,3
35797,117,120,-3,3
35798,81,70,11,11
35799,86,82,4,4
35800,185,174,11,11
35801,104,112,-8,8
35802,89,89,0,0
35803,85,81,4,4
35804,156,136,20,20
35805,72,71,1,1
35806,95,77,18,18
35807,86,77,9,9
35808,72,67,5,5
35809,168,144,24,24
35810,42,45,-3,3
35811,93,92,1,1
35812,103,89,14,14
35813,83,83,0,0
35814,137,126,11,11
35815,117,124,-7,7
35816,77,82,-5,5
35817,79,89,-10,10
35818,121,114,7,7
35819,110,119,-9,9
35820,101,93,8,8
35821,88,95,-7,7
35822,91,90,1,1
35823,166,145,21,21
35824,63,61,2,2
35825,92,87,5,5
35826,138,120,18,18
35827,110,112,-2,2
35828,151,145,6,6
35829,121,123,-2,2
35830,73,70,3,3
35831,77,73,4,4
35832,197,185,12,12
35833,94,77,17,17
35834,67,72,-5,5
35835,147,123,24,24
35836,92,107,-15,15
35837,138,132,6,6
35838,71,79,-8,8
35839,93,85,8,8
35840,115,106,9,9
35841,90,83,7,7
35842,137,129,8,8
35843,136,135,1,1
35844,63,67,-4,4
35845,68,70,-2,2
35846,105,105,0,0
35847,61,58,3,3
35848,75,77,-2,2
35849,120,116,4,4
35850,145,141,4,4
35851,106,100,6,6
35852,171,152,19,19
35853,87,90,-3,3
35854,112,95,17,17
35855,75,79,-4,4
35856,84,85,-1,1
35857,55,53,2,2
35858,57,60,-3,3
35859,71,66,5,5
35860,150,135,15,15
35861,42,51,-9,9
35862,95,93,2,2
35863,100,103,-3,3
35864,77,71,6,6
35865,134,139,-5,5
35866,100,82,18,18
35867,117,118,-1,1
35868,74,102,-28,28
35869,106,98,8,8
35870,121,109,12,12
35871,115,103,12,12
35872,137,126,11,11
35873,80,80,0,0
35874,81,88,-7,7
35875,50,59,-9,9
35876,60,66,-6,6
35877,143,121,22,22
35878,80,91,-11,11
35879,72,71,1,1
35880,74,72,2,2
35881,125,121,4,4
35882,111,96,15,15
35883,99,95,4,4
35884,72,70,2,2
35885,84,79,5,5
35886,52,49,3,3
35887,54,53,1,1
35888,63,66,-3,3
35889,101,93,8,8
35890,65,55,10,10
35891,74,81,-7,7
35892,141,135,6,6
35893,84,79,5,5
35894,156,135,21,21
35895,105,92,13,13
35896,130,118,12,12
35897,74,75,-1,1
35898,97,101,-4,4
35899,111,111,0,0
35900,65,70,-5,5
35901,124,115,9,9
35902,80,78,2,2
35903,93,89,4,4
35904,122,114,8,8
35905,84,91,-7,7
35906,92,93,-1,1
35907,52,76,-24,24
35908,86,91,-5,5
35909,69,76,-7,7
35910,114,105,9,9
35911,68,66,2,2
35912,123,125,-2,2
35913,104,117,-13,13
35914,119,103,16,16
35915,123,101,22,22
35916,99,89,10,10
35917,117,125,-8,8
35918,94,98,-4,4
35919,126,119,7,7
35920,148,131,17,17
35921,112,102,10,10
35922,168,162,6,6
35923,81,75,6,6
35924,100,93,7,7
35925,78,79,-1,1
35926,109,104,5,5
35927,120,110,10,10
35928,119,121,-2,2
35929,83,102,-19,19
35930,138,129,9,9
35931,63,69,-6,6
35932,63,54,9,9
35933,88,79,9,9
35934,50,56,-6,6
35935,171,154,17,17
35936,111,94,17,17
35937,154,150,4,4
35938,131,112,19,19
35939,110,101,9,9
35940,74,77,-3,3
35941,116,114,2,2
35942,112,110,2,2
35943,89,85,4,4
35944,109,108,1,1
35945,68,70,-2,2
35946,77,76,1,1
35947,69,69,0,0
35948,54,64,-10,10
35949,74,74,0,0
35950,140,136,4,4
35951,92,83,9,9
35952,47,55,-8,8
35953,49,63,-14,14
35954,72,73,-1,1
35955,79,83,-4,4
35956,45,56,-11,11
35957,53,61,-8,8
35958,114,116,-2,2
35959,64,71,-7,7
35960,63,59,4,4
35961,113,100,13,13
35962,103,93,10,10
35963,109,102,7,7
35964,94,90,4,4
35965,65,61,4,4
35966,94,88,6,6
35967,142,139,3,3
35968,38,43,-5,5
35969,91,99,-8,8
35970,86,82,4,4
35971,150,138,12,12
35972,66,68,-2,2
35973,68,65,3,3
35974,62,56,6,6
35975,53,51,2,2
35976,53,53,0,0
35977,117,108,9,9
35978,89,91,-2,2
35979,96,83,13,13
35980,109,107,2,2
35981,100,95,5,5
35982,132,118,14,14
35983,125,124,1,1
35984,47,47,0,0
35985,76,87,-11,11
35986,80,80,0,0
35987,108,123,-15,15
35988,72,76,-4,4
35989,79,79,0,0
35990,103,98,5,5
35991,93,91,2,2
35992,90,83,7,7
35993,76,73,3,3
35994,88,82,6,6
35995,70,73,-3,3
35996,162,135,27,27
35997,86,78,8,8
35998,62,59,3,3
35999,78,77,1,1
36000,51,50,1,1
36001,131,104,27,27
36002,81,77,4,4
36003,100,103,-3,3
36004,107,101,6,6
36005,71,72,-1,1
36006,99,95,4,4
36007,128,115,13,13
36008,102,102,0,0
36009,111,117,-6,6
36010,114,114,0,0
36011,145,130,15,15
36012,123,107,16,16
36013,64,67,-3,3
36014,138,128,10,10
36015,120,124,-4,4
36016,96,94,2,2
36017,143,139,4,4
36018,79,80,-1,1
36019,139,140,-1,1
36020,124,112,12,12
36021,76,82,-6,6
36022,67,71,-4,4
36023,65,72,-7,7
36024,62,65,-3,3
36025,184,174,10,10
36026,102,95,7,7
36027,60,64,-4,4
36028,79,88,-9,9
36029,63,61,2,2
36030,70,62,8,8
36031,91,95,-4,4
36032,68,74,-6,6
36033,86,90,-4,4
36034,97,107,-10,10
36035,78,85,-7,7
36036,110,89,21,21
36037,94,82,12,12
36038,68,83,-15,15
36039,150,137,13,13
36040,81,75,6,6
36041,58,65,-7,7
36042,48,52,-4,4
36043,76,74,2,2
36044,102,93,9,9
36045,74,75,-1,1
36046,60,65,-5,5
36047,75,82,-7,7
36048,92,84,8,8
36049,62,65,-3,3
36050,91,92,-1,1
36051,93,88,5,5
36052,146,142,4,4
36053,94,86,8,8
36054,88,90,-2,2
36055,124,119,5,5
36056,92,95,-3,3
36057,87,107,-20,20
36058,113,118,-5,5
36059,99,90,9,9
36060,90,87,3,3
36061,95,86,9,9
36062,61,63,-2,2
36063,139,122,17,17
36064,106,113,-7,7
36065,42,48,-6,6
36066,95,101,-6,6
36067,121,126,-5,5
36068,130,136,-6,6
36069,121,118,3,3
36070,74,71,3,3
36071,84,82,2,2
36072,70,72,-2,2
36073,73,77,-4,4
36074,116,103,13,13
36075,120,111,9,9
36076,151,138,13,13
36077,80,81,-1,1
36078,90,90,0,0
36079,68,71,-3,3
36080,102,97,5,5
36081,180,167,13,13
36082,44,79,-35,35
36083,170,155,15,15
36084,99,88,11,11
36085,130,118,12,12
36086,78,103,-25,25
36087,107,100,7,7
36088,93,98,-5,5
36089,146,134,12,12
36090,97,85,12,12
36091,107,99,8,8
36092,116,109,7,7
36093,81,93,-12,12
36094,84,79,5,5
36095,88,97,-9,9
36096,77,69,8,8
36097,65,65,0,0
36098,158,142,16,16
36099,76,81,-5,5
36100,56,54,2,2
36101,119,118,1,1
36102,82,77,5,5
36103,52,65,-13,13
36104,44,51,-7,7
36105,122,105,17,17
36106,92,95,-3,3
36107,87,84,3,3
36108,152,149,3,3
36109,97,93,4,4
36110,127,112,15,15
36111,61,66,-5,5
36112,58,66,-8,8
36113,94,92,2,2
36114,123,118,5,5
36115,141,118,23,23
36116,61,69,-8,8
36117,151,161,-10,10
36118,117,109,8,8
36119,88,89,-1,1
36120,71,65,6,6
36121,131,128,3,3
36122,98,90,8,8
36123,54,59,-5,5
36124,133,118,15,15
36125,68,60,8,8
36126,49,58,-9,9
36127,106,99,7,7
36128,144,134,10,10
36129,105,103,2,2
36130,59,58,1,1
36131,65,68,-3,3
36132,136,121,15,15
36133,58,54,4,4
36134,49,51,-2,2
36135,47,49,-2,2
36136,87,84,3,3
36137,81,90,-9,9
36138,110,98,12,12
36139,119,114,5,5
36140,114,106,8,8
36141,77,69,8,8
36142,114,108,6,6
36143,112,105,7,7
36144,86,107,-21,21
36145,91,91,0,0
36146,136,117,19,19
36147,52,48,4,4
36148,85,88,-3,3
36149,97,91,6,6
36150,151,136,15,15
36151,118,105,13,13
36152,156,130,26,26
36153,61,51,10,10
36154,107,99,8,8
36155,173,166,7,7
36156,86,92,-6,6
36157,74,80,-6,6
36158,90,79,11,11
36159,61,65,-4,4
36160,112,111,1,1
36161,114,109,5,5
36162,86,90,-4,4
36163,115,112,3,3
36164,128,125,3,3
36165,62,66,-4,4
36166,81,84,-3,3
36167,102,101,1,1
36168,104,102,2,2
36169,70,80,-10,10
36170,85,80,5,5
36171,59,61,-2,2
36172,112,101,11,11
36173,141,142,-1,1
36174,103,115,-12,12
36175,89,89,0,0
36176,83,81,2,2
36177,54,53,1,1
36178,70,78,-8,8
36179,75,81,-6,6
36180,124,118,6,6
36181,64,64,0,0
36182,137,122,15,15
36183,112,118,-6,6
36184,60,70,-10,10
36185,103,107,-4,4
36186,76,74,2,2
36187,100,84,16,16
36188,68,70,-2,2
36189,72,81,-9,9
36190,52,56,-4,4
36191,91,91,0,0
36192,57,54,3,3
36193,71,60,11,11
36194,99,100,-1,1
36195,117,128,-11,11
36196,179,164,15,15
36197,109,103,6,6
36198,33,62,-29,29
36199,101,97,4,4
36200,105,95,10,10
36201,88,83,5,5
36202,152,154,-2,2
36203,88,79,9,9
36204,140,126,14,14
36205,123,105,18,18
36206,129,121,8,8
36207,57,60,-3,3
36208,53,51,2,2
36209,65,67,-2,2
36210,72,71,1,1
36211,127,136,-9,9
36212,62,68,-6,6
36213,47,55,-8,8
36214,101,92,9,9
36215,58,50,8,8
36216,90,92,-2,2
36217,71,70,1,1
36218,148,133,15,15
36219,131,120,11,11
36220,173,170,3,3
36221,140,122,18,18
36222,88,88,0,0
36223,105,109,-4,4
36224,129,114,15,15
36225,105,96,9,9
36226,113,121,-8,8
36227,83,89,-6,6
36228,58,63,-5,5
36229,59,60,-1,1
36230,110,87,23,23
36231,106,107,-1,1
36232,95,93,2,2
36233,101,84,17,17
36234,56,58,-2,2
36235,134,132,2,2
36236,118,109,9,9
36237,114,99,15,15
36238,70,72,-2,2
36239,68,71,-3,3
36240,66,72,-6,6
36241,92,86,6,6
36242,113,110,3,3
36243,108,103,5,5
36244,91,96,-5,5
36245,146,149,-3,3
36246,114,109,5,5
36247,103,103,0,0
36248,108,136,-28,28
36249,60,62,-2,2
36250,62,65,-3,3
36251,102,97,5,5
36252,110,110,0,0
36253,194,165,29,29
36254,53,58,-5,5
36255,102,98,4,4
36256,175,149,26,26
36257,66,61,5,5
36258,108,102,6,6
36259,112,103,9,9
36260,154,136,18,18
36261,121,121,0,0
36262,66,66,0,0
36263,84,78,6,6
36264,72,71,1,1
36265,97,86,11,11
36266,125,117,8,8
36267,53,51,2,2
36268,56,58,-2,2
36269,139,138,1,1
36270,76,86,-10,10
36271,98,95,3,3
36272,64,67,-3,3
36273,102,94,8,8
36274,63,69,-6,6
36275,125,119,6,6
36276,133,108,25,25
36277,61,61,0,0
36278,57,58,-1,1
36279,87,83,4,4
36280,65,71,-6,6
36281,45,52,-7,7
36282,105,105,0,0
36283,123,108,15,15
36284,96,86,10,10
36285,146,147,-1,1
36286,65,66,-1,1
36287,93,86,7,7
36288,67,71,-4,4
36289,112,88,24,24
36290,128,115,13,13
36291,78,77,1,1
36292,73,73,0,0
36293,89,86,3,3
36294,62,58,4,4
36295,127,127,0,0
36296,126,110,16,16
36297,80,75,5,5
36298,84,89,-5,5
36299,85,100,-15,15
36300,65,68,-3,3
36301,63,66,-3,3
36302,42,48,-6,6
36303,84,83,1,1
36304,73,69,4,4
36305,50,46,4,4
36306,107,122,-15,15
36307,108,98,10,10
36308,65,69,-4,4
36309,150,120,30,30
36310,101,96,5,5
36311,51,46,5,5
36312,74,74,0,0
36313,79,76,3,3
36314,117,103,14,14
36315,71,82,-11,11
36316,70,73,-3,3
36317,75,71,4,4
36318,38,49,-11,11
36319,104,103,1,1
36320,97,90,7,7
36321,117,108,9,9
36322,78,75,3,3
36323,58,70,-12,12
36324,133,130,3,3
36325,51,55,-4,4
36326,117,115,2,2
36327,82,73,9,9
36328,155,141,14,14
36329,102,104,-2,2
36330,137,129,8,8
36331,85,82,3,3
36332,132,128,4,4
36333,35,42,-7,7
36334,72,86,-14,14
36335,119,122,-3,3
36336,90,83,7,7
36337,69,71,-2,2
36338,76,80,-4,4
36339,85,86,-1,1
36340,114,100,14,14
36341,84,102,-18,18
36342,78,80,-2,2
36343,55,64,-9,9
36344,102,100,2,2
36345,163,138,25,25
36346,69,71,-2,2
36347,126,118,8,8
36348,43,42,1,1
36349,61,55,6,6
36350,54,60,-6,6
36351,109,101,8,8
36352,102,116,-14,14
36353,80,80,0,0
36354,206,180,26,26
36355,51,53,-2,2
36356,89,76,13,13
36357,72,81,-9,9
36358,127,122,5,5
36359,76,81,-5,5
36360,107,99,8,8
36361,71,67,4,4
36362,66,62,4,4
36363,76,70,6,6
36364,184,166,18,18
36365,129,124,5,5
36366,55,55,0,0
36367,110,107,3,3
36368,75,78,-3,3
36369,61,65,-4,4
36370,136,125,11,11
36371,103,88,15,15
36372,115,117,-2,2
36373,55,58,-3,3
36374,113,103,10,10
36375,89,77,12,12
36376,121,105,16,16
36377,80,91,-11,11
36378,141,131,10,10
36379,150,163,-13,13
36380,90,83,7,7
36381,73,78,-5,5
36382,137,150,-13,13
36383,107,95,12,12
36384,86,83,3,3
36385,112,111,1,1
36386,46,54,-8,8
36387,72,75,-3,3
36388,99,100,-1,1
36389,63,65,-2,2
36390,126,101,25,25
36391,64,63,1,1
36392,90,100,-10,10
36393,59,66,-7,7
36394,66,58,8,8
36395,114,94,20,20
36396,102,91,11,11
36397,77,76,1,1
36398,90,75,15,15
36399,68,68,0,0
36400,78,68,10,10
36401,71,73,-2,2
36402,49,53,-4,4
36403,83,79,4,4
36404,112,119,-7,7
36405,102,108,-6,6
36406,134,111,23,23
36407,57,57,0,0
36408,71,74,-3,3
36409,163,155,8,8
36410,130,114,16,16
36411,123,128,-5,5
36412,117,116,1,1
36413,78,74,4,4
36414,39,47,-8,8
36415,49,53,-4,4
36416,57,54,3,3
36417,51,55,-4,4
36418,123,105,18,18
36419,92,94,-2,2
36420,93,91,2,2
36421,77,74,3,3
36422,197,158,39,39
36423,112,109,3,3
36424,63,70,-7,7
36425,83,88,-5,5
36426,68,85,-17,17
36427,105,98,7,7
36428,62,72,-10,10
36429,71,65,6,6
36430,91,89,2,2
36431,85,83,2,2
36432,197,188,9,9
36433,124,111,13,13
36434,119,113,6,6
36435,130,132,-2,2
36436,81,74,7,7
36437,92,90,2,2
36438,71,69,2,2
36439,67,62,5,5
36440,99,88,11,11
36441,94,94,0,0
36442,114,119,-5,5
36443,167,150,17,17
36444,120,107,13,13
36445,125,105,20,20
36446,70,67,3,3
36447,114,103,11,11
36448,95,91,4,4
36449,46,57,-11,11
36450,101,104,-3,3
36451,61,56,5,5
36452,90,96,-6,6
36453,67,138,-71,71
36454,157,139,18,18
36455,79,72,7,7
36456,105,99,6,6
36457,112,99,13,13
36458,89,90,-1,1
36459,105,102,3,3
36460,124,109,15,15
36461,65,61,4,4
36462,73,70,3,3
36463,66,69,-3,3
36464,61,66,-5,5
36465,125,132,-7,7
36466,122,123,-1,1
36467,76,72,4,4
36468,90,94,-4,4
36469,176,150,26,26
36470,62,67,-5,5
36471,139,129,10,10
36472,43,45,-2,2
36473,67,72,-5,5
36474,50,52,-2,2
36475,66,66,0,0
36476,59,64,-5,5
36477,81,69,12,12
36478,83,75,8,8
36479,92,88,4,4
36480,76,83,-7,7
36481,62,62,0,0
36482,64,80,-16,16
36483,92,95,-3,3
36484,123,116,7,7
36485,84,73,11,11
36486,88,91,-3,3
36487,58,65,-7,7
36488,87,85,2,2
36489,73,74,-1,1
36490,44,55,-11,11
36491,123,118,5,5
36492,76,71,5,5
36493,82,85,-3,3
36494,84,81,3,3
36495,69,70,-1,1
36496,80,84,-4,4
36497,104,100,4,4
36498,81,79,2,2
36499,79,84,-5,5
36500,90,100,-10,10
36501,105,99,6,6
36502,140,132,8,8
36503,85,85,0,0
36504,96,88,8,8
36505,102,97,5,5
36506,81,78,3,3
36507,117,109,8,8
36508,68,66,2,2
36509,79,80,-1,1
36510,143,130,13,13
36511,66,57,9,9
36512,52,55,-3,3
36513,109,96,13,13
36514,40,52,-12,12
36515,140,125,15,15
36516,115,106,9,9
36517,74,88,-14,14
36518,61,68,-7,7
36519,66,70,-4,4
36520,92,77,15,15
36521,48,71,-23,23
36522,116,112,4,4
36523,141,127,14,14
36524,113,104,9,9
36525,89,82,7,7
36526,139,122,17,17
36527,134,126,8,8
36528,152,142,10,10
36529,88,84,4,4
36530,93,91,2,2
36531,161,144,17,17
36532,90,93,-3,3
36533,68,65,3,3
36534,148,130,18,18
36535,82,78,4,4
36536,96,88,8,8
36537,171,162,9,9
36538,96,104,-8,8
36539,66,70,-4,4
36540,113,104,9,9
36541,78,76,2,2
36542,82,76,6,6
36543,61,60,1,1
36544,82,77,5,5
36545,99,107,-8,8
36546,225,180,45,45
36547,81,75,6,6
36548,62,57,5,5
36549,66,68,-2,2
36550,44,69,-25,25
36551,74,85,-11,11
36552,83,83,0,0
36553,109,102,7,7
36554,51,55,-4,4
36555,121,112,9,9
36556,83,70,13,13
36557,81,89,-8,8
36558,53,60,-7,7
36559,73,79,-6,6
36560,109,100,9,9
36561,151,145,6,6
36562,115,107,8,8
36563,122,112,10,10
36564,116,110,6,6
36565,107,99,8,8
36566,109,95,14,14
36567,72,68,4,4
36568,43,53,-10,10
36569,78,73,5,5
36570,127,110,17,17
36571,50,55,-5,5
36572,96,91,5,5
36573,53,61,-8,8
36574,37,41,-4,4
36575,94,84,10,10
36576,56,65,-9,9
36577,27,42,-15,15
36578,38,46,-8,8
36579,109,110,-1,1
36580,109,102,7,7
36581,70,77,-7,7
36582,60,65,-5,5
36583,82,89,-7,7
36584,67,70,-3,3
36585,67,69,-2,2
36586,78,75,3,3
36587,62,73,-11,11
36588,49,59,-10,10
36589,109,95,14,14
36590,88,89,-1,1
36591,81,90,-9,9
36592,82,89,-7,7
36593,90,83,7,7
36594,79,80,-1,1
36595,97,87,10,10
36596,75,81,-6,6
36597,104,94,10,10
36598,84,88,-4,4
36599,146,139,7,7
36600,62,63,-1,1
36601,104,108,-4,4
36602,106,105,1,1
36603,92,90,2,2
36604,92,89,3,3
36605,92,94,-2,2
36606,71,69,2,2
36607,91,95,-4,4
36608,87,84,3,3
36609,79,90,-11,11
36610,86,96,-10,10
36611,128,109,19,19
36612,186,175,11,11
36613,138,123,15,15
36614,89,82,7,7
36615,168,153,15,15
36616,46,49,-3,3
36617,93,91,2,2
36618,72,76,-4,4
36619,110,100,10,10
36620,99,86,13,13
36621,51,49,2,2
36622,93,97,-4,4
36623,99,94,5,5
36624,126,117,9,9
36625,64,70,-6,6
36626,209,190,19,19
36627,102,96,6,6
36628,98,101,-3,3
36629,79,71,8,8
36630,85,89,-4,4
36631,64,65,-1,1
36632,83,78,5,5
36633,121,98,23,23
36634,111,99,12,12
36635,72,69,3,3
36636,97,93,4,4
36637,96,85,11,11
36638,64,68,-4,4
36639,128,120,8,8
36640,34,41,-7,7
36641,124,96,28,28
36642,84,79,5,5
36643,132,122,10,10
36644,55,57,-2,2
36645,118,113,5,5
36646,47,49,-2,2
36647,74,75,-1,1
36648,75,73,2,2
36649,93,89,4,4
36650,171,140,31,31
36651,81,82,-1,1
36652,62,68,-6,6
36653,81,76,5,5
36654,83,74,9,9
36655,65,67,-2,2
36656,61,65,-4,4
36657,83,87,-4,4
36658,102,97,5,5
36659,78,74,4,4
36660,85,79,6,6
36661,122,113,9,9
36662,60,55,5,5
36663,151,150,1,1
36664,72,78,-6,6
36665,93,94,-1,1
36666,99,91,8,8
36667,95,98,-3,3
36668,105,99,6,6
36669,83,70,13,13
36670,128,127,1,1
36671,76,101,-25,25
36672,114,98,16,16
36673,125,124,1,1
36674,88,84,4,4
36675,117,122,-5,5
36676,54,55,-1,1
36677,102,98,4,4
36678,60,53,7,7
36679,47,67,-20,20
36680,76,70,6,6
36681,53,56,-3,3
36682,83,90,-7,7
36683,148,146,2,2
36684,101,90,11,11
36685,126,114,12,12
36686,124,187,-63,63
36687,114,108,6,6
36688,74,79,-5,5
36689,83,93,-10,10
36690,109,101,8,8
36691,89,95,-6,6
36692,76,76,0,0
36693,53,55,-2,2
36694,78,79,-1,1
36695,60,61,-1,1
36696,136,123,13,13
36697,42,57,-15,15
36698,126,113,13,13
36699,99,102,-3,3
36700,96,97,-1,1
36701,45,49,-4,4
36702,77,75,2,2
36703,167,143,24,24
36704,102,125,-23,23
36705,92,93,-1,1
36706,61,59,2,2
36707,138,126,12,12
36708,117,124,-7,7
36709,127,115,12,12
36710,92,74,18,18
36711,83,82,1,1
36712,69,70,-1,1
36713,189,171,18,18
36714,89,79,10,10
36715,154,144,10,10
36716,78,82,-4,4
36717,92,88,4,4
36718,151,150,1,1
36719,138,141,-3,3
36720,73,68,5,5
36721,152,144,8,8
36722,122,114,8,8
36723,71,67,4,4
36724,118,114,4,4
36725,93,79,14,14
36726,104,98,6,6
36727,85,78,7,7
36728,91,89,2,2
36729,50,50,0,0
36730,102,86,16,16
36731,120,113,7,7
36732,111,101,10,10
36733,71,76,-5,5
36734,57,53,4,4
36735,161,120,41,41
36736,53,51,2,2
36737,122,131,-9,9
36738,125,120,5,5
36739,83,79,4,4
36740,74,80,-6,6
36741,78,77,1,1
36742,51,51,0,0
36743,167,136,31,31
36744,78,78,0,0
36745,207,186,21,21
36746,120,114,6,6
36747,142,138,4,4
36748,71,81,-10,10
36749,144,119,25,25
36750,55,52,3,3
36751,75,65,10,10
36752,113,114,-1,1
36753,100,106,-6,6
36754,56,64,-8,8
36755,137,119,18,18
36756,92,90,2,2
36757,142,127,15,15
36758,114,110,4,4
36759,47,50,-3,3
36760,61,57,4,4
36761,130,115,15,15
36762,68,74,-6,6
36763,72,84,-12,12
36764,39,43,-4,4
36765,116,120,-4,4
36766,135,121,14,14
36767,121,114,7,7
36768,126,118,8,8
36769,115,123,-8,8
36770,92,86,6,6
36771,137,119,18,18
36772,67,66,1,1
36773,58,53,5,5
36774,74,76,-2,2
36775,66,54,12,12
36776,70,63,7,7
36777,89,104,-15,15
36778,85,89,-4,4
36779,77,78,-1,1
36780,54,51,3,3
36781,103,106,-3,3
36782,45,55,-10,10
36783,35,58,-23,23
36784,84,106,-22,22
36785,61,75,-14,14
36786,114,105,9,9
36787,47,53,-6,6
36788,86,82,4,4
36789,92,99,-7,7
36790,61,55,6,6
36791,96,93,3,3
36792,48,48,0,0
36793,115,122,-7,7
36794,209,183,26,26
36795,89,87,2,2
36796,63,56,7,7
36797,68,70,-2,2
36798,88,91,-3,3
36799,63,72,-9,9
36800,121,124,-3,3
36801,146,156,-10,10
36802,64,62,2,2
36803,75,72,3,3
36804,118,118,0,0
36805,121,117,4,4
36806,87,81,6,6
36807,80,80,0,0
36808,80,85,-5,5
36809,107,94,13,13
36810,137,127,10,10
36811,96,88,8,8
36812,74,70,4,4
36813,90,81,9,9
36814,70,63,7,7
36815,45,49,-4,4
36816,63,56,7,7
36817,122,110,12,12
36818,80,78,2,2
36819,91,93,-2,2
36820,241,206,35,35
36821,49,51,-2,2
36822,115,121,-6,6
36823,136,108,28,28
36824,87,75,12,12
36825,90,99,-9,9
36826,86,78,8,8
36827,126,118,8,8
36828,63,79,-16,16
36829,68,65,3,3
36830,83,75,8,8
36831,101,97,4,4
36832,82,108,-26,26
36833,105,111,-6,6
36834,141,136,5,5
36835,67,75,-8,8
36836,29,42,-13,13
36837,96,95,1,1
36838,69,65,4,4
36839,62,67,-5,5
36840,68,73,-5,5
36841,96,83,13,13
36842,122,124,-2,2
36843,109,112,-3,3
36844,83,78,5,5
36845,127,117,10,10
36846,115,126,-11,11
36847,95,88,7,7
36848,64,58,6,6
36849,80,84,-4,4
36850,285,243,42,42
36851,88,85,3,3
36852,154,113,41,41
36853,163,148,15,15
36854,68,110,-42,42
36855,72,80,-8,8
36856,184,176,8,8
36857,87,79,8,8
36858,58,61,-3,3
36859,110,110,0,0
36860,62,71,-9,9
36861,53,48,5,5
36862,158,155,3,3
36863,87,101,-14,14
36864,70,79,-9,9
36865,72,75,-3,3
36866,141,117,24,24
36867,94,87,7,7
36868,48,61,-13,13
36869,56,56,0,0
36870,169,151,18,18
36871,81,100,-19,19
36872,71,66,5,5
36873,97,86,11,11
36874,73,75,-2,2
36875,90,90,0,0
36876,122,114,8,8
36877,68,60,8,8
36878,128,112,16,16
36879,68,67,1,1
36880,128,126,2,2
36881,80,81,-1,1
36882,76,69,7,7
36883,131,134,-3,3
36884,96,93,3,3
36885,118,124,-6,6
36886,112,103,9,9
36887,174,158,16,16
36888,44,43,1,1
36889,92,91,1,1
36890,66,69,-3,3
36891,90,89,1,1
36892,144,132,12,12
36893,110,100,10,10
36894,164,141,23,23
36895,85,80,5,5
36896,87,100,-13,13
36897,126,140,-14,14
36898,70,69,1,1
36899,111,105,6,6
36900,56,53,3,3
36901,50,56,-6,6
36902,93,94,-1,1
36903,66,71,-5,5
36904,77,74,3,3
36905,59,61,-2,2
36906,95,98,-3,3
36907,79,76,3,3
36908,84,79,5,5
36909,81,77,4,4
36910,118,100,18,18
36911,62,62,0,0
36912,113,108,5,5
36913,89,78,11,11
36914,109,96,13,13
36915,157,142,15,15
36916,144,156,-12,12
36917,113,102,11,11
36918,136,118,18,18
36919,55,48,7,7
36920,100,120,-20,20
36921,127,111,16,16
36922,137,130,7,7
36923,77,74,3,3
36924,75,76,-1,1
36925,96,98,-2,2
36926,183,169,14,14
36927,100,90,10,10
36928,66,58,8,8
36929,87,85,2,2
36930,76,76,0,0
36931,79,96,-17,17
36932,84,80,4,4
36933,101,97,4,4
36934,110,107,3,3
36935,97,93,4,4
36936,55,59,-4,4
36937,94,85,9,9
36938,65,66,-1,1
36939,78,77,1,1
36940,69,67,2,2
36941,171,160,11,11
36942,78,78,0,0
36943,58,62,-4,4
36944,79,80,-1,1
36945,90,80,10,10
36946,43,42,1,1
36947,80,91,-11,11
36948,121,122,-1,1
36949,186,164,22,22
36950,87,86,1,1
36951,25,36,-11,11
36952,77,85,-8,8
36953,111,109,2,2
36954,60,60,0,0
36955,70,75,-5,5
36956,145,126,19,19
36957,83,86,-3,3
36958,87,74,13,13
36959,79,75,4,4
36960,110,108,2,2
36961,70,66,4,4
36962,157,145,12,12
36963,95,93,2,2
36964,62,68,-6,6
36965,83,81,2,2
36966,64,66,-2,2
36967,240,216,24,24
36968,77,76,1,1
36969,171,153,18,18
36970,111,106,5,5
36971,98,88,10,10
36972,60,61,-1,1
36973,94,91,3,3
36974,117,107,10,10
36975,113,114,-1,1
36976,149,156,-7,7
36977,84,83,1,1
36978,50,56,-6,6
36979,109,118,-9,9
36980,77,87,-10,10
36981,125,119,6,6
36982,74,85,-11,11
36983,80,79,1,1
36984,70,74,-4,4
36985,79,80,-1,1
36986,125,105,20,20
36987,102,86,16,16
36988,72,69,3,3
36989,99,98,1,1
36990,73,82,-9,9
36991,104,95,9,9
36992,99,91,8,8
36993,97,90,7,7
36994,135,131,4,4
36995,80,82,-2,2
36996,146,139,7,7
36997,59,67,-8,8
36998,95,94,1,1
36999,159,138,21,21
37000,73,66,7,7
37001,94,92,2,2
37002,159,127,32,32
37003,178,156,22,22
37004,58,54,4,4
37005,88,84,4,4
37006,88,94,-6,6
37007,81,90,-9,9
37008,79,71,8,8
37009,54,56,-2,2
37010,88,82,6,6
37011,75,69,6,6
37012,101,87,14,14
37013,89,79,10,10
37014,51,58,-7,7
37015,121,114,7,7
37016,110,110,0,0
37017,99,85,14,14
37018,63,67,-4,4
37019,113,111,2,2
37020,137,134,3,3
37021,114,120,-6,6
37022,87,81,6,6
37023,176,143,33,33
37024,136,126,10,10
37025,104,94,10,10
37026,131,130,1,1
37027,100,111,-11,11
37028,110,112,-2,2
37029,54,51,3,3
37030,99,96,3,3
37031,55,64,-9,9
37032,141,122,19,19
37033,142,135,7,7
37034,125,106,19,19
37035,114,122,-8,8
37036,121,117,4,4
37037,138,125,13,13
37038,66,74,-8,8
37039,108,100,8,8
37040,137,126,11,11
37041,57,55,2,2
37042,97,96,1,1
37043,114,100,14,14
37044,124,146,-22,22
37045,66,71,-5,5
37046,51,53,-2,2
37047,162,143,19,19
37048,161,149,12,12
37049,116,104,12,12
37050,111,111,0,0
37051,143,138,5,5
37052,41,50,-9,9
37053,97,82,15,15
37054,49,57,-8,8
37055,156,139,17,17
37056,48,51,-3,3
37057,82,78,4,4
37058,58,57,1,1
37059,81,76,5,5
37060,81,78,3,3
37061,68,68,0,0
37062,120,119,1,1
37063,28,43,-15,15
37064,84,94,-10,10
37065,96,99,-3,3
37066,79,78,1,1
37067,446,373,73,73
37068,132,124,8,8
37069,131,124,7,7
37070,60,69,-9,9
37071,78,71,7,7
37072,113,107,6,6
37073,67,65,2,2
37074,83,80,3,3
37075,77,68,9,9
37076,82,80,2,2
37077,60,60,0,0
37078,112,108,4,4
37079,124,109,15,15
37080,150,128,22,22
37081,87,82,5,5
37082,129,115,14,14
37083,151,141,10,10
37084,36,45,-9,9
37085,100,99,1,1
37086,57,101,-44,44
37087,108,112,-4,4
37088,78,84,-6,6
37089,72,64,8,8
37090,69,82,-13,13
37091,108,104,4,4
37092,87,82,5,5
37093,51,65,-14,14
37094,48,54,-6,6
37095,98,107,-9,9
37096,31,64,-33,33
37097,140,115,25,25
37098,74,70,4,4
37099,95,100,-5,5
37100,87,82,5,5
37101,120,119,1,1
37102,83,74,9,9
37103,81,96,-15,15
37104,75,80,-5,5
37105,87,90,-3,3
37106,145,139,6,6
37107,98,92,6,6
37108,52,45,7,7
37109,83,81,2,2
37110,55,70,-15,15
37111,110,115,-5,5
37112,125,128,-3,3
37113,87,75,12,12
37114,101,97,4,4
37115,81,72,9,9
37116,143,130,13,13
37117,218,188,30,30
37118,79,75,4,4
37119,97,87,10,10
37120,58,58,0,0
37121,116,114,2,2
37122,76,72,4,4
37123,94,95,-1,1
37124,79,91,-12,12
37125,60,59,1,1
37126,103,108,-5,5
37127,51,50,1,1
37128,113,102,11,11
37129,83,94,-11,11
37130,121,117,4,4
37131,87,75,12,12
37132,152,140,12,12
37133,97,89,8,8
37134,169,160,9,9
37135,73,87,-14,14
37136,141,139,2,2
37137,88,75,13,13
37138,75,160,-85,85
37139,78,76,2,2
37140,114,105,9,9
37141,95,81,14,14
37142,100,101,-1,1
37143,94,93,1,1
37144,62,67,-5,5
37145,75,109,-34,34
37146,91,93,-2,2
37147,155,128,27,27
37148,82,77,5,5
37149,120,113,7,7
37150,154,136,18,18
37151,45,45,0,0
37152,69,71,-2,2
37153,70,77,-7,7
37154,129,127,2,2
37155,83,78,5,5
37156,102,93,9,9
37157,34,42,-8,8
37158,84,78,6,6
37159,93,85,8,8
37160,173,153,20,20
37161,81,85,-4,4
37162,112,119,-7,7
37163,141,129,12,12
37164,117,109,8,8
37165,87,91,-4,4
37166,89,98,-9,9
37167,138,138,0,0
37168,77,80,-3,3
37169,71,75,-4,4
37170,108,110,-2,2
37171,84,77,7,7
37172,90,98,-8,8
37173,156,140,16,16
37174,90,92,-2,2
37175,91,92,-1,1
37176,64,64,0,0
37177,66,67,-1,1
37178,59,53,6,6
37179,124,111,13,13
37180,49,51,-2,2
37181,108,108,0,0
37182,83,81,2,2
37183,115,97,18,18
37184,59,65,-6,6
37185,51,66,-15,15
37186,90,83,7,7
37187,77,89,-12,12
37188,59,53,6,6
37189,100,95,5,5
37190,138,122,16,16
37191,237,222,15,15
37192,71,73,-2,2
37193,51,51,0,0
37194,160,159,1,1
37195,162,136,26,26
37196,121,115,6,6
37197,122,108,14,14
37198,64,58,6,6
37199,78,76,2,2
37200,107,132,-25,25
37201,102,106,-4,4
37202,74,79,-5,5
37203,90,94,-4,4
37204,65,58,7,7
37205,85,89,-4,4
37206,88,90,-2,2
37207,95,99,-4,4
37208,92,92,0,0
37209,148,124,24,24
37210,89,82,7,7
37211,63,66,-3,3
37212,98,88,10,10
37213,74,74,0,0
37214,69,69,0,0
37215,58,63,-5,5
37216,148,131,17,17
37217,75,77,-2,2
37218,128,122,6,6
37219,63,75,-12,12
37220,113,101,12,12
37221,88,91,-3,3
37222,68,58,10,10
37223,98,91,7,7
37224,79,79,0,0
37225,69,72,-3,3
37226,284,243,41,41
37227,76,74,2,2
37228,98,99,-1,1
37229,73,77,-4,4
37230,135,130,5,5
37231,71,69,2,2
37232,85,81,4,4
37233,58,65,-7,7
37234,110,107,3,3
37235,63,62,1,1
37236,91,89,2,2
37237,72,76,-4,4
37238,111,128,-17,17
37239,75,67,8,8
37240,127,123,4,4
37241,157,136,21,21
37242,136,129,7,7
37243,66,63,3,3
37244,53,53,0,0
37245,76,80,-4,4
37246,76,70,6,6
37247,123,129,-6,6
37248,90,86,4,4
37249,62,64,-2,2
37250,93,110,-17,17
37251,150,131,19,19
37252,114,110,4,4
37253,99,84,15,15
37254,85,79,6,6
37255,68,65,3,3
37256,54,53,1,1
37257,64,61,3,3
37258,126,125,1,1
37259,52,55,-3,3
37260,119,111,8,8
37261,112,107,5,5
37262,257,221,36,36
37263,75,80,-5,5
37264,58,55,3,3
37265,87,84,3,3
37266,50,49,1,1
37267,79,84,-5,5
37268,142,127,15,15
37269,122,123,-1,1
37270,69,71,-2,2
37271,82,77,5,5
37272,83,82,1,1
37273,87,80,7,7
37274,132,123,9,9
37275,110,120,-10,10
37276,98,83,15,15
37277,93,90,3,3
37278,112,117,-5,5
37279,101,93,8,8
37280,97,99,-2,2
37281,111,114,-3,3
37282,53,56,-3,3
37283,78,100,-22,22
37284,104,96,8,8
37285,86,78,8,8
37286,109,104,5,5
37287,136,123,13,13
37288,113,122,-9,9
37289,53,55,-2,2
37290,85,78,7,7
37291,142,126,16,16
37292,141,134,7,7
37293,87,87,0,0
37294,79,73,6,6
37295,171,150,21,21
37296,104,106,-2,2
37297,91,116,-25,25
37298,70,68,2,2
37299,93,94,-1,1
37300,115,115,0,0
37301,49,56,-7,7
37302,115,100,15,15
37303,85,78,7,7
37304,96,96,0,0
37305,112,106,6,6
37306,133,133,0,0
37307,114,106,8,8
37308,78,93,-15,15
37309,158,141,17,17
37310,73,69,4,4
37311,44,50,-6,6
37312,160,152,8,8
37313,114,114,0,0
37314,163,115,48,48
37315,113,101,12,12
37316,92,98,-6,6
37317,35,43,-8,8
37318,135,127,8,8
37319,113,109,4,4
37320,105,91,14,14
37321,79,77,2,2
37322,130,115,15,15
37323,129,124,5,5
37324,81,81,0,0
37325,71,77,-6,6
37326,233,196,37,37
37327,79,87,-8,8
37328,88,83,5,5
37329,121,121,0,0
37330,132,116,16,16
37331,179,163,16,16
37332,199,173,26,26
37333,133,121,12,12
37334,127,113,14,14
37335,71,76,-5,5
37336,59,61,-2,2
37337,92,90,2,2
37338,98,92,6,6
37339,93,80,13,13
37340,103,79,24,24
37341,114,118,-4,4
37342,80,85,-5,5
37343,84,82,2,2
37344,95,86,9,9
37345,141,130,11,11
37346,184,161,23,23
37347,138,109,29,29
37348,59,59,0,0
37349,172,159,13,13
37350,146,134,12,12
37351,72,77,-5,5
37352,139,136,3,3
37353,108,106,2,2
37354,91,98,-7,7
37355,38,43,-5,5
37356,44,55,-11,11
37357,86,83,3,3
37358,68,75,-7,7
37359,68,60,8,8
37360,100,99,1,1
37361,135,117,18,18
37362,30,46,-16,16
37363,149,139,10,10
37364,93,90,3,3
37365,132,128,4,4
37366,61,65,-4,4
37367,104,105,-1,1
37368,119,111,8,8
37369,61,66,-5,5
37370,79,82,-3,3
37371,48,53,-5,5
37372,80,68,12,12
37373,145,162,-17,17
37374,65,71,-6,6
37375,68,68,0,0
37376,68,70,-2,2
37377,78,81,-3,3
37378,65,59,6,6
37379,98,89,9,9
37380,102,106,-4,4
37381,115,95,20,20
37382,71,70,1,1
37383,63,67,-4,4
37384,64,75,-11,11
37385,97,96,1,1
37386,102,88,14,14
37387,101,100,1,1
37388,34,41,-7,7
37389,70,73,-3,3
37390,53,63,-10,10
37391,92,91,1,1
37392,83,81,2,2
37393,101,104,-3,3
37394,76,74,2,2
37395,76,81,-5,5
37396,111,104,7,7
37397,49,60,-11,11
37398,55,66,-11,11
37399,115,105,10,10
37400,126,120,6,6
37401,121,107,14,14
37402,145,131,14,14
37403,60,78,-18,18
37404,73,64,9,9
37405,63,68,-5,5
37406,71,74,-3,3
37407,81,83,-2,2
37408,98,96,2,2
37409,138,135,3,3
37410,69,75,-6,6
37411,172,177,-5,5
37412,57,67,-10,10
37413,119,108,11,11
37414,65,68,-3,3
37415,54,55,-1,1
37416,86,90,-4,4
37417,116,111,5,5
37418,145,129,16,16
37419,102,105,-3,3
37420,108,103,5,5
37421,63,61,2,2
37422,125,115,10,10
37423,90,91,-1,1
37424,139,137,2,2
37425,94,89,5,5
37426,86,85,1,1
37427,44,55,-11,11
37428,89,92,-3,3
37429,82,77,5,5
37430,114,100,14,14
37431,60,61,-1,1
37432,103,100,3,3
37433,58,52,6,6
37434,108,112,-4,4
37435,140,140,0,0
37436,160,152,8,8
37437,54,53,1,1
37438,106,101,5,5
37439,140,137,3,3
37440,101,98,3,3
37441,120,112,8,8
37442,118,108,10,10
37443,116,109,7,7
37444,108,103,5,5
37445,205,199,6,6
37446,192,173,19,19
37447,97,96,1,1
37448,59,59,0,0
37449,60,64,-4,4
37450,51,49,2,2
37451,48,53,-5,5
37452,118,110,8,8
37453,209,185,24,24
37454,64,65,-1,1
37455,76,83,-7,7
37456,130,120,10,10
37457,83,93,-10,10
37458,69,76,-7,7
37459,66,58,8,8
37460,81,88,-7,7
37461,116,131,-15,15
37462,91,91,0,0
37463,178,173,5,5
37464,148,154,-6,6
37465,160,154,6,6
37466,116,123,-7,7
37467,87,87,0,0
37468,93,92,1,1
37469,71,74,-3,3
37470,121,114,7,7
37471,85,70,15,15
37472,75,79,-4,4
37473,101,95,6,6
37474,72,72,0,0
37475,60,59,1,1
37476,102,91,11,11
37477,111,101,10,10
37478,81,84,-3,3
37479,75,89,-14,14
37480,107,107,0,0
37481,75,78,-3,3
37482,67,75,-8,8
37483,126,123,3,3
37484,106,104,2,2
37485,126,121,5,5
37486,104,101,3,3
37487,65,73,-8,8
37488,92,91,1,1
37489,78,73,5,5
37490,127,116,11,11
37491,88,87,1,1
37492,35,62,-27,27
37493,87,85,2,2
37494,53,67,-14,14
37495,108,107,1,1
37496,89,86,3,3
37497,79,75,4,4
37498,79,86,-7,7
37499,138,119,19,19
37500,92,81,11,11
37501,84,82,2,2
37502,65,66,-1,1
37503,74,73,1,1
37504,147,139,8,8
37505,96,95,1,1
37506,124,118,6,6
37507,84,87,-3,3
37508,118,112,6,6
37509,80,75,5,5
37510,89,94,-5,5
37511,154,154,0,0
37512,96,100,-4,4
37513,73,79,-6,6
37514,218,180,38,38
37515,108,103,5,5
37516,156,145,11,11
37517,56,64,-8,8
37518,105,95,10,10
37519,103,126,-23,23
37520,98,101,-3,3
37521,161,154,7,7
37522,150,123,27,27
37523,50,52,-2,2
37524,99,98,1,1
37525,62,65,-3,3
37526,102,99,3,3
37527,86,82,4,4
37528,81,77,4,4
37529,51,55,-4,4
37530,100,92,8,8
37531,74,70,4,4
37532,65,57,8,8
37533,95,93,2,2
37534,99,97,2,2
37535,84,90,-6,6
37536,114,95,19,19
37537,99,85,14,14
37538,58,51,7,7
37539,49,46,3,3
37540,119,109,10,10
37541,83,83,0,0
37542,96,99,-3,3
37543,70,72,-2,2
37544,108,102,6,6
37545,128,109,19,19
37546,75,74,1,1
37547,72,66,6,6
37548,88,74,14,14
37549,71,71,0,0
37550,103,92,11,11
37551,109,99,10,10
37552,77,80,-3,3
37553,74,74,0,0
37554,105,93,12,12
37555,56,50,6,6
37556,95,91,4,4
37557,152,133,19,19
37558,62,65,-3,3
37559,128,118,10,10
37560,108,96,12,12
37561,58,64,-6,6
37562,144,123,21,21
37563,109,98,11,11
37564,66,64,2,2
37565,114,112,2,2
37566,150,129,21,21
37567,98,92,6,6
37568,151,143,8,8
37569,73,72,1,1
37570,84,80,4,4
37571,126,117,9,9
37572,50,56,-6,6
37573,101,113,-12,12
37574,56,59,-3,3
37575,95,92,3,3
37576,65,68,-3,3
37577,141,118,23,23
37578,94,87,7,7
37579,67,72,-5,5
37580,55,60,-5,5
37581,65,65,0,0
37582,52,68,-16,16
37583,95,87,8,8
37584,158,146,12,12
37585,106,41,65,65
37586,101,97,4,4
37587,96,93,3,3
37588,132,129,3,3
37589,91,86,5,5
37590,80,80,0,0
37591,209,186,23,23
37592,71,78,-7,7
37593,94,99,-5,5
37594,93,85,8,8
37595,103,100,3,3
37596,69,75,-6,6
37597,190,181,9,9
37598,92,87,5,5
37599,105,91,14,14
37600,69,77,-8,8
37601,54,66,-12,12
37602,59,59,0,0
37603,82,85,-3,3
37604,84,82,2,2
37605,30,53,-23,23
37606,150,137,13,13
37607,65,65,0,0
37608,88,83,5,5
37609,80,77,3,3
37610,174,160,14,14
37611,134,159,-25,25
37612,82,79,3,3
37613,77,71,6,6
37614,65,71,-6,6
37615,49,53,-4,4
37616,95,94,1,1
37617,67,69,-2,2
37618,69,66,3,3
37619,125,128,-3,3
37620,124,125,-1,1
37621,81,82,-1,1
37622,93,93,0,0
37623,148,119,29,29
37624,158,138,20,20
37625,107,104,3,3
37626,138,124,14,14
37627,106,102,4,4
37628,102,106,-4,4
37629,151,146,5,5
37630,103,103,0,0
37631,77,70,7,7
37632,139,129,10,10
37633,122,119,3,3
37634,86,80,6,6
37635,85,82,3,3
37636,76,70,6,6
37637,115,101,14,14
37638,137,120,17,17
37639,113,121,-8,8
37640,155,134,21,21
37641,66,79,-13,13
37642,75,69,6,6
37643,120,117,3,3
37644,116,99,17,17
37645,152,142,10,10
37646,56,62,-6,6
37647,205,179,26,26
37648,96,95,1,1
37649,101,91,10,10
37650,100,99,1,1
37651,94,87,7,7
37652,130,117,13,13
37653,61,80,-19,19
37654,123,114,9,9
37655,111,121,-10,10
37656,136,137,-1,1
37657,166,145,21,21
37658,85,90,-5,5
37659,99,96,3,3
37660,58,61,-3,3
37661,98,91,7,7
37662,88,77,11,11
37663,164,142,22,22
37664,67,68,-1,1
37665,112,94,18,18
37666,105,98,7,7
37667,151,135,16,16
37668,80,68,12,12
37669,121,124,-3,3
37670,179,141,38,38
37671,151,142,9,9
37672,116,115,1,1
37673,93,90,3,3
37674,96,93,3,3
37675,112,127,-15,15
37676,45,47,-2,2
37677,100,92,8,8
37678,71,84,-13,13
37679,72,66,6,6
37680,124,110,14,14
37681,54,50,4,4
37682,135,122,13,13
37683,125,111,14,14
37684,125,99,26,26
37685,104,111,-7,7
37686,76,78,-2,2
37687,106,128,-22,22
37688,76,74,2,2
37689,87,86,1,1
37690,146,133,13,13
37691,91,81,10,10
37692,72,84,-12,12
37693,149,140,9,9
37694,82,77,5,5
37695,157,130,27,27
37696,138,124,14,14
37697,122,119,3,3
37698,105,100,5,5
37699,88,80,8,8
37700,157,165,-8,8
37701,108,96,12,12
37702,94,85,9,9
37703,102,102,0,0
37704,51,61,-10,10
37705,84,85,-1,1
37706,67,82,-15,15
37707,128,113,15,15
37708,130,127,3,3
37709,165,148,17,17
37710,100,109,-9,9
37711,121,127,-6,6
37712,74,82,-8,8
37713,58,57,1,1
37714,88,97,-9,9
37715,105,109,-4,4
37716,116,110,6,6
37717,103,94,9,9
37718,101,102,-1,1
37719,108,111,-3,3
37720,75,88,-13,13
37721,106,105,1,1
37722,69,74,-5,5
37723,87,86,1,1
37724,68,78,-10,10
37725,51,53,-2,2
37726,61,63,-2,2
37727,110,105,5,5
37728,104,95,9,9
37729,70,65,5,5
37730,47,53,-6,6
37731,69,84,-15,15
37732,48,56,-8,8
37733,92,85,7,7
37734,116,111,5,5
37735,94,96,-2,2
37736,79,80,-1,1
37737,116,130,-14,14
37738,133,131,2,2
37739,70,75,-5,5
37740,153,144,9,9
37741,41,82,-41,41
37742,73,76,-3,3
37743,109,108,1,1
37744,145,130,15,15
37745,106,104,2,2
37746,89,78,11,11
37747,69,77,-8,8
37748,73,72,1,1
37749,61,62,-1,1
37750,127,120,7,7
37751,104,101,3,3
37752,103,102,1,1
37753,107,97,10,10
37754,116,114,2,2
37755,66,72,-6,6
37756,130,122,8,8
37757,102,90,12,12
37758,102,100,2,2
37759,72,81,-9,9
37760,98,88,10,10
37761,55,57,-2,2
37762,90,94,-4,4
37763,116,107,9,9
37764,64,71,-7,7
37765,113,101,12,12
37766,75,81,-6,6
37767,75,90,-15,15
37768,119,113,6,6
37769,81,74,7,7
37770,74,73,1,1
37771,156,147,9,9
37772,93,90,3,3
37773,84,84,0,0
37774,118,139,-21,21
37775,70,67,3,3
37776,197,181,16,16
37777,57,58,-1,1
37778,41,65,-24,24
37779,110,112,-2,2
37780,94,88,6,6
37781,121,105,16,16
37782,77,80,-3,3
37783,104,83,21,21
37784,98,91,7,7
37785,101,96,5,5
37786,65,78,-13,13
37787,140,124,16,16
37788,113,104,9,9
37789,103,92,11,11
37790,84,77,7,7
37791,75,75,0,0
37792,136,119,17,17
37793,123,119,4,4
37794,117,121,-4,4
37795,107,97,10,10
37796,64,64,0,0
37797,61,67,-6,6
37798,216,176,40,40
37799,94,95,-1,1
37800,96,93,3,3
37801,83,99,-16,16
37802,42,47,-5,5
37803,93,103,-10,10
37804,61,66,-5,5
37805,101,80,21,21
37806,118,112,6,6
37807,100,110,-10,10
37808,107,124,-17,17
37809,98,101,-3,3
37810,64,61,3,3
37811,215,206,9,9
37812,127,121,6,6
37813,91,87,4,4
37814,113,127,-14,14
37815,82,81,1,1
37816,120,122,-2,2
37817,72,71,1,1
37818,77,91,-14,14
37819,79,88,-9,9
37820,67,73,-6,6
37821,89,90,-1,1
37822,54,58,-4,4
37823,97,101,-4,4
37824,82,83,-1,1
37825,91,98,-7,7
37826,83,78,5,5
37827,54,69,-15,15
37828,116,115,1,1
37829,80,86,-6,6
37830,75,73,2,2
37831,187,180,7,7
37832,78,86,-8,8
37833,95,99,-4,4
37834,87,84,3,3
37835,74,80,-6,6
37836,67,65,2,2
37837,66,62,4,4
37838,78,72,6,6
37839,107,99,8,8
37840,59,53,6,6
37841,92,93,-1,1
37842,41,52,-11,11
37843,130,117,13,13
37844,100,101,-1,1
37845,88,83,5,5
37846,67,65,2,2
37847,100,92,8,8
37848,99,104,-5,5
37849,69,70,-1,1
37850,115,117,-2,2
37851,116,105,11,11
37852,49,46,3,3
37853,91,95,-4,4
37854,67,81,-14,14
37855,105,98,7,7
37856,137,131,6,6
37857,72,82,-10,10
37858,61,63,-2,2
37859,86,81,5,5
37860,91,95,-4,4
37861,85,84,1,1
37862,83,86,-3,3
37863,68,62,6,6
37864,103,93,10,10
37865,106,96,10,10
37866,139,110,29,29
37867,115,114,1,1
37868,48,52,-4,4
37869,159,157,2,2
37870,61,58,3,3
37871,113,115,-2,2
37872,101,97,4,4
37873,77,74,3,3
37874,134,129,5,5
37875,67,57,10,10
37876,106,103,3,3
37877,57,55,2,2
37878,95,99,-4,4
37879,93,97,-4,4
37880,95,80,15,15
37881,179,169,10,10
37882,153,165,-12,12
37883,62,69,-7,7
37884,69,67,2,2
37885,165,160,5,5
37886,180,177,3,3
37887,87,82,5,5
37888,110,105,5,5
37889,116,119,-3,3
37890,159,158,1,1
37891,99,100,-1,1
37892,114,111,3,3
37893,102,89,13,13
37894,154,148,6,6
37895,91,90,1,1
37896,124,109,15,15
37897,91,87,4,4
37898,41,46,-5,5
37899,45,45,0,0
37900,71,86,-15,15
37901,76,80,-4,4
37902,99,102,-3,3
37903,111,102,9,9
37904,97,89,8,8
37905,124,107,17,17
37906,96,97,-1,1
37907,79,86,-7,7
37908,122,126,-4,4
37909,115,95,20,20
37910,89,87,2,2
37911,73,73,0,0
37912,111,112,-1,1
37913,89,96,-7,7
37914,138,130,8,8
37915,100,109,-9,9
37916,78,85,-7,7
37917,83,86,-3,3
37918,86,91,-5,5
37919,135,137,-2,2
37920,114,111,3,3
37921,56,59,-3,3
37922,149,155,-6,6
37923,81,76,5,5
37924,79,80,-1,1
37925,103,103,0,0
37926,56,69,-13,13
37927,150,139,11,11
37928,78,76,2,2
37929,78,79,-1,1
37930,41,47,-6,6
37931,121,106,15,15
37932,123,116,7,7
37933,76,86,-10,10
37934,103,95,8,8
37935,35,57,-22,22
37936,124,115,9,9
37937,55,62,-7,7
37938,88,83,5,5
37939,90,86,4,4
37940,120,96,24,24
37941,71,70,1,1
37942,79,80,-1,1
37943,62,67,-5,5
37944,86,84,2,2
37945,64,67,-3,3
37946,131,138,-7,7
37947,146,132,14,14
37948,86,78,8,8
37949,98,88,10,10
37950,183,157,26,26
37951,91,92,-1,1
37952,77,74,3,3
37953,142,134,8,8
37954,79,80,-1,1
37955,41,46,-5,5
37956,105,103,2,2
37957,197,178,19,19
37958,115,109,6,6
37959,71,69,2,2
37960,140,140,0,0
37961,130,120,10,10
37962,83,80,3,3
37963,108,123,-15,15
37964,67,68,-1,1
37965,70,83,-13,13
37966,93,92,1,1
37967,64,69,-5,5
37968,98,112,-14,14
37969,115,112,3,3
37970,62,56,6,6
37971,88,88,0,0
37972,61,67,-6,6
37973,198,162,36,36
37974,101,108,-7,7
37975,66,65,1,1
37976,31,39,-8,8
37977,94,89,5,5
37978,93,103,-10,10
37979,117,151,-34,34
37980,99,101,-2,2
37981,36,46,-10,10
37982,76,77,-1,1
37983,67,73,-6,6
37984,78,85,-7,7
37985,50,52,-2,2
37986,55,49,6,6
37987,92,91,1,1
37988,94,85,9,9
37989,137,128,9,9
37990,102,99,3,3
37991,113,111,2,2
37992,89,79,10,10
37993,124,129,-5,5
37994,82,81,1,1
37995,60,69,-9,9
37996,125,112,13,13
37997,78,85,-7,7
37998,143,129,14,14
37999,142,140,2,2
38000,106,95,11,11
38001,124,110,14,14
38002,52,62,-10,10
38003,97,112,-15,15
38004,80,79,1,1
38005,107,112,-5,5
38006,141,135,6,6
38007,57,56,1,1
38008,89,79,10,10
38009,104,107,-3,3
38010,154,141,13,13
38011,76,89,-13,13
38012,95,87,8,8
38013,179,159,20,20
38014,64,80,-16,16
38015,119,104,15,15
38016,108,120,-12,12
38017,114,104,10,10
38018,92,91,1,1
38019,109,102,7,7
38020,139,138,1,1
38021,130,126,4,4
38022,112,104,8,8
38023,123,111,12,12
38024,125,115,10,10
38025,66,59,7,7
38026,77,86,-9,9
38027,87,85,2,2
38028,97,103,-6,6
38029,56,50,6,6
38030,146,130,16,16
38031,71,71,0,0
38032,176,160,16,16
38033,96,86,10,10
38034,105,99,6,6
38035,127,120,7,7
38036,82,85,-3,3
38037,137,145,-8,8
38038,120,110,10,10
38039,82,80,2,2
38040,73,67,6,6
38041,78,71,7,7
38042,83,82,1,1
38043,83,83,0,0
38044,74,75,-1,1
38045,81,81,0,0
38046,178,152,26,26
38047,96,104,-8,8
38048,48,52,-4,4
38049,74,80,-6,6
38050,143,130,13,13
38051,94,87,7,7
38052,142,137,5,5
38053,144,141,3,3
38054,114,113,1,1
38055,91,95,-4,4
38056,127,123,4,4
38057,65,75,-10,10
38058,152,139,13,13
38059,106,99,7,7
38060,140,130,10,10
38061,96,100,-4,4
38062,72,102,-30,30
38063,71,67,4,4
38064,116,110,6,6
38065,156,143,13,13
38066,57,52,5,5
38067,24,40,-16,16
38068,122,116,6,6
38069,118,105,13,13
38070,96,93,3,3
38071,86,83,3,3
38072,163,151,12,12
38073,60,65,-5,5
38074,80,75,5,5
38075,78,76,2,2
38076,82,78,4,4
38077,113,102,11,11
38078,104,109,-5,5
38079,154,167,-13,13
38080,34,47,-13,13
38081,111,112,-1,1
38082,103,98,5,5
38083,88,85,3,3
38084,112,112,0,0
38085,115,105,10,10
38086,60,52,8,8
38087,150,138,12,12
38088,116,113,3,3
38089,80,76,4,4
38090,112,96,16,16
38091,116,111,5,5
38092,83,88,-5,5
38093,161,141,20,20
38094,65,75,-10,10
38095,74,75,-1,1
38096,72,61,11,11
38097,185,160,25,25
38098,89,75,14,14
38099,90,88,2,2
38100,175,156,19,19
38101,96,88,8,8
38102,96,88,8,8
38103,111,110,1,1
38104,46,49,-3,3
38105,105,115,-10,10
38106,69,73,-4,4
38107,117,111,6,6
38108,91,86,5,5
38109,70,74,-4,4
38110,150,131,19,19
38111,122,120,2,2
38112,98,105,-7,7
38113,100,86,14,14
38114,160,134,26,26
38115,139,128,11,11
38116,170,156,14,14
38117,79,82,-3,3
38118,132,124,8,8
38119,121,119,2,2
38120,118,119,-1,1
38121,102,90,12,12
38122,98,95,3,3
38123,115,119,-4,4
38124,159,152,7,7
38125,92,95,-3,3
38126,41,65,-24,24
38127,84,84,0,0
38128,132,140,-8,8
38129,109,90,19,19
38130,78,86,-8,8
38131,114,100,14,14
38132,121,109,12,12
38133,93,86,7,7
38134,115,113,2,2
38135,44,45,-1,1
38136,74,75,-1,1
38137,49,49,0,0
38138,165,150,15,15
38139,83,79,4,4
38140,158,144,14,14
38141,101,87,14,14
38142,118,111,7,7
38143,94,92,2,2
38144,117,131,-14,14
38145,109,104,5,5
38146,73,88,-15,15
38147,76,79,-3,3
38148,138,132,6,6
38149,113,103,10,10
38150,96,94,2,2
38151,73,77,-4,4
38152,112,102,10,10
38153,63,69,-6,6
38154,104,92,12,12
38155,82,87,-5,5
38156,54,61,-7,7
38157,84,82,2,2
38158,133,133,0,0
38159,101,97,4,4
38160,108,111,-3,3
38161,83,78,5,5
38162,78,82,-4,4
38163,82,75,7,7
38164,76,78,-2,2
38165,90,81,9,9
38166,105,99,6,6
38167,61,61,0,0
38168,102,111,-9,9
38169,104,116,-12,12
38170,72,72,0,0
38171,74,67,7,7
38172,92,93,-1,1
38173,85,84,1,1
38174,99,93,6,6
38175,111,116,-5,5
38176,67,73,-6,6
38177,76,73,3,3
38178,113,95,18,18
38179,107,99,8,8
38180,117,111,6,6
38181,116,113,3,3
38182,97,95,2,2
38183,125,121,4,4
38184,112,116,-4,4
38185,71,82,-11,11
38186,115,113,2,2
38187,59,82,-23,23
38188,97,89,8,8
38189,124,112,12,12
38190,45,48,-3,3
38191,87,85,2,2
38192,103,119,-16,16
38193,64,66,-2,2
38194,100,90,10,10
38195,97,85,12,12
38196,121,112,9,9
38197,111,113,-2,2
38198,74,73,1,1
38199,118,138,-20,20
38200,91,88,3,3
38201,89,86,3,3
38202,105,85,20,20
38203,79,81,-2,2
38204,68,71,-3,3
38205,125,126,-1,1
38206,87,83,4,4
38207,123,104,19,19
38208,93,91,2,2
38209,100,91,9,9
38210,64,63,1,1
38211,108,103,5,5
38212,68,55,13,13
38213,86,88,-2,2
38214,107,97,10,10
38215,73,78,-5,5
38216,128,131,-3,3
38217,119,109,10,10
38218,54,47,7,7
38219,72,70,2,2
38220,73,79,-6,6
38221,159,149,10,10
38222,83,86,-3,3
38223,97,91,6,6
38224,131,123,8,8
38225,69,74,-5,5
38226,86,73,13,13
38227,119,115,4,4
38228,100,91,9,9
38229,102,105,-3,3
38230,67,67,0,0
38231,53,64,-11,11
38232,85,89,-4,4
38233,168,152,16,16
38234,61,50,11,11
38235,77,72,5,5
38236,85,92,-7,7
38237,69,68,1,1
38238,124,118,6,6
38239,89,82,7,7
38240,148,142,6,6
38241,143,129,14,14
38242,57,80,-23,23
38243,144,133,11,11
38244,66,68,-2,2
38245,83,95,-12,12
38246,120,115,5,5
38247,131,128,3,3
38248,51,58,-7,7
38249,77,65,12,12
38250,62,67,-5,5
38251,125,128,-3,3
38252,87,83,4,4
38253,89,84,5,5
38254,162,147,15,15
38255,109,109,0,0
38256,126,129,-3,3
38257,87,90,-3,3
38258,87,98,-11,11
38259,116,111,5,5
38260,51,55,-4,4
38261,65,58,7,7
38262,95,84,11,11
38263,86,77,9,9
38264,98,96,2,2
38265,74,74,0,0
38266,87,111,-24,24
38267,113,106,7,7
38268,70,87,-17,17
38269,119,104,15,15
38270,180,162,18,18
38271,94,81,13,13
38272,67,75,-8,8
38273,85,83,2,2
38274,147,146,1,1
38275,79,69,10,10
38276,76,77,-1,1
38277,60,53,7,7
38278,55,59,-4,4
38279,95,97,-2,2
38280,127,113,14,14
38281,100,93,7,7
38282,85,87,-2,2
38283,127,120,7,7
38284,101,87,14,14
38285,70,67,3,3
38286,102,100,2,2
38287,73,76,-3,3
38288,107,107,0,0
38289,129,129,0,0
38290,114,105,9,9
38291,45,55,-10,10
38292,52,53,-1,1
38293,69,73,-4,4
38294,71,74,-3,3
38295,65,68,-3,3
38296,211,180,31,31
38297,113,126,-13,13
38298,97,97,0,0
38299,60,67,-7,7
38300,184,149,35,35
38301,106,99,7,7
38302,121,117,4,4
38303,112,111,1,1
38304,137,131,6,6
38305,104,101,3,3
38306,124,114,10,10
38307,72,68,4,4
38308,116,104,12,12
38309,76,76,0,0
38310,99,104,-5,5
38311,75,77,-2,2
38312,81,81,0,0
38313,69,69,0,0
38314,72,80,-8,8
38315,87,76,11,11
38316,93,86,7,7
38317,136,122,14,14
38318,101,92,9,9
38319,89,84,5,5
38320,112,108,4,4
38321,65,67,-2,2
38322,118,108,10,10
38323,92,86,6,6
38324,80,85,-5,5
38325,98,94,4,4
38326,70,68,2,2
38327,127,116,11,11
38328,149,126,23,23
38329,70,68,2,2
38330,139,135,4,4
38331,82,82,0,0
38332,91,93,-2,2
38333,39,63,-24,24
38334,82,96,-14,14
38335,105,97,8,8
38336,147,140,7,7
38337,104,107,-3,3
38338,117,105,12,12
38339,91,100,-9,9
38340,90,92,-2,2
38341,104,93,11,11
38342,47,50,-3,3
38343,56,60,-4,4
38344,110,111,-1,1
38345,43,55,-12,12
38346,120,111,9,9
38347,70,69,1,1
38348,75,76,-1,1
38349,77,81,-4,4
38350,72,71,1,1
38351,105,101,4,4
38352,218,192,26,26
38353,56,64,-8,8
38354,100,104,-4,4
38355,123,135,-12,12
38356,130,121,9,9
38357,63,58,5,5
38358,89,90,-1,1
38359,60,68,-8,8
38360,65,79,-14,14
38361,118,113,5,5
38362,86,88,-2,2
38363,166,164,2,2
38364,106,104,2,2
38365,58,66,-8,8
38366,141,121,20,20
38367,96,94,2,2
38368,106,96,10,10
38369,110,111,-1,1
38370,64,64,0,0
38371,83,84,-1,1
38372,92,105,-13,13
38373,70,71,-1,1
38374,122,121,1,1
38375,86,87,-1,1
38376,105,93,12,12
38377,99,100,-1,1
38378,57,55,2,2
38379,79,77,2,2
38380,59,55,4,4
38381,70,74,-4,4
38382,104,97,7,7
38383,86,89,-3,3
38384,112,118,-6,6
38385,102,101,1,1
38386,63,67,-4,4
38387,118,108,10,10
38388,63,55,8,8
38389,104,117,-13,13
38390,86,87,-1,1
38391,167,152,15,15
38392,164,149,15,15
38393,85,87,-2,2
38394,111,108,3,3
38395,121,111,10,10
38396,94,91,3,3
38397,77,85,-8,8
38398,35,43,-8,8
38399,95,93,2,2
38400,133,132,1,1
38401,85,87,-2,2
38402,67,61,6,6
38403,114,110,4,4
38404,157,143,14,14
38405,157,145,12,12
38406,94,102,-8,8
38407,54,66,-12,12
38408,64,59,5,5
38409,109,105,4,4
38410,71,71,0,0
38411,73,76,-3,3
38412,76,83,-7,7
38413,130,112,18,18
38414,79,75,4,4
38415,142,146,-4,4
38416,89,84,5,5
38417,105,108,-3,3
38418,78,89,-11,11
38419,64,65,-1,1
38420,63,68,-5,5
38421,89,88,1,1
38422,171,159,12,12
38423,111,97,14,14
38424,86,74,12,12
38425,102,99,3,3
38426,61,63,-2,2
38427,85,86,-1,1
38428,134,116,18,18
38429,81,81,0,0
38430,142,135,7,7
38431,80,76,4,4
38432,83,81,2,2
38433,121,108,13,13
38434,67,55,12,12
38435,100,111,-11,11
38436,129,125,4,4
38437,102,104,-2,2
38438,126,119,7,7
38439,98,97,1,1
38440,63,59,4,4
38441,72,76,-4,4
38442,88,96,-8,8
38443,64,69,-5,5
38444,107,110,-3,3
38445,89,79,10,10
38446,93,91,2,2
38447,146,134,12,12
38448,101,105,-4,4
38449,87,84,3,3
38450,97,94,3,3
38451,78,65,13,13
38452,130,110,20,20
38453,85,72,13,13
38454,77,71,6,6
38455,44,50,-6,6
38456,96,89,7,7
38457,89,82,7,7
38458,117,113,4,4
38459,41,45,-4,4
38460,113,114,-1,1
38461,103,84,19,19
38462,161,139,22,22
38463,196,183,13,13
38464,64,65,-1,1
38465,82,75,7,7
38466,66,93,-27,27
38467,80,75,5,5
38468,54,62,-8,8
38469,104,104,0,0
38470,55,51,4,4
38471,57,54,3,3
38472,49,55,-6,6
38473,70,70,0,0
38474,74,81,-7,7
38475,33,42,-9,9
38476,83,89,-6,6
38477,89,86,3,3
38478,102,92,10,10
38479,156,159,-3,3
38480,36,51,-15,15
38481,62,58,4,4
38482,102,93,9,9
38483,87,93,-6,6
38484,50,48,2,2
38485,89,97,-8,8
38486,100,95,5,5
38487,98,85,13,13
38488,56,61,-5,5
38489,75,70,5,5
38490,98,84,14,14
38491,117,107,10,10
38492,235,196,39,39
38493,54,54,0,0
38494,68,65,3,3
38495,116,118,-2,2
38496,32,39,-7,7
38497,55,52,3,3
38498,82,82,0,0
38499,119,112,7,7
38500,183,175,8,8
38501,112,86,26,26
38502,57,68,-11,11
38503,120,114,6,6
38504,77,82,-5,5
38505,68,77,-9,9
38506,126,114,12,12
38507,68,61,7,7
38508,103,91,12,12
38509,110,114,-4,4
38510,122,97,25,25
38511,100,111,-11,11
38512,74,75,-1,1
38513,185,156,29,29
38514,118,122,-4,4
38515,41,51,-10,10
38516,91,90,1,1
38517,83,73,10,10
38518,79,86,-7,7
38519,82,72,10,10
38520,84,89,-5,5
38521,70,66,4,4
38522,97,102,-5,5
38523,99,98,1,1
38524,108,100,8,8
38525,85,83,2,2
38526,132,121,11,11
38527,99,97,2,2
38528,62,54,8,8
38529,80,83,-3,3
38530,96,91,5,5
38531,98,88,10,10
38532,109,106,3,3
38533,124,125,-1,1
38534,101,107,-6,6
38535,118,119,-1,1
38536,57,58,-1,1
38537,79,84,-5,5
38538,86,88,-2,2
38539,77,73,4,4
38540,132,117,15,15
38541,74,66,8,8
38542,108,100,8,8
38543,137,118,19,19
38544,102,100,2,2
38545,150,140,10,10
38546,51,51,0,0
38547,77,75,2,2
38548,59,54,5,5
38549,42,45,-3,3
38550,141,138,3,3
38551,132,118,14,14
38552,67,66,1,1
38553,108,100,8,8
38554,144,144,0,0
38555,69,71,-2,2
38556,85,78,7,7
38557,64,66,-2,2
38558,65,67,-2,2
38559,221,208,13,13
38560,70,68,2,2
38561,56,53,3,3
38562,62,66,-4,4
38563,88,103,-15,15
38564,108,109,-1,1
38565,178,156,22,22
38566,74,71,3,3
38567,85,94,-9,9
38568,61,69,-8,8
38569,111,74,37,37
38570,103,107,-4,4
38571,110,105,5,5
38572,74,71,3,3
38573,172,164,8,8
38574,87,100,-13,13
38575,141,140,1,1
38576,86,78,8,8
38577,89,100,-11,11
38578,106,89,17,17
38579,103,96,7,7
38580,115,97,18,18
38581,61,60,1,1
38582,102,103,-1,1
38583,64,66,-2,2
38584,121,110,11,11
38585,61,66,-5,5
38586,75,74,1,1
38587,43,43,0,0
38588,84,81,3,3
38589,118,111,7,7
38590,50,48,2,2
38591,81,69,12,12
38592,160,146,14,14
38593,121,106,15,15
38594,77,85,-8,8
38595,124,116,8,8
38596,140,125,15,15
38597,56,60,-4,4
38598,92,84,8,8
38599,99,94,5,5
38600,169,154,15,15
38601,102,109,-7,7
38602,149,142,7,7
38603,161,163,-2,2
38604,73,76,-3,3
38605,81,80,1,1
38606,76,74,2,2
38607,131,120,11,11
38608,155,156,-1,1
38609,87,87,0,0
38610,62,60,2,2
38611,87,75,12,12
38612,78,84,-6,6
38613,74,74,0,0
38614,49,74,-25,25
38615,92,86,6,6
38616,133,124,9,9
38617,149,140,9,9
38618,120,120,0,0
38619,89,79,10,10
38620,102,97,5,5
38621,62,65,-3,3
38622,57,50,7,7
38623,43,62,-19,19
38624,72,74,-2,2
38625,58,59,-1,1
38626,66,65,1,1
38627,73,80,-7,7
38628,112,91,21,21
38629,158,138,20,20
38630,70,79,-9,9
38631,136,125,11,11
38632,85,80,5,5
38633,37,48,-11,11
38634,87,91,-4,4
38635,130,131,-1,1
38636,88,90,-2,2
38637,57,62,-5,5
38638,117,109,8,8
38639,105,95,10,10
38640,75,77,-2,2
38641,153,146,7,7
38642,90,100,-10,10
38643,130,114,16,16
38644,86,86,0,0
38645,124,126,-2,2
38646,83,82,1,1
38647,145,122,23,23
38648,77,79,-2,2
38649,64,66,-2,2
38650,129,126,3,3
38651,109,100,9,9
38652,94,89,5,5
38653,84,79,5,5
38654,64,66,-2,2
38655,90,89,1,1
38656,171,162,9,9
38657,93,96,-3,3
38658,121,120,1,1
38659,72,80,-8,8
38660,72,85,-13,13
38661,85,85,0,0
38662,86,78,8,8
38663,93,94,-1,1
38664,94,81,13,13
38665,118,116,2,2
38666,72,62,10,10
38667,64,65,-1,1
38668,127,108,19,19
38669,64,60,4,4
38670,75,75,0,0
38671,57,64,-7,7
38672,61,64,-3,3
38673,74,85,-11,11
38674,53,69,-16,16
38675,80,83,-3,3
38676,83,80,3,3
38677,124,116,8,8
38678,81,89,-8,8
38679,84,90,-6,6
38680,128,111,17,17
38681,93,91,2,2
38682,79,85,-6,6
38683,81,96,-15,15
38684,81,82,-1,1
38685,104,102,2,2
38686,82,80,2,2
38687,84,73,11,11
38688,71,71,0,0
38689,62,64,-2,2
38690,66,71,-5,5
38691,63,65,-2,2
38692,77,80,-3,3
38693,56,59,-3,3
38694,155,144,11,11
38695,143,128,15,15
38696,75,73,2,2
38697,92,98,-6,6
38698,108,103,5,5
38699,105,98,7,7
38700,63,59,4,4
38701,117,111,6,6
38702,123,103,20,20
38703,69,74,-5,5
38704,119,122,-3,3
38705,92,98,-6,6
38706,94,85,9,9
38707,80,78,2,2
38708,101,95,6,6
38709,150,143,7,7
38710,92,83,9,9
38711,97,94,3,3
38712,100,96,4,4
38713,74,90,-16,16
38714,157,149,8,8
38715,65,73,-8,8
38716,97,89,8,8
38717,79,79,0,0
38718,86,83,3,3
38719,91,84,7,7
38720,51,50,1,1
38721,110,107,3,3
38722,106,106,0,0
38723,50,54,-4,4
38724,76,71,5,5
38725,126,120,6,6
38726,73,73,0,0
38727,80,80,0,0
38728,90,82,8,8
38729,94,78,16,16
38730,99,93,6,6
38731,140,125,15,15
38732,92,89,3,3
38733,96,96,0,0
38734,107,99,8,8
38735,120,106,14,14
38736,141,137,4,4
38737,58,62,-4,4
38738,99,94,5,5
38739,75,71,4,4
38740,118,106,12,12
38741,93,93,0,0
38742,104,89,15,15
38743,81,83,-2,2
38744,107,99,8,8
38745,91,107,-16,16
38746,87,87,0,0
38747,53,63,-10,10
38748,147,137,10,10
38749,108,97,11,11
38750,76,74,2,2
38751,59,57,2,2
38752,85,91,-6,6
38753,82,83,-1,1
38754,57,63,-6,6
38755,37,50,-13,13
38756,129,127,2,2
38757,57,53,4,4
38758,67,69,-2,2
38759,76,72,4,4
38760,85,80,5,5
38761,130,118,12,12
38762,106,101,5,5
38763,104,114,-10,10
38764,88,88,0,0
38765,65,65,0,0
38766,75,75,0,0
38767,145,127,18,18
38768,149,140,9,9
38769,44,51,-7,7
38770,69,65,4,4
38771,93,97,-4,4
38772,78,77,1,1
38773,63,67,-4,4
38774,78,87,-9,9
38775,85,80,5,5
38776,55,52,3,3
38777,73,87,-14,14
38778,107,101,6,6
38779,131,124,7,7
38780,87,85,2,2
38781,40,50,-10,10
38782,139,116,23,23
38783,85,90,-5,5
38784,163,159,4,4
38785,64,71,-7,7
38786,193,177,16,16
38787,86,92,-6,6
38788,98,100,-2,2
38789,51,58,-7,7
38790,128,120,8,8
38791,141,120,21,21
38792,84,79,5,5
38793,142,133,9,9
38794,59,66,-7,7
38795,108,97,11,11
38796,39,45,-6,6
38797,156,148,8,8
38798,107,108,-1,1
38799,99,102,-3,3
38800,166,152,14,14
38801,85,81,4,4
38802,84,83,1,1
38803,98,93,5,5
38804,76,69,7,7
38805,138,120,18,18
38806,93,85,8,8
38807,182,151,31,31
38808,149,128,21,21
38809,132,118,14,14
38810,127,113,14,14
38811,70,70,0,0
38812,57,54,3,3
38813,176,182,-6,6
38814,68,69,-1,1
38815,46,48,-2,2
38816,66,66,0,0
38817,113,119,-6,6
38818,135,134,1,1
38819,48,49,-1,1
38820,135,127,8,8
38821,70,73,-3,3
38822,91,94,-3,3
38823,125,114,11,11
38824,109,91,18,18
38825,53,54,-1,1
38826,91,85,6,6
38827,70,70,0,0
38828,65,74,-9,9
38829,125,108,17,17
38830,72,73,-1,1
38831,103,98,5,5
38832,103,89,14,14
38833,101,80,21,21
38834,117,122,-5,5
38835,63,58,5,5
38836,164,160,4,4
38837,57,67,-10,10
38838,120,117,3,3
38839,133,121,12,12
38840,83,88,-5,5
38841,64,69,-5,5
38842,102,93,9,9
38843,70,67,3,3
38844,124,129,-5,5
38845,106,92,14,14
38846,156,146,10,10
38847,67,68,-1,1
38848,147,142,5,5
38849,113,116,-3,3
38850,121,119,2,2
38851,97,92,5,5
38852,59,67,-8,8
38853,50,62,-12,12
38854,118,106,12,12
38855,56,55,1,1
38856,87,79,8,8
38857,89,95,-6,6
38858,65,70,-5,5
38859,62,65,-3,3
38860,138,131,7,7
38861,149,141,8,8
38862,69,66,3,3
38863,76,84,-8,8
38864,65,74,-9,9
38865,70,66,4,4
38866,133,133,0,0
38867,77,75,2,2
38868,93,92,1,1
38869,105,131,-26,26
38870,67,70,-3,3
38871,84,79,5,5
38872,83,93,-10,10
38873,46,45,1,1
38874,102,95,7,7
38875,80,75,5,5
38876,106,103,3,3
38877,91,91,0,0
38878,70,65,5,5
38879,213,187,26,26
38880,84,85,-1,1
38881,124,104,20,20
38882,113,105,8,8
38883,89,90,-1,1
38884,112,106,6,6
38885,78,73,5,5
38886,60,63,-3,3
38887,119,104,15,15
38888,58,62,-4,4
38889,109,97,12,12
38890,113,133,-20,20
38891,101,85,16,16
38892,61,61,0,0
38893,76,82,-6,6
38894,84,78,6,6
38895,86,89,-3,3
38896,108,97,11,11
38897,102,87,15,15
38898,151,141,10,10
38899,66,66,0,0
38900,71,65,6,6
38901,66,71,-5,5
38902,131,125,6,6
38903,49,49,0,0
38904,99,101,-2,2
38905,69,81,-12,12
38906,72,65,7,7
38907,179,157,22,22
38908,152,138,14,14
38909,70,72,-2,2
38910,63,66,-3,3
38911,104,103,1,1
38912,22,50,-28,28
38913,105,97,8,8
38914,174,167,7,7
38915,123,120,3,3
38916,34,45,-11,11
38917,76,80,-4,4
38918,114,106,8,8
38919,84,96,-12,12
38920,114,96,18,18
38921,236,201,35,35
38922,86,89,-3,3
38923,91,82,9,9
38924,109,105,4,4
38925,99,87,12,12
38926,79,72,7,7
38927,51,55,-4,4
38928,201,180,21,21
38929,60,63,-3,3
38930,89,93,-4,4
38931,84,87,-3,3
38932,40,46,-6,6
38933,68,67,1,1
38934,58,63,-5,5
38935,73,71,2,2
38936,121,120,1,1
38937,55,52,3,3
38938,91,91,0,0
38939,57,65,-8,8
38940,68,60,8,8
38941,93,75,18,18
38942,59,67,-8,8
38943,76,71,5,5
38944,99,104,-5,5
38945,85,96,-11,11
38946,113,101,12,12
38947,107,92,15,15
38948,184,165,19,19
38949,80,78,2,2
38950,99,96,3,3
38951,180,160,20,20
38952,94,101,-7,7
38953,37,42,-5,5
38954,59,70,-11,11
38955,65,64,1,1
38956,93,96,-3,3
38957,88,89,-1,1
38958,92,94,-2,2
38959,128,112,16,16
38960,111,111,0,0
38961,128,163,-35,35
38962,48,50,-2,2
38963,116,121,-5,5
38964,54,54,0,0
38965,57,68,-11,11
38966,61,65,-4,4
38967,79,80,-1,1
38968,61,60,1,1
38969,122,116,6,6
38970,89,83,6,6
38971,121,109,12,12
38972,119,109,10,10
38973,108,119,-11,11
38974,100,100,0,0
38975,58,60,-2,2
38976,106,92,14,14
38977,88,90,-2,2
38978,103,88,15,15
38979,31,41,-10,10
38980,34,55,-21,21
38981,87,86,1,1
38982,111,108,3,3
38983,101,99,2,2
38984,41,46,-5,5
38985,60,67,-7,7
38986,115,110,5,5
38987,136,132,4,4
38988,74,66,8,8
38989,84,76,8,8
38990,110,106,4,4
38991,73,75,-2,2
38992,126,112,14,14
38993,77,74,3,3
38994,129,118,11,11
38995,123,122,1,1
38996,99,90,9,9
38997,88,67,21,21
38998,61,70,-9,9
38999,74,72,2,2
39000,107,98,9,9
39001,122,110,12,12
39002,60,67,-7,7
39003,188,179,9,9
39004,84,78,6,6
39005,146,146,0,0
39006,154,149,5,5
39007,114,112,2,2
39008,117,109,8,8
39009,163,159,4,4
39010,74,74,0,0
39011,113,105,8,8
39012,68,73,-5,5
39013,137,128,9,9
39014,86,87,-1,1
39015,136,135,1,1
39016,77,72,5,5
39017,156,140,16,16
39018,146,132,14,14
39019,62,57,5,5
39020,66,77,-11,11
39021,121,119,2,2
39022,161,137,24,24
39023,102,106,-4,4
39024,67,60,7,7
39025,129,126,3,3
39026,120,123,-3,3
39027,174,167,7,7
39028,179,163,16,16
39029,92,89,3,3
39030,112,111,1,1
39031,110,96,14,14
39032,97,97,0,0
39033,68,66,2,2
39034,117,117,0,0
39035,155,136,19,19
39036,60,62,-2,2
39037,167,136,31,31
39038,115,108,7,7
39039,134,130,4,4
39040,48,51,-3,3
39041,89,81,8,8
39042,42,55,-13,13
39043,31,44,-13,13
39044,105,97,8,8
39045,138,124,14,14
39046,97,84,13,13
39047,83,84,-1,1
39048,54,55,-1,1
39049,65,65,0,0
39050,94,99,-5,5
39051,86,81,5,5
39052,88,93,-5,5
39053,63,63,0,0
39054,144,134,10,10
39055,62,65,-3,3
39056,63,79,-16,16
39057,98,94,4,4
39058,60,57,3,3
39059,49,55,-6,6
39060,96,84,12,12
39061,71,75,-4,4
39062,120,111,9,9
39063,150,127,23,23
39064,80,76,4,4
39065,58,65,-7,7
39066,64,72,-8,8
39067,140,131,9,9
39068,124,122,2,2
39069,97,86,11,11
39070,161,134,27,27
39071,50,65,-15,15
39072,101,106,-5,5
39073,44,51,-7,7
39074,99,100,-1,1
39075,171,150,21,21
39076,43,48,-5,5
39077,93,101,-8,8
39078,139,130,9,9
39079,120,113,7,7
39080,98,105,-7,7
39081,101,101,0,0
39082,80,78,2,2
39083,63,58,5,5
39084,149,145,4,4
39085,132,117,15,15
39086,71,73,-2,2
39087,92,98,-6,6
39088,61,76,-15,15
39089,110,109,1,1
39090,67,66,1,1
39091,38,69,-31,31
39092,89,106,-17,17
39093,86,87,-1,1
39094,157,159,-2,2
39095,63,70,-7,7
39096,56,62,-6,6
39097,96,99,-3,3
39098,58,65,-7,7
39099,164,153,11,11
39100,107,103,4,4
39101,131,118,13,13
39102,119,109,10,10
39103,103,100,3,3
39104,58,59,-1,1
39105,158,141,17,17
39106,148,128,20,20
39107,107,107,0,0
39108,108,93,15,15
39109,85,71,14,14
39110,76,81,-5,5
39111,72,67,5,5
39112,133,130,3,3
39113,71,73,-2,2
39114,90,78,12,12
39115,105,101,4,4
39116,107,107,0,0
39117,84,80,4,4
39118,67,73,-6,6
39119,154,144,10,10
39120,63,77,-14,14
39121,182,155,27,27
39122,130,119,11,11
39123,126,124,2,2
39124,135,124,11,11
39125,86,85,1,1
39126,90,93,-3,3
39127,69,67,2,2
39128,99,106,-7,7
39129,81,85,-4,4
39130,92,89,3,3
39131,83,81,2,2
39132,76,68,8,8
39133,79,71,8,8
39134,59,65,-6,6
39135,100,97,3,3
39136,60,70,-10,10
39137,76,77,-1,1
39138,110,96,14,14
39139,112,107,5,5
39140,93,94,-1,1
39141,101,101,0,0
39142,107,106,1,1
39143,180,162,18,18
39144,109,107,2,2
39145,85,79,6,6
39146,123,114,9,9
39147,90,91,-1,1
39148,118,113,5,5
39149,108,100,8,8
39150,95,93,2,2
39151,119,108,11,11
39152,115,91,24,24
39153,145,132,13,13
39154,46,61,-15,15
39155,59,64,-5,5
39156,127,129,-2,2
39157,114,110,4,4
39158,101,98,3,3
39159,134,127,7,7
39160,99,97,2,2
39161,143,132,11,11
39162,136,127,9,9
39163,152,141,11,11
39164,103,95,8,8
39165,79,77,2,2
39166,83,79,4,4
39167,125,108,17,17
39168,74,88,-14,14
39169,44,48,-4,4
39170,100,104,-4,4
39171,111,105,6,6
39172,65,62,3,3
39173,102,98,4,4
39174,109,99,10,10
39175,80,74,6,6
39176,117,110,7,7
39177,121,112,9,9
39178,154,142,12,12
39179,55,62,-7,7
39180,90,92,-2,2
39181,137,110,27,27
39182,53,57,-4,4
39183,137,136,1,1
39184,64,67,-3,3
39185,133,116,17,17
39186,38,39,-1,1
39187,105,89,16,16
39188,45,51,-6,6
39189,133,120,13,13
39190,121,116,5,5
39191,138,122,16,16
39192,84,73,11,11
39193,79,81,-2,2
39194,48,52,-4,4
39195,51,60,-9,9
39196,90,91,-1,1
39197,79,77,2,2
39198,73,68,5,5
39199,82,72,10,10
39200,90,93,-3,3
39201,98,76,22,22
39202,56,59,-3,3
39203,100,93,7,7
39204,55,70,-15,15
39205,116,122,-6,6
39206,61,58,3,3
39207,77,73,4,4
39208,131,120,11,11
39209,115,119,-4,4
39210,94,88,6,6
39211,80,79,1,1
39212,57,55,2,2
39213,112,103,9,9
39214,98,90,8,8
39215,136,135,1,1
39216,125,106,19,19
39217,90,96,-6,6
39218,81,83,-2,2
39219,123,117,6,6
39220,114,116,-2,2
39221,35,62,-27,27
39222,55,55,0,0
39223,110,103,7,7
39224,52,53,-1,1
39225,191,169,22,22
39226,48,60,-12,12
39227,70,67,3,3
39228,116,112,4,4
39229,114,113,1,1
39230,71,74,-3,3
39231,130,112,18,18
39232,92,90,2,2
39233,111,113,-2,2
39234,150,141,9,9
39235,112,129,-17,17
39236,85,83,2,2
39237,75,75,0,0
39238,64,66,-2,2
39239,65,67,-2,2
39240,164,149,15,15
39241,63,60,3,3
39242,105,100,5,5
39243,96,95,1,1
39244,102,86,16,16
39245,84,72,12,12
39246,72,83,-11,11
39247,118,120,-2,2
39248,110,107,3,3
39249,81,84,-3,3
39250,109,112,-3,3
39251,76,71,5,5
39252,64,66,-2,2
39253,133,116,17,17
39254,143,125,18,18
39255,72,74,-2,2
39256,74,84,-10,10
39257,41,46,-5,5
39258,65,67,-2,2
39259,73,66,7,7
39260,63,70,-7,7
39261,175,155,20,20
39262,85,94,-9,9
39263,82,81,1,1
39264,48,51,-3,3
39265,97,88,9,9
39266,86,91,-5,5
39267,66,69,-3,3
39268,80,75,5,5
39269,84,84,0,0
39270,90,88,2,2
39271,76,82,-6,6
39272,90,91,-1,1
39273,128,129,-1,1
39274,76,85,-9,9
39275,84,79,5,5
39276,116,113,3,3
39277,72,77,-5,5
39278,88,82,6,6
39279,58,53,5,5
39280,80,74,6,6
39281,122,109,13,13
39282,84,89,-5,5
39283,62,66,-4,4
39284,78,73,5,5
39285,113,109,4,4
39286,152,140,12,12
39287,68,73,-5,5
39288,72,66,6,6
39289,104,104,0,0
39290,100,96,4,4
39291,92,85,7,7
39292,95,82,13,13
39293,66,62,4,4
39294,78,81,-3,3
39295,117,101,16,16
39296,109,89,20,20
39297,157,135,22,22
39298,100,85,15,15
39299,101,90,11,11
39300,68,62,6,6
39301,137,114,23,23
39302,144,145,-1,1
39303,152,145,7,7
39304,121,106,15,15
39305,83,85,-2,2
39306,86,97,-11,11
39307,72,66,6,6
39308,82,92,-10,10
39309,115,105,10,10
39310,44,45,-1,1
39311,130,132,-2,2
39312,84,85,-1,1
39313,104,97,7,7
39314,70,66,4,4
39315,152,125,27,27
39316,66,67,-1,1
39317,137,110,27,27
39318,86,81,5,5
39319,130,111,19,19
39320,105,93,12,12
39321,79,79,0,0
39322,79,76,3,3
39323,68,65,3,3
39324,86,80,6,6
39325,90,95,-5,5
39326,174,151,23,23
39327,41,47,-6,6
39328,109,92,17,17
39329,98,87,11,11
39330,79,82,-3,3
39331,107,113,-6,6
39332,138,132,6,6
39333,49,42,7,7
39334,68,75,-7,7
39335,465,342,123,123
39336,102,89,13,13
39337,108,110,-2,2
39338,98,99,-1,1
39339,70,62,8,8
39340,90,90,0,0
39341,103,99,4,4
39342,84,73,11,11
39343,128,132,-4,4
39344,205,180,25,25
39345,149,132,17,17
39346,51,55,-4,4
39347,64,66,-2,2
39348,155,137,18,18
39349,61,68,-7,7
39350,91,89,2,2
39351,69,76,-7,7
39352,51,65,-14,14
39353,59,56,3,3
39354,110,95,15,15
39355,145,125,20,20
39356,86,95,-9,9
39357,192,182,10,10
39358,80,68,12,12
39359,62,62,0,0
39360,116,114,2,2
39361,94,101,-7,7
39362,60,60,0,0
39363,128,139,-11,11
39364,129,123,6,6
39365,111,108,3,3
39366,137,129,8,8
39367,164,140,24,24
39368,119,107,12,12
39369,90,87,3,3
39370,114,118,-4,4
39371,26,30,-4,4
39372,107,107,0,0
39373,68,67,1,1
39374,118,117,1,1
39375,124,116,8,8
39376,170,154,16,16
39377,61,65,-4,4
39378,136,131,5,5
39379,196,148,48,48
39380,87,74,13,13
39381,95,106,-11,11
39382,108,102,6,6
39383,151,140,11,11
39384,67,68,-1,1
39385,149,140,9,9
39386,113,105,8,8
39387,50,68,-18,18
39388,79,87,-8,8
39389,103,99,4,4
39390,80,77,3,3
39391,172,165,7,7
39392,105,111,-6,6
39393,82,82,0,0
39394,47,48,-1,1
39395,54,50,4,4
39396,80,70,10,10
39397,64,61,3,3
39398,150,134,16,16
39399,134,123,11,11
39400,61,71,-10,10
39401,108,103,5,5
39402,116,116,0,0
39403,101,116,-15,15
39404,81,80,1,1
39405,90,90,0,0
39406,71,74,-3,3
39407,119,111,8,8
39408,133,131,2,2
39409,125,131,-6,6
39410,70,68,2,2
39411,182,162,20,20
39412,114,117,-3,3
39413,136,140,-4,4
39414,76,79,-3,3
39415,114,98,16,16
39416,46,53,-7,7
39417,97,109,-12,12
39418,70,75,-5,5
39419,63,53,10,10
39420,100,91,9,9
39421,114,103,11,11
39422,52,53,-1,1
39423,130,126,4,4
39424,108,93,15,15
39425,133,115,18,18
39426,26,43,-17,17
39427,75,77,-2,2
39428,112,116,-4,4
39429,73,66,7,7
39430,44,53,-9,9
39431,75,76,-1,1
39432,93,92,1,1
39433,60,72,-12,12
39434,83,81,2,2
39435,140,125,15,15
39436,100,101,-1,1
39437,107,94,13,13
39438,95,81,14,14
39439,111,97,14,14
39440,112,100,12,12
39441,67,73,-6,6
39442,52,53,-1,1
39443,113,97,16,16
39444,77,75,2,2
39445,135,126,9,9
39446,61,60,1,1
39447,58,70,-12,12
39448,60,65,-5,5
39449,100,93,7,7
39450,49,57,-8,8
39451,71,70,1,1
39452,104,102,2,2
39453,49,52,-3,3
39454,141,133,8,8
39455,113,111,2,2
39456,74,69,5,5
39457,135,133,2,2
39458,61,65,-4,4
39459,115,113,2,2
39460,89,95,-6,6
39461,76,74,2,2
39462,111,118,-7,7
39463,61,72,-11,11
39464,54,50,4,4
39465,95,103,-8,8
39466,125,122,3,3
39467,168,160,8,8
39468,71,66,5,5
39469,80,79,1,1
39470,224,212,12,12
39471,87,88,-1,1
39472,65,67,-2,2
39473,130,129,1,1
39474,111,112,-1,1
39475,76,70,6,6
39476,111,102,9,9
39477,88,95,-7,7
39478,97,95,2,2
39479,118,115,3,3
39480,93,78,15,15
39481,131,117,14,14
39482,82,86,-4,4
39483,153,137,16,16
39484,76,79,-3,3
39485,105,109,-4,4
39486,38,42,-4,4
39487,56,66,-10,10
39488,75,72,3,3
39489,40,41,-1,1
39490,139,134,5,5
39491,78,94,-16,16
39492,72,72,0,0
39493,123,130,-7,7
39494,71,66,5,5
39495,144,136,8,8
39496,51,57,-6,6
39497,63,60,3,3
39498,51,55,-4,4
39499,98,91,7,7
39500,83,81,2,2
39501,75,88,-13,13
39502,108,106,2,2
39503,100,108,-8,8
39504,61,55,6,6
39505,76,78,-2,2
39506,156,223,-67,67
39507,69,70,-1,1
39508,219,196,23,23
39509,112,111,1,1
39510,86,90,-4,4
39511,53,50,3,3
39512,108,102,6,6
39513,82,80,2,2
39514,89,77,12,12
39515,125,114,11,11
39516,96,115,-19,19
39517,113,106,7,7
39518,61,73,-12,12
39519,39,45,-6,6
39520,65,77,-12,12
39521,101,99,2,2
39522,188,159,29,29
39523,73,71,2,2
39524,51,66,-15,15
39525,126,120,6,6
39526,95,112,-17,17
39527,85,102,-17,17
39528,112,100,12,12
39529,117,116,1,1
39530,109,92,17,17
39531,47,54,-7,7
39532,63,76,-13,13
39533,92,91,1,1
39534,78,78,0,0
39535,100,91,9,9
39536,137,122,15,15
39537,163,149,14,14
39538,74,79,-5,5
39539,64,76,-12,12
39540,87,76,11,11
39541,87,90,-3,3
39542,120,125,-5,5
39543,129,117,12,12
39544,137,129,8,8
39545,65,63,2,2
39546,67,67,0,0
39547,83,82,1,1
39548,91,87,4,4
39549,88,81,7,7
39550,47,48,-1,1
39551,119,114,5,5
39552,76,74,2,2
39553,96,91,5,5
39554,69,76,-7,7
39555,91,89,2,2
39556,95,92,3,3
39557,89,96,-7,7
39558,89,83,6,6
39559,106,102,4,4
39560,86,70,16,16
39561,119,106,13,13
39562,76,81,-5,5
39563,95,88,7,7
39564,93,84,9,9
39565,93,75,18,18
39566,87,87,0,0
39567,142,142,0,0
39568,81,81,0,0
39569,54,51,3,3
39570,131,118,13,13
39571,53,56,-3,3
39572,132,128,4,4
39573,83,81,2,2
39574,77,67,10,10
39575,86,90,-4,4
39576,135,121,14,14
39577,114,108,6,6
39578,75,84,-9,9
39579,62,73,-11,11
39580,96,89,7,7
39581,88,81,7,7
39582,58,58,0,0
39583,55,63,-8,8
39584,70,68,2,2
39585,162,144,18,18
39586,98,87,11,11
39587,73,66,7,7
39588,52,57,-5,5
39589,86,81,5,5
39590,133,115,18,18
39591,102,100,2,2
39592,137,131,6,6
39593,58,54,4,4
39594,94,79,15,15
39595,158,141,17,17
39596,88,86,2,2
39597,81,90,-9,9
39598,88,74,14,14
39599,170,167,3,3
39600,132,122,10,10
39601,160,151,9,9
39602,69,72,-3,3
39603,78,77,1,1
39604,47,67,-20,20
39605,122,117,5,5
39606,46,59,-13,13
39607,81,84,-3,3
39608,173,172,1,1
39609,36,101,-65,65
39610,84,77,7,7
39611,118,99,19,19
39612,113,98,15,15
39613,162,153,9,9
39614,98,101,-3,3
39615,96,90,6,6
39616,71,75,-4,4
39617,68,66,2,2
39618,85,80,5,5
39619,34,66,-32,32
39620,69,80,-11,11
39621,69,73,-4,4
39622,128,115,13,13
39623,99,102,-3,3
39624,121,119,2,2
39625,179,159,20,20
39626,92,96,-4,4
39627,171,170,1,1
39628,94,96,-2,2
39629,112,113,-1,1
39630,79,72,7,7
39631,57,66,-9,9
39632,72,82,-10,10
39633,161,133,28,28
39634,132,123,9,9
39635,126,111,15,15
39636,78,81,-3,3
39637,72,68,4,4
39638,88,91,-3,3
39639,93,88,5,5
39640,56,57,-1,1
39641,179,154,25,25
39642,99,91,8,8
39643,143,123,20,20
39644,25,40,-15,15
39645,85,76,9,9
39646,50,52,-2,2
39647,110,104,6,6
39648,133,121,12,12
39649,103,93,10,10
39650,149,143,6,6
39651,146,146,0,0
39652,65,69,-4,4
39653,117,127,-10,10
39654,53,51,2,2
39655,155,134,21,21
39656,127,119,8,8
39657,87,89,-2,2
39658,167,149,18,18
39659,74,71,3,3
39660,65,72,-7,7
39661,50,53,-3,3
39662,109,105,4,4
39663,65,66,-1,1
39664,98,91,7,7
39665,128,120,8,8
39666,132,128,4,4
39667,174,170,4,4
39668,81,83,-2,2
39669,69,72,-3,3
39670,77,70,7,7
39671,69,68,1,1
39672,68,73,-5,5
39673,132,130,2,2
39674,152,158,-6,6
39675,87,86,1,1
39676,30,42,-12,12
39677,98,85,13,13
39678,99,93,6,6
39679,116,113,3,3
39680,100,95,5,5
39681,137,124,13,13
39682,63,65,-2,2
39683,82,89,-7,7
39684,99,112,-13,13
39685,58,63,-5,5
39686,68,66,2,2
39687,121,109,12,12
39688,91,80,11,11
39689,61,78,-17,17
39690,46,50,-4,4
39691,107,113,-6,6
39692,80,77,3,3
39693,78,80,-2,2
39694,83,77,6,6
39695,139,131,8,8
39696,113,109,4,4
39697,109,110,-1,1
39698,168,155,13,13
39699,148,136,12,12
39700,90,82,8,8
39701,49,54,-5,5
39702,91,96,-5,5
39703,48,49,-1,1
39704,99,102,-3,3
39705,125,124,1,1
39706,77,93,-16,16
39707,89,88,1,1
39708,85,76,9,9
39709,85,78,7,7
39710,60,66,-6,6
39711,100,97,3,3
39712,61,65,-4,4
39713,87,87,0,0
39714,79,81,-2,2
39715,48,50,-2,2
39716,90,97,-7,7
39717,85,79,6,6
39718,77,73,4,4
39719,56,62,-6,6
39720,55,55,0,0
39721,148,135,13,13
39722,108,98,10,10
39723,69,64,5,5
39724,151,136,15,15
39725,98,82,16,16
39726,87,86,1,1
39727,76,73,3,3
39728,84,79,5,5
39729,39,45,-6,6
39730,105,100,5,5
39731,68,92,-24,24
39732,58,72,-14,14
39733,81,80,1,1
39734,108,107,1,1
39735,98,100,-2,2
39736,148,124,24,24
39737,71,73,-2,2
39738,108,99,9,9
39739,68,75,-7,7
39740,82,85,-3,3
39741,159,140,19,19
39742,109,96,13,13
39743,113,105,8,8
39744,106,101,5,5
39745,124,111,13,13
39746,74,74,0,0
39747,23,35,-12,12
39748,94,85,9,9
39749,69,69,0,0
39750,63,73,-10,10
39751,49,57,-8,8
39752,83,80,3,3
39753,65,60,5,5
39754,122,92,30,30
39755,110,105,5,5
39756,145,136,9,9
39757,128,108,20,20
39758,61,56,5,5
39759,135,124,11,11
39760,62,51,11,11
39761,143,120,23,23
39762,59,62,-3,3
39763,133,124,9,9
39764,84,90,-6,6
39765,127,117,10,10
39766,75,74,1,1
39767,128,118,10,10
39768,85,92,-7,7
39769,127,110,17,17
39770,66,75,-9,9
39771,45,52,-7,7
39772,89,90,-1,1
39773,82,80,2,2
39774,98,90,8,8
39775,51,66,-15,15
39776,112,111,1,1
39777,70,73,-3,3
39778,75,56,19,19
39779,97,94,3,3
39780,59,76,-17,17
39781,51,46,5,5
39782,53,55,-2,2
39783,56,72,-16,16
39784,67,60,7,7
39785,66,70,-4,4
39786,89,85,4,4
39787,94,82,12,12
39788,77,81,-4,4
39789,41,44,-3,3
39790,85,81,4,4
39791,72,68,4,4
39792,108,107,1,1
39793,105,100,5,5
39794,67,71,-4,4
39795,97,90,7,7
39796,76,74,2,2
39797,133,139,-6,6
39798,93,89,4,4
39799,40,48,-8,8
39800,66,62,4,4
39801,43,47,-4,4
39802,145,128,17,17
39803,135,115,20,20
39804,64,67,-3,3
39805,76,90,-14,14
39806,55,55,0,0
39807,78,72,6,6
39808,103,98,5,5
39809,141,140,1,1
39810,152,149,3,3
39811,110,119,-9,9
39812,122,111,11,11
39813,78,79,-1,1
39814,82,80,2,2
39815,104,89,15,15
39816,112,104,8,8
39817,69,66,3,3
39818,48,52,-4,4
39819,60,65,-5,5
39820,54,52,2,2
39821,128,115,13,13
39822,61,57,4,4
39823,108,120,-12,12
39824,86,88,-2,2
39825,74,81,-7,7
39826,168,157,11,11
39827,76,72,4,4
39828,80,81,-1,1
39829,96,90,6,6
39830,74,69,5,5
39831,59,55,4,4
39832,143,136,7,7
39833,68,58,10,10
39834,76,78,-2,2
39835,97,98,-1,1
39836,66,66,0,0
39837,94,88,6,6
39838,159,148,11,11
39839,76,66,10,10
39840,121,121,0,0
39841,123,122,1,1
39842,80,78,2,2
39843,77,77,0,0
39844,52,61,-9,9
39845,115,118,-3,3
39846,180,152,28,28
39847,70,68,2,2
39848,79,83,-4,4
39849,112,97,15,15
39850,89,90,-1,1
39851,83,80,3,3
39852,108,110,-2,2
39853,67,68,-1,1
39854,86,82,4,4
39855,82,87,-5,5
39856,156,147,9,9
39857,141,126,15,15
39858,154,145,9,9
39859,63,65,-2,2
39860,52,52,0,0
39861,122,109,13,13
39862,69,78,-9,9
39863,93,88,5,5
39864,106,109,-3,3
39865,76,87,-11,11
39866,97,85,12,12
39867,96,93,3,3
39868,116,114,2,2
39869,98,97,1,1
39870,89,84,5,5
39871,137,131,6,6
39872,88,75,13,13
39873,115,111,4,4
39874,135,127,8,8
39875,99,99,0,0
39876,68,72,-4,4
39877,98,96,2,2
39878,119,112,7,7
39879,77,72,5,5
39880,74,80,-6,6
39881,115,107,8,8
39882,67,67,0,0
39883,79,83,-4,4
39884,107,107,0,0
39885,83,81,2,2
39886,74,81,-7,7
39887,160,151,9,9
39888,56,66,-10,10
39889,74,75,-1,1
39890,95,96,-1,1
39891,141,142,-1,1
39892,98,96,2,2
39893,84,83,1,1
39894,118,109,9,9
39895,58,54,4,4
39896,54,64,-10,10
39897,74,75,-1,1
39898,69,71,-2,2
39899,123,105,18,18
39900,59,58,1,1
39901,50,55,-5,5
39902,56,53,3,3
39903,55,67,-12,12
39904,145,125,20,20
39905,89,85,4,4
39906,74,67,7,7
39907,67,70,-3,3
39908,100,101,-1,1
39909,99,99,0,0
39910,64,70,-6,6
39911,49,60,-11,11
39912,144,138,6,6
39913,65,65,0,0
39914,57,57,0,0
39915,74,78,-4,4
39916,82,86,-4,4
39917,80,74,6,6
39918,167,177,-10,10
39919,55,48,7,7
39920,98,100,-2,2
39921,69,71,-2,2
39922,60,64,-4,4
39923,149,137,12,12
39924,170,156,14,14
39925,56,61,-5,5
39926,120,110,10,10
39927,114,111,3,3
39928,123,117,6,6
39929,67,75,-8,8
39930,145,138,7,7
39931,72,74,-2,2
39932,85,81,4,4
39933,117,113,4,4
39934,87,104,-17,17
39935,66,72,-6,6
39936,116,119,-3,3
39937,53,66,-13,13
39938,109,102,7,7
39939,26,40,-14,14
39940,51,52,-1,1
39941,65,58,7,7
39942,89,79,10,10
39943,110,91,19,19
39944,70,71,-1,1
39945,46,53,-7,7
39946,119,111,8,8
39947,127,115,12,12
39948,95,88,7,7
39949,68,69,-1,1
39950,73,71,2,2
39951,112,102,10,10
39952,152,154,-2,2
39953,83,80,3,3
39954,115,108,7,7
39955,131,104,27,27
39956,49,47,2,2
39957,118,96,22,22
39958,94,81,13,13
39959,120,116,4,4
39960,64,76,-12,12
39961,145,132,13,13
39962,63,67,-4,4
39963,62,63,-1,1
39964,55,52,3,3
39965,113,116,-3,3
39966,62,69,-7,7
39967,80,76,4,4
39968,100,91,9,9
39969,72,77,-5,5
39970,75,71,4,4
39971,104,98,6,6
39972,56,55,1,1
39973,116,125,-9,9
39974,87,89,-2,2
39975,109,102,7,7
39976,107,110,-3,3
39977,63,68,-5,5
39978,127,125,2,2
39979,124,106,18,18
39980,67,70,-3,3
39981,229,178,51,51
39982,144,122,22,22
39983,110,109,1,1
39984,70,67,3,3
39985,102,97,5,5
39986,153,129,24,24
39987,82,80,2,2
39988,50,51,-1,1
39989,54,62,-8,8
39990,97,89,8,8
39991,75,82,-7,7
39992,83,75,8,8
39993,88,79,9,9
39994,129,116,13,13
39995,91,76,15,15
39996,115,100,15,15
39997,96,92,4,4
39998,177,167,10,10
39999,109,104,5,5
40000,91,88,3,3
40001,102,97,5,5
40002,75,67,8,8
40003,67,68,-1,1
40004,85,85,0,0
40005,133,118,15,15
40006,122,114,8,8
40007,99,97,2,2
40008,72,74,-2,2
40009,80,81,-1,1
40010,61,65,-4,4
40011,118,107,11,11
40012,112,109,3,3
40013,69,76,-7,7
40014,156,148,8,8
40015,140,134,6,6
40016,55,55,0,0
40017,85,89,-4,4
40018,104,94,10,10
40019,113,102,11,11
40020,61,69,-8,8
40021,110,113,-3,3
40022,142,119,23,23
40023,93,88,5,5
40024,49,53,-4,4
40025,139,135,4,4
40026,42,48,-6,6
40027,80,74,6,6
40028,138,129,9,9
40029,148,142,6,6
40030,28,46,-18,18
40031,54,59,-5,5
40032,85,75,10,10
40033,84,81,3,3
40034,161,137,24,24
40035,80,77,3,3
40036,108,117,-9,9
40037,91,88,3,3
40038,92,84,8,8
40039,92,97,-5,5
40040,91,92,-1,1
40041,146,127,19,19
40042,59,68,-9,9
40043,109,97,12,12
40044,67,70,-3,3
40045,89,89,0,0
40046,156,139,17,17
40047,106,96,10,10
40048,71,74,-3,3
40049,161,147,14,14
40050,97,91,6,6
40051,95,87,8,8
40052,128,123,5,5
40053,79,88,-9,9
40054,127,131,-4,4
40055,88,89,-1,1
40056,63,66,-3,3
40057,47,50,-3,3
40058,67,79,-12,12
40059,44,43,1,1
40060,70,65,5,5
40061,59,55,4,4
40062,115,112,3,3
40063,123,125,-2,2
40064,49,54,-5,5
40065,81,80,1,1
40066,55,59,-4,4
40067,105,93,12,12
40068,120,117,3,3
40069,95,97,-2,2
40070,73,79,-6,6
40071,76,80,-4,4
40072,95,88,7,7
40073,35,45,-10,10
40074,85,80,5,5
40075,65,78,-13,13
40076,125,122,3,3
40077,62,63,-1,1
40078,95,96,-1,1
40079,139,131,8,8
40080,77,83,-6,6
40081,65,67,-2,2
40082,53,57,-4,4
40083,83,70,13,13
40084,62,52,10,10
40085,74,74,0,0
40086,32,40,-8,8
40087,67,67,0,0
40088,134,118,16,16
40089,78,83,-5,5
40090,88,84,4,4
40091,81,86,-5,5
40092,60,65,-5,5
40093,117,99,18,18
40094,61,66,-5,5
40095,147,138,9,9
40096,217,185,32,32
40097,84,83,1,1
40098,67,68,-1,1
40099,158,168,-10,10
40100,51,56,-5,5
40101,91,90,1,1
40102,72,69,3,3
40103,121,118,3,3
40104,76,70,6,6
40105,117,108,9,9
40106,63,56,7,7
40107,82,88,-6,6
40108,87,96,-9,9
40109,77,72,5,5
40110,67,70,-3,3
40111,129,102,27,27
40112,56,60,-4,4
40113,60,66,-6,6
40114,130,112,18,18
40115,106,113,-7,7
40116,73,66,7,7
40117,89,86,3,3
40118,85,91,-6,6
40119,71,67,4,4
40120,206,194,12,12
40121,142,142,0,0
40122,106,105,1,1
40123,98,95,3,3
40124,60,70,-10,10
40125,113,110,3,3
40126,57,63,-6,6
40127,73,71,2,2
40128,186,148,38,38
40129,87,89,-2,2
40130,122,109,13,13
40131,80,85,-5,5
40132,130,114,16,16
40133,106,100,6,6
40134,175,187,-12,12
40135,135,130,5,5
40136,115,106,9,9
40137,80,76,4,4
40138,125,108,17,17
40139,85,95,-10,10
40140,85,76,9,9
40141,143,133,10,10
40142,92,87,5,5
40143,74,60,14,14
40144,66,77,-11,11
40145,68,67,1,1
40146,103,95,8,8
40147,82,83,-1,1
40148,57,59,-2,2
40149,102,107,-5,5
40150,117,113,4,4
40151,79,83,-4,4
40152,179,152,27,27
40153,111,113,-2,2
40154,59,65,-6,6
40155,90,84,6,6
40156,82,104,-22,22
40157,120,111,9,9
40158,89,88,1,1
40159,76,74,2,2
40160,74,69,5,5
40161,54,58,-4,4
40162,51,53,-2,2
40163,71,74,-3,3
40164,116,94,22,22
40165,84,77,7,7
40166,107,99,8,8
40167,83,78,5,5
40168,170,155,15,15
40169,118,113,5,5
40170,115,106,9,9
40171,78,88,-10,10
40172,155,143,12,12
40173,143,142,1,1
40174,80,86,-6,6
40175,64,75,-11,11
40176,97,88,9,9
40177,92,91,1,1
40178,63,66,-3,3
40179,196,166,30,30
40180,70,81,-11,11
40181,95,91,4,4
40182,73,74,-1,1
40183,64,73,-9,9
40184,86,97,-11,11
40185,93,95,-2,2
40186,81,75,6,6
40187,132,103,29,29
40188,89,70,19,19
40189,80,72,8,8
40190,61,65,-4,4
40191,148,149,-1,1
40192,104,97,7,7
40193,105,104,1,1
40194,94,85,9,9
40195,72,76,-4,4
40196,71,69,2,2
40197,115,109,6,6
40198,100,92,8,8
40199,64,65,-1,1
40200,88,84,4,4
40201,175,173,2,2
40202,153,154,-1,1
40203,58,53,5,5
40204,143,141,2,2
40205,49,49,0,0
40206,62,56,6,6
40207,72,72,0,0
40208,112,106,6,6
40209,90,81,9,9
40210,88,81,7,7
40211,92,85,7,7
40212,25,47,-22,22
40213,97,94,3,3
40214,133,118,15,15
40215,86,87,-1,1
40216,81,79,2,2
40217,164,147,17,17
40218,64,59,5,5
40219,79,73,6,6
40220,108,102,6,6
40221,62,72,-10,10
40222,84,83,1,1
40223,187,178,9,9
40224,70,77,-7,7
40225,119,105,14,14
40226,86,90,-4,4
40227,118,110,8,8
40228,79,83,-4,4
40229,77,77,0,0
40230,85,90,-5,5
40231,107,90,17,17
40232,76,79,-3,3
40233,54,47,7,7
40234,66,66,0,0
40235,64,70,-6,6
40236,56,56,0,0
40237,147,151,-4,4
40238,92,76,16,16
40239,119,109,10,10
40240,61,74,-13,13
40241,112,103,9,9
40242,116,119,-3,3
40243,68,77,-9,9
40244,153,140,13,13
40245,114,120,-6,6
40246,115,110,5,5
40247,91,92,-1,1
40248,68,73,-5,5
40249,111,103,8,8
40250,79,68,11,11
40251,57,68,-11,11
40252,114,114,0,0
40253,66,72,-6,6
40254,96,83,13,13
40255,83,95,-12,12
40256,93,79,14,14
40257,83,76,7,7
40258,80,74,6,6
40259,82,79,3,3
40260,114,111,3,3
40261,49,60,-11,11
40262,67,74,-7,7
40263,79,76,3,3
40264,77,78,-1,1
40265,64,69,-5,5
40266,177,162,15,15
40267,71,75,-4,4
40268,99,88,11,11
40269,90,85,5,5
40270,107,102,5,5
40271,103,92,11,11
40272,144,136,8,8
40273,81,75,6,6
40274,69,68,1,1
40275,63,83,-20,20
40276,105,104,1,1
40277,100,89,11,11
40278,118,119,-1,1
40279,89,78,11,11
40280,90,83,7,7
40281,88,91,-3,3
40282,69,65,4,4
40283,59,52,7,7
40284,84,79,5,5
40285,143,140,3,3
40286,112,119,-7,7
40287,143,148,-5,5
40288,78,85,-7,7
40289,38,46,-8,8
40290,107,90,17,17
40291,57,64,-7,7
40292,62,105,-43,43
40293,79,80,-1,1
40294,72,77,-5,5
40295,85,80,5,5
40296,83,84,-1,1
40297,69,70,-1,1
40298,62,61,1,1
40299,80,84,-4,4
40300,55,65,-10,10
40301,77,70,7,7
40302,77,102,-25,25
40303,81,89,-8,8
40304,88,81,7,7
40305,75,87,-12,12
40306,103,101,2,2
40307,63,65,-2,2
40308,115,100,15,15
40309,149,145,4,4
40310,48,51,-3,3
40311,67,64,3,3
40312,167,141,26,26
40313,116,112,4,4
40314,40,50,-10,10
40315,93,91,2,2
40316,98,87,11,11
40317,105,96,9,9
40318,150,131,19,19
40319,174,146,28,28
40320,156,127,29,29
40321,61,90,-29,29
40322,124,127,-3,3
40323,61,59,2,2
40324,58,56,2,2
40325,147,145,2,2
40326,80,89,-9,9
40327,115,101,14,14
40328,139,134,5,5
40329,73,75,-2,2
40330,208,198,10,10
40331,92,97,-5,5
40332,63,56,7,7
40333,126,113,13,13
40334,31,41,-10,10
40335,55,73,-18,18
40336,154,141,13,13
40337,110,105,5,5
40338,62,59,3,3
40339,124,112,12,12
40340,81,76,5,5
40341,78,67,11,11
40342,122,129,-7,7
40343,110,116,-6,6
40344,100,84,16,16
40345,112,105,7,7
40346,58,54,4,4
40347,92,84,8,8
40348,143,134,9,9
40349,76,73,3,3
40350,62,72,-10,10
40351,72,77,-5,5
40352,96,94,2,2
40353,98,93,5,5
40354,209,178,31,31
40355,81,79,2,2
40356,65,70,-5,5
40357,111,97,14,14
40358,158,136,22,22
40359,106,104,2,2
40360,124,108,16,16
40361,90,83,7,7
40362,95,88,7,7
40363,86,91,-5,5
40364,89,83,6,6
40365,59,69,-10,10
40366,132,115,17,17
40367,91,74,17,17
40368,90,81,9,9
40369,85,84,1,1
40370,77,89,-12,12
40371,68,58,10,10
40372,77,85,-8,8
40373,125,123,2,2
40374,53,54,-1,1
40375,100,101,-1,1
40376,128,123,5,5
40377,78,73,5,5
40378,73,88,-15,15
40379,79,78,1,1
40380,89,93,-4,4
40381,101,97,4,4
40382,93,104,-11,11
40383,93,94,-1,1
40384,62,65,-3,3
40385,113,111,2,2
40386,117,108,9,9
40387,133,120,13,13
40388,107,110,-3,3
40389,64,89,-25,25
40390,48,53,-5,5
40391,103,100,3,3
40392,91,97,-6,6
40393,121,122,-1,1
40394,109,106,3,3
40395,92,90,2,2
40396,118,102,16,16
40397,82,86,-4,4
40398,76,66,10,10
40399,98,91,7,7
40400,118,104,14,14
40401,124,126,-2,2
40402,120,95,25,25
40403,85,92,-7,7
40404,112,104,8,8
40405,88,89,-1,1
40406,65,59,6,6
40407,48,50,-2,2
40408,66,74,-8,8
40409,106,82,24,24
40410,174,133,41,41
40411,161,146,15,15
40412,42,76,-34,34
40413,65,72,-7,7
40414,47,56,-9,9
40415,100,109,-9,9
40416,91,89,2,2
40417,59,62,-3,3
40418,77,86,-9,9
40419,83,77,6,6
40420,91,86,5,5
40421,91,84,7,7
40422,163,152,11,11
40423,89,84,5,5
40424,144,147,-3,3
40425,107,110,-3,3
40426,75,73,2,2
40427,210,200,10,10
40428,168,153,15,15
40429,116,108,8,8
40430,67,76,-9,9
40431,66,71,-5,5
40432,23,39,-16,16
40433,99,92,7,7
40434,66,66,0,0
40435,56,58,-2,2
40436,92,88,4,4
40437,132,123,9,9
40438,67,77,-10,10
40439,42,42,0,0
40440,123,121,2,2
40441,44,47,-3,3
40442,117,112,5,5
40443,109,105,4,4
40444,106,98,8,8
40445,92,92,0,0
40446,88,80,8,8
40447,74,76,-2,2
40448,114,122,-8,8
40449,146,127,19,19
40450,105,98,7,7
40451,91,91,0,0
40452,124,116,8,8
40453,178,161,17,17
40454,98,89,9,9
40455,145,146,-1,1
40456,76,79,-3,3
40457,100,98,2,2
40458,128,105,23,23
40459,152,141,11,11
40460,40,48,-8,8
40461,65,73,-8,8
40462,107,109,-2,2
40463,90,85,5,5
40464,100,105,-5,5
40465,71,79,-8,8
40466,55,64,-9,9
40467,80,75,5,5
40468,131,114,17,17
40469,28,43,-15,15
40470,93,94,-1,1
40471,149,153,-4,4
40472,88,89,-1,1
40473,50,58,-8,8
40474,82,91,-9,9
40475,125,114,11,11
40476,131,112,19,19
40477,93,98,-5,5
40478,83,81,2,2
40479,149,147,2,2
40480,74,80,-6,6
40481,124,123,1,1
40482,174,146,28,28
40483,83,106,-23,23
40484,119,116,3,3
40485,85,79,6,6
40486,70,66,4,4
40487,197,183,14,14
40488,131,120,11,11
40489,130,114,16,16
40490,73,78,-5,5
40491,97,94,3,3
40492,85,91,-6,6
40493,198,167,31,31
40494,100,92,8,8
40495,81,98,-17,17
40496,71,75,-4,4
40497,97,96,1,1
40498,77,88,-11,11
40499,88,86,2,2
40500,90,81,9,9
40501,74,78,-4,4
40502,70,72,-2,2
40503,63,59,4,4
40504,149,132,17,17
40505,97,85,12,12
40506,65,73,-8,8
40507,81,80,1,1
40508,100,98,2,2
40509,79,88,-9,9
40510,106,104,2,2
40511,79,83,-4,4
40512,137,130,7,7
40513,82,90,-8,8
40514,68,57,11,11
40515,100,89,11,11
40516,40,48,-8,8
40517,57,58,-1,1
40518,73,82,-9,9
40519,85,87,-2,2
40520,135,120,15,15
40521,126,119,7,7
40522,158,149,9,9
40523,110,104,6,6
40524,125,129,-4,4
40525,115,106,9,9
40526,112,110,2,2
40527,71,78,-7,7
40528,121,133,-12,12
40529,97,102,-5,5
40530,104,96,8,8
40531,97,93,4,4
40532,54,58,-4,4
40533,76,76,0,0
40534,132,106,26,26
40535,98,99,-1,1
40536,107,103,4,4
40537,119,107,12,12
40538,125,118,7,7
40539,96,95,1,1
40540,49,53,-4,4
40541,89,76,13,13
40542,101,90,11,11
40543,86,93,-7,7
40544,43,46,-3,3
40545,40,45,-5,5
40546,109,102,7,7
40547,49,53,-4,4
40548,99,98,1,1
40549,120,99,21,21
40550,70,79,-9,9
40551,177,157,20,20
40552,59,71,-12,12
40553,90,91,-1,1
40554,99,93,6,6
40555,99,98,1,1
40556,113,98,15,15
40557,87,80,7,7
40558,120,113,7,7
40559,122,104,18,18
40560,156,145,11,11
40561,90,82,8,8
40562,109,104,5,5
40563,59,71,-12,12
40564,110,109,1,1
40565,64,66,-2,2
40566,76,79,-3,3
40567,93,87,6,6
40568,81,83,-2,2
40569,155,142,13,13
40570,77,90,-13,13
40571,52,55,-3,3
40572,48,53,-5,5
40573,94,93,1,1
40574,72,79,-7,7
40575,78,93,-15,15
40576,108,103,5,5
40577,74,83,-9,9
40578,67,65,2,2
40579,88,83,5,5
40580,127,121,6,6
40581,88,102,-14,14
40582,53,77,-24,24
40583,101,98,3,3
40584,105,99,6,6
40585,120,116,4,4
40586,63,69,-6,6
40587,50,57,-7,7
40588,67,67,0,0
40589,121,118,3,3
40590,76,77,-1,1
40591,95,79,16,16
40592,97,93,4,4
40593,63,73,-10,10
40594,135,125,10,10
40595,61,70,-9,9
40596,79,78,1,1
40597,133,120,13,13
40598,97,99,-2,2
40599,78,69,9,9
40600,96,87,9,9
40601,47,48,-1,1
40602,139,118,21,21
40603,99,94,5,5
40604,113,98,15,15
40605,94,90,4,4
40606,100,100,0,0
40607,71,80,-9,9
40608,102,103,-1,1
40609,113,106,7,7
40610,85,82,3,3
40611,75,65,10,10
40612,62,57,5,5
40613,111,85,26,26
40614,80,75,5,5
40615,117,112,5,5
40616,107,102,5,5
40617,75,77,-2,2
40618,82,85,-3,3
40619,73,75,-2,2
40620,110,107,3,3
40621,115,109,6,6
40622,151,144,7,7
40623,60,64,-4,4
40624,51,55,-4,4
40625,76,69,7,7
40626,115,103,12,12
40627,79,77,2,2
40628,85,86,-1,1
40629,84,86,-2,2
40630,136,116,20,20
40631,76,78,-2,2
40632,30,46,-16,16
40633,141,129,12,12
40634,83,78,5,5
40635,81,84,-3,3
40636,79,85,-6,6
40637,113,107,6,6
40638,88,82,6,6
40639,145,165,-20,20
40640,156,145,11,11
40641,80,87,-7,7
40642,103,95,8,8
40643,116,109,7,7
40644,76,70,6,6
40645,123,118,5,5
40646,93,89,4,4
40647,103,107,-4,4
40648,67,65,2,2
40649,102,107,-5,5
40650,92,81,11,11
40651,86,86,0,0
40652,56,62,-6,6
40653,80,83,-3,3
40654,137,129,8,8
40655,48,55,-7,7
40656,87,72,15,15
40657,112,115,-3,3
40658,74,71,3,3
40659,87,85,2,2
40660,101,103,-2,2
40661,58,66,-8,8
40662,116,107,9,9
40663,97,87,10,10
40664,65,65,0,0
40665,98,86,12,12
40666,98,84,14,14
40667,156,142,14,14
40668,88,87,1,1
40669,85,88,-3,3
40670,64,59,5,5
40671,72,76,-4,4
40672,107,109,-2,2
40673,87,98,-11,11
40674,115,110,5,5
40675,102,90,12,12
40676,120,107,13,13
40677,87,90,-3,3
40678,81,81,0,0
40679,53,57,-4,4
40680,71,89,-18,18
40681,78,79,-1,1
40682,104,94,10,10
40683,113,117,-4,4
40684,51,47,4,4
40685,65,76,-11,11
40686,109,124,-15,15
40687,78,84,-6,6
40688,105,93,12,12
40689,93,96,-3,3
40690,103,96,7,7
40691,113,95,18,18
40692,77,83,-6,6
40693,135,122,13,13
40694,82,70,12,12
40695,84,81,3,3
40696,56,65,-9,9
40697,54,51,3,3
40698,146,128,18,18
40699,149,137,12,12
40700,91,84,7,7
40701,61,59,2,2
40702,117,118,-1,1
40703,46,44,2,2
40704,159,148,11,11
40705,94,83,11,11
40706,153,131,22,22
40707,108,101,7,7
40708,85,77,8,8
40709,69,74,-5,5
40710,295,226,69,69
40711,74,77,-3,3
40712,103,96,7,7
40713,80,77,3,3
40714,68,72,-4,4
40715,120,117,3,3
40716,86,84,2,2
40717,118,108,10,10
40718,74,77,-3,3
40719,99,83,16,16
40720,76,70,6,6
40721,134,116,18,18
40722,97,102,-5,5
40723,66,74,-8,8
40724,92,98,-6,6
40725,50,50,0,0
40726,83,86,-3,3
40727,98,96,2,2
40728,72,74,-2,2
40729,71,69,2,2
40730,71,76,-5,5
40731,78,85,-7,7
40732,81,82,-1,1
40733,126,124,2,2
40734,71,71,0,0
40735,70,68,2,2
40736,141,131,10,10
40737,75,67,8,8
40738,85,77,8,8
40739,89,88,1,1
40740,82,82,0,0
40741,174,151,23,23
40742,77,76,1,1
40743,113,116,-3,3
40744,165,156,9,9
40745,55,52,3,3
40746,94,81,13,13
40747,81,89,-8,8
40748,103,96,7,7
40749,87,83,4,4
40750,68,86,-18,18
40751,205,204,1,1
40752,85,83,2,2
40753,66,66,0,0
40754,68,69,-1,1
40755,87,85,2,2
40756,101,89,12,12
40757,115,106,9,9
40758,69,69,0,0
40759,144,132,12,12
40760,97,98,-1,1
40761,107,105,2,2
40762,88,97,-9,9
40763,138,128,10,10
40764,90,76,14,14
40765,129,129,0,0
40766,66,69,-3,3
40767,75,77,-2,2
40768,118,107,11,11
40769,99,91,8,8
40770,77,76,1,1
40771,89,85,4,4
40772,95,94,1,1
40773,56,52,4,4
40774,115,110,5,5
40775,59,59,0,0
40776,117,113,4,4
40777,110,110,0,0
40778,120,98,22,22
40779,98,81,17,17
40780,121,118,3,3
40781,100,82,18,18
40782,85,83,2,2
40783,106,101,5,5
40784,165,146,19,19
40785,65,75,-10,10
40786,58,61,-3,3
40787,165,150,15,15
40788,56,60,-4,4
40789,62,72,-10,10
40790,85,76,9,9
40791,93,92,1,1
40792,57,65,-8,8
40793,97,94,3,3
40794,96,95,1,1
40795,45,48,-3,3
40796,114,110,4,4
40797,77,70,7,7
40798,77,85,-8,8
40799,89,83,6,6
40800,70,71,-1,1
40801,84,91,-7,7
40802,89,100,-11,11
40803,104,105,-1,1
40804,88,84,4,4
40805,68,68,0,0
40806,67,67,0,0
40807,51,52,-1,1
40808,144,142,2,2
40809,135,127,8,8
40810,89,89,0,0
40811,122,109,13,13
40812,110,98,12,12
40813,81,81,0,0
40814,147,149,-2,2
40815,60,63,-3,3
40816,137,140,-3,3
40817,110,107,3,3
40818,125,118,7,7
40819,89,89,0,0
40820,129,136,-7,7
40821,70,61,9,9
40822,149,148,1,1
40823,72,87,-15,15
40824,96,95,1,1
40825,76,80,-4,4
40826,154,145,9,9
40827,220,186,34,34
40828,106,106,0,0
40829,95,98,-3,3
40830,158,161,-3,3
40831,140,133,7,7
40832,86,86,0,0
40833,96,82,14,14
40834,100,92,8,8
40835,70,73,-3,3
40836,64,67,-3,3
40837,147,137,10,10
40838,75,75,0,0
40839,80,77,3,3
40840,161,141,20,20
40841,83,98,-15,15
40842,89,82,7,7
40843,169,153,16,16
40844,85,81,4,4
40845,151,149,2,2
40846,85,77,8,8
40847,61,68,-7,7
40848,62,60,2,2
40849,118,108,10,10
40850,97,91,6,6
40851,118,109,9,9
40852,104,91,13,13
40853,44,46,-2,2
40854,101,91,10,10
40855,69,71,-2,2
40856,52,52,0,0
40857,115,113,2,2
40858,56,55,1,1
40859,110,114,-4,4
40860,96,115,-19,19
40861,88,83,5,5
40862,94,93,1,1
40863,60,59,1,1
40864,108,103,5,5
40865,114,98,16,16
40866,87,87,0,0
40867,102,97,5,5
40868,75,70,5,5
40869,56,55,1,1
40870,123,123,0,0
40871,29,45,-16,16
40872,70,83,-13,13
40873,87,84,3,3
40874,48,63,-15,15
40875,108,97,11,11
40876,164,161,3,3
40877,125,106,19,19
40878,66,68,-2,2
40879,190,172,18,18
40880,91,88,3,3
40881,116,105,11,11
40882,96,95,1,1
40883,86,82,4,4
40884,157,157,0,0
40885,149,130,19,19
40886,54,55,-1,1
40887,81,83,-2,2
40888,97,100,-3,3
40889,128,118,10,10
40890,96,94,2,2
40891,121,119,2,2
40892,131,121,10,10
40893,133,115,18,18
40894,130,124,6,6
40895,97,88,9,9
40896,68,75,-7,7
40897,118,101,17,17
40898,91,86,5,5
40899,90,98,-8,8
40900,65,66,-1,1
40901,143,124,19,19
40902,80,68,12,12
40903,96,76,20,20
40904,104,98,6,6
40905,112,109,3,3
40906,86,84,2,2
40907,91,88,3,3
40908,205,169,36,36
40909,73,83,-10,10
40910,101,95,6,6
40911,73,75,-2,2
40912,90,80,10,10
40913,191,192,-1,1
40914,90,89,1,1
40915,149,142,7,7
40916,73,83,-10,10
40917,152,147,5,5
40918,115,106,9,9
40919,88,90,-2,2
40920,86,82,4,4
40921,103,101,2,2
40922,37,42,-5,5
40923,83,73,10,10
40924,76,67,9,9
40925,56,51,5,5
40926,130,115,15,15
40927,67,65,2,2
40928,78,71,7,7
40929,105,101,4,4
40930,101,96,5,5
40931,88,82,6,6
40932,83,85,-2,2
40933,108,103,5,5
40934,67,59,8,8
40935,107,101,6,6
40936,43,42,1,1
40937,71,79,-8,8
40938,99,87,12,12
40939,120,123,-3,3
40940,132,112,20,20
40941,30,43,-13,13
40942,88,85,3,3
40943,82,92,-10,10
40944,59,66,-7,7
40945,68,72,-4,4
40946,120,103,17,17
40947,60,57,3,3
40948,103,98,5,5
40949,110,103,7,7
40950,114,108,6,6
40951,90,87,3,3
40952,192,174,18,18
40953,100,99,1,1
40954,119,116,3,3
40955,91,84,7,7
40956,98,95,3,3
40957,51,51,0,0
40958,94,90,4,4
40959,98,102,-4,4
40960,71,70,1,1
40961,106,120,-14,14
40962,78,82,-4,4
40963,66,72,-6,6
40964,79,83,-4,4
40965,85,86,-1,1
40966,147,140,7,7
40967,68,66,2,2
40968,66,68,-2,2
40969,81,80,1,1
40970,133,126,7,7
40971,120,110,10,10
40972,71,74,-3,3
40973,169,164,5,5
40974,159,145,14,14
40975,57,66,-9,9
40976,73,75,-2,2
40977,44,47,-3,3
40978,85,88,-3,3
40979,49,58,-9,9
40980,54,51,3,3
40981,89,85,4,4
40982,62,68,-6,6
40983,88,81,7,7
40984,93,99,-6,6
40985,66,67,-1,1
40986,69,67,2,2
40987,138,140,-2,2
40988,88,87,1,1
40989,102,99,3,3
40990,45,47,-2,2
40991,48,53,-5,5
40992,106,106,0,0
40993,158,134,24,24
40994,125,112,13,13
40995,64,82,-18,18
40996,153,150,3,3
40997,66,69,-3,3
40998,87,89,-2,2
40999,90,82,8,8
41000,105,100,5,5
41001,51,50,1,1
41002,148,130,18,18
41003,123,129,-6,6
41004,59,58,1,1
41005,88,75,13,13
41006,91,93,-2,2
41007,77,77,0,0
41008,98,92,6,6
41009,84,87,-3,3
41010,97,88,9,9
41011,129,113,16,16
41012,158,151,7,7
41013,99,101,-2,2
41014,153,147,6,6
41015,140,120,20,20
41016,97,88,9,9
41017,116,116,0,0
41018,108,96,12,12
41019,117,111,6,6
41020,112,105,7,7
41021,70,75,-5,5
41022,117,121,-4,4
41023,186,175,11,11
41024,88,85,3,3
41025,40,45,-5,5
41026,69,72,-3,3
41027,138,116,22,22
41028,68,68,0,0
41029,194,165,29,29
41030,141,130,11,11
41031,66,78,-12,12
41032,87,90,-3,3
41033,112,109,3,3
41034,120,104,16,16
41035,117,106,11,11
41036,116,114,2,2
41037,113,121,-8,8
41038,109,115,-6,6
41039,116,109,7,7
41040,107,98,9,9
41041,156,141,15,15
41042,54,55,-1,1
41043,96,88,8,8
41044,116,110,6,6
41045,105,98,7,7
41046,53,51,2,2
41047,146,134,12,12
41048,111,116,-5,5
41049,55,54,1,1
41050,130,118,12,12
41051,89,83,6,6
41052,99,108,-9,9
41053,101,85,16,16
41054,107,104,3,3
41055,56,56,0,0
41056,72,74,-2,2
41057,141,132,9,9
41058,49,53,-4,4
41059,50,46,4,4
41060,106,94,12,12
41061,71,72,-1,1
41062,82,94,-12,12
41063,112,98,14,14
41064,114,115,-1,1
41065,91,89,2,2
41066,79,79,0,0
41067,87,91,-4,4
41068,72,70,2,2
41069,140,133,7,7
41070,79,83,-4,4
41071,103,93,10,10
41072,105,104,1,1
41073,80,80,0,0
41074,63,65,-2,2
41075,89,82,7,7
41076,58,67,-9,9
41077,71,67,4,4
41078,91,93,-2,2
41079,64,61,3,3
41080,134,121,13,13
41081,144,134,10,10
41082,46,69,-23,23
41083,79,87,-8,8
41084,137,125,12,12
41085,71,71,0,0
41086,88,84,4,4
41087,99,89,10,10
41088,77,77,0,0
41089,71,73,-2,2
41090,66,67,-1,1
41091,57,61,-4,4
41092,107,104,3,3
41093,157,149,8,8
41094,59,70,-11,11
41095,107,111,-4,4
41096,150,131,19,19
41097,97,95,2,2
41098,56,62,-6,6
41099,122,113,9,9
41100,118,102,16,16
41101,98,77,21,21
41102,87,92,-5,5
41103,84,75,9,9
41104,67,67,0,0
41105,97,99,-2,2
41106,110,107,3,3
41107,75,80,-5,5
41108,49,58,-9,9
41109,121,125,-4,4
41110,124,119,5,5
41111,86,79,7,7
41112,91,86,5,5
41113,74,71,3,3
41114,87,82,5,5
41115,61,67,-6,6
41116,76,77,-1,1
41117,169,160,9,9
41118,79,78,1,1
41119,85,92,-7,7
41120,129,119,10,10
41121,68,69,-1,1
41122,88,108,-20,20
41123,136,119,17,17
41124,81,79,2,2
41125,143,148,-5,5
41126,66,65,1,1
41127,90,93,-3,3
41128,69,66,3,3
41129,129,123,6,6
41130,77,84,-7,7
41131,128,123,5,5
41132,110,108,2,2
41133,125,122,3,3
41134,82,82,0,0
41135,147,130,17,17
41136,77,78,-1,1
41137,81,66,15,15
41138,91,88,3,3
41139,106,88,18,18
41140,65,68,-3,3
41141,59,56,3,3
41142,107,111,-4,4
41143,75,83,-8,8
41144,86,97,-11,11
41145,92,87,5,5
41146,87,83,4,4
41147,115,123,-8,8
41148,70,69,1,1
41149,78,68,10,10
41150,77,76,1,1
41151,142,149,-7,7
41152,161,153,8,8
41153,145,128,17,17
41154,102,98,4,4
41155,68,70,-2,2
41156,81,84,-3,3
41157,92,81,11,11
41158,91,92,-1,1
41159,87,81,6,6
41160,168,154,14,14
41161,58,55,3,3
41162,119,96,23,23
41163,55,52,3,3
41164,69,73,-4,4
41165,69,70,-1,1
41166,99,99,0,0
41167,72,73,-1,1
41168,82,85,-3,3
41169,134,119,15,15
41170,88,79,9,9
41171,61,65,-4,4
41172,77,76,1,1
41173,106,108,-2,2
41174,89,88,1,1
41175,90,88,2,2
41176,102,109,-7,7
41177,77,75,2,2
41178,63,67,-4,4
41179,76,80,-4,4
41180,67,62,5,5
41181,64,75,-11,11
41182,66,68,-2,2
41183,126,122,4,4
41184,91,98,-7,7
41185,148,124,24,24
41186,111,98,13,13
41187,58,65,-7,7
41188,93,86,7,7
41189,80,76,4,4
41190,173,162,11,11
41191,80,78,2,2
41192,117,109,8,8
41193,69,59,10,10
41194,115,109,6,6
41195,122,107,15,15
41196,76,77,-1,1
41197,89,70,19,19
41198,92,103,-11,11
41199,101,96,5,5
41200,156,141,15,15
41201,88,90,-2,2
41202,61,67,-6,6
41203,80,78,2,2
41204,128,120,8,8
41205,101,90,11,11
41206,114,107,7,7
41207,142,119,23,23
41208,53,53,0,0
41209,138,130,8,8
41210,49,50,-1,1
41211,146,128,18,18
41212,91,84,7,7
41213,136,141,-5,5
41214,60,67,-7,7
41215,147,132,15,15
41216,86,85,1,1
41217,71,70,1,1
41218,127,151,-24,24
41219,62,66,-4,4
41220,109,100,9,9
41221,69,74,-5,5
41222,186,175,11,11
41223,44,50,-6,6
41224,39,42,-3,3
41225,89,87,2,2
41226,113,113,0,0
41227,65,62,3,3
41228,63,67,-4,4
41229,61,66,-5,5
41230,132,118,14,14
41231,70,74,-4,4
41232,179,170,9,9
41233,103,107,-4,4
41234,118,105,13,13
41235,71,73,-2,2
41236,156,139,17,17
41237,95,87,8,8
41238,108,109,-1,1
41239,92,90,2,2
41240,125,110,15,15
41241,103,91,12,12
41242,87,76,11,11
41243,57,67,-10,10
41244,95,94,1,1
41245,207,206,1,1
41246,72,79,-7,7
41247,158,151,7,7
41248,78,79,-1,1
41249,59,64,-5,5
41250,77,71,6,6
41251,78,76,2,2
41252,120,103,17,17
41253,137,126,11,11
41254,71,69,2,2
41255,117,109,8,8
41256,97,94,3,3
41257,108,107,1,1
41258,64,69,-5,5
41259,125,113,12,12
41260,57,52,5,5
41261,47,51,-4,4
41262,110,93,17,17
41263,173,172,1,1
41264,70,65,5,5
41265,112,105,7,7
41266,69,68,1,1
41267,95,91,4,4
41268,50,52,-2,2
41269,60,57,3,3
41270,108,107,1,1
41271,88,87,1,1
41272,141,155,-14,14
41273,65,70,-5,5
41274,111,117,-6,6
41275,110,98,12,12
41276,156,122,34,34
41277,70,90,-20,20
41278,77,83,-6,6
41279,111,103,8,8
41280,77,78,-1,1
41281,132,141,-9,9
41282,94,86,8,8
41283,87,91,-4,4
41284,71,76,-5,5
41285,69,74,-5,5
41286,57,66,-9,9
41287,63,67,-4,4
41288,170,162,8,8
41289,99,94,5,5
41290,91,89,2,2
41291,75,81,-6,6
41292,155,146,9,9
41293,169,154,15,15
41294,121,107,14,14
41295,56,61,-5,5
41296,73,73,0,0
41297,142,79,63,63
41298,76,85,-9,9
41299,117,105,12,12
41300,113,117,-4,4
41301,63,54,9,9
41302,146,129,17,17
41303,71,67,4,4
41304,68,66,2,2
41305,96,96,0,0
41306,64,69,-5,5
41307,79,68,11,11
41308,77,79,-2,2
41309,54,60,-6,6
41310,81,81,0,0
41311,106,106,0,0
41312,130,113,17,17
41313,63,64,-1,1
41314,74,77,-3,3
41315,87,86,1,1
41316,97,89,8,8
41317,136,139,-3,3
41318,78,76,2,2
41319,114,100,14,14
41320,172,187,-15,15
41321,69,87,-18,18
41322,55,65,-10,10
41323,68,66,2,2
41324,84,82,2,2
41325,64,70,-6,6
41326,44,50,-6,6
41327,98,91,7,7
41328,118,121,-3,3
41329,115,103,12,12
41330,151,137,14,14
41331,66,69,-3,3
41332,150,132,18,18
41333,94,85,9,9
41334,83,89,-6,6
41335,138,126,12,12
41336,96,95,1,1
41337,117,109,8,8
41338,32,37,-5,5
41339,167,156,11,11
41340,162,136,26,26
41341,120,117,3,3
41342,84,83,1,1
41343,64,64,0,0
41344,147,140,7,7
41345,74,79,-5,5
41346,42,54,-12,12
41347,65,77,-12,12
41348,87,77,10,10
41349,101,106,-5,5
41350,64,60,4,4
41351,54,64,-10,10
41352,99,98,1,1
41353,60,65,-5,5
41354,62,65,-3,3
41355,134,122,12,12
41356,79,82,-3,3
41357,74,70,4,4
41358,103,109,-6,6
41359,160,159,1,1
41360,103,97,6,6
41361,96,93,3,3
41362,66,64,2,2
41363,72,65,7,7
41364,69,72,-3,3
41365,115,104,11,11
41366,74,68,6,6
41367,47,51,-4,4
41368,116,101,15,15
41369,75,86,-11,11
41370,74,84,-10,10
41371,138,127,11,11
41372,83,87,-4,4
41373,78,82,-4,4
41374,144,131,13,13
41375,94,88,6,6
41376,91,87,4,4
41377,97,101,-4,4
41378,79,81,-2,2
41379,87,88,-1,1
41380,50,53,-3,3
41381,61,62,-1,1
41382,66,78,-12,12
41383,83,81,2,2
41384,69,63,6,6
41385,117,100,17,17
41386,123,108,15,15
41387,152,123,29,29
41388,53,52,1,1
41389,41,71,-30,30
41390,120,108,12,12
41391,50,61,-11,11
41392,103,100,3,3
41393,59,75,-16,16
41394,146,113,33,33
41395,74,65,9,9
41396,119,107,12,12
41397,100,100,0,0
41398,109,98,11,11
41399,140,126,14,14
41400,104,95,9,9
41401,118,116,2,2
41402,129,113,16,16
41403,62,65,-3,3
41404,80,82,-2,2
41405,67,71,-4,4
41406,45,50,-5,5
41407,111,111,0,0
41408,110,110,0,0
41409,68,72,-4,4
41410,84,95,-11,11
41411,132,115,17,17
41412,67,66,1,1
41413,66,69,-3,3
41414,53,67,-14,14
41415,88,89,-1,1
41416,115,115,0,0
41417,142,142,0,0
41418,134,132,2,2
41419,108,106,2,2
41420,63,69,-6,6
41421,68,65,3,3
41422,96,84,12,12
41423,73,79,-6,6
41424,88,87,1,1
41425,107,96,11,11
41426,114,126,-12,12
41427,132,125,7,7
41428,64,73,-9,9
41429,73,69,4,4
41430,109,98,11,11
41431,65,65,0,0
41432,138,108,30,30
41433,103,97,6,6
41434,132,120,12,12
41435,67,70,-3,3
41436,70,71,-1,1
41437,114,125,-11,11
41438,54,59,-5,5
41439,87,83,4,4
41440,57,66,-9,9
41441,163,163,0,0
41442,83,84,-1,1
41443,48,52,-4,4
41444,62,73,-11,11
41445,110,96,14,14
41446,64,65,-1,1
41447,154,143,11,11
41448,119,111,8,8
41449,81,85,-4,4
41450,76,74,2,2
41451,125,100,25,25
41452,82,77,5,5
41453,140,134,6,6
41454,58,53,5,5
41455,90,79,11,11
41456,94,84,10,10
41457,70,71,-1,1
41458,126,114,12,12
41459,42,50,-8,8
41460,96,91,5,5
41461,144,123,21,21
41462,84,79,5,5
41463,91,84,7,7
41464,89,83,6,6
41465,68,73,-5,5
41466,74,76,-2,2
41467,73,70,3,3
41468,95,85,10,10
41469,141,126,15,15
41470,144,126,18,18
41471,115,116,-1,1
41472,126,110,16,16
41473,81,76,5,5
41474,70,67,3,3
41475,101,101,0,0
41476,36,44,-8,8
41477,103,97,6,6
41478,50,54,-4,4
41479,108,94,14,14
41480,168,169,-1,1
41481,89,97,-8,8
41482,128,113,15,15
41483,87,74,13,13
41484,72,68,4,4
41485,166,153,13,13
41486,75,71,4,4
41487,116,113,3,3
41488,66,67,-1,1
41489,89,92,-3,3
41490,72,78,-6,6
41491,103,111,-8,8
41492,82,85,-3,3
41493,108,109,-1,1
41494,115,101,14,14
41495,154,162,-8,8
41496,96,96,0,0
41497,70,68,2,2
41498,105,99,6,6
41499,103,104,-1,1
41500,80,81,-1,1
41501,167,132,35,35
41502,131,131,0,0
41503,87,84,3,3
41504,83,81,2,2
41505,221,196,25,25
41506,67,67,0,0
41507,114,109,5,5
41508,88,74,14,14
41509,80,77,3,3
41510,183,168,15,15
41511,67,76,-9,9
41512,172,159,13,13
41513,56,53,3,3
41514,60,59,1,1
41515,60,55,5,5
41516,77,80,-3,3
41517,85,75,10,10
41518,64,65,-1,1
41519,88,94,-6,6
41520,143,121,22,22
41521,148,142,6,6
41522,73,80,-7,7
41523,97,95,2,2
41524,85,94,-9,9
41525,62,58,4,4
41526,82,76,6,6
41527,63,65,-2,2
41528,55,51,4,4
41529,133,120,13,13
41530,96,97,-1,1
41531,98,92,6,6
41532,67,68,-1,1
41533,104,106,-2,2
41534,118,157,-39,39
41535,83,92,-9,9
41536,110,111,-1,1
41537,138,127,11,11
41538,79,75,4,4
41539,75,68,7,7
41540,67,70,-3,3
41541,59,61,-2,2
41542,63,55,8,8
41543,125,111,14,14
41544,156,156,0,0
41545,88,82,6,6
41546,106,100,6,6
41547,88,84,4,4
41548,126,122,4,4
41549,71,75,-4,4
41550,109,103,6,6
41551,61,96,-35,35
41552,100,103,-3,3
41553,157,126,31,31
41554,168,158,10,10
41555,110,103,7,7
41556,92,95,-3,3
41557,118,119,-1,1
41558,159,157,2,2
41559,67,67,0,0
41560,78,88,-10,10
41561,93,93,0,0
41562,76,77,-1,1
41563,156,136,20,20
41564,63,68,-5,5
41565,87,86,1,1
41566,79,73,6,6
41567,56,60,-4,4
41568,65,65,0,0
41569,99,94,5,5
41570,90,79,11,11
41571,108,107,1,1
41572,59,57,2,2
41573,48,75,-27,27
41574,73,71,2,2
41575,111,95,16,16
41576,69,68,1,1
41577,149,124,25,25
41578,87,76,11,11
41579,87,84,3,3
41580,85,79,6,6
41581,112,96,16,16
41582,78,87,-9,9
41583,74,87,-13,13
41584,85,87,-2,2
41585,77,81,-4,4
41586,113,103,10,10
41587,106,103,3,3
41588,61,70,-9,9
41589,82,90,-8,8
41590,115,111,4,4
41591,51,58,-7,7
41592,109,93,16,16
41593,61,59,2,2
41594,60,65,-5,5
41595,129,117,12,12
41596,152,121,31,31
41597,90,86,4,4
41598,204,182,22,22
41599,95,88,7,7
41600,81,84,-3,3
41601,75,78,-3,3
41602,95,87,8,8
41603,108,108,0,0
41604,140,123,17,17
41605,47,48,-1,1
41606,92,78,14,14
41607,127,125,2,2
41608,64,76,-12,12
41609,86,72,14,14
41610,83,75,8,8
41611,86,92,-6,6
41612,110,105,5,5
41613,128,128,0,0
41614,152,144,8,8
41615,106,107,-1,1
41616,71,76,-5,5
41617,70,79,-9,9
41618,71,73,-2,2
41619,80,85,-5,5
41620,10,34,-24,24
41621,95,85,10,10
41622,88,84,4,4
41623,55,45,10,10
41624,96,82,14,14
41625,114,99,15,15
41626,113,103,10,10
41627,115,103,12,12
41628,50,51,-1,1
41629,130,121,9,9
41630,130,124,6,6
41631,85,86,-1,1
41632,72,73,-1,1
41633,177,161,16,16
41634,90,97,-7,7
41635,131,131,0,0
41636,68,71,-3,3
41637,46,51,-5,5
41638,96,98,-2,2
41639,161,147,14,14
41640,60,61,-1,1
41641,73,72,1,1
41642,50,52,-2,2
41643,60,50,10,10
41644,122,114,8,8
41645,136,124,12,12
41646,90,82,8,8
41647,131,122,9,9
41648,95,88,7,7
41649,66,68,-2,2
41650,105,111,-6,6
41651,82,79,3,3
41652,107,101,6,6
41653,61,58,3,3
41654,136,119,17,17
41655,128,137,-9,9
41656,66,74,-8,8
41657,125,122,3,3
41658,69,66,3,3
41659,68,78,-10,10
41660,84,88,-4,4
41661,47,54,-7,7
41662,77,76,1,1
41663,113,100,13,13
41664,155,152,3,3
41665,88,90,-2,2
41666,76,74,2,2
41667,104,143,-39,39
41668,43,48,-5,5
41669,69,75,-6,6
41670,94,98,-4,4
41671,121,114,7,7
41672,178,160,18,18
41673,69,67,2,2
41674,113,115,-2,2
41675,118,112,6,6
41676,86,83,3,3
41677,71,71,0,0
41678,112,107,5,5
41679,114,103,11,11
41680,68,68,0,0
41681,75,71,4,4
41682,103,95,8,8
41683,71,77,-6,6
41684,57,56,1,1
41685,88,87,1,1
41686,165,150,15,15
41687,79,78,1,1
41688,133,128,5,5
41689,125,108,17,17
41690,91,106,-15,15
41691,117,116,1,1
41692,108,99,9,9
41693,101,97,4,4
41694,61,66,-5,5
41695,170,153,17,17
41696,152,140,12,12
41697,86,82,4,4
41698,89,82,7,7
41699,137,131,6,6
41700,107,104,3,3
41701,145,132,13,13
41702,152,152,0,0
41703,89,80,9,9
41704,81,77,4,4
41705,102,102,0,0
41706,85,90,-5,5
41707,70,73,-3,3
41708,85,79,6,6
41709,105,103,2,2
41710,79,72,7,7
41711,55,65,-10,10
41712,94,86,8,8
41713,49,55,-6,6
41714,42,47,-5,5
41715,302,238,64,64
41716,116,105,11,11
41717,68,72,-4,4
41718,81,82,-1,1
41719,98,108,-10,10
41720,120,104,16,16
41721,135,133,2,2
41722,85,87,-2,2
41723,76,76,0,0
41724,125,117,8,8
41725,26,37,-11,11
41726,111,91,20,20
41727,152,130,22,22
41728,85,81,4,4
41729,99,99,0,0
41730,98,107,-9,9
41731,99,91,8,8
41732,81,78,3,3
41733,98,105,-7,7
41734,101,87,14,14
41735,64,68,-4,4
41736,185,176,9,9
41737,97,94,3,3
41738,93,101,-8,8
41739,65,68,-3,3
41740,89,87,2,2
41741,53,58,-5,5
41742,96,92,4,4
41743,133,119,14,14
41744,149,126,23,23
41745,155,141,14,14
41746,86,79,7,7
41747,64,63,1,1
41748,133,118,15,15
41749,119,123,-4,4
41750,70,73,-3,3
41751,57,62,-5,5
41752,56,64,-8,8
41753,55,52,3,3
41754,57,63,-6,6
41755,106,107,-1,1
41756,85,89,-4,4
41757,80,79,1,1
41758,71,87,-16,16
41759,79,92,-13,13
41760,72,79,-7,7
41761,67,61,6,6
41762,200,183,17,17
41763,55,62,-7,7
41764,103,99,4,4
41765,80,77,3,3
41766,113,110,3,3
41767,34,65,-31,31
41768,77,80,-3,3
41769,145,141,4,4
41770,143,142,1,1
41771,100,95,5,5
41772,53,57,-4,4
41773,61,90,-29,29
41774,109,115,-6,6
41775,86,76,10,10
41776,72,73,-1,1
41777,86,89,-3,3
41778,115,120,-5,5
41779,74,80,-6,6
41780,85,82,3,3
41781,97,94,3,3
41782,111,105,6,6
41783,63,79,-16,16
41784,104,100,4,4
41785,101,97,4,4
41786,110,101,9,9
41787,72,79,-7,7
41788,128,119,9,9
41789,74,86,-12,12
41790,108,96,12,12
41791,110,105,5,5
41792,68,68,0,0
41793,41,45,-4,4
41794,153,155,-2,2
41795,115,115,0,0
41796,58,66,-8,8
41797,45,65,-20,20
41798,92,87,5,5
41799,57,61,-4,4
41800,125,113,12,12
41801,82,88,-6,6
41802,61,65,-4,4
41803,148,133,15,15
41804,72,68,4,4
41805,108,106,2,2
41806,97,103,-6,6
41807,134,117,17,17
41808,50,51,-1,1
41809,66,69,-3,3
41810,61,57,4,4
41811,91,85,6,6
41812,133,126,7,7
41813,131,107,24,24
41814,67,79,-12,12
41815,112,104,8,8
41816,100,109,-9,9
41817,193,176,17,17
41818,90,83,7,7
41819,77,75,2,2
41820,80,81,-1,1
41821,117,109,8,8
41822,87,86,1,1
41823,64,69,-5,5
41824,61,54,7,7
41825,120,118,2,2
41826,119,116,3,3
41827,137,126,11,11
41828,54,61,-7,7
41829,162,143,19,19
41830,152,156,-4,4
41831,69,61,8,8
41832,80,82,-2,2
41833,92,92,0,0
41834,96,85,11,11
41835,107,107,0,0
41836,71,75,-4,4
41837,83,89,-6,6
41838,89,91,-2,2
41839,121,113,8,8
41840,81,80,1,1
41841,112,110,2,2
41842,147,130,17,17
41843,62,67,-5,5
41844,129,122,7,7
41845,74,83,-9,9
41846,168,144,24,24
41847,47,51,-4,4
41848,128,132,-4,4
41849,49,59,-10,10
41850,56,57,-1,1
41851,89,85,4,4
41852,67,66,1,1
41853,68,77,-9,9
41854,114,114,0,0
41855,137,143,-6,6
41856,122,114,8,8
41857,74,76,-2,2
41858,67,64,3,3
41859,129,123,6,6
41860,139,139,0,0
41861,62,66,-4,4
41862,100,97,3,3
41863,88,85,3,3
41864,64,66,-2,2
41865,92,85,7,7
41866,119,133,-14,14
41867,81,81,0,0
41868,59,58,1,1
41869,106,98,8,8
41870,94,81,13,13
41871,112,94,18,18
41872,80,85,-5,5
41873,101,104,-3,3
41874,135,120,15,15
41875,135,123,12,12
41876,104,93,11,11
41877,85,81,4,4
41878,176,161,15,15
41879,79,78,1,1
41880,69,65,4,4
41881,41,44,-3,3
41882,47,46,1,1
41883,67,68,-1,1
41884,69,78,-9,9
41885,51,52,-1,1
41886,73,87,-14,14
41887,108,101,7,7
41888,47,45,2,2
41889,120,125,-5,5
41890,117,112,5,5
41891,91,95,-4,4
41892,110,109,1,1
41893,82,81,1,1
41894,97,94,3,3
41895,92,91,1,1
41896,72,69,3,3
41897,74,67,7,7
41898,80,91,-11,11
41899,49,50,-1,1
41900,133,121,12,12
41901,85,89,-4,4
41902,116,105,11,11
41903,72,68,4,4
41904,125,116,9,9
41905,91,91,0,0
41906,103,100,3,3
41907,110,105,5,5
41908,102,103,-1,1
41909,111,96,15,15
41910,50,69,-19,19
41911,50,49,1,1
41912,106,97,9,9
41913,79,76,3,3
41914,138,118,20,20
41915,110,111,-1,1
41916,59,62,-3,3
41917,72,74,-2,2
41918,190,163,27,27
41919,93,87,6,6
41920,47,48,-1,1
41921,46,55,-9,9
41922,135,122,13,13
41923,56,73,-17,17
41924,67,67,0,0
41925,101,100,1,1
41926,78,78,0,0
41927,61,75,-14,14
41928,43,62,-19,19
41929,142,137,5,5
41930,88,90,-2,2
41931,119,116,3,3
41932,146,124,22,22
41933,93,96,-3,3
41934,109,107,2,2
41935,105,99,6,6
41936,98,99,-1,1
41937,75,73,2,2
41938,78,77,1,1
41939,101,107,-6,6
41940,88,101,-13,13
41941,133,134,-1,1
41942,66,68,-2,2
41943,101,95,6,6
41944,94,93,1,1
41945,86,79,7,7
41946,95,88,7,7
41947,96,98,-2,2
41948,83,80,3,3
41949,119,96,23,23
41950,116,111,5,5
41951,92,86,6,6
41952,89,96,-7,7
41953,215,215,0,0
41954,96,93,3,3
41955,138,123,15,15
41956,73,73,0,0
41957,72,80,-8,8
41958,83,91,-8,8
41959,119,106,13,13
41960,83,80,3,3
41961,140,125,15,15
41962,164,143,21,21
41963,105,94,11,11
41964,109,88,21,21
41965,100,88,12,12
41966,95,94,1,1
41967,85,80,5,5
41968,83,81,2,2
41969,148,137,11,11
41970,95,94,1,1
41971,110,120,-10,10
41972,104,111,-7,7
41973,125,139,-14,14
41974,110,116,-6,6
41975,109,104,5,5
41976,87,80,7,7
41977,166,155,11,11
41978,68,80,-12,12
41979,104,91,13,13
41980,127,99,28,28
41981,60,65,-5,5
41982,106,91,15,15
41983,58,61,-3,3
41984,59,60,-1,1
41985,98,95,3,3
41986,150,154,-4,4
41987,107,108,-1,1
41988,75,83,-8,8
41989,95,95,0,0
41990,82,84,-2,2
41991,101,86,15,15
41992,63,75,-12,12
41993,81,65,16,16
41994,60,65,-5,5
41995,121,110,11,11
41996,110,97,13,13
41997,73,82,-9,9
41998,62,68,-6,6
41999,66,70,-4,4
42000,87,87,0,0
42001,130,135,-5,5
42002,84,88,-4,4
42003,142,137,5,5
42004,61,66,-5,5
42005,109,101,8,8
42006,147,131,16,16
42007,37,62,-25,25
42008,246,191,55,55
42009,61,72,-11,11
42010,111,106,5,5
42011,92,91,1,1
42012,133,141,-8,8
42013,161,144,17,17
42014,128,132,-4,4
42015,73,64,9,9
42016,115,109,6,6
42017,159,149,10,10
42018,75,69,6,6
42019,85,94,-9,9
42020,79,83,-4,4
42021,103,94,9,9
42022,109,103,6,6
42023,89,85,4,4
42024,158,156,2,2
42025,86,86,0,0
42026,114,99,15,15
42027,145,133,12,12
42028,83,81,2,2
42029,142,138,4,4
42030,48,54,-6,6
42031,69,69,0,0
42032,90,104,-14,14
42033,152,135,17,17
42034,72,78,-6,6
42035,93,95,-2,2
42036,59,63,-4,4
42037,142,132,10,10
42038,95,85,10,10
42039,152,128,24,24
42040,87,85,2,2
42041,79,65,14,14
42042,80,82,-2,2
42043,89,90,-1,1
42044,74,67,7,7
42045,78,75,3,3
42046,100,98,2,2
42047,92,95,-3,3
42048,135,131,4,4
42049,112,110,2,2
42050,109,104,5,5
42051,86,78,8,8
42052,80,73,7,7
42053,92,97,-5,5
42054,93,95,-2,2
42055,111,111,0,0
42056,64,65,-1,1
42057,96,78,18,18
42058,79,89,-10,10
42059,148,158,-10,10
42060,74,79,-5,5
42061,91,83,8,8
42062,85,82,3,3
42063,104,95,9,9
42064,132,132,0,0
42065,75,79,-4,4
42066,175,170,5,5
42067,77,71,6,6
42068,92,93,-1,1
42069,150,139,11,11
42070,35,61,-26,26
42071,79,80,-1,1
42072,57,65,-8,8
42073,70,61,9,9
42074,117,130,-13,13
42075,84,79,5,5
42076,51,79,-28,28
42077,88,98,-10,10
42078,83,81,2,2
42079,89,76,13,13
42080,79,76,3,3
42081,76,82,-6,6
42082,50,61,-11,11
42083,102,96,6,6
42084,111,123,-12,12
42085,82,84,-2,2
42086,114,122,-8,8
42087,99,85,14,14
42088,111,102,9,9
42089,99,98,1,1
42090,68,68,0,0
42091,159,135,24,24
42092,78,80,-2,2
42093,43,54,-11,11
42094,64,65,-1,1
42095,77,79,-2,2
42096,38,61,-23,23
42097,39,43,-4,4
42098,87,95,-8,8
42099,89,79,10,10
42100,101,100,1,1
42101,115,112,3,3
42102,101,92,9,9
42103,52,59,-7,7
42104,68,74,-6,6
42105,57,64,-7,7
42106,97,86,11,11
42107,80,84,-4,4
42108,95,88,7,7
42109,155,144,11,11
42110,74,77,-3,3
42111,104,91,13,13
42112,63,74,-11,11
42113,28,41,-13,13
42114,96,89,7,7
42115,104,103,1,1
42116,118,113,5,5
42117,81,75,6,6
42118,58,65,-7,7
42119,85,91,-6,6
42120,59,68,-9,9
42121,91,101,-10,10
42122,120,108,12,12
42123,58,46,12,12
42124,89,81,8,8
42125,101,103,-2,2
42126,89,86,3,3
42127,68,65,3,3
42128,122,108,14,14
42129,71,80,-9,9
42130,71,71,0,0
42131,75,90,-15,15
42132,130,127,3,3
42133,103,90,13,13
42134,114,101,13,13
42135,145,133,12,12
42136,108,103,5,5
42137,102,102,0,0
42138,107,101,6,6
42139,97,94,3,3
42140,94,82,12,12
42141,70,73,-3,3
42142,91,94,-3,3
42143,92,95,-3,3
42144,60,69,-9,9
42145,83,81,2,2
42146,92,85,7,7
42147,106,105,1,1
42148,47,60,-13,13
42149,72,70,2,2
42150,137,125,12,12
42151,69,74,-5,5
42152,69,60,9,9
42153,123,115,8,8
42154,77,81,-4,4
42155,74,65,9,9
42156,144,145,-1,1
42157,132,122,10,10
42158,109,102,7,7
42159,93,91,2,2
42160,56,53,3,3
42161,125,114,11,11
42162,54,66,-12,12
42163,127,116,11,11
42164,96,98,-2,2
42165,106,89,17,17
42166,98,96,2,2
42167,97,92,5,5
42168,65,65,0,0
42169,91,81,10,10
42170,90,91,-1,1
42171,135,120,15,15
42172,109,116,-7,7
42173,101,94,7,7
42174,80,82,-2,2
42175,105,103,2,2
42176,64,62,2,2
42177,155,146,9,9
42178,119,117,2,2
42179,76,68,8,8
42180,122,112,10,10
42181,59,62,-3,3
42182,63,64,-1,1
42183,92,97,-5,5
42184,101,99,2,2
42185,100,95,5,5
42186,88,94,-6,6
42187,98,91,7,7
42188,153,131,22,22
42189,92,84,8,8
42190,76,67,9,9
42191,110,101,9,9
42192,86,86,0,0
42193,130,123,7,7
42194,126,129,-3,3
42195,78,69,9,9
42196,77,81,-4,4
42197,104,101,3,3
42198,126,131,-5,5
42199,79,77,2,2
42200,117,123,-6,6
42201,45,49,-4,4
42202,100,102,-2,2
42203,83,72,11,11
42204,134,129,5,5
42205,83,80,3,3
42206,90,98,-8,8
42207,86,90,-4,4
42208,89,84,5,5
42209,60,65,-5,5
42210,78,81,-3,3
42211,120,117,3,3
42212,72,76,-4,4
42213,104,102,2,2
42214,188,163,25,25
42215,93,88,5,5
42216,159,141,18,18
42217,80,73,7,7
42218,96,98,-2,2
42219,114,111,3,3
42220,113,112,1,1
42221,62,71,-9,9
42222,140,138,2,2
42223,157,143,14,14
42224,61,68,-7,7
42225,95,105,-10,10
42226,130,121,9,9
42227,134,137,-3,3
42228,84,86,-2,2
42229,83,79,4,4
42230,96,97,-1,1
42231,85,79,6,6
42232,117,118,-1,1
42233,49,52,-3,3
42234,55,59,-4,4
42235,116,97,19,19
42236,65,65,0,0
42237,86,87,-1,1
42238,58,72,-14,14
42239,55,65,-10,10
42240,109,102,7,7
42241,109,95,14,14
42242,115,108,7,7
42243,131,106,25,25
42244,79,81,-2,2
42245,74,80,-6,6
42246,114,109,5,5
42247,125,111,14,14
42248,90,82,8,8
42249,81,79,2,2
42250,109,96,13,13
42251,90,80,10,10
42252,58,56,2,2
42253,67,69,-2,2
42254,88,80,8,8
42255,71,87,-16,16
42256,118,127,-9,9
42257,109,107,2,2
42258,75,97,-22,22
42259,38,44,-6,6
42260,173,157,16,16
42261,153,148,5,5
42262,66,62,4,4
42263,58,63,-5,5
42264,44,46,-2,2
42265,86,79,7,7
42266,100,94,6,6
42267,86,89,-3,3
42268,106,105,1,1
42269,80,77,3,3
42270,84,77,7,7
42271,76,73,3,3
42272,96,88,8,8
42273,90,91,-1,1
42274,116,120,-4,4
42275,196,163,33,33
42276,103,97,6,6
42277,95,99,-4,4
42278,68,65,3,3
42279,96,81,15,15
42280,109,99,10,10
42281,86,87,-1,1
42282,174,167,7,7
42283,78,79,-1,1
42284,47,55,-8,8
42285,96,92,4,4
42286,92,87,5,5
42287,79,70,9,9
42288,85,81,4,4
42289,113,114,-1,1
42290,96,94,2,2
42291,80,77,3,3
42292,43,43,0,0
42293,93,99,-6,6
42294,63,71,-8,8
42295,96,85,11,11
42296,103,98,5,5
42297,53,60,-7,7
42298,99,94,5,5
42299,79,82,-3,3
42300,70,70,0,0
42301,106,92,14,14
42302,104,135,-31,31
42303,141,132,9,9
42304,99,85,14,14
42305,96,91,5,5
42306,55,51,4,4
42307,99,97,2,2
42308,116,117,-1,1
42309,64,90,-26,26
42310,152,135,17,17
42311,63,66,-3,3
42312,78,74,4,4
42313,123,132,-9,9
42314,126,122,4,4
42315,79,74,5,5
42316,92,76,16,16
42317,94,97,-3,3
42318,200,179,21,21
42319,157,152,5,5
42320,80,81,-1,1
42321,57,58,-1,1
42322,141,133,8,8
42323,60,67,-7,7
42324,85,76,9,9
42325,54,48,6,6
42326,159,155,4,4
42327,150,130,20,20
42328,87,81,6,6
42329,47,65,-18,18
42330,96,92,4,4
42331,82,81,1,1
42332,74,70,4,4
42333,120,119,1,1
42334,109,88,21,21
42335,86,91,-5,5
42336,129,118,11,11
42337,196,177,19,19
42338,178,157,21,21
42339,105,94,11,11
42340,61,66,-5,5
42341,67,73,-6,6
42342,109,102,7,7
42343,111,123,-12,12
42344,52,66,-14,14
42345,89,78,11,11
42346,71,83,-12,12
42347,111,108,3,3
42348,40,43,-3,3
42349,79,84,-5,5
42350,99,91,8,8
42351,96,92,4,4
42352,63,58,5,5
42353,103,123,-20,20
42354,97,106,-9,9
42355,90,92,-2,2
42356,119,103,16,16
42357,176,153,23,23
42358,97,91,6,6
42359,131,144,-13,13
42360,86,77,9,9
42361,77,73,4,4
42362,84,80,4,4
42363,70,67,3,3
42364,109,103,6,6
42365,121,118,3,3
42366,125,136,-11,11
42367,150,121,29,29
42368,103,95,8,8
42369,151,124,27,27
42370,58,59,-1,1
42371,64,67,-3,3
42372,122,117,5,5
42373,104,90,14,14
42374,92,82,10,10
42375,100,99,1,1
42376,142,126,16,16
42377,93,85,8,8
42378,120,111,9,9
42379,75,77,-2,2
42380,106,97,9,9
42381,60,63,-3,3
42382,83,83,0,0
42383,98,97,1,1
42384,56,50,6,6
42385,37,43,-6,6
42386,97,85,12,12
42387,152,144,8,8
42388,97,91,6,6
42389,76,69,7,7
42390,80,91,-11,11
42391,56,63,-7,7
42392,108,94,14,14
42393,128,105,23,23
42394,117,107,10,10
42395,103,97,6,6
42396,31,42,-11,11
42397,84,79,5,5
42398,92,88,4,4
42399,115,124,-9,9
42400,128,129,-1,1
42401,128,117,11,11
42402,75,81,-6,6
42403,72,86,-14,14
42404,95,90,5,5
42405,56,62,-6,6
42406,83,90,-7,7
42407,97,98,-1,1
42408,109,94,15,15
42409,126,118,8,8
42410,135,135,0,0
42411,75,77,-2,2
42412,73,68,5,5
42413,89,90,-1,1
42414,94,92,2,2
42415,81,80,1,1
42416,78,77,1,1
42417,79,73,6,6
42418,78,82,-4,4
42419,105,107,-2,2
42420,112,107,5,5
42421,75,69,6,6
42422,98,94,4,4
42423,94,88,6,6
42424,56,66,-10,10
42425,92,85,7,7
42426,68,69,-1,1
42427,104,101,3,3
42428,144,121,23,23
42429,50,58,-8,8
42430,51,54,-3,3
42431,61,73,-12,12
42432,83,89,-6,6
42433,28,42,-14,14
42434,99,101,-2,2
42435,83,87,-4,4
42436,162,145,17,17
42437,104,96,8,8
42438,88,91,-3,3
42439,95,89,6,6
42440,116,108,8,8
42441,144,129,15,15
42442,69,54,15,15
42443,102,111,-9,9
42444,116,113,3,3
42445,61,65,-4,4
42446,108,103,5,5
42447,55,56,-1,1
42448,142,134,8,8
42449,156,144,12,12
42450,129,115,14,14
42451,180,163,17,17
42452,111,114,-3,3
42453,179,173,6,6
42454,89,89,0,0
42455,114,104,10,10
42456,96,85,11,11
42457,117,117,0,0
42458,64,67,-3,3
42459,57,57,0,0
42460,54,60,-6,6
42461,95,85,10,10
42462,89,70,19,19
42463,109,95,14,14
42464,76,75,1,1
42465,67,70,-3,3
42466,65,65,0,0
42467,76,82,-6,6
42468,92,87,5,5
42469,92,89,3,3
42470,74,69,5,5
42471,92,81,11,11
42472,80,77,3,3
42473,89,89,0,0
42474,43,47,-4,4
42475,69,73,-4,4
42476,88,91,-3,3
42477,84,91,-7,7
42478,115,113,2,2
42479,56,54,2,2
42480,95,100,-5,5
42481,80,91,-11,11
42482,80,78,2,2
42483,98,92,6,6
42484,49,52,-3,3
42485,91,82,9,9
42486,64,73,-9,9
42487,53,62,-9,9
42488,85,75,10,10
42489,98,92,6,6
42490,100,89,11,11
42491,69,73,-4,4
42492,48,52,-4,4
42493,105,94,11,11
42494,163,140,23,23
42495,150,146,4,4
42496,85,85,0,0
42497,128,127,1,1
42498,99,103,-4,4
42499,103,93,10,10
42500,128,110,18,18
42501,107,104,3,3
42502,55,65,-10,10
42503,84,96,-12,12
42504,90,92,-2,2
42505,90,93,-3,3
42506,72,67,5,5
42507,91,93,-2,2
42508,87,95,-8,8
42509,84,70,14,14
42510,42,46,-4,4
42511,65,70,-5,5
42512,131,127,4,4
42513,48,58,-10,10
42514,109,98,11,11
42515,85,94,-9,9
42516,66,64,2,2
42517,83,88,-5,5
42518,46,46,0,0
42519,141,131,10,10
42520,59,67,-8,8
42521,87,81,6,6
42522,84,91,-7,7
42523,86,90,-4,4
42524,127,115,12,12
42525,111,114,-3,3
42526,102,103,-1,1
42527,65,68,-3,3
42528,70,70,0,0
42529,61,67,-6,6
42530,104,102,2,2
42531,111,107,4,4
42532,202,180,22,22
42533,100,89,11,11
42534,136,132,4,4
42535,35,46,-11,11
42536,40,45,-5,5
42537,115,108,7,7
42538,116,109,7,7
42539,72,70,2,2
42540,108,104,4,4
42541,106,115,-9,9
42542,62,65,-3,3
42543,127,115,12,12
42544,94,87,7,7
42545,89,79,10,10
42546,70,71,-1,1
42547,72,79,-7,7
42548,98,85,13,13
42549,96,88,8,8
42550,108,112,-4,4
42551,142,115,27,27
42552,77,78,-1,1
42553,67,66,1,1
42554,81,88,-7,7
42555,54,55,-1,1
42556,124,118,6,6
42557,110,112,-2,2
42558,101,100,1,1
42559,86,88,-2,2
42560,117,109,8,8
42561,111,104,7,7
42562,136,121,15,15
42563,78,76,2,2
42564,62,76,-14,14
42565,231,208,23,23
42566,180,178,2,2
42567,91,87,4,4
42568,134,132,2,2
42569,80,82,-2,2
42570,100,98,2,2
42571,123,119,4,4
42572,109,104,5,5
42573,70,68,2,2
42574,57,58,-1,1
42575,148,140,8,8
42576,76,72,4,4
42577,70,69,1,1
42578,82,82,0,0
42579,102,106,-4,4
42580,198,187,11,11
42581,56,51,5,5
42582,94,96,-2,2
42583,97,96,1,1
42584,103,94,9,9
42585,81,76,5,5
42586,102,96,6,6
42587,85,85,0,0
42588,165,144,21,21
42589,50,59,-9,9
42590,124,119,5,5
42591,101,95,6,6
42592,79,75,4,4
42593,138,139,-1,1
42594,191,140,51,51
42595,162,151,11,11
42596,126,118,8,8
42597,103,102,1,1
42598,49,54,-5,5
42599,113,116,-3,3
42600,100,93,7,7
42601,118,116,2,2
42602,117,118,-1,1
42603,84,87,-3,3
42604,110,101,9,9
42605,128,108,20,20
42606,105,101,4,4
42607,59,53,6,6
42608,91,86,5,5
42609,68,65,3,3
42610,72,83,-11,11
42611,135,128,7,7
42612,79,96,-17,17
42613,107,105,2,2
42614,30,41,-11,11
42615,70,75,-5,5
42616,105,103,2,2
42617,92,90,2,2
42618,177,165,12,12
42619,84,88,-4,4
42620,67,79,-12,12
42621,150,123,27,27
42622,65,83,-18,18
42623,69,69,0,0
42624,94,88,6,6
42625,87,75,12,12
42626,73,81,-8,8
42627,70,75,-5,5
42628,93,83,10,10
42629,110,104,6,6
42630,87,74,13,13
42631,109,109,0,0
42632,71,74,-3,3
42633,103,105,-2,2
42634,152,140,12,12
42635,70,75,-5,5
42636,125,103,22,22
42637,91,91,0,0
42638,172,163,9,9
42639,60,71,-11,11
42640,99,126,-27,27
42641,61,58,3,3
42642,91,90,1,1
42643,94,86,8,8
42644,135,119,16,16
42645,43,53,-10,10
42646,83,86,-3,3
42647,93,90,3,3
42648,116,108,8,8
42649,131,106,25,25
42650,140,148,-8,8
42651,101,103,-2,2
42652,160,142,18,18
42653,157,131,26,26
42654,147,169,-22,22
42655,151,147,4,4
42656,162,155,7,7
42657,52,96,-44,44
42658,77,74,3,3
42659,86,82,4,4
42660,86,86,0,0
42661,91,85,6,6
42662,118,107,11,11
42663,103,98,5,5
42664,103,102,1,1
42665,74,74,0,0
42666,119,109,10,10
42667,89,85,4,4
42668,107,96,11,11
42669,109,141,-32,32
42670,85,90,-5,5
42671,70,72,-2,2
42672,86,82,4,4
42673,105,102,3,3
42674,98,94,4,4
42675,75,77,-2,2
42676,50,57,-7,7
42677,67,68,-1,1
42678,76,71,5,5
42679,80,75,5,5
42680,124,122,2,2
42681,60,73,-13,13
42682,73,72,1,1
42683,52,51,1,1
42684,102,100,2,2
42685,29,36,-7,7
42686,66,75,-9,9
42687,80,71,9,9
42688,76,78,-2,2
42689,107,100,7,7
42690,68,62,6,6
42691,129,114,15,15
42692,51,48,3,3
42693,131,132,-1,1
42694,73,77,-4,4
42695,157,144,13,13
42696,96,105,-9,9
42697,19,52,-33,33
42698,109,96,13,13
42699,67,68,-1,1
42700,132,127,5,5
42701,156,119,37,37
42702,85,94,-9,9
42703,90,85,5,5
42704,85,77,8,8
42705,44,57,-13,13
42706,150,133,17,17
42707,65,67,-2,2
42708,91,104,-13,13
42709,63,78,-15,15
42710,80,80,0,0
42711,163,166,-3,3
42712,110,98,12,12
42713,100,98,2,2
42714,89,78,11,11
42715,51,54,-3,3
42716,97,101,-4,4
42717,82,84,-2,2
42718,85,82,3,3
42719,73,79,-6,6
42720,80,71,9,9
42721,50,57,-7,7
42722,81,77,4,4
42723,68,68,0,0
42724,76,76,0,0
42725,75,70,5,5
42726,82,89,-7,7
42727,78,80,-2,2
42728,53,71,-18,18
42729,55,61,-6,6
42730,41,42,-1,1
42731,95,95,0,0
42732,55,55,0,0
42733,99,110,-11,11
42734,64,70,-6,6
42735,93,102,-9,9
42736,61,56,5,5
42737,95,90,5,5
42738,116,117,-1,1
42739,83,76,7,7
42740,82,75,7,7
42741,137,111,26,26
42742,69,76,-7,7
42743,69,66,3,3
42744,60,53,7,7
42745,81,90,-9,9
42746,128,123,5,5
42747,78,71,7,7
42748,79,84,-5,5
42749,74,84,-10,10
42750,69,73,-4,4
42751,140,135,5,5
42752,108,111,-3,3
42753,61,58,3,3
42754,142,140,2,2
42755,42,43,-1,1
42756,68,65,3,3
42757,74,75,-1,1
42758,94,97,-3,3
42759,164,154,10,10
42760,77,74,3,3
42761,94,84,10,10
42762,192,187,5,5
42763,121,118,3,3
42764,61,61,0,0
42765,120,119,1,1
42766,103,98,5,5
42767,89,84,5,5
42768,100,89,11,11
42769,97,88,9,9
42770,64,68,-4,4
42771,165,156,9,9
42772,74,71,3,3
42773,65,67,-2,2
42774,39,58,-19,19
42775,183,164,19,19
42776,82,83,-1,1
42777,111,108,3,3
42778,150,133,17,17
42779,89,77,12,12
42780,116,111,5,5
42781,106,104,2,2
42782,129,130,-1,1
42783,59,65,-6,6
42784,161,134,27,27
42785,108,121,-13,13
42786,63,76,-13,13
42787,114,108,6,6
42788,80,85,-5,5
42789,81,86,-5,5
42790,72,73,-1,1
42791,99,92,7,7
42792,98,83,15,15
42793,111,99,12,12
42794,120,113,7,7
42795,119,112,7,7
42796,69,73,-4,4
42797,137,126,11,11
42798,130,126,4,4
42799,106,91,15,15
42800,58,63,-5,5
42801,144,135,9,9
42802,117,115,2,2
42803,146,148,-2,2
42804,137,126,11,11
42805,116,120,-4,4
42806,86,78,8,8
42807,89,83,6,6
42808,107,102,5,5
42809,108,110,-2,2
42810,109,93,16,16
42811,53,64,-11,11
42812,79,72,7,7
42813,59,63,-4,4
42814,84,81,3,3
42815,156,139,17,17
42816,121,113,8,8
42817,66,66,0,0
42818,74,76,-2,2
42819,47,106,-59,59
42820,106,100,6,6
42821,98,84,14,14
42822,68,61,7,7
42823,58,67,-9,9
42824,86,87,-1,1
42825,87,88,-1,1
42826,85,91,-6,6
42827,143,131,12,12
42828,168,144,24,24
42829,63,73,-10,10
42830,72,113,-41,41
42831,170,176,-6,6
42832,139,138,1,1
42833,104,107,-3,3
42834,66,57,9,9
42835,78,78,0,0
42836,66,62,4,4
42837,78,73,5,5
42838,178,152,26,26
42839,176,164,12,12
42840,77,72,5,5
42841,51,51,0,0
42842,112,90,22,22
42843,110,123,-13,13
42844,140,140,0,0
42845,120,106,14,14
42846,88,88,0,0
42847,85,92,-7,7
42848,166,150,16,16
42849,71,68,3,3
42850,112,116,-4,4
42851,73,67,6,6
42852,80,80,0,0
42853,113,126,-13,13
42854,62,66,-4,4
42855,94,74,20,20
42856,145,138,7,7
42857,131,135,-4,4
42858,103,101,2,2
42859,98,102,-4,4
42860,84,78,6,6
42861,133,121,12,12
42862,144,133,11,11
42863,141,123,18,18
42864,119,102,17,17
42865,87,83,4,4
42866,79,83,-4,4
42867,63,70,-7,7
42868,89,90,-1,1
42869,38,46,-8,8
42870,99,100,-1,1
42871,114,102,12,12
42872,129,109,20,20
42873,155,151,4,4
42874,87,71,16,16
42875,70,68,2,2
42876,112,101,11,11
42877,137,130,7,7
42878,92,83,9,9
42879,145,138,7,7
42880,154,127,27,27
42881,130,123,7,7
42882,45,47,-2,2
42883,63,60,3,3
42884,58,56,2,2
42885,96,98,-2,2
42886,102,96,6,6
42887,118,123,-5,5
42888,119,112,7,7
42889,75,73,2,2
42890,115,113,2,2
42891,94,95,-1,1
42892,108,104,4,4
42893,101,95,6,6
42894,136,128,8,8
42895,110,107,3,3
42896,127,115,12,12
42897,94,80,14,14
42898,124,107,17,17
42899,68,70,-2,2
42900,128,112,16,16
42901,138,129,9,9
42902,83,83,0,0
42903,125,104,21,21
42904,63,69,-6,6
42905,133,102,31,31
42906,77,71,6,6
42907,94,85,9,9
42908,116,99,17,17
42909,93,94,-1,1
42910,84,86,-2,2
42911,125,120,5,5
42912,123,125,-2,2
42913,92,84,8,8
42914,155,144,11,11
42915,86,180,-94,94
42916,75,75,0,0
42917,74,74,0,0
42918,78,80,-2,2
42919,96,85,11,11
42920,113,117,-4,4
42921,139,159,-20,20
42922,95,88,7,7
42923,83,84,-1,1
42924,128,122,6,6
42925,102,97,5,5
42926,124,137,-13,13
42927,71,73,-2,2
42928,63,67,-4,4
42929,71,69,2,2
42930,131,129,2,2
42931,115,130,-15,15
42932,91,87,4,4
42933,92,95,-3,3
42934,59,56,3,3
42935,138,135,3,3
42936,71,67,4,4
42937,53,63,-10,10
42938,103,102,1,1
42939,85,79,6,6
42940,92,90,2,2
42941,109,120,-11,11
42942,74,81,-7,7
42943,100,94,6,6
42944,111,105,6,6
42945,112,107,5,5
42946,112,98,14,14
42947,31,42,-11,11
42948,57,76,-19,19
42949,194,175,19,19
42950,75,68,7,7
42951,119,116,3,3
42952,106,102,4,4
42953,89,75,14,14
42954,75,72,3,3
42955,77,76,1,1
42956,68,72,-4,4
42957,48,47,1,1
42958,53,51,2,2
42959,91,88,3,3
42960,90,103,-13,13
42961,57,68,-11,11
42962,81,81,0,0
42963,113,108,5,5
42964,89,82,7,7
42965,74,71,3,3
42966,89,86,3,3
42967,73,75,-2,2
42968,54,50,4,4
42969,77,75,2,2
42970,108,94,14,14
42971,59,71,-12,12
42972,218,191,27,27
42973,118,125,-7,7
42974,86,87,-1,1
42975,153,142,11,11
42976,123,116,7,7
42977,117,116,1,1
42978,51,48,3,3
42979,77,76,1,1
42980,59,58,1,1
42981,69,77,-8,8
42982,67,72,-5,5
42983,83,78,5,5
42984,137,119,18,18
42985,96,84,12,12
42986,68,70,-2,2
42987,91,97,-6,6
42988,81,87,-6,6
42989,79,69,10,10
42990,50,47,3,3
42991,78,77,1,1
42992,32,41,-9,9
42993,64,65,-1,1
42994,80,85,-5,5
42995,99,101,-2,2
42996,131,131,0,0
42997,48,51,-3,3
42998,77,72,5,5
42999,128,123,5,5
43000,120,114,6,6
43001,55,55,0,0
43002,79,69,10,10
43003,85,81,4,4
43004,148,132,16,16
43005,136,129,7,7
43006,111,120,-9,9
43007,105,123,-18,18
43008,93,89,4,4
43009,79,78,1,1
43010,87,83,4,4
43011,69,73,-4,4
43012,109,105,4,4
43013,156,142,14,14
43014,106,103,3,3
43015,105,102,3,3
43016,42,43,-1,1
43017,84,80,4,4
43018,15,37,-22,22
43019,89,94,-5,5
43020,179,166,13,13
43021,65,68,-3,3
43022,108,110,-2,2
43023,40,48,-8,8
43024,89,80,9,9
43025,138,124,14,14
43026,134,131,3,3
43027,102,95,7,7
43028,103,97,6,6
43029,143,122,21,21
43030,65,68,-3,3
43031,74,71,3,3
43032,116,104,12,12
43033,79,82,-3,3
43034,74,74,0,0
43035,91,70,21,21
43036,99,93,6,6
43037,64,63,1,1
43038,120,108,12,12
43039,103,90,13,13
43040,90,89,1,1
43041,51,48,3,3
43042,96,86,10,10
43043,77,75,2,2
43044,142,141,1,1
43045,77,67,10,10
43046,90,84,6,6
43047,141,130,11,11
43048,85,89,-4,4
43049,98,86,12,12
43050,146,136,10,10
43051,120,108,12,12
43052,107,105,2,2
43053,97,97,0,0
43054,125,126,-1,1
43055,81,85,-4,4
43056,99,98,1,1
43057,90,89,1,1
43058,53,50,3,3
43059,88,76,12,12
43060,70,61,9,9
43061,57,72,-15,15
43062,77,73,4,4
43063,51,65,-14,14
43064,110,112,-2,2
43065,72,73,-1,1
43066,101,98,3,3
43067,177,155,22,22
43068,153,134,19,19
43069,157,148,9,9
43070,67,67,0,0
43071,63,66,-3,3
43072,208,185,23,23
43073,84,78,6,6
43074,69,71,-2,2
43075,110,94,16,16
43076,85,73,12,12
43077,37,44,-7,7
43078,142,116,26,26
43079,82,85,-3,3
43080,81,89,-8,8
43081,94,90,4,4
43082,143,139,4,4
43083,118,107,11,11
43084,86,92,-6,6
43085,76,83,-7,7
43086,73,65,8,8
43087,131,108,23,23
43088,53,69,-16,16
43089,66,68,-2,2
43090,101,99,2,2
43091,115,112,3,3
43092,136,126,10,10
43093,61,91,-30,30
43094,86,85,1,1
43095,71,79,-8,8
43096,81,83,-2,2
43097,69,79,-10,10
43098,36,47,-11,11
43099,157,145,12,12
43100,57,64,-7,7
43101,73,70,3,3
43102,185,159,26,26
43103,62,53,9,9
43104,123,121,2,2
43105,65,66,-1,1
43106,73,70,3,3
43107,98,94,4,4
43108,101,95,6,6
43109,104,97,7,7
43110,83,85,-2,2
43111,58,61,-3,3
43112,85,84,1,1
43113,55,62,-7,7
43114,80,68,12,12
43115,66,66,0,0
43116,83,77,6,6
43117,107,112,-5,5
43118,104,95,9,9
43119,44,55,-11,11
43120,63,71,-8,8
43121,85,78,7,7
43122,133,124,9,9
43123,59,60,-1,1
43124,130,100,30,30
43125,74,73,1,1
43126,62,58,4,4
43127,109,98,11,11
43128,71,72,-1,1
43129,55,98,-43,43
43130,142,132,10,10
43131,117,117,0,0
43132,110,100,10,10
43133,35,49,-14,14
43134,85,87,-2,2
43135,63,59,4,4
43136,79,87,-8,8
43137,101,93,8,8
43138,73,76,-3,3
43139,150,146,4,4
43140,164,139,25,25
43141,121,112,9,9
43142,56,63,-7,7
43143,82,87,-5,5
43144,115,123,-8,8
43145,103,90,13,13
43146,80,77,3,3
43147,90,104,-14,14
43148,103,97,6,6
43149,122,124,-2,2
43150,113,111,2,2
43151,62,72,-10,10
43152,120,116,4,4
43153,94,93,1,1
43154,93,89,4,4
43155,52,56,-4,4
43156,89,80,9,9
43157,72,61,11,11
43158,65,55,10,10
43159,92,84,8,8
43160,59,58,1,1
43161,86,104,-18,18
43162,119,116,3,3
43163,64,70,-6,6
43164,142,109,33,33
43165,80,79,1,1
43166,68,65,3,3
43167,85,88,-3,3
43168,69,70,-1,1
43169,157,146,11,11
43170,120,100,20,20
43171,135,125,10,10
43172,72,68,4,4
43173,99,83,16,16
43174,88,93,-5,5
43175,101,95,6,6
43176,72,75,-3,3
43177,166,166,0,0
43178,49,51,-2,2
43179,89,85,4,4
43180,113,101,12,12
43181,113,101,12,12
43182,85,86,-1,1
43183,67,80,-13,13
43184,89,89,0,0
43185,63,65,-2,2
43186,52,87,-35,35
43187,127,117,10,10
43188,106,102,4,4
43189,120,99,21,21
43190,97,113,-16,16
43191,57,65,-8,8
43192,68,83,-15,15
43193,105,101,4,4
43194,106,111,-5,5
43195,133,125,8,8
43196,63,72,-9,9
43197,58,63,-5,5
43198,106,110,-4,4
43199,103,91,12,12
43200,71,74,-3,3
43201,103,102,1,1
43202,42,42,0,0
43203,91,83,8,8
43204,103,107,-4,4
43205,90,87,3,3
43206,103,100,3,3
43207,111,103,8,8
43208,132,114,18,18
43209,115,110,5,5
43210,121,124,-3,3
43211,122,106,16,16
43212,132,123,9,9
43213,32,43,-11,11
43214,110,102,8,8
43215,87,89,-2,2
43216,135,127,8,8
43217,102,94,8,8
43218,82,87,-5,5
43219,131,119,12,12
43220,102,104,-2,2
43221,52,55,-3,3
43222,100,105,-5,5
43223,100,91,9,9
43224,90,93,-3,3
43225,85,89,-4,4
43226,61,68,-7,7
43227,154,162,-8,8
43228,137,122,15,15
43229,107,95,12,12
43230,98,97,1,1
43231,92,87,5,5
43232,191,163,28,28
43233,113,118,-5,5
43234,104,100,4,4
43235,62,56,6,6
43236,80,80,0,0
43237,50,49,1,1
43238,100,83,17,17
43239,126,124,2,2
43240,113,103,10,10
43241,69,73,-4,4
43242,62,56,6,6
43243,52,69,-17,17
43244,118,113,5,5
43245,59,65,-6,6
43246,40,49,-9,9
43247,93,91,2,2
43248,105,109,-4,4
43249,127,116,11,11
43250,84,93,-9,9
43251,93,103,-10,10
43252,121,125,-4,4
43253,94,96,-2,2
43254,64,67,-3,3
43255,109,102,7,7
43256,123,127,-4,4
43257,130,122,8,8
43258,138,131,7,7
43259,67,73,-6,6
43260,99,93,6,6
43261,84,80,4,4
43262,112,122,-10,10
43263,103,101,2,2
43264,60,56,4,4
43265,90,109,-19,19
43266,131,129,2,2
43267,47,49,-2,2
43268,90,84,6,6
43269,81,85,-4,4
43270,84,79,5,5
43271,81,81,0,0
43272,105,107,-2,2
43273,67,72,-5,5
43274,86,86,0,0
43275,140,142,-2,2
43276,78,69,9,9
43277,96,88,8,8
43278,102,101,1,1
43279,43,48,-5,5
43280,71,82,-11,11
43281,91,95,-4,4
43282,84,80,4,4
43283,125,118,7,7
43284,50,53,-3,3
43285,90,92,-2,2
43286,68,66,2,2
43287,129,120,9,9
43288,133,136,-3,3
43289,72,89,-17,17
43290,150,143,7,7
43291,179,157,22,22
43292,96,93,3,3
43293,72,69,3,3
43294,178,153,25,25
43295,89,86,3,3
43296,129,112,17,17
43297,84,76,8,8
43298,87,79,8,8
43299,82,75,7,7
43300,82,90,-8,8
43301,91,88,3,3
43302,112,114,-2,2
43303,88,93,-5,5
43304,100,106,-6,6
43305,164,148,16,16
43306,89,90,-1,1
43307,72,79,-7,7
43308,111,112,-1,1
43309,123,127,-4,4
43310,163,139,24,24
43311,65,65,0,0
43312,130,130,0,0
43313,145,138,7,7
43314,92,88,4,4
43315,50,62,-12,12
43316,73,89,-16,16
43317,57,62,-5,5
43318,89,78,11,11
43319,82,80,2,2
43320,67,66,1,1
43321,91,99,-8,8
43322,112,107,5,5
43323,73,71,2,2
43324,64,61,3,3
43325,119,128,-9,9
43326,61,55,6,6
43327,26,39,-13,13
43328,67,70,-3,3
43329,178,158,20,20
43330,97,82,15,15
43331,132,109,23,23
43332,121,122,-1,1
43333,143,116,27,27
43334,92,98,-6,6
43335,78,83,-5,5
43336,99,98,1,1
43337,68,66,2,2
43338,61,62,-1,1
43339,139,140,-1,1
43340,162,155,7,7
43341,86,82,4,4
43342,106,98,8,8
43343,48,48,0,0
43344,125,111,14,14
43345,123,118,5,5
43346,117,109,8,8
43347,229,193,36,36
43348,83,86,-3,3
43349,72,109,-37,37
43350,130,125,5,5
43351,49,54,-5,5
43352,124,118,6,6
43353,123,123,0,0
43354,127,131,-4,4
43355,78,78,0,0
43356,87,106,-19,19
43357,129,113,16,16
43358,97,91,6,6
43359,129,137,-8,8
43360,69,67,2,2
43361,84,83,1,1
43362,122,104,18,18
43363,158,138,20,20
43364,77,85,-8,8
43365,86,94,-8,8
43366,100,102,-2,2
43367,93,96,-3,3
43368,117,106,11,11
43369,139,126,13,13
43370,100,93,7,7
43371,162,150,12,12
43372,68,70,-2,2
43373,68,71,-3,3
43374,85,75,10,10
43375,105,92,13,13
43376,174,152,22,22
43377,85,88,-3,3
43378,108,96,12,12
43379,67,71,-4,4
43380,115,110,5,5
43381,63,65,-2,2
43382,107,101,6,6
43383,99,100,-1,1
43384,52,55,-3,3
43385,87,82,5,5
43386,125,94,31,31
43387,64,56,8,8
43388,101,114,-13,13
43389,118,114,4,4
43390,129,123,6,6
43391,100,97,3,3
43392,71,66,5,5
43393,70,77,-7,7
43394,70,76,-6,6
43395,101,81,20,20
43396,71,77,-6,6
43397,70,72,-2,2
43398,115,107,8,8
43399,56,56,0,0
43400,106,101,5,5
43401,125,120,5,5
43402,104,102,2,2
43403,84,81,3,3
43404,64,69,-5,5
43405,82,82,0,0
43406,99,101,-2,2
43407,167,155,12,12
43408,107,104,3,3
43409,91,85,6,6
43410,83,84,-1,1
43411,89,79,10,10
43412,92,84,8,8
43413,114,104,10,10
43414,126,101,25,25
43415,133,120,13,13
43416,51,57,-6,6
43417,87,79,8,8
43418,67,65,2,2
43419,67,63,4,4
43420,142,130,12,12
43421,139,123,16,16
43422,125,105,20,20
43423,81,77,4,4
43424,210,183,27,27
43425,113,103,10,10
43426,57,68,-11,11
43427,94,94,0,0
43428,121,97,24,24
43429,107,102,5,5
43430,38,47,-9,9
43431,81,86,-5,5
43432,126,108,18,18
43433,248,231,17,17
43434,92,93,-1,1
43435,153,142,11,11
43436,127,125,2,2
43437,45,50,-5,5
43438,81,98,-17,17
43439,164,154,10,10
43440,140,145,-5,5
43441,114,109,5,5
43442,115,112,3,3
43443,87,80,7,7
43444,57,58,-1,1
43445,51,46,5,5
43446,95,101,-6,6
43447,33,42,-9,9
43448,128,122,6,6
43449,101,94,7,7
43450,75,76,-1,1
43451,138,128,10,10
43452,136,120,16,16
43453,63,85,-22,22
43454,80,69,11,11
43455,90,100,-10,10
43456,47,44,3,3
43457,96,93,3,3
43458,62,63,-1,1
43459,98,91,7,7
43460,140,133,7,7
43461,84,74,10,10
43462,143,141,2,2
43463,84,88,-4,4
43464,151,145,6,6
43465,87,78,9,9
43466,107,111,-4,4
43467,118,107,11,11
43468,60,67,-7,7
43469,82,86,-4,4
43470,167,151,16,16
43471,110,100,10,10
43472,98,93,5,5
43473,83,86,-3,3
43474,76,74,2,2
43475,93,105,-12,12
43476,102,99,3,3
43477,76,65,11,11
43478,76,81,-5,5
43479,115,113,2,2
43480,77,83,-6,6
43481,98,93,5,5
43482,149,138,11,11
43483,78,72,6,6
43484,119,117,2,2
43485,121,110,11,11
43486,46,77,-31,31
43487,67,75,-8,8
43488,129,113,16,16
43489,114,114,0,0
43490,73,73,0,0
43491,118,111,7,7
43492,90,89,1,1
43493,165,158,7,7
43494,147,141,6,6
43495,52,45,7,7
43496,111,121,-10,10
43497,160,142,18,18
43498,88,93,-5,5
43499,105,100,5,5
43500,105,92,13,13
43501,90,91,-1,1
43502,120,119,1,1
43503,89,70,19,19
43504,79,81,-2,2
43505,82,89,-7,7
43506,122,121,1,1
43507,96,91,5,5
43508,48,54,-6,6
43509,70,65,5,5
43510,65,75,-10,10
43511,78,83,-5,5
43512,133,129,4,4
43513,48,50,-2,2
43514,90,87,3,3
43515,54,58,-4,4
43516,104,91,13,13
43517,91,82,9,9
43518,112,108,4,4
43519,63,67,-4,4
43520,113,105,8,8
43521,99,83,16,16
43522,100,97,3,3
43523,69,72,-3,3
43524,122,112,10,10
43525,84,85,-1,1
43526,119,103,16,16
43527,103,93,10,10
43528,91,105,-14,14
43529,55,60,-5,5
43530,64,66,-2,2
43531,87,85,2,2
43532,220,198,22,22
43533,85,84,1,1
43534,63,66,-3,3
43535,64,64,0,0
43536,109,114,-5,5
43537,80,76,4,4
43538,91,89,2,2
43539,146,144,2,2
43540,125,119,6,6
43541,130,130,0,0
43542,127,136,-9,9
43543,113,100,13,13
43544,125,120,5,5
43545,84,84,0,0
43546,111,108,3,3
43547,138,122,16,16
43548,47,49,-2,2
43549,75,83,-8,8
43550,98,104,-6,6
43551,163,150,13,13
43552,140,123,17,17
43553,50,50,0,0
43554,77,75,2,2
43555,64,63,1,1
43556,76,73,3,3
43557,108,103,5,5
43558,53,48,5,5
43559,65,76,-11,11
43560,197,180,17,17
43561,182,163,19,19
43562,71,70,1,1
43563,134,112,22,22
43564,126,112,14,14
43565,54,59,-5,5
43566,132,134,-2,2
43567,86,78,8,8
43568,106,106,0,0
43569,53,52,1,1
43570,87,86,1,1
43571,80,81,-1,1
43572,150,146,4,4
43573,49,47,2,2
43574,137,112,25,25
43575,51,55,-4,4
43576,90,81,9,9
43577,125,121,4,4
43578,110,111,-1,1
43579,112,110,2,2
43580,51,54,-3,3
43581,105,92,13,13
43582,110,108,2,2
43583,93,96,-3,3
43584,169,156,13,13
43585,97,81,16,16
43586,97,77,20,20
43587,89,91,-2,2
43588,75,77,-2,2
43589,119,114,5,5
43590,93,97,-4,4
43591,53,60,-7,7
43592,121,99,22,22
43593,61,78,-17,17
43594,98,102,-4,4
43595,92,92,0,0
43596,63,60,3,3
43597,101,86,15,15
43598,180,162,18,18
43599,70,68,2,2
43600,66,67,-1,1
43601,121,187,-66,66
43602,100,96,4,4
43603,151,144,7,7
43604,44,69,-25,25
43605,93,91,2,2
43606,79,74,5,5
43607,133,118,15,15
43608,51,51,0,0
43609,111,109,2,2
43610,83,81,2,2
43611,93,97,-4,4
43612,78,67,11,11
43613,75,73,2,2
43614,133,130,3,3
43615,128,114,14,14
43616,98,104,-6,6
43617,137,116,21,21
43618,79,83,-4,4
43619,90,86,4,4
43620,62,65,-3,3
43621,170,165,5,5
43622,123,121,2,2
43623,57,65,-8,8
43624,87,97,-10,10
43625,35,48,-13,13
43626,76,85,-9,9
43627,95,84,11,11
43628,63,76,-13,13
43629,74,72,2,2
43630,125,128,-3,3
43631,115,112,3,3
43632,63,65,-2,2
43633,141,131,10,10
43634,78,77,1,1
43635,71,72,-1,1
43636,90,88,2,2
43637,235,216,19,19
43638,118,104,14,14
43639,65,72,-7,7
43640,98,88,10,10
43641,97,104,-7,7
43642,48,56,-8,8
43643,110,105,5,5
43644,96,94,2,2
43645,119,111,8,8
43646,141,129,12,12
43647,80,81,-1,1
43648,88,104,-16,16
43649,93,91,2,2
43650,141,138,3,3
43651,59,80,-21,21
43652,98,96,2,2
43653,66,79,-13,13
43654,91,92,-1,1
43655,90,86,4,4
43656,111,107,4,4
43657,96,92,4,4
43658,103,95,8,8
43659,59,63,-4,4
43660,68,70,-2,2
43661,73,73,0,0
43662,60,66,-6,6
43663,75,92,-17,17
43664,65,68,-3,3
43665,91,92,-1,1
43666,53,67,-14,14
43667,97,97,0,0
43668,66,63,3,3
43669,94,93,1,1
43670,97,93,4,4
43671,81,81,0,0
43672,134,123,11,11
43673,96,99,-3,3
43674,115,116,-1,1
43675,51,72,-21,21
43676,75,80,-5,5
43677,157,141,16,16
43678,86,88,-2,2
43679,147,149,-2,2
43680,85,83,2,2
43681,88,93,-5,5
43682,46,51,-5,5
43683,119,114,5,5
43684,109,94,15,15
43685,142,139,3,3
43686,95,99,-4,4
43687,93,99,-6,6
43688,79,79,0,0
43689,142,133,9,9
43690,83,86,-3,3
43691,93,92,1,1
43692,149,110,39,39
43693,114,99,15,15
43694,99,91,8,8
43695,125,123,2,2
43696,116,99,17,17
43697,131,133,-2,2
43698,103,96,7,7
43699,79,72,7,7
43700,171,161,10,10
43701,69,77,-8,8
43702,78,87,-9,9
43703,67,78,-11,11
43704,82,81,1,1
43705,110,112,-2,2
43706,171,154,17,17
43707,46,46,0,0
43708,60,64,-4,4
43709,179,156,23,23
43710,68,73,-5,5
43711,66,63,3,3
43712,67,67,0,0
43713,87,102,-15,15
43714,61,65,-4,4
43715,61,67,-6,6
43716,122,121,1,1
43717,96,96,0,0
43718,106,93,13,13
43719,54,55,-1,1
43720,76,77,-1,1
43721,111,112,-1,1
43722,44,49,-5,5
43723,163,153,10,10
43724,71,64,7,7
43725,74,73,1,1
43726,97,97,0,0
43727,134,124,10,10
43728,82,75,7,7
43729,79,94,-15,15
43730,138,121,17,17
43731,82,96,-14,14
43732,152,148,4,4
43733,111,119,-8,8
43734,123,112,11,11
43735,77,71,6,6
43736,146,131,15,15
43737,82,84,-2,2
43738,69,73,-4,4
43739,91,94,-3,3
43740,166,149,17,17
43741,53,52,1,1
43742,71,66,5,5
43743,84,81,3,3
43744,68,72,-4,4
43745,94,101,-7,7
43746,101,128,-27,27
43747,106,102,4,4
43748,93,86,7,7
43749,69,69,0,0
43750,136,118,18,18
43751,90,86,4,4
43752,87,77,10,10
43753,64,61,3,3
43754,62,99,-37,37
43755,77,83,-6,6
43756,47,67,-20,20
43757,122,119,3,3
43758,67,72,-5,5
43759,87,95,-8,8
43760,84,73,11,11
43761,68,68,0,0
43762,60,64,-4,4
43763,75,77,-2,2
43764,90,83,7,7
43765,69,83,-14,14
43766,77,74,3,3
43767,82,79,3,3
43768,127,124,3,3
43769,58,64,-6,6
43770,151,138,13,13
43771,125,132,-7,7
43772,114,107,7,7
43773,106,108,-2,2
43774,85,88,-3,3
43775,92,86,6,6
43776,70,66,4,4
43777,124,122,2,2
43778,97,103,-6,6
43779,71,76,-5,5
43780,146,143,3,3
43781,93,93,0,0
43782,91,84,7,7
43783,63,61,2,2
43784,60,60,0,0
43785,84,96,-12,12
43786,192,185,7,7
43787,93,85,8,8
43788,133,118,15,15
43789,95,89,6,6
43790,65,62,3,3
43791,81,89,-8,8
43792,107,109,-2,2
43793,131,116,15,15
43794,130,127,3,3
43795,68,64,4,4
43796,77,79,-2,2
43797,112,114,-2,2
43798,67,75,-8,8
43799,91,90,1,1
43800,90,86,4,4
43801,125,122,3,3
43802,69,65,4,4
43803,106,103,3,3
43804,110,97,13,13
43805,65,67,-2,2
43806,87,90,-3,3
43807,60,53,7,7
43808,91,82,9,9
43809,153,133,20,20
43810,95,91,4,4
43811,150,135,15,15
43812,61,68,-7,7
43813,169,171,-2,2
43814,76,75,1,1
43815,93,92,1,1
43816,75,68,7,7
43817,76,86,-10,10
43818,85,98,-13,13
43819,63,72,-9,9
43820,86,87,-1,1
43821,111,99,12,12
43822,81,78,3,3
43823,225,167,58,58
43824,49,56,-7,7
43825,90,93,-3,3
43826,67,66,1,1
43827,109,111,-2,2
43828,103,92,11,11
43829,73,65,8,8
43830,137,135,2,2
43831,93,95,-2,2
43832,68,69,-1,1
43833,82,96,-14,14
43834,66,71,-5,5
43835,110,92,18,18
43836,170,171,-1,1
43837,104,100,4,4
43838,73,76,-3,3
43839,137,122,15,15
43840,55,54,1,1
43841,52,59,-7,7
43842,95,85,10,10
43843,48,48,0,0
43844,67,76,-9,9
43845,64,65,-1,1
43846,71,73,-2,2
43847,77,76,1,1
43848,66,59,7,7
43849,78,77,1,1
43850,71,74,-3,3
43851,117,116,1,1
43852,83,72,11,11
43853,43,47,-4,4
43854,100,90,10,10
43855,50,60,-10,10
43856,140,139,1,1
43857,86,96,-10,10
43858,63,65,-2,2
43859,91,91,0,0
43860,113,106,7,7
43861,63,65,-2,2
43862,61,63,-2,2
43863,78,86,-8,8
43864,34,49,-15,15
43865,90,99,-9,9
43866,47,45,2,2
43867,64,74,-10,10
43868,58,65,-7,7
43869,116,115,1,1
43870,117,113,4,4
43871,84,91,-7,7
43872,105,106,-1,1
43873,86,86,0,0
43874,68,72,-4,4
43875,131,137,-6,6
43876,77,78,-1,1
43877,76,71,5,5
43878,117,104,13,13
43879,97,90,7,7
43880,123,118,5,5
43881,98,100,-2,2
43882,71,70,1,1
43883,127,117,10,10
43884,56,55,1,1
43885,122,109,13,13
43886,49,58,-9,9
43887,60,65,-5,5
43888,115,106,9,9
43889,78,83,-5,5
43890,46,53,-7,7
43891,119,113,6,6
43892,129,143,-14,14
43893,66,66,0,0
43894,142,136,6,6
43895,79,78,1,1
43896,71,78,-7,7
43897,144,135,9,9
43898,106,107,-1,1
43899,77,78,-1,1
43900,74,80,-6,6
43901,69,70,-1,1
43902,88,80,8,8
43903,59,59,0,0
43904,123,114,9,9
43905,54,58,-4,4
43906,43,52,-9,9
43907,155,139,16,16
43908,68,69,-1,1
43909,131,127,4,4
43910,146,137,9,9
43911,102,83,19,19
43912,80,81,-1,1
43913,57,65,-8,8
43914,81,79,2,2
43915,104,112,-8,8
43916,39,45,-6,6
43917,78,82,-4,4
43918,112,107,5,5
43919,44,82,-38,38
43920,79,75,4,4
43921,132,126,6,6
43922,117,121,-4,4
43923,80,84,-4,4
43924,88,77,11,11
43925,61,66,-5,5
43926,57,48,9,9
43927,123,118,5,5
43928,60,65,-5,5
43929,113,102,11,11
43930,64,70,-6,6
43931,101,90,11,11
43932,143,138,5,5
43933,71,77,-6,6
43934,80,72,8,8
43935,70,69,1,1
43936,45,50,-5,5
43937,44,52,-8,8
43938,92,85,7,7
43939,67,72,-5,5
43940,63,53,10,10
43941,139,132,7,7
43942,127,113,14,14
43943,69,65,4,4
43944,136,128,8,8
43945,109,113,-4,4
43946,120,115,5,5
43947,63,67,-4,4
43948,50,56,-6,6
43949,97,89,8,8
43950,103,87,16,16
43951,89,80,9,9
43952,85,79,6,6
43953,173,163,10,10
43954,128,124,4,4
43955,171,166,5,5
43956,49,50,-1,1
43957,99,81,18,18
43958,129,133,-4,4
43959,85,85,0,0
43960,102,94,8,8
43961,124,120,4,4
43962,122,104,18,18
43963,137,128,9,9
43964,89,89,0,0
43965,51,52,-1,1
43966,81,96,-15,15
43967,88,76,12,12
43968,76,82,-6,6
43969,111,115,-4,4
43970,86,86,0,0
43971,131,120,11,11
43972,23,38,-15,15
43973,109,106,3,3
43974,84,77,7,7
43975,101,102,-1,1
43976,139,132,7,7
43977,58,67,-9,9
43978,71,74,-3,3
43979,95,79,16,16
43980,70,69,1,1
43981,65,72,-7,7
43982,95,92,3,3
43983,109,100,9,9
43984,57,57,0,0
43985,103,99,4,4
43986,184,158,26,26
43987,80,75,5,5
43988,103,105,-2,2
43989,94,119,-25,25
43990,62,58,4,4
43991,110,89,21,21
43992,109,110,-1,1
43993,47,51,-4,4
43994,107,111,-4,4
43995,184,154,30,30
43996,122,134,-12,12
43997,155,153,2,2
43998,66,73,-7,7
43999,63,61,2,2
44000,104,115,-11,11
44001,100,88,12,12
44002,82,97,-15,15
44003,162,156,6,6
44004,122,123,-1,1
44005,78,133,-55,55
44006,71,65,6,6
44007,131,111,20,20
44008,113,101,12,12
44009,84,88,-4,4
44010,65,66,-1,1
44011,81,82,-1,1
44012,93,81,12,12
44013,67,68,-1,1
44014,148,127,21,21
44015,72,77,-5,5
44016,106,95,11,11
44017,79,87,-8,8
44018,113,111,2,2
44019,66,62,4,4
44020,68,64,4,4
44021,63,59,4,4
44022,81,96,-15,15
44023,117,111,6,6
44024,70,104,-34,34
44025,78,76,2,2
44026,165,169,-4,4
44027,40,43,-3,3
44028,85,87,-2,2
44029,73,110,-37,37
44030,104,96,8,8
44031,129,113,16,16
44032,116,102,14,14
44033,115,103,12,12
44034,82,78,4,4
44035,84,86,-2,2
44036,82,88,-6,6
44037,29,61,-32,32
44038,64,77,-13,13
44039,66,57,9,9
44040,114,109,5,5
44041,146,129,17,17
44042,65,65,0,0
44043,42,46,-4,4
44044,157,154,3,3
44045,89,86,3,3
44046,116,128,-12,12
44047,54,55,-1,1
44048,77,76,1,1
44049,79,83,-4,4
44050,137,134,3,3
44051,67,65,2,2
44052,105,112,-7,7
44053,149,118,31,31
44054,57,62,-5,5
44055,104,112,-8,8
44056,89,97,-8,8
44057,82,87,-5,5
44058,106,121,-15,15
44059,191,174,17,17
44060,87,83,4,4
44061,58,55,3,3
44062,114,109,5,5
44063,114,117,-3,3
44064,118,105,13,13
44065,159,145,14,14
44066,58,53,5,5
44067,95,90,5,5
44068,74,77,-3,3
44069,135,118,17,17
44070,134,128,6,6
44071,87,83,4,4
44072,130,113,17,17
44073,119,111,8,8
44074,142,133,9,9
44075,152,146,6,6
44076,105,100,5,5
44077,63,61,2,2
44078,92,94,-2,2
44079,75,70,5,5
44080,96,94,2,2
44081,75,70,5,5
44082,56,55,1,1
44083,72,67,5,5
44084,89,105,-16,16
44085,58,63,-5,5
44086,76,75,1,1
44087,90,103,-13,13
44088,73,82,-9,9
44089,78,79,-1,1
44090,110,114,-4,4
44091,174,152,22,22
44092,104,87,17,17
44093,94,94,0,0
44094,165,147,18,18
44095,107,93,14,14
44096,78,76,2,2
44097,90,87,3,3
44098,124,114,10,10
44099,129,114,15,15
44100,66,67,-1,1
44101,73,80,-7,7
44102,139,136,3,3
44103,72,77,-5,5
44104,140,129,11,11
44105,93,99,-6,6
44106,135,120,15,15
44107,56,62,-6,6
44108,76,70,6,6
44109,102,109,-7,7
44110,102,99,3,3
44111,130,122,8,8
44112,152,147,5,5
44113,76,73,3,3
44114,178,176,2,2
44115,85,77,8,8
44116,78,72,6,6
44117,97,114,-17,17
44118,113,113,0,0
44119,81,85,-4,4
44120,65,77,-12,12
44121,42,46,-4,4
44122,72,81,-9,9
44123,115,109,6,6
44124,80,87,-7,7
44125,39,42,-3,3
44126,85,79,6,6
44127,101,92,9,9
44128,158,152,6,6
44129,91,95,-4,4
44130,68,66,2,2
44131,112,115,-3,3
44132,161,154,7,7
44133,147,153,-6,6
44134,63,68,-5,5
44135,60,78,-18,18
44136,84,81,3,3
44137,112,111,1,1
44138,129,113,16,16
44139,136,132,4,4
44140,130,119,11,11
44141,74,74,0,0
44142,111,111,0,0
44143,118,116,2,2
44144,60,59,1,1
44145,59,71,-12,12
44146,90,93,-3,3
44147,72,78,-6,6
44148,118,115,3,3
44149,63,64,-1,1
44150,91,88,3,3
44151,106,106,0,0
44152,89,86,3,3
44153,111,109,2,2
44154,131,121,10,10
44155,85,97,-12,12
44156,97,99,-2,2
44157,41,45,-4,4
44158,104,102,2,2
44159,137,133,4,4
44160,110,100,10,10
44161,50,81,-31,31
44162,143,121,22,22
44163,110,103,7,7
44164,79,81,-2,2
44165,79,83,-4,4
44166,71,75,-4,4
44167,116,116,0,0
44168,89,84,5,5
44169,85,86,-1,1
44170,62,69,-7,7
44171,105,91,14,14
44172,110,112,-2,2
44173,68,75,-7,7
44174,125,121,4,4
44175,120,113,7,7
44176,118,109,9,9
44177,63,64,-1,1
44178,42,45,-3,3
44179,49,55,-6,6
44180,96,92,4,4
44181,107,105,2,2
44182,108,110,-2,2
44183,94,91,3,3
44184,89,87,2,2
44185,117,112,5,5
44186,120,121,-1,1
44187,71,71,0,0
44188,71,76,-5,5
44189,58,64,-6,6
44190,90,99,-9,9
44191,118,106,12,12
44192,43,66,-23,23
44193,78,75,3,3
44194,159,145,14,14
44195,99,107,-8,8
44196,92,97,-5,5
44197,148,127,21,21
44198,97,86,11,11
44199,84,90,-6,6
44200,45,45,0,0
44201,63,67,-4,4
44202,117,108,9,9
44203,122,116,6,6
44204,115,105,10,10
44205,110,100,10,10
44206,114,103,11,11
44207,71,73,-2,2
44208,132,136,-4,4
44209,73,71,2,2
44210,137,127,10,10
44211,79,71,8,8
44212,79,69,10,10
44213,106,103,3,3
44214,99,89,10,10
44215,77,97,-20,20
44216,127,127,0,0
44217,96,86,10,10
44218,66,65,1,1
44219,63,63,0,0
44220,95,98,-3,3
44221,97,91,6,6
44222,42,46,-4,4
44223,60,50,10,10
44224,59,67,-8,8
44225,66,65,1,1
44226,140,102,38,38
44227,64,67,-3,3
44228,72,73,-1,1
44229,85,86,-1,1
44230,119,96,23,23
44231,99,95,4,4
44232,133,123,10,10
44233,75,77,-2,2
44234,66,64,2,2
44235,102,92,10,10
44236,63,71,-8,8
44237,133,125,8,8
44238,144,137,7,7
44239,141,122,19,19
44240,97,105,-8,8
44241,90,92,-2,2
44242,124,123,1,1
44243,123,124,-1,1
44244,191,165,26,26
44245,62,58,4,4
44246,58,66,-8,8
44247,98,90,8,8
44248,113,107,6,6
44249,107,95,12,12
44250,106,101,5,5
44251,95,90,5,5
44252,144,131,13,13
44253,50,49,1,1
44254,195,166,29,29
44255,122,99,23,23
44256,97,82,15,15
44257,71,54,17,17
44258,153,144,9,9
44259,67,70,-3,3
44260,51,56,-5,5
44261,65,72,-7,7
44262,78,78,0,0
44263,87,83,4,4
44264,72,76,-4,4
44265,81,81,0,0
44266,149,137,12,12
44267,119,102,17,17
44268,102,89,13,13
44269,93,89,4,4
44270,116,113,3,3
44271,125,121,4,4
44272,138,129,9,9
44273,75,83,-8,8
44274,100,95,5,5
44275,107,96,11,11
44276,91,112,-21,21
44277,135,126,9,9
44278,47,54,-7,7
44279,95,84,11,11
44280,88,95,-7,7
44281,71,66,5,5
44282,110,122,-12,12
44283,108,106,2,2
44284,49,66,-17,17
44285,48,53,-5,5
44286,93,95,-2,2
44287,94,92,2,2
44288,140,133,7,7
44289,68,64,4,4
44290,79,84,-5,5
44291,147,140,7,7
44292,107,93,14,14
44293,77,74,3,3
44294,87,87,0,0
44295,183,173,10,10
44296,123,107,16,16
44297,143,132,11,11
44298,94,92,2,2
44299,96,87,9,9
44300,85,88,-3,3
44301,112,111,1,1
44302,82,83,-1,1
44303,103,98,5,5
44304,98,98,0,0
44305,104,102,2,2
44306,81,77,4,4
44307,57,58,-1,1
44308,113,122,-9,9
44309,80,79,1,1
44310,117,108,9,9
44311,68,64,4,4
44312,76,80,-4,4
44313,69,83,-14,14
44314,86,93,-7,7
44315,107,93,14,14
44316,63,55,8,8
44317,127,120,7,7
44318,87,86,1,1
44319,82,80,2,2
44320,92,86,6,6
44321,78,79,-1,1
44322,117,111,6,6
44323,93,99,-6,6
44324,116,115,1,1
44325,51,58,-7,7
44326,80,78,2,2
44327,126,127,-1,1
44328,48,66,-18,18
44329,183,175,8,8
44330,61,65,-4,4
44331,128,126,2,2
44332,95,84,11,11
44333,107,94,13,13
44334,87,91,-4,4
44335,136,133,3,3
44336,49,50,-1,1
44337,77,74,3,3
44338,114,106,8,8
44339,139,122,17,17
44340,90,92,-2,2
44341,164,171,-7,7
44342,124,132,-8,8
44343,115,114,1,1
44344,111,103,8,8
44345,144,137,7,7
44346,72,75,-3,3
44347,121,108,13,13
44348,131,116,15,15
44349,99,108,-9,9
44350,55,65,-10,10
44351,125,111,14,14
44352,43,46,-3,3
44353,75,71,4,4
44354,71,69,2,2
44355,62,65,-3,3
44356,86,83,3,3
44357,78,79,-1,1
44358,101,99,2,2
44359,81,80,1,1
44360,144,125,19,19
44361,121,105,16,16
44362,84,80,4,4
44363,91,85,6,6
44364,108,120,-12,12
44365,84,82,2,2
44366,96,90,6,6
44367,130,127,3,3
44368,53,53,0,0
44369,111,117,-6,6
44370,65,58,7,7
44371,138,121,17,17
44372,39,44,-5,5
44373,54,63,-9,9
44374,48,49,-1,1
44375,62,60,2,2
44376,110,105,5,5
44377,88,90,-2,2
44378,92,84,8,8
44379,124,114,10,10
44380,86,88,-2,2
44381,89,97,-8,8
44382,96,101,-5,5
44383,50,53,-3,3
44384,92,82,10,10
44385,70,71,-1,1
44386,101,98,3,3
44387,143,131,12,12
44388,128,131,-3,3
44389,83,84,-1,1
44390,59,58,1,1
44391,131,118,13,13
44392,79,72,7,7
44393,66,66,0,0
44394,110,104,6,6
44395,99,91,8,8
44396,100,102,-2,2
44397,92,90,2,2
44398,115,104,11,11
44399,87,80,7,7
44400,105,92,13,13
44401,77,76,1,1
44402,93,93,0,0
44403,124,118,6,6
44404,71,78,-7,7
44405,68,70,-2,2
44406,107,114,-7,7
44407,130,127,3,3
44408,32,44,-12,12
44409,96,103,-7,7
44410,82,81,1,1
44411,73,73,0,0
44412,57,80,-23,23
44413,60,64,-4,4
44414,61,64,-3,3
44415,127,110,17,17
44416,67,65,2,2
44417,148,131,17,17
44418,111,99,12,12
44419,119,105,14,14
44420,86,79,7,7
44421,88,86,2,2
44422,68,67,1,1
44423,65,72,-7,7
44424,64,72,-8,8
44425,158,130,28,28
44426,144,121,23,23
44427,91,90,1,1
44428,63,65,-2,2
44429,88,93,-5,5
44430,122,104,18,18
44431,51,52,-1,1
44432,124,128,-4,4
44433,118,99,19,19
44434,49,46,3,3
44435,94,85,9,9
44436,69,66,3,3
44437,168,151,17,17
44438,79,82,-3,3
44439,70,77,-7,7
44440,199,187,12,12
44441,43,53,-10,10
44442,85,87,-2,2
44443,51,51,0,0
44444,135,126,9,9
44445,57,77,-20,20
44446,191,188,3,3
44447,94,96,-2,2
44448,109,109,0,0
44449,76,76,0,0
44450,175,168,7,7
44451,126,125,1,1
44452,143,132,11,11
44453,101,98,3,3
44454,50,78,-28,28
44455,84,87,-3,3
44456,94,88,6,6
44457,110,105,5,5
44458,170,140,30,30
44459,149,134,15,15
44460,94,94,0,0
44461,102,101,1,1
44462,118,123,-5,5
44463,112,111,1,1
44464,108,105,3,3
44465,58,61,-3,3
44466,39,100,-61,61
44467,112,106,6,6
44468,107,115,-8,8
44469,61,64,-3,3
44470,99,95,4,4
44471,62,76,-14,14
44472,119,105,14,14
44473,105,94,11,11
44474,93,84,9,9
44475,109,102,7,7
44476,132,118,14,14
44477,83,98,-15,15
44478,46,48,-2,2
44479,170,158,12,12
44480,217,187,30,30
44481,119,114,5,5
44482,140,147,-7,7
44483,106,101,5,5
44484,100,95,5,5
44485,61,58,3,3
44486,111,124,-13,13
44487,117,101,16,16
44488,68,80,-12,12
44489,94,91,3,3
44490,74,71,3,3
44491,109,111,-2,2
44492,98,113,-15,15
44493,103,96,7,7
44494,78,88,-10,10
44495,80,80,0,0
44496,83,84,-1,1
44497,76,82,-6,6
44498,110,105,5,5
44499,152,140,12,12
44500,81,71,10,10
44501,133,129,4,4
44502,66,61,5,5
44503,102,96,6,6
44504,102,103,-1,1
44505,53,57,-4,4
44506,139,135,4,4
44507,133,120,13,13
44508,57,59,-2,2
44509,61,62,-1,1
44510,116,101,15,15
44511,97,94,3,3
44512,187,166,21,21
44513,62,62,0,0
44514,102,96,6,6
44515,62,71,-9,9
44516,48,44,4,4
44517,108,110,-2,2
44518,68,65,3,3
44519,112,108,4,4
44520,154,138,16,16
44521,76,76,0,0
44522,110,108,2,2
44523,89,90,-1,1
44524,128,122,6,6
44525,61,70,-9,9
44526,60,66,-6,6
44527,143,141,2,2
44528,107,110,-3,3
44529,76,69,7,7
44530,79,81,-2,2
44531,65,64,1,1
44532,104,102,2,2
44533,145,136,9,9
44534,86,76,10,10
44535,83,81,2,2
44536,88,98,-10,10
44537,178,162,16,16
44538,116,121,-5,5
44539,105,119,-14,14
44540,72,78,-6,6
44541,77,77,0,0
44542,56,66,-10,10
44543,109,93,16,16
44544,45,49,-4,4
44545,106,96,10,10
44546,42,47,-5,5
44547,118,119,-1,1
44548,102,93,9,9
44549,47,69,-22,22
44550,70,72,-2,2
44551,103,102,1,1
44552,123,122,1,1
44553,170,163,7,7
44554,124,126,-2,2
44555,98,97,1,1
44556,57,67,-10,10
44557,122,126,-4,4
44558,59,56,3,3
44559,107,91,16,16
44560,73,68,5,5
44561,65,65,0,0
44562,53,49,4,4
44563,152,141,11,11
44564,81,78,3,3
44565,87,80,7,7
44566,77,74,3,3
44567,129,131,-2,2
44568,165,156,9,9
44569,111,108,3,3
44570,108,110,-2,2
44571,67,72,-5,5
44572,78,76,2,2
44573,105,92,13,13
44574,72,69,3,3
44575,75,84,-9,9
44576,85,78,7,7
44577,57,56,1,1
44578,115,120,-5,5
44579,74,74,0,0
44580,170,163,7,7
44581,90,94,-4,4
44582,85,86,-1,1
44583,65,70,-5,5
44584,45,47,-2,2
44585,160,131,29,29
44586,160,140,20,20
44587,99,102,-3,3
44588,62,71,-9,9
44589,121,120,1,1
44590,129,116,13,13
44591,98,99,-1,1
44592,104,98,6,6
44593,69,69,0,0
44594,75,70,5,5
44595,95,88,7,7
44596,118,117,1,1
44597,94,132,-38,38
44598,100,99,1,1
44599,129,114,15,15
44600,118,112,6,6
44601,57,155,-98,98
44602,68,67,1,1
44603,123,119,4,4
44604,93,87,6,6
44605,53,68,-15,15
44606,92,87,5,5
44607,78,80,-2,2
44608,175,143,32,32
44609,115,125,-10,10
44610,70,74,-4,4
44611,161,138,23,23
44612,61,66,-5,5
44613,64,67,-3,3
44614,86,89,-3,3
44615,84,82,2,2
44616,152,120,32,32
44617,116,109,7,7
44618,53,56,-3,3
44619,57,60,-3,3
44620,68,75,-7,7
44621,178,164,14,14
44622,93,86,7,7
44623,120,110,10,10
44624,136,130,6,6
44625,39,46,-7,7
44626,102,92,10,10
44627,167,168,-1,1
44628,65,64,1,1
44629,50,65,-15,15
44630,80,77,3,3
44631,126,119,7,7
44632,67,67,0,0
44633,59,71,-12,12
44634,116,110,6,6
44635,95,92,3,3
44636,57,55,2,2
44637,75,82,-7,7
44638,99,96,3,3
44639,94,92,2,2
44640,65,65,0,0
44641,90,88,2,2
44642,126,114,12,12
44643,86,92,-6,6
44644,103,98,5,5
44645,92,103,-11,11
44646,120,114,6,6
44647,86,79,7,7
44648,19,35,-16,16
44649,138,129,9,9
44650,86,82,4,4
44651,126,113,13,13
44652,103,100,3,3
44653,89,86,3,3
44654,71,73,-2,2
44655,63,58,5,5
44656,76,78,-2,2
44657,154,140,14,14
44658,64,67,-3,3
44659,73,73,0,0
44660,61,66,-5,5
44661,57,66,-9,9
44662,142,139,3,3
44663,193,177,16,16
44664,58,74,-16,16
44665,89,98,-9,9
44666,88,88,0,0
44667,121,114,7,7
44668,110,105,5,5
44669,116,105,11,11
44670,100,90,10,10
44671,62,56,6,6
44672,100,101,-1,1
44673,146,122,24,24
44674,33,40,-7,7
44675,105,106,-1,1
44676,93,89,4,4
44677,48,60,-12,12
44678,74,77,-3,3
44679,55,57,-2,2
44680,77,73,4,4
44681,83,76,7,7
44682,162,145,17,17
44683,59,62,-3,3
44684,196,181,15,15
44685,95,87,8,8
44686,64,62,2,2
44687,107,105,2,2
44688,163,147,16,16
44689,78,76,2,2
44690,66,75,-9,9
44691,62,75,-13,13
44692,109,98,11,11
44693,77,76,1,1
44694,125,111,14,14
44695,103,95,8,8
44696,81,80,1,1
44697,50,51,-1,1
44698,116,128,-12,12
44699,70,79,-9,9
44700,68,66,2,2
44701,96,87,9,9
44702,155,129,26,26
44703,128,130,-2,2
44704,75,78,-3,3
44705,116,110,6,6
44706,88,85,3,3
44707,100,88,12,12
44708,73,74,-1,1
44709,140,142,-2,2
44710,106,101,5,5
44711,87,86,1,1
44712,78,89,-11,11
44713,92,82,10,10
44714,109,100,9,9
44715,69,73,-4,4
44716,174,160,14,14
44717,60,61,-1,1
44718,61,59,2,2
44719,59,65,-6,6
44720,124,117,7,7
44721,85,80,5,5
44722,136,108,28,28
44723,118,120,-2,2
44724,81,82,-1,1
44725,80,77,3,3
44726,69,66,3,3
44727,60,65,-5,5
44728,63,67,-4,4
44729,46,44,2,2
44730,61,60,1,1
44731,65,79,-14,14
44732,104,105,-1,1
44733,144,127,17,17
44734,73,90,-17,17
44735,77,79,-2,2
44736,96,94,2,2
44737,71,82,-11,11
44738,74,79,-5,5
44739,60,65,-5,5
44740,80,81,-1,1
44741,74,80,-6,6
44742,168,147,21,21
44743,145,134,11,11
44744,86,92,-6,6
44745,137,133,4,4
44746,121,116,5,5
44747,91,80,11,11
44748,68,68,0,0
44749,78,72,6,6
44750,84,87,-3,3
44751,150,132,18,18
44752,103,91,12,12
44753,79,80,-1,1
44754,63,72,-9,9
44755,70,68,2,2
44756,229,203,26,26
44757,130,138,-8,8
44758,81,84,-3,3
44759,112,99,13,13
44760,134,112,22,22
44761,82,83,-1,1
44762,152,193,-41,41
44763,90,94,-4,4
44764,105,110,-5,5
44765,138,132,6,6
44766,95,94,1,1
44767,86,80,6,6
44768,91,80,11,11
44769,58,77,-19,19
44770,130,114,16,16
44771,154,133,21,21
44772,69,75,-6,6
44773,158,131,27,27
44774,136,126,10,10
44775,56,61,-5,5
44776,86,82,4,4
44777,49,54,-5,5
44778,138,129,9,9
44779,100,94,6,6
44780,146,139,7,7
44781,56,56,0,0
44782,79,80,-1,1
44783,53,51,2,2
44784,59,57,2,2
44785,64,62,2,2
44786,108,97,11,11
44787,66,71,-5,5
44788,117,111,6,6
44789,60,59,1,1
44790,51,49,2,2
44791,104,95,9,9
44792,92,102,-10,10
44793,87,79,8,8
44794,84,106,-22,22
44795,155,147,8,8
44796,100,102,-2,2
44797,43,48,-5,5
44798,72,63,9,9
44799,124,127,-3,3
44800,116,133,-17,17
44801,159,140,19,19
44802,91,97,-6,6
44803,71,68,3,3
44804,158,148,10,10
44805,71,70,1,1
44806,102,95,7,7
44807,117,107,10,10
44808,94,96,-2,2
44809,79,85,-6,6
44810,51,51,0,0
44811,63,62,1,1
44812,55,57,-2,2
44813,152,127,25,25
44814,78,64,14,14
44815,54,56,-2,2
44816,80,77,3,3
44817,59,59,0,0
44818,84,83,1,1
44819,110,102,8,8
44820,124,108,16,16
44821,92,76,16,16
44822,126,125,1,1
44823,130,115,15,15
44824,89,89,0,0
44825,109,101,8,8
44826,87,90,-3,3
44827,75,67,8,8
44828,225,207,18,18
44829,182,175,7,7
44830,82,85,-3,3
44831,54,62,-8,8
44832,187,167,20,20
44833,128,132,-4,4
44834,87,77,10,10
44835,92,84,8,8
44836,58,69,-11,11
44837,63,63,0,0
44838,100,90,10,10
44839,102,108,-6,6
44840,46,55,-9,9
44841,89,98,-9,9
44842,61,55,6,6
44843,134,131,3,3
44844,69,69,0,0
44845,118,114,4,4
44846,153,141,12,12
44847,115,107,8,8
44848,88,82,6,6
44849,91,91,0,0
44850,51,62,-11,11
44851,68,81,-13,13
44852,155,141,14,14
44853,52,53,-1,1
44854,71,73,-2,2
44855,100,93,7,7
44856,81,75,6,6
44857,168,153,15,15
44858,80,74,6,6
44859,83,81,2,2
44860,90,94,-4,4
44861,99,95,4,4
44862,45,46,-1,1
44863,110,107,3,3
44864,118,100,18,18
44865,98,94,4,4
44866,162,146,16,16
44867,54,54,0,0
44868,80,81,-1,1
44869,91,82,9,9
44870,81,69,12,12
44871,89,88,1,1
44872,58,55,3,3
44873,194,197,-3,3
44874,78,82,-4,4
44875,63,60,3,3
44876,61,57,4,4
44877,98,96,2,2
44878,95,91,4,4
44879,97,85,12,12
44880,96,106,-10,10
44881,89,82,7,7
44882,154,139,15,15
44883,51,53,-2,2
44884,117,95,22,22
44885,42,58,-16,16
44886,92,84,8,8
44887,91,90,1,1
44888,162,162,0,0
44889,75,76,-1,1
44890,104,104,0,0
44891,117,111,6,6
44892,74,79,-5,5
44893,52,54,-2,2
44894,77,78,-1,1
44895,83,77,6,6
44896,71,71,0,0
44897,57,54,3,3
44898,62,63,-1,1
44899,114,105,9,9
44900,58,67,-9,9
44901,120,120,0,0
44902,74,71,3,3
44903,95,85,10,10
44904,63,69,-6,6
44905,84,92,-8,8
44906,57,67,-10,10
44907,70,74,-4,4
44908,71,79,-8,8
44909,71,63,8,8
44910,140,120,20,20
44911,116,116,0,0
44912,62,68,-6,6
44913,96,105,-9,9
44914,73,73,0,0
44915,79,79,0,0
44916,97,84,13,13
44917,80,70,10,10
44918,76,76,0,0
44919,67,67,0,0
44920,176,163,13,13
44921,71,87,-16,16
44922,89,87,2,2
44923,75,72,3,3
44924,142,131,11,11
44925,96,95,1,1
44926,70,75,-5,5
44927,134,123,11,11
44928,123,117,6,6
44929,71,79,-8,8
44930,45,55,-10,10
44931,102,98,4,4
44932,130,127,3,3
44933,134,128,6,6
44934,71,80,-9,9
44935,111,118,-7,7
44936,134,114,20,20
44937,131,109,22,22
44938,136,153,-17,17
44939,116,109,7,7
44940,156,141,15,15
44941,139,125,14,14
44942,102,96,6,6
44943,69,75,-6,6
44944,81,76,5,5
44945,109,108,1,1
44946,94,91,3,3
44947,77,72,5,5
44948,173,169,4,4
44949,70,74,-4,4
44950,77,84,-7,7
44951,95,88,7,7
44952,96,91,5,5
44953,90,87,3,3
44954,47,68,-21,21
44955,116,118,-2,2
44956,84,75,9,9
44957,62,69,-7,7
44958,128,134,-6,6
44959,83,79,4,4
44960,90,94,-4,4
44961,86,85,1,1
44962,113,105,8,8
44963,153,130,23,23
44964,90,85,5,5
44965,96,96,0,0
44966,76,83,-7,7
44967,73,77,-4,4
44968,98,94,4,4
44969,23,46,-23,23
44970,57,59,-2,2
44971,65,79,-14,14
44972,107,105,2,2
44973,140,132,8,8
44974,112,99,13,13
44975,149,154,-5,5
44976,100,80,20,20
44977,100,95,5,5
44978,64,59,5,5
44979,89,85,4,4
44980,154,139,15,15
44981,53,54,-1,1
44982,45,46,-1,1
44983,61,67,-6,6
44984,108,103,5,5
44985,88,79,9,9
44986,109,111,-2,2
44987,143,118,25,25
44988,91,101,-10,10
44989,102,101,1,1
44990,61,75,-14,14
44991,85,86,-1,1
44992,121,104,17,17
44993,65,63,2,2
44994,56,54,2,2
44995,103,98,5,5
44996,111,93,18,18
44997,102,94,8,8
44998,99,85,14,14
44999,97,113,-16,16
45000,79,77,2,2
45001,139,130,9,9
45002,107,89,18,18
45003,166,164,2,2
45004,51,52,-1,1
45005,75,67,8,8
45006,113,106,7,7
45007,69,79,-10,10
45008,129,125,4,4
45009,197,188,9,9
45010,104,102,2,2
45011,99,98,1,1
45012,86,78,8,8
45013,95,85,10,10
45014,138,122,16,16
45015,78,76,2,2
45016,47,87,-40,40
45017,56,61,-5,5
45018,62,67,-5,5
45019,64,67,-3,3
45020,105,86,19,19
45021,104,94,10,10
45022,140,131,9,9
45023,84,92,-8,8
45024,126,128,-2,2
45025,82,80,2,2
45026,75,75,0,0
45027,92,94,-2,2
45028,77,77,0,0
45029,100,96,4,4
45030,140,136,4,4
45031,67,57,10,10
45032,117,120,-3,3
45033,54,57,-3,3
45034,81,80,1,1
45035,130,125,5,5
45036,100,94,6,6
45037,86,81,5,5
45038,57,65,-8,8
45039,115,106,9,9
45040,147,143,4,4
45041,86,86,0,0
45042,39,47,-8,8
45043,79,77,2,2
45044,89,93,-4,4
45045,70,65,5,5
45046,73,80,-7,7
45047,113,103,10,10
45048,99,101,-2,2
45049,78,77,1,1
45050,132,127,5,5
45051,79,85,-6,6
45052,143,133,10,10
45053,57,62,-5,5
45054,49,50,-1,1
45055,85,88,-3,3
45056,49,81,-32,32
45057,96,88,8,8
45058,87,85,2,2
45059,151,117,34,34
45060,147,139,8,8
45061,94,94,0,0
45062,91,89,2,2
45063,56,56,0,0
45064,123,128,-5,5
45065,188,167,21,21
45066,55,49,6,6
45067,117,105,12,12
45068,106,98,8,8
45069,109,116,-7,7
45070,61,54,7,7
45071,46,55,-9,9
45072,62,65,-3,3
45073,102,94,8,8
45074,62,59,3,3
45075,85,85,0,0
45076,89,87,2,2
45077,96,91,5,5
45078,132,125,7,7
45079,94,92,2,2
45080,118,103,15,15
45081,73,72,1,1
45082,69,70,-1,1
45083,57,64,-7,7
45084,86,88,-2,2
45085,130,115,15,15
45086,144,133,11,11
45087,67,67,0,0
45088,64,93,-29,29
45089,85,78,7,7
45090,104,109,-5,5
45091,109,97,12,12
45092,110,107,3,3
45093,129,116,13,13
45094,97,92,5,5
45095,85,79,6,6
45096,104,94,10,10
45097,77,85,-8,8
45098,81,87,-6,6
45099,97,89,8,8
45100,130,140,-10,10
45101,67,71,-4,4
45102,55,55,0,0
45103,92,85,7,7
45104,83,85,-2,2
45105,135,138,-3,3
45106,69,65,4,4
45107,109,108,1,1
45108,98,84,14,14
45109,95,88,7,7
45110,121,118,3,3
45111,80,69,11,11
45112,79,80,-1,1
45113,123,123,0,0
45114,117,113,4,4
45115,59,63,-4,4
45116,89,89,0,0
45117,82,84,-2,2
45118,117,102,15,15
45119,69,72,-3,3
45120,123,105,18,18
45121,57,67,-10,10
45122,87,74,13,13
45123,105,100,5,5
45124,108,106,2,2
45125,76,72,4,4
45126,74,99,-25,25
45127,84,75,9,9
45128,96,97,-1,1
45129,78,78,0,0
45130,76,84,-8,8
45131,88,96,-8,8
45132,89,93,-4,4
45133,90,95,-5,5
45134,60,62,-2,2
45135,53,62,-9,9
45136,67,68,-1,1
45137,89,88,1,1
45138,149,125,24,24
45139,95,94,1,1
45140,109,111,-2,2
45141,169,166,3,3
45142,78,76,2,2
45143,122,116,6,6
45144,48,65,-17,17
45145,108,115,-7,7
45146,90,91,-1,1
45147,147,125,22,22
45148,69,69,0,0
45149,112,98,14,14
45150,158,145,13,13
45151,123,132,-9,9
45152,42,49,-7,7
45153,135,119,16,16
45154,148,131,17,17
45155,109,104,5,5
45156,73,67,6,6
45157,88,85,3,3
45158,90,83,7,7
45159,55,55,0,0
45160,83,88,-5,5
45161,54,48,6,6
45162,85,87,-2,2
45163,75,73,2,2
45164,121,120,1,1
45165,65,65,0,0
45166,77,72,5,5
45167,102,96,6,6
45168,104,110,-6,6
45169,67,62,5,5
45170,134,115,19,19
45171,107,96,11,11
45172,87,90,-3,3
45173,168,156,12,12
45174,145,137,8,8
45175,127,125,2,2
45176,168,149,19,19
45177,113,102,11,11
45178,64,73,-9,9
45179,64,67,-3,3
45180,83,87,-4,4
45181,83,82,1,1
45182,125,112,13,13
45183,61,58,3,3
45184,40,48,-8,8
45185,57,53,4,4
45186,153,136,17,17
45187,101,105,-4,4
45188,83,81,2,2
45189,89,97,-8,8
45190,111,109,2,2
45191,77,78,-1,1
45192,127,118,9,9
45193,128,115,13,13
45194,146,129,17,17
45195,49,56,-7,7
45196,49,65,-16,16
45197,57,65,-8,8
45198,89,83,6,6
45199,88,102,-14,14
45200,153,153,0,0
45201,71,73,-2,2
45202,135,133,2,2
45203,109,95,14,14
45204,73,74,-1,1
45205,185,156,29,29
45206,69,69,0,0
45207,109,108,1,1
45208,74,75,-1,1
45209,181,150,31,31
45210,96,95,1,1
45211,93,105,-12,12
45212,60,64,-4,4
45213,104,104,0,0
45214,67,53,14,14
45215,89,95,-6,6
45216,128,111,17,17
45217,100,94,6,6
45218,96,94,2,2
45219,90,81,9,9
45220,68,67,1,1
45221,126,114,12,12
45222,54,58,-4,4
45223,106,105,1,1
45224,63,65,-2,2
45225,113,91,22,22
45226,45,55,-10,10
45227,98,85,13,13
45228,156,141,15,15
45229,52,60,-8,8
45230,134,121,13,13
45231,74,80,-6,6
45232,102,97,5,5
45233,100,93,7,7
45234,62,69,-7,7
45235,82,78,4,4
45236,105,94,11,11
45237,69,71,-2,2
45238,124,130,-6,6
45239,118,111,7,7
45240,82,85,-3,3
45241,63,69,-6,6
45242,70,67,3,3
45243,68,67,1,1
45244,121,106,15,15
45245,73,70,3,3
45246,51,54,-3,3
45247,81,76,5,5
45248,146,128,18,18
45249,88,88,0,0
45250,101,96,5,5
45251,126,130,-4,4
45252,119,118,1,1
45253,113,118,-5,5
45254,172,149,23,23
45255,81,75,6,6
45256,90,87,3,3
45257,110,103,7,7
45258,134,133,1,1
45259,37,49,-12,12
45260,62,59,3,3
45261,65,68,-3,3
45262,52,51,1,1
45263,76,77,-1,1
45264,116,109,7,7
45265,98,123,-25,25
45266,61,63,-2,2
45267,84,84,0,0
45268,153,139,14,14
45269,72,67,5,5
45270,77,74,3,3
45271,86,86,0,0
45272,99,102,-3,3
45273,124,115,9,9
45274,66,74,-8,8
45275,76,76,0,0
45276,67,51,16,16
45277,133,115,18,18
45278,91,90,1,1
45279,71,78,-7,7
45280,207,197,10,10
45281,65,68,-3,3
45282,97,98,-1,1
45283,131,128,3,3
45284,120,107,13,13
45285,59,63,-4,4
45286,124,114,10,10
45287,74,73,1,1
45288,101,98,3,3
45289,85,88,-3,3
45290,85,84,1,1
45291,137,125,12,12
45292,76,72,4,4
45293,136,134,2,2
45294,139,128,11,11
45295,49,58,-9,9
45296,136,129,7,7
45297,75,68,7,7
45298,109,102,7,7
45299,53,54,-1,1
45300,110,106,4,4
45301,59,66,-7,7
45302,119,113,6,6
45303,86,81,5,5
45304,139,125,14,14
45305,132,122,10,10
45306,191,181,10,10
45307,87,79,8,8
45308,90,86,4,4
45309,122,117,5,5
45310,73,65,8,8
45311,122,106,16,16
45312,93,92,1,1
45313,46,58,-12,12
45314,84,90,-6,6
45315,103,89,14,14
45316,39,41,-2,2
45317,96,102,-6,6
45318,72,70,2,2
45319,146,133,13,13
45320,80,93,-13,13
45321,68,71,-3,3
45322,49,54,-5,5
45323,110,101,9,9
45324,117,115,2,2
45325,121,107,14,14
45326,55,67,-12,12
45327,149,153,-4,4
45328,78,76,2,2
45329,60,68,-8,8
45330,161,151,10,10
45331,95,101,-6,6
45332,75,65,10,10
45333,92,93,-1,1
45334,112,119,-7,7
45335,67,73,-6,6
45336,91,83,8,8
45337,109,98,11,11
45338,177,164,13,13
45339,105,108,-3,3
45340,82,78,4,4
45341,89,79,10,10
45342,109,107,2,2
45343,67,75,-8,8
45344,117,117,0,0
45345,96,93,3,3
45346,49,55,-6,6
45347,110,99,11,11
45348,57,54,3,3
45349,118,93,25,25
45350,120,109,11,11
45351,77,83,-6,6
45352,107,93,14,14
45353,60,68,-8,8
45354,70,64,6,6
45355,115,109,6,6
45356,70,75,-5,5
45357,70,66,4,4
45358,96,109,-13,13
45359,72,79,-7,7
45360,72,68,4,4
45361,67,74,-7,7
45362,170,149,21,21
45363,57,53,4,4
45364,67,65,2,2
45365,85,84,1,1
45366,95,107,-12,12
45367,119,136,-17,17
45368,84,75,9,9
45369,65,89,-24,24
45370,225,209,16,16
45371,97,96,1,1
45372,81,81,0,0
45373,104,102,2,2
45374,23,35,-12,12
45375,75,78,-3,3
45376,115,111,4,4
45377,111,96,15,15
45378,60,57,3,3
45379,72,77,-5,5
45380,100,99,1,1
45381,85,80,5,5
45382,60,64,-4,4
45383,55,66,-11,11
45384,120,120,0,0
45385,121,124,-3,3
45386,79,79,0,0
45387,89,86,3,3
45388,127,114,13,13
45389,86,83,3,3
45390,58,54,4,4
45391,99,86,13,13
45392,126,127,-1,1
45393,53,56,-3,3
45394,55,56,-1,1
45395,107,108,-1,1
45396,67,60,7,7
45397,83,90,-7,7
45398,81,83,-2,2
45399,92,88,4,4
45400,109,102,7,7
45401,148,143,5,5
45402,115,114,1,1
45403,124,111,13,13
45404,103,101,2,2
45405,122,123,-1,1
45406,104,101,3,3
45407,58,46,12,12
45408,68,69,-1,1
45409,83,87,-4,4
45410,51,68,-17,17
45411,84,84,0,0
45412,129,132,-3,3
45413,64,67,-3,3
45414,150,133,17,17
45415,48,50,-2,2
45416,67,56,11,11
45417,72,75,-3,3
45418,101,95,6,6
45419,68,64,4,4
45420,135,119,16,16
45421,98,96,2,2
45422,73,75,-2,2
45423,93,99,-6,6
45424,161,154,7,7
45425,58,59,-1,1
45426,125,122,3,3
45427,91,95,-4,4
45428,82,77,5,5
45429,82,84,-2,2
45430,89,104,-15,15
45431,45,45,0,0
45432,56,87,-31,31
45433,152,172,-20,20
45434,110,102,8,8
45435,81,74,7,7
45436,43,49,-6,6
45437,154,156,-2,2
45438,82,71,11,11
45439,104,106,-2,2
45440,78,89,-11,11
45441,130,119,11,11
45442,66,75,-9,9
45443,86,87,-1,1
45444,98,101,-3,3
45445,106,103,3,3
45446,78,84,-6,6
45447,89,80,9,9
45448,84,83,1,1
45449,111,98,13,13
45450,73,74,-1,1
45451,115,133,-18,18
45452,174,165,9,9
45453,87,72,15,15
45454,102,100,2,2
45455,77,68,9,9
45456,37,44,-7,7
45457,131,123,8,8
45458,104,100,4,4
45459,109,137,-28,28
45460,89,84,5,5
45461,108,104,4,4
45462,158,142,16,16
45463,69,70,-1,1
45464,89,81,8,8
45465,42,46,-4,4
45466,97,82,15,15
45467,70,77,-7,7
45468,116,111,5,5
45469,138,146,-8,8
45470,110,108,2,2
45471,105,95,10,10
45472,51,60,-9,9
45473,94,98,-4,4
45474,75,73,2,2
45475,129,130,-1,1
45476,88,83,5,5
45477,100,86,14,14
45478,79,80,-1,1
45479,176,167,9,9
45480,86,81,5,5
45481,88,93,-5,5
45482,105,112,-7,7
45483,140,127,13,13
45484,72,68,4,4
45485,111,101,10,10
45486,105,98,7,7
45487,191,174,17,17
45488,120,114,6,6
45489,99,99,0,0
45490,45,56,-11,11
45491,94,88,6,6
45492,80,88,-8,8
45493,85,84,1,1
45494,74,67,7,7
45495,78,78,0,0
45496,131,116,15,15
45497,95,90,5,5
45498,59,59,0,0
45499,72,65,7,7
45500,108,107,1,1
45501,71,74,-3,3
45502,74,71,3,3
45503,134,130,4,4
45504,101,100,1,1
45505,68,68,0,0
45506,127,123,4,4
45507,195,163,32,32
45508,73,74,-1,1
45509,77,74,3,3
45510,79,68,11,11
45511,59,51,8,8
45512,115,100,15,15
45513,79,76,3,3
45514,91,93,-2,2
45515,82,80,2,2
45516,72,70,2,2
45517,63,73,-10,10
45518,89,89,0,0
45519,69,79,-10,10
45520,62,92,-30,30
45521,45,56,-11,11
45522,87,91,-4,4
45523,75,84,-9,9
45524,105,100,5,5
45525,93,97,-4,4
45526,104,98,6,6
45527,86,89,-3,3
45528,159,149,10,10
45529,93,81,12,12
45530,112,108,4,4
45531,120,109,11,11
45532,62,55,7,7
45533,108,102,6,6
45534,124,125,-1,1
45535,167,147,20,20
45536,163,154,9,9
45537,113,105,8,8
45538,98,89,9,9
45539,64,75,-11,11
45540,120,112,8,8
45541,52,52,0,0
45542,42,47,-5,5
45543,131,136,-5,5
45544,95,82,13,13
45545,85,84,1,1
45546,71,67,4,4
45547,116,105,11,11
45548,91,81,10,10
45549,94,86,8,8
45550,52,60,-8,8
45551,84,99,-15,15
45552,61,57,4,4
45553,101,100,1,1
45554,97,93,4,4
45555,96,100,-4,4
45556,141,145,-4,4
45557,124,112,12,12
45558,72,74,-2,2
45559,79,126,-47,47
45560,155,154,1,1
45561,112,116,-4,4
45562,63,60,3,3
45563,73,75,-2,2
45564,67,73,-6,6
45565,61,58,3,3
45566,114,107,7,7
45567,33,40,-7,7
45568,64,67,-3,3
45569,79,75,4,4
45570,149,153,-4,4
45571,97,94,3,3
45572,84,82,2,2
45573,134,133,1,1
45574,85,94,-9,9
45575,123,106,17,17
45576,97,93,4,4
45577,69,68,1,1
45578,116,104,12,12
45579,92,85,7,7
45580,125,122,3,3
45581,103,95,8,8
45582,99,89,10,10
45583,154,155,-1,1
45584,102,100,2,2
45585,53,59,-6,6
45586,104,104,0,0
45587,218,182,36,36
45588,57,57,0,0
45589,154,158,-4,4
45590,141,137,4,4
45591,113,115,-2,2
45592,69,70,-1,1
45593,87,98,-11,11
45594,126,120,6,6
45595,99,103,-4,4
45596,85,87,-2,2
45597,78,86,-8,8
45598,85,73,12,12
45599,77,74,3,3
45600,97,91,6,6
45601,67,77,-10,10
45602,114,109,5,5
45603,130,135,-5,5
45604,127,112,15,15
45605,66,67,-1,1
45606,74,76,-2,2
45607,117,112,5,5
45608,57,55,2,2
45609,169,159,10,10
45610,79,81,-2,2
45611,122,130,-8,8
45612,117,113,4,4
45613,82,84,-2,2
45614,119,109,10,10
45615,105,99,6,6
45616,121,106,15,15
45617,107,105,2,2
45618,63,65,-2,2
45619,76,78,-2,2
45620,141,125,16,16
45621,76,75,1,1
45622,189,147,42,42
45623,78,76,2,2
45624,105,115,-10,10
45625,69,67,2,2
45626,95,102,-7,7
45627,55,64,-9,9
45628,85,73,12,12
45629,62,67,-5,5
45630,72,72,0,0
45631,91,88,3,3
45632,78,90,-12,12
45633,69,66,3,3
45634,58,56,2,2
45635,104,95,9,9
45636,90,88,2,2
45637,45,55,-10,10
45638,109,94,15,15
45639,174,175,-1,1
45640,102,110,-8,8
45641,72,77,-5,5
45642,93,90,3,3
45643,88,113,-25,25
45644,147,129,18,18
45645,116,112,4,4
45646,71,91,-20,20
45647,59,65,-6,6
45648,110,101,9,9
45649,112,103,9,9
45650,67,65,2,2
45651,63,68,-5,5
45652,99,82,17,17
45653,71,68,3,3
45654,61,67,-6,6
45655,145,176,-31,31
45656,59,65,-6,6
45657,91,94,-3,3
45658,97,98,-1,1
45659,67,68,-1,1
45660,75,72,3,3
45661,107,91,16,16
45662,47,66,-19,19
45663,111,111,0,0
45664,122,108,14,14
45665,145,133,12,12
45666,133,113,20,20
45667,90,86,4,4
45668,153,141,12,12
45669,83,73,10,10
45670,44,59,-15,15
45671,64,66,-2,2
45672,74,78,-4,4
45673,98,97,1,1
45674,117,76,41,41
45675,83,90,-7,7
45676,52,58,-6,6
45677,74,78,-4,4
45678,128,118,10,10
45679,75,75,0,0
45680,71,70,1,1
45681,72,69,3,3
45682,80,77,3,3
45683,98,94,4,4
45684,138,131,7,7
45685,161,146,15,15
45686,152,144,8,8
45687,117,108,9,9
45688,96,97,-1,1
45689,76,77,-1,1
45690,150,146,4,4
45691,71,77,-6,6
45692,127,130,-3,3
45693,93,98,-5,5
45694,116,115,1,1
45695,128,116,12,12
45696,47,49,-2,2
45697,53,56,-3,3
45698,173,161,12,12
45699,84,99,-15,15
45700,74,68,6,6
45701,40,44,-4,4
45702,125,100,25,25
45703,100,105,-5,5
45704,62,65,-3,3
45705,120,106,14,14
45706,163,135,28,28
45707,111,104,7,7
45708,62,73,-11,11
45709,104,104,0,0
45710,96,88,8,8
45711,71,67,4,4
45712,94,94,0,0
45713,109,104,5,5
45714,46,48,-2,2
45715,94,87,7,7
45716,52,50,2,2
45717,88,80,8,8
45718,68,76,-8,8
45719,193,200,-7,7
45720,137,122,15,15
45721,109,105,4,4
45722,97,98,-1,1
45723,114,104,10,10
45724,90,88,2,2
45725,57,80,-23,23
45726,119,108,11,11
45727,157,146,11,11
45728,86,81,5,5
45729,108,102,6,6
45730,82,84,-2,2
45731,111,105,6,6
45732,110,105,5,5
45733,108,88,20,20
45734,92,81,11,11
45735,38,42,-4,4
45736,92,90,2,2
45737,92,87,5,5
45738,68,61,7,7
45739,74,79,-5,5
45740,83,86,-3,3
45741,106,87,19,19
45742,86,86,0,0
45743,78,74,4,4
45744,155,153,2,2
45745,116,113,3,3
45746,129,100,29,29
45747,99,96,3,3
45748,114,100,14,14
45749,103,95,8,8
45750,82,75,7,7
45751,50,50,0,0
45752,86,83,3,3
45753,82,80,2,2
45754,82,89,-7,7
45755,50,63,-13,13
45756,88,75,13,13
45757,86,81,5,5
45758,103,99,4,4
45759,60,59,1,1
45760,68,66,2,2
45761,86,71,15,15
45762,85,80,5,5
45763,80,74,6,6
45764,58,66,-8,8
45765,63,78,-15,15
45766,117,108,9,9
45767,97,103,-6,6
45768,59,61,-2,2
45769,66,68,-2,2
45770,121,115,6,6
45771,77,73,4,4
45772,47,51,-4,4
45773,61,68,-7,7
45774,128,119,9,9
45775,225,198,27,27
45776,145,128,17,17
45777,125,125,0,0
45778,40,45,-5,5
45779,94,86,8,8
45780,103,94,9,9
45781,137,125,12,12
45782,151,142,9,9
45783,98,98,0,0
45784,115,107,8,8
45785,77,72,5,5
45786,75,98,-23,23
45787,75,77,-2,2
45788,117,108,9,9
45789,133,127,6,6
45790,89,96,-7,7
45791,92,92,0,0
45792,66,66,0,0
45793,26,41,-15,15
45794,135,122,13,13
45795,82,85,-3,3
45796,44,51,-7,7
45797,79,64,15,15
45798,135,137,-2,2
45799,122,130,-8,8
45800,177,170,7,7
45801,93,84,9,9
45802,54,50,4,4
45803,104,115,-11,11
45804,69,65,4,4
45805,64,68,-4,4
45806,113,118,-5,5
45807,69,66,3,3
45808,127,128,-1,1
45809,115,111,4,4
45810,75,74,1,1
45811,81,75,6,6
45812,35,45,-10,10
45813,120,115,5,5
45814,86,84,2,2
45815,111,100,11,11
45816,149,127,22,22
45817,86,83,3,3
45818,122,112,10,10
45819,80,86,-6,6
45820,91,84,7,7
45821,106,101,5,5
45822,30,62,-32,32
45823,84,82,2,2
45824,159,121,38,38
45825,76,81,-5,5
45826,73,73,0,0
45827,78,81,-3,3
45828,271,219,52,52
45829,138,137,1,1
45830,72,75,-3,3
45831,77,69,8,8
45832,94,90,4,4
45833,101,98,3,3
45834,72,73,-1,1
45835,101,104,-3,3
45836,120,116,4,4
45837,159,151,8,8
45838,78,79,-1,1
45839,78,81,-3,3
45840,106,98,8,8
45841,87,90,-3,3
45842,62,65,-3,3
45843,106,107,-1,1
45844,127,129,-2,2
45845,101,102,-1,1
45846,56,54,2,2
45847,41,54,-13,13
45848,83,84,-1,1
45849,128,124,4,4
45850,86,76,10,10
45851,82,85,-3,3
45852,104,98,6,6
45853,116,129,-13,13
45854,115,114,1,1
45855,81,86,-5,5
45856,82,92,-10,10
45857,88,80,8,8
45858,115,113,2,2
45859,170,164,6,6
45860,110,109,1,1
45861,228,197,31,31
45862,161,137,24,24
45863,72,74,-2,2
45864,171,149,22,22
45865,117,103,14,14
45866,116,112,4,4
45867,60,54,6,6
45868,113,115,-2,2
45869,121,109,12,12
45870,41,57,-16,16
45871,98,91,7,7
45872,83,80,3,3
45873,56,58,-2,2
45874,107,99,8,8
45875,90,81,9,9
45876,91,93,-2,2
45877,68,71,-3,3
45878,131,116,15,15
45879,95,87,8,8
45880,93,90,3,3
45881,99,97,2,2
45882,195,168,27,27
45883,124,109,15,15
45884,124,112,12,12
45885,44,69,-25,25
45886,63,63,0,0
45887,175,157,18,18
45888,127,112,15,15
45889,113,115,-2,2
45890,118,94,24,24
45891,99,106,-7,7
45892,89,86,3,3
45893,64,65,-1,1
45894,73,75,-2,2
45895,104,94,10,10
45896,50,60,-10,10
45897,94,80,14,14
45898,115,115,0,0
45899,91,87,4,4
45900,80,74,6,6
45901,81,87,-6,6
45902,80,86,-6,6
45903,100,93,7,7
45904,123,119,4,4
45905,89,83,6,6
45906,71,71,0,0
45907,162,136,26,26
45908,152,128,24,24
45909,69,70,-1,1
45910,81,86,-5,5
45911,71,77,-6,6
45912,90,84,6,6
45913,104,98,6,6
45914,106,98,8,8
45915,66,67,-1,1
45916,66,63,3,3
45917,79,88,-9,9
45918,45,50,-5,5
45919,89,83,6,6
45920,105,86,19,19
45921,59,57,2,2
45922,103,94,9,9
45923,116,119,-3,3
45924,93,91,2,2
45925,116,129,-13,13
45926,133,122,11,11
45927,86,82,4,4
45928,86,75,11,11
45929,65,65,0,0
45930,139,123,16,16
45931,117,117,0,0
45932,67,65,2,2
45933,119,100,19,19
45934,81,100,-19,19
45935,127,121,6,6
45936,142,131,11,11
45937,87,85,2,2
45938,70,70,0,0
45939,79,81,-2,2
45940,119,115,4,4
45941,73,69,4,4
45942,72,62,10,10
45943,87,89,-2,2
45944,108,102,6,6
45945,120,114,6,6
45946,82,79,3,3
45947,97,96,1,1
45948,73,78,-5,5
45949,69,67,2,2
45950,96,93,3,3
45951,44,46,-2,2
45952,104,95,9,9
45953,68,75,-7,7
45954,108,84,24,24
45955,81,83,-2,2
45956,124,112,12,12
45957,91,82,9,9
45958,116,128,-12,12
45959,41,48,-7,7
45960,93,90,3,3
45961,100,99,1,1
45962,70,80,-10,10
45963,82,82,0,0
45964,124,104,20,20
45965,168,148,20,20
45966,81,78,3,3
45967,124,125,-1,1
45968,74,71,3,3
45969,191,173,18,18
45970,99,103,-4,4
45971,72,75,-3,3
45972,92,97,-5,5
45973,122,115,7,7
45974,104,98,6,6
45975,93,88,5,5
45976,50,53,-3,3
45977,79,84,-5,5
45978,86,85,1,1
45979,147,152,-5,5
45980,129,140,-11,11
45981,135,141,-6,6
45982,124,105,19,19
45983,91,89,2,2
45984,80,92,-12,12
45985,150,150,0,0
45986,113,105,8,8
45987,74,64,10,10
45988,165,145,20,20
45989,105,92,13,13
45990,49,53,-4,4
45991,96,98,-2,2
45992,115,110,5,5
45993,132,123,9,9
45994,111,100,11,11
45995,44,75,-31,31
45996,98,86,12,12
45997,52,50,2,2
45998,78,81,-3,3
45999,71,71,0,0
46000,30,38,-8,8
46001,116,116,0,0
46002,128,145,-17,17
46003,75,81,-6,6
46004,47,53,-6,6
46005,89,91,-2,2
46006,88,78,10,10
46007,102,97,5,5
46008,48,48,0,0
46009,59,54,5,5
46010,131,121,10,10
46011,71,70,1,1
46012,81,85,-4,4
46013,110,102,8,8
46014,154,144,10,10
46015,120,114,6,6
46016,155,133,22,22
46017,109,104,5,5
46018,71,80,-9,9
46019,81,85,-4,4
46020,58,63,-5,5
46021,69,83,-14,14
46022,134,122,12,12
46023,99,93,6,6
46024,71,71,0,0
46025,99,96,3,3
46026,76,76,0,0
46027,98,85,13,13
46028,68,66,2,2
46029,105,91,14,14
46030,109,101,8,8
46031,143,142,1,1
46032,112,102,10,10
46033,82,100,-18,18
46034,59,60,-1,1
46035,170,156,14,14
46036,84,91,-7,7
46037,84,93,-9,9
46038,97,99,-2,2
46039,241,207,34,34
46040,216,185,31,31
46041,121,116,5,5
46042,72,66,6,6
46043,61,66,-5,5
46044,76,73,3,3
46045,140,135,5,5
46046,101,90,11,11
46047,92,79,13,13
46048,65,61,4,4
46049,62,68,-6,6
46050,62,68,-6,6
46051,172,148,24,24
46052,82,78,4,4
46053,118,115,3,3
46054,99,95,4,4
46055,121,113,8,8
46056,108,103,5,5
46057,96,77,19,19
46058,145,130,15,15
46059,111,132,-21,21
46060,46,49,-3,3
46061,74,67,7,7
46062,96,91,5,5
46063,60,57,3,3
46064,110,129,-19,19
46065,78,81,-3,3
46066,114,95,19,19
46067,154,166,-12,12
46068,165,148,17,17
46069,42,46,-4,4
46070,91,86,5,5
46071,100,100,0,0
46072,110,88,22,22
46073,67,73,-6,6
46074,68,71,-3,3
46075,137,112,25,25
46076,87,90,-3,3
46077,93,84,9,9
46078,86,85,1,1
46079,200,196,4,4
46080,119,109,10,10
46081,176,163,13,13
46082,75,77,-2,2
46083,125,111,14,14
46084,74,80,-6,6
46085,102,94,8,8
46086,53,52,1,1
46087,107,100,7,7
46088,95,88,7,7
46089,120,119,1,1
46090,88,87,1,1
46091,66,74,-8,8
46092,94,86,8,8
46093,137,132,5,5
46094,67,72,-5,5
46095,83,81,2,2
46096,56,55,1,1
46097,139,121,18,18
46098,100,90,10,10
46099,78,89,-11,11
46100,103,92,11,11
46101,59,68,-9,9
46102,47,55,-8,8
46103,65,61,4,4
46104,112,97,15,15
46105,132,110,22,22
46106,82,90,-8,8
46107,118,114,4,4
46108,109,94,15,15
46109,91,86,5,5
46110,67,69,-2,2
46111,83,82,1,1
46112,79,80,-1,1
46113,26,33,-7,7
46114,44,59,-15,15
46115,71,76,-5,5
46116,86,81,5,5
46117,77,78,-1,1
46118,53,54,-1,1
46119,98,88,10,10
46120,144,121,23,23
46121,89,82,7,7
46122,67,71,-4,4
46123,147,127,20,20
46124,127,125,2,2
46125,85,81,4,4
46126,66,64,2,2
46127,89,78,11,11
46128,89,90,-1,1
46129,75,71,4,4
46130,72,68,4,4
46131,101,100,1,1
46132,126,95,31,31
46133,62,59,3,3
46134,83,80,3,3
46135,151,137,14,14
46136,102,111,-9,9
46137,215,195,20,20
46138,149,137,12,12
46139,133,126,7,7
46140,90,84,6,6
46141,100,82,18,18
46142,57,54,3,3
46143,61,67,-6,6
46144,41,42,-1,1
46145,137,119,18,18
46146,164,150,14,14
46147,242,208,34,34
46148,99,95,4,4
46149,51,51,0,0
46150,68,70,-2,2
46151,78,72,6,6
46152,120,112,8,8
46153,87,81,6,6
46154,105,96,9,9
46155,112,101,11,11
46156,87,86,1,1
46157,88,89,-1,1
46158,71,69,2,2
46159,125,115,10,10
46160,73,74,-1,1
46161,108,104,4,4
46162,76,75,1,1
46163,45,46,-1,1
46164,100,99,1,1
46165,76,75,1,1
46166,158,152,6,6
46167,92,91,1,1
46168,77,82,-5,5
46169,44,44,0,0
46170,115,117,-2,2
46171,85,90,-5,5
46172,109,104,5,5
46173,89,88,1,1
46174,39,51,-12,12
46175,66,70,-4,4
46176,62,70,-8,8
46177,89,90,-1,1
46178,130,125,5,5
46179,92,91,1,1
46180,138,114,24,24
46181,118,103,15,15
46182,219,227,-8,8
46183,104,103,1,1
46184,94,97,-3,3
46185,100,85,15,15
46186,54,50,4,4
46187,153,134,19,19
46188,84,83,1,1
46189,91,98,-7,7
46190,46,50,-4,4
46191,53,66,-13,13
46192,77,70,7,7
46193,80,75,5,5
46194,138,124,14,14
46195,80,77,3,3
46196,138,117,21,21
46197,141,127,14,14
46198,91,87,4,4
46199,176,155,21,21
46200,117,112,5,5
46201,69,76,-7,7
46202,108,112,-4,4
46203,101,92,9,9
46204,135,123,12,12
46205,115,110,5,5
46206,102,102,0,0
46207,56,65,-9,9
46208,96,95,1,1
46209,69,68,1,1
46210,106,106,0,0
46211,151,148,3,3
46212,110,102,8,8
46213,112,101,11,11
46214,134,120,14,14
46215,65,65,0,0
46216,66,66,0,0
46217,97,95,2,2
46218,109,107,2,2
46219,141,130,11,11
46220,78,91,-13,13
46221,94,110,-16,16
46222,64,72,-8,8
46223,47,58,-11,11
46224,79,78,1,1
46225,104,105,-1,1
46226,39,41,-2,2
46227,62,73,-11,11
46228,123,115,8,8
46229,144,122,22,22
46230,108,107,1,1
46231,183,150,33,33
46232,85,81,4,4
46233,49,57,-8,8
46234,40,47,-7,7
46235,27,47,-20,20
46236,107,104,3,3
46237,135,140,-5,5
46238,129,114,15,15
46239,77,76,1,1
46240,61,71,-10,10
46241,58,73,-15,15
46242,144,134,10,10
46243,53,53,0,0
46244,95,98,-3,3
46245,82,71,11,11
46246,73,75,-2,2
46247,174,169,5,5
46248,101,93,8,8
46249,100,126,-26,26
46250,81,73,8,8
46251,94,90,4,4
46252,76,76,0,0
46253,70,74,-4,4
46254,100,100,0,0
46255,79,76,3,3
46256,83,81,2,2
46257,90,90,0,0
46258,136,129,7,7
46259,61,63,-2,2
46260,106,107,-1,1
46261,90,91,-1,1
46262,32,44,-12,12
46263,100,102,-2,2
46264,74,67,7,7
46265,62,67,-5,5
46266,101,91,10,10
46267,104,92,12,12
46268,94,83,11,11
46269,95,96,-1,1
46270,134,127,7,7
46271,134,126,8,8
46272,77,71,6,6
46273,80,95,-15,15
46274,90,86,4,4
46275,128,111,17,17
46276,108,106,2,2
46277,64,72,-8,8
46278,44,52,-8,8
46279,115,106,9,9
46280,49,56,-7,7
46281,64,74,-10,10
46282,64,67,-3,3
46283,128,119,9,9
46284,69,70,-1,1
46285,73,66,7,7
46286,38,48,-10,10
46287,71,73,-2,2
46288,94,96,-2,2
46289,89,91,-2,2
46290,63,66,-3,3
46291,116,101,15,15
46292,83,85,-2,2
46293,38,45,-7,7
46294,57,65,-8,8
46295,84,84,0,0
46296,552,377,175,175
46297,75,68,7,7
46298,70,65,5,5
46299,90,97,-7,7
46300,181,194,-13,13
46301,109,109,0,0
46302,99,109,-10,10
46303,99,96,3,3
46304,73,72,1,1
46305,71,77,-6,6
46306,125,121,4,4
46307,142,137,5,5
46308,125,118,7,7
46309,99,93,6,6
46310,127,113,14,14
46311,134,114,20,20
46312,87,79,8,8
46313,99,101,-2,2
46314,116,116,0,0
46315,57,63,-6,6
46316,160,143,17,17
46317,104,95,9,9
46318,106,106,0,0
46319,82,84,-2,2
46320,149,133,16,16
46321,122,122,0,0
46322,46,53,-7,7
46323,44,59,-15,15
46324,47,59,-12,12
46325,46,67,-21,21
46326,103,103,0,0
46327,118,113,5,5
46328,62,63,-1,1
46329,61,66,-5,5
46330,90,87,3,3
46331,87,79,8,8
46332,163,146,17,17
46333,108,106,2,2
46334,68,72,-4,4
46335,128,118,10,10
46336,132,147,-15,15
46337,48,63,-15,15
46338,66,67,-1,1
46339,62,71,-9,9
46340,77,85,-8,8
46341,47,65,-18,18
46342,124,111,13,13
46343,95,101,-6,6
46344,65,58,7,7
46345,70,72,-2,2
46346,133,128,5,5
46347,98,99,-1,1
46348,138,138,0,0
46349,93,92,1,1
46350,136,125,11,11
46351,119,111,8,8
46352,102,107,-5,5
46353,106,121,-15,15
46354,75,75,0,0
46355,58,55,3,3
46356,130,110,20,20
46357,85,87,-2,2
46358,102,109,-7,7
46359,66,65,1,1
46360,83,97,-14,14
46361,85,89,-4,4
46362,122,113,9,9
46363,107,109,-2,2
46364,68,75,-7,7
46365,58,65,-7,7
46366,87,80,7,7
46367,67,70,-3,3
46368,74,80,-6,6
46369,68,65,3,3
46370,104,94,10,10
46371,158,152,6,6
46372,131,116,15,15
46373,103,99,4,4
46374,109,108,1,1
46375,64,67,-3,3
46376,123,108,15,15
46377,111,98,13,13
46378,38,45,-7,7
46379,59,54,5,5
46380,46,61,-15,15
46381,101,103,-2,2
46382,149,133,16,16
46383,116,105,11,11
46384,62,78,-16,16
46385,78,80,-2,2
46386,92,89,3,3
46387,109,100,9,9
46388,94,96,-2,2
46389,107,107,0,0
46390,75,79,-4,4
46391,64,68,-4,4
46392,30,42,-12,12
46393,127,123,4,4
46394,67,67,0,0
46395,109,109,0,0
46396,187,163,24,24
46397,90,87,3,3
46398,123,115,8,8
46399,72,71,1,1
46400,124,122,2,2
46401,110,109,1,1
46402,108,109,-1,1
46403,65,68,-3,3
46404,116,114,2,2
46405,77,88,-11,11
46406,40,49,-9,9
46407,108,104,4,4
46408,159,149,10,10
46409,60,64,-4,4
46410,116,106,10,10
46411,124,135,-11,11
46412,94,98,-4,4
46413,90,82,8,8
46414,30,39,-9,9
46415,89,88,1,1
46416,89,81,8,8
46417,111,116,-5,5
46418,84,82,2,2
46419,49,55,-6,6
46420,75,65,10,10
46421,136,111,25,25
46422,41,78,-37,37
46423,72,72,0,0
46424,173,158,15,15
46425,70,72,-2,2
46426,90,91,-1,1
46427,153,152,1,1
46428,138,142,-4,4
46429,147,140,7,7
46430,116,126,-10,10
46431,148,135,13,13
46432,117,109,8,8
46433,103,96,7,7
46434,123,113,10,10
46435,151,131,20,20
46436,126,121,5,5
46437,105,111,-6,6
46438,111,111,0,0
46439,71,66,5,5
46440,99,108,-9,9
46441,59,72,-13,13
46442,104,93,11,11
46443,60,55,5,5
46444,88,89,-1,1
46445,63,59,4,4
46446,186,166,20,20
46447,97,87,10,10
46448,128,115,13,13
46449,162,139,23,23
46450,74,72,2,2
46451,92,83,9,9
46452,153,140,13,13
46453,97,95,2,2
46454,116,108,8,8
46455,161,131,30,30
46456,73,78,-5,5
46457,107,106,1,1
46458,112,122,-10,10
46459,89,83,6,6
46460,92,86,6,6
46461,83,80,3,3
46462,108,113,-5,5
46463,108,110,-2,2
46464,49,49,0,0
46465,64,65,-1,1
46466,109,112,-3,3
46467,52,50,2,2
46468,139,134,5,5
46469,90,88,2,2
46470,90,87,3,3
46471,70,74,-4,4
46472,97,102,-5,5
46473,56,63,-7,7
46474,64,77,-13,13
46475,67,63,4,4
46476,48,56,-8,8
46477,69,66,3,3
46478,93,91,2,2
46479,144,133,11,11
46480,145,148,-3,3
46481,142,143,-1,1
46482,150,141,9,9
46483,58,51,7,7
46484,120,105,15,15
46485,102,96,6,6
46486,142,139,3,3
46487,100,100,0,0
46488,125,123,2,2
46489,84,96,-12,12
46490,123,122,1,1
46491,145,149,-4,4
46492,86,88,-2,2
46493,73,75,-2,2
46494,97,93,4,4
46495,57,60,-3,3
46496,122,118,4,4
46497,71,64,7,7
46498,99,96,3,3
46499,83,74,9,9
46500,165,150,15,15
46501,193,165,28,28
46502,104,96,8,8
46503,110,119,-9,9
46504,65,67,-2,2
46505,72,74,-2,2
46506,76,78,-2,2
46507,173,161,12,12
46508,76,88,-12,12
46509,95,92,3,3
46510,96,91,5,5
46511,82,77,5,5
46512,91,99,-8,8
46513,88,84,4,4
46514,104,103,1,1
46515,114,118,-4,4
46516,109,97,12,12
46517,74,72,2,2
46518,137,126,11,11
46519,93,92,1,1
46520,88,89,-1,1
46521,55,71,-16,16
46522,72,73,-1,1
46523,71,91,-20,20
46524,110,92,18,18
46525,114,110,4,4
46526,128,131,-3,3
46527,65,79,-14,14
46528,114,113,1,1
46529,97,91,6,6
46530,117,140,-23,23
46531,72,77,-5,5
46532,92,85,7,7
46533,64,64,0,0
46534,125,129,-4,4
46535,99,96,3,3
46536,56,64,-8,8
46537,54,57,-3,3
46538,122,114,8,8
46539,178,172,6,6
46540,179,165,14,14
46541,80,75,5,5
46542,109,101,8,8
46543,83,86,-3,3
46544,103,95,8,8
46545,61,66,-5,5
46546,125,112,13,13
46547,96,90,6,6
46548,96,116,-20,20
46549,97,89,8,8
46550,108,93,15,15
46551,89,87,2,2
46552,55,54,1,1
46553,87,128,-41,41
46554,49,55,-6,6
46555,94,96,-2,2
46556,93,114,-21,21
46557,75,73,2,2
46558,65,69,-4,4
46559,52,48,4,4
46560,83,79,4,4
46561,123,103,20,20
46562,92,84,8,8
46563,74,82,-8,8
46564,109,96,13,13
46565,52,63,-11,11
46566,76,68,8,8
46567,116,108,8,8
46568,83,77,6,6
46569,82,80,2,2
46570,144,133,11,11
46571,35,43,-8,8
46572,155,145,10,10
46573,136,124,12,12
46574,123,115,8,8
46575,81,77,4,4
46576,66,72,-6,6
46577,131,119,12,12
46578,133,112,21,21
46579,71,69,2,2
46580,82,82,0,0
46581,82,83,-1,1
46582,42,45,-3,3
46583,137,147,-10,10
46584,140,158,-18,18
46585,58,66,-8,8
46586,117,103,14,14
46587,69,81,-12,12
46588,85,87,-2,2
46589,52,46,6,6
46590,87,93,-6,6
46591,135,139,-4,4
46592,64,67,-3,3
46593,129,107,22,22
46594,190,179,11,11
46595,68,75,-7,7
46596,82,74,8,8
46597,75,74,1,1
46598,149,129,20,20
46599,84,81,3,3
46600,54,53,1,1
46601,98,89,9,9
46602,99,84,15,15
46603,125,120,5,5
46604,86,86,0,0
46605,95,90,5,5
46606,75,78,-3,3
46607,80,78,2,2
46608,118,116,2,2
46609,91,80,11,11
46610,106,98,8,8
46611,85,92,-7,7
46612,153,140,13,13
46613,103,103,0,0
46614,159,154,5,5
46615,69,66,3,3
46616,166,134,32,32
46617,109,105,4,4
46618,133,119,14,14
46619,191,168,23,23
46620,113,91,22,22
46621,124,106,18,18
46622,139,130,9,9
46623,88,90,-2,2
46624,43,74,-31,31
46625,71,74,-3,3
46626,116,109,7,7
46627,115,102,13,13
46628,118,115,3,3
46629,62,67,-5,5
46630,106,104,2,2
46631,116,125,-9,9
46632,137,126,11,11
46633,201,171,30,30
46634,53,57,-4,4
46635,73,77,-4,4
46636,46,53,-7,7
46637,90,87,3,3
46638,126,122,4,4
46639,113,112,1,1
46640,80,72,8,8
46641,102,90,12,12
46642,161,141,20,20
46643,103,101,2,2
46644,119,127,-8,8
46645,54,65,-11,11
46646,159,143,16,16
46647,87,80,7,7
46648,59,54,5,5
46649,59,66,-7,7
46650,90,88,2,2
46651,59,65,-6,6
46652,104,98,6,6
46653,131,130,1,1
46654,60,61,-1,1
46655,68,65,3,3
46656,86,83,3,3
46657,88,85,3,3
46658,146,139,7,7
46659,62,65,-3,3
46660,152,143,9,9
46661,104,98,6,6
46662,67,65,2,2
46663,102,101,1,1
46664,96,94,2,2
46665,99,106,-7,7
46666,99,100,-1,1
46667,76,75,1,1
46668,97,95,2,2
46669,83,87,-4,4
46670,112,110,2,2
46671,63,65,-2,2
46672,136,138,-2,2
46673,74,76,-2,2
46674,172,145,27,27
46675,136,113,23,23
46676,120,124,-4,4
46677,116,114,2,2
46678,126,114,12,12
46679,114,102,12,12
46680,72,76,-4,4
46681,104,98,6,6
46682,147,145,2,2
46683,103,102,1,1
46684,81,70,11,11
46685,80,80,0,0
46686,101,94,7,7
46687,125,105,20,20
46688,92,73,19,19
46689,84,84,0,0
46690,80,104,-24,24
46691,150,140,10,10
46692,61,63,-2,2
46693,112,107,5,5
46694,112,102,10,10
46695,67,60,7,7
46696,137,128,9,9
46697,58,62,-4,4
46698,105,98,7,7
46699,88,91,-3,3
46700,76,74,2,2
46701,88,82,6,6
46702,108,111,-3,3
46703,97,90,7,7
46704,141,138,3,3
46705,64,79,-15,15
46706,51,58,-7,7
46707,101,90,11,11
46708,158,149,9,9
46709,97,97,0,0
46710,79,81,-2,2
46711,69,67,2,2
46712,97,99,-2,2
46713,90,91,-1,1
46714,85,90,-5,5
46715,90,86,4,4
46716,120,110,10,10
46717,61,65,-4,4
46718,145,139,6,6
46719,77,78,-1,1
46720,49,59,-10,10
46721,81,80,1,1
46722,70,69,1,1
46723,107,94,13,13
46724,87,83,4,4
46725,66,67,-1,1
46726,108,104,4,4
46727,86,79,7,7
46728,68,70,-2,2
46729,84,75,9,9
46730,72,72,0,0
46731,67,74,-7,7
46732,73,73,0,0
46733,81,80,1,1
46734,65,54,11,11
46735,130,108,22,22
46736,47,45,2,2
46737,117,115,2,2
46738,141,125,16,16
46739,204,177,27,27
46740,85,83,2,2
46741,116,121,-5,5
46742,118,109,9,9
46743,110,109,1,1
46744,100,94,6,6
46745,93,89,4,4
46746,53,58,-5,5
46747,86,78,8,8
46748,70,71,-1,1
46749,80,81,-1,1
46750,146,144,2,2
46751,72,74,-2,2
46752,154,146,8,8
46753,206,194,12,12
46754,72,76,-4,4
46755,141,133,8,8
46756,83,102,-19,19
46757,141,138,3,3
46758,97,102,-5,5
46759,137,125,12,12
46760,124,119,5,5
46761,84,84,0,0
46762,102,111,-9,9
46763,22,52,-30,30
46764,97,97,0,0
46765,59,61,-2,2
46766,124,124,0,0
46767,198,190,8,8
46768,93,81,12,12
46769,96,89,7,7
46770,99,93,6,6
46771,191,151,40,40
46772,88,82,6,6
46773,88,82,6,6
46774,114,109,5,5
46775,85,92,-7,7
46776,85,73,12,12
46777,63,66,-3,3
46778,129,118,11,11
46779,142,146,-4,4
46780,66,75,-9,9
46781,64,65,-1,1
46782,72,68,4,4
46783,143,140,3,3
46784,73,67,6,6
46785,92,91,1,1
46786,80,93,-13,13
46787,123,116,7,7
46788,67,71,-4,4
46789,87,102,-15,15
46790,81,69,12,12
46791,77,98,-21,21
46792,70,65,5,5
46793,120,116,4,4
46794,119,116,3,3
46795,116,117,-1,1
46796,193,184,9,9
46797,90,91,-1,1
46798,113,126,-13,13
46799,109,102,7,7
46800,85,80,5,5
46801,63,67,-4,4
46802,56,54,2,2
46803,131,130,1,1
46804,108,106,2,2
46805,58,61,-3,3
46806,57,63,-6,6
46807,98,115,-17,17
46808,86,99,-13,13
46809,60,64,-4,4
46810,54,64,-10,10
46811,160,142,18,18
46812,91,102,-11,11
46813,179,148,31,31
46814,68,82,-14,14
46815,143,137,6,6
46816,86,72,14,14
46817,115,116,-1,1
46818,139,117,22,22
46819,95,95,0,0
46820,66,81,-15,15
46821,66,66,0,0
46822,143,136,7,7
46823,87,81,6,6
46824,85,90,-5,5
46825,77,81,-4,4
46826,77,69,8,8
46827,91,83,8,8
46828,80,80,0,0
46829,23,38,-15,15
46830,92,91,1,1
46831,109,97,12,12
46832,115,103,12,12
46833,93,94,-1,1
46834,67,69,-2,2
46835,150,143,7,7
46836,78,66,12,12
46837,159,154,5,5
46838,124,108,16,16
46839,93,102,-9,9
46840,133,131,2,2
46841,79,83,-4,4
46842,62,65,-3,3
46843,73,72,1,1
46844,66,66,0,0
46845,69,68,1,1
46846,146,160,-14,14
46847,73,66,7,7
46848,91,97,-6,6
46849,67,66,1,1
46850,80,96,-16,16
46851,96,88,8,8
46852,75,72,3,3
46853,72,82,-10,10
46854,87,82,5,5
46855,93,83,10,10
46856,115,106,9,9
46857,142,133,9,9
46858,168,137,31,31
46859,149,136,13,13
46860,91,86,5,5
46861,69,76,-7,7
46862,112,106,6,6
46863,83,76,7,7
46864,63,62,1,1
46865,84,85,-1,1
46866,113,100,13,13
46867,98,94,4,4
46868,174,167,7,7
46869,103,93,10,10
46870,32,76,-44,44
46871,126,124,2,2
46872,132,127,5,5
46873,49,51,-2,2
46874,107,103,4,4
46875,121,126,-5,5
46876,132,123,9,9
46877,75,72,3,3
46878,71,74,-3,3
46879,69,79,-10,10
46880,158,148,10,10
46881,73,72,1,1
46882,146,128,18,18
46883,49,55,-6,6
46884,124,123,1,1
46885,71,70,1,1
46886,43,43,0,0
46887,94,100,-6,6
46888,120,126,-6,6
46889,107,103,4,4
46890,83,77,6,6
46891,111,101,10,10
46892,79,81,-2,2
46893,93,96,-3,3
46894,130,123,7,7
46895,119,109,10,10
46896,80,78,2,2
46897,80,74,6,6
46898,76,73,3,3
46899,101,101,0,0
46900,131,122,9,9
46901,91,94,-3,3
46902,81,86,-5,5
46903,102,102,0,0
46904,108,89,19,19
46905,79,79,0,0
46906,121,105,16,16
46907,135,133,2,2
46908,68,80,-12,12
46909,104,108,-4,4
46910,44,46,-2,2
46911,103,107,-4,4
46912,136,135,1,1
46913,107,88,19,19
46914,78,90,-12,12
46915,75,79,-4,4
46916,37,41,-4,4
46917,24,40,-16,16
46918,166,159,7,7
46919,134,124,10,10
46920,116,113,3,3
46921,85,83,2,2
46922,130,129,1,1
46923,150,135,15,15
46924,103,98,5,5
46925,92,85,7,7
46926,127,123,4,4
46927,72,74,-2,2
46928,95,97,-2,2
46929,56,58,-2,2
46930,170,145,25,25
46931,106,93,13,13
46932,78,77,1,1
46933,135,133,2,2
46934,113,104,9,9
46935,191,173,18,18
46936,61,68,-7,7
46937,95,84,11,11
46938,119,113,6,6
46939,114,99,15,15
46940,88,84,4,4
46941,71,68,3,3
46942,76,76,0,0
46943,50,55,-5,5
46944,69,65,4,4
46945,51,75,-24,24
46946,74,84,-10,10
46947,79,74,5,5
46948,74,84,-10,10
46949,113,116,-3,3
46950,99,103,-4,4
46951,86,88,-2,2
46952,91,88,3,3
46953,83,95,-12,12
46954,106,97,9,9
46955,66,65,1,1
46956,74,68,6,6
46957,78,78,0,0
46958,101,100,1,1
46959,78,86,-8,8
46960,91,99,-8,8
46961,94,97,-3,3
46962,86,89,-3,3
46963,64,67,-3,3
46964,98,79,19,19
46965,100,107,-7,7
46966,148,131,17,17
46967,96,102,-6,6
46968,135,118,17,17
46969,123,129,-6,6
46970,65,66,-1,1
46971,86,79,7,7
46972,86,86,0,0
46973,93,90,3,3
46974,106,104,2,2
46975,122,110,12,12
46976,75,85,-10,10
46977,86,85,1,1
46978,51,51,0,0
46979,56,60,-4,4
46980,125,129,-4,4
46981,92,87,5,5
46982,108,114,-6,6
46983,151,139,12,12
46984,83,86,-3,3
46985,66,74,-8,8
46986,138,120,18,18
46987,120,119,1,1
46988,79,72,7,7
46989,86,92,-6,6
46990,163,159,4,4
46991,112,113,-1,1
46992,98,89,9,9
46993,40,67,-27,27
46994,85,88,-3,3
46995,73,76,-3,3
46996,84,90,-6,6
46997,127,125,2,2
46998,113,100,13,13
46999,116,105,11,11
47000,91,93,-2,2
47001,91,77,14,14
47002,50,56,-6,6
47003,78,79,-1,1
47004,90,92,-2,2
47005,125,113,12,12
47006,84,89,-5,5
47007,79,75,4,4
47008,69,69,0,0
47009,115,98,17,17
47010,227,231,-4,4
47011,107,107,0,0
47012,136,162,-26,26
47013,88,85,3,3
47014,117,115,2,2
47015,81,83,-2,2
47016,150,139,11,11
47017,101,115,-14,14
47018,169,159,10,10
47019,75,78,-3,3
47020,146,144,2,2
47021,96,91,5,5
47022,66,68,-2,2
47023,73,72,1,1
47024,85,94,-9,9
47025,104,86,18,18
47026,53,59,-6,6
47027,148,155,-7,7
47028,119,109,10,10
47029,45,46,-1,1
47030,72,73,-1,1
47031,126,123,3,3
47032,64,65,-1,1
47033,119,115,4,4
47034,89,94,-5,5
47035,139,134,5,5
47036,111,114,-3,3
47037,100,100,0,0
47038,82,80,2,2
47039,138,131,7,7
47040,47,50,-3,3
47041,167,149,18,18
47042,63,64,-1,1
47043,118,108,10,10
47044,201,192,9,9
47045,82,87,-5,5
47046,91,94,-3,3
47047,81,80,1,1
47048,91,88,3,3
47049,119,105,14,14
47050,88,80,8,8
47051,76,78,-2,2
47052,86,87,-1,1
47053,47,51,-4,4
47054,134,132,2,2
47055,96,94,2,2
47056,82,81,1,1
47057,82,81,1,1
47058,89,86,3,3
47059,99,102,-3,3
47060,93,94,-1,1
47061,87,88,-1,1
47062,62,84,-22,22
47063,58,56,2,2
47064,82,82,0,0
47065,142,139,3,3
47066,101,94,7,7
47067,127,115,12,12
47068,46,49,-3,3
47069,116,108,8,8
47070,54,62,-8,8
47071,71,71,0,0
47072,121,134,-13,13
47073,80,82,-2,2
47074,86,83,3,3
47075,119,111,8,8
47076,71,79,-8,8
47077,171,154,17,17
47078,126,110,16,16
47079,57,56,1,1
47080,99,96,3,3
47081,55,67,-12,12
47082,77,77,0,0
47083,110,105,5,5
47084,77,98,-21,21
47085,111,106,5,5
47086,164,157,7,7
47087,104,92,12,12
47088,85,84,1,1
47089,75,80,-5,5
47090,119,105,14,14
47091,82,80,2,2
47092,122,108,14,14
47093,111,108,3,3
47094,102,91,11,11
47095,54,52,2,2
47096,96,91,5,5
47097,65,66,-1,1
47098,135,131,4,4
47099,79,76,3,3
47100,92,77,15,15
47101,56,59,-3,3
47102,109,93,16,16
47103,124,118,6,6
47104,65,72,-7,7
47105,84,83,1,1
47106,107,103,4,4
47107,114,105,9,9
47108,92,81,11,11
47109,129,118,11,11
47110,159,147,12,12
47111,80,81,-1,1
47112,106,103,3,3
47113,76,76,0,0
47114,81,90,-9,9
47115,115,111,4,4
47116,89,98,-9,9
47117,66,74,-8,8
47118,49,55,-6,6
47119,74,69,5,5
47120,77,74,3,3
47121,98,93,5,5
47122,181,161,20,20
47123,65,71,-6,6
47124,125,116,9,9
47125,120,118,2,2
47126,92,82,10,10
47127,125,112,13,13
47128,97,91,6,6
47129,113,98,15,15
47130,69,74,-5,5
47131,41,49,-8,8
47132,112,110,2,2
47133,93,79,14,14
47134,77,75,2,2
47135,114,121,-7,7
47136,90,88,2,2
47137,119,119,0,0
47138,85,94,-9,9
47139,99,106,-7,7
47140,113,88,25,25
47141,112,116,-4,4
47142,43,48,-5,5
47143,73,70,3,3
47144,149,141,8,8
47145,72,75,-3,3
47146,62,67,-5,5
47147,74,74,0,0
47148,197,178,19,19
47149,93,102,-9,9
47150,103,77,26,26
47151,96,91,5,5
47152,191,156,35,35
47153,116,109,7,7
47154,75,72,3,3
47155,99,105,-6,6
47156,94,82,12,12
47157,124,128,-4,4
47158,83,84,-1,1
47159,131,120,11,11
47160,108,95,13,13
47161,108,117,-9,9
47162,77,76,1,1
47163,77,66,11,11
47164,126,118,8,8
47165,59,78,-19,19
47166,101,109,-8,8
47167,121,116,5,5
47168,116,119,-3,3
47169,124,115,9,9
47170,69,62,7,7
47171,160,145,15,15
47172,67,77,-10,10
47173,111,116,-5,5
47174,80,99,-19,19
47175,44,48,-4,4
47176,89,84,5,5
47177,92,85,7,7
47178,105,108,-3,3
47179,113,99,14,14
47180,83,86,-3,3
47181,54,52,2,2
47182,47,53,-6,6
47183,105,97,8,8
47184,65,64,1,1
47185,118,106,12,12
47186,115,98,17,17
47187,92,94,-2,2
47188,69,58,11,11
47189,42,48,-6,6
47190,64,60,4,4
47191,119,119,0,0
47192,142,123,19,19
47193,117,106,11,11
47194,67,74,-7,7
47195,157,143,14,14
47196,57,64,-7,7
47197,122,108,14,14
47198,84,75,9,9
47199,112,111,1,1
47200,96,95,1,1
47201,75,74,1,1
47202,86,84,2,2
47203,168,149,19,19
47204,128,107,21,21
47205,111,104,7,7
47206,95,94,1,1
47207,74,84,-10,10
47208,101,86,15,15
47209,69,66,3,3
47210,160,156,4,4
47211,139,122,17,17
47212,24,62,-38,38
47213,89,83,6,6
47214,102,99,3,3
47215,49,54,-5,5
47216,94,101,-7,7
47217,76,72,4,4
47218,170,141,29,29
47219,158,147,11,11
47220,31,83,-52,52
47221,66,69,-3,3
47222,106,88,18,18
47223,60,71,-11,11
47224,77,78,-1,1
47225,68,66,2,2
47226,129,123,6,6
47227,60,60,0,0
47228,106,103,3,3
47229,64,64,0,0
47230,67,65,2,2
47231,85,85,0,0
47232,79,70,9,9
47233,175,162,13,13
47234,20,61,-41,41
47235,169,146,23,23
47236,90,93,-3,3
47237,74,74,0,0
47238,68,82,-14,14
47239,52,62,-10,10
47240,81,85,-4,4
47241,106,108,-2,2
47242,113,112,1,1
47243,64,68,-4,4
47244,98,93,5,5
47245,120,118,2,2
47246,85,78,7,7
47247,70,64,6,6
47248,121,110,11,11
47249,132,119,13,13
47250,50,47,3,3
47251,68,76,-8,8
47252,55,56,-1,1
47253,122,107,15,15
47254,107,94,13,13
47255,69,73,-4,4
47256,115,110,5,5
47257,118,111,7,7
47258,184,199,-15,15
47259,78,86,-8,8
47260,47,53,-6,6
47261,65,66,-1,1
47262,109,93,16,16
47263,89,79,10,10
47264,141,135,6,6
47265,68,88,-20,20
47266,167,141,26,26
47267,68,74,-6,6
47268,86,98,-12,12
47269,93,89,4,4
47270,91,87,4,4
47271,65,71,-6,6
47272,132,129,3,3
47273,91,90,1,1
47274,71,65,6,6
47275,71,65,6,6
47276,120,117,3,3
47277,118,111,7,7
47278,117,112,5,5
47279,157,151,6,6
47280,73,77,-4,4
47281,108,109,-1,1
47282,82,70,12,12
47283,122,113,9,9
47284,143,144,-1,1
47285,172,154,18,18
47286,76,66,10,10
47287,130,132,-2,2
47288,61,66,-5,5
47289,65,71,-6,6
47290,128,118,10,10
47291,98,90,8,8
47292,161,162,-1,1
47293,56,53,3,3
47294,97,135,-38,38
47295,176,187,-11,11
47296,125,116,9,9
47297,115,104,11,11
47298,81,83,-2,2
47299,103,99,4,4
47300,53,57,-4,4
47301,173,162,11,11
47302,132,122,10,10
47303,129,117,12,12
47304,120,116,4,4
47305,123,109,14,14
47306,203,160,43,43
47307,59,51,8,8
47308,67,67,0,0
47309,132,115,17,17
47310,182,158,24,24
47311,143,138,5,5
47312,97,86,11,11
47313,91,85,6,6
47314,96,103,-7,7
47315,91,89,2,2
47316,87,81,6,6
47317,143,143,0,0
47318,65,58,7,7
47319,78,69,9,9
47320,78,80,-2,2
47321,140,134,6,6
47322,93,94,-1,1
47323,52,56,-4,4
47324,95,100,-5,5
47325,96,84,12,12
47326,72,73,-1,1
47327,113,112,1,1
47328,97,93,4,4
47329,77,77,0,0
47330,71,75,-4,4
47331,58,57,1,1
47332,72,71,1,1
47333,210,179,31,31
47334,97,88,9,9
47335,141,140,1,1
47336,130,126,4,4
47337,105,103,2,2
47338,66,72,-6,6
47339,78,85,-7,7
47340,96,98,-2,2
47341,120,113,7,7
47342,57,65,-8,8
47343,162,152,10,10
47344,134,130,4,4
47345,161,145,16,16
47346,171,165,6,6
47347,91,96,-5,5
47348,46,48,-2,2
47349,128,114,14,14
47350,113,96,17,17
47351,96,87,9,9
47352,55,54,1,1
47353,101,101,0,0
47354,146,134,12,12
47355,83,122,-39,39
47356,41,47,-6,6
47357,117,114,3,3
47358,118,119,-1,1
47359,89,91,-2,2
47360,88,87,1,1
47361,37,39,-2,2
47362,68,71,-3,3
47363,53,52,1,1
47364,106,99,7,7
47365,125,114,11,11
47366,79,79,0,0
47367,100,93,7,7
47368,99,103,-4,4
47369,99,98,1,1
47370,130,120,10,10
47371,75,81,-6,6
47372,101,94,7,7
47373,90,89,1,1
47374,154,134,20,20
47375,116,108,8,8
47376,60,73,-13,13
47377,144,143,1,1
47378,75,74,1,1
47379,110,102,8,8
47380,124,123,1,1
47381,79,89,-10,10
47382,38,44,-6,6
47383,90,86,4,4
47384,84,76,8,8
47385,76,79,-3,3
47386,88,90,-2,2
47387,124,125,-1,1
47388,76,80,-4,4
47389,84,81,3,3
47390,75,76,-1,1
47391,78,78,0,0
47392,48,54,-6,6
47393,70,78,-8,8
47394,125,116,9,9
47395,129,128,1,1
47396,75,68,7,7
47397,91,98,-7,7
47398,108,106,2,2
47399,100,91,9,9
47400,56,66,-10,10
47401,140,120,20,20
47402,62,58,4,4
47403,224,181,43,43
47404,109,111,-2,2
47405,159,151,8,8
47406,90,93,-3,3
47407,125,116,9,9
47408,96,96,0,0
47409,74,89,-15,15
47410,109,113,-4,4
47411,84,81,3,3
47412,50,51,-1,1
47413,146,132,14,14
47414,116,99,17,17
47415,93,85,8,8
47416,92,85,7,7
47417,72,67,5,5
47418,159,137,22,22
47419,79,78,1,1
47420,117,106,11,11
47421,92,80,12,12
47422,102,100,2,2
47423,61,66,-5,5
47424,55,51,4,4
47425,91,75,16,16
47426,94,84,10,10
47427,64,68,-4,4
47428,121,113,8,8
47429,50,51,-1,1
47430,91,85,6,6
47431,87,84,3,3
47432,100,90,10,10
47433,60,54,6,6
47434,139,133,6,6
47435,77,76,1,1
47436,54,57,-3,3
47437,117,94,23,23
47438,105,112,-7,7
47439,105,99,6,6
47440,78,79,-1,1
47441,108,97,11,11
47442,111,119,-8,8
47443,112,113,-1,1
47444,69,66,3,3
47445,100,107,-7,7
47446,96,92,4,4
47447,31,52,-21,21
47448,75,71,4,4
47449,68,72,-4,4
47450,53,57,-4,4
47451,63,66,-3,3
47452,85,80,5,5
47453,126,121,5,5
47454,107,102,5,5
47455,130,122,8,8
47456,65,65,0,0
47457,73,72,1,1
47458,107,107,0,0
47459,121,116,5,5
47460,99,100,-1,1
47461,92,94,-2,2
47462,170,161,9,9
47463,85,69,16,16
47464,142,130,12,12
47465,86,83,3,3
47466,63,65,-2,2
47467,121,110,11,11
47468,84,93,-9,9
47469,66,65,1,1
47470,60,60,0,0
47471,68,66,2,2
47472,113,121,-8,8
47473,101,97,4,4
47474,48,55,-7,7
47475,154,148,6,6
47476,160,147,13,13
47477,102,90,12,12
47478,94,94,0,0
47479,84,81,3,3
47480,107,111,-4,4
47481,66,71,-5,5
47482,87,91,-4,4
47483,84,76,8,8
47484,86,90,-4,4
47485,101,68,33,33
47486,83,79,4,4
47487,70,61,9,9
47488,104,89,15,15
47489,78,74,4,4
47490,69,67,2,2
47491,172,154,18,18
47492,66,79,-13,13
47493,96,89,7,7
47494,73,75,-2,2
47495,122,126,-4,4
47496,66,76,-10,10
47497,78,78,0,0
47498,70,122,-52,52
47499,62,69,-7,7
47500,64,65,-1,1
47501,189,166,23,23
47502,101,98,3,3
47503,83,81,2,2
47504,88,81,7,7
47505,108,99,9,9
47506,109,102,7,7
47507,50,50,0,0
47508,100,95,5,5
47509,98,95,3,3
47510,74,66,8,8
47511,151,130,21,21
47512,67,71,-4,4
47513,145,127,18,18
47514,99,94,5,5
47515,79,81,-2,2
47516,66,73,-7,7
47517,87,81,6,6
47518,104,91,13,13
47519,75,69,6,6
47520,81,74,7,7
47521,79,86,-7,7
47522,82,77,5,5
47523,202,177,25,25
47524,64,63,1,1
47525,142,136,6,6
47526,77,87,-10,10
47527,95,105,-10,10
47528,127,124,3,3
47529,89,94,-5,5
47530,136,140,-4,4
47531,63,69,-6,6
47532,123,114,9,9
47533,113,101,12,12
47534,98,95,3,3
47535,136,114,22,22
47536,124,111,13,13
47537,124,116,8,8
47538,162,143,19,19
47539,81,93,-12,12
47540,93,93,0,0
47541,83,88,-5,5
47542,127,109,18,18
47543,60,64,-4,4
47544,83,87,-4,4
47545,60,63,-3,3
47546,103,110,-7,7
47547,93,78,15,15
47548,78,77,1,1
47549,97,90,7,7
47550,73,71,2,2
47551,128,119,9,9
47552,92,97,-5,5
47553,37,43,-6,6
47554,154,140,14,14
47555,60,68,-8,8
47556,94,90,4,4
47557,103,99,4,4
47558,72,77,-5,5
47559,65,72,-7,7
47560,85,87,-2,2
47561,111,104,7,7
47562,88,90,-2,2
47563,110,96,14,14
47564,102,94,8,8
47565,59,59,0,0
47566,89,80,9,9
47567,113,100,13,13
47568,65,71,-6,6
47569,148,139,9,9
47570,83,80,3,3
47571,81,80,1,1
47572,88,83,5,5
47573,67,71,-4,4
47574,44,51,-7,7
47575,98,99,-1,1
47576,89,86,3,3
47577,85,84,1,1
47578,165,140,25,25
47579,58,69,-11,11
47580,118,108,10,10
47581,138,114,24,24
47582,85,77,8,8
47583,77,77,0,0
47584,58,65,-7,7
47585,78,74,4,4
47586,94,103,-9,9
47587,51,57,-6,6
47588,109,112,-3,3
47589,72,79,-7,7
47590,71,71,0,0
47591,83,89,-6,6
47592,97,94,3,3
47593,81,81,0,0
47594,192,198,-6,6
47595,152,135,17,17
47596,101,97,4,4
47597,65,59,6,6
47598,77,79,-2,2
47599,130,115,15,15
47600,124,94,30,30
47601,89,94,-5,5
47602,105,110,-5,5
47603,85,80,5,5
47604,147,140,7,7
47605,108,118,-10,10
47606,86,85,1,1
47607,66,71,-5,5
47608,62,65,-3,3
47609,74,68,6,6
47610,144,117,27,27
47611,77,75,2,2
47612,53,49,4,4
47613,81,72,9,9
47614,121,114,7,7
47615,71,67,4,4
47616,75,63,12,12
47617,105,92,13,13
47618,98,104,-6,6
47619,133,132,1,1
47620,115,114,1,1
47621,56,56,0,0
47622,139,129,10,10
47623,108,106,2,2
47624,207,178,29,29
47625,43,61,-18,18
47626,135,120,15,15
47627,122,118,4,4
47628,61,69,-8,8
47629,97,88,9,9
47630,77,74,3,3
47631,123,102,21,21
47632,59,64,-5,5
47633,113,112,1,1
47634,125,116,9,9
47635,88,87,1,1
47636,72,67,5,5
47637,137,133,4,4
47638,113,102,11,11
47639,112,102,10,10
47640,60,66,-6,6
47641,106,101,5,5
47642,143,138,5,5
47643,91,91,0,0
47644,95,86,9,9
47645,155,132,23,23
47646,106,106,0,0
47647,103,114,-11,11
47648,142,126,16,16
47649,76,72,4,4
47650,115,118,-3,3
47651,96,116,-20,20
47652,103,92,11,11
47653,106,107,-1,1
47654,67,65,2,2
47655,100,95,5,5
47656,103,93,10,10
47657,72,74,-2,2
47658,142,133,9,9
47659,32,56,-24,24
47660,137,130,7,7
47661,57,65,-8,8
47662,69,77,-8,8
47663,47,51,-4,4
47664,82,74,8,8
47665,113,103,10,10
47666,81,89,-8,8
47667,96,94,2,2
47668,67,65,2,2
47669,138,125,13,13
47670,73,71,2,2
47671,62,79,-17,17
47672,45,52,-7,7
47673,106,101,5,5
47674,65,66,-1,1
47675,79,81,-2,2
47676,109,114,-5,5
47677,147,134,13,13
47678,67,68,-1,1
47679,94,91,3,3
47680,73,72,1,1
47681,57,65,-8,8
47682,124,110,14,14
47683,68,72,-4,4
47684,89,87,2,2
47685,105,90,15,15
47686,64,76,-12,12
47687,78,87,-9,9
47688,108,98,10,10
47689,171,158,13,13
47690,92,85,7,7
47691,63,65,-2,2
47692,66,72,-6,6
47693,85,88,-3,3
47694,134,127,7,7
47695,73,73,0,0
47696,85,83,2,2
47697,81,75,6,6
47698,119,113,6,6
47699,64,65,-1,1
47700,73,71,2,2
47701,120,103,17,17
47702,122,113,9,9
47703,97,102,-5,5
47704,69,74,-5,5
47705,88,87,1,1
47706,86,85,1,1
47707,87,85,2,2
47708,152,140,12,12
47709,65,67,-2,2
47710,37,51,-14,14
47711,125,106,19,19
47712,117,122,-5,5
47713,72,73,-1,1
47714,120,135,-15,15
47715,67,66,1,1
47716,147,137,10,10
47717,142,134,8,8
47718,111,99,12,12
47719,104,102,2,2
47720,90,81,9,9
47721,76,73,3,3
47722,82,71,11,11
47723,122,92,30,30
47724,176,155,21,21
47725,97,78,19,19
47726,84,83,1,1
47727,94,90,4,4
47728,175,172,3,3
47729,90,92,-2,2
47730,62,66,-4,4
47731,116,104,12,12
47732,137,128,9,9
47733,141,128,13,13
47734,96,100,-4,4
47735,99,93,6,6
47736,66,60,6,6
47737,183,171,12,12
47738,64,64,0,0
47739,137,139,-2,2
47740,51,56,-5,5
47741,35,40,-5,5
47742,137,119,18,18
47743,151,151,0,0
47744,115,109,6,6
47745,94,88,6,6
47746,42,44,-2,2
47747,57,66,-9,9
47748,102,102,0,0
47749,59,62,-3,3
47750,73,84,-11,11
47751,80,78,2,2
47752,102,104,-2,2
47753,111,106,5,5
47754,150,146,4,4
47755,149,136,13,13
47756,129,115,14,14
47757,35,54,-19,19
47758,50,57,-7,7
47759,85,81,4,4
47760,90,85,5,5
47761,129,114,15,15
47762,111,109,2,2
47763,80,85,-5,5
47764,165,164,1,1
47765,69,71,-2,2
47766,132,114,18,18
47767,145,130,15,15
47768,51,53,-2,2
47769,152,136,16,16
47770,64,61,3,3
47771,168,150,18,18
47772,100,101,-1,1
47773,72,65,7,7
47774,86,90,-4,4
47775,67,72,-5,5
47776,71,71,0,0
47777,156,147,9,9
47778,92,84,8,8
47779,93,94,-1,1
47780,95,101,-6,6
47781,113,105,8,8
47782,105,97,8,8
47783,77,83,-6,6
47784,96,102,-6,6
47785,103,103,0,0
47786,76,89,-13,13
47787,77,74,3,3
47788,103,91,12,12
47789,80,80,0,0
47790,72,77,-5,5
47791,98,94,4,4
47792,94,84,10,10
47793,145,149,-4,4
47794,57,52,5,5
47795,95,87,8,8
47796,97,79,18,18
47797,160,141,19,19
47798,161,151,10,10
47799,71,68,3,3
47800,95,87,8,8
47801,100,95,5,5
47802,57,50,7,7
47803,96,93,3,3
47804,70,70,0,0
47805,51,79,-28,28
47806,70,70,0,0
47807,27,39,-12,12
47808,93,84,9,9
47809,110,105,5,5
47810,128,120,8,8
47811,146,146,0,0
47812,81,70,11,11
47813,100,93,7,7
47814,77,70,7,7
47815,57,60,-3,3
47816,110,103,7,7
47817,90,91,-1,1
47818,105,110,-5,5
47819,91,80,11,11
47820,158,147,11,11
47821,79,73,6,6
47822,52,51,1,1
47823,86,82,4,4
47824,100,99,1,1
47825,65,66,-1,1
47826,116,106,10,10
47827,75,72,3,3
47828,95,91,4,4
47829,71,75,-4,4
47830,87,88,-1,1
47831,79,70,9,9
47832,77,75,2,2
47833,55,58,-3,3
47834,94,90,4,4
47835,99,97,2,2
47836,98,96,2,2
47837,95,104,-9,9
47838,123,121,2,2
47839,76,89,-13,13
47840,157,155,2,2
47841,75,79,-4,4
47842,114,106,8,8
47843,47,46,1,1
47844,110,105,5,5
47845,122,109,13,13
47846,89,99,-10,10
47847,65,70,-5,5
47848,63,68,-5,5
47849,140,125,15,15
47850,101,98,3,3
47851,132,126,6,6
47852,175,179,-4,4
47853,79,76,3,3
47854,97,87,10,10
47855,108,92,16,16
47856,76,68,8,8
47857,80,74,6,6
47858,114,98,16,16
47859,160,157,3,3
47860,101,91,10,10
47861,143,126,17,17
47862,40,45,-5,5
47863,151,139,12,12
47864,111,117,-6,6
47865,105,117,-12,12
47866,93,86,7,7
47867,121,119,2,2
47868,162,149,13,13
47869,91,97,-6,6
47870,86,84,2,2
47871,133,130,3,3
47872,69,74,-5,5
47873,110,116,-6,6
47874,76,69,7,7
47875,70,77,-7,7
47876,129,106,23,23
47877,105,94,11,11
47878,118,110,8,8
47879,51,57,-6,6
47880,155,143,12,12
47881,80,79,1,1
47882,91,104,-13,13
47883,87,84,3,3
47884,61,72,-11,11
47885,65,66,-1,1
47886,85,84,1,1
47887,89,87,2,2
47888,62,65,-3,3
47889,85,90,-5,5
47890,65,75,-10,10
47891,127,121,6,6
47892,94,93,1,1
47893,106,104,2,2
47894,72,70,2,2
47895,115,111,4,4
47896,100,91,9,9
47897,56,52,4,4
47898,78,89,-11,11
47899,100,97,3,3
47900,94,89,5,5
47901,104,95,9,9
47902,76,84,-8,8
47903,100,94,6,6
47904,114,101,13,13
47905,94,81,13,13
47906,92,88,4,4
47907,51,54,-3,3
47908,129,123,6,6
47909,30,42,-12,12
47910,91,101,-10,10
47911,72,72,0,0
47912,99,98,1,1
47913,59,59,0,0
47914,103,95,8,8
47915,140,117,23,23
47916,71,74,-3,3
47917,77,78,-1,1
47918,108,108,0,0
47919,87,74,13,13
47920,150,140,10,10
47921,108,114,-6,6
47922,78,72,6,6
47923,143,131,12,12
47924,109,114,-5,5
47925,81,82,-1,1
47926,82,87,-5,5
47927,46,47,-1,1
47928,142,126,16,16
47929,54,56,-2,2
47930,89,94,-5,5
47931,53,53,0,0
47932,73,68,5,5
47933,74,69,5,5
47934,43,43,0,0
47935,89,87,2,2
47936,71,79,-8,8
47937,62,79,-17,17
47938,59,67,-8,8
47939,114,105,9,9
47940,56,56,0,0
47941,94,97,-3,3
47942,102,107,-5,5
47943,112,102,10,10
47944,75,78,-3,3
47945,77,87,-10,10
47946,124,118,6,6
47947,128,114,14,14
47948,70,76,-6,6
47949,84,129,-45,45
47950,151,135,16,16
47951,113,103,10,10
47952,85,82,3,3
47953,82,101,-19,19
47954,163,159,4,4
47955,124,132,-8,8
47956,80,76,4,4
47957,122,144,-22,22
47958,88,80,8,8
47959,66,65,1,1
47960,83,81,2,2
47961,118,110,8,8
47962,57,55,2,2
47963,66,71,-5,5
47964,108,101,7,7
47965,93,95,-2,2
47966,51,53,-2,2
47967,171,154,17,17
47968,114,98,16,16
47969,45,52,-7,7
47970,86,82,4,4
47971,62,67,-5,5
47972,67,68,-1,1
47973,76,79,-3,3
47974,108,112,-4,4
47975,100,115,-15,15
47976,139,130,9,9
47977,115,113,2,2
47978,144,109,35,35
47979,90,77,13,13
47980,91,80,11,11
47981,75,76,-1,1
47982,135,127,8,8
47983,67,74,-7,7
47984,117,99,18,18
47985,127,112,15,15
47986,59,57,2,2
47987,48,54,-6,6
47988,69,68,1,1
47989,93,81,12,12
47990,123,122,1,1
47991,131,137,-6,6
47992,105,100,5,5
47993,121,121,0,0
47994,111,112,-1,1
47995,43,46,-3,3
47996,131,123,8,8
47997,133,119,14,14
47998,74,73,1,1
47999,154,129,25,25
48000,36,43,-7,7
48001,83,91,-8,8
48002,114,112,2,2
48003,115,102,13,13
48004,117,108,9,9
48005,129,117,12,12
48006,119,113,6,6
48007,65,67,-2,2
48008,88,89,-1,1
48009,80,68,12,12
48010,43,44,-1,1
48011,68,70,-2,2
48012,157,142,15,15
48013,104,100,4,4
48014,56,54,2,2
48015,52,59,-7,7
48016,115,105,10,10
48017,64,63,1,1
48018,139,132,7,7
48019,58,59,-1,1
48020,105,105,0,0
48021,196,186,10,10
48022,117,102,15,15
48023,108,91,17,17
48024,109,122,-13,13
48025,53,53,0,0
48026,97,85,12,12
48027,89,90,-1,1
48028,136,124,12,12
48029,156,156,0,0
48030,107,94,13,13
48031,48,49,-1,1
48032,108,112,-4,4
48033,151,133,18,18
48034,71,84,-13,13
48035,99,88,11,11
48036,119,97,22,22
48037,131,127,4,4
48038,72,74,-2,2
48039,112,105,7,7
48040,142,151,-9,9
48041,130,124,6,6
48042,103,105,-2,2
48043,136,127,9,9
48044,61,62,-1,1
48045,93,86,7,7
48046,124,120,4,4
48047,44,52,-8,8
48048,166,168,-2,2
48049,134,131,3,3
48050,85,80,5,5
48051,56,64,-8,8
48052,58,69,-11,11
48053,95,94,1,1
48054,113,107,6,6
48055,80,87,-7,7
48056,105,94,11,11
48057,56,54,2,2
48058,79,86,-7,7
48059,77,85,-8,8
48060,90,88,2,2
48061,68,72,-4,4
48062,65,69,-4,4
48063,95,92,3,3
48064,51,55,-4,4
48065,99,87,12,12
48066,81,72,9,9
48067,116,96,20,20
48068,72,72,0,0
48069,55,66,-11,11
48070,144,141,3,3
48071,74,80,-6,6
48072,135,137,-2,2
48073,60,67,-7,7
48074,76,82,-6,6
48075,144,115,29,29
48076,141,120,21,21
48077,80,65,15,15
48078,74,84,-10,10
48079,83,80,3,3
48080,76,68,8,8
48081,100,94,6,6
48082,97,91,6,6
48083,141,116,25,25
48084,109,102,7,7
48085,87,103,-16,16
48086,104,99,5,5
48087,69,66,3,3
48088,60,68,-8,8
48089,71,75,-4,4
48090,64,66,-2,2
48091,69,73,-4,4
48092,92,89,3,3
48093,93,85,8,8
48094,88,84,4,4
48095,11,37,-26,26
48096,132,118,14,14
48097,62,72,-10,10
48098,73,86,-13,13
48099,110,96,14,14
48100,84,85,-1,1
48101,63,53,10,10
48102,110,110,0,0
48103,61,65,-4,4
48104,81,84,-3,3
48105,107,110,-3,3
48106,161,138,23,23
48107,66,66,0,0
48108,59,68,-9,9
48109,115,121,-6,6
48110,113,106,7,7
48111,125,122,3,3
48112,104,100,4,4
48113,90,86,4,4
48114,84,79,5,5
48115,101,100,1,1
48116,151,135,16,16
48117,127,115,12,12
48118,102,93,9,9
48119,85,86,-1,1
48120,64,69,-5,5
48121,114,111,3,3
48122,104,97,7,7
48123,99,102,-3,3
48124,60,62,-2,2
48125,102,105,-3,3
48126,125,117,8,8
48127,109,116,-7,7
48128,106,97,9,9
48129,91,91,0,0
48130,54,69,-15,15
48131,86,100,-14,14
48132,108,113,-5,5
48133,61,67,-6,6
48134,63,80,-17,17
48135,112,109,3,3
48136,35,41,-6,6
48137,86,82,4,4
48138,79,80,-1,1
48139,112,106,6,6
48140,180,170,10,10
48141,94,83,11,11
48142,125,116,9,9
48143,82,77,5,5
48144,94,99,-5,5
48145,83,75,8,8
48146,93,94,-1,1
48147,89,89,0,0
48148,63,65,-2,2
48149,120,119,1,1
48150,91,77,14,14
48151,102,124,-22,22
48152,70,77,-7,7
48153,66,65,1,1
48154,73,69,4,4
48155,122,105,17,17
48156,50,57,-7,7
48157,65,70,-5,5
48158,146,138,8,8
48159,72,79,-7,7
48160,109,97,12,12
48161,67,71,-4,4
48162,138,128,10,10
48163,78,81,-3,3
48164,143,137,6,6
48165,82,80,2,2
48166,147,153,-6,6
48167,115,107,8,8
48168,107,109,-2,2
48169,60,66,-6,6
48170,95,83,12,12
48171,95,95,0,0
48172,39,48,-9,9
48173,75,82,-7,7
48174,61,65,-4,4
48175,194,195,-1,1
48176,67,74,-7,7
48177,104,93,11,11
48178,79,84,-5,5
48179,57,81,-24,24
48180,45,48,-3,3
48181,66,73,-7,7
48182,70,74,-4,4
48183,61,79,-18,18
48184,93,86,7,7
48185,104,98,6,6
48186,122,134,-12,12
48187,64,66,-2,2
48188,68,71,-3,3
48189,132,130,2,2
48190,55,54,1,1
48191,117,114,3,3
48192,89,82,7,7
48193,83,91,-8,8
48194,94,112,-18,18
48195,59,54,5,5
48196,149,138,11,11
48197,77,82,-5,5
48198,92,94,-2,2
48199,84,77,7,7
48200,71,71,0,0
48201,75,71,4,4
48202,123,112,11,11
48203,108,111,-3,3
48204,90,92,-2,2
48205,99,85,14,14
48206,38,45,-7,7
48207,59,67,-8,8
48208,104,98,6,6
48209,114,122,-8,8
48210,83,85,-2,2
48211,182,155,27,27
48212,89,97,-8,8
48213,77,66,11,11
48214,146,128,18,18
48215,74,76,-2,2
48216,73,71,2,2
48217,71,70,1,1
48218,70,63,7,7
48219,139,140,-1,1
48220,75,67,8,8
48221,110,123,-13,13
48222,106,104,2,2
48223,150,144,6,6
48224,132,124,8,8
48225,108,93,15,15
48226,56,61,-5,5
48227,133,127,6,6
48228,123,106,17,17
48229,58,53,5,5
48230,73,81,-8,8
48231,118,105,13,13
48232,83,81,2,2
48233,66,65,1,1
48234,83,80,3,3
48235,89,88,1,1
48236,87,94,-7,7
48237,95,88,7,7
48238,57,64,-7,7
48239,124,123,1,1
48240,136,133,3,3
48241,102,100,2,2
48242,123,121,2,2
48243,53,54,-1,1
48244,59,68,-9,9
48245,150,129,21,21
48246,140,123,17,17
48247,88,83,5,5
48248,140,130,10,10
48249,86,87,-1,1
48250,106,94,12,12
48251,127,134,-7,7
48252,88,79,9,9
48253,99,104,-5,5
48254,83,82,1,1
48255,81,83,-2,2
48256,151,128,23,23
48257,144,142,2,2
48258,55,59,-4,4
48259,66,65,1,1
48260,103,98,5,5
48261,100,93,7,7
48262,76,68,8,8
48263,115,112,3,3
48264,135,121,14,14
48265,128,109,19,19
48266,163,142,21,21
48267,81,81,0,0
48268,88,84,4,4
48269,86,109,-23,23
48270,147,132,15,15
48271,179,165,14,14
48272,98,91,7,7
48273,91,85,6,6
48274,145,137,8,8
48275,53,56,-3,3
48276,122,122,0,0
48277,79,77,2,2
48278,118,126,-8,8
48279,100,89,11,11
48280,76,73,3,3
48281,148,138,10,10
48282,55,63,-8,8
48283,80,80,0,0
48284,129,133,-4,4
48285,52,65,-13,13
48286,108,106,2,2
48287,71,70,1,1
48288,49,44,5,5
48289,111,99,12,12
48290,97,88,9,9
48291,106,98,8,8
48292,31,44,-13,13
48293,62,65,-3,3
48294,140,154,-14,14
48295,102,95,7,7
48296,68,58,10,10
48297,66,66,0,0
48298,98,100,-2,2
48299,29,39,-10,10
48300,162,149,13,13
48301,68,70,-2,2
48302,39,49,-10,10
48303,61,62,-1,1
48304,126,127,-1,1
48305,82,68,14,14
48306,95,83,12,12
48307,86,89,-3,3
48308,91,89,2,2
48309,68,81,-13,13
48310,70,70,0,0
48311,56,49,7,7
48312,113,111,2,2
48313,83,73,10,10
48314,185,163,22,22
48315,133,124,9,9
48316,98,93,5,5
48317,47,55,-8,8
48318,86,83,3,3
48319,115,105,10,10
48320,121,113,8,8
48321,130,129,1,1
48322,116,111,5,5
48323,55,50,5,5
48324,88,85,3,3
48325,158,151,7,7
48326,208,196,12,12
48327,104,93,11,11
48328,109,104,5,5
48329,94,100,-6,6
48330,49,54,-5,5
48331,66,69,-3,3
48332,135,146,-11,11
48333,112,99,13,13
48334,75,72,3,3
48335,99,93,6,6
48336,98,97,1,1
48337,77,82,-5,5
48338,108,95,13,13
48339,81,82,-1,1
48340,99,105,-6,6
48341,113,90,23,23
48342,68,73,-5,5
48343,111,114,-3,3
48344,57,65,-8,8
48345,141,122,19,19
48346,96,91,5,5
48347,57,65,-8,8
48348,86,82,4,4
48349,64,82,-18,18
48350,58,52,6,6
48351,68,72,-4,4
48352,79,75,4,4
48353,128,122,6,6
48354,133,121,12,12
48355,129,133,-4,4
48356,98,86,12,12
48357,126,107,19,19
48358,68,72,-4,4
48359,98,87,11,11
48360,76,66,10,10
48361,151,128,23,23
48362,143,136,7,7
48363,81,84,-3,3
48364,154,137,17,17
48365,99,99,0,0
48366,58,63,-5,5
48367,40,46,-6,6
48368,101,95,6,6
48369,88,82,6,6
48370,102,92,10,10
48371,82,79,3,3
48372,80,76,4,4
48373,77,75,2,2
48374,91,87,4,4
48375,133,127,6,6
48376,160,141,19,19
48377,137,130,7,7
48378,110,97,13,13
48379,78,70,8,8
48380,83,80,3,3
48381,68,81,-13,13
48382,85,91,-6,6
48383,90,90,0,0
48384,51,56,-5,5
48385,95,90,5,5
48386,133,120,13,13
48387,63,66,-3,3
48388,64,65,-1,1
48389,64,59,5,5
48390,128,123,5,5
48391,94,95,-1,1
48392,87,83,4,4
48393,49,55,-6,6
48394,66,64,2,2
48395,53,54,-1,1
48396,99,100,-1,1
48397,55,62,-7,7
48398,166,154,12,12
48399,179,162,17,17
48400,100,93,7,7
48401,97,96,1,1
48402,139,124,15,15
48403,59,60,-1,1
48404,175,159,16,16
48405,123,121,2,2
48406,72,74,-2,2
48407,77,85,-8,8
48408,86,77,9,9
48409,52,55,-3,3
48410,122,128,-6,6
48411,83,81,2,2
48412,109,112,-3,3
48413,123,108,15,15
48414,72,74,-2,2
48415,86,81,5,5
48416,97,106,-9,9
48417,98,90,8,8
48418,98,85,13,13
48419,72,69,3,3
48420,160,136,24,24
48421,61,60,1,1
48422,91,90,1,1
48423,65,66,-1,1
48424,145,128,17,17
48425,60,59,1,1
48426,125,114,11,11
48427,57,58,-1,1
48428,117,109,8,8
48429,104,99,5,5
48430,141,129,12,12
48431,65,67,-2,2
48432,78,71,7,7
48433,74,77,-3,3
48434,82,81,1,1
48435,83,85,-2,2
48436,79,80,-1,1
48437,79,79,0,0
48438,73,76,-3,3
48439,154,127,27,27
48440,89,87,2,2
48441,83,89,-6,6
48442,79,78,1,1
48443,167,150,17,17
48444,103,115,-12,12
48445,89,89,0,0
48446,199,176,23,23
48447,63,74,-11,11
48448,67,61,6,6
48449,152,153,-1,1
48450,98,98,0,0
48451,78,82,-4,4
48452,78,76,2,2
48453,119,123,-4,4
48454,93,95,-2,2
48455,121,122,-1,1
48456,105,88,17,17
48457,184,136,48,48
48458,60,64,-4,4
48459,167,145,22,22
48460,51,59,-8,8
48461,114,113,1,1
48462,59,59,0,0
48463,98,103,-5,5
48464,62,65,-3,3
48465,74,66,8,8
48466,87,83,4,4
48467,84,78,6,6
48468,63,62,1,1
48469,103,90,13,13
48470,133,114,19,19
48471,125,107,18,18
48472,137,133,4,4
48473,82,75,7,7
48474,145,141,4,4
48475,111,110,1,1
48476,117,111,6,6
48477,61,61,0,0
48478,107,109,-2,2
48479,127,120,7,7
48480,50,48,2,2
48481,75,70,5,5
48482,173,159,14,14
48483,162,143,19,19
48484,72,83,-11,11
48485,104,99,5,5
48486,84,82,2,2
48487,84,76,8,8
48488,99,93,6,6
48489,109,108,1,1
48490,125,124,1,1
48491,100,99,1,1
48492,108,107,1,1
48493,118,117,1,1
48494,70,77,-7,7
48495,67,55,12,12
48496,39,46,-7,7
48497,87,86,1,1
48498,71,80,-9,9
48499,65,66,-1,1
48500,185,160,25,25
48501,89,83,6,6
48502,94,92,2,2
48503,68,68,0,0
48504,66,58,8,8
48505,126,119,7,7
48506,99,101,-2,2
48507,100,96,4,4
48508,85,82,3,3
48509,38,46,-8,8
48510,170,158,12,12
48511,109,93,16,16
48512,90,82,8,8
48513,58,59,-1,1
48514,52,57,-5,5
48515,162,166,-4,4
48516,60,64,-4,4
48517,99,93,6,6
48518,80,79,1,1
48519,82,91,-9,9
48520,112,109,3,3
48521,81,74,7,7
48522,112,122,-10,10
48523,160,145,15,15
48524,44,53,-9,9
48525,60,62,-2,2
48526,87,76,11,11
48527,66,57,9,9
48528,54,53,1,1
48529,158,132,26,26
48530,125,119,6,6
48531,61,66,-5,5
48532,179,163,16,16
48533,174,139,35,35
48534,86,98,-12,12
48535,86,95,-9,9
48536,79,97,-18,18
48537,60,59,1,1
48538,78,75,3,3
48539,128,123,5,5
48540,111,102,9,9
48541,98,94,4,4
48542,142,115,27,27
48543,65,64,1,1
48544,142,125,17,17
48545,176,166,10,10
48546,88,79,9,9
48547,165,155,10,10
48548,85,88,-3,3
48549,85,78,7,7
48550,88,89,-1,1
48551,97,103,-6,6
48552,125,118,7,7
48553,99,91,8,8
48554,83,76,7,7
48555,97,96,1,1
48556,96,93,3,3
48557,62,67,-5,5
48558,99,104,-5,5
48559,57,61,-4,4
48560,77,82,-5,5
48561,77,81,-4,4
48562,104,123,-19,19
48563,114,104,10,10
48564,94,88,6,6
48565,67,83,-16,16
48566,112,102,10,10
48567,128,115,13,13
48568,93,90,3,3
48569,115,121,-6,6
48570,63,62,1,1
48571,67,75,-8,8
48572,136,132,4,4
48573,96,107,-11,11
48574,97,106,-9,9
48575,97,105,-8,8
48576,100,96,4,4
48577,60,63,-3,3
48578,155,173,-18,18
48579,80,87,-7,7
48580,92,105,-13,13
48581,130,122,8,8
48582,139,125,14,14
48583,121,116,5,5
48584,58,64,-6,6
48585,73,78,-5,5
48586,98,93,5,5
48587,95,96,-1,1
48588,126,112,14,14
48589,112,105,7,7
48590,82,86,-4,4
48591,105,96,9,9
48592,68,79,-11,11
48593,67,78,-11,11
48594,121,117,4,4
48595,164,137,27,27
48596,107,106,1,1
48597,110,104,6,6
48598,125,122,3,3
48599,71,69,2,2
48600,77,80,-3,3
48601,97,95,2,2
48602,114,119,-5,5
48603,140,136,4,4
48604,57,66,-9,9
48605,99,94,5,5
48606,99,92,7,7
48607,52,46,6,6
48608,83,78,5,5
48609,173,234,-61,61
48610,94,99,-5,5
48611,47,57,-10,10
48612,58,61,-3,3
48613,61,69,-8,8
48614,82,94,-12,12
48615,53,67,-14,14
48616,53,56,-3,3
48617,77,79,-2,2
48618,88,92,-4,4
48619,74,75,-1,1
48620,74,70,4,4
48621,150,138,12,12
48622,135,136,-1,1
48623,176,173,3,3
48624,53,64,-11,11
48625,140,133,7,7
48626,106,108,-2,2
48627,189,160,29,29
48628,104,115,-11,11
48629,71,84,-13,13
48630,66,64,2,2
48631,82,87,-5,5
48632,111,119,-8,8
48633,114,98,16,16
48634,140,138,2,2
48635,95,99,-4,4
48636,152,139,13,13
48637,101,104,-3,3
48638,67,58,9,9
48639,47,64,-17,17
48640,73,81,-8,8
48641,84,102,-18,18
48642,92,83,9,9
48643,157,148,9,9
48644,128,129,-1,1
48645,96,106,-10,10
48646,91,87,4,4
48647,92,87,5,5
48648,132,122,10,10
48649,170,155,15,15
48650,103,86,17,17
48651,46,55,-9,9
48652,123,104,19,19
48653,91,77,14,14
48654,111,110,1,1
48655,144,138,6,6
48656,73,78,-5,5
48657,116,104,12,12
48658,137,131,6,6
48659,131,116,15,15
48660,37,44,-7,7
48661,84,87,-3,3
48662,91,86,5,5
48663,175,170,5,5
48664,137,134,3,3
48665,91,82,9,9
48666,41,49,-8,8
48667,88,78,10,10
48668,86,81,5,5
48669,67,70,-3,3
48670,181,160,21,21
48671,108,101,7,7
48672,51,50,1,1
48673,145,134,11,11
48674,87,86,1,1
48675,42,44,-2,2
48676,92,86,6,6
48677,196,174,22,22
48678,43,47,-4,4
48679,108,108,0,0
48680,131,117,14,14
48681,105,104,1,1
48682,77,79,-2,2
48683,80,81,-1,1
48684,144,134,10,10
48685,120,129,-9,9
48686,70,69,1,1
48687,62,63,-1,1
48688,40,44,-4,4
48689,80,73,7,7
48690,93,87,6,6
48691,41,50,-9,9
48692,90,101,-11,11
48693,82,77,5,5
48694,85,85,0,0
48695,103,96,7,7
48696,119,109,10,10
48697,65,66,-1,1
48698,85,78,7,7
48699,114,106,8,8
48700,95,90,5,5
48701,39,43,-4,4
48702,89,85,4,4
48703,116,110,6,6
48704,133,136,-3,3
48705,76,78,-2,2
48706,146,128,18,18
48707,55,62,-7,7
48708,170,158,12,12
48709,76,74,2,2
48710,89,86,3,3
48711,76,98,-22,22
48712,107,93,14,14
48713,69,66,3,3
48714,94,101,-7,7
48715,106,102,4,4
48716,91,76,15,15
48717,158,156,2,2
48718,110,106,4,4
48719,69,70,-1,1
48720,90,81,9,9
48721,99,90,9,9
48722,74,73,1,1
48723,94,96,-2,2
48724,70,66,4,4
48725,81,90,-9,9
48726,136,138,-2,2
48727,89,91,-2,2
48728,113,111,2,2
48729,110,98,12,12
48730,137,131,6,6
48731,100,98,2,2
48732,114,101,13,13
48733,122,103,19,19
48734,27,40,-13,13
48735,105,107,-2,2
48736,65,75,-10,10
48737,120,121,-1,1
48738,68,74,-6,6
48739,158,143,15,15
48740,76,81,-5,5
48741,123,117,6,6
48742,71,66,5,5
48743,86,89,-3,3
48744,68,76,-8,8
48745,118,111,7,7
48746,36,44,-8,8
48747,26,38,-12,12
48748,55,57,-2,2
48749,87,89,-2,2
48750,117,107,10,10
48751,36,44,-8,8
48752,112,99,13,13
48753,73,70,3,3
48754,93,89,4,4
48755,122,109,13,13
48756,117,112,5,5
48757,116,128,-12,12
48758,95,91,4,4
48759,51,52,-1,1
48760,81,77,4,4
48761,88,74,14,14
48762,62,65,-3,3
48763,84,67,17,17
48764,69,74,-5,5
48765,62,67,-5,5
48766,101,104,-3,3
48767,112,110,2,2
48768,182,155,27,27
48769,51,58,-7,7
48770,89,82,7,7
48771,123,123,0,0
48772,91,86,5,5
48773,67,74,-7,7
48774,150,128,22,22
48775,61,69,-8,8
48776,107,101,6,6
48777,53,60,-7,7
48778,79,85,-6,6
48779,143,152,-9,9
48780,115,117,-2,2
48781,66,67,-1,1
48782,104,98,6,6
48783,154,157,-3,3
48784,96,87,9,9
48785,165,166,-1,1
48786,124,123,1,1
48787,108,104,4,4
48788,106,109,-3,3
48789,124,122,2,2
48790,91,99,-8,8
48791,98,114,-16,16
48792,74,82,-8,8
48793,146,147,-1,1
48794,136,132,4,4
48795,96,110,-14,14
48796,117,113,4,4
48797,113,105,8,8
48798,118,106,12,12
48799,151,139,12,12
48800,157,149,8,8
48801,98,85,13,13
48802,136,132,4,4
48803,119,131,-12,12
48804,66,65,1,1
48805,144,133,11,11
48806,118,116,2,2
48807,186,183,3,3
48808,91,90,1,1
48809,99,95,4,4
48810,78,81,-3,3
48811,81,85,-4,4
48812,77,83,-6,6
48813,51,54,-3,3
48814,81,83,-2,2
48815,110,105,5,5
48816,83,81,2,2
48817,75,88,-13,13
48818,73,77,-4,4
48819,113,110,3,3
48820,84,74,10,10
48821,94,91,3,3
48822,77,90,-13,13
48823,101,92,9,9
48824,100,87,13,13
48825,68,63,5,5
48826,65,72,-7,7
48827,159,156,3,3
48828,66,81,-15,15
48829,149,121,28,28
48830,81,95,-14,14
48831,56,58,-2,2
48832,149,158,-9,9
48833,56,56,0,0
48834,110,102,8,8
48835,61,66,-5,5
48836,57,55,2,2
48837,107,107,0,0
48838,58,60,-2,2
48839,106,102,4,4
48840,145,122,23,23
48841,70,74,-4,4
48842,115,114,1,1
48843,106,84,22,22
48844,144,131,13,13
48845,129,114,15,15
48846,127,125,2,2
48847,223,189,34,34
48848,147,143,4,4
48849,95,87,8,8
48850,34,44,-10,10
48851,66,64,2,2
48852,88,87,1,1
48853,91,80,11,11
48854,90,80,10,10
48855,131,125,6,6
48856,61,68,-7,7
48857,66,65,1,1
48858,125,131,-6,6
48859,69,67,2,2
48860,73,80,-7,7
48861,87,87,0,0
48862,89,87,2,2
48863,69,76,-7,7
48864,114,111,3,3
48865,64,67,-3,3
48866,146,134,12,12
48867,93,96,-3,3
48868,54,61,-7,7
48869,171,169,2,2
48870,63,66,-3,3
48871,70,75,-5,5
48872,61,65,-4,4
48873,75,76,-1,1
48874,158,135,23,23
48875,65,78,-13,13
48876,93,90,3,3
48877,97,88,9,9
48878,126,105,21,21
48879,122,116,6,6
48880,128,137,-9,9
48881,109,105,4,4
48882,90,81,9,9
48883,167,162,5,5
48884,79,69,10,10
48885,56,63,-7,7
48886,117,108,9,9
48887,80,77,3,3
48888,48,53,-5,5
48889,72,72,0,0
48890,69,69,0,0
48891,105,99,6,6
48892,103,98,5,5
48893,94,92,2,2
48894,91,84,7,7
48895,117,111,6,6
48896,168,165,3,3
48897,60,64,-4,4
48898,93,101,-8,8
48899,110,101,9,9
48900,61,58,3,3
48901,133,125,8,8
48902,124,99,25,25
48903,131,128,3,3
48904,81,82,-1,1
48905,78,73,5,5
48906,117,107,10,10
48907,116,108,8,8
48908,75,78,-3,3
48909,50,57,-7,7
48910,76,72,4,4
48911,120,113,7,7
48912,96,90,6,6
48913,99,118,-19,19
48914,163,152,11,11
48915,136,122,14,14
48916,150,136,14,14
48917,87,94,-7,7
48918,116,111,5,5
48919,127,120,7,7
48920,73,74,-1,1
48921,110,111,-1,1
48922,65,68,-3,3
48923,74,75,-1,1
48924,98,91,7,7
48925,74,71,3,3
48926,105,103,2,2
48927,92,92,0,0
48928,80,82,-2,2
48929,111,108,3,3
48930,93,88,5,5
48931,69,70,-1,1
48932,76,80,-4,4
48933,59,58,1,1
48934,127,120,7,7
48935,45,56,-11,11
48936,100,79,21,21
48937,111,112,-1,1
48938,165,196,-31,31
48939,161,168,-7,7
48940,108,108,0,0
48941,85,73,12,12
48942,131,132,-1,1
48943,28,39,-11,11
48944,92,83,9,9
48945,55,54,1,1
48946,134,121,13,13
48947,112,103,9,9
48948,123,106,17,17
48949,137,129,8,8
48950,72,84,-12,12
48951,116,107,9,9
48952,136,130,6,6
48953,122,118,4,4
48954,120,114,6,6
48955,85,77,8,8
48956,98,101,-3,3
48957,108,121,-13,13
48958,95,96,-1,1
48959,71,69,2,2
48960,160,146,14,14
48961,112,111,1,1
48962,98,101,-3,3
48963,72,68,4,4
48964,102,98,4,4
48965,95,87,8,8
48966,130,116,14,14
48967,96,93,3,3
48968,123,114,9,9
48969,100,105,-5,5
48970,172,162,10,10
48971,55,55,0,0
48972,60,73,-13,13
48973,101,101,0,0
48974,90,102,-12,12
48975,76,81,-5,5
48976,80,80,0,0
48977,100,106,-6,6
48978,61,66,-5,5
48979,75,75,0,0
48980,81,99,-18,18
48981,121,116,5,5
48982,81,81,0,0
48983,139,137,2,2
48984,86,74,12,12
48985,94,87,7,7
48986,121,117,4,4
48987,83,77,6,6
48988,127,125,2,2
48989,49,65,-16,16
48990,83,91,-8,8
48991,76,71,5,5
48992,113,106,7,7
48993,73,69,4,4
48994,85,80,5,5
48995,97,91,6,6
48996,82,79,3,3
48997,103,101,2,2
48998,68,68,0,0
48999,65,69,-4,4
49000,46,68,-22,22
49001,108,98,10,10
49002,96,102,-6,6
49003,133,128,5,5
49004,97,92,5,5
49005,62,55,7,7
49006,95,94,1,1
49007,132,116,16,16
49008,164,151,13,13
49009,62,61,1,1
49010,81,80,1,1
49011,91,93,-2,2
49012,73,73,0,0
49013,73,76,-3,3
49014,105,112,-7,7
49015,75,80,-5,5
49016,73,65,8,8
49017,94,94,0,0
49018,112,119,-7,7
49019,107,96,11,11
49020,79,77,2,2
49021,128,129,-1,1
49022,100,92,8,8
49023,68,71,-3,3
49024,84,73,11,11
49025,115,131,-16,16
49026,68,71,-3,3
49027,50,53,-3,3
49028,80,83,-3,3
49029,71,74,-3,3
49030,115,112,3,3
49031,103,111,-8,8
49032,112,107,5,5
49033,95,87,8,8
49034,132,127,5,5
49035,108,114,-6,6
49036,89,95,-6,6
49037,96,86,10,10
49038,110,103,7,7
49039,103,160,-57,57
49040,113,96,17,17
49041,72,78,-6,6
49042,85,89,-4,4
49043,106,108,-2,2
49044,101,97,4,4
49045,117,125,-8,8
49046,67,75,-8,8
49047,82,81,1,1
49048,61,63,-2,2
49049,64,62,2,2
49050,86,87,-1,1
49051,89,88,1,1
49052,49,51,-2,2
49053,136,113,23,23
49054,137,132,5,5
49055,79,71,8,8
49056,127,111,16,16
49057,130,122,8,8
49058,119,123,-4,4
49059,83,77,6,6
49060,98,99,-1,1
49061,124,117,7,7
49062,72,83,-11,11
49063,114,121,-7,7
49064,144,128,16,16
49065,117,102,15,15
49066,68,71,-3,3
49067,41,49,-8,8
49068,88,93,-5,5
49069,156,142,14,14
49070,85,81,4,4
49071,99,95,4,4
49072,71,86,-15,15
49073,152,134,18,18
49074,86,80,6,6
49075,95,85,10,10
49076,100,96,4,4
49077,99,98,1,1
49078,137,113,24,24
49079,78,71,7,7
49080,142,126,16,16
49081,80,89,-9,9
49082,70,71,-1,1
49083,112,101,11,11
49084,116,117,-1,1
49085,76,79,-3,3
49086,128,115,13,13
49087,101,92,9,9
49088,111,105,6,6
49089,71,71,0,0
49090,129,120,9,9
49091,170,158,12,12
49092,136,111,25,25
49093,105,92,13,13
49094,117,106,11,11
49095,102,94,8,8
49096,77,78,-1,1
49097,103,111,-8,8
49098,53,57,-4,4
49099,94,100,-6,6
49100,73,63,10,10
49101,65,65,0,0
49102,107,120,-13,13
49103,78,84,-6,6
49104,83,78,5,5
49105,117,112,5,5
49106,33,40,-7,7
49107,97,94,3,3
49108,119,116,3,3
49109,74,71,3,3
49110,96,88,8,8
49111,113,114,-1,1
49112,68,80,-12,12
49113,78,73,5,5
49114,123,101,22,22
49115,121,124,-3,3
49116,74,72,2,2
49117,100,92,8,8
49118,71,73,-2,2
49119,46,48,-2,2
49120,90,92,-2,2
49121,63,75,-12,12
49122,94,107,-13,13
49123,83,88,-5,5
49124,86,89,-3,3
49125,116,117,-1,1
49126,107,100,7,7
49127,111,119,-8,8
49128,211,187,24,24
49129,71,66,5,5
49130,57,66,-9,9
49131,135,124,11,11
49132,111,106,5,5
49133,97,90,7,7
49134,139,131,8,8
49135,96,96,0,0
49136,91,87,4,4
49137,131,125,6,6
49138,134,121,13,13
49139,81,82,-1,1
49140,123,114,9,9
49141,122,124,-2,2
49142,149,142,7,7
49143,122,107,15,15
49144,114,105,9,9
49145,112,99,13,13
49146,110,101,9,9
49147,111,113,-2,2
49148,50,53,-3,3
49149,52,51,1,1
49150,119,121,-2,2
49151,67,68,-1,1
49152,135,131,4,4
49153,81,73,8,8
49154,122,105,17,17
49155,130,127,3,3
49156,60,66,-6,6
49157,108,116,-8,8
49158,97,96,1,1
49159,50,55,-5,5
49160,77,69,8,8
49161,106,95,11,11
49162,100,104,-4,4
49163,70,74,-4,4
49164,99,99,0,0
49165,108,104,4,4
49166,138,126,12,12
49167,132,132,0,0
49168,73,79,-6,6
49169,73,80,-7,7
49170,111,97,14,14
49171,101,99,2,2
49172,123,117,6,6
49173,80,134,-54,54
49174,56,48,8,8
49175,101,93,8,8
49176,119,116,3,3
49177,125,138,-13,13
49178,107,102,5,5
49179,141,132,9,9
49180,110,121,-11,11
49181,91,82,9,9
49182,67,66,1,1
49183,91,91,0,0
49184,62,66,-4,4
49185,66,65,1,1
49186,51,71,-20,20
49187,26,38,-12,12
49188,112,111,1,1
49189,85,77,8,8
49190,173,155,18,18
49191,65,60,5,5
49192,71,75,-4,4
49193,48,60,-12,12
49194,113,114,-1,1
49195,111,107,4,4
49196,76,78,-2,2
49197,72,73,-1,1
49198,104,95,9,9
49199,113,105,8,8
49200,80,76,4,4
49201,129,130,-1,1
49202,80,75,5,5
49203,99,100,-1,1
49204,98,102,-4,4
49205,186,173,13,13
49206,84,84,0,0
49207,46,52,-6,6
49208,81,91,-10,10
49209,62,59,3,3
49210,85,84,1,1
49211,63,60,3,3
49212,114,119,-5,5
49213,91,89,2,2
49214,100,111,-11,11
49215,53,51,2,2
49216,127,108,19,19
49217,93,83,10,10
49218,59,63,-4,4
49219,52,50,2,2
49220,100,92,8,8
49221,73,79,-6,6
49222,110,109,1,1
49223,88,74,14,14
49224,87,86,1,1
49225,53,54,-1,1
49226,96,95,1,1
49227,70,85,-15,15
49228,80,88,-8,8
49229,80,76,4,4
49230,78,73,5,5
49231,45,45,0,0
49232,97,92,5,5
49233,172,157,15,15
49234,92,93,-1,1
49235,72,74,-2,2
49236,125,127,-2,2
49237,72,73,-1,1
49238,156,147,9,9
49239,61,65,-4,4
49240,118,119,-1,1
49241,89,109,-20,20
49242,126,105,21,21
49243,121,107,14,14
49244,63,77,-14,14
49245,96,88,8,8
49246,123,110,13,13
49247,80,83,-3,3
49248,120,114,6,6
49249,75,78,-3,3
49250,128,123,5,5
49251,166,153,13,13
49252,129,119,10,10
49253,74,82,-8,8
49254,70,78,-8,8
49255,75,77,-2,2
49256,115,94,21,21
49257,109,105,4,4
49258,86,81,5,5
49259,90,89,1,1
49260,95,88,7,7
49261,102,108,-6,6
49262,178,160,18,18
49263,140,126,14,14
49264,148,141,7,7
49265,75,79,-4,4
49266,94,88,6,6
49267,83,85,-2,2
49268,184,168,16,16
49269,98,92,6,6
49270,36,40,-4,4
49271,68,69,-1,1
49272,88,87,1,1
49273,71,70,1,1
49274,80,74,6,6
49275,81,79,2,2
49276,98,104,-6,6
49277,99,88,11,11
49278,41,52,-11,11
49279,51,64,-13,13
49280,161,147,14,14
49281,76,76,0,0
49282,103,97,6,6
49283,86,79,7,7
49284,111,105,6,6
49285,132,120,12,12
49286,91,85,6,6
49287,114,97,17,17
49288,106,96,10,10
49289,140,133,7,7
49290,54,51,3,3
49291,231,197,34,34
49292,74,77,-3,3
49293,59,60,-1,1
49294,149,129,20,20
49295,98,89,9,9
49296,96,89,7,7
49297,98,103,-5,5
49298,29,39,-10,10
49299,80,79,1,1
49300,115,105,10,10
49301,75,72,3,3
49302,93,93,0,0
49303,86,85,1,1
49304,67,58,9,9
49305,56,55,1,1
49306,120,117,3,3
49307,188,162,26,26
49308,31,44,-13,13
49309,51,67,-16,16
49310,55,59,-4,4
49311,81,86,-5,5
49312,75,77,-2,2
49313,63,67,-4,4
49314,85,84,1,1
49315,32,39,-7,7
49316,83,88,-5,5
49317,86,88,-2,2
49318,122,100,22,22
49319,46,56,-10,10
49320,122,111,11,11
49321,101,97,4,4
49322,55,70,-15,15
49323,80,82,-2,2
49324,106,104,2,2
49325,79,91,-12,12
49326,143,141,2,2
49327,124,123,1,1
49328,128,122,6,6
49329,88,95,-7,7
49330,98,99,-1,1
49331,207,181,26,26
49332,133,119,14,14
49333,46,49,-3,3
49334,115,121,-6,6
49335,75,65,10,10
49336,93,88,5,5
49337,99,102,-3,3
49338,107,106,1,1
49339,99,93,6,6
49340,78,75,3,3
49341,104,90,14,14
49342,112,116,-4,4
49343,75,72,3,3
49344,84,88,-4,4
49345,87,92,-5,5
49346,83,76,7,7
49347,151,136,15,15
49348,23,44,-21,21
49349,168,153,15,15
49350,62,67,-5,5
49351,65,59,6,6
49352,68,70,-2,2
49353,110,111,-1,1
49354,159,139,20,20
49355,44,48,-4,4
49356,144,135,9,9
49357,71,71,0,0
49358,71,66,5,5
49359,131,106,25,25
49360,148,107,41,41
49361,116,115,1,1
49362,117,99,18,18
49363,116,128,-12,12
49364,95,90,5,5
49365,59,68,-9,9
49366,41,44,-3,3
49367,80,86,-6,6
49368,66,68,-2,2
49369,98,84,14,14
49370,186,171,15,15
49371,109,100,9,9
49372,97,121,-24,24
49373,74,68,6,6
49374,113,109,4,4
49375,61,58,3,3
49376,108,109,-1,1
49377,123,109,14,14
49378,78,77,1,1
49379,57,63,-6,6
49380,42,53,-11,11
49381,118,124,-6,6
49382,59,59,0,0
49383,96,104,-8,8
49384,69,74,-5,5
49385,94,81,13,13
49386,84,91,-7,7
49387,182,178,4,4
49388,44,48,-4,4
49389,74,83,-9,9
49390,84,73,11,11
49391,173,152,21,21
49392,73,82,-9,9
49393,67,68,-1,1
49394,84,88,-4,4
49395,106,103,3,3
49396,80,84,-4,4
49397,79,88,-9,9
49398,61,57,4,4
49399,73,78,-5,5
49400,50,50,0,0
49401,94,89,5,5
49402,86,93,-7,7
49403,71,70,1,1
49404,60,70,-10,10
49405,126,120,6,6
49406,60,58,2,2
49407,65,62,3,3
49408,83,82,1,1
49409,47,46,1,1
49410,234,190,44,44
49411,101,84,17,17
49412,111,105,6,6
49413,65,60,5,5
49414,50,59,-9,9
49415,63,72,-9,9
49416,121,123,-2,2
49417,63,52,11,11
49418,105,97,8,8
49419,51,65,-14,14
49420,85,74,11,11
49421,154,131,23,23
49422,130,119,11,11
49423,95,93,2,2
49424,55,52,3,3
49425,95,96,-1,1
49426,154,144,10,10
49427,109,104,5,5
49428,57,66,-9,9
49429,109,100,9,9
49430,125,112,13,13
49431,85,77,8,8
49432,76,69,7,7
49433,66,79,-13,13
49434,89,83,6,6
49435,64,62,2,2
49436,46,59,-13,13
49437,79,79,0,0
49438,114,113,1,1
49439,73,70,3,3
49440,130,126,4,4
49441,78,72,6,6
49442,62,67,-5,5
49443,49,49,0,0
49444,65,72,-7,7
49445,66,70,-4,4
49446,72,79,-7,7
49447,81,81,0,0
49448,131,129,2,2
49449,113,112,1,1
49450,103,100,3,3
49451,60,62,-2,2
49452,61,64,-3,3
49453,62,65,-3,3
49454,79,76,3,3
49455,111,122,-11,11
49456,108,102,6,6
49457,124,99,25,25
49458,93,104,-11,11
49459,121,123,-2,2
49460,49,50,-1,1
49461,72,79,-7,7
49462,86,71,15,15
49463,64,65,-1,1
49464,95,80,15,15
49465,108,109,-1,1
49466,148,141,7,7
49467,71,65,6,6
49468,85,99,-14,14
49469,72,77,-5,5
49470,107,104,3,3
49471,121,106,15,15
49472,119,116,3,3
49473,81,102,-21,21
49474,94,93,1,1
49475,147,118,29,29
49476,101,98,3,3
49477,106,106,0,0
49478,59,63,-4,4
49479,70,68,2,2
49480,52,54,-2,2
49481,89,78,11,11
49482,128,121,7,7
49483,111,115,-4,4
49484,146,139,7,7
49485,49,50,-1,1
49486,110,100,10,10
49487,119,115,4,4
49488,96,98,-2,2
49489,119,111,8,8
49490,140,129,11,11
49491,124,119,5,5
49492,90,82,8,8
49493,68,69,-1,1
49494,92,99,-7,7
49495,163,148,15,15
49496,77,71,6,6
49497,103,93,10,10
49498,126,105,21,21
49499,70,73,-3,3
49500,127,114,13,13
49501,76,79,-3,3
49502,138,131,7,7
49503,88,91,-3,3
49504,58,82,-24,24
49505,68,67,1,1
49506,146,137,9,9
49507,139,136,3,3
49508,71,78,-7,7
49509,143,133,10,10
49510,123,99,24,24
49511,55,55,0,0
49512,93,90,3,3
49513,74,82,-8,8
49514,122,112,10,10
49515,79,84,-5,5
49516,75,77,-2,2
49517,72,82,-10,10
49518,122,118,4,4
49519,82,81,1,1
49520,66,67,-1,1
49521,67,70,-3,3
49522,62,65,-3,3
49523,108,94,14,14
49524,82,84,-2,2
49525,93,93,0,0
49526,57,61,-4,4
49527,73,77,-4,4
49528,116,96,20,20
49529,97,87,10,10
49530,107,103,4,4
49531,69,70,-1,1
49532,118,111,7,7
49533,112,108,4,4
49534,75,79,-4,4
49535,128,129,-1,1
49536,96,94,2,2
49537,81,85,-4,4
49538,149,133,16,16
49539,65,69,-4,4
49540,28,36,-8,8
49541,92,91,1,1
49542,82,74,8,8
49543,65,76,-11,11
49544,130,123,7,7
49545,85,82,3,3
49546,105,103,2,2
49547,119,116,3,3
49548,124,110,14,14
49549,89,84,5,5
49550,52,53,-1,1
49551,95,87,8,8
49552,111,122,-11,11
49553,110,94,16,16
49554,104,99,5,5
49555,107,111,-4,4
49556,79,75,4,4
49557,98,87,11,11
49558,113,110,3,3
49559,59,64,-5,5
49560,86,82,4,4
49561,40,45,-5,5
49562,59,56,3,3
49563,108,104,4,4
49564,49,56,-7,7
49565,86,77,9,9
49566,84,76,8,8
49567,93,91,2,2
49568,74,73,1,1
49569,73,74,-1,1
49570,89,92,-3,3
49571,83,88,-5,5
49572,94,94,0,0
49573,103,95,8,8
49574,117,125,-8,8
49575,162,147,15,15
49576,72,88,-16,16
49577,107,109,-2,2
49578,122,113,9,9
49579,108,103,5,5
49580,96,79,17,17
49581,98,93,5,5
49582,111,111,0,0
49583,51,52,-1,1
49584,70,77,-7,7
49585,64,66,-2,2
49586,47,43,4,4
49587,45,49,-4,4
49588,69,88,-19,19
49589,91,89,2,2
49590,77,66,11,11
49591,83,82,1,1
49592,73,68,5,5
49593,70,73,-3,3
49594,228,174,54,54
49595,50,58,-8,8
49596,69,69,0,0
49597,88,83,5,5
49598,76,78,-2,2
49599,80,75,5,5
49600,73,72,1,1
49601,86,83,3,3
49602,103,123,-20,20
49603,135,125,10,10
49604,75,82,-7,7
49605,78,80,-2,2
49606,114,95,19,19
49607,112,111,1,1
49608,66,70,-4,4
49609,94,85,9,9
49610,86,76,10,10
49611,86,76,10,10
49612,115,119,-4,4
49613,81,75,6,6
49614,96,100,-4,4
49615,100,88,12,12
49616,137,128,9,9
49617,71,69,2,2
49618,77,76,1,1
49619,102,97,5,5
49620,83,86,-3,3
49621,87,88,-1,1
49622,123,102,21,21
49623,65,71,-6,6
49624,59,66,-7,7
49625,98,95,3,3
49626,127,132,-5,5
49627,141,124,17,17
49628,55,54,1,1
49629,63,67,-4,4
49630,102,93,9,9
49631,63,72,-9,9
49632,108,97,11,11
49633,105,102,3,3
49634,57,48,9,9
49635,64,55,9,9
49636,83,79,4,4
49637,97,93,4,4
49638,97,95,2,2
49639,84,91,-7,7
49640,117,113,4,4
49641,99,89,10,10
49642,106,101,5,5
49643,101,95,6,6
49644,91,82,9,9
49645,131,118,13,13
49646,162,156,6,6
49647,81,78,3,3
49648,56,64,-8,8
49649,120,104,16,16
49650,103,91,12,12
49651,43,44,-1,1
49652,59,63,-4,4
49653,90,85,5,5
49654,116,107,9,9
49655,55,50,5,5
49656,97,91,6,6
49657,99,90,9,9
49658,52,59,-7,7
49659,32,42,-10,10
49660,91,100,-9,9
49661,92,87,5,5
49662,52,58,-6,6
49663,159,139,20,20
49664,144,126,18,18
49665,115,110,5,5
49666,44,51,-7,7
49667,114,114,0,0
49668,183,164,19,19
49669,94,88,6,6
49670,82,94,-12,12
49671,85,74,11,11
49672,71,74,-3,3
49673,151,137,14,14
49674,98,92,6,6
49675,116,112,4,4
49676,108,96,12,12
49677,85,85,0,0
49678,96,113,-17,17
49679,94,104,-10,10
49680,59,63,-4,4
49681,81,79,2,2
49682,125,119,6,6
49683,64,70,-6,6
49684,106,96,10,10
49685,89,88,1,1
49686,91,81,10,10
49687,72,65,7,7
49688,69,79,-10,10
49689,94,78,16,16
49690,133,118,15,15
49691,115,111,4,4
49692,92,87,5,5
49693,171,144,27,27
49694,108,103,5,5
49695,102,93,9,9
49696,133,137,-4,4
49697,89,80,9,9
49698,93,88,5,5
49699,39,63,-24,24
49700,119,111,8,8
49701,116,111,5,5
49702,71,62,9,9
49703,121,124,-3,3
49704,109,101,8,8
49705,121,101,20,20
49706,87,93,-6,6
49707,73,84,-11,11
49708,103,91,12,12
49709,50,51,-1,1
49710,53,57,-4,4
49711,94,92,2,2
49712,143,145,-2,2
49713,68,64,4,4
49714,148,131,17,17
49715,54,50,4,4
49716,121,108,13,13
49717,116,121,-5,5
49718,91,97,-6,6
49719,74,70,4,4
49720,68,69,-1,1
49721,129,121,8,8
49722,69,65,4,4
49723,43,48,-5,5
49724,125,114,11,11
49725,101,108,-7,7
49726,188,159,29,29
49727,135,120,15,15
49728,57,63,-6,6
49729,96,99,-3,3
49730,68,64,4,4
49731,154,135,19,19
49732,101,103,-2,2
49733,48,60,-12,12
49734,62,74,-12,12
49735,182,165,17,17
49736,83,85,-2,2
49737,52,55,-3,3
49738,97,81,16,16
49739,108,97,11,11
49740,90,95,-5,5
49741,88,83,5,5
49742,109,105,4,4
49743,84,96,-12,12
49744,93,102,-9,9
49745,87,83,4,4
49746,75,77,-2,2
49747,77,81,-4,4
49748,159,138,21,21
49749,56,56,0,0
49750,135,111,24,24
49751,42,50,-8,8
49752,42,44,-2,2
49753,82,95,-13,13
49754,106,109,-3,3
49755,98,105,-7,7
49756,59,65,-6,6
49757,158,134,24,24
49758,109,111,-2,2
49759,93,92,1,1
49760,174,160,14,14
49761,91,90,1,1
49762,138,111,27,27
49763,104,97,7,7
49764,92,96,-4,4
49765,67,74,-7,7
49766,87,89,-2,2
49767,135,121,14,14
49768,102,89,13,13
49769,164,150,14,14
49770,67,75,-8,8
49771,106,91,15,15
49772,88,94,-6,6
49773,109,108,1,1
49774,97,86,11,11
49775,49,52,-3,3
49776,124,115,9,9
49777,64,60,4,4
49778,160,142,18,18
49779,108,104,4,4
49780,71,69,2,2
49781,108,100,8,8
49782,87,83,4,4
49783,181,164,17,17
49784,100,94,6,6
49785,52,50,2,2
49786,128,122,6,6
49787,84,80,4,4
49788,123,110,13,13
49789,131,127,4,4
49790,113,115,-2,2
49791,127,128,-1,1
49792,85,89,-4,4
49793,71,71,0,0
49794,108,109,-1,1
49795,74,67,7,7
49796,160,141,19,19
49797,72,81,-9,9
49798,75,72,3,3
49799,122,122,0,0
49800,85,85,0,0
49801,74,81,-7,7
49802,44,76,-32,32
49803,110,120,-10,10
49804,64,74,-10,10
49805,40,52,-12,12
49806,124,113,11,11
49807,88,88,0,0
49808,123,114,9,9
49809,122,119,3,3
49810,122,118,4,4
49811,104,103,1,1
49812,100,102,-2,2
49813,83,79,4,4
49814,50,56,-6,6
49815,93,89,4,4
49816,91,83,8,8
49817,78,81,-3,3
49818,121,106,15,15
49819,90,84,6,6
49820,53,58,-5,5
49821,112,101,11,11
49822,82,80,2,2
49823,167,151,16,16
49824,97,88,9,9
49825,63,62,1,1
49826,112,109,3,3
49827,102,84,18,18
49828,78,79,-1,1
49829,124,118,6,6
49830,60,60,0,0
49831,59,55,4,4
49832,55,62,-7,7
49833,154,141,13,13
49834,86,87,-1,1
49835,102,92,10,10
49836,70,74,-4,4
49837,47,51,-4,4
49838,79,63,16,16
49839,62,58,4,4
49840,114,129,-15,15
49841,117,101,16,16
49842,60,56,4,4
49843,86,76,10,10
49844,152,144,8,8
49845,168,161,7,7
49846,124,131,-7,7
49847,60,59,1,1
49848,125,110,15,15
49849,62,68,-6,6
49850,88,93,-5,5
49851,66,65,1,1
49852,175,155,20,20
49853,88,87,1,1
49854,45,55,-10,10
49855,74,69,5,5
49856,135,124,11,11
49857,106,100,6,6
49858,130,111,19,19
49859,79,86,-7,7
49860,81,79,2,2
49861,65,75,-10,10
49862,107,91,16,16
49863,97,87,10,10
49864,76,85,-9,9
49865,116,102,14,14
49866,59,58,1,1
49867,54,65,-11,11
49868,98,94,4,4
49869,128,143,-15,15
49870,106,100,6,6
49871,78,79,-1,1
49872,131,128,3,3
49873,69,66,3,3
49874,153,154,-1,1
49875,71,77,-6,6
49876,67,69,-2,2
49877,107,98,9,9
49878,75,95,-20,20
49879,87,87,0,0
49880,94,83,11,11
49881,90,98,-8,8
49882,74,79,-5,5
49883,135,128,7,7
49884,134,124,10,10
49885,151,134,17,17
49886,92,95,-3,3
49887,92,94,-2,2
49888,80,87,-7,7
49889,91,94,-3,3
49890,89,90,-1,1
49891,86,78,8,8
49892,76,74,2,2
49893,107,105,2,2
49894,140,113,27,27
49895,85,101,-16,16
49896,85,85,0,0
49897,69,65,4,4
49898,96,94,2,2
49899,62,59,3,3
49900,79,75,4,4
49901,138,114,24,24
49902,115,102,13,13
49903,106,93,13,13
49904,93,86,7,7
49905,122,112,10,10
49906,106,91,15,15
49907,90,83,7,7
49908,88,76,12,12
49909,72,71,1,1
49910,84,94,-10,10
49911,138,137,1,1
49912,92,95,-3,3
49913,95,93,2,2
49914,86,80,6,6
49915,73,65,8,8
49916,70,78,-8,8
49917,61,65,-4,4
49918,161,143,18,18
49919,89,83,6,6
49920,130,122,8,8
49921,99,70,29,29
49922,79,79,0,0
49923,47,66,-19,19
49924,75,84,-9,9
49925,69,68,1,1
49926,78,77,1,1
49927,45,50,-5,5
49928,67,76,-9,9
49929,99,101,-2,2
49930,92,99,-7,7
49931,116,109,7,7
49932,132,117,15,15
49933,88,92,-4,4
49934,94,96,-2,2
49935,112,117,-5,5
49936,40,51,-11,11
49937,58,57,1,1
49938,88,78,10,10
49939,85,81,4,4
49940,86,64,22,22
49941,145,137,8,8
49942,105,97,8,8
49943,99,91,8,8
49944,62,65,-3,3
49945,95,95,0,0
49946,90,76,14,14
49947,57,49,8,8
49948,104,99,5,5
49949,70,70,0,0
49950,103,89,14,14
49951,102,93,9,9
49952,56,61,-5,5
49953,67,66,1,1
49954,65,67,-2,2
49955,65,73,-8,8
49956,100,124,-24,24
49957,77,84,-7,7
49958,140,121,19,19
49959,86,75,11,11
49960,123,116,7,7
49961,33,78,-45,45
49962,102,96,6,6
49963,116,109,7,7
49964,63,67,-4,4
49965,79,81,-2,2
49966,160,148,12,12
49967,60,62,-2,2
49968,65,60,5,5
49969,84,83,1,1
49970,67,70,-3,3
49971,90,91,-1,1
49972,70,82,-12,12
49973,68,70,-2,2
49974,104,113,-9,9
49975,87,85,2,2
49976,124,108,16,16
49977,128,123,5,5
49978,166,162,4,4
49979,72,78,-6,6
49980,54,53,1,1
49981,111,96,15,15
49982,93,85,8,8
49983,107,100,7,7
49984,137,128,9,9
49985,89,81,8,8
49986,68,60,8,8
49987,52,52,0,0
49988,75,85,-10,10
49989,79,76,3,3
49990,48,56,-8,8
49991,75,69,6,6
49992,85,79,6,6
49993,78,80,-2,2
49994,101,92,9,9
49995,173,149,24,24
49996,90,82,8,8
49997,55,52,3,3
49998,98,98,0,0
49999,131,109,22,22
50000,149,133,16,16
50001,90,89,1,1
50002,51,48,3,3
50003,68,70,-2,2
50004,111,98,13,13
50005,77,83,-6,6
50006,150,136,14,14
50007,123,114,9,9
50008,42,52,-10,10
50009,111,106,5,5
50010,73,77,-4,4
50011,77,79,-2,2
50012,74,95,-21,21
50013,145,122,23,23
50014,77,67,10,10
50015,102,101,1,1
50016,79,78,1,1
50017,65,65,0,0
50018,64,67,-3,3
50019,54,47,7,7
50020,127,113,14,14
50021,126,128,-2,2
50022,83,82,1,1
50023,108,93,15,15
50024,103,98,5,5
50025,132,128,4,4
50026,141,122,19,19
50027,132,125,7,7
50028,71,71,0,0
50029,111,105,6,6
50030,133,116,17,17
50031,102,101,1,1
50032,57,55,2,2
50033,92,103,-11,11
50034,120,104,16,16
50035,85,76,9,9
50036,86,91,-5,5
50037,79,73,6,6
50038,69,77,-8,8
50039,63,51,12,12
50040,118,118,0,0
50041,132,124,8,8
50042,72,75,-3,3
50043,98,108,-10,10
50044,110,104,6,6
50045,105,103,2,2
50046,67,70,-3,3
50047,92,92,0,0
50048,118,128,-10,10
50049,134,116,18,18
50050,70,68,2,2
50051,129,118,11,11
50052,67,63,4,4
50053,36,54,-18,18
50054,137,139,-2,2
50055,40,52,-12,12
50056,89,88,1,1
50057,89,84,5,5
50058,83,79,4,4
50059,70,90,-20,20
50060,125,123,2,2
50061,113,102,11,11
50062,64,64,0,0
50063,101,90,11,11
50064,92,90,2,2
50065,118,110,8,8
50066,70,71,-1,1
50067,87,114,-27,27
50068,112,103,9,9
50069,195,188,7,7
50070,122,117,5,5
50071,59,56,3,3
50072,155,140,15,15
50073,131,120,11,11
50074,143,118,25,25
50075,117,102,15,15
50076,120,110,10,10
50077,113,103,10,10
50078,102,92,10,10
50079,131,115,16,16
50080,105,92,13,13
50081,87,86,1,1
50082,66,68,-2,2
50083,122,131,-9,9
50084,116,97,19,19
50085,104,96,8,8
50086,51,56,-5,5
50087,90,90,0,0
50088,87,86,1,1
50089,93,102,-9,9
50090,61,70,-9,9
50091,106,109,-3,3
50092,47,55,-8,8
50093,80,77,3,3
50094,74,74,0,0
50095,50,51,-1,1
50096,167,152,15,15
50097,56,56,0,0
50098,110,119,-9,9
50099,160,132,28,28
50100,105,107,-2,2
50101,63,61,2,2
50102,97,94,3,3
50103,98,92,6,6
50104,108,105,3,3
50105,105,103,2,2
50106,119,105,14,14
50107,144,124,20,20
50108,65,65,0,0
50109,112,103,9,9
50110,113,100,13,13
50111,98,103,-5,5
50112,83,77,6,6
50113,170,155,15,15
50114,88,90,-2,2
50115,109,98,11,11
50116,92,89,3,3
50117,121,119,2,2
50118,58,49,9,9
50119,96,123,-27,27
50120,108,99,9,9
50121,150,141,9,9
50122,78,76,2,2
50123,43,45,-2,2
50124,49,57,-8,8
50125,173,149,24,24
50126,100,94,6,6
50127,104,95,9,9
50128,76,89,-13,13
50129,108,102,6,6
50130,148,136,12,12
50131,74,78,-4,4
50132,72,67,5,5
50133,78,68,10,10
50134,108,105,3,3
50135,92,95,-3,3
50136,94,97,-3,3
50137,104,104,0,0
50138,102,105,-3,3
50139,70,70,0,0
50140,88,84,4,4
50141,104,104,0,0
50142,115,95,20,20
50143,87,76,11,11
50144,110,105,5,5
50145,70,76,-6,6
50146,78,78,0,0
50147,80,83,-3,3
50148,56,59,-3,3
50149,125,117,8,8
50150,79,74,5,5
50151,90,81,9,9
50152,134,128,6,6
50153,123,116,7,7
50154,116,97,19,19
50155,79,77,2,2
50156,100,111,-11,11
50157,55,61,-6,6
50158,86,78,8,8
50159,125,126,-1,1
50160,68,69,-1,1
50161,73,78,-5,5
50162,103,95,8,8
50163,172,170,2,2
50164,18,35,-17,17
50165,80,80,0,0
50166,64,65,-1,1
50167,90,87,3,3
50168,100,100,0,0
50169,52,63,-11,11
50170,199,168,31,31
50171,90,92,-2,2
50172,80,91,-11,11
50173,138,139,-1,1
50174,64,69,-5,5
50175,101,97,4,4
50176,116,115,1,1
50177,134,111,23,23
50178,113,103,10,10
50179,84,83,1,1
50180,55,70,-15,15
50181,194,176,18,18
50182,81,85,-4,4
50183,100,99,1,1
50184,97,97,0,0
50185,64,66,-2,2
50186,55,59,-4,4
50187,68,77,-9,9
50188,103,104,-1,1
50189,102,90,12,12
50190,68,67,1,1
50191,95,90,5,5
50192,74,73,1,1
50193,77,66,11,11
50194,97,104,-7,7
50195,77,66,11,11
50196,124,115,9,9
50197,62,68,-6,6
50198,78,86,-8,8
50199,149,138,11,11
50200,53,62,-9,9
50201,80,87,-7,7
50202,82,92,-10,10
50203,69,67,2,2
50204,80,90,-10,10
50205,45,49,-4,4
50206,66,70,-4,4
50207,46,53,-7,7
50208,82,84,-2,2
50209,45,51,-6,6
50210,105,97,8,8
50211,109,98,11,11
50212,89,90,-1,1
50213,69,67,2,2
50214,132,107,25,25
50215,106,102,4,4
50216,132,124,8,8
50217,141,135,6,6
50218,282,224,58,58
50219,151,159,-8,8
50220,93,83,10,10
50221,129,126,3,3
50222,82,89,-7,7
50223,72,72,0,0
50224,86,84,2,2
50225,42,42,0,0
50226,85,77,8,8
50227,105,90,15,15
50228,110,104,6,6
50229,50,53,-3,3
50230,88,97,-9,9
50231,98,85,13,13
50232,85,80,5,5
50233,122,118,4,4
50234,122,137,-15,15
50235,124,114,10,10
50236,77,77,0,0
50237,117,108,9,9
50238,98,108,-10,10
50239,90,84,6,6
50240,129,115,14,14
50241,88,93,-5,5
50242,73,73,0,0
50243,77,75,2,2
50244,139,143,-4,4
50245,96,88,8,8
50246,102,94,8,8
50247,87,89,-2,2
50248,70,72,-2,2
50249,159,148,11,11
50250,60,63,-3,3
50251,69,63,6,6
50252,113,111,2,2
50253,156,141,15,15
50254,118,102,16,16
50255,53,58,-5,5
50256,104,108,-4,4
50257,83,76,7,7
50258,67,62,5,5
50259,95,104,-9,9
50260,103,97,6,6
50261,132,144,-12,12
50262,115,106,9,9
50263,89,89,0,0
50264,107,95,12,12
50265,99,100,-1,1
50266,97,98,-1,1
50267,54,58,-4,4
50268,101,96,5,5
50269,97,86,11,11
50270,81,85,-4,4
50271,150,154,-4,4
50272,76,99,-23,23
50273,87,90,-3,3
50274,101,112,-11,11
50275,51,53,-2,2
50276,99,98,1,1
50277,76,76,0,0
50278,170,153,17,17
50279,129,108,21,21
50280,73,76,-3,3
50281,172,170,2,2
50282,142,130,12,12
50283,104,100,4,4
50284,125,114,11,11
50285,51,53,-2,2
50286,127,123,4,4
50287,150,133,17,17
50288,71,78,-7,7
50289,129,131,-2,2
50290,92,97,-5,5
50291,83,79,4,4
50292,82,87,-5,5
50293,143,147,-4,4
50294,105,100,5,5
50295,60,59,1,1
50296,79,86,-7,7
50297,26,41,-15,15
50298,131,110,21,21
50299,90,83,7,7
50300,72,71,1,1
50301,62,65,-3,3
50302,76,71,5,5
50303,138,129,9,9
50304,81,96,-15,15
50305,108,96,12,12
50306,88,92,-4,4
50307,115,114,1,1
50308,123,113,10,10
50309,89,92,-3,3
50310,123,119,4,4
50311,104,94,10,10
50312,67,64,3,3
50313,82,89,-7,7
50314,68,65,3,3
50315,72,71,1,1
50316,92,90,2,2
50317,60,60,0,0
50318,76,88,-12,12
50319,91,92,-1,1
50320,95,81,14,14
50321,101,100,1,1
50322,96,98,-2,2
50323,122,116,6,6
50324,139,129,10,10
50325,141,112,29,29
50326,89,80,9,9
50327,103,112,-9,9
50328,51,55,-4,4
50329,75,84,-9,9
50330,107,117,-10,10
50331,64,65,-1,1
50332,54,56,-2,2
50333,90,84,6,6
50334,75,78,-3,3
50335,136,122,14,14
50336,99,108,-9,9
50337,128,134,-6,6
50338,125,99,26,26
50339,131,117,14,14
50340,61,52,9,9
50341,60,59,1,1
50342,70,82,-12,12
50343,136,136,0,0
50344,91,81,10,10
50345,74,73,1,1
50346,63,72,-9,9
50347,113,103,10,10
50348,78,64,14,14
50349,208,183,25,25
50350,153,142,11,11
50351,154,149,5,5
50352,92,91,1,1
50353,61,65,-4,4
50354,88,94,-6,6
50355,53,68,-15,15
50356,60,59,1,1
50357,101,93,8,8
50358,108,107,1,1
50359,70,67,3,3
50360,73,70,3,3
50361,86,89,-3,3
50362,63,65,-2,2
50363,105,104,1,1
50364,72,65,7,7
50365,145,130,15,15
50366,71,70,1,1
50367,148,135,13,13
50368,68,76,-8,8
50369,158,142,16,16
50370,176,162,14,14
50371,98,80,18,18
50372,151,137,14,14
50373,72,91,-19,19
50374,48,54,-6,6
50375,77,74,3,3
50376,65,65,0,0
50377,107,106,1,1
50378,93,87,6,6
50379,103,107,-4,4
50380,95,91,4,4
50381,45,51,-6,6
50382,148,139,9,9
50383,130,119,11,11
50384,123,115,8,8
50385,91,90,1,1
50386,127,148,-21,21
50387,66,75,-9,9
50388,71,71,0,0
50389,133,124,9,9
50390,111,117,-6,6
50391,92,97,-5,5
50392,72,72,0,0
50393,70,67,3,3
50394,158,147,11,11
50395,56,54,2,2
50396,63,69,-6,6
50397,73,73,0,0
50398,170,148,22,22
50399,118,118,0,0
50400,83,91,-8,8
50401,59,65,-6,6
50402,95,76,19,19
50403,79,63,16,16
50404,79,76,3,3
50405,103,115,-12,12
50406,127,121,6,6
50407,93,99,-6,6
50408,82,80,2,2
50409,48,49,-1,1
50410,90,90,0,0
50411,76,65,11,11
50412,91,92,-1,1
50413,43,48,-5,5
50414,66,71,-5,5
50415,55,56,-1,1
50416,93,90,3,3
50417,102,96,6,6
50418,56,56,0,0
50419,91,90,1,1
50420,126,127,-1,1
50421,78,85,-7,7
50422,81,79,2,2
50423,103,99,4,4
50424,114,103,11,11
50425,103,101,2,2
50426,137,133,4,4
50427,111,107,4,4
50428,71,71,0,0
50429,99,87,12,12
50430,118,110,8,8
50431,145,130,15,15
50432,83,81,2,2
50433,59,55,4,4
50434,79,81,-2,2
50435,60,61,-1,1
50436,59,58,1,1
50437,109,111,-2,2
50438,74,77,-3,3
50439,125,129,-4,4
50440,112,99,13,13
50441,74,73,1,1
50442,149,138,11,11
50443,79,85,-6,6
50444,76,78,-2,2
50445,124,112,12,12
50446,62,65,-3,3
50447,59,76,-17,17
50448,190,171,19,19
50449,62,75,-13,13
50450,105,112,-7,7
50451,97,80,17,17
50452,128,119,9,9
50453,113,109,4,4
50454,98,89,9,9
50455,37,46,-9,9
50456,136,133,3,3
50457,79,93,-14,14
50458,47,58,-11,11
50459,98,84,14,14
50460,101,102,-1,1
50461,87,86,1,1
50462,49,61,-12,12
50463,88,77,11,11
50464,92,89,3,3
50465,128,120,8,8
50466,111,103,8,8
50467,106,99,7,7
50468,57,67,-10,10
50469,95,101,-6,6
50470,60,57,3,3
50471,131,115,16,16
50472,88,79,9,9
50473,83,86,-3,3
50474,109,103,6,6
50475,114,109,5,5
50476,84,88,-4,4
50477,85,84,1,1
50478,86,85,1,1
50479,76,80,-4,4
50480,112,96,16,16
50481,106,106,0,0
50482,56,61,-5,5
50483,120,122,-2,2
50484,53,58,-5,5
50485,32,59,-27,27
50486,184,178,6,6
50487,82,78,4,4
50488,66,65,1,1
50489,67,74,-7,7
50490,123,120,3,3
50491,123,116,7,7
50492,146,124,22,22
50493,74,74,0,0
50494,113,99,14,14
50495,102,103,-1,1
50496,143,124,19,19
50497,88,84,4,4
50498,136,124,12,12
50499,149,148,1,1
50500,165,155,10,10
50501,59,65,-6,6
50502,87,82,5,5
50503,85,77,8,8
50504,54,59,-5,5
50505,48,54,-6,6
50506,73,66,7,7
50507,74,69,5,5
50508,125,131,-6,6
50509,71,65,6,6
50510,36,45,-9,9
50511,127,109,18,18
50512,71,67,4,4
50513,92,87,5,5
50514,55,58,-3,3
50515,62,55,7,7
50516,76,66,10,10
50517,64,66,-2,2
50518,129,121,8,8
50519,147,137,10,10
50520,69,72,-3,3
50521,76,68,8,8
50522,86,84,2,2
50523,66,56,10,10
50524,76,75,1,1
50525,74,78,-4,4
50526,54,55,-1,1
50527,109,110,-1,1
50528,141,131,10,10
50529,55,58,-3,3
50530,121,105,16,16
50531,79,84,-5,5
50532,80,75,5,5
50533,156,152,4,4
50534,44,46,-2,2
50535,114,100,14,14
50536,105,98,7,7
50537,73,78,-5,5
50538,84,85,-1,1
50539,176,162,14,14
50540,62,63,-1,1
50541,121,113,8,8
50542,114,114,0,0
50543,87,93,-6,6
50544,77,85,-8,8
50545,64,61,3,3
50546,165,148,17,17
50547,139,142,-3,3
50548,121,113,8,8
50549,97,94,3,3
50550,193,164,29,29
50551,125,123,2,2
50552,76,95,-19,19
50553,54,50,4,4
50554,134,136,-2,2
50555,72,72,0,0
50556,96,91,5,5
50557,37,40,-3,3
50558,125,111,14,14
50559,87,77,10,10
50560,33,46,-13,13
50561,71,72,-1,1
50562,53,56,-3,3
50563,59,59,0,0
50564,110,99,11,11
50565,82,87,-5,5
50566,110,103,7,7
50567,64,57,7,7
50568,65,67,-2,2
50569,134,118,16,16
50570,58,57,1,1
50571,90,97,-7,7
50572,79,85,-6,6
50573,66,82,-16,16
50574,88,97,-9,9
50575,89,114,-25,25
50576,124,119,5,5
50577,111,104,7,7
50578,144,125,19,19
50579,131,130,1,1
50580,133,127,6,6
50581,104,101,3,3
50582,63,68,-5,5
50583,72,67,5,5
50584,76,72,4,4
50585,59,53,6,6
50586,110,101,9,9
50587,69,65,4,4
50588,112,105,7,7
50589,41,55,-14,14
50590,135,125,10,10
50591,101,118,-17,17
50592,86,79,7,7
50593,116,123,-7,7
50594,88,88,0,0
50595,74,84,-10,10
50596,41,52,-11,11
50597,91,95,-4,4
50598,164,148,16,16
50599,58,52,6,6
50600,203,169,34,34
50601,84,86,-2,2
50602,91,76,15,15
50603,98,99,-1,1
50604,123,125,-2,2
50605,63,60,3,3
50606,88,77,11,11
50607,92,99,-7,7
50608,117,108,9,9
50609,72,65,7,7
50610,69,67,2,2
50611,77,77,0,0
50612,77,72,5,5
50613,73,72,1,1
50614,94,91,3,3
50615,118,109,9,9
50616,98,94,4,4
50617,82,83,-1,1
50618,137,118,19,19
50619,84,90,-6,6
50620,113,106,7,7
50621,145,123,22,22
50622,67,66,1,1
50623,101,101,0,0
50624,37,65,-28,28
50625,49,58,-9,9
50626,63,68,-5,5
50627,76,73,3,3
50628,216,181,35,35
50629,138,135,3,3
50630,96,95,1,1
50631,76,88,-12,12
50632,66,66,0,0
50633,55,53,2,2
50634,92,88,4,4
50635,83,82,1,1
50636,107,122,-15,15
50637,124,111,13,13
50638,78,73,5,5
50639,149,146,3,3
50640,154,145,9,9
50641,67,65,2,2
50642,82,81,1,1
50643,99,100,-1,1
50644,107,106,1,1
50645,156,148,8,8
50646,174,189,-15,15
50647,103,100,3,3
50648,116,112,4,4
50649,44,40,4,4
50650,108,104,4,4
50651,94,100,-6,6
50652,63,70,-7,7
50653,95,91,4,4
50654,57,59,-2,2
50655,72,71,1,1
50656,72,74,-2,2
50657,101,98,3,3
50658,94,113,-19,19
50659,86,76,10,10
50660,157,142,15,15
50661,56,56,0,0
50662,77,80,-3,3
50663,76,87,-11,11
50664,164,158,6,6
50665,68,78,-10,10
50666,65,75,-10,10
50667,124,123,1,1
50668,62,65,-3,3
50669,138,123,15,15
50670,146,140,6,6
50671,135,154,-19,19
50672,124,110,14,14
50673,105,97,8,8
50674,71,67,4,4
50675,84,83,1,1
50676,84,75,9,9
50677,70,68,2,2
50678,112,101,11,11
50679,127,130,-3,3
50680,51,131,-80,80
50681,104,102,2,2
50682,96,102,-6,6
50683,97,84,13,13
50684,72,76,-4,4
50685,117,106,11,11
50686,115,122,-7,7
50687,76,81,-5,5
50688,98,100,-2,2
50689,70,74,-4,4
50690,97,101,-4,4
50691,131,146,-15,15
50692,50,52,-2,2
50693,68,67,1,1
50694,64,64,0,0
50695,103,102,1,1
50696,48,48,0,0
50697,106,97,9,9
50698,80,81,-1,1
50699,131,127,4,4
50700,59,65,-6,6
50701,196,185,11,11
50702,143,145,-2,2
50703,74,69,5,5
50704,69,78,-9,9
50705,70,76,-6,6
50706,114,101,13,13
50707,70,67,3,3
50708,42,53,-11,11
50709,112,119,-7,7
50710,79,72,7,7
50711,159,149,10,10
50712,121,102,19,19
50713,69,74,-5,5
50714,93,80,13,13
50715,90,91,-1,1
50716,91,95,-4,4
50717,65,69,-4,4
50718,136,141,-5,5
50719,65,72,-7,7
50720,51,59,-8,8
50721,131,116,15,15
50722,81,82,-1,1
50723,60,114,-54,54
50724,99,92,7,7
50725,37,76,-39,39
50726,131,116,15,15
50727,164,135,29,29
50728,63,66,-3,3
50729,208,184,24,24
50730,40,49,-9,9
50731,94,100,-6,6
50732,114,110,4,4
50733,72,75,-3,3
50734,83,77,6,6
50735,65,68,-3,3
50736,124,122,2,2
50737,45,51,-6,6
50738,78,75,3,3
50739,139,129,10,10
50740,63,66,-3,3
50741,88,90,-2,2
50742,81,83,-2,2
50743,79,67,12,12
50744,106,101,5,5
50745,129,114,15,15
50746,107,109,-2,2
50747,67,77,-10,10
50748,119,116,3,3
50749,96,100,-4,4
50750,96,86,10,10
50751,64,71,-7,7
50752,110,102,8,8
50753,122,122,0,0
50754,159,155,4,4
50755,84,86,-2,2
50756,78,73,5,5
50757,186,182,4,4
50758,77,74,3,3
50759,95,88,7,7
50760,78,75,3,3
50761,84,97,-13,13
50762,115,104,11,11
50763,104,103,1,1
50764,84,77,7,7
50765,94,86,8,8
50766,103,95,8,8
50767,120,116,4,4
50768,80,85,-5,5
50769,63,54,9,9
50770,113,116,-3,3
50771,82,86,-4,4
50772,111,109,2,2
50773,103,102,1,1
50774,122,114,8,8
50775,81,78,3,3
50776,141,140,1,1
50777,122,117,5,5
50778,136,126,10,10
50779,67,72,-5,5
50780,91,97,-6,6
50781,86,89,-3,3
50782,97,89,8,8
50783,42,66,-24,24
50784,63,68,-5,5
50785,118,113,5,5
50786,81,92,-11,11
50787,62,61,1,1
50788,55,67,-12,12
50789,89,90,-1,1
50790,71,73,-2,2
50791,57,65,-8,8
50792,83,84,-1,1
50793,153,139,14,14
50794,106,96,10,10
50795,122,107,15,15
50796,76,77,-1,1
50797,90,91,-1,1
50798,70,83,-13,13
50799,33,42,-9,9
50800,83,79,4,4
50801,50,56,-6,6
50802,118,110,8,8
50803,115,107,8,8
50804,45,44,1,1
50805,58,56,2,2
50806,38,49,-11,11
50807,97,103,-6,6
50808,39,53,-14,14
50809,28,41,-13,13
50810,117,115,2,2
50811,115,100,15,15
50812,121,114,7,7
50813,105,107,-2,2
50814,88,85,3,3
50815,64,76,-12,12
50816,85,86,-1,1
50817,103,88,15,15
50818,76,76,0,0
50819,60,66,-6,6
50820,73,76,-3,3
50821,70,65,5,5
50822,54,53,1,1
50823,83,92,-9,9
50824,77,76,1,1
50825,58,54,4,4
50826,105,96,9,9
50827,145,136,9,9
50828,119,103,16,16
50829,100,94,6,6
50830,84,86,-2,2
50831,88,78,10,10
50832,90,83,7,7
50833,65,73,-8,8
50834,131,124,7,7
50835,76,91,-15,15
50836,166,164,2,2
50837,52,50,2,2
50838,156,150,6,6
50839,139,147,-8,8
50840,80,75,5,5
50841,73,79,-6,6
50842,94,89,5,5
50843,83,83,0,0
50844,108,95,13,13
50845,71,68,3,3
50846,98,104,-6,6
50847,94,91,3,3
50848,99,92,7,7
50849,29,39,-10,10
50850,85,77,8,8
50851,92,92,0,0
50852,96,98,-2,2
50853,107,99,8,8
50854,31,50,-19,19
50855,80,67,13,13
50856,86,80,6,6
50857,147,134,13,13
50858,113,111,2,2
50859,58,55,3,3
50860,69,74,-5,5
50861,81,84,-3,3
50862,105,104,1,1
50863,146,125,21,21
50864,126,118,8,8
50865,72,69,3,3
50866,110,100,10,10
50867,140,137,3,3
50868,93,85,8,8
50869,88,88,0,0
50870,84,97,-13,13
50871,57,55,2,2
50872,78,72,6,6
50873,76,74,2,2
50874,143,122,21,21
50875,108,133,-25,25
50876,45,55,-10,10
50877,87,92,-5,5
50878,77,82,-5,5
50879,96,112,-16,16
50880,84,77,7,7
50881,60,66,-6,6
50882,74,80,-6,6
50883,83,79,4,4
50884,69,67,2,2
50885,58,51,7,7
50886,73,71,2,2
50887,81,88,-7,7
50888,106,104,2,2
50889,140,144,-4,4
50890,75,78,-3,3
50891,102,103,-1,1
50892,137,114,23,23
50893,63,91,-28,28
50894,80,74,6,6
50895,65,71,-6,6
50896,151,139,12,12
50897,138,131,7,7
50898,104,92,12,12
50899,142,132,10,10
50900,77,85,-8,8
50901,102,102,0,0
50902,83,84,-1,1
50903,74,81,-7,7
50904,113,107,6,6
50905,115,109,6,6
50906,86,93,-7,7
50907,66,64,2,2
50908,123,112,11,11
50909,173,162,11,11
50910,138,141,-3,3
50911,121,114,7,7
50912,187,175,12,12
50913,103,91,12,12
50914,93,142,-49,49
50915,134,127,7,7
50916,84,77,7,7
50917,140,130,10,10
50918,139,120,19,19
50919,112,116,-4,4
50920,81,80,1,1
50921,48,47,1,1
50922,111,101,10,10
50923,133,119,14,14
50924,158,144,14,14
50925,47,55,-8,8
50926,115,118,-3,3
50927,59,66,-7,7
50928,136,125,11,11
50929,86,89,-3,3
50930,89,95,-6,6
50931,104,106,-2,2
50932,88,89,-1,1
50933,68,72,-4,4
50934,105,95,10,10
50935,122,111,11,11
50936,93,86,7,7
50937,172,152,20,20
50938,77,86,-9,9
50939,141,132,9,9
50940,106,108,-2,2
50941,102,106,-4,4
50942,136,123,13,13
50943,83,74,9,9
50944,60,64,-4,4
50945,90,102,-12,12
50946,69,72,-3,3
50947,96,95,1,1
50948,101,101,0,0
50949,90,76,14,14
50950,95,98,-3,3
50951,80,91,-11,11
50952,91,92,-1,1
50953,125,110,15,15
50954,85,78,7,7
50955,129,124,5,5
50956,117,118,-1,1
50957,77,77,0,0
50958,82,87,-5,5
50959,135,125,10,10
50960,120,112,8,8
50961,89,81,8,8
50962,161,154,7,7
50963,70,72,-2,2
50964,60,67,-7,7
50965,172,159,13,13
50966,136,127,9,9
50967,86,80,6,6
50968,106,106,0,0
50969,107,111,-4,4
50970,98,97,1,1
50971,120,139,-19,19
50972,158,151,7,7
50973,61,59,2,2
50974,101,94,7,7
50975,94,95,-1,1
50976,60,70,-10,10
50977,68,70,-2,2
50978,99,82,17,17
50979,56,52,4,4
50980,110,95,15,15
50981,102,96,6,6
50982,83,85,-2,2
50983,92,93,-1,1
50984,77,70,7,7
50985,125,133,-8,8
50986,79,72,7,7
50987,67,66,1,1
50988,113,109,4,4
50989,122,117,5,5
50990,131,122,9,9
50991,104,94,10,10
50992,89,104,-15,15
50993,92,91,1,1
50994,217,153,64,64
50995,45,45,0,0
50996,69,82,-13,13
50997,112,113,-1,1
50998,146,120,26,26
50999,95,97,-2,2
51000,91,95,-4,4
51001,70,73,-3,3
51002,75,84,-9,9
51003,95,95,0,0
51004,112,95,17,17
51005,58,63,-5,5
51006,54,54,0,0
51007,94,94,0,0
51008,108,96,12,12
51009,89,90,-1,1
51010,90,88,2,2
51011,129,123,6,6
51012,105,96,9,9
51013,94,87,7,7
51014,132,142,-10,10
51015,95,91,4,4
51016,68,65,3,3
51017,97,88,9,9
51018,128,115,13,13
51019,116,114,2,2
51020,93,92,1,1
51021,89,77,12,12
51022,176,174,2,2
51023,172,168,4,4
51024,54,52,2,2
51025,60,65,-5,5
51026,39,62,-23,23
51027,96,84,12,12
51028,60,78,-18,18
51029,52,52,0,0
51030,105,98,7,7
51031,137,134,3,3
51032,151,132,19,19
51033,108,118,-10,10
51034,100,93,7,7
51035,68,73,-5,5
51036,99,99,0,0
51037,100,99,1,1
51038,112,102,10,10
51039,78,70,8,8
51040,110,106,4,4
51041,70,65,5,5
51042,122,110,12,12
51043,72,77,-5,5
51044,191,172,19,19
51045,106,102,4,4
51046,102,99,3,3
51047,130,110,20,20
51048,83,80,3,3
51049,70,70,0,0
51050,93,96,-3,3
51051,98,90,8,8
51052,72,72,0,0
51053,121,109,12,12
51054,157,146,11,11
51055,72,79,-7,7
51056,88,85,3,3
51057,109,106,3,3
51058,129,112,17,17
51059,185,165,20,20
51060,82,89,-7,7
51061,45,45,0,0
51062,47,60,-13,13
51063,75,80,-5,5
51064,107,94,13,13
51065,73,74,-1,1
51066,90,88,2,2
51067,69,73,-4,4
51068,100,108,-8,8
51069,87,80,7,7
51070,56,55,1,1
51071,83,76,7,7
51072,140,135,5,5
51073,64,56,8,8
51074,97,89,8,8
51075,86,84,2,2
51076,129,111,18,18
51077,119,109,10,10
51078,85,84,1,1
51079,109,97,12,12
51080,92,92,0,0
51081,152,131,21,21
51082,74,81,-7,7
51083,147,206,-59,59
51084,117,114,3,3
51085,85,91,-6,6
51086,115,122,-7,7
51087,96,90,6,6
51088,109,107,2,2
51089,70,74,-4,4
51090,107,97,10,10
51091,71,82,-11,11
51092,80,82,-2,2
51093,117,107,10,10
51094,149,143,6,6
51095,74,74,0,0
51096,100,94,6,6
51097,131,132,-1,1
51098,100,98,2,2
51099,72,69,3,3
51100,92,105,-13,13
51101,68,66,2,2
51102,71,78,-7,7
51103,60,53,7,7
51104,74,76,-2,2
51105,114,105,9,9
51106,44,47,-3,3
51107,104,111,-7,7
51108,143,138,5,5
51109,159,139,20,20
51110,76,77,-1,1
51111,93,92,1,1
51112,91,86,5,5
51113,91,92,-1,1
51114,188,165,23,23
51115,85,86,-1,1
51116,58,50,8,8
51117,115,104,11,11
51118,51,53,-2,2
51119,49,52,-3,3
51120,108,107,1,1
51121,92,94,-2,2
51122,102,98,4,4
51123,113,108,5,5
51124,100,98,2,2
51125,80,73,7,7
51126,109,114,-5,5
51127,72,72,0,0
51128,91,92,-1,1
51129,93,91,2,2
51130,44,48,-4,4
51131,104,106,-2,2
51132,50,61,-11,11
51133,76,79,-3,3
51134,53,51,2,2
51135,119,108,11,11
51136,105,94,11,11
51137,110,122,-12,12
51138,148,144,4,4
51139,105,94,11,11
51140,139,128,11,11
51141,97,85,12,12
51142,113,99,14,14
51143,85,82,3,3
51144,113,105,8,8
51145,60,59,1,1
51146,66,63,3,3
51147,115,109,6,6
51148,30,72,-42,42
51149,76,74,2,2
51150,73,78,-5,5
51151,72,78,-6,6
51152,141,132,9,9
51153,58,70,-12,12
51154,101,96,5,5
51155,80,72,8,8
51156,76,77,-1,1
51157,118,115,3,3
51158,97,95,2,2
51159,96,108,-12,12
51160,40,45,-5,5
51161,157,141,16,16
51162,125,115,10,10
51163,99,92,7,7
51164,66,65,1,1
51165,117,113,4,4
51166,94,100,-6,6
51167,54,59,-5,5
51168,62,58,4,4
51169,74,72,2,2
51170,166,151,15,15
51171,142,139,3,3
51172,81,91,-10,10
51173,110,116,-6,6
51174,114,102,12,12
51175,96,93,3,3
51176,54,58,-4,4
51177,97,95,2,2
51178,86,94,-8,8
51179,67,75,-8,8
51180,65,67,-2,2
51181,89,92,-3,3
51182,86,92,-6,6
51183,71,73,-2,2
51184,146,139,7,7
51185,81,72,9,9
51186,108,103,5,5
51187,116,111,5,5
51188,90,94,-4,4
51189,108,95,13,13
51190,127,116,11,11
51191,60,63,-3,3
51192,66,60,6,6
51193,180,176,4,4
51194,52,52,0,0
51195,93,89,4,4
51196,127,126,1,1
51197,96,88,8,8
51198,110,92,18,18
51199,102,102,0,0
51200,110,107,3,3
51201,72,65,7,7
51202,161,147,14,14
51203,89,79,10,10
51204,78,74,4,4
51205,77,85,-8,8
51206,80,77,3,3
51207,78,79,-1,1
51208,135,117,18,18
51209,88,79,9,9
51210,102,85,17,17
51211,73,75,-2,2
51212,101,97,4,4
51213,84,80,4,4
51214,87,85,2,2
51215,79,87,-8,8
51216,84,89,-5,5
51217,140,132,8,8
51218,106,105,1,1
51219,75,67,8,8
51220,94,89,5,5
51221,79,82,-3,3
51222,93,93,0,0
51223,155,149,6,6
51224,97,97,0,0
51225,109,117,-8,8
51226,115,100,15,15
51227,126,113,13,13
51228,90,91,-1,1
51229,72,76,-4,4
51230,63,62,1,1
51231,105,101,4,4
51232,68,67,1,1
51233,143,132,11,11
51234,116,116,0,0
51235,121,121,0,0
51236,130,106,24,24
51237,75,72,3,3
51238,70,75,-5,5
51239,109,95,14,14
51240,98,92,6,6
51241,106,86,20,20
51242,76,78,-2,2
51243,60,56,4,4
51244,68,75,-7,7
51245,165,146,19,19
51246,90,101,-11,11
51247,178,159,19,19
51248,79,82,-3,3
51249,72,65,7,7
51250,87,83,4,4
51251,82,79,3,3
51252,57,58,-1,1
51253,110,109,1,1
51254,111,109,2,2
51255,70,80,-10,10
51256,112,109,3,3
51257,52,49,3,3
51258,94,85,9,9
51259,97,97,0,0
51260,66,65,1,1
51261,67,74,-7,7
51262,66,70,-4,4
51263,107,107,0,0
51264,156,186,-30,30
51265,40,89,-49,49
51266,60,65,-5,5
51267,109,129,-20,20
51268,62,65,-3,3
51269,126,108,18,18
51270,96,95,1,1
51271,106,96,10,10
51272,109,95,14,14
51273,77,77,0,0
51274,70,66,4,4
51275,75,94,-19,19
51276,194,180,14,14
51277,24,40,-16,16
51278,94,91,3,3
51279,102,90,12,12
51280,126,116,10,10
51281,150,126,24,24
51282,126,119,7,7
51283,82,90,-8,8
51284,92,100,-8,8
51285,87,84,3,3
51286,122,130,-8,8
51287,129,127,2,2
51288,93,87,6,6
51289,62,69,-7,7
51290,148,143,5,5
51291,73,72,1,1
51292,114,103,11,11
51293,82,81,1,1
51294,99,100,-1,1
51295,181,155,26,26
51296,158,138,20,20
51297,100,101,-1,1
51298,143,133,10,10
51299,118,114,4,4
51300,85,84,1,1
51301,127,127,0,0
51302,83,88,-5,5
51303,95,90,5,5
51304,63,58,5,5
51305,76,72,4,4
51306,111,116,-5,5
51307,69,72,-3,3
51308,100,89,11,11
51309,47,52,-5,5
51310,83,89,-6,6
51311,85,87,-2,2
51312,74,74,0,0
51313,53,72,-19,19
51314,75,79,-4,4
51315,71,85,-14,14
51316,108,99,9,9
51317,71,73,-2,2
51318,121,114,7,7
51319,100,106,-6,6
51320,113,113,0,0
51321,86,80,6,6
51322,86,75,11,11
51323,115,108,7,7
51324,38,44,-6,6
51325,140,129,11,11
51326,119,121,-2,2
51327,104,100,4,4
51328,135,114,21,21
51329,147,126,21,21
51330,116,104,12,12
51331,137,127,10,10
51332,86,89,-3,3
51333,96,96,0,0
51334,76,74,2,2
51335,64,58,6,6
51336,57,55,2,2
51337,90,98,-8,8
51338,56,72,-16,16
51339,84,90,-6,6
51340,109,98,11,11
51341,124,115,9,9
51342,138,121,17,17
51343,73,70,3,3
51344,98,96,2,2
51345,93,80,13,13
51346,51,45,6,6
51347,54,54,0,0
51348,62,66,-4,4
51349,126,120,6,6
51350,85,83,2,2
51351,86,73,13,13
51352,67,65,2,2
51353,80,82,-2,2
51354,55,64,-9,9
51355,115,107,8,8
51356,71,69,2,2
51357,86,83,3,3
51358,120,115,5,5
51359,94,88,6,6
51360,71,72,-1,1
51361,106,114,-8,8
51362,101,91,10,10
51363,41,50,-9,9
51364,77,69,8,8
51365,130,114,16,16
51366,154,142,12,12
51367,102,90,12,12
51368,56,56,0,0
51369,108,99,9,9
51370,74,78,-4,4
51371,33,99,-66,66
51372,109,105,4,4
51373,113,105,8,8
51374,115,113,2,2
51375,73,74,-1,1
51376,60,72,-12,12
51377,115,103,12,12
51378,85,92,-7,7
51379,121,105,16,16
51380,128,119,9,9
51381,76,89,-13,13
51382,158,149,9,9
51383,109,104,5,5
51384,47,50,-3,3
51385,76,68,8,8
51386,75,65,10,10
51387,92,81,11,11
51388,92,92,0,0
51389,110,90,20,20
51390,101,93,8,8
51391,95,90,5,5
51392,107,100,7,7
51393,96,96,0,0
51394,127,121,6,6
51395,104,101,3,3
51396,84,76,8,8
51397,44,42,2,2
51398,112,115,-3,3
51399,94,102,-8,8
51400,65,65,0,0
51401,67,74,-7,7
51402,106,103,3,3
51403,85,76,9,9
51404,75,87,-12,12
51405,72,70,2,2
51406,99,80,19,19
51407,63,66,-3,3
51408,157,150,7,7
51409,70,68,2,2
51410,79,74,5,5
51411,99,89,10,10
51412,100,99,1,1
51413,152,135,17,17
51414,111,118,-7,7
51415,73,76,-3,3
51416,117,112,5,5
51417,74,74,0,0
51418,84,88,-4,4
51419,117,110,7,7
51420,70,73,-3,3
51421,72,75,-3,3
51422,62,66,-4,4
51423,90,94,-4,4
51424,123,107,16,16
51425,81,81,0,0
51426,62,64,-2,2
51427,74,73,1,1
51428,189,166,23,23
51429,97,102,-5,5
51430,131,125,6,6
51431,66,75,-9,9
51432,131,122,9,9
51433,101,88,13,13
51434,205,189,16,16
51435,92,92,0,0
51436,74,83,-9,9
51437,108,100,8,8
51438,78,74,4,4
51439,69,75,-6,6
51440,92,87,5,5
51441,76,77,-1,1
51442,83,85,-2,2
51443,104,93,11,11
51444,85,82,3,3
51445,74,73,1,1
51446,134,130,4,4
51447,119,109,10,10
51448,92,85,7,7
51449,88,86,2,2
51450,126,129,-3,3
51451,100,96,4,4
51452,45,57,-12,12
51453,131,115,16,16
51454,55,55,0,0
51455,180,166,14,14
51456,133,108,25,25
51457,94,66,28,28
51458,62,82,-20,20
51459,119,112,7,7
51460,183,157,26,26
51461,88,81,7,7
51462,115,92,23,23
51463,100,86,14,14
51464,64,75,-11,11
51465,83,102,-19,19
51466,138,132,6,6
51467,62,73,-11,11
51468,193,171,22,22
51469,90,77,13,13
51470,77,89,-12,12
51471,111,103,8,8
51472,99,87,12,12
51473,118,120,-2,2
51474,131,118,13,13
51475,71,66,5,5
51476,78,79,-1,1
51477,94,84,10,10
51478,92,92,0,0
51479,97,93,4,4
51480,89,88,1,1
51481,131,115,16,16
51482,119,96,23,23
51483,59,65,-6,6
51484,80,83,-3,3
51485,116,104,12,12
51486,93,85,8,8
51487,72,75,-3,3
51488,185,154,31,31
51489,85,88,-3,3
51490,108,107,1,1
51491,84,86,-2,2
51492,100,100,0,0
51493,109,85,24,24
51494,43,46,-3,3
51495,77,77,0,0
51496,87,80,7,7
51497,121,109,12,12
51498,109,107,2,2
51499,83,90,-7,7
51500,108,92,16,16
51501,166,144,22,22
51502,68,65,3,3
51503,112,121,-9,9
51504,103,104,-1,1
51505,106,107,-1,1
51506,33,44,-11,11
51507,56,49,7,7
51508,72,71,1,1
51509,136,129,7,7
51510,79,81,-2,2
51511,143,118,25,25
51512,103,96,7,7
51513,75,81,-6,6
51514,73,73,0,0
51515,68,69,-1,1
51516,68,82,-14,14
51517,102,84,18,18
51518,83,79,4,4
51519,70,81,-11,11
51520,88,84,4,4
51521,124,119,5,5
51522,111,109,2,2
51523,103,105,-2,2
51524,104,94,10,10
51525,122,111,11,11
51526,119,114,5,5
51527,71,99,-28,28
51528,196,186,10,10
51529,70,68,2,2
51530,70,86,-16,16
51531,88,83,5,5
51532,122,114,8,8
51533,102,93,9,9
51534,119,111,8,8
51535,138,125,13,13
51536,165,143,22,22
51537,94,98,-4,4
51538,52,53,-1,1
51539,86,80,6,6
51540,63,70,-7,7
51541,92,79,13,13
51542,65,64,1,1
51543,47,46,1,1
51544,62,62,0,0
51545,79,89,-10,10
51546,166,131,35,35
51547,96,86,10,10
51548,120,127,-7,7
51549,117,111,6,6
51550,99,92,7,7
51551,124,126,-2,2
51552,138,119,19,19
51553,60,64,-4,4
51554,90,88,2,2
51555,76,79,-3,3
51556,113,128,-15,15
51557,129,125,4,4
51558,80,79,1,1
51559,99,89,10,10
51560,87,88,-1,1
51561,74,76,-2,2
51562,70,68,2,2
51563,50,55,-5,5
51564,83,80,3,3
51565,150,135,15,15
51566,104,98,6,6
51567,107,103,4,4
51568,101,90,11,11
51569,153,143,10,10
51570,81,79,2,2
51571,58,71,-13,13
51572,104,98,6,6
51573,64,61,3,3
51574,58,55,3,3
51575,137,133,4,4
51576,132,104,28,28
51577,110,104,6,6
51578,120,118,2,2
51579,92,89,3,3
51580,83,110,-27,27
51581,41,50,-9,9
51582,194,214,-20,20
51583,79,70,9,9
51584,65,67,-2,2
51585,126,126,0,0
51586,125,133,-8,8
51587,148,138,10,10
51588,63,65,-2,2
51589,82,88,-6,6
51590,127,117,10,10
51591,141,127,14,14
51592,98,101,-3,3
51593,140,137,3,3
51594,92,84,8,8
51595,78,84,-6,6
51596,72,76,-4,4
51597,133,113,20,20
51598,82,91,-9,9
51599,53,64,-11,11
51600,68,69,-1,1
51601,135,129,6,6
51602,76,91,-15,15
51603,84,77,7,7
51604,109,102,7,7
51605,115,114,1,1
51606,32,36,-4,4
51607,202,173,29,29
51608,64,61,3,3
51609,69,67,2,2
51610,61,62,-1,1
51611,81,73,8,8
51612,81,88,-7,7
51613,103,93,10,10
51614,73,72,1,1
51615,103,114,-11,11
51616,153,148,5,5
51617,78,78,0,0
51618,100,95,5,5
51619,136,139,-3,3
51620,58,62,-4,4
51621,75,87,-12,12
51622,130,109,21,21
51623,127,111,16,16
51624,51,56,-5,5
51625,87,74,13,13
51626,99,99,0,0
51627,121,108,13,13
51628,83,84,-1,1
51629,65,70,-5,5
51630,86,85,1,1
51631,129,124,5,5
51632,77,88,-11,11
51633,63,69,-6,6
51634,70,68,2,2
51635,75,79,-4,4
51636,75,77,-2,2
51637,132,126,6,6
51638,157,149,8,8
51639,130,130,0,0
51640,80,85,-5,5
51641,97,100,-3,3
51642,68,67,1,1
51643,98,99,-1,1
51644,81,86,-5,5
51645,51,50,1,1
51646,84,85,-1,1
51647,79,79,0,0
51648,151,140,11,11
51649,82,81,1,1
51650,127,119,8,8
51651,63,70,-7,7
51652,97,92,5,5
51653,121,111,10,10
51654,157,146,11,11
51655,101,94,7,7
51656,160,157,3,3
51657,92,92,0,0
51658,107,112,-5,5
51659,108,97,11,11
51660,119,100,19,19
51661,61,66,-5,5
51662,112,103,9,9
51663,71,66,5,5
51664,99,96,3,3
51665,68,77,-9,9
51666,116,119,-3,3
51667,64,73,-9,9
51668,124,125,-1,1
51669,139,127,12,12
51670,80,76,4,4
51671,157,143,14,14
51672,101,97,4,4
51673,114,102,12,12
51674,126,122,4,4
51675,148,144,4,4
51676,77,77,0,0
51677,187,173,14,14
51678,139,135,4,4
51679,164,148,16,16
51680,98,100,-2,2
51681,86,87,-1,1
51682,61,65,-4,4
51683,143,144,-1,1
51684,57,55,2,2
51685,52,49,3,3
51686,92,102,-10,10
51687,108,102,6,6
51688,156,134,22,22
51689,159,140,19,19
51690,157,138,19,19
51691,102,94,8,8
51692,138,123,15,15
51693,78,82,-4,4
51694,83,72,11,11
51695,108,90,18,18
51696,60,59,1,1
51697,142,115,27,27
51698,55,57,-2,2
51699,65,68,-3,3
51700,125,119,6,6
51701,90,91,-1,1
51702,74,74,0,0
51703,156,143,13,13
51704,76,75,1,1
51705,94,96,-2,2
51706,84,83,1,1
51707,84,79,5,5
51708,68,77,-9,9
51709,144,135,9,9
51710,74,69,5,5
51711,104,106,-2,2
51712,98,74,24,24
51713,92,92,0,0
51714,106,100,6,6
51715,94,88,6,6
51716,91,93,-2,2
51717,61,48,13,13
51718,77,75,2,2
51719,71,75,-4,4
51720,98,94,4,4
51721,73,79,-6,6
51722,103,104,-1,1
51723,124,112,12,12
51724,135,119,16,16
51725,118,123,-5,5
51726,96,98,-2,2
51727,54,57,-3,3
51728,112,99,13,13
51729,72,77,-5,5
51730,70,77,-7,7
51731,85,82,3,3
51732,51,48,3,3
51733,106,114,-8,8
51734,113,100,13,13
51735,76,69,7,7
51736,63,71,-8,8
51737,140,117,23,23
51738,103,94,9,9
51739,163,156,7,7
51740,126,121,5,5
51741,92,112,-20,20
51742,40,44,-4,4
51743,33,43,-10,10
51744,99,98,1,1
51745,113,100,13,13
51746,59,55,4,4
51747,88,104,-16,16
51748,58,59,-1,1
51749,98,95,3,3
51750,135,117,18,18
51751,92,91,1,1
51752,101,96,5,5
51753,116,107,9,9
51754,171,161,10,10
51755,98,86,12,12
51756,99,92,7,7
51757,77,73,4,4
51758,99,92,7,7
51759,61,57,4,4
51760,124,100,24,24
51761,36,41,-5,5
51762,124,107,17,17
51763,89,83,6,6
51764,144,138,6,6
51765,113,105,8,8
51766,157,142,15,15
51767,95,91,4,4
51768,101,105,-4,4
51769,76,76,0,0
51770,65,78,-13,13
51771,222,178,44,44
51772,123,114,9,9
51773,71,91,-20,20
51774,102,95,7,7
51775,96,96,0,0
51776,105,98,7,7
51777,81,87,-6,6
51778,122,131,-9,9
51779,64,66,-2,2
51780,43,72,-29,29
51781,114,103,11,11
51782,62,65,-3,3
51783,104,109,-5,5
51784,175,179,-4,4
51785,98,108,-10,10
51786,87,83,4,4
51787,144,134,10,10
51788,76,87,-11,11
51789,125,119,6,6
51790,70,71,-1,1
51791,86,94,-8,8
51792,140,115,25,25
51793,44,56,-12,12
51794,101,94,7,7
51795,68,70,-2,2
51796,155,154,1,1
51797,125,122,3,3
51798,49,50,-1,1
51799,140,139,1,1
51800,105,93,12,12
51801,192,189,3,3
51802,89,75,14,14
51803,140,127,13,13
51804,140,129,11,11
51805,112,112,0,0
51806,136,115,21,21
51807,76,84,-8,8
51808,64,70,-6,6
51809,64,76,-12,12
51810,83,84,-1,1
51811,72,70,2,2
51812,145,132,13,13
51813,113,98,15,15
51814,114,99,15,15
51815,154,133,21,21
51816,67,68,-1,1
51817,197,168,29,29
51818,61,64,-3,3
51819,99,93,6,6
51820,91,90,1,1
51821,181,154,27,27
51822,45,47,-2,2
51823,55,58,-3,3
51824,183,192,-9,9
51825,106,105,1,1
51826,57,64,-7,7
51827,133,119,14,14
51828,36,44,-8,8
51829,98,102,-4,4
51830,54,49,5,5
51831,140,138,2,2
51832,114,110,4,4
51833,99,102,-3,3
51834,69,69,0,0
51835,144,135,9,9
51836,112,117,-5,5
51837,101,93,8,8
51838,88,81,7,7
51839,88,85,3,3
51840,94,84,10,10
51841,67,66,1,1
51842,46,62,-16,16
51843,72,68,4,4
51844,80,70,10,10
51845,75,73,2,2
51846,94,92,2,2
51847,117,115,2,2
51848,67,72,-5,5
51849,71,75,-4,4
51850,67,81,-14,14
51851,68,64,4,4
51852,91,89,2,2
51853,71,74,-3,3
51854,114,110,4,4
51855,93,96,-3,3
51856,73,81,-8,8
51857,164,141,23,23
51858,132,113,19,19
51859,66,56,10,10
51860,153,131,22,22
51861,108,112,-4,4
51862,110,101,9,9
51863,156,136,20,20
51864,162,150,12,12
51865,150,141,9,9
51866,125,115,10,10
51867,61,61,0,0
51868,95,91,4,4
51869,152,130,22,22
51870,125,123,2,2
51871,119,99,20,20
51872,166,180,-14,14
51873,120,101,19,19
51874,58,60,-2,2
51875,45,45,0,0
51876,117,125,-8,8
51877,65,64,1,1
51878,105,105,0,0
51879,70,72,-2,2
51880,78,75,3,3
51881,91,85,6,6
51882,78,70,8,8
51883,116,128,-12,12
51884,132,113,19,19
51885,143,132,11,11
51886,117,117,0,0
51887,147,148,-1,1
51888,63,69,-6,6
51889,80,91,-11,11
51890,98,92,6,6
51891,51,62,-11,11
51892,51,50,1,1
51893,73,70,3,3
51894,95,85,10,10
51895,100,95,5,5
51896,74,81,-7,7
51897,110,97,13,13
51898,78,83,-5,5
51899,54,58,-4,4
51900,115,112,3,3
51901,139,127,12,12
51902,73,81,-8,8
51903,67,69,-2,2
51904,76,80,-4,4
51905,108,99,9,9
51906,104,102,2,2
51907,130,125,5,5
51908,116,112,4,4
51909,57,62,-5,5
51910,102,102,0,0
51911,108,98,10,10
51912,95,85,10,10
51913,40,46,-6,6
51914,76,84,-8,8
51915,71,66,5,5
51916,137,134,3,3
51917,118,106,12,12
51918,129,116,13,13
51919,67,77,-10,10
51920,72,72,0,0
51921,111,116,-5,5
51922,95,93,2,2
51923,130,137,-7,7
51924,116,117,-1,1
51925,68,68,0,0
51926,103,99,4,4
51927,95,96,-1,1
51928,117,113,4,4
51929,62,51,11,11
51930,75,84,-9,9
51931,56,69,-13,13
51932,120,100,20,20
51933,113,108,5,5
51934,85,77,8,8
51935,71,92,-21,21
51936,130,132,-2,2
51937,87,92,-5,5
51938,156,144,12,12
51939,89,88,1,1
51940,61,59,2,2
51941,115,107,8,8
51942,144,127,17,17
51943,73,81,-8,8
51944,94,94,0,0
51945,102,96,6,6
51946,125,119,6,6
51947,71,66,5,5
51948,140,130,10,10
51949,143,132,11,11
51950,77,81,-4,4
51951,86,77,9,9
51952,70,65,5,5
51953,101,87,14,14
51954,82,79,3,3
51955,93,87,6,6
51956,55,60,-5,5
51957,138,143,-5,5
51958,88,83,5,5
51959,81,80,1,1
51960,176,150,26,26
51961,90,93,-3,3
51962,52,60,-8,8
51963,97,91,6,6
51964,45,55,-10,10
51965,114,117,-3,3
51966,155,143,12,12
51967,151,168,-17,17
51968,60,64,-4,4
51969,82,76,6,6
51970,96,93,3,3
51971,126,110,16,16
51972,90,89,1,1
51973,83,71,12,12
51974,72,77,-5,5
51975,139,128,11,11
51976,137,136,1,1
51977,119,113,6,6
51978,115,93,22,22
51979,76,72,4,4
51980,80,94,-14,14
51981,101,89,12,12
51982,92,88,4,4
51983,65,69,-4,4
51984,89,92,-3,3
51985,72,69,3,3
51986,45,47,-2,2
51987,69,69,0,0
51988,81,79,2,2
51989,95,92,3,3
51990,76,79,-3,3
51991,49,47,2,2
51992,97,96,1,1
51993,90,82,8,8
51994,130,123,7,7
51995,74,81,-7,7
51996,46,57,-11,11
51997,74,82,-8,8
51998,108,99,9,9
51999,115,119,-4,4
52000,37,49,-12,12
52001,79,75,4,4
52002,75,77,-2,2
52003,174,147,27,27
52004,107,100,7,7
52005,53,51,2,2
52006,83,82,1,1
52007,60,57,3,3
52008,98,101,-3,3
52009,57,62,-5,5
52010,54,55,-1,1
52011,83,78,5,5
52012,182,192,-10,10
52013,107,114,-7,7
52014,89,99,-10,10
52015,105,100,5,5
52016,109,108,1,1
52017,141,123,18,18
52018,121,119,2,2
52019,91,104,-13,13
52020,117,108,9,9
52021,58,60,-2,2
52022,80,68,12,12
52023,88,86,2,2
52024,80,79,1,1
52025,146,134,12,12
52026,105,102,3,3
52027,128,136,-8,8
52028,79,76,3,3
52029,123,123,0,0
52030,85,81,4,4
52031,77,73,4,4
52032,70,65,5,5
52033,100,96,4,4
52034,71,70,1,1
52035,123,111,12,12
52036,85,87,-2,2
52037,113,110,3,3
52038,98,93,5,5
52039,67,77,-10,10
52040,130,126,4,4
52041,176,148,28,28
52042,117,109,8,8
52043,130,120,10,10
52044,114,105,9,9
52045,108,108,0,0
52046,111,112,-1,1
52047,91,85,6,6
52048,153,136,17,17
52049,83,109,-26,26
52050,91,89,2,2
52051,103,100,3,3
52052,123,118,5,5
52053,57,60,-3,3
52054,115,105,10,10
52055,86,88,-2,2
52056,147,134,13,13
52057,116,126,-10,10
52058,87,86,1,1
52059,81,78,3,3
52060,58,56,2,2
52061,97,83,14,14
52062,138,141,-3,3
52063,74,72,2,2
52064,60,72,-12,12
52065,94,93,1,1
52066,150,139,11,11
52067,143,134,9,9
52068,72,71,1,1
52069,80,83,-3,3
52070,94,93,1,1
52071,85,81,4,4
52072,108,99,9,9
52073,106,92,14,14
52074,86,89,-3,3
52075,160,142,18,18
52076,84,80,4,4
52077,78,73,5,5
52078,89,92,-3,3
52079,76,81,-5,5
52080,57,52,5,5
52081,93,88,5,5
52082,92,93,-1,1
52083,79,94,-15,15
52084,105,101,4,4
52085,146,138,8,8
52086,79,85,-6,6
52087,96,97,-1,1
52088,97,94,3,3
52089,74,73,1,1
52090,79,84,-5,5
52091,90,84,6,6
52092,133,127,6,6
52093,81,84,-3,3
52094,140,128,12,12
52095,20,33,-13,13
52096,42,91,-49,49
52097,178,151,27,27
52098,57,68,-11,11
52099,91,97,-6,6
52100,125,139,-14,14
52101,77,75,2,2
52102,73,75,-2,2
52103,96,99,-3,3
52104,63,64,-1,1
52105,75,76,-1,1
52106,117,107,10,10
52107,135,129,6,6
52108,105,108,-3,3
52109,141,135,6,6
52110,123,109,14,14
52111,71,91,-20,20
52112,108,92,16,16
52113,104,103,1,1
52114,108,102,6,6
52115,93,93,0,0
52116,102,94,8,8
52117,99,87,12,12
52118,95,96,-1,1
52119,53,53,0,0
52120,117,94,23,23
52121,79,86,-7,7
52122,55,66,-11,11
52123,163,155,8,8
52124,53,53,0,0
52125,80,79,1,1
52126,124,110,14,14
52127,75,69,6,6
52128,133,129,4,4
52129,83,85,-2,2
52130,54,65,-11,11
52131,52,53,-1,1
52132,67,73,-6,6
52133,75,73,2,2
52134,106,97,9,9
52135,140,130,10,10
52136,124,126,-2,2
52137,65,69,-4,4
52138,94,98,-4,4
52139,108,108,0,0
52140,132,111,21,21
52141,123,114,9,9
52142,73,85,-12,12
52143,246,221,25,25
52144,91,83,8,8
52145,48,52,-4,4
52146,109,95,14,14
52147,120,105,15,15
52148,71,63,8,8
52149,44,48,-4,4
52150,83,79,4,4
52151,77,73,4,4
52152,108,98,10,10
52153,76,75,1,1
52154,116,96,20,20
52155,98,107,-9,9
52156,114,103,11,11
52157,142,123,19,19
52158,92,102,-10,10
52159,82,75,7,7
52160,86,83,3,3
52161,65,68,-3,3
52162,91,85,6,6
52163,158,153,5,5
52164,79,76,3,3
52165,89,80,9,9
52166,54,53,1,1
52167,144,118,26,26
52168,167,167,0,0
52169,94,98,-4,4
52170,75,74,1,1
52171,110,115,-5,5
52172,113,105,8,8
52173,63,65,-2,2
52174,138,130,8,8
52175,101,96,5,5
52176,99,106,-7,7
52177,98,98,0,0
52178,138,147,-9,9
52179,116,113,3,3
52180,53,66,-13,13
52181,97,94,3,3
52182,79,66,13,13
52183,94,106,-12,12
52184,72,77,-5,5
52185,104,105,-1,1
52186,113,100,13,13
52187,105,106,-1,1
52188,84,85,-1,1
52189,66,70,-4,4
52190,75,76,-1,1
52191,106,99,7,7
52192,100,94,6,6
52193,75,81,-6,6
52194,45,44,1,1
52195,126,129,-3,3
52196,102,94,8,8
52197,108,104,4,4
52198,99,90,9,9
52199,146,129,17,17
52200,107,106,1,1
52201,105,111,-6,6
52202,58,56,2,2
52203,114,119,-5,5
52204,151,129,22,22
52205,72,73,-1,1
52206,79,72,7,7
52207,131,115,16,16
52208,91,87,4,4
52209,52,54,-2,2
52210,81,68,13,13
52211,85,69,16,16
52212,96,87,9,9
52213,42,51,-9,9
52214,73,67,6,6
52215,100,95,5,5
52216,104,99,5,5
52217,85,92,-7,7
52218,67,73,-6,6
52219,71,76,-5,5
52220,100,89,11,11
52221,134,108,26,26
52222,104,107,-3,3
52223,90,81,9,9
52224,96,122,-26,26
52225,61,91,-30,30
52226,65,69,-4,4
52227,139,133,6,6
52228,46,49,-3,3
52229,70,71,-1,1
52230,142,129,13,13
52231,90,95,-5,5
52232,112,100,12,12
52233,113,102,11,11
52234,59,68,-9,9
52235,111,103,8,8
52236,84,80,4,4
52237,74,69,5,5
52238,78,69,9,9
52239,145,145,0,0
52240,100,115,-15,15
52241,103,96,7,7
52242,55,53,2,2
52243,93,90,3,3
52244,78,73,5,5
52245,80,75,5,5
52246,104,94,10,10
52247,66,70,-4,4
52248,68,61,7,7
52249,60,54,6,6
52250,103,113,-10,10
52251,69,68,1,1
52252,92,86,6,6
52253,48,57,-9,9
52254,54,63,-9,9
52255,54,54,0,0
52256,58,65,-7,7
52257,160,143,17,17
52258,83,77,6,6
52259,90,83,7,7
52260,71,114,-43,43
52261,168,168,0,0
52262,137,133,4,4
52263,139,136,3,3
52264,74,68,6,6
52265,75,76,-1,1
52266,65,61,4,4
52267,93,81,12,12
52268,94,91,3,3
52269,65,76,-11,11
52270,110,111,-1,1
52271,29,42,-13,13
52272,91,88,3,3
52273,78,75,3,3
52274,77,78,-1,1
52275,93,91,2,2
52276,158,146,12,12
52277,206,185,21,21
52278,98,98,0,0
52279,131,124,7,7
52280,115,106,9,9
52281,129,106,23,23
52282,97,90,7,7
52283,97,87,10,10
52284,78,88,-10,10
52285,81,81,0,0
52286,107,102,5,5
52287,80,86,-6,6
52288,67,69,-2,2
52289,66,76,-10,10
52290,56,56,0,0
52291,72,71,1,1
52292,50,55,-5,5
52293,70,99,-29,29
52294,128,113,15,15
52295,138,132,6,6
52296,38,44,-6,6
52297,113,106,7,7
52298,168,161,7,7
52299,115,101,14,14
52300,88,85,3,3
52301,80,77,3,3
52302,124,127,-3,3
52303,190,174,16,16
52304,92,94,-2,2
52305,83,81,2,2
52306,78,81,-3,3
52307,64,57,7,7
52308,121,115,6,6
52309,74,75,-1,1
52310,59,57,2,2
52311,200,153,47,47
52312,157,144,13,13
52313,86,85,1,1
52314,126,116,10,10
52315,75,77,-2,2
52316,95,105,-10,10
52317,118,104,14,14
52318,174,155,19,19
52319,148,135,13,13
52320,70,75,-5,5
52321,99,94,5,5
52322,73,77,-4,4
52323,178,151,27,27
52324,127,120,7,7
52325,137,134,3,3
52326,35,44,-9,9
52327,58,61,-3,3
52328,104,104,0,0
52329,85,86,-1,1
52330,91,89,2,2
52331,40,43,-3,3
52332,83,85,-2,2
52333,100,102,-2,2
52334,73,79,-6,6
52335,51,57,-6,6
52336,263,196,67,67
52337,87,88,-1,1
52338,85,82,3,3
52339,85,83,2,2
52340,89,84,5,5
52341,176,164,12,12
52342,103,99,4,4
52343,128,131,-3,3
52344,166,161,5,5
52345,92,106,-14,14
52346,100,94,6,6
52347,98,86,12,12
52348,57,62,-5,5
52349,127,112,15,15
52350,86,90,-4,4
52351,144,138,6,6
52352,60,65,-5,5
52353,113,105,8,8
52354,113,107,6,6
52355,103,98,5,5
52356,90,87,3,3
52357,56,51,5,5
52358,47,52,-5,5
52359,105,103,2,2
52360,61,65,-4,4
52361,128,138,-10,10
52362,55,75,-20,20
52363,67,65,2,2
52364,65,66,-1,1
52365,116,107,9,9
52366,76,78,-2,2
52367,41,46,-5,5
52368,83,74,9,9
52369,82,87,-5,5
52370,50,56,-6,6
52371,81,87,-6,6
52372,57,50,7,7
52373,83,82,1,1
52374,87,93,-6,6
52375,56,52,4,4
52376,68,66,2,2
52377,71,67,4,4
52378,77,78,-1,1
52379,67,66,1,1
52380,120,105,15,15
52381,74,74,0,0
52382,121,116,5,5
52383,73,77,-4,4
52384,53,57,-4,4
52385,68,70,-2,2
52386,95,91,4,4
52387,103,102,1,1
52388,46,50,-4,4
52389,73,66,7,7
52390,148,134,14,14
52391,145,125,20,20
52392,105,95,10,10
52393,71,74,-3,3
52394,43,51,-8,8
52395,106,103,3,3
52396,114,109,5,5
52397,80,78,2,2
52398,64,93,-29,29
52399,125,112,13,13
52400,84,90,-6,6
52401,86,89,-3,3
52402,101,94,7,7
52403,95,91,4,4
52404,90,92,-2,2
52405,93,88,5,5
52406,62,66,-4,4
52407,146,131,15,15
52408,87,89,-2,2
52409,85,78,7,7
52410,134,116,18,18
52411,82,76,6,6
52412,46,45,1,1
52413,73,65,8,8
52414,23,44,-21,21
52415,167,147,20,20
52416,116,95,21,21
52417,112,114,-2,2
52418,227,207,20,20
52419,108,107,1,1
52420,93,91,2,2
52421,76,76,0,0
52422,75,74,1,1
52423,74,82,-8,8
52424,85,78,7,7
52425,68,73,-5,5
52426,93,83,10,10
52427,143,130,13,13
52428,132,118,14,14
52429,68,69,-1,1
52430,49,64,-15,15
52431,116,105,11,11
52432,87,81,6,6
52433,114,99,15,15
52434,133,125,8,8
52435,81,77,4,4
52436,105,94,11,11
52437,88,89,-1,1
52438,158,136,22,22
52439,82,74,8,8
52440,91,94,-3,3
52441,158,149,9,9
52442,77,80,-3,3
52443,61,85,-24,24
52444,57,58,-1,1
52445,76,77,-1,1
52446,80,81,-1,1
52447,90,97,-7,7
52448,75,65,10,10
52449,105,97,8,8
52450,99,92,7,7
52451,134,132,2,2
52452,70,74,-4,4
52453,139,138,1,1
52454,67,67,0,0
52455,186,161,25,25
52456,101,94,7,7
52457,142,132,10,10
52458,66,60,6,6
52459,88,83,5,5
52460,79,83,-4,4
52461,80,80,0,0
52462,103,110,-7,7
52463,133,138,-5,5
52464,21,65,-44,44
52465,98,82,16,16
52466,67,66,1,1
52467,117,140,-23,23
52468,71,70,1,1
52469,45,50,-5,5
52470,90,80,10,10
52471,122,98,24,24
52472,133,121,12,12
52473,70,70,0,0
52474,99,100,-1,1
52475,161,145,16,16
52476,123,110,13,13
52477,116,106,10,10
52478,148,126,22,22
52479,55,48,7,7
52480,107,107,0,0
52481,69,66,3,3
52482,103,115,-12,12
52483,50,52,-2,2
52484,76,79,-3,3
52485,98,98,0,0
52486,63,65,-2,2
52487,69,68,1,1
52488,115,109,6,6
52489,64,62,2,2
52490,80,77,3,3
52491,93,82,11,11
52492,93,92,1,1
52493,107,96,11,11
52494,91,88,3,3
52495,73,88,-15,15
52496,163,142,21,21
52497,82,77,5,5
52498,133,127,6,6
52499,70,78,-8,8
52500,74,77,-3,3
52501,72,73,-1,1
52502,51,46,5,5
52503,192,164,28,28
52504,59,69,-10,10
52505,69,67,2,2
52506,47,50,-3,3
52507,146,151,-5,5
52508,149,131,18,18
52509,96,109,-13,13
52510,73,65,8,8
52511,143,128,15,15
52512,101,106,-5,5
52513,96,94,2,2
52514,108,114,-6,6
52515,77,77,0,0
52516,45,51,-6,6
52517,89,95,-6,6
52518,160,143,17,17
52519,97,96,1,1
52520,82,78,4,4
52521,80,72,8,8
52522,70,69,1,1
52523,123,108,15,15
52524,109,98,11,11
52525,162,152,10,10
52526,129,124,5,5
52527,80,77,3,3
52528,49,55,-6,6
52529,129,106,23,23
52530,79,73,6,6
52531,89,95,-6,6
52532,92,93,-1,1
52533,87,76,11,11
52534,104,93,11,11
52535,106,90,16,16
52536,169,164,5,5
52537,96,104,-8,8
52538,66,71,-5,5
52539,140,129,11,11
52540,128,113,15,15
52541,82,76,6,6
52542,128,114,14,14
52543,109,111,-2,2
52544,59,65,-6,6
52545,61,66,-5,5
52546,109,87,22,22
52547,72,76,-4,4
52548,57,68,-11,11
52549,94,98,-4,4
52550,86,88,-2,2
52551,57,61,-4,4
52552,142,128,14,14
52553,79,87,-8,8
52554,150,140,10,10
52555,122,126,-4,4
52556,106,109,-3,3
52557,41,50,-9,9
52558,218,193,25,25
52559,106,94,12,12
52560,80,74,6,6
52561,87,85,2,2
52562,121,126,-5,5
52563,68,65,3,3
52564,79,80,-1,1
52565,63,62,1,1
52566,57,69,-12,12
52567,132,132,0,0
52568,86,88,-2,2
52569,92,88,4,4
52570,187,164,23,23
52571,97,92,5,5
52572,135,125,10,10
52573,126,109,17,17
52574,79,83,-4,4
52575,69,78,-9,9
52576,142,139,3,3
52577,97,90,7,7
52578,104,110,-6,6
52579,112,110,2,2
52580,168,165,3,3
52581,145,123,22,22
52582,137,121,16,16
52583,142,127,15,15
52584,81,75,6,6
52585,97,91,6,6
52586,90,78,12,12
52587,121,133,-12,12
52588,71,75,-4,4
52589,61,58,3,3
52590,95,109,-14,14
52591,95,113,-18,18
52592,53,68,-15,15
52593,126,123,3,3
52594,72,77,-5,5
52595,86,80,6,6
52596,141,137,4,4
52597,96,100,-4,4
52598,98,104,-6,6
52599,123,117,6,6
52600,46,50,-4,4
52601,95,83,12,12
52602,127,114,13,13
52603,153,131,22,22
52604,115,104,11,11
52605,104,95,9,9
52606,53,56,-3,3
52607,95,90,5,5
52608,88,84,4,4
52609,133,114,19,19
52610,88,88,0,0
52611,25,45,-20,20
52612,142,112,30,30
52613,98,100,-2,2
52614,93,87,6,6
52615,99,92,7,7
52616,152,141,11,11
52617,124,118,6,6
52618,112,111,1,1
52619,134,115,19,19
52620,104,107,-3,3
52621,86,83,3,3
52622,117,115,2,2
52623,77,78,-1,1
52624,88,88,0,0
52625,72,70,2,2
52626,87,101,-14,14
52627,80,77,3,3
52628,103,98,5,5
52629,136,131,5,5
52630,105,111,-6,6
52631,96,91,5,5
52632,90,79,11,11
52633,53,50,3,3
52634,77,74,3,3
52635,60,59,1,1
52636,115,114,1,1
52637,93,87,6,6
52638,91,79,12,12
52639,162,153,9,9
52640,115,98,17,17
52641,148,152,-4,4
52642,68,65,3,3
52643,79,84,-5,5
52644,53,53,0,0
52645,60,61,-1,1
52646,63,72,-9,9
52647,102,99,3,3
52648,111,102,9,9
52649,116,109,7,7
52650,50,50,0,0
52651,113,104,9,9
52652,46,57,-11,11
52653,62,62,0,0
52654,112,108,4,4
52655,58,77,-19,19
52656,85,87,-2,2
52657,111,101,10,10
52658,105,102,3,3
52659,113,119,-6,6
52660,174,157,17,17
52661,125,112,13,13
52662,109,104,5,5
52663,67,65,2,2
52664,76,69,7,7
52665,193,237,-44,44
52666,128,118,10,10
52667,88,84,4,4
52668,70,76,-6,6
52669,63,66,-3,3
52670,148,135,13,13
52671,89,96,-7,7
52672,152,145,7,7
52673,62,65,-3,3
52674,141,116,25,25
52675,48,55,-7,7
52676,185,167,18,18
52677,89,84,5,5
52678,87,84,3,3
52679,50,64,-14,14
52680,79,74,5,5
52681,124,133,-9,9
52682,109,103,6,6
52683,54,57,-3,3
52684,90,85,5,5
52685,85,85,0,0
52686,35,94,-59,59
52687,86,83,3,3
52688,47,54,-7,7
52689,103,95,8,8
52690,105,106,-1,1
52691,47,59,-12,12
52692,44,52,-8,8
52693,137,122,15,15
52694,69,76,-7,7
52695,47,49,-2,2
52696,63,65,-2,2
52697,118,117,1,1
52698,83,88,-5,5
52699,80,92,-12,12
52700,119,96,23,23
52701,107,112,-5,5
52702,100,111,-11,11
52703,96,96,0,0
52704,90,94,-4,4
52705,136,126,10,10
52706,142,141,1,1
52707,82,83,-1,1
52708,64,52,12,12
52709,89,88,1,1
52710,49,52,-3,3
52711,138,123,15,15
52712,74,68,6,6
52713,55,70,-15,15
52714,147,123,24,24
52715,87,89,-2,2
52716,67,80,-13,13
52717,90,84,6,6
52718,72,87,-15,15
52719,110,103,7,7
52720,166,163,3,3
52721,128,104,24,24
52722,70,76,-6,6
52723,95,95,0,0
52724,58,54,4,4
52725,95,94,1,1
52726,78,83,-5,5
52727,99,97,2,2
52728,79,75,4,4
52729,96,83,13,13
52730,87,79,8,8
52731,57,65,-8,8
52732,67,67,0,0
52733,84,87,-3,3
52734,73,77,-4,4
52735,77,83,-6,6
52736,65,65,0,0
52737,34,45,-11,11
52738,103,100,3,3
52739,117,121,-4,4
52740,73,65,8,8
52741,121,111,10,10
52742,67,74,-7,7
52743,118,96,22,22
52744,145,139,6,6
52745,83,89,-6,6
52746,105,98,7,7
52747,81,69,12,12
52748,92,93,-1,1
52749,44,45,-1,1
52750,104,101,3,3
52751,45,47,-2,2
52752,96,89,7,7
52753,115,113,2,2
52754,91,95,-4,4
52755,64,75,-11,11
52756,63,66,-3,3
52757,83,87,-4,4
52758,126,121,5,5
52759,57,65,-8,8
52760,209,185,24,24
52761,153,129,24,24
52762,57,60,-3,3
52763,70,67,3,3
52764,118,122,-4,4
52765,110,107,3,3
52766,63,55,8,8
52767,117,105,12,12
52768,151,124,27,27
52769,135,141,-6,6
52770,75,73,2,2
52771,121,113,8,8
52772,142,142,0,0
52773,107,98,9,9
52774,87,84,3,3
52775,83,85,-2,2
52776,54,48,6,6
52777,120,115,5,5
52778,75,79,-4,4
52779,116,111,5,5
52780,80,79,1,1
52781,132,132,0,0
52782,61,67,-6,6
52783,70,78,-8,8
52784,57,50,7,7
52785,137,130,7,7
52786,112,92,20,20
52787,77,76,1,1
52788,78,82,-4,4
52789,94,99,-5,5
52790,85,85,0,0
52791,61,57,4,4
52792,80,80,0,0
52793,116,106,10,10
52794,64,82,-18,18
52795,69,74,-5,5
52796,124,104,20,20
52797,78,66,12,12
52798,109,109,0,0
52799,90,83,7,7
52800,148,143,5,5
52801,64,70,-6,6
52802,59,53,6,6
52803,42,43,-1,1
52804,132,125,7,7
52805,132,124,8,8
52806,68,59,9,9
52807,173,174,-1,1
52808,73,73,0,0
52809,88,88,0,0
52810,95,91,4,4
52811,56,53,3,3
52812,83,76,7,7
52813,131,128,3,3
52814,65,75,-10,10
52815,77,78,-1,1
52816,110,113,-3,3
52817,80,105,-25,25
52818,76,71,5,5
52819,73,77,-4,4
52820,66,68,-2,2
52821,149,127,22,22
52822,55,57,-2,2
52823,60,52,8,8
52824,151,144,7,7
52825,112,113,-1,1
52826,67,64,3,3
52827,67,83,-16,16
52828,77,85,-8,8
52829,114,116,-2,2
52830,123,128,-5,5
52831,83,80,3,3
52832,42,56,-14,14
52833,104,108,-4,4
52834,90,88,2,2
52835,107,114,-7,7
52836,153,135,18,18
52837,68,70,-2,2
52838,41,48,-7,7
52839,82,83,-1,1
52840,55,55,0,0
52841,114,106,8,8
52842,92,83,9,9
52843,90,93,-3,3
52844,70,69,1,1
52845,75,78,-3,3
52846,112,91,21,21
52847,76,83,-7,7
52848,107,78,29,29
52849,96,96,0,0
52850,107,104,3,3
52851,46,51,-5,5
52852,103,111,-8,8
52853,122,114,8,8
52854,117,112,5,5
52855,69,81,-12,12
52856,100,103,-3,3
52857,70,59,11,11
52858,96,98,-2,2
52859,89,85,4,4
52860,112,113,-1,1
52861,93,106,-13,13
52862,104,97,7,7
52863,79,80,-1,1
52864,150,134,16,16
52865,145,133,12,12
52866,135,131,4,4
52867,61,66,-5,5
52868,75,74,1,1
52869,63,56,7,7
52870,77,80,-3,3
52871,115,120,-5,5
52872,94,87,7,7
52873,60,59,1,1
52874,99,97,2,2
52875,162,159,3,3
52876,89,95,-6,6
52877,84,85,-1,1
52878,90,97,-7,7
52879,132,121,11,11
52880,106,94,12,12
52881,50,46,4,4
52882,66,63,3,3
52883,153,139,14,14
52884,55,55,0,0
52885,92,83,9,9
52886,113,107,6,6
52887,54,55,-1,1
52888,132,125,7,7
52889,116,100,16,16
52890,88,213,-125,125
52891,127,119,8,8
52892,80,85,-5,5
52893,125,108,17,17
52894,108,94,14,14
52895,104,101,3,3
52896,62,71,-9,9
52897,76,80,-4,4
52898,77,81,-4,4
52899,120,113,7,7
52900,71,75,-4,4
52901,54,67,-13,13
52902,115,119,-4,4
52903,138,136,2,2
52904,95,88,7,7
52905,31,42,-11,11
52906,46,44,2,2
52907,147,123,24,24
52908,129,132,-3,3
52909,82,72,10,10
52910,81,87,-6,6
52911,62,61,1,1
52912,140,128,12,12
52913,101,97,4,4
52914,120,101,19,19
52915,48,50,-2,2
52916,132,122,10,10
52917,164,140,24,24
52918,48,62,-14,14
52919,81,89,-8,8
52920,74,78,-4,4
52921,79,93,-14,14
52922,97,93,4,4
52923,81,87,-6,6
52924,47,51,-4,4
52925,97,101,-4,4
52926,59,67,-8,8
52927,68,64,4,4
52928,67,66,1,1
52929,66,69,-3,3
52930,143,127,16,16
52931,88,83,5,5
52932,96,92,4,4
52933,169,135,34,34
52934,106,93,13,13
52935,106,101,5,5
52936,78,78,0,0
52937,107,111,-4,4
52938,132,134,-2,2
52939,88,74,14,14
52940,68,80,-12,12
52941,104,93,11,11
52942,79,79,0,0
52943,96,87,9,9
52944,159,148,11,11
52945,133,128,5,5
52946,81,82,-1,1
52947,67,74,-7,7
52948,86,86,0,0
52949,75,76,-1,1
52950,106,109,-3,3
52951,55,62,-7,7
52952,167,142,25,25
52953,33,40,-7,7
52954,114,120,-6,6
52955,153,130,23,23
52956,76,77,-1,1
52957,74,80,-6,6
52958,152,149,3,3
52959,176,138,38,38
52960,86,77,9,9
52961,191,169,22,22
52962,116,112,4,4
52963,87,83,4,4
52964,133,127,6,6
52965,131,134,-3,3
52966,96,95,1,1
52967,113,111,2,2
52968,52,52,0,0
52969,68,78,-10,10
52970,110,102,8,8
52971,58,61,-3,3
52972,104,116,-12,12
52973,93,91,2,2
52974,118,117,1,1
52975,92,92,0,0
52976,77,82,-5,5
52977,43,43,0,0
52978,19,42,-23,23
52979,156,128,28,28
52980,145,138,7,7
52981,85,86,-1,1
52982,85,71,14,14
52983,121,108,13,13
52984,76,74,2,2
52985,137,138,-1,1
52986,76,75,1,1
52987,91,82,9,9
52988,93,86,7,7
52989,133,137,-4,4
52990,128,116,12,12
52991,106,105,1,1
52992,77,79,-2,2
52993,104,93,11,11
52994,82,81,1,1
52995,77,76,1,1
52996,91,100,-9,9
52997,73,94,-21,21
52998,144,133,11,11
52999,103,97,6,6
53000,97,114,-17,17
53001,238,210,28,28
53002,87,80,7,7
53003,135,125,10,10
53004,63,66,-3,3
53005,95,90,5,5
53006,42,47,-5,5
53007,69,74,-5,5
53008,98,88,10,10
53009,147,137,10,10
53010,108,108,0,0
53011,52,52,0,0
53012,69,67,2,2
53013,92,76,16,16
53014,129,129,0,0
53015,83,88,-5,5
53016,108,109,-1,1
53017,126,124,2,2
53018,84,83,1,1
53019,86,76,10,10
53020,82,98,-16,16
53021,88,89,-1,1
53022,101,86,15,15
53023,130,117,13,13
53024,83,85,-2,2
53025,118,123,-5,5
53026,106,101,5,5
53027,108,108,0,0
53028,85,66,19,19
53029,133,121,12,12
53030,77,73,4,4
53031,110,96,14,14
53032,71,80,-9,9
53033,72,78,-6,6
53034,44,46,-2,2
53035,69,65,4,4
53036,106,98,8,8
53037,103,97,6,6
53038,82,76,6,6
53039,119,122,-3,3
53040,94,98,-4,4
53041,67,69,-2,2
53042,81,77,4,4
53043,102,87,15,15
53044,68,66,2,2
53045,154,131,23,23
53046,80,74,6,6
53047,120,109,11,11
53048,59,67,-8,8
53049,149,143,6,6
53050,66,74,-8,8
53051,80,66,14,14
53052,61,65,-4,4
53053,40,49,-9,9
53054,80,85,-5,5
53055,54,54,0,0
53056,90,109,-19,19
53057,107,98,9,9
53058,62,65,-3,3
53059,157,159,-2,2
53060,113,106,7,7
53061,107,117,-10,10
53062,87,71,16,16
53063,90,85,5,5
53064,155,140,15,15
53065,37,49,-12,12
53066,66,73,-7,7
53067,92,93,-1,1
53068,74,73,1,1
53069,38,41,-3,3
53070,83,76,7,7
53071,90,96,-6,6
53072,262,301,-39,39
53073,83,84,-1,1
53074,65,60,5,5
53075,84,77,7,7
53076,50,51,-1,1
53077,95,103,-8,8
53078,80,84,-4,4
53079,135,119,16,16
53080,75,69,6,6
53081,79,79,0,0
53082,179,166,13,13
53083,119,117,2,2
53084,89,76,13,13
53085,58,66,-8,8
53086,98,103,-5,5
53087,58,57,1,1
53088,62,66,-4,4
53089,65,65,0,0
53090,90,86,4,4
53091,134,119,15,15
53092,61,66,-5,5
53093,142,134,8,8
53094,71,74,-3,3
53095,147,119,28,28
53096,122,119,3,3
53097,151,136,15,15
53098,105,101,4,4
53099,56,61,-5,5
53100,124,126,-2,2
53101,140,142,-2,2
53102,107,101,6,6
53103,103,104,-1,1
53104,98,90,8,8
53105,63,54,9,9
53106,51,56,-5,5
53107,81,80,1,1
53108,65,72,-7,7
53109,150,136,14,14
53110,134,126,8,8
53111,46,41,5,5
53112,120,104,16,16
53113,80,83,-3,3
53114,93,87,6,6
53115,176,149,27,27
53116,115,119,-4,4
53117,128,122,6,6
53118,143,130,13,13
53119,55,54,1,1
53120,85,74,11,11
53121,102,91,11,11
53122,54,55,-1,1
53123,151,119,32,32
53124,83,78,5,5
53125,47,49,-2,2
53126,80,79,1,1
53127,126,112,14,14
53128,105,107,-2,2
53129,103,105,-2,2
53130,70,75,-5,5
53131,64,65,-1,1
53132,116,108,8,8
53133,124,132,-8,8
53134,89,84,5,5
53135,73,75,-2,2
53136,131,131,0,0
53137,120,107,13,13
53138,102,93,9,9
53139,88,77,11,11
53140,82,80,2,2
53141,88,86,2,2
53142,135,108,27,27
53143,119,113,6,6
53144,67,71,-4,4
53145,55,52,3,3
53146,170,160,10,10
53147,125,132,-7,7
53148,132,112,20,20
53149,146,139,7,7
53150,83,81,2,2
53151,85,81,4,4
53152,101,100,1,1
53153,84,87,-3,3
53154,135,121,14,14
53155,54,55,-1,1
53156,74,65,9,9
53157,72,76,-4,4
53158,112,92,20,20
53159,137,132,5,5
53160,82,69,13,13
53161,121,108,13,13
53162,83,82,1,1
53163,112,115,-3,3
53164,66,64,2,2
53165,90,85,5,5
53166,111,113,-2,2
53167,70,78,-8,8
53168,98,99,-1,1
53169,101,94,7,7
53170,108,96,12,12
53171,77,75,2,2
53172,94,94,0,0
53173,77,83,-6,6
53174,52,63,-11,11
53175,114,110,4,4
53176,79,79,0,0
53177,43,53,-10,10
53178,110,97,13,13
53179,51,49,2,2
53180,81,80,1,1
53181,122,113,9,9
53182,128,129,-1,1
53183,92,104,-12,12
53184,111,104,7,7
53185,106,96,10,10
53186,56,61,-5,5
53187,137,117,20,20
53188,75,66,9,9
53189,71,70,1,1
53190,67,66,1,1
53191,89,86,3,3
53192,96,98,-2,2
53193,106,108,-2,2
53194,71,71,0,0
53195,128,114,14,14
53196,63,69,-6,6
53197,82,76,6,6
53198,67,68,-1,1
53199,80,75,5,5
53200,124,116,8,8
53201,117,111,6,6
53202,115,126,-11,11
53203,107,107,0,0
53204,65,66,-1,1
53205,119,113,6,6
53206,88,92,-4,4
53207,53,63,-10,10
53208,156,143,13,13
53209,71,72,-1,1
53210,89,87,2,2
53211,88,79,9,9
53212,113,107,6,6
53213,43,51,-8,8
53214,106,103,3,3
53215,85,83,2,2
53216,108,124,-16,16
53217,70,65,5,5
53218,163,146,17,17
53219,102,102,0,0
53220,74,74,0,0
53221,60,63,-3,3
53222,107,102,5,5
53223,59,87,-28,28
53224,90,71,19,19
53225,134,122,12,12
53226,159,148,11,11
53227,99,89,10,10
53228,75,76,-1,1
53229,62,55,7,7
53230,93,89,4,4
53231,101,96,5,5
53232,61,69,-8,8
53233,88,75,13,13
53234,99,101,-2,2
53235,45,49,-4,4
53236,65,69,-4,4
53237,120,103,17,17
53238,85,85,0,0
53239,76,79,-3,3
53240,111,97,14,14
53241,75,76,-1,1
53242,96,96,0,0
53243,134,112,22,22
53244,62,50,12,12
53245,69,66,3,3
53246,95,93,2,2
53247,93,82,11,11
53248,73,73,0,0
53249,89,75,14,14
53250,59,51,8,8
53251,73,68,5,5
53252,115,116,-1,1
53253,86,85,1,1
53254,141,152,-11,11
53255,109,126,-17,17
53256,112,96,16,16
53257,74,75,-1,1
53258,57,60,-3,3
53259,61,68,-7,7
53260,104,101,3,3
53261,111,96,15,15
53262,80,80,0,0
53263,107,100,7,7
53264,43,49,-6,6
53265,71,78,-7,7
53266,54,54,0,0
53267,74,83,-9,9
53268,77,75,2,2
53269,86,96,-10,10
53270,65,68,-3,3
53271,103,88,15,15
53272,67,75,-8,8
53273,77,68,9,9
53274,53,61,-8,8
53275,128,110,18,18
53276,75,78,-3,3
53277,111,131,-20,20
53278,94,93,1,1
53279,93,86,7,7
53280,131,116,15,15
53281,61,86,-25,25
53282,69,69,0,0
53283,70,66,4,4
53284,50,54,-4,4
53285,69,66,3,3
53286,101,92,9,9
53287,86,79,7,7
53288,98,92,6,6
53289,140,103,37,37
53290,88,88,0,0
53291,51,52,-1,1
53292,72,79,-7,7
53293,109,111,-2,2
53294,67,79,-12,12
53295,114,106,8,8
53296,98,88,10,10
53297,98,102,-4,4
53298,107,111,-4,4
53299,133,140,-7,7
53300,161,155,6,6
53301,161,131,30,30
53302,125,116,9,9
53303,90,88,2,2
53304,112,111,1,1
53305,61,65,-4,4
53306,186,175,11,11
53307,102,107,-5,5
53308,273,260,13,13
53309,125,125,0,0
53310,124,129,-5,5
53311,115,105,10,10
53312,86,82,4,4
53313,67,68,-1,1
53314,90,90,0,0
53315,146,134,12,12
53316,64,65,-1,1
53317,78,76,2,2
53318,73,69,4,4
53319,132,121,11,11
53320,78,75,3,3
53321,108,108,0,0
53322,72,66,6,6
53323,112,115,-3,3
53324,110,104,6,6
53325,157,143,14,14
53326,87,80,7,7
53327,63,59,4,4
53328,47,48,-1,1
53329,55,61,-6,6
53330,57,54,3,3
53331,77,83,-6,6
53332,73,69,4,4
53333,52,54,-2,2
53334,60,75,-15,15
53335,171,177,-6,6
53336,153,139,14,14
53337,128,121,7,7
53338,101,97,4,4
53339,58,62,-4,4
53340,67,68,-1,1
53341,58,66,-8,8
53342,69,66,3,3
53343,198,165,33,33
53344,85,80,5,5
53345,96,83,13,13
53346,68,89,-21,21
53347,80,77,3,3
53348,56,65,-9,9
53349,67,66,1,1
53350,57,56,1,1
53351,39,43,-4,4
53352,81,87,-6,6
53353,117,110,7,7
53354,104,103,1,1
53355,105,106,-1,1
53356,83,79,4,4
53357,135,132,3,3
53358,76,67,9,9
53359,122,111,11,11
53360,78,77,1,1
53361,37,45,-8,8
53362,134,117,17,17
53363,71,67,4,4
53364,119,109,10,10
53365,23,40,-17,17
53366,145,133,12,12
53367,99,97,2,2
53368,70,78,-8,8
53369,41,60,-19,19
53370,82,89,-7,7
53371,102,93,9,9
53372,64,65,-1,1
53373,60,58,2,2
53374,157,140,17,17
53375,144,123,21,21
53376,107,107,0,0
53377,108,113,-5,5
53378,79,84,-5,5
53379,77,86,-9,9
53380,102,96,6,6
53381,62,65,-3,3
53382,87,89,-2,2
53383,156,138,18,18
53384,59,60,-1,1
53385,54,63,-9,9
53386,114,113,1,1
53387,87,97,-10,10
53388,132,124,8,8
53389,135,127,8,8
53390,126,104,22,22
53391,105,105,0,0
53392,95,101,-6,6
53393,101,96,5,5
53394,51,59,-8,8
53395,63,68,-5,5
53396,149,139,10,10
53397,72,64,8,8
53398,147,137,10,10
53399,67,66,1,1
53400,106,106,0,0
53401,98,102,-4,4
53402,100,89,11,11
53403,93,106,-13,13
53404,69,74,-5,5
53405,116,129,-13,13
53406,88,83,5,5
53407,114,131,-17,17
53408,53,58,-5,5
53409,55,54,1,1
53410,86,89,-3,3
53411,110,102,8,8
53412,82,77,5,5
53413,87,78,9,9
53414,60,57,3,3
53415,59,55,4,4
53416,72,67,5,5
53417,99,86,13,13
53418,111,95,16,16
53419,105,103,2,2
53420,110,103,7,7
53421,56,57,-1,1
53422,126,132,-6,6
53423,75,82,-7,7
53424,56,53,3,3
53425,119,130,-11,11
53426,98,92,6,6
53427,171,161,10,10
53428,169,137,32,32
53429,126,124,2,2
53430,194,163,31,31
53431,112,102,10,10
53432,73,73,0,0
53433,106,101,5,5
53434,101,89,12,12
53435,119,102,17,17
53436,96,82,14,14
53437,58,63,-5,5
53438,89,91,-2,2
53439,78,85,-7,7
53440,85,83,2,2
53441,87,84,3,3
53442,70,77,-7,7
53443,50,57,-7,7
53444,51,56,-5,5
53445,91,87,4,4
53446,79,80,-1,1
53447,98,96,2,2
53448,117,119,-2,2
53449,94,97,-3,3
53450,141,132,9,9
53451,133,131,2,2
53452,48,52,-4,4
53453,121,115,6,6
53454,90,90,0,0
53455,50,64,-14,14
53456,69,74,-5,5
53457,90,98,-8,8
53458,83,84,-1,1
53459,89,98,-9,9
53460,84,85,-1,1
53461,72,67,5,5
53462,65,68,-3,3
53463,93,89,4,4
53464,70,66,4,4
53465,68,71,-3,3
53466,128,135,-7,7
53467,102,84,18,18
53468,111,112,-1,1
53469,54,52,2,2
53470,94,102,-8,8
53471,102,94,8,8
53472,104,98,6,6
53473,90,92,-2,2
53474,96,98,-2,2
53475,119,128,-9,9
53476,80,84,-4,4
53477,77,75,2,2
53478,228,234,-6,6
53479,134,108,26,26
53480,140,147,-7,7
53481,47,50,-3,3
53482,113,108,5,5
53483,58,60,-2,2
53484,34,43,-9,9
53485,46,42,4,4
53486,68,65,3,3
53487,68,71,-3,3
53488,43,47,-4,4
53489,74,80,-6,6
53490,88,88,0,0
53491,130,137,-7,7
53492,112,91,21,21
53493,91,82,9,9
53494,70,71,-1,1
53495,137,131,6,6
53496,67,64,3,3
53497,90,79,11,11
53498,137,118,19,19
53499,83,89,-6,6
53500,105,111,-6,6
53501,78,80,-2,2
53502,93,74,19,19
53503,88,79,9,9
53504,65,64,1,1
53505,105,94,11,11
53506,131,132,-1,1
53507,52,52,0,0
53508,48,51,-3,3
53509,127,130,-3,3
53510,70,84,-14,14
53511,62,57,5,5
53512,119,114,5,5
53513,75,77,-2,2
53514,90,81,9,9
53515,60,72,-12,12
53516,133,122,11,11
53517,86,81,5,5
53518,77,83,-6,6
53519,81,81,0,0
53520,98,98,0,0
53521,101,98,3,3
53522,70,70,0,0
53523,86,79,7,7
53524,111,110,1,1
53525,99,91,8,8
53526,62,64,-2,2
53527,111,110,1,1
53528,57,56,1,1
53529,93,94,-1,1
53530,77,78,-1,1
53531,122,116,6,6
53532,96,97,-1,1
53533,52,54,-2,2
53534,66,60,6,6
53535,102,96,6,6
53536,79,94,-15,15
53537,83,92,-9,9
53538,90,89,1,1
53539,117,108,9,9
53540,87,85,2,2
53541,127,111,16,16
53542,50,57,-7,7
53543,62,63,-1,1
53544,63,74,-11,11
53545,80,72,8,8
53546,111,128,-17,17
53547,53,42,11,11
53548,105,102,3,3
53549,97,86,11,11
53550,48,46,2,2
53551,66,69,-3,3
53552,113,110,3,3
53553,142,131,11,11
53554,42,44,-2,2
53555,55,52,3,3
53556,111,95,16,16
53557,89,83,6,6
53558,76,90,-14,14
53559,126,110,16,16
53560,103,102,1,1
53561,53,56,-3,3
53562,90,89,1,1
53563,66,59,7,7
53564,60,67,-7,7
53565,49,58,-9,9
53566,230,189,41,41
53567,64,50,14,14
53568,104,101,3,3
53569,82,81,1,1
53570,157,147,10,10
53571,53,57,-4,4
53572,93,96,-3,3
53573,76,74,2,2
53574,61,69,-8,8
53575,100,87,13,13
53576,52,58,-6,6
53577,69,66,3,3
53578,117,114,3,3
53579,124,117,7,7
53580,100,104,-4,4
53581,149,121,28,28
53582,99,98,1,1
53583,120,99,21,21
53584,79,85,-6,6
53585,177,167,10,10
53586,62,66,-4,4
53587,99,93,6,6
53588,157,140,17,17
53589,117,117,0,0
53590,98,91,7,7
53591,68,66,2,2
53592,85,81,4,4
53593,91,99,-8,8
53594,106,94,12,12
53595,129,122,7,7
53596,134,116,18,18
53597,85,83,2,2
53598,122,119,3,3
53599,89,85,4,4
53600,46,53,-7,7
53601,91,93,-2,2
53602,136,131,5,5
53603,52,49,3,3
53604,98,100,-2,2
53605,98,88,10,10
53606,129,121,8,8
53607,49,53,-4,4
53608,75,70,5,5
53609,70,75,-5,5
53610,102,93,9,9
53611,114,108,6,6
53612,31,46,-15,15
53613,120,114,6,6
53614,108,102,6,6
53615,84,86,-2,2
53616,61,62,-1,1
53617,150,146,4,4
53618,52,80,-28,28
53619,44,50,-6,6
53620,71,78,-7,7
53621,62,65,-3,3
53622,74,75,-1,1
53623,100,97,3,3
53624,83,86,-3,3
53625,82,87,-5,5
53626,149,126,23,23
53627,113,116,-3,3
53628,99,91,8,8
53629,94,93,1,1
53630,77,83,-6,6
53631,116,127,-11,11
53632,154,147,7,7
53633,84,84,0,0
53634,116,98,18,18
53635,169,155,14,14
53636,126,116,10,10
53637,31,41,-10,10
53638,84,84,0,0
53639,81,76,5,5
53640,109,102,7,7
53641,96,94,2,2
53642,78,76,2,2
53643,100,96,4,4
53644,101,95,6,6
53645,63,70,-7,7
53646,118,112,6,6
53647,119,106,13,13
53648,70,68,2,2
53649,82,74,8,8
53650,57,55,2,2
53651,89,91,-2,2
53652,124,113,11,11
53653,67,72,-5,5
53654,87,76,11,11
53655,115,103,12,12
53656,76,69,7,7
53657,63,67,-4,4
53658,105,101,4,4
53659,77,73,4,4
53660,124,123,1,1
53661,84,78,6,6
53662,52,48,4,4
53663,55,55,0,0
53664,120,109,11,11
53665,206,173,33,33
53666,67,72,-5,5
53667,93,93,0,0
53668,67,68,-1,1
53669,71,66,5,5
53670,87,80,7,7
53671,72,68,4,4
53672,108,104,4,4
53673,116,104,12,12
53674,62,54,8,8
53675,61,69,-8,8
53676,57,61,-4,4
53677,100,94,6,6
53678,78,73,5,5
53679,93,94,-1,1
53680,102,102,0,0
53681,187,179,8,8
53682,88,79,9,9
53683,100,98,2,2
53684,169,158,11,11
53685,160,162,-2,2
53686,142,133,9,9
53687,146,139,7,7
53688,81,82,-1,1
53689,41,45,-4,4
53690,111,95,16,16
53691,124,111,13,13
53692,114,114,0,0
53693,133,134,-1,1
53694,88,74,14,14
53695,90,81,9,9
53696,76,77,-1,1
53697,83,91,-8,8
53698,130,120,10,10
53699,48,64,-16,16
53700,85,95,-10,10
53701,77,76,1,1
53702,130,125,5,5
53703,118,99,19,19
53704,106,99,7,7
53705,67,72,-5,5
53706,111,108,3,3
53707,94,85,9,9
53708,69,71,-2,2
53709,76,88,-12,12
53710,96,86,10,10
53711,84,76,8,8
53712,144,120,24,24
53713,66,79,-13,13
53714,86,78,8,8
53715,56,62,-6,6
53716,103,109,-6,6
53717,154,140,14,14
53718,80,76,4,4
53719,89,89,0,0
53720,63,70,-7,7
53721,90,95,-5,5
53722,102,89,13,13
53723,132,127,5,5
53724,103,99,4,4
53725,138,129,9,9
53726,107,101,6,6
53727,84,87,-3,3
53728,158,139,19,19
53729,143,139,4,4
53730,83,86,-3,3
53731,101,91,10,10
53732,42,50,-8,8
53733,156,141,15,15
53734,96,96,0,0
53735,124,127,-3,3
53736,91,91,0,0
53737,139,129,10,10
53738,80,77,3,3
53739,95,88,7,7
53740,95,90,5,5
53741,83,88,-5,5
53742,88,88,0,0
53743,120,118,2,2
53744,79,76,3,3
53745,114,102,12,12
53746,54,61,-7,7
53747,72,78,-6,6
53748,122,106,16,16
53749,125,121,4,4
53750,100,95,5,5
53751,90,95,-5,5
53752,92,87,5,5
53753,85,79,6,6
53754,115,108,7,7
53755,76,70,6,6
53756,94,101,-7,7
53757,128,113,15,15
53758,49,91,-42,42
53759,134,121,13,13
53760,114,112,2,2
53761,75,74,1,1
53762,71,70,1,1
53763,131,126,5,5
53764,110,104,6,6
53765,113,103,10,10
53766,79,87,-8,8
53767,90,77,13,13
53768,112,96,16,16
53769,92,90,2,2
53770,141,130,11,11
53771,46,48,-2,2
53772,103,97,6,6
53773,124,121,3,3
53774,98,93,5,5
53775,106,91,15,15
53776,95,83,12,12
53777,50,56,-6,6
53778,98,91,7,7
53779,127,120,7,7
53780,147,143,4,4
53781,136,126,10,10
53782,68,67,1,1
53783,133,124,9,9
53784,112,108,4,4
53785,73,68,5,5
53786,104,101,3,3
53787,118,109,9,9
53788,84,90,-6,6
53789,66,67,-1,1
53790,74,71,3,3
53791,71,64,7,7
53792,122,113,9,9
53793,88,88,0,0
53794,90,93,-3,3
53795,44,52,-8,8
53796,68,79,-11,11
53797,72,79,-7,7
53798,141,132,9,9
53799,84,103,-19,19
53800,120,110,10,10
53801,46,45,1,1
53802,59,57,2,2
53803,136,124,12,12
53804,47,51,-4,4
53805,57,63,-6,6
53806,64,77,-13,13
53807,114,95,19,19
53808,75,67,8,8
53809,72,76,-4,4
53810,58,53,5,5
53811,70,71,-1,1
53812,146,133,13,13
53813,83,95,-12,12
53814,116,129,-13,13
53815,143,136,7,7
53816,118,112,6,6
53817,200,176,24,24
53818,116,101,15,15
53819,124,112,12,12
53820,142,141,1,1
53821,184,156,28,28
53822,137,124,13,13
53823,76,76,0,0
53824,96,91,5,5
53825,52,52,0,0
53826,91,79,12,12
53827,55,54,1,1
53828,95,84,11,11
53829,59,63,-4,4
53830,145,141,4,4
53831,84,70,14,14
53832,112,112,0,0
53833,63,75,-12,12
53834,60,63,-3,3
53835,134,126,8,8
53836,88,78,10,10
53837,72,78,-6,6
53838,107,114,-7,7
53839,74,73,1,1
53840,94,82,12,12
53841,84,80,4,4
53842,55,81,-26,26
53843,30,41,-11,11
53844,31,46,-15,15
53845,77,83,-6,6
53846,74,71,3,3
53847,99,82,17,17
53848,148,138,10,10
53849,70,74,-4,4
53850,86,79,7,7
53851,124,139,-15,15
53852,144,135,9,9
53853,77,71,6,6
53854,117,106,11,11
53855,78,68,10,10
53856,53,65,-12,12
53857,105,98,7,7
53858,79,68,11,11
53859,127,114,13,13
53860,94,84,10,10
53861,159,153,6,6
53862,90,87,3,3
53863,71,75,-4,4
53864,156,140,16,16
53865,140,132,8,8
53866,57,47,10,10
53867,91,90,1,1
53868,61,65,-4,4
53869,91,92,-1,1
53870,54,58,-4,4
53871,78,71,7,7
53872,133,113,20,20
53873,121,106,15,15
53874,151,146,5,5
53875,119,111,8,8
53876,76,106,-30,30
53877,98,95,3,3
53878,97,94,3,3
53879,41,46,-5,5
53880,149,156,-7,7
53881,119,111,8,8
53882,80,82,-2,2
53883,67,63,4,4
53884,70,73,-3,3
53885,120,110,10,10
53886,125,122,3,3
53887,76,74,2,2
53888,77,79,-2,2
53889,89,92,-3,3
53890,63,57,6,6
53891,163,150,13,13
53892,51,49,2,2
53893,68,65,3,3
53894,131,129,2,2
53895,109,105,4,4
53896,61,55,6,6
53897,118,125,-7,7
53898,103,97,6,6
53899,137,112,25,25
53900,93,87,6,6
53901,116,96,20,20
53902,61,66,-5,5
53903,80,81,-1,1
53904,88,84,4,4
53905,121,122,-1,1
53906,63,65,-2,2
53907,150,138,12,12
53908,130,121,9,9
53909,112,105,7,7
53910,48,54,-6,6
53911,159,150,9,9
53912,75,68,7,7
53913,66,74,-8,8
53914,75,74,1,1
53915,70,65,5,5
53916,80,75,5,5
53917,95,92,3,3
53918,57,51,6,6
53919,79,70,9,9
53920,69,66,3,3
53921,60,62,-2,2
53922,115,103,12,12
53923,121,97,24,24
53924,71,62,9,9
53925,88,82,6,6
53926,97,93,4,4
53927,56,67,-11,11
53928,107,93,14,14
53929,35,41,-6,6
53930,112,109,3,3
53931,74,78,-4,4
53932,80,81,-1,1
53933,89,96,-7,7
53934,81,85,-4,4
53935,142,134,8,8
53936,109,110,-1,1
53937,118,102,16,16
53938,93,88,5,5
53939,127,121,6,6
53940,84,85,-1,1
53941,135,128,7,7
53942,128,122,6,6
53943,88,82,6,6
53944,77,82,-5,5
53945,73,76,-3,3
53946,92,82,10,10
53947,163,158,5,5
53948,117,106,11,11
53949,186,174,12,12
53950,118,121,-3,3
53951,79,65,14,14
53952,81,80,1,1
53953,114,122,-8,8
53954,83,80,3,3
53955,89,79,10,10
53956,139,137,2,2
53957,85,82,3,3
53958,52,53,-1,1
53959,112,102,10,10
53960,79,78,1,1
53961,90,82,8,8
53962,102,96,6,6
53963,86,84,2,2
53964,83,79,4,4
53965,149,133,16,16
53966,50,58,-8,8
53967,73,71,2,2
53968,66,68,-2,2
53969,106,105,1,1
53970,78,73,5,5
53971,85,83,2,2
53972,97,109,-12,12
53973,50,52,-2,2
53974,126,132,-6,6
53975,83,90,-7,7
53976,98,86,12,12
53977,75,70,5,5
53978,93,87,6,6
53979,143,126,17,17
53980,142,118,24,24
53981,55,63,-8,8
53982,68,67,1,1
53983,61,60,1,1
53984,68,67,1,1
53985,119,98,21,21
53986,85,80,5,5
53987,56,49,7,7
53988,105,109,-4,4
53989,74,72,2,2
53990,61,61,0,0
53991,125,123,2,2
53992,49,48,1,1
53993,117,119,-2,2
53994,109,112,-3,3
53995,108,119,-11,11
53996,153,157,-4,4
53997,59,53,6,6
53998,173,154,19,19
53999,90,88,2,2
54000,102,96,6,6
54001,53,60,-7,7
54002,91,98,-7,7
54003,162,125,37,37
54004,129,122,7,7
54005,110,105,5,5
54006,80,72,8,8
54007,94,81,13,13
54008,107,98,9,9
54009,57,62,-5,5
54010,109,104,5,5
54011,73,72,1,1
54012,229,188,41,41
54013,170,165,5,5
54014,70,66,4,4
54015,104,103,1,1
54016,83,78,5,5
54017,101,91,10,10
54018,86,90,-4,4
54019,108,103,5,5
54020,96,95,1,1
54021,80,86,-6,6
54022,68,71,-3,3
54023,91,86,5,5
54024,112,110,2,2
54025,122,111,11,11
54026,132,128,4,4
54027,96,95,1,1
54028,81,88,-7,7
54029,80,92,-12,12
54030,101,96,5,5
54031,117,110,7,7
54032,100,100,0,0
54033,83,94,-11,11
54034,93,90,3,3
54035,103,101,2,2
54036,48,59,-11,11
54037,110,104,6,6
54038,128,114,14,14
54039,37,42,-5,5
54040,110,112,-2,2
54041,94,92,2,2
54042,127,138,-11,11
54043,70,66,4,4
54044,112,103,9,9
54045,189,180,9,9
54046,95,100,-5,5
54047,123,123,0,0
54048,152,142,10,10
54049,85,84,1,1
54050,60,65,-5,5
54051,74,68,6,6
54052,89,85,4,4
54053,97,95,2,2
54054,159,139,20,20
54055,90,90,0,0
54056,76,77,-1,1
54057,83,93,-10,10
54058,71,79,-8,8
54059,105,91,14,14
54060,102,102,0,0
54061,161,142,19,19
54062,123,105,18,18
54063,85,81,4,4
54064,41,46,-5,5
54065,165,148,17,17
54066,60,93,-33,33
54067,123,123,0,0
54068,59,53,6,6
54069,51,50,1,1
54070,160,153,7,7
54071,134,140,-6,6
54072,87,91,-4,4
54073,91,89,2,2
54074,52,54,-2,2
54075,111,101,10,10
54076,139,140,-1,1
54077,65,70,-5,5
54078,96,94,2,2
54079,92,86,6,6
54080,77,86,-9,9
54081,106,112,-6,6
54082,194,181,13,13
54083,127,115,12,12
54084,121,100,21,21
54085,140,141,-1,1
54086,129,123,6,6
54087,59,65,-6,6
54088,82,87,-5,5
54089,59,64,-5,5
54090,98,93,5,5
54091,214,181,33,33
54092,107,104,3,3
54093,122,122,0,0
54094,75,70,5,5
54095,52,55,-3,3
54096,129,119,10,10
54097,59,57,2,2
54098,64,74,-10,10
54099,144,126,18,18
54100,99,94,5,5
54101,156,138,18,18
54102,173,160,13,13
54103,82,80,2,2
54104,145,125,20,20
54105,105,92,13,13
54106,102,109,-7,7
54107,69,67,2,2
54108,51,60,-9,9
54109,44,48,-4,4
54110,30,42,-12,12
54111,118,102,16,16
54112,85,77,8,8
54113,70,72,-2,2
54114,61,74,-13,13
54115,69,70,-1,1
54116,81,77,4,4
54117,68,64,4,4
54118,149,139,10,10
54119,47,66,-19,19
54120,53,58,-5,5
54121,143,135,8,8
54122,91,99,-8,8
54123,93,92,1,1
54124,45,49,-4,4
54125,122,116,6,6
54126,112,103,9,9
54127,165,143,22,22
54128,57,63,-6,6
54129,101,100,1,1
54130,54,53,1,1
54131,55,54,1,1
54132,74,71,3,3
54133,95,92,3,3
54134,58,84,-26,26
54135,114,119,-5,5
54136,73,89,-16,16
54137,81,75,6,6
54138,63,60,3,3
54139,139,143,-4,4
54140,96,93,3,3
54141,111,104,7,7
54142,157,142,15,15
54143,167,160,7,7
54144,166,136,30,30
54145,115,113,2,2
54146,80,75,5,5
54147,166,132,34,34
54148,89,86,3,3
54149,69,63,6,6
54150,34,45,-11,11
54151,92,90,2,2
54152,81,83,-2,2
54153,131,129,2,2
54154,65,67,-2,2
54155,107,104,3,3
54156,61,65,-4,4
54157,77,80,-3,3
54158,92,93,-1,1
54159,175,170,5,5
54160,154,148,6,6
54161,101,99,2,2
54162,96,87,9,9
54163,82,77,5,5
54164,72,72,0,0
54165,60,64,-4,4
54166,137,119,18,18
54167,44,51,-7,7
54168,77,68,9,9
54169,111,106,5,5
54170,41,50,-9,9
54171,119,104,15,15
54172,83,84,-1,1
54173,108,98,10,10
54174,128,108,20,20
54175,76,88,-12,12
54176,41,55,-14,14
54177,79,79,0,0
54178,175,161,14,14
54179,115,101,14,14
54180,87,93,-6,6
54181,136,119,17,17
54182,76,75,1,1
54183,107,113,-6,6
54184,86,91,-5,5
54185,118,104,14,14
54186,98,91,7,7
54187,73,69,4,4
54188,176,158,18,18
54189,110,95,15,15
54190,73,70,3,3
54191,73,75,-2,2
54192,109,113,-4,4
54193,96,100,-4,4
54194,128,112,16,16
54195,65,64,1,1
54196,81,89,-8,8
54197,76,75,1,1
54198,81,87,-6,6
54199,55,52,3,3
54200,93,90,3,3
54201,138,134,4,4
54202,127,114,13,13
54203,110,85,25,25
54204,97,86,11,11
54205,106,113,-7,7
54206,70,77,-7,7
54207,84,98,-14,14
54208,103,96,7,7
54209,109,95,14,14
54210,82,76,6,6
54211,82,82,0,0
54212,75,71,4,4
54213,96,90,6,6
54214,74,76,-2,2
54215,50,51,-1,1
54216,80,77,3,3
54217,129,133,-4,4
54218,127,125,2,2
54219,101,107,-6,6
54220,94,86,8,8
54221,80,81,-1,1
54222,51,50,1,1
54223,98,96,2,2
54224,93,94,-1,1
54225,138,135,3,3
54226,127,112,15,15
54227,115,104,11,11
54228,57,59,-2,2
54229,62,67,-5,5
54230,125,124,1,1
54231,74,80,-6,6
54232,104,93,11,11
54233,112,109,3,3
54234,101,94,7,7
54235,81,71,10,10
54236,58,66,-8,8
54237,98,83,15,15
54238,60,55,5,5
54239,60,62,-2,2
54240,119,106,13,13
54241,92,88,4,4
54242,79,84,-5,5
54243,72,74,-2,2
54244,59,64,-5,5
54245,53,55,-2,2
54246,133,124,9,9
54247,81,89,-8,8
54248,167,148,19,19
54249,110,99,11,11
54250,62,62,0,0
54251,77,77,0,0
54252,81,90,-9,9
54253,108,89,19,19
54254,107,95,12,12
54255,56,56,0,0
54256,74,70,4,4
54257,55,72,-17,17
54258,41,45,-4,4
54259,95,87,8,8
54260,80,78,2,2
54261,107,103,4,4
54262,89,90,-1,1
54263,69,66,3,3
54264,89,80,9,9
54265,125,112,13,13
54266,139,137,2,2
54267,63,68,-5,5
54268,79,86,-7,7
54269,111,114,-3,3
54270,80,81,-1,1
54271,89,95,-6,6
54272,65,58,7,7
54273,139,121,18,18
54274,105,97,8,8
54275,59,58,1,1
54276,108,94,14,14
54277,71,75,-4,4
54278,57,65,-8,8
54279,65,65,0,0
54280,66,64,2,2
54281,171,165,6,6
54282,69,90,-21,21
54283,137,121,16,16
54284,62,65,-3,3
54285,92,87,5,5
54286,87,81,6,6
54287,131,122,9,9
54288,160,156,4,4
54289,78,81,-3,3
54290,82,90,-8,8
54291,152,162,-10,10
54292,34,42,-8,8
54293,80,91,-11,11
54294,201,185,16,16
54295,89,88,1,1
54296,88,92,-4,4
54297,137,126,11,11
54298,58,58,0,0
54299,87,96,-9,9
54300,106,104,2,2
54301,67,67,0,0
54302,57,51,6,6
54303,83,73,10,10
54304,105,90,15,15
54305,187,163,24,24
54306,92,89,3,3
54307,43,46,-3,3
54308,130,128,2,2
54309,103,95,8,8
54310,79,79,0,0
54311,176,162,14,14
54312,120,107,13,13
54313,75,74,1,1
54314,75,70,5,5
54315,77,67,10,10
54316,87,82,5,5
54317,49,66,-17,17
54318,164,134,30,30
54319,142,123,19,19
54320,136,126,10,10
54321,51,52,-1,1
54322,79,82,-3,3
54323,173,162,11,11
54324,118,113,5,5
54325,75,71,4,4
54326,87,91,-4,4
54327,66,66,0,0
54328,67,70,-3,3
54329,124,115,9,9
54330,62,67,-5,5
54331,88,93,-5,5
54332,87,84,3,3
54333,125,122,3,3
54334,107,82,25,25
54335,65,62,3,3
54336,50,59,-9,9
54337,80,76,4,4
54338,166,158,8,8
54339,142,132,10,10
54340,171,159,12,12
54341,57,60,-3,3
54342,87,86,1,1
54343,106,97,9,9
54344,95,99,-4,4
54345,108,96,12,12
54346,105,94,11,11
54347,112,107,5,5
54348,101,86,15,15
54349,89,83,6,6
54350,49,56,-7,7
54351,84,82,2,2
54352,101,99,2,2
54353,66,67,-1,1
54354,83,77,6,6
54355,58,59,-1,1
54356,85,91,-6,6
54357,91,109,-18,18
54358,53,69,-16,16
54359,94,94,0,0
54360,97,82,15,15
54361,76,76,0,0
54362,45,60,-15,15
54363,49,48,1,1
54364,150,144,6,6
54365,104,93,11,11
54366,111,115,-4,4
54367,68,62,6,6
54368,93,98,-5,5
54369,100,96,4,4
54370,107,104,3,3
54371,121,121,0,0
54372,60,69,-9,9
54373,134,129,5,5
54374,127,118,9,9
54375,76,75,1,1
54376,122,108,14,14
54377,71,64,7,7
54378,73,80,-7,7
54379,74,69,5,5
54380,133,128,5,5
54381,78,72,6,6
54382,60,75,-15,15
54383,112,123,-11,11
54384,87,89,-2,2
54385,105,94,11,11
54386,62,65,-3,3
54387,76,73,3,3
54388,124,112,12,12
54389,108,111,-3,3
54390,63,62,1,1
54391,192,173,19,19
54392,63,79,-16,16
54393,94,91,3,3
54394,76,96,-20,20
54395,153,144,9,9
54396,145,134,11,11
54397,118,119,-1,1
54398,144,145,-1,1
54399,80,86,-6,6
54400,81,74,7,7
54401,167,148,19,19
54402,112,86,26,26
54403,87,91,-4,4
54404,114,83,31,31
54405,96,98,-2,2
54406,72,72,0,0
54407,148,144,4,4
54408,105,102,3,3
54409,138,141,-3,3
54410,80,80,0,0
54411,79,85,-6,6
54412,92,85,7,7
54413,104,106,-2,2
54414,60,75,-15,15
54415,179,161,18,18
54416,86,81,5,5
54417,32,54,-22,22
54418,134,106,28,28
54419,71,72,-1,1
54420,93,90,3,3
54421,112,109,3,3
54422,117,109,8,8
54423,112,105,7,7
54424,83,84,-1,1
54425,111,109,2,2
54426,143,137,6,6
54427,84,96,-12,12
54428,58,65,-7,7
54429,78,81,-3,3
54430,116,104,12,12
54431,120,105,15,15
54432,102,89,13,13
54433,155,88,67,67
54434,106,103,3,3
54435,79,68,11,11
54436,111,116,-5,5
54437,72,70,2,2
54438,59,58,1,1
54439,139,136,3,3
54440,119,110,9,9
54441,100,93,7,7
54442,59,75,-16,16
54443,67,74,-7,7
54444,149,151,-2,2
54445,74,71,3,3
54446,96,94,2,2
54447,196,191,5,5
54448,144,140,4,4
54449,101,91,10,10
54450,80,91,-11,11
54451,76,85,-9,9
54452,96,98,-2,2
54453,112,102,10,10
54454,73,91,-18,18
54455,126,122,4,4
54456,92,85,7,7
54457,125,124,1,1
54458,64,70,-6,6
54459,146,136,10,10
54460,77,95,-18,18
54461,148,138,10,10
54462,126,119,7,7
54463,95,98,-3,3
54464,58,52,6,6
54465,146,129,17,17
54466,148,129,19,19
54467,104,102,2,2
54468,129,116,13,13
54469,60,53,7,7
54470,83,79,4,4
54471,67,54,13,13
54472,132,119,13,13
54473,82,88,-6,6
54474,34,54,-20,20
54475,76,83,-7,7
54476,116,117,-1,1
54477,119,118,1,1
54478,96,100,-4,4
54479,138,124,14,14
54480,80,79,1,1
54481,109,111,-2,2
54482,103,95,8,8
54483,57,63,-6,6
54484,41,42,-1,1
54485,121,115,6,6
54486,87,79,8,8
54487,125,115,10,10
54488,82,90,-8,8
54489,36,46,-10,10
54490,63,62,1,1
54491,112,106,6,6
54492,90,81,9,9
54493,110,116,-6,6
54494,184,161,23,23
54495,97,95,2,2
54496,64,72,-8,8
54497,115,103,12,12
54498,85,81,4,4
54499,60,65,-5,5
54500,68,74,-6,6
54501,118,110,8,8
54502,56,71,-15,15
54503,49,64,-15,15
54504,92,95,-3,3
54505,62,65,-3,3
54506,131,118,13,13
54507,125,120,5,5
54508,146,144,2,2
54509,78,82,-4,4
54510,69,68,1,1
54511,76,71,5,5
54512,66,68,-2,2
54513,71,73,-2,2
54514,97,100,-3,3
54515,264,236,28,28
54516,38,49,-11,11
54517,134,137,-3,3
54518,70,65,5,5
54519,67,66,1,1
54520,128,120,8,8
54521,138,100,38,38
54522,101,111,-10,10
54523,76,73,3,3
54524,42,50,-8,8
54525,138,120,18,18
54526,126,117,9,9
54527,80,76,4,4
54528,61,62,-1,1
54529,105,87,18,18
54530,113,108,5,5
54531,96,97,-1,1
54532,97,94,3,3
54533,74,83,-9,9
54534,129,127,2,2
54535,83,77,6,6
54536,87,80,7,7
54537,72,70,2,2
54538,120,109,11,11
54539,95,113,-18,18
54540,62,65,-3,3
54541,54,61,-7,7
54542,80,84,-4,4
54543,109,100,9,9
54544,90,84,6,6
54545,30,38,-8,8
54546,103,98,5,5
54547,91,101,-10,10
54548,92,82,10,10
54549,79,83,-4,4
54550,120,115,5,5
54551,131,124,7,7
54552,91,89,2,2
54553,64,60,4,4
54554,106,105,1,1
54555,81,78,3,3
54556,86,81,5,5
54557,190,187,3,3
54558,80,75,5,5
54559,108,112,-4,4
54560,136,137,-1,1
54561,84,82,2,2
54562,122,121,1,1
54563,80,73,7,7
54564,80,74,6,6
54565,143,132,11,11
54566,31,44,-13,13
54567,96,90,6,6
54568,74,64,10,10
54569,130,118,12,12
54570,99,94,5,5
54571,90,94,-4,4
54572,89,78,11,11
54573,122,101,21,21
54574,116,114,2,2
54575,111,112,-1,1
54576,129,118,11,11
54577,97,97,0,0
54578,122,102,20,20
54579,94,114,-20,20
54580,78,81,-3,3
54581,101,93,8,8
54582,77,83,-6,6
54583,99,102,-3,3
54584,91,105,-14,14
54585,74,73,1,1
54586,120,116,4,4
54587,109,96,13,13
54588,54,60,-6,6
54589,105,96,9,9
54590,140,141,-1,1
54591,175,159,16,16
54592,103,90,13,13
54593,80,81,-1,1
54594,71,76,-5,5
54595,101,95,6,6
54596,91,89,2,2
54597,75,83,-8,8
54598,51,55,-4,4
54599,59,58,1,1
54600,108,101,7,7
54601,198,169,29,29
54602,48,46,2,2
54603,117,108,9,9
54604,44,45,-1,1
54605,105,104,1,1
54606,78,81,-3,3
54607,92,98,-6,6
54608,89,86,3,3
54609,68,65,3,3
54610,50,63,-13,13
54611,83,75,8,8
54612,71,70,1,1
54613,96,115,-19,19
54614,146,130,16,16
54615,134,105,29,29
54616,73,100,-27,27
54617,84,103,-19,19
54618,86,90,-4,4
54619,152,135,17,17
54620,59,62,-3,3
54621,183,166,17,17
54622,50,56,-6,6
54623,83,80,3,3
54624,103,92,11,11
54625,63,59,4,4
54626,58,59,-1,1
54627,79,75,4,4
54628,65,86,-21,21
54629,50,62,-12,12
54630,89,83,6,6
54631,132,115,17,17
54632,91,97,-6,6
54633,79,84,-5,5
54634,89,79,10,10
54635,117,116,1,1
54636,89,80,9,9
54637,109,108,1,1
54638,124,115,9,9
54639,97,89,8,8
54640,131,129,2,2
54641,86,86,0,0
54642,77,77,0,0
54643,96,95,1,1
54644,94,88,6,6
54645,74,72,2,2
54646,129,121,8,8
54647,104,98,6,6
54648,113,116,-3,3
54649,99,96,3,3
54650,63,49,14,14
54651,95,89,6,6
54652,68,80,-12,12
54653,194,156,38,38
54654,99,105,-6,6
54655,123,132,-9,9
54656,119,112,7,7
54657,108,94,14,14
54658,66,81,-15,15
54659,60,65,-5,5
54660,58,65,-7,7
54661,183,166,17,17
54662,190,183,7,7
54663,165,141,24,24
54664,80,87,-7,7
54665,166,151,15,15
54666,123,122,1,1
54667,131,127,4,4
54668,62,72,-10,10
54669,83,75,8,8
54670,125,106,19,19
54671,103,108,-5,5
54672,101,101,0,0
54673,95,89,6,6
54674,59,65,-6,6
54675,107,101,6,6
54676,79,66,13,13
54677,87,79,8,8
54678,84,87,-3,3
54679,67,68,-1,1
54680,75,74,1,1
54681,85,79,6,6
54682,89,78,11,11
54683,105,114,-9,9
54684,71,73,-2,2
54685,150,130,20,20
54686,59,63,-4,4
54687,86,82,4,4
54688,85,84,1,1
54689,110,107,3,3
54690,76,69,7,7
54691,100,97,3,3
54692,109,96,13,13
54693,110,109,1,1
54694,97,105,-8,8
54695,109,107,2,2
54696,188,170,18,18
54697,52,55,-3,3
54698,56,61,-5,5
54699,87,87,0,0
54700,72,68,4,4
54701,171,161,10,10
54702,109,98,11,11
54703,86,86,0,0
54704,140,126,14,14
54705,113,107,6,6
54706,89,89,0,0
54707,102,96,6,6
54708,82,79,3,3
54709,87,83,4,4
54710,85,84,1,1
54711,150,133,17,17
54712,151,126,25,25
54713,65,78,-13,13
54714,150,138,12,12
54715,102,97,5,5
54716,88,82,6,6
54717,108,103,5,5
54718,38,52,-14,14
54719,123,117,6,6
54720,92,78,14,14
54721,120,114,6,6
54722,108,98,10,10
54723,72,64,8,8
54724,62,56,6,6
54725,105,101,4,4
54726,71,82,-11,11
54727,99,87,12,12
54728,88,85,3,3
54729,79,90,-11,11
54730,86,85,1,1
54731,116,101,15,15
54732,74,79,-5,5
54733,93,94,-1,1
54734,198,176,22,22
54735,96,95,1,1
54736,78,74,4,4
54737,57,53,4,4
54738,45,50,-5,5
54739,140,134,6,6
54740,76,73,3,3
54741,88,88,0,0
54742,127,123,4,4
54743,50,55,-5,5
54744,101,108,-7,7
54745,71,76,-5,5
54746,141,124,17,17
54747,110,113,-3,3
54748,144,125,19,19
54749,114,119,-5,5
54750,66,63,3,3
54751,90,90,0,0
54752,83,79,4,4
54753,143,126,17,17
54754,81,77,4,4
54755,41,43,-2,2
54756,165,155,10,10
54757,92,97,-5,5
54758,43,68,-25,25
54759,84,74,10,10
54760,58,75,-17,17
54761,74,66,8,8
54762,102,82,20,20
54763,62,74,-12,12
54764,115,103,12,12
54765,93,97,-4,4
54766,155,134,21,21
54767,173,170,3,3
54768,145,137,8,8
54769,75,79,-4,4
54770,116,102,14,14
54771,114,119,-5,5
54772,115,114,1,1
54773,123,114,9,9
54774,86,95,-9,9
54775,95,88,7,7
54776,59,60,-1,1
54777,123,119,4,4
54778,111,111,0,0
54779,109,120,-11,11
54780,92,87,5,5
54781,118,126,-8,8
54782,42,46,-4,4
54783,65,69,-4,4
54784,74,75,-1,1
54785,144,143,1,1
54786,139,127,12,12
54787,71,76,-5,5
54788,66,65,1,1
54789,81,80,1,1
54790,103,107,-4,4
54791,65,63,2,2
54792,137,143,-6,6
54793,86,89,-3,3
54794,64,48,16,16
54795,96,97,-1,1
54796,76,85,-9,9
54797,56,55,1,1
54798,59,64,-5,5
54799,70,71,-1,1
54800,79,71,8,8
54801,92,85,7,7
54802,64,73,-9,9
54803,141,139,2,2
54804,111,110,1,1
54805,123,102,21,21
54806,55,64,-9,9
54807,58,58,0,0
54808,105,87,18,18
54809,124,108,16,16
54810,76,70,6,6
54811,72,84,-12,12
54812,68,74,-6,6
54813,39,47,-8,8
54814,83,76,7,7
54815,90,86,4,4
54816,84,70,14,14
54817,131,112,19,19
54818,100,92,8,8
54819,68,72,-4,4
54820,199,174,25,25
54821,111,104,7,7
54822,63,57,6,6
54823,112,111,1,1
54824,58,61,-3,3
54825,167,157,10,10
54826,167,150,17,17
54827,204,187,17,17
54828,88,86,2,2
54829,112,116,-4,4
54830,109,108,1,1
54831,74,66,8,8
54832,118,117,1,1
54833,114,113,1,1
54834,52,52,0,0
54835,79,79,0,0
54836,63,63,0,0
54837,34,44,-10,10
54838,75,74,1,1
54839,66,67,-1,1
54840,165,167,-2,2
54841,140,101,39,39
54842,68,70,-2,2
54843,119,107,12,12
54844,109,103,6,6
54845,79,74,5,5
54846,96,82,14,14
54847,96,91,5,5
54848,58,54,4,4
54849,99,95,4,4
54850,68,71,-3,3
54851,61,66,-5,5
54852,89,91,-2,2
54853,135,118,17,17
54854,60,62,-2,2
54855,92,91,1,1
54856,84,79,5,5
54857,84,86,-2,2
54858,94,92,2,2
54859,101,108,-7,7
54860,119,113,6,6
54861,139,144,-5,5
54862,84,82,2,2
54863,204,160,44,44
54864,97,93,4,4
54865,79,84,-5,5
54866,101,102,-1,1
54867,86,79,7,7
54868,84,78,6,6
54869,67,68,-1,1
54870,98,99,-1,1
54871,79,80,-1,1
54872,90,79,11,11
54873,62,66,-4,4
54874,65,68,-3,3
54875,62,70,-8,8
54876,41,45,-4,4
54877,140,121,19,19
54878,167,149,18,18
54879,129,125,4,4
54880,170,182,-12,12
54881,76,79,-3,3
54882,88,83,5,5
54883,57,55,2,2
54884,55,57,-2,2
54885,81,74,7,7
54886,142,128,14,14
54887,118,107,11,11
54888,66,64,2,2
54889,61,71,-10,10
54890,97,95,2,2
54891,88,81,7,7
54892,101,99,2,2
54893,64,90,-26,26
54894,116,110,6,6
54895,90,85,5,5
54896,87,95,-8,8
54897,98,87,11,11
54898,111,107,4,4
54899,67,65,2,2
54900,51,55,-4,4
54901,123,121,2,2
54902,59,65,-6,6
54903,67,65,2,2
54904,48,52,-4,4
54905,52,65,-13,13
54906,180,178,2,2
54907,61,65,-4,4
54908,162,146,16,16
54909,76,76,0,0
54910,57,62,-5,5
54911,90,86,4,4
54912,55,67,-12,12
54913,103,108,-5,5
54914,72,79,-7,7
54915,70,58,12,12
54916,154,134,20,20
54917,113,112,1,1
54918,108,96,12,12
54919,50,65,-15,15
54920,45,65,-20,20
54921,71,62,9,9
54922,132,121,11,11
54923,164,151,13,13
54924,100,99,1,1
54925,46,45,1,1
54926,85,80,5,5
54927,88,83,5,5
54928,107,112,-5,5
54929,84,81,3,3
54930,48,54,-6,6
54931,98,96,2,2
54932,154,142,12,12
54933,115,112,3,3
54934,69,71,-2,2
54935,47,51,-4,4
54936,79,72,7,7
54937,74,69,5,5
54938,77,82,-5,5
54939,52,60,-8,8
54940,146,138,8,8
54941,74,81,-7,7
54942,122,113,9,9
54943,83,105,-22,22
54944,134,110,24,24
54945,113,113,0,0
54946,113,105,8,8
54947,100,109,-9,9
54948,77,76,1,1
54949,91,84,7,7
54950,112,143,-31,31
54951,109,97,12,12
54952,97,87,10,10
54953,156,148,8,8
54954,128,116,12,12
54955,88,87,1,1
54956,68,69,-1,1
54957,69,69,0,0
54958,137,130,7,7
54959,68,80,-12,12
54960,65,68,-3,3
54961,93,87,6,6
54962,58,55,3,3
54963,55,65,-10,10
54964,121,111,10,10
54965,133,129,4,4
54966,50,53,-3,3
54967,228,201,27,27
54968,101,93,8,8
54969,51,53,-2,2
54970,89,87,2,2
54971,63,74,-11,11
54972,70,79,-9,9
54973,41,43,-2,2
54974,114,107,7,7
54975,65,69,-4,4
54976,83,88,-5,5
54977,61,57,4,4
54978,68,71,-3,3
54979,107,104,3,3
54980,70,140,-70,70
54981,122,105,17,17
54982,44,49,-5,5
54983,138,135,3,3
54984,178,169,9,9
54985,94,90,4,4
54986,107,91,16,16
54987,63,64,-1,1
54988,84,90,-6,6
54989,124,110,14,14
54990,68,82,-14,14
54991,78,80,-2,2
54992,177,166,11,11
54993,49,58,-9,9
54994,60,60,0,0
54995,63,74,-11,11
54996,39,67,-28,28
54997,88,89,-1,1
54998,150,143,7,7
54999,105,100,5,5
55000,88,84,4,4
55001,58,49,9,9
55002,47,48,-1,1
55003,135,120,15,15
55004,101,95,6,6
55005,61,63,-2,2
55006,114,98,16,16
55007,75,71,4,4
55008,88,78,10,10
55009,69,66,3,3
55010,95,85,10,10
55011,120,131,-11,11
55012,148,154,-6,6
55013,80,80,0,0
55014,54,53,1,1
55015,85,80,5,5
55016,123,92,31,31
55017,101,101,0,0
55018,108,110,-2,2
55019,62,67,-5,5
55020,68,82,-14,14
55021,55,58,-3,3
55022,103,103,0,0
55023,115,105,10,10
55024,94,88,6,6
55025,77,76,1,1
55026,146,130,16,16
55027,62,67,-5,5
55028,57,59,-2,2
55029,204,182,22,22
55030,52,65,-13,13
55031,111,126,-15,15
55032,67,65,2,2
55033,116,106,10,10
55034,168,160,8,8
55035,47,50,-3,3
55036,75,71,4,4
55037,92,90,2,2
55038,139,136,3,3
55039,130,138,-8,8
55040,118,105,13,13
55041,72,76,-4,4
55042,90,94,-4,4
55043,104,81,23,23
55044,99,100,-1,1
55045,98,94,4,4
55046,84,86,-2,2
55047,106,89,17,17
55048,69,67,2,2
55049,72,75,-3,3
55050,86,86,0,0
55051,122,110,12,12
55052,103,86,17,17
55053,113,110,3,3
55054,70,60,10,10
55055,73,88,-15,15
55056,79,74,5,5
55057,102,91,11,11
55058,79,80,-1,1
55059,67,67,0,0
55060,61,64,-3,3
55061,78,84,-6,6
55062,83,78,5,5
55063,91,84,7,7
55064,49,54,-5,5
55065,64,64,0,0
55066,76,78,-2,2
55067,155,147,8,8
55068,90,90,0,0
55069,78,112,-34,34
55070,67,74,-7,7
55071,112,105,7,7
55072,90,85,5,5
55073,98,98,0,0
55074,93,89,4,4
55075,103,102,1,1
55076,64,66,-2,2
55077,94,98,-4,4
55078,58,59,-1,1
55079,76,81,-5,5
55080,153,139,14,14
55081,96,85,11,11
55082,151,149,2,2
55083,60,67,-7,7
55084,87,78,9,9
55085,30,44,-14,14
55086,83,74,9,9
55087,107,114,-7,7
55088,114,102,12,12
55089,74,75,-1,1
55090,99,106,-7,7
55091,120,116,4,4
55092,89,84,5,5
55093,215,199,16,16
55094,53,52,1,1
55095,74,75,-1,1
55096,112,104,8,8
55097,76,78,-2,2
55098,69,67,2,2
55099,146,131,15,15
55100,92,87,5,5
55101,72,72,0,0
55102,184,166,18,18
55103,50,50,0,0
55104,82,74,8,8
55105,90,85,5,5
55106,152,132,20,20
55107,41,49,-8,8
55108,149,137,12,12
55109,83,80,3,3
55110,45,60,-15,15
55111,225,204,21,21
55112,169,151,18,18
55113,44,51,-7,7
55114,118,119,-1,1
55115,108,101,7,7
55116,125,115,10,10
55117,124,121,3,3
55118,65,83,-18,18
55119,164,146,18,18
55120,138,131,7,7
55121,87,86,1,1
55122,51,56,-5,5
55123,98,103,-5,5
55124,64,65,-1,1
55125,63,72,-9,9
55126,101,98,3,3
55127,90,82,8,8
55128,104,91,13,13
55129,140,129,11,11
55130,121,106,15,15
55131,107,103,4,4
55132,85,85,0,0
55133,116,111,5,5
55134,55,64,-9,9
55135,74,82,-8,8
55136,178,142,36,36
55137,134,116,18,18
55138,62,65,-3,3
55139,113,106,7,7
55140,75,69,6,6
55141,84,81,3,3
55142,88,79,9,9
55143,68,79,-11,11
55144,46,49,-3,3
55145,150,163,-13,13
55146,99,88,11,11
55147,108,100,8,8
55148,118,86,32,32
55149,48,59,-11,11
55150,104,90,14,14
55151,73,62,11,11
55152,109,97,12,12
55153,62,64,-2,2
55154,91,82,9,9
55155,119,115,4,4
55156,157,145,12,12
55157,117,108,9,9
55158,60,66,-6,6
55159,90,88,2,2
55160,102,96,6,6
55161,100,88,12,12
55162,99,94,5,5
55163,108,93,15,15
55164,90,82,8,8
55165,120,113,7,7
55166,97,92,5,5
55167,78,77,1,1
55168,105,100,5,5
55169,160,146,14,14
55170,143,129,14,14
55171,112,111,1,1
55172,152,145,7,7
55173,153,139,14,14
55174,65,62,3,3
55175,66,70,-4,4
55176,63,69,-6,6
55177,55,78,-23,23
55178,75,73,2,2
55179,91,83,8,8
55180,81,77,4,4
55181,138,123,15,15
55182,120,109,11,11
55183,86,82,4,4
55184,75,74,1,1
55185,15,33,-18,18
55186,71,69,2,2
55187,158,142,16,16
55188,102,88,14,14
55189,58,59,-1,1
55190,54,46,8,8
55191,77,83,-6,6
55192,82,78,4,4
55193,69,67,2,2
55194,92,96,-4,4
55195,132,130,2,2
55196,109,105,4,4
55197,192,170,22,22
55198,62,61,1,1
55199,41,46,-5,5
55200,120,113,7,7
55201,82,81,1,1
55202,116,107,9,9
55203,44,58,-14,14
55204,87,79,8,8
55205,63,73,-10,10
55206,75,78,-3,3
55207,106,97,9,9
55208,198,180,18,18
55209,87,79,8,8
55210,45,45,0,0
55211,95,89,6,6
55212,128,116,12,12
55213,72,70,2,2
55214,80,85,-5,5
55215,144,141,3,3
55216,83,78,5,5
55217,138,129,9,9
55218,107,93,14,14
55219,42,48,-6,6
55220,105,103,2,2
55221,129,115,14,14
55222,78,78,0,0
55223,157,136,21,21
55224,135,126,9,9
55225,38,42,-4,4
55226,174,155,19,19
55227,83,81,2,2
55228,79,74,5,5
55229,172,159,13,13
55230,76,65,11,11
55231,106,88,18,18
55232,102,103,-1,1
55233,60,70,-10,10
55234,160,142,18,18
55235,58,60,-2,2
55236,66,71,-5,5
55237,93,86,7,7
55238,97,86,11,11
55239,99,103,-4,4
55240,232,214,18,18
55241,111,102,9,9
55242,57,68,-11,11
55243,92,101,-9,9
55244,70,66,4,4
55245,58,69,-11,11
55246,58,54,4,4
55247,80,84,-4,4
55248,119,107,12,12
55249,111,101,10,10
55250,73,74,-1,1
55251,72,68,4,4
55252,98,88,10,10
55253,114,110,4,4
55254,115,106,9,9
55255,180,53,127,127
55256,137,143,-6,6
55257,106,89,17,17
55258,116,111,5,5
55259,161,146,15,15
55260,53,55,-2,2
55261,160,142,18,18
55262,105,106,-1,1
55263,85,84,1,1
55264,137,132,5,5
55265,78,84,-6,6
55266,152,153,-1,1
55267,107,98,9,9
55268,61,65,-4,4
55269,113,100,13,13
55270,145,137,8,8
55271,125,112,13,13
55272,63,65,-2,2
55273,83,87,-4,4
55274,139,118,21,21
55275,79,73,6,6
55276,136,131,5,5
55277,77,78,-1,1
55278,101,88,13,13
55279,54,56,-2,2
55280,103,100,3,3
55281,84,82,2,2
55282,62,66,-4,4
55283,149,148,1,1
55284,52,54,-2,2
55285,143,136,7,7
55286,185,170,15,15
55287,121,108,13,13
55288,93,103,-10,10
55289,89,87,2,2
55290,71,70,1,1
55291,96,89,7,7
55292,92,77,15,15
55293,132,123,9,9
55294,110,105,5,5
55295,81,80,1,1
55296,138,128,10,10
55297,121,123,-2,2
55298,136,123,13,13
55299,108,114,-6,6
55300,102,97,5,5
55301,107,113,-6,6
55302,123,113,10,10
55303,78,75,3,3
55304,123,125,-2,2
55305,191,167,24,24
55306,83,72,11,11
55307,66,66,0,0
55308,147,132,15,15
55309,75,69,6,6
55310,142,144,-2,2
55311,54,57,-3,3
55312,79,83,-4,4
55313,65,55,10,10
55314,69,72,-3,3
55315,92,88,4,4
55316,116,94,22,22
55317,138,107,31,31
55318,60,67,-7,7
55319,113,108,5,5
55320,107,103,4,4
55321,71,80,-9,9
55322,87,80,7,7
55323,66,72,-6,6
55324,115,113,2,2
55325,88,85,3,3
55326,59,65,-6,6
55327,109,102,7,7
55328,101,98,3,3
55329,99,86,13,13
55330,84,81,3,3
55331,79,73,6,6
55332,144,122,22,22
55333,74,82,-8,8
55334,67,73,-6,6
55335,79,83,-4,4
55336,69,71,-2,2
55337,64,69,-5,5
55338,74,66,8,8
55339,122,142,-20,20
55340,88,91,-3,3
55341,85,96,-11,11
55342,135,141,-6,6
55343,150,131,19,19
55344,120,115,5,5
55345,85,81,4,4
55346,87,90,-3,3
55347,69,73,-4,4
55348,136,120,16,16
55349,139,112,27,27
55350,81,82,-1,1
55351,88,87,1,1
55352,117,113,4,4
55353,127,133,-6,6
55354,83,83,0,0
55355,53,55,-2,2
55356,41,43,-2,2
55357,97,95,2,2
55358,169,159,10,10
55359,112,98,14,14
55360,38,46,-8,8
55361,84,80,4,4
55362,67,69,-2,2
55363,92,85,7,7
55364,110,103,7,7
55365,88,96,-8,8
55366,78,72,6,6
55367,84,91,-7,7
55368,69,72,-3,3
55369,99,94,5,5
55370,101,108,-7,7
55371,86,82,4,4
55372,102,105,-3,3
55373,60,64,-4,4
55374,54,54,0,0
55375,111,117,-6,6
55376,138,128,10,10
55377,82,75,7,7
55378,96,106,-10,10
55379,62,66,-4,4
55380,161,152,9,9
55381,73,76,-3,3
55382,92,87,5,5
55383,115,112,3,3
55384,150,138,12,12
55385,78,79,-1,1
55386,93,88,5,5
55387,80,76,4,4
55388,88,93,-5,5
55389,89,85,4,4
55390,107,104,3,3
55391,76,70,6,6
55392,115,118,-3,3
55393,96,94,2,2
55394,119,113,6,6
55395,56,59,-3,3
55396,100,118,-18,18
55397,101,91,10,10
55398,89,81,8,8
55399,75,81,-6,6
55400,106,101,5,5
55401,68,69,-1,1
55402,69,64,5,5
55403,83,78,5,5
55404,85,90,-5,5
55405,130,125,5,5
55406,64,66,-2,2
55407,44,55,-11,11
55408,83,78,5,5
55409,54,89,-35,35
55410,130,108,22,22
55411,91,92,-1,1
55412,59,77,-18,18
55413,109,93,16,16
55414,145,145,0,0
55415,65,64,1,1
55416,50,49,1,1
55417,147,132,15,15
55418,90,90,0,0
55419,143,140,3,3
55420,97,93,4,4
55421,111,104,7,7
55422,63,65,-2,2
55423,70,84,-14,14
55424,109,92,17,17
55425,108,113,-5,5
55426,149,138,11,11
55427,98,92,6,6
55428,137,129,8,8
55429,45,50,-5,5
55430,95,89,6,6
55431,59,73,-14,14
55432,71,68,3,3
55433,117,117,0,0
55434,73,74,-1,1
55435,80,80,0,0
55436,168,141,27,27
55437,149,149,0,0
55438,53,53,0,0
55439,65,68,-3,3
55440,160,139,21,21
55441,83,82,1,1
55442,88,87,1,1
55443,98,81,17,17
55444,51,56,-5,5
55445,54,61,-7,7
55446,70,74,-4,4
55447,80,81,-1,1
55448,169,140,29,29
55449,109,105,4,4
55450,57,63,-6,6
55451,119,115,4,4
55452,238,205,33,33
55453,132,129,3,3
55454,78,80,-2,2
55455,88,80,8,8
55456,85,86,-1,1
55457,27,55,-28,28
55458,62,68,-6,6
55459,131,121,10,10
55460,138,125,13,13
55461,43,100,-57,57
55462,58,70,-12,12
55463,76,78,-2,2
55464,72,84,-12,12
55465,121,90,31,31
55466,107,102,5,5
55467,81,76,5,5
55468,49,69,-20,20
55469,113,104,9,9
55470,71,67,4,4
55471,44,47,-3,3
55472,81,77,4,4
55473,73,66,7,7
55474,85,88,-3,3
55475,100,95,5,5
55476,126,112,14,14
55477,96,91,5,5
55478,67,69,-2,2
55479,114,122,-8,8
55480,97,77,20,20
55481,185,156,29,29
55482,55,58,-3,3
55483,177,171,6,6
55484,85,85,0,0
55485,117,110,7,7
55486,157,141,16,16
55487,129,117,12,12
55488,94,99,-5,5
55489,87,89,-2,2
55490,139,117,22,22
55491,121,117,4,4
55492,65,56,9,9
55493,58,66,-8,8
55494,98,92,6,6
55495,37,42,-5,5
55496,63,65,-2,2
55497,193,179,14,14
55498,101,105,-4,4
55499,69,86,-17,17
55500,133,124,9,9
55501,121,104,17,17
55502,91,90,1,1
55503,85,86,-1,1
55504,67,74,-7,7
55505,117,113,4,4
55506,61,54,7,7
55507,61,65,-4,4
55508,97,104,-7,7
55509,81,82,-1,1
55510,89,93,-4,4
55511,58,66,-8,8
55512,80,72,8,8
55513,96,85,11,11
55514,87,87,0,0
55515,69,75,-6,6
55516,116,122,-6,6
55517,138,143,-5,5
55518,65,68,-3,3
55519,90,84,6,6
55520,87,84,3,3
55521,102,95,7,7
55522,79,90,-11,11
55523,146,146,0,0
55524,130,113,17,17
55525,127,105,22,22
55526,96,87,9,9
55527,80,75,5,5
55528,132,129,3,3
55529,115,97,18,18
55530,81,88,-7,7
55531,86,88,-2,2
55532,105,94,11,11
55533,130,122,8,8
55534,84,85,-1,1
55535,52,93,-41,41
55536,72,65,7,7
55537,82,79,3,3
55538,115,112,3,3
55539,100,97,3,3
55540,102,95,7,7
55541,107,103,4,4
55542,116,111,5,5
55543,61,56,5,5
55544,95,92,3,3
55545,78,75,3,3
55546,78,84,-6,6
55547,79,68,11,11
55548,82,82,0,0
55549,71,75,-4,4
55550,128,117,11,11
55551,89,92,-3,3
55552,115,130,-15,15
55553,83,77,6,6
55554,80,74,6,6
55555,79,92,-13,13
55556,69,78,-9,9
55557,123,113,10,10
55558,67,70,-3,3
55559,135,123,12,12
55560,134,152,-18,18
55561,133,126,7,7
55562,52,54,-2,2
55563,175,159,16,16
55564,95,82,13,13
55565,122,117,5,5
55566,74,71,3,3
55567,73,79,-6,6
55568,53,59,-6,6
55569,69,70,-1,1
55570,103,110,-7,7
55571,45,48,-3,3
55572,107,103,4,4
55573,49,57,-8,8
55574,132,114,18,18
55575,89,89,0,0
55576,62,65,-3,3
55577,109,104,5,5
55578,81,81,0,0
55579,72,77,-5,5
55580,52,54,-2,2
55581,74,78,-4,4
55582,36,44,-8,8
55583,68,70,-2,2
55584,73,74,-1,1
55585,89,87,2,2
55586,63,58,5,5
55587,69,75,-6,6
55588,103,115,-12,12
55589,53,61,-8,8
55590,103,103,0,0
55591,108,95,13,13
55592,109,154,-45,45
55593,187,178,9,9
55594,69,68,1,1
55595,124,109,15,15
55596,117,116,1,1
55597,94,89,5,5
55598,44,50,-6,6
55599,120,109,11,11
55600,140,133,7,7
55601,131,118,13,13
55602,100,103,-3,3
55603,147,141,6,6
55604,55,49,6,6
55605,126,126,0,0
55606,84,89,-5,5
55607,81,83,-2,2
55608,110,87,23,23
55609,68,72,-4,4
55610,90,90,0,0
55611,79,79,0,0
55612,108,107,1,1
55613,69,72,-3,3
55614,67,62,5,5
55615,151,150,1,1
55616,121,109,12,12
55617,67,74,-7,7
55618,100,84,16,16
55619,105,104,1,1
55620,105,112,-7,7
55621,92,94,-2,2
55622,107,110,-3,3
55623,163,154,9,9
55624,110,102,8,8
55625,115,104,11,11
55626,93,82,11,11
55627,143,130,13,13
55628,105,81,24,24
55629,102,92,10,10
55630,54,56,-2,2
55631,117,116,1,1
55632,94,86,8,8
55633,121,102,19,19
55634,51,51,0,0
55635,93,97,-4,4
55636,136,132,4,4
55637,75,68,7,7
55638,83,74,9,9
55639,90,83,7,7
55640,110,106,4,4
55641,69,69,0,0
55642,110,107,3,3
55643,78,83,-5,5
55644,85,78,7,7
55645,89,87,2,2
55646,86,96,-10,10
55647,106,108,-2,2
55648,102,100,2,2
55649,52,56,-4,4
55650,207,200,7,7
55651,93,86,7,7
55652,113,108,5,5
55653,97,94,3,3
55654,80,91,-11,11
55655,118,126,-8,8
55656,90,87,3,3
55657,88,98,-10,10
55658,96,94,2,2
55659,103,108,-5,5
55660,65,68,-3,3
55661,48,49,-1,1
55662,85,74,11,11
55663,104,99,5,5
55664,54,55,-1,1
55665,89,77,12,12
55666,132,130,2,2
55667,83,82,1,1
55668,80,80,0,0
55669,76,80,-4,4
55670,67,65,2,2
55671,89,84,5,5
55672,149,139,10,10
55673,106,113,-7,7
55674,149,142,7,7
55675,52,57,-5,5
55676,58,65,-7,7
55677,70,78,-8,8
55678,78,76,2,2
55679,212,188,24,24
55680,105,92,13,13
55681,101,87,14,14
55682,107,95,12,12
55683,145,136,9,9
55684,77,77,0,0
55685,108,91,17,17
55686,97,94,3,3
55687,90,79,11,11
55688,104,102,2,2
55689,99,96,3,3
55690,94,88,6,6
55691,105,109,-4,4
55692,69,73,-4,4
55693,81,90,-9,9
55694,88,85,3,3
55695,112,111,1,1
55696,93,91,2,2
55697,130,124,6,6
55698,145,122,23,23
55699,130,122,8,8
55700,62,84,-22,22
55701,99,96,3,3
55702,67,69,-2,2
55703,129,115,14,14
55704,72,73,-1,1
55705,96,91,5,5
55706,76,80,-4,4
55707,102,97,5,5
55708,81,76,5,5
55709,157,149,8,8
55710,100,98,2,2
55711,122,112,10,10
55712,65,66,-1,1
55713,82,74,8,8
55714,95,89,6,6
55715,133,138,-5,5
55716,108,104,4,4
55717,81,81,0,0
55718,91,90,1,1
55719,134,125,9,9
55720,146,136,10,10
55721,93,92,1,1
55722,53,55,-2,2
55723,108,97,11,11
55724,93,86,7,7
55725,99,89,10,10
55726,158,144,14,14
55727,66,75,-9,9
55728,66,65,1,1
55729,83,87,-4,4
55730,103,93,10,10
55731,54,57,-3,3
55732,144,129,15,15
55733,88,99,-11,11
55734,105,91,14,14
55735,115,107,8,8
55736,125,114,11,11
55737,67,74,-7,7
55738,193,165,28,28
55739,127,99,28,28
55740,29,56,-27,27
55741,86,86,0,0
55742,121,115,6,6
55743,94,85,9,9
55744,125,109,16,16
55745,174,169,5,5
55746,163,148,15,15
55747,128,112,16,16
55748,155,140,15,15
55749,123,126,-3,3
55750,100,94,6,6
55751,80,87,-7,7
55752,121,113,8,8
55753,31,42,-11,11
55754,96,87,9,9
55755,80,75,5,5
55756,83,78,5,5
55757,82,80,2,2
55758,97,97,0,0
55759,72,74,-2,2
55760,69,73,-4,4
55761,86,84,2,2
55762,73,87,-14,14
55763,100,101,-1,1
55764,66,69,-3,3
55765,83,68,15,15
55766,92,96,-4,4
55767,68,65,3,3
55768,118,117,1,1
55769,97,120,-23,23
55770,62,67,-5,5
55771,78,72,6,6
55772,48,52,-4,4
55773,98,91,7,7
55774,71,72,-1,1
55775,62,68,-6,6
55776,45,65,-20,20
55777,122,116,6,6
55778,91,84,7,7
55779,71,136,-65,65
55780,68,65,3,3
55781,118,116,2,2
55782,79,81,-2,2
55783,120,119,1,1
55784,134,142,-8,8
55785,72,74,-2,2
55786,92,89,3,3
55787,49,68,-19,19
55788,100,98,2,2
55789,90,92,-2,2
55790,71,71,0,0
55791,83,84,-1,1
55792,71,75,-4,4
55793,90,96,-6,6
55794,168,162,6,6
55795,68,83,-15,15
55796,50,58,-8,8
55797,59,55,4,4
55798,52,69,-17,17
55799,104,99,5,5
55800,95,99,-4,4
55801,57,65,-8,8
55802,211,204,7,7
55803,58,56,2,2
55804,125,118,7,7
55805,99,93,6,6
55806,88,95,-7,7
55807,182,158,24,24
55808,99,97,2,2
55809,66,60,6,6
55810,169,151,18,18
55811,105,95,10,10
55812,92,92,0,0
55813,110,100,10,10
55814,111,103,8,8
55815,95,86,9,9
55816,74,72,2,2
55817,135,115,20,20
55818,51,91,-40,40
55819,78,73,5,5
55820,118,107,11,11
55821,118,115,3,3
55822,104,102,2,2
55823,37,50,-13,13
55824,96,91,5,5
55825,93,87,6,6
55826,60,88,-28,28
55827,102,95,7,7
55828,112,110,2,2
55829,73,81,-8,8
55830,142,128,14,14
55831,67,67,0,0
55832,69,65,4,4
55833,103,180,-77,77
55834,42,70,-28,28
55835,99,82,17,17
55836,181,162,19,19
55837,94,88,6,6
55838,83,81,2,2
55839,98,84,14,14
55840,151,130,21,21
55841,149,124,25,25
55842,92,94,-2,2
55843,129,131,-2,2
55844,79,74,5,5
55845,119,122,-3,3
55846,159,146,13,13
55847,63,70,-7,7
55848,74,76,-2,2
55849,141,140,1,1
55850,133,124,9,9
55851,106,97,9,9
55852,180,166,14,14
55853,152,127,25,25
55854,85,77,8,8
55855,118,105,13,13
55856,127,120,7,7
55857,143,143,0,0
55858,80,89,-9,9
55859,123,116,7,7
55860,131,120,11,11
55861,53,46,7,7
55862,83,75,8,8
55863,97,89,8,8
55864,120,119,1,1
55865,71,67,4,4
55866,127,109,18,18
55867,68,70,-2,2
55868,79,82,-3,3
55869,104,112,-8,8
55870,139,135,4,4
55871,143,147,-4,4
55872,102,109,-7,7
55873,75,69,6,6
55874,105,104,1,1
55875,71,60,11,11
55876,52,52,0,0
55877,73,71,2,2
55878,95,85,10,10
55879,84,79,5,5
55880,77,78,-1,1
55881,63,71,-8,8
55882,80,88,-8,8
55883,111,101,10,10
55884,146,126,20,20
55885,136,139,-3,3
55886,58,54,4,4
55887,77,74,3,3
55888,74,97,-23,23
55889,157,151,6,6
55890,113,111,2,2
55891,88,83,5,5
55892,98,94,4,4
55893,70,73,-3,3
55894,70,82,-12,12
55895,95,93,2,2
55896,113,94,19,19
55897,65,67,-2,2
55898,82,72,10,10
55899,89,91,-2,2
55900,90,81,9,9
55901,75,91,-16,16
55902,73,65,8,8
55903,45,52,-7,7
55904,75,83,-8,8
55905,89,80,9,9
55906,127,110,17,17
55907,189,184,5,5
55908,132,124,8,8
55909,95,91,4,4
55910,113,101,12,12
55911,81,81,0,0
55912,121,124,-3,3
55913,73,77,-4,4
55914,107,101,6,6
55915,72,70,2,2
55916,110,114,-4,4
55917,69,69,0,0
55918,149,130,19,19
55919,63,65,-2,2
55920,115,105,10,10
55921,105,98,7,7
55922,88,90,-2,2
55923,65,69,-4,4
55924,87,86,1,1
55925,94,97,-3,3
55926,125,121,4,4
55927,93,82,11,11
55928,112,104,8,8
55929,103,88,15,15
55930,117,110,7,7
55931,95,91,4,4
55932,76,73,3,3
55933,94,100,-6,6
55934,50,50,0,0
55935,115,116,-1,1
55936,105,95,10,10
55937,108,100,8,8
55938,141,136,5,5
55939,102,97,5,5
55940,58,68,-10,10
55941,108,100,8,8
55942,89,81,8,8
55943,71,76,-5,5
55944,59,59,0,0
55945,89,83,6,6
55946,57,61,-4,4
55947,106,95,11,11
55948,161,138,23,23
55949,92,87,5,5
55950,66,67,-1,1
55951,82,84,-2,2
55952,84,76,8,8
55953,115,101,14,14
55954,110,103,7,7
55955,135,129,6,6
55956,93,92,1,1
55957,134,146,-12,12
55958,105,94,11,11
55959,79,77,2,2
55960,25,36,-11,11
55961,124,128,-4,4
55962,29,41,-12,12
55963,96,85,11,11
55964,125,121,4,4
55965,52,57,-5,5
55966,101,100,1,1
55967,70,66,4,4
55968,98,92,6,6
55969,77,68,9,9
55970,167,147,20,20
55971,82,81,1,1
55972,91,86,5,5
55973,70,71,-1,1
55974,74,72,2,2
55975,121,115,6,6
55976,46,65,-19,19
55977,76,77,-1,1
55978,111,115,-4,4
55979,58,57,1,1
55980,65,65,0,0
55981,53,51,2,2
55982,109,111,-2,2
55983,80,81,-1,1
55984,88,87,1,1
55985,110,106,4,4
55986,98,85,13,13
55987,97,113,-16,16
55988,128,112,16,16
55989,144,134,10,10
55990,82,82,0,0
55991,131,121,10,10
55992,100,95,5,5
55993,95,93,2,2
55994,108,103,5,5
55995,82,83,-1,1
55996,73,66,7,7
55997,94,97,-3,3
55998,99,104,-5,5
55999,88,81,7,7
56000,157,151,6,6
56001,75,74,1,1
56002,95,95,0,0
56003,82,77,5,5
56004,160,167,-7,7
56005,146,134,12,12
56006,166,168,-2,2
56007,76,76,0,0
56008,139,130,9,9
56009,110,106,4,4
56010,118,123,-5,5
56011,122,110,12,12
56012,50,62,-12,12
56013,59,64,-5,5
56014,112,107,5,5
56015,108,115,-7,7
56016,42,48,-6,6
56017,112,113,-1,1
56018,126,110,16,16
56019,88,91,-3,3
56020,121,101,20,20
56021,83,76,7,7
56022,95,99,-4,4
56023,98,86,12,12
56024,104,101,3,3
56025,66,66,0,0
56026,129,125,4,4
56027,85,76,9,9
56028,101,98,3,3
56029,68,73,-5,5
56030,86,87,-1,1
56031,79,77,2,2
56032,91,90,1,1
56033,113,116,-3,3
56034,149,139,10,10
56035,76,78,-2,2
56036,107,102,5,5
56037,110,105,5,5
56038,75,77,-2,2
56039,100,101,-1,1
56040,110,115,-5,5
56041,115,108,7,7
56042,128,124,4,4
56043,177,157,20,20
56044,105,96,9,9
56045,79,140,-61,61
56046,126,119,7,7
56047,135,144,-9,9
56048,66,66,0,0
56049,148,138,10,10
56050,128,120,8,8
56051,106,93,13,13
56052,99,82,17,17
56053,73,64,9,9
56054,64,68,-4,4
56055,98,117,-19,19
56056,111,103,8,8
56057,124,122,2,2
56058,117,107,10,10
56059,94,90,4,4
56060,86,78,8,8
56061,80,73,7,7
56062,105,109,-4,4
56063,77,80,-3,3
56064,101,93,8,8
56065,118,109,9,9
56066,130,106,24,24
56067,97,96,1,1
56068,77,80,-3,3
56069,76,78,-2,2
56070,122,126,-4,4
56071,116,132,-16,16
56072,67,77,-10,10
56073,109,95,14,14
56074,62,66,-4,4
56075,95,81,14,14
56076,130,120,10,10
56077,49,72,-23,23
56078,64,65,-1,1
56079,84,81,3,3
56080,147,122,25,25
56081,121,106,15,15
56082,158,150,8,8
56083,105,93,12,12
56084,99,98,1,1
56085,108,111,-3,3
56086,159,151,8,8
56087,87,84,3,3
56088,128,134,-6,6
56089,58,68,-10,10
56090,110,106,4,4
56091,187,173,14,14
56092,87,87,0,0
56093,143,143,0,0
56094,84,75,9,9
56095,132,134,-2,2
56096,74,71,3,3
56097,109,109,0,0
56098,86,105,-19,19
56099,111,103,8,8
56100,49,50,-1,1
56101,73,70,3,3
56102,125,133,-8,8
56103,75,71,4,4
56104,78,75,3,3
56105,99,92,7,7
56106,103,108,-5,5
56107,106,96,10,10
56108,57,54,3,3
56109,139,129,10,10
56110,90,80,10,10
56111,67,67,0,0
56112,60,66,-6,6
56113,46,46,0,0
56114,56,68,-12,12
56115,135,122,13,13
56116,52,49,3,3
56117,102,91,11,11
56118,79,77,2,2
56119,75,79,-4,4
56120,118,116,2,2
56121,107,111,-4,4
56122,24,35,-11,11
56123,102,93,9,9
56124,78,81,-3,3
56125,94,83,11,11
56126,109,88,21,21
56127,139,131,8,8
56128,105,104,1,1
56129,155,145,10,10
56130,53,55,-2,2
56131,82,87,-5,5
56132,159,161,-2,2
56133,105,97,8,8
56134,102,100,2,2
56135,78,77,1,1
56136,67,66,1,1
56137,149,143,6,6
56138,84,87,-3,3
56139,87,89,-2,2
56140,132,135,-3,3
56141,83,82,1,1
56142,75,70,5,5
56143,99,97,2,2
56144,77,85,-8,8
56145,97,89,8,8
56146,132,108,24,24
56147,105,107,-2,2
56148,105,86,19,19
56149,59,56,3,3
56150,69,66,3,3
56151,120,111,9,9
56152,59,65,-6,6
56153,105,91,14,14
56154,81,79,2,2
56155,156,152,4,4
56156,62,68,-6,6
56157,63,65,-2,2
56158,156,134,22,22
56159,48,136,-88,88
56160,81,80,1,1
56161,78,77,1,1
56162,72,66,6,6
56163,110,105,5,5
56164,76,81,-5,5
56165,82,79,3,3
56166,76,77,-1,1
56167,106,100,6,6
56168,109,110,-1,1
56169,96,89,7,7
56170,129,132,-3,3
56171,71,68,3,3
56172,124,132,-8,8
56173,107,102,5,5
56174,97,93,4,4
56175,113,96,17,17
56176,152,141,11,11
56177,91,107,-16,16
56178,78,77,1,1
56179,158,143,15,15
56180,117,107,10,10
56181,97,92,5,5
56182,83,79,4,4
56183,132,120,12,12
56184,79,80,-1,1
56185,101,100,1,1
56186,135,122,13,13
56187,96,71,25,25
56188,82,73,9,9
56189,70,77,-7,7
56190,110,99,11,11
56191,141,122,19,19
56192,61,60,1,1
56193,97,90,7,7
56194,119,100,19,19
56195,67,67,0,0
56196,92,102,-10,10
56197,84,68,16,16
56198,65,70,-5,5
56199,84,87,-3,3
56200,124,108,16,16
56201,135,129,6,6
56202,146,131,15,15
56203,109,112,-3,3
56204,145,143,2,2
56205,89,81,8,8
56206,136,125,11,11
56207,85,85,0,0
56208,55,62,-7,7
56209,92,101,-9,9
56210,61,62,-1,1
56211,132,116,16,16
56212,65,72,-7,7
56213,112,115,-3,3
56214,107,94,13,13
56215,48,45,3,3
56216,55,57,-2,2
56217,109,104,5,5
56218,136,124,12,12
56219,94,96,-2,2
56220,45,48,-3,3
56221,139,122,17,17
56222,72,79,-7,7
56223,156,136,20,20
56224,58,64,-6,6
56225,96,82,14,14
56226,83,80,3,3
56227,94,88,6,6
56228,29,37,-8,8
56229,124,118,6,6
56230,71,75,-4,4
56231,146,128,18,18
56232,97,87,10,10
56233,104,101,3,3
56234,32,45,-13,13
56235,140,124,16,16
56236,57,55,2,2
56237,112,109,3,3
56238,70,74,-4,4
56239,92,83,9,9
56240,57,65,-8,8
56241,107,112,-5,5
56242,76,74,2,2
56243,81,80,1,1
56244,115,123,-8,8
56245,22,66,-44,44
56246,96,96,0,0
56247,84,95,-11,11
56248,103,97,6,6
56249,126,109,17,17
56250,76,72,4,4
56251,159,141,18,18
56252,74,65,9,9
56253,87,79,8,8
56254,46,53,-7,7
56255,33,41,-8,8
56256,76,65,11,11
56257,98,93,5,5
56258,73,71,2,2
56259,105,95,10,10
56260,51,62,-11,11
56261,94,81,13,13
56262,54,77,-23,23
56263,86,90,-4,4
56264,60,62,-2,2
56265,144,134,10,10
56266,74,64,10,10
56267,90,86,4,4
56268,100,102,-2,2
56269,107,114,-7,7
56270,129,109,20,20
56271,133,120,13,13
56272,70,75,-5,5
56273,101,92,9,9
56274,60,65,-5,5
56275,200,172,28,28
56276,64,62,2,2
56277,143,133,10,10
56278,90,85,5,5
56279,72,66,6,6
56280,85,89,-4,4
56281,136,135,1,1
56282,94,98,-4,4
56283,135,119,16,16
56284,102,91,11,11
56285,71,80,-9,9
56286,74,77,-3,3
56287,122,127,-5,5
56288,86,84,2,2
56289,40,44,-4,4
56290,109,112,-3,3
56291,113,108,5,5
56292,110,103,7,7
56293,68,68,0,0
56294,130,127,3,3
56295,89,89,0,0
56296,106,102,4,4
56297,98,94,4,4
56298,71,61,10,10
56299,128,127,1,1
56300,158,131,27,27
56301,82,79,3,3
56302,42,46,-4,4
56303,67,65,2,2
56304,107,109,-2,2
56305,77,74,3,3
56306,113,113,0,0
56307,73,73,0,0
56308,189,177,12,12
56309,101,101,0,0
56310,117,127,-10,10
56311,113,111,2,2
56312,81,75,6,6
56313,113,104,9,9
56314,108,97,11,11
56315,133,137,-4,4
56316,117,114,3,3
56317,119,115,4,4
56318,72,68,4,4
56319,72,86,-14,14
56320,105,104,1,1
56321,70,67,3,3
56322,66,61,5,5
56323,152,136,16,16
56324,89,84,5,5
56325,20,30,-10,10
56326,72,77,-5,5
56327,89,83,6,6
56328,83,88,-5,5
56329,121,133,-12,12
56330,119,108,11,11
56331,101,99,2,2
56332,84,83,1,1
56333,78,81,-3,3
56334,166,151,15,15
56335,117,112,5,5
56336,141,139,2,2
56337,123,118,5,5
56338,162,151,11,11
56339,50,56,-6,6
56340,60,58,2,2
56341,86,92,-6,6
56342,70,75,-5,5
56343,129,123,6,6
56344,65,71,-6,6
56345,75,81,-6,6
56346,91,72,19,19
56347,55,63,-8,8
56348,82,84,-2,2
56349,102,103,-1,1
56350,74,74,0,0
56351,84,82,2,2
56352,128,116,12,12
56353,91,88,3,3
56354,120,114,6,6
56355,85,85,0,0
56356,108,112,-4,4
56357,72,70,2,2
56358,90,82,8,8
56359,85,89,-4,4
56360,112,106,6,6
56361,148,146,2,2
56362,105,104,1,1
56363,44,53,-9,9
56364,42,57,-15,15
56365,103,91,12,12
56366,93,82,11,11
56367,63,64,-1,1
56368,169,174,-5,5
56369,65,65,0,0
56370,74,76,-2,2
56371,99,97,2,2
56372,129,129,0,0
56373,93,87,6,6
56374,139,131,8,8
56375,64,107,-43,43
56376,93,89,4,4
56377,53,72,-19,19
56378,110,101,9,9
56379,97,91,6,6
56380,170,152,18,18
56381,56,67,-11,11
56382,172,173,-1,1
56383,71,72,-1,1
56384,161,141,20,20
56385,130,134,-4,4
56386,101,99,2,2
56387,107,105,2,2
56388,101,97,4,4
56389,64,72,-8,8
56390,75,74,1,1
56391,128,126,2,2
56392,80,77,3,3
56393,129,127,2,2
56394,54,60,-6,6
56395,71,78,-7,7
56396,55,48,7,7
56397,91,93,-2,2
56398,119,109,10,10
56399,94,89,5,5
56400,158,145,13,13
56401,60,67,-7,7
56402,158,155,3,3
56403,56,52,4,4
56404,121,119,2,2
56405,79,69,10,10
56406,120,111,9,9
56407,64,71,-7,7
56408,62,82,-20,20
56409,80,78,2,2
56410,135,123,12,12
56411,102,118,-16,16
56412,115,104,11,11
56413,142,141,1,1
56414,115,127,-12,12
56415,119,121,-2,2
56416,138,133,5,5
56417,97,87,10,10
56418,80,74,6,6
56419,97,97,0,0
56420,111,109,2,2
56421,91,92,-1,1
56422,95,98,-3,3
56423,91,90,1,1
56424,101,87,14,14
56425,130,126,4,4
56426,89,88,1,1
56427,86,94,-8,8
56428,178,158,20,20
56429,168,157,11,11
56430,63,67,-4,4
56431,69,64,5,5
56432,186,166,20,20
56433,143,131,12,12
56434,76,64,12,12
56435,87,93,-6,6
56436,46,52,-6,6
56437,81,84,-3,3
56438,43,47,-4,4
56439,125,121,4,4
56440,190,178,12,12
56441,112,95,17,17
56442,161,153,8,8
56443,119,109,10,10
56444,98,97,1,1
56445,122,115,7,7
56446,94,92,2,2
56447,68,75,-7,7
56448,103,87,16,16
56449,126,113,13,13
56450,75,78,-3,3
56451,123,106,17,17
56452,81,76,5,5
56453,144,147,-3,3
56454,53,49,4,4
56455,164,144,20,20
56456,60,64,-4,4
56457,117,109,8,8
56458,121,118,3,3
56459,90,91,-1,1
56460,86,80,6,6
56461,63,67,-4,4
56462,147,133,14,14
56463,103,97,6,6
56464,68,69,-1,1
56465,91,85,6,6
56466,81,69,12,12
56467,71,72,-1,1
56468,63,64,-1,1
56469,123,120,3,3
56470,105,99,6,6
56471,81,84,-3,3
56472,112,118,-6,6
56473,78,79,-1,1
56474,85,84,1,1
56475,118,115,3,3
56476,65,61,4,4
56477,127,132,-5,5
56478,83,83,0,0
56479,91,83,8,8
56480,62,67,-5,5
56481,75,78,-3,3
56482,88,91,-3,3
56483,163,155,8,8
56484,48,65,-17,17
56485,93,99,-6,6
56486,85,85,0,0
56487,142,140,2,2
56488,93,97,-4,4
56489,73,69,4,4
56490,65,68,-3,3
56491,83,80,3,3
56492,77,76,1,1
56493,113,107,6,6
56494,121,113,8,8
56495,71,73,-2,2
56496,64,60,4,4
56497,70,79,-9,9
56498,155,143,12,12
56499,59,56,3,3
56500,80,73,7,7
56501,80,82,-2,2
56502,59,61,-2,2
56503,83,73,10,10
56504,68,61,7,7
56505,77,82,-5,5
56506,121,102,19,19
56507,63,73,-10,10
56508,82,81,1,1
56509,145,139,6,6
56510,63,70,-7,7
56511,124,122,2,2
56512,83,93,-10,10
56513,175,167,8,8
56514,185,175,10,10
56515,65,65,0,0
56516,61,63,-2,2
56517,76,76,0,0
56518,75,78,-3,3
56519,74,88,-14,14
56520,136,117,19,19
56521,47,60,-13,13
56522,66,57,9,9
56523,131,118,13,13
56524,123,103,20,20
56525,118,114,4,4
56526,58,57,1,1
56527,89,83,6,6
56528,156,144,12,12
56529,55,62,-7,7
56530,115,102,13,13
56531,111,104,7,7
56532,116,123,-7,7
56533,62,73,-11,11
56534,108,99,9,9
56535,120,124,-4,4
56536,112,111,1,1
56537,56,66,-10,10
56538,142,141,1,1
56539,91,84,7,7
56540,86,84,2,2
56541,121,119,2,2
56542,80,76,4,4
56543,103,100,3,3
56544,76,80,-4,4
56545,100,123,-23,23
56546,94,90,4,4
56547,117,120,-3,3
56548,84,81,3,3
56549,87,88,-1,1
56550,127,112,15,15
56551,90,110,-20,20
56552,96,87,9,9
56553,56,55,1,1
56554,74,71,3,3
56555,98,90,8,8
56556,107,111,-4,4
56557,125,102,23,23
56558,66,64,2,2
56559,91,96,-5,5
56560,154,157,-3,3
56561,151,131,20,20
56562,77,77,0,0
56563,60,61,-1,1
56564,72,77,-5,5
56565,132,114,18,18
56566,74,70,4,4
56567,63,68,-5,5
56568,129,126,3,3
56569,169,162,7,7
56570,88,96,-8,8
56571,129,123,6,6
56572,140,131,9,9
56573,80,88,-8,8
56574,94,95,-1,1
56575,49,58,-9,9
56576,145,138,7,7
56577,97,99,-2,2
56578,94,93,1,1
56579,83,77,6,6
56580,135,129,6,6
56581,103,97,6,6
56582,40,47,-7,7
56583,119,134,-15,15
56584,60,66,-6,6
56585,44,48,-4,4
56586,104,104,0,0
56587,49,47,2,2
56588,70,97,-27,27
56589,59,65,-6,6
56590,114,120,-6,6
56591,65,64,1,1
56592,60,63,-3,3
56593,121,126,-5,5
56594,115,107,8,8
56595,75,72,3,3
56596,74,70,4,4
56597,103,100,3,3
56598,59,60,-1,1
56599,125,126,-1,1
56600,94,91,3,3
56601,73,72,1,1
56602,54,49,5,5
56603,58,57,1,1
56604,174,167,7,7
56605,46,47,-1,1
56606,79,81,-2,2
56607,108,97,11,11
56608,50,61,-11,11
56609,120,105,15,15
56610,159,143,16,16
56611,171,169,2,2
56612,81,83,-2,2
56613,85,84,1,1
56614,118,131,-13,13
56615,73,78,-5,5
56616,114,105,9,9
56617,77,71,6,6
56618,150,128,22,22
56619,72,79,-7,7
56620,64,83,-19,19
56621,85,98,-13,13
56622,112,112,0,0
56623,57,55,2,2
56624,101,97,4,4
56625,83,85,-2,2
56626,74,69,5,5
56627,142,126,16,16
56628,111,95,16,16
56629,135,118,17,17
56630,64,68,-4,4
56631,75,69,6,6
56632,188,183,5,5
56633,63,80,-17,17
56634,124,113,11,11
56635,42,50,-8,8
56636,136,117,19,19
56637,50,53,-3,3
56638,87,96,-9,9
56639,140,129,11,11
56640,94,96,-2,2
56641,94,90,4,4
56642,61,73,-12,12
56643,86,85,1,1
56644,126,109,17,17
56645,63,59,4,4
56646,82,76,6,6
56647,140,139,1,1
56648,134,117,17,17
56649,79,79,0,0
56650,126,132,-6,6
56651,101,105,-4,4
56652,103,99,4,4
56653,70,66,4,4
56654,85,75,10,10
56655,84,88,-4,4
56656,58,63,-5,5
56657,139,121,18,18
56658,67,78,-11,11
56659,101,102,-1,1
56660,83,85,-2,2
56661,66,61,5,5
56662,59,58,1,1
56663,77,79,-2,2
56664,53,63,-10,10
56665,130,122,8,8
56666,59,65,-6,6
56667,94,81,13,13
56668,120,111,9,9
56669,108,98,10,10
56670,95,86,9,9
56671,67,66,1,1
56672,103,99,4,4
56673,68,68,0,0
56674,82,76,6,6
56675,111,113,-2,2
56676,78,75,3,3
56677,59,65,-6,6
56678,72,77,-5,5
56679,101,96,5,5
56680,77,84,-7,7
56681,65,65,0,0
56682,64,72,-8,8
56683,57,65,-8,8
56684,95,99,-4,4
56685,68,69,-1,1
56686,137,121,16,16
56687,65,67,-2,2
56688,82,83,-1,1
56689,73,77,-4,4
56690,96,106,-10,10
56691,110,108,2,2
56692,139,132,7,7
56693,87,74,13,13
56694,113,97,16,16
56695,40,41,-1,1
56696,81,81,0,0
56697,51,58,-7,7
56698,173,160,13,13
56699,72,80,-8,8
56700,107,102,5,5
56701,112,109,3,3
56702,125,113,12,12
56703,56,55,1,1
56704,141,123,18,18
56705,150,135,15,15
56706,136,134,2,2
56707,127,118,9,9
56708,132,137,-5,5
56709,96,87,9,9
56710,35,51,-16,16
56711,86,86,0,0
56712,108,96,12,12
56713,149,139,10,10
56714,103,101,2,2
56715,144,152,-8,8
56716,135,116,19,19
56717,112,106,6,6
56718,86,97,-11,11
56719,54,50,4,4
56720,78,73,5,5
56721,72,70,2,2
56722,87,91,-4,4
56723,79,99,-20,20
56724,109,118,-9,9
56725,120,104,16,16
56726,173,154,19,19
56727,57,65,-8,8
56728,40,44,-4,4
56729,82,86,-4,4
56730,70,74,-4,4
56731,86,86,0,0
56732,98,97,1,1
56733,134,138,-4,4
56734,45,46,-1,1
56735,129,114,15,15
56736,68,75,-7,7
56737,91,82,9,9
56738,113,107,6,6
56739,52,58,-6,6
56740,94,89,5,5
56741,94,100,-6,6
56742,113,108,5,5
56743,128,112,16,16
56744,99,102,-3,3
56745,105,97,8,8
56746,86,103,-17,17
56747,148,140,8,8
56748,138,119,19,19
56749,99,83,16,16
56750,94,94,0,0
56751,73,78,-5,5
56752,153,136,17,17
56753,95,96,-1,1
56754,118,122,-4,4
56755,129,118,11,11
56756,50,68,-18,18
56757,123,113,10,10
56758,142,136,6,6
56759,123,116,7,7
56760,148,142,6,6
56761,107,103,4,4
56762,98,102,-4,4
56763,112,110,2,2
56764,137,123,14,14
56765,106,100,6,6
56766,97,86,11,11
56767,96,98,-2,2
56768,245,187,58,58
56769,115,106,9,9
56770,81,78,3,3
56771,130,107,23,23
56772,86,77,9,9
56773,128,122,6,6
56774,73,74,-1,1
56775,110,101,9,9
56776,130,120,10,10
56777,97,95,2,2
56778,80,83,-3,3
56779,91,89,2,2
56780,88,81,7,7
56781,105,99,6,6
56782,75,65,10,10
56783,93,99,-6,6
56784,115,106,9,9
56785,133,122,11,11
56786,142,121,21,21
56787,62,74,-12,12
56788,78,76,2,2
56789,91,85,6,6
56790,102,92,10,10
56791,109,106,3,3
56792,102,94,8,8
56793,90,83,7,7
56794,135,114,21,21
56795,31,52,-21,21
56796,143,135,8,8
56797,123,114,9,9
56798,102,93,9,9
56799,59,58,1,1
56800,83,85,-2,2
56801,99,96,3,3
56802,50,67,-17,17
56803,168,145,23,23
56804,80,79,1,1
56805,104,113,-9,9
56806,117,107,10,10
56807,113,116,-3,3
56808,73,91,-18,18
56809,72,73,-1,1
56810,144,133,11,11
56811,131,129,2,2
56812,107,117,-10,10
56813,85,86,-1,1
56814,58,67,-9,9
56815,67,66,1,1
56816,62,62,0,0
56817,63,58,5,5
56818,148,148,0,0
56819,139,120,19,19
56820,82,88,-6,6
56821,133,124,9,9
56822,70,74,-4,4
56823,99,100,-1,1
56824,115,110,5,5
56825,121,115,6,6
56826,107,108,-1,1
56827,113,100,13,13
56828,61,66,-5,5
56829,80,76,4,4
56830,78,75,3,3
56831,68,64,4,4
56832,122,127,-5,5
56833,109,105,4,4
56834,71,67,4,4
56835,60,66,-6,6
56836,125,114,11,11
56837,68,68,0,0
56838,114,110,4,4
56839,93,80,13,13
56840,75,79,-4,4
56841,99,95,4,4
56842,133,125,8,8
56843,78,83,-5,5
56844,45,44,1,1
56845,87,75,12,12
56846,72,82,-10,10
56847,129,123,6,6
56848,93,87,6,6
56849,95,98,-3,3
56850,119,118,1,1
56851,96,83,13,13
56852,45,49,-4,4
56853,151,140,11,11
56854,75,74,1,1
56855,84,84,0,0
56856,75,72,3,3
56857,97,132,-35,35
56858,79,82,-3,3
56859,132,124,8,8
56860,108,101,7,7
56861,115,102,13,13
56862,89,94,-5,5
56863,84,86,-2,2
56864,132,122,10,10
56865,94,85,9,9
56866,182,178,4,4
56867,170,156,14,14
56868,93,92,1,1
56869,70,76,-6,6
56870,38,43,-5,5
56871,102,106,-4,4
56872,139,127,12,12
56873,97,104,-7,7
56874,87,86,1,1
56875,86,77,9,9
56876,76,87,-11,11
56877,91,95,-4,4
56878,81,79,2,2
56879,86,77,9,9
56880,90,84,6,6
56881,73,74,-1,1
56882,122,115,7,7
56883,81,78,3,3
56884,182,167,15,15
56885,73,75,-2,2
56886,108,102,6,6
56887,70,66,4,4
56888,170,157,13,13
56889,98,91,7,7
56890,83,84,-1,1
56891,89,95,-6,6
56892,79,79,0,0
56893,77,82,-5,5
56894,82,85,-3,3
56895,79,81,-2,2
56896,165,146,19,19
56897,57,71,-14,14
56898,94,97,-3,3
56899,101,89,12,12
56900,170,174,-4,4
56901,68,75,-7,7
56902,121,111,10,10
56903,137,124,13,13
56904,72,66,6,6
56905,109,102,7,7
56906,81,74,7,7
56907,71,72,-1,1
56908,135,131,4,4
56909,105,102,3,3
56910,101,92,9,9
56911,71,77,-6,6
56912,93,92,1,1
56913,75,72,3,3
56914,68,129,-61,61
56915,107,101,6,6
56916,76,74,2,2
56917,127,114,13,13
56918,117,119,-2,2
56919,123,104,19,19
56920,158,157,1,1
56921,96,92,4,4
56922,44,47,-3,3
56923,100,96,4,4
56924,69,71,-2,2
56925,77,87,-10,10
56926,66,74,-8,8
56927,71,65,6,6
56928,117,110,7,7
56929,103,105,-2,2
56930,99,92,7,7
56931,131,125,6,6
56932,50,49,1,1
56933,39,41,-2,2
56934,74,69,5,5
56935,51,54,-3,3
56936,91,95,-4,4
56937,104,107,-3,3
56938,76,75,1,1
56939,126,123,3,3
56940,79,80,-1,1
56941,88,90,-2,2
56942,103,99,4,4
56943,156,140,16,16
56944,153,143,10,10
56945,82,79,3,3
56946,69,75,-6,6
56947,85,90,-5,5
56948,90,100,-10,10
56949,118,105,13,13
56950,113,113,0,0
56951,63,72,-9,9
56952,39,52,-13,13
56953,125,115,10,10
56954,111,131,-20,20
56955,85,83,2,2
56956,69,74,-5,5
56957,164,150,14,14
56958,115,111,4,4
56959,100,114,-14,14
56960,97,92,5,5
56961,76,86,-10,10
56962,109,116,-7,7
56963,122,109,13,13
56964,75,77,-2,2
56965,94,93,1,1
56966,73,67,6,6
56967,138,122,16,16
56968,109,88,21,21
56969,84,92,-8,8
56970,65,61,4,4
56971,97,95,2,2
56972,150,137,13,13
56973,158,151,7,7
56974,74,75,-1,1
56975,64,71,-7,7
56976,102,97,5,5
56977,83,93,-10,10
56978,181,154,27,27
56979,149,136,13,13
56980,67,61,6,6
56981,108,112,-4,4
56982,126,120,6,6
56983,129,118,11,11
56984,123,114,9,9
56985,88,82,6,6
56986,79,86,-7,7
56987,122,102,20,20
56988,88,79,9,9
56989,129,129,0,0
56990,82,77,5,5
56991,72,74,-2,2
56992,116,103,13,13
56993,93,99,-6,6
56994,82,78,4,4
56995,153,148,5,5
56996,169,150,19,19
56997,79,91,-12,12
56998,92,92,0,0
56999,123,116,7,7
57000,75,93,-18,18
57001,162,162,0,0
57002,79,80,-1,1
57003,90,85,5,5
57004,74,85,-11,11
57005,130,123,7,7
57006,128,117,11,11
57007,75,86,-11,11
57008,86,83,3,3
57009,111,108,3,3
57010,100,94,6,6
57011,57,67,-10,10
57012,126,122,4,4
57013,61,66,-5,5
57014,79,82,-3,3
57015,80,68,12,12
57016,49,56,-7,7
57017,83,82,1,1
57018,65,66,-1,1
57019,76,80,-4,4
57020,99,97,2,2
57021,152,133,19,19
57022,74,78,-4,4
57023,90,95,-5,5
57024,116,122,-6,6
57025,150,146,4,4
57026,98,106,-8,8
57027,136,124,12,12
57028,109,103,6,6
57029,131,144,-13,13
57030,44,52,-8,8
57031,52,51,1,1
57032,73,74,-1,1
57033,160,127,33,33
57034,104,97,7,7
57035,71,67,4,4
57036,52,55,-3,3
57037,69,65,4,4
57038,120,107,13,13
57039,51,46,5,5
57040,65,74,-9,9
57041,93,85,8,8
57042,62,77,-15,15
57043,108,100,8,8
57044,86,88,-2,2
57045,65,71,-6,6
57046,151,144,7,7
57047,82,87,-5,5
57048,54,53,1,1
57049,57,63,-6,6
57050,87,86,1,1
57051,75,77,-2,2
57052,76,80,-4,4
57053,144,137,7,7
57054,82,82,0,0
57055,70,68,2,2
57056,65,66,-1,1
57057,130,130,0,0
57058,179,183,-4,4
57059,143,144,-1,1
57060,128,122,6,6
57061,59,60,-1,1
57062,141,128,13,13
57063,91,88,3,3
57064,117,107,10,10
57065,103,101,2,2
57066,102,103,-1,1
57067,150,124,26,26
57068,91,84,7,7
57069,82,87,-5,5
57070,72,65,7,7
57071,146,129,17,17
57072,51,52,-1,1
57073,119,123,-4,4
57074,94,92,2,2
57075,113,99,14,14
57076,115,110,5,5
57077,50,52,-2,2
57078,72,88,-16,16
57079,127,119,8,8
57080,67,89,-22,22
57081,76,76,0,0
57082,96,102,-6,6
57083,137,144,-7,7
57084,189,179,10,10
57085,83,82,1,1
57086,90,93,-3,3
57087,85,82,3,3
57088,99,99,0,0
57089,88,87,1,1
57090,163,154,9,9
57091,78,80,-2,2
57092,63,60,3,3
57093,87,89,-2,2
57094,81,86,-5,5
57095,117,125,-8,8
57096,86,79,7,7
57097,97,95,2,2
57098,120,116,4,4
57099,61,55,6,6
57100,109,112,-3,3
57101,82,81,1,1
57102,98,86,12,12
57103,100,89,11,11
57104,114,103,11,11
57105,61,65,-4,4
57106,88,91,-3,3
57107,75,78,-3,3
57108,96,94,2,2
57109,125,125,0,0
57110,216,195,21,21
57111,91,87,4,4
57112,149,166,-17,17
57113,104,92,12,12
57114,69,74,-5,5
57115,65,67,-2,2
57116,116,101,15,15
57117,66,67,-1,1
57118,53,57,-4,4
57119,61,69,-8,8
57120,106,108,-2,2
57121,118,105,13,13
57122,145,137,8,8
57123,90,82,8,8
57124,76,73,3,3
57125,48,53,-5,5
57126,38,44,-6,6
57127,65,69,-4,4
57128,98,89,9,9
57129,48,60,-12,12
57130,93,94,-1,1
57131,117,117,0,0
57132,66,70,-4,4
57133,110,96,14,14
57134,121,113,8,8
57135,95,88,7,7
57136,81,80,1,1
57137,48,59,-11,11
57138,80,83,-3,3
57139,136,143,-7,7
57140,55,52,3,3
57141,110,96,14,14
57142,104,115,-11,11
57143,89,79,10,10
57144,90,98,-8,8
57145,111,107,4,4
57146,85,93,-8,8
57147,113,110,3,3
57148,100,98,2,2
57149,147,128,19,19
57150,86,94,-8,8
57151,76,80,-4,4
57152,164,141,23,23
57153,130,115,15,15
57154,99,91,8,8
57155,40,45,-5,5
57156,175,172,3,3
57157,148,142,6,6
57158,106,104,2,2
57159,152,147,5,5
57160,91,95,-4,4
57161,98,91,7,7
57162,51,66,-15,15
57163,88,90,-2,2
57164,89,84,5,5
57165,63,62,1,1
57166,84,83,1,1
57167,75,69,6,6
57168,117,101,16,16
57169,111,110,1,1
57170,134,145,-11,11
57171,81,90,-9,9
57172,101,105,-4,4
57173,61,57,4,4
57174,116,112,4,4
57175,77,83,-6,6
57176,121,122,-1,1
57177,101,96,5,5
57178,22,39,-17,17
57179,89,84,5,5
57180,134,132,2,2
57181,132,131,1,1
57182,48,50,-2,2
57183,102,99,3,3
57184,90,87,3,3
57185,89,88,1,1
57186,109,109,0,0
57187,164,146,18,18
57188,93,95,-2,2
57189,93,94,-1,1
57190,63,74,-11,11
57191,99,98,1,1
57192,72,67,5,5
57193,85,81,4,4
57194,76,82,-6,6
57195,85,84,1,1
57196,125,92,33,33
57197,63,65,-2,2
57198,47,56,-9,9
57199,123,120,3,3
57200,88,95,-7,7
57201,75,71,4,4
57202,78,77,1,1
57203,73,64,9,9
57204,113,121,-8,8
57205,88,84,4,4
57206,91,76,15,15
57207,99,98,1,1
57208,92,97,-5,5
57209,102,102,0,0
57210,84,83,1,1
57211,153,144,9,9
57212,117,122,-5,5
57213,61,62,-1,1
57214,81,80,1,1
57215,148,140,8,8
57216,88,74,14,14
57217,109,105,4,4
57218,124,116,8,8
57219,44,57,-13,13
57220,75,78,-3,3
57221,107,110,-3,3
57222,74,79,-5,5
57223,75,67,8,8
57224,97,87,10,10
57225,95,84,11,11
57226,72,66,6,6
57227,71,67,4,4
57228,100,97,3,3
57229,110,95,15,15
57230,67,59,8,8
57231,59,58,1,1
57232,162,144,18,18
57233,97,96,1,1
57234,66,71,-5,5
57235,87,82,5,5
57236,142,132,10,10
57237,77,81,-4,4
57238,61,58,3,3
57239,61,111,-50,50
57240,131,119,12,12
57241,84,86,-2,2
57242,77,81,-4,4
57243,60,61,-1,1
57244,77,81,-4,4
57245,47,52,-5,5
57246,71,77,-6,6
57247,118,118,0,0
57248,105,114,-9,9
57249,137,124,13,13
57250,48,67,-19,19
57251,81,83,-2,2
57252,105,95,10,10
57253,107,104,3,3
57254,149,139,10,10
57255,88,84,4,4
57256,104,96,8,8
57257,130,109,21,21
57258,118,117,1,1
57259,50,67,-17,17
57260,113,102,11,11
57261,48,49,-1,1
57262,105,104,1,1
57263,63,74,-11,11
57264,63,67,-4,4
57265,65,72,-7,7
57266,105,104,1,1
57267,38,44,-6,6
57268,57,61,-4,4
57269,94,89,5,5
57270,87,80,7,7
57271,68,71,-3,3
57272,66,77,-11,11
57273,87,90,-3,3
57274,121,109,12,12
57275,104,94,10,10
57276,124,125,-1,1
57277,158,137,21,21
57278,30,41,-11,11
57279,101,116,-15,15
57280,86,77,9,9
57281,93,88,5,5
57282,123,134,-11,11
57283,102,89,13,13
57284,142,152,-10,10
57285,61,77,-16,16
57286,75,80,-5,5
57287,125,125,0,0
57288,95,88,7,7
57289,171,158,13,13
57290,96,124,-28,28
57291,123,119,4,4
57292,106,110,-4,4
57293,62,65,-3,3
57294,87,84,3,3
57295,57,61,-4,4
57296,56,48,8,8
57297,124,112,12,12
57298,81,79,2,2
57299,109,94,15,15
57300,165,164,1,1
57301,171,164,7,7
57302,104,100,4,4
57303,59,66,-7,7
57304,40,47,-7,7
57305,74,91,-17,17
57306,127,119,8,8
57307,73,81,-8,8
57308,130,119,11,11
57309,47,64,-17,17
57310,59,65,-6,6
57311,156,136,20,20
57312,101,89,12,12
57313,89,79,10,10
57314,95,93,2,2
57315,60,70,-10,10
57316,91,91,0,0
57317,74,74,0,0
57318,160,144,16,16
57319,114,107,7,7
57320,148,139,9,9
57321,80,73,7,7
57322,24,38,-14,14
57323,52,54,-2,2
57324,259,224,35,35
57325,44,48,-4,4
57326,149,140,9,9
57327,57,64,-7,7
57328,126,125,1,1
57329,142,126,16,16
57330,111,113,-2,2
57331,167,152,15,15
57332,76,77,-1,1
57333,69,67,2,2
57334,110,113,-3,3
57335,92,111,-19,19
57336,99,85,14,14
57337,95,93,2,2
57338,114,103,11,11
57339,91,94,-3,3
57340,104,99,5,5
57341,84,86,-2,2
57342,164,144,20,20
57343,44,53,-9,9
57344,75,71,4,4
57345,95,94,1,1
57346,27,41,-14,14
57347,81,83,-2,2
57348,72,74,-2,2
57349,100,93,7,7
57350,131,114,17,17
57351,61,70,-9,9
57352,89,86,3,3
57353,65,70,-5,5
57354,53,65,-12,12
57355,103,107,-4,4
57356,129,121,8,8
57357,114,99,15,15
57358,102,97,5,5
57359,87,92,-5,5
57360,77,70,7,7
57361,72,75,-3,3
57362,71,77,-6,6
57363,67,60,7,7
57364,116,112,4,4
57365,102,93,9,9
57366,83,76,7,7
57367,55,54,1,1
57368,71,85,-14,14
57369,84,79,5,5
57370,98,94,4,4
57371,101,85,16,16
57372,82,72,10,10
57373,117,114,3,3
57374,126,126,0,0
57375,66,73,-7,7
57376,81,86,-5,5
57377,189,188,1,1
57378,90,80,10,10
57379,86,81,5,5
57380,107,96,11,11
57381,117,128,-11,11
57382,54,55,-1,1
57383,81,88,-7,7
57384,85,82,3,3
57385,88,93,-5,5
57386,57,65,-8,8
57387,103,100,3,3
57388,103,96,7,7
57389,95,89,6,6
57390,107,104,3,3
57391,91,88,3,3
57392,111,121,-10,10
57393,200,181,19,19
57394,83,86,-3,3
57395,86,80,6,6
57396,80,82,-2,2
57397,109,113,-4,4
57398,69,70,-1,1
57399,78,74,4,4
57400,70,80,-10,10
57401,77,77,0,0
57402,69,65,4,4
57403,96,85,11,11
57404,121,137,-16,16
57405,90,93,-3,3
57406,152,138,14,14
57407,91,84,7,7
57408,89,85,4,4
57409,104,96,8,8
57410,88,75,13,13
57411,113,105,8,8
57412,81,90,-9,9
57413,92,80,12,12
57414,112,97,15,15
57415,113,116,-3,3
57416,119,103,16,16
57417,68,68,0,0
57418,183,155,28,28
57419,154,139,15,15
57420,115,116,-1,1
57421,173,183,-10,10
57422,108,99,9,9
57423,124,125,-1,1
57424,71,63,8,8
57425,84,78,6,6
57426,80,88,-8,8
57427,90,98,-8,8
57428,74,68,6,6
57429,89,79,10,10
57430,81,92,-11,11
57431,100,86,14,14
57432,136,129,7,7
57433,55,56,-1,1
57434,105,104,1,1
57435,77,75,2,2
57436,192,185,7,7
57437,99,87,12,12
57438,90,86,4,4
57439,134,120,14,14
57440,113,108,5,5
57441,90,82,8,8
57442,150,130,20,20
57443,52,53,-1,1
57444,102,97,5,5
57445,55,51,4,4
57446,110,107,3,3
57447,57,57,0,0
57448,57,64,-7,7
57449,97,91,6,6
57450,117,119,-2,2
57451,83,88,-5,5
57452,121,111,10,10
57453,58,65,-7,7
57454,101,98,3,3
57455,63,64,-1,1
57456,105,104,1,1
57457,94,87,7,7
57458,138,128,10,10
57459,62,63,-1,1
57460,113,112,1,1
57461,50,60,-10,10
57462,90,89,1,1
57463,135,131,4,4
57464,68,59,9,9
57465,94,93,1,1
57466,63,65,-2,2
57467,179,151,28,28
57468,78,74,4,4
57469,197,166,31,31
57470,124,120,4,4
57471,115,120,-5,5
57472,105,101,4,4
57473,135,133,2,2
57474,59,61,-2,2
57475,75,89,-14,14
57476,131,123,8,8
57477,125,122,3,3
57478,82,90,-8,8
57479,193,175,18,18
57480,23,38,-15,15
57481,67,66,1,1
57482,204,185,19,19
57483,78,85,-7,7
57484,95,100,-5,5
57485,143,139,4,4
57486,69,67,2,2
57487,78,76,2,2
57488,185,177,8,8
57489,60,64,-4,4
57490,93,84,9,9
57491,49,51,-2,2
57492,151,131,20,20
57493,93,90,3,3
57494,109,95,14,14
57495,58,58,0,0
57496,132,113,19,19
57497,85,77,8,8
57498,118,95,23,23
57499,69,75,-6,6
57500,76,80,-4,4
57501,68,74,-6,6
57502,68,72,-4,4
57503,103,112,-9,9
57504,116,107,9,9
57505,189,158,31,31
57506,64,70,-6,6
57507,54,52,2,2
57508,99,98,1,1
57509,140,122,18,18
57510,52,52,0,0
57511,144,138,6,6
57512,96,91,5,5
57513,60,86,-26,26
57514,131,125,6,6
57515,101,106,-5,5
57516,21,59,-38,38
57517,77,77,0,0
57518,94,94,0,0
57519,64,65,-1,1
57520,77,69,8,8
57521,89,87,2,2
57522,68,67,1,1
57523,100,87,13,13
57524,94,87,7,7
57525,99,94,5,5
57526,104,106,-2,2
57527,76,73,3,3
57528,41,48,-7,7
57529,89,79,10,10
57530,159,133,26,26
57531,145,125,20,20
57532,89,82,7,7
57533,117,116,1,1
57534,56,68,-12,12
57535,112,105,7,7
57536,59,59,0,0
57537,54,56,-2,2
57538,83,77,6,6
57539,70,73,-3,3
57540,64,65,-1,1
57541,134,127,7,7
57542,107,116,-9,9
57543,81,82,-1,1
57544,117,118,-1,1
57545,123,121,2,2
57546,114,100,14,14
57547,173,156,17,17
57548,79,69,10,10
57549,117,104,13,13
57550,32,43,-11,11
57551,87,81,6,6
57552,189,180,9,9
57553,70,79,-9,9
57554,155,131,24,24
57555,81,83,-2,2
57556,168,159,9,9
57557,114,107,7,7
57558,153,155,-2,2
57559,124,108,16,16
57560,51,47,4,4
57561,105,106,-1,1
57562,101,112,-11,11
57563,86,86,0,0
57564,129,119,10,10
57565,122,109,13,13
57566,149,133,16,16
57567,85,81,4,4
57568,73,69,4,4
57569,66,70,-4,4
57570,180,156,24,24
57571,33,45,-12,12
57572,70,76,-6,6
57573,101,107,-6,6
57574,89,93,-4,4
57575,120,116,4,4
57576,121,113,8,8
57577,91,93,-2,2
57578,90,87,3,3
57579,121,116,5,5
57580,154,150,4,4
57581,110,105,5,5
57582,65,59,6,6
57583,107,117,-10,10
57584,141,130,11,11
57585,61,65,-4,4
57586,119,115,4,4
57587,135,129,6,6
57588,185,156,29,29
57589,46,50,-4,4
57590,89,90,-1,1
57591,134,124,10,10
57592,102,94,8,8
57593,138,134,4,4
57594,104,96,8,8
57595,176,158,18,18
57596,112,102,10,10
57597,135,127,8,8
57598,119,110,9,9
57599,82,74,8,8
57600,99,100,-1,1
57601,119,106,13,13
57602,98,108,-10,10
57603,96,98,-2,2
57604,90,95,-5,5
57605,81,73,8,8
57606,65,67,-2,2
57607,120,110,10,10
57608,90,83,7,7
57609,80,86,-6,6
57610,81,88,-7,7
57611,78,96,-18,18
57612,82,78,4,4
57613,155,130,25,25
57614,77,74,3,3
57615,116,115,1,1
57616,78,78,0,0
57617,69,67,2,2
57618,64,67,-3,3
57619,88,87,1,1
57620,56,63,-7,7
57621,62,70,-8,8
57622,49,61,-12,12
57623,120,103,17,17
57624,154,141,13,13
57625,86,87,-1,1
57626,61,68,-7,7
57627,66,67,-1,1
57628,145,122,23,23
57629,83,87,-4,4
57630,136,124,12,12
57631,88,95,-7,7
57632,71,92,-21,21
57633,93,88,5,5
57634,97,92,5,5
57635,94,87,7,7
57636,97,98,-1,1
57637,57,65,-8,8
57638,142,139,3,3
57639,119,112,7,7
57640,87,90,-3,3
57641,131,132,-1,1
57642,119,121,-2,2
57643,76,75,1,1
57644,55,51,4,4
57645,106,98,8,8
57646,70,77,-7,7
57647,103,98,5,5
57648,96,82,14,14
57649,150,144,6,6
57650,128,127,1,1
57651,38,46,-8,8
57652,65,78,-13,13
57653,79,73,6,6
57654,96,89,7,7
57655,88,85,3,3
57656,185,195,-10,10
57657,81,76,5,5
57658,151,135,16,16
57659,94,94,0,0
57660,72,72,0,0
57661,110,101,9,9
57662,109,100,9,9
57663,80,72,8,8
57664,68,70,-2,2
57665,111,97,14,14
57666,67,72,-5,5
57667,95,88,7,7
57668,114,110,4,4
57669,51,55,-4,4
57670,111,105,6,6
57671,118,102,16,16
57672,157,131,26,26
57673,82,85,-3,3
57674,119,96,23,23
57675,73,76,-3,3
57676,88,81,7,7
57677,46,47,-1,1
57678,61,64,-3,3
57679,81,83,-2,2
57680,117,112,5,5
57681,87,85,2,2
57682,71,64,7,7
57683,70,70,0,0
57684,98,108,-10,10
57685,89,87,2,2
57686,100,89,11,11
57687,124,109,15,15
57688,166,152,14,14
57689,90,83,7,7
57690,43,47,-4,4
57691,175,151,24,24
57692,104,108,-4,4
57693,180,169,11,11
57694,57,52,5,5
57695,36,47,-11,11
57696,144,144,0,0
57697,136,125,11,11
57698,56,59,-3,3
57699,93,95,-2,2
57700,91,89,2,2
57701,98,95,3,3
57702,82,67,15,15
57703,101,110,-9,9
57704,113,109,4,4
57705,53,65,-12,12
57706,55,57,-2,2
57707,120,108,12,12
57708,105,94,11,11
57709,71,75,-4,4
57710,78,77,1,1
57711,165,160,5,5
57712,82,82,0,0
57713,126,113,13,13
57714,114,106,8,8
57715,143,131,12,12
57716,118,117,1,1
57717,94,98,-4,4
57718,41,46,-5,5
57719,67,66,1,1
57720,83,80,3,3
57721,119,101,18,18
57722,62,66,-4,4
57723,55,52,3,3
57724,95,92,3,3
57725,91,92,-1,1
57726,68,70,-2,2
57727,144,141,3,3
57728,64,67,-3,3
57729,43,62,-19,19
57730,81,85,-4,4
57731,94,78,16,16
57732,77,77,0,0
57733,167,164,3,3
57734,51,57,-6,6
57735,117,103,14,14
57736,93,90,3,3
57737,71,74,-3,3
57738,64,68,-4,4
57739,168,150,18,18
57740,98,93,5,5
57741,38,42,-4,4
57742,124,113,11,11
57743,104,109,-5,5
57744,45,47,-2,2
57745,36,46,-10,10
57746,82,82,0,0
57747,120,106,14,14
57748,108,111,-3,3
57749,43,50,-7,7
57750,85,81,4,4
57751,146,133,13,13
57752,82,95,-13,13
57753,115,102,13,13
57754,98,85,13,13
57755,87,80,7,7
57756,124,120,4,4
57757,86,86,0,0
57758,92,107,-15,15
57759,109,90,19,19
57760,125,115,10,10
57761,140,144,-4,4
57762,84,96,-12,12
57763,66,71,-5,5
57764,131,113,18,18
57765,81,73,8,8
57766,88,84,4,4
57767,143,149,-6,6
57768,74,81,-7,7
57769,118,121,-3,3
57770,56,64,-8,8
57771,61,65,-4,4
57772,112,112,0,0
57773,119,106,13,13
57774,102,94,8,8
57775,101,119,-18,18
57776,71,71,0,0
57777,118,114,4,4
57778,119,127,-8,8
57779,83,88,-5,5
57780,133,117,16,16
57781,57,55,2,2
57782,87,82,5,5
57783,6,30,-24,24
57784,76,89,-13,13
57785,124,114,10,10
57786,28,39,-11,11
57787,65,65,0,0
57788,86,75,11,11
57789,111,112,-1,1
57790,59,66,-7,7
57791,94,90,4,4
57792,97,110,-13,13
57793,115,115,0,0
57794,75,76,-1,1
57795,144,130,14,14
57796,86,95,-9,9
57797,74,74,0,0
57798,102,102,0,0
57799,79,73,6,6
57800,99,91,8,8
57801,140,148,-8,8
57802,101,99,2,2
57803,156,140,16,16
57804,92,87,5,5
57805,70,73,-3,3
57806,59,75,-16,16
57807,116,108,8,8
57808,138,127,11,11
57809,136,135,1,1
57810,61,65,-4,4
57811,53,56,-3,3
57812,79,76,3,3
57813,90,86,4,4
57814,127,115,12,12
57815,177,148,29,29
57816,110,117,-7,7
57817,129,124,5,5
57818,106,121,-15,15
57819,74,75,-1,1
57820,154,149,5,5
57821,129,124,5,5
57822,73,73,0,0
57823,77,85,-8,8
57824,84,89,-5,5
57825,103,96,7,7
57826,90,115,-25,25
57827,109,104,5,5
57828,68,63,5,5
57829,72,67,5,5
57830,105,113,-8,8
57831,65,67,-2,2
57832,95,88,7,7
57833,133,127,6,6
57834,103,90,13,13
57835,107,109,-2,2
57836,79,75,4,4
57837,116,106,10,10
57838,91,85,6,6
57839,72,84,-12,12
57840,66,84,-18,18
57841,147,133,14,14
57842,90,99,-9,9
57843,192,198,-6,6
57844,98,112,-14,14
57845,105,100,5,5
57846,44,49,-5,5
57847,102,88,14,14
57848,82,87,-5,5
57849,107,101,6,6
57850,102,100,2,2
57851,135,118,17,17
57852,157,138,19,19
57853,61,53,8,8
57854,155,141,14,14
57855,121,124,-3,3
57856,77,73,4,4
57857,142,132,10,10
57858,95,87,8,8
57859,104,95,9,9
57860,77,81,-4,4
57861,135,126,9,9
57862,101,97,4,4
57863,65,65,0,0
57864,108,102,6,6
57865,46,51,-5,5
57866,196,187,9,9
57867,83,81,2,2
57868,92,82,10,10
57869,66,61,5,5
57870,87,80,7,7
57871,76,73,3,3
57872,24,56,-32,32
57873,94,99,-5,5
57874,85,73,12,12
57875,147,188,-41,41
57876,104,110,-6,6
57877,97,91,6,6
57878,159,138,21,21
57879,103,98,5,5
57880,114,113,1,1
57881,133,131,2,2
57882,66,66,0,0
57883,101,102,-1,1
57884,71,70,1,1
57885,85,82,3,3
57886,87,76,11,11
57887,116,97,19,19
57888,88,77,11,11
57889,64,60,4,4
57890,48,49,-1,1
57891,55,57,-2,2
57892,61,86,-25,25
57893,86,95,-9,9
57894,56,55,1,1
57895,58,52,6,6
57896,77,78,-1,1
57897,70,73,-3,3
57898,78,84,-6,6
57899,136,123,13,13
57900,69,70,-1,1
57901,68,66,2,2
57902,102,94,8,8
57903,67,67,0,0
57904,82,79,3,3
57905,54,51,3,3
57906,70,78,-8,8
57907,83,75,8,8
57908,129,115,14,14
57909,43,44,-1,1
57910,46,65,-19,19
57911,119,116,3,3
57912,50,53,-3,3
57913,76,77,-1,1
57914,168,154,14,14
57915,83,82,1,1
57916,116,100,16,16
57917,121,128,-7,7
57918,96,101,-5,5
57919,126,126,0,0
57920,86,84,2,2
57921,85,76,9,9
57922,93,77,16,16
57923,52,58,-6,6
57924,129,122,7,7
57925,87,80,7,7
57926,38,47,-9,9
57927,61,78,-17,17
57928,77,76,1,1
57929,73,68,5,5
57930,143,146,-3,3
57931,59,65,-6,6
57932,57,64,-7,7
57933,64,72,-8,8
57934,140,130,10,10
57935,109,113,-4,4
57936,91,89,2,2
57937,64,71,-7,7
57938,105,88,17,17
57939,121,107,14,14
57940,65,61,4,4
57941,80,82,-2,2
57942,75,73,2,2
57943,90,80,10,10
57944,93,97,-4,4
57945,60,67,-7,7
57946,75,76,-1,1
57947,97,97,0,0
57948,130,116,14,14
57949,111,99,12,12
57950,82,73,9,9
57951,102,97,5,5
57952,72,70,2,2
57953,180,176,4,4
57954,71,80,-9,9
57955,92,89,3,3
57956,109,103,6,6
57957,113,103,10,10
57958,117,111,6,6
57959,105,102,3,3
57960,85,81,4,4
57961,75,66,9,9
57962,77,75,2,2
57963,79,78,1,1
57964,106,99,7,7
57965,52,65,-13,13
57966,107,83,24,24
57967,89,89,0,0
57968,150,140,10,10
57969,84,84,0,0
57970,78,82,-4,4
57971,124,109,15,15
57972,58,58,0,0
57973,110,107,3,3
57974,108,109,-1,1
57975,95,104,-9,9
57976,139,122,17,17
57977,92,91,1,1
57978,63,72,-9,9
57979,81,84,-3,3
57980,103,88,15,15
57981,75,73,2,2
57982,75,90,-15,15
57983,125,115,10,10
57984,98,99,-1,1
57985,101,99,2,2
57986,73,84,-11,11
57987,95,90,5,5
57988,120,108,12,12
57989,90,102,-12,12
57990,178,155,23,23
57991,111,113,-2,2
57992,90,90,0,0
57993,91,76,15,15
57994,92,80,12,12
57995,77,78,-1,1
57996,87,79,8,8
57997,121,118,3,3
57998,99,87,12,12
57999,119,119,0,0
58000,85,90,-5,5
58001,102,102,0,0
58002,102,97,5,5
58003,68,66,2,2
58004,159,135,24,24
58005,91,74,17,17
58006,85,89,-4,4
58007,77,83,-6,6
58008,136,131,5,5
58009,182,160,22,22
58010,101,95,6,6
58011,63,56,7,7
58012,89,100,-11,11
58013,78,76,2,2
58014,104,98,6,6
58015,113,108,5,5
58016,88,92,-4,4
58017,87,81,6,6
58018,182,162,20,20
58019,97,92,5,5
58020,123,118,5,5
58021,93,118,-25,25
58022,77,64,13,13
58023,87,82,5,5
58024,71,71,0,0
58025,60,59,1,1
58026,95,100,-5,5
58027,92,83,9,9
58028,78,74,4,4
58029,84,88,-4,4
58030,153,138,15,15
58031,140,142,-2,2
58032,99,83,16,16
58033,57,56,1,1
58034,83,87,-4,4
58035,79,77,2,2
58036,87,88,-1,1
58037,85,104,-19,19
58038,80,79,1,1
58039,69,74,-5,5
58040,68,71,-3,3
58041,94,99,-5,5
58042,79,84,-5,5
58043,115,109,6,6
58044,59,64,-5,5
58045,183,180,3,3
58046,64,67,-3,3
58047,109,97,12,12
58048,54,51,3,3
58049,62,63,-1,1
58050,69,80,-11,11
58051,62,55,7,7
58052,71,71,0,0
58053,140,130,10,10
58054,73,72,1,1
58055,124,119,5,5
58056,86,88,-2,2
58057,142,149,-7,7
58058,170,160,10,10
58059,69,67,2,2
58060,124,121,3,3
58061,123,124,-1,1
58062,104,85,19,19
58063,65,74,-9,9
58064,110,104,6,6
58065,80,82,-2,2
58066,66,66,0,0
58067,96,90,6,6
58068,116,116,0,0
58069,74,75,-1,1
58070,59,65,-6,6
58071,64,56,8,8
58072,115,115,0,0
58073,89,83,6,6
58074,136,118,18,18
58075,51,52,-1,1
58076,73,71,2,2
58077,68,88,-20,20
58078,116,112,4,4
58079,135,138,-3,3
58080,29,39,-10,10
58081,96,84,12,12
58082,38,73,-35,35
58083,170,167,3,3
58084,125,121,4,4
58085,160,144,16,16
58086,108,112,-4,4
58087,144,135,9,9
58088,70,65,5,5
58089,100,96,4,4
58090,62,62,0,0
58091,129,119,10,10
58092,99,89,10,10
58093,93,101,-8,8
58094,108,91,17,17
58095,59,59,0,0
58096,43,55,-12,12
58097,119,103,16,16
58098,71,66,5,5
58099,147,155,-8,8
58100,60,56,4,4
58101,79,90,-11,11
58102,64,68,-4,4
58103,73,73,0,0
58104,105,104,1,1
58105,80,75,5,5
58106,79,82,-3,3
58107,90,84,6,6
58108,89,78,11,11
58109,73,69,4,4
58110,113,113,0,0
58111,78,85,-7,7
58112,63,80,-17,17
58113,142,127,15,15
58114,145,150,-5,5
58115,95,92,3,3
58116,101,99,2,2
58117,126,110,16,16
58118,154,134,20,20
58119,184,151,33,33
58120,116,117,-1,1
58121,84,85,-1,1
58122,129,131,-2,2
58123,74,73,1,1
58124,97,89,8,8
58125,88,104,-16,16
58126,102,103,-1,1
58127,69,68,1,1
58128,73,79,-6,6
58129,77,69,8,8
58130,98,97,1,1
58131,78,80,-2,2
58132,108,86,22,22
58133,78,78,0,0
58134,86,94,-8,8
58135,70,67,3,3
58136,70,75,-5,5
58137,78,75,3,3
58138,81,75,6,6
58139,55,64,-9,9
58140,37,45,-8,8
58141,80,79,1,1
58142,68,66,2,2
58143,130,129,1,1
58144,100,93,7,7
58145,71,76,-5,5
58146,97,91,6,6
58147,147,139,8,8
58148,93,92,1,1
58149,165,160,5,5
58150,70,75,-5,5
58151,59,67,-8,8
58152,46,51,-5,5
58153,132,112,20,20
58154,90,73,17,17
58155,208,188,20,20
58156,124,127,-3,3
58157,92,97,-5,5
58158,75,72,3,3
58159,103,98,5,5
58160,47,55,-8,8
58161,72,61,11,11
58162,65,67,-2,2
58163,107,110,-3,3
58164,131,128,3,3
58165,67,74,-7,7
58166,119,113,6,6
58167,63,68,-5,5
58168,153,135,18,18
58169,72,77,-5,5
58170,131,142,-11,11
58171,92,88,4,4
58172,70,70,0,0
58173,93,98,-5,5
58174,48,65,-17,17
58175,75,69,6,6
58176,185,175,10,10
58177,90,85,5,5
58178,53,51,2,2
58179,130,124,6,6
58180,139,136,3,3
58181,92,94,-2,2
58182,77,100,-23,23
58183,130,115,15,15
58184,88,78,10,10
58185,68,77,-9,9
58186,144,120,24,24
58187,73,73,0,0
58188,136,132,4,4
58189,115,107,8,8
58190,79,83,-4,4
58191,97,94,3,3
58192,70,68,2,2
58193,76,81,-5,5
58194,110,105,5,5
58195,103,106,-3,3
58196,106,102,4,4
58197,82,81,1,1
58198,82,86,-4,4
58199,64,66,-2,2
58200,108,106,2,2
58201,162,150,12,12
58202,64,66,-2,2
58203,42,47,-5,5
58204,128,123,5,5
58205,93,82,11,11
58206,83,82,1,1
58207,75,65,10,10
58208,113,101,12,12
58209,131,118,13,13
58210,70,64,6,6
58211,82,84,-2,2
58212,53,57,-4,4
58213,92,94,-2,2
58214,123,110,13,13
58215,132,122,10,10
58216,71,72,-1,1
58217,83,84,-1,1
58218,52,52,0,0
58219,102,97,5,5
58220,51,56,-5,5
58221,90,81,9,9
58222,121,126,-5,5
58223,125,121,4,4
58224,66,64,2,2
58225,99,103,-4,4
58226,71,81,-10,10
58227,103,99,4,4
58228,87,90,-3,3
58229,130,128,2,2
58230,74,74,0,0
58231,171,150,21,21
58232,146,120,26,26
58233,81,79,2,2
58234,72,65,7,7
58235,81,94,-13,13
58236,58,67,-9,9
58237,111,101,10,10
58238,148,138,10,10
58239,76,74,2,2
58240,78,73,5,5
58241,91,91,0,0
58242,91,90,1,1
58243,70,73,-3,3
58244,155,130,25,25
58245,89,102,-13,13
58246,55,51,4,4
58247,97,84,13,13
58248,71,70,1,1
58249,134,134,0,0
58250,85,78,7,7
58251,76,74,2,2
58252,98,103,-5,5
58253,51,58,-7,7
58254,111,102,9,9
58255,59,65,-6,6
58256,112,106,6,6
58257,43,46,-3,3
58258,122,108,14,14
58259,62,87,-25,25
58260,57,57,0,0
58261,94,99,-5,5
58262,92,87,5,5
58263,113,115,-2,2
58264,125,113,12,12
58265,98,98,0,0
58266,58,69,-11,11
58267,110,98,12,12
58268,69,71,-2,2
58269,57,69,-12,12
58270,54,50,4,4
58271,69,68,1,1
58272,84,90,-6,6
58273,81,90,-9,9
58274,72,77,-5,5
58275,120,105,15,15
58276,59,66,-7,7
58277,121,107,14,14
58278,54,62,-8,8
58279,62,65,-3,3
58280,83,77,6,6
58281,85,78,7,7
58282,102,104,-2,2
58283,109,94,15,15
58284,128,133,-5,5
58285,128,111,17,17
58286,155,114,41,41
58287,75,76,-1,1
58288,44,40,4,4
58289,106,102,4,4
58290,122,105,17,17
58291,99,93,6,6
58292,76,77,-1,1
58293,93,84,9,9
58294,59,60,-1,1
58295,115,104,11,11
58296,147,133,14,14
58297,104,106,-2,2
58298,56,58,-2,2
58299,119,113,6,6
58300,92,90,2,2
58301,55,58,-3,3
58302,70,63,7,7
58303,79,79,0,0
58304,106,101,5,5
58305,141,124,17,17
58306,142,132,10,10
58307,100,102,-2,2
58308,71,70,1,1
58309,37,44,-7,7
58310,58,58,0,0
58311,107,109,-2,2
58312,104,97,7,7
58313,125,118,7,7
58314,95,120,-25,25
58315,164,149,15,15
58316,45,57,-12,12
58317,86,80,6,6
58318,101,96,5,5
58319,117,104,13,13
58320,85,96,-11,11
58321,60,63,-3,3
58322,141,145,-4,4
58323,101,100,1,1
58324,113,97,16,16
58325,108,108,0,0
58326,86,80,6,6
58327,121,109,12,12
58328,165,174,-9,9
58329,58,58,0,0
58330,165,159,6,6
58331,99,99,0,0
58332,77,83,-6,6
58333,120,112,8,8
58334,132,120,12,12
58335,138,120,18,18
58336,104,123,-19,19
58337,59,55,4,4
58338,68,66,2,2
58339,76,78,-2,2
58340,81,86,-5,5
58341,126,118,8,8
58342,125,92,33,33
58343,39,41,-2,2
58344,103,89,14,14
58345,64,71,-7,7
58346,120,111,9,9
58347,53,58,-5,5
58348,81,74,7,7
58349,128,117,11,11
58350,75,76,-1,1
58351,67,58,9,9
58352,158,135,23,23
58353,77,89,-12,12
58354,140,136,4,4
58355,75,83,-8,8
58356,114,111,3,3
58357,82,78,4,4
58358,96,98,-2,2
58359,142,123,19,19
58360,84,94,-10,10
58361,84,67,17,17
58362,69,68,1,1
58363,63,62,1,1
58364,83,86,-3,3
58365,136,132,4,4
58366,107,97,10,10
58367,95,94,1,1
58368,157,135,22,22
58369,89,90,-1,1
58370,85,81,4,4
58371,102,99,3,3
58372,103,105,-2,2
58373,88,83,5,5
58374,100,92,8,8
58375,69,66,3,3
58376,84,74,10,10
58377,32,44,-12,12
58378,52,52,0,0
58379,156,143,13,13
58380,71,62,9,9
58381,114,117,-3,3
58382,83,85,-2,2
58383,81,82,-1,1
58384,164,138,26,26
58385,109,103,6,6
58386,89,96,-7,7
58387,125,103,22,22
58388,82,74,8,8
58389,73,76,-3,3
58390,117,134,-17,17
58391,69,73,-4,4
58392,98,92,6,6
58393,114,99,15,15
58394,86,83,3,3
58395,112,97,15,15
58396,96,99,-3,3
58397,113,105,8,8
58398,86,92,-6,6
58399,130,121,9,9
58400,80,75,5,5
58401,134,127,7,7
58402,158,154,4,4
58403,59,58,1,1
58404,55,59,-4,4
58405,87,86,1,1
58406,42,47,-5,5
58407,76,75,1,1
58408,62,56,6,6
58409,119,112,7,7
58410,103,101,2,2
58411,172,170,2,2
58412,134,128,6,6
58413,68,67,1,1
58414,62,58,4,4
58415,57,64,-7,7
58416,147,130,17,17
58417,93,88,5,5
58418,116,109,7,7
58419,161,151,10,10
58420,79,91,-12,12
58421,148,141,7,7
58422,118,110,8,8
58423,46,57,-11,11
58424,130,126,4,4
58425,163,145,18,18
58426,56,61,-5,5
58427,74,69,5,5
58428,66,76,-10,10
58429,84,70,14,14
58430,76,83,-7,7
58431,88,84,4,4
58432,69,70,-1,1
58433,60,65,-5,5
58434,75,74,1,1
58435,164,148,16,16
58436,71,81,-10,10
58437,125,100,25,25
58438,86,90,-4,4
58439,62,59,3,3
58440,82,78,4,4
58441,55,56,-1,1
58442,58,76,-18,18
58443,52,63,-11,11
58444,107,97,10,10
58445,82,91,-9,9
58446,118,113,5,5
58447,104,94,10,10
58448,65,65,0,0
58449,148,155,-7,7
58450,104,104,0,0
58451,189,176,13,13
58452,126,125,1,1
58453,92,90,2,2
58454,122,114,8,8
58455,75,78,-3,3
58456,99,95,4,4
58457,99,90,9,9
58458,154,150,4,4
58459,89,94,-5,5
58460,145,138,7,7
58461,81,71,10,10
58462,146,151,-5,5
58463,171,165,6,6
58464,52,54,-2,2
58465,81,73,8,8
58466,102,96,6,6
58467,137,145,-8,8
58468,43,46,-3,3
58469,93,98,-5,5
58470,62,62,0,0
58471,110,95,15,15
58472,78,70,8,8
58473,112,116,-4,4
58474,64,68,-4,4
58475,52,52,0,0
58476,51,72,-21,21
58477,71,78,-7,7
58478,62,64,-2,2
58479,54,49,5,5
58480,81,66,15,15
58481,156,130,26,26
58482,76,74,2,2
58483,74,66,8,8
58484,63,70,-7,7
58485,59,50,9,9
58486,45,45,0,0
58487,127,105,22,22
58488,110,100,10,10
58489,68,68,0,0
58490,89,85,4,4
58491,64,63,1,1
58492,116,119,-3,3
58493,68,71,-3,3
58494,211,200,11,11
58495,93,87,6,6
58496,79,79,0,0
58497,84,81,3,3
58498,73,67,6,6
58499,82,75,7,7
58500,80,92,-12,12
58501,75,77,-2,2
58502,83,85,-2,2
58503,123,116,7,7
58504,52,49,3,3
58505,133,119,14,14
58506,90,87,3,3
58507,70,69,1,1
58508,74,80,-6,6
58509,84,86,-2,2
58510,90,92,-2,2
58511,92,93,-1,1
58512,55,67,-12,12
58513,62,63,-1,1
58514,120,115,5,5
58515,84,80,4,4
58516,83,75,8,8
58517,95,106,-11,11
58518,79,74,5,5
58519,89,91,-2,2
58520,149,137,12,12
58521,81,108,-27,27
58522,91,94,-3,3
58523,87,76,11,11
58524,76,75,1,1
58525,45,49,-4,4
58526,226,210,16,16
58527,125,114,11,11
58528,148,157,-9,9
58529,60,65,-5,5
58530,134,127,7,7
58531,165,150,15,15
58532,129,116,13,13
58533,65,61,4,4
58534,89,88,1,1
58535,95,94,1,1
58536,83,80,3,3
58537,79,76,3,3
58538,111,99,12,12
58539,83,78,5,5
58540,121,117,4,4
58541,97,95,2,2
58542,114,110,4,4
58543,55,52,3,3
58544,118,108,10,10
58545,95,91,4,4
58546,80,80,0,0
58547,112,112,0,0
58548,127,117,10,10
58549,140,129,11,11
58550,100,164,-64,64
58551,50,56,-6,6
58552,130,125,5,5
58553,77,78,-1,1
58554,86,93,-7,7
58555,117,97,20,20
58556,163,153,10,10
58557,78,74,4,4
58558,118,109,9,9
58559,110,111,-1,1
58560,93,82,11,11
58561,76,90,-14,14
58562,71,64,7,7
58563,85,86,-1,1
58564,39,45,-6,6
58565,77,81,-4,4
58566,57,54,3,3
58567,68,68,0,0
58568,74,71,3,3
58569,80,74,6,6
58570,86,88,-2,2
58571,55,56,-1,1
58572,129,101,28,28
58573,181,182,-1,1
58574,71,71,0,0
58575,106,125,-19,19
58576,43,45,-2,2
58577,157,152,5,5
58578,68,68,0,0
58579,134,122,12,12
58580,137,138,-1,1
58581,71,73,-2,2
58582,48,48,0,0
58583,45,50,-5,5
58584,75,76,-1,1
58585,67,79,-12,12
58586,108,96,12,12
58587,81,77,4,4
58588,94,95,-1,1
58589,229,210,19,19
58590,58,65,-7,7
58591,75,76,-1,1
58592,97,113,-16,16
58593,142,137,5,5
58594,196,158,38,38
58595,78,80,-2,2
58596,101,107,-6,6
58597,100,94,6,6
58598,82,74,8,8
58599,100,95,5,5
58600,81,87,-6,6
58601,81,90,-9,9
58602,106,118,-12,12
58603,74,66,8,8
58604,77,87,-10,10
58605,124,113,11,11
58606,35,43,-8,8
58607,76,77,-1,1
58608,106,99,7,7
58609,83,87,-4,4
58610,82,82,0,0
58611,77,78,-1,1
58612,113,110,3,3
58613,86,83,3,3
58614,115,110,5,5
58615,98,94,4,4
58616,69,76,-7,7
58617,90,91,-1,1
58618,99,90,9,9
58619,59,72,-13,13
58620,109,96,13,13
58621,72,75,-3,3
58622,130,120,10,10
58623,118,113,5,5
58624,113,110,3,3
58625,98,93,5,5
58626,102,90,12,12
58627,142,120,22,22
58628,95,100,-5,5
58629,89,89,0,0
58630,45,65,-20,20
58631,35,45,-10,10
58632,54,55,-1,1
58633,102,86,16,16
58634,27,33,-6,6
58635,66,66,0,0
58636,35,48,-13,13
58637,115,103,12,12
58638,148,135,13,13
58639,98,89,9,9
58640,115,111,4,4
58641,79,84,-5,5
58642,84,83,1,1
58643,147,140,7,7
58644,79,75,4,4
58645,62,65,-3,3
58646,95,82,13,13
58647,71,74,-3,3
58648,66,68,-2,2
58649,84,84,0,0
58650,142,126,16,16
58651,142,124,18,18
58652,91,86,5,5
58653,102,99,3,3
58654,105,130,-25,25
58655,66,64,2,2
58656,83,84,-1,1
58657,63,63,0,0
58658,66,70,-4,4
58659,109,120,-11,11
58660,71,77,-6,6
58661,92,93,-1,1
58662,139,142,-3,3
58663,117,113,4,4
58664,120,114,6,6
58665,94,109,-15,15
58666,99,94,5,5
58667,58,55,3,3
58668,129,124,5,5
58669,66,76,-10,10
58670,126,101,25,25
58671,111,114,-3,3
58672,54,54,0,0
58673,153,122,31,31
58674,82,82,0,0
58675,56,60,-4,4
58676,59,64,-5,5
58677,146,134,12,12
58678,64,66,-2,2
58679,56,54,2,2
58680,60,58,2,2
58681,21,49,-28,28
58682,132,132,0,0
58683,85,86,-1,1
58684,113,107,6,6
58685,81,79,2,2
58686,110,108,2,2
58687,98,94,4,4
58688,86,89,-3,3
58689,102,94,8,8
58690,129,143,-14,14
58691,89,82,7,7
58692,121,117,4,4
58693,104,96,8,8
58694,63,71,-8,8
58695,138,140,-2,2
58696,119,133,-14,14
58697,92,87,5,5
58698,113,101,12,12
58699,97,94,3,3
58700,162,144,18,18
58701,41,47,-6,6
58702,112,111,1,1
58703,124,113,11,11
58704,76,69,7,7
58705,116,115,1,1
58706,86,82,4,4
58707,69,63,6,6
58708,99,106,-7,7
58709,65,66,-1,1
58710,70,81,-11,11
58711,111,93,18,18
58712,79,75,4,4
58713,92,94,-2,2
58714,92,80,12,12
58715,126,122,4,4
58716,109,100,9,9
58717,65,75,-10,10
58718,79,74,5,5
58719,160,150,10,10
58720,75,79,-4,4
58721,95,88,7,7
58722,97,91,6,6
58723,102,97,5,5
58724,75,70,5,5
58725,119,120,-1,1
58726,31,39,-8,8
58727,137,121,16,16
58728,99,106,-7,7
58729,135,126,9,9
58730,143,137,6,6
58731,128,123,5,5
58732,135,130,5,5
58733,56,56,0,0
58734,79,74,5,5
58735,157,133,24,24
58736,103,111,-8,8
58737,147,140,7,7
58738,78,80,-2,2
58739,124,116,8,8
58740,57,68,-11,11
58741,63,77,-14,14
58742,79,75,4,4
58743,87,91,-4,4
58744,105,93,12,12
58745,119,110,9,9
58746,41,46,-5,5
58747,62,65,-3,3
58748,148,149,-1,1
58749,113,104,9,9
58750,236,209,27,27
58751,49,52,-3,3
58752,78,84,-6,6
58753,105,103,2,2
58754,136,126,10,10
58755,93,92,1,1
58756,55,61,-6,6
58757,87,89,-2,2
58758,67,76,-9,9
58759,113,99,14,14
58760,52,53,-1,1
58761,102,124,-22,22
58762,149,126,23,23
58763,65,71,-6,6
58764,106,96,10,10
58765,88,85,3,3
58766,175,151,24,24
58767,116,118,-2,2
58768,128,124,4,4
58769,86,87,-1,1
58770,154,138,16,16
58771,93,89,4,4
58772,65,91,-26,26
58773,119,114,5,5
58774,81,78,3,3
58775,93,107,-14,14
58776,77,82,-5,5
58777,144,117,27,27
58778,105,100,5,5
58779,111,91,20,20
58780,143,125,18,18
58781,96,90,6,6
58782,86,95,-9,9
58783,78,77,1,1
58784,136,127,9,9
58785,82,81,1,1
58786,91,83,8,8
58787,83,86,-3,3
58788,106,109,-3,3
58789,94,93,1,1
58790,99,100,-1,1
58791,78,69,9,9
58792,154,139,15,15
58793,77,66,11,11
58794,184,170,14,14
58795,192,174,18,18
58796,77,75,2,2
58797,105,105,0,0
58798,62,68,-6,6
58799,103,98,5,5
58800,59,58,1,1
58801,77,71,6,6
58802,155,153,2,2
58803,90,85,5,5
58804,98,114,-16,16
58805,93,94,-1,1
58806,132,126,6,6
58807,115,108,7,7
58808,67,66,1,1
58809,198,192,6,6
58810,90,83,7,7
58811,114,108,6,6
58812,108,104,4,4
58813,77,80,-3,3
58814,114,119,-5,5
58815,126,134,-8,8
58816,86,81,5,5
58817,67,69,-2,2
58818,108,101,7,7
58819,92,92,0,0
58820,123,120,3,3
58821,96,101,-5,5
58822,64,66,-2,2
58823,166,149,17,17
58824,218,219,-1,1
58825,89,92,-3,3
58826,76,85,-9,9
58827,69,71,-2,2
58828,122,118,4,4
58829,115,110,5,5
58830,87,109,-22,22
58831,119,111,8,8
58832,95,88,7,7
58833,82,79,3,3
58834,57,63,-6,6
58835,100,103,-3,3
58836,86,80,6,6
58837,101,89,12,12
58838,65,54,11,11
58839,106,102,4,4
58840,75,71,4,4
58841,142,129,13,13
58842,81,74,7,7
58843,77,79,-2,2
58844,59,56,3,3
58845,130,113,17,17
58846,100,87,13,13
58847,92,96,-4,4
58848,55,61,-6,6
58849,101,121,-20,20
58850,66,67,-1,1
58851,108,93,15,15
58852,83,83,0,0
58853,69,68,1,1
58854,140,125,15,15
58855,87,82,5,5
58856,96,92,4,4
58857,167,137,30,30
58858,72,69,3,3
58859,88,86,2,2
58860,124,117,7,7
58861,91,94,-3,3
58862,51,52,-1,1
58863,87,71,16,16
58864,92,94,-2,2
58865,58,61,-3,3
58866,45,48,-3,3
58867,95,83,12,12
58868,134,119,15,15
58869,91,89,2,2
58870,121,109,12,12
58871,51,49,2,2
58872,58,53,5,5
58873,48,52,-4,4
58874,75,80,-5,5
58875,46,56,-10,10
58876,56,61,-5,5
58877,87,81,6,6
58878,47,66,-19,19
58879,88,90,-2,2
58880,112,101,11,11
58881,56,66,-10,10
58882,104,99,5,5
58883,61,56,5,5
58884,96,92,4,4
58885,113,102,11,11
58886,66,60,6,6
58887,153,152,1,1
58888,115,117,-2,2
58889,100,97,3,3
58890,73,69,4,4
58891,89,73,16,16
58892,101,106,-5,5
58893,82,88,-6,6
58894,89,95,-6,6
58895,94,95,-1,1
58896,93,86,7,7
58897,113,110,3,3
58898,129,124,5,5
58899,68,65,3,3
58900,68,61,7,7
58901,94,90,4,4
58902,157,144,13,13
58903,99,93,6,6
58904,54,63,-9,9
58905,123,110,13,13
58906,94,81,13,13
58907,183,178,5,5
58908,74,71,3,3
58909,59,58,1,1
58910,173,154,19,19
58911,122,110,12,12
58912,75,74,1,1
58913,77,80,-3,3
58914,63,64,-1,1
58915,90,95,-5,5
58916,56,66,-10,10
58917,82,80,2,2
58918,86,100,-14,14
58919,149,144,5,5
58920,108,100,8,8
58921,73,67,6,6
58922,67,70,-3,3
58923,93,92,1,1
58924,55,54,1,1
58925,108,112,-4,4
58926,118,114,4,4
58927,30,40,-10,10
58928,70,60,10,10
58929,94,93,1,1
58930,84,80,4,4
58931,77,71,6,6
58932,64,59,5,5
58933,103,98,5,5
58934,93,114,-21,21
58935,91,82,9,9
58936,65,67,-2,2
58937,108,98,10,10
58938,117,100,17,17
58939,45,48,-3,3
58940,113,116,-3,3
58941,70,67,3,3
58942,75,91,-16,16
58943,79,78,1,1
58944,59,60,-1,1
58945,59,55,4,4
58946,42,52,-10,10
58947,96,84,12,12
58948,109,102,7,7
58949,95,102,-7,7
58950,126,124,2,2
58951,89,89,0,0
58952,99,95,4,4
58953,145,144,1,1
58954,108,98,10,10
58955,84,82,2,2
58956,82,87,-5,5
58957,171,158,13,13
58958,103,91,12,12
58959,118,104,14,14
58960,180,157,23,23
58961,61,65,-4,4
58962,163,142,21,21
58963,135,143,-8,8
58964,152,132,20,20
58965,109,93,16,16
58966,61,65,-4,4
58967,108,104,4,4
58968,181,182,-1,1
58969,104,109,-5,5
58970,105,97,8,8
58971,68,75,-7,7
58972,116,141,-25,25
58973,144,126,18,18
58974,85,78,7,7
58975,141,141,0,0
58976,152,152,0,0
58977,114,117,-3,3
58978,143,131,12,12
58979,155,145,10,10
58980,191,167,24,24
58981,102,93,9,9
58982,77,73,4,4
58983,97,100,-3,3
58984,85,89,-4,4
58985,82,77,5,5
58986,83,76,7,7
58987,64,64,0,0
58988,135,127,8,8
58989,86,81,5,5
58990,59,57,2,2
58991,71,61,10,10
58992,65,56,9,9
58993,134,121,13,13
58994,85,86,-1,1
58995,159,151,8,8
58996,145,143,2,2
58997,66,67,-1,1
58998,71,77,-6,6
58999,154,131,23,23
59000,159,161,-2,2
59001,50,55,-5,5
59002,95,100,-5,5
59003,81,77,4,4
59004,128,112,16,16
59005,79,78,1,1
59006,93,98,-5,5
59007,156,149,7,7
59008,107,100,7,7
59009,48,50,-2,2
59010,49,51,-2,2
59011,52,114,-62,62
59012,43,54,-11,11
59013,166,153,13,13
59014,59,60,-1,1
59015,97,90,7,7
59016,143,146,-3,3
59017,107,112,-5,5
59018,122,115,7,7
59019,77,70,7,7
59020,77,78,-1,1
59021,52,54,-2,2
59022,70,69,1,1
59023,93,88,5,5
59024,93,105,-12,12
59025,110,112,-2,2
59026,53,55,-2,2
59027,67,65,2,2
59028,185,171,14,14
59029,90,80,10,10
59030,107,102,5,5
59031,148,150,-2,2
59032,119,117,2,2
59033,95,103,-8,8
59034,112,93,19,19
59035,171,174,-3,3
59036,110,94,16,16
59037,76,82,-6,6
59038,99,92,7,7
59039,94,99,-5,5
59040,107,109,-2,2
59041,73,74,-1,1
59042,133,111,22,22
59043,70,81,-11,11
59044,80,71,9,9
59045,149,135,14,14
59046,78,66,12,12
59047,95,89,6,6
59048,79,82,-3,3
59049,42,53,-11,11
59050,73,68,5,5
59051,346,257,89,89
59052,70,62,8,8
59053,75,75,0,0
59054,144,137,7,7
59055,63,65,-2,2
59056,80,80,0,0
59057,124,108,16,16
59058,69,69,0,0
59059,99,94,5,5
59060,140,115,25,25
59061,117,110,7,7
59062,58,66,-8,8
59063,84,82,2,2
59064,47,51,-4,4
59065,86,78,8,8
59066,52,58,-6,6
59067,77,82,-5,5
59068,69,72,-3,3
59069,107,97,10,10
59070,118,104,14,14
59071,81,88,-7,7
59072,109,98,11,11
59073,97,104,-7,7
59074,85,83,2,2
59075,81,75,6,6
59076,65,52,13,13
59077,101,113,-12,12
59078,90,94,-4,4
59079,68,76,-8,8
59080,59,53,6,6
59081,97,93,4,4
59082,104,99,5,5
59083,52,50,2,2
59084,58,58,0,0
59085,64,70,-6,6
59086,92,89,3,3
59087,179,156,23,23
59088,112,101,11,11
59089,100,107,-7,7
59090,60,60,0,0
59091,102,99,3,3
59092,111,103,8,8
59093,100,89,11,11
59094,80,78,2,2
59095,89,85,4,4
59096,124,125,-1,1
59097,70,69,1,1
59098,85,91,-6,6
59099,79,86,-7,7
59100,74,76,-2,2
59101,66,77,-11,11
59102,75,78,-3,3
59103,83,82,1,1
59104,65,70,-5,5
59105,119,115,4,4
59106,102,99,3,3
59107,81,80,1,1
59108,77,76,1,1
59109,81,80,1,1
59110,94,91,3,3
59111,103,102,1,1
59112,104,99,5,5
59113,118,100,18,18
59114,90,78,12,12
59115,71,74,-3,3
59116,114,102,12,12
59117,120,94,26,26
59118,85,79,6,6
59119,79,83,-4,4
59120,49,53,-4,4
59121,74,69,5,5
59122,99,96,3,3
59123,106,112,-6,6
59124,89,92,-3,3
59125,21,48,-27,27
59126,114,111,3,3
59127,90,94,-4,4
59128,129,120,9,9
59129,64,58,6,6
59130,44,49,-5,5
59131,150,131,19,19
59132,136,125,11,11
59133,119,120,-1,1
59134,68,76,-8,8
59135,87,88,-1,1
59136,66,72,-6,6
59137,103,97,6,6
59138,117,115,2,2
59139,111,92,19,19
59140,112,85,27,27
59141,101,95,6,6
59142,143,141,2,2
59143,81,80,1,1
59144,180,152,28,28
59145,61,65,-4,4
59146,131,124,7,7
59147,70,71,-1,1
59148,107,102,5,5
59149,135,116,19,19
59150,92,83,9,9
59151,81,76,5,5
59152,108,101,7,7
59153,90,84,6,6
59154,86,76,10,10
59155,127,114,13,13
59156,47,55,-8,8
59157,130,120,10,10
59158,84,88,-4,4
59159,79,78,1,1
59160,91,89,2,2
59161,120,103,17,17
59162,80,78,2,2
59163,59,62,-3,3
59164,81,90,-9,9
59165,143,140,3,3
59166,117,98,19,19
59167,143,135,8,8
59168,154,115,39,39
59169,57,62,-5,5
59170,69,64,5,5
59171,44,53,-9,9
59172,84,89,-5,5
59173,96,94,2,2
59174,80,76,4,4
59175,61,81,-20,20
59176,64,76,-12,12
59177,67,68,-1,1
59178,108,101,7,7
59179,87,87,0,0
59180,87,88,-1,1
59181,112,96,16,16
59182,147,137,10,10
59183,143,134,9,9
59184,124,114,10,10
59185,160,142,18,18
59186,109,107,2,2
59187,71,65,6,6
59188,138,125,13,13
59189,76,74,2,2
59190,96,87,9,9
59191,94,87,7,7
59192,44,45,-1,1
59193,83,87,-4,4
59194,49,55,-6,6
59195,75,83,-8,8
59196,104,108,-4,4
59197,75,75,0,0
59198,93,89,4,4
59199,96,99,-3,3
59200,81,85,-4,4
59201,80,76,4,4
59202,97,85,12,12
59203,65,72,-7,7
59204,46,55,-9,9
59205,79,79,0,0
59206,88,86,2,2
59207,62,76,-14,14
59208,84,72,12,12
59209,70,70,0,0
59210,129,131,-2,2
59211,104,76,28,28
59212,116,118,-2,2
59213,126,116,10,10
59214,95,98,-3,3
59215,66,67,-1,1
59216,81,79,2,2
59217,133,107,26,26
59218,95,99,-4,4
59219,151,133,18,18
59220,88,88,0,0
59221,110,107,3,3
59222,69,67,2,2
59223,106,94,12,12
59224,64,68,-4,4
59225,126,107,19,19
59226,41,50,-9,9
59227,97,94,3,3
59228,46,74,-28,28
59229,52,66,-14,14
59230,66,56,10,10
59231,81,80,1,1
59232,81,83,-2,2
59233,85,82,3,3
59234,35,44,-9,9
59235,118,110,8,8
59236,94,87,7,7
59237,92,93,-1,1
59238,55,60,-5,5
59239,99,91,8,8
59240,68,67,1,1
59241,56,61,-5,5
59242,97,100,-3,3
59243,110,110,0,0
59244,152,134,18,18
59245,40,48,-8,8
59246,52,63,-11,11
59247,169,168,1,1
59248,160,144,16,16
59249,78,69,9,9
59250,77,89,-12,12
59251,40,48,-8,8
59252,93,111,-18,18
59253,115,100,15,15
59254,108,110,-2,2
59255,69,73,-4,4
59256,126,145,-19,19
59257,133,141,-8,8
59258,116,111,5,5
59259,76,92,-16,16
59260,42,46,-4,4
59261,74,80,-6,6
59262,145,132,13,13
59263,72,65,7,7
59264,103,110,-7,7
59265,67,69,-2,2
59266,139,117,22,22
59267,93,90,3,3
59268,112,104,8,8
59269,176,162,14,14
59270,70,69,1,1
59271,158,127,31,31
59272,71,67,4,4
59273,47,46,1,1
59274,93,81,12,12
59275,57,66,-9,9
59276,75,68,7,7
59277,62,75,-13,13
59278,104,119,-15,15
59279,143,136,7,7
59280,83,80,3,3
59281,75,68,7,7
59282,92,90,2,2
59283,60,88,-28,28
59284,117,109,8,8
59285,64,66,-2,2
59286,61,61,0,0
59287,87,76,11,11
59288,175,173,2,2
59289,58,67,-9,9
59290,77,66,11,11
59291,96,78,18,18
59292,120,119,1,1
59293,176,158,18,18
59294,132,123,9,9
59295,67,73,-6,6
59296,73,73,0,0
59297,120,138,-18,18
59298,71,74,-3,3
59299,63,63,0,0
59300,74,65,9,9
59301,35,50,-15,15
59302,129,114,15,15
59303,132,129,3,3
59304,75,80,-5,5
59305,122,110,12,12
59306,89,82,7,7
59307,90,81,9,9
59308,71,74,-3,3
59309,92,81,11,11
59310,184,158,26,26
59311,59,84,-25,25
59312,90,91,-1,1
59313,100,107,-7,7
59314,83,77,6,6
59315,83,82,1,1
59316,78,81,-3,3
59317,106,101,5,5
59318,107,108,-1,1
59319,45,50,-5,5
59320,82,87,-5,5
59321,85,93,-8,8
59322,109,85,24,24
59323,70,76,-6,6
59324,70,75,-5,5
59325,109,109,0,0
59326,62,66,-4,4
59327,63,73,-10,10
59328,67,72,-5,5
59329,38,42,-4,4
59330,45,44,1,1
59331,111,100,11,11
59332,99,106,-7,7
59333,52,60,-8,8
59334,93,92,1,1
59335,103,113,-10,10
59336,86,84,2,2
59337,69,66,3,3
59338,52,78,-26,26
59339,215,177,38,38
59340,90,85,5,5
59341,54,54,0,0
59342,110,103,7,7
59343,97,84,13,13
59344,150,116,34,34
59345,142,124,18,18
59346,57,72,-15,15
59347,116,109,7,7
59348,177,154,23,23
59349,109,105,4,4
59350,78,78,0,0
59351,79,78,1,1
59352,51,54,-3,3
59353,80,84,-4,4
59354,99,103,-4,4
59355,49,48,1,1
59356,153,152,1,1
59357,174,165,9,9
59358,100,98,2,2
59359,147,127,20,20
59360,75,88,-13,13
59361,138,123,15,15
59362,78,75,3,3
59363,77,84,-7,7
59364,93,83,10,10
59365,148,133,15,15
59366,176,155,21,21
59367,74,69,5,5
59368,178,182,-4,4
59369,107,110,-3,3
59370,103,95,8,8
59371,125,114,11,11
59372,119,109,10,10
59373,98,96,2,2
59374,69,65,4,4
59375,72,67,5,5
59376,81,93,-12,12
59377,54,57,-3,3
59378,110,109,1,1
59379,84,83,1,1
59380,148,140,8,8
59381,61,53,8,8
59382,94,98,-4,4
59383,79,90,-11,11
59384,77,77,0,0
59385,83,80,3,3
59386,102,88,14,14
59387,99,94,5,5
59388,104,97,7,7
59389,128,134,-6,6
59390,73,77,-4,4
59391,85,83,2,2
59392,123,133,-10,10
59393,87,94,-7,7
59394,135,114,21,21
59395,71,65,6,6
59396,81,91,-10,10
59397,64,56,8,8
59398,71,65,6,6
59399,105,103,2,2
59400,59,53,6,6
59401,140,125,15,15
59402,161,147,14,14
59403,100,87,13,13
59404,89,82,7,7
59405,64,66,-2,2
59406,154,145,9,9
59407,167,127,40,40
59408,178,160,18,18
59409,88,77,11,11
59410,79,98,-19,19
59411,72,82,-10,10
59412,85,82,3,3
59413,92,88,4,4
59414,71,77,-6,6
59415,60,67,-7,7
59416,66,58,8,8
59417,95,83,12,12
59418,82,81,1,1
59419,82,86,-4,4
59420,91,77,14,14
59421,121,108,13,13
59422,78,77,1,1
59423,148,138,10,10
59424,95,94,1,1
59425,138,139,-1,1
59426,61,68,-7,7
59427,66,69,-3,3
59428,83,79,4,4
59429,61,70,-9,9
59430,60,62,-2,2
59431,56,58,-2,2
59432,127,119,8,8
59433,62,60,2,2
59434,133,127,6,6
59435,79,72,7,7
59436,123,102,21,21
59437,53,53,0,0
59438,79,78,1,1
59439,126,106,20,20
59440,117,125,-8,8
59441,136,130,6,6
59442,81,101,-20,20
59443,105,122,-17,17
59444,118,117,1,1
59445,66,67,-1,1
59446,59,56,3,3
59447,129,124,5,5
59448,93,98,-5,5
59449,87,89,-2,2
59450,45,49,-4,4
59451,64,60,4,4
59452,121,118,3,3
59453,168,142,26,26
59454,81,75,6,6
59455,99,87,12,12
59456,117,98,19,19
59457,95,80,15,15
59458,66,67,-1,1
59459,122,110,12,12
59460,112,117,-5,5
59461,71,80,-9,9
59462,172,170,2,2
59463,108,95,13,13
59464,85,83,2,2
59465,130,118,12,12
59466,64,60,4,4
59467,74,79,-5,5
59468,63,66,-3,3
59469,145,135,10,10
59470,95,95,0,0
59471,138,137,1,1
59472,105,99,6,6
59473,51,56,-5,5
59474,109,111,-2,2
59475,91,103,-12,12
59476,70,65,5,5
59477,129,119,10,10
59478,106,88,18,18
59479,82,76,6,6
59480,54,49,5,5
59481,151,156,-5,5
59482,120,111,9,9
59483,151,145,6,6
59484,96,99,-3,3
59485,62,66,-4,4
59486,165,152,13,13
59487,138,125,13,13
59488,128,123,5,5
59489,80,68,12,12
59490,94,95,-1,1
59491,86,87,-1,1
59492,130,120,10,10
59493,154,136,18,18
59494,81,80,1,1
59495,152,139,13,13
59496,52,66,-14,14
59497,65,64,1,1
59498,109,88,21,21
59499,72,71,1,1
59500,103,95,8,8
59501,112,93,19,19
59502,65,72,-7,7
59503,77,84,-7,7
59504,189,177,12,12
59505,178,163,15,15
59506,48,48,0,0
59507,145,132,13,13
59508,47,62,-15,15
59509,146,133,13,13
59510,118,114,4,4
59511,78,80,-2,2
59512,93,97,-4,4
59513,72,70,2,2
59514,86,86,0,0
59515,118,107,11,11
59516,87,86,1,1
59517,42,49,-7,7
59518,87,92,-5,5
59519,87,89,-2,2
59520,159,149,10,10
59521,96,94,2,2
59522,50,57,-7,7
59523,76,92,-16,16
59524,111,115,-4,4
59525,140,128,12,12
59526,133,117,16,16
59527,89,97,-8,8
59528,94,93,1,1
59529,60,52,8,8
59530,67,68,-1,1
59531,166,140,26,26
59532,74,78,-4,4
59533,88,87,1,1
59534,113,106,7,7
59535,114,109,5,5
59536,98,87,11,11
59537,52,61,-9,9
59538,109,102,7,7
59539,51,54,-3,3
59540,92,89,3,3
59541,79,82,-3,3
59542,65,69,-4,4
59543,80,84,-4,4
59544,130,118,12,12
59545,90,90,0,0
59546,108,94,14,14
59547,84,88,-4,4
59548,160,151,9,9
59549,53,53,0,0
59550,62,70,-8,8
59551,65,73,-8,8
59552,65,69,-4,4
59553,61,54,7,7
59554,35,44,-9,9
59555,113,109,4,4
59556,69,72,-3,3
59557,56,55,1,1
59558,103,113,-10,10
59559,76,73,3,3
59560,106,107,-1,1
59561,157,149,8,8
59562,150,144,6,6
59563,79,78,1,1
59564,94,93,1,1
59565,59,67,-8,8
59566,135,153,-18,18
59567,91,93,-2,2
59568,129,118,11,11
59569,80,80,0,0
59570,58,56,2,2
59571,96,82,14,14
59572,160,160,0,0
59573,80,75,5,5
59574,55,56,-1,1
59575,101,95,6,6
59576,85,76,9,9
59577,68,70,-2,2
59578,95,107,-12,12
59579,110,103,7,7
59580,75,72,3,3
59581,73,80,-7,7
59582,90,89,1,1
59583,78,82,-4,4
59584,148,130,18,18
59585,94,94,0,0
59586,64,66,-2,2
59587,186,157,29,29
59588,40,50,-10,10
59589,74,79,-5,5
59590,140,127,13,13
59591,103,93,10,10
59592,179,147,32,32
59593,209,168,41,41
59594,114,111,3,3
59595,44,55,-11,11
59596,84,78,6,6
59597,55,57,-2,2
59598,150,135,15,15
59599,64,62,2,2
59600,61,68,-7,7
59601,89,91,-2,2
59602,129,112,17,17
59603,61,66,-5,5
59604,125,103,22,22
59605,129,119,10,10
59606,94,92,2,2
59607,86,79,7,7
59608,124,120,4,4
59609,45,67,-22,22
59610,131,116,15,15
59611,89,83,6,6
59612,140,140,0,0
59613,85,90,-5,5
59614,178,162,16,16
59615,120,112,8,8
59616,135,120,15,15
59617,72,68,4,4
59618,45,49,-4,4
59619,63,61,2,2
59620,62,73,-11,11
59621,87,87,0,0
59622,165,165,0,0
59623,107,127,-20,20
59624,69,79,-10,10
59625,94,89,5,5
59626,58,63,-5,5
59627,105,97,8,8
59628,115,111,4,4
59629,92,86,6,6
59630,80,79,1,1
59631,154,153,1,1
59632,61,51,10,10
59633,115,111,4,4
59634,52,50,2,2
59635,69,71,-2,2
59636,58,64,-6,6
59637,92,97,-5,5
59638,56,58,-2,2
59639,94,104,-10,10
59640,70,70,0,0
59641,126,95,31,31
59642,77,77,0,0
59643,77,71,6,6
59644,160,156,4,4
59645,69,70,-1,1
59646,73,74,-1,1
59647,72,74,-2,2
59648,72,68,4,4
59649,124,123,1,1
59650,78,76,2,2
59651,81,78,3,3
59652,156,144,12,12
59653,67,62,5,5
59654,118,111,7,7
59655,79,69,10,10
59656,81,78,3,3
59657,87,79,8,8
59658,57,71,-14,14
59659,70,175,-105,105
59660,147,122,25,25
59661,141,124,17,17
59662,42,65,-23,23
59663,89,96,-7,7
59664,94,94,0,0
59665,103,101,2,2
59666,100,98,2,2
59667,56,61,-5,5
59668,85,88,-3,3
59669,77,73,4,4
59670,89,88,1,1
59671,125,131,-6,6
59672,41,44,-3,3
59673,135,116,19,19
59674,70,82,-12,12
59675,51,48,3,3
59676,86,88,-2,2
59677,100,94,6,6
59678,103,103,0,0
59679,62,64,-2,2
59680,153,128,25,25
59681,173,160,13,13
59682,137,143,-6,6
59683,107,91,16,16
59684,161,141,20,20
59685,139,138,1,1
59686,62,54,8,8
59687,71,66,5,5
59688,104,122,-18,18
59689,115,111,4,4
59690,144,135,9,9
59691,76,75,1,1
59692,168,155,13,13
59693,76,75,1,1
59694,78,82,-4,4
59695,94,114,-20,20
59696,92,83,9,9
59697,96,87,9,9
59698,131,118,13,13
59699,93,94,-1,1
59700,93,82,11,11
59701,60,65,-5,5
59702,78,68,10,10
59703,72,81,-9,9
59704,141,106,35,35
59705,116,104,12,12
59706,83,87,-4,4
59707,78,83,-5,5
59708,79,78,1,1
59709,113,109,4,4
59710,46,53,-7,7
59711,93,98,-5,5
59712,99,89,10,10
59713,103,109,-6,6
59714,98,86,12,12
59715,113,101,12,12
59716,121,133,-12,12
59717,58,61,-3,3
59718,92,90,2,2
59719,89,93,-4,4
59720,99,98,1,1
59721,89,88,1,1
59722,79,80,-1,1
59723,138,126,12,12
59724,79,79,0,0
59725,73,77,-4,4
59726,88,84,4,4
59727,73,87,-14,14
59728,95,97,-2,2
59729,104,101,3,3
59730,77,71,6,6
59731,54,58,-4,4
59732,128,125,3,3
59733,88,92,-4,4
59734,89,85,4,4
59735,100,102,-2,2
59736,132,124,8,8
59737,73,76,-3,3
59738,69,71,-2,2
59739,88,80,8,8
59740,127,124,3,3
59741,135,128,7,7
59742,71,68,3,3
59743,133,126,7,7
59744,98,97,1,1
59745,96,81,15,15
59746,121,113,8,8
59747,110,98,12,12
59748,63,68,-5,5
59749,149,141,8,8
59750,75,89,-14,14
59751,61,69,-8,8
59752,203,174,29,29
59753,106,104,2,2
59754,90,90,0,0
59755,111,93,18,18
59756,98,89,9,9
59757,70,84,-14,14
59758,77,74,3,3
59759,65,68,-3,3
59760,110,101,9,9
59761,82,94,-12,12
59762,135,128,7,7
59763,133,127,6,6
59764,93,91,2,2
59765,96,101,-5,5
59766,83,83,0,0
59767,83,84,-1,1
59768,114,103,11,11
59769,169,172,-3,3
59770,83,71,12,12
59771,87,88,-1,1
59772,80,91,-11,11
59773,64,71,-7,7
59774,185,166,19,19
59775,110,96,14,14
59776,109,95,14,14
59777,52,54,-2,2
59778,103,100,3,3
59779,34,45,-11,11
59780,69,111,-42,42
59781,154,143,11,11
59782,149,142,7,7
59783,81,74,7,7
59784,81,82,-1,1
59785,68,68,0,0
59786,93,83,10,10
59787,57,60,-3,3
59788,129,125,4,4
59789,98,94,4,4
59790,117,123,-6,6
59791,76,82,-6,6
59792,36,42,-6,6
59793,130,124,6,6
59794,81,80,1,1
59795,72,81,-9,9
59796,76,81,-5,5
59797,63,69,-6,6
59798,97,94,3,3
59799,61,70,-9,9
59800,85,85,0,0
59801,110,127,-17,17
59802,85,80,5,5
59803,77,89,-12,12
59804,127,117,10,10
59805,49,50,-1,1
59806,85,84,1,1
59807,83,90,-7,7
59808,132,135,-3,3
59809,136,129,7,7
59810,73,67,6,6
59811,71,75,-4,4
59812,79,72,7,7
59813,88,94,-6,6
59814,70,122,-52,52
59815,75,69,6,6
59816,46,44,2,2
59817,101,95,6,6
59818,128,137,-9,9
59819,92,84,8,8
59820,149,122,27,27
59821,122,91,31,31
59822,79,93,-14,14
59823,48,71,-23,23
59824,101,97,4,4
59825,94,91,3,3
59826,125,119,6,6
59827,91,97,-6,6
59828,78,80,-2,2
59829,121,112,9,9
59830,166,137,29,29
59831,96,93,3,3
59832,124,136,-12,12
59833,159,140,19,19
59834,66,68,-2,2
59835,82,76,6,6
59836,75,78,-3,3
59837,59,53,6,6
59838,85,84,1,1
59839,99,84,15,15
59840,148,135,13,13
59841,109,100,9,9
59842,81,81,0,0
59843,99,91,8,8
59844,47,42,5,5
59845,78,78,0,0
59846,85,82,3,3
59847,76,86,-10,10
59848,54,48,6,6
59849,106,108,-2,2
59850,83,79,4,4
59851,66,65,1,1
59852,47,65,-18,18
59853,60,70,-10,10
59854,109,108,1,1
59855,122,117,5,5
59856,92,86,6,6
59857,102,87,15,15
59858,130,137,-7,7
59859,104,98,6,6
59860,106,90,16,16
59861,74,77,-3,3
59862,149,146,3,3
59863,46,57,-11,11
59864,55,51,4,4
59865,81,81,0,0
59866,86,90,-4,4
59867,159,144,15,15
59868,49,52,-3,3
59869,76,79,-3,3
59870,109,107,2,2
59871,88,75,13,13
59872,66,70,-4,4
59873,95,94,1,1
59874,123,111,12,12
59875,49,55,-6,6
59876,60,54,6,6
59877,140,132,8,8
59878,72,68,4,4
59879,103,103,0,0
59880,88,107,-19,19
59881,94,89,5,5
59882,97,87,10,10
59883,112,102,10,10
59884,37,52,-15,15
59885,70,74,-4,4
59886,217,195,22,22
59887,159,138,21,21
59888,86,83,3,3
59889,116,114,2,2
59890,76,71,5,5
59891,159,140,19,19
59892,102,93,9,9
59893,72,72,0,0
59894,102,102,0,0
59895,94,82,12,12
59896,56,53,3,3
59897,136,138,-2,2
59898,78,78,0,0
59899,75,83,-8,8
59900,138,129,9,9
59901,79,75,4,4
59902,89,90,-1,1
59903,63,72,-9,9
59904,59,54,5,5
59905,127,123,4,4
59906,100,86,14,14
59907,60,65,-5,5
59908,100,95,5,5
59909,108,96,12,12
59910,152,142,10,10
59911,118,115,3,3
59912,81,81,0,0
59913,49,52,-3,3
59914,90,82,8,8
59915,97,91,6,6
59916,90,83,7,7
59917,138,128,10,10
59918,116,127,-11,11
59919,86,87,-1,1
59920,106,91,15,15
59921,155,137,18,18
59922,100,94,6,6
59923,66,69,-3,3
59924,84,83,1,1
59925,103,103,0,0
59926,56,58,-2,2
59927,100,93,7,7
59928,93,89,4,4
59929,135,134,1,1
59930,32,41,-9,9
59931,93,101,-8,8
59932,107,128,-21,21
59933,62,66,-4,4
59934,59,59,0,0
59935,91,89,2,2
59936,75,79,-4,4
59937,73,71,2,2
59938,96,96,0,0
59939,115,113,2,2
59940,63,68,-5,5
59941,85,92,-7,7
59942,72,84,-12,12
59943,158,167,-9,9
59944,91,84,7,7
59945,69,74,-5,5
59946,89,108,-19,19
59947,74,77,-3,3
59948,104,259,-155,155
59949,49,55,-6,6
59950,99,89,10,10
59951,127,119,8,8
59952,73,79,-6,6
59953,49,53,-4,4
59954,87,83,4,4
59955,157,142,15,15
59956,80,88,-8,8
59957,144,115,29,29
59958,83,89,-6,6
59959,131,129,2,2
59960,95,97,-2,2
59961,141,137,4,4
59962,89,100,-11,11
59963,59,55,4,4
59964,86,83,3,3
59965,118,113,5,5
59966,78,83,-5,5
59967,148,136,12,12
59968,59,53,6,6
59969,104,104,0,0
59970,85,79,6,6
59971,103,105,-2,2
59972,236,199,37,37
59973,66,83,-17,17
59974,50,68,-18,18
59975,77,69,8,8
59976,114,94,20,20
59977,85,80,5,5
59978,88,87,1,1
59979,74,68,6,6
59980,71,73,-2,2
59981,155,142,13,13
59982,62,70,-8,8
59983,100,90,10,10
59984,82,89,-7,7
59985,113,110,3,3
59986,104,91,13,13
59987,104,98,6,6
59988,105,123,-18,18
59989,153,140,13,13
59990,76,73,3,3
59991,85,74,11,11
59992,119,125,-6,6
59993,106,89,17,17
59994,73,79,-6,6
59995,137,124,13,13
59996,79,73,6,6
59997,186,177,9,9
59998,63,64,-1,1
59999,93,88,5,5
60000,126,133,-7,7
60001,70,66,4,4
60002,128,114,14,14
60003,61,62,-1,1
60004,83,74,9,9
60005,108,95,13,13
60006,87,94,-7,7
60007,97,95,2,2
60008,62,67,-5,5
60009,129,123,6,6
60010,124,110,14,14
60011,63,67,-4,4
60012,138,127,11,11
60013,53,53,0,0
60014,76,69,7,7
60015,138,137,1,1
60016,123,126,-3,3
60017,57,54,3,3
60018,83,76,7,7
60019,96,100,-4,4
60020,119,123,-4,4
60021,72,71,1,1
60022,78,72,6,6
60023,106,91,15,15
60024,83,74,9,9
60025,71,65,6,6
60026,205,175,30,30
60027,59,65,-6,6
60028,57,56,1,1
60029,90,88,2,2
60030,34,66,-32,32
60031,215,178,37,37
60032,85,89,-4,4
60033,158,149,9,9
60034,136,123,13,13
60035,55,48,7,7
60036,119,109,10,10
60037,109,137,-28,28
60038,57,62,-5,5
60039,92,82,10,10
60040,99,89,10,10
60041,95,90,5,5
60042,74,68,6,6
60043,84,79,5,5
60044,107,99,8,8
60045,78,74,4,4
60046,64,68,-4,4
60047,66,75,-9,9
60048,88,80,8,8
60049,135,111,24,24
60050,139,124,15,15
60051,126,142,-16,16
60052,82,81,1,1
60053,70,65,5,5
60054,81,84,-3,3
60055,60,61,-1,1
60056,56,55,1,1
60057,131,121,10,10
60058,59,64,-5,5
60059,83,73,10,10
60060,145,138,7,7
60061,86,81,5,5
60062,102,100,2,2
60063,77,78,-1,1
60064,136,115,21,21
60065,68,73,-5,5
60066,81,78,3,3
60067,82,75,7,7
60068,85,82,3,3
60069,121,116,5,5
60070,69,66,3,3
60071,56,65,-9,9
60072,170,154,16,16
60073,123,123,0,0
60074,71,69,2,2
60075,77,83,-6,6
60076,140,129,11,11
60077,141,128,13,13
60078,98,93,5,5
60079,93,81,12,12
60080,69,80,-11,11
60081,104,102,2,2
60082,53,65,-12,12
60083,75,81,-6,6
60084,120,114,6,6
60085,86,90,-4,4
60086,98,88,10,10
60087,84,84,0,0
60088,88,102,-14,14
60089,113,109,4,4
60090,74,73,1,1
60091,91,82,9,9
60092,149,128,21,21
60093,82,82,0,0
60094,84,77,7,7
60095,195,182,13,13
60096,117,121,-4,4
60097,120,122,-2,2
60098,180,162,18,18
60099,80,87,-7,7
60100,122,119,3,3
60101,135,124,11,11
60102,159,156,3,3
60103,107,108,-1,1
60104,76,82,-6,6
60105,85,83,2,2
60106,87,78,9,9
60107,88,83,5,5
60108,41,45,-4,4
60109,78,73,5,5
60110,61,63,-2,2
60111,87,84,3,3
60112,129,113,16,16
60113,84,84,0,0
60114,142,121,21,21
60115,126,126,0,0
60116,89,88,1,1
60117,74,66,8,8
60118,51,45,6,6
60119,141,126,15,15
60120,83,77,6,6
60121,120,151,-31,31
60122,144,133,11,11
60123,67,75,-8,8
60124,82,85,-3,3
60125,67,74,-7,7
60126,85,82,3,3
60127,62,51,11,11
60128,106,101,5,5
60129,59,59,0,0
60130,73,69,4,4
60131,145,133,12,12
60132,65,62,3,3
60133,72,73,-1,1
60134,118,103,15,15
60135,105,112,-7,7
60136,71,71,0,0
60137,96,95,1,1
60138,111,103,8,8
60139,73,90,-17,17
60140,88,83,5,5
60141,210,196,14,14
60142,104,97,7,7
60143,76,72,4,4
60144,43,51,-8,8
60145,110,100,10,10
60146,93,85,8,8
60147,114,107,7,7
60148,190,185,5,5
60149,87,84,3,3
60150,85,74,11,11
60151,95,98,-3,3
60152,97,113,-16,16
60153,58,55,3,3
60154,126,129,-3,3
60155,145,127,18,18
60156,61,65,-4,4
60157,113,94,19,19
60158,42,45,-3,3
60159,108,97,11,11
60160,93,81,12,12
60161,157,150,7,7
60162,75,74,1,1
60163,59,66,-7,7
60164,101,89,12,12
60165,83,75,8,8
60166,95,90,5,5
60167,100,92,8,8
60168,69,65,4,4
60169,108,110,-2,2
60170,79,75,4,4
60171,105,99,6,6
60172,98,106,-8,8
60173,123,125,-2,2
60174,103,101,2,2
60175,158,147,11,11
60176,98,95,3,3
60177,128,120,8,8
60178,54,52,2,2
60179,54,66,-12,12
60180,86,87,-1,1
60181,119,116,3,3
60182,67,65,2,2
60183,114,109,5,5
60184,104,96,8,8
60185,81,86,-5,5
60186,84,81,3,3
60187,86,81,5,5
60188,93,90,3,3
60189,75,69,6,6
60190,69,68,1,1
60191,96,85,11,11
60192,117,115,2,2
60193,164,146,18,18
60194,121,116,5,5
60195,93,86,7,7
60196,91,85,6,6
60197,144,135,9,9
60198,101,100,1,1
60199,135,117,18,18
60200,102,97,5,5
60201,83,85,-2,2
60202,88,78,10,10
60203,101,103,-2,2
60204,102,103,-1,1
60205,102,108,-6,6
60206,105,98,7,7
60207,99,105,-6,6
60208,151,135,16,16
60209,67,70,-3,3
60210,164,134,30,30
60211,85,85,0,0
60212,89,93,-4,4
60213,59,63,-4,4
60214,94,81,13,13
60215,123,115,8,8
60216,79,96,-17,17
60217,74,70,4,4
60218,176,162,14,14
60219,59,68,-9,9
60220,100,100,0,0
60221,123,122,1,1
60222,104,101,3,3
60223,145,147,-2,2
60224,97,95,2,2
60225,175,158,17,17
60226,63,64,-1,1
60227,124,114,10,10
60228,68,68,0,0
60229,139,126,13,13
60230,78,71,7,7
60231,79,71,8,8
60232,48,56,-8,8
60233,141,135,6,6
60234,136,117,19,19
60235,123,127,-4,4
60236,85,85,0,0
60237,128,116,12,12
60238,97,89,8,8
60239,63,67,-4,4
60240,141,142,-1,1
60241,87,83,4,4
60242,93,102,-9,9
60243,54,52,2,2
60244,133,113,20,20
60245,50,59,-9,9
60246,71,71,0,0
60247,75,70,5,5
60248,165,156,9,9
60249,64,64,0,0
60250,95,86,9,9
60251,65,59,6,6
60252,106,100,6,6
60253,91,76,15,15
60254,70,79,-9,9
60255,124,117,7,7
60256,48,53,-5,5
60257,74,72,2,2
60258,64,56,8,8
60259,104,100,4,4
60260,82,84,-2,2
60261,82,83,-1,1
60262,147,147,0,0
60263,123,99,24,24
60264,81,87,-6,6
60265,146,147,-1,1
60266,88,88,0,0
60267,78,73,5,5
60268,118,120,-2,2
60269,160,152,8,8
60270,176,161,15,15
60271,133,115,18,18
60272,122,116,6,6
60273,74,81,-7,7
60274,75,77,-2,2
60275,116,113,3,3
60276,116,110,6,6
60277,126,117,9,9
60278,53,54,-1,1
60279,58,83,-25,25
60280,169,158,11,11
60281,100,106,-6,6
60282,56,65,-9,9
60283,63,69,-6,6
60284,58,56,2,2
60285,56,67,-11,11
60286,131,133,-2,2
60287,74,68,6,6
60288,143,129,14,14
60289,127,127,0,0
60290,98,93,5,5
60291,60,58,2,2
60292,65,81,-16,16
60293,76,65,11,11
60294,72,72,0,0
60295,83,81,2,2
60296,41,50,-9,9
60297,91,84,7,7
60298,125,126,-1,1
60299,119,120,-1,1
60300,92,79,13,13
60301,100,112,-12,12
60302,125,113,12,12
60303,95,94,1,1
60304,108,99,9,9
60305,118,114,4,4
60306,124,131,-7,7
60307,31,40,-9,9
60308,175,171,4,4
60309,122,117,5,5
60310,117,119,-2,2
60311,30,51,-21,21
60312,184,160,24,24
60313,93,89,4,4
60314,98,94,4,4
60315,82,81,1,1
60316,91,85,6,6
60317,67,80,-13,13
60318,103,76,27,27
60319,127,128,-1,1
60320,64,64,0,0
60321,70,81,-11,11
60322,68,72,-4,4
60323,87,96,-9,9
60324,103,101,2,2
60325,91,90,1,1
60326,77,68,9,9
60327,70,65,5,5
60328,90,91,-1,1
60329,64,66,-2,2
60330,53,55,-2,2
60331,87,77,10,10
60332,112,101,11,11
60333,91,83,8,8
60334,132,128,4,4
60335,116,114,2,2
60336,99,100,-1,1
60337,80,73,7,7
60338,125,122,3,3
60339,83,75,8,8
60340,123,126,-3,3
60341,126,118,8,8
60342,114,115,-1,1
60343,139,127,12,12
60344,135,134,1,1
60345,61,59,2,2
60346,70,74,-4,4
60347,112,105,7,7
60348,79,78,1,1
60349,58,66,-8,8
60350,131,136,-5,5
60351,154,141,13,13
60352,85,86,-1,1
60353,116,101,15,15
60354,71,79,-8,8
60355,62,73,-11,11
60356,72,75,-3,3
60357,137,133,4,4
60358,152,146,6,6
60359,85,83,2,2
60360,63,66,-3,3
60361,67,56,11,11
60362,108,111,-3,3
60363,120,122,-2,2
60364,103,99,4,4
60365,96,99,-3,3
60366,108,110,-2,2
60367,49,101,-52,52
60368,83,88,-5,5
60369,91,83,8,8
60370,112,104,8,8
60371,148,134,14,14
60372,110,115,-5,5
60373,90,85,5,5
60374,71,60,11,11
60375,95,99,-4,4
60376,78,76,2,2
60377,102,105,-3,3
60378,99,92,7,7
60379,71,72,-1,1
60380,103,98,5,5
60381,75,74,1,1
60382,128,124,4,4
60383,37,47,-10,10
60384,82,76,6,6
60385,82,91,-9,9
60386,105,105,0,0
60387,96,92,4,4
60388,57,51,6,6
60389,135,134,1,1
60390,87,81,6,6
60391,75,81,-6,6
60392,75,83,-8,8
60393,127,114,13,13
60394,105,104,1,1
60395,61,61,0,0
60396,66,92,-26,26
60397,140,130,10,10
60398,129,130,-1,1
60399,150,128,22,22
60400,109,103,6,6
60401,115,120,-5,5
60402,118,109,9,9
60403,58,65,-7,7
60404,79,69,10,10
60405,28,39,-11,11
60406,173,145,28,28
60407,89,95,-6,6
60408,95,80,15,15
60409,71,80,-9,9
60410,87,89,-2,2
60411,77,70,7,7
60412,106,102,4,4
60413,88,89,-1,1
60414,74,76,-2,2
60415,66,83,-17,17
60416,64,80,-16,16
60417,115,117,-2,2
60418,59,65,-6,6
60419,142,125,17,17
60420,73,66,7,7
60421,138,125,13,13
60422,110,104,6,6
60423,81,87,-6,6
60424,143,154,-11,11
60425,137,118,19,19
60426,177,164,13,13
60427,100,100,0,0
60428,112,114,-2,2
60429,136,141,-5,5
60430,48,49,-1,1
60431,112,128,-16,16
60432,115,113,2,2
60433,134,132,2,2
60434,97,100,-3,3
60435,86,79,7,7
60436,115,106,9,9
60437,80,71,9,9
60438,157,141,16,16
60439,59,59,0,0
60440,118,115,3,3
60441,64,75,-11,11
60442,123,111,12,12
60443,70,73,-3,3
60444,60,67,-7,7
60445,76,83,-7,7
60446,161,152,9,9
60447,129,136,-7,7
60448,66,66,0,0
60449,104,96,8,8
60450,86,78,8,8
60451,53,54,-1,1
60452,76,73,3,3
60453,202,171,31,31
60454,81,76,5,5
60455,136,131,5,5
60456,80,71,9,9
60457,54,59,-5,5
60458,71,65,6,6
60459,37,44,-7,7
60460,92,90,2,2
60461,81,92,-11,11
60462,94,113,-19,19
60463,116,107,9,9
60464,89,92,-3,3
60465,123,107,16,16
60466,95,88,7,7
60467,114,106,8,8
60468,134,134,0,0
60469,153,138,15,15
60470,82,79,3,3
60471,104,98,6,6
60472,101,103,-2,2
60473,73,65,8,8
60474,121,122,-1,1
60475,147,128,19,19
60476,70,76,-6,6
60477,126,118,8,8
60478,284,234,50,50
60479,124,120,4,4
60480,107,106,1,1
60481,78,77,1,1
60482,116,112,4,4
60483,139,121,18,18
60484,127,121,6,6
60485,61,65,-4,4
60486,56,61,-5,5
60487,105,95,10,10
60488,68,70,-2,2
60489,101,91,10,10
60490,64,59,5,5
60491,70,72,-2,2
60492,129,124,5,5
60493,86,82,4,4
60494,71,66,5,5
60495,57,139,-82,82
60496,63,81,-18,18
60497,100,90,10,10
60498,138,140,-2,2
60499,143,130,13,13
60500,123,112,11,11
60501,114,111,3,3
60502,69,68,1,1
60503,71,72,-1,1
60504,65,55,10,10
60505,94,103,-9,9
60506,73,79,-6,6
60507,77,79,-2,2
60508,68,73,-5,5
60509,126,135,-9,9
60510,133,123,10,10
60511,111,119,-8,8
60512,80,79,1,1
60513,74,80,-6,6
60514,91,89,2,2
60515,111,113,-2,2
60516,100,99,1,1
60517,191,160,31,31
60518,124,105,19,19
60519,55,56,-1,1
60520,113,102,11,11
60521,34,45,-11,11
60522,108,95,13,13
60523,74,70,4,4
60524,163,145,18,18
60525,135,113,22,22
60526,86,98,-12,12
60527,122,112,10,10
60528,135,127,8,8
60529,68,81,-13,13
60530,75,73,2,2
60531,127,133,-6,6
60532,65,70,-5,5
60533,83,85,-2,2
60534,103,90,13,13
60535,79,79,0,0
60536,77,75,2,2
60537,116,117,-1,1
60538,123,111,12,12
60539,70,68,2,2
60540,66,69,-3,3
60541,102,108,-6,6
60542,108,123,-15,15
60543,64,54,10,10
60544,116,124,-8,8
60545,154,154,0,0
60546,78,83,-5,5
60547,97,98,-1,1
60548,64,67,-3,3
60549,109,100,9,9
60550,109,96,13,13
60551,110,113,-3,3
60552,124,115,9,9
60553,50,50,0,0
60554,75,72,3,3
60555,112,112,0,0
60556,72,81,-9,9
60557,113,103,10,10
60558,70,78,-8,8
60559,112,83,29,29
60560,71,72,-1,1
60561,117,112,5,5
60562,88,78,10,10
60563,88,77,11,11
60564,96,85,11,11
60565,114,116,-2,2
60566,46,54,-8,8
60567,82,84,-2,2
60568,77,74,3,3
60569,68,77,-9,9
60570,79,87,-8,8
60571,78,75,3,3
60572,48,54,-6,6
60573,55,57,-2,2
60574,110,108,2,2
60575,106,99,7,7
60576,88,79,9,9
60577,90,95,-5,5
60578,84,86,-2,2
60579,78,83,-5,5
60580,108,113,-5,5
60581,52,66,-14,14
60582,162,132,30,30
60583,46,51,-5,5
60584,100,105,-5,5
60585,95,90,5,5
60586,138,133,5,5
60587,53,55,-2,2
60588,100,89,11,11
60589,93,92,1,1
60590,90,108,-18,18
60591,103,103,0,0
60592,92,82,10,10
60593,52,48,4,4
60594,104,102,2,2
60595,49,53,-4,4
60596,82,74,8,8
60597,104,95,9,9
60598,167,159,8,8
60599,58,65,-7,7
60600,79,77,2,2
60601,75,65,10,10
60602,70,76,-6,6
60603,78,81,-3,3
60604,70,69,1,1
60605,130,131,-1,1
60606,90,91,-1,1
60607,68,71,-3,3
60608,97,96,1,1
60609,83,81,2,2
60610,51,61,-10,10
60611,70,75,-5,5
60612,35,65,-30,30
60613,24,60,-36,36
60614,113,93,20,20
60615,133,123,10,10
60616,90,92,-2,2
60617,84,80,4,4
60618,86,82,4,4
60619,63,64,-1,1
60620,51,55,-4,4
60621,153,140,13,13
60622,113,105,8,8
60623,47,51,-4,4
60624,111,102,9,9
60625,67,60,7,7
60626,51,73,-22,22
60627,57,67,-10,10
60628,67,62,5,5
60629,149,136,13,13
60630,71,69,2,2
60631,100,104,-4,4
60632,94,96,-2,2
60633,61,64,-3,3
60634,100,88,12,12
60635,147,138,9,9
60636,92,91,1,1
60637,79,79,0,0
60638,95,95,0,0
60639,155,154,1,1
60640,88,77,11,11
60641,149,156,-7,7
60642,128,121,7,7
60643,73,61,12,12
60644,124,112,12,12
60645,78,83,-5,5
60646,73,75,-2,2
60647,104,95,9,9
60648,124,101,23,23
60649,65,70,-5,5
60650,98,96,2,2
60651,100,96,4,4
60652,79,75,4,4
60653,216,183,33,33
60654,77,81,-4,4
60655,64,74,-10,10
60656,43,46,-3,3
60657,124,112,12,12
60658,87,86,1,1
60659,98,92,6,6
60660,91,86,5,5
60661,81,78,3,3
60662,109,113,-4,4
60663,61,76,-15,15
60664,86,88,-2,2
60665,126,118,8,8
60666,85,78,7,7
60667,94,111,-17,17
60668,68,71,-3,3
60669,77,75,2,2
60670,72,69,3,3
60671,107,106,1,1
60672,83,81,2,2
60673,116,114,2,2
60674,59,56,3,3
60675,53,53,0,0
60676,137,135,2,2
60677,128,115,13,13
60678,97,95,2,2
60679,97,98,-1,1
60680,75,74,1,1
60681,107,93,14,14
60682,96,91,5,5
60683,139,127,12,12
60684,62,61,1,1
60685,90,84,6,6
60686,104,103,1,1
60687,124,112,12,12
60688,107,95,12,12
60689,124,129,-5,5
60690,105,96,9,9
60691,134,133,1,1
60692,122,111,11,11
60693,70,78,-8,8
60694,152,148,4,4
60695,95,90,5,5
60696,67,86,-19,19
60697,109,97,12,12
60698,170,196,-26,26
60699,80,81,-1,1
60700,88,82,6,6
60701,131,99,32,32
60702,84,80,4,4
60703,97,99,-2,2
60704,149,124,25,25
60705,79,87,-8,8
60706,93,101,-8,8
60707,81,86,-5,5
60708,125,122,3,3
60709,82,79,3,3
60710,79,80,-1,1
60711,65,56,9,9
60712,95,91,4,4
60713,111,117,-6,6
60714,113,104,9,9
60715,119,119,0,0
60716,68,73,-5,5
60717,135,112,23,23
60718,102,88,14,14
60719,96,104,-8,8
60720,107,102,5,5
60721,86,80,6,6
60722,158,130,28,28
60723,141,128,13,13
60724,129,129,0,0
60725,49,45,4,4
60726,149,141,8,8
60727,114,108,6,6
60728,40,44,-4,4
60729,55,59,-4,4
60730,85,76,9,9
60731,65,66,-1,1
60732,97,101,-4,4
60733,148,140,8,8
60734,141,126,15,15
60735,69,66,3,3
60736,80,79,1,1
60737,158,140,18,18
60738,75,76,-1,1
60739,88,87,1,1
60740,110,101,9,9
60741,82,84,-2,2
60742,58,67,-9,9
60743,76,70,6,6
60744,48,52,-4,4
60745,106,86,20,20
60746,108,101,7,7
60747,191,165,26,26
60748,100,94,6,6
60749,58,63,-5,5
60750,117,114,3,3
60751,233,186,47,47
60752,78,78,0,0
60753,83,77,6,6
60754,66,67,-1,1
60755,55,55,0,0
60756,77,84,-7,7
60757,102,94,8,8
60758,62,63,-1,1
60759,71,71,0,0
60760,139,133,6,6
60761,132,131,1,1
60762,94,96,-2,2
60763,107,109,-2,2
60764,60,69,-9,9
60765,94,104,-10,10
60766,72,65,7,7
60767,86,80,6,6
60768,75,80,-5,5
60769,87,86,1,1
60770,148,131,17,17
60771,120,107,13,13
60772,68,72,-4,4
60773,81,77,4,4
60774,222,209,13,13
60775,68,69,-1,1
60776,103,107,-4,4
60777,133,110,23,23
60778,135,110,25,25
60779,97,89,8,8
60780,56,54,2,2
60781,73,71,2,2
60782,110,111,-1,1
60783,116,108,8,8
60784,46,46,0,0
60785,119,107,12,12
60786,42,44,-2,2
60787,71,83,-12,12
60788,80,65,15,15
60789,87,89,-2,2
60790,73,75,-2,2
60791,99,91,8,8
60792,36,44,-8,8
60793,70,68,2,2
60794,55,53,2,2
60795,104,101,3,3
60796,135,130,5,5
60797,103,94,9,9
60798,83,83,0,0
60799,87,77,10,10
60800,78,70,8,8
60801,68,78,-10,10
60802,70,75,-5,5
60803,112,97,15,15
60804,99,99,0,0
60805,103,101,2,2
60806,87,83,4,4
60807,105,101,4,4
60808,94,93,1,1
60809,185,166,19,19
60810,167,157,10,10
60811,67,73,-6,6
60812,98,77,21,21
60813,109,106,3,3
60814,139,129,10,10
60815,88,83,5,5
60816,117,107,10,10
60817,101,109,-8,8
60818,124,130,-6,6
60819,182,150,32,32
60820,198,167,31,31
60821,115,111,4,4
60822,92,93,-1,1
60823,77,74,3,3
60824,104,103,1,1
60825,75,69,6,6
60826,93,80,13,13
60827,173,165,8,8
60828,121,118,3,3
60829,141,124,17,17
60830,66,77,-11,11
60831,72,67,5,5
60832,104,108,-4,4
60833,103,97,6,6
60834,81,76,5,5
60835,122,102,20,20
60836,131,117,14,14
60837,58,63,-5,5
60838,106,104,2,2
60839,119,101,18,18
60840,57,54,3,3
60841,77,75,2,2
60842,67,59,8,8
60843,85,80,5,5
60844,62,69,-7,7
60845,140,129,11,11
60846,72,77,-5,5
60847,125,121,4,4
60848,166,152,14,14
60849,133,119,14,14
60850,101,82,19,19
60851,156,142,14,14
60852,68,72,-4,4
60853,70,68,2,2
60854,127,119,8,8
60855,89,85,4,4
60856,111,95,16,16
60857,154,129,25,25
60858,91,85,6,6
60859,59,65,-6,6
60860,105,99,6,6
60861,108,121,-13,13
60862,87,93,-6,6
60863,143,130,13,13
60864,88,85,3,3
60865,83,87,-4,4
60866,105,97,8,8
60867,96,96,0,0
60868,95,87,8,8
60869,104,106,-2,2
60870,97,113,-16,16
60871,111,111,0,0
60872,93,90,3,3
60873,54,54,0,0
60874,90,93,-3,3
60875,52,52,0,0
60876,85,87,-2,2
60877,114,112,2,2
60878,152,151,1,1
60879,79,69,10,10
60880,118,121,-3,3
60881,85,76,9,9
60882,94,85,9,9
60883,49,54,-5,5
60884,56,57,-1,1
60885,156,138,18,18
60886,55,50,5,5
60887,116,109,7,7
60888,84,82,2,2
60889,105,99,6,6
60890,122,112,10,10
60891,80,87,-7,7
60892,89,75,14,14
60893,117,104,13,13
60894,50,50,0,0
60895,65,71,-6,6
60896,115,115,0,0
60897,78,80,-2,2
60898,112,112,0,0
60899,84,77,7,7
60900,144,139,5,5
60901,95,85,10,10
60902,125,123,2,2
60903,115,126,-11,11
60904,76,70,6,6
60905,119,115,4,4
60906,133,147,-14,14
60907,90,80,10,10
60908,112,107,5,5
60909,76,69,7,7
60910,147,132,15,15
60911,55,56,-1,1
60912,131,114,17,17
60913,116,103,13,13
60914,84,82,2,2
60915,72,69,3,3
60916,73,75,-2,2
60917,43,50,-7,7
60918,73,73,0,0
60919,82,88,-6,6
60920,56,60,-4,4
60921,99,91,8,8
60922,105,117,-12,12
60923,79,90,-11,11
60924,138,119,19,19
60925,111,117,-6,6
60926,36,47,-11,11
60927,138,127,11,11
60928,89,93,-4,4
60929,93,81,12,12
60930,132,131,1,1
60931,108,100,8,8
60932,66,68,-2,2
60933,71,71,0,0
60934,65,67,-2,2
60935,200,178,22,22
60936,72,101,-29,29
60937,232,215,17,17
60938,75,77,-2,2
60939,186,159,27,27
60940,125,113,12,12
60941,95,103,-8,8
60942,203,161,42,42
60943,176,150,26,26
60944,129,123,6,6
60945,76,78,-2,2
60946,143,134,9,9
60947,49,51,-2,2
60948,92,90,2,2
60949,92,91,1,1
60950,75,82,-7,7
60951,105,95,10,10
60952,155,129,26,26
60953,95,99,-4,4
60954,86,93,-7,7
60955,132,117,15,15
60956,46,51,-5,5
60957,69,74,-5,5
60958,58,69,-11,11
60959,140,125,15,15
60960,70,66,4,4
60961,89,85,4,4
60962,84,66,18,18
60963,124,113,11,11
60964,71,74,-3,3
60965,127,119,8,8
60966,69,69,0,0
60967,111,99,12,12
60968,125,124,1,1
60969,85,90,-5,5
60970,76,75,1,1
60971,85,86,-1,1
60972,55,59,-4,4
60973,92,92,0,0
60974,182,162,20,20
60975,89,85,4,4
60976,102,94,8,8
60977,113,112,1,1
60978,131,133,-2,2
60979,133,137,-4,4
60980,98,92,6,6
60981,154,134,20,20
60982,99,97,2,2
60983,114,108,6,6
60984,110,99,11,11
60985,125,100,25,25
60986,52,67,-15,15
60987,42,44,-2,2
60988,80,73,7,7
60989,83,80,3,3
60990,143,131,12,12
60991,56,64,-8,8
60992,131,123,8,8
60993,112,123,-11,11
60994,110,107,3,3
60995,104,97,7,7
60996,71,75,-4,4
60997,36,44,-8,8
60998,57,57,0,0
60999,72,82,-10,10
61000,119,98,21,21
61001,194,171,23,23
61002,107,94,13,13
61003,123,117,6,6
61004,87,83,4,4
61005,157,146,11,11
61006,75,76,-1,1
61007,94,94,0,0
61008,85,88,-3,3
61009,85,92,-7,7
61010,44,49,-5,5
61011,78,82,-4,4
61012,97,76,21,21
61013,34,54,-20,20
61014,38,43,-5,5
61015,93,88,5,5
61016,113,103,10,10
61017,130,119,11,11
61018,46,48,-2,2
61019,94,99,-5,5
61020,144,125,19,19
61021,60,58,2,2
61022,110,109,1,1
61023,78,80,-2,2
61024,172,154,18,18
61025,117,128,-11,11
61026,60,72,-12,12
61027,114,96,18,18
61028,136,141,-5,5
61029,130,134,-4,4
61030,140,128,12,12
61031,58,66,-8,8
61032,87,82,5,5
61033,154,139,15,15
61034,84,82,2,2
61035,78,70,8,8
61036,224,253,-29,29
61037,77,74,3,3
61038,114,105,9,9
61039,64,73,-9,9
61040,145,134,11,11
61041,62,63,-1,1
61042,123,118,5,5
61043,126,119,7,7
61044,59,71,-12,12
61045,59,71,-12,12
61046,65,80,-15,15
61047,81,83,-2,2
61048,104,91,13,13
61049,94,93,1,1
61050,131,123,8,8
61051,60,60,0,0
61052,111,100,11,11
61053,159,138,21,21
61054,145,137,8,8
61055,67,64,3,3
61056,114,103,11,11
61057,82,78,4,4
61058,93,96,-3,3
61059,53,64,-11,11
61060,83,92,-9,9
61061,101,102,-1,1
61062,112,122,-10,10
61063,71,62,9,9
61064,86,77,9,9
61065,49,97,-48,48
61066,59,55,4,4
61067,125,113,12,12
61068,157,149,8,8
61069,90,92,-2,2
61070,160,161,-1,1
61071,128,104,24,24
61072,78,82,-4,4
61073,153,145,8,8
61074,87,93,-6,6
61075,133,118,15,15
61076,96,96,0,0
61077,88,95,-7,7
61078,69,78,-9,9
61079,150,156,-6,6
61080,134,116,18,18
61081,122,116,6,6
61082,91,88,3,3
61083,156,140,16,16
61084,76,80,-4,4
61085,44,49,-5,5
61086,117,118,-1,1
61087,110,103,7,7
61088,101,81,20,20
61089,81,76,5,5
61090,52,57,-5,5
61091,164,156,8,8
61092,40,45,-5,5
61093,80,87,-7,7
61094,129,118,11,11
61095,131,119,12,12
61096,87,91,-4,4
61097,79,73,6,6
61098,110,103,7,7
61099,120,110,10,10
61100,100,113,-13,13
61101,113,110,3,3
61102,97,113,-16,16
61103,75,69,6,6
61104,85,95,-10,10
61105,49,51,-2,2
61106,103,113,-10,10
61107,177,163,14,14
61108,94,97,-3,3
61109,130,121,9,9
61110,72,74,-2,2
61111,158,147,11,11
61112,47,52,-5,5
61113,74,87,-13,13
61114,101,103,-2,2
61115,51,62,-11,11
61116,83,81,2,2
61117,142,131,11,11
61118,58,64,-6,6
61119,83,84,-1,1
61120,45,48,-3,3
61121,138,128,10,10
61122,152,139,13,13
61123,101,100,1,1
61124,77,69,8,8
61125,52,78,-26,26
61126,89,79,10,10
61127,149,129,20,20
61128,78,72,6,6
61129,146,139,7,7
61130,122,121,1,1
61131,88,81,7,7
61132,131,126,5,5
61133,67,66,1,1
61134,107,88,19,19
61135,139,139,0,0
61136,164,147,17,17
61137,134,123,11,11
61138,71,68,3,3
61139,87,78,9,9
61140,68,70,-2,2
61141,56,105,-49,49
61142,118,117,1,1
61143,101,100,1,1
61144,75,78,-3,3
61145,127,133,-6,6
61146,85,86,-1,1
61147,57,74,-17,17
61148,37,47,-10,10
61149,116,106,10,10
61150,108,98,10,10
61151,137,128,9,9
61152,58,60,-2,2
61153,67,86,-19,19
61154,106,104,2,2
61155,132,110,22,22
61156,102,90,12,12
61157,115,115,0,0
61158,85,82,3,3
61159,107,105,2,2
61160,49,54,-5,5
61161,139,146,-7,7
61162,126,126,0,0
61163,135,136,-1,1
61164,69,66,3,3
61165,88,81,7,7
61166,117,112,5,5
61167,77,73,4,4
61168,51,62,-11,11
61169,92,103,-11,11
61170,80,85,-5,5
61171,82,83,-1,1
61172,157,148,9,9
61173,83,79,4,4
61174,136,122,14,14
61175,147,130,17,17
61176,49,54,-5,5
61177,86,82,4,4
61178,125,115,10,10
61179,73,70,3,3
61180,99,107,-8,8
61181,102,103,-1,1
61182,101,100,1,1
61183,109,97,12,12
61184,126,119,7,7
61185,142,118,24,24
61186,62,65,-3,3
61187,113,107,6,6
61188,149,121,28,28
61189,61,65,-4,4
61190,66,73,-7,7
61191,122,111,11,11
61192,89,86,3,3
61193,76,78,-2,2
61194,74,85,-11,11
61195,61,69,-8,8
61196,44,54,-10,10
61197,107,115,-8,8
61198,104,93,11,11
61199,109,104,5,5
61200,140,123,17,17
61201,43,52,-9,9
61202,40,45,-5,5
61203,223,190,33,33
61204,95,89,6,6
61205,47,53,-6,6
61206,71,65,6,6
61207,121,102,19,19
61208,119,120,-1,1
61209,135,128,7,7
61210,78,70,8,8
61211,96,88,8,8
61212,71,68,3,3
61213,71,80,-9,9
61214,108,126,-18,18
61215,64,67,-3,3
61216,169,179,-10,10
61217,80,76,4,4
61218,78,80,-2,2
61219,100,92,8,8
61220,90,87,3,3
61221,108,99,9,9
61222,84,84,0,0
61223,150,136,14,14
61224,91,110,-19,19
61225,55,77,-22,22
61226,83,80,3,3
61227,119,155,-36,36
61228,86,88,-2,2
61229,101,106,-5,5
61230,89,78,11,11
61231,80,85,-5,5
61232,116,104,12,12
61233,146,143,3,3
61234,64,71,-7,7
61235,175,157,18,18
61236,139,132,7,7
61237,79,73,6,6
61238,120,109,11,11
61239,84,88,-4,4
61240,132,128,4,4
61241,71,72,-1,1
61242,104,91,13,13
61243,60,64,-4,4
61244,171,146,25,25
61245,93,91,2,2
61246,132,124,8,8
61247,55,60,-5,5
61248,74,56,18,18
61249,126,104,22,22
61250,75,79,-4,4
61251,45,62,-17,17
61252,95,91,4,4
61253,154,132,22,22
61254,143,125,18,18
61255,111,105,6,6
61256,97,99,-2,2
61257,203,208,-5,5
61258,42,43,-1,1
61259,49,50,-1,1
61260,111,108,3,3
61261,76,65,11,11
61262,79,73,6,6
61263,70,79,-9,9
61264,57,55,2,2
61265,60,50,10,10
61266,119,120,-1,1
61267,76,81,-5,5
61268,72,66,6,6
61269,124,105,19,19
61270,138,110,28,28
61271,118,112,6,6
61272,119,109,10,10
61273,94,79,15,15
61274,113,129,-16,16
61275,69,85,-16,16
61276,106,94,12,12
61277,41,49,-8,8
61278,88,81,7,7
61279,124,132,-8,8
61280,51,55,-4,4
61281,70,78,-8,8
61282,112,109,3,3
61283,100,95,5,5
61284,143,127,16,16
61285,87,91,-4,4
61286,61,66,-5,5
61287,64,67,-3,3
61288,130,116,14,14
61289,81,78,3,3
61290,73,65,8,8
61291,47,49,-2,2
61292,99,110,-11,11
61293,95,88,7,7
61294,105,103,2,2
61295,126,124,2,2
61296,108,95,13,13
61297,67,71,-4,4
61298,72,79,-7,7
61299,65,61,4,4
61300,109,103,6,6
61301,52,57,-5,5
61302,122,108,14,14
61303,59,70,-11,11
61304,117,122,-5,5
61305,79,72,7,7
61306,46,48,-2,2
61307,64,75,-11,11
61308,71,85,-14,14
61309,60,63,-3,3
61310,70,71,-1,1
61311,114,107,7,7
61312,101,97,4,4
61313,138,137,1,1
61314,98,89,9,9
61315,92,94,-2,2
61316,196,180,16,16
61317,109,108,1,1
61318,55,51,4,4
61319,166,161,5,5
61320,68,68,0,0
61321,61,67,-6,6
61322,79,78,1,1
61323,86,80,6,6
61324,90,83,7,7
61325,128,119,9,9
61326,102,100,2,2
61327,118,105,13,13
61328,86,84,2,2
61329,105,104,1,1
61330,78,74,4,4
61331,96,94,2,2
61332,38,48,-10,10
61333,96,98,-2,2
61334,123,118,5,5
61335,85,81,4,4
61336,117,104,13,13
61337,78,112,-34,34
61338,131,129,2,2
61339,82,79,3,3
61340,87,90,-3,3
61341,81,77,4,4
61342,59,58,1,1
61343,84,83,1,1
61344,89,91,-2,2
61345,65,65,0,0
61346,131,131,0,0
61347,55,61,-6,6
61348,66,65,1,1
61349,74,71,3,3
61350,84,68,16,16
61351,110,98,12,12
61352,63,77,-14,14
61353,97,82,15,15
61354,55,69,-14,14
61355,94,95,-1,1
61356,148,140,8,8
61357,110,98,12,12
61358,161,152,9,9
61359,139,126,13,13
61360,63,73,-10,10
61361,120,116,4,4
61362,79,83,-4,4
61363,131,130,1,1
61364,150,126,24,24
61365,80,81,-1,1
61366,37,42,-5,5
61367,116,111,5,5
61368,82,80,2,2
61369,130,126,4,4
61370,68,75,-7,7
61371,86,83,3,3
61372,90,80,10,10
61373,57,55,2,2
61374,149,132,17,17
61375,79,83,-4,4
61376,126,123,3,3
61377,120,130,-10,10
61378,197,175,22,22
61379,62,58,4,4
61380,88,85,3,3
61381,144,132,12,12
61382,99,88,11,11
61383,101,115,-14,14
61384,111,96,15,15
61385,61,65,-4,4
61386,85,81,4,4
61387,96,93,3,3
61388,125,120,5,5
61389,107,97,10,10
61390,136,118,18,18
61391,148,138,10,10
61392,98,100,-2,2
61393,66,59,7,7
61394,95,75,20,20
61395,107,89,18,18
61396,47,52,-5,5
61397,78,78,0,0
61398,81,79,2,2
61399,72,75,-3,3
61400,84,92,-8,8
61401,145,147,-2,2
61402,77,75,2,2
61403,90,84,6,6
61404,131,116,15,15
61405,91,82,9,9
61406,38,70,-32,32
61407,94,88,6,6
61408,111,106,5,5
61409,145,136,9,9
61410,84,85,-1,1
61411,87,80,7,7
61412,115,107,8,8
61413,95,86,9,9
61414,144,126,18,18
61415,90,85,5,5
61416,101,92,9,9
61417,91,89,2,2
61418,190,180,10,10
61419,80,80,0,0
61420,167,143,24,24
61421,83,73,10,10
61422,66,67,-1,1
61423,50,52,-2,2
61424,111,106,5,5
61425,83,89,-6,6
61426,72,67,5,5
61427,73,72,1,1
61428,79,83,-4,4
61429,66,73,-7,7
61430,83,80,3,3
61431,262,223,39,39
61432,108,109,-1,1
61433,117,110,7,7
61434,98,83,15,15
61435,85,90,-5,5
61436,63,62,1,1
61437,190,174,16,16
61438,85,81,4,4
61439,123,112,11,11
61440,144,136,8,8
61441,75,78,-3,3
61442,97,92,5,5
61443,85,74,11,11
61444,69,66,3,3
61445,77,78,-1,1
61446,61,66,-5,5
61447,75,73,2,2
61448,97,116,-19,19
61449,70,69,1,1
61450,85,80,5,5
61451,61,67,-6,6
61452,77,71,6,6
61453,58,65,-7,7
61454,83,77,6,6
61455,91,94,-3,3
61456,53,58,-5,5
61457,55,53,2,2
61458,87,86,1,1
61459,80,85,-5,5
61460,53,63,-10,10
61461,133,122,11,11
61462,90,92,-2,2
61463,60,68,-8,8
61464,68,73,-5,5
61465,66,53,13,13
61466,112,112,0,0
61467,139,132,7,7
61468,50,53,-3,3
61469,120,116,4,4
61470,77,77,0,0
61471,81,69,12,12
61472,87,80,7,7
61473,43,49,-6,6
61474,68,60,8,8
61475,58,57,1,1
61476,120,121,-1,1
61477,114,100,14,14
61478,173,155,18,18
61479,62,64,-2,2
61480,115,102,13,13
61481,213,189,24,24
61482,108,104,4,4
61483,53,66,-13,13
61484,85,77,8,8
61485,119,116,3,3
61486,74,79,-5,5
61487,93,85,8,8
61488,72,71,1,1
61489,104,87,17,17
61490,88,90,-2,2
61491,56,66,-10,10
61492,139,129,10,10
61493,110,107,3,3
61494,93,89,4,4
61495,54,49,5,5
61496,83,86,-3,3
61497,73,68,5,5
61498,202,176,26,26
61499,95,90,5,5
61500,51,54,-3,3
61501,141,123,18,18
61502,130,125,5,5
61503,89,94,-5,5
61504,67,65,2,2
61505,92,91,1,1
61506,138,141,-3,3
61507,50,51,-1,1
61508,85,79,6,6
61509,118,101,17,17
61510,84,82,2,2
61511,95,88,7,7
61512,92,95,-3,3
61513,141,146,-5,5
61514,94,100,-6,6
61515,117,116,1,1
61516,82,67,15,15
61517,73,78,-5,5
61518,108,96,12,12
61519,93,104,-11,11
61520,156,155,1,1
61521,84,84,0,0
61522,106,89,17,17
61523,91,95,-4,4
61524,88,89,-1,1
61525,78,70,8,8
61526,136,128,8,8
61527,59,66,-7,7
61528,94,99,-5,5
61529,100,96,4,4
61530,144,135,9,9
61531,89,109,-20,20
61532,67,70,-3,3
61533,28,40,-12,12
61534,114,107,7,7
61535,123,129,-6,6
61536,85,70,15,15
61537,77,77,0,0
61538,89,102,-13,13
61539,90,87,3,3
61540,80,82,-2,2
61541,114,113,1,1
61542,46,48,-2,2
61543,123,110,13,13
61544,132,128,4,4
61545,106,114,-8,8
61546,93,94,-1,1
61547,100,117,-17,17
61548,82,79,3,3
61549,170,170,0,0
61550,103,116,-13,13
61551,60,66,-6,6
61552,101,113,-12,12
61553,101,97,4,4
61554,106,98,8,8
61555,53,68,-15,15
61556,45,45,0,0
61557,102,116,-14,14
61558,74,69,5,5
61559,107,114,-7,7
61560,95,97,-2,2
61561,96,88,8,8
61562,100,96,4,4
61563,40,54,-14,14
61564,85,79,6,6
61565,59,64,-5,5
61566,107,96,11,11
61567,157,142,15,15
61568,72,77,-5,5
61569,104,91,13,13
61570,53,62,-9,9
61571,131,123,8,8
61572,147,135,12,12
61573,80,78,2,2
61574,135,129,6,6
61575,119,110,9,9
61576,128,119,9,9
61577,126,117,9,9
61578,91,79,12,12
61579,102,85,17,17
61580,55,64,-9,9
61581,69,68,1,1
61582,57,67,-10,10
61583,53,56,-3,3
61584,109,92,17,17
61585,106,88,18,18
61586,106,106,0,0
61587,128,112,16,16
61588,84,77,7,7
61589,73,77,-4,4
61590,137,115,22,22
61591,96,96,0,0
61592,106,101,5,5
61593,119,115,4,4
61594,113,110,3,3
61595,138,121,17,17
61596,52,56,-4,4
61597,115,106,9,9
61598,66,67,-1,1
61599,114,112,2,2
61600,46,64,-18,18
61601,108,103,5,5
61602,85,79,6,6
61603,67,61,6,6
61604,66,58,8,8
61605,76,82,-6,6
61606,93,85,8,8
61607,145,147,-2,2
61608,122,113,9,9
61609,88,83,5,5
61610,59,59,0,0
61611,77,80,-3,3
61612,84,86,-2,2
61613,71,77,-6,6
61614,93,88,5,5
61615,71,67,4,4
61616,40,49,-9,9
61617,165,147,18,18
61618,104,100,4,4
61619,54,51,3,3
61620,46,43,3,3
61621,70,69,1,1
61622,51,52,-1,1
61623,86,82,4,4
61624,86,81,5,5
61625,90,85,5,5
61626,160,154,6,6
61627,119,112,7,7
61628,78,82,-4,4
61629,112,120,-8,8
61630,89,79,10,10
61631,96,101,-5,5
61632,96,94,2,2
61633,96,95,1,1
61634,33,43,-10,10
61635,78,74,4,4
61636,65,58,7,7
61637,69,71,-2,2
61638,85,84,1,1
61639,71,64,7,7
61640,119,104,15,15
61641,100,93,7,7
61642,102,98,4,4
61643,96,83,13,13
61644,77,74,3,3
61645,91,90,1,1
61646,175,154,21,21
61647,96,99,-3,3
61648,133,121,12,12
61649,107,123,-16,16
61650,98,88,10,10
61651,94,99,-5,5
61652,67,67,0,0
61653,116,116,0,0
61654,73,80,-7,7
61655,83,71,12,12
61656,75,80,-5,5
61657,109,120,-11,11
61658,143,143,0,0
61659,84,84,0,0
61660,79,81,-2,2
61661,104,98,6,6
61662,44,45,-1,1
61663,53,48,5,5
61664,108,98,10,10
61665,86,90,-4,4
61666,119,115,4,4
61667,56,42,14,14
61668,88,94,-6,6
61669,118,114,4,4
61670,102,100,2,2
61671,49,52,-3,3
61672,99,94,5,5
61673,105,184,-79,79
61674,131,110,21,21
61675,78,71,7,7
61676,99,89,10,10
61677,23,36,-13,13
61678,126,126,0,0
61679,92,88,4,4
61680,85,89,-4,4
61681,61,65,-4,4
61682,137,138,-1,1
61683,74,75,-1,1
61684,129,118,11,11
61685,156,151,5,5
61686,72,69,3,3
61687,151,134,17,17
61688,72,65,7,7
61689,81,85,-4,4
61690,128,116,12,12
61691,136,121,15,15
61692,111,108,3,3
61693,150,151,-1,1
61694,79,79,0,0
61695,124,116,8,8
61696,133,117,16,16
61697,106,113,-7,7
61698,71,76,-5,5
61699,69,65,4,4
61700,105,109,-4,4
61701,60,57,3,3
61702,97,93,4,4
61703,129,128,1,1
61704,70,66,4,4
61705,137,138,-1,1
61706,110,96,14,14
61707,97,92,5,5
61708,149,161,-12,12
61709,63,68,-5,5
61710,71,71,0,0
61711,108,96,12,12
61712,127,120,7,7
61713,92,93,-1,1
61714,41,48,-7,7
61715,87,84,3,3
61716,95,91,4,4
61717,58,63,-5,5
61718,103,111,-8,8
61719,106,101,5,5
61720,100,103,-3,3
61721,49,54,-5,5
61722,103,113,-10,10
61723,147,151,-4,4
61724,110,103,7,7
61725,121,135,-14,14
61726,66,69,-3,3
61727,66,68,-2,2
61728,75,73,2,2
61729,127,132,-5,5
61730,96,90,6,6
61731,179,159,20,20
61732,153,146,7,7
61733,89,80,9,9
61734,111,109,2,2
61735,124,101,23,23
61736,86,71,15,15
61737,98,102,-4,4
61738,82,83,-1,1
61739,138,114,24,24
61740,98,87,11,11
61741,187,171,16,16
61742,141,127,14,14
61743,72,75,-3,3
61744,110,103,7,7
61745,87,90,-3,3
61746,60,60,0,0
61747,71,71,0,0
61748,123,121,2,2
61749,57,64,-7,7
61750,113,114,-1,1
61751,148,141,7,7
61752,73,74,-1,1
61753,62,73,-11,11
61754,108,126,-18,18
61755,105,100,5,5
61756,152,116,36,36
61757,51,56,-5,5
61758,127,119,8,8
61759,31,62,-31,31
61760,68,66,2,2
61761,163,146,17,17
61762,160,147,13,13
61763,73,79,-6,6
61764,43,49,-6,6
61765,102,98,4,4
61766,91,105,-14,14
61767,136,113,23,23
61768,92,85,7,7
61769,60,61,-1,1
61770,45,53,-8,8
61771,111,99,12,12
61772,95,98,-3,3
61773,100,94,6,6
61774,139,136,3,3
61775,99,90,9,9
61776,68,73,-5,5
61777,55,54,1,1
61778,110,98,12,12
61779,67,73,-6,6
61780,103,96,7,7
61781,115,109,6,6
61782,131,136,-5,5
61783,106,109,-3,3
61784,154,152,2,2
61785,104,111,-7,7
61786,91,87,4,4
61787,139,139,0,0
61788,56,61,-5,5
61789,139,129,10,10
61790,72,66,6,6
61791,144,136,8,8
61792,112,109,3,3
61793,68,65,3,3
61794,88,88,0,0
61795,79,89,-10,10
61796,104,103,1,1
61797,54,50,4,4
61798,111,97,14,14
61799,87,87,0,0
61800,185,167,18,18
61801,92,86,6,6
61802,68,75,-7,7
61803,91,85,6,6
61804,84,81,3,3
61805,82,80,2,2
61806,126,115,11,11
61807,71,72,-1,1
61808,72,68,4,4
61809,137,132,5,5
61810,61,69,-8,8
61811,106,102,4,4
61812,59,52,7,7
61813,77,75,2,2
61814,149,122,27,27
61815,63,67,-4,4
61816,66,71,-5,5
61817,105,101,4,4
61818,85,82,3,3
61819,109,92,17,17
61820,81,84,-3,3
61821,60,65,-5,5
61822,40,47,-7,7
61823,95,87,8,8
61824,110,94,16,16
61825,68,66,2,2
61826,67,69,-2,2
61827,76,75,1,1
61828,188,176,12,12
61829,59,58,1,1
61830,131,115,16,16
61831,108,102,6,6
61832,114,115,-1,1
61833,108,102,6,6
61834,104,94,10,10
61835,94,92,2,2
61836,47,49,-2,2
61837,77,67,10,10
61838,80,83,-3,3
61839,96,88,8,8
61840,103,100,3,3
61841,109,107,2,2
61842,66,78,-12,12
61843,98,89,9,9
61844,126,106,20,20
61845,97,107,-10,10
61846,99,95,4,4
61847,107,106,1,1
61848,129,125,4,4
61849,87,90,-3,3
61850,69,68,1,1
61851,115,104,11,11
61852,99,99,0,0
61853,99,91,8,8
61854,155,158,-3,3
61855,121,112,9,9
61856,123,126,-3,3
61857,91,90,1,1
61858,68,77,-9,9
61859,118,102,16,16
61860,98,101,-3,3
61861,108,102,6,6
61862,112,105,7,7
61863,80,74,6,6
61864,92,125,-33,33
61865,116,105,11,11
61866,56,59,-3,3
61867,127,121,6,6
61868,50,53,-3,3
61869,121,107,14,14
61870,157,149,8,8
61871,78,73,5,5
61872,85,78,7,7
61873,142,138,4,4
61874,42,47,-5,5
61875,62,67,-5,5
61876,61,65,-4,4
61877,75,78,-3,3
61878,82,84,-2,2
61879,107,101,6,6
61880,130,127,3,3
61881,64,72,-8,8
61882,75,73,2,2
61883,109,101,8,8
61884,65,76,-11,11
61885,112,114,-2,2
61886,88,93,-5,5
61887,140,128,12,12
61888,132,121,11,11
61889,108,108,0,0
61890,92,76,16,16
61891,63,60,3,3
61892,48,49,-1,1
61893,144,118,26,26
61894,104,100,4,4
61895,107,98,9,9
61896,52,68,-16,16
61897,73,73,0,0
61898,44,48,-4,4
61899,120,111,9,9
61900,87,83,4,4
61901,110,114,-4,4
61902,73,72,1,1
61903,79,85,-6,6
61904,57,64,-7,7
61905,68,69,-1,1
61906,81,96,-15,15
61907,63,64,-1,1
61908,41,43,-2,2
61909,71,67,4,4
61910,106,106,0,0
61911,105,95,10,10
61912,183,147,36,36
61913,111,114,-3,3
61914,137,126,11,11
61915,51,55,-4,4
61916,40,44,-4,4
61917,70,78,-8,8
61918,120,113,7,7
61919,57,65,-8,8
61920,66,63,3,3
61921,140,116,24,24
61922,71,80,-9,9
61923,96,91,5,5
61924,108,105,3,3
61925,134,143,-9,9
61926,97,92,5,5
61927,44,47,-3,3
61928,49,53,-4,4
61929,63,59,4,4
61930,97,99,-2,2
61931,38,41,-3,3
61932,68,67,1,1
61933,114,103,11,11
61934,105,106,-1,1
61935,36,43,-7,7
61936,69,63,6,6
61937,101,93,8,8
61938,155,138,17,17
61939,53,69,-16,16
61940,151,140,11,11
61941,65,65,0,0
61942,64,67,-3,3
61943,181,162,19,19
61944,110,109,1,1
61945,93,95,-2,2
61946,183,163,20,20
61947,94,91,3,3
61948,91,90,1,1
61949,105,106,-1,1
61950,51,56,-5,5
61951,76,77,-1,1
61952,60,73,-13,13
61953,72,69,3,3
61954,108,104,4,4
61955,119,113,6,6
61956,98,110,-12,12
61957,119,105,14,14
61958,122,115,7,7
61959,90,89,1,1
61960,55,58,-3,3
61961,62,58,4,4
61962,41,66,-25,25
61963,86,81,5,5
61964,58,61,-3,3
61965,159,155,4,4
61966,84,84,0,0
61967,101,96,5,5
61968,107,94,13,13
61969,150,139,11,11
61970,105,105,0,0
61971,83,83,0,0
61972,78,86,-8,8
61973,51,52,-1,1
61974,83,92,-9,9
61975,111,110,1,1
61976,116,121,-5,5
61977,124,96,28,28
61978,116,106,10,10
61979,133,122,11,11
61980,143,134,9,9
61981,102,100,2,2
61982,94,93,1,1
61983,66,67,-1,1
61984,76,82,-6,6
61985,108,100,8,8
61986,69,61,8,8
61987,90,75,15,15
61988,65,72,-7,7
61989,157,151,6,6
61990,81,75,6,6
61991,116,118,-2,2
61992,94,92,2,2
61993,98,112,-14,14
61994,149,136,13,13
61995,87,87,0,0
61996,124,121,3,3
61997,121,118,3,3
61998,157,140,17,17
61999,100,90,10,10
62000,129,127,2,2
62001,97,94,3,3
62002,57,55,2,2
62003,108,101,7,7
62004,64,59,5,5
62005,195,165,30,30
62006,81,77,4,4
62007,92,91,1,1
62008,139,141,-2,2
62009,67,65,2,2
62010,78,83,-5,5
62011,56,64,-8,8
62012,90,87,3,3
62013,69,73,-4,4
62014,109,96,13,13
62015,67,66,1,1
62016,65,70,-5,5
62017,67,74,-7,7
62018,128,110,18,18
62019,101,94,7,7
62020,103,99,4,4
62021,66,65,1,1
62022,78,82,-4,4
62023,121,114,7,7
62024,99,103,-4,4
62025,69,61,8,8
62026,64,68,-4,4
62027,66,65,1,1
62028,76,78,-2,2
62029,91,91,0,0
62030,49,58,-9,9
62031,222,177,45,45
62032,71,65,6,6
62033,155,147,8,8
62034,80,85,-5,5
62035,94,74,20,20
62036,70,66,4,4
62037,106,103,3,3
62038,81,85,-4,4
62039,90,80,10,10
62040,73,75,-2,2
62041,65,59,6,6
62042,71,77,-6,6
62043,140,115,25,25
62044,109,111,-2,2
62045,72,70,2,2
62046,95,102,-7,7
62047,92,83,9,9
62048,104,105,-1,1
62049,74,75,-1,1
62050,102,99,3,3
62051,75,79,-4,4
62052,100,93,7,7
62053,111,115,-4,4
62054,52,50,2,2
62055,79,70,9,9
62056,99,93,6,6
62057,140,138,2,2
62058,181,178,3,3
62059,106,101,5,5
62060,59,51,8,8
62061,129,116,13,13
62062,95,109,-14,14
62063,50,54,-4,4
62064,71,67,4,4
62065,46,63,-17,17
62066,103,107,-4,4
62067,82,82,0,0
62068,114,103,11,11
62069,114,109,5,5
62070,92,91,1,1
62071,74,80,-6,6
62072,102,101,1,1
62073,104,102,2,2
62074,86,80,6,6
62075,51,70,-19,19
62076,86,85,1,1
62077,78,79,-1,1
62078,99,101,-2,2
62079,95,86,9,9
62080,82,80,2,2
62081,111,109,2,2
62082,129,113,16,16
62083,90,108,-18,18
62084,139,128,11,11
62085,72,81,-9,9
62086,55,60,-5,5
62087,165,153,12,12
62088,115,115,0,0
62089,61,71,-10,10
62090,84,82,2,2
62091,136,132,4,4
62092,83,77,6,6
62093,27,68,-41,41
62094,108,103,5,5
62095,147,132,15,15
62096,120,120,0,0
62097,73,104,-31,31
62098,60,71,-11,11
62099,123,124,-1,1
62100,89,87,2,2
62101,73,65,8,8
62102,64,66,-2,2
62103,62,65,-3,3
62104,100,95,5,5
62105,100,89,11,11
62106,48,64,-16,16
62107,119,108,11,11
62108,53,59,-6,6
62109,142,137,5,5
62110,58,58,0,0
62111,100,109,-9,9
62112,77,77,0,0
62113,71,84,-13,13
62114,126,123,3,3
62115,50,52,-2,2
62116,205,162,43,43
62117,60,66,-6,6
62118,91,89,2,2
62119,70,78,-8,8
62120,90,93,-3,3
62121,159,148,11,11
62122,75,78,-3,3
62123,116,93,23,23
62124,109,113,-4,4
62125,143,130,13,13
62126,112,101,11,11
62127,84,85,-1,1
62128,170,167,3,3
62129,150,143,7,7
62130,109,100,9,9
62131,161,146,15,15
62132,99,102,-3,3
62133,127,108,19,19
62134,62,64,-2,2
62135,133,128,5,5
62136,101,108,-7,7
62137,127,118,9,9
62138,89,85,4,4
62139,95,91,4,4
62140,150,135,15,15
62141,49,51,-2,2
62142,92,90,2,2
62143,92,89,3,3
62144,38,49,-11,11
62145,145,145,0,0
62146,156,155,1,1
62147,125,120,5,5
62148,51,51,0,0
62149,134,107,27,27
62150,92,100,-8,8
62151,85,92,-7,7
62152,60,60,0,0
62153,67,72,-5,5
62154,99,104,-5,5
62155,159,154,5,5
62156,86,92,-6,6
62157,75,65,10,10
62158,42,44,-2,2
62159,71,76,-5,5
62160,136,137,-1,1
62161,67,75,-8,8
62162,112,106,6,6
62163,71,74,-3,3
62164,48,64,-16,16
62165,139,135,4,4
62166,114,143,-29,29
62167,48,47,1,1
62168,86,84,2,2
62169,119,111,8,8
62170,94,88,6,6
62171,105,106,-1,1
62172,104,94,10,10
62173,85,86,-1,1
62174,66,67,-1,1
62175,93,88,5,5
62176,88,94,-6,6
62177,67,68,-1,1
62178,91,96,-5,5
62179,110,105,5,5
62180,80,74,6,6
62181,98,104,-6,6
62182,126,121,5,5
62183,52,63,-11,11
62184,63,69,-6,6
62185,91,90,1,1
62186,103,105,-2,2
62187,68,68,0,0
62188,73,75,-2,2
62189,95,95,0,0
62190,100,97,3,3
62191,111,93,18,18
62192,100,103,-3,3
62193,75,79,-4,4
62194,84,87,-3,3
62195,75,75,0,0
62196,139,123,16,16
62197,105,106,-1,1
62198,84,93,-9,9
62199,137,119,18,18
62200,65,95,-30,30
62201,97,88,9,9
62202,78,82,-4,4
62203,122,123,-1,1
62204,72,79,-7,7
62205,80,93,-13,13
62206,132,118,14,14
62207,113,103,10,10
62208,121,116,5,5
62209,72,73,-1,1
62210,95,100,-5,5
62211,124,119,5,5
62212,122,118,4,4
62213,152,147,5,5
62214,105,97,8,8
62215,103,108,-5,5
62216,111,102,9,9
62217,60,64,-4,4
62218,75,92,-17,17
62219,69,72,-3,3
62220,85,77,8,8
62221,91,93,-2,2
62222,106,93,13,13
62223,76,85,-9,9
62224,43,47,-4,4
62225,65,65,0,0
62226,180,173,7,7
62227,38,56,-18,18
62228,86,81,5,5
62229,77,80,-3,3
62230,110,109,1,1
62231,111,109,2,2
62232,134,125,9,9
62233,123,123,0,0
62234,67,68,-1,1
62235,77,83,-6,6
62236,95,102,-7,7
62237,94,90,4,4
62238,131,123,8,8
62239,88,101,-13,13
62240,130,121,9,9
62241,78,78,0,0
62242,98,96,2,2
62243,66,66,0,0
62244,63,65,-2,2
62245,85,81,4,4
62246,82,81,1,1
62247,82,88,-6,6
62248,104,99,5,5
62249,120,115,5,5
62250,68,70,-2,2
62251,108,107,1,1
62252,101,94,7,7
62253,102,94,8,8
62254,161,159,2,2
62255,48,53,-5,5
62256,82,91,-9,9
62257,134,126,8,8
62258,102,92,10,10
62259,47,57,-10,10
62260,101,77,24,24
62261,103,95,8,8
62262,158,139,19,19
62263,79,81,-2,2
62264,126,121,5,5
62265,72,79,-7,7
62266,103,97,6,6
62267,86,95,-9,9
62268,73,82,-9,9
62269,150,139,11,11
62270,69,65,4,4
62271,89,85,4,4
62272,102,93,9,9
62273,89,87,2,2
62274,92,95,-3,3
62275,91,84,7,7
62276,69,68,1,1
62277,31,45,-14,14
62278,62,60,2,2
62279,74,79,-5,5
62280,73,68,5,5
62281,92,79,13,13
62282,68,72,-4,4
62283,121,111,10,10
62284,160,154,6,6
62285,124,116,8,8
62286,71,67,4,4
62287,98,88,10,10
62288,85,83,2,2
62289,93,83,10,10
62290,87,75,12,12
62291,210,173,37,37
62292,74,72,2,2
62293,84,87,-3,3
62294,141,136,5,5
62295,68,69,-1,1
62296,118,114,4,4
62297,75,78,-3,3
62298,150,141,9,9
62299,162,153,9,9
62300,59,55,4,4
62301,82,80,2,2
62302,118,108,10,10
62303,94,97,-3,3
62304,75,93,-18,18
62305,71,69,2,2
62306,131,122,9,9
62307,120,108,12,12
62308,91,90,1,1
62309,112,102,10,10
62310,145,137,8,8
62311,93,83,10,10
62312,93,91,2,2
62313,89,77,12,12
62314,110,102,8,8
62315,78,77,1,1
62316,80,79,1,1
62317,133,128,5,5
62318,50,47,3,3
62319,82,80,2,2
62320,145,124,21,21
62321,126,105,21,21
62322,105,100,5,5
62323,159,153,6,6
62324,118,121,-3,3
62325,142,132,10,10
62326,108,95,13,13
62327,110,109,1,1
62328,106,94,12,12
62329,119,116,3,3
62330,90,89,1,1
62331,68,71,-3,3
62332,119,110,9,9
62333,162,148,14,14
62334,76,81,-5,5
62335,89,83,6,6
62336,57,61,-4,4
62337,79,79,0,0
62338,72,78,-6,6
62339,110,95,15,15
62340,82,77,5,5
62341,76,70,6,6
62342,68,74,-6,6
62343,79,103,-24,24
62344,64,67,-3,3
62345,151,132,19,19
62346,64,67,-3,3
62347,110,102,8,8
62348,78,72,6,6
62349,123,118,5,5
62350,118,113,5,5
62351,58,64,-6,6
62352,140,130,10,10
62353,128,113,15,15
62354,57,50,7,7
62355,101,99,2,2
62356,106,98,8,8
62357,71,77,-6,6
62358,61,56,5,5
62359,187,156,31,31
62360,123,107,16,16
62361,64,65,-1,1
62362,59,63,-4,4
62363,83,83,0,0
62364,68,69,-1,1
62365,83,74,9,9
62366,111,100,11,11
62367,86,91,-5,5
62368,87,88,-1,1
62369,97,91,6,6
62370,76,79,-3,3
62371,91,91,0,0
62372,169,145,24,24
62373,51,49,2,2
62374,57,72,-15,15
62375,168,170,-2,2
62376,93,73,20,20
62377,93,89,4,4
62378,98,84,14,14
62379,76,85,-9,9
62380,142,132,10,10
62381,60,66,-6,6
62382,118,109,9,9
62383,40,59,-19,19
62384,68,63,5,5
62385,75,66,9,9
62386,97,94,3,3
62387,124,119,5,5
62388,68,61,7,7
62389,89,92,-3,3
62390,109,106,3,3
62391,53,51,2,2
62392,112,106,6,6
62393,140,138,2,2
62394,113,100,13,13
62395,105,112,-7,7
62396,69,66,3,3
62397,98,118,-20,20
62398,150,144,6,6
62399,93,89,4,4
62400,117,121,-4,4
62401,44,47,-3,3
62402,65,56,9,9
62403,78,72,6,6
62404,149,143,6,6
62405,75,74,1,1
62406,82,82,0,0
62407,93,84,9,9
62408,129,128,1,1
62409,46,53,-7,7
62410,56,49,7,7
62411,99,82,17,17
62412,31,48,-17,17
62413,113,108,5,5
62414,167,165,2,2
62415,113,113,0,0
62416,171,167,4,4
62417,71,73,-2,2
62418,103,100,3,3
62419,76,80,-4,4
62420,64,56,8,8
62421,105,103,2,2
62422,176,163,13,13
62423,127,113,14,14
62424,118,101,17,17
62425,88,98,-10,10
62426,133,129,4,4
62427,84,95,-11,11
62428,108,104,4,4
62429,72,68,4,4
62430,128,122,6,6
62431,36,46,-10,10
62432,116,103,13,13
62433,105,106,-1,1
62434,85,85,0,0
62435,48,51,-3,3
62436,142,122,20,20
62437,78,64,14,14
62438,72,78,-6,6
62439,255,228,27,27
62440,113,113,0,0
62441,98,87,11,11
62442,143,126,17,17
62443,85,103,-18,18
62444,111,111,0,0
62445,106,99,7,7
62446,111,107,4,4
62447,84,77,7,7
62448,74,76,-2,2
62449,87,89,-2,2
62450,133,128,5,5
62451,111,111,0,0
62452,78,78,0,0
62453,83,87,-4,4
62454,117,103,14,14
62455,97,91,6,6
62456,127,124,3,3
62457,66,65,1,1
62458,124,112,12,12
62459,72,72,0,0
62460,108,94,14,14
62461,124,123,1,1
62462,137,113,24,24
62463,84,82,2,2
62464,175,167,8,8
62465,32,41,-9,9
62466,127,111,16,16
62467,139,134,5,5
62468,84,105,-21,21
62469,138,142,-4,4
62470,147,144,3,3
62471,49,55,-6,6
62472,87,84,3,3
62473,71,77,-6,6
62474,89,76,13,13
62475,122,115,7,7
62476,110,112,-2,2
62477,112,111,1,1
62478,161,139,22,22
62479,78,85,-7,7
62480,84,86,-2,2
62481,96,86,10,10
62482,83,82,1,1
62483,166,137,29,29
62484,69,66,3,3
62485,48,47,1,1
62486,84,72,12,12
62487,113,95,18,18
62488,89,91,-2,2
62489,51,58,-7,7
62490,101,102,-1,1
62491,70,70,0,0
62492,107,96,11,11
62493,99,93,6,6
62494,142,130,12,12
62495,123,110,13,13
62496,81,79,2,2
62497,60,58,2,2
62498,139,125,14,14
62499,93,86,7,7
62500,123,128,-5,5
62501,101,79,22,22
62502,128,123,5,5
62503,72,74,-2,2
62504,134,117,17,17
62505,89,88,1,1
62506,162,148,14,14
62507,129,109,20,20
62508,97,92,5,5
62509,63,73,-10,10
62510,88,89,-1,1
62511,47,49,-2,2
62512,163,149,14,14
62513,169,169,0,0
62514,88,80,8,8
62515,116,109,7,7
62516,68,68,0,0
62517,66,68,-2,2
62518,75,77,-2,2
62519,79,82,-3,3
62520,132,129,3,3
62521,64,68,-4,4
62522,154,144,10,10
62523,159,129,30,30
62524,97,96,1,1
62525,151,142,9,9
62526,64,67,-3,3
62527,86,76,10,10
62528,86,101,-15,15
62529,105,101,4,4
62530,135,132,3,3
62531,78,86,-8,8
62532,180,153,27,27
62533,126,112,14,14
62534,115,112,3,3
62535,95,102,-7,7
62536,123,104,19,19
62537,49,59,-10,10
62538,94,98,-4,4
62539,170,159,11,11
62540,92,88,4,4
62541,101,102,-1,1
62542,93,91,2,2
62543,123,136,-13,13
62544,83,74,9,9
62545,122,101,21,21
62546,109,117,-8,8
62547,67,57,10,10
62548,59,64,-5,5
62549,79,72,7,7
62550,82,88,-6,6
62551,69,69,0,0
62552,83,90,-7,7
62553,116,106,10,10
62554,202,170,32,32
62555,92,99,-7,7
62556,95,87,8,8
62557,104,104,0,0
62558,124,111,13,13
62559,203,179,24,24
62560,95,95,0,0
62561,131,124,7,7
62562,42,44,-2,2
62563,106,84,22,22
62564,40,45,-5,5
62565,81,81,0,0
62566,125,109,16,16
62567,82,80,2,2
62568,121,112,9,9
62569,85,96,-11,11
62570,104,92,12,12
62571,82,79,3,3
62572,76,73,3,3
62573,60,66,-6,6
62574,91,72,19,19
62575,96,83,13,13
62576,118,111,7,7
62577,101,94,7,7
62578,140,138,2,2
62579,153,144,9,9
62580,115,119,-4,4
62581,38,54,-16,16
62582,74,77,-3,3
62583,28,61,-33,33
62584,65,69,-4,4
62585,113,117,-4,4
62586,109,108,1,1
62587,93,92,1,1
62588,87,80,7,7
62589,54,57,-3,3
62590,125,118,7,7
62591,141,134,7,7
62592,114,118,-4,4
62593,122,115,7,7
62594,138,135,3,3
62595,98,92,6,6
62596,84,86,-2,2
62597,118,111,7,7
62598,114,105,9,9
62599,69,73,-4,4
62600,47,61,-14,14
62601,72,62,10,10
62602,72,62,10,10
62603,85,86,-1,1
62604,48,49,-1,1
62605,96,91,5,5
62606,90,85,5,5
62607,99,89,10,10
62608,122,123,-1,1
62609,60,66,-6,6
62610,80,85,-5,5
62611,79,83,-4,4
62612,54,52,2,2
62613,90,89,1,1
62614,84,86,-2,2
62615,98,96,2,2
62616,106,98,8,8
62617,70,78,-8,8
62618,93,80,13,13
62619,81,76,5,5
62620,108,101,7,7
62621,66,67,-1,1
62622,92,85,7,7
62623,58,51,7,7
62624,80,75,5,5
62625,72,73,-1,1
62626,92,86,6,6
62627,114,118,-4,4
62628,149,130,19,19
62629,85,77,8,8
62630,61,53,8,8
62631,104,92,12,12
62632,100,90,10,10
62633,132,127,5,5
62634,132,120,12,12
62635,114,97,17,17
62636,89,92,-3,3
62637,52,51,1,1
62638,51,49,2,2
62639,109,105,4,4
62640,112,119,-7,7
62641,80,74,6,6
62642,158,171,-13,13
62643,103,90,13,13
62644,59,63,-4,4
62645,118,104,14,14
62646,114,106,8,8
62647,101,92,9,9
62648,64,67,-3,3
62649,75,74,1,1
62650,110,95,15,15
62651,168,174,-6,6
62652,109,94,15,15
62653,106,101,5,5
62654,32,78,-46,46
62655,86,91,-5,5
62656,185,144,41,41
62657,125,132,-7,7
62658,48,55,-7,7
62659,128,125,3,3
62660,138,138,0,0
62661,75,70,5,5
62662,84,100,-16,16
62663,115,97,18,18
62664,58,71,-13,13
62665,97,94,3,3
62666,152,134,18,18
62667,94,97,-3,3
62668,114,108,6,6
62669,130,131,-1,1
62670,61,59,2,2
62671,185,161,24,24
62672,110,105,5,5
62673,58,61,-3,3
62674,79,84,-5,5
62675,79,76,3,3
62676,93,84,9,9
62677,129,122,7,7
62678,134,125,9,9
62679,98,100,-2,2
62680,162,155,7,7
62681,83,83,0,0
62682,107,90,17,17
62683,98,106,-8,8
62684,131,115,16,16
62685,57,52,5,5
62686,153,135,18,18
62687,126,121,5,5
62688,89,87,2,2
62689,68,65,3,3
62690,131,117,14,14
62691,68,79,-11,11
62692,94,84,10,10
62693,135,120,15,15
62694,96,96,0,0
62695,95,98,-3,3
62696,90,87,3,3
62697,55,60,-5,5
62698,108,111,-3,3
62699,36,44,-8,8
62700,73,68,5,5
62701,73,81,-8,8
62702,102,96,6,6
62703,52,50,2,2
62704,22,61,-39,39
62705,102,90,12,12
62706,136,119,17,17
62707,83,86,-3,3
62708,76,74,2,2
62709,135,131,4,4
62710,116,115,1,1
62711,69,72,-3,3
62712,42,47,-5,5
62713,86,74,12,12
62714,131,121,10,10
62715,119,113,6,6
62716,65,66,-1,1
62717,100,106,-6,6
62718,65,67,-2,2
62719,73,74,-1,1
62720,63,64,-1,1
62721,115,146,-31,31
62722,164,142,22,22
62723,146,142,4,4
62724,64,65,-1,1
62725,101,92,9,9
62726,124,115,9,9
62727,74,76,-2,2
62728,92,79,13,13
62729,90,88,2,2
62730,93,88,5,5
62731,76,81,-5,5
62732,133,131,2,2
62733,54,60,-6,6
62734,147,115,32,32
62735,107,109,-2,2
62736,132,116,16,16
62737,129,115,14,14
62738,95,90,5,5
62739,78,86,-8,8
62740,93,84,9,9
62741,85,93,-8,8
62742,138,150,-12,12
62743,106,105,1,1
62744,45,49,-4,4
62745,50,55,-5,5
62746,55,49,6,6
62747,44,59,-15,15
62748,70,70,0,0
62749,125,118,7,7
62750,82,81,1,1
62751,80,81,-1,1
62752,120,116,4,4
62753,100,97,3,3
62754,70,65,5,5
62755,65,66,-1,1
62756,96,99,-3,3
62757,93,91,2,2
62758,106,98,8,8
62759,168,149,19,19
62760,169,155,14,14
62761,95,87,8,8
62762,95,92,3,3
62763,81,79,2,2
62764,65,79,-14,14
62765,64,72,-8,8
62766,62,73,-11,11
62767,119,111,8,8
62768,93,88,5,5
62769,77,73,4,4
62770,141,134,7,7
62771,66,67,-1,1
62772,76,89,-13,13
62773,148,137,11,11
62774,57,68,-11,11
62775,78,65,13,13
62776,134,109,25,25
62777,133,122,11,11
62778,66,73,-7,7
62779,75,70,5,5
62780,97,90,7,7
62781,131,120,11,11
62782,171,157,14,14
62783,222,200,22,22
62784,102,102,0,0
62785,60,58,2,2
62786,144,143,1,1
62787,43,52,-9,9
62788,82,77,5,5
62789,84,80,4,4
62790,92,93,-1,1
62791,94,78,16,16
62792,179,170,9,9
62793,119,115,4,4
62794,61,66,-5,5
62795,93,98,-5,5
62796,53,52,1,1
62797,142,141,1,1
62798,69,68,1,1
62799,90,91,-1,1
62800,139,132,7,7
62801,90,108,-18,18
62802,56,55,1,1
62803,113,116,-3,3
62804,91,90,1,1
62805,86,84,2,2
62806,111,103,8,8
62807,74,70,4,4
62808,139,121,18,18
62809,96,85,11,11
62810,105,95,10,10
62811,139,133,6,6
62812,61,65,-4,4
62813,70,71,-1,1
62814,70,75,-5,5
62815,61,58,3,3
62816,127,130,-3,3
62817,92,97,-5,5
62818,120,108,12,12
62819,52,50,2,2
62820,86,86,0,0
62821,62,61,1,1
62822,101,118,-17,17
62823,85,96,-11,11
62824,96,97,-1,1
62825,105,102,3,3
62826,122,117,5,5
62827,116,110,6,6
62828,98,80,18,18
62829,154,146,8,8
62830,100,90,10,10
62831,164,150,14,14
62832,162,153,9,9
62833,136,135,1,1
62834,62,69,-7,7
62835,178,166,12,12
62836,109,90,19,19
62837,121,103,18,18
62838,108,118,-10,10
62839,84,84,0,0
62840,131,114,17,17
62841,122,103,19,19
62842,64,70,-6,6
62843,84,85,-1,1
62844,72,73,-1,1
62845,185,160,25,25
62846,77,76,1,1
62847,137,150,-13,13
62848,93,101,-8,8
62849,86,95,-9,9
62850,144,123,21,21
62851,78,87,-9,9
62852,61,67,-6,6
62853,129,113,16,16
62854,52,65,-13,13
62855,195,176,19,19
62856,87,88,-1,1
62857,101,104,-3,3
62858,103,104,-1,1
62859,169,156,13,13
62860,104,99,5,5
62861,80,75,5,5
62862,40,57,-17,17
62863,90,90,0,0
62864,89,93,-4,4
62865,105,100,5,5
62866,86,90,-4,4
62867,133,122,11,11
62868,89,85,4,4
62869,64,61,3,3
62870,94,101,-7,7
62871,86,91,-5,5
62872,128,118,10,10
62873,53,58,-5,5
62874,91,79,12,12
62875,74,71,3,3
62876,64,65,-1,1
62877,81,72,9,9
62878,66,67,-1,1
62879,76,69,7,7
62880,91,87,4,4
62881,76,74,2,2
62882,109,97,12,12
62883,77,72,5,5
62884,76,77,-1,1
62885,110,93,17,17
62886,88,85,3,3
62887,120,111,9,9
62888,127,121,6,6
62889,106,105,1,1
62890,201,178,23,23
62891,111,106,5,5
62892,231,200,31,31
62893,59,66,-7,7
62894,150,136,14,14
62895,141,128,13,13
62896,62,58,4,4
62897,191,183,8,8
62898,119,113,6,6
62899,72,80,-8,8
62900,103,99,4,4
62901,79,84,-5,5
62902,106,106,0,0
62903,104,114,-10,10
62904,88,94,-6,6
62905,78,88,-10,10
62906,81,88,-7,7
62907,98,102,-4,4
62908,123,120,3,3
62909,142,136,6,6
62910,74,72,2,2
62911,163,147,16,16
62912,102,89,13,13
62913,60,62,-2,2
62914,133,114,19,19
62915,59,64,-5,5
62916,47,53,-6,6
62917,86,86,0,0
62918,124,114,10,10
62919,28,40,-12,12
62920,59,64,-5,5
62921,124,135,-11,11
62922,105,103,2,2
62923,103,97,6,6
62924,80,79,1,1
62925,82,79,3,3
62926,84,78,6,6
62927,128,123,5,5
62928,101,102,-1,1
62929,72,70,2,2
62930,89,79,10,10
62931,119,114,5,5
62932,181,169,12,12
62933,146,141,5,5
62934,58,62,-4,4
62935,80,71,9,9
62936,37,47,-10,10
62937,45,56,-11,11
62938,95,103,-8,8
62939,108,103,5,5
62940,79,76,3,3
62941,85,76,9,9
62942,53,64,-11,11
62943,211,189,22,22
62944,103,101,2,2
62945,77,76,1,1
62946,75,74,1,1
62947,95,92,3,3
62948,102,92,10,10
62949,77,75,2,2
62950,54,54,0,0
62951,110,102,8,8
62952,121,109,12,12
62953,89,75,14,14
62954,93,99,-6,6
62955,44,50,-6,6
62956,84,94,-10,10
62957,135,121,14,14
62958,66,65,1,1
62959,104,108,-4,4
62960,141,129,12,12
62961,98,93,5,5
62962,90,95,-5,5
62963,115,107,8,8
62964,109,108,1,1
62965,69,75,-6,6
62966,64,64,0,0
62967,185,167,18,18
62968,114,107,7,7
62969,191,160,31,31
62970,49,50,-1,1
62971,83,85,-2,2
62972,100,99,1,1
62973,98,89,9,9
62974,69,79,-10,10
62975,103,88,15,15
62976,148,153,-5,5
62977,81,73,8,8
62978,151,146,5,5
62979,70,63,7,7
62980,88,81,7,7
62981,93,93,0,0
62982,60,75,-15,15
62983,88,78,10,10
62984,63,67,-4,4
62985,92,84,8,8
62986,108,109,-1,1
62987,78,95,-17,17
62988,156,138,18,18
62989,63,63,0,0
62990,58,66,-8,8
62991,38,42,-4,4
62992,107,96,11,11
62993,101,92,9,9
62994,65,68,-3,3
62995,120,118,2,2
62996,101,92,9,9
62997,106,96,10,10
62998,72,69,3,3
62999,127,114,13,13
63000,65,69,-4,4
63001,126,106,20,20
63002,113,111,2,2
63003,104,110,-6,6
63004,152,142,10,10
63005,57,60,-3,3
63006,83,74,9,9
63007,101,101,0,0
63008,81,81,0,0
63009,54,66,-12,12
63010,80,79,1,1
63011,83,87,-4,4
63012,31,44,-13,13
63013,64,66,-2,2
63014,159,159,0,0
63015,133,127,6,6
63016,116,119,-3,3
63017,57,54,3,3
63018,99,92,7,7
63019,62,55,7,7
63020,90,87,3,3
63021,117,111,6,6
63022,142,123,19,19
63023,177,161,16,16
63024,59,57,2,2
63025,89,100,-11,11
63026,69,66,3,3
63027,63,70,-7,7
63028,46,72,-26,26
63029,136,137,-1,1
63030,105,117,-12,12
63031,127,131,-4,4
63032,66,73,-7,7
63033,138,135,3,3
63034,71,72,-1,1
63035,97,98,-1,1
63036,112,112,0,0
63037,77,79,-2,2
63038,57,60,-3,3
63039,84,87,-3,3
63040,85,78,7,7
63041,111,98,13,13
63042,123,115,8,8
63043,110,110,0,0
63044,114,115,-1,1
63045,111,130,-19,19
63046,71,81,-10,10
63047,93,85,8,8
63048,343,273,70,70
63049,72,74,-2,2
63050,186,156,30,30
63051,62,63,-1,1
63052,79,82,-3,3
63053,129,131,-2,2
63054,121,134,-13,13
63055,105,98,7,7
63056,157,144,13,13
63057,115,106,9,9
63058,78,74,4,4
63059,179,184,-5,5
63060,80,79,1,1
63061,113,115,-2,2
63062,87,92,-5,5
63063,95,93,2,2
63064,95,98,-3,3
63065,104,98,6,6
63066,88,82,6,6
63067,61,67,-6,6
63068,63,53,10,10
63069,87,102,-15,15
63070,157,159,-2,2
63071,92,116,-24,24
63072,53,53,0,0
63073,128,114,14,14
63074,114,107,7,7
63075,95,86,9,9
63076,102,102,0,0
63077,120,118,2,2
63078,110,117,-7,7
63079,207,185,22,22
63080,103,99,4,4
63081,55,53,2,2
63082,98,97,1,1
63083,99,96,3,3
63084,94,93,1,1
63085,82,91,-9,9
63086,60,83,-23,23
63087,95,102,-7,7
63088,113,101,12,12
63089,113,111,2,2
63090,105,96,9,9
63091,80,68,12,12
63092,104,106,-2,2
63093,97,95,2,2
63094,62,65,-3,3
63095,62,75,-13,13
63096,85,89,-4,4
63097,114,120,-6,6
63098,72,65,7,7
63099,82,79,3,3
63100,94,88,6,6
63101,90,90,0,0
63102,110,99,11,11
63103,90,84,6,6
63104,80,79,1,1
63105,109,94,15,15
63106,61,67,-6,6
63107,185,174,11,11
63108,117,115,2,2
63109,139,131,8,8
63110,56,60,-4,4
63111,74,73,1,1
63112,107,109,-2,2
63113,78,86,-8,8
63114,51,52,-1,1
63115,87,86,1,1
63116,114,106,8,8
63117,83,80,3,3
63118,137,126,11,11
63119,117,109,8,8
63120,87,91,-4,4
63121,69,76,-7,7
63122,86,90,-4,4
63123,150,144,6,6
63124,162,152,10,10
63125,87,88,-1,1
63126,68,66,2,2
63127,68,68,0,0
63128,126,103,23,23
63129,109,99,10,10
63130,106,112,-6,6
63131,114,106,8,8
63132,136,138,-2,2
63133,128,107,21,21
63134,109,114,-5,5
63135,114,112,2,2
63136,102,104,-2,2
63137,144,130,14,14
63138,52,52,0,0
63139,73,83,-10,10
63140,116,110,6,6
63141,111,96,15,15
63142,106,106,0,0
63143,125,123,2,2
63144,119,95,24,24
63145,77,81,-4,4
63146,78,74,4,4
63147,62,64,-2,2
63148,80,85,-5,5
63149,101,102,-1,1
63150,130,130,0,0
63151,165,148,17,17
63152,88,77,11,11
63153,97,104,-7,7
63154,125,113,12,12
63155,55,59,-4,4
63156,76,82,-6,6
63157,124,127,-3,3
63158,82,83,-1,1
63159,60,69,-9,9
63160,107,100,7,7
63161,109,109,0,0
63162,162,145,17,17
63163,95,111,-16,16
63164,54,54,0,0
63165,125,119,6,6
63166,107,95,12,12
63167,74,67,7,7
63168,155,146,9,9
63169,77,82,-5,5
63170,80,73,7,7
63171,122,122,0,0
63172,71,75,-4,4
63173,112,98,14,14
63174,61,67,-6,6
63175,88,90,-2,2
63176,171,146,25,25
63177,98,91,7,7
63178,59,65,-6,6
63179,150,142,8,8
63180,94,93,1,1
63181,112,108,4,4
63182,113,93,20,20
63183,92,89,3,3
63184,121,119,2,2
63185,101,95,6,6
63186,82,79,3,3
63187,125,108,17,17
63188,74,74,0,0
63189,68,71,-3,3
63190,104,106,-2,2
63191,80,80,0,0
63192,101,90,11,11
63193,96,101,-5,5
63194,96,93,3,3
63195,79,86,-7,7
63196,75,75,0,0
63197,121,117,4,4
63198,173,157,16,16
63199,123,110,13,13
63200,124,115,9,9
63201,123,117,6,6
63202,129,126,3,3
63203,119,100,19,19
63204,107,105,2,2
63205,117,106,11,11
63206,74,79,-5,5
63207,72,79,-7,7
63208,92,101,-9,9
63209,102,94,8,8
63210,123,130,-7,7
63211,119,125,-6,6
63212,71,75,-4,4
63213,64,71,-7,7
63214,108,106,2,2
63215,140,122,18,18
63216,90,90,0,0
63217,128,109,19,19
63218,99,97,2,2
63219,82,94,-12,12
63220,156,145,11,11
63221,137,128,9,9
63222,78,70,8,8
63223,95,95,0,0
63224,82,93,-11,11
63225,90,92,-2,2
63226,64,65,-1,1
63227,73,79,-6,6
63228,53,66,-13,13
63229,123,119,4,4
63230,62,66,-4,4
63231,92,97,-5,5
63232,123,112,11,11
63233,125,112,13,13
63234,41,46,-5,5
63235,187,171,16,16
63236,91,88,3,3
63237,76,77,-1,1
63238,176,154,22,22
63239,93,98,-5,5
63240,87,88,-1,1
63241,89,94,-5,5
63242,88,83,5,5
63243,99,88,11,11
63244,134,114,20,20
63245,95,91,4,4
63246,105,103,2,2
63247,42,56,-14,14
63248,96,86,10,10
63249,50,64,-14,14
63250,63,67,-4,4
63251,95,103,-8,8
63252,99,93,6,6
63253,109,120,-11,11
63254,133,118,15,15
63255,90,80,10,10
63256,71,72,-1,1
63257,58,75,-17,17
63258,173,166,7,7
63259,77,71,6,6
63260,88,66,22,22
63261,72,72,0,0
63262,116,106,10,10
63263,61,65,-4,4
63264,94,82,12,12
63265,117,119,-2,2
63266,114,111,3,3
63267,147,134,13,13
63268,125,114,11,11
63269,100,102,-2,2
63270,101,90,11,11
63271,112,107,5,5
63272,94,83,11,11
63273,119,109,10,10
63274,154,149,5,5
63275,82,81,1,1
63276,58,65,-7,7
63277,131,114,17,17
63278,82,98,-16,16
63279,96,93,3,3
63280,80,73,7,7
63281,118,119,-1,1
63282,51,66,-15,15
63283,164,150,14,14
63284,77,98,-21,21
63285,144,140,4,4
63286,132,132,0,0
63287,89,88,1,1
63288,78,69,9,9
63289,51,56,-5,5
63290,100,100,0,0
63291,108,103,5,5
63292,143,126,17,17
63293,88,84,4,4
63294,67,67,0,0
63295,121,119,2,2
63296,90,80,10,10
63297,65,67,-2,2
63298,79,77,2,2
63299,144,131,13,13
63300,55,55,0,0
63301,78,81,-3,3
63302,82,91,-9,9
63303,78,78,0,0
63304,160,156,4,4
63305,89,81,8,8
63306,101,106,-5,5
63307,114,93,21,21
63308,86,78,8,8
63309,155,150,5,5
63310,105,107,-2,2
63311,76,73,3,3
63312,149,133,16,16
63313,99,106,-7,7
63314,120,109,11,11
63315,69,71,-2,2
63316,102,99,3,3
63317,59,57,2,2
63318,54,70,-16,16
63319,107,96,11,11
63320,60,59,1,1
63321,70,66,4,4
63322,219,205,14,14
63323,83,81,2,2
63324,68,66,2,2
63325,89,88,1,1
63326,68,74,-6,6
63327,108,110,-2,2
63328,94,97,-3,3
63329,90,92,-2,2
63330,171,162,9,9
63331,35,42,-7,7
63332,39,42,-3,3
63333,80,114,-34,34
63334,69,69,0,0
63335,109,107,2,2
63336,112,113,-1,1
63337,127,124,3,3
63338,87,85,2,2
63339,60,119,-59,59
63340,67,75,-8,8
63341,151,137,14,14
63342,115,107,8,8
63343,86,90,-4,4
63344,97,84,13,13
63345,128,115,13,13
63346,137,116,21,21
63347,102,95,7,7
63348,76,81,-5,5
63349,33,38,-5,5
63350,89,88,1,1
63351,68,65,3,3
63352,55,59,-4,4
63353,104,103,1,1
63354,98,100,-2,2
63355,67,67,0,0
63356,103,102,1,1
63357,87,83,4,4
63358,92,89,3,3
63359,97,84,13,13
63360,144,131,13,13
63361,94,104,-10,10
63362,95,81,14,14
63363,131,116,15,15
63364,102,92,10,10
63365,132,128,4,4
63366,83,83,0,0
63367,127,126,1,1
63368,71,67,4,4
63369,86,87,-1,1
63370,202,173,29,29
63371,181,163,18,18
63372,129,126,3,3
63373,112,105,7,7
63374,118,113,5,5
63375,46,43,3,3
63376,120,102,18,18
63377,55,66,-11,11
63378,141,127,14,14
63379,92,84,8,8
63380,137,135,2,2
63381,59,57,2,2
63382,192,195,-3,3
63383,144,139,5,5
63384,91,91,0,0
63385,111,108,3,3
63386,52,57,-5,5
63387,135,122,13,13
63388,43,55,-12,12
63389,138,118,20,20
63390,159,142,17,17
63391,88,91,-3,3
63392,63,65,-2,2
63393,90,88,2,2
63394,101,94,7,7
63395,72,70,2,2
63396,64,64,0,0
63397,81,77,4,4
63398,94,91,3,3
63399,125,134,-9,9
63400,64,65,-1,1
63401,68,70,-2,2
63402,77,84,-7,7
63403,125,124,1,1
63404,68,68,0,0
63405,131,124,7,7
63406,72,68,4,4
63407,113,102,11,11
63408,136,133,3,3
63409,136,122,14,14
63410,129,114,15,15
63411,118,108,10,10
63412,79,75,4,4
63413,98,91,7,7
63414,117,112,5,5
63415,98,100,-2,2
63416,30,42,-12,12
63417,76,77,-1,1
63418,87,81,6,6
63419,110,100,10,10
63420,80,84,-4,4
63421,48,65,-17,17
63422,120,109,11,11
63423,98,101,-3,3
63424,43,47,-4,4
63425,84,84,0,0
63426,62,65,-3,3
63427,165,162,3,3
63428,56,59,-3,3
63429,85,85,0,0
63430,109,94,15,15
63431,149,135,14,14
63432,55,54,1,1
63433,89,90,-1,1
63434,68,77,-9,9
63435,68,66,2,2
63436,146,141,5,5
63437,112,109,3,3
63438,104,94,10,10
63439,49,62,-13,13
63440,67,66,1,1
63441,70,69,1,1
63442,109,100,9,9
63443,56,54,2,2
63444,148,138,10,10
63445,97,96,1,1
63446,79,80,-1,1
63447,116,105,11,11
63448,97,95,2,2
63449,79,80,-1,1
63450,74,70,4,4
63451,67,60,7,7
63452,118,109,9,9
63453,72,75,-3,3
63454,128,106,22,22
63455,113,112,1,1
63456,103,108,-5,5
63457,86,89,-3,3
63458,59,66,-7,7
63459,114,115,-1,1
63460,125,127,-2,2
63461,105,100,5,5
63462,70,67,3,3
63463,147,133,14,14
63464,90,80,10,10
63465,81,89,-8,8
63466,65,74,-9,9
63467,63,64,-1,1
63468,110,105,5,5
63469,108,94,14,14
63470,62,78,-16,16
63471,107,98,9,9
63472,47,50,-3,3
63473,76,77,-1,1
63474,92,90,2,2
63475,129,126,3,3
63476,87,87,0,0
63477,90,77,13,13
63478,75,77,-2,2
63479,69,74,-5,5
63480,61,67,-6,6
63481,76,75,1,1
63482,49,51,-2,2
63483,133,121,12,12
63484,147,146,1,1
63485,115,98,17,17
63486,88,95,-7,7
63487,70,68,2,2
63488,77,76,1,1
63489,64,65,-1,1
63490,182,157,25,25
63491,103,92,11,11
63492,91,92,-1,1
63493,104,96,8,8
63494,67,57,10,10
63495,90,93,-3,3
63496,81,82,-1,1
63497,140,130,10,10
63498,64,69,-5,5
63499,132,126,6,6
63500,64,64,0,0
63501,117,112,5,5
63502,86,95,-9,9
63503,216,192,24,24
63504,129,116,13,13
63505,107,103,4,4
63506,114,104,10,10
63507,99,89,10,10
63508,232,199,33,33
63509,81,82,-1,1
63510,117,113,4,4
63511,142,135,7,7
63512,33,40,-7,7
63513,80,79,1,1
63514,95,86,9,9
63515,84,77,7,7
63516,111,115,-4,4
63517,53,57,-4,4
63518,47,57,-10,10
63519,80,78,2,2
63520,81,78,3,3
63521,74,74,0,0
63522,49,53,-4,4
63523,124,107,17,17
63524,98,90,8,8
63525,155,150,5,5
63526,58,60,-2,2
63527,111,100,11,11
63528,99,110,-11,11
63529,124,113,11,11
63530,62,64,-2,2
63531,55,62,-7,7
63532,72,72,0,0
63533,62,68,-6,6
63534,74,70,4,4
63535,76,66,10,10
63536,102,95,7,7
63537,87,88,-1,1
63538,136,125,11,11
63539,89,80,9,9
63540,68,68,0,0
63541,67,70,-3,3
63542,97,101,-4,4
63543,123,112,11,11
63544,170,149,21,21
63545,120,115,5,5
63546,110,114,-4,4
63547,100,103,-3,3
63548,37,46,-9,9
63549,84,69,15,15
63550,62,64,-2,2
63551,145,128,17,17
63552,106,100,6,6
63553,115,102,13,13
63554,126,124,2,2
63555,141,146,-5,5
63556,92,88,4,4
63557,110,106,4,4
63558,59,68,-9,9
63559,90,83,7,7
63560,77,77,0,0
63561,70,72,-2,2
63562,77,70,7,7
63563,79,72,7,7
63564,154,141,13,13
63565,137,136,1,1
63566,106,102,4,4
63567,116,108,8,8
63568,119,105,14,14
63569,65,58,7,7
63570,139,129,10,10
63571,145,129,16,16
63572,141,134,7,7
63573,119,107,12,12
63574,70,75,-5,5
63575,78,76,2,2
63576,75,67,8,8
63577,100,91,9,9
63578,163,151,12,12
63579,162,147,15,15
63580,153,145,8,8
63581,94,95,-1,1
63582,74,71,3,3
63583,88,87,1,1
63584,67,74,-7,7
63585,100,108,-8,8
63586,117,118,-1,1
63587,80,77,3,3
63588,95,84,11,11
63589,77,76,1,1
63590,121,110,11,11
63591,141,128,13,13
63592,83,75,8,8
63593,55,63,-8,8
63594,87,78,9,9
63595,76,76,0,0
63596,116,103,13,13
63597,162,190,-28,28
63598,114,107,7,7
63599,79,79,0,0
63600,117,120,-3,3
63601,54,54,0,0
63602,87,91,-4,4
63603,124,120,4,4
63604,101,97,4,4
63605,53,55,-2,2
63606,133,127,6,6
63607,75,88,-13,13
63608,78,89,-11,11
63609,69,80,-11,11
63610,40,46,-6,6
63611,84,82,2,2
63612,94,94,0,0
63613,75,69,6,6
63614,95,95,0,0
63615,82,96,-14,14
63616,75,71,4,4
63617,141,117,24,24
63618,98,99,-1,1
63619,101,108,-7,7
63620,49,48,1,1
63621,45,45,0,0
63622,94,94,0,0
63623,132,106,26,26
63624,122,105,17,17
63625,96,96,0,0
63626,89,85,4,4
63627,114,111,3,3
63628,112,102,10,10
63629,55,66,-11,11
63630,63,65,-2,2
63631,133,109,24,24
63632,71,83,-12,12
63633,81,72,9,9
63634,104,106,-2,2
63635,97,81,16,16
63636,103,107,-4,4
63637,110,96,14,14
63638,91,91,0,0
63639,60,64,-4,4
63640,58,65,-7,7
63641,91,88,3,3
63642,69,74,-5,5
63643,75,85,-10,10
63644,175,175,0,0
63645,62,65,-3,3
63646,121,117,4,4
63647,64,64,0,0
63648,103,97,6,6
63649,109,73,36,36
63650,111,98,13,13
63651,87,82,5,5
63652,146,130,16,16
63653,68,71,-3,3
63654,69,70,-1,1
63655,79,82,-3,3
63656,111,120,-9,9
63657,72,71,1,1
63658,110,101,9,9
63659,106,104,2,2
63660,112,98,14,14
63661,85,74,11,11
63662,153,153,0,0
63663,102,83,19,19
63664,75,80,-5,5
63665,123,112,11,11
63666,80,90,-10,10
63667,81,82,-1,1
63668,76,77,-1,1
63669,107,119,-12,12
63670,163,150,13,13
63671,75,82,-7,7
63672,83,83,0,0
63673,72,65,7,7
63674,73,76,-3,3
63675,47,63,-16,16
63676,127,120,7,7
63677,31,43,-12,12
63678,88,82,6,6
63679,131,127,4,4
63680,140,149,-9,9
63681,172,159,13,13
63682,86,80,6,6
63683,137,129,8,8
63684,108,102,6,6
63685,67,71,-4,4
63686,157,165,-8,8
63687,42,51,-9,9
63688,81,84,-3,3
63689,96,86,10,10
63690,189,182,7,7
63691,97,106,-9,9
63692,82,86,-4,4
63693,105,91,14,14
63694,107,96,11,11
63695,81,80,1,1
63696,44,45,-1,1
63697,93,93,0,0
63698,63,65,-2,2
63699,46,94,-48,48
63700,128,133,-5,5
63701,133,133,0,0
63702,40,45,-5,5
63703,119,108,11,11
63704,100,89,11,11
63705,96,88,8,8
63706,84,83,1,1
63707,188,178,10,10
63708,66,71,-5,5
63709,145,140,5,5
63710,50,57,-7,7
63711,74,73,1,1
63712,82,85,-3,3
63713,92,98,-6,6
63714,131,125,6,6
63715,69,68,1,1
63716,97,86,11,11
63717,137,127,10,10
63718,98,97,1,1
63719,67,72,-5,5
63720,107,108,-1,1
63721,49,49,0,0
63722,76,76,0,0
63723,66,65,1,1
63724,170,151,19,19
63725,101,101,0,0
63726,95,81,14,14
63727,76,71,5,5
63728,82,80,2,2
63729,84,77,7,7
63730,106,99,7,7
63731,64,75,-11,11
63732,91,86,5,5
63733,86,82,4,4
63734,54,58,-4,4
63735,82,96,-14,14
63736,89,90,-1,1
63737,97,97,0,0
63738,161,143,18,18
63739,48,48,0,0
63740,109,103,6,6
63741,159,144,15,15
63742,106,104,2,2
63743,181,150,31,31
63744,129,130,-1,1
63745,101,106,-5,5
63746,114,103,11,11
63747,126,112,14,14
63748,168,144,24,24
63749,95,94,1,1
63750,80,85,-5,5
63751,96,90,6,6
63752,35,57,-22,22
63753,73,75,-2,2
63754,89,82,7,7
63755,107,94,13,13
63756,88,85,3,3
63757,92,95,-3,3
63758,91,80,11,11
63759,91,82,9,9
63760,120,130,-10,10
63761,82,79,3,3
63762,80,83,-3,3
63763,55,57,-2,2
63764,76,66,10,10
63765,72,71,1,1
63766,105,94,11,11
63767,113,104,9,9
63768,67,62,5,5
63769,101,102,-1,1
63770,80,89,-9,9
63771,80,87,-7,7
63772,96,86,10,10
63773,71,79,-8,8
63774,148,143,5,5
63775,72,70,2,2
63776,127,128,-1,1
63777,75,79,-4,4
63778,83,86,-3,3
63779,90,93,-3,3
63780,86,88,-2,2
63781,75,77,-2,2
63782,72,72,0,0
63783,70,64,6,6
63784,105,101,4,4
63785,41,54,-13,13
63786,68,69,-1,1
63787,86,84,2,2
63788,64,56,8,8
63789,86,88,-2,2
63790,51,57,-6,6
63791,124,109,15,15
63792,88,93,-5,5
63793,93,91,2,2
63794,54,68,-14,14
63795,71,66,5,5
63796,132,128,4,4
63797,101,94,7,7
63798,172,146,26,26
63799,176,169,7,7
63800,173,172,1,1
63801,130,119,11,11
63802,79,75,4,4
63803,102,102,0,0
63804,133,124,9,9
63805,90,70,20,20
63806,102,96,6,6
63807,65,65,0,0
63808,128,121,7,7
63809,159,122,37,37
63810,57,61,-4,4
63811,171,157,14,14
63812,66,72,-6,6
63813,165,146,19,19
63814,51,49,2,2
63815,111,108,3,3
63816,211,178,33,33
63817,89,85,4,4
63818,74,76,-2,2
63819,86,93,-7,7
63820,129,104,25,25
63821,67,66,1,1
63822,112,109,3,3
63823,102,84,18,18
63824,76,75,1,1
63825,67,79,-12,12
63826,96,91,5,5
63827,115,114,1,1
63828,95,99,-4,4
63829,129,122,7,7
63830,78,76,2,2
63831,58,66,-8,8
63832,93,90,3,3
63833,53,50,3,3
63834,62,65,-3,3
63835,89,86,3,3
63836,110,105,5,5
63837,109,117,-8,8
63838,34,63,-29,29
63839,94,82,12,12
63840,54,54,0,0
63841,111,108,3,3
63842,128,127,1,1
63843,141,135,6,6
63844,92,87,5,5
63845,102,86,16,16
63846,94,98,-4,4
63847,130,120,10,10
63848,93,97,-4,4
63849,86,76,10,10
63850,102,99,3,3
63851,137,115,22,22
63852,55,47,8,8
63853,118,110,8,8
63854,121,109,12,12
63855,155,141,14,14
63856,71,77,-6,6
63857,140,135,5,5
63858,64,69,-5,5
63859,110,118,-8,8
63860,119,120,-1,1
63861,55,64,-9,9
63862,80,84,-4,4
63863,142,122,20,20
63864,44,55,-11,11
63865,111,110,1,1
63866,113,107,6,6
63867,146,125,21,21
63868,169,162,7,7
63869,129,116,13,13
63870,76,82,-6,6
63871,67,66,1,1
63872,75,77,-2,2
63873,68,68,0,0
63874,74,78,-4,4
63875,80,78,2,2
63876,33,42,-9,9
63877,91,89,2,2
63878,75,68,7,7
63879,94,87,7,7
63880,142,127,15,15
63881,50,111,-61,61
63882,193,190,3,3
63883,81,85,-4,4
63884,111,101,10,10
63885,130,122,8,8
63886,51,51,0,0
63887,73,71,2,2
63888,136,139,-3,3
63889,94,92,2,2
63890,111,95,16,16
63891,119,114,5,5
63892,101,102,-1,1
63893,79,74,5,5
63894,92,89,3,3
63895,84,78,6,6
63896,48,57,-9,9
63897,105,107,-2,2
63898,87,78,9,9
63899,91,92,-1,1
63900,78,82,-4,4
63901,136,141,-5,5
63902,123,119,4,4
63903,130,123,7,7
63904,126,113,13,13
63905,84,90,-6,6
63906,122,124,-2,2
63907,124,122,2,2
63908,117,109,8,8
63909,49,47,2,2
63910,63,61,2,2
63911,64,66,-2,2
63912,57,61,-4,4
63913,37,47,-10,10
63914,38,47,-9,9
63915,56,58,-2,2
63916,137,122,15,15
63917,109,109,0,0
63918,158,149,9,9
63919,112,119,-7,7
63920,96,104,-8,8
63921,99,99,0,0
63922,68,72,-4,4
63923,94,93,1,1
63924,118,118,0,0
63925,80,85,-5,5
63926,78,85,-7,7
63927,94,91,3,3
63928,172,165,7,7
63929,39,45,-6,6
63930,62,76,-14,14
63931,152,133,19,19
63932,120,107,13,13
63933,90,81,9,9
63934,105,94,11,11
63935,80,78,2,2
63936,58,61,-3,3
63937,51,56,-5,5
63938,90,85,5,5
63939,107,96,11,11
63940,71,75,-4,4
63941,61,68,-7,7
63942,111,125,-14,14
63943,88,91,-3,3
63944,56,59,-3,3
63945,93,87,6,6
63946,106,100,6,6
63947,96,93,3,3
63948,81,87,-6,6
63949,63,60,3,3
63950,112,112,0,0
63951,120,104,16,16
63952,59,53,6,6
63953,103,93,10,10
63954,50,58,-8,8
63955,115,91,24,24
63956,54,67,-13,13
63957,71,70,1,1
63958,59,55,4,4
63959,115,103,12,12
63960,47,56,-9,9
63961,100,94,6,6
63962,77,77,0,0
63963,195,170,25,25
63964,118,110,8,8
63965,90,90,0,0
63966,101,96,5,5
63967,141,132,9,9
63968,153,144,9,9
63969,72,77,-5,5
63970,76,82,-6,6
63971,141,115,26,26
63972,168,145,23,23
63973,189,158,31,31
63974,52,56,-4,4
63975,90,87,3,3
63976,81,85,-4,4
63977,54,60,-6,6
63978,128,115,13,13
63979,86,88,-2,2
63980,65,73,-8,8
63981,53,55,-2,2
63982,57,65,-8,8
63983,90,69,21,21
63984,73,75,-2,2
63985,75,83,-8,8
63986,85,81,4,4
63987,143,136,7,7
63988,44,54,-10,10
63989,81,72,9,9
63990,76,80,-4,4
63991,126,119,7,7
63992,46,53,-7,7
63993,139,119,20,20
63994,154,140,14,14
63995,161,161,0,0
63996,59,56,3,3
63997,78,84,-6,6
63998,85,84,1,1
63999,48,64,-16,16
64000,71,70,1,1
64001,79,83,-4,4
64002,65,65,0,0
64003,78,76,2,2
64004,117,113,4,4
64005,51,51,0,0
64006,153,89,64,64
64007,118,118,0,0
64008,66,66,0,0
64009,75,76,-1,1
64010,102,108,-6,6
64011,85,80,5,5
64012,64,65,-1,1
64013,95,94,1,1
64014,160,140,20,20
64015,94,87,7,7
64016,68,81,-13,13
64017,180,175,5,5
64018,52,75,-23,23
64019,106,105,1,1
64020,85,86,-1,1
64021,115,124,-9,9
64022,57,49,8,8
64023,104,101,3,3
64024,53,57,-4,4
64025,79,73,6,6
64026,68,79,-11,11
64027,86,76,10,10
64028,121,109,12,12
64029,54,56,-2,2
64030,74,72,2,2
64031,122,137,-15,15
64032,67,67,0,0
64033,128,126,2,2
64034,56,58,-2,2
64035,146,137,9,9
64036,111,114,-3,3
64037,86,91,-5,5
64038,96,88,8,8
64039,144,140,4,4
64040,73,75,-2,2
64041,50,55,-5,5
64042,179,171,8,8
64043,83,89,-6,6
64044,62,60,2,2
64045,103,97,6,6
64046,101,100,1,1
64047,59,66,-7,7
64048,74,70,4,4
64049,72,63,9,9
64050,75,86,-11,11
64051,109,109,0,0
64052,102,92,10,10
64053,143,133,10,10
64054,83,94,-11,11
64055,156,150,6,6
64056,124,111,13,13
64057,80,81,-1,1
64058,161,142,19,19
64059,54,63,-9,9
64060,75,101,-26,26
64061,155,131,24,24
64062,117,103,14,14
64063,130,125,5,5
64064,225,190,35,35
64065,94,89,5,5
64066,63,58,5,5
64067,72,69,3,3
64068,179,164,15,15
64069,141,136,5,5
64070,82,73,9,9
64071,62,52,10,10
64072,122,117,5,5
64073,79,73,6,6
64074,93,78,15,15
64075,137,151,-14,14
64076,110,109,1,1
64077,137,130,7,7
64078,84,73,11,11
64079,64,64,0,0
64080,64,56,8,8
64081,56,62,-6,6
64082,70,75,-5,5
64083,76,77,-1,1
64084,118,108,10,10
64085,88,80,8,8
64086,81,77,4,4
64087,129,117,12,12
64088,64,71,-7,7
64089,97,91,6,6
64090,123,120,3,3
64091,86,74,12,12
64092,97,92,5,5
64093,115,115,0,0
64094,96,100,-4,4
64095,77,79,-2,2
64096,168,178,-10,10
64097,51,58,-7,7
64098,90,86,4,4
64099,56,63,-7,7
64100,71,76,-5,5
64101,107,106,1,1
64102,94,85,9,9
64103,46,55,-9,9
64104,118,107,11,11
64105,129,112,17,17
64106,106,107,-1,1
64107,81,83,-2,2
64108,82,74,8,8
64109,56,57,-1,1
64110,79,70,9,9
64111,71,70,1,1
64112,148,150,-2,2
64113,205,184,21,21
64114,142,122,20,20
64115,85,77,8,8
64116,47,53,-6,6
64117,91,88,3,3
64118,108,99,9,9
64119,73,70,3,3
64120,102,100,2,2
64121,129,135,-6,6
64122,130,157,-27,27
64123,103,93,10,10
64124,70,91,-21,21
64125,90,85,5,5
64126,118,131,-13,13
64127,85,72,13,13
64128,63,68,-5,5
64129,62,64,-2,2
64130,93,91,2,2
64131,66,84,-18,18
64132,57,56,1,1
64133,43,49,-6,6
64134,104,91,13,13
64135,131,121,10,10
64136,88,83,5,5
64137,79,80,-1,1
64138,83,68,15,15
64139,77,70,7,7
64140,82,83,-1,1
64141,109,100,9,9
64142,118,112,6,6
64143,134,132,2,2
64144,124,131,-7,7
64145,105,109,-4,4
64146,102,94,8,8
64147,109,103,6,6
64148,100,95,5,5
64149,84,87,-3,3
64150,88,85,3,3
64151,86,80,6,6
64152,92,80,12,12
64153,125,113,12,12
64154,70,62,8,8
64155,167,136,31,31
64156,151,157,-6,6
64157,80,71,9,9
64158,125,103,22,22
64159,140,148,-8,8
64160,101,99,2,2
64161,68,65,3,3
64162,48,60,-12,12
64163,105,100,5,5
64164,72,70,2,2
64165,73,74,-1,1
64166,139,133,6,6
64167,88,90,-2,2
64168,65,97,-32,32
64169,100,95,5,5
64170,150,146,4,4
64171,116,111,5,5
64172,64,68,-4,4
64173,115,101,14,14
64174,58,63,-5,5
64175,132,139,-7,7
64176,91,84,7,7
64177,75,65,10,10
64178,98,98,0,0
64179,109,103,6,6
64180,115,100,15,15
64181,86,90,-4,4
64182,100,86,14,14
64183,77,73,4,4
64184,156,156,0,0
64185,63,59,4,4
64186,81,82,-1,1
64187,95,86,9,9
64188,70,71,-1,1
64189,100,99,1,1
64190,92,89,3,3
64191,150,145,5,5
64192,99,107,-8,8
64193,133,118,15,15
64194,46,54,-8,8
64195,99,88,11,11
64196,128,113,15,15
64197,77,77,0,0
64198,77,77,0,0
64199,62,65,-3,3
64200,175,132,43,43
64201,183,168,15,15
64202,80,83,-3,3
64203,124,120,4,4
64204,116,108,8,8
64205,140,140,0,0
64206,74,68,6,6
64207,104,118,-14,14
64208,43,58,-15,15
64209,191,173,18,18
64210,245,219,26,26
64211,94,87,7,7
64212,110,98,12,12
64213,86,87,-1,1
64214,49,61,-12,12
64215,116,113,3,3
64216,58,59,-1,1
64217,51,64,-13,13
64218,96,92,4,4
64219,73,78,-5,5
64220,100,98,2,2
64221,83,131,-48,48
64222,130,122,8,8
64223,64,69,-5,5
64224,77,80,-3,3
64225,126,125,1,1
64226,52,54,-2,2
64227,84,80,4,4
64228,69,86,-17,17
64229,107,121,-14,14
64230,104,89,15,15
64231,55,57,-2,2
64232,87,93,-6,6
64233,88,90,-2,2
64234,147,145,2,2
64235,122,109,13,13
64236,120,108,12,12
64237,166,154,12,12
64238,80,90,-10,10
64239,122,115,7,7
64240,43,43,0,0
64241,121,104,17,17
64242,70,73,-3,3
64243,101,95,6,6
64244,57,64,-7,7
64245,100,91,9,9
64246,52,54,-2,2
64247,69,70,-1,1
64248,52,47,5,5
64249,60,63,-3,3
64250,74,68,6,6
64251,92,94,-2,2
64252,47,54,-7,7
64253,91,93,-2,2
64254,72,72,0,0
64255,45,45,0,0
64256,70,75,-5,5
64257,119,118,1,1
64258,113,114,-1,1
64259,51,58,-7,7
64260,56,62,-6,6
64261,95,91,4,4
64262,82,92,-10,10
64263,79,78,1,1
64264,70,72,-2,2
64265,78,76,2,2
64266,94,93,1,1
64267,68,66,2,2
64268,87,88,-1,1
64269,164,179,-15,15
64270,101,91,10,10
64271,145,141,4,4
64272,50,53,-3,3
64273,65,79,-14,14
64274,108,96,12,12
64275,77,73,4,4
64276,153,135,18,18
64277,113,103,10,10
64278,181,149,32,32
64279,52,55,-3,3
64280,96,99,-3,3
64281,139,128,11,11
64282,91,92,-1,1
64283,73,72,1,1
64284,77,76,1,1
64285,71,73,-2,2
64286,51,52,-1,1
64287,90,88,2,2
64288,68,65,3,3
64289,73,77,-4,4
64290,94,100,-6,6
64291,69,66,3,3
64292,90,89,1,1
64293,154,150,4,4
64294,163,138,25,25
64295,74,75,-1,1
64296,55,61,-6,6
64297,73,76,-3,3
64298,33,38,-5,5
64299,154,140,14,14
64300,70,53,17,17
64301,72,75,-3,3
64302,96,101,-5,5
64303,117,110,7,7
64304,127,121,6,6
64305,84,91,-7,7
64306,99,101,-2,2
64307,72,74,-2,2
64308,144,129,15,15
64309,74,75,-1,1
64310,75,79,-4,4
64311,89,83,6,6
64312,122,112,10,10
64313,165,156,9,9
64314,45,47,-2,2
64315,82,88,-6,6
64316,84,81,3,3
64317,166,155,11,11
64318,140,128,12,12
64319,96,103,-7,7
64320,73,73,0,0
64321,200,180,20,20
64322,113,109,4,4
64323,137,124,13,13
64324,87,87,0,0
64325,127,121,6,6
64326,74,65,9,9
64327,89,84,5,5
64328,128,134,-6,6
64329,73,78,-5,5
64330,53,52,1,1
64331,26,47,-21,21
64332,104,104,0,0
64333,91,82,9,9
64334,157,145,12,12
64335,93,87,6,6
64336,125,127,-2,2
64337,66,60,6,6
64338,125,111,14,14
64339,144,117,27,27
64340,106,97,9,9
64341,129,113,16,16
64342,86,96,-10,10
64343,188,170,18,18
64344,142,127,15,15
64345,54,55,-1,1
64346,185,148,37,37
64347,152,145,7,7
64348,55,52,3,3
64349,74,78,-4,4
64350,132,129,3,3
64351,80,76,4,4
64352,77,75,2,2
64353,67,82,-15,15
64354,71,65,6,6
64355,129,111,18,18
64356,116,102,14,14
64357,97,88,9,9
64358,39,49,-10,10
64359,44,54,-10,10
64360,73,76,-3,3
64361,78,74,4,4
64362,68,65,3,3
64363,57,52,5,5
64364,97,78,19,19
64365,77,76,1,1
64366,159,151,8,8
64367,144,128,16,16
64368,58,62,-4,4
64369,74,84,-10,10
64370,47,55,-8,8
64371,86,85,1,1
64372,95,83,12,12
64373,74,73,1,1
64374,84,96,-12,12
64375,175,163,12,12
64376,47,48,-1,1
64377,110,99,11,11
64378,181,167,14,14
64379,117,112,5,5
64380,77,69,8,8
64381,88,80,8,8
64382,84,87,-3,3
64383,56,52,4,4
64384,49,52,-3,3
64385,75,81,-6,6
64386,58,54,4,4
64387,110,109,1,1
64388,80,79,1,1
64389,120,125,-5,5
64390,79,94,-15,15
64391,107,109,-2,2
64392,79,78,1,1
64393,69,71,-2,2
64394,36,46,-10,10
64395,106,104,2,2
64396,64,64,0,0
64397,91,95,-4,4
64398,70,75,-5,5
64399,69,67,2,2
64400,75,81,-6,6
64401,54,52,2,2
64402,69,76,-7,7
64403,105,113,-8,8
64404,67,69,-2,2
64405,28,40,-12,12
64406,57,56,1,1
64407,46,43,3,3
64408,52,55,-3,3
64409,122,119,3,3
64410,101,92,9,9
64411,129,116,13,13
64412,143,147,-4,4
64413,193,171,22,22
64414,55,60,-5,5
64415,92,88,4,4
64416,107,86,21,21
64417,137,118,19,19
64418,100,99,1,1
64419,61,71,-10,10
64420,113,98,15,15
64421,112,105,7,7
64422,78,73,5,5
64423,82,87,-5,5
64424,58,66,-8,8
64425,65,49,16,16
64426,52,61,-9,9
64427,106,105,1,1
64428,47,59,-12,12
64429,72,79,-7,7
64430,75,81,-6,6
64431,135,135,0,0
64432,87,88,-1,1
64433,175,161,14,14
64434,99,103,-4,4
64435,50,50,0,0
64436,90,87,3,3
64437,83,88,-5,5
64438,68,69,-1,1
64439,85,84,1,1
64440,73,77,-4,4
64441,58,71,-13,13
64442,78,71,7,7
64443,89,96,-7,7
64444,49,56,-7,7
64445,73,65,8,8
64446,108,85,23,23
64447,60,67,-7,7
64448,142,125,17,17
64449,217,190,27,27
64450,57,51,6,6
64451,61,60,1,1
64452,82,77,5,5
64453,73,76,-3,3
64454,108,102,6,6
64455,139,142,-3,3
64456,80,78,2,2
64457,218,198,20,20
64458,119,114,5,5
64459,105,103,2,2
64460,57,64,-7,7
64461,106,108,-2,2
64462,74,79,-5,5
64463,77,79,-2,2
64464,143,135,8,8
64465,103,99,4,4
64466,120,112,8,8
64467,124,111,13,13
64468,112,103,9,9
64469,105,92,13,13
64470,144,137,7,7
64471,97,88,9,9
64472,65,66,-1,1
64473,74,74,0,0
64474,55,58,-3,3
64475,80,83,-3,3
64476,115,108,7,7
64477,145,141,4,4
64478,103,108,-5,5
64479,132,116,16,16
64480,46,57,-11,11
64481,59,56,3,3
64482,83,78,5,5
64483,150,144,6,6
64484,182,166,16,16
64485,44,49,-5,5
64486,64,80,-16,16
64487,53,55,-2,2
64488,78,83,-5,5
64489,112,117,-5,5
64490,109,100,9,9
64491,95,102,-7,7
64492,62,81,-19,19
64493,57,64,-7,7
64494,130,126,4,4
64495,101,92,9,9
64496,135,138,-3,3
64497,100,115,-15,15
64498,107,113,-6,6
64499,97,101,-4,4
64500,79,75,4,4
64501,80,84,-4,4
64502,94,70,24,24
64503,122,114,8,8
64504,57,60,-3,3
64505,58,66,-8,8
64506,76,75,1,1
64507,144,123,21,21
64508,51,49,2,2
64509,54,59,-5,5
64510,85,84,1,1
64511,61,66,-5,5
64512,148,123,25,25
64513,33,46,-13,13
64514,99,95,4,4
64515,117,109,8,8
64516,82,76,6,6
64517,54,75,-21,21
64518,144,129,15,15
64519,141,133,8,8
64520,80,89,-9,9
64521,203,179,24,24
64522,93,89,4,4
64523,65,66,-1,1
64524,61,57,4,4
64525,139,128,11,11
64526,84,82,2,2
64527,72,78,-6,6
64528,68,75,-7,7
64529,56,72,-16,16
64530,101,98,3,3
64531,63,75,-12,12
64532,94,93,1,1
64533,120,113,7,7
64534,113,112,1,1
64535,32,46,-14,14
64536,94,104,-10,10
64537,116,115,1,1
64538,101,94,7,7
64539,57,63,-6,6
64540,144,132,12,12
64541,76,78,-2,2
64542,94,89,5,5
64543,80,80,0,0
64544,100,95,5,5
64545,150,130,20,20
64546,85,90,-5,5
64547,77,76,1,1
64548,75,72,3,3
64549,170,150,20,20
64550,138,134,4,4
64551,74,72,2,2
64552,83,83,0,0
64553,193,182,11,11
64554,95,82,13,13
64555,132,125,7,7
64556,69,69,0,0
64557,120,127,-7,7
64558,102,94,8,8
64559,87,85,2,2
64560,133,110,23,23
64561,106,103,3,3
64562,90,94,-4,4
64563,61,65,-4,4
64564,87,86,1,1
64565,130,121,9,9
64566,77,81,-4,4
64567,80,96,-16,16
64568,95,82,13,13
64569,64,64,0,0
64570,57,67,-10,10
64571,70,69,1,1
64572,111,101,10,10
64573,54,59,-5,5
64574,142,158,-16,16
64575,52,55,-3,3
64576,47,58,-11,11
64577,133,131,2,2
64578,140,141,-1,1
64579,60,68,-8,8
64580,186,155,31,31
64581,77,76,1,1
64582,101,93,8,8
64583,59,63,-4,4
64584,121,123,-2,2
64585,104,110,-6,6
64586,155,127,28,28
64587,83,80,3,3
64588,77,74,3,3
64589,123,106,17,17
64590,59,57,2,2
64591,105,87,18,18
64592,75,82,-7,7
64593,116,101,15,15
64594,72,72,0,0
64595,149,149,0,0
64596,119,109,10,10
64597,63,74,-11,11
64598,87,81,6,6
64599,137,124,13,13
64600,82,73,9,9
64601,125,115,10,10
64602,36,52,-16,16
64603,67,68,-1,1
64604,116,113,3,3
64605,155,140,15,15
64606,103,86,17,17
64607,104,96,8,8
64608,143,134,9,9
64609,123,117,6,6
64610,121,107,14,14
64611,87,82,5,5
64612,72,74,-2,2
64613,49,66,-17,17
64614,69,81,-12,12
64615,72,90,-18,18
64616,116,93,23,23
64617,138,142,-4,4
64618,97,95,2,2
64619,63,65,-2,2
64620,109,101,8,8
64621,80,83,-3,3
64622,96,90,6,6
64623,98,81,17,17
64624,101,102,-1,1
64625,143,133,10,10
64626,90,84,6,6
64627,85,79,6,6
64628,120,121,-1,1
64629,65,62,3,3
64630,161,140,21,21
64631,124,104,20,20
64632,103,100,3,3
64633,99,93,6,6
64634,121,124,-3,3
64635,122,117,5,5
64636,104,109,-5,5
64637,160,162,-2,2
64638,109,87,22,22
64639,63,66,-3,3
64640,112,109,3,3
64641,88,83,5,5
64642,88,85,3,3
64643,101,109,-8,8
64644,50,53,-3,3
64645,170,170,0,0
64646,64,72,-8,8
64647,102,112,-10,10
64648,93,87,6,6
64649,132,122,10,10
64650,75,82,-7,7
64651,84,77,7,7
64652,60,61,-1,1
64653,103,111,-8,8
64654,58,66,-8,8
64655,153,131,22,22
64656,135,120,15,15
64657,62,73,-11,11
64658,162,143,19,19
64659,74,75,-1,1
64660,90,78,12,12
64661,127,123,4,4
64662,97,101,-4,4
64663,102,98,4,4
64664,117,112,5,5
64665,38,47,-9,9
64666,114,105,9,9
64667,45,42,3,3
64668,100,98,2,2
64669,61,61,0,0
64670,101,86,15,15
64671,120,117,3,3
64672,152,141,11,11
64673,84,89,-5,5
64674,100,92,8,8
64675,108,100,8,8
64676,124,129,-5,5
64677,148,147,1,1
64678,46,52,-6,6
64679,119,113,6,6
64680,118,103,15,15
64681,52,63,-11,11
64682,104,109,-5,5
64683,82,97,-15,15
64684,100,88,12,12
64685,118,105,13,13
64686,70,71,-1,1
64687,104,85,19,19
64688,141,127,14,14
64689,97,95,2,2
64690,24,34,-10,10
64691,192,164,28,28
64692,71,66,5,5
64693,78,85,-7,7
64694,46,53,-7,7
64695,79,79,0,0
64696,153,134,19,19
64697,88,99,-11,11
64698,64,71,-7,7
64699,81,72,9,9
64700,81,81,0,0
64701,105,96,9,9
64702,88,91,-3,3
64703,120,122,-2,2
64704,68,66,2,2
64705,84,84,0,0
64706,121,112,9,9
64707,80,72,8,8
64708,138,136,2,2
64709,90,80,10,10
64710,87,93,-6,6
64711,92,90,2,2
64712,111,117,-6,6
64713,77,72,5,5
64714,74,72,2,2
64715,170,138,32,32
64716,77,78,-1,1
64717,117,117,0,0
64718,151,133,18,18
64719,84,89,-5,5
64720,108,112,-4,4
64721,69,74,-5,5
64722,121,120,1,1
64723,94,97,-3,3
64724,41,45,-4,4
64725,140,132,8,8
64726,76,66,10,10
64727,85,78,7,7
64728,104,106,-2,2
64729,48,57,-9,9
64730,128,129,-1,1
64731,68,68,0,0
64732,70,72,-2,2
64733,93,82,11,11
64734,69,88,-19,19
64735,56,49,7,7
64736,96,94,2,2
64737,50,54,-4,4
64738,64,68,-4,4
64739,69,79,-10,10
64740,89,83,6,6
64741,75,82,-7,7
64742,77,79,-2,2
64743,68,65,3,3
64744,59,94,-35,35
64745,140,115,25,25
64746,79,75,4,4
64747,46,45,1,1
64748,54,50,4,4
64749,89,92,-3,3
64750,99,100,-1,1
64751,68,67,1,1
64752,86,93,-7,7
64753,106,93,13,13
64754,82,76,6,6
64755,97,122,-25,25
64756,29,46,-17,17
64757,99,90,9,9
64758,119,117,2,2
64759,102,101,1,1
64760,104,103,1,1
64761,148,120,28,28
64762,146,136,10,10
64763,107,97,10,10
64764,49,47,2,2
64765,45,45,0,0
64766,133,123,10,10
64767,102,105,-3,3
64768,110,109,1,1
64769,100,97,3,3
64770,112,102,10,10
64771,59,69,-10,10
64772,73,62,11,11
64773,115,122,-7,7
64774,88,82,6,6
64775,77,83,-6,6
64776,133,125,8,8
64777,86,85,1,1
64778,74,66,8,8
64779,125,117,8,8
64780,97,99,-2,2
64781,71,65,6,6
64782,42,46,-4,4
64783,140,133,7,7
64784,70,66,4,4
64785,76,81,-5,5
64786,59,56,3,3
64787,87,92,-5,5
64788,134,115,19,19
64789,173,158,15,15
64790,47,50,-3,3
64791,112,99,13,13
64792,94,98,-4,4
64793,81,76,5,5
64794,152,146,6,6
64795,56,61,-5,5
64796,72,72,0,0
64797,82,79,3,3
64798,68,67,1,1
64799,87,87,0,0
64800,116,128,-12,12
64801,49,47,2,2
64802,124,119,5,5
64803,146,147,-1,1
64804,151,137,14,14
64805,67,87,-20,20
64806,57,92,-35,35
64807,147,144,3,3
64808,104,106,-2,2
64809,124,122,2,2
64810,46,52,-6,6
64811,118,117,1,1
64812,110,107,3,3
64813,82,79,3,3
64814,97,84,13,13
64815,104,95,9,9
64816,46,47,-1,1
64817,76,82,-6,6
64818,66,67,-1,1
64819,51,52,-1,1
64820,63,54,9,9
64821,81,78,3,3
64822,110,109,1,1
64823,160,152,8,8
64824,65,65,0,0
64825,43,49,-6,6
64826,67,113,-46,46
64827,104,99,5,5
64828,83,89,-6,6
64829,57,71,-14,14
64830,139,128,11,11
64831,78,75,3,3
64832,68,65,3,3
64833,91,86,5,5
64834,117,114,3,3
64835,117,107,10,10
64836,110,110,0,0
64837,67,68,-1,1
64838,89,87,2,2
64839,96,102,-6,6
64840,92,100,-8,8
64841,87,83,4,4
64842,92,83,9,9
64843,59,65,-6,6
64844,66,66,0,0
64845,160,156,4,4
64846,188,162,26,26
64847,96,96,0,0
64848,75,81,-6,6
64849,140,129,11,11
64850,95,90,5,5
64851,83,84,-1,1
64852,103,103,0,0
64853,81,83,-2,2
64854,87,85,2,2
64855,90,90,0,0
64856,66,68,-2,2
64857,100,93,7,7
64858,75,72,3,3
64859,50,54,-4,4
64860,68,69,-1,1
64861,82,79,3,3
64862,72,69,3,3
64863,56,58,-2,2
64864,113,108,5,5
64865,41,53,-12,12
64866,56,62,-6,6
64867,92,86,6,6
64868,68,71,-3,3
64869,63,63,0,0
64870,111,111,0,0
64871,74,76,-2,2
64872,91,90,1,1
64873,84,133,-49,49
64874,107,109,-2,2
64875,95,94,1,1
64876,80,74,6,6
64877,125,122,3,3
64878,57,56,1,1
64879,115,118,-3,3
64880,117,107,10,10
64881,71,74,-3,3
64882,72,72,0,0
64883,199,175,24,24
64884,100,99,1,1
64885,75,67,8,8
64886,78,72,6,6
64887,82,77,5,5
64888,85,86,-1,1
64889,53,61,-8,8
64890,89,84,5,5
64891,111,98,13,13
64892,58,60,-2,2
64893,74,68,6,6
64894,106,115,-9,9
64895,139,132,7,7
64896,94,90,4,4
64897,66,65,1,1
64898,140,117,23,23
64899,100,93,7,7
64900,60,61,-1,1
64901,118,101,17,17
64902,108,93,15,15
64903,131,115,16,16
64904,141,146,-5,5
64905,107,113,-6,6
64906,65,74,-9,9
64907,104,104,0,0
64908,121,120,1,1
64909,93,98,-5,5
64910,85,91,-6,6
64911,77,79,-2,2
64912,113,104,9,9
64913,44,46,-2,2
64914,110,120,-10,10
64915,75,68,7,7
64916,65,69,-4,4
64917,59,60,-1,1
64918,102,86,16,16
64919,93,110,-17,17
64920,85,85,0,0
64921,57,56,1,1
64922,129,117,12,12
64923,45,59,-14,14
64924,60,79,-19,19
64925,89,92,-3,3
64926,93,91,2,2
64927,104,97,7,7
64928,55,58,-3,3
64929,83,90,-7,7
64930,137,125,12,12
64931,109,97,12,12
64932,69,69,0,0
64933,110,119,-9,9
64934,119,96,23,23
64935,97,89,8,8
64936,81,82,-1,1
64937,104,100,4,4
64938,71,79,-8,8
64939,50,59,-9,9
64940,136,123,13,13
64941,70,67,3,3
64942,63,70,-7,7
64943,90,92,-2,2
64944,102,96,6,6
64945,50,54,-4,4
64946,138,122,16,16
64947,103,119,-16,16
64948,127,120,7,7
64949,129,130,-1,1
64950,144,132,12,12
64951,52,57,-5,5
64952,72,74,-2,2
64953,94,95,-1,1
64954,77,69,8,8
64955,62,65,-3,3
64956,91,90,1,1
64957,58,58,0,0
64958,78,79,-1,1
64959,63,62,1,1
64960,111,97,14,14
64961,87,87,0,0
64962,85,80,5,5
64963,224,193,31,31
64964,99,90,9,9
64965,84,77,7,7
64966,101,98,3,3
64967,156,131,25,25
64968,50,50,0,0
64969,82,81,1,1
64970,190,189,1,1
64971,127,125,2,2
64972,61,64,-3,3
64973,100,101,-1,1
64974,81,83,-2,2
64975,141,123,18,18
64976,80,73,7,7
64977,67,66,1,1
64978,90,89,1,1
64979,81,77,4,4
64980,55,53,2,2
64981,85,86,-1,1
64982,36,46,-10,10
64983,87,76,11,11
64984,73,83,-10,10
64985,90,84,6,6
64986,69,66,3,3
64987,88,82,6,6
64988,64,68,-4,4
64989,56,58,-2,2
64990,130,115,15,15
64991,59,56,3,3
64992,140,141,-1,1
64993,129,113,16,16
64994,122,118,4,4
64995,69,66,3,3
64996,65,75,-10,10
64997,103,96,7,7
64998,36,42,-6,6
64999,193,186,7,7
65000,123,117,6,6
65001,77,80,-3,3
65002,75,68,7,7
65003,85,92,-7,7
65004,124,122,2,2
65005,148,143,5,5
65006,92,96,-4,4
65007,70,76,-6,6
65008,129,121,8,8
65009,51,51,0,0
65010,98,84,14,14
65011,130,116,14,14
65012,134,124,10,10
65013,89,86,3,3
65014,83,92,-9,9
65015,89,86,3,3
65016,101,92,9,9
65017,110,96,14,14
65018,68,70,-2,2
65019,68,62,6,6
65020,72,72,0,0
65021,77,76,1,1
65022,147,126,21,21
65023,117,109,8,8
65024,79,93,-14,14
65025,103,102,1,1
65026,65,70,-5,5
65027,102,97,5,5
65028,66,67,-1,1
65029,101,91,10,10
65030,77,78,-1,1
65031,58,66,-8,8
65032,75,79,-4,4
65033,50,65,-15,15
65034,116,109,7,7
65035,78,75,3,3
65036,111,100,11,11
65037,35,47,-12,12
65038,94,86,8,8
65039,136,119,17,17
65040,71,66,5,5
65041,94,105,-11,11
65042,81,76,5,5
65043,54,53,1,1
65044,94,83,11,11
65045,94,92,2,2
65046,143,136,7,7
65047,82,81,1,1
65048,156,142,14,14
65049,81,84,-3,3
65050,169,158,11,11
65051,104,101,3,3
65052,107,105,2,2
65053,69,83,-14,14
65054,123,100,23,23
65055,51,56,-5,5
65056,88,94,-6,6
65057,41,45,-4,4
65058,56,64,-8,8
65059,138,133,5,5
65060,102,93,9,9
65061,97,95,2,2
65062,124,121,3,3
65063,124,113,11,11
65064,119,125,-6,6
65065,55,55,0,0
65066,116,111,5,5
65067,60,54,6,6
65068,134,118,16,16
65069,63,86,-23,23
65070,73,73,0,0
65071,145,140,5,5
65072,111,121,-10,10
65073,110,117,-7,7
65074,194,166,28,28
65075,92,94,-2,2
65076,97,86,11,11
65077,116,113,3,3
65078,61,56,5,5
65079,150,141,9,9
65080,45,47,-2,2
65081,99,88,11,11
65082,79,73,6,6
65083,118,119,-1,1
65084,74,71,3,3
65085,108,104,4,4
65086,85,80,5,5
65087,89,78,11,11
65088,107,105,2,2
65089,165,166,-1,1
65090,84,80,4,4
65091,132,118,14,14
65092,90,82,8,8
65093,144,116,28,28
65094,87,91,-4,4
65095,103,87,16,16
65096,98,101,-3,3
65097,88,85,3,3
65098,125,115,10,10
65099,112,100,12,12
65100,51,59,-8,8
65101,105,106,-1,1
65102,149,124,25,25
65103,109,105,4,4
65104,74,78,-4,4
65105,83,81,2,2
65106,85,87,-2,2
65107,75,69,6,6
65108,78,85,-7,7
65109,67,70,-3,3
65110,48,49,-1,1
65111,109,95,14,14
65112,92,88,4,4
65113,90,91,-1,1
65114,90,83,7,7
65115,98,93,5,5
65116,76,75,1,1
65117,83,88,-5,5
65118,148,145,3,3
65119,99,94,5,5
65120,68,68,0,0
65121,79,68,11,11
65122,98,97,1,1
65123,194,180,14,14
65124,90,82,8,8
65125,70,66,4,4
65126,88,86,2,2
65127,66,69,-3,3
65128,81,68,13,13
65129,122,117,5,5
65130,96,93,3,3
65131,69,74,-5,5
65132,113,94,19,19
65133,61,69,-8,8
65134,101,82,19,19
65135,178,159,19,19
65136,111,102,9,9
65137,81,75,6,6
65138,147,158,-11,11
65139,121,110,11,11
65140,78,71,7,7
65141,86,79,7,7
65142,54,57,-3,3
65143,46,51,-5,5
65144,62,65,-3,3
65145,94,105,-11,11
65146,101,95,6,6
65147,60,68,-8,8
65148,72,66,6,6
65149,75,83,-8,8
65150,148,137,11,11
65151,123,114,9,9
65152,81,91,-10,10
65153,126,121,5,5
65154,163,147,16,16
65155,105,102,3,3
65156,85,84,1,1
65157,102,94,8,8
65158,89,85,4,4
65159,123,124,-1,1
65160,62,58,4,4
65161,78,84,-6,6
65162,98,92,6,6
65163,68,65,3,3
65164,99,102,-3,3
65165,112,102,10,10
65166,89,81,8,8
65167,89,90,-1,1
65168,83,79,4,4
65169,119,115,4,4
65170,92,96,-4,4
65171,77,80,-3,3
65172,74,71,3,3
65173,115,126,-11,11
65174,107,100,7,7
65175,98,84,14,14
65176,136,119,17,17
65177,42,48,-6,6
65178,119,117,2,2
65179,119,118,1,1
65180,109,98,11,11
65181,113,111,2,2
65182,164,158,6,6
65183,86,83,3,3
65184,97,96,1,1
65185,112,114,-2,2
65186,124,116,8,8
65187,84,96,-12,12
65188,77,80,-3,3
65189,87,84,3,3
65190,52,53,-1,1
65191,112,106,6,6
65192,78,74,4,4
65193,93,90,3,3
65194,115,124,-9,9
65195,76,70,6,6
65196,209,191,18,18
65197,41,56,-15,15
65198,115,107,8,8
65199,155,137,18,18
65200,53,52,1,1
65201,72,73,-1,1
65202,110,84,26,26
65203,91,91,0,0
65204,99,94,5,5
65205,88,92,-4,4
65206,100,95,5,5
65207,73,82,-9,9
65208,70,68,2,2
65209,126,118,8,8
65210,102,96,6,6
65211,97,89,8,8
65212,60,66,-6,6
65213,44,48,-4,4
65214,62,68,-6,6
65215,52,59,-7,7
65216,128,117,11,11
65217,168,158,10,10
65218,101,102,-1,1
65219,106,105,1,1
65220,191,172,19,19
65221,51,65,-14,14
65222,196,163,33,33
65223,92,96,-4,4
65224,47,47,0,0
65225,115,103,12,12
65226,70,66,4,4
65227,84,94,-10,10
65228,145,136,9,9
65229,102,102,0,0
65230,31,42,-11,11
65231,65,60,5,5
65232,92,87,5,5
65233,77,79,-2,2
65234,90,90,0,0
65235,30,38,-8,8
65236,72,80,-8,8
65237,109,109,0,0
65238,148,145,3,3
65239,81,80,1,1
65240,75,70,5,5
65241,60,64,-4,4
65242,147,132,15,15
65243,95,78,17,17
65244,71,73,-2,2
65245,145,146,-1,1
65246,91,92,-1,1
65247,48,71,-23,23
65248,94,95,-1,1
65249,86,93,-7,7
65250,70,70,0,0
65251,120,117,3,3
65252,117,114,3,3
65253,118,90,28,28
65254,66,66,0,0
65255,70,69,1,1
65256,51,49,2,2
65257,80,83,-3,3
65258,78,81,-3,3
65259,136,117,19,19
65260,105,104,1,1
65261,94,85,9,9
65262,119,108,11,11
65263,119,117,2,2
65264,66,61,5,5
65265,133,121,12,12
65266,106,98,8,8
65267,110,92,18,18
65268,109,99,10,10
65269,97,107,-10,10
65270,54,60,-6,6
65271,143,130,13,13
65272,103,106,-3,3
65273,55,51,4,4
65274,72,71,1,1
65275,300,245,55,55
65276,110,104,6,6
65277,120,118,2,2
65278,114,120,-6,6
65279,65,66,-1,1
65280,51,56,-5,5
65281,107,95,12,12
65282,86,89,-3,3
65283,91,89,2,2
65284,102,95,7,7
65285,72,65,7,7
65286,82,80,2,2
65287,134,121,13,13
65288,133,121,12,12
65289,79,86,-7,7
65290,146,139,7,7
65291,176,159,17,17
65292,117,110,7,7
65293,82,86,-4,4
65294,105,97,8,8
65295,89,89,0,0
65296,72,76,-4,4
65297,71,65,6,6
65298,117,118,-1,1
65299,140,125,15,15
65300,80,84,-4,4
65301,53,53,0,0
65302,185,180,5,5
65303,111,96,15,15
65304,92,96,-4,4
65305,91,85,6,6
65306,112,96,16,16
65307,59,57,2,2
65308,106,94,12,12
65309,53,60,-7,7
65310,132,124,8,8
65311,80,84,-4,4
65312,163,156,7,7
65313,58,67,-9,9
65314,138,123,15,15
65315,173,161,12,12
65316,64,72,-8,8
65317,78,77,1,1
65318,101,105,-4,4
65319,103,95,8,8
65320,87,80,7,7
65321,105,98,7,7
65322,94,85,9,9
65323,89,88,1,1
65324,63,71,-8,8
65325,92,86,6,6
65326,139,136,3,3
65327,78,83,-5,5
65328,58,77,-19,19
65329,77,82,-5,5
65330,71,102,-31,31
65331,154,150,4,4
65332,93,89,4,4
65333,61,63,-2,2
65334,168,152,16,16
65335,139,124,15,15
65336,78,77,1,1
65337,132,120,12,12
65338,56,53,3,3
65339,78,83,-5,5
65340,86,85,1,1
65341,68,68,0,0
65342,31,54,-23,23
65343,60,62,-2,2
65344,150,135,15,15
65345,117,109,8,8
65346,104,98,6,6
65347,102,99,3,3
65348,77,84,-7,7
65349,64,69,-5,5
65350,103,104,-1,1
65351,113,105,8,8
65352,96,93,3,3
65353,114,96,18,18
65354,126,118,8,8
65355,106,106,0,0
65356,59,64,-5,5
65357,81,83,-2,2
65358,109,99,10,10
65359,121,125,-4,4
65360,70,68,2,2
65361,148,139,9,9
65362,94,89,5,5
65363,127,119,8,8
65364,117,115,2,2
65365,104,95,9,9
65366,46,54,-8,8
65367,106,116,-10,10
65368,94,83,11,11
65369,124,109,15,15
65370,62,66,-4,4
65371,62,78,-16,16
65372,74,83,-9,9
65373,53,54,-1,1
65374,40,49,-9,9
65375,70,68,2,2
65376,60,64,-4,4
65377,45,46,-1,1
65378,111,108,3,3
65379,37,53,-16,16
65380,88,99,-11,11
65381,51,101,-50,50
65382,66,66,0,0
65383,76,71,5,5
65384,91,84,7,7
65385,121,117,4,4
65386,135,121,14,14
65387,87,90,-3,3
65388,99,94,5,5
65389,106,102,4,4
65390,83,88,-5,5
65391,94,83,11,11
65392,76,77,-1,1
65393,69,69,0,0
65394,100,108,-8,8
65395,118,114,4,4
65396,66,83,-17,17
65397,89,91,-2,2
65398,104,115,-11,11
65399,110,92,18,18
65400,106,99,7,7
65401,118,116,2,2
65402,83,88,-5,5
65403,85,80,5,5
65404,73,83,-10,10
65405,72,65,7,7
65406,61,66,-5,5
65407,59,63,-4,4
65408,114,111,3,3
65409,68,74,-6,6
65410,179,172,7,7
65411,70,68,2,2
65412,91,86,5,5
65413,114,107,7,7
65414,108,100,8,8
65415,79,84,-5,5
65416,79,76,3,3
65417,125,121,4,4
65418,117,97,20,20
65419,68,77,-9,9
65420,79,76,3,3
65421,103,110,-7,7
65422,207,177,30,30
65423,63,66,-3,3
65424,117,110,7,7
65425,63,63,0,0
65426,71,68,3,3
65427,74,83,-9,9
65428,55,56,-1,1
65429,170,155,15,15
65430,69,70,-1,1
65431,51,62,-11,11
65432,55,55,0,0
65433,73,76,-3,3
65434,89,102,-13,13
65435,173,150,23,23
65436,119,115,4,4
65437,85,88,-3,3
65438,94,96,-2,2
65439,104,92,12,12
65440,96,92,4,4
65441,61,66,-5,5
65442,86,86,0,0
65443,95,92,3,3
65444,161,148,13,13
65445,80,81,-1,1
65446,112,104,8,8
65447,75,80,-5,5
65448,141,128,13,13
65449,161,156,5,5
65450,99,98,1,1
65451,94,89,5,5
65452,146,128,18,18
65453,72,72,0,0
65454,105,89,16,16
65455,69,69,0,0
65456,113,104,9,9
65457,132,109,23,23
65458,121,118,3,3
65459,91,94,-3,3
65460,70,66,4,4
65461,96,91,5,5
65462,155,142,13,13
65463,130,130,0,0
65464,186,158,28,28
65465,96,99,-3,3
65466,146,151,-5,5
65467,113,106,7,7
65468,86,86,0,0
65469,104,100,4,4
65470,66,65,1,1
65471,96,87,9,9
65472,88,77,11,11
65473,111,101,10,10
65474,146,129,17,17
65475,86,70,16,16
65476,46,48,-2,2
65477,72,73,-1,1
65478,170,148,22,22
65479,35,42,-7,7
65480,90,90,0,0
65481,143,140,3,3
65482,157,146,11,11
65483,62,70,-8,8
65484,65,63,2,2
65485,75,73,2,2
65486,89,88,1,1
65487,82,72,10,10
65488,80,84,-4,4
65489,56,51,5,5
65490,76,74,2,2
65491,113,107,6,6
65492,104,108,-4,4
65493,99,95,4,4
65494,62,62,0,0
65495,140,137,3,3
65496,76,78,-2,2
65497,114,109,5,5
65498,108,111,-3,3
65499,81,72,9,9
65500,63,64,-1,1
65501,125,117,8,8
65502,70,58,12,12
65503,90,89,1,1
65504,37,47,-10,10
65505,92,96,-4,4
65506,96,101,-5,5
65507,85,83,2,2
65508,106,107,-1,1
65509,86,80,6,6
65510,101,89,12,12
65511,101,98,3,3
65512,100,100,0,0
65513,105,97,8,8
65514,71,75,-4,4
65515,58,53,5,5
65516,179,163,16,16
65517,106,103,3,3
65518,89,89,0,0
65519,84,73,11,11
65520,113,102,11,11
65521,129,118,11,11
65522,87,90,-3,3
65523,122,120,2,2
65524,109,105,4,4
65525,78,87,-9,9
65526,96,96,0,0
65527,176,148,28,28
65528,114,109,5,5
65529,89,76,13,13
65530,115,102,13,13
65531,73,66,7,7
65532,68,74,-6,6
65533,148,137,11,11
65534,70,67,3,3
65535,108,99,9,9
65536,60,60,0,0
65537,98,83,15,15
65538,47,51,-4,4
65539,84,90,-6,6
65540,60,54,6,6
65541,119,121,-2,2
65542,66,68,-2,2
65543,115,109,6,6
65544,172,149,23,23
65545,105,95,10,10
65546,83,76,7,7
65547,75,69,6,6
65548,48,50,-2,2
65549,100,99,1,1
65550,59,68,-9,9
65551,67,65,2,2
65552,103,107,-4,4
65553,48,49,-1,1
65554,108,117,-9,9
65555,77,64,13,13
65556,126,118,8,8
65557,82,95,-13,13
65558,38,56,-18,18
65559,99,93,6,6
65560,56,56,0,0
65561,131,114,17,17
65562,96,84,12,12
65563,83,84,-1,1
65564,120,109,11,11
65565,102,90,12,12
65566,93,95,-2,2
65567,127,118,9,9
65568,67,56,11,11
65569,98,95,3,3
65570,77,67,10,10
65571,84,74,10,10
65572,96,90,6,6
65573,118,108,10,10
65574,84,81,3,3
65575,70,84,-14,14
65576,100,98,2,2
65577,118,108,10,10
65578,54,56,-2,2
65579,170,153,17,17
65580,91,95,-4,4
65581,86,80,6,6
65582,82,85,-3,3
65583,123,120,3,3
65584,94,93,1,1
65585,86,75,11,11
65586,142,147,-5,5
65587,132,109,23,23
65588,140,130,10,10
65589,177,152,25,25
65590,54,67,-13,13
65591,51,57,-6,6
65592,130,115,15,15
65593,71,73,-2,2
65594,61,56,5,5
65595,93,89,4,4
65596,93,98,-5,5
65597,83,85,-2,2
65598,104,92,12,12
65599,93,96,-3,3
65600,88,84,4,4
65601,89,87,2,2
65602,154,145,9,9
65603,53,54,-1,1
65604,85,81,4,4
65605,89,94,-5,5
65606,107,106,1,1
65607,102,100,2,2
65608,88,91,-3,3
65609,35,43,-8,8
65610,118,111,7,7
65611,63,65,-2,2
65612,56,65,-9,9
65613,41,43,-2,2
65614,108,103,5,5
65615,137,131,6,6
65616,70,65,5,5
65617,131,137,-6,6
65618,83,74,9,9
65619,87,83,4,4
65620,87,93,-6,6
65621,134,127,7,7
65622,108,89,19,19
65623,73,91,-18,18
65624,110,105,5,5
65625,100,79,21,21
65626,57,75,-18,18
65627,101,97,4,4
65628,124,113,11,11
65629,100,99,1,1
65630,116,116,0,0
65631,124,104,20,20
65632,119,119,0,0
65633,95,108,-13,13
65634,131,117,14,14
65635,46,50,-4,4
65636,119,106,13,13
65637,86,79,7,7
65638,148,140,8,8
65639,63,66,-3,3
65640,84,81,3,3
65641,88,79,9,9
65642,125,111,14,14
65643,180,156,24,24
65644,92,98,-6,6
65645,73,75,-2,2
65646,54,57,-3,3
65647,125,126,-1,1
65648,158,147,11,11
65649,115,108,7,7
65650,176,169,7,7
65651,71,87,-16,16
65652,109,114,-5,5
65653,115,109,6,6
65654,135,123,12,12
65655,75,73,2,2
65656,71,72,-1,1
65657,74,84,-10,10
65658,123,129,-6,6
65659,85,84,1,1
65660,124,111,13,13
65661,51,53,-2,2
65662,53,56,-3,3
65663,97,100,-3,3
65664,92,91,1,1
65665,122,120,2,2
65666,183,163,20,20
65667,94,96,-2,2
65668,151,135,16,16
65669,65,68,-3,3
65670,146,138,8,8
65671,68,75,-7,7
65672,186,132,54,54
65673,121,107,14,14
65674,77,77,0,0
65675,99,105,-6,6
65676,102,103,-1,1
65677,80,76,4,4
65678,123,116,7,7
65679,90,93,-3,3
65680,96,97,-1,1
65681,119,95,24,24
65682,136,129,7,7
65683,84,80,4,4
65684,135,129,6,6
65685,84,101,-17,17
65686,56,55,1,1
65687,81,85,-4,4
65688,69,64,5,5
65689,89,75,14,14
65690,105,97,8,8
65691,113,108,5,5
65692,79,74,5,5
65693,167,145,22,22
65694,85,79,6,6
65695,80,81,-1,1
65696,72,75,-3,3
65697,129,124,5,5
65698,155,131,24,24
65699,53,57,-4,4
65700,48,54,-6,6
65701,45,43,2,2
65702,55,56,-1,1
65703,99,99,0,0
65704,91,86,5,5
65705,75,68,7,7
65706,84,82,2,2
65707,38,48,-10,10
65708,41,46,-5,5
65709,86,85,1,1
65710,76,71,5,5
65711,53,57,-4,4
65712,63,66,-3,3
65713,79,75,4,4
65714,145,132,13,13
65715,97,95,2,2
65716,120,114,6,6
65717,74,74,0,0
65718,96,94,2,2
65719,101,90,11,11
65720,94,101,-7,7
65721,92,84,8,8
65722,83,74,9,9
65723,122,103,19,19
65724,57,59,-2,2
65725,56,65,-9,9
65726,123,120,3,3
65727,104,100,4,4
65728,147,130,17,17
65729,190,187,3,3
65730,120,108,12,12
65731,173,160,13,13
65732,52,49,3,3
65733,134,122,12,12
65734,110,100,10,10
65735,84,81,3,3
65736,92,94,-2,2
65737,112,97,15,15
65738,60,62,-2,2
65739,76,76,0,0
65740,159,139,20,20
65741,61,69,-8,8
65742,141,122,19,19
65743,107,103,4,4
65744,103,91,12,12
65745,129,128,1,1
65746,61,54,7,7
65747,77,71,6,6
65748,84,87,-3,3
65749,78,80,-2,2
65750,47,49,-2,2
65751,140,126,14,14
65752,56,52,4,4
65753,154,134,20,20
65754,77,85,-8,8
65755,85,70,15,15
65756,104,111,-7,7
65757,70,83,-13,13
65758,71,74,-3,3
65759,63,65,-2,2
65760,84,81,3,3
65761,110,96,14,14
65762,88,102,-14,14
65763,74,79,-5,5
65764,72,86,-14,14
65765,46,48,-2,2
65766,94,91,3,3
65767,93,99,-6,6
65768,63,67,-4,4
65769,100,100,0,0
65770,71,72,-1,1
65771,113,111,2,2
65772,88,84,4,4
65773,83,68,15,15
65774,76,84,-8,8
65775,83,76,7,7
65776,153,129,24,24
65777,134,131,3,3
65778,91,91,0,0
65779,56,54,2,2
65780,89,89,0,0
65781,51,56,-5,5
65782,121,106,15,15
65783,107,104,3,3
65784,97,142,-45,45
65785,79,76,3,3
65786,115,107,8,8
65787,60,66,-6,6
65788,105,101,4,4
65789,65,72,-7,7
65790,57,59,-2,2
65791,169,150,19,19
65792,92,91,1,1
65793,104,117,-13,13
65794,68,67,1,1
65795,72,67,5,5
65796,92,90,2,2
65797,124,117,7,7
65798,85,85,0,0
65799,123,117,6,6
65800,112,102,10,10
65801,138,145,-7,7
65802,205,186,19,19
65803,88,84,4,4
65804,82,84,-2,2
65805,77,81,-4,4
65806,68,66,2,2
65807,125,117,8,8
65808,87,80,7,7
65809,112,113,-1,1
65810,66,77,-11,11
65811,132,118,14,14
65812,136,114,22,22
65813,232,212,20,20
65814,63,67,-4,4
65815,77,82,-5,5
65816,121,114,7,7
65817,161,146,15,15
65818,200,155,45,45
65819,65,66,-1,1
65820,104,90,14,14
65821,129,107,22,22
65822,129,142,-13,13
65823,123,113,10,10
65824,72,77,-5,5
65825,59,62,-3,3
65826,94,103,-9,9
65827,102,112,-10,10
65828,74,71,3,3
65829,64,65,-1,1
65830,48,51,-3,3
65831,80,79,1,1
65832,112,97,15,15
65833,67,117,-50,50
65834,79,83,-4,4
65835,79,82,-3,3
65836,51,54,-3,3
65837,213,190,23,23
65838,116,120,-4,4
65839,82,83,-1,1
65840,88,88,0,0
65841,154,155,-1,1
65842,93,89,4,4
65843,115,110,5,5
65844,58,55,3,3
65845,89,97,-8,8
65846,69,69,0,0
65847,124,111,13,13
65848,87,84,3,3
65849,114,110,4,4
65850,75,78,-3,3
65851,46,66,-20,20
65852,54,54,0,0
65853,63,58,5,5
65854,54,54,0,0
65855,70,66,4,4
65856,98,89,9,9
65857,74,74,0,0
65858,76,71,5,5
65859,80,76,4,4
65860,73,128,-55,55
65861,108,104,4,4
65862,100,97,3,3
65863,64,57,7,7
65864,101,100,1,1
65865,75,72,3,3
65866,66,72,-6,6
65867,142,129,13,13
65868,47,49,-2,2
65869,71,66,5,5
65870,26,38,-12,12
65871,53,61,-8,8
65872,133,129,4,4
65873,96,95,1,1
65874,91,105,-14,14
65875,83,75,8,8
65876,103,101,2,2
65877,89,79,10,10
65878,90,92,-2,2
65879,95,103,-8,8
65880,32,40,-8,8
65881,72,73,-1,1
65882,99,80,19,19
65883,115,112,3,3
65884,86,92,-6,6
65885,93,105,-12,12
65886,129,115,14,14
65887,92,92,0,0
65888,114,111,3,3
65889,84,84,0,0
65890,93,86,7,7
65891,89,101,-12,12
65892,59,63,-4,4
65893,63,64,-1,1
65894,59,63,-4,4
65895,115,109,6,6
65896,144,120,24,24
65897,76,83,-7,7
65898,112,104,8,8
65899,118,127,-9,9
65900,80,84,-4,4
65901,106,98,8,8
65902,92,94,-2,2
65903,65,66,-1,1
65904,130,135,-5,5
65905,108,98,10,10
65906,44,61,-17,17
65907,101,100,1,1
65908,72,79,-7,7
65909,67,70,-3,3
65910,73,76,-3,3
65911,184,165,19,19
65912,83,78,5,5
65913,77,77,0,0
65914,113,105,8,8
65915,46,45,1,1
65916,101,103,-2,2
65917,92,95,-3,3
65918,122,110,12,12
65919,67,63,4,4
65920,134,118,16,16
65921,82,82,0,0
65922,142,140,2,2
65923,101,88,13,13
65924,119,122,-3,3
65925,44,48,-4,4
65926,105,104,1,1
65927,99,100,-1,1
65928,127,118,9,9
65929,76,76,0,0
65930,107,95,12,12
65931,104,108,-4,4
65932,104,93,11,11
65933,100,97,3,3
65934,106,96,10,10
65935,66,64,2,2
65936,154,134,20,20
65937,124,121,3,3
65938,118,112,6,6
65939,79,79,0,0
65940,76,77,-1,1
65941,89,83,6,6
65942,67,70,-3,3
65943,104,101,3,3
65944,108,92,16,16
65945,76,75,1,1
65946,47,49,-2,2
65947,98,101,-3,3
65948,137,139,-2,2
65949,111,103,8,8
65950,62,60,2,2
65951,37,43,-6,6
65952,69,68,1,1
65953,115,119,-4,4
65954,98,96,2,2
65955,62,67,-5,5
65956,94,91,3,3
65957,46,66,-20,20
65958,97,86,11,11
65959,108,95,13,13
65960,124,124,0,0
65961,74,88,-14,14
65962,113,108,5,5
65963,96,100,-4,4
65964,135,125,10,10
65965,81,85,-4,4
65966,101,98,3,3
65967,109,112,-3,3
65968,121,116,5,5
65969,62,54,8,8
65970,105,111,-6,6
65971,105,90,15,15
65972,96,84,12,12
65973,90,68,22,22
65974,81,75,6,6
65975,137,126,11,11
65976,86,82,4,4
65977,86,89,-3,3
65978,105,109,-4,4
65979,120,112,8,8
65980,70,67,3,3
65981,90,86,4,4
65982,90,88,2,2
65983,79,77,2,2
65984,62,65,-3,3
65985,56,65,-9,9
65986,62,59,3,3
65987,123,108,15,15
65988,108,108,0,0
65989,73,76,-3,3
65990,92,85,7,7
65991,97,88,9,9
65992,94,85,9,9
65993,119,115,4,4
65994,125,118,7,7
65995,252,209,43,43
65996,124,123,1,1
65997,76,83,-7,7
65998,120,114,6,6
65999,83,83,0,0
66000,82,80,2,2
66001,93,94,-1,1
66002,56,60,-4,4
66003,78,89,-11,11
66004,121,146,-25,25
66005,100,88,12,12
66006,91,83,8,8
66007,66,66,0,0
66008,62,62,0,0
66009,72,71,1,1
66010,77,82,-5,5
66011,93,89,4,4
66012,176,153,23,23
66013,55,57,-2,2
66014,75,79,-4,4
66015,60,62,-2,2
66016,143,131,12,12
66017,117,117,0,0
66018,36,48,-12,12
66019,45,48,-3,3
66020,96,94,2,2
66021,81,87,-6,6
66022,106,96,10,10
66023,83,87,-4,4
66024,105,96,9,9
66025,80,86,-6,6
66026,43,42,1,1
66027,103,103,0,0
66028,134,122,12,12
66029,53,57,-4,4
66030,115,99,16,16
66031,157,133,24,24
66032,67,91,-24,24
66033,104,110,-6,6
66034,148,145,3,3
66035,116,107,9,9
66036,100,91,9,9
66037,63,67,-4,4
66038,71,79,-8,8
66039,71,67,4,4
66040,67,75,-8,8
66041,105,108,-3,3
66042,102,99,3,3
66043,53,51,2,2
66044,71,71,0,0
66045,115,124,-9,9
66046,105,99,6,6
66047,62,76,-14,14
66048,119,111,8,8
66049,151,136,15,15
66050,55,65,-10,10
66051,76,78,-2,2
66052,37,45,-8,8
66053,126,94,32,32
66054,116,88,28,28
66055,119,113,6,6
66056,86,83,3,3
66057,64,72,-8,8
66058,53,57,-4,4
66059,108,99,9,9
66060,118,106,12,12
66061,126,122,4,4
66062,71,68,3,3
66063,99,98,1,1
66064,49,54,-5,5
66065,87,83,4,4
66066,75,71,4,4
66067,89,87,2,2
66068,94,88,6,6
66069,100,91,9,9
66070,80,72,8,8
66071,78,77,1,1
66072,65,71,-6,6
66073,104,99,5,5
66074,111,115,-4,4
66075,182,145,37,37
66076,69,68,1,1
66077,67,68,-1,1
66078,99,113,-14,14
66079,82,75,7,7
66080,99,82,17,17
66081,66,67,-1,1
66082,162,148,14,14
66083,142,123,19,19
66084,84,83,1,1
66085,70,83,-13,13
66086,106,103,3,3
66087,57,63,-6,6
66088,89,79,10,10
66089,119,109,10,10
66090,90,84,6,6
66091,59,67,-8,8
66092,80,79,1,1
66093,113,105,8,8
66094,47,51,-4,4
66095,72,75,-3,3
66096,178,178,0,0
66097,76,87,-11,11
66098,96,101,-5,5
66099,83,81,2,2
66100,63,65,-2,2
66101,144,137,7,7
66102,42,53,-11,11
66103,52,48,4,4
66104,125,111,14,14
66105,63,65,-2,2
66106,69,57,12,12
66107,78,71,7,7
66108,63,82,-19,19
66109,80,86,-6,6
66110,101,101,0,0
66111,187,147,40,40
66112,163,144,19,19
66113,109,109,0,0
66114,101,108,-7,7
66115,86,87,-1,1
66116,72,86,-14,14
66117,142,170,-28,28
66118,99,84,15,15
66119,64,68,-4,4
66120,79,79,0,0
66121,85,74,11,11
66122,107,84,23,23
66123,97,92,5,5
66124,116,109,7,7
66125,67,68,-1,1
66126,89,99,-10,10
66127,122,107,15,15
66128,140,135,5,5
66129,62,58,4,4
66130,119,125,-6,6
66131,117,106,11,11
66132,104,113,-9,9
66133,47,54,-7,7
66134,73,74,-1,1
66135,159,128,31,31
66136,101,98,3,3
66137,77,66,11,11
66138,58,54,4,4
66139,78,79,-1,1
66140,97,89,8,8
66141,76,73,3,3
66142,88,90,-2,2
66143,64,64,0,0
66144,81,89,-8,8
66145,69,69,0,0
66146,115,125,-10,10
66147,65,84,-19,19
66148,76,67,9,9
66149,58,61,-3,3
66150,33,41,-8,8
66151,133,123,10,10
66152,45,67,-22,22
66153,123,116,7,7
66154,100,94,6,6
66155,82,86,-4,4
66156,83,83,0,0
66157,117,102,15,15
66158,74,70,4,4
66159,103,101,2,2
66160,72,75,-3,3
66161,142,123,19,19
66162,121,106,15,15
66163,82,79,3,3
66164,80,75,5,5
66165,100,103,-3,3
66166,164,155,9,9
66167,95,90,5,5
66168,57,64,-7,7
66169,81,72,9,9
66170,39,44,-5,5
66171,123,116,7,7
66172,127,117,10,10
66173,82,82,0,0
66174,105,103,2,2
66175,72,68,4,4
66176,37,44,-7,7
66177,85,90,-5,5
66178,152,144,8,8
66179,80,72,8,8
66180,55,57,-2,2
66181,76,88,-12,12
66182,21,47,-26,26
66183,220,198,22,22
66184,159,137,22,22
66185,90,93,-3,3
66186,148,143,5,5
66187,102,93,9,9
66188,83,75,8,8
66189,80,95,-15,15
66190,100,86,14,14
66191,111,97,14,14
66192,79,82,-3,3
66193,82,81,1,1
66194,82,83,-1,1
66195,197,184,13,13
66196,188,161,27,27
66197,177,177,0,0
66198,76,75,1,1
66199,157,163,-6,6
66200,49,57,-8,8
66201,44,46,-2,2
66202,66,72,-6,6
66203,156,138,18,18
66204,111,119,-8,8
66205,69,78,-9,9
66206,188,174,14,14
66207,126,106,20,20
66208,73,68,5,5
66209,111,100,11,11
66210,94,86,8,8
66211,57,75,-18,18
66212,132,119,13,13
66213,164,153,11,11
66214,55,59,-4,4
66215,139,124,15,15
66216,77,72,5,5
66217,43,51,-8,8
66218,96,86,10,10
66219,88,84,4,4
66220,74,71,3,3
66221,81,83,-2,2
66222,84,84,0,0
66223,100,96,4,4
66224,108,94,14,14
66225,44,62,-18,18
66226,77,84,-7,7
66227,79,81,-2,2
66228,111,110,1,1
66229,86,80,6,6
66230,61,52,9,9
66231,85,79,6,6
66232,45,62,-17,17
66233,81,73,8,8
66234,159,141,18,18
66235,80,74,6,6
66236,94,85,9,9
66237,89,88,1,1
66238,96,93,3,3
66239,95,82,13,13
66240,127,104,23,23
66241,71,65,6,6
66242,68,66,2,2
66243,80,87,-7,7
66244,122,112,10,10
66245,136,127,9,9
66246,95,95,0,0
66247,89,83,6,6
66248,88,89,-1,1
66249,44,46,-2,2
66250,121,108,13,13
66251,47,48,-1,1
66252,72,71,1,1
66253,72,72,0,0
66254,145,155,-10,10
66255,77,77,0,0
66256,129,138,-9,9
66257,65,71,-6,6
66258,121,108,13,13
66259,92,87,5,5
66260,100,102,-2,2
66261,36,44,-8,8
66262,122,112,10,10
66263,112,96,16,16
66264,76,71,5,5
66265,112,119,-7,7
66266,75,81,-6,6
66267,81,82,-1,1
66268,102,85,17,17
66269,43,63,-20,20
66270,92,90,2,2
66271,118,104,14,14
66272,73,74,-1,1
66273,179,174,5,5
66274,63,72,-9,9
66275,128,129,-1,1
66276,161,154,7,7
66277,178,147,31,31
66278,90,84,6,6
66279,74,76,-2,2
66280,74,75,-1,1
66281,95,97,-2,2
66282,98,97,1,1
66283,94,88,6,6
66284,115,116,-1,1
66285,131,130,1,1
66286,99,79,20,20
66287,87,83,4,4
66288,74,77,-3,3
66289,56,64,-8,8
66290,58,63,-5,5
66291,77,82,-5,5
66292,122,104,18,18
66293,70,75,-5,5
66294,40,53,-13,13
66295,106,106,0,0
66296,100,99,1,1
66297,73,76,-3,3
66298,72,63,9,9
66299,99,98,1,1
66300,135,134,1,1
66301,184,156,28,28
66302,50,70,-20,20
66303,77,75,2,2
66304,48,52,-4,4
66305,76,71,5,5
66306,87,91,-4,4
66307,137,122,15,15
66308,110,109,1,1
66309,84,87,-3,3
66310,74,81,-7,7
66311,83,75,8,8
66312,76,75,1,1
66313,107,130,-23,23
66314,78,69,9,9
66315,87,83,4,4
66316,64,69,-5,5
66317,60,62,-2,2
66318,94,96,-2,2
66319,80,74,6,6
66320,50,49,1,1
66321,54,50,4,4
66322,65,65,0,0
66323,101,110,-9,9
66324,89,84,5,5
66325,127,123,4,4
66326,59,70,-11,11
66327,90,96,-6,6
66328,77,81,-4,4
66329,100,104,-4,4
66330,103,102,1,1
66331,33,55,-22,22
66332,61,63,-2,2
66333,63,77,-14,14
66334,47,51,-4,4
66335,51,50,1,1
66336,141,137,4,4
66337,74,73,1,1
66338,74,74,0,0
66339,85,81,4,4
66340,149,133,16,16
66341,90,91,-1,1
66342,79,82,-3,3
66343,93,102,-9,9
66344,79,75,4,4
66345,146,143,3,3
66346,81,84,-3,3
66347,83,102,-19,19
66348,196,174,22,22
66349,114,100,14,14
66350,102,96,6,6
66351,140,129,11,11
66352,46,45,1,1
66353,189,168,21,21
66354,102,101,1,1
66355,96,90,6,6
66356,73,83,-10,10
66357,131,134,-3,3
66358,143,126,17,17
66359,94,111,-17,17
66360,95,93,2,2
66361,131,119,12,12
66362,138,125,13,13
66363,55,63,-8,8
66364,40,42,-2,2
66365,97,89,8,8
66366,70,75,-5,5
66367,95,91,4,4
66368,86,77,9,9
66369,107,97,10,10
66370,45,55,-10,10
66371,107,103,4,4
66372,77,70,7,7
66373,75,72,3,3
66374,85,86,-1,1
66375,81,84,-3,3
66376,100,89,11,11
66377,65,76,-11,11
66378,57,59,-2,2
66379,61,56,5,5
66380,79,81,-2,2
66381,104,100,4,4
66382,106,104,2,2
66383,55,54,1,1
66384,100,91,9,9
66385,89,90,-1,1
66386,73,70,3,3
66387,77,81,-4,4
66388,59,59,0,0
66389,71,77,-6,6
66390,52,67,-15,15
66391,58,58,0,0
66392,72,67,5,5
66393,90,85,5,5
66394,57,66,-9,9
66395,82,95,-13,13
66396,92,89,3,3
66397,88,77,11,11
66398,49,58,-9,9
66399,91,81,10,10
66400,171,156,15,15
66401,75,86,-11,11
66402,82,82,0,0
66403,74,68,6,6
66404,116,113,3,3
66405,95,81,14,14
66406,116,99,17,17
66407,74,99,-25,25
66408,100,94,6,6
66409,81,87,-6,6
66410,141,148,-7,7
66411,113,102,11,11
66412,100,90,10,10
66413,80,73,7,7
66414,96,88,8,8
66415,83,83,0,0
66416,68,76,-8,8
66417,66,62,4,4
66418,73,74,-1,1
66419,169,161,8,8
66420,119,100,19,19
66421,82,90,-8,8
66422,85,84,1,1
66423,92,104,-12,12
66424,92,92,0,0
66425,164,149,15,15
66426,131,127,4,4
66427,106,120,-14,14
66428,72,70,2,2
66429,54,58,-4,4
66430,75,78,-3,3
66431,62,64,-2,2
66432,89,93,-4,4
66433,63,58,5,5
66434,87,81,6,6
66435,136,119,17,17
66436,79,76,3,3
66437,86,87,-1,1
66438,71,75,-4,4
66439,68,66,2,2
66440,127,121,6,6
66441,78,84,-6,6
66442,43,47,-4,4
66443,82,76,6,6
66444,61,67,-6,6
66445,91,98,-7,7
66446,78,80,-2,2
66447,121,117,4,4
66448,83,82,1,1
66449,169,169,0,0
66450,56,63,-7,7
66451,78,66,12,12
66452,73,76,-3,3
66453,66,73,-7,7
66454,67,60,7,7
66455,69,63,6,6
66456,96,94,2,2
66457,118,104,14,14
66458,67,71,-4,4
66459,58,70,-12,12
66460,77,67,10,10
66461,164,141,23,23
66462,57,64,-7,7
66463,98,96,2,2
66464,97,92,5,5
66465,58,65,-7,7
66466,107,105,2,2
66467,70,78,-8,8
66468,121,110,11,11
66469,144,127,17,17
66470,157,147,10,10
66471,113,110,3,3
66472,66,66,0,0
66473,47,83,-36,36
66474,106,92,14,14
66475,77,80,-3,3
66476,180,172,8,8
66477,55,62,-7,7
66478,57,73,-16,16
66479,104,103,1,1
66480,120,115,5,5
66481,124,112,12,12
66482,157,156,1,1
66483,185,176,9,9
66484,63,65,-2,2
66485,158,135,23,23
66486,161,159,2,2
66487,61,65,-4,4
66488,104,104,0,0
66489,65,65,0,0
66490,174,159,15,15
66491,52,57,-5,5
66492,118,102,16,16
66493,89,86,3,3
66494,88,83,5,5
66495,88,91,-3,3
66496,62,69,-7,7
66497,67,68,-1,1
66498,118,106,12,12
66499,113,116,-3,3
66500,99,102,-3,3
66501,68,69,-1,1
66502,50,47,3,3
66503,123,119,4,4
66504,97,90,7,7
66505,93,107,-14,14
66506,132,116,16,16
66507,70,72,-2,2
66508,65,62,3,3
66509,80,92,-12,12
66510,79,74,5,5
66511,96,91,5,5
66512,69,77,-8,8
66513,142,133,9,9
66514,126,121,5,5
66515,88,105,-17,17
66516,57,55,2,2
66517,68,64,4,4
66518,97,104,-7,7
66519,128,123,5,5
66520,129,136,-7,7
66521,92,84,8,8
66522,146,119,27,27
66523,83,87,-4,4
66524,92,84,8,8
66525,207,177,30,30
66526,40,53,-13,13
66527,92,94,-2,2
66528,95,101,-6,6
66529,107,99,8,8
66530,51,58,-7,7
66531,210,182,28,28
66532,73,72,1,1
66533,103,95,8,8
66534,120,114,6,6
66535,132,109,23,23
66536,112,103,9,9
66537,86,82,4,4
66538,195,182,13,13
66539,69,68,1,1
66540,91,88,3,3
66541,57,73,-16,16
66542,112,103,9,9
66543,72,80,-8,8
66544,90,84,6,6
66545,99,96,3,3
66546,46,46,0,0
66547,51,51,0,0
66548,107,103,4,4
66549,156,151,5,5
66550,61,64,-3,3
66551,88,81,7,7
66552,107,96,11,11
66553,121,107,14,14
66554,89,79,10,10
66555,99,101,-2,2
66556,87,90,-3,3
66557,46,53,-7,7
66558,152,147,5,5
66559,67,66,1,1
66560,164,158,6,6
66561,68,72,-4,4
66562,94,90,4,4
66563,60,66,-6,6
66564,205,179,26,26
66565,92,88,4,4
66566,95,87,8,8
66567,67,59,8,8
66568,55,62,-7,7
66569,151,130,21,21
66570,160,145,15,15
66571,29,42,-13,13
66572,108,104,4,4
66573,112,113,-1,1
66574,109,160,-51,51
66575,86,79,7,7
66576,75,77,-2,2
66577,60,66,-6,6
66578,64,71,-7,7
66579,64,85,-21,21
66580,110,114,-4,4
66581,81,86,-5,5
66582,79,80,-1,1
66583,124,112,12,12
66584,94,94,0,0
66585,73,88,-15,15
66586,111,100,11,11
66587,107,98,9,9
66588,71,68,3,3
66589,125,121,4,4
66590,123,108,15,15
66591,63,58,5,5
66592,98,99,-1,1
66593,101,90,11,11
66594,129,123,6,6
66595,96,95,1,1
66596,58,58,0,0
66597,162,154,8,8
66598,48,50,-2,2
66599,151,136,15,15
66600,67,65,2,2
66601,122,112,10,10
66602,100,102,-2,2
66603,135,140,-5,5
66604,213,171,42,42
66605,129,134,-5,5
66606,61,67,-6,6
66607,70,76,-6,6
66608,88,91,-3,3
66609,75,77,-2,2
66610,159,154,5,5
66611,100,103,-3,3
66612,75,69,6,6
66613,120,131,-11,11
66614,70,74,-4,4
66615,129,113,16,16
66616,124,112,12,12
66617,105,99,6,6
66618,60,55,5,5
66619,76,65,11,11
66620,64,75,-11,11
66621,145,141,4,4
66622,95,105,-10,10
66623,104,108,-4,4
66624,148,137,11,11
66625,126,123,3,3
66626,142,129,13,13
66627,67,68,-1,1
66628,96,100,-4,4
66629,114,107,7,7
66630,47,57,-10,10
66631,125,127,-2,2
66632,66,71,-5,5
66633,203,212,-9,9
66634,58,65,-7,7
66635,114,105,9,9
66636,100,117,-17,17
66637,92,98,-6,6
66638,114,117,-3,3
66639,67,71,-4,4
66640,56,55,1,1
66641,78,76,2,2
66642,62,60,2,2
66643,77,88,-11,11
66644,104,94,10,10
66645,37,46,-9,9
66646,94,92,2,2
66647,108,94,14,14
66648,42,43,-1,1
66649,106,100,6,6
66650,74,72,2,2
66651,116,99,17,17
66652,77,65,12,12
66653,123,121,2,2
66654,89,95,-6,6
66655,74,69,5,5
66656,118,115,3,3
66657,73,78,-5,5
66658,69,84,-15,15
66659,79,78,1,1
66660,58,67,-9,9
66661,172,146,26,26
66662,118,102,16,16
66663,140,129,11,11
66664,124,123,1,1
66665,111,98,13,13
66666,88,100,-12,12
66667,90,111,-21,21
66668,59,52,7,7
66669,139,136,3,3
66670,125,122,3,3
66671,64,66,-2,2
66672,147,128,19,19
66673,50,55,-5,5
66674,81,81,0,0
66675,105,101,4,4
66676,63,66,-3,3
66677,87,91,-4,4
66678,90,85,5,5
66679,47,49,-2,2
66680,134,126,8,8
66681,61,60,1,1
66682,73,89,-16,16
66683,73,72,1,1
66684,78,81,-3,3
66685,134,119,15,15
66686,51,49,2,2
66687,108,100,8,8
66688,96,89,7,7
66689,54,80,-26,26
66690,122,117,5,5
66691,129,122,7,7
66692,86,75,11,11
66693,114,110,4,4
66694,70,76,-6,6
66695,79,83,-4,4
66696,56,58,-2,2
66697,66,69,-3,3
66698,89,80,9,9
66699,106,96,10,10
66700,77,80,-3,3
66701,82,79,3,3
66702,63,81,-18,18
66703,87,84,3,3
66704,119,122,-3,3
66705,146,131,15,15
66706,71,63,8,8
66707,70,77,-7,7
66708,82,85,-3,3
66709,72,73,-1,1
66710,91,93,-2,2
66711,57,70,-13,13
66712,68,68,0,0
66713,92,86,6,6
66714,71,74,-3,3
66715,100,94,6,6
66716,106,91,15,15
66717,64,57,7,7
66718,58,68,-10,10
66719,74,73,1,1
66720,104,109,-5,5
66721,133,118,15,15
66722,59,55,4,4
66723,77,76,1,1
66724,90,87,3,3
66725,116,91,25,25
66726,94,92,2,2
66727,102,103,-1,1
66728,130,124,6,6
66729,115,111,4,4
66730,79,75,4,4
66731,151,136,15,15
66732,88,96,-8,8
66733,188,165,23,23
66734,91,93,-2,2
66735,81,73,8,8
66736,74,77,-3,3
66737,80,82,-2,2
66738,125,115,10,10
66739,140,132,8,8
66740,60,64,-4,4
66741,45,50,-5,5
66742,65,72,-7,7
66743,120,115,5,5
66744,105,105,0,0
66745,136,137,-1,1
66746,31,67,-36,36
66747,77,77,0,0
66748,79,87,-8,8
66749,96,93,3,3
66750,40,60,-20,20
66751,54,58,-4,4
66752,94,82,12,12
66753,83,105,-22,22
66754,54,56,-2,2
66755,92,91,1,1
66756,146,126,20,20
66757,172,157,15,15
66758,62,60,2,2
66759,155,149,6,6
66760,111,101,10,10
66761,99,95,4,4
66762,126,107,19,19
66763,55,57,-2,2
66764,202,186,16,16
66765,60,62,-2,2
66766,97,88,9,9
66767,111,103,8,8
66768,114,110,4,4
66769,81,74,7,7
66770,35,51,-16,16
66771,88,89,-1,1
66772,62,67,-5,5
66773,84,85,-1,1
66774,96,84,12,12
66775,105,100,5,5
66776,67,70,-3,3
66777,68,74,-6,6
66778,75,74,1,1
66779,64,67,-3,3
66780,165,143,22,22
66781,92,119,-27,27
66782,136,115,21,21
66783,93,92,1,1
66784,58,51,7,7
66785,72,75,-3,3
66786,87,84,3,3
66787,53,59,-6,6
66788,138,122,16,16
66789,98,103,-5,5
66790,81,82,-1,1
66791,82,86,-4,4
66792,140,145,-5,5
66793,92,89,3,3
66794,116,110,6,6
66795,169,153,16,16
66796,76,82,-6,6
66797,70,68,2,2
66798,206,179,27,27
66799,118,109,9,9
66800,82,85,-3,3
66801,143,134,9,9
66802,113,104,9,9
66803,82,79,3,3
66804,72,70,2,2
66805,53,55,-2,2
66806,38,55,-17,17
66807,102,95,7,7
66808,98,99,-1,1
66809,60,67,-7,7
66810,133,124,9,9
66811,108,96,12,12
66812,103,93,10,10
66813,58,65,-7,7
66814,80,77,3,3
66815,72,70,2,2
66816,103,95,8,8
66817,115,121,-6,6
66818,66,75,-9,9
66819,134,121,13,13
66820,129,117,12,12
66821,82,85,-3,3
66822,92,88,4,4
66823,72,68,4,4
66824,156,146,10,10
66825,97,95,2,2
66826,80,81,-1,1
66827,110,94,16,16
66828,112,99,13,13
66829,73,69,4,4
66830,93,98,-5,5
66831,84,93,-9,9
66832,69,66,3,3
66833,63,78,-15,15
66834,97,94,3,3
66835,51,65,-14,14
66836,117,111,6,6
66837,102,108,-6,6
66838,63,67,-4,4
66839,90,109,-19,19
66840,75,72,3,3
66841,31,79,-48,48
66842,118,119,-1,1
66843,110,122,-12,12
66844,126,118,8,8
66845,132,134,-2,2
66846,94,86,8,8
66847,55,70,-15,15
66848,119,107,12,12
66849,47,53,-6,6
66850,152,132,20,20
66851,38,62,-24,24
66852,96,110,-14,14
66853,79,69,10,10
66854,63,62,1,1
66855,120,117,3,3
66856,97,84,13,13
66857,65,61,4,4
66858,108,106,2,2
66859,146,138,8,8
66860,99,103,-4,4
66861,50,51,-1,1
66862,98,93,5,5
66863,61,56,5,5
66864,67,73,-6,6
66865,102,93,9,9
66866,98,88,10,10
66867,127,114,13,13
66868,134,122,12,12
66869,107,101,6,6
66870,62,68,-6,6
66871,83,82,1,1
66872,41,41,0,0
66873,65,76,-11,11
66874,73,77,-4,4
66875,81,77,4,4
66876,85,82,3,3
66877,85,72,13,13
66878,117,110,7,7
66879,128,129,-1,1
66880,89,88,1,1
66881,42,44,-2,2
66882,125,139,-14,14
66883,68,69,-1,1
66884,72,79,-7,7
66885,96,95,1,1
66886,134,124,10,10
66887,122,118,4,4
66888,87,88,-1,1
66889,54,57,-3,3
66890,79,75,4,4
66891,148,131,17,17
66892,66,71,-5,5
66893,142,129,13,13
66894,106,95,11,11
66895,48,51,-3,3
66896,57,68,-11,11
66897,126,115,11,11
66898,51,62,-11,11
66899,109,114,-5,5
66900,106,106,0,0
66901,102,98,4,4
66902,94,91,3,3
66903,112,101,11,11
66904,140,128,12,12
66905,117,115,2,2
66906,112,88,24,24
66907,49,68,-19,19
66908,156,141,15,15
66909,89,83,6,6
66910,74,77,-3,3
66911,67,78,-11,11
66912,70,79,-9,9
66913,93,97,-4,4
66914,93,95,-2,2
66915,101,101,0,0
66916,76,85,-9,9
66917,67,69,-2,2
66918,106,98,8,8
66919,72,80,-8,8
66920,65,63,2,2
66921,87,89,-2,2
66922,89,84,5,5
66923,257,263,-6,6
66924,175,167,8,8
66925,69,66,3,3
66926,76,68,8,8
66927,65,58,7,7
66928,153,141,12,12
66929,68,71,-3,3
66930,116,101,15,15
66931,114,121,-7,7
66932,76,78,-2,2
66933,65,58,7,7
66934,104,95,9,9
66935,148,132,16,16
66936,43,46,-3,3
66937,90,87,3,3
66938,99,96,3,3
66939,128,126,2,2
66940,110,110,0,0
66941,42,56,-14,14
66942,120,113,7,7
66943,135,109,26,26
66944,134,130,4,4
66945,116,117,-1,1
66946,138,120,18,18
66947,125,110,15,15
66948,43,46,-3,3
66949,89,80,9,9
66950,126,106,20,20
66951,90,81,9,9
66952,77,79,-2,2
66953,91,92,-1,1
66954,120,103,17,17
66955,63,63,0,0
66956,88,84,4,4
66957,50,53,-3,3
66958,110,108,2,2
66959,71,69,2,2
66960,81,76,5,5
66961,120,114,6,6
66962,94,92,2,2
66963,51,60,-9,9
66964,84,86,-2,2
66965,96,90,6,6
66966,179,157,22,22
66967,57,55,2,2
66968,114,111,3,3
66969,111,110,1,1
66970,111,99,12,12
66971,101,90,11,11
66972,53,48,5,5
66973,97,94,3,3
66974,98,88,10,10
66975,50,54,-4,4
66976,82,81,1,1
66977,108,98,10,10
66978,59,64,-5,5
66979,69,73,-4,4
66980,68,69,-1,1
66981,69,78,-9,9
66982,73,74,-1,1
66983,28,39,-11,11
66984,75,75,0,0
66985,68,65,3,3
66986,110,106,4,4
66987,99,104,-5,5
66988,72,71,1,1
66989,74,74,0,0
66990,70,76,-6,6
66991,109,96,13,13
66992,191,182,9,9
66993,54,52,2,2
66994,119,115,4,4
66995,76,74,2,2
66996,174,161,13,13
66997,87,87,0,0
66998,88,82,6,6
66999,53,56,-3,3
67000,75,75,0,0
67001,68,65,3,3
67002,118,120,-2,2
67003,114,102,12,12
67004,101,98,3,3
67005,102,96,6,6
67006,82,85,-3,3
67007,100,101,-1,1
67008,134,127,7,7
67009,140,137,3,3
67010,109,111,-2,2
67011,124,118,6,6
67012,157,133,24,24
67013,67,69,-2,2
67014,117,112,5,5
67015,64,62,2,2
67016,89,93,-4,4
67017,52,45,7,7
67018,126,119,7,7
67019,99,97,2,2
67020,82,77,5,5
67021,96,82,14,14
67022,85,81,4,4
67023,68,85,-17,17
67024,132,121,11,11
67025,148,137,11,11
67026,56,54,2,2
67027,173,172,1,1
67028,115,112,3,3
67029,99,98,1,1
67030,115,121,-6,6
67031,71,74,-3,3
67032,141,132,9,9
67033,111,103,8,8
67034,53,60,-7,7
67035,279,208,71,71
67036,101,85,16,16
67037,93,88,5,5
67038,71,65,6,6
67039,163,150,13,13
67040,52,50,2,2
67041,109,106,3,3
67042,80,86,-6,6
67043,72,105,-33,33
67044,72,68,4,4
67045,87,85,2,2
67046,82,83,-1,1
67047,74,78,-4,4
67048,156,143,13,13
67049,133,119,14,14
67050,123,109,14,14
67051,63,65,-2,2
67052,70,72,-2,2
67053,40,44,-4,4
67054,76,84,-8,8
67055,201,188,13,13
67056,76,83,-7,7
67057,109,109,0,0
67058,116,117,-1,1
67059,45,47,-2,2
67060,59,61,-2,2
67061,104,89,15,15
67062,122,142,-20,20
67063,108,95,13,13
67064,59,66,-7,7
67065,111,116,-5,5
67066,47,45,2,2
67067,123,120,3,3
67068,127,114,13,13
67069,98,95,3,3
67070,90,91,-1,1
67071,70,74,-4,4
67072,102,96,6,6
67073,101,99,2,2
67074,72,89,-17,17
67075,86,102,-16,16
67076,77,76,1,1
67077,175,150,25,25
67078,85,84,1,1
67079,109,104,5,5
67080,143,126,17,17
67081,79,87,-8,8
67082,81,79,2,2
67083,110,97,13,13
67084,68,78,-10,10
67085,107,101,6,6
67086,115,111,4,4
67087,120,117,3,3
67088,67,70,-3,3
67089,95,88,7,7
67090,116,112,4,4
67091,83,83,0,0
67092,97,89,8,8
67093,85,90,-5,5
67094,91,97,-6,6
67095,147,131,16,16
67096,60,67,-7,7
67097,104,98,6,6
67098,99,93,6,6
67099,142,125,17,17
67100,65,65,0,0
67101,58,59,-1,1
67102,81,86,-5,5
67103,85,84,1,1
67104,158,150,8,8
67105,57,55,2,2
67106,32,44,-12,12
67107,161,146,15,15
67108,139,126,13,13
67109,123,115,8,8
67110,141,142,-1,1
67111,127,120,7,7
67112,65,66,-1,1
67113,177,158,19,19
67114,131,125,6,6
67115,140,131,9,9
67116,51,55,-4,4
67117,85,84,1,1
67118,75,77,-2,2
67119,103,96,7,7
67120,155,132,23,23
67121,85,78,7,7
67122,72,74,-2,2
67123,80,67,13,13
67124,62,61,1,1
67125,58,62,-4,4
67126,53,56,-3,3
67127,76,85,-9,9
67128,117,116,1,1
67129,75,70,5,5
67130,138,121,17,17
67131,82,77,5,5
67132,79,79,0,0
67133,83,92,-9,9
67134,79,73,6,6
67135,141,129,12,12
67136,76,70,6,6
67137,165,150,15,15
67138,150,147,3,3
67139,65,64,1,1
67140,37,43,-6,6
67141,55,59,-4,4
67142,227,204,23,23
67143,82,84,-2,2
67144,70,69,1,1
67145,57,59,-2,2
67146,73,69,4,4
67147,78,75,3,3
67148,58,60,-2,2
67149,87,85,2,2
67150,48,60,-12,12
67151,127,128,-1,1
67152,65,56,9,9
67153,111,91,20,20
67154,74,76,-2,2
67155,103,96,7,7
67156,91,78,13,13
67157,188,197,-9,9
67158,98,109,-11,11
67159,86,83,3,3
67160,68,62,6,6
67161,99,92,7,7
67162,68,70,-2,2
67163,87,82,5,5
67164,110,107,3,3
67165,53,64,-11,11
67166,75,75,0,0
67167,113,110,3,3
67168,103,119,-16,16
67169,48,60,-12,12
67170,180,158,22,22
67171,67,78,-11,11
67172,69,72,-3,3
67173,114,119,-5,5
67174,82,74,8,8
67175,152,141,11,11
67176,108,106,2,2
67177,126,115,11,11
67178,126,134,-8,8
67179,68,77,-9,9
67180,111,101,10,10
67181,127,110,17,17
67182,106,97,9,9
67183,93,99,-6,6
67184,134,134,0,0
67185,65,72,-7,7
67186,129,109,20,20
67187,84,86,-2,2
67188,64,66,-2,2
67189,147,136,11,11
67190,123,112,11,11
67191,102,100,2,2
67192,66,61,5,5
67193,56,61,-5,5
67194,99,104,-5,5
67195,92,86,6,6
67196,96,91,5,5
67197,125,132,-7,7
67198,85,81,4,4
67199,100,91,9,9
67200,77,78,-1,1
67201,69,71,-2,2
67202,95,95,0,0
67203,87,80,7,7
67204,112,109,3,3
67205,124,118,6,6
67206,99,90,9,9
67207,65,65,0,0
67208,119,96,23,23
67209,66,72,-6,6
67210,89,81,8,8
67211,139,120,19,19
67212,111,99,12,12
67213,81,90,-9,9
67214,100,96,4,4
67215,82,78,4,4
67216,145,150,-5,5
67217,91,91,0,0
67218,187,181,6,6
67219,84,83,1,1
67220,45,50,-5,5
67221,116,116,0,0
67222,69,67,2,2
67223,80,84,-4,4
67224,44,43,1,1
67225,93,95,-2,2
67226,58,53,5,5
67227,74,80,-6,6
67228,74,73,1,1
67229,99,106,-7,7
67230,93,96,-3,3
67231,67,64,3,3
67232,108,105,3,3
67233,108,110,-2,2
67234,116,100,16,16
67235,127,110,17,17
67236,98,93,5,5
67237,115,121,-6,6
67238,131,128,3,3
67239,185,158,27,27
67240,120,104,16,16
67241,75,79,-4,4
67242,165,130,35,35
67243,44,71,-27,27
67244,82,84,-2,2
67245,66,80,-14,14
67246,72,75,-3,3
67247,137,125,12,12
67248,66,73,-7,7
67249,79,90,-11,11
67250,48,52,-4,4
67251,76,78,-2,2
67252,87,79,8,8
67253,90,86,4,4
67254,67,72,-5,5
67255,139,135,4,4
67256,52,54,-2,2
67257,97,91,6,6
67258,135,122,13,13
67259,60,49,11,11
67260,65,70,-5,5
67261,61,53,8,8
67262,175,155,20,20
67263,146,128,18,18
67264,64,77,-13,13
67265,122,118,4,4
67266,66,70,-4,4
67267,62,65,-3,3
67268,97,98,-1,1
67269,117,117,0,0
67270,72,75,-3,3
67271,66,84,-18,18
67272,147,130,17,17
67273,139,119,20,20
67274,143,145,-2,2
67275,106,107,-1,1
67276,81,92,-11,11
67277,85,75,10,10
67278,112,104,8,8
67279,74,83,-9,9
67280,157,143,14,14
67281,76,71,5,5
67282,69,67,2,2
67283,133,119,14,14
67284,79,87,-8,8
67285,58,61,-3,3
67286,111,110,1,1
67287,195,170,25,25
67288,129,111,18,18
67289,58,92,-34,34
67290,101,107,-6,6
67291,186,170,16,16
67292,76,67,9,9
67293,72,69,3,3
67294,100,103,-3,3
67295,60,64,-4,4
67296,59,65,-6,6
67297,118,107,11,11
67298,195,164,31,31
67299,92,88,4,4
67300,245,239,6,6
67301,102,111,-9,9
67302,84,83,1,1
67303,95,92,3,3
67304,126,116,10,10
67305,101,92,9,9
67306,192,167,25,25
67307,118,115,3,3
67308,72,81,-9,9
67309,66,68,-2,2
67310,72,77,-5,5
67311,75,78,-3,3
67312,47,53,-6,6
67313,53,54,-1,1
67314,75,82,-7,7
67315,77,87,-10,10
67316,133,138,-5,5
67317,66,68,-2,2
67318,122,123,-1,1
67319,151,145,6,6
67320,95,107,-12,12
67321,70,77,-7,7
67322,66,68,-2,2
67323,101,98,3,3
67324,92,85,7,7
67325,94,83,11,11
67326,80,69,11,11
67327,86,92,-6,6
67328,99,91,8,8
67329,167,145,22,22
67330,104,95,9,9
67331,92,84,8,8
67332,82,91,-9,9
67333,93,89,4,4
67334,57,54,3,3
67335,80,74,6,6
67336,154,129,25,25
67337,92,84,8,8
67338,121,109,12,12
67339,90,98,-8,8
67340,94,91,3,3
67341,100,98,2,2
67342,55,65,-10,10
67343,179,170,9,9
67344,157,137,20,20
67345,58,71,-13,13
67346,94,103,-9,9
67347,85,79,6,6
67348,55,62,-7,7
67349,72,64,8,8
67350,114,107,7,7
67351,99,101,-2,2
67352,75,72,3,3
67353,45,44,1,1
67354,58,56,2,2
67355,110,101,9,9
67356,69,77,-8,8
67357,68,66,2,2
67358,102,94,8,8
67359,77,83,-6,6
67360,85,81,4,4
67361,112,111,1,1
67362,40,44,-4,4
67363,73,74,-1,1
67364,76,79,-3,3
67365,65,65,0,0
67366,72,86,-14,14
67367,89,109,-20,20
67368,110,115,-5,5
67369,91,88,3,3
67370,59,86,-27,27
67371,90,82,8,8
67372,84,85,-1,1
67373,130,120,10,10
67374,63,57,6,6
67375,63,66,-3,3
67376,87,84,3,3
67377,106,108,-2,2
67378,145,129,16,16
67379,128,124,4,4
67380,81,82,-1,1
67381,111,95,16,16
67382,76,79,-3,3
67383,53,67,-14,14
67384,82,79,3,3
67385,100,94,6,6
67386,74,86,-12,12
67387,105,106,-1,1
67388,58,59,-1,1
67389,102,101,1,1
67390,113,102,11,11
67391,99,102,-3,3
67392,113,109,4,4
67393,55,57,-2,2
67394,98,90,8,8
67395,108,108,0,0
67396,54,52,2,2
67397,99,93,6,6
67398,78,76,2,2
67399,68,69,-1,1
67400,45,49,-4,4
67401,71,77,-6,6
67402,216,183,33,33
67403,103,97,6,6
67404,77,77,0,0
67405,64,68,-4,4
67406,108,106,2,2
67407,106,84,22,22
67408,124,101,23,23
67409,71,70,1,1
67410,91,79,12,12
67411,80,83,-3,3
67412,122,119,3,3
67413,105,104,1,1
67414,80,82,-2,2
67415,142,115,27,27
67416,64,89,-25,25
67417,95,79,16,16
67418,112,121,-9,9
67419,83,75,8,8
67420,147,138,9,9
67421,47,52,-5,5
67422,80,79,1,1
67423,104,107,-3,3
67424,71,78,-7,7
67425,67,64,3,3
67426,69,76,-7,7
67427,82,79,3,3
67428,85,76,9,9
67429,144,135,9,9
67430,81,88,-7,7
67431,141,135,6,6
67432,86,80,6,6
67433,176,168,8,8
67434,74,68,6,6
67435,91,87,4,4
67436,102,83,19,19
67437,74,66,8,8
67438,97,92,5,5
67439,60,64,-4,4
67440,97,99,-2,2
67441,119,117,2,2
67442,97,99,-2,2
67443,70,72,-2,2
67444,102,91,11,11
67445,61,68,-7,7
67446,86,76,10,10
67447,45,51,-6,6
67448,51,58,-7,7
67449,130,131,-1,1
67450,74,78,-4,4
67451,78,80,-2,2
67452,163,155,8,8
67453,52,65,-13,13
67454,99,103,-4,4
67455,84,85,-1,1
67456,109,101,8,8
67457,84,87,-3,3
67458,88,96,-8,8
67459,117,107,10,10
67460,186,166,20,20
67461,55,53,2,2
67462,65,81,-16,16
67463,119,137,-18,18
67464,71,74,-3,3
67465,87,82,5,5
67466,51,56,-5,5
67467,46,49,-3,3
67468,61,65,-4,4
67469,103,88,15,15
67470,84,80,4,4
67471,56,56,0,0
67472,73,76,-3,3
67473,84,81,3,3
67474,127,106,21,21
67475,178,178,0,0
67476,71,71,0,0
67477,107,100,7,7
67478,111,98,13,13
67479,69,73,-4,4
67480,94,96,-2,2
67481,45,52,-7,7
67482,94,92,2,2
67483,120,120,0,0
67484,63,65,-2,2
67485,78,72,6,6
67486,40,46,-6,6
67487,114,108,6,6
67488,112,101,11,11
67489,152,141,11,11
67490,184,155,29,29
67491,84,81,3,3
67492,122,107,15,15
67493,108,94,14,14
67494,64,64,0,0
67495,114,109,5,5
67496,143,141,2,2
67497,97,84,13,13
67498,99,92,7,7
67499,145,145,0,0
67500,63,70,-7,7
67501,111,107,4,4
67502,68,71,-3,3
67503,108,113,-5,5
67504,94,86,8,8
67505,77,76,1,1
67506,49,57,-8,8
67507,82,79,3,3
67508,66,69,-3,3
67509,74,67,7,7
67510,142,144,-2,2
67511,82,86,-4,4
67512,87,82,5,5
67513,78,77,1,1
67514,58,65,-7,7
67515,108,104,4,4
67516,50,82,-32,32
67517,170,154,16,16
67518,74,76,-2,2
67519,102,97,5,5
67520,95,92,3,3
67521,90,84,6,6
67522,118,112,6,6
67523,70,68,2,2
67524,111,108,3,3
67525,96,101,-5,5
67526,81,81,0,0
67527,110,103,7,7
67528,94,89,5,5
67529,99,102,-3,3
67530,107,103,4,4
67531,129,129,0,0
67532,135,118,17,17
67533,123,110,13,13
67534,67,73,-6,6
67535,79,81,-2,2
67536,91,93,-2,2
67537,72,70,2,2
67538,150,153,-3,3
67539,117,123,-6,6
67540,60,65,-5,5
67541,102,100,2,2
67542,32,48,-16,16
67543,65,65,0,0
67544,163,151,12,12
67545,99,90,9,9
67546,76,74,2,2
67547,146,125,21,21
67548,137,126,11,11
67549,131,124,7,7
67550,152,136,16,16
67551,93,101,-8,8
67552,78,74,4,4
67553,83,82,1,1
67554,109,95,14,14
67555,134,133,1,1
67556,56,75,-19,19
67557,82,78,4,4
67558,50,45,5,5
67559,104,105,-1,1
67560,78,80,-2,2
67561,60,61,-1,1
67562,137,124,13,13
67563,64,65,-1,1
67564,144,139,5,5
67565,49,49,0,0
67566,104,98,6,6
67567,66,66,0,0
67568,71,68,3,3
67569,128,117,11,11
67570,84,102,-18,18
67571,141,140,1,1
67572,97,90,7,7
67573,52,56,-4,4
67574,74,79,-5,5
67575,98,107,-9,9
67576,71,68,3,3
67577,56,62,-6,6
67578,71,77,-6,6
67579,123,111,12,12
67580,146,120,26,26
67581,77,74,3,3
67582,68,72,-4,4
67583,110,92,18,18
67584,85,82,3,3
67585,162,130,32,32
67586,105,89,16,16
67587,68,67,1,1
67588,100,89,11,11
67589,103,96,7,7
67590,121,108,13,13
67591,96,82,14,14
67592,199,162,37,37
67593,83,80,3,3
67594,91,88,3,3
67595,61,68,-7,7
67596,103,106,-3,3
67597,95,94,1,1
67598,68,75,-7,7
67599,94,91,3,3
67600,54,53,1,1
67601,160,129,31,31
67602,123,105,18,18
67603,154,132,22,22
67604,48,59,-11,11
67605,66,73,-7,7
67606,81,78,3,3
67607,56,61,-5,5
67608,160,132,28,28
67609,121,151,-30,30
67610,103,86,17,17
67611,126,116,10,10
67612,82,78,4,4
67613,63,77,-14,14
67614,88,86,2,2
67615,111,114,-3,3
67616,139,131,8,8
67617,103,99,4,4
67618,74,78,-4,4
67619,133,120,13,13
67620,49,52,-3,3
67621,93,87,6,6
67622,86,84,2,2
67623,77,71,6,6
67624,56,75,-19,19
67625,66,63,3,3
67626,132,124,8,8
67627,149,126,23,23
67628,39,42,-3,3
67629,117,111,6,6
67630,98,97,1,1
67631,59,61,-2,2
67632,146,138,8,8
67633,106,93,13,13
67634,63,66,-3,3
67635,90,89,1,1
67636,73,77,-4,4
67637,80,76,4,4
67638,89,85,4,4
67639,88,86,2,2
67640,51,54,-3,3
67641,85,82,3,3
67642,106,121,-15,15
67643,136,125,11,11
67644,46,47,-1,1
67645,107,111,-4,4
67646,154,150,4,4
67647,109,105,4,4
67648,79,80,-1,1
67649,94,83,11,11
67650,64,68,-4,4
67651,63,68,-5,5
67652,62,62,0,0
67653,58,65,-7,7
67654,48,53,-5,5
67655,67,70,-3,3
67656,74,78,-4,4
67657,94,88,6,6
67658,75,70,5,5
67659,158,141,17,17
67660,134,119,15,15
67661,189,170,19,19
67662,62,73,-11,11
67663,73,72,1,1
67664,89,91,-2,2
67665,42,55,-13,13
67666,129,115,14,14
67667,65,72,-7,7
67668,49,52,-3,3
67669,163,147,16,16
67670,93,89,4,4
67671,185,163,22,22
67672,91,89,2,2
67673,43,47,-4,4
67674,163,156,7,7
67675,65,68,-3,3
67676,49,41,8,8
67677,62,64,-2,2
67678,123,127,-4,4
67679,78,76,2,2
67680,144,128,16,16
67681,75,96,-21,21
67682,83,81,2,2
67683,122,116,6,6
67684,92,88,4,4
67685,101,97,4,4
67686,75,85,-10,10
67687,130,114,16,16
67688,160,141,19,19
67689,58,66,-8,8
67690,154,140,14,14
67691,101,90,11,11
67692,54,62,-8,8
67693,177,164,13,13
67694,198,175,23,23
67695,98,100,-2,2
67696,87,99,-12,12
67697,116,105,11,11
67698,63,65,-2,2
67699,95,88,7,7
67700,57,59,-2,2
67701,64,58,6,6
67702,69,60,9,9
67703,79,75,4,4
67704,89,97,-8,8
67705,53,54,-1,1
67706,94,93,1,1
67707,85,90,-5,5
67708,85,83,2,2
67709,80,91,-11,11
67710,80,87,-7,7
67711,95,86,9,9
67712,95,90,5,5
67713,72,77,-5,5
67714,59,65,-6,6
67715,122,100,22,22
67716,76,71,5,5
67717,103,90,13,13
67718,80,83,-3,3
67719,84,83,1,1
67720,108,103,5,5
67721,94,92,2,2
67722,128,120,8,8
67723,121,116,5,5
67724,156,139,17,17
67725,120,113,7,7
67726,97,94,3,3
67727,87,100,-13,13
67728,116,109,7,7
67729,48,46,2,2
67730,139,124,15,15
67731,93,86,7,7
67732,184,183,1,1
67733,62,59,3,3
67734,116,118,-2,2
67735,114,105,9,9
67736,104,97,7,7
67737,94,110,-16,16
67738,169,161,8,8
67739,89,90,-1,1
67740,91,98,-7,7
67741,97,96,1,1
67742,111,108,3,3
67743,69,71,-2,2
67744,120,112,8,8
67745,105,119,-14,14
67746,99,99,0,0
67747,37,66,-29,29
67748,105,91,14,14
67749,69,70,-1,1
67750,67,69,-2,2
67751,31,45,-14,14
67752,60,64,-4,4
67753,90,90,0,0
67754,74,72,2,2
67755,123,109,14,14
67756,97,97,0,0
67757,55,49,6,6
67758,127,119,8,8
67759,122,116,6,6
67760,103,101,2,2
67761,141,132,9,9
67762,67,67,0,0
67763,113,116,-3,3
67764,135,132,3,3
67765,203,181,22,22
67766,88,89,-1,1
67767,94,97,-3,3
67768,103,99,4,4
67769,86,81,5,5
67770,143,142,1,1
67771,52,50,2,2
67772,75,84,-9,9
67773,114,115,-1,1
67774,92,83,9,9
67775,113,103,10,10
67776,123,120,3,3
67777,68,75,-7,7
67778,86,92,-6,6
67779,27,42,-15,15
67780,126,126,0,0
67781,89,82,7,7
67782,113,99,14,14
67783,106,95,11,11
67784,90,82,8,8
67785,82,74,8,8
67786,88,92,-4,4
67787,97,90,7,7
67788,141,123,18,18
67789,123,109,14,14
67790,188,189,-1,1
67791,108,104,4,4
67792,73,74,-1,1
67793,104,105,-1,1
67794,87,89,-2,2
67795,78,81,-3,3
67796,75,72,3,3
67797,153,138,15,15
67798,74,70,4,4
67799,129,111,18,18
67800,117,107,10,10
67801,82,84,-2,2
67802,103,94,9,9
67803,93,80,13,13
67804,89,89,0,0
67805,44,59,-15,15
67806,76,74,2,2
67807,79,90,-11,11
67808,87,87,0,0
67809,38,41,-3,3
67810,120,116,4,4
67811,88,92,-4,4
67812,155,134,21,21
67813,120,107,13,13
67814,89,80,9,9
67815,100,93,7,7
67816,66,62,4,4
67817,85,90,-5,5
67818,90,74,16,16
67819,126,119,7,7
67820,153,126,27,27
67821,83,82,1,1
67822,113,102,11,11
67823,88,90,-2,2
67824,152,150,2,2
67825,104,91,13,13
67826,75,73,2,2
67827,48,48,0,0
67828,127,113,14,14
67829,79,76,3,3
67830,117,110,7,7
67831,63,70,-7,7
67832,113,116,-3,3
67833,143,152,-9,9
67834,110,106,4,4
67835,75,81,-6,6
67836,48,51,-3,3
67837,64,102,-38,38
67838,99,93,6,6
67839,91,82,9,9
67840,111,99,12,12
67841,89,85,4,4
67842,141,131,10,10
67843,101,89,12,12
67844,74,70,4,4
67845,124,106,18,18
67846,115,118,-3,3
67847,94,103,-9,9
67848,110,113,-3,3
67849,70,71,-1,1
67850,89,93,-4,4
67851,53,54,-1,1
67852,85,91,-6,6
67853,166,145,21,21
67854,77,75,2,2
67855,76,71,5,5
67856,137,140,-3,3
67857,79,85,-6,6
67858,144,117,27,27
67859,57,52,5,5
67860,102,96,6,6
67861,77,75,2,2
67862,105,107,-2,2
67863,99,92,7,7
67864,40,47,-7,7
67865,96,86,10,10
67866,99,99,0,0
67867,69,66,3,3
67868,111,103,8,8
67869,119,122,-3,3
67870,152,140,12,12
67871,138,128,10,10
67872,146,154,-8,8
67873,79,95,-16,16
67874,113,104,9,9
67875,65,71,-6,6
67876,135,114,21,21
67877,58,41,17,17
67878,68,78,-10,10
67879,103,95,8,8
67880,110,112,-2,2
67881,57,59,-2,2
67882,191,174,17,17
67883,87,82,5,5
67884,130,113,17,17
67885,94,92,2,2
67886,101,103,-2,2
67887,52,48,4,4
67888,134,129,5,5
67889,75,75,0,0
67890,91,95,-4,4
67891,109,107,2,2
67892,96,89,7,7
67893,55,58,-3,3
67894,114,103,11,11
67895,159,145,14,14
67896,74,72,2,2
67897,89,91,-2,2
67898,45,56,-11,11
67899,50,70,-20,20
67900,78,75,3,3
67901,136,136,0,0
67902,81,79,2,2
67903,104,94,10,10
67904,42,46,-4,4
67905,45,46,-1,1
67906,91,83,8,8
67907,81,81,0,0
67908,73,75,-2,2
67909,163,148,15,15
67910,62,59,3,3
67911,62,78,-16,16
67912,117,98,19,19
67913,91,92,-1,1
67914,81,87,-6,6
67915,183,152,31,31
67916,115,112,3,3
67917,45,41,4,4
67918,67,69,-2,2
67919,73,68,5,5
67920,115,112,3,3
67921,143,127,16,16
67922,122,111,11,11
67923,158,136,22,22
67924,132,121,11,11
67925,56,65,-9,9
67926,138,131,7,7
67927,128,112,16,16
67928,170,155,15,15
67929,101,100,1,1
67930,147,135,12,12
67931,116,112,4,4
67932,97,108,-11,11
67933,116,118,-2,2
67934,73,72,1,1
67935,58,56,2,2
67936,99,88,11,11
67937,148,145,3,3
67938,56,59,-3,3
67939,144,142,2,2
67940,73,73,0,0
67941,124,127,-3,3
67942,58,83,-25,25
67943,72,73,-1,1
67944,57,55,2,2
67945,77,67,10,10
67946,93,88,5,5
67947,136,125,11,11
67948,56,59,-3,3
67949,106,96,10,10
67950,68,65,3,3
67951,107,99,8,8
67952,137,127,10,10
67953,51,54,-3,3
67954,161,150,11,11
67955,75,75,0,0
67956,207,173,34,34
67957,134,137,-3,3
67958,139,131,8,8
67959,85,82,3,3
67960,64,69,-5,5
67961,57,59,-2,2
67962,87,87,0,0
67963,143,128,15,15
67964,89,88,1,1
67965,78,75,3,3
67966,73,88,-15,15
67967,188,190,-2,2
67968,115,98,17,17
67969,119,92,27,27
67970,74,80,-6,6
67971,96,94,2,2
67972,64,69,-5,5
67973,117,111,6,6
67974,127,126,1,1
67975,70,73,-3,3
67976,97,101,-4,4
67977,163,159,4,4
67978,143,128,15,15
67979,69,77,-8,8
67980,98,104,-6,6
67981,87,84,3,3
67982,100,100,0,0
67983,111,118,-7,7
67984,129,132,-3,3
67985,94,81,13,13
67986,124,117,7,7
67987,70,74,-4,4
67988,64,67,-3,3
67989,131,117,14,14
67990,81,90,-9,9
67991,121,110,11,11
67992,139,125,14,14
67993,49,51,-2,2
67994,54,63,-9,9
67995,109,110,-1,1
67996,71,80,-9,9
67997,124,108,16,16
67998,110,94,16,16
67999,103,104,-1,1
68000,104,107,-3,3
68001,95,109,-14,14
68002,85,75,10,10
68003,83,76,7,7
68004,111,116,-5,5
68005,68,58,10,10
68006,76,73,3,3
68007,47,48,-1,1
68008,143,123,20,20
68009,64,65,-1,1
68010,102,101,1,1
68011,77,83,-6,6
68012,52,62,-10,10
68013,52,57,-5,5
68014,75,79,-4,4
68015,83,81,2,2
68016,70,65,5,5
68017,44,51,-7,7
68018,41,49,-8,8
68019,77,71,6,6
68020,53,54,-1,1
68021,132,128,4,4
68022,112,99,13,13
68023,81,75,6,6
68024,85,85,0,0
68025,90,89,1,1
68026,51,53,-2,2
68027,55,66,-11,11
68028,45,71,-26,26
68029,52,52,0,0
68030,98,93,5,5
68031,72,75,-3,3
68032,239,222,17,17
68033,123,107,16,16
68034,164,145,19,19
68035,75,75,0,0
68036,145,138,7,7
68037,63,67,-4,4
68038,63,96,-33,33
68039,100,106,-6,6
68040,110,112,-2,2
68041,76,89,-13,13
68042,94,96,-2,2
68043,109,93,16,16
68044,59,69,-10,10
68045,140,148,-8,8
68046,83,76,7,7
68047,136,124,12,12
68048,50,50,0,0
68049,85,80,5,5
68050,113,98,15,15
68051,49,57,-8,8
68052,98,82,16,16
68053,80,68,12,12
68054,95,93,2,2
68055,129,130,-1,1
68056,89,81,8,8
68057,115,107,8,8
68058,73,77,-4,4
68059,75,81,-6,6
68060,168,149,19,19
68061,52,61,-9,9
68062,76,74,2,2
68063,104,100,4,4
68064,124,106,18,18
68065,113,112,1,1
68066,80,75,5,5
68067,79,100,-21,21
68068,89,87,2,2
68069,90,78,12,12
68070,46,52,-6,6
68071,80,75,5,5
68072,108,114,-6,6
68073,46,46,0,0
68074,106,97,9,9
68075,139,128,11,11
68076,99,100,-1,1
68077,50,52,-2,2
68078,65,66,-1,1
68079,69,71,-2,2
68080,125,119,6,6
68081,97,90,7,7
68082,84,86,-2,2
68083,114,118,-4,4
68084,39,39,0,0
68085,106,102,4,4
68086,88,91,-3,3
68087,80,81,-1,1
68088,178,156,22,22
68089,104,110,-6,6
68090,76,70,6,6
68091,108,92,16,16
68092,82,91,-9,9
68093,44,62,-18,18
68094,67,65,2,2
68095,69,78,-9,9
68096,69,68,1,1
68097,112,103,9,9
68098,151,130,21,21
68099,47,53,-6,6
68100,70,67,3,3
68101,86,83,3,3
68102,95,94,1,1
68103,68,74,-6,6
68104,44,46,-2,2
68105,70,75,-5,5
68106,132,119,13,13
68107,66,69,-3,3
68108,104,98,6,6
68109,155,143,12,12
68110,136,128,8,8
68111,74,73,1,1
68112,109,106,3,3
68113,88,92,-4,4
68114,156,158,-2,2
68115,153,148,5,5
68116,83,74,9,9
68117,88,82,6,6
68118,167,169,-2,2
68119,44,47,-3,3
68120,124,104,20,20
68121,71,68,3,3
68122,131,109,22,22
68123,94,89,5,5
68124,64,65,-1,1
68125,81,80,1,1
68126,69,69,0,0
68127,52,55,-3,3
68128,84,78,6,6
68129,59,59,0,0
68130,117,112,5,5
68131,115,102,13,13
68132,86,85,1,1
68133,111,101,10,10
68134,69,75,-6,6
68135,119,105,14,14
68136,73,73,0,0
68137,81,80,1,1
68138,79,87,-8,8
68139,89,99,-10,10
68140,51,56,-5,5
68141,63,64,-1,1
68142,87,88,-1,1
68143,116,110,6,6
68144,115,103,12,12
68145,111,110,1,1
68146,38,45,-7,7
68147,130,129,1,1
68148,100,89,11,11
68149,60,54,6,6
68150,91,81,10,10
68151,67,66,1,1
68152,73,66,7,7
68153,152,144,8,8
68154,199,176,23,23
68155,156,144,12,12
68156,61,66,-5,5
68157,109,96,13,13
68158,69,70,-1,1
68159,87,87,0,0
68160,65,69,-4,4
68161,83,84,-1,1
68162,94,91,3,3
68163,104,86,18,18
68164,72,75,-3,3
68165,74,88,-14,14
68166,93,82,11,11
68167,88,83,5,5
68168,88,79,9,9
68169,75,86,-11,11
68170,102,100,2,2
68171,72,73,-1,1
68172,95,83,12,12
68173,98,92,6,6
68174,86,84,2,2
68175,91,103,-12,12
68176,67,65,2,2
68177,73,75,-2,2
68178,129,129,0,0
68179,64,65,-1,1
68180,94,94,0,0
68181,123,110,13,13
68182,89,91,-2,2
68183,45,51,-6,6
68184,95,91,4,4
68185,77,77,0,0
68186,61,69,-8,8
68187,151,152,-1,1
68188,53,54,-1,1
68189,109,102,7,7
68190,84,87,-3,3
68191,86,89,-3,3
68192,105,100,5,5
68193,107,111,-4,4
68194,97,103,-6,6
68195,41,48,-7,7
68196,69,71,-2,2
68197,111,83,28,28
68198,40,45,-5,5
68199,140,130,10,10
68200,65,71,-6,6
68201,149,123,26,26
68202,46,45,1,1
68203,103,95,8,8
68204,80,79,1,1
68205,41,40,1,1
68206,97,129,-32,32
68207,65,68,-3,3
68208,124,148,-24,24
68209,65,66,-1,1
68210,85,82,3,3
68211,151,146,5,5
68212,75,73,2,2
68213,92,90,2,2
68214,96,88,8,8
68215,120,131,-11,11
68216,71,68,3,3
68217,77,81,-4,4
68218,84,91,-7,7
68219,100,106,-6,6
68220,105,111,-6,6
68221,123,112,11,11
68222,53,57,-4,4
68223,178,173,5,5
68224,99,94,5,5
68225,64,65,-1,1
68226,78,82,-4,4
68227,108,101,7,7
68228,77,77,0,0
68229,157,142,15,15
68230,72,81,-9,9
68231,68,71,-3,3
68232,87,79,8,8
68233,70,76,-6,6
68234,52,55,-3,3
68235,85,77,8,8
68236,100,103,-3,3
68237,71,68,3,3
68238,109,108,1,1
68239,154,158,-4,4
68240,96,78,18,18
68241,78,83,-5,5
68242,82,92,-10,10
68243,114,107,7,7
68244,103,103,0,0
68245,118,120,-2,2
68246,87,89,-2,2
68247,121,123,-2,2
68248,94,94,0,0
68249,62,61,1,1
68250,89,84,5,5
68251,105,99,6,6
68252,85,81,4,4
68253,79,86,-7,7
68254,86,83,3,3
68255,100,97,3,3
68256,104,97,7,7
68257,83,81,2,2
68258,90,83,7,7
68259,112,125,-13,13
68260,69,71,-2,2
68261,121,98,23,23
68262,84,92,-8,8
68263,87,80,7,7
68264,92,92,0,0
68265,147,140,7,7
68266,86,88,-2,2
68267,89,81,8,8
68268,52,65,-13,13
68269,110,106,4,4
68270,145,135,10,10
68271,87,86,1,1
68272,107,91,16,16
68273,145,112,33,33
68274,55,58,-3,3
68275,51,61,-10,10
68276,95,92,3,3
68277,101,95,6,6
68278,72,65,7,7
68279,90,85,5,5
68280,91,80,11,11
68281,94,93,1,1
68282,60,66,-6,6
68283,59,56,3,3
68284,96,87,9,9
68285,55,54,1,1
68286,101,86,15,15
68287,95,96,-1,1
68288,113,98,15,15
68289,77,71,6,6
68290,114,121,-7,7
68291,101,107,-6,6
68292,100,106,-6,6
68293,64,70,-6,6
68294,100,93,7,7
68295,158,134,24,24
68296,81,84,-3,3
68297,62,66,-4,4
68298,136,125,11,11
68299,156,143,13,13
68300,160,146,14,14
68301,128,123,5,5
68302,49,45,4,4
68303,135,117,18,18
68304,81,83,-2,2
68305,85,88,-3,3
68306,74,69,5,5
68307,141,127,14,14
68308,98,92,6,6
68309,140,126,14,14
68310,102,90,12,12
68311,91,100,-9,9
68312,68,66,2,2
68313,117,104,13,13
68314,57,51,6,6
68315,70,70,0,0
68316,203,164,39,39
68317,96,108,-12,12
68318,128,129,-1,1
68319,81,76,5,5
68320,81,89,-8,8
68321,66,60,6,6
68322,128,118,10,10
68323,150,139,11,11
68324,79,88,-9,9
68325,68,72,-4,4
68326,57,66,-9,9
68327,63,72,-9,9
68328,110,108,2,2
68329,84,81,3,3
68330,84,71,13,13
68331,59,64,-5,5
68332,101,86,15,15
68333,73,76,-3,3
68334,82,83,-1,1
68335,163,150,13,13
68336,113,105,8,8
68337,95,73,22,22
68338,73,78,-5,5
68339,83,84,-1,1
68340,114,108,6,6
68341,136,110,26,26
68342,86,85,1,1
68343,81,76,5,5
68344,108,110,-2,2
68345,149,147,2,2
68346,101,97,4,4
68347,78,81,-3,3
68348,126,112,14,14
68349,122,130,-8,8
68350,112,100,12,12
68351,67,65,2,2
68352,62,60,2,2
68353,112,114,-2,2
68354,171,155,16,16
68355,65,61,4,4
68356,97,84,13,13
68357,43,47,-4,4
68358,71,63,8,8
68359,71,74,-3,3
68360,55,47,8,8
68361,72,84,-12,12
68362,85,81,4,4
68363,190,167,23,23
68364,97,93,4,4
68365,100,95,5,5
68366,75,77,-2,2
68367,130,113,17,17
68368,60,64,-4,4
68369,105,99,6,6
68370,85,85,0,0
68371,89,92,-3,3
68372,93,92,1,1
68373,39,71,-32,32
68374,74,64,10,10
68375,148,145,3,3
68376,136,123,13,13
68377,61,72,-11,11
68378,181,164,17,17
68379,99,89,10,10
68380,165,151,14,14
68381,97,90,7,7
68382,116,104,12,12
68383,105,108,-3,3
68384,50,48,2,2
68385,71,85,-14,14
68386,115,106,9,9
68387,61,57,4,4
68388,101,100,1,1
68389,80,77,3,3
68390,100,105,-5,5
68391,79,89,-10,10
68392,121,115,6,6
68393,85,94,-9,9
68394,87,90,-3,3
68395,61,65,-4,4
68396,125,126,-1,1
68397,85,89,-4,4
68398,87,87,0,0
68399,64,69,-5,5
68400,66,66,0,0
68401,85,87,-2,2
68402,159,139,20,20
68403,132,131,1,1
68404,96,96,0,0
68405,100,104,-4,4
68406,76,74,2,2
68407,117,119,-2,2
68408,101,110,-9,9
68409,86,85,1,1
68410,117,108,9,9
68411,96,89,7,7
68412,55,58,-3,3
68413,145,127,18,18
68414,68,74,-6,6
68415,71,67,4,4
68416,129,122,7,7
68417,121,117,4,4
68418,92,80,12,12
68419,57,55,2,2
68420,50,50,0,0
68421,56,60,-4,4
68422,52,53,-1,1
68423,61,59,2,2
68424,164,148,16,16
68425,119,110,9,9
68426,85,75,10,10
68427,83,81,2,2
68428,149,135,14,14
68429,103,91,12,12
68430,61,57,4,4
68431,142,137,5,5
68432,80,83,-3,3
68433,49,55,-6,6
68434,109,96,13,13
68435,101,95,6,6
68436,77,80,-3,3
68437,160,164,-4,4
68438,108,110,-2,2
68439,137,129,8,8
68440,125,121,4,4
68441,76,80,-4,4
68442,145,128,17,17
68443,86,103,-17,17
68444,131,122,9,9
68445,99,101,-2,2
68446,97,96,1,1
68447,67,63,4,4
68448,107,119,-12,12
68449,87,85,2,2
68450,104,98,6,6
68451,77,73,4,4
68452,49,57,-8,8
68453,152,135,17,17
68454,138,130,8,8
68455,183,168,15,15
68456,53,57,-4,4
68457,100,98,2,2
68458,71,73,-2,2
68459,73,85,-12,12
68460,108,102,6,6
68461,85,86,-1,1
68462,72,74,-2,2
68463,92,91,1,1
68464,127,116,11,11
68465,61,86,-25,25
68466,86,93,-7,7
68467,56,55,1,1
68468,104,94,10,10
68469,86,88,-2,2
68470,142,141,1,1
68471,78,88,-10,10
68472,96,85,11,11
68473,75,80,-5,5
68474,88,85,3,3
68475,69,69,0,0
68476,62,65,-3,3
68477,107,104,3,3
68478,65,65,0,0
68479,129,131,-2,2
68480,86,90,-4,4
68481,77,71,6,6
68482,115,94,21,21
68483,87,83,4,4
68484,32,36,-4,4
68485,80,94,-14,14
68486,107,98,9,9
68487,112,121,-9,9
68488,83,80,3,3
68489,89,95,-6,6
68490,65,63,2,2
68491,63,69,-6,6
68492,56,59,-3,3
68493,99,85,14,14
68494,88,89,-1,1
68495,130,127,3,3
68496,59,64,-5,5
68497,157,121,36,36
68498,94,103,-9,9
68499,94,93,1,1
68500,61,64,-3,3
68501,98,95,3,3
68502,98,94,4,4
68503,108,100,8,8
68504,122,113,9,9
68505,115,110,5,5
68506,49,51,-2,2
68507,79,80,-1,1
68508,96,99,-3,3
68509,81,89,-8,8
68510,54,54,0,0
68511,70,76,-6,6
68512,141,129,12,12
68513,113,202,-89,89
68514,110,109,1,1
68515,75,79,-4,4
68516,85,93,-8,8
68517,85,78,7,7
68518,105,101,4,4
68519,62,70,-8,8
68520,39,47,-8,8
68521,83,80,3,3
68522,103,96,7,7
68523,69,73,-4,4
68524,103,99,4,4
68525,82,75,7,7
68526,98,93,5,5
68527,134,119,15,15
68528,51,69,-18,18
68529,98,95,3,3
68530,58,65,-7,7
68531,66,77,-11,11
68532,66,64,2,2
68533,139,120,19,19
68534,182,165,17,17
68535,118,125,-7,7
68536,69,60,9,9
68537,61,68,-7,7
68538,101,91,10,10
68539,126,98,28,28
68540,87,84,3,3
68541,53,53,0,0
68542,83,74,9,9
68543,113,118,-5,5
68544,109,97,12,12
68545,60,60,0,0
68546,113,111,2,2
68547,84,90,-6,6
68548,60,54,6,6
68549,56,60,-4,4
68550,52,52,0,0
68551,111,101,10,10
68552,74,80,-6,6
68553,57,56,1,1
68554,72,74,-2,2
68555,77,80,-3,3
68556,93,88,5,5
68557,167,143,24,24
68558,64,67,-3,3
68559,97,87,10,10
68560,106,104,2,2
68561,165,143,22,22
68562,86,102,-16,16
68563,146,129,17,17
68564,98,92,6,6
68565,88,85,3,3
68566,89,86,3,3
68567,99,97,2,2
68568,86,84,2,2
68569,95,107,-12,12
68570,70,65,5,5
68571,91,96,-5,5
68572,98,93,5,5
68573,92,86,6,6
68574,103,94,9,9
68575,91,80,11,11
68576,58,72,-14,14
68577,61,65,-4,4
68578,53,57,-4,4
68579,83,77,6,6
68580,56,56,0,0
68581,84,85,-1,1
68582,73,79,-6,6
68583,73,71,2,2
68584,81,83,-2,2
68585,69,71,-2,2
68586,71,77,-6,6
68587,107,112,-5,5
68588,111,109,2,2
68589,107,98,9,9
68590,115,94,21,21
68591,75,77,-2,2
68592,129,115,14,14
68593,94,87,7,7
68594,52,51,1,1
68595,146,135,11,11
68596,99,102,-3,3
68597,93,105,-12,12
68598,57,61,-4,4
68599,102,118,-16,16
68600,58,67,-9,9
68601,95,134,-39,39
68602,92,88,4,4
68603,99,94,5,5
68604,115,115,0,0
68605,77,75,2,2
68606,176,173,3,3
68607,97,102,-5,5
68608,153,135,18,18
68609,74,69,5,5
68610,182,161,21,21
68611,91,99,-8,8
68612,67,74,-7,7
68613,85,94,-9,9
68614,109,100,9,9
68615,113,102,11,11
68616,111,108,3,3
68617,95,104,-9,9
68618,74,71,3,3
68619,110,104,6,6
68620,58,54,4,4
68621,135,121,14,14
68622,108,108,0,0
68623,112,113,-1,1
68624,49,52,-3,3
68625,114,112,2,2
68626,57,62,-5,5
68627,74,68,6,6
68628,99,97,2,2
68629,96,90,6,6
68630,88,83,5,5
68631,79,84,-5,5
68632,82,73,9,9
68633,99,96,3,3
68634,116,104,12,12
68635,80,79,1,1
68636,120,114,6,6
68637,70,63,7,7
68638,74,75,-1,1
68639,55,67,-12,12
68640,97,89,8,8
68641,74,77,-3,3
68642,92,95,-3,3
68643,71,74,-3,3
68644,86,83,3,3
68645,66,60,6,6
68646,74,68,6,6
68647,90,88,2,2
68648,110,104,6,6
68649,94,92,2,2
68650,101,98,3,3
68651,115,111,4,4
68652,91,89,2,2
68653,102,102,0,0
68654,116,121,-5,5
68655,130,124,6,6
68656,45,51,-6,6
68657,77,74,3,3
68658,117,126,-9,9
68659,109,107,2,2
68660,94,89,5,5
68661,130,123,7,7
68662,37,44,-7,7
68663,73,79,-6,6
68664,79,70,9,9
68665,80,89,-9,9
68666,143,120,23,23
68667,69,70,-1,1
68668,143,134,9,9
68669,105,102,3,3
68670,150,132,18,18
68671,94,86,8,8
68672,107,96,11,11
68673,64,59,5,5
68674,154,127,27,27
68675,129,123,6,6
68676,118,107,11,11
68677,86,82,4,4
68678,98,94,4,4
68679,134,136,-2,2
68680,96,96,0,0
68681,90,85,5,5
68682,173,169,4,4
68683,83,80,3,3
68684,168,161,7,7
68685,97,93,4,4
68686,88,88,0,0
68687,54,54,0,0
68688,142,117,25,25
68689,152,138,14,14
68690,75,86,-11,11
68691,73,71,2,2
68692,170,172,-2,2
68693,82,82,0,0
68694,103,108,-5,5
68695,135,121,14,14
68696,98,96,2,2
68697,190,173,17,17
68698,110,90,20,20
68699,56,67,-11,11
68700,160,143,17,17
68701,86,98,-12,12
68702,105,100,5,5
68703,42,43,-1,1
68704,148,152,-4,4
68705,78,72,6,6
68706,108,106,2,2
68707,81,81,0,0
68708,135,126,9,9
68709,84,89,-5,5
68710,115,104,11,11
68711,124,110,14,14
68712,67,75,-8,8
68713,97,93,4,4
68714,90,88,2,2
68715,158,143,15,15
68716,162,147,15,15
68717,165,157,8,8
68718,76,75,1,1
68719,174,163,11,11
68720,125,112,13,13
68721,155,146,9,9
68722,80,85,-5,5
68723,150,151,-1,1
68724,54,49,5,5
68725,119,103,16,16
68726,83,78,5,5
68727,56,66,-10,10
68728,69,82,-13,13
68729,94,93,1,1
68730,103,107,-4,4
68731,120,109,11,11
68732,119,122,-3,3
68733,92,90,2,2
68734,102,97,5,5
68735,75,76,-1,1
68736,64,66,-2,2
68737,175,158,17,17
68738,66,64,2,2
68739,69,69,0,0
68740,66,65,1,1
68741,42,48,-6,6
68742,222,202,20,20
68743,161,154,7,7
68744,139,116,23,23
68745,88,87,1,1
68746,81,72,9,9
68747,160,153,7,7
68748,100,98,2,2
68749,64,68,-4,4
68750,26,39,-13,13
68751,126,119,7,7
68752,49,51,-2,2
68753,101,98,3,3
68754,78,72,6,6
68755,82,81,1,1
68756,68,71,-3,3
68757,90,89,1,1
68758,78,76,2,2
68759,114,112,2,2
68760,160,145,15,15
68761,108,104,4,4
68762,93,89,4,4
68763,52,51,1,1
68764,142,126,16,16
68765,151,155,-4,4
68766,118,118,0,0
68767,90,88,2,2
68768,103,93,10,10
68769,126,118,8,8
68770,121,112,9,9
68771,111,109,2,2
68772,87,83,4,4
68773,48,51,-3,3
68774,86,72,14,14
68775,60,118,-58,58
68776,162,139,23,23
68777,98,89,9,9
68778,134,119,15,15
68779,147,139,8,8
68780,113,112,1,1
68781,79,75,4,4
68782,76,70,6,6
68783,72,81,-9,9
68784,59,68,-9,9
68785,151,140,11,11
68786,114,104,10,10
68787,71,78,-7,7
68788,146,132,14,14
68789,83,81,2,2
68790,65,66,-1,1
68791,60,53,7,7
68792,113,98,15,15
68793,146,126,20,20
68794,103,104,-1,1
68795,123,111,12,12
68796,59,62,-3,3
68797,158,135,23,23
68798,114,99,15,15
68799,133,116,17,17
68800,151,139,12,12
68801,41,47,-6,6
68802,80,77,3,3
68803,71,65,6,6
68804,88,88,0,0
68805,94,100,-6,6
68806,41,50,-9,9
68807,129,141,-12,12
68808,126,112,14,14
68809,132,109,23,23
68810,38,50,-12,12
68811,81,83,-2,2
68812,97,97,0,0
68813,99,94,5,5
68814,159,149,10,10
68815,113,116,-3,3
68816,42,54,-12,12
68817,176,158,18,18
68818,96,84,12,12
68819,122,119,3,3
68820,134,134,0,0
68821,63,66,-3,3
68822,81,75,6,6
68823,94,97,-3,3
68824,122,109,13,13
68825,99,84,15,15
68826,103,106,-3,3
68827,77,99,-22,22
68828,90,95,-5,5
68829,139,119,20,20
68830,74,71,3,3
68831,83,84,-1,1
68832,84,82,2,2
68833,108,99,9,9
68834,80,86,-6,6
68835,117,112,5,5
68836,81,75,6,6
68837,73,75,-2,2
68838,146,131,15,15
68839,83,82,1,1
68840,71,66,5,5
68841,99,103,-4,4
68842,52,52,0,0
68843,97,103,-6,6
68844,80,78,2,2
68845,112,108,4,4
68846,57,71,-14,14
68847,105,101,4,4
68848,145,143,2,2
68849,104,93,11,11
68850,94,89,5,5
68851,109,107,2,2
68852,73,77,-4,4
68853,54,56,-2,2
68854,99,92,7,7
68855,204,182,22,22
68856,42,49,-7,7
68857,40,43,-3,3
68858,61,57,4,4
68859,98,97,1,1
68860,88,91,-3,3
68861,107,116,-9,9
68862,101,99,2,2
68863,156,141,15,15
68864,43,49,-6,6
68865,85,78,7,7
68866,130,115,15,15
68867,49,58,-9,9
68868,82,78,4,4
68869,105,102,3,3
68870,141,145,-4,4
68871,124,123,1,1
68872,149,157,-8,8
68873,61,52,9,9
68874,163,151,12,12
68875,94,98,-4,4
68876,64,67,-3,3
68877,129,137,-8,8
68878,71,75,-4,4
68879,95,102,-7,7
68880,106,110,-4,4
68881,103,83,20,20
68882,81,75,6,6
68883,89,82,7,7
68884,144,132,12,12
68885,64,70,-6,6
68886,37,109,-72,72
68887,87,76,11,11
68888,34,44,-10,10
68889,94,93,1,1
68890,84,87,-3,3
68891,76,74,2,2
68892,79,73,6,6
68893,96,101,-5,5
68894,99,93,6,6
68895,102,98,4,4
68896,66,65,1,1
68897,96,83,13,13
68898,75,79,-4,4
68899,98,84,14,14
68900,75,72,3,3
68901,106,96,10,10
68902,85,82,3,3
68903,104,115,-11,11
68904,83,84,-1,1
68905,92,92,0,0
68906,110,124,-14,14
68907,89,105,-16,16
68908,148,131,17,17
68909,105,102,3,3
68910,90,79,11,11
68911,42,56,-14,14
68912,102,100,2,2
68913,142,132,10,10
68914,122,108,14,14
68915,109,94,15,15
68916,101,101,0,0
68917,89,93,-4,4
68918,118,111,7,7
68919,146,131,15,15
68920,100,101,-1,1
68921,99,91,8,8
68922,62,59,3,3
68923,84,75,9,9
68924,62,71,-9,9
68925,190,167,23,23
68926,105,105,0,0
68927,101,90,11,11
68928,69,76,-7,7
68929,105,101,4,4
68930,135,126,9,9
68931,162,161,1,1
68932,96,92,4,4
68933,80,75,5,5
68934,83,85,-2,2
68935,133,124,9,9
68936,77,75,2,2
68937,130,119,11,11
68938,143,154,-11,11
68939,83,85,-2,2
68940,77,81,-4,4
68941,148,140,8,8
68942,88,82,6,6
68943,47,47,0,0
68944,66,55,11,11
68945,54,65,-11,11
68946,97,91,6,6
68947,80,86,-6,6
68948,51,66,-15,15
68949,122,124,-2,2
68950,134,118,16,16
68951,152,144,8,8
68952,96,101,-5,5
68953,75,82,-7,7
68954,143,137,6,6
68955,164,157,7,7
68956,99,99,0,0
68957,149,150,-1,1
68958,126,115,11,11
68959,90,80,10,10
68960,102,101,1,1
68961,18,38,-20,20
68962,103,134,-31,31
68963,130,119,11,11
68964,67,72,-5,5
68965,69,65,4,4
68966,84,83,1,1
68967,122,120,2,2
68968,103,94,9,9
68969,65,58,7,7
68970,111,114,-3,3
68971,177,177,0,0
68972,64,60,4,4
68973,159,150,9,9
68974,123,121,2,2
68975,67,67,0,0
68976,138,138,0,0
68977,88,94,-6,6
68978,94,104,-10,10
68979,114,99,15,15
68980,81,77,4,4
68981,68,65,3,3
68982,214,191,23,23
68983,145,124,21,21
68984,54,56,-2,2
68985,100,91,9,9
68986,146,139,7,7
68987,213,181,32,32
68988,106,111,-5,5
68989,57,50,7,7
68990,128,123,5,5
68991,97,93,4,4
68992,90,95,-5,5
68993,102,93,9,9
68994,153,130,23,23
68995,84,80,4,4
68996,27,39,-12,12
68997,51,49,2,2
68998,73,77,-4,4
68999,86,85,1,1
69000,77,72,5,5
69001,154,131,23,23
69002,107,99,8,8
69003,173,163,10,10
69004,80,84,-4,4
69005,92,88,4,4
69006,86,82,4,4
69007,70,73,-3,3
69008,116,116,0,0
69009,79,81,-2,2
69010,101,94,7,7
69011,138,129,9,9
69012,125,105,20,20
69013,65,66,-1,1
69014,82,86,-4,4
69015,88,88,0,0
69016,40,50,-10,10
69017,104,104,0,0
69018,111,110,1,1
69019,81,77,4,4
69020,67,77,-10,10
69021,91,96,-5,5
69022,135,127,8,8
69023,155,163,-8,8
69024,89,81,8,8
69025,58,71,-13,13
69026,137,125,12,12
69027,69,69,0,0
69028,84,84,0,0
69029,110,90,20,20
69030,68,92,-24,24
69031,126,110,16,16
69032,185,144,41,41
69033,64,56,8,8
69034,119,112,7,7
69035,133,127,6,6
69036,96,90,6,6
69037,54,59,-5,5
69038,90,89,1,1
69039,75,71,4,4
69040,123,122,1,1
69041,91,91,0,0
69042,114,111,3,3
69043,49,84,-35,35
69044,119,103,16,16
69045,78,69,9,9
69046,105,96,9,9
69047,113,110,3,3
69048,75,71,4,4
69049,162,153,9,9
69050,62,57,5,5
69051,93,82,11,11
69052,67,64,3,3
69053,118,114,4,4
69054,76,76,0,0
69055,132,120,12,12
69056,43,46,-3,3
69057,69,76,-7,7
69058,99,100,-1,1
69059,81,74,7,7
69060,103,101,2,2
69061,87,78,9,9
69062,88,83,5,5
69063,92,86,6,6
69064,102,90,12,12
69065,53,53,0,0
69066,80,82,-2,2
69067,86,75,11,11
69068,107,109,-2,2
69069,165,165,0,0
69070,43,48,-5,5
69071,84,75,9,9
69072,129,122,7,7
69073,135,127,8,8
69074,32,68,-36,36
69075,49,64,-15,15
69076,91,90,1,1
69077,72,73,-1,1
69078,85,78,7,7
69079,75,81,-6,6
69080,95,112,-17,17
69081,132,120,12,12
69082,98,100,-2,2
69083,34,41,-7,7
69084,114,108,6,6
69085,104,98,6,6
69086,111,99,12,12
69087,59,55,4,4
69088,38,49,-11,11
69089,45,49,-4,4
69090,160,165,-5,5
69091,87,81,6,6
69092,78,85,-7,7
69093,180,144,36,36
69094,112,113,-1,1
69095,99,98,1,1
69096,77,80,-3,3
69097,64,80,-16,16
69098,93,75,18,18
69099,135,147,-12,12
69100,80,76,4,4
69101,105,90,15,15
69102,93,94,-1,1
69103,97,96,1,1
69104,93,99,-6,6
69105,126,105,21,21
69106,100,92,8,8
69107,93,93,0,0
69108,116,111,5,5
69109,89,87,2,2
69110,72,83,-11,11
69111,158,135,23,23
69112,107,94,13,13
69113,57,64,-7,7
69114,95,98,-3,3
69115,199,179,20,20
69116,98,97,1,1
69117,50,56,-6,6
69118,72,69,3,3
69119,86,77,9,9
69120,36,59,-23,23
69121,77,65,12,12
69122,144,142,2,2
69123,101,114,-13,13
69124,141,136,5,5
69125,136,120,16,16
69126,81,77,4,4
69127,96,112,-16,16
69128,92,90,2,2
69129,37,49,-12,12
69130,117,115,2,2
69131,96,89,7,7
69132,120,130,-10,10
69133,58,62,-4,4
69134,147,125,22,22
69135,60,65,-5,5
69136,85,82,3,3
69137,71,65,6,6
69138,74,69,5,5
69139,98,98,0,0
69140,59,55,4,4
69141,77,78,-1,1
69142,77,79,-2,2
69143,76,81,-5,5
69144,52,55,-3,3
69145,116,110,6,6
69146,78,83,-5,5
69147,74,75,-1,1
69148,124,117,7,7
69149,58,57,1,1
69150,86,82,4,4
69151,132,118,14,14
69152,108,94,14,14
69153,38,42,-4,4
69154,138,135,3,3
69155,74,72,2,2
69156,73,78,-5,5
69157,95,79,16,16
69158,129,144,-15,15
69159,102,90,12,12
69160,112,101,11,11
69161,141,136,5,5
69162,76,71,5,5
69163,142,132,10,10
69164,72,70,2,2
69165,163,151,12,12
69166,122,114,8,8
69167,44,41,3,3
69168,104,95,9,9
69169,72,82,-10,10
69170,60,60,0,0
69171,69,67,2,2
69172,113,104,9,9
69173,89,89,0,0
69174,42,47,-5,5
69175,146,135,11,11
69176,147,123,24,24
69177,132,140,-8,8
69178,107,101,6,6
69179,77,79,-2,2
69180,102,101,1,1
69181,153,133,20,20
69182,56,75,-19,19
69183,105,106,-1,1
69184,129,125,4,4
69185,99,89,10,10
69186,55,57,-2,2
69187,102,107,-5,5
69188,102,93,9,9
69189,111,109,2,2
69190,123,122,1,1
69191,62,66,-4,4
69192,152,164,-12,12
69193,89,83,6,6
69194,94,89,5,5
69195,35,53,-18,18
69196,94,88,6,6
69197,110,110,0,0
69198,175,170,5,5
69199,105,93,12,12
69200,42,48,-6,6
69201,152,138,14,14
69202,149,129,20,20
69203,207,182,25,25
69204,152,151,1,1
69205,88,97,-9,9
69206,94,90,4,4
69207,76,72,4,4
69208,84,82,2,2
69209,87,83,4,4
69210,59,60,-1,1
69211,112,105,7,7
69212,110,100,10,10
69213,136,112,24,24
69214,81,91,-10,10
69215,177,152,25,25
69216,120,116,4,4
69217,86,85,1,1
69218,57,61,-4,4
69219,100,82,18,18
69220,134,124,10,10
69221,75,68,7,7
69222,88,81,7,7
69223,82,87,-5,5
69224,54,59,-5,5
69225,74,67,7,7
69226,50,56,-6,6
69227,125,109,16,16
69228,85,88,-3,3
69229,148,138,10,10
69230,88,88,0,0
69231,58,70,-12,12
69232,124,102,22,22
69233,129,126,3,3
69234,100,94,6,6
69235,76,76,0,0
69236,86,77,9,9
69237,57,67,-10,10
69238,84,84,0,0
69239,103,91,12,12
69240,87,85,2,2
69241,114,116,-2,2
69242,58,65,-7,7
69243,100,93,7,7
69244,92,99,-7,7
69245,78,81,-3,3
69246,73,87,-14,14
69247,73,68,5,5
69248,106,100,6,6
69249,135,130,5,5
69250,95,110,-15,15
69251,75,79,-4,4
69252,116,120,-4,4
69253,58,55,3,3
69254,135,124,11,11
69255,75,76,-1,1
69256,51,60,-9,9
69257,69,67,2,2
69258,97,106,-9,9
69259,73,75,-2,2
69260,91,94,-3,3
69261,156,145,11,11
69262,67,71,-4,4
69263,77,76,1,1
69264,133,131,2,2
69265,129,137,-8,8
69266,110,101,9,9
69267,121,132,-11,11
69268,150,143,7,7
69269,89,88,1,1
69270,71,75,-4,4
69271,119,104,15,15
69272,70,79,-9,9
69273,121,125,-4,4
69274,116,118,-2,2
69275,123,124,-1,1
69276,95,87,8,8
69277,70,65,5,5
69278,111,88,23,23
69279,113,104,9,9
69280,92,83,9,9
69281,52,57,-5,5
69282,114,108,6,6
69283,106,102,4,4
69284,102,109,-7,7
69285,72,83,-11,11
69286,134,114,20,20
69287,101,96,5,5
69288,134,121,13,13
69289,111,112,-1,1
69290,99,97,2,2
69291,98,89,9,9
69292,94,95,-1,1
69293,44,48,-4,4
69294,92,93,-1,1
69295,81,77,4,4
69296,74,74,0,0
69297,51,48,3,3
69298,135,126,9,9
69299,34,44,-10,10
69300,151,146,5,5
69301,64,65,-1,1
69302,105,107,-2,2
69303,117,99,18,18
69304,88,90,-2,2
69305,100,100,0,0
69306,88,83,5,5
69307,84,85,-1,1
69308,189,177,12,12
69309,45,50,-5,5
69310,64,65,-1,1
69311,94,92,2,2
69312,199,174,25,25
69313,80,75,5,5
69314,105,104,1,1
69315,112,108,4,4
69316,59,45,14,14
69317,54,62,-8,8
69318,123,114,9,9
69319,59,61,-2,2
69320,186,172,14,14
69321,110,109,1,1
69322,117,109,8,8
69323,82,81,1,1
69324,202,173,29,29
69325,129,104,25,25
69326,91,96,-5,5
69327,131,106,25,25
69328,117,105,12,12
69329,82,73,9,9
69330,78,85,-7,7
69331,129,119,10,10
69332,46,43,3,3
69333,122,124,-2,2
69334,124,111,13,13
69335,186,182,4,4
69336,103,99,4,4
69337,112,113,-1,1
69338,135,135,0,0
69339,68,72,-4,4
69340,110,107,3,3
69341,57,56,1,1
69342,144,135,9,9
69343,115,101,14,14
69344,143,133,10,10
69345,75,85,-10,10
69346,69,65,4,4
69347,140,124,16,16
69348,93,100,-7,7
69349,74,71,3,3
69350,165,157,8,8
69351,77,82,-5,5
69352,57,58,-1,1
69353,87,100,-13,13
69354,123,121,2,2
69355,78,82,-4,4
69356,120,117,3,3
69357,100,94,6,6
69358,112,106,6,6
69359,87,90,-3,3
69360,98,84,14,14
69361,106,98,8,8
69362,91,98,-7,7
69363,107,104,3,3
69364,67,66,1,1
69365,125,120,5,5
69366,61,53,8,8
69367,96,94,2,2
69368,73,72,1,1
69369,70,66,4,4
69370,89,84,5,5
69371,114,106,8,8
69372,74,75,-1,1
69373,133,106,27,27
69374,107,109,-2,2
69375,91,88,3,3
69376,83,75,8,8
69377,76,73,3,3
69378,75,80,-5,5
69379,83,78,5,5
69380,62,66,-4,4
69381,71,78,-7,7
69382,40,43,-3,3
69383,131,120,11,11
69384,138,136,2,2
69385,43,49,-6,6
69386,76,84,-8,8
69387,128,150,-22,22
69388,62,64,-2,2
69389,128,117,11,11
69390,79,84,-5,5
69391,140,126,14,14
69392,94,99,-5,5
69393,96,97,-1,1
69394,43,43,0,0
69395,159,146,13,13
69396,62,55,7,7
69397,131,116,15,15
69398,65,65,0,0
69399,63,67,-4,4
69400,116,121,-5,5
69401,65,81,-16,16
69402,70,69,1,1
69403,56,61,-5,5
69404,95,93,2,2
69405,120,111,9,9
69406,93,97,-4,4
69407,92,89,3,3
69408,101,91,10,10
69409,106,108,-2,2
69410,151,138,13,13
69411,98,89,9,9
69412,63,65,-2,2
69413,120,118,2,2
69414,93,90,3,3
69415,89,86,3,3
69416,47,51,-4,4
69417,92,92,0,0
69418,95,83,12,12
69419,90,81,9,9
69420,116,105,11,11
69421,88,86,2,2
69422,107,110,-3,3
69423,168,176,-8,8
69424,49,47,2,2
69425,111,100,11,11
69426,76,79,-3,3
69427,89,86,3,3
69428,72,71,1,1
69429,131,129,2,2
69430,61,73,-12,12
69431,106,96,10,10
69432,65,71,-6,6
69433,76,75,1,1
69434,62,91,-29,29
69435,63,66,-3,3
69436,77,74,3,3
69437,120,109,11,11
69438,109,107,2,2
69439,93,88,5,5
69440,66,65,1,1
69441,72,65,7,7
69442,94,85,9,9
69443,143,122,21,21
69444,75,79,-4,4
69445,99,97,2,2
69446,112,110,2,2
69447,66,67,-1,1
69448,72,68,4,4
69449,46,53,-7,7
69450,100,95,5,5
69451,89,82,7,7
69452,101,99,2,2
69453,63,62,1,1
69454,108,103,5,5
69455,89,91,-2,2
69456,101,96,5,5
69457,94,89,5,5
69458,73,78,-5,5
69459,148,115,33,33
69460,142,135,7,7
69461,92,89,3,3
69462,151,137,14,14
69463,119,109,10,10
69464,61,65,-4,4
69465,124,124,0,0
69466,46,57,-11,11
69467,67,75,-8,8
69468,46,64,-18,18
69469,81,78,3,3
69470,104,104,0,0
69471,47,48,-1,1
69472,88,86,2,2
69473,115,85,30,30
69474,92,103,-11,11
69475,100,87,13,13
69476,141,129,12,12
69477,107,104,3,3
69478,127,106,21,21
69479,117,117,0,0
69480,72,71,1,1
69481,81,81,0,0
69482,100,123,-23,23
69483,84,100,-16,16
69484,70,65,5,5
69485,152,134,18,18
69486,32,43,-11,11
69487,121,118,3,3
69488,69,71,-2,2
69489,63,67,-4,4
69490,76,75,1,1
69491,81,85,-4,4
69492,106,99,7,7
69493,69,78,-9,9
69494,54,62,-8,8
69495,92,88,4,4
69496,61,65,-4,4
69497,141,122,19,19
69498,78,74,4,4
69499,124,135,-11,11
69500,94,92,2,2
69501,66,71,-5,5
69502,156,155,1,1
69503,80,97,-17,17
69504,84,88,-4,4
69505,161,157,4,4
69506,106,94,12,12
69507,98,92,6,6
69508,108,102,6,6
69509,109,100,9,9
69510,85,81,4,4
69511,74,82,-8,8
69512,74,73,1,1
69513,88,94,-6,6
69514,128,116,12,12
69515,93,88,5,5
69516,140,134,6,6
69517,109,103,6,6
69518,58,56,2,2
69519,73,61,12,12
69520,86,86,0,0
69521,94,88,6,6
69522,332,279,53,53
69523,112,99,13,13
69524,48,47,1,1
69525,73,75,-2,2
69526,116,107,9,9
69527,105,90,15,15
69528,65,68,-3,3
69529,108,101,7,7
69530,83,90,-7,7
69531,81,83,-2,2
69532,155,157,-2,2
69533,110,96,14,14
69534,120,104,16,16
69535,92,82,10,10
69536,152,132,20,20
69537,131,131,0,0
69538,48,63,-15,15
69539,68,68,0,0
69540,74,74,0,0
69541,86,94,-8,8
69542,148,151,-3,3
69543,188,169,19,19
69544,79,87,-8,8
69545,125,113,12,12
69546,95,81,14,14
69547,63,62,1,1
69548,78,72,6,6
69549,116,113,3,3
69550,83,81,2,2
69551,68,68,0,0
69552,104,110,-6,6
69553,107,101,6,6
69554,93,82,11,11
69555,115,110,5,5
69556,105,90,15,15
69557,76,92,-16,16
69558,129,112,17,17
69559,53,50,3,3
69560,78,86,-8,8
69561,108,98,10,10
69562,39,47,-8,8
69563,81,77,4,4
69564,122,124,-2,2
69565,74,70,4,4
69566,63,70,-7,7
69567,115,110,5,5
69568,119,117,2,2
69569,130,121,9,9
69570,103,123,-20,20
69571,107,108,-1,1
69572,69,81,-12,12
69573,130,120,10,10
69574,98,113,-15,15
69575,126,111,15,15
69576,119,102,17,17
69577,86,91,-5,5
69578,211,195,16,16
69579,82,82,0,0
69580,64,65,-1,1
69581,96,73,23,23
69582,63,65,-2,2
69583,102,99,3,3
69584,119,125,-6,6
69585,82,87,-5,5
69586,119,106,13,13
69587,64,62,2,2
69588,48,46,2,2
69589,140,128,12,12
69590,112,98,14,14
69591,93,101,-8,8
69592,88,89,-1,1
69593,93,90,3,3
69594,60,59,1,1
69595,66,70,-4,4
69596,48,50,-2,2
69597,101,92,9,9
69598,54,55,-1,1
69599,99,88,11,11
69600,81,76,5,5
69601,155,141,14,14
69602,80,83,-3,3
69603,69,67,2,2
69604,65,75,-10,10
69605,81,88,-7,7
69606,100,104,-4,4
69607,89,96,-7,7
69608,86,85,1,1
69609,107,107,0,0
69610,61,65,-4,4
69611,59,53,6,6
69612,51,58,-7,7
69613,147,147,0,0
69614,127,113,14,14
69615,130,134,-4,4
69616,53,50,3,3
69617,117,91,26,26
69618,132,125,7,7
69619,119,108,11,11
69620,107,92,15,15
69621,79,91,-12,12
69622,157,149,8,8
69623,125,104,21,21
69624,60,66,-6,6
69625,79,69,10,10
69626,80,83,-3,3
69627,151,131,20,20
69628,109,96,13,13
69629,64,65,-1,1
69630,111,93,18,18
69631,44,51,-7,7
69632,95,86,9,9
69633,137,126,11,11
69634,121,99,22,22
69635,51,63,-12,12
69636,53,66,-13,13
69637,93,92,1,1
69638,91,92,-1,1
69639,125,108,17,17
69640,59,66,-7,7
69641,63,65,-2,2
69642,111,92,19,19
69643,117,116,1,1
69644,74,74,0,0
69645,117,113,4,4
69646,65,62,3,3
69647,100,90,10,10
69648,227,213,14,14
69649,145,171,-26,26
69650,82,83,-1,1
69651,93,80,13,13
69652,120,128,-8,8
69653,122,110,12,12
69654,121,113,8,8
69655,106,88,18,18
69656,95,99,-4,4
69657,71,70,1,1
69658,64,69,-5,5
69659,103,96,7,7
69660,66,81,-15,15
69661,60,66,-6,6
69662,85,81,4,4
69663,110,107,3,3
69664,109,108,1,1
69665,80,89,-9,9
69666,80,72,8,8
69667,147,144,3,3
69668,107,109,-2,2
69669,61,58,3,3
69670,163,158,5,5
69671,60,56,4,4
69672,85,84,1,1
69673,152,152,0,0
69674,90,90,0,0
69675,81,79,2,2
69676,76,73,3,3
69677,95,90,5,5
69678,70,70,0,0
69679,101,93,8,8
69680,65,60,5,5
69681,78,88,-10,10
69682,94,96,-2,2
69683,69,68,1,1
69684,161,157,4,4
69685,97,97,0,0
69686,66,76,-10,10
69687,171,149,22,22
69688,93,79,14,14
69689,98,88,10,10
69690,101,104,-3,3
69691,97,93,4,4
69692,74,80,-6,6
69693,88,77,11,11
69694,184,172,12,12
69695,74,79,-5,5
69696,65,78,-13,13
69697,193,173,20,20
69698,103,92,11,11
69699,57,64,-7,7
69700,113,126,-13,13
69701,145,163,-18,18
69702,60,64,-4,4
69703,128,132,-4,4
69704,89,87,2,2
69705,80,79,1,1
69706,79,75,4,4
69707,114,104,10,10
69708,200,184,16,16
69709,133,127,6,6
69710,114,106,8,8
69711,125,115,10,10
69712,82,77,5,5
69713,90,82,8,8
69714,95,89,6,6
69715,140,139,1,1
69716,96,98,-2,2
69717,186,172,14,14
69718,89,98,-9,9
69719,57,57,0,0
69720,76,75,1,1
69721,64,65,-1,1
69722,138,127,11,11
69723,97,89,8,8
69724,95,101,-6,6
69725,157,155,2,2
69726,76,71,5,5
69727,77,84,-7,7
69728,110,107,3,3
69729,191,170,21,21
69730,70,72,-2,2
69731,100,109,-9,9
69732,98,100,-2,2
69733,64,66,-2,2
69734,106,99,7,7
69735,95,95,0,0
69736,70,78,-8,8
69737,132,115,17,17
69738,43,41,2,2
69739,177,153,24,24
69740,59,55,4,4
69741,42,50,-8,8
69742,40,41,-1,1
69743,82,60,22,22
69744,79,85,-6,6
69745,62,74,-12,12
69746,108,98,10,10
69747,103,111,-8,8
69748,92,91,1,1
69749,63,68,-5,5
69750,65,69,-4,4
69751,144,140,4,4
69752,92,85,7,7
69753,129,125,4,4
69754,137,134,3,3
69755,122,125,-3,3
69756,48,67,-19,19
69757,85,67,18,18
69758,90,95,-5,5
69759,82,70,12,12
69760,112,101,11,11
69761,85,84,1,1
69762,91,83,8,8
69763,78,79,-1,1
69764,69,71,-2,2
69765,121,107,14,14
69766,68,71,-3,3
69767,131,128,3,3
69768,89,84,5,5
69769,93,88,5,5
69770,54,52,2,2
69771,136,130,6,6
69772,35,74,-39,39
69773,178,155,23,23
69774,105,95,10,10
69775,145,138,7,7
69776,75,81,-6,6
69777,117,105,12,12
69778,63,68,-5,5
69779,132,128,4,4
69780,100,100,0,0
69781,67,72,-5,5
69782,47,53,-6,6
69783,128,109,19,19
69784,119,120,-1,1
69785,119,119,0,0
69786,93,80,13,13
69787,121,117,4,4
69788,79,73,6,6
69789,166,150,16,16
69790,87,79,8,8
69791,85,87,-2,2
69792,80,78,2,2
69793,68,68,0,0
69794,131,128,3,3
69795,124,116,8,8
69796,146,146,0,0
69797,71,66,5,5
69798,89,94,-5,5
69799,60,67,-7,7
69800,64,61,3,3
69801,63,76,-13,13
69802,61,62,-1,1
69803,119,101,18,18
69804,83,82,1,1
69805,96,95,1,1
69806,116,125,-9,9
69807,122,115,7,7
69808,102,90,12,12
69809,85,84,1,1
69810,129,130,-1,1
69811,109,96,13,13
69812,41,43,-2,2
69813,95,95,0,0
69814,131,110,21,21
69815,98,78,20,20
69816,105,97,8,8
69817,35,49,-14,14
69818,65,65,0,0
69819,69,65,4,4
69820,72,68,4,4
69821,101,100,1,1
69822,86,80,6,6
69823,103,102,1,1
69824,110,93,17,17
69825,77,69,8,8
69826,98,75,23,23
69827,107,100,7,7
69828,72,81,-9,9
69829,109,109,0,0
69830,68,64,4,4
69831,64,63,1,1
69832,158,148,10,10
69833,112,115,-3,3
69834,71,82,-11,11
69835,119,107,12,12
69836,63,65,-2,2
69837,66,68,-2,2
69838,90,85,5,5
69839,114,117,-3,3
69840,81,83,-2,2
69841,136,122,14,14
69842,92,89,3,3
69843,46,70,-24,24
69844,48,54,-6,6
69845,99,88,11,11
69846,63,68,-5,5
69847,113,110,3,3
69848,77,81,-4,4
69849,95,102,-7,7
69850,95,95,0,0
69851,92,92,0,0
69852,77,76,1,1
69853,108,99,9,9
69854,80,76,4,4
69855,106,100,6,6
69856,193,181,12,12
69857,138,123,15,15
69858,146,141,5,5
69859,146,146,0,0
69860,121,108,13,13
69861,134,118,16,16
69862,92,94,-2,2
69863,109,99,10,10
69864,94,96,-2,2
69865,96,100,-4,4
69866,105,116,-11,11
69867,124,125,-1,1
69868,101,95,6,6
69869,63,71,-8,8
69870,91,92,-1,1
69871,75,82,-7,7
69872,89,99,-10,10
69873,134,127,7,7
69874,130,123,7,7
69875,71,79,-8,8
69876,152,145,7,7
69877,79,65,14,14
69878,82,69,13,13
69879,80,97,-17,17
69880,51,57,-6,6
69881,134,126,8,8
69882,120,104,16,16
69883,88,83,5,5
69884,66,73,-7,7
69885,40,49,-9,9
69886,81,71,10,10
69887,125,108,17,17
69888,57,58,-1,1
69889,127,111,16,16
69890,70,65,5,5
69891,144,94,50,50
69892,100,109,-9,9
69893,190,166,24,24
69894,79,77,2,2
69895,95,74,21,21
69896,86,72,14,14
69897,75,63,12,12
69898,108,101,7,7
69899,74,72,2,2
69900,110,118,-8,8
69901,121,108,13,13
69902,75,81,-6,6
69903,193,165,28,28
69904,102,94,8,8
69905,83,84,-1,1
69906,161,154,7,7
69907,43,64,-21,21
69908,157,173,-16,16
69909,152,153,-1,1
69910,166,151,15,15
69911,61,58,3,3
69912,123,114,9,9
69913,77,67,10,10
69914,76,71,5,5
69915,103,109,-6,6
69916,73,72,1,1
69917,94,92,2,2
69918,71,75,-4,4
69919,69,75,-6,6
69920,46,47,-1,1
69921,59,61,-2,2
69922,109,100,9,9
69923,166,165,1,1
69924,65,66,-1,1
69925,97,87,10,10
69926,170,150,20,20
69927,76,81,-5,5
69928,79,79,0,0
69929,84,89,-5,5
69930,36,39,-3,3
69931,149,145,4,4
69932,61,59,2,2
69933,109,108,1,1
69934,160,138,22,22
69935,96,87,9,9
69936,139,139,0,0
69937,59,59,0,0
69938,52,48,4,4
69939,148,133,15,15
69940,90,73,17,17
69941,68,60,8,8
69942,60,65,-5,5
69943,110,108,2,2
69944,80,95,-15,15
69945,37,44,-7,7
69946,75,87,-12,12
69947,62,70,-8,8
69948,66,69,-3,3
69949,99,105,-6,6
69950,105,102,3,3
69951,165,146,19,19
69952,164,156,8,8
69953,93,91,2,2
69954,58,74,-16,16
69955,93,88,5,5
69956,37,46,-9,9
69957,68,74,-6,6
69958,122,121,1,1
69959,36,42,-6,6
69960,109,104,5,5
69961,111,102,9,9
69962,39,44,-5,5
69963,139,131,8,8
69964,109,109,0,0
69965,169,163,6,6
69966,138,134,4,4
69967,104,113,-9,9
69968,170,172,-2,2
69969,66,67,-1,1
69970,154,147,7,7
69971,46,58,-12,12
69972,136,122,14,14
69973,81,79,2,2
69974,390,306,84,84
69975,88,83,5,5
69976,66,77,-11,11
69977,69,68,1,1
69978,48,57,-9,9
69979,136,119,17,17
69980,85,84,1,1
69981,73,71,2,2
69982,128,135,-7,7
69983,90,98,-8,8
69984,105,102,3,3
69985,127,118,9,9
69986,102,101,1,1
69987,111,105,6,6
69988,110,96,14,14
69989,92,84,8,8
69990,66,98,-32,32
69991,103,97,6,6
69992,111,98,13,13
69993,120,116,4,4
69994,96,97,-1,1
69995,141,134,7,7
69996,89,103,-14,14
69997,66,66,0,0
69998,95,83,12,12
69999,83,89,-6,6
70000,62,60,2,2
70001,136,135,1,1
70002,99,92,7,7
70003,78,69,9,9
70004,79,86,-7,7
70005,86,81,5,5
70006,70,73,-3,3
70007,128,123,5,5
70008,100,81,19,19
70009,116,100,16,16
70010,165,174,-9,9
70011,125,114,11,11
70012,63,73,-10,10
70013,93,96,-3,3
70014,135,116,19,19
70015,61,64,-3,3
70016,55,73,-18,18
70017,95,87,8,8
70018,98,93,5,5
70019,54,57,-3,3
70020,85,87,-2,2
70021,96,83,13,13
70022,132,134,-2,2
70023,81,82,-1,1
70024,57,60,-3,3
70025,71,66,5,5
70026,92,93,-1,1
70027,99,84,15,15
70028,87,82,5,5
70029,116,96,20,20
70030,46,51,-5,5
70031,29,37,-8,8
70032,163,164,-1,1
70033,110,98,12,12
70034,68,67,1,1
70035,62,67,-5,5
70036,60,52,8,8
70037,91,92,-1,1
70038,35,42,-7,7
70039,61,69,-8,8
70040,101,87,14,14
70041,135,127,8,8
70042,169,167,2,2
70043,122,109,13,13
70044,182,171,11,11
70045,86,87,-1,1
70046,121,109,12,12
70047,65,60,5,5
70048,84,85,-1,1
70049,98,89,9,9
70050,61,66,-5,5
70051,71,86,-15,15
70052,54,59,-5,5
70053,130,114,16,16
70054,47,56,-9,9
70055,78,77,1,1
70056,83,72,11,11
70057,119,103,16,16
70058,86,80,6,6
70059,92,92,0,0
70060,76,78,-2,2
70061,80,87,-7,7
70062,103,94,9,9
70063,113,104,9,9
70064,79,83,-4,4
70065,68,71,-3,3
70066,115,110,5,5
70067,62,70,-8,8
70068,107,111,-4,4
70069,115,103,12,12
70070,138,134,4,4
70071,115,118,-3,3
70072,117,102,15,15
70073,92,141,-49,49
70074,122,111,11,11
70075,54,56,-2,2
70076,76,78,-2,2
70077,96,89,7,7
70078,57,56,1,1
70079,108,105,3,3
70080,104,106,-2,2
70081,107,102,5,5
70082,66,64,2,2
70083,57,69,-12,12
70084,72,68,4,4
70085,63,103,-40,40
70086,119,117,2,2
70087,123,112,11,11
70088,86,84,2,2
70089,121,102,19,19
70090,72,64,8,8
70091,70,73,-3,3
70092,84,74,10,10
70093,72,77,-5,5
70094,61,61,0,0
70095,128,111,17,17
70096,90,90,0,0
70097,138,146,-8,8
70098,80,82,-2,2
70099,134,102,32,32
70100,135,131,4,4
70101,108,98,10,10
70102,114,103,11,11
70103,87,81,6,6
70104,29,47,-18,18
70105,84,83,1,1
70106,139,135,4,4
70107,126,114,12,12
70108,61,57,4,4
70109,22,37,-15,15
70110,61,75,-14,14
70111,74,84,-10,10
70112,120,107,13,13
70113,69,67,2,2
70114,61,67,-6,6
70115,88,91,-3,3
70116,102,101,1,1
70117,107,106,1,1
70118,103,97,6,6
70119,89,91,-2,2
70120,134,131,3,3
70121,52,66,-14,14
70122,63,100,-37,37
70123,116,103,13,13
70124,123,128,-5,5
70125,101,89,12,12
70126,58,64,-6,6
70127,95,95,0,0
70128,66,65,1,1
70129,69,69,0,0
70130,107,96,11,11
70131,118,126,-8,8
70132,155,133,22,22
70133,75,75,0,0
70134,103,94,9,9
70135,81,74,7,7
70136,94,93,1,1
70137,64,67,-3,3
70138,135,125,10,10
70139,116,130,-14,14
70140,213,180,33,33
70141,87,85,2,2
70142,109,123,-14,14
70143,149,142,7,7
70144,81,95,-14,14
70145,78,76,2,2
70146,62,61,1,1
70147,73,77,-4,4
70148,68,61,7,7
70149,103,82,21,21
70150,121,104,17,17
70151,165,144,21,21
70152,105,96,9,9
70153,71,66,5,5
70154,139,138,1,1
70155,75,98,-23,23
70156,146,149,-3,3
70157,88,93,-5,5
70158,184,177,7,7
70159,122,108,14,14
70160,50,76,-26,26
70161,98,96,2,2
70162,28,80,-52,52
70163,68,60,8,8
70164,34,42,-8,8
70165,88,78,10,10
70166,87,87,0,0
70167,91,90,1,1
70168,97,92,5,5
70169,93,75,18,18
70170,46,49,-3,3
70171,63,63,0,0
70172,54,65,-11,11
70173,68,73,-5,5
70174,100,110,-10,10
70175,51,51,0,0
70176,92,90,2,2
70177,111,109,2,2
70178,66,65,1,1
70179,60,70,-10,10
70180,66,64,2,2
70181,130,110,20,20
70182,125,105,20,20
70183,134,134,0,0
70184,139,134,5,5
70185,105,103,2,2
70186,70,71,-1,1
70187,106,97,9,9
70188,146,126,20,20
70189,144,144,0,0
70190,108,121,-13,13
70191,77,80,-3,3
70192,99,91,8,8
70193,79,78,1,1
70194,65,67,-2,2
70195,65,77,-12,12
70196,89,95,-6,6
70197,128,114,14,14
70198,95,115,-20,20
70199,131,140,-9,9
70200,48,46,2,2
70201,127,114,13,13
70202,102,104,-2,2
70203,127,121,6,6
70204,53,58,-5,5
70205,148,128,20,20
70206,173,154,19,19
70207,110,100,10,10
70208,61,63,-2,2
70209,65,65,0,0
70210,83,79,4,4
70211,125,124,1,1
70212,94,88,6,6
70213,82,76,6,6
70214,95,87,8,8
70215,48,52,-4,4
70216,112,106,6,6
70217,74,77,-3,3
70218,114,104,10,10
70219,64,68,-4,4
70220,109,96,13,13
70221,163,148,15,15
70222,136,129,7,7
70223,218,189,29,29
70224,114,102,12,12
70225,152,142,10,10
70226,115,116,-1,1
70227,70,77,-7,7
70228,76,75,1,1
70229,101,97,4,4
70230,122,109,13,13
70231,95,86,9,9
70232,112,140,-28,28
70233,114,110,4,4
70234,93,88,5,5
70235,56,68,-12,12
70236,110,123,-13,13
70237,97,95,2,2
70238,86,97,-11,11
70239,87,80,7,7
70240,55,70,-15,15
70241,183,194,-11,11
70242,99,96,3,3
70243,102,98,4,4
70244,113,104,9,9
70245,95,90,5,5
70246,191,164,27,27
70247,82,81,1,1
70248,55,53,2,2
70249,60,65,-5,5
70250,81,74,7,7
70251,87,84,3,3
70252,142,140,2,2
70253,97,82,15,15
70254,116,95,21,21
70255,73,74,-1,1
70256,87,90,-3,3
70257,102,95,7,7
70258,57,62,-5,5
70259,56,67,-11,11
70260,193,160,33,33
70261,99,97,2,2
70262,61,66,-5,5
70263,90,88,2,2
70264,129,129,0,0
70265,86,87,-1,1
70266,68,78,-10,10
70267,106,91,15,15
70268,101,104,-3,3
70269,139,126,13,13
70270,97,103,-6,6
70271,79,85,-6,6
70272,54,63,-9,9
70273,47,52,-5,5
70274,119,107,12,12
70275,93,89,4,4
70276,70,70,0,0
70277,109,107,2,2
70278,55,67,-12,12
70279,127,131,-4,4
70280,76,77,-1,1
70281,35,42,-7,7
70282,66,67,-1,1
70283,72,74,-2,2
70284,91,100,-9,9
70285,128,128,0,0
70286,123,119,4,4
70287,129,121,8,8
70288,106,95,11,11
70289,84,89,-5,5
70290,99,89,10,10
70291,59,59,0,0
70292,54,66,-12,12
70293,120,117,3,3
70294,188,167,21,21
70295,83,80,3,3
70296,146,129,17,17
70297,69,68,1,1
70298,58,62,-4,4
70299,173,151,22,22
70300,131,117,14,14
70301,150,137,13,13
70302,115,108,7,7
70303,107,96,11,11
70304,131,129,2,2
70305,101,95,6,6
70306,105,91,14,14
70307,104,99,5,5
70308,138,121,17,17
70309,62,60,2,2
70310,88,91,-3,3
70311,44,46,-2,2
70312,116,113,3,3
70313,84,85,-1,1
70314,80,97,-17,17
70315,112,106,6,6
70316,85,82,3,3
70317,82,72,10,10
70318,101,98,3,3
70319,123,132,-9,9
70320,137,126,11,11
70321,112,104,8,8
70322,72,76,-4,4
70323,100,91,9,9
70324,106,95,11,11
70325,64,57,7,7
70326,115,102,13,13
70327,44,51,-7,7
70328,112,103,9,9
70329,113,99,14,14
70330,203,178,25,25
70331,113,99,14,14
70332,154,149,5,5
70333,88,92,-4,4
70334,88,98,-10,10
70335,56,60,-4,4
70336,116,111,5,5
70337,104,98,6,6
70338,96,92,4,4
70339,99,94,5,5
70340,98,103,-5,5
70341,128,135,-7,7
70342,79,84,-5,5
70343,97,100,-3,3
70344,68,74,-6,6
70345,93,83,10,10
70346,99,95,4,4
70347,68,69,-1,1
70348,83,78,5,5
70349,85,85,0,0
70350,89,93,-4,4
70351,95,91,4,4
70352,133,122,11,11
70353,86,85,1,1
70354,94,91,3,3
70355,63,72,-9,9
70356,134,128,6,6
70357,79,82,-3,3
70358,55,53,2,2
70359,82,86,-4,4
70360,60,66,-6,6
70361,63,74,-11,11
70362,179,160,19,19
70363,127,120,7,7
70364,65,64,1,1
70365,101,99,2,2
70366,112,105,7,7
70367,66,71,-5,5
70368,104,97,7,7
70369,80,96,-16,16
70370,84,74,10,10
70371,57,59,-2,2
70372,55,57,-2,2
70373,134,124,10,10
70374,125,114,11,11
70375,83,84,-1,1
70376,66,66,0,0
70377,59,84,-25,25
70378,117,110,7,7
70379,103,119,-16,16
70380,101,88,13,13
70381,128,124,4,4
70382,92,96,-4,4
70383,167,153,14,14
70384,79,77,2,2
70385,121,111,10,10
70386,85,76,9,9
70387,80,66,14,14
70388,26,37,-11,11
70389,52,55,-3,3
70390,58,70,-12,12
70391,137,126,11,11
70392,48,50,-2,2
70393,138,124,14,14
70394,81,67,14,14
70395,132,123,9,9
70396,111,103,8,8
70397,115,109,6,6
70398,129,123,6,6
70399,125,119,6,6
70400,138,162,-24,24
70401,51,57,-6,6
70402,131,139,-8,8
70403,164,165,-1,1
70404,107,88,19,19
70405,102,98,4,4
70406,66,67,-1,1
70407,59,64,-5,5
70408,60,62,-2,2
70409,145,134,11,11
70410,143,134,9,9
70411,121,114,7,7
70412,98,102,-4,4
70413,107,91,16,16
70414,69,66,3,3
70415,154,150,4,4
70416,93,94,-1,1
70417,93,94,-1,1
70418,41,41,0,0
70419,103,103,0,0
70420,81,81,0,0
70421,105,95,10,10
70422,60,55,5,5
70423,90,91,-1,1
70424,76,75,1,1
70425,98,96,2,2
70426,70,67,3,3
70427,49,62,-13,13
70428,113,102,11,11
70429,45,62,-17,17
70430,109,98,11,11
70431,53,55,-2,2
70432,98,82,16,16
70433,70,66,4,4
70434,91,86,5,5
70435,126,114,12,12
70436,68,56,12,12
70437,54,75,-21,21
70438,99,92,7,7
70439,85,87,-2,2
70440,85,75,10,10
70441,93,94,-1,1
70442,69,67,2,2
70443,59,57,2,2
70444,47,57,-10,10
70445,83,78,5,5
70446,103,108,-5,5
70447,93,81,12,12
70448,125,129,-4,4
70449,97,93,4,4
70450,103,107,-4,4
70451,79,78,1,1
70452,103,109,-6,6
70453,132,121,11,11
70454,165,162,3,3
70455,132,125,7,7
70456,88,85,3,3
70457,92,84,8,8
70458,75,74,1,1
70459,108,96,12,12
70460,98,92,6,6
70461,133,145,-12,12
70462,75,69,6,6
70463,187,179,8,8
70464,123,114,9,9
70465,63,81,-18,18
70466,92,102,-10,10
70467,117,111,6,6
70468,98,83,15,15
70469,247,234,13,13
70470,98,100,-2,2
70471,102,87,15,15
70472,66,73,-7,7
70473,62,59,3,3
70474,84,87,-3,3
70475,52,52,0,0
70476,107,100,7,7
70477,155,139,16,16
70478,118,117,1,1
70479,150,148,2,2
70480,112,102,10,10
70481,106,106,0,0
70482,61,64,-3,3
70483,101,97,4,4
70484,80,70,10,10
70485,65,80,-15,15
70486,86,82,4,4
70487,74,69,5,5
70488,163,143,20,20
70489,100,103,-3,3
70490,44,49,-5,5
70491,86,71,15,15
70492,119,111,8,8
70493,80,73,7,7
70494,57,64,-7,7
70495,136,128,8,8
70496,113,113,0,0
70497,75,74,1,1
70498,41,57,-16,16
70499,125,136,-11,11
70500,77,74,3,3
70501,97,86,11,11
70502,159,156,3,3
70503,43,47,-4,4
70504,47,50,-3,3
70505,53,54,-1,1
70506,141,124,17,17
70507,79,83,-4,4
70508,74,72,2,2
70509,117,115,2,2
70510,39,48,-9,9
70511,74,78,-4,4
70512,131,131,0,0
70513,95,94,1,1
70514,152,131,21,21
70515,80,81,-1,1
70516,125,105,20,20
70517,114,113,1,1
70518,113,105,8,8
70519,58,71,-13,13
70520,98,87,11,11
70521,135,123,12,12
70522,88,96,-8,8
70523,147,142,5,5
70524,83,80,3,3
70525,145,137,8,8
70526,144,140,4,4
70527,142,126,16,16
70528,65,67,-2,2
70529,59,65,-6,6
70530,116,112,4,4
70531,51,57,-6,6
70532,48,52,-4,4
70533,113,114,-1,1
70534,87,67,20,20
70535,72,79,-7,7
70536,100,95,5,5
70537,66,67,-1,1
70538,106,110,-4,4
70539,128,113,15,15
70540,71,66,5,5
70541,69,75,-6,6
70542,117,128,-11,11
70543,125,119,6,6
70544,105,96,9,9
70545,43,46,-3,3
70546,154,155,-1,1
70547,77,78,-1,1
70548,104,103,1,1
70549,112,105,7,7
70550,84,83,1,1
70551,69,67,2,2
70552,135,120,15,15
70553,130,114,16,16
70554,117,120,-3,3
70555,47,55,-8,8
70556,114,115,-1,1
70557,100,99,1,1
70558,129,132,-3,3
70559,59,60,-1,1
70560,159,146,13,13
70561,61,68,-7,7
70562,51,56,-5,5
70563,92,87,5,5
70564,73,76,-3,3
70565,98,80,18,18
70566,117,106,11,11
70567,100,104,-4,4
70568,54,69,-15,15
70569,76,73,3,3
70570,132,127,5,5
70571,178,132,46,46
70572,91,95,-4,4
70573,127,112,15,15
70574,75,70,5,5
70575,70,71,-1,1
70576,124,115,9,9
70577,125,125,0,0
70578,80,80,0,0
70579,59,58,1,1
70580,82,86,-4,4
70581,130,127,3,3
70582,82,88,-6,6
70583,93,83,10,10
70584,82,87,-5,5
70585,160,140,20,20
70586,83,79,4,4
70587,128,107,21,21
70588,123,109,14,14
70589,98,90,8,8
70590,104,90,14,14
70591,109,100,9,9
70592,48,48,0,0
70593,62,60,2,2
70594,63,64,-1,1
70595,63,66,-3,3
70596,115,104,11,11
70597,94,85,9,9
70598,94,97,-3,3
70599,91,91,0,0
70600,141,140,1,1
70601,162,151,11,11
70602,91,89,2,2
70603,88,91,-3,3
70604,117,119,-2,2
70605,52,56,-4,4
70606,57,63,-6,6
70607,106,88,18,18
70608,77,84,-7,7
70609,58,63,-5,5
70610,85,80,5,5
70611,110,100,10,10
70612,74,80,-6,6
70613,97,83,14,14
70614,58,62,-4,4
70615,92,96,-4,4
70616,97,92,5,5
70617,73,77,-4,4
70618,89,91,-2,2
70619,108,99,9,9
70620,129,117,12,12
70621,83,80,3,3
70622,97,91,6,6
70623,88,86,2,2
70624,88,82,6,6
70625,74,81,-7,7
70626,103,103,0,0
70627,93,85,8,8
70628,39,49,-10,10
70629,168,149,19,19
70630,102,90,12,12
70631,77,80,-3,3
70632,209,205,4,4
70633,88,84,4,4
70634,88,90,-2,2
70635,95,100,-5,5
70636,113,101,12,12
70637,109,108,1,1
70638,93,96,-3,3
70639,167,149,18,18
70640,55,73,-18,18
70641,115,110,5,5
70642,101,101,0,0
70643,52,64,-12,12
70644,155,149,6,6
70645,47,54,-7,7
70646,123,123,0,0
70647,71,68,3,3
70648,109,108,1,1
70649,63,72,-9,9
70650,132,140,-8,8
70651,74,78,-4,4
70652,89,96,-7,7
70653,131,126,5,5
70654,71,72,-1,1
70655,100,85,15,15
70656,76,87,-11,11
70657,67,65,2,2
70658,121,107,14,14
70659,45,61,-16,16
70660,79,65,14,14
70661,145,137,8,8
70662,242,196,46,46
70663,64,73,-9,9
70664,146,131,15,15
70665,80,77,3,3
70666,135,133,2,2
70667,94,88,6,6
70668,88,78,10,10
70669,119,114,5,5
70670,129,118,11,11
70671,86,85,1,1
70672,60,59,1,1
70673,148,150,-2,2
70674,43,54,-11,11
70675,41,46,-5,5
70676,272,235,37,37
70677,116,101,15,15
70678,86,78,8,8
70679,69,72,-3,3
70680,51,53,-2,2
70681,80,78,2,2
70682,83,81,2,2
70683,108,101,7,7
70684,66,64,2,2
70685,178,174,4,4
70686,138,135,3,3
70687,124,106,18,18
70688,58,59,-1,1
70689,93,90,3,3
70690,135,124,11,11
70691,98,78,20,20
70692,91,81,10,10
70693,83,76,7,7
70694,192,177,15,15
70695,119,100,19,19
70696,44,56,-12,12
70697,83,86,-3,3
70698,75,78,-3,3
70699,216,198,18,18
70700,178,168,10,10
70701,81,80,1,1
70702,56,66,-10,10
70703,85,84,1,1
70704,87,86,1,1
70705,77,75,2,2
70706,73,80,-7,7
70707,122,117,5,5
70708,169,144,25,25
70709,155,137,18,18
70710,111,105,6,6
70711,37,46,-9,9
70712,116,115,1,1
70713,107,101,6,6
70714,63,72,-9,9
70715,97,85,12,12
70716,108,89,19,19
70717,94,93,1,1
70718,56,57,-1,1
70719,49,47,2,2
70720,87,91,-4,4
70721,110,105,5,5
70722,89,93,-4,4
70723,87,80,7,7
70724,127,125,2,2
70725,82,79,3,3
70726,58,55,3,3
70727,69,70,-1,1
70728,66,62,4,4
70729,62,79,-17,17
70730,80,79,1,1
70731,62,63,-1,1
70732,46,47,-1,1
70733,48,70,-22,22
70734,77,74,3,3
70735,99,109,-10,10
70736,98,96,2,2
70737,87,87,0,0
70738,63,69,-6,6
70739,114,114,0,0
70740,121,122,-1,1
70741,70,72,-2,2
70742,118,105,13,13
70743,116,109,7,7
70744,89,91,-2,2
70745,100,93,7,7
70746,249,247,2,2
70747,202,172,30,30
70748,152,138,14,14
70749,140,128,12,12
70750,162,149,13,13
70751,90,86,4,4
70752,132,115,17,17
70753,79,68,11,11
70754,73,70,3,3
70755,115,100,15,15
70756,188,173,15,15
70757,72,76,-4,4
70758,112,110,2,2
70759,131,121,10,10
70760,128,126,2,2
70761,125,118,7,7
70762,133,122,11,11
70763,159,142,17,17
70764,96,96,0,0
70765,85,89,-4,4
70766,103,101,2,2
70767,74,67,7,7
70768,139,136,3,3
70769,114,108,6,6
70770,35,43,-8,8
70771,56,58,-2,2
70772,85,89,-4,4
70773,111,94,17,17
70774,107,106,1,1
70775,138,134,4,4
70776,79,73,6,6
70777,89,86,3,3
70778,97,89,8,8
70779,88,81,7,7
70780,77,79,-2,2
70781,83,73,10,10
70782,138,136,2,2
70783,109,104,5,5
70784,58,66,-8,8
70785,65,70,-5,5
70786,97,99,-2,2
70787,95,103,-8,8
70788,93,88,5,5
70789,80,83,-3,3
70790,88,77,11,11
70791,104,106,-2,2
70792,72,76,-4,4
70793,75,73,2,2
70794,88,87,1,1
70795,104,109,-5,5
70796,70,72,-2,2
70797,83,87,-4,4
70798,108,95,13,13
70799,84,79,5,5
70800,91,92,-1,1
70801,115,110,5,5
70802,80,84,-4,4
70803,122,120,2,2
70804,116,109,7,7
70805,119,110,9,9
70806,105,96,9,9
70807,80,85,-5,5
70808,63,80,-17,17
70809,108,113,-5,5
70810,73,70,3,3
70811,116,115,1,1
70812,101,91,10,10
70813,78,79,-1,1
70814,137,134,3,3
70815,94,97,-3,3
70816,63,55,8,8
70817,122,129,-7,7
70818,145,134,11,11
70819,110,97,13,13
70820,86,81,5,5
70821,160,148,12,12
70822,149,134,15,15
70823,93,85,8,8
70824,77,67,10,10
70825,43,50,-7,7
70826,85,89,-4,4
70827,85,76,9,9
70828,71,69,2,2
70829,68,74,-6,6
70830,85,84,1,1
70831,74,79,-5,5
70832,152,159,-7,7
70833,161,144,17,17
70834,130,132,-2,2
70835,83,77,6,6
70836,102,99,3,3
70837,96,104,-8,8
70838,111,110,1,1
70839,41,48,-7,7
70840,54,60,-6,6
70841,119,113,6,6
70842,89,78,11,11
70843,105,91,14,14
70844,163,152,11,11
70845,102,93,9,9
70846,90,86,4,4
70847,52,66,-14,14
70848,61,59,2,2
70849,84,93,-9,9
70850,87,92,-5,5
70851,56,73,-17,17
70852,86,97,-11,11
70853,153,141,12,12
70854,130,113,17,17
70855,171,153,18,18
70856,81,81,0,0
70857,76,71,5,5
70858,82,87,-5,5
70859,114,118,-4,4
70860,103,102,1,1
70861,98,95,3,3
70862,130,122,8,8
70863,145,124,21,21
70864,66,81,-15,15
70865,136,108,28,28
70866,96,104,-8,8
70867,35,46,-11,11
70868,77,71,6,6
70869,108,95,13,13
70870,91,102,-11,11
70871,68,73,-5,5
70872,114,111,3,3
70873,38,45,-7,7
70874,123,98,25,25
70875,81,78,3,3
70876,96,86,10,10
70877,89,87,2,2
70878,129,137,-8,8
70879,93,91,2,2
70880,57,60,-3,3
70881,81,75,6,6
70882,137,122,15,15
70883,83,73,10,10
70884,97,93,4,4
70885,100,100,0,0
70886,83,84,-1,1
70887,94,84,10,10
70888,87,100,-13,13
70889,154,147,7,7
70890,126,106,20,20
70891,74,76,-2,2
70892,87,90,-3,3
70893,62,73,-11,11
70894,61,58,3,3
70895,94,83,11,11
70896,91,82,9,9
70897,67,67,0,0
70898,87,81,6,6
70899,58,66,-8,8
70900,126,116,10,10
70901,102,96,6,6
70902,97,96,1,1
70903,60,65,-5,5
70904,84,83,1,1
70905,168,130,38,38
70906,89,87,2,2
70907,60,62,-2,2
70908,99,95,4,4
70909,119,109,10,10
70910,90,89,1,1
70911,150,144,6,6
70912,95,90,5,5
70913,79,80,-1,1
70914,45,47,-2,2
70915,101,92,9,9
70916,123,114,9,9
70917,145,139,6,6
70918,56,59,-3,3
70919,83,80,3,3
70920,48,55,-7,7
70921,65,66,-1,1
70922,102,105,-3,3
70923,75,74,1,1
70924,194,196,-2,2
70925,55,61,-6,6
70926,61,62,-1,1
70927,97,89,8,8
70928,123,122,1,1
70929,47,54,-7,7
70930,99,109,-10,10
70931,88,85,3,3
70932,65,65,0,0
70933,71,73,-2,2
70934,140,132,8,8
70935,113,105,8,8
70936,70,75,-5,5
70937,123,118,5,5
70938,113,94,19,19
70939,170,149,21,21
70940,101,107,-6,6
70941,113,100,13,13
70942,102,95,7,7
70943,74,79,-5,5
70944,73,79,-6,6
70945,90,94,-4,4
70946,62,60,2,2
70947,104,118,-14,14
70948,119,114,5,5
70949,71,66,5,5
70950,129,132,-3,3
70951,48,54,-6,6
70952,149,149,0,0
70953,63,65,-2,2
70954,115,110,5,5
70955,110,109,1,1
70956,93,118,-25,25
70957,100,102,-2,2
70958,90,89,1,1
70959,46,52,-6,6
70960,126,114,12,12
70961,99,95,4,4
70962,65,64,1,1
70963,77,76,1,1
70964,70,66,4,4
70965,82,87,-5,5
70966,91,91,0,0
70967,142,131,11,11
70968,73,69,4,4
70969,146,129,17,17
70970,106,102,4,4
70971,185,178,7,7
70972,72,73,-1,1
70973,119,102,17,17
70974,56,60,-4,4
70975,110,97,13,13
70976,94,89,5,5
70977,79,86,-7,7
70978,50,49,1,1
70979,86,81,5,5
70980,73,72,1,1
70981,81,84,-3,3
70982,68,72,-4,4
70983,69,72,-3,3
70984,135,118,17,17
70985,162,129,33,33
70986,107,100,7,7
70987,74,79,-5,5
70988,61,66,-5,5
70989,101,87,14,14
70990,70,66,4,4
70991,101,117,-16,16
70992,61,63,-2,2
70993,103,96,7,7
70994,47,105,-58,58
70995,87,84,3,3
70996,73,73,0,0
70997,100,89,11,11
70998,97,83,14,14
70999,75,77,-2,2
71000,77,73,4,4
71001,59,57,2,2
71002,136,135,1,1
71003,44,48,-4,4
71004,149,134,15,15
71005,85,87,-2,2
71006,132,129,3,3
71007,54,62,-8,8
71008,98,88,10,10
71009,102,108,-6,6
71010,122,115,7,7
71011,70,68,2,2
71012,121,112,9,9
71013,86,84,2,2
71014,99,95,4,4
71015,71,68,3,3
71016,113,104,9,9
71017,100,94,6,6
71018,61,57,4,4
71019,69,74,-5,5
71020,103,110,-7,7
71021,122,136,-14,14
71022,90,84,6,6
71023,113,100,13,13
71024,99,106,-7,7
71025,100,87,13,13
71026,77,82,-5,5
71027,84,77,7,7
71028,101,93,8,8
71029,86,85,1,1
71030,43,46,-3,3
71031,73,77,-4,4
71032,128,118,10,10
71033,81,70,11,11
71034,67,59,8,8
71035,137,127,10,10
71036,77,74,3,3
71037,52,60,-8,8
71038,103,111,-8,8
71039,107,100,7,7
71040,101,94,7,7
71041,80,79,1,1
71042,114,109,5,5
71043,112,111,1,1
71044,118,99,19,19
71045,110,108,2,2
71046,88,82,6,6
71047,63,86,-23,23
71048,125,112,13,13
71049,126,107,19,19
71050,68,81,-13,13
71051,59,62,-3,3
71052,69,73,-4,4
71053,90,81,9,9
71054,108,106,2,2
71055,80,82,-2,2
71056,63,63,0,0
71057,52,53,-1,1
71058,72,78,-6,6
71059,76,79,-3,3
71060,92,87,5,5
71061,133,153,-20,20
71062,65,72,-7,7
71063,69,71,-2,2
71064,121,107,14,14
71065,92,84,8,8
71066,67,71,-4,4
71067,134,126,8,8
71068,81,74,7,7
71069,68,79,-11,11
71070,67,70,-3,3
71071,52,55,-3,3
71072,107,102,5,5
71073,120,112,8,8
71074,133,127,6,6
71075,150,127,23,23
71076,124,134,-10,10
71077,86,84,2,2
71078,29,42,-13,13
71079,170,149,21,21
71080,88,86,2,2
71081,158,141,17,17
71082,58,57,1,1
71083,129,120,9,9
71084,94,89,5,5
71085,116,113,3,3
71086,159,146,13,13
71087,86,78,8,8
71088,174,174,0,0
71089,104,94,10,10
71090,90,81,9,9
71091,101,94,7,7
71092,107,109,-2,2
71093,133,117,16,16
71094,70,68,2,2
71095,100,97,3,3
71096,174,166,8,8
71097,41,45,-4,4
71098,85,83,2,2
71099,76,74,2,2
71100,73,76,-3,3
71101,131,124,7,7
71102,83,81,2,2
71103,88,92,-4,4
71104,128,125,3,3
71105,86,85,1,1
71106,163,154,9,9
71107,104,101,3,3
71108,50,53,-3,3
71109,114,95,19,19
71110,108,105,3,3
71111,72,76,-4,4
71112,63,67,-4,4
71113,51,55,-4,4
71114,94,89,5,5
71115,76,69,7,7
71116,39,43,-4,4
71117,100,99,1,1
71118,64,66,-2,2
71119,87,84,3,3
71120,112,103,9,9
71121,105,103,2,2
71122,84,88,-4,4
71123,135,123,12,12
71124,66,64,2,2
71125,164,151,13,13
71126,53,59,-6,6
71127,131,113,18,18
71128,97,93,4,4
71129,44,54,-10,10
71130,85,86,-1,1
71131,58,54,4,4
71132,105,111,-6,6
71133,51,52,-1,1
71134,67,68,-1,1
71135,82,88,-6,6
71136,100,90,10,10
71137,154,132,22,22
71138,89,93,-4,4
71139,88,82,6,6
71140,104,84,20,20
71141,82,74,8,8
71142,97,93,4,4
71143,87,99,-12,12
71144,71,61,10,10
71145,87,88,-1,1
71146,71,72,-1,1
71147,168,154,14,14
71148,124,110,14,14
71149,75,68,7,7
71150,137,103,34,34
71151,131,120,11,11
71152,161,161,0,0
71153,80,78,2,2
71154,109,105,4,4
71155,65,65,0,0
71156,152,148,4,4
71157,120,110,10,10
71158,116,113,3,3
71159,82,97,-15,15
71160,214,187,27,27
71161,75,73,2,2
71162,95,84,11,11
71163,120,108,12,12
71164,126,123,3,3
71165,112,104,8,8
71166,115,123,-8,8
71167,94,88,6,6
71168,84,83,1,1
71169,99,97,2,2
71170,69,65,4,4
71171,62,57,5,5
71172,106,103,3,3
71173,110,100,10,10
71174,78,78,0,0
71175,161,183,-22,22
71176,140,99,41,41
71177,83,96,-13,13
71178,110,97,13,13
71179,50,56,-6,6
71180,160,144,16,16
71181,93,84,9,9
71182,161,155,6,6
71183,37,46,-9,9
71184,58,51,7,7
71185,109,119,-10,10
71186,99,100,-1,1
71187,124,142,-18,18
71188,65,65,0,0
71189,113,105,8,8
71190,114,119,-5,5
71191,127,112,15,15
71192,99,89,10,10
71193,83,77,6,6
71194,74,77,-3,3
71195,112,115,-3,3
71196,76,74,2,2
71197,86,80,6,6
71198,59,67,-8,8
71199,185,155,30,30
71200,113,89,24,24
71201,90,87,3,3
71202,60,66,-6,6
71203,136,114,22,22
71204,94,93,1,1
71205,100,92,8,8
71206,93,88,5,5
71207,80,79,1,1
71208,138,118,20,20
71209,123,116,7,7
71210,84,84,0,0
71211,96,97,-1,1
71212,123,115,8,8
71213,46,86,-40,40
71214,54,55,-1,1
71215,135,128,7,7
71216,135,118,17,17
71217,79,79,0,0
71218,127,114,13,13
71219,75,77,-2,2
71220,43,66,-23,23
71221,107,87,20,20
71222,86,78,8,8
71223,114,114,0,0
71224,56,52,4,4
71225,80,76,4,4
71226,86,82,4,4
71227,62,56,6,6
71228,78,69,9,9
71229,158,155,3,3
71230,96,113,-17,17
71231,88,85,3,3
71232,62,59,3,3
71233,116,103,13,13
71234,103,107,-4,4
71235,108,117,-9,9
71236,96,94,2,2
71237,65,68,-3,3
71238,64,70,-6,6
71239,136,121,15,15
71240,92,96,-4,4
71241,66,59,7,7
71242,106,103,3,3
71243,168,151,17,17
71244,91,88,3,3
71245,90,94,-4,4
71246,83,82,1,1
71247,198,181,17,17
71248,98,97,1,1
71249,116,93,23,23
71250,77,82,-5,5
71251,95,89,6,6
71252,113,108,5,5
71253,102,93,9,9
71254,54,53,1,1
71255,138,140,-2,2
71256,76,76,0,0
71257,58,54,4,4
71258,74,71,3,3
71259,93,91,2,2
71260,56,77,-21,21
71261,139,139,0,0
71262,169,163,6,6
71263,131,125,6,6
71264,64,48,16,16
71265,89,94,-5,5
71266,111,101,10,10
71267,149,137,12,12
71268,86,81,5,5
71269,67,99,-32,32
71270,54,53,1,1
71271,47,56,-9,9
71272,43,49,-6,6
71273,90,90,0,0
71274,139,121,18,18
71275,62,66,-4,4
71276,67,78,-11,11
71277,75,81,-6,6
71278,87,83,4,4
71279,82,80,2,2
71280,41,49,-8,8
71281,86,90,-4,4
71282,151,134,17,17
71283,87,83,4,4
71284,107,102,5,5
71285,67,66,1,1
71286,90,98,-8,8
71287,133,125,8,8
71288,42,46,-4,4
71289,124,110,14,14
71290,66,66,0,0
71291,74,75,-1,1
71292,54,53,1,1
71293,123,112,11,11
71294,137,132,5,5
71295,67,63,4,4
71296,113,113,0,0
71297,103,92,11,11
71298,161,140,21,21
71299,114,105,9,9
71300,112,121,-9,9
71301,103,100,3,3
71302,112,109,3,3
71303,123,124,-1,1
71304,65,67,-2,2
71305,97,89,8,8
71306,68,63,5,5
71307,69,70,-1,1
71308,69,67,2,2
71309,143,128,15,15
71310,107,100,7,7
71311,59,82,-23,23
71312,125,115,10,10
71313,57,66,-9,9
71314,108,108,0,0
71315,86,88,-2,2
71316,98,93,5,5
71317,82,80,2,2
71318,87,116,-29,29
71319,65,67,-2,2
71320,96,86,10,10
71321,60,56,4,4
71322,77,77,0,0
71323,81,78,3,3
71324,147,138,9,9
71325,75,67,8,8
71326,75,69,6,6
71327,85,92,-7,7
71328,94,91,3,3
71329,158,155,3,3
71330,103,81,22,22
71331,125,111,14,14
71332,119,140,-21,21
71333,109,103,6,6
71334,64,62,2,2
71335,74,76,-2,2
71336,33,39,-6,6
71337,104,95,9,9
71338,73,80,-7,7
71339,148,120,28,28
71340,57,65,-8,8
71341,62,62,0,0
71342,143,133,10,10
71343,96,106,-10,10
71344,61,65,-4,4
71345,126,119,7,7
71346,66,83,-17,17
71347,97,96,1,1
71348,58,62,-4,4
71349,85,87,-2,2
71350,207,178,29,29
71351,114,106,8,8
71352,105,97,8,8
71353,92,93,-1,1
71354,80,76,4,4
71355,97,102,-5,5
71356,93,92,1,1
71357,55,57,-2,2
71358,89,83,6,6
71359,116,108,8,8
71360,98,97,1,1
71361,79,73,6,6
71362,127,125,2,2
71363,112,99,13,13
71364,131,110,21,21
71365,92,91,1,1
71366,81,76,5,5
71367,236,209,27,27
71368,110,119,-9,9
71369,66,74,-8,8
71370,100,105,-5,5
71371,98,98,0,0
71372,118,104,14,14
71373,91,92,-1,1
71374,162,139,23,23
71375,77,75,2,2
71376,67,68,-1,1
71377,131,120,11,11
71378,103,102,1,1
71379,57,65,-8,8
71380,93,82,11,11
71381,72,76,-4,4
71382,67,52,15,15
71383,49,62,-13,13
71384,72,70,2,2
71385,56,54,2,2
71386,154,165,-11,11
71387,72,80,-8,8
71388,44,51,-7,7
71389,97,97,0,0
71390,173,139,34,34
71391,151,137,14,14
71392,92,83,9,9
71393,41,57,-16,16
71394,101,105,-4,4
71395,151,130,21,21
71396,112,99,13,13
71397,82,80,2,2
71398,147,133,14,14
71399,104,85,19,19
71400,156,138,18,18
71401,69,67,2,2
71402,88,88,0,0
71403,49,55,-6,6
71404,72,72,0,0
71405,87,86,1,1
71406,83,78,5,5
71407,78,70,8,8
71408,109,106,3,3
71409,118,123,-5,5
71410,146,191,-45,45
71411,95,85,10,10
71412,139,125,14,14
71413,112,113,-1,1
71414,74,80,-6,6
71415,101,102,-1,1
71416,69,70,-1,1
71417,60,65,-5,5
71418,52,53,-1,1
71419,70,75,-5,5
71420,52,54,-2,2
71421,93,94,-1,1
71422,75,79,-4,4
71423,50,66,-16,16
71424,64,68,-4,4
71425,167,145,22,22
71426,59,64,-5,5
71427,117,114,3,3
71428,97,97,0,0
71429,93,97,-4,4
71430,70,73,-3,3
71431,91,85,6,6
71432,52,55,-3,3
71433,97,97,0,0
71434,66,54,12,12
71435,91,89,2,2
71436,72,107,-35,35
71437,113,104,9,9
71438,91,87,4,4
71439,50,64,-14,14
71440,85,94,-9,9
71441,167,158,9,9
71442,78,81,-3,3
71443,149,138,11,11
71444,102,92,10,10
71445,116,112,4,4
71446,69,76,-7,7
71447,63,63,0,0
71448,108,110,-2,2
71449,81,77,4,4
71450,82,80,2,2
71451,113,109,4,4
71452,83,83,0,0
71453,97,87,10,10
71454,78,91,-13,13
71455,102,101,1,1
71456,109,106,3,3
71457,64,74,-10,10
71458,98,97,1,1
71459,156,132,24,24
71460,126,119,7,7
71461,90,86,4,4
71462,122,115,7,7
71463,67,74,-7,7
71464,60,61,-1,1
71465,60,66,-6,6
71466,73,69,4,4
71467,135,134,1,1
71468,116,107,9,9
71469,92,89,3,3
71470,116,111,5,5
71471,76,72,4,4
71472,137,128,9,9
71473,38,48,-10,10
71474,212,185,27,27
71475,115,106,9,9
71476,170,157,13,13
71477,140,151,-11,11
71478,194,156,38,38
71479,119,108,11,11
71480,46,51,-5,5
71481,67,66,1,1
71482,114,107,7,7
71483,107,119,-12,12
71484,83,92,-9,9
71485,103,95,8,8
71486,75,82,-7,7
71487,117,143,-26,26
71488,59,55,4,4
71489,68,90,-22,22
71490,117,118,-1,1
71491,142,126,16,16
71492,50,48,2,2
71493,72,73,-1,1
71494,114,124,-10,10
71495,161,152,9,9
71496,104,97,7,7
71497,241,218,23,23
71498,72,73,-1,1
71499,89,92,-3,3
71500,76,76,0,0
71501,97,95,2,2
71502,93,85,8,8
71503,73,66,7,7
71504,67,57,10,10
71505,89,89,0,0
71506,91,91,0,0
71507,112,111,1,1
71508,156,155,1,1
71509,59,66,-7,7
71510,71,77,-6,6
71511,35,44,-9,9
71512,60,59,1,1
71513,151,150,1,1
71514,83,85,-2,2
71515,114,115,-1,1
71516,66,63,3,3
71517,68,73,-5,5
71518,128,118,10,10
71519,168,138,30,30
71520,84,82,2,2
71521,87,86,1,1
71522,94,89,5,5
71523,44,54,-10,10
71524,93,96,-3,3
71525,135,120,15,15
71526,80,76,4,4
71527,105,91,14,14
71528,86,88,-2,2
71529,115,111,4,4
71530,183,163,20,20
71531,120,109,11,11
71532,25,40,-15,15
71533,53,56,-3,3
71534,131,113,18,18
71535,164,150,14,14
71536,74,73,1,1
71537,125,111,14,14
71538,91,92,-1,1
71539,106,92,14,14
71540,95,91,4,4
71541,75,69,6,6
71542,114,103,11,11
71543,70,65,5,5
71544,89,84,5,5
71545,37,40,-3,3
71546,90,85,5,5
71547,60,66,-6,6
71548,106,105,1,1
71549,59,67,-8,8
71550,114,118,-4,4
71551,69,66,3,3
71552,96,94,2,2
71553,90,85,5,5
71554,132,134,-2,2
71555,117,115,2,2
71556,78,81,-3,3
71557,63,71,-8,8
71558,96,101,-5,5
71559,132,101,31,31
71560,83,79,4,4
71561,114,106,8,8
71562,109,101,8,8
71563,97,86,11,11
71564,81,82,-1,1
71565,95,93,2,2
71566,82,81,1,1
71567,127,126,1,1
71568,108,107,1,1
71569,91,101,-10,10
71570,87,81,6,6
71571,92,86,6,6
71572,165,151,14,14
71573,85,82,3,3
71574,50,58,-8,8
71575,62,57,5,5
71576,97,95,2,2
71577,87,87,0,0
71578,66,62,4,4
71579,76,73,3,3
71580,75,78,-3,3
71581,172,161,11,11
71582,45,51,-6,6
71583,86,91,-5,5
71584,73,82,-9,9
71585,189,162,27,27
71586,65,70,-5,5
71587,76,75,1,1
71588,95,95,0,0
71589,95,87,8,8
71590,87,84,3,3
71591,108,101,7,7
71592,91,81,10,10
71593,69,80,-11,11
71594,141,142,-1,1
71595,75,75,0,0
71596,82,86,-4,4
71597,55,54,1,1
71598,55,67,-12,12
71599,121,113,8,8
71600,55,54,1,1
71601,131,115,16,16
71602,111,101,10,10
71603,52,63,-11,11
71604,141,127,14,14
71605,82,85,-3,3
71606,49,52,-3,3
71607,67,78,-11,11
71608,65,65,0,0
71609,116,113,3,3
71610,112,109,3,3
71611,117,108,9,9
71612,137,128,9,9
71613,95,99,-4,4
71614,59,65,-6,6
71615,84,94,-10,10
71616,89,77,12,12
71617,137,132,5,5
71618,194,156,38,38
71619,144,125,19,19
71620,106,92,14,14
71621,122,105,17,17
71622,67,74,-7,7
71623,104,104,0,0
71624,114,110,4,4
71625,84,91,-7,7
71626,49,64,-15,15
71627,232,178,54,54
71628,79,76,3,3
71629,101,104,-3,3
71630,105,98,7,7
71631,104,102,2,2
71632,221,184,37,37
71633,124,104,20,20
71634,154,138,16,16
71635,110,104,6,6
71636,75,76,-1,1
71637,175,158,17,17
71638,162,158,4,4
71639,169,145,24,24
71640,82,97,-15,15
71641,69,70,-1,1
71642,63,65,-2,2
71643,101,103,-2,2
71644,59,55,4,4
71645,123,118,5,5
71646,105,104,1,1
71647,99,88,11,11
71648,58,65,-7,7
71649,103,96,7,7
71650,77,82,-5,5
71651,64,58,6,6
71652,49,49,0,0
71653,96,89,7,7
71654,78,80,-2,2
71655,124,126,-2,2
71656,66,90,-24,24
71657,163,147,16,16
71658,140,144,-4,4
71659,77,78,-1,1
71660,55,67,-12,12
71661,64,62,2,2
71662,73,76,-3,3
71663,86,85,1,1
71664,87,86,1,1
71665,80,81,-1,1
71666,74,79,-5,5
71667,69,63,6,6
71668,118,115,3,3
71669,74,77,-3,3
71670,162,151,11,11
71671,63,71,-8,8
71672,88,83,5,5
71673,105,102,3,3
71674,70,58,12,12
71675,86,88,-2,2
71676,82,80,2,2
71677,181,175,6,6
71678,60,62,-2,2
71679,139,131,8,8
71680,45,42,3,3
71681,84,86,-2,2
71682,87,81,6,6
71683,94,84,10,10
71684,94,89,5,5
71685,102,121,-19,19
71686,82,82,0,0
71687,102,88,14,14
71688,51,52,-1,1
71689,91,90,1,1
71690,92,89,3,3
71691,119,114,5,5
71692,98,99,-1,1
71693,92,83,9,9
71694,144,133,11,11
71695,117,118,-1,1
71696,61,56,5,5
71697,55,49,6,6
71698,89,84,5,5
71699,83,83,0,0
71700,122,106,16,16
71701,101,102,-1,1
71702,71,74,-3,3
71703,183,175,8,8
71704,79,82,-3,3
71705,68,81,-13,13
71706,124,115,9,9
71707,96,89,7,7
71708,82,79,3,3
71709,99,101,-2,2
71710,145,124,21,21
71711,143,136,7,7
71712,131,130,1,1
71713,83,80,3,3
71714,118,128,-10,10
71715,65,71,-6,6
71716,52,62,-10,10
71717,78,74,4,4
71718,76,74,2,2
71719,142,127,15,15
71720,90,83,7,7
71721,64,68,-4,4
71722,70,67,3,3
71723,81,86,-5,5
71724,155,144,11,11
71725,94,108,-14,14
71726,64,66,-2,2
71727,83,80,3,3
71728,112,101,11,11
71729,112,96,16,16
71730,132,123,9,9
71731,84,77,7,7
71732,63,66,-3,3
71733,78,85,-7,7
71734,143,129,14,14
71735,71,75,-4,4
71736,94,90,4,4
71737,75,76,-1,1
71738,54,66,-12,12
71739,81,72,9,9
71740,72,78,-6,6
71741,95,89,6,6
71742,136,122,14,14
71743,89,82,7,7
71744,66,74,-8,8
71745,95,88,7,7
71746,85,81,4,4
71747,114,108,6,6
71748,70,66,4,4
71749,70,85,-15,15
71750,115,114,1,1
71751,139,132,7,7
71752,104,96,8,8
71753,65,66,-1,1
71754,145,129,16,16
71755,108,101,7,7
71756,81,84,-3,3
71757,85,74,11,11
71758,59,67,-8,8
71759,146,151,-5,5
71760,89,99,-10,10
71761,94,91,3,3
71762,82,79,3,3
71763,58,65,-7,7
71764,78,78,0,0
71765,92,81,11,11
71766,65,66,-1,1
71767,100,92,8,8
71768,126,116,10,10
71769,115,106,9,9
71770,64,60,4,4
71771,67,73,-6,6
71772,114,101,13,13
71773,73,73,0,0
71774,86,81,5,5
71775,92,83,9,9
71776,393,339,54,54
71777,121,132,-11,11
71778,77,82,-5,5
71779,106,90,16,16
71780,81,79,2,2
71781,99,88,11,11
71782,150,145,5,5
71783,98,97,1,1
71784,107,108,-1,1
71785,59,54,5,5
71786,53,48,5,5
71787,99,92,7,7
71788,138,132,6,6
71789,58,64,-6,6
71790,85,81,4,4
71791,129,120,9,9
71792,60,62,-2,2
71793,67,65,2,2
71794,107,96,11,11
71795,42,50,-8,8
71796,73,72,1,1
71797,81,88,-7,7
71798,154,124,30,30
71799,84,76,8,8
71800,67,72,-5,5
71801,62,59,3,3
71802,93,85,8,8
71803,119,112,7,7
71804,112,104,8,8
71805,146,133,13,13
71806,45,48,-3,3
71807,127,118,9,9
71808,87,83,4,4
71809,122,114,8,8
71810,83,77,6,6
71811,116,108,8,8
71812,95,97,-2,2
71813,101,101,0,0
71814,132,124,8,8
71815,116,105,11,11
71816,79,72,7,7
71817,94,89,5,5
71818,131,118,13,13
71819,61,63,-2,2
71820,66,65,1,1
71821,78,81,-3,3
71822,145,150,-5,5
71823,166,156,10,10
71824,88,80,8,8
71825,99,90,9,9
71826,85,86,-1,1
71827,62,65,-3,3
71828,85,86,-1,1
71829,103,99,4,4
71830,123,143,-20,20
71831,43,53,-10,10
71832,89,92,-3,3
71833,61,66,-5,5
71834,65,67,-2,2
71835,81,79,2,2
71836,77,74,3,3
71837,118,110,8,8
71838,53,51,2,2
71839,90,79,11,11
71840,101,112,-11,11
71841,88,86,2,2
71842,136,128,8,8
71843,142,133,9,9
71844,79,74,5,5
71845,124,118,6,6
71846,69,69,0,0
71847,55,59,-4,4
71848,84,86,-2,2
71849,34,44,-10,10
71850,86,79,7,7
71851,67,69,-2,2
71852,234,201,33,33
71853,175,166,9,9
71854,50,48,2,2
71855,75,67,8,8
71856,61,66,-5,5
71857,103,96,7,7
71858,59,55,4,4
71859,83,91,-8,8
71860,50,48,2,2
71861,89,86,3,3
71862,65,74,-9,9
71863,140,117,23,23
71864,158,149,9,9
71865,113,118,-5,5
71866,118,118,0,0
71867,172,146,26,26
71868,119,118,1,1
71869,106,103,3,3
71870,146,141,5,5
71871,72,75,-3,3
71872,84,80,4,4
71873,78,81,-3,3
71874,58,54,4,4
71875,85,75,10,10
71876,137,123,14,14
71877,86,110,-24,24
71878,78,73,5,5
71879,88,89,-1,1
71880,108,95,13,13
71881,104,93,11,11
71882,77,88,-11,11
71883,101,99,2,2
71884,109,101,8,8
71885,84,82,2,2
71886,70,65,5,5
71887,134,136,-2,2
71888,51,50,1,1
71889,128,125,3,3
71890,103,112,-9,9
71891,76,77,-1,1
71892,101,110,-9,9
71893,92,91,1,1
71894,72,76,-4,4
71895,68,73,-5,5
71896,84,86,-2,2
71897,88,86,2,2
71898,119,122,-3,3
71899,56,53,3,3
71900,31,41,-10,10
71901,91,90,1,1
71902,163,150,13,13
71903,124,109,15,15
71904,71,67,4,4
71905,101,91,10,10
71906,112,140,-28,28
71907,103,99,4,4
71908,74,70,4,4
71909,57,60,-3,3
71910,137,132,5,5
71911,124,107,17,17
71912,77,89,-12,12
71913,83,83,0,0
71914,66,81,-15,15
71915,110,99,11,11
71916,65,70,-5,5
71917,98,99,-1,1
71918,87,83,4,4
71919,90,81,9,9
71920,140,133,7,7
71921,116,110,6,6
71922,128,115,13,13
71923,73,68,5,5
71924,155,175,-20,20
71925,96,102,-6,6
71926,115,115,0,0
71927,63,65,-2,2
71928,57,52,5,5
71929,113,118,-5,5
71930,104,95,9,9
71931,53,59,-6,6
71932,62,65,-3,3
71933,53,56,-3,3
71934,71,65,6,6
71935,76,75,1,1
71936,117,109,8,8
71937,57,65,-8,8
71938,79,69,10,10
71939,69,83,-14,14
71940,78,74,4,4
71941,40,63,-23,23
71942,58,72,-14,14
71943,105,96,9,9
71944,87,99,-12,12
71945,118,99,19,19
71946,101,110,-9,9
71947,32,43,-11,11
71948,75,77,-2,2
71949,112,107,5,5
71950,112,98,14,14
71951,124,127,-3,3
71952,68,69,-1,1
71953,72,68,4,4
71954,52,52,0,0
71955,84,80,4,4
71956,78,75,3,3
71957,106,85,21,21
71958,126,122,4,4
71959,103,102,1,1
71960,110,100,10,10
71961,91,82,9,9
71962,149,132,17,17
71963,55,53,2,2
71964,113,104,9,9
71965,72,69,3,3
71966,79,80,-1,1
71967,125,120,5,5
71968,126,111,15,15
71969,156,153,3,3
71970,69,69,0,0
71971,59,48,11,11
71972,92,108,-16,16
71973,65,68,-3,3
71974,94,93,1,1
71975,76,86,-10,10
71976,145,136,9,9
71977,141,135,6,6
71978,71,73,-2,2
71979,91,91,0,0
71980,56,66,-10,10
71981,107,110,-3,3
71982,73,66,7,7
71983,120,130,-10,10
71984,109,73,36,36
71985,125,113,12,12
71986,80,79,1,1
71987,55,58,-3,3
71988,92,91,1,1
71989,125,116,9,9
71990,74,73,1,1
71991,65,76,-11,11
71992,85,85,0,0
71993,41,46,-5,5
71994,73,82,-9,9
71995,133,97,36,36
71996,48,49,-1,1
71997,81,76,5,5
71998,109,116,-7,7
71999,98,94,4,4
72000,123,113,10,10
72001,103,104,-1,1
72002,79,79,0,0
72003,60,69,-9,9
72004,93,94,-1,1
72005,162,130,32,32
72006,121,111,10,10
72007,113,118,-5,5
72008,64,68,-4,4
72009,61,65,-4,4
72010,110,103,7,7
72011,106,99,7,7
72012,111,101,10,10
72013,72,82,-10,10
72014,50,48,2,2
72015,58,50,8,8
72016,112,116,-4,4
72017,86,95,-9,9
72018,77,73,4,4
72019,116,109,7,7
72020,77,78,-1,1
72021,156,135,21,21
72022,94,99,-5,5
72023,152,135,17,17
72024,153,144,9,9
72025,91,91,0,0
72026,114,103,11,11
72027,54,58,-4,4
72028,68,65,3,3
72029,108,128,-20,20
72030,144,134,10,10
72031,122,109,13,13
72032,94,94,0,0
72033,100,90,10,10
72034,63,68,-5,5
72035,109,100,9,9
72036,92,81,11,11
72037,104,96,8,8
72038,80,70,10,10
72039,83,81,2,2
72040,115,113,2,2
72041,149,148,1,1
72042,111,111,0,0
72043,64,73,-9,9
72044,117,104,13,13
72045,68,70,-2,2
72046,98,88,10,10
72047,58,64,-6,6
72048,109,96,13,13
72049,84,79,5,5
72050,59,67,-8,8
72051,122,106,16,16
72052,67,72,-5,5
72053,74,65,9,9
72054,65,68,-3,3
72055,95,86,9,9
72056,90,89,1,1
72057,71,69,2,2
72058,46,46,0,0
72059,37,66,-29,29
72060,128,114,14,14
72061,110,105,5,5
72062,98,100,-2,2
72063,55,52,3,3
72064,118,104,14,14
72065,28,40,-12,12
72066,164,152,12,12
72067,97,99,-2,2
72068,149,130,19,19
72069,100,91,9,9
72070,102,104,-2,2
72071,99,95,4,4
72072,170,143,27,27
72073,124,123,1,1
72074,109,115,-6,6
72075,146,130,16,16
72076,170,166,4,4
72077,85,65,20,20
72078,106,97,9,9
72079,96,96,0,0
72080,105,100,5,5
72081,116,105,11,11
72082,61,66,-5,5
72083,114,108,6,6
72084,105,102,3,3
72085,163,165,-2,2
72086,50,53,-3,3
72087,141,118,23,23
72088,79,84,-5,5
72089,129,117,12,12
72090,82,79,3,3
72091,61,62,-1,1
72092,69,70,-1,1
72093,62,74,-12,12
72094,93,90,3,3
72095,92,93,-1,1
72096,91,101,-10,10
72097,45,47,-2,2
72098,167,152,15,15
72099,71,71,0,0
72100,43,48,-5,5
72101,122,118,4,4
72102,73,65,8,8
72103,99,91,8,8
72104,82,76,6,6
72105,119,104,15,15
72106,135,120,15,15
72107,46,46,0,0
72108,102,94,8,8
72109,66,65,1,1
72110,159,156,3,3
72111,93,86,7,7
72112,93,83,10,10
72113,71,66,5,5
72114,106,85,21,21
72115,99,90,9,9
72116,145,152,-7,7
72117,102,110,-8,8
72118,146,139,7,7
72119,129,120,9,9
72120,105,112,-7,7
72121,119,106,13,13
72122,49,52,-3,3
72123,114,104,10,10
72124,137,132,5,5
72125,84,85,-1,1
72126,63,65,-2,2
72127,120,107,13,13
72128,63,57,6,6
72129,153,133,20,20
72130,73,84,-11,11
72131,110,97,13,13
72132,178,165,13,13
72133,73,96,-23,23
72134,80,71,9,9
72135,98,94,4,4
72136,122,117,5,5
72137,122,117,5,5
72138,95,93,2,2
72139,100,102,-2,2
72140,107,109,-2,2
72141,86,75,11,11
72142,62,59,3,3
72143,77,77,0,0
72144,49,54,-5,5
72145,68,73,-5,5
72146,25,36,-11,11
72147,83,75,8,8
72148,54,47,7,7
72149,122,118,4,4
72150,115,112,3,3
72151,92,83,9,9
72152,120,127,-7,7
72153,161,148,13,13
72154,100,98,2,2
72155,127,123,4,4
72156,56,61,-5,5
72157,120,111,9,9
72158,319,269,50,50
72159,161,143,18,18
72160,120,108,12,12
72161,119,101,18,18
72162,119,104,15,15
72163,155,129,26,26
72164,90,94,-4,4
72165,43,51,-8,8
72166,67,62,5,5
72167,75,66,9,9
72168,86,81,5,5
72169,107,98,9,9
72170,109,104,5,5
72171,105,110,-5,5
72172,120,121,-1,1
72173,57,61,-4,4
72174,81,82,-1,1
72175,114,106,8,8
72176,101,93,8,8
72177,104,89,15,15
72178,105,92,13,13
72179,93,92,1,1
72180,117,105,12,12
72181,93,84,9,9
72182,60,62,-2,2
72183,81,64,17,17
72184,96,90,6,6
72185,99,100,-1,1
72186,88,82,6,6
72187,113,110,3,3
72188,91,93,-2,2
72189,142,128,14,14
72190,95,97,-2,2
72191,79,81,-2,2
72192,80,91,-11,11
72193,54,53,1,1
72194,124,108,16,16
72195,86,92,-6,6
72196,154,128,26,26
72197,77,80,-3,3
72198,129,107,22,22
72199,196,164,32,32
72200,78,80,-2,2
72201,63,70,-7,7
72202,176,158,18,18
72203,102,99,3,3
72204,102,103,-1,1
72205,92,87,5,5
72206,145,130,15,15
72207,64,65,-1,1
72208,100,90,10,10
72209,96,107,-11,11
72210,96,83,13,13
72211,51,52,-1,1
72212,61,76,-15,15
72213,129,120,9,9
72214,196,175,21,21
72215,61,64,-3,3
72216,86,85,1,1
72217,69,79,-10,10
72218,121,106,15,15
72219,87,93,-6,6
72220,105,91,14,14
72221,67,81,-14,14
72222,71,87,-16,16
72223,165,147,18,18
72224,132,125,7,7
72225,171,158,13,13
72226,81,76,5,5
72227,142,135,7,7
72228,75,75,0,0
72229,102,92,10,10
72230,86,87,-1,1
72231,136,124,12,12
72232,63,61,2,2
72233,122,120,2,2
72234,89,93,-4,4
72235,97,99,-2,2
72236,67,68,-1,1
72237,105,101,4,4
72238,64,68,-4,4
72239,85,95,-10,10
72240,99,101,-2,2
72241,80,68,12,12
72242,115,105,10,10
72243,65,67,-2,2
72244,104,90,14,14
72245,115,107,8,8
72246,147,139,8,8
72247,105,102,3,3
72248,141,135,6,6
72249,163,151,12,12
72250,129,117,12,12
72251,90,88,2,2
72252,73,78,-5,5
72253,101,89,12,12
72254,103,101,2,2
72255,53,60,-7,7
72256,67,73,-6,6
72257,78,81,-3,3
72258,75,71,4,4
72259,76,77,-1,1
72260,105,99,6,6
72261,103,91,12,12
72262,108,111,-3,3
72263,154,133,21,21
72264,84,86,-2,2
72265,125,116,9,9
72266,71,70,1,1
72267,84,88,-4,4
72268,81,78,3,3
72269,95,92,3,3
72270,249,206,43,43
72271,101,98,3,3
72272,69,69,0,0
72273,109,110,-1,1
72274,76,75,1,1
72275,92,91,1,1
72276,56,63,-7,7
72277,85,92,-7,7
72278,51,55,-4,4
72279,117,102,15,15
72280,74,74,0,0
72281,184,159,25,25
72282,82,85,-3,3
72283,93,97,-4,4
72284,87,79,8,8
72285,56,57,-1,1
72286,65,60,5,5
72287,95,85,10,10
72288,112,115,-3,3
72289,110,110,0,0
72290,137,129,8,8
72291,73,77,-4,4
72292,128,118,10,10
72293,99,85,14,14
72294,133,126,7,7
72295,109,103,6,6
72296,74,84,-10,10
72297,99,87,12,12
72298,23,37,-14,14
72299,87,94,-7,7
72300,175,159,16,16
72301,71,77,-6,6
72302,64,71,-7,7
72303,74,82,-8,8
72304,127,120,7,7
72305,136,136,0,0
72306,114,107,7,7
72307,143,135,8,8
72308,115,108,7,7
72309,83,91,-8,8
72310,118,111,7,7
72311,64,65,-1,1
72312,94,92,2,2
72313,69,61,8,8
72314,142,131,11,11
72315,75,70,5,5
72316,58,60,-2,2
72317,19,34,-15,15
72318,83,85,-2,2
72319,59,61,-2,2
72320,99,98,1,1
72321,69,75,-6,6
72322,95,86,9,9
72323,248,201,47,47
72324,129,118,11,11
72325,45,49,-4,4
72326,129,125,4,4
72327,99,91,8,8
72328,98,95,3,3
72329,115,115,0,0
72330,136,131,5,5
72331,111,99,12,12
72332,98,99,-1,1
72333,85,89,-4,4
72334,141,133,8,8
72335,94,100,-6,6
72336,94,94,0,0
72337,112,117,-5,5
72338,107,101,6,6
72339,127,123,4,4
72340,113,99,14,14
72341,131,107,24,24
72342,69,76,-7,7
72343,51,55,-4,4
72344,148,135,13,13
72345,79,68,11,11
72346,108,106,2,2
72347,105,111,-6,6
72348,82,96,-14,14
72349,152,154,-2,2
72350,77,79,-2,2
72351,96,105,-9,9
72352,118,127,-9,9
72353,176,163,13,13
72354,161,160,1,1
72355,74,68,6,6
72356,89,97,-8,8
72357,126,131,-5,5
72358,105,99,6,6
72359,102,100,2,2
72360,74,83,-9,9
72361,122,110,12,12
72362,80,81,-1,1
72363,75,74,1,1
72364,148,141,7,7
72365,129,123,6,6
72366,68,66,2,2
72367,74,85,-11,11
72368,96,83,13,13
72369,88,81,7,7
72370,53,70,-17,17
72371,79,78,1,1
72372,78,76,2,2
72373,69,72,-3,3
72374,134,117,17,17
72375,77,73,4,4
72376,144,123,21,21
72377,102,102,0,0
72378,112,116,-4,4
72379,122,114,8,8
72380,87,85,2,2
72381,111,113,-2,2
72382,102,104,-2,2
72383,73,75,-2,2
72384,86,84,2,2
72385,74,74,0,0
72386,132,118,14,14
72387,128,125,3,3
72388,130,119,11,11
72389,62,63,-1,1
72390,44,50,-6,6
72391,78,81,-3,3
72392,95,91,4,4
72393,95,83,12,12
72394,116,111,5,5
72395,80,81,-1,1
72396,57,58,-1,1
72397,84,98,-14,14
72398,122,111,11,11
72399,115,116,-1,1
72400,185,154,31,31
72401,144,118,26,26
72402,54,61,-7,7
72403,125,120,5,5
72404,107,108,-1,1
72405,140,141,-1,1
72406,59,64,-5,5
72407,64,67,-3,3
72408,83,84,-1,1
72409,56,54,2,2
72410,79,71,8,8
72411,58,57,1,1
72412,92,94,-2,2
72413,138,133,5,5
72414,110,102,8,8
72415,197,174,23,23
72416,102,95,7,7
72417,75,72,3,3
72418,127,112,15,15
72419,95,97,-2,2
72420,64,57,7,7
72421,68,76,-8,8
72422,174,158,16,16
72423,61,64,-3,3
72424,74,72,2,2
72425,106,103,3,3
72426,60,64,-4,4
72427,73,82,-9,9
72428,92,86,6,6
72429,189,157,32,32
72430,99,88,11,11
72431,147,136,11,11
72432,120,112,8,8
72433,75,75,0,0
72434,57,56,1,1
72435,56,59,-3,3
72436,73,72,1,1
72437,67,64,3,3
72438,176,155,21,21
72439,131,125,6,6
72440,101,99,2,2
72441,77,72,5,5
72442,90,109,-19,19
72443,106,109,-3,3
72444,120,114,6,6
72445,82,77,5,5
72446,117,114,3,3
72447,57,76,-19,19
72448,57,70,-13,13
72449,104,96,8,8
72450,85,80,5,5
72451,112,108,4,4
72452,89,89,0,0
72453,88,100,-12,12
72454,87,76,11,11
72455,103,120,-17,17
72456,151,132,19,19
72457,92,93,-1,1
72458,98,90,8,8
72459,63,77,-14,14
72460,88,88,0,0
72461,85,82,3,3
72462,29,43,-14,14
72463,88,95,-7,7
72464,105,109,-4,4
72465,108,100,8,8
72466,69,67,2,2
72467,100,95,5,5
72468,67,72,-5,5
72469,78,67,11,11
72470,97,97,0,0
72471,84,75,9,9
72472,57,66,-9,9
72473,124,111,13,13
72474,117,109,8,8
72475,101,90,11,11
72476,104,105,-1,1
72477,97,103,-6,6
72478,69,66,3,3
72479,105,104,1,1
72480,78,82,-4,4
72481,75,66,9,9
72482,67,57,10,10
72483,182,159,23,23
72484,49,53,-4,4
72485,89,88,1,1
72486,72,71,1,1
72487,97,96,1,1
72488,72,71,1,1
72489,66,66,0,0
72490,118,121,-3,3
72491,49,60,-11,11
72492,87,81,6,6
72493,157,133,24,24
72494,63,66,-3,3
72495,69,81,-12,12
72496,163,163,0,0
72497,221,210,11,11
72498,60,69,-9,9
72499,97,98,-1,1
72500,64,53,11,11
72501,87,99,-12,12
72502,101,103,-2,2
72503,96,93,3,3
72504,111,117,-6,6
72505,67,70,-3,3
72506,112,112,0,0
72507,92,83,9,9
72508,90,95,-5,5
72509,127,128,-1,1
72510,62,70,-8,8
72511,82,85,-3,3
72512,131,108,23,23
72513,66,63,3,3
72514,122,125,-3,3
72515,80,91,-11,11
72516,83,87,-4,4
72517,71,77,-6,6
72518,76,69,7,7
72519,130,132,-2,2
72520,72,60,12,12
72521,51,50,1,1
72522,114,116,-2,2
72523,62,68,-6,6
72524,46,47,-1,1
72525,58,64,-6,6
72526,84,91,-7,7
72527,69,67,2,2
72528,59,111,-52,52
72529,65,68,-3,3
72530,175,166,9,9
72531,135,130,5,5
72532,106,103,3,3
72533,72,78,-6,6
72534,124,118,6,6
72535,126,114,12,12
72536,120,116,4,4
72537,92,92,0,0
72538,68,65,3,3
72539,109,100,9,9
72540,74,85,-11,11
72541,61,67,-6,6
72542,96,92,4,4
72543,115,122,-7,7
72544,88,92,-4,4
72545,112,107,5,5
72546,182,160,22,22
72547,156,141,15,15
72548,156,143,13,13
72549,103,85,18,18
72550,89,85,4,4
72551,114,100,14,14
72552,106,91,15,15
72553,85,78,7,7
72554,107,91,16,16
72555,75,74,1,1
72556,84,83,1,1
72557,120,114,6,6
72558,95,86,9,9
72559,48,48,0,0
72560,65,63,2,2
72561,59,69,-10,10
72562,85,82,3,3
72563,125,117,8,8
72564,89,84,5,5
72565,92,83,9,9
72566,131,129,2,2
72567,83,82,1,1
72568,81,76,5,5
72569,82,75,7,7
72570,66,66,0,0
72571,126,123,3,3
72572,167,150,17,17
72573,103,101,2,2
72574,119,109,10,10
72575,133,126,7,7
72576,138,138,0,0
72577,136,126,10,10
72578,57,60,-3,3
72579,111,103,8,8
72580,75,81,-6,6
72581,64,64,0,0
72582,111,113,-2,2
72583,126,124,2,2
72584,147,132,15,15
72585,188,158,30,30
72586,123,68,55,55
72587,87,92,-5,5
72588,77,79,-2,2
72589,82,77,5,5
72590,83,85,-2,2
72591,69,78,-9,9
72592,136,137,-1,1
72593,53,61,-8,8
72594,81,80,1,1
72595,124,123,1,1
72596,111,99,12,12
72597,120,115,5,5
72598,66,74,-8,8
72599,68,67,1,1
72600,147,147,0,0
72601,193,164,29,29
72602,62,65,-3,3
72603,113,110,3,3
72604,83,85,-2,2
72605,114,113,1,1
72606,138,132,6,6
72607,63,74,-11,11
72608,153,130,23,23
72609,75,76,-1,1
72610,104,106,-2,2
72611,138,139,-1,1
72612,86,73,13,13
72613,85,89,-4,4
72614,132,127,5,5
72615,86,84,2,2
72616,60,69,-9,9
72617,119,108,11,11
72618,233,201,32,32
72619,125,127,-2,2
72620,128,118,10,10
72621,135,133,2,2
72622,92,82,10,10
72623,134,119,15,15
72624,108,104,4,4
72625,154,138,16,16
72626,149,144,5,5
72627,112,102,10,10
72628,117,114,3,3
72629,158,148,10,10
72630,83,82,1,1
72631,92,86,6,6
72632,80,75,5,5
72633,86,86,0,0
72634,23,36,-13,13
72635,90,86,4,4
72636,129,126,3,3
72637,122,113,9,9
72638,49,61,-12,12
72639,58,65,-7,7
72640,115,102,13,13
72641,92,86,6,6
72642,146,159,-13,13
72643,69,87,-18,18
72644,107,109,-2,2
72645,152,136,16,16
72646,106,91,15,15
72647,78,76,2,2
72648,122,106,16,16
72649,97,102,-5,5
72650,62,67,-5,5
72651,125,125,0,0
72652,172,153,19,19
72653,73,77,-4,4
72654,88,86,2,2
72655,69,74,-5,5
72656,72,66,6,6
72657,87,88,-1,1
72658,53,54,-1,1
72659,65,68,-3,3
72660,117,110,7,7
72661,105,103,2,2
72662,168,153,15,15
72663,83,93,-10,10
72664,65,69,-4,4
72665,108,103,5,5
72666,45,54,-9,9
72667,123,108,15,15
72668,62,67,-5,5
72669,69,75,-6,6
72670,65,69,-4,4
72671,88,95,-7,7
72672,70,72,-2,2
72673,115,106,9,9
72674,68,66,2,2
72675,109,108,1,1
72676,117,113,4,4
72677,68,69,-1,1
72678,93,84,9,9
72679,76,73,3,3
72680,147,128,19,19
72681,124,117,7,7
72682,146,140,6,6
72683,104,114,-10,10
72684,85,88,-3,3
72685,107,89,18,18
72686,131,116,15,15
72687,71,68,3,3
72688,78,72,6,6
72689,69,73,-4,4
72690,124,125,-1,1
72691,101,90,11,11
72692,64,58,6,6
72693,69,67,2,2
72694,60,67,-7,7
72695,97,90,7,7
72696,78,76,2,2
72697,106,122,-16,16
72698,102,93,9,9
72699,102,94,8,8
72700,135,128,7,7
72701,84,94,-10,10
72702,132,118,14,14
72703,81,79,2,2
72704,55,50,5,5
72705,80,73,7,7
72706,89,100,-11,11
72707,218,356,-138,138
72708,68,65,3,3
72709,136,111,25,25
72710,78,75,3,3
72711,66,75,-9,9
72712,115,112,3,3
72713,102,93,9,9
72714,64,71,-7,7
72715,32,41,-9,9
72716,61,57,4,4
72717,98,98,0,0
72718,87,74,13,13
72719,75,61,14,14
72720,131,118,13,13
72721,82,93,-11,11
72722,102,91,11,11
72723,68,62,6,6
72724,129,122,7,7
72725,147,137,10,10
72726,54,55,-1,1
72727,95,94,1,1
72728,181,162,19,19
72729,102,104,-2,2
72730,49,54,-5,5
72731,100,92,8,8
72732,72,74,-2,2
72733,137,135,2,2
72734,57,54,3,3
72735,85,78,7,7
72736,69,68,1,1
72737,44,42,2,2
72738,102,101,1,1
72739,140,135,5,5
72740,59,59,0,0
72741,59,68,-9,9
72742,67,61,6,6
72743,96,96,0,0
72744,54,48,6,6
72745,81,78,3,3
72746,154,144,10,10
72747,134,140,-6,6
72748,100,82,18,18
72749,104,94,10,10
72750,92,98,-6,6
72751,63,65,-2,2
72752,115,92,23,23
72753,55,60,-5,5
72754,163,148,15,15
72755,122,123,-1,1
72756,106,100,6,6
72757,90,93,-3,3
72758,97,90,7,7
72759,69,72,-3,3
72760,86,83,3,3
72761,87,84,3,3
72762,134,116,18,18
72763,83,84,-1,1
72764,96,95,1,1
72765,75,72,3,3
72766,91,81,10,10
72767,74,71,3,3
72768,105,103,2,2
72769,109,100,9,9
72770,50,67,-17,17
72771,83,68,15,15
72772,101,94,7,7
72773,98,102,-4,4
72774,78,80,-2,2
72775,115,100,15,15
72776,151,133,18,18
72777,50,46,4,4
72778,111,106,5,5
72779,75,87,-12,12
72780,191,177,14,14
72781,82,78,4,4
72782,133,118,15,15
72783,131,125,6,6
72784,69,68,1,1
72785,112,104,8,8
72786,52,56,-4,4
72787,109,114,-5,5
72788,82,83,-1,1
72789,106,108,-2,2
72790,36,43,-7,7
72791,84,87,-3,3
72792,103,95,8,8
72793,56,63,-7,7
72794,78,77,1,1
72795,69,72,-3,3
72796,67,70,-3,3
72797,83,87,-4,4
72798,103,103,0,0
72799,84,83,1,1
72800,68,74,-6,6
72801,78,78,0,0
72802,118,105,13,13
72803,112,105,7,7
72804,108,108,0,0
72805,113,108,5,5
72806,116,96,20,20
72807,67,67,0,0
72808,110,107,3,3
72809,100,89,11,11
72810,111,94,17,17
72811,82,88,-6,6
72812,157,150,7,7
72813,75,76,-1,1
72814,102,97,5,5
72815,90,91,-1,1
72816,60,66,-6,6
72817,88,88,0,0
72818,96,96,0,0
72819,117,131,-14,14
72820,76,84,-8,8
72821,166,145,21,21
72822,187,149,38,38
72823,73,66,7,7
72824,91,94,-3,3
72825,125,123,2,2
72826,60,65,-5,5
72827,91,86,5,5
72828,99,110,-11,11
72829,80,68,12,12
72830,125,119,6,6
72831,111,117,-6,6
72832,54,57,-3,3
72833,192,170,22,22
72834,159,145,14,14
72835,71,66,5,5
72836,80,85,-5,5
72837,58,62,-4,4
72838,78,71,7,7
72839,146,130,16,16
72840,73,68,5,5
72841,178,149,29,29
72842,94,92,2,2
72843,131,117,14,14
72844,70,57,13,13
72845,126,124,2,2
72846,84,81,3,3
72847,80,85,-5,5
72848,214,179,35,35
72849,111,103,8,8
72850,134,134,0,0
72851,89,83,6,6
72852,124,134,-10,10
72853,112,96,16,16
72854,94,104,-10,10
72855,110,102,8,8
72856,143,139,4,4
72857,70,71,-1,1
72858,112,110,2,2
72859,88,84,4,4
72860,89,80,9,9
72861,78,74,4,4
72862,121,110,11,11
72863,69,67,2,2
72864,82,81,1,1
72865,137,162,-25,25
72866,116,111,5,5
72867,169,152,17,17
72868,108,95,13,13
72869,62,60,2,2
72870,66,84,-18,18
72871,126,114,12,12
72872,77,68,9,9
72873,170,155,15,15
72874,48,53,-5,5
72875,123,108,15,15
72876,135,128,7,7
72877,128,124,4,4
72878,108,104,4,4
72879,102,93,9,9
72880,89,87,2,2
72881,68,68,0,0
72882,83,74,9,9
72883,174,168,6,6
72884,130,105,25,25
72885,176,156,20,20
72886,87,92,-5,5
72887,69,63,6,6
72888,69,73,-4,4
72889,100,85,15,15
72890,164,152,12,12
72891,94,99,-5,5
72892,82,79,3,3
72893,191,180,11,11
72894,99,99,0,0
72895,78,81,-3,3
72896,68,69,-1,1
72897,121,100,21,21
72898,128,115,13,13
72899,149,135,14,14
72900,164,148,16,16
72901,74,76,-2,2
72902,67,59,8,8
72903,59,66,-7,7
72904,100,113,-13,13
72905,62,75,-13,13
72906,100,101,-1,1
72907,79,77,2,2
72908,137,147,-10,10
72909,74,77,-3,3
72910,94,88,6,6
72911,119,93,26,26
72912,103,96,7,7
72913,95,93,2,2
72914,60,57,3,3
72915,111,99,12,12
72916,34,41,-7,7
72917,78,83,-5,5
72918,97,93,4,4
72919,111,106,5,5
72920,85,87,-2,2
72921,149,136,13,13
72922,90,82,8,8
72923,49,54,-5,5
72924,138,128,10,10
72925,69,68,1,1
72926,79,73,6,6
72927,70,67,3,3
72928,82,83,-1,1
72929,79,80,-1,1
72930,85,94,-9,9
72931,89,83,6,6
72932,67,71,-4,4
72933,106,111,-5,5
72934,70,78,-8,8
72935,74,82,-8,8
72936,55,64,-9,9
72937,164,156,8,8
72938,77,74,3,3
72939,57,55,2,2
72940,97,108,-11,11
72941,136,141,-5,5
72942,83,78,5,5
72943,66,66,0,0
72944,92,94,-2,2
72945,92,90,2,2
72946,71,65,6,6
72947,67,75,-8,8
72948,150,132,18,18
72949,69,73,-4,4
72950,132,120,12,12
72951,194,175,19,19
72952,137,134,3,3
72953,68,70,-2,2
72954,90,93,-3,3
72955,113,107,6,6
72956,61,54,7,7
72957,160,143,17,17
72958,149,144,5,5
72959,48,51,-3,3
72960,128,125,3,3
72961,102,96,6,6
72962,95,96,-1,1
72963,68,62,6,6
72964,164,147,17,17
72965,92,97,-5,5
72966,100,86,14,14
72967,68,77,-9,9
72968,81,82,-1,1
72969,87,78,9,9
72970,121,97,24,24
72971,95,96,-1,1
72972,99,83,16,16
72973,59,66,-7,7
72974,140,126,14,14
72975,109,88,21,21
72976,147,129,18,18
72977,84,84,0,0
72978,111,107,4,4
72979,85,87,-2,2
72980,63,71,-8,8
72981,64,65,-1,1
72982,75,70,5,5
72983,136,116,20,20
72984,140,136,4,4
72985,45,51,-6,6
72986,159,152,7,7
72987,110,98,12,12
72988,54,66,-12,12
72989,129,125,4,4
72990,170,180,-10,10
72991,111,108,3,3
72992,72,67,5,5
72993,129,120,9,9
72994,67,69,-2,2
72995,159,163,-4,4
72996,60,65,-5,5
72997,91,89,2,2
72998,126,108,18,18
72999,240,191,49,49
73000,113,104,9,9
73001,85,77,8,8
73002,54,74,-20,20
73003,68,67,1,1
73004,89,81,8,8
73005,142,127,15,15
73006,146,132,14,14
73007,87,84,3,3
73008,122,119,3,3
73009,81,66,15,15
73010,77,76,1,1
73011,113,98,15,15
73012,182,177,5,5
73013,111,99,12,12
73014,97,84,13,13
73015,90,85,5,5
73016,149,136,13,13
73017,62,77,-15,15
73018,121,114,7,7
73019,90,85,5,5
73020,64,62,2,2
73021,158,145,13,13
73022,89,88,1,1
73023,93,87,6,6
73024,82,76,6,6
73025,80,80,0,0
73026,231,214,17,17
73027,52,57,-5,5
73028,185,162,23,23
73029,125,125,0,0
73030,116,107,9,9
73031,70,70,0,0
73032,92,85,7,7
73033,135,135,0,0
73034,83,90,-7,7
73035,78,80,-2,2
73036,89,85,4,4
73037,98,93,5,5
73038,74,77,-3,3
73039,117,114,3,3
73040,65,197,-132,132
73041,80,80,0,0
73042,82,77,5,5
73043,144,146,-2,2
73044,64,67,-3,3
73045,144,135,9,9
73046,46,46,0,0
73047,29,41,-12,12
73048,81,80,1,1
73049,115,108,7,7
73050,99,91,8,8
73051,80,79,1,1
73052,111,105,6,6
73053,113,109,4,4
73054,119,96,23,23
73055,49,43,6,6
73056,128,122,6,6
73057,168,152,16,16
73058,52,57,-5,5
73059,115,111,4,4
73060,230,197,33,33
73061,113,124,-11,11
73062,66,62,4,4
73063,102,98,4,4
73064,52,50,2,2
73065,94,89,5,5
73066,69,69,0,0
73067,146,149,-3,3
73068,130,121,9,9
73069,82,74,8,8
73070,51,55,-4,4
73071,114,102,12,12
73072,58,71,-13,13
73073,70,76,-6,6
73074,74,69,5,5
73075,75,66,9,9
73076,54,52,2,2
73077,134,132,2,2
73078,46,45,1,1
73079,79,72,7,7
73080,66,78,-12,12
73081,114,112,2,2
73082,76,85,-9,9
73083,149,133,16,16
73084,126,112,14,14
73085,91,96,-5,5
73086,56,52,4,4
73087,131,120,11,11
73088,119,127,-8,8
73089,119,111,8,8
73090,124,121,3,3
73091,142,133,9,9
73092,215,185,30,30
73093,59,58,1,1
73094,60,55,5,5
73095,76,79,-3,3
73096,54,49,5,5
73097,78,84,-6,6
73098,133,137,-4,4
73099,56,56,0,0
73100,79,80,-1,1
73101,74,66,8,8
73102,55,68,-13,13
73103,62,52,10,10
73104,47,46,1,1
73105,112,112,0,0
73106,112,100,12,12
73107,122,111,11,11
73108,104,102,2,2
73109,81,95,-14,14
73110,76,85,-9,9
73111,61,58,3,3
73112,230,174,56,56
73113,87,85,2,2
73114,94,88,6,6
73115,83,80,3,3
73116,154,129,25,25
73117,140,126,14,14
73118,81,84,-3,3
73119,78,76,2,2
73120,112,100,12,12
73121,133,119,14,14
73122,72,76,-4,4
73123,150,119,31,31
73124,133,120,13,13
73125,74,67,7,7
73126,122,116,6,6
73127,90,91,-1,1
73128,69,67,2,2
73129,75,80,-5,5
73130,50,50,0,0
73131,135,124,11,11
73132,126,114,12,12
73133,68,90,-22,22
73134,88,86,2,2
73135,78,82,-4,4
73136,55,58,-3,3
73137,94,99,-5,5
73138,57,69,-12,12
73139,70,71,-1,1
73140,150,141,9,9
73141,67,74,-7,7
73142,78,82,-4,4
73143,82,85,-3,3
73144,123,121,2,2
73145,75,68,7,7
73146,151,148,3,3
73147,79,73,6,6
73148,116,105,11,11
73149,89,85,4,4
73150,143,132,11,11
73151,94,97,-3,3
73152,94,98,-4,4
73153,81,88,-7,7
73154,77,83,-6,6
73155,85,85,0,0
73156,104,107,-3,3
73157,58,61,-3,3
73158,76,82,-6,6
73159,72,74,-2,2
73160,90,87,3,3
73161,126,129,-3,3
73162,81,78,3,3
73163,113,111,2,2
73164,72,78,-6,6
73165,111,111,0,0
73166,94,90,4,4
73167,77,73,4,4
73168,76,69,7,7
73169,91,83,8,8
73170,84,84,0,0
73171,50,62,-12,12
73172,111,112,-1,1
73173,160,149,11,11
73174,90,78,12,12
73175,165,167,-2,2
73176,153,131,22,22
73177,38,43,-5,5
73178,76,90,-14,14
73179,73,71,2,2
73180,99,100,-1,1
73181,64,70,-6,6
73182,148,133,15,15
73183,146,138,8,8
73184,86,86,0,0
73185,70,76,-6,6
73186,74,72,2,2
73187,102,92,10,10
73188,76,70,6,6
73189,115,106,9,9
73190,111,100,11,11
73191,67,67,0,0
73192,120,123,-3,3
73193,72,73,-1,1
73194,93,88,5,5
73195,256,237,19,19
73196,157,146,11,11
73197,70,67,3,3
73198,95,102,-7,7
73199,99,99,0,0
73200,94,91,3,3
73201,81,78,3,3
73202,102,92,10,10
73203,107,107,0,0
73204,137,122,15,15
73205,91,92,-1,1
73206,90,92,-2,2
73207,68,67,1,1
73208,59,65,-6,6
73209,86,88,-2,2
73210,118,124,-6,6
73211,197,185,12,12
73212,55,66,-11,11
73213,82,77,5,5
73214,96,97,-1,1
73215,88,96,-8,8
73216,72,81,-9,9
73217,56,66,-10,10
73218,110,100,10,10
73219,75,71,4,4
73220,107,111,-4,4
73221,100,104,-4,4
73222,137,119,18,18
73223,76,76,0,0
73224,174,163,11,11
73225,101,101,0,0
73226,85,87,-2,2
73227,53,59,-6,6
73228,108,89,19,19
73229,82,82,0,0
73230,84,90,-6,6
73231,92,89,3,3
73232,125,133,-8,8
73233,93,98,-5,5
73234,54,58,-4,4
73235,113,101,12,12
73236,196,180,16,16
73237,71,67,4,4
73238,75,71,4,4
73239,46,51,-5,5
73240,107,105,2,2
73241,82,84,-2,2
73242,88,98,-10,10
73243,57,55,2,2
73244,153,137,16,16
73245,131,130,1,1
73246,111,123,-12,12
73247,136,132,4,4
73248,58,60,-2,2
73249,85,84,1,1
73250,98,87,11,11
73251,80,78,2,2
73252,82,93,-11,11
73253,74,73,1,1
73254,135,118,17,17
73255,88,89,-1,1
73256,27,44,-17,17
73257,60,68,-8,8
73258,82,77,5,5
73259,176,168,8,8
73260,163,136,27,27
73261,130,129,1,1
73262,120,110,10,10
73263,143,118,25,25
73264,138,138,0,0
73265,88,80,8,8
73266,125,122,3,3
73267,81,79,2,2
73268,56,57,-1,1
73269,70,74,-4,4
73270,59,65,-6,6
73271,117,127,-10,10
73272,35,42,-7,7
73273,115,100,15,15
73274,59,61,-2,2
73275,88,79,9,9
73276,124,125,-1,1
73277,110,95,15,15
73278,118,107,11,11
73279,103,92,11,11
73280,121,115,6,6
73281,78,75,3,3
73282,69,73,-4,4
73283,129,120,9,9
73284,75,69,6,6
73285,54,52,2,2
73286,185,164,21,21
73287,105,97,8,8
73288,65,61,4,4
73289,145,127,18,18
73290,134,119,15,15
73291,102,95,7,7
73292,75,74,1,1
73293,106,93,13,13
73294,122,116,6,6
73295,42,49,-7,7
73296,144,141,3,3
73297,104,94,10,10
73298,117,105,12,12
73299,69,72,-3,3
73300,63,74,-11,11
73301,184,148,36,36
73302,96,91,5,5
73303,86,79,7,7
73304,98,96,2,2
73305,78,75,3,3
73306,91,86,5,5
73307,53,53,0,0
73308,79,75,4,4
73309,141,129,12,12
73310,82,78,4,4
73311,49,50,-1,1
73312,109,99,10,10
73313,61,65,-4,4
73314,90,94,-4,4
73315,61,55,6,6
73316,94,99,-5,5
73317,134,131,3,3
73318,65,72,-7,7
73319,136,126,10,10
73320,164,155,9,9
73321,98,101,-3,3
73322,83,83,0,0
73323,40,46,-6,6
73324,67,78,-11,11
73325,90,86,4,4
73326,62,55,7,7
73327,60,60,0,0
73328,115,101,14,14
73329,135,130,5,5
73330,75,73,2,2
73331,35,61,-26,26
73332,94,102,-8,8
73333,113,102,11,11
73334,133,126,7,7
73335,103,72,31,31
73336,108,97,11,11
73337,65,65,0,0
73338,67,58,9,9
73339,121,112,9,9
73340,89,98,-9,9
73341,69,70,-1,1
73342,128,122,6,6
73343,99,89,10,10
73344,100,96,4,4
73345,88,78,10,10
73346,160,144,16,16
73347,94,86,8,8
73348,111,108,3,3
73349,83,77,6,6
73350,51,65,-14,14
73351,126,116,10,10
73352,150,130,20,20
73353,57,59,-2,2
73354,63,68,-5,5
73355,112,108,4,4
73356,196,177,19,19
73357,71,76,-5,5
73358,152,142,10,10
73359,87,86,1,1
73360,59,64,-5,5
73361,144,134,10,10
73362,122,106,16,16
73363,61,66,-5,5
73364,99,105,-6,6
73365,74,70,4,4
73366,68,69,-1,1
73367,92,93,-1,1
73368,147,144,3,3
73369,114,110,4,4
73370,64,63,1,1
73371,92,75,17,17
73372,85,79,6,6
73373,100,91,9,9
73374,142,126,16,16
73375,34,41,-7,7
73376,107,92,15,15
73377,110,100,10,10
73378,154,140,14,14
73379,69,70,-1,1
73380,91,100,-9,9
73381,124,109,15,15
73382,71,66,5,5
73383,61,57,4,4
73384,110,104,6,6
73385,86,91,-5,5
73386,143,123,20,20
73387,65,67,-2,2
73388,82,76,6,6
73389,90,97,-7,7
73390,156,150,6,6
73391,177,163,14,14
73392,108,100,8,8
73393,100,106,-6,6
73394,60,71,-11,11
73395,81,91,-10,10
73396,99,100,-1,1
73397,63,86,-23,23
73398,87,96,-9,9
73399,53,49,4,4
73400,47,51,-4,4
73401,65,73,-8,8
73402,79,74,5,5
73403,65,68,-3,3
73404,99,101,-2,2
73405,61,65,-4,4
73406,101,106,-5,5
73407,75,67,8,8
73408,99,101,-2,2
73409,84,85,-1,1
73410,130,119,11,11
73411,147,131,16,16
73412,103,99,4,4
73413,48,47,1,1
73414,88,85,3,3
73415,115,105,10,10
73416,81,82,-1,1
73417,69,80,-11,11
73418,144,141,3,3
73419,103,93,10,10
73420,84,82,2,2
73421,175,176,-1,1
73422,133,113,20,20
73423,88,88,0,0
73424,112,105,7,7
73425,98,98,0,0
73426,79,77,2,2
73427,65,64,1,1
73428,75,85,-10,10
73429,101,103,-2,2
73430,44,50,-6,6
73431,89,86,3,3
73432,107,105,2,2
73433,85,84,1,1
73434,42,51,-9,9
73435,86,93,-7,7
73436,92,85,7,7
73437,70,71,-1,1
73438,79,78,1,1
73439,39,57,-18,18
73440,90,85,5,5
73441,126,116,10,10
73442,116,111,5,5
73443,69,74,-5,5
73444,51,55,-4,4
73445,107,96,11,11
73446,88,87,1,1
73447,104,90,14,14
73448,81,71,10,10
73449,78,74,4,4
73450,87,87,0,0
73451,63,74,-11,11
73452,92,89,3,3
73453,125,125,0,0
73454,113,106,7,7
73455,50,50,0,0
73456,71,66,5,5
73457,78,79,-1,1
73458,65,67,-2,2
73459,145,133,12,12
73460,64,59,5,5
73461,83,82,1,1
73462,162,138,24,24
73463,84,85,-1,1
73464,149,146,3,3
73465,68,72,-4,4
73466,84,86,-2,2
73467,74,68,6,6
73468,106,102,4,4
73469,87,93,-6,6
73470,102,114,-12,12
73471,142,121,21,21
73472,159,148,11,11
73473,49,50,-1,1
73474,133,133,0,0
73475,89,87,2,2
73476,47,51,-4,4
73477,111,107,4,4
73478,79,74,5,5
73479,108,116,-8,8
73480,58,61,-3,3
73481,111,114,-3,3
73482,46,49,-3,3
73483,69,71,-2,2
73484,144,140,4,4
73485,122,117,5,5
73486,114,106,8,8
73487,60,60,0,0
73488,75,81,-6,6
73489,79,80,-1,1
73490,97,97,0,0
73491,177,170,7,7
73492,111,102,9,9
73493,35,44,-9,9
73494,133,113,20,20
73495,58,54,4,4
73496,114,98,16,16
73497,80,80,0,0
73498,133,115,18,18
73499,116,115,1,1
73500,88,72,16,16
73501,126,116,10,10
73502,135,123,12,12
73503,85,86,-1,1
73504,154,147,7,7
73505,118,109,9,9
73506,92,88,4,4
73507,146,146,0,0
73508,63,64,-1,1
73509,77,80,-3,3
73510,113,107,6,6
73511,110,106,4,4
73512,63,68,-5,5
73513,78,73,5,5
73514,130,118,12,12
73515,64,59,5,5
73516,81,83,-2,2
73517,75,66,9,9
73518,41,52,-11,11
73519,139,130,9,9
73520,60,60,0,0
73521,81,83,-2,2
73522,108,102,6,6
73523,102,98,4,4
73524,63,67,-4,4
73525,111,99,12,12
73526,42,45,-3,3
73527,93,91,2,2
73528,106,108,-2,2
73529,92,85,7,7
73530,87,86,1,1
73531,100,101,-1,1
73532,73,71,2,2
73533,65,65,0,0
73534,84,89,-5,5
73535,158,153,5,5
73536,73,72,1,1
73537,116,119,-3,3
73538,79,88,-9,9
73539,114,105,9,9
73540,108,106,2,2
73541,89,83,6,6
73542,65,76,-11,11
73543,123,112,11,11
73544,70,76,-6,6
73545,58,60,-2,2
73546,61,66,-5,5
73547,118,136,-18,18
73548,91,98,-7,7
73549,82,85,-3,3
73550,42,52,-10,10
73551,43,46,-3,3
73552,144,124,20,20
73553,60,70,-10,10
73554,29,62,-33,33
73555,111,97,14,14
73556,69,70,-1,1
73557,192,165,27,27
73558,88,99,-11,11
73559,64,66,-2,2
73560,131,126,5,5
73561,107,110,-3,3
73562,95,102,-7,7
73563,70,77,-7,7
73564,51,49,2,2
73565,195,173,22,22
73566,77,80,-3,3
73567,117,114,3,3
73568,87,80,7,7
73569,46,47,-1,1
73570,71,71,0,0
73571,65,62,3,3
73572,171,175,-4,4
73573,106,103,3,3
73574,82,84,-2,2
73575,130,117,13,13
73576,58,66,-8,8
73577,105,102,3,3
73578,121,118,3,3
73579,148,152,-4,4
73580,87,83,4,4
73581,98,103,-5,5
73582,74,84,-10,10
73583,138,134,4,4
73584,95,97,-2,2
73585,104,103,1,1
73586,64,60,4,4
73587,74,74,0,0
73588,126,105,21,21
73589,93,98,-5,5
73590,80,79,1,1
73591,62,67,-5,5
73592,56,62,-6,6
73593,91,92,-1,1
73594,202,173,29,29
73595,97,100,-3,3
73596,109,115,-6,6
73597,62,46,16,16
73598,156,150,6,6
73599,62,57,5,5
73600,156,148,8,8
73601,60,65,-5,5
73602,67,67,0,0
73603,109,110,-1,1
73604,129,117,12,12
73605,126,116,10,10
73606,141,130,11,11
73607,117,102,15,15
73608,167,155,12,12
73609,123,125,-2,2
73610,127,109,18,18
73611,70,66,4,4
73612,67,69,-2,2
73613,93,87,6,6
73614,79,72,7,7
73615,80,80,0,0
73616,81,87,-6,6
73617,77,72,5,5
73618,57,59,-2,2
73619,125,131,-6,6
73620,137,118,19,19
73621,98,101,-3,3
73622,76,72,4,4
73623,99,87,12,12
73624,88,91,-3,3
73625,71,72,-1,1
73626,85,82,3,3
73627,93,91,2,2
73628,112,98,14,14
73629,63,68,-5,5
73630,79,90,-11,11
73631,90,87,3,3
73632,71,68,3,3
73633,67,79,-12,12
73634,147,123,24,24
73635,57,77,-20,20
73636,61,61,0,0
73637,100,92,8,8
73638,79,74,5,5
73639,136,109,27,27
73640,88,89,-1,1
73641,67,66,1,1
73642,173,159,14,14
73643,111,97,14,14
73644,96,78,18,18
73645,91,81,10,10
73646,90,81,9,9
73647,93,85,8,8
73648,99,98,1,1
73649,57,54,3,3
73650,71,68,3,3
73651,165,149,16,16
73652,91,99,-8,8
73653,59,59,0,0
73654,103,101,2,2
73655,72,71,1,1
73656,95,89,6,6
73657,86,77,9,9
73658,142,114,28,28
73659,92,92,0,0
73660,86,88,-2,2
73661,143,132,11,11
73662,37,45,-8,8
73663,66,69,-3,3
73664,121,112,9,9
73665,89,88,1,1
73666,54,69,-15,15
73667,64,65,-1,1
73668,48,47,1,1
73669,33,43,-10,10
73670,154,143,11,11
73671,55,58,-3,3
73672,85,78,7,7
73673,68,67,1,1
73674,88,90,-2,2
73675,61,66,-5,5
73676,123,112,11,11
73677,98,100,-2,2
73678,161,152,9,9
73679,53,57,-4,4
73680,68,77,-9,9
73681,131,117,14,14
73682,100,95,5,5
73683,64,65,-1,1
73684,109,117,-8,8
73685,87,83,4,4
73686,78,80,-2,2
73687,56,58,-2,2
73688,96,90,6,6
73689,104,99,5,5
73690,94,94,0,0
73691,66,65,1,1
73692,106,97,9,9
73693,132,138,-6,6
73694,142,113,29,29
73695,112,110,2,2
73696,104,77,27,27
73697,129,134,-5,5
73698,107,101,6,6
73699,137,138,-1,1
73700,81,85,-4,4
73701,57,55,2,2
73702,126,114,12,12
73703,57,72,-15,15
73704,141,126,15,15
73705,94,88,6,6
73706,56,65,-9,9
73707,100,89,11,11
73708,65,69,-4,4
73709,153,144,9,9
73710,106,106,0,0
73711,65,64,1,1
73712,89,88,1,1
73713,69,65,4,4
73714,172,157,15,15
73715,74,75,-1,1
73716,55,65,-10,10
73717,95,91,4,4
73718,80,83,-3,3
73719,72,76,-4,4
73720,69,67,2,2
73721,77,85,-8,8
73722,136,125,11,11
73723,60,63,-3,3
73724,106,93,13,13
73725,98,91,7,7
73726,113,108,5,5
73727,66,64,2,2
73728,117,103,14,14
73729,75,74,1,1
73730,123,115,8,8
73731,54,52,2,2
73732,157,161,-4,4
73733,100,93,7,7
73734,74,77,-3,3
73735,61,66,-5,5
73736,72,77,-5,5
73737,81,76,5,5
73738,138,140,-2,2
73739,137,135,2,2
73740,163,142,21,21
73741,65,82,-17,17
73742,130,128,2,2
73743,68,78,-10,10
73744,97,90,7,7
73745,167,156,11,11
73746,93,76,17,17
73747,63,70,-7,7
73748,91,83,8,8
73749,174,155,19,19
73750,138,114,24,24
73751,75,76,-1,1
73752,129,130,-1,1
73753,116,102,14,14
73754,47,44,3,3
73755,116,102,14,14
73756,103,95,8,8
73757,112,100,12,12
73758,133,121,12,12
73759,55,64,-9,9
73760,75,82,-7,7
73761,53,56,-3,3
73762,88,98,-10,10
73763,132,126,6,6
73764,35,42,-7,7
73765,45,50,-5,5
73766,67,67,0,0
73767,124,107,17,17
73768,148,132,16,16
73769,138,120,18,18
73770,98,93,5,5
73771,81,79,2,2
73772,54,57,-3,3
73773,35,42,-7,7
73774,69,67,2,2
73775,66,64,2,2
73776,116,104,12,12
73777,86,81,5,5
73778,95,96,-1,1
73779,95,98,-3,3
73780,61,62,-1,1
73781,79,78,1,1
73782,74,92,-18,18
73783,117,106,11,11
73784,63,65,-2,2
73785,138,116,22,22
73786,125,117,8,8
73787,95,94,1,1
73788,66,69,-3,3
73789,53,53,0,0
73790,83,80,3,3
73791,60,68,-8,8
73792,52,57,-5,5
73793,55,51,4,4
73794,100,102,-2,2
73795,91,105,-14,14
73796,87,86,1,1
73797,63,55,8,8
73798,122,92,30,30
73799,75,71,4,4
73800,57,69,-12,12
73801,55,62,-7,7
73802,110,99,11,11
73803,88,88,0,0
73804,155,158,-3,3
73805,96,95,1,1
73806,81,89,-8,8
73807,102,96,6,6
73808,141,122,19,19
73809,105,102,3,3
73810,68,65,3,3
73811,80,74,6,6
73812,94,99,-5,5
73813,60,65,-5,5
73814,107,89,18,18
73815,112,107,5,5
73816,92,90,2,2
73817,86,77,9,9
73818,131,111,20,20
73819,62,56,6,6
73820,146,142,4,4
73821,67,79,-12,12
73822,77,79,-2,2
73823,101,101,0,0
73824,80,73,7,7
73825,97,80,17,17
73826,140,123,17,17
73827,128,135,-7,7
73828,108,106,2,2
73829,91,85,6,6
73830,91,91,0,0
73831,87,81,6,6
73832,151,125,26,26
73833,91,95,-4,4
73834,161,143,18,18
73835,60,70,-10,10
73836,135,117,18,18
73837,73,85,-12,12
73838,88,97,-9,9
73839,71,69,2,2
73840,80,79,1,1
73841,50,50,0,0
73842,106,100,6,6
73843,66,69,-3,3
73844,90,97,-7,7
73845,122,127,-5,5
73846,99,90,9,9
73847,73,73,0,0
73848,60,57,3,3
73849,63,78,-15,15
73850,105,117,-12,12
73851,34,40,-6,6
73852,74,81,-7,7
73853,122,112,10,10
73854,123,106,17,17
73855,66,65,1,1
73856,122,109,13,13
73857,114,104,10,10
73858,165,159,6,6
73859,139,147,-8,8
73860,58,52,6,6
73861,70,72,-2,2
73862,71,66,5,5
73863,158,175,-17,17
73864,66,66,0,0
73865,166,132,34,34
73866,129,125,4,4
73867,91,86,5,5
73868,109,125,-16,16
73869,118,125,-7,7
73870,90,90,0,0
73871,125,120,5,5
73872,94,84,10,10
73873,107,95,12,12
73874,144,119,25,25
73875,83,75,8,8
73876,71,74,-3,3
73877,93,91,2,2
73878,103,97,6,6
73879,78,81,-3,3
73880,33,76,-43,43
73881,44,78,-34,34
73882,129,117,12,12
73883,210,192,18,18
73884,98,90,8,8
73885,60,79,-19,19
73886,110,98,12,12
73887,56,63,-7,7
73888,149,129,20,20
73889,86,83,3,3
73890,101,94,7,7
73891,80,77,3,3
73892,96,95,1,1
73893,66,66,0,0
73894,73,70,3,3
73895,87,74,13,13
73896,73,68,5,5
73897,96,87,9,9
73898,36,49,-13,13
73899,171,187,-16,16
73900,125,115,10,10
73901,82,83,-1,1
73902,79,71,8,8
73903,148,133,15,15
73904,137,126,11,11
73905,82,82,0,0
73906,72,91,-19,19
73907,57,59,-2,2
73908,162,154,8,8
73909,148,129,19,19
73910,82,79,3,3
73911,76,73,3,3
73912,72,66,6,6
73913,42,41,1,1
73914,102,107,-5,5
73915,61,67,-6,6
73916,107,107,0,0
73917,72,66,6,6
73918,117,123,-6,6
73919,70,70,0,0
73920,60,61,-1,1
73921,110,91,19,19
73922,94,91,3,3
73923,121,125,-4,4
73924,102,100,2,2
73925,61,66,-5,5
73926,69,68,1,1
73927,51,64,-13,13
73928,113,122,-9,9
73929,148,164,-16,16
73930,129,122,7,7
73931,60,58,2,2
73932,82,98,-16,16
73933,149,133,16,16
73934,64,57,7,7
73935,95,95,0,0
73936,105,98,7,7
73937,129,124,5,5
73938,140,134,6,6
73939,143,142,1,1
73940,67,63,4,4
73941,81,77,4,4
73942,131,111,20,20
73943,61,55,6,6
73944,95,91,4,4
73945,121,113,8,8
73946,96,85,11,11
73947,159,128,31,31
73948,51,56,-5,5
73949,72,75,-3,3
73950,83,81,2,2
73951,114,104,10,10
73952,90,94,-4,4
73953,72,71,1,1
73954,88,80,8,8
73955,149,132,17,17
73956,69,68,1,1
73957,67,74,-7,7
73958,65,72,-7,7
73959,119,118,1,1
73960,146,124,22,22
73961,75,83,-8,8
73962,175,154,21,21
73963,109,111,-2,2
73964,80,78,2,2
73965,99,89,10,10
73966,137,130,7,7
73967,77,93,-16,16
73968,44,71,-27,27
73969,96,93,3,3
73970,55,55,0,0
73971,113,100,13,13
73972,108,102,6,6
73973,55,52,3,3
73974,138,111,27,27
73975,74,69,5,5
73976,69,71,-2,2
73977,131,121,10,10
73978,129,152,-23,23
73979,103,102,1,1
73980,50,52,-2,2
73981,90,94,-4,4
73982,42,48,-6,6
73983,140,149,-9,9
73984,76,86,-10,10
73985,113,105,8,8
73986,43,50,-7,7
73987,73,86,-13,13
73988,116,113,3,3
73989,112,118,-6,6
73990,126,125,1,1
73991,98,97,1,1
73992,83,98,-15,15
73993,51,72,-21,21
73994,73,92,-19,19
73995,220,180,40,40
73996,72,77,-5,5
73997,63,65,-2,2
73998,107,102,5,5
73999,90,82,8,8
74000,50,63,-13,13
74001,100,95,5,5
74002,126,112,14,14
74003,73,72,1,1
74004,88,91,-3,3
74005,65,79,-14,14
74006,73,69,4,4
74007,83,80,3,3
74008,118,118,0,0
74009,77,71,6,6
74010,175,160,15,15
74011,101,94,7,7
74012,72,73,-1,1
74013,84,87,-3,3
74014,320,328,-8,8
74015,86,97,-11,11
74016,48,52,-4,4
74017,82,77,5,5
74018,111,99,12,12
74019,83,81,2,2
74020,105,114,-9,9
74021,87,91,-4,4
74022,92,90,2,2
74023,106,98,8,8
74024,179,169,10,10
74025,123,112,11,11
74026,68,78,-10,10
74027,52,49,3,3
74028,155,125,30,30
74029,97,106,-9,9
74030,78,81,-3,3
74031,52,50,2,2
74032,62,60,2,2
74033,92,87,5,5
74034,113,103,10,10
74035,141,133,8,8
74036,66,69,-3,3
74037,97,85,12,12
74038,80,97,-17,17
74039,71,91,-20,20
74040,117,111,6,6
74041,202,180,22,22
74042,89,84,5,5
74043,65,71,-6,6
74044,83,87,-4,4
74045,151,135,16,16
74046,68,63,5,5
74047,84,90,-6,6
74048,114,106,8,8
74049,67,66,1,1
74050,48,46,2,2
74051,108,108,0,0
74052,159,138,21,21
74053,84,77,7,7
74054,153,137,16,16
74055,52,66,-14,14
74056,159,144,15,15
74057,118,115,3,3
74058,83,88,-5,5
74059,50,53,-3,3
74060,125,111,14,14
74061,41,98,-57,57
74062,62,72,-10,10
74063,85,75,10,10
74064,133,128,5,5
74065,129,117,12,12
74066,97,93,4,4
74067,102,104,-2,2
74068,23,41,-18,18
74069,74,76,-2,2
74070,41,52,-11,11
74071,108,113,-5,5
74072,104,100,4,4
74073,108,90,18,18
74074,97,89,8,8
74075,74,76,-2,2
74076,94,87,7,7
74077,78,74,4,4
74078,117,114,3,3
74079,119,116,3,3
74080,60,52,8,8
74081,86,80,6,6
74082,84,85,-1,1
74083,72,74,-2,2
74084,93,97,-4,4
74085,72,74,-2,2
74086,156,130,26,26
74087,73,79,-6,6
74088,108,100,8,8
74089,126,128,-2,2
74090,93,89,4,4
74091,79,67,12,12
74092,181,146,35,35
74093,83,76,7,7
74094,119,112,7,7
74095,71,70,1,1
74096,77,70,7,7
74097,104,123,-19,19
74098,72,77,-5,5
74099,68,69,-1,1
74100,98,94,4,4
74101,57,78,-21,21
74102,80,101,-21,21
74103,73,71,2,2
74104,191,165,26,26
74105,100,93,7,7
74106,132,112,20,20
74107,40,42,-2,2
74108,54,53,1,1
74109,154,141,13,13
74110,139,129,10,10
74111,107,100,7,7
74112,128,114,14,14
74113,133,118,15,15
74114,83,71,12,12
74115,63,88,-25,25
74116,81,80,1,1
74117,163,148,15,15
74118,109,107,2,2
74119,63,63,0,0
74120,90,86,4,4
74121,81,93,-12,12
74122,66,64,2,2
74123,120,123,-3,3
74124,89,83,6,6
74125,67,74,-7,7
74126,85,85,0,0
74127,78,79,-1,1
74128,75,80,-5,5
74129,198,179,19,19
74130,92,94,-2,2
74131,118,106,12,12
74132,57,60,-3,3
74133,155,138,17,17
74134,86,80,6,6
74135,67,66,1,1
74136,178,144,34,34
74137,68,71,-3,3
74138,85,84,1,1
74139,79,85,-6,6
74140,93,85,8,8
74141,50,56,-6,6
74142,58,64,-6,6
74143,104,102,2,2
74144,100,94,6,6
74145,201,179,22,22
74146,105,100,5,5
74147,105,104,1,1
74148,90,88,2,2
74149,68,73,-5,5
74150,74,78,-4,4
74151,60,59,1,1
74152,59,85,-26,26
74153,97,100,-3,3
74154,87,81,6,6
74155,55,65,-10,10
74156,111,98,13,13
74157,119,102,17,17
74158,115,114,1,1
74159,59,54,5,5
74160,61,62,-1,1
74161,30,64,-34,34
74162,96,89,7,7
74163,131,111,20,20
74164,183,171,12,12
74165,161,161,0,0
74166,146,140,6,6
74167,200,176,24,24
74168,100,99,1,1
74169,114,108,6,6
74170,108,103,5,5
74171,73,70,3,3
74172,75,71,4,4
74173,72,71,1,1
74174,143,146,-3,3
74175,101,90,11,11
74176,66,71,-5,5
74177,164,139,25,25
74178,85,80,5,5
74179,88,85,3,3
74180,98,99,-1,1
74181,54,106,-52,52
74182,95,95,0,0
74183,64,70,-6,6
74184,144,135,9,9
74185,105,102,3,3
74186,102,109,-7,7
74187,114,96,18,18
74188,54,61,-7,7
74189,112,99,13,13
74190,181,158,23,23
74191,110,100,10,10
74192,75,67,8,8
74193,51,62,-11,11
74194,98,92,6,6
74195,85,85,0,0
74196,54,65,-11,11
74197,57,63,-6,6
74198,77,85,-8,8
74199,66,80,-14,14
74200,84,75,9,9
74201,102,104,-2,2
74202,124,120,4,4
74203,129,120,9,9
74204,195,184,11,11
74205,111,106,5,5
74206,109,115,-6,6
74207,68,65,3,3
74208,57,57,0,0
74209,76,86,-10,10
74210,99,93,6,6
74211,78,86,-8,8
74212,124,117,7,7
74213,83,76,7,7
74214,82,75,7,7
74215,73,67,6,6
74216,66,70,-4,4
74217,102,102,0,0
74218,107,111,-4,4
74219,101,97,4,4
74220,119,117,2,2
74221,120,123,-3,3
74222,69,74,-5,5
74223,80,95,-15,15
74224,113,109,4,4
74225,63,72,-9,9
74226,94,84,10,10
74227,146,143,3,3
74228,109,104,5,5
74229,117,106,11,11
74230,66,68,-2,2
74231,151,127,24,24
74232,60,56,4,4
74233,146,152,-6,6
74234,135,128,7,7
74235,90,81,9,9
74236,48,53,-5,5
74237,71,68,3,3
74238,155,148,7,7
74239,86,74,12,12
74240,111,120,-9,9
74241,96,89,7,7
74242,137,145,-8,8
74243,81,87,-6,6
74244,60,65,-5,5
74245,83,98,-15,15
74246,106,104,2,2
74247,67,72,-5,5
74248,52,52,0,0
74249,104,98,6,6
74250,73,81,-8,8
74251,87,97,-10,10
74252,148,146,2,2
74253,77,73,4,4
74254,92,90,2,2
74255,201,181,20,20
74256,50,51,-1,1
74257,149,140,9,9
74258,150,127,23,23
74259,89,94,-5,5
74260,131,117,14,14
74261,73,67,6,6
74262,83,88,-5,5
74263,155,146,9,9
74264,80,61,19,19
74265,128,126,2,2
74266,59,57,2,2
74267,85,92,-7,7
74268,87,102,-15,15
74269,85,80,5,5
74270,72,73,-1,1
74271,72,74,-2,2
74272,56,59,-3,3
74273,127,119,8,8
74274,73,70,3,3
74275,94,80,14,14
74276,72,69,3,3
74277,48,46,2,2
74278,130,111,19,19
74279,103,87,16,16
74280,96,80,16,16
74281,140,140,0,0
74282,63,68,-5,5
74283,61,54,7,7
74284,78,76,2,2
74285,75,68,7,7
74286,81,84,-3,3
74287,79,86,-7,7
74288,94,94,0,0
74289,117,111,6,6
74290,59,55,4,4
74291,84,79,5,5
74292,149,136,13,13
74293,109,108,1,1
74294,46,54,-8,8
74295,131,112,19,19
74296,118,106,12,12
74297,83,90,-7,7
74298,68,84,-16,16
74299,70,84,-14,14
74300,49,54,-5,5
74301,73,70,3,3
74302,132,129,3,3
74303,93,87,6,6
74304,159,153,6,6
74305,107,109,-2,2
74306,185,164,21,21
74307,143,135,8,8
74308,60,68,-8,8
74309,78,69,9,9
74310,106,108,-2,2
74311,98,87,11,11
74312,101,85,16,16
74313,39,62,-23,23
74314,104,104,0,0
74315,51,66,-15,15
74316,88,84,4,4
74317,83,82,1,1
74318,116,128,-12,12
74319,59,55,4,4
74320,88,85,3,3
74321,206,166,40,40
74322,147,118,29,29
74323,40,51,-11,11
74324,45,48,-3,3
74325,89,90,-1,1
74326,146,134,12,12
74327,76,79,-3,3
74328,92,74,18,18
74329,35,47,-12,12
74330,77,92,-15,15
74331,104,105,-1,1
74332,97,87,10,10
74333,135,125,10,10
74334,63,63,0,0
74335,54,56,-2,2
74336,117,116,1,1
74337,79,75,4,4
74338,64,69,-5,5
74339,63,64,-1,1
74340,63,67,-4,4
74341,80,79,1,1
74342,136,131,5,5
74343,106,91,15,15
74344,76,73,3,3
74345,80,79,1,1
74346,126,115,11,11
74347,96,90,6,6
74348,56,54,2,2
74349,124,124,0,0
74350,137,129,8,8
74351,63,71,-8,8
74352,59,64,-5,5
74353,102,95,7,7
74354,41,44,-3,3
74355,84,88,-4,4
74356,99,100,-1,1
74357,108,110,-2,2
74358,125,124,1,1
74359,115,108,7,7
74360,84,80,4,4
74361,100,105,-5,5
74362,128,127,1,1
74363,60,62,-2,2
74364,77,78,-1,1
74365,63,63,0,0
74366,90,100,-10,10
74367,64,77,-13,13
74368,61,54,7,7
74369,99,101,-2,2
74370,97,100,-3,3
74371,65,65,0,0
74372,99,99,0,0
74373,181,164,17,17
74374,83,87,-4,4
74375,102,96,6,6
74376,136,135,1,1
74377,56,53,3,3
74378,132,122,10,10
74379,76,76,0,0
74380,101,93,8,8
74381,110,92,18,18
74382,51,49,2,2
74383,60,67,-7,7
74384,127,123,4,4
74385,81,103,-22,22
74386,59,64,-5,5
74387,82,82,0,0
74388,103,98,5,5
74389,99,93,6,6
74390,50,47,3,3
74391,85,95,-10,10
74392,67,64,3,3
74393,125,113,12,12
74394,93,87,6,6
74395,116,108,8,8
74396,68,78,-10,10
74397,77,77,0,0
74398,95,96,-1,1
74399,59,67,-8,8
74400,111,97,14,14
74401,79,83,-4,4
74402,84,85,-1,1
74403,89,97,-8,8
74404,164,153,11,11
74405,72,70,2,2
74406,78,80,-2,2
74407,149,150,-1,1
74408,95,79,16,16
74409,85,75,10,10
74410,96,95,1,1
74411,72,66,6,6
74412,112,97,15,15
74413,77,75,2,2
74414,40,46,-6,6
74415,110,105,5,5
74416,59,68,-9,9
74417,107,102,5,5
74418,66,77,-11,11
74419,87,86,1,1
74420,72,73,-1,1
74421,85,90,-5,5
74422,49,51,-2,2
74423,72,76,-4,4
74424,156,161,-5,5
74425,75,58,17,17
74426,83,74,9,9
74427,107,106,1,1
74428,97,87,10,10
74429,108,96,12,12
74430,89,81,8,8
74431,103,112,-9,9
74432,133,126,7,7
74433,56,52,4,4
74434,77,77,0,0
74435,88,99,-11,11
74436,106,111,-5,5
74437,134,133,1,1
74438,81,84,-3,3
74439,126,121,5,5
74440,69,70,-1,1
74441,120,158,-38,38
74442,121,116,5,5
74443,62,65,-3,3
74444,85,80,5,5
74445,93,87,6,6
74446,111,104,7,7
74447,99,114,-15,15
74448,50,52,-2,2
74449,98,102,-4,4
74450,83,72,11,11
74451,94,98,-4,4
74452,144,138,6,6
74453,49,52,-3,3
74454,46,46,0,0
74455,87,90,-3,3
74456,80,82,-2,2
74457,150,123,27,27
74458,67,76,-9,9
74459,39,42,-3,3
74460,82,78,4,4
74461,76,75,1,1
74462,56,58,-2,2
74463,33,45,-12,12
74464,95,92,3,3
74465,67,56,11,11
74466,87,91,-4,4
74467,101,92,9,9
74468,62,65,-3,3
74469,62,69,-7,7
74470,93,83,10,10
74471,71,61,10,10
74472,79,81,-2,2
74473,86,77,9,9
74474,70,73,-3,3
74475,117,108,9,9
74476,51,77,-26,26
74477,168,150,18,18
74478,120,106,14,14
74479,99,88,11,11
74480,73,77,-4,4
74481,120,118,2,2
74482,136,123,13,13
74483,57,64,-7,7
74484,89,82,7,7
74485,89,90,-1,1
74486,81,86,-5,5
74487,72,61,11,11
74488,104,99,5,5
74489,141,126,15,15
74490,79,80,-1,1
74491,167,153,14,14
74492,86,82,4,4
74493,138,118,20,20
74494,66,65,1,1
74495,59,57,2,2
74496,110,119,-9,9
74497,82,75,7,7
74498,92,92,0,0
74499,62,65,-3,3
74500,82,71,11,11
74501,62,67,-5,5
74502,94,84,10,10
74503,135,149,-14,14
74504,227,234,-7,7
74505,85,84,1,1
74506,74,84,-10,10
74507,106,136,-30,30
74508,52,55,-3,3
74509,96,116,-20,20
74510,97,95,2,2
74511,143,137,6,6
74512,84,72,12,12
74513,77,70,7,7
74514,49,50,-1,1
74515,116,107,9,9
74516,67,90,-23,23
74517,74,80,-6,6
74518,83,81,2,2
74519,77,74,3,3
74520,113,108,5,5
74521,125,114,11,11
74522,59,63,-4,4
74523,62,68,-6,6
74524,148,139,9,9
74525,56,67,-11,11
74526,85,96,-11,11
74527,158,137,21,21
74528,79,84,-5,5
74529,87,79,8,8
74530,115,139,-24,24
74531,62,61,1,1
74532,78,76,2,2
74533,107,96,11,11
74534,129,122,7,7
74535,109,100,9,9
74536,46,52,-6,6
74537,73,68,5,5
74538,47,47,0,0
74539,57,58,-1,1
74540,136,135,1,1
74541,74,70,4,4
74542,73,68,5,5
74543,117,111,6,6
74544,64,63,1,1
74545,65,75,-10,10
74546,61,60,1,1
74547,40,51,-11,11
74548,84,81,3,3
74549,96,99,-3,3
74550,108,95,13,13
74551,148,140,8,8
74552,111,106,5,5
74553,131,128,3,3
74554,55,65,-10,10
74555,132,123,9,9
74556,156,117,39,39
74557,68,66,2,2
74558,109,110,-1,1
74559,65,64,1,1
74560,78,71,7,7
74561,136,124,12,12
74562,190,186,4,4
74563,157,150,7,7
74564,110,106,4,4
74565,50,54,-4,4
74566,123,126,-3,3
74567,127,123,4,4
74568,88,87,1,1
74569,116,109,7,7
74570,85,92,-7,7
74571,116,106,10,10
74572,181,166,15,15
74573,87,90,-3,3
74574,135,132,3,3
74575,64,76,-12,12
74576,92,90,2,2
74577,59,60,-1,1
74578,81,70,11,11
74579,71,68,3,3
74580,130,132,-2,2
74581,96,85,11,11
74582,86,78,8,8
74583,107,117,-10,10
74584,118,107,11,11
74585,93,90,3,3
74586,88,95,-7,7
74587,54,62,-8,8
74588,101,97,4,4
74589,58,63,-5,5
74590,109,100,9,9
74591,106,106,0,0
74592,139,131,8,8
74593,50,58,-8,8
74594,168,160,8,8
74595,115,118,-3,3
74596,70,77,-7,7
74597,92,88,4,4
74598,133,125,8,8
74599,74,74,0,0
74600,159,157,2,2
74601,120,118,2,2
74602,84,99,-15,15
74603,103,106,-3,3
74604,183,148,35,35
74605,139,125,14,14
74606,86,82,4,4
74607,82,84,-2,2
74608,61,73,-12,12
74609,123,96,27,27
74610,87,86,1,1
74611,135,130,5,5
74612,99,92,7,7
74613,74,70,4,4
74614,74,78,-4,4
74615,139,136,3,3
74616,85,81,4,4
74617,70,76,-6,6
74618,106,100,6,6
74619,123,116,7,7
74620,100,98,2,2
74621,61,62,-1,1
74622,92,90,2,2
74623,132,132,0,0
74624,59,64,-5,5
74625,226,194,32,32
74626,84,74,10,10
74627,165,166,-1,1
74628,83,87,-4,4
74629,115,109,6,6
74630,159,139,20,20
74631,93,86,7,7
74632,126,128,-2,2
74633,51,51,0,0
74634,118,111,7,7
74635,80,71,9,9
74636,161,143,18,18
74637,91,90,1,1
74638,83,80,3,3
74639,91,85,6,6
74640,234,206,28,28
74641,78,74,4,4
74642,101,93,8,8
74643,72,74,-2,2
74644,92,71,21,21
74645,44,64,-20,20
74646,76,77,-1,1
74647,106,101,5,5
74648,119,99,20,20
74649,111,93,18,18
74650,111,115,-4,4
74651,105,93,12,12
74652,62,66,-4,4
74653,113,116,-3,3
74654,94,97,-3,3
74655,155,140,15,15
74656,59,56,3,3
74657,86,95,-9,9
74658,61,65,-4,4
74659,198,173,25,25
74660,83,81,2,2
74661,50,58,-8,8
74662,126,117,9,9
74663,95,86,9,9
74664,95,84,11,11
74665,24,40,-16,16
74666,90,95,-5,5
74667,47,48,-1,1
74668,64,76,-12,12
74669,107,108,-1,1
74670,94,83,11,11
74671,77,78,-1,1
74672,111,121,-10,10
74673,107,107,0,0
74674,33,45,-12,12
74675,73,70,3,3
74676,63,68,-5,5
74677,90,90,0,0
74678,89,164,-75,75
74679,79,75,4,4
74680,128,123,5,5
74681,91,90,1,1
74682,114,105,9,9
74683,103,95,8,8
74684,61,49,12,12
74685,122,128,-6,6
74686,114,108,6,6
74687,143,133,10,10
74688,75,77,-2,2
74689,66,65,1,1
74690,90,92,-2,2
74691,108,92,16,16
74692,74,79,-5,5
74693,137,129,8,8
74694,121,103,18,18
74695,85,101,-16,16
74696,47,52,-5,5
74697,51,62,-11,11
74698,79,75,4,4
74699,80,76,4,4
74700,111,107,4,4
74701,126,130,-4,4
74702,37,44,-7,7
74703,87,85,2,2
74704,102,98,4,4
74705,73,74,-1,1
74706,81,92,-11,11
74707,85,76,9,9
74708,127,115,12,12
74709,127,107,20,20
74710,93,102,-9,9
74711,122,121,1,1
74712,175,150,25,25
74713,96,95,1,1
74714,88,76,12,12
74715,162,138,24,24
74716,124,133,-9,9
74717,42,46,-4,4
74718,90,87,3,3
74719,91,87,4,4
74720,129,124,5,5
74721,53,58,-5,5
74722,75,79,-4,4
74723,88,88,0,0
74724,70,66,4,4
74725,185,171,14,14
74726,105,101,4,4
74727,128,116,12,12
74728,103,96,7,7
74729,100,102,-2,2
74730,71,72,-1,1
74731,157,135,22,22
74732,103,107,-4,4
74733,118,111,7,7
74734,140,168,-28,28
74735,102,102,0,0
74736,71,66,5,5
74737,143,142,1,1
74738,58,64,-6,6
74739,96,97,-1,1
74740,112,106,6,6
74741,85,83,2,2
74742,92,99,-7,7
74743,81,88,-7,7
74744,102,96,6,6
74745,43,65,-22,22
74746,87,82,5,5
74747,118,110,8,8
74748,85,78,7,7
74749,100,102,-2,2
74750,83,89,-6,6
74751,83,67,16,16
74752,89,85,4,4
74753,50,55,-5,5
74754,134,123,11,11
74755,65,56,9,9
74756,72,80,-8,8
74757,75,67,8,8
74758,78,78,0,0
74759,81,86,-5,5
74760,105,112,-7,7
74761,67,65,2,2
74762,136,69,67,67
74763,86,98,-12,12
74764,139,127,12,12
74765,78,73,5,5
74766,38,45,-7,7
74767,78,71,7,7
74768,59,54,5,5
74769,91,88,3,3
74770,152,141,11,11
74771,148,149,-1,1
74772,108,101,7,7
74773,77,71,6,6
74774,83,77,6,6
74775,89,82,7,7
74776,104,91,13,13
74777,117,119,-2,2
74778,151,140,11,11
74779,45,54,-9,9
74780,60,55,5,5
74781,125,124,1,1
74782,41,43,-2,2
74783,49,50,-1,1
74784,140,131,9,9
74785,90,91,-1,1
74786,93,91,2,2
74787,100,85,15,15
74788,125,112,13,13
74789,114,114,0,0
74790,128,124,4,4
74791,60,63,-3,3
74792,191,176,15,15
74793,140,137,3,3
74794,82,92,-10,10
74795,76,68,8,8
74796,117,113,4,4
74797,83,86,-3,3
74798,82,76,6,6
74799,122,126,-4,4
74800,60,65,-5,5
74801,117,114,3,3
74802,96,86,10,10
74803,115,113,2,2
74804,134,127,7,7
74805,109,107,2,2
74806,91,80,11,11
74807,72,74,-2,2
74808,96,88,8,8
74809,80,82,-2,2
74810,71,78,-7,7
74811,95,84,11,11
74812,101,100,1,1
74813,67,67,0,0
74814,87,94,-7,7
74815,89,90,-1,1
74816,62,63,-1,1
74817,126,145,-19,19
74818,78,86,-8,8
74819,100,104,-4,4
74820,96,93,3,3
74821,100,95,5,5
74822,59,62,-3,3
74823,93,90,3,3
74824,120,116,4,4
74825,70,76,-6,6
74826,46,51,-5,5
74827,153,142,11,11
74828,91,86,5,5
74829,94,93,1,1
74830,74,84,-10,10
74831,87,75,12,12
74832,76,77,-1,1
74833,56,60,-4,4
74834,104,121,-17,17
74835,126,120,6,6
74836,115,108,7,7
74837,107,112,-5,5
74838,41,54,-13,13
74839,75,67,8,8
74840,76,82,-6,6
74841,75,80,-5,5
74842,50,53,-3,3
74843,118,117,1,1
74844,131,124,7,7
74845,92,133,-41,41
74846,113,105,8,8
74847,126,110,16,16
74848,65,73,-8,8
74849,128,121,7,7
74850,89,87,2,2
74851,100,89,11,11
74852,85,80,5,5
74853,166,147,19,19
74854,100,108,-8,8
74855,119,117,2,2
74856,72,66,6,6
74857,78,79,-1,1
74858,70,65,5,5
74859,84,83,1,1
74860,56,53,3,3
74861,18,37,-19,19
74862,75,81,-6,6
74863,107,112,-5,5
74864,86,82,4,4
74865,128,127,1,1
74866,99,100,-1,1
74867,69,73,-4,4
74868,130,115,15,15
74869,127,124,3,3
74870,188,173,15,15
74871,99,96,3,3
74872,83,83,0,0
74873,105,91,14,14
74874,56,63,-7,7
74875,84,78,6,6
74876,43,52,-9,9
74877,104,112,-8,8
74878,93,93,0,0
74879,111,115,-4,4
74880,106,114,-8,8
74881,77,71,6,6
74882,74,69,5,5
74883,138,135,3,3
74884,47,46,1,1
74885,158,149,9,9
74886,111,106,5,5
74887,84,87,-3,3
74888,129,135,-6,6
74889,76,79,-3,3
74890,84,81,3,3
74891,67,68,-1,1
74892,61,56,5,5
74893,107,96,11,11
74894,79,70,9,9
74895,112,114,-2,2
74896,53,56,-3,3
74897,84,78,6,6
74898,46,48,-2,2
74899,115,105,10,10
74900,48,46,2,2
74901,51,54,-3,3
74902,73,87,-14,14
74903,81,97,-16,16
74904,53,54,-1,1
74905,144,133,11,11
74906,93,88,5,5
74907,63,78,-15,15
74908,47,46,1,1
74909,117,99,18,18
74910,172,139,33,33
74911,57,64,-7,7
74912,143,133,10,10
74913,108,112,-4,4
74914,140,128,12,12
74915,70,75,-5,5
74916,96,96,0,0
74917,107,104,3,3
74918,116,104,12,12
74919,120,116,4,4
74920,60,56,4,4
74921,77,84,-7,7
74922,112,109,3,3
74923,97,105,-8,8
74924,183,181,2,2
74925,95,90,5,5
74926,92,88,4,4
74927,76,89,-13,13
74928,99,96,3,3
74929,85,77,8,8
74930,76,79,-3,3
74931,93,91,2,2
74932,50,57,-7,7
74933,55,56,-1,1
74934,88,88,0,0
74935,97,102,-5,5
74936,83,83,0,0
74937,54,50,4,4
74938,86,77,9,9
74939,77,83,-6,6
74940,282,327,-45,45
74941,136,124,12,12
74942,91,81,10,10
74943,150,156,-6,6
74944,66,69,-3,3
74945,71,78,-7,7
74946,87,85,2,2
74947,87,90,-3,3
74948,119,117,2,2
74949,148,133,15,15
74950,117,108,9,9
74951,85,86,-1,1
74952,97,92,5,5
74953,49,61,-12,12
74954,103,105,-2,2
74955,38,43,-5,5
74956,86,95,-9,9
74957,49,47,2,2
74958,103,95,8,8
74959,103,122,-19,19
74960,45,49,-4,4
74961,103,96,7,7
74962,83,79,4,4
74963,95,88,7,7
74964,60,67,-7,7
74965,102,102,0,0
74966,138,147,-9,9
74967,83,79,4,4
74968,95,95,0,0
74969,96,91,5,5
74970,150,146,4,4
74971,53,51,2,2
74972,133,111,22,22
74973,45,51,-6,6
74974,50,47,3,3
74975,35,84,-49,49
74976,103,91,12,12
74977,58,59,-1,1
74978,72,74,-2,2
74979,100,103,-3,3
74980,95,89,6,6
74981,109,97,12,12
74982,57,68,-11,11
74983,68,85,-17,17
74984,89,83,6,6
74985,129,120,9,9
74986,118,110,8,8
74987,114,109,5,5
74988,112,104,8,8
74989,103,96,7,7
74990,95,91,4,4
74991,130,135,-5,5
74992,95,83,12,12
74993,129,123,6,6
74994,84,82,2,2
74995,103,104,-1,1
74996,146,136,10,10
74997,84,90,-6,6
74998,143,131,12,12
74999,84,82,2,2
75000,69,79,-10,10
75001,94,98,-4,4
75002,56,73,-17,17
75003,133,128,5,5
75004,49,63,-14,14
75005,58,54,4,4
75006,122,107,15,15
75007,117,112,5,5
75008,87,84,3,3
75009,113,111,2,2
75010,60,61,-1,1
75011,65,66,-1,1
75012,103,96,7,7
75013,152,135,17,17
75014,121,117,4,4
75015,119,113,6,6
75016,47,51,-4,4
75017,113,102,11,11
75018,101,97,4,4
75019,73,82,-9,9
75020,88,92,-4,4
75021,156,136,20,20
75022,99,91,8,8
75023,86,88,-2,2
75024,101,100,1,1
75025,91,88,3,3
75026,59,66,-7,7
75027,72,73,-1,1
75028,111,99,12,12
75029,108,104,4,4
75030,78,81,-3,3
75031,63,67,-4,4
75032,97,99,-2,2
75033,76,77,-1,1
75034,94,107,-13,13
75035,83,81,2,2
75036,72,72,0,0
75037,113,95,18,18
75038,126,116,10,10
75039,86,95,-9,9
75040,67,59,8,8
75041,149,136,13,13
75042,89,82,7,7
75043,115,102,13,13
75044,111,98,13,13
75045,135,139,-4,4
75046,54,58,-4,4
75047,123,124,-1,1
75048,82,87,-5,5
75049,26,42,-16,16
75050,66,66,0,0
75051,117,105,12,12
75052,135,138,-3,3
75053,70,67,3,3
75054,59,59,0,0
75055,141,133,8,8
75056,64,61,3,3
75057,126,124,2,2
75058,97,93,4,4
75059,54,55,-1,1
75060,99,96,3,3
75061,138,118,20,20
75062,130,132,-2,2
75063,111,88,23,23
75064,81,83,-2,2
75065,97,92,5,5
75066,146,136,10,10
75067,92,86,6,6
75068,68,59,9,9
75069,70,71,-1,1
75070,79,74,5,5
75071,57,64,-7,7
75072,70,66,4,4
75073,52,59,-7,7
75074,82,88,-6,6
75075,72,75,-3,3
75076,86,79,7,7
75077,124,106,18,18
75078,71,71,0,0
75079,75,66,9,9
75080,111,97,14,14
75081,85,72,13,13
75082,77,77,0,0
75083,116,114,2,2
75084,121,124,-3,3
75085,63,62,1,1
75086,65,65,0,0
75087,92,90,2,2
75088,115,109,6,6
75089,62,58,4,4
75090,90,84,6,6
75091,50,51,-1,1
75092,81,84,-3,3
75093,33,44,-11,11
75094,141,131,10,10
75095,51,50,1,1
75096,32,42,-10,10
75097,89,101,-12,12
75098,117,112,5,5
75099,97,103,-6,6
75100,92,82,10,10
75101,71,72,-1,1
75102,76,77,-1,1
75103,42,57,-15,15
75104,84,94,-10,10
75105,87,95,-8,8
75106,153,136,17,17
75107,91,90,1,1
75108,59,88,-29,29
75109,69,67,2,2
75110,109,100,9,9
75111,115,103,12,12
75112,169,164,5,5
75113,67,69,-2,2
75114,96,96,0,0
75115,94,90,4,4
75116,173,144,29,29
75117,96,88,8,8
75118,127,103,24,24
75119,58,60,-2,2
75120,69,68,1,1
75121,68,70,-2,2
75122,141,134,7,7
75123,110,128,-18,18
75124,46,87,-41,41
75125,56,114,-58,58
75126,99,106,-7,7
75127,117,113,4,4
75128,53,54,-1,1
75129,92,87,5,5
75130,100,107,-7,7
75131,100,89,11,11
75132,92,99,-7,7
75133,67,65,2,2
75134,148,130,18,18
75135,122,120,2,2
75136,162,152,10,10
75137,86,86,0,0
75138,165,140,25,25
75139,106,97,9,9
75140,84,98,-14,14
75141,97,94,3,3
75142,61,59,2,2
75143,187,179,8,8
75144,153,154,-1,1
75145,57,64,-7,7
75146,101,97,4,4
75147,154,121,33,33
75148,108,102,6,6
75149,55,52,3,3
75150,113,96,17,17
75151,55,56,-1,1
75152,101,89,12,12
75153,91,94,-3,3
75154,89,88,1,1
75155,96,87,9,9
75156,52,64,-12,12
75157,54,56,-2,2
75158,69,70,-1,1
75159,95,107,-12,12
75160,88,78,10,10
75161,126,121,5,5
75162,82,89,-7,7
75163,76,81,-5,5
75164,112,103,9,9
75165,117,106,11,11
75166,113,109,4,4
75167,97,87,10,10
75168,98,93,5,5
75169,83,78,5,5
75170,76,70,6,6
75171,80,73,7,7
75172,111,114,-3,3
75173,135,123,12,12
75174,62,65,-3,3
75175,140,134,6,6
75176,68,68,0,0
75177,141,138,3,3
75178,53,60,-7,7
75179,140,134,6,6
75180,74,73,1,1
75181,70,70,0,0
75182,78,85,-7,7
75183,103,92,11,11
75184,97,95,2,2
75185,75,77,-2,2
75186,143,139,4,4
75187,163,151,12,12
75188,71,72,-1,1
75189,58,60,-2,2
75190,69,72,-3,3
75191,72,72,0,0
75192,158,152,6,6
75193,93,101,-8,8
75194,80,79,1,1
75195,142,128,14,14
75196,46,66,-20,20
75197,76,69,7,7
75198,129,161,-32,32
75199,82,80,2,2
75200,146,134,12,12
75201,93,88,5,5
75202,113,104,9,9
75203,142,145,-3,3
75204,72,70,2,2
75205,74,74,0,0
75206,88,103,-15,15
75207,105,113,-8,8
75208,110,116,-6,6
75209,83,79,4,4
75210,27,49,-22,22
75211,136,129,7,7
75212,81,80,1,1
75213,98,90,8,8
75214,120,114,6,6
75215,92,77,15,15
75216,145,130,15,15
75217,137,129,8,8
75218,103,107,-4,4
75219,121,131,-10,10
75220,54,70,-16,16
75221,112,108,4,4
75222,76,75,1,1
75223,89,83,6,6
75224,160,137,23,23
75225,28,45,-17,17
75226,76,67,9,9
75227,165,157,8,8
75228,100,90,10,10
75229,152,135,17,17
75230,82,80,2,2
75231,94,82,12,12
75232,60,61,-1,1
75233,125,122,3,3
75234,69,70,-1,1
75235,120,93,27,27
75236,91,86,5,5
75237,96,91,5,5
75238,45,51,-6,6
75239,56,60,-4,4
75240,76,72,4,4
75241,75,79,-4,4
75242,79,81,-2,2
75243,124,114,10,10
75244,106,93,13,13
75245,122,118,4,4
75246,51,60,-9,9
75247,69,71,-2,2
75248,85,92,-7,7
75249,115,144,-29,29
75250,115,107,8,8
75251,115,106,9,9
75252,60,70,-10,10
75253,76,75,1,1
75254,32,45,-13,13
75255,79,78,1,1
75256,44,48,-4,4
75257,58,61,-3,3
75258,130,124,6,6
75259,132,122,10,10
75260,79,80,-1,1
75261,92,90,2,2
75262,144,133,11,11
75263,54,61,-7,7
75264,133,117,16,16
75265,64,74,-10,10
75266,92,89,3,3
75267,156,148,8,8
75268,58,52,6,6
75269,82,72,10,10
75270,86,85,1,1
75271,173,159,14,14
75272,94,88,6,6
75273,60,66,-6,6
75274,108,100,8,8
75275,126,118,8,8
75276,56,61,-5,5
75277,98,99,-1,1
75278,92,80,12,12
75279,117,103,14,14
75280,52,50,2,2
75281,94,88,6,6
75282,78,76,2,2
75283,76,102,-26,26
75284,67,66,1,1
75285,124,124,0,0
75286,128,120,8,8
75287,73,67,6,6
75288,62,59,3,3
75289,100,103,-3,3
75290,130,123,7,7
75291,61,62,-1,1
75292,262,225,37,37
75293,60,55,5,5
75294,102,109,-7,7
75295,57,57,0,0
75296,97,102,-5,5
75297,84,89,-5,5
75298,61,85,-24,24
75299,135,123,12,12
75300,104,84,20,20
75301,79,79,0,0
75302,187,158,29,29
75303,62,58,4,4
75304,94,90,4,4
75305,94,102,-8,8
75306,94,84,10,10
75307,126,113,13,13
75308,126,108,18,18
75309,108,98,10,10
75310,60,51,9,9
75311,93,102,-9,9
75312,53,65,-12,12
75313,61,64,-3,3
75314,79,79,0,0
75315,74,73,1,1
75316,50,49,1,1
75317,75,67,8,8
75318,40,52,-12,12
75319,47,50,-3,3
75320,78,83,-5,5
75321,51,55,-4,4
75322,97,98,-1,1
75323,54,48,6,6
75324,100,99,1,1
75325,91,87,4,4
75326,48,56,-8,8
75327,46,48,-2,2
75328,153,140,13,13
75329,123,115,8,8
75330,52,62,-10,10
75331,92,82,10,10
75332,71,78,-7,7
75333,141,124,17,17
75334,46,43,3,3
75335,72,75,-3,3
75336,84,80,4,4
75337,82,87,-5,5
75338,78,75,3,3
75339,77,68,9,9
75340,93,81,12,12
75341,47,51,-4,4
75342,67,67,0,0
75343,67,65,2,2
75344,113,102,11,11
75345,179,164,15,15
75346,95,93,2,2
75347,164,152,12,12
75348,45,49,-4,4
75349,127,114,13,13
75350,118,119,-1,1
75351,96,91,5,5
75352,57,52,5,5
75353,151,141,10,10
75354,69,82,-13,13
75355,79,78,1,1
75356,86,85,1,1
75357,186,171,15,15
75358,147,133,14,14
75359,109,110,-1,1
75360,97,86,11,11
75361,110,103,7,7
75362,69,68,1,1
75363,65,69,-4,4
75364,119,112,7,7
75365,58,64,-6,6
75366,77,76,1,1
75367,97,99,-2,2
75368,95,94,1,1
75369,123,124,-1,1
75370,107,123,-16,16
75371,117,107,10,10
75372,72,83,-11,11
75373,119,106,13,13
75374,103,98,5,5
75375,129,130,-1,1
75376,83,76,7,7
75377,248,237,11,11
75378,93,82,11,11
75379,129,125,4,4
75380,68,77,-9,9
75381,117,112,5,5
75382,87,85,2,2
75383,118,108,10,10
75384,98,90,8,8
75385,103,106,-3,3
75386,69,69,0,0
75387,110,101,9,9
75388,125,117,8,8
75389,113,109,4,4
75390,112,104,8,8
75391,81,75,6,6
75392,86,91,-5,5
75393,148,135,13,13
75394,102,93,9,9
75395,31,39,-8,8
75396,64,68,-4,4
75397,114,119,-5,5
75398,87,91,-4,4
75399,127,117,10,10
75400,91,94,-3,3
75401,74,70,4,4
75402,175,152,23,23
75403,223,177,46,46
75404,87,78,9,9
75405,67,64,3,3
75406,59,55,4,4
75407,104,88,16,16
75408,64,88,-24,24
75409,149,151,-2,2
75410,125,115,10,10
75411,45,48,-3,3
75412,93,94,-1,1
75413,86,87,-1,1
75414,80,73,7,7
75415,73,57,16,16
75416,92,83,9,9
75417,120,133,-13,13
75418,126,112,14,14
75419,73,75,-2,2
75420,54,58,-4,4
75421,65,70,-5,5
75422,100,95,5,5
75423,105,95,10,10
75424,85,79,6,6
75425,100,92,8,8
75426,81,83,-2,2
75427,67,67,0,0
75428,174,162,12,12
75429,132,123,9,9
75430,127,100,27,27
75431,96,101,-5,5
75432,73,70,3,3
75433,86,80,6,6
75434,73,73,0,0
75435,124,120,4,4
75436,75,70,5,5
75437,49,62,-13,13
75438,99,124,-25,25
75439,55,55,0,0
75440,141,110,31,31
75441,62,67,-5,5
75442,75,70,5,5
75443,99,95,4,4
75444,97,89,8,8
75445,104,95,9,9
75446,96,84,12,12
75447,122,116,6,6
75448,101,87,14,14
75449,109,111,-2,2
75450,111,104,7,7
75451,99,88,11,11
75452,77,83,-6,6
75453,118,117,1,1
75454,89,82,7,7
75455,75,81,-6,6
75456,59,59,0,0
75457,57,61,-4,4
75458,99,91,8,8
75459,88,78,10,10
75460,106,96,10,10
75461,101,101,0,0
75462,131,122,9,9
75463,127,120,7,7
75464,65,64,1,1
75465,101,87,14,14
75466,140,130,10,10
75467,122,113,9,9
75468,80,78,2,2
75469,128,130,-2,2
75470,85,88,-3,3
75471,111,109,2,2
75472,78,88,-10,10
75473,93,88,5,5
75474,42,43,-1,1
75475,66,53,13,13
75476,95,99,-4,4
75477,90,75,15,15
75478,100,103,-3,3
75479,82,80,2,2
75480,67,76,-9,9
75481,105,99,6,6
75482,110,96,14,14
75483,56,62,-6,6
75484,37,41,-4,4
75485,65,72,-7,7
75486,72,71,1,1
75487,106,104,2,2
75488,99,94,5,5
75489,104,98,6,6
75490,87,86,1,1
75491,76,85,-9,9
75492,53,46,7,7
75493,57,59,-2,2
75494,69,64,5,5
75495,83,77,6,6
75496,56,62,-6,6
75497,78,77,1,1
75498,95,100,-5,5
75499,78,79,-1,1
75500,74,73,1,1
75501,82,102,-20,20
75502,95,89,6,6
75503,85,78,7,7
75504,63,70,-7,7
75505,124,122,2,2
75506,67,60,7,7
75507,112,111,1,1
75508,94,90,4,4
75509,69,67,2,2
75510,121,126,-5,5
75511,82,86,-4,4
75512,111,105,6,6
75513,126,121,5,5
75514,74,69,5,5
75515,81,74,7,7
75516,100,101,-1,1
75517,148,134,14,14
75518,88,89,-1,1
75519,70,69,1,1
75520,150,127,23,23
75521,88,81,7,7
75522,28,40,-12,12
75523,93,89,4,4
75524,96,103,-7,7
75525,90,90,0,0
75526,150,156,-6,6
75527,75,78,-3,3
75528,93,100,-7,7
75529,150,139,11,11
75530,123,95,28,28
75531,133,132,1,1
75532,69,84,-15,15
75533,167,135,32,32
75534,46,43,3,3
75535,92,92,0,0
75536,54,57,-3,3
75537,154,134,20,20
75538,45,48,-3,3
75539,137,129,8,8
75540,115,105,10,10
75541,99,88,11,11
75542,93,86,7,7
75543,83,77,6,6
75544,115,101,14,14
75545,23,54,-31,31
75546,92,94,-2,2
75547,85,86,-1,1
75548,80,74,6,6
75549,190,185,5,5
75550,95,89,6,6
75551,153,131,22,22
75552,83,87,-4,4
75553,51,51,0,0
75554,85,81,4,4
75555,85,88,-3,3
75556,59,68,-9,9
75557,172,153,19,19
75558,53,57,-4,4
75559,128,110,18,18
75560,72,73,-1,1
75561,130,117,13,13
75562,54,58,-4,4
75563,145,114,31,31
75564,94,97,-3,3
75565,111,107,4,4
75566,35,60,-25,25
75567,74,78,-4,4
75568,85,88,-3,3
75569,129,115,14,14
75570,49,62,-13,13
75571,56,65,-9,9
75572,99,93,6,6
75573,79,95,-16,16
75574,129,118,11,11
75575,74,73,1,1
75576,78,88,-10,10
75577,70,73,-3,3
75578,157,166,-9,9
75579,98,95,3,3
75580,66,72,-6,6
75581,75,79,-4,4
75582,76,69,7,7
75583,94,100,-6,6
75584,100,91,9,9
75585,50,50,0,0
75586,98,98,0,0
75587,96,96,0,0
75588,134,130,4,4
75589,108,95,13,13
75590,212,198,14,14
75591,138,135,3,3
75592,88,81,7,7
75593,12,37,-25,25
75594,66,65,1,1
75595,98,86,12,12
75596,110,101,9,9
75597,75,76,-1,1
75598,146,140,6,6
75599,176,173,3,3
75600,91,83,8,8
75601,88,82,6,6
75602,51,55,-4,4
75603,190,168,22,22
75604,128,120,8,8
75605,74,73,1,1
75606,83,86,-3,3
75607,64,68,-4,4
75608,127,124,3,3
75609,130,116,14,14
75610,95,84,11,11
75611,66,136,-70,70
75612,46,42,4,4
75613,79,79,0,0
75614,110,100,10,10
75615,116,110,6,6
75616,68,71,-3,3
75617,70,83,-13,13
75618,59,74,-15,15
75619,107,93,14,14
75620,77,87,-10,10
75621,97,114,-17,17
75622,160,146,14,14
75623,130,137,-7,7
75624,60,60,0,0
75625,104,97,7,7
75626,91,90,1,1
75627,89,98,-9,9
75628,49,55,-6,6
75629,155,145,10,10
75630,94,92,2,2
75631,146,138,8,8
75632,87,90,-3,3
75633,127,116,11,11
75634,79,83,-4,4
75635,93,91,2,2
75636,121,122,-1,1
75637,74,67,7,7
75638,113,110,3,3
75639,163,148,15,15
75640,122,103,19,19
75641,118,117,1,1
75642,56,56,0,0
75643,129,116,13,13
75644,128,117,11,11
75645,159,142,17,17
75646,62,65,-3,3
75647,108,106,2,2
75648,72,68,4,4
75649,79,80,-1,1
75650,166,162,4,4
75651,62,71,-9,9
75652,144,140,4,4
75653,129,118,11,11
75654,72,72,0,0
75655,93,81,12,12
75656,86,96,-10,10
75657,126,117,9,9
75658,86,83,3,3
75659,87,87,0,0
75660,183,164,19,19
75661,68,70,-2,2
75662,80,78,2,2
75663,63,69,-6,6
75664,61,67,-6,6
75665,103,99,4,4
75666,46,48,-2,2
75667,107,96,11,11
75668,127,119,8,8
75669,89,85,4,4
75670,104,102,2,2
75671,82,84,-2,2
75672,114,113,1,1
75673,82,78,4,4
75674,109,109,0,0
75675,105,99,6,6
75676,67,71,-4,4
75677,64,64,0,0
75678,109,103,6,6
75679,50,53,-3,3
75680,49,52,-3,3
75681,89,93,-4,4
75682,163,155,8,8
75683,64,72,-8,8
75684,180,162,18,18
75685,73,117,-44,44
75686,155,141,14,14
75687,106,103,3,3
75688,102,92,10,10
75689,142,135,7,7
75690,62,65,-3,3
75691,93,90,3,3
75692,125,100,25,25
75693,71,68,3,3
75694,62,69,-7,7
75695,129,116,13,13
75696,109,116,-7,7
75697,174,157,17,17
75698,103,104,-1,1
75699,124,108,16,16
75700,74,78,-4,4
75701,96,89,7,7
75702,112,106,6,6
75703,78,80,-2,2
75704,59,58,1,1
75705,54,60,-6,6
75706,86,79,7,7
75707,99,108,-9,9
75708,120,131,-11,11
75709,134,121,13,13
75710,141,126,15,15
75711,99,101,-2,2
75712,92,90,2,2
75713,121,113,8,8
75714,74,71,3,3
75715,101,88,13,13
75716,14,106,-92,92
75717,80,78,2,2
75718,88,81,7,7
75719,60,67,-7,7
75720,112,110,2,2
75721,153,129,24,24
75722,108,98,10,10
75723,98,99,-1,1
75724,78,94,-16,16
75725,115,136,-21,21
75726,71,71,0,0
75727,129,124,5,5
75728,56,58,-2,2
75729,68,68,0,0
75730,80,81,-1,1
75731,110,118,-8,8
75732,86,93,-7,7
75733,139,132,7,7
75734,125,119,6,6
75735,73,74,-1,1
75736,122,112,10,10
75737,99,100,-1,1
75738,78,76,2,2
75739,150,135,15,15
75740,112,88,24,24
75741,95,97,-2,2
75742,85,81,4,4
75743,67,71,-4,4
75744,91,83,8,8
75745,110,97,13,13
75746,88,73,15,15
75747,115,122,-7,7
75748,78,75,3,3
75749,89,98,-9,9
75750,71,71,0,0
75751,65,61,4,4
75752,67,79,-12,12
75753,144,130,14,14
75754,98,97,1,1
75755,78,74,4,4
75756,130,130,0,0
75757,75,76,-1,1
75758,83,79,4,4
75759,72,67,5,5
75760,106,99,7,7
75761,44,48,-4,4
75762,108,103,5,5
75763,80,67,13,13
75764,98,101,-3,3
75765,97,95,2,2
75766,124,129,-5,5
75767,96,84,12,12
75768,71,72,-1,1
75769,118,119,-1,1
75770,115,107,8,8
75771,88,85,3,3
75772,104,97,7,7
75773,75,70,5,5
75774,115,100,15,15
75775,94,84,10,10
75776,97,97,0,0
75777,71,69,2,2
75778,73,84,-11,11
75779,64,68,-4,4
75780,61,67,-6,6
75781,46,48,-2,2
75782,81,77,4,4
75783,56,64,-8,8
75784,99,96,3,3
75785,131,136,-5,5
75786,75,91,-16,16
75787,74,69,5,5
75788,111,108,3,3
75789,136,127,9,9
75790,81,78,3,3
75791,50,54,-4,4
75792,95,89,6,6
75793,108,116,-8,8
75794,62,102,-40,40
75795,78,78,0,0
75796,92,90,2,2
75797,42,44,-2,2
75798,102,106,-4,4
75799,104,105,-1,1
75800,55,66,-11,11
75801,69,77,-8,8
75802,90,87,3,3
75803,63,82,-19,19
75804,101,103,-2,2
75805,43,46,-3,3
75806,69,74,-5,5
75807,109,103,6,6
75808,142,140,2,2
75809,140,132,8,8
75810,67,70,-3,3
75811,62,66,-4,4
75812,114,99,15,15
75813,107,98,9,9
75814,85,98,-13,13
75815,167,153,14,14
75816,163,161,2,2
75817,85,87,-2,2
75818,73,83,-10,10
75819,109,99,10,10
75820,61,67,-6,6
75821,77,80,-3,3
75822,207,175,32,32
75823,99,95,4,4
75824,182,161,21,21
75825,99,94,5,5
75826,83,88,-5,5
75827,75,78,-3,3
75828,139,132,7,7
75829,47,42,5,5
75830,65,81,-16,16
75831,143,111,32,32
75832,73,78,-5,5
75833,79,84,-5,5
75834,85,77,8,8
75835,88,91,-3,3
75836,141,131,10,10
75837,71,91,-20,20
75838,96,87,9,9
75839,153,140,13,13
75840,133,117,16,16
75841,80,85,-5,5
75842,171,170,1,1
75843,125,127,-2,2
75844,91,83,8,8
75845,61,63,-2,2
75846,131,116,15,15
75847,136,111,25,25
75848,58,59,-1,1
75849,93,86,7,7
75850,88,82,6,6
75851,68,69,-1,1
75852,129,124,5,5
75853,127,109,18,18
75854,98,140,-42,42
75855,87,86,1,1
75856,84,81,3,3
75857,51,82,-31,31
75858,72,71,1,1
75859,144,135,9,9
75860,96,96,0,0
75861,61,54,7,7
75862,86,82,4,4
75863,78,74,4,4
75864,51,57,-6,6
75865,151,137,14,14
75866,109,98,11,11
75867,108,110,-2,2
75868,80,77,3,3
75869,67,58,9,9
75870,125,133,-8,8
75871,75,68,7,7
75872,176,171,5,5
75873,105,105,0,0
75874,82,90,-8,8
75875,146,141,5,5
75876,49,82,-33,33
75877,68,86,-18,18
75878,119,117,2,2
75879,40,45,-5,5
75880,118,116,2,2
75881,65,63,2,2
75882,92,100,-8,8
75883,69,65,4,4
75884,110,102,8,8
75885,94,89,5,5
75886,152,169,-17,17
75887,118,114,4,4
75888,72,71,1,1
75889,141,130,11,11
75890,43,48,-5,5
75891,122,111,11,11
75892,73,74,-1,1
75893,92,98,-6,6
75894,101,110,-9,9
75895,66,66,0,0
75896,70,68,2,2
75897,43,48,-5,5
75898,84,77,7,7
75899,83,97,-14,14
75900,71,66,5,5
75901,97,84,13,13
75902,116,110,6,6
75903,107,110,-3,3
75904,152,140,12,12
75905,130,143,-13,13
75906,49,47,2,2
75907,111,104,7,7
75908,124,106,18,18
75909,75,75,0,0
75910,112,127,-15,15
75911,111,110,1,1
75912,97,93,4,4
75913,47,44,3,3
75914,114,99,15,15
75915,107,110,-3,3
75916,93,91,2,2
75917,107,104,3,3
75918,114,107,7,7
75919,124,124,0,0
75920,133,117,16,16
75921,64,68,-4,4
75922,80,81,-1,1
75923,155,137,18,18
75924,98,105,-7,7
75925,82,68,14,14
75926,50,55,-5,5
75927,64,61,3,3
75928,97,102,-5,5
75929,123,106,17,17
75930,46,56,-10,10
75931,78,71,7,7
75932,122,114,8,8
75933,181,158,23,23
75934,64,72,-8,8
75935,56,64,-8,8
75936,72,82,-10,10
75937,141,127,14,14
75938,126,115,11,11
75939,71,59,12,12
75940,81,70,11,11
75941,137,120,17,17
75942,91,90,1,1
75943,117,105,12,12
75944,160,149,11,11
75945,101,85,16,16
75946,55,65,-10,10
75947,104,104,0,0
75948,72,72,0,0
75949,165,154,11,11
75950,74,70,4,4
75951,72,74,-2,2
75952,138,115,23,23
75953,87,89,-2,2
75954,66,65,1,1
75955,78,83,-5,5
75956,80,73,7,7
75957,111,108,3,3
75958,132,123,9,9
75959,70,71,-1,1
75960,96,91,5,5
75961,127,122,5,5
75962,121,117,4,4
75963,57,55,2,2
75964,203,186,17,17
75965,94,90,4,4
75966,81,92,-11,11
75967,52,53,-1,1
75968,150,132,18,18
75969,83,106,-23,23
75970,99,90,9,9
75971,64,65,-1,1
75972,79,82,-3,3
75973,81,82,-1,1
75974,47,51,-4,4
75975,54,54,0,0
75976,152,137,15,15
75977,44,49,-5,5
75978,87,85,2,2
75979,161,146,15,15
75980,83,81,2,2
75981,75,79,-4,4
75982,111,115,-4,4
75983,60,55,5,5
75984,98,88,10,10
75985,74,80,-6,6
75986,81,76,5,5
75987,113,109,4,4
75988,110,98,12,12
75989,84,86,-2,2
75990,57,56,1,1
75991,70,71,-1,1
75992,175,156,19,19
75993,95,95,0,0
75994,94,90,4,4
75995,107,101,6,6
75996,75,78,-3,3
75997,85,90,-5,5
75998,162,135,27,27
75999,93,90,3,3
76000,73,76,-3,3
76001,86,86,0,0
76002,179,166,13,13
76003,202,189,13,13
76004,98,99,-1,1
76005,85,87,-2,2
76006,37,47,-10,10
76007,121,111,10,10
76008,128,119,9,9
76009,87,90,-3,3
76010,141,137,4,4
76011,70,63,7,7
76012,151,150,1,1
76013,116,115,1,1
76014,81,75,6,6
76015,81,74,7,7
76016,89,89,0,0
76017,124,102,22,22
76018,94,92,2,2
76019,56,66,-10,10
76020,151,141,10,10
76021,157,144,13,13
76022,70,73,-3,3
76023,154,143,11,11
76024,130,123,7,7
76025,121,111,10,10
76026,119,120,-1,1
76027,94,95,-1,1
76028,62,69,-7,7
76029,99,87,12,12
76030,82,73,9,9
76031,145,141,4,4
76032,107,116,-9,9
76033,107,105,2,2
76034,128,114,14,14
76035,52,52,0,0
76036,103,98,5,5
76037,70,71,-1,1
76038,161,154,7,7
76039,74,77,-3,3
76040,70,66,4,4
76041,114,102,12,12
76042,150,145,5,5
76043,105,113,-8,8
76044,119,123,-4,4
76045,71,78,-7,7
76046,102,92,10,10
76047,43,53,-10,10
76048,84,81,3,3
76049,70,76,-6,6
76050,82,81,1,1
76051,74,61,13,13
76052,98,93,5,5
76053,55,67,-12,12
76054,110,107,3,3
76055,145,148,-3,3
76056,80,79,1,1
76057,137,123,14,14
76058,77,88,-11,11
76059,80,76,4,4
76060,73,68,5,5
76061,83,76,7,7
76062,100,88,12,12
76063,85,81,4,4
76064,101,100,1,1
76065,79,81,-2,2
76066,89,97,-8,8
76067,60,66,-6,6
76068,112,90,22,22
76069,173,160,13,13
76070,60,59,1,1
76071,41,48,-7,7
76072,57,64,-7,7
76073,88,90,-2,2
76074,101,89,12,12
76075,82,72,10,10
76076,100,94,6,6
76077,85,89,-4,4
76078,117,97,20,20
76079,83,85,-2,2
76080,162,139,23,23
76081,59,61,-2,2
76082,127,118,9,9
76083,170,149,21,21
76084,114,105,9,9
76085,111,104,7,7
76086,44,50,-6,6
76087,91,93,-2,2
76088,76,83,-7,7
76089,64,72,-8,8
76090,67,64,3,3
76091,135,126,9,9
76092,75,74,1,1
76093,110,103,7,7
76094,84,78,6,6
76095,77,75,2,2
76096,97,96,1,1
76097,85,90,-5,5
76098,61,54,7,7
76099,86,84,2,2
76100,75,73,2,2
76101,83,107,-24,24
76102,168,157,11,11
76103,97,98,-1,1
76104,64,66,-2,2
76105,126,111,15,15
76106,85,89,-4,4
76107,111,108,3,3
76108,87,80,7,7
76109,101,111,-10,10
76110,162,116,46,46
76111,143,141,2,2
76112,123,111,12,12
76113,82,74,8,8
76114,101,98,3,3
76115,92,100,-8,8
76116,87,93,-6,6
76117,93,83,10,10
76118,100,105,-5,5
76119,92,83,9,9
76120,85,76,9,9
76121,49,49,0,0
76122,79,88,-9,9
76123,58,57,1,1
76124,85,89,-4,4
76125,61,65,-4,4
76126,140,135,5,5
76127,127,126,1,1
76128,152,143,9,9
76129,67,64,3,3
76130,64,64,0,0
76131,136,129,7,7
76132,74,69,5,5
76133,100,87,13,13
76134,158,139,19,19
76135,80,83,-3,3
76136,88,86,2,2
76137,110,115,-5,5
76138,74,65,9,9
76139,116,116,0,0
76140,82,80,2,2
76141,117,108,9,9
76142,81,79,2,2
76143,74,74,0,0
76144,104,103,1,1
76145,147,129,18,18
76146,82,78,4,4
76147,50,48,2,2
76148,180,160,20,20
76149,182,180,2,2
76150,63,74,-11,11
76151,190,161,29,29
76152,122,132,-10,10
76153,99,91,8,8
76154,66,68,-2,2
76155,53,67,-14,14
76156,63,65,-2,2
76157,125,130,-5,5
76158,112,100,12,12
76159,85,84,1,1
76160,56,62,-6,6
76161,85,79,6,6
76162,70,76,-6,6
76163,83,90,-7,7
76164,135,127,8,8
76165,57,56,1,1
76166,84,80,4,4
76167,90,98,-8,8
76168,59,70,-11,11
76169,77,72,5,5
76170,64,59,5,5
76171,99,101,-2,2
76172,109,100,9,9
76173,97,100,-3,3
76174,92,84,8,8
76175,87,92,-5,5
76176,42,46,-4,4
76177,74,83,-9,9
76178,162,171,-9,9
76179,125,108,17,17
76180,178,176,2,2
76181,98,102,-4,4
76182,89,93,-4,4
76183,72,62,10,10
76184,78,76,2,2
76185,53,62,-9,9
76186,85,79,6,6
76187,122,113,9,9
76188,101,101,0,0
76189,81,78,3,3
76190,128,93,35,35
76191,98,99,-1,1
76192,154,155,-1,1
76193,122,123,-1,1
76194,63,58,5,5
76195,83,88,-5,5
76196,98,93,5,5
76197,70,74,-4,4
76198,89,102,-13,13
76199,111,117,-6,6
76200,44,53,-9,9
76201,48,56,-8,8
76202,104,101,3,3
76203,106,102,4,4
76204,148,125,23,23
76205,128,126,2,2
76206,118,110,8,8
76207,105,89,16,16
76208,141,140,1,1
76209,115,100,15,15
76210,161,149,12,12
76211,71,90,-19,19
76212,149,137,12,12
76213,77,74,3,3
76214,117,105,12,12
76215,119,113,6,6
76216,116,100,16,16
76217,88,78,10,10
76218,107,106,1,1
76219,72,84,-12,12
76220,137,146,-9,9
76221,122,120,2,2
76222,126,119,7,7
76223,50,62,-12,12
76224,119,103,16,16
76225,79,72,7,7
76226,124,121,3,3
76227,128,125,3,3
76228,132,112,20,20
76229,90,85,5,5
76230,95,92,3,3
76231,97,88,9,9
76232,63,65,-2,2
76233,109,103,6,6
76234,133,135,-2,2
76235,104,100,4,4
76236,35,77,-42,42
76237,72,72,0,0
76238,65,69,-4,4
76239,120,104,16,16
76240,135,154,-19,19
76241,130,115,15,15
76242,137,132,5,5
76243,81,77,4,4
76244,83,85,-2,2
76245,51,56,-5,5
76246,77,84,-7,7
76247,116,105,11,11
76248,72,78,-6,6
76249,97,96,1,1
76250,78,74,4,4
76251,63,65,-2,2
76252,130,131,-1,1
76253,158,148,10,10
76254,75,80,-5,5
76255,76,75,1,1
76256,101,96,5,5
76257,44,52,-8,8
76258,74,73,1,1
76259,98,87,11,11
76260,134,137,-3,3
76261,104,97,7,7
76262,88,86,2,2
76263,179,166,13,13
76264,46,53,-7,7
76265,141,134,7,7
76266,91,80,11,11
76267,72,75,-3,3
76268,82,78,4,4
76269,73,73,0,0
76270,139,127,12,12
76271,124,118,6,6
76272,100,94,6,6
76273,98,92,6,6
76274,80,82,-2,2
76275,97,110,-13,13
76276,62,67,-5,5
76277,136,131,5,5
76278,93,89,4,4
76279,104,104,0,0
76280,158,149,9,9
76281,105,98,7,7
76282,82,67,15,15
76283,150,140,10,10
76284,161,144,17,17
76285,68,66,2,2
76286,97,96,1,1
76287,106,99,7,7
76288,75,72,3,3
76289,95,95,0,0
76290,84,82,2,2
76291,144,125,19,19
76292,115,111,4,4
76293,45,54,-9,9
76294,99,96,3,3
76295,91,86,5,5
76296,75,70,5,5
76297,134,113,21,21
76298,69,66,3,3
76299,74,71,3,3
76300,53,59,-6,6
76301,74,80,-6,6
76302,95,92,3,3
76303,54,57,-3,3
76304,96,89,7,7
76305,93,88,5,5
76306,108,105,3,3
76307,104,117,-13,13
76308,80,79,1,1
76309,87,76,11,11
76310,98,102,-4,4
76311,60,63,-3,3
76312,65,66,-1,1
76313,75,81,-6,6
76314,80,88,-8,8
76315,81,90,-9,9
76316,123,114,9,9
76317,89,97,-8,8
76318,142,132,10,10
76319,64,64,0,0
76320,100,100,0,0
76321,45,51,-6,6
76322,118,106,12,12
76323,73,75,-2,2
76324,74,73,1,1
76325,102,103,-1,1
76326,66,77,-11,11
76327,120,121,-1,1
76328,57,56,1,1
76329,149,128,21,21
76330,131,131,0,0
76331,81,75,6,6
76332,61,65,-4,4
76333,89,88,1,1
76334,66,64,2,2
76335,64,65,-1,1
76336,76,81,-5,5
76337,124,115,9,9
76338,48,60,-12,12
76339,68,67,1,1
76340,100,101,-1,1
76341,96,94,2,2
76342,50,49,1,1
76343,85,88,-3,3
76344,85,87,-2,2
76345,61,67,-6,6
76346,91,79,12,12
76347,72,70,2,2
76348,129,114,15,15
76349,104,94,10,10
76350,54,67,-13,13
76351,53,54,-1,1
76352,105,111,-6,6
76353,91,103,-12,12
76354,66,75,-9,9
76355,59,58,1,1
76356,118,114,4,4
76357,109,113,-4,4
76358,63,67,-4,4
76359,63,58,5,5
76360,68,66,2,2
76361,166,170,-4,4
76362,84,75,9,9
76363,66,65,1,1
76364,100,103,-3,3
76365,104,94,10,10
76366,65,68,-3,3
76367,57,56,1,1
76368,99,93,6,6
76369,96,111,-15,15
76370,71,69,2,2
76371,57,66,-9,9
76372,105,107,-2,2
76373,88,79,9,9
76374,54,57,-3,3
76375,181,161,20,20
76376,100,97,3,3
76377,103,97,6,6
76378,138,122,16,16
76379,65,67,-2,2
76380,71,74,-3,3
76381,70,69,1,1
76382,72,71,1,1
76383,66,60,6,6
76384,79,78,1,1
76385,169,160,9,9
76386,129,116,13,13
76387,129,101,28,28
76388,63,65,-2,2
76389,92,87,5,5
76390,109,108,1,1
76391,58,62,-4,4
76392,108,98,10,10
76393,107,95,12,12
76394,162,150,12,12
76395,57,59,-2,2
76396,109,113,-4,4
76397,86,87,-1,1
76398,91,84,7,7
76399,89,81,8,8
76400,93,93,0,0
76401,70,68,2,2
76402,73,73,0,0
76403,71,71,0,0
76404,59,56,3,3
76405,166,155,11,11
76406,71,66,5,5
76407,71,62,9,9
76408,132,112,20,20
76409,103,107,-4,4
76410,114,102,12,12
76411,103,108,-5,5
76412,98,92,6,6
76413,92,82,10,10
76414,102,111,-9,9
76415,113,112,1,1
76416,130,146,-16,16
76417,56,64,-8,8
76418,127,115,12,12
76419,53,68,-15,15
76420,129,120,9,9
76421,93,89,4,4
76422,133,118,15,15
76423,93,91,2,2
76424,92,89,3,3
76425,45,55,-10,10
76426,96,83,13,13
76427,104,122,-18,18
76428,65,61,4,4
76429,114,105,9,9
76430,52,52,0,0
76431,80,83,-3,3
76432,135,128,7,7
76433,78,113,-35,35
76434,69,66,3,3
76435,61,63,-2,2
76436,75,70,5,5
76437,131,127,4,4
76438,108,115,-7,7
76439,96,92,4,4
76440,178,157,21,21
76441,171,168,3,3
76442,81,74,7,7
76443,91,80,11,11
76444,69,76,-7,7
76445,146,134,12,12
76446,111,92,19,19
76447,65,66,-1,1
76448,86,81,5,5
76449,79,87,-8,8
76450,108,94,14,14
76451,94,92,2,2
76452,107,104,3,3
76453,100,95,5,5
76454,121,105,16,16
76455,144,151,-7,7
76456,66,69,-3,3
76457,40,47,-7,7
76458,99,99,0,0
76459,32,47,-15,15
76460,69,69,0,0
76461,145,139,6,6
76462,76,77,-1,1
76463,85,79,6,6
76464,53,57,-4,4
76465,27,42,-15,15
76466,55,71,-16,16
76467,41,42,-1,1
76468,57,65,-8,8
76469,83,80,3,3
76470,77,74,3,3
76471,85,95,-10,10
76472,118,103,15,15
76473,55,57,-2,2
76474,62,59,3,3
76475,111,105,6,6
76476,108,104,4,4
76477,89,92,-3,3
76478,97,85,12,12
76479,94,100,-6,6
76480,61,65,-4,4
76481,82,85,-3,3
76482,83,85,-2,2
76483,140,123,17,17
76484,152,125,27,27
76485,86,81,5,5
76486,33,42,-9,9
76487,88,85,3,3
76488,71,70,1,1
76489,97,109,-12,12
76490,81,81,0,0
76491,129,122,7,7
76492,55,56,-1,1
76493,122,119,3,3
76494,103,109,-6,6
76495,98,90,8,8
76496,89,80,9,9
76497,87,79,8,8
76498,79,83,-4,4
76499,98,106,-8,8
76500,49,67,-18,18
76501,82,81,1,1
76502,120,115,5,5
76503,108,105,3,3
76504,169,148,21,21
76505,161,151,10,10
76506,134,131,3,3
76507,96,95,1,1
76508,56,63,-7,7
76509,101,101,0,0
76510,86,90,-4,4
76511,82,85,-3,3
76512,85,88,-3,3
76513,79,72,7,7
76514,78,80,-2,2
76515,105,102,3,3
76516,142,132,10,10
76517,65,78,-13,13
76518,57,65,-8,8
76519,81,79,2,2
76520,139,107,32,32
76521,84,81,3,3
76522,81,77,4,4
76523,154,129,25,25
76524,147,133,14,14
76525,153,139,14,14
76526,73,80,-7,7
76527,141,127,14,14
76528,43,52,-9,9
76529,101,95,6,6
76530,42,49,-7,7
76531,78,76,2,2
76532,97,109,-12,12
76533,65,67,-2,2
76534,58,62,-4,4
76535,79,88,-9,9
76536,95,89,6,6
76537,105,117,-12,12
76538,37,48,-11,11
76539,82,97,-15,15
76540,130,120,10,10
76541,99,101,-2,2
76542,125,100,25,25
76543,51,66,-15,15
76544,87,86,1,1
76545,147,146,1,1
76546,61,54,7,7
76547,122,121,1,1
76548,70,77,-7,7
76549,81,74,7,7
76550,93,88,5,5
76551,136,131,5,5
76552,61,66,-5,5
76553,75,81,-6,6
76554,118,99,19,19
76555,110,111,-1,1
76556,153,155,-2,2
76557,57,57,0,0
76558,128,112,16,16
76559,118,102,16,16
76560,81,87,-6,6
76561,82,77,5,5
76562,126,118,8,8
76563,110,103,7,7
76564,91,91,0,0
76565,106,82,24,24
76566,92,87,5,5
76567,74,78,-4,4
76568,119,112,7,7
76569,47,50,-3,3
76570,81,89,-8,8
76571,101,93,8,8
76572,91,87,4,4
76573,68,68,0,0
76574,119,109,10,10
76575,90,81,9,9
76576,104,106,-2,2
76577,80,86,-6,6
76578,84,88,-4,4
76579,132,113,19,19
76580,32,70,-38,38
76581,139,129,10,10
76582,85,78,7,7
76583,83,84,-1,1
76584,55,55,0,0
76585,98,104,-6,6
76586,177,164,13,13
76587,81,84,-3,3
76588,90,97,-7,7
76589,133,114,19,19
76590,85,67,18,18
76591,58,53,5,5
76592,133,123,10,10
76593,81,77,4,4
76594,149,134,15,15
76595,107,101,6,6
76596,113,92,21,21
76597,108,94,14,14
76598,93,86,7,7
76599,100,91,9,9
76600,66,72,-6,6
76601,109,99,10,10
76602,77,83,-6,6
76603,208,171,37,37
76604,79,85,-6,6
76605,74,66,8,8
76606,74,70,4,4
76607,131,119,12,12
76608,127,111,16,16
76609,77,74,3,3
76610,100,80,20,20
76611,82,105,-23,23
76612,100,102,-2,2
76613,65,73,-8,8
76614,97,97,0,0
76615,146,124,22,22
76616,99,84,15,15
76617,117,102,15,15
76618,71,73,-2,2
76619,60,66,-6,6
76620,75,75,0,0
76621,46,46,0,0
76622,121,104,17,17
76623,55,53,2,2
76624,119,115,4,4
76625,178,167,11,11
76626,131,123,8,8
76627,123,113,10,10
76628,99,97,2,2
76629,164,131,33,33
76630,69,69,0,0
76631,55,56,-1,1
76632,148,149,-1,1
76633,67,63,4,4
76634,138,133,5,5
76635,115,105,10,10
76636,134,125,9,9
76637,91,99,-8,8
76638,94,89,5,5
76639,114,104,10,10
76640,92,87,5,5
76641,98,99,-1,1
76642,41,41,0,0
76643,49,55,-6,6
76644,59,68,-9,9
76645,90,87,3,3
76646,165,149,16,16
76647,53,56,-3,3
76648,67,67,0,0
76649,77,72,5,5
76650,87,81,6,6
76651,65,64,1,1
76652,133,126,7,7
76653,98,94,4,4
76654,103,99,4,4
76655,85,81,4,4
76656,153,140,13,13
76657,85,72,13,13
76658,126,129,-3,3
76659,102,110,-8,8
76660,115,110,5,5
76661,78,91,-13,13
76662,152,153,-1,1
76663,72,72,0,0
76664,65,66,-1,1
76665,71,71,0,0
76666,134,131,3,3
76667,104,102,2,2
76668,54,65,-11,11
76669,133,120,13,13
76670,99,85,14,14
76671,69,72,-3,3
76672,169,159,10,10
76673,94,95,-1,1
76674,106,107,-1,1
76675,86,89,-3,3
76676,107,101,6,6
76677,52,57,-5,5
76678,71,76,-5,5
76679,87,78,9,9
76680,155,157,-2,2
76681,58,62,-4,4
76682,144,127,17,17
76683,111,102,9,9
76684,90,87,3,3
76685,74,66,8,8
76686,100,90,10,10
76687,112,105,7,7
76688,117,114,3,3
76689,48,89,-41,41
76690,107,94,13,13
76691,144,134,10,10
76692,86,75,11,11
76693,101,93,8,8
76694,94,93,1,1
76695,129,112,17,17
76696,132,128,4,4
76697,61,65,-4,4
76698,103,106,-3,3
76699,104,94,10,10
76700,135,112,23,23
76701,76,80,-4,4
76702,112,111,1,1
76703,114,93,21,21
76704,69,66,3,3
76705,92,81,11,11
76706,80,82,-2,2
76707,139,124,15,15
76708,76,71,5,5
76709,71,65,6,6
76710,100,99,1,1
76711,106,94,12,12
76712,145,134,11,11
76713,76,88,-12,12
76714,92,101,-9,9
76715,49,48,1,1
76716,110,101,9,9
76717,92,93,-1,1
76718,173,139,34,34
76719,98,95,3,3
76720,175,144,31,31
76721,75,83,-8,8
76722,103,87,16,16
76723,111,123,-12,12
76724,215,198,17,17
76725,131,120,11,11
76726,67,76,-9,9
76727,127,134,-7,7
76728,72,75,-3,3
76729,43,70,-27,27
76730,65,68,-3,3
76731,69,65,4,4
76732,149,151,-2,2
76733,75,69,6,6
76734,81,82,-1,1
76735,76,66,10,10
76736,53,61,-8,8
76737,79,87,-8,8
76738,152,134,18,18
76739,97,98,-1,1
76740,48,51,-3,3
76741,107,106,1,1
76742,118,115,3,3
76743,78,76,2,2
76744,98,97,1,1
76745,121,112,9,9
76746,108,99,9,9
76747,59,56,3,3
76748,95,95,0,0
76749,98,95,3,3
76750,71,69,2,2
76751,76,74,2,2
76752,100,107,-7,7
76753,70,70,0,0
76754,71,62,9,9
76755,94,76,18,18
76756,86,89,-3,3
76757,102,104,-2,2
76758,106,102,4,4
76759,74,85,-11,11
76760,49,62,-13,13
76761,103,93,10,10
76762,70,71,-1,1
76763,168,163,5,5
76764,66,74,-8,8
76765,128,127,1,1
76766,110,104,6,6
76767,82,72,10,10
76768,92,85,7,7
76769,187,175,12,12
76770,101,115,-14,14
76771,47,47,0,0
76772,72,74,-2,2
76773,77,75,2,2
76774,30,42,-12,12
76775,124,120,4,4
76776,218,182,36,36
76777,110,108,2,2
76778,106,106,0,0
76779,133,117,16,16
76780,88,77,11,11
76781,58,56,2,2
76782,184,159,25,25
76783,152,131,21,21
76784,87,89,-2,2
76785,167,146,21,21
76786,93,95,-2,2
76787,130,106,24,24
76788,96,84,12,12
76789,119,118,1,1
76790,81,80,1,1
76791,52,52,0,0
76792,66,60,6,6
76793,102,106,-4,4
76794,76,70,6,6
76795,117,101,16,16
76796,98,92,6,6
76797,81,81,0,0
76798,99,105,-6,6
76799,81,74,7,7
76800,64,70,-6,6
76801,139,139,0,0
76802,84,83,1,1
76803,68,66,2,2
76804,42,44,-2,2
76805,73,64,9,9
76806,158,117,41,41
76807,101,103,-2,2
76808,122,111,11,11
76809,76,88,-12,12
76810,129,150,-21,21
76811,99,83,16,16
76812,71,66,5,5
76813,80,78,2,2
76814,141,121,20,20
76815,48,46,2,2
76816,146,130,16,16
76817,83,85,-2,2
76818,102,99,3,3
76819,87,85,2,2
76820,83,74,9,9
76821,63,74,-11,11
76822,89,87,2,2
76823,142,127,15,15
76824,90,95,-5,5
76825,97,91,6,6
76826,130,127,3,3
76827,88,81,7,7
76828,146,144,2,2
76829,118,102,16,16
76830,124,115,9,9
76831,108,114,-6,6
76832,53,60,-7,7
76833,78,79,-1,1
76834,54,57,-3,3
76835,121,104,17,17
76836,105,111,-6,6
76837,47,62,-15,15
76838,58,58,0,0
76839,126,114,12,12
76840,165,142,23,23
76841,118,108,10,10
76842,54,56,-2,2
76843,98,92,6,6
76844,39,40,-1,1
76845,88,92,-4,4
76846,85,87,-2,2
76847,92,99,-7,7
76848,101,96,5,5
76849,69,76,-7,7
76850,70,66,4,4
76851,57,97,-40,40
76852,89,88,1,1
76853,165,154,11,11
76854,88,88,0,0
76855,142,130,12,12
76856,109,110,-1,1
76857,105,102,3,3
76858,94,93,1,1
76859,124,115,9,9
76860,119,112,7,7
76861,41,46,-5,5
76862,102,97,5,5
76863,90,74,16,16
76864,126,125,1,1
76865,59,73,-14,14
76866,74,72,2,2
76867,104,106,-2,2
76868,101,96,5,5
76869,102,96,6,6
76870,123,123,0,0
76871,90,84,6,6
76872,85,78,7,7
76873,85,94,-9,9
76874,57,56,1,1
76875,73,77,-4,4
76876,73,76,-3,3
76877,106,109,-3,3
76878,47,49,-2,2
76879,91,92,-1,1
76880,93,81,12,12
76881,63,72,-9,9
76882,80,77,3,3
76883,71,70,1,1
76884,92,85,7,7
76885,125,113,12,12
76886,82,95,-13,13
76887,97,99,-2,2
76888,59,55,4,4
76889,125,132,-7,7
76890,115,102,13,13
76891,103,97,6,6
76892,97,94,3,3
76893,89,88,1,1
76894,78,76,2,2
76895,159,141,18,18
76896,117,119,-2,2
76897,100,90,10,10
76898,104,102,2,2
76899,97,105,-8,8
76900,114,104,10,10
76901,118,121,-3,3
76902,99,82,17,17
76903,98,90,8,8
76904,114,112,2,2
76905,99,95,4,4
76906,95,93,2,2
76907,68,75,-7,7
76908,119,110,9,9
76909,125,112,13,13
76910,74,74,0,0
76911,97,87,10,10
76912,101,98,3,3
76913,157,150,7,7
76914,141,129,12,12
76915,132,132,0,0
76916,104,103,1,1
76917,85,87,-2,2
76918,110,107,3,3
76919,91,100,-9,9
76920,53,50,3,3
76921,81,80,1,1
76922,78,81,-3,3
76923,79,91,-12,12
76924,73,69,4,4
76925,81,83,-2,2
76926,89,83,6,6
76927,78,74,4,4
76928,122,103,19,19
76929,64,70,-6,6
76930,52,52,0,0
76931,87,90,-3,3
76932,134,128,6,6
76933,104,93,11,11
76934,116,117,-1,1
76935,102,103,-1,1
76936,160,124,36,36
76937,83,77,6,6
76938,159,161,-2,2
76939,130,133,-3,3
76940,92,88,4,4
76941,95,92,3,3
76942,179,179,0,0
76943,132,107,25,25
76944,53,56,-3,3
76945,100,95,5,5
76946,105,92,13,13
76947,77,78,-1,1
76948,115,108,7,7
76949,126,122,4,4
76950,91,92,-1,1
76951,79,84,-5,5
76952,40,48,-8,8
76953,128,120,8,8
76954,145,128,17,17
76955,153,139,14,14
76956,81,76,5,5
76957,113,116,-3,3
76958,138,118,20,20
76959,100,102,-2,2
76960,77,72,5,5
76961,71,72,-1,1
76962,110,107,3,3
76963,118,110,8,8
76964,137,135,2,2
76965,94,92,2,2
76966,65,65,0,0
76967,52,71,-19,19
76968,74,79,-5,5
76969,68,67,1,1
76970,101,102,-1,1
76971,104,98,6,6
76972,138,127,11,11
76973,71,70,1,1
76974,140,120,20,20
76975,83,84,-1,1
76976,91,89,2,2
76977,125,111,14,14
76978,77,82,-5,5
76979,63,55,8,8
76980,116,107,9,9
76981,102,101,1,1
76982,121,124,-3,3
76983,116,107,9,9
76984,181,169,12,12
76985,112,120,-8,8
76986,151,148,3,3
76987,127,116,11,11
76988,87,84,3,3
76989,123,118,5,5
76990,74,85,-11,11
76991,161,152,9,9
76992,48,51,-3,3
76993,207,189,18,18
76994,124,123,1,1
76995,91,99,-8,8
76996,104,99,5,5
76997,118,117,1,1
76998,112,106,6,6
76999,70,67,3,3
77000,76,70,6,6
77001,133,118,15,15
77002,79,73,6,6
77003,56,66,-10,10
77004,111,132,-21,21
77005,48,56,-8,8
77006,80,66,14,14
77007,144,134,10,10
77008,39,43,-4,4
77009,91,93,-2,2
77010,97,92,5,5
77011,93,84,9,9
77012,142,125,17,17
77013,116,109,7,7
77014,86,92,-6,6
77015,128,130,-2,2
77016,101,106,-5,5
77017,53,61,-8,8
77018,153,139,14,14
77019,69,78,-9,9
77020,101,89,12,12
77021,146,143,3,3
77022,107,103,4,4
77023,86,87,-1,1
77024,44,49,-5,5
77025,64,74,-10,10
77026,90,72,18,18
77027,69,72,-3,3
77028,78,101,-23,23
77029,141,130,11,11
77030,54,50,4,4
77031,61,56,5,5
77032,140,122,18,18
77033,158,131,27,27
77034,96,88,8,8
77035,159,148,11,11
77036,155,128,27,27
77037,152,136,16,16
77038,62,54,8,8
77039,84,75,9,9
77040,197,179,18,18
77041,123,117,6,6
77042,80,80,0,0
77043,25,38,-13,13
77044,140,141,-1,1
77045,65,74,-9,9
77046,67,93,-26,26
77047,62,70,-8,8
77048,71,70,1,1
77049,138,132,6,6
77050,73,73,0,0
77051,84,86,-2,2
77052,227,196,31,31
77053,97,90,7,7
77054,47,49,-2,2
77055,74,76,-2,2
77056,75,79,-4,4
77057,64,67,-3,3
77058,107,107,0,0
77059,60,66,-6,6
77060,70,75,-5,5
77061,117,97,20,20
77062,110,112,-2,2
77063,118,115,3,3
77064,86,81,5,5
77065,61,74,-13,13
77066,72,73,-1,1
77067,153,138,15,15
77068,92,92,0,0
77069,117,115,2,2
77070,79,77,2,2
77071,111,98,13,13
77072,48,49,-1,1
77073,71,65,6,6
77074,100,96,4,4
77075,90,82,8,8
77076,67,70,-3,3
77077,111,107,4,4
77078,68,67,1,1
77079,113,101,12,12
77080,78,88,-10,10
77081,94,91,3,3
77082,86,87,-1,1
77083,131,125,6,6
77084,142,122,20,20
77085,83,91,-8,8
77086,62,79,-17,17
77087,74,67,7,7
77088,143,133,10,10
77089,163,155,8,8
77090,78,73,5,5
77091,42,45,-3,3
77092,69,71,-2,2
77093,68,70,-2,2
77094,132,121,11,11
77095,59,51,8,8
77096,107,103,4,4
77097,107,108,-1,1
77098,49,49,0,0
77099,114,111,3,3
77100,87,83,4,4
77101,103,85,18,18
77102,122,108,14,14
77103,114,108,6,6
77104,172,153,19,19
77105,69,72,-3,3
77106,57,64,-7,7
77107,108,102,6,6
77108,80,95,-15,15
77109,70,75,-5,5
77110,126,121,5,5
77111,102,92,10,10
77112,45,52,-7,7
77113,72,71,1,1
77114,174,151,23,23
77115,101,104,-3,3
77116,53,53,0,0
77117,71,70,1,1
77118,157,162,-5,5
77119,139,127,12,12
77120,116,100,16,16
77121,86,75,11,11
77122,96,87,9,9
77123,107,109,-2,2
77124,98,103,-5,5
77125,89,90,-1,1
77126,117,121,-4,4
77127,108,103,5,5
77128,54,55,-1,1
77129,116,114,2,2
77130,111,108,3,3
77131,139,137,2,2
77132,74,72,2,2
77133,117,115,2,2
77134,106,111,-5,5
77135,158,133,25,25
77136,97,98,-1,1
77137,70,64,6,6
77138,106,106,0,0
77139,82,79,3,3
77140,141,119,22,22
77141,132,124,8,8
77142,114,101,13,13
77143,145,129,16,16
77144,56,60,-4,4
77145,109,94,15,15
77146,131,114,17,17
77147,154,111,43,43
77148,73,70,3,3
77149,63,70,-7,7
77150,134,146,-12,12
77151,91,80,11,11
77152,127,115,12,12
77153,42,48,-6,6
77154,101,102,-1,1
77155,52,49,3,3
77156,143,137,6,6
77157,92,87,5,5
77158,84,82,2,2
77159,101,113,-12,12
77160,117,116,1,1
77161,85,83,2,2
77162,52,59,-7,7
77163,74,66,8,8
77164,78,65,13,13
77165,64,66,-2,2
77166,90,91,-1,1
77167,59,69,-10,10
77168,53,63,-10,10
77169,94,98,-4,4
77170,77,76,1,1
77171,108,87,21,21
77172,138,127,11,11
77173,83,85,-2,2
77174,150,133,17,17
77175,108,101,7,7
77176,64,67,-3,3
77177,101,111,-10,10
77178,92,85,7,7
77179,150,136,14,14
77180,133,125,8,8
77181,42,49,-7,7
77182,43,48,-5,5
77183,63,61,2,2
77184,82,85,-3,3
77185,56,50,6,6
77186,101,109,-8,8
77187,65,75,-10,10
77188,112,105,7,7
77189,50,52,-2,2
77190,130,118,12,12
77191,88,97,-9,9
77192,74,69,5,5
77193,129,129,0,0
77194,57,66,-9,9
77195,110,107,3,3
77196,99,98,1,1
77197,77,69,8,8
77198,117,106,11,11
77199,107,98,9,9
77200,62,57,5,5
77201,75,80,-5,5
77202,97,105,-8,8
77203,54,63,-9,9
77204,80,76,4,4
77205,84,80,4,4
77206,52,54,-2,2
77207,106,102,4,4
77208,99,112,-13,13
77209,92,89,3,3
77210,53,60,-7,7
77211,135,130,5,5
77212,116,95,21,21
77213,96,101,-5,5
77214,116,107,9,9
77215,90,86,4,4
77216,187,153,34,34
77217,55,92,-37,37
77218,48,53,-5,5
77219,77,82,-5,5
77220,74,76,-2,2
77221,97,103,-6,6
77222,159,148,11,11
77223,127,119,8,8
77224,83,85,-2,2
77225,67,69,-2,2
77226,103,89,14,14
77227,68,61,7,7
77228,75,73,2,2
77229,88,85,3,3
77230,82,108,-26,26
77231,128,111,17,17
77232,177,157,20,20
77233,140,127,13,13
77234,108,88,20,20
77235,59,53,6,6
77236,97,98,-1,1
77237,105,103,2,2
77238,59,58,1,1
77239,74,76,-2,2
77240,63,58,5,5
77241,53,52,1,1
77242,67,69,-2,2
77243,88,85,3,3
77244,116,110,6,6
77245,141,137,4,4
77246,123,120,3,3
77247,111,108,3,3
77248,89,87,2,2
77249,112,99,13,13
77250,118,113,5,5
77251,51,56,-5,5
77252,165,147,18,18
77253,70,72,-2,2
77254,92,80,12,12
77255,156,127,29,29
77256,160,137,23,23
77257,64,65,-1,1
77258,137,133,4,4
77259,93,87,6,6
77260,124,122,2,2
77261,77,78,-1,1
77262,128,121,7,7
77263,79,67,12,12
77264,61,80,-19,19
77265,112,100,12,12
77266,45,47,-2,2
77267,67,64,3,3
77268,126,120,6,6
77269,92,87,5,5
77270,74,75,-1,1
77271,67,76,-9,9
77272,105,95,10,10
77273,167,161,6,6
77274,131,122,9,9
77275,84,122,-38,38
77276,110,116,-6,6
77277,72,77,-5,5
77278,71,127,-56,56
77279,115,112,3,3
77280,159,150,9,9
77281,82,95,-13,13
77282,100,111,-11,11
77283,70,65,5,5
77284,104,102,2,2
77285,49,48,1,1
77286,104,106,-2,2
77287,101,100,1,1
77288,66,74,-8,8
77289,87,90,-3,3
77290,85,92,-7,7
77291,124,128,-4,4
77292,121,107,14,14
77293,97,87,10,10
77294,63,64,-1,1
77295,93,94,-1,1
77296,79,73,6,6
77297,49,51,-2,2
77298,95,91,4,4
77299,76,80,-4,4
77300,133,129,4,4
77301,66,68,-2,2
77302,85,89,-4,4
77303,228,257,-29,29
77304,124,128,-4,4
77305,90,82,8,8
77306,95,97,-2,2
77307,54,61,-7,7
77308,82,86,-4,4
77309,155,136,19,19
77310,173,158,15,15
77311,171,151,20,20
77312,42,54,-12,12
77313,141,132,9,9
77314,92,85,7,7
77315,94,90,4,4
77316,82,85,-3,3
77317,132,122,10,10
77318,124,113,11,11
77319,94,88,6,6
77320,60,61,-1,1
77321,58,65,-7,7
77322,102,105,-3,3
77323,112,104,8,8
77324,121,116,5,5
77325,133,135,-2,2
77326,54,68,-14,14
77327,105,107,-2,2
77328,82,87,-5,5
77329,104,94,10,10
77330,91,84,7,7
77331,103,105,-2,2
77332,96,101,-5,5
77333,147,154,-7,7
77334,95,96,-1,1
77335,111,116,-5,5
77336,106,106,0,0
77337,59,58,1,1
77338,77,75,2,2
77339,97,82,15,15
77340,73,57,16,16
77341,105,97,8,8
77342,122,112,10,10
77343,55,65,-10,10
77344,108,106,2,2
77345,59,56,3,3
77346,124,121,3,3
77347,116,117,-1,1
77348,100,92,8,8
77349,76,79,-3,3
77350,102,89,13,13
77351,95,101,-6,6
77352,138,124,14,14
77353,119,110,9,9
77354,78,78,0,0
77355,108,107,1,1
77356,34,42,-8,8
77357,105,103,2,2
77358,120,109,11,11
77359,91,91,0,0
77360,103,109,-6,6
77361,75,72,3,3
77362,176,156,20,20
77363,85,77,8,8
77364,75,74,1,1
77365,103,103,0,0
77366,81,84,-3,3
77367,105,110,-5,5
77368,50,64,-14,14
77369,118,111,7,7
77370,163,151,12,12
77371,137,123,14,14
77372,167,158,9,9
77373,116,114,2,2
77374,52,57,-5,5
77375,115,106,9,9
77376,188,183,5,5
77377,187,165,22,22
77378,84,80,4,4
77379,124,117,7,7
77380,95,97,-2,2
77381,79,87,-8,8
77382,72,64,8,8
77383,68,68,0,0
77384,116,111,5,5
77385,83,105,-22,22
77386,94,85,9,9
77387,63,66,-3,3
77388,200,203,-3,3
77389,61,65,-4,4
77390,148,131,17,17
77391,56,58,-2,2
77392,110,107,3,3
77393,94,94,0,0
77394,59,72,-13,13
77395,76,69,7,7
77396,67,73,-6,6
77397,102,106,-4,4
77398,165,142,23,23
77399,79,81,-2,2
77400,74,66,8,8
77401,136,122,14,14
77402,116,107,9,9
77403,95,98,-3,3
77404,112,106,6,6
77405,65,68,-3,3
77406,43,46,-3,3
77407,92,87,5,5
77408,48,54,-6,6
77409,75,74,1,1
77410,118,116,2,2
77411,99,93,6,6
77412,101,95,6,6
77413,41,65,-24,24
77414,78,83,-5,5
77415,129,113,16,16
77416,109,113,-4,4
77417,81,74,7,7
77418,167,150,17,17
77419,55,81,-26,26
77420,202,170,32,32
77421,118,109,9,9
77422,122,121,1,1
77423,67,65,2,2
77424,67,67,0,0
77425,54,54,0,0
77426,54,64,-10,10
77427,89,91,-2,2
77428,107,101,6,6
77429,94,94,0,0
77430,72,68,4,4
77431,127,127,0,0
77432,84,96,-12,12
77433,64,66,-2,2
77434,96,95,1,1
77435,116,109,7,7
77436,127,120,7,7
77437,128,115,13,13
77438,118,127,-9,9
77439,62,65,-3,3
77440,73,67,6,6
77441,36,43,-7,7
77442,165,137,28,28
77443,100,101,-1,1
77444,65,68,-3,3
77445,75,78,-3,3
77446,75,86,-11,11
77447,97,102,-5,5
77448,93,99,-6,6
77449,57,63,-6,6
77450,59,57,2,2
77451,85,83,2,2
77452,99,107,-8,8
77453,87,88,-1,1
77454,102,109,-7,7
77455,75,81,-6,6
77456,92,91,1,1
77457,79,87,-8,8
77458,50,58,-8,8
77459,48,56,-8,8
77460,217,180,37,37
77461,132,114,18,18
77462,101,97,4,4
77463,82,79,3,3
77464,116,117,-1,1
77465,112,99,13,13
77466,66,79,-13,13
77467,81,85,-4,4
77468,56,56,0,0
77469,97,87,10,10
77470,84,75,9,9
77471,37,45,-8,8
77472,74,71,3,3
77473,127,124,3,3
77474,54,56,-2,2
77475,80,74,6,6
77476,57,51,6,6
77477,106,83,23,23
77478,91,86,5,5
77479,103,101,2,2
77480,114,98,16,16
77481,131,126,5,5
77482,85,80,5,5
77483,85,86,-1,1
77484,93,91,2,2
77485,74,65,9,9
77486,88,87,1,1
77487,52,51,1,1
77488,41,43,-2,2
77489,82,82,0,0
77490,112,107,5,5
77491,67,59,8,8
77492,69,80,-11,11
77493,150,132,18,18
77494,93,93,0,0
77495,63,61,2,2
77496,95,83,12,12
77497,46,51,-5,5
77498,72,71,1,1
77499,77,84,-7,7
77500,87,89,-2,2
77501,121,118,3,3
77502,149,133,16,16
77503,82,69,13,13
77504,57,54,3,3
77505,127,110,17,17
77506,103,92,11,11
77507,96,95,1,1
77508,82,76,6,6
77509,161,148,13,13
77510,133,124,9,9
77511,73,69,4,4
77512,71,61,10,10
77513,168,163,5,5
77514,137,130,7,7
77515,72,69,3,3
77516,77,81,-4,4
77517,114,112,2,2
77518,115,111,4,4
77519,70,66,4,4
77520,78,82,-4,4
77521,118,116,2,2
77522,88,84,4,4
77523,81,76,5,5
77524,118,119,-1,1
77525,60,57,3,3
77526,98,98,0,0
77527,99,86,13,13
77528,55,55,0,0
77529,100,96,4,4
77530,75,76,-1,1
77531,77,70,7,7
77532,139,135,4,4
77533,99,90,9,9
77534,106,105,1,1
77535,92,96,-4,4
77536,87,85,2,2
77537,55,66,-11,11
77538,89,92,-3,3
77539,106,108,-2,2
77540,161,152,9,9
77541,72,74,-2,2
77542,119,104,15,15
77543,90,81,9,9
77544,110,106,4,4
77545,51,56,-5,5
77546,63,66,-3,3
77547,42,47,-5,5
77548,85,76,9,9
77549,144,133,11,11
77550,69,74,-5,5
77551,43,48,-5,5
77552,94,98,-4,4
77553,178,181,-3,3
77554,80,78,2,2
77555,65,67,-2,2
77556,62,65,-3,3
77557,62,57,5,5
77558,144,142,2,2
77559,102,96,6,6
77560,104,99,5,5
77561,45,53,-8,8
77562,57,56,1,1
77563,132,106,26,26
77564,105,94,11,11
77565,99,95,4,4
77566,60,69,-9,9
77567,72,75,-3,3
77568,122,120,2,2
77569,141,136,5,5
77570,94,86,8,8
77571,89,95,-6,6
77572,43,55,-12,12
77573,160,142,18,18
77574,84,74,10,10
77575,84,76,8,8
77576,90,93,-3,3
77577,68,70,-2,2
77578,189,175,14,14
77579,77,87,-10,10
77580,59,66,-7,7
77581,139,134,5,5
77582,98,95,3,3
77583,147,133,14,14
77584,158,133,25,25
77585,97,89,8,8
77586,109,110,-1,1
77587,112,108,4,4
77588,74,72,2,2
77589,155,139,16,16
77590,75,72,3,3
77591,129,115,14,14
77592,189,180,9,9
77593,98,98,0,0
77594,68,72,-4,4
77595,100,98,2,2
77596,136,118,18,18
77597,144,134,10,10
77598,123,123,0,0
77599,60,57,3,3
77600,131,122,9,9
77601,74,78,-4,4
77602,148,111,37,37
77603,112,104,8,8
77604,60,69,-9,9
77605,89,80,9,9
77606,83,88,-5,5
77607,100,92,8,8
77608,70,70,0,0
77609,119,124,-5,5
77610,52,59,-7,7
77611,72,73,-1,1
77612,127,124,3,3
77613,82,83,-1,1
77614,65,61,4,4
77615,75,67,8,8
77616,65,69,-4,4
77617,80,95,-15,15
77618,95,114,-19,19
77619,74,79,-5,5
77620,107,98,9,9
77621,63,67,-4,4
77622,117,113,4,4
77623,83,71,12,12
77624,74,68,6,6
77625,56,54,2,2
77626,143,146,-3,3
77627,61,70,-9,9
77628,92,93,-1,1
77629,147,155,-8,8
77630,68,78,-10,10
77631,95,90,5,5
77632,80,82,-2,2
77633,129,115,14,14
77634,133,147,-14,14
77635,47,46,1,1
77636,65,56,9,9
77637,85,82,3,3
77638,100,92,8,8
77639,113,105,8,8
77640,104,96,8,8
77641,70,67,3,3
77642,16,34,-18,18
77643,102,94,8,8
77644,125,104,21,21
77645,83,82,1,1
77646,114,94,20,20
77647,150,142,8,8
77648,164,146,18,18
77649,97,91,6,6
77650,71,67,4,4
77651,78,76,2,2
77652,128,122,6,6
77653,111,100,11,11
77654,78,73,5,5
77655,83,80,3,3
77656,84,77,7,7
77657,81,83,-2,2
77658,103,107,-4,4
77659,91,94,-3,3
77660,79,77,2,2
77661,84,83,1,1
77662,143,118,25,25
77663,97,91,6,6
77664,85,80,5,5
77665,120,107,13,13
77666,88,97,-9,9
77667,114,94,20,20
77668,116,106,10,10
77669,72,81,-9,9
77670,101,92,9,9
77671,129,123,6,6
77672,119,103,16,16
77673,86,88,-2,2
77674,75,81,-6,6
77675,76,71,5,5
77676,84,73,11,11
77677,75,75,0,0
77678,124,117,7,7
77679,177,179,-2,2
77680,75,74,1,1
77681,117,116,1,1
77682,99,125,-26,26
77683,50,52,-2,2
77684,70,76,-6,6
77685,115,108,7,7
77686,60,60,0,0
77687,96,88,8,8
77688,142,135,7,7
77689,87,82,5,5
77690,112,110,2,2
77691,116,99,17,17
77692,56,57,-1,1
77693,158,155,3,3
77694,188,174,14,14
77695,181,159,22,22
77696,104,87,17,17
77697,159,150,9,9
77698,122,128,-6,6
77699,69,76,-7,7
77700,105,96,9,9
77701,84,89,-5,5
77702,80,81,-1,1
77703,62,57,5,5
77704,75,71,4,4
77705,72,79,-7,7
77706,86,84,2,2
77707,99,119,-20,20
77708,59,60,-1,1
77709,104,93,11,11
77710,78,80,-2,2
77711,97,97,0,0
77712,129,116,13,13
77713,64,74,-10,10
77714,105,95,10,10
77715,93,84,9,9
77716,92,92,0,0
77717,40,43,-3,3
77718,98,103,-5,5
77719,132,130,2,2
77720,67,75,-8,8
77721,51,83,-32,32
77722,81,91,-10,10
77723,142,138,4,4
77724,145,135,10,10
77725,72,69,3,3
77726,102,92,10,10
77727,87,84,3,3
77728,111,107,4,4
77729,80,78,2,2
77730,85,84,1,1
77731,144,131,13,13
77732,66,75,-9,9
77733,98,89,9,9
77734,91,92,-1,1
77735,61,65,-4,4
77736,46,55,-9,9
77737,89,95,-6,6
77738,105,95,10,10
77739,102,90,12,12
77740,100,98,2,2
77741,58,66,-8,8
77742,116,113,3,3
77743,73,77,-4,4
77744,96,94,2,2
77745,89,86,3,3
77746,79,83,-4,4
77747,74,73,1,1
77748,100,88,12,12
77749,35,52,-17,17
77750,49,51,-2,2
77751,79,74,5,5
77752,102,91,11,11
77753,104,83,21,21
77754,198,171,27,27
77755,136,117,19,19
77756,62,72,-10,10
77757,100,96,4,4
77758,89,85,4,4
77759,131,122,9,9
77760,82,83,-1,1
77761,157,141,16,16
77762,71,72,-1,1
77763,54,53,1,1
77764,115,114,1,1
77765,80,79,1,1
77766,69,65,4,4
77767,80,72,8,8
77768,89,91,-2,2
77769,91,89,2,2
77770,171,138,33,33
77771,86,82,4,4
77772,120,116,4,4
77773,72,73,-1,1
77774,67,63,4,4
77775,122,137,-15,15
77776,71,77,-6,6
77777,119,115,4,4
77778,80,79,1,1
77779,110,99,11,11
77780,47,51,-4,4
77781,193,168,25,25
77782,80,76,4,4
77783,52,53,-1,1
77784,61,62,-1,1
77785,90,90,0,0
77786,85,84,1,1
77787,74,74,0,0
77788,85,83,2,2
77789,125,143,-18,18
77790,150,136,14,14
77791,89,85,4,4
77792,93,87,6,6
77793,131,129,2,2
77794,66,68,-2,2
77795,78,73,5,5
77796,151,145,6,6
77797,91,93,-2,2
77798,75,81,-6,6
77799,39,45,-6,6
77800,54,53,1,1
77801,106,99,7,7
77802,128,125,3,3
77803,49,58,-9,9
77804,124,119,5,5
77805,76,75,1,1
77806,89,84,5,5
77807,48,45,3,3
77808,135,151,-16,16
77809,108,110,-2,2
77810,113,99,14,14
77811,97,94,3,3
77812,155,149,6,6
77813,154,136,18,18
77814,118,105,13,13
77815,87,79,8,8
77816,56,62,-6,6
77817,56,76,-20,20
77818,70,81,-11,11
77819,45,51,-6,6
77820,49,74,-25,25
77821,91,79,12,12
77822,76,72,4,4
77823,81,99,-18,18
77824,121,117,4,4
77825,109,105,4,4
77826,72,75,-3,3
77827,75,73,2,2
77828,35,48,-13,13
77829,90,92,-2,2
77830,132,124,8,8
77831,140,153,-13,13
77832,75,80,-5,5
77833,76,73,3,3
77834,111,128,-17,17
77835,92,98,-6,6
77836,120,130,-10,10
77837,119,111,8,8
77838,78,84,-6,6
77839,86,79,7,7
77840,60,66,-6,6
77841,158,142,16,16
77842,94,87,7,7
77843,126,115,11,11
77844,112,97,15,15
77845,112,101,11,11
77846,73,78,-5,5
77847,94,96,-2,2
77848,133,121,12,12
77849,70,67,3,3
77850,83,78,5,5
77851,117,115,2,2
77852,104,96,8,8
77853,109,101,8,8
77854,173,146,27,27
77855,55,69,-14,14
77856,46,50,-4,4
77857,36,44,-8,8
77858,76,80,-4,4
77859,136,125,11,11
77860,102,100,2,2
77861,110,103,7,7
77862,94,88,6,6
77863,80,81,-1,1
77864,149,136,13,13
77865,249,222,27,27
77866,150,151,-1,1
77867,49,56,-7,7
77868,58,57,1,1
77869,54,54,0,0
77870,83,70,13,13
77871,119,104,15,15
77872,58,63,-5,5
77873,123,108,15,15
77874,125,112,13,13
77875,115,118,-3,3
77876,74,86,-12,12
77877,71,65,6,6
77878,162,137,25,25
77879,96,96,0,0
77880,63,66,-3,3
77881,87,90,-3,3
77882,74,66,8,8
77883,70,87,-17,17
77884,114,116,-2,2
77885,72,68,4,4
77886,58,66,-8,8
77887,117,104,13,13
77888,77,96,-19,19
77889,57,67,-10,10
77890,142,130,12,12
77891,57,65,-8,8
77892,77,76,1,1
77893,100,119,-19,19
77894,92,104,-12,12
77895,53,58,-5,5
77896,98,88,10,10
77897,96,95,1,1
77898,67,64,3,3
77899,69,67,2,2
77900,108,108,0,0
77901,97,89,8,8
77902,75,71,4,4
77903,97,99,-2,2
77904,127,114,13,13
77905,87,84,3,3
77906,86,82,4,4
77907,84,75,9,9
77908,86,86,0,0
77909,88,84,4,4
77910,97,95,2,2
77911,86,81,5,5
77912,79,83,-4,4
77913,183,171,12,12
77914,97,96,1,1
77915,136,128,8,8
77916,78,78,0,0
77917,128,124,4,4
77918,116,109,7,7
77919,167,156,11,11
77920,143,148,-5,5
77921,72,74,-2,2
77922,101,98,3,3
77923,89,89,0,0
77924,63,58,5,5
77925,136,124,12,12
77926,129,123,6,6
77927,77,78,-1,1
77928,70,80,-10,10
77929,114,105,9,9
77930,100,110,-10,10
77931,133,119,14,14
77932,130,124,6,6
77933,64,61,3,3
77934,105,93,12,12
77935,171,149,22,22
77936,120,110,10,10
77937,95,91,4,4
77938,72,76,-4,4
77939,75,69,6,6
77940,110,94,16,16
77941,119,105,14,14
77942,184,163,21,21
77943,132,120,12,12
77944,128,133,-5,5
77945,78,90,-12,12
77946,124,118,6,6
77947,123,121,2,2
77948,105,90,15,15
77949,51,64,-13,13
77950,89,99,-10,10
77951,58,65,-7,7
77952,112,101,11,11
77953,97,96,1,1
77954,95,94,1,1
77955,79,79,0,0
77956,85,85,0,0
77957,135,115,20,20
77958,127,126,1,1
77959,95,83,12,12
77960,141,142,-1,1
77961,76,83,-7,7
77962,63,65,-2,2
77963,106,101,5,5
77964,95,88,7,7
77965,91,91,0,0
77966,147,140,7,7
77967,124,112,12,12
77968,88,78,10,10
77969,70,74,-4,4
77970,80,88,-8,8
77971,41,48,-7,7
77972,59,57,2,2
77973,97,101,-4,4
77974,61,65,-4,4
77975,148,128,20,20
77976,106,92,14,14
77977,102,108,-6,6
77978,66,67,-1,1
77979,75,74,1,1
77980,98,89,9,9
77981,58,57,1,1
77982,59,59,0,0
77983,53,52,1,1
77984,53,77,-24,24
77985,121,103,18,18
77986,101,89,12,12
77987,145,130,15,15
77988,57,59,-2,2
77989,74,70,4,4
77990,65,66,-1,1
77991,79,87,-8,8
77992,117,122,-5,5
77993,65,65,0,0
77994,64,72,-8,8
77995,81,75,6,6
77996,125,102,23,23
77997,67,67,0,0
77998,69,69,0,0
77999,59,53,6,6
78000,126,115,11,11
78001,106,106,0,0
78002,63,65,-2,2
78003,89,93,-4,4
78004,120,97,23,23
78005,97,100,-3,3
78006,70,67,3,3
78007,116,117,-1,1
78008,77,68,9,9
78009,49,53,-4,4
78010,71,66,5,5
78011,64,74,-10,10
78012,72,64,8,8
78013,128,107,21,21
78014,98,92,6,6
78015,66,66,0,0
78016,112,111,1,1
78017,51,53,-2,2
78018,85,81,4,4
78019,100,93,7,7
78020,92,89,3,3
78021,111,108,3,3
78022,100,111,-11,11
78023,96,93,3,3
78024,166,144,22,22
78025,137,139,-2,2
78026,72,68,4,4
78027,115,114,1,1
78028,88,83,5,5
78029,91,88,3,3
78030,103,113,-10,10
78031,47,54,-7,7
78032,86,95,-9,9
78033,136,123,13,13
78034,157,152,5,5
78035,124,117,7,7
78036,137,131,6,6
78037,101,102,-1,1
78038,74,67,7,7
78039,85,73,12,12
78040,45,47,-2,2
78041,168,154,14,14
78042,115,101,14,14
78043,116,125,-9,9
78044,84,88,-4,4
78045,102,98,4,4
78046,59,71,-12,12
78047,106,108,-2,2
78048,60,71,-11,11
78049,123,111,12,12
78050,85,74,11,11
78051,60,69,-9,9
78052,82,72,10,10
78053,160,139,21,21
78054,82,80,2,2
78055,83,84,-1,1
78056,73,78,-5,5
78057,113,114,-1,1
78058,95,82,13,13
78059,100,93,7,7
78060,40,46,-6,6
78061,80,84,-4,4
78062,110,105,5,5
78063,144,142,2,2
78064,115,102,13,13
78065,64,77,-13,13
78066,119,104,15,15
78067,102,104,-2,2
78068,159,132,27,27
78069,104,95,9,9
78070,91,92,-1,1
78071,133,130,3,3
78072,98,94,4,4
78073,96,99,-3,3
78074,134,125,9,9
78075,160,145,15,15
78076,59,69,-10,10
78077,74,79,-5,5
78078,106,91,15,15
78079,64,60,4,4
78080,90,94,-4,4
78081,67,67,0,0
78082,100,97,3,3
78083,68,70,-2,2
78084,159,148,11,11
78085,87,89,-2,2
78086,123,127,-4,4
78087,78,76,2,2
78088,95,84,11,11
78089,56,71,-15,15
78090,102,101,1,1
78091,108,94,14,14
78092,73,69,4,4
78093,111,108,3,3
78094,137,126,11,11
78095,84,88,-4,4
78096,89,80,9,9
78097,70,82,-12,12
78098,78,80,-2,2
78099,152,142,10,10
78100,81,81,0,0
78101,49,51,-2,2
78102,69,72,-3,3
78103,102,88,14,14
78104,62,67,-5,5
78105,91,90,1,1
78106,72,56,16,16
78107,47,49,-2,2
78108,184,154,30,30
78109,103,88,15,15
78110,69,75,-6,6
78111,51,60,-9,9
78112,120,128,-8,8
78113,105,84,21,21
78114,46,58,-12,12
78115,75,74,1,1
78116,71,66,5,5
78117,45,53,-8,8
78118,80,84,-4,4
78119,79,88,-9,9
78120,78,76,2,2
78121,62,72,-10,10
78122,86,84,2,2
78123,122,117,5,5
78124,101,90,11,11
78125,72,74,-2,2
78126,141,132,9,9
78127,69,73,-4,4
78128,93,84,9,9
78129,55,52,3,3
78130,121,114,7,7
78131,105,106,-1,1
78132,99,85,14,14
78133,195,167,28,28
78134,76,75,1,1
78135,124,113,11,11
78136,100,82,18,18
78137,152,148,4,4
78138,108,102,6,6
78139,49,50,-1,1
78140,176,159,17,17
78141,104,187,-83,83
78142,81,67,14,14
78143,97,93,4,4
78144,58,58,0,0
78145,110,101,9,9
78146,55,64,-9,9
78147,69,66,3,3
78148,107,127,-20,20
78149,71,67,4,4
78150,88,87,1,1
78151,43,53,-10,10
78152,117,115,2,2
78153,81,68,13,13
78154,75,78,-3,3
78155,108,103,5,5
78156,63,65,-2,2
78157,74,79,-5,5
78158,68,70,-2,2
78159,62,65,-3,3
78160,52,52,0,0
78161,78,84,-6,6
78162,108,114,-6,6
78163,188,157,31,31
78164,61,65,-4,4
78165,77,73,4,4
78166,97,87,10,10
78167,67,66,1,1
78168,77,101,-24,24
78169,91,92,-1,1
78170,69,71,-2,2
78171,131,131,0,0
78172,56,54,2,2
78173,49,56,-7,7
78174,126,122,4,4
78175,114,111,3,3
78176,90,91,-1,1
78177,75,84,-9,9
78178,83,72,11,11
78179,92,96,-4,4
78180,83,83,0,0
78181,89,78,11,11
78182,85,81,4,4
78183,70,66,4,4
78184,108,104,4,4
78185,71,74,-3,3
78186,68,64,4,4
78187,70,72,-2,2
78188,107,109,-2,2
78189,58,67,-9,9
78190,51,56,-5,5
78191,55,65,-10,10
78192,161,156,5,5
78193,46,65,-19,19
78194,92,85,7,7
78195,154,142,12,12
78196,83,84,-1,1
78197,128,121,7,7
78198,73,76,-3,3
78199,87,83,4,4
78200,122,106,16,16
78201,108,90,18,18
78202,76,87,-11,11
78203,59,67,-8,8
78204,83,87,-4,4
78205,92,92,0,0
78206,96,92,4,4
78207,105,92,13,13
78208,58,66,-8,8
78209,81,74,7,7
78210,110,98,12,12
78211,44,57,-13,13
78212,81,75,6,6
78213,63,69,-6,6
78214,78,79,-1,1
78215,68,71,-3,3
78216,120,125,-5,5
78217,181,159,22,22
78218,141,134,7,7
78219,178,160,18,18
78220,64,60,4,4
78221,72,73,-1,1
78222,45,42,3,3
78223,143,125,18,18
78224,145,124,21,21
78225,111,105,6,6
78226,86,84,2,2
78227,125,130,-5,5
78228,79,79,0,0
78229,67,74,-7,7
78230,173,156,17,17
78231,81,80,1,1
78232,88,93,-5,5
78233,63,68,-5,5
78234,66,87,-21,21
78235,96,88,8,8
78236,100,83,17,17
78237,57,53,4,4
78238,125,109,16,16
78239,156,142,14,14
78240,125,116,9,9
78241,133,128,5,5
78242,66,68,-2,2
78243,159,161,-2,2
78244,44,63,-19,19
78245,67,60,7,7
78246,105,103,2,2
78247,77,76,1,1
78248,64,70,-6,6
78249,62,85,-23,23
78250,69,65,4,4
78251,163,143,20,20
78252,62,64,-2,2
78253,50,51,-1,1
78254,100,97,3,3
78255,108,100,8,8
78256,70,69,1,1
78257,97,89,8,8
78258,83,77,6,6
78259,137,145,-8,8
78260,70,68,2,2
78261,122,99,23,23
78262,79,83,-4,4
78263,52,75,-23,23
78264,86,92,-6,6
78265,93,85,8,8
78266,93,103,-10,10
78267,62,64,-2,2
78268,109,92,17,17
78269,107,107,0,0
78270,83,83,0,0
78271,57,62,-5,5
78272,61,68,-7,7
78273,43,46,-3,3
78274,156,135,21,21
78275,102,90,12,12
78276,56,67,-11,11
78277,199,176,23,23
78278,103,102,1,1
78279,77,78,-1,1
78280,147,150,-3,3
78281,99,107,-8,8
78282,74,108,-34,34
78283,71,69,2,2
78284,142,135,7,7
78285,72,64,8,8
78286,28,60,-32,32
78287,99,109,-10,10
78288,145,145,0,0
78289,51,50,1,1
78290,132,128,4,4
78291,102,99,3,3
78292,69,73,-4,4
78293,142,136,6,6
78294,52,51,1,1
78295,87,94,-7,7
78296,122,123,-1,1
78297,93,98,-5,5
78298,85,90,-5,5
78299,101,94,7,7
78300,88,92,-4,4
78301,64,64,0,0
78302,131,122,9,9
78303,91,91,0,0
78304,174,147,27,27
78305,50,52,-2,2
78306,78,83,-5,5
78307,76,85,-9,9
78308,118,113,5,5
78309,56,59,-3,3
78310,53,51,2,2
78311,98,101,-3,3
78312,119,119,0,0
78313,133,127,6,6
78314,66,65,1,1
78315,117,117,0,0
78316,94,91,3,3
78317,79,84,-5,5
78318,114,112,2,2
78319,96,84,12,12
78320,81,85,-4,4
78321,83,85,-2,2
78322,74,79,-5,5
78323,89,87,2,2
78324,73,80,-7,7
78325,160,151,9,9
78326,120,107,13,13
78327,52,53,-1,1
78328,127,126,1,1
78329,93,87,6,6
78330,108,115,-7,7
78331,95,95,0,0
78332,75,75,0,0
78333,124,107,17,17
78334,90,90,0,0
78335,101,103,-2,2
78336,44,53,-9,9
78337,113,103,10,10
78338,64,74,-10,10
78339,135,122,13,13
78340,147,134,13,13
78341,112,113,-1,1
78342,63,67,-4,4
78343,91,102,-11,11
78344,93,72,21,21
78345,116,108,8,8
78346,124,128,-4,4
78347,127,125,2,2
78348,114,119,-5,5
78349,137,110,27,27
78350,56,60,-4,4
78351,54,55,-1,1
78352,78,84,-6,6
78353,71,74,-3,3
78354,72,73,-1,1
78355,67,72,-5,5
78356,48,49,-1,1
78357,115,131,-16,16
78358,53,57,-4,4
78359,95,91,4,4
78360,56,69,-13,13
78361,45,40,5,5
78362,209,191,18,18
78363,85,95,-10,10
78364,80,76,4,4
78365,139,144,-5,5
78366,64,66,-2,2
78367,83,85,-2,2
78368,121,111,10,10
78369,102,106,-4,4
78370,94,86,8,8
78371,119,110,9,9
78372,59,67,-8,8
78373,61,93,-32,32
78374,74,70,4,4
78375,76,74,2,2
78376,91,91,0,0
78377,132,115,17,17
78378,54,59,-5,5
78379,74,70,4,4
78380,96,86,10,10
78381,60,69,-9,9
78382,91,96,-5,5
78383,102,103,-1,1
78384,131,126,5,5
78385,95,88,7,7
78386,35,42,-7,7
78387,70,78,-8,8
78388,115,102,13,13
78389,63,66,-3,3
78390,70,79,-9,9
78391,73,72,1,1
78392,79,79,0,0
78393,114,114,0,0
78394,75,85,-10,10
78395,103,101,2,2
78396,111,102,9,9
78397,110,113,-3,3
78398,55,52,3,3
78399,89,94,-5,5
78400,53,63,-10,10
78401,114,100,14,14
78402,104,102,2,2
78403,45,47,-2,2
78404,122,111,11,11
78405,72,77,-5,5
78406,140,129,11,11
78407,132,115,17,17
78408,127,150,-23,23
78409,133,127,6,6
78410,66,65,1,1
78411,99,96,3,3
78412,112,110,2,2
78413,104,85,19,19
78414,143,131,12,12
78415,107,95,12,12
78416,122,116,6,6
78417,166,160,6,6
78418,169,160,9,9
78419,165,162,3,3
78420,147,122,25,25
78421,63,65,-2,2
78422,71,74,-3,3
78423,59,54,5,5
78424,127,124,3,3
78425,168,146,22,22
78426,43,47,-4,4
78427,103,94,9,9
78428,109,101,8,8
78429,99,100,-1,1
78430,71,69,2,2
78431,94,91,3,3
78432,104,99,5,5
78433,96,96,0,0
78434,85,79,6,6
78435,122,102,20,20
78436,85,87,-2,2
78437,49,55,-6,6
78438,44,67,-23,23
78439,65,61,4,4
78440,78,80,-2,2
78441,117,110,7,7
78442,103,91,12,12
78443,106,89,17,17
78444,97,102,-5,5
78445,167,177,-10,10
78446,50,55,-5,5
78447,134,120,14,14
78448,100,103,-3,3
78449,81,77,4,4
78450,108,111,-3,3
78451,55,63,-8,8
78452,82,84,-2,2
78453,94,108,-14,14
78454,94,88,6,6
78455,61,60,1,1
78456,141,135,6,6
78457,79,82,-3,3
78458,71,80,-9,9
78459,48,53,-5,5
78460,140,134,6,6
78461,70,77,-7,7
78462,63,64,-1,1
78463,137,123,14,14
78464,40,46,-6,6
78465,103,96,7,7
78466,67,77,-10,10
78467,82,78,4,4
78468,119,119,0,0
78469,131,123,8,8
78470,77,93,-16,16
78471,98,94,4,4
78472,148,152,-4,4
78473,91,84,7,7
78474,95,98,-3,3
78475,60,56,4,4
78476,72,75,-3,3
78477,123,116,7,7
78478,68,66,2,2
78479,124,122,2,2
78480,128,122,6,6
78481,114,113,1,1
78482,90,85,5,5
78483,108,108,0,0
78484,114,108,6,6
78485,33,52,-19,19
78486,95,92,3,3
78487,113,107,6,6
78488,57,61,-4,4
78489,71,69,2,2
78490,110,114,-4,4
78491,67,73,-6,6
78492,59,65,-6,6
78493,105,106,-1,1
78494,132,117,15,15
78495,93,99,-6,6
78496,90,96,-6,6
78497,134,119,15,15
78498,32,45,-13,13
78499,108,142,-34,34
78500,81,75,6,6
78501,94,94,0,0
78502,116,120,-4,4
78503,131,127,4,4
78504,63,73,-10,10
78505,96,93,3,3
78506,71,65,6,6
78507,71,65,6,6
78508,79,85,-6,6
78509,115,107,8,8
78510,48,71,-23,23
78511,85,78,7,7
78512,113,103,10,10
78513,89,91,-2,2
78514,131,123,8,8
78515,91,91,0,0
78516,72,66,6,6
78517,169,151,18,18
78518,133,127,6,6
78519,176,144,32,32
78520,118,118,0,0
78521,71,76,-5,5
78522,65,72,-7,7
78523,144,122,22,22
78524,72,84,-12,12
78525,70,76,-6,6
78526,70,71,-1,1
78527,117,102,15,15
78528,97,92,5,5
78529,57,59,-2,2
78530,61,80,-19,19
78531,80,77,3,3
78532,92,89,3,3
78533,85,86,-1,1
78534,125,107,18,18
78535,90,99,-9,9
78536,80,74,6,6
78537,71,76,-5,5
78538,149,130,19,19
78539,69,68,1,1
78540,104,97,7,7
78541,95,88,7,7
78542,129,107,22,22
78543,144,121,23,23
78544,61,61,0,0
78545,130,110,20,20
78546,144,131,13,13
78547,39,47,-8,8
78548,114,101,13,13
78549,48,48,0,0
78550,94,84,10,10
78551,92,87,5,5
78552,101,85,16,16
78553,79,85,-6,6
78554,113,99,14,14
78555,69,74,-5,5
78556,41,50,-9,9
78557,69,74,-5,5
78558,108,106,2,2
78559,66,65,1,1
78560,93,80,13,13
78561,86,79,7,7
78562,79,76,3,3
78563,80,85,-5,5
78564,87,80,7,7
78565,179,163,16,16
78566,67,67,0,0
78567,71,79,-8,8
78568,86,76,10,10
78569,92,92,0,0
78570,109,107,2,2
78571,45,55,-10,10
78572,84,82,2,2
78573,158,147,11,11
78574,92,82,10,10
78575,75,73,2,2
78576,84,80,4,4
78577,65,73,-8,8
78578,104,91,13,13
78579,44,46,-2,2
78580,198,158,40,40
78581,124,116,8,8
78582,134,116,18,18
78583,122,109,13,13
78584,77,75,2,2
78585,103,96,7,7
78586,98,89,9,9
78587,59,54,5,5
78588,87,71,16,16
78589,74,69,5,5
78590,67,76,-9,9
78591,85,83,2,2
78592,79,71,8,8
78593,96,100,-4,4
78594,121,117,4,4
78595,98,104,-6,6
78596,145,125,20,20
78597,110,102,8,8
78598,144,141,3,3
78599,85,82,3,3
78600,114,121,-7,7
78601,95,91,4,4
78602,51,61,-10,10
78603,97,93,4,4
78604,81,72,9,9
78605,81,78,3,3
78606,85,81,4,4
78607,154,152,2,2
78608,125,119,6,6
78609,97,97,0,0
78610,161,142,19,19
78611,144,120,24,24
78612,127,116,11,11
78613,88,84,4,4
78614,180,162,18,18
78615,90,93,-3,3
78616,66,74,-8,8
78617,95,87,8,8
78618,94,102,-8,8
78619,75,80,-5,5
78620,65,75,-10,10
78621,111,116,-5,5
78622,67,65,2,2
78623,86,90,-4,4
78624,141,122,19,19
78625,102,95,7,7
78626,142,138,4,4
78627,188,181,7,7
78628,62,58,4,4
78629,104,108,-4,4
78630,63,64,-1,1
78631,100,92,8,8
78632,148,130,18,18
78633,103,106,-3,3
78634,122,126,-4,4
78635,69,70,-1,1
78636,89,85,4,4
78637,113,91,22,22
78638,135,129,6,6
78639,158,138,20,20
78640,74,67,7,7
78641,54,56,-2,2
78642,106,103,3,3
78643,56,93,-37,37
78644,113,104,9,9
78645,95,84,11,11
78646,134,126,8,8
78647,73,77,-4,4
78648,51,51,0,0
78649,50,48,2,2
78650,33,40,-7,7
78651,130,115,15,15
78652,111,121,-10,10
78653,58,59,-1,1
78654,103,96,7,7
78655,136,136,0,0
78656,99,99,0,0
78657,99,94,5,5
78658,116,106,10,10
78659,149,136,13,13
78660,69,69,0,0
78661,81,88,-7,7
78662,57,60,-3,3
78663,85,79,6,6
78664,78,93,-15,15
78665,94,88,6,6
78666,112,102,10,10
78667,141,114,27,27
78668,133,119,14,14
78669,85,92,-7,7
78670,100,105,-5,5
78671,62,57,5,5
78672,121,112,9,9
78673,54,57,-3,3
78674,154,144,10,10
78675,142,124,18,18
78676,104,116,-12,12
78677,103,98,5,5
78678,70,65,5,5
78679,118,112,6,6
78680,115,110,5,5
78681,145,142,3,3
78682,106,108,-2,2
78683,114,109,5,5
78684,87,86,1,1
78685,155,132,23,23
78686,142,129,13,13
78687,132,119,13,13
78688,94,90,4,4
78689,142,136,6,6
78690,150,143,7,7
78691,53,60,-7,7
78692,94,90,4,4
78693,85,97,-12,12
78694,62,69,-7,7
78695,53,50,3,3
78696,81,87,-6,6
78697,175,165,10,10
78698,55,51,4,4
78699,72,82,-10,10
78700,93,86,7,7
78701,73,81,-8,8
78702,47,55,-8,8
78703,67,73,-6,6
78704,117,106,11,11
78705,104,102,2,2
78706,76,74,2,2
78707,99,81,18,18
78708,131,116,15,15
78709,84,89,-5,5
78710,105,115,-10,10
78711,157,127,30,30
78712,111,114,-3,3
78713,91,93,-2,2
78714,74,89,-15,15
78715,79,79,0,0
78716,103,91,12,12
78717,119,109,10,10
78718,163,137,26,26
78719,69,73,-4,4
78720,112,105,7,7
78721,55,65,-10,10
78722,97,99,-2,2
78723,99,88,11,11
78724,58,68,-10,10
78725,125,107,18,18
78726,88,78,10,10
78727,81,79,2,2
78728,158,155,3,3
78729,55,68,-13,13
78730,114,115,-1,1
78731,95,91,4,4
78732,87,102,-15,15
78733,139,121,18,18
78734,79,75,4,4
78735,75,68,7,7
78736,56,59,-3,3
78737,113,129,-16,16
78738,148,133,15,15
78739,160,135,25,25
78740,97,92,5,5
78741,88,88,0,0
78742,89,84,5,5
78743,101,94,7,7
78744,53,58,-5,5
78745,97,108,-11,11
78746,67,70,-3,3
78747,117,107,10,10
78748,72,66,6,6
78749,40,48,-8,8
78750,48,47,1,1
78751,88,81,7,7
78752,95,85,10,10
78753,132,118,14,14
78754,63,58,5,5
78755,95,91,4,4
78756,84,82,2,2
78757,33,44,-11,11
78758,70,71,-1,1
78759,154,146,8,8
78760,163,147,16,16
78761,175,157,18,18
78762,92,86,6,6
78763,150,143,7,7
78764,67,71,-4,4
78765,127,126,1,1
78766,131,125,6,6
78767,194,165,29,29
78768,113,101,12,12
78769,106,97,9,9
78770,88,80,8,8
78771,75,76,-1,1
78772,56,71,-15,15
78773,86,95,-9,9
78774,66,64,2,2
78775,171,158,13,13
78776,127,119,8,8
78777,110,107,3,3
78778,93,95,-2,2
78779,89,86,3,3
78780,72,80,-8,8
78781,98,85,13,13
78782,77,78,-1,1
78783,93,89,4,4
78784,112,94,18,18
78785,68,66,2,2
78786,104,109,-5,5
78787,78,76,2,2
78788,69,81,-12,12
78789,48,52,-4,4
78790,65,72,-7,7
78791,109,109,0,0
78792,90,102,-12,12
78793,141,132,9,9
78794,100,100,0,0
78795,133,130,3,3
78796,110,100,10,10
78797,54,56,-2,2
78798,71,71,0,0
78799,144,134,10,10
78800,57,70,-13,13
78801,88,87,1,1
78802,107,98,9,9
78803,128,119,9,9
78804,93,96,-3,3
78805,136,134,2,2
78806,107,90,17,17
78807,151,137,14,14
78808,114,109,5,5
78809,67,67,0,0
78810,94,92,2,2
78811,90,83,7,7
78812,105,92,13,13
78813,132,115,17,17
78814,90,84,6,6
78815,120,122,-2,2
78816,91,108,-17,17
78817,155,146,9,9
78818,62,65,-3,3
78819,109,99,10,10
78820,100,105,-5,5
78821,160,135,25,25
78822,96,91,5,5
78823,104,106,-2,2
78824,93,89,4,4
78825,72,70,2,2
78826,59,78,-19,19
78827,74,71,3,3
78828,83,72,11,11
78829,92,82,10,10
78830,100,103,-3,3
78831,87,86,1,1
78832,122,119,3,3
78833,78,77,1,1
78834,79,69,10,10
78835,138,119,19,19
78836,158,143,15,15
78837,75,77,-2,2
78838,100,91,9,9
78839,134,118,16,16
78840,138,148,-10,10
78841,82,89,-7,7
78842,52,50,2,2
78843,74,77,-3,3
78844,60,56,4,4
78845,49,55,-6,6
78846,45,56,-11,11
78847,83,82,1,1
78848,55,62,-7,7
78849,74,68,6,6
78850,96,88,8,8
78851,71,75,-4,4
78852,73,71,2,2
78853,104,112,-8,8
78854,57,55,2,2
78855,79,79,0,0
78856,109,105,4,4
78857,65,64,1,1
78858,129,138,-9,9
78859,75,72,3,3
78860,209,182,27,27
78861,102,93,9,9
78862,102,102,0,0
78863,142,126,16,16
78864,140,114,26,26
78865,44,51,-7,7
78866,102,106,-4,4
78867,89,78,11,11
78868,86,78,8,8
78869,85,82,3,3
78870,88,81,7,7
78871,77,84,-7,7
78872,123,125,-2,2
78873,62,74,-12,12
78874,163,156,7,7
78875,114,113,1,1
78876,55,62,-7,7
78877,112,112,0,0
78878,125,118,7,7
78879,123,116,7,7
78880,96,93,3,3
78881,111,105,6,6
78882,136,117,19,19
78883,75,76,-1,1
78884,134,130,4,4
78885,77,85,-8,8
78886,98,97,1,1
78887,94,85,9,9
78888,77,80,-3,3
78889,83,78,5,5
78890,97,85,12,12
78891,82,81,1,1
78892,126,119,7,7
78893,159,149,10,10
78894,100,106,-6,6
78895,100,110,-10,10
78896,121,115,6,6
78897,117,96,21,21
78898,81,87,-6,6
78899,90,89,1,1
78900,68,67,1,1
78901,110,107,3,3
78902,118,123,-5,5
78903,97,92,5,5
78904,81,73,8,8
78905,105,102,3,3
78906,95,84,11,11
78907,66,84,-18,18
78908,109,109,0,0
78909,141,139,2,2
78910,52,61,-9,9
78911,80,73,7,7
78912,93,83,10,10
78913,76,77,-1,1
78914,111,107,4,4
78915,107,97,10,10
78916,132,122,10,10
78917,100,98,2,2
78918,138,124,14,14
78919,122,108,14,14
78920,105,103,2,2
78921,85,81,4,4
78922,96,84,12,12
78923,60,62,-2,2
78924,106,101,5,5
78925,47,66,-19,19
78926,97,94,3,3
78927,36,44,-8,8
78928,111,98,13,13
78929,121,129,-8,8
78930,85,76,9,9
78931,95,85,10,10
78932,78,79,-1,1
78933,113,116,-3,3
78934,72,73,-1,1
78935,110,114,-4,4
78936,38,48,-10,10
78937,133,124,9,9
78938,52,81,-29,29
78939,49,54,-5,5
78940,57,60,-3,3
78941,209,159,50,50
78942,93,97,-4,4
78943,62,65,-3,3
78944,51,56,-5,5
78945,82,103,-21,21
78946,77,73,4,4
78947,165,143,22,22
78948,58,64,-6,6
78949,108,103,5,5
78950,43,51,-8,8
78951,83,82,1,1
78952,92,88,4,4
78953,127,113,14,14
78954,47,48,-1,1
78955,78,77,1,1
78956,62,64,-2,2
78957,136,120,16,16
78958,121,120,1,1
78959,79,84,-5,5
78960,83,93,-10,10
78961,100,101,-1,1
78962,86,101,-15,15
78963,89,90,-1,1
78964,74,66,8,8
78965,133,128,5,5
78966,107,104,3,3
78967,89,83,6,6
78968,72,72,0,0
78969,78,90,-12,12
78970,52,52,0,0
78971,94,100,-6,6
78972,107,103,4,4
78973,61,57,4,4
78974,224,193,31,31
78975,75,67,8,8
78976,53,56,-3,3
78977,95,95,0,0
78978,63,63,0,0
78979,133,133,0,0
78980,45,47,-2,2
78981,65,65,0,0
78982,93,87,6,6
78983,68,75,-7,7
78984,86,89,-3,3
78985,116,109,7,7
78986,112,109,3,3
78987,79,71,8,8
78988,83,77,6,6
78989,136,141,-5,5
78990,58,59,-1,1
78991,98,91,7,7
78992,216,209,7,7
78993,135,127,8,8
78994,87,84,3,3
78995,99,90,9,9
78996,85,81,4,4
78997,57,54,3,3
78998,69,67,2,2
78999,72,71,1,1
79000,42,48,-6,6
79001,50,50,0,0
79002,120,109,11,11
79003,43,48,-5,5
79004,58,56,2,2
79005,64,75,-11,11
79006,47,53,-6,6
79007,118,104,14,14
79008,91,111,-20,20
79009,115,113,2,2
79010,132,128,4,4
79011,124,117,7,7
79012,127,139,-12,12
79013,90,83,7,7
79014,142,138,4,4
79015,72,76,-4,4
79016,91,96,-5,5
79017,93,96,-3,3
79018,159,153,6,6
79019,76,80,-4,4
79020,89,94,-5,5
79021,127,102,25,25
79022,76,77,-1,1
79023,101,88,13,13
79024,95,91,4,4
79025,82,83,-1,1
79026,109,105,4,4
79027,108,102,6,6
79028,84,87,-3,3
79029,184,170,14,14
79030,77,72,5,5
79031,92,76,16,16
79032,57,63,-6,6
79033,104,101,3,3
79034,118,119,-1,1
79035,111,101,10,10
79036,78,67,11,11
79037,122,107,15,15
79038,72,72,0,0
79039,106,91,15,15
79040,61,56,5,5
79041,106,105,1,1
79042,122,121,1,1
79043,119,112,7,7
79044,141,121,20,20
79045,114,107,7,7
79046,124,109,15,15
79047,86,77,9,9
79048,43,55,-12,12
79049,177,169,8,8
79050,169,179,-10,10
79051,100,102,-2,2
79052,70,73,-3,3
79053,80,82,-2,2
79054,82,85,-3,3
79055,97,88,9,9
79056,112,99,13,13
79057,122,109,13,13
79058,62,61,1,1
79059,146,121,25,25
79060,77,83,-6,6
79061,95,95,0,0
79062,167,145,22,22
79063,62,87,-25,25
79064,112,130,-18,18
79065,56,62,-6,6
79066,126,104,22,22
79067,127,110,17,17
79068,221,197,24,24
79069,180,162,18,18
79070,73,64,9,9
79071,53,59,-6,6
79072,82,88,-6,6
79073,58,56,2,2
79074,78,74,4,4
79075,130,121,9,9
79076,39,44,-5,5
79077,93,111,-18,18
79078,87,80,7,7
79079,82,75,7,7
79080,130,124,6,6
79081,74,73,1,1
79082,93,85,8,8
79083,69,76,-7,7
79084,57,60,-3,3
79085,79,73,6,6
79086,120,111,9,9
79087,91,80,11,11
79088,99,106,-7,7
79089,100,93,7,7
79090,93,91,2,2
79091,78,80,-2,2
79092,82,83,-1,1
79093,242,195,47,47
79094,154,144,10,10
79095,63,65,-2,2
79096,52,53,-1,1
79097,106,101,5,5
79098,87,99,-12,12
79099,106,106,0,0
79100,36,40,-4,4
79101,108,126,-18,18
79102,153,183,-30,30
79103,44,60,-16,16
79104,119,113,6,6
79105,51,50,1,1
79106,156,136,20,20
79107,114,124,-10,10
79108,123,116,7,7
79109,149,135,14,14
79110,90,81,9,9
79111,67,70,-3,3
79112,179,168,11,11
79113,123,118,5,5
79114,88,87,1,1
79115,211,199,12,12
79116,149,133,16,16
79117,58,62,-4,4
79118,85,82,3,3
79119,94,86,8,8
79120,125,129,-4,4
79121,50,57,-7,7
79122,78,72,6,6
79123,91,83,8,8
79124,166,155,11,11
79125,89,82,7,7
79126,55,65,-10,10
79127,140,131,9,9
79128,122,123,-1,1
79129,92,79,13,13
79130,59,66,-7,7
79131,112,118,-6,6
79132,97,94,3,3
79133,109,107,2,2
79134,121,142,-21,21
79135,75,76,-1,1
79136,80,76,4,4
79137,104,101,3,3
79138,130,125,5,5
79139,148,142,6,6
79140,54,50,4,4
79141,121,106,15,15
79142,65,82,-17,17
79143,51,57,-6,6
79144,142,120,22,22
79145,40,43,-3,3
79146,58,64,-6,6
79147,92,86,6,6
79148,71,72,-1,1
79149,96,90,6,6
79150,118,108,10,10
79151,54,65,-11,11
79152,91,93,-2,2
79153,70,66,4,4
79154,85,80,5,5
79155,47,58,-11,11
79156,137,129,8,8
79157,88,105,-17,17
79158,73,77,-4,4
79159,99,93,6,6
79160,68,71,-3,3
79161,174,169,5,5
79162,119,123,-4,4
79163,84,83,1,1
79164,103,116,-13,13
79165,174,167,7,7
79166,98,95,3,3
79167,86,72,14,14
79168,101,101,0,0
79169,88,74,14,14
79170,78,71,7,7
79171,94,87,7,7
79172,131,121,10,10
79173,104,91,13,13
79174,89,95,-6,6
79175,104,118,-14,14
79176,43,52,-9,9
79177,85,83,2,2
79178,66,71,-5,5
79179,108,115,-7,7
79180,89,101,-12,12
79181,54,60,-6,6
79182,75,74,1,1
79183,85,91,-6,6
79184,94,89,5,5
79185,58,65,-7,7
79186,191,175,16,16
79187,63,63,0,0
79188,73,69,4,4
79189,92,89,3,3
79190,125,110,15,15
79191,90,89,1,1
79192,128,125,3,3
79193,38,47,-9,9
79194,84,74,10,10
79195,85,79,6,6
79196,147,136,11,11
79197,54,50,4,4
79198,78,77,1,1
79199,117,103,14,14
79200,78,82,-4,4
79201,83,77,6,6
79202,125,145,-20,20
79203,108,103,5,5
79204,94,92,2,2
79205,45,47,-2,2
79206,120,117,3,3
79207,86,84,2,2
79208,85,86,-1,1
79209,50,53,-3,3
79210,89,86,3,3
79211,90,83,7,7
79212,75,73,2,2
79213,110,110,0,0
79214,82,79,3,3
79215,140,135,5,5
79216,102,105,-3,3
79217,78,82,-4,4
79218,90,89,1,1
79219,49,51,-2,2
79220,60,60,0,0
79221,128,139,-11,11
79222,91,95,-4,4
79223,94,93,1,1
79224,101,92,9,9
79225,90,85,5,5
79226,115,108,7,7
79227,111,91,20,20
79228,110,118,-8,8
79229,64,69,-5,5
79230,112,93,19,19
79231,88,98,-10,10
79232,108,95,13,13
79233,100,98,2,2
79234,66,65,1,1
79235,142,118,24,24
79236,64,66,-2,2
79237,140,130,10,10
79238,124,115,9,9
79239,66,68,-2,2
79240,99,87,12,12
79241,78,74,4,4
79242,103,108,-5,5
79243,121,117,4,4
79244,96,87,9,9
79245,30,42,-12,12
79246,69,65,4,4
79247,97,86,11,11
79248,81,75,6,6
79249,72,70,2,2
79250,93,83,10,10
79251,84,90,-6,6
79252,84,91,-7,7
79253,98,98,0,0
79254,57,70,-13,13
79255,81,80,1,1
79256,88,94,-6,6
79257,98,92,6,6
79258,171,157,14,14
79259,76,74,2,2
79260,126,130,-4,4
79261,90,90,0,0
79262,91,82,9,9
79263,94,83,11,11
79264,91,80,11,11
79265,122,119,3,3
79266,81,85,-4,4
79267,86,101,-15,15
79268,79,78,1,1
79269,76,81,-5,5
79270,97,102,-5,5
79271,125,141,-16,16
79272,125,126,-1,1
79273,62,67,-5,5
79274,63,69,-6,6
79275,81,80,1,1
79276,115,97,18,18
79277,162,156,6,6
79278,103,97,6,6
79279,64,67,-3,3
79280,153,133,20,20
79281,69,78,-9,9
79282,132,120,12,12
79283,76,70,6,6
79284,63,76,-13,13
79285,65,68,-3,3
79286,89,78,11,11
79287,165,136,29,29
79288,84,79,5,5
79289,89,80,9,9
79290,130,120,10,10
79291,73,65,8,8
79292,110,115,-5,5
79293,157,135,22,22
79294,82,84,-2,2
79295,100,99,1,1
79296,128,120,8,8
79297,122,117,5,5
79298,102,100,2,2
79299,102,88,14,14
79300,86,75,11,11
79301,124,121,3,3
79302,157,142,15,15
79303,104,99,5,5
79304,94,94,0,0
79305,59,63,-4,4
79306,103,95,8,8
79307,78,72,6,6
79308,73,73,0,0
79309,76,76,0,0
79310,112,125,-13,13
79311,103,109,-6,6
79312,159,132,27,27
79313,42,49,-7,7
79314,83,78,5,5
79315,108,105,3,3
79316,129,114,15,15
79317,129,125,4,4
79318,145,131,14,14
79319,70,71,-1,1
79320,71,67,4,4
79321,60,65,-5,5
79322,100,93,7,7
79323,173,162,11,11
79324,156,139,17,17
79325,101,94,7,7
79326,99,95,4,4
79327,130,122,8,8
79328,68,120,-52,52
79329,138,124,14,14
79330,138,134,4,4
79331,126,124,2,2
79332,74,67,7,7
79333,75,71,4,4
79334,79,79,0,0
79335,67,69,-2,2
79336,80,116,-36,36
79337,86,76,10,10
79338,57,60,-3,3
79339,111,120,-9,9
79340,95,94,1,1
79341,85,78,7,7
79342,88,81,7,7
79343,72,69,3,3
79344,22,70,-48,48
79345,97,82,15,15
79346,130,112,18,18
79347,55,63,-8,8
79348,95,85,10,10
79349,86,84,2,2
79350,53,56,-3,3
79351,66,65,1,1
79352,122,127,-5,5
79353,130,128,2,2
79354,135,126,9,9
79355,47,50,-3,3
79356,65,97,-32,32
79357,46,43,3,3
79358,155,131,24,24
79359,60,65,-5,5
79360,75,80,-5,5
79361,97,87,10,10
79362,142,122,20,20
79363,57,66,-9,9
79364,80,80,0,0
79365,44,47,-3,3
79366,107,104,3,3
79367,39,57,-18,18
79368,163,157,6,6
79369,152,159,-7,7
79370,119,112,7,7
79371,98,82,16,16
79372,67,87,-20,20
79373,61,59,2,2
79374,99,99,0,0
79375,62,65,-3,3
79376,68,66,2,2
79377,72,77,-5,5
79378,83,86,-3,3
79379,103,91,12,12
79380,116,123,-7,7
79381,122,118,4,4
79382,88,90,-2,2
79383,129,120,9,9
79384,86,83,3,3
79385,82,83,-1,1
79386,83,87,-4,4
79387,71,84,-13,13
79388,77,79,-2,2
79389,100,103,-3,3
79390,206,188,18,18
79391,152,168,-16,16
79392,58,55,3,3
79393,141,134,7,7
79394,96,83,13,13
79395,149,125,24,24
79396,80,74,6,6
79397,48,47,1,1
79398,75,79,-4,4
79399,95,86,9,9
79400,126,123,3,3
79401,74,73,1,1
79402,95,88,7,7
79403,59,68,-9,9
79404,164,155,9,9
79405,95,89,6,6
79406,46,62,-16,16
79407,88,84,4,4
79408,135,138,-3,3
79409,140,126,14,14
79410,103,101,2,2
79411,69,66,3,3
79412,144,125,19,19
79413,147,132,15,15
79414,105,109,-4,4
79415,154,123,31,31
79416,77,77,0,0
79417,74,77,-3,3
79418,132,120,12,12
79419,56,58,-2,2
79420,48,55,-7,7
79421,77,76,1,1
79422,20,40,-20,20
79423,94,99,-5,5
79424,66,71,-5,5
79425,72,70,2,2
79426,130,114,16,16
79427,282,235,47,47
79428,139,109,30,30
79429,99,110,-11,11
79430,67,71,-4,4
79431,72,73,-1,1
79432,96,100,-4,4
79433,76,79,-3,3
79434,119,108,11,11
79435,93,82,11,11
79436,61,67,-6,6
79437,79,72,7,7
79438,107,99,8,8
79439,152,152,0,0
79440,85,74,11,11
79441,62,66,-4,4
79442,103,88,15,15
79443,59,63,-4,4
79444,109,111,-2,2
79445,84,92,-8,8
79446,85,92,-7,7
79447,77,86,-9,9
79448,182,167,15,15
79449,105,106,-1,1
79450,165,158,7,7
79451,101,94,7,7
79452,91,88,3,3
79453,93,89,4,4
79454,105,102,3,3
79455,98,98,0,0
79456,140,136,4,4
79457,150,134,16,16
79458,168,148,20,20
79459,155,143,12,12
79460,75,66,9,9
79461,56,56,0,0
79462,41,54,-13,13
79463,84,79,5,5
79464,46,51,-5,5
79465,168,158,10,10
79466,148,133,15,15
79467,92,93,-1,1
79468,93,87,6,6
79469,108,98,10,10
79470,52,53,-1,1
79471,100,94,6,6
79472,77,85,-8,8
79473,95,89,6,6
79474,67,66,1,1
79475,84,73,11,11
79476,107,103,4,4
79477,80,77,3,3
79478,104,98,6,6
79479,86,82,4,4
79480,90,78,12,12
79481,70,82,-12,12
79482,125,132,-7,7
79483,68,66,2,2
79484,125,121,4,4
79485,133,129,4,4
79486,77,74,3,3
79487,70,72,-2,2
79488,182,161,21,21
79489,114,97,17,17
79490,114,106,8,8
79491,183,173,10,10
79492,57,65,-8,8
79493,111,107,4,4
79494,49,53,-4,4
79495,58,58,0,0
79496,97,104,-7,7
79497,141,142,-1,1
79498,133,127,6,6
79499,115,99,16,16
79500,142,128,14,14
79501,53,56,-3,3
79502,69,66,3,3
79503,152,129,23,23
79504,52,49,3,3
79505,145,137,8,8
79506,90,87,3,3
79507,125,111,14,14
79508,73,65,8,8
79509,72,70,2,2
79510,69,81,-12,12
79511,146,126,20,20
79512,149,143,6,6
79513,79,81,-2,2
79514,105,110,-5,5
79515,65,63,2,2
79516,139,119,20,20
79517,123,116,7,7
79518,105,84,21,21
79519,40,46,-6,6
79520,65,69,-4,4
79521,134,121,13,13
79522,123,114,9,9
79523,127,112,15,15
79524,39,69,-30,30
79525,104,111,-7,7
79526,48,50,-2,2
79527,78,86,-8,8
79528,102,96,6,6
79529,72,60,12,12
79530,130,127,3,3
79531,107,102,5,5
79532,90,89,1,1
79533,85,78,7,7
79534,103,101,2,2
79535,118,108,10,10
79536,67,77,-10,10
79537,101,81,20,20
79538,108,98,10,10
79539,134,147,-13,13
79540,83,76,7,7
79541,103,101,2,2
79542,43,63,-20,20
79543,154,134,20,20
79544,137,133,4,4
79545,133,122,11,11
79546,165,136,29,29
79547,68,70,-2,2
79548,144,137,7,7
79549,112,112,0,0
79550,96,95,1,1
79551,84,76,8,8
79552,131,113,18,18
79553,95,87,8,8
79554,166,144,22,22
79555,56,63,-7,7
79556,112,106,6,6
79557,55,56,-1,1
79558,88,88,0,0
79559,81,74,7,7
79560,79,75,4,4
79561,105,105,0,0
79562,52,57,-5,5
79563,131,122,9,9
79564,101,101,0,0
79565,98,75,23,23
79566,60,61,-1,1
79567,66,71,-5,5
79568,85,77,8,8
79569,81,74,7,7
79570,117,118,-1,1
79571,61,61,0,0
79572,74,77,-3,3
79573,64,67,-3,3
79574,61,66,-5,5
79575,106,102,4,4
79576,82,81,1,1
79577,68,84,-16,16
79578,100,102,-2,2
79579,111,92,19,19
79580,73,79,-6,6
79581,110,104,6,6
79582,110,111,-1,1
79583,150,136,14,14
79584,119,117,2,2
79585,140,136,4,4
79586,107,97,10,10
79587,31,47,-16,16
79588,111,102,9,9
79589,93,94,-1,1
79590,73,75,-2,2
79591,75,77,-2,2
79592,106,113,-7,7
79593,46,53,-7,7
79594,169,153,16,16
79595,128,119,9,9
79596,189,186,3,3
79597,119,114,5,5
79598,61,56,5,5
79599,109,104,5,5
79600,129,114,15,15
79601,118,119,-1,1
79602,91,89,2,2
79603,95,95,0,0
79604,106,87,19,19
79605,188,171,17,17
79606,78,77,1,1
79607,59,72,-13,13
79608,66,61,5,5
79609,62,64,-2,2
79610,137,129,8,8
79611,82,79,3,3
79612,115,116,-1,1
79613,102,106,-4,4
79614,50,84,-34,34
79615,119,115,4,4
79616,159,154,5,5
79617,146,140,6,6
79618,62,62,0,0
79619,72,67,5,5
79620,82,79,3,3
79621,64,62,2,2
79622,74,76,-2,2
79623,104,92,12,12
79624,169,127,42,42
79625,86,88,-2,2
79626,178,178,0,0
79627,83,80,3,3
79628,115,110,5,5
79629,124,122,2,2
79630,123,143,-20,20
79631,90,90,0,0
79632,51,54,-3,3
79633,99,94,5,5
79634,99,118,-19,19
79635,108,92,16,16
79636,124,106,18,18
79637,144,136,8,8
79638,128,131,-3,3
79639,70,69,1,1
79640,74,80,-6,6
79641,134,132,2,2
79642,119,121,-2,2
79643,41,47,-6,6
79644,101,101,0,0
79645,149,135,14,14
79646,121,110,11,11
79647,56,53,3,3
79648,108,100,8,8
79649,72,78,-6,6
79650,98,88,10,10
79651,67,66,1,1
79652,69,69,0,0
79653,89,84,5,5
79654,122,125,-3,3
79655,75,77,-2,2
79656,80,84,-4,4
79657,184,179,5,5
79658,80,77,3,3
79659,136,128,8,8
79660,85,84,1,1
79661,86,79,7,7
79662,99,104,-5,5
79663,161,154,7,7
79664,106,109,-3,3
79665,86,85,1,1
79666,160,142,18,18
79667,140,136,4,4
79668,157,152,5,5
79669,121,117,4,4
79670,61,68,-7,7
79671,108,102,6,6
79672,110,106,4,4
79673,101,91,10,10
79674,85,84,1,1
79675,125,117,8,8
79676,67,66,1,1
79677,64,66,-2,2
79678,47,65,-18,18
79679,111,115,-4,4
79680,45,54,-9,9
79681,79,67,12,12
79682,102,96,6,6
79683,99,81,18,18
79684,121,114,7,7
79685,75,85,-10,10
79686,172,161,11,11
79687,67,74,-7,7
79688,111,98,13,13
79689,119,121,-2,2
79690,134,120,14,14
79691,139,127,12,12
79692,67,68,-1,1
79693,100,112,-12,12
79694,64,68,-4,4
79695,105,104,1,1
79696,106,102,4,4
79697,41,45,-4,4
79698,122,111,11,11
79699,96,97,-1,1
79700,74,78,-4,4
79701,97,90,7,7
79702,106,98,8,8
79703,58,52,6,6
79704,61,62,-1,1
79705,72,67,5,5
79706,97,98,-1,1
79707,104,102,2,2
79708,90,89,1,1
79709,190,171,19,19
79710,113,119,-6,6
79711,72,92,-20,20
79712,102,95,7,7
79713,143,111,32,32
79714,71,69,2,2
79715,80,85,-5,5
79716,45,47,-2,2
79717,57,65,-8,8
79718,109,103,6,6
79719,80,79,1,1
79720,54,56,-2,2
79721,75,79,-4,4
79722,80,83,-3,3
79723,73,73,0,0
79724,216,189,27,27
79725,73,76,-3,3
79726,124,117,7,7
79727,160,121,39,39
79728,140,130,10,10
79729,136,125,11,11
79730,68,64,4,4
79731,91,89,2,2
79732,69,58,11,11
79733,93,101,-8,8
79734,103,98,5,5
79735,93,95,-2,2
79736,53,59,-6,6
79737,116,108,8,8
79738,57,71,-14,14
79739,89,85,4,4
79740,58,55,3,3
79741,136,133,3,3
79742,95,93,2,2
79743,59,67,-8,8
79744,169,153,16,16
79745,105,106,-1,1
79746,119,101,18,18
79747,89,87,2,2
79748,132,119,13,13
79749,81,73,8,8
79750,52,46,6,6
79751,139,114,25,25
79752,60,62,-2,2
79753,128,118,10,10
79754,54,51,3,3
79755,123,119,4,4
79756,99,94,5,5
79757,36,44,-8,8
79758,40,43,-3,3
79759,114,111,3,3
79760,89,76,13,13
79761,68,72,-4,4
79762,96,85,11,11
79763,120,113,7,7
79764,85,82,3,3
79765,67,63,4,4
79766,90,86,4,4
79767,59,55,4,4
79768,86,78,8,8
79769,187,176,11,11
79770,117,107,10,10
79771,50,62,-12,12
79772,90,88,2,2
79773,92,85,7,7
79774,57,63,-6,6
79775,55,57,-2,2
79776,51,61,-10,10
79777,84,81,3,3
79778,110,108,2,2
79779,52,68,-16,16
79780,56,68,-12,12
79781,82,81,1,1
79782,141,136,5,5
79783,104,95,9,9
79784,113,113,0,0
79785,119,107,12,12
79786,124,117,7,7
79787,79,79,0,0
79788,99,90,9,9
79789,133,115,18,18
79790,53,53,0,0
79791,88,86,2,2
79792,58,62,-4,4
79793,90,90,0,0
79794,89,95,-6,6
79795,91,96,-5,5
79796,110,106,4,4
79797,77,76,1,1
79798,71,71,0,0
79799,77,78,-1,1
79800,115,115,0,0
79801,62,73,-11,11
79802,167,160,7,7
79803,105,108,-3,3
79804,100,95,5,5
79805,100,105,-5,5
79806,111,115,-4,4
79807,92,87,5,5
79808,162,152,10,10
79809,109,106,3,3
79810,164,151,13,13
79811,63,56,7,7
79812,67,73,-6,6
79813,158,156,2,2
79814,82,79,3,3
79815,65,59,6,6
79816,118,106,12,12
79817,87,91,-4,4
79818,159,153,6,6
79819,122,110,12,12
79820,102,101,1,1
79821,63,67,-4,4
79822,94,91,3,3
79823,100,102,-2,2
79824,87,69,18,18
79825,98,88,10,10
79826,79,73,6,6
79827,104,95,9,9
79828,115,100,15,15
79829,118,135,-17,17
79830,82,83,-1,1
79831,130,117,13,13
79832,98,99,-1,1
79833,141,138,3,3
79834,197,176,21,21
79835,141,136,5,5
79836,91,91,0,0
79837,80,78,2,2
79838,104,91,13,13
79839,171,157,14,14
79840,292,234,58,58
79841,113,114,-1,1
79842,111,104,7,7
79843,116,111,5,5
79844,66,65,1,1
79845,146,136,10,10
79846,62,65,-3,3
79847,105,96,9,9
79848,66,65,1,1
79849,59,58,1,1
79850,74,76,-2,2
79851,91,80,11,11
79852,117,109,8,8
79853,101,101,0,0
79854,167,168,-1,1
79855,69,65,4,4
79856,120,115,5,5
79857,119,110,9,9
79858,130,117,13,13
79859,69,67,2,2
79860,97,100,-3,3
79861,76,80,-4,4
79862,183,170,13,13
79863,65,73,-8,8
79864,155,138,17,17
79865,80,77,3,3
79866,107,108,-1,1
79867,46,66,-20,20
79868,95,91,4,4
79869,72,77,-5,5
79870,74,79,-5,5
79871,73,72,1,1
79872,66,67,-1,1
79873,76,80,-4,4
79874,75,79,-4,4
79875,36,62,-26,26
79876,82,83,-1,1
79877,150,137,13,13
79878,88,91,-3,3
79879,40,44,-4,4
79880,82,80,2,2
79881,166,154,12,12
79882,113,106,7,7
79883,120,120,0,0
79884,136,129,7,7
79885,53,59,-6,6
79886,233,211,22,22
79887,78,72,6,6
79888,112,107,5,5
79889,103,110,-7,7
79890,100,92,8,8
79891,86,93,-7,7
79892,69,72,-3,3
79893,109,103,6,6
79894,105,100,5,5
79895,51,84,-33,33
79896,99,108,-9,9
79897,138,138,0,0
79898,42,88,-46,46
79899,87,80,7,7
79900,141,133,8,8
79901,75,83,-8,8
79902,96,91,5,5
79903,56,59,-3,3
79904,122,109,13,13
79905,65,65,0,0
79906,113,98,15,15
79907,67,63,4,4
79908,83,83,0,0
79909,91,78,13,13
79910,136,135,1,1
79911,85,76,9,9
79912,66,67,-1,1
79913,79,65,14,14
79914,73,68,5,5
79915,106,101,5,5
79916,76,72,4,4
79917,149,134,15,15
79918,38,49,-11,11
79919,108,99,9,9
79920,91,90,1,1
79921,105,98,7,7
79922,85,85,0,0
79923,62,74,-12,12
79924,117,131,-14,14
79925,62,67,-5,5
79926,115,103,12,12
79927,85,71,14,14
79928,150,144,6,6
79929,132,135,-3,3
79930,74,75,-1,1
79931,44,66,-22,22
79932,152,146,6,6
79933,142,143,-1,1
79934,106,109,-3,3
79935,97,100,-3,3
79936,97,85,12,12
79937,53,63,-10,10
79938,116,116,0,0
79939,141,131,10,10
79940,109,104,5,5
79941,90,82,8,8
79942,111,108,3,3
79943,186,181,5,5
79944,133,127,6,6
79945,83,75,8,8
79946,69,82,-13,13
79947,73,76,-3,3
79948,154,137,17,17
79949,93,101,-8,8
79950,87,82,5,5
79951,126,124,2,2
79952,91,91,0,0
79953,79,78,1,1
79954,82,84,-2,2
79955,112,89,23,23
79956,72,65,7,7
79957,179,172,7,7
79958,67,75,-8,8
79959,61,80,-19,19
79960,134,120,14,14
79961,129,113,16,16
79962,79,75,4,4
79963,95,95,0,0
79964,147,133,14,14
79965,86,91,-5,5
79966,64,68,-4,4
79967,73,80,-7,7
79968,60,65,-5,5
79969,122,128,-6,6
79970,91,93,-2,2
79971,78,80,-2,2
79972,69,75,-6,6
79973,64,84,-20,20
79974,120,109,11,11
79975,101,100,1,1
79976,51,53,-2,2
79977,80,86,-6,6
79978,100,132,-32,32
79979,104,103,1,1
79980,69,77,-8,8
79981,94,92,2,2
79982,110,118,-8,8
79983,157,151,6,6
79984,56,62,-6,6
79985,118,116,2,2
79986,29,34,-5,5
79987,110,137,-27,27
79988,102,105,-3,3
79989,78,79,-1,1
79990,116,126,-10,10
79991,129,126,3,3
79992,124,130,-6,6
79993,69,83,-14,14
79994,94,94,0,0
79995,105,94,11,11
79996,127,138,-11,11
79997,99,96,3,3
79998,106,92,14,14
79999,45,45,0,0
80000,73,70,3,3
80001,57,57,0,0
80002,71,72,-1,1
80003,84,86,-2,2
80004,91,91,0,0
80005,93,88,5,5
80006,75,79,-4,4
80007,98,91,7,7
80008,76,74,2,2
80009,87,85,2,2
80010,100,105,-5,5
80011,101,91,10,10
80012,63,72,-9,9
80013,94,84,10,10
80014,58,66,-8,8
80015,77,68,9,9
80016,136,122,14,14
80017,86,90,-4,4
80018,109,99,10,10
80019,77,76,1,1
80020,146,133,13,13
80021,128,125,3,3
80022,164,152,12,12
80023,71,72,-1,1
80024,147,145,2,2
80025,96,91,5,5
80026,65,65,0,0
80027,95,93,2,2
80028,84,82,2,2
80029,104,98,6,6
80030,75,76,-1,1
80031,168,159,9,9
80032,200,175,25,25
80033,153,154,-1,1
80034,171,167,4,4
80035,111,118,-7,7
80036,65,75,-10,10
80037,85,92,-7,7
80038,98,86,12,12
80039,111,108,3,3
80040,112,106,6,6
80041,113,104,9,9
80042,148,128,20,20
80043,115,111,4,4
80044,63,68,-5,5
80045,95,86,9,9
80046,98,98,0,0
80047,117,114,3,3
80048,144,132,12,12
80049,115,121,-6,6
80050,124,114,10,10
80051,115,115,0,0
80052,93,94,-1,1
80053,83,82,1,1
80054,83,81,2,2
80055,106,103,3,3
80056,104,102,2,2
80057,149,159,-10,10
80058,94,96,-2,2
80059,61,66,-5,5
80060,63,73,-10,10
80061,98,96,2,2
80062,70,76,-6,6
80063,96,99,-3,3
80064,89,83,6,6
80065,120,139,-19,19
80066,85,76,9,9
80067,159,132,27,27
80068,144,143,1,1
80069,63,66,-3,3
80070,102,99,3,3
80071,119,107,12,12
80072,106,108,-2,2
80073,88,75,13,13
80074,54,56,-2,2
80075,58,59,-1,1
80076,130,114,16,16
80077,168,149,19,19
80078,73,71,2,2
80079,133,131,2,2
80080,98,100,-2,2
80081,86,80,6,6
80082,81,83,-2,2
80083,83,82,1,1
80084,59,64,-5,5
80085,43,49,-6,6
80086,80,81,-1,1
80087,73,77,-4,4
80088,86,83,3,3
80089,89,109,-20,20
80090,77,78,-1,1
80091,59,52,7,7
80092,64,94,-30,30
80093,82,76,6,6
80094,47,49,-2,2
80095,99,77,22,22
80096,104,101,3,3
80097,62,67,-5,5
80098,70,78,-8,8
80099,65,68,-3,3
80100,79,75,4,4
80101,86,83,3,3
80102,105,97,8,8
80103,91,93,-2,2
80104,117,105,12,12
80105,43,48,-5,5
80106,171,156,15,15
80107,115,111,4,4
80108,111,109,2,2
80109,73,73,0,0
80110,118,110,8,8
80111,84,75,9,9
80112,96,97,-1,1
80113,115,112,3,3
80114,172,150,22,22
80115,138,126,12,12
80116,130,115,15,15
80117,142,131,11,11
80118,92,95,-3,3
80119,71,67,4,4
80120,42,47,-5,5
80121,93,86,7,7
80122,116,103,13,13
80123,90,78,12,12
80124,74,75,-1,1
80125,56,63,-7,7
80126,139,121,18,18
80127,76,84,-8,8
80128,97,98,-1,1
80129,88,91,-3,3
80130,70,71,-1,1
80131,148,134,14,14
80132,70,68,2,2
80133,112,109,3,3
80134,81,66,15,15
80135,52,54,-2,2
80136,95,96,-1,1
80137,80,83,-3,3
80138,46,50,-4,4
80139,50,52,-2,2
80140,129,122,7,7
80141,90,91,-1,1
80142,132,109,23,23
80143,143,130,13,13
80144,130,143,-13,13
80145,147,135,12,12
80146,103,95,8,8
80147,61,66,-5,5
80148,88,92,-4,4
80149,158,142,16,16
80150,50,57,-7,7
80151,115,111,4,4
80152,86,87,-1,1
80153,95,88,7,7
80154,135,137,-2,2
80155,84,87,-3,3
80156,116,132,-16,16
80157,31,43,-12,12
80158,86,84,2,2
80159,87,78,9,9
80160,99,86,13,13
80161,61,68,-7,7
80162,66,65,1,1
80163,99,94,5,5
80164,83,70,13,13
80165,63,67,-4,4
80166,85,75,10,10
80167,90,88,2,2
80168,114,106,8,8
80169,77,76,1,1
80170,74,79,-5,5
80171,85,81,4,4
80172,49,96,-47,47
80173,29,41,-12,12
80174,77,69,8,8
80175,70,73,-3,3
80176,72,80,-8,8
80177,67,86,-19,19
80178,73,76,-3,3
80179,112,98,14,14
80180,153,148,5,5
80181,120,115,5,5
80182,96,94,2,2
80183,104,97,7,7
80184,74,80,-6,6
80185,50,60,-10,10
80186,74,71,3,3
80187,91,85,6,6
80188,100,98,2,2
80189,45,57,-12,12
80190,96,96,0,0
80191,57,56,1,1
80192,117,106,11,11
80193,116,106,10,10
80194,117,114,3,3
80195,85,89,-4,4
80196,90,90,0,0
80197,120,101,19,19
80198,63,72,-9,9
80199,131,141,-10,10
80200,55,60,-5,5
80201,159,159,0,0
80202,95,88,7,7
80203,91,88,3,3
80204,52,52,0,0
80205,73,66,7,7
80206,107,100,7,7
80207,73,78,-5,5
80208,144,127,17,17
80209,101,107,-6,6
80210,84,79,5,5
80211,72,81,-9,9
80212,100,109,-9,9
80213,57,63,-6,6
80214,89,81,8,8
80215,85,83,2,2
80216,136,132,4,4
80217,104,105,-1,1
80218,180,162,18,18
80219,88,86,2,2
80220,81,88,-7,7
80221,98,94,4,4
80222,63,56,7,7
80223,81,94,-13,13
80224,132,136,-4,4
80225,139,135,4,4
80226,156,138,18,18
80227,94,97,-3,3
80228,113,115,-2,2
80229,155,169,-14,14
80230,106,91,15,15
80231,71,71,0,0
80232,98,100,-2,2
80233,48,120,-72,72
80234,54,54,0,0
80235,86,83,3,3
80236,103,103,0,0
80237,148,133,15,15
80238,73,68,5,5
80239,135,136,-1,1
80240,93,90,3,3
80241,137,137,0,0
80242,82,77,5,5
80243,78,71,7,7
80244,95,99,-4,4
80245,74,72,2,2
80246,95,95,0,0
80247,64,66,-2,2
80248,100,102,-2,2
80249,95,96,-1,1
80250,28,43,-15,15
80251,38,44,-6,6
80252,92,89,3,3
80253,134,131,3,3
80254,68,71,-3,3
80255,117,109,8,8
80256,118,107,11,11
80257,79,74,5,5
80258,61,65,-4,4
80259,132,118,14,14
80260,98,104,-6,6
80261,70,74,-4,4
80262,117,108,9,9
80263,61,56,5,5
80264,69,67,2,2
80265,76,68,8,8
80266,56,65,-9,9
80267,108,101,7,7
80268,70,67,3,3
80269,53,53,0,0
80270,94,90,4,4
80271,158,152,6,6
80272,146,137,9,9
80273,94,91,3,3
80274,48,50,-2,2
80275,85,87,-2,2
80276,117,100,17,17
80277,119,109,10,10
80278,72,77,-5,5
80279,103,99,4,4
80280,85,82,3,3
80281,121,105,16,16
80282,66,74,-8,8
80283,177,180,-3,3
80284,85,81,4,4
80285,151,151,0,0
80286,57,56,1,1
80287,83,68,15,15
80288,68,64,4,4
80289,118,118,0,0
80290,70,69,1,1
80291,30,56,-26,26
80292,94,101,-7,7
80293,68,71,-3,3
80294,153,154,-1,1
80295,81,76,5,5
80296,106,99,7,7
80297,93,82,11,11
80298,152,150,2,2
80299,117,116,1,1
80300,121,111,10,10
80301,104,105,-1,1
80302,130,115,15,15
80303,113,107,6,6
80304,108,97,11,11
80305,110,98,12,12
80306,76,85,-9,9
80307,119,113,6,6
80308,79,66,13,13
80309,96,93,3,3
80310,74,92,-18,18
80311,71,65,6,6
80312,79,72,7,7
80313,62,69,-7,7
80314,67,69,-2,2
80315,149,125,24,24
80316,70,70,0,0
80317,87,84,3,3
80318,302,262,40,40
80319,51,54,-3,3
80320,73,70,3,3
80321,47,49,-2,2
80322,138,124,14,14
80323,155,142,13,13
80324,67,75,-8,8
80325,118,118,0,0
80326,73,75,-2,2
80327,67,68,-1,1
80328,43,61,-18,18
80329,101,101,0,0
80330,89,83,6,6
80331,67,71,-4,4
80332,148,139,9,9
80333,131,123,8,8
80334,73,65,8,8
80335,135,137,-2,2
80336,71,77,-6,6
80337,71,69,2,2
80338,108,91,17,17
80339,131,116,15,15
80340,115,125,-10,10
80341,56,64,-8,8
80342,84,82,2,2
80343,92,93,-1,1
80344,38,43,-5,5
80345,134,113,21,21
80346,75,78,-3,3
80347,124,106,18,18
80348,126,123,3,3
80349,103,112,-9,9
80350,57,57,0,0
80351,82,90,-8,8
80352,113,109,4,4
80353,103,111,-8,8
80354,119,104,15,15
80355,259,269,-10,10
80356,87,82,5,5
80357,180,145,35,35
80358,84,90,-6,6
80359,110,115,-5,5
80360,116,101,15,15
80361,114,114,0,0
80362,124,130,-6,6
80363,92,82,10,10
80364,86,90,-4,4
80365,85,85,0,0
80366,65,67,-2,2
80367,73,71,2,2
80368,72,75,-3,3
80369,108,107,1,1
80370,47,49,-2,2
80371,96,95,1,1
80372,66,72,-6,6
80373,70,78,-8,8
80374,134,125,9,9
80375,47,48,-1,1
80376,50,55,-5,5
80377,69,79,-10,10
80378,82,81,1,1
80379,103,94,9,9
80380,79,76,3,3
80381,82,82,0,0
80382,77,85,-8,8
80383,77,78,-1,1
80384,99,94,5,5
80385,99,96,3,3
80386,156,162,-6,6
80387,82,76,6,6
80388,123,110,13,13
80389,75,70,5,5
80390,47,55,-8,8
80391,32,42,-10,10
80392,72,76,-4,4
80393,92,87,5,5
80394,128,102,26,26
80395,100,100,0,0
80396,78,84,-6,6
80397,141,128,13,13
80398,361,268,93,93
80399,142,128,14,14
80400,28,64,-36,36
80401,53,55,-2,2
80402,80,82,-2,2
80403,81,84,-3,3
80404,181,149,32,32
80405,55,63,-8,8
80406,81,80,1,1
80407,58,63,-5,5
80408,28,36,-8,8
80409,76,81,-5,5
80410,77,84,-7,7
80411,125,116,9,9
80412,89,99,-10,10
80413,91,86,5,5
80414,103,106,-3,3
80415,97,97,0,0
80416,90,80,10,10
80417,69,71,-2,2
80418,140,135,5,5
80419,59,57,2,2
80420,140,132,8,8
80421,119,117,2,2
80422,86,91,-5,5
80423,71,73,-2,2
80424,179,166,13,13
80425,119,100,19,19
80426,115,103,12,12
80427,61,70,-9,9
80428,160,155,5,5
80429,127,125,2,2
80430,186,184,2,2
80431,95,96,-1,1
80432,73,80,-7,7
80433,86,81,5,5
80434,64,68,-4,4
80435,164,151,13,13
80436,80,75,5,5
80437,107,130,-23,23
80438,138,126,12,12
80439,95,91,4,4
80440,161,143,18,18
80441,81,80,1,1
80442,118,112,6,6
80443,102,96,6,6
80444,79,77,2,2
80445,83,83,0,0
80446,96,83,13,13
80447,99,98,1,1
80448,101,98,3,3
80449,73,74,-1,1
80450,151,139,12,12
80451,86,93,-7,7
80452,107,99,8,8
80453,102,92,10,10
80454,87,83,4,4
80455,110,100,10,10
80456,75,85,-10,10
80457,68,94,-26,26
80458,88,92,-4,4
80459,84,80,4,4
80460,81,79,2,2
80461,78,79,-1,1
80462,73,73,0,0
80463,103,92,11,11
80464,175,156,19,19
80465,122,114,8,8
80466,106,100,6,6
80467,53,49,4,4
80468,120,116,4,4
80469,135,130,5,5
80470,96,92,4,4
80471,69,72,-3,3
80472,86,85,1,1
80473,94,93,1,1
80474,46,51,-5,5
80475,93,93,0,0
80476,111,111,0,0
80477,54,56,-2,2
80478,63,56,7,7
80479,59,67,-8,8
80480,61,65,-4,4
80481,68,77,-9,9
80482,140,117,23,23
80483,79,74,5,5
80484,148,148,0,0
80485,114,110,4,4
80486,77,81,-4,4
80487,95,84,11,11
80488,53,49,4,4
80489,102,102,0,0
80490,150,148,2,2
80491,142,117,25,25
80492,123,121,2,2
80493,85,74,11,11
80494,86,78,8,8
80495,106,95,11,11
80496,123,111,12,12
80497,99,94,5,5
80498,78,70,8,8
80499,74,70,4,4
80500,83,76,7,7
80501,68,101,-33,33
80502,100,105,-5,5
80503,71,69,2,2
80504,85,69,16,16
80505,105,97,8,8
80506,132,127,5,5
80507,109,95,14,14
80508,95,91,4,4
80509,101,96,5,5
80510,49,54,-5,5
80511,37,44,-7,7
80512,80,87,-7,7
80513,66,54,12,12
80514,70,74,-4,4
80515,93,83,10,10
80516,54,61,-7,7
80517,99,103,-4,4
80518,100,95,5,5
80519,143,134,9,9
80520,67,61,6,6
80521,69,68,1,1
80522,72,87,-15,15
80523,88,94,-6,6
80524,116,89,27,27
80525,103,100,3,3
80526,129,128,1,1
80527,112,103,9,9
80528,47,50,-3,3
80529,80,79,1,1
80530,87,84,3,3
80531,102,101,1,1
80532,111,106,5,5
80533,113,112,1,1
80534,85,80,5,5
80535,57,65,-8,8
80536,110,103,7,7
80537,91,88,3,3
80538,127,119,8,8
80539,71,67,4,4
80540,110,97,13,13
80541,143,136,7,7
80542,90,91,-1,1
80543,122,105,17,17
80544,124,110,14,14
80545,53,54,-1,1
80546,77,82,-5,5
80547,35,44,-9,9
80548,63,74,-11,11
80549,115,107,8,8
80550,128,122,6,6
80551,99,97,2,2
80552,90,95,-5,5
80553,80,76,4,4
80554,98,94,4,4
80555,95,92,3,3
80556,138,132,6,6
80557,84,82,2,2
80558,129,130,-1,1
80559,101,87,14,14
80560,109,93,16,16
80561,142,134,8,8
80562,72,56,16,16
80563,110,106,4,4
80564,52,51,1,1
80565,66,83,-17,17
80566,69,72,-3,3
80567,79,75,4,4
80568,69,70,-1,1
80569,97,91,6,6
80570,96,88,8,8
80571,105,99,6,6
80572,144,135,9,9
80573,129,116,13,13
80574,75,78,-3,3
80575,111,101,10,10
80576,149,138,11,11
80577,110,112,-2,2
80578,73,73,0,0
80579,58,62,-4,4
80580,47,49,-2,2
80581,82,86,-4,4
80582,70,69,1,1
80583,124,104,20,20
80584,78,80,-2,2
80585,136,124,12,12
80586,147,151,-4,4
80587,84,97,-13,13
80588,121,109,12,12
80589,63,58,5,5
80590,94,90,4,4
80591,125,125,0,0
80592,82,89,-7,7
80593,158,134,24,24
80594,67,70,-3,3
80595,61,69,-8,8
80596,119,115,4,4
80597,65,70,-5,5
80598,86,91,-5,5
80599,98,83,15,15
80600,143,139,4,4
80601,105,105,0,0
80602,113,123,-10,10
80603,77,72,5,5
80604,107,110,-3,3
80605,58,66,-8,8
80606,145,137,8,8
80607,52,71,-19,19
80608,109,98,11,11
80609,71,73,-2,2
80610,64,67,-3,3
80611,129,117,12,12
80612,83,87,-4,4
80613,40,62,-22,22
80614,102,104,-2,2
80615,65,62,3,3
80616,100,86,14,14
80617,131,121,10,10
80618,90,85,5,5
80619,92,94,-2,2
80620,67,79,-12,12
80621,121,112,9,9
80622,126,112,14,14
80623,93,93,0,0
80624,157,148,9,9
80625,89,85,4,4
80626,53,58,-5,5
80627,96,88,8,8
80628,111,97,14,14
80629,121,112,9,9
80630,67,77,-10,10
80631,59,57,2,2
80632,88,89,-1,1
80633,71,81,-10,10
80634,57,59,-2,2
80635,118,108,10,10
80636,78,71,7,7
80637,118,108,10,10
80638,85,83,2,2
80639,102,99,3,3
80640,69,77,-8,8
80641,179,176,3,3
80642,94,106,-12,12
80643,100,100,0,0
80644,91,84,7,7
80645,139,140,-1,1
80646,77,81,-4,4
80647,64,66,-2,2
80648,64,62,2,2
80649,137,133,4,4
80650,113,110,3,3
80651,93,85,8,8
80652,100,102,-2,2
80653,88,84,4,4
80654,87,85,2,2
80655,144,134,10,10
80656,41,53,-12,12
80657,51,60,-9,9
80658,78,76,2,2
80659,72,67,5,5
80660,66,68,-2,2
80661,58,67,-9,9
80662,123,119,4,4
80663,90,84,6,6
80664,56,51,5,5
80665,98,80,18,18
80666,91,87,4,4
80667,126,110,16,16
80668,68,61,7,7
80669,117,103,14,14
80670,46,54,-8,8
80671,71,74,-3,3
80672,111,101,10,10
80673,89,83,6,6
80674,58,65,-7,7
80675,104,102,2,2
80676,110,98,12,12
80677,101,96,5,5
80678,203,209,-6,6
80679,90,88,2,2
80680,82,77,5,5
80681,133,116,17,17
80682,67,67,0,0
80683,75,75,0,0
80684,90,84,6,6
80685,91,82,9,9
80686,91,90,1,1
80687,67,67,0,0
80688,122,113,9,9
80689,59,65,-6,6
80690,40,47,-7,7
80691,104,93,11,11
80692,118,117,1,1
80693,92,83,9,9
80694,157,158,-1,1
80695,65,67,-2,2
80696,60,66,-6,6
80697,100,94,6,6
80698,31,42,-11,11
80699,94,87,7,7
80700,45,49,-4,4
80701,109,100,9,9
80702,85,77,8,8
80703,86,93,-7,7
80704,185,166,19,19
80705,97,93,4,4
80706,69,58,11,11
80707,194,183,11,11
80708,63,79,-16,16
80709,141,137,4,4
80710,87,73,14,14
80711,131,118,13,13
80712,152,137,15,15
80713,96,92,4,4
80714,111,106,5,5
80715,92,82,10,10
80716,108,100,8,8
80717,83,77,6,6
80718,52,58,-6,6
80719,103,101,2,2
80720,189,173,16,16
80721,80,68,12,12
80722,149,137,12,12
80723,146,127,19,19
80724,66,65,1,1
80725,38,45,-7,7
80726,124,127,-3,3
80727,55,59,-4,4
80728,141,114,27,27
80729,83,112,-29,29
80730,144,140,4,4
80731,127,125,2,2
80732,80,71,9,9
80733,125,113,12,12
80734,115,104,11,11
80735,79,81,-2,2
80736,73,74,-1,1
80737,92,70,22,22
80738,84,86,-2,2
80739,103,99,4,4
80740,104,109,-5,5
80741,101,102,-1,1
80742,92,91,1,1
80743,169,150,19,19
80744,53,50,3,3
80745,114,99,15,15
80746,138,134,4,4
80747,86,82,4,4
80748,85,84,1,1
80749,147,139,8,8
80750,58,66,-8,8
80751,128,124,4,4
80752,65,67,-2,2
80753,89,83,6,6
80754,95,93,2,2
80755,84,91,-7,7
80756,115,105,10,10
80757,142,128,14,14
80758,120,110,10,10
80759,102,110,-8,8
80760,121,137,-16,16
80761,48,55,-7,7
80762,127,102,25,25
80763,76,69,7,7
80764,133,119,14,14
80765,108,100,8,8
80766,67,65,2,2
80767,33,43,-10,10
80768,148,130,18,18
80769,115,96,19,19
80770,68,94,-26,26
80771,132,139,-7,7
80772,167,149,18,18
80773,145,148,-3,3
80774,126,122,4,4
80775,72,65,7,7
80776,108,109,-1,1
80777,75,80,-5,5
80778,66,74,-8,8
80779,72,67,5,5
80780,99,92,7,7
80781,67,66,1,1
80782,113,109,4,4
80783,108,100,8,8
80784,94,88,6,6
80785,57,66,-9,9
80786,97,82,15,15
80787,64,69,-5,5
80788,127,121,6,6
80789,90,79,11,11
80790,185,176,9,9
80791,110,96,14,14
80792,59,65,-6,6
80793,119,108,11,11
80794,88,93,-5,5
80795,196,173,23,23
80796,95,92,3,3
80797,69,78,-9,9
80798,159,158,1,1
80799,66,89,-23,23
80800,100,84,16,16
80801,90,92,-2,2
80802,71,67,4,4
80803,63,65,-2,2
80804,104,93,11,11
80805,64,72,-8,8
80806,67,76,-9,9
80807,71,74,-3,3
80808,155,139,16,16
80809,89,80,9,9
80810,128,118,10,10
80811,95,95,0,0
80812,51,51,0,0
80813,118,110,8,8
80814,102,98,4,4
80815,124,118,6,6
80816,68,71,-3,3
80817,50,50,0,0
80818,86,91,-5,5
80819,89,87,2,2
80820,113,100,13,13
80821,126,119,7,7
80822,64,76,-12,12
80823,120,118,2,2
80824,62,67,-5,5
80825,73,88,-15,15
80826,145,136,9,9
80827,63,65,-2,2
80828,80,86,-6,6
80829,82,82,0,0
80830,41,42,-1,1
80831,93,93,0,0
80832,107,102,5,5
80833,60,61,-1,1
80834,93,87,6,6
80835,97,94,3,3
80836,90,89,1,1
80837,111,114,-3,3
80838,57,63,-6,6
80839,75,71,4,4
80840,54,64,-10,10
80841,55,73,-18,18
80842,84,84,0,0
80843,95,91,4,4
80844,101,88,13,13
80845,91,88,3,3
80846,65,66,-1,1
80847,59,65,-6,6
80848,112,107,5,5
80849,164,155,9,9
80850,61,67,-6,6
80851,75,80,-5,5
80852,149,137,12,12
80853,152,135,17,17
80854,65,69,-4,4
80855,90,84,6,6
80856,96,97,-1,1
80857,105,103,2,2
80858,75,89,-14,14
80859,61,65,-4,4
80860,102,95,7,7
80861,96,89,7,7
80862,96,87,9,9
80863,89,83,6,6
80864,100,98,2,2
80865,96,86,10,10
80866,57,60,-3,3
80867,67,73,-6,6
80868,148,136,12,12
80869,108,103,5,5
80870,50,51,-1,1
80871,151,138,13,13
80872,72,78,-6,6
80873,55,63,-8,8
80874,166,139,27,27
80875,75,78,-3,3
80876,154,131,23,23
80877,71,77,-6,6
80878,77,80,-3,3
80879,72,65,7,7
80880,79,81,-2,2
80881,166,149,17,17
80882,72,74,-2,2
80883,91,88,3,3
80884,80,81,-1,1
80885,111,86,25,25
80886,81,85,-4,4
80887,74,71,3,3
80888,129,119,10,10
80889,120,109,11,11
80890,79,73,6,6
80891,95,94,1,1
80892,82,88,-6,6
80893,124,110,14,14
80894,73,72,1,1
80895,328,447,-119,119
80896,95,84,11,11
80897,90,85,5,5
80898,105,102,3,3
80899,131,124,7,7
80900,96,97,-1,1
80901,64,59,5,5
80902,129,104,25,25
80903,84,74,10,10
80904,126,115,11,11
80905,132,126,6,6
80906,108,108,0,0
80907,74,74,0,0
80908,122,115,7,7
80909,96,102,-6,6
80910,172,175,-3,3
80911,150,133,17,17
80912,82,81,1,1
80913,119,120,-1,1
80914,42,49,-7,7
80915,125,109,16,16
80916,47,46,1,1
80917,78,72,6,6
80918,51,55,-4,4
80919,56,65,-9,9
80920,100,105,-5,5
80921,105,98,7,7
80922,241,191,50,50
80923,148,132,16,16
80924,49,49,0,0
80925,116,111,5,5
80926,45,43,2,2
80927,89,79,10,10
80928,83,85,-2,2
80929,106,104,2,2
80930,84,92,-8,8
80931,82,80,2,2
80932,69,74,-5,5
80933,87,87,0,0
80934,85,100,-15,15
80935,75,69,6,6
80936,142,138,4,4
80937,84,83,1,1
80938,112,92,20,20
80939,74,81,-7,7
80940,82,83,-1,1
80941,96,96,0,0
80942,106,101,5,5
80943,41,53,-12,12
80944,70,66,4,4
80945,62,62,0,0
80946,108,106,2,2
80947,115,102,13,13
80948,79,74,5,5
80949,101,97,4,4
80950,73,71,2,2
80951,69,74,-5,5
80952,42,44,-2,2
80953,130,122,8,8
80954,74,65,9,9
80955,69,71,-2,2
80956,112,102,10,10
80957,95,96,-1,1
80958,56,56,0,0
80959,98,89,9,9
80960,93,97,-4,4
80961,93,88,5,5
80962,99,98,1,1
80963,137,122,15,15
80964,127,124,3,3
80965,82,77,5,5
80966,58,69,-11,11
80967,83,79,4,4
80968,130,118,12,12
80969,99,83,16,16
80970,134,127,7,7
80971,134,120,14,14
80972,73,71,2,2
80973,98,109,-11,11
80974,56,58,-2,2
80975,106,106,0,0
80976,157,144,13,13
80977,70,70,0,0
80978,105,102,3,3
80979,108,111,-3,3
80980,65,67,-2,2
80981,82,75,7,7
80982,75,74,1,1
80983,88,89,-1,1
80984,79,78,1,1
80985,85,92,-7,7
80986,98,91,7,7
80987,70,72,-2,2
80988,132,132,0,0
80989,121,105,16,16
80990,120,133,-13,13
80991,131,114,17,17
80992,100,102,-2,2
80993,103,100,3,3
80994,89,82,7,7
80995,87,87,0,0
80996,63,69,-6,6
80997,101,89,12,12
80998,80,73,7,7
80999,60,58,2,2
81000,53,54,-1,1
81001,147,130,17,17
81002,83,81,2,2
81003,91,90,1,1
81004,120,108,12,12
81005,79,76,3,3
81006,66,60,6,6
81007,126,98,28,28
81008,155,138,17,17
81009,73,74,-1,1
81010,75,73,2,2
81011,110,109,1,1
81012,87,85,2,2
81013,92,87,5,5
81014,133,129,4,4
81015,100,95,5,5
81016,89,88,1,1
81017,73,78,-5,5
81018,56,58,-2,2
81019,117,104,13,13
81020,77,66,11,11
81021,58,54,4,4
81022,132,128,4,4
81023,149,125,24,24
81024,60,55,5,5
81025,88,79,9,9
81026,118,104,14,14
81027,71,79,-8,8
81028,158,148,10,10
81029,143,122,21,21
81030,63,72,-9,9
81031,49,55,-6,6
81032,111,104,7,7
81033,121,120,1,1
81034,97,86,11,11
81035,116,109,7,7
81036,58,55,3,3
81037,66,65,1,1
81038,63,65,-2,2
81039,54,48,6,6
81040,83,85,-2,2
81041,66,71,-5,5
81042,48,51,-3,3
81043,69,79,-10,10
81044,39,66,-27,27
81045,158,129,29,29
81046,48,53,-5,5
81047,63,61,2,2
81048,93,98,-5,5
81049,87,93,-6,6
81050,64,66,-2,2
81051,148,117,31,31
81052,58,61,-3,3
81053,51,59,-8,8
81054,53,64,-11,11
81055,138,132,6,6
81056,75,78,-3,3
81057,94,92,2,2
81058,49,59,-10,10
81059,132,135,-3,3
81060,98,94,4,4
81061,97,100,-3,3
81062,100,90,10,10
81063,107,97,10,10
81064,65,67,-2,2
81065,67,67,0,0
81066,54,54,0,0
81067,123,118,5,5
81068,133,118,15,15
81069,105,122,-17,17
81070,91,94,-3,3
81071,121,114,7,7
81072,81,86,-5,5
81073,59,68,-9,9
81074,154,131,23,23
81075,85,84,1,1
81076,80,93,-13,13
81077,181,165,16,16
81078,112,103,9,9
81079,80,77,3,3
81080,140,123,17,17
81081,92,78,14,14
81082,87,79,8,8
81083,62,77,-15,15
81084,136,120,16,16
81085,74,70,4,4
81086,74,71,3,3
81087,45,46,-1,1
81088,87,85,2,2
81089,81,75,6,6
81090,37,44,-7,7
81091,73,71,2,2
81092,81,82,-1,1
81093,119,112,7,7
81094,139,134,5,5
81095,106,105,1,1
81096,105,102,3,3
81097,129,122,7,7
81098,97,97,0,0
81099,94,114,-20,20
81100,89,107,-18,18
81101,84,82,2,2
81102,182,155,27,27
81103,44,50,-6,6
81104,98,90,8,8
81105,83,75,8,8
81106,159,146,13,13
81107,61,64,-3,3
81108,145,124,21,21
81109,113,127,-14,14
81110,74,77,-3,3
81111,44,46,-2,2
81112,70,80,-10,10
81113,87,102,-15,15
81114,156,135,21,21
81115,78,79,-1,1
81116,99,89,10,10
81117,120,105,15,15
81118,100,109,-9,9
81119,90,81,9,9
81120,90,94,-4,4
81121,126,125,1,1
81122,59,49,10,10
81123,82,77,5,5
81124,71,92,-21,21
81125,87,82,5,5
81126,72,79,-7,7
81127,112,103,9,9
81128,65,64,1,1
81129,68,71,-3,3
81130,62,66,-4,4
81131,130,124,6,6
81132,60,65,-5,5
81133,100,102,-2,2
81134,48,53,-5,5
81135,97,96,1,1
81136,85,76,9,9
81137,143,115,28,28
81138,112,110,2,2
81139,70,74,-4,4
81140,107,115,-8,8
81141,103,100,3,3
81142,79,73,6,6
81143,65,60,5,5
81144,74,69,5,5
81145,62,65,-3,3
81146,146,143,3,3
81147,138,132,6,6
81148,109,105,4,4
81149,57,55,2,2
81150,81,80,1,1
81151,100,98,2,2
81152,55,67,-12,12
81153,71,74,-3,3
81154,137,119,18,18
81155,173,159,14,14
81156,53,60,-7,7
81157,69,68,1,1
81158,115,97,18,18
81159,71,78,-7,7
81160,129,119,10,10
81161,142,124,18,18
81162,48,51,-3,3
81163,77,76,1,1
81164,81,90,-9,9
81165,103,93,10,10
81166,75,75,0,0
81167,86,81,5,5
81168,105,103,2,2
81169,61,54,7,7
81170,109,102,7,7
81171,98,92,6,6
81172,153,147,6,6
81173,50,58,-8,8
81174,178,160,18,18
81175,85,77,8,8
81176,118,112,6,6
81177,94,81,13,13
81178,116,95,21,21
81179,92,84,8,8
81180,96,92,4,4
81181,44,51,-7,7
81182,96,89,7,7
81183,146,120,26,26
81184,90,75,15,15
81185,86,85,1,1
81186,112,111,1,1
81187,102,108,-6,6
81188,47,47,0,0
81189,107,94,13,13
81190,52,66,-14,14
81191,122,118,4,4
81192,84,76,8,8
81193,76,75,1,1
81194,72,74,-2,2
81195,181,159,22,22
81196,71,77,-6,6
81197,92,93,-1,1
81198,152,144,8,8
81199,133,130,3,3
81200,97,97,0,0
81201,135,131,4,4
81202,75,81,-6,6
81203,99,98,1,1
81204,92,117,-25,25
81205,113,116,-3,3
81206,65,65,0,0
81207,100,99,1,1
81208,124,120,4,4
81209,82,82,0,0
81210,111,114,-3,3
81211,101,96,5,5
81212,60,62,-2,2
81213,141,126,15,15
81214,69,71,-2,2
81215,141,138,3,3
81216,111,96,15,15
81217,169,160,9,9
81218,126,117,9,9
81219,75,81,-6,6
81220,120,108,12,12
81221,141,141,0,0
81222,104,116,-12,12
81223,48,55,-7,7
81224,93,89,4,4
81225,140,127,13,13
81226,97,82,15,15
81227,110,98,12,12
81228,45,43,2,2
81229,92,92,0,0
81230,87,77,10,10
81231,90,81,9,9
81232,68,71,-3,3
81233,64,70,-6,6
81234,59,54,5,5
81235,135,126,9,9
81236,52,60,-8,8
81237,121,125,-4,4
81238,78,79,-1,1
81239,97,100,-3,3
81240,64,87,-23,23
81241,113,110,3,3
81242,83,82,1,1
81243,79,74,5,5
81244,77,82,-5,5
81245,56,60,-4,4
81246,156,146,10,10
81247,134,125,9,9
81248,66,70,-4,4
81249,113,110,3,3
81250,89,85,4,4
81251,95,97,-2,2
81252,98,95,3,3
81253,137,138,-1,1
81254,113,101,12,12
81255,173,154,19,19
81256,122,114,8,8
81257,92,85,7,7
81258,142,128,14,14
81259,82,80,2,2
81260,42,46,-4,4
81261,116,133,-17,17
81262,89,88,1,1
81263,140,133,7,7
81264,130,104,26,26
81265,80,75,5,5
81266,113,116,-3,3
81267,60,60,0,0
81268,143,165,-22,22
81269,86,79,7,7
81270,126,116,10,10
81271,75,70,5,5
81272,120,110,10,10
81273,125,111,14,14
81274,195,177,18,18
81275,71,71,0,0
81276,131,129,2,2
81277,111,108,3,3
81278,89,95,-6,6
81279,93,90,3,3
81280,80,81,-1,1
81281,80,75,5,5
81282,46,47,-1,1
81283,134,123,11,11
81284,83,83,0,0
81285,145,137,8,8
81286,80,81,-1,1
81287,82,73,9,9
81288,86,76,10,10
81289,62,68,-6,6
81290,46,51,-5,5
81291,112,104,8,8
81292,99,94,5,5
81293,145,126,19,19
81294,166,160,6,6
81295,45,50,-5,5
81296,126,105,21,21
81297,89,82,7,7
81298,99,101,-2,2
81299,77,77,0,0
81300,119,101,18,18
81301,93,107,-14,14
81302,102,106,-4,4
81303,62,62,0,0
81304,57,58,-1,1
81305,63,66,-3,3
81306,56,66,-10,10
81307,137,131,6,6
81308,101,95,6,6
81309,90,81,9,9
81310,136,125,11,11
81311,70,67,3,3
81312,81,83,-2,2
81313,66,66,0,0
81314,93,89,4,4
81315,73,72,1,1
81316,90,87,3,3
81317,83,82,1,1
81318,89,77,12,12
81319,103,102,1,1
81320,105,93,12,12
81321,83,100,-17,17
81322,115,115,0,0
81323,99,112,-13,13
81324,85,89,-4,4
81325,73,78,-5,5
81326,80,83,-3,3
81327,49,60,-11,11
81328,80,76,4,4
81329,63,65,-2,2
81330,33,44,-11,11
81331,178,175,3,3
81332,105,123,-18,18
81333,41,58,-17,17
81334,92,93,-1,1
81335,98,93,5,5
81336,71,74,-3,3
81337,30,39,-9,9
81338,62,65,-3,3
81339,126,138,-12,12
81340,102,97,5,5
81341,122,118,4,4
81342,79,81,-2,2
81343,152,136,16,16
81344,159,141,18,18
81345,161,157,4,4
81346,71,67,4,4
81347,84,86,-2,2
81348,118,103,15,15
81349,73,73,0,0
81350,118,115,3,3
81351,102,85,17,17
81352,69,80,-11,11
81353,101,90,11,11
81354,127,114,13,13
81355,84,77,7,7
81356,40,42,-2,2
81357,70,69,1,1
81358,135,118,17,17
81359,77,79,-2,2
81360,78,81,-3,3
81361,70,72,-2,2
81362,73,79,-6,6
81363,85,84,1,1
81364,106,99,7,7
81365,151,140,11,11
81366,153,151,2,2
81367,133,117,16,16
81368,121,113,8,8
81369,110,105,5,5
81370,71,80,-9,9
81371,98,96,2,2
81372,126,126,0,0
81373,86,85,1,1
81374,77,80,-3,3
81375,198,170,28,28
81376,133,125,8,8
81377,124,122,2,2
81378,90,82,8,8
81379,60,64,-4,4
81380,80,90,-10,10
81381,47,51,-4,4
81382,82,73,9,9
81383,119,93,26,26
81384,66,66,0,0
81385,136,114,22,22
81386,141,125,16,16
81387,50,66,-16,16
81388,71,76,-5,5
81389,98,92,6,6
81390,121,102,19,19
81391,81,88,-7,7
81392,117,108,9,9
81393,112,109,3,3
81394,94,93,1,1
81395,55,72,-17,17
81396,97,106,-9,9
81397,92,96,-4,4
81398,137,135,2,2
81399,54,57,-3,3
81400,140,134,6,6
81401,138,124,14,14
81402,85,83,2,2
81403,84,89,-5,5
81404,104,101,3,3
81405,113,110,3,3
81406,109,113,-4,4
81407,76,90,-14,14
81408,79,81,-2,2
81409,65,65,0,0
81410,81,77,4,4
81411,131,112,19,19
81412,204,172,32,32
81413,77,72,5,5
81414,161,139,22,22
81415,97,96,1,1
81416,110,95,15,15
81417,76,78,-2,2
81418,70,67,3,3
81419,122,119,3,3
81420,52,56,-4,4
81421,121,116,5,5
81422,89,87,2,2
81423,99,87,12,12
81424,62,63,-1,1
81425,117,106,11,11
81426,92,93,-1,1
81427,169,156,13,13
81428,122,111,11,11
81429,88,93,-5,5
81430,94,90,4,4
81431,163,128,35,35
81432,72,72,0,0
81433,87,91,-4,4
81434,104,109,-5,5
81435,51,57,-6,6
81436,57,54,3,3
81437,149,138,11,11
81438,87,88,-1,1
81439,109,107,2,2
81440,120,106,14,14
81441,79,73,6,6
81442,129,121,8,8
81443,162,141,21,21
81444,133,130,3,3
81445,82,81,1,1
81446,110,107,3,3
81447,180,159,21,21
81448,104,96,8,8
81449,134,123,11,11
81450,114,102,12,12
81451,130,134,-4,4
81452,94,97,-3,3
81453,182,157,25,25
81454,93,95,-2,2
81455,74,79,-5,5
81456,66,69,-3,3
81457,164,253,-89,89
81458,125,164,-39,39
81459,74,81,-7,7
81460,148,142,6,6
81461,69,72,-3,3
81462,98,93,5,5
81463,71,74,-3,3
81464,107,100,7,7
81465,133,114,19,19
81466,72,69,3,3
81467,68,67,1,1
81468,97,93,4,4
81469,185,156,29,29
81470,184,172,12,12
81471,106,113,-7,7
81472,143,137,6,6
81473,82,94,-12,12
81474,47,60,-13,13
81475,82,73,9,9
81476,97,82,15,15
81477,58,63,-5,5
81478,115,105,10,10
81479,137,113,24,24
81480,112,107,5,5
81481,101,96,5,5
81482,56,57,-1,1
81483,80,73,7,7
81484,79,81,-2,2
81485,186,160,26,26
81486,79,68,11,11
81487,80,70,10,10
81488,85,79,6,6
81489,123,109,14,14
81490,94,85,9,9
81491,71,85,-14,14
81492,83,82,1,1
81493,45,48,-3,3
81494,120,137,-17,17
81495,165,151,14,14
81496,73,74,-1,1
81497,87,81,6,6
81498,80,82,-2,2
81499,132,134,-2,2
81500,82,75,7,7
81501,77,76,1,1
81502,62,67,-5,5
81503,74,73,1,1
81504,87,89,-2,2
81505,142,130,12,12
81506,119,108,11,11
81507,62,61,1,1
